[name]
unknown

[dist]
# distance from previous block
# <min> <max>
6	332

[block]
# block no. 0 follows, 12 sequences, length 14
# corresponding to MSA columns:
# 347-360
name=unknown_A
#
# <colnr> <probs for GDERKNQSTAVLIFYWHMCP>
#	G	D	E	R	K	N	Q	S	T	A	V	L	I	F	Y	W	H	M	C	P
0	0.03294	0.07355	0.18013	0.02848	0.07949	0.09936	0.02545	0.04449	0.12124	0.16247	0.02938	0.02931	0.02103	0.01196	0.01040	0.00330	0.01297	0.00943	0.00820	0.01642
1	0.03811	0.02468	0.02906	0.02884	0.12625	0.09363	0.01934	0.04269	0.02815	0.27587	0.03021	0.02976	0.02110	0.01133	0.01017	0.00290	0.01113	0.00924	0.00941	0.15813
2	0.61161	0.02211	0.02197	0.01823	0.02550	0.02484	0.07302	0.03241	0.01944	0.04720	0.01603	0.01915	0.01239	0.01001	0.00750	0.00341	0.00966	0.00676	0.00660	0.01216
3	0.02286	0.02079	0.02990	0.39277	0.05883	0.02523	0.02575	0.03833	0.19836	0.03404	0.02808	0.03311	0.02106	0.01226	0.01097	0.00366	0.01248	0.01061	0.00702	0.01390
4	0.03503	0.09523	0.03383	0.03142	0.14644	0.02394	0.02151	0.07186	0.02803	0.22966	0.03257	0.04080	0.02579	0.01458	0.01308	0.00353	0.06178	0.06564	0.00921	0.01610
5	0.01328	0.00949	0.01265	0.01518	0.01581	0.00886	0.01012	0.01518	0.02088	0.02783	0.06010	0.60969	0.07212	0.03416	0.01392	0.00443	0.00633	0.03100	0.01012	0.00886
6	0.01864	0.01519	0.01938	0.01772	0.01772	0.01852	0.01261	0.01947	0.01615	0.02292	0.02738	0.05482	0.03083	0.40877	0.04864	0.00855	0.21462	0.01366	0.00597	0.00846
7	0.01558	0.01168	0.01752	0.01752	0.01947	0.01363	0.01363	0.01947	0.01752	0.02531	0.02921	0.04283	0.02726	0.08178	0.57360	0.01752	0.02921	0.01168	0.00584	0.00974
8	0.01987	0.01229	0.01596	0.01545	0.01797	0.01199	0.01164	0.02343	0.06693	0.06676	0.16819	0.06622	0.11420	0.02812	0.02321	0.24012	0.00788	0.07142	0.00901	0.00935
9	0.01513	0.01044	0.01295	0.01424	0.01482	0.01020	0.00942	0.01652	0.01900	0.02522	0.04719	0.28016	0.05497	0.31833	0.03439	0.00751	0.00891	0.08428	0.00839	0.00792
10	0.03951	0.01881	0.02393	0.01910	0.02619	0.01776	0.01549	0.10316	0.06726	0.35441	0.14579	0.04530	0.04228	0.01538	0.01136	0.00339	0.00870	0.01275	0.01270	0.01673
11	0.02619	0.04488	0.37758	0.02982	0.04319	0.02466	0.07707	0.04000	0.09336	0.09877	0.02600	0.02771	0.01830	0.01123	0.01076	0.00350	0.01448	0.00943	0.00664	0.01644
12	0.04319	0.02440	0.03065	0.02746	0.09289	0.02457	0.02006	0.24080	0.03874	0.29204	0.03335	0.03137	0.02233	0.01287	0.01092	0.00332	0.01084	0.01034	0.01145	0.01840
13	0.05955	0.03405	0.23454	0.02891	0.08014	0.02227	0.05985	0.03422	0.09285	0.03761	0.09208	0.03488	0.02956	0.01706	0.04876	0.00431	0.01347	0.01066	0.00691	0.05830

[dist]
# distance from previous block
# <min> <max>
0	20

[block]
# block no. 1 follows, 12 sequences, length 22
# corresponding to MSA columns:
# 381-402
name=unknown_B
#
# <colnr> <probs for GDERKNQSTAVLIFYWHMCP>
#	G	D	E	R	K	N	Q	S	T	A	V	L	I	F	Y	W	H	M	C	P
0	0.03450	0.07493	0.11650	0.02751	0.07236	0.14162	0.02292	0.10949	0.07334	0.13470	0.02886	0.06556	0.02278	0.01335	0.01054	0.00327	0.01318	0.01049	0.00836	0.01574
1	0.12205	0.28296	0.04020	0.05728	0.03180	0.07591	0.01891	0.13771	0.02932	0.08228	0.02024	0.02193	0.01580	0.01083	0.00860	0.00288	0.01191	0.00746	0.00710	0.01483
2	0.11792	0.06817	0.02379	0.01733	0.02383	0.01939	0.01388	0.03599	0.09714	0.15006	0.02732	0.02957	0.02090	0.01673	0.01595	0.14164	0.00905	0.00881	0.00824	0.15429
3	0.03022	0.03010	0.18503	0.02626	0.07186	0.02048	0.02395	0.07748	0.06183	0.18290	0.07398	0.10301	0.03330	0.01546	0.01127	0.00353	0.01111	0.01306	0.00932	0.01584
4	0.03463	0.03205	0.15082	0.02448	0.03416	0.02627	0.02331	0.18161	0.16993	0.15788	0.03315	0.03169	0.02323	0.01301	0.01084	0.00345	0.01146	0.01033	0.01005	0.01764
5	0.02751	0.15327	0.10267	0.08192	0.22185	0.02683	0.02642	0.03373	0.02402	0.07602	0.02088	0.02487	0.01660	0.00987	0.00956	0.00288	0.01215	0.00832	0.00594	0.11469
6	0.02261	0.01938	0.02261	0.01615	0.02584	0.01453	0.01292	0.02745	0.02261	0.03553	0.01938	0.02261	0.01615	0.00807	0.00807	0.00161	0.00807	0.00646	0.00646	0.68346
7	0.01619	0.01237	0.01518	0.01644	0.01833	0.01258	0.01154	0.02406	0.12185	0.03269	0.09813	0.45260	0.06709	0.02933	0.01327	0.00420	0.00668	0.02636	0.01047	0.01063
8	0.01514	0.01090	0.01440	0.01453	0.01668	0.01016	0.01082	0.01958	0.02827	0.03945	0.40151	0.19810	0.09315	0.02545	0.01326	0.00377	0.00578	0.05767	0.01145	0.00996
9	0.01359	0.00962	0.01256	0.01479	0.01535	0.00906	0.00970	0.01526	0.02028	0.02704	0.05703	0.54566	0.06825	0.10346	0.01886	0.00516	0.00683	0.02920	0.00970	0.00859
10	0.01894	0.00947	0.01420	0.01420	0.01420	0.00947	0.00947	0.01420	0.01420	0.01894	0.01894	0.03314	0.01894	0.03788	0.04261	0.68277	0.00947	0.00947	0.00473	0.00473
11	0.01564	0.01168	0.01434	0.01583	0.01720	0.01176	0.01076	0.02159	0.09545	0.02967	0.05471	0.46150	0.06251	0.10059	0.01844	0.00505	0.00717	0.02643	0.00985	0.00983
12	0.03851	0.04863	0.03585	0.03073	0.03715	0.49235	0.09327	0.04227	0.03014	0.02790	0.01762	0.02110	0.01441	0.01093	0.01028	0.00294	0.01947	0.00789	0.00560	0.01295
13	0.69383	0.02109	0.01603	0.01434	0.02109	0.02446	0.01181	0.03205	0.01856	0.04892	0.01518	0.01771	0.01181	0.01012	0.00675	0.00337	0.00843	0.00590	0.00675	0.01181
14	0.69383	0.02109	0.01603	0.01434	0.02109	0.02446	0.01181	0.03205	0.01856	0.04892	0.01518	0.01771	0.01181	0.01012	0.00675	0.00337	0.00843	0.00590	0.00675	0.01181
15	0.02261	0.01938	0.02261	0.01615	0.02584	0.01453	0.01292	0.02745	0.02261	0.03553	0.01938	0.02261	0.01615	0.00807	0.00807	0.00161	0.00807	0.00646	0.00646	0.68346
16	0.69383	0.02109	0.01603	0.01434	0.02109	0.02446	0.01181	0.03205	0.01856	0.04892	0.01518	0.01771	0.01181	0.01012	0.00675	0.00337	0.00843	0.00590	0.00675	0.01181
17	0.02629	0.01591	0.01653	0.01437	0.01866	0.01684	0.01132	0.16283	0.03088	0.04857	0.03292	0.03657	0.02529	0.01281	0.00855	0.00275	0.00703	0.01007	0.48929	0.01253
18	0.04145	0.03054	0.03272	0.02509	0.03381	0.03381	0.02072	0.51243	0.05127	0.06872	0.02618	0.02618	0.01854	0.01309	0.01091	0.00327	0.01200	0.00982	0.01091	0.01854
19	0.03866	0.02889	0.03123	0.02377	0.03263	0.03096	0.01957	0.44070	0.04703	0.06381	0.02517	0.02565	0.01819	0.01235	0.01049	0.00303	0.01142	0.00932	0.01025	0.11689
20	0.01345	0.01032	0.01233	0.01340	0.01547	0.00920	0.00945	0.01616	0.02386	0.03080	0.15061	0.34029	0.25561	0.02992	0.01337	0.00400	0.00585	0.02630	0.01040	0.00920
21	0.40845	0.01745	0.01642	0.01531	0.02058	0.01884	0.01194	0.03034	0.02104	0.11641	0.03188	0.18756	0.03102	0.01739	0.00938	0.00367	0.00796	0.01372	0.00868	0.01195

[dist]
# distance from previous block
# <min> <max>
0	1

[block]
# block no. 2 follows, 12 sequences, length 15
# corresponding to MSA columns:
# 404-418
name=unknown_C
#
# <colnr> <probs for GDERKNQSTAVLIFYWHMCP>
#	G	D	E	R	K	N	Q	S	T	A	V	L	I	F	Y	W	H	M	C	P
0	0.69383	0.02109	0.01603	0.01434	0.02109	0.02446	0.01181	0.03205	0.01856	0.04892	0.01518	0.01771	0.01181	0.01012	0.00675	0.00337	0.00843	0.00590	0.00675	0.01181
1	0.02014	0.01177	0.01439	0.01413	0.01558	0.01140	0.00946	0.02146	0.01937	0.09201	0.04031	0.11286	0.04331	0.42236	0.04161	0.00849	0.01003	0.07439	0.00818	0.00874
2	0.01597	0.01131	0.01526	0.01745	0.01904	0.01111	0.01376	0.01934	0.02255	0.02961	0.05548	0.27275	0.06278	0.10698	0.01990	0.00554	0.00891	0.27340	0.00962	0.00922
3	0.03171	0.02871	0.04545	0.03394	0.04323	0.02976	0.23996	0.21286	0.12874	0.04920	0.02771	0.03033	0.02039	0.01165	0.01182	0.00353	0.01424	0.01166	0.00851	0.01658
4	0.02187	0.05640	0.56031	0.03108	0.04719	0.02532	0.04029	0.03453	0.02302	0.03453	0.01957	0.02302	0.01381	0.01036	0.01036	0.00345	0.01611	0.00806	0.00460	0.01611
5	0.01886	0.01826	0.02575	0.02319	0.02660	0.07223	0.11917	0.02243	0.02298	0.02925	0.04733	0.42219	0.05399	0.02635	0.01326	0.00410	0.01034	0.02456	0.00865	0.01052
6	0.69383	0.02109	0.01603	0.01434	0.02109	0.02446	0.01181	0.03205	0.01856	0.04892	0.01518	0.01771	0.01181	0.01012	0.00675	0.00337	0.00843	0.00590	0.00675	0.01181
7	0.02261	0.01938	0.02261	0.01615	0.02584	0.01453	0.01292	0.02745	0.02261	0.03553	0.01938	0.02261	0.01615	0.00807	0.00807	0.00161	0.00807	0.00646	0.00646	0.68346
8	0.01503	0.01022	0.01214	0.01295	0.01315	0.01002	0.00774	0.01564	0.01747	0.02329	0.04263	0.24435	0.05008	0.42957	0.04213	0.00860	0.00921	0.02072	0.00774	0.00733
9	0.01470	0.01072	0.01390	0.01458	0.01588	0.01098	0.01015	0.01688	0.01890	0.02540	0.04910	0.20987	0.10787	0.20469	0.21511	0.01042	0.01513	0.01939	0.00773	0.00860
10	0.01862	0.01557	0.01751	0.01396	0.02047	0.01231	0.01062	0.02217	0.02246	0.03172	0.05058	0.05534	0.18892	0.09275	0.01573	0.00343	0.00758	0.01299	0.00766	0.37961
11	0.03051	0.10564	0.03623	0.03084	0.09853	0.17174	0.07981	0.03873	0.09963	0.06995	0.02957	0.10652	0.02644	0.01436	0.01079	0.00330	0.01345	0.01227	0.00744	0.01424
12	0.02877	0.02295	0.06431	0.08286	0.07013	0.02025	0.01919	0.09463	0.06433	0.12224	0.02795	0.03405	0.02225	0.08906	0.01589	0.00388	0.01074	0.00995	0.00814	0.18843
13	0.20028	0.07101	0.06925	0.07442	0.16441	0.06643	0.02297	0.03820	0.12144	0.03900	0.02298	0.02590	0.01806	0.01103	0.00944	0.00331	0.01167	0.00864	0.00672	0.01481
14	0.69383	0.02109	0.01603	0.01434	0.02109	0.02446	0.01181	0.03205	0.01856	0.04892	0.01518	0.01771	0.01181	0.01012	0.00675	0.00337	0.00843	0.00590	0.00675	0.01181

[dist]
# distance from previous block
# <min> <max>
0	6

[block]
# block no. 3 follows, 12 sequences, length 12
# corresponding to MSA columns:
# 425-436
name=unknown_D
#
# <colnr> <probs for GDERKNQSTAVLIFYWHMCP>
#	G	D	E	R	K	N	Q	S	T	A	V	L	I	F	Y	W	H	M	C	P
0	0.15673	0.14834	0.10215	0.02669	0.07732	0.15139	0.02201	0.07220	0.08102	0.03755	0.02055	0.02272	0.01628	0.01093	0.00908	0.00308	0.01322	0.00773	0.00647	0.01452
1	0.01328	0.00949	0.01265	0.01518	0.01581	0.00886	0.01012	0.01518	0.02088	0.02783	0.06010	0.60969	0.07212	0.03416	0.01392	0.00443	0.00633	0.03100	0.01012	0.00886
2	0.02230	0.03258	0.20360	0.03609	0.09748	0.02233	0.16834	0.03107	0.02460	0.03421	0.03145	0.05428	0.02917	0.01568	0.01249	0.00395	0.01466	0.14512	0.00653	0.01407
3	0.03522	0.02330	0.08345	0.20649	0.09126	0.02045	0.02457	0.04146	0.02682	0.28907	0.03112	0.03223	0.02083	0.01202	0.01087	0.00345	0.01197	0.01015	0.00912	0.01615
4	0.04073	0.05197	0.03090	0.02809	0.03371	0.57303	0.02107	0.04354	0.03090	0.02669	0.01685	0.01966	0.01404	0.01124	0.00983	0.00281	0.01966	0.00702	0.00562	0.01264
5	0.02314	0.07373	0.02768	0.06871	0.03069	0.01986	0.01608	0.02783	0.02190	0.03303	0.01849	0.02285	0.01563	0.00955	0.01103	0.00218	0.06851	0.00700	0.00599	0.49613
6	0.01889	0.01572	0.02236	0.02065	0.02154	0.02002	0.01624	0.02105	0.01676	0.02465	0.02337	0.03777	0.02298	0.10485	0.28221	0.07610	0.22859	0.01109	0.00542	0.00975
7	0.04164	0.02572	0.02939	0.02240	0.03115	0.02637	0.01846	0.32159	0.04212	0.21168	0.03050	0.02908	0.02082	0.01267	0.01062	0.00312	0.01075	0.00980	0.01120	0.09091
8	0.01894	0.00947	0.01420	0.01420	0.01420	0.00947	0.00947	0.01420	0.01420	0.01894	0.01894	0.03314	0.01894	0.03788	0.04261	0.68277	0.00947	0.00947	0.00473	0.00473
9	0.03468	0.03928	0.02812	0.02547	0.03133	0.33049	0.01938	0.04994	0.25224	0.03509	0.02908	0.02900	0.02259	0.01282	0.01039	0.00320	0.01476	0.00938	0.00805	0.01469
10	0.03428	0.03221	0.03881	0.04048	0.18931	0.16516	0.09847	0.07472	0.07423	0.10648	0.02537	0.02802	0.01916	0.01122	0.01092	0.00326	0.01455	0.00992	0.00746	0.01596
11	0.02779	0.02133	0.07655	0.02827	0.12764	0.01851	0.01949	0.03204	0.02365	0.16452	0.07577	0.04567	0.03277	0.17588	0.02531	0.00542	0.06523	0.01240	0.00824	0.01351

[dist]
# distance from previous block
# <min> <max>
0	1

[block]
# block no. 4 follows, 12 sequences, length 19
# corresponding to MSA columns:
# 438-456
name=unknown_E
#
# <colnr> <probs for GDERKNQSTAVLIFYWHMCP>
#	G	D	E	R	K	N	Q	S	T	A	V	L	I	F	Y	W	H	M	C	P
0	0.04519	0.01773	0.02411	0.01877	0.02655	0.01539	0.01539	0.04951	0.03117	0.49930	0.09865	0.04205	0.03543	0.01447	0.01118	0.00338	0.00882	0.01194	0.01333	0.01764
1	0.03888	0.04118	0.03183	0.02713	0.03311	0.32245	0.02130	0.20099	0.03607	0.04094	0.01971	0.02240	0.01561	0.01284	0.01342	0.00321	0.08877	0.00829	0.00731	0.01456
2	0.01542	0.01113	0.01449	0.01546	0.01746	0.01057	0.01183	0.01918	0.02523	0.03396	0.22049	0.20612	0.11426	0.08252	0.01766	0.00478	0.00733	0.15220	0.01039	0.00949
3	0.01391	0.01012	0.01311	0.01441	0.01587	0.00932	0.01003	0.01686	0.02423	0.03280	0.21111	0.40864	0.11915	0.03002	0.01351	0.00406	0.00590	0.02693	0.01069	0.00932
4	0.02616	0.01291	0.01616	0.01436	0.01693	0.01214	0.00970	0.02707	0.02040	0.18388	0.03577	0.05791	0.03415	0.38737	0.04092	0.06156	0.01009	0.01386	0.00856	0.01010
5	0.01390	0.01039	0.01292	0.01376	0.01572	0.00941	0.00976	0.01707	0.02509	0.03346	0.23142	0.32006	0.18966	0.02874	0.01333	0.00393	0.00575	0.02545	0.01075	0.00941
6	0.02295	0.14044	0.48573	0.02924	0.04434	0.02796	0.03708	0.03425	0.02289	0.03321	0.01891	0.02220	0.01384	0.01021	0.00986	0.00329	0.01545	0.00773	0.00461	0.01580
7	0.04203	0.02961	0.03214	0.02464	0.03335	0.03243	0.02036	0.47659	0.04970	0.10677	0.02749	0.02703	0.01920	0.01312	0.01091	0.00328	0.01179	0.00991	0.01111	0.01854
8	0.02261	0.01938	0.02261	0.01615	0.02584	0.01453	0.01292	0.02745	0.02261	0.03553	0.01938	0.02261	0.01615	0.00807	0.00807	0.00161	0.00807	0.00646	0.00646	0.68346
9	0.04892	0.01856	0.02530	0.01940	0.02783	0.01603	0.01603	0.05314	0.03121	0.55634	0.04302	0.03711	0.02699	0.01350	0.01096	0.00337	0.00928	0.01096	0.01350	0.01856
10	0.22222	0.01377	0.01315	0.01264	0.01469	0.01480	0.00819	0.02079	0.01668	0.02960	0.02852	0.05503	0.03117	0.43214	0.04066	0.00838	0.00992	0.01283	0.00665	0.00819
11	0.01716	0.01297	0.01607	0.01497	0.01808	0.01278	0.01132	0.02611	0.10471	0.04400	0.46912	0.07540	0.09256	0.02118	0.01260	0.00347	0.00566	0.01862	0.01187	0.01132
12	0.69383	0.02109	0.01603	0.01434	0.02109	0.02446	0.01181	0.03205	0.01856	0.04892	0.01518	0.01771	0.01181	0.01012	0.00675	0.00337	0.00843	0.00590	0.00675	0.01181
13	0.01688	0.01031	0.01325	0.01325	0.01344	0.01050	0.00829	0.01566	0.01546	0.02081	0.02858	0.05545	0.03133	0.36556	0.10317	0.24056	0.01207	0.01326	0.00589	0.00628
14	0.04145	0.03054	0.03272	0.02509	0.03381	0.03381	0.02072	0.51243	0.05127	0.06872	0.02618	0.02618	0.01854	0.01309	0.01091	0.00327	0.01200	0.00982	0.01091	0.01854
15	0.01729	0.01371	0.02107	0.02443	0.09738	0.01523	0.01606	0.02128	0.01848	0.02653	0.02829	0.04257	0.02668	0.11025	0.45226	0.01490	0.02543	0.01170	0.00583	0.01062
16	0.03502	0.02434	0.02586	0.02054	0.02739	0.02661	0.01674	0.36419	0.04262	0.06017	0.02904	0.03058	0.02141	0.01297	0.00991	0.00305	0.00989	0.00992	0.21376	0.01599
17	0.03482	0.04869	0.22996	0.02793	0.03793	0.28367	0.02758	0.04156	0.02797	0.10816	0.02176	0.02352	0.01588	0.01124	0.01020	0.00314	0.01678	0.00800	0.00640	0.01483
18	0.03117	0.11621	0.08248	0.02760	0.08868	0.02904	0.02177	0.11399	0.23241	0.09516	0.03235	0.03165	0.02409	0.01263	0.01035	0.00333	0.01080	0.01018	0.00912	0.01698

[dist]
# distance from previous block
# <min> <max>
1	4

[block]
# block no. 5 follows, 12 sequences, length 22
# corresponding to MSA columns:
# 463-484
name=unknown_F
#
# <colnr> <probs for GDERKNQSTAVLIFYWHMCP>
#	G	D	E	R	K	N	Q	S	T	A	V	L	I	F	Y	W	H	M	C	P
0	0.24467	0.02266	0.05538	0.01849	0.02592	0.02184	0.01590	0.07193	0.12262	0.17115	0.03941	0.03766	0.08057	0.01404	0.00982	0.00347	0.00907	0.01071	0.00976	0.01493
1	0.10614	0.47484	0.04917	0.01904	0.02799	0.03976	0.01816	0.09755	0.02569	0.03412	0.01665	0.01869	0.01436	0.00993	0.00750	0.00258	0.01134	0.00638	0.00575	0.01436
2	0.02957	0.01518	0.02047	0.14256	0.03197	0.01523	0.01562	0.03464	0.02568	0.21442	0.04117	0.04255	0.07039	0.01390	0.00997	0.00317	0.00867	0.01147	0.23997	0.01340
3	0.03056	0.07657	0.02357	0.01684	0.02326	0.01836	0.01381	0.07743	0.06363	0.21609	0.09362	0.06012	0.20436	0.01845	0.01135	0.00339	0.00818	0.01506	0.01100	0.01434
4	0.02458	0.02500	0.02015	0.01873	0.02203	0.20406	0.01390	0.02770	0.02881	0.03478	0.29683	0.05418	0.06188	0.02041	0.01550	0.08738	0.01068	0.01407	0.00890	0.01041
5	0.38554	0.15574	0.02921	0.01796	0.02577	0.03089	0.01553	0.15167	0.02748	0.04873	0.01791	0.01977	0.01396	0.01069	0.00784	0.00312	0.01003	0.00686	0.00732	0.01396
6	0.02915	0.62337	0.05714	0.01866	0.02799	0.04314	0.01866	0.03265	0.02215	0.02565	0.01516	0.01749	0.01399	0.00933	0.00700	0.00233	0.01166	0.00583	0.00466	0.01399
7	0.03450	0.02963	0.10372	0.03467	0.17570	0.09484	0.02419	0.04018	0.02765	0.21667	0.03641	0.03647	0.07025	0.01305	0.01086	0.00330	0.01229	0.01083	0.00862	0.01616
8	0.03027	0.02726	0.03249	0.32608	0.05575	0.09553	0.02585	0.19674	0.03308	0.04179	0.02141	0.02691	0.01585	0.01170	0.01077	0.00341	0.01430	0.00940	0.00703	0.01439
9	0.02712	0.02342	0.02465	0.02219	0.02835	0.02712	0.01726	0.05794	0.52909	0.04561	0.04438	0.04068	0.03328	0.01479	0.01109	0.00370	0.00863	0.01233	0.01109	0.01726
10	0.04622	0.01916	0.02522	0.01975	0.02790	0.01740	0.01618	0.05373	0.09290	0.49306	0.04319	0.03755	0.02777	0.01366	0.01098	0.00341	0.00920	0.01113	0.01320	0.01840
11	0.03811	0.02718	0.08145	0.09000	0.07045	0.05961	0.02226	0.10912	0.07572	0.26380	0.03262	0.03180	0.02218	0.01255	0.01081	0.00338	0.01180	0.01015	0.01001	0.01698
12	0.03183	0.54147	0.05283	0.01876	0.02796	0.03947	0.01830	0.03542	0.02338	0.09752	0.01893	0.02015	0.01575	0.00989	0.00753	0.00247	0.01134	0.00653	0.00586	0.01461
13	0.04503	0.02931	0.02860	0.02291	0.03080	0.14487	0.01845	0.17810	0.03669	0.30357	0.03254	0.03020	0.02177	0.01288	0.01070	0.00322	0.01234	0.00977	0.01103	0.01724
14	0.01925	0.01733	0.02752	0.28769	0.10481	0.02029	0.02342	0.02419	0.02134	0.02857	0.03232	0.21819	0.03365	0.01918	0.01433	0.00396	0.06907	0.01665	0.00663	0.01161
15	0.03374	0.02885	0.14046	0.02671	0.07790	0.05608	0.04722	0.03987	0.02759	0.25275	0.04398	0.04249	0.10458	0.01438	0.01115	0.00341	0.01162	0.01199	0.00941	0.01583
16	0.11867	0.01465	0.01692	0.01472	0.01845	0.01427	0.01045	0.03046	0.02133	0.20312	0.03464	0.05269	0.03166	0.33375	0.03407	0.00720	0.00985	0.01288	0.00892	0.01129
17	0.01425	0.01019	0.01371	0.01591	0.01706	0.00965	0.01146	0.01701	0.02258	0.03021	0.10593	0.47275	0.07340	0.03231	0.01402	0.00444	0.00687	0.10876	0.01029	0.00920
18	0.01491	0.01128	0.01390	0.01494	0.01688	0.01082	0.01054	0.02016	0.06853	0.03295	0.16650	0.38047	0.13906	0.02908	0.01331	0.00405	0.00617	0.02590	0.01060	0.00995
19	0.21219	0.17105	0.03331	0.16594	0.03881	0.02890	0.01966	0.07974	0.02499	0.10246	0.02076	0.02381	0.01558	0.01083	0.00880	0.00317	0.01126	0.00787	0.00697	0.01391
20	0.01616	0.01046	0.01212	0.01212	0.01212	0.01046	0.00689	0.01569	0.01569	0.02092	0.03284	0.06759	0.03760	0.55974	0.05423	0.07683	0.01046	0.01523	0.00642	0.00642
21	0.01537	0.01071	0.01362	0.01432	0.01503	0.01099	0.00956	0.01692	0.01788	0.02419	0.04023	0.18241	0.04538	0.34162	0.15416	0.01039	0.01360	0.04825	0.00741	0.00797

[dist]
# distance from previous block
# <min> <max>
0	1

[block]
# block no. 6 follows, 12 sequences, length 20
# corresponding to MSA columns:
# 486-505
name=unknown_G
#
# <colnr> <probs for GDERKNQSTAVLIFYWHMCP>
#	G	D	E	R	K	N	Q	S	T	A	V	L	I	F	Y	W	H	M	C	P
0	0.02549	0.19541	0.38533	0.02773	0.04116	0.08271	0.03311	0.03494	0.02357	0.03159	0.01822	0.02134	0.01388	0.01019	0.00948	0.00312	0.01536	0.00741	0.00472	0.01526
1	0.02215	0.02098	0.03553	0.46254	0.19093	0.02464	0.03106	0.02923	0.02254	0.02976	0.01966	0.02856	0.01520	0.01061	0.01088	0.00354	0.01415	0.00970	0.00498	0.01337
2	0.01586	0.01057	0.01189	0.01189	0.01189	0.01057	0.00661	0.01586	0.01586	0.02114	0.03436	0.07135	0.03964	0.61681	0.05550	0.01057	0.01057	0.01586	0.00661	0.00661
3	0.02261	0.01938	0.02261	0.01615	0.02584	0.01453	0.01292	0.02745	0.02261	0.03553	0.01938	0.02261	0.01615	0.00807	0.00807	0.00161	0.00807	0.00646	0.00646	0.68346
4	0.02824	0.02637	0.08484	0.13755	0.04692	0.02612	0.16479	0.03470	0.02346	0.12749	0.02323	0.02881	0.01729	0.01294	0.01781	0.00387	0.16396	0.01067	0.00659	0.01434
5	0.01466	0.01045	0.01398	0.01507	0.01595	0.01078	0.01032	0.01669	0.01855	0.02534	0.04390	0.29558	0.04985	0.19787	0.19886	0.01008	0.01454	0.02111	0.00789	0.00856
6	0.02860	0.07418	0.03587	0.30826	0.15169	0.02553	0.02691	0.06660	0.02596	0.11773	0.02353	0.02876	0.01731	0.01111	0.01055	0.00338	0.01295	0.00957	0.00675	0.01476
7	0.09558	0.06286	0.03050	0.07266	0.06751	0.11284	0.01999	0.13577	0.08044	0.17304	0.02816	0.02835	0.02011	0.01218	0.01017	0.00325	0.01215	0.00931	0.00914	0.01600
8	0.03388	0.03076	0.02933	0.12569	0.03830	0.19592	0.02142	0.04295	0.12091	0.13021	0.02706	0.02913	0.02022	0.01331	0.01393	0.00349	0.09160	0.00957	0.00788	0.01443
9	0.02401	0.06770	0.11485	0.02696	0.10886	0.02108	0.02121	0.03262	0.06890	0.03563	0.02156	0.02463	0.01735	0.00938	0.00905	0.00239	0.01040	0.00770	0.00630	0.36943
10	0.01523	0.01031	0.01208	0.01269	0.01284	0.01016	0.00746	0.01569	0.01707	0.02276	0.04059	0.20183	0.04751	0.47559	0.04542	0.00908	0.00954	0.01953	0.00746	0.00715
11	0.01637	0.01099	0.01574	0.01574	0.01689	0.01214	0.01139	0.01763	0.01648	0.02312	0.02790	0.04604	0.02774	0.17237	0.35924	0.16311	0.02135	0.01198	0.00574	0.00804
12	0.01336	0.01047	0.01210	0.01294	0.01534	0.00921	0.00923	0.01611	0.02414	0.03069	0.14738	0.29147	0.31002	0.02939	0.01327	0.00393	0.00578	0.02559	0.01037	0.00921
13	0.04253	0.02337	0.02762	0.02177	0.02989	0.02386	0.01779	0.20467	0.12770	0.30416	0.03774	0.03417	0.02536	0.01360	0.01097	0.00340	0.01005	0.01083	0.01221	0.01832
14	0.57228	0.02061	0.01777	0.01529	0.02236	0.02287	0.01260	0.03603	0.02094	0.14456	0.02043	0.02137	0.01467	0.01076	0.00754	0.00337	0.00859	0.00686	0.00802	0.01308
15	0.02697	0.04927	0.45948	0.02888	0.04354	0.02357	0.03571	0.03804	0.02456	0.13288	0.02399	0.02568	0.01630	0.01095	0.01047	0.00344	0.01483	0.00861	0.00628	0.01657
16	0.03790	0.02844	0.03082	0.02340	0.03231	0.03018	0.01925	0.42103	0.04586	0.06246	0.02490	0.02551	0.01809	0.01214	0.01037	0.00296	0.01126	0.00918	0.01007	0.14387
17	0.01563	0.01147	0.01646	0.01646	0.01804	0.01305	0.01231	0.01879	0.01721	0.02453	0.03018	0.04821	0.02959	0.18262	0.47595	0.01621	0.02569	0.01247	0.00599	0.00915
18	0.09979	0.02002	0.02466	0.01886	0.02741	0.01810	0.01550	0.08809	0.03030	0.36952	0.03460	0.03169	0.02285	0.01214	0.01005	0.00303	0.00922	0.00957	0.01134	0.14328
19	0.56732	0.02076	0.01727	0.01468	0.02198	0.02259	0.01202	0.03118	0.01932	0.04640	0.01597	0.01864	0.01263	0.00974	0.00700	0.00304	0.00837	0.00601	0.00669	0.13840

[dist]
# distance from previous block
# <min> <max>
0	22

[block]
# block no. 7 follows, 12 sequences, length 31
# corresponding to MSA columns:
# 528-558
name=unknown_H
#
# <colnr> <probs for GDERKNQSTAVLIFYWHMCP>
#	G	D	E	R	K	N	Q	S	T	A	V	L	I	F	Y	W	H	M	C	P
0	0.02911	0.02249	0.06874	0.02473	0.09324	0.01822	0.01830	0.07799	0.02751	0.14745	0.07351	0.03660	0.02866	0.07064	0.01453	0.00353	0.00995	0.01037	0.00858	0.21584
1	0.02281	0.02056	0.02987	0.11402	0.20577	0.01996	0.02200	0.03052	0.06519	0.03553	0.07286	0.03762	0.06483	0.01224	0.01039	0.00292	0.01022	0.01084	0.00700	0.20486
2	0.01371	0.01163	0.01320	0.06045	0.02000	0.01050	0.01040	0.01691	0.02461	0.02998	0.12265	0.13817	0.43687	0.02644	0.01280	0.00372	0.00633	0.02235	0.00978	0.00948
3	0.03164	0.03518	0.02578	0.02172	0.02873	0.29833	0.01662	0.03547	0.02685	0.03146	0.01946	0.02263	0.01607	0.01007	0.00893	0.00230	0.01372	0.00706	0.06266	0.28531
4	0.01407	0.00963	0.01238	0.01451	0.01526	0.00910	0.00965	0.01610	0.02067	0.02841	0.05608	0.52107	0.06594	0.07628	0.01652	0.00473	0.00654	0.02810	0.06618	0.00880
5	0.02607	0.02719	0.10555	0.08867	0.15757	0.02328	0.14210	0.03603	0.07503	0.08553	0.09176	0.03649	0.02981	0.01223	0.01156	0.00349	0.01303	0.01191	0.00743	0.01528
6	0.69383	0.02109	0.01603	0.01434	0.02109	0.02446	0.01181	0.03205	0.01856	0.04892	0.01518	0.01771	0.01181	0.01012	0.00675	0.00337	0.00843	0.00590	0.00675	0.01181
7	0.01446	0.01074	0.01271	0.01304	0.01475	0.01024	0.00891	0.01658	0.02103	0.02739	0.10885	0.16435	0.20366	0.22088	0.09709	0.00769	0.01019	0.02028	0.00865	0.00850
8	0.02828	0.01793	0.01917	0.01804	0.02195	0.08323	0.01341	0.03132	0.02633	0.19676	0.09242	0.30548	0.05315	0.02362	0.01236	0.00380	0.00886	0.02057	0.01079	0.01254
9	0.01986	0.01342	0.01646	0.01502	0.01876	0.01286	0.01148	0.02789	0.09370	0.09210	0.37626	0.07489	0.14220	0.02115	0.01245	0.00349	0.00604	0.01834	0.01180	0.01185
10	0.52614	0.01951	0.01703	0.01491	0.02134	0.02160	0.01215	0.03330	0.02172	0.11300	0.08520	0.02821	0.02521	0.01208	0.00806	0.00338	0.00813	0.00829	0.00827	0.01248
11	0.03704	0.23417	0.03927	0.02508	0.03188	0.40407	0.02030	0.04007	0.02811	0.02636	0.01631	0.01897	0.01403	0.01063	0.00893	0.00266	0.01711	0.00664	0.00531	0.01307
12	0.02908	0.01842	0.02262	0.01681	0.02552	0.01456	0.01352	0.03378	0.02567	0.17704	0.07267	0.03180	0.02685	0.01081	0.00928	0.00225	0.00814	0.00887	0.00886	0.44344
13	0.01892	0.00969	0.01279	0.01299	0.01386	0.00964	0.00893	0.01786	0.01751	0.02658	0.02758	0.08231	0.02613	0.02955	0.02913	0.41083	0.00782	0.01144	0.21965	0.00680
14	0.02892	0.02432	0.02567	0.02255	0.02904	0.02796	0.01769	0.11516	0.46893	0.04852	0.04209	0.03885	0.03143	0.01458	0.01107	0.00364	0.00905	0.01201	0.01107	0.01742
15	0.03072	0.54774	0.05402	0.01948	0.02873	0.04195	0.01892	0.09386	0.02587	0.03115	0.01656	0.01860	0.01457	0.00981	0.00750	0.00245	0.01170	0.00634	0.00546	0.01457
16	0.03703	0.03019	0.02640	0.02193	0.02936	0.19516	0.01717	0.04534	0.11167	0.19068	0.02981	0.02901	0.02157	0.01182	0.01000	0.00287	0.01222	0.00896	0.00907	0.15973
17	0.08862	0.03170	0.18733	0.03002	0.10127	0.02141	0.05881	0.03980	0.02576	0.21041	0.02731	0.02819	0.01889	0.01102	0.01028	0.00324	0.01221	0.00925	0.00809	0.07639
18	0.02052	0.02349	0.12719	0.01879	0.02488	0.01714	0.01742	0.11096	0.02816	0.03772	0.09441	0.16706	0.16319	0.07968	0.01636	0.00436	0.00948	0.01815	0.00896	0.01209
19	0.02806	0.43397	0.05943	0.02736	0.03723	0.03818	0.17507	0.03338	0.02330	0.02861	0.01736	0.02129	0.01481	0.00928	0.00887	0.00276	0.01380	0.00807	0.00494	0.01422
20	0.03767	0.04211	0.03184	0.10265	0.08678	0.39739	0.02292	0.04153	0.02920	0.07926	0.02007	0.02325	0.01567	0.01127	0.01017	0.00301	0.01737	0.00800	0.00627	0.01358
21	0.02306	0.21083	0.03709	0.07983	0.13409	0.02679	0.02130	0.02733	0.02244	0.02924	0.03067	0.14577	0.03214	0.01766	0.01247	0.00355	0.05134	0.07497	0.00658	0.01285
22	0.48580	0.02410	0.02135	0.01777	0.02514	0.02744	0.01465	0.18523	0.02899	0.05523	0.01869	0.02041	0.01396	0.01107	0.00807	0.00334	0.00957	0.00715	0.00807	0.01396
23	0.03892	0.01664	0.02284	0.01962	0.02616	0.01492	0.01652	0.04340	0.02926	0.38935	0.04771	0.06450	0.03839	0.01880	0.01227	0.00390	0.00952	0.15906	0.01239	0.01584
24	0.02368	0.20704	0.02919	0.01624	0.02140	0.02126	0.01365	0.02767	0.02655	0.09999	0.23518	0.13923	0.06010	0.01893	0.01092	0.00323	0.00793	0.01598	0.00955	0.01228
25	0.02441	0.34673	0.11718	0.02090	0.02904	0.03081	0.02143	0.02971	0.02322	0.02916	0.02937	0.05193	0.02951	0.01611	0.01005	0.00335	0.01179	0.15589	0.00637	0.01304
26	0.01536	0.01035	0.01378	0.01458	0.01525	0.01062	0.00977	0.01630	0.01765	0.02400	0.03939	0.23136	0.04442	0.22965	0.16503	0.09492	0.01355	0.01888	0.00731	0.00784
27	0.01894	0.00947	0.01420	0.01420	0.01420	0.00947	0.00947	0.01420	0.01420	0.01894	0.01894	0.03314	0.01894	0.03788	0.04261	0.68277	0.00947	0.00947	0.00473	0.00473
28	0.01733	0.01171	0.01676	0.01640	0.01727	0.01330	0.01195	0.01772	0.01613	0.02267	0.02560	0.04281	0.02557	0.14779	0.28031	0.22917	0.06271	0.01147	0.00553	0.00780
29	0.30138	0.02544	0.02565	0.02108	0.02768	0.02963	0.01737	0.22816	0.05876	0.05371	0.02109	0.02322	0.01603	0.01280	0.01264	0.00354	0.09023	0.00833	0.00840	0.01486
30	0.02607	0.02470	0.03331	0.02818	0.02928	0.03345	0.02346	0.08746	0.02105	0.03159	0.01581	0.02415	0.01485	0.01833	0.03265	0.00458	0.52321	0.00958	0.00554	0.01276

[dist]
# distance from previous block
# <min> <max>
0	2

[block]
# block no. 8 follows, 12 sequences, length 22
# corresponding to MSA columns:
# 561-582
name=unknown_I
#
# <colnr> <probs for GDERKNQSTAVLIFYWHMCP>
#	G	D	E	R	K	N	Q	S	T	A	V	L	I	F	Y	W	H	M	C	P
0	0.45230	0.02014	0.01950	0.01623	0.02361	0.02130	0.01339	0.03995	0.02329	0.23896	0.02561	0.02498	0.01749	0.01139	0.00833	0.00337	0.00875	0.00780	0.00927	0.01434
1	0.01485	0.01026	0.01274	0.01411	0.01462	0.00997	0.00917	0.01615	0.01895	0.02519	0.04807	0.31917	0.05637	0.30131	0.03311	0.00730	0.00861	0.06363	0.00850	0.00793
2	0.01396	0.01109	0.01253	0.01217	0.01538	0.00966	0.00913	0.01772	0.02738	0.03545	0.29218	0.09507	0.35891	0.02538	0.01288	0.00358	0.00536	0.02163	0.01091	0.00966
3	0.03478	0.02659	0.02914	0.02192	0.03099	0.02699	0.01796	0.34073	0.04112	0.05697	0.02377	0.02491	0.01770	0.01131	0.00990	0.00269	0.01061	0.00863	0.00933	0.25395
4	0.02520	0.39225	0.10536	0.07908	0.03248	0.03367	0.02038	0.02957	0.02117	0.02616	0.01931	0.02831	0.01830	0.11067	0.01586	0.00397	0.01230	0.00816	0.00500	0.01281
5	0.02575	0.09444	0.14832	0.03283	0.09941	0.02771	0.10938	0.04190	0.19651	0.03764	0.02812	0.03004	0.02150	0.01137	0.01063	0.00334	0.01268	0.01023	0.00718	0.05104
6	0.02839	0.16882	0.09387	0.02154	0.02959	0.02850	0.01967	0.04624	0.26687	0.09043	0.06758	0.03547	0.03043	0.01335	0.01014	0.00329	0.01005	0.01064	0.00911	0.01601
7	0.02681	0.01442	0.01989	0.08830	0.02643	0.01464	0.01400	0.02986	0.02178	0.19148	0.03414	0.04939	0.02996	0.24076	0.14202	0.00885	0.01448	0.01268	0.00840	0.01171
8	0.02700	0.23816	0.09926	0.04213	0.21099	0.03225	0.13642	0.03360	0.02394	0.03188	0.01891	0.02386	0.01565	0.00952	0.00990	0.00304	0.01401	0.00892	0.00510	0.01544
9	0.45452	0.01863	0.01625	0.01547	0.02070	0.02110	0.01206	0.03114	0.07953	0.04356	0.02922	0.15995	0.02856	0.01634	0.00895	0.00366	0.00796	0.01258	0.00806	0.01176
10	0.01328	0.01014	0.01220	0.01363	0.01546	0.00907	0.00948	0.01568	0.02290	0.02939	0.10784	0.39880	0.24067	0.03111	0.01349	0.00410	0.00597	0.02748	0.01024	0.00907
11	0.02027	0.05525	0.02593	0.20184	0.08834	0.01812	0.01958	0.02226	0.01954	0.02561	0.02561	0.09613	0.02525	0.02382	0.02242	0.24412	0.01126	0.03927	0.00571	0.00968
12	0.03657	0.03280	0.03410	0.03676	0.17193	0.18898	0.02383	0.10673	0.03054	0.12704	0.02342	0.02609	0.01784	0.01239	0.01345	0.00332	0.08185	0.00913	0.00758	0.01568
13	0.02941	0.03681	0.09352	0.09565	0.06825	0.23413	0.02431	0.03745	0.08343	0.03030	0.02185	0.02680	0.01784	0.01928	0.06923	0.00479	0.07856	0.00897	0.00596	0.01344
14	0.02033	0.01016	0.01016	0.01016	0.01270	0.01016	0.00762	0.02541	0.02287	0.04065	0.03557	0.04065	0.02795	0.01270	0.00762	0.00254	0.00508	0.01016	0.67734	0.01016
15	0.03512	0.15412	0.04141	0.03307	0.09708	0.34284	0.07987	0.03926	0.02791	0.02854	0.01759	0.02128	0.01472	0.01045	0.00977	0.00287	0.01720	0.00781	0.00540	0.01370
16	0.01643	0.01205	0.01479	0.01444	0.01482	0.01298	0.00946	0.01754	0.01833	0.02521	0.09532	0.13153	0.04808	0.40737	0.04318	0.00832	0.07737	0.01740	0.00745	0.00793
17	0.09818	0.02708	0.03035	0.22431	0.04679	0.07707	0.02302	0.22114	0.06731	0.04701	0.02304	0.02673	0.01702	0.01197	0.01041	0.00340	0.01300	0.00930	0.00789	0.01498
18	0.02534	0.02007	0.02538	0.18300	0.03893	0.06875	0.02001	0.07676	0.02474	0.08630	0.02645	0.03458	0.02155	0.04123	0.24746	0.00934	0.02036	0.01044	0.00685	0.01248
19	0.09805	0.01598	0.01638	0.01478	0.01998	0.01572	0.01144	0.02884	0.13587	0.03748	0.11685	0.06821	0.26104	0.01984	0.01118	0.00338	0.00682	0.01631	0.00969	0.09217
20	0.38495	0.01991	0.02139	0.02275	0.08282	0.02277	0.01627	0.02919	0.02114	0.04220	0.07626	0.03882	0.02841	0.01481	0.01229	0.00373	0.07845	0.06447	0.00730	0.01208
21	0.02240	0.02152	0.05744	0.01813	0.02665	0.01694	0.01522	0.03218	0.11456	0.03649	0.02822	0.08762	0.02499	0.01219	0.00939	0.00241	0.00852	0.01021	0.00756	0.44735

[dist]
# distance from previous block
# <min> <max>
10	39

[block]
# block no. 9 follows, 12 sequences, length 15
# corresponding to MSA columns:
# 623-637
name=unknown_J
#
# <colnr> <probs for GDERKNQSTAVLIFYWHMCP>
#	G	D	E	R	K	N	Q	S	T	A	V	L	I	F	Y	W	H	M	C	P
0	0.01937	0.01412	0.01829	0.01720	0.01963	0.01576	0.01288	0.08946	0.02196	0.03051	0.03007	0.04761	0.02912	0.20643	0.36239	0.01373	0.02205	0.01246	0.00676	0.01022
1	0.10571	0.26033	0.15962	0.09675	0.03854	0.03311	0.02458	0.10138	0.02607	0.03686	0.01830	0.02153	0.01442	0.01040	0.00880	0.00301	0.01272	0.00742	0.00582	0.01463
2	0.02250	0.01796	0.02032	0.01749	0.02192	0.01907	0.01393	0.15426	0.03218	0.04236	0.15182	0.06939	0.25834	0.02166	0.01510	0.00366	0.07853	0.01718	0.01002	0.01229
3	0.01912	0.02239	0.09578	0.01957	0.02376	0.07936	0.01700	0.02378	0.02181	0.02907	0.09271	0.11801	0.03959	0.08523	0.25171	0.00991	0.01908	0.01439	0.00699	0.01074
4	0.13505	0.09719	0.02684	0.01789	0.02549	0.02010	0.01507	0.04350	0.02816	0.35210	0.09565	0.03710	0.03226	0.01353	0.01007	0.00324	0.00897	0.01062	0.01119	0.01599
5	0.12657	0.38711	0.04303	0.01784	0.02672	0.03357	0.01666	0.03464	0.02288	0.09961	0.01930	0.02069	0.01563	0.00984	0.00761	0.00253	0.01047	0.00659	0.00633	0.09240
6	0.02654	0.01669	0.02493	0.02981	0.16023	0.01573	0.01824	0.03126	0.02734	0.16518	0.17155	0.14700	0.05394	0.01924	0.01215	0.00363	0.00872	0.04371	0.01019	0.01393
7	0.10359	0.01453	0.01423	0.01293	0.01702	0.01516	0.01010	0.09498	0.02669	0.04422	0.04156	0.04422	0.09224	0.01440	0.00868	0.00290	0.00654	0.01128	0.41331	0.01144
8	0.02302	0.16222	0.03044	0.02324	0.08411	0.02392	0.01662	0.05580	0.11679	0.03685	0.14167	0.12638	0.08043	0.01796	0.01095	0.00334	0.00878	0.01522	0.00886	0.01339
9	0.02619	0.03567	0.22529	0.02721	0.07507	0.02299	0.02608	0.12106	0.02828	0.04136	0.02080	0.02376	0.01582	0.00998	0.00966	0.00273	0.01216	0.00793	0.00652	0.26145
10	0.10223	0.07333	0.12146	0.02945	0.13987	0.02213	0.02228	0.03088	0.02264	0.03619	0.01884	0.02265	0.01531	0.00915	0.00881	0.00253	0.01080	0.00731	0.00581	0.29833
11	0.02502	0.06951	0.16558	0.09462	0.15121	0.02260	0.02649	0.03206	0.02330	0.06841	0.02181	0.02766	0.01749	0.04261	0.01224	0.00331	0.01234	0.00871	0.00595	0.16909
12	0.03168	0.08685	0.02323	0.01590	0.02210	0.01842	0.01312	0.06531	0.05442	0.19429	0.03410	0.03466	0.02487	0.01233	0.00896	0.00280	0.00793	0.00971	0.27404	0.06528
13	0.14439	0.02154	0.02949	0.03254	0.16425	0.02224	0.05266	0.11244	0.02892	0.07169	0.09562	0.11197	0.03564	0.01549	0.01095	0.00349	0.01025	0.01354	0.00853	0.01437
14	0.06938	0.02076	0.02776	0.08621	0.03348	0.05517	0.07394	0.06705	0.02927	0.17321	0.16483	0.04429	0.04211	0.01836	0.04190	0.00418	0.01175	0.01276	0.00968	0.01392

[dist]
# distance from previous block
# <min> <max>
14	78

[block]
# block no. 10 follows, 12 sequences, length 27
# corresponding to MSA columns:
# 723-749
name=unknown_K
#
# <colnr> <probs for GDERKNQSTAVLIFYWHMCP>
#	G	D	E	R	K	N	Q	S	T	A	V	L	I	F	Y	W	H	M	C	P
0	0.13513	0.10509	0.06616	0.03162	0.13517	0.08796	0.06332	0.03477	0.02449	0.10025	0.02625	0.09503	0.02319	0.01333	0.01010	0.00330	0.01224	0.01120	0.00710	0.01430
1	0.01647	0.01239	0.01676	0.01573	0.01858	0.01255	0.01187	0.02032	0.02124	0.03063	0.15482	0.05320	0.04593	0.12242	0.30171	0.01121	0.01837	0.01350	0.00753	0.09478
2	0.02662	0.40321	0.11235	0.01961	0.02989	0.03386	0.01999	0.03161	0.02238	0.02920	0.01675	0.01945	0.01450	0.00915	0.00769	0.00230	0.01134	0.00627	0.00510	0.17873
3	0.27248	0.02002	0.02016	0.01548	0.02407	0.01823	0.01251	0.02917	0.02110	0.04051	0.01782	0.02079	0.01453	0.00884	0.00758	0.00227	0.00821	0.00625	0.00657	0.43343
4	0.02467	0.01600	0.01658	0.01501	0.01922	0.01732	0.01165	0.09505	0.15083	0.04542	0.03654	0.03883	0.02807	0.01327	0.00889	0.00292	0.00683	0.01065	0.42929	0.01297
5	0.01814	0.01140	0.01442	0.01439	0.01718	0.01022	0.01050	0.02147	0.02593	0.09670	0.21238	0.27766	0.17465	0.02676	0.01303	0.00385	0.00616	0.02355	0.01109	0.01053
6	0.08520	0.49715	0.04811	0.01747	0.02544	0.03759	0.01661	0.03057	0.02108	0.02713	0.01748	0.02401	0.01690	0.08273	0.01283	0.00342	0.01125	0.00705	0.00508	0.01291
7	0.08038	0.20438	0.03133	0.01842	0.02397	0.09250	0.01531	0.03104	0.02210	0.09101	0.02463	0.03329	0.02195	0.10670	0.15133	0.00735	0.01621	0.00932	0.00655	0.01221
8	0.02103	0.10848	0.21151	0.09546	0.07855	0.02317	0.02711	0.02843	0.02226	0.03069	0.02819	0.08830	0.02661	0.02363	0.08218	0.00536	0.01520	0.06456	0.00597	0.01331
9	0.02287	0.01584	0.01917	0.01772	0.02200	0.01628	0.01396	0.03564	0.18046	0.09849	0.27520	0.06974	0.06843	0.02009	0.01241	0.00371	0.00728	0.07582	0.01164	0.01326
10	0.10983	0.04050	0.25306	0.02742	0.03849	0.09375	0.06927	0.04053	0.08327	0.10447	0.02483	0.02638	0.01780	0.01126	0.01024	0.00340	0.01408	0.00896	0.00698	0.01548
11	0.03173	0.06666	0.14240	0.02643	0.03613	0.02666	0.07916	0.10724	0.18625	0.13454	0.03235	0.03185	0.02317	0.01246	0.01086	0.00345	0.01203	0.01056	0.00914	0.01693
12	0.01740	0.01048	0.01572	0.01572	0.01661	0.01137	0.01137	0.01661	0.01572	0.02185	0.02363	0.03758	0.02274	0.05795	0.28541	0.37858	0.01849	0.01048	0.00524	0.00702
13	0.01584	0.01110	0.01452	0.01632	0.01757	0.01092	0.01228	0.01852	0.02123	0.02796	0.05172	0.24871	0.05884	0.19927	0.02631	0.00644	0.00912	0.21553	0.00908	0.00872
14	0.03543	0.04317	0.02959	0.10034	0.03781	0.43686	0.02186	0.03908	0.02905	0.02753	0.02191	0.03283	0.01974	0.01338	0.01057	0.00317	0.01788	0.06151	0.00603	0.01227
15	0.01861	0.01670	0.02728	0.43493	0.05906	0.02007	0.02483	0.02443	0.02155	0.02785	0.03040	0.18615	0.03011	0.01719	0.01172	0.00385	0.01231	0.01545	0.00627	0.01123
16	0.10291	0.02224	0.06429	0.02069	0.02957	0.01766	0.07469	0.03175	0.02471	0.10393	0.09035	0.03238	0.02819	0.01114	0.00965	0.00266	0.00970	0.00958	0.00786	0.30607
17	0.02655	0.42080	0.23691	0.02309	0.03485	0.03678	0.02638	0.03332	0.02246	0.02882	0.01673	0.01947	0.01393	0.00970	0.00820	0.00273	0.01325	0.00663	0.00464	0.01475
18	0.01543	0.01115	0.01457	0.01372	0.01629	0.01029	0.01029	0.02058	0.03086	0.04372	0.54304	0.08145	0.10288	0.02229	0.01286	0.00343	0.00514	0.01972	0.01200	0.01029
19	0.02418	0.02563	0.05128	0.22966	0.12526	0.02625	0.28977	0.03239	0.02431	0.03266	0.02097	0.02899	0.01597	0.00983	0.01195	0.00361	0.01642	0.01141	0.00528	0.01417
20	0.02792	0.02562	0.09842	0.26191	0.20259	0.02332	0.02976	0.03504	0.02460	0.12969	0.02415	0.02923	0.01758	0.01097	0.01082	0.00345	0.01328	0.00974	0.00659	0.01532
21	0.04892	0.01856	0.02530	0.01940	0.02783	0.01603	0.01603	0.05314	0.03121	0.55634	0.04302	0.03711	0.02699	0.01350	0.01096	0.00337	0.00928	0.01096	0.01350	0.01856
22	0.01340	0.00990	0.01226	0.01406	0.01528	0.00906	0.00946	0.01533	0.02130	0.02764	0.06851	0.46251	0.16752	0.07876	0.01698	0.00476	0.00649	0.02815	0.00984	0.00875
23	0.02385	0.02385	0.03340	0.02863	0.02863	0.03340	0.02385	0.02624	0.01670	0.02624	0.01431	0.02385	0.01431	0.01908	0.03578	0.00477	0.59685	0.00954	0.00477	0.01193
24	0.03408	0.01527	0.02055	0.01688	0.02272	0.01348	0.01348	0.03871	0.03106	0.32918	0.26459	0.05676	0.06062	0.01739	0.01180	0.00340	0.00745	0.01484	0.01283	0.01489
25	0.03032	0.18309	0.10257	0.02312	0.03055	0.26552	0.02068	0.03474	0.02702	0.02900	0.06538	0.03425	0.08431	0.01342	0.00980	0.00293	0.01453	0.00970	0.00625	0.01284
26	0.02601	0.03759	0.24119	0.03803	0.09149	0.02476	0.21930	0.03556	0.02486	0.07601	0.02246	0.02695	0.01639	0.00993	0.01126	0.00339	0.01562	0.01020	0.00586	0.06315

[dist]
# distance from previous block
# <min> <max>
5	21

[block]
# block no. 11 follows, 12 sequences, length 6
# corresponding to MSA columns:
# 771-776
name=unknown_L
#
# <colnr> <probs for GDERKNQSTAVLIFYWHMCP>
#	G	D	E	R	K	N	Q	S	T	A	V	L	I	F	Y	W	H	M	C	P
0	0.03160	0.12747	0.04009	0.18667	0.11633	0.02727	0.07189	0.08334	0.02759	0.14661	0.02480	0.02824	0.01808	0.01107	0.01041	0.00327	0.01282	0.00962	0.00741	0.01542
1	0.01835	0.00986	0.01478	0.01478	0.01512	0.01019	0.01019	0.01512	0.01478	0.02005	0.02073	0.03483	0.02039	0.04553	0.13517	0.56681	0.01291	0.00986	0.00493	0.00561
2	0.09682	0.12866	0.03521	0.03183	0.15598	0.02897	0.02120	0.09307	0.16638	0.09281	0.02846	0.02911	0.02167	0.01182	0.00985	0.00324	0.01062	0.00952	0.00836	0.01642
3	0.14434	0.16184	0.10536	0.02096	0.03008	0.08422	0.01982	0.04159	0.02599	0.22786	0.02630	0.02581	0.01845	0.01135	0.00920	0.00309	0.01172	0.00818	0.00838	0.01548
4	0.02033	0.01016	0.01016	0.01016	0.01270	0.01016	0.00762	0.02541	0.02287	0.04065	0.03557	0.04065	0.02795	0.01270	0.00762	0.00254	0.00508	0.01016	0.67734	0.01016
5	0.03545	0.12071	0.03300	0.02484	0.03145	0.29115	0.01965	0.09645	0.16939	0.03629	0.02522	0.02586	0.01983	0.01215	0.00990	0.00304	0.01469	0.00862	0.00757	0.01474

[dist]
# distance from previous block
# <min> <max>
0	5

[block]
# block no. 12 follows, 12 sequences, length 19
# corresponding to MSA columns:
# 782-800
name=unknown_M
#
# <colnr> <probs for GDERKNQSTAVLIFYWHMCP>
#	G	D	E	R	K	N	Q	S	T	A	V	L	I	F	Y	W	H	M	C	P
