[name]
unknown

[dist]
# distance from previous block
# <min> <max>
0	13

[block]
# block no. 0 follows, 14 sequences, length 33
# corresponding to MSA columns:
# 13-45
name=unknown_A
#
# <colnr> <probs for GDERKNQSTAVLIFYWHMCP>
#	G	D	E	R	K	N	Q	S	T	A	V	L	I	F	Y	W	H	M	C	P
0	0.02494	0.07226	0.02213	0.01698	0.02175	0.01761	0.01382	0.09678	0.06913	0.12831	0.22917	0.09705	0.05608	0.01846	0.01125	0.00336	0.00772	0.07019	0.01037	0.01266
1	0.01739	0.01125	0.01389	0.01278	0.01613	0.01000	0.00974	0.02148	0.02743	0.09847	0.37405	0.07839	0.22717	0.02151	0.01191	0.00329	0.00539	0.01853	0.01094	0.01027
2	0.08181	0.02469	0.14345	0.02202	0.03026	0.01742	0.08258	0.03352	0.02450	0.19619	0.09168	0.10273	0.03279	0.01419	0.01046	0.00324	0.01025	0.01243	0.00857	0.05724
3	0.16243	0.19538	0.06871	0.08272	0.07543	0.03008	0.02010	0.14414	0.06345	0.04011	0.01951	0.02193	0.01525	0.01030	0.00846	0.00293	0.01088	0.00753	0.00655	0.01411
4	0.02068	0.01192	0.01617	0.01638	0.01864	0.01165	0.01216	0.02320	0.02177	0.14533	0.04997	0.42174	0.05434	0.02671	0.01401	0.00402	0.04928	0.06160	0.00985	0.01057
5	0.02563	0.02221	0.06353	0.15613	0.16088	0.02234	0.02345	0.07826	0.07823	0.09622	0.02823	0.10112	0.02420	0.01403	0.01233	0.00344	0.05657	0.01184	0.00729	0.01407
6	0.03083	0.02362	0.07535	0.14376	0.11985	0.02121	0.15504	0.03737	0.02503	0.22304	0.02679	0.02941	0.01856	0.01051	0.01070	0.00328	0.01277	0.01020	0.00761	0.01507
7	0.02712	0.02695	0.10805	0.04544	0.33836	0.02348	0.02758	0.03812	0.12563	0.09728	0.02587	0.02844	0.01974	0.01054	0.01018	0.00317	0.01142	0.00954	0.00687	0.01625
8	0.01266	0.00905	0.01205	0.01418	0.01492	0.00844	0.00954	0.01469	0.02039	0.02738	0.09729	0.58854	0.07017	0.03126	0.01302	0.00409	0.00587	0.02833	0.00967	0.00844
9	0.08811	0.01540	0.02048	0.16193	0.06078	0.01666	0.01629	0.06861	0.02512	0.03608	0.17564	0.15813	0.08048	0.01825	0.01100	0.00344	0.00850	0.01583	0.00830	0.01098
10	0.03346	0.39757	0.04268	0.01944	0.02736	0.14442	0.01749	0.03676	0.02424	0.14092	0.02005	0.02072	0.01573	0.00995	0.00789	0.00249	0.01198	0.00672	0.00630	0.01382
11	0.02738	0.02216	0.07207	0.12605	0.03904	0.01833	0.10145	0.03340	0.02361	0.16540	0.02406	0.02671	0.01731	0.00963	0.00960	0.00269	0.01105	0.00871	0.00715	0.25420
12	0.03321	0.06544	0.14025	0.08556	0.07047	0.08140	0.02386	0.18928	0.03180	0.14382	0.02400	0.02527	0.01697	0.01112	0.00987	0.00307	0.01255	0.00864	0.00786	0.01555
13	0.02402	0.01762	0.01997	0.01846	0.02296	0.01911	0.01405	0.06524	0.29868	0.09362	0.07810	0.20163	0.04412	0.01913	0.01125	0.00360	0.00754	0.01658	0.01046	0.01386
14	0.07199	0.06381	0.02525	0.01790	0.02603	0.02178	0.01461	0.13000	0.12473	0.04135	0.02326	0.02442	0.01819	0.00987	0.00848	0.00233	0.00865	0.00762	0.00758	0.35215
15	0.01447	0.01110	0.01355	0.01493	0.01701	0.01077	0.01110	0.01970	0.07524	0.02904	0.06516	0.36044	0.17405	0.02826	0.01281	0.00404	0.00664	0.11267	0.00961	0.00941
16	0.02341	0.02324	0.08903	0.01991	0.02953	0.01684	0.06302	0.03080	0.05863	0.07060	0.02158	0.02397	0.01677	0.00871	0.00863	0.00214	0.00944	0.00745	0.00654	0.46977
17	0.02948	0.08674	0.23125	0.10062	0.03798	0.02123	0.02502	0.03671	0.02461	0.22244	0.06252	0.03023	0.02301	0.01150	0.00989	0.00315	0.01167	0.00928	0.00774	0.01492
18	0.02236	0.02129	0.03617	0.34119	0.32086	0.02358	0.02998	0.02883	0.02193	0.02984	0.01877	0.02639	0.01496	0.00971	0.01021	0.00324	0.01294	0.00913	0.00482	0.01381
19	0.01477	0.01054	0.01418	0.01418	0.01521	0.01157	0.00995	0.01684	0.01581	0.02211	0.02960	0.05202	0.03074	0.32222	0.36038	0.01364	0.01984	0.01271	0.00581	0.00788
20	0.02205	0.01973	0.02992	0.48805	0.06179	0.02402	0.02621	0.08122	0.08398	0.03198	0.02155	0.02832	0.01606	0.01088	0.01028	0.00339	0.01281	0.00941	0.00580	0.01256
21	0.03037	0.01407	0.01836	0.01524	0.02068	0.01229	0.01215	0.03438	0.02826	0.31789	0.21859	0.05887	0.13987	0.01756	0.01119	0.00324	0.00691	0.01483	0.01172	0.01352
22	0.01250	0.00893	0.01191	0.01429	0.01488	0.00834	0.00953	0.01429	0.01965	0.02620	0.05656	0.63265	0.06787	0.03215	0.01310	0.00417	0.00595	0.02917	0.00953	0.00834
23	0.01492	0.00995	0.01119	0.01119	0.01119	0.00995	0.00622	0.01492	0.01492	0.01990	0.03233	0.06716	0.03731	0.63935	0.05223	0.00995	0.00995	0.01492	0.00622	0.00622
24	0.03415	0.02478	0.03159	0.09126	0.03679	0.02683	0.07154	0.28429	0.12104	0.12737	0.02851	0.02889	0.02018	0.01203	0.01049	0.00323	0.01130	0.01005	0.00948	0.01621
25	0.01250	0.00893	0.01191	0.01429	0.01488	0.00834	0.00953	0.01429	0.01965	0.02620	0.05656	0.63265	0.06787	0.03215	0.01310	0.00417	0.00595	0.02917	0.00953	0.00834
26	0.01938	0.01824	0.03078	0.61468	0.07068	0.02280	0.02850	0.02622	0.02052	0.02622	0.01824	0.02736	0.01368	0.01026	0.01026	0.00342	0.01368	0.00912	0.00456	0.01140
27	0.11961	0.03349	0.02761	0.02314	0.02941	0.23754	0.01838	0.20715	0.03314	0.09695	0.02091	0.02229	0.01563	0.01180	0.01118	0.00305	0.05887	0.00792	0.00777	0.01418
28	0.01368	0.01058	0.01257	0.01314	0.01540	0.00983	0.00944	0.01814	0.05632	0.03131	0.19397	0.29436	0.23080	0.02640	0.01239	0.00368	0.00558	0.02317	0.01001	0.00925
29	0.19731	0.06158	0.07888	0.06567	0.16341	0.02204	0.02095	0.03457	0.02261	0.15708	0.02223	0.02430	0.01630	0.01001	0.00882	0.00298	0.01032	0.00793	0.00701	0.06598
30	0.50342	0.09104	0.02101	0.01537	0.02189	0.02549	0.01282	0.03488	0.12079	0.04297	0.01953	0.02077	0.01520	0.01028	0.00716	0.00312	0.00832	0.00670	0.00691	0.01233
31	0.02889	0.22046	0.07608	0.02142	0.06122	0.07651	0.01812	0.03343	0.02330	0.11717	0.02040	0.02198	0.01591	0.00931	0.00818	0.00232	0.01067	0.00692	0.00634	0.22136
32	0.07182	0.12735	0.06900	0.08807	0.03342	0.02279	0.06508	0.07431	0.02596	0.18596	0.06470	0.07502	0.02682	0.01299	0.00988	0.00314	0.01056	0.01094	0.00822	0.01397

[dist]
# distance from previous block
# <min> <max>
0	1

[block]
# block no. 1 follows, 14 sequences, length 10
# corresponding to MSA columns:
# 47-56
name=unknown_B
#
# <colnr> <probs for GDERKNQSTAVLIFYWHMCP>
#	G	D	E	R	K	N	Q	S	T	A	V	L	I	F	Y	W	H	M	C	P
0	0.04506	0.01904	0.02479	0.01901	0.02698	0.01742	0.01570	0.11861	0.03201	0.51012	0.03827	0.03349	0.02429	0.01265	0.01031	0.00316	0.00909	0.01017	0.01236	0.01746
1	0.01876	0.02017	0.07793	0.08538	0.02873	0.02105	0.01949	0.02348	0.02215	0.03220	0.23721	0.04461	0.04682	0.01754	0.02018	0.00375	0.24962	0.01269	0.00721	0.01101
2	0.03301	0.25464	0.12897	0.02219	0.03164	0.06153	0.06010	0.03830	0.02461	0.21448	0.02437	0.02452	0.01745	0.01036	0.00894	0.00282	0.01183	0.00803	0.00730	0.01492
3	0.04604	0.01746	0.02382	0.01826	0.02620	0.01508	0.01508	0.05001	0.02937	0.58244	0.04049	0.03493	0.02540	0.01270	0.01032	0.00318	0.00873	0.01032	0.01270	0.01746
4	0.01303	0.00931	0.01252	0.01489	0.01572	0.00879	0.01045	0.01521	0.02017	0.02679	0.05627	0.56474	0.06672	0.03165	0.01324	0.00424	0.00641	0.09185	0.00952	0.00848
5	0.01712	0.01470	0.06964	0.01525	0.01888	0.01087	0.01263	0.02083	0.02324	0.08817	0.15350	0.31535	0.15064	0.02479	0.01213	0.00368	0.00682	0.02182	0.00967	0.01027
6	0.09802	0.20181	0.20642	0.02072	0.02952	0.02600	0.02182	0.07726	0.02314	0.03350	0.02517	0.14408	0.02442	0.01426	0.00923	0.00312	0.01097	0.01133	0.00620	0.01301
7	0.21419	0.01936	0.02285	0.06223	0.02850	0.01952	0.01555	0.09648	0.02770	0.34691	0.03038	0.02856	0.01999	0.01166	0.00929	0.00318	0.00918	0.00889	0.01020	0.01538
8	0.01294	0.00924	0.01241	0.01479	0.01558	0.00871	0.01029	0.01505	0.02008	0.02669	0.05632	0.57627	0.06691	0.03174	0.01322	0.00423	0.00634	0.08121	0.00952	0.00846
9	0.02769	0.07179	0.03731	0.11322	0.23110	0.08732	0.07411	0.03705	0.10964	0.07456	0.02380	0.02726	0.01843	0.01041	0.01005	0.00311	0.01255	0.00937	0.00644	0.01480

[dist]
# distance from previous block
# <min> <max>
0	28

[block]
# block no. 2 follows, 14 sequences, length 53
# corresponding to MSA columns:
# 85-137
name=unknown_C
#
# <colnr> <probs for GDERKNQSTAVLIFYWHMCP>
#	G	D	E	R	K	N	Q	S	T	A	V	L	I	F	Y	W	H	M	C	P
0	0.02818	0.42110	0.10178	0.02091	0.02917	0.08017	0.02046	0.07880	0.02363	0.02891	0.01570	0.01849	0.01359	0.01024	0.01009	0.00264	0.07116	0.00648	0.00501	0.01349
1	0.07260	0.11836	0.12279	0.01814	0.02794	0.02025	0.01759	0.03036	0.02180	0.08603	0.01956	0.02163	0.01522	0.00877	0.00799	0.00219	0.00954	0.00662	0.00619	0.36643
2	0.03789	0.08859	0.03303	0.02302	0.03129	0.03268	0.01932	0.49159	0.04559	0.06074	0.02363	0.02384	0.01704	0.01198	0.00991	0.00299	0.01126	0.00888	0.00970	0.01704
3	0.04400	0.01790	0.02448	0.01901	0.02626	0.01650	0.01572	0.04782	0.02819	0.53408	0.03814	0.03385	0.02437	0.01316	0.01235	0.00329	0.06178	0.01020	0.01199	0.01692
4	0.01250	0.00893	0.01191	0.01429	0.01488	0.00834	0.00953	0.01429	0.01965	0.02620	0.05656	0.63265	0.06787	0.03215	0.01310	0.00417	0.00595	0.02917	0.00953	0.00834
5	0.01464	0.00990	0.01150	0.01167	0.01196	0.00976	0.00688	0.01527	0.01672	0.02253	0.08503	0.12564	0.04598	0.51973	0.04450	0.00873	0.00906	0.01671	0.00703	0.00676
6	0.01938	0.01824	0.03078	0.61468	0.07068	0.02280	0.02850	0.02622	0.02052	0.02622	0.01824	0.02736	0.01368	0.01026	0.01026	0.00342	0.01368	0.00912	0.00456	0.01140
7	0.02245	0.02245	0.03143	0.02694	0.02694	0.03143	0.02245	0.02470	0.01572	0.02470	0.01347	0.02245	0.01347	0.01796	0.03368	0.00449	0.62057	0.00898	0.00449	0.01123
8	0.02276	0.24162	0.41675	0.02553	0.03866	0.02917	0.03144	0.03194	0.02141	0.02984	0.01710	0.02001	0.01305	0.00944	0.00874	0.00291	0.01383	0.00692	0.00435	0.01453
9	0.01542	0.01031	0.01291	0.01226	0.01467	0.00966	0.00919	0.02025	0.02758	0.04059	0.46516	0.06916	0.08306	0.01922	0.01114	0.00306	0.00483	0.01680	0.14507	0.00966
10	0.04397	0.01686	0.02272	0.01759	0.02510	0.01466	0.01447	0.04800	0.02877	0.54048	0.03995	0.03519	0.02547	0.01264	0.01008	0.00311	0.00843	0.01026	0.06541	0.01686
11	0.01486	0.01021	0.01251	0.01251	0.01296	0.01066	0.00786	0.01577	0.01531	0.02087	0.03113	0.06049	0.03441	0.49964	0.18798	0.01157	0.01431	0.01395	0.00604	0.00695
12	0.03135	0.01407	0.01692	0.01431	0.01940	0.01334	0.01139	0.03788	0.07133	0.27448	0.03723	0.03682	0.02635	0.01245	0.00882	0.00283	0.00678	0.01007	0.34062	0.01357
13	0.01278	0.00913	0.01223	0.01461	0.01533	0.00858	0.01001	0.01477	0.01992	0.02651	0.05641	0.59664	0.06726	0.03189	0.01317	0.00421	0.00620	0.06241	0.00952	0.00841
14	0.71184	0.01985	0.01508	0.01350	0.01985	0.02302	0.01111	0.03017	0.01746	0.04604	0.01429	0.01667	0.01111	0.00953	0.00635	0.00318	0.00794	0.00556	0.00635	0.01111
15	0.02422	0.02768	0.06055	0.04325	0.05363	0.02595	0.53806	0.03287	0.02422	0.03287	0.02076	0.02768	0.01557	0.00865	0.01211	0.00346	0.01730	0.01211	0.00519	0.01384
16	0.01815	0.01545	0.02461	0.35651	0.04926	0.01804	0.02332	0.02407	0.02186	0.02817	0.03388	0.06567	0.03334	0.01810	0.01196	0.00399	0.01185	0.22455	0.00668	0.01055
17	0.02281	0.02492	0.05185	0.21029	0.05862	0.02503	0.38911	0.03093	0.02314	0.03093	0.02002	0.02759	0.01502	0.00912	0.01157	0.00345	0.01624	0.01124	0.00501	0.01313
18	0.03497	0.32768	0.08184	0.01876	0.02767	0.02825	0.01806	0.03922	0.02461	0.26672	0.02595	0.02487	0.01846	0.01055	0.00845	0.00270	0.01033	0.00774	0.00799	0.01518
19	0.09598	0.01977	0.02448	0.07690	0.08247	0.01855	0.01650	0.06084	0.06146	0.09956	0.02253	0.02474	0.01719	0.00950	0.00863	0.00243	0.00902	0.00767	0.00718	0.33459
20	0.08068	0.02067	0.06919	0.24397	0.04395	0.01923	0.02163	0.03829	0.02460	0.29242	0.02855	0.02977	0.01902	0.01133	0.00998	0.00327	0.01104	0.00932	0.00854	0.01455
21	0.04604	0.01746	0.02382	0.01826	0.02620	0.01508	0.01508	0.05001	0.02937	0.58244	0.04049	0.03493	0.02540	0.01270	0.01032	0.00318	0.00873	0.01032	0.01270	0.01746
22	0.01480	0.01158	0.01355	0.01286	0.01595	0.01088	0.00970	0.02125	0.07840	0.03691	0.36542	0.08020	0.24648	0.02194	0.01195	0.00333	0.00528	0.01890	0.01063	0.00998
23	0.02944	0.13437	0.23739	0.02484	0.03592	0.02361	0.08461	0.03677	0.02400	0.18804	0.02429	0.02527	0.01702	0.01015	0.00952	0.00296	0.01236	0.00844	0.00695	0.06406
24	0.02399	0.01650	0.02125	0.08043	0.06538	0.01699	0.01556	0.03491	0.16362	0.13521	0.17873	0.05359	0.11790	0.01642	0.01103	0.00332	0.00786	0.01407	0.00996	0.01328
25	0.01250	0.00893	0.01191	0.01429	0.01488	0.00834	0.00953	0.01429	0.01965	0.02620	0.05656	0.63265	0.06787	0.03215	0.01310	0.00417	0.00595	0.02917	0.00953	0.00834
26	0.02348	0.01939	0.02723	0.03034	0.16056	0.01983	0.05461	0.03598	0.19178	0.07734	0.04822	0.05338	0.13602	0.01603	0.01116	0.00346	0.00935	0.05915	0.00866	0.01403
27	0.12758	0.06913	0.17827	0.09517	0.03818	0.05612	0.05178	0.11249	0.02664	0.11845	0.02174	0.02388	0.01548	0.01053	0.00940	0.00314	0.01246	0.00820	0.00689	0.01445
28	0.01439	0.01140	0.01308	0.01274	0.01575	0.01063	0.00951	0.02031	0.07522	0.03451	0.28489	0.13035	0.28282	0.02334	0.01204	0.00343	0.00539	0.02010	0.01034	0.00976
29	0.01291	0.00922	0.01238	0.01476	0.01553	0.00869	0.01024	0.01500	0.02005	0.02666	0.05633	0.58000	0.06698	0.03176	0.01321	0.00422	0.00631	0.07777	0.00952	0.00845
30	0.08341	0.02635	0.12708	0.13096	0.18898	0.02364	0.02642	0.03013	0.02152	0.07040	0.05013	0.02737	0.01954	0.01189	0.01393	0.00342	0.11624	0.00915	0.00576	0.01368
31	0.03069	0.46737	0.04640	0.02021	0.02795	0.20709	0.01824	0.03379	0.02331	0.02443	0.01474	0.01707	0.01318	0.00932	0.00738	0.00233	0.01322	0.00582	0.00466	0.01279
32	0.09169	0.06237	0.11634	0.02417	0.03283	0.05631	0.09902	0.10498	0.09332	0.07835	0.06199	0.02890	0.02308	0.01124	0.00977	0.00303	0.01154	0.00948	0.00752	0.07407
33	0.17127	0.08833	0.11010	0.07921	0.03349	0.10311	0.02090	0.10594	0.06293	0.06769	0.02025	0.02262	0.01533	0.01105	0.01024	0.00313	0.04640	0.00773	0.00663	0.01364
34	0.02219	0.19198	0.46136	0.02651	0.04018	0.02777	0.03314	0.03208	0.02148	0.03054	0.01744	0.02045	0.01304	0.00952	0.00901	0.00300	0.01418	0.00709	0.00435	0.01470
35	0.02377	0.18780	0.03736	0.02445	0.02678	0.03387	0.02115	0.02630	0.01708	0.02455	0.01368	0.02086	0.01339	0.01552	0.02649	0.00388	0.45879	0.00805	0.00446	0.01174
36	0.22584	0.02185	0.05990	0.01647	0.02507	0.01849	0.01436	0.06557	0.02259	0.07226	0.01889	0.02102	0.01462	0.00895	0.00774	0.00234	0.00856	0.00651	0.00673	0.36226
37	0.01654	0.01181	0.01654	0.01890	0.02126	0.01181	0.01654	0.02126	0.02362	0.03071	0.05433	0.11576	0.05906	0.02835	0.01417	0.00472	0.00945	0.50626	0.00945	0.00945
38	0.01559	0.01161	0.01464	0.01368	0.01643	0.01122	0.01032	0.02278	0.08026	0.04132	0.51867	0.07293	0.09047	0.02029	0.01194	0.00325	0.00516	0.01788	0.01121	0.01032
39	0.01938	0.01824	0.03078	0.61468	0.07068	0.02280	0.02850	0.02622	0.02052	0.02622	0.01824	0.02736	0.01368	0.01026	0.01026	0.00342	0.01368	0.00912	0.00456	0.01140
40	0.02245	0.02245	0.03143	0.02694	0.02694	0.03143	0.02245	0.02470	0.01572	0.02470	0.01347	0.02245	0.01347	0.01796	0.03368	0.00449	0.62057	0.00898	0.00449	0.01123
41	0.02058	0.05308	0.58618	0.02925	0.04442	0.02383	0.03792	0.03250	0.02167	0.03250	0.01842	0.02167	0.01300	0.00975	0.00975	0.00325	0.01517	0.00758	0.00433	0.01517
42	0.03629	0.01460	0.01865	0.01511	0.02104	0.01308	0.01222	0.04055	0.02653	0.38522	0.03795	0.03614	0.02573	0.01243	0.00918	0.00289	0.00730	0.01005	0.26046	0.01460
43	0.42332	0.01881	0.01887	0.01556	0.02260	0.01958	0.01283	0.03877	0.02262	0.27848	0.02564	0.02458	0.01731	0.01090	0.00807	0.00318	0.00828	0.00762	0.00910	0.01387
44	0.02058	0.05308	0.58618	0.02925	0.04442	0.02383	0.03792	0.03250	0.02167	0.03250	0.01842	0.02167	0.01300	0.00975	0.00975	0.00325	0.01517	0.00758	0.00433	0.01517
45	0.04543	0.01844	0.02442	0.01872	0.02668	0.01653	0.01547	0.09259	0.03101	0.53755	0.03911	0.03404	0.02471	0.01267	0.01032	0.00317	0.00895	0.01023	0.01249	0.01746
46	0.01250	0.00893	0.01191	0.01429	0.01488	0.00834	0.00953	0.01429	0.01965	0.02620	0.05656	0.63265	0.06787	0.03215	0.01310	0.00417	0.00595	0.02917	0.00953	0.00834
47	0.71184	0.01985	0.01508	0.01350	0.01985	0.02302	0.01111	0.03017	0.01746	0.04604	0.01429	0.01667	0.01111	0.00953	0.00635	0.00318	0.00794	0.00556	0.00635	0.01111
48	0.04604	0.01746	0.02382	0.01826	0.02620	0.01508	0.01508	0.05001	0.02937	0.58244	0.04049	0.03493	0.02540	0.01270	0.01032	0.00318	0.00873	0.01032	0.01270	0.01746
49	0.01258	0.01054	0.01102	0.01126	0.01461	0.00898	0.00869	0.01539	0.02341	0.02803	0.09890	0.10049	0.51901	0.02623	0.01234	0.00359	0.00563	0.07102	0.00952	0.00874
50	0.36560	0.01861	0.01962	0.01597	0.02315	0.01889	0.01318	0.04049	0.02366	0.32499	0.02791	0.02617	0.01854	0.01118	0.00841	0.00318	0.00835	0.00803	0.00965	0.01442
51	0.02687	0.08299	0.02872	0.12286	0.03504	0.02756	0.01901	0.12734	0.32923	0.04181	0.03225	0.03205	0.02426	0.01253	0.01001	0.00328	0.00987	0.01019	0.00882	0.01531
52	0.02394	0.13673	0.27852	0.08315	0.03845	0.02366	0.02640	0.03173	0.02201	0.07836	0.01959	0.02246	0.01462	0.00946	0.00889	0.00274	0.01223	0.00733	0.00545	0.15429

[dist]
# distance from previous block
# <min> <max>
0	2

[block]
# block no. 3 follows, 14 sequences, length 12
# corresponding to MSA columns:
# 140-151
name=unknown_D
#
# <colnr> <probs for GDERKNQSTAVLIFYWHMCP>
#	G	D	E	R	K	N	Q	S	T	A	V	L	I	F	Y	W	H	M	C	P
0	0.02089	0.04020	0.37225	0.17929	0.04897	0.02378	0.03277	0.03364	0.08846	0.03219	0.02130	0.02522	0.01547	0.01040	0.00997	0.00332	0.01390	0.00848	0.00516	0.01433
1	0.02576	0.01318	0.01442	0.01266	0.01664	0.01320	0.00994	0.09277	0.02608	0.12528	0.03345	0.03604	0.02505	0.01212	0.00805	0.00260	0.00621	0.00964	0.50514	0.01177
2	0.01659	0.01031	0.01309	0.01381	0.01576	0.00937	0.00964	0.01880	0.02155	0.09041	0.09225	0.40301	0.13986	0.07599	0.01564	0.00434	0.00640	0.02408	0.00974	0.00935
3	0.02612	0.24073	0.13774	0.01931	0.02804	0.02571	0.01931	0.03402	0.07672	0.10621	0.09755	0.03078	0.02821	0.01156	0.00892	0.00273	0.01001	0.00898	0.00721	0.08014
4	0.02924	0.01718	0.02110	0.01683	0.02368	0.01529	0.01338	0.06095	0.07824	0.21787	0.10038	0.08259	0.03463	0.01375	0.00991	0.00276	0.00774	0.01156	0.00983	0.23311
5	0.01270	0.00908	0.01208	0.01416	0.01493	0.00847	0.00954	0.01478	0.02056	0.02765	0.10648	0.57859	0.07069	0.03106	0.01300	0.00408	0.00585	0.02814	0.00970	0.00847
6	0.02005	0.01821	0.02825	0.46610	0.05916	0.02216	0.02546	0.03010	0.10331	0.02922	0.02533	0.03753	0.02075	0.01256	0.01066	0.00355	0.01242	0.05727	0.00593	0.01196
7	0.02532	0.19601	0.19029	0.14553	0.04297	0.02754	0.07504	0.03386	0.05528	0.08364	0.02111	0.02435	0.01578	0.01004	0.00934	0.00303	0.01288	0.00829	0.00568	0.01403
8	0.02817	0.01739	0.02402	0.02082	0.02392	0.02009	0.01707	0.03126	0.02124	0.20941	0.03036	0.04350	0.02618	0.07201	0.07925	0.00567	0.23669	0.07243	0.00806	0.01247
9	0.02768	0.01619	0.02188	0.09208	0.02833	0.01637	0.03915	0.10214	0.02775	0.17553	0.08647	0.11022	0.03470	0.01518	0.01022	0.00316	0.00854	0.01305	0.15841	0.01295
10	0.22059	0.11237	0.13616	0.07470	0.03525	0.05135	0.09515	0.03158	0.02183	0.06342	0.05255	0.02489	0.01882	0.01033	0.00889	0.00310	0.01189	0.00829	0.00597	0.01285
11	0.02922	0.55064	0.05024	0.01849	0.02718	0.03925	0.01786	0.10924	0.02507	0.03038	0.01586	0.01772	0.01383	0.00932	0.00715	0.00233	0.01102	0.00606	0.00529	0.01383

[dist]
# distance from previous block
# <min> <max>
0	1

[block]
# block no. 4 follows, 14 sequences, length 9
# corresponding to MSA columns:
# 153-161
name=unknown_E
#
# <colnr> <probs for GDERKNQSTAVLIFYWHMCP>
#	G	D	E	R	K	N	Q	S	T	A	V	L	I	F	Y	W	H	M	C	P
0	0.09588	0.07533	0.10822	0.02333	0.07674	0.02219	0.01959	0.11246	0.02687	0.14623	0.02301	0.02407	0.01677	0.01005	0.00888	0.00268	0.01018	0.00779	0.00758	0.18215
1	0.02100	0.01348	0.01663	0.05526	0.02089	0.01453	0.01224	0.02818	0.07950	0.08112	0.17890	0.04637	0.04407	0.01510	0.01165	0.00305	0.06002	0.01222	0.27460	0.01120
2	0.02249	0.01727	0.02898	0.23354	0.04343	0.01775	0.10254	0.02772	0.02226	0.10978	0.03170	0.18243	0.02966	0.01573	0.01108	0.00343	0.01108	0.01465	0.00725	0.06724
3	0.01943	0.04501	0.47769	0.02615	0.03890	0.02115	0.03257	0.03001	0.02307	0.03414	0.12293	0.03209	0.02889	0.01188	0.01020	0.00325	0.01321	0.00966	0.00565	0.01413
4	0.01452	0.01049	0.01372	0.01291	0.01533	0.00968	0.00968	0.01937	0.02905	0.04115	0.56992	0.07666	0.09683	0.02098	0.01210	0.00323	0.00484	0.01856	0.01130	0.00968
5	0.03792	0.01886	0.02647	0.18410	0.03911	0.01897	0.01926	0.09467	0.02889	0.37427	0.03267	0.03176	0.02132	0.01198	0.01030	0.00323	0.01037	0.00987	0.01019	0.01578
6	0.02135	0.04536	0.43718	0.03091	0.04335	0.02516	0.10614	0.03150	0.02122	0.03150	0.01808	0.02262	0.01342	0.01071	0.01332	0.00345	0.09741	0.00841	0.00447	0.01445
7	0.02553	0.02204	0.02320	0.02088	0.02669	0.02553	0.01624	0.05453	0.55679	0.04293	0.04177	0.03829	0.03133	0.01392	0.01044	0.00348	0.00812	0.01160	0.01044	0.01624
8	0.03124	0.01312	0.01598	0.01348	0.01836	0.01205	0.01073	0.03565	0.02505	0.28307	0.03663	0.03676	0.02590	0.01229	0.00859	0.00274	0.00656	0.00990	0.38878	0.01312

[dist]
# distance from previous block
# <min> <max>
8	62

[block]
# block no. 5 follows, 14 sequences, length 44
# corresponding to MSA columns:
# 234-277
name=unknown_F
#
# <colnr> <probs for GDERKNQSTAVLIFYWHMCP>
#	G	D	E	R	K	N	Q	S	T	A	V	L	I	F	Y	W	H	M	C	P
0	0.03538	0.02648	0.02827	0.02216	0.02973	0.02915	0.01815	0.45075	0.08985	0.05940	0.03341	0.03263	0.06954	0.01371	0.01045	0.00315	0.01046	0.01058	0.01021	0.01654
1	0.01452	0.01049	0.01372	0.01291	0.01533	0.00968	0.00968	0.01937	0.02905	0.04115	0.56992	0.07666	0.09683	0.02098	0.01210	0.00323	0.00484	0.01856	0.01130	0.00968
2	0.02744	0.64552	0.05378	0.01756	0.02634	0.04061	0.01756	0.03073	0.02085	0.02414	0.01427	0.01646	0.01317	0.00878	0.00658	0.00219	0.01097	0.00549	0.00439	0.01317
3	0.02128	0.01824	0.02128	0.01520	0.02432	0.01368	0.01216	0.02584	0.02128	0.03344	0.01824	0.02128	0.01520	0.00760	0.00760	0.00152	0.00760	0.00608	0.00608	0.70208
4	0.02234	0.01693	0.01904	0.01717	0.02184	0.01811	0.01328	0.03928	0.29871	0.08206	0.21640	0.05587	0.10145	0.01720	0.01112	0.00338	0.00685	0.01465	0.01080	0.01354
5	0.02128	0.01824	0.02128	0.01520	0.02432	0.01368	0.01216	0.02584	0.02128	0.03344	0.01824	0.02128	0.01520	0.00760	0.00760	0.00152	0.00760	0.00608	0.00608	0.70208
6	0.04220	0.01758	0.02342	0.01778	0.02591	0.01487	0.01463	0.04626	0.02812	0.49727	0.03703	0.03281	0.02382	0.01191	0.00990	0.00292	0.00856	0.00966	0.01167	0.12368
7	0.02848	0.01353	0.01834	0.01707	0.02133	0.01235	0.01365	0.03190	0.02467	0.27090	0.04724	0.19054	0.04474	0.06438	0.01487	0.00428	0.00840	0.15015	0.01067	0.01250
8	0.02529	0.07649	0.02515	0.01628	0.02520	0.01754	0.01343	0.06442	0.02385	0.08377	0.02031	0.02229	0.01608	0.00849	0.00794	0.00184	0.00827	0.00662	0.00681	0.52993
9	0.03210	0.02043	0.07316	0.01923	0.02585	0.01742	0.01646	0.06941	0.13060	0.27784	0.04127	0.16219	0.03409	0.01683	0.01089	0.00345	0.00875	0.01431	0.01067	0.01505
10	0.03654	0.03187	0.11958	0.02414	0.03346	0.02937	0.02216	0.42514	0.04266	0.09558	0.02474	0.02488	0.01729	0.01193	0.01019	0.00311	0.01174	0.00905	0.00948	0.01709
11	0.02189	0.01875	0.01980	0.01808	0.02315	0.02081	0.01398	0.04356	0.40583	0.03954	0.09163	0.05392	0.15172	0.01700	0.01092	0.00346	0.00727	0.01424	0.01031	0.01416
12	0.02245	0.02217	0.07380	0.01708	0.02669	0.01588	0.01504	0.06243	0.02320	0.03553	0.01870	0.02155	0.01516	0.00813	0.00798	0.00179	0.00855	0.00644	0.00621	0.59123
13	0.01987	0.01544	0.01802	0.01778	0.02107	0.01662	0.01372	0.06586	0.19878	0.03569	0.07747	0.19271	0.04932	0.07907	0.01581	0.00447	0.00813	0.12883	0.00966	0.01170
14	0.02549	0.08282	0.34781	0.02471	0.03706	0.02380	0.02843	0.09854	0.02558	0.07812	0.02059	0.02264	0.01487	0.00991	0.00931	0.00288	0.01272	0.00763	0.00601	0.12107
15	0.02715	0.07501	0.12795	0.08203	0.04059	0.02464	0.15781	0.04013	0.15762	0.11948	0.02799	0.02960	0.02028	0.01094	0.01044	0.00329	0.01250	0.01019	0.00742	0.01495
16	0.01250	0.00893	0.01191	0.01429	0.01488	0.00834	0.00953	0.01429	0.01965	0.02620	0.05656	0.63265	0.06787	0.03215	0.01310	0.00417	0.00595	0.02917	0.00953	0.00834
17	0.02368	0.02199	0.07848	0.28925	0.12963	0.02166	0.02502	0.03350	0.09647	0.08231	0.02504	0.02971	0.01863	0.01092	0.00996	0.00325	0.01159	0.00948	0.06588	0.01354
18	0.03305	0.09419	0.06812	0.11921	0.04035	0.02443	0.11706	0.11965	0.02867	0.21321	0.02649	0.02787	0.01833	0.01089	0.01018	0.00315	0.01215	0.00959	0.00820	0.01521
19	0.01783	0.01404	0.01602	0.01488	0.01850	0.01422	0.01131	0.06059	0.14057	0.03902	0.27908	0.11222	0.17991	0.02085	0.01171	0.00340	0.00614	0.01794	0.01052	0.01127
20	0.01283	0.00935	0.01210	0.01368	0.01487	0.00861	0.00940	0.01525	0.02169	0.02905	0.15392	0.48291	0.11932	0.02956	0.01283	0.00393	0.00568	0.02656	0.00985	0.00861
21	0.01250	0.00893	0.01191	0.01429	0.01488	0.00834	0.00953	0.01429	0.01965	0.02620	0.05656	0.63265	0.06787	0.03215	0.01310	0.00417	0.00595	0.02917	0.00953	0.00834
22	0.02963	0.52667	0.04903	0.01911	0.02741	0.11091	0.01798	0.06759	0.02381	0.02709	0.01519	0.01729	0.01347	0.00925	0.00718	0.00231	0.01195	0.00589	0.00491	0.01331
23	0.02470	0.20933	0.35343	0.02414	0.03653	0.02696	0.02862	0.03307	0.02208	0.07774	0.01918	0.02136	0.01427	0.00959	0.00879	0.00284	0.01295	0.00714	0.00519	0.06211
24	0.07826	0.13041	0.10379	0.05733	0.06126	0.09455	0.02109	0.10851	0.07504	0.13730	0.02420	0.02496	0.01767	0.01094	0.00924	0.00298	0.01181	0.00825	0.00755	0.01486
25	0.03317	0.02690	0.12079	0.03161	0.12095	0.02229	0.08962	0.08216	0.02692	0.24187	0.02725	0.02836	0.01895	0.01160	0.01258	0.00332	0.06785	0.00972	0.00824	0.01587
26	0.02431	0.22213	0.08651	0.19043	0.04032	0.02596	0.02117	0.02976	0.02150	0.06529	0.01848	0.02245	0.01460	0.00929	0.00842	0.00255	0.01121	0.00719	0.00539	0.17306
27	0.01481	0.01126	0.01413	0.01557	0.01837	0.01058	0.01312	0.01870	0.02353	0.02954	0.07375	0.10911	0.25946	0.02743	0.01337	0.00423	0.00779	0.31662	0.00948	0.00914
28	0.01584	0.00971	0.01237	0.01237	0.01253	0.00987	0.00768	0.01473	0.01456	0.01958	0.02722	0.05316	0.02998	0.39436	0.09710	0.23364	0.01118	0.01263	0.00559	0.00591
29	0.02763	0.40473	0.13546	0.02473	0.07292	0.03340	0.05791	0.03294	0.02217	0.07663	0.01810	0.02040	0.01464	0.00930	0.00808	0.00260	0.01198	0.00699	0.00523	0.01415
30	0.01938	0.01824	0.03078	0.61468	0.07068	0.02280	0.02850	0.02622	0.02052	0.02622	0.01824	0.02736	0.01368	0.01026	0.01026	0.00342	0.01368	0.00912	0.00456	0.01140
31	0.01466	0.01100	0.01649	0.01649	0.01833	0.01283	0.01283	0.01833	0.01649	0.02382	0.02749	0.04032	0.02566	0.07697	0.59868	0.01649	0.02749	0.01100	0.00550	0.00916
32	0.18709	0.02106	0.02535	0.19282	0.03902	0.02362	0.01916	0.14677	0.06839	0.14264	0.02462	0.02655	0.01742	0.01127	0.00939	0.00325	0.01051	0.00874	0.00817	0.01415
33	0.04604	0.01746	0.02382	0.01826	0.02620	0.01508	0.01508	0.05001	0.02937	0.58244	0.04049	0.03493	0.02540	0.01270	0.01032	0.00318	0.00873	0.01032	0.01270	0.01746
34	0.01507	0.01076	0.01485	0.01722	0.01894	0.01054	0.01398	0.01872	0.02217	0.02906	0.05515	0.30428	0.06227	0.02974	0.01378	0.00452	0.00817	0.33226	0.00948	0.00904
35	0.01492	0.00995	0.01119	0.01119	0.01119	0.00995	0.00622	0.01492	0.01492	0.01990	0.03233	0.06716	0.03731	0.63935	0.05223	0.00995	0.00995	0.01492	0.00622	0.00622
36	0.04604	0.01746	0.02382	0.01826	0.02620	0.01508	0.01508	0.05001	0.02937	0.58244	0.04049	0.03493	0.02540	0.01270	0.01032	0.00318	0.00873	0.01032	0.01270	0.01746
37	0.01250	0.00893	0.01191	0.01429	0.01488	0.00834	0.00953	0.01429	0.01965	0.02620	0.05656	0.63265	0.06787	0.03215	0.01310	0.00417	0.00595	0.02917	0.00953	0.00834
38	0.01938	0.01824	0.03078	0.61468	0.07068	0.02280	0.02850	0.02622	0.02052	0.02622	0.01824	0.02736	0.01368	0.01026	0.01026	0.00342	0.01368	0.00912	0.00456	0.01140
39	0.03739	0.10040	0.03121	0.02567	0.03126	0.55003	0.01963	0.04009	0.02837	0.02503	0.01572	0.01833	0.01321	0.01042	0.00902	0.00261	0.01786	0.00651	0.00521	0.01201
40	0.02409	0.02055	0.03437	0.34751	0.26240	0.02272	0.02846	0.03039	0.02241	0.07870	0.02064	0.02727	0.01572	0.01004	0.01023	0.00325	0.01266	0.00924	0.00549	0.01382
41	0.52882	0.02124	0.01873	0.01577	0.02260	0.02389	0.01300	0.12455	0.02413	0.09866	0.01857	0.01979	0.01357	0.01032	0.00742	0.00316	0.00862	0.00666	0.00764	0.01285
42	0.42729	0.06197	0.02198	0.01653	0.02285	0.02171	0.05980	0.02852	0.01887	0.03974	0.01810	0.02208	0.01464	0.01550	0.05993	0.00413	0.01044	0.00704	0.06942	0.05943
43	0.12834	0.09524	0.03183	0.07499	0.17254	0.02337	0.02043	0.07141	0.02573	0.22083	0.02543	0.02644	0.01814	0.01065	0.00927	0.00304	0.01034	0.00861	0.00805	0.01529

[dist]
# distance from previous block
# <min> <max>
0	16

[block]
# block no. 6 follows, 14 sequences, length 11
# corresponding to MSA columns:
# 294-304
name=unknown_G
#
# <colnr> <probs for GDERKNQSTAVLIFYWHMCP>
#	G	D	E	R	K	N	Q	S	T	A	V	L	I	F	Y	W	H	M	C	P
0	0.08399	0.18723	0.24046	0.02126	0.03097	0.02451	0.02318	0.03191	0.02196	0.11227	0.02562	0.10714	0.02238	0.01305	0.00922	0.00310	0.01126	0.01030	0.00649	0.01371
1	0.03119	0.01776	0.07469	0.01609	0.02236	0.01359	0.01432	0.03632	0.02629	0.29244	0.11271	0.04058	0.03473	0.01339	0.00961	0.00296	0.00768	0.01102	0.20845	0.01384
2	0.02717	0.01508	0.01906	0.01597	0.02081	0.01435	0.01263	0.10112	0.03182	0.20290	0.33885	0.05718	0.06484	0.01735	0.01133	0.00319	0.00688	0.01485	0.01156	0.01304
3	0.03794	0.11696	0.06191	0.07116	0.03230	0.07199	0.01890	0.11187	0.02953	0.30150	0.02915	0.02796	0.01974	0.01151	0.00963	0.00300	0.01104	0.00888	0.00933	0.01570
4	0.03101	0.01673	0.02069	0.01744	0.02316	0.01647	0.01383	0.04234	0.17902	0.27114	0.19551	0.04807	0.04795	0.01547	0.01088	0.00328	0.00742	0.01309	0.01165	0.01484
5	0.01250	0.00893	0.01191	0.01429	0.01488	0.00834	0.00953	0.01429	0.01965	0.02620	0.05656	0.63265	0.06787	0.03215	0.01310	0.00417	0.00595	0.02917	0.00953	0.00834
6	0.47198	0.02171	0.07219	0.01507	0.02162	0.02114	0.01360	0.03146	0.06446	0.04316	0.02015	0.02250	0.01548	0.01032	0.00717	0.00308	0.00817	0.00692	0.11811	0.01171
7	0.02934	0.09333	0.20347	0.07537	0.11451	0.02329	0.07946	0.03664	0.02415	0.18506	0.02452	0.02642	0.01725	0.01032	0.00993	0.00313	0.01264	0.00894	0.00689	0.01534
8	0.02629	0.01706	0.02026	0.01713	0.02213	0.01741	0.01353	0.13867	0.10675	0.13390	0.29622	0.05364	0.05949	0.01684	0.01120	0.00322	0.00728	0.01430	0.01119	0.01349
9	0.01380	0.00960	0.01212	0.01364	0.01420	0.00928	0.00904	0.01524	0.01834	0.02437	0.04751	0.37336	0.05583	0.25293	0.02746	0.00633	0.00777	0.07318	0.00831	0.00768
10	0.20353	0.02358	0.08325	0.16557	0.08431	0.02243	0.02142	0.07186	0.05232	0.14234	0.02330	0.02571	0.01662	0.01074	0.00922	0.00324	0.01083	0.00842	0.00732	0.01398

[dist]
# distance from previous block
# <min> <max>
0	3

[block]
# block no. 7 follows, 14 sequences, length 20
# corresponding to MSA columns:
# 308-327
name=unknown_H
#
# <colnr> <probs for GDERKNQSTAVLIFYWHMCP>
#	G	D	E	R	K	N	Q	S	T	A	V	L	I	F	Y	W	H	M	C	P
0	0.10383	0.02076	0.02427	0.01904	0.02634	0.02092	0.01562	0.21069	0.03458	0.29904	0.08879	0.03414	0.02893	0.01315	0.01011	0.00315	0.00911	0.01037	0.01112	0.01603
1	0.07192	0.12589	0.07635	0.19319	0.04646	0.02709	0.13906	0.09650	0.02544	0.07313	0.02030	0.02477	0.01512	0.01001	0.00979	0.00314	0.01312	0.00897	0.00608	0.01367
2	0.03901	0.02874	0.03080	0.02361	0.03182	0.03182	0.01951	0.54111	0.04825	0.06468	0.02464	0.02464	0.01745	0.01232	0.01027	0.00308	0.01129	0.00924	0.01027	0.01745
3	0.04604	0.01746	0.02382	0.01826	0.02620	0.01508	0.01508	0.05001	0.02937	0.58244	0.04049	0.03493	0.02540	0.01270	0.01032	0.00318	0.00873	0.01032	0.01270	0.01746
4	0.01250	0.00893	0.01191	0.01429	0.01488	0.00834	0.00953	0.01429	0.01965	0.02620	0.05656	0.63265	0.06787	0.03215	0.01310	0.00417	0.00595	0.02917	0.00953	0.00834
5	0.01247	0.00906	0.01177	0.01394	0.01479	0.00836	0.00937	0.01433	0.01998	0.02633	0.06080	0.58486	0.11293	0.03160	0.01301	0.00410	0.00589	0.02850	0.00953	0.00836
6	0.02737	0.02372	0.03995	0.05872	0.52295	0.02350	0.02993	0.03326	0.02394	0.08589	0.02132	0.02631	0.01713	0.00948	0.01017	0.00306	0.01186	0.00926	0.00581	0.01637
7	0.02245	0.02245	0.03143	0.02694	0.02694	0.03143	0.02245	0.02470	0.01572	0.02470	0.01347	0.02245	0.01347	0.01796	0.03368	0.00449	0.62057	0.00898	0.00449	0.01123
8	0.02058	0.05308	0.58618	0.02925	0.04442	0.02383	0.03792	0.03250	0.02167	0.03250	0.01842	0.02167	0.01300	0.00975	0.00975	0.00325	0.01517	0.00758	0.00433	0.01517
9	0.01936	0.01161	0.01499	0.01351	0.01693	0.01045	0.01035	0.02382	0.02850	0.12706	0.43508	0.07227	0.13561	0.02018	0.01182	0.00324	0.00551	0.01756	0.01134	0.01083
10	0.03590	0.01449	0.01845	0.01498	0.02083	0.01300	0.01210	0.04018	0.02641	0.37741	0.03785	0.03618	0.02574	0.01242	0.00913	0.00288	0.00724	0.01004	0.27027	0.01449
11	0.01466	0.01100	0.01649	0.01649	0.01833	0.01283	0.01283	0.01833	0.01649	0.02382	0.02749	0.04032	0.02566	0.07697	0.59868	0.01649	0.02749	0.01100	0.00550	0.00916
12	0.01452	0.01049	0.01372	0.01291	0.01533	0.00968	0.00968	0.01937	0.02905	0.04115	0.56992	0.07666	0.09683	0.02098	0.01210	0.00323	0.00484	0.01856	0.01130	0.00968
13	0.01328	0.00949	0.01280	0.01518	0.01611	0.00901	0.01088	0.01563	0.02041	0.02707	0.05613	0.53305	0.06618	0.03142	0.01331	0.00428	0.00663	0.12110	0.00951	0.00855
14	0.71184	0.01985	0.01508	0.01350	0.01985	0.02302	0.01111	0.03017	0.01746	0.04604	0.01429	0.01667	0.01111	0.00953	0.00635	0.00318	0.00794	0.00556	0.00635	0.01111
15	0.02422	0.02768	0.06055	0.04325	0.05363	0.02595	0.53806	0.03287	0.02422	0.03287	0.02076	0.02768	0.01557	0.00865	0.01211	0.00346	0.01730	0.01211	0.00519	0.01384
16	0.01419	0.01027	0.01373	0.01571	0.01733	0.00981	0.01215	0.01738	0.02210	0.02907	0.09351	0.35467	0.10302	0.02947	0.01338	0.00427	0.00719	0.21425	0.00961	0.00888
17	0.02217	0.02390	0.04993	0.09958	0.04973	0.02307	0.39902	0.02978	0.02344	0.03149	0.02609	0.07939	0.02306	0.01229	0.01217	0.00362	0.01539	0.05726	0.00582	0.01279
18	0.02694	0.37528	0.17952	0.02188	0.03153	0.03470	0.02314	0.09808	0.02430	0.03158	0.01660	0.01924	0.01371	0.01013	0.00975	0.00273	0.05491	0.00674	0.00516	0.01409
19	0.03285	0.08590	0.03053	0.02790	0.15468	0.01961	0.01845	0.03739	0.02497	0.25298	0.02700	0.02722	0.01933	0.01014	0.00919	0.00262	0.00949	0.00844	0.00833	0.19299

[dist]
# distance from previous block
# <min> <max>
0	4

[block]
# block no. 8 follows, 14 sequences, length 72
# corresponding to MSA columns:
# 332-403
name=unknown_I
#
# <colnr> <probs for GDERKNQSTAVLIFYWHMCP>
#	G	D	E	R	K	N	Q	S	T	A	V	L	I	F	Y	W	H	M	C	P
0	0.13432	0.01810	0.02335	0.02492	0.11147	0.01955	0.01680	0.03118	0.05972	0.14087	0.03789	0.12072	0.08591	0.01677	0.01402	0.00356	0.10659	0.01317	0.00818	0.01291
1	0.10958	0.01847	0.02346	0.01817	0.02598	0.01700	0.01501	0.08207	0.02953	0.49504	0.03687	0.03246	0.02348	0.01237	0.00993	0.00317	0.00883	0.00979	0.01192	0.01685
2	0.01742	0.01477	0.02141	0.26038	0.03903	0.01652	0.01791	0.02526	0.07594	0.03433	0.26263	0.05418	0.08715	0.01623	0.01119	0.00335	0.00881	0.01422	0.00834	0.01095
3	0.02821	0.20987	0.15188	0.02879	0.09383	0.06433	0.09183	0.03439	0.02345	0.10430	0.02044	0.02294	0.01559	0.00956	0.00909	0.00278	0.01274	0.00796	0.00586	0.06215
4	0.03578	0.02096	0.02265	0.01879	0.02479	0.07353	0.01464	0.07918	0.13043	0.29641	0.03592	0.03850	0.02674	0.11436	0.01704	0.00428	0.00993	0.01088	0.01033	0.01487
5	0.01250	0.00893	0.01191	0.01429	0.01488	0.00834	0.00953	0.01429	0.01965	0.02620	0.05656	0.63265	0.06787	0.03215	0.01310	0.00417	0.00595	0.02917	0.00953	0.00834
6	0.06939	0.01874	0.05761	0.06493	0.09348	0.01744	0.01678	0.05803	0.07947	0.07523	0.11869	0.10308	0.07972	0.08448	0.01526	0.00407	0.00897	0.01409	0.00834	0.01219
7	0.06153	0.02770	0.15582	0.24944	0.10215	0.02312	0.09738	0.03048	0.05562	0.03111	0.02075	0.02814	0.01627	0.04322	0.01239	0.00369	0.01347	0.00945	0.00522	0.01305
8	0.01733	0.01189	0.01396	0.01315	0.01605	0.01191	0.00995	0.02560	0.10229	0.04063	0.35104	0.06091	0.06861	0.01756	0.01055	0.00304	0.00529	0.01516	0.19450	0.01059
9	0.01250	0.00893	0.01191	0.01429	0.01488	0.00834	0.00953	0.01429	0.01965	0.02620	0.05656	0.63265	0.06787	0.03215	0.01310	0.00417	0.00595	0.02917	0.00953	0.00834
10	0.06217	0.03291	0.25442	0.21052	0.13537	0.02270	0.03088	0.02949	0.02148	0.03145	0.02083	0.03044	0.01692	0.01112	0.01008	0.00337	0.01339	0.04389	0.00501	0.01355
11	0.02807	0.61064	0.05233	0.01808	0.02665	0.07320	0.01769	0.03133	0.02133	0.02420	0.01436	0.01658	0.01317	0.00888	0.00674	0.00222	0.01141	0.00555	0.00444	0.01310
12	0.11610	0.02137	0.06050	0.01916	0.02754	0.01785	0.05126	0.07287	0.02589	0.19066	0.06377	0.02915	0.02338	0.01078	0.00917	0.00267	0.00920	0.00883	0.00847	0.23136
13	0.02727	0.02952	0.10424	0.24273	0.09953	0.08836	0.02618	0.15451	0.06070	0.03786	0.02105	0.02546	0.01575	0.01083	0.01009	0.00320	0.01335	0.00882	0.00638	0.01416
14	0.02244	0.05048	0.54510	0.02845	0.04308	0.02319	0.03625	0.03378	0.02223	0.07267	0.02003	0.02263	0.01391	0.00997	0.00979	0.00324	0.01470	0.00778	0.00494	0.01533
15	0.02662	0.02939	0.03082	0.02681	0.02820	0.18004	0.02176	0.02897	0.01922	0.02481	0.01410	0.02142	0.01340	0.01602	0.02727	0.00401	0.46269	0.00836	0.00470	0.01140
16	0.03700	0.01775	0.02289	0.01714	0.02551	0.01457	0.01402	0.04118	0.02642	0.38192	0.03236	0.02994	0.02168	0.01084	0.00933	0.00257	0.00832	0.00877	0.01028	0.26752
17	0.01654	0.01181	0.01654	0.01890	0.02126	0.01181	0.01654	0.02126	0.02362	0.03071	0.05433	0.11576	0.05906	0.02835	0.01417	0.00472	0.00945	0.50626	0.00945	0.00945
18	0.01452	0.01049	0.01372	0.01291	0.01533	0.00968	0.00968	0.01937	0.02905	0.04115	0.56992	0.07666	0.09683	0.02098	0.01210	0.00323	0.00484	0.01856	0.01130	0.00968
19	0.01938	0.01824	0.03078	0.61468	0.07068	0.02280	0.02850	0.02622	0.02052	0.02622	0.01824	0.02736	0.01368	0.01026	0.01026	0.00342	0.01368	0.00912	0.00456	0.01140
20	0.02245	0.02245	0.03143	0.02694	0.02694	0.03143	0.02245	0.02470	0.01572	0.02470	0.01347	0.02245	0.01347	0.01796	0.03368	0.00449	0.62057	0.00898	0.00449	0.01123
21	0.02058	0.05308	0.58618	0.02925	0.04442	0.02383	0.03792	0.03250	0.02167	0.03250	0.01842	0.02167	0.01300	0.00975	0.00975	0.00325	0.01517	0.00758	0.00433	0.01517
22	0.04604	0.01746	0.02382	0.01826	0.02620	0.01508	0.01508	0.05001	0.02937	0.58244	0.04049	0.03493	0.02540	0.01270	0.01032	0.00318	0.00873	0.01032	0.01270	0.01746
23	0.04604	0.01746	0.02382	0.01826	0.02620	0.01508	0.01508	0.05001	0.02937	0.58244	0.04049	0.03493	0.02540	0.01270	0.01032	0.00318	0.00873	0.01032	0.01270	0.01746
24	0.02058	0.05308	0.58618	0.02925	0.04442	0.02383	0.03792	0.03250	0.02167	0.03250	0.01842	0.02167	0.01300	0.00975	0.00975	0.00325	0.01517	0.00758	0.00433	0.01517
25	0.04537	0.01855	0.02449	0.01877	0.02674	0.01669	0.01551	0.09724	0.03119	0.53265	0.03896	0.03394	0.02464	0.01266	0.01031	0.00317	0.00898	0.01022	0.01247	0.01746
26	0.01241	0.00930	0.01153	0.01331	0.01463	0.00842	0.00909	0.01440	0.02059	0.02658	0.06850	0.49812	0.19470	0.03060	0.01285	0.00399	0.00576	0.02728	0.00953	0.00842
27	0.71184	0.01985	0.01508	0.01350	0.01985	0.02302	0.01111	0.03017	0.01746	0.04604	0.01429	0.01667	0.01111	0.00953	0.00635	0.00318	0.00794	0.00556	0.00635	0.01111
28	0.04228	0.02350	0.02755	0.02112	0.02921	0.02404	0.01745	0.31274	0.03947	0.30545	0.03201	0.02942	0.02115	0.01250	0.01029	0.00312	0.01010	0.00974	0.01140	0.01746
29	0.01336	0.01122	0.01293	0.07675	0.01992	0.01040	0.01004	0.01632	0.02265	0.02773	0.11993	0.08638	0.42603	0.08291	0.01578	0.00407	0.00656	0.01942	0.00879	0.00880
30	0.11888	0.01772	0.02286	0.01774	0.02550	0.01595	0.01465	0.04784	0.02807	0.52376	0.03762	0.03293	0.02384	0.01235	0.00989	0.00318	0.00865	0.00980	0.01201	0.01677
31	0.10718	0.24883	0.03588	0.02004	0.02661	0.08504	0.01749	0.07189	0.02419	0.14278	0.02037	0.02197	0.01579	0.01154	0.01213	0.00297	0.10739	0.00741	0.00682	0.01370
32	0.02508	0.02243	0.06623	0.15769	0.03787	0.02043	0.01947	0.08621	0.11050	0.07577	0.02429	0.02678	0.01824	0.01025	0.00930	0.00268	0.01012	0.00842	0.00721	0.26103
33	0.14953	0.11355	0.10362	0.05899	0.03128	0.02428	0.05215	0.11148	0.02704	0.09272	0.10980	0.03145	0.02839	0.01205	0.00939	0.00307	0.01041	0.00962	0.00764	0.01352
34	0.02762	0.01798	0.01979	0.01748	0.02279	0.01950	0.01369	0.04580	0.32228	0.14015	0.03939	0.03767	0.02895	0.01319	0.00958	0.00314	0.00737	0.01084	0.18804	0.01474
35	0.01817	0.02787	0.21805	0.07213	0.11626	0.01761	0.02409	0.02520	0.02317	0.03247	0.13506	0.11425	0.10097	0.01633	0.01096	0.00336	0.01042	0.01418	0.00698	0.01246
36	0.15488	0.08279	0.18364	0.02427	0.06651	0.06423	0.02266	0.07330	0.02532	0.17447	0.02321	0.02391	0.01634	0.01058	0.00905	0.00306	0.01167	0.00789	0.00735	0.01485
37	0.01304	0.00941	0.01281	0.01451	0.01547	0.00918	0.01006	0.01542	0.02005	0.02726	0.10133	0.48546	0.06398	0.03817	0.10566	0.00603	0.00925	0.02528	0.00906	0.00860
38	0.01250	0.00893	0.01191	0.01429	0.01488	0.00834	0.00953	0.01429	0.01965	0.02620	0.05656	0.63265	0.06787	0.03215	0.01310	0.00417	0.00595	0.02917	0.00953	0.00834
