[name]
unknown

[dist]
# distance from previous block
# <min> <max>
0	156

[block]
# block no. 0 follows, 12 sequences, length 47
# corresponding to MSA columns:
# 392-438
name=unknown_A
#
# <colnr> <probs for GDERKNQSTAVLIFYWHMCP>
#	G	D	E	R	K	N	Q	S	T	A	V	L	I	F	Y	W	H	M	C	P
0	0.01669	0.01284	0.01572	0.01612	0.01932	0.01248	0.01304	0.02372	0.07687	0.03623	0.20774	0.09829	0.19750	0.02572	0.01347	0.00409	0.00733	0.18151	0.01072	0.01061
1	0.02122	0.01472	0.02025	0.01872	0.02139	0.01688	0.01462	0.06115	0.02110	0.07376	0.02932	0.04212	0.02660	0.11692	0.38318	0.01339	0.07505	0.01169	0.00687	0.01107
2	0.02915	0.62337	0.05714	0.01866	0.02799	0.04314	0.01866	0.03265	0.02215	0.02565	0.01516	0.01749	0.01399	0.00933	0.00700	0.00233	0.01166	0.00583	0.00466	0.01399
3	0.02764	0.02862	0.03896	0.19767	0.33702	0.11844	0.03052	0.03371	0.02507	0.03207	0.01959	0.02629	0.01601	0.01028	0.01066	0.00327	0.01451	0.00925	0.00529	0.01513
4	0.01354	0.00969	0.01288	0.01501	0.01587	0.00903	0.01014	0.01583	0.02207	0.02974	0.11790	0.54646	0.07580	0.03274	0.01379	0.00431	0.00618	0.02965	0.01035	0.00903
5	0.02051	0.01342	0.01501	0.01371	0.01831	0.01204	0.01059	0.02622	0.07077	0.12183	0.13629	0.08543	0.36763	0.02356	0.01240	0.00361	0.00640	0.01970	0.01097	0.01161
6	0.07539	0.24041	0.10239	0.02548	0.07275	0.08005	0.02188	0.07192	0.07541	0.10237	0.02345	0.02450	0.01796	0.01103	0.00912	0.00298	0.01223	0.00809	0.00713	0.01547
7	0.01408	0.01109	0.01271	0.01230	0.01546	0.00971	0.00923	0.01797	0.02768	0.03617	0.31407	0.09388	0.33656	0.02511	0.01287	0.00356	0.00534	0.02146	0.01101	0.00971
8	0.01586	0.01057	0.01189	0.01189	0.01189	0.01057	0.00661	0.01586	0.01586	0.02114	0.03436	0.07135	0.03964	0.61681	0.05550	0.01057	0.01057	0.01586	0.00661	0.00661
9	0.02860	0.13386	0.04171	0.08453	0.07504	0.02450	0.15123	0.03409	0.02492	0.13832	0.03116	0.12717	0.02751	0.01455	0.01122	0.00346	0.01245	0.01371	0.00770	0.01430
10	0.09698	0.10183	0.07403	0.03240	0.12473	0.07370	0.06078	0.12636	0.12581	0.04286	0.02471	0.02672	0.01908	0.01143	0.01007	0.00325	0.01253	0.00930	0.00751	0.01591
11	0.02302	0.02186	0.03710	0.39137	0.25531	0.02486	0.03149	0.02999	0.02295	0.03081	0.01981	0.02828	0.01558	0.01045	0.01086	0.00348	0.01393	0.00970	0.00506	0.01408
12	0.02529	0.14107	0.13599	0.03407	0.17610	0.02613	0.02521	0.03403	0.06650	0.03439	0.02108	0.02450	0.01709	0.00977	0.00932	0.00272	0.01166	0.00805	0.00588	0.19116
13	0.02174	0.03620	0.26958	0.17359	0.04846	0.02198	0.02991	0.03078	0.02258	0.03306	0.01946	0.02449	0.01466	0.00985	0.00985	0.00298	0.01342	0.00803	0.00519	0.20416
14	0.03131	0.20628	0.13025	0.03157	0.12993	0.06860	0.02519	0.09502	0.06730	0.08117	0.02301	0.02489	0.01774	0.01094	0.00960	0.00303	0.01281	0.00844	0.00686	0.01606
15	0.02962	0.40314	0.18453	0.02198	0.03298	0.03525	0.02398	0.03559	0.02346	0.09149	0.01964	0.02128	0.01550	0.01010	0.00835	0.00275	0.01254	0.00703	0.00571	0.01509
16	0.01894	0.00947	0.01420	0.01420	0.01420	0.00947	0.00947	0.01420	0.01420	0.01894	0.01894	0.03314	0.01894	0.03788	0.04261	0.68277	0.00947	0.00947	0.00473	0.00473
17	0.01836	0.01673	0.02523	0.22622	0.13945	0.01770	0.02105	0.02336	0.02345	0.02996	0.05692	0.10383	0.21774	0.01879	0.01187	0.00364	0.01020	0.01639	0.00735	0.01176
18	0.26575	0.02346	0.03235	0.04354	0.30968	0.02441	0.02404	0.03492	0.02324	0.09221	0.02086	0.02470	0.01630	0.01024	0.00938	0.00330	0.01098	0.00849	0.00668	0.01546
19	0.01328	0.00949	0.01265	0.01518	0.01581	0.00886	0.01012	0.01518	0.02088	0.02783	0.06010	0.60969	0.07212	0.03416	0.01392	0.00443	0.00633	0.03100	0.01012	0.00886
20	0.01307	0.01034	0.01178	0.01293	0.01522	0.00905	0.00912	0.01544	0.02305	0.02872	0.08757	0.33429	0.32978	0.03059	0.01335	0.00402	0.00589	0.02664	0.01012	0.00905
21	0.04014	0.01661	0.02249	0.01791	0.02481	0.01452	0.01452	0.04460	0.03112	0.42190	0.17416	0.04874	0.04689	0.01580	0.01146	0.00339	0.00819	0.01326	0.01310	0.01639
22	0.02263	0.01612	0.01857	0.01653	0.01925	0.01738	0.01177	0.14917	0.02564	0.03467	0.03115	0.05365	0.03156	0.34972	0.14612	0.01000	0.01464	0.01342	0.00760	0.01041
23	0.04145	0.03054	0.03272	0.02509	0.03381	0.03381	0.02072	0.51243	0.05127	0.06872	0.02618	0.02618	0.01854	0.01309	0.01091	0.00327	0.01200	0.00982	0.01091	0.01854
24	0.15198	0.02876	0.12721	0.12718	0.24123	0.02439	0.02857	0.03428	0.02343	0.08323	0.02118	0.02577	0.01608	0.01043	0.00999	0.00337	0.01258	0.00881	0.00615	0.01536
25	0.02563	0.02752	0.05580	0.10056	0.19850	0.02680	0.33110	0.03388	0.02513	0.03449	0.02138	0.02869	0.01657	0.00949	0.01210	0.00355	0.01649	0.01169	0.00542	0.01520
26	0.01894	0.00947	0.01420	0.01420	0.01420	0.00947	0.00947	0.01420	0.01420	0.01894	0.01894	0.03314	0.01894	0.03788	0.04261	0.68277	0.00947	0.00947	0.00473	0.00473
27	0.06920	0.13355	0.02937	0.13570	0.03452	0.02208	0.01733	0.02686	0.02140	0.03123	0.02328	0.08307	0.02175	0.01880	0.06385	0.00412	0.01201	0.00992	0.00611	0.23585
28	0.10547	0.14514	0.08983	0.02882	0.03794	0.02864	0.18704	0.03700	0.11231	0.03730	0.06430	0.03114	0.02491	0.01144	0.01045	0.00334	0.01293	0.01067	0.00690	0.01444
29	0.01657	0.01362	0.01868	0.01929	0.01999	0.01573	0.01461	0.01897	0.02029	0.02799	0.04781	0.39779	0.05583	0.02972	0.01979	0.00459	0.16165	0.07856	0.00871	0.00980
30	0.03442	0.02010	0.03064	0.18261	0.08389	0.02049	0.05567	0.07033	0.02819	0.24970	0.03137	0.03316	0.02157	0.01207	0.01074	0.00337	0.01144	0.01049	0.07417	0.01558
31	0.09614	0.30637	0.04761	0.02457	0.03352	0.03350	0.12231	0.03812	0.08771	0.07988	0.02283	0.02475	0.01793	0.01044	0.00910	0.00299	0.01218	0.00862	0.00666	0.01475
32	0.63807	0.02189	0.01745	0.01526	0.02217	0.02526	0.01257	0.07310	0.02135	0.05061	0.01612	0.01844	0.01238	0.01038	0.00710	0.00337	0.00874	0.00624	0.00710	0.01238
33	0.01480	0.01073	0.01334	0.01336	0.01527	0.00994	0.00939	0.01819	0.02575	0.03524	0.31555	0.18018	0.13929	0.12615	0.02030	0.00486	0.00633	0.02154	0.01051	0.00927
34	0.01518	0.01029	0.01209	0.01276	0.01292	0.01012	0.00753	0.01568	0.01717	0.02290	0.04112	0.21275	0.04817	0.46377	0.04458	0.00896	0.00946	0.01983	0.00753	0.00720
35	0.03281	0.28413	0.14137	0.02696	0.09388	0.03050	0.02378	0.03857	0.02505	0.17022	0.02406	0.02490	0.01782	0.01068	0.00914	0.00293	0.01201	0.00808	0.00710	0.01600
36	0.02059	0.01938	0.03270	0.59060	0.07510	0.02422	0.03028	0.02786	0.02180	0.02786	0.01938	0.02907	0.01453	0.01090	0.01090	0.00363	0.01453	0.00969	0.00484	0.01211
37	0.01403	0.01027	0.01198	0.01304	0.01515	0.00924	0.00921	0.01684	0.02341	0.03110	0.11851	0.32142	0.24373	0.02858	0.01282	0.00388	0.00580	0.02500	0.07675	0.00924
38	0.02810	0.10464	0.17847	0.04707	0.30377	0.02683	0.03173	0.03560	0.02467	0.08601	0.02187	0.02582	0.01694	0.01021	0.01024	0.00320	0.01326	0.00894	0.00591	0.01671
39	0.02177	0.04166	0.35651	0.02679	0.03842	0.02290	0.03107	0.03612	0.11350	0.03701	0.07073	0.04282	0.03030	0.01447	0.01125	0.00368	0.01318	0.06569	0.00700	0.01512
40	0.01867	0.01679	0.02744	0.43969	0.05955	0.02019	0.02499	0.02453	0.02156	0.02785	0.03006	0.18135	0.02964	0.01700	0.01169	0.00384	0.01238	0.01528	0.00623	0.01126
41	0.04248	0.01815	0.02411	0.01930	0.02668	0.01639	0.01592	0.07891	0.03203	0.42832	0.09167	0.04800	0.03683	0.01574	0.01149	0.00351	0.00913	0.05143	0.01288	0.01702
42	0.03194	0.25471	0.09351	0.07973	0.03708	0.03011	0.06419	0.03982	0.07001	0.15897	0.02603	0.02709	0.01915	0.01108	0.00956	0.00307	0.01212	0.00888	0.00748	0.01548
43	0.03015	0.03157	0.17853	0.12192	0.16584	0.02311	0.07210	0.03808	0.02560	0.16747	0.02599	0.02904	0.01835	0.01099	0.01092	0.00343	0.01358	0.00986	0.00718	0.01629
44	0.02841	0.03788	0.30063	0.02465	0.03600	0.02154	0.02776	0.08366	0.02820	0.14263	0.07710	0.03334	0.02678	0.01262	0.01054	0.00334	0.01232	0.01012	0.06674	0.01575
45	0.03681	0.09002	0.17312	0.02373	0.03420	0.02528	0.02375	0.13302	0.06705	0.23708	0.03095	0.02962	0.02105	0.01227	0.01042	0.00330	0.01181	0.00957	0.00960	0.01736
46	0.03024	0.45159	0.14153	0.02092	0.03133	0.03677	0.02213	0.03543	0.02339	0.09073	0.01927	0.02081	0.01552	0.01001	0.00806	0.00265	0.01216	0.00684	0.00571	0.01491

[dist]
# distance from previous block
# <min> <max>
0	7

[block]
# block no. 1 follows, 12 sequences, length 14
# corresponding to MSA columns:
# 446-459
name=unknown_B
#
# <colnr> <probs for GDERKNQSTAVLIFYWHMCP>
#	G	D	E	R	K	N	Q	S	T	A	V	L	I	F	Y	W	H	M	C	P
0	0.01920	0.06976	0.06645	0.01655	0.02290	0.01556	0.01435	0.02437	0.02568	0.03698	0.23121	0.11216	0.05650	0.01697	0.01073	0.00287	0.00770	0.01458	0.00876	0.22672
1	0.02731	0.30417	0.27793	0.02491	0.03718	0.03417	0.02850	0.08794	0.02584	0.03449	0.01837	0.02093	0.01443	0.01021	0.00893	0.00294	0.01368	0.00727	0.00535	0.01545
2	0.02471	0.12229	0.29796	0.04144	0.19881	0.02809	0.06921	0.03398	0.02365	0.03368	0.01944	0.02394	0.01509	0.00994	0.01022	0.00325	0.01470	0.00861	0.00492	0.01608
3	0.02599	0.02983	0.15369	0.04429	0.25218	0.02256	0.07047	0.03359	0.02513	0.08179	0.02933	0.04493	0.02571	0.01392	0.01167	0.00366	0.01324	0.09561	0.00682	0.01558
4	0.02159	0.01405	0.01825	0.01885	0.02194	0.01397	0.01515	0.07833	0.02713	0.08231	0.05366	0.27655	0.05782	0.02812	0.01381	0.00446	0.00888	0.22329	0.01048	0.01136
5	0.06611	0.02036	0.03140	0.20970	0.10317	0.02159	0.06275	0.03732	0.07039	0.16530	0.03119	0.08096	0.02462	0.01358	0.01111	0.00359	0.01178	0.01213	0.00826	0.01471
6	0.01352	0.00967	0.01287	0.01502	0.01587	0.00902	0.01014	0.01579	0.02199	0.02961	0.11420	0.55052	0.07556	0.03283	0.01380	0.00432	0.00619	0.02973	0.01033	0.00902
7	0.03043	0.02363	0.03339	0.30104	0.11159	0.02679	0.02636	0.18599	0.03239	0.08703	0.02371	0.02859	0.01720	0.01169	0.01090	0.00345	0.01309	0.00984	0.00759	0.01531
8	0.02644	0.02302	0.03868	0.24860	0.34032	0.02454	0.03097	0.03302	0.02426	0.07363	0.02187	0.02852	0.01706	0.01043	0.01085	0.00339	0.01323	0.00980	0.00584	0.01555
9	0.01349	0.00980	0.01273	0.01468	0.01578	0.00905	0.00999	0.01582	0.02232	0.02975	0.11836	0.50876	0.11463	0.03229	0.01371	0.00425	0.00613	0.02907	0.01033	0.00905
10	0.07483	0.01404	0.01724	0.09332	0.02475	0.01504	0.01289	0.06343	0.02201	0.03125	0.03984	0.26344	0.04443	0.20540	0.02536	0.00601	0.00943	0.01944	0.00811	0.00973
11	0.02074	0.02380	0.09572	0.52377	0.07176	0.02436	0.03148	0.02866	0.02195	0.02866	0.01940	0.02835	0.01445	0.01084	0.01084	0.00361	0.01472	0.00949	0.00482	0.01259
12	0.10574	0.02004	0.02881	0.19345	0.15438	0.02173	0.02279	0.06998	0.02533	0.09038	0.02966	0.13493	0.02706	0.01529	0.01094	0.00360	0.01119	0.01332	0.00757	0.01382
13	0.01754	0.01057	0.01416	0.01569	0.01725	0.00971	0.01083	0.01972	0.02211	0.09096	0.05806	0.54131	0.06673	0.03169	0.01356	0.00430	0.00668	0.02860	0.01052	0.01001

[dist]
# distance from previous block
# <min> <max>
0	13

[block]
# block no. 2 follows, 12 sequences, length 51
# corresponding to MSA columns:
# 473-523
name=unknown_C
#
# <colnr> <probs for GDERKNQSTAVLIFYWHMCP>
#	G	D	E	R	K	N	Q	S	T	A	V	L	I	F	Y	W	H	M	C	P
0	0.02566	0.02174	0.03891	0.19328	0.10602	0.02200	0.15800	0.03252	0.02486	0.09285	0.02879	0.04370	0.02425	0.01333	0.01189	0.00365	0.01372	0.08117	0.00698	0.05667
1	0.17726	0.02929	0.08397	0.02161	0.02994	0.09379	0.01906	0.08914	0.08693	0.21858	0.02976	0.02860	0.02060	0.01226	0.00987	0.00334	0.01138	0.00912	0.00955	0.01595
2	0.01832	0.01427	0.01705	0.01627	0.01953	0.01470	0.01218	0.03003	0.16633	0.04183	0.33266	0.15038	0.07908	0.02203	0.01254	0.00365	0.00628	0.01940	0.01147	0.01199
3	0.03203	0.12190	0.03635	0.02619	0.03072	0.14142	0.02180	0.14239	0.02827	0.03600	0.01767	0.02260	0.01518	0.01468	0.02058	0.00367	0.25977	0.00855	0.00633	0.01390
4	0.02756	0.26185	0.31499	0.02519	0.03795	0.03088	0.02960	0.03590	0.02361	0.08906	0.02054	0.02254	0.01534	0.01033	0.00918	0.00303	0.01371	0.00756	0.00561	0.01560
5	0.02132	0.04060	0.33520	0.26981	0.05910	0.02485	0.03602	0.03168	0.02250	0.03168	0.01949	0.02560	0.01412	0.01059	0.01059	0.00353	0.01544	0.00875	0.00471	0.01441
6	0.01531	0.01052	0.01349	0.01378	0.01574	0.00983	0.00994	0.01944	0.02688	0.03845	0.33693	0.24087	0.08503	0.02491	0.01261	0.00364	0.00550	0.02216	0.08513	0.00983
7	0.02924	0.12040	0.13256	0.08911	0.03782	0.02828	0.02392	0.13094	0.13258	0.07760	0.02980	0.03575	0.02349	0.01343	0.01057	0.00343	0.01199	0.04511	0.00823	0.01574
8	0.07461	0.02572	0.08541	0.17994	0.09245	0.02415	0.11153	0.08564	0.02705	0.07935	0.02674	0.03873	0.02187	0.01305	0.01138	0.00367	0.01357	0.06368	0.00709	0.01437
9	0.01694	0.01368	0.02013	0.01935	0.02097	0.01687	0.01531	0.02058	0.01739	0.02546	0.02676	0.03972	0.02513	0.07148	0.48532	0.01543	0.12238	0.01133	0.00567	0.01010
10	0.03264	0.03477	0.07897	0.08996	0.03912	0.21860	0.07841	0.03797	0.02763	0.11314	0.07501	0.03140	0.02538	0.01292	0.01269	0.00335	0.05686	0.01016	0.00725	0.01376
11	0.03148	0.09232	0.08773	0.18345	0.08296	0.02596	0.08108	0.08511	0.02781	0.15831	0.02558	0.02872	0.01817	0.01123	0.01065	0.00335	0.01320	0.00979	0.00757	0.01552
12	0.01496	0.01104	0.01412	0.01536	0.01694	0.01070	0.01074	0.02003	0.06423	0.03344	0.18584	0.42518	0.07709	0.02949	0.01341	0.00411	0.00620	0.02653	0.01069	0.00991
13	0.01684	0.01058	0.01374	0.01513	0.01690	0.00962	0.01051	0.01907	0.02238	0.08138	0.06418	0.49365	0.12205	0.03132	0.01350	0.00424	0.00653	0.02805	0.01046	0.00988
14	0.02476	0.10222	0.21373	0.02995	0.04034	0.02424	0.15912	0.03279	0.02424	0.07832	0.02947	0.10760	0.02640	0.01453	0.01147	0.00360	0.01397	0.04217	0.00670	0.01437
15	0.02838	0.03861	0.26144	0.04290	0.23376	0.02540	0.03342	0.08094	0.02719	0.09084	0.02291	0.02624	0.01690	0.01069	0.01064	0.00335	0.01384	0.00914	0.00639	0.01703
16	0.01492	0.01054	0.01295	0.01381	0.01490	0.01007	0.00931	0.01692	0.02114	0.02819	0.12569	0.24366	0.10135	0.25307	0.02959	0.00661	0.00803	0.06185	0.00906	0.00834
17	0.02823	0.01945	0.03204	0.28569	0.09925	0.02078	0.06127	0.03417	0.02476	0.16811	0.03042	0.09534	0.02460	0.01392	0.01139	0.00362	0.01239	0.01263	0.00781	0.01413
18	0.09260	0.07673	0.28265	0.02517	0.03697	0.02547	0.02788	0.07662	0.07733	0.13662	0.02627	0.02683	0.01843	0.01151	0.01004	0.00337	0.01276	0.00882	0.00761	0.01633
19	0.03322	0.02117	0.03476	0.13392	0.17345	0.02087	0.07295	0.03913	0.02683	0.23096	0.03224	0.03983	0.02438	0.01309	0.01146	0.00356	0.01213	0.05128	0.00878	0.01597
20	0.09432	0.19100	0.11377	0.01979	0.02975	0.02536	0.01936	0.03714	0.02443	0.17089	0.02407	0.02462	0.01764	0.01038	0.00876	0.00272	0.01063	0.00766	0.00756	0.16014
21	0.02627	0.25166	0.12535	0.02423	0.07139	0.02943	0.02167	0.08585	0.02736	0.03687	0.10543	0.03127	0.02969	0.01198	0.00938	0.00281	0.01109	0.00933	0.00683	0.08211
22	0.09718	0.43780	0.04794	0.01990	0.02802	0.03926	0.01869	0.08734	0.02464	0.03303	0.01635	0.01911	0.01433	0.01076	0.01013	0.00278	0.06639	0.00665	0.00560	0.01410
23	0.02026	0.10268	0.26993	0.02382	0.03319	0.02135	0.02664	0.02835	0.02408	0.03350	0.08932	0.10306	0.03998	0.01816	0.01163	0.00376	0.01214	0.11779	0.00715	0.01320
24	0.01831	0.00947	0.01403	0.01431	0.01438	0.00940	0.00954	0.01431	0.01494	0.01992	0.02350	0.09702	0.02483	0.03747	0.03943	0.60761	0.00912	0.01185	0.00533	0.00519
25	0.02281	0.12970	0.49526	0.02947	0.04471	0.02763	0.03749	0.03429	0.02291	0.03338	0.01900	0.02231	0.01384	0.01023	0.00992	0.00331	0.01554	0.00777	0.00461	0.01584
26	0.39703	0.02226	0.02172	0.01777	0.02534	0.02407	0.01466	0.13126	0.02826	0.18622	0.02465	0.02446	0.01711	0.01159	0.00867	0.00335	0.00935	0.00800	0.00933	0.01490
27	0.01787	0.01167	0.01409	0.01426	0.01676	0.01079	0.01051	0.02049	0.02303	0.07473	0.09783	0.15008	0.19755	0.18190	0.02441	0.00577	0.00805	0.10110	0.00960	0.00952
28	0.01543	0.01115	0.01457	0.01372	0.01629	0.01029	0.01029	0.02058	0.03086	0.04372	0.54304	0.08145	0.10288	0.02229	0.01286	0.00343	0.00514	0.01972	0.01200	0.01029
29	0.03936	0.02132	0.02569	0.02044	0.02844	0.02085	0.01655	0.10456	0.16456	0.30698	0.03882	0.03519	0.02648	0.01319	0.01067	0.00325	0.00929	0.01069	0.01178	0.09188
30	0.03491	0.02152	0.02497	0.02078	0.02742	0.02249	0.01655	0.17398	0.16131	0.19642	0.07564	0.10417	0.03677	0.01671	0.01145	0.00355	0.00923	0.01392	0.01168	0.01653
31	0.02440	0.02548	0.02951	0.26614	0.04775	0.13866	0.02404	0.02925	0.02201	0.02684	0.01988	0.02887	0.01685	0.02606	0.12358	0.00634	0.11793	0.00949	0.00519	0.01173
32	0.02059	0.01938	0.03270	0.59060	0.07510	0.02422	0.03028	0.02786	0.02180	0.02786	0.01938	0.02907	0.01453	0.01090	0.01090	0.00363	0.01453	0.00969	0.00484	0.01211
33	0.27989	0.07655	0.02534	0.06358	0.02940	0.08618	0.01580	0.03532	0.02322	0.11520	0.02065	0.02266	0.01557	0.01034	0.00834	0.00290	0.01056	0.00719	0.00723	0.14408
34	0.02676	0.19594	0.26250	0.02532	0.03681	0.03120	0.02778	0.08403	0.13493	0.03781	0.02440	0.02568	0.01852	0.01130	0.00969	0.00319	0.01294	0.00856	0.00662	0.01603
35	0.01490	0.01025	0.01257	0.01378	0.01420	0.00998	0.00877	0.01601	0.01853	0.02466	0.04654	0.29833	0.05461	0.33728	0.03564	0.00766	0.00877	0.05148	0.00829	0.00776
36	0.02943	0.02633	0.03660	0.02898	0.03690	0.02849	0.14728	0.13686	0.30738	0.04712	0.03511	0.03501	0.02613	0.01300	0.01153	0.00361	0.01182	0.01200	0.00959	0.01683
37	0.10420	0.02090	0.02722	0.03142	0.16259	0.02154	0.01992	0.03924	0.15535	0.09777	0.07410	0.04432	0.03322	0.01444	0.01083	0.00347	0.00964	0.05767	0.00900	0.06318
38	0.02206	0.04666	0.41891	0.02715	0.04158	0.02249	0.03309	0.03267	0.02291	0.03479	0.01952	0.02291	0.01443	0.00976	0.00976	0.00297	0.01400	0.00764	0.00509	0.19161
39	0.01586	0.01057	0.01189	0.01189	0.01189	0.01057	0.00661	0.01586	0.01586	0.02114	0.03436	0.07135	0.03964	0.61681	0.05550	0.01057	0.01057	0.01586	0.00661	0.00661
40	0.01586	0.01057	0.01189	0.01189	0.01189	0.01057	0.00661	0.01586	0.01586	0.02114	0.03436	0.07135	0.03964	0.61681	0.05550	0.01057	0.01057	0.01586	0.00661	0.00661
41	0.02804	0.03797	0.22637	0.03504	0.10098	0.02783	0.10883	0.13922	0.10644	0.04364	0.02525	0.02788	0.01862	0.01134	0.01105	0.00346	0.01411	0.01006	0.00716	0.01670
42	0.01946	0.01680	0.02367	0.02171	0.02234	0.02170	0.01713	0.02150	0.01705	0.02513	0.02466	0.08519	0.02554	0.08635	0.19606	0.06331	0.28415	0.01254	0.00570	0.01002
43	0.01799	0.01149	0.01524	0.01638	0.01873	0.01072	0.01254	0.02139	0.02444	0.08072	0.11577	0.32188	0.11011	0.02924	0.01374	0.00431	0.00740	0.14701	0.01063	0.01028
44	0.02437	0.09966	0.14525	0.16862	0.05093	0.02803	0.15446	0.03706	0.11564	0.03400	0.02419	0.02876	0.01828	0.01087	0.01090	0.00347	0.01445	0.01024	0.00609	0.01473
45	0.01970	0.01559	0.01577	0.01553	0.01686	0.06550	0.01090	0.02198	0.02029	0.02881	0.03638	0.16962	0.03838	0.20873	0.02743	0.00576	0.07402	0.01610	0.18346	0.00919
46	0.02041	0.01794	0.02895	0.10414	0.25074	0.01828	0.02316	0.02519	0.02310	0.03164	0.03827	0.24495	0.04113	0.02064	0.01235	0.00389	0.01048	0.06433	0.00749	0.01294
47	0.01461	0.01093	0.01405	0.01519	0.01732	0.01036	0.01153	0.01804	0.02389	0.03148	0.14707	0.25774	0.17763	0.03476	0.07024	0.00553	0.00898	0.11121	0.00998	0.00949
48	0.02497	0.03464	0.25508	0.03346	0.14300	0.02087	0.02928	0.03331	0.02530	0.10240	0.06627	0.04521	0.06392	0.01459	0.01134	0.00357	0.01252	0.05775	0.00733	0.01521
49	0.04526	0.01948	0.02664	0.08308	0.03349	0.01818	0.01793	0.08243	0.03157	0.46371	0.03922	0.03546	0.02502	0.01318	0.01095	0.00340	0.01005	0.01074	0.01236	0.01784
50	0.03306	0.01773	0.05576	0.01808	0.02430	0.01405	0.01524	0.03768	0.02889	0.30932	0.16715	0.14107	0.05218	0.01884	0.01188	0.00357	0.00823	0.01621	0.01199	0.01477

[dist]
# distance from previous block
# <min> <max>
2	48

[block]
# block no. 3 follows, 12 sequences, length 43
# corresponding to MSA columns:
# 572-614
name=unknown_D
#
# <colnr> <probs for GDERKNQSTAVLIFYWHMCP>
#	G	D	E	R	K	N	Q	S	T	A	V	L	I	F	Y	W	H	M	C	P
0	0.03552	0.35413	0.04505	0.02431	0.08629	0.03214	0.01944	0.03959	0.02548	0.20428	0.02508	0.02512	0.01871	0.01077	0.00875	0.00278	0.01101	0.00798	0.00770	0.01589
1	0.02633	0.17507	0.13394	0.02864	0.12307	0.02530	0.02307	0.03256	0.02451	0.07690	0.07292	0.02930	0.02496	0.01097	0.00944	0.00275	0.01112	0.00888	0.00662	0.15366
2	0.03389	0.03873	0.13457	0.03416	0.08194	0.15760	0.12768	0.13722	0.03215	0.08315	0.02283	0.02570	0.01679	0.01110	0.01096	0.00328	0.01577	0.00956	0.00714	0.01579
3	0.02554	0.03234	0.22362	0.19128	0.08932	0.02187	0.02982	0.03367	0.02396	0.11847	0.02753	0.08610	0.02231	0.01336	0.01101	0.00357	0.01329	0.01144	0.00676	0.01474
4	0.02281	0.02228	0.03986	0.12592	0.16950	0.02273	0.16596	0.03169	0.07425	0.03361	0.03138	0.15009	0.02960	0.01532	0.01210	0.00372	0.01298	0.01531	0.00690	0.01398
5	0.02779	0.30276	0.28480	0.02443	0.03678	0.03226	0.02832	0.03556	0.02346	0.08281	0.01997	0.02199	0.01521	0.01022	0.00894	0.00295	0.01347	0.00737	0.00552	0.01542
6	0.16309	0.07737	0.08032	0.02618	0.03529	0.08017	0.12051	0.07859	0.02783	0.17131	0.02511	0.02638	0.01777	0.01110	0.01006	0.00329	0.01303	0.00924	0.00809	0.01529
7	0.01763	0.01075	0.01447	0.01605	0.01771	0.00996	0.01139	0.02004	0.02238	0.08744	0.05799	0.50585	0.06630	0.03152	0.01368	0.00436	0.00696	0.06499	0.01049	0.01004
8	0.03366	0.01742	0.02194	0.01829	0.02423	0.01671	0.01452	0.09249	0.07437	0.26743	0.18656	0.09639	0.05215	0.01780	0.01176	0.00349	0.00809	0.01513	0.01229	0.01526
9	0.02487	0.01919	0.02745	0.17173	0.12337	0.02076	0.02148	0.08448	0.07594	0.07925	0.03646	0.19731	0.03488	0.01824	0.01178	0.00374	0.01061	0.01621	0.00846	0.01379
10	0.01672	0.06580	0.06540	0.02136	0.07884	0.01505	0.01542	0.02042	0.02280	0.02958	0.06372	0.29514	0.19819	0.02543	0.01239	0.00382	0.00809	0.02223	0.00868	0.01093
11	0.04499	0.03069	0.02847	0.02310	0.03078	0.18007	0.01846	0.14695	0.03534	0.30138	0.03195	0.02979	0.02149	0.01276	0.01063	0.00319	0.01284	0.00959	0.01068	0.01685
12	0.03861	0.02347	0.02693	0.02192	0.02955	0.02482	0.01769	0.17139	0.22848	0.23561	0.03927	0.03572	0.02728	0.01389	0.01100	0.00347	0.00972	0.01120	0.01191	0.01805
13	0.02258	0.02186	0.02888	0.24334	0.04633	0.07528	0.06170	0.03287	0.11751	0.03289	0.07278	0.13071	0.03476	0.01628	0.01165	0.00368	0.01215	0.01451	0.00758	0.01265
14	0.01345	0.00983	0.01266	0.01457	0.01574	0.00904	0.00993	0.01577	0.02232	0.02961	0.11405	0.50030	0.12810	0.03224	0.01370	0.00424	0.00612	0.02897	0.01031	0.00904
15	0.01996	0.01147	0.01503	0.01541	0.01795	0.01036	0.01105	0.02274	0.02429	0.12558	0.11923	0.39864	0.10891	0.02842	0.01317	0.00405	0.00665	0.02532	0.01096	0.01081
16	0.10989	0.02206	0.02609	0.02048	0.02863	0.02201	0.01682	0.16107	0.07472	0.34815	0.03632	0.03285	0.02396	0.01317	0.01054	0.00338	0.00979	0.01029	0.01201	0.01777
17	0.01318	0.00988	0.01224	0.01413	0.01554	0.00894	0.00966	0.01530	0.02188	0.02824	0.07286	0.48177	0.19180	0.03250	0.01366	0.00424	0.00612	0.02897	0.01012	0.00894
18	0.01661	0.01082	0.01264	0.01219	0.01491	0.01009	0.00914	0.02138	0.02742	0.04062	0.31680	0.07192	0.14463	0.02002	0.01119	0.00318	0.00518	0.01716	0.22400	0.01009
19	0.02835	0.04001	0.29431	0.02657	0.03822	0.02547	0.02897	0.08535	0.17369	0.10322	0.03017	0.03012	0.02147	0.01226	0.01069	0.00350	0.01276	0.00980	0.00811	0.01695
20	0.04241	0.02967	0.03076	0.02479	0.03248	0.17842	0.06691	0.04896	0.07245	0.30880	0.03351	0.03162	0.02275	0.01252	0.01084	0.00327	0.01312	0.01014	0.01023	0.01636
21	0.01836	0.01539	0.02130	0.01973	0.02055	0.01933	0.01520	0.02077	0.01683	0.02456	0.02563	0.04384	0.02616	0.19683	0.26611	0.01158	0.21043	0.01204	0.00568	0.00966
22	0.02915	0.62337	0.05714	0.01866	0.02799	0.04314	0.01866	0.03265	0.02215	0.02565	0.01516	0.01749	0.01399	0.00933	0.00700	0.00233	0.01166	0.00583	0.00466	0.01399
23	0.03024	0.03744	0.27137	0.07278	0.04081	0.02362	0.02873	0.12190	0.02951	0.14770	0.02855	0.06989	0.02171	0.01328	0.01089	0.00349	0.01312	0.01079	0.00800	0.01619
24	0.02926	0.01424	0.01879	0.01588	0.02100	0.01261	0.01253	0.03382	0.03052	0.25740	0.29860	0.06476	0.10668	0.01903	0.01207	0.00343	0.00691	0.01632	0.01248	0.01367
25	0.03707	0.02599	0.06991	0.02250	0.03055	0.02449	0.01937	0.22213	0.11349	0.19981	0.03665	0.08863	0.02813	0.01532	0.01120	0.00350	0.01047	0.01247	0.01110	0.01720
26	0.03601	0.02223	0.03343	0.13958	0.20328	0.02242	0.02466	0.08735	0.02942	0.24566	0.02986	0.03134	0.02078	0.01177	0.01089	0.00337	0.01168	0.01022	0.00908	0.01697
27	0.03075	0.46370	0.09607	0.02156	0.03077	0.14369	0.02101	0.03491	0.02392	0.02663	0.01587	0.01839	0.01399	0.00979	0.00784	0.00252	0.01359	0.00625	0.00484	0.01392
28	0.02515	0.02972	0.10152	0.04058	0.10427	0.02523	0.29778	0.03549	0.06550	0.03592	0.02305	0.02843	0.01765	0.00965	0.01155	0.00331	0.01526	0.01106	0.00600	0.11288
29	0.08095	0.14819	0.09206	0.02968	0.03977	0.02865	0.19010	0.08465	0.02782	0.13832	0.02442	0.02678	0.01767	0.01060	0.01046	0.00327	0.01372	0.00986	0.00743	0.01560
30	0.02930	0.01839	0.02688	0.03152	0.17385	0.01767	0.01918	0.03629	0.06824	0.19021	0.15774	0.10234	0.04733	0.01668	0.01167	0.00348	0.00900	0.01481	0.01028	0.01514
31	0.01405	0.01034	0.01334	0.01545	0.01696	0.00963	0.01127	0.01670	0.02236	0.02904	0.06798	0.43122	0.14852	0.03229	0.01397	0.00442	0.00692	0.11629	0.01011	0.00914
32	0.08947	0.17753	0.39628	0.02670	0.04041	0.02915	0.03274	0.03387	0.02239	0.03399	0.01817	0.02128	0.01365	0.01011	0.00927	0.00320	0.01438	0.00736	0.00483	0.01523
33	0.03489	0.14279	0.11904	0.02773	0.07890	0.02562	0.06341	0.04355	0.07698	0.23311	0.03044	0.02998	0.02135	0.01165	0.01027	0.00323	0.01182	0.00971	0.00880	0.01673
34	0.04892	0.01856	0.02530	0.01940	0.02783	0.01603	0.01603	0.05314	0.03121	0.55634	0.04302	0.03711	0.02699	0.01350	0.01096	0.00337	0.00928	0.01096	0.01350	0.01856
35	0.04192	0.02041	0.02652	0.07642	0.03304	0.02010	0.01801	0.08849	0.11438	0.38051	0.03956	0.03603	0.02613	0.01342	0.01098	0.00344	0.00991	0.01097	0.01204	0.01771
36	0.02645	0.08617	0.29104	0.02890	0.04067	0.02380	0.10897	0.03525	0.02447	0.11637	0.02791	0.09161	0.02291	0.01325	0.01100	0.00350	0.01395	0.01171	0.00680	0.01529
37	0.02946	0.02894	0.02908	0.02456	0.03039	0.16177	0.07195	0.12279	0.11565	0.04187	0.13290	0.08938	0.04120	0.01615	0.01154	0.00340	0.01223	0.01370	0.00914	0.01390
38	0.01510	0.01061	0.01371	0.01438	0.01511	0.01100	0.00956	0.01672	0.01766	0.02411	0.03967	0.20520	0.04465	0.30908	0.19363	0.01095	0.01481	0.01865	0.00731	0.00810
39	0.02841	0.09156	0.04489	0.19852	0.12961	0.02748	0.15451	0.07377	0.02672	0.08597	0.02268	0.02809	0.01698	0.01052	0.01098	0.00338	0.01427	0.01024	0.00644	0.01497
40	0.10245	0.30516	0.18973	0.02569	0.07111	0.03405	0.02517	0.07292	0.02460	0.03503	0.01769	0.02047	0.01431	0.01004	0.00851	0.00291	0.01266	0.00707	0.00545	0.01496
41	0.01341	0.00989	0.01255	0.01437	0.01568	0.00904	0.00983	0.01573	0.02241	0.02949	0.11066	0.47990	0.15303	0.03204	0.01365	0.00422	0.00609	0.02869	0.01029	0.00904
42	0.01328	0.00949	0.01265	0.01518	0.01581	0.00886	0.01012	0.01518	0.02088	0.02783	0.06010	0.60969	0.07212	0.03416	0.01392	0.00443	0.00633	0.03100	0.01012	0.00886

[dist]
# distance from previous block
# <min> <max>
0	1

[block]
# block no. 4 follows, 12 sequences, length 100
# corresponding to MSA columns:
# 616-642,674-683,713-775
name=unknown_E
#
# <colnr> <probs for GDERKNQSTAVLIFYWHMCP>
#	G	D	E	R	K	N	Q	S	T	A	V	L	I	F	Y	W	H	M	C	P
0	0.03190	0.03394	0.12893	0.03642	0.08615	0.02973	0.18674	0.23791	0.03609	0.04930	0.02328	0.02681	0.01702	0.01108	0.01146	0.00343	0.01485	0.01054	0.00765	0.01678
1	0.01788	0.01160	0.01443	0.01341	0.01660	0.01052	0.01016	0.02255	0.02924	0.07928	0.39219	0.07889	0.16616	0.02178	0.01231	0.00340	0.00551	0.01887	0.06451	0.01071
2	0.20805	0.17772	0.16225	0.02240	0.03227	0.07965	0.02264	0.11138	0.02688	0.04108	0.01817	0.02049	0.01410	0.01057	0.00863	0.00308	0.01265	0.00714	0.00630	0.01454
3	0.03796	0.02881	0.03076	0.02438	0.03249	0.03219	0.01988	0.40188	0.16749	0.06310	0.03061	0.02971	0.02213	0.01350	0.01095	0.00338	0.01118	0.01043	0.01095	0.01823
4	0.01437	0.01044	0.01371	0.01545	0.01699	0.00978	0.01131	0.01744	0.02364	0.03150	0.14574	0.39303	0.11467	0.03090	0.01385	0.00430	0.00671	0.10642	0.01043	0.00934
5	0.02331	0.14136	0.44200	0.03040	0.04505	0.02825	0.07566	0.03427	0.02311	0.03320	0.01909	0.02270	0.01407	0.01010	0.01005	0.00330	0.01562	0.00811	0.00469	0.01567
6	0.03069	0.23127	0.26940	0.02426	0.03634	0.02888	0.02748	0.03836	0.02469	0.15621	0.02373	0.02459	0.01702	0.01077	0.00941	0.00307	0.01304	0.00803	0.00675	0.01601
7	0.02786	0.01398	0.01917	0.01865	0.02285	0.01291	0.01521	0.03183	0.02628	0.22062	0.05299	0.20967	0.05210	0.02509	0.01330	0.00428	0.00887	0.20020	0.01131	0.01283
8	0.03101	0.53155	0.05292	0.02017	0.02890	0.12830	0.01904	0.03440	0.02356	0.02582	0.01543	0.01784	0.01400	0.00963	0.00745	0.00241	0.01295	0.00602	0.00482	0.01378
9	0.03589	0.07363	0.03321	0.07785	0.15969	0.02332	0.02190	0.04528	0.11108	0.25448	0.03338	0.03287	0.02352	0.01221	0.01060	0.00333	0.01071	0.01034	0.00964	0.01711
10	0.02595	0.02485	0.04239	0.15147	0.47232	0.02564	0.03295	0.03256	0.02434	0.03437	0.02033	0.02732	0.01683	0.00991	0.01081	0.00330	0.01321	0.00971	0.00531	0.01644
11	0.01444	0.01154	0.01321	0.01404	0.01733	0.01031	0.01136	0.01795	0.02493	0.03051	0.09300	0.11091	0.38487	0.02844	0.01361	0.00413	0.00702	0.17283	0.01010	0.00948
12	0.03570	0.42307	0.04659	0.01890	0.02794	0.03416	0.01779	0.03943	0.02515	0.20140	0.02438	0.02399	0.01830	0.01071	0.00831	0.00268	0.01087	0.00753	0.00759	0.01550
13	0.02472	0.10412	0.42101	0.03065	0.04500	0.02797	0.07705	0.07946	0.02584	0.03697	0.02000	0.02336	0.01451	0.01042	0.01032	0.00335	0.01551	0.00843	0.00528	0.01602
14	0.01397	0.00998	0.01344	0.01597	0.01690	0.00945	0.01132	0.01637	0.02155	0.02860	0.05972	0.53148	0.07061	0.03351	0.01410	0.00452	0.00692	0.10241	0.01011	0.00905
15	0.04600	0.02130	0.02939	0.02229	0.03096	0.01975	0.05332	0.12594	0.03404	0.43899	0.03875	0.03478	0.02485	0.01311	0.01110	0.00338	0.01039	0.01092	0.01249	0.01827
16	0.04032	0.02121	0.02762	0.02514	0.07503	0.02072	0.01897	0.15880	0.03459	0.31025	0.03916	0.04674	0.02956	0.01561	0.01157	0.00359	0.01039	0.08199	0.01161	0.01713
17	0.03643	0.02853	0.08043	0.02717	0.03640	0.02671	0.10054	0.20549	0.12362	0.17076	0.03208	0.03154	0.02237	0.01261	0.01123	0.00345	0.01217	0.01087	0.01012	0.01748
18	0.53553	0.02656	0.02250	0.01919	0.02614	0.10909	0.05631	0.03407	0.02108	0.04429	0.01603	0.01903	0.01256	0.01021	0.00775	0.00331	0.01102	0.00668	0.00647	0.01219
19	0.02642	0.02518	0.04340	0.19358	0.30779	0.02642	0.10470	0.07375	0.02649	0.03640	0.02095	0.02782	0.01657	0.01023	0.01115	0.00341	0.01411	0.01020	0.00575	0.01567
20	0.01309	0.01024	0.01187	0.01318	0.01529	0.00903	0.00923	0.01541	0.02280	0.02862	0.08452	0.36491	0.30113	0.03099	0.01342	0.00407	0.00594	0.02712	0.01012	0.00903
21	0.03098	0.48218	0.05051	0.02025	0.02897	0.08711	0.01893	0.07349	0.06301	0.03064	0.01836	0.02010	0.01580	0.01020	0.00786	0.00255	0.01215	0.00673	0.00572	0.01448
22	0.02261	0.01938	0.02261	0.01615	0.02584	0.01453	0.01292	0.02745	0.02261	0.03553	0.01938	0.02261	0.01615	0.00807	0.00807	0.00161	0.00807	0.00646	0.00646	0.68346
23	0.04892	0.01856	0.02530	0.01940	0.02783	0.01603	0.01603	0.05314	0.03121	0.55634	0.04302	0.03711	0.02699	0.01350	0.01096	0.00337	0.00928	0.01096	0.01350	0.01856
24	0.01414	0.00985	0.01240	0.01409	0.01452	0.00942	0.00896	0.01541	0.01921	0.02562	0.05157	0.43141	0.06136	0.22711	0.02769	0.00646	0.00773	0.02598	0.00896	0.00811
25	0.01411	0.01025	0.01338	0.01491	0.01640	0.00953	0.01063	0.01710	0.02389	0.03210	0.17750	0.40526	0.11599	0.03052	0.01368	0.00418	0.00629	0.06439	0.01056	0.00932
26	0.01741	0.01609	0.02977	0.02537	0.02945	0.01505	0.17540	0.02172	0.02248	0.03018	0.04750	0.41752	0.05371	0.02589	0.01357	0.00418	0.01032	0.02499	0.00860	0.01079
27	0.02160	0.01840	0.01955	0.01832	0.02335	0.01995	0.01431	0.04093	0.31931	0.03916	0.06740	0.06895	0.20504	0.02034	0.01202	0.00381	0.00772	0.05519	0.01068	0.01398
28	0.03624	0.01997	0.02447	0.02075	0.02726	0.02003	0.01699	0.15563	0.07848	0.24999	0.04329	0.10403	0.03611	0.01841	0.01197	0.00377	0.00973	0.09514	0.01172	0.01601
29	0.10859	0.02064	0.02557	0.01980	0.02812	0.01956	0.01635	0.12178	0.03310	0.43350	0.03780	0.03360	0.02426	0.01311	0.01056	0.00336	0.00962	0.01031	0.01246	0.01792
30	0.02638	0.02529	0.04317	0.11631	0.50412	0.02575	0.03316	0.03293	0.02454	0.03489	0.02040	0.02718	0.01701	0.00983	0.01080	0.00328	0.01310	0.00971	0.00535	0.01678
31	0.04892	0.01856	0.02530	0.01940	0.02783	0.01603	0.01603	0.05314	0.03121	0.55634	0.04302	0.03711	0.02699	0.01350	0.01096	0.00337	0.00928	0.01096	0.01350	0.01856
32	0.01623	0.01265	0.01878	0.01840	0.02020	0.01520	0.01444	0.02001	0.01746	0.02539	0.02803	0.04133	0.02623	0.07681	0.53099	0.01651	0.07418	0.01151	0.00576	0.00991
33	0.24927	0.02016	0.01969	0.01881	0.02407	0.06997	0.01572	0.03312	0.02456	0.13043	0.03717	0.06314	0.03494	0.01877	0.01109	0.00397	0.01028	0.19330	0.00915	0.01238
34	0.16154	0.02377	0.02659	0.02075	0.02900	0.02460	0.01714	0.23171	0.03690	0.27181	0.03134	0.02929	0.02092	0.01273	0.01019	0.00333	0.01021	0.00960	0.01126	0.01734
35	0.03183	0.01593	0.02066	0.01709	0.02267	0.01472	0.01361	0.07614	0.03274	0.26307	0.28726	0.05797	0.06356	0.01778	0.01189	0.00339	0.00748	0.01517	0.01254	0.01449
36	0.02487	0.02375	0.04043	0.24035	0.39192	0.02535	0.03241	0.03161	0.02383	0.03305	0.02014	0.02768	0.01636	0.01011	0.01083	0.00337	0.01348	0.00971	0.00521	0.01556
37	0.02428	0.24416	0.39368	0.02696	0.04083	0.03122	0.03312	0.03391	0.02273	0.03159	0.01811	0.02119	0.01387	0.01002	0.00925	0.00308	0.01464	0.00732	0.00462	0.01541
38	0.03416	0.02692	0.02862	0.02361	0.03104	0.03041	0.01896	0.28124	0.29433	0.05696	0.03544	0.03356	0.02604	0.01396	0.01100	0.00349	0.01028	0.01109	0.01100	0.01789
39	0.03092	0.09310	0.08308	0.02498	0.03365	0.25156	0.05642	0.03585	0.02629	0.03080	0.01816	0.02146	0.01488	0.00980	0.00928	0.00251	0.01476	0.00726	0.00570	0.22956
40	0.01706	0.01323	0.01946	0.02239	0.06911	0.01403	0.01632	0.02147	0.02133	0.02904	0.04475	0.07319	0.08200	0.05340	0.28890	0.01088	0.01934	0.16603	0.00755	0.01049
41	0.02428	0.02044	0.02220	0.02013	0.02542	0.02303	0.01556	0.04885	0.40791	0.04515	0.16567	0.05060	0.05021	0.01662	0.01152	0.00363	0.00778	0.01413	0.01132	0.01556
42	0.02606	0.03370	0.17134	0.10055	0.25401	0.02653	0.11826	0.07140	0.02636	0.03712	0.02090	0.02658	0.01614	0.01016	0.01108	0.00341	0.01476	0.00988	0.00561	0.01615
43	0.02482	0.28643	0.35616	0.02604	0.03940	0.03255	0.03151	0.03377	0.02267	0.03093	0.01778	0.02078	0.01389	0.00994	0.00899	0.00300	0.01431	0.00715	0.00463	0.01525
44	0.02187	0.05640	0.56031	0.03108	0.04719	0.02532	0.04029	0.03453	0.02302	0.03453	0.01957	0.02302	0.01381	0.01036	0.01036	0.00345	0.01611	0.00806	0.00460	0.01611
45	0.02633	0.01359	0.01786	0.01540	0.02000	0.01211	0.01204	0.03099	0.03053	0.21242	0.34520	0.06852	0.11066	0.01977	0.01223	0.00343	0.00654	0.01707	0.01236	0.01295
46	0.02699	0.02591	0.04426	0.06693	0.54879	0.02591	0.03346	0.03346	0.02483	0.03562	0.02051	0.02699	0.01727	0.00972	0.01079	0.00324	0.01295	0.00972	0.00540	0.01727
47	0.02577	0.42007	0.04292	0.01718	0.02342	0.03199	0.01561	0.02654	0.01952	0.02343	0.01641	0.02267	0.01563	0.01878	0.01879	0.22767	0.01093	0.00704	0.00469	0.01093
48	0.01520	0.01114	0.01425	0.01347	0.01614	0.01019	0.01010	0.02012	0.03031	0.04240	0.50298	0.08362	0.14376	0.02278	0.01286	0.00345	0.00518	0.02002	0.01183	0.01019
49	0.02795	0.01454	0.02013	0.01985	0.02433	0.01370	0.01706	0.03271	0.02712	0.20607	0.05286	0.09455	0.05091	0.02461	0.01370	0.00447	0.00979	0.32160	0.01118	0.01286
50	0.03511	0.01567	0.02184	0.01831	0.02411	0.01476	0.01476	0.03930	0.02665	0.33817	0.07971	0.04267	0.03334	0.03683	0.19745	0.00806	0.01554	0.01193	0.01084	0.01495
51	0.02489	0.02453	0.03699	0.04131	0.20089	0.03092	0.02704	0.02863	0.01939	0.02935	0.01637	0.02489	0.01529	0.01598	0.02751	0.00426	0.40348	0.00960	0.00498	0.01370
52	0.01363	0.00973	0.01305	0.01558	0.01636	0.00915	0.01072	0.01578	0.02122	0.02822	0.05991	0.57057	0.07136	0.03384	0.01401	0.00448	0.00662	0.06672	0.01011	0.00895
53	0.01558	0.01168	0.01752	0.01752	0.01947	0.01363	0.01363	0.01947	0.01752	0.02531	0.02921	0.04283	0.02726	0.08178	0.57360	0.01752	0.02921	0.01168	0.00584	0.00974
54	0.01954	0.01514	0.02050	0.20463	0.03463	0.01701	0.01561	0.06082	0.02075	0.02729	0.02872	0.05362	0.02959	0.36632	0.03705	0.00767	0.01200	0.01332	0.00638	0.00942
55	0.02800	0.02791	0.04181	0.05471	0.37943	0.07023	0.07235	0.03836	0.10681	0.03645	0.02421	0.02883	0.01953	0.01061	0.01095	0.00332	0.01328	0.01020	0.00635	0.01667
56	0.03647	0.01617	0.02223	0.01967	0.02575	0.01465	0.01664	0.04101	0.02878	0.34842	0.04886	0.07121	0.04119	0.02010	0.01259	0.00403	0.00958	0.19535	0.01212	0.01518
57	0.02434	0.02321	0.03948	0.28357	0.35282	0.02521	0.03215	0.03114	0.02358	0.03241	0.02004	0.02785	0.01614	0.01021	0.01084	0.00340	0.01361	0.00970	0.00517	0.01514
58	0.02600	0.37814	0.27477	0.02403	0.03629	0.03544	0.02801	0.03346	0.02253	0.02949	0.01707	0.01988	0.01391	0.00977	0.00845	0.00282	0.01359	0.00679	0.00464	0.01491
59	0.02793	0.02256	0.02590	0.02242	0.02771	0.02624	0.01791	0.16935	0.22972	0.04525	0.03308	0.03576	0.02613	0.03091	0.14928	0.00702	0.06707	0.01124	0.00921	0.01531
60	0.01783	0.01291	0.01499	0.01494	0.01651	0.01341	0.01031	0.02380	0.09750	0.02861	0.08164	0.07577	0.04760	0.38088	0.03865	0.00803	0.00974	0.08948	0.00829	0.00910
61	0.19800	0.16976	0.07913	0.01948	0.02843	0.02687	0.01818	0.07778	0.02680	0.21933	0.02608	0.02552	0.01831	0.01135	0.00892	0.00312	0.01048	0.00814	0.00872	0.01559
62	0.02429	0.02076	0.03576	0.44199	0.11296	0.02389	0.06990	0.03136	0.02330	0.07902	0.02194	0.02966	0.01613	0.01089	0.01106	0.00358	0.01422	0.01008	0.00577	0.01342
63	0.02498	0.02785	0.06001	0.04356	0.05380	0.02618	0.46367	0.03378	0.02568	0.03471	0.02536	0.03808	0.02082	0.01113	0.01307	0.00380	0.01761	0.05569	0.00593	0.01427
64	0.02989	0.02747	0.05734	0.04120	0.05176	0.02550	0.42080	0.03819	0.02672	0.12838	0.02581	0.03079	0.01842	0.00996	0.01253	0.00362	0.01675	0.01253	0.00695	0.01540
65	0.02261	0.01938	0.02261	0.01615	0.02584	0.01453	0.01292	0.02745	0.02261	0.03553	0.01938	0.02261	0.01615	0.00807	0.00807	0.00161	0.00807	0.00646	0.00646	0.68346
66	0.02810	0.02154	0.03401	0.04526	0.32324	0.02053	0.02470	0.03383	0.02671	0.12110	0.11532	0.03773	0.03369	0.01237	0.01093	0.00314	0.01054	0.01136	0.00796	0.07794
67	0.02131	0.05248	0.51304	0.02957	0.04451	0.02402	0.03769	0.03332	0.02370	0.03533	0.06491	0.02808	0.02153	0.01139	0.01058	0.00345	0.01516	0.00907	0.00524	0.01561
68	0.01926	0.01603	0.02440	0.03134	0.19264	0.01546	0.01796	0.02484	0.02886	0.04104	0.36999	0.06341	0.07453	0.01813	0.01218	0.00337	0.00773	0.01641	0.00982	0.01260
69	0.02059	0.01938	0.03270	0.59060	0.07510	0.02422	0.03028	0.02786	0.02180	0.02786	0.01938	0.02907	0.01453	0.01090	0.01090	0.00363	0.01453	0.00969	0.00484	0.01211
70	0.01289	0.01105	0.01105	0.01105	0.01473	0.00920	0.00828	0.01565	0.02485	0.02946	0.11046	0.10493	0.54437	0.02761	0.01289	0.00368	0.00552	0.02301	0.01013	0.00920
71	0.01319	0.00987	0.01226	0.01418	0.01555	0.00894	0.00968	0.01529	0.02184	0.02823	0.07227	0.48763	0.18632	0.03258	0.01367	0.00425	0.00613	0.02907	0.01012	0.00894
72	0.02529	0.03600	0.21516	0.05505	0.38268	0.02571	0.03572	0.03382	0.02423	0.03526	0.02020	0.02567	0.01613	0.00993	0.01065	0.00331	0.01400	0.00917	0.00513	0.01689
73	0.01693	0.01378	0.02009	0.01941	0.02088	0.01693	0.01525	0.02038	0.01765	0.02569	0.02897	0.08608	0.02854	0.06613	0.42689	0.01406	0.13341	0.01288	0.00599	0.01007
74	0.01337	0.00999	0.01243	0.01409	0.01560	0.00906	0.00971	0.01574	0.02263	0.02952	0.11174	0.44796	0.18518	0.03165	0.01359	0.00417	0.00604	0.02820	0.01028	0.00906
75	0.01322	0.00974	0.01239	0.01451	0.01564	0.00891	0.00982	0.01526	0.02152	0.02810	0.06823	0.52820	0.14836	0.03310	0.01375	0.00431	0.00620	0.02971	0.01012	0.00891
76	0.03658	0.03010	0.03145	0.02796	0.07381	0.07525	0.02089	0.32019	0.16910	0.05676	0.02960	0.02941	0.02183	0.01310	0.01086	0.00334	0.01184	0.01022	0.01008	0.01763
77	0.01458	0.01109	0.01348	0.01343	0.01621	0.00999	0.01016	0.01867	0.02766	0.03693	0.32572	0.13415	0.24327	0.02557	0.01312	0.00371	0.00573	0.05567	0.01109	0.00980
78	0.02668	0.19314	0.25198	0.07544	0.04006	0.02943	0.02806	0.03872	0.10505	0.07534	0.02429	0.02610	0.01813	0.01111	0.00969	0.00321	0.01305	0.00854	0.00640	0.01558
79	0.03136	0.51712	0.05276	0.01981	0.02903	0.04147	0.01903	0.11864	0.02737	0.03337	0.01713	0.01905	0.01481	0.01000	0.00770	0.00250	0.01172	0.00654	0.00578	0.01481
80	0.02255	0.02252	0.06827	0.01742	0.02765	0.01545	0.01524	0.02806	0.02264	0.03544	0.01940	0.02264	0.01595	0.00827	0.00827	0.00177	0.00876	0.00660	0.00630	0.62679
81	0.02621	0.02140	0.03096	0.07987	0.07940	0.02219	0.09347	0.08198	0.15021	0.08431	0.08968	0.04876	0.11218	0.01555	0.01173	0.00355	0.01062	0.01393	0.00928	0.01474
