[name]
unknown

[dist]
# distance from previous block
# <min> <max>
26	456

[block]
# block no. 0 follows, 12 sequences, length 12
# corresponding to MSA columns:
# 552-563
name=unknown_A
#
# <colnr> <probs for GDERKNQSTAVLIFYWHMCP>
#	G	D	E	R	K	N	Q	S	T	A	V	L	I	F	Y	W	H	M	C	P
0	0.02767	0.09097	0.22786	0.02300	0.03361	0.02251	0.02452	0.03806	0.08040	0.13640	0.08757	0.03391	0.02916	0.01249	0.01027	0.00315	0.01139	0.01005	0.00809	0.08889
1	0.11701	0.07194	0.02917	0.02164	0.02832	0.02242	0.06911	0.09269	0.08132	0.16233	0.03661	0.15518	0.03223	0.01680	0.01093	0.00357	0.00998	0.01443	0.00970	0.01463
2	0.03090	0.09300	0.03327	0.05949	0.03353	0.02555	0.06513	0.15764	0.08549	0.10584	0.06290	0.07078	0.02891	0.01382	0.01069	0.00319	0.01081	0.01173	0.00913	0.08819
3	0.02798	0.13497	0.06186	0.08032	0.03202	0.02337	0.01861	0.06289	0.06847	0.12566	0.03103	0.09732	0.02658	0.02076	0.06457	0.00453	0.01225	0.01165	0.00811	0.08705
4	0.10530	0.01506	0.01949	0.02102	0.07556	0.01459	0.01376	0.02870	0.02377	0.15638	0.08981	0.22124	0.04719	0.09786	0.01729	0.00462	0.00841	0.01796	0.00974	0.01224
5	0.02135	0.01830	0.02270	0.08325	0.03051	0.01505	0.01464	0.02616	0.02233	0.03379	0.02384	0.08765	0.02209	0.01126	0.00905	0.00216	0.00864	0.00952	0.00667	0.53105
6	0.09200	0.02026	0.02840	0.15821	0.07041	0.02129	0.05239	0.03777	0.11137	0.12783	0.08493	0.03643	0.02975	0.01276	0.01064	0.00336	0.01060	0.01103	0.00860	0.07198
7	0.01544	0.01130	0.01465	0.01593	0.01786	0.01041	0.01156	0.01809	0.02139	0.02893	0.05245	0.38984	0.06067	0.09254	0.01794	0.00490	0.00772	0.11685	0.00933	0.08220
8	0.02261	0.01938	0.02261	0.01615	0.02584	0.01453	0.01292	0.02745	0.02261	0.03553	0.01938	0.02261	0.01615	0.00807	0.00807	0.00161	0.00807	0.00646	0.00646	0.68346
9	0.17425	0.13105	0.03070	0.01980	0.02786	0.02782	0.01681	0.14826	0.08558	0.19184	0.02866	0.02753	0.02032	0.01210	0.00938	0.00320	0.01007	0.00889	0.00968	0.01620
10	0.01894	0.00947	0.01420	0.01420	0.01420	0.00947	0.00947	0.01420	0.01420	0.01894	0.01894	0.03314	0.01894	0.03788	0.04261	0.68277	0.00947	0.00947	0.00473	0.00473
11	0.02781	0.10487	0.02743	0.02206	0.02677	0.21070	0.01740	0.03574	0.11321	0.03102	0.03644	0.15492	0.03656	0.01913	0.01133	0.00358	0.01258	0.08795	0.00804	0.01245

[dist]
# distance from previous block
# <min> <max>
0	5

[block]
# block no. 1 follows, 12 sequences, length 18
# corresponding to MSA columns:
# 569-586
name=unknown_B
#
# <colnr> <probs for GDERKNQSTAVLIFYWHMCP>
#	G	D	E	R	K	N	Q	S	T	A	V	L	I	F	Y	W	H	M	C	P
0	0.02803	0.02315	0.03220	0.09384	0.07821	0.02591	0.06426	0.19443	0.03150	0.04281	0.02695	0.03994	0.02358	0.06055	0.07722	0.00566	0.07768	0.05218	0.00772	0.01418
1	0.03002	0.07974	0.18707	0.07548	0.09620	0.08457	0.06737	0.06974	0.07268	0.09607	0.02462	0.02710	0.01809	0.01119	0.01052	0.00331	0.01416	0.00932	0.00691	0.01583
2	0.02059	0.01938	0.03270	0.59060	0.07510	0.02422	0.03028	0.02786	0.02180	0.02786	0.01938	0.02907	0.01453	0.01090	0.01090	0.00363	0.01453	0.00969	0.00484	0.01211
3	0.02261	0.01938	0.02261	0.01615	0.02584	0.01453	0.01292	0.02745	0.02261	0.03553	0.01938	0.02261	0.01615	0.00807	0.00807	0.00161	0.00807	0.00646	0.00646	0.68346
4	0.01931	0.01190	0.01569	0.01505	0.01677	0.01243	0.01055	0.02139	0.01821	0.08069	0.03314	0.05577	0.03311	0.32863	0.26664	0.01269	0.01820	0.01359	0.00703	0.00920
5	0.01754	0.01299	0.01604	0.01643	0.01897	0.01235	0.01165	0.07386	0.02457	0.03338	0.05179	0.47898	0.05989	0.02891	0.01294	0.00399	0.00717	0.02590	0.00982	0.08285
6	0.02712	0.02342	0.02465	0.02219	0.02835	0.02712	0.01726	0.05794	0.52909	0.04561	0.04438	0.04068	0.03328	0.01479	0.01109	0.00370	0.00863	0.01233	0.01109	0.01726
7	0.55018	0.02180	0.01887	0.01606	0.02322	0.02448	0.01324	0.08549	0.02349	0.10954	0.01956	0.02085	0.01427	0.01083	0.00768	0.00336	0.00891	0.00690	0.00797	0.01330
8	0.02837	0.02480	0.07461	0.10376	0.03651	0.07767	0.06356	0.06738	0.02667	0.13610	0.03443	0.15975	0.03125	0.02240	0.05760	0.00477	0.01371	0.01473	0.00837	0.01357
9	0.02463	0.01865	0.02409	0.02090	0.02275	0.02262	0.01619	0.07712	0.02151	0.07636	0.02610	0.04278	0.02546	0.22362	0.08146	0.00747	0.23810	0.01199	0.00692	0.01127
10	0.01328	0.00949	0.01265	0.01518	0.01581	0.00886	0.01012	0.01518	0.02088	0.02783	0.06010	0.60969	0.07212	0.03416	0.01392	0.00443	0.00633	0.03100	0.01012	0.00886
11	0.27444	0.01604	0.01659	0.01570	0.02064	0.01692	0.01284	0.02786	0.02222	0.09750	0.04639	0.05858	0.12946	0.02748	0.08996	0.00571	0.01117	0.09039	0.00862	0.01148
12	0.10302	0.07480	0.11506	0.02801	0.03714	0.02599	0.15980	0.11667	0.02798	0.04039	0.03114	0.03486	0.07278	0.01871	0.06174	0.00469	0.01485	0.01124	0.00695	0.01418
13	0.15784	0.07824	0.08405	0.02049	0.02876	0.02253	0.01878	0.04312	0.02595	0.31445	0.03044	0.02917	0.02056	0.01268	0.01200	0.00341	0.06252	0.00916	0.00976	0.01608
14	0.04219	0.01817	0.02382	0.01890	0.02616	0.01686	0.01546	0.08869	0.03084	0.41042	0.03937	0.03704	0.02634	0.02064	0.07041	0.00479	0.01127	0.01087	0.07089	0.01688
15	0.07945	0.09228	0.14080	0.02139	0.03012	0.02307	0.02075	0.08101	0.07348	0.17517	0.07163	0.08375	0.03131	0.01471	0.01051	0.00340	0.01054	0.01188	0.00930	0.01544
16	0.07540	0.06605	0.03157	0.08293	0.03441	0.02110	0.10019	0.03422	0.06863	0.12328	0.03153	0.09982	0.02748	0.06694	0.01463	0.00397	0.01110	0.01277	0.00807	0.08591
17	0.08403	0.15345	0.08509	0.08918	0.03744	0.02801	0.06145	0.07202	0.02621	0.17125	0.02462	0.02664	0.01784	0.01187	0.01207	0.00333	0.06362	0.00902	0.00768	0.01520

[dist]
# distance from previous block
# <min> <max>
1	17

[block]
# block no. 2 follows, 12 sequences, length 40
# corresponding to MSA columns:
# 604-643
name=unknown_C
#
# <colnr> <probs for GDERKNQSTAVLIFYWHMCP>
#	G	D	E	R	K	N	Q	S	T	A	V	L	I	F	Y	W	H	M	C	P
0	0.03197	0.12876	0.03407	0.06564	0.08599	0.09846	0.02023	0.03623	0.02553	0.14622	0.05719	0.02943	0.02332	0.01256	0.01295	0.00310	0.08344	0.00923	0.00752	0.08817
1	0.06908	0.01854	0.02157	0.01665	0.02475	0.01582	0.01332	0.03402	0.06556	0.14033	0.06576	0.03614	0.06176	0.01209	0.00945	0.00250	0.00801	0.00979	0.00885	0.36598
2	0.02923	0.08482	0.03669	0.07071	0.13344	0.02213	0.09128	0.03472	0.02545	0.14570	0.03306	0.03509	0.06725	0.01186	0.01045	0.00301	0.01136	0.01068	0.00767	0.13541
3	0.03129	0.16125	0.03562	0.02096	0.02987	0.02446	0.06180	0.08527	0.02810	0.14319	0.05834	0.02922	0.02380	0.01103	0.00947	0.00262	0.01034	0.00905	0.00822	0.21611
4	0.01765	0.01060	0.01420	0.01570	0.01729	0.00973	0.01085	0.01983	0.02214	0.09261	0.05800	0.53952	0.06659	0.03163	0.01356	0.00430	0.00669	0.02854	0.01053	0.01005
5	0.07873	0.16150	0.06998	0.08432	0.03581	0.02988	0.02100	0.19007	0.03320	0.15584	0.02543	0.02614	0.01815	0.01172	0.00973	0.00314	0.01166	0.00878	0.00871	0.01622
6	0.02930	0.06386	0.09739	0.02168	0.02939	0.02340	0.01974	0.08669	0.19846	0.13027	0.04483	0.04954	0.07773	0.01628	0.01128	0.00362	0.01011	0.06069	0.01001	0.01573
7	0.01727	0.01431	0.02361	0.07347	0.02843	0.01539	0.07528	0.02166	0.01994	0.02739	0.03431	0.11338	0.03460	0.10552	0.28412	0.01114	0.02025	0.06305	0.00669	0.01021
8	0.11568	0.13382	0.02925	0.01758	0.02650	0.02378	0.01484	0.07578	0.05635	0.03917	0.02022	0.02246	0.01646	0.00947	0.00815	0.00227	0.00919	0.00695	0.00686	0.36522
9	0.02710	0.02353	0.08251	0.06663	0.03214	0.02050	0.01902	0.04171	0.20272	0.12225	0.03707	0.10387	0.03044	0.01501	0.01081	0.00335	0.00966	0.01271	0.00936	0.12961
10	0.15461	0.02352	0.07507	0.02133	0.02861	0.02163	0.01902	0.04266	0.02550	0.31930	0.03057	0.02991	0.02072	0.01366	0.01483	0.00364	0.12012	0.00954	0.00985	0.01590
11	0.01705	0.02108	0.13696	0.01710	0.02263	0.01342	0.01653	0.02332	0.02646	0.03825	0.26889	0.12093	0.11112	0.02012	0.01174	0.00345	0.00778	0.01736	0.09448	0.01134
12	0.02517	0.02831	0.06086	0.10586	0.05898	0.02721	0.45651	0.03415	0.02530	0.03415	0.02176	0.02937	0.01632	0.00938	0.01265	0.00367	0.01796	0.01252	0.00544	0.01442
13	0.02187	0.05640	0.56031	0.03108	0.04719	0.02532	0.04029	0.03453	0.02302	0.03453	0.01957	0.02302	0.01381	0.01036	0.01036	0.00345	0.01611	0.00806	0.00460	0.01611
14	0.02560	0.01783	0.02295	0.08936	0.02959	0.01935	0.01678	0.13581	0.02977	0.09684	0.09272	0.23953	0.04646	0.02176	0.01419	0.00387	0.05642	0.01843	0.00979	0.01293
15	0.02182	0.01278	0.01771	0.08628	0.02558	0.01231	0.01372	0.02495	0.02354	0.14182	0.05549	0.37451	0.09340	0.02633	0.01283	0.00404	0.00790	0.02343	0.01020	0.01137
16	0.01389	0.01009	0.01311	0.01446	0.01588	0.00931	0.01004	0.01681	0.02412	0.03266	0.20687	0.41783	0.11413	0.03018	0.01353	0.00408	0.00592	0.02710	0.01068	0.00931
17	0.01455	0.01076	0.01366	0.01420	0.01639	0.00987	0.01049	0.01834	0.02649	0.03582	0.29094	0.24139	0.16574	0.02725	0.01335	0.00389	0.00594	0.06026	0.01098	0.00967
18	0.02948	0.49364	0.11604	0.02117	0.03094	0.09682	0.02156	0.03403	0.02318	0.02685	0.01588	0.01840	0.01398	0.00966	0.00771	0.00252	0.01305	0.00623	0.00476	0.01411
19	0.09111	0.56723	0.05330	0.01825	0.02734	0.04140	0.01802	0.03259	0.02182	0.02782	0.01516	0.01751	0.01379	0.00940	0.00697	0.00243	0.01136	0.00584	0.00486	0.01379
20	0.01352	0.00959	0.01258	0.01488	0.01545	0.00901	0.00980	0.01524	0.02041	0.02722	0.05772	0.55993	0.06911	0.08802	0.01776	0.00500	0.00672	0.02960	0.00980	0.00865
21	0.01328	0.00949	0.01265	0.01518	0.01581	0.00886	0.01012	0.01518	0.02088	0.02783	0.06010	0.60969	0.07212	0.03416	0.01392	0.00443	0.00633	0.03100	0.01012	0.00886
22	0.02399	0.02009	0.02294	0.02084	0.02429	0.06456	0.01636	0.13397	0.02663	0.03572	0.02993	0.10489	0.02851	0.04879	0.28149	0.01030	0.07418	0.01305	0.00740	0.01207
23	0.04578	0.01763	0.02364	0.01838	0.02617	0.01538	0.01510	0.05009	0.03029	0.49962	0.04220	0.03750	0.02710	0.01341	0.01060	0.00328	0.00882	0.01088	0.08651	0.01763
24	0.01936	0.01183	0.01461	0.01472	0.01616	0.01159	0.01034	0.02106	0.01969	0.07361	0.04125	0.08166	0.04450	0.40799	0.04083	0.00846	0.01031	0.13528	0.00814	0.00861
25	0.01608	0.01149	0.01586	0.01838	0.02024	0.01127	0.01498	0.02002	0.02363	0.03096	0.05855	0.29201	0.06600	0.03152	0.01466	0.00481	0.00875	0.32107	0.01007	0.00963
26	0.69383	0.02109	0.01603	0.01434	0.02109	0.02446	0.01181	0.03205	0.01856	0.04892	0.01518	0.01771	0.01181	0.01012	0.00675	0.00337	0.00843	0.00590	0.00675	0.01181
27	0.01729	0.01221	0.01613	0.01611	0.01799	0.01237	0.01186	0.02048	0.02455	0.06595	0.21185	0.30831	0.10591	0.02703	0.01563	0.00403	0.06834	0.02332	0.01037	0.01027
28	0.09959	0.21214	0.10313	0.02066	0.03053	0.03013	0.01982	0.14107	0.02863	0.04135	0.01922	0.02139	0.01528	0.01011	0.00854	0.00263	0.01113	0.00718	0.00672	0.17076
29	0.61212	0.02137	0.01708	0.01530	0.02198	0.02479	0.01248	0.03522	0.08113	0.04851	0.01876	0.02053	0.01444	0.01069	0.00728	0.00341	0.00846	0.00669	0.00728	0.01248
30	0.07080	0.02586	0.08468	0.29252	0.09707	0.02582	0.08688	0.06488	0.07782	0.03598	0.02260	0.02862	0.01698	0.01104	0.01081	0.00356	0.01381	0.00995	0.00614	0.01416
31	0.01651	0.01124	0.01631	0.01631	0.01808	0.01274	0.01246	0.01948	0.01770	0.02622	0.02865	0.04141	0.02631	0.06880	0.44627	0.09741	0.02413	0.01124	0.07957	0.00917
32	0.01729	0.01154	0.01438	0.01370	0.01679	0.01033	0.01025	0.02143	0.02835	0.07987	0.34612	0.14160	0.19901	0.02416	0.01283	0.00360	0.00570	0.02104	0.01147	0.01054
33	0.02702	0.02324	0.03266	0.31784	0.10833	0.02703	0.02640	0.14319	0.10838	0.04074	0.02496	0.03001	0.01867	0.01188	0.01092	0.00352	0.01287	0.01014	0.00726	0.01492
34	0.04047	0.01823	0.02393	0.01825	0.02657	0.01528	0.01490	0.04490	0.02918	0.39952	0.07235	0.03683	0.02976	0.01285	0.01042	0.00297	0.00871	0.01053	0.01176	0.17261
35	0.02567	0.01893	0.02800	0.21987	0.11143	0.02075	0.02208	0.06269	0.07252	0.09207	0.08902	0.03753	0.02970	0.01654	0.01540	0.09440	0.01120	0.01129	0.00771	0.01320
36	0.01815	0.01536	0.02346	0.23161	0.07332	0.01653	0.01998	0.02318	0.02309	0.03107	0.09257	0.21326	0.04592	0.02049	0.01218	0.00381	0.01012	0.06023	0.00781	0.05786
37	0.06559	0.01905	0.06833	0.01734	0.02267	0.01598	0.01488	0.09032	0.03013	0.09029	0.23409	0.13415	0.11281	0.02051	0.01194	0.00356	0.00788	0.01748	0.01052	0.01249
38	0.07299	0.17616	0.06798	0.02088	0.02870	0.02835	0.01872	0.04139	0.15296	0.11997	0.02782	0.02812	0.02115	0.01230	0.01169	0.00314	0.06475	0.00889	0.00807	0.08596
39	0.13720	0.16859	0.03482	0.02035	0.02925	0.02620	0.05547	0.07995	0.02646	0.14113	0.02320	0.02433	0.01733	0.01033	0.00882	0.00273	0.01044	0.00794	0.00779	0.16766

[dist]
# distance from previous block
# <min> <max>
2	87

[block]
# block no. 3 follows, 12 sequences, length 8
# corresponding to MSA columns:
# 731-738
name=unknown_D
#
# <colnr> <probs for GDERKNQSTAVLIFYWHMCP>
#	G	D	E	R	K	N	Q	S	T	A	V	L	I	F	Y	W	H	M	C	P
0	0.09344	0.02101	0.02726	0.08164	0.03399	0.02033	0.05581	0.03901	0.12398	0.12799	0.02821	0.02945	0.02085	0.01093	0.00973	0.00288	0.00994	0.00920	0.00837	0.24598
1	0.02794	0.01969	0.02534	0.13501	0.03491	0.02203	0.01876	0.11643	0.06750	0.11623	0.08726	0.04407	0.08480	0.01599	0.01411	0.00358	0.08100	0.01252	0.05892	0.01392
2	0.01610	0.01197	0.01456	0.01451	0.01709	0.01130	0.01060	0.05329	0.02785	0.03749	0.26162	0.25820	0.17129	0.02661	0.01308	0.00380	0.00611	0.02340	0.01094	0.01020
3	0.17829	0.02308	0.02815	0.11761	0.11726	0.02568	0.02098	0.09828	0.15161	0.09144	0.02780	0.02947	0.02063	0.01201	0.01001	0.00346	0.01067	0.00964	0.00843	0.01551
4	0.01577	0.01091	0.01361	0.01361	0.01420	0.01150	0.00875	0.01696	0.01636	0.02241	0.03279	0.06266	0.03587	0.45374	0.21341	0.01269	0.01625	0.01458	0.00637	0.00756
5	0.02802	0.09370	0.17549	0.08187	0.03664	0.02409	0.02453	0.03671	0.06260	0.14516	0.09392	0.03509	0.02987	0.01371	0.01304	0.00348	0.06857	0.01059	0.00800	0.01491
6	0.01584	0.01157	0.01390	0.01320	0.01641	0.01027	0.00982	0.02008	0.02683	0.03785	0.29539	0.14056	0.17178	0.02247	0.01200	0.00334	0.00562	0.01951	0.08214	0.07141
7	0.03051	0.08189	0.24597	0.02496	0.03599	0.02566	0.02663	0.12109	0.08203	0.13100	0.06387	0.03150	0.02519	0.01259	0.01055	0.00335	0.01235	0.00995	0.00841	0.01650

[dist]
# distance from previous block
# <min> <max>
1	3

[block]
# block no. 4 follows, 12 sequences, length 30
# corresponding to MSA columns:
# 742-771
name=unknown_E
#
# <colnr> <probs for GDERKNQSTAVLIFYWHMCP>
#	G	D	E	R	K	N	Q	S	T	A	V	L	I	F	Y	W	H	M	C	P
0	0.30904	0.06538	0.03082	0.09745	0.03587	0.02441	0.09319	0.03665	0.02317	0.15454	0.02297	0.02532	0.01643	0.01077	0.00921	0.00338	0.01122	0.00861	0.00764	0.01395
1	0.01914	0.01104	0.01438	0.01496	0.01715	0.01018	0.01066	0.02222	0.02407	0.10217	0.13273	0.38668	0.06624	0.02717	0.01267	0.00392	0.00639	0.02425	0.08344	0.01052
2	0.02274	0.19104	0.37713	0.02630	0.03907	0.02793	0.03170	0.03198	0.02258	0.03162	0.02286	0.08506	0.02016	0.01268	0.00991	0.00328	0.01396	0.00999	0.00522	0.01481
3	0.02760	0.02434	0.08466	0.01899	0.02916	0.01749	0.01706	0.07022	0.02610	0.10896	0.02316	0.02491	0.01755	0.00947	0.00895	0.00219	0.00946	0.00752	0.00756	0.46463
4	0.03614	0.02512	0.02932	0.08670	0.03588	0.02661	0.01964	0.27087	0.09255	0.13304	0.02907	0.02929	0.02067	0.01241	0.01055	0.00315	0.01096	0.00980	0.01004	0.10821
5	0.01647	0.01187	0.01492	0.01630	0.01785	0.01168	0.01132	0.07148	0.02432	0.03246	0.05626	0.54362	0.06605	0.03177	0.01358	0.00430	0.00697	0.02860	0.01021	0.00995
6	0.03332	0.02013	0.03381	0.20080	0.04692	0.02015	0.11010	0.03922	0.02654	0.25904	0.03311	0.07484	0.02451	0.01341	0.01151	0.00359	0.01235	0.01237	0.00911	0.01515
7	0.03021	0.04473	0.39539	0.02748	0.04122	0.02246	0.03281	0.04027	0.02554	0.19538	0.02680	0.02736	0.01787	0.01133	0.01055	0.00343	0.01401	0.00895	0.00734	0.01687
8	0.01731	0.01246	0.01594	0.01737	0.01931	0.01240	0.01297	0.07062	0.02513	0.03335	0.05589	0.43542	0.06419	0.03096	0.01385	0.00444	0.00779	0.13025	0.01019	0.01017
9	0.03160	0.01460	0.01962	0.01666	0.02189	0.01294	0.01308	0.03594	0.02995	0.29310	0.24558	0.11718	0.06236	0.01927	0.01205	0.00351	0.00730	0.01666	0.01253	0.01418
10	0.13869	0.02899	0.10929	0.09353	0.11784	0.06228	0.02392	0.04089	0.09214	0.14745	0.02705	0.02857	0.01951	0.01160	0.01010	0.00340	0.01201	0.00927	0.00792	0.01557
11	0.02646	0.03105	0.08233	0.25803	0.14634	0.14185	0.02794	0.03285	0.02453	0.03050	0.01906	0.02540	0.01505	0.01040	0.01030	0.00315	0.01479	0.00862	0.00527	0.08612
12	0.01938	0.01233	0.01698	0.01847	0.02112	0.01189	0.01525	0.02364	0.02515	0.08097	0.09217	0.21971	0.06442	0.02890	0.01427	0.00462	0.00879	0.30083	0.01052	0.01059
13	0.01328	0.00949	0.01265	0.01518	0.01581	0.00886	0.01012	0.01518	0.02088	0.02783	0.06010	0.60969	0.07212	0.03416	0.01392	0.00443	0.00633	0.03100	0.01012	0.00886
14	0.02274	0.01986	0.02378	0.01750	0.02614	0.01657	0.01410	0.02732	0.02197	0.03453	0.01883	0.02274	0.01595	0.00926	0.01107	0.00196	0.07171	0.00679	0.00628	0.61088
15	0.01359	0.01044	0.01255	0.01407	0.01612	0.00940	0.01020	0.01617	0.02291	0.02900	0.07983	0.35634	0.25861	0.03112	0.01363	0.00420	0.00641	0.07616	0.01011	0.00912
16	0.02058	0.01121	0.01157	0.01084	0.01419	0.01066	0.00822	0.02564	0.02284	0.04007	0.03374	0.03861	0.02661	0.01218	0.00767	0.00244	0.00542	0.00974	0.60138	0.08640
17	0.02855	0.12233	0.32940	0.02684	0.03957	0.02819	0.03069	0.10674	0.06364	0.08749	0.02387	0.02530	0.01712	0.01122	0.01010	0.00329	0.01376	0.00859	0.00681	0.01649
18	0.02788	0.16585	0.03103	0.01935	0.02459	0.02513	0.01621	0.09340	0.02490	0.10798	0.02674	0.03515	0.02312	0.09781	0.17945	0.00809	0.06273	0.01018	0.00734	0.01307
19	0.03661	0.01583	0.02136	0.01731	0.02359	0.01392	0.01392	0.04116	0.03108	0.36784	0.22688	0.05341	0.05490	0.01673	0.01166	0.00339	0.00776	0.01418	0.01295	0.01552
20	0.04086	0.01670	0.02242	0.01783	0.02456	0.01467	0.01424	0.04475	0.02949	0.42986	0.10867	0.04674	0.03847	0.08028	0.01606	0.00416	0.00887	0.01266	0.01255	0.01616
21	0.02286	0.01686	0.02207	0.01893	0.02398	0.01690	0.05219	0.03516	0.17053	0.09741	0.24875	0.06410	0.12691	0.01888	0.01216	0.00355	0.00768	0.01657	0.01114	0.01336
22	0.01883	0.01161	0.01495	0.01483	0.01764	0.01079	0.01136	0.02315	0.02713	0.08584	0.26626	0.17519	0.10051	0.02391	0.01260	0.00373	0.00641	0.08078	0.08380	0.01069
23	0.02964	0.11249	0.15936	0.10687	0.04644	0.02903	0.13731	0.13126	0.02970	0.08081	0.02272	0.02632	0.01656	0.01083	0.01072	0.00334	0.01445	0.00967	0.00683	0.01565
24	0.02592	0.12322	0.03590	0.41440	0.06055	0.02636	0.02634	0.03212	0.02314	0.09943	0.02187	0.02817	0.01614	0.01098	0.01024	0.00337	0.01332	0.00920	0.00599	0.01331
25	0.01622	0.01062	0.01317	0.01317	0.01350	0.01095	0.00820	0.01626	0.01592	0.02157	0.03142	0.06136	0.03475	0.44762	0.14295	0.10130	0.01363	0.01429	0.00623	0.00690
26	0.02802	0.01403	0.01804	0.01539	0.02049	0.01231	0.01212	0.03230	0.02974	0.24157	0.25680	0.06898	0.16535	0.01996	0.01212	0.00346	0.00684	0.01698	0.01220	0.01330
27	0.02184	0.04688	0.42718	0.02793	0.04118	0.02386	0.03382	0.03607	0.09131	0.03705	0.08214	0.03199	0.02649	0.01230	0.01074	0.00348	0.01388	0.00995	0.00631	0.01561
28	0.02689	0.02265	0.02729	0.07906	0.08843	0.02539	0.01977	0.10939	0.29576	0.04577	0.10340	0.04157	0.03707	0.01465	0.01125	0.00355	0.00964	0.01244	0.00999	0.01603
29	0.02770	0.01963	0.03016	0.39970	0.05933	0.02269	0.02564	0.03684	0.07910	0.14921	0.02744	0.03215	0.01939	0.01191	0.01094	0.00358	0.01270	0.01026	0.00748	0.01413

[dist]
# distance from previous block
# <min> <max>
0	3

[block]
# block no. 5 follows, 12 sequences, length 26
# corresponding to MSA columns:
# 775-800
name=unknown_F
#
# <colnr> <probs for GDERKNQSTAVLIFYWHMCP>
#	G	D	E	R	K	N	Q	S	T	A	V	L	I	F	Y	W	H	M	C	P
0	0.02939	0.14783	0.04227	0.13170	0.04336	0.07545	0.11204	0.13518	0.02960	0.03765	0.02272	0.03182	0.01906	0.01265	0.01222	0.00340	0.05007	0.04269	0.00667	0.01424
1	0.03175	0.12816	0.10394	0.10805	0.03820	0.02771	0.02264	0.13846	0.08733	0.12815	0.05746	0.03141	0.02454	0.01256	0.01032	0.00327	0.01164	0.00994	0.00862	0.01586
2	0.02181	0.01578	0.02196	0.02274	0.07930	0.01665	0.01515	0.02485	0.01964	0.07772	0.02835	0.04438	0.02703	0.20439	0.19020	0.00950	0.08051	0.01179	0.00669	0.08156
3	0.02631	0.03539	0.22654	0.08551	0.10851	0.02532	0.02877	0.11976	0.08500	0.04199	0.02539	0.02862	0.01893	0.01156	0.01035	0.00334	0.01276	0.00946	0.08073	0.01578
4	0.07859	0.01838	0.02425	0.12069	0.03214	0.02180	0.01819	0.11101	0.02366	0.03433	0.02161	0.03074	0.01868	0.03328	0.14164	0.15048	0.09333	0.00976	0.00628	0.01115
5	0.62342	0.02091	0.01672	0.01453	0.02158	0.02342	0.01192	0.03157	0.01898	0.04752	0.01562	0.01823	0.01226	0.00991	0.00689	0.00319	0.00840	0.00596	0.00672	0.08226
6	0.01765	0.01411	0.01973	0.06345	0.08201	0.01469	0.01572	0.02395	0.07728	0.03054	0.04700	0.31516	0.05146	0.07195	0.05061	0.00547	0.01002	0.06942	0.00879	0.01098
7	0.02026	0.01330	0.01683	0.01527	0.01886	0.01278	0.01167	0.02820	0.08690	0.09778	0.43447	0.07221	0.08709	0.02052	0.01246	0.00345	0.00597	0.01797	0.01206	0.01194
8	0.08175	0.02028	0.02304	0.01877	0.02526	0.02086	0.01495	0.15759	0.08745	0.22215	0.03524	0.03754	0.02602	0.07649	0.01491	0.00403	0.00941	0.01089	0.09777	0.01560
9	0.02615	0.03145	0.09443	0.03579	0.09395	0.09030	0.10077	0.03116	0.02123	0.02955	0.01703	0.02451	0.01491	0.01473	0.02393	0.00408	0.31791	0.00964	0.00503	0.01347
10	0.04892	0.01856	0.02530	0.01940	0.02783	0.01603	0.01603	0.05314	0.03121	0.55634	0.04302	0.03711	0.02699	0.01350	0.01096	0.00337	0.00928	0.01096	0.01350	0.01856
11	0.01366	0.00978	0.01299	0.01492	0.01590	0.00911	0.01015	0.01613	0.02264	0.03064	0.14538	0.51641	0.07755	0.03206	0.01373	0.00425	0.00612	0.02901	0.01045	0.00911
12	0.04453	0.01954	0.02517	0.01996	0.02794	0.01826	0.01627	0.05410	0.13149	0.45347	0.04329	0.03783	0.02826	0.01376	0.01099	0.00344	0.00915	0.01124	0.01301	0.01829
13	0.22847	0.02108	0.02338	0.01888	0.02661	0.02153	0.01546	0.09595	0.08569	0.30390	0.03351	0.03087	0.02251	0.01264	0.00978	0.00340	0.00925	0.00956	0.01104	0.01650
14	0.03509	0.07950	0.25824	0.02496	0.03679	0.02383	0.02713	0.09185	0.02914	0.24289	0.02917	0.02850	0.01951	0.01181	0.01041	0.00332	0.01267	0.00923	0.00877	0.01718
15	0.01524	0.01090	0.01483	0.01697	0.01857	0.01049	0.01311	0.01875	0.02368	0.03153	0.11343	0.35607	0.07184	0.03121	0.01425	0.00455	0.00768	0.20710	0.01030	0.00949
16	0.02244	0.02097	0.03530	0.50712	0.07078	0.02516	0.06890	0.06169	0.02415	0.03124	0.02007	0.02890	0.01497	0.01091	0.01106	0.00361	0.01468	0.00996	0.00532	0.01277
17	0.17212	0.13408	0.14880	0.02203	0.03061	0.02808	0.02196	0.08371	0.02550	0.08975	0.05774	0.02689	0.02163	0.01258	0.01222	0.00336	0.07871	0.00868	0.00715	0.01441
18	0.01378	0.00992	0.01341	0.01527	0.01627	0.00955	0.01053	0.01628	0.02166	0.02939	0.11233	0.48636	0.07072	0.03804	0.07549	0.00576	0.00871	0.02757	0.00987	0.00912
19	0.01325	0.00964	0.01250	0.01478	0.01571	0.00889	0.00994	0.01523	0.02126	0.02799	0.06496	0.56097	0.11770	0.03353	0.01382	0.00436	0.00625	0.03023	0.01012	0.00889
20	0.17404	0.09863	0.09597	0.02923	0.03801	0.10204	0.15932	0.07372	0.02566	0.03798	0.01865	0.02294	0.01462	0.01080	0.01163	0.00337	0.05459	0.00882	0.00600	0.01399
21	0.02812	0.49811	0.11125	0.02510	0.08481	0.03937	0.02260	0.03294	0.02253	0.02768	0.01621	0.01910	0.01432	0.00948	0.00777	0.00255	0.01229	0.00648	0.00473	0.01457
22	0.01894	0.00947	0.01420	0.01420	0.01420	0.00947	0.00947	0.01420	0.01420	0.01894	0.01894	0.03314	0.01894	0.03788	0.04261	0.68277	0.00947	0.00947	0.00473	0.00473
23	0.02259	0.02890	0.15089	0.19458	0.04569	0.02629	0.02784	0.06236	0.02257	0.03183	0.02267	0.08683	0.02063	0.01582	0.01852	0.00399	0.18763	0.01152	0.00576	0.01309
24	0.01820	0.01489	0.01832	0.08125	0.02597	0.01595	0.01423	0.02932	0.16672	0.03460	0.10322	0.27619	0.10964	0.02418	0.01256	0.00395	0.00770	0.02133	0.00999	0.01179
25	0.01641	0.01205	0.01592	0.01803	0.01999	0.01207	0.01417	0.02213	0.06452	0.03152	0.05771	0.33698	0.06458	0.03070	0.01422	0.00464	0.00824	0.23587	0.01016	0.01010

[dist]
# distance from previous block
# <min> <max>
0	17

[block]
# block no. 6 follows, 12 sequences, length 23
# corresponding to MSA columns:
# 818-840
name=unknown_G
#
# <colnr> <probs for GDERKNQSTAVLIFYWHMCP>
#	G	D	E	R	K	N	Q	S	T	A	V	L	I	F	Y	W	H	M	C	P
0	0.04112	0.02623	0.08262	0.02921	0.11139	0.02265	0.02220	0.15633	0.03414	0.31007	0.03328	0.03159	0.02221	0.01251	0.01087	0.00334	0.01116	0.01022	0.01076	0.01811
1	0.02626	0.01293	0.01750	0.01703	0.02056	0.01167	0.01274	0.02920	0.02485	0.21614	0.05386	0.37189	0.05541	0.02653	0.01295	0.00409	0.00764	0.05506	0.01132	0.01239
2	0.02095	0.01312	0.01708	0.01615	0.01809	0.01367	0.01170	0.09183	0.02182	0.02911	0.03255	0.09564	0.06616	0.03847	0.10004	0.37385	0.01175	0.01298	0.00678	0.00825
3	0.01533	0.01092	0.01317	0.01317	0.01422	0.01113	0.00862	0.01673	0.01766	0.02347	0.04479	0.06939	0.11429	0.39221	0.17853	0.01125	0.01445	0.01591	0.00696	0.00779
4	0.01774	0.01404	0.02286	0.02068	0.02307	0.01590	0.06255	0.02071	0.01776	0.02535	0.02576	0.03854	0.02391	0.06298	0.39466	0.11764	0.06939	0.01129	0.00556	0.00963
5	0.02114	0.01180	0.01463	0.01338	0.01669	0.01098	0.01023	0.02615	0.02853	0.10793	0.32888	0.06370	0.07100	0.01833	0.01106	0.00316	0.00565	0.01577	0.20969	0.01130
6	0.02865	0.02647	0.05431	0.11106	0.05480	0.02537	0.37239	0.03683	0.02608	0.11435	0.02495	0.03055	0.01790	0.01007	0.01232	0.00362	0.01649	0.01217	0.00666	0.01497
7	0.07746	0.02513	0.10519	0.01863	0.02895	0.01712	0.01735	0.03143	0.02320	0.08767	0.02141	0.02372	0.01652	0.00912	0.00861	0.00221	0.00946	0.00711	0.00689	0.46283
8	0.03364	0.01903	0.02374	0.01751	0.02668	0.01516	0.01422	0.03823	0.02622	0.25395	0.02929	0.02869	0.02070	0.01035	0.00929	0.00235	0.00858	0.00835	0.00941	0.40461
9	0.13327	0.01600	0.02018	0.05000	0.02574	0.01563	0.01496	0.03497	0.02630	0.23921	0.09612	0.13270	0.04392	0.01920	0.01155	0.00379	0.00869	0.08334	0.01081	0.01360
10	0.10690	0.02904	0.13185	0.02178	0.03185	0.02227	0.02082	0.13930	0.03086	0.19883	0.02743	0.02723	0.01895	0.01142	0.00984	0.00304	0.01090	0.00877	0.00915	0.13977
11	0.04351	0.02318	0.03315	0.02489	0.03380	0.02219	0.09315	0.16360	0.03531	0.35577	0.03564	0.03323	0.02330	0.01273	0.01124	0.00340	0.01135	0.01097	0.01163	0.01796
12	0.01375	0.00982	0.01318	0.01571	0.01655	0.00926	0.01093	0.01598	0.02133	0.02835	0.05984	0.55702	0.07110	0.03372	0.01404	0.00449	0.00673	0.07909	0.01011	0.00898
13	0.17742	0.02277	0.03178	0.21486	0.19023	0.02527	0.02510	0.08444	0.02572	0.07289	0.02100	0.02613	0.01593	0.01079	0.00994	0.00341	0.01211	0.00894	0.00664	0.01462
14	0.01362	0.00974	0.01295	0.01496	0.01589	0.00908	0.01015	0.01601	0.02241	0.03028	0.13449	0.52832	0.07685	0.03233	0.01375	0.00427	0.00614	0.02926	0.01041	0.00908
15	0.02019	0.01168	0.01572	0.01622	0.01874	0.01077	0.01204	0.02344	0.02492	0.12037	0.14385	0.35949	0.06892	0.02805	0.01337	0.00414	0.00706	0.07910	0.01102	0.01089
16	0.04892	0.01856	0.02530	0.01940	0.02783	0.01603	0.01603	0.05314	0.03121	0.55634	0.04302	0.03711	0.02699	0.01350	0.01096	0.00337	0.00928	0.01096	0.01350	0.01856
17	0.08096	0.12318	0.08708	0.12134	0.04041	0.06684	0.02335	0.24339	0.03527	0.04756	0.02127	0.02400	0.01591	0.01153	0.00988	0.00318	0.01302	0.00855	0.00764	0.01563
18	0.01436	0.01082	0.01327	0.01326	0.01578	0.00974	0.00971	0.01827	0.02744	0.03700	0.33887	0.18288	0.21701	0.02587	0.01306	0.00368	0.00546	0.02264	0.01116	0.00974
19	0.04452	0.02171	0.02654	0.02052	0.02862	0.02118	0.01689	0.19503	0.03689	0.36646	0.03721	0.03394	0.02441	0.01331	0.01071	0.00328	0.00983	0.01055	0.06047	0.01795
20	0.04023	0.01991	0.02581	0.08134	0.03206	0.01961	0.01727	0.13320	0.03206	0.33823	0.03615	0.03851	0.02564	0.08978	0.01660	0.00430	0.01053	0.01123	0.01119	0.01634
21	0.02626	0.04148	0.33810	0.15713	0.05026	0.02443	0.03367	0.06582	0.02558	0.10147	0.02292	0.02639	0.01595	0.01106	0.01059	0.00347	0.01462	0.00891	0.00619	0.01566
22	0.04529	0.01749	0.02338	0.01823	0.02591	0.01528	0.01496	0.04961	0.03015	0.49083	0.04207	0.03756	0.02711	0.01339	0.01054	0.00327	0.00874	0.01086	0.09783	0.01749

[dist]
# distance from previous block
# <min> <max>
0	2

[block]
# block no. 7 follows, 12 sequences, length 53
# corresponding to MSA columns:
# 843-895
name=unknown_H
#
# <colnr> <probs for GDERKNQSTAVLIFYWHMCP>
#	G	D	E	R	K	N	Q	S	T	A	V	L	I	F	Y	W	H	M	C	P
0	0.11072	0.02677	0.10454	0.15511	0.04136	0.06354	0.06028	0.03210	0.02279	0.08832	0.02348	0.03112	0.01878	0.06627	0.06193	0.00511	0.01463	0.00961	0.00643	0.05711
1	0.12179	0.09329	0.07625	0.06783	0.11639	0.10525	0.05313	0.03420	0.02346	0.07308	0.02053	0.02540	0.01651	0.01703	0.05792	0.00448	0.06479	0.00869	0.00606	0.01393
2	0.01530	0.01731	0.09375	0.07912	0.02669	0.01288	0.01663	0.01933	0.02128	0.02880	0.04989	0.46291	0.05754	0.02824	0.01308	0.00420	0.00862	0.02541	0.00876	0.01025
3	0.02301	0.02059	0.03026	0.26580	0.13397	0.02361	0.02543	0.03624	0.16112	0.03469	0.03191	0.04543	0.02706	0.01453	0.01154	0.00379	0.01201	0.07755	0.00739	0.01408
4	0.51592	0.02366	0.02058	0.01727	0.02456	0.02701	0.01424	0.16305	0.02748	0.05432	0.01818	0.02002	0.01364	0.01093	0.00788	0.00335	0.00941	0.00697	0.00788	0.01364
5	0.14189	0.01892	0.02397	0.01867	0.02686	0.01724	0.01542	0.05010	0.02938	0.48319	0.03900	0.03432	0.02480	0.01301	0.01036	0.00337	0.00916	0.01024	0.01252	0.01758
6	0.21396	0.02427	0.02731	0.02602	0.10259	0.02508	0.01825	0.18474	0.03145	0.08362	0.02209	0.02398	0.01659	0.01081	0.00919	0.00297	0.01020	0.00813	0.00825	0.15051
7	0.01343	0.00976	0.01267	0.01471	0.01576	0.00900	0.00998	0.01566	0.02203	0.02927	0.10386	0.52339	0.11500	0.03263	0.01374	0.00428	0.00616	0.02939	0.01028	0.00900
8	0.01328	0.00949	0.01265	0.01518	0.01581	0.00886	0.01012	0.01518	0.02088	0.02783	0.06010	0.60969	0.07212	0.03416	0.01392	0.00443	0.00633	0.03100	0.01012	0.00886
9	0.03840	0.16673	0.03617	0.02620	0.03256	0.46661	0.02058	0.04135	0.02914	0.02648	0.01651	0.01923	0.01403	0.01085	0.00926	0.00271	0.01806	0.00678	0.00543	0.01291
10	0.01664	0.01607	0.05806	0.01831	0.02089	0.01438	0.01438	0.02357	0.09403	0.03081	0.05169	0.44378	0.05821	0.02854	0.01467	0.00427	0.04627	0.02512	0.00948	0.01083
11	0.01325	0.00961	0.01253	0.01486	0.01573	0.00888	0.00998	0.01522	0.02118	0.02796	0.06399	0.57069	0.10861	0.03365	0.01384	0.00437	0.00626	0.03038	0.01012	0.00888
12	0.02338	0.02321	0.03330	0.10964	0.03533	0.03207	0.02478	0.02647	0.01743	0.02647	0.01504	0.02461	0.01434	0.01790	0.03220	0.00461	0.51290	0.00956	0.00478	0.01195
13	0.02934	0.06367	0.03081	0.32341	0.05215	0.02316	0.02343	0.06884	0.02625	0.15559	0.02651	0.03090	0.01887	0.01171	0.01034	0.00336	0.01209	0.00975	0.06578	0.01405
14	0.02049	0.03001	0.19451	0.28851	0.09909	0.02250	0.03076	0.02859	0.02231	0.03060	0.02541	0.11072	0.02285	0.01398	0.01116	0.00366	0.01370	0.01226	0.00558	0.01333
15	0.14116	0.01703	0.02217	0.02356	0.09744	0.01712	0.01587	0.03423	0.02385	0.19416	0.03304	0.07889	0.02677	0.02614	0.11086	0.00587	0.01247	0.01154	0.09400	0.01383
16	0.08232	0.01632	0.02140	0.05856	0.08076	0.01570	0.01547	0.03437	0.02570	0.21776	0.04682	0.09414	0.10261	0.01635	0.01059	0.00337	0.00845	0.01369	0.12173	0.01387
17	0.07486	0.02673	0.11714	0.20734	0.04655	0.02320	0.02494	0.08075	0.06617	0.18246	0.02824	0.03020	0.01950	0.01197	0.01057	0.00349	0.01226	0.00974	0.00835	0.01551
18	0.02463	0.01630	0.02159	0.09965	0.02854	0.01834	0.01622	0.06325	0.02508	0.10217	0.07058	0.13182	0.03565	0.01788	0.01489	0.00361	0.10662	0.01421	0.17677	0.01221
19	0.23942	0.01808	0.02017	0.01702	0.02369	0.01763	0.01389	0.03722	0.02446	0.23736	0.03310	0.04299	0.02661	0.05842	0.01315	0.00392	0.00908	0.06835	0.00970	0.08574
20	0.69383	0.02109	0.01603	0.01434	0.02109	0.02446	0.01181	0.03205	0.01856	0.04892	0.01518	0.01771	0.01181	0.01012	0.00675	0.00337	0.00843	0.00590	0.00675	0.01181
21	0.02915	0.62337	0.05714	0.01866	0.02799	0.04314	0.01866	0.03265	0.02215	0.02565	0.01516	0.01749	0.01399	0.00933	0.00700	0.00233	0.01166	0.00583	0.00466	0.01399
22	0.16307	0.02198	0.02701	0.02141	0.02881	0.02265	0.05843	0.14692	0.06865	0.19298	0.10366	0.03684	0.03256	0.01373	0.01059	0.00341	0.00988	0.01125	0.01053	0.01564
23	0.03702	0.02337	0.10159	0.06244	0.03285	0.01719	0.01973	0.04254	0.02752	0.34044	0.03685	0.08273	0.02694	0.01407	0.01082	0.00331	0.01027	0.01171	0.01053	0.08812
24	0.14651	0.01694	0.02082	0.01700	0.02355	0.01585	0.01375	0.04071	0.02902	0.33171	0.17557	0.04606	0.04530	0.01535	0.01079	0.00339	0.00800	0.01253	0.01197	0.01517
25	0.02262	0.02576	0.10727	0.30172	0.05337	0.02579	0.02797	0.06888	0.02340	0.03199	0.02230	0.07434	0.01943	0.01455	0.01607	0.00387	0.13083	0.01118	0.00574	0.01294
26	0.08342	0.06213	0.03120	0.17975	0.09645	0.06474	0.02202	0.04056	0.02644	0.24474	0.02833	0.02981	0.01962	0.01169	0.01028	0.00332	0.01200	0.00948	0.00860	0.01543
27	0.01328	0.00949	0.01265	0.01518	0.01581	0.00886	0.01012	0.01518	0.02088	0.02783	0.06010	0.60969	0.07212	0.03416	0.01392	0.00443	0.00633	0.03100	0.01012	0.00886
28	0.02189	0.01195	0.01581	0.01584	0.01872	0.01099	0.01182	0.02533	0.02519	0.14066	0.13522	0.31725	0.06375	0.02591	0.01275	0.00395	0.00696	0.06203	0.06268	0.01130
29	0.07348	0.02349	0.07164	0.02550	0.03147	0.02281	0.10028	0.03625	0.13287	0.09132	0.03524	0.15133	0.03199	0.01770	0.01527	0.00393	0.09808	0.01495	0.00845	0.01394
30	0.02160	0.02092	0.03693	0.49452	0.10729	0.02470	0.08182	0.02902	0.02244	0.02918	0.01975	0.02896	0.01495	0.01063	0.01110	0.00361	0.01483	0.01003	0.00496	0.01276
31	0.01328	0.00949	0.01265	0.01518	0.01581	0.00886	0.01012	0.01518	0.02088	0.02783	0.06010	0.60969	0.07212	0.03416	0.01392	0.00443	0.00633	0.03100	0.01012	0.00886
32	0.01923	0.01977	0.09496	0.01913	0.02335	0.01540	0.01624	0.10110	0.02627	0.03563	0.04858	0.42756	0.05475	0.02721	0.01290	0.00409	0.00869	0.02415	0.00946	0.01152
33	0.03018	0.02683	0.03882	0.22980	0.13725	0.10287	0.11294	0.03651	0.02588	0.11775	0.02360	0.02876	0.01734	0.01087	0.01109	0.00341	0.01483	0.01009	0.00660	0.01458
34	0.04892	0.01856	0.02530	0.01940	0.02783	0.01603	0.01603	0.05314	0.03121	0.55634	0.04302	0.03711	0.02699	0.01350	0.01096	0.00337	0.00928	0.01096	0.01350	0.01856
35	0.14646	0.02008	0.02368	0.01924	0.02688	0.01991	0.01564	0.05089	0.14353	0.35837	0.03890	0.03485	0.02602	0.01326	0.01032	0.00345	0.00899	0.01047	0.01187	0.01719
36	0.04236	0.02046	0.02490	0.01947	0.02704	0.01989	0.01596	0.17268	0.03529	0.34274	0.03729	0.03472	0.02486	0.01326	0.01042	0.00321	0.00934	0.01053	0.11836	0.01722
37	0.08471	0.02379	0.09482	0.03012	0.14519	0.01899	0.02160	0.03835	0.02766	0.23298	0.12982	0.04011	0.03666	0.01368	0.01089	0.00336	0.01011	0.01161	0.00972	0.01582
38	0.02533	0.02099	0.02407	0.01744	0.02699	0.01731	0.01404	0.09737	0.02674	0.04031	0.02036	0.02312	0.01649	0.00880	0.00848	0.00185	0.00864	0.00694	0.00710	0.58761
39	0.01558	0.01168	0.01752	0.01752	0.01947	0.01363	0.01363	0.01947	0.01752	0.02531	0.02921	0.04283	0.02726	0.08178	0.57360	0.01752	0.02921	0.01168	0.00584	0.00974
40	0.02264	0.01326	0.01545	0.01431	0.01693	0.01294	0.00991	0.06454	0.02329	0.10551	0.04495	0.13966	0.08069	0.28203	0.03071	0.00661	0.00890	0.01680	0.08061	0.01025
41	0.14322	0.02725	0.08024	0.09018	0.22469	0.02551	0.10816	0.06424	0.02561	0.07745	0.02169	0.02636	0.01650	0.01034	0.01044	0.00340	0.01314	0.00956	0.00648	0.01554
42	0.02650	0.01482	0.02054	0.10010	0.02976	0.01436	0.01659	0.03088	0.02603	0.19338	0.05662	0.13196	0.12545	0.02221	0.01271	0.00402	0.00931	0.14166	0.01039	0.01272
43	0.01353	0.00999	0.01266	0.01428	0.01570	0.00912	0.00984	0.01603	0.02297	0.03038	0.13761	0.44973	0.15547	0.03137	0.01359	0.00416	0.00602	0.02805	0.01039	0.00912
44	0.07746	0.11158	0.42422	0.02757	0.04166	0.02648	0.03394	0.03550	0.02318	0.07314	0.02048	0.02305	0.01464	0.01046	0.00976	0.00332	0.01453	0.00786	0.00543	0.01573
45	0.02303	0.02038	0.03193	0.31716	0.16628	0.02306	0.02660	0.07890	0.02548	0.03396	0.02717	0.12537	0.02520	0.01476	0.01138	0.00364	0.01254	0.01327	0.00650	0.01341
46	0.01894	0.00947	0.01420	0.01420	0.01420	0.00947	0.00947	0.01420	0.01420	0.01894	0.01894	0.03314	0.01894	0.03788	0.04261	0.68277	0.00947	0.00947	0.00473	0.00473
47	0.01473	0.01057	0.01410	0.01533	0.01697	0.00994	0.01126	0.01832	0.02532	0.03463	0.24515	0.33674	0.08258	0.02902	0.01368	0.00413	0.00641	0.09073	0.01083	0.00958
48	0.07316	0.01596	0.01995	0.07825	0.02661	0.01755	0.01499	0.09582	0.02535	0.07859	0.03172	0.08552	0.02752	0.03573	0.18479	0.00770	0.01526	0.01209	0.14130	0.01211
49	0.02358	0.19653	0.37591	0.08787	0.04530	0.02973	0.03372	0.03334	0.02267	0.03156	0.01843	0.02226	0.01394	0.01016	0.00956	0.00319	0.01481	0.00767	0.00465	0.01515
50	0.69383	0.02109	0.01603	0.01434	0.02109	0.02446	0.01181	0.03205	0.01856	0.04892	0.01518	0.01771	0.01181	0.01012	0.00675	0.00337	0.00843	0.00590	0.00675	0.01181
51	0.02279	0.10759	0.07174	0.05996	0.03243	0.02139	0.09924	0.03068	0.06005	0.06986	0.24332	0.05037	0.05402	0.01557	0.01147	0.00334	0.01021	0.01403	0.00888	0.01308
52	0.01524	0.01031	0.01313	0.01382	0.01557	0.00967	0.00983	0.01902	0.02553	0.03663	0.26782	0.29658	0.07921	0.02587	0.01255	0.00372	0.00563	0.02306	0.10713	0.00967

[dist]
# distance from previous block
# <min> <max>
0	1

[block]
# block no. 8 follows, 12 sequences, length 14
# corresponding to MSA columns:
# 897-910
name=unknown_I
#
# <colnr> <probs for GDERKNQSTAVLIFYWHMCP>
#	G	D	E	R	K	N	Q	S	T	A	V	L	I	F	Y	W	H	M	C	P
0	0.03147	0.41059	0.08674	0.02160	0.03020	0.10826	0.02073	0.03555	0.02377	0.07281	0.01808	0.02035	0.01514	0.01072	0.01002	0.00274	0.05458	0.00687	0.00556	0.01422
1	0.02915	0.62337	0.05714	0.01866	0.02799	0.04314	0.01866	0.03265	0.02215	0.02565	0.01516	0.01749	0.01399	0.00933	0.00700	0.00233	0.01166	0.00583	0.00466	0.01399
2	0.02320	0.01991	0.02288	0.01694	0.02617	0.01619	0.01349	0.03145	0.08905	0.03685	0.02266	0.02498	0.01840	0.00896	0.00847	0.00189	0.00815	0.00723	0.00707	0.59607
3	0.01670	0.01247	0.01775	0.01735	0.01903	0.01472	0.01339	0.02026	0.01779	0.02639	0.02894	0.04337	0.02724	0.11368	0.43766	0.01459	0.07283	0.01171	0.06442	0.00970
4	0.13067	0.20399	0.10743	0.02359	0.03280	0.11702	0.06120	0.03867	0.02518	0.13248	0.02191	0.02334	0.01635	0.01067	0.00910	0.00302	0.01317	0.00789	0.00687	0.01466
5	0.02187	0.05640	0.56031	0.03108	0.04719	0.02532	0.04029	0.03453	0.02302	0.03453	0.01957	0.02302	0.01381	0.01036	0.01036	0.00345	0.01611	0.00806	0.00460	0.01611
6	0.01586	0.01057	0.01189	0.01189	0.01189	0.01057	0.00661	0.01586	0.01586	0.02114	0.03436	0.07135	0.03964	0.61681	0.05550	0.01057	0.01057	0.01586	0.00661	0.00661
7	0.01574	0.01114	0.01498	0.01717	0.01865	0.01091	0.01334	0.01893	0.02230	0.02933	0.05555	0.29857	0.06323	0.10860	0.01994	0.00553	0.00872	0.24862	0.00962	0.00915
8	0.01442	0.01093	0.01329	0.01307	0.01576	0.00980	0.00966	0.01849	0.02794	0.03765	0.35865	0.14682	0.23332	0.02521	0.01298	0.00362	0.00539	0.02196	0.01123	0.00980
9	0.02376	0.02012	0.03701	0.03135	0.08079	0.01873	0.20309	0.03005	0.02723	0.09399	0.17610	0.09390	0.08131	0.01646	0.01255	0.00359	0.01147	0.01633	0.00883	0.01333
10	0.02728	0.04883	0.45324	0.02874	0.04332	0.02346	0.03543	0.03825	0.02466	0.13896	0.02426	0.02584	0.01645	0.01099	0.01048	0.00344	0.01475	0.00864	0.00638	0.01660
11	0.03330	0.20404	0.04317	0.10660	0.04067	0.15237	0.09205	0.08010	0.02819	0.08993	0.02120	0.02430	0.01629	0.01075	0.00982	0.00302	0.01460	0.00859	0.00656	0.01444
12	0.03552	0.02204	0.03512	0.07680	0.21265	0.02076	0.06057	0.04115	0.02725	0.25863	0.03012	0.03131	0.02111	0.01125	0.01081	0.00323	0.01151	0.01023	0.00893	0.07100
13	0.10020	0.07371	0.14857	0.09705	0.03725	0.02489	0.02342	0.07530	0.05461	0.08069	0.02524	0.06717	0.02076	0.01317	0.01169	0.00337	0.05110	0.01011	0.00712	0.07461

[dist]
# distance from previous block
# <min> <max>
15	90

[block]
# block no. 9 follows, 12 sequences, length 6
# corresponding to MSA columns:
# 1032-1037
name=unknown_J
#
# <colnr> <probs for GDERKNQSTAVLIFYWHMCP>
#	G	D	E	R	K	N	Q	S	T	A	V	L	I	F	Y	W	H	M	C	P
0	0.02507	0.25011	0.19108	0.02430	0.03337	0.03250	0.02542	0.03107	0.02115	0.02944	0.01669	0.02117	0.01426	0.01181	0.01495	0.00315	0.15232	0.00742	0.00488	0.08984
1	0.01978	0.15871	0.02515	0.01532	0.01974	0.01995	0.01240	0.02654	0.08265	0.03525	0.24880	0.06315	0.11867	0.08954	0.01632	0.00408	0.00778	0.01550	0.00928	0.01140
2	0.02213	0.01938	0.02502	0.15338	0.03761	0.01685	0.01707	0.02755	0.02242	0.03370	0.01938	0.02415	0.01576	0.00875	0.00875	0.00210	0.00962	0.00723	0.00607	0.52308
3	0.02435	0.01612	0.02754	0.02210	0.02692	0.01491	0.12909	0.02648	0.02296	0.11674	0.08770	0.04810	0.10480	0.02397	0.02302	0.24266	0.01056	0.01350	0.00788	0.01061
4	0.01673	0.01257	0.01694	0.15046	0.02738	0.01366	0.01261	0.01866	0.01777	0.02340	0.03331	0.11414	0.03683	0.41482	0.04076	0.00831	0.01110	0.01587	0.00653	0.00814
5	0.01319	0.00986	0.01227	0.01420	0.01556	0.00894	0.00969	0.01529	0.02182	0.02822	0.07205	0.48988	0.18422	0.03261	0.01367	0.00425	0.00614	0.02910	0.01012	0.00894

[dist]
