[name]
unknown

[dist]
# distance from previous block
# <min> <max>
0	428

[block]
# block no. 0 follows, 12 sequences, length 6
# corresponding to MSA columns:
# 596-601
name=unknown_A
#
# <colnr> <probs for GDERKNQSTAVLIFYWHMCP>
#	G	D	E	R	K	N	Q	S	T	A	V	L	I	F	Y	W	H	M	C	P
0	0.01507	0.01106	0.01421	0.01429	0.01672	0.01021	0.01082	0.01947	0.02816	0.03864	0.37259	0.16040	0.14762	0.02539	0.01325	0.00377	0.00588	0.07121	0.01131	0.00994
1	0.01643	0.01327	0.01658	0.07876	0.02366	0.01323	0.01265	0.02369	0.07804	0.03790	0.30602	0.07841	0.21660	0.02183	0.01247	0.00355	0.00666	0.01882	0.01055	0.01087
2	0.03742	0.02982	0.08427	0.10542	0.09482	0.09011	0.02389	0.14150	0.03261	0.20889	0.02830	0.02909	0.01958	0.01206	0.01073	0.00331	0.01290	0.00965	0.00905	0.01658
3	0.04772	0.02048	0.02649	0.02031	0.02879	0.01888	0.01678	0.12680	0.03442	0.47814	0.04032	0.03536	0.02564	0.01343	0.01096	0.00336	0.00971	0.01078	0.01308	0.01855
4	0.01328	0.00949	0.01265	0.01518	0.01581	0.00886	0.01012	0.01518	0.02088	0.02783	0.06010	0.60969	0.07212	0.03416	0.01392	0.00443	0.00633	0.03100	0.01012	0.00886
5	0.02860	0.02856	0.10007	0.12801	0.19919	0.02634	0.05718	0.10284	0.10903	0.07181	0.02627	0.02968	0.01971	0.01145	0.01096	0.00344	0.01287	0.01021	0.00737	0.01641

[dist]
# distance from previous block
# <min> <max>
0	9

[block]
# block no. 1 follows, 12 sequences, length 11
# corresponding to MSA columns:
# 611-621
name=unknown_B
#
# <colnr> <probs for GDERKNQSTAVLIFYWHMCP>
#	G	D	E	R	K	N	Q	S	T	A	V	L	I	F	Y	W	H	M	C	P
0	0.02379	0.02323	0.03426	0.03555	0.13487	0.03015	0.02495	0.02714	0.01844	0.02809	0.01687	0.02614	0.01604	0.02256	0.07699	0.00555	0.42778	0.00976	0.00499	0.01284
1	0.01582	0.01359	0.01385	0.01334	0.01753	0.01289	0.01013	0.02435	0.12861	0.03278	0.09686	0.09171	0.43920	0.02498	0.01252	0.00369	0.00616	0.02081	0.01032	0.01086
2	0.16320	0.02770	0.05440	0.03945	0.04960	0.02693	0.40685	0.03433	0.02426	0.03781	0.02064	0.02700	0.01557	0.00938	0.01161	0.00361	0.01634	0.01143	0.00577	0.01411
3	0.04482	0.01865	0.02471	0.01921	0.02705	0.01672	0.01576	0.08326	0.03264	0.46626	0.09487	0.04102	0.03443	0.01440	0.01116	0.00337	0.00904	0.01181	0.01315	0.01768
4	0.03386	0.02260	0.08660	0.02466	0.03268	0.01759	0.10933	0.03939	0.02704	0.28706	0.04038	0.16048	0.03360	0.01692	0.01191	0.00367	0.01105	0.01543	0.01032	0.01544
5	0.04520	0.02207	0.02718	0.02110	0.02943	0.02155	0.01735	0.17283	0.07708	0.38798	0.03875	0.03456	0.02531	0.01350	0.01096	0.00337	0.00993	0.01078	0.01263	0.01845
6	0.01637	0.01082	0.01476	0.01476	0.01558	0.01164	0.01017	0.01705	0.01622	0.02246	0.02900	0.05139	0.03013	0.27073	0.27262	0.15183	0.01825	0.01277	0.00590	0.00755
7	0.02776	0.02853	0.03448	0.25535	0.09174	0.13765	0.06678	0.06648	0.06834	0.03363	0.02170	0.02724	0.01677	0.01097	0.01063	0.00325	0.01461	0.00938	0.00615	0.06853
8	0.03746	0.01593	0.02129	0.01747	0.02386	0.01390	0.01396	0.04145	0.02956	0.38470	0.12232	0.10965	0.08352	0.01807	0.01170	0.00352	0.00807	0.01530	0.01266	0.01560
9	0.01392	0.01001	0.01289	0.01436	0.01552	0.00931	0.00975	0.01638	0.02276	0.03065	0.16039	0.42565	0.10446	0.07966	0.01709	0.00469	0.00639	0.02693	0.01022	0.00899
10	0.02677	0.02172	0.02192	0.02019	0.02499	0.06658	0.01535	0.09195	0.24206	0.06748	0.04368	0.18893	0.03978	0.01928	0.01149	0.00368	0.00909	0.01638	0.05432	0.01437

[dist]
# distance from previous block
# <min> <max>
0	17

[block]
# block no. 2 follows, 12 sequences, length 37
# corresponding to MSA columns:
# 639-675
name=unknown_C
#
# <colnr> <probs for GDERKNQSTAVLIFYWHMCP>
#	G	D	E	R	K	N	Q	S	T	A	V	L	I	F	Y	W	H	M	C	P
0	0.03104	0.07558	0.08423	0.11639	0.09767	0.02680	0.02371	0.18270	0.03232	0.08170	0.02303	0.02591	0.01716	0.01098	0.01005	0.00299	0.01201	0.00881	0.00767	0.12922
1	0.30483	0.07936	0.02497	0.01774	0.02529	0.02557	0.01480	0.13695	0.02681	0.04662	0.01961	0.02265	0.01565	0.01658	0.05733	0.00417	0.01128	0.00737	0.00734	0.13508
2	0.07841	0.07556	0.03073	0.07630	0.03378	0.06717	0.05352	0.08873	0.06823	0.19561	0.03318	0.09545	0.02661	0.01457	0.01072	0.00342	0.01132	0.01214	0.00941	0.01514
3	0.09042	0.07490	0.03587	0.18285	0.04571	0.08015	0.07736	0.15120	0.03099	0.09444	0.02282	0.02641	0.01669	0.01134	0.01035	0.00332	0.01354	0.00932	0.00751	0.01481
4	0.02981	0.02211	0.03032	0.02510	0.02815	0.02724	0.02083	0.03290	0.02083	0.15594	0.02180	0.02695	0.01758	0.01660	0.02691	0.00411	0.39364	0.00957	0.00706	0.08255
5	0.01462	0.01092	0.01329	0.01304	0.01551	0.00990	0.00948	0.01845	0.02722	0.03684	0.34809	0.13683	0.20631	0.07143	0.01631	0.00415	0.00578	0.02132	0.01093	0.00959
6	0.02066	0.01181	0.01574	0.01536	0.01820	0.01074	0.01127	0.02429	0.02679	0.13074	0.25163	0.29223	0.07628	0.02560	0.01295	0.00383	0.00639	0.02279	0.01150	0.01120
7	0.01324	0.00967	0.01247	0.01471	0.01569	0.00890	0.00991	0.01523	0.02133	0.02802	0.06580	0.55247	0.12565	0.03342	0.01380	0.00434	0.00623	0.03009	0.01012	0.00890
8	0.04537	0.01788	0.02443	0.01948	0.02724	0.01563	0.01620	0.04967	0.03052	0.49698	0.04468	0.04685	0.03104	0.01538	0.01143	0.00356	0.00936	0.06361	0.01310	0.01759
9	0.02915	0.62337	0.05714	0.01866	0.02799	0.04314	0.01866	0.03265	0.02215	0.02565	0.01516	0.01749	0.01399	0.00933	0.00700	0.00233	0.01166	0.00583	0.00466	0.01399
10	0.02520	0.02784	0.05556	0.04104	0.04894	0.02923	0.37153	0.03246	0.02317	0.03246	0.01986	0.02784	0.01591	0.01200	0.01937	0.00399	0.18246	0.01192	0.00530	0.01392
11	0.04892	0.01856	0.02530	0.01940	0.02783	0.01603	0.01603	0.05314	0.03121	0.55634	0.04302	0.03711	0.02699	0.01350	0.01096	0.00337	0.00928	0.01096	0.01350	0.01856
12	0.69383	0.02109	0.01603	0.01434	0.02109	0.02446	0.01181	0.03205	0.01856	0.04892	0.01518	0.01771	0.01181	0.01012	0.00675	0.00337	0.00843	0.00590	0.00675	0.01181
13	0.04145	0.03054	0.03272	0.02509	0.03381	0.03381	0.02072	0.51243	0.05127	0.06872	0.02618	0.02618	0.01854	0.01309	0.01091	0.00327	0.01200	0.00982	0.01091	0.01854
14	0.69383	0.02109	0.01603	0.01434	0.02109	0.02446	0.01181	0.03205	0.01856	0.04892	0.01518	0.01771	0.01181	0.01012	0.00675	0.00337	0.00843	0.00590	0.00675	0.01181
15	0.02699	0.02591	0.04426	0.06693	0.54879	0.02591	0.03346	0.03346	0.02483	0.03562	0.02051	0.02699	0.01727	0.00972	0.01079	0.00324	0.01295	0.00972	0.00540	0.01727
16	0.02712	0.02342	0.02465	0.02219	0.02835	0.02712	0.01726	0.05794	0.52909	0.04561	0.04438	0.04068	0.03328	0.01479	0.01109	0.00370	0.00863	0.01233	0.01109	0.01726
17	0.01369	0.00978	0.01312	0.01565	0.01646	0.00921	0.01083	0.01589	0.02128	0.02829	0.05987	0.56339	0.07122	0.03378	0.01403	0.00448	0.00668	0.07328	0.01011	0.00897
18	0.04821	0.01970	0.02601	0.01994	0.02841	0.01773	0.01648	0.09710	0.03313	0.50967	0.04140	0.03607	0.02618	0.01346	0.01096	0.00336	0.00954	0.01086	0.01325	0.01855
19	0.01558	0.01168	0.01752	0.01752	0.01947	0.01363	0.01363	0.01947	0.01752	0.02531	0.02921	0.04283	0.02726	0.08178	0.57360	0.01752	0.02921	0.01168	0.00584	0.00974
20	0.01328	0.00949	0.01265	0.01518	0.01581	0.00886	0.01012	0.01518	0.02088	0.02783	0.06010	0.60969	0.07212	0.03416	0.01392	0.00443	0.00633	0.03100	0.01012	0.00886
21	0.01695	0.01042	0.01395	0.01562	0.01705	0.00959	0.01073	0.01908	0.02194	0.08215	0.05834	0.55085	0.06748	0.03204	0.01361	0.00432	0.00663	0.02894	0.01047	0.00985
22	0.02261	0.01938	0.02261	0.01615	0.02584	0.01453	0.01292	0.02745	0.02261	0.03553	0.01938	0.02261	0.01615	0.00807	0.00807	0.00161	0.00807	0.00646	0.00646	0.68346
23	0.01328	0.00949	0.01265	0.01518	0.01581	0.00886	0.01012	0.01518	0.02088	0.02783	0.06010	0.60969	0.07212	0.03416	0.01392	0.00443	0.00633	0.03100	0.01012	0.00886
24	0.01406	0.01006	0.01346	0.01546	0.01658	0.00946	0.01091	0.01678	0.02286	0.03079	0.13477	0.47773	0.07593	0.03190	0.01387	0.00433	0.00652	0.07492	0.01040	0.00920
25	0.02574	0.02941	0.06434	0.04596	0.05699	0.02757	0.50919	0.03493	0.02574	0.03493	0.02206	0.02941	0.01654	0.00919	0.01287	0.00368	0.01838	0.01287	0.00551	0.01471
26	0.02543	0.01641	0.02449	0.25427	0.04368	0.01747	0.02024	0.03098	0.02617	0.15697	0.12895	0.05448	0.09080	0.01657	0.01175	0.00364	0.01040	0.04537	0.00906	0.01288
27	0.01343	0.00981	0.01264	0.01459	0.01573	0.00902	0.00993	0.01570	0.02220	0.02940	0.10788	0.50645	0.12833	0.03238	0.01371	0.00426	0.00613	0.02911	0.01029	0.00902
28	0.02474	0.02541	0.08934	0.32829	0.13433	0.02445	0.10712	0.03247	0.02374	0.07318	0.02189	0.02889	0.01618	0.01061	0.01115	0.00355	0.01465	0.01015	0.00570	0.01417
29	0.07404	0.04126	0.32339	0.08695	0.09083	0.02455	0.08254	0.03543	0.02379	0.08472	0.02180	0.02556	0.01557	0.01052	0.01050	0.00346	0.01471	0.00897	0.00579	0.01561
30	0.02073	0.09595	0.32921	0.02446	0.03566	0.02301	0.02838	0.03136	0.06365	0.03312	0.03955	0.09315	0.10579	0.01565	0.01084	0.00350	0.01246	0.01277	0.00654	0.01420
31	0.02187	0.05640	0.56031	0.03108	0.04719	0.02532	0.04029	0.03453	0.02302	0.03453	0.01957	0.02302	0.01381	0.01036	0.01036	0.00345	0.01611	0.00806	0.00460	0.01611
32	0.02612	0.01883	0.03183	0.16363	0.09928	0.01897	0.09624	0.03171	0.02532	0.14129	0.07853	0.15004	0.03684	0.01664	0.01197	0.00368	0.01141	0.01554	0.00848	0.01364
33	0.03050	0.08289	0.11431	0.13081	0.03900	0.02310	0.02260	0.07439	0.06803	0.17544	0.06312	0.07162	0.02882	0.01409	0.01080	0.00343	0.01131	0.01166	0.00886	0.01523
34	0.03222	0.02190	0.07162	0.02393	0.03121	0.01829	0.09559	0.08192	0.02866	0.23452	0.04102	0.19611	0.03625	0.01838	0.01205	0.00372	0.01071	0.01661	0.01030	0.01499
35	0.56648	0.02119	0.02105	0.01760	0.02451	0.02372	0.06787	0.03187	0.01970	0.04670	0.01752	0.02080	0.01358	0.01021	0.00751	0.00334	0.00931	0.00702	0.05800	0.01201
36	0.09093	0.06594	0.02728	0.15676	0.03763	0.02361	0.01953	0.07043	0.13465	0.10473	0.03443	0.08501	0.02930	0.01570	0.01089	0.00366	0.01053	0.05602	0.00881	0.01416

[dist]
# distance from previous block
# <min> <max>
0	11

[block]
# block no. 3 follows, 12 sequences, length 30
# corresponding to MSA columns:
# 687-716
name=unknown_D
#
# <colnr> <probs for GDERKNQSTAVLIFYWHMCP>
#	G	D	E	R	K	N	Q	S	T	A	V	L	I	F	Y	W	H	M	C	P
0	0.03418	0.02540	0.02750	0.02292	0.03018	0.02834	0.01833	0.21395	0.31612	0.10328	0.03798	0.03534	0.02760	0.01408	0.01102	0.00352	0.00985	0.01133	0.01126	0.01783
1	0.02206	0.02092	0.03735	0.17149	0.17834	0.02153	0.12622	0.02889	0.02542	0.03477	0.11921	0.04865	0.03707	0.01446	0.01211	0.00366	0.01272	0.06467	0.00701	0.01344
2	0.03052	0.02420	0.02812	0.08477	0.03484	0.02396	0.01825	0.23704	0.03490	0.04900	0.02232	0.02488	0.01700	0.01056	0.00962	0.00256	0.01050	0.00827	0.00820	0.32049
3	0.07592	0.02952	0.03531	0.11850	0.25492	0.13596	0.02672	0.03647	0.07367	0.03400	0.02111	0.02624	0.01721	0.01140	0.01223	0.00337	0.05749	0.00914	0.00597	0.01486
4	0.02868	0.01816	0.02585	0.21754	0.08426	0.01959	0.02045	0.07534	0.02686	0.14372	0.02944	0.03353	0.02142	0.01203	0.00999	0.00321	0.01046	0.01010	0.19549	0.01388
5	0.02261	0.01938	0.02261	0.01615	0.02584	0.01453	0.01292	0.02745	0.02261	0.03553	0.01938	0.02261	0.01615	0.00807	0.00807	0.00161	0.00807	0.00646	0.00646	0.68346
6	0.02118	0.01998	0.03376	0.54258	0.11854	0.02438	0.03057	0.02837	0.02208	0.02857	0.01948	0.02888	0.01479	0.01079	0.01089	0.00360	0.01439	0.00969	0.00490	0.01259
7	0.16233	0.01340	0.01536	0.01556	0.01876	0.01347	0.01177	0.02396	0.02372	0.08304	0.14560	0.27926	0.06050	0.02442	0.01203	0.00397	0.00716	0.06486	0.01007	0.01075
8	0.01343	0.01038	0.01226	0.01324	0.01543	0.00921	0.00938	0.01616	0.02398	0.03081	0.15103	0.32246	0.27375	0.02971	0.01333	0.00397	0.00582	0.02603	0.01040	0.00921
9	0.01492	0.01113	0.01387	0.01318	0.01598	0.01007	0.00989	0.01959	0.02966	0.04086	0.45631	0.08616	0.19140	0.02336	0.01287	0.00348	0.00522	0.02038	0.01163	0.01007
10	0.01405	0.01008	0.01334	0.01466	0.01598	0.00937	0.01018	0.01711	0.02445	0.03352	0.23293	0.42065	0.08313	0.02991	0.01354	0.00407	0.00590	0.02696	0.01079	0.00937
11	0.03133	0.01625	0.02070	0.01748	0.02308	0.01544	0.01382	0.04028	0.11249	0.25807	0.25270	0.05627	0.05981	0.01739	0.01178	0.00345	0.00744	0.01485	0.01248	0.01488
12	0.02261	0.01938	0.02261	0.01615	0.02584	0.01453	0.01292	0.02745	0.02261	0.03553	0.01938	0.02261	0.01615	0.00807	0.00807	0.00161	0.00807	0.00646	0.00646	0.68346
13	0.02712	0.02342	0.02465	0.02219	0.02835	0.02712	0.01726	0.05794	0.52909	0.04561	0.04438	0.04068	0.03328	0.01479	0.01109	0.00370	0.00863	0.01233	0.01109	0.01726
14	0.03280	0.02259	0.02542	0.02099	0.02762	0.02427	0.01681	0.20832	0.18364	0.12723	0.14408	0.04378	0.04205	0.01561	0.01139	0.00344	0.00916	0.01283	0.01157	0.01641
15	0.02187	0.05640	0.56031	0.03108	0.04719	0.02532	0.04029	0.03453	0.02302	0.03453	0.01957	0.02302	0.01381	0.01036	0.01036	0.00345	0.01611	0.00806	0.00460	0.01611
16	0.01328	0.00949	0.01265	0.01518	0.01581	0.00886	0.01012	0.01518	0.02088	0.02783	0.06010	0.60969	0.07212	0.03416	0.01392	0.00443	0.00633	0.03100	0.01012	0.00886
17	0.02884	0.01340	0.01681	0.01448	0.01909	0.01225	0.01138	0.03364	0.02822	0.22204	0.19286	0.05185	0.05045	0.01590	0.01039	0.00310	0.00657	0.01336	0.24224	0.01314
18	0.03002	0.02209	0.03736	0.12839	0.04404	0.02225	0.16851	0.04073	0.10927	0.17054	0.08134	0.03824	0.03002	0.01279	0.01174	0.00357	0.01247	0.01239	0.00900	0.01523
19	0.02574	0.02941	0.06434	0.04596	0.05699	0.02757	0.50919	0.03493	0.02574	0.03493	0.02206	0.02941	0.01654	0.00919	0.01287	0.00368	0.01838	0.01287	0.00551	0.01471
20	0.01543	0.01115	0.01457	0.01372	0.01629	0.01029	0.01029	0.02058	0.03086	0.04372	0.54304	0.08145	0.10288	0.02229	0.01286	0.00343	0.00514	0.01972	0.01200	0.01029
21	0.01630	0.01272	0.01724	0.10937	0.02634	0.01339	0.01376	0.02200	0.06745	0.03139	0.12823	0.32878	0.06127	0.08013	0.01681	0.00463	0.00807	0.02263	0.00933	0.01016
22	0.14638	0.12100	0.07889	0.27625	0.04899	0.02614	0.02442	0.02942	0.02174	0.03253	0.02225	0.03512	0.01931	0.01262	0.00991	0.00351	0.01257	0.06071	0.00573	0.01249
23	0.01543	0.01115	0.01457	0.01372	0.01629	0.01029	0.01029	0.02058	0.03086	0.04372	0.54304	0.08145	0.10288	0.02229	0.01286	0.00343	0.00514	0.01972	0.01200	0.01029
24	0.03030	0.01400	0.01769	0.01500	0.02012	0.01255	0.01187	0.03482	0.02856	0.25566	0.17415	0.05574	0.09674	0.01691	0.01085	0.00322	0.00689	0.01416	0.16715	0.01361
25	0.02279	0.02163	0.03668	0.41030	0.23819	0.02480	0.03138	0.02979	0.02284	0.03053	0.01977	0.02835	0.01548	0.01049	0.01086	0.00350	0.01399	0.00970	0.00504	0.01389
26	0.11200	0.02632	0.07622	0.07320	0.03592	0.06473	0.06104	0.04506	0.07620	0.27065	0.03201	0.03128	0.02172	0.01219	0.01051	0.00342	0.01178	0.01000	0.00965	0.01609
27	0.01345	0.00962	0.01280	0.01507	0.01585	0.00897	0.01013	0.01560	0.02165	0.02907	0.09770	0.56856	0.07451	0.03324	0.01383	0.00435	0.00623	0.03012	0.01027	0.00897
28	0.04229	0.02919	0.03189	0.02445	0.03314	0.03181	0.02019	0.46066	0.04900	0.12369	0.02808	0.02741	0.01950	0.01313	0.01091	0.00328	0.01169	0.00995	0.01120	0.01854
29	0.18003	0.02036	0.02712	0.16529	0.14066	0.02231	0.02082	0.06465	0.02364	0.08453	0.02374	0.03348	0.01999	0.10997	0.01722	0.00458	0.01150	0.00996	0.00691	0.01323

[dist]
# distance from previous block
# <min> <max>
0	5

[block]
# block no. 4 follows, 12 sequences, length 13
# corresponding to MSA columns:
# 722-734
name=unknown_E
#
# <colnr> <probs for GDERKNQSTAVLIFYWHMCP>
#	G	D	E	R	K	N	Q	S	T	A	V	L	I	F	Y	W	H	M	C	P
0	0.69383	0.02109	0.01603	0.01434	0.02109	0.02446	0.01181	0.03205	0.01856	0.04892	0.01518	0.01771	0.01181	0.01012	0.00675	0.00337	0.00843	0.00590	0.00675	0.01181
1	0.01762	0.01081	0.01390	0.01465	0.01609	0.01012	0.00987	0.01962	0.02170	0.07963	0.10168	0.36904	0.06298	0.17205	0.02359	0.00571	0.00752	0.02421	0.00979	0.00941
2	0.02156	0.01984	0.03089	0.40446	0.09547	0.02182	0.02599	0.02815	0.02222	0.03040	0.01946	0.02724	0.01515	0.01008	0.01016	0.00308	0.01274	0.00885	0.00530	0.18714
3	0.02188	0.01541	0.01712	0.01597	0.01873	0.01627	0.01130	0.11592	0.07720	0.03666	0.03967	0.17485	0.04068	0.23499	0.02721	0.00610	0.00901	0.01698	0.09313	0.01092
4	0.02059	0.01938	0.03270	0.59060	0.07510	0.02422	0.03028	0.02786	0.02180	0.02786	0.01938	0.02907	0.01453	0.01090	0.01090	0.00363	0.01453	0.00969	0.00484	0.01211
5	0.03560	0.02577	0.02778	0.02210	0.02969	0.02789	0.01800	0.34868	0.10216	0.09091	0.04308	0.04137	0.10610	0.01567	0.01125	0.00340	0.01038	0.01233	0.01097	0.01688
6	0.02946	0.01566	0.01975	0.01802	0.02300	0.01495	0.01410	0.03734	0.10804	0.23210	0.05575	0.20060	0.09400	0.02211	0.01235	0.00390	0.00812	0.06513	0.01155	0.01406
7	0.14073	0.01580	0.01871	0.01618	0.02189	0.01486	0.01275	0.03642	0.02587	0.27798	0.04807	0.15039	0.08624	0.01827	0.01077	0.00354	0.00786	0.01513	0.06456	0.01398
8	0.02868	0.01372	0.01815	0.01656	0.02051	0.01247	0.01246	0.03162	0.02512	0.24191	0.08043	0.20236	0.04905	0.13435	0.02057	0.00514	0.00854	0.05486	0.01094	0.01255
9	0.02972	0.02887	0.02585	0.02331	0.02937	0.13122	0.01798	0.05519	0.43409	0.04200	0.03913	0.03667	0.02962	0.01411	0.01085	0.00353	0.01073	0.01132	0.01005	0.01638
10	0.46116	0.02735	0.02026	0.01823	0.02467	0.12950	0.01446	0.03844	0.10371	0.04414	0.02024	0.02181	0.01572	0.01109	0.00804	0.00332	0.01061	0.00716	0.00724	0.01285
11	0.45866	0.02072	0.01846	0.01596	0.02224	0.02327	0.01296	0.10777	0.02621	0.05114	0.11763	0.03124	0.03027	0.01292	0.00859	0.00337	0.00839	0.00917	0.00842	0.01261
12	0.03383	0.11103	0.03825	0.08834	0.03819	0.02595	0.11080	0.12781	0.03012	0.17587	0.02828	0.03315	0.02135	0.07083	0.01509	0.00399	0.01257	0.01069	0.00856	0.01527

[dist]
# distance from previous block
# <min> <max>
1	20

[block]
# block no. 5 follows, 12 sequences, length 52
# corresponding to MSA columns:
# 755-769,772-808
name=unknown_F
#
# <colnr> <probs for GDERKNQSTAVLIFYWHMCP>
#	G	D	E	R	K	N	Q	S	T	A	V	L	I	F	Y	W	H	M	C	P
0	0.02334	0.01760	0.02223	0.02348	0.08595	0.01808	0.01521	0.10801	0.08272	0.03597	0.03418	0.15747	0.03426	0.10991	0.02297	0.11301	0.00963	0.01510	0.00813	0.06275
1	0.02081	0.09272	0.03343	0.45459	0.06254	0.02481	0.02655	0.02701	0.02174	0.02758	0.02349	0.09373	0.02102	0.01335	0.01076	0.00356	0.01325	0.01164	0.00542	0.01197
2	0.02889	0.02430	0.02565	0.02255	0.02903	0.02795	0.01769	0.11397	0.47018	0.04846	0.04213	0.03889	0.03147	0.01458	0.01107	0.00365	0.00904	0.01202	0.01107	0.01742
3	0.02574	0.02941	0.06434	0.04596	0.05699	0.02757	0.50919	0.03493	0.02574	0.03493	0.02206	0.02941	0.01654	0.00919	0.01287	0.00368	0.01838	0.01287	0.00551	0.01471
4	0.01944	0.01722	0.02480	0.14464	0.14500	0.01802	0.01972	0.02725	0.08168	0.03343	0.09867	0.12510	0.16322	0.01913	0.01194	0.00365	0.00941	0.01684	0.00829	0.01253
5	0.08113	0.08197	0.30905	0.03099	0.09727	0.02619	0.03097	0.08085	0.02645	0.10270	0.02253	0.02470	0.01613	0.01084	0.01002	0.00332	0.01362	0.00845	0.00655	0.01629
6	0.02796	0.02001	0.03042	0.02495	0.03134	0.01995	0.12191	0.04054	0.16823	0.14879	0.08173	0.12525	0.04129	0.01767	0.01226	0.00380	0.01039	0.04851	0.01026	0.01475
7	0.01324	0.00964	0.01249	0.01477	0.01571	0.00889	0.00994	0.01523	0.02127	0.02800	0.06512	0.55936	0.11921	0.03351	0.01381	0.00435	0.00625	0.03020	0.01012	0.00889
8	0.08465	0.06640	0.10561	0.08669	0.13333	0.02374	0.02401	0.08169	0.02816	0.17491	0.06294	0.03171	0.02459	0.01212	0.01037	0.00331	0.01151	0.00997	0.00839	0.01591
9	0.07807	0.13891	0.27688	0.02552	0.03735	0.06516	0.02818	0.09134	0.02732	0.10180	0.02199	0.02360	0.01588	0.01093	0.00965	0.00319	0.01376	0.00803	0.00665	0.01580
10	0.69383	0.02109	0.01603	0.01434	0.02109	0.02446	0.01181	0.03205	0.01856	0.04892	0.01518	0.01771	0.01181	0.01012	0.00675	0.00337	0.00843	0.00590	0.00675	0.01181
11	0.01572	0.01089	0.01396	0.01350	0.01589	0.01014	0.01001	0.02056	0.02914	0.04194	0.44749	0.12653	0.09255	0.02244	0.01244	0.00343	0.00525	0.01982	0.07818	0.01014
12	0.02915	0.62337	0.05714	0.01866	0.02799	0.04314	0.01866	0.03265	0.02215	0.02565	0.01516	0.01749	0.01399	0.00933	0.00700	0.00233	0.01166	0.00583	0.00466	0.01399
13	0.01410	0.01061	0.01306	0.01348	0.01574	0.00956	0.00971	0.01762	0.02620	0.03508	0.28049	0.25142	0.20842	0.02736	0.01319	0.00380	0.00561	0.02408	0.01093	0.00956
14	0.01879	0.01147	0.01521	0.01494	0.01754	0.01048	0.01094	0.02267	0.02734	0.10126	0.30915	0.26438	0.08255	0.02544	0.01300	0.00378	0.00608	0.02266	0.01152	0.01080
15	0.01495	0.01113	0.01391	0.01321	0.01599	0.01008	0.00991	0.01964	0.02972	0.04102	0.46095	0.08590	0.18666	0.02330	0.01287	0.00348	0.00522	0.02034	0.01165	0.01008
16	0.45082	0.02013	0.01952	0.01625	0.02363	0.02128	0.01340	0.04000	0.02332	0.24012	0.02567	0.02502	0.01753	0.01139	0.00834	0.00337	0.00875	0.00781	0.00929	0.01435
17	0.02712	0.02342	0.02465	0.02219	0.02835	0.02712	0.01726	0.05794	0.52909	0.04561	0.04438	0.04068	0.03328	0.01479	0.01109	0.00370	0.00863	0.01233	0.01109	0.01726
18	0.02261	0.01938	0.02261	0.01615	0.02584	0.01453	0.01292	0.02745	0.02261	0.03553	0.01938	0.02261	0.01615	0.00807	0.00807	0.00161	0.00807	0.00646	0.00646	0.68346
19	0.61432	0.02077	0.01717	0.01496	0.02192	0.02342	0.01233	0.03465	0.02012	0.11148	0.01861	0.02010	0.01368	0.01054	0.00727	0.00337	0.00854	0.00653	0.00758	0.01264
20	0.02059	0.01938	0.03270	0.59060	0.07510	0.02422	0.03028	0.02786	0.02180	0.02786	0.01938	0.02907	0.01453	0.01090	0.01090	0.00363	0.01453	0.00969	0.00484	0.01211
21	0.01443	0.01056	0.01364	0.01463	0.01650	0.00977	0.01067	0.01792	0.02542	0.03434	0.24422	0.31158	0.13637	0.02865	0.01352	0.00403	0.00614	0.06727	0.01081	0.00954
22	0.14463	0.02058	0.03190	0.08895	0.03730	0.02020	0.12347	0.03927	0.02588	0.24939	0.03273	0.08458	0.02498	0.01363	0.01094	0.00357	0.01144	0.01226	0.00934	0.01496
23	0.10446	0.03070	0.19022	0.11283	0.08256	0.02250	0.09347	0.02947	0.02130	0.03286	0.02045	0.02772	0.01636	0.02107	0.07770	0.07283	0.01583	0.00938	0.00525	0.01303
24	0.01780	0.01528	0.02108	0.02085	0.02148	0.01856	0.01621	0.02026	0.01982	0.02782	0.04255	0.32894	0.04918	0.02798	0.02230	0.00463	0.22929	0.07770	0.00810	0.01016
25	0.01422	0.01006	0.01222	0.01358	0.01528	0.00922	0.00946	0.01698	0.02295	0.03122	0.11622	0.38450	0.17097	0.02914	0.01288	0.00395	0.00589	0.02580	0.08625	0.00922
26	0.07700	0.03671	0.24192	0.03390	0.07741	0.02400	0.16018	0.03822	0.02525	0.14327	0.02482	0.02754	0.01736	0.01063	0.01094	0.00348	0.01456	0.00992	0.00689	0.01600
27	0.08396	0.18576	0.15357	0.02432	0.03454	0.02818	0.07100	0.04082	0.08219	0.15431	0.02653	0.02704	0.01921	0.01118	0.00967	0.00319	0.01216	0.00894	0.00766	0.01577
28	0.56528	0.02202	0.02147	0.02448	0.12281	0.02474	0.01598	0.03232	0.01976	0.04636	0.01621	0.01950	0.01286	0.01004	0.00753	0.00335	0.00931	0.00664	0.00649	0.01286
29	0.07481	0.02484	0.02976	0.09665	0.16072	0.06161	0.02194	0.12888	0.11599	0.04386	0.02707	0.03020	0.02086	0.01192	0.01010	0.00325	0.01124	0.00980	0.10124	0.01525
30	0.01440	0.01029	0.01393	0.01646	0.01758	0.00982	0.01206	0.01711	0.02198	0.02908	0.05948	0.48283	0.06967	0.03311	0.01422	0.00458	0.00729	0.14684	0.01010	0.00916
31	0.10476	0.14203	0.13525	0.13799	0.04004	0.02540	0.05792	0.02891	0.02172	0.03168	0.02510	0.07793	0.02361	0.05633	0.01335	0.00397	0.01259	0.04287	0.00593	0.01261
32	0.01625	0.01252	0.01541	0.01631	0.01866	0.01210	0.01145	0.02268	0.09568	0.03121	0.05373	0.46759	0.06083	0.02871	0.01292	0.00404	0.00684	0.02581	0.00990	0.07736
33	0.09871	0.34324	0.04195	0.01945	0.02788	0.03466	0.01763	0.08357	0.10195	0.10041	0.02402	0.02423	0.01871	0.01109	0.00844	0.00286	0.01062	0.00782	0.00751	0.01525
34	0.02855	0.32550	0.04078	0.01908	0.02626	0.03005	0.04821	0.03405	0.05748	0.09383	0.02564	0.03197	0.02197	0.09528	0.01498	0.00381	0.01084	0.00918	0.06912	0.01344
35	0.01724	0.01008	0.01165	0.01238	0.01428	0.00974	0.00886	0.02125	0.02337	0.03678	0.11835	0.23831	0.05383	0.02134	0.01051	0.00331	0.00551	0.01858	0.35490	0.00974
36	0.02639	0.13718	0.08232	0.23377	0.13396	0.02959	0.07599	0.09060	0.02647	0.03496	0.01990	0.02581	0.01552	0.01048	0.01032	0.00328	0.01394	0.00919	0.00570	0.01465
37	0.04207	0.01841	0.02367	0.01896	0.02624	0.01705	0.01565	0.09959	0.03198	0.39594	0.04134	0.04308	0.02897	0.01466	0.01087	0.00339	0.00913	0.04738	0.09477	0.01685
38	0.01645	0.01106	0.01392	0.01405	0.01659	0.00997	0.01021	0.01993	0.02624	0.07014	0.25523	0.26312	0.17859	0.02684	0.01310	0.00382	0.00591	0.02365	0.01108	0.01014
39	0.01514	0.01113	0.01417	0.01341	0.01611	0.01016	0.01006	0.02002	0.03018	0.04210	0.49380	0.08412	0.15313	0.02290	0.01286	0.00346	0.00519	0.02009	0.01179	0.01016
40	0.01496	0.01040	0.01382	0.01593	0.01729	0.00995	0.01178	0.01807	0.02276	0.03101	0.09247	0.41432	0.06904	0.03087	0.01369	0.00437	0.00706	0.13734	0.05551	0.00934
41	0.02915	0.62337	0.05714	0.01866	0.02799	0.04314	0.01866	0.03265	0.02215	0.02565	0.01516	0.01749	0.01399	0.00933	0.00700	0.00233	0.01166	0.00583	0.00466	0.01399
42	0.02187	0.05640	0.56031	0.03108	0.04719	0.02532	0.04029	0.03453	0.02302	0.03453	0.01957	0.02302	0.01381	0.01036	0.01036	0.00345	0.01611	0.00806	0.00460	0.01611
43	0.01720	0.01079	0.01298	0.01244	0.01500	0.01024	0.00933	0.02232	0.02798	0.04262	0.36016	0.06674	0.07588	0.01884	0.01097	0.00311	0.00512	0.01627	0.25178	0.01024
44	0.02915	0.62337	0.05714	0.01866	0.02799	0.04314	0.01866	0.03265	0.02215	0.02565	0.01516	0.01749	0.01399	0.00933	0.00700	0.00233	0.01166	0.00583	0.00466	0.01399
45	0.01543	0.01115	0.01457	0.01372	0.01629	0.01029	0.01029	0.02058	0.03086	0.04372	0.54304	0.08145	0.10288	0.02229	0.01286	0.00343	0.00514	0.01972	0.01200	0.01029
46	0.01328	0.00949	0.01265	0.01518	0.01581	0.00886	0.01012	0.01518	0.02088	0.02783	0.06010	0.60969	0.07212	0.03416	0.01392	0.00443	0.00633	0.03100	0.01012	0.00886
47	0.01392	0.00994	0.01338	0.01591	0.01682	0.00940	0.01123	0.01628	0.02150	0.02855	0.05974	0.53741	0.07072	0.03356	0.01409	0.00452	0.00688	0.09699	0.01011	0.00903
48	0.69383	0.02109	0.01603	0.01434	0.02109	0.02446	0.01181	0.03205	0.01856	0.04892	0.01518	0.01771	0.01181	0.01012	0.00675	0.00337	0.00843	0.00590	0.00675	0.01181
49	0.02992	0.35262	0.19209	0.02334	0.03404	0.10161	0.02481	0.03594	0.02410	0.06520	0.01854	0.02067	0.01485	0.01014	0.00856	0.00278	0.01372	0.00696	0.00538	0.01474
50	0.03187	0.10801	0.03669	0.14772	0.04240	0.02916	0.06677	0.15725	0.12690	0.10181	0.02815	0.02989	0.02061	0.01210	0.01058	0.00335	0.01215	0.01012	0.00855	0.01591
51	0.02598	0.01497	0.01758	0.01568	0.01890	0.01508	0.01093	0.03294	0.11855	0.15461	0.03837	0.05720	0.03537	0.35555	0.03622	0.00751	0.00989	0.01400	0.00913	0.01154

[dist]
# distance from previous block
# <min> <max>
0	1

[block]
# block no. 6 follows, 12 sequences, length 11
# corresponding to MSA columns:
# 810-820
name=unknown_G
#
# <colnr> <probs for GDERKNQSTAVLIFYWHMCP>
#	G	D	E	R	K	N	Q	S	T	A	V	L	I	F	Y	W	H	M	C	P
0	0.01586	0.01057	0.01189	0.01189	0.01189	0.01057	0.00661	0.01586	0.01586	0.02114	0.03436	0.07135	0.03964	0.61681	0.05550	0.01057	0.01057	0.01586	0.00661	0.00661
1	0.03885	0.02242	0.02479	0.01993	0.02737	0.07485	0.01589	0.09528	0.03085	0.30180	0.03675	0.10030	0.02840	0.01484	0.01074	0.00316	0.01012	0.01212	0.01088	0.12065
2	0.03007	0.04007	0.29536	0.02745	0.04005	0.02401	0.05967	0.11179	0.02902	0.13296	0.02492	0.02638	0.01731	0.01103	0.01047	0.00323	0.01356	0.00899	0.00742	0.08622
3	0.02574	0.02941	0.06434	0.04596	0.05699	0.02757	0.50919	0.03493	0.02574	0.03493	0.02206	0.02941	0.01654	0.00919	0.01287	0.00368	0.01838	0.01287	0.00551	0.01471
4	0.01448	0.01111	0.01326	0.01272	0.01571	0.00988	0.00954	0.01874	0.02862	0.03841	0.38179	0.09020	0.26745	0.02428	0.01287	0.00352	0.00529	0.02095	0.01130	0.00988
5	0.03189	0.09020	0.14950	0.06451	0.11519	0.02232	0.02465	0.03856	0.02683	0.21324	0.08620	0.03485	0.02896	0.01260	0.01060	0.00328	0.01148	0.01050	0.00863	0.01600
6	0.02672	0.01925	0.02303	0.01666	0.02615	0.01477	0.01341	0.03147	0.02395	0.11689	0.02307	0.02488	0.01784	0.00892	0.00853	0.00189	0.00826	0.00716	0.00756	0.57959
7	0.01757	0.01322	0.01533	0.01555	0.01832	0.01285	0.01126	0.09300	0.02675	0.03468	0.06911	0.37510	0.19794	0.02901	0.01315	0.00404	0.00698	0.02542	0.01025	0.01047
8	0.02082	0.01936	0.03145	0.35564	0.13461	0.02312	0.02691	0.02657	0.02156	0.02889	0.02535	0.11886	0.02393	0.01527	0.01416	0.00382	0.07855	0.01301	0.00575	0.01239
9	0.04050	0.24841	0.03789	0.02023	0.02864	0.09740	0.01765	0.04427	0.02779	0.29065	0.02928	0.02756	0.02049	0.01165	0.00934	0.00291	0.01150	0.00855	0.00919	0.01610
10	0.04335	0.01714	0.02333	0.01874	0.02596	0.01491	0.01510	0.04721	0.02959	0.47378	0.04568	0.12656	0.03404	0.01672	0.01143	0.00354	0.00882	0.01409	0.01297	0.01704

[dist]
# distance from previous block
# <min> <max>
0	1

[block]
# block no. 7 follows, 12 sequences, length 27
# corresponding to MSA columns:
# 822-848
name=unknown_H
#
# <colnr> <probs for GDERKNQSTAVLIFYWHMCP>
#	G	D	E	R	K	N	Q	S	T	A	V	L	I	F	Y	W	H	M	C	P
0	0.14395	0.01947	0.02164	0.01803	0.02453	0.05452	0.01440	0.04134	0.02827	0.32190	0.10992	0.08566	0.03822	0.01574	0.01072	0.00343	0.00903	0.01277	0.01138	0.01509
1	0.02699	0.01973	0.02547	0.06710	0.06908	0.01641	0.01636	0.03205	0.02409	0.11833	0.02325	0.02578	0.01784	0.00929	0.00897	0.00218	0.00916	0.00769	0.00738	0.47286
2	0.03336	0.03127	0.07823	0.02538	0.03475	0.06522	0.06019	0.26356	0.07222	0.05133	0.02442	0.02595	0.01816	0.01144	0.01035	0.00296	0.01232	0.00917	0.00861	0.16111
3	0.03642	0.21663	0.03785	0.02197	0.03018	0.07953	0.01883	0.17756	0.11204	0.12391	0.02737	0.02685	0.02034	0.01207	0.00962	0.00302	0.01160	0.00889	0.00891	0.01640
4	0.02846	0.01818	0.02151	0.01977	0.02493	0.01909	0.01540	0.04414	0.25126	0.16379	0.04873	0.17389	0.04301	0.02015	0.01204	0.00390	0.00840	0.05694	0.01136	0.01506
5	0.12922	0.02121	0.03496	0.41353	0.06363	0.02478	0.10186	0.02963	0.02189	0.03233	0.01912	0.02730	0.01441	0.01051	0.01054	0.00360	0.01416	0.00958	0.00525	0.01247
6	0.01569	0.01031	0.01220	0.01260	0.01270	0.01021	0.00740	0.01562	0.01653	0.02204	0.03725	0.15454	0.04320	0.47747	0.04781	0.06301	0.00980	0.01777	0.00702	0.00682
7	0.01562	0.01127	0.01484	0.01428	0.01684	0.01049	0.01093	0.02075	0.03036	0.04275	0.50030	0.08511	0.09935	0.02298	0.01305	0.00357	0.00558	0.05984	0.01183	0.01027
8	0.01401	0.00991	0.01285	0.01446	0.01531	0.00934	0.00963	0.01615	0.02173	0.02939	0.13364	0.44536	0.07223	0.11854	0.01991	0.00518	0.00677	0.02695	0.00990	0.00875
9	0.02334	0.01290	0.01711	0.01506	0.01902	0.01164	0.01164	0.02827	0.03095	0.16477	0.42496	0.07098	0.08496	0.02021	0.01241	0.00342	0.00612	0.01765	0.01236	0.01224
10	0.02827	0.02399	0.02530	0.02242	0.02879	0.02766	0.01754	0.09442	0.49073	0.04747	0.04292	0.03952	0.03210	0.01466	0.01108	0.00366	0.00890	0.01213	0.01108	0.01736
11	0.04892	0.01856	0.02530	0.01940	0.02783	0.01603	0.01603	0.05314	0.03121	0.55634	0.04302	0.03711	0.02699	0.01350	0.01096	0.00337	0.00928	0.01096	0.01350	0.01856
12	0.02942	0.02456	0.02595	0.02265	0.02923	0.02819	0.01781	0.13074	0.45256	0.04931	0.04146	0.03836	0.03092	0.01452	0.01106	0.00363	0.00917	0.01193	0.01106	0.01746
13	0.01314	0.01005	0.01207	0.01368	0.01542	0.00898	0.00946	0.01535	0.02232	0.02842	0.07836	0.42667	0.24335	0.03179	0.01354	0.00416	0.00603	0.02810	0.01012	0.00898
14	0.02489	0.01931	0.02284	0.01643	0.02601	0.01466	0.01319	0.02968	0.02336	0.08075	0.02143	0.02387	0.01709	0.00855	0.00833	0.00177	0.00818	0.00685	0.00707	0.62573
15	0.13234	0.16984	0.20578	0.03023	0.04174	0.02989	0.17666	0.03383	0.02295	0.03496	0.01865	0.02291	0.01438	0.00973	0.00980	0.00326	0.01459	0.00871	0.00524	0.01451
16	0.02723	0.21608	0.08649	0.02943	0.03641	0.08141	0.12869	0.03224	0.02206	0.02860	0.01687	0.02266	0.01464	0.01257	0.01772	0.00351	0.19610	0.00878	0.00496	0.01355
17	0.01587	0.01193	0.01483	0.01445	0.01712	0.01142	0.01069	0.02251	0.07179	0.04009	0.38450	0.16460	0.13082	0.02401	0.01288	0.00363	0.00567	0.02118	0.01146	0.01057
18	0.01608	0.01251	0.01672	0.01685	0.01760	0.01403	0.01209	0.01820	0.01936	0.02697	0.08097	0.26491	0.05109	0.16855	0.11363	0.00781	0.10532	0.02027	0.00796	0.00910
19	0.03031	0.11472	0.03166	0.11143	0.10747	0.02163	0.02030	0.03490	0.02534	0.19332	0.03559	0.12713	0.03150	0.01643	0.01108	0.00352	0.01058	0.04980	0.00882	0.01449
20	0.02808	0.11946	0.15457	0.03194	0.04245	0.02595	0.21799	0.03572	0.02510	0.11637	0.02717	0.07771	0.02208	0.01230	0.01127	0.00345	0.01442	0.01210	0.00688	0.01500
21	0.01347	0.00963	0.01282	0.01506	0.01586	0.00898	0.01014	0.01565	0.02174	0.02921	0.10183	0.56405	0.07477	0.03313	0.01383	0.00434	0.00622	0.03002	0.01028	0.00898
22	0.02185	0.02598	0.11362	0.22112	0.19303	0.02269	0.07101	0.02900	0.02303	0.03164	0.02648	0.12062	0.02459	0.01406	0.01144	0.00363	0.01334	0.01314	0.00587	0.01386
23	0.02610	0.06578	0.16698	0.12766	0.12818	0.02629	0.14657	0.03645	0.06491	0.07019	0.02365	0.02824	0.01761	0.01058	0.01103	0.00345	0.01460	0.01016	0.00613	0.01545
24	0.07883	0.07028	0.06447	0.10795	0.02906	0.01815	0.01603	0.02530	0.02178	0.06659	0.10349	0.09375	0.03980	0.19247	0.02380	0.00554	0.01034	0.01396	0.00754	0.01087
25	0.01704	0.01015	0.01278	0.01278	0.01278	0.01015	0.00771	0.01522	0.01522	0.02029	0.02842	0.05665	0.03168	0.39410	0.05054	0.26916	0.01015	0.01340	0.00589	0.00589
26	0.02246	0.06636	0.10833	0.01874	0.02887	0.01813	0.01762	0.02836	0.02229	0.03398	0.01980	0.02372	0.01641	0.01362	0.04750	0.00305	0.01104	0.00703	0.00600	0.48668

[dist]
# distance from previous block
# <min> <max>
1	7

[block]
# block no. 8 follows, 12 sequences, length 49
# corresponding to MSA columns:
# 856-904
name=unknown_I
#
# <colnr> <probs for GDERKNQSTAVLIFYWHMCP>
#	G	D	E	R	K	N	Q	S	T	A	V	L	I	F	Y	W	H	M	C	P
0	0.01308	0.01030	0.01182	0.01304	0.01525	0.00904	0.00917	0.01542	0.02294	0.02868	0.08623	0.34771	0.31723	0.03076	0.01338	0.00404	0.00591	0.02685	0.01012	0.00904
1	0.02550	0.02042	0.03107	0.29966	0.05235	0.02305	0.05970	0.08582	0.07032	0.07918	0.06758	0.04246	0.02861	0.01408	0.01157	0.00368	0.01250	0.05096	0.00780	0.01367
2	0.02604	0.01569	0.01970	0.01649	0.02229	0.01381	0.01283	0.03239	0.06418	0.16610	0.20192	0.11184	0.05450	0.01742	0.01121	0.00310	0.00726	0.01503	0.01074	0.17744
3	0.02689	0.01364	0.01790	0.01559	0.02019	0.01211	0.01212	0.03124	0.02968	0.22271	0.28961	0.10697	0.11530	0.02055	0.01227	0.00351	0.00673	0.01776	0.01222	0.01301
4	0.01985	0.01788	0.03083	0.02531	0.02982	0.01751	0.17284	0.02641	0.06605	0.03011	0.03789	0.14570	0.03926	0.20902	0.02667	0.00614	0.01221	0.06800	0.00758	0.01092
5	0.69383	0.02109	0.01603	0.01434	0.02109	0.02446	0.01181	0.03205	0.01856	0.04892	0.01518	0.01771	0.01181	0.01012	0.00675	0.00337	0.00843	0.00590	0.00675	0.01181
6	0.02261	0.01938	0.02261	0.01615	0.02584	0.01453	0.01292	0.02745	0.02261	0.03553	0.01938	0.02261	0.01615	0.00807	0.00807	0.00161	0.00807	0.00646	0.00646	0.68346
7	0.69383	0.02109	0.01603	0.01434	0.02109	0.02446	0.01181	0.03205	0.01856	0.04892	0.01518	0.01771	0.01181	0.01012	0.00675	0.00337	0.00843	0.00590	0.00675	0.01181
8	0.01328	0.00949	0.01265	0.01518	0.01581	0.00886	0.01012	0.01518	0.02088	0.02783	0.06010	0.60969	0.07212	0.03416	0.01392	0.00443	0.00633	0.03100	0.01012	0.00886
9	0.02385	0.02385	0.03340	0.02863	0.02863	0.03340	0.02385	0.02624	0.01670	0.02624	0.01431	0.02385	0.01431	0.01908	0.03578	0.00477	0.59685	0.00954	0.00477	0.01193
10	0.02059	0.01938	0.03270	0.59060	0.07510	0.02422	0.03028	0.02786	0.02180	0.02786	0.01938	0.02907	0.01453	0.01090	0.01090	0.00363	0.01453	0.00969	0.00484	0.01211
11	0.02526	0.02175	0.02381	0.01969	0.02731	0.02192	0.01547	0.04534	0.31973	0.04144	0.03405	0.03321	0.02620	0.01202	0.00985	0.00284	0.00840	0.00990	0.00918	0.29264
12	0.04705	0.02155	0.02716	0.02082	0.02933	0.02047	0.01720	0.16787	0.03622	0.43453	0.03881	0.03438	0.02488	0.01339	0.01095	0.00335	0.00996	0.01068	0.01285	0.01855
13	0.04253	0.01876	0.02465	0.01861	0.02735	0.01566	0.01527	0.04690	0.02912	0.42979	0.03727	0.03359	0.02436	0.01218	0.01026	0.00295	0.00899	0.00987	0.01179	0.18013
14	0.69383	0.02109	0.01603	0.01434	0.02109	0.02446	0.01181	0.03205	0.01856	0.04892	0.01518	0.01771	0.01181	0.01012	0.00675	0.00337	0.00843	0.00590	0.00675	0.01181
15	0.01556	0.01181	0.01463	0.01570	0.01796	0.01145	0.01169	0.02137	0.07174	0.03326	0.14983	0.30923	0.14686	0.02862	0.01348	0.00416	0.00679	0.09520	0.01053	0.01013
16	0.01679	0.02048	0.12324	0.01847	0.02323	0.01407	0.01676	0.02419	0.06587	0.03552	0.19986	0.28336	0.06684	0.02418	0.01265	0.00387	0.00810	0.02142	0.00968	0.01143
17	0.02187	0.05640	0.56031	0.03108	0.04719	0.02532	0.04029	0.03453	0.02302	0.03453	0.01957	0.02302	0.01381	0.01036	0.01036	0.00345	0.01611	0.00806	0.00460	0.01611
18	0.02228	0.03454	0.22170	0.26598	0.06111	0.02542	0.15009	0.03187	0.02318	0.03187	0.02010	0.02707	0.01477	0.01030	0.01119	0.00358	0.01601	0.00990	0.00492	0.01412
19	0.01328	0.00949	0.01265	0.01518	0.01581	0.00886	0.01012	0.01518	0.02088	0.02783	0.06010	0.60969	0.07212	0.03416	0.01392	0.00443	0.00633	0.03100	0.01012	0.00886
20	0.01456	0.01097	0.01346	0.01313	0.01583	0.00987	0.00974	0.01879	0.02838	0.03852	0.38516	0.13419	0.21793	0.02476	0.01296	0.00358	0.00535	0.02159	0.01134	0.00987
21	0.02915	0.62337	0.05714	0.01866	0.02799	0.04314	0.01866	0.03265	0.02215	0.02565	0.01516	0.01749	0.01399	0.00933	0.00700	0.00233	0.01166	0.00583	0.00466	0.01399
22	0.02033	0.01016	0.01016	0.01016	0.01270	0.01016	0.00762	0.02541	0.02287	0.04065	0.03557	0.04065	0.02795	0.01270	0.00762	0.00254	0.00508	0.01016	0.67734	0.01016
23	0.04145	0.03054	0.03272	0.02509	0.03381	0.03381	0.02072	0.51243	0.05127	0.06872	0.02618	0.02618	0.01854	0.01309	0.01091	0.00327	0.01200	0.00982	0.01091	0.01854
24	0.69383	0.02109	0.01603	0.01434	0.02109	0.02446	0.01181	0.03205	0.01856	0.04892	0.01518	0.01771	0.01181	0.01012	0.00675	0.00337	0.00843	0.00590	0.00675	0.01181
25	0.69383	0.02109	0.01603	0.01434	0.02109	0.02446	0.01181	0.03205	0.01856	0.04892	0.01518	0.01771	0.01181	0.01012	0.00675	0.00337	0.00843	0.00590	0.00675	0.01181
26	0.02713	0.46621	0.19661	0.02210	0.03331	0.03820	0.02465	0.03317	0.02239	0.02811	0.01638	0.01902	0.01394	0.00961	0.00793	0.00264	0.01289	0.00645	0.00465	0.01458
27	0.01965	0.08642	0.29284	0.02268	0.03274	0.02059	0.02596	0.02826	0.02570	0.03643	0.20030	0.04837	0.08489	0.01559	0.01110	0.00337	0.01126	0.01291	0.00750	0.01346
28	0.01723	0.01285	0.01487	0.01375	0.01681	0.01224	0.01013	0.06476	0.02875	0.03854	0.29322	0.08130	0.20959	0.11547	0.01932	0.00460	0.00674	0.01911	0.01053	0.01019
29	0.03634	0.22474	0.03992	0.02304	0.03151	0.08229	0.01983	0.28321	0.07493	0.04944	0.02313	0.02385	0.01776	0.01183	0.00956	0.00296	0.01230	0.00846	0.00844	0.01647
30	0.02424	0.13490	0.37879	0.02646	0.03919	0.02546	0.03164	0.03361	0.02332	0.07502	0.02531	0.08849	0.02139	0.01310	0.01029	0.00338	0.01379	0.01050	0.00595	0.01518
31	0.02398	0.13989	0.35767	0.03278	0.04656	0.02871	0.15278	0.03433	0.02355	0.03322	0.01948	0.02372	0.01452	0.00991	0.01044	0.00333	0.01597	0.00889	0.00484	0.01543
32	0.03874	0.02745	0.02990	0.02374	0.03180	0.03018	0.01935	0.34911	0.16712	0.11717	0.03255	0.03098	0.02312	0.01356	0.01096	0.00339	0.01086	0.01056	0.01124	0.01823
33	0.69383	0.02109	0.01603	0.01434	0.02109	0.02446	0.01181	0.03205	0.01856	0.04892	0.01518	0.01771	0.01181	0.01012	0.00675	0.00337	0.00843	0.00590	0.00675	0.01181
34	0.01821	0.01405	0.01815	0.14763	0.02842	0.01558	0.01330	0.02332	0.07424	0.02542	0.03199	0.05811	0.03310	0.40903	0.04019	0.00819	0.01128	0.01403	0.00670	0.00907
35	0.02429	0.02324	0.08059	0.07923	0.15674	0.02087	0.11717	0.03019	0.02255	0.07678	0.02468	0.03259	0.02010	0.03022	0.15417	0.05831	0.01786	0.01076	0.00608	0.01357
36	0.02059	0.01938	0.03270	0.59060	0.07510	0.02422	0.03028	0.02786	0.02180	0.02786	0.01938	0.02907	0.01453	0.01090	0.01090	0.00363	0.01453	0.00969	0.00484	0.01211
37	0.02699	0.02591	0.04426	0.06693	0.54879	0.02591	0.03346	0.03346	0.02483	0.03562	0.02051	0.02699	0.01727	0.00972	0.01079	0.00324	0.01295	0.00972	0.00540	0.01727
38	0.02525	0.01397	0.01775	0.01652	0.01974	0.01359	0.01199	0.06743	0.02453	0.15944	0.04415	0.24140	0.04473	0.16649	0.07524	0.00672	0.01067	0.01895	0.00980	0.01163
39	0.03528	0.14889	0.15902	0.02937	0.11346	0.02512	0.02491	0.04167	0.02651	0.24829	0.02851	0.02835	0.01983	0.01135	0.01001	0.00316	0.01191	0.00907	0.00841	0.01688
40	0.04650	0.01910	0.02523	0.01971	0.02789	0.01726	0.01616	0.05367	0.08651	0.49962	0.04317	0.03751	0.02769	0.01364	0.01098	0.00341	0.00921	0.01112	0.01323	0.01841
41	0.01328	0.00949	0.01265	0.01518	0.01581	0.00886	0.01012	0.01518	0.02088	0.02783	0.06010	0.60969	0.07212	0.03416	0.01392	0.00443	0.00633	0.03100	0.01012	0.00886
42	0.09645	0.01996	0.06643	0.02529	0.06532	0.01731	0.09460	0.02715	0.02236	0.07828	0.03730	0.18331	0.03816	0.11368	0.01887	0.00496	0.01099	0.05972	0.00798	0.01189
43	0.02926	0.07006	0.03954	0.12953	0.09185	0.02610	0.13290	0.04247	0.16136	0.11822	0.03024	0.03246	0.02223	0.01174	0.01110	0.00348	0.01262	0.01103	0.00809	0.01574
