[name]
unknown

[dist]
# distance from previous block
# <min> <max>
7	149

[block]
# block no. 0 follows, 13 sequences, length 14
# corresponding to MSA columns:
# 151-164
name=unknown_A
#
# <colnr> <probs for GDERKNQSTAVLIFYWHMCP>
#	G	D	E	R	K	N	Q	S	T	A	V	L	I	F	Y	W	H	M	C	P
0	0.02816	0.02446	0.07559	0.02341	0.03080	0.02245	0.07695	0.19631	0.06947	0.08455	0.07242	0.05248	0.10647	0.01667	0.01163	0.00354	0.01077	0.06985	0.00949	0.01452
1	0.02059	0.01879	0.02858	0.41499	0.05753	0.02048	0.02397	0.02689	0.02139	0.02940	0.01879	0.02618	0.01460	0.00969	0.00969	0.00290	0.01209	0.00839	0.00520	0.22984
2	0.02709	0.04383	0.40091	0.03187	0.10189	0.02280	0.03353	0.03702	0.02413	0.14219	0.02368	0.02554	0.01637	0.01059	0.01021	0.00331	0.01393	0.00857	0.00630	0.01624
3	0.02960	0.01939	0.02168	0.01810	0.02372	0.02053	0.01443	0.19279	0.11752	0.11102	0.13837	0.04245	0.03945	0.01472	0.01035	0.00314	0.00811	0.01203	0.14808	0.01453
4	0.01288	0.00920	0.01227	0.01472	0.01534	0.00859	0.00981	0.01472	0.02024	0.02699	0.05828	0.62152	0.06993	0.03312	0.01350	0.00429	0.00613	0.03006	0.00981	0.00859
5	0.02545	0.02439	0.04162	0.12702	0.50594	0.02493	0.03209	0.03182	0.02374	0.03367	0.01976	0.02640	0.01644	0.00955	0.01048	0.00318	0.01274	0.00942	0.00517	0.01617
6	0.01510	0.01133	0.01699	0.01699	0.01888	0.01322	0.01322	0.01888	0.01699	0.02454	0.02832	0.04154	0.02643	0.07930	0.58652	0.01699	0.02832	0.01133	0.00566	0.00944
7	0.02225	0.02112	0.03584	0.40485	0.25313	0.02409	0.03050	0.02902	0.02222	0.02979	0.01920	0.02744	0.01507	0.01015	0.01053	0.00338	0.01353	0.00941	0.00490	0.01359
8	0.01326	0.00947	0.01271	0.01516	0.01594	0.00892	0.01048	0.01538	0.02062	0.02742	0.05807	0.57553	0.06910	0.03277	0.01360	0.00435	0.00646	0.07229	0.00981	0.00869
9	0.02340	0.01951	0.07062	0.02086	0.02612	0.01685	0.05329	0.07296	0.08606	0.10352	0.07555	0.24100	0.04738	0.02169	0.01225	0.00386	0.00927	0.07331	0.00971	0.01279
10	0.70310	0.02045	0.01554	0.01390	0.02045	0.02372	0.01145	0.03108	0.01799	0.04744	0.01472	0.01718	0.01145	0.00981	0.00654	0.00327	0.00818	0.00573	0.00654	0.01145
11	0.11623	0.02470	0.02695	0.02111	0.02877	0.02647	0.01734	0.33527	0.04062	0.15718	0.07403	0.03115	0.02597	0.01322	0.01029	0.00322	0.01015	0.01013	0.01068	0.01652
12	0.13403	0.02265	0.03033	0.03008	0.13360	0.05344	0.07689	0.03791	0.06387	0.16869	0.07335	0.03240	0.02637	0.01173	0.01010	0.00316	0.01070	0.01018	0.00843	0.06207
13	0.21326	0.09016	0.26506	0.02323	0.03415	0.02700	0.02555	0.09668	0.06303	0.04158	0.02001	0.02208	0.01485	0.01055	0.00891	0.00323	0.01215	0.00757	0.00628	0.01467

[dist]
# distance from previous block
# <min> <max>
0	1

[block]
# block no. 1 follows, 13 sequences, length 27
# corresponding to MSA columns:
# 166-192
name=unknown_B
#
# <colnr> <probs for GDERKNQSTAVLIFYWHMCP>
#	G	D	E	R	K	N	Q	S	T	A	V	L	I	F	Y	W	H	M	C	P
0	0.02497	0.37136	0.17599	0.02494	0.08099	0.03275	0.02370	0.03096	0.02281	0.02970	0.07255	0.02558	0.02278	0.01063	0.00852	0.00272	0.01182	0.00793	0.00531	0.01400
1	0.01364	0.01045	0.01250	0.01263	0.01514	0.00931	0.00923	0.01714	0.02584	0.03421	0.29104	0.19590	0.26311	0.02582	0.01268	0.00361	0.00535	0.02249	0.01060	0.00931
2	0.55518	0.06710	0.02088	0.01576	0.02277	0.02640	0.01322	0.10460	0.02295	0.04862	0.01630	0.01838	0.01257	0.01018	0.00716	0.00318	0.00892	0.00628	0.00699	0.01257
3	0.02537	0.03085	0.13427	0.02827	0.10827	0.09462	0.02216	0.08008	0.13408	0.03610	0.03780	0.04140	0.09578	0.06762	0.01441	0.00391	0.01185	0.01161	0.00748	0.01407
4	0.01853	0.01018	0.01564	0.07498	0.01991	0.01067	0.01128	0.01515	0.01454	0.01926	0.01841	0.03173	0.01792	0.03401	0.03813	0.62082	0.00969	0.00920	0.00460	0.00533
5	0.70310	0.02045	0.01554	0.01390	0.02045	0.02372	0.01145	0.03108	0.01799	0.04744	0.01472	0.01718	0.01145	0.00981	0.00654	0.00327	0.00818	0.00573	0.00654	0.01145
6	0.02313	0.02313	0.03238	0.02776	0.02776	0.03238	0.02313	0.02545	0.01619	0.02545	0.01388	0.02313	0.01388	0.01851	0.03470	0.00463	0.60907	0.00925	0.00463	0.01157
7	0.02121	0.05469	0.57364	0.03014	0.04576	0.02455	0.03906	0.03348	0.02232	0.03348	0.01897	0.02232	0.01339	0.01005	0.01005	0.00335	0.01563	0.00781	0.00446	0.01563
8	0.01510	0.01133	0.01699	0.01699	0.01888	0.01322	0.01322	0.01888	0.01699	0.02454	0.02832	0.04154	0.02643	0.07930	0.58652	0.01699	0.02832	0.01133	0.00566	0.00944
9	0.01391	0.01062	0.01277	0.01253	0.01523	0.00948	0.00928	0.01780	0.02699	0.03613	0.35328	0.13809	0.25652	0.02450	0.01258	0.00350	0.00522	0.02126	0.01083	0.00948
10	0.01997	0.01879	0.03171	0.60301	0.07282	0.02349	0.02936	0.02701	0.02114	0.02701	0.01879	0.02819	0.01409	0.01057	0.01057	0.00352	0.01409	0.00940	0.00470	0.01175
11	0.03062	0.03361	0.03145	0.02726	0.03000	0.23310	0.02188	0.07728	0.02424	0.02936	0.01582	0.02186	0.01416	0.01522	0.02338	0.00380	0.34071	0.00839	0.00547	0.01240
12	0.01288	0.00920	0.01227	0.01472	0.01534	0.00859	0.00981	0.01472	0.02024	0.02699	0.05828	0.62152	0.06993	0.03312	0.01350	0.00429	0.00613	0.03006	0.00981	0.00859
13	0.04458	0.02259	0.02738	0.02099	0.02928	0.02235	0.01734	0.23945	0.03795	0.37101	0.03526	0.03180	0.02294	0.01293	0.01061	0.00323	0.01004	0.01019	0.01209	0.01799
14	0.46479	0.02057	0.01943	0.01617	0.02333	0.02226	0.01333	0.08011	0.02414	0.19277	0.02308	0.02307	0.01607	0.01097	0.00802	0.00326	0.00871	0.00741	0.00870	0.01382
15	0.02121	0.05469	0.57364	0.03014	0.04576	0.02455	0.03906	0.03348	0.02232	0.03348	0.01897	0.02232	0.01339	0.01005	0.01005	0.00335	0.01563	0.00781	0.00446	0.01563
16	0.01270	0.01072	0.01099	0.01093	0.01441	0.00901	0.00819	0.01557	0.02458	0.02971	0.14436	0.09987	0.52021	0.02635	0.01249	0.00355	0.00533	0.02205	0.00997	0.00901
17	0.50750	0.01896	0.01680	0.01450	0.02099	0.02078	0.01189	0.03456	0.02084	0.15115	0.02199	0.02304	0.01587	0.01071	0.00744	0.00320	0.00804	0.00710	0.07205	0.01261
18	0.02219	0.03966	0.32658	0.02738	0.03885	0.02387	0.07443	0.03816	0.16601	0.03604	0.03352	0.03455	0.06650	0.01259	0.01068	0.00345	0.01293	0.01065	0.00674	0.01522
19	0.02340	0.05162	0.52771	0.02919	0.04419	0.02380	0.03710	0.03499	0.02299	0.07834	0.02088	0.02347	0.01446	0.01030	0.01009	0.00334	0.01507	0.00805	0.00519	0.01582
20	0.01519	0.01089	0.01474	0.01466	0.01593	0.01182	0.01044	0.01774	0.01776	0.02495	0.08501	0.05532	0.03835	0.26978	0.33629	0.01316	0.01943	0.01359	0.00655	0.00841
21	0.09463	0.02933	0.11143	0.14518	0.08957	0.07834	0.02616	0.02973	0.02028	0.03013	0.01650	0.02332	0.01384	0.01321	0.01872	0.00376	0.22970	0.00849	0.00495	0.01274
22	0.02396	0.02680	0.15883	0.23273	0.04644	0.02107	0.02556	0.07533	0.02674	0.09166	0.12944	0.03748	0.03267	0.01311	0.01083	0.00338	0.01189	0.01110	0.00744	0.01355
23	0.01997	0.01879	0.03171	0.60301	0.07282	0.02349	0.02936	0.02701	0.02114	0.02701	0.01879	0.02819	0.01409	0.01057	0.01057	0.00352	0.01409	0.00940	0.00470	0.01175
24	0.02416	0.02021	0.03363	0.34017	0.05568	0.02241	0.10328	0.07057	0.02530	0.07927	0.02983	0.03929	0.05381	0.01295	0.01126	0.00357	0.01319	0.04185	0.00668	0.01289
25	0.02947	0.18105	0.31413	0.02447	0.03668	0.02632	0.02823	0.03760	0.02413	0.16661	0.02370	0.02451	0.01665	0.01058	0.00943	0.00307	0.01295	0.00802	0.00665	0.01574
26	0.03085	0.02457	0.11151	0.03165	0.13074	0.01890	0.08663	0.03679	0.02556	0.23016	0.03452	0.13092	0.02869	0.01483	0.01124	0.00347	0.01128	0.01354	0.00881	0.01533

[dist]
# distance from previous block
# <min> <max>
1	11

[block]
# block no. 2 follows, 13 sequences, length 36
# corresponding to MSA columns:
# 204-239
name=unknown_C
#
# <colnr> <probs for GDERKNQSTAVLIFYWHMCP>
#	G	D	E	R	K	N	Q	S	T	A	V	L	I	F	Y	W	H	M	C	P
0	0.03754	0.02508	0.12487	0.02520	0.06480	0.01804	0.05577	0.04340	0.02742	0.36704	0.03604	0.07237	0.02560	0.01340	0.01084	0.00337	0.01081	0.01151	0.01031	0.01659
1	0.03077	0.11730	0.09983	0.02044	0.03003	0.05249	0.01891	0.11875	0.02839	0.12117	0.02278	0.02388	0.01699	0.01010	0.00895	0.00250	0.01075	0.00764	0.00754	0.25081
2	0.02381	0.01283	0.01705	0.01539	0.01920	0.01173	0.01206	0.02820	0.02832	0.17856	0.32311	0.07192	0.07132	0.06254	0.01513	0.00398	0.00699	0.07464	0.01142	0.01181
3	0.02684	0.39048	0.20023	0.02530	0.06930	0.07099	0.02518	0.03292	0.02245	0.02805	0.01637	0.01925	0.01374	0.00948	0.00814	0.00266	0.01312	0.00660	0.00461	0.01429
4	0.02827	0.63478	0.05540	0.01809	0.02714	0.04184	0.01809	0.03166	0.02148	0.02488	0.01470	0.01696	0.01357	0.00905	0.00678	0.00226	0.01131	0.00565	0.00452	0.01357
5	0.01288	0.00920	0.01227	0.01472	0.01534	0.00859	0.00981	0.01472	0.02024	0.02699	0.05828	0.62152	0.06993	0.03312	0.01350	0.00429	0.00613	0.03006	0.00981	0.00859
6	0.01602	0.01144	0.01587	0.01831	0.02029	0.01129	0.01526	0.02014	0.02333	0.03050	0.05654	0.24261	0.06308	0.03017	0.01433	0.00473	0.00885	0.37803	0.00976	0.00945
7	0.17040	0.06530	0.07907	0.02771	0.06648	0.02537	0.11807	0.06959	0.05606	0.14327	0.02431	0.02632	0.01769	0.01128	0.01149	0.00337	0.05253	0.00926	0.00759	0.01484
8	0.01288	0.00920	0.01227	0.01472	0.01534	0.00859	0.00981	0.01472	0.02024	0.02699	0.05828	0.62152	0.06993	0.03312	0.01350	0.00429	0.00613	0.03006	0.00981	0.00859
9	0.01496	0.01081	0.01413	0.01330	0.01580	0.00998	0.00998	0.01995	0.02993	0.04240	0.55689	0.07898	0.09976	0.02162	0.01247	0.00333	0.00499	0.01912	0.01164	0.00998
10	0.02764	0.20495	0.11428	0.06953	0.15159	0.02927	0.02484	0.07127	0.02450	0.07620	0.02059	0.02465	0.01651	0.01508	0.04805	0.00393	0.04808	0.00832	0.00594	0.01476
11	0.02283	0.11424	0.25810	0.03426	0.08554	0.02593	0.17749	0.03149	0.02294	0.03196	0.02298	0.08109	0.01989	0.01174	0.01072	0.00335	0.01457	0.01118	0.00531	0.01438
12	0.01269	0.01072	0.01098	0.01092	0.01440	0.00901	0.00819	0.01555	0.02456	0.02965	0.14256	0.09996	0.52205	0.02637	0.01249	0.00355	0.00533	0.02206	0.00996	0.00901
13	0.01460	0.01067	0.01371	0.01321	0.01564	0.00978	0.00981	0.01915	0.02868	0.04005	0.48068	0.12513	0.13345	0.02296	0.01256	0.00342	0.00511	0.02027	0.01135	0.00978
14	0.02192	0.01879	0.02192	0.01566	0.02506	0.01409	0.01253	0.02662	0.02192	0.03445	0.01879	0.02192	0.01566	0.00783	0.00783	0.00157	0.00783	0.00626	0.00626	0.69305
15	0.01519	0.01097	0.01519	0.01519	0.01646	0.01224	0.01097	0.01773	0.01646	0.02321	0.02997	0.05065	0.03039	0.26020	0.41103	0.01477	0.02237	0.01266	0.00591	0.00844
16	0.02496	0.12582	0.03604	0.02613	0.02795	0.06702	0.02214	0.02747	0.01789	0.02538	0.01416	0.02187	0.01381	0.01649	0.02858	0.00412	0.47505	0.00851	0.00466	0.01194
17	0.01704	0.01217	0.01704	0.01947	0.02191	0.01217	0.01704	0.02191	0.02434	0.03164	0.05598	0.11926	0.06085	0.02921	0.01460	0.00487	0.00974	0.49130	0.00974	0.00974
18	0.02944	0.02543	0.03325	0.03128	0.10940	0.02774	0.08215	0.16286	0.28643	0.04693	0.03280	0.03282	0.02461	0.01257	0.01088	0.00342	0.01092	0.01107	0.00925	0.01673
19	0.02313	0.02313	0.03238	0.02776	0.02776	0.03238	0.02313	0.02545	0.01619	0.02545	0.01388	0.02313	0.01388	0.01851	0.03470	0.00463	0.60907	0.00925	0.00463	0.01157
20	0.03950	0.05039	0.02996	0.02724	0.03269	0.58597	0.02043	0.04222	0.02996	0.02588	0.01634	0.01907	0.01362	0.01090	0.00953	0.00272	0.01907	0.00681	0.00545	0.01226
21	0.04744	0.01799	0.02454	0.01881	0.02699	0.01554	0.01554	0.05153	0.03026	0.56979	0.04171	0.03599	0.02617	0.01309	0.01063	0.00327	0.00900	0.01063	0.01309	0.01799
22	0.15443	0.04800	0.46460	0.02696	0.04082	0.02439	0.03367	0.03301	0.02148	0.03621	0.01814	0.02132	0.01301	0.01000	0.00936	0.00333	0.01417	0.00741	0.00487	0.01481
23	0.15501	0.01912	0.02068	0.01532	0.02416	0.01597	0.01232	0.02749	0.02116	0.03699	0.01800	0.02100	0.01484	0.00822	0.00758	0.00190	0.00790	0.00616	0.00632	0.55989
24	0.02261	0.10505	0.42420	0.03180	0.04584	0.02663	0.13181	0.03338	0.02276	0.03274	0.01904	0.02302	0.01393	0.00973	0.01021	0.00329	0.01564	0.00852	0.00464	0.01516
25	0.17554	0.01847	0.02278	0.01785	0.02571	0.01714	0.01474	0.04753	0.02787	0.46774	0.03644	0.03231	0.02330	0.01245	0.00983	0.00327	0.00884	0.00967	0.01181	0.01672
26	0.01571	0.01236	0.01724	0.12826	0.02679	0.01252	0.01358	0.02088	0.02765	0.03807	0.40875	0.07123	0.12686	0.01995	0.01210	0.00339	0.00680	0.01753	0.01011	0.01022
27	0.02786	0.51567	0.05296	0.02724	0.13172	0.03857	0.02090	0.03181	0.02199	0.02676	0.01571	0.01876	0.01419	0.00912	0.00750	0.00243	0.01155	0.00639	0.00466	0.01419
28	0.01395	0.00920	0.01256	0.01454	0.01503	0.00870	0.00969	0.01454	0.01898	0.02531	0.05048	0.50637	0.05986	0.03383	0.01893	0.13873	0.00673	0.02598	0.00879	0.00781
29	0.01963	0.01092	0.01467	0.01552	0.01761	0.00995	0.01093	0.02191	0.02220	0.13304	0.05504	0.50712	0.06138	0.02921	0.01294	0.00409	0.00669	0.02626	0.01045	0.01043
30	0.01414	0.00964	0.01148	0.01294	0.01453	0.00891	0.00897	0.01675	0.02142	0.02974	0.06372	0.40043	0.16241	0.02775	0.01210	0.00379	0.00574	0.02451	0.14214	0.00891
31	0.02218	0.04891	0.46995	0.03693	0.14671	0.02467	0.03777	0.03328	0.02267	0.03369	0.01915	0.02307	0.01405	0.00992	0.01013	0.00331	0.01503	0.00813	0.00461	0.01585
32	0.15033	0.01366	0.01521	0.01409	0.01766	0.01400	0.01082	0.02509	0.06957	0.04353	0.40895	0.06367	0.07699	0.01872	0.01117	0.00334	0.00589	0.01592	0.01057	0.01082
33	0.15510	0.10347	0.41505	0.02581	0.03904	0.02604	0.03166	0.03284	0.02140	0.03539	0.01773	0.02080	0.01303	0.00990	0.00905	0.00323	0.01376	0.00720	0.00488	0.01461
34	0.03110	0.02372	0.03246	0.24977	0.15380	0.06063	0.02522	0.11394	0.02867	0.14084	0.02439	0.02826	0.01758	0.01119	0.01049	0.00329	0.01272	0.00949	0.00744	0.01501
35	0.01413	0.00946	0.01263	0.01412	0.01500	0.00886	0.00958	0.01507	0.02017	0.02689	0.10155	0.41832	0.09669	0.03229	0.01876	0.13858	0.00657	0.02439	0.00897	0.00796

[dist]
# distance from previous block
# <min> <max>
0	3

[block]
# block no. 3 follows, 13 sequences, length 13
# corresponding to MSA columns:
# 243-255
name=unknown_D
#
# <colnr> <probs for GDERKNQSTAVLIFYWHMCP>
#	G	D	E	R	K	N	Q	S	T	A	V	L	I	F	Y	W	H	M	C	P
0	0.02040	0.02990	0.23624	0.02076	0.02997	0.01660	0.02212	0.02747	0.02341	0.06817	0.09100	0.12623	0.07870	0.01593	0.01063	0.00315	0.01021	0.01348	0.00741	0.14823
1	0.03379	0.13105	0.06738	0.10489	0.03809	0.05927	0.07368	0.06465	0.02690	0.21542	0.02638	0.02747	0.01857	0.01091	0.00986	0.00302	0.01213	0.00905	0.00804	0.05944
2	0.02379	0.02322	0.02907	0.02538	0.02586	0.07749	0.02057	0.02498	0.01701	0.02430	0.01484	0.02427	0.01460	0.02087	0.03358	0.11907	0.45690	0.00903	0.00469	0.01046
3	0.01800	0.01263	0.01777	0.11195	0.02606	0.01261	0.01358	0.02327	0.02849	0.07559	0.43229	0.06760	0.08050	0.01920	0.01203	0.00335	0.00678	0.01693	0.01058	0.01081
4	0.02960	0.29280	0.16173	0.02358	0.03286	0.18573	0.02331	0.03705	0.06837	0.02872	0.01852	0.02065	0.01513	0.01023	0.00861	0.00274	0.01415	0.00699	0.00529	0.01394
5	0.03366	0.19999	0.20195	0.02242	0.03314	0.02661	0.02374	0.06955	0.02659	0.22432	0.02629	0.02590	0.01828	0.01102	0.00939	0.00301	0.01183	0.00833	0.00793	0.01605
6	0.28137	0.02461	0.02770	0.03340	0.20374	0.07158	0.02022	0.03731	0.08537	0.08713	0.02238	0.02468	0.01721	0.01061	0.00898	0.00322	0.01066	0.00823	0.00710	0.01450
7	0.03707	0.04675	0.03537	0.03013	0.03645	0.49277	0.10436	0.04083	0.02913	0.02721	0.01718	0.02064	0.01402	0.01057	0.01002	0.00286	0.01886	0.00775	0.00543	0.01259
8	0.02509	0.01320	0.01844	0.01668	0.02020	0.01346	0.01284	0.02836	0.02081	0.19149	0.03323	0.04424	0.02827	0.14657	0.32451	0.01170	0.01950	0.01176	0.00806	0.01159
9	0.32627	0.02690	0.09956	0.01955	0.02813	0.02433	0.01813	0.14983	0.02831	0.15187	0.02305	0.02347	0.01610	0.01115	0.00876	0.00326	0.01018	0.00785	0.00846	0.01482
10	0.01997	0.01879	0.03171	0.60301	0.07282	0.02349	0.02936	0.02701	0.02114	0.02701	0.01879	0.02819	0.01409	0.01057	0.01057	0.00352	0.01409	0.00940	0.00470	0.01175
11	0.02854	0.02140	0.02367	0.02016	0.02702	0.02275	0.01587	0.05060	0.38427	0.11655	0.03881	0.03604	0.02865	0.01308	0.01025	0.00321	0.00837	0.01082	0.01034	0.12962
12	0.02361	0.01100	0.01192	0.01111	0.01438	0.01065	0.00854	0.02842	0.02331	0.11405	0.03551	0.03894	0.02697	0.01243	0.00785	0.00258	0.00550	0.00996	0.59227	0.01100

[dist]
# distance from previous block
# <min> <max>
0	6

[block]
# block no. 4 follows, 13 sequences, length 6
# corresponding to MSA columns:
# 262-267
name=unknown_E
#
# <colnr> <probs for GDERKNQSTAVLIFYWHMCP>
#	G	D	E	R	K	N	Q	S	T	A	V	L	I	F	Y	W	H	M	C	P
0	0.03604	0.01851	0.02256	0.01820	0.02411	0.01891	0.01484	0.13772	0.03068	0.27119	0.03393	0.03368	0.02370	0.01327	0.01183	0.00314	0.06128	0.01007	0.20122	0.01514
1	0.03897	0.02917	0.03626	0.02783	0.03615	0.13289	0.14167	0.13881	0.03273	0.23396	0.02859	0.02878	0.01964	0.01156	0.01086	0.00322	0.01364	0.01012	0.00921	0.01596
2	0.01629	0.01315	0.02059	0.16021	0.03206	0.01573	0.01716	0.02087	0.01801	0.02515	0.02599	0.03827	0.02342	0.06250	0.44576	0.01370	0.02484	0.01086	0.00543	0.01000
3	0.01288	0.00920	0.01227	0.01472	0.01534	0.00859	0.00981	0.01472	0.02024	0.02699	0.05828	0.62152	0.06993	0.03312	0.01350	0.00429	0.00613	0.03006	0.00981	0.00859
4	0.02192	0.01879	0.02192	0.01566	0.02506	0.01409	0.01253	0.02662	0.02192	0.03445	0.01879	0.02192	0.01566	0.00783	0.00783	0.00157	0.00783	0.00626	0.00626	0.69305
5	0.02138	0.04592	0.43880	0.02660	0.04070	0.02200	0.03258	0.03181	0.02223	0.03372	0.01893	0.02223	0.01395	0.00950	0.00950	0.00291	0.01372	0.00743	0.00490	0.18118

[dist]
# distance from previous block
# <min> <max>
0	8

[block]
# block no. 5 follows, 13 sequences, length 66
# corresponding to MSA columns:
# 276-341
name=unknown_F
#
# <colnr> <probs for GDERKNQSTAVLIFYWHMCP>
#	G	D	E	R	K	N	Q	S	T	A	V	L	I	F	Y	W	H	M	C	P
0	0.02338	0.01599	0.01914	0.01751	0.02211	0.01610	0.01352	0.03545	0.18850	0.11246	0.15365	0.15986	0.05329	0.01966	0.01163	0.00354	0.00737	0.04743	0.01066	0.06877
1	0.04290	0.01699	0.02308	0.01804	0.02543	0.01476	0.01476	0.04711	0.03022	0.49607	0.11372	0.04200	0.03646	0.01428	0.01089	0.00328	0.00844	0.01182	0.01288	0.01687
2	0.01938	0.01717	0.02393	0.02184	0.02217	0.02235	0.01723	0.02105	0.01679	0.02471	0.02551	0.14091	0.02783	0.07158	0.09508	0.06256	0.34044	0.01379	0.00583	0.00984
3	0.03006	0.09760	0.11476	0.18313	0.08213	0.06376	0.05851	0.06789	0.02612	0.14088	0.02350	0.02671	0.01691	0.01080	0.01013	0.00320	0.01329	0.00903	0.00685	0.01474
4	0.01589	0.01133	0.01259	0.01194	0.01565	0.00970	0.00907	0.01919	0.02587	0.07581	0.19975	0.09142	0.41484	0.02453	0.01234	0.00349	0.00557	0.02066	0.01048	0.00990
5	0.01614	0.01243	0.01688	0.01644	0.01731	0.01450	0.01199	0.01825	0.01659	0.02348	0.03046	0.09586	0.03235	0.25556	0.27967	0.01191	0.10148	0.01396	0.00611	0.00863
6	0.02490	0.01895	0.02260	0.05326	0.02791	0.01990	0.01724	0.18280	0.06458	0.04290	0.04386	0.10449	0.07219	0.02037	0.01210	0.00378	0.00981	0.18027	0.00950	0.06860
7	0.07030	0.02411	0.03941	0.12989	0.35251	0.02490	0.06908	0.06558	0.02540	0.06695	0.02114	0.02658	0.01660	0.00999	0.01041	0.00325	0.01266	0.00951	0.00605	0.01566
8	0.02033	0.01671	0.02952	0.02347	0.02881	0.01553	0.16508	0.02643	0.02809	0.07542	0.32754	0.06355	0.06700	0.01772	0.01249	0.00350	0.00943	0.04785	0.00972	0.01180
9	0.52619	0.02491	0.02118	0.01806	0.02484	0.09999	0.04689	0.03408	0.02086	0.07675	0.01710	0.01938	0.01298	0.01011	0.00760	0.00322	0.01035	0.00663	0.00673	0.01216
10	0.02436	0.02380	0.04210	0.20760	0.37308	0.02487	0.08729	0.03115	0.02338	0.03244	0.01976	0.02698	0.01595	0.00967	0.01072	0.00329	0.01357	0.00976	0.00510	0.01512
11	0.01918	0.01965	0.08367	0.02117	0.02333	0.01937	0.01828	0.02135	0.01795	0.02558	0.02834	0.12313	0.03033	0.07211	0.02921	0.13970	0.21806	0.07385	0.00611	0.00961
12	0.03192	0.02127	0.02616	0.02127	0.02686	0.02339	0.01737	0.11216	0.10291	0.17424	0.02898	0.03009	0.02144	0.01386	0.01615	0.00337	0.16076	0.00970	0.05648	0.10163
13	0.12259	0.54891	0.04983	0.01751	0.02620	0.03930	0.01716	0.03158	0.02100	0.02803	0.01470	0.01699	0.01327	0.00915	0.00675	0.00240	0.01087	0.00566	0.00481	0.01327
14	0.04744	0.01799	0.02454	0.01881	0.02699	0.01554	0.01554	0.05153	0.03026	0.56979	0.04171	0.03599	0.02617	0.01309	0.01063	0.00327	0.00900	0.01063	0.01309	0.01799
15	0.01458	0.01042	0.01422	0.01667	0.01803	0.01006	0.01277	0.01766	0.02192	0.02890	0.05734	0.41578	0.06621	0.03152	0.01395	0.00453	0.00761	0.21900	0.00978	0.00906
16	0.01997	0.01879	0.03171	0.60301	0.07282	0.02349	0.02936	0.02701	0.02114	0.02701	0.01879	0.02819	0.01409	0.01057	0.01057	0.00352	0.01409	0.00940	0.00470	0.01175
17	0.01500	0.01100	0.01418	0.01394	0.01654	0.01019	0.01082	0.01971	0.02843	0.03921	0.43055	0.08762	0.14582	0.02334	0.01279	0.00359	0.00574	0.09056	0.01115	0.00982
18	0.13908	0.01834	0.02328	0.01813	0.02608	0.01668	0.01497	0.04867	0.02855	0.49678	0.03794	0.03336	0.02411	0.01263	0.01006	0.00327	0.00888	0.00995	0.01217	0.01708
19	0.01367	0.00948	0.01248	0.01476	0.01564	0.00895	0.01021	0.01596	0.02069	0.02820	0.05648	0.54277	0.06631	0.03141	0.01317	0.00421	0.00633	0.06469	0.05582	0.00876
20	0.02715	0.02209	0.03675	0.23122	0.33042	0.02326	0.02909	0.03337	0.02400	0.10694	0.02259	0.02819	0.01721	0.01030	0.01052	0.00328	0.01256	0.00958	0.00616	0.01532
21	0.01333	0.00964	0.01270	0.01498	0.01601	0.00902	0.01051	0.01557	0.02098	0.02763	0.06143	0.52831	0.10303	0.03224	0.01355	0.00431	0.00649	0.08175	0.00981	0.00874
22	0.37290	0.03007	0.02010	0.01827	0.02390	0.22794	0.01422	0.03434	0.02291	0.03852	0.01784	0.02070	0.01424	0.01053	0.00775	0.00297	0.01175	0.00665	0.09286	0.01154
23	0.02766	0.18092	0.10270	0.05969	0.03193	0.02828	0.02041	0.19546	0.03150	0.04174	0.06338	0.11383	0.02932	0.01490	0.01011	0.00316	0.01096	0.01199	0.00784	0.01422
24	0.02624	0.02246	0.04036	0.26377	0.05525	0.02381	0.19585	0.03610	0.08286	0.10718	0.02563	0.03067	0.01851	0.01078	0.01126	0.00351	0.01401	0.01092	0.00678	0.01405
25	0.06974	0.08415	0.35902	0.02599	0.03860	0.02621	0.03017	0.09951	0.05951	0.03897	0.02081	0.02311	0.01526	0.01045	0.00957	0.00315	0.01334	0.00792	0.00594	0.05858
26	0.01832	0.12875	0.02269	0.01629	0.02001	0.01816	0.01299	0.02530	0.09913	0.03058	0.08494	0.23980	0.11432	0.02709	0.05066	0.00456	0.00906	0.05753	0.00880	0.01101
27	0.01967	0.01207	0.01545	0.01452	0.01807	0.01093	0.01146	0.02405	0.02801	0.11749	0.31745	0.08288	0.17346	0.02246	0.01251	0.00359	0.00636	0.08741	0.01122	0.01094
28	0.11708	0.04656	0.43553	0.03180	0.10074	0.02450	0.03446	0.03303	0.02192	0.03555	0.01848	0.02204	0.01350	0.00994	0.00960	0.00331	0.01424	0.00770	0.00484	0.01517
29	0.13093	0.02849	0.13966	0.09376	0.07583	0.02287	0.09729	0.06982	0.02594	0.17677	0.02509	0.02716	0.01743	0.01083	0.01016	0.00334	0.01247	0.00933	0.00763	0.01522
30	0.03032	0.01912	0.02226	0.01920	0.02516	0.02013	0.01513	0.04806	0.29849	0.19646	0.13864	0.04583	0.04311	0.01534	0.01104	0.00345	0.00792	0.01291	0.01160	0.01584
31	0.01575	0.01016	0.01214	0.01205	0.01233	0.01007	0.00720	0.01567	0.01680	0.02268	0.09052	0.06512	0.04258	0.47700	0.04739	0.10481	0.00951	0.01493	0.00675	0.00656
32	0.08839	0.02143	0.02347	0.10051	0.03149	0.08976	0.01684	0.06925	0.02783	0.23258	0.07449	0.11456	0.03291	0.01559	0.01068	0.00338	0.01039	0.01284	0.00968	0.01393
33	0.08304	0.02245	0.02569	0.02010	0.02805	0.05836	0.01646	0.13513	0.03303	0.41218	0.03549	0.03184	0.02300	0.01268	0.01031	0.00322	0.01012	0.00989	0.01174	0.01722
34	0.02692	0.01472	0.01602	0.01401	0.01838	0.01509	0.01101	0.10013	0.06779	0.11768	0.03491	0.03701	0.02612	0.01264	0.00855	0.00276	0.00669	0.01008	0.44685	0.01265
35	0.07600	0.02454	0.08811	0.02652	0.10215	0.02132	0.02032	0.07561	0.13405	0.22492	0.03794	0.03626	0.05848	0.01317	0.01043	0.00334	0.00999	0.01081	0.00975	0.01628
36	0.02659	0.40268	0.22864	0.02272	0.03377	0.06990	0.02531	0.03293	0.02229	0.02784	0.01624	0.01890	0.01351	0.00950	0.00806	0.00266	0.01325	0.00645	0.00456	0.01418
37	0.11949	0.01864	0.02316	0.02284	0.10185	0.01651	0.01528	0.02940	0.02242	0.09595	0.02601	0.09987	0.02334	0.01216	0.00907	0.00258	0.00849	0.01018	0.00738	0.33538
38	0.15862	0.01506	0.02106	0.01913	0.02293	0.01504	0.08353	0.02360	0.02101	0.06583	0.04123	0.30598	0.04483	0.06438	0.01460	0.00437	0.00891	0.05095	0.00848	0.01049
39	0.02169	0.03104	0.25174	0.02155	0.03067	0.01812	0.02339	0.03056	0.05742	0.09633	0.04593	0.04711	0.14926	0.02515	0.09753	0.00546	0.01379	0.01245	0.00739	0.01344
40	0.02530	0.02424	0.04135	0.14011	0.49402	0.02489	0.03202	0.03169	0.02366	0.03349	0.01973	0.02645	0.01638	0.00958	0.01048	0.00319	0.01278	0.00942	0.00516	0.01605
41	0.02428	0.02229	0.03795	0.13442	0.38049	0.02286	0.06106	0.03066	0.02344	0.03408	0.02187	0.02847	0.01776	0.00996	0.01019	0.00313	0.01207	0.00968	0.10047	0.01489
42	0.02496	0.02852	0.06239	0.04456	0.05526	0.02674	0.52406	0.03387	0.02496	0.03387	0.02139	0.02852	0.01604	0.00891	0.01248	0.00357	0.01783	0.01248	0.00535	0.01426
43	0.01288	0.00920	0.01227	0.01472	0.01534	0.00859	0.00981	0.01472	0.02024	0.02699	0.05828	0.62152	0.06993	0.03312	0.01350	0.00429	0.00613	0.03006	0.00981	0.00859
44	0.24068	0.01596	0.01671	0.01422	0.01993	0.01612	0.01148	0.03597	0.02369	0.22616	0.03089	0.03135	0.02194	0.01181	0.00826	0.00299	0.00735	0.00885	0.24247	0.01318
45	0.01573	0.01225	0.01819	0.01783	0.01957	0.01471	0.01399	0.01939	0.01693	0.02461	0.02719	0.04010	0.02545	0.07455	0.54344	0.01603	0.07366	0.01117	0.00558	0.00961
46	0.01388	0.01056	0.01301	0.01458	0.01675	0.00969	0.01115	0.01685	0.02275	0.02883	0.07524	0.29697	0.24332	0.02977	0.01344	0.00419	0.00684	0.15338	0.00979	0.00902
47	0.01380	0.00986	0.01332	0.01577	0.01679	0.00938	0.01141	0.01631	0.02115	0.02802	0.05777	0.51027	0.06792	0.03226	0.01374	0.00442	0.00693	0.13222	0.00980	0.00884
48	0.23778	0.01871	0.02193	0.01739	0.02509	0.01791	0.01435	0.04559	0.02670	0.41815	0.03388	0.03053	0.02190	0.01214	0.00945	0.00327	0.00876	0.00921	0.01119	0.01609
49	0.01997	0.01879	0.03171	0.60301	0.07282	0.02349	0.02936	0.02701	0.02114	0.02701	0.01879	0.02819	0.01409	0.01057	0.01057	0.00352	0.01409	0.00940	0.00470	0.01175
50	0.02674	0.02302	0.03469	0.02841	0.03077	0.02939	0.07880	0.03004	0.01915	0.10248	0.01862	0.02554	0.01584	0.01666	0.02882	0.00432	0.45824	0.00981	0.00589	0.01277
51	0.70310	0.02045	0.01554	0.01390	0.02045	0.02372	0.01145	0.03108	0.01799	0.04744	0.01472	0.01718	0.01145	0.00981	0.00654	0.00327	0.00818	0.00573	0.00654	0.01145
52	0.01762	0.01458	0.01910	0.01778	0.01816	0.01757	0.01307	0.01925	0.01804	0.02566	0.08969	0.13763	0.04169	0.26069	0.03650	0.00664	0.21462	0.01591	0.00690	0.00891
53	0.03270	0.01957	0.02361	0.01805	0.02591	0.01769	0.01463	0.13299	0.03121	0.21240	0.10261	0.03506	0.03122	0.01240	0.00992	0.00267	0.00856	0.01010	0.01004	0.24864
54	0.01410	0.01074	0.01342	0.01433	0.01656	0.00940	0.00996	0.01644	0.02098	0.02824	0.05909	0.47030	0.12567	0.02877	0.01257	0.00382	0.00627	0.02573	0.00932	0.10430
55	0.03064	0.16856	0.03927	0.11920	0.17698	0.23547	0.02438	0.03508	0.02524	0.02811	0.01727	0.02180	0.01450	0.01005	0.00932	0.00285	0.01491	0.00762	0.00508	0.01366
56	0.01288	0.00920	0.01227	0.01472	0.01534	0.00859	0.00981	0.01472	0.02024	0.02699	0.05828	0.62152	0.06993	0.03312	0.01350	0.00429	0.00613	0.03006	0.00981	0.00859
57	0.02410	0.29232	0.36135	0.02520	0.03813	0.03163	0.03047	0.03274	0.02198	0.02996	0.01722	0.02013	0.01347	0.00964	0.00871	0.00290	0.01386	0.00693	0.00449	0.01478
58	0.07822	0.15750	0.43368	0.02662	0.04030	0.02763	0.03299	0.03296	0.02182	0.03306	0.01785	0.02093	0.01327	0.00984	0.00917	0.00314	0.01423	0.00725	0.00465	0.01491
59	0.62646	0.02070	0.01649	0.01477	0.02125	0.02401	0.01205	0.03392	0.07749	0.04707	0.01793	0.01970	0.01381	0.01033	0.00702	0.00331	0.00820	0.00643	0.00702	0.01205
60	0.03010	0.02078	0.02432	0.01793	0.02693	0.01803	0.01456	0.12966	0.02889	0.13691	0.02421	0.02513	0.01800	0.00973	0.00887	0.00219	0.00879	0.00769	0.00834	0.43893
61	0.10734	0.01425	0.01676	0.01461	0.01958	0.01354	0.01148	0.03484	0.02470	0.25268	0.03849	0.11688	0.03094	0.01525	0.00946	0.00314	0.00711	0.01252	0.24330	0.01314
62	0.03843	0.03059	0.21306	0.02270	0.03344	0.01864	0.02362	0.04533	0.02754	0.38566	0.03391	0.03130	0.02179	0.01204	0.01043	0.00330	0.01127	0.00966	0.01013	0.01718
63	0.01800	0.01416	0.01877	0.01619	0.02016	0.01351	0.04665	0.07735	0.03058	0.04161	0.36377	0.07422	0.18197	0.02081	0.01226	0.00338	0.00672	0.01825	0.01069	0.01096
64	0.02485	0.03991	0.35501	0.02573	0.03766	0.02135	0.02981	0.03602	0.06431	0.10914	0.02821	0.03652	0.02218	0.01283	0.01055	0.00341	0.01296	0.06318	0.00688	0.05949
65	0.07454	0.51792	0.11865	0.01933	0.02904	0.03837	0.02030	0.03185	0.02135	0.02755	0.01525	0.01766	0.01340	0.00923	0.00718	0.00247	0.01164	0.00593	0.00466	0.01368

[dist]
# distance from previous block
# <min> <max>
0	1

[block]
# block no. 6 follows, 13 sequences, length 50
# corresponding to MSA columns:
# 343-392
name=unknown_G
#
# <colnr> <probs for GDERKNQSTAVLIFYWHMCP>
#	G	D	E	R	K	N	Q	S	T	A	V	L	I	F	Y	W	H	M	C	P
0	0.03110	0.34126	0.16888	0.02143	0.03181	0.03211	0.02262	0.06710	0.02516	0.13560	0.02163	0.02245	0.01626	0.01029	0.00853	0.00277	0.01189	0.00737	0.00656	0.01519
1	0.01994	0.07193	0.09289	0.01925	0.02338	0.11634	0.01622	0.02344	0.02235	0.02748	0.04217	0.38725	0.04797	0.02421	0.01180	0.00373	0.01010	0.02105	0.00791	0.01056
2	0.02032	0.01649	0.02744	0.33190	0.05003	0.01848	0.05978	0.02565	0.02187	0.07037	0.03305	0.21298	0.03253	0.01764	0.01163	0.00375	0.01150	0.01614	0.00700	0.01145
3	0.02215	0.15497	0.43889	0.02718	0.04063	0.02670	0.03365	0.03228	0.02233	0.03181	0.02102	0.02873	0.01703	0.01132	0.00981	0.00327	0.01441	0.04415	0.00488	0.01481
4	0.02555	0.03301	0.19179	0.10353	0.04505	0.02551	0.13545	0.12767	0.07450	0.03984	0.02615	0.03519	0.02086	0.01247	0.01121	0.00354	0.01398	0.05297	0.00688	0.01485
5	0.01317	0.00947	0.01287	0.01501	0.01579	0.00918	0.01025	0.01525	0.01983	0.02668	0.05445	0.54752	0.06438	0.03902	0.08661	0.00591	0.00896	0.02767	0.00929	0.00870
6	0.02253	0.02318	0.04480	0.18525	0.05210	0.02375	0.28800	0.03147	0.06365	0.03118	0.02394	0.03448	0.01967	0.08882	0.01712	0.00441	0.01513	0.01200	0.00574	0.01279
7	0.02835	0.03611	0.17301	0.02535	0.03362	0.15840	0.06025	0.09583	0.02823	0.07192	0.03276	0.11935	0.06009	0.01533	0.01090	0.00334	0.01353	0.01267	0.00732	0.01366
8	0.01376	0.01062	0.01108	0.01096	0.01424	0.00919	0.00822	0.01705	0.02467	0.03188	0.16061	0.09062	0.42644	0.02421	0.01184	0.00339	0.00525	0.02028	0.09649	0.00919
9	0.01460	0.01136	0.01398	0.01492	0.01784	0.01074	0.01220	0.01827	0.02329	0.02925	0.07715	0.10089	0.29672	0.03442	0.08656	0.00579	0.00999	0.20349	0.00926	0.00931
10	0.04019	0.02962	0.03173	0.02433	0.03279	0.03279	0.02010	0.52721	0.04971	0.06663	0.02538	0.02538	0.01798	0.01269	0.01058	0.00317	0.01163	0.00952	0.01058	0.01798
11	0.03803	0.04795	0.03018	0.02729	0.03225	0.53646	0.02067	0.04072	0.02873	0.02584	0.01612	0.01943	0.01364	0.01158	0.01178	0.00289	0.07184	0.00703	0.00537	0.01220
12	0.03819	0.02862	0.03060	0.02392	0.03202	0.03185	0.01961	0.45917	0.12102	0.06340	0.02793	0.02742	0.02005	0.01293	0.01060	0.00323	0.01116	0.00987	0.01060	0.01780
13	0.02751	0.13643	0.04201	0.12023	0.33458	0.10189	0.02791	0.03290	0.02402	0.03071	0.01835	0.02385	0.01543	0.00970	0.00970	0.00298	0.01339	0.00840	0.00507	0.01495
14	0.01288	0.00920	0.01227	0.01472	0.01534	0.00859	0.00981	0.01472	0.02024	0.02699	0.05828	0.62152	0.06993	0.03312	0.01350	0.00429	0.00613	0.03006	0.00981	0.00859
15	0.03377	0.02544	0.02736	0.02158	0.02924	0.02744	0.01753	0.33963	0.13207	0.05638	0.02841	0.02856	0.02096	0.01234	0.01001	0.00299	0.01004	0.00956	0.06346	0.10325
16	0.06824	0.04473	0.40591	0.03452	0.13505	0.02400	0.03451	0.03435	0.02288	0.07043	0.02038	0.02359	0.01472	0.01012	0.00993	0.00330	0.01415	0.00815	0.00531	0.01571
17	0.02768	0.03169	0.03168	0.02733	0.03112	0.24223	0.09172	0.03101	0.02364	0.02714	0.02496	0.14412	0.02550	0.01713	0.01738	0.00366	0.17126	0.01300	0.00611	0.01162
18	0.01516	0.01111	0.01589	0.01589	0.01739	0.01262	0.01184	0.01817	0.01667	0.02373	0.02933	0.04713	0.02886	0.19044	0.47870	0.01563	0.02466	0.01215	0.00581	0.00883
19	0.01729	0.01032	0.01383	0.01524	0.01682	0.00947	0.01055	0.01942	0.02152	0.09624	0.05616	0.54681	0.06435	0.03057	0.01313	0.00416	0.00650	0.02758	0.01023	0.00979
20	0.03678	0.02145	0.02526	0.02090	0.02796	0.02227	0.01704	0.15511	0.18787	0.25317	0.03979	0.04214	0.02930	0.01482	0.01101	0.00349	0.00946	0.05378	0.01154	0.01687
21	0.01288	0.00920	0.01227	0.01472	0.01534	0.00859	0.00981	0.01472	0.02024	0.02699	0.05828	0.62152	0.06993	0.03312	0.01350	0.00429	0.00613	0.03006	0.00981	0.00859
22	0.13109	0.01831	0.02339	0.01819	0.02616	0.01658	0.01502	0.04892	0.02870	0.50314	0.03827	0.03359	0.02429	0.01267	0.01011	0.00327	0.00889	0.01001	0.01225	0.01716
23	0.01997	0.01879	0.03171	0.60301	0.07282	0.02349	0.02936	0.02701	0.02114	0.02701	0.01879	0.02819	0.01409	0.01057	0.01057	0.00352	0.01409	0.00940	0.00470	0.01175
24	0.02827	0.63478	0.05540	0.01809	0.02714	0.04184	0.01809	0.03166	0.02148	0.02488	0.01470	0.01696	0.01357	0.00905	0.00678	0.00226	0.01131	0.00565	0.00452	0.01357
25	0.01288	0.00920	0.01227	0.01472	0.01534	0.00859	0.00981	0.01472	0.02024	0.02699	0.05828	0.62152	0.06993	0.03312	0.01350	0.00429	0.00613	0.03006	0.00981	0.00859
26	0.02827	0.63478	0.05540	0.01809	0.02714	0.04184	0.01809	0.03166	0.02148	0.02488	0.01470	0.01696	0.01357	0.00905	0.00678	0.00226	0.01131	0.00565	0.00452	0.01357
27	0.01496	0.01081	0.01413	0.01330	0.01580	0.00998	0.00998	0.01995	0.02993	0.04240	0.55689	0.07898	0.09976	0.02162	0.01247	0.00333	0.00499	0.01912	0.01164	0.00998
28	0.01677	0.01200	0.01667	0.01869	0.02113	0.01189	0.01614	0.02166	0.02505	0.03301	0.11981	0.11413	0.06581	0.02824	0.01433	0.00467	0.00913	0.43113	0.00998	0.00977
29	0.02121	0.05469	0.57364	0.03014	0.04576	0.02455	0.03906	0.03348	0.02232	0.03348	0.01897	0.02232	0.01339	0.01005	0.01005	0.00335	0.01563	0.00781	0.00446	0.01563
30	0.04006	0.01822	0.02378	0.01790	0.02643	0.01512	0.01467	0.04433	0.02785	0.41506	0.03509	0.03192	0.02313	0.01157	0.00982	0.00278	0.00866	0.00937	0.01111	0.21310
31	0.02617	0.02512	0.04292	0.06490	0.56246	0.02512	0.03245	0.03245	0.02407	0.03454	0.01989	0.02617	0.01675	0.00942	0.01047	0.00314	0.01256	0.00942	0.00523	0.01675
32	0.01833	0.01517	0.01987	0.01903	0.02227	0.01585	0.04937	0.03016	0.19398	0.03425	0.08529	0.34859	0.05567	0.02437	0.01245	0.00394	0.00764	0.02204	0.00993	0.01179
33	0.02192	0.01879	0.02192	0.01566	0.02506	0.01409	0.01253	0.02662	0.02192	0.03445	0.01879	0.02192	0.01566	0.00783	0.00783	0.00157	0.00783	0.00626	0.00626	0.69305
34	0.02121	0.05469	0.57364	0.03014	0.04576	0.02455	0.03906	0.03348	0.02232	0.03348	0.01897	0.02232	0.01339	0.01005	0.01005	0.00335	0.01563	0.00781	0.00446	0.01563
35	0.02773	0.59072	0.09477	0.01901	0.02855	0.04052	0.01968	0.03180	0.02155	0.02553	0.01502	0.01737	0.01356	0.00912	0.00703	0.00234	0.01164	0.00582	0.00452	0.01372
36	0.01400	0.01077	0.01280	0.01229	0.01521	0.00957	0.00922	0.01809	0.02766	0.03701	0.38179	0.08785	0.27822	0.02362	0.01248	0.00342	0.00513	0.02036	0.01093	0.00957
37	0.01510	0.01133	0.01699	0.01699	0.01888	0.01322	0.01322	0.01888	0.01699	0.02454	0.02832	0.04154	0.02643	0.07930	0.58652	0.01699	0.02832	0.01133	0.00566	0.00944
38	0.02617	0.02512	0.04292	0.06490	0.56246	0.02512	0.03245	0.03245	0.02407	0.03454	0.01989	0.02617	0.01675	0.00942	0.01047	0.00314	0.01256	0.00942	0.00523	0.01675
39	0.02529	0.02010	0.02259	0.02097	0.02604	0.02233	0.01692	0.12790	0.27619	0.04355	0.04451	0.10082	0.04023	0.01945	0.01197	0.00391	0.00916	0.14323	0.01038	0.01446
40	0.02313	0.02313	0.03238	0.02776	0.02776	0.03238	0.02313	0.02545	0.01619	0.02545	0.01388	0.02313	0.01388	0.01851	0.03470	0.00463	0.60907	0.00925	0.00463	0.01157
41	0.01288	0.00920	0.01227	0.01472	0.01534	0.00859	0.00981	0.01472	0.02024	0.02699	0.05828	0.62152	0.06993	0.03312	0.01350	0.00429	0.00613	0.03006	0.00981	0.00859
42	0.01757	0.01349	0.01662	0.01658	0.01980	0.01368	0.01330	0.02708	0.12543	0.03832	0.26815	0.08576	0.11103	0.02300	0.01281	0.00387	0.00713	0.16456	0.01074	0.01110
43	0.02183	0.10631	0.52752	0.02906	0.04410	0.02609	0.03720	0.03332	0.02225	0.03272	0.01859	0.02185	0.01341	0.00996	0.00976	0.00325	0.01524	0.00762	0.00447	0.01544
44	0.58032	0.01873	0.01529	0.01380	0.01962	0.02127	0.01119	0.02909	0.02012	0.04654	0.11146	0.02820	0.02721	0.01192	0.00760	0.00328	0.00761	0.00812	0.00745	0.01119
45	0.01997	0.01879	0.03171	0.60301	0.07282	0.02349	0.02936	0.02701	0.02114	0.02701	0.01879	0.02819	0.01409	0.01057	0.01057	0.00352	0.01409	0.00940	0.00470	0.01175
46	0.04329	0.01708	0.02321	0.01811	0.02556	0.01483	0.01483	0.04750	0.03022	0.50250	0.10744	0.04147	0.03556	0.01417	0.01087	0.00328	0.00849	0.01172	0.01290	0.01697
47	0.02192	0.01879	0.02192	0.01566	0.02506	0.01409	0.01253	0.02662	0.02192	0.03445	0.01879	0.02192	0.01566	0.00783	0.00783	0.00157	0.00783	0.00626	0.00626	0.69305
48	0.03829	0.02261	0.02617	0.02116	0.02866	0.02369	0.01712	0.17555	0.21202	0.25925	0.03797	0.03445	0.02617	0.01342	0.01066	0.00335	0.00946	0.01080	0.01164	0.01756
49	0.65406	0.02026	0.01621	0.01427	0.02094	0.02311	0.01176	0.03261	0.01891	0.08651	0.01674	0.01858	0.01255	0.01006	0.00685	0.00327	0.00824	0.00609	0.00703	0.01194

[dist]
# distance from previous block
# <min> <max>
1	2

[block]
# block no. 7 follows, 13 sequences, length 32
# corresponding to MSA columns:
# 395-426
name=unknown_H
#
# <colnr> <probs for GDERKNQSTAVLIFYWHMCP>
#	G	D	E	R	K	N	Q	S	T	A	V	L	I	F	Y	W	H	M	C	P
0	0.04744	0.01799	0.02454	0.01881	0.02699	0.01554	0.01554	0.05153	0.03026	0.56979	0.04171	0.03599	0.02617	0.01309	0.01063	0.00327	0.00900	0.01063	0.01309	0.01799
1	0.01496	0.01081	0.01413	0.01330	0.01580	0.00998	0.00998	0.01995	0.02993	0.04240	0.55689	0.07898	0.09976	0.02162	0.01247	0.00333	0.00499	0.01912	0.01164	0.00998
2	0.02827	0.63478	0.05540	0.01809	0.02714	0.04184	0.01809	0.03166	0.02148	0.02488	0.01470	0.01696	0.01357	0.00905	0.00678	0.00226	0.01131	0.00565	0.00452	0.01357
3	0.04019	0.02962	0.03173	0.02433	0.03279	0.03279	0.02010	0.52721	0.04971	0.06663	0.02538	0.02538	0.01798	0.01269	0.01058	0.00317	0.01163	0.00952	0.01058	0.01798
4	0.04744	0.01799	0.02454	0.01881	0.02699	0.01554	0.01554	0.05153	0.03026	0.56979	0.04171	0.03599	0.02617	0.01309	0.01063	0.00327	0.00900	0.01063	0.01309	0.01799
5	0.01997	0.01879	0.03171	0.60301	0.07282	0.02349	0.02936	0.02701	0.02114	0.02701	0.01879	0.02819	0.01409	0.01057	0.01057	0.00352	0.01409	0.00940	0.00470	0.01175
6	0.04361	0.01979	0.03099	0.02320	0.03181	0.01745	0.10218	0.04852	0.02936	0.47848	0.03825	0.03472	0.02445	0.01238	0.01095	0.00332	0.01050	0.01095	0.01177	0.01736
7	0.03950	0.05039	0.02996	0.02724	0.03269	0.58597	0.02043	0.04222	0.02996	0.02588	0.01634	0.01907	0.01362	0.01090	0.00953	0.00272	0.01907	0.00681	0.00545	0.01226
8	0.01288	0.00920	0.01227	0.01472	0.01534	0.00859	0.00981	0.01472	0.02024	0.02699	0.05828	0.62152	0.06993	0.03312	0.01350	0.00429	0.00613	0.03006	0.00981	0.00859
9	0.04650	0.01949	0.02546	0.01952	0.02774	0.01776	0.01613	0.11279	0.03277	0.50498	0.03961	0.03462	0.02512	0.01304	0.01063	0.00326	0.00934	0.01049	0.01276	0.01799
10	0.04568	0.02081	0.02628	0.02015	0.02839	0.01972	0.01664	0.16671	0.03497	0.44795	0.03776	0.03342	0.02419	0.01299	0.01062	0.00325	0.00964	0.01036	0.01248	0.01799
11	0.02630	0.02271	0.02391	0.02152	0.02749	0.02630	0.01674	0.05618	0.54336	0.04423	0.04303	0.03945	0.03228	0.01434	0.01076	0.00359	0.00837	0.01195	0.01076	0.01674
12	0.01538	0.01025	0.01153	0.01153	0.01153	0.01025	0.00641	0.01538	0.01538	0.02050	0.03331	0.06919	0.03844	0.62842	0.05382	0.01025	0.01025	0.01538	0.00641	0.00641
13	0.01496	0.01081	0.01413	0.01330	0.01580	0.00998	0.00998	0.01995	0.02993	0.04240	0.55689	0.07898	0.09976	0.02162	0.01247	0.00333	0.00499	0.01912	0.01164	0.00998
14	0.03950	0.05039	0.02996	0.02724	0.03269	0.58597	0.02043	0.04222	0.02996	0.02588	0.01634	0.01907	0.01362	0.01090	0.00953	0.00272	0.01907	0.00681	0.00545	0.01226
15	0.13189	0.01831	0.02338	0.01818	0.02615	0.01659	0.01501	0.04889	0.02868	0.50251	0.03824	0.03356	0.02428	0.01266	0.01011	0.00327	0.00889	0.01000	0.01224	0.01715
16	0.01505	0.01012	0.01163	0.01194	0.01202	0.01004	0.00685	0.01529	0.01600	0.02134	0.03653	0.14033	0.04250	0.55175	0.04862	0.00948	0.00972	0.01727	0.00685	0.00669
17	0.01496	0.01081	0.01413	0.01330	0.01580	0.00998	0.00998	0.01995	0.02993	0.04240	0.55689	0.07898	0.09976	0.02162	0.01247	0.00333	0.00499	0.01912	0.01164	0.00998
18	0.03950	0.05039	0.02996	0.02724	0.03269	0.58597	0.02043	0.04222	0.02996	0.02588	0.01634	0.01907	0.01362	0.01090	0.00953	0.00272	0.01907	0.00681	0.00545	0.01226
19	0.04744	0.01799	0.02454	0.01881	0.02699	0.01554	0.01554	0.05153	0.03026	0.56979	0.04171	0.03599	0.02617	0.01309	0.01063	0.00327	0.00900	0.01063	0.01309	0.01799
20	0.70310	0.02045	0.01554	0.01390	0.02045	0.02372	0.01145	0.03108	0.01799	0.04744	0.01472	0.01718	0.01145	0.00981	0.00654	0.00327	0.00818	0.00573	0.00654	0.01145
