[name]
unknown

[dist]
# distance from previous block
# <min> <max>
0	348

[block]
# block no. 0 follows, 11 sequences, length 66
# corresponding to MSA columns:
# 452-517
name=unknown_A
#
# <colnr> <probs for GDERKNQSTAVLIFYWHMCP>
#	G	D	E	R	K	N	Q	S	T	A	V	L	I	F	Y	W	H	M	C	P
0	0.01750	0.01320	0.01656	0.01664	0.01963	0.01303	0.01302	0.02551	0.08745	0.04024	0.29219	0.13697	0.11558	0.02540	0.01367	0.00406	0.00702	0.11960	0.01150	0.01122
1	0.03971	0.09617	0.03594	0.08514	0.03828	0.03313	0.02175	0.34837	0.04407	0.10733	0.02664	0.02742	0.01900	0.01285	0.01080	0.00332	0.01236	0.00976	0.01009	0.01787
2	0.04894	0.02329	0.02746	0.02141	0.02992	0.06123	0.01751	0.10524	0.03459	0.44714	0.04027	0.03559	0.02580	0.01370	0.01122	0.00342	0.01074	0.01086	0.01298	0.01867
3	0.01955	0.00978	0.01466	0.01466	0.01466	0.00978	0.00978	0.01466	0.01466	0.01955	0.01955	0.03421	0.01955	0.03910	0.04399	0.67253	0.00978	0.00978	0.00489	0.00489
4	0.02879	0.02075	0.07058	0.15529	0.07928	0.01828	0.02135	0.03385	0.02474	0.18231	0.03603	0.12448	0.03179	0.10064	0.01829	0.00477	0.01151	0.01452	0.00878	0.01396
5	0.07994	0.03384	0.19752	0.02848	0.03994	0.02215	0.14185	0.03158	0.02419	0.03666	0.03127	0.03463	0.07502	0.01189	0.01078	0.00320	0.01335	0.01078	0.00628	0.16663
6	0.01557	0.01085	0.01374	0.01446	0.01508	0.01109	0.00938	0.01697	0.01818	0.02467	0.04173	0.21317	0.04752	0.33470	0.15279	0.01068	0.01380	0.01980	0.00766	0.00816
7	0.16198	0.25790	0.08685	0.02167	0.03070	0.03274	0.05780	0.08914	0.02622	0.04004	0.02034	0.02334	0.01634	0.01073	0.00854	0.00299	0.01165	0.00783	0.07883	0.01438
8	0.01371	0.00979	0.01306	0.01567	0.01632	0.00914	0.01045	0.01567	0.02155	0.02873	0.06203	0.59710	0.07444	0.03526	0.01437	0.00457	0.00653	0.03200	0.01045	0.00914
9	0.08405	0.02587	0.03670	0.03001	0.03304	0.03300	0.07988	0.08307	0.02266	0.03528	0.01724	0.02505	0.01534	0.01695	0.02851	0.00448	0.39954	0.00997	0.00593	0.01344
10	0.02469	0.02528	0.08465	0.01914	0.02983	0.01777	0.01720	0.06386	0.02558	0.03909	0.02055	0.02366	0.01657	0.00899	0.00882	0.00201	0.00960	0.00712	0.00679	0.54879
11	0.08108	0.07351	0.03058	0.02803	0.10383	0.02181	0.05639	0.08303	0.02650	0.03826	0.03525	0.22569	0.03688	0.01907	0.01142	0.00355	0.01020	0.01693	0.00816	0.08982
12	0.01422	0.01085	0.01307	0.01375	0.01608	0.00970	0.00984	0.01747	0.02599	0.03412	0.21674	0.27733	0.24149	0.02933	0.01368	0.00400	0.00589	0.02573	0.01102	0.00970
13	0.01680	0.02518	0.18025	0.02117	0.02696	0.01474	0.02074	0.02247	0.02256	0.03125	0.04877	0.38389	0.05491	0.02727	0.01330	0.00430	0.00997	0.05523	0.00866	0.01157
14	0.15963	0.02220	0.03023	0.25682	0.09797	0.02491	0.02415	0.08887	0.02735	0.12744	0.02430	0.02858	0.01743	0.01170	0.01041	0.00357	0.01237	0.00948	0.00771	0.01488
15	0.10800	0.01939	0.02525	0.01955	0.02810	0.01733	0.01615	0.05288	0.03103	0.49741	0.04180	0.03649	0.02644	0.01361	0.01092	0.00348	0.00950	0.01084	0.01330	0.01852
16	0.01354	0.01045	0.01238	0.01392	0.01586	0.00929	0.00967	0.01587	0.02323	0.02942	0.08336	0.39663	0.26115	0.03249	0.01393	0.00426	0.00619	0.02862	0.01045	0.00929
17	0.16457	0.02216	0.03551	0.08100	0.03957	0.02194	0.15746	0.03826	0.02691	0.18243	0.08834	0.03663	0.02972	0.01275	0.01125	0.00361	0.01220	0.01181	0.00902	0.01488
18	0.08617	0.15265	0.07122	0.07048	0.08118	0.02466	0.02112	0.03460	0.02501	0.13805	0.03324	0.10141	0.03006	0.01625	0.01081	0.00358	0.01115	0.06560	0.00826	0.01448
19	0.01854	0.01427	0.02227	0.02441	0.08290	0.01371	0.06581	0.02267	0.02307	0.03361	0.04685	0.33597	0.05061	0.02419	0.01234	0.00388	0.00842	0.02225	0.16308	0.01117
20	0.61899	0.02159	0.01823	0.06995	0.02723	0.02523	0.01406	0.03266	0.01948	0.04837	0.01610	0.01943	0.01247	0.01053	0.00739	0.00351	0.00932	0.00648	0.00677	0.01222
21	0.01637	0.01091	0.01228	0.01228	0.01228	0.01091	0.00682	0.01637	0.01637	0.02182	0.03546	0.07365	0.04092	0.60445	0.05729	0.01091	0.01091	0.01637	0.00682	0.00682
22	0.08799	0.03065	0.09218	0.02704	0.03597	0.02947	0.07858	0.16996	0.23070	0.05117	0.03237	0.03237	0.02391	0.01315	0.01115	0.00364	0.01194	0.01101	0.00954	0.01723
23	0.03442	0.07755	0.13676	0.09178	0.04038	0.02816	0.02505	0.16192	0.10426	0.14217	0.02998	0.03037	0.02118	0.01270	0.01087	0.00347	0.01249	0.01003	0.00922	0.01727
24	0.02334	0.02001	0.02334	0.01667	0.02667	0.01500	0.01334	0.02834	0.02334	0.03668	0.02001	0.02334	0.01667	0.00834	0.00834	0.00167	0.00834	0.00667	0.00667	0.67325
25	0.02978	0.02507	0.02646	0.02327	0.02995	0.02883	0.01825	0.11266	0.45813	0.04997	0.04354	0.04018	0.03252	0.01506	0.01143	0.00376	0.00933	0.01241	0.01143	0.01798
26	0.02335	0.02501	0.08750	0.01959	0.02958	0.01795	0.01768	0.02912	0.02289	0.03576	0.01960	0.02350	0.01622	0.00955	0.01097	0.00216	0.05660	0.00713	0.00629	0.53954
27	0.01381	0.01142	0.01210	0.01193	0.01551	0.00972	0.00895	0.01713	0.02685	0.03323	0.19355	0.10366	0.44837	0.02745	0.01330	0.00375	0.00563	0.02310	0.01082	0.00972
28	0.02657	0.03036	0.06641	0.04744	0.05882	0.02846	0.49336	0.03605	0.02657	0.03605	0.02277	0.03036	0.01708	0.00949	0.01328	0.00380	0.01898	0.01328	0.00569	0.01518
29	0.03251	0.02467	0.08098	0.26809	0.05274	0.02348	0.02596	0.07454	0.06640	0.19196	0.03008	0.03267	0.02071	0.01250	0.01123	0.00363	0.01282	0.01047	0.00869	0.01586
30	0.03277	0.04159	0.31682	0.03153	0.08938	0.02287	0.03221	0.04219	0.02688	0.21128	0.02868	0.02921	0.01932	0.01175	0.01095	0.00351	0.01387	0.00953	0.00801	0.01762
31	0.02314	0.01166	0.01318	0.01232	0.01562	0.01118	0.00941	0.02830	0.02631	0.09758	0.14267	0.05057	0.04528	0.01532	0.00940	0.00291	0.00573	0.01269	0.45524	0.01147
32	0.01421	0.01018	0.01351	0.01533	0.01644	0.00948	0.01049	0.01693	0.02388	0.03243	0.16725	0.48134	0.08161	0.03250	0.01412	0.00434	0.00625	0.02937	0.01089	0.00948
33	0.02491	0.02914	0.08645	0.02353	0.02957	0.10340	0.02037	0.02938	0.02282	0.03141	0.02493	0.11416	0.02472	0.01633	0.01729	0.00338	0.16068	0.01179	0.00646	0.21927
34	0.03177	0.01973	0.02537	0.07934	0.03292	0.01659	0.01633	0.03684	0.02608	0.19696	0.02779	0.02885	0.02006	0.01044	0.00961	0.00247	0.00946	0.00852	0.00880	0.39208
35	0.04670	0.01831	0.02490	0.01938	0.02742	0.01589	0.01589	0.05116	0.03218	0.48744	0.09756	0.04334	0.03647	0.01493	0.01153	0.00349	0.00911	0.01231	0.01376	0.01822
36	0.01676	0.01344	0.01529	0.01493	0.01861	0.01288	0.01158	0.02478	0.09763	0.03774	0.22702	0.09332	0.27595	0.02518	0.01328	0.00387	0.00655	0.06887	0.01119	0.01114
37	0.02386	0.02266	0.03846	0.37718	0.25741	0.02569	0.03255	0.03104	0.02374	0.03191	0.02046	0.02916	0.01612	0.01077	0.01121	0.00359	0.01436	0.01001	0.00523	0.01460
38	0.28949	0.32529	0.03928	0.01757	0.02607	0.03440	0.01623	0.03538	0.02225	0.08274	0.01827	0.01998	0.01477	0.01034	0.00749	0.00293	0.01050	0.00653	0.00649	0.01398
39	0.09829	0.02069	0.03400	0.38698	0.06285	0.02413	0.08351	0.02954	0.02298	0.03270	0.02419	0.03934	0.02040	0.01313	0.01147	0.00388	0.01425	0.05922	0.00590	0.01256
40	0.01966	0.01499	0.02230	0.23717	0.04158	0.01702	0.02003	0.02570	0.02403	0.03410	0.07929	0.05985	0.03823	0.02232	0.05088	0.00482	0.01200	0.10942	0.15539	0.01124
41	0.03009	0.61122	0.05898	0.01926	0.02889	0.04454	0.01926	0.03370	0.02287	0.02648	0.01565	0.01805	0.01444	0.00963	0.00722	0.00241	0.01204	0.00602	0.00481	0.01444
42	0.01450	0.01127	0.01318	0.01308	0.01603	0.00995	0.00966	0.01832	0.02791	0.03666	0.28933	0.15142	0.29462	0.02685	0.01341	0.00377	0.00562	0.02317	0.01130	0.00995
43	0.01361	0.01123	0.01195	0.01217	0.01549	0.00957	0.00897	0.01660	0.02579	0.03166	0.14861	0.16254	0.43545	0.02875	0.01342	0.00386	0.00576	0.02438	0.01064	0.00957
44	0.68395	0.02177	0.01654	0.01480	0.02177	0.02525	0.01219	0.03309	0.01915	0.05050	0.01567	0.01828	0.01219	0.01045	0.00697	0.00348	0.00871	0.00609	0.00697	0.01219
45	0.05050	0.01915	0.02612	0.02003	0.02873	0.01654	0.01654	0.05485	0.03221	0.54203	0.04440	0.03831	0.02786	0.01393	0.01132	0.00348	0.00958	0.01132	0.01393	0.01915
46	0.05050	0.01915	0.02612	0.02003	0.02873	0.01654	0.01654	0.05485	0.03221	0.54203	0.04440	0.03831	0.02786	0.01393	0.01132	0.00348	0.00958	0.01132	0.01393	0.01915
47	0.02557	0.03734	0.18657	0.04359	0.05629	0.02788	0.38020	0.03595	0.02586	0.03595	0.02213	0.02871	0.01637	0.00979	0.01263	0.00374	0.01839	0.01204	0.00546	0.01554
48	0.02800	0.02418	0.02545	0.02291	0.02927	0.02800	0.01782	0.05981	0.51390	0.04708	0.04581	0.04199	0.03436	0.01527	0.01145	0.00382	0.00891	0.01273	0.01145	0.01782
49	0.68395	0.02177	0.01654	0.01480	0.02177	0.02525	0.01219	0.03309	0.01915	0.05050	0.01567	0.01828	0.01219	0.01045	0.00697	0.00348	0.00871	0.00609	0.00697	0.01219
50	0.04279	0.03153	0.03378	0.02590	0.03490	0.03490	0.02139	0.49671	0.05292	0.07093	0.02702	0.02702	0.01914	0.01351	0.01126	0.00338	0.01239	0.01013	0.01126	0.01914
51	0.68395	0.02177	0.01654	0.01480	0.02177	0.02525	0.01219	0.03309	0.01915	0.05050	0.01567	0.01828	0.01219	0.01045	0.00697	0.00348	0.00871	0.00609	0.00697	0.01219
52	0.02786	0.02674	0.04568	0.06908	0.53424	0.02674	0.03454	0.03454	0.02563	0.03677	0.02117	0.02786	0.01783	0.01003	0.01114	0.00334	0.01337	0.01003	0.00557	0.01783
53	0.02800	0.02418	0.02545	0.02291	0.02927	0.02800	0.01782	0.05981	0.51390	0.04708	0.04581	0.04199	0.03436	0.01527	0.01145	0.00382	0.00891	0.01273	0.01145	0.01782
54	0.01371	0.00979	0.01306	0.01567	0.01632	0.00914	0.01045	0.01567	0.02155	0.02873	0.06203	0.59710	0.07444	0.03526	0.01437	0.00457	0.00653	0.03200	0.01045	0.00914
55	0.05050	0.01915	0.02612	0.02003	0.02873	0.01654	0.01654	0.05485	0.03221	0.54203	0.04440	0.03831	0.02786	0.01393	0.01132	0.00348	0.00958	0.01132	0.01393	0.01915
56	0.01637	0.01091	0.01228	0.01228	0.01228	0.01091	0.00682	0.01637	0.01637	0.02182	0.03546	0.07365	0.04092	0.60445	0.05729	0.01091	0.01091	0.01637	0.00682	0.00682
57	0.59310	0.02139	0.01792	0.01555	0.02277	0.02400	0.01281	0.03621	0.02103	0.12099	0.01979	0.02116	0.01444	0.01095	0.00759	0.00348	0.00883	0.00684	0.00796	0.01319
58	0.01366	0.00999	0.01286	0.01516	0.01619	0.00919	0.01022	0.01573	0.02205	0.02893	0.06832	0.53797	0.12951	0.03444	0.01424	0.00448	0.00643	0.03100	0.01045	0.00919
59	0.02334	0.02001	0.02334	0.01667	0.02667	0.01500	0.01334	0.02834	0.02334	0.03668	0.02001	0.02334	0.01667	0.00834	0.00834	0.00167	0.00834	0.00667	0.00667	0.67325
60	0.01362	0.01141	0.01184	0.01174	0.01540	0.00964	0.00880	0.01677	0.02641	0.03219	0.16414	0.10539	0.47844	0.02784	0.01330	0.00377	0.00565	0.02334	0.01069	0.00964
61	0.01475	0.01066	0.01365	0.01564	0.01691	0.01006	0.01112	0.01713	0.02215	0.02895	0.06442	0.39589	0.12143	0.10262	0.01964	0.00535	0.00763	0.10289	0.00999	0.00911
62	0.02549	0.03178	0.11191	0.04003	0.04844	0.03009	0.29349	0.03318	0.02330	0.03318	0.01996	0.02779	0.01603	0.01284	0.02043	0.00412	0.19652	0.01163	0.00534	0.01445
63	0.01911	0.01674	0.02681	0.30664	0.09459	0.01900	0.02326	0.02473	0.02365	0.03146	0.09331	0.19432	0.04285	0.01925	0.01235	0.00392	0.01132	0.01738	0.00746	0.01182
64	0.01491	0.01139	0.01575	0.01996	0.06108	0.01069	0.01239	0.01734	0.02222	0.02956	0.06257	0.50948	0.10524	0.03255	0.01400	0.00440	0.00706	0.02945	0.01003	0.00992
65	0.07552	0.01199	0.01504	0.01649	0.01861	0.01158	0.01191	0.02149	0.02274	0.07770	0.05618	0.45017	0.06388	0.03077	0.01356	0.00444	0.00737	0.06968	0.01045	0.01043

[dist]
# distance from previous block
# <min> <max>
4	100

[block]
# block no. 1 follows, 11 sequences, length 57
# corresponding to MSA columns:
# 620-676
name=unknown_B
#
# <colnr> <probs for GDERKNQSTAVLIFYWHMCP>
#	G	D	E	R	K	N	Q	S	T	A	V	L	I	F	Y	W	H	M	C	P
0	0.21197	0.12443	0.03479	0.13168	0.12994	0.02872	0.02227	0.07240	0.02565	0.09008	0.02126	0.02489	0.01626	0.01097	0.00936	0.00331	0.01170	0.00838	0.00701	0.01493
1	0.02847	0.01755	0.02362	0.02254	0.06989	0.01685	0.01602	0.03300	0.02649	0.16596	0.11872	0.08953	0.04111	0.01651	0.01378	0.00331	0.07063	0.01345	0.07963	0.13293
2	0.01371	0.00979	0.01306	0.01567	0.01632	0.00914	0.01045	0.01567	0.02155	0.02873	0.06203	0.59710	0.07444	0.03526	0.01437	0.00457	0.00653	0.03200	0.01045	0.00914
3	0.02196	0.02072	0.03502	0.52344	0.12600	0.02519	0.03161	0.02937	0.02284	0.02961	0.02013	0.02978	0.01530	0.01112	0.01124	0.00371	0.01483	0.01001	0.00506	0.01307
4	0.05050	0.01915	0.02612	0.02003	0.02873	0.01654	0.01654	0.05485	0.03221	0.54203	0.04440	0.03831	0.02786	0.01393	0.01132	0.00348	0.00958	0.01132	0.01393	0.01915
5	0.01371	0.00979	0.01306	0.01567	0.01632	0.00914	0.01045	0.01567	0.02155	0.02873	0.06203	0.59710	0.07444	0.03526	0.01437	0.00457	0.00653	0.03200	0.01045	0.00914
6	0.01356	0.01141	0.01176	0.01167	0.01536	0.00961	0.00876	0.01666	0.02627	0.03186	0.15502	0.10592	0.48775	0.02796	0.01330	0.00377	0.00566	0.02342	0.01064	0.00961
7	0.01474	0.01059	0.01398	0.01497	0.01655	0.00983	0.01053	0.01825	0.02633	0.03633	0.27812	0.35935	0.08916	0.02958	0.01386	0.00409	0.00596	0.02660	0.01135	0.00983
8	0.04320	0.01943	0.02459	0.01978	0.02746	0.01838	0.01604	0.05334	0.13154	0.39477	0.04401	0.03940	0.02930	0.01414	0.01104	0.00348	0.00905	0.01154	0.07142	0.01811
9	0.02334	0.02001	0.02334	0.01667	0.02667	0.01500	0.01334	0.02834	0.02334	0.03668	0.02001	0.02334	0.01667	0.00834	0.00834	0.00167	0.00834	0.00667	0.00667	0.67325
10	0.02800	0.02418	0.02545	0.02291	0.02927	0.02800	0.01782	0.05981	0.51390	0.04708	0.04581	0.04199	0.03436	0.01527	0.01145	0.00382	0.00891	0.01273	0.01145	0.01782
11	0.02126	0.02001	0.03376	0.57739	0.07752	0.02501	0.03126	0.02876	0.02251	0.02876	0.02001	0.03001	0.01500	0.01125	0.01125	0.00375	0.01500	0.01000	0.00500	0.01250
12	0.02257	0.05822	0.54613	0.03208	0.04871	0.02614	0.04158	0.03564	0.02376	0.03564	0.02020	0.02376	0.01426	0.01069	0.01069	0.00356	0.01663	0.00832	0.00475	0.01663
13	0.01371	0.00979	0.01306	0.01567	0.01632	0.00914	0.01045	0.01567	0.02155	0.02873	0.06203	0.59710	0.07444	0.03526	0.01437	0.00457	0.00653	0.03200	0.01045	0.00914
14	0.05050	0.01915	0.02612	0.02003	0.02873	0.01654	0.01654	0.05485	0.03221	0.54203	0.04440	0.03831	0.02786	0.01393	0.01132	0.00348	0.00958	0.01132	0.01393	0.01915
15	0.01514	0.01082	0.01470	0.01731	0.01859	0.01038	0.01293	0.01815	0.02296	0.03033	0.06125	0.44506	0.07132	0.03391	0.01475	0.00477	0.00777	0.16992	0.01042	0.00954
16	0.02657	0.03036	0.06641	0.04744	0.05882	0.02846	0.49336	0.03605	0.02657	0.03605	0.02277	0.03036	0.01708	0.00949	0.01328	0.00380	0.01898	0.01328	0.00569	0.01518
17	0.01593	0.01150	0.01504	0.01416	0.01681	0.01062	0.01062	0.02124	0.03186	0.04513	0.52830	0.08407	0.10620	0.02301	0.01327	0.00354	0.00531	0.02035	0.01239	0.01062
18	0.02865	0.01727	0.02226	0.01818	0.02353	0.01739	0.06275	0.11389	0.03006	0.10080	0.03435	0.03768	0.02577	0.01289	0.00942	0.00297	0.00844	0.01081	0.40942	0.01346
19	0.03411	0.08022	0.16623	0.03423	0.09509	0.02640	0.11951	0.08637	0.02963	0.17596	0.02769	0.02932	0.01939	0.01146	0.01120	0.00345	0.01404	0.01029	0.00817	0.01723
20	0.02435	0.01898	0.02651	0.02475	0.02674	0.02329	0.02099	0.02819	0.02251	0.08094	0.03730	0.07071	0.03793	0.02411	0.02505	0.00489	0.27631	0.20611	0.00819	0.01214
21	0.01448	0.01034	0.01393	0.01654	0.01753	0.00980	0.01177	0.01699	0.02230	0.02958	0.06161	0.51612	0.07278	0.03454	0.01457	0.00468	0.00719	0.10546	0.01043	0.00935
22	0.02963	0.02987	0.10087	0.13537	0.12962	0.02669	0.19560	0.08215	0.02864	0.09329	0.02454	0.02974	0.01791	0.01089	0.01191	0.00362	0.01549	0.01116	0.00690	0.01611
23	0.03992	0.08366	0.03248	0.08062	0.03504	0.02081	0.05424	0.04502	0.02970	0.34362	0.08501	0.03916	0.03198	0.01374	0.01121	0.00342	0.01072	0.01165	0.01121	0.01679
24	0.01521	0.01132	0.01415	0.01378	0.01646	0.01026	0.01021	0.01972	0.02966	0.04070	0.40320	0.13947	0.18376	0.02527	0.01339	0.00369	0.00551	0.02215	0.01183	0.01026
25	0.22258	0.01986	0.02352	0.01861	0.02684	0.01891	0.01536	0.04894	0.02867	0.40850	0.03660	0.03287	0.02360	0.01298	0.01014	0.00348	0.00934	0.00990	0.01204	0.01726
26	0.02221	0.02040	0.03305	0.20803	0.24975	0.02156	0.02660	0.02849	0.02575	0.03508	0.11826	0.04694	0.08780	0.01464	0.01178	0.00355	0.01165	0.01329	0.00710	0.01406
27	0.01931	0.01934	0.06851	0.01912	0.02462	0.01637	0.01654	0.02456	0.02270	0.03372	0.12393	0.04297	0.03813	0.03955	0.20886	0.00834	0.06225	0.01171	0.00726	0.19220
28	0.02766	0.01798	0.01961	0.01741	0.02247	0.01928	0.01358	0.07669	0.20428	0.09579	0.08232	0.04409	0.03665	0.01485	0.01023	0.00328	0.00755	0.01220	0.25941	0.01466
29	0.51872	0.06970	0.02495	0.02451	0.11061	0.02705	0.01660	0.03339	0.02057	0.04622	0.01662	0.01991	0.01334	0.01031	0.00771	0.00337	0.00978	0.00677	0.00655	0.01334
30	0.01474	0.01129	0.01352	0.01332	0.01618	0.01006	0.00985	0.01881	0.02852	0.03806	0.32884	0.14731	0.25611	0.02630	0.01340	0.00374	0.00558	0.02282	0.01148	0.01006
31	0.09004	0.21381	0.04070	0.18673	0.04349	0.02928	0.07204	0.02925	0.02142	0.02941	0.01837	0.02566	0.01553	0.01510	0.01520	0.11507	0.01296	0.00863	0.00519	0.01213
32	0.01564	0.01149	0.01465	0.01386	0.01664	0.01050	0.01040	0.02069	0.03119	0.04353	0.48329	0.08671	0.15220	0.02361	0.01328	0.00357	0.00535	0.02072	0.01218	0.01050
33	0.03038	0.01434	0.01861	0.01583	0.02086	0.01292	0.01247	0.03530	0.03058	0.23978	0.25354	0.05884	0.06210	0.01774	0.01158	0.00336	0.00698	0.01511	0.12574	0.01395
34	0.03147	0.01975	0.02417	0.01767	0.02729	0.01546	0.01430	0.03627	0.02599	0.18789	0.02731	0.02782	0.02002	0.01001	0.00923	0.00221	0.00871	0.00806	0.00884	0.47753
35	0.01444	0.01145	0.01299	0.01260	0.01590	0.00999	0.00945	0.01836	0.02835	0.03681	0.29409	0.09778	0.34560	0.02612	0.01329	0.00369	0.00553	0.02228	0.01129	0.00999
36	0.01593	0.01150	0.01504	0.01416	0.01681	0.01062	0.01062	0.02124	0.03186	0.04513	0.52830	0.08407	0.10620	0.02301	0.01327	0.00354	0.00531	0.02035	0.01239	0.01062
37	0.68395	0.02177	0.01654	0.01480	0.02177	0.02525	0.01219	0.03309	0.01915	0.05050	0.01567	0.01828	0.01219	0.01045	0.00697	0.00348	0.00871	0.00609	0.00697	0.01219
38	0.68395	0.02177	0.01654	0.01480	0.02177	0.02525	0.01219	0.03309	0.01915	0.05050	0.01567	0.01828	0.01219	0.01045	0.00697	0.00348	0.00871	0.00609	0.00697	0.01219
39	0.01550	0.01176	0.01467	0.01632	0.01897	0.01094	0.01312	0.01919	0.02496	0.03151	0.07996	0.21304	0.23650	0.03097	0.01449	0.00456	0.00790	0.21542	0.01041	0.00981
40	0.04507	0.02786	0.03151	0.02416	0.03307	0.02946	0.01995	0.36567	0.04678	0.21064	0.03218	0.03037	0.02173	0.01364	0.01128	0.00341	0.01155	0.01048	0.01205	0.01914
41	0.02789	0.07880	0.03472	0.03435	0.16994	0.02124	0.06339	0.03282	0.02579	0.12472	0.04109	0.12609	0.08231	0.01640	0.01147	0.00341	0.01075	0.01476	0.00839	0.07165
42	0.02148	0.02714	0.12614	0.02993	0.03871	0.02017	0.19529	0.02938	0.02693	0.03807	0.17165	0.09013	0.04701	0.01560	0.01250	0.00356	0.01269	0.01542	0.00794	0.07025
43	0.02786	0.02674	0.04568	0.06908	0.53424	0.02674	0.03454	0.03454	0.02563	0.03677	0.02117	0.02786	0.01783	0.01003	0.01114	0.00334	0.01337	0.01003	0.00557	0.01783
44	0.02657	0.03036	0.06641	0.04744	0.05882	0.02846	0.49336	0.03605	0.02657	0.03605	0.02277	0.03036	0.01708	0.00949	0.01328	0.00380	0.01898	0.01328	0.00569	0.01518
45	0.02775	0.05098	0.44982	0.02985	0.04501	0.02436	0.03695	0.03920	0.02533	0.12943	0.02468	0.02646	0.01678	0.01129	0.01081	0.00355	0.01533	0.00887	0.00645	0.01710
46	0.02126	0.02001	0.03376	0.57739	0.07752	0.02501	0.03126	0.02876	0.02251	0.02876	0.02001	0.03001	0.01500	0.01125	0.01125	0.00375	0.01500	0.01000	0.00500	0.01250
47	0.01532	0.01216	0.01894	0.01888	0.02089	0.01135	0.06173	0.01844	0.02320	0.03129	0.10852	0.48121	0.07180	0.03119	0.01413	0.00438	0.00772	0.02875	0.01015	0.00994
48	0.01371	0.00979	0.01306	0.01567	0.01632	0.00914	0.01045	0.01567	0.02155	0.02873	0.06203	0.59710	0.07444	0.03526	0.01437	0.00457	0.00653	0.03200	0.01045	0.00914
49	0.08930	0.02829	0.03142	0.12611	0.13091	0.11679	0.02316	0.11904	0.03184	0.09213	0.07704	0.03295	0.02690	0.01294	0.01090	0.00339	0.01303	0.01045	0.00821	0.01521
50	0.08670	0.02208	0.03496	0.32030	0.20272	0.02470	0.02903	0.03345	0.02409	0.08401	0.02237	0.02912	0.01686	0.01108	0.01083	0.00358	0.01341	0.00978	0.00623	0.01471
51	0.02169	0.02051	0.03508	0.33219	0.09929	0.02377	0.07813	0.02822	0.02299	0.03052	0.02734	0.08989	0.02530	0.01560	0.01421	0.00402	0.06024	0.05220	0.00609	0.01273
52	0.02334	0.02001	0.02334	0.01667	0.02667	0.01500	0.01334	0.02834	0.02334	0.03668	0.02001	0.02334	0.01667	0.00834	0.00834	0.00167	0.00834	0.00667	0.00667	0.67325
53	0.03256	0.04426	0.36025	0.02777	0.04157	0.02271	0.03263	0.04251	0.02678	0.21666	0.02885	0.02896	0.01912	0.01185	0.01092	0.00354	0.01411	0.00939	0.00803	0.01754
54	0.01471	0.01146	0.01335	0.01287	0.01606	0.01010	0.00966	0.01887	0.02897	0.03827	0.33521	0.09537	0.30357	0.02557	0.01329	0.00366	0.00549	0.02194	0.01149	0.01010
55	0.01476	0.01130	0.01353	0.01331	0.01618	0.01007	0.00985	0.01885	0.02859	0.03818	0.33211	0.14372	0.25634	0.02621	0.01339	0.00374	0.00557	0.02274	0.01150	0.01007
56	0.01593	0.01150	0.01504	0.01416	0.01681	0.01062	0.01062	0.02124	0.03186	0.04513	0.52830	0.08407	0.10620	0.02301	0.01327	0.00354	0.00531	0.02035	0.01239	0.01062

[dist]
# distance from previous block
# <min> <max>
0	30

[block]
# block no. 2 follows, 11 sequences, length 10
# corresponding to MSA columns:
# 707-716
name=unknown_C
#
# <colnr> <probs for GDERKNQSTAVLIFYWHMCP>
#	G	D	E	R	K	N	Q	S	T	A	V	L	I	F	Y	W	H	M	C	P
0	0.14404	0.01954	0.02471	0.01925	0.02770	0.01783	0.01590	0.05164	0.03029	0.46944	0.04016	0.03535	0.02555	0.01342	0.01068	0.00348	0.00945	0.01055	0.01290	0.01813
1	0.02800	0.02418	0.02545	0.02291	0.02927	0.02800	0.01782	0.05981	0.51390	0.04708	0.04581	0.04199	0.03436	0.01527	0.01145	0.00382	0.00891	0.01273	0.01145	0.01782
2	0.02334	0.02001	0.02334	0.01667	0.02667	0.01500	0.01334	0.02834	0.02334	0.03668	0.02001	0.02334	0.01667	0.00834	0.00834	0.00167	0.00834	0.00667	0.00667	0.67325
3	0.68395	0.02177	0.01654	0.01480	0.02177	0.02525	0.01219	0.03309	0.01915	0.05050	0.01567	0.01828	0.01219	0.01045	0.00697	0.00348	0.00871	0.00609	0.00697	0.01219
4	0.02126	0.02001	0.03376	0.57739	0.07752	0.02501	0.03126	0.02876	0.02251	0.02876	0.02001	0.03001	0.01500	0.01125	0.01125	0.00375	0.01500	0.01000	0.00500	0.01250
5	0.01430	0.01021	0.01373	0.01634	0.01725	0.00965	0.01147	0.01669	0.02213	0.02939	0.06171	0.53472	0.07316	0.03471	0.01452	0.00465	0.00704	0.08858	0.01044	0.00930
6	0.01955	0.00978	0.01466	0.01466	0.01466	0.00978	0.00978	0.01466	0.01466	0.01955	0.01955	0.03421	0.01955	0.03910	0.04399	0.67253	0.00978	0.00978	0.00489	0.00489
7	0.02607	0.31555	0.31944	0.02611	0.03949	0.03470	0.03120	0.03474	0.02335	0.03138	0.01808	0.02111	0.01434	0.01020	0.00908	0.00303	0.01449	0.00725	0.00478	0.01561
8	0.01719	0.01322	0.01608	0.01704	0.01925	0.01351	0.01210	0.02622	0.13156	0.03520	0.12732	0.39902	0.07030	0.02905	0.01356	0.00425	0.00687	0.02603	0.01096	0.01127
9	0.01723	0.01266	0.01687	0.01898	0.02180	0.01231	0.01634	0.02197	0.02586	0.03307	0.06980	0.12346	0.15198	0.03061	0.01513	0.00492	0.00949	0.37694	0.01038	0.01020

[dist]
# distance from previous block
# <min> <max>
3	11

[block]
# block no. 3 follows, 11 sequences, length 34
# corresponding to MSA columns:
# 728-761
name=unknown_D
#
# <colnr> <probs for GDERKNQSTAVLIFYWHMCP>
#	G	D	E	R	K	N	Q	S	T	A	V	L	I	F	Y	W	H	M	C	P
0	0.03179	0.08697	0.07862	0.02770	0.03318	0.02977	0.06117	0.03628	0.02292	0.16005	0.02352	0.02784	0.01823	0.01564	0.02330	0.00410	0.28681	0.00998	0.00726	0.01486
1	0.03822	0.03119	0.14327	0.02871	0.08646	0.02349	0.02465	0.14067	0.03339	0.23795	0.03104	0.03044	0.02109	0.01228	0.01091	0.00332	0.01201	0.00990	0.00991	0.07110
2	0.02747	0.02402	0.03356	0.02850	0.02946	0.03250	0.02374	0.03014	0.01888	0.08373	0.01803	0.02613	0.01621	0.01907	0.03412	0.00477	0.52068	0.01001	0.00592	0.01306
3	0.01453	0.01029	0.01332	0.01488	0.01582	0.00968	0.00995	0.01684	0.02275	0.03084	0.14702	0.42233	0.07557	0.11661	0.02047	0.00531	0.00694	0.02748	0.01028	0.00908
4	0.02978	0.01945	0.02203	0.01936	0.02514	0.02077	0.01515	0.04859	0.27998	0.14536	0.11523	0.04744	0.04287	0.01585	0.01121	0.00355	0.00802	0.01326	0.10093	0.01603
5	0.03039	0.28116	0.13757	0.10924	0.04142	0.03588	0.02567	0.14386	0.03015	0.03911	0.01986	0.02308	0.01562	0.01100	0.00944	0.00306	0.01341	0.00803	0.00637	0.01566
6	0.01400	0.00992	0.01297	0.01530	0.01588	0.00934	0.01005	0.01575	0.02098	0.02797	0.05911	0.53953	0.07075	0.09787	0.01909	0.00527	0.00701	0.03028	0.01005	0.00889
7	0.28721	0.07565	0.08269	0.02263	0.03132	0.02913	0.05369	0.10826	0.12473	0.04833	0.02440	0.02578	0.01843	0.01176	0.00938	0.00348	0.01114	0.00878	0.00801	0.01522
8	0.17038	0.02114	0.02879	0.24623	0.04712	0.02539	0.02315	0.03410	0.02250	0.12636	0.02247	0.02792	0.01669	0.01324	0.01542	0.00388	0.12519	0.00937	0.00703	0.01361
9	0.01371	0.00979	0.01306	0.01567	0.01632	0.00914	0.01045	0.01567	0.02155	0.02873	0.06203	0.59710	0.07444	0.03526	0.01437	0.00457	0.00653	0.03200	0.01045	0.00914
10	0.03670	0.03005	0.03277	0.14113	0.04322	0.07223	0.02311	0.31919	0.09256	0.05633	0.02676	0.02868	0.01949	0.01307	0.01119	0.00346	0.01318	0.01015	0.00955	0.01715
11	0.02099	0.01203	0.01415	0.01333	0.01451	0.01167	0.00814	0.02158	0.01852	0.09233	0.03668	0.06886	0.03915	0.52441	0.05106	0.00990	0.01073	0.01568	0.00778	0.00849
12	0.01420	0.01000	0.01292	0.01505	0.01559	0.00946	0.00979	0.01580	0.02061	0.02748	0.05721	0.50201	0.06835	0.13866	0.02216	0.00572	0.00733	0.02916	0.00979	0.00872
13	0.01718	0.01281	0.01612	0.01506	0.01810	0.01241	0.01136	0.02522	0.08164	0.04534	0.47847	0.07973	0.09878	0.02221	0.01309	0.00357	0.00568	0.01957	0.01229	0.01136
14	0.01359	0.01026	0.01258	0.01443	0.01600	0.00925	0.00990	0.01581	0.02274	0.02922	0.07710	0.45549	0.20633	0.03330	0.01406	0.00435	0.00629	0.02961	0.01045	0.00925
15	0.03009	0.61122	0.05898	0.01926	0.02889	0.04454	0.01926	0.03370	0.02287	0.02648	0.01565	0.01805	0.01444	0.00963	0.00722	0.00241	0.01204	0.00602	0.00481	0.01444
16	0.02257	0.05822	0.54613	0.03208	0.04871	0.02614	0.04158	0.03564	0.02376	0.03564	0.02020	0.02376	0.01426	0.01069	0.01069	0.00356	0.01663	0.00832	0.00475	0.01663
17	0.05050	0.01915	0.02612	0.02003	0.02873	0.01654	0.01654	0.05485	0.03221	0.54203	0.04440	0.03831	0.02786	0.01393	0.01132	0.00348	0.00958	0.01132	0.01393	0.01915
18	0.03009	0.61122	0.05898	0.01926	0.02889	0.04454	0.01926	0.03370	0.02287	0.02648	0.01565	0.01805	0.01444	0.00963	0.00722	0.00241	0.01204	0.00602	0.00481	0.01444
19	0.02469	0.02209	0.03469	0.46311	0.10727	0.02648	0.03018	0.09263	0.02687	0.03510	0.02105	0.02944	0.01578	0.01146	0.01125	0.00367	0.01452	0.01002	0.00589	0.01382
20	0.01814	0.01296	0.01814	0.02073	0.02332	0.01296	0.01814	0.02332	0.02591	0.03368	0.05959	0.12696	0.06478	0.03109	0.01555	0.00518	0.01036	0.45848	0.01036	0.01036
21	0.01564	0.01149	0.01464	0.01386	0.01664	0.01050	0.01039	0.02068	0.03118	0.04351	0.48273	0.08674	0.15278	0.02361	0.01328	0.00357	0.00535	0.02073	0.01218	0.01050
22	0.02701	0.03563	0.20949	0.03558	0.04714	0.02418	0.22625	0.03645	0.02625	0.09635	0.02953	0.04228	0.02393	0.01334	0.01252	0.00387	0.01593	0.07179	0.00701	0.01547
23	0.02383	0.02448	0.04647	0.27219	0.06254	0.02515	0.22869	0.03186	0.02437	0.03299	0.02120	0.02926	0.01613	0.01009	0.01174	0.00349	0.01582	0.01097	0.00553	0.10321
24	0.68395	0.02177	0.01654	0.01480	0.02177	0.02525	0.01219	0.03309	0.01915	0.05050	0.01567	0.01828	0.01219	0.01045	0.00697	0.00348	0.00871	0.00609	0.00697	0.01219
25	0.02417	0.02400	0.03438	0.10380	0.03605	0.03319	0.02552	0.02731	0.01795	0.02731	0.01548	0.02535	0.01481	0.01855	0.03346	0.00477	0.50675	0.00987	0.00494	0.01234
26	0.01629	0.01123	0.01387	0.01387	0.01442	0.01178	0.00881	0.01739	0.01684	0.02300	0.03401	0.06558	0.03741	0.46183	0.19512	0.01288	0.01619	0.01519	0.00660	0.00771
27	0.08102	0.02441	0.04084	0.08457	0.20620	0.02457	0.13339	0.06709	0.02835	0.07632	0.09180	0.03613	0.02976	0.01231	0.01162	0.00353	0.01299	0.01196	0.00759	0.01556
28	0.02305	0.05487	0.48854	0.03392	0.04993	0.02642	0.09582	0.03569	0.02410	0.03569	0.02051	0.02455	0.01460	0.01055	0.01100	0.00359	0.01692	0.00891	0.00487	0.01646
29	0.01526	0.01226	0.01947	0.01949	0.02143	0.01146	0.06842	0.01812	0.02215	0.02961	0.05732	0.52906	0.06755	0.03217	0.01424	0.00448	0.00802	0.02975	0.00988	0.00987
30	0.03334	0.03242	0.08935	0.03402	0.10496	0.06980	0.08067	0.15032	0.16079	0.08207	0.03042	0.03140	0.02245	0.01261	0.01140	0.00353	0.01325	0.01085	0.00896	0.01741
31	0.08787	0.07646	0.03614	0.02632	0.03452	0.10770	0.07614	0.26697	0.03944	0.05317	0.02415	0.02629	0.01811	0.01219	0.01043	0.00323	0.01343	0.00950	0.06174	0.01619
32	0.01517	0.01369	0.01838	0.01601	0.02061	0.01189	0.06697	0.01907	0.02640	0.03260	0.14585	0.09646	0.42440	0.02565	0.01330	0.00377	0.00725	0.02215	0.01008	0.01030
33	0.01834	0.01394	0.02007	0.01779	0.02201	0.01241	0.06812	0.02223	0.02618	0.07387	0.14155	0.20342	0.26475	0.02587	0.01338	0.00392	0.00775	0.02295	0.01042	0.01103

[dist]
# distance from previous block
# <min> <max>
2	158

[block]
# block no. 4 follows, 11 sequences, length 9
# corresponding to MSA columns:
# 995-1003
name=unknown_E
#
# <colnr> <probs for GDERKNQSTAVLIFYWHMCP>
#	G	D	E	R	K	N	Q	S	T	A	V	L	I	F	Y	W	H	M	C	P
0	0.01952	0.01562	0.01906	0.01538	0.02159	0.01274	0.01194	0.02468	0.02773	0.04103	0.28194	0.05464	0.06281	0.01590	0.01088	0.00263	0.00678	0.01372	0.00962	0.33178
1	0.02803	0.02394	0.03855	0.09811	0.36600	0.02443	0.02927	0.03653	0.07081	0.07787	0.02862	0.07691	0.02460	0.01301	0.01146	0.00353	0.01222	0.01218	0.00716	0.01679
2	0.01487	0.01111	0.01397	0.01509	0.01730	0.01020	0.01127	0.01838	0.02576	0.03396	0.18883	0.27894	0.18929	0.02997	0.01403	0.00423	0.00665	0.09547	0.01091	0.00979
3	0.01707	0.01128	0.01402	0.01333	0.01598	0.01059	0.01000	0.02236	0.03000	0.04442	0.41747	0.07458	0.08876	0.02078	0.01206	0.00333	0.00530	0.01813	0.15995	0.01059
4	0.03009	0.61122	0.05898	0.01926	0.02889	0.04454	0.01926	0.03370	0.02287	0.02648	0.01565	0.01805	0.01444	0.00963	0.00722	0.00241	0.01204	0.00602	0.00481	0.01444
5	0.01421	0.01018	0.01351	0.01533	0.01644	0.00948	0.01049	0.01693	0.02387	0.03243	0.16715	0.48144	0.08160	0.03250	0.01412	0.00434	0.00625	0.02937	0.01089	0.00948
6	0.03133	0.02583	0.02733	0.02358	0.03054	0.02955	0.01862	0.15830	0.40998	0.05246	0.04157	0.03862	0.03093	0.01487	0.01141	0.00372	0.00969	0.01214	0.01141	0.01811
7	0.02976	0.23273	0.03806	0.02052	0.02932	0.03171	0.01776	0.10658	0.15247	0.04070	0.02606	0.02675	0.02075	0.01132	0.00916	0.00273	0.01039	0.00849	0.00790	0.17686
8	0.03034	0.03382	0.15722	0.03345	0.08057	0.02674	0.12534	0.14177	0.07730	0.08403	0.03414	0.03582	0.06044	0.01312	0.01173	0.00359	0.01377	0.01179	0.00828	0.01672

[dist]
# distance from previous block
# <min> <max>
0	22

[block]
# block no. 5 follows, 11 sequences, length 11
# corresponding to MSA columns:
# 1026-1036
name=unknown_F
#
# <colnr> <probs for GDERKNQSTAVLIFYWHMCP>
#	G	D	E	R	K	N	Q	S	T	A	V	L	I	F	Y	W	H	M	C	P
0	0.17993	0.02233	0.03298	0.30164	0.10087	0.02579	0.06704	0.03366	0.06495	0.03689	0.02157	0.02810	0.01646	0.01114	0.01042	0.00366	0.01319	0.00961	0.00614	0.01362
1	0.02976	0.02376	0.03770	0.17253	0.21699	0.02509	0.06365	0.04107	0.11482	0.11604	0.02915	0.03278	0.02168	0.01184	0.01142	0.00358	0.01279	0.01097	0.00783	0.01656
2	0.01483	0.01066	0.01406	0.01491	0.01657	0.00989	0.01053	0.01848	0.02674	0.03699	0.29685	0.33874	0.09043	0.02909	0.01382	0.00405	0.00592	0.02613	0.01143	0.00989
3	0.05050	0.01915	0.02612	0.02003	0.02873	0.01654	0.01654	0.05485	0.03221	0.54203	0.04440	0.03831	0.02786	0.01393	0.01132	0.00348	0.00958	0.01132	0.01393	0.01915
4	0.03289	0.21950	0.09341	0.03563	0.16480	0.03504	0.02605	0.18321	0.03335	0.04435	0.02118	0.02404	0.01682	0.01108	0.00988	0.00307	0.01293	0.00861	0.00708	0.01705
5	0.13959	0.02550	0.03500	0.17019	0.21517	0.02812	0.02674	0.14843	0.03062	0.04569	0.02144	0.02656	0.01654	0.01126	0.01050	0.00347	0.01273	0.00939	0.00709	0.01595
6	0.02169	0.01285	0.01645	0.01477	0.01869	0.01150	0.01135	0.02644	0.03095	0.13155	0.37682	0.07971	0.15872	0.02225	0.01293	0.00357	0.00613	0.01928	0.01236	0.01197
7	0.03125	0.02621	0.10983	0.12228	0.03969	0.02269	0.02354	0.04252	0.11622	0.18815	0.07882	0.03825	0.03073	0.01453	0.01363	0.00374	0.06092	0.01158	0.00950	0.01593
8	0.02618	0.05345	0.45464	0.03098	0.04625	0.02770	0.03798	0.11798	0.02897	0.04195	0.02142	0.02434	0.01513	0.01120	0.01079	0.00353	0.01588	0.00864	0.00591	0.01708
9	0.04065	0.02275	0.02705	0.02175	0.02914	0.02304	0.01752	0.23594	0.03912	0.24984	0.04015	0.13329	0.03247	0.01756	0.01184	0.00363	0.01023	0.01451	0.01217	0.01736
10	0.03405	0.02027	0.02714	0.02217	0.02840	0.02026	0.05379	0.15484	0.03265	0.19754	0.03925	0.13789	0.03411	0.07078	0.06747	0.00564	0.01256	0.01533	0.01065	0.01521

[dist]
# distance from previous block
# <min> <max>
0	3

[block]
# block no. 6 follows, 11 sequences, length 22
# corresponding to MSA columns:
# 1040-1061
name=unknown_G
#
# <colnr> <probs for GDERKNQSTAVLIFYWHMCP>
#	G	D	E	R	K	N	Q	S	T	A	V	L	I	F	Y	W	H	M	C	P
0	0.01794	0.01135	0.01474	0.01528	0.01759	0.01032	0.01092	0.02114	0.02580	0.08458	0.19133	0.35461	0.12319	0.02916	0.01366	0.00411	0.00642	0.02598	0.01132	0.01058
1	0.02748	0.04430	0.30482	0.03052	0.04274	0.06899	0.08020	0.03672	0.02486	0.08181	0.02198	0.02557	0.01614	0.01156	0.01321	0.00346	0.06905	0.00901	0.00600	0.08158
2	0.02026	0.01042	0.01075	0.01101	0.01343	0.01036	0.00813	0.02517	0.02340	0.04064	0.03924	0.09739	0.03340	0.01532	0.00852	0.00282	0.00537	0.01264	0.60138	0.01036
3	0.08841	0.02209	0.02321	0.02114	0.02679	0.02502	0.01631	0.09295	0.33251	0.04647	0.04404	0.13858	0.03800	0.01825	0.01154	0.00388	0.00881	0.01533	0.01083	0.01585
4	0.02486	0.22632	0.39804	0.02818	0.04269	0.03173	0.03480	0.03505	0.02349	0.03286	0.01882	0.02203	0.01431	0.01037	0.00964	0.00321	0.01524	0.00762	0.00477	0.01597
5	0.03149	0.34012	0.15010	0.02287	0.03351	0.03589	0.02364	0.08179	0.06713	0.08258	0.02282	0.02393	0.01774	0.01108	0.00904	0.00295	0.01252	0.00792	0.00681	0.01605
6	0.02605	0.12604	0.38333	0.03118	0.04560	0.02970	0.07890	0.08340	0.02694	0.03814	0.02055	0.02397	0.01505	0.01073	0.01054	0.00341	0.01580	0.00867	0.00553	0.01647
7	0.02126	0.02001	0.03376	0.57739	0.07752	0.02501	0.03126	0.02876	0.02251	0.02876	0.02001	0.03001	0.01500	0.01125	0.01125	0.00375	0.01500	0.01000	0.00500	0.01250
8	0.02935	0.55677	0.10694	0.02052	0.03084	0.04272	0.02146	0.03389	0.02296	0.02738	0.01610	0.01862	0.01443	0.00973	0.00756	0.00252	0.01249	0.00624	0.00481	0.01466
9	0.03555	0.03445	0.21836	0.02465	0.03570	0.02191	0.02583	0.10275	0.03179	0.24062	0.08350	0.03620	0.02983	0.01362	0.01128	0.00350	0.01212	0.01099	0.01002	0.01733
10	0.01980	0.01371	0.02099	0.01920	0.02264	0.01269	0.06190	0.02424	0.02724	0.08645	0.22854	0.26059	0.07496	0.02566	0.01363	0.00404	0.00794	0.05339	0.01101	0.01139
11	0.01554	0.01163	0.01464	0.01660	0.01798	0.01155	0.01139	0.02131	0.08441	0.03107	0.05996	0.52623	0.06932	0.03271	0.01399	0.00447	0.00683	0.02954	0.01058	0.01025
12	0.01578	0.01177	0.01745	0.01778	0.01962	0.01344	0.01361	0.01953	0.01853	0.02646	0.03422	0.11480	0.03405	0.07814	0.49020	0.01636	0.02713	0.01460	0.00659	0.00993
13	0.01848	0.01385	0.01933	0.01850	0.02030	0.01678	0.01461	0.02248	0.01904	0.02942	0.02887	0.04049	0.02604	0.05947	0.36307	0.01282	0.11795	0.01138	0.13660	0.01052
14	0.01364	0.01006	0.01278	0.01496	0.01614	0.00920	0.01013	0.01575	0.02224	0.02901	0.07074	0.51525	0.15068	0.03413	0.01419	0.00444	0.00639	0.03062	0.01045	0.00920
15	0.01367	0.00995	0.01290	0.01527	0.01622	0.00918	0.01027	0.01572	0.02194	0.02889	0.06693	0.55111	0.11727	0.03463	0.01427	0.00450	0.00645	0.03122	0.01045	0.00918
16	0.04535	0.02458	0.03295	0.02490	0.03399	0.02411	0.06783	0.20508	0.03876	0.32712	0.03617	0.03359	0.02374	0.01332	0.01150	0.00348	0.01152	0.01111	0.01215	0.01874
17	0.03402	0.02308	0.04058	0.09108	0.13570	0.02204	0.15035	0.04060	0.02846	0.21832	0.07155	0.03713	0.02822	0.01247	0.01197	0.00357	0.01303	0.01222	0.00912	0.01647
18	0.02461	0.02794	0.08029	0.03125	0.03360	0.03327	0.06501	0.02855	0.01856	0.02855	0.01590	0.02503	0.01492	0.01809	0.03276	0.00472	0.48905	0.01001	0.00497	0.01292
19	0.02681	0.01990	0.02369	0.01710	0.02694	0.01520	0.01375	0.03173	0.02447	0.10119	0.02312	0.02525	0.01810	0.00905	0.00872	0.00190	0.00849	0.00726	0.00760	0.58974
20	0.68395	0.02177	0.01654	0.01480	0.02177	0.02525	0.01219	0.03309	0.01915	0.05050	0.01567	0.01828	0.01219	0.01045	0.00697	0.00348	0.00871	0.00609	0.00697	0.01219
21	0.02042	0.01822	0.02975	0.34473	0.11840	0.02098	0.02646	0.02658	0.02319	0.03043	0.03243	0.13754	0.03191	0.01774	0.01233	0.00403	0.01276	0.07307	0.00670	0.01234

[dist]
# distance from previous block
# <min> <max>
0	1

[block]
# block no. 7 follows, 11 sequences, length 47
# corresponding to MSA columns:
# 1063-1109
name=unknown_H
#
# <colnr> <probs for GDERKNQSTAVLIFYWHMCP>
#	G	D	E	R	K	N	Q	S	T	A	V	L	I	F	Y	W	H	M	C	P
0	0.02917	0.02214	0.02442	0.02133	0.02748	0.02449	0.01673	0.09775	0.33481	0.09093	0.13420	0.04801	0.04569	0.01642	0.01176	0.00369	0.00865	0.01377	0.01182	0.01672
1	0.01350	0.01063	0.01220	0.01346	0.01574	0.00933	0.00947	0.01592	0.02367	0.02960	0.08893	0.34423	0.30995	0.03177	0.01382	0.00417	0.00610	0.02773	0.01045	0.00933
2	0.01593	0.01150	0.01504	0.01416	0.01681	0.01062	0.01062	0.02124	0.03186	0.04513	0.52830	0.08407	0.10620	0.02301	0.01327	0.00354	0.00531	0.02035	0.01239	0.01062
3	0.01637	0.01091	0.01228	0.01228	0.01228	0.01091	0.00682	0.01637	0.01637	0.02182	0.03546	0.07365	0.04092	0.60445	0.05729	0.01091	0.01091	0.01637	0.00682	0.00682
4	0.01943	0.01228	0.01617	0.01475	0.01802	0.01122	0.01122	0.02464	0.03190	0.09545	0.47930	0.07944	0.09827	0.02209	0.01308	0.00353	0.00574	0.01944	0.01255	0.01148
5	0.04204	0.05364	0.03190	0.02900	0.03480	0.55926	0.02175	0.04494	0.03190	0.02755	0.01740	0.02030	0.01450	0.01160	0.01015	0.00290	0.02030	0.00725	0.00580	0.01305
6	0.05050	0.01915	0.02612	0.02003	0.02873	0.01654	0.01654	0.05485	0.03221	0.54203	0.04440	0.03831	0.02786	0.01393	0.01132	0.00348	0.00958	0.01132	0.01393	0.01915
7	0.01406	0.01143	0.01245	0.01220	0.01567	0.00982	0.00915	0.01762	0.02744	0.03465	0.23347	0.10133	0.40757	0.02692	0.01329	0.00373	0.00559	0.02277	0.01101	0.00982
8	0.04351	0.03037	0.03306	0.02535	0.03433	0.03318	0.02094	0.45528	0.05098	0.11510	0.02865	0.02808	0.01996	0.01355	0.01126	0.00339	0.01212	0.01024	0.01151	0.01914
9	0.04223	0.02092	0.02530	0.02011	0.02773	0.02058	0.01638	0.14166	0.08468	0.32046	0.03985	0.03692	0.02689	0.01386	0.01081	0.00337	0.00944	0.01110	0.10999	0.01773
10	0.02129	0.01210	0.01581	0.01583	0.01874	0.01090	0.01148	0.02441	0.02589	0.13269	0.14671	0.34660	0.11703	0.02821	0.01347	0.00410	0.00683	0.02503	0.01148	0.01141
11	0.02126	0.02001	0.03376	0.57739	0.07752	0.02501	0.03126	0.02876	0.02251	0.02876	0.02001	0.03001	0.01500	0.01125	0.01125	0.00375	0.01500	0.01000	0.00500	0.01250
12	0.02126	0.02001	0.03376	0.57739	0.07752	0.02501	0.03126	0.02876	0.02251	0.02876	0.02001	0.03001	0.01500	0.01125	0.01125	0.00375	0.01500	0.01000	0.00500	0.01250
13	0.01490	0.01071	0.01413	0.01486	0.01659	0.00994	0.01054	0.01866	0.02709	0.03754	0.31252	0.32149	0.09150	0.02868	0.01378	0.00402	0.00587	0.02574	0.01149	0.00994
14	0.03422	0.01742	0.02208	0.01877	0.02479	0.01668	0.01479	0.04402	0.12655	0.27557	0.16334	0.10266	0.05247	0.01840	0.01210	0.00367	0.00813	0.01573	0.01274	0.01588
15	0.04978	0.02031	0.02684	0.02057	0.02931	0.01826	0.01700	0.09614	0.03415	0.49801	0.04278	0.03725	0.02705	0.01389	0.01131	0.00347	0.00984	0.01121	0.01368	0.01915
16	0.01371	0.01068	0.01247	0.01358	0.01585	0.00943	0.00959	0.01636	0.02430	0.03088	0.12520	0.32950	0.28607	0.03113	0.01379	0.00413	0.00605	0.02723	0.01061	0.00943
17	0.01371	0.00979	0.01306	0.01567	0.01632	0.00914	0.01045	0.01567	0.02155	0.02873	0.06203	0.59710	0.07444	0.03526	0.01437	0.00457	0.00653	0.03200	0.01045	0.00914
18	0.02786	0.02674	0.04568	0.06908	0.53424	0.02674	0.03454	0.03454	0.02563	0.03677	0.02117	0.02786	0.01783	0.01003	0.01114	0.00334	0.01337	0.01003	0.00557	0.01783
19	0.01864	0.01265	0.01498	0.01533	0.01841	0.01179	0.01111	0.02395	0.07034	0.08301	0.07654	0.32083	0.22194	0.02891	0.01342	0.00413	0.00678	0.02527	0.01090	0.01109
20	0.01417	0.01012	0.01359	0.01620	0.01705	0.00954	0.01125	0.01647	0.02200	0.02925	0.06178	0.54804	0.07343	0.03483	0.01449	0.00463	0.00693	0.07650	0.01044	0.00927
21	0.32613	0.02284	0.02947	0.16748	0.18931	0.02564	0.02353	0.03247	0.02191	0.04110	0.01838	0.02400	0.01457	0.01052	0.00926	0.00351	0.01163	0.00822	0.00607	0.01396
22	0.01469	0.01071	0.01392	0.01538	0.01705	0.00994	0.01109	0.01791	0.02502	0.03355	0.18483	0.37000	0.12725	0.03106	0.01410	0.00430	0.00653	0.07205	0.01093	0.00968
23	0.02529	0.02351	0.02423	0.01796	0.02752	0.07179	0.01421	0.03007	0.02423	0.03572	0.01973	0.02302	0.01644	0.00868	0.00852	0.00180	0.00958	0.00673	0.00658	0.60436
