[name]
unknown

[dist]
# distance from previous block
# <min> <max>
0	411

[block]
# block no. 0 follows, 12 sequences, length 79
# corresponding to MSA columns:
# 557-635
name=unknown_A
#
# <colnr> <probs for GDERKNQSTAVLIFYWHMCP>
#	G	D	E	R	K	N	Q	S	T	A	V	L	I	F	Y	W	H	M	C	P
0	0.01822	0.01205	0.01732	0.02095	0.06980	0.01147	0.01348	0.02031	0.02168	0.06609	0.05024	0.40212	0.05676	0.03028	0.01664	0.07832	0.00789	0.06702	0.00930	0.01005
1	0.03680	0.02733	0.10978	0.03289	0.08984	0.02139	0.15520	0.04373	0.02799	0.29281	0.03193	0.03212	0.02141	0.01153	0.01138	0.00345	0.01304	0.01097	0.00933	0.01705
2	0.09154	0.04089	0.32313	0.07723	0.04270	0.02419	0.03078	0.07633	0.02627	0.13076	0.02384	0.02583	0.01642	0.01117	0.01022	0.00343	0.01370	0.00866	0.00693	0.01598
3	0.02033	0.01016	0.01016	0.01016	0.01270	0.01016	0.00762	0.02541	0.02287	0.04065	0.03557	0.04065	0.02795	0.01270	0.00762	0.00254	0.00508	0.01016	0.67734	0.01016
4	0.02059	0.01938	0.03270	0.59060	0.07510	0.02422	0.03028	0.02786	0.02180	0.02786	0.01938	0.02907	0.01453	0.01090	0.01090	0.00363	0.01453	0.00969	0.00484	0.01211
5	0.03973	0.02962	0.03272	0.07162	0.03721	0.03302	0.02151	0.47256	0.04884	0.06536	0.02562	0.02642	0.01821	0.01291	0.01091	0.00330	0.01221	0.00981	0.01041	0.01801
6	0.01543	0.01115	0.01457	0.01372	0.01629	0.01029	0.01029	0.02058	0.03086	0.04372	0.54304	0.08145	0.10288	0.02229	0.01286	0.00343	0.00514	0.01972	0.01200	0.01029
7	0.02552	0.36043	0.17428	0.02217	0.03127	0.03462	0.02342	0.03083	0.02118	0.02748	0.01796	0.02463	0.01640	0.06794	0.01554	0.00365	0.07652	0.00773	0.00484	0.01359
8	0.01997	0.03775	0.33434	0.06349	0.03778	0.01978	0.02877	0.02907	0.02252	0.03386	0.02952	0.13255	0.02674	0.01509	0.01059	0.00349	0.01242	0.01267	0.11605	0.01355
9	0.01568	0.01127	0.01543	0.01543	0.01666	0.01249	0.01102	0.01813	0.01691	0.02376	0.03112	0.05341	0.03185	0.28022	0.38143	0.01494	0.02229	0.01323	0.00613	0.00857
10	0.02225	0.05373	0.51131	0.03255	0.04816	0.02554	0.08662	0.03457	0.02329	0.03457	0.01981	0.02365	0.01408	0.01024	0.01061	0.00348	0.01634	0.00853	0.00469	0.01598
11	0.02422	0.02353	0.04136	0.28212	0.30597	0.02537	0.07701	0.03128	0.02366	0.03234	0.02019	0.02808	0.01607	0.01016	0.01103	0.00344	0.01412	0.01000	0.00518	0.01489
12	0.01324	0.00965	0.01249	0.01475	0.01570	0.00889	0.00993	0.01523	0.02129	0.02800	0.06530	0.55749	0.12096	0.03348	0.01381	0.00435	0.00624	0.03017	0.01012	0.00889
13	0.10541	0.04436	0.02982	0.02609	0.03248	0.40421	0.02008	0.14207	0.03401	0.03782	0.01867	0.02086	0.01478	0.01152	0.00976	0.00296	0.01692	0.00751	0.00685	0.01381
14	0.02283	0.02186	0.03586	0.35695	0.19173	0.02623	0.03002	0.02906	0.02173	0.02962	0.01881	0.02763	0.01522	0.01199	0.01512	0.00372	0.11353	0.00967	0.00498	0.01344
15	0.01307	0.01105	0.01130	0.01123	0.01484	0.00928	0.00843	0.01600	0.02528	0.03046	0.14104	0.10327	0.51315	0.02724	0.01288	0.00366	0.00550	0.02278	0.01026	0.00928
16	0.03692	0.24735	0.04136	0.02309	0.03169	0.09604	0.02001	0.28768	0.03851	0.04855	0.02117	0.02232	0.01641	0.01153	0.00938	0.00288	0.01271	0.00807	0.00807	0.01625
17	0.02187	0.05640	0.56031	0.03108	0.04719	0.02532	0.04029	0.03453	0.02302	0.03453	0.01957	0.02302	0.01381	0.01036	0.01036	0.00345	0.01611	0.00806	0.00460	0.01611
18	0.69383	0.02109	0.01603	0.01434	0.02109	0.02446	0.01181	0.03205	0.01856	0.04892	0.01518	0.01771	0.01181	0.01012	0.00675	0.00337	0.00843	0.00590	0.00675	0.01181
19	0.02712	0.02342	0.02465	0.02219	0.02835	0.02712	0.01726	0.05794	0.52909	0.04561	0.04438	0.04068	0.03328	0.01479	0.01109	0.00370	0.00863	0.01233	0.01109	0.01726
20	0.01632	0.01278	0.01895	0.01852	0.02029	0.01541	0.01455	0.02008	0.01745	0.02540	0.02787	0.04113	0.02609	0.07614	0.52525	0.01638	0.08023	0.01149	0.00574	0.00993
21	0.69383	0.02109	0.01603	0.01434	0.02109	0.02446	0.01181	0.03205	0.01856	0.04892	0.01518	0.01771	0.01181	0.01012	0.00675	0.00337	0.00843	0.00590	0.00675	0.01181
22	0.01500	0.01113	0.01398	0.01327	0.01603	0.01011	0.00995	0.01974	0.02985	0.04132	0.47008	0.08541	0.17735	0.02319	0.01286	0.00347	0.00521	0.02027	0.01169	0.01011
23	0.01543	0.01115	0.01457	0.01372	0.01629	0.01029	0.01029	0.02058	0.03086	0.04372	0.54304	0.08145	0.10288	0.02229	0.01286	0.00343	0.00514	0.01972	0.01200	0.01029
24	0.01572	0.01113	0.01472	0.01472	0.01569	0.01210	0.01013	0.01767	0.01669	0.02323	0.03177	0.05706	0.03343	0.34859	0.31523	0.01406	0.01991	0.01376	0.00622	0.00818
25	0.02366	0.02251	0.03825	0.33922	0.30249	0.02503	0.03181	0.03055	0.02325	0.03159	0.01992	0.02807	0.01585	0.01033	0.01085	0.00344	0.01378	0.00970	0.00511	0.01459
26	0.04892	0.01856	0.02530	0.01940	0.02783	0.01603	0.01603	0.05314	0.03121	0.55634	0.04302	0.03711	0.02699	0.01350	0.01096	0.00337	0.00928	0.01096	0.01350	0.01856
27	0.02059	0.01938	0.03270	0.59060	0.07510	0.02422	0.03028	0.02786	0.02180	0.02786	0.01938	0.02907	0.01453	0.01090	0.01090	0.00363	0.01453	0.00969	0.00484	0.01211
28	0.02663	0.33116	0.19718	0.02183	0.03197	0.07148	0.02370	0.03300	0.02314	0.03040	0.01937	0.02245	0.01585	0.01023	0.00828	0.00273	0.01265	0.00717	0.09680	0.01400
29	0.02594	0.02411	0.03966	0.23462	0.35734	0.02593	0.03151	0.06608	0.02574	0.03547	0.02055	0.02761	0.01647	0.01034	0.01084	0.00337	0.01340	0.00971	0.00561	0.01568
30	0.02880	0.07288	0.16024	0.12603	0.16532	0.02653	0.02898	0.08646	0.06866	0.09450	0.02474	0.02788	0.01830	0.01121	0.01050	0.00335	0.01301	0.00941	0.00699	0.01621
31	0.02868	0.02420	0.02554	0.02251	0.02895	0.02785	0.01764	0.10754	0.47694	0.04813	0.04239	0.03910	0.03168	0.01461	0.01107	0.00365	0.00900	0.01205	0.01107	0.01740
32	0.69383	0.02109	0.01603	0.01434	0.02109	0.02446	0.01181	0.03205	0.01856	0.04892	0.01518	0.01771	0.01181	0.01012	0.00675	0.00337	0.00843	0.00590	0.00675	0.01181
33	0.02480	0.10276	0.28473	0.20913	0.05227	0.02604	0.03241	0.03393	0.02331	0.08062	0.02124	0.02570	0.01531	0.01072	0.01022	0.00338	0.01447	0.00862	0.00553	0.01482
34	0.01340	0.01073	0.01198	0.01238	0.01522	0.00931	0.00901	0.01638	0.02502	0.03152	0.17271	0.20827	0.36952	0.02811	0.01310	0.00380	0.00563	0.02415	0.01044	0.00931
35	0.02749	0.01338	0.01679	0.06774	0.02301	0.01307	0.01228	0.03256	0.02582	0.17770	0.08852	0.04283	0.03418	0.01374	0.00937	0.00296	0.00710	0.01132	0.36754	0.01260
36	0.04892	0.01856	0.02530	0.01940	0.02783	0.01603	0.01603	0.05314	0.03121	0.55634	0.04302	0.03711	0.02699	0.01350	0.01096	0.00337	0.00928	0.01096	0.01350	0.01856
37	0.01328	0.00949	0.01265	0.01518	0.01581	0.00886	0.01012	0.01518	0.02088	0.02783	0.06010	0.60969	0.07212	0.03416	0.01392	0.00443	0.00633	0.03100	0.01012	0.00886
38	0.02699	0.02591	0.04426	0.06693	0.54879	0.02591	0.03346	0.03346	0.02483	0.03562	0.02051	0.02699	0.01727	0.00972	0.01079	0.00324	0.01295	0.00972	0.00540	0.01727
39	0.02331	0.02185	0.03683	0.30037	0.29084	0.02405	0.03071	0.03003	0.02348	0.03186	0.02306	0.03583	0.01977	0.01193	0.01119	0.00356	0.01343	0.04802	0.00553	0.01434
40	0.01482	0.01112	0.01373	0.01308	0.01591	0.01003	0.00981	0.01939	0.02942	0.04030	0.43908	0.08709	0.20898	0.02357	0.01287	0.00349	0.00524	0.02051	0.01155	0.01003
41	0.02519	0.02403	0.04032	0.10500	0.46180	0.02427	0.03094	0.03140	0.02458	0.03443	0.02850	0.03416	0.06443	0.01142	0.01099	0.00331	0.01242	0.01091	0.00578	0.01612
42	0.01622	0.01158	0.01602	0.01853	0.02045	0.01138	0.01522	0.02025	0.02377	0.03112	0.05848	0.27659	0.06571	0.03140	0.01470	0.00483	0.00887	0.33515	0.01007	0.00967
43	0.02582	0.36417	0.28717	0.02434	0.03677	0.03500	0.02854	0.03351	0.02255	0.02971	0.01717	0.02002	0.01391	0.00980	0.00853	0.00284	0.01370	0.00685	0.00464	0.01496
44	0.02543	0.03034	0.13004	0.11803	0.41249	0.02562	0.03427	0.03303	0.02419	0.03459	0.02023	0.02654	0.01639	0.00995	0.01073	0.00332	0.01366	0.00943	0.00520	0.01651
45	0.02643	0.05002	0.47007	0.02911	0.04393	0.02375	0.03619	0.03767	0.02440	0.12254	0.02352	0.02540	0.01603	0.01089	0.01046	0.00344	0.01496	0.00855	0.00610	0.01653
46	0.02439	0.07656	0.03881	0.28826	0.25365	0.02682	0.02946	0.03286	0.06299	0.03211	0.02141	0.02812	0.01704	0.01060	0.01052	0.00337	0.01319	0.00956	0.00554	0.01472
47	0.02715	0.46722	0.19571	0.02208	0.03327	0.03824	0.02461	0.03317	0.02239	0.02810	0.01637	0.01901	0.01394	0.00961	0.00792	0.00264	0.01289	0.00644	0.00465	0.01458
48	0.69383	0.02109	0.01603	0.01434	0.02109	0.02446	0.01181	0.03205	0.01856	0.04892	0.01518	0.01771	0.01181	0.01012	0.00675	0.00337	0.00843	0.00590	0.00675	0.01181
49	0.01586	0.01057	0.01189	0.01189	0.01189	0.01057	0.00661	0.01586	0.01586	0.02114	0.03436	0.07135	0.03964	0.61681	0.05550	0.01057	0.01057	0.01586	0.00661	0.00661
50	0.02261	0.01938	0.02261	0.01615	0.02584	0.01453	0.01292	0.02745	0.02261	0.03553	0.01938	0.02261	0.01615	0.00807	0.00807	0.00161	0.00807	0.00646	0.00646	0.68346
51	0.01401	0.01005	0.01330	0.01469	0.01598	0.00934	0.01018	0.01701	0.02426	0.03322	0.22388	0.43055	0.08255	0.03013	0.01356	0.00409	0.00593	0.02717	0.01076	0.00934
52	0.02712	0.02342	0.02465	0.02219	0.02835	0.02712	0.01726	0.05794	0.52909	0.04561	0.04438	0.04068	0.03328	0.01479	0.01109	0.00370	0.00863	0.01233	0.01109	0.01726
53	0.04469	0.02534	0.02950	0.02262	0.03122	0.02610	0.01869	0.31324	0.04257	0.28020	0.03348	0.03092	0.02221	0.01327	0.01093	0.00332	0.01082	0.01031	0.01203	0.01855
54	0.01310	0.01020	0.01192	0.01329	0.01532	0.00902	0.00928	0.01540	0.02269	0.02858	0.08312	0.37893	0.28801	0.03117	0.01345	0.00409	0.00596	0.02735	0.01012	0.00902
55	0.02059	0.01938	0.03270	0.59060	0.07510	0.02422	0.03028	0.02786	0.02180	0.02786	0.01938	0.02907	0.01453	0.01090	0.01090	0.00363	0.01453	0.00969	0.00484	0.01211
56	0.02187	0.05640	0.56031	0.03108	0.04719	0.02532	0.04029	0.03453	0.02302	0.03453	0.01957	0.02302	0.01381	0.01036	0.01036	0.00345	0.01611	0.00806	0.00460	0.01611
57	0.01723	0.01193	0.01370	0.01327	0.01709	0.01040	0.01037	0.02077	0.02649	0.08190	0.17131	0.09655	0.36855	0.02566	0.01294	0.00376	0.00631	0.07069	0.01075	0.01036
58	0.04081	0.04963	0.03110	0.02776	0.03372	0.51419	0.02103	0.09471	0.03312	0.03127	0.01787	0.02037	0.01454	0.01144	0.00995	0.00286	0.01883	0.00733	0.00620	0.01328
59	0.01456	0.01228	0.01276	0.01242	0.01624	0.01109	0.00938	0.02034	0.07530	0.03253	0.14867	0.09616	0.44821	0.02580	0.01271	0.00366	0.00579	0.02162	0.01042	0.01011
60	0.01328	0.00949	0.01265	0.01518	0.01581	0.00886	0.01012	0.01518	0.02088	0.02783	0.06010	0.60969	0.07212	0.03416	0.01392	0.00443	0.00633	0.03100	0.01012	0.00886
61	0.01328	0.00949	0.01265	0.01518	0.01581	0.00886	0.01012	0.01518	0.02088	0.02783	0.06010	0.60969	0.07212	0.03416	0.01392	0.00443	0.00633	0.03100	0.01012	0.00886
62	0.03745	0.03436	0.03541	0.08959	0.04058	0.16174	0.07011	0.29968	0.04063	0.05082	0.02279	0.02525	0.01683	0.01202	0.01084	0.00324	0.01475	0.00943	0.00844	0.01604
63	0.01417	0.00998	0.01297	0.01503	0.01573	0.00952	0.01017	0.01601	0.02034	0.02704	0.05509	0.46381	0.06520	0.14199	0.02175	0.00562	0.00746	0.07010	0.00946	0.00855
64	0.02603	0.16635	0.04463	0.13135	0.04272	0.07024	0.11733	0.03091	0.02163	0.02810	0.01710	0.02409	0.01469	0.01287	0.01832	0.00365	0.20282	0.00917	0.00496	0.01303
65	0.02385	0.02385	0.03340	0.02863	0.02863	0.03340	0.02385	0.02624	0.01670	0.02624	0.01431	0.02385	0.01431	0.01908	0.03578	0.00477	0.59685	0.00954	0.00477	0.01193
66	0.02304	0.02002	0.02475	0.02117	0.07751	0.01566	0.01495	0.02805	0.02283	0.03554	0.01949	0.02304	0.01626	0.00824	0.00834	0.00178	0.00856	0.00678	0.00635	0.61764
67	0.03858	0.04457	0.03154	0.02766	0.03304	0.40948	0.02138	0.12030	0.03242	0.03371	0.01808	0.02133	0.01484	0.01260	0.01350	0.00315	0.09603	0.00783	0.00640	0.01354
68	0.01341	0.01103	0.01190	0.01243	0.01566	0.00951	0.00945	0.01632	0.02444	0.02961	0.09951	0.16189	0.44301	0.02859	0.01322	0.00390	0.00608	0.07067	0.01012	0.00925
69	0.01543	0.01115	0.01457	0.01372	0.01629	0.01029	0.01029	0.02058	0.03086	0.04372	0.54304	0.08145	0.10288	0.02229	0.01286	0.00343	0.00514	0.01972	0.01200	0.01029
70	0.09494	0.08563	0.03079	0.08642	0.03463	0.30671	0.02055	0.03568	0.02523	0.02864	0.01779	0.02305	0.01522	0.01872	0.06781	0.00457	0.07803	0.00783	0.00550	0.01225
71	0.01543	0.01115	0.01457	0.01372	0.01629	0.01029	0.01029	0.02058	0.03086	0.04372	0.54304	0.08145	0.10288	0.02229	0.01286	0.00343	0.00514	0.01972	0.01200	0.01029
72	0.03819	0.03147	0.03116	0.08666	0.03739	0.12191	0.02119	0.30720	0.08835	0.08727	0.02669	0.02749	0.01930	0.01273	0.01075	0.00328	0.01307	0.00964	0.00954	0.01673
73	0.02187	0.05640	0.56031	0.03108	0.04719	0.02532	0.04029	0.03453	0.02302	0.03453	0.01957	0.02302	0.01381	0.01036	0.01036	0.00345	0.01611	0.00806	0.00460	0.01611
74	0.01537	0.01127	0.01449	0.01404	0.01672	0.01039	0.01077	0.02026	0.02970	0.04120	0.45253	0.08779	0.14476	0.02358	0.01307	0.00361	0.00564	0.06303	0.01162	0.01015
75	0.01543	0.01115	0.01457	0.01372	0.01629	0.01029	0.01029	0.02058	0.03086	0.04372	0.54304	0.08145	0.10288	0.02229	0.01286	0.00343	0.00514	0.01972	0.01200	0.01029
76	0.01566	0.01146	0.01490	0.01491	0.01758	0.01070	0.01176	0.02053	0.02891	0.03968	0.38609	0.09348	0.13926	0.02465	0.01337	0.00382	0.00632	0.12542	0.01135	0.01012
77	0.62635	0.02206	0.01775	0.01545	0.02240	0.02543	0.01273	0.08174	0.02194	0.05097	0.01632	0.01859	0.01250	0.01043	0.00718	0.00336	0.00880	0.00631	0.00718	0.01250
78	0.03272	0.09422	0.03215	0.07877	0.03468	0.11818	0.01972	0.21858	0.03447	0.04409	0.02216	0.02568	0.01749	0.01859	0.06812	0.00438	0.01473	0.00865	0.00763	0.10499

[dist]
# distance from previous block
# <min> <max>
0	1

[block]
# block no. 1 follows, 12 sequences, length 21
# corresponding to MSA columns:
# 637-657
name=unknown_B
#
# <colnr> <probs for GDERKNQSTAVLIFYWHMCP>
#	G	D	E	R	K	N	Q	S	T	A	V	L	I	F	Y	W	H	M	C	P
0	0.03459	0.03002	0.03526	0.12601	0.16261	0.08993	0.02532	0.26933	0.03802	0.04967	0.02271	0.02611	0.01710	0.01173	0.01076	0.00327	0.01348	0.00946	0.00804	0.01656
1	0.01426	0.01080	0.01352	0.01470	0.01677	0.00953	0.01017	0.01660	0.02163	0.02891	0.06276	0.47313	0.13306	0.03035	0.01313	0.00401	0.00640	0.02715	0.00972	0.08339
2	0.03096	0.53417	0.05304	0.02013	0.02888	0.12586	0.01903	0.03435	0.02352	0.02581	0.01542	0.01783	0.01400	0.00963	0.00744	0.00241	0.01291	0.00602	0.00481	0.01378
3	0.03092	0.07261	0.03994	0.02833	0.03543	0.02625	0.16571	0.12669	0.02873	0.11846	0.02661	0.03494	0.02170	0.10657	0.02090	0.00464	0.07783	0.01151	0.00782	0.01442
4	0.01438	0.01110	0.01312	0.01261	0.01564	0.00984	0.00946	0.01854	0.02838	0.03783	0.36428	0.09115	0.28531	0.02449	0.01287	0.00353	0.00530	0.02108	0.01123	0.00984
5	0.01583	0.01067	0.01240	0.01240	0.01258	0.01085	0.00725	0.01619	0.01601	0.02152	0.03389	0.06876	0.03851	0.56813	0.10263	0.01120	0.01227	0.01548	0.00654	0.00689
6	0.01757	0.01255	0.01757	0.02008	0.02259	0.01255	0.01757	0.02259	0.02510	0.03263	0.05773	0.12299	0.06275	0.03012	0.01506	0.00502	0.01004	0.47540	0.01004	0.01004
7	0.01543	0.01115	0.01457	0.01372	0.01629	0.01029	0.01029	0.02058	0.03086	0.04372	0.54304	0.08145	0.10288	0.02229	0.01286	0.00343	0.00514	0.01972	0.01200	0.01029
8	0.01757	0.01255	0.01757	0.02008	0.02259	0.01255	0.01757	0.02259	0.02510	0.03263	0.05773	0.12299	0.06275	0.03012	0.01506	0.00502	0.01004	0.47540	0.01004	0.01004
9	0.02336	0.17242	0.45734	0.02854	0.04326	0.02897	0.03586	0.03415	0.02284	0.03271	0.01867	0.02189	0.01385	0.01015	0.00967	0.00322	0.01520	0.00760	0.00462	0.01568
10	0.01539	0.01119	0.01574	0.01602	0.01739	0.01242	0.01169	0.01820	0.01752	0.02467	0.03376	0.11174	0.03496	0.19511	0.39697	0.01454	0.02255	0.01474	0.00648	0.00894
11	0.07640	0.01428	0.01807	0.01706	0.02154	0.01370	0.01417	0.03180	0.02688	0.18112	0.12313	0.07332	0.05043	0.02036	0.01191	0.00384	0.00824	0.17528	0.10590	0.01258
12	0.12077	0.31503	0.24896	0.02292	0.03455	0.03349	0.02618	0.03330	0.02198	0.03245	0.01689	0.01969	0.01361	0.00985	0.00828	0.00292	0.01295	0.00672	0.00494	0.01452
13	0.02603	0.02761	0.03291	0.10842	0.03602	0.11633	0.02433	0.02917	0.01964	0.02654	0.01543	0.02394	0.01430	0.01670	0.02819	0.00430	0.42398	0.00917	0.00491	0.01207
14	0.02915	0.62337	0.05714	0.01866	0.02799	0.04314	0.01866	0.03265	0.02215	0.02565	0.01516	0.01749	0.01399	0.00933	0.00700	0.00233	0.01166	0.00583	0.00466	0.01399
15	0.01328	0.00949	0.01265	0.01518	0.01581	0.00886	0.01012	0.01518	0.02088	0.02783	0.06010	0.60969	0.07212	0.03416	0.01392	0.00443	0.00633	0.03100	0.01012	0.00886
16	0.03263	0.02837	0.03917	0.05340	0.38787	0.10201	0.02877	0.03821	0.02676	0.12202	0.02378	0.02765	0.01845	0.01057	0.01069	0.00320	0.01329	0.00954	0.00679	0.01683
17	0.30222	0.02274	0.02451	0.10000	0.03336	0.02511	0.01755	0.15798	0.02989	0.15313	0.02418	0.02539	0.01697	0.01167	0.00925	0.00338	0.01038	0.00846	0.00889	0.01492
18	0.01451	0.01040	0.01391	0.01546	0.01691	0.00979	0.01123	0.01779	0.02436	0.03310	0.19910	0.38810	0.07966	0.03016	0.01377	0.00422	0.00651	0.09091	0.01065	0.00944
19	0.02048	0.01561	0.02279	0.02265	0.02644	0.01577	0.05777	0.06975	0.02762	0.03622	0.05186	0.10627	0.05483	0.02682	0.01449	0.00475	0.01090	0.39398	0.00975	0.01122
20	0.02744	0.26457	0.19570	0.12009	0.04244	0.11971	0.02731	0.03414	0.02375	0.02878	0.01743	0.02140	0.01404	0.01020	0.00909	0.00295	0.01473	0.00732	0.00483	0.01408

[dist]
# distance from previous block
# <min> <max>
2	6

[block]
# block no. 2 follows, 12 sequences, length 59
# corresponding to MSA columns:
# 664-722
name=unknown_C
#
# <colnr> <probs for GDERKNQSTAVLIFYWHMCP>
#	G	D	E	R	K	N	Q	S	T	A	V	L	I	F	Y	W	H	M	C	P
0	0.02965	0.02666	0.03115	0.07328	0.03575	0.08351	0.07666	0.16177	0.17198	0.04647	0.11160	0.03893	0.03501	0.01418	0.01139	0.00344	0.01175	0.01214	0.00942	0.01525
1	0.02304	0.02254	0.03951	0.29282	0.13611	0.02352	0.13028	0.03017	0.02325	0.03191	0.02013	0.02770	0.01567	0.00986	0.01081	0.00323	0.01399	0.00981	0.00536	0.13030
2	0.17548	0.02187	0.02529	0.07251	0.07467	0.02127	0.01705	0.09668	0.02582	0.04248	0.01949	0.02296	0.01546	0.00962	0.00866	0.00256	0.00969	0.00737	0.00691	0.32417
3	0.01622	0.01044	0.01217	0.01217	0.01217	0.01044	0.00694	0.01566	0.01566	0.02088	0.03253	0.06684	0.03719	0.54841	0.05397	0.08998	0.01044	0.01510	0.00639	0.00639
4	0.03522	0.02745	0.02922	0.02383	0.03144	0.03090	0.01922	0.31494	0.25890	0.05868	0.03409	0.03248	0.02495	0.01383	0.01099	0.00346	0.01053	0.01091	0.01099	0.01798
5	0.01585	0.01261	0.01487	0.01351	0.01768	0.01065	0.01016	0.01983	0.02621	0.03582	0.24736	0.13270	0.22330	0.02236	0.01201	0.00325	0.00599	0.01927	0.01008	0.14649
6	0.03895	0.01978	0.02492	0.01868	0.02759	0.01688	0.01528	0.07974	0.02970	0.33262	0.03327	0.03109	0.02247	0.01153	0.00993	0.00274	0.00906	0.00927	0.01078	0.25571
7	0.02233	0.05321	0.50172	0.03284	0.04835	0.02559	0.09568	0.03458	0.02334	0.03458	0.01986	0.02378	0.01413	0.01022	0.01066	0.00348	0.01638	0.00863	0.00471	0.01595
8	0.02374	0.01359	0.01714	0.01522	0.01928	0.01287	0.01176	0.03087	0.07238	0.14766	0.34568	0.06468	0.07366	0.01886	0.01177	0.00335	0.00627	0.01631	0.08237	0.01255
9	0.02699	0.02591	0.04426	0.06693	0.54879	0.02591	0.03346	0.03346	0.02483	0.03562	0.02051	0.02699	0.01727	0.00972	0.01079	0.00324	0.01295	0.00972	0.00540	0.01727
10	0.02676	0.01446	0.01590	0.01434	0.01869	0.01481	0.01115	0.03720	0.13269	0.13145	0.03875	0.04004	0.02892	0.01329	0.00895	0.00293	0.00657	0.01077	0.41918	0.01314
11	0.01351	0.00959	0.01258	0.01489	0.01547	0.00901	0.00981	0.01524	0.02043	0.02724	0.05780	0.56170	0.06922	0.08610	0.01762	0.00498	0.00670	0.02965	0.00981	0.00866
12	0.02088	0.01318	0.01839	0.02001	0.02314	0.01292	0.01741	0.02581	0.02574	0.08784	0.05618	0.11394	0.05898	0.02837	0.01463	0.00485	0.00996	0.42644	0.01040	0.01094
13	0.01694	0.01341	0.02012	0.10295	0.02814	0.01395	0.04565	0.02186	0.06378	0.02886	0.04595	0.37730	0.05111	0.02786	0.01619	0.07571	0.00884	0.02282	0.00856	0.00999
14	0.02770	0.02849	0.06102	0.04370	0.05451	0.02659	0.46731	0.03647	0.02620	0.07921	0.02384	0.03007	0.01743	0.00956	0.01271	0.00365	0.01761	0.01271	0.00619	0.01503
15	0.01328	0.00949	0.01265	0.01518	0.01581	0.00886	0.01012	0.01518	0.02088	0.02783	0.06010	0.60969	0.07212	0.03416	0.01392	0.00443	0.00633	0.03100	0.01012	0.00886
16	0.01348	0.00957	0.01259	0.01493	0.01551	0.00899	0.00985	0.01523	0.02048	0.02731	0.05809	0.56777	0.06959	0.07953	0.01715	0.00491	0.00666	0.02982	0.00985	0.00868
17	0.08878	0.02987	0.09255	0.07706	0.03731	0.02829	0.02248	0.29867	0.03937	0.13870	0.02665	0.02720	0.01846	0.01240	0.01053	0.00335	0.01200	0.00948	0.00969	0.01713
18	0.69383	0.02109	0.01603	0.01434	0.02109	0.02446	0.01181	0.03205	0.01856	0.04892	0.01518	0.01771	0.01181	0.01012	0.00675	0.00337	0.00843	0.00590	0.00675	0.01181
19	0.01553	0.01155	0.01472	0.01507	0.01786	0.01074	0.01206	0.02012	0.02781	0.03726	0.30188	0.09915	0.18667	0.02582	0.01353	0.00397	0.00671	0.15859	0.01100	0.00998
20	0.04059	0.06855	0.08088	0.02312	0.03185	0.02634	0.02071	0.21190	0.03595	0.25951	0.03087	0.02960	0.02095	0.01316	0.01236	0.00337	0.05241	0.00983	0.01051	0.01754
21	0.01658	0.01302	0.01887	0.01831	0.01984	0.01568	0.01418	0.01993	0.01727	0.02503	0.02793	0.04327	0.02689	0.12453	0.46148	0.01536	0.09452	0.01182	0.00579	0.00970
22	0.01369	0.00978	0.01311	0.01564	0.01645	0.00920	0.01082	0.01588	0.02127	0.02828	0.05987	0.56406	0.07124	0.03378	0.01402	0.00448	0.00667	0.07266	0.01011	0.00897
23	0.02385	0.02385	0.03340	0.02863	0.02863	0.03340	0.02385	0.02624	0.01670	0.02624	0.01431	0.02385	0.01431	0.01908	0.03578	0.00477	0.59685	0.00954	0.00477	0.01193
24	0.02894	0.21740	0.22147	0.02515	0.03629	0.02955	0.05928	0.08001	0.02711	0.09735	0.05863	0.02785	0.02233	0.01143	0.00981	0.00310	0.01295	0.00904	0.00685	0.01548
25	0.03878	0.04725	0.03131	0.02796	0.03311	0.47422	0.02137	0.07199	0.03055	0.02937	0.01716	0.02058	0.01437	0.01228	0.01297	0.00307	0.08735	0.00750	0.00586	0.01294
26	0.01894	0.00947	0.01420	0.01420	0.01420	0.00947	0.00947	0.01420	0.01420	0.01894	0.01894	0.03314	0.01894	0.03788	0.04261	0.68277	0.00947	0.00947	0.00473	0.00473
27	0.01499	0.01113	0.01396	0.01325	0.01602	0.01010	0.00994	0.01972	0.02982	0.04124	0.46776	0.08553	0.17971	0.02322	0.01286	0.00347	0.00521	0.02029	0.01168	0.01010
28	0.01395	0.01034	0.01318	0.01519	0.01677	0.00957	0.01104	0.01657	0.02242	0.02900	0.06994	0.42222	0.16664	0.03212	0.01391	0.00438	0.00681	0.10671	0.01011	0.00913
29	0.02385	0.02385	0.03340	0.02863	0.02863	0.03340	0.02385	0.02624	0.01670	0.02624	0.01431	0.02385	0.01431	0.01908	0.03578	0.00477	0.59685	0.00954	0.00477	0.01193
30	0.02059	0.01938	0.03270	0.59060	0.07510	0.02422	0.03028	0.02786	0.02180	0.02786	0.01938	0.02907	0.01453	0.01090	0.01090	0.00363	0.01453	0.00969	0.00484	0.01211
31	0.02915	0.62337	0.05714	0.01866	0.02799	0.04314	0.01866	0.03265	0.02215	0.02565	0.01516	0.01749	0.01399	0.00933	0.00700	0.00233	0.01166	0.00583	0.00466	0.01399
32	0.01328	0.00949	0.01265	0.01518	0.01581	0.00886	0.01012	0.01518	0.02088	0.02783	0.06010	0.60969	0.07212	0.03416	0.01392	0.00443	0.00633	0.03100	0.01012	0.00886
33	0.02699	0.02591	0.04426	0.06693	0.54879	0.02591	0.03346	0.03346	0.02483	0.03562	0.02051	0.02699	0.01727	0.00972	0.01079	0.00324	0.01295	0.00972	0.00540	0.01727
34	0.02412	0.02040	0.02255	0.02011	0.02621	0.02159	0.01573	0.04467	0.33369	0.04079	0.04162	0.09456	0.03562	0.01640	0.01104	0.00343	0.00843	0.05206	0.00994	0.15706
35	0.04064	0.02867	0.03118	0.02425	0.03268	0.03144	0.01992	0.42146	0.09976	0.11200	0.02968	0.02873	0.02089	0.01331	0.01093	0.00333	0.01139	0.01019	0.01117	0.01841
36	0.04073	0.05197	0.03090	0.02809	0.03371	0.57303	0.02107	0.04354	0.03090	0.02669	0.01685	0.01966	0.01404	0.01124	0.00983	0.00281	0.01966	0.00702	0.00562	0.01264
37	0.01346	0.01107	0.01183	0.01164	0.01508	0.00945	0.00873	0.01675	0.02620	0.03265	0.20716	0.09968	0.44567	0.02642	0.01288	0.00363	0.00544	0.02228	0.01054	0.00945
38	0.01328	0.00949	0.01265	0.01518	0.01581	0.00886	0.01012	0.01518	0.02088	0.02783	0.06010	0.60969	0.07212	0.03416	0.01392	0.00443	0.00633	0.03100	0.01012	0.00886
39	0.01557	0.01143	0.01619	0.01597	0.01787	0.01247	0.01205	0.01937	0.02070	0.02950	0.15885	0.05554	0.04756	0.12323	0.37809	0.01325	0.02120	0.01414	0.00747	0.00954
40	0.03396	0.03384	0.02805	0.02459	0.03102	0.20413	0.01908	0.13130	0.28660	0.04348	0.03239	0.03142	0.02456	0.01335	0.01066	0.00334	0.01276	0.01019	0.00930	0.01599
41	0.03760	0.10828	0.03172	0.02541	0.03114	0.46440	0.01955	0.04069	0.02922	0.02789	0.01843	0.02140	0.01534	0.01117	0.00933	0.00273	0.01745	0.00719	0.06850	0.01255
42	0.02806	0.02196	0.03354	0.22914	0.09568	0.02439	0.06533	0.11485	0.02820	0.09862	0.02762	0.09019	0.02319	0.01436	0.01314	0.00367	0.05377	0.01237	0.00758	0.01434
43	0.69383	0.02109	0.01603	0.01434	0.02109	0.02446	0.01181	0.03205	0.01856	0.04892	0.01518	0.01771	0.01181	0.01012	0.00675	0.00337	0.00843	0.00590	0.00675	0.01181
44	0.02244	0.14685	0.36407	0.09354	0.04452	0.02702	0.03279	0.03223	0.02339	0.03298	0.06323	0.02773	0.02149	0.01126	0.01005	0.00328	0.01422	0.00885	0.00527	0.01478
45	0.01328	0.00949	0.01265	0.01518	0.01581	0.00886	0.01012	0.01518	0.02088	0.02783	0.06010	0.60969	0.07212	0.03416	0.01392	0.00443	0.00633	0.03100	0.01012	0.00886
46	0.02537	0.02397	0.04052	0.06081	0.48583	0.02389	0.03071	0.03130	0.02436	0.03470	0.02519	0.09583	0.02375	0.01260	0.01116	0.00338	0.01217	0.01223	0.00596	0.01628
47	0.01418	0.01152	0.01268	0.01307	0.01607	0.01045	0.00953	0.01887	0.05922	0.03138	0.13017	0.22332	0.35477	0.02789	0.01302	0.00385	0.00590	0.02397	0.01035	0.00977
48	0.02033	0.01016	0.01016	0.01016	0.01270	0.01016	0.00762	0.02541	0.02287	0.04065	0.03557	0.04065	0.02795	0.01270	0.00762	0.00254	0.00508	0.01016	0.67734	0.01016
49	0.02915	0.62337	0.05714	0.01866	0.02799	0.04314	0.01866	0.03265	0.02215	0.02565	0.01516	0.01749	0.01399	0.00933	0.00700	0.00233	0.01166	0.00583	0.00466	0.01399
50	0.01586	0.01057	0.01189	0.01189	0.01189	0.01057	0.00661	0.01586	0.01586	0.02114	0.03436	0.07135	0.03964	0.61681	0.05550	0.01057	0.01057	0.01586	0.00661	0.00661
51	0.69383	0.02109	0.01603	0.01434	0.02109	0.02446	0.01181	0.03205	0.01856	0.04892	0.01518	0.01771	0.01181	0.01012	0.00675	0.00337	0.00843	0.00590	0.00675	0.01181
52	0.01328	0.00949	0.01265	0.01518	0.01581	0.00886	0.01012	0.01518	0.02088	0.02783	0.06010	0.60969	0.07212	0.03416	0.01392	0.00443	0.00633	0.03100	0.01012	0.00886
53	0.04892	0.01856	0.02530	0.01940	0.02783	0.01603	0.01603	0.05314	0.03121	0.55634	0.04302	0.03711	0.02699	0.01350	0.01096	0.00337	0.00928	0.01096	0.01350	0.01856
54	0.02059	0.01938	0.03270	0.59060	0.07510	0.02422	0.03028	0.02786	0.02180	0.02786	0.01938	0.02907	0.01453	0.01090	0.01090	0.00363	0.01453	0.00969	0.00484	0.01211
55	0.02807	0.03097	0.11201	0.04125	0.05251	0.02597	0.40150	0.03704	0.02610	0.09648	0.02427	0.02965	0.01749	0.00982	0.01238	0.00362	0.01707	0.01214	0.00636	0.01531
56	0.01567	0.01132	0.01571	0.01571	0.01703	0.01264	0.01137	0.01831	0.01699	0.02397	0.03087	0.05203	0.03125	0.25420	0.40663	0.01528	0.02320	0.01303	0.00609	0.00873
57	0.64344	0.02182	0.01732	0.01517	0.02207	0.02518	0.01250	0.06915	0.02108	0.05045	0.01603	0.01837	0.01233	0.01035	0.00707	0.00337	0.00871	0.00621	0.00707	0.01233
58	0.15403	0.07468	0.03170	0.02272	0.03115	0.03291	0.01901	0.39178	0.04332	0.06195	0.02341	0.02403	0.01702	0.01228	0.00988	0.00322	0.01135	0.00883	0.00970	0.01702

[dist]
# distance from previous block
# <min> <max>
0	1

[block]
# block no. 3 follows, 12 sequences, length 51
# corresponding to MSA columns:
# 724-774
name=unknown_D
#
# <colnr> <probs for GDERKNQSTAVLIFYWHMCP>
#	G	D	E	R	K	N	Q	S	T	A	V	L	I	F	Y	W	H	M	C	P
0	0.01494	0.01185	0.01840	0.01818	0.02022	0.01106	0.06265	0.01813	0.02300	0.03114	0.13403	0.46340	0.07123	0.02962	0.01364	0.00419	0.00740	0.02727	0.00994	0.00970
1	0.13480	0.02423	0.03122	0.27163	0.13459	0.07947	0.02535	0.03296	0.02312	0.07459	0.02020	0.02625	0.01548	0.01135	0.01172	0.00350	0.05114	0.00891	0.00601	0.01348
2	0.02612	0.08697	0.02941	0.11094	0.03536	0.07642	0.01769	0.06385	0.02528	0.03471	0.01916	0.02307	0.01562	0.00933	0.00879	0.00225	0.01093	0.00721	0.00624	0.39063
3	0.01558	0.01168	0.01752	0.01752	0.01947	0.01363	0.01363	0.01947	0.01752	0.02531	0.02921	0.04283	0.02726	0.08178	0.57360	0.01752	0.02921	0.01168	0.00584	0.00974
4	0.02712	0.02342	0.02465	0.02219	0.02835	0.02712	0.01726	0.05794	0.52909	0.04561	0.04438	0.04068	0.03328	0.01479	0.01109	0.00370	0.00863	0.01233	0.01109	0.01726
5	0.02450	0.02568	0.04499	0.03448	0.03997	0.02912	0.22161	0.02992	0.02099	0.03073	0.01799	0.02601	0.01541	0.01393	0.02362	0.00401	0.30086	0.01060	0.00524	0.08035
6	0.01910	0.01646	0.01786	0.01855	0.02171	0.06915	0.01453	0.02273	0.02379	0.03067	0.04890	0.27650	0.05450	0.02650	0.01310	0.00409	0.00939	0.19709	0.00910	0.10626
7	0.01543	0.01115	0.01457	0.01372	0.01629	0.01029	0.01029	0.02058	0.03086	0.04372	0.54304	0.08145	0.10288	0.02229	0.01286	0.00343	0.00514	0.01972	0.01200	0.01029
8	0.01592	0.01105	0.01413	0.01336	0.01593	0.01028	0.01002	0.02106	0.03006	0.04342	0.49220	0.07736	0.09537	0.02133	0.01234	0.00334	0.00514	0.01876	0.07866	0.01028
9	0.02712	0.02342	0.02465	0.02219	0.02835	0.02712	0.01726	0.05794	0.52909	0.04561	0.04438	0.04068	0.03328	0.01479	0.01109	0.00370	0.00863	0.01233	0.01109	0.01726
10	0.01328	0.00949	0.01265	0.01518	0.01581	0.00886	0.01012	0.01518	0.02088	0.02783	0.06010	0.60969	0.07212	0.03416	0.01392	0.00443	0.00633	0.03100	0.01012	0.00886
11	0.01945	0.01095	0.01618	0.01569	0.01569	0.01193	0.01095	0.01544	0.01446	0.01969	0.01846	0.03219	0.01846	0.03594	0.04191	0.61300	0.06991	0.00948	0.00474	0.00547
12	0.01558	0.01168	0.01752	0.01752	0.01947	0.01363	0.01363	0.01947	0.01752	0.02531	0.02921	0.04283	0.02726	0.08178	0.57360	0.01752	0.02921	0.01168	0.00584	0.00974
13	0.02059	0.01938	0.03270	0.59060	0.07510	0.02422	0.03028	0.02786	0.02180	0.02786	0.01938	0.02907	0.01453	0.01090	0.01090	0.00363	0.01453	0.00969	0.00484	0.01211
14	0.03763	0.01800	0.02295	0.01745	0.02571	0.01497	0.01420	0.04213	0.02762	0.33771	0.03465	0.03277	0.02358	0.01167	0.00970	0.00272	0.00848	0.00943	0.07604	0.23257
15	0.02261	0.01938	0.02261	0.01615	0.02584	0.01453	0.01292	0.02745	0.02261	0.03553	0.01938	0.02261	0.01615	0.00807	0.00807	0.00161	0.00807	0.00646	0.00646	0.68346
16	0.02187	0.05640	0.56031	0.03108	0.04719	0.02532	0.04029	0.03453	0.02302	0.03453	0.01957	0.02302	0.01381	0.01036	0.01036	0.00345	0.01611	0.00806	0.00460	0.01611
17	0.01328	0.00949	0.01265	0.01518	0.01581	0.00886	0.01012	0.01518	0.02088	0.02783	0.06010	0.60969	0.07212	0.03416	0.01392	0.00443	0.00633	0.03100	0.01012	0.00886
18	0.01328	0.00949	0.01265	0.01518	0.01581	0.00886	0.01012	0.01518	0.02088	0.02783	0.06010	0.60969	0.07212	0.03416	0.01392	0.00443	0.00633	0.03100	0.01012	0.00886
19	0.01354	0.00959	0.01258	0.01486	0.01543	0.00902	0.00978	0.01525	0.02039	0.02718	0.05758	0.55713	0.06894	0.09105	0.01798	0.00503	0.00674	0.02952	0.00978	0.00864
20	0.69383	0.02109	0.01603	0.01434	0.02109	0.02446	0.01181	0.03205	0.01856	0.04892	0.01518	0.01771	0.01181	0.01012	0.00675	0.00337	0.00843	0.00590	0.00675	0.01181
21	0.03328	0.02980	0.12725	0.02933	0.03932	0.02430	0.14925	0.08365	0.12987	0.18927	0.03246	0.03253	0.02259	0.01207	0.01138	0.00352	0.01291	0.01114	0.00921	0.01688
22	0.02442	0.02616	0.08763	0.21998	0.18460	0.02567	0.02820	0.03920	0.17721	0.03603	0.02731	0.03143	0.02090	0.01171	0.01088	0.00353	0.01248	0.01033	0.00687	0.01547
23	0.02592	0.02043	0.02829	0.03253	0.15343	0.02239	0.02103	0.03706	0.15441	0.09022	0.03778	0.12597	0.03470	0.01842	0.01534	0.00395	0.09316	0.06152	0.00880	0.01467
24	0.01558	0.01168	0.01752	0.01752	0.01947	0.01363	0.01363	0.01947	0.01752	0.02531	0.02921	0.04283	0.02726	0.08178	0.57360	0.01752	0.02921	0.01168	0.00584	0.00974
25	0.21536	0.02802	0.02827	0.02222	0.03042	0.03132	0.01835	0.38437	0.04255	0.06344	0.02325	0.02392	0.01675	0.01230	0.00980	0.00330	0.01105	0.00877	0.00980	0.01675
26	0.02753	0.02108	0.02368	0.02045	0.02700	0.02257	0.01606	0.04866	0.34373	0.09568	0.03868	0.03760	0.02925	0.02028	0.06695	0.00471	0.01067	0.01117	0.01007	0.12415
27	0.09477	0.01883	0.02433	0.01868	0.02712	0.01651	0.01539	0.04891	0.02937	0.46454	0.03849	0.03416	0.02473	0.01268	0.01035	0.00319	0.00909	0.01012	0.01226	0.08647
28	0.01476	0.01112	0.01364	0.01301	0.01588	0.01000	0.00976	0.01927	0.02928	0.03995	0.42872	0.08765	0.21955	0.02370	0.01287	0.00350	0.00524	0.02059	0.01151	0.01000
29	0.02915	0.62337	0.05714	0.01866	0.02799	0.04314	0.01866	0.03265	0.02215	0.02565	0.01516	0.01749	0.01399	0.00933	0.00700	0.00233	0.01166	0.00583	0.00466	0.01399
30	0.01849	0.01558	0.01695	0.01672	0.01958	0.06722	0.01316	0.02337	0.02945	0.03929	0.37092	0.08548	0.08411	0.02311	0.01310	0.00376	0.00780	0.13056	0.01088	0.01046
31	0.01894	0.00947	0.01420	0.01420	0.01420	0.00947	0.00947	0.01420	0.01420	0.01894	0.01894	0.03314	0.01894	0.03788	0.04261	0.68277	0.00947	0.00947	0.00473	0.00473
32	0.04145	0.03054	0.03272	0.02509	0.03381	0.03381	0.02072	0.51243	0.05127	0.06872	0.02618	0.02618	0.01854	0.01309	0.01091	0.00327	0.01200	0.00982	0.01091	0.01854
33	0.01456	0.01111	0.01350	0.01456	0.01657	0.01050	0.01027	0.01929	0.06033	0.03213	0.15049	0.37141	0.17610	0.02936	0.01331	0.00405	0.00612	0.02604	0.01051	0.00978
34	0.69383	0.02109	0.01603	0.01434	0.02109	0.02446	0.01181	0.03205	0.01856	0.04892	0.01518	0.01771	0.01181	0.01012	0.00675	0.00337	0.00843	0.00590	0.00675	0.01181
35	0.02033	0.01016	0.01016	0.01016	0.01270	0.01016	0.00762	0.02541	0.02287	0.04065	0.03557	0.04065	0.02795	0.01270	0.00762	0.00254	0.00508	0.01016	0.67734	0.01016
36	0.01293	0.01088	0.01121	0.01148	0.01484	0.00917	0.00848	0.01560	0.02443	0.02928	0.10516	0.15804	0.49468	0.02830	0.01300	0.00376	0.00561	0.02385	0.01012	0.00917
37	0.02012	0.01271	0.01681	0.01778	0.02063	0.01226	0.01471	0.02402	0.02423	0.08556	0.05769	0.10381	0.10351	0.12280	0.02094	0.00561	0.00959	0.30706	0.00986	0.01030
38	0.26100	0.01862	0.02107	0.01711	0.02436	0.01824	0.01401	0.04266	0.02694	0.33277	0.08632	0.03529	0.02990	0.01329	0.00975	0.00338	0.00856	0.01019	0.01108	0.01543
39	0.02187	0.05640	0.56031	0.03108	0.04719	0.02532	0.04029	0.03453	0.02302	0.03453	0.01957	0.02302	0.01381	0.01036	0.01036	0.00345	0.01611	0.00806	0.00460	0.01611
40	0.01328	0.00949	0.01265	0.01518	0.01581	0.00886	0.01012	0.01518	0.02088	0.02783	0.06010	0.60969	0.07212	0.03416	0.01392	0.00443	0.00633	0.03100	0.01012	0.00886
41	0.01328	0.00949	0.01265	0.01518	0.01581	0.00886	0.01012	0.01518	0.02088	0.02783	0.06010	0.60969	0.07212	0.03416	0.01392	0.00443	0.00633	0.03100	0.01012	0.00886
42	0.03053	0.02316	0.02871	0.02388	0.03066	0.02506	0.06653	0.15142	0.24339	0.08976	0.03858	0.04404	0.03026	0.01508	0.01135	0.00362	0.01029	0.05676	0.06075	0.01616
43	0.43167	0.02252	0.02630	0.07135	0.19529	0.02491	0.02009	0.03222	0.02081	0.04316	0.01719	0.02150	0.01376	0.01004	0.00834	0.00335	0.01032	0.00740	0.00618	0.01359
44	0.03139	0.08130	0.20411	0.03623	0.16244	0.02848	0.02950	0.17155	0.03208	0.08548	0.02322	0.02559	0.01706	0.01115	0.01042	0.00326	0.01329	0.00903	0.00730	0.01712
45	0.02518	0.01973	0.02304	0.01703	0.02626	0.01595	0.01361	0.03265	0.07541	0.07822	0.02384	0.02563	0.01878	0.00920	0.00862	0.00197	0.00823	0.00742	0.00750	0.56174
46	0.01399	0.00971	0.01223	0.01425	0.01538	0.00903	0.00968	0.01630	0.02147	0.02934	0.06243	0.50054	0.11358	0.03126	0.01315	0.00416	0.00612	0.02803	0.08032	0.00903
47	0.01629	0.01053	0.01172	0.01172	0.01197	0.01053	0.00671	0.01679	0.01654	0.02305	0.03447	0.06836	0.03850	0.55782	0.05082	0.00979	0.01003	0.01530	0.07210	0.00695
48	0.02583	0.06949	0.03316	0.02339	0.03190	0.10866	0.10396	0.03107	0.02533	0.03412	0.07303	0.02904	0.02465	0.01034	0.00964	0.00242	0.01176	0.00903	0.00659	0.33658
49	0.64166	0.02184	0.01736	0.01520	0.02210	0.02521	0.01252	0.07047	0.02117	0.05050	0.01606	0.01839	0.01235	0.01036	0.00708	0.00337	0.00872	0.00622	0.00708	0.01235
50	0.02381	0.02749	0.09796	0.25025	0.20503	0.02563	0.14754	0.03187	0.02375	0.03249	0.02037	0.02793	0.01574	0.01009	0.01129	0.00351	0.01517	0.01029	0.00514	0.01464

[dist]
# distance from previous block
# <min> <max>
0	4

[block]
# block no. 4 follows, 12 sequences, length 40
# corresponding to MSA columns:
# 779-814,816-819
name=unknown_E
#
# <colnr> <probs for GDERKNQSTAVLIFYWHMCP>
#	G	D	E	R	K	N	Q	S	T	A	V	L	I	F	Y	W	H	M	C	P
0	0.26095	0.02397	0.02400	0.01996	0.02731	0.02667	0.01620	0.17297	0.16234	0.11661	0.02928	0.02844	0.02115	0.01257	0.00955	0.00343	0.00957	0.00928	0.00986	0.01591
1	0.02244	0.10047	0.52120	0.03011	0.04570	0.02671	0.03860	0.03438	0.02295	0.03384	0.01922	0.02259	0.01383	0.01028	0.01010	0.00337	0.01577	0.00788	0.00461	0.01595
2	0.01292	0.01092	0.01118	0.01139	0.01482	0.00918	0.00844	0.01561	0.02452	0.02932	0.10626	0.14697	0.50504	0.02816	0.01297	0.00374	0.00559	0.02368	0.01012	0.00918
3	0.02976	0.43039	0.16465	0.02148	0.03221	0.03617	0.02314	0.03536	0.02336	0.08711	0.01926	0.02091	0.01541	0.01002	0.00818	0.00270	0.01238	0.00690	0.00564	0.01497
4	0.02733	0.02696	0.05669	0.04083	0.05097	0.02520	0.42689	0.03577	0.02599	0.08081	0.02494	0.03096	0.01835	0.00984	0.01229	0.00356	0.01655	0.01249	0.05889	0.01469
5	0.01317	0.00993	0.01219	0.01400	0.01550	0.00896	0.00960	0.01532	0.02201	0.02830	0.07450	0.46534	0.20717	0.03229	0.01362	0.00421	0.00610	0.02871	0.01012	0.00896
6	0.07999	0.21660	0.08921	0.03071	0.09335	0.03043	0.12065	0.03804	0.06827	0.09816	0.02350	0.02588	0.01798	0.01048	0.00972	0.00313	0.01274	0.00908	0.00672	0.01536
7	0.02437	0.02332	0.04093	0.09932	0.36156	0.02344	0.08843	0.03074	0.02437	0.03398	0.02698	0.08576	0.02530	0.01348	0.01166	0.00357	0.01295	0.04847	0.00614	0.01523
8	0.01389	0.01222	0.01309	0.01265	0.01600	0.01142	0.00971	0.01662	0.02411	0.02916	0.10166	0.09752	0.49589	0.02683	0.01498	0.00378	0.05961	0.02178	0.00964	0.00945
9	0.01598	0.01045	0.01233	0.01257	0.01356	0.01017	0.00809	0.01808	0.02078	0.02968	0.14371	0.15819	0.05640	0.31172	0.03300	0.00694	0.00797	0.01835	0.10378	0.00824
10	0.08202	0.09368	0.03678	0.13377	0.18820	0.07063	0.02481	0.12457	0.02949	0.08303	0.02196	0.02571	0.01681	0.01097	0.01004	0.00320	0.01278	0.00890	0.00705	0.01558
11	0.01623	0.01249	0.01518	0.01612	0.01846	0.01246	0.01180	0.02376	0.10727	0.03366	0.13167	0.33919	0.12216	0.02816	0.01329	0.00414	0.00679	0.06605	0.01054	0.01060
12	0.01390	0.00994	0.01330	0.01544	0.01646	0.00934	0.01079	0.01643	0.02236	0.03003	0.11404	0.50806	0.07475	0.03248	0.01390	0.00437	0.00652	0.06846	0.01033	0.00912
13	0.69383	0.02109	0.01603	0.01434	0.02109	0.02446	0.01181	0.03205	0.01856	0.04892	0.01518	0.01771	0.01181	0.01012	0.00675	0.00337	0.00843	0.00590	0.00675	0.01181
14	0.11149	0.02431	0.02493	0.02170	0.02836	0.02790	0.01716	0.13000	0.38719	0.04984	0.03777	0.03545	0.02820	0.01394	0.01053	0.00359	0.00916	0.01112	0.01053	0.01680
15	0.02261	0.01938	0.02261	0.01615	0.02584	0.01453	0.01292	0.02745	0.02261	0.03553	0.01938	0.02261	0.01615	0.00807	0.00807	0.00161	0.00807	0.00646	0.00646	0.68346
16	0.03497	0.11059	0.03231	0.02468	0.03128	0.27039	0.01950	0.09944	0.19365	0.03741	0.02662	0.02694	0.02078	0.01236	0.01001	0.00309	0.01424	0.00891	0.00787	0.01497
17	0.02338	0.17415	0.45581	0.02850	0.04320	0.02902	0.03579	0.03414	0.02284	0.03269	0.01865	0.02187	0.01385	0.01015	0.00966	0.00322	0.01519	0.00759	0.00462	0.01567
18	0.02990	0.18542	0.16866	0.03494	0.14361	0.03042	0.07174	0.09427	0.02761	0.08221	0.02172	0.02463	0.01655	0.01047	0.00994	0.00311	0.01343	0.00874	0.00642	0.01620
19	0.02204	0.02053	0.02232	0.01967	0.02444	0.07890	0.05438	0.06686	0.11001	0.03714	0.13063	0.13120	0.19571	0.02107	0.01222	0.00361	0.00924	0.01812	0.00972	0.01220
20	0.01894	0.00947	0.01420	0.01420	0.01420	0.00947	0.00947	0.01420	0.01420	0.01894	0.01894	0.03314	0.01894	0.03788	0.04261	0.68277	0.00947	0.00947	0.00473	0.00473
21	0.02261	0.01938	0.02261	0.01615	0.02584	0.01453	0.01292	0.02745	0.02261	0.03553	0.01938	0.02261	0.01615	0.00807	0.00807	0.00161	0.00807	0.00646	0.00646	0.68346
22	0.41277	0.03281	0.15449	0.02442	0.07685	0.07001	0.02160	0.03374	0.02125	0.04231	0.01689	0.02003	0.01299	0.01023	0.00827	0.00333	0.01167	0.00688	0.00600	0.01344
23	0.01548	0.01173	0.01488	0.01526	0.01607	0.01232	0.01051	0.01732	0.02040	0.02772	0.10994	0.28584	0.09025	0.20438	0.02857	0.00613	0.07360	0.02217	0.00870	0.00873
24	0.02939	0.07028	0.03773	0.11096	0.25791	0.02792	0.02619	0.17013	0.03192	0.04300	0.02902	0.03272	0.06049	0.01229	0.01073	0.00327	0.01216	0.01054	0.00726	0.01609
25	0.03423	0.02924	0.04338	0.07768	0.08414	0.07259	0.18908	0.18008	0.03410	0.10801	0.02512	0.02837	0.01813	0.01122	0.01149	0.00341	0.01475	0.01075	0.00806	0.01616
26	0.01328	0.00949	0.01265	0.01518	0.01581	0.00886	0.01012	0.01518	0.02088	0.02783	0.06010	0.60969	0.07212	0.03416	0.01392	0.00443	0.00633	0.03100	0.01012	0.00886
