[name]
unknown

[dist]
# distance from previous block
# <min> <max>
20	869

[block]
# block no. 0 follows, 13 sequences, length 21
# corresponding to MSA columns:
# 877-897
name=unknown_A
#
# <colnr> <probs for GDERKNQSTAVLIFYWHMCP>
#	G	D	E	R	K	N	Q	S	T	A	V	L	I	F	Y	W	H	M	C	P
0	0.16917	0.01941	0.02301	0.07458	0.02945	0.02003	0.01603	0.12376	0.02943	0.24589	0.06121	0.08554	0.02870	0.01443	0.01017	0.00338	0.00931	0.01158	0.01015	0.01478
1	0.03321	0.08697	0.03327	0.16722	0.04139	0.02616	0.04854	0.15367	0.09042	0.16994	0.02839	0.02956	0.02007	0.01186	0.01032	0.00326	0.01154	0.00980	0.00882	0.01562
2	0.02777	0.03024	0.08670	0.27241	0.04968	0.13743	0.02513	0.12362	0.02844	0.03582	0.02078	0.02610	0.01567	0.01111	0.01006	0.00320	0.01408	0.00877	0.05974	0.01327
3	0.15664	0.02282	0.07242	0.17761	0.08073	0.02158	0.02109	0.07588	0.02473	0.03895	0.08072	0.02993	0.02422	0.01132	0.00950	0.00306	0.01065	0.00917	0.00670	0.12228
4	0.16947	0.02613	0.07030	0.07268	0.03136	0.08021	0.01785	0.07969	0.05083	0.06369	0.02317	0.06204	0.01929	0.01169	0.00909	0.00289	0.01067	0.00897	0.00713	0.18287
5	0.02051	0.08076	0.02282	0.06677	0.02547	0.01856	0.01427	0.07372	0.08615	0.03671	0.15441	0.16339	0.09610	0.01917	0.01112	0.00330	0.00798	0.01643	0.00908	0.07326
6	0.02607	0.02172	0.07566	0.06617	0.02980	0.02021	0.01875	0.09016	0.09686	0.12146	0.12808	0.05125	0.08567	0.01704	0.01354	0.00360	0.06417	0.04658	0.00945	0.01375
7	0.08935	0.01862	0.02141	0.06981	0.02737	0.01916	0.01464	0.08894	0.11826	0.06698	0.11610	0.04076	0.03531	0.07790	0.01455	0.00374	0.00880	0.01121	0.00870	0.14840
8	0.10590	0.02118	0.02794	0.27806	0.04735	0.02448	0.02221	0.16473	0.02889	0.08273	0.02280	0.02799	0.01693	0.01754	0.06278	0.00461	0.01364	0.00928	0.00726	0.01369
9	0.09818	0.01608	0.01961	0.01656	0.02212	0.01537	0.01291	0.03909	0.07016	0.30162	0.07287	0.09406	0.03547	0.08610	0.01544	0.00416	0.00829	0.01309	0.04468	0.01415
10	0.26187	0.02095	0.01767	0.01600	0.02064	0.08407	0.01214	0.06138	0.07080	0.03869	0.08317	0.04396	0.08482	0.12242	0.01706	0.00450	0.00944	0.01140	0.00787	0.01116
11	0.10349	0.02093	0.06604	0.01789	0.02342	0.06579	0.01490	0.02962	0.02390	0.14081	0.07411	0.23204	0.04131	0.01916	0.01084	0.00342	0.00901	0.01627	0.00903	0.07801
12	0.01323	0.00957	0.01217	0.01389	0.01489	0.00888	0.00931	0.01520	0.02087	0.02762	0.09619	0.47557	0.12043	0.08872	0.01718	0.00472	0.00637	0.02706	0.00962	0.00851
13	0.02305	0.20634	0.43816	0.02699	0.04089	0.02907	0.03358	0.03301	0.02210	0.03123	0.01786	0.02092	0.01344	0.00978	0.00919	0.00306	0.01450	0.00725	0.00448	0.01509
14	0.02917	0.14703	0.03327	0.18757	0.04073	0.02746	0.02069	0.07526	0.17116	0.11909	0.02880	0.03006	0.02125	0.01186	0.00986	0.00322	0.01094	0.00955	0.00809	0.01494
15	0.01680	0.01063	0.01363	0.01430	0.01648	0.00960	0.01017	0.01953	0.02349	0.08693	0.14631	0.38980	0.14597	0.02813	0.01287	0.00391	0.00613	0.02501	0.01046	0.00986
16	0.02104	0.01214	0.01552	0.01409	0.01779	0.01082	0.01077	0.02519	0.02821	0.14706	0.33281	0.11694	0.16276	0.02168	0.01218	0.00343	0.00597	0.01880	0.01147	0.01133
17	0.02579	0.03355	0.19300	0.09945	0.30829	0.02569	0.03264	0.08925	0.02626	0.03725	0.02016	0.02516	0.01568	0.01008	0.01037	0.00324	0.01347	0.00897	0.00558	0.01611
18	0.02192	0.01879	0.02192	0.01566	0.02506	0.01409	0.01253	0.02662	0.02192	0.03445	0.01879	0.02192	0.01566	0.00783	0.00783	0.00157	0.00783	0.00626	0.00626	0.69305
19	0.01350	0.00999	0.01155	0.01249	0.01387	0.00919	0.00823	0.01506	0.02003	0.02557	0.06646	0.29159	0.21651	0.20779	0.02514	0.00583	0.00711	0.02323	0.00880	0.00805
20	0.02004	0.01682	0.01816	0.01677	0.02132	0.01797	0.01288	0.03704	0.28890	0.03956	0.17377	0.06511	0.19021	0.01933	0.01161	0.00352	0.00680	0.01635	0.01070	0.01312

[dist]
# distance from previous block
# <min> <max>
0	3

[block]
# block no. 1 follows, 13 sequences, length 26
# corresponding to MSA columns:
# 901-926
name=unknown_B
#
# <colnr> <probs for GDERKNQSTAVLIFYWHMCP>
#	G	D	E	R	K	N	Q	S	T	A	V	L	I	F	Y	W	H	M	C	P
0	0.36178	0.02416	0.02452	0.02643	0.12667	0.06486	0.01755	0.07392	0.06522	0.09244	0.02135	0.02314	0.01611	0.01070	0.00852	0.00322	0.01016	0.00774	0.00746	0.01403
1	0.02553	0.03434	0.22176	0.09077	0.27051	0.02419	0.06927	0.03393	0.02379	0.07444	0.02127	0.02595	0.01607	0.00997	0.01049	0.00328	0.01383	0.00919	0.00554	0.01588
2	0.02318	0.09005	0.02692	0.09659	0.06994	0.02141	0.01749	0.03198	0.11323	0.08313	0.14239	0.04965	0.11457	0.01628	0.01256	0.00338	0.05235	0.01328	0.00862	0.01300
3	0.07446	0.23135	0.03894	0.02924	0.14500	0.03023	0.02033	0.13868	0.02839	0.07343	0.02392	0.07747	0.02108	0.01244	0.00927	0.00297	0.01082	0.00989	0.00717	0.01492
4	0.02752	0.23078	0.03651	0.02397	0.08985	0.02799	0.01803	0.03815	0.15154	0.07248	0.02518	0.02608	0.01995	0.01042	0.00871	0.00261	0.00979	0.00815	0.00715	0.16512
5	0.01288	0.00920	0.01227	0.01472	0.01534	0.00859	0.00981	0.01472	0.02024	0.02699	0.05828	0.62152	0.06993	0.03312	0.01350	0.00429	0.00613	0.03006	0.00981	0.00859
6	0.03200	0.03618	0.03725	0.04841	0.33059	0.27060	0.02719	0.03673	0.02665	0.03075	0.01834	0.02306	0.01538	0.01007	0.01006	0.00296	0.01541	0.00828	0.00533	0.01478
7	0.02620	0.09690	0.34028	0.02892	0.07702	0.02567	0.03059	0.09840	0.02703	0.07654	0.05582	0.02716	0.02075	0.01122	0.01005	0.00320	0.01332	0.00889	0.00641	0.01564
8	0.70310	0.02045	0.01554	0.01390	0.02045	0.02372	0.01145	0.03108	0.01799	0.04744	0.01472	0.01718	0.01145	0.00981	0.00654	0.00327	0.00818	0.00573	0.00654	0.01145
9	0.01250	0.01071	0.01071	0.01071	0.01428	0.00893	0.00803	0.01517	0.02410	0.02856	0.10711	0.10175	0.55817	0.02678	0.01250	0.00357	0.00536	0.02231	0.00982	0.00893
10	0.04744	0.01799	0.02454	0.01881	0.02699	0.01554	0.01554	0.05153	0.03026	0.56979	0.04171	0.03599	0.02617	0.01309	0.01063	0.00327	0.00900	0.01063	0.01309	0.01799
11	0.03439	0.02968	0.03188	0.03431	0.17001	0.13457	0.02218	0.15101	0.13784	0.10504	0.02773	0.02849	0.02070	0.01187	0.01039	0.00317	0.01234	0.00960	0.00851	0.01630
12	0.01515	0.01015	0.01160	0.01182	0.01188	0.01010	0.00672	0.01532	0.01582	0.02110	0.03560	0.11980	0.04132	0.57387	0.05012	0.00970	0.00987	0.01672	0.00672	0.00661
13	0.01510	0.01133	0.01699	0.01699	0.01888	0.01322	0.01322	0.01888	0.01699	0.02454	0.02832	0.04154	0.02643	0.07930	0.58652	0.01699	0.02832	0.01133	0.00566	0.00944
14	0.02827	0.63478	0.05540	0.01809	0.02714	0.04184	0.01809	0.03166	0.02148	0.02488	0.01470	0.01696	0.01357	0.00905	0.00678	0.00226	0.01131	0.00565	0.00452	0.01357
15	0.02165	0.05161	0.51338	0.03184	0.04688	0.02481	0.09623	0.03353	0.02263	0.03353	0.01926	0.02305	0.01371	0.00991	0.01033	0.00337	0.01589	0.00836	0.00457	0.01546
16	0.04019	0.02962	0.03173	0.02433	0.03279	0.03279	0.02010	0.52721	0.04971	0.06663	0.02538	0.02538	0.01798	0.01269	0.01058	0.00317	0.01163	0.00952	0.01058	0.01798
17	0.03855	0.02880	0.03081	0.02400	0.03216	0.03202	0.01970	0.47169	0.10789	0.06399	0.02746	0.02704	0.01967	0.01289	0.01060	0.00322	0.01125	0.00981	0.01060	0.01783
18	0.18639	0.03292	0.21820	0.07776	0.03941	0.02255	0.08913	0.03106	0.02143	0.03650	0.01821	0.02234	0.01376	0.00947	0.00914	0.00303	0.01249	0.00776	0.00544	0.14300
19	0.01307	0.00935	0.01244	0.01459	0.01538	0.00871	0.00983	0.01520	0.02113	0.02840	0.10391	0.57186	0.07266	0.03207	0.01340	0.00421	0.00603	0.02906	0.00998	0.00871
20	0.01837	0.00918	0.01377	0.01377	0.01377	0.00918	0.00918	0.01377	0.01377	0.01837	0.01837	0.03214	0.01837	0.03673	0.04132	0.69238	0.00918	0.00918	0.00459	0.00459
21	0.02121	0.05469	0.57364	0.03014	0.04576	0.02455	0.03906	0.03348	0.02232	0.03348	0.01897	0.02232	0.01339	0.01005	0.01005	0.00335	0.01563	0.00781	0.00446	0.01563
22	0.03109	0.22702	0.14247	0.06994	0.03666	0.14145	0.02390	0.14319	0.02951	0.03611	0.01852	0.02115	0.01456	0.01053	0.00908	0.00286	0.01394	0.00744	0.00604	0.01454
23	0.01507	0.01127	0.01430	0.01485	0.01759	0.01049	0.01201	0.01943	0.02644	0.03501	0.26253	0.09922	0.20316	0.02565	0.01324	0.00394	0.00678	0.18891	0.01049	0.00962
24	0.01837	0.00918	0.01377	0.01377	0.01377	0.00918	0.00918	0.01377	0.01377	0.01837	0.01837	0.03214	0.01837	0.03673	0.04132	0.69238	0.00918	0.00918	0.00459	0.00459
25	0.70310	0.02045	0.01554	0.01390	0.02045	0.02372	0.01145	0.03108	0.01799	0.04744	0.01472	0.01718	0.01145	0.00981	0.00654	0.00327	0.00818	0.00573	0.00654	0.01145

[dist]
# distance from previous block
# <min> <max>
0	6

[block]
# block no. 2 follows, 13 sequences, length 14
# corresponding to MSA columns:
# 933-946
name=unknown_C
#
# <colnr> <probs for GDERKNQSTAVLIFYWHMCP>
#	G	D	E	R	K	N	Q	S	T	A	V	L	I	F	Y	W	H	M	C	P
0	0.02281	0.11131	0.42625	0.02741	0.04071	0.02669	0.03309	0.03709	0.10945	0.03436	0.02254	0.02462	0.01657	0.01066	0.00982	0.00327	0.01395	0.00828	0.00552	0.01559
1	0.02313	0.02313	0.03238	0.02776	0.02776	0.03238	0.02313	0.02545	0.01619	0.02545	0.01388	0.02313	0.01388	0.01851	0.03470	0.00463	0.60907	0.00925	0.00463	0.01157
2	0.01600	0.01143	0.01584	0.01828	0.02026	0.01127	0.01523	0.02011	0.02331	0.03048	0.05656	0.24502	0.06312	0.03019	0.01433	0.00472	0.00883	0.37581	0.00976	0.00945
3	0.02313	0.02313	0.03238	0.02776	0.02776	0.03238	0.02313	0.02545	0.01619	0.02545	0.01388	0.02313	0.01388	0.01851	0.03470	0.00463	0.60907	0.00925	0.00463	0.01157
4	0.02313	0.02313	0.03238	0.02776	0.02776	0.03238	0.02313	0.02545	0.01619	0.02545	0.01388	0.02313	0.01388	0.01851	0.03470	0.00463	0.60907	0.00925	0.00463	0.01157
5	0.70310	0.02045	0.01554	0.01390	0.02045	0.02372	0.01145	0.03108	0.01799	0.04744	0.01472	0.01718	0.01145	0.00981	0.00654	0.00327	0.00818	0.00573	0.00654	0.01145
6	0.01513	0.01122	0.01644	0.01644	0.01814	0.01292	0.01253	0.01853	0.01683	0.02414	0.02882	0.04432	0.02764	0.13452	0.53295	0.01631	0.02650	0.01174	0.00574	0.00914
7	0.01510	0.01133	0.01699	0.01699	0.01888	0.01322	0.01322	0.01888	0.01699	0.02454	0.02832	0.04154	0.02643	0.07930	0.58652	0.01699	0.02832	0.01133	0.00566	0.00944
8	0.11868	0.01823	0.02186	0.11349	0.03146	0.01663	0.01494	0.02666	0.02203	0.03587	0.07232	0.02803	0.02325	0.00996	0.00857	0.00232	0.00864	0.00800	0.00658	0.41248
9	0.07992	0.02678	0.03261	0.08773	0.23834	0.12248	0.02385	0.03901	0.02621	0.18393	0.02496	0.02723	0.01826	0.01084	0.01009	0.00314	0.01255	0.00904	0.00753	0.01551
10	0.60522	0.02536	0.09565	0.01623	0.02408	0.02384	0.01541	0.03143	0.01862	0.04543	0.01533	0.01791	0.01173	0.00985	0.00705	0.00328	0.00925	0.00602	0.00624	0.01205
11	0.15239	0.03122	0.19409	0.02196	0.03180	0.02221	0.02247	0.11752	0.02876	0.19016	0.06427	0.02976	0.02354	0.01211	0.00985	0.00328	0.01105	0.00931	0.00873	0.01551
12	0.12879	0.01919	0.02334	0.01984	0.06162	0.01672	0.01477	0.03625	0.02438	0.22090	0.02619	0.02638	0.01875	0.01004	0.00879	0.00251	0.00860	0.00791	0.00859	0.31645
13	0.02120	0.08337	0.02513	0.09814	0.03011	0.01912	0.01535	0.02958	0.09793	0.03443	0.10515	0.03939	0.07393	0.01278	0.00956	0.00262	0.00855	0.01059	0.00756	0.27550

[dist]
# distance from previous block
# <min> <max>
1	3

[block]
# block no. 3 follows, 13 sequences, length 13
# corresponding to MSA columns:
# 950-962
name=unknown_D
#
# <colnr> <probs for GDERKNQSTAVLIFYWHMCP>
#	G	D	E	R	K	N	Q	S	T	A	V	L	I	F	Y	W	H	M	C	P
0	0.03211	0.03809	0.03106	0.02747	0.03046	0.33610	0.02165	0.03465	0.02375	0.02568	0.01523	0.02090	0.01374	0.01433	0.02089	0.00358	0.28538	0.00791	0.00508	0.01195
1	0.02875	0.02214	0.04175	0.15732	0.04839	0.02169	0.24046	0.03567	0.02592	0.17045	0.07304	0.03479	0.02556	0.01146	0.01159	0.00346	0.01362	0.01191	0.00774	0.01429
2	0.02732	0.02882	0.09358	0.04360	0.12495	0.02511	0.36065	0.03558	0.02521	0.09289	0.02323	0.02854	0.01706	0.00953	0.01180	0.00346	0.01593	0.01148	0.00612	0.01513
3	0.04744	0.01799	0.02454	0.01881	0.02699	0.01554	0.01554	0.05153	0.03026	0.56979	0.04171	0.03599	0.02617	0.01309	0.01063	0.00327	0.00900	0.01063	0.01309	0.01799
4	0.02496	0.02852	0.06239	0.04456	0.05526	0.02674	0.52406	0.03387	0.02496	0.03387	0.02139	0.02852	0.01604	0.00891	0.01248	0.00357	0.01783	0.01248	0.00535	0.01426
5	0.01366	0.01055	0.01246	0.01241	0.01510	0.00936	0.00915	0.01727	0.02622	0.03460	0.30367	0.16022	0.28668	0.02529	0.01262	0.00356	0.00529	0.02190	0.01064	0.00936
6	0.02827	0.63478	0.05540	0.01809	0.02714	0.04184	0.01809	0.03166	0.02148	0.02488	0.01470	0.01696	0.01357	0.00905	0.00678	0.00226	0.01131	0.00565	0.00452	0.01357
7	0.01704	0.01217	0.01704	0.01947	0.02191	0.01217	0.01704	0.02191	0.02434	0.03164	0.05598	0.11926	0.06085	0.02921	0.01460	0.00487	0.00974	0.49130	0.00974	0.00974
8	0.01304	0.01073	0.01146	0.01128	0.01461	0.00916	0.00846	0.01622	0.02538	0.03161	0.20604	0.09674	0.45734	0.02564	0.01249	0.00352	0.00527	0.02161	0.01022	0.00916
9	0.02354	0.24610	0.40264	0.02616	0.03962	0.03026	0.03214	0.03288	0.02205	0.03064	0.01756	0.02055	0.01345	0.00972	0.00897	0.00299	0.01420	0.00710	0.00448	0.01495
10	0.02498	0.04664	0.34686	0.14281	0.04824	0.14783	0.03305	0.03413	0.02377	0.03053	0.01836	0.02277	0.01358	0.01034	0.01004	0.00325	0.01608	0.00791	0.00473	0.01412
11	0.03473	0.02288	0.02581	0.02104	0.02801	0.02450	0.01695	0.22305	0.19384	0.16712	0.09350	0.03796	0.03324	0.01428	0.01086	0.00334	0.00932	0.01157	0.01130	0.01671
12	0.01288	0.00920	0.01227	0.01472	0.01534	0.00859	0.00981	0.01472	0.02024	0.02699	0.05828	0.62152	0.06993	0.03312	0.01350	0.00429	0.00613	0.03006	0.00981	0.00859

[dist]
# distance from previous block
# <min> <max>
0	15

[block]
# block no. 4 follows, 13 sequences, length 20
# corresponding to MSA columns:
# 979-998
name=unknown_E
#
# <colnr> <probs for GDERKNQSTAVLIFYWHMCP>
#	G	D	E	R	K	N	Q	S	T	A	V	L	I	F	Y	W	H	M	C	P
0	0.02714	0.02863	0.03480	0.23591	0.23677	0.15389	0.02753	0.03451	0.06069	0.03067	0.02032	0.02615	0.01621	0.01049	0.01031	0.00321	0.01429	0.00899	0.00549	0.01401
1	0.01927	0.01222	0.01630	0.01651	0.01970	0.01150	0.01366	0.02389	0.02687	0.09425	0.22932	0.09482	0.11525	0.02463	0.01325	0.00405	0.00764	0.23544	0.01076	0.01065
2	0.01393	0.01001	0.01320	0.01401	0.01557	0.00928	0.00990	0.01734	0.02510	0.03472	0.30826	0.34951	0.08489	0.02735	0.01298	0.00381	0.00556	0.02457	0.01073	0.00928
3	0.02827	0.63478	0.05540	0.01809	0.02714	0.04184	0.01809	0.03166	0.02148	0.02488	0.01470	0.01696	0.01357	0.00905	0.00678	0.00226	0.01131	0.00565	0.00452	0.01357
4	0.01496	0.01081	0.01413	0.01330	0.01580	0.00998	0.00998	0.01995	0.02993	0.04240	0.55689	0.07898	0.09976	0.02162	0.01247	0.00333	0.00499	0.01912	0.01164	0.00998
5	0.70310	0.02045	0.01554	0.01390	0.02045	0.02372	0.01145	0.03108	0.01799	0.04744	0.01472	0.01718	0.01145	0.00981	0.00654	0.00327	0.00818	0.00573	0.00654	0.01145
6	0.01971	0.00985	0.00985	0.00985	0.01232	0.00985	0.00739	0.02464	0.02217	0.03942	0.03449	0.03942	0.02710	0.01232	0.00739	0.00246	0.00493	0.00985	0.68712	0.00985
7	0.70310	0.02045	0.01554	0.01390	0.02045	0.02372	0.01145	0.03108	0.01799	0.04744	0.01472	0.01718	0.01145	0.00981	0.00654	0.00327	0.00818	0.00573	0.00654	0.01145
8	0.01257	0.01041	0.01102	0.01152	0.01449	0.00886	0.00839	0.01508	0.02332	0.02825	0.09730	0.20619	0.46007	0.02805	0.01270	0.00372	0.00551	0.02387	0.00982	0.00886
9	0.70310	0.02045	0.01554	0.01390	0.02045	0.02372	0.01145	0.03108	0.01799	0.04744	0.01472	0.01718	0.01145	0.00981	0.00654	0.00327	0.00818	0.00573	0.00654	0.01145
10	0.70310	0.02045	0.01554	0.01390	0.02045	0.02372	0.01145	0.03108	0.01799	0.04744	0.01472	0.01718	0.01145	0.00981	0.00654	0.00327	0.00818	0.00573	0.00654	0.01145
11	0.11316	0.02861	0.02995	0.02318	0.03143	0.03179	0.01914	0.47260	0.04622	0.06452	0.02421	0.02448	0.01726	0.01238	0.01013	0.00318	0.01125	0.00910	0.01013	0.01726
12	0.04019	0.02962	0.03173	0.02433	0.03279	0.03279	0.02010	0.52721	0.04971	0.06663	0.02538	0.02538	0.01798	0.01269	0.01058	0.00317	0.01163	0.00952	0.01058	0.01798
13	0.01997	0.01879	0.03171	0.60301	0.07282	0.02349	0.02936	0.02701	0.02114	0.02701	0.01879	0.02819	0.01409	0.01057	0.01057	0.00352	0.01409	0.00940	0.00470	0.01175
14	0.02025	0.01890	0.02687	0.02390	0.02458	0.02551	0.01958	0.02309	0.01648	0.02512	0.01906	0.02973	0.01838	0.04030	0.23253	0.00906	0.40086	0.01000	0.00500	0.01080
15	0.01416	0.01094	0.01286	0.01386	0.01645	0.00998	0.01079	0.01717	0.02298	0.02860	0.07982	0.16135	0.30883	0.08143	0.01690	0.00463	0.00719	0.16365	0.00949	0.00891
16	0.03776	0.01806	0.02298	0.01856	0.02515	0.01703	0.01493	0.12693	0.03252	0.34663	0.11232	0.10595	0.03988	0.01646	0.01120	0.00338	0.00858	0.01380	0.01207	0.01582
17	0.02178	0.08897	0.03597	0.46082	0.13720	0.02579	0.02853	0.02831	0.02160	0.02784	0.01849	0.02664	0.01441	0.01024	0.01013	0.00333	0.01356	0.00898	0.00475	0.01266
18	0.02464	0.02324	0.03932	0.12131	0.45849	0.02377	0.03071	0.03088	0.02377	0.03343	0.02303	0.03482	0.02044	0.01134	0.01085	0.00334	0.01248	0.05301	0.00558	0.01555
19	0.01602	0.01039	0.01417	0.01417	0.01489	0.01111	0.00969	0.01631	0.01559	0.02151	0.02768	0.04941	0.02885	0.27148	0.25373	0.18304	0.01687	0.01229	0.00567	0.00711

[dist]
# distance from previous block
# <min> <max>
0	2

[block]
# block no. 5 follows, 13 sequences, length 30
# corresponding to MSA columns:
# 1001-1030
name=unknown_F
#
# <colnr> <probs for GDERKNQSTAVLIFYWHMCP>
#	G	D	E	R	K	N	Q	S	T	A	V	L	I	F	Y	W	H	M	C	P
0	0.60114	0.11327	0.02156	0.01454	0.02146	0.02646	0.01245	0.03117	0.01852	0.04403	0.01472	0.01714	0.01177	0.00970	0.00658	0.00312	0.00865	0.00571	0.00624	0.01177
1	0.02068	0.01163	0.01230	0.01157	0.01453	0.01176	0.00883	0.06534	0.02561	0.04211	0.11267	0.04424	0.03733	0.01375	0.00842	0.00265	0.00549	0.01123	0.52931	0.01054
2	0.02731	0.03067	0.18844	0.10717	0.11907	0.02268	0.02683	0.06663	0.09310	0.12270	0.06635	0.03249	0.02519	0.01208	0.01058	0.00335	0.01193	0.01020	0.00770	0.01552
3	0.08703	0.01995	0.02481	0.01939	0.02733	0.01902	0.01593	0.10988	0.07019	0.43431	0.03804	0.03372	0.02466	0.01292	0.01037	0.00328	0.00923	0.01028	0.01218	0.01748
4	0.02721	0.03083	0.11113	0.19058	0.07989	0.09430	0.02557	0.10404	0.15565	0.03788	0.02547	0.02848	0.01913	0.01167	0.01041	0.00334	0.01308	0.00950	0.00707	0.01478
5	0.70310	0.02045	0.01554	0.01390	0.02045	0.02372	0.01145	0.03108	0.01799	0.04744	0.01472	0.01718	0.01145	0.00981	0.00654	0.00327	0.00818	0.00573	0.00654	0.01145
6	0.01348	0.01075	0.01207	0.01174	0.01488	0.00934	0.00880	0.01707	0.02641	0.03405	0.28550	0.09272	0.37636	0.02473	0.01249	0.00347	0.00521	0.02105	0.01054	0.00934
7	0.02630	0.02271	0.02391	0.02152	0.02749	0.02630	0.01674	0.05618	0.54336	0.04423	0.04303	0.03945	0.03228	0.01434	0.01076	0.00359	0.00837	0.01195	0.01076	0.01674
8	0.01288	0.00920	0.01227	0.01472	0.01534	0.00859	0.00981	0.01472	0.02024	0.02699	0.05828	0.62152	0.06993	0.03312	0.01350	0.00429	0.00613	0.03006	0.00981	0.00859
9	0.04019	0.02962	0.03173	0.02433	0.03279	0.03279	0.02010	0.52721	0.04971	0.06663	0.02538	0.02538	0.01798	0.01269	0.01058	0.00317	0.01163	0.00952	0.01058	0.01798
10	0.02192	0.01879	0.02192	0.01566	0.02506	0.01409	0.01253	0.02662	0.02192	0.03445	0.01879	0.02192	0.01566	0.00783	0.00783	0.00157	0.00783	0.00626	0.00626	0.69305
11	0.01782	0.01446	0.02148	0.02647	0.15529	0.01384	0.01571	0.02314	0.02844	0.04039	0.41986	0.06550	0.07858	0.01850	0.01196	0.00328	0.00692	0.01665	0.01000	0.01170
12	0.02496	0.02852	0.06239	0.04456	0.05526	0.02674	0.52406	0.03387	0.02496	0.03387	0.02139	0.02852	0.01604	0.00891	0.01248	0.00357	0.01783	0.01248	0.00535	0.01426
13	0.04253	0.01691	0.02296	0.01798	0.02530	0.01470	0.01470	0.04676	0.03021	0.49010	0.11955	0.04248	0.03729	0.01438	0.01091	0.00328	0.00839	0.01192	0.01287	0.01678
14	0.04295	0.11192	0.03058	0.02214	0.06697	0.02024	0.01719	0.04710	0.02847	0.44734	0.03599	0.03237	0.02356	0.01220	0.01004	0.00311	0.00961	0.00979	0.01120	0.01723
15	0.01997	0.01879	0.03171	0.60301	0.07282	0.02349	0.02936	0.02701	0.02114	0.02701	0.01879	0.02819	0.01409	0.01057	0.01057	0.00352	0.01409	0.00940	0.00470	0.01175
16	0.14651	0.01836	0.02318	0.01807	0.02600	0.01678	0.01492	0.04844	0.02841	0.49086	0.03763	0.03315	0.02395	0.01259	0.01001	0.00327	0.00887	0.00989	0.01210	0.01701
17	0.03950	0.05039	0.02996	0.02724	0.03269	0.58597	0.02043	0.04222	0.02996	0.02588	0.01634	0.01907	0.01362	0.01090	0.00953	0.00272	0.01907	0.00681	0.00545	0.01226
18	0.03268	0.02861	0.19073	0.11005	0.03867	0.01901	0.02428	0.03977	0.02646	0.28223	0.07382	0.03422	0.02655	0.01249	0.01060	0.00334	0.01144	0.01029	0.00909	0.01567
19	0.01309	0.00998	0.01211	0.01368	0.01550	0.00900	0.00977	0.01548	0.02196	0.02793	0.07550	0.39477	0.24331	0.03054	0.01323	0.00408	0.00615	0.06530	0.00981	0.00880
20	0.13766	0.02349	0.02525	0.02065	0.02798	0.02554	0.01673	0.19963	0.19377	0.16936	0.03290	0.03088	0.02326	0.01286	0.01004	0.00334	0.00951	0.00995	0.01059	0.01661
21	0.02899	0.03025	0.15205	0.11588	0.12005	0.06044	0.08945	0.03604	0.02522	0.15553	0.03007	0.03251	0.05202	0.01171	0.01075	0.00332	0.01328	0.01038	0.00712	0.01494
22	0.02768	0.09815	0.31774	0.03247	0.11108	0.02476	0.06193	0.03655	0.02412	0.13266	0.02307	0.02526	0.01641	0.01036	0.01005	0.00321	0.01370	0.00864	0.00623	0.01594
23	0.03455	0.02611	0.08934	0.03198	0.04198	0.02161	0.25840	0.04162	0.02707	0.27018	0.03015	0.03128	0.02028	0.01085	0.01146	0.00342	0.01374	0.01127	0.00868	0.01602
24	0.63989	0.02021	0.01641	0.01438	0.02108	0.02293	0.01184	0.03305	0.01918	0.09780	0.01732	0.01899	0.01287	0.01013	0.00694	0.00327	0.00826	0.00620	0.00717	0.01208
25	0.01539	0.07013	0.01687	0.01454	0.01625	0.01253	0.01046	0.01770	0.02117	0.02818	0.12369	0.34921	0.06258	0.13848	0.02019	0.00509	0.00745	0.05221	0.00894	0.00895
26	0.34686	0.11712	0.10584	0.01754	0.02565	0.02418	0.01697	0.03314	0.02193	0.11018	0.07117	0.02634	0.02251	0.01130	0.00821	0.00314	0.00956	0.00796	0.00728	0.01311
27	0.02873	0.49329	0.05429	0.02287	0.03186	0.08601	0.09474	0.03290	0.02273	0.02632	0.01585	0.01889	0.01395	0.00918	0.00788	0.00250	0.01295	0.00678	0.00473	0.01356
28	0.02139	0.02397	0.08879	0.34418	0.12637	0.02333	0.10439	0.02894	0.02248	0.03004	0.02252	0.03519	0.01866	0.01171	0.01114	0.00358	0.01424	0.05085	0.00527	0.01297
29	0.02884	0.01572	0.01952	0.01697	0.02172	0.01520	0.01317	0.11521	0.03049	0.20102	0.15261	0.18900	0.05142	0.01977	0.01151	0.00347	0.00761	0.01703	0.05634	0.01340

[dist]
# distance from previous block
# <min> <max>
0	2

[block]
# block no. 6 follows, 13 sequences, length 70
# corresponding to MSA columns:
# 1033-1102
name=unknown_G
#
# <colnr> <probs for GDERKNQSTAVLIFYWHMCP>
#	G	D	E	R	K	N	Q	S	T	A	V	L	I	F	Y	W	H	M	C	P
0	0.03244	0.02953	0.03713	0.08036	0.08148	0.11997	0.13000	0.14556	0.11096	0.08599	0.02612	0.02837	0.01930	0.01143	0.01084	0.00328	0.01377	0.01016	0.00791	0.01541
1	0.01508	0.01037	0.01268	0.01282	0.01338	0.01055	0.00808	0.01626	0.01729	0.02356	0.07895	0.11453	0.04451	0.43813	0.13056	0.01020	0.01228	0.01635	0.00703	0.00738
2	0.02384	0.02635	0.05556	0.16888	0.05917	0.02602	0.41393	0.03234	0.02411	0.03234	0.02081	0.02845	0.01561	0.00928	0.01205	0.00356	0.01699	0.01179	0.00520	0.01370
3	0.01496	0.01081	0.01413	0.01330	0.01580	0.00998	0.00998	0.01995	0.02993	0.04240	0.55689	0.07898	0.09976	0.02162	0.01247	0.00333	0.00499	0.01912	0.01164	0.00998
4	0.18345	0.01850	0.02267	0.01779	0.02563	0.01724	0.01469	0.04729	0.02772	0.46143	0.03611	0.03209	0.02312	0.01241	0.00978	0.00327	0.00883	0.00961	0.01173	0.01664
5	0.02827	0.63478	0.05540	0.01809	0.02714	0.04184	0.01809	0.03166	0.02148	0.02488	0.01470	0.01696	0.01357	0.00905	0.00678	0.00226	0.01131	0.00565	0.00452	0.01357
6	0.04744	0.01799	0.02454	0.01881	0.02699	0.01554	0.01554	0.05153	0.03026	0.56979	0.04171	0.03599	0.02617	0.01309	0.01063	0.00327	0.00900	0.01063	0.01309	0.01799
7	0.01288	0.00920	0.01227	0.01472	0.01534	0.00859	0.00981	0.01472	0.02024	0.02699	0.05828	0.62152	0.06993	0.03312	0.01350	0.00429	0.00613	0.03006	0.00981	0.00859
8	0.03615	0.07610	0.03280	0.02841	0.07765	0.24287	0.02105	0.11993	0.03001	0.10644	0.02107	0.02352	0.01635	0.01243	0.01372	0.00318	0.10854	0.00831	0.00712	0.01436
9	0.02385	0.02484	0.04853	0.03661	0.04515	0.02423	0.35658	0.03550	0.10930	0.03518	0.03070	0.04548	0.02618	0.01319	0.01255	0.00379	0.01493	0.09251	0.00696	0.01391
10	0.02192	0.01879	0.02192	0.01566	0.02506	0.01409	0.01253	0.02662	0.02192	0.03445	0.01879	0.02192	0.01566	0.00783	0.00783	0.00157	0.00783	0.00626	0.00626	0.69305
11	0.01538	0.01025	0.01153	0.01153	0.01153	0.01025	0.00641	0.01538	0.01538	0.02050	0.03331	0.06919	0.03844	0.62842	0.05382	0.01025	0.01025	0.01538	0.00641	0.00641
12	0.02462	0.17826	0.28994	0.02589	0.03813	0.02769	0.06756	0.06806	0.02428	0.03411	0.01863	0.02175	0.01433	0.00958	0.00919	0.00283	0.01333	0.00758	0.00527	0.11898
13	0.03057	0.54262	0.05133	0.01865	0.02759	0.03928	0.01808	0.07356	0.02440	0.06599	0.01744	0.01897	0.01480	0.00962	0.00736	0.00241	0.01117	0.00631	0.00561	0.01424
14	0.43908	0.07170	0.02276	0.01665	0.02396	0.02526	0.01399	0.11082	0.02516	0.13364	0.02076	0.02149	0.01503	0.01073	0.00785	0.00317	0.00910	0.00710	0.00806	0.01369
15	0.03459	0.02881	0.10589	0.02648	0.07849	0.02590	0.02187	0.26176	0.07777	0.13239	0.02865	0.02892	0.02037	0.01219	0.01025	0.00319	0.01107	0.00966	0.06496	0.01678
16	0.01538	0.01025	0.01153	0.01153	0.01153	0.01025	0.00641	0.01538	0.01538	0.02050	0.03331	0.06919	0.03844	0.62842	0.05382	0.01025	0.01025	0.01538	0.00641	0.00641
17	0.02827	0.63478	0.05540	0.01809	0.02714	0.04184	0.01809	0.03166	0.02148	0.02488	0.01470	0.01696	0.01357	0.00905	0.00678	0.00226	0.01131	0.00565	0.00452	0.01357
18	0.01349	0.00946	0.01209	0.01394	0.01440	0.00900	0.00898	0.01488	0.01905	0.02540	0.05214	0.48577	0.06219	0.17944	0.02341	0.00576	0.00715	0.02645	0.00898	0.00805
19	0.01496	0.01081	0.01413	0.01330	0.01580	0.00998	0.00998	0.01995	0.02993	0.04240	0.55689	0.07898	0.09976	0.02162	0.01247	0.00333	0.00499	0.01912	0.01164	0.00998
20	0.01780	0.00955	0.01433	0.01433	0.01466	0.00988	0.00988	0.01466	0.01433	0.01943	0.02009	0.03376	0.01976	0.04409	0.13559	0.57560	0.01249	0.00955	0.00478	0.00543
21	0.04019	0.02962	0.03173	0.02433	0.03279	0.03279	0.02010	0.52721	0.04971	0.06663	0.02538	0.02538	0.01798	0.01269	0.01058	0.00317	0.01163	0.00952	0.01058	0.01798
22	0.01638	0.01170	0.01628	0.01872	0.02087	0.01160	0.01590	0.02077	0.02369	0.03091	0.05634	0.19866	0.06228	0.02983	0.01443	0.00478	0.00917	0.41838	0.00975	0.00955
23	0.02121	0.05469	0.57364	0.03014	0.04576	0.02455	0.03906	0.03348	0.02232	0.03348	0.01897	0.02232	0.01339	0.01005	0.01005	0.00335	0.01563	0.00781	0.00446	0.01563
24	0.04019	0.02962	0.03173	0.02433	0.03279	0.03279	0.02010	0.52721	0.04971	0.06663	0.02538	0.02538	0.01798	0.01269	0.01058	0.00317	0.01163	0.00952	0.01058	0.01798
25	0.70310	0.02045	0.01554	0.01390	0.02045	0.02372	0.01145	0.03108	0.01799	0.04744	0.01472	0.01718	0.01145	0.00981	0.00654	0.00327	0.00818	0.00573	0.00654	0.01145
26	0.02121	0.05469	0.57364	0.03014	0.04576	0.02455	0.03906	0.03348	0.02232	0.03348	0.01897	0.02232	0.01339	0.01005	0.01005	0.00335	0.01563	0.00781	0.00446	0.01563
27	0.02313	0.02313	0.03238	0.02776	0.02776	0.03238	0.02313	0.02545	0.01619	0.02545	0.01388	0.02313	0.01388	0.01851	0.03470	0.00463	0.60907	0.00925	0.00463	0.01157
28	0.01704	0.01217	0.01704	0.01947	0.02191	0.01217	0.01704	0.02191	0.02434	0.03164	0.05598	0.11926	0.06085	0.02921	0.01460	0.00487	0.00974	0.49130	0.00974	0.00974
29	0.02192	0.01879	0.02192	0.01566	0.02506	0.01409	0.01253	0.02662	0.02192	0.03445	0.01879	0.02192	0.01566	0.00783	0.00783	0.00157	0.00783	0.00626	0.00626	0.69305
30	0.02850	0.54276	0.09739	0.01978	0.02912	0.08035	0.02004	0.03259	0.02218	0.02568	0.01518	0.01757	0.01356	0.00927	0.00726	0.00239	0.01224	0.00592	0.00459	0.01365
31	0.02617	0.02512	0.04292	0.06490	0.56246	0.02512	0.03245	0.03245	0.02407	0.03454	0.01989	0.02617	0.01675	0.00942	0.01047	0.00314	0.01256	0.00942	0.00523	0.01675
32	0.07309	0.02698	0.12363	0.17129	0.20869	0.02225	0.02716	0.03004	0.02219	0.03353	0.01887	0.02445	0.01494	0.00950	0.00958	0.00295	0.01213	0.00822	0.00529	0.15521
33	0.02646	0.02345	0.04019	0.17039	0.29213	0.02430	0.10101	0.03510	0.06803	0.07884	0.02367	0.02890	0.01818	0.01032	0.01082	0.00333	0.01301	0.01018	0.00627	0.01541
34	0.01538	0.01025	0.01153	0.01153	0.01153	0.01025	0.00641	0.01538	0.01538	0.02050	0.03331	0.06919	0.03844	0.62842	0.05382	0.01025	0.01025	0.01538	0.00641	0.00641
35	0.01496	0.01081	0.01413	0.01330	0.01580	0.00998	0.00998	0.01995	0.02993	0.04240	0.55689	0.07898	0.09976	0.02162	0.01247	0.00333	0.00499	0.01912	0.01164	0.00998
36	0.13757	0.12583	0.03249	0.15610	0.03919	0.16249	0.02064	0.14018	0.02898	0.03818	0.01835	0.02191	0.01432	0.01075	0.00910	0.00302	0.01338	0.00764	0.00641	0.01346
37	0.02121	0.05469	0.57364	0.03014	0.04576	0.02455	0.03906	0.03348	0.02232	0.03348	0.01897	0.02232	0.01339	0.01005	0.01005	0.00335	0.01563	0.00781	0.00446	0.01563
38	0.01288	0.00920	0.01227	0.01472	0.01534	0.00859	0.00981	0.01472	0.02024	0.02699	0.05828	0.62152	0.06993	0.03312	0.01350	0.00429	0.00613	0.03006	0.00981	0.00859
39	0.04478	0.01741	0.02369	0.01836	0.02608	0.01509	0.01509	0.04895	0.03023	0.52666	0.08384	0.03950	0.03219	0.01378	0.01078	0.00328	0.00867	0.01133	0.01297	0.01734
40	0.01997	0.01879	0.03171	0.60301	0.07282	0.02349	0.02936	0.02701	0.02114	0.02701	0.01879	0.02819	0.01409	0.01057	0.01057	0.00352	0.01409	0.00940	0.00470	0.01175
41	0.01496	0.01081	0.01413	0.01330	0.01580	0.00998	0.00998	0.01995	0.02993	0.04240	0.55689	0.07898	0.09976	0.02162	0.01247	0.00333	0.00499	0.01912	0.01164	0.00998
42	0.02206	0.01054	0.01110	0.01061	0.01356	0.01034	0.00808	0.02691	0.02286	0.08430	0.03510	0.03913	0.02702	0.01238	0.00767	0.00253	0.00527	0.00992	0.63008	0.01054
43	0.04077	0.02051	0.06653	0.01957	0.02752	0.01652	0.01700	0.04737	0.06979	0.43979	0.04144	0.08474	0.02936	0.01464	0.01084	0.00339	0.00922	0.01216	0.01195	0.01691
44	0.02192	0.01879	0.02192	0.01566	0.02506	0.01409	0.01253	0.02662	0.02192	0.03445	0.01879	0.02192	0.01566	0.00783	0.00783	0.00157	0.00783	0.00626	0.00626	0.69305
45	0.64440	0.02310	0.01682	0.01508	0.02153	0.07346	0.01224	0.03207	0.01905	0.04553	0.01487	0.01734	0.01164	0.00991	0.00681	0.00322	0.00914	0.00582	0.00645	0.01152
46	0.70310	0.02045	0.01554	0.01390	0.02045	0.02372	0.01145	0.03108	0.01799	0.04744	0.01472	0.01718	0.01145	0.00981	0.00654	0.00327	0.00818	0.00573	0.00654	0.01145
47	0.02518	0.02418	0.03255	0.29673	0.05192	0.07072	0.06652	0.07581	0.13535	0.03429	0.02416	0.02929	0.01839	0.01201	0.01245	0.00353	0.05679	0.00999	0.00658	0.01356
48	0.01341	0.01075	0.01198	0.01167	0.01484	0.00931	0.00875	0.01694	0.02625	0.03368	0.27337	0.09334	0.38873	0.02487	0.01249	0.00348	0.00522	0.02113	0.01049	0.00931
49	0.01268	0.00998	0.01147	0.01266	0.01479	0.00876	0.00890	0.01495	0.02223	0.02780	0.08338	0.35436	0.32088	0.02986	0.01298	0.00392	0.00573	0.02608	0.00982	0.00876
50	0.01340	0.01075	0.01196	0.01166	0.01483	0.00931	0.00874	0.01692	0.02623	0.03361	0.27116	0.09345	0.39098	0.02489	0.01249	0.00348	0.00522	0.02115	0.01048	0.00931
51	0.01496	0.01081	0.01413	0.01330	0.01580	0.00998	0.00998	0.01995	0.02993	0.04240	0.55689	0.07898	0.09976	0.02162	0.01247	0.00333	0.00499	0.01912	0.01164	0.00998
52	0.02630	0.02271	0.02391	0.02152	0.02749	0.02630	0.01674	0.05618	0.54336	0.04423	0.04303	0.03945	0.03228	0.01434	0.01076	0.00359	0.00837	0.01195	0.01076	0.01674
53	0.01837	0.00918	0.01377	0.01377	0.01377	0.00918	0.00918	0.01377	0.01377	0.01837	0.01837	0.03214	0.01837	0.03673	0.04132	0.69238	0.00918	0.00918	0.00459	0.00459
54	0.01971	0.00985	0.00985	0.00985	0.01232	0.00985	0.00739	0.02464	0.02217	0.03942	0.03449	0.03942	0.02710	0.01232	0.00739	0.00246	0.00493	0.00985	0.68712	0.00985
55	0.02313	0.02313	0.03238	0.02776	0.02776	0.03238	0.02313	0.02545	0.01619	0.02545	0.01388	0.02313	0.01388	0.01851	0.03470	0.00463	0.60907	0.00925	0.00463	0.01157
56	0.01997	0.01879	0.03171	0.60301	0.07282	0.02349	0.02936	0.02701	0.02114	0.02701	0.01879	0.02819	0.01409	0.01057	0.01057	0.00352	0.01409	0.00940	0.00470	0.01175
57	0.01992	0.01859	0.01739	0.01617	0.01953	0.11088	0.01217	0.02631	0.06999	0.03866	0.38952	0.06718	0.11346	0.01957	0.01183	0.00326	0.00772	0.01666	0.01036	0.01083
58	0.01288	0.00920	0.01227	0.01472	0.01534	0.00859	0.00981	0.01472	0.02024	0.02699	0.05828	0.62152	0.06993	0.03312	0.01350	0.00429	0.00613	0.03006	0.00981	0.00859
59	0.17488	0.07713	0.08067	0.07534	0.12624	0.02496	0.13566	0.03501	0.02333	0.11771	0.02186	0.02533	0.01616	0.01006	0.00976	0.00326	0.01251	0.00905	0.00659	0.01450
60	0.02470	0.07366	0.11764	0.02078	0.03116	0.01910	0.05840	0.03081	0.02290	0.07870	0.02064	0.02331	0.01605	0.00882	0.00872	0.00221	0.01027	0.00733	0.00634	0.41844
61	0.53603	0.02367	0.01890	0.01636	0.02310	0.07357	0.01330	0.07559	0.02271	0.08889	0.01792	0.01954	0.01337	0.01041	0.00748	0.00321	0.00950	0.00653	0.00731	0.01260
62	0.02178	0.05072	0.49602	0.03233	0.04720	0.02489	0.11269	0.03354	0.02272	0.03354	0.01934	0.02326	0.01380	0.00987	0.01041	0.00338	0.01596	0.00852	0.00460	0.01542
63	0.03152	0.02791	0.11420	0.07205	0.11914	0.02448	0.02390	0.12061	0.15953	0.15004	0.03079	0.03093	0.02205	0.01210	0.01053	0.00334	0.01122	0.01007	0.00891	0.01665
64	0.17483	0.02907	0.16172	0.06419	0.03420	0.02229	0.02206	0.07924	0.06454	0.20594	0.02742	0.02742	0.01877	0.01151	0.00962	0.00332	0.01103	0.00881	0.00855	0.01547
65	0.01288	0.00920	0.01227	0.01472	0.01534	0.00859	0.00981	0.01472	0.02024	0.02699	0.05828	0.62152	0.06993	0.03312	0.01350	0.00429	0.00613	0.03006	0.00981	0.00859
66	0.02525	0.02948	0.11756	0.15295	0.09004	0.06498	0.06567	0.06902	0.10691	0.03578	0.02322	0.02703	0.01772	0.01058	0.01015	0.00308	0.01281	0.00913	0.00642	0.12221
67	0.07472	0.06997	0.11153	0.01871	0.02859	0.01878	0.01773	0.03398	0.02356	0.15487	0.02339	0.02446	0.01722	0.00959	0.00864	0.00240	0.00960	0.00741	0.00740	0.33743
68	0.08053	0.35757	0.21098	0.02156	0.03239	0.03297	0.02389	0.03375	0.02216	0.07230	0.01816	0.02015	0.01434	0.00974	0.00808	0.00276	0.01222	0.00672	0.00534	0.01439
69	0.02121	0.05469	0.57364	0.03014	0.04576	0.02455	0.03906	0.03348	0.02232	0.03348	0.01897	0.02232	0.01339	0.01005	0.01005	0.00335	0.01563	0.00781	0.00446	0.01563

[dist]
# distance from previous block
# <min> <max>
0	5

[block]
# block no. 7 follows, 13 sequences, length 99
# corresponding to MSA columns:
# 1108-1134,1274-1345
name=unknown_H
#
# <colnr> <probs for GDERKNQSTAVLIFYWHMCP>
#	G	D	E	R	K	N	Q	S	T	A	V	L	I	F	Y	W	H	M	C	P
0	0.02301	0.02117	0.04007	0.12852	0.12568	0.02093	0.21274	0.02922	0.02345	0.06734	0.03080	0.16842	0.02923	0.01525	0.01197	0.00364	0.01306	0.01553	0.00680	0.01316
1	0.03044	0.02710	0.10214	0.02825	0.08704	0.02362	0.07017	0.17475	0.07688	0.12081	0.07578	0.03839	0.06892	0.01366	0.01101	0.00332	0.01118	0.01172	0.00911	0.01573
2	0.01288	0.00920	0.01227	0.01472	0.01534	0.00859	0.00981	0.01472	0.02024	0.02699	0.05828	0.62152	0.06993	0.03312	0.01350	0.00429	0.00613	0.03006	0.00981	0.00859
3	0.01288	0.00920	0.01227	0.01472	0.01534	0.00859	0.00981	0.01472	0.02024	0.02699	0.05828	0.62152	0.06993	0.03312	0.01350	0.00429	0.00613	0.03006	0.00981	0.00859
4	0.02737	0.49439	0.08946	0.02540	0.08522	0.03799	0.05323	0.03200	0.02203	0.02702	0.01595	0.01901	0.01404	0.00914	0.00775	0.00251	0.01214	0.00662	0.00464	0.01408
5	0.01997	0.01879	0.03171	0.60301	0.07282	0.02349	0.02936	0.02701	0.02114	0.02701	0.01879	0.02819	0.01409	0.01057	0.01057	0.00352	0.01409	0.00940	0.00470	0.01175
6	0.01253	0.01058	0.01084	0.01105	0.01437	0.00890	0.00819	0.01514	0.02377	0.02843	0.10294	0.14617	0.51646	0.02732	0.01258	0.00363	0.00542	0.02298	0.00982	0.00890
7	0.02121	0.01293	0.01138	0.01118	0.01387	0.05361	0.00838	0.02597	0.02276	0.03839	0.03311	0.03787	0.02608	0.01221	0.00755	0.00248	0.00600	0.00962	0.63534	0.01004
8	0.02305	0.20620	0.43828	0.02699	0.04090	0.02907	0.03359	0.03301	0.02210	0.03124	0.01786	0.02092	0.01344	0.00978	0.00919	0.00306	0.01450	0.00725	0.00448	0.01509
9	0.11121	0.01823	0.02366	0.01833	0.02635	0.01634	0.01514	0.04954	0.02907	0.51899	0.03909	0.03416	0.02474	0.01277	0.01023	0.00327	0.00892	0.01016	0.01245	0.01736
10	0.01510	0.01133	0.01699	0.01699	0.01888	0.01322	0.01322	0.01888	0.01699	0.02454	0.02832	0.04154	0.02643	0.07930	0.58652	0.01699	0.02832	0.01133	0.00566	0.00944
11	0.01510	0.01133	0.01699	0.01699	0.01888	0.01322	0.01322	0.01888	0.01699	0.02454	0.02832	0.04154	0.02643	0.07930	0.58652	0.01699	0.02832	0.01133	0.00566	0.00944
12	0.01288	0.00920	0.01227	0.01472	0.01534	0.00859	0.00981	0.01472	0.02024	0.02699	0.05828	0.62152	0.06993	0.03312	0.01350	0.00429	0.00613	0.03006	0.00981	0.00859
13	0.02192	0.01879	0.02192	0.01566	0.02506	0.01409	0.01253	0.02662	0.02192	0.03445	0.01879	0.02192	0.01566	0.00783	0.00783	0.00157	0.00783	0.00626	0.00626	0.69305
14	0.04123	0.06499	0.02737	0.07532	0.03130	0.01819	0.01683	0.04560	0.02803	0.43189	0.03556	0.03264	0.02318	0.01211	0.01011	0.00308	0.00957	0.00978	0.01106	0.07218
15	0.01837	0.00918	0.01377	0.01377	0.01377	0.00918	0.00918	0.01377	0.01377	0.01837	0.01837	0.03214	0.01837	0.03673	0.04132	0.69238	0.00918	0.00918	0.00459	0.00459
16	0.01971	0.00985	0.00985	0.00985	0.01232	0.00985	0.00739	0.02464	0.02217	0.03942	0.03449	0.03942	0.02710	0.01232	0.00739	0.00246	0.00493	0.00985	0.68712	0.00985
17	0.04019	0.02962	0.03173	0.02433	0.03279	0.03279	0.02010	0.52721	0.04971	0.06663	0.02538	0.02538	0.01798	0.01269	0.01058	0.00317	0.01163	0.00952	0.01058	0.01798
18	0.01686	0.01258	0.01507	0.01402	0.01719	0.01198	0.01060	0.07066	0.02992	0.04068	0.36570	0.12458	0.18454	0.02276	0.01237	0.00344	0.00585	0.01974	0.01099	0.01046
19	0.04547	0.08141	0.02771	0.01874	0.02701	0.01824	0.01580	0.04948	0.02936	0.51376	0.03894	0.03403	0.02488	0.01267	0.01024	0.00317	0.00923	0.01012	0.01221	0.01754
20	0.02742	0.52838	0.10323	0.01954	0.02898	0.03889	0.02002	0.03384	0.06419	0.02729	0.01743	0.01932	0.01508	0.00958	0.00743	0.00248	0.01149	0.00638	0.00503	0.01403
21	0.01510	0.01133	0.01699	0.01699	0.01888	0.01322	0.01322	0.01888	0.01699	0.02454	0.02832	0.04154	0.02643	0.07930	0.58652	0.01699	0.02832	0.01133	0.00566	0.00944
22	0.02454	0.03708	0.28027	0.03401	0.08414	0.02282	0.16670	0.03387	0.02474	0.08675	0.07723	0.03148	0.02451	0.01117	0.01105	0.00338	0.01425	0.01066	0.00634	0.01499
23	0.02652	0.02274	0.03762	0.26125	0.25807	0.02447	0.06183	0.07138	0.02555	0.07632	0.02173	0.02780	0.01653	0.01037	0.01066	0.00333	0.01314	0.00972	0.00608	0.01488
24	0.01372	0.01034	0.01391	0.01579	0.01635	0.01053	0.01090	0.01560	0.01991	0.02686	0.05465	0.57265	0.06535	0.03193	0.01523	0.00432	0.05537	0.02836	0.00939	0.00883
25	0.02105	0.01164	0.01399	0.01334	0.01512	0.01125	0.00904	0.02267	0.01932	0.11047	0.03709	0.06619	0.03770	0.40944	0.03843	0.00783	0.00948	0.06302	0.07401	0.00892
26	0.02963	0.03311	0.22376	0.07334	0.16765	0.02236	0.02901	0.03917	0.06147	0.17585	0.02689	0.02847	0.01897	0.01103	0.01039	0.00331	0.01251	0.00935	0.00739	0.01634
27	0.03328	0.18873	0.21444	0.02282	0.03370	0.02665	0.02434	0.07934	0.02698	0.21221	0.02596	0.02574	0.01806	0.01102	0.00945	0.00303	0.01199	0.00834	0.00784	0.01608
28	0.03077	0.03181	0.18517	0.03126	0.04159	0.02316	0.19332	0.03853	0.02515	0.19943	0.02641	0.02872	0.01829	0.01133	0.01315	0.00351	0.06501	0.01038	0.00745	0.01556
29	0.70310	0.02045	0.01554	0.01390	0.02045	0.02372	0.01145	0.03108	0.01799	0.04744	0.01472	0.01718	0.01145	0.00981	0.00654	0.00327	0.00818	0.00573	0.00654	0.01145
30	0.01285	0.00933	0.01214	0.01438	0.01525	0.00862	0.00966	0.01476	0.02057	0.02712	0.06245	0.57711	0.11165	0.03258	0.01341	0.00423	0.00607	0.02940	0.00982	0.00862
31	0.02105	0.01588	0.02130	0.07105	0.08003	0.01641	0.01570	0.03139	0.13378	0.07616	0.31574	0.05822	0.06513	0.01735	0.01163	0.00337	0.00751	0.01525	0.01030	0.01275
32	0.02827	0.63478	0.05540	0.01809	0.02714	0.04184	0.01809	0.03166	0.02148	0.02488	0.01470	0.01696	0.01357	0.00905	0.00678	0.00226	0.01131	0.00565	0.00452	0.01357
33	0.01349	0.01075	0.01209	0.01175	0.01489	0.00935	0.00882	0.01710	0.02645	0.03414	0.28832	0.09258	0.37348	0.02470	0.01249	0.00347	0.00521	0.02103	0.01055	0.00935
34	0.02207	0.02381	0.07903	0.30263	0.22124	0.02339	0.06732	0.02928	0.02308	0.03152	0.05725	0.03069	0.02107	0.01082	0.01078	0.00338	0.01337	0.01020	0.00539	0.01371
35	0.02630	0.02271	0.02391	0.02152	0.02749	0.02630	0.01674	0.05618	0.54336	0.04423	0.04303	0.03945	0.03228	0.01434	0.01076	0.00359	0.00837	0.01195	0.01076	0.01674
36	0.03019	0.02848	0.17097	0.18423	0.04471	0.02151	0.02572	0.04058	0.09178	0.21029	0.02954	0.03067	0.02024	0.01175	0.01048	0.00340	0.01207	0.00972	0.00819	0.01547
37	0.02827	0.63478	0.05540	0.01809	0.02714	0.04184	0.01809	0.03166	0.02148	0.02488	0.01470	0.01696	0.01357	0.00905	0.00678	0.00226	0.01131	0.00565	0.00452	0.01357
38	0.01837	0.00918	0.01377	0.01377	0.01377	0.00918	0.00918	0.01377	0.01377	0.01837	0.01837	0.03214	0.01837	0.03673	0.04132	0.69238	0.00918	0.00918	0.00459	0.00459
