[name]
unknown

[dist]
# distance from previous block
# <min> <max>
0	45

[block]
# block no. 0 follows, 11 sequences, length 65
# corresponding to MSA columns:
# 45-109
name=unknown_A
#
# <colnr> <probs for GDERKNQSTAVLIFYWHMCP>
#	G	D	E	R	K	N	Q	S	T	A	V	L	I	F	Y	W	H	M	C	P
0	0.01407	0.01028	0.01333	0.01562	0.01684	0.00954	0.01093	0.01644	0.02245	0.02939	0.06811	0.49431	0.12871	0.03406	0.01435	0.00453	0.00678	0.07052	0.01044	0.00930
1	0.04194	0.02090	0.02740	0.08918	0.03482	0.02062	0.01877	0.13760	0.03423	0.33600	0.03952	0.08678	0.02883	0.01549	0.01158	0.00360	0.01053	0.01283	0.01197	0.01741
2	0.10149	0.02655	0.02811	0.02308	0.03083	0.02955	0.01863	0.23945	0.22724	0.10326	0.03482	0.03303	0.02519	0.01393	0.01091	0.00357	0.01040	0.01085	0.01116	0.01793
3	0.04007	0.01640	0.02149	0.01731	0.02400	0.01455	0.01400	0.04473	0.03037	0.37626	0.10215	0.04469	0.03768	0.01487	0.01084	0.00331	0.00815	0.01225	0.15061	0.01629
4	0.02037	0.01229	0.01531	0.01403	0.01758	0.01116	0.01071	0.02520	0.03001	0.10286	0.35053	0.07681	0.14736	0.02148	0.01238	0.00346	0.00587	0.01853	0.09259	0.01148
5	0.02786	0.02674	0.04568	0.06908	0.53424	0.02674	0.03454	0.03454	0.02563	0.03677	0.02117	0.02786	0.01783	0.01003	0.01114	0.00334	0.01337	0.01003	0.00557	0.01783
6	0.02257	0.05822	0.54613	0.03208	0.04871	0.02614	0.04158	0.03564	0.02376	0.03564	0.02020	0.02376	0.01426	0.01069	0.01069	0.00356	0.01663	0.00832	0.00475	0.01663
7	0.01371	0.00979	0.01306	0.01567	0.01632	0.00914	0.01045	0.01567	0.02155	0.02873	0.06203	0.59710	0.07444	0.03526	0.01437	0.00457	0.00653	0.03200	0.01045	0.00914
8	0.01471	0.01103	0.01364	0.01388	0.01629	0.00996	0.01007	0.01854	0.02765	0.03725	0.30530	0.22421	0.20115	0.02756	0.01357	0.00387	0.00572	0.02423	0.01141	0.00996
9	0.02257	0.05822	0.54613	0.03208	0.04871	0.02614	0.04158	0.03564	0.02376	0.03564	0.02020	0.02376	0.01426	0.01069	0.01069	0.00356	0.01663	0.00832	0.00475	0.01663
10	0.04204	0.05364	0.03190	0.02900	0.03480	0.55926	0.02175	0.04494	0.03190	0.02755	0.01740	0.02030	0.01450	0.01160	0.01015	0.00290	0.02030	0.00725	0.00580	0.01305
11	0.04956	0.02065	0.02705	0.02074	0.02948	0.01877	0.01713	0.10839	0.03472	0.48495	0.04230	0.03694	0.02680	0.01388	0.01131	0.00347	0.00992	0.01118	0.01361	0.01915
12	0.01817	0.01093	0.01464	0.01620	0.01783	0.01004	0.01119	0.02042	0.02284	0.09093	0.05990	0.52939	0.06880	0.03268	0.01400	0.00444	0.00690	0.02949	0.01087	0.01036
13	0.03009	0.61122	0.05898	0.01926	0.02889	0.04454	0.01926	0.03370	0.02287	0.02648	0.01565	0.01805	0.01444	0.00963	0.00722	0.00241	0.01204	0.00602	0.00481	0.01444
14	0.05050	0.01915	0.02612	0.02003	0.02873	0.01654	0.01654	0.05485	0.03221	0.54203	0.04440	0.03831	0.02786	0.01393	0.01132	0.00348	0.00958	0.01132	0.01393	0.01915
15	0.54269	0.02252	0.02034	0.02083	0.07018	0.02572	0.01495	0.03650	0.08044	0.04881	0.01988	0.02208	0.01543	0.01100	0.00790	0.00351	0.00916	0.00727	0.00739	0.01340
16	0.05050	0.01915	0.02612	0.02003	0.02873	0.01654	0.01654	0.05485	0.03221	0.54203	0.04440	0.03831	0.02786	0.01393	0.01132	0.00348	0.00958	0.01132	0.01393	0.01915
17	0.02717	0.02367	0.02647	0.09092	0.03519	0.02763	0.01946	0.05600	0.45363	0.04483	0.04265	0.04052	0.03198	0.01478	0.01143	0.00381	0.00966	0.01239	0.01066	0.01716
18	0.04349	0.04541	0.03120	0.02718	0.03384	0.40801	0.02087	0.10194	0.03453	0.11528	0.02290	0.02401	0.01721	0.01221	0.01047	0.00305	0.01761	0.00825	0.00777	0.01477
19	0.01408	0.01143	0.01248	0.01222	0.01568	0.00983	0.00916	0.01766	0.02749	0.03476	0.23650	0.10115	0.40447	0.02688	0.01329	0.00372	0.00559	0.02275	0.01102	0.00983
20	0.02257	0.05822	0.54613	0.03208	0.04871	0.02614	0.04158	0.03564	0.02376	0.03564	0.02020	0.02376	0.01426	0.01069	0.01069	0.00356	0.01663	0.00832	0.00475	0.01663
21	0.01494	0.01147	0.01368	0.01312	0.01621	0.01020	0.00984	0.01933	0.02953	0.03960	0.37269	0.09318	0.26526	0.02507	0.01329	0.00364	0.00546	0.02163	0.01166	0.01020
22	0.02237	0.02114	0.03577	0.49151	0.15469	0.02530	0.03181	0.02973	0.02303	0.03011	0.02020	0.02964	0.01548	0.01105	0.01123	0.00368	0.01473	0.01001	0.00510	0.01340
23	0.01477	0.01046	0.01375	0.01574	0.01672	0.00995	0.01095	0.01716	0.02233	0.02990	0.09860	0.43179	0.07189	0.10352	0.01968	0.00533	0.00743	0.08076	0.01016	0.00913
24	0.02428	0.02310	0.03923	0.34425	0.28700	0.02580	0.03276	0.03141	0.02394	0.03243	0.02054	0.02902	0.01630	0.01069	0.01120	0.00356	0.01425	0.01001	0.00526	0.01495
25	0.02561	0.28118	0.34971	0.02691	0.04072	0.03356	0.03258	0.03486	0.02340	0.03195	0.01836	0.02146	0.01433	0.01026	0.00929	0.00310	0.01478	0.00739	0.00478	0.01575
26	0.02247	0.01966	0.02668	0.02363	0.02498	0.02537	0.01895	0.06194	0.02030	0.02973	0.02302	0.03680	0.02242	0.10998	0.19838	0.00958	0.29725	0.01134	0.00601	0.01151
27	0.68395	0.02177	0.01654	0.01480	0.02177	0.02525	0.01219	0.03309	0.01915	0.05050	0.01567	0.01828	0.01219	0.01045	0.00697	0.00348	0.00871	0.00609	0.00697	0.01219
28	0.03273	0.02350	0.02993	0.02383	0.03071	0.02445	0.06432	0.25431	0.04027	0.09863	0.13699	0.10934	0.04458	0.01777	0.01226	0.00361	0.01061	0.01533	0.01108	0.01576
29	0.02938	0.22124	0.27276	0.02554	0.03792	0.03066	0.02889	0.04001	0.07011	0.10578	0.02460	0.02575	0.01811	0.01125	0.00977	0.00322	0.01349	0.00844	0.00670	0.01642
30	0.02154	0.01524	0.01820	0.01753	0.02076	0.01553	0.01323	0.12443	0.03114	0.04300	0.15038	0.28132	0.06432	0.02567	0.01298	0.00397	0.00773	0.05368	0.06751	0.01186
31	0.01507	0.01134	0.01394	0.01356	0.01635	0.01021	0.01007	0.01947	0.02943	0.03999	0.38326	0.13075	0.21450	0.02541	0.01337	0.00369	0.00551	0.02216	0.01173	0.01021
32	0.02257	0.05822	0.54613	0.03208	0.04871	0.02614	0.04158	0.03564	0.02376	0.03564	0.02020	0.02376	0.01426	0.01069	0.01069	0.00356	0.01663	0.00832	0.00475	0.01663
33	0.01593	0.01150	0.01504	0.01416	0.01681	0.01062	0.01062	0.02124	0.03186	0.04513	0.52830	0.08407	0.10620	0.02301	0.01327	0.00354	0.00531	0.02035	0.01239	0.01062
34	0.04152	0.02185	0.02661	0.02089	0.02857	0.02154	0.01706	0.19543	0.03903	0.29334	0.12838	0.04305	0.03949	0.01548	0.01166	0.00346	0.00972	0.01260	0.01276	0.01757
35	0.03009	0.61122	0.05898	0.01926	0.02889	0.04454	0.01926	0.03370	0.02287	0.02648	0.01565	0.01805	0.01444	0.00963	0.00722	0.00241	0.01204	0.00602	0.00481	0.01444
36	0.04058	0.12203	0.03522	0.02780	0.03407	0.49613	0.02144	0.04356	0.03079	0.02742	0.01718	0.02002	0.01449	0.01136	0.00979	0.00284	0.01928	0.00710	0.00568	0.01322
37	0.68395	0.02177	0.01654	0.01480	0.02177	0.02525	0.01219	0.03309	0.01915	0.05050	0.01567	0.01828	0.01219	0.01045	0.00697	0.00348	0.00871	0.00609	0.00697	0.01219
38	0.02967	0.02166	0.02737	0.16825	0.04018	0.02491	0.02069	0.13389	0.11513	0.08729	0.03078	0.03399	0.02292	0.01367	0.01268	0.00354	0.05582	0.01070	0.13186	0.01500
39	0.68395	0.02177	0.01654	0.01480	0.02177	0.02525	0.01219	0.03309	0.01915	0.05050	0.01567	0.01828	0.01219	0.01045	0.00697	0.00348	0.00871	0.00609	0.00697	0.01219
40	0.01570	0.01150	0.01473	0.01392	0.01667	0.01052	0.01044	0.02080	0.03132	0.04385	0.49209	0.08619	0.14321	0.02349	0.01328	0.00356	0.00534	0.02065	0.01222	0.01052
41	0.03331	0.02442	0.03066	0.09414	0.08637	0.02422	0.02072	0.18847	0.03441	0.10838	0.02542	0.02765	0.01876	0.01127	0.01031	0.00288	0.01116	0.00913	0.00877	0.22956
42	0.02673	0.02797	0.07462	0.16135	0.08738	0.06898	0.02355	0.07764	0.02706	0.03727	0.02059	0.02550	0.01621	0.01020	0.00995	0.00276	0.01257	0.00832	0.00638	0.27495
43	0.11634	0.13640	0.18399	0.02280	0.03379	0.02542	0.02387	0.04276	0.02646	0.24077	0.02863	0.02796	0.01954	0.01178	0.00987	0.00332	0.01199	0.00885	0.00875	0.01672
44	0.03423	0.41942	0.04992	0.02230	0.03091	0.17342	0.02007	0.07748	0.02780	0.03068	0.01709	0.01941	0.01487	0.01047	0.00832	0.00262	0.01415	0.00669	0.00563	0.01451
45	0.01586	0.01150	0.01583	0.01588	0.01756	0.01219	0.01160	0.01929	0.02149	0.03027	0.15571	0.11405	0.05401	0.15529	0.28465	0.01194	0.01839	0.01682	0.00816	0.00953
46	0.11065	0.03062	0.12901	0.08468	0.10622	0.02495	0.17312	0.03829	0.02576	0.13105	0.02504	0.02890	0.01791	0.01085	0.01127	0.00360	0.01455	0.01051	0.00714	0.01588
47	0.03939	0.01703	0.02338	0.02027	0.02687	0.01531	0.01709	0.04403	0.03005	0.36753	0.04962	0.06874	0.04053	0.01982	0.01277	0.00407	0.00985	0.16481	0.01271	0.01614
48	0.01415	0.01011	0.01356	0.01617	0.01702	0.00952	0.01121	0.01643	0.02198	0.02922	0.06179	0.55035	0.07348	0.03485	0.01448	0.00463	0.00691	0.07440	0.01044	0.00926
49	0.02800	0.02418	0.02545	0.02291	0.02927	0.02800	0.01782	0.05981	0.51390	0.04708	0.04581	0.04199	0.03436	0.01527	0.01145	0.00382	0.00891	0.01273	0.01145	0.01782
50	0.01990	0.01614	0.02060	0.02374	0.07252	0.01696	0.01596	0.03159	0.16878	0.03558	0.05285	0.31859	0.05573	0.02631	0.01332	0.00430	0.00838	0.07576	0.01025	0.01273
51	0.02786	0.02674	0.04568	0.06908	0.53424	0.02674	0.03454	0.03454	0.02563	0.03677	0.02117	0.02786	0.01783	0.01003	0.01114	0.00334	0.01337	0.01003	0.00557	0.01783
52	0.01608	0.01206	0.01809	0.01809	0.02010	0.01407	0.01407	0.02010	0.01809	0.02613	0.03015	0.04422	0.02814	0.08441	0.55984	0.01809	0.03015	0.01206	0.00603	0.01005
53	0.03802	0.02179	0.03015	0.02462	0.02913	0.02519	0.02044	0.04146	0.02499	0.29369	0.03011	0.03171	0.02155	0.01671	0.02367	0.00418	0.28653	0.01061	0.00959	0.01585
54	0.02800	0.02418	0.02545	0.02291	0.02927	0.02800	0.01782	0.05981	0.51390	0.04708	0.04581	0.04199	0.03436	0.01527	0.01145	0.00382	0.00891	0.01273	0.01145	0.01782
55	0.04279	0.03153	0.03378	0.02590	0.03490	0.03490	0.02139	0.49671	0.05292	0.07093	0.02702	0.02702	0.01914	0.01351	0.01126	0.00338	0.01239	0.01013	0.01126	0.01914
56	0.02786	0.02674	0.04568	0.06908	0.53424	0.02674	0.03454	0.03454	0.02563	0.03677	0.02117	0.02786	0.01783	0.01003	0.01114	0.00334	0.01337	0.01003	0.00557	0.01783
57	0.01347	0.01073	0.01210	0.01319	0.01567	0.00935	0.00935	0.01595	0.02393	0.02970	0.09220	0.31344	0.33863	0.03134	0.01375	0.00412	0.00605	0.02721	0.01045	0.00935
58	0.02985	0.03323	0.13521	0.15172	0.08941	0.07566	0.02759	0.07969	0.13995	0.08254	0.02850	0.03088	0.02094	0.01240	0.01108	0.00356	0.01360	0.01016	0.00783	0.01619
59	0.08546	0.07877	0.03507	0.14726	0.04297	0.02827	0.05988	0.14582	0.09082	0.13230	0.02848	0.03022	0.02044	0.01237	0.01075	0.00348	0.01227	0.01018	0.00897	0.01620
60	0.01637	0.01091	0.01228	0.01228	0.01228	0.01091	0.00682	0.01637	0.01637	0.02182	0.03546	0.07365	0.04092	0.60445	0.05729	0.01091	0.01091	0.01637	0.00682	0.00682
61	0.02756	0.21315	0.19617	0.02332	0.03384	0.02978	0.02467	0.03982	0.12378	0.07892	0.03480	0.03482	0.06734	0.01323	0.01008	0.00328	0.01203	0.01020	0.00746	0.01576
62	0.03009	0.61122	0.05898	0.01926	0.02889	0.04454	0.01926	0.03370	0.02287	0.02648	0.01565	0.01805	0.01444	0.00963	0.00722	0.00241	0.01204	0.00602	0.00481	0.01444
63	0.01371	0.00979	0.01306	0.01567	0.01632	0.00914	0.01045	0.01567	0.02155	0.02873	0.06203	0.59710	0.07444	0.03526	0.01437	0.00457	0.00653	0.03200	0.01045	0.00914
64	0.03110	0.09501	0.21263	0.03136	0.04331	0.02757	0.14361	0.07290	0.06332	0.12862	0.02703	0.02897	0.01920	0.01139	0.01120	0.00350	0.01464	0.01030	0.00757	0.01677

[dist]
# distance from previous block
# <min> <max>
0	33

[block]
# block no. 1 follows, 11 sequences, length 65
# corresponding to MSA columns:
# 143-207
name=unknown_B
#
# <colnr> <probs for GDERKNQSTAVLIFYWHMCP>
#	G	D	E	R	K	N	Q	S	T	A	V	L	I	F	Y	W	H	M	C	P
0	0.03841	0.02424	0.08748	0.02132	0.02976	0.01956	0.01914	0.09180	0.07643	0.30397	0.12286	0.04360	0.03936	0.01518	0.01158	0.00352	0.00992	0.01251	0.01207	0.01727
1	0.68395	0.02177	0.01654	0.01480	0.02177	0.02525	0.01219	0.03309	0.01915	0.05050	0.01567	0.01828	0.01219	0.01045	0.00697	0.00348	0.00871	0.00609	0.00697	0.01219
2	0.02562	0.01850	0.02131	0.01940	0.02418	0.01968	0.01484	0.08144	0.21499	0.08935	0.15979	0.16404	0.05736	0.02090	0.01245	0.00384	0.00796	0.01810	0.01167	0.01460
3	0.02328	0.02207	0.03741	0.42177	0.21735	0.02554	0.03226	0.03053	0.02346	0.03121	0.02036	0.02935	0.01587	0.01088	0.01122	0.00363	0.01450	0.01001	0.00518	0.01413
4	0.01402	0.01074	0.01286	0.01379	0.01601	0.00958	0.00979	0.01699	0.02517	0.03271	0.17665	0.31242	0.24820	0.03027	0.01375	0.00408	0.00598	0.02658	0.01085	0.00958
5	0.02909	0.04040	0.29706	0.02656	0.03853	0.02384	0.02957	0.07827	0.08740	0.12932	0.07933	0.03485	0.02873	0.01328	0.01120	0.00356	0.01298	0.01074	0.00847	0.01682
6	0.01617	0.01170	0.01626	0.01626	0.01764	0.01307	0.01179	0.01892	0.01755	0.02477	0.03182	0.05349	0.03216	0.24815	0.40161	0.01583	0.02409	0.01342	0.00628	0.00903
7	0.03009	0.61122	0.05898	0.01926	0.02889	0.04454	0.01926	0.03370	0.02287	0.02648	0.01565	0.01805	0.01444	0.00963	0.00722	0.00241	0.01204	0.00602	0.00481	0.01444
8	0.08531	0.02650	0.08738	0.13445	0.14542	0.02615	0.02714	0.03551	0.02358	0.12782	0.02321	0.02819	0.01761	0.01333	0.01681	0.00385	0.14592	0.00971	0.00690	0.01522
9	0.03051	0.04724	0.24460	0.09164	0.09540	0.18255	0.03214	0.07987	0.02887	0.03591	0.02009	0.02412	0.01522	0.01121	0.01069	0.00335	0.01681	0.00852	0.00576	0.01550
10	0.68395	0.02177	0.01654	0.01480	0.02177	0.02525	0.01219	0.03309	0.01915	0.05050	0.01567	0.01828	0.01219	0.01045	0.00697	0.00348	0.00871	0.00609	0.00697	0.01219
11	0.02753	0.09272	0.03130	0.22215	0.04508	0.06906	0.02229	0.07285	0.02722	0.08440	0.03234	0.12294	0.03012	0.01701	0.01155	0.00371	0.01261	0.05395	0.00782	0.01334
12	0.01424	0.01074	0.01317	0.01403	0.01615	0.00967	0.00996	0.01742	0.02570	0.03396	0.21185	0.31036	0.21222	0.02980	0.01375	0.00405	0.00594	0.02629	0.01101	0.00967
13	0.02262	0.02053	0.08333	0.06658	0.02943	0.01702	0.01842	0.03265	0.10156	0.09267	0.21878	0.11074	0.06197	0.02020	0.01260	0.00383	0.00902	0.05421	0.01052	0.01333
14	0.15407	0.02494	0.02817	0.07643	0.07546	0.02792	0.01998	0.19618	0.13407	0.05318	0.07248	0.03391	0.02826	0.01365	0.01067	0.00353	0.01067	0.01080	0.00955	0.01609
15	0.02198	0.03210	0.19173	0.17079	0.05022	0.02345	0.10611	0.03300	0.06841	0.03522	0.07328	0.08495	0.03055	0.01438	0.01190	0.00376	0.01397	0.01319	0.00678	0.01421
16	0.09353	0.03228	0.13814	0.02438	0.03451	0.02653	0.02324	0.19830	0.07941	0.18997	0.03111	0.03006	0.02129	0.01293	0.01081	0.00349	0.01189	0.00997	0.01027	0.01791
17	0.08105	0.01811	0.02072	0.01717	0.02392	0.01697	0.01358	0.03667	0.11333	0.13889	0.13454	0.05062	0.09992	0.01597	0.01087	0.00315	0.00783	0.01319	0.01047	0.17301
18	0.02419	0.01457	0.01750	0.01574	0.01992	0.01441	0.01214	0.03382	0.11157	0.11898	0.27146	0.06130	0.06615	0.01827	0.01154	0.00339	0.00654	0.01565	0.14978	0.01308
19	0.03837	0.01953	0.02488	0.01853	0.02781	0.01586	0.01511	0.04301	0.02825	0.31633	0.03351	0.03162	0.02286	0.01143	0.00999	0.00267	0.00902	0.00924	0.01069	0.31129
20	0.02126	0.02001	0.03376	0.57739	0.07752	0.02501	0.03126	0.02876	0.02251	0.02876	0.02001	0.03001	0.01500	0.01125	0.01125	0.00375	0.01500	0.01000	0.00500	0.01250
21	0.04629	0.02335	0.02841	0.02206	0.03067	0.02310	0.01813	0.19054	0.07806	0.35721	0.03920	0.03516	0.02572	0.01391	0.01131	0.00348	0.01038	0.01107	0.01291	0.01904
22	0.01811	0.01404	0.01875	0.01989	0.06437	0.01366	0.01343	0.02598	0.07557	0.04456	0.43850	0.07517	0.09168	0.02113	0.01292	0.00355	0.00636	0.01873	0.01169	0.01193
23	0.68395	0.02177	0.01654	0.01480	0.02177	0.02525	0.01219	0.03309	0.01915	0.05050	0.01567	0.01828	0.01219	0.01045	0.00697	0.00348	0.00871	0.00609	0.00697	0.01219
24	0.02800	0.02418	0.02545	0.02291	0.02927	0.02800	0.01782	0.05981	0.51390	0.04708	0.04581	0.04199	0.03436	0.01527	0.01145	0.00382	0.00891	0.01273	0.01145	0.01782
25	0.02800	0.02418	0.02545	0.02291	0.02927	0.02800	0.01782	0.05981	0.51390	0.04708	0.04581	0.04199	0.03436	0.01527	0.01145	0.00382	0.00891	0.01273	0.01145	0.01782
26	0.01942	0.01228	0.01616	0.01475	0.01802	0.01122	0.01122	0.02463	0.03190	0.09527	0.47947	0.07946	0.09829	0.02209	0.01308	0.00353	0.00574	0.01944	0.01255	0.01148
27	0.03826	0.02072	0.02750	0.13523	0.03889	0.02146	0.01992	0.05087	0.16380	0.29942	0.03979	0.03763	0.02702	0.01375	0.01134	0.00363	0.01051	0.01144	0.01141	0.01742
28	0.01573	0.01135	0.01486	0.01430	0.01677	0.01048	0.01060	0.02073	0.03091	0.04363	0.48548	0.13119	0.10328	0.02414	0.01338	0.00363	0.00542	0.02142	0.01221	0.01048
29	0.08033	0.02689	0.09828	0.19406	0.21211	0.02456	0.06868	0.03223	0.02386	0.03603	0.02197	0.02879	0.01718	0.01075	0.01061	0.00346	0.01348	0.00980	0.07217	0.01476
30	0.03010	0.17943	0.13258	0.13396	0.10388	0.17625	0.02801	0.03631	0.02576	0.03008	0.01842	0.02309	0.01494	0.01071	0.00987	0.00311	0.01583	0.00799	0.00520	0.01450
31	0.01410	0.01010	0.01341	0.01541	0.01641	0.00940	0.01048	0.01665	0.02337	0.03163	0.14429	0.50660	0.08004	0.03310	0.01417	0.00439	0.00631	0.02994	0.01079	0.00940
32	0.01637	0.01091	0.01228	0.01228	0.01228	0.01091	0.00682	0.01637	0.01637	0.02182	0.03546	0.07365	0.04092	0.60445	0.05729	0.01091	0.01091	0.01637	0.00682	0.00682
33	0.03609	0.02999	0.12915	0.03566	0.15391	0.02456	0.02691	0.08264	0.02912	0.22305	0.02923	0.03045	0.02058	0.01305	0.01424	0.00363	0.08112	0.01017	0.00890	0.01754
34	0.02389	0.02101	0.02668	0.17049	0.04111	0.02085	0.01928	0.03603	0.14117	0.03703	0.02622	0.02964	0.02047	0.01080	0.00988	0.00275	0.01028	0.00903	0.00737	0.33603
35	0.01408	0.01006	0.01349	0.01610	0.01691	0.00946	0.01109	0.01631	0.02191	0.02915	0.06183	0.55767	0.07363	0.03491	0.01446	0.00462	0.00685	0.06776	0.01044	0.00924
36	0.02608	0.01992	0.02362	0.01701	0.02688	0.01516	0.01366	0.03102	0.02423	0.08767	0.02247	0.02485	0.01780	0.00890	0.00864	0.00185	0.00846	0.00714	0.00740	0.60725
37	0.01593	0.01150	0.01504	0.01416	0.01681	0.01062	0.01062	0.02124	0.03186	0.04513	0.52830	0.08407	0.10620	0.02301	0.01327	0.00354	0.00531	0.02035	0.01239	0.01062
38	0.02126	0.02001	0.03376	0.57739	0.07752	0.02501	0.03126	0.02876	0.02251	0.02876	0.02001	0.03001	0.01500	0.01125	0.01125	0.00375	0.01500	0.01000	0.00500	0.01250
39	0.02196	0.02075	0.03207	0.34141	0.05544	0.02694	0.02682	0.02708	0.02017	0.02757	0.01962	0.03210	0.01725	0.06731	0.02407	0.00479	0.20703	0.01052	0.00514	0.01193
40	0.02716	0.02603	0.04443	0.12249	0.48625	0.02656	0.03420	0.03393	0.02530	0.03593	0.02105	0.02808	0.01753	0.01016	0.01115	0.00339	0.01354	0.01003	0.00551	0.01727
41	0.02305	0.05487	0.48843	0.03393	0.04993	0.02642	0.09593	0.03569	0.02410	0.03569	0.02051	0.02456	0.01460	0.01055	0.01100	0.00359	0.01692	0.00891	0.00487	0.01646
42	0.01568	0.01062	0.01248	0.01316	0.01333	0.01045	0.00776	0.01619	0.01771	0.02361	0.04235	0.20935	0.04961	0.45689	0.04616	0.00927	0.00978	0.02042	0.00776	0.00742
43	0.02040	0.01954	0.08377	0.07338	0.08116	0.01537	0.01898	0.02555	0.02537	0.07681	0.13293	0.23948	0.09619	0.02299	0.01277	0.00391	0.00920	0.02039	0.00939	0.01239
44	0.02433	0.01992	0.03296	0.51883	0.07239	0.02412	0.02971	0.03150	0.02353	0.08269	0.02257	0.03088	0.01635	0.01153	0.01126	0.00372	0.01443	0.01014	0.00594	0.01320
45	0.10461	0.04145	0.02881	0.02594	0.03058	0.36392	0.01999	0.03896	0.02730	0.03117	0.01850	0.02277	0.01559	0.01300	0.01421	0.00328	0.11450	0.00786	0.06495	0.01260
46	0.02223	0.01419	0.01927	0.02157	0.08064	0.01293	0.01400	0.02602	0.02682	0.12390	0.15289	0.21795	0.17400	0.02457	0.01298	0.00386	0.00747	0.02157	0.01084	0.01232
47	0.02989	0.02512	0.04208	0.11659	0.42545	0.02533	0.03203	0.03638	0.02609	0.09670	0.02384	0.02934	0.01874	0.01063	0.01118	0.00340	0.01309	0.01018	0.00652	0.01743
48	0.02205	0.02082	0.03519	0.51625	0.13245	0.02522	0.03165	0.02945	0.02288	0.02972	0.02015	0.02975	0.01534	0.01111	0.01124	0.00370	0.01481	0.01001	0.00507	0.01314
49	0.02321	0.10460	0.50528	0.03100	0.04705	0.02768	0.03971	0.03548	0.02369	0.03488	0.01982	0.02328	0.01427	0.01060	0.01040	0.00347	0.01625	0.00812	0.00476	0.01645
50	0.01618	0.01166	0.01608	0.01608	0.01739	0.01298	0.01156	0.01881	0.01749	0.02464	0.03199	0.05440	0.03256	0.26430	0.38601	0.01561	0.02349	0.01355	0.00630	0.00893
51	0.21899	0.02161	0.02427	0.01949	0.02754	0.02185	0.01599	0.09583	0.07397	0.31530	0.03493	0.03204	0.02329	0.01306	0.01015	0.00350	0.00958	0.00991	0.01154	0.01715
52	0.02610	0.02495	0.04250	0.20469	0.41239	0.02628	0.03367	0.03300	0.02480	0.03463	0.02086	0.02843	0.01707	0.01036	0.01117	0.00345	0.01381	0.01002	0.00542	0.01641
53	0.02611	0.01295	0.01746	0.01714	0.02051	0.01164	0.01250	0.02888	0.02514	0.20173	0.05609	0.40877	0.05874	0.02807	0.01334	0.00420	0.00756	0.02503	0.01162	0.01252
54	0.01671	0.01303	0.01674	0.01732	0.01898	0.01373	0.01253	0.02263	0.07530	0.03434	0.16481	0.36792	0.07229	0.02891	0.01583	0.00428	0.05817	0.02528	0.01051	0.01068
55	0.08517	0.02837	0.07616	0.14228	0.04144	0.07176	0.02409	0.06943	0.06981	0.12186	0.02528	0.02883	0.01880	0.01387	0.01608	0.00382	0.13061	0.00974	0.00770	0.01490
56	0.01523	0.01078	0.01325	0.01384	0.01598	0.00989	0.00992	0.01894	0.02630	0.03651	0.24179	0.26489	0.15866	0.02723	0.01310	0.00385	0.00580	0.02401	0.08015	0.00989
57	0.01413	0.01011	0.01343	0.01539	0.01642	0.00942	0.01048	0.01671	0.02347	0.03178	0.14870	0.50174	0.08034	0.03298	0.01416	0.00438	0.00630	0.02983	0.01081	0.00942
58	0.02657	0.03036	0.06641	0.04744	0.05882	0.02846	0.49336	0.03605	0.02657	0.03605	0.02277	0.03036	0.01708	0.00949	0.01328	0.00380	0.01898	0.01328	0.00569	0.01518
59	0.12669	0.01947	0.02497	0.01940	0.02789	0.01759	0.01602	0.05223	0.03064	0.48291	0.04095	0.03590	0.02598	0.01351	0.01079	0.00348	0.00947	0.01069	0.01309	0.01832
60	0.01608	0.01206	0.01809	0.01809	0.02010	0.01407	0.01407	0.02010	0.01809	0.02613	0.03015	0.04422	0.02814	0.08441	0.55984	0.01809	0.03015	0.01206	0.00603	0.01005
61	0.05050	0.01915	0.02612	0.02003	0.02873	0.01654	0.01654	0.05485	0.03221	0.54203	0.04440	0.03831	0.02786	0.01393	0.01132	0.00348	0.00958	0.01132	0.01393	0.01915
62	0.01428	0.01038	0.01356	0.01562	0.01691	0.00966	0.01100	0.01692	0.02324	0.03080	0.10821	0.46416	0.11723	0.03318	0.01428	0.00447	0.00670	0.06938	0.01061	0.00942
63	0.01876	0.01251	0.01454	0.01390	0.01796	0.01091	0.01087	0.02250	0.02765	0.09507	0.17889	0.09717	0.34192	0.02597	0.01328	0.00385	0.00656	0.06548	0.01123	0.01096
64	0.04291	0.02850	0.02975	0.02339	0.03153	0.07254	0.01907	0.30671	0.04343	0.18559	0.03146	0.03057	0.02178	0.01342	0.01090	0.00330	0.01175	0.01022	0.06525	0.01792

[dist]
# distance from previous block
# <min> <max>
0	2

[block]
# block no. 2 follows, 11 sequences, length 11
# corresponding to MSA columns:
# 210-220
name=unknown_C
#
# <colnr> <probs for GDERKNQSTAVLIFYWHMCP>
#	G	D	E	R	K	N	Q	S	T	A	V	L	I	F	Y	W	H	M	C	P
0	0.03077	0.02424	0.03023	0.07809	0.11285	0.02594	0.02145	0.10519	0.23742	0.08999	0.03427	0.03439	0.02557	0.01298	0.01100	0.00341	0.01058	0.01093	0.00963	0.09106
1	0.31847	0.02873	0.08666	0.02437	0.03175	0.02899	0.06304	0.10495	0.02524	0.04605	0.01842	0.02262	0.01447	0.01271	0.01460	0.00379	0.12580	0.00838	0.00687	0.01407
2	0.02274	0.01479	0.01777	0.01611	0.02016	0.01479	0.01237	0.03336	0.12956	0.09813	0.31484	0.06517	0.07321	0.01919	0.01200	0.00347	0.00649	0.01656	0.09629	0.01299
3	0.02126	0.02001	0.03376	0.57739	0.07752	0.02501	0.03126	0.02876	0.02251	0.02876	0.02001	0.03001	0.01500	0.01125	0.01125	0.00375	0.01500	0.01000	0.00500	0.01250
4	0.01384	0.01077	0.01210	0.01302	0.01522	0.00956	0.00900	0.01601	0.02301	0.02871	0.08557	0.27669	0.30604	0.10475	0.01932	0.00498	0.00666	0.02572	0.00998	0.00903
5	0.01465	0.01120	0.01344	0.01342	0.01617	0.00999	0.00986	0.01857	0.02805	0.03735	0.30846	0.17291	0.25141	0.02687	0.01346	0.00379	0.00564	0.02338	0.01140	0.00999
6	0.02588	0.01265	0.01518	0.01361	0.01756	0.01183	0.01054	0.03096	0.02786	0.15078	0.18100	0.05339	0.05108	0.01616	0.01018	0.00307	0.00620	0.01353	0.33613	0.01240
7	0.03232	0.02632	0.02788	0.02378	0.03091	0.03001	0.01886	0.18742	0.37926	0.05405	0.04032	0.03762	0.02991	0.01476	0.01140	0.00369	0.00992	0.01197	0.01140	0.01820
8	0.03047	0.03437	0.03361	0.02936	0.03131	0.21068	0.02366	0.03308	0.02216	0.02724	0.01566	0.02317	0.01468	0.01698	0.02794	0.00424	0.39463	0.00898	0.00522	0.01256
9	0.02657	0.03036	0.06641	0.04744	0.05882	0.02846	0.49336	0.03605	0.02657	0.03605	0.02277	0.03036	0.01708	0.00949	0.01328	0.00380	0.01898	0.01328	0.00569	0.01518
10	0.10454	0.02403	0.03455	0.07550	0.03851	0.02443	0.12034	0.14817	0.03291	0.10090	0.09375	0.03567	0.03012	0.01296	0.01122	0.00339	0.01199	0.01155	0.00903	0.07644

[dist]
# distance from previous block
# <min> <max>
2	10

[block]
# block no. 3 follows, 11 sequences, length 12
# corresponding to MSA columns:
# 231-242
name=unknown_D
#
# <colnr> <probs for GDERKNQSTAVLIFYWHMCP>
#	G	D	E	R	K	N	Q	S	T	A	V	L	I	F	Y	W	H	M	C	P
0	0.32538	0.02145	0.02159	0.01849	0.02522	0.02372	0.01501	0.09787	0.08007	0.13182	0.02739	0.02915	0.02048	0.02268	0.08888	0.00562	0.01246	0.00909	0.00905	0.01457
1	0.17737	0.02136	0.02375	0.01820	0.02706	0.01978	0.01485	0.08630	0.02809	0.18825	0.02680	0.02692	0.01916	0.01095	0.00920	0.00276	0.00920	0.00824	0.00930	0.27247
2	0.02126	0.02001	0.03376	0.57739	0.07752	0.02501	0.03126	0.02876	0.02251	0.02876	0.02001	0.03001	0.01500	0.01125	0.01125	0.00375	0.01500	0.01000	0.00500	0.01250
3	0.03137	0.02689	0.07117	0.02750	0.03595	0.02589	0.10544	0.05285	0.30338	0.13295	0.03951	0.03789	0.02859	0.01365	0.01170	0.00373	0.01142	0.01225	0.01036	0.01749
4	0.02764	0.02629	0.02606	0.09108	0.03441	0.10237	0.01911	0.04882	0.32094	0.04174	0.10102	0.04282	0.03840	0.01524	0.01148	0.00364	0.01084	0.01258	0.00996	0.01554
5	0.01532	0.01127	0.01434	0.01402	0.01655	0.01029	0.01034	0.01989	0.02976	0.04119	0.41676	0.15354	0.15434	0.02528	0.01342	0.00371	0.00552	0.02228	0.01190	0.01029
6	0.01441	0.01047	0.01318	0.01446	0.01584	0.00969	0.00985	0.01695	0.02360	0.03155	0.16136	0.37366	0.13346	0.09461	0.01874	0.00496	0.00666	0.02686	0.01045	0.00923
7	0.03542	0.03376	0.03488	0.02872	0.03526	0.17051	0.07669	0.12732	0.13684	0.07861	0.02752	0.02934	0.02095	0.01383	0.01497	0.00363	0.09713	0.01034	0.00847	0.01578
8	0.02716	0.02256	0.02368	0.02144	0.02736	0.02592	0.01664	0.05583	0.45587	0.04648	0.04473	0.04199	0.03371	0.01501	0.01103	0.00368	0.00847	0.01246	0.08904	0.01695
9	0.02704	0.02367	0.04108	0.21626	0.05453	0.02425	0.17301	0.03719	0.07906	0.08817	0.02630	0.03145	0.01937	0.01104	0.01155	0.00347	0.01416	0.01105	0.00709	0.10025
10	0.47248	0.02089	0.01974	0.01655	0.02409	0.02234	0.01364	0.04035	0.02351	0.21459	0.02526	0.02497	0.01742	0.01161	0.00842	0.00348	0.00900	0.00784	0.00929	0.01451
11	0.19834	0.02316	0.06124	0.01823	0.02565	0.02107	0.01571	0.11837	0.02778	0.04650	0.02759	0.09598	0.02449	0.01401	0.00941	0.00310	0.00923	0.01093	0.09349	0.15571

[dist]
# distance from previous block
# <min> <max>
1	64

[block]
# block no. 4 follows, 11 sequences, length 15
# corresponding to MSA columns:
# 307-321
name=unknown_E
#
# <colnr> <probs for GDERKNQSTAVLIFYWHMCP>
#	G	D	E	R	K	N	Q	S	T	A	V	L	I	F	Y	W	H	M	C	P
0	0.17916	0.15263	0.03421	0.02107	0.02972	0.03175	0.01812	0.22100	0.03561	0.13794	0.02511	0.02515	0.01813	0.01209	0.00947	0.00321	0.01104	0.00858	0.00940	0.01663
1	0.02023	0.01228	0.01602	0.01621	0.01897	0.01140	0.01228	0.02376	0.02596	0.10180	0.16469	0.22589	0.10773	0.08352	0.01802	0.00486	0.00776	0.10677	0.01098	0.01086
2	0.02103	0.01863	0.03119	0.50176	0.06907	0.02296	0.02837	0.02686	0.02145	0.02752	0.01994	0.03057	0.01561	0.01500	0.01565	0.09364	0.01430	0.00997	0.00499	0.01148
3	0.03528	0.28142	0.11592	0.02336	0.03367	0.03597	0.02285	0.19074	0.03395	0.09335	0.02292	0.02385	0.01731	0.01150	0.00946	0.00300	0.01256	0.00824	0.00786	0.01679
4	0.03760	0.11846	0.03439	0.07928	0.03690	0.32221	0.02136	0.04459	0.08663	0.08045	0.02342	0.02527	0.01820	0.01196	0.01013	0.00308	0.01628	0.00840	0.00706	0.01435
5	0.01506	0.01128	0.01396	0.01369	0.01638	0.01018	0.01012	0.01940	0.02920	0.03976	0.37668	0.15022	0.20124	0.02574	0.01341	0.00372	0.00555	0.02252	0.01171	0.01018
6	0.02524	0.01364	0.01783	0.01631	0.02063	0.01226	0.01286	0.02966	0.02957	0.17818	0.24472	0.12207	0.13390	0.02320	0.01309	0.00384	0.00724	0.07093	0.01216	0.01268
7	0.03960	0.02228	0.02603	0.02122	0.02875	0.02299	0.01712	0.13461	0.18671	0.25967	0.04105	0.03771	0.02839	0.01421	0.01107	0.00350	0.00952	0.01148	0.06607	0.01802
8	0.01593	0.01150	0.01504	0.01416	0.01681	0.01062	0.01062	0.02124	0.03186	0.04513	0.52830	0.08407	0.10620	0.02301	0.01327	0.00354	0.00531	0.02035	0.01239	0.01062
9	0.01637	0.01091	0.01228	0.01228	0.01228	0.01091	0.00682	0.01637	0.01637	0.02182	0.03546	0.07365	0.04092	0.60445	0.05729	0.01091	0.01091	0.01637	0.00682	0.00682
10	0.68395	0.02177	0.01654	0.01480	0.02177	0.02525	0.01219	0.03309	0.01915	0.05050	0.01567	0.01828	0.01219	0.01045	0.00697	0.00348	0.00871	0.00609	0.00697	0.01219
11	0.20172	0.02293	0.02521	0.02041	0.02776	0.02443	0.01668	0.11018	0.08614	0.16898	0.02844	0.02859	0.02053	0.01295	0.01234	0.00340	0.06604	0.00921	0.00960	0.10447
12	0.02616	0.02501	0.04261	0.19995	0.41666	0.02630	0.03370	0.03305	0.02482	0.03471	0.02087	0.02841	0.01710	0.01034	0.01117	0.00345	0.01379	0.01002	0.00542	0.01646
13	0.03102	0.01923	0.02642	0.02286	0.02907	0.01924	0.05812	0.04354	0.16039	0.19037	0.08811	0.06545	0.04492	0.01912	0.01279	0.00404	0.01005	0.12833	0.01149	0.01545
14	0.02883	0.01434	0.01858	0.01611	0.02116	0.01262	0.01257	0.03304	0.03003	0.23586	0.22622	0.11482	0.14640	0.02147	0.01261	0.00365	0.00716	0.01841	0.01249	0.01364

[dist]
# distance from previous block
# <min> <max>
0	45

[block]
# block no. 5 follows, 11 sequences, length 9
# corresponding to MSA columns:
# 367-375
name=unknown_F
#
# <colnr> <probs for GDERKNQSTAVLIFYWHMCP>
#	G	D	E	R	K	N	Q	S	T	A	V	L	I	F	Y	W	H	M	C	P
0	0.02737	0.07936	0.02744	0.07375	0.03078	0.02402	0.01745	0.10212	0.16929	0.08103	0.13243	0.10617	0.04622	0.01770	0.01165	0.00361	0.00938	0.01495	0.01039	0.01489
1	0.54809	0.02251	0.02013	0.07868	0.02926	0.02615	0.01521	0.07734	0.02279	0.05004	0.01725	0.02044	0.01317	0.01083	0.00786	0.00350	0.00976	0.00692	0.00716	0.01290
2	0.01727	0.01098	0.01520	0.01565	0.01649	0.01146	0.01105	0.01746	0.01762	0.02394	0.03344	0.09697	0.03570	0.19156	0.17800	0.21903	0.01524	0.05873	0.00663	0.00759
3	0.01523	0.01148	0.01408	0.01343	0.01639	0.01032	0.01007	0.01989	0.03021	0.04122	0.41814	0.09052	0.21880	0.02447	0.01328	0.00361	0.00541	0.02126	0.01187	0.01032
4	0.04279	0.03153	0.03378	0.02590	0.03490	0.03490	0.02139	0.49671	0.05292	0.07093	0.02702	0.02702	0.01914	0.01351	0.01126	0.00338	0.01239	0.01013	0.01126	0.01914
5	0.02284	0.02652	0.10682	0.29149	0.21188	0.02429	0.03187	0.03037	0.02358	0.03223	0.02415	0.07906	0.02109	0.01293	0.01142	0.00367	0.01396	0.01174	0.00563	0.01445
6	0.04145	0.02098	0.02627	0.01978	0.02890	0.01842	0.01621	0.10312	0.03221	0.33213	0.03495	0.03243	0.02343	0.01222	0.01043	0.00293	0.00957	0.00979	0.01143	0.21337
7	0.23430	0.02778	0.03141	0.10166	0.03907	0.09392	0.08523	0.09035	0.06424	0.09396	0.02389	0.02661	0.01756	0.01162	0.01010	0.00350	0.01300	0.00926	0.00788	0.01466
8	0.03335	0.02135	0.02316	0.01971	0.02604	0.05502	0.01567	0.10356	0.09270	0.17286	0.03937	0.09100	0.03230	0.01629	0.01100	0.00337	0.00961	0.04310	0.10903	0.08150

[dist]
# distance from previous block
# <min> <max>
0	5

[block]
# block no. 6 follows, 11 sequences, length 18
# corresponding to MSA columns:
# 381-398
name=unknown_G
#
# <colnr> <probs for GDERKNQSTAVLIFYWHMCP>
#	G	D	E	R	K	N	Q	S	T	A	V	L	I	F	Y	W	H	M	C	P
0	0.30664	0.01855	0.01688	0.01494	0.01997	0.02055	0.01159	0.09873	0.02499	0.04681	0.02607	0.03460	0.02217	0.10546	0.01580	0.00441	0.00870	0.00949	0.18170	0.01194
1	0.41263	0.02126	0.01972	0.01727	0.02371	0.02352	0.01384	0.11031	0.02637	0.09344	0.02756	0.11466	0.02475	0.01526	0.00926	0.00364	0.00905	0.01140	0.00886	0.01348
2	0.02286	0.02164	0.03665	0.45403	0.18836	0.02543	0.03205	0.03016	0.02326	0.03070	0.02029	0.02949	0.01569	0.01096	0.01123	0.00365	0.01461	0.01001	0.00514	0.01380
3	0.28880	0.01809	0.01954	0.01737	0.02352	0.01842	0.01404	0.03709	0.02482	0.21946	0.03746	0.12742	0.03270	0.01762	0.01051	0.00382	0.00883	0.05618	0.01031	0.01400
4	0.16803	0.12372	0.12169	0.02406	0.03419	0.02720	0.06726	0.08062	0.02790	0.18342	0.02624	0.02677	0.01841	0.01152	0.00986	0.00334	0.01215	0.00899	0.00847	0.01617
5	0.32407	0.02353	0.02303	0.01936	0.02681	0.02607	0.01572	0.12081	0.13872	0.13364	0.02909	0.02839	0.02093	0.01262	0.00941	0.00354	0.00951	0.00913	0.00984	0.01577
6	0.02745	0.27526	0.17168	0.02300	0.03281	0.03232	0.02382	0.10567	0.02771	0.03636	0.02646	0.11853	0.02526	0.01485	0.00996	0.00322	0.01234	0.01165	0.00679	0.01487
7	0.02237	0.02114	0.03577	0.49174	0.15448	0.02530	0.03181	0.02973	0.02303	0.03011	0.02020	0.02965	0.01548	0.01105	0.01123	0.00368	0.01473	0.01001	0.00510	0.01340
8	0.02626	0.02945	0.06137	0.04461	0.05420	0.02941	0.41930	0.03464	0.02509	0.03464	0.02151	0.02945	0.01671	0.01110	0.01702	0.00397	0.10822	0.01274	0.00557	0.01473
9	0.01627	0.01129	0.01417	0.01417	0.01483	0.01194	0.00919	0.01759	0.01693	0.02323	0.03373	0.06404	0.03675	0.43466	0.22137	0.01325	0.01719	0.01496	0.00656	0.00787
10	0.01829	0.01331	0.01532	0.01489	0.01624	0.01424	0.00970	0.02421	0.10045	0.02669	0.03646	0.06416	0.03801	0.43177	0.12049	0.01073	0.01329	0.01515	0.00749	0.00913
11	0.01886	0.01326	0.01606	0.01529	0.01676	0.01417	0.01035	0.06432	0.02043	0.02787	0.03310	0.06056	0.03508	0.39578	0.19873	0.01226	0.01664	0.01451	0.00702	0.00896
12	0.01442	0.01067	0.01348	0.01442	0.01631	0.00972	0.01019	0.01771	0.02586	0.03478	0.23460	0.33451	0.16231	0.02982	0.01380	0.00408	0.00596	0.02652	0.01113	0.00972
13	0.04204	0.05364	0.03190	0.02900	0.03480	0.55926	0.02175	0.04494	0.03190	0.02755	0.01740	0.02030	0.01450	0.01160	0.01015	0.00290	0.02030	0.00725	0.00580	0.01305
14	0.68395	0.02177	0.01654	0.01480	0.02177	0.02525	0.01219	0.03309	0.01915	0.05050	0.01567	0.01828	0.01219	0.01045	0.00697	0.00348	0.00871	0.00609	0.00697	0.01219
15	0.02126	0.02001	0.03376	0.57739	0.07752	0.02501	0.03126	0.02876	0.02251	0.02876	0.02001	0.03001	0.01500	0.01125	0.01125	0.00375	0.01500	0.01000	0.00500	0.01250
16	0.02334	0.02001	0.02334	0.01667	0.02667	0.01500	0.01334	0.02834	0.02334	0.03668	0.02001	0.02334	0.01667	0.00834	0.00834	0.00167	0.00834	0.00667	0.00667	0.67325
17	0.01784	0.01351	0.01669	0.01554	0.01878	0.01337	0.01176	0.02733	0.10802	0.04544	0.45207	0.07743	0.09485	0.02179	0.01299	0.00358	0.00588	0.01915	0.01224	0.01176

[dist]
# distance from previous block
# <min> <max>
0	12

[block]
# block no. 7 follows, 11 sequences, length 6
# corresponding to MSA columns:
# 411-416
name=unknown_H
#
# <colnr> <probs for GDERKNQSTAVLIFYWHMCP>
#	G	D	E	R	K	N	Q	S	T	A	V	L	I	F	Y	W	H	M	C	P
0	0.01620	0.01159	0.01570	0.01570	0.01688	0.01277	0.01109	0.01856	0.01738	0.02436	0.03234	0.05633	0.03340	0.29841	0.35304	0.01514	0.02223	0.01383	0.00635	0.00872
1	0.02287	0.02165	0.03667	0.45334	0.18898	0.02543	0.03206	0.03017	0.02327	0.03071	0.02029	0.02948	0.01569	0.01095	0.01123	0.00365	0.01461	0.01001	0.00514	0.01380
2	0.04075	0.02756	0.03520	0.02694	0.03587	0.02888	0.08110	0.27971	0.09950	0.17564	0.03284	0.03192	0.02276	0.01330	0.01156	0.00351	0.01216	0.01113	0.01119	0.01847
3	0.01661	0.01338	0.02148	0.02000	0.02240	0.01364	0.07206	0.01995	0.02010	0.02761	0.04131	0.24213	0.04512	0.14111	0.21793	0.01037	0.01732	0.01993	0.00767	0.00986
4	0.10024	0.03599	0.02763	0.02398	0.03005	0.24100	0.01837	0.15695	0.09147	0.04245	0.02534	0.03112	0.02115	0.08716	0.01622	0.00420	0.01461	0.00967	0.00811	0.01430
5	0.03842	0.02814	0.03548	0.02656	0.03600	0.02882	0.08085	0.31230	0.04243	0.11358	0.02729	0.02813	0.01945	0.01220	0.01106	0.00317	0.01228	0.01012	0.01010	0.12362

[dist]
# distance from previous block
# <min> <max>
0	5

[block]
# block no. 8 follows, 11 sequences, length 45
# corresponding to MSA columns:
# 422-466
name=unknown_I
#
# <colnr> <probs for GDERKNQSTAVLIFYWHMCP>
#	G	D	E	R	K	N	Q	S	T	A	V	L	I	F	Y	W	H	M	C	P
0	0.04129	0.09599	0.03258	0.02374	0.03155	0.15795	0.01928	0.13913	0.10693	0.19145	0.03136	0.02996	0.02234	0.01300	0.01059	0.00325	0.01294	0.00971	0.01003	0.01694
1	0.02892	0.02447	0.03096	0.06611	0.03420	0.08916	0.08823	0.06767	0.02912	0.09422	0.12431	0.04026	0.03632	0.01461	0.01383	0.00341	0.06863	0.01212	0.07105	0.06241
2	0.02794	0.01931	0.03056	0.25095	0.13438	0.02099	0.02455	0.03360	0.02421	0.14421	0.02810	0.03652	0.02196	0.06473	0.08431	0.00597	0.01512	0.01103	0.00736	0.01419
3	0.02334	0.02001	0.02334	0.01667	0.02667	0.01500	0.01334	0.02834	0.02334	0.03668	0.02001	0.02334	0.01667	0.00834	0.00834	0.00167	0.00834	0.00667	0.00667	0.67325
4	0.02483	0.01790	0.02095	0.01992	0.02395	0.01906	0.01613	0.13804	0.07736	0.04233	0.04462	0.07947	0.04419	0.12471	0.02090	0.00544	0.01042	0.19868	0.05854	0.01255
5	0.10430	0.01713	0.02147	0.01739	0.02421	0.01572	0.01409	0.04386	0.02977	0.35290	0.11539	0.04386	0.03854	0.01488	0.01075	0.00338	0.00828	0.01209	0.09592	0.01604
6	0.02362	0.01302	0.01710	0.01546	0.01904	0.01185	0.01159	0.02787	0.02943	0.15432	0.32455	0.12360	0.07895	0.07804	0.01717	0.00434	0.00694	0.01907	0.01201	0.01205
7	0.01430	0.01025	0.01359	0.01527	0.01645	0.00953	0.01049	0.01715	0.02429	0.03309	0.18579	0.46093	0.08287	0.03201	0.01408	0.00430	0.00621	0.02891	0.01096	0.00953
8	0.03608	0.36838	0.04739	0.02189	0.03083	0.10532	0.01974	0.12966	0.03091	0.08443	0.02087	0.02205	0.01666	0.01106	0.00879	0.00277	0.01292	0.00750	0.00709	0.01565
9	0.01536	0.01104	0.01292	0.01297	0.01449	0.01036	0.00856	0.01753	0.02283	0.03039	0.18312	0.14082	0.15784	0.27602	0.03237	0.00688	0.00794	0.02059	0.00939	0.00860
10	0.02878	0.02962	0.10059	0.20462	0.05127	0.07483	0.09577	0.08027	0.02815	0.09128	0.02780	0.08597	0.02297	0.01388	0.01170	0.00367	0.01460	0.01238	0.00730	0.01453
11	0.01444	0.01033	0.01382	0.01599	0.01709	0.00971	0.01124	0.01715	0.02330	0.03131	0.12100	0.48469	0.07750	0.03329	0.01435	0.00450	0.00676	0.07339	0.01069	0.00945
12	0.02811	0.01986	0.02383	0.01726	0.02703	0.01527	0.01390	0.03300	0.02490	0.12545	0.02429	0.02597	0.01864	0.00932	0.00886	0.00199	0.00855	0.00749	0.00794	0.55834
13	0.03054	0.02427	0.03153	0.08851	0.14709	0.02605	0.02280	0.09162	0.22758	0.09151	0.03380	0.03441	0.02528	0.01288	0.01110	0.00347	0.01088	0.01101	0.00935	0.06631
14	0.03172	0.33996	0.09763	0.02398	0.03243	0.12068	0.02275	0.07875	0.02650	0.03185	0.01734	0.02066	0.01492	0.01169	0.01218	0.00301	0.08643	0.00732	0.00559	0.01462
15	0.03492	0.07983	0.07962	0.02185	0.02966	0.02272	0.01956	0.11572	0.06774	0.21234	0.04029	0.11324	0.03391	0.01767	0.01168	0.00371	0.01061	0.05801	0.01073	0.01620
16	0.01655	0.01164	0.01591	0.01563	0.01776	0.01237	0.01180	0.02080	0.02294	0.03350	0.19121	0.05898	0.05423	0.09622	0.29140	0.01133	0.01824	0.01489	0.07457	0.01004
17	0.03009	0.61122	0.05898	0.01926	0.02889	0.04454	0.01926	0.03370	0.02287	0.02648	0.01565	0.01805	0.01444	0.00963	0.00722	0.00241	0.01204	0.00602	0.00481	0.01444
18	0.01539	0.01148	0.01429	0.01359	0.01648	0.01039	0.01019	0.02019	0.03058	0.04210	0.44289	0.08907	0.19351	0.02414	0.01328	0.00359	0.00539	0.02106	0.01199	0.01039
19	0.04204	0.05364	0.03190	0.02900	0.03480	0.55926	0.02175	0.04494	0.03190	0.02755	0.01740	0.02030	0.01450	0.01160	0.01015	0.00290	0.02030	0.00725	0.00580	0.01305
20	0.01569	0.01132	0.01483	0.01433	0.01676	0.01046	0.01060	0.02063	0.03072	0.04333	0.47698	0.14054	0.10270	0.02436	0.01340	0.00365	0.00544	0.02164	0.01218	0.01046
21	0.03235	0.02456	0.02658	0.02297	0.02992	0.02761	0.01813	0.11474	0.40234	0.10459	0.04327	0.03969	0.03171	0.01490	0.01141	0.00372	0.00942	0.01224	0.01170	0.01813
22	0.02334	0.02001	0.02334	0.01667	0.02667	0.01500	0.01334	0.02834	0.02334	0.03668	0.02001	0.02334	0.01667	0.00834	0.00834	0.00167	0.00834	0.00667	0.00667	0.67325
23	0.03141	0.54985	0.05600	0.02033	0.02954	0.10119	0.01953	0.03494	0.02386	0.02660	0.01584	0.01830	0.01445	0.00985	0.00754	0.00246	0.01295	0.00615	0.00492	0.01429
24	0.02786	0.02674	0.04568	0.06908	0.53424	0.02674	0.03454	0.03454	0.02563	0.03677	0.02117	0.02786	0.01783	0.01003	0.01114	0.00334	0.01337	0.01003	0.00557	0.01783
25	0.02126	0.02001	0.03376	0.57739	0.07752	0.02501	0.03126	0.02876	0.02251	0.02876	0.02001	0.03001	0.01500	0.01125	0.01125	0.00375	0.01500	0.01000	0.00500	0.01250
26	0.02605	0.02787	0.08060	0.15678	0.29268	0.02671	0.08281	0.03688	0.08699	0.03636	0.02418	0.03004	0.01903	0.01092	0.01141	0.00355	0.01398	0.01060	0.00616	0.01641
27	0.01904	0.01223	0.01582	0.01450	0.01783	0.01110	0.01102	0.02406	0.03139	0.09170	0.44834	0.08163	0.13287	0.02258	0.01309	0.00356	0.00575	0.01976	0.01238	0.01135
28	0.01996	0.01211	0.01561	0.01629	0.01813	0.01166	0.01190	0.02235	0.02201	0.08405	0.04961	0.21267	0.05427	0.24188	0.03020	0.00696	0.00954	0.14160	0.00947	0.00972
29	0.01531	0.01102	0.01430	0.01632	0.01776	0.01053	0.01207	0.01806	0.02257	0.02947	0.06294	0.34509	0.11108	0.10566	0.02006	0.00548	0.00814	0.15492	0.00996	0.00924
