[name]
unknown

[dist]
# distance from previous block
# <min> <max>
0	464

[block]
# block no. 0 follows, 10 sequences, length 12
# corresponding to MSA columns:
# 596-607
name=unknown_A
#
# <colnr> <probs for GDERKNQSTAVLIFYWHMCP>
#	G	D	E	R	K	N	Q	S	T	A	V	L	I	F	Y	W	H	M	C	P
0	0.02196	0.02067	0.03488	0.56331	0.08010	0.02584	0.03230	0.02972	0.02326	0.02972	0.02067	0.03101	0.01550	0.01163	0.01163	0.00388	0.01550	0.01034	0.00517	0.01292
1	0.02879	0.02763	0.04721	0.07139	0.51871	0.02763	0.03569	0.03569	0.02648	0.03800	0.02188	0.02879	0.01842	0.01036	0.01151	0.00345	0.01382	0.01036	0.00576	0.01842
2	0.03433	0.02762	0.08968	0.10178	0.04449	0.02539	0.10703	0.04425	0.08244	0.19735	0.03193	0.03394	0.02250	0.01378	0.01548	0.00394	0.08671	0.01153	0.00908	0.01675
3	0.01830	0.01550	0.02169	0.02130	0.02209	0.01889	0.01629	0.02099	0.02002	0.02852	0.04094	0.28075	0.04620	0.04339	0.14761	0.00814	0.18978	0.02099	0.00792	0.01070
4	0.02440	0.02316	0.03928	0.38772	0.23666	0.02648	0.03351	0.03185	0.02441	0.03267	0.02110	0.03021	0.01655	0.01118	0.01159	0.00373	0.01490	0.01035	0.00538	0.01488
5	0.01442	0.01200	0.01272	0.01308	0.01684	0.01030	0.01017	0.01769	0.02655	0.03187	0.11026	0.11452	0.45388	0.02981	0.01406	0.00412	0.00654	0.08046	0.01079	0.00994
6	0.02609	0.02460	0.04168	0.17286	0.37367	0.02593	0.03284	0.03290	0.02500	0.03510	0.02254	0.03096	0.01886	0.01833	0.06498	0.00507	0.01592	0.01057	0.00568	0.01642
7	0.01610	0.01187	0.01505	0.01426	0.01716	0.01082	0.01069	0.02126	0.03208	0.04464	0.46070	0.09017	0.16286	0.02452	0.01372	0.00369	0.00554	0.02149	0.01254	0.01082
8	0.03623	0.02875	0.04263	0.03961	0.13893	0.02968	0.12239	0.18519	0.10174	0.10806	0.03052	0.03236	0.02227	0.01262	0.01210	0.00365	0.01365	0.01167	0.00953	0.01842
9	0.67341	0.02249	0.01709	0.01529	0.02249	0.02609	0.01260	0.03419	0.01979	0.05218	0.01619	0.01889	0.01260	0.01080	0.00720	0.00360	0.00900	0.00630	0.00720	0.01260
10	0.09705	0.08235	0.02915	0.02114	0.02861	0.02530	0.01743	0.08992	0.14190	0.20617	0.03665	0.03603	0.02658	0.02345	0.08096	0.00554	0.01299	0.01094	0.01078	0.01704
11	0.09147	0.41938	0.04822	0.01893	0.02768	0.03723	0.01790	0.03538	0.02530	0.08048	0.07733	0.02872	0.02719	0.01208	0.00858	0.00284	0.01105	0.00850	0.00702	0.01472

[dist]
# distance from previous block
# <min> <max>
0	4

[block]
# block no. 1 follows, 10 sequences, length 74
# corresponding to MSA columns:
# 612-626,632-676,689-702
name=unknown_B
#
# <colnr> <probs for GDERKNQSTAVLIFYWHMCP>
#	G	D	E	R	K	N	Q	S	T	A	V	L	I	F	Y	W	H	M	C	P
0	0.02262	0.01427	0.01638	0.01410	0.01939	0.01226	0.01092	0.02730	0.02722	0.09105	0.13440	0.06283	0.15780	0.01817	0.01091	0.00305	0.00669	0.01513	0.18611	0.14937
1	0.02412	0.02067	0.02412	0.01723	0.02756	0.01550	0.01378	0.02929	0.02412	0.03790	0.02067	0.02412	0.01723	0.00861	0.00861	0.00172	0.00861	0.00689	0.00689	0.66236
2	0.04522	0.02041	0.02591	0.02000	0.02850	0.01847	0.01639	0.09973	0.03390	0.37416	0.04044	0.03709	0.02670	0.01368	0.01100	0.00330	0.00963	0.01098	0.08124	0.08327
3	0.02412	0.02067	0.02412	0.01723	0.02756	0.01550	0.01378	0.02929	0.02412	0.03790	0.02067	0.02412	0.01723	0.00861	0.00861	0.00172	0.00861	0.00689	0.00689	0.66236
4	0.01417	0.01012	0.01350	0.01619	0.01687	0.00945	0.01080	0.01619	0.02227	0.02969	0.06410	0.58367	0.07692	0.03644	0.01484	0.00472	0.00675	0.03306	0.01080	0.00945
5	0.02812	0.02896	0.09969	0.21427	0.19885	0.02624	0.10926	0.03630	0.02609	0.08411	0.02407	0.03054	0.01798	0.01115	0.01190	0.00371	0.01534	0.01087	0.00636	0.01620
6	0.15900	0.03279	0.09395	0.02482	0.03423	0.03166	0.02229	0.25945	0.12678	0.05995	0.02839	0.02865	0.02069	0.01332	0.01075	0.00362	0.01197	0.00993	0.00996	0.01782
7	0.01726	0.01115	0.01295	0.01295	0.01295	0.01115	0.00737	0.01673	0.01673	0.02230	0.03490	0.07179	0.03995	0.53294	0.05774	0.08013	0.01115	0.01619	0.00684	0.00684
8	0.03478	0.08414	0.18107	0.09350	0.09770	0.02714	0.02939	0.09817	0.03074	0.16952	0.02808	0.02968	0.01962	0.01220	0.01111	0.00353	0.01371	0.00985	0.00842	0.01766
9	0.02646	0.24114	0.31655	0.03045	0.04453	0.03380	0.08518	0.03619	0.02457	0.03364	0.01957	0.02332	0.01514	0.01053	0.01013	0.00330	0.01584	0.00837	0.00505	0.01624
10	0.01447	0.01035	0.01376	0.01599	0.01693	0.00964	0.01082	0.01694	0.02364	0.03188	0.12201	0.51952	0.08116	0.03480	0.01470	0.00459	0.00658	0.03151	0.01106	0.00964
11	0.09680	0.08212	0.12786	0.07580	0.03468	0.02374	0.02242	0.03526	0.02567	0.12055	0.08268	0.03628	0.02994	0.01413	0.01271	0.00356	0.05879	0.01068	0.09176	0.01458
12	0.09069	0.03053	0.12564	0.03397	0.13750	0.02552	0.02556	0.04509	0.18162	0.08623	0.07118	0.03746	0.03105	0.01375	0.01131	0.00370	0.01147	0.01153	0.00906	0.01714
13	0.02387	0.02198	0.03499	0.32686	0.17551	0.02514	0.02942	0.03403	0.07870	0.03558	0.07330	0.03747	0.02793	0.01301	0.01183	0.00376	0.01337	0.01173	0.00683	0.01469
14	0.01865	0.01524	0.02188	0.08925	0.02891	0.01733	0.01677	0.02260	0.01997	0.02842	0.03148	0.10451	0.03147	0.10086	0.27072	0.01153	0.07645	0.01419	0.00664	0.07309
15	0.30175	0.02461	0.03210	0.08639	0.21768	0.02767	0.02450	0.03371	0.02244	0.04224	0.01866	0.02442	0.01536	0.01172	0.01251	0.00373	0.07080	0.00861	0.00625	0.01486
16	0.02148	0.01362	0.01542	0.01450	0.01742	0.01371	0.01065	0.07562	0.02905	0.04366	0.16941	0.11191	0.05691	0.09329	0.01733	0.00437	0.00718	0.01661	0.25657	0.01128
17	0.32463	0.02189	0.02109	0.01783	0.02473	0.02392	0.01447	0.12076	0.02760	0.05068	0.02309	0.02712	0.01835	0.02131	0.07781	0.00522	0.01223	0.00844	0.07015	0.08869
18	0.08321	0.02445	0.03619	0.23732	0.20610	0.02653	0.02856	0.08403	0.02772	0.04023	0.02151	0.02816	0.01687	0.01110	0.01089	0.00344	0.01336	0.00965	0.00646	0.08422
19	0.10369	0.02304	0.03363	0.32134	0.12004	0.02638	0.02778	0.08465	0.02783	0.08815	0.02366	0.02983	0.01736	0.01191	0.01111	0.00372	0.01367	0.01002	0.00714	0.01506
20	0.01500	0.01071	0.01444	0.01714	0.01818	0.01016	0.01223	0.01762	0.02308	0.03062	0.06365	0.50183	0.07512	0.03566	0.01507	0.00484	0.00746	0.10675	0.01078	0.00968
21	0.01515	0.01158	0.01575	0.07348	0.02348	0.01136	0.01287	0.01819	0.02379	0.03138	0.10494	0.42819	0.12275	0.03191	0.01428	0.00445	0.00747	0.02864	0.01038	0.00999
22	0.03582	0.03026	0.11924	0.08957	0.04290	0.02524	0.07010	0.08984	0.12539	0.19656	0.03500	0.03484	0.02421	0.01328	0.01180	0.00374	0.01291	0.01138	0.01007	0.01786
23	0.03696	0.03075	0.03298	0.23298	0.05181	0.14303	0.02518	0.13006	0.03370	0.13100	0.02624	0.02972	0.01873	0.01270	0.01139	0.00355	0.01514	0.00998	0.00839	0.01572
24	0.01490	0.01090	0.01417	0.01652	0.01796	0.01017	0.01191	0.01762	0.02359	0.03079	0.07061	0.44507	0.13164	0.03480	0.01491	0.00473	0.00732	0.10191	0.01078	0.00971
25	0.02365	0.02736	0.14827	0.21335	0.04874	0.02061	0.02688	0.03147	0.02659	0.08764	0.13125	0.09067	0.04205	0.01653	0.01222	0.00383	0.01243	0.01432	0.00819	0.01397
26	0.10255	0.09694	0.23932	0.02622	0.03857	0.02825	0.02846	0.11516	0.03088	0.14728	0.02638	0.02711	0.01835	0.01211	0.01052	0.00350	0.01356	0.00909	0.00830	0.01746
27	0.04700	0.02155	0.02688	0.02089	0.02925	0.02050	0.01717	0.14512	0.03692	0.37373	0.04109	0.03748	0.02695	0.01421	0.01128	0.00347	0.01002	0.01133	0.08637	0.01878
28	0.49104	0.02633	0.02446	0.02774	0.12262	0.07066	0.01805	0.03553	0.02225	0.04733	0.01748	0.02104	0.01396	0.01081	0.00834	0.00352	0.01098	0.00721	0.00681	0.01383
29	0.01760	0.01116	0.01392	0.01392	0.01416	0.01140	0.00858	0.01697	0.01673	0.02255	0.03241	0.06367	0.03592	0.41235	0.11236	0.15457	0.01332	0.01491	0.00652	0.00700
30	0.02571	0.07011	0.08602	0.02645	0.06981	0.02299	0.02091	0.03559	0.11105	0.08698	0.04173	0.21330	0.04086	0.02140	0.01498	0.00409	0.06627	0.01792	0.00922	0.01462
31	0.03251	0.10292	0.27854	0.03041	0.04379	0.02802	0.08338	0.07971	0.02927	0.14184	0.02655	0.02817	0.01848	0.01175	0.01117	0.00355	0.01505	0.00975	0.00761	0.01755
32	0.02412	0.02067	0.02412	0.01723	0.02756	0.01550	0.01378	0.02929	0.02412	0.03790	0.02067	0.02412	0.01723	0.00861	0.00861	0.00172	0.00861	0.00689	0.00689	0.66236
33	0.02893	0.02498	0.02630	0.02367	0.03024	0.02893	0.01841	0.06180	0.49770	0.04865	0.04734	0.04339	0.03550	0.01578	0.01183	0.00394	0.00920	0.01315	0.01183	0.01841
34	0.02412	0.02067	0.02412	0.01723	0.02756	0.01550	0.01378	0.02929	0.02412	0.03790	0.02067	0.02412	0.01723	0.00861	0.00861	0.00172	0.00861	0.00689	0.00689	0.66236
35	0.01375	0.01178	0.01178	0.01178	0.01571	0.00982	0.00884	0.01669	0.02651	0.03142	0.11782	0.11193	0.51399	0.02946	0.01375	0.00393	0.00589	0.02455	0.01080	0.00982
36	0.02745	0.03137	0.06863	0.04902	0.06078	0.02941	0.47647	0.03725	0.02745	0.03725	0.02353	0.03137	0.01765	0.00980	0.01373	0.00392	0.01961	0.01373	0.00588	0.01569
37	0.02196	0.02067	0.03488	0.56331	0.08010	0.02584	0.03230	0.02972	0.02326	0.02972	0.02067	0.03101	0.01550	0.01163	0.01163	0.00388	0.01550	0.01034	0.00517	0.01292
38	0.02745	0.03137	0.06863	0.04902	0.06078	0.02941	0.47647	0.03725	0.02745	0.03725	0.02353	0.03137	0.01765	0.00980	0.01373	0.00392	0.01961	0.01373	0.00588	0.01569
39	0.05218	0.01979	0.02699	0.02069	0.02969	0.01709	0.01709	0.05668	0.03329	0.52677	0.04588	0.03959	0.02879	0.01439	0.01170	0.00360	0.00990	0.01170	0.01439	0.01979
40	0.01854	0.01259	0.01477	0.01380	0.01773	0.01099	0.01050	0.02267	0.02977	0.08513	0.27147	0.09480	0.30304	0.02570	0.01354	0.00379	0.00611	0.02188	0.01196	0.01125
41	0.02458	0.02109	0.02433	0.01784	0.02782	0.01679	0.01423	0.03240	0.06955	0.03893	0.02323	0.02597	0.01898	0.00930	0.00892	0.00194	0.00867	0.00749	0.00736	0.60059
42	0.02891	0.01473	0.01886	0.01707	0.02218	0.01300	0.01351	0.03288	0.02924	0.21671	0.12352	0.14534	0.18063	0.02443	0.01339	0.00404	0.00798	0.06754	0.01235	0.01370
43	0.01469	0.01049	0.01409	0.01679	0.01769	0.00989	0.01170	0.01709	0.02278	0.03027	0.06382	0.53247	0.07579	0.03595	0.01498	0.00479	0.00720	0.07915	0.01079	0.00959
44	0.01599	0.01062	0.01365	0.01588	0.01713	0.01014	0.01126	0.01898	0.02315	0.03263	0.05932	0.43859	0.06768	0.03201	0.01383	0.00445	0.00698	0.07634	0.12154	0.00983
45	0.14493	0.03404	0.17397	0.09178	0.10375	0.02547	0.02828	0.07745	0.02825	0.14559	0.02606	0.02831	0.01833	0.01194	0.01069	0.00363	0.01322	0.00944	0.00803	0.01684
46	0.46185	0.08875	0.02854	0.02790	0.13024	0.02868	0.01840	0.03458	0.02167	0.04632	0.01742	0.02100	0.01411	0.01061	0.00816	0.00344	0.01042	0.00716	0.00664	0.01411
47	0.02733	0.02489	0.03253	0.35558	0.06102	0.07084	0.02715	0.11385	0.03102	0.03961	0.07744	0.03589	0.02691	0.01347	0.01177	0.00370	0.01434	0.01133	0.00730	0.01402
48	0.02333	0.06016	0.53100	0.03315	0.05034	0.02701	0.04297	0.03683	0.02455	0.03683	0.02087	0.02455	0.01473	0.01105	0.01105	0.00368	0.01719	0.00859	0.00491	0.01719
49	0.01614	0.01203	0.01521	0.01684	0.01845	0.01185	0.01168	0.02210	0.07744	0.03402	0.12011	0.45839	0.07647	0.03247	0.01436	0.00450	0.00686	0.02926	0.01117	0.01066
50	0.01417	0.01012	0.01350	0.01619	0.01687	0.00945	0.01080	0.01619	0.02227	0.02969	0.06410	0.58367	0.07692	0.03644	0.01484	0.00472	0.00675	0.03306	0.01080	0.00945
51	0.04824	0.01864	0.02491	0.01942	0.02761	0.01629	0.01594	0.05286	0.03214	0.46435	0.04486	0.04007	0.02892	0.01429	0.01124	0.00348	0.00932	0.01159	0.09722	0.01864
52	0.01545	0.01185	0.01414	0.01357	0.01675	0.01054	0.01018	0.01998	0.03053	0.04095	0.36513	0.09623	0.26073	0.02590	0.01373	0.00376	0.00564	0.02235	0.01205	0.01054
53	0.05218	0.01979	0.02699	0.02069	0.02969	0.01709	0.01709	0.05668	0.03329	0.52677	0.04588	0.03959	0.02879	0.01439	0.01170	0.00360	0.00990	0.01170	0.01439	0.01979
54	0.02412	0.02067	0.02412	0.01723	0.02756	0.01550	0.01378	0.02929	0.02412	0.03790	0.02067	0.02412	0.01723	0.00861	0.00861	0.00172	0.00861	0.00689	0.00689	0.66236
55	0.02893	0.02498	0.02630	0.02367	0.03024	0.02893	0.01841	0.06180	0.49770	0.04865	0.04734	0.04339	0.03550	0.01578	0.01183	0.00394	0.00920	0.01315	0.01183	0.01841
56	0.67341	0.02249	0.01709	0.01529	0.02249	0.02609	0.01260	0.03419	0.01979	0.05218	0.01619	0.01889	0.01260	0.01080	0.00720	0.00360	0.00900	0.00630	0.00720	0.01260
57	0.04421	0.03258	0.03490	0.02676	0.03607	0.03607	0.02211	0.47993	0.05468	0.07330	0.02792	0.02792	0.01978	0.01396	0.01163	0.00349	0.01280	0.01047	0.01163	0.01978
58	0.67341	0.02249	0.01709	0.01529	0.02249	0.02609	0.01260	0.03419	0.01979	0.05218	0.01619	0.01889	0.01260	0.01080	0.00720	0.00360	0.00900	0.00630	0.00720	0.01260
59	0.02879	0.02763	0.04721	0.07139	0.51871	0.02763	0.03569	0.03569	0.02648	0.03800	0.02188	0.02879	0.01842	0.01036	0.01151	0.00345	0.01382	0.01036	0.00576	0.01842
60	0.02893	0.02498	0.02630	0.02367	0.03024	0.02893	0.01841	0.06180	0.49770	0.04865	0.04734	0.04339	0.03550	0.01578	0.01183	0.00394	0.00920	0.01315	0.01183	0.01841
61	0.01417	0.01012	0.01350	0.01619	0.01687	0.00945	0.01080	0.01619	0.02227	0.02969	0.06410	0.58367	0.07692	0.03644	0.01484	0.00472	0.00675	0.03306	0.01080	0.00945
62	0.05218	0.01979	0.02699	0.02069	0.02969	0.01709	0.01709	0.05668	0.03329	0.52677	0.04588	0.03959	0.02879	0.01439	0.01170	0.00360	0.00990	0.01170	0.01439	0.01979
63	0.01687	0.01143	0.01346	0.01346	0.01373	0.01170	0.00801	0.01741	0.01714	0.02313	0.03594	0.07218	0.04058	0.52618	0.12195	0.01223	0.01384	0.01634	0.00694	0.00748
64	0.01470	0.01050	0.01410	0.01680	0.01770	0.00990	0.01171	0.01711	0.02279	0.03028	0.06381	0.53137	0.07577	0.03594	0.01499	0.00480	0.00721	0.08015	0.01079	0.00959
65	0.01456	0.01042	0.01384	0.01593	0.01695	0.00970	0.01083	0.01716	0.02406	0.03254	0.13961	0.50002	0.08245	0.03431	0.01465	0.00454	0.00654	0.03104	0.01113	0.00970
66	0.02412	0.02067	0.02412	0.01723	0.02756	0.01550	0.01378	0.02929	0.02412	0.03790	0.02067	0.02412	0.01723	0.00861	0.00861	0.00172	0.00861	0.00689	0.00689	0.66236
67	0.01461	0.01166	0.01318	0.01383	0.01693	0.01023	0.01040	0.01790	0.02647	0.03306	0.14449	0.19450	0.34920	0.03035	0.01417	0.00418	0.00648	0.06737	0.01100	0.00996
68	0.01550	0.01138	0.01286	0.01312	0.01570	0.01026	0.00934	0.01871	0.02583	0.03441	0.17330	0.17556	0.25725	0.09150	0.01853	0.00472	0.00652	0.02308	0.07267	0.00978
69	0.03123	0.01832	0.02273	0.02082	0.02655	0.01812	0.01737	0.08855	0.07897	0.17513	0.05922	0.08284	0.10560	0.02318	0.01363	0.00433	0.00995	0.17661	0.01195	0.01491
70	0.13999	0.02554	0.03876	0.15138	0.17677	0.02709	0.08447	0.08796	0.02879	0.09439	0.02412	0.02896	0.01799	0.01147	0.01113	0.00365	0.01357	0.01026	0.00749	0.01624
71	0.01930	0.01154	0.01543	0.01663	0.01857	0.01058	0.01163	0.02197	0.02471	0.09550	0.10477	0.46576	0.07386	0.03238	0.01433	0.00448	0.00703	0.02915	0.01145	0.01093
72	0.15579	0.02245	0.03322	0.29413	0.15811	0.02540	0.02759	0.03459	0.02427	0.08579	0.02257	0.02898	0.01689	0.01147	0.01073	0.00370	0.01329	0.00968	0.00662	0.01473
73	0.03674	0.02087	0.03065	0.08941	0.14528	0.02045	0.02226	0.04423	0.06890	0.25734	0.04020	0.10679	0.03180	0.01614	0.01207	0.00377	0.01092	0.01413	0.01076	0.01730

[dist]
# distance from previous block
# <min> <max>
0	25

[block]
# block no. 2 follows, 10 sequences, length 10
# corresponding to MSA columns:
# 728-737
name=unknown_C
#
# <colnr> <probs for GDERKNQSTAVLIFYWHMCP>
#	G	D	E	R	K	N	Q	S	T	A	V	L	I	F	Y	W	H	M	C	P
0	0.08025	0.08231	0.12677	0.09841	0.09161	0.02767	0.02713	0.03873	0.02512	0.15416	0.02530	0.02868	0.01860	0.01336	0.01541	0.00379	0.10941	0.00964	0.00755	0.01609
1	0.09253	0.02933	0.16787	0.03236	0.13431	0.02035	0.02516	0.02772	0.02074	0.03214	0.02032	0.02914	0.01746	0.02249	0.02436	0.26406	0.01278	0.00933	0.00539	0.01216
2	0.03019	0.10056	0.11818	0.07919	0.03781	0.02278	0.02223	0.03676	0.02585	0.13223	0.02512	0.02730	0.01861	0.01067	0.00982	0.00276	0.01157	0.00842	0.00761	0.27234
3	0.28122	0.11609	0.20745	0.02360	0.03496	0.03032	0.02548	0.08724	0.02608	0.04579	0.01922	0.02192	0.01451	0.01114	0.00912	0.00346	0.01282	0.00759	0.00660	0.01538
4	0.51559	0.02181	0.01961	0.01667	0.02432	0.02381	0.01374	0.03990	0.02322	0.17275	0.02374	0.02415	0.01671	0.01171	0.00834	0.00360	0.00923	0.00767	0.00903	0.01442
5	0.02415	0.01508	0.01927	0.01644	0.02178	0.01291	0.01266	0.02902	0.02984	0.12589	0.27159	0.11715	0.07108	0.02003	0.01232	0.00332	0.00710	0.01746	0.01151	0.16142
6	0.02612	0.02491	0.04239	0.26388	0.34708	0.02693	0.03437	0.03335	0.02522	0.03476	0.02141	0.02965	0.01728	0.01086	0.01156	0.00362	0.01448	0.01035	0.00553	0.01627
7	0.05218	0.01979	0.02699	0.02069	0.02969	0.01709	0.01709	0.05668	0.03329	0.52677	0.04588	0.03959	0.02879	0.01439	0.01170	0.00360	0.00990	0.01170	0.01439	0.01979
8	0.01463	0.01073	0.01374	0.01529	0.01683	0.00983	0.01059	0.01754	0.02518	0.03369	0.17094	0.41306	0.13966	0.03273	0.01445	0.00438	0.00636	0.02930	0.01124	0.00983
9	0.01538	0.01092	0.01413	0.01514	0.01648	0.01026	0.01035	0.01839	0.02542	0.03489	0.22394	0.33273	0.08414	0.10801	0.02052	0.00523	0.00691	0.02646	0.01101	0.00967

[dist]
# distance from previous block
# <min> <max>
0	11

[block]
# block no. 3 follows, 10 sequences, length 10
# corresponding to MSA columns:
# 749-758
name=unknown_D
#
# <colnr> <probs for GDERKNQSTAVLIFYWHMCP>
#	G	D	E	R	K	N	Q	S	T	A	V	L	I	F	Y	W	H	M	C	P
0	0.04385	0.01967	0.02514	0.02025	0.02773	0.01847	0.01611	0.05277	0.11269	0.38208	0.04502	0.04467	0.03160	0.08432	0.01746	0.00459	0.00994	0.01258	0.01306	0.01801
1	0.02196	0.02067	0.03488	0.56331	0.08010	0.02584	0.03230	0.02972	0.02326	0.02972	0.02067	0.03101	0.01550	0.01163	0.01163	0.00388	0.01550	0.01034	0.00517	0.01292
2	0.01565	0.01174	0.01331	0.01292	0.01623	0.01041	0.00969	0.01992	0.02907	0.03908	0.28028	0.09475	0.29482	0.02553	0.01321	0.00370	0.00567	0.02176	0.07184	0.01041
3	0.01549	0.01025	0.01303	0.01526	0.01629	0.00969	0.01033	0.01811	0.02264	0.03209	0.05952	0.48899	0.06867	0.03243	0.01367	0.00437	0.00651	0.02917	0.12383	0.00969
4	0.02697	0.02490	0.03730	0.19060	0.24605	0.02755	0.02935	0.04224	0.17323	0.03908	0.02952	0.03397	0.02298	0.01240	0.01165	0.00372	0.01283	0.01123	0.00750	0.01692
5	0.01656	0.01337	0.01939	0.09639	0.07190	0.01343	0.01587	0.01991	0.02322	0.03064	0.05962	0.40848	0.10710	0.02990	0.01398	0.00441	0.00852	0.02697	0.00955	0.01079
6	0.01417	0.01012	0.01350	0.01619	0.01687	0.00945	0.01080	0.01619	0.02227	0.02969	0.06410	0.58367	0.07692	0.03644	0.01484	0.00472	0.00675	0.03306	0.01080	0.00945
7	0.02607	0.01843	0.02107	0.01909	0.02336	0.01929	0.01452	0.18315	0.03552	0.04918	0.11000	0.25226	0.05545	0.02394	0.01274	0.00389	0.00856	0.02069	0.08929	0.01350
8	0.02534	0.12285	0.03700	0.18956	0.11159	0.02564	0.02345	0.03127	0.02410	0.03360	0.02005	0.02588	0.01647	0.01000	0.00972	0.00274	0.01208	0.00829	0.00588	0.26450
9	0.67341	0.02249	0.01709	0.01529	0.02249	0.02609	0.01260	0.03419	0.01979	0.05218	0.01619	0.01889	0.01260	0.01080	0.00720	0.00360	0.00900	0.00630	0.00720	0.01260

[dist]
# distance from previous block
# <min> <max>
3	6

[block]
# block no. 4 follows, 10 sequences, length 6
# corresponding to MSA columns:
# 765-770
name=unknown_E
#
# <colnr> <probs for GDERKNQSTAVLIFYWHMCP>
#	G	D	E	R	K	N	Q	S	T	A	V	L	I	F	Y	W	H	M	C	P
0	0.02587	0.01595	0.01647	0.01495	0.01915	0.01702	0.01159	0.09466	0.09939	0.04828	0.03797	0.04124	0.02928	0.01394	0.00917	0.00300	0.00700	0.01113	0.47074	0.01320
1	0.01692	0.01389	0.02243	0.02058	0.02361	0.01294	0.08054	0.02127	0.02660	0.03648	0.20767	0.33526	0.07900	0.02823	0.01430	0.00425	0.00825	0.02616	0.01073	0.01089
2	0.01535	0.01012	0.01382	0.01599	0.01653	0.00957	0.01066	0.01599	0.02087	0.02783	0.05550	0.47624	0.06581	0.03721	0.02084	0.13343	0.00740	0.02856	0.00967	0.00859
3	0.03951	0.03024	0.03226	0.02581	0.03428	0.03387	0.02097	0.35134	0.19093	0.06572	0.03389	0.03268	0.02461	0.01452	0.01170	0.00363	0.01169	0.01129	0.01170	0.01936
4	0.03419	0.02780	0.04273	0.05747	0.37426	0.02821	0.03113	0.12488	0.03270	0.09478	0.02551	0.02972	0.01975	0.01148	0.01156	0.00348	0.01322	0.01052	0.00779	0.01883
5	0.05071	0.02216	0.02846	0.02182	0.03087	0.02061	0.01802	0.13506	0.03725	0.44279	0.04256	0.03743	0.02712	0.01431	0.01168	0.00358	0.01043	0.01147	0.01388	0.01979

[dist]
# distance from previous block
# <min> <max>
0	2

[block]
# block no. 5 follows, 10 sequences, length 9
# corresponding to MSA columns:
# 773-781
name=unknown_F
#
# <colnr> <probs for GDERKNQSTAVLIFYWHMCP>
#	G	D	E	R	K	N	Q	S	T	A	V	L	I	F	Y	W	H	M	C	P
0	0.10117	0.02706	0.02654	0.02269	0.03007	0.09393	0.01794	0.05532	0.23053	0.20941	0.03988	0.03671	0.02824	0.01431	0.01116	0.00367	0.01100	0.01123	0.01147	0.01766
1	0.04764	0.02192	0.03464	0.02590	0.03540	0.01936	0.10153	0.05311	0.03222	0.43680	0.04178	0.03808	0.02674	0.01355	0.01207	0.00366	0.01168	0.01207	0.01283	0.01904
2	0.47413	0.02818	0.02134	0.01872	0.02593	0.12018	0.01502	0.03946	0.02403	0.11161	0.02051	0.02206	0.01521	0.01150	0.00841	0.00349	0.01132	0.00724	0.00794	0.01373
3	0.03927	0.04090	0.03142	0.02732	0.03427	0.26981	0.02117	0.15340	0.17751	0.04511	0.02913	0.02934	0.02227	0.01359	0.01116	0.00340	0.01551	0.00989	0.00908	0.01645
4	0.02885	0.44281	0.19674	0.02373	0.03577	0.04053	0.02657	0.03541	0.02390	0.03010	0.01753	0.02036	0.01487	0.01027	0.00850	0.00283	0.01381	0.00691	0.00496	0.01558
5	0.01691	0.01128	0.01268	0.01268	0.01268	0.01128	0.00705	0.01691	0.01691	0.02255	0.03665	0.07611	0.04228	0.59126	0.05920	0.01128	0.01128	0.01691	0.00705	0.00705
6	0.04171	0.16389	0.03818	0.02319	0.03230	0.03266	0.01987	0.21883	0.08499	0.18143	0.03183	0.03035	0.02258	0.01330	0.01067	0.00332	0.01158	0.01004	0.01080	0.01849
7	0.02879	0.02763	0.04721	0.07139	0.51871	0.02763	0.03569	0.03569	0.02648	0.03800	0.02188	0.02879	0.01842	0.01036	0.01151	0.00345	0.01382	0.01036	0.00576	0.01842
8	0.01646	0.01189	0.01555	0.01463	0.01738	0.01097	0.01097	0.02195	0.03292	0.04664	0.51257	0.08688	0.10974	0.02378	0.01372	0.00366	0.00549	0.02103	0.01280	0.01097

[dist]
# distance from previous block
# <min> <max>
0	5

[block]
# block no. 6 follows, 10 sequences, length 15
# corresponding to MSA columns:
# 787-801
name=unknown_G
#
# <colnr> <probs for GDERKNQSTAVLIFYWHMCP>
#	G	D	E	R	K	N	Q	S	T	A	V	L	I	F	Y	W	H	M	C	P
0	0.03109	0.59826	0.06095	0.01990	0.02985	0.04602	0.01990	0.03483	0.02363	0.02736	0.01617	0.01866	0.01493	0.00995	0.00746	0.00249	0.01244	0.00622	0.00498	0.01493
1	0.01461	0.01161	0.01312	0.01319	0.01635	0.01012	0.00972	0.01820	0.02790	0.03576	0.22921	0.16348	0.33833	0.02863	0.01387	0.00395	0.00588	0.02456	0.01140	0.01012
2	0.01483	0.01063	0.01409	0.01574	0.01702	0.00989	0.01085	0.01786	0.02535	0.03460	0.19397	0.43981	0.08643	0.03277	0.01452	0.00441	0.00638	0.02958	0.01138	0.00989
3	0.01514	0.01115	0.01418	0.01488	0.01694	0.01018	0.01061	0.01885	0.02764	0.03755	0.27321	0.29522	0.15191	0.02978	0.01419	0.00413	0.00606	0.02648	0.01170	0.01018
4	0.05108	0.02155	0.02808	0.02153	0.03057	0.01971	0.01778	0.11501	0.03624	0.46428	0.04341	0.03798	0.02755	0.01434	0.01169	0.00358	0.01030	0.01153	0.01401	0.01979
5	0.03176	0.03206	0.03061	0.02643	0.03291	0.16519	0.06649	0.05075	0.26408	0.04137	0.03577	0.03610	0.02740	0.01385	0.01121	0.00353	0.01299	0.01140	0.09025	0.01585
6	0.02412	0.02067	0.02412	0.01723	0.02756	0.01550	0.01378	0.02929	0.02412	0.03790	0.02067	0.02412	0.01723	0.00861	0.00861	0.00172	0.00861	0.00689	0.00689	0.66236
7	0.01507	0.01076	0.01453	0.01722	0.01829	0.01022	0.01236	0.01775	0.02315	0.03070	0.06361	0.49474	0.07496	0.03559	0.01508	0.00485	0.00753	0.11312	0.01078	0.00969
8	0.02196	0.02067	0.03488	0.56331	0.08010	0.02584	0.03230	0.02972	0.02326	0.02972	0.02067	0.03101	0.01550	0.01163	0.01163	0.00388	0.01550	0.01034	0.00517	0.01292
9	0.01417	0.01012	0.01350	0.01619	0.01687	0.00945	0.01080	0.01619	0.02227	0.02969	0.06410	0.58367	0.07692	0.03644	0.01484	0.00472	0.00675	0.03306	0.01080	0.00945
10	0.09681	0.02088	0.02913	0.07970	0.16212	0.02140	0.02153	0.07451	0.03010	0.11057	0.13616	0.09098	0.04425	0.01664	0.01188	0.00369	0.01037	0.01446	0.00958	0.01522
11	0.11362	0.02430	0.02885	0.02981	0.11932	0.02547	0.02000	0.16928	0.07566	0.10149	0.04657	0.04603	0.11807	0.01614	0.01150	0.00363	0.01054	0.01306	0.01013	0.01655
12	0.01517	0.01084	0.01464	0.01734	0.01845	0.01031	0.01254	0.01792	0.02325	0.03081	0.06355	0.48464	0.07474	0.03549	0.01511	0.00486	0.00761	0.12222	0.01078	0.00972
13	0.02234	0.01285	0.01652	0.01590	0.01938	0.01149	0.01178	0.02607	0.02840	0.13379	0.20620	0.24764	0.14806	0.02707	0.01370	0.00405	0.00685	0.02377	0.01212	0.01203
14	0.02494	0.04317	0.28409	0.11626	0.14137	0.02743	0.12538	0.03573	0.02529	0.03615	0.02155	0.02755	0.01608	0.01076	0.01174	0.00372	0.01682	0.01016	0.00529	0.01653

[dist]
# distance from previous block
# <min> <max>
0	2

[block]
# block no. 7 follows, 10 sequences, length 26
# corresponding to MSA columns:
# 858-883
name=unknown_H
#
# <colnr> <probs for GDERKNQSTAVLIFYWHMCP>
#	G	D	E	R	K	N	Q	S	T	A	V	L	I	F	Y	W	H	M	C	P
0	0.02806	0.02689	0.04589	0.12386	0.47192	0.02744	0.03533	0.03506	0.02614	0.03711	0.02175	0.02902	0.01811	0.01050	0.01153	0.00350	0.01400	0.01036	0.00569	0.01784
1	0.02110	0.01325	0.01604	0.01511	0.01935	0.01170	0.01189	0.02529	0.02942	0.11348	0.21211	0.09577	0.27113	0.02580	0.01369	0.00397	0.00697	0.07019	0.01192	0.01181
2	0.03532	0.29176	0.09275	0.02632	0.03659	0.07698	0.07249	0.11577	0.03121	0.08594	0.02247	0.02440	0.01741	0.01132	0.00984	0.00307	0.01412	0.00862	0.00722	0.01641
3	0.01604	0.01175	0.01462	0.01637	0.01752	0.01163	0.01095	0.02075	0.06776	0.03042	0.05818	0.45178	0.06748	0.12106	0.02148	0.00567	0.00769	0.02860	0.01031	0.00995
4	0.15267	0.02872	0.03101	0.02447	0.03247	0.03220	0.02023	0.31179	0.04267	0.11514	0.02663	0.02740	0.01908	0.01408	0.01346	0.00368	0.06611	0.00985	0.01053	0.01784
5	0.03372	0.03045	0.09046	0.03833	0.11315	0.02919	0.11571	0.10741	0.03013	0.12608	0.02575	0.02988	0.01922	0.01382	0.01792	0.00397	0.13884	0.01106	0.00797	0.01694
6	0.02039	0.01215	0.01533	0.01456	0.01760	0.01130	0.01090	0.02537	0.02994	0.08583	0.32100	0.13185	0.08227	0.02232	0.01251	0.00358	0.00600	0.01951	0.14605	0.01154
7	0.02373	0.03048	0.15745	0.28316	0.05782	0.02485	0.03055	0.08214	0.02711	0.03662	0.02816	0.11280	0.02512	0.01552	0.01197	0.00391	0.01429	0.01336	0.00671	0.01428
8	0.01795	0.01378	0.01915	0.01884	0.02022	0.01605	0.01436	0.02099	0.01900	0.02682	0.03393	0.06016	0.03485	0.20134	0.30618	0.01380	0.08697	0.05898	0.00678	0.00985
9	0.01465	0.01049	0.01392	0.01587	0.01697	0.00976	0.01083	0.01739	0.02448	0.03320	0.15710	0.48065	0.08373	0.03381	0.01461	0.00450	0.00649	0.03057	0.01121	0.00976
10	0.01646	0.01189	0.01555	0.01463	0.01738	0.01097	0.01097	0.02195	0.03292	0.04664	0.51257	0.08688	0.10974	0.02378	0.01372	0.00366	0.00549	0.02103	0.01280	0.01097
11	0.01455	0.01050	0.01317	0.01513	0.01608	0.00978	0.00998	0.01636	0.02193	0.02878	0.06610	0.44923	0.12265	0.12225	0.02164	0.00565	0.00735	0.02955	0.01021	0.00912
12	0.03109	0.59826	0.06095	0.01990	0.02985	0.04602	0.01990	0.03483	0.02363	0.02736	0.01617	0.01866	0.01493	0.00995	0.00746	0.00249	0.01244	0.00622	0.00498	0.01493
13	0.02333	0.06016	0.53100	0.03315	0.05034	0.02701	0.04297	0.03683	0.02455	0.03683	0.02087	0.02455	0.01473	0.01105	0.01105	0.00368	0.01719	0.00859	0.00491	0.01719
14	0.05218	0.01979	0.02699	0.02069	0.02969	0.01709	0.01709	0.05668	0.03329	0.52677	0.04588	0.03959	0.02879	0.01439	0.01170	0.00360	0.00990	0.01170	0.01439	0.01979
15	0.03109	0.59826	0.06095	0.01990	0.02985	0.04602	0.01990	0.03483	0.02363	0.02736	0.01617	0.01866	0.01493	0.00995	0.00746	0.00249	0.01244	0.00622	0.00498	0.01493
16	0.02879	0.02763	0.04721	0.07139	0.51871	0.02763	0.03569	0.03569	0.02648	0.03800	0.02188	0.02879	0.01842	0.01036	0.01151	0.00345	0.01382	0.01036	0.00576	0.01842
17	0.01417	0.01012	0.01350	0.01619	0.01687	0.00945	0.01080	0.01619	0.02227	0.02969	0.06410	0.58367	0.07692	0.03644	0.01484	0.00472	0.00675	0.03306	0.01080	0.00945
18	0.01648	0.01110	0.01281	0.01323	0.01334	0.01099	0.00763	0.01680	0.01775	0.02367	0.04093	0.15536	0.04769	0.50463	0.05227	0.01025	0.01057	0.01944	0.00763	0.00742
19	0.02537	0.20158	0.40746	0.02967	0.04495	0.03201	0.03691	0.03631	0.02431	0.03434	0.01964	0.02300	0.01478	0.01076	0.01011	0.00337	0.01594	0.00797	0.00493	0.01659
20	0.01875	0.01523	0.02499	0.02419	0.02770	0.01473	0.08787	0.02382	0.02555	0.03368	0.05638	0.24888	0.06218	0.02991	0.01534	0.00494	0.01093	0.25381	0.00998	0.01111
21	0.67341	0.02249	0.01709	0.01529	0.02249	0.02609	0.01260	0.03419	0.01979	0.05218	0.01619	0.01889	0.01260	0.01080	0.00720	0.00360	0.00900	0.00630	0.00720	0.01260
22	0.01691	0.01128	0.01268	0.01268	0.01268	0.01128	0.00705	0.01691	0.01691	0.02255	0.03665	0.07611	0.04228	0.59126	0.05920	0.01128	0.01128	0.01691	0.00705	0.00705
23	0.01992	0.01526	0.01889	0.01865	0.02223	0.01570	0.01492	0.03149	0.13507	0.04360	0.27568	0.09020	0.08053	0.02445	0.01399	0.00422	0.00786	0.14280	0.01197	0.01256
24	0.02506	0.11391	0.40044	0.03021	0.04494	0.02940	0.03660	0.04051	0.09833	0.03764	0.02449	0.02685	0.01800	0.01167	0.01078	0.00359	0.01542	0.00904	0.00600	0.01713
25	0.02745	0.03137	0.06863	0.04902	0.06078	0.02941	0.47647	0.03725	0.02745	0.03725	0.02353	0.03137	0.01765	0.00980	0.01373	0.00392	0.01961	0.01373	0.00588	0.01569

[dist]
# distance from previous block
# <min> <max>
0	33

[block]
# block no. 8 follows, 10 sequences, length 14
# corresponding to MSA columns:
# 917-930
name=unknown_I
#
# <colnr> <probs for GDERKNQSTAVLIFYWHMCP>
#	G	D	E	R	K	N	Q	S	T	A	V	L	I	F	Y	W	H	M	C	P
0	0.01544	0.01202	0.01414	0.01408	0.01738	0.01071	0.01088	0.01971	0.02915	0.03801	0.27180	0.10401	0.29655	0.02746	0.01401	0.00399	0.00630	0.07236	0.01160	0.01039
1	0.03109	0.59826	0.06095	0.01990	0.02985	0.04602	0.01990	0.03483	0.02363	0.02736	0.01617	0.01866	0.01493	0.00995	0.00746	0.00249	0.01244	0.00622	0.00498	0.01493
2	0.11753	0.02262	0.02927	0.02685	0.08759	0.02172	0.01942	0.10470	0.03366	0.35931	0.03749	0.03454	0.02463	0.01346	0.01117	0.00357	0.01062	0.01078	0.01223	0.01883
3	0.01961	0.01222	0.01618	0.01573	0.01854	0.01119	0.01158	0.02400	0.02990	0.09294	0.33421	0.22433	0.09170	0.02641	0.01383	0.00396	0.00632	0.02349	0.01240	0.01148
4	0.01516	0.01136	0.01407	0.01441	0.01684	0.01026	0.01042	0.01905	0.02835	0.03818	0.29059	0.23529	0.19593	0.02875	0.01405	0.00403	0.00594	0.02531	0.01175	0.01026
5	0.04937	0.02039	0.02790	0.02173	0.02978	0.01904	0.01797	0.05367	0.03166	0.47436	0.04267	0.03810	0.02737	0.01502	0.01448	0.00376	0.06875	0.01154	0.01342	0.01905
6	0.05218	0.01979	0.02699	0.02069	0.02969	0.01709	0.01709	0.05668	0.03329	0.52677	0.04588	0.03959	0.02879	0.01439	0.01170	0.00360	0.00990	0.01170	0.01439	0.01979
7	0.03043	0.01341	0.01547	0.01367	0.01818	0.01263	0.01070	0.03558	0.02694	0.18201	0.04022	0.04228	0.02952	0.01379	0.00915	0.00296	0.00670	0.01109	0.47185	0.01341
8	0.02954	0.23134	0.04547	0.03077	0.09426	0.03494	0.06586	0.04647	0.22289	0.03858	0.03066	0.03153	0.02425	0.01243	0.01041	0.00336	0.01196	0.01037	0.00803	0.01690
9	0.10084	0.03579	0.03260	0.07726	0.03620	0.22209	0.02360	0.03564	0.02413	0.03090	0.01686	0.02360	0.01490	0.01544	0.02220	0.00405	0.25646	0.00878	0.00566	0.01301
10	0.02486	0.02217	0.03015	0.14762	0.11160	0.02108	0.02164	0.03394	0.07696	0.03729	0.02382	0.02848	0.01905	0.01034	0.01007	0.00270	0.01098	0.00886	0.00689	0.35150
11	0.03355	0.29158	0.04571	0.08982	0.07436	0.08981	0.02235	0.04126	0.07875	0.09350	0.02453	0.02652	0.01930	0.01160	0.00961	0.00308	0.01314	0.00862	0.00711	0.01580
12	0.01673	0.01282	0.01612	0.07844	0.02404	0.01265	0.01269	0.02136	0.02674	0.03628	0.19175	0.08017	0.23632	0.02992	0.06862	0.00525	0.00952	0.01895	0.09097	0.01068
13	0.02556	0.01855	0.02150	0.01929	0.02437	0.01964	0.01492	0.04326	0.24184	0.09459	0.25775	0.06270	0.06844	0.01926	0.01267	0.00378	0.00759	0.01658	0.01252	0.01518

[dist]
# distance from previous block
# <min> <max>
0	28

[block]
# block no. 9 follows, 10 sequences, length 61
# corresponding to MSA columns:
# 959-1019
name=unknown_J
#
# <colnr> <probs for GDERKNQSTAVLIFYWHMCP>
#	G	D	E	R	K	N	Q	S	T	A	V	L	I	F	Y	W	H	M	C	P
0	0.02652	0.02165	0.03587	0.42452	0.14199	0.02510	0.03106	0.03376	0.02492	0.08854	0.02378	0.03166	0.01749	0.01175	0.01162	0.00378	0.01459	0.01050	0.00633	0.01457
1	0.05218	0.01979	0.02699	0.02069	0.02969	0.01709	0.01709	0.05668	0.03329	0.52677	0.04588	0.03959	0.02879	0.01439	0.01170	0.00360	0.00990	0.01170	0.01439	0.01979
2	0.01449	0.01026	0.01340	0.01579	0.01638	0.00966	0.01036	0.01628	0.02165	0.02886	0.06092	0.52490	0.07291	0.10068	0.01998	0.00548	0.00727	0.03119	0.01036	0.00917
3	0.01691	0.01128	0.01268	0.01268	0.01268	0.01128	0.00705	0.01691	0.01691	0.02255	0.03665	0.07611	0.04228	0.59126	0.05920	0.01128	0.01128	0.01691	0.00705	0.00705
4	0.04421	0.03258	0.03490	0.02676	0.03607	0.03607	0.02211	0.47993	0.05468	0.07330	0.02792	0.02792	0.01978	0.01396	0.01163	0.00349	0.01280	0.01047	0.01163	0.01978
5	0.05218	0.01979	0.02699	0.02069	0.02969	0.01709	0.01709	0.05668	0.03329	0.52677	0.04588	0.03959	0.02879	0.01439	0.01170	0.00360	0.00990	0.01170	0.01439	0.01979
6	0.02893	0.02498	0.02630	0.02367	0.03024	0.02893	0.01841	0.06180	0.49770	0.04865	0.04734	0.04339	0.03550	0.01578	0.01183	0.00394	0.00920	0.01315	0.01183	0.01841
7	0.01417	0.01012	0.01350	0.01619	0.01687	0.00945	0.01080	0.01619	0.02227	0.02969	0.06410	0.58367	0.07692	0.03644	0.01484	0.00472	0.00675	0.03306	0.01080	0.00945
8	0.02412	0.02067	0.02412	0.01723	0.02756	0.01550	0.01378	0.02929	0.02412	0.03790	0.02067	0.02412	0.01723	0.00861	0.00861	0.00172	0.00861	0.00689	0.00689	0.66236
9	0.02333	0.06016	0.53100	0.03315	0.05034	0.02701	0.04297	0.03683	0.02455	0.03683	0.02087	0.02455	0.01473	0.01105	0.01105	0.00368	0.01719	0.00859	0.00491	0.01719
10	0.02973	0.02503	0.03790	0.14138	0.27326	0.02669	0.02903	0.04316	0.14611	0.08342	0.03030	0.03386	0.02318	0.01232	0.01163	0.00367	0.01259	0.01119	0.00798	0.01757
11	0.02198	0.01311	0.01731	0.01557	0.01928	0.01192	0.01192	0.02731	0.03298	0.12078	0.44051	0.07957	0.09724	0.02233	0.01341	0.00365	0.00617	0.01959	0.01305	0.01234
12	0.02333	0.06016	0.53100	0.03315	0.05034	0.02701	0.04297	0.03683	0.02455	0.03683	0.02087	0.02455	0.01473	0.01105	0.01105	0.00368	0.01719	0.00859	0.00491	0.01719
13	0.08606	0.20185	0.22598	0.10935	0.04521	0.08353	0.03004	0.03588	0.02450	0.03362	0.01881	0.02302	0.01474	0.01090	0.00972	0.00330	0.01523	0.00788	0.00528	0.01511
14	0.01417	0.01012	0.01350	0.01619	0.01687	0.00945	0.01080	0.01619	0.02227	0.02969	0.06410	0.58367	0.07692	0.03644	0.01484	0.00472	0.00675	0.03306	0.01080	0.00945
15	0.05218	0.01979	0.02699	0.02069	0.02969	0.01709	0.01709	0.05668	0.03329	0.52677	0.04588	0.03959	0.02879	0.01439	0.01170	0.00360	0.00990	0.01170	0.01439	0.01979
16	0.02196	0.02067	0.03488	0.56331	0.08010	0.02584	0.03230	0.02972	0.02326	0.02972	0.02067	0.03101	0.01550	0.01163	0.01163	0.00388	0.01550	0.01034	0.00517	0.01292
17	0.04260	0.03177	0.03399	0.02643	0.03545	0.03531	0.02172	0.43576	0.10148	0.07069	0.02997	0.02956	0.02144	0.01415	0.01166	0.00354	0.01242	0.01075	0.01166	0.01963
18	0.01620	0.01168	0.01531	0.01481	0.01732	0.01080	0.01095	0.02128	0.03169	0.04468	0.46065	0.14440	0.10594	0.02524	0.01385	0.00378	0.00563	0.02243	0.01257	0.01080
19	0.01613	0.01152	0.01574	0.01843	0.01996	0.01113	0.01420	0.01958	0.02420	0.03188	0.06302	0.38995	0.07265	0.03459	0.01537	0.00499	0.00844	0.20747	0.01076	0.00999
20	0.02886	0.02598	0.04384	0.09734	0.14392	0.02729	0.14314	0.03816	0.07227	0.07931	0.02569	0.03117	0.01993	0.01263	0.01601	0.00378	0.10013	0.01130	0.00708	0.07215
21	0.02690	0.13971	0.05614	0.13012	0.05342	0.03300	0.23989	0.03403	0.02448	0.03257	0.02031	0.02790	0.01637	0.01178	0.01591	0.00381	0.10247	0.01112	0.00546	0.01460
22	0.02374	0.01915	0.02207	0.01624	0.02540	0.01478	0.01291	0.02895	0.02416	0.03874	0.02334	0.02709	0.01917	0.00938	0.00854	0.00188	0.00812	0.00750	0.10710	0.56175
23	0.01467	0.01105	0.01358	0.01456	0.01669	0.00996	0.01031	0.01788	0.02631	0.03474	0.19998	0.32032	0.20542	0.03111	0.01424	0.00422	0.00617	0.02748	0.01134	0.00996
24	0.02196	0.02067	0.03488	0.56331	0.08010	0.02584	0.03230	0.02972	0.02326	0.02972	0.02067	0.03101	0.01550	0.01163	0.01163	0.00388	0.01550	0.01034	0.00517	0.01292
25	0.01522	0.01125	0.01432	0.01544	0.01750	0.01035	0.01125	0.01878	0.02668	0.03564	0.21007	0.30805	0.16164	0.03096	0.01442	0.00432	0.00659	0.06603	0.01140	0.01010
26	0.02893	0.02498	0.02630	0.02367	0.03024	0.02893	0.01841	0.06180	0.49770	0.04865	0.04734	0.04339	0.03550	0.01578	0.01183	0.00394	0.00920	0.01315	0.01183	0.01841
27	0.01646	0.01189	0.01555	0.01463	0.01738	0.01097	0.01097	0.02195	0.03292	0.04664	0.51257	0.08688	0.10974	0.02378	0.01372	0.00366	0.00549	0.02103	0.01280	0.01097
28	0.67341	0.02249	0.01709	0.01529	0.02249	0.02609	0.01260	0.03419	0.01979	0.05218	0.01619	0.01889	0.01260	0.01080	0.00720	0.00360	0.00900	0.00630	0.00720	0.01260
29	0.02114	0.04729	0.39658	0.02861	0.04168	0.02257	0.03462	0.03195	0.02485	0.03640	0.06973	0.12831	0.03366	0.01659	0.01194	0.00386	0.01437	0.01395	0.00661	0.01530
30	0.02260	0.02132	0.03604	0.51729	0.12114	0.02601	0.03262	0.03028	0.02356	0.03049	0.02078	0.03080	0.01578	0.01151	0.01162	0.00384	0.01535	0.01034	0.00522	0.01343
31	0.04345	0.05543	0.03296	0.02996	0.03596	0.54457	0.02247	0.04644	0.03296	0.02846	0.01798	0.02097	0.01498	0.01199	0.01049	0.00300	0.02097	0.00749	0.00599	0.01348
32	0.04262	0.02884	0.03182	0.02508	0.03380	0.03132	0.02050	0.32339	0.13775	0.14837	0.03489	0.03301	0.02445	0.01439	0.01168	0.00360	0.01158	0.01121	0.01216	0.01951
33	0.05218	0.01979	0.02699	0.02069	0.02969	0.01709	0.01709	0.05668	0.03329	0.52677	0.04588	0.03959	0.02879	0.01439	0.01170	0.00360	0.00990	0.01170	0.01439	0.01979
34	0.04236	0.02740	0.02806	0.02272	0.03023	0.10266	0.01822	0.16483	0.03903	0.24110	0.11890	0.04185	0.03846	0.01556	0.01185	0.00349	0.01162	0.01236	0.01206	0.01726
35	0.10193	0.03345	0.10792	0.02869	0.07832	0.07140	0.02375	0.15317	0.03451	0.15554	0.02755	0.02820	0.01950	0.01229	0.01072	0.00334	0.01287	0.00943	0.00930	0.07811
36	0.03813	0.03130	0.02979	0.02534	0.03261	0.11950	0.02034	0.20265	0.16306	0.09987	0.03665	0.04286	0.02897	0.01606	0.01196	0.00373	0.01278	0.05619	0.01087	0.01735
37	0.01530	0.01184	0.01393	0.01341	0.01666	0.01048	0.01006	0.01970	0.03018	0.04012	0.34357	0.09760	0.28281	0.02621	0.01373	0.00377	0.00566	0.02254	0.01195	0.01048
38	0.03922	0.02808	0.03745	0.12642	0.08844	0.06985	0.07631	0.14941	0.03538	0.18673	0.02999	0.03176	0.02088	0.01270	0.01179	0.00360	0.01399	0.01092	0.00963	0.01745
39	0.02745	0.03137	0.06863	0.04902	0.06078	0.02941	0.47647	0.03725	0.02745	0.03725	0.02353	0.03137	0.01765	0.00980	0.01373	0.00392	0.01961	0.01373	0.00588	0.01569
40	0.02523	0.02293	0.03679	0.43403	0.14346	0.02713	0.03181	0.07537	0.02688	0.03532	0.02158	0.03036	0.01638	0.01166	0.01161	0.00377	0.01497	0.01035	0.00590	0.01445
41	0.01497	0.01069	0.01441	0.01711	0.01813	0.01013	0.01218	0.01757	0.02305	0.03058	0.06366	0.50478	0.07518	0.03569	0.01506	0.00483	0.00744	0.10409	0.01078	0.00967
42	0.01839	0.01601	0.02375	0.02090	0.02393	0.01682	0.06233	0.02282	0.02683	0.03706	0.23418	0.16062	0.14007	0.02478	0.01823	0.00417	0.10673	0.02099	0.01005	0.01134
43	0.01691	0.01128	0.01268	0.01268	0.01268	0.01128	0.00705	0.01691	0.01691	0.02255	0.03665	0.07611	0.04228	0.59126	0.05920	0.01128	0.01128	0.01691	0.00705	0.00705
44	0.01870	0.01144	0.01353	0.01301	0.01574	0.01092	0.00976	0.02415	0.02927	0.04524	0.30937	0.06825	0.07552	0.01940	0.01133	0.00325	0.00546	0.01667	0.28810	0.01092
45	0.67341	0.02249	0.01709	0.01529	0.02249	0.02609	0.01260	0.03419	0.01979	0.05218	0.01619	0.01889	0.01260	0.01080	0.00720	0.00360	0.00900	0.00630	0.00720	0.01260
46	0.02666	0.02767	0.04005	0.28161	0.13216	0.08824	0.07462	0.03302	0.02435	0.03130	0.01989	0.02857	0.01607	0.01281	0.01631	0.00393	0.11296	0.01032	0.00541	0.01408
47	0.02333	0.06016	0.53100	0.03315	0.05034	0.02701	0.04297	0.03683	0.02455	0.03683	0.02087	0.02455	0.01473	0.01105	0.01105	0.00368	0.01719	0.00859	0.00491	0.01719
48	0.11096	0.02579	0.07350	0.07610	0.03679	0.02274	0.02124	0.11519	0.03338	0.31294	0.03521	0.03339	0.02310	0.01337	0.01115	0.00362	0.01147	0.01052	0.01143	0.01811
49	0.67341	0.02249	0.01709	0.01529	0.02249	0.02609	0.01260	0.03419	0.01979	0.05218	0.01619	0.01889	0.01260	0.01080	0.00720	0.00360	0.00900	0.00630	0.00720	0.01260
50	0.02879	0.02763	0.04721	0.07139	0.51871	0.02763	0.03569	0.03569	0.02648	0.03800	0.02188	0.02879	0.01842	0.01036	0.01151	0.00345	0.01382	0.01036	0.00576	0.01842
51	0.01410	0.01038	0.01323	0.01551	0.01669	0.00950	0.01049	0.01627	0.02292	0.02996	0.07240	0.51083	0.14441	0.03536	0.01468	0.00460	0.00662	0.03175	0.01080	0.00950
52	0.01538	0.01122	0.01475	0.01713	0.01873	0.01058	0.01276	0.01843	0.02400	0.03130	0.06963	0.40411	0.12477	0.03444	0.01505	0.00481	0.00774	0.14456	0.01077	0.00984
