[name]
unknown

[dist]
# distance from previous block
# <min> <max>
0	22

[block]
# block no. 0 follows, 13 sequences, length 53
# corresponding to MSA columns:
# 23-75
name=unknown_A
#
# <colnr> <probs for GDERKNQSTAVLIFYWHMCP>
#	G	D	E	R	K	N	Q	S	T	A	V	L	I	F	Y	W	H	M	C	P
0	0.06751	0.02428	0.07923	0.07006	0.11334	0.02233	0.06437	0.10924	0.06087	0.10729	0.03215	0.04704	0.02747	0.01494	0.01130	0.00364	0.01168	0.11029	0.00831	0.01467
1	0.07106	0.02833	0.07731	0.11982	0.08752	0.10213	0.02241	0.07021	0.12228	0.15121	0.02809	0.02913	0.02022	0.01177	0.01018	0.00328	0.01215	0.00942	0.00820	0.01524
2	0.18837	0.02102	0.02677	0.14271	0.13139	0.02149	0.01974	0.06035	0.02295	0.03814	0.01842	0.02302	0.01467	0.00946	0.00872	0.00276	0.01027	0.00754	0.00610	0.22611
3	0.01631	0.01380	0.02231	0.07611	0.08849	0.01362	0.06120	0.01999	0.02181	0.02948	0.07824	0.40991	0.05562	0.02538	0.01272	0.00396	0.00860	0.02348	0.00852	0.01044
4	0.02310	0.01933	0.03187	0.38892	0.16615	0.02195	0.02711	0.02956	0.02330	0.07522	0.06928	0.03298	0.02335	0.01153	0.01073	0.00340	0.01253	0.01038	0.00613	0.01315
5	0.01394	0.01063	0.01281	0.01255	0.01524	0.00950	0.00930	0.01787	0.02709	0.03633	0.35991	0.13543	0.25218	0.02440	0.01257	0.00350	0.00522	0.02118	0.01086	0.00950
6	0.10191	0.02359	0.02379	0.01944	0.02644	0.12198	0.01557	0.04507	0.02907	0.37342	0.08161	0.03507	0.02923	0.01316	0.01023	0.00317	0.01043	0.01026	0.01094	0.01561
7	0.01473	0.01040	0.01160	0.01152	0.01251	0.00994	0.00708	0.01575	0.01856	0.02422	0.09695	0.07699	0.15429	0.44520	0.04126	0.00820	0.00873	0.01719	0.00761	0.00727
8	0.01362	0.01025	0.01094	0.01150	0.01424	0.00898	0.00835	0.01643	0.02295	0.02976	0.08561	0.21072	0.37117	0.02614	0.01199	0.00358	0.00547	0.02228	0.10706	0.00898
9	0.02313	0.02313	0.03238	0.02776	0.02776	0.03238	0.02313	0.02545	0.01619	0.02545	0.01388	0.02313	0.01388	0.01851	0.03470	0.00463	0.60907	0.00925	0.00463	0.01157
10	0.02192	0.01879	0.02192	0.01566	0.02506	0.01409	0.01253	0.02662	0.02192	0.03445	0.01879	0.02192	0.01566	0.00783	0.00783	0.00157	0.00783	0.00626	0.00626	0.69305
11	0.02827	0.63478	0.05540	0.01809	0.02714	0.04184	0.01809	0.03166	0.02148	0.02488	0.01470	0.01696	0.01357	0.00905	0.00678	0.00226	0.01131	0.00565	0.00452	0.01357
12	0.01288	0.00920	0.01227	0.01472	0.01534	0.00859	0.00981	0.01472	0.02024	0.02699	0.05828	0.62152	0.06993	0.03312	0.01350	0.00429	0.00613	0.03006	0.00981	0.00859
13	0.70310	0.02045	0.01554	0.01390	0.02045	0.02372	0.01145	0.03108	0.01799	0.04744	0.01472	0.01718	0.01145	0.00981	0.00654	0.00327	0.00818	0.00573	0.00654	0.01145
14	0.01274	0.00974	0.01171	0.01329	0.01496	0.00871	0.00918	0.01488	0.02162	0.02755	0.07565	0.43656	0.24367	0.03087	0.01314	0.00404	0.00586	0.02730	0.00982	0.00871
15	0.70310	0.02045	0.01554	0.01390	0.02045	0.02372	0.01145	0.03108	0.01799	0.04744	0.01472	0.01718	0.01145	0.00981	0.00654	0.00327	0.00818	0.00573	0.00654	0.01145
16	0.70310	0.02045	0.01554	0.01390	0.02045	0.02372	0.01145	0.03108	0.01799	0.04744	0.01472	0.01718	0.01145	0.00981	0.00654	0.00327	0.00818	0.00573	0.00654	0.01145
17	0.04744	0.01799	0.02454	0.01881	0.02699	0.01554	0.01554	0.05153	0.03026	0.56979	0.04171	0.03599	0.02617	0.01309	0.01063	0.00327	0.00900	0.01063	0.01309	0.01799
18	0.02121	0.05469	0.57364	0.03014	0.04576	0.02455	0.03906	0.03348	0.02232	0.03348	0.01897	0.02232	0.01339	0.01005	0.01005	0.00335	0.01563	0.00781	0.00446	0.01563
19	0.01997	0.01879	0.03171	0.60301	0.07282	0.02349	0.02936	0.02701	0.02114	0.02701	0.01879	0.02819	0.01409	0.01057	0.01057	0.00352	0.01409	0.00940	0.00470	0.01175
20	0.01288	0.00920	0.01227	0.01472	0.01534	0.00859	0.00981	0.01472	0.02024	0.02699	0.05828	0.62152	0.06993	0.03312	0.01350	0.00429	0.00613	0.03006	0.00981	0.00859
21	0.01391	0.01077	0.01267	0.01219	0.01515	0.00953	0.00914	0.01790	0.02743	0.03647	0.36412	0.08874	0.29623	0.02383	0.01248	0.00343	0.00515	0.02049	0.01086	0.00953
22	0.01387	0.01034	0.01290	0.01315	0.01535	0.00937	0.00953	0.01751	0.02604	0.03526	0.32530	0.23350	0.18728	0.02587	0.01276	0.00364	0.00538	0.02281	0.01076	0.00937
23	0.02929	0.58141	0.05308	0.01893	0.02764	0.09153	0.01830	0.03262	0.02226	0.02497	0.01485	0.01715	0.01357	0.00921	0.00704	0.00230	0.01202	0.00576	0.00461	0.01345
24	0.04147	0.01655	0.02212	0.01746	0.02411	0.01456	0.01384	0.04480	0.02749	0.46751	0.04015	0.04217	0.02846	0.12766	0.01867	0.00457	0.00923	0.01152	0.01184	0.01584
25	0.04064	0.01649	0.02236	0.01766	0.02465	0.01438	0.01438	0.04492	0.03019	0.45946	0.14949	0.04498	0.04157	0.01487	0.01102	0.00328	0.00816	0.01241	0.01278	0.01632
26	0.02194	0.01658	0.02099	0.12663	0.03122	0.01834	0.01660	0.03526	0.19891	0.06780	0.10578	0.11786	0.04369	0.01789	0.01133	0.00363	0.00862	0.05804	0.06606	0.01285
27	0.02609	0.04786	0.47139	0.02803	0.04227	0.02288	0.03468	0.03684	0.02380	0.13334	0.02321	0.02487	0.01577	0.01061	0.01015	0.00333	0.01439	0.00834	0.00607	0.01607
28	0.01603	0.01113	0.01382	0.01514	0.01665	0.01093	0.01053	0.06263	0.02313	0.03180	0.05301	0.51185	0.06112	0.02928	0.01265	0.00402	0.00652	0.02627	0.07392	0.00957
29	0.03127	0.01953	0.02574	0.02034	0.02688	0.01918	0.06024	0.16987	0.03438	0.18792	0.17048	0.05074	0.10373	0.01632	0.01146	0.00332	0.00910	0.01396	0.01095	0.01461
30	0.11600	0.02156	0.02841	0.22951	0.08046	0.02409	0.02200	0.12263	0.07697	0.13666	0.02594	0.02864	0.01852	0.01158	0.01008	0.00336	0.01135	0.00942	0.00808	0.01474
31	0.02396	0.01649	0.01894	0.01764	0.02011	0.05488	0.01357	0.02714	0.02211	0.11256	0.03716	0.20900	0.03612	0.01989	0.01560	0.00361	0.13376	0.01571	0.19053	0.01124
32	0.62510	0.02397	0.01724	0.01547	0.02189	0.08981	0.01251	0.03239	0.01940	0.04490	0.01491	0.01740	0.01171	0.00994	0.00689	0.00321	0.00946	0.00585	0.00641	0.01155
33	0.02375	0.02450	0.02883	0.02544	0.02660	0.10616	0.02068	0.02643	0.01829	0.02532	0.01724	0.02641	0.01646	0.03013	0.14642	0.00694	0.40487	0.00934	0.00496	0.01122
34	0.02583	0.10203	0.13777	0.03050	0.08197	0.02978	0.07082	0.07659	0.11969	0.03537	0.02250	0.02623	0.01795	0.01287	0.01619	0.00357	0.15988	0.00939	0.00633	0.01476
35	0.01473	0.01080	0.01381	0.01306	0.01565	0.00988	0.00979	0.01950	0.02938	0.04109	0.51436	0.08113	0.14310	0.02210	0.01247	0.00335	0.00502	0.01942	0.01147	0.00988
36	0.02465	0.33576	0.04065	0.02270	0.07547	0.03133	0.01808	0.03098	0.07085	0.03127	0.13096	0.03340	0.03361	0.01304	0.01119	0.00290	0.06355	0.00972	0.00666	0.01323
37	0.06045	0.01118	0.01437	0.01607	0.01797	0.01101	0.01239	0.01899	0.02287	0.03214	0.12619	0.33336	0.06725	0.02860	0.01326	0.00428	0.00733	0.18309	0.00983	0.00937
38	0.01516	0.01111	0.01588	0.01588	0.01738	0.01261	0.01183	0.01817	0.01666	0.02372	0.02934	0.04718	0.02888	0.19134	0.47783	0.01562	0.02463	0.01215	0.00582	0.00882
39	0.02630	0.02271	0.02391	0.02152	0.02749	0.02630	0.01674	0.05618	0.54336	0.04423	0.04303	0.03945	0.03228	0.01434	0.01076	0.00359	0.00837	0.01195	0.01076	0.01674
40	0.12112	0.01904	0.02338	0.01867	0.02630	0.01823	0.01525	0.04987	0.11113	0.42408	0.03875	0.03433	0.02542	0.01290	0.01017	0.00332	0.00880	0.01027	0.01194	0.01702
41	0.01661	0.01299	0.01766	0.01685	0.01771	0.01547	0.01243	0.01873	0.01625	0.02320	0.02764	0.04857	0.02869	0.27221	0.29247	0.01233	0.12327	0.01247	0.00576	0.00869
42	0.02068	0.01953	0.02769	0.02447	0.02505	0.02654	0.02011	0.02344	0.01644	0.02517	0.01828	0.02875	0.01771	0.03705	0.20304	0.00840	0.43190	0.00989	0.00494	0.01092
43	0.02967	0.56365	0.05262	0.01882	0.02780	0.04077	0.01833	0.08991	0.02480	0.02978	0.01596	0.01795	0.01409	0.00947	0.00723	0.00237	0.01135	0.00611	0.00523	0.01409
44	0.02069	0.02435	0.12412	0.06771	0.03146	0.01739	0.01889	0.02973	0.08381	0.03486	0.07436	0.08366	0.02962	0.01277	0.00975	0.00270	0.00946	0.01079	0.00714	0.30674
45	0.03343	0.03025	0.03424	0.06714	0.11422	0.16075	0.06805	0.09990	0.06446	0.11451	0.02390	0.02671	0.01805	0.01216	0.01334	0.00333	0.08389	0.00942	0.00740	0.01487
46	0.02320	0.01870	0.03087	0.53434	0.06743	0.02256	0.02774	0.02990	0.02221	0.09082	0.02149	0.02911	0.01551	0.01087	0.01058	0.00349	0.01350	0.00954	0.00568	0.01248
47	0.01971	0.00985	0.00985	0.00985	0.01232	0.00985	0.00739	0.02464	0.02217	0.03942	0.03449	0.03942	0.02710	0.01232	0.00739	0.00246	0.00493	0.00985	0.68712	0.00985
48	0.01538	0.01025	0.01153	0.01153	0.01153	0.01025	0.00641	0.01538	0.01538	0.02050	0.03331	0.06919	0.03844	0.62842	0.05382	0.01025	0.01025	0.01538	0.00641	0.00641
49	0.02237	0.04968	0.49128	0.02853	0.04269	0.02427	0.03555	0.07375	0.02511	0.03684	0.05525	0.02634	0.01951	0.01103	0.01025	0.00333	0.01459	0.00871	0.00545	0.01545
50	0.02316	0.21482	0.43058	0.02681	0.04062	0.02933	0.03327	0.03298	0.02209	0.03111	0.01779	0.02084	0.01344	0.00977	0.00915	0.00305	0.01443	0.00722	0.00448	0.01506
51	0.02630	0.02271	0.02391	0.02152	0.02749	0.02630	0.01674	0.05618	0.54336	0.04423	0.04303	0.03945	0.03228	0.01434	0.01076	0.00359	0.00837	0.01195	0.01076	0.01674
52	0.01733	0.01426	0.02158	0.06665	0.14860	0.01407	0.01657	0.02183	0.02505	0.03488	0.24404	0.22507	0.06534	0.02141	0.01217	0.00358	0.00775	0.01943	0.00910	0.01128

[dist]
# distance from previous block
# <min> <max>
4	8

[block]
# block no. 1 follows, 13 sequences, length 38
# corresponding to MSA columns:
# 84-121
name=unknown_B
#
# <colnr> <probs for GDERKNQSTAVLIFYWHMCP>
#	G	D	E	R	K	N	Q	S	T	A	V	L	I	F	Y	W	H	M	C	P
0	0.02991	0.01606	0.02047	0.01743	0.02125	0.01632	0.01321	0.14750	0.02609	0.14789	0.02507	0.03131	0.01994	0.02580	0.02725	0.37659	0.00974	0.00957	0.00787	0.01073
1	0.01363	0.01076	0.01228	0.01190	0.01498	0.00941	0.00892	0.01736	0.02677	0.03490	0.31321	0.09132	0.34812	0.02441	0.01248	0.00346	0.00519	0.02085	0.01065	0.00941
2	0.02265	0.02149	0.03214	0.21227	0.04423	0.02618	0.07633	0.03381	0.14771	0.03117	0.02449	0.03192	0.02006	0.04816	0.01976	0.00422	0.17353	0.01065	0.00633	0.01289
3	0.01713	0.01315	0.01599	0.01523	0.01824	0.01329	0.01140	0.02705	0.13835	0.04091	0.38651	0.13658	0.08173	0.02146	0.01223	0.00350	0.00585	0.01892	0.01123	0.01125
4	0.03423	0.02058	0.02754	0.08060	0.03193	0.02304	0.01926	0.12167	0.02797	0.24154	0.02859	0.03094	0.02067	0.02114	0.07801	0.00507	0.15320	0.01007	0.00902	0.01493
5	0.55216	0.02336	0.01818	0.01593	0.02256	0.08299	0.01291	0.03476	0.02077	0.10871	0.01818	0.01967	0.01347	0.01033	0.00736	0.00321	0.00945	0.00644	0.00722	0.01233
6	0.33093	0.02473	0.02364	0.01939	0.02670	0.02800	0.01587	0.25102	0.09581	0.05544	0.02283	0.02348	0.01684	0.01162	0.00882	0.00327	0.00971	0.00814	0.00882	0.01495
7	0.01736	0.00938	0.01366	0.01382	0.01419	0.00922	0.00935	0.01463	0.01643	0.02222	0.08819	0.10102	0.03380	0.03450	0.03483	0.53475	0.00835	0.01263	0.00601	0.00568
8	0.01413	0.01033	0.01164	0.01185	0.01331	0.00960	0.00771	0.01572	0.02026	0.02616	0.11556	0.14766	0.21145	0.30269	0.03155	0.00669	0.00765	0.01974	0.00845	0.00784
9	0.02192	0.01879	0.02192	0.01566	0.02506	0.01409	0.01253	0.02662	0.02192	0.03445	0.01879	0.02192	0.01566	0.00783	0.00783	0.00157	0.00783	0.00626	0.00626	0.69305
10	0.01997	0.01879	0.03171	0.60301	0.07282	0.02349	0.02936	0.02701	0.02114	0.02701	0.01879	0.02819	0.01409	0.01057	0.01057	0.00352	0.01409	0.00940	0.00470	0.01175
11	0.02856	0.02830	0.03742	0.03007	0.03424	0.09079	0.11273	0.12719	0.02583	0.03509	0.01776	0.02411	0.01505	0.01482	0.02326	0.00395	0.32183	0.00963	0.00601	0.01339
12	0.01386	0.01046	0.01187	0.01193	0.01401	0.00948	0.00823	0.01628	0.02274	0.02945	0.18588	0.14034	0.26629	0.18534	0.02352	0.00535	0.00664	0.02053	0.00933	0.00847
13	0.06443	0.01656	0.01758	0.01637	0.01962	0.07042	0.01201	0.02737	0.02228	0.14061	0.07457	0.14266	0.03959	0.16339	0.11813	0.00726	0.01274	0.01501	0.00855	0.01086
14	0.57055	0.02248	0.01858	0.08660	0.02773	0.06555	0.01430	0.03141	0.01927	0.04335	0.01534	0.01866	0.01193	0.00999	0.00726	0.00326	0.00971	0.00625	0.00624	0.01155
15	0.01903	0.01730	0.02759	0.41996	0.05571	0.02139	0.02426	0.02431	0.01997	0.02621	0.02421	0.09907	0.02281	0.07477	0.01759	0.00438	0.07282	0.01232	0.00544	0.01084
16	0.05188	0.01104	0.01322	0.01389	0.01510	0.01088	0.00935	0.01853	0.01879	0.05350	0.04320	0.24793	0.04891	0.31019	0.03205	0.00705	0.00870	0.06927	0.00821	0.00832
17	0.02190	0.02098	0.02878	0.02547	0.02608	0.02827	0.02093	0.02616	0.05248	0.02723	0.02302	0.09330	0.02382	0.02040	0.02966	0.00454	0.46962	0.03998	0.00589	0.01149
18	0.04072	0.01655	0.02213	0.01746	0.02461	0.01433	0.01424	0.04476	0.02962	0.46329	0.10012	0.04680	0.08598	0.01529	0.01100	0.00331	0.00823	0.01264	0.01262	0.01629
19	0.01425	0.01082	0.01288	0.01336	0.01554	0.00958	0.00913	0.01629	0.02048	0.02708	0.06066	0.33896	0.17009	0.13174	0.01960	0.00485	0.00686	0.02305	0.00882	0.08599
20	0.01807	0.00986	0.01046	0.01074	0.01250	0.00979	0.00747	0.02167	0.02060	0.03424	0.03696	0.11143	0.03422	0.13749	0.01734	0.00422	0.00613	0.01325	0.47454	0.00902
21	0.04744	0.01799	0.02454	0.01881	0.02699	0.01554	0.01554	0.05153	0.03026	0.56979	0.04171	0.03599	0.02617	0.01309	0.01063	0.00327	0.00900	0.01063	0.01309	0.01799
22	0.02563	0.02553	0.02276	0.02103	0.02481	0.19117	0.01626	0.08791	0.02495	0.03008	0.02429	0.03268	0.02148	0.05022	0.33955	0.01094	0.02345	0.00972	0.00620	0.01134
23	0.01345	0.00995	0.01216	0.01319	0.01474	0.00910	0.00905	0.01584	0.02231	0.02938	0.15603	0.34246	0.18356	0.09719	0.01766	0.00463	0.00622	0.02466	0.00976	0.00867
24	0.01997	0.01879	0.03171	0.60301	0.07282	0.02349	0.02936	0.02701	0.02114	0.02701	0.01879	0.02819	0.01409	0.01057	0.01057	0.00352	0.01409	0.00940	0.00470	0.01175
25	0.02046	0.01131	0.01145	0.01118	0.01404	0.01172	0.00845	0.02822	0.08134	0.03996	0.03546	0.03942	0.02769	0.01255	0.00777	0.00259	0.00532	0.01009	0.61033	0.01064
26	0.01645	0.01134	0.01371	0.01413	0.01626	0.01079	0.01013	0.02026	0.04892	0.05692	0.11318	0.23249	0.15908	0.15445	0.02156	0.00528	0.00736	0.06883	0.00949	0.00936
27	0.01600	0.00926	0.01266	0.01379	0.01433	0.00898	0.00928	0.01537	0.01764	0.02457	0.03838	0.30299	0.04293	0.03246	0.02493	0.30312	0.00733	0.01882	0.08015	0.00699
28	0.02032	0.01155	0.01473	0.01396	0.01707	0.01051	0.01044	0.02428	0.02654	0.12623	0.26777	0.18843	0.10671	0.02205	0.01181	0.00345	0.00593	0.01929	0.08803	0.01093
29	0.03611	0.01820	0.02277	0.01850	0.02507	0.01759	0.01490	0.09184	0.10942	0.32032	0.15823	0.04531	0.04313	0.01519	0.01107	0.00332	0.00824	0.01267	0.01216	0.01597
30	0.02338	0.01220	0.01541	0.01458	0.01768	0.01103	0.01043	0.02557	0.02259	0.18251	0.05496	0.24947	0.12194	0.16267	0.02175	0.00526	0.00779	0.01995	0.00998	0.01085
31	0.02270	0.01596	0.02080	0.01831	0.02077	0.01843	0.01444	0.05854	0.02358	0.08779	0.14327	0.04598	0.04002	0.09059	0.09427	0.00602	0.16945	0.01257	0.08522	0.01128
32	0.02134	0.01230	0.01527	0.01489	0.01869	0.01091	0.01164	0.02453	0.02473	0.15264	0.07320	0.19983	0.24935	0.02540	0.01264	0.00387	0.00709	0.10006	0.01055	0.01107
33	0.02646	0.01307	0.01686	0.01538	0.01970	0.01147	0.01169	0.02956	0.02563	0.24065	0.09561	0.24591	0.15832	0.02317	0.01210	0.00368	0.00701	0.02008	0.01122	0.01243
34	0.01686	0.00944	0.01307	0.01335	0.01378	0.00919	0.00887	0.01418	0.01571	0.02058	0.03332	0.10972	0.08064	0.09358	0.03649	0.47762	0.00856	0.01349	0.00589	0.00566
35	0.02342	0.01957	0.02709	0.21146	0.10473	0.02170	0.02130	0.12669	0.06717	0.03896	0.09313	0.10016	0.06855	0.01580	0.01122	0.00347	0.01055	0.01372	0.00805	0.01325
36	0.02796	0.16813	0.14895	0.07832	0.03431	0.02697	0.02211	0.11783	0.05788	0.07800	0.02458	0.02686	0.01847	0.01115	0.00912	0.00296	0.01123	0.00853	0.11215	0.01452
37	0.01856	0.01359	0.02055	0.13688	0.08842	0.01481	0.01607	0.02117	0.01903	0.02696	0.05564	0.04048	0.02698	0.10601	0.12489	0.15745	0.01338	0.01106	0.07868	0.00937

[dist]
# distance from previous block
# <min> <max>
0	13

[block]
# block no. 2 follows, 13 sequences, length 20
# corresponding to MSA columns:
# 135-154
name=unknown_C
#
# <colnr> <probs for GDERKNQSTAVLIFYWHMCP>
#	G	D	E	R	K	N	Q	S	T	A	V	L	I	F	Y	W	H	M	C	P
0	0.12041	0.02508	0.03562	0.03270	0.12545	0.07785	0.15250	0.03448	0.02437	0.09807	0.02276	0.02647	0.01728	0.00993	0.00981	0.00299	0.01239	0.00923	0.05908	0.10353
1	0.01479	0.01105	0.01520	0.01486	0.01716	0.01147	0.01138	0.01895	0.02299	0.03224	0.25227	0.06282	0.10916	0.05050	0.29485	0.01007	0.01650	0.01560	0.00852	0.00961
2	0.02693	0.51548	0.10345	0.01904	0.02878	0.03734	0.01961	0.03134	0.02161	0.02669	0.01553	0.01799	0.01376	0.00902	0.00721	0.00230	0.01139	0.00593	0.00469	0.08190
3	0.01421	0.01047	0.01330	0.01323	0.01550	0.00956	0.00968	0.01826	0.02721	0.03745	0.39644	0.19028	0.15598	0.02461	0.01268	0.00355	0.00527	0.02174	0.01103	0.00956
4	0.01468	0.01049	0.01286	0.01246	0.01491	0.00947	0.00915	0.01719	0.02507	0.03333	0.30415	0.07895	0.24830	0.02606	0.01747	0.12264	0.00584	0.01853	0.00977	0.00867
5	0.01368	0.01033	0.01124	0.01158	0.01335	0.00940	0.00764	0.01519	0.02016	0.02519	0.07160	0.15949	0.28850	0.26317	0.02881	0.00628	0.00738	0.02065	0.00848	0.00789
6	0.02282	0.01281	0.01639	0.01534	0.01899	0.01181	0.01152	0.02789	0.05746	0.16732	0.19894	0.23565	0.11417	0.02313	0.01223	0.00365	0.00658	0.02028	0.01120	0.01184
7	0.02827	0.63478	0.05540	0.01809	0.02714	0.04184	0.01809	0.03166	0.02148	0.02488	0.01470	0.01696	0.01357	0.00905	0.00678	0.00226	0.01131	0.00565	0.00452	0.01357
8	0.02404	0.02706	0.05861	0.04231	0.05225	0.02537	0.48526	0.03242	0.02460	0.03335	0.02417	0.07327	0.02011	0.01074	0.01255	0.00362	0.01694	0.01380	0.00568	0.01383
9	0.01463	0.01079	0.01367	0.01295	0.01559	0.00983	0.00971	0.01930	0.02914	0.04052	0.49589	0.08207	0.16193	0.02232	0.01247	0.00336	0.00504	0.01955	0.01139	0.00983
10	0.03956	0.02369	0.02753	0.02091	0.02943	0.02354	0.01720	0.27479	0.03812	0.23645	0.02994	0.02848	0.02043	0.01199	0.01012	0.00293	0.01006	0.00934	0.01071	0.13479
11	0.02880	0.01552	0.01924	0.01657	0.02164	0.01457	0.01294	0.09792	0.03006	0.22213	0.14833	0.16075	0.12616	0.02037	0.01178	0.00350	0.00753	0.01740	0.01138	0.01341
12	0.02497	0.01630	0.02016	0.01560	0.02273	0.01318	0.01238	0.02963	0.02593	0.14339	0.18089	0.04143	0.04238	0.01291	0.00975	0.00242	0.00723	0.01090	0.00920	0.35864
13	0.02167	0.01637	0.01664	0.01536	0.01902	0.07948	0.01161	0.02556	0.02805	0.10802	0.29509	0.11685	0.16279	0.02113	0.01196	0.00338	0.00739	0.01803	0.01059	0.01102
14	0.01730	0.01357	0.01634	0.01445	0.01902	0.01118	0.01050	0.01991	0.02049	0.02927	0.04085	0.23441	0.08260	0.07371	0.01613	0.04451	0.00734	0.01658	0.00767	0.30416
15	0.01400	0.01027	0.01285	0.01319	0.01510	0.00942	0.00935	0.01731	0.02504	0.03402	0.29954	0.24248	0.15678	0.07260	0.01597	0.00418	0.00579	0.02256	0.01041	0.00913
16	0.01587	0.01031	0.01349	0.01425	0.01581	0.00958	0.00987	0.01856	0.02314	0.06435	0.19714	0.37495	0.07258	0.08829	0.01707	0.00455	0.00640	0.02426	0.01020	0.00935
17	0.02223	0.02110	0.03580	0.40650	0.25163	0.02409	0.03049	0.02900	0.02221	0.02976	0.01919	0.02745	0.01506	0.01015	0.01053	0.00338	0.01353	0.00941	0.00489	0.01357
18	0.01486	0.00989	0.01283	0.01434	0.01567	0.00938	0.01033	0.01690	0.02109	0.02882	0.08307	0.34926	0.10247	0.02976	0.01623	0.08658	0.00674	0.08681	0.07646	0.00850
19	0.01469	0.01057	0.01294	0.01426	0.01510	0.01047	0.00930	0.01812	0.05907	0.02632	0.04940	0.40618	0.05731	0.21540	0.02573	0.00608	0.00758	0.02413	0.00884	0.00854

[dist]
# distance from previous block
# <min> <max>
1	3

[block]
# block no. 3 follows, 13 sequences, length 18
# corresponding to MSA columns:
# 158-175
name=unknown_D
#
# <colnr> <probs for GDERKNQSTAVLIFYWHMCP>
#	G	D	E	R	K	N	Q	S	T	A	V	L	I	F	Y	W	H	M	C	P
0	0.03205	0.02412	0.03174	0.02494	0.03257	0.02536	0.10253	0.19486	0.18496	0.11996	0.03947	0.03836	0.07165	0.01386	0.01113	0.00341	0.01080	0.01204	0.01002	0.01617
1	0.02407	0.02073	0.03468	0.38777	0.22361	0.02338	0.02926	0.03064	0.02278	0.07174	0.02093	0.02816	0.01587	0.01040	0.01054	0.00338	0.01321	0.00950	0.00552	0.01381
2	0.01731	0.01372	0.01595	0.01516	0.01854	0.01391	0.01141	0.02808	0.16108	0.03921	0.30497	0.12487	0.15124	0.02166	0.01213	0.00353	0.00603	0.01882	0.01095	0.01143
3	0.01312	0.01001	0.01207	0.01310	0.01506	0.00895	0.00923	0.01582	0.02330	0.03030	0.16466	0.34628	0.24217	0.02888	0.01297	0.00387	0.00566	0.02544	0.01014	0.00895
4	0.01538	0.01025	0.01153	0.01153	0.01153	0.01025	0.00641	0.01538	0.01538	0.02050	0.03331	0.06919	0.03844	0.62842	0.05382	0.01025	0.01025	0.01538	0.00641	0.00641
5	0.01510	0.01133	0.01699	0.01699	0.01888	0.01322	0.01322	0.01888	0.01699	0.02454	0.02832	0.04154	0.02643	0.07930	0.58652	0.01699	0.02832	0.01133	0.00566	0.00944
6	0.01971	0.00985	0.00985	0.00985	0.01232	0.00985	0.00739	0.02464	0.02217	0.03942	0.03449	0.03942	0.02710	0.01232	0.00739	0.00246	0.00493	0.00985	0.68712	0.00985
7	0.02313	0.02313	0.03238	0.02776	0.02776	0.03238	0.02313	0.02545	0.01619	0.02545	0.01388	0.02313	0.01388	0.01851	0.03470	0.00463	0.60907	0.00925	0.00463	0.01157
8	0.01531	0.01053	0.01293	0.01293	0.01341	0.01101	0.00815	0.01627	0.01579	0.02154	0.03204	0.06211	0.03537	0.48792	0.19012	0.01198	0.01487	0.01434	0.00622	0.00718
9	0.02192	0.01879	0.02192	0.01566	0.02506	0.01409	0.01253	0.02662	0.02192	0.03445	0.01879	0.02192	0.01566	0.00783	0.00783	0.00157	0.00783	0.00626	0.00626	0.69305
10	0.02827	0.63478	0.05540	0.01809	0.02714	0.04184	0.01809	0.03166	0.02148	0.02488	0.01470	0.01696	0.01357	0.00905	0.00678	0.00226	0.01131	0.00565	0.00452	0.01357
11	0.01796	0.01293	0.01780	0.01754	0.02015	0.01278	0.04693	0.06500	0.02417	0.03384	0.04840	0.35269	0.05292	0.02551	0.01230	0.00392	0.00778	0.09322	0.12396	0.01021
12	0.01288	0.00920	0.01227	0.01472	0.01534	0.00859	0.00981	0.01472	0.02024	0.02699	0.05828	0.62152	0.06993	0.03312	0.01350	0.00429	0.00613	0.03006	0.00981	0.00859
13	0.01288	0.00920	0.01227	0.01472	0.01534	0.00859	0.00981	0.01472	0.02024	0.02699	0.05828	0.62152	0.06993	0.03312	0.01350	0.00429	0.00613	0.03006	0.00981	0.00859
14	0.04029	0.02150	0.02574	0.02060	0.02823	0.02176	0.01674	0.14362	0.17378	0.33052	0.03896	0.03491	0.02627	0.01335	0.01066	0.00334	0.00933	0.01078	0.01197	0.01765
15	0.07224	0.02687	0.08238	0.03866	0.18690	0.02360	0.14429	0.07970	0.02624	0.07609	0.02172	0.02576	0.01657	0.00968	0.01025	0.00302	0.01266	0.00936	0.00652	0.12751
16	0.08721	0.02041	0.03037	0.35343	0.05267	0.02649	0.02554	0.02688	0.01918	0.02847	0.01675	0.02543	0.01377	0.01315	0.01825	0.00387	0.21262	0.00899	0.00485	0.01166
17	0.02718	0.08871	0.10468	0.20663	0.13248	0.11936	0.02701	0.07356	0.05991	0.03299	0.02033	0.02506	0.01582	0.01064	0.00997	0.00316	0.01403	0.00860	0.00573	0.01415

[dist]
# distance from previous block
# <min> <max>
0	2

[block]
# block no. 4 follows, 13 sequences, length 29
# corresponding to MSA columns:
# 178-206
name=unknown_E
#
# <colnr> <probs for GDERKNQSTAVLIFYWHMCP>
#	G	D	E	R	K	N	Q	S	T	A	V	L	I	F	Y	W	H	M	C	P
0	0.03774	0.02840	0.03035	0.02383	0.03185	0.03164	0.01950	0.44408	0.13683	0.06268	0.02850	0.02787	0.02050	0.01298	0.01061	0.00325	0.01106	0.00995	0.01061	0.01776
1	0.02365	0.01381	0.01815	0.08423	0.02486	0.01376	0.01315	0.02812	0.06393	0.15246	0.04652	0.16440	0.09656	0.12742	0.02148	0.06208	0.00879	0.01649	0.00902	0.01112
2	0.01735	0.01056	0.01356	0.01450	0.01635	0.00963	0.01004	0.01941	0.02153	0.09422	0.05975	0.44293	0.11799	0.07941	0.01638	0.00458	0.00674	0.02553	0.00994	0.00962
3	0.02395	0.02408	0.04213	0.15830	0.23123	0.02690	0.13045	0.02996	0.02176	0.03070	0.01852	0.02631	0.01538	0.01176	0.01680	0.00367	0.15913	0.01000	0.00500	0.01399
4	0.11316	0.02205	0.03212	0.13936	0.13670	0.02338	0.07039	0.11535	0.02795	0.10711	0.02700	0.03746	0.02199	0.01292	0.01071	0.00349	0.01188	0.06481	0.00771	0.01447
5	0.01745	0.01069	0.01386	0.01459	0.01674	0.00968	0.01035	0.02006	0.02316	0.09745	0.12401	0.41917	0.12549	0.02842	0.01289	0.00396	0.00626	0.02534	0.01045	0.00998
6	0.01510	0.01133	0.01699	0.01699	0.01888	0.01322	0.01322	0.01888	0.01699	0.02454	0.02832	0.04154	0.02643	0.07930	0.58652	0.01699	0.02832	0.01133	0.00566	0.00944
7	0.01997	0.01879	0.03171	0.60301	0.07282	0.02349	0.02936	0.02701	0.02114	0.02701	0.01879	0.02819	0.01409	0.01057	0.01057	0.00352	0.01409	0.00940	0.00470	0.01175
8	0.03248	0.01791	0.02162	0.01847	0.02395	0.01797	0.01427	0.10094	0.13085	0.24271	0.04194	0.14396	0.03560	0.08761	0.01613	0.00431	0.00883	0.01478	0.01096	0.01473
9	0.01993	0.01685	0.01961	0.01477	0.02263	0.01297	0.01167	0.02441	0.02314	0.03465	0.09300	0.03857	0.09309	0.01181	0.00896	0.00202	0.00719	0.00977	0.00734	0.52763
10	0.01338	0.00984	0.01244	0.01388	0.01508	0.00939	0.00947	0.01536	0.01994	0.02618	0.06034	0.39435	0.14717	0.11143	0.08421	0.00637	0.00906	0.02471	0.00891	0.00847
11	0.02827	0.63478	0.05540	0.01809	0.02714	0.04184	0.01809	0.03166	0.02148	0.02488	0.01470	0.01696	0.01357	0.00905	0.00678	0.00226	0.01131	0.00565	0.00452	0.01357
12	0.10475	0.01259	0.01624	0.01565	0.01846	0.01332	0.01188	0.02265	0.01886	0.09084	0.03410	0.10608	0.05663	0.04717	0.25294	0.13172	0.01635	0.01291	0.00715	0.00971
13	0.01360	0.01008	0.01269	0.01347	0.01532	0.00917	0.00956	0.01677	0.02458	0.03308	0.25482	0.32415	0.16854	0.02765	0.01293	0.00380	0.00556	0.02455	0.01050	0.00917
14	0.02121	0.05469	0.57364	0.03014	0.04576	0.02455	0.03906	0.03348	0.02232	0.03348	0.01897	0.02232	0.01339	0.01005	0.01005	0.00335	0.01563	0.00781	0.00446	0.01563
15	0.02251	0.04107	0.33663	0.11017	0.15270	0.02481	0.09762	0.03252	0.02285	0.03294	0.01944	0.02460	0.01448	0.00984	0.01050	0.00336	0.01510	0.00892	0.00476	0.01519
16	0.06063	0.01824	0.02359	0.01972	0.02462	0.01926	0.04840	0.13252	0.02940	0.09848	0.13683	0.07884	0.10429	0.02495	0.07940	0.00506	0.05939	0.01429	0.00931	0.01278
17	0.02962	0.02267	0.02395	0.02037	0.02653	0.02549	0.01617	0.20278	0.29191	0.05062	0.03582	0.03490	0.02674	0.01345	0.01011	0.00325	0.00882	0.01080	0.13006	0.01592
18	0.02498	0.02156	0.02264	0.02048	0.02623	0.02463	0.01590	0.05225	0.49362	0.04273	0.04917	0.04542	0.08266	0.01554	0.01092	0.00358	0.00808	0.01295	0.01067	0.01599
19	0.62376	0.01915	0.01516	0.01400	0.01986	0.02198	0.01126	0.02920	0.01825	0.04509	0.01973	0.08665	0.01817	0.01249	0.00734	0.00339	0.00794	0.00852	0.00692	0.01112
20	0.02830	0.01574	0.02401	0.02110	0.02640	0.01473	0.07499	0.03339	0.02612	0.21026	0.04474	0.07196	0.04027	0.01957	0.01222	0.00391	0.00989	0.22119	0.08820	0.01300
21	0.04744	0.01799	0.02454	0.01881	0.02699	0.01554	0.01554	0.05153	0.03026	0.56979	0.04171	0.03599	0.02617	0.01309	0.01063	0.00327	0.00900	0.01063	0.01309	0.01799
22	0.02685	0.29789	0.04265	0.02314	0.02790	0.03666	0.02062	0.06996	0.02135	0.02862	0.01520	0.02055	0.01408	0.01378	0.02018	0.00345	0.29140	0.00766	0.00507	0.01300
23	0.02187	0.02136	0.08114	0.03115	0.13342	0.01906	0.07935	0.02688	0.02208	0.06705	0.03402	0.21585	0.03428	0.01853	0.01440	0.00371	0.08486	0.01625	0.06209	0.01265
24	0.01329	0.01056	0.01193	0.01197	0.01487	0.00921	0.00883	0.01657	0.02542	0.03258	0.23806	0.15589	0.36151	0.02595	0.01261	0.00358	0.00534	0.02225	0.01037	0.00921
25	0.01370	0.00972	0.01263	0.01398	0.01497	0.00913	0.00943	0.01608	0.02199	0.02993	0.17653	0.42069	0.07327	0.10445	0.01827	0.00480	0.00637	0.02557	0.00983	0.00865
26	0.01496	0.01081	0.01413	0.01330	0.01580	0.00998	0.00998	0.01995	0.02993	0.04240	0.55689	0.07898	0.09976	0.02162	0.01247	0.00333	0.00499	0.01912	0.01164	0.00998
27	0.03950	0.05039	0.02996	0.02724	0.03269	0.58597	0.02043	0.04222	0.02996	0.02588	0.01634	0.01907	0.01362	0.01090	0.00953	0.00272	0.01907	0.00681	0.00545	0.01226
28	0.03782	0.02834	0.03173	0.09230	0.03749	0.03170	0.02118	0.46845	0.04636	0.06198	0.02461	0.02571	0.01752	0.01244	0.01058	0.00321	0.01192	0.00950	0.00989	0.01725

[dist]
# distance from previous block
# <min> <max>
0	5

[block]
# block no. 5 follows, 13 sequences, length 10
# corresponding to MSA columns:
# 212-221
name=unknown_F
#
# <colnr> <probs for GDERKNQSTAVLIFYWHMCP>
#	G	D	E	R	K	N	Q	S	T	A	V	L	I	F	Y	W	H	M	C	P
0	0.01717	0.01391	0.01993	0.02430	0.12916	0.01321	0.01516	0.02208	0.02724	0.03754	0.32331	0.07603	0.14360	0.02072	0.01231	0.00350	0.00716	0.07265	0.00983	0.01120
1	0.01538	0.01025	0.01153	0.01153	0.01153	0.01025	0.00641	0.01538	0.01538	0.02050	0.03331	0.06919	0.03844	0.62842	0.05382	0.01025	0.01025	0.01538	0.00641	0.00641
2	0.03447	0.01720	0.02380	0.02367	0.08949	0.01597	0.01630	0.07292	0.02805	0.31358	0.04259	0.20085	0.03690	0.01832	0.01142	0.00354	0.00881	0.01594	0.01101	0.01516
3	0.02798	0.07506	0.11484	0.11973	0.12122	0.14254	0.15159	0.06170	0.02611	0.03250	0.01921	0.02441	0.01495	0.01001	0.01050	0.00319	0.01572	0.00918	0.00538	0.01418
4	0.03066	0.02174	0.02404	0.02096	0.02739	0.02408	0.01649	0.05522	0.43743	0.15273	0.04276	0.03873	0.03102	0.01408	0.01073	0.00352	0.00850	0.01168	0.01124	0.01700
5	0.01538	0.01025	0.01153	0.01153	0.01153	0.01025	0.00641	0.01538	0.01538	0.02050	0.03331	0.06919	0.03844	0.62842	0.05382	0.01025	0.01025	0.01538	0.00641	0.00641
6	0.07486	0.02476	0.10806	0.11762	0.17530	0.02151	0.05759	0.03051	0.07415	0.03368	0.02953	0.14960	0.02796	0.01506	0.01090	0.00355	0.01148	0.01361	0.00666	0.01360
7	0.02749	0.07154	0.03307	0.35901	0.05550	0.14228	0.02538	0.10198	0.02707	0.03229	0.01893	0.02509	0.01451	0.01083	0.01008	0.00322	0.01457	0.00861	0.00568	0.01287
8	0.11195	0.01114	0.01312	0.01431	0.01616	0.01104	0.01008	0.01814	0.02192	0.03309	0.15499	0.42314	0.06773	0.02742	0.01229	0.00395	0.00619	0.02432	0.00972	0.00928
9	0.02622	0.02413	0.13643	0.02400	0.06856	0.01862	0.02034	0.03107	0.02151	0.16169	0.02846	0.03868	0.02400	0.15101	0.10544	0.00687	0.08180	0.01089	0.00726	0.01302

[dist]
# distance from previous block
# <min> <max>
0	1

[block]
# block no. 6 follows, 13 sequences, length 11
# corresponding to MSA columns:
# 223-233
name=unknown_G
#
# <colnr> <probs for GDERKNQSTAVLIFYWHMCP>
#	G	D	E	R	K	N	Q	S	T	A	V	L	I	F	Y	W	H	M	C	P
0	0.02520	0.02190	0.03288	0.41597	0.11458	0.02577	0.02758	0.14096	0.02792	0.03678	0.02040	0.02734	0.01525	0.01093	0.01056	0.00340	0.01338	0.00943	0.00609	0.01368
1	0.55719	0.01873	0.01582	0.01441	0.02028	0.02102	0.01156	0.03050	0.01928	0.08640	0.02278	0.10058	0.02055	0.01324	0.00781	0.00341	0.00797	0.00941	0.00751	0.01159
2	0.01728	0.09655	0.02097	0.05537	0.02238	0.01607	0.01334	0.02275	0.05467	0.03289	0.19601	0.14650	0.15886	0.02228	0.01190	0.00359	0.00752	0.08124	0.00930	0.01055
3	0.02620	0.08746	0.03250	0.13666	0.03762	0.07468	0.09301	0.11019	0.02812	0.03805	0.06609	0.03225	0.02458	0.01180	0.00983	0.00302	0.01170	0.01012	0.15329	0.01282
4	0.02192	0.01879	0.02192	0.01566	0.02506	0.01409	0.01253	0.02662	0.02192	0.03445	0.01879	0.02192	0.01566	0.00783	0.00783	0.00157	0.00783	0.00626	0.00626	0.69305
5	0.21085	0.11200	0.13542	0.02427	0.07208	0.02747	0.02133	0.12740	0.06202	0.04288	0.02250	0.05752	0.01866	0.01196	0.00904	0.00320	0.01096	0.00900	0.00701	0.01442
6	0.01474	0.01080	0.01382	0.01306	0.01566	0.00988	0.00980	0.01951	0.02939	0.04113	0.51558	0.08107	0.14187	0.02209	0.01247	0.00335	0.00502	0.01941	0.01147	0.00988
7	0.01661	0.01038	0.01367	0.01458	0.01618	0.00961	0.01009	0.01909	0.02254	0.07878	0.14632	0.42427	0.06890	0.07688	0.01628	0.00450	0.00651	0.02510	0.01017	0.00953
8	0.01510	0.01133	0.01699	0.01699	0.01888	0.01322	0.01322	0.01888	0.01699	0.02454	0.02832	0.04154	0.02643	0.07930	0.58652	0.01699	0.02832	0.01133	0.00566	0.00944
9	0.02192	0.01879	0.02192	0.01566	0.02506	0.01409	0.01253	0.02662	0.02192	0.03445	0.01879	0.02192	0.01566	0.00783	0.00783	0.00157	0.00783	0.00626	0.00626	0.69305
10	0.04257	0.02044	0.02540	0.02006	0.02787	0.01985	0.01638	0.11685	0.12711	0.40510	0.03974	0.03519	0.02618	0.01326	0.01065	0.00332	0.00924	0.01072	0.01232	0.01776

[dist]
# distance from previous block
# <min> <max>
7	27

[block]
# block no. 7 follows, 13 sequences, length 6
# corresponding to MSA columns:
# 261-266
name=unknown_H
#
# <colnr> <probs for GDERKNQSTAVLIFYWHMCP>
#	G	D	E	R	K	N	Q	S	T	A	V	L	I	F	Y	W	H	M	C	P
0	0.02182	0.01906	0.01978	0.02142	0.08200	0.08343	0.01334	0.08103	0.02390	0.03002	0.04135	0.11557	0.10394	0.26490	0.02847	0.00615	0.01065	0.01544	0.00747	0.01026
1	0.01848	0.08832	0.01887	0.01434	0.01751	0.07390	0.01074	0.02011	0.02205	0.02633	0.09148	0.11669	0.22777	0.10559	0.02056	0.08509	0.00866	0.01673	0.00778	0.00902
2	0.07324	0.04940	0.06253	0.08317	0.10248	0.07600	0.14845	0.09085	0.02656	0.07626	0.02299	0.03037	0.01858	0.07549	0.01508	0.00399	0.01381	0.01023	0.00661	0.01390
3	0.30212	0.03090	0.10087	0.02332	0.03162	0.09204	0.07798	0.09526	0.08000	0.04338	0.02053	0.02276	0.01549	0.01069	0.00899	0.00327	0.01204	0.00804	0.00692	0.01378
4	0.24694	0.01984	0.02522	0.10571	0.14161	0.02228	0.01944	0.07163	0.02225	0.03822	0.02053	0.02707	0.01706	0.02665	0.14648	0.00654	0.01500	0.00866	0.00617	0.01269
5	0.02695	0.09702	0.03375	0.03226	0.16311	0.02763	0.02129	0.08261	0.19904	0.03861	0.02683	0.02869	0.02129	0.01197	0.01206	0.00315	0.06519	0.00946	0.00753	0.09156

[dist]
# distance from previous block
# <min> <max>
0	12

[block]
# block no. 8 follows, 13 sequences, length 27
# corresponding to MSA columns:
# 279-305
name=unknown_I
#
# <colnr> <probs for GDERKNQSTAVLIFYWHMCP>
#	G	D	E	R	K	N	Q	S	T	A	V	L	I	F	Y	W	H	M	C	P
0	0.02114	0.01695	0.01874	0.01697	0.02131	0.01817	0.01301	0.08600	0.20658	0.03960	0.14245	0.06050	0.15491	0.06861	0.06271	0.00510	0.00929	0.01535	0.00995	0.01265
1	0.01516	0.01016	0.01160	0.01181	0.01186	0.01011	0.00670	0.01532	0.01580	0.02106	0.03547	0.11689	0.04116	0.57701	0.05033	0.00974	0.00989	0.01664	0.00670	0.00659
2	0.01288	0.00920	0.01227	0.01472	0.01534	0.00859	0.00981	0.01472	0.02024	0.02699	0.05828	0.62152	0.06993	0.03312	0.01350	0.00429	0.00613	0.03006	0.00981	0.00859
3	0.03869	0.02887	0.03088	0.02402	0.03222	0.03209	0.01973	0.47620	0.10317	0.06421	0.02730	0.02691	0.01953	0.01287	0.01060	0.00322	0.01128	0.00978	0.01060	0.01785
4	0.01254	0.01055	0.01088	0.01115	0.01440	0.00889	0.00823	0.01512	0.02368	0.02839	0.10177	0.15863	0.50474	0.02747	0.01261	0.00365	0.00544	0.02316	0.00982	0.00889
5	0.03950	0.05039	0.02996	0.02724	0.03269	0.58597	0.02043	0.04222	0.02996	0.02588	0.01634	0.01907	0.01362	0.01090	0.00953	0.00272	0.01907	0.00681	0.00545	0.01226
6	0.01997	0.01879	0.03171	0.60301	0.07282	0.02349	0.02936	0.02701	0.02114	0.02701	0.01879	0.02819	0.01409	0.01057	0.01057	0.00352	0.01409	0.00940	0.00470	0.01175
7	0.01538	0.01025	0.01153	0.01153	0.01153	0.01025	0.00641	0.01538	0.01538	0.02050	0.03331	0.06919	0.03844	0.62842	0.05382	0.01025	0.01025	0.01538	0.00641	0.00641
8	0.02272	0.17874	0.46282	0.02756	0.04178	0.02825	0.03458	0.03309	0.02214	0.03164	0.01806	0.02118	0.01343	0.00983	0.00935	0.00312	0.01470	0.00735	0.00448	0.01519
9	0.02389	0.02048	0.03049	0.43026	0.05975	0.02462	0.02603	0.13329	0.02690	0.03528	0.02100	0.02871	0.01596	0.01677	0.05873	0.00457	0.01476	0.00958	0.00604	0.01289
10	0.02756	0.02776	0.04156	0.06097	0.50715	0.08368	0.03119	0.03347	0.02469	0.03364	0.01952	0.02543	0.01642	0.00957	0.01037	0.00310	0.01324	0.00915	0.00526	0.01628
11	0.02617	0.02512	0.04292	0.06490	0.56246	0.02512	0.03245	0.03245	0.02407	0.03454	0.01989	0.02617	0.01675	0.00942	0.01047	0.00314	0.01256	0.00942	0.00523	0.01675
12	0.32559	0.09889	0.02663	0.02022	0.02680	0.23501	0.01626	0.07891	0.02560	0.03869	0.01626	0.01858	0.01306	0.01039	0.00803	0.00295	0.01286	0.00645	0.00627	0.01255
13	0.01297	0.01011	0.01184	0.01313	0.01527	0.00898	0.00944	0.01541	0.02235	0.02804	0.08133	0.34139	0.30138	0.02985	0.01309	0.00399	0.00600	0.05677	0.00981	0.00882
14	0.33680	0.02545	0.10718	0.11408	0.03341	0.02335	0.01913	0.08338	0.02238	0.04108	0.01924	0.02632	0.01583	0.07729	0.01332	0.00407	0.01092	0.00812	0.00634	0.01232
15	0.01288	0.00920	0.01227	0.01472	0.01534	0.00859	0.00981	0.01472	0.02024	0.02699	0.05828	0.62152	0.06993	0.03312	0.01350	0.00429	0.00613	0.03006	0.00981	0.00859
16	0.04744	0.01799	0.02454	0.01881	0.02699	0.01554	0.01554	0.05153	0.03026	0.56979	0.04171	0.03599	0.02617	0.01309	0.01063	0.00327	0.00900	0.01063	0.01309	0.01799
17	0.01308	0.01014	0.01191	0.01272	0.01496	0.00898	0.00907	0.01583	0.02361	0.03036	0.16649	0.30023	0.28810	0.02835	0.01288	0.00381	0.00559	0.02477	0.01013	0.00898
18	0.02287	0.03512	0.22093	0.08195	0.07871	0.07167	0.07153	0.02989	0.02166	0.02996	0.02201	0.08612	0.01996	0.01427	0.01602	0.00369	0.14396	0.01103	0.00529	0.01335
19	0.04744	0.01799	0.02454	0.01881	0.02699	0.01554	0.01554	0.05153	0.03026	0.56979	0.04171	0.03599	0.02617	0.01309	0.01063	0.00327	0.00900	0.01063	0.01309	0.01799
20	0.01424	0.01000	0.01290	0.01396	0.01459	0.01010	0.00919	0.01577	0.01779	0.02409	0.04316	0.30297	0.04977	0.26535	0.13860	0.00897	0.01194	0.02095	0.00774	0.00793
21	0.08795	0.01773	0.02355	0.05144	0.02615	0.02031	0.01676	0.03234	0.02269	0.19024	0.08403	0.03570	0.02876	0.02233	0.08017	0.00513	0.18207	0.01069	0.04899	0.01295
22	0.02440	0.10232	0.26624	0.02934	0.09003	0.02579	0.02843	0.03172	0.02215	0.07794	0.02729	0.03035	0.06203	0.01312	0.01448	0.00345	0.12121	0.00951	0.00580	0.01441
23	0.01438	0.01001	0.01262	0.01397	0.01466	0.00968	0.00934	0.01605	0.01946	0.02601	0.07846	0.32997	0.05904	0.25280	0.02851	0.00651	0.00798	0.07391	0.00865	0.00799
24	0.01941	0.01655	0.02518	0.20782	0.03954	0.01787	0.06269	0.07690	0.02480	0.03237	0.04368	0.23061	0.09198	0.02061	0.01210	0.00382	0.01045	0.04455	0.00785	0.01123
25	0.08420	0.02405	0.06653	0.02984	0.07942	0.02267	0.15389	0.10964	0.07138	0.04130	0.09307	0.11236	0.03456	0.01493	0.01132	0.00350	0.01150	0.01397	0.00803	0.01383
26	0.02313	0.02129	0.03672	0.13291	0.17728	0.02187	0.13123	0.06500	0.02611	0.03538	0.06389	0.05125	0.03158	0.01497	0.01198	0.00370	0.01274	0.11851	0.00699	0.01347

[dist]
# distance from previous block
# <min> <max>
0	34

[block]
# block no. 9 follows, 13 sequences, length 122
# corresponding to MSA columns:
# 340-461
name=unknown_J
#
# <colnr> <probs for GDERKNQSTAVLIFYWHMCP>
#	G	D	E	R	K	N	Q	S	T	A	V	L	I	F	Y	W	H	M	C	P
0	0.02619	0.10867	0.03340	0.02616	0.08024	0.02216	0.08620	0.06195	0.02611	0.11516	0.12165	0.09892	0.03828	0.01952	0.04764	0.00418	0.04844	0.01345	0.00827	0.01340
1	0.07208	0.07677	0.03290	0.02320	0.03003	0.02342	0.10482	0.10326	0.02683	0.15003	0.02551	0.02834	0.01900	0.01326	0.01402	0.04377	0.06957	0.00949	0.07899	0.05472
2	0.13751	0.02112	0.02826	0.07847	0.08751	0.02270	0.05685	0.06472	0.10182	0.10522	0.07847	0.03297	0.02711	0.01274	0.01195	0.00335	0.05580	0.01034	0.00816	0.05493
3	0.02397	0.02085	0.02171	0.01867	0.02353	0.07508	0.01466	0.06923	0.11141	0.03777	0.10883	0.03764	0.03360	0.01955	0.06240	0.00417	0.06941	0.01068	0.09172	0.14514
4	0.01904	0.01670	0.02688	0.35534	0.09103	0.01924	0.02402	0.02529	0.02347	0.03110	0.11947	0.05310	0.03757	0.01573	0.01161	0.00370	0.01161	0.09679	0.00685	0.01146
5	0.01284	0.00935	0.01211	0.01432	0.01523	0.00862	0.00964	0.01477	0.02063	0.02715	0.06314	0.56973	0.11857	0.03249	0.01340	0.00422	0.00606	0.02929	0.00982	0.00862
6	0.01408	0.01046	0.01312	0.01311	0.01542	0.00950	0.00958	0.01800	0.02687	0.03669	0.37166	0.19403	0.17865	0.02492	0.01268	0.00357	0.00529	0.02195	0.01093	0.00950
7	0.01379	0.01013	0.01258	0.01321	0.01493	0.00930	0.00922	0.01670	0.02383	0.03203	0.23929	0.28549	0.16236	0.08729	0.01698	0.00442	0.00601	0.02341	0.01012	0.00892
8	0.04744	0.01799	0.02454	0.01881	0.02699	0.01554	0.01554	0.05153	0.03026	0.56979	0.04171	0.03599	0.02617	0.01309	0.01063	0.00327	0.00900	0.01063	0.01309	0.01799
9	0.70310	0.02045	0.01554	0.01390	0.02045	0.02372	0.01145	0.03108	0.01799	0.04744	0.01472	0.01718	0.01145	0.00981	0.00654	0.00327	0.00818	0.00573	0.00654	0.01145
10	0.70310	0.02045	0.01554	0.01390	0.02045	0.02372	0.01145	0.03108	0.01799	0.04744	0.01472	0.01718	0.01145	0.00981	0.00654	0.00327	0.00818	0.00573	0.00654	0.01145
11	0.01520	0.01095	0.01507	0.01507	0.01629	0.01217	0.01082	0.01765	0.01642	0.02312	0.03008	0.05128	0.03066	0.27285	0.39875	0.01462	0.02195	0.01275	0.00593	0.00837
12	0.02827	0.63478	0.05540	0.01809	0.02714	0.04184	0.01809	0.03166	0.02148	0.02488	0.01470	0.01696	0.01357	0.00905	0.00678	0.00226	0.01131	0.00565	0.00452	0.01357
13	0.02993	0.02232	0.02795	0.02654	0.11660	0.02121	0.01816	0.17539	0.03181	0.09706	0.06405	0.02936	0.02394	0.01108	0.00970	0.00260	0.00963	0.00915	0.00843	0.26507
14	0.01997	0.01879	0.03171	0.60301	0.07282	0.02349	0.02936	0.02701	0.02114	0.02701	0.01879	0.02819	0.01409	0.01057	0.01057	0.00352	0.01409	0.00940	0.00470	0.01175
15	0.01288	0.00920	0.01227	0.01472	0.01534	0.00859	0.00981	0.01472	0.02024	0.02699	0.05828	0.62152	0.06993	0.03312	0.01350	0.00429	0.00613	0.03006	0.00981	0.00859
16	0.03510	0.02189	0.02993	0.02568	0.07811	0.02105	0.06157	0.16401	0.03315	0.22309	0.08481	0.03446	0.02872	0.01252	0.01061	0.00305	0.01020	0.01074	0.01005	0.10126
17	0.02252	0.16222	0.47757	0.02790	0.04231	0.02776	0.03518	0.03315	0.02217	0.03189	0.01818	0.02133	0.01343	0.00986	0.00944	0.00315	0.01483	0.00741	0.00448	0.01524
