[name]
unknown

[dist]
# distance from previous block
# <min> <max>
0	876

[block]
# block no. 0 follows, 11 sequences, length 30
# corresponding to MSA columns:
# 1097-1126
name=unknown_A
#
# <colnr> <probs for GDERKNQSTAVLIFYWHMCP>
#	G	D	E	R	K	N	Q	S	T	A	V	L	I	F	Y	W	H	M	C	P
0	0.11870	0.01316	0.01525	0.01471	0.01802	0.01312	0.01151	0.02372	0.02852	0.04434	0.35314	0.07545	0.08039	0.02119	0.01212	0.00365	0.00642	0.06865	0.06714	0.01082
1	0.13210	0.02490	0.02649	0.02009	0.02923	0.02456	0.01640	0.21722	0.03458	0.05255	0.02216	0.02405	0.01698	0.01074	0.00930	0.00263	0.01002	0.00797	0.00856	0.30947
2	0.12712	0.02363	0.03306	0.18976	0.04695	0.02522	0.08772	0.09554	0.06870	0.04180	0.02287	0.02763	0.01738	0.01097	0.01035	0.00328	0.01247	0.00949	0.00710	0.13895
3	0.12704	0.11210	0.31092	0.02863	0.04168	0.02930	0.07215	0.08449	0.02633	0.04066	0.01993	0.02319	0.01474	0.01073	0.01001	0.00342	0.01464	0.00834	0.00588	0.01584
4	0.02642	0.01512	0.01900	0.01826	0.02219	0.01481	0.01353	0.03484	0.12031	0.17086	0.05412	0.33816	0.05406	0.02561	0.01298	0.00413	0.00782	0.02266	0.01158	0.01353
5	0.02204	0.01696	0.02313	0.16864	0.03633	0.01868	0.01831	0.06581	0.02691	0.07118	0.10231	0.14295	0.14792	0.02122	0.01468	0.00392	0.06015	0.01769	0.00902	0.01216
6	0.02115	0.01934	0.01840	0.01855	0.02101	0.11843	0.01376	0.02456	0.02245	0.02922	0.03715	0.18850	0.03808	0.04744	0.23181	0.00942	0.01853	0.01629	0.09548	0.01045
7	0.03264	0.10113	0.03924	0.17438	0.21778	0.02594	0.02683	0.03849	0.02627	0.16981	0.02642	0.02990	0.01939	0.01133	0.01069	0.00336	0.01257	0.00983	0.00759	0.01642
8	0.02482	0.01854	0.02157	0.01857	0.02166	0.02049	0.01382	0.15615	0.02996	0.04105	0.12660	0.05658	0.04433	0.25348	0.03315	0.00662	0.07735	0.01460	0.00895	0.01173
9	0.03390	0.01643	0.02278	0.10320	0.03196	0.01545	0.01654	0.03806	0.02778	0.29528	0.05341	0.15521	0.10201	0.01962	0.01217	0.00378	0.00930	0.01681	0.01142	0.01490
10	0.02267	0.02511	0.09600	0.17009	0.04334	0.01919	0.02195	0.02943	0.02317	0.03440	0.02003	0.02520	0.01590	0.00944	0.00944	0.00248	0.01124	0.00779	0.00596	0.40716
11	0.07325	0.02097	0.02934	0.11179	0.10343	0.02088	0.02111	0.04756	0.08082	0.31769	0.03624	0.03501	0.02444	0.01296	0.01107	0.00354	0.01080	0.01083	0.01082	0.01746
12	0.01750	0.10192	0.01964	0.01513	0.01734	0.01494	0.01102	0.01992	0.02142	0.02935	0.04845	0.37314	0.05526	0.09505	0.01743	0.00472	0.00771	0.02332	0.09687	0.00986
13	0.12009	0.01345	0.01466	0.01367	0.01697	0.01314	0.00993	0.02325	0.02485	0.07288	0.21102	0.07285	0.15231	0.16729	0.02321	0.00543	0.00762	0.01719	0.00990	0.01030
14	0.03557	0.09931	0.14755	0.02882	0.08784	0.02554	0.02521	0.11078	0.03117	0.20016	0.03183	0.03744	0.02402	0.01369	0.01103	0.00349	0.01233	0.04785	0.00922	0.01715
15	0.12963	0.01578	0.01996	0.06623	0.02684	0.01557	0.01466	0.03315	0.02499	0.21122	0.04512	0.26398	0.04347	0.02192	0.01190	0.00395	0.00867	0.01890	0.01065	0.01340
16	0.03352	0.09202	0.02742	0.02022	0.02628	0.09271	0.01611	0.10556	0.03104	0.17014	0.04508	0.17619	0.07751	0.01958	0.01160	0.00356	0.01064	0.01616	0.01021	0.01448
17	0.12610	0.02059	0.02263	0.01709	0.02625	0.01776	0.01371	0.03313	0.06500	0.06596	0.02281	0.02494	0.01808	0.00954	0.00855	0.00222	0.00851	0.00734	0.00750	0.48231
18	0.03297	0.03702	0.23846	0.03675	0.13770	0.02336	0.07197	0.04167	0.02710	0.19941	0.02843	0.02984	0.01959	0.01150	0.01121	0.00352	0.01393	0.01006	0.00796	0.01755
19	0.02394	0.10504	0.31905	0.03313	0.10632	0.02691	0.03272	0.03636	0.08113	0.03554	0.02653	0.07639	0.02242	0.01319	0.01079	0.00353	0.01391	0.01090	0.00616	0.01604
20	0.04216	0.02292	0.02728	0.02197	0.03000	0.02337	0.01780	0.13544	0.18492	0.30464	0.04173	0.03743	0.02831	0.01427	0.01135	0.00357	0.00987	0.01154	0.01269	0.01874
21	0.01708	0.01330	0.01580	0.01521	0.01863	0.01286	0.01171	0.02531	0.09422	0.04077	0.32124	0.08811	0.19796	0.02403	0.01323	0.00378	0.00632	0.05754	0.01161	0.01128
22	0.02915	0.51760	0.05783	0.06177	0.03502	0.04172	0.06193	0.03356	0.02317	0.02749	0.01659	0.02000	0.01472	0.00973	0.00805	0.00263	0.01286	0.00694	0.00491	0.01437
23	0.03011	0.01400	0.01729	0.01496	0.01869	0.01300	0.01069	0.03258	0.02353	0.22363	0.03907	0.05531	0.03409	0.28850	0.03217	0.00681	0.00954	0.01354	0.11041	0.01209
24	0.01665	0.01064	0.01359	0.01444	0.01486	0.01050	0.00946	0.01660	0.01817	0.02414	0.04054	0.18673	0.04634	0.29677	0.04049	0.14973	0.00964	0.06582	0.00759	0.00730
25	0.01462	0.01108	0.01362	0.01472	0.01704	0.01008	0.01095	0.01796	0.02544	0.03307	0.16650	0.27625	0.22587	0.03018	0.01398	0.00421	0.00657	0.08734	0.01080	0.00971
26	0.04137	0.07432	0.03147	0.09582	0.03651	0.02469	0.01980	0.13597	0.07520	0.29404	0.03534	0.03353	0.02382	0.01323	0.01095	0.00343	0.01101	0.01056	0.01120	0.01773
27	0.03181	0.09288	0.08831	0.13193	0.04195	0.02313	0.08470	0.03842	0.02628	0.18523	0.02971	0.03231	0.02109	0.01185	0.01050	0.00333	0.01225	0.01027	0.10886	0.01519
28	0.27399	0.09442	0.03292	0.08291	0.07750	0.06560	0.06062	0.05799	0.02429	0.04094	0.01840	0.02250	0.01467	0.01033	0.00896	0.00316	0.01204	0.00782	0.00639	0.08453
29	0.02351	0.02537	0.08975	0.02724	0.08532	0.01981	0.06112	0.03366	0.09076	0.03919	0.10151	0.03626	0.03259	0.01206	0.01052	0.00283	0.01039	0.01070	0.00775	0.27965

[dist]
# distance from previous block
# <min> <max>
21	30

[block]
# block no. 1 follows, 11 sequences, length 15
# corresponding to MSA columns:
# 1171-1185
name=unknown_B
#
# <colnr> <probs for GDERKNQSTAVLIFYWHMCP>
#	G	D	E	R	K	N	Q	S	T	A	V	L	I	F	Y	W	H	M	C	P
0	0.03822	0.03302	0.11581	0.02478	0.03400	0.08606	0.02251	0.12850	0.14683	0.20014	0.03453	0.03269	0.02404	0.01336	0.01110	0.00349	0.01233	0.01047	0.01041	0.01772
1	0.06853	0.07369	0.02720	0.08176	0.03137	0.02245	0.01723	0.13218	0.03229	0.15626	0.09432	0.09413	0.08721	0.01735	0.01137	0.00353	0.00983	0.01425	0.01029	0.01477
2	0.02680	0.01944	0.03207	0.24301	0.10447	0.02054	0.06328	0.03293	0.02608	0.13300	0.08763	0.09662	0.03463	0.01533	0.01198	0.00372	0.01210	0.01401	0.00829	0.01407
3	0.03638	0.02347	0.08558	0.11425	0.03795	0.01961	0.02136	0.04521	0.07971	0.29364	0.08952	0.04054	0.03322	0.01422	0.01146	0.00358	0.01076	0.01187	0.01097	0.01670
4	0.09984	0.08225	0.13616	0.02530	0.03222	0.08847	0.02398	0.03504	0.02294	0.09792	0.02156	0.02624	0.01722	0.02013	0.06624	0.00504	0.16995	0.00890	0.00646	0.01413
5	0.03955	0.01650	0.02237	0.01853	0.02501	0.01445	0.01471	0.04355	0.03011	0.38766	0.10144	0.15149	0.04555	0.01906	0.01212	0.00370	0.00851	0.01632	0.01309	0.01627
6	0.02432	0.01486	0.01813	0.01756	0.02143	0.01455	0.01301	0.03292	0.12373	0.14100	0.06098	0.31112	0.10854	0.02595	0.01301	0.00410	0.00756	0.02280	0.01139	0.01305
7	0.02465	0.02211	0.03485	0.45954	0.11375	0.02645	0.03028	0.08986	0.02673	0.03495	0.02102	0.02942	0.01580	0.01143	0.01124	0.00367	0.01452	0.01002	0.00586	0.01385
8	0.01612	0.01191	0.01734	0.01734	0.01909	0.01366	0.01313	0.01962	0.01787	0.02557	0.03084	0.04803	0.02979	0.15173	0.49479	0.01716	0.02766	0.01262	0.00613	0.00963
9	0.01476	0.01060	0.01400	0.01496	0.01656	0.00984	0.01053	0.01830	0.02642	0.03648	0.28237	0.35467	0.08945	0.02947	0.01385	0.00408	0.00595	0.02650	0.01137	0.00984
10	0.02316	0.03863	0.26465	0.21559	0.05742	0.02622	0.08645	0.03597	0.07614	0.03461	0.02317	0.02855	0.01698	0.01124	0.01125	0.00368	0.01552	0.00991	0.00566	0.01521
11	0.02878	0.02003	0.02461	0.08358	0.03005	0.02240	0.01687	0.12547	0.07837	0.10307	0.03201	0.04613	0.02839	0.21691	0.02983	0.00623	0.07264	0.01265	0.00871	0.01329
12	0.03691	0.01606	0.02070	0.01689	0.02345	0.01400	0.01360	0.04116	0.03018	0.34482	0.11171	0.05732	0.13385	0.01770	0.01163	0.00348	0.00798	0.01467	0.06829	0.01559
13	0.02202	0.01445	0.01703	0.01656	0.02036	0.01434	0.01267	0.03120	0.12043	0.09408	0.11241	0.18372	0.13485	0.02364	0.01253	0.00390	0.00727	0.05984	0.08627	0.01243
14	0.03948	0.10579	0.12250	0.02560	0.03606	0.02648	0.06562	0.13429	0.03316	0.25152	0.03123	0.03030	0.02115	0.01234	0.01085	0.00337	0.01249	0.01008	0.00994	0.01776

[dist]
# distance from previous block
# <min> <max>
1	12

[block]
# block no. 2 follows, 11 sequences, length 20
# corresponding to MSA columns:
# 1198-1217
name=unknown_C
#
# <colnr> <probs for GDERKNQSTAVLIFYWHMCP>
#	G	D	E	R	K	N	Q	S	T	A	V	L	I	F	Y	W	H	M	C	P
0	0.28130	0.02230	0.02505	0.08349	0.03262	0.02455	0.01784	0.10156	0.02794	0.19821	0.02636	0.02735	0.01840	0.01268	0.01152	0.00360	0.05171	0.00895	0.00929	0.01529
1	0.03022	0.01824	0.02282	0.12309	0.03326	0.01906	0.01691	0.10034	0.06189	0.15565	0.04500	0.04576	0.09283	0.01523	0.01074	0.00338	0.00938	0.01248	0.16932	0.01440
2	0.16230	0.03083	0.15640	0.08590	0.03700	0.02490	0.02358	0.08017	0.12164	0.04476	0.09367	0.03535	0.03072	0.01353	0.01053	0.00360	0.01136	0.01070	0.00819	0.01489
3	0.02850	0.54371	0.05403	0.01868	0.02753	0.04072	0.01829	0.03230	0.02388	0.02858	0.07335	0.02549	0.02477	0.01114	0.00790	0.00253	0.01128	0.00763	0.00567	0.01401
4	0.03101	0.02069	0.03090	0.16200	0.04267	0.02093	0.07307	0.09367	0.02953	0.16983	0.03855	0.10120	0.05975	0.01571	0.01179	0.00359	0.01166	0.01391	0.00930	0.06024
5	0.03541	0.02064	0.02616	0.09604	0.03448	0.02151	0.01852	0.07999	0.16852	0.23853	0.09927	0.04301	0.03689	0.01502	0.01158	0.00361	0.00980	0.01256	0.01164	0.01683
6	0.02198	0.01431	0.01799	0.01622	0.01994	0.01378	0.01238	0.07799	0.03313	0.09268	0.37340	0.13104	0.08537	0.02246	0.01298	0.00363	0.00665	0.01965	0.01219	0.01222
7	0.02462	0.02462	0.03447	0.02955	0.02955	0.03447	0.02462	0.02709	0.01724	0.02709	0.01477	0.02462	0.01477	0.01970	0.03694	0.00492	0.58385	0.00985	0.00492	0.01231
8	0.03656	0.30933	0.04432	0.02453	0.03209	0.32323	0.02061	0.03979	0.02776	0.02706	0.01660	0.01927	0.01447	0.01070	0.00881	0.00267	0.01651	0.00668	0.00535	0.01369
9	0.01455	0.00987	0.01277	0.01508	0.01596	0.00930	0.01015	0.01688	0.02178	0.03025	0.05913	0.53342	0.06921	0.03272	0.01362	0.00435	0.00638	0.02953	0.08575	0.00930
10	0.03512	0.01524	0.02066	0.01821	0.02354	0.01345	0.01399	0.03847	0.02776	0.32742	0.05178	0.27194	0.04734	0.02285	0.01259	0.00394	0.00830	0.01996	0.01247	0.01497
11	0.01608	0.01201	0.01514	0.01599	0.01796	0.01179	0.01135	0.02257	0.08116	0.03630	0.21586	0.36249	0.08047	0.02889	0.01367	0.00414	0.00639	0.02591	0.01121	0.01062
12	0.03395	0.14692	0.03529	0.16067	0.04164	0.07736	0.02151	0.04391	0.11753	0.16590	0.03004	0.03101	0.02181	0.01240	0.01036	0.00333	0.01232	0.00977	0.00858	0.01569
13	0.01891	0.01123	0.01502	0.01612	0.01805	0.01029	0.01129	0.02151	0.02398	0.09983	0.10433	0.47224	0.07118	0.03120	0.01385	0.00432	0.00683	0.02808	0.01111	0.01064
14	0.01631	0.01230	0.01712	0.01725	0.01845	0.01396	0.01265	0.01901	0.01831	0.02578	0.03601	0.15037	0.03834	0.17879	0.31830	0.01318	0.06113	0.01645	0.00693	0.00937
15	0.02835	0.02030	0.02244	0.01864	0.02423	0.02134	0.01486	0.23370	0.03955	0.05481	0.19822	0.05522	0.09744	0.01796	0.01165	0.00337	0.00850	0.01478	0.10036	0.01430
16	0.02774	0.09304	0.09450	0.10665	0.12283	0.02482	0.05679	0.07574	0.02725	0.09284	0.03142	0.13765	0.02877	0.01582	0.01146	0.00360	0.01236	0.01399	0.00774	0.01500
17	0.10605	0.10435	0.03518	0.02389	0.03135	0.02420	0.10576	0.08726	0.02944	0.13837	0.09851	0.09946	0.03699	0.01567	0.01121	0.00351	0.01100	0.01376	0.00938	0.01465
18	0.02413	0.08294	0.02504	0.01840	0.02341	0.01891	0.01480	0.02762	0.02297	0.10197	0.04134	0.15622	0.07942	0.02842	0.08834	0.00541	0.07727	0.01526	0.00834	0.13980
19	0.18326	0.20893	0.14302	0.02065	0.03107	0.02895	0.02119	0.03565	0.02332	0.09424	0.02048	0.02234	0.01571	0.01036	0.00851	0.00293	0.01144	0.00721	0.00660	0.10415

[dist]
# distance from previous block
# <min> <max>
0	7

[block]
# block no. 3 follows, 11 sequences, length 13
# corresponding to MSA columns:
# 1225-1237
name=unknown_D
#
# <colnr> <probs for GDERKNQSTAVLIFYWHMCP>
#	G	D	E	R	K	N	Q	S	T	A	V	L	I	F	Y	W	H	M	C	P
0	0.02343	0.03636	0.25906	0.02393	0.03450	0.02137	0.02602	0.08819	0.02805	0.04050	0.11195	0.03980	0.03410	0.07331	0.01562	0.00401	0.01234	0.01125	0.00740	0.10881
1	0.03525	0.06605	0.08284	0.08162	0.10299	0.02733	0.07218	0.13925	0.07411	0.16055	0.02952	0.03077	0.02098	0.01221	0.01117	0.00347	0.01282	0.01050	0.00906	0.01734
2	0.03151	0.02760	0.11821	0.07472	0.03803	0.02252	0.06386	0.07618	0.11559	0.17183	0.10434	0.04074	0.03513	0.01425	0.01168	0.00361	0.01158	0.01231	0.00998	0.01632
3	0.01371	0.00979	0.01306	0.01567	0.01632	0.00914	0.01045	0.01567	0.02155	0.02873	0.06203	0.59710	0.07444	0.03526	0.01437	0.00457	0.00653	0.03200	0.01045	0.00914
4	0.02049	0.02334	0.07148	0.02016	0.02421	0.10850	0.01698	0.02456	0.02511	0.03053	0.05684	0.26677	0.12082	0.02674	0.01335	0.00420	0.01068	0.11533	0.00903	0.01090
5	0.12074	0.03234	0.15910	0.21929	0.09628	0.02721	0.02965	0.11371	0.02796	0.04170	0.02077	0.02607	0.01540	0.01128	0.01049	0.00356	0.01390	0.00905	0.00637	0.01513
6	0.01608	0.01206	0.01809	0.01809	0.02010	0.01407	0.01407	0.02010	0.01809	0.02613	0.03015	0.04422	0.02814	0.08441	0.55984	0.01809	0.03015	0.01206	0.00603	0.01005
7	0.01424	0.01054	0.01330	0.01451	0.01626	0.00960	0.01016	0.01725	0.02504	0.03344	0.19661	0.37312	0.16305	0.03078	0.01389	0.00416	0.00606	0.02742	0.01097	0.00960
8	0.02860	0.02038	0.03046	0.20806	0.04602	0.02200	0.06377	0.07080	0.09186	0.13521	0.03634	0.13277	0.03102	0.01654	0.01202	0.00383	0.01181	0.01479	0.00908	0.01464
9	0.16621	0.16388	0.08668	0.13571	0.03990	0.03095	0.02240	0.06951	0.11157	0.03971	0.02317	0.02603	0.01793	0.01152	0.00938	0.00335	0.01188	0.00857	0.00693	0.01472
10	0.17967	0.01874	0.02271	0.01819	0.02576	0.01763	0.01488	0.04603	0.02942	0.37582	0.09931	0.03985	0.03443	0.01434	0.01065	0.00349	0.00886	0.01136	0.01227	0.01661
11	0.19573	0.01858	0.02410	0.15026	0.08035	0.02002	0.01879	0.03204	0.02591	0.11305	0.16361	0.04299	0.04169	0.01458	0.01071	0.00355	0.00976	0.01206	0.00889	0.01333
12	0.12088	0.26192	0.03925	0.14922	0.03826	0.03208	0.02016	0.07165	0.02603	0.03671	0.08226	0.02999	0.02623	0.01215	0.00925	0.00310	0.01144	0.00913	0.00669	0.01360

[dist]
# distance from previous block
# <min> <max>
0	28

[block]
# block no. 4 follows, 11 sequences, length 24
# corresponding to MSA columns:
# 1266-1289
name=unknown_E
#
# <colnr> <probs for GDERKNQSTAVLIFYWHMCP>
#	G	D	E	R	K	N	Q	S	T	A	V	L	I	F	Y	W	H	M	C	P
0	0.18308	0.02165	0.02641	0.10248	0.09145	0.02300	0.01936	0.11477	0.02843	0.09501	0.02911	0.11116	0.02569	0.01493	0.01047	0.00350	0.01052	0.01225	0.00850	0.06823
1	0.12699	0.02691	0.02237	0.02074	0.02563	0.15015	0.01554	0.04034	0.16227	0.06944	0.03604	0.12795	0.03313	0.07499	0.01546	0.00435	0.01147	0.01387	0.00896	0.01340
2	0.38599	0.02524	0.02768	0.02560	0.07178	0.06758	0.08233	0.03530	0.05477	0.04480	0.06245	0.02803	0.02290	0.01174	0.00928	0.00349	0.01120	0.00916	0.00732	0.01339
3	0.02953	0.08808	0.13789	0.07407	0.08686	0.02419	0.06361	0.03818	0.06606	0.13944	0.02940	0.03621	0.02320	0.09449	0.01735	0.00449	0.01298	0.01093	0.00772	0.01533
4	0.02989	0.01980	0.02401	0.01748	0.02717	0.01537	0.01411	0.03473	0.02548	0.15854	0.02589	0.02695	0.01937	0.00968	0.00905	0.00210	0.00863	0.00779	0.00842	0.51552
5	0.01469	0.01061	0.01459	0.01615	0.01718	0.01086	0.01129	0.01714	0.02000	0.02731	0.04961	0.37634	0.05683	0.09948	0.19177	0.00942	0.01443	0.02431	0.00873	0.00923
6	0.01613	0.01185	0.01703	0.01703	0.01867	0.01349	0.01274	0.01942	0.01777	0.02534	0.03112	0.04960	0.03048	0.17951	0.46794	0.01678	0.02663	0.01285	0.00617	0.00946
7	0.03009	0.61122	0.05898	0.01926	0.02889	0.04454	0.01926	0.03370	0.02287	0.02648	0.01565	0.01805	0.01444	0.00963	0.00722	0.00241	0.01204	0.00602	0.00481	0.01444
8	0.02806	0.01857	0.02352	0.02237	0.07532	0.01735	0.01567	0.07281	0.06133	0.12557	0.15510	0.04506	0.04371	0.01452	0.01073	0.00299	0.00832	0.01231	0.08620	0.16048
9	0.08147	0.02563	0.08882	0.15221	0.04688	0.02368	0.14027	0.03342	0.02543	0.09471	0.09711	0.03691	0.03002	0.01340	0.01370	0.00375	0.05918	0.01197	0.00742	0.01404
10	0.01693	0.01334	0.01868	0.01832	0.01966	0.01549	0.01386	0.02009	0.02002	0.02852	0.09181	0.14992	0.04490	0.10998	0.26953	0.01127	0.10345	0.01676	0.00749	0.00997
11	0.04985	0.02019	0.02676	0.02052	0.02925	0.01808	0.01695	0.09196	0.03395	0.50247	0.04294	0.03736	0.02713	0.01390	0.01131	0.00347	0.00981	0.01122	0.01371	0.01915
12	0.01903	0.01267	0.01554	0.01624	0.01889	0.01213	0.01160	0.02483	0.08023	0.08318	0.06697	0.39537	0.14042	0.02967	0.01354	0.00425	0.00698	0.02631	0.01092	0.01122
13	0.02322	0.08894	0.03551	0.43539	0.06515	0.02768	0.02799	0.03367	0.09121	0.03105	0.02311	0.03030	0.01764	0.01163	0.01081	0.00360	0.01381	0.00992	0.00588	0.01347
14	0.01466	0.01049	0.01410	0.01636	0.01753	0.00992	0.01174	0.01749	0.02329	0.03117	0.10762	0.46870	0.07597	0.03336	0.01445	0.00457	0.00704	0.10143	0.01063	0.00949
15	0.03407	0.01453	0.01832	0.01577	0.02102	0.01319	0.01237	0.03843	0.02743	0.27903	0.04393	0.11779	0.03475	0.01660	0.01042	0.00331	0.00749	0.01389	0.26322	0.01444
16	0.02330	0.04185	0.30550	0.16715	0.05564	0.02636	0.10432	0.03605	0.06503	0.03498	0.02268	0.02781	0.01655	0.01104	0.01128	0.00367	0.01593	0.00984	0.00552	0.01551
17	0.02700	0.07796	0.25359	0.10107	0.13017	0.02875	0.07951	0.09900	0.02822	0.03941	0.02125	0.02590	0.01591	0.01085	0.01094	0.00347	0.01524	0.00939	0.00592	0.01642
18	0.02271	0.02077	0.02589	0.22583	0.04214	0.07401	0.02088	0.02757	0.02318	0.03152	0.08170	0.04062	0.03015	0.07448	0.01979	0.00440	0.10667	0.01162	0.10465	0.01143
19	0.53685	0.02136	0.01822	0.01657	0.02309	0.02435	0.01380	0.07082	0.02295	0.04987	0.02277	0.03421	0.02012	0.01359	0.00853	0.00371	0.00925	0.06965	0.00780	0.01252
20	0.03521	0.10386	0.03714	0.16785	0.15841	0.02490	0.02472	0.04078	0.02700	0.22664	0.02900	0.03101	0.02050	0.01177	0.01069	0.00337	0.01213	0.00996	0.00852	0.01656
21	0.02079	0.06544	0.02658	0.02535	0.09309	0.01990	0.01696	0.02427	0.02245	0.03178	0.08968	0.17784	0.04344	0.07937	0.02040	0.00437	0.10404	0.01644	0.00769	0.11012
22	0.02466	0.02906	0.09454	0.34461	0.12988	0.07884	0.03143	0.03182	0.02358	0.03042	0.01951	0.02759	0.01524	0.01174	0.01316	0.00368	0.06182	0.00953	0.00512	0.01376
23	0.04040	0.01925	0.02456	0.01950	0.02671	0.01807	0.01583	0.11939	0.03555	0.33719	0.16509	0.04813	0.04642	0.01618	0.01181	0.00348	0.00895	0.01343	0.01310	0.01697

[dist]
# distance from previous block
# <min> <max>
0	4

[block]
# block no. 5 follows, 11 sequences, length 9
# corresponding to MSA columns:
# 1294-1302
name=unknown_F
#
# <colnr> <probs for GDERKNQSTAVLIFYWHMCP>
#	G	D	E	R	K	N	Q	S	T	A	V	L	I	F	Y	W	H	M	C	P
0	0.03670	0.01724	0.02175	0.01770	0.02401	0.01611	0.01423	0.08920	0.03290	0.29281	0.15445	0.04842	0.04542	0.01587	0.01120	0.00334	0.00816	0.01317	0.12160	0.01572
1	0.01965	0.01244	0.01560	0.01427	0.01794	0.01111	0.01089	0.02428	0.03049	0.10383	0.37373	0.08387	0.19265	0.02312	0.01304	0.00359	0.00593	0.02000	0.01214	0.01143
2	0.02706	0.01828	0.02819	0.08468	0.07072	0.01963	0.05995	0.03165	0.02305	0.13437	0.03018	0.04011	0.02499	0.09937	0.11397	0.00704	0.08241	0.01174	0.07946	0.01313
3	0.02053	0.01179	0.01575	0.01608	0.01856	0.01075	0.01153	0.02366	0.02572	0.12052	0.16497	0.38465	0.07367	0.02882	0.01360	0.00415	0.00678	0.02580	0.01149	0.01120
4	0.01895	0.01608	0.02241	0.02139	0.02231	0.01998	0.01685	0.02177	0.01902	0.02725	0.03374	0.14101	0.03639	0.10304	0.17358	0.00907	0.21704	0.06282	0.00692	0.01039
5	0.02152	0.01242	0.01592	0.01408	0.01755	0.01224	0.05504	0.02718	0.02389	0.04139	0.03536	0.04083	0.02771	0.01276	0.00839	0.00274	0.00658	0.01076	0.60269	0.01095
6	0.07474	0.21787	0.13823	0.02366	0.03231	0.02770	0.07185	0.03007	0.02402	0.03365	0.07083	0.10781	0.03419	0.01607	0.01065	0.00347	0.01201	0.05053	0.00689	0.01343
7	0.09902	0.01623	0.01949	0.07839	0.02688	0.01735	0.01482	0.10228	0.02785	0.04029	0.09552	0.31451	0.05449	0.02468	0.01250	0.00404	0.00859	0.02155	0.00979	0.01174
8	0.35542	0.02254	0.02867	0.12160	0.09942	0.02465	0.06122	0.03536	0.02274	0.10191	0.02113	0.02492	0.01566	0.01086	0.00929	0.00354	0.01138	0.00851	0.00717	0.01403

[dist]
# distance from previous block
# <min> <max>
0	143

[block]
# block no. 6 follows, 11 sequences, length 11
# corresponding to MSA columns:
# 1472-1482
name=unknown_G
#
# <colnr> <probs for GDERKNQSTAVLIFYWHMCP>
#	G	D	E	R	K	N	Q	S	T	A	V	L	I	F	Y	W	H	M	C	P
0	0.09208	0.02276	0.02873	0.13168	0.08889	0.06511	0.02143	0.03705	0.02657	0.17525	0.09408	0.03684	0.03081	0.01444	0.01421	0.00366	0.08186	0.01116	0.00876	0.01463
1	0.01456	0.01145	0.01315	0.01272	0.01598	0.01004	0.00954	0.01859	0.02863	0.03747	0.31274	0.09669	0.32654	0.02587	0.01329	0.00368	0.00551	0.02212	0.01138	0.01004
2	0.03339	0.10060	0.03681	0.22307	0.13898	0.02514	0.02535	0.03917	0.02636	0.20065	0.02775	0.03076	0.01973	0.01170	0.01071	0.00341	0.01250	0.00991	0.00805	0.01596
3	0.07235	0.02026	0.02893	0.17648	0.04235	0.02177	0.05803	0.06757	0.08781	0.13511	0.08489	0.08966	0.03500	0.01563	0.01166	0.00372	0.01117	0.01369	0.00936	0.01455
4	0.03575	0.01596	0.02102	0.01721	0.02355	0.01393	0.01380	0.04017	0.03123	0.33317	0.19006	0.06063	0.11752	0.01845	0.01214	0.00354	0.00785	0.01554	0.01303	0.01545
5	0.01730	0.01318	0.01620	0.01634	0.01892	0.01325	0.01188	0.02621	0.11651	0.03926	0.26240	0.27136	0.08093	0.02625	0.01335	0.00398	0.00643	0.02338	0.01148	0.01138
6	0.03696	0.03616	0.18765	0.03087	0.08951	0.02709	0.02770	0.20574	0.03642	0.16759	0.02845	0.02878	0.01958	0.01240	0.01109	0.00346	0.01311	0.00985	0.00934	0.01825
7	0.01510	0.01045	0.01291	0.01403	0.01459	0.01007	0.00887	0.01652	0.02028	0.02729	0.09598	0.31628	0.06278	0.28481	0.03317	0.00726	0.00834	0.02397	0.00904	0.00826
8	0.01433	0.01027	0.01361	0.01525	0.01646	0.00955	0.01050	0.01722	0.02441	0.03329	0.19158	0.45457	0.08326	0.03186	0.01406	0.00428	0.00619	0.02876	0.01099	0.00955
9	0.02813	0.03984	0.20192	0.10464	0.13594	0.09906	0.03209	0.07710	0.02679	0.03595	0.01983	0.02525	0.01556	0.01231	0.01458	0.00364	0.09711	0.00908	0.00570	0.01548
10	0.02365	0.13737	0.47640	0.03024	0.04588	0.02877	0.03839	0.03537	0.02363	0.03433	0.01955	0.02295	0.01428	0.01054	0.01020	0.00340	0.01598	0.00799	0.00476	0.01632

[dist]
# distance from previous block
# <min> <max>
0	21

[block]
# block no. 7 follows, 11 sequences, length 38
# corresponding to MSA columns:
# 1504-1541
name=unknown_H
#
# <colnr> <probs for GDERKNQSTAVLIFYWHMCP>
#	G	D	E	R	K	N	Q	S	T	A	V	L	I	F	Y	W	H	M	C	P
0	0.04514	0.02270	0.02770	0.02179	0.03018	0.02246	0.01782	0.15326	0.11502	0.35759	0.04079	0.03641	0.02699	0.01406	0.01133	0.00351	0.01009	0.01129	0.01294	0.01893
1	0.18464	0.19621	0.14932	0.02302	0.03261	0.11773	0.02280	0.03858	0.07570	0.03655	0.02015	0.02228	0.01599	0.01098	0.00886	0.00315	0.01328	0.00746	0.00617	0.01453
2	0.61371	0.02158	0.01837	0.07443	0.02768	0.02522	0.01421	0.03263	0.01951	0.04819	0.01613	0.01953	0.01249	0.01053	0.00742	0.00351	0.00937	0.00651	0.00676	0.01222
3	0.02438	0.01991	0.09180	0.06176	0.02840	0.01471	0.01762	0.02945	0.02635	0.15191	0.12197	0.21720	0.10349	0.02253	0.01263	0.00388	0.00903	0.01963	0.01033	0.01303
4	0.01384	0.01004	0.01307	0.01523	0.01627	0.00927	0.01031	0.01610	0.02260	0.03002	0.09903	0.52299	0.11191	0.03387	0.01421	0.00444	0.00638	0.03054	0.01059	0.00927
5	0.18499	0.02160	0.02934	0.31689	0.09499	0.02564	0.02492	0.03480	0.09318	0.03740	0.02278	0.02870	0.01736	0.01154	0.01022	0.00366	0.01244	0.00944	0.00646	0.01364
6	0.01479	0.01132	0.01355	0.01328	0.01619	0.01009	0.00985	0.01892	0.02874	0.03840	0.33842	0.13572	0.25786	0.02603	0.01338	0.00372	0.00555	0.02257	0.01152	0.01009
7	0.02362	0.13496	0.47852	0.03030	0.04596	0.02869	0.03849	0.03537	0.02364	0.03437	0.01957	0.02297	0.01428	0.01055	0.01021	0.00340	0.01600	0.00800	0.00476	0.01633
8	0.03009	0.61122	0.05898	0.01926	0.02889	0.04454	0.01926	0.03370	0.02287	0.02648	0.01565	0.01805	0.01444	0.00963	0.00722	0.00241	0.01204	0.00602	0.00481	0.01444
9	0.01447	0.01145	0.01302	0.01262	0.01592	0.01000	0.00947	0.01841	0.02840	0.03693	0.29764	0.09757	0.34197	0.02607	0.01329	0.00369	0.00553	0.02225	0.01131	0.01000
10	0.01371	0.00979	0.01306	0.01567	0.01632	0.00914	0.01045	0.01567	0.02155	0.02873	0.06203	0.59710	0.07444	0.03526	0.01437	0.00457	0.00653	0.03200	0.01045	0.00914
11	0.02304	0.02001	0.02485	0.09796	0.03404	0.01645	0.01593	0.02840	0.02322	0.03553	0.02001	0.02431	0.01643	0.00876	0.00876	0.00197	0.00930	0.00715	0.00643	0.57747
12	0.01461	0.01029	0.01318	0.01471	0.01551	0.00974	0.00968	0.01663	0.02192	0.02961	0.12384	0.40881	0.07175	0.15736	0.02355	0.00580	0.00731	0.02691	0.00994	0.00885
13	0.01527	0.01045	0.01260	0.01368	0.01395	0.01018	0.00832	0.01608	0.01851	0.02468	0.04645	0.29003	0.05478	0.36917	0.03954	0.00829	0.00910	0.02283	0.00832	0.00778
14	0.02334	0.02001	0.02334	0.01667	0.02667	0.01500	0.01334	0.02834	0.02334	0.03668	0.02001	0.02334	0.01667	0.00834	0.00834	0.00167	0.00834	0.00667	0.00667	0.67325
15	0.03009	0.61122	0.05898	0.01926	0.02889	0.04454	0.01926	0.03370	0.02287	0.02648	0.01565	0.01805	0.01444	0.00963	0.00722	0.00241	0.01204	0.00602	0.00481	0.01444
16	0.01637	0.01091	0.01228	0.01228	0.01228	0.01091	0.00682	0.01637	0.01637	0.02182	0.03546	0.07365	0.04092	0.60445	0.05729	0.01091	0.01091	0.01637	0.00682	0.00682
17	0.02196	0.10302	0.02680	0.09541	0.03033	0.02220	0.01667	0.03444	0.15864	0.04068	0.25394	0.05571	0.06096	0.01736	0.01163	0.00348	0.00860	0.01479	0.01001	0.01337
18	0.02574	0.02416	0.10322	0.02574	0.08130	0.01934	0.02072	0.03763	0.13099	0.11306	0.15106	0.05896	0.08802	0.01793	0.01218	0.00373	0.00973	0.05134	0.01019	0.01495
19	0.01336	0.01118	0.01163	0.01199	0.01536	0.00945	0.00881	0.01609	0.02508	0.03017	0.10681	0.17615	0.46649	0.02944	0.01345	0.00391	0.00582	0.02490	0.01045	0.00945
20	0.03009	0.61122	0.05898	0.01926	0.02889	0.04454	0.01926	0.03370	0.02287	0.02648	0.01565	0.01805	0.01444	0.00963	0.00722	0.00241	0.01204	0.00602	0.00481	0.01444
21	0.03646	0.12713	0.10327	0.02268	0.03112	0.13968	0.02073	0.04172	0.02940	0.20402	0.10065	0.03572	0.03224	0.01359	0.01060	0.00320	0.01267	0.01047	0.00918	0.01547
22	0.02164	0.01211	0.01536	0.01424	0.01621	0.01149	0.00966	0.02302	0.02259	0.10318	0.16683	0.06585	0.05358	0.28433	0.03696	0.09968	0.00906	0.01579	0.00908	0.00936
23	0.02607	0.02558	0.04555	0.19060	0.35865	0.02655	0.09531	0.03333	0.02499	0.03471	0.02110	0.02872	0.01704	0.01026	0.01146	0.00350	0.01452	0.01046	0.00545	0.01617
24	0.03343	0.40025	0.04686	0.01905	0.02853	0.03433	0.01783	0.03740	0.02491	0.13703	0.02236	0.02311	0.01761	0.01035	0.00825	0.00253	0.01098	0.00723	0.00701	0.11095
25	0.03674	0.01581	0.02108	0.01771	0.02335	0.01404	0.01366	0.04015	0.02816	0.34246	0.08570	0.13794	0.04375	0.10375	0.01864	0.00474	0.00893	0.01615	0.01221	0.01504
26	0.01479	0.01133	0.01355	0.01328	0.01618	0.01009	0.00985	0.01892	0.02874	0.03840	0.33849	0.13507	0.25847	0.02603	0.01337	0.00372	0.00555	0.02255	0.01152	0.01009
27	0.01697	0.01011	0.01191	0.01335	0.01489	0.00975	0.00929	0.02040	0.02247	0.03466	0.05070	0.34848	0.05402	0.02534	0.01146	0.00370	0.00595	0.02237	0.30446	0.00975
28	0.03575	0.15976	0.09458	0.02920	0.07473	0.10301	0.06207	0.07532	0.06927	0.14868	0.02708	0.02787	0.01987	0.01173	0.01035	0.00321	0.01357	0.00938	0.00811	0.01647
29	0.03954	0.11352	0.11011	0.02477	0.03491	0.03152	0.02311	0.28250	0.04063	0.14826	0.02772	0.02743	0.01942	0.01264	0.01063	0.00329	0.01242	0.00952	0.00992	0.01813
30	0.01371	0.00979	0.01306	0.01567	0.01632	0.00914	0.01045	0.01567	0.02155	0.02873	0.06203	0.59710	0.07444	0.03526	0.01437	0.00457	0.00653	0.03200	0.01045	0.00914
31	0.02831	0.03915	0.26262	0.03401	0.11114	0.02608	0.03143	0.04117	0.10412	0.10703	0.02728	0.02943	0.01998	0.01274	0.01375	0.00371	0.07405	0.00986	0.00725	0.01689
32	0.03236	0.07303	0.11675	0.14885	0.09627	0.02485	0.02611	0.04298	0.09714	0.18288	0.03068	0.03200	0.02169	0.01227	0.01089	0.00350	0.01240	0.01020	0.00855	0.01660
33	0.01894	0.01635	0.02520	0.17865	0.03793	0.02049	0.02066	0.02369	0.01920	0.02703	0.02477	0.03700	0.02224	0.05314	0.31926	0.01188	0.11577	0.01112	0.00556	0.01111
34	0.12273	0.11381	0.03672	0.11546	0.04083	0.19447	0.07090	0.03966	0.02689	0.10616	0.02183	0.02497	0.01647	0.01123	0.01000	0.00323	0.01504	0.00860	0.00686	0.01415
35	0.21983	0.02834	0.03114	0.06680	0.07692	0.08401	0.05874	0.14129	0.07148	0.08198	0.02420	0.02640	0.01797	0.01183	0.01010	0.00346	0.01251	0.00922	0.00829	0.01551
36	0.03083	0.11922	0.20235	0.10547	0.04666	0.02672	0.10356	0.03909	0.02594	0.15505	0.02574	0.02836	0.01811	0.01120	0.01083	0.00344	0.01442	0.00974	0.00715	0.01611
37	0.01389	0.01142	0.01221	0.01201	0.01556	0.00975	0.00901	0.01728	0.02703	0.03368	0.20608	0.10293	0.43556	0.02728	0.01330	0.00374	0.00561	0.02300	0.01088	0.00975

[dist]
# distance from previous block
# <min> <max>
19	36

[block]
# block no. 8 follows, 11 sequences, length 31
# corresponding to MSA columns:
# 1585-1615
name=unknown_I
#
# <colnr> <probs for GDERKNQSTAVLIFYWHMCP>
#	G	D	E	R	K	N	Q	S	T	A	V	L	I	F	Y	W	H	M	C	P
0	0.03172	0.31716	0.09750	0.02545	0.03555	0.03553	0.08860	0.07846	0.07170	0.08320	0.02354	0.02521	0.01829	0.01096	0.00953	0.00303	0.01297	0.00873	0.00696	0.01591
1	0.01435	0.01105	0.01323	0.01427	0.01671	0.00993	0.01055	0.01752	0.02519	0.03231	0.14944	0.27089	0.26483	0.03028	0.01391	0.00418	0.00644	0.07458	0.01072	0.00964
2	0.08491	0.08736	0.17163	0.14363	0.09009	0.02650	0.02802	0.03907	0.07909	0.10620	0.02564	0.02848	0.01871	0.01159	0.01037	0.00348	0.01304	0.00932	0.00710	0.01577
3	0.03090	0.08264	0.12713	0.06402	0.03976	0.02279	0.12046	0.03783	0.02703	0.18252	0.06785	0.08619	0.03104	0.01447	0.01165	0.00358	0.01277	0.01316	0.00873	0.01547
4	0.01476	0.01082	0.01410	0.01633	0.01792	0.01015	0.01211	0.01766	0.02323	0.03021	0.06882	0.40972	0.13678	0.03326	0.01451	0.00461	0.00737	0.13773	0.01043	0.00950
5	0.02861	0.03931	0.26392	0.13333	0.05148	0.02574	0.09863	0.07935	0.02777	0.10759	0.02450	0.02817	0.01712	0.01133	0.01130	0.00360	0.01530	0.00992	0.00680	0.01624
6	0.10520	0.02422	0.03339	0.02650	0.03337	0.02632	0.10243	0.10610	0.11865	0.12545	0.07268	0.03577	0.02907	0.01452	0.01492	0.00379	0.09067	0.01175	0.00947	0.01574
7	0.02396	0.02332	0.04122	0.35546	0.22167	0.02595	0.08391	0.03142	0.02396	0.03214	0.02069	0.02936	0.01614	0.01066	0.01144	0.00363	0.01492	0.01038	0.00526	0.01451
8	0.03060	0.11003	0.07761	0.02197	0.03000	0.02795	0.01953	0.15536	0.16595	0.08029	0.08219	0.04265	0.07706	0.01540	0.01105	0.00344	0.01037	0.01230	0.01000	0.01627
9	0.20278	0.01646	0.01835	0.01630	0.02190	0.01630	0.01287	0.03335	0.02475	0.19926	0.05041	0.12557	0.11997	0.02527	0.06253	0.00507	0.01016	0.01517	0.01023	0.01331
10	0.02644	0.02212	0.09574	0.07208	0.03108	0.01739	0.01895	0.03557	0.08315	0.15551	0.20364	0.05742	0.09824	0.01771	0.01206	0.00361	0.00926	0.01505	0.01067	0.01432
11	0.01410	0.01070	0.01299	0.01397	0.01608	0.00960	0.00989	0.01712	0.02524	0.03307	0.18676	0.32293	0.22625	0.03027	0.01378	0.00409	0.00598	0.02668	0.01090	0.00960
12	0.09281	0.26475	0.04258	0.02537	0.07743	0.03529	0.02016	0.17846	0.03226	0.04455	0.02015	0.02231	0.01624	0.01084	0.00894	0.00283	0.01162	0.00775	0.00728	0.07838
13	0.08773	0.01967	0.02550	0.02718	0.11455	0.01959	0.01779	0.10587	0.02939	0.15966	0.04299	0.11755	0.08506	0.01974	0.01452	0.06459	0.00979	0.01456	0.00973	0.01456
14	0.07643	0.18956	0.15777	0.07586	0.03846	0.03024	0.02491	0.10202	0.02881	0.13854	0.02439	0.02579	0.01761	0.01147	0.00977	0.00322	0.01274	0.00856	0.00766	0.01621
15	0.02483	0.04312	0.29783	0.03541	0.04852	0.02722	0.18363	0.04009	0.11218	0.03782	0.02560	0.02915	0.01876	0.01112	0.01167	0.00368	0.01601	0.01071	0.00625	0.01637
16	0.02538	0.01999	0.02732	0.07447	0.12040	0.01744	0.01862	0.03050	0.02429	0.08146	0.02714	0.09016	0.02421	0.01241	0.01003	0.00264	0.00972	0.01081	0.00742	0.36562
17	0.02098	0.01049	0.01049	0.01049	0.01311	0.01049	0.00787	0.02623	0.02360	0.04196	0.03672	0.04196	0.02885	0.01311	0.00787	0.00262	0.00525	0.01049	0.66693	0.01049
18	0.03790	0.01758	0.02262	0.01883	0.02517	0.01641	0.01479	0.04554	0.09637	0.33621	0.08987	0.09852	0.04142	0.06650	0.01566	0.00426	0.00892	0.01471	0.01252	0.01621
19	0.02307	0.02804	0.12487	0.35338	0.10875	0.02580	0.03149	0.03495	0.09293	0.03335	0.02382	0.03040	0.01789	0.01161	0.01117	0.00369	0.01427	0.01009	0.00593	0.01450
20	0.02098	0.01049	0.01049	0.01049	0.01311	0.01049	0.00787	0.02623	0.02360	0.04196	0.03672	0.04196	0.02885	0.01311	0.00787	0.00262	0.00525	0.01049	0.66693	0.01049
21	0.59062	0.02247	0.02069	0.02252	0.09467	0.02546	0.01537	0.03329	0.02008	0.04855	0.01645	0.01965	0.01299	0.01039	0.00756	0.00346	0.00937	0.00665	0.00677	0.01299
22	0.08314	0.02169	0.03489	0.41117	0.17573	0.02542	0.03026	0.03046	0.02291	0.03255	0.01987	0.02845	0.01539	0.01090	0.01084	0.00363	0.01406	0.00965	0.00531	0.01368
23	0.02982	0.02195	0.02550	0.01868	0.02836	0.01870	0.01512	0.11430	0.02957	0.09918	0.02397	0.02566	0.01836	0.00988	0.00919	0.00217	0.00919	0.00780	0.00829	0.48430
24	0.01448	0.01105	0.01331	0.01358	0.01614	0.00987	0.00987	0.01813	0.02720	0.03605	0.27172	0.21775	0.24428	0.02790	0.01355	0.00388	0.00574	0.02437	0.01125	0.00987
25	0.10286	0.02322	0.02843	0.02321	0.02928	0.02526	0.05774	0.22102	0.03630	0.05214	0.11875	0.11742	0.04125	0.01802	0.01346	0.00373	0.04846	0.01486	0.00997	0.01463
26	0.08568	0.02653	0.10305	0.20230	0.04883	0.02359	0.06936	0.07737	0.02813	0.12906	0.07151	0.03433	0.02588	0.01270	0.01120	0.00361	0.01297	0.01094	0.00804	0.01492
27	0.02502	0.02232	0.02600	0.02160	0.02784	0.09204	0.06733	0.02937	0.02585	0.07037	0.07976	0.18673	0.04117	0.01802	0.01146	0.00317	0.01055	0.01598	0.00851	0.21690
28	0.12070	0.02014	0.02461	0.11664	0.03531	0.01845	0.01680	0.03275	0.02382	0.10702	0.02276	0.02587	0.01728	0.00993	0.00907	0.00255	0.00975	0.00782	0.00742	0.37131
29	0.02086	0.01702	0.02398	0.02788	0.14002	0.01535	0.01655	0.02436	0.02305	0.03325	0.08588	0.13888	0.03970	0.07239	0.01845	0.06712	0.00923	0.01467	0.00757	0.20378
30	0.02714	0.01806	0.02187	0.01951	0.02466	0.01789	0.01555	0.14471	0.03306	0.10064	0.11327	0.18165	0.05279	0.02244	0.01274	0.00384	0.00902	0.09608	0.01096	0.07410

[dist]
# distance from previous block
# <min> <max>
0	11

[block]
# block no. 9 follows, 11 sequences, length 30
# corresponding to MSA columns:
# 1627-1656
name=unknown_J
#
# <colnr> <probs for GDERKNQSTAVLIFYWHMCP>
#	G	D	E	R	K	N	Q	S	T	A	V	L	I	F	Y	W	H	M	C	P
0	0.02951	0.16851	0.12745	0.02234	0.03197	0.02973	0.02168	0.13912	0.09739	0.04367	0.02584	0.02746	0.01994	0.01166	0.00953	0.00296	0.01137	0.00881	0.07528	0.09580
1	0.10004	0.16349	0.10057	0.02300	0.03161	0.03116	0.02152	0.10443	0.11002	0.11433	0.02694	0.02758	0.02015	0.01286	0.01218	0.00342	0.06304	0.00912	0.00836	0.01619
2	0.12194	0.01631	0.01870	0.01681	0.02147	0.01638	0.01297	0.08571	0.02952	0.13459	0.15591	0.17930	0.05427	0.02058	0.01161	0.00368	0.00772	0.01745	0.06203	0.01306
3	0.03111	0.19225	0.03526	0.01896	0.02857	0.02615	0.01643	0.09004	0.02792	0.10220	0.02270	0.02416	0.01775	0.01005	0.00875	0.00232	0.01005	0.00749	0.00761	0.32020
4	0.03055	0.21208	0.16677	0.02860	0.03922	0.03482	0.09069	0.14844	0.03058	0.04100	0.02045	0.02382	0.01595	0.01160	0.01218	0.00331	0.05850	0.00887	0.00652	0.01606
5	0.41478	0.01981	0.01916	0.07600	0.02784	0.02172	0.01423	0.03332	0.02161	0.09021	0.02168	0.02469	0.01633	0.01098	0.00806	0.00324	0.00902	0.00758	0.08735	0.07237
6	0.33765	0.02722	0.02201	0.01894	0.02570	0.12026	0.01515	0.09613	0.02782	0.10761	0.02320	0.02476	0.01720	0.01176	0.00871	0.00327	0.01100	0.00793	0.07980	0.01389
7	0.03544	0.08278	0.02935	0.02468	0.08752	0.01929	0.01751	0.03964	0.02735	0.26779	0.03854	0.13385	0.03218	0.01613	0.01102	0.00331	0.00960	0.01373	0.01037	0.09993
8	0.01400	0.01022	0.01319	0.01501	0.01628	0.00940	0.01028	0.01656	0.02352	0.03136	0.13730	0.47003	0.12589	0.03273	0.01409	0.00434	0.00626	0.02941	0.01074	0.00940
9	0.03434	0.02228	0.02992	0.02201	0.03164	0.01938	0.06456	0.09675	0.03011	0.19349	0.02855	0.02905	0.02040	0.01080	0.01012	0.00265	0.01032	0.00919	0.00934	0.32510
10	0.02505	0.02409	0.03932	0.03468	0.12736	0.02086	0.15026	0.03160	0.02465	0.03652	0.02098	0.02610	0.01699	0.00896	0.01021	0.00256	0.01220	0.00911	0.00620	0.37228
11	0.01582	0.01090	0.01336	0.01377	0.01433	0.01097	0.00867	0.01707	0.01865	0.02531	0.07530	0.16531	0.05008	0.39322	0.11030	0.01014	0.01216	0.01893	0.00778	0.00793
12	0.01611	0.01194	0.01749	0.01749	0.01930	0.01375	0.01333	0.01972	0.01791	0.02569	0.03069	0.04724	0.02945	0.13774	0.50830	0.01735	0.02818	0.01250	0.00611	0.00972
13	0.01947	0.01193	0.01580	0.01532	0.01811	0.01090	0.01129	0.02367	0.02886	0.10053	0.33212	0.22984	0.08734	0.02552	0.01336	0.00384	0.00619	0.02269	0.01200	0.01122
14	0.01637	0.01091	0.01228	0.01228	0.01228	0.01091	0.00682	0.01637	0.01637	0.02182	0.03546	0.07365	0.04092	0.60445	0.05729	0.01091	0.01091	0.01637	0.00682	0.00682
15	0.02334	0.02001	0.02334	0.01667	0.02667	0.01500	0.01334	0.02834	0.02334	0.03668	0.02001	0.02334	0.01667	0.00834	0.00834	0.00167	0.00834	0.00667	0.00667	0.67325
16	0.02422	0.01682	0.01741	0.01623	0.02058	0.01858	0.01247	0.04175	0.25029	0.04433	0.04092	0.04198	0.03140	0.01411	0.00953	0.00318	0.00694	0.01152	0.36388	0.01388
17	0.48500	0.02864	0.11326	0.01890	0.02754	0.02574	0.01818	0.03679	0.07996	0.04740	0.02014	0.02215	0.01525	0.01108	0.00818	0.00354	0.01016	0.00730	0.00711	0.01367
18	0.02708	0.02724	0.02353	0.02307	0.02640	0.19265	0.01868	0.03120	0.02649	0.03203	0.03731	0.06822	0.03744	0.02091	0.01533	0.00406	0.08240	0.19592	0.09854	0.01149
19	0.12792	0.01855	0.02320	0.01833	0.02615	0.01699	0.01505	0.04897	0.02962	0.42517	0.03991	0.03616	0.02597	0.01340	0.01039	0.00339	0.00900	0.01056	0.08394	0.01733
20	0.01625	0.01139	0.01472	0.01472	0.01557	0.01224	0.00987	0.01794	0.01709	0.02363	0.03323	0.06127	0.03554	0.38567	0.26872	0.01393	0.01900	0.01456	0.00649	0.00818
21	0.02462	0.02462	0.03447	0.02955	0.02955	0.03447	0.02462	0.02709	0.01724	0.02709	0.01477	0.02462	0.01477	0.01970	0.03694	0.00492	0.58385	0.00985	0.00492	0.01231
22	0.19709	0.02019	0.02114	0.01801	0.02432	0.02160	0.01442	0.09840	0.11745	0.13958	0.10083	0.03922	0.03486	0.01439	0.01009	0.00343	0.00848	0.01125	0.09033	0.01493
23	0.03549	0.02840	0.11984	0.02313	0.03214	0.02303	0.02146	0.11303	0.14726	0.21473	0.08747	0.03961	0.03371	0.01453	0.01143	0.00357	0.01066	0.01186	0.01114	0.01751
24	0.02098	0.01049	0.01049	0.01049	0.01311	0.01049	0.00787	0.02623	0.02360	0.04196	0.03672	0.04196	0.02885	0.01311	0.00787	0.00262	0.00525	0.01049	0.66693	0.01049
25	0.01546	0.00996	0.01244	0.01443	0.01555	0.00947	0.00983	0.01821	0.02204	0.03191	0.05596	0.46380	0.06349	0.02994	0.01281	0.00410	0.00622	0.02683	0.16808	0.00947
26	0.02883	0.01386	0.01807	0.01642	0.02089	0.01235	0.01249	0.03247	0.02754	0.23217	0.11736	0.22961	0.09810	0.02317	0.01247	0.00380	0.00740	0.02015	0.05947	0.01337
27	0.03449	0.02958	0.15167	0.19154	0.04865	0.02278	0.02727	0.07670	0.02890	0.23116	0.02998	0.03150	0.02010	0.01233	0.01115	0.00357	0.01310	0.01012	0.00886	0.01655
28	0.02808	0.04345	0.33179	0.12835	0.04987	0.02566	0.03434	0.08691	0.02778	0.10269	0.02399	0.02710	0.01665	0.01151	0.01094	0.00357	0.01498	0.00920	0.00667	0.01648
29	0.02917	0.01537	0.01967	0.01684	0.02208	0.01422	0.01323	0.03636	0.07509	0.22167	0.28179	0.06569	0.10253	0.01947	0.01241	0.00356	0.00719	0.01669	0.01271	0.01424

[dist]
# distance from previous block
# <min> <max>
0	12

[block]
# block no. 10 follows, 11 sequences, length 10
# corresponding to MSA columns:
# 1669-1678
name=unknown_K
#
# <colnr> <probs for GDERKNQSTAVLIFYWHMCP>
#	G	D	E	R	K	N	Q	S	T	A	V	L	I	F	Y	W	H	M	C	P
0	0.10890	0.02125	0.03422	0.02801	0.03340	0.02256	0.16393	0.03071	0.07768	0.03574	0.03599	0.21053	0.03643	0.01977	0.01553	0.00414	0.08266	0.01783	0.00793	0.01280
1	0.04291	0.02832	0.09642	0.02356	0.03323	0.02410	0.02136	0.18440	0.07221	0.29945	0.03616	0.03331	0.02395	0.01348	0.01123	0.00349	0.01129	0.01067	0.01175	0.01872
2	0.01851	0.01121	0.01459	0.01576	0.01783	0.01016	0.01103	0.02088	0.02342	0.09648	0.06568	0.46750	0.12051	0.03168	0.01384	0.00434	0.00684	0.02833	0.01091	0.01050
3	0.01962	0.01261	0.01695	0.01846	0.02128	0.01200	0.01511	0.02369	0.02541	0.08037	0.06433	0.23243	0.11126	0.03023	0.01462	0.00473	0.00887	0.26648	0.01073	0.01081
4	0.03004	0.08959	0.07940	0.08448	0.07439	0.02300	0.02129	0.09442	0.03034	0.14282	0.11438	0.09627	0.03952	0.01617	0.01141	0.00349	0.01076	0.01366	0.00943	0.01511
5	0.02832	0.02231	0.09353	0.19900	0.04348	0.01882	0.02273	0.03489	0.02660	0.17432	0.09713	0.07323	0.03504	0.01503	0.01137	0.00358	0.01116	0.01285	0.06232	0.01427
6	0.01396	0.01020	0.01313	0.01499	0.01626	0.00938	0.01026	0.01645	0.02336	0.03107	0.12891	0.47494	0.12984	0.03290	0.01410	0.00435	0.00628	0.02955	0.01070	0.00938
