[name]
unknown

[dist]
# distance from previous block
# <min> <max>
8	258

[block]
# block no. 0 follows, 12 sequences, length 28
# corresponding to MSA columns:
# 260-287
name=unknown_A
#
# <colnr> <probs for GDERKNQSTAVLIFYWHMCP>
#	G	D	E	R	K	N	Q	S	T	A	V	L	I	F	Y	W	H	M	C	P
0	0.02915	0.02240	0.02772	0.25007	0.04612	0.06893	0.02162	0.10432	0.02915	0.11117	0.06531	0.03347	0.02482	0.01245	0.01053	0.00324	0.01198	0.01026	0.05866	0.05862
1	0.11084	0.01988	0.02127	0.09923	0.02978	0.07109	0.01583	0.07053	0.02760	0.10544	0.12199	0.14258	0.08358	0.01860	0.01128	0.00356	0.00967	0.01553	0.00932	0.01242
2	0.08004	0.01824	0.02258	0.06758	0.02845	0.01905	0.01582	0.07707	0.09187	0.17120	0.06527	0.04020	0.03017	0.07198	0.11132	0.00634	0.01303	0.01138	0.00939	0.04903
3	0.05630	0.01821	0.02711	0.23935	0.04423	0.01974	0.05781	0.06274	0.02570	0.03666	0.11049	0.09334	0.03587	0.01488	0.01100	0.00340	0.01084	0.01321	0.04976	0.06936
4	0.23948	0.02148	0.02632	0.10663	0.14383	0.02266	0.01963	0.07054	0.02434	0.04103	0.02769	0.03117	0.06621	0.01180	0.00934	0.00315	0.01023	0.00933	0.00683	0.10831
5	0.07384	0.02246	0.03000	0.23829	0.08645	0.02532	0.02331	0.15746	0.06331	0.08581	0.06415	0.03276	0.02451	0.01265	0.01078	0.00346	0.01183	0.01050	0.00823	0.01487
6	0.19596	0.01691	0.02132	0.19855	0.03704	0.01889	0.01736	0.02903	0.02419	0.08352	0.15667	0.04123	0.03873	0.01400	0.01008	0.00341	0.00935	0.01144	0.06038	0.01196
7	0.08520	0.02217	0.02809	0.07690	0.03316	0.02325	0.05870	0.16767	0.06881	0.11147	0.02874	0.03611	0.02312	0.11645	0.01825	0.00453	0.01134	0.01087	0.00879	0.06640
8	0.03109	0.02439	0.03060	0.30664	0.05295	0.07770	0.02444	0.10852	0.07000	0.12664	0.02627	0.03006	0.01876	0.01203	0.01083	0.00346	0.01326	0.00989	0.00783	0.01466
9	0.02508	0.02201	0.04130	0.29069	0.05875	0.02325	0.19365	0.03225	0.02418	0.09127	0.02619	0.07510	0.02113	0.01241	0.01183	0.00368	0.01463	0.01259	0.00648	0.01351
10	0.07936	0.02390	0.03452	0.17638	0.04538	0.06963	0.14130	0.06245	0.02536	0.03579	0.02469	0.07314	0.02096	0.01236	0.01066	0.00333	0.01321	0.01141	0.07140	0.06478
11	0.14003	0.01769	0.02151	0.07577	0.06729	0.01879	0.01591	0.07135	0.06109	0.08498	0.16621	0.08789	0.04580	0.01629	0.01070	0.00343	0.00847	0.01368	0.06012	0.01300
12	0.01963	0.01914	0.10915	0.01775	0.02236	0.01303	0.01571	0.02423	0.02429	0.09302	0.16179	0.26626	0.06089	0.08139	0.01675	0.00450	0.00849	0.02061	0.00966	0.01135
13	0.02732	0.03061	0.12324	0.15282	0.04422	0.06750	0.06644	0.15544	0.03234	0.04299	0.11507	0.03596	0.03142	0.01330	0.01125	0.00341	0.01320	0.01130	0.00778	0.01441
14	0.01821	0.01239	0.01580	0.01506	0.01798	0.01186	0.01123	0.02494	0.07203	0.07389	0.38471	0.16641	0.08673	0.02314	0.01277	0.00362	0.00591	0.02047	0.01169	0.01117
15	0.02316	0.02592	0.10995	0.14356	0.11399	0.02175	0.06111	0.06606	0.02422	0.03417	0.02254	0.03154	0.01895	0.06922	0.06888	0.00512	0.01460	0.00987	0.00594	0.12947
16	0.04437	0.01870	0.02484	0.01884	0.02749	0.01577	0.01549	0.04870	0.02972	0.46632	0.03893	0.03461	0.02512	0.01256	0.01047	0.00307	0.00907	0.01019	0.01228	0.13348
17	0.04306	0.02144	0.03046	0.03109	0.15048	0.02007	0.02057	0.09307	0.03166	0.38704	0.03611	0.03368	0.02389	0.01257	0.01092	0.00333	0.01040	0.01056	0.01135	0.01825
18	0.02558	0.03065	0.13252	0.10336	0.42353	0.02567	0.03438	0.03319	0.02427	0.03480	0.02025	0.02647	0.01645	0.00992	0.01073	0.00331	0.01363	0.00943	0.00522	0.01665
19	0.02657	0.13379	0.12291	0.02311	0.03155	0.02961	0.02148	0.04948	0.35318	0.04021	0.03499	0.03358	0.02655	0.01307	0.01025	0.00342	0.01045	0.01046	0.00885	0.01649
20	0.15247	0.02446	0.07023	0.01999	0.02904	0.02115	0.01768	0.12407	0.03043	0.25360	0.02939	0.02827	0.01999	0.01169	0.00970	0.00308	0.01000	0.00890	0.00997	0.12591
21	0.03334	0.28742	0.04816	0.02664	0.03532	0.15924	0.10435	0.11922	0.02984	0.03500	0.01866	0.02156	0.01524	0.01039	0.00934	0.00284	0.01470	0.00801	0.00612	0.01460
22	0.69383	0.02109	0.01603	0.01434	0.02109	0.02446	0.01181	0.03205	0.01856	0.04892	0.01518	0.01771	0.01181	0.01012	0.00675	0.00337	0.00843	0.00590	0.00675	0.01181
23	0.02226	0.01938	0.02435	0.11544	0.03435	0.01621	0.01592	0.02752	0.02247	0.03420	0.01938	0.02373	0.01587	0.00856	0.00856	0.00196	0.00919	0.00702	0.00618	0.56742
24	0.02529	0.02319	0.03665	0.28937	0.25780	0.02587	0.02972	0.06939	0.06855	0.03558	0.02248	0.02901	0.01754	0.01092	0.01088	0.00345	0.01320	0.00993	0.00606	0.01511
25	0.01434	0.01061	0.01339	0.01374	0.01588	0.00966	0.00991	0.01807	0.02673	0.03638	0.32001	0.25194	0.16530	0.02691	0.01320	0.00379	0.00558	0.02381	0.01110	0.00966
26	0.03533	0.01517	0.02022	0.01703	0.02274	0.01343	0.01343	0.03936	0.02865	0.34461	0.11946	0.14296	0.04612	0.01830	0.01147	0.00349	0.00779	0.01566	0.06981	0.01493
27	0.01312	0.01078	0.01155	0.01193	0.01501	0.00921	0.00873	0.01588	0.02455	0.03008	0.12908	0.19070	0.43485	0.02841	0.01306	0.00379	0.00564	0.02418	0.01024	0.00921

[dist]
# distance from previous block
# <min> <max>
0	5

[block]
# block no. 1 follows, 12 sequences, length 65
# corresponding to MSA columns:
# 299-330,354-386
name=unknown_B
#
# <colnr> <probs for GDERKNQSTAVLIFYWHMCP>
#	G	D	E	R	K	N	Q	S	T	A	V	L	I	F	Y	W	H	M	C	P
0	0.03300	0.01960	0.07680	0.01839	0.02533	0.01475	0.01631	0.03846	0.03022	0.30147	0.23620	0.05299	0.05531	0.01661	0.01164	0.00340	0.00837	0.01409	0.01199	0.01507
1	0.62395	0.02091	0.01671	0.01453	0.02158	0.02343	0.01192	0.03157	0.01898	0.04753	0.01562	0.01822	0.01226	0.00991	0.00689	0.00319	0.00840	0.00596	0.00672	0.08173
2	0.08521	0.01215	0.01357	0.01290	0.01628	0.01141	0.00979	0.02015	0.02761	0.03957	0.34588	0.08253	0.23854	0.02277	0.01223	0.00351	0.00561	0.01936	0.01084	0.01009
3	0.02802	0.02408	0.02626	0.02311	0.02885	0.02835	0.01825	0.09400	0.43437	0.04560	0.03967	0.03767	0.03003	0.01509	0.01365	0.00377	0.07015	0.01182	0.01042	0.01681
4	0.69383	0.02109	0.01603	0.01434	0.02109	0.02446	0.01181	0.03205	0.01856	0.04892	0.01518	0.01771	0.01181	0.01012	0.00675	0.00337	0.00843	0.00590	0.00675	0.01181
5	0.04892	0.01856	0.02530	0.01940	0.02783	0.01603	0.01603	0.05314	0.03121	0.55634	0.04302	0.03711	0.02699	0.01350	0.01096	0.00337	0.00928	0.01096	0.01350	0.01856
6	0.01543	0.01115	0.01457	0.01372	0.01629	0.01029	0.01029	0.02058	0.03086	0.04372	0.54304	0.08145	0.10288	0.02229	0.01286	0.00343	0.00514	0.01972	0.01200	0.01029
7	0.69383	0.02109	0.01603	0.01434	0.02109	0.02446	0.01181	0.03205	0.01856	0.04892	0.01518	0.01771	0.01181	0.01012	0.00675	0.00337	0.00843	0.00590	0.00675	0.01181
8	0.02574	0.02941	0.06434	0.04596	0.05699	0.02757	0.50919	0.03493	0.02574	0.03493	0.02206	0.02941	0.01654	0.00919	0.01287	0.00368	0.01838	0.01287	0.00551	0.01471
9	0.02187	0.05640	0.56031	0.03108	0.04719	0.02532	0.04029	0.03453	0.02302	0.03453	0.01957	0.02302	0.01381	0.01036	0.01036	0.00345	0.01611	0.00806	0.00460	0.01611
10	0.01586	0.01057	0.01189	0.01189	0.01189	0.01057	0.00661	0.01586	0.01586	0.02114	0.03436	0.07135	0.03964	0.61681	0.05550	0.01057	0.01057	0.01586	0.00661	0.00661
11	0.01325	0.00962	0.01251	0.01482	0.01572	0.00889	0.00996	0.01522	0.02122	0.02797	0.06446	0.56598	0.11301	0.03359	0.01383	0.00436	0.00626	0.03031	0.01012	0.00889
12	0.02259	0.02062	0.03024	0.41680	0.06080	0.02511	0.02630	0.03706	0.17692	0.03329	0.02702	0.03262	0.02027	0.01209	0.01096	0.00365	0.01273	0.01050	0.00676	0.01369
13	0.01543	0.01115	0.01457	0.01372	0.01629	0.01029	0.01029	0.02058	0.03086	0.04372	0.54304	0.08145	0.10288	0.02229	0.01286	0.00343	0.00514	0.01972	0.01200	0.01029
14	0.01325	0.00962	0.01252	0.01485	0.01573	0.00888	0.00997	0.01522	0.02120	0.02797	0.06419	0.56864	0.11053	0.03363	0.01383	0.00437	0.00626	0.03035	0.01012	0.00888
15	0.02753	0.02480	0.03480	0.08599	0.24124	0.02767	0.02579	0.08420	0.18958	0.04031	0.02803	0.03119	0.02205	0.01274	0.01351	0.00358	0.07237	0.01055	0.00764	0.01642
16	0.02221	0.05403	0.51673	0.03238	0.04805	0.02552	0.08149	0.03457	0.02326	0.03457	0.01979	0.02358	0.01405	0.01026	0.01058	0.00347	0.01631	0.00848	0.00468	0.01599
17	0.02059	0.01938	0.03270	0.59060	0.07510	0.02422	0.03028	0.02786	0.02180	0.02786	0.01938	0.02907	0.01453	0.01090	0.01090	0.00363	0.01453	0.00969	0.00484	0.01211
18	0.03673	0.19208	0.03852	0.02890	0.07418	0.39664	0.02148	0.04001	0.02823	0.02716	0.01673	0.01972	0.01429	0.01064	0.00920	0.00273	0.01713	0.00694	0.00536	0.01335
19	0.01586	0.01057	0.01189	0.01189	0.01189	0.01057	0.00661	0.01586	0.01586	0.02114	0.03436	0.07135	0.03964	0.61681	0.05550	0.01057	0.01057	0.01586	0.00661	0.00661
20	0.02261	0.01938	0.02261	0.01615	0.02584	0.01453	0.01292	0.02745	0.02261	0.03553	0.01938	0.02261	0.01615	0.00807	0.00807	0.00161	0.00807	0.00646	0.00646	0.68346
21	0.01558	0.01168	0.01752	0.01752	0.01947	0.01363	0.01363	0.01947	0.01752	0.02531	0.02921	0.04283	0.02726	0.08178	0.57360	0.01752	0.02921	0.01168	0.00584	0.00974
22	0.04145	0.03054	0.03272	0.02509	0.03381	0.03381	0.02072	0.51243	0.05127	0.06872	0.02618	0.02618	0.01854	0.01309	0.01091	0.00327	0.01200	0.00982	0.01091	0.01854
23	0.02973	0.19557	0.21892	0.07227	0.04023	0.16508	0.02775	0.07142	0.02675	0.03234	0.01825	0.02151	0.01433	0.01056	0.00945	0.00301	0.01541	0.00750	0.00536	0.01457
24	0.01448	0.01113	0.01354	0.01499	0.01752	0.01019	0.01172	0.01775	0.02392	0.03006	0.08079	0.23921	0.27022	0.03008	0.01384	0.00430	0.00717	0.16962	0.01010	0.00938
25	0.02699	0.02591	0.04426	0.06693	0.54879	0.02591	0.03346	0.03346	0.02483	0.03562	0.02051	0.02699	0.01727	0.00972	0.01079	0.00324	0.01295	0.00972	0.00540	0.01727
26	0.01621	0.01158	0.01601	0.01853	0.02045	0.01138	0.01521	0.02025	0.02376	0.03111	0.05848	0.27705	0.06572	0.03140	0.01470	0.00483	0.00886	0.33474	0.01007	0.00967
27	0.01328	0.00949	0.01265	0.01518	0.01581	0.00886	0.01012	0.01518	0.02088	0.02783	0.06010	0.60969	0.07212	0.03416	0.01392	0.00443	0.00633	0.03100	0.01012	0.00886
28	0.04892	0.01856	0.02530	0.01940	0.02783	0.01603	0.01603	0.05314	0.03121	0.55634	0.04302	0.03711	0.02699	0.01350	0.01096	0.00337	0.00928	0.01096	0.01350	0.01856
29	0.04145	0.03054	0.03272	0.02509	0.03381	0.03381	0.02072	0.51243	0.05127	0.06872	0.02618	0.02618	0.01854	0.01309	0.01091	0.00327	0.01200	0.00982	0.01091	0.01854
30	0.04533	0.02141	0.02857	0.02534	0.08311	0.02016	0.01866	0.13123	0.03404	0.41705	0.03774	0.03415	0.02450	0.01303	0.01094	0.00334	0.01014	0.01063	0.01220	0.01842
31	0.02059	0.01938	0.03270	0.59060	0.07510	0.02422	0.03028	0.02786	0.02180	0.02786	0.01938	0.02907	0.01453	0.01090	0.01090	0.00363	0.01453	0.00969	0.00484	0.01211
32	0.04145	0.03054	0.03272	0.02509	0.03381	0.03381	0.02072	0.51243	0.05127	0.06872	0.02618	0.02618	0.01854	0.01309	0.01091	0.00327	0.01200	0.00982	0.01091	0.01854
33	0.04892	0.01856	0.02530	0.01940	0.02783	0.01603	0.01603	0.05314	0.03121	0.55634	0.04302	0.03711	0.02699	0.01350	0.01096	0.00337	0.00928	0.01096	0.01350	0.01856
34	0.69383	0.02109	0.01603	0.01434	0.02109	0.02446	0.01181	0.03205	0.01856	0.04892	0.01518	0.01771	0.01181	0.01012	0.00675	0.00337	0.00843	0.00590	0.00675	0.01181
35	0.02815	0.02614	0.04354	0.14399	0.30668	0.02721	0.10516	0.11295	0.02889	0.03976	0.02151	0.02758	0.01691	0.01040	0.01116	0.00338	0.01391	0.01022	0.00625	0.01622
36	0.02454	0.03224	0.17208	0.04399	0.24813	0.02465	0.06918	0.03659	0.10578	0.03763	0.07222	0.03337	0.02676	0.01181	0.01109	0.00342	0.01279	0.01088	0.00672	0.01612
37	0.01861	0.01683	0.03034	0.02428	0.02932	0.01619	0.16346	0.02476	0.02682	0.03762	0.28846	0.05838	0.06246	0.02932	0.11684	0.00612	0.01365	0.01613	0.00888	0.01154
38	0.02297	0.09581	0.46653	0.02921	0.04378	0.02686	0.03625	0.03682	0.07564	0.03501	0.02182	0.02444	0.01585	0.01074	0.01018	0.00339	0.01500	0.00833	0.00528	0.01607
39	0.01612	0.01048	0.01209	0.01209	0.01209	0.01048	0.00685	0.01572	0.01572	0.02095	0.03304	0.06809	0.03787	0.56733	0.05440	0.06802	0.01048	0.01531	0.00645	0.00645
40	0.02545	0.33517	0.31291	0.02497	0.03775	0.03408	0.02965	0.03361	0.02259	0.03017	0.01740	0.02030	0.01390	0.00985	0.00871	0.00290	0.01392	0.00696	0.00463	0.01507
41	0.69383	0.02109	0.01603	0.01434	0.02109	0.02446	0.01181	0.03205	0.01856	0.04892	0.01518	0.01771	0.01181	0.01012	0.00675	0.00337	0.00843	0.00590	0.00675	0.01181
42	0.07992	0.03827	0.29442	0.02571	0.03553	0.02446	0.02846	0.06625	0.02516	0.03866	0.11246	0.03338	0.03000	0.01404	0.01451	0.00363	0.10397	0.01032	0.00661	0.01423
43	0.02808	0.02734	0.08293	0.02752	0.07853	0.02671	0.02172	0.12317	0.31252	0.04618	0.03778	0.04196	0.02982	0.01484	0.01128	0.00367	0.01046	0.04894	0.00978	0.01676
44	0.01558	0.01168	0.01752	0.01752	0.01947	0.01363	0.01363	0.01947	0.01752	0.02531	0.02921	0.04283	0.02726	0.08178	0.57360	0.01752	0.02921	0.01168	0.00584	0.00974
45	0.02308	0.01958	0.02267	0.02285	0.06664	0.02141	0.01614	0.04329	0.32377	0.04311	0.17406	0.05472	0.08786	0.01724	0.01165	0.00359	0.00786	0.01479	0.01079	0.01489
46	0.01543	0.01218	0.01404	0.01339	0.01672	0.01133	0.01009	0.02187	0.07222	0.03814	0.32491	0.08733	0.27466	0.02378	0.01272	0.00355	0.00560	0.02040	0.01117	0.01046
47	0.02217	0.05431	0.52199	0.03223	0.04795	0.02550	0.07652	0.03456	0.02323	0.03456	0.01976	0.02351	0.01402	0.01027	0.01055	0.00347	0.01629	0.00843	0.00467	0.01601
48	0.02187	0.05640	0.56031	0.03108	0.04719	0.02532	0.04029	0.03453	0.02302	0.03453	0.01957	0.02302	0.01381	0.01036	0.01036	0.00345	0.01611	0.00806	0.00460	0.01611
49	0.01328	0.00949	0.01265	0.01518	0.01581	0.00886	0.01012	0.01518	0.02088	0.02783	0.06010	0.60969	0.07212	0.03416	0.01392	0.00443	0.00633	0.03100	0.01012	0.00886
50	0.02711	0.02362	0.02625	0.02583	0.07072	0.02702	0.01858	0.05595	0.48804	0.04480	0.04244	0.03957	0.03198	0.01438	0.01107	0.00366	0.00898	0.01211	0.01063	0.01726
51	0.02435	0.05292	0.51117	0.03000	0.04541	0.02447	0.03806	0.03624	0.02377	0.08247	0.02172	0.02431	0.01502	0.01065	0.01041	0.00345	0.01549	0.00832	0.00542	0.01634
52	0.03162	0.29099	0.09321	0.02511	0.03402	0.16048	0.06316	0.07401	0.07131	0.03251	0.01995	0.02221	0.01625	0.01062	0.00912	0.00285	0.01425	0.00778	0.00599	0.01457
53	0.04145	0.03054	0.03272	0.02509	0.03381	0.03381	0.02072	0.51243	0.05127	0.06872	0.02618	0.02618	0.01854	0.01309	0.01091	0.00327	0.01200	0.00982	0.01091	0.01854
54	0.01586	0.01057	0.01189	0.01189	0.01189	0.01057	0.00661	0.01586	0.01586	0.02114	0.03436	0.07135	0.03964	0.61681	0.05550	0.01057	0.01057	0.01586	0.00661	0.00661
55	0.08592	0.28037	0.04630	0.03910	0.24474	0.07395	0.02442	0.03375	0.02361	0.03187	0.01752	0.02163	0.01518	0.00970	0.00877	0.00283	0.01252	0.00754	0.00522	0.01507
56	0.37196	0.26345	0.03369	0.01727	0.02494	0.08010	0.01535	0.03330	0.02107	0.03771	0.01532	0.01780	0.01287	0.00990	0.00712	0.00291	0.01070	0.00597	0.00582	0.01275
57	0.01746	0.01421	0.02216	0.01889	0.02304	0.01320	0.09387	0.02289	0.02773	0.03873	0.29278	0.07581	0.14604	0.02062	0.01251	0.00356	0.00784	0.05814	0.07971	0.01082
58	0.02915	0.62337	0.05714	0.01866	0.02799	0.04314	0.01866	0.03265	0.02215	0.02565	0.01516	0.01749	0.01399	0.00933	0.00700	0.00233	0.01166	0.00583	0.00466	0.01399
59	0.01289	0.01105	0.01105	0.01105	0.01473	0.00920	0.00828	0.01565	0.02485	0.02946	0.11046	0.10493	0.54437	0.02761	0.01289	0.00368	0.00552	0.02301	0.01013	0.00920
60	0.04827	0.01959	0.02595	0.01989	0.02835	0.01757	0.01643	0.09292	0.03294	0.51411	0.04156	0.03617	0.02626	0.01346	0.01096	0.00337	0.00951	0.01087	0.01327	0.01855
61	0.01328	0.00949	0.01265	0.01518	0.01581	0.00886	0.01012	0.01518	0.02088	0.02783	0.06010	0.60969	0.07212	0.03416	0.01392	0.00443	0.00633	0.03100	0.01012	0.00886
62	0.01565	0.01049	0.01195	0.01215	0.01220	0.01044	0.00688	0.01580	0.01625	0.02167	0.03639	0.11391	0.04221	0.57075	0.05221	0.01009	0.01024	0.01705	0.00688	0.00678
63	0.04145	0.03054	0.03272	0.02509	0.03381	0.03381	0.02072	0.51243	0.05127	0.06872	0.02618	0.02618	0.01854	0.01309	0.01091	0.00327	0.01200	0.00982	0.01091	0.01854
64	0.04691	0.01923	0.02704	0.02377	0.07569	0.01693	0.01763	0.05133	0.03062	0.50851	0.04095	0.03618	0.02610	0.01315	0.01095	0.00336	0.00962	0.01085	0.01275	0.01844

[dist]
# distance from previous block
# <min> <max>
0	15

[block]
# block no. 2 follows, 12 sequences, length 36
# corresponding to MSA columns:
# 402-437
name=unknown_C
#
# <colnr> <probs for GDERKNQSTAVLIFYWHMCP>
#	G	D	E	R	K	N	Q	S	T	A	V	L	I	F	Y	W	H	M	C	P
0	0.69383	0.02109	0.01603	0.01434	0.02109	0.02446	0.01181	0.03205	0.01856	0.04892	0.01518	0.01771	0.01181	0.01012	0.00675	0.00337	0.00843	0.00590	0.00675	0.01181
1	0.03041	0.01438	0.01651	0.01414	0.01892	0.01394	0.01120	0.07655	0.02778	0.19121	0.03687	0.03835	0.02684	0.01296	0.00887	0.00284	0.00690	0.01036	0.42764	0.01332
2	0.01812	0.01442	0.01569	0.01499	0.01799	0.01507	0.01067	0.02794	0.16327	0.03086	0.05954	0.07047	0.18790	0.22792	0.07185	0.00713	0.01001	0.01667	0.00886	0.01064
3	0.01543	0.01115	0.01457	0.01372	0.01629	0.01029	0.01029	0.02058	0.03086	0.04372	0.54304	0.08145	0.10288	0.02229	0.01286	0.00343	0.00514	0.01972	0.01200	0.01029
4	0.01543	0.01115	0.01457	0.01372	0.01629	0.01029	0.01029	0.02058	0.03086	0.04372	0.54304	0.08145	0.10288	0.02229	0.01286	0.00343	0.00514	0.01972	0.01200	0.01029
5	0.02915	0.62337	0.05714	0.01866	0.02799	0.04314	0.01866	0.03265	0.02215	0.02565	0.01516	0.01749	0.01399	0.00933	0.00700	0.00233	0.01166	0.00583	0.00466	0.01399
6	0.04073	0.05197	0.03090	0.02809	0.03371	0.57303	0.02107	0.04354	0.03090	0.02669	0.01685	0.01966	0.01404	0.01124	0.00983	0.00281	0.01966	0.00702	0.00562	0.01264
7	0.04145	0.03054	0.03272	0.02509	0.03381	0.03381	0.02072	0.51243	0.05127	0.06872	0.02618	0.02618	0.01854	0.01309	0.01091	0.00327	0.01200	0.00982	0.01091	0.01854
8	0.04145	0.03054	0.03272	0.02509	0.03381	0.03381	0.02072	0.51243	0.05127	0.06872	0.02618	0.02618	0.01854	0.01309	0.01091	0.00327	0.01200	0.00982	0.01091	0.01854
9	0.04892	0.01856	0.02530	0.01940	0.02783	0.01603	0.01603	0.05314	0.03121	0.55634	0.04302	0.03711	0.02699	0.01350	0.01096	0.00337	0.00928	0.01096	0.01350	0.01856
10	0.01583	0.01066	0.01233	0.01233	0.01249	0.01081	0.00716	0.01614	0.01599	0.02147	0.03395	0.06911	0.03867	0.57474	0.09623	0.01112	0.01204	0.01553	0.00655	0.00685
11	0.02059	0.01938	0.03270	0.59060	0.07510	0.02422	0.03028	0.02786	0.02180	0.02786	0.01938	0.02907	0.01453	0.01090	0.01090	0.00363	0.01453	0.00969	0.00484	0.01211
12	0.01708	0.01220	0.01701	0.01952	0.02182	0.01213	0.01672	0.02175	0.02462	0.03208	0.05800	0.17846	0.06382	0.03058	0.01493	0.00495	0.00962	0.42476	0.01005	0.00991
13	0.02923	0.02268	0.02464	0.02150	0.02777	0.02543	0.01689	0.10416	0.39175	0.08631	0.08959	0.04268	0.03779	0.01522	0.01123	0.00360	0.00872	0.01265	0.01134	0.01684
14	0.02301	0.13636	0.43520	0.02783	0.04234	0.02692	0.03450	0.03358	0.02285	0.03332	0.01890	0.02217	0.01406	0.00999	0.00965	0.00311	0.01470	0.00758	0.00479	0.07914
15	0.63075	0.07825	0.01993	0.01475	0.02174	0.02623	0.01246	0.03211	0.01890	0.04671	0.01518	0.01769	0.01202	0.01005	0.00677	0.00327	0.00874	0.00590	0.00655	0.01202
16	0.01543	0.01115	0.01457	0.01372	0.01629	0.01029	0.01029	0.02058	0.03086	0.04372	0.54304	0.08145	0.10288	0.02229	0.01286	0.00343	0.00514	0.01972	0.01200	0.01029
17	0.02261	0.01938	0.02261	0.01615	0.02584	0.01453	0.01292	0.02745	0.02261	0.03553	0.01938	0.02261	0.01615	0.00807	0.00807	0.00161	0.00807	0.00646	0.00646	0.68346
18	0.01328	0.00949	0.01265	0.01518	0.01581	0.00886	0.01012	0.01518	0.02088	0.02783	0.06010	0.60969	0.07212	0.03416	0.01392	0.00443	0.00633	0.03100	0.01012	0.00886
19	0.01492	0.01113	0.01386	0.01318	0.01597	0.01007	0.00988	0.01958	0.02965	0.04083	0.45539	0.08621	0.19233	0.02337	0.01287	0.00348	0.00522	0.02039	0.01162	0.01007
20	0.01308	0.01105	0.01132	0.01125	0.01485	0.00929	0.00844	0.01603	0.02532	0.03056	0.14399	0.10311	0.51015	0.02720	0.01288	0.00366	0.00549	0.02276	0.01027	0.00929
21	0.02261	0.01938	0.02261	0.01615	0.02584	0.01453	0.01292	0.02745	0.02261	0.03553	0.01938	0.02261	0.01615	0.00807	0.00807	0.00161	0.00807	0.00646	0.00646	0.68346
22	0.02187	0.05640	0.56031	0.03108	0.04719	0.02532	0.04029	0.03453	0.02302	0.03453	0.01957	0.02302	0.01381	0.01036	0.01036	0.00345	0.01611	0.00806	0.00460	0.01611
23	0.01543	0.01115	0.01457	0.01372	0.01629	0.01029	0.01029	0.02058	0.03086	0.04372	0.54304	0.08145	0.10288	0.02229	0.01286	0.00343	0.00514	0.01972	0.01200	0.01029
24	0.04073	0.05197	0.03090	0.02809	0.03371	0.57303	0.02107	0.04354	0.03090	0.02669	0.01685	0.01966	0.01404	0.01124	0.00983	0.00281	0.01966	0.00702	0.00562	0.01264
25	0.02561	0.01929	0.02292	0.01652	0.02607	0.01470	0.01327	0.03038	0.02359	0.09488	0.02207	0.02426	0.01739	0.00869	0.00840	0.00182	0.00821	0.00697	0.00726	0.60769
26	0.02240	0.10863	0.35137	0.03063	0.04330	0.02582	0.12054	0.03219	0.02318	0.03286	0.02416	0.09044	0.02098	0.01274	0.01085	0.00348	0.01492	0.01131	0.00541	0.01479
27	0.04632	0.07354	0.02897	0.01998	0.02853	0.02046	0.01679	0.10366	0.03269	0.45372	0.03863	0.03413	0.02488	0.01308	0.01061	0.00327	0.00980	0.01038	0.01242	0.01815
28	0.01710	0.01221	0.01703	0.01954	0.02184	0.01214	0.01675	0.02177	0.02463	0.03210	0.05799	0.17667	0.06378	0.03057	0.01493	0.00495	0.00963	0.42639	0.01005	0.00991
29	0.04493	0.02189	0.02896	0.02584	0.08655	0.02086	0.01894	0.14770	0.03473	0.39622	0.03699	0.03369	0.02414	0.01299	0.01093	0.00334	0.01026	0.01059	0.01206	0.01841
30	0.21319	0.11992	0.09224	0.02333	0.02852	0.03147	0.02153	0.02982	0.01879	0.03348	0.01529	0.02104	0.01350	0.01405	0.02023	0.00385	0.27399	0.00777	0.00529	0.01269
31	0.01509	0.01149	0.01492	0.01564	0.01822	0.01132	0.01240	0.01893	0.02335	0.03061	0.11963	0.12686	0.20256	0.04251	0.16239	0.00772	0.01297	0.13455	0.00917	0.00965
32	0.02809	0.02592	0.04210	0.10239	0.45575	0.02665	0.03181	0.08586	0.02751	0.03868	0.02105	0.02706	0.01720	0.01018	0.01082	0.00327	0.01297	0.00972	0.00596	0.01702
33	0.02371	0.01266	0.01635	0.01536	0.01912	0.01124	0.01151	0.02709	0.02656	0.18034	0.16550	0.25185	0.14568	0.02473	0.01269	0.00379	0.00677	0.02163	0.01147	0.01195
34	0.69383	0.02109	0.01603	0.01434	0.02109	0.02446	0.01181	0.03205	0.01856	0.04892	0.01518	0.01771	0.01181	0.01012	0.00675	0.00337	0.00843	0.00590	0.00675	0.01181
35	0.17900	0.02519	0.03694	0.05167	0.38805	0.02621	0.02754	0.07161	0.02553	0.04129	0.01976	0.02482	0.01614	0.01008	0.00989	0.00327	0.01185	0.00886	0.00615	0.01614

[dist]
# distance from previous block
# <min> <max>
1	3

[block]
# block no. 3 follows, 12 sequences, length 57
# corresponding to MSA columns:
# 441-464,466-498
name=unknown_D
#
# <colnr> <probs for GDERKNQSTAVLIFYWHMCP>
#	G	D	E	R	K	N	Q	S	T	A	V	L	I	F	Y	W	H	M	C	P
0	0.50144	0.02033	0.01879	0.01585	0.02310	0.02194	0.01307	0.03834	0.02233	0.20029	0.02349	0.02350	0.01634	0.01113	0.00801	0.00337	0.00869	0.00741	0.00876	0.01382
1	0.01289	0.01105	0.01105	0.01105	0.01473	0.00920	0.00828	0.01565	0.02485	0.02946	0.11046	0.10493	0.54437	0.02761	0.01289	0.00368	0.00552	0.02301	0.01013	0.00920
2	0.01311	0.01105	0.01136	0.01128	0.01487	0.00930	0.00846	0.01609	0.02539	0.03072	0.14893	0.10284	0.50510	0.02714	0.01288	0.00366	0.00549	0.02272	0.01029	0.00930
3	0.04826	0.01962	0.02596	0.01990	0.02836	0.01760	0.01644	0.09386	0.03299	0.51311	0.04152	0.03614	0.02624	0.01346	0.01096	0.00336	0.00952	0.01086	0.01327	0.01855
4	0.04073	0.05197	0.03090	0.02809	0.03371	0.57303	0.02107	0.04354	0.03090	0.02669	0.01685	0.01966	0.01404	0.01124	0.00983	0.00281	0.01966	0.00702	0.00562	0.01264
5	0.02261	0.01938	0.02261	0.01615	0.02584	0.01453	0.01292	0.02745	0.02261	0.03553	0.01938	0.02261	0.01615	0.00807	0.00807	0.00161	0.00807	0.00646	0.00646	0.68346
6	0.04073	0.05197	0.03090	0.02809	0.03371	0.57303	0.02107	0.04354	0.03090	0.02669	0.01685	0.01966	0.01404	0.01124	0.00983	0.00281	0.01966	0.00702	0.00562	0.01264
7	0.02033	0.01016	0.01016	0.01016	0.01270	0.01016	0.00762	0.02541	0.02287	0.04065	0.03557	0.04065	0.02795	0.01270	0.00762	0.00254	0.00508	0.01016	0.67734	0.01016
8	0.04145	0.03054	0.03272	0.02509	0.03381	0.03381	0.02072	0.51243	0.05127	0.06872	0.02618	0.02618	0.01854	0.01309	0.01091	0.00327	0.01200	0.00982	0.01091	0.01854
9	0.02712	0.02342	0.02465	0.02219	0.02835	0.02712	0.01726	0.05794	0.52909	0.04561	0.04438	0.04068	0.03328	0.01479	0.01109	0.00370	0.00863	0.01233	0.01109	0.01726
10	0.01289	0.01105	0.01105	0.01105	0.01473	0.00920	0.00828	0.01565	0.02485	0.02946	0.11046	0.10493	0.54437	0.02761	0.01289	0.00368	0.00552	0.02301	0.01013	0.00920
11	0.01289	0.01105	0.01105	0.01105	0.01473	0.00920	0.00828	0.01565	0.02485	0.02946	0.11046	0.10493	0.54437	0.02761	0.01289	0.00368	0.00552	0.02301	0.01013	0.00920
12	0.04892	0.01856	0.02530	0.01940	0.02783	0.01603	0.01603	0.05314	0.03121	0.55634	0.04302	0.03711	0.02699	0.01350	0.01096	0.00337	0.00928	0.01096	0.01350	0.01856
13	0.01328	0.00949	0.01265	0.01518	0.01581	0.00886	0.01012	0.01518	0.02088	0.02783	0.06010	0.60969	0.07212	0.03416	0.01392	0.00443	0.00633	0.03100	0.01012	0.00886
14	0.01720	0.01231	0.01705	0.01898	0.02150	0.01216	0.01631	0.02224	0.02610	0.03456	0.14196	0.11578	0.06972	0.02876	0.01468	0.00474	0.00919	0.39631	0.01038	0.01008
15	0.04892	0.01856	0.02530	0.01940	0.02783	0.01603	0.01603	0.05314	0.03121	0.55634	0.04302	0.03711	0.02699	0.01350	0.01096	0.00337	0.00928	0.01096	0.01350	0.01856
16	0.01671	0.01249	0.01568	0.01465	0.01761	0.01213	0.01105	0.02467	0.08548	0.04393	0.48838	0.07698	0.09525	0.02147	0.01267	0.00346	0.00553	0.01891	0.01190	0.01105
17	0.02897	0.02301	0.02471	0.02195	0.02831	0.02618	0.01715	0.05753	0.48682	0.08898	0.04426	0.04038	0.03275	0.01468	0.01108	0.00367	0.00868	0.01221	0.01130	0.01737
18	0.02549	0.01929	0.02291	0.01651	0.02606	0.01470	0.01326	0.03027	0.02355	0.09262	0.02197	0.02420	0.01734	0.00867	0.00839	0.00181	0.00821	0.00695	0.00723	0.61058
19	0.01311	0.01018	0.01194	0.01335	0.01533	0.00901	0.00931	0.01539	0.02264	0.02855	0.08245	0.38568	0.28170	0.03125	0.01346	0.00410	0.00597	0.02745	0.01012	0.00901
20	0.02449	0.07282	0.03870	0.02972	0.03168	0.03354	0.07664	0.02771	0.01813	0.02715	0.01523	0.02395	0.01453	0.01721	0.03095	0.00445	0.48624	0.00961	0.00484	0.01240
21	0.02059	0.01938	0.03270	0.59060	0.07510	0.02422	0.03028	0.02786	0.02180	0.02786	0.01938	0.02907	0.01453	0.01090	0.01090	0.00363	0.01453	0.00969	0.00484	0.01211
22	0.02721	0.01471	0.02080	0.02191	0.07837	0.01346	0.01469	0.03115	0.02714	0.20909	0.16505	0.22868	0.05835	0.02175	0.01234	0.00371	0.00776	0.01928	0.01118	0.01336
23	0.03406	0.01527	0.02054	0.01688	0.02271	0.01348	0.01348	0.03869	0.03106	0.32884	0.26493	0.05679	0.06067	0.01740	0.01181	0.00340	0.00744	0.01485	0.01283	0.01489
24	0.44000	0.02449	0.02148	0.02158	0.06803	0.06941	0.01556	0.03873	0.13120	0.04529	0.02212	0.02365	0.01712	0.01119	0.00828	0.00339	0.00976	0.00771	0.00749	0.01352
25	0.01493	0.01113	0.01388	0.01319	0.01598	0.01007	0.00989	0.01960	0.02967	0.04090	0.45727	0.08610	0.19041	0.02335	0.01287	0.00348	0.00522	0.02037	0.01163	0.01007
26	0.02557	0.03422	0.18679	0.05315	0.36492	0.02585	0.03401	0.03582	0.06669	0.03616	0.02225	0.02703	0.01765	0.01032	0.01070	0.00334	0.01347	0.00947	0.00565	0.01695
27	0.02059	0.01938	0.03270	0.59060	0.07510	0.02422	0.03028	0.02786	0.02180	0.02786	0.01938	0.02907	0.01453	0.01090	0.01090	0.00363	0.01453	0.00969	0.00484	0.01211
28	0.01717	0.01242	0.01702	0.01932	0.02193	0.01227	0.01678	0.02200	0.02508	0.03236	0.06219	0.12146	0.10349	0.02991	0.01488	0.00491	0.00966	0.43714	0.01005	0.00997
29	0.01615	0.01091	0.01306	0.01252	0.01525	0.01010	0.00939	0.02093	0.02817	0.04090	0.36438	0.07578	0.15190	0.02093	0.01169	0.00327	0.00519	0.01806	0.16134	0.01010
30	0.02094	0.01236	0.01634	0.01465	0.01819	0.01123	0.01123	0.02593	0.03092	0.12800	0.46083	0.07416	0.09040	0.02084	0.01255	0.00342	0.00582	0.01828	0.01225	0.01165
31	0.04145	0.03054	0.03272	0.02509	0.03381	0.03381	0.02072	0.51243	0.05127	0.06872	0.02618	0.02618	0.01854	0.01309	0.01091	0.00327	0.01200	0.00982	0.01091	0.01854
32	0.02712	0.02342	0.02465	0.02219	0.02835	0.02712	0.01726	0.05794	0.52909	0.04561	0.04438	0.04068	0.03328	0.01479	0.01109	0.00370	0.00863	0.01233	0.01109	0.01726
33	0.01558	0.01168	0.01752	0.01752	0.01947	0.01363	0.01363	0.01947	0.01752	0.02531	0.02921	0.04283	0.02726	0.08178	0.57360	0.01752	0.02921	0.01168	0.00584	0.00974
34	0.02574	0.02941	0.06434	0.04596	0.05699	0.02757	0.50919	0.03493	0.02574	0.03493	0.02206	0.02941	0.01654	0.00919	0.01287	0.00368	0.01838	0.01287	0.00551	0.01471
35	0.04892	0.01856	0.02530	0.01940	0.02783	0.01603	0.01603	0.05314	0.03121	0.55634	0.04302	0.03711	0.02699	0.01350	0.01096	0.00337	0.00928	0.01096	0.01350	0.01856
36	0.04892	0.01856	0.02530	0.01940	0.02783	0.01603	0.01603	0.05314	0.03121	0.55634	0.04302	0.03711	0.02699	0.01350	0.01096	0.00337	0.00928	0.01096	0.01350	0.01856
37	0.04145	0.03054	0.03272	0.02509	0.03381	0.03381	0.02072	0.51243	0.05127	0.06872	0.02618	0.02618	0.01854	0.01309	0.01091	0.00327	0.01200	0.00982	0.01091	0.01854
38	0.69383	0.02109	0.01603	0.01434	0.02109	0.02446	0.01181	0.03205	0.01856	0.04892	0.01518	0.01771	0.01181	0.01012	0.00675	0.00337	0.00843	0.00590	0.00675	0.01181
39	0.04892	0.01856	0.02530	0.01940	0.02783	0.01603	0.01603	0.05314	0.03121	0.55634	0.04302	0.03711	0.02699	0.01350	0.01096	0.00337	0.00928	0.01096	0.01350	0.01856
40	0.69383	0.02109	0.01603	0.01434	0.02109	0.02446	0.01181	0.03205	0.01856	0.04892	0.01518	0.01771	0.01181	0.01012	0.00675	0.00337	0.00843	0.00590	0.00675	0.01181
41	0.04294	0.02136	0.03537	0.02625	0.03535	0.01900	0.14320	0.04844	0.02980	0.42188	0.03761	0.03513	0.02430	0.01239	0.01146	0.00345	0.01163	0.01146	0.01144	0.01756
42	0.03447	0.01672	0.02535	0.02090	0.02701	0.01490	0.06811	0.03846	0.02716	0.32257	0.04643	0.22761	0.04093	0.01993	0.01216	0.00376	0.00929	0.01787	0.01149	0.01489
43	0.04892	0.01856	0.02530	0.01940	0.02783	0.01603	0.01603	0.05314	0.03121	0.55634	0.04302	0.03711	0.02699	0.01350	0.01096	0.00337	0.00928	0.01096	0.01350	0.01856
44	0.01757	0.01255	0.01757	0.02008	0.02259	0.01255	0.01757	0.02259	0.02510	0.03263	0.05773	0.12299	0.06275	0.03012	0.01506	0.00502	0.01004	0.47540	0.01004	0.01004
45	0.03267	0.09066	0.27972	0.02881	0.08096	0.02362	0.02907	0.04096	0.02604	0.22128	0.02768	0.02793	0.01885	0.01134	0.01031	0.00331	0.01300	0.00904	0.00787	0.01690
46	0.02187	0.05640	0.56031	0.03108	0.04719	0.02532	0.04029	0.03453	0.02302	0.03453	0.01957	0.02302	0.01381	0.01036	0.01036	0.00345	0.01611	0.00806	0.00460	0.01611
47	0.01328	0.00949	0.01265	0.01518	0.01581	0.00886	0.01012	0.01518	0.02088	0.02783	0.06010	0.60969	0.07212	0.03416	0.01392	0.00443	0.00633	0.03100	0.01012	0.00886
48	0.02149	0.04536	0.40292	0.19799	0.05552	0.02499	0.03730	0.03254	0.02266	0.03254	0.01951	0.02482	0.01403	0.01052	0.01052	0.00351	0.01564	0.00854	0.00468	0.01492
49	0.02357	0.02595	0.05535	0.04061	0.04983	0.02432	0.42243	0.03149	0.02489	0.03369	0.02867	0.13030	0.02621	0.01353	0.01305	0.00381	0.01629	0.01602	0.00632	0.01369
50	0.02574	0.02941	0.06434	0.04596	0.05699	0.02757	0.50919	0.03493	0.02574	0.03493	0.02206	0.02941	0.01654	0.00919	0.01287	0.00368	0.01838	0.01287	0.00551	0.01471
51	0.02712	0.02342	0.02465	0.02219	0.02835	0.02712	0.01726	0.05794	0.52909	0.04561	0.04438	0.04068	0.03328	0.01479	0.01109	0.00370	0.00863	0.01233	0.01109	0.01726
52	0.02114	0.01994	0.03369	0.54599	0.11545	0.02437	0.03055	0.02834	0.02206	0.02852	0.01948	0.02889	0.01477	0.01080	0.01089	0.00360	0.01440	0.00969	0.00489	0.01255
53	0.02524	0.31875	0.32748	0.02533	0.03830	0.03357	0.03028	0.03366	0.02262	0.03042	0.01753	0.02046	0.01390	0.00988	0.00880	0.00293	0.01405	0.00703	0.00463	0.01513
54	0.01819	0.01167	0.01557	0.01471	0.01754	0.01093	0.01106	0.02279	0.02866	0.08601	0.40185	0.13212	0.08632	0.02788	0.06058	0.00473	0.00769	0.01949	0.01140	0.01082
55	0.01388	0.00995	0.01319	0.01477	0.01595	0.00926	0.01017	0.01669	0.02367	0.03227	0.19503	0.46210	0.08071	0.03084	0.01362	0.00415	0.00600	0.02785	0.01065	0.00926
56	0.03368	0.32214	0.08777	0.02389	0.03214	0.27681	0.02154	0.03764	0.02611	0.02686	0.01628	0.01892	0.01400	0.01026	0.00854	0.00264	0.01559	0.00655	0.00508	0.01357

[dist]
# distance from previous block
# <min> <max>
0	1

[block]
# block no. 4 follows, 12 sequences, length 25
# corresponding to MSA columns:
# 500-524
name=unknown_E
#
# <colnr> <probs for GDERKNQSTAVLIFYWHMCP>
#	G	D	E	R	K	N	Q	S	T	A	V	L	I	F	Y	W	H	M	C	P
0	0.63215	0.02400	0.01743	0.01564	0.02228	0.07627	0.01268	0.03314	0.01972	0.04682	0.01534	0.01790	0.01202	0.01023	0.00704	0.00332	0.00949	0.00601	0.00664	0.01189
1	0.02586	0.13916	0.19837	0.04795	0.31028	0.02874	0.03289	0.03364	0.02383	0.03356	0.01930	0.02416	0.01568	0.00984	0.01000	0.00314	0.01366	0.00855	0.00504	0.01636
2	0.02094	0.01687	0.01985	0.01511	0.02271	0.01327	0.01190	0.02587	0.02432	0.03766	0.12764	0.03624	0.03490	0.01139	0.00901	0.00207	0.00721	0.00950	0.06819	0.48535
3	0.02865	0.01770	0.02625	0.03087	0.17633	0.01652	0.01867	0.03373	0.02874	0.19342	0.20758	0.05393	0.08798	0.01636	0.01169	0.00338	0.00871	0.01441	0.01036	0.01473
4	0.02638	0.02749	0.07835	0.02803	0.03608	0.02707	0.12467	0.05103	0.37848	0.04239	0.03750	0.03677	0.02805	0.01322	0.01141	0.00367	0.01135	0.01208	0.00935	0.01661
5	0.02215	0.01951	0.02966	0.02822	0.08827	0.01810	0.09160	0.03003	0.06605	0.03525	0.03565	0.06140	0.03437	0.01684	0.01184	0.00349	0.01091	0.17547	0.00786	0.21334
6	0.02997	0.04340	0.19176	0.04368	0.23282	0.20457	0.03142	0.03707	0.02628	0.03238	0.01904	0.02343	0.01520	0.01040	0.01035	0.00316	0.01608	0.00835	0.00524	0.01542
7	0.01289	0.01105	0.01105	0.01105	0.01473	0.00920	0.00828	0.01565	0.02485	0.02946	0.11046	0.10493	0.54437	0.02761	0.01289	0.00368	0.00552	0.02301	0.01013	0.00920
8	0.01586	0.01057	0.01189	0.01189	0.01189	0.01057	0.00661	0.01586	0.01586	0.02114	0.03436	0.07135	0.03964	0.61681	0.05550	0.01057	0.01057	0.01586	0.00661	0.00661
9	0.02652	0.02455	0.02998	0.02530	0.07797	0.06331	0.06102	0.07577	0.02647	0.03791	0.02017	0.02373	0.01635	0.00905	0.00917	0.00220	0.01075	0.00770	0.00663	0.44546
10	0.01804	0.01272	0.02063	0.01831	0.02020	0.01229	0.08040	0.01824	0.01865	0.02518	0.07342	0.13295	0.03855	0.16646	0.03450	0.26935	0.01016	0.01557	0.00671	0.00769
11	0.10075	0.02848	0.05891	0.04241	0.05295	0.02722	0.45335	0.03460	0.02493	0.03650	0.02129	0.02810	0.01601	0.00930	0.01218	0.00364	0.01727	0.01209	0.00565	0.01438
12	0.01558	0.01168	0.01752	0.01752	0.01947	0.01363	0.01363	0.01947	0.01752	0.02531	0.02921	0.04283	0.02726	0.08178	0.57360	0.01752	0.02921	0.01168	0.00584	0.00974
13	0.04892	0.01856	0.02530	0.01940	0.02783	0.01603	0.01603	0.05314	0.03121	0.55634	0.04302	0.03711	0.02699	0.01350	0.01096	0.00337	0.00928	0.01096	0.01350	0.01856
14	0.01586	0.01057	0.01189	0.01189	0.01189	0.01057	0.00661	0.01586	0.01586	0.02114	0.03436	0.07135	0.03964	0.61681	0.05550	0.01057	0.01057	0.01586	0.00661	0.00661
15	0.04073	0.05197	0.03090	0.02809	0.03371	0.57303	0.02107	0.04354	0.03090	0.02669	0.01685	0.01966	0.01404	0.01124	0.00983	0.00281	0.01966	0.00702	0.00562	0.01264
16	0.01364	0.00977	0.01297	0.01494	0.01589	0.00910	0.01015	0.01608	0.02254	0.03049	0.14067	0.52156	0.07725	0.03218	0.01374	0.00426	0.00613	0.02912	0.01044	0.00910
17	0.01586	0.01057	0.01189	0.01189	0.01189	0.01057	0.00661	0.01586	0.01586	0.02114	0.03436	0.07135	0.03964	0.61681	0.05550	0.01057	0.01057	0.01586	0.00661	0.00661
18	0.04145	0.03054	0.03272	0.02509	0.03381	0.03381	0.02072	0.51243	0.05127	0.06872	0.02618	0.02618	0.01854	0.01309	0.01091	0.00327	0.01200	0.00982	0.01091	0.01854
19	0.02385	0.02385	0.03340	0.02863	0.02863	0.03340	0.02385	0.02624	0.01670	0.02624	0.01431	0.02385	0.01431	0.01908	0.03578	0.00477	0.59685	0.00954	0.00477	0.01193
20	0.04073	0.05197	0.03090	0.02809	0.03371	0.57303	0.02107	0.04354	0.03090	0.02669	0.01685	0.01966	0.01404	0.01124	0.00983	0.00281	0.01966	0.00702	0.00562	0.01264
21	0.04425	0.02605	0.02995	0.02296	0.03157	0.02715	0.01897	0.34049	0.04376	0.25127	0.03248	0.03027	0.02171	0.01324	0.01093	0.00331	0.01098	0.01025	0.01188	0.01855
22	0.22470	0.02081	0.02148	0.01635	0.02508	0.01909	0.01323	0.06888	0.02377	0.04227	0.01869	0.02144	0.01505	0.00910	0.00791	0.00228	0.00851	0.00657	0.00691	0.42788
23	0.01757	0.01255	0.01757	0.02008	0.02259	0.01255	0.01757	0.02259	0.02510	0.03263	0.05773	0.12299	0.06275	0.03012	0.01506	0.00502	0.01004	0.47540	0.01004	0.01004
24	0.02665	0.20144	0.03356	0.02090	0.02760	0.03027	0.01771	0.04641	0.32105	0.03819	0.03715	0.04299	0.03083	0.01488	0.01032	0.00344	0.00969	0.06238	0.00906	0.01547

[dist]
# distance from previous block
# <min> <max>
0	1

[block]
# block no. 5 follows, 12 sequences, length 131
# corresponding to MSA columns:
# 526-656
name=unknown_F
#
# <colnr> <probs for GDERKNQSTAVLIFYWHMCP>
#	G	D	E	R	K	N	Q	S	T	A	V	L	I	F	Y	W	H	M	C	P
0	0.07637	0.26497	0.29219	0.02432	0.03664	0.03132	0.02829	0.03496	0.02294	0.06926	0.01924	0.02154	0.01467	0.01018	0.00887	0.00302	0.01338	0.00726	0.00542	0.01517
1	0.03307	0.04011	0.02580	0.02449	0.02871	0.41550	0.01801	0.03562	0.02810	0.02701	0.02893	0.18441	0.03026	0.01764	0.01097	0.00326	0.01594	0.01372	0.00688	0.01158
2	0.69383	0.02109	0.01603	0.01434	0.02109	0.02446	0.01181	0.03205	0.01856	0.04892	0.01518	0.01771	0.01181	0.01012	0.00675	0.00337	0.00843	0.00590	0.00675	0.01181
3	0.01558	0.01168	0.01752	0.01752	0.01947	0.01363	0.01363	0.01947	0.01752	0.02531	0.02921	0.04283	0.02726	0.08178	0.57360	0.01752	0.02921	0.01168	0.00584	0.00974
4	0.04073	0.05197	0.03090	0.02809	0.03371	0.57303	0.02107	0.04354	0.03090	0.02669	0.01685	0.01966	0.01404	0.01124	0.00983	0.00281	0.01966	0.00702	0.00562	0.01264
5	0.02187	0.05640	0.56031	0.03108	0.04719	0.02532	0.04029	0.03453	0.02302	0.03453	0.01957	0.02302	0.01381	0.01036	0.01036	0.00345	0.01611	0.00806	0.00460	0.01611
6	0.02187	0.05640	0.56031	0.03108	0.04719	0.02532	0.04029	0.03453	0.02302	0.03453	0.01957	0.02302	0.01381	0.01036	0.01036	0.00345	0.01611	0.00806	0.00460	0.01611
7	0.02187	0.05640	0.56031	0.03108	0.04719	0.02532	0.04029	0.03453	0.02302	0.03453	0.01957	0.02302	0.01381	0.01036	0.01036	0.00345	0.01611	0.00806	0.00460	0.01611
8	0.01757	0.01255	0.01757	0.02008	0.02259	0.01255	0.01757	0.02259	0.02510	0.03263	0.05773	0.12299	0.06275	0.03012	0.01506	0.00502	0.01004	0.47540	0.01004	0.01004
9	0.02699	0.02591	0.04426	0.06693	0.54879	0.02591	0.03346	0.03346	0.02483	0.03562	0.02051	0.02699	0.01727	0.00972	0.01079	0.00324	0.01295	0.00972	0.00540	0.01727
10	0.01598	0.01141	0.01574	0.01826	0.02008	0.01118	0.01481	0.01984	0.02353	0.03085	0.05861	0.30364	0.06623	0.03162	0.01464	0.00480	0.00866	0.31045	0.01007	0.00960
11	0.01543	0.01115	0.01457	0.01372	0.01629	0.01029	0.01029	0.02058	0.03086	0.04372	0.54304	0.08145	0.10288	0.02229	0.01286	0.00343	0.00514	0.01972	0.01200	0.01029
12	0.02831	0.02841	0.04297	0.06319	0.49929	0.07849	0.03227	0.03443	0.02541	0.03476	0.02016	0.02628	0.01696	0.00986	0.01070	0.00320	0.01360	0.00946	0.00542	0.01683
13	0.02187	0.05640	0.56031	0.03108	0.04719	0.02532	0.04029	0.03453	0.02302	0.03453	0.01957	0.02302	0.01381	0.01036	0.01036	0.00345	0.01611	0.00806	0.00460	0.01611
14	0.02712	0.02342	0.02465	0.02219	0.02835	0.02712	0.01726	0.05794	0.52909	0.04561	0.04438	0.04068	0.03328	0.01479	0.01109	0.00370	0.00863	0.01233	0.01109	0.01726
15	0.02726	0.02046	0.03218	0.23384	0.14636	0.02349	0.02540	0.03189	0.02244	0.12085	0.02278	0.02947	0.01760	0.01500	0.01823	0.06368	0.11916	0.00987	0.00645	0.01357
16	0.02699	0.02591	0.04426	0.06693	0.54879	0.02591	0.03346	0.03346	0.02483	0.03562	0.02051	0.02699	0.01727	0.00972	0.01079	0.00324	0.01295	0.00972	0.00540	0.01727
17	0.01289	0.01105	0.01105	0.01105	0.01473	0.00920	0.00828	0.01565	0.02485	0.02946	0.11046	0.10493	0.54437	0.02761	0.01289	0.00368	0.00552	0.02301	0.01013	0.00920
18	0.01833	0.00947	0.01404	0.01431	0.01438	0.00940	0.00954	0.01431	0.01493	0.01990	0.02340	0.09564	0.02470	0.03748	0.03950	0.60924	0.00913	0.01180	0.00532	0.00518
19	0.27359	0.08030	0.02804	0.02174	0.02877	0.21018	0.01749	0.14772	0.03055	0.04434	0.01829	0.02031	0.01429	0.01112	0.00876	0.00308	0.01324	0.00718	0.00718	0.01382
20	0.02588	0.08307	0.11460	0.02194	0.02862	0.10090	0.01943	0.04067	0.21921	0.03405	0.03166	0.03943	0.02704	0.14382	0.02008	0.00491	0.01210	0.01107	0.00771	0.01382
21	0.02947	0.14027	0.08680	0.02915	0.11720	0.07749	0.02215	0.11748	0.02877	0.03870	0.01978	0.02279	0.01594	0.00998	0.00921	0.00260	0.01208	0.00768	0.00648	0.20597
22	0.08050	0.40686	0.04649	0.01975	0.02870	0.03762	0.01838	0.13425	0.02872	0.08041	0.01977	0.02095	0.01587	0.01051	0.00812	0.00269	0.01130	0.00709	0.00685	0.01516
23	0.01453	0.01111	0.01332	0.01277	0.01574	0.00990	0.00958	0.01883	0.02873	0.03867	0.38967	0.08977	0.25941	0.02418	0.01287	0.00352	0.00528	0.02089	0.01134	0.00990
24	0.03253	0.08291	0.03550	0.21064	0.12629	0.06932	0.02482	0.12389	0.03001	0.12409	0.02413	0.02770	0.01768	0.01142	0.01044	0.00327	0.01307	0.00935	0.00753	0.01540
