[name]
unknown

[dist]
# distance from previous block
# <min> <max>
0	98

[block]
# block no. 0 follows, 14 sequences, length 23
# corresponding to MSA columns:
# 98-120
name=unknown_A
#
# <colnr> <probs for GDERKNQSTAVLIFYWHMCP>
#	G	D	E	R	K	N	Q	S	T	A	V	L	I	F	Y	W	H	M	C	P
0	0.01929	0.01536	0.01992	0.02119	0.06863	0.01644	0.01480	0.06484	0.09308	0.03541	0.16092	0.17595	0.05385	0.06455	0.01653	0.00418	0.05557	0.07914	0.00908	0.01128
1	0.03406	0.02696	0.10226	0.02505	0.06962	0.02411	0.02082	0.18098	0.16625	0.19235	0.03202	0.03052	0.02242	0.01226	0.01025	0.00323	0.01038	0.00990	0.00980	0.01676
2	0.02445	0.10754	0.06589	0.06820	0.10240	0.02348	0.02023	0.06773	0.02272	0.07871	0.02508	0.08055	0.02229	0.02196	0.08864	0.00498	0.10217	0.01065	0.04950	0.01284
3	0.02295	0.09511	0.02126	0.01502	0.01827	0.01798	0.01109	0.10223	0.02226	0.07648	0.02910	0.04888	0.02906	0.35709	0.08431	0.00787	0.01173	0.01208	0.00711	0.01009
4	0.02163	0.06368	0.13158	0.06131	0.02783	0.01611	0.01844	0.02670	0.02289	0.12122	0.08505	0.24383	0.04430	0.02011	0.01132	0.00359	0.00927	0.05072	0.00847	0.01194
5	0.02445	0.03470	0.19754	0.07207	0.08078	0.07448	0.16067	0.03786	0.14484	0.03399	0.02417	0.02739	0.01813	0.01048	0.01054	0.00330	0.01410	0.00981	0.00610	0.01461
6	0.02744	0.64552	0.05378	0.01756	0.02634	0.04061	0.01756	0.03073	0.02085	0.02414	0.01427	0.01646	0.01317	0.00878	0.00658	0.00219	0.01097	0.00549	0.00439	0.01317
7	0.02314	0.27446	0.38723	0.02488	0.03766	0.03010	0.03031	0.03184	0.02136	0.02938	0.01687	0.01972	0.01306	0.00939	0.00857	0.00286	0.01360	0.00680	0.00435	0.01442
8	0.01294	0.01043	0.01152	0.01125	0.01436	0.00901	0.00844	0.01630	0.02531	0.03227	0.26182	0.09127	0.41047	0.02429	0.01212	0.00338	0.00508	0.02061	0.01013	0.00901
9	0.01315	0.00943	0.01249	0.01384	0.01503	0.00877	0.00958	0.01593	0.02268	0.03102	0.22202	0.45345	0.07721	0.02855	0.01278	0.00386	0.00560	0.02575	0.01010	0.00877
10	0.03125	0.02413	0.09836	0.15273	0.07725	0.02133	0.02283	0.10871	0.06269	0.20801	0.03019	0.03525	0.02223	0.01265	0.01049	0.00334	0.01123	0.04357	0.00863	0.01515
11	0.02058	0.05308	0.58618	0.02925	0.04442	0.02383	0.03792	0.03250	0.02167	0.03250	0.01842	0.02167	0.01300	0.00975	0.00975	0.00325	0.01517	0.00758	0.00433	0.01517
12	0.02367	0.02604	0.05142	0.03814	0.04526	0.02767	0.37634	0.03031	0.02155	0.03031	0.01847	0.02604	0.01491	0.01157	0.01888	0.00378	0.20651	0.01113	0.00497	0.01302
13	0.01378	0.00947	0.01153	0.01265	0.01293	0.00919	0.00778	0.01462	0.01715	0.02287	0.04375	0.33355	0.05171	0.35331	0.03380	0.00723	0.00807	0.02164	0.00778	0.00722
14	0.02553	0.02204	0.02320	0.02088	0.02669	0.02553	0.01624	0.05453	0.55679	0.04293	0.04177	0.03829	0.03133	0.01392	0.01044	0.00348	0.00812	0.01160	0.01044	0.01624
15	0.01938	0.01824	0.03078	0.61468	0.07068	0.02280	0.02850	0.02622	0.02052	0.02622	0.01824	0.02736	0.01368	0.01026	0.01026	0.00342	0.01368	0.00912	0.00456	0.01140
16	0.03833	0.04891	0.02908	0.02644	0.03173	0.59815	0.01983	0.04098	0.02908	0.02512	0.01586	0.01851	0.01322	0.01058	0.00925	0.00264	0.01851	0.00661	0.00529	0.01190
17	0.01452	0.01049	0.01372	0.01291	0.01533	0.00968	0.00968	0.01937	0.02905	0.04115	0.56992	0.07666	0.09683	0.02098	0.01210	0.00323	0.00484	0.01856	0.01130	0.00968
18	0.02422	0.02768	0.06055	0.04325	0.05363	0.02595	0.53806	0.03287	0.02422	0.03287	0.02076	0.02768	0.01557	0.00865	0.01211	0.00346	0.01730	0.01211	0.00519	0.01384
19	0.01492	0.00995	0.01119	0.01119	0.01119	0.00995	0.00622	0.01492	0.01492	0.01990	0.03233	0.06716	0.03731	0.63935	0.05223	0.00995	0.00995	0.01492	0.00622	0.00622
20	0.01492	0.00995	0.01119	0.01119	0.01119	0.00995	0.00622	0.01492	0.01492	0.01990	0.03233	0.06716	0.03731	0.63935	0.05223	0.00995	0.00995	0.01492	0.00622	0.00622
21	0.71184	0.01985	0.01508	0.01350	0.01985	0.02302	0.01111	0.03017	0.01746	0.04604	0.01429	0.01667	0.01111	0.00953	0.00635	0.00318	0.00794	0.00556	0.00635	0.01111
22	0.01937	0.03083	0.25118	0.06997	0.03581	0.01914	0.06962	0.06532	0.02349	0.03247	0.03662	0.19166	0.07653	0.01724	0.01113	0.00353	0.01163	0.01518	0.00672	0.01256

[dist]
# distance from previous block
# <min> <max>
0	1

[block]
# block no. 1 follows, 14 sequences, length 71
# corresponding to MSA columns:
# 122-192
name=unknown_B
#
# <colnr> <probs for GDERKNQSTAVLIFYWHMCP>
#	G	D	E	R	K	N	Q	S	T	A	V	L	I	F	Y	W	H	M	C	P
0	0.31906	0.01932	0.02054	0.01647	0.02385	0.01948	0.01357	0.07570	0.02528	0.28710	0.02705	0.02574	0.01825	0.01102	0.00850	0.00306	0.00851	0.00799	0.00946	0.06004
1	0.02422	0.02768	0.06055	0.04325	0.05363	0.02595	0.53806	0.03287	0.02422	0.03287	0.02076	0.02768	0.01557	0.00865	0.01211	0.00346	0.01730	0.01211	0.00519	0.01384
2	0.06890	0.02554	0.08497	0.04109	0.23471	0.02327	0.13726	0.06444	0.06097	0.03608	0.02581	0.07477	0.02279	0.01241	0.01077	0.00337	0.01234	0.03971	0.00640	0.01441
3	0.02477	0.02282	0.07315	0.28718	0.20774	0.02313	0.02789	0.03101	0.02212	0.09700	0.02089	0.02689	0.01581	0.01085	0.01220	0.00336	0.06453	0.00915	0.00569	0.01383
4	0.01288	0.01043	0.01144	0.01119	0.01432	0.00898	0.00839	0.01619	0.02517	0.03195	0.25068	0.09180	0.42181	0.02441	0.01212	0.00339	0.00509	0.02068	0.01009	0.00898
5	0.12647	0.01856	0.02380	0.09794	0.03153	0.01847	0.01685	0.08719	0.02801	0.35723	0.03352	0.03559	0.02333	0.01289	0.01003	0.00329	0.00957	0.04003	0.01037	0.01533
6	0.15814	0.21938	0.11247	0.10229	0.07388	0.03001	0.02191	0.10973	0.02472	0.03675	0.01735	0.02059	0.01371	0.00983	0.00830	0.00289	0.01147	0.00712	0.00574	0.01370
7	0.03941	0.02287	0.02663	0.02064	0.02822	0.02355	0.01696	0.31008	0.03945	0.25604	0.08020	0.03322	0.02765	0.01325	0.01045	0.00313	0.00975	0.01049	0.01127	0.01675
8	0.01492	0.00995	0.01119	0.01119	0.01119	0.00995	0.00622	0.01492	0.01492	0.01990	0.03233	0.06716	0.03731	0.63935	0.05223	0.00995	0.00995	0.01492	0.00622	0.00622
9	0.01452	0.01049	0.01372	0.01291	0.01533	0.00968	0.00968	0.01937	0.02905	0.04115	0.56992	0.07666	0.09683	0.02098	0.01210	0.00323	0.00484	0.01856	0.01130	0.00968
10	0.01419	0.01048	0.01326	0.01256	0.01513	0.00954	0.00942	0.01873	0.02827	0.03930	0.50562	0.07971	0.16229	0.02167	0.01211	0.00326	0.00489	0.01899	0.01105	0.00954
11	0.01435	0.01048	0.01348	0.01273	0.01523	0.00961	0.00955	0.01903	0.02864	0.04019	0.53638	0.07825	0.13097	0.02134	0.01211	0.00324	0.00487	0.01878	0.01117	0.00961
12	0.01431	0.01048	0.01342	0.01268	0.01520	0.00959	0.00951	0.01895	0.02854	0.03994	0.52794	0.07865	0.13956	0.02143	0.01211	0.00325	0.00487	0.01884	0.01114	0.00959
13	0.71184	0.01985	0.01508	0.01350	0.01985	0.02302	0.01111	0.03017	0.01746	0.04604	0.01429	0.01667	0.01111	0.00953	0.00635	0.00318	0.00794	0.00556	0.00635	0.01111
14	0.01250	0.00893	0.01191	0.01429	0.01488	0.00834	0.00953	0.01429	0.01965	0.02620	0.05656	0.63265	0.06787	0.03215	0.01310	0.00417	0.00595	0.02917	0.00953	0.00834
15	0.71184	0.01985	0.01508	0.01350	0.01985	0.02302	0.01111	0.03017	0.01746	0.04604	0.01429	0.01667	0.01111	0.00953	0.00635	0.00318	0.00794	0.00556	0.00635	0.01111
16	0.71184	0.01985	0.01508	0.01350	0.01985	0.02302	0.01111	0.03017	0.01746	0.04604	0.01429	0.01667	0.01111	0.00953	0.00635	0.00318	0.00794	0.00556	0.00635	0.01111
17	0.01452	0.01049	0.01372	0.01291	0.01533	0.00968	0.00968	0.01937	0.02905	0.04115	0.56992	0.07666	0.09683	0.02098	0.01210	0.00323	0.00484	0.01856	0.01130	0.00968
18	0.71184	0.01985	0.01508	0.01350	0.01985	0.02302	0.01111	0.03017	0.01746	0.04604	0.01429	0.01667	0.01111	0.00953	0.00635	0.00318	0.00794	0.00556	0.00635	0.01111
19	0.03901	0.02874	0.03080	0.02361	0.03182	0.03182	0.01951	0.54111	0.04825	0.06468	0.02464	0.02464	0.01745	0.01232	0.01027	0.00308	0.01129	0.00924	0.01027	0.01745
20	0.02245	0.02245	0.03143	0.02694	0.02694	0.03143	0.02245	0.02470	0.01572	0.02470	0.01347	0.02245	0.01347	0.01796	0.03368	0.00449	0.62057	0.00898	0.00449	0.01123
21	0.03887	0.01536	0.02002	0.01594	0.02240	0.01361	0.01298	0.04306	0.02728	0.43743	0.03862	0.03582	0.02564	0.01250	0.00948	0.00297	0.00768	0.01012	0.19486	0.01536
22	0.04604	0.01746	0.02382	0.01826	0.02620	0.01508	0.01508	0.05001	0.02937	0.58244	0.04049	0.03493	0.02540	0.01270	0.01032	0.00318	0.00873	0.01032	0.01270	0.01746
23	0.02386	0.02299	0.03138	0.02666	0.02736	0.03147	0.02220	0.06877	0.01849	0.02811	0.01442	0.02264	0.01381	0.01748	0.03168	0.00437	0.56857	0.00900	0.00498	0.01176
24	0.01442	0.01030	0.01411	0.01648	0.01792	0.00999	0.01286	0.01761	0.02154	0.02835	0.05550	0.38661	0.06368	0.03034	0.01361	0.00443	0.00762	0.25627	0.00949	0.00887
25	0.01245	0.00913	0.01171	0.01377	0.01475	0.00838	0.00929	0.01435	0.02015	0.02640	0.06290	0.56124	0.13519	0.03133	0.01297	0.00407	0.00585	0.02817	0.00953	0.00838
26	0.01276	0.00912	0.01221	0.01459	0.01530	0.00856	0.00998	0.01474	0.01990	0.02649	0.05642	0.59929	0.06730	0.03191	0.01317	0.00420	0.00618	0.05997	0.00952	0.00841
27	0.01938	0.01824	0.03078	0.61468	0.07068	0.02280	0.02850	0.02622	0.02052	0.02622	0.01824	0.02736	0.01368	0.01026	0.01026	0.00342	0.01368	0.00912	0.00456	0.01140
28	0.03901	0.02874	0.03080	0.02361	0.03182	0.03182	0.01951	0.54111	0.04825	0.06468	0.02464	0.02464	0.01745	0.01232	0.01027	0.00308	0.01129	0.00924	0.01027	0.01745
29	0.71184	0.01985	0.01508	0.01350	0.01985	0.02302	0.01111	0.03017	0.01746	0.04604	0.01429	0.01667	0.01111	0.00953	0.00635	0.00318	0.00794	0.00556	0.00635	0.01111
30	0.01452	0.01049	0.01372	0.01291	0.01533	0.00968	0.00968	0.01937	0.02905	0.04115	0.56992	0.07666	0.09683	0.02098	0.01210	0.00323	0.00484	0.01856	0.01130	0.00968
31	0.53087	0.02132	0.01927	0.06663	0.02635	0.02460	0.01412	0.12238	0.02330	0.04773	0.01650	0.01903	0.01248	0.01009	0.00739	0.00318	0.00904	0.00653	0.00691	0.01229
32	0.02319	0.02315	0.03443	0.36878	0.24362	0.07519	0.02877	0.02939	0.02229	0.02868	0.01840	0.02588	0.01454	0.00990	0.01013	0.00322	0.01359	0.00890	0.00481	0.01314
33	0.01316	0.00940	0.01266	0.01504	0.01592	0.00890	0.01067	0.01543	0.02030	0.02693	0.05620	0.54839	0.06644	0.03153	0.01327	0.00426	0.00652	0.10695	0.00951	0.00852
34	0.01938	0.01824	0.03078	0.61468	0.07068	0.02280	0.02850	0.02622	0.02052	0.02622	0.01824	0.02736	0.01368	0.01026	0.01026	0.00342	0.01368	0.00912	0.00456	0.01140
35	0.01295	0.00927	0.01230	0.01399	0.01498	0.00863	0.00956	0.01540	0.02171	0.02947	0.16903	0.51084	0.07422	0.02970	0.01288	0.00396	0.00571	0.02685	0.00991	0.00863
36	0.01322	0.01044	0.01191	0.01155	0.01453	0.00913	0.00866	0.01685	0.02598	0.03386	0.31701	0.08865	0.35429	0.02370	0.01212	0.00336	0.00503	0.02024	0.01034	0.00913
37	0.02744	0.64552	0.05378	0.01756	0.02634	0.04061	0.01756	0.03073	0.02085	0.02414	0.01427	0.01646	0.01317	0.00878	0.00658	0.00219	0.01097	0.00549	0.00439	0.01317
38	0.01492	0.00995	0.01119	0.01119	0.01119	0.00995	0.00622	0.01492	0.01492	0.01990	0.03233	0.06716	0.03731	0.63935	0.05223	0.00995	0.00995	0.01492	0.00622	0.00622
39	0.02744	0.64552	0.05378	0.01756	0.02634	0.04061	0.01756	0.03073	0.02085	0.02414	0.01427	0.01646	0.01317	0.00878	0.00658	0.00219	0.01097	0.00549	0.00439	0.01317
40	0.02317	0.02599	0.05617	0.04064	0.05014	0.02436	0.49045	0.03120	0.02381	0.03227	0.02399	0.08218	0.02028	0.01077	0.01220	0.00352	0.01628	0.01365	0.00558	0.01334
41	0.01431	0.01048	0.01342	0.01268	0.01520	0.00959	0.00951	0.01894	0.02853	0.03993	0.52750	0.07867	0.14001	0.02144	0.01211	0.00325	0.00487	0.01884	0.01114	0.00959
42	0.03273	0.02562	0.02726	0.02234	0.02943	0.02889	0.01799	0.31444	0.28515	0.05454	0.03262	0.03100	0.02392	0.01307	0.01035	0.00327	0.00982	0.01034	0.01035	0.01689
43	0.01269	0.00907	0.01207	0.01416	0.01492	0.00846	0.00954	0.01475	0.02049	0.02754	0.10281	0.58256	0.07048	0.03114	0.01301	0.00408	0.00585	0.02822	0.00969	0.00846
44	0.03901	0.02874	0.03080	0.02361	0.03182	0.03182	0.01951	0.54111	0.04825	0.06468	0.02464	0.02464	0.01745	0.01232	0.01027	0.00308	0.01129	0.00924	0.01027	0.01745
45	0.03811	0.02830	0.03029	0.02343	0.03148	0.03140	0.01929	0.50860	0.08223	0.06322	0.02578	0.02555	0.01838	0.01243	0.01028	0.00311	0.01108	0.00940	0.01028	0.01737
46	0.01250	0.00893	0.01191	0.01429	0.01488	0.00834	0.00953	0.01429	0.01965	0.02620	0.05656	0.63265	0.06787	0.03215	0.01310	0.00417	0.00595	0.02917	0.00953	0.00834
47	0.03833	0.04891	0.02908	0.02644	0.03173	0.59815	0.01983	0.04098	0.02908	0.02512	0.01586	0.01851	0.01322	0.01058	0.00925	0.00264	0.01851	0.00661	0.00529	0.01190
48	0.01938	0.01824	0.03078	0.61468	0.07068	0.02280	0.02850	0.02622	0.02052	0.02622	0.01824	0.02736	0.01368	0.01026	0.01026	0.00342	0.01368	0.00912	0.00456	0.01140
49	0.02245	0.02245	0.03143	0.02694	0.02694	0.03143	0.02245	0.02470	0.01572	0.02470	0.01347	0.02245	0.01347	0.01796	0.03368	0.00449	0.62057	0.00898	0.00449	0.01123
50	0.04060	0.01587	0.02094	0.01650	0.02332	0.01397	0.01348	0.04474	0.02779	0.47246	0.03907	0.03560	0.02558	0.01255	0.00968	0.00302	0.00793	0.01017	0.15087	0.01587
51	0.01624	0.01347	0.01480	0.01495	0.01713	0.05279	0.01081	0.02143	0.06171	0.03448	0.30011	0.27943	0.07538	0.02396	0.01216	0.00356	0.00647	0.02122	0.01014	0.00978
52	0.10666	0.01768	0.02302	0.01782	0.02562	0.01581	0.01472	0.04821	0.02829	0.53361	0.03810	0.03327	0.02410	0.01241	0.00996	0.00318	0.00866	0.00989	0.01212	0.01689
53	0.02469	0.02117	0.02249	0.02028	0.02582	0.02432	0.01575	0.05187	0.51680	0.04279	0.08179	0.04120	0.03629	0.01446	0.01057	0.00346	0.00787	0.01213	0.01051	0.01575
54	0.01938	0.01824	0.03078	0.61468	0.07068	0.02280	0.02850	0.02622	0.02052	0.02622	0.01824	0.02736	0.01368	0.01026	0.01026	0.00342	0.01368	0.00912	0.00456	0.01140
55	0.03410	0.03418	0.23215	0.02527	0.03582	0.07178	0.07143	0.04127	0.02607	0.28220	0.02845	0.02797	0.01890	0.01107	0.01018	0.00318	0.01273	0.00915	0.00831	0.01580
56	0.02744	0.64552	0.05378	0.01756	0.02634	0.04061	0.01756	0.03073	0.02085	0.02414	0.01427	0.01646	0.01317	0.00878	0.00658	0.00219	0.01097	0.00549	0.00439	0.01317
57	0.01452	0.01049	0.01372	0.01291	0.01533	0.00968	0.00968	0.01937	0.02905	0.04115	0.56992	0.07666	0.09683	0.02098	0.01210	0.00323	0.00484	0.01856	0.01130	0.00968
58	0.71184	0.01985	0.01508	0.01350	0.01985	0.02302	0.01111	0.03017	0.01746	0.04604	0.01429	0.01667	0.01111	0.00953	0.00635	0.00318	0.00794	0.00556	0.00635	0.01111
59	0.02370	0.01977	0.02289	0.02325	0.07153	0.02180	0.01682	0.08686	0.31929	0.04026	0.04562	0.08836	0.07571	0.01736	0.01120	0.00362	0.00858	0.07930	0.00971	0.01437
60	0.02702	0.01911	0.02270	0.01707	0.02522	0.01664	0.01379	0.10909	0.02622	0.11671	0.02329	0.02551	0.01798	0.01539	0.06222	0.00337	0.01015	0.00763	0.00764	0.43327
61	0.02540	0.02438	0.04165	0.06299	0.57533	0.02438	0.03149	0.03149	0.02337	0.03353	0.01930	0.02540	0.01626	0.00914	0.01016	0.00305	0.01219	0.00914	0.00508	0.01626
62	0.04551	0.01832	0.02434	0.01866	0.02662	0.01635	0.01542	0.08723	0.03080	0.54320	0.03928	0.03415	0.02480	0.01267	0.01032	0.00317	0.00893	0.01024	0.01252	0.01746
63	0.02474	0.03202	0.21444	0.06276	0.03556	0.02411	0.02432	0.04491	0.30688	0.07230	0.03222	0.03172	0.02358	0.01219	0.01019	0.00338	0.01091	0.01000	0.00813	0.01564
64	0.01874	0.00964	0.00992	0.00985	0.01224	0.00957	0.00739	0.02352	0.02216	0.03851	0.07925	0.04154	0.03232	0.01273	0.00759	0.00246	0.00479	0.01033	0.63786	0.00957
65	0.01250	0.00893	0.01191	0.01429	0.01488	0.00834	0.00953	0.01429	0.01965	0.02620	0.05656	0.63265	0.06787	0.03215	0.01310	0.00417	0.00595	0.02917	0.00953	0.00834
66	0.08163	0.02916	0.17634	0.08321	0.15886	0.02137	0.05780	0.03672	0.02405	0.19446	0.02490	0.02687	0.01744	0.01044	0.00994	0.00320	0.01207	0.00899	0.00718	0.01537
67	0.02769	0.02567	0.07210	0.12712	0.31769	0.02466	0.06237	0.10755	0.02703	0.07667	0.02152	0.02617	0.01649	0.01003	0.01031	0.00315	0.01254	0.00934	0.00629	0.01562
68	0.02189	0.02162	0.03035	0.02619	0.02632	0.03009	0.02176	0.02424	0.01577	0.02463	0.01448	0.02374	0.01435	0.02223	0.07451	0.00536	0.57771	0.00913	0.00456	0.01108
69	0.01492	0.00995	0.01119	0.01119	0.01119	0.00995	0.00622	0.01492	0.01492	0.01990	0.03233	0.06716	0.03731	0.63935	0.05223	0.00995	0.00995	0.01492	0.00622	0.00622
70	0.02455	0.02678	0.15557	0.31547	0.12885	0.02208	0.02899	0.03199	0.02252	0.11328	0.02181	0.02696	0.01567	0.01036	0.01014	0.00329	0.01305	0.00896	0.00582	0.01385

[dist]
# distance from previous block
# <min> <max>
0	12

[block]
# block no. 2 follows, 14 sequences, length 25
# corresponding to MSA columns:
# 205-229
name=unknown_C
#
# <colnr> <probs for GDERKNQSTAVLIFYWHMCP>
#	G	D	E	R	K	N	Q	S	T	A	V	L	I	F	Y	W	H	M	C	P
0	0.02485	0.09912	0.04353	0.19134	0.22355	0.07075	0.14039	0.03110	0.02297	0.02975	0.01849	0.02481	0.01484	0.00939	0.01012	0.00310	0.01405	0.00916	0.00491	0.01378
1	0.01266	0.01051	0.01114	0.01125	0.01455	0.00899	0.00862	0.01561	0.02388	0.02907	0.13902	0.09821	0.49270	0.02575	0.01228	0.00354	0.00549	0.05824	0.00967	0.00881
2	0.01452	0.01037	0.01397	0.01499	0.01636	0.01049	0.01114	0.01742	0.02025	0.02754	0.11469	0.22217	0.05555	0.14805	0.14313	0.00778	0.01178	0.12292	0.00831	0.00855
3	0.02128	0.01824	0.02128	0.01520	0.02432	0.01368	0.01216	0.02584	0.02128	0.03344	0.01824	0.02128	0.01520	0.00760	0.00760	0.00152	0.00760	0.00608	0.00608	0.70208
4	0.02058	0.05308	0.58618	0.02925	0.04442	0.02383	0.03792	0.03250	0.02167	0.03250	0.01842	0.02167	0.01300	0.00975	0.00975	0.00325	0.01517	0.00758	0.00433	0.01517
5	0.04558	0.01820	0.02427	0.01861	0.02656	0.01617	0.01537	0.08205	0.03060	0.54867	0.03945	0.03426	0.02488	0.01268	0.01032	0.00317	0.00890	0.01025	0.01254	0.01746
6	0.02484	0.09933	0.21950	0.07512	0.04303	0.05629	0.16183	0.03246	0.02228	0.06297	0.01917	0.02386	0.01456	0.01064	0.01305	0.00333	0.08985	0.00895	0.00515	0.01381
7	0.01317	0.01016	0.01203	0.01215	0.01465	0.00902	0.00889	0.01653	0.02499	0.03290	0.28449	0.18959	0.28428	0.02511	0.01230	0.00350	0.00519	0.02180	0.01025	0.00902
8	0.02141	0.12420	0.52226	0.02785	0.04225	0.02585	0.03547	0.03229	0.02157	0.03150	0.01792	0.02104	0.01302	0.00963	0.00937	0.00312	0.01466	0.00733	0.00434	0.01493
9	0.03967	0.01653	0.02135	0.01702	0.02383	0.01507	0.01385	0.04599	0.07479	0.44247	0.03941	0.03579	0.02608	0.01268	0.00980	0.00307	0.00801	0.01031	0.12827	0.01602
10	0.01730	0.01393	0.02099	0.13028	0.12486	0.01435	0.01670	0.02203	0.02369	0.03345	0.20748	0.18096	0.05452	0.01865	0.01120	0.00337	0.00799	0.01676	0.07061	0.01085
11	0.01997	0.01903	0.01847	0.06600	0.02372	0.11925	0.01349	0.02632	0.06893	0.03628	0.35291	0.06035	0.09913	0.01795	0.01130	0.00317	0.00835	0.01525	0.00946	0.01068
12	0.02992	0.02825	0.19303	0.02459	0.03400	0.01841	0.09532	0.03704	0.02583	0.24359	0.08104	0.04109	0.02994	0.01343	0.01092	0.00338	0.01154	0.05510	0.00875	0.01484
13	0.01617	0.01155	0.01612	0.01848	0.02069	0.01150	0.01591	0.02063	0.02327	0.03031	0.05454	0.16222	0.05985	0.02869	0.01408	0.00467	0.00914	0.46338	0.00946	0.00935
14	0.01511	0.01068	0.01491	0.01491	0.01646	0.01201	0.01112	0.01822	0.01666	0.02442	0.02890	0.04497	0.02782	0.17254	0.44652	0.01403	0.02227	0.01157	0.06819	0.00867
15	0.02360	0.03412	0.24227	0.02414	0.03358	0.02487	0.02468	0.04596	0.34856	0.03887	0.03268	0.03182	0.02419	0.01230	0.01017	0.00339	0.01086	0.01004	0.00806	0.01582
16	0.03126	0.02773	0.16066	0.08376	0.13438	0.02005	0.05582	0.03803	0.02492	0.24087	0.02706	0.02822	0.01863	0.01062	0.01010	0.00311	0.01174	0.00922	0.00782	0.05598
17	0.02482	0.19338	0.30420	0.02814	0.08528	0.02894	0.02868	0.07963	0.07144	0.03432	0.02009	0.02245	0.01536	0.01005	0.00910	0.00297	0.01288	0.00771	0.00549	0.01507
18	0.07096	0.06907	0.02774	0.13436	0.07641	0.07383	0.01898	0.03870	0.11819	0.16755	0.07601	0.03306	0.02696	0.01223	0.00986	0.00315	0.01049	0.00997	0.00837	0.01411
19	0.02104	0.05023	0.53451	0.02848	0.04279	0.02399	0.03593	0.03452	0.07078	0.03346	0.02056	0.02319	0.01468	0.01013	0.00981	0.00327	0.01452	0.00795	0.00489	0.01527
20	0.02361	0.31478	0.35100	0.02409	0.03643	0.03124	0.02892	0.03172	0.02131	0.02881	0.01658	0.01937	0.01307	0.00932	0.00835	0.00278	0.01331	0.00666	0.00436	0.01428
21	0.02465	0.03212	0.25772	0.06003	0.03703	0.02044	0.06609	0.03215	0.02275	0.13421	0.02901	0.08846	0.02471	0.01463	0.01277	0.00358	0.06315	0.05576	0.00693	0.01382
22	0.01284	0.00934	0.01211	0.01371	0.01488	0.00861	0.00941	0.01525	0.02167	0.02905	0.15412	0.48677	0.11510	0.02960	0.01284	0.00394	0.00569	0.02661	0.00985	0.00861
23	0.01250	0.00893	0.01191	0.01429	0.01488	0.00834	0.00953	0.01429	0.01965	0.02620	0.05656	0.63265	0.06787	0.03215	0.01310	0.00417	0.00595	0.02917	0.00953	0.00834
24	0.35557	0.06782	0.02411	0.02034	0.07233	0.02288	0.01520	0.07566	0.02405	0.19876	0.02306	0.02329	0.01632	0.01056	0.00815	0.00308	0.00903	0.00752	0.00822	0.01404

[dist]
# distance from previous block
# <min> <max>
1	17

[block]
# block no. 3 follows, 14 sequences, length 67
# corresponding to MSA columns:
# 247-313
name=unknown_D
#
# <colnr> <probs for GDERKNQSTAVLIFYWHMCP>
#	G	D	E	R	K	N	Q	S	T	A	V	L	I	F	Y	W	H	M	C	P
0	0.03409	0.02850	0.07274	0.06047	0.03468	0.13343	0.07944	0.08403	0.02789	0.20953	0.02791	0.03310	0.02095	0.01289	0.01229	0.00332	0.05885	0.04325	0.00822	0.01441
1	0.02128	0.01824	0.02128	0.01520	0.02432	0.01368	0.01216	0.02584	0.02128	0.03344	0.01824	0.02128	0.01520	0.00760	0.00760	0.00152	0.00760	0.00608	0.00608	0.70208
2	0.02884	0.57060	0.05098	0.01829	0.02701	0.03954	0.01780	0.09273	0.02418	0.02907	0.01553	0.01746	0.01369	0.00921	0.00703	0.00230	0.01101	0.00594	0.00510	0.01369
3	0.01486	0.01022	0.01254	0.01254	0.01301	0.01068	0.00790	0.01579	0.01532	0.02090	0.03110	0.06033	0.03435	0.49633	0.19120	0.01161	0.01441	0.01392	0.00603	0.00697
4	0.01452	0.01049	0.01372	0.01291	0.01533	0.00968	0.00968	0.01937	0.02905	0.04115	0.56992	0.07666	0.09683	0.02098	0.01210	0.00323	0.00484	0.01856	0.01130	0.00968
5	0.01323	0.00993	0.01227	0.01276	0.01481	0.00897	0.00916	0.01647	0.02440	0.03267	0.27749	0.27405	0.20412	0.02607	0.01245	0.00361	0.00531	0.02299	0.01025	0.00897
6	0.02744	0.64552	0.05378	0.01756	0.02634	0.04061	0.01756	0.03073	0.02085	0.02414	0.01427	0.01646	0.01317	0.00878	0.00658	0.00219	0.01097	0.00549	0.00439	0.01317
7	0.03507	0.01425	0.01801	0.01472	0.02039	0.01283	0.01186	0.03938	0.02617	0.36067	0.03763	0.03629	0.02577	0.01240	0.00904	0.00286	0.00712	0.01001	0.29129	0.01425
8	0.01213	0.01040	0.01040	0.01040	0.01386	0.00866	0.00780	0.01473	0.02339	0.02772	0.10396	0.09876	0.57117	0.02599	0.01213	0.00347	0.00520	0.02166	0.00953	0.00866
9	0.02744	0.64552	0.05378	0.01756	0.02634	0.04061	0.01756	0.03073	0.02085	0.02414	0.01427	0.01646	0.01317	0.00878	0.00658	0.00219	0.01097	0.00549	0.00439	0.01317
10	0.03833	0.04891	0.02908	0.02644	0.03173	0.59815	0.01983	0.04098	0.02908	0.02512	0.01586	0.01851	0.01322	0.01058	0.00925	0.00264	0.01851	0.00661	0.00529	0.01190
11	0.01334	0.01031	0.01080	0.01068	0.01385	0.00893	0.00801	0.01654	0.02402	0.03103	0.16583	0.08807	0.43328	0.02353	0.01152	0.00330	0.00509	0.01972	0.09322	0.00893
12	0.02692	0.60082	0.09395	0.01844	0.02770	0.03934	0.01910	0.03086	0.02091	0.02477	0.01458	0.01685	0.01316	0.00885	0.00682	0.00227	0.01129	0.00565	0.00439	0.01332
13	0.02553	0.02204	0.02320	0.02088	0.02669	0.02553	0.01624	0.05453	0.55679	0.04293	0.04177	0.03829	0.03133	0.01392	0.01044	0.00348	0.00812	0.01160	0.01044	0.01624
14	0.02540	0.02438	0.04165	0.06299	0.57533	0.02438	0.03149	0.03149	0.02337	0.03353	0.01930	0.02540	0.01626	0.00914	0.01016	0.00305	0.01219	0.00914	0.00508	0.01626
15	0.01720	0.01111	0.01439	0.01321	0.01621	0.01010	0.01003	0.02180	0.02867	0.08907	0.48812	0.07450	0.12495	0.02060	0.01194	0.00324	0.00522	0.01804	0.01129	0.01031
16	0.03772	0.23159	0.03497	0.01896	0.02670	0.02600	0.01671	0.07766	0.02699	0.31982	0.02872	0.02712	0.01991	0.01168	0.01054	0.00292	0.04868	0.00852	0.00918	0.01561
17	0.01250	0.00893	0.01191	0.01429	0.01488	0.00834	0.00953	0.01429	0.01965	0.02620	0.05656	0.63265	0.06787	0.03215	0.01310	0.00417	0.00595	0.02917	0.00953	0.00834
18	0.01282	0.00933	0.01209	0.01370	0.01487	0.00860	0.00940	0.01521	0.02163	0.02894	0.15036	0.48747	0.11839	0.02965	0.01284	0.00394	0.00569	0.02664	0.00984	0.00860
19	0.04094	0.02135	0.09148	0.01925	0.02772	0.01580	0.01751	0.04593	0.02842	0.48104	0.07165	0.03599	0.02846	0.01287	0.01036	0.00319	0.00927	0.01051	0.01160	0.01669
20	0.10457	0.01995	0.05887	0.01853	0.02678	0.01636	0.01618	0.04710	0.02781	0.49893	0.03671	0.03243	0.02332	0.01223	0.00993	0.00318	0.00907	0.00972	0.01159	0.01674
21	0.01913	0.00956	0.00956	0.00956	0.01196	0.00956	0.00717	0.02391	0.02152	0.03826	0.03348	0.03826	0.02630	0.01196	0.00717	0.00239	0.00478	0.00956	0.69632	0.00956
22	0.02667	0.02102	0.02980	0.10410	0.15277	0.06195	0.05057	0.03163	0.02496	0.13578	0.14320	0.03797	0.03476	0.01365	0.01342	0.00332	0.08185	0.01140	0.00777	0.01339
23	0.02108	0.01819	0.03033	0.57656	0.06784	0.02231	0.02764	0.02774	0.02109	0.06178	0.01966	0.02784	0.01443	0.01042	0.01026	0.00340	0.01336	0.00920	0.00508	0.01179
24	0.02004	0.01899	0.03165	0.53358	0.10596	0.02350	0.02832	0.02652	0.02041	0.02667	0.01800	0.02688	0.01386	0.01069	0.01182	0.00346	0.05418	0.00911	0.00459	0.01176
25	0.48057	0.02678	0.02138	0.02235	0.08993	0.14946	0.01550	0.03270	0.02073	0.03993	0.01524	0.01813	0.01220	0.00971	0.00745	0.00304	0.01078	0.00622	0.00596	0.01191
26	0.01228	0.00981	0.01100	0.01195	0.01427	0.00853	0.00849	0.01455	0.02189	0.02711	0.08502	0.31210	0.37005	0.02845	0.01252	0.00375	0.00550	0.02466	0.00953	0.00853
27	0.02215	0.02127	0.02806	0.22179	0.04284	0.06195	0.05797	0.02765	0.02183	0.03031	0.01825	0.02362	0.01456	0.00881	0.00897	0.00240	0.01122	0.00761	0.00544	0.36330
28	0.01452	0.01049	0.01372	0.01291	0.01533	0.00968	0.00968	0.01937	0.02905	0.04115	0.56992	0.07666	0.09683	0.02098	0.01210	0.00323	0.00484	0.01856	0.01130	0.00968
29	0.01297	0.00955	0.01215	0.01336	0.01485	0.00873	0.00931	0.01566	0.02261	0.03026	0.19520	0.41091	0.14996	0.02837	0.01270	0.00382	0.00556	0.02534	0.00998	0.00873
30	0.03590	0.01986	0.02299	0.01848	0.02512	0.02036	0.01499	0.19078	0.10455	0.24933	0.03459	0.03299	0.02403	0.01261	0.00970	0.00303	0.00863	0.01002	0.14629	0.01574
31	0.02805	0.01998	0.02215	0.01809	0.02356	0.02133	0.01452	0.29476	0.03814	0.05315	0.20993	0.04405	0.04545	0.01519	0.01047	0.00304	0.00823	0.01243	0.10374	0.01376
32	0.31737	0.01844	0.02026	0.01632	0.02361	0.01832	0.01347	0.04192	0.02452	0.36385	0.02981	0.02749	0.01958	0.01141	0.00870	0.00318	0.00841	0.00838	0.01011	0.01488
33	0.71184	0.01985	0.01508	0.01350	0.01985	0.02302	0.01111	0.03017	0.01746	0.04604	0.01429	0.01667	0.01111	0.00953	0.00635	0.00318	0.00794	0.00556	0.00635	0.01111
34	0.04604	0.01746	0.02382	0.01826	0.02620	0.01508	0.01508	0.05001	0.02937	0.58244	0.04049	0.03493	0.02540	0.01270	0.01032	0.00318	0.00873	0.01032	0.01270	0.01746
35	0.71184	0.01985	0.01508	0.01350	0.01985	0.02302	0.01111	0.03017	0.01746	0.04604	0.01429	0.01667	0.01111	0.00953	0.00635	0.00318	0.00794	0.00556	0.00635	0.01111
36	0.04519	0.01883	0.02466	0.01891	0.02688	0.01712	0.01562	0.10967	0.03167	0.51955	0.03856	0.03368	0.02444	0.01265	0.01031	0.00316	0.00904	0.01019	0.01241	0.01746
37	0.02540	0.02438	0.04165	0.06299	0.57533	0.02438	0.03149	0.03149	0.02337	0.03353	0.01930	0.02540	0.01626	0.00914	0.01016	0.00305	0.01219	0.00914	0.00508	0.01626
38	0.03507	0.01425	0.01801	0.01472	0.02039	0.01283	0.01186	0.03938	0.02617	0.36067	0.03763	0.03629	0.02577	0.01240	0.00904	0.00286	0.00712	0.01001	0.29129	0.01425
39	0.02744	0.64552	0.05378	0.01756	0.02634	0.04061	0.01756	0.03073	0.02085	0.02414	0.01427	0.01646	0.01317	0.00878	0.00658	0.00219	0.01097	0.00549	0.00439	0.01317
40	0.02128	0.01824	0.02128	0.01520	0.02432	0.01368	0.01216	0.02584	0.02128	0.03344	0.01824	0.02128	0.01520	0.00760	0.00760	0.00152	0.00760	0.00608	0.00608	0.70208
41	0.02553	0.02204	0.02320	0.02088	0.02669	0.02553	0.01624	0.05453	0.55679	0.04293	0.04177	0.03829	0.03133	0.01392	0.01044	0.00348	0.00812	0.01160	0.01044	0.01624
42	0.01938	0.01824	0.03078	0.61468	0.07068	0.02280	0.02850	0.02622	0.02052	0.02622	0.01824	0.02736	0.01368	0.01026	0.01026	0.00342	0.01368	0.00912	0.00456	0.01140
43	0.01242	0.00926	0.01157	0.01342	0.01466	0.00841	0.00914	0.01439	0.02049	0.02654	0.06718	0.51303	0.18064	0.03077	0.01288	0.00401	0.00578	0.02749	0.00953	0.00841
44	0.02162	0.02052	0.03482	0.40970	0.25819	0.02339	0.02961	0.02818	0.02158	0.02893	0.01863	0.02663	0.01464	0.00985	0.01022	0.00328	0.01313	0.00913	0.00475	0.01320
45	0.01331	0.00989	0.01133	0.01187	0.01343	0.00907	0.00792	0.01509	0.02032	0.02612	0.11171	0.22431	0.23376	0.21681	0.02478	0.00563	0.00683	0.02123	0.00866	0.00791
46	0.01934	0.01125	0.01450	0.01334	0.01641	0.01033	0.01012	0.02385	0.02755	0.11524	0.39661	0.10339	0.07637	0.01948	0.01132	0.00318	0.00545	0.01703	0.09459	0.01066
47	0.02744	0.64552	0.05378	0.01756	0.02634	0.04061	0.01756	0.03073	0.02085	0.02414	0.01427	0.01646	0.01317	0.00878	0.00658	0.00219	0.01097	0.00549	0.00439	0.01317
48	0.01307	0.01030	0.01180	0.01170	0.01451	0.00902	0.00867	0.01645	0.02521	0.03270	0.27707	0.13858	0.34512	0.02464	0.01221	0.00344	0.00513	0.02116	0.01020	0.00902
49	0.03944	0.02487	0.02889	0.06690	0.03323	0.02657	0.01898	0.36817	0.04100	0.20301	0.02848	0.02765	0.01934	0.01227	0.01028	0.00313	0.01077	0.00953	0.01050	0.01700
50	0.02369	0.13515	0.44430	0.02728	0.04035	0.09594	0.03288	0.03328	0.02245	0.03044	0.01753	0.02056	0.01305	0.00971	0.00925	0.00303	0.01499	0.00717	0.00446	0.01449
51	0.03824	0.02309	0.02603	0.02026	0.02761	0.02427	0.01664	0.33772	0.03951	0.20199	0.03014	0.02928	0.02081	0.01237	0.00986	0.00301	0.00972	0.00958	0.10347	0.01639
52	0.03225	0.02187	0.02260	0.01865	0.02452	0.08841	0.01484	0.16806	0.03381	0.19094	0.18103	0.04614	0.08091	0.01555	0.01079	0.00312	0.00929	0.01264	0.01055	0.01404
53	0.02485	0.01270	0.01670	0.01445	0.01837	0.01148	0.01102	0.02882	0.02744	0.21504	0.33201	0.06190	0.06631	0.09340	0.01640	0.00403	0.00673	0.01543	0.01114	0.01180
54	0.02744	0.64552	0.05378	0.01756	0.02634	0.04061	0.01756	0.03073	0.02085	0.02414	0.01427	0.01646	0.01317	0.00878	0.00658	0.00219	0.01097	0.00549	0.00439	0.01317
55	0.02115	0.01824	0.02193	0.05621	0.02749	0.01430	0.01328	0.02587	0.02123	0.03295	0.01824	0.02170	0.01510	0.00778	0.00778	0.00165	0.00802	0.00629	0.00598	0.65484
56	0.01250	0.00893	0.01191	0.01429	0.01488	0.00834	0.00953	0.01429	0.01965	0.02620	0.05656	0.63265	0.06787	0.03215	0.01310	0.00417	0.00595	0.02917	0.00953	0.00834
57	0.04182	0.01780	0.02356	0.01882	0.02611	0.01620	0.01566	0.09088	0.03038	0.46865	0.04074	0.04382	0.02877	0.01457	0.01078	0.00335	0.00905	0.07047	0.01209	0.01649
58	0.01992	0.01879	0.03176	0.56484	0.11627	0.02294	0.02877	0.02670	0.02078	0.02688	0.01834	0.02718	0.01391	0.01016	0.01025	0.00339	0.01355	0.00912	0.00461	0.01184
59	0.04557	0.01822	0.02428	0.01862	0.02657	0.01620	0.01538	0.08288	0.03064	0.54779	0.03943	0.03424	0.02487	0.01268	0.01032	0.00317	0.00890	0.01025	0.01254	0.01746
60	0.01388	0.01021	0.01300	0.01285	0.01507	0.00932	0.00943	0.01792	0.02672	0.03691	0.42380	0.17629	0.14940	0.02354	0.01228	0.00342	0.00508	0.02079	0.01077	0.00932
61	0.02011	0.01899	0.03210	0.54767	0.13198	0.02299	0.02886	0.02686	0.02087	0.02711	0.01837	0.02712	0.01399	0.01012	0.01025	0.00337	0.01350	0.00912	0.00462	0.01199
62	0.02102	0.02038	0.03312	0.06264	0.03330	0.02424	0.13471	0.02839	0.08002	0.02848	0.02222	0.03031	0.01912	0.03008	0.16964	0.00716	0.22722	0.01050	0.00559	0.01187
63	0.02297	0.02328	0.03290	0.42516	0.17395	0.09303	0.02809	0.02914	0.02217	0.02765	0.01818	0.02586	0.01418	0.01006	0.01012	0.00325	0.01395	0.00882	0.00476	0.01250
64	0.01250	0.00893	0.01191	0.01429	0.01488	0.00834	0.00953	0.01429	0.01965	0.02620	0.05656	0.63265	0.06787	0.03215	0.01310	0.00417	0.00595	0.02917	0.00953	0.00834
65	0.06610	0.02173	0.03205	0.41612	0.17565	0.06141	0.02747	0.02861	0.02152	0.02901	0.01806	0.02566	0.01405	0.00999	0.00992	0.00327	0.01331	0.00873	0.00484	0.01248
66	0.06585	0.02265	0.03677	0.24415	0.28019	0.02455	0.06650	0.07575	0.02435	0.03454	0.01923	0.02565	0.01512	0.00980	0.01012	0.00322	0.01275	0.00915	0.00545	0.01421

[dist]
# distance from previous block
# <min> <max>
0	1

[block]
# block no. 4 follows, 14 sequences, length 24
# corresponding to MSA columns:
# 315-338
name=unknown_E
#
# <colnr> <probs for GDERKNQSTAVLIFYWHMCP>
#	G	D	E	R	K	N	Q	S	T	A	V	L	I	F	Y	W	H	M	C	P
0	0.01805	0.01579	0.02250	0.05750	0.02399	0.02034	0.01665	0.02084	0.01622	0.02376	0.02210	0.03629	0.02177	0.12896	0.26323	0.01004	0.25648	0.01064	0.00515	0.00970
1	0.39765	0.05579	0.02548	0.07187	0.12435	0.02551	0.01771	0.10638	0.02353	0.04384	0.01703	0.02024	0.01329	0.00989	0.00793	0.00310	0.00981	0.00702	0.00646	0.01310
2	0.01252	0.01029	0.01103	0.01110	0.01417	0.00879	0.00823	0.01540	0.02394	0.02964	0.17100	0.13950	0.45736	0.02574	0.01220	0.00349	0.00521	0.02181	0.00980	0.00879
3	0.02468	0.03126	0.21874	0.06334	0.03812	0.02130	0.11522	0.08791	0.02440	0.07952	0.02256	0.02937	0.01773	0.06838	0.01649	0.06145	0.01308	0.00958	0.00615	0.05072
4	0.28290	0.07546	0.06100	0.07508	0.02998	0.02612	0.01798	0.09323	0.06560	0.08145	0.02021	0.02267	0.01535	0.01143	0.01115	0.00328	0.07927	0.00768	0.00695	0.01322
5	0.59032	0.08147	0.06590	0.01518	0.02249	0.02474	0.01393	0.03041	0.01813	0.04286	0.01463	0.01706	0.01146	0.00947	0.00665	0.00309	0.00882	0.00572	0.00600	0.01164
6	0.01311	0.01034	0.01182	0.01165	0.01451	0.00905	0.00866	0.01656	0.02542	0.03301	0.28764	0.12373	0.34924	0.02437	0.01218	0.00341	0.00510	0.02089	0.01024	0.00905
7	0.02205	0.08928	0.02603	0.01928	0.06934	0.01725	0.01412	0.02587	0.02077	0.03115	0.01784	0.02186	0.01527	0.01010	0.01029	0.05747	0.00847	0.00649	0.00568	0.51140
8	0.01819	0.01203	0.01427	0.01319	0.01660	0.01139	0.01006	0.02475	0.07668	0.08300	0.31632	0.06992	0.17758	0.01967	0.01124	0.00320	0.00554	0.01686	0.08879	0.01071
9	0.01280	0.00916	0.01218	0.01408	0.01495	0.00854	0.00955	0.01505	0.02105	0.02843	0.13318	0.54967	0.07219	0.03048	0.01295	0.00403	0.00579	0.02759	0.00979	0.00854
10	0.01289	0.00938	0.01216	0.01368	0.01489	0.00864	0.00942	0.01538	0.02191	0.02943	0.16713	0.47290	0.11560	0.02932	0.01281	0.00391	0.00566	0.02635	0.00989	0.00864
11	0.03901	0.02874	0.03080	0.02361	0.03182	0.03182	0.01951	0.54111	0.04825	0.06468	0.02464	0.02464	0.01745	0.01232	0.01027	0.00308	0.01129	0.00924	0.01027	0.01745
12	0.02089	0.01733	0.01919	0.01827	0.02233	0.01926	0.01375	0.04009	0.35739	0.03838	0.10562	0.19694	0.04826	0.01946	0.01132	0.00363	0.00719	0.01695	0.01030	0.01344
13	0.02058	0.05308	0.58618	0.02925	0.04442	0.02383	0.03792	0.03250	0.02167	0.03250	0.01842	0.02167	0.01300	0.00975	0.00975	0.00325	0.01517	0.00758	0.00433	0.01517
14	0.02374	0.02585	0.09072	0.17026	0.42434	0.02401	0.03150	0.03053	0.02264	0.03197	0.01901	0.02544	0.01543	0.00942	0.01014	0.00314	0.01277	0.00899	0.00491	0.01518
15	0.02199	0.02051	0.03074	0.02196	0.03138	0.01664	0.13884	0.02753	0.02199	0.03330	0.01885	0.02282	0.01529	0.00785	0.00869	0.00199	0.00994	0.00753	0.00587	0.53629
16	0.01874	0.01708	0.02815	0.45277	0.09998	0.02024	0.02503	0.02488	0.02164	0.02850	0.08417	0.08281	0.02781	0.01320	0.01070	0.00343	0.01192	0.01185	0.00578	0.01134
17	0.01858	0.01079	0.01284	0.07929	0.01960	0.01124	0.01050	0.02360	0.02219	0.03658	0.07814	0.04596	0.03319	0.01373	0.00845	0.00275	0.00614	0.04696	0.50970	0.00977
18	0.17547	0.08282	0.22789	0.03334	0.17985	0.02527	0.02700	0.03323	0.06147	0.03589	0.01917	0.02241	0.01486	0.00977	0.00891	0.00311	0.01190	0.00769	0.00545	0.01449
19	0.01250	0.00893	0.01191	0.01429	0.01488	0.00834	0.00953	0.01429	0.01965	0.02620	0.05656	0.63265	0.06787	0.03215	0.01310	0.00417	0.00595	0.02917	0.00953	0.00834
20	0.01432	0.01048	0.01344	0.01270	0.01521	0.00960	0.00953	0.01898	0.02858	0.04003	0.53096	0.07850	0.13649	0.02140	0.01211	0.00325	0.00487	0.01882	0.01115	0.00960
21	0.03247	0.02048	0.02394	0.01937	0.02575	0.02129	0.01549	0.21340	0.09232	0.17474	0.03094	0.03411	0.02355	0.07354	0.09436	0.00545	0.01215	0.01025	0.00956	0.06684
22	0.11988	0.02582	0.18208	0.02010	0.02666	0.01839	0.02023	0.02661	0.05502	0.03381	0.07930	0.12679	0.07630	0.01825	0.01248	0.00368	0.05480	0.08071	0.00737	0.01172
23	0.15565	0.02165	0.10181	0.02000	0.02667	0.01760	0.05626	0.03157	0.05313	0.12681	0.13725	0.05167	0.04045	0.01583	0.01065	0.00351	0.00947	0.09862	0.00875	0.01264

[dist]
# distance from previous block
# <min> <max>
2	7

[block]
# block no. 5 follows, 14 sequences, length 44
# corresponding to MSA columns:
# 346-389
name=unknown_F
#
# <colnr> <probs for GDERKNQSTAVLIFYWHMCP>
#	G	D	E	R	K	N	Q	S	T	A	V	L	I	F	Y	W	H	M	C	P
0	0.44259	0.07624	0.02126	0.01550	0.02243	0.02280	0.01300	0.03663	0.05353	0.17704	0.02246	0.02250	0.01608	0.01051	0.00761	0.00310	0.00842	0.00710	0.00800	0.01319
1	0.15920	0.06750	0.14932	0.02089	0.02994	0.02426	0.02041	0.17119	0.02998	0.15738	0.05490	0.02707	0.02117	0.01158	0.00931	0.00311	0.01061	0.00871	0.00843	0.01507
2	0.02977	0.06588	0.02598	0.02165	0.02717	0.23523	0.01708	0.10813	0.14641	0.03534	0.03708	0.04235	0.09086	0.01497	0.01031	0.00315	0.01232	0.05527	0.00797	0.01308
3	0.01687	0.01357	0.01657	0.01474	0.01958	0.01100	0.01084	0.02004	0.02046	0.02980	0.03748	0.32825	0.04165	0.01993	0.01036	0.00285	0.00677	0.01768	0.00781	0.35375
4	0.02165	0.01650	0.02394	0.07160	0.02861	0.01695	0.07876	0.09462	0.07362	0.07279	0.04208	0.32817	0.04367	0.02168	0.01192	0.00374	0.00913	0.01974	0.00897	0.01186
5	0.02744	0.64552	0.05378	0.01756	0.02634	0.04061	0.01756	0.03073	0.02085	0.02414	0.01427	0.01646	0.01317	0.00878	0.00658	0.00219	0.01097	0.00549	0.00439	0.01317
6	0.01473	0.01072	0.01512	0.01512	0.01648	0.01208	0.01112	0.01744	0.01609	0.02281	0.02874	0.04727	0.02867	0.22262	0.45715	0.01480	0.02295	0.01201	0.00568	0.00840
7	0.02422	0.02768	0.06055	0.04325	0.05363	0.02595	0.53806	0.03287	0.02422	0.03287	0.02076	0.02768	0.01557	0.00865	0.01211	0.00346	0.01730	0.01211	0.00519	0.01384
8	0.01341	0.01045	0.01217	0.01174	0.01465	0.00921	0.00880	0.01721	0.02641	0.03490	0.35291	0.08695	0.31774	0.02331	0.01212	0.00334	0.00501	0.02000	0.01047	0.00921
9	0.01377	0.01014	0.01288	0.01287	0.01504	0.00926	0.00940	0.01765	0.02627	0.03614	0.39722	0.19880	0.15441	0.02405	0.01232	0.00346	0.00513	0.02125	0.01068	0.00926
10	0.02128	0.01824	0.02128	0.01520	0.02432	0.01368	0.01216	0.02584	0.02128	0.03344	0.01824	0.02128	0.01520	0.00760	0.00760	0.00152	0.00760	0.00608	0.00608	0.70208
11	0.03833	0.04891	0.02908	0.02644	0.03173	0.59815	0.01983	0.04098	0.02908	0.02512	0.01586	0.01851	0.01322	0.01058	0.00925	0.00264	0.01851	0.00661	0.00529	0.01190
12	0.01492	0.00995	0.01119	0.01119	0.01119	0.00995	0.00622	0.01492	0.01492	0.01990	0.03233	0.06716	0.03731	0.63935	0.05223	0.00995	0.00995	0.01492	0.00622	0.00622
13	0.01938	0.01824	0.03078	0.61468	0.07068	0.02280	0.02850	0.02622	0.02052	0.02622	0.01824	0.02736	0.01368	0.01026	0.01026	0.00342	0.01368	0.00912	0.00456	0.01140
14	0.01372	0.01046	0.01260	0.01206	0.01484	0.00934	0.00905	0.01780	0.02714	0.03662	0.41272	0.08411	0.25686	0.02267	0.01211	0.00331	0.00496	0.01960	0.01070	0.00934
15	0.06601	0.01835	0.02972	0.57420	0.06726	0.02281	0.02733	0.02649	0.02031	0.02755	0.01797	0.02664	0.01351	0.01021	0.01000	0.00340	0.01329	0.00888	0.00468	0.01138
16	0.02553	0.02204	0.02320	0.02088	0.02669	0.02553	0.01624	0.05453	0.55679	0.04293	0.04177	0.03829	0.03133	0.01392	0.01044	0.00348	0.00812	0.01160	0.01044	0.01624
17	0.01217	0.01021	0.01058	0.01088	0.01399	0.00862	0.00801	0.01467	0.02293	0.02753	0.09811	0.16469	0.50902	0.02675	0.01225	0.00355	0.00529	0.02259	0.00953	0.00862
18	0.02128	0.01824	0.02128	0.01520	0.02432	0.01368	0.01216	0.02584	0.02128	0.03344	0.01824	0.02128	0.01520	0.00760	0.00760	0.00152	0.00760	0.00608	0.00608	0.70208
19	0.01452	0.01049	0.01372	0.01291	0.01533	0.00968	0.00968	0.01937	0.02905	0.04115	0.56992	0.07666	0.09683	0.02098	0.01210	0.00323	0.00484	0.01856	0.01130	0.00968
20	0.01302	0.00915	0.01175	0.01363	0.01409	0.00868	0.00882	0.01443	0.01863	0.02485	0.05137	0.51144	0.06132	0.16230	0.02149	0.00541	0.00681	0.02612	0.00882	0.00788
21	0.71184	0.01985	0.01508	0.01350	0.01985	0.02302	0.01111	0.03017	0.01746	0.04604	0.01429	0.01667	0.01111	0.00953	0.00635	0.00318	0.00794	0.00556	0.00635	0.01111
22	0.02879	0.01914	0.02138	0.01843	0.02445	0.02037	0.01451	0.04757	0.33681	0.15732	0.03884	0.03645	0.02833	0.01298	0.00979	0.00314	0.00777	0.01069	0.10287	0.06037
23	0.01888	0.01516	0.01753	0.01716	0.02054	0.01633	0.01296	0.03334	0.25495	0.03706	0.16315	0.21652	0.05780	0.02152	0.01180	0.00370	0.00689	0.05226	0.01031	0.01214
24	0.02128	0.01824	0.02128	0.01520	0.02432	0.01368	0.01216	0.02584	0.02128	0.03344	0.01824	0.02128	0.01520	0.00760	0.00760	0.00152	0.00760	0.00608	0.00608	0.70208
25	0.04604	0.01746	0.02382	0.01826	0.02620	0.01508	0.01508	0.05001	0.02937	0.58244	0.04049	0.03493	0.02540	0.01270	0.01032	0.00318	0.00873	0.01032	0.01270	0.01746
