[name]
unknown

[dist]
# distance from previous block
# <min> <max>
13	100

[block]
# block no. 0 follows, 13 sequences, length 38
# corresponding to MSA columns:
# 116-153
name=unknown_A
#
# <colnr> <probs for GDERKNQSTAVLIFYWHMCP>
#	G	D	E	R	K	N	Q	S	T	A	V	L	I	F	Y	W	H	M	C	P
0	0.16065	0.11837	0.08859	0.01944	0.02800	0.02502	0.01798	0.13331	0.02884	0.14111	0.06276	0.02781	0.02291	0.01160	0.00908	0.00296	0.01005	0.00865	0.00837	0.07451
1	0.02343	0.01677	0.02662	0.02538	0.07944	0.01620	0.09286	0.02743	0.02369	0.13377	0.05113	0.21896	0.13231	0.02092	0.01387	0.00376	0.05358	0.01859	0.00892	0.01238
2	0.08256	0.01288	0.01574	0.01618	0.01958	0.01222	0.01282	0.02243	0.02265	0.07140	0.05363	0.25192	0.10246	0.02531	0.01239	0.00400	0.00779	0.17455	0.00941	0.07008
3	0.02285	0.01795	0.02488	0.24504	0.04276	0.01750	0.01888	0.02844	0.02226	0.07158	0.02187	0.02695	0.01683	0.00968	0.00907	0.00254	0.01011	0.00813	0.06596	0.31671
4	0.02462	0.02249	0.03342	0.09686	0.24036	0.02430	0.02442	0.06509	0.02319	0.03348	0.01950	0.02736	0.01700	0.04599	0.01747	0.00362	0.13512	0.00918	0.00569	0.13082
5	0.01709	0.01152	0.01356	0.01287	0.01490	0.01081	0.00853	0.01860	0.01862	0.05449	0.04528	0.10672	0.11700	0.35690	0.08271	0.00820	0.01043	0.01612	0.00748	0.06817
6	0.01784	0.01276	0.01598	0.01523	0.01804	0.01218	0.01114	0.07181	0.02622	0.03633	0.22023	0.25834	0.06483	0.02511	0.01513	0.07268	0.00677	0.01990	0.00969	0.06979
7	0.02077	0.02077	0.03891	0.02976	0.03560	0.02105	0.24602	0.02713	0.02555	0.03591	0.22962	0.04742	0.04845	0.01535	0.01589	0.00363	0.10373	0.01458	0.00770	0.01217
8	0.02402	0.01917	0.02114	0.01947	0.02430	0.02098	0.01523	0.12764	0.24862	0.04228	0.05055	0.15739	0.09396	0.02031	0.01181	0.00377	0.00840	0.06667	0.01035	0.01394
9	0.01837	0.00918	0.01377	0.01377	0.01377	0.00918	0.00918	0.01377	0.01377	0.01837	0.01837	0.03214	0.01837	0.03673	0.04132	0.69238	0.00918	0.00918	0.00459	0.00459
10	0.09208	0.01454	0.01666	0.01615	0.01931	0.01493	0.01172	0.07229	0.06887	0.09104	0.04434	0.31820	0.04697	0.10233	0.01719	0.00469	0.00790	0.02006	0.00953	0.01119
11	0.01817	0.01545	0.02382	0.37173	0.04886	0.01831	0.02039	0.02246	0.01889	0.02447	0.02447	0.04422	0.02361	0.25216	0.02748	0.00615	0.01259	0.01173	0.00537	0.00966
12	0.02069	0.01707	0.01451	0.01496	0.01725	0.11559	0.01074	0.02400	0.02285	0.03206	0.04044	0.26327	0.04136	0.02019	0.01017	0.00323	0.00801	0.01719	0.29658	0.00980
13	0.01975	0.01329	0.01685	0.01642	0.01839	0.01445	0.01182	0.02658	0.16701	0.02731	0.03059	0.09621	0.02851	0.03420	0.08445	0.35524	0.01056	0.01236	0.00701	0.00898
14	0.01327	0.01044	0.01198	0.01223	0.01492	0.00916	0.00893	0.01644	0.02500	0.03218	0.22512	0.19649	0.33315	0.02655	0.01268	0.00364	0.00540	0.02292	0.01033	0.00916
15	0.01839	0.01133	0.01480	0.01572	0.01750	0.01090	0.01170	0.02089	0.02115	0.08116	0.04871	0.24453	0.05360	0.20099	0.02515	0.00609	0.00875	0.17023	0.00914	0.00927
16	0.02189	0.01496	0.01571	0.01470	0.01854	0.01629	0.01126	0.03658	0.22661	0.04155	0.08165	0.04275	0.03522	0.01389	0.00913	0.00297	0.00628	0.01145	0.36599	0.01256
17	0.02784	0.01385	0.01887	0.01726	0.02131	0.01332	0.01374	0.03130	0.02342	0.23188	0.04067	0.06236	0.03644	0.14233	0.14006	0.00778	0.01344	0.12237	0.00955	0.01220
18	0.03277	0.01440	0.01921	0.01674	0.02197	0.01262	0.01297	0.03598	0.02634	0.34010	0.05282	0.24030	0.08566	0.02104	0.01176	0.00364	0.00772	0.01821	0.01170	0.01404
19	0.01417	0.01008	0.01322	0.01445	0.01574	0.00953	0.01024	0.01705	0.02301	0.03133	0.20241	0.35394	0.07455	0.09098	0.01748	0.00468	0.00658	0.07167	0.00999	0.00889
20	0.01510	0.01133	0.01699	0.01699	0.01888	0.01322	0.01322	0.01888	0.01699	0.02454	0.02832	0.04154	0.02643	0.07930	0.58652	0.01699	0.02832	0.01133	0.00566	0.00944
21	0.01533	0.01044	0.01247	0.01247	0.01279	0.01076	0.00758	0.01598	0.01565	0.02120	0.03246	0.06444	0.03638	0.53412	0.14529	0.01141	0.01335	0.01468	0.00628	0.00693
22	0.27929	0.02036	0.02002	0.01740	0.02360	0.02253	0.01392	0.08228	0.18289	0.09921	0.07736	0.03623	0.05633	0.01366	0.00940	0.00338	0.00820	0.01045	0.00944	0.01403
23	0.01378	0.01000	0.01264	0.01349	0.01498	0.00925	0.00932	0.01656	0.02335	0.03157	0.22526	0.32955	0.12910	0.09029	0.01722	0.00451	0.00610	0.02410	0.01006	0.00886
24	0.43589	0.01631	0.01332	0.01232	0.01727	0.01830	0.00986	0.02856	0.01963	0.04430	0.02245	0.02587	0.01757	0.01079	0.00687	0.00296	0.00691	0.00734	0.27265	0.01083
25	0.15405	0.01941	0.02193	0.01729	0.02517	0.01791	0.01420	0.08326	0.02619	0.16703	0.02742	0.03330	0.02159	0.01181	0.00913	0.00274	0.00872	0.05013	0.00867	0.28003
26	0.02109	0.01172	0.01559	0.01568	0.01854	0.01067	0.01171	0.02420	0.02438	0.14784	0.12604	0.34082	0.08961	0.02644	0.01279	0.00396	0.00692	0.07026	0.01077	0.01096
27	0.02165	0.01181	0.01603	0.01502	0.01696	0.01177	0.01078	0.02329	0.07329	0.08386	0.12112	0.04180	0.03540	0.02916	0.02967	0.42297	0.00832	0.01143	0.00741	0.00825
28	0.01972	0.01305	0.01631	0.01520	0.01816	0.01369	0.01155	0.05194	0.06259	0.06413	0.17528	0.05268	0.04759	0.09297	0.18564	0.00791	0.01323	0.01351	0.11404	0.01083
29	0.01650	0.01217	0.01730	0.01708	0.01915	0.01402	0.01312	0.02185	0.06623	0.02574	0.02865	0.04034	0.02613	0.06867	0.47450	0.08732	0.02441	0.01116	0.00603	0.00961
30	0.01531	0.01070	0.01516	0.01537	0.01658	0.01180	0.01115	0.01728	0.01662	0.02330	0.03087	0.09663	0.03175	0.17933	0.37338	0.08614	0.02078	0.01354	0.00606	0.00825
31	0.05880	0.01631	0.01908	0.01781	0.02157	0.01767	0.01366	0.03281	0.16327	0.10332	0.05254	0.21164	0.12068	0.02166	0.01410	0.00384	0.07101	0.01793	0.00977	0.01254
32	0.01603	0.01261	0.01984	0.01827	0.02054	0.01378	0.05666	0.01946	0.01735	0.02452	0.02876	0.04619	0.02804	0.18818	0.42447	0.01440	0.02361	0.01228	0.00579	0.00923
33	0.01745	0.01282	0.01689	0.01910	0.07162	0.01315	0.01155	0.02126	0.06434	0.02708	0.08870	0.10915	0.04210	0.28480	0.08082	0.07677	0.01079	0.01528	0.00730	0.00903
34	0.02817	0.01580	0.02283	0.24448	0.04040	0.01690	0.01844	0.03368	0.02421	0.19452	0.03053	0.03399	0.02174	0.01187	0.00961	0.00312	0.00974	0.00991	0.21701	0.01305
35	0.01825	0.01482	0.02184	0.13033	0.13843	0.01562	0.01633	0.02101	0.01867	0.02520	0.03006	0.10125	0.03224	0.33430	0.03334	0.00702	0.01107	0.01433	0.00615	0.00973
36	0.43924	0.26066	0.03113	0.01554	0.02306	0.03080	0.01405	0.03131	0.01936	0.03862	0.01471	0.01709	0.01228	0.00951	0.00664	0.00288	0.00940	0.00570	0.00575	0.01228
37	0.03447	0.19971	0.03992	0.03089	0.14168	0.08782	0.02176	0.19409	0.03273	0.08800	0.02175	0.02347	0.01676	0.01084	0.00939	0.00287	0.01225	0.00824	0.00746	0.01591

[dist]
# distance from previous block
# <min> <max>
9	13

[block]
# block no. 1 follows, 13 sequences, length 47
# corresponding to MSA columns:
# 170-216
name=unknown_B
#
# <colnr> <probs for GDERKNQSTAVLIFYWHMCP>
#	G	D	E	R	K	N	Q	S	T	A	V	L	I	F	Y	W	H	M	C	P
0	0.39329	0.02019	0.01955	0.01649	0.02323	0.02190	0.01345	0.07983	0.06825	0.16514	0.06304	0.02839	0.02340	0.01202	0.00858	0.00329	0.00845	0.00863	0.00907	0.01381
1	0.01943	0.01582	0.02499	0.13262	0.18522	0.01648	0.01938	0.02242	0.02057	0.02813	0.06866	0.13132	0.03412	0.09705	0.02179	0.12040	0.01037	0.01414	0.00640	0.01070
2	0.08353	0.25706	0.03776	0.02768	0.14407	0.02823	0.01889	0.03063	0.06142	0.03088	0.02225	0.07275	0.02074	0.01350	0.01099	0.05198	0.01026	0.00932	0.00591	0.06216
3	0.02865	0.34734	0.05543	0.02838	0.03798	0.03373	0.21328	0.03423	0.02358	0.07545	0.01962	0.02307	0.01561	0.00934	0.00932	0.00285	0.01362	0.00872	0.00558	0.01422
4	0.01648	0.01369	0.02167	0.01846	0.02233	0.01269	0.09141	0.02189	0.02826	0.03912	0.39879	0.07582	0.12208	0.02059	0.01263	0.00349	0.00739	0.05230	0.01036	0.01055
5	0.02298	0.01512	0.02253	0.07957	0.13469	0.01485	0.01672	0.02580	0.02245	0.11598	0.07612	0.13678	0.08153	0.06799	0.01912	0.10387	0.00927	0.01512	0.00804	0.01147
6	0.02827	0.05303	0.36367	0.02902	0.04071	0.24137	0.03187	0.03686	0.02527	0.03055	0.01796	0.02107	0.01348	0.01037	0.00985	0.00311	0.01695	0.00743	0.00484	0.01432
7	0.02351	0.03863	0.25983	0.03899	0.05159	0.02589	0.33676	0.03372	0.02394	0.03372	0.02046	0.02613	0.01502	0.00935	0.01154	0.00348	0.01698	0.01068	0.00501	0.01479
8	0.01345	0.01102	0.01205	0.01256	0.01589	0.00961	0.00993	0.01659	0.02415	0.02921	0.09632	0.10545	0.45325	0.02729	0.01294	0.00384	0.00628	0.12126	0.00980	0.00910
9	0.02351	0.02188	0.03546	0.18801	0.33656	0.02329	0.02794	0.03204	0.07222	0.03439	0.07649	0.03328	0.02600	0.01140	0.01072	0.00329	0.01178	0.01064	0.00627	0.01483
10	0.01556	0.01159	0.01462	0.01456	0.01688	0.01128	0.01063	0.02225	0.08063	0.03824	0.36274	0.22793	0.08432	0.02411	0.01258	0.00363	0.00566	0.02146	0.01103	0.01029
11	0.04189	0.02689	0.03004	0.02303	0.03143	0.02874	0.01903	0.41546	0.04514	0.18484	0.02922	0.02788	0.01991	0.01278	0.01059	0.00320	0.01101	0.00978	0.01117	0.01798
12	0.02570	0.02382	0.02146	0.01991	0.02395	0.14410	0.01533	0.10800	0.08232	0.03768	0.12960	0.11477	0.04671	0.07013	0.01522	0.00410	0.01079	0.08536	0.00909	0.01196
13	0.06928	0.01135	0.01430	0.06211	0.01903	0.01160	0.01037	0.01684	0.01747	0.02431	0.04087	0.09286	0.12947	0.13691	0.03074	0.27601	0.00875	0.01409	0.00646	0.00717
14	0.09787	0.02522	0.02813	0.02173	0.02995	0.02665	0.01795	0.33728	0.04099	0.22206	0.02959	0.02801	0.01999	0.01257	0.01026	0.00321	0.01052	0.00955	0.01102	0.01744
15	0.01501	0.01152	0.01421	0.01555	0.01849	0.01072	0.01301	0.01889	0.02423	0.03026	0.07886	0.11143	0.28342	0.02812	0.01366	0.00429	0.00778	0.28141	0.00977	0.00937
16	0.02548	0.01717	0.02044	0.01542	0.02351	0.01346	0.01234	0.02969	0.02403	0.14366	0.03943	0.03921	0.11560	0.01233	0.00925	0.00228	0.00762	0.01006	0.00831	0.43071
17	0.01394	0.01000	0.01328	0.01446	0.01592	0.00934	0.01032	0.01718	0.02423	0.03323	0.25070	0.38119	0.08089	0.02844	0.01317	0.00396	0.00591	0.05412	0.01051	0.00919
18	0.01585	0.01165	0.01701	0.01795	0.02005	0.01281	0.01469	0.02005	0.01983	0.02729	0.03900	0.07156	0.03972	0.05995	0.36565	0.01231	0.02114	0.19669	0.00724	0.00955
19	0.04147	0.02156	0.02601	0.02060	0.02839	0.02161	0.01680	0.15873	0.14029	0.34915	0.03834	0.03433	0.02560	0.01326	0.01065	0.00331	0.00946	0.01066	0.01205	0.01773
20	0.08221	0.01349	0.01717	0.01698	0.02055	0.01315	0.01384	0.02719	0.02449	0.13898	0.11042	0.11458	0.05288	0.08468	0.01678	0.00473	0.00869	0.21803	0.01002	0.01113
21	0.01410	0.01007	0.01367	0.01611	0.01726	0.00964	0.01193	0.01683	0.02144	0.02835	0.05760	0.47423	0.06727	0.03198	0.01382	0.00446	0.00719	0.16532	0.00979	0.00892
22	0.02221	0.01908	0.02135	0.01682	0.02465	0.01704	0.01327	0.03386	0.17039	0.03663	0.03468	0.03504	0.07567	0.01161	0.00914	0.00234	0.00773	0.00952	0.00790	0.43107
23	0.04033	0.01958	0.02433	0.01972	0.02716	0.01916	0.01594	0.05309	0.20279	0.39307	0.04216	0.03715	0.02822	0.01351	0.01067	0.00338	0.00879	0.01108	0.01230	0.01757
24	0.01683	0.01334	0.01605	0.01429	0.01873	0.01107	0.01044	0.02011	0.02208	0.03149	0.11109	0.22681	0.09102	0.07275	0.01457	0.00357	0.00693	0.01750	0.00839	0.27295
25	0.02588	0.01970	0.01973	0.01781	0.02171	0.06712	0.01292	0.03863	0.23053	0.09960	0.03681	0.04874	0.03228	0.25104	0.02727	0.00605	0.01010	0.01266	0.00891	0.01252
26	0.02121	0.05469	0.57364	0.03014	0.04576	0.02455	0.03906	0.03348	0.02232	0.03348	0.01897	0.02232	0.01339	0.01005	0.01005	0.00335	0.01563	0.00781	0.00446	0.01563
27	0.01768	0.01183	0.01599	0.01658	0.01812	0.01233	0.01235	0.02022	0.02020	0.06819	0.04534	0.28126	0.05001	0.13054	0.10073	0.00704	0.05368	0.09985	0.00857	0.00949
28	0.02564	0.01263	0.01620	0.01508	0.01856	0.01168	0.01140	0.02891	0.02401	0.19767	0.08360	0.16582	0.04592	0.12018	0.01832	0.00465	0.00779	0.06464	0.11574	0.01156
29	0.02200	0.01240	0.01616	0.01431	0.01817	0.01113	0.01105	0.02659	0.02950	0.15900	0.40294	0.07135	0.12295	0.02016	0.01206	0.00333	0.00592	0.01750	0.01180	0.01168
30	0.02121	0.05469	0.57364	0.03014	0.04576	0.02455	0.03906	0.03348	0.02232	0.03348	0.01897	0.02232	0.01339	0.01005	0.01005	0.00335	0.01563	0.00781	0.00446	0.01563
31	0.03231	0.02269	0.03689	0.08281	0.20105	0.02242	0.10151	0.08837	0.02842	0.18799	0.02934	0.03602	0.02237	0.01222	0.01114	0.00340	0.01219	0.04461	0.00830	0.01595
32	0.70310	0.02045	0.01554	0.01390	0.02045	0.02372	0.01145	0.03108	0.01799	0.04744	0.01472	0.01718	0.01145	0.00981	0.00654	0.00327	0.00818	0.00573	0.00654	0.01145
33	0.01840	0.01104	0.01697	0.01948	0.07149	0.01116	0.01203	0.01628	0.01571	0.02138	0.02293	0.08383	0.02345	0.03753	0.08636	0.49782	0.01105	0.01123	0.00521	0.00666
34	0.02630	0.02271	0.02391	0.02152	0.02749	0.02630	0.01674	0.05618	0.54336	0.04423	0.04303	0.03945	0.03228	0.01434	0.01076	0.00359	0.00837	0.01195	0.01076	0.01674
35	0.02188	0.01981	0.03277	0.24214	0.27681	0.02140	0.02700	0.02788	0.02265	0.03134	0.02611	0.08406	0.02401	0.01339	0.01089	0.00346	0.01194	0.04582	0.04320	0.01344
36	0.02965	0.01488	0.01850	0.01590	0.02137	0.01345	0.01250	0.03541	0.07181	0.27448	0.10187	0.11797	0.18809	0.01979	0.01161	0.00349	0.00731	0.01670	0.01151	0.01373
37	0.01510	0.01133	0.01699	0.01699	0.01888	0.01322	0.01322	0.01888	0.01699	0.02454	0.02832	0.04154	0.02643	0.07930	0.58652	0.01699	0.02832	0.01133	0.00566	0.00944
38	0.02729	0.01784	0.02144	0.01765	0.02285	0.01759	0.01357	0.14347	0.06351	0.08125	0.02384	0.02912	0.01932	0.02104	0.02185	0.26902	0.00938	0.00893	0.00752	0.16350
39	0.02317	0.25669	0.04086	0.37711	0.05518	0.03058	0.02501	0.02881	0.02127	0.02619	0.01721	0.02385	0.01389	0.00998	0.00911	0.00304	0.01302	0.00795	0.00463	0.01245
40	0.01405	0.01034	0.01315	0.01336	0.01547	0.00944	0.00967	0.01784	0.02641	0.03620	0.35590	0.23622	0.15165	0.02557	0.01277	0.00363	0.00536	0.02265	0.01088	0.00944
41	0.03340	0.17160	0.09554	0.02111	0.03032	0.08454	0.01950	0.11441	0.02884	0.14895	0.02347	0.02402	0.01728	0.01056	0.00904	0.00266	0.01155	0.00779	0.00768	0.13775
42	0.02947	0.27145	0.09671	0.02677	0.08493	0.15707	0.02202	0.03871	0.11778	0.03047	0.02115	0.02298	0.01726	0.01056	0.00883	0.00281	0.01309	0.00766	0.00592	0.01438
43	0.01787	0.01429	0.01809	0.01666	0.01946	0.01558	0.01289	0.02694	0.11971	0.03915	0.35390	0.06223	0.07119	0.02586	0.07297	0.00490	0.07085	0.01601	0.01014	0.01131
44	0.58494	0.02001	0.01716	0.01479	0.02163	0.02224	0.01219	0.03477	0.02020	0.14157	0.01959	0.02057	0.01410	0.01040	0.00728	0.00327	0.00833	0.00661	0.00772	0.01263
45	0.08630	0.01209	0.01566	0.01945	0.07127	0.01200	0.01197	0.01829	0.01995	0.02929	0.04751	0.44661	0.05550	0.08362	0.01621	0.00462	0.00738	0.02406	0.00869	0.00951
46	0.19848	0.01921	0.02261	0.02122	0.07994	0.01779	0.01524	0.03261	0.02289	0.13682	0.02500	0.03129	0.02015	0.01112	0.00882	0.00273	0.00877	0.04470	0.00776	0.27284

[dist]
# distance from previous block
# <min> <max>
2	5

[block]
# block no. 2 follows, 13 sequences, length 23
# corresponding to MSA columns:
# 222-244
name=unknown_C
#
# <colnr> <probs for GDERKNQSTAVLIFYWHMCP>
#	G	D	E	R	K	N	Q	S	T	A	V	L	I	F	Y	W	H	M	C	P
0	0.01672	0.01099	0.01407	0.01352	0.01592	0.01011	0.00982	0.02052	0.02663	0.07203	0.36720	0.15390	0.11186	0.08894	0.01699	0.00423	0.00601	0.01991	0.01080	0.00986
1	0.08787	0.01087	0.01248	0.01352	0.01555	0.01057	0.00958	0.01819	0.02201	0.03272	0.12854	0.36506	0.12057	0.02632	0.01192	0.00379	0.00599	0.02312	0.07204	0.00925
2	0.02507	0.01698	0.02156	0.01916	0.02353	0.01881	0.01524	0.12807	0.08225	0.09827	0.03089	0.03745	0.02535	0.05129	0.34239	0.01119	0.02059	0.01095	0.00806	0.01293
3	0.01815	0.01387	0.01594	0.01328	0.01727	0.01188	0.00900	0.02014	0.01815	0.02642	0.02716	0.04915	0.02878	0.36533	0.03432	0.00657	0.00922	0.01151	0.00635	0.29750
4	0.02040	0.01166	0.01423	0.01359	0.01623	0.01062	0.00951	0.02252	0.02221	0.13134	0.09487	0.18959	0.15552	0.21042	0.02508	0.00571	0.00771	0.01935	0.00953	0.00991
5	0.01482	0.01088	0.01421	0.01630	0.01772	0.01072	0.01195	0.01945	0.06062	0.02933	0.05661	0.46547	0.06506	0.03083	0.01354	0.00437	0.00711	0.13167	0.00987	0.00946
6	0.01522	0.01087	0.01468	0.01468	0.01577	0.01196	0.01033	0.01739	0.01631	0.02283	0.03044	0.05326	0.03152	0.31209	0.36069	0.01413	0.02066	0.01304	0.00598	0.00815
7	0.01571	0.01125	0.01540	0.01716	0.01922	0.01094	0.01401	0.01995	0.02462	0.03287	0.16062	0.21939	0.07090	0.02848	0.01392	0.00442	0.00797	0.29349	0.01015	0.00954
8	0.02419	0.01586	0.01910	0.01774	0.02204	0.01634	0.01371	0.03680	0.20031	0.13100	0.16610	0.16043	0.05594	0.02036	0.01192	0.00370	0.00738	0.05259	0.01112	0.01337
9	0.02967	0.02141	0.02317	0.01890	0.02378	0.02323	0.01429	0.31023	0.03516	0.04708	0.02875	0.04396	0.02665	0.27372	0.02891	0.00617	0.01105	0.01200	0.00881	0.01307
10	0.02566	0.01878	0.02159	0.01798	0.02300	0.01965	0.01427	0.23499	0.03832	0.05267	0.33157	0.05626	0.06509	0.01783	0.01167	0.00326	0.00781	0.01505	0.01119	0.01337
11	0.02420	0.30061	0.35394	0.02503	0.03787	0.03188	0.03017	0.03271	0.02197	0.02983	0.01716	0.02005	0.01347	0.00962	0.00866	0.00289	0.01380	0.00690	0.00449	0.01475
12	0.02001	0.01553	0.01678	0.01576	0.01830	0.01705	0.01079	0.03268	0.23921	0.03056	0.03743	0.05658	0.03583	0.36809	0.03556	0.00743	0.00945	0.01393	0.00825	0.01079
13	0.13555	0.01181	0.01141	0.01113	0.01344	0.01237	0.00775	0.02256	0.01912	0.03430	0.03069	0.04583	0.02831	0.22352	0.02319	0.00528	0.00731	0.01104	0.33644	0.00894
14	0.01441	0.01079	0.01336	0.01272	0.01546	0.00974	0.00954	0.01888	0.02862	0.03929	0.45589	0.08409	0.20270	0.02277	0.01248	0.00338	0.00507	0.01984	0.01123	0.00974
15	0.01510	0.01133	0.01699	0.01699	0.01888	0.01322	0.01322	0.01888	0.01699	0.02454	0.02832	0.04154	0.02643	0.07930	0.58652	0.01699	0.02832	0.01133	0.00566	0.00944
16	0.01837	0.00918	0.01377	0.01377	0.01377	0.00918	0.00918	0.01377	0.01377	0.01837	0.01837	0.03214	0.01837	0.03673	0.04132	0.69238	0.00918	0.00918	0.00459	0.00459
17	0.02048	0.01456	0.02148	0.01902	0.02385	0.01322	0.08080	0.02485	0.02516	0.10699	0.07101	0.08789	0.26077	0.02318	0.01286	0.00392	0.00886	0.16026	0.00966	0.01117
18	0.02313	0.02313	0.03238	0.02776	0.02776	0.03238	0.02313	0.02545	0.01619	0.02545	0.01388	0.02313	0.01388	0.01851	0.03470	0.00463	0.60907	0.00925	0.00463	0.01157
19	0.01997	0.01879	0.03171	0.60301	0.07282	0.02349	0.02936	0.02701	0.02114	0.02701	0.01879	0.02819	0.01409	0.01057	0.01057	0.00352	0.01409	0.00940	0.00470	0.01175
20	0.21307	0.01499	0.01553	0.01482	0.01901	0.01531	0.01125	0.05817	0.02342	0.09403	0.05126	0.24891	0.13801	0.02180	0.01084	0.00368	0.00724	0.01824	0.00930	0.01111
21	0.01288	0.00920	0.01227	0.01472	0.01534	0.00859	0.00981	0.01472	0.02024	0.02699	0.05828	0.62152	0.06993	0.03312	0.01350	0.00429	0.00613	0.03006	0.00981	0.00859
22	0.02313	0.02313	0.03238	0.02776	0.02776	0.03238	0.02313	0.02545	0.01619	0.02545	0.01388	0.02313	0.01388	0.01851	0.03470	0.00463	0.60907	0.00925	0.00463	0.01157

[dist]
# distance from previous block
# <min> <max>
0	1

[block]
# block no. 3 follows, 13 sequences, length 18
# corresponding to MSA columns:
# 246-263
name=unknown_D
#
# <colnr> <probs for GDERKNQSTAVLIFYWHMCP>
#	G	D	E	R	K	N	Q	S	T	A	V	L	I	F	Y	W	H	M	C	P
0	0.01818	0.01522	0.02043	0.01900	0.02047	0.01806	0.01530	0.02051	0.02094	0.02892	0.13012	0.06330	0.14014	0.02459	0.02452	0.09322	0.22347	0.08642	0.00757	0.00961
1	0.21579	0.02251	0.03141	0.18785	0.24026	0.02491	0.02476	0.07000	0.02364	0.03875	0.01859	0.02411	0.01467	0.01009	0.00940	0.00328	0.01166	0.00838	0.00589	0.01405
2	0.01696	0.01221	0.01694	0.01911	0.06992	0.01120	0.01209	0.01814	0.02009	0.02760	0.08005	0.24535	0.08296	0.02723	0.01994	0.19200	0.00767	0.01789	0.00762	0.09503
3	0.28049	0.01532	0.01608	0.01506	0.01958	0.01580	0.01156	0.02859	0.02235	0.14169	0.09085	0.22277	0.04248	0.01923	0.01021	0.00361	0.00734	0.01595	0.00941	0.01164
4	0.01510	0.01133	0.01699	0.01699	0.01888	0.01322	0.01322	0.01888	0.01699	0.02454	0.02832	0.04154	0.02643	0.07930	0.58652	0.01699	0.02832	0.01133	0.00566	0.00944
5	0.03417	0.02340	0.03377	0.12274	0.22289	0.02422	0.02461	0.15555	0.03142	0.18089	0.02675	0.02884	0.01911	0.01133	0.01055	0.00324	0.01163	0.00976	0.00849	0.01663
6	0.01903	0.01424	0.01945	0.06376	0.02366	0.01441	0.01346	0.02046	0.01757	0.02545	0.02112	0.03262	0.01985	0.07388	0.13583	0.21152	0.06072	0.00923	0.00540	0.19834
7	0.01326	0.00970	0.01215	0.01366	0.01488	0.00893	0.00925	0.01540	0.02143	0.02827	0.11593	0.43433	0.14658	0.08384	0.01682	0.00461	0.00626	0.02640	0.00970	0.00859
8	0.02313	0.02313	0.03238	0.02776	0.02776	0.03238	0.02313	0.02545	0.01619	0.02545	0.01388	0.02313	0.01388	0.01851	0.03470	0.00463	0.60907	0.00925	0.00463	0.01157
9	0.01985	0.01697	0.02672	0.03424	0.21402	0.01813	0.02002	0.02388	0.02142	0.03066	0.10534	0.07712	0.03522	0.03411	0.16870	0.05444	0.06798	0.01271	0.00652	0.01195
10	0.01801	0.17527	0.02419	0.01505	0.01921	0.01900	0.01209	0.02299	0.06818	0.02842	0.05957	0.26077	0.19278	0.02329	0.01120	0.00349	0.00747	0.01980	0.00851	0.01072
11	0.02313	0.02313	0.03238	0.02776	0.02776	0.03238	0.02313	0.02545	0.01619	0.02545	0.01388	0.02313	0.01388	0.01851	0.03470	0.00463	0.60907	0.00925	0.00463	0.01157
12	0.02313	0.02313	0.03238	0.02776	0.02776	0.03238	0.02313	0.02545	0.01619	0.02545	0.01388	0.02313	0.01388	0.01851	0.03470	0.00463	0.60907	0.00925	0.00463	0.01157
13	0.02556	0.02450	0.04181	0.11783	0.51430	0.02496	0.03215	0.03191	0.02379	0.03380	0.01978	0.02637	0.01649	0.00953	0.01048	0.00318	0.01271	0.00942	0.00518	0.01626
14	0.01510	0.01133	0.01699	0.01699	0.01888	0.01322	0.01322	0.01888	0.01699	0.02454	0.02832	0.04154	0.02643	0.07930	0.58652	0.01699	0.02832	0.01133	0.00566	0.00944
15	0.03471	0.04131	0.03462	0.04078	0.22312	0.38436	0.02475	0.03871	0.02785	0.02899	0.01762	0.02162	0.01474	0.01037	0.00987	0.00287	0.01673	0.00775	0.00537	0.01387
16	0.02512	0.09653	0.17939	0.05114	0.37478	0.02673	0.03263	0.03263	0.02336	0.03326	0.01911	0.02422	0.01556	0.00954	0.00997	0.00310	0.01321	0.00862	0.00496	0.01613
17	0.12633	0.03801	0.29149	0.02458	0.03536	0.02506	0.02686	0.04128	0.20896	0.03946	0.02698	0.02770	0.01989	0.01156	0.00977	0.00342	0.01189	0.00899	0.00704	0.01539

[dist]
# distance from previous block
# <min> <max>
0	3

[block]
# block no. 4 follows, 13 sequences, length 104
# corresponding to MSA columns:
# 267-370
name=unknown_E
#
# <colnr> <probs for GDERKNQSTAVLIFYWHMCP>
#	G	D	E	R	K	N	Q	S	T	A	V	L	I	F	Y	W	H	M	C	P
0	0.03499	0.02703	0.02880	0.02327	0.03081	0.03036	0.01884	0.35079	0.23460	0.05824	0.03200	0.03065	0.02333	0.01331	0.01064	0.00333	0.01041	0.01043	0.01064	0.01751
1	0.02381	0.01873	0.02212	0.01589	0.02520	0.01420	0.01275	0.02846	0.02254	0.07400	0.02049	0.02296	0.01644	0.00822	0.00804	0.00169	0.00792	0.00659	0.00677	0.64318
2	0.01538	0.01025	0.01153	0.01153	0.01153	0.01025	0.00641	0.01538	0.01538	0.02050	0.03331	0.06919	0.03844	0.62842	0.05382	0.01025	0.01025	0.01538	0.00641	0.00641
3	0.04472	0.02235	0.02723	0.02088	0.02916	0.02200	0.01725	0.22969	0.03755	0.38134	0.03560	0.03202	0.02310	0.01294	0.01061	0.00323	0.00998	0.01022	0.01215	0.01799
4	0.45619	0.02167	0.02024	0.01676	0.02397	0.02383	0.01382	0.12640	0.02617	0.15035	0.02182	0.02227	0.01545	0.01097	0.00806	0.00325	0.00897	0.00736	0.00853	0.01390
5	0.01371	0.01000	0.01404	0.01557	0.01666	0.01032	0.01109	0.01628	0.01903	0.02607	0.04706	0.40429	0.05364	0.05042	0.22812	0.00905	0.01444	0.02304	0.00826	0.00891
6	0.04744	0.01799	0.02454	0.01881	0.02699	0.01554	0.01554	0.05153	0.03026	0.56979	0.04171	0.03599	0.02617	0.01309	0.01063	0.00327	0.00900	0.01063	0.01309	0.01799
7	0.01538	0.01025	0.01153	0.01153	0.01153	0.01025	0.00641	0.01538	0.01538	0.02050	0.03331	0.06919	0.03844	0.62842	0.05382	0.01025	0.01025	0.01538	0.00641	0.00641
8	0.02437	0.02520	0.03220	0.02772	0.02813	0.07431	0.02293	0.02672	0.01724	0.02548	0.01407	0.02282	0.01386	0.01793	0.03279	0.00448	0.56438	0.00907	0.00469	0.01162
9	0.02192	0.01879	0.02192	0.01566	0.02506	0.01409	0.01253	0.02662	0.02192	0.03445	0.01879	0.02192	0.01566	0.00783	0.00783	0.00157	0.00783	0.00626	0.00626	0.69305
10	0.01289	0.00999	0.01148	0.01259	0.01455	0.00887	0.00872	0.01498	0.02170	0.02724	0.07944	0.33426	0.29809	0.07522	0.01608	0.00440	0.00608	0.02529	0.00956	0.00858
11	0.02827	0.63478	0.05540	0.01809	0.02714	0.04184	0.01809	0.03166	0.02148	0.02488	0.01470	0.01696	0.01357	0.00905	0.00678	0.00226	0.01131	0.00565	0.00452	0.01357
12	0.70310	0.02045	0.01554	0.01390	0.02045	0.02372	0.01145	0.03108	0.01799	0.04744	0.01472	0.01718	0.01145	0.00981	0.00654	0.00327	0.00818	0.00573	0.00654	0.01145
13	0.01506	0.01026	0.01236	0.01256	0.01470	0.00928	0.00918	0.01519	0.02025	0.02499	0.06978	0.07708	0.31623	0.03070	0.02346	0.26166	0.00714	0.05489	0.00785	0.00737
14	0.01345	0.00961	0.01292	0.01537	0.01623	0.00908	0.01080	0.01570	0.02080	0.02762	0.05796	0.55312	0.06869	0.03259	0.01365	0.00437	0.00662	0.09287	0.00980	0.00874
15	0.02496	0.02852	0.06239	0.04456	0.05526	0.02674	0.52406	0.03387	0.02496	0.03387	0.02139	0.02852	0.01604	0.00891	0.01248	0.00357	0.01783	0.01248	0.00535	0.01426
16	0.29301	0.01891	0.02117	0.01697	0.02454	0.01860	0.01401	0.04387	0.02567	0.37415	0.03160	0.02894	0.02066	0.01186	0.00910	0.00327	0.00869	0.00879	0.01064	0.01554
17	0.01650	0.01003	0.01154	0.01184	0.01400	0.00955	0.00862	0.02062	0.02393	0.03676	0.18066	0.17669	0.09519	0.02020	0.01038	0.00316	0.00523	0.01745	0.31811	0.00955
18	0.02192	0.01879	0.02192	0.01566	0.02506	0.01409	0.01253	0.02662	0.02192	0.03445	0.01879	0.02192	0.01566	0.00783	0.00783	0.00157	0.00783	0.00626	0.00626	0.69305
19	0.01510	0.01133	0.01699	0.01699	0.01888	0.01322	0.01322	0.01888	0.01699	0.02454	0.02832	0.04154	0.02643	0.07930	0.58652	0.01699	0.02832	0.01133	0.00566	0.00944
20	0.03143	0.02104	0.02672	0.02241	0.02666	0.02477	0.01832	0.07251	0.13050	0.18469	0.02992	0.03143	0.02234	0.01529	0.01942	0.00378	0.23349	0.01025	0.06033	0.01471
21	0.01574	0.00978	0.01243	0.01266	0.01372	0.00922	0.00849	0.01450	0.01753	0.02237	0.04934	0.11256	0.17797	0.12497	0.03255	0.32912	0.00799	0.01578	0.00683	0.00646
22	0.02250	0.01772	0.01931	0.01782	0.02146	0.01964	0.01314	0.07324	0.26735	0.03600	0.03911	0.05592	0.03580	0.24541	0.02718	0.00615	0.00943	0.05138	0.00903	0.01240
23	0.01343	0.00979	0.01265	0.01395	0.01537	0.00901	0.00969	0.01623	0.02333	0.03147	0.20295	0.42045	0.12399	0.02930	0.01311	0.00395	0.00574	0.02626	0.01033	0.00901
24	0.01509	0.00994	0.01187	0.01238	0.01251	0.00981	0.00735	0.01511	0.01628	0.02170	0.03739	0.18283	0.04348	0.45544	0.04430	0.06353	0.00930	0.01798	0.00698	0.00672
25	0.01426	0.01059	0.01464	0.01532	0.01686	0.01128	0.01123	0.01709	0.01845	0.02529	0.04458	0.21155	0.09011	0.10530	0.32922	0.01163	0.01849	0.01793	0.00728	0.00891
26	0.01635	0.01035	0.01205	0.01175	0.01330	0.01005	0.00797	0.01945	0.02247	0.03343	0.22543	0.06506	0.05797	0.24648	0.02664	0.00570	0.00694	0.01532	0.18470	0.00861
27	0.02192	0.01879	0.02192	0.01566	0.02506	0.01409	0.01253	0.02662	0.02192	0.03445	0.01879	0.02192	0.01566	0.00783	0.00783	0.00157	0.00783	0.00626	0.00626	0.69305
28	0.01704	0.01217	0.01704	0.01947	0.02191	0.01217	0.01704	0.02191	0.02434	0.03164	0.05598	0.11926	0.06085	0.02921	0.01460	0.00487	0.00974	0.49130	0.00974	0.00974
29	0.02313	0.02313	0.03238	0.02776	0.02776	0.03238	0.02313	0.02545	0.01619	0.02545	0.01388	0.02313	0.01388	0.01851	0.03470	0.00463	0.60907	0.00925	0.00463	0.01157
30	0.01790	0.01491	0.01946	0.01810	0.01820	0.01828	0.01320	0.01905	0.01643	0.02335	0.02989	0.13723	0.03410	0.30805	0.04043	0.00722	0.23390	0.01535	0.00627	0.00868
31	0.01340	0.00991	0.01261	0.01429	0.01580	0.00912	0.01018	0.01598	0.02227	0.02921	0.11528	0.42628	0.16194	0.03048	0.01332	0.00412	0.00622	0.07072	0.00998	0.00889
32	0.03090	0.02353	0.02541	0.02177	0.02842	0.02645	0.01724	0.14254	0.40277	0.09918	0.03965	0.03652	0.02905	0.01392	0.01071	0.00348	0.00903	0.01138	0.01095	0.01709
33	0.01955	0.01775	0.02507	0.02252	0.02322	0.02356	0.01817	0.02224	0.01643	0.02474	0.02074	0.03346	0.02041	0.08670	0.24280	0.00968	0.34696	0.01049	0.00515	0.01039
34	0.01902	0.03805	0.36311	0.02317	0.03294	0.01920	0.02683	0.02670	0.01972	0.02862	0.02435	0.03988	0.02277	0.24165	0.02644	0.00593	0.01361	0.01065	0.00519	0.01217
35	0.01416	0.01030	0.01235	0.01349	0.01564	0.00943	0.01001	0.01726	0.02309	0.03069	0.11591	0.28195	0.22455	0.02754	0.01265	0.00388	0.00616	0.08748	0.07437	0.00910
36	0.02445	0.01471	0.01823	0.01730	0.02080	0.01447	0.01283	0.11901	0.02770	0.13456	0.04897	0.40020	0.05198	0.02554	0.01241	0.00389	0.00771	0.02257	0.01056	0.01211
37	0.01288	0.00920	0.01227	0.01472	0.01534	0.00859	0.00981	0.01472	0.02024	0.02699	0.05828	0.62152	0.06993	0.03312	0.01350	0.00429	0.00613	0.03006	0.00981	0.00859
38	0.02738	0.01315	0.01640	0.01426	0.01732	0.01223	0.00983	0.02892	0.02095	0.22623	0.03646	0.05675	0.03384	0.39795	0.03764	0.00764	0.00978	0.01360	0.00891	0.01075
39	0.03094	0.01409	0.01758	0.01478	0.01969	0.01255	0.01128	0.03392	0.02496	0.29260	0.05146	0.05621	0.12938	0.15428	0.02040	0.00482	0.00820	0.01383	0.07615	0.01288
40	0.02205	0.01825	0.02025	0.01844	0.02311	0.02019	0.01420	0.04261	0.35106	0.04354	0.23549	0.05425	0.05755	0.01707	0.01140	0.00349	0.00710	0.01464	0.01109	0.01420
41	0.61283	0.02170	0.01774	0.01532	0.02213	0.02495	0.01263	0.09864	0.02231	0.05005	0.01617	0.01829	0.01234	0.01021	0.00709	0.00326	0.00865	0.00624	0.00709	0.01234
42	0.01387	0.01046	0.01290	0.01354	0.01582	0.00950	0.01005	0.01729	0.02500	0.03304	0.23864	0.24026	0.22151	0.02705	0.01297	0.00382	0.00587	0.06875	0.01042	0.00926
43	0.01837	0.00918	0.01377	0.01377	0.01377	0.00918	0.00918	0.01377	0.01377	0.01837	0.01837	0.03214	0.01837	0.03673	0.04132	0.69238	0.00918	0.00918	0.00459	0.00459
44	0.02630	0.02271	0.02391	0.02152	0.02749	0.02630	0.01674	0.05618	0.54336	0.04423	0.04303	0.03945	0.03228	0.01434	0.01076	0.00359	0.00837	0.01195	0.01076	0.01674
45	0.02406	0.01901	0.01866	0.01685	0.02202	0.06196	0.01304	0.03637	0.20572	0.10516	0.06898	0.06483	0.26185	0.01938	0.01141	0.00347	0.00798	0.01594	0.01023	0.01310
46	0.03950	0.05039	0.02996	0.02724	0.03269	0.58597	0.02043	0.04222	0.02996	0.02588	0.01634	0.01907	0.01362	0.01090	0.00953	0.00272	0.01907	0.00681	0.00545	0.01226
47	0.01250	0.01071	0.01071	0.01071	0.01428	0.00893	0.00803	0.01517	0.02410	0.02856	0.10711	0.10175	0.55817	0.02678	0.01250	0.00357	0.00536	0.02231	0.00982	0.00893
48	0.02313	0.02313	0.03238	0.02776	0.02776	0.03238	0.02313	0.02545	0.01619	0.02545	0.01388	0.02313	0.01388	0.01851	0.03470	0.00463	0.60907	0.00925	0.00463	0.01157
49	0.02827	0.63478	0.05540	0.01809	0.02714	0.04184	0.01809	0.03166	0.02148	0.02488	0.01470	0.01696	0.01357	0.00905	0.00678	0.00226	0.01131	0.00565	0.00452	0.01357
50	0.02702	0.02798	0.02537	0.23835	0.04240	0.22495	0.02037	0.03194	0.02463	0.02984	0.02200	0.02779	0.01732	0.01115	0.00936	0.00296	0.01351	0.00857	0.18307	0.01144
51	0.01561	0.01256	0.01419	0.01422	0.01727	0.01224	0.01046	0.02353	0.11992	0.03368	0.16844	0.21821	0.24979	0.02512	0.01243	0.00371	0.00604	0.02177	0.01034	0.01048
52	0.02597	0.07249	0.03175	0.02490	0.02808	0.03144	0.02063	0.07947	0.17003	0.03443	0.02329	0.02750	0.01947	0.01604	0.02348	0.00401	0.33658	0.00976	0.00690	0.01377
53	0.31841	0.01624	0.01710	0.01573	0.02060	0.01730	0.01257	0.02990	0.02067	0.14057	0.02935	0.08805	0.02624	0.02355	0.06722	0.07146	0.01031	0.05514	0.00813	0.01145
54	0.02631	0.02776	0.03858	0.21314	0.24756	0.12090	0.07491	0.03222	0.02382	0.03023	0.01873	0.02559	0.01519	0.01052	0.01200	0.00331	0.05094	0.00924	0.00509	0.01396
55	0.01699	0.01181	0.01412	0.01370	0.01685	0.01088	0.01019	0.02222	0.06031	0.07510	0.24476	0.18362	0.23094	0.02433	0.01242	0.00360	0.00585	0.02111	0.01076	0.01043
56	0.02543	0.10873	0.02520	0.01597	0.02271	0.01719	0.01291	0.02744	0.02088	0.10175	0.02119	0.02574	0.01748	0.01622	0.01673	0.18090	0.00886	0.00752	0.00650	0.32066
57	0.02020	0.01680	0.01998	0.01563	0.02151	0.01473	0.01180	0.02335	0.01955	0.02969	0.02241	0.03532	0.02189	0.18321	0.02327	0.00429	0.06475	0.00910	0.00615	0.43636
58	0.01404	0.01077	0.01286	0.01234	0.01523	0.00958	0.00925	0.01817	0.02776	0.03724	0.38932	0.08746	0.27055	0.02354	0.01248	0.00342	0.00512	0.02031	0.01096	0.00958
59	0.02545	0.02649	0.02188	0.02238	0.02594	0.22708	0.01831	0.02951	0.02645	0.02948	0.04114	0.08174	0.04316	0.02235	0.01270	0.00406	0.01323	0.30984	0.00813	0.01068
60	0.70310	0.02045	0.01554	0.01390	0.02045	0.02372	0.01145	0.03108	0.01799	0.04744	0.01472	0.01718	0.01145	0.00981	0.00654	0.00327	0.00818	0.00573	0.00654	0.01145
61	0.09030	0.01919	0.02458	0.01898	0.02707	0.01762	0.01568	0.09260	0.03118	0.49024	0.03847	0.03379	0.02446	0.01283	0.01036	0.00326	0.00918	0.01021	0.01243	0.01756
62	0.35211	0.01915	0.02106	0.01979	0.06314	0.01992	0.01469	0.03787	0.02296	0.24029	0.02630	0.02684	0.01856	0.01657	0.05473	0.00436	0.01042	0.00829	0.00883	0.01414
63	0.01811	0.01575	0.02276	0.02102	0.02221	0.02040	0.01693	0.02134	0.01669	0.02488	0.02291	0.03464	0.02173	0.05653	0.37984	0.01236	0.24583	0.01055	0.00528	0.01024
64	0.02313	0.02313	0.03238	0.02776	0.02776	0.03238	0.02313	0.02545	0.01619	0.02545	0.01388	0.02313	0.01388	0.01851	0.03470	0.00463	0.60907	0.00925	0.00463	0.01157
65	0.02630	0.02271	0.02391	0.02152	0.02749	0.02630	0.01674	0.05618	0.54336	0.04423	0.04303	0.03945	0.03228	0.01434	0.01076	0.00359	0.00837	0.01195	0.01076	0.01674
66	0.01292	0.01073	0.01129	0.01115	0.01454	0.00910	0.00836	0.01599	0.02509	0.03092	0.18383	0.09787	0.47998	0.02590	0.01249	0.00353	0.00529	0.02177	0.01013	0.00910
67	0.02313	0.02313	0.03238	0.02776	0.02776	0.03238	0.02313	0.02545	0.01619	0.02545	0.01388	0.02313	0.01388	0.01851	0.03470	0.00463	0.60907	0.00925	0.00463	0.01157
68	0.02313	0.02313	0.03238	0.02776	0.02776	0.03238	0.02313	0.02545	0.01619	0.02545	0.01388	0.02313	0.01388	0.01851	0.03470	0.00463	0.60907	0.00925	0.00463	0.01157
69	0.02551	0.02189	0.02323	0.02095	0.02668	0.02517	0.01627	0.05367	0.50781	0.04410	0.07862	0.04219	0.03695	0.01485	0.01088	0.00357	0.00813	0.01245	0.01082	0.01627
70	0.21402	0.02045	0.01923	0.01852	0.02327	0.06206	0.01463	0.03650	0.19652	0.03924	0.03743	0.12480	0.03513	0.01795	0.01052	0.00375	0.00904	0.09545	0.00888	0.01260
71	0.01521	0.01092	0.01495	0.01495	0.01613	0.01211	0.01067	0.01757	0.01639	0.02303	0.03019	0.05189	0.03093	0.28497	0.38700	0.01447	0.02155	0.01284	0.00594	0.00830
72	0.03232	0.03694	0.03385	0.08219	0.21258	0.30306	0.02477	0.03914	0.07615	0.03061	0.02025	0.02406	0.01648	0.01071	0.01004	0.00300	0.01550	0.00837	0.00583	0.01415
73	0.01963	0.01759	0.02673	0.02588	0.06778	0.02119	0.05158	0.02548	0.05676	0.02766	0.02439	0.03434	0.02202	0.04788	0.31135	0.01068	0.18117	0.01074	0.00571	0.01146
74	0.03950	0.05039	0.02996	0.02724	0.03269	0.58597	0.02043	0.04222	0.02996	0.02588	0.01634	0.01907	0.01362	0.01090	0.00953	0.00272	0.01907	0.00681	0.00545	0.01226
75	0.01510	0.01133	0.01699	0.01699	0.01888	0.01322	0.01322	0.01888	0.01699	0.02454	0.02832	0.04154	0.02643	0.07930	0.58652	0.01699	0.02832	0.01133	0.00566	0.00944
76	0.70310	0.02045	0.01554	0.01390	0.02045	0.02372	0.01145	0.03108	0.01799	0.04744	0.01472	0.01718	0.01145	0.00981	0.00654	0.00327	0.00818	0.00573	0.00654	0.01145
77	0.02382	0.02515	0.04362	0.03405	0.03806	0.03027	0.21075	0.02860	0.01947	0.02860	0.01669	0.02515	0.01469	0.01491	0.02638	0.00423	0.38762	0.01046	0.00490	0.01258
78	0.01510	0.01133	0.01699	0.01699	0.01888	0.01322	0.01322	0.01888	0.01699	0.02454	0.02832	0.04154	0.02643	0.07930	0.58652	0.01699	0.02832	0.01133	0.00566	0.00944
79	0.01513	0.01015	0.01160	0.01184	0.01190	0.01009	0.00674	0.01531	0.01585	0.02113	0.03573	0.12260	0.04148	0.57085	0.04992	0.00967	0.00985	0.01680	0.00674	0.00662
80	0.01895	0.01537	0.01737	0.01607	0.02006	0.01609	0.01228	0.03315	0.22629	0.04103	0.29198	0.06721	0.14264	0.01960	0.01182	0.00346	0.00634	0.01685	0.01103	0.01242
81	0.01536	0.01033	0.01195	0.01195	0.01209	0.01048	0.00692	0.01564	0.01550	0.02081	0.03294	0.06710	0.03753	0.58683	0.09416	0.01076	0.01162	0.01507	0.00635	0.00664
82	0.01693	0.01066	0.01497	0.01554	0.01708	0.01041	0.01204	0.01829	0.02201	0.02980	0.18746	0.07493	0.05625	0.02982	0.02399	0.26192	0.00815	0.17351	0.00836	0.00788
83	0.02827	0.63478	0.05540	0.01809	0.02714	0.04184	0.01809	0.03166	0.02148	0.02488	0.01470	0.01696	0.01357	0.00905	0.00678	0.00226	0.01131	0.00565	0.00452	0.01357
84	0.02020	0.01767	0.02805	0.19950	0.17845	0.01959	0.02247	0.02445	0.02145	0.02919	0.07565	0.04011	0.07544	0.02082	0.05157	0.08997	0.05625	0.01158	0.00599	0.01161
85	0.01365	0.01003	0.01201	0.01325	0.01460	0.00931	0.00903	0.01547	0.02035	0.02617	0.06475	0.32418	0.18718	0.17202	0.02285	0.00556	0.00715	0.05521	0.00900	0.00823
86	0.27325	0.01451	0.01446	0.01430	0.01734	0.01587	0.01077	0.02273	0.01814	0.03295	0.03018	0.05693	0.03159	0.24483	0.06852	0.00714	0.01073	0.09962	0.00702	0.00914
87	0.64076	0.02021	0.01640	0.01437	0.02107	0.02294	0.01184	0.03302	0.01916	0.09711	0.01729	0.01896	0.01285	0.01013	0.00693	0.00327	0.00826	0.00619	0.00717	0.01207
88	0.03018	0.02464	0.02609	0.02230	0.02897	0.02811	0.01767	0.18781	0.40541	0.05049	0.03810	0.03552	0.02828	0.01388	0.01071	0.00347	0.00928	0.01127	0.01071	0.01708
89	0.01404	0.01000	0.01335	0.01488	0.01574	0.01001	0.01031	0.01611	0.01900	0.02564	0.04782	0.37606	0.05525	0.15136	0.13002	0.00785	0.01135	0.05440	0.00839	0.00842
90	0.01857	0.01901	0.06456	0.18587	0.08752	0.01877	0.02103	0.02542	0.05343	0.03019	0.07738	0.09113	0.10217	0.02564	0.09369	0.00549	0.04770	0.01385	0.00686	0.01171
91	0.02762	0.19700	0.03390	0.06405	0.03123	0.08281	0.01839	0.04583	0.31011	0.03580	0.03078	0.03039	0.02393	0.01225	0.00951	0.00313	0.01062	0.00951	0.00806	0.01506
92	0.02192	0.01879	0.02192	0.01566	0.02506	0.01409	0.01253	0.02662	0.02192	0.03445	0.01879	0.02192	0.01566	0.00783	0.00783	0.00157	0.00783	0.00626	0.00626	0.69305
93	0.01915	0.03833	0.36414	0.02443	0.03461	0.01966	0.02847	0.02765	0.02071	0.03005	0.02599	0.04193	0.02373	0.13338	0.07342	0.00607	0.01528	0.05478	0.00543	0.01277
94	0.02373	0.21127	0.11315	0.02415	0.03217	0.02667	0.11257	0.07521	0.02551	0.03377	0.07793	0.13711	0.03306	0.01512	0.01042	0.00321	0.01158	0.01334	0.00690	0.01314
95	0.01823	0.05540	0.02328	0.01913	0.02264	0.01696	0.05866	0.02494	0.06962	0.02889	0.03087	0.07849	0.02829	0.05247	0.34608	0.01125	0.02056	0.01227	0.07113	0.01083
96	0.02975	0.11493	0.22004	0.07073	0.03883	0.02344	0.05882	0.03717	0.02448	0.18262	0.02492	0.02628	0.01745	0.01052	0.00977	0.00304	0.01247	0.00861	0.00714	0.07898
97	0.03479	0.06501	0.02865	0.01948	0.02837	0.01778	0.05217	0.03942	0.02609	0.28911	0.02961	0.02875	0.02055	0.01051	0.00943	0.00258	0.00938	0.00876	0.00932	0.27023
98	0.02016	0.17817	0.07223	0.14157	0.03463	0.02358	0.02014	0.02526	0.02002	0.02639	0.02428	0.03711	0.02226	0.03737	0.22559	0.00833	0.01847	0.04755	0.00540	0.01149
99	0.02916	0.02961	0.07388	0.15026	0.14362	0.12768	0.06261	0.08080	0.02753	0.08392	0.02859	0.03204	0.05961	0.01198	0.01062	0.00324	0.01371	0.01020	0.00673	0.01424
100	0.15466	0.02848	0.14942	0.06836	0.03766	0.02222	0.10771	0.06916	0.02527	0.14860	0.02664	0.07017	0.02068	0.01237	0.01026	0.00343	0.01215	0.01069	0.00762	0.01446
101	0.03534	0.02670	0.12530	0.03288	0.16774	0.02062	0.02411	0.04392	0.07690	0.28774	0.03226	0.03141	0.02211	0.01174	0.01050	0.00328	0.01101	0.00996	0.00934	0.01714
102	0.03032	0.02627	0.06798	0.14369	0.11896	0.06035	0.02308	0.12701	0.02907	0.11349	0.02326	0.02627	0.01713	0.01063	0.00995	0.00293	0.01196	0.00873	0.00739	0.14151
103	0.06250	0.01783	0.02707	0.15852	0.07893	0.01875	0.05620	0.02794	0.02211	0.09895	0.03172	0.18269	0.03057	0.01687	0.01278	0.00355	0.05490	0.01467	0.00744	0.07600

[dist]
# distance from previous block
# <min> <max>
0	29

# created by:
# /st0/software/busco_prod/Augustus/scripts/msa2prfl.pl ./align_prep/3173.fa
