[name]
unknown

[dist]
# distance from previous block
# <min> <max>
0	44

[block]
# block no. 0 follows, 16 sequences, length 18
# corresponding to MSA columns:
# 48-65
name=unknown_A
#
# <colnr> <probs for GDERKNQSTAVLIFYWHMCP>
#	G	D	E	R	K	N	Q	S	T	A	V	L	I	F	Y	W	H	M	C	P
0	0.07861	0.10140	0.08851	0.02208	0.06945	0.07856	0.01831	0.11476	0.02569	0.10059	0.02222	0.02779	0.01798	0.01070	0.00866	0.00263	0.01042	0.04538	0.00682	0.14945
1	0.02636	0.35823	0.08379	0.02145	0.02893	0.06850	0.05855	0.08781	0.05516	0.02919	0.01675	0.01945	0.01405	0.01008	0.01047	0.00266	0.08351	0.00693	0.00518	0.01294
2	0.04036	0.02094	0.08989	0.01871	0.02701	0.01608	0.01694	0.07451	0.02791	0.50937	0.03501	0.03101	0.02223	0.01166	0.00968	0.00300	0.00908	0.00939	0.01096	0.01625
3	0.02487	0.02142	0.02400	0.02365	0.07984	0.02437	0.01689	0.08092	0.49570	0.04096	0.03645	0.03422	0.02744	0.01263	0.00983	0.00323	0.00822	0.01060	0.00937	0.01541
4	0.01494	0.01119	0.01401	0.01308	0.01574	0.01091	0.00988	0.02221	0.09276	0.03906	0.52844	0.06812	0.08415	0.01903	0.01125	0.00308	0.00494	0.01675	0.01057	0.00988
5	0.03184	0.19438	0.03263	0.08939	0.03092	0.02689	0.01754	0.22427	0.03053	0.15681	0.02461	0.05652	0.01903	0.01157	0.00891	0.00279	0.01008	0.00896	0.00802	0.01429
6	0.02465	0.36242	0.25880	0.02171	0.03190	0.09888	0.02408	0.03076	0.02087	0.02588	0.01513	0.01762	0.01238	0.00883	0.00763	0.00250	0.01267	0.00605	0.00422	0.01301
7	0.01198	0.00851	0.01120	0.01327	0.01379	0.00799	0.00876	0.01354	0.01822	0.02429	0.05170	0.60864	0.06193	0.07775	0.01515	0.00435	0.00591	0.02654	0.00876	0.00772
8	0.02357	0.02291	0.04002	0.09280	0.52705	0.02305	0.06842	0.02954	0.02197	0.03120	0.01827	0.02426	0.01516	0.00867	0.00973	0.00293	0.01195	0.00884	0.00478	0.01491
9	0.02879	0.02017	0.03159	0.18454	0.27479	0.02082	0.02407	0.07230	0.02465	0.18645	0.02373	0.02680	0.01717	0.01001	0.00967	0.00300	0.01091	0.00894	0.00697	0.01464
10	0.07808	0.02069	0.03148	0.13204	0.32314	0.02155	0.02385	0.08088	0.02442	0.09591	0.05701	0.02763	0.02050	0.01018	0.00948	0.00297	0.01056	0.00907	0.00642	0.01413
11	0.01323	0.00931	0.01054	0.01092	0.01162	0.00892	0.00667	0.01396	0.01631	0.02115	0.04683	0.16700	0.14334	0.43761	0.03619	0.00736	0.00794	0.01751	0.00697	0.00663
12	0.02731	0.01954	0.02873	0.02358	0.02657	0.02378	0.05782	0.03042	0.01919	0.19210	0.02140	0.02600	0.01683	0.01830	0.05996	0.00450	0.37584	0.00918	0.00659	0.01236
13	0.11176	0.07155	0.08713	0.03118	0.19905	0.02254	0.02146	0.11200	0.02575	0.15643	0.02390	0.02830	0.01836	0.01080	0.00913	0.00296	0.01029	0.03562	0.00726	0.01453
14	0.02316	0.01387	0.01904	0.08835	0.05449	0.01389	0.01403	0.06541	0.02275	0.17058	0.04017	0.22946	0.06598	0.07107	0.05776	0.00471	0.00950	0.01597	0.00852	0.01128
15	0.02636	0.02392	0.03533	0.12455	0.41097	0.06779	0.02675	0.06968	0.02419	0.06889	0.01950	0.02425	0.01546	0.00930	0.00956	0.00290	0.01187	0.00853	0.00556	0.01462
16	0.02141	0.01982	0.03138	0.24815	0.14125	0.02006	0.08364	0.05759	0.02197	0.03080	0.01802	0.02370	0.01418	0.00870	0.00913	0.00262	0.01123	0.00809	0.00520	0.22308
17	0.02310	0.02235	0.07452	0.09650	0.33525	0.02090	0.02483	0.03187	0.09475	0.06615	0.08773	0.03151	0.02593	0.01083	0.00983	0.00300	0.01037	0.00990	0.00644	0.01421

[dist]
# distance from previous block
# <min> <max>
0	1

[block]
# block no. 1 follows, 16 sequences, length 14
# corresponding to MSA columns:
# 67-80
name=unknown_B
#
# <colnr> <probs for GDERKNQSTAVLIFYWHMCP>
#	G	D	E	R	K	N	Q	S	T	A	V	L	I	F	Y	W	H	M	C	P
0	0.01540	0.01252	0.01808	0.01705	0.01895	0.01493	0.01350	0.01871	0.01575	0.02321	0.02332	0.03428	0.02179	0.05975	0.48922	0.01289	0.12150	0.00979	0.00508	0.05429
1	0.02316	0.01819	0.02340	0.01723	0.02552	0.01504	0.05493	0.02994	0.07543	0.09268	0.02177	0.02347	0.01687	0.00834	0.00804	0.00192	0.00805	0.00711	0.00673	0.52221
2	0.03605	0.02444	0.07205	0.02063	0.02851	0.02318	0.01795	0.27492	0.10930	0.24450	0.03016	0.02814	0.02051	0.01177	0.00970	0.00300	0.00972	0.00925	0.01007	0.01616
3	0.01830	0.01723	0.02907	0.63609	0.06675	0.02153	0.02692	0.02476	0.01938	0.02476	0.01723	0.02584	0.01292	0.00969	0.00969	0.00323	0.01292	0.00861	0.00431	0.01077
4	0.02288	0.02614	0.05719	0.04085	0.05065	0.02451	0.56373	0.03105	0.02288	0.03105	0.01961	0.02614	0.01471	0.00817	0.01144	0.00327	0.01634	0.01144	0.00490	0.01307
5	0.01830	0.01723	0.02907	0.63609	0.06675	0.02153	0.02692	0.02476	0.01938	0.02476	0.01723	0.02584	0.01292	0.00969	0.00969	0.00323	0.01292	0.00861	0.00431	0.01077
6	0.01346	0.00913	0.01076	0.01138	0.01154	0.00897	0.00674	0.01393	0.01533	0.02044	0.03689	0.22714	0.04325	0.48474	0.03907	0.00788	0.00835	0.01783	0.00674	0.00643
7	0.02769	0.02176	0.02331	0.02006	0.02610	0.02464	0.01586	0.14913	0.44628	0.07844	0.03630	0.03352	0.02676	0.01279	0.00982	0.00320	0.00827	0.01046	0.00996	0.01563
8	0.01597	0.01291	0.01700	0.02046	0.08785	0.01326	0.01291	0.02376	0.14161	0.02903	0.04608	0.44190	0.05063	0.02396	0.01149	0.00367	0.00679	0.02163	0.00867	0.01041
9	0.01881	0.01548	0.01971	0.01544	0.02137	0.01313	0.04196	0.05302	0.02205	0.03232	0.11450	0.08470	0.03335	0.09095	0.01380	0.00305	0.00763	0.01088	0.00699	0.38086
10	0.01826	0.01302	0.01566	0.01311	0.01821	0.01069	0.01011	0.02197	0.02294	0.08725	0.18419	0.10739	0.15514	0.01643	0.00983	0.00259	0.00603	0.01405	0.00854	0.26458
11	0.02606	0.02599	0.08636	0.10421	0.24233	0.09283	0.02351	0.03152	0.02260	0.09932	0.01988	0.02345	0.01530	0.00912	0.00905	0.00265	0.01150	0.00781	0.00574	0.14078
12	0.02596	0.02651	0.17180	0.06753	0.15686	0.01836	0.02312	0.03232	0.02230	0.16073	0.02224	0.02432	0.01614	0.00925	0.00895	0.00262	0.01051	0.00782	0.00645	0.18620
13	0.64353	0.01977	0.01606	0.01391	0.02012	0.02276	0.01146	0.09415	0.02004	0.04563	0.01469	0.01666	0.01123	0.00932	0.00645	0.00299	0.00788	0.00567	0.00645	0.01123

[dist]
# distance from previous block
# <min> <max>
0	18

[block]
# block no. 2 follows, 16 sequences, length 6
# corresponding to MSA columns:
# 99-104
name=unknown_C
#
# <colnr> <probs for GDERKNQSTAVLIFYWHMCP>
#	G	D	E	R	K	N	Q	S	T	A	V	L	I	F	Y	W	H	M	C	P
0	0.02321	0.02042	0.03007	0.11280	0.29244	0.02173	0.02255	0.08951	0.11276	0.03502	0.06561	0.03263	0.02457	0.05968	0.01279	0.00349	0.01031	0.01008	0.00659	0.01374
1	0.02345	0.02077	0.03200	0.35495	0.21137	0.02358	0.02610	0.12936	0.02513	0.03365	0.01866	0.02482	0.01429	0.00976	0.00966	0.00307	0.01209	0.00864	0.00547	0.01316
2	0.61707	0.01838	0.01558	0.01347	0.01971	0.02053	0.01110	0.03152	0.01831	0.13448	0.01750	0.01854	0.01268	0.00948	0.00660	0.00300	0.00762	0.00598	0.00697	0.01147
3	0.02251	0.07136	0.19051	0.02182	0.03004	0.02226	0.05309	0.03842	0.25533	0.06579	0.06422	0.03522	0.06215	0.01245	0.00971	0.00311	0.00993	0.01043	0.00766	0.01399
4	0.02662	0.01549	0.01916	0.01552	0.02098	0.01445	0.01238	0.11594	0.02950	0.20021	0.27112	0.04663	0.05043	0.01466	0.01013	0.00280	0.00693	0.01240	0.01024	0.10441
5	0.01181	0.00843	0.01125	0.01350	0.01406	0.00787	0.00900	0.01350	0.01856	0.02474	0.05342	0.65306	0.06410	0.03036	0.01237	0.00394	0.00562	0.02755	0.00900	0.00787

[dist]
# distance from previous block
# <min> <max>
3	4

[block]
# block no. 3 follows, 16 sequences, length 50
# corresponding to MSA columns:
# 109-158
name=unknown_D
#
# <colnr> <probs for GDERKNQSTAVLIFYWHMCP>
#	G	D	E	R	K	N	Q	S	T	A	V	L	I	F	Y	W	H	M	C	P
0	0.02899	0.02238	0.03402	0.04481	0.38848	0.02262	0.02469	0.10833	0.06238	0.13093	0.02360	0.02616	0.01785	0.00990	0.00965	0.00293	0.01061	0.00898	0.00699	0.01570
1	0.02068	0.01813	0.02632	0.17750	0.18201	0.01942	0.02049	0.06251	0.10811	0.03183	0.02864	0.15364	0.02684	0.01407	0.01004	0.00313	0.00967	0.01261	0.00670	0.06765
2	0.01540	0.01112	0.01383	0.01463	0.01630	0.01103	0.01031	0.09036	0.02289	0.03072	0.08544	0.52701	0.05934	0.02707	0.01194	0.00373	0.00625	0.02428	0.00921	0.00915
3	0.03402	0.02749	0.07919	0.02701	0.10857	0.06297	0.02058	0.28824	0.06563	0.15043	0.02517	0.02525	0.01781	0.01105	0.00960	0.00293	0.01093	0.00873	0.00866	0.01574
4	0.02534	0.42917	0.16651	0.02277	0.07372	0.03307	0.02185	0.07613	0.02229	0.02849	0.01553	0.01792	0.01298	0.00880	0.00742	0.00242	0.01132	0.00618	0.00467	0.01342
5	0.01385	0.01026	0.01494	0.01487	0.01651	0.01164	0.01135	0.01713	0.01649	0.02362	0.07566	0.04312	0.03097	0.11596	0.52139	0.01398	0.02275	0.01131	0.00572	0.00847
6	0.68432	0.05883	0.01651	0.01298	0.01912	0.02277	0.01087	0.02852	0.01669	0.04220	0.01349	0.01573	0.01062	0.00895	0.00601	0.00294	0.00768	0.00524	0.00588	0.01062
7	0.01205	0.00875	0.01137	0.01301	0.01404	0.00808	0.00888	0.01420	0.02009	0.02684	0.13273	0.52610	0.11124	0.02841	0.01216	0.00376	0.00542	0.02557	0.00923	0.00808
8	0.08588	0.02457	0.06882	0.03354	0.19307	0.05999	0.09047	0.03774	0.11603	0.15420	0.02549	0.02686	0.01867	0.01019	0.00953	0.00302	0.01104	0.00909	0.00723	0.01457
9	0.02449	0.46483	0.14267	0.01896	0.02754	0.07194	0.01968	0.02899	0.02000	0.02420	0.01527	0.01836	0.01338	0.01382	0.05705	0.00337	0.01279	0.00602	0.00428	0.01237
10	0.72785	0.01874	0.01425	0.01275	0.01874	0.02174	0.01050	0.02849	0.01649	0.04348	0.01350	0.01574	0.01050	0.00900	0.00600	0.00300	0.00750	0.00525	0.00600	0.01050
11	0.16153	0.24455	0.03378	0.01856	0.02618	0.03136	0.01632	0.28210	0.03129	0.04467	0.01809	0.01922	0.01398	0.01000	0.00782	0.00264	0.00997	0.00686	0.00710	0.01398
12	0.02007	0.01537	0.02035	0.05205	0.10009	0.01593	0.01481	0.03085	0.17216	0.07559	0.30362	0.05131	0.05638	0.01551	0.01057	0.00309	0.00699	0.01362	0.00943	0.01219
13	0.01263	0.00939	0.01176	0.01217	0.01407	0.00853	0.00875	0.01581	0.02339	0.03162	0.31448	0.27250	0.18067	0.02430	0.01175	0.00339	0.00499	0.02148	0.00978	0.00853
14	0.01446	0.04761	0.09522	0.01480	0.01838	0.01218	0.01290	0.01849	0.02153	0.02966	0.22594	0.22683	0.09203	0.07393	0.04813	0.00446	0.00808	0.01788	0.00819	0.00931
15	0.01418	0.00930	0.01052	0.01070	0.01089	0.00925	0.00618	0.01462	0.01486	0.02042	0.03239	0.10758	0.03679	0.56691	0.04360	0.00849	0.00878	0.01481	0.05349	0.00624
16	0.02399	0.02303	0.03934	0.05949	0.59893	0.02303	0.02974	0.02974	0.02207	0.03166	0.01823	0.02399	0.01535	0.00864	0.00960	0.00288	0.01151	0.00864	0.00480	0.01535
17	0.02591	0.66522	0.05079	0.01658	0.02488	0.03835	0.01658	0.02902	0.01969	0.02280	0.01347	0.01555	0.01244	0.00829	0.00622	0.00207	0.01036	0.00518	0.00415	0.01244
18	0.01181	0.00843	0.01125	0.01350	0.01406	0.00787	0.00900	0.01350	0.01856	0.02474	0.05342	0.65306	0.06410	0.03036	0.01237	0.00394	0.00562	0.02755	0.00900	0.00787
19	0.72785	0.01874	0.01425	0.01275	0.01874	0.02174	0.01050	0.02849	0.01649	0.04348	0.01350	0.01574	0.01050	0.00900	0.00600	0.00300	0.00750	0.00525	0.00600	0.01050
20	0.02161	0.01750	0.02037	0.01497	0.02325	0.01396	0.01196	0.02790	0.06924	0.06098	0.02020	0.02214	0.01616	0.00794	0.00754	0.00167	0.00727	0.00639	0.00641	0.62253
21	0.02288	0.02614	0.05719	0.04085	0.05065	0.02451	0.56373	0.03105	0.02288	0.03105	0.01961	0.02614	0.01471	0.00817	0.01144	0.00327	0.01634	0.01144	0.00490	0.01307
22	0.01234	0.00985	0.01104	0.01074	0.01363	0.00856	0.00806	0.01561	0.02417	0.03112	0.29102	0.08515	0.39908	0.02270	0.01145	0.00319	0.00478	0.01932	0.00965	0.00856
23	0.43949	0.02015	0.01872	0.01527	0.02210	0.02177	0.01255	0.14223	0.02385	0.08268	0.01770	0.01907	0.01318	0.00950	0.00719	0.00276	0.00817	0.00634	0.00714	0.11015
24	0.01385	0.01038	0.01558	0.01558	0.01731	0.01211	0.01211	0.01731	0.01558	0.02250	0.02596	0.03808	0.02423	0.07269	0.62098	0.01558	0.02596	0.01038	0.00519	0.00865
25	0.03445	0.02328	0.03109	0.06791	0.10599	0.02428	0.06390	0.29134	0.03462	0.18537	0.02558	0.02614	0.01779	0.01093	0.00984	0.00298	0.01080	0.00918	0.00888	0.01568
26	0.02802	0.01811	0.02083	0.01800	0.02359	0.01931	0.01418	0.04573	0.35183	0.19638	0.11583	0.04030	0.03660	0.01375	0.01005	0.00317	0.00740	0.01153	0.01056	0.01480
27	0.01372	0.00991	0.01296	0.01219	0.01448	0.00914	0.00914	0.01829	0.02743	0.03887	0.59381	0.07240	0.09145	0.01981	0.01143	0.00305	0.00457	0.01753	0.01067	0.00914
28	0.01409	0.00940	0.01057	0.01057	0.01057	0.00940	0.00587	0.01409	0.01409	0.01879	0.03054	0.06342	0.03524	0.65938	0.04933	0.00940	0.00940	0.01409	0.00587	0.00587
29	0.01360	0.00919	0.01072	0.01120	0.01133	0.00907	0.00655	0.01396	0.01506	0.02008	0.03549	0.19101	0.04148	0.52327	0.04133	0.00821	0.00858	0.01701	0.00655	0.00631
30	0.02201	0.01038	0.01432	0.01318	0.01481	0.00989	0.00913	0.02043	0.01621	0.14467	0.02442	0.03754	0.02235	0.16377	0.03426	0.41065	0.00859	0.00993	0.00625	0.00723
31	0.01944	0.05013	0.60917	0.02762	0.04195	0.02251	0.03581	0.03069	0.02046	0.03069	0.01739	0.02046	0.01228	0.00921	0.00921	0.00307	0.01432	0.00716	0.00409	0.01432
32	0.01385	0.01038	0.01558	0.01558	0.01731	0.01211	0.01211	0.01731	0.01558	0.02250	0.02596	0.03808	0.02423	0.07269	0.62098	0.01558	0.02596	0.01038	0.00519	0.00865
33	0.01992	0.01071	0.01331	0.01270	0.01445	0.01009	0.00842	0.02112	0.01809	0.14717	0.03756	0.19495	0.03956	0.37196	0.03211	0.00673	0.00826	0.01631	0.00793	0.00864
34	0.72785	0.01874	0.01425	0.01275	0.01874	0.02174	0.01050	0.02849	0.01649	0.04348	0.01350	0.01574	0.01050	0.00900	0.00600	0.00300	0.00750	0.00525	0.00600	0.01050
35	0.02010	0.01723	0.02010	0.01436	0.02297	0.01292	0.01148	0.02440	0.02010	0.03158	0.01723	0.02010	0.01436	0.00718	0.00718	0.00144	0.00718	0.00574	0.00574	0.71863
36	0.01267	0.00905	0.01223	0.01448	0.01541	0.00861	0.01049	0.01498	0.01940	0.02570	0.05295	0.53058	0.06223	0.02956	0.01260	0.00405	0.00637	0.14157	0.00898	0.00811
37	0.01451	0.00984	0.01286	0.01315	0.01519	0.00907	0.00975	0.01796	0.02381	0.05945	0.31567	0.26236	0.11025	0.02373	0.01182	0.00346	0.00546	0.06270	0.00994	0.00900
38	0.01795	0.01063	0.01337	0.01220	0.01524	0.00970	0.00932	0.02222	0.02603	0.11024	0.40154	0.06413	0.11730	0.01804	0.01057	0.00295	0.00507	0.01561	0.10792	0.00999
39	0.01385	0.01038	0.01558	0.01558	0.01731	0.01211	0.01211	0.01731	0.01558	0.02250	0.02596	0.03808	0.02423	0.07269	0.62098	0.01558	0.02596	0.01038	0.00519	0.00865
40	0.02159	0.01472	0.01794	0.01498	0.02058	0.01248	0.01146	0.05962	0.02231	0.11152	0.03318	0.24271	0.03318	0.01623	0.00951	0.00262	0.00702	0.01410	0.00801	0.32623
41	0.01745	0.01220	0.01531	0.01412	0.01809	0.01018	0.01032	0.02023	0.01989	0.07759	0.03949	0.37860	0.04328	0.02069	0.01033	0.00298	0.00639	0.01840	0.00812	0.25633
42	0.01409	0.00940	0.01057	0.01057	0.01057	0.00940	0.00587	0.01409	0.01409	0.01879	0.03054	0.06342	0.03524	0.65938	0.04933	0.00940	0.00940	0.01409	0.00587	0.00587
43	0.01395	0.00998	0.01354	0.01354	0.01456	0.01101	0.00957	0.01600	0.01497	0.02099	0.02783	0.04840	0.02871	0.31174	0.38806	0.01306	0.01921	0.01190	0.00547	0.00752
44	0.01373	0.00940	0.01139	0.01171	0.01204	0.00957	0.00722	0.01447	0.01495	0.02018	0.03314	0.14389	0.03776	0.48457	0.12693	0.00951	0.01126	0.01548	0.00622	0.00656
45	0.01530	0.00992	0.01285	0.01371	0.01488	0.00976	0.00975	0.01720	0.01800	0.05575	0.04190	0.25437	0.04685	0.25257	0.07503	0.00685	0.00940	0.12025	0.00774	0.00792
46	0.01947	0.01723	0.02322	0.23104	0.03823	0.01592	0.01686	0.02453	0.01985	0.02921	0.01723	0.02210	0.01386	0.00805	0.00805	0.00206	0.00918	0.00674	0.00524	0.47193
47	0.02422	0.02652	0.08496	0.14992	0.14450	0.06991	0.17321	0.09986	0.02474	0.03277	0.01927	0.02497	0.01498	0.01349	0.05043	0.00388	0.01464	0.00922	0.00536	0.01316
48	0.01691	0.01885	0.13281	0.06746	0.02556	0.01381	0.01693	0.02202	0.02029	0.06786	0.11354	0.11782	0.08479	0.03405	0.19537	0.00698	0.01406	0.01353	0.00694	0.01042
49	0.01200	0.00915	0.01055	0.01154	0.01314	0.00823	0.00785	0.01376	0.01936	0.02445	0.06857	0.33320	0.27990	0.12160	0.01749	0.00447	0.00589	0.02261	0.00853	0.00770

[dist]
# distance from previous block
# <min> <max>
5	28

[block]
# block no. 4 follows, 16 sequences, length 95
# corresponding to MSA columns:
# 187-281
name=unknown_E
#
# <colnr> <probs for GDERKNQSTAVLIFYWHMCP>
#	G	D	E	R	K	N	Q	S	T	A	V	L	I	F	Y	W	H	M	C	P
0	0.02294	0.02596	0.05613	0.04196	0.08330	0.02442	0.53193	0.03097	0.02283	0.03108	0.01953	0.02602	0.01474	0.00820	0.01133	0.00324	0.01605	0.01127	0.00490	0.01321
1	0.02486	0.06832	0.03285	0.03546	0.23227	0.06171	0.05736	0.04000	0.27082	0.03446	0.02722	0.02855	0.02125	0.01067	0.00955	0.00301	0.01042	0.00947	0.00702	0.01474
2	0.01673	0.00998	0.01319	0.01401	0.01599	0.00913	0.01013	0.01915	0.02095	0.10960	0.08779	0.44960	0.09633	0.02640	0.01194	0.00374	0.00612	0.06041	0.00953	0.00929
3	0.04348	0.01649	0.02249	0.01724	0.02474	0.01425	0.01425	0.04723	0.02774	0.60564	0.03824	0.03299	0.02399	0.01200	0.00975	0.00300	0.00825	0.00975	0.01200	0.01649
4	0.01407	0.00935	0.01196	0.01308	0.01464	0.00894	0.00972	0.01744	0.02161	0.03093	0.17618	0.30918	0.06175	0.02369	0.01127	0.00350	0.00572	0.10636	0.14205	0.00857
5	0.03507	0.01514	0.02038	0.01659	0.02243	0.01398	0.01334	0.03994	0.06542	0.42288	0.06889	0.03587	0.02794	0.02071	0.07738	0.05928	0.00989	0.01027	0.01044	0.01419
6	0.01394	0.01001	0.01366	0.01366	0.01473	0.01107	0.00972	0.01608	0.01501	0.02108	0.02772	0.04779	0.02845	0.29756	0.40187	0.01321	0.01961	0.01181	0.00545	0.00759
7	0.01819	0.01239	0.01793	0.01661	0.01661	0.01503	0.01239	0.01595	0.01332	0.01885	0.01556	0.02690	0.01556	0.02848	0.03599	0.49621	0.20520	0.00844	0.00422	0.00620
8	0.02437	0.01778	0.01930	0.01678	0.02152	0.01945	0.01335	0.18285	0.19159	0.04438	0.10839	0.04154	0.03459	0.01395	0.00949	0.00297	0.00741	0.04021	0.17711	0.01297
9	0.02520	0.01205	0.01519	0.01334	0.01625	0.01115	0.00930	0.02675	0.01964	0.24415	0.03512	0.09382	0.03299	0.36637	0.03152	0.00655	0.00869	0.01339	0.00844	0.01009
10	0.02120	0.02120	0.02969	0.02545	0.02545	0.02969	0.02120	0.02332	0.01484	0.02332	0.01272	0.02120	0.01272	0.01696	0.03181	0.00424	0.64165	0.00848	0.00424	0.01060
11	0.01385	0.01038	0.01558	0.01558	0.01731	0.01211	0.01211	0.01731	0.01558	0.02250	0.02596	0.03808	0.02423	0.07269	0.62098	0.01558	0.02596	0.01038	0.00519	0.00865
12	0.03092	0.01391	0.01849	0.01583	0.02085	0.01255	0.01237	0.03550	0.05493	0.36158	0.10656	0.19592	0.04234	0.01765	0.01062	0.00326	0.00712	0.01526	0.01096	0.01338
13	0.02399	0.02303	0.03934	0.05949	0.59893	0.02303	0.02974	0.02974	0.02207	0.03166	0.01823	0.02399	0.01535	0.00864	0.00960	0.00288	0.01151	0.00864	0.00480	0.01535
14	0.01830	0.01723	0.02907	0.63609	0.06675	0.02153	0.02692	0.02476	0.01938	0.02476	0.01723	0.02584	0.01292	0.00969	0.00969	0.00323	0.01292	0.00861	0.00431	0.01077
15	0.01218	0.01075	0.01284	0.01195	0.01547	0.00918	0.04195	0.01495	0.02194	0.02640	0.09077	0.12088	0.52889	0.02386	0.01151	0.00331	0.00566	0.02030	0.00875	0.00847
16	0.01516	0.00973	0.01244	0.01304	0.01453	0.00912	0.00912	0.01736	0.02023	0.06839	0.14126	0.31756	0.08750	0.15949	0.01985	0.00487	0.00662	0.05652	0.00883	0.00838
17	0.01944	0.05013	0.60917	0.02762	0.04195	0.02251	0.03581	0.03069	0.02046	0.03069	0.01739	0.02046	0.01228	0.00921	0.00921	0.00307	0.01432	0.00716	0.00409	0.01432
18	0.02411	0.02082	0.02192	0.01972	0.02520	0.02411	0.01534	0.05150	0.58142	0.04054	0.03945	0.03616	0.02959	0.01315	0.00986	0.00329	0.00767	0.01096	0.00986	0.01534
19	0.01539	0.00992	0.01225	0.01222	0.01328	0.00990	0.00802	0.01663	0.01633	0.05712	0.03772	0.13662	0.07370	0.38886	0.14200	0.00898	0.01150	0.01536	0.00675	0.00745
20	0.01600	0.01180	0.01319	0.01303	0.01433	0.01246	0.00843	0.02234	0.14112	0.02448	0.03577	0.14110	0.03808	0.42607	0.03529	0.00726	0.00848	0.01531	0.00721	0.00827
21	0.01360	0.00990	0.01279	0.01207	0.01441	0.00909	0.00905	0.01806	0.02715	0.03819	0.56729	0.07351	0.11839	0.02007	0.01143	0.00306	0.00459	0.01768	0.01058	0.00909
22	0.02120	0.02120	0.02969	0.02545	0.02545	0.02969	0.02120	0.02332	0.01484	0.02332	0.01272	0.02120	0.01272	0.01696	0.03181	0.00424	0.64165	0.00848	0.00424	0.01060
23	0.02443	0.02240	0.03547	0.08696	0.32727	0.02406	0.06358	0.10812	0.02486	0.03490	0.05409	0.02682	0.01970	0.01088	0.01268	0.00312	0.09145	0.00938	0.00580	0.01404
24	0.01409	0.00940	0.01057	0.01057	0.01057	0.00940	0.00587	0.01409	0.01409	0.01879	0.03054	0.06342	0.03524	0.65938	0.04933	0.00940	0.00940	0.01409	0.00587	0.00587
25	0.33189	0.02356	0.02275	0.01822	0.02523	0.02651	0.01504	0.33684	0.03315	0.05357	0.01910	0.02006	0.01393	0.01051	0.00812	0.00295	0.00931	0.00724	0.00812	0.01393
26	0.02198	0.02257	0.02949	0.07231	0.02892	0.06847	0.02148	0.02446	0.01603	0.02346	0.01322	0.02131	0.01272	0.01594	0.02857	0.00405	0.55173	0.00834	0.00430	0.01066
27	0.09062	0.10025	0.02554	0.01683	0.02433	0.01789	0.01428	0.04353	0.02589	0.48996	0.03326	0.02950	0.02153	0.01130	0.00902	0.00288	0.00847	0.00883	0.01055	0.01554
28	0.02411	0.02082	0.02192	0.01972	0.02520	0.02411	0.01534	0.05150	0.58142	0.04054	0.03945	0.03616	0.02959	0.01315	0.00986	0.00329	0.00767	0.01096	0.00986	0.01534
29	0.01562	0.01116	0.01562	0.01785	0.02008	0.01116	0.01562	0.02008	0.02231	0.02900	0.05132	0.10933	0.05578	0.02677	0.01339	0.00446	0.00892	0.53369	0.00892	0.00892
30	0.02010	0.01723	0.02010	0.01436	0.02297	0.01292	0.01148	0.02440	0.02010	0.03158	0.01723	0.02010	0.01436	0.00718	0.00718	0.00144	0.00718	0.00574	0.00574	0.71863
31	0.01175	0.00973	0.01029	0.01037	0.01333	0.00827	0.00769	0.01440	0.02247	0.02758	0.15381	0.13120	0.49688	0.02440	0.01152	0.00329	0.00492	0.02062	0.00920	0.00827
32	0.01512	0.01079	0.01273	0.05660	0.01570	0.01134	0.00808	0.01757	0.05543	0.02080	0.03022	0.05873	0.03321	0.56561	0.04361	0.00851	0.00953	0.01347	0.00605	0.00691
33	0.03620	0.04619	0.02747	0.02497	0.02996	0.62047	0.01873	0.03870	0.02747	0.02372	0.01498	0.01748	0.01248	0.00999	0.00874	0.00250	0.01748	0.00624	0.00499	0.01124
34	0.01181	0.00843	0.01125	0.01350	0.01406	0.00787	0.00900	0.01350	0.01856	0.02474	0.05342	0.65306	0.06410	0.03036	0.01237	0.00394	0.00562	0.02755	0.00900	0.00787
35	0.01582	0.01018	0.01214	0.01180	0.01330	0.00979	0.00795	0.01741	0.01826	0.06475	0.10433	0.06761	0.12466	0.37869	0.06924	0.00743	0.00908	0.04245	0.00743	0.00767
36	0.02160	0.02059	0.03502	0.30200	0.37510	0.02240	0.02856	0.02765	0.02094	0.02876	0.01781	0.02477	0.01433	0.00908	0.00963	0.00303	0.01211	0.00863	0.00459	0.01342
37	0.03620	0.04619	0.02747	0.02497	0.02996	0.62047	0.01873	0.03870	0.02747	0.02372	0.01498	0.01748	0.01248	0.00999	0.00874	0.00250	0.01748	0.00624	0.00499	0.01124
38	0.01807	0.00903	0.00903	0.00903	0.01129	0.00903	0.00678	0.02258	0.02033	0.03613	0.03162	0.03613	0.02484	0.01129	0.00678	0.00226	0.00452	0.00903	0.71319	0.00903
39	0.31398	0.02031	0.02077	0.01686	0.02368	0.02181	0.01385	0.16746	0.06610	0.20813	0.02476	0.02393	0.01715	0.01079	0.00824	0.00300	0.00850	0.00778	0.00889	0.01401
40	0.01385	0.01038	0.01558	0.01558	0.01731	0.01211	0.01211	0.01731	0.01558	0.02250	0.02596	0.03808	0.02423	0.07269	0.62098	0.01558	0.02596	0.01038	0.00519	0.00865
41	0.01385	0.01038	0.01558	0.01558	0.01731	0.01211	0.01211	0.01731	0.01558	0.02250	0.02596	0.03808	0.02423	0.07269	0.62098	0.01558	0.02596	0.01038	0.00519	0.00865
42	0.01665	0.00854	0.01281	0.01281	0.01292	0.00865	0.00865	0.01292	0.01281	0.01719	0.01740	0.03000	0.01729	0.03610	0.07413	0.67435	0.00951	0.00854	0.00427	0.00449
43	0.55416	0.01849	0.01547	0.01407	0.01964	0.02132	0.01129	0.03179	0.12041	0.04178	0.02074	0.05901	0.01733	0.01108	0.00710	0.00311	0.00741	0.00768	0.00689	0.01122
44	0.01405	0.00956	0.01142	0.01142	0.01171	0.00986	0.00693	0.01464	0.01435	0.01942	0.02976	0.05913	0.03337	0.56007	0.14610	0.01044	0.01220	0.01347	0.00576	0.00634
45	0.11532	0.01704	0.02157	0.01694	0.02413	0.01573	0.01392	0.04553	0.06502	0.50625	0.03568	0.03137	0.02294	0.01176	0.00935	0.00302	0.00813	0.00935	0.01121	0.01577
46	0.13415	0.01750	0.02183	0.01698	0.02430	0.01630	0.01402	0.07938	0.02743	0.49448	0.03394	0.03004	0.02169	0.01157	0.00924	0.00299	0.00831	0.00908	0.01104	0.01569
47	0.01367	0.00969	0.01231	0.01249	0.01333	0.01015	0.00837	0.01515	0.01543	0.02098	0.03479	0.10171	0.06741	0.36923	0.24254	0.01075	0.01458	0.01422	0.00607	0.00713
48	0.01387	0.01020	0.01317	0.01324	0.01565	0.00950	0.01048	0.01812	0.02544	0.03469	0.39241	0.08432	0.15285	0.02217	0.01191	0.00342	0.00568	0.14391	0.01001	0.00896
49	0.03853	0.02445	0.02742	0.02102	0.02871	0.02605	0.01736	0.43498	0.04105	0.19910	0.02706	0.02573	0.01839	0.01173	0.00971	0.00293	0.01005	0.00898	0.01028	0.01649
50	0.01385	0.01038	0.01558	0.01558	0.01731	0.01211	0.01211	0.01731	0.01558	0.02250	0.02596	0.03808	0.02423	0.07269	0.62098	0.01558	0.02596	0.01038	0.00519	0.00865
51	0.01572	0.01066	0.01189	0.01141	0.01196	0.01087	0.00677	0.05351	0.01634	0.02181	0.03002	0.06056	0.03390	0.61317	0.04650	0.00893	0.00949	0.01371	0.00615	0.00663
52	0.01269	0.00987	0.01153	0.01112	0.01385	0.00871	0.00834	0.01631	0.02502	0.03312	0.36940	0.08185	0.31945	0.02196	0.01144	0.00315	0.00472	0.01885	0.00991	0.00871
53	0.03620	0.04619	0.02747	0.02497	0.02996	0.62047	0.01873	0.03870	0.02747	0.02372	0.01498	0.01748	0.01248	0.00999	0.00874	0.00250	0.01748	0.00624	0.00499	0.01124
54	0.02120	0.02120	0.02969	0.02545	0.02545	0.02969	0.02120	0.02332	0.01484	0.02332	0.01272	0.02120	0.01272	0.01696	0.03181	0.00424	0.64165	0.00848	0.00424	0.01060
55	0.02010	0.01723	0.02010	0.01436	0.02297	0.01292	0.01148	0.02440	0.02010	0.03158	0.01723	0.02010	0.01436	0.00718	0.00718	0.00144	0.00718	0.00574	0.00574	0.71863
56	0.02137	0.05789	0.02488	0.07150	0.11859	0.01583	0.04985	0.02505	0.02086	0.12314	0.03563	0.27312	0.03614	0.02232	0.05422	0.00422	0.01002	0.01631	0.00760	0.01144
57	0.01385	0.01038	0.01558	0.01558	0.01731	0.01211	0.01211	0.01731	0.01558	0.02250	0.02596	0.03808	0.02423	0.07269	0.62098	0.01558	0.02596	0.01038	0.00519	0.00865
58	0.02337	0.02004	0.02128	0.01919	0.02444	0.02304	0.01490	0.04913	0.54190	0.04042	0.07900	0.03875	0.03400	0.01362	0.00997	0.00327	0.00745	0.01143	0.00992	0.01490
59	0.02596	0.01808	0.02134	0.01583	0.02398	0.01518	0.01277	0.07195	0.05836	0.14073	0.02296	0.02373	0.01725	0.00878	0.00801	0.00195	0.00767	0.00704	0.00746	0.49094
60	0.01860	0.01551	0.01843	0.01385	0.02098	0.01204	0.01094	0.02297	0.02181	0.03329	0.15213	0.03233	0.03239	0.01013	0.00817	0.00181	0.00657	0.00850	0.00689	0.55264
61	0.20435	0.02609	0.02212	0.01795	0.02492	0.15400	0.01427	0.13979	0.02606	0.03886	0.01703	0.01907	0.01341	0.00917	0.00775	0.00237	0.01027	0.00634	0.00645	0.23973
62	0.02013	0.07734	0.20283	0.08896	0.03581	0.02157	0.08367	0.03149	0.13623	0.03074	0.02695	0.11362	0.02363	0.01275	0.00975	0.00311	0.01109	0.01122	0.00619	0.05293
63	0.07131	0.02117	0.06705	0.10977	0.09447	0.02109	0.04977	0.03573	0.24984	0.03419	0.03456	0.07895	0.06405	0.01335	0.00987	0.00324	0.00944	0.01159	0.00744	0.01312
64	0.01936	0.02000	0.04020	0.11191	0.04208	0.01944	0.32855	0.02592	0.02278	0.03096	0.12930	0.10352	0.03410	0.01297	0.01131	0.00330	0.01253	0.01396	0.00634	0.01147
65	0.02865	0.01870	0.02191	0.01897	0.02448	0.01974	0.01560	0.18756	0.14967	0.15146	0.07995	0.05178	0.03566	0.01620	0.01074	0.00338	0.00869	0.13289	0.01006	0.01391
66	0.01494	0.01153	0.01561	0.01706	0.05165	0.01169	0.01210	0.02049	0.06488	0.03102	0.21939	0.16387	0.08823	0.03201	0.13255	0.00587	0.01019	0.07874	0.00858	0.00960
67	0.02354	0.01342	0.01644	0.01431	0.01868	0.01255	0.01116	0.06592	0.05663	0.19368	0.22600	0.10257	0.16838	0.01847	0.01083	0.00315	0.00634	0.01574	0.01045	0.01174
68	0.24514	0.01469	0.01539	0.01365	0.01847	0.01512	0.01077	0.03163	0.05278	0.19396	0.03118	0.11181	0.02569	0.01344	0.00828	0.00298	0.00680	0.01065	0.16582	0.01174
69	0.01298	0.00893	0.01090	0.01199	0.01226	0.00866	0.00739	0.01380	0.01626	0.02168	0.04164	0.34964	0.04925	0.35406	0.03139	0.00675	0.00756	0.02063	0.00739	0.00684
70	0.30579	0.01686	0.01857	0.01512	0.02163	0.01675	0.01240	0.03776	0.02337	0.34477	0.07133	0.02935	0.02395	0.01144	0.00843	0.00300	0.00768	0.00860	0.00957	0.01361
71	0.01871	0.01051	0.01339	0.01311	0.01530	0.00965	0.00919	0.02082	0.02068	0.13799	0.11702	0.28106	0.09138	0.17171	0.02029	0.00487	0.00683	0.01917	0.00906	0.00926
72	0.04104	0.02041	0.02492	0.01910	0.02669	0.02006	0.01578	0.23811	0.03429	0.40551	0.03274	0.02942	0.02123	0.01186	0.00973	0.00297	0.00914	0.00937	0.01115	0.01649
73	0.02518	0.01241	0.01675	0.01564	0.01940	0.01136	0.01242	0.02854	0.02366	0.24785	0.10655	0.17442	0.04779	0.06692	0.01420	0.00401	0.00759	0.14382	0.01008	0.01141
74	0.01329	0.00987	0.01254	0.01380	0.01531	0.00953	0.00985	0.01759	0.06144	0.02877	0.15038	0.43228	0.09883	0.02664	0.01204	0.00373	0.00578	0.06025	0.00935	0.00873
75	0.01806	0.01037	0.01266	0.01324	0.01548	0.01024	0.01061	0.02188	0.02069	0.06480	0.03969	0.06881	0.03852	0.10754	0.01549	0.00417	0.00717	0.21817	0.29342	0.00900
76	0.02297	0.02576	0.05463	0.03932	0.04881	0.02448	0.52395	0.03253	0.06339	0.03173	0.02105	0.02687	0.01579	0.00853	0.01132	0.00327	0.01571	0.01140	0.00526	0.01324
77	0.01260	0.00894	0.01122	0.01272	0.01342	0.00848	0.00844	0.01405	0.01784	0.02352	0.05041	0.42888	0.09296	0.19473	0.02206	0.00535	0.00675	0.05204	0.00817	0.00743
78	0.33337	0.02077	0.02103	0.01690	0.02384	0.02236	0.01395	0.20083	0.02849	0.19639	0.02303	0.02261	0.01590	0.01060	0.00813	0.00297	0.00868	0.00751	0.00872	0.01393
79	0.03620	0.04619	0.02747	0.02497	0.02996	0.62047	0.01873	0.03870	0.02747	0.02372	0.01498	0.01748	0.01248	0.00999	0.00874	0.00250	0.01748	0.00624	0.00499	0.01124
80	0.01255	0.00875	0.01103	0.01255	0.01293	0.00837	0.00798	0.01369	0.01711	0.02281	0.04599	0.46167	0.05473	0.23453	0.02437	0.00571	0.00685	0.02318	0.00798	0.00722
81	0.01890	0.01685	0.02651	0.43358	0.05152	0.02106	0.02297	0.02494	0.05850	0.02470	0.01821	0.02646	0.01460	0.01396	0.01615	0.09560	0.09183	0.00874	0.00469	0.01023
82	0.02269	0.01392	0.01443	0.01276	0.01648	0.01480	0.00999	0.14587	0.06645	0.04201	0.03032	0.03327	0.02332	0.01150	0.00765	0.00248	0.00611	0.00910	0.50570	0.01115
83	0.02120	0.02120	0.02969	0.02545	0.02545	0.02969	0.02120	0.02332	0.01484	0.02332	0.01272	0.02120	0.01272	0.01696	0.03181	0.00424	0.64165	0.00848	0.00424	0.01060
84	0.01266	0.00976	0.01162	0.01178	0.01425	0.00872	0.00885	0.01597	0.02368	0.03104	0.27823	0.16038	0.29409	0.02367	0.01170	0.00336	0.00516	0.05689	0.00963	0.00856
85	0.01178	0.00979	0.01065	0.01081	0.01369	0.00866	0.00808	0.01431	0.02102	0.02561	0.08590	0.12517	0.48559	0.03107	0.08895	0.00488	0.00763	0.01967	0.00852	0.00822
86	0.01486	0.01332	0.02393	0.02105	0.02416	0.01246	0.16210	0.01834	0.01975	0.02648	0.04409	0.48003	0.05047	0.02424	0.01211	0.00375	0.00858	0.02311	0.00787	0.00931
87	0.03944	0.01822	0.02498	0.06571	0.07245	0.01718	0.01681	0.10126	0.02866	0.45988	0.03354	0.03071	0.02170	0.01153	0.00973	0.00300	0.00910	0.00947	0.01064	0.01599
88	0.07450	0.08320	0.02952	0.07262	0.07131	0.38008	0.01944	0.10276	0.02755	0.03021	0.01623	0.01907	0.01310	0.00990	0.00865	0.00263	0.01474	0.00677	0.00552	0.01220
89	0.01181	0.00843	0.01125	0.01350	0.01406	0.00787	0.00900	0.01350	0.01856	0.02474	0.05342	0.65306	0.06410	0.03036	0.01237	0.00394	0.00562	0.02755	0.00900	0.00787
90	0.01830	0.01723	0.02907	0.63609	0.06675	0.02153	0.02692	0.02476	0.01938	0.02476	0.01723	0.02584	0.01292	0.00969	0.00969	0.00323	0.01292	0.00861	0.00431	0.01077
91	0.02789	0.02153	0.02902	0.03221	0.22204	0.02101	0.01981	0.14775	0.06613	0.10166	0.02273	0.02465	0.01727	0.00958	0.00902	0.00255	0.00957	0.00818	0.00725	0.20017
92	0.02552	0.16951	0.02825	0.01583	0.02417	0.02034	0.01354	0.06983	0.02287	0.09996	0.01931	0.02081	0.01521	0.00835	0.00745	0.00188	0.00832	0.00632	0.00641	0.41611
93	0.72785	0.01874	0.01425	0.01275	0.01874	0.02174	0.01050	0.02849	0.01649	0.04348	0.01350	0.01574	0.01050	0.00900	0.00600	0.00300	0.00750	0.00525	0.00600	0.01050
94	0.13191	0.07445	0.19402	0.06680	0.03429	0.02422	0.05142	0.13925	0.06043	0.10141	0.02147	0.02302	0.01539	0.01012	0.00887	0.00299	0.01123	0.00790	0.00678	0.01403

[dist]
# distance from previous block
# <min> <max>
0	10

[block]
# block no. 5 follows, 16 sequences, length 65
# corresponding to MSA columns:
# 292-356
name=unknown_F
#
# <colnr> <probs for GDERKNQSTAVLIFYWHMCP>
#	G	D	E	R	K	N	Q	S	T	A	V	L	I	F	Y	W	H	M	C	P
0	0.07022	0.02258	0.03636	0.05337	0.51686	0.02303	0.02738	0.03133	0.06457	0.03312	0.01955	0.02438	0.01612	0.00901	0.00938	0.00292	0.01096	0.00859	0.00526	0.01503
1	0.32981	0.12710	0.10075	0.02062	0.06884	0.02518	0.01766	0.07325	0.02096	0.07661	0.01680	0.01904	0.01294	0.00974	0.00868	0.00291	0.04404	0.00651	0.00598	0.01257
2	0.01385	0.01038	0.01558	0.01558	0.01731	0.01211	0.01211	0.01731	0.01558	0.02250	0.02596	0.03808	0.02423	0.07269	0.62098	0.01558	0.02596	0.01038	0.00519	0.00865
3	0.02388	0.01814	0.02789	0.07103	0.27932	0.01806	0.02059	0.06347	0.02581	0.10892	0.19590	0.03991	0.03951	0.01272	0.01018	0.00297	0.00901	0.01148	0.00780	0.01342
4	0.01256	0.01539	0.09265	0.01228	0.01708	0.01016	0.01130	0.01623	0.02187	0.02681	0.08702	0.08321	0.51446	0.02243	0.01114	0.00324	0.00621	0.01862	0.00832	0.00903
5	0.02010	0.01723	0.02010	0.01436	0.02297	0.01292	0.01148	0.02440	0.02010	0.03158	0.01723	0.02010	0.01436	0.00718	0.00718	0.00144	0.00718	0.00574	0.00574	0.71863
6	0.02378	0.01980	0.03025	0.36823	0.16163	0.02259	0.02489	0.09818	0.05600	0.06966	0.02084	0.02620	0.01553	0.01008	0.00969	0.00311	0.01175	0.00884	0.00591	0.01304
7	0.72785	0.01874	0.01425	0.01275	0.01874	0.02174	0.01050	0.02849	0.01649	0.04348	0.01350	0.01574	0.01050	0.00900	0.00600	0.00300	0.00750	0.00525	0.00600	0.01050
8	0.15441	0.01119	0.01133	0.01115	0.01236	0.01175	0.00694	0.01690	0.01479	0.02396	0.02836	0.08421	0.03185	0.49923	0.03891	0.00786	0.00883	0.01304	0.00606	0.00688
9	0.06448	0.00919	0.01147	0.01344	0.01440	0.00889	0.00911	0.01460	0.01840	0.02612	0.05048	0.60618	0.06016	0.02879	0.01190	0.00387	0.00576	0.02591	0.00878	0.00807
10	0.01409	0.00940	0.01057	0.01057	0.01057	0.00940	0.00587	0.01409	0.01409	0.01879	0.03054	0.06342	0.03524	0.65938	0.04933	0.00940	0.00940	0.01409	0.00587	0.00587
11	0.03134	0.20999	0.03470	0.06750	0.07027	0.38038	0.01947	0.03450	0.02443	0.02409	0.01495	0.01798	0.01270	0.00942	0.00818	0.00246	0.01483	0.00628	0.00470	0.01181
12	0.01376	0.01005	0.01421	0.01430	0.01568	0.01115	0.01057	0.01655	0.01631	0.02309	0.06757	0.08342	0.03335	0.17372	0.43655	0.01286	0.02019	0.01262	0.00593	0.00813
13	0.01299	0.00988	0.01194	0.01143	0.01403	0.00883	0.00857	0.01688	0.02571	0.03477	0.43374	0.07914	0.25407	0.02134	0.01144	0.00312	0.00468	0.01847	0.01013	0.00883
14	0.02558	0.02155	0.02275	0.02002	0.02577	0.02480	0.01570	0.11127	0.51924	0.04293	0.03757	0.03466	0.02807	0.01297	0.00984	0.00324	0.00802	0.01070	0.00984	0.01547
15	0.01807	0.00903	0.00903	0.00903	0.01129	0.00903	0.00678	0.02258	0.02033	0.03613	0.03162	0.03613	0.02484	0.01129	0.00678	0.00226	0.00452	0.00903	0.71319	0.00903
16	0.04072	0.01658	0.02221	0.01690	0.02453	0.01409	0.01392	0.04453	0.02684	0.53770	0.03575	0.03146	0.02285	0.01143	0.00944	0.00281	0.00812	0.00927	0.01126	0.09959
17	0.03620	0.04619	0.02747	0.02497	0.02996	0.62047	0.01873	0.03870	0.02747	0.02372	0.01498	0.01748	0.01248	0.00999	0.00874	0.00250	0.01748	0.00624	0.00499	0.01124
18	0.01385	0.01038	0.01558	0.01558	0.01731	0.01211	0.01211	0.01731	0.01558	0.02250	0.02596	0.03808	0.02423	0.07269	0.62098	0.01558	0.02596	0.01038	0.00519	0.00865
19	0.02426	0.01707	0.01847	0.01656	0.02121	0.01883	0.01276	0.04238	0.36355	0.09964	0.03705	0.03759	0.02833	0.05488	0.01177	0.00343	0.00717	0.01062	0.16094	0.01349
20	0.02733	0.01329	0.01606	0.01380	0.01776	0.01278	0.01031	0.03273	0.08239	0.25047	0.03470	0.04290	0.02807	0.20100	0.02068	0.00474	0.00772	0.01099	0.16062	0.01166
21	0.01944	0.05013	0.60917	0.02762	0.04195	0.02251	0.03581	0.03069	0.02046	0.03069	0.01739	0.02046	0.01228	0.00921	0.00921	0.00307	0.01432	0.00716	0.00409	0.01432
22	0.01403	0.01036	0.01084	0.01042	0.01403	0.00867	0.00792	0.01659	0.02255	0.07280	0.09336	0.08842	0.54906	0.02354	0.01132	0.00325	0.00518	0.01959	0.00924	0.00885
23	0.01497	0.00938	0.01383	0.01424	0.01514	0.01000	0.01043	0.01508	0.01513	0.02082	0.02704	0.11190	0.02791	0.04833	0.26485	0.30786	0.01509	0.04581	0.00547	0.00672
24	0.45433	0.02169	0.02912	0.02247	0.02981	0.02318	0.19005	0.06466	0.02047	0.04061	0.01612	0.01960	0.01225	0.00890	0.00800	0.00308	0.01057	0.00748	0.00589	0.01172
25	0.01684	0.00842	0.01263	0.01263	0.01263	0.00842	0.00842	0.01263	0.01263	0.01684	0.01684	0.02946	0.01684	0.03367	0.03788	0.71801	0.00842	0.00842	0.00421	0.00421
26	0.01235	0.00920	0.01150	0.01231	0.01399	0.00835	0.00870	0.01513	0.02215	0.02959	0.23672	0.34938	0.18363	0.02575	0.01188	0.00351	0.00514	0.02285	0.00954	0.00835
27	0.29164	0.01320	0.01300	0.01277	0.01616	0.01398	0.00952	0.02314	0.01842	0.07970	0.03264	0.24359	0.03352	0.05963	0.01145	0.00365	0.00667	0.01438	0.09334	0.00959
28	0.01407	0.00951	0.01115	0.01115	0.01135	0.00971	0.00660	0.01447	0.01427	0.01922	0.03001	0.06048	0.03396	0.59131	0.11566	0.01011	0.01132	0.01366	0.00579	0.00620
29	0.03459	0.03127	0.02665	0.02228	0.02867	0.21878	0.01760	0.25516	0.14492	0.08497	0.02490	0.02467	0.01835	0.01143	0.00942	0.00286	0.01210	0.00844	0.00838	0.01456
30	0.05164	0.01069	0.01267	0.01234	0.01527	0.00981	0.00937	0.01905	0.02380	0.07447	0.26907	0.15118	0.23299	0.02191	0.01127	0.00331	0.00547	0.04671	0.00970	0.00928
31	0.09854	0.01668	0.02183	0.01688	0.02426	0.01485	0.01394	0.04573	0.02684	0.56041	0.03625	0.03160	0.02291	0.01175	0.00945	0.00300	0.00819	0.00938	0.01151	0.01601
32	0.02100	0.01756	0.01924	0.01747	0.02200	0.01964	0.01349	0.04158	0.41585	0.04004	0.20513	0.04699	0.04808	0.01514	0.01033	0.00322	0.00674	0.01292	0.01010	0.01349
33	0.02243	0.02484	0.05391	0.03877	0.04786	0.02333	0.52287	0.02969	0.02212	0.03000	0.01940	0.02639	0.01486	0.01005	0.01338	0.05585	0.01576	0.01122	0.00485	0.01242
34	0.03312	0.02418	0.02616	0.02103	0.02801	0.02680	0.01706	0.35282	0.22307	0.09803	0.02988	0.02836	0.02146	0.01217	0.00976	0.00304	0.00947	0.00955	0.00994	0.01610
35	0.02264	0.01160	0.01506	0.01393	0.01754	0.01027	0.01051	0.02564	0.02373	0.22098	0.14968	0.25524	0.14094	0.02147	0.01119	0.00336	0.00620	0.01873	0.01029	0.01102
36	0.02374	0.01565	0.01927	0.01596	0.02208	0.01357	0.01301	0.06201	0.02319	0.13283	0.03076	0.04793	0.02802	0.06314	0.01256	0.00316	0.00820	0.13767	0.00790	0.31937
37	0.30970	0.01737	0.01928	0.01549	0.02241	0.01716	0.01279	0.03994	0.02337	0.38696	0.02861	0.02628	0.01874	0.01083	0.00829	0.00300	0.00796	0.00800	0.00966	0.01416
38	0.05841	0.01080	0.01459	0.01420	0.01622	0.01105	0.01040	0.02010	0.01712	0.10574	0.03038	0.15481	0.03005	0.08098	0.20001	0.18381	0.01304	0.01309	0.00675	0.00845
39	0.01342	0.01031	0.01249	0.01361	0.01545	0.00997	0.00976	0.01840	0.08128	0.02792	0.09608	0.40635	0.16620	0.02645	0.01191	0.00371	0.00583	0.05279	0.00920	0.00889
40	0.01409	0.00940	0.01057	0.01057	0.01057	0.00940	0.00587	0.01409	0.01409	0.01879	0.03054	0.06342	0.03524	0.65938	0.04933	0.00940	0.00940	0.01409	0.00587	0.00587
41	0.02395	0.01555	0.01819	0.01657	0.02122	0.01599	0.01308	0.03658	0.23845	0.15935	0.08839	0.10135	0.11863	0.01778	0.01075	0.00338	0.00717	0.07063	0.01009	0.01287
42	0.02550	0.01278	0.01618	0.01481	0.01893	0.01186	0.01152	0.03045	0.06426	0.24498	0.04898	0.20687	0.09856	0.01925	0.01058	0.00332	0.00681	0.05568	0.08677	0.01189
43	0.02783	0.01446	0.01739	0.01488	0.01975	0.01423	0.01176	0.03707	0.14679	0.24356	0.13292	0.04127	0.03709	0.01343	0.00933	0.00289	0.00656	0.01118	0.18448	0.01313
44	0.72785	0.01874	0.01425	0.01275	0.01874	0.02174	0.01050	0.02849	0.01649	0.04348	0.01350	0.01574	0.01050	0.00900	0.00600	0.00300	0.00750	0.00525	0.00600	0.01050
45	0.09640	0.01627	0.02130	0.01693	0.02390	0.01461	0.01405	0.04364	0.02642	0.51622	0.03725	0.03745	0.02534	0.01289	0.00972	0.00311	0.00824	0.04954	0.01128	0.01543
46	0.19700	0.01653	0.01949	0.01614	0.02212	0.01657	0.01311	0.07656	0.02423	0.31771	0.03029	0.06072	0.02235	0.02106	0.09814	0.00487	0.01071	0.00962	0.00927	0.01351
47	0.02288	0.02614	0.05719	0.04085	0.05065	0.02451	0.56373	0.03105	0.02288	0.03105	0.01961	0.02614	0.01471	0.00817	0.01144	0.00327	0.01634	0.01144	0.00490	0.01307
48	0.01562	0.01116	0.01562	0.01785	0.02008	0.01116	0.01562	0.02008	0.02231	0.02900	0.05132	0.10933	0.05578	0.02677	0.01339	0.00446	0.00892	0.53369	0.00892	0.00892
49	0.03047	0.01426	0.01893	0.01647	0.02150	0.01319	0.01343	0.03557	0.05783	0.33370	0.10108	0.05730	0.03980	0.06592	0.01381	0.00385	0.00806	0.13120	0.01055	0.01308
50	0.01895	0.06540	0.07469	0.06331	0.03468	0.01892	0.22506	0.02509	0.02292	0.03113	0.15021	0.04292	0.10482	0.01283	0.01049	0.00298	0.01092	0.01254	0.00657	0.06558
51	0.01684	0.00842	0.01263	0.01263	0.01263	0.00842	0.00842	0.01263	0.01263	0.01684	0.01684	0.02946	0.01684	0.03367	0.03788	0.71801	0.00842	0.00842	0.00421	0.00421
52	0.04348	0.01649	0.02249	0.01724	0.02474	0.01425	0.01425	0.04723	0.02774	0.60564	0.03824	0.03299	0.02399	0.01200	0.00975	0.00300	0.00825	0.00975	0.01200	0.01649
