[name]
unknown

[dist]
# distance from previous block
# <min> <max>
0	53

[block]
# block no. 0 follows, 14 sequences, length 9
# corresponding to MSA columns:
# 56-64
name=unknown_A
#
# <colnr> <probs for GDERKNQSTAVLIFYWHMCP>
#	G	D	E	R	K	N	Q	S	T	A	V	L	I	F	Y	W	H	M	C	P
0	0.02282	0.02292	0.02924	0.31878	0.12757	0.11589	0.02512	0.02843	0.02297	0.02799	0.02519	0.04323	0.02302	0.01376	0.01086	0.00350	0.01342	0.10779	0.00573	0.01180
1	0.07918	0.02107	0.07497	0.01838	0.02713	0.01610	0.01638	0.04236	0.02632	0.38941	0.03241	0.02987	0.02135	0.01122	0.00948	0.00285	0.00906	0.00893	0.01022	0.15331
2	0.02621	0.01809	0.02179	0.01581	0.02469	0.01396	0.01274	0.03066	0.02289	0.14285	0.02267	0.02400	0.01723	0.00862	0.00814	0.00185	0.00783	0.00692	0.00740	0.56564
3	0.02183	0.02029	0.03393	0.14442	0.38027	0.02092	0.02662	0.02719	0.02216	0.03086	0.02655	0.14674	0.02612	0.01391	0.01076	0.00333	0.01119	0.01313	0.00588	0.01387
4	0.02252	0.01622	0.02539	0.12804	0.18646	0.01637	0.01982	0.02672	0.02236	0.11436	0.03707	0.26617	0.03756	0.01893	0.01136	0.00357	0.00945	0.01720	0.00792	0.01252
5	0.01535	0.01275	0.01698	0.02016	0.10724	0.01170	0.01252	0.01948	0.02581	0.03443	0.28951	0.07718	0.27637	0.02106	0.01179	0.00329	0.00620	0.01826	0.00955	0.01035
6	0.02058	0.05308	0.58618	0.02925	0.04442	0.02383	0.03792	0.03250	0.02167	0.03250	0.01842	0.02167	0.01300	0.00975	0.00975	0.00325	0.01517	0.00758	0.00433	0.01517
7	0.02638	0.22228	0.08738	0.02689	0.11162	0.14138	0.02064	0.03305	0.06647	0.03084	0.10970	0.03039	0.02889	0.01170	0.00917	0.00279	0.01181	0.00911	0.00629	0.01324
8	0.03282	0.06170	0.06846	0.01798	0.02620	0.01717	0.01590	0.03891	0.05394	0.29085	0.08084	0.03341	0.02809	0.01181	0.00954	0.00274	0.00872	0.00959	0.00964	0.18170

[dist]
# distance from previous block
# <min> <max>
0	1

[block]
# block no. 1 follows, 14 sequences, length 37
# corresponding to MSA columns:
# 66-102
name=unknown_B
#
# <colnr> <probs for GDERKNQSTAVLIFYWHMCP>
#	G	D	E	R	K	N	Q	S	T	A	V	L	I	F	Y	W	H	M	C	P
0	0.02470	0.02367	0.04039	0.12691	0.51686	0.02420	0.03115	0.03088	0.02304	0.03268	0.01918	0.02563	0.01596	0.00927	0.01017	0.00309	0.01236	0.00914	0.00502	0.01569
1	0.02176	0.01939	0.02792	0.26421	0.12217	0.02230	0.02338	0.03512	0.18916	0.03314	0.03094	0.04320	0.02609	0.01384	0.01086	0.00357	0.01112	0.08132	0.00718	0.01333
2	0.03116	0.01724	0.02031	0.01712	0.02262	0.01740	0.01356	0.12461	0.10759	0.21689	0.07604	0.09371	0.03421	0.01510	0.01011	0.00315	0.00777	0.01255	0.14454	0.01433
3	0.01345	0.00975	0.01287	0.01486	0.01617	0.00918	0.01087	0.01611	0.02138	0.02821	0.09238	0.44588	0.10831	0.03015	0.01318	0.00417	0.00656	0.12821	0.00962	0.00868
4	0.01435	0.01010	0.01223	0.01302	0.01463	0.00954	0.00933	0.01695	0.02128	0.02871	0.13087	0.21285	0.14838	0.16591	0.02143	0.00518	0.00699	0.09018	0.05972	0.00835
5	0.01278	0.00935	0.01202	0.01362	0.01484	0.00859	0.00935	0.01514	0.02157	0.02873	0.14310	0.48301	0.13076	0.02967	0.01283	0.00394	0.00569	0.02663	0.00981	0.00859
6	0.02187	0.01973	0.02880	0.02442	0.02690	0.02466	0.06369	0.08307	0.02049	0.02974	0.02017	0.02924	0.01826	0.03659	0.22153	0.00833	0.29549	0.00997	0.00556	0.01147
7	0.71184	0.01985	0.01508	0.01350	0.01985	0.02302	0.01111	0.03017	0.01746	0.04604	0.01429	0.01667	0.01111	0.00953	0.00635	0.00318	0.00794	0.00556	0.00635	0.01111
8	0.17006	0.03155	0.03014	0.02510	0.03103	0.22746	0.09370	0.03775	0.07042	0.08459	0.02057	0.02321	0.01589	0.01143	0.01212	0.00321	0.08412	0.00826	0.00654	0.01285
9	0.02684	0.02861	0.03937	0.04770	0.33007	0.14094	0.10558	0.03251	0.02521	0.03242	0.07080	0.02918	0.02313	0.01048	0.01046	0.00305	0.01359	0.00997	0.00573	0.01437
10	0.02817	0.02265	0.02431	0.02075	0.02686	0.02552	0.01643	0.19180	0.34793	0.04904	0.09798	0.03877	0.03489	0.01427	0.01058	0.00333	0.00866	0.01172	0.01049	0.01583
11	0.03893	0.03108	0.03060	0.02394	0.03181	0.09744	0.01954	0.48317	0.04603	0.06009	0.02362	0.02393	0.01696	0.01212	0.01015	0.00303	0.01213	0.00893	0.00969	0.01681
12	0.02678	0.03047	0.14363	0.03726	0.04810	0.02402	0.37793	0.03530	0.02454	0.11267	0.02323	0.02772	0.01657	0.00942	0.01145	0.00338	0.01570	0.01109	0.00614	0.01459
13	0.01550	0.01182	0.01440	0.01352	0.01646	0.01139	0.01021	0.02286	0.08949	0.03969	0.45074	0.07496	0.14827	0.02079	0.01191	0.00329	0.00527	0.01814	0.01098	0.01032
14	0.01353	0.01068	0.01230	0.01295	0.01535	0.00987	0.00930	0.01798	0.06087	0.02987	0.13825	0.29720	0.28076	0.02688	0.01238	0.00371	0.00565	0.02345	0.00981	0.00920
15	0.02540	0.02438	0.04165	0.06299	0.57533	0.02438	0.03149	0.03149	0.02337	0.03353	0.01930	0.02540	0.01626	0.00914	0.01016	0.00305	0.01219	0.00914	0.00508	0.01626
16	0.02861	0.37865	0.11524	0.06500	0.03324	0.11639	0.02151	0.08027	0.02470	0.02934	0.01631	0.01901	0.01360	0.00961	0.00800	0.00257	0.01283	0.00654	0.00508	0.01352
17	0.01375	0.00989	0.01302	0.01344	0.01516	0.00916	0.00962	0.01741	0.02543	0.03540	0.37234	0.29064	0.08568	0.02528	0.01249	0.00359	0.00527	0.02264	0.01062	0.00916
18	0.01287	0.00957	0.01207	0.01369	0.01516	0.00876	0.00967	0.01528	0.02147	0.02804	0.10756	0.43998	0.17453	0.02970	0.01289	0.00399	0.00595	0.06056	0.00966	0.00859
19	0.03102	0.02433	0.02441	0.02119	0.02746	0.07836	0.01663	0.08805	0.38503	0.12960	0.03787	0.03488	0.02765	0.01329	0.01030	0.00332	0.00943	0.01075	0.01031	0.01612
20	0.02744	0.64552	0.05378	0.01756	0.02634	0.04061	0.01756	0.03073	0.02085	0.02414	0.01427	0.01646	0.01317	0.00878	0.00658	0.00219	0.01097	0.00549	0.00439	0.01317
21	0.01269	0.00912	0.01174	0.01374	0.01449	0.00850	0.00911	0.01438	0.01950	0.02576	0.05785	0.54519	0.10128	0.08454	0.01643	0.00462	0.00625	0.02740	0.00924	0.00817
22	0.03128	0.02005	0.02634	0.02179	0.02577	0.02332	0.01783	0.11290	0.02517	0.20591	0.02615	0.03090	0.02035	0.05421	0.08144	0.00537	0.23938	0.00996	0.00818	0.01369
23	0.02366	0.02263	0.03998	0.12826	0.25166	0.02298	0.15341	0.06653	0.02580	0.03567	0.09900	0.03356	0.02737	0.01112	0.01095	0.00323	0.01256	0.01124	0.00630	0.01409
24	0.01458	0.01070	0.01399	0.01584	0.01736	0.01054	0.01177	0.01927	0.06082	0.02939	0.08385	0.42935	0.06462	0.02923	0.01311	0.00420	0.00692	0.14549	0.00967	0.00927
25	0.02540	0.02438	0.04165	0.06299	0.57533	0.02438	0.03149	0.03149	0.02337	0.03353	0.01930	0.02540	0.01626	0.00914	0.01016	0.00305	0.01219	0.00914	0.00508	0.01626
26	0.30098	0.01877	0.02267	0.14836	0.11013	0.02145	0.01790	0.02909	0.05806	0.03586	0.02039	0.02761	0.01712	0.06145	0.06722	0.00497	0.01177	0.00845	0.00600	0.01175
27	0.24383	0.01714	0.02019	0.06026	0.02560	0.01879	0.05168	0.02973	0.12010	0.03798	0.09416	0.16968	0.03825	0.01682	0.01002	0.00350	0.00826	0.01431	0.00819	0.01149
28	0.02246	0.21526	0.44044	0.02605	0.03947	0.02842	0.03234	0.03201	0.02144	0.03021	0.01728	0.02024	0.01305	0.00948	0.00888	0.00296	0.01402	0.00701	0.00435	0.01462
29	0.07258	0.02134	0.02217	0.01801	0.02440	0.07313	0.01452	0.15531	0.03126	0.25667	0.03151	0.03081	0.02187	0.01207	0.00927	0.00292	0.00929	0.00930	0.16879	0.01478
30	0.02125	0.01691	0.02597	0.06534	0.02805	0.01934	0.07062	0.02489	0.02122	0.08907	0.10016	0.19913	0.04055	0.02013	0.01878	0.00391	0.19954	0.01623	0.00771	0.01120
31	0.02352	0.02247	0.03826	0.23516	0.41785	0.02389	0.03056	0.02985	0.02248	0.03125	0.01897	0.02601	0.01545	0.00949	0.01019	0.00316	0.01266	0.00914	0.00492	0.01474
32	0.01533	0.01079	0.01436	0.01592	0.01733	0.01083	0.01238	0.01824	0.02014	0.02659	0.04685	0.17932	0.05222	0.19720	0.06569	0.00688	0.01031	0.26293	0.00831	0.00838
33	0.03090	0.02665	0.02611	0.02225	0.02875	0.08152	0.01759	0.20374	0.34970	0.04797	0.03402	0.03220	0.02533	0.01311	0.01028	0.00328	0.01008	0.01040	0.00990	0.01621
34	0.01986	0.01873	0.03165	0.57033	0.11125	0.02293	0.02874	0.02664	0.02075	0.02681	0.01833	0.02720	0.01389	0.01017	0.01025	0.00339	0.01356	0.00912	0.00460	0.01179
35	0.02571	0.02559	0.03924	0.08943	0.45966	0.06557	0.02971	0.03127	0.02294	0.03174	0.01849	0.02477	0.01565	0.01008	0.01215	0.00317	0.06566	0.00895	0.00501	0.01523
36	0.03833	0.04891	0.02908	0.02644	0.03173	0.59815	0.01983	0.04098	0.02908	0.02512	0.01586	0.01851	0.01322	0.01058	0.00925	0.00264	0.01851	0.00661	0.00529	0.01190

[dist]
# distance from previous block
# <min> <max>
0	1

[block]
# block no. 2 follows, 14 sequences, length 32
# corresponding to MSA columns:
# 104-135
name=unknown_C
#
# <colnr> <probs for GDERKNQSTAVLIFYWHMCP>
#	G	D	E	R	K	N	Q	S	T	A	V	L	I	F	Y	W	H	M	C	P
0	0.25726	0.18820	0.09153	0.01956	0.02738	0.15708	0.01798	0.03459	0.02236	0.07696	0.01718	0.01904	0.01345	0.00985	0.00776	0.00282	0.01196	0.00638	0.00590	0.01276
1	0.01421	0.01067	0.01329	0.01319	0.01588	0.00975	0.01026	0.01845	0.02672	0.03600	0.36705	0.08858	0.21516	0.02345	0.01243	0.00352	0.00566	0.09582	0.01054	0.00938
2	0.02013	0.01878	0.03151	0.42770	0.18347	0.02178	0.02737	0.02631	0.02110	0.02793	0.02218	0.08518	0.01950	0.01211	0.01051	0.00340	0.01259	0.01106	0.00516	0.01224
3	0.02128	0.01824	0.02128	0.01520	0.02432	0.01368	0.01216	0.02584	0.02128	0.03344	0.01824	0.02128	0.01520	0.00760	0.00760	0.00152	0.00760	0.00608	0.00608	0.70208
4	0.01473	0.00987	0.01125	0.01144	0.01149	0.00982	0.00648	0.01487	0.01530	0.02040	0.03426	0.11215	0.03974	0.59103	0.04912	0.00949	0.00963	0.01606	0.00648	0.00639
5	0.02134	0.11823	0.52763	0.02796	0.04243	0.02568	0.03568	0.03230	0.02158	0.03158	0.01796	0.02109	0.01302	0.00964	0.00940	0.00313	0.01471	0.00735	0.00434	0.01495
6	0.25422	0.01886	0.01975	0.01545	0.02328	0.01766	0.01252	0.03280	0.05101	0.12761	0.02186	0.02292	0.01640	0.00942	0.00779	0.00245	0.00793	0.00690	0.00749	0.32371
7	0.71184	0.01985	0.01508	0.01350	0.01985	0.02302	0.01111	0.03017	0.01746	0.04604	0.01429	0.01667	0.01111	0.00953	0.00635	0.00318	0.00794	0.00556	0.00635	0.01111
8	0.63785	0.02082	0.01681	0.01461	0.02116	0.02399	0.01204	0.08635	0.02085	0.04809	0.01543	0.01755	0.01181	0.00983	0.00678	0.00316	0.00831	0.00596	0.00678	0.01181
9	0.02124	0.11012	0.53492	0.02812	0.04268	0.02545	0.03596	0.03233	0.02159	0.03169	0.01802	0.02117	0.01302	0.00966	0.00945	0.00315	0.01476	0.00738	0.00434	0.01497
10	0.14705	0.01940	0.02040	0.01794	0.02348	0.02147	0.01413	0.07418	0.28051	0.08745	0.14202	0.04104	0.03957	0.01437	0.01003	0.00333	0.00768	0.01168	0.01006	0.01419
11	0.03418	0.02244	0.02624	0.02102	0.02676	0.02462	0.01694	0.31394	0.03537	0.12714	0.02455	0.02730	0.01833	0.01769	0.01854	0.14724	0.06529	0.00931	0.00890	0.01421
12	0.01250	0.00893	0.01191	0.01429	0.01488	0.00834	0.00953	0.01429	0.01965	0.02620	0.05656	0.63265	0.06787	0.03215	0.01310	0.00417	0.00595	0.02917	0.00953	0.00834
13	0.02058	0.05308	0.58618	0.02925	0.04442	0.02383	0.03792	0.03250	0.02167	0.03250	0.01842	0.02167	0.01300	0.00975	0.00975	0.00325	0.01517	0.00758	0.00433	0.01517
14	0.02069	0.01547	0.01753	0.01570	0.01768	0.01716	0.01095	0.10591	0.08001	0.03016	0.03042	0.05303	0.03127	0.41243	0.03913	0.00763	0.06496	0.01310	0.00719	0.00960
15	0.01635	0.01311	0.01823	0.08192	0.02268	0.01555	0.01351	0.01868	0.01654	0.02307	0.02850	0.09870	0.03023	0.25252	0.19819	0.00970	0.11455	0.01347	0.00584	0.00864
16	0.09901	0.01476	0.01800	0.01532	0.02087	0.01387	0.01254	0.03729	0.02529	0.31068	0.03743	0.04303	0.02799	0.01390	0.00944	0.00312	0.00758	0.06417	0.21203	0.01366
17	0.02784	0.02957	0.09658	0.18526	0.07978	0.08954	0.15496	0.10686	0.02732	0.07153	0.02110	0.02584	0.01551	0.01023	0.01056	0.00324	0.01453	0.00953	0.00618	0.01403
18	0.02203	0.02069	0.03485	0.23680	0.34982	0.02210	0.02811	0.02789	0.02203	0.03035	0.02305	0.09281	0.02109	0.01204	0.01052	0.00329	0.01199	0.01134	0.00540	0.01381
19	0.04139	0.02426	0.02498	0.02003	0.02726	0.11827	0.01614	0.12495	0.03196	0.36713	0.03778	0.03455	0.05723	0.01313	0.01024	0.00309	0.01061	0.01024	0.01082	0.01593
20	0.03111	0.29900	0.04188	0.02379	0.03034	0.26413	0.05257	0.03438	0.02386	0.02516	0.01525	0.01864	0.01338	0.01046	0.01087	0.00270	0.07844	0.00674	0.00481	0.01249
21	0.02730	0.01337	0.01502	0.01301	0.01726	0.01315	0.01026	0.08413	0.02610	0.16409	0.03413	0.03608	0.02517	0.01216	0.00821	0.00264	0.00636	0.00970	0.46969	0.01218
22	0.25245	0.02301	0.02349	0.01845	0.02618	0.02431	0.01516	0.24247	0.03204	0.10802	0.02195	0.02262	0.01589	0.01070	0.00859	0.00287	0.00935	0.00766	0.00859	0.12619
23	0.02205	0.01266	0.01647	0.01656	0.01962	0.01218	0.01252	0.02762	0.07884	0.15440	0.05104	0.35881	0.05313	0.02528	0.01235	0.00395	0.00733	0.09345	0.01033	0.01139
24	0.01491	0.01001	0.01151	0.01151	0.01162	0.01012	0.00662	0.01513	0.01502	0.02013	0.03204	0.06554	0.03661	0.60544	0.08518	0.01034	0.01101	0.01469	0.00617	0.00640
25	0.03086	0.01404	0.01888	0.01578	0.02098	0.01242	0.01249	0.03507	0.02867	0.32286	0.26387	0.08700	0.05787	0.01730	0.01123	0.00325	0.00694	0.01487	0.01193	0.01367
26	0.01318	0.00935	0.01227	0.01410	0.01491	0.00883	0.00960	0.01525	0.02029	0.02723	0.10331	0.49002	0.06694	0.09462	0.01717	0.00472	0.00647	0.05408	0.00934	0.00831
27	0.58029	0.07594	0.01948	0.01436	0.02110	0.02377	0.01211	0.03230	0.01902	0.10040	0.01704	0.01857	0.01280	0.00979	0.00679	0.00309	0.00830	0.00605	0.00684	0.01197
28	0.03515	0.02780	0.02761	0.02260	0.02971	0.08793	0.01814	0.29264	0.20869	0.09471	0.03050	0.02921	0.02211	0.01268	0.01022	0.00317	0.01082	0.00981	0.00999	0.01648
29	0.02276	0.06060	0.03280	0.02637	0.02691	0.03199	0.02215	0.02507	0.01603	0.02466	0.01352	0.02208	0.01345	0.01740	0.03202	0.00435	0.58324	0.00877	0.00448	0.01134
30	0.03191	0.02772	0.04195	0.03118	0.04004	0.02892	0.22551	0.29510	0.08449	0.05006	0.02464	0.02708	0.01795	0.01100	0.01102	0.00327	0.01340	0.01059	0.00826	0.01591
31	0.02540	0.02438	0.04165	0.06299	0.57533	0.02438	0.03149	0.03149	0.02337	0.03353	0.01930	0.02540	0.01626	0.00914	0.01016	0.00305	0.01219	0.00914	0.00508	0.01626

[dist]
# distance from previous block
# <min> <max>
0	1

[block]
# block no. 3 follows, 14 sequences, length 25
# corresponding to MSA columns:
# 137-161
name=unknown_D
#
# <colnr> <probs for GDERKNQSTAVLIFYWHMCP>
#	G	D	E	R	K	N	Q	S	T	A	V	L	I	F	Y	W	H	M	C	P
0	0.02540	0.02438	0.04165	0.06299	0.57533	0.02438	0.03149	0.03149	0.02337	0.03353	0.01930	0.02540	0.01626	0.00914	0.01016	0.00305	0.01219	0.00914	0.00508	0.01626
1	0.01938	0.01824	0.03078	0.61468	0.07068	0.02280	0.02850	0.02622	0.02052	0.02622	0.01824	0.02736	0.01368	0.01026	0.01026	0.00342	0.01368	0.00912	0.00456	0.01140
2	0.02128	0.01824	0.02128	0.01520	0.02432	0.01368	0.01216	0.02584	0.02128	0.03344	0.01824	0.02128	0.01520	0.00760	0.00760	0.00152	0.00760	0.00608	0.00608	0.70208
3	0.02724	0.10823	0.03364	0.02562	0.02812	0.18097	0.02115	0.02972	0.01987	0.02474	0.01420	0.02066	0.01337	0.01487	0.02385	0.00372	0.38579	0.00792	0.00469	0.01165
4	0.03381	0.03328	0.02272	0.02045	0.02526	0.34913	0.01552	0.03725	0.02693	0.10405	0.02428	0.02644	0.01865	0.01126	0.00879	0.00264	0.01322	0.00797	0.20637	0.01197
5	0.01275	0.00936	0.01197	0.01356	0.01481	0.00858	0.00932	0.01510	0.02154	0.02861	0.13887	0.47846	0.14000	0.02967	0.01282	0.00393	0.00569	0.02659	0.00979	0.00858
6	0.01943	0.01597	0.01778	0.01636	0.02053	0.01708	0.01255	0.03546	0.27922	0.04019	0.25615	0.06138	0.12946	0.01830	0.01132	0.00338	0.00645	0.01567	0.01065	0.01267
7	0.01551	0.01006	0.01275	0.01355	0.01516	0.00926	0.00931	0.01770	0.02134	0.06840	0.12247	0.38130	0.12152	0.11045	0.01793	0.00468	0.00647	0.02367	0.00954	0.00893
8	0.71184	0.01985	0.01508	0.01350	0.01985	0.02302	0.01111	0.03017	0.01746	0.04604	0.01429	0.01667	0.01111	0.00953	0.00635	0.00318	0.00794	0.00556	0.00635	0.01111
9	0.01938	0.01824	0.03078	0.61468	0.07068	0.02280	0.02850	0.02622	0.02052	0.02622	0.01824	0.02736	0.01368	0.01026	0.01026	0.00342	0.01368	0.00912	0.00456	0.01140
10	0.07017	0.01072	0.01221	0.01293	0.01408	0.01071	0.00866	0.01667	0.01782	0.02526	0.04413	0.21008	0.08136	0.33077	0.03203	0.00697	0.00843	0.07174	0.00762	0.00765
11	0.01485	0.01024	0.01266	0.01266	0.01317	0.01075	0.00805	0.01587	0.01536	0.02099	0.03099	0.05972	0.03408	0.48353	0.20363	0.01176	0.01481	0.01384	0.00602	0.00703
12	0.02779	0.46854	0.13722	0.02066	0.03001	0.11303	0.02118	0.03240	0.02209	0.02564	0.01516	0.01759	0.01315	0.00918	0.00746	0.00243	0.01267	0.00598	0.00450	0.01332
13	0.06432	0.01451	0.01880	0.01740	0.01836	0.01783	0.01312	0.01975	0.01578	0.02419	0.02430	0.04314	0.02532	0.25557	0.20202	0.00982	0.18999	0.01145	0.00552	0.00884
14	0.02191	0.02165	0.03491	0.24004	0.11840	0.02700	0.06712	0.02680	0.01912	0.02708	0.01652	0.02500	0.01409	0.01331	0.02053	0.00384	0.27653	0.00930	0.00465	0.01217
15	0.01290	0.00945	0.01218	0.01401	0.01525	0.00873	0.00983	0.01523	0.02112	0.02781	0.09965	0.48230	0.13714	0.03023	0.01298	0.00405	0.00603	0.06288	0.00965	0.00856
16	0.01456	0.01053	0.01459	0.01478	0.01598	0.01163	0.01065	0.01702	0.01629	0.02288	0.03122	0.09556	0.03241	0.23621	0.39353	0.01361	0.02068	0.01359	0.00603	0.00824
17	0.02744	0.64552	0.05378	0.01756	0.02634	0.04061	0.01756	0.03073	0.02085	0.02414	0.01427	0.01646	0.01317	0.00878	0.00658	0.00219	0.01097	0.00549	0.00439	0.01317
18	0.02273	0.01323	0.01907	0.01758	0.02147	0.01264	0.05930	0.02749	0.02367	0.12556	0.04234	0.10608	0.03944	0.01887	0.01097	0.00355	0.00825	0.18204	0.23457	0.01114
19	0.01354	0.01002	0.01265	0.01290	0.01496	0.00912	0.00933	0.01713	0.02539	0.03461	0.34445	0.24186	0.16606	0.02505	0.01240	0.00354	0.00522	0.02215	0.01049	0.00912
20	0.02058	0.05308	0.58618	0.02925	0.04442	0.02383	0.03792	0.03250	0.02167	0.03250	0.01842	0.02167	0.01300	0.00975	0.00975	0.00325	0.01517	0.00758	0.00433	0.01517
21	0.01386	0.00981	0.01294	0.01470	0.01575	0.00940	0.01055	0.01628	0.02067	0.02761	0.09862	0.39776	0.06443	0.11355	0.01860	0.00499	0.00713	0.12574	0.00922	0.00840
22	0.41562	0.01560	0.01436	0.01445	0.01860	0.01726	0.01139	0.02437	0.01893	0.03823	0.03193	0.20838	0.03401	0.01861	0.00936	0.00367	0.00757	0.07989	0.00769	0.01008
23	0.01452	0.01049	0.01372	0.01291	0.01533	0.00968	0.00968	0.01937	0.02905	0.04115	0.56992	0.07666	0.09683	0.02098	0.01210	0.00323	0.00484	0.01856	0.01130	0.00968
24	0.02375	0.10933	0.16094	0.10926	0.11134	0.10132	0.02476	0.03211	0.07073	0.03070	0.05733	0.07577	0.02488	0.01260	0.00989	0.00312	0.01246	0.01039	0.00600	0.01331

[dist]
# distance from previous block
# <min> <max>
0	2

[block]
# block no. 4 follows, 14 sequences, length 11
# corresponding to MSA columns:
# 164-174
name=unknown_E
#
# <colnr> <probs for GDERKNQSTAVLIFYWHMCP>
#	G	D	E	R	K	N	Q	S	T	A	V	L	I	F	Y	W	H	M	C	P
0	0.08944	0.14281	0.08470	0.11307	0.06983	0.10965	0.06630	0.08143	0.08520	0.03445	0.02036	0.02354	0.01588	0.01032	0.00922	0.00301	0.01286	0.00819	0.00605	0.01370
1	0.01629	0.01211	0.01590	0.01525	0.01613	0.01407	0.01105	0.01836	0.01619	0.02363	0.02795	0.04841	0.02866	0.29032	0.24356	0.01086	0.10434	0.01217	0.06644	0.00831
2	0.02477	0.02090	0.03461	0.16897	0.35673	0.02155	0.02692	0.03069	0.02395	0.08241	0.08315	0.03246	0.02564	0.01103	0.01041	0.00316	0.01136	0.01031	0.00636	0.01460
3	0.07811	0.02091	0.02365	0.01806	0.02627	0.01971	0.01466	0.14975	0.07469	0.14695	0.02568	0.02579	0.01876	0.01032	0.00888	0.00247	0.00872	0.00804	0.00868	0.30991
4	0.01335	0.01045	0.01227	0.01311	0.01574	0.00937	0.01012	0.01646	0.02331	0.02932	0.12798	0.19321	0.33143	0.02710	0.01273	0.00383	0.00620	0.12547	0.00967	0.00887
5	0.02169	0.07021	0.04179	0.22818	0.12984	0.02387	0.19533	0.02827	0.02252	0.02952	0.02860	0.03439	0.07758	0.01122	0.01079	0.00329	0.01350	0.01125	0.00539	0.01276
6	0.03424	0.11141	0.13714	0.02698	0.09341	0.02650	0.02295	0.19941	0.03218	0.17815	0.02543	0.02564	0.01789	0.01111	0.00968	0.00301	0.01144	0.00869	0.00840	0.01633
7	0.01492	0.00995	0.01119	0.01119	0.01119	0.00995	0.00622	0.01492	0.01492	0.01990	0.03233	0.06716	0.03731	0.63935	0.05223	0.00995	0.00995	0.01492	0.00622	0.00622
8	0.44831	0.02041	0.02038	0.01896	0.06107	0.02206	0.01421	0.08101	0.02343	0.17173	0.02167	0.02225	0.01537	0.01049	0.00789	0.00316	0.00872	0.00725	0.00809	0.01352
9	0.23217	0.02457	0.02372	0.01920	0.02646	0.08743	0.01562	0.16889	0.03079	0.23508	0.02623	0.02527	0.01794	0.01146	0.00906	0.00309	0.01026	0.00827	0.00944	0.01503
10	0.09976	0.02066	0.06180	0.02050	0.02840	0.01764	0.06188	0.04348	0.06375	0.36982	0.07620	0.03523	0.02839	0.01259	0.01022	0.00323	0.00948	0.01059	0.01065	0.01572

[dist]
# distance from previous block
# <min> <max>
0	1

[block]
# block no. 5 follows, 14 sequences, length 58
# corresponding to MSA columns:
# 176-233
name=unknown_F
#
# <colnr> <probs for GDERKNQSTAVLIFYWHMCP>
#	G	D	E	R	K	N	Q	S	T	A	V	L	I	F	Y	W	H	M	C	P
0	0.10115	0.02431	0.02665	0.06933	0.10963	0.10274	0.01900	0.04343	0.15277	0.20117	0.03002	0.02966	0.02150	0.01168	0.00978	0.00317	0.01075	0.00937	0.00878	0.01514
1	0.25381	0.02703	0.08468	0.02364	0.03161	0.02640	0.09268	0.18613	0.02867	0.07548	0.02009	0.02256	0.01480	0.01107	0.01097	0.00329	0.05721	0.00832	0.00737	0.01417
2	0.04135	0.01809	0.02346	0.01843	0.02577	0.01670	0.01506	0.08351	0.07291	0.45807	0.08215	0.03782	0.03106	0.01344	0.01047	0.00320	0.00856	0.01101	0.01223	0.01674
3	0.02106	0.02136	0.04117	0.08943	0.04218	0.02094	0.29414	0.03007	0.06785	0.03539	0.17979	0.04255	0.03996	0.01277	0.01179	0.00339	0.01263	0.01362	0.00730	0.01260
4	0.02856	0.01335	0.01786	0.01635	0.02079	0.01190	0.01277	0.03176	0.02493	0.28603	0.05261	0.25306	0.08735	0.02217	0.01185	0.00371	0.00758	0.07364	0.01100	0.01274
5	0.64327	0.02314	0.07173	0.01506	0.02228	0.02310	0.01377	0.03040	0.01788	0.04470	0.01470	0.01717	0.01130	0.00955	0.00669	0.00318	0.00866	0.00576	0.00615	0.01152
6	0.03869	0.03819	0.02999	0.02494	0.03178	0.29711	0.01966	0.30683	0.03927	0.04614	0.02053	0.02177	0.01547	0.01150	0.00979	0.00288	0.01467	0.00801	0.00793	0.01485
7	0.02497	0.02395	0.04088	0.10215	0.53951	0.02427	0.03128	0.03112	0.02316	0.03301	0.01923	0.02554	0.01607	0.00922	0.01017	0.00307	0.01230	0.00914	0.00504	0.01591
8	0.02128	0.01824	0.02128	0.01520	0.02432	0.01368	0.01216	0.02584	0.02128	0.03344	0.01824	0.02128	0.01520	0.00760	0.00760	0.00152	0.00760	0.00608	0.00608	0.70208
9	0.02523	0.01143	0.01314	0.01194	0.01557	0.01082	0.00922	0.02964	0.02330	0.16884	0.03654	0.07282	0.02856	0.01334	0.00829	0.00269	0.00581	0.01091	0.49051	0.01140
10	0.01435	0.01047	0.01256	0.01316	0.01490	0.00989	0.00960	0.01681	0.02115	0.02748	0.12697	0.12962	0.18485	0.22522	0.02566	0.00587	0.00769	0.12694	0.00867	0.00815
11	0.01718	0.01089	0.01323	0.01283	0.01581	0.00993	0.00984	0.02119	0.02554	0.07931	0.26072	0.11480	0.18920	0.02156	0.01148	0.00334	0.00568	0.05708	0.11043	0.00994
12	0.01492	0.00995	0.01119	0.01119	0.01119	0.00995	0.00622	0.01492	0.01492	0.01990	0.03233	0.06716	0.03731	0.63935	0.05223	0.00995	0.00995	0.01492	0.00622	0.00622
13	0.02034	0.01272	0.01875	0.01678	0.02034	0.01167	0.05080	0.02464	0.02634	0.12954	0.29369	0.19081	0.06981	0.02153	0.01214	0.00353	0.00697	0.04802	0.01058	0.01102
14	0.71184	0.01985	0.01508	0.01350	0.01985	0.02302	0.01111	0.03017	0.01746	0.04604	0.01429	0.01667	0.01111	0.00953	0.00635	0.00318	0.00794	0.00556	0.00635	0.01111
15	0.02377	0.32859	0.33859	0.02381	0.03601	0.03163	0.02845	0.03168	0.02129	0.02861	0.01649	0.01925	0.01308	0.00930	0.00828	0.00276	0.01322	0.00661	0.00436	0.01424
16	0.14093	0.07039	0.07346	0.15991	0.21247	0.02407	0.06606	0.02941	0.02192	0.03385	0.05749	0.02725	0.02011	0.01027	0.00953	0.00314	0.01178	0.00905	0.00554	0.01337
17	0.01492	0.00995	0.01119	0.01119	0.01119	0.00995	0.00622	0.01492	0.01492	0.01990	0.03233	0.06716	0.03731	0.63935	0.05223	0.00995	0.00995	0.01492	0.00622	0.00622
18	0.02155	0.09160	0.49296	0.02760	0.04139	0.02518	0.03434	0.03456	0.07469	0.03295	0.02044	0.02295	0.01483	0.01010	0.00960	0.00320	0.01417	0.00783	0.00494	0.01513
19	0.03362	0.02754	0.02767	0.02273	0.02978	0.07006	0.01824	0.31248	0.24823	0.05322	0.03079	0.02960	0.02264	0.01283	0.01026	0.00321	0.01056	0.00999	0.00998	0.01657
20	0.02117	0.25642	0.11262	0.07780	0.02991	0.02614	0.01945	0.02624	0.02246	0.02985	0.15317	0.07367	0.03715	0.01425	0.01121	0.00302	0.05595	0.01114	0.00642	0.01197
21	0.09600	0.11059	0.02659	0.01682	0.02515	0.02082	0.01408	0.06960	0.05903	0.11993	0.02266	0.02356	0.01727	0.00949	0.00812	0.00228	0.00860	0.00718	0.00746	0.33477
22	0.18176	0.13249	0.02612	0.01685	0.02369	0.06723	0.01418	0.03699	0.02482	0.24576	0.07067	0.03354	0.06000	0.01261	0.00895	0.00298	0.00923	0.00946	0.00893	0.01373
23	0.01299	0.00922	0.01218	0.01437	0.01505	0.00872	0.00976	0.01484	0.01955	0.02601	0.05445	0.54986	0.06477	0.08086	0.01633	0.00467	0.00653	0.06233	0.00925	0.00824
24	0.02832	0.01972	0.03188	0.29953	0.19791	0.02113	0.02566	0.03417	0.02372	0.18005	0.02461	0.02888	0.01759	0.01062	0.01025	0.00325	0.01192	0.00945	0.00693	0.01440
25	0.01916	0.01473	0.02535	0.06484	0.02892	0.01413	0.12680	0.02323	0.02195	0.08314	0.04425	0.36160	0.04774	0.02326	0.01248	0.00390	0.00950	0.05574	0.00853	0.01074
26	0.02893	0.01347	0.01798	0.01548	0.02003	0.01202	0.01193	0.03258	0.02684	0.28942	0.21112	0.13741	0.05520	0.06217	0.01424	0.00381	0.00717	0.01601	0.01134	0.01287
27	0.02540	0.02438	0.04165	0.06299	0.57533	0.02438	0.03149	0.03149	0.02337	0.03353	0.01930	0.02540	0.01626	0.00914	0.01016	0.00305	0.01219	0.00914	0.00508	0.01626
28	0.03876	0.03614	0.03017	0.02465	0.03179	0.23966	0.01962	0.35757	0.04122	0.05016	0.02142	0.02239	0.01590	0.01168	0.00989	0.00292	0.01394	0.00827	0.00844	0.01541
29	0.01494	0.01108	0.01424	0.01520	0.01733	0.01076	0.01166	0.02021	0.05882	0.03297	0.21035	0.26087	0.10756	0.02626	0.01283	0.00394	0.00659	0.14475	0.01009	0.00956
30	0.01318	0.00930	0.01215	0.01416	0.01480	0.00884	0.00955	0.01491	0.01923	0.02558	0.05270	0.50745	0.06255	0.12447	0.01915	0.00509	0.00683	0.06295	0.00902	0.00810
31	0.01933	0.01270	0.01594	0.01629	0.01870	0.01254	0.01192	0.09432	0.02487	0.07662	0.05047	0.45992	0.05652	0.02744	0.01254	0.00397	0.00720	0.05836	0.00988	0.01047
32	0.02744	0.64552	0.05378	0.01756	0.02634	0.04061	0.01756	0.03073	0.02085	0.02414	0.01427	0.01646	0.01317	0.00878	0.00658	0.00219	0.01097	0.00549	0.00439	0.01317
33	0.01412	0.01035	0.01331	0.01361	0.01531	0.01027	0.00987	0.01698	0.02085	0.02821	0.16528	0.14974	0.13115	0.15784	0.15894	0.00794	0.01168	0.04769	0.00831	0.00853
34	0.01492	0.00995	0.01119	0.01119	0.01119	0.00995	0.00622	0.01492	0.01492	0.01990	0.03233	0.06716	0.03731	0.63935	0.05223	0.00995	0.00995	0.01492	0.00622	0.00622
35	0.01938	0.01824	0.03078	0.61468	0.07068	0.02280	0.02850	0.02622	0.02052	0.02622	0.01824	0.02736	0.01368	0.01026	0.01026	0.00342	0.01368	0.00912	0.00456	0.01140
36	0.71184	0.01985	0.01508	0.01350	0.01985	0.02302	0.01111	0.03017	0.01746	0.04604	0.01429	0.01667	0.01111	0.00953	0.00635	0.00318	0.00794	0.00556	0.00635	0.01111
37	0.01961	0.02636	0.16305	0.39405	0.09606	0.02215	0.02964	0.02726	0.02093	0.02823	0.02102	0.06798	0.01747	0.01158	0.01033	0.00341	0.01339	0.01015	0.00489	0.01243
38	0.01988	0.02467	0.12683	0.02603	0.03438	0.01802	0.18544	0.02684	0.02391	0.03425	0.14662	0.08522	0.03761	0.01330	0.01088	0.00304	0.01125	0.01296	0.00695	0.15191
39	0.01898	0.01148	0.01515	0.01367	0.01687	0.01045	0.01045	0.02370	0.02909	0.11770	0.49505	0.07076	0.08673	0.01981	0.01185	0.00322	0.00539	0.01739	0.01150	0.01078
40	0.07230	0.27250	0.12541	0.02301	0.03226	0.03201	0.07198	0.11157	0.10026	0.03647	0.02096	0.02267	0.01644	0.01022	0.00870	0.00286	0.01169	0.00789	0.00632	0.01448
41	0.02848	0.02158	0.03117	0.27639	0.11230	0.02472	0.02439	0.14232	0.02769	0.11437	0.02245	0.02712	0.01646	0.01169	0.01258	0.00337	0.07247	0.00931	0.00702	0.01415
42	0.01222	0.01004	0.01076	0.01134	0.01411	0.00858	0.00821	0.01462	0.02249	0.02735	0.09252	0.22758	0.44973	0.02748	0.01236	0.00363	0.00538	0.02347	0.00953	0.00858
43	0.03833	0.04891	0.02908	0.02644	0.03173	0.59815	0.01983	0.04098	0.02908	0.02512	0.01586	0.01851	0.01322	0.01058	0.00925	0.00264	0.01851	0.00661	0.00529	0.01190
44	0.01250	0.00893	0.01191	0.01429	0.01488	0.00834	0.00953	0.01429	0.01965	0.02620	0.05656	0.63265	0.06787	0.03215	0.01310	0.00417	0.00595	0.02917	0.00953	0.00834
45	0.03312	0.02268	0.03507	0.04527	0.35189	0.02225	0.02524	0.08776	0.02769	0.20608	0.02637	0.02827	0.01920	0.01056	0.01022	0.00309	0.01103	0.00952	0.00795	0.01675
46	0.71184	0.01985	0.01508	0.01350	0.01985	0.02302	0.01111	0.03017	0.01746	0.04604	0.01429	0.01667	0.01111	0.00953	0.00635	0.00318	0.00794	0.00556	0.00635	0.01111
47	0.01280	0.00986	0.01171	0.01243	0.01458	0.00877	0.00887	0.01559	0.02323	0.03013	0.18950	0.29598	0.27528	0.02721	0.01249	0.00368	0.00540	0.02382	0.00992	0.00877
48	0.02744	0.64552	0.05378	0.01756	0.02634	0.04061	0.01756	0.03073	0.02085	0.02414	0.01427	0.01646	0.01317	0.00878	0.00658	0.00219	0.01097	0.00549	0.00439	0.01317
49	0.01963	0.01858	0.03083	0.56727	0.06715	0.02350	0.02801	0.02610	0.02013	0.02610	0.01786	0.02696	0.01366	0.01088	0.01215	0.00351	0.06264	0.00911	0.00455	0.01139
50	0.02163	0.01206	0.01600	0.01412	0.01778	0.01090	0.01090	0.02628	0.02912	0.16325	0.45049	0.06724	0.08072	0.01911	0.01170	0.00322	0.00572	0.01670	0.01161	0.01144
51	0.01285	0.01033	0.01145	0.01136	0.01435	0.00894	0.00845	0.01605	0.02481	0.03153	0.23642	0.12484	0.40275	0.02491	0.01218	0.00344	0.00514	0.02122	0.01004	0.00894
52	0.01699	0.01104	0.01409	0.01420	0.01633	0.01047	0.01068	0.02014	0.02313	0.06894	0.20437	0.12225	0.09913	0.17938	0.02268	0.00536	0.00761	0.13468	0.00942	0.00913
53	0.02272	0.01184	0.01484	0.01336	0.01705	0.01077	0.01027	0.02695	0.02638	0.16784	0.25372	0.09962	0.10041	0.01824	0.01068	0.00312	0.00587	0.01565	0.15932	0.01134
54	0.02453	0.01883	0.02077	0.01861	0.02359	0.02085	0.01431	0.04530	0.38484	0.08454	0.13278	0.04669	0.04265	0.05857	0.01363	0.00386	0.00773	0.01294	0.01048	0.01450
55	0.03969	0.01891	0.02667	0.02066	0.02761	0.01826	0.05316	0.07886	0.02840	0.41179	0.03477	0.03269	0.02302	0.01285	0.01253	0.00326	0.06993	0.01019	0.06074	0.01601
56	0.01682	0.01376	0.04988	0.01645	0.01895	0.01199	0.01317	0.02033	0.02258	0.06887	0.16421	0.34442	0.06340	0.02562	0.01405	0.00390	0.05094	0.06122	0.00946	0.00998
57	0.11456	0.14776	0.15216	0.01915	0.02887	0.02324	0.01926	0.03252	0.05641	0.07507	0.02021	0.02197	0.01561	0.00935	0.00811	0.00250	0.01009	0.00691	0.00619	0.23006

[dist]
# distance from previous block
# <min> <max>
1	52

[block]
# block no. 6 follows, 14 sequences, length 14
# corresponding to MSA columns:
# 286-299
name=unknown_G
#
# <colnr> <probs for GDERKNQSTAVLIFYWHMCP>
#	G	D	E	R	K	N	Q	S	T	A	V	L	I	F	Y	W	H	M	C	P
0	0.02546	0.01991	0.02679	0.15975	0.11731	0.02174	0.02034	0.11165	0.13562	0.08163	0.07031	0.07529	0.06096	0.01437	0.01070	0.00334	0.00999	0.01238	0.00841	0.01405
1	0.01333	0.00993	0.01241	0.01288	0.01488	0.00901	0.00924	0.01666	0.02463	0.03322	0.29679	0.27435	0.18322	0.02588	0.01245	0.00360	0.00530	0.02288	0.01032	0.00901
2	0.01569	0.01291	0.02124	0.02002	0.02289	0.01226	0.09745	0.01971	0.02254	0.03024	0.11191	0.33470	0.06058	0.02600	0.01309	0.00408	0.00856	0.14742	0.00901	0.00968
3	0.01377	0.00946	0.01153	0.01267	0.01296	0.00918	0.00780	0.01462	0.01718	0.02291	0.04391	0.33730	0.05191	0.34928	0.03354	0.00719	0.00804	0.02173	0.00780	0.00723
4	0.01938	0.01824	0.03078	0.61468	0.07068	0.02280	0.02850	0.02622	0.02052	0.02622	0.01824	0.02736	0.01368	0.01026	0.01026	0.00342	0.01368	0.00912	0.00456	0.01140
5	0.02397	0.02687	0.05719	0.04085	0.05112	0.02490	0.49297	0.03227	0.02397	0.03292	0.02055	0.02713	0.01554	0.00856	0.01172	0.00329	0.01647	0.01159	0.00527	0.07285
6	0.01532	0.01070	0.01506	0.01506	0.01682	0.01212	0.01147	0.01884	0.01708	0.02556	0.02875	0.04225	0.02672	0.11436	0.46864	0.01393	0.02278	0.01112	0.10443	0.00898
7	0.03625	0.02091	0.02570	0.07870	0.03147	0.02170	0.01744	0.19147	0.10048	0.26320	0.07558	0.03485	0.02827	0.01315	0.01045	0.00321	0.00960	0.01069	0.01078	0.01609
8	0.01273	0.01042	0.01123	0.01102	0.01423	0.00892	0.00827	0.01589	0.02480	0.03108	0.22035	0.09324	0.45268	0.02474	0.01212	0.00341	0.00511	0.02088	0.00997	0.00892
9	0.02205	0.02097	0.03561	0.36973	0.29475	0.02350	0.02983	0.02856	0.02178	0.02946	0.01871	0.02649	0.01482	0.00976	0.01022	0.00325	0.01302	0.00913	0.00479	0.01356
10	0.01399	0.00995	0.01323	0.01407	0.01489	0.01036	0.00961	0.01585	0.01710	0.02342	0.03916	0.25564	0.04405	0.23721	0.22319	0.01014	0.01448	0.01857	0.00713	0.00795
11	0.02540	0.02438	0.04165	0.06299	0.57533	0.02438	0.03149	0.03149	0.02337	0.03353	0.01930	0.02540	0.01626	0.00914	0.01016	0.00305	0.01219	0.00914	0.00508	0.01626
12	0.02467	0.02364	0.04035	0.12935	0.51463	0.02419	0.03113	0.03086	0.02302	0.03265	0.01918	0.02563	0.01595	0.00928	0.01017	0.00309	0.01237	0.00914	0.00502	0.01567
13	0.10551	0.02787	0.02924	0.02261	0.03064	0.03095	0.01868	0.49062	0.04521	0.06283	0.02362	0.02385	0.01683	0.01204	0.00988	0.00309	0.01096	0.00888	0.00988	0.01683

[dist]
# distance from previous block
# <min> <max>
0	1

[block]
# block no. 7 follows, 14 sequences, length 41
# corresponding to MSA columns:
# 301-341
name=unknown_H
#
# <colnr> <probs for GDERKNQSTAVLIFYWHMCP>
#	G	D	E	R	K	N	Q	S	T	A	V	L	I	F	Y	W	H	M	C	P
0	0.65226	0.02242	0.01632	0.01464	0.02090	0.07390	0.01188	0.03112	0.01849	0.04419	0.01443	0.01683	0.01130	0.00962	0.00661	0.00313	0.00887	0.00565	0.00626	0.01118
1	0.02515	0.02171	0.02303	0.02038	0.02648	0.02448	0.01588	0.05199	0.50942	0.04209	0.03969	0.03678	0.02990	0.01336	0.01019	0.00331	0.00808	0.01111	0.01006	0.07692
2	0.02289	0.02077	0.03322	0.42576	0.17978	0.02415	0.02818	0.08402	0.02421	0.03209	0.01918	0.02662	0.01467	0.01024	0.01024	0.00330	0.01308	0.00914	0.00530	0.01316
3	0.01325	0.00997	0.01232	0.01316	0.01518	0.00904	0.00959	0.01631	0.02357	0.03109	0.21217	0.29541	0.21311	0.02709	0.01263	0.00375	0.00568	0.05777	0.01001	0.00888
4	0.02128	0.01824	0.02128	0.01520	0.02432	0.01368	0.01216	0.02584	0.02128	0.03344	0.01824	0.02128	0.01520	0.00760	0.00760	0.00152	0.00760	0.00608	0.00608	0.70208
5	0.02079	0.01940	0.03255	0.33571	0.25235	0.02163	0.02731	0.02674	0.02148	0.02895	0.02329	0.10018	0.02123	0.01250	0.01057	0.00337	0.01219	0.01157	0.00536	0.01284
6	0.01830	0.01201	0.01486	0.01358	0.01702	0.01116	0.01038	0.02426	0.06347	0.09836	0.39217	0.07348	0.17020	0.02050	0.01180	0.00328	0.00555	0.01775	0.01107	0.01079
7	0.03001	0.03118	0.24644	0.02273	0.03216	0.01933	0.02413	0.03709	0.02508	0.24901	0.09425	0.03369	0.02819	0.01300	0.01236	0.00333	0.06437	0.01013	0.00849	0.01505
8	0.01250	0.00893	0.01191	0.01429	0.01488	0.00834	0.00953	0.01429	0.01965	0.02620	0.05656	0.63265	0.06787	0.03215	0.01310	0.00417	0.00595	0.02917	0.00953	0.00834
9	0.02540	0.08338	0.17612	0.05704	0.03268	0.02349	0.02242	0.03829	0.16656	0.11002	0.08762	0.03392	0.02892	0.01303	0.01171	0.00330	0.05344	0.01025	0.00792	0.01449
10	0.02005	0.05037	0.54955	0.02805	0.04247	0.02287	0.03600	0.03137	0.02178	0.03220	0.02386	0.02657	0.04851	0.01078	0.00990	0.00326	0.01453	0.00848	0.00466	0.01475
11	0.01605	0.01166	0.01586	0.01796	0.02045	0.01147	0.01558	0.02054	0.02360	0.03038	0.05979	0.11389	0.11537	0.02809	0.01395	0.00459	0.00898	0.45298	0.00946	0.00936
12	0.71184	0.01985	0.01508	0.01350	0.01985	0.02302	0.01111	0.03017	0.01746	0.04604	0.01429	0.01667	0.01111	0.00953	0.00635	0.00318	0.00794	0.00556	0.00635	0.01111
13	0.02128	0.01824	0.02128	0.01520	0.02432	0.01368	0.01216	0.02584	0.02128	0.03344	0.01824	0.02128	0.01520	0.00760	0.00760	0.00152	0.00760	0.00608	0.00608	0.70208
14	0.03310	0.02725	0.07015	0.11584	0.03775	0.02825	0.02191	0.32444	0.07390	0.08703	0.02473	0.02634	0.01778	0.01231	0.01173	0.00327	0.05028	0.00932	0.00875	0.01586
15	0.01425	0.01013	0.01257	0.01367	0.01486	0.00972	0.00967	0.01633	0.01992	0.02618	0.08823	0.23856	0.11305	0.23522	0.02638	0.00610	0.00786	0.12081	0.00851	0.00798
16	0.11963	0.51946	0.04659	0.01707	0.02547	0.03652	0.01653	0.03197	0.02098	0.06523	0.01606	0.01775	0.01373	0.00915	0.00681	0.00239	0.01042	0.00583	0.00522	0.01319
17	0.01648	0.01011	0.01264	0.01331	0.01429	0.00962	0.00859	0.01769	0.01847	0.07219	0.04476	0.33779	0.05105	0.29087	0.02964	0.00656	0.00791	0.02141	0.00839	0.00823
18	0.02641	0.02965	0.15936	0.02247	0.03069	0.02451	0.02139	0.17728	0.21116	0.04611	0.10913	0.03619	0.03275	0.01352	0.01047	0.00328	0.01020	0.01101	0.00905	0.01535
19	0.01554	0.01145	0.01397	0.01361	0.01618	0.01113	0.01008	0.02239	0.08469	0.03782	0.36229	0.15940	0.11492	0.02175	0.01176	0.00337	0.00540	0.01911	0.05503	0.01011
20	0.25350	0.01878	0.02547	0.41142	0.05349	0.02287	0.02262	0.02755	0.01949	0.03292	0.01690	0.02375	0.01281	0.01001	0.00894	0.00334	0.01174	0.00792	0.00517	0.01130
21	0.01938	0.01824	0.03078	0.61468	0.07068	0.02280	0.02850	0.02622	0.02052	0.02622	0.01824	0.02736	0.01368	0.01026	0.01026	0.00342	0.01368	0.00912	0.00456	0.01140
22	0.02289	0.01851	0.02309	0.02035	0.02341	0.02215	0.01617	0.10819	0.13364	0.03519	0.07306	0.03536	0.02801	0.03033	0.13775	0.08299	0.15876	0.01080	0.00741	0.01194
23	0.02053	0.02000	0.03557	0.49265	0.11266	0.02335	0.09452	0.02754	0.02125	0.02772	0.01866	0.02723	0.01415	0.00995	0.01049	0.00339	0.01402	0.00951	0.00469	0.01214
24	0.02535	0.02514	0.16231	0.02301	0.03101	0.01666	0.09075	0.03132	0.02339	0.17236	0.03542	0.20231	0.03255	0.01667	0.01103	0.00340	0.01059	0.01504	0.00823	0.06346
25	0.03420	0.01784	0.02260	0.01680	0.02530	0.01441	0.01369	0.03846	0.02550	0.31998	0.02985	0.02840	0.02053	0.01026	0.00902	0.00238	0.00819	0.00829	0.00954	0.34476
26	0.08574	0.01828	0.02108	0.01547	0.02418	0.01470	0.01247	0.02951	0.02204	0.10932	0.02092	0.02273	0.01623	0.00847	0.00786	0.00189	0.00778	0.00661	0.00701	0.54772
27	0.03170	0.01933	0.02305	0.01810	0.02525	0.01815	0.01453	0.17097	0.03124	0.19737	0.06751	0.09700	0.02997	0.01393	0.01000	0.00282	0.00856	0.01152	0.00982	0.19918
28	0.02628	0.54544	0.14372	0.01953	0.02939	0.03777	0.02100	0.03103	0.02099	0.02556	0.01497	0.01734	0.01314	0.00894	0.00712	0.00237	0.01168	0.00584	0.00438	0.01351
29	0.01361	0.00975	0.01303	0.01451	0.01586	0.00918	0.01050	0.01664	0.02282	0.03100	0.20060	0.40765	0.07484	0.02850	0.01296	0.00398	0.00611	0.08957	0.01001	0.00886
30	0.02185	0.03959	0.34073	0.03842	0.17664	0.02327	0.10034	0.03139	0.02294	0.03341	0.05716	0.02721	0.01996	0.01023	0.01033	0.00323	0.01399	0.00933	0.00512	0.01488
31	0.02475	0.02238	0.03944	0.23328	0.30747	0.02344	0.09624	0.03128	0.02299	0.06914	0.02062	0.02699	0.01598	0.00968	0.01046	0.00323	0.01310	0.00961	0.00546	0.01447
32	0.02432	0.08640	0.42011	0.02905	0.04237	0.02429	0.09855	0.03435	0.02279	0.09244	0.02086	0.02354	0.01471	0.00987	0.00990	0.00320	0.01445	0.00833	0.00537	0.01511
33	0.04604	0.01746	0.02382	0.01826	0.02620	0.01508	0.01508	0.05001	0.02937	0.58244	0.04049	0.03493	0.02540	0.01270	0.01032	0.00318	0.00873	0.01032	0.01270	0.01746
34	0.01639	0.01132	0.01565	0.01712	0.01935	0.01178	0.01443	0.02086	0.02157	0.02994	0.04498	0.08708	0.04656	0.03846	0.15975	0.00738	0.01338	0.31954	0.09506	0.00939
35	0.02581	0.02144	0.03693	0.13268	0.30325	0.02152	0.08808	0.03192	0.02444	0.10402	0.08259	0.03284	0.02582	0.01101	0.01065	0.00319	0.01178	0.01069	0.00668	0.01466
36	0.09710	0.02075	0.03598	0.20615	0.14593	0.02186	0.15390	0.02825	0.02299	0.03379	0.10516	0.03363	0.02740	0.01124	0.01057	0.00330	0.01231	0.01097	0.00607	0.01262
37	0.03154	0.07285	0.02512	0.01661	0.02523	0.01659	0.01378	0.03575	0.02442	0.24807	0.02662	0.02621	0.01903	0.00971	0.00858	0.00223	0.00834	0.00769	0.00853	0.37312
38	0.02255	0.02171	0.03790	0.22363	0.33673	0.02288	0.07381	0.02878	0.02232	0.03074	0.02182	0.07026	0.01917	0.01111	0.01058	0.00328	0.01264	0.01085	0.00526	0.01401
39	0.01747	0.01402	0.01709	0.08088	0.02392	0.01460	0.01302	0.06007	0.10859	0.03469	0.15501	0.20794	0.16864	0.02203	0.01177	0.00357	0.00714	0.01916	0.00951	0.01088
40	0.42894	0.06116	0.02013	0.01601	0.02160	0.02331	0.01310	0.03264	0.08354	0.07555	0.02293	0.07478	0.01975	0.01280	0.00969	0.00333	0.05250	0.00890	0.00727	0.01205

[dist]
# distance from previous block
# <min> <max>
0	2

[block]
# block no. 8 follows, 14 sequences, length 24
# corresponding to MSA columns:
# 344-367
name=unknown_I
#
# <colnr> <probs for GDERKNQSTAVLIFYWHMCP>
#	G	D	E	R	K	N	Q	S	T	A	V	L	I	F	Y	W	H	M	C	P
0	0.02440	0.03018	0.15403	0.05220	0.41566	0.02437	0.03149	0.03374	0.07018	0.03414	0.02110	0.02576	0.01691	0.00969	0.01010	0.00313	0.01245	0.00903	0.00540	0.01603
1	0.02439	0.03039	0.15566	0.05592	0.46417	0.02427	0.03284	0.03170	0.02301	0.03331	0.01912	0.02462	0.01557	0.00927	0.01007	0.00309	0.01281	0.00882	0.00492	0.01603
2	0.02160	0.03202	0.21207	0.08998	0.15684	0.02268	0.16766	0.02999	0.02315	0.03248	0.05687	0.03248	0.05308	0.01101	0.01080	0.00329	0.01378	0.01077	0.00547	0.01399
3	0.02972	0.02293	0.03792	0.05362	0.46036	0.02244	0.02806	0.03537	0.02462	0.14845	0.02374	0.02739	0.01817	0.00989	0.01019	0.00307	0.01147	0.00939	0.00668	0.01651
