[name]
unknown

[dist]
# distance from previous block
# <min> <max>
0	4

[block]
# block no. 0 follows, 11 sequences, length 36
# corresponding to MSA columns:
# 4-39
name=unknown_A
#
# <colnr> <probs for GDERKNQSTAVLIFYWHMCP>
#	G	D	E	R	K	N	Q	S	T	A	V	L	I	F	Y	W	H	M	C	P
0	0.14369	0.01462	0.01784	0.01961	0.02303	0.01527	0.01702	0.02516	0.02464	0.03685	0.05131	0.10647	0.05486	0.02720	0.01393	0.00486	0.01005	0.37317	0.00972	0.01071
1	0.02846	0.01984	0.02386	0.01730	0.02706	0.01529	0.01394	0.03334	0.02501	0.13197	0.02461	0.02616	0.01878	0.00939	0.00890	0.00201	0.00857	0.00755	0.00804	0.54991
2	0.02600	0.02452	0.04140	0.06207	0.46617	0.02443	0.03138	0.03206	0.02509	0.03571	0.02654	0.10266	0.02527	0.01334	0.01157	0.00350	0.01247	0.01292	0.00621	0.01669
3	0.02661	0.02547	0.04344	0.16494	0.44811	0.02642	0.03392	0.03345	0.02504	0.03526	0.02095	0.02826	0.01730	0.01026	0.01116	0.00342	0.01368	0.01002	0.00546	0.01682
4	0.04279	0.03153	0.03378	0.02590	0.03490	0.03490	0.02139	0.49671	0.05292	0.07093	0.02702	0.02702	0.01914	0.01351	0.01126	0.00338	0.01239	0.01013	0.01126	0.01914
5	0.02981	0.02615	0.03474	0.04208	0.23550	0.02836	0.02508	0.10484	0.25681	0.04591	0.03340	0.03434	0.02570	0.01291	0.01130	0.00357	0.01116	0.01130	0.00903	0.01799
6	0.11092	0.02611	0.04200	0.06221	0.46935	0.02655	0.03171	0.03436	0.02481	0.03851	0.02047	0.02664	0.01711	0.01008	0.01061	0.00336	0.01278	0.00953	0.00575	0.01711
7	0.04279	0.03153	0.03378	0.02590	0.03490	0.03490	0.02139	0.49671	0.05292	0.07093	0.02702	0.02702	0.01914	0.01351	0.01126	0.00338	0.01239	0.01013	0.01126	0.01914
8	0.02786	0.02674	0.04568	0.06908	0.53424	0.02674	0.03454	0.03454	0.02563	0.03677	0.02117	0.02786	0.01783	0.01003	0.01114	0.00334	0.01337	0.01003	0.00557	0.01783
9	0.04279	0.03153	0.03378	0.02590	0.03490	0.03490	0.02139	0.49671	0.05292	0.07093	0.02702	0.02702	0.01914	0.01351	0.01126	0.00338	0.01239	0.01013	0.01126	0.01914
10	0.02786	0.02674	0.04568	0.06908	0.53424	0.02674	0.03454	0.03454	0.02563	0.03677	0.02117	0.02786	0.01783	0.01003	0.01114	0.00334	0.01337	0.01003	0.00557	0.01783
11	0.02126	0.02001	0.03376	0.57739	0.07752	0.02501	0.03126	0.02876	0.02251	0.02876	0.02001	0.03001	0.01500	0.01125	0.01125	0.00375	0.01500	0.01000	0.00500	0.01250
12	0.02329	0.01975	0.02600	0.02357	0.02881	0.02122	0.06478	0.04134	0.25436	0.04168	0.11106	0.07198	0.05124	0.02048	0.01311	0.00419	0.00989	0.14824	0.01067	0.01436
13	0.02800	0.02418	0.02545	0.02291	0.02927	0.02800	0.01782	0.05981	0.51390	0.04708	0.04581	0.04199	0.03436	0.01527	0.01145	0.00382	0.00891	0.01273	0.01145	0.01782
14	0.01371	0.00979	0.01306	0.01567	0.01632	0.00914	0.01045	0.01567	0.02155	0.02873	0.06203	0.59710	0.07444	0.03526	0.01437	0.00457	0.00653	0.03200	0.01045	0.00914
15	0.02615	0.02500	0.04261	0.20024	0.41639	0.02629	0.03369	0.03305	0.02482	0.03470	0.02087	0.02841	0.01710	0.01034	0.01117	0.00345	0.01379	0.01002	0.00542	0.01645
16	0.02657	0.02940	0.06100	0.04877	0.11883	0.02874	0.39353	0.03510	0.02566	0.03539	0.02189	0.02955	0.01698	0.01042	0.01500	0.00383	0.06588	0.01257	0.00561	0.01529
17	0.02786	0.02674	0.04568	0.06908	0.53424	0.02674	0.03454	0.03454	0.02563	0.03677	0.02117	0.02786	0.01783	0.01003	0.01114	0.00334	0.01337	0.01003	0.00557	0.01783
18	0.01608	0.01206	0.01809	0.01809	0.02010	0.01407	0.01407	0.02010	0.01809	0.02613	0.03015	0.04422	0.02814	0.08441	0.55984	0.01809	0.03015	0.01206	0.00603	0.01005
19	0.02786	0.02674	0.04568	0.06908	0.53424	0.02674	0.03454	0.03454	0.02563	0.03677	0.02117	0.02786	0.01783	0.01003	0.01114	0.00334	0.01337	0.01003	0.00557	0.01783
20	0.01464	0.01117	0.01344	0.01347	0.01617	0.00998	0.00988	0.01852	0.02793	0.03720	0.30435	0.18158	0.24679	0.02703	0.01347	0.00381	0.00566	0.02355	0.01138	0.00998
21	0.01527	0.01284	0.01627	0.02006	0.08127	0.01157	0.01244	0.01833	0.02435	0.03068	0.08582	0.25273	0.32088	0.02830	0.01337	0.00399	0.00693	0.02462	0.00983	0.01044
22	0.02411	0.02291	0.03891	0.35792	0.27471	0.02576	0.03268	0.03126	0.02385	0.03222	0.02051	0.02908	0.01622	0.01072	0.01121	0.00357	0.01430	0.01001	0.00525	0.01480
23	0.02786	0.02674	0.04568	0.06908	0.53424	0.02674	0.03454	0.03454	0.02563	0.03677	0.02117	0.02786	0.01783	0.01003	0.01114	0.00334	0.01337	0.01003	0.00557	0.01783
24	0.01593	0.01150	0.01504	0.01416	0.01681	0.01062	0.01062	0.02124	0.03186	0.04513	0.52830	0.08407	0.10620	0.02301	0.01327	0.00354	0.00531	0.02035	0.01239	0.01062
25	0.02641	0.02527	0.04308	0.18011	0.43448	0.02636	0.03382	0.03328	0.02495	0.03502	0.02092	0.02833	0.01721	0.01030	0.01117	0.00343	0.01373	0.01002	0.00545	0.01667
26	0.02257	0.05822	0.54613	0.03208	0.04871	0.02614	0.04158	0.03564	0.02376	0.03564	0.02020	0.02376	0.01426	0.01069	0.01069	0.00356	0.01663	0.00832	0.00475	0.01663
27	0.02462	0.02462	0.03447	0.02955	0.02955	0.03447	0.02462	0.02709	0.01724	0.02709	0.01477	0.02462	0.01477	0.01970	0.03694	0.00492	0.58385	0.00985	0.00492	0.01231
28	0.02619	0.02724	0.03424	0.02950	0.03002	0.08178	0.02437	0.02870	0.01856	0.02713	0.01501	0.02423	0.01475	0.01897	0.03452	0.00474	0.53304	0.00962	0.00500	0.01238
29	0.02461	0.02343	0.03983	0.31883	0.30984	0.02589	0.03293	0.03170	0.02409	0.03283	0.02060	0.02891	0.01644	0.01063	0.01120	0.00354	0.01417	0.01002	0.00529	0.01521
30	0.02786	0.02674	0.04568	0.06908	0.53424	0.02674	0.03454	0.03454	0.02563	0.03677	0.02117	0.02786	0.01783	0.01003	0.01114	0.00334	0.01337	0.01003	0.00557	0.01783
31	0.02957	0.02441	0.04013	0.05762	0.42265	0.02390	0.02992	0.03561	0.02650	0.10262	0.03230	0.03623	0.06368	0.01215	0.01135	0.00340	0.01221	0.01139	0.00709	0.01728
32	0.02389	0.02426	0.03352	0.50796	0.07211	0.09265	0.03005	0.03081	0.02369	0.02860	0.01967	0.02878	0.01494	0.01130	0.01111	0.00364	0.01567	0.00965	0.00510	0.01257
33	0.02605	0.02489	0.04241	0.20851	0.40896	0.02627	0.03364	0.03296	0.02477	0.03457	0.02085	0.02845	0.01705	0.01036	0.01117	0.00345	0.01382	0.01002	0.00541	0.01637
34	0.02935	0.11811	0.31959	0.02616	0.03890	0.02508	0.03037	0.03855	0.02624	0.15026	0.06758	0.03136	0.02506	0.01232	0.01059	0.00339	0.01348	0.00970	0.00748	0.01642
35	0.02500	0.19434	0.23137	0.02311	0.03330	0.02618	0.02534	0.03231	0.02501	0.07621	0.09306	0.10394	0.03516	0.01540	0.01060	0.00336	0.01201	0.01252	0.00727	0.01451

[dist]
# distance from previous block
# <min> <max>
12	16

[block]
# block no. 1 follows, 11 sequences, length 40
# corresponding to MSA columns:
# 56-95
name=unknown_B
#
# <colnr> <probs for GDERKNQSTAVLIFYWHMCP>
#	G	D	E	R	K	N	Q	S	T	A	V	L	I	F	Y	W	H	M	C	P
0	0.10182	0.02021	0.02253	0.01645	0.02609	0.01622	0.01320	0.02890	0.02284	0.03832	0.01949	0.02274	0.01614	0.00859	0.00817	0.00188	0.00838	0.00660	0.00670	0.59472
1	0.68395	0.02177	0.01654	0.01480	0.02177	0.02525	0.01219	0.03309	0.01915	0.05050	0.01567	0.01828	0.01219	0.01045	0.00697	0.00348	0.00871	0.00609	0.00697	0.01219
2	0.01419	0.01104	0.01289	0.01327	0.01596	0.00975	0.00963	0.01756	0.02651	0.03440	0.22530	0.21996	0.29227	0.02850	0.01355	0.00391	0.00579	0.02474	0.01103	0.00975
3	0.02334	0.02001	0.02334	0.01667	0.02667	0.01500	0.01334	0.02834	0.02334	0.03668	0.02001	0.02334	0.01667	0.00834	0.00834	0.00167	0.00834	0.00667	0.00667	0.67325
4	0.04279	0.03538	0.03074	0.02537	0.03301	0.20090	0.02013	0.21373	0.08551	0.15525	0.02939	0.02867	0.02094	0.01315	0.01093	0.00329	0.01403	0.00969	0.01007	0.01704
5	0.03903	0.03013	0.08593	0.02916	0.03872	0.08585	0.13563	0.04772	0.07270	0.26587	0.03376	0.03318	0.02293	0.01238	0.01161	0.00353	0.01375	0.01115	0.00987	0.01710
6	0.01862	0.01005	0.01493	0.01516	0.01546	0.01023	0.01034	0.01540	0.01568	0.02115	0.02458	0.08530	0.02544	0.04414	0.10265	0.53557	0.01191	0.01202	0.00552	0.00588
7	0.02334	0.02001	0.02334	0.01667	0.02667	0.01500	0.01334	0.02834	0.02334	0.03668	0.02001	0.02334	0.01667	0.00834	0.00834	0.00167	0.00834	0.00667	0.00667	0.67325
8	0.01693	0.01263	0.01695	0.01653	0.01748	0.01443	0.01180	0.01906	0.01726	0.02433	0.03116	0.05542	0.03259	0.30626	0.29548	0.01383	0.06900	0.01375	0.00628	0.00883
9	0.02598	0.02482	0.04229	0.21378	0.40423	0.02625	0.03361	0.03290	0.02474	0.03449	0.02084	0.02847	0.01702	0.01038	0.01117	0.00346	0.01384	0.01002	0.00541	0.01631
10	0.02517	0.21742	0.35666	0.02982	0.04390	0.03175	0.07915	0.03512	0.02377	0.03300	0.01912	0.02274	0.01459	0.01026	0.00993	0.00325	0.01552	0.00813	0.00486	0.01585
11	0.02309	0.05462	0.48423	0.03406	0.05002	0.02644	0.09988	0.03570	0.02412	0.03570	0.02053	0.02461	0.01462	0.01054	0.01103	0.00359	0.01694	0.00896	0.00487	0.01645
12	0.01400	0.01002	0.01332	0.01548	0.01639	0.00933	0.01047	0.01639	0.02288	0.03085	0.12220	0.53090	0.07854	0.03368	0.01423	0.00444	0.00637	0.03049	0.01070	0.00933
13	0.01550	0.01178	0.01461	0.01576	0.01854	0.01088	0.01259	0.01945	0.02614	0.03356	0.14885	0.17459	0.23894	0.02950	0.01425	0.00436	0.00745	0.18260	0.01071	0.00993
14	0.02992	0.02571	0.04551	0.09682	0.26754	0.02627	0.13475	0.03657	0.02571	0.10692	0.02413	0.02979	0.01855	0.01149	0.01412	0.00365	0.06851	0.01093	0.00668	0.01644
15	0.02450	0.12289	0.36816	0.03411	0.04858	0.02907	0.14711	0.03549	0.02432	0.03456	0.02023	0.02461	0.01496	0.01027	0.01087	0.00347	0.01660	0.00921	0.00499	0.01600
16	0.01477	0.01114	0.01320	0.01402	0.01621	0.01018	0.01016	0.01758	0.02412	0.03102	0.13690	0.21956	0.23817	0.11503	0.02034	0.00517	0.00718	0.07585	0.01015	0.00926
17	0.03543	0.13513	0.08374	0.03490	0.16316	0.07785	0.02457	0.04357	0.07505	0.17498	0.02857	0.02928	0.02098	0.01176	0.01038	0.00324	0.01259	0.00951	0.00827	0.01702
18	0.02865	0.01682	0.02078	0.01788	0.02131	0.01765	0.01320	0.08883	0.02511	0.15382	0.03428	0.05236	0.03161	0.29048	0.08313	0.00828	0.06139	0.01341	0.00887	0.01212
19	0.02383	0.04208	0.29269	0.03944	0.08764	0.02584	0.20553	0.03429	0.02478	0.03539	0.02419	0.06716	0.01984	0.01194	0.01194	0.00370	0.01653	0.01196	0.00557	0.01566
20	0.02808	0.02742	0.03610	0.12355	0.22275	0.09020	0.02727	0.07580	0.02666	0.03529	0.02387	0.08069	0.02198	0.01481	0.01585	0.00375	0.11296	0.01176	0.00641	0.01481
21	0.02737	0.09527	0.29485	0.03150	0.10219	0.02473	0.03072	0.03587	0.02429	0.10828	0.02529	0.03183	0.01992	0.08153	0.01605	0.00429	0.01405	0.00972	0.00647	0.01579
22	0.02454	0.02374	0.04147	0.31536	0.27474	0.02603	0.06837	0.03184	0.02418	0.03281	0.02073	0.02910	0.01639	0.01058	0.01136	0.00358	0.01460	0.01027	0.00530	0.01503
23	0.02907	0.02853	0.13709	0.08633	0.13157	0.02142	0.08162	0.03626	0.02665	0.15562	0.04171	0.04312	0.10237	0.01415	0.01171	0.00359	0.01269	0.01261	0.00816	0.01573
24	0.02364	0.09675	0.15585	0.07895	0.08202	0.02153	0.02401	0.02997	0.02450	0.08220	0.06970	0.18866	0.03921	0.01856	0.01164	0.00369	0.01133	0.01608	0.00788	0.01384
25	0.03909	0.02923	0.09644	0.02816	0.07684	0.07342	0.02293	0.04675	0.06985	0.27953	0.03325	0.03248	0.02295	0.01374	0.01417	0.00363	0.08001	0.01038	0.00995	0.01720
26	0.02253	0.10684	0.03460	0.15959	0.19537	0.02376	0.02352	0.02740	0.02325	0.03049	0.03636	0.09487	0.08507	0.07138	0.01554	0.00419	0.01175	0.01375	0.00649	0.01326
27	0.02422	0.09790	0.31187	0.03841	0.14420	0.02689	0.06802	0.03406	0.02447	0.03484	0.02399	0.03460	0.02014	0.01236	0.01111	0.00358	0.01509	0.05275	0.00554	0.01595
28	0.02360	0.03301	0.18881	0.13099	0.16589	0.02446	0.06355	0.03390	0.06670	0.03401	0.02482	0.03434	0.02067	0.08756	0.01716	0.00453	0.01431	0.01080	0.00592	0.01496
29	0.03622	0.02765	0.12328	0.06973	0.08821	0.02097	0.08046	0.04321	0.02829	0.27206	0.03470	0.03951	0.02494	0.01349	0.01172	0.00366	0.01273	0.04250	0.00965	0.01702
30	0.02321	0.02117	0.03368	0.16307	0.26760	0.02248	0.02671	0.03145	0.07169	0.03420	0.03263	0.15932	0.03172	0.01655	0.01193	0.00376	0.01173	0.01529	0.00713	0.01469
31	0.02755	0.02197	0.03421	0.18939	0.22527	0.02334	0.02715	0.07624	0.02766	0.08485	0.03052	0.08827	0.02717	0.01510	0.01186	0.00374	0.01250	0.05038	0.00759	0.01523
32	0.02261	0.15927	0.28606	0.02738	0.03866	0.02652	0.07322	0.03101	0.02337	0.03231	0.02845	0.14587	0.02744	0.01562	0.01101	0.00356	0.01375	0.01338	0.00607	0.01444
33	0.03834	0.03315	0.18199	0.02795	0.03934	0.02274	0.09206	0.08869	0.03095	0.27971	0.03272	0.03192	0.02159	0.01233	0.01141	0.00354	0.01321	0.01062	0.00987	0.01786
34	0.02764	0.02268	0.03697	0.27594	0.22472	0.02544	0.02985	0.03396	0.02433	0.09760	0.02305	0.02981	0.01762	0.01200	0.01373	0.00369	0.06927	0.01017	0.00634	0.01519
35	0.02741	0.02423	0.03178	0.12317	0.18948	0.08568	0.02404	0.03189	0.02428	0.07907	0.02881	0.10591	0.02721	0.07298	0.01843	0.00442	0.06714	0.01325	0.00699	0.01383
36	0.03199	0.02074	0.03319	0.02945	0.08086	0.01974	0.11553	0.07943	0.02873	0.19089	0.03867	0.14965	0.03437	0.07303	0.01669	0.00445	0.01168	0.01610	0.00978	0.01502
37	0.02675	0.02635	0.10252	0.32974	0.11979	0.02440	0.06364	0.03456	0.02471	0.10418	0.02384	0.03015	0.01722	0.01129	0.01132	0.00364	0.01453	0.01021	0.00636	0.01481
38	0.02465	0.02498	0.08484	0.36672	0.12560	0.02564	0.03101	0.03188	0.02322	0.06698	0.02142	0.02920	0.01619	0.01203	0.01363	0.00377	0.06858	0.00992	0.00568	0.01405
39	0.03198	0.02218	0.03738	0.03592	0.13519	0.02114	0.13336	0.03996	0.06882	0.18898	0.03772	0.13084	0.03184	0.01587	0.01229	0.00375	0.01201	0.01521	0.00947	0.01610

[dist]
# distance from previous block
# <min> <max>
6	29

[block]
# block no. 2 follows, 11 sequences, length 11
# corresponding to MSA columns:
# 125-135
name=unknown_C
#
# <colnr> <probs for GDERKNQSTAVLIFYWHMCP>
#	G	D	E	R	K	N	Q	S	T	A	V	L	I	F	Y	W	H	M	C	P
0	0.02653	0.02235	0.03731	0.33875	0.23764	0.02480	0.03099	0.03342	0.02459	0.08236	0.02284	0.03005	0.01729	0.01108	0.01122	0.00358	0.01388	0.01014	0.00609	0.01508
1	0.22237	0.02899	0.13695	0.02458	0.03421	0.02229	0.09247	0.03812	0.02574	0.16389	0.07811	0.03298	0.02697	0.01251	0.01042	0.00355	0.01178	0.01041	0.00856	0.01510
2	0.03255	0.18607	0.04438	0.12132	0.04363	0.12776	0.09979	0.07386	0.06051	0.07262	0.02293	0.02633	0.01768	0.01123	0.01033	0.00320	0.01481	0.00928	0.00679	0.01492
3	0.03292	0.12683	0.17064	0.02443	0.03385	0.15087	0.02406	0.03929	0.02839	0.13434	0.09673	0.03364	0.03027	0.01316	0.01053	0.00321	0.01377	0.01004	0.00793	0.01509
4	0.01626	0.01135	0.01448	0.01448	0.01524	0.01211	0.00957	0.01778	0.01702	0.02345	0.03345	0.06250	0.03608	0.40742	0.24769	0.01363	0.01820	0.01474	0.00652	0.00804
5	0.02573	0.12958	0.31055	0.02951	0.04184	0.09246	0.07736	0.03504	0.02575	0.03437	0.07242	0.02946	0.02418	0.01182	0.01065	0.00334	0.01547	0.00960	0.00578	0.01511
6	0.12004	0.02421	0.09322	0.02874	0.11320	0.02063	0.02126	0.03541	0.09858	0.09083	0.03840	0.16249	0.03621	0.01857	0.01160	0.00389	0.01032	0.04904	0.00887	0.01450
7	0.03027	0.03113	0.13750	0.12876	0.25778	0.02554	0.03178	0.07357	0.02791	0.11072	0.02461	0.02882	0.01825	0.01118	0.01111	0.00347	0.01363	0.00989	0.00698	0.01708
8	0.02860	0.02140	0.03270	0.04333	0.27248	0.02128	0.02413	0.03692	0.08543	0.12212	0.03714	0.15690	0.03404	0.01690	0.01192	0.00370	0.01067	0.01542	0.00879	0.01614
9	0.03284	0.02730	0.06553	0.11521	0.10997	0.08836	0.02497	0.03822	0.02639	0.16842	0.02980	0.03967	0.02391	0.01509	0.01522	0.00382	0.09540	0.05664	0.00811	0.01514
10	0.13502	0.01927	0.02471	0.02265	0.07176	0.01786	0.01657	0.04516	0.02894	0.36324	0.04667	0.04303	0.08594	0.01486	0.01092	0.00351	0.00932	0.01197	0.01175	0.01685

[dist]
# distance from previous block
# <min> <max>
3	16

[block]
# block no. 3 follows, 11 sequences, length 95
# corresponding to MSA columns:
# 152-246
name=unknown_D
#
# <colnr> <probs for GDERKNQSTAVLIFYWHMCP>
#	G	D	E	R	K	N	Q	S	T	A	V	L	I	F	Y	W	H	M	C	P
0	0.02433	0.08094	0.10413	0.01889	0.02622	0.01924	0.01731	0.03183	0.06541	0.08782	0.13564	0.04726	0.04186	0.11137	0.01828	0.00432	0.00993	0.01237	0.00858	0.13427
1	0.08094	0.17774	0.09278	0.02405	0.03329	0.07364	0.05903	0.04232	0.12988	0.08855	0.02665	0.02753	0.02030	0.01150	0.00973	0.00312	0.01230	0.00900	0.00764	0.07000
2	0.03782	0.02688	0.07197	0.08272	0.08871	0.02540	0.02332	0.20004	0.03607	0.19673	0.03058	0.03178	0.02147	0.01815	0.05234	0.00456	0.01358	0.01046	0.00994	0.01748
3	0.02596	0.32852	0.03983	0.01837	0.02504	0.03210	0.01606	0.03509	0.12583	0.03206	0.08004	0.03897	0.03265	0.10666	0.01670	0.00417	0.01048	0.01060	0.00734	0.01353
4	0.02640	0.02651	0.09196	0.03305	0.07918	0.02231	0.17970	0.07779	0.03017	0.08261	0.13023	0.04836	0.08989	0.01503	0.01248	0.00362	0.01283	0.01450	0.00860	0.01479
5	0.03009	0.61122	0.05898	0.01926	0.02889	0.04454	0.01926	0.03370	0.02287	0.02648	0.01565	0.01805	0.01444	0.00963	0.00722	0.00241	0.01204	0.00602	0.00481	0.01444
6	0.03331	0.03136	0.02647	0.02357	0.02874	0.22211	0.01832	0.10616	0.03002	0.08427	0.02628	0.03201	0.02161	0.03925	0.21525	0.00869	0.02170	0.00988	0.00752	0.01347
7	0.10887	0.03052	0.03200	0.02475	0.03355	0.03391	0.02044	0.44892	0.04944	0.06883	0.02585	0.02612	0.01842	0.01320	0.01082	0.00339	0.01201	0.00972	0.01082	0.01842
8	0.09010	0.02074	0.03296	0.47782	0.10914	0.02517	0.02956	0.02968	0.02242	0.03165	0.01965	0.02862	0.01494	0.01107	0.01080	0.00369	0.01422	0.00960	0.00525	0.01291
9	0.02305	0.02184	0.03700	0.43916	0.20172	0.02548	0.03215	0.03033	0.02335	0.03094	0.02032	0.02942	0.01577	0.01092	0.01122	0.00364	0.01456	0.01001	0.00516	0.01395
10	0.05050	0.01915	0.02612	0.02003	0.02873	0.01654	0.01654	0.05485	0.03221	0.54203	0.04440	0.03831	0.02786	0.01393	0.01132	0.00348	0.00958	0.01132	0.01393	0.01915
11	0.01712	0.01291	0.01734	0.01682	0.01774	0.01490	0.01208	0.01924	0.01726	0.02438	0.03079	0.05479	0.03221	0.30143	0.28726	0.01358	0.08132	0.01368	0.00625	0.00890
12	0.01614	0.01182	0.01687	0.01687	0.01845	0.01340	0.01254	0.01931	0.01773	0.02522	0.03127	0.05041	0.03083	0.19385	0.45408	0.01658	0.02610	0.01297	0.00620	0.00937
13	0.02660	0.02546	0.04341	0.16586	0.44728	0.02641	0.03392	0.03344	0.02503	0.03525	0.02095	0.02827	0.01729	0.01026	0.01116	0.00342	0.01368	0.01002	0.00546	0.01681
14	0.02418	0.17649	0.44194	0.02934	0.04447	0.03007	0.03681	0.03523	0.02357	0.03368	0.01923	0.02254	0.01430	0.01047	0.00995	0.00332	0.01565	0.00783	0.00477	0.01617
15	0.01637	0.01091	0.01228	0.01228	0.01228	0.01091	0.00682	0.01637	0.01637	0.02182	0.03546	0.07365	0.04092	0.60445	0.05729	0.01091	0.01091	0.01637	0.00682	0.00682
16	0.01711	0.01327	0.01889	0.06557	0.06414	0.01297	0.01427	0.02235	0.02947	0.04133	0.39455	0.13008	0.08799	0.02229	0.01305	0.00365	0.00691	0.01990	0.01101	0.01121
17	0.02606	0.02491	0.04244	0.20745	0.40992	0.02627	0.03365	0.03297	0.02478	0.03459	0.02085	0.02844	0.01706	0.01036	0.01117	0.00345	0.01382	0.01002	0.00542	0.01638
18	0.01593	0.01150	0.01504	0.01416	0.01681	0.01062	0.01062	0.02124	0.03186	0.04513	0.52830	0.08407	0.10620	0.02301	0.01327	0.00354	0.00531	0.02035	0.01239	0.01062
19	0.01593	0.01150	0.01504	0.01416	0.01681	0.01062	0.01062	0.02124	0.03186	0.04513	0.52830	0.08407	0.10620	0.02301	0.01327	0.00354	0.00531	0.02035	0.01239	0.01062
20	0.02257	0.05822	0.54613	0.03208	0.04871	0.02614	0.04158	0.03564	0.02376	0.03564	0.02020	0.02376	0.01426	0.01069	0.01069	0.00356	0.01663	0.00832	0.00475	0.01663
21	0.03328	0.01718	0.02179	0.01888	0.02429	0.01636	0.01465	0.10853	0.03191	0.24236	0.09936	0.22802	0.05042	0.02196	0.01254	0.00384	0.00855	0.01900	0.01218	0.01489
22	0.04440	0.02893	0.03217	0.02466	0.03361	0.03105	0.02038	0.40400	0.04857	0.16978	0.03067	0.02939	0.02097	0.01360	0.01127	0.00340	0.01180	0.01038	0.01182	0.01914
23	0.03009	0.61122	0.05898	0.01926	0.02889	0.04454	0.01926	0.03370	0.02287	0.02648	0.01565	0.01805	0.01444	0.00963	0.00722	0.00241	0.01204	0.00602	0.00481	0.01444
24	0.01593	0.01150	0.01504	0.01416	0.01681	0.01062	0.01062	0.02124	0.03186	0.04513	0.52830	0.08407	0.10620	0.02301	0.01327	0.00354	0.00531	0.02035	0.01239	0.01062
25	0.01401	0.01130	0.01247	0.01246	0.01571	0.00976	0.00924	0.01741	0.02690	0.03402	0.21541	0.14245	0.38410	0.02766	0.01338	0.00380	0.00567	0.02357	0.01095	0.00976
26	0.01363	0.01124	0.01197	0.01215	0.01550	0.00958	0.00898	0.01665	0.02588	0.03180	0.15285	0.15790	0.43571	0.02864	0.01341	0.00385	0.00575	0.02427	0.01066	0.00958
27	0.02508	0.04074	0.24515	0.04172	0.05506	0.02760	0.32503	0.03590	0.02552	0.03590	0.02181	0.02790	0.01603	0.00994	0.01232	0.00371	0.01810	0.01143	0.00534	0.01572
28	0.01593	0.01150	0.01504	0.01416	0.01681	0.01062	0.01062	0.02124	0.03186	0.04513	0.52830	0.08407	0.10620	0.02301	0.01327	0.00354	0.00531	0.02035	0.01239	0.01062
29	0.01363	0.01014	0.01271	0.01476	0.01608	0.00922	0.01004	0.01577	0.02243	0.02909	0.07315	0.49257	0.17180	0.03382	0.01414	0.00441	0.00635	0.03023	0.01045	0.00922
30	0.03009	0.61122	0.05898	0.01926	0.02889	0.04454	0.01926	0.03370	0.02287	0.02648	0.01565	0.01805	0.01444	0.00963	0.00722	0.00241	0.01204	0.00602	0.00481	0.01444
31	0.04679	0.01833	0.02493	0.01940	0.02745	0.01591	0.01591	0.05124	0.03218	0.48868	0.09636	0.04322	0.03627	0.01491	0.01153	0.00349	0.00912	0.01229	0.01377	0.01824
32	0.02126	0.02001	0.03376	0.57739	0.07752	0.02501	0.03126	0.02876	0.02251	0.02876	0.02001	0.03001	0.01500	0.01125	0.01125	0.00375	0.01500	0.01000	0.00500	0.01250
33	0.03009	0.61122	0.05898	0.01926	0.02889	0.04454	0.01926	0.03370	0.02287	0.02648	0.01565	0.01805	0.01444	0.00963	0.00722	0.00241	0.01204	0.00602	0.00481	0.01444
34	0.02334	0.02001	0.02334	0.01667	0.02667	0.01500	0.01334	0.02834	0.02334	0.03668	0.02001	0.02334	0.01667	0.00834	0.00834	0.00167	0.00834	0.00667	0.00667	0.67325
35	0.01561	0.02015	0.12707	0.01918	0.02325	0.01278	0.01711	0.01994	0.02202	0.03021	0.05309	0.47448	0.06157	0.03001	0.01358	0.00436	0.00869	0.02693	0.00923	0.01074
36	0.28591	0.02110	0.02316	0.01854	0.02662	0.02123	0.01530	0.08159	0.02898	0.32173	0.03233	0.02996	0.02133	0.01260	0.00969	0.00347	0.00947	0.00928	0.01112	0.01656
37	0.16460	0.01532	0.01507	0.01385	0.01802	0.01664	0.01088	0.07758	0.02523	0.04527	0.03050	0.03553	0.02417	0.01993	0.06493	0.00448	0.00932	0.00967	0.38726	0.01174
38	0.02126	0.02001	0.03376	0.57739	0.07752	0.02501	0.03126	0.02876	0.02251	0.02876	0.02001	0.03001	0.01500	0.01125	0.01125	0.00375	0.01500	0.01000	0.00500	0.01250
39	0.03183	0.01901	0.02051	0.01704	0.02259	0.01998	0.01365	0.20043	0.03513	0.10167	0.03394	0.03616	0.02522	0.01334	0.00944	0.00298	0.00827	0.01044	0.36389	0.01449
40	0.02061	0.01729	0.02156	0.07671	0.02923	0.01532	0.01473	0.02702	0.06012	0.03426	0.03445	0.19587	0.03500	0.01717	0.01068	0.00292	0.00855	0.01501	0.00798	0.35552
41	0.02661	0.35541	0.28433	0.02519	0.03806	0.03603	0.02959	0.03460	0.02328	0.03072	0.01775	0.02070	0.01436	0.01012	0.00883	0.00294	0.01416	0.00708	0.00479	0.01546
42	0.01593	0.01150	0.01504	0.01416	0.01681	0.01062	0.01062	0.02124	0.03186	0.04513	0.52830	0.08407	0.10620	0.02301	0.01327	0.00354	0.00531	0.02035	0.01239	0.01062
43	0.02257	0.05822	0.54613	0.03208	0.04871	0.02614	0.04158	0.03564	0.02376	0.03564	0.02020	0.02376	0.01426	0.01069	0.01069	0.00356	0.01663	0.00832	0.00475	0.01663
44	0.02216	0.02157	0.03720	0.46395	0.07044	0.02638	0.07817	0.02933	0.02236	0.02933	0.01973	0.02947	0.01519	0.01198	0.01422	0.00388	0.07649	0.01032	0.00506	0.01276
45	0.01599	0.01115	0.01314	0.01314	0.01388	0.01128	0.00820	0.01696	0.01765	0.02345	0.04302	0.07252	0.09129	0.45689	0.13540	0.01133	0.01352	0.01645	0.00708	0.00764
46	0.01522	0.01148	0.01405	0.01341	0.01638	0.01032	0.01006	0.01986	0.03017	0.04113	0.41564	0.09067	0.22136	0.02450	0.01328	0.00361	0.00542	0.02128	0.01186	0.01032
47	0.02126	0.02001	0.03376	0.57739	0.07752	0.02501	0.03126	0.02876	0.02251	0.02876	0.02001	0.03001	0.01500	0.01125	0.01125	0.00375	0.01500	0.01000	0.00500	0.01250
48	0.02767	0.02498	0.03990	0.28291	0.19922	0.02767	0.06869	0.11956	0.02949	0.03965	0.02190	0.02885	0.01677	0.01118	0.01139	0.00357	0.01437	0.01031	0.00641	0.01551
49	0.02306	0.01801	0.02102	0.02039	0.02459	0.01945	0.01615	0.08487	0.19421	0.04247	0.10019	0.17194	0.05565	0.02379	0.01324	0.00424	0.00884	0.13320	0.01105	0.01363
50	0.10763	0.19825	0.03744	0.02489	0.03183	0.36541	0.02006	0.04069	0.02813	0.02972	0.01675	0.01949	0.01424	0.01095	0.00903	0.00283	0.01686	0.00680	0.00566	0.01333
51	0.02542	0.02124	0.02446	0.01766	0.02755	0.01714	0.01420	0.07851	0.02651	0.04035	0.02076	0.02373	0.01694	0.00889	0.00865	0.00185	0.00877	0.00704	0.00716	0.60318
52	0.09881	0.18425	0.03939	0.02895	0.08477	0.17811	0.02179	0.10957	0.02942	0.03735	0.01843	0.02186	0.01538	0.01199	0.01224	0.00317	0.07555	0.00785	0.00641	0.01472
53	0.02786	0.02674	0.04568	0.06908	0.53424	0.02674	0.03454	0.03454	0.02563	0.03677	0.02117	0.02786	0.01783	0.01003	0.01114	0.00334	0.01337	0.01003	0.00557	0.01783
54	0.02426	0.02307	0.03919	0.34581	0.28560	0.02580	0.03275	0.03139	0.02393	0.03241	0.02054	0.02903	0.01629	0.01069	0.01120	0.00356	0.01426	0.01001	0.00526	0.01493
55	0.01514	0.01168	0.01395	0.01398	0.01712	0.01050	0.01089	0.01937	0.02827	0.03703	0.27778	0.10111	0.28220	0.02662	0.01364	0.00390	0.00626	0.08922	0.01124	0.01010
56	0.01429	0.01144	0.01277	0.01244	0.01581	0.00992	0.00933	0.01806	0.02798	0.03593	0.26927	0.09923	0.37098	0.02645	0.01329	0.00370	0.00555	0.02248	0.01118	0.00992
57	0.01371	0.00979	0.01306	0.01567	0.01632	0.00914	0.01045	0.01567	0.02155	0.02873	0.06203	0.59710	0.07444	0.03526	0.01437	0.00457	0.00653	0.03200	0.01045	0.00914
58	0.01417	0.01012	0.01358	0.01619	0.01705	0.00953	0.01124	0.01646	0.02200	0.02924	0.06178	0.54864	0.07345	0.03483	0.01449	0.00463	0.00693	0.07595	0.01044	0.00927
59	0.01371	0.00979	0.01306	0.01567	0.01632	0.00914	0.01045	0.01567	0.02155	0.02873	0.06203	0.59710	0.07444	0.03526	0.01437	0.00457	0.00653	0.03200	0.01045	0.00914
60	0.04204	0.05364	0.03190	0.02900	0.03480	0.55926	0.02175	0.04494	0.03190	0.02755	0.01740	0.02030	0.01450	0.01160	0.01015	0.00290	0.02030	0.00725	0.00580	0.01305
61	0.02786	0.02674	0.04568	0.06908	0.53424	0.02674	0.03454	0.03454	0.02563	0.03677	0.02117	0.02786	0.01783	0.01003	0.01114	0.00334	0.01337	0.01003	0.00557	0.01783
62	0.01438	0.01167	0.01290	0.01323	0.01671	0.01019	0.01035	0.01788	0.02636	0.03252	0.14943	0.10879	0.40768	0.02834	0.01367	0.00400	0.00643	0.09504	0.01064	0.00976
63	0.03009	0.61122	0.05898	0.01926	0.02889	0.04454	0.01926	0.03370	0.02287	0.02648	0.01565	0.01805	0.01444	0.00963	0.00722	0.00241	0.01204	0.00602	0.00481	0.01444
64	0.01371	0.00979	0.01306	0.01567	0.01632	0.00914	0.01045	0.01567	0.02155	0.02873	0.06203	0.59710	0.07444	0.03526	0.01437	0.00457	0.00653	0.03200	0.01045	0.00914
65	0.01593	0.01150	0.01504	0.01416	0.01681	0.01062	0.01062	0.02124	0.03186	0.04513	0.52830	0.08407	0.10620	0.02301	0.01327	0.00354	0.00531	0.02035	0.01239	0.01062
66	0.02334	0.02001	0.02334	0.01667	0.02667	0.01500	0.01334	0.02834	0.02334	0.03668	0.02001	0.02334	0.01667	0.00834	0.00834	0.00167	0.00834	0.00667	0.00667	0.67325
67	0.02430	0.02312	0.03927	0.34258	0.28850	0.02581	0.03278	0.03143	0.02395	0.03246	0.02054	0.02901	0.01631	0.01069	0.01120	0.00356	0.01425	0.01001	0.00526	0.01496
68	0.02614	0.17197	0.39325	0.02877	0.04318	0.03087	0.03490	0.08056	0.02644	0.03718	0.01991	0.02288	0.01478	0.01075	0.01002	0.00330	0.01525	0.00801	0.00541	0.01642
69	0.03170	0.03181	0.02402	0.02165	0.02640	0.26504	0.01640	0.03579	0.03191	0.09004	0.24031	0.04969	0.05542	0.01676	0.01162	0.00324	0.01270	0.01333	0.00951	0.01265
70	0.12843	0.01360	0.01592	0.01487	0.01849	0.01333	0.01131	0.02516	0.02869	0.08215	0.35714	0.12451	0.08134	0.02155	0.01220	0.00364	0.00633	0.01856	0.01141	0.01137
71	0.02550	0.04059	0.30581	0.03420	0.09530	0.02309	0.08051	0.03512	0.02514	0.08917	0.02940	0.07939	0.02492	0.01431	0.01173	0.00376	0.01450	0.04494	0.00679	0.01582
72	0.03662	0.02174	0.03591	0.07979	0.13044	0.02064	0.09695	0.04257	0.02862	0.27125	0.03628	0.04392	0.02718	0.01412	0.01205	0.00371	0.01231	0.05918	0.00995	0.01678
73	0.01955	0.00978	0.01466	0.01466	0.01466	0.00978	0.00978	0.01466	0.01466	0.01955	0.01955	0.03421	0.01955	0.03910	0.04399	0.67253	0.00978	0.00978	0.00489	0.00489
74	0.01368	0.00993	0.01292	0.01532	0.01623	0.00917	0.01029	0.01571	0.02189	0.02887	0.06632	0.55679	0.11199	0.03470	0.01428	0.00451	0.00646	0.03132	0.01045	0.00917
75	0.02716	0.03030	0.09991	0.05917	0.39165	0.02696	0.08296	0.03681	0.06404	0.03739	0.02318	0.02880	0.01867	0.01046	0.01135	0.00345	0.01397	0.01041	0.00596	0.01742
76	0.01663	0.01291	0.01977	0.07800	0.02625	0.01524	0.01591	0.02103	0.01856	0.02641	0.02906	0.04269	0.02673	0.07658	0.50108	0.01655	0.02853	0.01184	0.00592	0.01031
77	0.01580	0.01067	0.01244	0.01300	0.01314	0.01053	0.00760	0.01622	0.01748	0.02330	0.04115	0.18560	0.04809	0.48272	0.04811	0.00956	0.00997	0.01971	0.00760	0.00732
78	0.02126	0.02001	0.03376	0.57739	0.07752	0.02501	0.03126	0.02876	0.02251	0.02876	0.02001	0.03001	0.01500	0.01125	0.01125	0.00375	0.01500	0.01000	0.00500	0.01250
79	0.02300	0.05525	0.49492	0.03372	0.04979	0.02639	0.08981	0.03569	0.02406	0.03569	0.02047	0.02447	0.01456	0.01056	0.01097	0.00359	0.01688	0.00885	0.00485	0.01648
80	0.02257	0.05822	0.54613	0.03208	0.04871	0.02614	0.04158	0.03564	0.02376	0.03564	0.02020	0.02376	0.01426	0.01069	0.01069	0.00356	0.01663	0.00832	0.00475	0.01663
81	0.01363	0.01013	0.01271	0.01477	0.01609	0.00922	0.01005	0.01577	0.02241	0.02908	0.07297	0.49424	0.17024	0.03384	0.01414	0.00441	0.00636	0.03026	0.01045	0.00922
82	0.02334	0.02001	0.02334	0.01667	0.02667	0.01500	0.01334	0.02834	0.02334	0.03668	0.02001	0.02334	0.01667	0.00834	0.00834	0.00167	0.00834	0.00667	0.00667	0.67325
83	0.03335	0.02065	0.02316	0.01982	0.02620	0.02202	0.01570	0.08754	0.25251	0.17147	0.04200	0.03983	0.03032	0.01434	0.01065	0.00345	0.00859	0.01169	0.15000	0.01672
84	0.01539	0.01148	0.01430	0.01359	0.01648	0.01039	0.01020	0.02020	0.03059	0.04211	0.44335	0.08905	0.19303	0.02414	0.01328	0.00359	0.00539	0.02105	0.01199	0.01039
85	0.04389	0.01842	0.02463	0.01904	0.02723	0.01574	0.01556	0.04841	0.03123	0.43473	0.09376	0.04163	0.03508	0.01431	0.01121	0.00329	0.00899	0.01179	0.01299	0.08806
86	0.01637	0.01091	0.01228	0.01228	0.01228	0.01091	0.00682	0.01637	0.01637	0.02182	0.03546	0.07365	0.04092	0.60445	0.05729	0.01091	0.01091	0.01637	0.00682	0.00682
87	0.02773	0.02710	0.04772	0.06696	0.48750	0.02691	0.07964	0.03469	0.02572	0.03670	0.02133	0.02810	0.01775	0.00998	0.01135	0.00339	0.01392	0.01035	0.00558	0.01757
88	0.09014	0.01545	0.01535	0.01373	0.01795	0.01641	0.01077	0.11300	0.02853	0.04810	0.03287	0.03690	0.02543	0.01292	0.00840	0.00285	0.00689	0.00999	0.48207	0.01224
89	0.04544	0.03156	0.03060	0.02439	0.03263	0.13593	0.01970	0.24295	0.04106	0.23363	0.03138	0.02975	0.02136	0.01327	0.01105	0.00332	0.01299	0.00997	0.01111	0.01789
90	0.02798	0.02443	0.02744	0.02744	0.07891	0.02787	0.01946	0.05732	0.46590	0.04607	0.04339	0.04060	0.03273	0.01475	0.01142	0.00377	0.00935	0.01246	0.01087	0.01782
91	0.16753	0.02838	0.04886	0.03938	0.09408	0.02861	0.27439	0.10614	0.02897	0.04453	0.02177	0.02706	0.01644	0.01036	0.01143	0.00362	0.01525	0.01097	0.00680	0.01542
92	0.13137	0.02833	0.04660	0.04365	0.17266	0.02884	0.20215	0.12995	0.03060	0.04564	0.02213	0.02716	0.01695	0.01060	0.01133	0.00354	0.01457	0.01068	0.00700	0.01623
93	0.08246	0.02784	0.05153	0.04466	0.14661	0.02707	0.27644	0.07206	0.02837	0.09428	0.02453	0.02951	0.01816	0.01045	0.01199	0.00361	0.01553	0.01161	0.00707	0.01620
94	0.21579	0.02433	0.02635	0.02076	0.02912	0.02550	0.01714	0.20906	0.03625	0.24104	0.03049	0.02891	0.02055	0.01285	0.01014	0.00344	0.01036	0.00950	0.01112	0.01730

[dist]
# distance from previous block
# <min> <max>
1	50

[block]
# block no. 4 follows, 11 sequences, length 49
# corresponding to MSA columns:
# 298-346
name=unknown_E
#
# <colnr> <probs for GDERKNQSTAVLIFYWHMCP>
#	G	D	E	R	K	N	Q	S	T	A	V	L	I	F	Y	W	H	M	C	P
0	0.68395	0.02177	0.01654	0.01480	0.02177	0.02525	0.01219	0.03309	0.01915	0.05050	0.01567	0.01828	0.01219	0.01045	0.00697	0.00348	0.00871	0.00609	0.00697	0.01219
1	0.13169	0.01949	0.02489	0.01936	0.02784	0.01766	0.01598	0.05206	0.03054	0.47903	0.04072	0.03574	0.02585	0.01348	0.01076	0.00348	0.00947	0.01065	0.01304	0.01826
2	0.02997	0.33427	0.23189	0.02402	0.03608	0.03426	0.02703	0.03712	0.02439	0.09589	0.02099	0.02273	0.01610	0.01057	0.00901	0.00297	0.01339	0.00753	0.00596	0.01584
3	0.03141	0.02387	0.02601	0.02238	0.02907	0.02663	0.01767	0.13206	0.34804	0.09369	0.08643	0.04290	0.03770	0.01555	0.01157	0.00369	0.00924	0.01285	0.01172	0.01751
4	0.01392	0.00996	0.01325	0.01553	0.01637	0.00928	0.01046	0.01620	0.02252	0.03028	0.10595	0.54878	0.07743	0.03411	0.01426	0.00447	0.00642	0.03090	0.01063	0.00928
5	0.01367	0.00994	0.01291	0.01528	0.01622	0.00918	0.01027	0.01572	0.02193	0.02889	0.06684	0.55191	0.11653	0.03464	0.01427	0.00450	0.00645	0.03123	0.01045	0.00918
6	0.02585	0.03533	0.15193	0.04470	0.05702	0.02805	0.41282	0.03598	0.02607	0.03598	0.02231	0.02918	0.01658	0.00970	0.01282	0.00375	0.01856	0.01240	0.00553	0.01544
7	0.01450	0.01036	0.01397	0.01657	0.01757	0.00982	0.01182	0.01704	0.02233	0.02961	0.06160	0.51329	0.07272	0.03452	0.01458	0.00468	0.00721	0.10802	0.01043	0.00936
8	0.01371	0.00979	0.01306	0.01567	0.01632	0.00914	0.01045	0.01567	0.02155	0.02873	0.06203	0.59710	0.07444	0.03526	0.01437	0.00457	0.00653	0.03200	0.01045	0.00914
9	0.02786	0.02674	0.04568	0.06908	0.53424	0.02674	0.03454	0.03454	0.02563	0.03677	0.02117	0.02786	0.01783	0.01003	0.01114	0.00334	0.01337	0.01003	0.00557	0.01783
10	0.04204	0.05364	0.03190	0.02900	0.03480	0.55926	0.02175	0.04494	0.03190	0.02755	0.01740	0.02030	0.01450	0.01160	0.01015	0.00290	0.02030	0.00725	0.00580	0.01305
11	0.01608	0.01206	0.01809	0.01809	0.02010	0.01407	0.01407	0.02010	0.01809	0.02613	0.03015	0.04422	0.02814	0.08441	0.55984	0.01809	0.03015	0.01206	0.00603	0.01005
12	0.04800	0.02070	0.02677	0.02080	0.02934	0.01915	0.01709	0.09609	0.07225	0.45931	0.04291	0.03756	0.02757	0.01400	0.01132	0.00350	0.00978	0.01132	0.01349	0.01905
13	0.02126	0.02001	0.03376	0.57739	0.07752	0.02501	0.03126	0.02876	0.02251	0.02876	0.02001	0.03001	0.01500	0.01125	0.01125	0.00375	0.01500	0.01000	0.00500	0.01250
14	0.04223	0.04808	0.03237	0.02822	0.03482	0.42728	0.02166	0.15865	0.03719	0.03847	0.01982	0.02199	0.01567	0.01208	0.01043	0.00302	0.01831	0.00797	0.00717	0.01458
15	0.03606	0.02210	0.03347	0.13862	0.19273	0.02230	0.02490	0.04425	0.07293	0.24632	0.03289	0.03391	0.02300	0.01236	0.01126	0.00352	0.01168	0.01081	0.00949	0.01739
16	0.25886	0.13216	0.03247	0.02648	0.07872	0.23841	0.01932	0.03799	0.02541	0.03616	0.01689	0.01998	0.01403	0.01072	0.00867	0.00306	0.01427	0.00692	0.00601	0.01346
17	0.01474	0.01142	0.01368	0.01507	0.01773	0.01036	0.01168	0.01800	0.02467	0.03088	0.08562	0.23953	0.28423	0.03096	0.01419	0.00438	0.00720	0.14559	0.01043	0.00965
18	0.02786	0.02674	0.04568	0.06908	0.53424	0.02674	0.03454	0.03454	0.02563	0.03677	0.02117	0.02786	0.01783	0.01003	0.01114	0.00334	0.01337	0.01003	0.00557	0.01783
19	0.02683	0.02346	0.02688	0.11862	0.03760	0.02748	0.02014	0.05445	0.42908	0.04392	0.04136	0.03992	0.03102	0.01458	0.01142	0.00381	0.00996	0.01226	0.01034	0.01690
20	0.04608	0.02340	0.02840	0.02209	0.03067	0.02321	0.01814	0.19055	0.08249	0.35268	0.03921	0.03519	0.02578	0.01392	0.01131	0.00348	0.01038	0.01108	0.01289	0.01903
21	0.01337	0.01113	0.01169	0.01213	0.01540	0.00944	0.00888	0.01607	0.02495	0.03012	0.10511	0.19212	0.45162	0.02966	0.01348	0.00393	0.00584	0.02517	0.01045	0.00944
22	0.02800	0.02418	0.02545	0.02291	0.02927	0.02800	0.01782	0.05981	0.51390	0.04708	0.04581	0.04199	0.03436	0.01527	0.01145	0.00382	0.00891	0.01273	0.01145	0.01782
23	0.01593	0.01150	0.01504	0.01416	0.01681	0.01062	0.01062	0.02124	0.03186	0.04513	0.52830	0.08407	0.10620	0.02301	0.01327	0.00354	0.00531	0.02035	0.01239	0.01062
24	0.68395	0.02177	0.01654	0.01480	0.02177	0.02525	0.01219	0.03309	0.01915	0.05050	0.01567	0.01828	0.01219	0.01045	0.00697	0.00348	0.00871	0.00609	0.00697	0.01219
25	0.01440	0.01144	0.01292	0.01255	0.01587	0.00997	0.00941	0.01827	0.02824	0.03655	0.28678	0.09821	0.35308	0.02621	0.01329	0.00369	0.00554	0.02234	0.01126	0.00997
26	0.01593	0.01150	0.01504	0.01416	0.01681	0.01062	0.01062	0.02124	0.03186	0.04513	0.52830	0.08407	0.10620	0.02301	0.01327	0.00354	0.00531	0.02035	0.01239	0.01062
27	0.68395	0.02177	0.01654	0.01480	0.02177	0.02525	0.01219	0.03309	0.01915	0.05050	0.01567	0.01828	0.01219	0.01045	0.00697	0.00348	0.00871	0.00609	0.00697	0.01219
28	0.01502	0.01034	0.01267	0.01400	0.01433	0.01001	0.00866	0.01601	0.01900	0.02533	0.04897	0.33969	0.05796	0.31517	0.03547	0.00769	0.00868	0.02431	0.00866	0.00800
29	0.02334	0.02001	0.02334	0.01667	0.02667	0.01500	0.01334	0.02834	0.02334	0.03668	0.02001	0.02334	0.01667	0.00834	0.00834	0.00167	0.00834	0.00667	0.00667	0.67325
30	0.04204	0.05364	0.03190	0.02900	0.03480	0.55926	0.02175	0.04494	0.03190	0.02755	0.01740	0.02030	0.01450	0.01160	0.01015	0.00290	0.02030	0.00725	0.00580	0.01305
31	0.01593	0.01150	0.01504	0.01416	0.01681	0.01062	0.01062	0.02124	0.03186	0.04513	0.52830	0.08407	0.10620	0.02301	0.01327	0.00354	0.00531	0.02035	0.01239	0.01062
32	0.68395	0.02177	0.01654	0.01480	0.02177	0.02525	0.01219	0.03309	0.01915	0.05050	0.01567	0.01828	0.01219	0.01045	0.00697	0.00348	0.00871	0.00609	0.00697	0.01219
33	0.02786	0.02674	0.04568	0.06908	0.53424	0.02674	0.03454	0.03454	0.02563	0.03677	0.02117	0.02786	0.01783	0.01003	0.01114	0.00334	0.01337	0.01003	0.00557	0.01783
34	0.04279	0.03153	0.03378	0.02590	0.03490	0.03490	0.02139	0.49671	0.05292	0.07093	0.02702	0.02702	0.01914	0.01351	0.01126	0.00338	0.01239	0.01013	0.01126	0.01914
35	0.04279	0.03153	0.03378	0.02590	0.03490	0.03490	0.02139	0.49671	0.05292	0.07093	0.02702	0.02702	0.01914	0.01351	0.01126	0.00338	0.01239	0.01013	0.01126	0.01914
36	0.01420	0.01042	0.01333	0.01475	0.01630	0.00955	0.01025	0.01710	0.02461	0.03297	0.18313	0.40854	0.14058	0.03139	0.01396	0.00422	0.00612	0.02808	0.01093	0.00955
37	0.01330	0.01140	0.01140	0.01140	0.01520	0.00950	0.00855	0.01615	0.02565	0.03041	0.11402	0.10832	0.52967	0.02850	0.01330	0.00380	0.00570	0.02375	0.01045	0.00950
38	0.04204	0.05364	0.03190	0.02900	0.03480	0.55926	0.02175	0.04494	0.03190	0.02755	0.01740	0.02030	0.01450	0.01160	0.01015	0.00290	0.02030	0.00725	0.00580	0.01305
39	0.04454	0.02872	0.03204	0.02456	0.03350	0.03074	0.02029	0.39640	0.04822	0.17788	0.03097	0.02958	0.02112	0.01361	0.01127	0.00340	0.01175	0.01040	0.01187	0.01914
40	0.01371	0.00979	0.01306	0.01567	0.01632	0.00914	0.01045	0.01567	0.02155	0.02873	0.06203	0.59710	0.07444	0.03526	0.01437	0.00457	0.00653	0.03200	0.01045	0.00914
41	0.02787	0.02641	0.04309	0.06317	0.46951	0.02690	0.03240	0.03778	0.08821	0.03809	0.02433	0.02967	0.01995	0.01070	0.01118	0.00340	0.01280	0.01037	0.00633	0.01783
42	0.02126	0.02001	0.03376	0.57739	0.07752	0.02501	0.03126	0.02876	0.02251	0.02876	0.02001	0.03001	0.01500	0.01125	0.01125	0.00375	0.01500	0.01000	0.00500	0.01250
43	0.03980	0.03079	0.03086	0.02494	0.03295	0.08337	0.02011	0.30500	0.16158	0.10379	0.03225	0.03105	0.02320	0.01379	0.01120	0.00345	0.01206	0.01059	0.01101	0.01822
44	0.02401	0.02148	0.03376	0.50671	0.07206	0.02627	0.02999	0.08873	0.02640	0.03416	0.02090	0.02962	0.01553	0.01154	0.01125	0.00370	0.01467	0.01002	0.00580	0.01335
45	0.02229	0.01742	0.02035	0.01834	0.02270	0.01864	0.01419	0.07996	0.18046	0.04664	0.28782	0.06209	0.06883	0.02501	0.05979	0.00487	0.00926	0.01629	0.01144	0.01362
46	0.04951	0.02074	0.02710	0.02078	0.02952	0.01890	0.01716	0.11148	0.03487	0.48165	0.04218	0.03686	0.02674	0.01388	0.01131	0.00347	0.00994	0.01117	0.01359	0.01915
47	0.03833	0.02485	0.04660	0.03396	0.04403	0.02260	0.25888	0.04530	0.02934	0.28488	0.03341	0.03427	0.02238	0.01167	0.01232	0.00364	0.01435	0.01232	0.00974	0.01713
48	0.03217	0.01649	0.02125	0.01762	0.02329	0.01535	0.01401	0.08144	0.03408	0.24293	0.28862	0.06045	0.06681	0.01850	0.01231	0.00350	0.00769	0.01579	0.01288	0.01482

[dist]
# distance from previous block
# <min> <max>
0	1

[block]
# block no. 5 follows, 11 sequences, length 33
# corresponding to MSA columns:
# 348-380
name=unknown_F
#
# <colnr> <probs for GDERKNQSTAVLIFYWHMCP>
#	G	D	E	R	K	N	Q	S	T	A	V	L	I	F	Y	W	H	M	C	P
0	0.68395	0.02177	0.01654	0.01480	0.02177	0.02525	0.01219	0.03309	0.01915	0.05050	0.01567	0.01828	0.01219	0.01045	0.00697	0.00348	0.00871	0.00609	0.00697	0.01219
1	0.04204	0.05364	0.03190	0.02900	0.03480	0.55926	0.02175	0.04494	0.03190	0.02755	0.01740	0.02030	0.01450	0.01160	0.01015	0.00290	0.02030	0.00725	0.00580	0.01305
2	0.02800	0.02418	0.02545	0.02291	0.02927	0.02800	0.01782	0.05981	0.51390	0.04708	0.04581	0.04199	0.03436	0.01527	0.01145	0.00382	0.00891	0.01273	0.01145	0.01782
3	0.02334	0.02001	0.02334	0.01667	0.02667	0.01500	0.01334	0.02834	0.02334	0.03668	0.02001	0.02334	0.01667	0.00834	0.00834	0.00167	0.00834	0.00667	0.00667	0.67325
4	0.68395	0.02177	0.01654	0.01480	0.02177	0.02525	0.01219	0.03309	0.01915	0.05050	0.01567	0.01828	0.01219	0.01045	0.00697	0.00348	0.00871	0.00609	0.00697	0.01219
