[name]
unknown

[dist]
# distance from previous block
# <min> <max>
0	31

[block]
# block no. 0 follows, 13 sequences, length 6
# corresponding to MSA columns:
# 31-36
name=unknown_A
#
# <colnr> <probs for GDERKNQSTAVLIFYWHMCP>
#	G	D	E	R	K	N	Q	S	T	A	V	L	I	F	Y	W	H	M	C	P
0	0.01811	0.01489	0.02016	0.01977	0.02174	0.01770	0.01580	0.02486	0.08555	0.02887	0.03670	0.13185	0.03716	0.04381	0.22319	0.00893	0.12985	0.10291	0.00744	0.01071
1	0.02191	0.02641	0.13558	0.04313	0.28872	0.02102	0.02801	0.02867	0.02246	0.03208	0.02624	0.04108	0.02397	0.02526	0.11816	0.00600	0.01569	0.07562	0.00579	0.01421
2	0.17478	0.01847	0.02279	0.01786	0.02572	0.01713	0.01475	0.04756	0.02788	0.46834	0.03647	0.03233	0.02331	0.01245	0.00984	0.00327	0.00884	0.00968	0.01182	0.01672
3	0.02424	0.02512	0.09791	0.16036	0.04137	0.02341	0.06101	0.12778	0.12194	0.03913	0.03204	0.13940	0.02860	0.01567	0.01123	0.00359	0.01158	0.01377	0.00791	0.01395
4	0.02288	0.25595	0.03472	0.01839	0.02430	0.02685	0.01624	0.02676	0.02254	0.03060	0.12168	0.03842	0.03399	0.01426	0.01314	0.00291	0.10544	0.04561	0.00661	0.13873
5	0.02316	0.02502	0.09356	0.04282	0.29361	0.02222	0.02580	0.03408	0.12840	0.03498	0.03162	0.13922	0.02941	0.01490	0.01104	0.00347	0.01086	0.01359	0.00712	0.01510

[dist]
# distance from previous block
# <min> <max>
0	7

[block]
# block no. 1 follows, 13 sequences, length 15
# corresponding to MSA columns:
# 44-58
name=unknown_B
#
# <colnr> <probs for GDERKNQSTAVLIFYWHMCP>
#	G	D	E	R	K	N	Q	S	T	A	V	L	I	F	Y	W	H	M	C	P
0	0.02129	0.02732	0.17176	0.17683	0.04561	0.02041	0.10475	0.02865	0.02208	0.06507	0.02778	0.11918	0.02483	0.02098	0.07153	0.00500	0.01502	0.01291	0.00617	0.01283
1	0.02775	0.02344	0.02473	0.02181	0.02805	0.02698	0.01709	0.10554	0.49164	0.04658	0.04118	0.03797	0.03078	0.01417	0.01074	0.00354	0.00871	0.01170	0.01074	0.01687
2	0.48495	0.02362	0.02583	0.07187	0.03175	0.06079	0.10039	0.03192	0.02023	0.04194	0.01631	0.02019	0.01260	0.00980	0.00810	0.00331	0.01104	0.00726	0.00611	0.01200
3	0.02361	0.03561	0.23022	0.09537	0.21804	0.02517	0.15324	0.03267	0.02342	0.03335	0.01984	0.02558	0.01518	0.00962	0.01082	0.00335	0.01503	0.00960	0.00495	0.01532
4	0.01689	0.01668	0.06421	0.05454	0.02335	0.01430	0.01456	0.02147	0.02422	0.03413	0.26013	0.09442	0.09922	0.08308	0.01808	0.00410	0.06061	0.01603	0.00868	0.07130
5	0.01496	0.01081	0.01413	0.01330	0.01580	0.00998	0.00998	0.01995	0.02993	0.04240	0.55689	0.07898	0.09976	0.02162	0.01247	0.00333	0.00499	0.01912	0.01164	0.00998
6	0.04744	0.01799	0.02454	0.01881	0.02699	0.01554	0.01554	0.05153	0.03026	0.56979	0.04171	0.03599	0.02617	0.01309	0.01063	0.00327	0.00900	0.01063	0.01309	0.01799
7	0.01284	0.01033	0.01145	0.01201	0.01470	0.00894	0.00869	0.01553	0.02367	0.02951	0.13853	0.23459	0.38633	0.02792	0.01275	0.00373	0.00552	0.02401	0.01000	0.00894
8	0.02617	0.02512	0.04292	0.06490	0.56246	0.02512	0.03245	0.03245	0.02407	0.03454	0.01989	0.02617	0.01675	0.00942	0.01047	0.00314	0.01256	0.00942	0.00523	0.01675
9	0.02488	0.03281	0.18084	0.05586	0.42819	0.02497	0.03417	0.03272	0.02362	0.03427	0.01965	0.02517	0.01588	0.00958	0.01036	0.00319	0.01336	0.00900	0.00503	0.01646
10	0.01250	0.01071	0.01071	0.01071	0.01428	0.00893	0.00803	0.01517	0.02410	0.02856	0.10711	0.10175	0.55817	0.02678	0.01250	0.00357	0.00536	0.02231	0.00982	0.00893
11	0.01960	0.01804	0.03007	0.33989	0.05135	0.02112	0.08016	0.02466	0.01970	0.02599	0.02248	0.03849	0.02063	0.17156	0.02391	0.00536	0.05985	0.01130	0.00521	0.01064
12	0.01799	0.01207	0.01551	0.01485	0.01815	0.01052	0.01082	0.02139	0.02405	0.07913	0.18676	0.31808	0.06491	0.02385	0.01198	0.00347	0.00636	0.02125	0.00998	0.12887
13	0.46024	0.17915	0.02576	0.01493	0.02173	0.02708	0.01303	0.03014	0.02007	0.04108	0.06789	0.02318	0.02066	0.01077	0.00719	0.00301	0.00868	0.00702	0.00652	0.01186
14	0.02674	0.15332	0.22737	0.03871	0.20754	0.10790	0.03034	0.03405	0.02382	0.03113	0.01809	0.02210	0.01454	0.00978	0.00950	0.00299	0.01431	0.00779	0.00486	0.01512

[dist]
# distance from previous block
# <min> <max>
0	5

[block]
# block no. 2 follows, 13 sequences, length 20
# corresponding to MSA columns:
# 64-83
name=unknown_C
#
# <colnr> <probs for GDERKNQSTAVLIFYWHMCP>
#	G	D	E	R	K	N	Q	S	T	A	V	L	I	F	Y	W	H	M	C	P
0	0.18575	0.01756	0.02309	0.02645	0.13555	0.01797	0.01685	0.03136	0.02227	0.15641	0.03126	0.12554	0.02788	0.02566	0.10458	0.00566	0.01226	0.01250	0.00814	0.01326
1	0.16887	0.02356	0.03611	0.10260	0.40363	0.02468	0.02773	0.03167	0.02252	0.03659	0.01870	0.02445	0.01539	0.00961	0.00965	0.00320	0.01177	0.00864	0.00546	0.01518
2	0.02237	0.04776	0.44920	0.03829	0.16691	0.02469	0.03751	0.03324	0.02273	0.03373	0.01919	0.02322	0.01418	0.00990	0.01014	0.00330	0.01491	0.00819	0.00464	0.01589
3	0.70310	0.02045	0.01554	0.01390	0.02045	0.02372	0.01145	0.03108	0.01799	0.04744	0.01472	0.01718	0.01145	0.00981	0.00654	0.00327	0.00818	0.00573	0.00654	0.01145
4	0.01369	0.01040	0.01261	0.01281	0.01521	0.00932	0.00932	0.01721	0.02581	0.03439	0.29716	0.21342	0.23832	0.02595	0.01272	0.00363	0.00537	0.02270	0.01063	0.00932
5	0.03686	0.18742	0.03593	0.02509	0.03139	0.45839	0.01988	0.03974	0.02797	0.02564	0.01596	0.01857	0.01361	0.01046	0.00889	0.00262	0.01725	0.00654	0.00523	0.01256
6	0.01691	0.01256	0.01515	0.01362	0.01675	0.01121	0.00970	0.01987	0.02193	0.03115	0.18822	0.06474	0.05310	0.25704	0.02776	0.00574	0.00807	0.04957	0.00818	0.16872
7	0.02630	0.02271	0.02391	0.02152	0.02749	0.02630	0.01674	0.05618	0.54336	0.04423	0.04303	0.03945	0.03228	0.01434	0.01076	0.00359	0.00837	0.01195	0.01076	0.01674
8	0.04744	0.01799	0.02454	0.01881	0.02699	0.01554	0.01554	0.05153	0.03026	0.56979	0.04171	0.03599	0.02617	0.01309	0.01063	0.00327	0.00900	0.01063	0.01309	0.01799
9	0.01273	0.00979	0.01166	0.01315	0.01492	0.00872	0.00912	0.01490	0.02176	0.02761	0.07744	0.41757	0.26151	0.03063	0.01310	0.00401	0.00583	0.02702	0.00982	0.00872
10	0.01997	0.01879	0.03171	0.60301	0.07282	0.02349	0.02936	0.02701	0.02114	0.02701	0.01879	0.02819	0.01409	0.01057	0.01057	0.00352	0.01409	0.00940	0.00470	0.01175
11	0.02121	0.05469	0.57364	0.03014	0.04576	0.02455	0.03906	0.03348	0.02232	0.03348	0.01897	0.02232	0.01339	0.01005	0.01005	0.00335	0.01563	0.00781	0.00446	0.01563
12	0.01302	0.01073	0.01144	0.01126	0.01460	0.00915	0.00844	0.01619	0.02533	0.03149	0.20229	0.09693	0.46116	0.02568	0.01249	0.00352	0.00528	0.02164	0.01020	0.00915
13	0.02617	0.02512	0.04292	0.06490	0.56246	0.02512	0.03245	0.03245	0.02407	0.03454	0.01989	0.02617	0.01675	0.00942	0.01047	0.00314	0.01256	0.00942	0.00523	0.01675
14	0.01285	0.00933	0.01213	0.01437	0.01524	0.00862	0.00966	0.01476	0.02058	0.02713	0.06255	0.57602	0.11267	0.03257	0.01341	0.00423	0.00607	0.02938	0.00982	0.00862
15	0.01288	0.00920	0.01227	0.01472	0.01534	0.00859	0.00981	0.01472	0.02024	0.02699	0.05828	0.62152	0.06993	0.03312	0.01350	0.00429	0.00613	0.03006	0.00981	0.00859
16	0.02112	0.02045	0.03662	0.42065	0.11033	0.02333	0.10910	0.02824	0.02226	0.02915	0.02206	0.03479	0.01811	0.01158	0.01117	0.00360	0.01424	0.04552	0.00522	0.01246
17	0.02121	0.05469	0.57364	0.03014	0.04576	0.02455	0.03906	0.03348	0.02232	0.03348	0.01897	0.02232	0.01339	0.01005	0.01005	0.00335	0.01563	0.00781	0.00446	0.01563
18	0.01282	0.00945	0.01202	0.01407	0.01516	0.00864	0.00953	0.01480	0.02087	0.02725	0.06621	0.53708	0.14925	0.03209	0.01333	0.00418	0.00601	0.02880	0.00982	0.00864
19	0.02206	0.02685	0.12038	0.29677	0.14354	0.02544	0.07194	0.02929	0.02145	0.02965	0.01854	0.02626	0.01457	0.01126	0.01398	0.00359	0.09687	0.00939	0.00480	0.01338

[dist]
# distance from previous block
# <min> <max>
0	1

[block]
# block no. 3 follows, 13 sequences, length 24
# corresponding to MSA columns:
# 85-108
name=unknown_D
#
# <colnr> <probs for GDERKNQSTAVLIFYWHMCP>
#	G	D	E	R	K	N	Q	S	T	A	V	L	I	F	Y	W	H	M	C	P
0	0.02708	0.02326	0.02964	0.02483	0.02727	0.02991	0.02056	0.15292	0.02540	0.03752	0.01917	0.02557	0.01644	0.01632	0.02544	0.00401	0.38797	0.00939	0.08433	0.01300
1	0.02178	0.02586	0.13051	0.01851	0.02913	0.01615	0.01775	0.02797	0.02200	0.03426	0.01883	0.02200	0.01521	0.00827	0.00827	0.00192	0.00936	0.00657	0.00591	0.55973
2	0.02626	0.02862	0.02902	0.02573	0.02757	0.18238	0.02065	0.02894	0.02015	0.02541	0.01709	0.02523	0.01600	0.02703	0.12425	0.00626	0.34405	0.00894	0.00504	0.01139
3	0.01353	0.01049	0.01232	0.01241	0.01506	0.00928	0.00910	0.01698	0.02574	0.03374	0.27595	0.18040	0.29541	0.02582	0.01265	0.00360	0.00534	0.02236	0.01053	0.00928
4	0.01382	0.01076	0.01254	0.01210	0.01509	0.00949	0.00907	0.01773	0.02722	0.03598	0.34809	0.08955	0.31257	0.02401	0.01248	0.00344	0.00516	0.02060	0.01079	0.00949
5	0.06973	0.03001	0.13309	0.26076	0.05160	0.08719	0.06917	0.03233	0.02313	0.06481	0.01994	0.02535	0.01479	0.01026	0.01004	0.00322	0.01407	0.00866	0.00557	0.06627
6	0.01288	0.00920	0.01227	0.01472	0.01534	0.00859	0.00981	0.01472	0.02024	0.02699	0.05828	0.62152	0.06993	0.03312	0.01350	0.00429	0.00613	0.03006	0.00981	0.00859
7	0.01449	0.01329	0.05448	0.01575	0.01822	0.01049	0.01256	0.01835	0.02388	0.03287	0.21868	0.36192	0.07487	0.02736	0.01299	0.00395	0.00673	0.05947	0.01001	0.00965
8	0.02708	0.53700	0.14275	0.02012	0.03028	0.03892	0.02163	0.03197	0.02162	0.02633	0.01542	0.01786	0.01354	0.00921	0.00733	0.00244	0.01204	0.00602	0.00451	0.01392
9	0.02598	0.01310	0.01726	0.01487	0.01923	0.01180	0.01163	0.03067	0.02949	0.21569	0.35077	0.06206	0.07046	0.01816	0.01151	0.00325	0.00630	0.01568	0.05948	0.01261
10	0.01551	0.01009	0.01328	0.01370	0.01420	0.01039	0.00901	0.01569	0.01622	0.02203	0.03341	0.14882	0.03709	0.28992	0.15869	0.14953	0.01321	0.01572	0.00645	0.00706
11	0.02696	0.01999	0.02323	0.01739	0.02617	0.01713	0.01397	0.07209	0.08485	0.10324	0.02487	0.02591	0.01902	0.00960	0.00872	0.00213	0.00833	0.00770	0.00795	0.48074
12	0.02371	0.02207	0.03418	0.03729	0.18461	0.02518	0.06771	0.07080	0.02305	0.03282	0.02594	0.14071	0.02614	0.01731	0.01937	0.00390	0.21183	0.01365	0.00640	0.01332
13	0.02562	0.02456	0.04192	0.11277	0.51890	0.02498	0.03217	0.03197	0.02381	0.03387	0.01979	0.02635	0.01651	0.00952	0.01048	0.00317	0.01270	0.00942	0.00519	0.01630
14	0.02276	0.02165	0.03676	0.36049	0.29350	0.02423	0.03075	0.02946	0.02246	0.03041	0.01929	0.02728	0.01529	0.01005	0.01052	0.00335	0.01340	0.00941	0.00494	0.01400
15	0.21053	0.03823	0.02663	0.02318	0.02956	0.32258	0.01805	0.14334	0.03111	0.04017	0.01786	0.01993	0.01400	0.01100	0.00899	0.00296	0.01467	0.00711	0.00683	0.01328
16	0.01322	0.00999	0.01221	0.01324	0.01513	0.00898	0.00933	0.01598	0.02345	0.03075	0.17948	0.35302	0.21927	0.02880	0.01298	0.00387	0.00566	0.02545	0.01021	0.00898
17	0.03131	0.02783	0.02397	0.02119	0.02574	0.20975	0.01633	0.07611	0.02951	0.12453	0.14189	0.10464	0.04105	0.01686	0.01285	0.00331	0.05827	0.01318	0.00894	0.01275
18	0.01288	0.00920	0.01227	0.01472	0.01534	0.00859	0.00981	0.01472	0.02024	0.02699	0.05828	0.62152	0.06993	0.03312	0.01350	0.00429	0.00613	0.03006	0.00981	0.00859
19	0.01496	0.01081	0.01413	0.01330	0.01580	0.00998	0.00998	0.01995	0.02993	0.04240	0.55689	0.07898	0.09976	0.02162	0.01247	0.00333	0.00499	0.01912	0.01164	0.00998
20	0.01510	0.01044	0.01309	0.01402	0.01473	0.01047	0.00951	0.01664	0.01807	0.02412	0.04206	0.19368	0.04794	0.35274	0.08420	0.00864	0.01083	0.09839	0.00763	0.00770
21	0.02202	0.12115	0.51426	0.02876	0.04363	0.02653	0.03666	0.03328	0.02223	0.03250	0.01848	0.02171	0.01341	0.00993	0.00967	0.00322	0.01513	0.00757	0.00447	0.01539
22	0.01565	0.01083	0.01423	0.01437	0.01555	0.01169	0.01020	0.01801	0.01711	0.02432	0.03243	0.05736	0.03345	0.29944	0.29181	0.01247	0.01811	0.04073	0.05400	0.00823
23	0.02017	0.01140	0.01421	0.01499	0.01773	0.01116	0.01227	0.02474	0.02354	0.07648	0.04607	0.12240	0.04480	0.02122	0.01118	0.00369	0.00736	0.21286	0.29340	0.01033

[dist]
# distance from previous block
# <min> <max>
0	1

[block]
# block no. 4 follows, 13 sequences, length 21
# corresponding to MSA columns:
# 110-130
name=unknown_E
#
# <colnr> <probs for GDERKNQSTAVLIFYWHMCP>
#	G	D	E	R	K	N	Q	S	T	A	V	L	I	F	Y	W	H	M	C	P
0	0.17749	0.10212	0.24007	0.02335	0.03211	0.02672	0.02510	0.03013	0.02062	0.03481	0.05732	0.02500	0.01961	0.01241	0.01389	0.00346	0.12881	0.00823	0.00552	0.01322
1	0.24039	0.02617	0.02606	0.02089	0.02853	0.02941	0.01715	0.33125	0.08738	0.05865	0.02383	0.02424	0.01737	0.01198	0.00937	0.00324	0.01027	0.00860	0.00937	0.01588
2	0.02827	0.63478	0.05540	0.01809	0.02714	0.04184	0.01809	0.03166	0.02148	0.02488	0.01470	0.01696	0.01357	0.00905	0.00678	0.00226	0.01131	0.00565	0.00452	0.01357
3	0.01288	0.00920	0.01227	0.01472	0.01534	0.00859	0.00981	0.01472	0.02024	0.02699	0.05828	0.62152	0.06993	0.03312	0.01350	0.00429	0.00613	0.03006	0.00981	0.00859
4	0.02121	0.05469	0.57364	0.03014	0.04576	0.02455	0.03906	0.03348	0.02232	0.03348	0.01897	0.02232	0.01339	0.01005	0.01005	0.00335	0.01563	0.00781	0.00446	0.01563
5	0.03136	0.01656	0.02298	0.07521	0.02869	0.01727	0.01736	0.03575	0.02516	0.25928	0.03805	0.05282	0.03130	0.01720	0.01455	0.00376	0.09354	0.11991	0.08556	0.01370
6	0.01418	0.01061	0.01316	0.01288	0.01541	0.00959	0.00952	0.01830	0.02755	0.03759	0.40091	0.14461	0.19868	0.02405	0.01259	0.00349	0.00520	0.02105	0.01103	0.00959
7	0.01271	0.01072	0.01100	0.01093	0.01441	0.00902	0.00820	0.01558	0.02460	0.02974	0.14536	0.09982	0.51918	0.02634	0.01249	0.00355	0.00532	0.02204	0.00997	0.00902
8	0.02354	0.02244	0.03816	0.29314	0.35478	0.02443	0.03114	0.03014	0.02283	0.03135	0.01942	0.02703	0.01562	0.00991	0.01051	0.00330	0.01321	0.00941	0.00501	0.01463
9	0.02827	0.63478	0.05540	0.01809	0.02714	0.04184	0.01809	0.03166	0.02148	0.02488	0.01470	0.01696	0.01357	0.00905	0.00678	0.00226	0.01131	0.00565	0.00452	0.01357
10	0.06646	0.02279	0.03632	0.24108	0.24606	0.02445	0.06064	0.06992	0.02465	0.03524	0.01966	0.02613	0.01548	0.00997	0.01023	0.00321	0.01278	0.00918	0.00563	0.06011
11	0.03644	0.02430	0.02532	0.02084	0.02675	0.09392	0.01640	0.14855	0.07641	0.22232	0.03181	0.03597	0.02433	0.10688	0.01868	0.00436	0.05138	0.01064	0.00976	0.01495
12	0.01933	0.01413	0.01791	0.09789	0.02633	0.01454	0.01387	0.02740	0.11278	0.07950	0.10735	0.21872	0.16369	0.02245	0.01204	0.00372	0.00760	0.01956	0.00972	0.01146
13	0.01735	0.06294	0.01896	0.01444	0.01921	0.01333	0.01114	0.02112	0.02391	0.03342	0.18380	0.18766	0.11171	0.01977	0.01087	0.00297	0.00666	0.01712	0.00882	0.21481
14	0.01284	0.00937	0.01209	0.01427	0.01522	0.00863	0.00962	0.01477	0.02067	0.02717	0.06373	0.56351	0.12442	0.03242	0.01338	0.00421	0.00605	0.02919	0.00982	0.00863
15	0.18365	0.02765	0.07414	0.02157	0.02997	0.02724	0.01896	0.26863	0.08515	0.12201	0.02627	0.02602	0.01857	0.01204	0.00967	0.00326	0.01057	0.00891	0.00949	0.01622
16	0.10183	0.01843	0.02310	0.06946	0.02945	0.01813	0.01594	0.04520	0.10591	0.34852	0.04257	0.03931	0.06736	0.01384	0.01040	0.00337	0.00898	0.01119	0.01110	0.01590
17	0.23209	0.01970	0.02209	0.01733	0.02525	0.01899	0.01425	0.07791	0.02693	0.29949	0.02920	0.02762	0.01971	0.01131	0.00902	0.00300	0.00878	0.00847	0.00997	0.11888
18	0.02615	0.46070	0.21092	0.02171	0.03273	0.03665	0.02439	0.03221	0.02174	0.02746	0.01598	0.01857	0.01352	0.00935	0.00776	0.00259	0.01260	0.00630	0.00451	0.01419
19	0.01429	0.01078	0.01320	0.01260	0.01538	0.00969	0.00945	0.01865	0.02834	0.03863	0.43445	0.08518	0.22455	0.02302	0.01248	0.00339	0.00509	0.01999	0.01114	0.00969
20	0.02618	0.02493	0.04142	0.06149	0.52040	0.02521	0.03121	0.03432	0.06491	0.03530	0.02171	0.02721	0.01797	0.00981	0.01049	0.00318	0.01223	0.00962	0.00567	0.01675

[dist]
# distance from previous block
# <min> <max>
0	4

[block]
# block no. 5 follows, 13 sequences, length 15
# corresponding to MSA columns:
# 135-149
name=unknown_F
#
# <colnr> <probs for GDERKNQSTAVLIFYWHMCP>
#	G	D	E	R	K	N	Q	S	T	A	V	L	I	F	Y	W	H	M	C	P
0	0.04185	0.02695	0.03008	0.02306	0.03146	0.02884	0.01905	0.41827	0.04526	0.18186	0.02912	0.02781	0.01986	0.01278	0.01059	0.00320	0.01103	0.00977	0.01115	0.01798
1	0.01493	0.01105	0.01611	0.01633	0.01795	0.01256	0.01234	0.01822	0.01714	0.02442	0.03140	0.09531	0.03130	0.12132	0.49094	0.01530	0.02483	0.01333	0.00609	0.00911
2	0.01928	0.01178	0.01613	0.01728	0.01982	0.01120	0.01383	0.02303	0.02414	0.09843	0.09525	0.27588	0.06271	0.02790	0.01356	0.00435	0.00804	0.23664	0.01034	0.01040
3	0.02467	0.02352	0.04601	0.20667	0.09691	0.02386	0.26824	0.03220	0.02411	0.07039	0.02431	0.03492	0.01929	0.01112	0.01177	0.00359	0.01512	0.04362	0.00600	0.01368
4	0.01882	0.01585	0.02724	0.02512	0.02941	0.01545	0.13108	0.02460	0.02448	0.03214	0.04820	0.09885	0.05077	0.02464	0.01413	0.00457	0.01156	0.38360	0.00875	0.01075
5	0.01910	0.01526	0.01699	0.01636	0.02004	0.01584	0.01222	0.07215	0.16995	0.03688	0.10197	0.23648	0.17766	0.02363	0.01215	0.00374	0.00696	0.02045	0.01029	0.01188
6	0.01328	0.00948	0.01272	0.01518	0.01596	0.00893	0.01050	0.01541	0.02063	0.02743	0.05806	0.57353	0.06906	0.03275	0.01360	0.00435	0.00648	0.07413	0.00981	0.00870
7	0.02626	0.02987	0.17141	0.19361	0.14265	0.02331	0.06509	0.03581	0.06082	0.11175	0.02433	0.02832	0.01761	0.01075	0.01058	0.00338	0.01332	0.00959	0.00645	0.01508
8	0.27436	0.01884	0.02142	0.01711	0.02473	0.01837	0.01412	0.04445	0.02602	0.38900	0.03237	0.02948	0.02108	0.01195	0.00922	0.00327	0.00871	0.00893	0.01082	0.01573
9	0.01343	0.00978	0.01265	0.01397	0.01537	0.00900	0.00970	0.01622	0.02328	0.03141	0.20118	0.42470	0.12146	0.02936	0.01312	0.00396	0.00575	0.02633	0.01032	0.00900
10	0.03816	0.11996	0.10201	0.01975	0.02858	0.02044	0.01862	0.04331	0.02778	0.36744	0.07768	0.03476	0.02865	0.01276	0.01010	0.00313	0.00991	0.01018	0.01046	0.01630
11	0.02446	0.07674	0.02533	0.01938	0.02278	0.02282	0.01533	0.07131	0.09492	0.07590	0.02823	0.03996	0.02562	0.17157	0.11335	0.00725	0.13456	0.01121	0.00728	0.01200
12	0.01971	0.00985	0.00985	0.00985	0.01232	0.00985	0.00739	0.02464	0.02217	0.03942	0.03449	0.03942	0.02710	0.01232	0.00739	0.00246	0.00493	0.00985	0.68712	0.00985
13	0.02313	0.02313	0.03238	0.02776	0.02776	0.03238	0.02313	0.02545	0.01619	0.02545	0.01388	0.02313	0.01388	0.01851	0.03470	0.00463	0.60907	0.00925	0.00463	0.01157
14	0.03172	0.03047	0.14128	0.12539	0.08754	0.02572	0.07032	0.18654	0.03216	0.12756	0.02480	0.02726	0.01745	0.01127	0.01064	0.00331	0.01304	0.00959	0.00788	0.01605

[dist]
# distance from previous block
# <min> <max>
0	5

[block]
# block no. 6 follows, 13 sequences, length 31
# corresponding to MSA columns:
# 155-185
name=unknown_G
#
# <colnr> <probs for GDERKNQSTAVLIFYWHMCP>
#	G	D	E	R	K	N	Q	S	T	A	V	L	I	F	Y	W	H	M	C	P
0	0.01997	0.01879	0.03171	0.60301	0.07282	0.02349	0.02936	0.02701	0.02114	0.02701	0.01879	0.02819	0.01409	0.01057	0.01057	0.00352	0.01409	0.00940	0.00470	0.01175
1	0.02827	0.63478	0.05540	0.01809	0.02714	0.04184	0.01809	0.03166	0.02148	0.02488	0.01470	0.01696	0.01357	0.00905	0.00678	0.00226	0.01131	0.00565	0.00452	0.01357
2	0.01352	0.01050	0.01239	0.01312	0.01563	0.00937	0.00979	0.01663	0.02419	0.03097	0.16988	0.23193	0.29913	0.02773	0.01297	0.00385	0.00595	0.07324	0.01014	0.00911
3	0.02617	0.02512	0.04292	0.06490	0.56246	0.02512	0.03245	0.03245	0.02407	0.03454	0.01989	0.02617	0.01675	0.00942	0.01047	0.00314	0.01256	0.00942	0.00523	0.01675
4	0.02192	0.01879	0.02192	0.01566	0.02506	0.01409	0.01253	0.02662	0.02192	0.03445	0.01879	0.02192	0.01566	0.00783	0.00783	0.00157	0.00783	0.00626	0.00626	0.69305
5	0.03841	0.10679	0.03242	0.02636	0.03215	0.53346	0.02020	0.04120	0.02914	0.02578	0.01618	0.01886	0.01361	0.01072	0.00927	0.00268	0.01832	0.00670	0.00536	0.01238
6	0.03950	0.05039	0.02996	0.02724	0.03269	0.58597	0.02043	0.04222	0.02996	0.02588	0.01634	0.01907	0.01362	0.01090	0.00953	0.00272	0.01907	0.00681	0.00545	0.01226
7	0.01593	0.00977	0.01124	0.01207	0.01307	0.00956	0.00787	0.01814	0.01921	0.02880	0.04212	0.24596	0.04541	0.22873	0.02523	0.00573	0.00714	0.01855	0.22722	0.00826
8	0.01288	0.00920	0.01227	0.01472	0.01534	0.00859	0.00981	0.01472	0.02024	0.02699	0.05828	0.62152	0.06993	0.03312	0.01350	0.00429	0.00613	0.03006	0.00981	0.00859
9	0.01308	0.01059	0.01162	0.01167	0.01472	0.00913	0.00864	0.01619	0.02502	0.03149	0.20240	0.14685	0.40912	0.02624	0.01259	0.00359	0.00535	0.02235	0.01022	0.00913
10	0.04096	0.02151	0.02660	0.02108	0.02834	0.02205	0.01729	0.14958	0.10482	0.34607	0.03618	0.03319	0.02429	0.01363	0.01263	0.00341	0.05909	0.01047	0.01154	0.01728
11	0.02668	0.02201	0.06836	0.01853	0.02746	0.01677	0.01634	0.07849	0.02605	0.11195	0.02650	0.03435	0.02185	0.01143	0.00937	0.00245	0.00920	0.05761	0.00784	0.40675
12	0.03524	0.20316	0.03723	0.02283	0.03062	0.13998	0.01924	0.24566	0.09013	0.04476	0.02252	0.02330	0.01742	0.01150	0.00933	0.00287	0.01261	0.00817	0.00792	0.01552
13	0.70310	0.02045	0.01554	0.01390	0.02045	0.02372	0.01145	0.03108	0.01799	0.04744	0.01472	0.01718	0.01145	0.00981	0.00654	0.00327	0.00818	0.00573	0.00654	0.01145
14	0.03064	0.03111	0.21661	0.07292	0.07175	0.02044	0.02530	0.07102	0.02664	0.20151	0.02842	0.02963	0.01965	0.01145	0.01000	0.00320	0.01164	0.00929	0.09322	0.01555
15	0.01331	0.00951	0.01276	0.01521	0.01602	0.00896	0.01056	0.01547	0.02067	0.02747	0.05804	0.56944	0.06899	0.03272	0.01361	0.00435	0.00651	0.07789	0.00981	0.00871
16	0.02525	0.02395	0.04056	0.06068	0.51773	0.02388	0.03061	0.03143	0.02455	0.03519	0.06384	0.03049	0.02354	0.01042	0.01063	0.00316	0.01194	0.01021	0.00576	0.01619
17	0.01288	0.00920	0.01227	0.01472	0.01534	0.00859	0.00981	0.01472	0.02024	0.02699	0.05828	0.62152	0.06993	0.03312	0.01350	0.00429	0.00613	0.03006	0.00981	0.00859
18	0.11667	0.01825	0.02359	0.01829	0.02630	0.01640	0.01511	0.04937	0.02897	0.51463	0.03886	0.03400	0.02462	0.01274	0.01020	0.00327	0.00891	0.01011	0.01240	0.01730
19	0.02827	0.63478	0.05540	0.01809	0.02714	0.04184	0.01809	0.03166	0.02148	0.02488	0.01470	0.01696	0.01357	0.00905	0.00678	0.00226	0.01131	0.00565	0.00452	0.01357
20	0.01538	0.01025	0.01153	0.01153	0.01153	0.01025	0.00641	0.01538	0.01538	0.02050	0.03331	0.06919	0.03844	0.62842	0.05382	0.01025	0.01025	0.01538	0.00641	0.00641
21	0.70310	0.02045	0.01554	0.01390	0.02045	0.02372	0.01145	0.03108	0.01799	0.04744	0.01472	0.01718	0.01145	0.00981	0.00654	0.00327	0.00818	0.00573	0.00654	0.01145
22	0.01288	0.00920	0.01227	0.01472	0.01534	0.00859	0.00981	0.01472	0.02024	0.02699	0.05828	0.62152	0.06993	0.03312	0.01350	0.00429	0.00613	0.03006	0.00981	0.00859
23	0.04510	0.02174	0.02686	0.02059	0.02886	0.02111	0.01701	0.20503	0.03654	0.40742	0.03644	0.03257	0.02353	0.01296	0.01061	0.00324	0.00985	0.01027	0.01228	0.01799
24	0.01997	0.01879	0.03171	0.60301	0.07282	0.02349	0.02936	0.02701	0.02114	0.02701	0.01879	0.02819	0.01409	0.01057	0.01057	0.00352	0.01409	0.00940	0.00470	0.01175
25	0.01850	0.01286	0.01575	0.01495	0.01871	0.01178	0.01149	0.02415	0.06227	0.07890	0.19998	0.17000	0.16048	0.02285	0.01215	0.00355	0.00660	0.06815	0.01031	0.07657
26	0.01501	0.01055	0.01370	0.01396	0.01474	0.01121	0.00937	0.01665	0.01651	0.02273	0.03404	0.11694	0.03718	0.35568	0.25316	0.01220	0.01672	0.01538	0.00648	0.00780
27	0.70310	0.02045	0.01554	0.01390	0.02045	0.02372	0.01145	0.03108	0.01799	0.04744	0.01472	0.01718	0.01145	0.00981	0.00654	0.00327	0.00818	0.00573	0.00654	0.01145
28	0.03842	0.02894	0.03180	0.02468	0.03227	0.03275	0.02041	0.47518	0.04624	0.06236	0.02419	0.02515	0.01756	0.01330	0.01308	0.00332	0.07359	0.00949	0.00996	0.01732
29	0.02192	0.01879	0.02192	0.01566	0.02506	0.01409	0.01253	0.02662	0.02192	0.03445	0.01879	0.02192	0.01566	0.00783	0.00783	0.00157	0.00783	0.00626	0.00626	0.69305
30	0.02766	0.38981	0.20344	0.02279	0.03329	0.10717	0.02452	0.03356	0.02283	0.02752	0.01616	0.01880	0.01352	0.00958	0.00809	0.00264	0.01357	0.00643	0.00463	0.01400

[dist]
# distance from previous block
# <min> <max>
1	5

[block]
# block no. 7 follows, 13 sequences, length 66
# corresponding to MSA columns:
# 191-256
name=unknown_H
#
# <colnr> <probs for GDERKNQSTAVLIFYWHMCP>
#	G	D	E	R	K	N	Q	S	T	A	V	L	I	F	Y	W	H	M	C	P
0	0.02083	0.02260	0.08166	0.42005	0.09741	0.02224	0.02787	0.02794	0.02158	0.02931	0.01889	0.02652	0.01446	0.01001	0.01009	0.00318	0.01315	0.00876	0.00496	0.11850
1	0.01488	0.01026	0.01361	0.01423	0.01498	0.01070	0.00962	0.01621	0.01699	0.02326	0.03691	0.19584	0.04107	0.26314	0.21236	0.05904	0.01490	0.01732	0.00689	0.00779
2	0.02630	0.02271	0.02391	0.02152	0.02749	0.02630	0.01674	0.05618	0.54336	0.04423	0.04303	0.03945	0.03228	0.01434	0.01076	0.00359	0.00837	0.01195	0.01076	0.01674
3	0.02767	0.02829	0.02985	0.07966	0.03222	0.15409	0.02154	0.07163	0.02307	0.03033	0.01758	0.02424	0.01529	0.01505	0.02248	0.00379	0.32023	0.00879	0.06206	0.01214
4	0.02685	0.02942	0.09967	0.04271	0.09555	0.02537	0.39381	0.03537	0.02516	0.08401	0.02296	0.02850	0.01683	0.00944	0.01193	0.00348	0.01636	0.01165	0.00599	0.01494
5	0.01496	0.01081	0.01413	0.01330	0.01580	0.00998	0.00998	0.01995	0.02993	0.04240	0.55689	0.07898	0.09976	0.02162	0.01247	0.00333	0.00499	0.01912	0.01164	0.00998
6	0.01538	0.01025	0.01153	0.01153	0.01153	0.01025	0.00641	0.01538	0.01538	0.02050	0.03331	0.06919	0.03844	0.62842	0.05382	0.01025	0.01025	0.01538	0.00641	0.00641
7	0.04565	0.01839	0.02448	0.01904	0.02703	0.01645	0.01564	0.05192	0.07356	0.52544	0.04182	0.03628	0.02669	0.01319	0.01064	0.00330	0.00894	0.01074	0.01289	0.01789
8	0.02054	0.01958	0.03334	0.50735	0.06729	0.02294	0.06780	0.02753	0.02152	0.02821	0.01900	0.02768	0.01439	0.01020	0.01049	0.00336	0.01386	0.00937	0.00489	0.07068
9	0.01837	0.00918	0.01377	0.01377	0.01377	0.00918	0.00918	0.01377	0.01377	0.01837	0.01837	0.03214	0.01837	0.03673	0.04132	0.69238	0.00918	0.00918	0.00459	0.00459
10	0.01510	0.01133	0.01699	0.01699	0.01888	0.01322	0.01322	0.01888	0.01699	0.02454	0.02832	0.04154	0.02643	0.07930	0.58652	0.01699	0.02832	0.01133	0.00566	0.00944
11	0.01997	0.01879	0.03171	0.60301	0.07282	0.02349	0.02936	0.02701	0.02114	0.02701	0.01879	0.02819	0.01409	0.01057	0.01057	0.00352	0.01409	0.00940	0.00470	0.01175
12	0.04097	0.01908	0.02449	0.01851	0.02699	0.01654	0.01520	0.08261	0.02984	0.40683	0.03514	0.03191	0.02310	0.01184	0.00998	0.00287	0.00893	0.00953	0.01131	0.17433
13	0.02192	0.01879	0.02192	0.01566	0.02506	0.01409	0.01253	0.02662	0.02192	0.03445	0.01879	0.02192	0.01566	0.00783	0.00783	0.00157	0.00783	0.00626	0.00626	0.69305
14	0.02121	0.05469	0.57364	0.03014	0.04576	0.02455	0.03906	0.03348	0.02232	0.03348	0.01897	0.02232	0.01339	0.01005	0.01005	0.00335	0.01563	0.00781	0.00446	0.01563
15	0.01288	0.00920	0.01227	0.01472	0.01534	0.00859	0.00981	0.01472	0.02024	0.02699	0.05828	0.62152	0.06993	0.03312	0.01350	0.00429	0.00613	0.03006	0.00981	0.00859
16	0.01370	0.00955	0.01203	0.01367	0.01409	0.00913	0.00870	0.01494	0.01864	0.02486	0.05008	0.44012	0.05959	0.22864	0.02674	0.00625	0.00749	0.02524	0.00870	0.00787
17	0.01439	0.01020	0.01345	0.01434	0.01514	0.01055	0.00971	0.01620	0.01763	0.02408	0.04086	0.26120	0.04623	0.24614	0.20052	0.01013	0.01423	0.01948	0.00742	0.00812
18	0.70310	0.02045	0.01554	0.01390	0.02045	0.02372	0.01145	0.03108	0.01799	0.04744	0.01472	0.01718	0.01145	0.00981	0.00654	0.00327	0.00818	0.00573	0.00654	0.01145
19	0.04268	0.02562	0.02926	0.02243	0.03080	0.02686	0.01853	0.36382	0.04303	0.23946	0.03099	0.02903	0.02079	0.01283	0.01060	0.00321	0.01073	0.00990	0.01144	0.01799
20	0.02520	0.02315	0.03372	0.13622	0.27512	0.02531	0.02586	0.04075	0.22468	0.03706	0.02867	0.03164	0.02233	0.01152	0.01060	0.00338	0.01119	0.01040	0.00729	0.01592
21	0.02382	0.01783	0.02687	0.12410	0.03496	0.01886	0.10064	0.03452	0.12369	0.07723	0.03340	0.04154	0.02650	0.01320	0.01026	0.00330	0.01005	0.04797	0.21840	0.01286
22	0.01510	0.01133	0.01699	0.01699	0.01888	0.01322	0.01322	0.01888	0.01699	0.02454	0.02832	0.04154	0.02643	0.07930	0.58652	0.01699	0.02832	0.01133	0.00566	0.00944
23	0.53393	0.02101	0.01763	0.01581	0.02221	0.02436	0.01277	0.03735	0.14932	0.04664	0.02180	0.02274	0.01666	0.01095	0.00760	0.00335	0.00823	0.00728	0.00760	0.01277
24	0.02657	0.01990	0.02299	0.01706	0.02547	0.01708	0.01358	0.11252	0.02679	0.08199	0.02288	0.02731	0.01867	0.05715	0.01208	0.00265	0.00876	0.00787	0.00756	0.47112
25	0.32422	0.02050	0.02292	0.02141	0.07468	0.02111	0.01569	0.07373	0.02579	0.26266	0.02705	0.02633	0.01846	0.01132	0.00887	0.00325	0.00916	0.00835	0.00939	0.01509
26	0.01550	0.01143	0.01474	0.01348	0.01651	0.01030	0.01017	0.02047	0.02931	0.04178	0.51520	0.07456	0.09325	0.02055	0.01211	0.00319	0.00521	0.01813	0.01122	0.06289
27	0.02827	0.63478	0.05540	0.01809	0.02714	0.04184	0.01809	0.03166	0.02148	0.02488	0.01470	0.01696	0.01357	0.00905	0.00678	0.00226	0.01131	0.00565	0.00452	0.01357
28	0.01708	0.01285	0.01545	0.01501	0.01836	0.01231	0.01199	0.06645	0.02879	0.03815	0.26024	0.08993	0.21660	0.02404	0.01279	0.00374	0.00682	0.12846	0.01057	0.01036
29	0.01837	0.00918	0.01377	0.01377	0.01377	0.00918	0.00918	0.01377	0.01377	0.01837	0.01837	0.03214	0.01837	0.03673	0.04132	0.69238	0.00918	0.00918	0.00459	0.00459
30	0.04744	0.01799	0.02454	0.01881	0.02699	0.01554	0.01554	0.05153	0.03026	0.56979	0.04171	0.03599	0.02617	0.01309	0.01063	0.00327	0.00900	0.01063	0.01309	0.01799
31	0.03547	0.01538	0.02050	0.01661	0.02281	0.01344	0.01337	0.03971	0.02969	0.37739	0.19418	0.05333	0.08797	0.01658	0.01130	0.00331	0.00757	0.01396	0.01242	0.01500
32	0.70310	0.02045	0.01554	0.01390	0.02045	0.02372	0.01145	0.03108	0.01799	0.04744	0.01472	0.01718	0.01145	0.00981	0.00654	0.00327	0.00818	0.00573	0.00654	0.01145
33	0.01946	0.01007	0.01053	0.01075	0.01321	0.01007	0.00829	0.02438	0.02238	0.03869	0.03650	0.04689	0.03026	0.01390	0.00807	0.00269	0.00538	0.05488	0.62377	0.00984
34	0.01312	0.01074	0.01158	0.01137	0.01467	0.00919	0.00853	0.01639	0.02558	0.03208	0.22156	0.09596	0.44153	0.02546	0.01249	0.00351	0.00526	0.02150	0.01028	0.00919
35	0.01519	0.01038	0.01200	0.01236	0.01283	0.01023	0.00763	0.01589	0.01698	0.02235	0.04129	0.10935	0.07393	0.50366	0.04545	0.00901	0.00966	0.05772	0.00711	0.00698
36	0.21133	0.01861	0.02229	0.01758	0.02536	0.01758	0.01452	0.04642	0.02720	0.43922	0.03497	0.03129	0.02249	0.01227	0.00961	0.00327	0.00879	0.00941	0.01145	0.01636
37	0.02121	0.05469	0.57364	0.03014	0.04576	0.02455	0.03906	0.03348	0.02232	0.03348	0.01897	0.02232	0.01339	0.01005	0.01005	0.00335	0.01563	0.00781	0.00446	0.01563
38	0.01288	0.00920	0.01227	0.01472	0.01534	0.00859	0.00981	0.01472	0.02024	0.02699	0.05828	0.62152	0.06993	0.03312	0.01350	0.00429	0.00613	0.03006	0.00981	0.00859
39	0.01439	0.01028	0.01400	0.01645	0.01772	0.00989	0.01244	0.01733	0.02173	0.02868	0.05744	0.43930	0.06664	0.03170	0.01390	0.00450	0.00744	0.19740	0.00979	0.00900
40	0.01344	0.00995	0.01379	0.06089	0.01985	0.00976	0.01135	0.01569	0.02031	0.02699	0.05518	0.57496	0.06555	0.03135	0.01327	0.00423	0.00676	0.02844	0.00941	0.00884
41	0.01997	0.01879	0.03171	0.60301	0.07282	0.02349	0.02936	0.02701	0.02114	0.02701	0.01879	0.02819	0.01409	0.01057	0.01057	0.00352	0.01409	0.00940	0.00470	0.01175
42	0.02337	0.02318	0.03496	0.39535	0.21752	0.06812	0.02959	0.02985	0.02272	0.02920	0.01893	0.02686	0.01486	0.01025	0.01046	0.00335	0.01402	0.00920	0.00492	0.01330
43	0.02408	0.01873	0.02215	0.01593	0.02522	0.01422	0.01278	0.02872	0.02263	0.07962	0.02073	0.02311	0.01655	0.00827	0.00807	0.00171	0.00793	0.00663	0.00684	0.63609
44	0.01587	0.00973	0.01339	0.01400	0.01443	0.00986	0.00934	0.01511	0.01621	0.02189	0.03303	0.18883	0.03677	0.16971	0.11727	0.27390	0.01147	0.01605	0.00645	0.00670
45	0.01561	0.01014	0.01143	0.01160	0.01187	0.01010	0.00674	0.01620	0.01635	0.02273	0.03519	0.10538	0.03960	0.52880	0.04663	0.00910	0.00946	0.01590	0.07031	0.00688
46	0.03140	0.17374	0.03186	0.01814	0.02657	0.02399	0.01558	0.11121	0.02852	0.15311	0.06074	0.02818	0.02355	0.01098	0.00892	0.00248	0.00935	0.00845	0.00835	0.22490
47	0.65184	0.02026	0.01624	0.01429	0.02096	0.02308	0.01177	0.03268	0.01895	0.08827	0.01683	0.01865	0.01260	0.01007	0.00686	0.00327	0.00824	0.00611	0.00705	0.01196
48	0.02753	0.08732	0.19388	0.02482	0.03350	0.11667	0.02496	0.12999	0.02945	0.03764	0.02871	0.04618	0.02622	0.01542	0.01093	0.00350	0.01356	0.12866	0.00716	0.01390
49	0.03684	0.02638	0.02815	0.02196	0.02944	0.02903	0.01802	0.44491	0.04520	0.06218	0.02688	0.02768	0.01947	0.01263	0.01006	0.00306	0.01054	0.00957	0.12137	0.01665
50	0.02827	0.63478	0.05540	0.01809	0.02714	0.04184	0.01809	0.03166	0.02148	0.02488	0.01470	0.01696	0.01357	0.00905	0.00678	0.00226	0.01131	0.00565	0.00452	0.01357
51	0.01292	0.01048	0.01147	0.01174	0.01468	0.00903	0.00861	0.01580	0.02433	0.03034	0.16524	0.18305	0.41131	0.02705	0.01266	0.00365	0.00543	0.02311	0.01009	0.00903
52	0.07938	0.45135	0.17325	0.02058	0.03096	0.03639	0.02247	0.03204	0.02141	0.02865	0.01570	0.01823	0.01336	0.00934	0.00753	0.00259	0.01207	0.00616	0.00467	0.01388
53	0.02021	0.02010	0.03945	0.02970	0.03650	0.01877	0.27969	0.02725	0.02732	0.03792	0.27594	0.05251	0.05584	0.01495	0.01247	0.00345	0.01172	0.01564	0.00834	0.01222
54	0.01288	0.00920	0.01227	0.01472	0.01534	0.00859	0.00981	0.01472	0.02024	0.02699	0.05828	0.62152	0.06993	0.03312	0.01350	0.00429	0.00613	0.03006	0.00981	0.00859
55	0.37633	0.02445	0.02145	0.01831	0.02513	0.06887	0.01478	0.11903	0.11043	0.09340	0.02352	0.02390	0.01734	0.01139	0.00847	0.00326	0.00970	0.00787	0.00837	0.01400
56	0.02569	0.02464	0.04206	0.10610	0.52498	0.02500	0.03221	0.03203	0.02385	0.03397	0.01980	0.02632	0.01654	0.00951	0.01048	0.00317	0.01268	0.00942	0.00519	0.01636
57	0.01416	0.01088	0.01302	0.01279	0.01571	0.00974	0.00980	0.01822	0.02714	0.03599	0.33593	0.09143	0.27860	0.02431	0.01266	0.00355	0.00553	0.06023	0.01076	0.00954
58	0.01526	0.01073	0.01394	0.01394	0.01477	0.01156	0.00941	0.01692	0.01609	0.02229	0.03111	0.05699	0.03314	0.38610	0.28889	0.01323	0.01822	0.01359	0.00608	0.00775
59	0.09003	0.02289	0.03053	0.02434	0.03125	0.06496	0.09880	0.04218	0.06678	0.26927	0.03274	0.03673	0.02407	0.01369	0.01305	0.00354	0.06727	0.04325	0.00950	0.01514
60	0.08614	0.01545	0.01997	0.01678	0.02257	0.01403	0.01329	0.03826	0.02762	0.34612	0.13494	0.13816	0.04544	0.01765	0.01112	0.00345	0.00775	0.01496	0.01179	0.01451
61	0.01459	0.01038	0.01303	0.01487	0.01609	0.01017	0.01018	0.01902	0.06390	0.02949	0.05496	0.52296	0.06311	0.02977	0.01274	0.00408	0.00622	0.02681	0.06828	0.00937
62	0.70310	0.02045	0.01554	0.01390	0.02045	0.02372	0.01145	0.03108	0.01799	0.04744	0.01472	0.01718	0.01145	0.00981	0.00654	0.00327	0.00818	0.00573	0.00654	0.01145
63	0.02630	0.02271	0.02391	0.02152	0.02749	0.02630	0.01674	0.05618	0.54336	0.04423	0.04303	0.03945	0.03228	0.01434	0.01076	0.00359	0.00837	0.01195	0.01076	0.01674
64	0.02192	0.01879	0.02192	0.01566	0.02506	0.01409	0.01253	0.02662	0.02192	0.03445	0.01879	0.02192	0.01566	0.00783	0.00783	0.00157	0.00783	0.00626	0.00626	0.69305
65	0.19595	0.02283	0.02605	0.06710	0.03187	0.02597	0.05647	0.08236	0.29230	0.04461	0.03100	0.03105	0.02327	0.01236	0.00981	0.00347	0.00976	0.01005	0.00879	0.01493

[dist]
# distance from previous block
# <min> <max>
0	1

[block]
# block no. 8 follows, 13 sequences, length 30
# corresponding to MSA columns:
# 258-287
name=unknown_I
#
# <colnr> <probs for GDERKNQSTAVLIFYWHMCP>
#	G	D	E	R	K	N	Q	S	T	A	V	L	I	F	Y	W	H	M	C	P
0	0.02313	0.21290	0.43230	0.02685	0.04068	0.02927	0.03334	0.03299	0.02209	0.03114	0.01781	0.02086	0.01344	0.00977	0.00916	0.00305	0.01445	0.00722	0.00448	0.01506
1	0.15666	0.08214	0.27365	0.02329	0.03431	0.02455	0.02575	0.03856	0.08973	0.11850	0.02440	0.02522	0.01741	0.01094	0.00931	0.00327	0.01193	0.00821	0.00699	0.01518
2	0.08247	0.04127	0.10027	0.02544	0.03307	0.28782	0.02182	0.15651	0.08226	0.03981	0.02129	0.02282	0.01627	0.01147	0.00976	0.00303	0.01506	0.00800	0.00712	0.01443
3	0.01837	0.00918	0.01377	0.01377	0.01377	0.00918	0.00918	0.01377	0.01377	0.01837	0.01837	0.03214	0.01837	0.03673	0.04132	0.69238	0.00918	0.00918	0.00459	0.00459
4	0.07120	0.02351	0.09442	0.01790	0.02775	0.01633	0.01638	0.03144	0.02293	0.11302	0.02188	0.02370	0.01661	0.00902	0.00844	0.00216	0.00905	0.00707	0.00704	0.46015
5	0.57785	0.01998	0.01726	0.01484	0.02170	0.02216	0.01223	0.03499	0.02034	0.14723	0.01988	0.02077	0.01426	0.01044	0.00732	0.00327	0.00834	0.00666	0.00779	0.01270
6	0.02318	0.01379	0.01799	0.01644	0.01917	0.01463	0.01274	0.02685	0.02385	0.13627	0.14449	0.16768	0.04862	0.01987	0.01512	0.00356	0.11157	0.01609	0.15663	0.01146
7	0.02872	0.02202	0.03040	0.22296	0.12163	0.02461	0.02355	0.10296	0.16112	0.10903	0.02907	0.03146	0.02126	0.01198	0.01061	0.00341	0.01141	0.01024	0.00820	0.01539
8	0.03767	0.10468	0.06508	0.02192	0.02968	0.06931	0.01915	0.12244	0.08013	0.25066	0.03022	0.02901	0.02111	0.01267	0.01183	0.00322	0.05606	0.00936	0.00958	0.01622
9	0.01409	0.01006	0.01366	0.01610	0.01725	0.00963	0.01192	0.01681	0.02143	0.02834	0.05761	0.47544	0.06729	0.03199	0.01382	0.00446	0.00718	0.16421	0.00979	0.00892
10	0.02192	0.01879	0.02192	0.01566	0.02506	0.01409	0.01253	0.02662	0.02192	0.03445	0.01879	0.02192	0.01566	0.00783	0.00783	0.00157	0.00783	0.00626	0.00626	0.69305
11	0.07662	0.28849	0.03908	0.02020	0.02748	0.07143	0.05922	0.03336	0.02290	0.10574	0.02223	0.02539	0.01793	0.01902	0.08242	0.00452	0.01369	0.00803	0.04901	0.01325
12	0.01568	0.01047	0.01366	0.01366	0.01430	0.01111	0.00906	0.01634	0.01571	0.02158	0.02967	0.05502	0.03176	0.36594	0.23133	0.10221	0.01619	0.01320	0.00592	0.00719
13	0.01428	0.01064	0.01346	0.01437	0.01660	0.00982	0.01096	0.01788	0.02487	0.03294	0.21871	0.23753	0.18692	0.02743	0.01319	0.00396	0.00636	0.12041	0.01035	0.00932
14	0.02502	0.09578	0.36059	0.03110	0.04428	0.02753	0.12744	0.09832	0.02636	0.03718	0.01991	0.02345	0.01452	0.01009	0.01030	0.00327	0.01515	0.00874	0.00544	0.01550
15	0.01538	0.01025	0.01153	0.01153	0.01153	0.01025	0.00641	0.01538	0.01538	0.02050	0.03331	0.06919	0.03844	0.62842	0.05382	0.01025	0.01025	0.01538	0.00641	0.00641
16	0.02468	0.02337	0.03715	0.02835	0.03636	0.02319	0.20515	0.07590	0.17572	0.03963	0.06530	0.03863	0.06341	0.01262	0.01122	0.00326	0.01168	0.01236	0.00812	0.10389
17	0.02554	0.02611	0.13388	0.10324	0.07836	0.02069	0.06128	0.03203	0.02259	0.12035	0.02376	0.02861	0.01813	0.01973	0.08625	0.00494	0.06125	0.00929	0.00650	0.11747
18	0.07781	0.02285	0.02786	0.02755	0.09791	0.06067	0.06613	0.04056	0.24371	0.04059	0.13928	0.04163	0.03961	0.01408	0.01082	0.00339	0.00985	0.01230	0.00900	0.01439
19	0.02183	0.02374	0.09732	0.02728	0.12921	0.01801	0.01982	0.03005	0.07313	0.03534	0.06658	0.07475	0.02791	0.01207	0.00970	0.00264	0.00946	0.01045	0.00696	0.30375
20	0.03416	0.02023	0.02656	0.02412	0.09714	0.01771	0.01699	0.07988	0.02788	0.24949	0.02859	0.02835	0.02017	0.01054	0.00952	0.00259	0.00924	0.00869	0.00920	0.27896
21	0.02358	0.01608	0.01996	0.01637	0.02311	0.01310	0.01307	0.02787	0.02385	0.11517	0.06860	0.11454	0.03560	0.01549	0.01016	0.00272	0.00786	0.07451	0.00856	0.36981
22	0.07443	0.10702	0.02769	0.01846	0.02672	0.14715	0.01496	0.03111	0.02340	0.03217	0.01742	0.02030	0.01463	0.00882	0.00799	0.00204	0.01084	0.00627	0.00587	0.40271
23	0.01375	0.01013	0.01320	0.01481	0.01627	0.00912	0.01008	0.01587	0.02040	0.02771	0.05447	0.56375	0.06470	0.03069	0.01295	0.00403	0.00630	0.02777	0.00947	0.07453
24	0.02066	0.01958	0.03262	0.52196	0.10710	0.02423	0.02917	0.02732	0.02102	0.02748	0.01854	0.02768	0.01428	0.01103	0.01224	0.00357	0.05528	0.00939	0.00473	0.01212
25	0.03125	0.10823	0.04516	0.04015	0.18419	0.11789	0.15868	0.06931	0.02724	0.08544	0.02152	0.02536	0.01663	0.01005	0.01041	0.00309	0.01446	0.00946	0.00632	0.01515
26	0.01607	0.01271	0.01479	0.01507	0.01781	0.01271	0.01096	0.02468	0.13478	0.03395	0.16037	0.28588	0.16855	0.02560	0.01251	0.00381	0.00623	0.02249	0.01037	0.01067
27	0.01538	0.01025	0.01153	0.01153	0.01153	0.01025	0.00641	0.01538	0.01538	0.02050	0.03331	0.06919	0.03844	0.62842	0.05382	0.01025	0.01025	0.01538	0.00641	0.00641
28	0.11100	0.01855	0.02132	0.06567	0.02782	0.01672	0.01390	0.02892	0.06301	0.03706	0.07200	0.02870	0.02438	0.01016	0.00857	0.00228	0.00818	0.00814	0.00704	0.42657
29	0.03246	0.02572	0.02855	0.02569	0.06989	0.12995	0.06033	0.04153	0.11829	0.17526	0.09959	0.03649	0.03208	0.01297	0.01061	0.00311	0.01127	0.01097	0.00922	0.06603

[dist]
# distance from previous block
# <min> <max>
0	14

[block]
# block no. 9 follows, 13 sequences, length 50
# corresponding to MSA columns:
# 302-351
name=unknown_J
#
# <colnr> <probs for GDERKNQSTAVLIFYWHMCP>
#	G	D	E	R	K	N	Q	S	T	A	V	L	I	F	Y	W	H	M	C	P
0	0.04331	0.02377	0.11100	0.02059	0.02995	0.01696	0.01924	0.04869	0.02901	0.48534	0.03813	0.03384	0.02416	0.01261	0.01054	0.00328	0.01004	0.01019	0.01173	0.01762
1	0.03340	0.02802	0.02788	0.02204	0.03003	0.08496	0.01772	0.27815	0.11849	0.05086	0.02558	0.02608	0.01920	0.01156	0.00982	0.00279	0.01095	0.00881	0.00900	0.18465
