[name]
unknown

[dist]
# distance from previous block
# <min> <max>
0	38

[block]
# block no. 0 follows, 11 sequences, length 55
# corresponding to MSA columns:
# 64-85,97-129
name=unknown_A
#
# <colnr> <probs for GDERKNQSTAVLIFYWHMCP>
#	G	D	E	R	K	N	Q	S	T	A	V	L	I	F	Y	W	H	M	C	P
0	0.04523	0.02652	0.12418	0.02230	0.03250	0.01835	0.02126	0.05123	0.03062	0.44654	0.03984	0.03557	0.02530	0.01332	0.01120	0.00350	0.01091	0.01075	0.01220	0.01868
1	0.01593	0.01150	0.01504	0.01416	0.01681	0.01062	0.01062	0.02124	0.03186	0.04513	0.52830	0.08407	0.10620	0.02301	0.01327	0.00354	0.00531	0.02035	0.01239	0.01062
2	0.02334	0.02001	0.02334	0.01667	0.02667	0.01500	0.01334	0.02834	0.02334	0.03668	0.02001	0.02334	0.01667	0.00834	0.00834	0.00167	0.00834	0.00667	0.00667	0.67325
3	0.26943	0.02167	0.02305	0.01870	0.02620	0.02256	0.01532	0.12934	0.03157	0.22416	0.08207	0.03388	0.02891	0.01358	0.00997	0.00347	0.00936	0.01020	0.01079	0.01578
4	0.11003	0.03007	0.03277	0.13594	0.12340	0.10701	0.02411	0.17597	0.07311	0.04663	0.02352	0.02693	0.01788	0.01201	0.01059	0.00342	0.01349	0.00941	0.00785	0.01586
5	0.01517	0.01238	0.01912	0.01891	0.02118	0.01145	0.06679	0.01811	0.02260	0.02978	0.06330	0.47562	0.11906	0.03148	0.01412	0.00439	0.00789	0.02888	0.00989	0.00989
6	0.03006	0.02373	0.03001	0.07633	0.12817	0.02618	0.02191	0.05195	0.32564	0.10161	0.03891	0.03793	0.02891	0.01380	0.01136	0.00368	0.01032	0.01183	0.01011	0.01754
7	0.02126	0.02001	0.03376	0.57739	0.07752	0.02501	0.03126	0.02876	0.02251	0.02876	0.02001	0.03001	0.01500	0.01125	0.01125	0.00375	0.01500	0.01000	0.00500	0.01250
8	0.01556	0.01156	0.01699	0.01756	0.01927	0.01299	0.01328	0.01913	0.01884	0.02670	0.03712	0.16506	0.03826	0.07367	0.44061	0.01513	0.02499	0.01642	0.00700	0.00985
9	0.68395	0.02177	0.01654	0.01480	0.02177	0.02525	0.01219	0.03309	0.01915	0.05050	0.01567	0.01828	0.01219	0.01045	0.00697	0.00348	0.00871	0.00609	0.00697	0.01219
10	0.01371	0.00979	0.01306	0.01567	0.01632	0.00914	0.01045	0.01567	0.02155	0.02873	0.06203	0.59710	0.07444	0.03526	0.01437	0.00457	0.00653	0.03200	0.01045	0.00914
11	0.04279	0.03153	0.03378	0.02590	0.03490	0.03490	0.02139	0.49671	0.05292	0.07093	0.02702	0.02702	0.01914	0.01351	0.01126	0.00338	0.01239	0.01013	0.01126	0.01914
12	0.02530	0.03981	0.23378	0.04445	0.10886	0.02745	0.28181	0.03574	0.02547	0.03599	0.02168	0.02774	0.01616	0.00998	0.01213	0.00366	0.01752	0.01116	0.00535	0.01599
13	0.01478	0.01161	0.01345	0.01343	0.01669	0.01029	0.01036	0.01876	0.02788	0.03599	0.25443	0.10184	0.32744	0.02685	0.01355	0.00386	0.00609	0.07157	0.01113	0.00999
14	0.01468	0.01146	0.01331	0.01285	0.01605	0.01009	0.00964	0.01882	0.02891	0.03813	0.33121	0.09561	0.30766	0.02562	0.01329	0.00366	0.00550	0.02197	0.01147	0.01009
15	0.04204	0.05364	0.03190	0.02900	0.03480	0.55926	0.02175	0.04494	0.03190	0.02755	0.01740	0.02030	0.01450	0.01160	0.01015	0.00290	0.02030	0.00725	0.00580	0.01305
16	0.02958	0.02471	0.03342	0.02805	0.03002	0.03242	0.02334	0.08003	0.02277	0.09203	0.01954	0.02648	0.01677	0.01837	0.03122	0.00459	0.45613	0.01005	0.00665	0.01384
17	0.01371	0.00979	0.01306	0.01567	0.01632	0.00914	0.01045	0.01567	0.02155	0.02873	0.06203	0.59710	0.07444	0.03526	0.01437	0.00457	0.00653	0.03200	0.01045	0.00914
18	0.01371	0.00979	0.01306	0.01567	0.01632	0.00914	0.01045	0.01567	0.02155	0.02873	0.06203	0.59710	0.07444	0.03526	0.01437	0.00457	0.00653	0.03200	0.01045	0.00914
19	0.16269	0.09787	0.09007	0.02216	0.03099	0.13078	0.02000	0.04414	0.02764	0.22922	0.02752	0.02695	0.01913	0.01194	0.00973	0.00325	0.01266	0.00857	0.00889	0.01580
20	0.02036	0.01512	0.01663	0.01790	0.02002	0.06132	0.01295	0.02300	0.02402	0.07836	0.05593	0.43704	0.06333	0.03055	0.01382	0.00438	0.00853	0.07581	0.01034	0.01060
21	0.02840	0.44516	0.15251	0.02215	0.03286	0.03930	0.02355	0.03659	0.07009	0.03027	0.01944	0.02148	0.01631	0.01038	0.00832	0.00277	0.01265	0.00712	0.00544	0.01520
22	0.02420	0.02103	0.02561	0.02213	0.07401	0.01734	0.01573	0.03193	0.07055	0.03768	0.02259	0.02555	0.01847	0.00916	0.00889	0.00203	0.00886	0.00756	0.00702	0.54965
23	0.02855	0.02014	0.02392	0.01786	0.02673	0.01684	0.01435	0.08099	0.02873	0.11548	0.08165	0.03278	0.02867	0.01136	0.00964	0.00233	0.00861	0.00926	0.00887	0.43325
24	0.02436	0.02266	0.03551	0.33155	0.19536	0.02605	0.02964	0.03622	0.11604	0.03444	0.02520	0.03167	0.01944	0.01167	0.01126	0.00365	0.01340	0.01052	0.00638	0.01498
25	0.02334	0.02001	0.02334	0.01667	0.02667	0.01500	0.01334	0.02834	0.02334	0.03668	0.02001	0.02334	0.01667	0.00834	0.00834	0.00167	0.00834	0.00667	0.00667	0.67325
26	0.01637	0.01091	0.01228	0.01228	0.01228	0.01091	0.00682	0.01637	0.01637	0.02182	0.03546	0.07365	0.04092	0.60445	0.05729	0.01091	0.01091	0.01637	0.00682	0.00682
27	0.02921	0.54646	0.11603	0.02076	0.03121	0.04238	0.02187	0.03393	0.02297	0.02755	0.01618	0.01872	0.01442	0.00975	0.00763	0.00254	0.01257	0.00629	0.00481	0.01470
28	0.01637	0.01091	0.01228	0.01228	0.01228	0.01091	0.00682	0.01637	0.01637	0.02182	0.03546	0.07365	0.04092	0.60445	0.05729	0.01091	0.01091	0.01637	0.00682	0.00682
29	0.01371	0.00979	0.01306	0.01567	0.01632	0.00914	0.01045	0.01567	0.02155	0.02873	0.06203	0.59710	0.07444	0.03526	0.01437	0.00457	0.00653	0.03200	0.01045	0.00914
30	0.01732	0.01208	0.01394	0.01312	0.01690	0.01049	0.00996	0.02119	0.02845	0.07792	0.25890	0.09373	0.33435	0.02531	0.01313	0.00368	0.00588	0.02149	0.01144	0.01070
31	0.03474	0.32426	0.04838	0.02596	0.03416	0.25765	0.06475	0.03861	0.02698	0.02782	0.01705	0.02014	0.01471	0.01044	0.00901	0.00274	0.01613	0.00721	0.00531	0.01393
32	0.61476	0.08414	0.02103	0.01527	0.02252	0.02729	0.01294	0.03315	0.01955	0.04796	0.01567	0.01826	0.01243	0.01036	0.00699	0.00337	0.00906	0.00609	0.00674	0.01243
33	0.02630	0.04765	0.38940	0.03442	0.10185	0.02550	0.03616	0.03961	0.07172	0.08385	0.02501	0.02734	0.01786	0.01135	0.01088	0.00356	0.01486	0.00922	0.00634	0.01712
34	0.01371	0.00979	0.01306	0.01567	0.01632	0.00914	0.01045	0.01567	0.02155	0.02873	0.06203	0.59710	0.07444	0.03526	0.01437	0.00457	0.00653	0.03200	0.01045	0.00914
35	0.01448	0.01054	0.01364	0.01478	0.01641	0.00970	0.01035	0.01771	0.02559	0.03476	0.23381	0.37253	0.12336	0.03030	0.01389	0.00414	0.00602	0.02714	0.01115	0.00970
36	0.02126	0.02001	0.03376	0.57739	0.07752	0.02501	0.03126	0.02876	0.02251	0.02876	0.02001	0.03001	0.01500	0.01125	0.01125	0.00375	0.01500	0.01000	0.00500	0.01250
37	0.02687	0.02299	0.03182	0.03264	0.12509	0.02443	0.07312	0.09433	0.20089	0.04358	0.03802	0.11779	0.03296	0.01619	0.01171	0.00369	0.01064	0.01463	0.06281	0.01581
38	0.04279	0.03153	0.03378	0.02590	0.03490	0.03490	0.02139	0.49671	0.05292	0.07093	0.02702	0.02702	0.01914	0.01351	0.01126	0.00338	0.01239	0.01013	0.01126	0.01914
39	0.01371	0.00979	0.01306	0.01567	0.01632	0.00914	0.01045	0.01567	0.02155	0.02873	0.06203	0.59710	0.07444	0.03526	0.01437	0.00457	0.00653	0.03200	0.01045	0.00914
40	0.03003	0.03335	0.20269	0.03261	0.09410	0.02256	0.07714	0.03764	0.02575	0.16720	0.03143	0.09594	0.02561	0.01488	0.01353	0.00376	0.05497	0.01271	0.00803	0.01608
41	0.02835	0.03000	0.10573	0.09387	0.31339	0.02604	0.12002	0.03618	0.02589	0.07699	0.02316	0.02886	0.01788	0.01041	0.01152	0.00350	0.01462	0.01054	0.00614	0.01691
42	0.01983	0.01783	0.02440	0.02269	0.02292	0.02286	0.01760	0.02184	0.01866	0.02708	0.03383	0.23267	0.03883	0.09114	0.03125	0.00547	0.31501	0.01842	0.00709	0.01057
43	0.02112	0.01192	0.01594	0.01617	0.01877	0.01085	0.01163	0.02423	0.02573	0.12899	0.15703	0.38354	0.07235	0.02866	0.01356	0.00415	0.00685	0.02564	0.01151	0.01134
44	0.09241	0.01136	0.01365	0.01543	0.01701	0.01117	0.01067	0.01823	0.02224	0.03282	0.10033	0.48121	0.07013	0.03121	0.01340	0.00435	0.00667	0.02787	0.01022	0.00964
45	0.08735	0.12698	0.03457	0.21712	0.04596	0.02678	0.02228	0.07647	0.02775	0.18913	0.02684	0.02918	0.01891	0.01189	0.01020	0.00338	0.01210	0.00938	0.00835	0.01539
46	0.02530	0.02530	0.03405	0.08114	0.20834	0.08181	0.02562	0.02956	0.02294	0.03097	0.02660	0.13365	0.02709	0.01776	0.01890	0.00400	0.17313	0.01382	0.00629	0.01374
47	0.20358	0.03320	0.08158	0.02393	0.03093	0.13293	0.02082	0.07809	0.08169	0.08833	0.02339	0.02547	0.01779	0.01318	0.01366	0.00362	0.09672	0.00868	0.00771	0.01471
48	0.01639	0.01368	0.01877	0.02413	0.11363	0.01269	0.01433	0.01980	0.02451	0.03201	0.10599	0.28039	0.22691	0.02724	0.01330	0.00399	0.00744	0.02411	0.00967	0.01101
49	0.04279	0.03153	0.03378	0.02590	0.03490	0.03490	0.02139	0.49671	0.05292	0.07093	0.02702	0.02702	0.01914	0.01351	0.01126	0.00338	0.01239	0.01013	0.01126	0.01914
50	0.04322	0.01934	0.02496	0.01999	0.02771	0.01804	0.01622	0.05259	0.11866	0.40658	0.09003	0.04326	0.03637	0.01502	0.01153	0.00355	0.00906	0.01242	0.01334	0.01811
51	0.02257	0.05822	0.54613	0.03208	0.04871	0.02614	0.04158	0.03564	0.02376	0.03564	0.02020	0.02376	0.01426	0.01069	0.01069	0.00356	0.01663	0.00832	0.00475	0.01663
52	0.04138	0.02289	0.02727	0.02159	0.02943	0.02318	0.01759	0.19679	0.09330	0.27310	0.09551	0.04037	0.03490	0.01501	0.01154	0.00349	0.00993	0.01215	0.01259	0.01800
53	0.02556	0.01893	0.02159	0.01934	0.02453	0.02038	0.01499	0.04481	0.28713	0.09276	0.22745	0.05750	0.06081	0.01806	0.01213	0.00368	0.00762	0.01547	0.01204	0.01523
54	0.01371	0.00979	0.01306	0.01567	0.01632	0.00914	0.01045	0.01567	0.02155	0.02873	0.06203	0.59710	0.07444	0.03526	0.01437	0.00457	0.00653	0.03200	0.01045	0.00914

[dist]
# distance from previous block
# <min> <max>
0	1

[block]
# block no. 1 follows, 11 sequences, length 27
# corresponding to MSA columns:
# 131-157
name=unknown_B
#
# <colnr> <probs for GDERKNQSTAVLIFYWHMCP>
#	G	D	E	R	K	N	Q	S	T	A	V	L	I	F	Y	W	H	M	C	P
0	0.01543	0.01120	0.01293	0.01276	0.01569	0.01007	0.00947	0.01954	0.02764	0.03790	0.27197	0.12784	0.25296	0.02475	0.01267	0.00360	0.00554	0.02126	0.09672	0.01007
1	0.02257	0.05822	0.54613	0.03208	0.04871	0.02614	0.04158	0.03564	0.02376	0.03564	0.02020	0.02376	0.01426	0.01069	0.01069	0.00356	0.01663	0.00832	0.00475	0.01663
2	0.01608	0.01206	0.01809	0.01809	0.02010	0.01407	0.01407	0.02010	0.01809	0.02613	0.03015	0.04422	0.02814	0.08441	0.55984	0.01809	0.03015	0.01206	0.00603	0.01005
3	0.01654	0.01281	0.01523	0.01439	0.01772	0.01217	0.01086	0.02403	0.08111	0.04164	0.37324	0.08574	0.20514	0.02358	0.01309	0.00363	0.00579	0.02041	0.01180	0.01110
4	0.02172	0.01789	0.02076	0.01565	0.02332	0.01405	0.01182	0.02555	0.02172	0.03322	0.02360	0.03506	0.02232	0.14714	0.01973	0.00382	0.00894	0.00893	0.00670	0.51807
5	0.05050	0.01915	0.02612	0.02003	0.02873	0.01654	0.01654	0.05485	0.03221	0.54203	0.04440	0.03831	0.02786	0.01393	0.01132	0.00348	0.00958	0.01132	0.01393	0.01915
6	0.01544	0.01112	0.01460	0.01450	0.01671	0.01029	0.01058	0.02000	0.02957	0.04149	0.42467	0.19809	0.09914	0.02573	0.01352	0.00377	0.00558	0.02294	0.01196	0.01029
7	0.14475	0.02203	0.09011	0.02171	0.02809	0.01777	0.07813	0.02856	0.02540	0.07896	0.15586	0.17282	0.05184	0.01948	0.01187	0.00380	0.00978	0.01724	0.00920	0.01260
8	0.02334	0.02001	0.02334	0.01667	0.02667	0.01500	0.01334	0.02834	0.02334	0.03668	0.02001	0.02334	0.01667	0.00834	0.00834	0.00167	0.00834	0.00667	0.00667	0.67325
9	0.02334	0.02001	0.02334	0.01667	0.02667	0.01500	0.01334	0.02834	0.02334	0.03668	0.02001	0.02334	0.01667	0.00834	0.00834	0.00167	0.00834	0.00667	0.00667	0.67325
10	0.02906	0.02605	0.03788	0.13534	0.10978	0.02855	0.10244	0.12231	0.19916	0.04465	0.03077	0.03342	0.02314	0.01258	0.01165	0.00366	0.01289	0.01152	0.00851	0.01663
11	0.02963	0.02769	0.11891	0.02379	0.03399	0.01998	0.06209	0.03608	0.02519	0.14801	0.02530	0.02746	0.01863	0.01098	0.01208	0.00284	0.05600	0.00882	0.00773	0.30482
12	0.10113	0.02997	0.12470	0.04607	0.28402	0.02421	0.02940	0.03909	0.02609	0.15032	0.02559	0.02846	0.01885	0.01105	0.01066	0.00343	0.01260	0.00960	0.00743	0.01732
13	0.03024	0.03672	0.21712	0.03080	0.04231	0.02521	0.12437	0.07822	0.02781	0.12573	0.02507	0.02795	0.01791	0.01171	0.01319	0.00349	0.05901	0.00997	0.00732	0.08586
14	0.03423	0.03282	0.10084	0.02864	0.03822	0.03114	0.08317	0.26373	0.16791	0.05569	0.03059	0.03100	0.02229	0.01311	0.01150	0.00357	0.01284	0.01099	0.00977	0.01797
15	0.14184	0.02193	0.02677	0.02613	0.07109	0.02558	0.01911	0.03934	0.14442	0.10418	0.03206	0.09026	0.02747	0.01704	0.01743	0.00404	0.15545	0.01246	0.00871	0.01470
16	0.02514	0.02233	0.02953	0.03136	0.16140	0.01980	0.01953	0.03408	0.08781	0.03806	0.02367	0.02696	0.01928	0.00969	0.00948	0.00239	0.00974	0.00835	0.00700	0.41439
17	0.02285	0.02018	0.02726	0.02409	0.02473	0.02691	0.01965	0.02589	0.01903	0.03054	0.02381	0.07890	0.02316	0.01961	0.02849	0.00438	0.40441	0.01194	0.15254	0.01163
18	0.02608	0.31631	0.31877	0.02610	0.03946	0.03473	0.03116	0.03474	0.02335	0.03137	0.01807	0.02110	0.01434	0.01020	0.00907	0.00302	0.01449	0.00724	0.00478	0.01561
19	0.03099	0.48472	0.11938	0.02100	0.03145	0.03956	0.02192	0.03590	0.02385	0.07513	0.01889	0.02066	0.01565	0.01016	0.00805	0.00266	0.01241	0.00681	0.00565	0.01516
20	0.01955	0.00978	0.01466	0.01466	0.01466	0.00978	0.00978	0.01466	0.01466	0.01955	0.01955	0.03421	0.01955	0.03910	0.04399	0.67253	0.00978	0.00978	0.00489	0.00489
21	0.01623	0.01136	0.01399	0.01333	0.01613	0.01046	0.01000	0.02121	0.03000	0.04281	0.41171	0.08186	0.15147	0.02246	0.01259	0.00346	0.00535	0.01954	0.09556	0.01046
22	0.04449	0.02878	0.03208	0.02460	0.03354	0.03083	0.02032	0.39879	0.04833	0.17533	0.03087	0.02952	0.02107	0.01360	0.01127	0.00340	0.01176	0.01040	0.01185	0.01914
23	0.09960	0.02385	0.02636	0.02093	0.02837	0.02520	0.01709	0.26451	0.04049	0.16031	0.09418	0.03697	0.03214	0.01449	0.01086	0.00337	0.01000	0.01133	0.06322	0.01672
24	0.01605	0.01297	0.01627	0.01549	0.01792	0.01318	0.01179	0.01994	0.02713	0.03688	0.29489	0.13752	0.21265	0.02546	0.01641	0.00390	0.07929	0.02122	0.01068	0.01036
25	0.08371	0.29412	0.03783	0.01761	0.02527	0.02898	0.01590	0.03628	0.02596	0.15206	0.08966	0.03345	0.03044	0.01273	0.00899	0.00291	0.00971	0.00950	0.07041	0.01450
26	0.42965	0.02512	0.02111	0.01803	0.02532	0.09094	0.01459	0.04052	0.02433	0.18141	0.02372	0.02399	0.01675	0.01154	0.00856	0.00341	0.01042	0.00766	0.00871	0.01420

[dist]
# distance from previous block
# <min> <max>
1	18

[block]
# block no. 2 follows, 11 sequences, length 18
# corresponding to MSA columns:
# 176-193
name=unknown_C
#
# <colnr> <probs for GDERKNQSTAVLIFYWHMCP>
#	G	D	E	R	K	N	Q	S	T	A	V	L	I	F	Y	W	H	M	C	P
0	0.15118	0.02033	0.06010	0.14992	0.03598	0.01987	0.01902	0.06039	0.02230	0.07998	0.02175	0.02931	0.01742	0.02095	0.02156	0.23151	0.01146	0.00919	0.00657	0.01122
1	0.25649	0.02155	0.02303	0.01901	0.02628	0.02245	0.01541	0.13566	0.03096	0.22021	0.03317	0.09322	0.02613	0.01512	0.01020	0.00359	0.00953	0.01169	0.01064	0.01568
2	0.19274	0.08446	0.10115	0.02394	0.06869	0.02524	0.02036	0.08724	0.02657	0.08276	0.02135	0.02358	0.01626	0.01048	0.00900	0.00292	0.01089	0.00771	0.00731	0.17733
3	0.03416	0.02204	0.02509	0.02173	0.02724	0.07082	0.01751	0.07893	0.02928	0.20842	0.03985	0.12793	0.03554	0.01949	0.01497	0.00385	0.07619	0.07578	0.01035	0.06084
4	0.01383	0.01096	0.01244	0.01306	0.01578	0.00957	0.00942	0.01680	0.02544	0.03221	0.16345	0.24503	0.33304	0.02959	0.01360	0.00398	0.00588	0.02560	0.01075	0.00957
5	0.02848	0.01388	0.01865	0.01691	0.02123	0.01241	0.01284	0.03233	0.02863	0.23062	0.19001	0.23422	0.06573	0.02353	0.01288	0.00386	0.00735	0.02069	0.01235	0.01341
6	0.03775	0.02902	0.03094	0.02488	0.03298	0.03255	0.02017	0.34784	0.20999	0.06281	0.03342	0.03212	0.02433	0.01411	0.01133	0.00353	0.01120	0.01102	0.01133	0.01869
7	0.48693	0.01967	0.01762	0.01578	0.02215	0.02158	0.01266	0.03421	0.02162	0.12777	0.02684	0.10232	0.02344	0.01448	0.00871	0.00363	0.00855	0.01056	0.00859	0.01290
8	0.03731	0.02624	0.02793	0.02203	0.02943	0.02877	0.01800	0.37855	0.04556	0.06366	0.02946	0.03077	0.02158	0.01341	0.01041	0.00319	0.01059	0.01022	0.17592	0.01697
9	0.01658	0.01172	0.01638	0.01638	0.01810	0.01319	0.01224	0.02001	0.01829	0.02682	0.03167	0.04915	0.03043	0.16866	0.42185	0.01543	0.02452	0.01267	0.06639	0.00953
10	0.03009	0.61122	0.05898	0.01926	0.02889	0.04454	0.01926	0.03370	0.02287	0.02648	0.01565	0.01805	0.01444	0.00963	0.00722	0.00241	0.01204	0.00602	0.00481	0.01444
11	0.59144	0.02019	0.01570	0.01420	0.02056	0.02319	0.01159	0.03213	0.01978	0.04931	0.01861	0.02159	0.01451	0.01082	0.00709	0.00336	0.00822	0.00671	0.09905	0.01195
12	0.02640	0.02361	0.02634	0.02878	0.11368	0.08229	0.01874	0.09813	0.11219	0.04294	0.15605	0.13465	0.05107	0.01880	0.01214	0.00362	0.01021	0.01623	0.00982	0.01430
13	0.02969	0.01517	0.01938	0.01730	0.02227	0.01396	0.01329	0.03580	0.07076	0.23462	0.12859	0.19723	0.10945	0.02255	0.01263	0.00384	0.00766	0.01952	0.01219	0.01409
14	0.02169	0.01981	0.03106	0.44522	0.06516	0.02435	0.02770	0.03224	0.09064	0.03106	0.02460	0.03307	0.01899	0.01898	0.06503	0.00517	0.01564	0.01058	0.00600	0.01300
15	0.01673	0.01205	0.01525	0.01651	0.01816	0.01177	0.01152	0.06253	0.02558	0.03440	0.10435	0.49195	0.07223	0.03197	0.01396	0.00436	0.00697	0.02875	0.01072	0.01025
16	0.01888	0.01010	0.01469	0.01469	0.01486	0.01028	0.00981	0.01533	0.01516	0.02039	0.02230	0.03960	0.02275	0.10779	0.09059	0.53959	0.01169	0.01073	0.00521	0.00556
17	0.03906	0.08234	0.03470	0.06794	0.08371	0.08982	0.02189	0.19498	0.07485	0.15525	0.02904	0.02934	0.02084	0.01267	0.01078	0.00332	0.01266	0.00987	0.00964	0.01731

[dist]
# distance from previous block
# <min> <max>
0	1

[block]
# block no. 3 follows, 11 sequences, length 9
# corresponding to MSA columns:
# 195-203
name=unknown_D
#
# <colnr> <probs for GDERKNQSTAVLIFYWHMCP>
#	G	D	E	R	K	N	Q	S	T	A	V	L	I	F	Y	W	H	M	C	P
0	0.14661	0.27557	0.04078	0.02602	0.10616	0.03127	0.01929	0.03594	0.02482	0.11278	0.06317	0.02818	0.02420	0.01160	0.00892	0.00300	0.01073	0.00866	0.00733	0.01499
1	0.34799	0.01892	0.01814	0.01685	0.02238	0.02075	0.01312	0.03539	0.09696	0.10040	0.03487	0.16557	0.03257	0.01764	0.00995	0.00380	0.00830	0.01403	0.00929	0.01310
2	0.03162	0.03352	0.17708	0.04206	0.19891	0.02484	0.06901	0.03935	0.02614	0.15960	0.02622	0.02926	0.01902	0.01190	0.01332	0.00360	0.05988	0.01014	0.00736	0.01717
3	0.02083	0.01914	0.07635	0.01784	0.02191	0.01683	0.01538	0.02998	0.09760	0.03748	0.04028	0.17143	0.03767	0.01909	0.01298	0.00359	0.06080	0.01568	0.27297	0.01215
4	0.07851	0.02821	0.14395	0.02299	0.03041	0.02218	0.02194	0.07067	0.16102	0.04113	0.04092	0.14499	0.03847	0.01965	0.01204	0.00404	0.01077	0.08448	0.00915	0.01448
5	0.13219	0.01962	0.02092	0.01740	0.02356	0.02040	0.01401	0.16016	0.03337	0.13338	0.08460	0.04363	0.07682	0.01528	0.01024	0.00330	0.00851	0.01199	0.15613	0.01449
6	0.13462	0.03124	0.10575	0.02810	0.07953	0.02868	0.02316	0.20293	0.11975	0.09349	0.02843	0.02881	0.02060	0.01265	0.01055	0.00350	0.01170	0.00979	0.00937	0.01736
7	0.02472	0.01407	0.01772	0.01673	0.02014	0.01353	0.01217	0.03086	0.08075	0.15246	0.12811	0.23734	0.05892	0.11546	0.01989	0.00506	0.00800	0.02062	0.01112	0.01234
8	0.02818	0.11969	0.08140	0.09430	0.11571	0.02866	0.06217	0.11492	0.06585	0.04151	0.06528	0.03164	0.02535	0.01206	0.01067	0.00322	0.01249	0.01032	0.00741	0.06917

[dist]
# distance from previous block
# <min> <max>
0	7

[block]
# block no. 4 follows, 11 sequences, length 7
# corresponding to MSA columns:
# 211-217
name=unknown_E
#
# <colnr> <probs for GDERKNQSTAVLIFYWHMCP>
#	G	D	E	R	K	N	Q	S	T	A	V	L	I	F	Y	W	H	M	C	P
0	0.21876	0.01906	0.02152	0.01745	0.02507	0.01790	0.01406	0.03946	0.02570	0.25182	0.03346	0.08871	0.02620	0.01411	0.00984	0.00324	0.00877	0.01113	0.01020	0.14352
1	0.03303	0.02607	0.03331	0.02737	0.03106	0.03255	0.02273	0.17099	0.02964	0.09912	0.02183	0.02691	0.01758	0.01719	0.02631	0.00430	0.34692	0.01010	0.00785	0.01514
2	0.03409	0.07278	0.11886	0.02829	0.09090	0.02622	0.02343	0.17521	0.03392	0.12509	0.02714	0.02853	0.01973	0.01184	0.01028	0.00311	0.01173	0.00937	0.06333	0.08615
3	0.25451	0.06992	0.12856	0.02195	0.03034	0.02304	0.05847	0.03277	0.02278	0.09196	0.02919	0.13516	0.02693	0.01555	0.01014	0.00366	0.01103	0.01271	0.00768	0.01362
4	0.15978	0.02019	0.02458	0.12757	0.03613	0.01932	0.01727	0.03453	0.02407	0.13627	0.02389	0.02656	0.01763	0.01042	0.00922	0.00279	0.00997	0.00812	0.00781	0.28388
5	0.01505	0.01115	0.01403	0.01398	0.01644	0.01014	0.01023	0.01928	0.02878	0.03940	0.36617	0.18815	0.17293	0.02634	0.01349	0.00379	0.00561	0.02321	0.01168	0.01014
6	0.02723	0.03230	0.13132	0.03021	0.08661	0.09030	0.07740	0.06980	0.07950	0.04059	0.06877	0.03526	0.02795	0.01278	0.01075	0.00331	0.01272	0.01096	0.13752	0.01474

[dist]
# distance from previous block
# <min> <max>
0	6

[block]
# block no. 5 follows, 11 sequences, length 7
# corresponding to MSA columns:
# 224-230
name=unknown_F
#
# <colnr> <probs for GDERKNQSTAVLIFYWHMCP>
#	G	D	E	R	K	N	Q	S	T	A	V	L	I	F	Y	W	H	M	C	P
0	0.03910	0.01944	0.02556	0.10559	0.03452	0.01941	0.01804	0.08342	0.07087	0.30875	0.03817	0.03694	0.02583	0.01347	0.01080	0.00342	0.00995	0.01101	0.10896	0.01673
1	0.02462	0.01298	0.01675	0.01512	0.01899	0.01185	0.01157	0.02937	0.02966	0.15978	0.29321	0.11668	0.07274	0.02054	0.01208	0.00348	0.00642	0.01784	0.11386	0.01246
2	0.02984	0.01807	0.02333	0.10095	0.03162	0.01860	0.01680	0.10012	0.06113	0.16409	0.19850	0.05120	0.05121	0.01650	0.01167	0.00348	0.00896	0.01397	0.06543	0.01454
3	0.02725	0.01599	0.01978	0.01721	0.02209	0.01468	0.01287	0.07417	0.02746	0.15498	0.08250	0.20167	0.04683	0.10737	0.01869	0.00461	0.00864	0.01782	0.01038	0.11502
4	0.02059	0.01310	0.01857	0.10286	0.02766	0.01299	0.01457	0.02454	0.02562	0.10504	0.16258	0.30994	0.06613	0.02566	0.01320	0.00405	0.00798	0.02294	0.01055	0.01142
5	0.02756	0.01987	0.02377	0.01719	0.02699	0.01524	0.01384	0.03246	0.02472	0.11529	0.02380	0.02567	0.01841	0.00921	0.00880	0.00195	0.00853	0.00739	0.00780	0.57150
6	0.02852	0.02869	0.08003	0.03160	0.07817	0.02540	0.12651	0.11876	0.10581	0.04413	0.02598	0.02885	0.01984	0.01092	0.01086	0.00307	0.01260	0.01010	0.00776	0.20240

[dist]
# distance from previous block
# <min> <max>
2	14

[block]
# block no. 6 follows, 11 sequences, length 22
# corresponding to MSA columns:
# 245-266
name=unknown_G
#
# <colnr> <probs for GDERKNQSTAVLIFYWHMCP>
#	G	D	E	R	K	N	Q	S	T	A	V	L	I	F	Y	W	H	M	C	P
0	0.53738	0.02258	0.01962	0.01667	0.02407	0.02534	0.01374	0.08852	0.02452	0.10978	0.02030	0.02160	0.01480	0.01120	0.00796	0.00347	0.00923	0.00716	0.00826	0.01379
1	0.02366	0.12047	0.03000	0.08578	0.03109	0.02092	0.06045	0.02925	0.02357	0.03591	0.02596	0.03108	0.02082	0.01087	0.00879	0.00262	0.00962	0.00907	0.26072	0.15935
2	0.01528	0.01045	0.01402	0.01497	0.01631	0.00979	0.01043	0.01770	0.02469	0.03394	0.23672	0.33086	0.08003	0.03100	0.01754	0.08529	0.00645	0.02481	0.01052	0.00920
3	0.01924	0.01175	0.01560	0.01547	0.01807	0.01075	0.01127	0.02310	0.02779	0.09894	0.28377	0.28292	0.08403	0.02679	0.01347	0.00394	0.00631	0.02390	0.01180	0.01107
4	0.01444	0.01055	0.01367	0.01543	0.01694	0.00978	0.01100	0.01733	0.02404	0.03195	0.14034	0.41635	0.13042	0.03218	0.01419	0.00438	0.00661	0.07013	0.01074	0.00953
5	0.03662	0.02530	0.02796	0.02320	0.03078	0.02774	0.01859	0.18390	0.28786	0.15059	0.04016	0.03699	0.02873	0.01450	0.01137	0.00363	0.01003	0.01171	0.01188	0.01846
6	0.22535	0.02103	0.02418	0.01912	0.02737	0.02066	0.01579	0.08983	0.03052	0.36207	0.03483	0.03171	0.02271	0.01293	0.01011	0.00347	0.00960	0.00976	0.01175	0.01722
7	0.53648	0.02401	0.02051	0.01735	0.02479	0.02747	0.01431	0.13972	0.02692	0.05520	0.01828	0.02029	0.01379	0.01115	0.00795	0.00346	0.00955	0.00702	0.00795	0.01379
8	0.03361	0.03228	0.10040	0.03997	0.17155	0.09391	0.07140	0.03966	0.02650	0.15008	0.02507	0.02853	0.01873	0.01266	0.01522	0.00363	0.10315	0.01004	0.00733	0.01627
9	0.03009	0.61122	0.05898	0.01926	0.02889	0.04454	0.01926	0.03370	0.02287	0.02648	0.01565	0.01805	0.01444	0.00963	0.00722	0.00241	0.01204	0.00602	0.00481	0.01444
10	0.31594	0.02147	0.02457	0.11714	0.03322	0.02691	0.01899	0.02997	0.01949	0.03889	0.01776	0.02408	0.01474	0.01362	0.01696	0.00391	0.18561	0.00826	0.05632	0.01215
11	0.02831	0.02025	0.02416	0.07379	0.03096	0.02203	0.01733	0.09470	0.21762	0.10892	0.11812	0.11263	0.04599	0.01815	0.01203	0.00377	0.00913	0.01552	0.01115	0.01546
12	0.01788	0.01184	0.01526	0.01450	0.01745	0.01076	0.01083	0.02251	0.03011	0.07711	0.40151	0.14252	0.13627	0.02430	0.01327	0.00368	0.00579	0.02138	0.01209	0.01095
13	0.02571	0.02208	0.03819	0.38525	0.15076	0.02482	0.07405	0.03296	0.02436	0.08005	0.02281	0.03046	0.01692	0.01113	0.01143	0.00366	0.01457	0.01044	0.00602	0.01432
14	0.03163	0.01751	0.02206	0.01991	0.02504	0.01715	0.01583	0.12318	0.03176	0.19790	0.04927	0.22948	0.04743	0.02363	0.01301	0.00411	0.00929	0.09568	0.01168	0.01443
15	0.01939	0.01190	0.01736	0.01671	0.01719	0.01317	0.01205	0.01733	0.01698	0.02359	0.06827	0.03899	0.02818	0.04062	0.10005	0.45734	0.07724	0.01105	0.00573	0.00687
16	0.07969	0.14167	0.09469	0.16236	0.08298	0.02805	0.02502	0.03367	0.02400	0.09195	0.05730	0.03011	0.02275	0.01265	0.01262	0.00347	0.06636	0.00959	0.00669	0.01439
17	0.10151	0.01227	0.01480	0.01460	0.01709	0.01210	0.01068	0.02087	0.02613	0.03950	0.30957	0.17003	0.07742	0.02575	0.01641	0.08497	0.00653	0.01952	0.01040	0.00984
18	0.10652	0.12711	0.07026	0.02051	0.02782	0.02750	0.01814	0.08346	0.18717	0.04485	0.13168	0.04067	0.03984	0.01475	0.01046	0.00341	0.00964	0.01171	0.00939	0.01510
19	0.09237	0.06727	0.02508	0.01867	0.02479	0.02117	0.01511	0.13351	0.03341	0.15839	0.16824	0.10943	0.04995	0.01809	0.01145	0.00351	0.00880	0.01498	0.01114	0.01466
20	0.03514	0.11400	0.03537	0.02397	0.03187	0.02578	0.07498	0.08279	0.14154	0.19954	0.03787	0.08688	0.02964	0.01501	0.01123	0.00352	0.01089	0.01291	0.01039	0.01668
21	0.24843	0.14828	0.03006	0.01845	0.02657	0.02649	0.01585	0.04373	0.07216	0.22462	0.02906	0.02783	0.02053	0.01201	0.00904	0.00328	0.00976	0.00862	0.00948	0.01576

[dist]
# distance from previous block
# <min> <max>
4	8

[block]
# block no. 7 follows, 11 sequences, length 21
# corresponding to MSA columns:
# 285-305
name=unknown_H
#
# <colnr> <probs for GDERKNQSTAVLIFYWHMCP>
#	G	D	E	R	K	N	Q	S	T	A	V	L	I	F	Y	W	H	M	C	P
0	0.02701	0.01627	0.01928	0.01623	0.02188	0.01493	0.01270	0.08237	0.02996	0.13566	0.13065	0.10008	0.09469	0.01781	0.01106	0.00317	0.00754	0.01498	0.12148	0.12226
1	0.21230	0.08411	0.11685	0.06883	0.03728	0.07443	0.06344	0.03959	0.07164	0.09619	0.02372	0.02592	0.01752	0.01136	0.00972	0.00343	0.01288	0.00874	0.00726	0.01482
2	0.02732	0.02579	0.12491	0.02336	0.03086	0.01953	0.06197	0.07436	0.07472	0.12230	0.04016	0.17891	0.03631	0.01842	0.01178	0.00373	0.01067	0.01620	0.08407	0.01462
3	0.03041	0.01821	0.02527	0.02134	0.02686	0.01758	0.05701	0.11309	0.03151	0.18133	0.09549	0.23868	0.04997	0.02197	0.01277	0.00388	0.00938	0.01956	0.01134	0.01437
4	0.03870	0.01983	0.02796	0.17458	0.04178	0.02002	0.02054	0.08422	0.03134	0.31452	0.07803	0.03897	0.03031	0.01394	0.01146	0.00355	0.01096	0.01163	0.01108	0.01657
5	0.02090	0.02001	0.08292	0.02487	0.07056	0.01550	0.06001	0.02666	0.02732	0.07831	0.22313	0.19434	0.06562	0.02165	0.01292	0.00381	0.00918	0.01968	0.00995	0.01266
6	0.01555	0.01091	0.01404	0.01476	0.01548	0.01126	0.00975	0.01716	0.01827	0.02489	0.04145	0.21155	0.04686	0.30812	0.17860	0.01105	0.01479	0.01958	0.00762	0.00832
7	0.02220	0.02016	0.03306	0.24693	0.22442	0.02182	0.02697	0.02883	0.02610	0.03595	0.15496	0.04355	0.04015	0.01393	0.01175	0.00355	0.01186	0.01275	0.00716	0.01390
8	0.62070	0.07878	0.02065	0.01523	0.02246	0.02711	0.01287	0.03314	0.01951	0.04818	0.01567	0.01826	0.01241	0.01037	0.00699	0.00338	0.00903	0.00609	0.00676	0.01241
9	0.02462	0.02462	0.03447	0.02955	0.02955	0.03447	0.02462	0.02709	0.01724	0.02709	0.01477	0.02462	0.01477	0.01970	0.03694	0.00492	0.58385	0.00985	0.00492	0.01231
10	0.02823	0.03795	0.21859	0.02736	0.03738	0.02906	0.02774	0.12245	0.21199	0.04519	0.03049	0.03123	0.02267	0.01368	0.01338	0.00375	0.06292	0.01041	0.00839	0.01712
11	0.20388	0.39608	0.04519	0.01877	0.02763	0.03846	0.01761	0.08118	0.02498	0.03739	0.01682	0.01904	0.01433	0.01024	0.00757	0.00279	0.01119	0.00646	0.00605	0.01433
12	0.14724	0.02182	0.02421	0.02042	0.02780	0.02307	0.01637	0.05338	0.24306	0.24033	0.04019	0.03657	0.02809	0.01394	0.01064	0.00363	0.00913	0.01106	0.01166	0.01739
13	0.01881	0.01218	0.01573	0.01445	0.01775	0.01106	0.01097	0.02382	0.03136	0.08849	0.44944	0.08204	0.13535	0.02266	0.01310	0.00356	0.00573	0.01983	0.01236	0.01129
14	0.02569	0.03082	0.16609	0.03144	0.08153	0.02246	0.10223	0.03800	0.11136	0.08715	0.08940	0.09563	0.03647	0.01547	0.01202	0.00372	0.01238	0.01415	0.00849	0.01550
15	0.14880	0.13584	0.03108	0.01991	0.02678	0.02942	0.01697	0.17022	0.03146	0.08693	0.02477	0.02697	0.01896	0.01274	0.01141	0.00323	0.06052	0.00876	0.12030	0.01494
16	0.02163	0.01277	0.01687	0.01513	0.01878	0.01160	0.01160	0.02679	0.03192	0.12714	0.44844	0.07652	0.09327	0.02151	0.01295	0.00353	0.00601	0.01886	0.01264	0.01203
17	0.05050	0.01915	0.02612	0.02003	0.02873	0.01654	0.01654	0.05485	0.03221	0.54203	0.04440	0.03831	0.02786	0.01393	0.01132	0.00348	0.00958	0.01132	0.01393	0.01915
18	0.03556	0.02090	0.02507	0.01985	0.02751	0.02004	0.01600	0.12953	0.08914	0.21836	0.12230	0.04199	0.03877	0.01461	0.01114	0.00319	0.00907	0.01202	0.01158	0.13338
19	0.04417	0.02522	0.03044	0.02369	0.03154	0.02666	0.01959	0.24630	0.03964	0.27620	0.03339	0.03179	0.02254	0.01440	0.01420	0.00360	0.07589	0.01063	0.01173	0.01837
20	0.02474	0.01832	0.02196	0.01663	0.02514	0.01453	0.01327	0.02936	0.02412	0.09236	0.03335	0.03564	0.07174	0.01781	0.05822	0.00355	0.01014	0.00943	0.00782	0.47187

[dist]
# distance from previous block
# <min> <max>
0	1

[block]
# block no. 8 follows, 11 sequences, length 27
# corresponding to MSA columns:
# 314-340
name=unknown_I
#
# <colnr> <probs for GDERKNQSTAVLIFYWHMCP>
#	G	D	E	R	K	N	Q	S	T	A	V	L	I	F	Y	W	H	M	C	P
0	0.48213	0.02147	0.01949	0.01675	0.02402	0.02370	0.01369	0.04045	0.07331	0.15387	0.02487	0.02497	0.01780	0.01168	0.00835	0.00352	0.00891	0.00789	0.00890	0.01424
1	0.02990	0.03009	0.09081	0.20754	0.04749	0.10687	0.02508	0.07626	0.07038	0.09675	0.08004	0.03532	0.02816	0.01335	0.01126	0.00352	0.01360	0.01089	0.00802	0.01467
2	0.02194	0.01499	0.02232	0.16232	0.07673	0.01566	0.01819	0.02634	0.02361	0.09136	0.04313	0.27972	0.04421	0.02215	0.01225	0.00392	0.00947	0.01982	0.07981	0.01205
3	0.02394	0.01259	0.01513	0.01379	0.01628	0.01195	0.00940	0.02627	0.02255	0.13305	0.09610	0.06280	0.04416	0.32364	0.03505	0.00724	0.00909	0.01490	0.11171	0.01034
4	0.04213	0.01730	0.02344	0.01861	0.02585	0.01511	0.01511	0.04672	0.03213	0.42177	0.16151	0.04939	0.04682	0.01613	0.01179	0.00350	0.00854	0.01351	0.01356	0.01709
5	0.03874	0.02952	0.03150	0.02508	0.03336	0.03301	0.02041	0.37717	0.17905	0.06441	0.03216	0.03112	0.02330	0.01399	0.01131	0.00350	0.01143	0.01084	0.01131	0.01878
6	0.27791	0.01874	0.01717	0.01503	0.02051	0.02070	0.01206	0.11721	0.02741	0.05066	0.02687	0.03013	0.02067	0.01217	0.00816	0.00309	0.00791	0.00875	0.29209	0.01276
7	0.43472	0.02556	0.02324	0.01911	0.02687	0.02900	0.01577	0.21330	0.03228	0.05844	0.02008	0.02168	0.01489	0.01164	0.00863	0.00344	0.01014	0.00766	0.00863	0.01489
8	0.01907	0.01213	0.01746	0.01670	0.01744	0.01334	0.01217	0.01802	0.01873	0.02620	0.12036	0.04397	0.03698	0.03851	0.09269	0.39077	0.07939	0.01211	0.00649	0.00746
9	0.03009	0.61122	0.05898	0.01926	0.02889	0.04454	0.01926	0.03370	0.02287	0.02648	0.01565	0.01805	0.01444	0.00963	0.00722	0.00241	0.01204	0.00602	0.00481	0.01444
10	0.24208	0.02422	0.02643	0.02562	0.08114	0.02777	0.01854	0.14614	0.08646	0.04993	0.02439	0.02716	0.01894	0.01305	0.01262	0.00357	0.07822	0.00912	0.06960	0.01498
11	0.03141	0.02452	0.03047	0.14661	0.07793	0.02768	0.02257	0.13898	0.23793	0.08903	0.03451	0.03503	0.02534	0.01355	0.01134	0.00365	0.01131	0.01130	0.00980	0.01705
12	0.02545	0.01305	0.01751	0.01664	0.02022	0.01175	0.01235	0.02893	0.02724	0.18907	0.16710	0.30527	0.06777	0.02586	0.01318	0.00400	0.00717	0.02294	0.01197	0.01254
13	0.01899	0.01548	0.02395	0.30092	0.04795	0.01787	0.02174	0.02459	0.02286	0.03097	0.03738	0.18069	0.03759	0.01990	0.01218	0.00401	0.01119	0.07550	0.08506	0.01117
14	0.01505	0.01103	0.01412	0.01429	0.01651	0.01010	0.01036	0.01919	0.02839	0.03912	0.35768	0.22696	0.14151	0.02693	0.01358	0.00385	0.00568	0.02389	0.01166	0.01010
15	0.01955	0.00978	0.01466	0.01466	0.01466	0.00978	0.00978	0.01466	0.01466	0.01955	0.01955	0.03421	0.01955	0.03910	0.04399	0.67253	0.00978	0.00978	0.00489	0.00489
16	0.02818	0.02798	0.10427	0.22546	0.15549	0.02657	0.03013	0.07279	0.02630	0.09002	0.02287	0.02872	0.01721	0.01240	0.01422	0.00372	0.08175	0.00992	0.00657	0.01543
17	0.02193	0.01726	0.02156	0.14424	0.03393	0.01920	0.01708	0.06581	0.13758	0.03826	0.04711	0.16746	0.08301	0.01956	0.01165	0.00375	0.00915	0.01687	0.11173	0.01287
18	0.27458	0.15041	0.08436	0.08518	0.03404	0.02897	0.01996	0.03768	0.07523	0.08218	0.02231	0.02442	0.01692	0.01121	0.00876	0.00333	0.01107	0.00792	0.00712	0.01436
19	0.16506	0.11207	0.03120	0.15371	0.03919	0.02466	0.01967	0.04096	0.02584	0.24074	0.02836	0.02920	0.01957	0.01193	0.00981	0.00338	0.01110	0.00915	0.00898	0.01544
20	0.24151	0.02155	0.02270	0.01895	0.02575	0.02283	0.01526	0.15813	0.03231	0.16103	0.07165	0.09853	0.03237	0.01596	0.01044	0.00359	0.00935	0.01252	0.01049	0.01508
21	0.02106	0.03051	0.22721	0.02165	0.02986	0.01717	0.02295	0.02849	0.02599	0.07472	0.19308	0.09654	0.05331	0.08757	0.01742	0.00451	0.01091	0.01533	0.00864	0.01309
22	0.02806	0.02102	0.08208	0.01925	0.02549	0.01623	0.01655	0.07435	0.02790	0.16471	0.08242	0.18703	0.04463	0.08298	0.01690	0.00442	0.00956	0.01714	0.01019	0.06910
23	0.03703	0.03133	0.19965	0.02316	0.03351	0.01911	0.02382	0.04380	0.02748	0.30956	0.03519	0.03761	0.02483	0.08309	0.01658	0.00439	0.01211	0.01091	0.00999	0.01684
24	0.03929	0.10123	0.13578	0.02351	0.03342	0.07355	0.02255	0.04804	0.07941	0.27883	0.03371	0.03166	0.02294	0.01269	0.01061	0.00335	0.01223	0.00985	0.00997	0.01738
25	0.03567	0.02764	0.13180	0.03355	0.15106	0.02005	0.02508	0.04203	0.02784	0.26727	0.03603	0.09318	0.02782	0.01467	0.01148	0.00358	0.01154	0.01265	0.00977	0.01726
26	0.10065	0.03012	0.14264	0.12599	0.14019	0.02436	0.02767	0.04054	0.08335	0.13460	0.02755	0.02998	0.01986	0.01179	0.01068	0.00356	0.01259	0.00980	0.00775	0.01632

[dist]
# distance from previous block
# <min> <max>
2	16

[block]
# block no. 9 follows, 11 sequences, length 6
# corresponding to MSA columns:
# 357-362
name=unknown_J
#
# <colnr> <probs for GDERKNQSTAVLIFYWHMCP>
#	G	D	E	R	K	N	Q	S	T	A	V	L	I	F	Y	W	H	M	C	P
0	0.17854	0.02795	0.07882	0.02147	0.02870	0.07535	0.01918	0.13206	0.03119	0.08487	0.06023	0.04548	0.03051	0.01578	0.01075	0.00364	0.01140	0.08242	0.04739	0.01427
1	0.08280	0.09108	0.15662	0.02641	0.03686	0.02905	0.06308	0.14155	0.11069	0.10975	0.02834	0.02885	0.02041	0.01224	0.01061	0.00345	0.01270	0.00983	0.00867	0.01702
2	0.14302	0.02284	0.03152	0.03712	0.20936	0.02285	0.02244	0.04454	0.07917	0.22757	0.03153	0.03169	0.02240	0.01210	0.01056	0.00347	0.01073	0.01016	0.00953	0.01740
3	0.18802	0.02433	0.03439	0.11434	0.28484	0.02632	0.02647	0.03673	0.08710	0.04046	0.02288	0.02762	0.01823	0.01097	0.01017	0.00349	0.01185	0.00941	0.00661	0.01577
4	0.02661	0.19586	0.04615	0.20064	0.25504	0.03145	0.02913	0.03263	0.02392	0.03146	0.01922	0.02561	0.01603	0.01026	0.01003	0.00319	0.01345	0.00885	0.00519	0.01531
5	0.02533	0.19455	0.04382	0.29963	0.16609	0.03111	0.02849	0.03151	0.02332	0.02989	0.01899	0.02603	0.01548	0.01050	0.01005	0.00327	0.01377	0.00884	0.00507	0.01427

[dist]
# distance from previous block
# <min> <max>
4	23

[block]
# block no. 10 follows, 11 sequences, length 69
# corresponding to MSA columns:
# 386-443,446-456
name=unknown_K
#
# <colnr> <probs for GDERKNQSTAVLIFYWHMCP>
#	G	D	E	R	K	N	Q	S	T	A	V	L	I	F	Y	W	H	M	C	P
0	0.09303	0.14382	0.08759	0.02126	0.03111	0.02719	0.01974	0.12810	0.03084	0.16563	0.02609	0.02625	0.01879	0.01140	0.00954	0.00295	0.01107	0.00847	0.00879	0.12837
1	0.08490	0.09438	0.08528	0.02268	0.03133	0.02762	0.02072	0.21124	0.03654	0.13264	0.06599	0.03993	0.02936	0.01487	0.01096	0.00349	0.01136	0.05035	0.00995	0.01642
2	0.08721	0.02758	0.12374	0.02148	0.03119	0.02054	0.02051	0.09707	0.03052	0.26315	0.03269	0.03166	0.02213	0.01243	0.01029	0.00325	0.01070	0.00972	0.06805	0.07611
3	0.02627	0.03169	0.14568	0.03072	0.08278	0.06610	0.09433	0.03314	0.02528	0.07470	0.02918	0.11971	0.02647	0.01431	0.01124	0.00328	0.01305	0.01290	0.00712	0.15205
4	0.02681	0.02790	0.08011	0.02262	0.02909	0.06910	0.01963	0.12618	0.06674	0.04042	0.04298	0.08692	0.11625	0.01801	0.01528	0.00360	0.09720	0.01370	0.00843	0.08905
5	0.13783	0.02428	0.11197	0.02147	0.02902	0.01822	0.07353	0.02733	0.02499	0.03942	0.14737	0.10498	0.08693	0.01718	0.01127	0.00348	0.00997	0.01490	0.00831	0.08756
6	0.02570	0.02822	0.15084	0.02420	0.03262	0.01992	0.05907	0.07349	0.06393	0.09528	0.03810	0.19783	0.03611	0.01861	0.01192	0.00368	0.01119	0.01641	0.00884	0.08403
7	0.14921	0.02696	0.11087	0.12919	0.03987	0.02295	0.02276	0.09217	0.02905	0.17162	0.07198	0.03352	0.02635	0.01303	0.01060	0.00354	0.01158	0.01031	0.00900	0.01544
8	0.09364	0.02431	0.11265	0.01794	0.02633	0.01696	0.01684	0.03043	0.02290	0.07542	0.02599	0.03286	0.02142	0.07799	0.01433	0.00355	0.00972	0.00900	0.11772	0.25000
9	0.02635	0.02578	0.11790	0.14980	0.04068	0.02111	0.02316	0.10622	0.03002	0.09965	0.09083	0.10660	0.07964	0.01736	0.01191	0.00370	0.01140	0.01471	0.00893	0.01426
10	0.07504	0.01863	0.02342	0.02064	0.02538	0.01954	0.05222	0.10494	0.10969	0.04453	0.15134	0.20832	0.05656	0.02172	0.01247	0.00388	0.00876	0.01917	0.01052	0.01323
11	0.02313	0.03159	0.22741	0.07249	0.03625	0.01873	0.02538	0.03158	0.02787	0.09887	0.22495	0.05001	0.05247	0.01602	0.01184	0.00356	0.01115	0.01361	0.00890	0.01417
12	0.01401	0.00992	0.01297	0.01529	0.01586	0.00934	0.01004	0.01575	0.02096	0.02795	0.05901	0.53758	0.07063	0.09999	0.01925	0.00529	0.00703	0.03022	0.01004	0.00888
13	0.03030	0.03115	0.07873	0.14341	0.14064	0.11722	0.02623	0.07516	0.08380	0.07314	0.02824	0.07202	0.02337	0.01367	0.01125	0.00353	0.01381	0.01146	0.00752	0.01538
14	0.60789	0.02292	0.01859	0.01612	0.02333	0.02639	0.01328	0.08809	0.02316	0.05292	0.01702	0.01932	0.01301	0.01081	0.00747	0.00347	0.00914	0.00657	0.00747	0.01301
15	0.02462	0.02462	0.03447	0.02955	0.02955	0.03447	0.02462	0.02709	0.01724	0.02709	0.01477	0.02462	0.01477	0.01970	0.03694	0.00492	0.58385	0.00985	0.00492	0.01231
16	0.02779	0.02223	0.02423	0.02176	0.02729	0.02481	0.01677	0.14939	0.28283	0.04793	0.04559	0.17919	0.04100	0.01993	0.01215	0.00391	0.00911	0.01701	0.01115	0.01592
17	0.10546	0.25869	0.04945	0.02784	0.03512	0.03599	0.12913	0.03250	0.02185	0.03169	0.01707	0.02258	0.01487	0.01225	0.01612	0.00349	0.15812	0.00867	0.00530	0.01381
18	0.03107	0.01837	0.02661	0.02097	0.02724	0.01783	0.09793	0.08789	0.02939	0.15619	0.03485	0.03738	0.02542	0.01269	0.00999	0.00311	0.00948	0.01113	0.32822	0.01425
19	0.01869	0.01212	0.01593	0.01463	0.01777	0.01109	0.01109	0.02393	0.03189	0.08487	0.48960	0.08041	0.09993	0.02228	0.01312	0.00354	0.00565	0.01963	0.01251	0.01130
20	0.03737	0.02789	0.03092	0.07563	0.03642	0.03117	0.02078	0.36703	0.09613	0.06203	0.02917	0.03015	0.02119	0.01345	0.01099	0.00339	0.01165	0.01042	0.06656	0.01765
21	0.14464	0.02165	0.02598	0.02023	0.02873	0.02097	0.01671	0.12658	0.03376	0.38800	0.03712	0.03338	0.02402	0.01333	0.01065	0.00346	0.00992	0.01033	0.01243	0.01810
22	0.01795	0.01184	0.01532	0.01454	0.01749	0.01078	0.01086	0.02260	0.03017	0.07778	0.40555	0.14355	0.13013	0.02424	0.01327	0.00368	0.00579	0.02135	0.01212	0.01097
23	0.04332	0.02296	0.02724	0.02140	0.02946	0.02315	0.01751	0.19983	0.08160	0.29688	0.03807	0.03520	0.02563	0.01384	0.01101	0.00340	0.01007	0.01098	0.07018	0.01827
24	0.01955	0.00978	0.01466	0.01466	0.01466	0.00978	0.00978	0.01466	0.01466	0.01955	0.01955	0.03421	0.01955	0.03910	0.04399	0.67253	0.00978	0.00978	0.00489	0.00489
25	0.03078	0.03495	0.23186	0.02375	0.03602	0.01987	0.02548	0.03880	0.02604	0.18039	0.02704	0.02778	0.01890	0.01087	0.01012	0.00294	0.01199	0.00865	0.00798	0.22580
26	0.03669	0.09411	0.03146	0.02222	0.02968	0.02823	0.01826	0.25712	0.07388	0.13543	0.03572	0.12328	0.03028	0.01685	0.01132	0.00351	0.01066	0.01365	0.01082	0.01684
27	0.03178	0.03126	0.15770	0.02328	0.03346	0.02265	0.02278	0.13018	0.07115	0.14127	0.08169	0.03492	0.02953	0.01313	0.01085	0.00320	0.01121	0.01059	0.00947	0.12992
28	0.12889	0.14521	0.12152	0.07345	0.03940	0.15357	0.06747	0.03868	0.06895	0.03478	0.02055	0.02386	0.01617	0.01102	0.00972	0.00324	0.01482	0.00831	0.00605	0.01434
