[name]
unknown

[dist]
# distance from previous block
# <min> <max>
50	563

[block]
# block no. 0 follows, 12 sequences, length 6
# corresponding to MSA columns:
# 753-758
name=unknown_A
#
# <colnr> <probs for GDERKNQSTAVLIFYWHMCP>
#	G	D	E	R	K	N	Q	S	T	A	V	L	I	F	Y	W	H	M	C	P
0	0.17688	0.02341	0.02103	0.01833	0.02425	0.08899	0.01447	0.08620	0.12927	0.11000	0.03064	0.03122	0.02277	0.01252	0.00915	0.00317	0.00953	0.00935	0.16469	0.01414
1	0.01926	0.01659	0.02370	0.01946	0.02390	0.01646	0.05632	0.02424	0.02632	0.03834	0.29783	0.05475	0.06210	0.01753	0.01553	0.00327	0.10289	0.01458	0.00906	0.15786
2	0.02221	0.02029	0.02696	0.02405	0.02596	0.02639	0.01950	0.03123	0.12877	0.03020	0.02512	0.03294	0.02215	0.03603	0.18377	0.00817	0.30659	0.01076	0.00646	0.01247
3	0.02170	0.02909	0.15299	0.38016	0.06607	0.02501	0.11013	0.03046	0.02271	0.03046	0.01986	0.02780	0.01470	0.01051	0.01110	0.00360	0.01550	0.00985	0.00490	0.01341
4	0.23015	0.12532	0.08346	0.02575	0.06769	0.06531	0.02147	0.03150	0.02028	0.03460	0.01585	0.02084	0.01366	0.01272	0.01626	0.00358	0.18549	0.00754	0.00544	0.01308
5	0.03332	0.02040	0.03079	0.15102	0.09378	0.02075	0.05576	0.06509	0.06583	0.23437	0.03489	0.08870	0.02690	0.01430	0.01136	0.00356	0.01126	0.01267	0.00955	0.01571

[dist]
# distance from previous block
# <min> <max>
0	1

[block]
# block no. 1 follows, 12 sequences, length 40
# corresponding to MSA columns:
# 760-799
name=unknown_B
#
# <colnr> <probs for GDERKNQSTAVLIFYWHMCP>
#	G	D	E	R	K	N	Q	S	T	A	V	L	I	F	Y	W	H	M	C	P
0	0.01381	0.01082	0.01250	0.01264	0.01544	0.00951	0.00927	0.01723	0.02620	0.03398	0.24735	0.18193	0.31659	0.02693	0.01305	0.00372	0.00553	0.02325	0.01076	0.00951
1	0.02513	0.02223	0.03971	0.35245	0.14839	0.02439	0.11578	0.03234	0.02386	0.07746	0.02216	0.02949	0.01647	0.01062	0.01124	0.00355	0.01449	0.01038	0.00583	0.01403
2	0.02223	0.02105	0.03567	0.45631	0.19657	0.02466	0.03110	0.02930	0.02258	0.02985	0.01967	0.02854	0.01524	0.01060	0.01087	0.00353	0.01413	0.00970	0.00499	0.01344
3	0.01501	0.01113	0.01400	0.01328	0.01603	0.01011	0.00996	0.01977	0.02988	0.04138	0.47198	0.08531	0.17540	0.02317	0.01286	0.00347	0.00521	0.02026	0.01169	0.01011
4	0.04892	0.01856	0.02530	0.01940	0.02783	0.01603	0.01603	0.05314	0.03121	0.55634	0.04302	0.03711	0.02699	0.01350	0.01096	0.00337	0.00928	0.01096	0.01350	0.01856
5	0.01306	0.01037	0.01175	0.01285	0.01520	0.00905	0.00908	0.01545	0.02312	0.02875	0.08851	0.32489	0.33858	0.03047	0.01334	0.00401	0.00587	0.02649	0.01012	0.00905
6	0.01406	0.01041	0.01313	0.01389	0.01581	0.00948	0.00987	0.01738	0.02548	0.03434	0.25812	0.31482	0.16638	0.02837	0.01332	0.00391	0.00572	0.02519	0.01086	0.00948
7	0.02915	0.62337	0.05714	0.01866	0.02799	0.04314	0.01866	0.03265	0.02215	0.02565	0.01516	0.01749	0.01399	0.00933	0.00700	0.00233	0.01166	0.00583	0.00466	0.01399
8	0.01586	0.01057	0.01189	0.01189	0.01189	0.01057	0.00661	0.01586	0.01586	0.02114	0.03436	0.07135	0.03964	0.61681	0.05550	0.01057	0.01057	0.01586	0.00661	0.00661
9	0.02915	0.62337	0.05714	0.01866	0.02799	0.04314	0.01866	0.03265	0.02215	0.02565	0.01516	0.01749	0.01399	0.00933	0.00700	0.00233	0.01166	0.00583	0.00466	0.01399
10	0.01543	0.01115	0.01457	0.01372	0.01629	0.01029	0.01029	0.02058	0.03086	0.04372	0.54304	0.08145	0.10288	0.02229	0.01286	0.00343	0.00514	0.01972	0.01200	0.01029
11	0.02385	0.02385	0.03340	0.02863	0.02863	0.03340	0.02385	0.02624	0.01670	0.02624	0.01431	0.02385	0.01431	0.01908	0.03578	0.00477	0.59685	0.00954	0.00477	0.01193
12	0.02385	0.02385	0.03340	0.02863	0.02863	0.03340	0.02385	0.02624	0.01670	0.02624	0.01431	0.02385	0.01431	0.01908	0.03578	0.00477	0.59685	0.00954	0.00477	0.01193
13	0.69383	0.02109	0.01603	0.01434	0.02109	0.02446	0.01181	0.03205	0.01856	0.04892	0.01518	0.01771	0.01181	0.01012	0.00675	0.00337	0.00843	0.00590	0.00675	0.01181
14	0.04073	0.05197	0.03090	0.02809	0.03371	0.57303	0.02107	0.04354	0.03090	0.02669	0.01685	0.01966	0.01404	0.01124	0.00983	0.00281	0.01966	0.00702	0.00562	0.01264
15	0.69383	0.02109	0.01603	0.01434	0.02109	0.02446	0.01181	0.03205	0.01856	0.04892	0.01518	0.01771	0.01181	0.01012	0.00675	0.00337	0.00843	0.00590	0.00675	0.01181
16	0.02712	0.02342	0.02465	0.02219	0.02835	0.02712	0.01726	0.05794	0.52909	0.04561	0.04438	0.04068	0.03328	0.01479	0.01109	0.00370	0.00863	0.01233	0.01109	0.01726
17	0.02287	0.04943	0.43223	0.03492	0.04972	0.02590	0.16137	0.03463	0.02372	0.03463	0.02021	0.02467	0.01452	0.01006	0.01101	0.00351	0.01670	0.00930	0.00484	0.01575
18	0.04892	0.01856	0.02530	0.01940	0.02783	0.01603	0.01603	0.05314	0.03121	0.55634	0.04302	0.03711	0.02699	0.01350	0.01096	0.00337	0.00928	0.01096	0.01350	0.01856
19	0.01888	0.01027	0.01112	0.01120	0.01358	0.01007	0.00829	0.02369	0.02403	0.04003	0.12260	0.09793	0.04439	0.01621	0.00906	0.00286	0.00520	0.01361	0.50692	0.01007
20	0.01518	0.01114	0.01422	0.01345	0.01613	0.01018	0.01009	0.02008	0.03026	0.04229	0.49946	0.08381	0.14735	0.02283	0.01286	0.00345	0.00518	0.02005	0.01181	0.01018
21	0.15174	0.02037	0.03028	0.02432	0.03101	0.02047	0.13711	0.03648	0.09887	0.12766	0.07995	0.12622	0.03633	0.01602	0.01131	0.00367	0.01047	0.01463	0.00923	0.01388
22	0.03964	0.04620	0.03058	0.07738	0.03688	0.47634	0.02145	0.04297	0.03012	0.07232	0.01933	0.02200	0.01520	0.01140	0.01002	0.00293	0.01831	0.00760	0.00623	0.01310
23	0.02813	0.02202	0.02391	0.02127	0.02735	0.02480	0.01660	0.05455	0.44529	0.09089	0.08381	0.04360	0.03824	0.01527	0.01122	0.00365	0.00841	0.01279	0.01138	0.01682
24	0.02974	0.01616	0.02004	0.01693	0.02214	0.01544	0.01321	0.07186	0.07346	0.21825	0.21914	0.05933	0.08911	0.06694	0.01540	0.00402	0.00785	0.01524	0.01178	0.01397
25	0.02261	0.01938	0.02261	0.01615	0.02584	0.01453	0.01292	0.02745	0.02261	0.03553	0.01938	0.02261	0.01615	0.00807	0.00807	0.00161	0.00807	0.00646	0.00646	0.68346
26	0.09672	0.02799	0.02984	0.02339	0.03166	0.03082	0.01921	0.38614	0.09487	0.10633	0.02850	0.02784	0.02017	0.01304	0.01057	0.00333	0.01112	0.00983	0.01079	0.01784
27	0.02847	0.01554	0.02082	0.02093	0.06332	0.01446	0.01455	0.06346	0.02787	0.21145	0.09248	0.24637	0.08961	0.02231	0.01230	0.00376	0.00807	0.01954	0.01110	0.01360
28	0.02469	0.02190	0.03287	0.16216	0.04336	0.02152	0.10277	0.09929	0.02798	0.03925	0.07358	0.03179	0.02491	0.01112	0.01048	0.00288	0.01169	0.01017	0.00712	0.24046
29	0.02672	0.02658	0.03673	0.08802	0.16997	0.08028	0.10320	0.04081	0.18255	0.03766	0.06916	0.03541	0.02835	0.01246	0.01130	0.00346	0.01270	0.01156	0.00768	0.01537
30	0.01520	0.01099	0.01421	0.01412	0.01582	0.01099	0.01003	0.01831	0.02255	0.03115	0.21668	0.11390	0.09971	0.18681	0.16234	0.00880	0.01258	0.01793	0.00883	0.00903
31	0.03165	0.02966	0.03704	0.04194	0.23949	0.12571	0.06155	0.07476	0.02830	0.07917	0.02205	0.02581	0.01732	0.01025	0.01032	0.00292	0.01339	0.00900	0.00674	0.13294
32	0.01514	0.01063	0.01286	0.01326	0.01401	0.01068	0.00846	0.01633	0.01772	0.02362	0.04431	0.15444	0.08747	0.38491	0.13028	0.01013	0.01252	0.01819	0.00735	0.00771
33	0.03363	0.02640	0.03654	0.11701	0.04314	0.02856	0.11028	0.23638	0.11724	0.09431	0.02874	0.03050	0.02065	0.01234	0.01130	0.00348	0.01278	0.01086	0.00922	0.01662
34	0.02485	0.02113	0.02268	0.02104	0.02629	0.02412	0.01609	0.05092	0.44561	0.04269	0.04696	0.13415	0.03966	0.01797	0.01156	0.00382	0.00825	0.01539	0.01093	0.01588
35	0.02261	0.01938	0.02261	0.01615	0.02584	0.01453	0.01292	0.02745	0.02261	0.03553	0.01938	0.02261	0.01615	0.00807	0.00807	0.00161	0.00807	0.00646	0.00646	0.68346
36	0.01523	0.01107	0.01519	0.01545	0.01720	0.01179	0.01143	0.01763	0.01863	0.02532	0.04520	0.11173	0.11705	0.11018	0.33350	0.07232	0.01966	0.01565	0.00694	0.00885
37	0.14681	0.02725	0.02805	0.02205	0.02992	0.03026	0.01814	0.39193	0.04347	0.06307	0.02517	0.02602	0.01824	0.01257	0.00994	0.00323	0.01082	0.00920	0.06714	0.01672
38	0.13497	0.09145	0.33346	0.02829	0.04115	0.02760	0.07936	0.07639	0.02499	0.03925	0.01933	0.02262	0.01419	0.01036	0.00980	0.00336	0.01436	0.00816	0.00561	0.01531
39	0.69383	0.02109	0.01603	0.01434	0.02109	0.02446	0.01181	0.03205	0.01856	0.04892	0.01518	0.01771	0.01181	0.01012	0.00675	0.00337	0.00843	0.00590	0.00675	0.01181

[dist]
# distance from previous block
# <min> <max>
21	201

[block]
# block no. 2 follows, 12 sequences, length 15
# corresponding to MSA columns:
# 1012-1026
name=unknown_C
#
# <colnr> <probs for GDERKNQSTAVLIFYWHMCP>
#	G	D	E	R	K	N	Q	S	T	A	V	L	I	F	Y	W	H	M	C	P
0	0.20108	0.01528	0.01694	0.05262	0.02292	0.01535	0.01241	0.02373	0.02257	0.03800	0.13362	0.20775	0.04860	0.01937	0.01058	0.00342	0.00750	0.01643	0.00861	0.12323
1	0.04181	0.02075	0.02929	0.05448	0.03287	0.01984	0.04995	0.08669	0.03054	0.38184	0.03544	0.03341	0.02334	0.01306	0.01254	0.00338	0.04931	0.01054	0.01123	0.05969
2	0.03434	0.01694	0.02186	0.01912	0.02480	0.01608	0.01525	0.08001	0.06125	0.28848	0.04763	0.18697	0.04208	0.02063	0.01219	0.00385	0.00884	0.07273	0.01187	0.01506
3	0.02785	0.01217	0.01750	0.01575	0.01825	0.01142	0.01142	0.02577	0.01926	0.17862	0.02609	0.03432	0.02133	0.03063	0.03321	0.48089	0.00941	0.00991	0.00734	0.00884
4	0.02156	0.02071	0.03291	0.42361	0.06129	0.02695	0.02837	0.02738	0.02029	0.02738	0.01787	0.02752	0.01447	0.01333	0.01829	0.00397	0.18757	0.00965	0.00482	0.01206
5	0.02901	0.01914	0.03050	0.42087	0.06105	0.02179	0.02605	0.03537	0.02460	0.18489	0.02640	0.03146	0.01824	0.01167	0.01092	0.00356	0.01297	0.01007	0.00742	0.01403
6	0.03830	0.01894	0.02387	0.01899	0.02589	0.01803	0.01541	0.13644	0.03514	0.31889	0.17580	0.04699	0.04596	0.01581	0.01147	0.00337	0.00870	0.01312	0.01257	0.01630
7	0.02137	0.01362	0.01731	0.01658	0.01841	0.01471	0.01178	0.02720	0.16720	0.02686	0.02650	0.03538	0.02320	0.03102	0.03325	0.48099	0.00922	0.01032	0.00662	0.00846
8	0.02198	0.02018	0.03113	0.35542	0.11879	0.02155	0.02551	0.02843	0.02241	0.03109	0.01952	0.02689	0.01535	0.00992	0.01005	0.00299	0.01242	0.00873	0.00539	0.21223
9	0.16044	0.27942	0.03728	0.01814	0.02664	0.02927	0.01637	0.04039	0.02496	0.23342	0.02584	0.02505	0.01857	0.01107	0.00847	0.00293	0.01015	0.00781	0.00844	0.01534
10	0.03350	0.02372	0.03863	0.05280	0.39399	0.02297	0.02828	0.03931	0.02672	0.19035	0.02720	0.03000	0.02016	0.01084	0.01085	0.00328	0.01186	0.01009	0.00780	0.01765
11	0.02471	0.01407	0.01644	0.01446	0.01961	0.01245	0.01132	0.02988	0.05902	0.18826	0.12355	0.07871	0.32039	0.02215	0.01220	0.00357	0.00680	0.01848	0.01135	0.01258
12	0.02385	0.01229	0.01630	0.01616	0.01931	0.01101	0.01175	0.02649	0.02421	0.18499	0.05839	0.40579	0.09030	0.02758	0.01297	0.00406	0.00715	0.02451	0.01112	0.01176
13	0.03043	0.01914	0.02341	0.01712	0.02643	0.01498	0.01384	0.03509	0.02516	0.19029	0.02640	0.02692	0.01937	0.00969	0.00893	0.00214	0.00843	0.00780	0.00855	0.48589
14	0.04661	0.02189	0.06159	0.02056	0.02953	0.01784	0.01796	0.08262	0.03200	0.48882	0.04032	0.03544	0.02554	0.01326	0.01092	0.00337	0.00992	0.01069	0.01273	0.01839

[dist]
# distance from previous block
# <min> <max>
0	6

[block]
# block no. 3 follows, 12 sequences, length 9
# corresponding to MSA columns:
# 1033-1041
name=unknown_D
#
# <colnr> <probs for GDERKNQSTAVLIFYWHMCP>
#	G	D	E	R	K	N	Q	S	T	A	V	L	I	F	Y	W	H	M	C	P
0	0.01434	0.01066	0.01356	0.01526	0.01715	0.00989	0.01142	0.01739	0.02351	0.03053	0.10851	0.34497	0.17774	0.03085	0.01386	0.00432	0.00690	0.12956	0.01025	0.00932
1	0.02935	0.20645	0.03235	0.01870	0.02477	0.10823	0.01562	0.06012	0.02856	0.10217	0.17754	0.04297	0.04383	0.04931	0.01271	0.00340	0.01059	0.01161	0.00861	0.01311
2	0.03686	0.03483	0.06962	0.05782	0.03466	0.20901	0.02108	0.08267	0.14483	0.15301	0.03002	0.02965	0.02166	0.01260	0.01056	0.00327	0.01368	0.00956	0.00890	0.01570
3	0.01888	0.15015	0.02220	0.01343	0.01556	0.01799	0.00935	0.01968	0.01729	0.02217	0.02998	0.05908	0.03380	0.47844	0.04445	0.00869	0.01082	0.01357	0.00616	0.00829
4	0.02532	0.07643	0.13101	0.09380	0.19463	0.02765	0.22490	0.03368	0.02446	0.03377	0.02049	0.02682	0.01597	0.00967	0.01129	0.00341	0.01566	0.01044	0.00522	0.01538
5	0.02261	0.01938	0.02261	0.01615	0.02584	0.01453	0.01292	0.02745	0.02261	0.03553	0.01938	0.02261	0.01615	0.00807	0.00807	0.00161	0.00807	0.00646	0.00646	0.68346
6	0.02655	0.39937	0.12597	0.01998	0.03042	0.03391	0.02065	0.03175	0.02239	0.02926	0.01679	0.01950	0.01446	0.00920	0.00775	0.00234	0.01152	0.00631	0.00506	0.16681
7	0.01557	0.01205	0.01464	0.01456	0.01762	0.01034	0.01021	0.01810	0.02139	0.02924	0.05554	0.36114	0.12132	0.07675	0.01597	0.00421	0.00697	0.02303	0.00899	0.16237
8	0.02147	0.01277	0.01482	0.01334	0.01794	0.01092	0.01034	0.02492	0.02719	0.15159	0.15928	0.08600	0.36101	0.02361	0.01244	0.00357	0.00632	0.01978	0.01117	0.01150

[dist]
# distance from previous block
# <min> <max>
0	2

[block]
# block no. 4 follows, 12 sequences, length 16
# corresponding to MSA columns:
# 1044-1059
name=unknown_E
#
# <colnr> <probs for GDERKNQSTAVLIFYWHMCP>
#	G	D	E	R	K	N	Q	S	T	A	V	L	I	F	Y	W	H	M	C	P
0	0.19713	0.01333	0.01295	0.01286	0.01546	0.01380	0.00882	0.02007	0.01901	0.03114	0.04734	0.13973	0.13281	0.25895	0.02839	0.00645	0.00843	0.01669	0.00781	0.00882
1	0.02331	0.01309	0.01590	0.01406	0.01870	0.01135	0.01094	0.02715	0.02829	0.17517	0.21712	0.07993	0.27796	0.02228	0.01236	0.00353	0.00642	0.01882	0.01157	0.01203
2	0.03868	0.02787	0.02977	0.02313	0.03105	0.03072	0.01901	0.44869	0.04755	0.06504	0.02741	0.02807	0.01977	0.01304	0.01048	0.00318	0.01109	0.00986	0.09814	0.01745
3	0.04892	0.01856	0.02530	0.01940	0.02783	0.01603	0.01603	0.05314	0.03121	0.55634	0.04302	0.03711	0.02699	0.01350	0.01096	0.00337	0.00928	0.01096	0.01350	0.01856
4	0.52051	0.02041	0.01852	0.01570	0.02290	0.02219	0.01294	0.03772	0.02196	0.18529	0.02266	0.02293	0.01589	0.01103	0.00788	0.00337	0.00866	0.00726	0.00856	0.01362
5	0.01888	0.01402	0.01532	0.01466	0.01632	0.01502	0.00947	0.02717	0.15379	0.02772	0.03705	0.06311	0.03793	0.45502	0.04356	0.00872	0.01005	0.01491	0.00781	0.00947
6	0.03446	0.46082	0.04858	0.01886	0.02794	0.03586	0.01795	0.03816	0.02459	0.16828	0.02265	0.02276	0.01749	0.01045	0.00806	0.00261	0.01102	0.00721	0.00704	0.01522
7	0.04892	0.01856	0.02530	0.01940	0.02783	0.01603	0.01603	0.05314	0.03121	0.55634	0.04302	0.03711	0.02699	0.01350	0.01096	0.00337	0.00928	0.01096	0.01350	0.01856
8	0.02528	0.18497	0.03978	0.02595	0.02845	0.03602	0.02246	0.02796	0.01816	0.02608	0.01454	0.02214	0.01423	0.01646	0.02805	0.00412	0.43958	0.00854	0.00474	0.01248
9	0.20960	0.02237	0.03031	0.14870	0.18637	0.02408	0.02316	0.06917	0.02547	0.12738	0.02303	0.02656	0.01697	0.01094	0.00977	0.00338	0.01138	0.00890	0.00740	0.01506
10	0.20620	0.02461	0.03667	0.05279	0.40697	0.02552	0.02764	0.03308	0.02314	0.03920	0.01908	0.02449	0.01580	0.00982	0.00971	0.00327	0.01174	0.00869	0.00576	0.01580
11	0.02800	0.53402	0.13643	0.02061	0.03101	0.04034	0.02207	0.03295	0.02229	0.02705	0.01585	0.01836	0.01396	0.00949	0.00753	0.00251	0.01236	0.00618	0.00465	0.01433
12	0.02695	0.23269	0.27677	0.02434	0.03606	0.02978	0.02767	0.06659	0.02590	0.07170	0.06433	0.02735	0.02263	0.01144	0.00956	0.00307	0.01298	0.00864	0.00631	0.01527
13	0.01616	0.01325	0.01490	0.01357	0.01823	0.01100	0.01032	0.01939	0.02324	0.03056	0.07154	0.12076	0.28482	0.07027	0.01527	0.00385	0.00706	0.05671	0.00885	0.19025
14	0.03935	0.03760	0.03738	0.03002	0.03769	0.29312	0.13624	0.04406	0.02975	0.17100	0.02513	0.02668	0.01812	0.01136	0.01086	0.00317	0.01657	0.00948	0.00771	0.01472
15	0.18855	0.01899	0.01971	0.01752	0.02188	0.05529	0.01337	0.03239	0.02251	0.17347	0.03328	0.12666	0.03084	0.12645	0.02057	0.00493	0.05904	0.01342	0.00882	0.01227

[dist]
# distance from previous block
# <min> <max>
0	1

[block]
# block no. 5 follows, 12 sequences, length 23
# corresponding to MSA columns:
# 1061-1083
name=unknown_F
#
# <colnr> <probs for GDERKNQSTAVLIFYWHMCP>
#	G	D	E	R	K	N	Q	S	T	A	V	L	I	F	Y	W	H	M	C	P
0	0.02090	0.01820	0.02919	0.26012	0.17717	0.01994	0.02412	0.02724	0.02498	0.03497	0.15462	0.04286	0.03889	0.01365	0.01110	0.00339	0.01095	0.01229	0.06259	0.01282
1	0.02400	0.02487	0.02571	0.16858	0.03759	0.16048	0.02009	0.02804	0.02183	0.02605	0.02271	0.03414	0.02055	0.08435	0.19725	0.00855	0.06853	0.01015	0.00550	0.01101
2	0.01535	0.01281	0.01756	0.16206	0.03081	0.01315	0.01472	0.01940	0.02392	0.03070	0.13699	0.21073	0.22296	0.02420	0.01263	0.00382	0.00800	0.02113	0.00903	0.01002
3	0.52007	0.02065	0.02033	0.16306	0.03503	0.02440	0.01658	0.03097	0.01939	0.04348	0.01627	0.02064	0.01251	0.01032	0.00782	0.00344	0.01001	0.00688	0.00626	0.01189
4	0.01634	0.01325	0.01867	0.16216	0.03121	0.01370	0.01512	0.02164	0.02753	0.03726	0.33602	0.07183	0.15343	0.02024	0.01236	0.00352	0.00763	0.01768	0.00984	0.01058
5	0.02581	0.02351	0.03240	0.03400	0.16285	0.02360	0.06079	0.04193	0.22826	0.03958	0.03000	0.03159	0.02340	0.01130	0.01038	0.00304	0.01039	0.01019	0.00799	0.18899
6	0.02885	0.04663	0.42224	0.02806	0.04220	0.02292	0.03402	0.03933	0.02513	0.16920	0.02562	0.02666	0.01721	0.01117	0.01052	0.00343	0.01435	0.00881	0.00690	0.01674
7	0.02383	0.01904	0.03312	0.17496	0.08513	0.01934	0.12043	0.03012	0.02630	0.09951	0.16101	0.08498	0.04363	0.01538	0.01202	0.00358	0.01153	0.01461	0.00832	0.01316
8	0.02915	0.62337	0.05714	0.01866	0.02799	0.04314	0.01866	0.03265	0.02215	0.02565	0.01516	0.01749	0.01399	0.00933	0.00700	0.00233	0.01166	0.00583	0.00466	0.01399
9	0.01560	0.01160	0.01709	0.01709	0.01889	0.01339	0.01309	0.01919	0.01740	0.02499	0.02960	0.04502	0.02821	0.12280	0.53387	0.01699	0.02778	0.01200	0.00590	0.00950
10	0.02885	0.04663	0.42224	0.02806	0.04220	0.02292	0.03402	0.03933	0.02513	0.16920	0.02562	0.02666	0.01721	0.01117	0.01052	0.00343	0.01435	0.00881	0.00690	0.01674
11	0.02668	0.01181	0.01707	0.01555	0.01772	0.01116	0.01116	0.02425	0.01859	0.15763	0.02515	0.03417	0.02102	0.03159	0.03445	0.50743	0.00942	0.00986	0.00700	0.00830
12	0.01328	0.00949	0.01265	0.01518	0.01581	0.00886	0.01012	0.01518	0.02088	0.02783	0.06010	0.60969	0.07212	0.03416	0.01392	0.00443	0.00633	0.03100	0.01012	0.00886
13	0.03183	0.03139	0.02694	0.02395	0.03019	0.16857	0.01853	0.09230	0.36049	0.04266	0.03575	0.03404	0.02708	0.01373	0.01075	0.00343	0.01176	0.01075	0.00967	0.01617
14	0.13069	0.07852	0.15822	0.02289	0.03258	0.06423	0.02245	0.08168	0.08874	0.17421	0.02801	0.02763	0.01971	0.01188	0.00983	0.00330	0.01190	0.00891	0.00859	0.01605
15	0.02459	0.03584	0.18832	0.04072	0.05213	0.02748	0.34930	0.03411	0.02429	0.03411	0.02078	0.02732	0.01566	0.01031	0.01413	0.00371	0.06578	0.01136	0.00522	0.01483
16	0.01316	0.00997	0.01215	0.01390	0.01548	0.00896	0.00955	0.01533	0.02211	0.02834	0.07574	0.45288	0.21883	0.03213	0.01360	0.00420	0.00608	0.02852	0.01012	0.00896
17	0.01806	0.02290	0.15527	0.01865	0.02470	0.01448	0.01873	0.02512	0.02693	0.03933	0.26941	0.06696	0.06403	0.01907	0.01183	0.00355	0.00868	0.08177	0.09880	0.01174
18	0.02775	0.03264	0.15913	0.04935	0.26922	0.02520	0.14832	0.03600	0.02529	0.08699	0.02292	0.02772	0.01731	0.01010	0.01122	0.00340	0.01459	0.01024	0.00606	0.01653
19	0.01626	0.02266	0.15436	0.01764	0.02383	0.01377	0.01750	0.02247	0.02647	0.03638	0.25711	0.11661	0.18996	0.02156	0.01231	0.00358	0.00817	0.01849	0.00946	0.01140
20	0.04294	0.02136	0.03538	0.02625	0.03536	0.01901	0.14330	0.04844	0.02980	0.42177	0.03761	0.03512	0.02429	0.01238	0.01146	0.00345	0.01163	0.01146	0.01144	0.01756
21	0.03718	0.04524	0.03435	0.03811	0.16664	0.43183	0.02427	0.04094	0.02933	0.02899	0.01780	0.02155	0.01488	0.01084	0.01008	0.00292	0.01793	0.00772	0.00556	0.01384
22	0.02388	0.02904	0.16611	0.22473	0.08531	0.02289	0.02807	0.06227	0.05682	0.06582	0.05826	0.07612	0.02655	0.01369	0.01112	0.00357	0.01279	0.01177	0.00694	0.01425

[dist]
# distance from previous block
# <min> <max>
11	226

# created by:
# /st0/software/busco_prod/Augustus/scripts/msa2prfl.pl ./align_prep/3222.fa
