[name]
unknown

[dist]
# distance from previous block
# <min> <max>
19	178

[block]
# block no. 0 follows, 10 sequences, length 15
# corresponding to MSA columns:
# 197-211
name=unknown_A
#
# <colnr> <probs for GDERKNQSTAVLIFYWHMCP>
#	G	D	E	R	K	N	Q	S	T	A	V	L	I	F	Y	W	H	M	C	P
0	0.03000	0.09977	0.04648	0.14467	0.14434	0.02741	0.13595	0.03688	0.02673	0.10591	0.02809	0.03858	0.02273	0.01281	0.01195	0.00370	0.01455	0.04645	0.00724	0.01577
1	0.15248	0.02373	0.03796	0.29421	0.15392	0.02668	0.08337	0.03271	0.02373	0.03672	0.02038	0.02822	0.01577	0.01099	0.01099	0.00374	0.01439	0.00996	0.00577	0.01429
2	0.23111	0.02245	0.03179	0.03579	0.16686	0.02305	0.08022	0.03124	0.02451	0.04108	0.03909	0.05048	0.09470	0.01585	0.01130	0.00386	0.01150	0.06354	0.00757	0.01401
3	0.15527	0.02608	0.04372	0.03184	0.04223	0.02418	0.23189	0.03402	0.02483	0.04045	0.02113	0.02650	0.01650	0.00961	0.01074	0.00313	0.01388	0.01000	0.00648	0.22751
4	0.15943	0.02465	0.03109	0.09486	0.03755	0.02703	0.07410	0.18645	0.03282	0.04895	0.02581	0.03645	0.02196	0.12637	0.02038	0.00515	0.01293	0.01129	0.00829	0.01443
5	0.15399	0.02421	0.03486	0.12136	0.25877	0.02465	0.02627	0.03324	0.02422	0.03957	0.02034	0.02623	0.01661	0.01028	0.01010	0.00320	0.01207	0.00886	0.00618	0.14498
6	0.15548	0.02786	0.04836	0.05292	0.26933	0.02792	0.17698	0.03591	0.02548	0.04055	0.02130	0.02769	0.01702	0.01026	0.01139	0.00364	0.01478	0.01067	0.00608	0.01637
7	0.03076	0.02557	0.04973	0.03670	0.04558	0.02425	0.28679	0.06555	0.02771	0.10781	0.02643	0.03312	0.01992	0.01679	0.01955	0.13356	0.01586	0.01250	0.00735	0.01446
8	0.15893	0.03185	0.05044	0.03760	0.04748	0.09541	0.28855	0.03941	0.02713	0.07829	0.02315	0.02820	0.01719	0.01065	0.01185	0.00371	0.01692	0.01128	0.00684	0.01512
9	0.03064	0.03357	0.04907	0.04878	0.20334	0.12872	0.18455	0.03758	0.02781	0.03585	0.02154	0.02758	0.01733	0.01027	0.01173	0.00332	0.01662	0.01055	0.00599	0.09518
10	0.02249	0.01707	0.02803	0.20645	0.13699	0.01877	0.02250	0.02404	0.02008	0.02688	0.02069	0.03261	0.01830	0.02495	0.02757	0.31418	0.01262	0.01023	0.00523	0.01030
11	0.03201	0.03438	0.04169	0.03165	0.04120	0.16288	0.16567	0.07375	0.03008	0.03811	0.02147	0.02593	0.01697	0.01034	0.01101	0.00292	0.01580	0.00955	0.00672	0.22788
12	0.03032	0.02999	0.03802	0.02992	0.03790	0.09068	0.12360	0.07907	0.15423	0.04138	0.02816	0.03099	0.02194	0.01286	0.01415	0.00347	0.07071	0.01083	0.00808	0.14372
13	0.01803	0.01101	0.01428	0.01428	0.01454	0.01126	0.00903	0.01677	0.01651	0.02227	0.03022	0.05814	0.03295	0.33703	0.11377	0.23961	0.01329	0.01399	0.00625	0.00676
14	0.16151	0.01585	0.01909	0.01704	0.02133	0.01629	0.01296	0.03149	0.02188	0.16362	0.03058	0.04052	0.02560	0.10906	0.13014	0.13739	0.01418	0.01111	0.00848	0.01186

[dist]
# distance from previous block
# <min> <max>
2	7

[block]
# block no. 1 follows, 10 sequences, length 20
# corresponding to MSA columns:
# 219-238
name=unknown_B
#
# <colnr> <probs for GDERKNQSTAVLIFYWHMCP>
#	G	D	E	R	K	N	Q	S	T	A	V	L	I	F	Y	W	H	M	C	P
0	0.02559	0.02774	0.05718	0.22355	0.06734	0.02820	0.32574	0.03470	0.02603	0.03470	0.02256	0.03125	0.01692	0.01042	0.01301	0.00391	0.01822	0.01258	0.00564	0.01475
1	0.02689	0.08212	0.09849	0.24153	0.05721	0.09714	0.09434	0.03431	0.02547	0.03225	0.02036	0.02706	0.01581	0.01084	0.01099	0.00337	0.01596	0.00948	0.00554	0.09084
2	0.02631	0.02723	0.05084	0.10052	0.05289	0.02616	0.27840	0.03764	0.08116	0.03782	0.02540	0.03129	0.01939	0.01048	0.01224	0.00348	0.01572	0.01190	0.00669	0.14443
3	0.02238	0.01974	0.02963	0.02436	0.03009	0.02004	0.10894	0.03680	0.16830	0.04530	0.27531	0.06269	0.06899	0.01855	0.01317	0.00380	0.00948	0.01721	0.01109	0.01413
4	0.03029	0.02890	0.03680	0.02982	0.03639	0.07793	0.11078	0.10294	0.18241	0.04456	0.07969	0.03856	0.03244	0.01547	0.01612	0.00393	0.09507	0.01273	0.00917	0.01599
5	0.01751	0.01378	0.02041	0.01989	0.02176	0.01668	0.01564	0.02150	0.01860	0.02710	0.02954	0.04364	0.02767	0.08044	0.49371	0.01731	0.08584	0.01223	0.00611	0.01062
6	0.03981	0.10706	0.03659	0.02469	0.03346	0.03504	0.02075	0.37646	0.04843	0.06457	0.07218	0.03225	0.02763	0.01435	0.01127	0.00337	0.01206	0.01090	0.01085	0.01829
7	0.11988	0.02779	0.03059	0.02371	0.03268	0.02955	0.01958	0.30841	0.04457	0.19888	0.03163	0.03016	0.02149	0.01371	0.01113	0.00353	0.01154	0.01033	0.01190	0.01894
8	0.04421	0.03258	0.03490	0.02676	0.03607	0.03607	0.02211	0.47993	0.05468	0.07330	0.02792	0.02792	0.01978	0.01396	0.01163	0.00349	0.01280	0.01047	0.01163	0.01978
9	0.01646	0.01189	0.01555	0.01463	0.01738	0.01097	0.01097	0.02195	0.03292	0.04664	0.51257	0.08688	0.10974	0.02378	0.01372	0.00366	0.00549	0.02103	0.01280	0.01097
10	0.02776	0.36751	0.26252	0.02558	0.03864	0.03787	0.02979	0.03569	0.02403	0.03142	0.01819	0.02119	0.01484	0.01042	0.00900	0.00300	0.01448	0.00724	0.00495	0.01590
11	0.01375	0.01178	0.01178	0.01178	0.01571	0.00982	0.00884	0.01669	0.02651	0.03142	0.11782	0.11193	0.51399	0.02946	0.01375	0.00393	0.00589	0.02455	0.01080	0.00982
12	0.15259	0.02198	0.03301	0.38772	0.12790	0.02613	0.02884	0.03141	0.02300	0.03531	0.01994	0.02830	0.01532	0.01129	0.01073	0.00376	0.01398	0.00954	0.00565	0.01360
13	0.02971	0.02050	0.02469	0.01792	0.02799	0.01582	0.01444	0.03474	0.02594	0.13524	0.02569	0.02720	0.01953	0.00976	0.00923	0.00210	0.00887	0.00785	0.00838	0.53442
14	0.02836	0.35167	0.20400	0.02457	0.03634	0.03774	0.02695	0.03910	0.08798	0.03322	0.02186	0.02385	0.01765	0.01108	0.00918	0.00306	0.01349	0.00790	0.00588	0.01611
15	0.02020	0.01010	0.01515	0.01515	0.01515	0.01010	0.01010	0.01515	0.01515	0.02020	0.02020	0.03535	0.02020	0.04040	0.04545	0.66162	0.01010	0.01010	0.00505	0.00505
16	0.03263	0.10035	0.11485	0.03028	0.03930	0.09709	0.12375	0.03924	0.02802	0.12407	0.07444	0.03404	0.02769	0.01357	0.01414	0.00362	0.06830	0.01128	0.00783	0.01551
17	0.01646	0.01189	0.01555	0.01463	0.01738	0.01097	0.01097	0.02195	0.03292	0.04664	0.51257	0.08688	0.10974	0.02378	0.01372	0.00366	0.00549	0.02103	0.01280	0.01097
18	0.02039	0.01260	0.01679	0.01636	0.01940	0.01162	0.01245	0.02504	0.03014	0.09795	0.31941	0.18814	0.08913	0.02615	0.01396	0.00404	0.00680	0.06561	0.01236	0.01166
19	0.10017	0.05571	0.47025	0.03104	0.04705	0.02690	0.03938	0.03652	0.02399	0.03865	0.02032	0.02389	0.01448	0.01102	0.01059	0.00367	0.01622	0.00832	0.00518	0.01665

[dist]
# distance from previous block
# <min> <max>
0	1

[block]
# block no. 2 follows, 10 sequences, length 14
# corresponding to MSA columns:
# 240-253
name=unknown_C
#
# <colnr> <probs for GDERKNQSTAVLIFYWHMCP>
#	G	D	E	R	K	N	Q	S	T	A	V	L	I	F	Y	W	H	M	C	P
0	0.02622	0.02919	0.06267	0.04516	0.05591	0.02734	0.42421	0.03554	0.02807	0.03831	0.07844	0.03760	0.02799	0.01137	0.01372	0.00389	0.01802	0.01455	0.00666	0.01516
1	0.01408	0.01180	0.01225	0.01213	0.01591	0.00996	0.00910	0.01734	0.02730	0.03329	0.16645	0.10884	0.46419	0.02876	0.01374	0.00389	0.00584	0.02411	0.01105	0.00996
2	0.03724	0.03185	0.03921	0.03029	0.03874	0.13207	0.12706	0.08832	0.03139	0.14513	0.02656	0.02907	0.01948	0.01247	0.01386	0.00340	0.06506	0.01034	0.00844	0.11001
3	0.01698	0.01222	0.01449	0.01540	0.01639	0.01234	0.00991	0.02136	0.07025	0.02847	0.04989	0.29655	0.05685	0.28548	0.03461	0.00761	0.00906	0.02364	0.00921	0.00931
4	0.03458	0.02471	0.03235	0.02499	0.03365	0.02450	0.07397	0.15157	0.11712	0.13564	0.07800	0.03793	0.03181	0.01377	0.01157	0.00333	0.01104	0.01188	0.01068	0.13690
5	0.10375	0.03339	0.12596	0.02738	0.03808	0.02808	0.06633	0.20730	0.03778	0.17325	0.02948	0.02961	0.02016	0.01282	0.01129	0.00360	0.01315	0.01031	0.01009	0.01820
6	0.01446	0.01058	0.01307	0.01491	0.01609	0.00976	0.00993	0.01638	0.02233	0.02904	0.07032	0.42796	0.15297	0.11011	0.02063	0.00546	0.00720	0.02931	0.01029	0.00919
7	0.03618	0.02661	0.02648	0.02226	0.02942	0.08242	0.01767	0.14650	0.15865	0.15005	0.05230	0.04918	0.11655	0.01717	0.01196	0.00366	0.01088	0.01370	0.01148	0.01688
8	0.02722	0.02604	0.04438	0.18414	0.41818	0.02722	0.03492	0.03432	0.02574	0.03610	0.02160	0.02929	0.01775	0.01065	0.01154	0.00355	0.01420	0.01036	0.00562	0.01716
9	0.01739	0.01461	0.02448	0.02257	0.02577	0.01374	0.09763	0.02165	0.02512	0.03389	0.11695	0.36924	0.06941	0.02938	0.01461	0.00449	0.00935	0.06865	0.01015	0.01093
10	0.03867	0.03812	0.03970	0.03161	0.04004	0.18513	0.10976	0.20866	0.10280	0.04964	0.02674	0.02861	0.02006	0.01281	0.01173	0.00349	0.01607	0.01058	0.00887	0.01693
11	0.02409	0.02327	0.09327	0.02742	0.08145	0.02078	0.02130	0.02893	0.02211	0.07752	0.03139	0.09097	0.02950	0.10041	0.11553	0.00749	0.12110	0.01357	0.05681	0.01307
12	0.03022	0.03200	0.08891	0.03744	0.10584	0.06640	0.14846	0.13626	0.03475	0.04669	0.11667	0.03935	0.03528	0.01378	0.01244	0.00362	0.01445	0.01295	0.00842	0.01607
13	0.02374	0.01969	0.02016	0.01793	0.02330	0.06709	0.01356	0.03042	0.07163	0.07064	0.13866	0.15373	0.11512	0.02084	0.01212	0.00340	0.00869	0.01776	0.01014	0.16139

[dist]
# distance from previous block
# <min> <max>
0	6

[block]
# block no. 3 follows, 10 sequences, length 34
# corresponding to MSA columns:
# 354-387
name=unknown_D
#
# <colnr> <probs for GDERKNQSTAVLIFYWHMCP>
#	G	D	E	R	K	N	Q	S	T	A	V	L	I	F	Y	W	H	M	C	P
0	0.21253	0.09522	0.02756	0.01865	0.02673	0.02447	0.01549	0.08853	0.02787	0.12726	0.02843	0.08203	0.02399	0.01385	0.00959	0.00318	0.00974	0.01055	0.00897	0.14535
1	0.03240	0.04108	0.28247	0.02892	0.04241	0.02292	0.06851	0.04194	0.02736	0.18361	0.02856	0.02958	0.01947	0.01166	0.01119	0.00345	0.01422	0.00976	0.00806	0.09243
2	0.02713	0.02113	0.02574	0.01912	0.02812	0.01799	0.01547	0.03192	0.02432	0.08653	0.02261	0.02585	0.01818	0.01056	0.01234	0.00230	0.07364	0.00776	0.00745	0.52183
3	0.02333	0.06016	0.53100	0.03315	0.05034	0.02701	0.04297	0.03683	0.02455	0.03683	0.02087	0.02455	0.01473	0.01105	0.01105	0.00368	0.01719	0.00859	0.00491	0.01719
4	0.02877	0.34012	0.16348	0.02388	0.03476	0.03763	0.02498	0.04149	0.13272	0.03448	0.02443	0.02572	0.01961	0.01155	0.00931	0.00310	0.01281	0.00837	0.00654	0.01626
5	0.01467	0.01051	0.01394	0.01585	0.01698	0.00978	0.01083	0.01745	0.02459	0.03338	0.16170	0.47556	0.08406	0.03368	0.01460	0.00449	0.00647	0.03045	0.01123	0.00978
6	0.03540	0.01875	0.02572	0.02601	0.08853	0.01776	0.01778	0.04326	0.08585	0.26163	0.10024	0.14268	0.04634	0.01912	0.01249	0.00383	0.00923	0.01665	0.01215	0.01656
7	0.03376	0.03350	0.14987	0.03261	0.08593	0.02622	0.07825	0.13120	0.07279	0.13297	0.03087	0.03520	0.02315	0.06207	0.01583	0.00431	0.01373	0.01141	0.00897	0.01737
8	0.02059	0.01266	0.01494	0.01442	0.01640	0.01405	0.01085	0.02481	0.02179	0.03635	0.03431	0.04612	0.02980	0.10066	0.10925	0.00677	0.06804	0.01183	0.39591	0.01047
9	0.67341	0.02249	0.01709	0.01529	0.02249	0.02609	0.01260	0.03419	0.01979	0.05218	0.01619	0.01889	0.01260	0.01080	0.00720	0.00360	0.00900	0.00630	0.00720	0.01260
10	0.04362	0.03054	0.08362	0.02709	0.03727	0.02772	0.06120	0.24497	0.04163	0.23120	0.03337	0.03212	0.02237	0.01348	0.01178	0.00359	0.01276	0.01101	0.01148	0.01918
11	0.01456	0.01042	0.01384	0.01593	0.01696	0.00971	0.01083	0.01717	0.02408	0.03258	0.14054	0.49900	0.08252	0.03428	0.01465	0.00454	0.00653	0.03101	0.01114	0.00971
12	0.10226	0.03607	0.21446	0.17883	0.11263	0.02548	0.03253	0.03681	0.02494	0.09534	0.02339	0.02799	0.01685	0.01149	0.01090	0.00369	0.01448	0.00940	0.00649	0.01596
13	0.02114	0.01418	0.01872	0.01757	0.01984	0.01528	0.01299	0.07762	0.02376	0.03281	0.08407	0.04900	0.03637	0.11798	0.22142	0.18917	0.01773	0.01309	0.00746	0.00980
14	0.01677	0.01185	0.01559	0.01559	0.01660	0.01286	0.01067	0.01878	0.01777	0.02471	0.03399	0.06138	0.03589	0.34717	0.29455	0.01487	0.02090	0.01476	0.00665	0.00866
15	0.03109	0.59826	0.06095	0.01990	0.02985	0.04602	0.01990	0.03483	0.02363	0.02736	0.01617	0.01866	0.01493	0.00995	0.00746	0.00249	0.01244	0.00622	0.00498	0.01493
16	0.02879	0.02763	0.04721	0.07139	0.51871	0.02763	0.03569	0.03569	0.02648	0.03800	0.02188	0.02879	0.01842	0.01036	0.01151	0.00345	0.01382	0.01036	0.00576	0.01842
17	0.04223	0.02795	0.03109	0.02469	0.03326	0.03020	0.02012	0.28603	0.15788	0.16598	0.03656	0.03423	0.02557	0.01450	0.01170	0.00362	0.01129	0.01139	0.01228	0.01945
18	0.02053	0.01313	0.01819	0.01744	0.02036	0.01391	0.01335	0.02414	0.02125	0.08681	0.04455	0.05653	0.09238	0.12246	0.36403	0.01425	0.02336	0.01437	0.00787	0.01110
19	0.03034	0.54601	0.10659	0.02119	0.03184	0.04417	0.02214	0.03502	0.02372	0.02828	0.01663	0.01923	0.01491	0.01006	0.00781	0.00260	0.01290	0.00645	0.00497	0.01515
20	0.02585	0.02697	0.03454	0.46670	0.07211	0.11980	0.03052	0.03275	0.02501	0.02949	0.02018	0.02919	0.01541	0.01169	0.01142	0.00372	0.01649	0.00982	0.00532	0.01302
21	0.01496	0.01137	0.01377	0.01414	0.01670	0.01019	0.01024	0.01869	0.02796	0.03712	0.26331	0.22979	0.23146	0.02905	0.01403	0.00403	0.00596	0.02543	0.01161	0.01019
22	0.09346	0.02431	0.02546	0.02261	0.02944	0.02766	0.01773	0.05869	0.41227	0.08917	0.04419	0.04069	0.03271	0.01518	0.01137	0.00388	0.00924	0.01236	0.01160	0.01796
23	0.02171	0.01821	0.02135	0.01622	0.02455	0.01413	0.01279	0.02672	0.02595	0.03885	0.11931	0.04411	0.08275	0.01341	0.01004	0.00229	0.00778	0.01119	0.00835	0.48031
24	0.02879	0.02763	0.04721	0.07139	0.51871	0.02763	0.03569	0.03569	0.02648	0.03800	0.02188	0.02879	0.01842	0.01036	0.01151	0.00345	0.01382	0.01036	0.00576	0.01842
25	0.03024	0.02727	0.02968	0.03201	0.11757	0.08736	0.02105	0.12228	0.17192	0.04472	0.03929	0.15270	0.03607	0.01850	0.01223	0.00383	0.01157	0.01581	0.00977	0.01613
26	0.02506	0.15966	0.32430	0.02696	0.04118	0.02829	0.03187	0.03476	0.02427	0.03516	0.01988	0.02327	0.01532	0.01029	0.00979	0.00301	0.01434	0.00774	0.00536	0.15949
27	0.03021	0.02126	0.03228	0.16557	0.17032	0.02215	0.02484	0.03910	0.07456	0.14665	0.11303	0.04305	0.03725	0.01438	0.01199	0.00367	0.01149	0.01274	0.00932	0.01612
28	0.02756	0.09187	0.08236	0.02666	0.08842	0.02298	0.02070	0.03684	0.08556	0.07907	0.02961	0.07593	0.02530	0.01303	0.01029	0.00292	0.01058	0.01086	0.00794	0.25154
29	0.01446	0.01035	0.01376	0.01599	0.01693	0.00964	0.01082	0.01693	0.02363	0.03186	0.12144	0.52016	0.08112	0.03482	0.01470	0.00459	0.00659	0.03153	0.01105	0.00964
30	0.02499	0.03551	0.18342	0.19845	0.16117	0.02733	0.13258	0.03462	0.02522	0.03511	0.02161	0.02881	0.01638	0.01080	0.01190	0.00374	0.01651	0.01059	0.00538	0.01589
31	0.02675	0.02556	0.04353	0.21812	0.38788	0.02710	0.03468	0.03391	0.02552	0.03553	0.02152	0.02945	0.01755	0.01074	0.01155	0.00358	0.01432	0.01035	0.00558	0.01678
32	0.02640	0.02184	0.02622	0.11478	0.03697	0.02488	0.02027	0.09434	0.24859	0.04420	0.04439	0.11905	0.03933	0.01946	0.01267	0.00415	0.01056	0.06594	0.01041	0.01557
33	0.02760	0.02601	0.04034	0.09814	0.23324	0.02702	0.08098	0.04253	0.16664	0.04027	0.02945	0.03327	0.02304	0.01189	0.01164	0.00355	0.01285	0.01130	0.00762	0.07263

[dist]
# distance from previous block
# <min> <max>
2	4

[block]
# block no. 4 follows, 10 sequences, length 19
# corresponding to MSA columns:
# 392-410
name=unknown_E
#
# <colnr> <probs for GDERKNQSTAVLIFYWHMCP>
#	G	D	E	R	K	N	Q	S	T	A	V	L	I	F	Y	W	H	M	C	P
0	0.02334	0.01849	0.02178	0.01905	0.02271	0.01962	0.01406	0.08015	0.07026	0.03555	0.03485	0.12182	0.03581	0.21245	0.03112	0.00624	0.08307	0.01538	0.00830	0.12596
1	0.02476	0.02513	0.03278	0.35470	0.06042	0.09771	0.02792	0.03074	0.02335	0.02899	0.02085	0.03065	0.01702	0.02185	0.07872	0.00568	0.09049	0.01017	0.00540	0.01267
2	0.12573	0.03703	0.03025	0.09588	0.03891	0.22520	0.02164	0.12468	0.11178	0.04353	0.02483	0.02703	0.01904	0.01277	0.01062	0.00344	0.01513	0.00919	0.00807	0.01527
3	0.08593	0.01490	0.01812	0.01599	0.02075	0.01369	0.01230	0.02830	0.02966	0.11116	0.29926	0.11225	0.07497	0.02058	0.01230	0.00351	0.00693	0.01773	0.01159	0.09009
4	0.02893	0.02498	0.02630	0.02367	0.03024	0.02893	0.01841	0.06180	0.49770	0.04865	0.04734	0.04339	0.03550	0.01578	0.01183	0.00394	0.00920	0.01315	0.01183	0.01841
5	0.03850	0.02285	0.02658	0.02244	0.03002	0.02406	0.01787	0.05969	0.30652	0.24547	0.04674	0.04183	0.03274	0.01521	0.01178	0.00380	0.00949	0.01255	0.01289	0.01898
6	0.04421	0.03258	0.03490	0.02676	0.03607	0.03607	0.02211	0.47993	0.05468	0.07330	0.02792	0.02792	0.01978	0.01396	0.01163	0.00349	0.01280	0.01047	0.01163	0.01978
7	0.02846	0.35881	0.19907	0.03099	0.10376	0.03781	0.02896	0.03554	0.02430	0.03166	0.01836	0.02182	0.01535	0.01034	0.00909	0.00298	0.01404	0.00750	0.00506	0.01608
8	0.03109	0.59826	0.06095	0.01990	0.02985	0.04602	0.01990	0.03483	0.02363	0.02736	0.01617	0.01866	0.01493	0.00995	0.00746	0.00249	0.01244	0.00622	0.00498	0.01493
9	0.02425	0.02114	0.02524	0.01853	0.02785	0.01747	0.01492	0.02916	0.02350	0.03693	0.02014	0.02425	0.01704	0.00976	0.01150	0.00205	0.06347	0.00721	0.00671	0.59888
10	0.01716	0.01356	0.01566	0.01483	0.01848	0.01292	0.01121	0.02534	0.09137	0.04167	0.31627	0.08981	0.23891	0.02468	0.01348	0.00379	0.00611	0.02121	0.01199	0.01155
11	0.01593	0.01225	0.01497	0.01646	0.01943	0.01129	0.01331	0.01978	0.02607	0.03263	0.08689	0.18168	0.26681	0.03150	0.01488	0.00464	0.00805	0.20255	0.01076	0.01015
12	0.02666	0.02174	0.03971	0.17359	0.05006	0.02200	0.17694	0.03411	0.02738	0.09585	0.09515	0.04152	0.03277	0.01327	0.01219	0.00368	0.01354	0.01321	0.09248	0.01415
13	0.02593	0.03916	0.22437	0.09594	0.17428	0.02766	0.10486	0.03890	0.08195	0.03792	0.02469	0.02960	0.01871	0.01130	0.01174	0.00371	0.01557	0.01057	0.00614	0.01701
14	0.01481	0.01073	0.01486	0.01685	0.01789	0.01078	0.01178	0.01739	0.02133	0.02898	0.05546	0.44263	0.06438	0.04975	0.15388	0.00839	0.01315	0.02766	0.00960	0.00969
15	0.13361	0.02059	0.02537	0.02059	0.02861	0.01966	0.01713	0.08889	0.03262	0.36010	0.04198	0.04659	0.03027	0.01598	0.01159	0.00380	0.01014	0.06209	0.01270	0.01771
16	0.09426	0.08655	0.20750	0.03680	0.14721	0.02936	0.03079	0.11209	0.03023	0.08464	0.02351	0.02627	0.01739	0.01154	0.01063	0.00348	0.01389	0.00914	0.00724	0.01748
17	0.03642	0.03200	0.12031	0.09008	0.16205	0.02719	0.02892	0.15537	0.03468	0.15514	0.02851	0.03047	0.02018	0.01244	0.01152	0.00358	0.01341	0.01039	0.00901	0.01833
18	0.32069	0.08479	0.02788	0.02185	0.02897	0.22861	0.01744	0.04090	0.02638	0.08081	0.01939	0.02143	0.01509	0.01149	0.00888	0.00327	0.01403	0.00721	0.00714	0.01375

[dist]
# distance from previous block
# <min> <max>
0	6

[block]
# block no. 5 follows, 10 sequences, length 58
# corresponding to MSA columns:
# 417-474
name=unknown_F
#
# <colnr> <probs for GDERKNQSTAVLIFYWHMCP>
#	G	D	E	R	K	N	Q	S	T	A	V	L	I	F	Y	W	H	M	C	P
0	0.04400	0.02333	0.03239	0.03326	0.14324	0.02244	0.02200	0.09485	0.07333	0.32771	0.03866	0.03624	0.02606	0.01354	0.01166	0.00358	0.01103	0.01139	0.01191	0.01936
1	0.40038	0.02023	0.01978	0.01678	0.02389	0.02136	0.01369	0.03908	0.02557	0.19042	0.09370	0.03438	0.03081	0.01365	0.00942	0.00361	0.00877	0.00992	0.01008	0.01448
2	0.03069	0.09634	0.03863	0.18533	0.04931	0.16163	0.06955	0.04301	0.14000	0.03443	0.02616	0.03007	0.02032	0.01234	0.01113	0.00352	0.01546	0.01016	0.00703	0.01488
3	0.01614	0.01164	0.01526	0.01485	0.01731	0.01076	0.01095	0.02115	0.03144	0.04429	0.45040	0.15575	0.10519	0.02553	0.01387	0.00381	0.00566	0.02270	0.01252	0.01076
4	0.01714	0.01169	0.01413	0.01450	0.01509	0.01190	0.00943	0.01830	0.01846	0.02470	0.03955	0.08067	0.04436	0.46272	0.10242	0.01121	0.01321	0.07518	0.00747	0.00789
5	0.03748	0.01986	0.02433	0.02079	0.02783	0.01957	0.01685	0.05059	0.17374	0.27602	0.05529	0.05825	0.08370	0.01831	0.01243	0.00393	0.00938	0.06145	0.01284	0.01735
6	0.02653	0.02247	0.02423	0.02193	0.02777	0.02548	0.01698	0.05415	0.40843	0.04827	0.13669	0.05174	0.04976	0.01732	0.01220	0.00389	0.00849	0.01466	0.01202	0.01698
7	0.08792	0.54732	0.05707	0.01949	0.02920	0.04426	0.01925	0.03477	0.02329	0.02956	0.01617	0.01868	0.01472	0.01003	0.00744	0.00259	0.01213	0.00623	0.00517	0.01472
8	0.09367	0.14465	0.03646	0.02363	0.03221	0.07594	0.01987	0.21652	0.10297	0.10112	0.02827	0.02805	0.02089	0.01302	0.01036	0.00333	0.01228	0.00952	0.00977	0.01749
9	0.01743	0.01365	0.01610	0.01593	0.01932	0.01323	0.01217	0.02564	0.09386	0.03974	0.24649	0.14213	0.20552	0.02638	0.01381	0.00405	0.00677	0.06460	0.01169	0.01150
10	0.01460	0.01046	0.01388	0.01590	0.01697	0.00974	0.01083	0.01729	0.02429	0.03291	0.14919	0.48942	0.08315	0.03404	0.01463	0.00452	0.00651	0.03078	0.01118	0.00974
11	0.04224	0.02313	0.02752	0.02248	0.03055	0.02366	0.01812	0.10154	0.21788	0.29305	0.04464	0.03990	0.03051	0.01489	0.01174	0.00372	0.00992	0.01214	0.01311	0.01925
12	0.03997	0.02309	0.03173	0.02536	0.03305	0.02373	0.06417	0.05370	0.17652	0.28236	0.04128	0.03865	0.02853	0.01492	0.01438	0.00388	0.06227	0.01221	0.01189	0.01830
13	0.01447	0.01096	0.01335	0.01454	0.01661	0.00985	0.01022	0.01742	0.02556	0.03338	0.16421	0.34541	0.21808	0.03192	0.01430	0.00428	0.00625	0.02819	0.01117	0.00985
14	0.01874	0.01339	0.01874	0.02142	0.02410	0.01339	0.01874	0.02410	0.02677	0.03481	0.06158	0.13119	0.06693	0.03213	0.01606	0.00535	0.01071	0.44043	0.01071	0.01071
15	0.02168	0.01084	0.01084	0.01084	0.01355	0.01084	0.00813	0.02710	0.02439	0.04336	0.03794	0.04336	0.02981	0.01355	0.00813	0.00271	0.00542	0.01084	0.65583	0.01084
16	0.03984	0.01829	0.02419	0.02052	0.02743	0.01695	0.01693	0.04744	0.07850	0.33610	0.09600	0.06232	0.04493	0.01888	0.01275	0.00398	0.00954	0.09513	0.01327	0.01702
17	0.03521	0.02301	0.03508	0.08040	0.04036	0.02164	0.10633	0.04513	0.09359	0.21275	0.03391	0.03439	0.02379	0.01220	0.01144	0.00334	0.01196	0.01113	0.00988	0.15443
18	0.02848	0.02416	0.03489	0.40627	0.06722	0.02883	0.02932	0.16148	0.03245	0.04247	0.02279	0.03010	0.01676	0.01231	0.01163	0.00376	0.01471	0.01038	0.00706	0.01493
19	0.04501	0.03129	0.03411	0.02615	0.03543	0.03416	0.02160	0.43735	0.05253	0.11892	0.02973	0.02910	0.02069	0.01401	0.01164	0.00350	0.01251	0.01059	0.01191	0.01978
20	0.02608	0.02704	0.02610	0.02952	0.11868	0.16284	0.01871	0.03089	0.03105	0.03838	0.24070	0.05986	0.10645	0.01848	0.01240	0.00346	0.01145	0.01556	0.00935	0.01299
21	0.01666	0.01230	0.01786	0.01786	0.01965	0.01409	0.01350	0.02023	0.01845	0.02638	0.03191	0.04991	0.03091	0.15710	0.47780	0.01766	0.02840	0.01308	0.00634	0.00992
22	0.36941	0.02600	0.02443	0.01973	0.02805	0.02857	0.01622	0.19748	0.03310	0.05834	0.02101	0.02280	0.01575	0.01172	0.00899	0.00335	0.01035	0.00790	0.00879	0.08801
23	0.02020	0.01010	0.01515	0.01515	0.01515	0.01010	0.01010	0.01515	0.01515	0.02020	0.02020	0.03535	0.02020	0.04040	0.04545	0.66162	0.01010	0.01010	0.00505	0.00505
24	0.03109	0.59826	0.06095	0.01990	0.02985	0.04602	0.01990	0.03483	0.02363	0.02736	0.01617	0.01866	0.01493	0.00995	0.00746	0.00249	0.01244	0.00622	0.00498	0.01493
25	0.01428	0.01116	0.01296	0.01386	0.01638	0.00984	0.00988	0.01723	0.02578	0.03287	0.15204	0.28856	0.29108	0.03133	0.01416	0.00419	0.00616	0.02731	0.01108	0.00984
26	0.01510	0.01104	0.01419	0.01509	0.01697	0.01013	0.01067	0.01868	0.02722	0.03705	0.25973	0.32523	0.13509	0.03036	0.01426	0.00419	0.00613	0.02710	0.01165	0.01013
27	0.02191	0.01335	0.01579	0.01432	0.01888	0.01155	0.01104	0.02590	0.02967	0.13097	0.21842	0.09077	0.30363	0.02492	0.01334	0.00379	0.00654	0.02106	0.01207	0.01207
28	0.02835	0.02486	0.02878	0.07190	0.07583	0.02857	0.02101	0.05696	0.41882	0.04620	0.04299	0.04114	0.03241	0.01498	0.01179	0.00390	0.01011	0.01268	0.01077	0.01796
29	0.02603	0.02482	0.04223	0.27022	0.34142	0.02691	0.03432	0.03328	0.02518	0.03465	0.02139	0.02968	0.01724	0.01087	0.01156	0.00362	0.01450	0.01035	0.00552	0.01620
30	0.03272	0.02528	0.04177	0.11631	0.37142	0.02532	0.03158	0.03924	0.02749	0.13519	0.02656	0.03120	0.02018	0.01131	0.01156	0.00353	0.01322	0.01063	0.00743	0.01808
31	0.38219	0.22751	0.03372	0.01748	0.02584	0.03230	0.01565	0.03667	0.02251	0.09085	0.01916	0.02088	0.01505	0.01085	0.00774	0.00320	0.01031	0.00681	0.00713	0.01415
32	0.39077	0.20213	0.03263	0.01873	0.02660	0.10403	0.01619	0.03608	0.02279	0.04135	0.01643	0.01911	0.01363	0.01070	0.00773	0.00318	0.01170	0.00644	0.00635	0.01343
33	0.02536	0.02359	0.03846	0.09969	0.25442	0.02426	0.07172	0.03594	0.09296	0.04041	0.13009	0.04368	0.03989	0.01405	0.01226	0.00365	0.01215	0.01336	0.00806	0.01601
34	0.01445	0.01076	0.01354	0.01564	0.01720	0.00985	0.01101	0.01695	0.02358	0.03050	0.07591	0.44115	0.17383	0.03452	0.01470	0.00460	0.00688	0.06451	0.01079	0.00963
35	0.01848	0.01331	0.01518	0.01462	0.01612	0.01366	0.00946	0.02421	0.08698	0.03131	0.13962	0.07387	0.05573	0.39046	0.04293	0.00863	0.00975	0.01727	0.00894	0.00946
36	0.01664	0.01130	0.01343	0.01415	0.01454	0.01118	0.00886	0.01752	0.01880	0.02498	0.04375	0.16636	0.05056	0.44209	0.04743	0.00958	0.01046	0.06249	0.00804	0.00782
37	0.03109	0.59826	0.06095	0.01990	0.02985	0.04602	0.01990	0.03483	0.02363	0.02736	0.01617	0.01866	0.01493	0.00995	0.00746	0.00249	0.01244	0.00622	0.00498	0.01493
38	0.02714	0.02427	0.04105	0.06059	0.42199	0.02427	0.03078	0.03175	0.02431	0.03458	0.02156	0.03005	0.01876	0.01613	0.01803	0.12986	0.01310	0.01031	0.00562	0.01585
39	0.02196	0.02067	0.03488	0.56331	0.08010	0.02584	0.03230	0.02972	0.02326	0.02972	0.02067	0.03101	0.01550	0.01163	0.01163	0.00388	0.01550	0.01034	0.00517	0.01292
40	0.02952	0.19037	0.03901	0.02242	0.03123	0.06850	0.06246	0.03415	0.02567	0.07815	0.02662	0.08710	0.02417	0.01304	0.00993	0.00278	0.01174	0.01080	0.00729	0.22503
41	0.16075	0.13108	0.12959	0.09928	0.04111	0.08955	0.02525	0.12148	0.03002	0.04343	0.02016	0.02358	0.01544	0.01156	0.00981	0.00338	0.01410	0.00822	0.00683	0.01538
42	0.35578	0.02758	0.02608	0.02108	0.02935	0.03113	0.01740	0.25920	0.03741	0.06284	0.02212	0.02345	0.01622	0.01239	0.00944	0.00354	0.01092	0.00840	0.00944	0.01622
43	0.03713	0.03689	0.03389	0.03479	0.12614	0.21195	0.02330	0.17683	0.03852	0.04687	0.09041	0.03379	0.03028	0.01393	0.01149	0.00333	0.01489	0.01085	0.00866	0.01606
44	0.01599	0.01100	0.01334	0.01405	0.01464	0.01066	0.00876	0.01739	0.02081	0.02812	0.11121	0.23634	0.06247	0.33907	0.03902	0.00817	0.00906	0.02254	0.00902	0.00834
45	0.03192	0.43354	0.05148	0.02164	0.03054	0.09290	0.01987	0.04118	0.11562	0.03156	0.02234	0.02364	0.01888	0.01127	0.00861	0.00282	0.01268	0.00768	0.00639	0.01545
46	0.02063	0.01579	0.02205	0.02104	0.02416	0.01578	0.05301	0.08384	0.02745	0.03654	0.05209	0.31751	0.05820	0.09239	0.01950	0.00534	0.00993	0.10331	0.01006	0.01138
47	0.01573	0.01225	0.01656	0.01818	0.01876	0.01308	0.01283	0.01783	0.02165	0.02945	0.05733	0.50628	0.06838	0.03421	0.01808	0.00477	0.08483	0.02989	0.01001	0.00990
48	0.02893	0.02498	0.02630	0.02367	0.03024	0.02893	0.01841	0.06180	0.49770	0.04865	0.04734	0.04339	0.03550	0.01578	0.01183	0.00394	0.00920	0.01315	0.01183	0.01841
49	0.01948	0.01677	0.01750	0.01635	0.01946	0.07074	0.01226	0.02469	0.03293	0.04460	0.45718	0.07950	0.09913	0.02246	0.01336	0.00358	0.00722	0.01952	0.01204	0.01125
50	0.11526	0.03686	0.03155	0.02581	0.03388	0.18188	0.02065	0.26075	0.04227	0.10322	0.02550	0.02605	0.01847	0.01307	0.01081	0.00337	0.01447	0.00925	0.00976	0.01713
51	0.02333	0.06016	0.53100	0.03315	0.05034	0.02701	0.04297	0.03683	0.02455	0.03683	0.02087	0.02455	0.01473	0.01105	0.01105	0.00368	0.01719	0.00859	0.00491	0.01719
52	0.03038	0.02803	0.02696	0.02430	0.03081	0.08044	0.01881	0.06027	0.45127	0.04664	0.04440	0.04115	0.03345	0.01540	0.01170	0.00385	0.01038	0.01258	0.01125	0.01792
53	0.10635	0.02131	0.02691	0.02082	0.02969	0.01979	0.01720	0.09707	0.03424	0.43937	0.04146	0.03659	0.02645	0.01403	0.01129	0.00359	0.01011	0.01110	0.01348	0.01915
54	0.02577	0.02597	0.04616	0.03297	0.04401	0.02239	0.24290	0.03323	0.02577	0.03758	0.02209	0.02771	0.01743	0.00920	0.01114	0.00281	0.01406	0.01028	0.00639	0.34214
55	0.02498	0.17491	0.43076	0.03032	0.04597	0.03106	0.03805	0.03640	0.02436	0.03481	0.01987	0.02330	0.01477	0.01082	0.01028	0.00343	0.01618	0.00809	0.00492	0.01671
56	0.03763	0.01929	0.02465	0.01891	0.02771	0.01578	0.01522	0.04217	0.02866	0.28782	0.03744	0.08155	0.02844	0.01404	0.01075	0.00295	0.00911	0.01167	0.01108	0.27515
57	0.01730	0.01601	0.01483	0.01465	0.01820	0.06380	0.01084	0.02064	0.02791	0.03385	0.17758	0.15080	0.33719	0.02739	0.01354	0.00387	0.00743	0.02311	0.01070	0.01037

[dist]
# distance from previous block
# <min> <max>
0	1

[block]
# block no. 6 follows, 10 sequences, length 43
# corresponding to MSA columns:
# 476-511,521-527
name=unknown_G
#
# <colnr> <probs for GDERKNQSTAVLIFYWHMCP>
#	G	D	E	R	K	N	Q	S	T	A	V	L	I	F	Y	W	H	M	C	P
0	0.02775	0.36635	0.26353	0.02561	0.03868	0.03783	0.02984	0.03569	0.02403	0.03144	0.01820	0.02120	0.01484	0.01042	0.00901	0.00300	0.01449	0.00724	0.00495	0.01590
1	0.02855	0.42164	0.21523	0.02425	0.03658	0.03978	0.02747	0.03548	0.02393	0.03047	0.01771	0.02059	0.01486	0.01031	0.00864	0.00288	0.01400	0.00700	0.00495	0.01567
2	0.02789	0.02630	0.04279	0.06104	0.42483	0.02532	0.03151	0.03447	0.02603	0.03798	0.02165	0.02789	0.01819	0.01003	0.01096	0.00312	0.01282	0.00970	0.00597	0.14150
3	0.02940	0.48098	0.16339	0.02279	0.03432	0.04188	0.02493	0.03526	0.02383	0.02943	0.01719	0.01994	0.01488	0.01019	0.00824	0.00275	0.01347	0.00674	0.00496	0.01542
4	0.04117	0.15659	0.03853	0.02768	0.03480	0.39146	0.02194	0.09351	0.03365	0.03335	0.01876	0.02132	0.01552	0.01182	0.01004	0.00296	0.01841	0.00759	0.00644	0.01447
5	0.01476	0.01177	0.01331	0.01372	0.01695	0.01033	0.01040	0.01827	0.02717	0.03420	0.17494	0.16309	0.35017	0.02952	0.01409	0.00411	0.00639	0.06559	0.01114	0.01006
6	0.04345	0.05543	0.03296	0.02996	0.03596	0.54457	0.02247	0.04644	0.03296	0.02846	0.01798	0.02097	0.01498	0.01199	0.01049	0.00300	0.02097	0.00749	0.00599	0.01348
7	0.60278	0.02219	0.01822	0.01591	0.02331	0.02507	0.01311	0.03675	0.02133	0.10614	0.01957	0.02125	0.01444	0.01121	0.00771	0.00360	0.00910	0.00691	0.00802	0.01341
8	0.02182	0.01345	0.01772	0.01730	0.02102	0.01246	0.01404	0.02684	0.03029	0.10763	0.25998	0.09724	0.13092	0.02577	0.01419	0.00422	0.00780	0.15320	0.01213	0.01198
9	0.09965	0.02648	0.04437	0.03342	0.04118	0.02776	0.20329	0.03270	0.02326	0.03658	0.01985	0.02681	0.01634	0.01252	0.01851	0.00373	0.16501	0.01047	0.00603	0.15203
10	0.02713	0.02831	0.05311	0.04859	0.17308	0.02827	0.24205	0.03459	0.02541	0.03617	0.02156	0.02900	0.01746	0.01136	0.01613	0.00372	0.09717	0.01155	0.00585	0.08950
11	0.01417	0.01012	0.01350	0.01619	0.01687	0.00945	0.01080	0.01619	0.02227	0.02969	0.06410	0.58367	0.07692	0.03644	0.01484	0.00472	0.00675	0.03306	0.01080	0.00945
12	0.04648	0.02894	0.03265	0.02503	0.03425	0.03067	0.02068	0.35954	0.04860	0.20228	0.03303	0.03124	0.02234	0.01408	0.01165	0.00352	0.01197	0.01082	0.01242	0.01978
13	0.02633	0.02769	0.15798	0.02425	0.03221	0.01797	0.06573	0.03276	0.02612	0.13661	0.08658	0.16205	0.04408	0.08439	0.01801	0.00478	0.01180	0.01725	0.00929	0.01413
14	0.02333	0.06016	0.53100	0.03315	0.05034	0.02701	0.04297	0.03683	0.02455	0.03683	0.02087	0.02455	0.01473	0.01105	0.01105	0.00368	0.01719	0.00859	0.00491	0.01719
15	0.16901	0.02337	0.02699	0.02111	0.02984	0.02336	0.01743	0.15372	0.03583	0.32748	0.03591	0.03284	0.02354	0.01360	0.01082	0.00357	0.01042	0.01037	0.01236	0.01841
16	0.02893	0.02498	0.02630	0.02367	0.03024	0.02893	0.01841	0.06180	0.49770	0.04865	0.04734	0.04339	0.03550	0.01578	0.01183	0.00394	0.00920	0.01315	0.01183	0.01841
17	0.04075	0.02268	0.03068	0.03105	0.12275	0.02210	0.02085	0.13741	0.03503	0.26772	0.03998	0.11037	0.03155	0.01658	0.01208	0.00370	0.01083	0.01414	0.01166	0.01810
18	0.02396	0.01357	0.01654	0.01542	0.01984	0.01218	0.01226	0.02837	0.02896	0.13945	0.16311	0.08605	0.21090	0.02359	0.01293	0.00385	0.00725	0.07705	0.09234	0.01237
19	0.04213	0.11457	0.03644	0.02836	0.03527	0.41694	0.02213	0.10513	0.03490	0.03455	0.01915	0.02167	0.01564	0.01203	0.01030	0.00301	0.01886	0.00776	0.00666	0.01452
20	0.02828	0.02454	0.04565	0.13675	0.05070	0.02548	0.21769	0.03490	0.02504	0.10070	0.02677	0.03734	0.02158	0.08448	0.02152	0.00492	0.07961	0.01279	0.00698	0.01431
21	0.04424	0.17010	0.03710	0.02357	0.03180	0.19873	0.01955	0.04806	0.03087	0.24215	0.02953	0.02841	0.02090	0.01253	0.01028	0.00313	0.01417	0.00899	0.00936	0.01654
22	0.01680	0.01172	0.01495	0.01495	0.01574	0.01251	0.00988	0.01837	0.01759	0.02423	0.03457	0.06461	0.03729	0.40079	0.24284	0.01408	0.01879	0.01523	0.00674	0.00831
23	0.03768	0.02584	0.03022	0.07721	0.03609	0.02789	0.02037	0.29472	0.04472	0.12038	0.12207	0.04095	0.03767	0.01566	0.01204	0.00357	0.01131	0.01263	0.01156	0.01741
24	0.02968	0.03814	0.19736	0.04048	0.05344	0.02701	0.28676	0.03982	0.02742	0.10491	0.02585	0.03053	0.01834	0.01080	0.01267	0.00381	0.01756	0.01195	0.00678	0.01669
25	0.02745	0.03137	0.06863	0.04902	0.06078	0.02941	0.47647	0.03725	0.02745	0.03725	0.02353	0.03137	0.01765	0.00980	0.01373	0.00392	0.01961	0.01373	0.00588	0.01569
26	0.02586	0.01675	0.02056	0.01765	0.02236	0.01647	0.01380	0.11347	0.03712	0.10684	0.36638	0.07018	0.08325	0.02082	0.01309	0.00362	0.00739	0.01794	0.01276	0.01367
27	0.01943	0.01146	0.01536	0.01682	0.01864	0.01051	0.01167	0.02180	0.02379	0.09852	0.06158	0.50833	0.07026	0.03339	0.01441	0.00457	0.00718	0.03010	0.01129	0.01088
28	0.02775	0.08991	0.02792	0.02055	0.02688	0.07485	0.01640	0.09787	0.13407	0.04360	0.12928	0.08604	0.07832	0.01773	0.01156	0.00340	0.01005	0.01453	0.00999	0.07930
29	0.02747	0.03396	0.16678	0.03928	0.16298	0.02562	0.06130	0.12036	0.03173	0.04447	0.07355	0.09679	0.03290	0.01546	0.01216	0.00372	0.01333	0.01376	0.00794	0.01645
30	0.02915	0.13500	0.34882	0.03012	0.04407	0.08967	0.03488	0.08849	0.02883	0.03868	0.02067	0.02367	0.01537	0.01133	0.01053	0.00341	0.01642	0.00834	0.00582	0.01673
31	0.30445	0.02609	0.08202	0.02778	0.12012	0.02312	0.02010	0.03322	0.02279	0.04463	0.02115	0.02521	0.01674	0.01078	0.00878	0.00321	0.01036	0.00799	0.08747	0.10399
32	0.07388	0.15390	0.27718	0.03623	0.13062	0.06918	0.03351	0.03676	0.02502	0.03572	0.01961	0.02354	0.01532	0.01076	0.01013	0.00335	0.01535	0.00822	0.00533	0.01638
33	0.03167	0.02543	0.03242	0.12676	0.16412	0.08605	0.02397	0.03738	0.02866	0.13000	0.09358	0.03776	0.03198	0.01321	0.01141	0.00333	0.01250	0.01133	0.00844	0.09000
34	0.01675	0.01267	0.01696	0.01744	0.01873	0.01341	0.01277	0.01983	0.02367	0.03276	0.15853	0.26349	0.06900	0.10542	0.07200	0.00667	0.06577	0.05429	0.00980	0.01002
35	0.10846	0.10745	0.03648	0.09664	0.17579	0.02846	0.02388	0.08485	0.06123	0.04093	0.02856	0.10410	0.02633	0.01491	0.01090	0.00359	0.01178	0.01260	0.00756	0.01547
36	0.11187	0.01392	0.01587	0.01501	0.01762	0.01407	0.01036	0.02496	0.02158	0.09289	0.08388	0.11314	0.04560	0.29205	0.07197	0.00839	0.01119	0.01649	0.00886	0.01027
37	0.40917	0.14025	0.08714	0.02382	0.07660	0.03026	0.01979	0.03476	0.02175	0.04415	0.01729	0.02048	0.01388	0.01062	0.00812	0.00338	0.01108	0.00695	0.00636	0.01416
38	0.03259	0.04256	0.25425	0.03359	0.04678	0.02837	0.12927	0.14064	0.03316	0.10633	0.02618	0.02868	0.01827	0.01186	0.01185	0.00368	0.01580	0.01053	0.00784	0.01778
39	0.02749	0.09258	0.03049	0.09352	0.03533	0.02090	0.01744	0.03277	0.02485	0.08422	0.02263	0.02593	0.01785	0.00977	0.00919	0.00230	0.01017	0.00776	0.00716	0.42763
40	0.03177	0.03186	0.02852	0.02891	0.09598	0.19345	0.01955	0.08596	0.03259	0.04107	0.11652	0.03807	0.03588	0.01398	0.01091	0.00306	0.01299	0.01108	0.07284	0.09503
41	0.02216	0.01828	0.02151	0.01630	0.02430	0.01435	0.01255	0.02673	0.02444	0.03720	0.09077	0.03929	0.03316	0.08334	0.01563	0.00318	0.00851	0.01010	0.00773	0.49048
42	0.10295	0.01469	0.01634	0.01484	0.01814	0.01408	0.01010	0.02466	0.02052	0.07949	0.03596	0.11639	0.03774	0.31701	0.03588	0.00748	0.00997	0.01554	0.00821	0.10002

[dist]
# distance from previous block
# <min> <max>
2	7

[block]
# block no. 7 follows, 10 sequences, length 15
# corresponding to MSA columns:
# 535-549
name=unknown_H
#
# <colnr> <probs for GDERKNQSTAVLIFYWHMCP>
#	G	D	E	R	K	N	Q	S	T	A	V	L	I	F	Y	W	H	M	C	P
0	0.03358	0.14828	0.17992	0.02524	0.03553	0.07991	0.02600	0.04053	0.02781	0.15841	0.03224	0.04319	0.02637	0.01501	0.01122	0.00361	0.01380	0.07498	0.00834	0.01603
1	0.03159	0.02235	0.02358	0.02082	0.02650	0.07076	0.01590	0.10346	0.07079	0.13862	0.04448	0.23076	0.04277	0.02156	0.01240	0.00377	0.01012	0.01842	0.01086	0.08048
2	0.04308	0.13381	0.11114	0.02307	0.03352	0.02586	0.02208	0.09254	0.03234	0.31385	0.03476	0.03225	0.02317	0.01302	0.01081	0.00340	0.01177	0.01009	0.01093	0.01850
3	0.20171	0.02673	0.02961	0.02679	0.08112	0.02827	0.01966	0.22337	0.03722	0.11785	0.02587	0.02681	0.01870	0.01232	0.01021	0.00336	0.01117	0.00920	0.00978	0.08028
4	0.02288	0.01284	0.01582	0.01438	0.01820	0.01176	0.01103	0.02794	0.03034	0.11779	0.29042	0.07194	0.11898	0.02051	0.01210	0.00345	0.00619	0.01756	0.16369	0.01218
5	0.27212	0.02075	0.02349	0.01878	0.02714	0.02028	0.01550	0.04872	0.02851	0.35875	0.03537	0.03226	0.02306	0.01312	0.01010	0.00360	0.00958	0.00978	0.01185	0.01724
6	0.01661	0.01246	0.01869	0.01869	0.02077	0.01454	0.01454	0.02077	0.01869	0.02700	0.03115	0.04569	0.02908	0.08723	0.54517	0.01869	0.03115	0.01246	0.00623	0.01038
7	0.02531	0.02409	0.04093	0.32208	0.29519	0.02672	0.03396	0.03265	0.02484	0.03378	0.02126	0.02992	0.01694	0.01101	0.01157	0.00367	0.01468	0.01035	0.00546	0.01562
8	0.01661	0.01246	0.01869	0.01869	0.02077	0.01454	0.01454	0.02077	0.01869	0.02700	0.03115	0.04569	0.02908	0.08723	0.54517	0.01869	0.03115	0.01246	0.00623	0.01038
9	0.02077	0.01906	0.03161	0.47963	0.07043	0.02333	0.02901	0.02765	0.02310	0.02971	0.02731	0.11554	0.02490	0.01542	0.01212	0.00401	0.01416	0.01381	0.00603	0.01239
10	0.02879	0.02763	0.04721	0.07139	0.51871	0.02763	0.03569	0.03569	0.02648	0.03800	0.02188	0.02879	0.01842	0.01036	0.01151	0.00345	0.01382	0.01036	0.00576	0.01842
11	0.01973	0.01033	0.01520	0.01509	0.01543	0.01021	0.01021	0.01601	0.01739	0.02353	0.08213	0.04183	0.03146	0.03831	0.04146	0.57887	0.00952	0.01148	0.00603	0.00580
12	0.03229	0.08961	0.04013	0.15931	0.10743	0.12369	0.07107	0.04237	0.09945	0.08226	0.02668	0.03036	0.02028	0.01208	0.01122	0.00350	0.01489	0.01029	0.00736	0.01571
13	0.01559	0.01135	0.01481	0.01589	0.01788	0.01056	0.01170	0.01945	0.02728	0.03700	0.24094	0.29699	0.12386	0.03045	0.01447	0.00433	0.00669	0.07897	0.01156	0.01022
14	0.20451	0.13905	0.03318	0.02251	0.03031	0.18899	0.01852	0.07756	0.02965	0.12290	0.02274	0.02374	0.01710	0.01187	0.00938	0.00320	0.01378	0.00791	0.00800	0.01510

[dist]
# distance from previous block
# <min> <max>
1	5

[block]
# block no. 8 follows, 10 sequences, length 16
# corresponding to MSA columns:
# 555-570
name=unknown_I
#
# <colnr> <probs for GDERKNQSTAVLIFYWHMCP>
#	G	D	E	R	K	N	Q	S	T	A	V	L	I	F	Y	W	H	M	C	P
0	0.02413	0.01960	0.02364	0.08779	0.03176	0.01992	0.01672	0.09214	0.10758	0.04523	0.17553	0.05517	0.09578	0.01726	0.01189	0.00336	0.00899	0.01460	0.01018	0.13874
1	0.02913	0.20770	0.13920	0.02961	0.07318	0.03281	0.06398	0.09691	0.07644	0.04119	0.07520	0.03255	0.02809	0.01276	0.01065	0.00332	0.01307	0.01046	0.00750	0.01627
2	0.01889	0.01183	0.01472	0.01549	0.01817	0.01053	0.01103	0.02149	0.02490	0.09346	0.07733	0.37793	0.19726	0.03161	0.01413	0.00435	0.00690	0.02788	0.01126	0.01087
3	0.01585	0.01186	0.01470	0.01399	0.01700	0.01071	0.01049	0.02077	0.03148	0.04322	0.42401	0.09250	0.20044	0.02505	0.01372	0.00372	0.00558	0.02182	0.01235	0.01071
4	0.02377	0.01468	0.01796	0.01590	0.01995	0.01421	0.01229	0.07456	0.03387	0.09643	0.33838	0.06893	0.07929	0.02016	0.01239	0.00348	0.00668	0.01734	0.11698	0.01275
5	0.02196	0.02067	0.03488	0.56331	0.08010	0.02584	0.03230	0.02972	0.02326	0.02972	0.02067	0.03101	0.01550	0.01163	0.01163	0.00388	0.01550	0.01034	0.00517	0.01292
6	0.02300	0.01418	0.01542	0.01455	0.01747	0.01576	0.01127	0.03161	0.08394	0.04241	0.03674	0.04147	0.02900	0.01455	0.01177	0.00312	0.06549	0.01106	0.50518	0.01200
7	0.02615	0.05643	0.46400	0.03229	0.04841	0.02823	0.04015	0.09668	0.02862	0.04176	0.02182	0.02501	0.01541	0.01144	0.01113	0.00366	0.01660	0.00885	0.00582	0.01754
8	0.01548	0.01108	0.01461	0.01549	0.01697	0.01062	0.01081	0.01875	0.02530	0.03491	0.22154	0.30668	0.08131	0.09110	0.06439	0.00618	0.00883	0.02532	0.01076	0.00984
9	0.03719	0.33025	0.04713	0.02487	0.03286	0.29217	0.02117	0.04056	0.02824	0.02791	0.01706	0.01980	0.01495	0.01095	0.00896	0.00274	0.01665	0.00685	0.00548	0.01421
10	0.41918	0.02139	0.02114	0.01750	0.02544	0.02241	0.01444	0.04339	0.02532	0.24640	0.02834	0.02736	0.01922	0.01227	0.00904	0.00360	0.00937	0.00851	0.01014	0.01554
11	0.03162	0.01524	0.02040	0.01720	0.02260	0.01357	0.01357	0.03669	0.03308	0.25040	0.31451	0.06681	0.07539	0.01980	0.01286	0.00363	0.00736	0.01707	0.01348	0.01472
12	0.02318	0.01821	0.02037	0.01875	0.02351	0.01899	0.01463	0.10377	0.14159	0.04521	0.15187	0.12686	0.16490	0.02361	0.01325	0.00401	0.00819	0.05386	0.01155	0.01369
