[name]
unknown

[dist]
# distance from previous block
# <min> <max>
0	342

[block]
# block no. 0 follows, 12 sequences, length 75
# corresponding to MSA columns:
# 376-403,416-462
name=unknown_A
#
# <colnr> <probs for GDERKNQSTAVLIFYWHMCP>
#	G	D	E	R	K	N	Q	S	T	A	V	L	I	F	Y	W	H	M	C	P
0	0.02588	0.02462	0.03332	0.02822	0.02922	0.03344	0.02350	0.08208	0.02067	0.03112	0.01568	0.02412	0.01480	0.01840	0.03293	0.00460	0.52968	0.00957	0.00548	0.01269
1	0.01435	0.01031	0.01361	0.01445	0.01605	0.00957	0.01020	0.01787	0.02585	0.03575	0.30069	0.34653	0.08744	0.02825	0.01339	0.00393	0.00574	0.02538	0.01106	0.00957
2	0.01543	0.01115	0.01457	0.01372	0.01629	0.01029	0.01029	0.02058	0.03086	0.04372	0.54304	0.08145	0.10288	0.02229	0.01286	0.00343	0.00514	0.01972	0.01200	0.01029
3	0.01490	0.01112	0.01383	0.01315	0.01596	0.01006	0.00987	0.01954	0.02960	0.04072	0.45189	0.08640	0.19590	0.02341	0.01287	0.00348	0.00522	0.02041	0.01161	0.01006
4	0.01366	0.00976	0.01308	0.01561	0.01641	0.00918	0.01078	0.01583	0.02125	0.02826	0.05989	0.56691	0.07129	0.03380	0.01402	0.00448	0.00665	0.07006	0.01011	0.00896
5	0.69383	0.02109	0.01603	0.01434	0.02109	0.02446	0.01181	0.03205	0.01856	0.04892	0.01518	0.01771	0.01181	0.01012	0.00675	0.00337	0.00843	0.00590	0.00675	0.01181
6	0.02385	0.02385	0.03340	0.02863	0.02863	0.03340	0.02385	0.02624	0.01670	0.02624	0.01431	0.02385	0.01431	0.01908	0.03578	0.00477	0.59685	0.00954	0.00477	0.01193
7	0.01543	0.01115	0.01457	0.01372	0.01629	0.01029	0.01029	0.02058	0.03086	0.04372	0.54304	0.08145	0.10288	0.02229	0.01286	0.00343	0.00514	0.01972	0.01200	0.01029
8	0.02915	0.62337	0.05714	0.01866	0.02799	0.04314	0.01866	0.03265	0.02215	0.02565	0.01516	0.01749	0.01399	0.00933	0.00700	0.00233	0.01166	0.00583	0.00466	0.01399
9	0.04892	0.01856	0.02530	0.01940	0.02783	0.01603	0.01603	0.05314	0.03121	0.55634	0.04302	0.03711	0.02699	0.01350	0.01096	0.00337	0.00928	0.01096	0.01350	0.01856
10	0.69383	0.02109	0.01603	0.01434	0.02109	0.02446	0.01181	0.03205	0.01856	0.04892	0.01518	0.01771	0.01181	0.01012	0.00675	0.00337	0.00843	0.00590	0.00675	0.01181
11	0.02699	0.02591	0.04426	0.06693	0.54879	0.02591	0.03346	0.03346	0.02483	0.03562	0.02051	0.02699	0.01727	0.00972	0.01079	0.00324	0.01295	0.00972	0.00540	0.01727
12	0.04145	0.03054	0.03272	0.02509	0.03381	0.03381	0.02072	0.51243	0.05127	0.06872	0.02618	0.02618	0.01854	0.01309	0.01091	0.00327	0.01200	0.00982	0.01091	0.01854
13	0.03000	0.02486	0.02628	0.02277	0.02945	0.02847	0.01796	0.14943	0.43291	0.05026	0.04071	0.03776	0.03032	0.01445	0.01106	0.00361	0.00931	0.01182	0.01106	0.01752
14	0.01328	0.00949	0.01265	0.01518	0.01581	0.00886	0.01012	0.01518	0.02088	0.02783	0.06010	0.60969	0.07212	0.03416	0.01392	0.00443	0.00633	0.03100	0.01012	0.00886
15	0.02227	0.01558	0.01950	0.01986	0.02352	0.01618	0.01701	0.11293	0.02965	0.04018	0.04939	0.09574	0.05063	0.02499	0.01344	0.00441	0.00983	0.33642	0.08683	0.01162
16	0.69383	0.02109	0.01603	0.01434	0.02109	0.02446	0.01181	0.03205	0.01856	0.04892	0.01518	0.01771	0.01181	0.01012	0.00675	0.00337	0.00843	0.00590	0.00675	0.01181
17	0.02059	0.01938	0.03270	0.59060	0.07510	0.02422	0.03028	0.02786	0.02180	0.02786	0.01938	0.02907	0.01453	0.01090	0.01090	0.00363	0.01453	0.00969	0.00484	0.01211
18	0.01449	0.01039	0.01388	0.01544	0.01689	0.00978	0.01120	0.01775	0.02433	0.03306	0.19861	0.39072	0.07967	0.03019	0.01377	0.00422	0.00650	0.08904	0.01065	0.00943
19	0.01370	0.00978	0.01312	0.01565	0.01646	0.00921	0.01084	0.01589	0.02128	0.02829	0.05987	0.56304	0.07122	0.03377	0.01403	0.00448	0.00668	0.07360	0.01011	0.00897
20	0.02098	0.02360	0.08841	0.02494	0.02728	0.02590	0.02196	0.02476	0.01757	0.02660	0.02007	0.03187	0.01929	0.07579	0.16950	0.00823	0.34626	0.01035	0.00515	0.01148
21	0.03234	0.12156	0.21684	0.02291	0.03328	0.02254	0.02428	0.03915	0.02578	0.23238	0.03255	0.09505	0.02559	0.01414	0.01050	0.00337	0.01170	0.01147	0.00865	0.01590
22	0.01388	0.00995	0.01319	0.01477	0.01595	0.00925	0.01017	0.01668	0.02365	0.03225	0.19444	0.46274	0.08067	0.03086	0.01362	0.00415	0.00600	0.02786	0.01064	0.00925
23	0.49434	0.02229	0.02321	0.02564	0.11892	0.02575	0.01717	0.03164	0.01950	0.04387	0.01606	0.02012	0.01310	0.01108	0.01083	0.00351	0.07684	0.00702	0.00627	0.01283
24	0.03002	0.01645	0.02131	0.01874	0.02318	0.01644	0.01456	0.08701	0.02875	0.21759	0.10196	0.23406	0.04899	0.02194	0.01426	0.00384	0.05748	0.01851	0.01115	0.01376
25	0.01572	0.01191	0.01461	0.01415	0.01695	0.01128	0.01051	0.02215	0.06797	0.03988	0.38274	0.14247	0.16087	0.02387	0.01285	0.00360	0.00561	0.02093	0.01143	0.01051
26	0.03400	0.32509	0.04418	0.02126	0.03035	0.03711	0.01915	0.23938	0.03475	0.04493	0.02021	0.02160	0.01611	0.01086	0.00876	0.00269	0.01155	0.00760	0.00749	0.06294
27	0.03375	0.21906	0.11744	0.02248	0.03219	0.02657	0.06131	0.03930	0.02612	0.22264	0.03410	0.03338	0.06064	0.01244	0.00991	0.00310	0.01153	0.00999	0.00839	0.01567
28	0.02425	0.02311	0.03931	0.29132	0.34582	0.02519	0.03210	0.03106	0.02353	0.03230	0.02003	0.02788	0.01610	0.01022	0.01084	0.00341	0.01363	0.00970	0.00516	0.01506
29	0.03355	0.11344	0.10689	0.02472	0.03398	0.02567	0.07676	0.04693	0.16928	0.20429	0.03379	0.03250	0.02391	0.01234	0.01057	0.00336	0.01141	0.01044	0.00942	0.01676
30	0.02353	0.01474	0.02050	0.06615	0.02555	0.01533	0.01537	0.02797	0.02684	0.14067	0.23532	0.12620	0.06258	0.02130	0.01528	0.00386	0.07533	0.06092	0.01046	0.01211
31	0.02320	0.02296	0.03326	0.14078	0.03790	0.03157	0.02514	0.02656	0.01772	0.02656	0.01532	0.02490	0.01436	0.01745	0.03082	0.00454	0.48064	0.00957	0.00479	0.01196
32	0.02625	0.02516	0.04293	0.12714	0.49432	0.02571	0.03310	0.03282	0.02448	0.03473	0.02038	0.02723	0.01696	0.00985	0.01081	0.00328	0.01314	0.00971	0.00533	0.01668
33	0.03360	0.03544	0.02771	0.02478	0.02923	0.29376	0.01901	0.04020	0.09556	0.07324	0.02453	0.02986	0.02052	0.06095	0.05411	0.00479	0.10327	0.00940	0.00699	0.01305
34	0.02554	0.03005	0.14952	0.03414	0.04416	0.02250	0.26728	0.03383	0.02589	0.09495	0.07725	0.08502	0.03036	0.01337	0.01224	0.00364	0.01456	0.01394	0.00728	0.01449
35	0.02133	0.02013	0.03403	0.53039	0.12956	0.02442	0.03065	0.02850	0.02215	0.02875	0.01951	0.02883	0.01485	0.01076	0.01089	0.00359	0.01435	0.00969	0.00491	0.01271
36	0.02674	0.43550	0.22387	0.02277	0.03435	0.03724	0.02582	0.03327	0.02244	0.02859	0.01662	0.01932	0.01393	0.00967	0.00811	0.00270	0.01314	0.00657	0.00464	0.01470
37	0.04735	0.02108	0.02687	0.02060	0.02909	0.01977	0.01702	0.14991	0.03543	0.45360	0.03947	0.03481	0.02521	0.01341	0.01095	0.00335	0.00985	0.01072	0.01295	0.01855
38	0.03870	0.02157	0.03085	0.03406	0.18348	0.02085	0.02144	0.04807	0.11325	0.31474	0.03653	0.03469	0.02515	0.01259	0.01094	0.00339	0.01027	0.01082	0.01067	0.01795
39	0.04710	0.01941	0.02837	0.02149	0.03013	0.01693	0.05479	0.05171	0.03078	0.51535	0.04137	0.03651	0.02617	0.01316	0.01111	0.00340	0.00999	0.01111	0.01287	0.01825
40	0.04145	0.02089	0.02569	0.02055	0.02801	0.02047	0.01662	0.16573	0.06883	0.33716	0.04080	0.10041	0.03046	0.01586	0.01130	0.00349	0.00959	0.01307	0.01229	0.01735
41	0.69383	0.02109	0.01603	0.01434	0.02109	0.02446	0.01181	0.03205	0.01856	0.04892	0.01518	0.01771	0.01181	0.01012	0.00675	0.00337	0.00843	0.00590	0.00675	0.01181
42	0.02699	0.02591	0.04426	0.06693	0.54879	0.02591	0.03346	0.03346	0.02483	0.03562	0.02051	0.02699	0.01727	0.00972	0.01079	0.00324	0.01295	0.00972	0.00540	0.01727
43	0.37417	0.02342	0.02281	0.01853	0.02619	0.02562	0.01529	0.17964	0.03078	0.15300	0.02385	0.02399	0.01676	0.01166	0.00881	0.00334	0.00966	0.00805	0.00930	0.01513
44	0.04145	0.03054	0.03272	0.02509	0.03381	0.03381	0.02072	0.51243	0.05127	0.06872	0.02618	0.02618	0.01854	0.01309	0.01091	0.00327	0.01200	0.00982	0.01091	0.01854
45	0.01586	0.01057	0.01189	0.01189	0.01189	0.01057	0.00661	0.01586	0.01586	0.02114	0.03436	0.07135	0.03964	0.61681	0.05550	0.01057	0.01057	0.01586	0.00661	0.00661
46	0.04707	0.01918	0.02691	0.02342	0.07190	0.01686	0.01750	0.05147	0.03067	0.51230	0.04111	0.03626	0.02617	0.01318	0.01095	0.00336	0.00959	0.01086	0.01281	0.01845
47	0.01855	0.00972	0.01459	0.01459	0.01481	0.00995	0.00995	0.01481	0.01459	0.01967	0.02012	0.03426	0.01989	0.04292	0.10359	0.60637	0.01174	0.00972	0.00486	0.00531
48	0.04892	0.01856	0.02530	0.01940	0.02783	0.01603	0.01603	0.05314	0.03121	0.55634	0.04302	0.03711	0.02699	0.01350	0.01096	0.00337	0.00928	0.01096	0.01350	0.01856
49	0.01858	0.00960	0.01394	0.01394	0.01394	0.00960	0.00914	0.01439	0.01439	0.01919	0.02071	0.03754	0.02132	0.10445	0.04409	0.60547	0.00960	0.01020	0.00495	0.00495
50	0.02871	0.01411	0.01904	0.01695	0.02166	0.01273	0.01353	0.03320	0.02937	0.24233	0.23902	0.11413	0.06494	0.02091	0.01251	0.00371	0.00754	0.08007	0.01216	0.01338
51	0.01407	0.01005	0.01356	0.01608	0.01706	0.00954	0.01149	0.01654	0.02165	0.02872	0.05966	0.52025	0.07039	0.03342	0.01413	0.00454	0.00701	0.11266	0.01011	0.00907
52	0.02915	0.62337	0.05714	0.01866	0.02799	0.04314	0.01866	0.03265	0.02215	0.02565	0.01516	0.01749	0.01399	0.00933	0.00700	0.00233	0.01166	0.00583	0.00466	0.01399
53	0.02629	0.04293	0.33902	0.02684	0.03901	0.02580	0.03054	0.13324	0.08692	0.04332	0.02529	0.02738	0.01837	0.01165	0.01029	0.00336	0.01336	0.00911	0.07111	0.01617
54	0.02301	0.01815	0.02955	0.45884	0.06285	0.02152	0.02633	0.02931	0.02278	0.08862	0.02677	0.09667	0.02258	0.01387	0.01125	0.00370	0.01299	0.01228	0.00645	0.01248
55	0.02474	0.02357	0.08466	0.01814	0.02846	0.01590	0.01633	0.03043	0.02338	0.07917	0.02139	0.02388	0.01679	0.00879	0.00858	0.00197	0.00910	0.00702	0.00684	0.55087
56	0.02247	0.05261	0.49872	0.03006	0.04503	0.02553	0.03764	0.03722	0.08121	0.03580	0.02242	0.02505	0.01605	0.01087	0.01044	0.00348	0.01525	0.00855	0.00535	0.01625
57	0.02187	0.05640	0.56031	0.03108	0.04719	0.02532	0.04029	0.03453	0.02302	0.03453	0.01957	0.02302	0.01381	0.01036	0.01036	0.00345	0.01611	0.00806	0.00460	0.01611
58	0.02059	0.01938	0.03270	0.59060	0.07510	0.02422	0.03028	0.02786	0.02180	0.02786	0.01938	0.02907	0.01453	0.01090	0.01090	0.00363	0.01453	0.00969	0.00484	0.01211
59	0.03788	0.03413	0.23194	0.02437	0.03579	0.02110	0.02576	0.08456	0.02974	0.31445	0.03257	0.03077	0.02121	0.01225	0.01073	0.00340	0.01214	0.00975	0.00985	0.01761
60	0.02059	0.01938	0.03270	0.59060	0.07510	0.02422	0.03028	0.02786	0.02180	0.02786	0.01938	0.02907	0.01453	0.01090	0.01090	0.00363	0.01453	0.00969	0.00484	0.01211
61	0.69383	0.02109	0.01603	0.01434	0.02109	0.02446	0.01181	0.03205	0.01856	0.04892	0.01518	0.01771	0.01181	0.01012	0.00675	0.00337	0.00843	0.00590	0.00675	0.01181
62	0.01543	0.01115	0.01457	0.01372	0.01629	0.01029	0.01029	0.02058	0.03086	0.04372	0.54304	0.08145	0.10288	0.02229	0.01286	0.00343	0.00514	0.01972	0.01200	0.01029
63	0.02712	0.02342	0.02465	0.02219	0.02835	0.02712	0.01726	0.05794	0.52909	0.04561	0.04438	0.04068	0.03328	0.01479	0.01109	0.00370	0.00863	0.01233	0.01109	0.01726
64	0.01482	0.01122	0.01373	0.01337	0.01627	0.01013	0.01021	0.01925	0.02866	0.03867	0.37921	0.09143	0.23185	0.02444	0.01303	0.00362	0.00561	0.05324	0.01130	0.00995
65	0.02915	0.62337	0.05714	0.01866	0.02799	0.04314	0.01866	0.03265	0.02215	0.02565	0.01516	0.01749	0.01399	0.00933	0.00700	0.00233	0.01166	0.00583	0.00466	0.01399
66	0.01543	0.01115	0.01457	0.01372	0.01629	0.01029	0.01029	0.02058	0.03086	0.04372	0.54304	0.08145	0.10288	0.02229	0.01286	0.00343	0.00514	0.01972	0.01200	0.01029
67	0.04755	0.02076	0.02667	0.02044	0.02893	0.01929	0.01689	0.13754	0.03489	0.46674	0.03992	0.03510	0.02544	0.01342	0.01095	0.00336	0.00978	0.01075	0.01302	0.01855
68	0.02107	0.01789	0.02924	0.08975	0.03500	0.01816	0.11576	0.06636	0.02835	0.03808	0.15314	0.07601	0.05334	0.02054	0.01330	0.00409	0.01128	0.18760	0.00906	0.01198
69	0.03119	0.02294	0.02907	0.03036	0.12391	0.02518	0.02051	0.04999	0.29678	0.14418	0.03736	0.03613	0.02759	0.01394	0.01295	0.00363	0.05579	0.01136	0.01003	0.01710
70	0.02259	0.01857	0.03033	0.49367	0.06579	0.02238	0.02709	0.02899	0.02210	0.07200	0.02264	0.03330	0.01770	0.06202	0.01465	0.00419	0.01376	0.01032	0.00572	0.01219
71	0.01663	0.01056	0.01188	0.01178	0.01255	0.01046	0.00722	0.01815	0.01887	0.02732	0.09300	0.06687	0.04475	0.43752	0.04180	0.00828	0.00894	0.01525	0.13048	0.00768
72	0.02466	0.02886	0.14341	0.13252	0.03934	0.05701	0.02358	0.03778	0.14594	0.07457	0.13730	0.04150	0.03832	0.01431	0.01118	0.00349	0.01146	0.01199	0.00846	0.01433
73	0.02299	0.01926	0.02107	0.02010	0.02461	0.02167	0.01513	0.04517	0.37734	0.04030	0.04907	0.21059	0.04488	0.02058	0.01194	0.00392	0.00794	0.01790	0.01080	0.01475
74	0.08292	0.24114	0.03584	0.05534	0.03000	0.06628	0.01663	0.03090	0.02264	0.03194	0.01731	0.02055	0.01474	0.00911	0.00788	0.00224	0.01066	0.00644	0.00567	0.29176

[dist]
# distance from previous block
# <min> <max>
0	7

[block]
# block no. 1 follows, 12 sequences, length 46
# corresponding to MSA columns:
# 470-515
name=unknown_B
#
# <colnr> <probs for GDERKNQSTAVLIFYWHMCP>
#	G	D	E	R	K	N	Q	S	T	A	V	L	I	F	Y	W	H	M	C	P
0	0.11746	0.09646	0.03345	0.28157	0.08920	0.02682	0.02413	0.02928	0.02116	0.03171	0.01781	0.02468	0.01443	0.01111	0.01221	0.00333	0.07490	0.00835	0.00528	0.07667
1	0.02070	0.01818	0.02598	0.29132	0.04674	0.02190	0.02151	0.03033	0.11643	0.02985	0.02930	0.07857	0.02670	0.12672	0.02141	0.00508	0.05795	0.01279	0.00671	0.01182
2	0.03003	0.03038	0.08394	0.08172	0.03925	0.13645	0.12355	0.06418	0.02664	0.09632	0.02592	0.07363	0.02166	0.01624	0.01527	0.08874	0.01448	0.01146	0.00697	0.01316
3	0.01466	0.01078	0.01373	0.01369	0.01599	0.00985	0.01000	0.01882	0.02801	0.03859	0.38706	0.19559	0.15184	0.02546	0.01309	0.00367	0.00544	0.02251	0.01137	0.00985
4	0.02397	0.02127	0.02815	0.06813	0.03309	0.02341	0.07859	0.04482	0.32107	0.04248	0.14458	0.04693	0.04436	0.01536	0.01167	0.00363	0.00959	0.01374	0.01009	0.01507
5	0.01369	0.01003	0.01285	0.01435	0.01578	0.00920	0.00993	0.01638	0.02348	0.03138	0.16808	0.43511	0.13789	0.03084	0.01357	0.00412	0.00598	0.02762	0.01052	0.00920
6	0.01682	0.01213	0.01517	0.01643	0.01807	0.01199	0.01145	0.07762	0.02469	0.03297	0.05584	0.53642	0.06539	0.03151	0.01354	0.00428	0.00704	0.02834	0.01022	0.01007
7	0.02915	0.62337	0.05714	0.01866	0.02799	0.04314	0.01866	0.03265	0.02215	0.02565	0.01516	0.01749	0.01399	0.00933	0.00700	0.00233	0.01166	0.00583	0.00466	0.01399
8	0.04892	0.01856	0.02530	0.01940	0.02783	0.01603	0.01603	0.05314	0.03121	0.55634	0.04302	0.03711	0.02699	0.01350	0.01096	0.00337	0.00928	0.01096	0.01350	0.01856
9	0.02261	0.01938	0.02261	0.01615	0.02584	0.01453	0.01292	0.02745	0.02261	0.03553	0.01938	0.02261	0.01615	0.00807	0.00807	0.00161	0.00807	0.00646	0.00646	0.68346
10	0.69383	0.02109	0.01603	0.01434	0.02109	0.02446	0.01181	0.03205	0.01856	0.04892	0.01518	0.01771	0.01181	0.01012	0.00675	0.00337	0.00843	0.00590	0.00675	0.01181
11	0.02385	0.02385	0.03340	0.02863	0.02863	0.03340	0.02385	0.02624	0.01670	0.02624	0.01431	0.02385	0.01431	0.01908	0.03578	0.00477	0.59685	0.00954	0.00477	0.01193
12	0.02128	0.02008	0.03394	0.53456	0.12579	0.02440	0.03062	0.02846	0.02213	0.02869	0.01950	0.02885	0.01483	0.01077	0.01089	0.00359	0.01437	0.00969	0.00490	0.01266
13	0.02915	0.62337	0.05714	0.01866	0.02799	0.04314	0.01866	0.03265	0.02215	0.02565	0.01516	0.01749	0.01399	0.00933	0.00700	0.00233	0.01166	0.00583	0.00466	0.01399
14	0.01586	0.01057	0.01189	0.01189	0.01189	0.01057	0.00661	0.01586	0.01586	0.02114	0.03436	0.07135	0.03964	0.61681	0.05550	0.01057	0.01057	0.01586	0.00661	0.00661
15	0.01543	0.01115	0.01457	0.01372	0.01629	0.01029	0.01029	0.02058	0.03086	0.04372	0.54304	0.08145	0.10288	0.02229	0.01286	0.00343	0.00514	0.01972	0.01200	0.01029
16	0.08658	0.01954	0.02198	0.01598	0.02539	0.01548	0.01281	0.02789	0.02222	0.03681	0.01898	0.02214	0.01574	0.00827	0.00795	0.00178	0.00811	0.00641	0.00649	0.61945
17	0.04089	0.04706	0.03132	0.02740	0.03373	0.44952	0.02099	0.15094	0.03556	0.03631	0.01899	0.02116	0.01508	0.01166	0.01008	0.00292	0.01791	0.00766	0.00683	0.01399
18	0.03620	0.01612	0.02217	0.01968	0.02571	0.01462	0.01665	0.04074	0.02873	0.34388	0.04899	0.07195	0.04150	0.02024	0.01263	0.00404	0.00959	0.19938	0.01209	0.01510
19	0.01289	0.01105	0.01105	0.01105	0.01473	0.00920	0.00828	0.01565	0.02485	0.02946	0.11046	0.10493	0.54437	0.02761	0.01289	0.00368	0.00552	0.02301	0.01013	0.00920
20	0.04433	0.02175	0.02678	0.02098	0.02916	0.02130	0.01719	0.15049	0.10429	0.38305	0.03966	0.03530	0.02608	0.01359	0.01097	0.00340	0.00976	0.01091	0.01262	0.01837
21	0.69383	0.02109	0.01603	0.01434	0.02109	0.02446	0.01181	0.03205	0.01856	0.04892	0.01518	0.01771	0.01181	0.01012	0.00675	0.00337	0.00843	0.00590	0.00675	0.01181
22	0.04252	0.01724	0.02349	0.01893	0.02620	0.01512	0.01564	0.04691	0.03054	0.45379	0.09171	0.05018	0.03785	0.01605	0.01157	0.00355	0.00897	0.05985	0.01300	0.01689
23	0.04648	0.02247	0.02773	0.02126	0.02979	0.02184	0.01756	0.20329	0.03777	0.39693	0.03751	0.03354	0.02423	0.01336	0.01095	0.00334	0.01017	0.01059	0.01265	0.01855
24	0.02673	0.02765	0.05437	0.14662	0.05751	0.02772	0.35704	0.09355	0.02820	0.03783	0.02207	0.02894	0.01641	0.01000	0.01225	0.00362	0.01685	0.01188	0.00606	0.01470
25	0.04892	0.01856	0.02530	0.01940	0.02783	0.01603	0.01603	0.05314	0.03121	0.55634	0.04302	0.03711	0.02699	0.01350	0.01096	0.00337	0.00928	0.01096	0.01350	0.01856
26	0.02915	0.62337	0.05714	0.01866	0.02799	0.04314	0.01866	0.03265	0.02215	0.02565	0.01516	0.01749	0.01399	0.00933	0.00700	0.00233	0.01166	0.00583	0.00466	0.01399
27	0.04156	0.01693	0.02294	0.01815	0.02530	0.01476	0.01476	0.04598	0.03113	0.44362	0.15297	0.04686	0.04368	0.01543	0.01138	0.00339	0.00837	0.01289	0.01317	0.01674
28	0.18468	0.01909	0.02335	0.01833	0.02641	0.01780	0.01514	0.04870	0.02854	0.44953	0.03716	0.03303	0.02379	0.01279	0.01008	0.00337	0.00910	0.00990	0.01207	0.01714
29	0.01368	0.00999	0.01287	0.01446	0.01580	0.00918	0.00997	0.01632	0.02331	0.03122	0.16302	0.45058	0.12721	0.03108	0.01360	0.00415	0.00600	0.02789	0.01050	0.00918
30	0.01328	0.00949	0.01265	0.01518	0.01581	0.00886	0.01012	0.01518	0.02088	0.02783	0.06010	0.60969	0.07212	0.03416	0.01392	0.00443	0.00633	0.03100	0.01012	0.00886
31	0.01436	0.01058	0.01344	0.01383	0.01591	0.00966	0.00995	0.01808	0.02669	0.03642	0.32107	0.26095	0.15475	0.02700	0.01322	0.00380	0.00559	0.02394	0.01111	0.00966
32	0.01458	0.01111	0.01339	0.01282	0.01576	0.00992	0.00961	0.01892	0.02884	0.03893	0.39766	0.08934	0.25125	0.02408	0.01287	0.00351	0.00527	0.02083	0.01137	0.00992
33	0.02915	0.62337	0.05714	0.01866	0.02799	0.04314	0.01866	0.03265	0.02215	0.02565	0.01516	0.01749	0.01399	0.00933	0.00700	0.00233	0.01166	0.00583	0.00466	0.01399
34	0.57153	0.02061	0.01779	0.01530	0.02237	0.02286	0.01261	0.03605	0.02096	0.14514	0.02046	0.02139	0.01469	0.01076	0.00755	0.00337	0.00859	0.00686	0.00803	0.01309
35	0.04467	0.02537	0.02952	0.02263	0.03123	0.02614	0.01870	0.31430	0.04261	0.27907	0.03344	0.03089	0.02219	0.01326	0.01093	0.00332	0.01082	0.01031	0.01202	0.01855
36	0.01954	0.01610	0.01915	0.01549	0.02236	0.01288	0.01236	0.02420	0.02466	0.03595	0.13033	0.05441	0.10327	0.01548	0.01030	0.00257	0.00743	0.06114	0.00831	0.40407
37	0.69383	0.02109	0.01603	0.01434	0.02109	0.02446	0.01181	0.03205	0.01856	0.04892	0.01518	0.01771	0.01181	0.01012	0.00675	0.00337	0.00843	0.00590	0.00675	0.01181
38	0.50568	0.02120	0.01925	0.01621	0.02347	0.02327	0.01337	0.07081	0.02366	0.16191	0.02208	0.02258	0.01563	0.01107	0.00797	0.00337	0.00887	0.00729	0.00853	0.01377
39	0.01586	0.01057	0.01189	0.01189	0.01189	0.01057	0.00661	0.01586	0.01586	0.02114	0.03436	0.07135	0.03964	0.61681	0.05550	0.01057	0.01057	0.01586	0.00661	0.00661
40	0.02187	0.05640	0.56031	0.03108	0.04719	0.02532	0.04029	0.03453	0.02302	0.03453	0.01957	0.02302	0.01381	0.01036	0.01036	0.00345	0.01611	0.00806	0.00460	0.01611
41	0.03969	0.02705	0.02950	0.08134	0.09900	0.13635	0.02074	0.04672	0.07690	0.28093	0.03258	0.03175	0.02247	0.01242	0.01071	0.00329	0.01236	0.00999	0.00978	0.01642
42	0.69383	0.02109	0.01603	0.01434	0.02109	0.02446	0.01181	0.03205	0.01856	0.04892	0.01518	0.01771	0.01181	0.01012	0.00675	0.00337	0.00843	0.00590	0.00675	0.01181
43	0.01586	0.01057	0.01189	0.01189	0.01189	0.01057	0.00661	0.01586	0.01586	0.02114	0.03436	0.07135	0.03964	0.61681	0.05550	0.01057	0.01057	0.01586	0.00661	0.00661
44	0.14194	0.08058	0.16294	0.02564	0.03608	0.02845	0.06945	0.18502	0.03216	0.10273	0.02331	0.02481	0.01664	0.01132	0.00997	0.00331	0.01270	0.00884	0.00796	0.01613
45	0.13838	0.08770	0.19235	0.02133	0.03145	0.02219	0.02234	0.03679	0.02510	0.17103	0.07861	0.03126	0.02627	0.01210	0.00971	0.00318	0.01099	0.00934	0.00814	0.06176

[dist]
# distance from previous block
# <min> <max>
0	9

[block]
# block no. 2 follows, 12 sequences, length 33
# corresponding to MSA columns:
# 525-557
name=unknown_C
#
# <colnr> <probs for GDERKNQSTAVLIFYWHMCP>
#	G	D	E	R	K	N	Q	S	T	A	V	L	I	F	Y	W	H	M	C	P
0	0.42649	0.02836	0.02091	0.01883	0.02522	0.14645	0.01486	0.03936	0.11523	0.04339	0.02092	0.02237	0.01626	0.01123	0.00823	0.00331	0.01096	0.00733	0.00730	0.01300
1	0.69383	0.02109	0.01603	0.01434	0.02109	0.02446	0.01181	0.03205	0.01856	0.04892	0.01518	0.01771	0.01181	0.01012	0.00675	0.00337	0.00843	0.00590	0.00675	0.01181
2	0.02574	0.02941	0.06434	0.04596	0.05699	0.02757	0.50919	0.03493	0.02574	0.03493	0.02206	0.02941	0.01654	0.00919	0.01287	0.00368	0.01838	0.01287	0.00551	0.01471
3	0.02712	0.02342	0.02465	0.02219	0.02835	0.02712	0.01726	0.05794	0.52909	0.04561	0.04438	0.04068	0.03328	0.01479	0.01109	0.00370	0.00863	0.01233	0.01109	0.01726
4	0.02137	0.02017	0.03410	0.52720	0.13245	0.02443	0.03067	0.02854	0.02217	0.02880	0.01952	0.02882	0.01487	0.01076	0.01089	0.00359	0.01434	0.00969	0.00491	0.01274
5	0.02187	0.05640	0.56031	0.03108	0.04719	0.02532	0.04029	0.03453	0.02302	0.03453	0.01957	0.02302	0.01381	0.01036	0.01036	0.00345	0.01611	0.00806	0.00460	0.01611
6	0.02385	0.02385	0.03340	0.02863	0.02863	0.03340	0.02385	0.02624	0.01670	0.02624	0.01431	0.02385	0.01431	0.01908	0.03578	0.00477	0.59685	0.00954	0.00477	0.01193
7	0.04167	0.01682	0.02285	0.01837	0.02536	0.01467	0.01481	0.04573	0.03005	0.44727	0.09509	0.10396	0.03953	0.01663	0.01148	0.00349	0.00854	0.01403	0.01298	0.01667
8	0.03028	0.02124	0.03790	0.18972	0.04918	0.02132	0.16465	0.03692	0.02619	0.18997	0.03194	0.04297	0.02472	0.01351	0.01200	0.00374	0.01353	0.06739	0.00828	0.01457
9	0.01380	0.00986	0.01325	0.01578	0.01664	0.00930	0.01102	0.01608	0.02139	0.02841	0.05981	0.55077	0.07098	0.03367	0.01406	0.00450	0.00678	0.08480	0.01011	0.00900
10	0.04892	0.01856	0.02530	0.01940	0.02783	0.01603	0.01603	0.05314	0.03121	0.55634	0.04302	0.03711	0.02699	0.01350	0.01096	0.00337	0.00928	0.01096	0.01350	0.01856
11	0.02504	0.02068	0.03436	0.41666	0.17099	0.02369	0.02941	0.03181	0.02347	0.08710	0.02220	0.02950	0.01648	0.01093	0.01089	0.00352	0.01362	0.00983	0.00591	0.01391
12	0.03805	0.02429	0.02809	0.02263	0.02999	0.02585	0.01873	0.31584	0.04103	0.16456	0.03348	0.04059	0.02596	0.02137	0.06328	0.00480	0.01279	0.06097	0.01090	0.01681
13	0.01717	0.01048	0.01403	0.01564	0.01712	0.00964	0.01076	0.01932	0.02200	0.08542	0.05824	0.54730	0.06720	0.03191	0.01360	0.00431	0.00665	0.02881	0.01049	0.00991
14	0.69383	0.02109	0.01603	0.01434	0.02109	0.02446	0.01181	0.03205	0.01856	0.04892	0.01518	0.01771	0.01181	0.01012	0.00675	0.00337	0.00843	0.00590	0.00675	0.01181
15	0.01357	0.01078	0.01218	0.01244	0.01530	0.00940	0.00910	0.01674	0.02556	0.03256	0.20450	0.19220	0.35203	0.02755	0.01307	0.00376	0.00558	0.02369	0.01057	0.00940
16	0.02952	0.04056	0.28820	0.02803	0.03870	0.02768	0.03029	0.14088	0.02901	0.09744	0.02262	0.02541	0.01639	0.01291	0.01522	0.00365	0.12132	0.00904	0.00700	0.01615
17	0.03030	0.02876	0.04954	0.04064	0.10689	0.02978	0.25975	0.17377	0.03220	0.04404	0.02230	0.02761	0.01699	0.01139	0.01434	0.00361	0.07395	0.01126	0.00701	0.01586
18	0.01511	0.01084	0.01456	0.01591	0.01769	0.01028	0.01206	0.01892	0.02541	0.03457	0.22746	0.30338	0.08046	0.02901	0.01384	0.00423	0.00685	0.13902	0.01076	0.00965
19	0.03038	0.01469	0.01797	0.01510	0.02109	0.01252	0.01204	0.03385	0.02794	0.28528	0.07771	0.07200	0.29316	0.02076	0.01195	0.00353	0.00735	0.01716	0.01176	0.01375
20	0.01525	0.01114	0.01432	0.01352	0.01617	0.01021	0.01014	0.02021	0.03042	0.04268	0.51126	0.08317	0.13532	0.02268	0.01286	0.00345	0.00517	0.01996	0.01186	0.01021
21	0.01880	0.01189	0.01565	0.01429	0.01745	0.01086	0.01086	0.02385	0.03090	0.09520	0.49282	0.07699	0.09526	0.02141	0.01267	0.00342	0.00556	0.01884	0.01215	0.01112
22	0.01503	0.01113	0.01401	0.01329	0.01604	0.01012	0.00997	0.01979	0.02991	0.04146	0.47428	0.08518	0.17305	0.02314	0.01286	0.00347	0.00520	0.02024	0.01170	0.01012
23	0.03917	0.03843	0.03085	0.02593	0.03301	0.25614	0.02039	0.25539	0.10896	0.04812	0.02484	0.02549	0.01872	0.01256	0.01049	0.00314	0.01471	0.00901	0.00874	0.01592
24	0.02699	0.02591	0.04426	0.06693	0.54879	0.02591	0.03346	0.03346	0.02483	0.03562	0.02051	0.02699	0.01727	0.00972	0.01079	0.00324	0.01295	0.00972	0.00540	0.01727
25	0.01497	0.01069	0.01459	0.01711	0.01848	0.01031	0.01305	0.01810	0.02254	0.02972	0.05917	0.41823	0.06843	0.03257	0.01437	0.00466	0.00779	0.20582	0.01009	0.00932
26	0.02915	0.62337	0.05714	0.01866	0.02799	0.04314	0.01866	0.03265	0.02215	0.02565	0.01516	0.01749	0.01399	0.00933	0.00700	0.00233	0.01166	0.00583	0.00466	0.01399
27	0.03134	0.01988	0.02248	0.01956	0.02552	0.02122	0.01567	0.10289	0.22990	0.15331	0.04143	0.04535	0.03177	0.01527	0.01075	0.00348	0.00864	0.05172	0.13407	0.01575
28	0.01835	0.01061	0.01221	0.01194	0.01444	0.01050	0.00900	0.02335	0.02495	0.04029	0.19711	0.05387	0.05182	0.02179	0.05864	0.00413	0.00720	0.01335	0.40627	0.01017
29	0.40199	0.06951	0.12082	0.01868	0.02765	0.02435	0.01832	0.03652	0.02201	0.14016	0.02123	0.02233	0.01519	0.01074	0.00822	0.00332	0.01023	0.00725	0.00748	0.01402
30	0.07477	0.01227	0.01624	0.01609	0.01805	0.01394	0.01203	0.01982	0.01727	0.02651	0.02904	0.04651	0.02846	0.18552	0.41766	0.01486	0.02356	0.01204	0.00608	0.00927
31	0.09477	0.28685	0.08726	0.02150	0.03093	0.03514	0.02043	0.19132	0.03200	0.07555	0.02088	0.02206	0.01607	0.01098	0.00879	0.00290	0.01172	0.00766	0.00744	0.01575
32	0.02361	0.08613	0.20225	0.07737	0.14462	0.02597	0.15406	0.03202	0.02371	0.03300	0.02373	0.07948	0.02063	0.01208	0.01116	0.00347	0.01468	0.01165	0.00552	0.01485

[dist]
# distance from previous block
# <min> <max>
0	5

[block]
# block no. 3 follows, 12 sequences, length 7
# corresponding to MSA columns:
# 563-569
name=unknown_D
#
# <colnr> <probs for GDERKNQSTAVLIFYWHMCP>
#	G	D	E	R	K	N	Q	S	T	A	V	L	I	F	Y	W	H	M	C	P
0	0.02765	0.03376	0.24131	0.06750	0.03752	0.02127	0.02627	0.09051	0.02945	0.13591	0.13800	0.03910	0.03613	0.01388	0.01112	0.00343	0.01188	0.01145	0.00860	0.01528
1	0.16638	0.01975	0.02909	0.46581	0.06340	0.02428	0.02628	0.02877	0.02110	0.03242	0.01847	0.02661	0.01394	0.01073	0.01000	0.00358	0.01321	0.00887	0.00526	0.01205
2	0.16264	0.01298	0.01345	0.01308	0.01477	0.01394	0.00856	0.01979	0.01664	0.02765	0.02960	0.05639	0.03216	0.42263	0.10575	0.00983	0.01230	0.01321	0.00655	0.00810
3	0.02895	0.12236	0.28898	0.07554	0.04347	0.02590	0.06907	0.03776	0.02479	0.14575	0.02421	0.02633	0.01697	0.01085	0.01027	0.00331	0.01406	0.00890	0.00663	0.01589
4	0.02985	0.02969	0.15796	0.02445	0.03192	0.05631	0.05337	0.03539	0.02407	0.17880	0.03046	0.07657	0.02554	0.09599	0.02040	0.00461	0.09049	0.01205	0.00795	0.01412
5	0.01431	0.01110	0.01302	0.01254	0.01560	0.00981	0.00941	0.01841	0.02822	0.03745	0.35275	0.09178	0.29709	0.02463	0.01287	0.00354	0.00531	0.02117	0.01118	0.00981
6	0.02084	0.01850	0.02979	0.18772	0.21751	0.01948	0.02374	0.02702	0.02632	0.03663	0.22001	0.04837	0.04927	0.01484	0.01161	0.00342	0.01039	0.01353	0.00777	0.01321

[dist]
# distance from previous block
# <min> <max>
0	32

[block]
# block no. 4 follows, 12 sequences, length 19
# corresponding to MSA columns:
# 602-620
name=unknown_E
#
# <colnr> <probs for GDERKNQSTAVLIFYWHMCP>
#	G	D	E	R	K	N	Q	S	T	A	V	L	I	F	Y	W	H	M	C	P
0	0.02519	0.15655	0.29511	0.02614	0.03809	0.02624	0.06560	0.03347	0.02304	0.07107	0.02190	0.02756	0.01742	0.06160	0.01359	0.00371	0.01382	0.00875	0.00567	0.06548
1	0.03013	0.03513	0.19882	0.14262	0.10166	0.02720	0.02981	0.18411	0.03238	0.07927	0.02329	0.02658	0.01670	0.01146	0.01073	0.00340	0.01371	0.00931	0.00731	0.01638
2	0.06504	0.08771	0.03857	0.13840	0.04231	0.02683	0.12447	0.05969	0.02466	0.10563	0.02327	0.02823	0.01765	0.01225	0.01443	0.00353	0.10664	0.00993	0.05685	0.01391
3	0.01453	0.01058	0.01368	0.01403	0.01602	0.00973	0.01009	0.01841	0.02708	0.03737	0.35011	0.26121	0.12320	0.02666	0.01322	0.00378	0.00557	0.02375	0.01124	0.00973
4	0.16334	0.02484	0.03880	0.02937	0.03814	0.02513	0.20356	0.07754	0.10425	0.14275	0.02848	0.03007	0.02034	0.01136	0.01087	0.00353	0.01269	0.01081	0.00856	0.01556
5	0.15089	0.01220	0.01405	0.01363	0.01524	0.01278	0.00934	0.01881	0.01726	0.02806	0.07877	0.04443	0.03157	0.16834	0.03537	0.31526	0.00906	0.01140	0.00637	0.00718
6	0.01470	0.01040	0.01331	0.01392	0.01524	0.00980	0.00950	0.01759	0.02410	0.03322	0.25882	0.28064	0.07870	0.14403	0.02167	0.00522	0.00666	0.02325	0.01022	0.00902
7	0.02261	0.01938	0.02261	0.01615	0.02584	0.01453	0.01292	0.02745	0.02261	0.03553	0.01938	0.02261	0.01615	0.00807	0.00807	0.00161	0.00807	0.00646	0.00646	0.68346
8	0.03482	0.02408	0.12798	0.02021	0.02863	0.01636	0.01931	0.04095	0.02950	0.31928	0.16928	0.04594	0.04426	0.01518	0.01134	0.00340	0.00954	0.01268	0.01135	0.01591
9	0.03129	0.02506	0.03403	0.02612	0.03363	0.02620	0.11420	0.28488	0.04070	0.05528	0.16555	0.04181	0.04102	0.01482	0.01182	0.00339	0.01140	0.01310	0.01014	0.01555
10	0.49518	0.02268	0.02032	0.01701	0.02433	0.02539	0.01402	0.12905	0.02638	0.10792	0.02037	0.02149	0.01478	0.01107	0.00803	0.00335	0.00923	0.00723	0.00830	0.01387
11	0.01913	0.01577	0.01846	0.01519	0.02165	0.01260	0.01174	0.02296	0.02246	0.03240	0.04261	0.11097	0.11329	0.06182	0.01361	0.00319	0.00781	0.04786	0.00773	0.39876
12	0.02412	0.08295	0.20563	0.02251	0.03172	0.02370	0.02329	0.12747	0.06299	0.03976	0.04458	0.10485	0.12710	0.01714	0.01112	0.00349	0.01123	0.01398	0.00802	0.01435
13	0.51194	0.02037	0.01864	0.01577	0.02299	0.02208	0.01300	0.03800	0.02212	0.19203	0.02303	0.02318	0.01609	0.01107	0.00794	0.00337	0.00867	0.00733	0.00865	0.01371
14	0.02674	0.07564	0.23315	0.02728	0.03799	0.02483	0.09126	0.08763	0.06749	0.08423	0.10330	0.03524	0.03078	0.01284	0.01101	0.00340	0.01285	0.01108	0.00779	0.01546
15	0.16949	0.04588	0.02797	0.02538	0.03122	0.46488	0.01924	0.04127	0.02847	0.03107	0.01652	0.01928	0.01360	0.01102	0.00922	0.00292	0.01745	0.00680	0.00584	0.01248
16	0.01334	0.01002	0.01238	0.01399	0.01557	0.00905	0.00965	0.01571	0.02266	0.02945	0.10936	0.43825	0.19787	0.03156	0.01357	0.00416	0.00603	0.02807	0.01026	0.00905
17	0.02237	0.01495	0.01798	0.01638	0.02013	0.01499	0.01246	0.09954	0.06106	0.07993	0.26648	0.16859	0.06891	0.02145	0.01214	0.00355	0.00691	0.01867	0.06125	0.01225
18	0.06461	0.05731	0.02888	0.05666	0.09991	0.02304	0.01838	0.15633	0.02865	0.04090	0.02079	0.02602	0.01704	0.01586	0.01603	0.13683	0.01066	0.00851	0.00699	0.16661

[dist]
# distance from previous block
# <min> <max>
1	5

[block]
# block no. 5 follows, 12 sequences, length 13
# corresponding to MSA columns:
# 626-638
name=unknown_F
#
# <colnr> <probs for GDERKNQSTAVLIFYWHMCP>
#	G	D	E	R	K	N	Q	S	T	A	V	L	I	F	Y	W	H	M	C	P
0	0.10444	0.02136	0.03068	0.02253	0.03187	0.01855	0.11098	0.03523	0.02471	0.15434	0.02476	0.02667	0.01818	0.00975	0.00952	0.00261	0.01041	0.00867	0.00789	0.32685
1	0.02286	0.01550	0.02063	0.01825	0.02202	0.01539	0.04435	0.03060	0.12278	0.09370	0.08537	0.14202	0.04310	0.13869	0.02393	0.08117	0.00909	0.01606	0.00911	0.04539
2	0.02344	0.23876	0.10706	0.01861	0.02766	0.02541	0.01820	0.02893	0.02412	0.03347	0.12076	0.03239	0.03210	0.01163	0.00894	0.00248	0.00988	0.00906	0.00665	0.22044
3	0.02531	0.07246	0.08361	0.02467	0.03481	0.07183	0.11410	0.03144	0.02399	0.03377	0.01938	0.02333	0.01566	0.00889	0.00931	0.00235	0.01218	0.00787	0.00589	0.37913
4	0.03575	0.02640	0.13222	0.05698	0.03523	0.01937	0.05172	0.04422	0.06646	0.30422	0.08183	0.03774	0.03048	0.01337	0.01114	0.00345	0.01107	0.01134	0.01042	0.01660
5	0.01467	0.00962	0.01216	0.01420	0.01520	0.00911	0.00963	0.01719	0.02127	0.03035	0.05528	0.49791	0.06344	0.02994	0.01268	0.00406	0.00608	0.02690	0.14119	0.00911
6	0.04329	0.02190	0.03031	0.02998	0.13513	0.02078	0.02031	0.11966	0.03299	0.37513	0.03583	0.03337	0.02371	0.01266	0.01092	0.00333	0.01045	0.01053	0.01144	0.01829
7	0.07749	0.02473	0.07515	0.02067	0.03002	0.02059	0.01834	0.13562	0.03197	0.28007	0.03126	0.02967	0.02109	0.01186	0.01008	0.00302	0.01016	0.00929	0.01039	0.14855
8	0.01894	0.00947	0.01420	0.01420	0.01420	0.00947	0.00947	0.01420	0.01420	0.01894	0.01894	0.03314	0.01894	0.03788	0.04261	0.68277	0.00947	0.00947	0.00473	0.00473
9	0.01772	0.01027	0.01541	0.01541	0.01611	0.01098	0.01098	0.01611	0.01541	0.02125	0.02266	0.03666	0.02195	0.05379	0.23507	0.44164	0.01662	0.01027	0.00514	0.00655
10	0.10585	0.02207	0.03097	0.25226	0.11849	0.02439	0.02434	0.11063	0.02836	0.14156	0.02478	0.02863	0.01769	0.01151	0.01043	0.00344	0.01220	0.00954	0.00779	0.01507
11	0.52626	0.02223	0.01913	0.01606	0.02342	0.02467	0.01319	0.09949	0.02364	0.05022	0.01721	0.01946	0.01325	0.01031	0.00748	0.00316	0.00890	0.00652	0.00730	0.08810
12	0.29770	0.02647	0.02157	0.01776	0.02546	0.12826	0.01407	0.03247	0.02260	0.03921	0.01719	0.02005	0.01398	0.00952	0.00788	0.00256	0.01050	0.00635	0.00641	0.27998

[dist]
# distance from previous block
# <min> <max>
0	2

[block]
# block no. 6 follows, 12 sequences, length 12
# corresponding to MSA columns:
# 641-652
name=unknown_G
#
# <colnr> <probs for GDERKNQSTAVLIFYWHMCP>
#	G	D	E	R	K	N	Q	S	T	A	V	L	I	F	Y	W	H	M	C	P
0	0.03069	0.02445	0.02585	0.02210	0.02872	0.02774	0.01751	0.18517	0.35422	0.05183	0.03851	0.03654	0.02867	0.01415	0.01078	0.00349	0.00932	0.01145	0.06172	0.01709
1	0.01420	0.01019	0.01347	0.01456	0.01602	0.00946	0.01019	0.01747	0.02511	0.03457	0.26487	0.38570	0.08516	0.02913	0.01347	0.00400	0.00582	0.02621	0.01092	0.00946
2	0.02192	0.01408	0.01706	0.01607	0.01967	0.01407	0.01209	0.03144	0.12870	0.10291	0.22547	0.17702	0.06526	0.02127	0.01196	0.00360	0.00660	0.01860	0.07983	0.01239
3	0.13224	0.27000	0.11142	0.02468	0.03466	0.03157	0.11018	0.03593	0.02357	0.10241	0.02068	0.02302	0.01583	0.01011	0.00899	0.00302	0.01265	0.00810	0.00630	0.01466
4	0.03981	0.01635	0.02121	0.01696	0.02392	0.01424	0.01378	0.04391	0.02918	0.41076	0.05238	0.04792	0.10617	0.01555	0.01084	0.00332	0.00817	0.01270	0.09674	0.01607
5	0.01302	0.01054	0.01157	0.01240	0.01508	0.00909	0.00889	0.01550	0.02355	0.02892	0.09395	0.27041	0.38955	0.02976	0.01322	0.00393	0.00579	0.02563	0.01012	0.00909
6	0.02732	0.42636	0.05089	0.12613	0.11582	0.03720	0.02295	0.03194	0.02250	0.02756	0.01672	0.02097	0.01459	0.00966	0.00826	0.00270	0.01236	0.00710	0.00481	0.01416
7	0.04102	0.16610	0.03547	0.02226	0.03045	0.13064	0.01873	0.16039	0.03405	0.21531	0.02759	0.02666	0.01951	0.01202	0.00983	0.00300	0.01244	0.00877	0.00936	0.01640
8	0.02279	0.01461	0.01692	0.01497	0.01805	0.01449	0.01065	0.09652	0.02679	0.08875	0.14619	0.06620	0.09602	0.28412	0.03128	0.00659	0.00906	0.01591	0.00942	0.01066
9	0.02795	0.02182	0.03133	0.10650	0.20369	0.02131	0.02270	0.06420	0.05761	0.10304	0.03069	0.03343	0.05347	0.01167	0.01037	0.00299	0.01076	0.01016	0.00761	0.16871
10	0.02476	0.01746	0.02043	0.01627	0.02354	0.01498	0.01286	0.03245	0.08906	0.11616	0.09579	0.04755	0.12131	0.01463	0.01023	0.00269	0.00758	0.01215	0.00933	0.31076
11	0.02832	0.02163	0.02718	0.16518	0.03964	0.02302	0.01973	0.15598	0.09312	0.07928	0.09182	0.03577	0.03011	0.01305	0.01068	0.00315	0.01050	0.01083	0.00892	0.13208

[dist]
# distance from previous block
# <min> <max>
1	8

[block]
# block no. 7 follows, 12 sequences, length 16
# corresponding to MSA columns:
# 661-676
name=unknown_H
#
# <colnr> <probs for GDERKNQSTAVLIFYWHMCP>
#	G	D	E	R	K	N	Q	S	T	A	V	L	I	F	Y	W	H	M	C	P
0	0.11505	0.02057	0.03208	0.43382	0.13700	0.02450	0.02818	0.02926	0.02179	0.03192	0.01896	0.02719	0.01456	0.01062	0.01031	0.00354	0.01346	0.00917	0.00519	0.01283
1	0.36384	0.01840	0.01872	0.01623	0.02261	0.01910	0.01301	0.03674	0.02331	0.22172	0.03185	0.11680	0.02649	0.01504	0.00933	0.00354	0.00840	0.01158	0.00962	0.01369
2	0.11690	0.01974	0.05932	0.02129	0.02732	0.01746	0.08681	0.03146	0.05865	0.11518	0.17097	0.14247	0.05088	0.01816	0.01164	0.00364	0.00929	0.01621	0.00968	0.01295
3	0.06355	0.07930	0.15327	0.02076	0.03041	0.02165	0.02042	0.08685	0.02566	0.03819	0.02530	0.10397	0.02322	0.01308	0.00960	0.00281	0.01055	0.01057	0.00693	0.25390
4	0.12066	0.02194	0.03362	0.23113	0.23772	0.02368	0.02682	0.03424	0.02386	0.11112	0.02268	0.02789	0.01700	0.01073	0.01029	0.00341	0.01233	0.00936	0.00658	0.01494
5	0.02417	0.02030	0.02344	0.01689	0.02650	0.01613	0.01356	0.06750	0.02498	0.03827	0.01994	0.02290	0.01635	0.00849	0.00831	0.00175	0.00840	0.00674	0.00683	0.62856
6	0.01559	0.01165	0.01442	0.01577	0.01729	0.01165	0.01085	0.02163	0.09193	0.03112	0.09669	0.44392	0.06678	0.07605	0.01669	0.00472	0.00688	0.02627	0.01014	0.00997
7	0.02059	0.01938	0.03270	0.59060	0.07510	0.02422	0.03028	0.02786	0.02180	0.02786	0.01938	0.02907	0.01453	0.01090	0.01090	0.00363	0.01453	0.00969	0.00484	0.01211
8	0.01616	0.01144	0.01544	0.01761	0.01926	0.01127	0.01402	0.01964	0.02266	0.02973	0.05513	0.24850	0.06209	0.11272	0.02037	0.00563	0.00910	0.29042	0.00959	0.00924
9	0.02261	0.01938	0.02261	0.01615	0.02584	0.01453	0.01292	0.02745	0.02261	0.03553	0.01938	0.02261	0.01615	0.00807	0.00807	0.00161	0.00807	0.00646	0.00646	0.68346
10	0.01433	0.01096	0.01314	0.01289	0.01569	0.00977	0.00955	0.01833	0.02782	0.03719	0.34487	0.13671	0.25871	0.02525	0.01296	0.00361	0.00538	0.02190	0.01116	0.00977
11	0.03836	0.02117	0.02533	0.02073	0.02775	0.02143	0.01660	0.17085	0.11157	0.27032	0.04124	0.11864	0.03232	0.01661	0.01140	0.00355	0.00947	0.01380	0.01194	0.01693
12	0.02808	0.54030	0.13086	0.02048	0.03080	0.04053	0.02183	0.03292	0.02228	0.02695	0.01580	0.01830	0.01397	0.00948	0.00749	0.00250	0.01231	0.00616	0.00466	0.01430
13	0.01488	0.01112	0.01382	0.01314	0.01595	0.01006	0.00986	0.01952	0.02957	0.04066	0.45002	0.08650	0.19781	0.02344	0.01287	0.00348	0.00523	0.02043	0.01160	0.01006
14	0.01530	0.01161	0.01326	0.01353	0.01560	0.01114	0.00930	0.01982	0.06494	0.03014	0.13022	0.20628	0.19927	0.18207	0.02416	0.00563	0.00725	0.02167	0.00953	0.00926
15	0.02873	0.02266	0.03264	0.12554	0.21599	0.02372	0.02440	0.04170	0.16616	0.10953	0.03005	0.03221	0.02259	0.01172	0.01071	0.00332	0.01110	0.01036	0.00811	0.06875

[dist]
# distance from previous block
# <min> <max>
0	15

[block]
# block no. 8 follows, 12 sequences, length 26
# corresponding to MSA columns:
# 692-717
name=unknown_I
#
# <colnr> <probs for GDERKNQSTAVLIFYWHMCP>
#	G	D	E	R	K	N	Q	S	T	A	V	L	I	F	Y	W	H	M	C	P
0	0.54990	0.02153	0.01871	0.01594	0.02309	0.02408	0.01314	0.07524	0.02305	0.12080	0.01996	0.02111	0.01447	0.01084	0.00768	0.00337	0.00885	0.00693	0.00803	0.01331
1	0.23182	0.02111	0.02347	0.01848	0.02658	0.02093	0.01522	0.11193	0.02972	0.29229	0.03042	0.02862	0.02041	0.01198	0.00948	0.00320	0.00933	0.00894	0.01054	0.07551
2	0.02585	0.01394	0.01773	0.01584	0.02007	0.01341	0.01227	0.03263	0.07104	0.17601	0.21846	0.09434	0.05763	0.02356	0.05675	0.00452	0.00855	0.01552	0.10898	0.01291
3	0.03813	0.01861	0.02351	0.01903	0.02591	0.01777	0.01535	0.08388	0.10165	0.33650	0.14898	0.04622	0.04344	0.01553	0.01138	0.00342	0.00852	0.01294	0.01263	0.01660
4	0.01543	0.01040	0.01255	0.01304	0.01476	0.00978	0.00907	0.01863	0.02382	0.03387	0.20065	0.23120	0.11401	0.11164	0.01854	0.00464	0.00631	0.02120	0.12126	0.00920
5	0.59633	0.02143	0.01729	0.01549	0.02215	0.02485	0.01261	0.03584	0.09321	0.04844	0.01945	0.02107	0.01495	0.01080	0.00738	0.00342	0.00846	0.00684	0.00738	0.01261
6	0.69383	0.02109	0.01603	0.01434	0.02109	0.02446	0.01181	0.03205	0.01856	0.04892	0.01518	0.01771	0.01181	0.01012	0.00675	0.00337	0.00843	0.00590	0.00675	0.01181
7	0.02699	0.02591	0.04426	0.06693	0.54879	0.02591	0.03346	0.03346	0.02483	0.03562	0.02051	0.02699	0.01727	0.00972	0.01079	0.00324	0.01295	0.00972	0.00540	0.01727
8	0.01330	0.01026	0.01216	0.01337	0.01541	0.00912	0.00939	0.01582	0.02333	0.02983	0.12111	0.35962	0.26724	0.03050	0.01341	0.00404	0.00590	0.02680	0.01028	0.00912
9	0.02444	0.05281	0.50950	0.02997	0.04535	0.02444	0.03798	0.03630	0.02380	0.08409	0.02179	0.02436	0.01506	0.01066	0.01042	0.00345	0.01546	0.00833	0.00545	0.01635
