[name]
unknown

[dist]
# distance from previous block
# <min> <max>
0	602

[block]
# block no. 0 follows, 13 sequences, length 69
# corresponding to MSA columns:
# 639-707
name=unknown_A
#
# <colnr> <probs for GDERKNQSTAVLIFYWHMCP>
#	G	D	E	R	K	N	Q	S	T	A	V	L	I	F	Y	W	H	M	C	P
0	0.01496	0.01081	0.01413	0.01330	0.01580	0.00998	0.00998	0.01995	0.02993	0.04240	0.55689	0.07898	0.09976	0.02162	0.01247	0.00333	0.00499	0.01912	0.01164	0.00998
1	0.01538	0.01025	0.01153	0.01153	0.01153	0.01025	0.00641	0.01538	0.01538	0.02050	0.03331	0.06919	0.03844	0.62842	0.05382	0.01025	0.01025	0.01538	0.00641	0.00641
2	0.02827	0.63478	0.05540	0.01809	0.02714	0.04184	0.01809	0.03166	0.02148	0.02488	0.01470	0.01696	0.01357	0.00905	0.00678	0.00226	0.01131	0.00565	0.00452	0.01357
3	0.02121	0.05469	0.57364	0.03014	0.04576	0.02455	0.03906	0.03348	0.02232	0.03348	0.01897	0.02232	0.01339	0.01005	0.01005	0.00335	0.01563	0.00781	0.00446	0.01563
4	0.04744	0.01799	0.02454	0.01881	0.02699	0.01554	0.01554	0.05153	0.03026	0.56979	0.04171	0.03599	0.02617	0.01309	0.01063	0.00327	0.00900	0.01063	0.01309	0.01799
5	0.02313	0.02313	0.03238	0.02776	0.02776	0.03238	0.02313	0.02545	0.01619	0.02545	0.01388	0.02313	0.01388	0.01851	0.03470	0.00463	0.60907	0.00925	0.00463	0.01157
6	0.03950	0.05039	0.02996	0.02724	0.03269	0.58597	0.02043	0.04222	0.02996	0.02588	0.01634	0.01907	0.01362	0.01090	0.00953	0.00272	0.01907	0.00681	0.00545	0.01226
7	0.01250	0.01071	0.01071	0.01071	0.01428	0.00893	0.00803	0.01517	0.02410	0.02856	0.10711	0.10175	0.55817	0.02678	0.01250	0.00357	0.00536	0.02231	0.00982	0.00893
8	0.02827	0.63478	0.05540	0.01809	0.02714	0.04184	0.01809	0.03166	0.02148	0.02488	0.01470	0.01696	0.01357	0.00905	0.00678	0.00226	0.01131	0.00565	0.00452	0.01357
9	0.03950	0.05039	0.02996	0.02724	0.03269	0.58597	0.02043	0.04222	0.02996	0.02588	0.01634	0.01907	0.01362	0.01090	0.00953	0.00272	0.01907	0.00681	0.00545	0.01226
10	0.01496	0.01081	0.01413	0.01330	0.01580	0.00998	0.00998	0.01995	0.02993	0.04240	0.55689	0.07898	0.09976	0.02162	0.01247	0.00333	0.00499	0.01912	0.01164	0.00998
11	0.01971	0.00985	0.00985	0.00985	0.01232	0.00985	0.00739	0.02464	0.02217	0.03942	0.03449	0.03942	0.02710	0.01232	0.00739	0.00246	0.00493	0.00985	0.68712	0.00985
12	0.01250	0.01071	0.01071	0.01071	0.01428	0.00893	0.00803	0.01517	0.02410	0.02856	0.10711	0.10175	0.55817	0.02678	0.01250	0.00357	0.00536	0.02231	0.00982	0.00893
13	0.02121	0.05469	0.57364	0.03014	0.04576	0.02455	0.03906	0.03348	0.02232	0.03348	0.01897	0.02232	0.01339	0.01005	0.01005	0.00335	0.01563	0.00781	0.00446	0.01563
14	0.04382	0.01719	0.02338	0.01820	0.02574	0.01492	0.01492	0.04801	0.03022	0.51100	0.09914	0.04078	0.03438	0.01404	0.01084	0.00328	0.00855	0.01158	0.01292	0.01710
15	0.01316	0.00932	0.01219	0.01437	0.01491	0.00877	0.00943	0.01479	0.01970	0.02627	0.05549	0.55995	0.06642	0.09948	0.01799	0.00496	0.00659	0.02842	0.00943	0.00834
16	0.04019	0.02962	0.03173	0.02433	0.03279	0.03279	0.02010	0.52721	0.04971	0.06663	0.02538	0.02538	0.01798	0.01269	0.01058	0.00317	0.01163	0.00952	0.01058	0.01798
17	0.01496	0.01081	0.01413	0.01330	0.01580	0.00998	0.00998	0.01995	0.02993	0.04240	0.55689	0.07898	0.09976	0.02162	0.01247	0.00333	0.00499	0.01912	0.01164	0.00998
18	0.03568	0.11344	0.07415	0.02594	0.03262	0.43306	0.02128	0.04159	0.07339	0.02796	0.01870	0.02087	0.01523	0.01093	0.00937	0.00280	0.01700	0.00721	0.00573	0.01306
19	0.01288	0.00920	0.01227	0.01472	0.01534	0.00859	0.00981	0.01472	0.02024	0.02699	0.05828	0.62152	0.06993	0.03312	0.01350	0.00429	0.00613	0.03006	0.00981	0.00859
20	0.01997	0.01879	0.03171	0.60301	0.07282	0.02349	0.02936	0.02701	0.02114	0.02701	0.01879	0.02819	0.01409	0.01057	0.01057	0.00352	0.01409	0.00940	0.00470	0.01175
21	0.02836	0.02613	0.05056	0.09170	0.11852	0.02546	0.32059	0.07313	0.02701	0.09563	0.02354	0.02877	0.01724	0.00988	0.01169	0.00344	0.01535	0.01137	0.00654	0.01507
22	0.02496	0.02852	0.06239	0.04456	0.05526	0.02674	0.52406	0.03387	0.02496	0.03387	0.02139	0.02852	0.01604	0.00891	0.01248	0.00357	0.01783	0.01248	0.00535	0.01426
23	0.07844	0.02254	0.02326	0.02093	0.02695	0.02610	0.01633	0.05425	0.50289	0.04448	0.04085	0.03773	0.03067	0.01400	0.01043	0.00356	0.00835	0.01147	0.01043	0.01633
24	0.01320	0.00943	0.01264	0.01509	0.01584	0.00886	0.01037	0.01528	0.02056	0.02735	0.05810	0.58283	0.06923	0.03282	0.01358	0.00434	0.00641	0.06559	0.00981	0.00868
25	0.02562	0.42388	0.18503	0.08106	0.03656	0.03555	0.02459	0.03165	0.02166	0.02729	0.01621	0.01948	0.01358	0.00946	0.00800	0.00267	0.01269	0.00659	0.00453	0.01391
26	0.08771	0.02189	0.02292	0.01869	0.02554	0.08696	0.01502	0.08431	0.03032	0.32373	0.07788	0.04188	0.08719	0.01465	0.01053	0.00323	0.00973	0.01159	0.01098	0.01524
27	0.04744	0.01799	0.02454	0.01881	0.02699	0.01554	0.01554	0.05153	0.03026	0.56979	0.04171	0.03599	0.02617	0.01309	0.01063	0.00327	0.00900	0.01063	0.01309	0.01799
28	0.25883	0.02380	0.02734	0.08121	0.03350	0.02650	0.05676	0.22607	0.03194	0.05050	0.02348	0.03136	0.01898	0.01266	0.00971	0.00342	0.01103	0.05064	0.00814	0.01413
29	0.08993	0.01896	0.03006	0.54267	0.06746	0.02351	0.02753	0.02743	0.02082	0.02911	0.01838	0.02706	0.01382	0.01049	0.01016	0.00350	0.01349	0.00902	0.00489	0.01172
30	0.03958	0.04783	0.03018	0.02688	0.03270	0.51767	0.02039	0.10210	0.03240	0.03091	0.01746	0.01985	0.01416	0.01112	0.00966	0.00278	0.01815	0.00714	0.00608	0.01296
31	0.01326	0.01042	0.01198	0.01226	0.01492	0.00915	0.00894	0.01640	0.02491	0.03206	0.22111	0.20377	0.32988	0.02667	0.01270	0.00365	0.00542	0.02305	0.01032	0.00915
32	0.17941	0.02109	0.02555	0.06556	0.03127	0.02273	0.05200	0.04565	0.21728	0.18044	0.03310	0.03203	0.02357	0.01235	0.00991	0.00343	0.00960	0.01008	0.00960	0.01535
33	0.02774	0.02330	0.03461	0.18072	0.17983	0.02538	0.06146	0.09892	0.14369	0.07553	0.02710	0.03041	0.02032	0.01144	0.01073	0.00338	0.01203	0.01030	0.00755	0.01554
34	0.01288	0.00920	0.01227	0.01472	0.01534	0.00859	0.00981	0.01472	0.02024	0.02699	0.05828	0.62152	0.06993	0.03312	0.01350	0.00429	0.00613	0.03006	0.00981	0.00859
35	0.03102	0.03440	0.08796	0.14098	0.12497	0.17426	0.02558	0.14187	0.06842	0.03832	0.02153	0.02509	0.01648	0.01115	0.01024	0.00316	0.01437	0.00877	0.00666	0.01477
36	0.03469	0.02609	0.02894	0.06449	0.03374	0.10507	0.05524	0.08544	0.21145	0.18920	0.03412	0.03283	0.02427	0.01270	0.01064	0.00333	0.01145	0.01050	0.00980	0.01600
37	0.02907	0.03028	0.17235	0.18920	0.12323	0.02371	0.02848	0.09983	0.02736	0.13811	0.02422	0.02749	0.01710	0.01102	0.01043	0.00333	0.01298	0.00924	0.00708	0.01549
38	0.01324	0.01074	0.01174	0.01149	0.01474	0.00924	0.00862	0.01661	0.02586	0.03273	0.24270	0.09489	0.41998	0.02522	0.01249	0.00350	0.00524	0.02135	0.01037	0.00924
39	0.02398	0.22846	0.19504	0.15883	0.04326	0.03015	0.02659	0.03488	0.10213	0.03085	0.02126	0.02461	0.01653	0.01051	0.00923	0.00308	0.01276	0.00813	0.00551	0.01423
40	0.02232	0.08625	0.07775	0.33182	0.13264	0.02703	0.02848	0.02857	0.02096	0.02819	0.01781	0.02552	0.01435	0.01139	0.01375	0.00349	0.10310	0.00887	0.00473	0.01295
41	0.03347	0.01530	0.01990	0.01665	0.02230	0.01400	0.01320	0.03948	0.06488	0.32452	0.15963	0.09142	0.04679	0.01659	0.01100	0.00331	0.00746	0.01408	0.07137	0.01464
42	0.02523	0.02464	0.04344	0.13349	0.44621	0.02507	0.08239	0.03188	0.02378	0.03348	0.01990	0.02667	0.01633	0.00952	0.01069	0.00323	0.01330	0.00973	0.00518	0.01584
43	0.03105	0.02993	0.15160	0.09175	0.08480	0.02324	0.15711	0.07579	0.02730	0.18158	0.02635	0.02881	0.01825	0.01079	0.01097	0.00337	0.01370	0.01022	0.00760	0.01578
44	0.03256	0.02241	0.02555	0.02165	0.02799	0.02495	0.01730	0.10535	0.32979	0.16820	0.03862	0.03588	0.02791	0.01417	0.01246	0.00354	0.05287	0.01118	0.01083	0.01679
45	0.10464	0.50645	0.04836	0.01856	0.02696	0.09554	0.01759	0.03268	0.02196	0.02749	0.01487	0.01720	0.01334	0.00932	0.00704	0.00242	0.01175	0.00578	0.00484	0.01320
46	0.02950	0.03509	0.26304	0.07380	0.09350	0.02221	0.02859	0.04044	0.08271	0.18385	0.02808	0.02889	0.01946	0.01135	0.01037	0.00335	0.01254	0.00935	0.00767	0.01623
47	0.07708	0.07272	0.09779	0.14321	0.12457	0.02395	0.10511	0.03605	0.02428	0.15815	0.02415	0.02746	0.01734	0.01049	0.01024	0.00328	0.01281	0.00946	0.00694	0.01493
48	0.02129	0.02015	0.03411	0.48791	0.17755	0.02384	0.03002	0.02818	0.02177	0.02862	0.01903	0.02776	0.01466	0.01032	0.01055	0.00344	0.01377	0.00940	0.00481	0.01282
49	0.01288	0.00920	0.01227	0.01472	0.01534	0.00859	0.00981	0.01472	0.02024	0.02699	0.05828	0.62152	0.06993	0.03312	0.01350	0.00429	0.00613	0.03006	0.00981	0.00859
50	0.02288	0.08495	0.04238	0.33808	0.14508	0.02632	0.13188	0.02981	0.02245	0.02946	0.01910	0.02678	0.01488	0.00988	0.01056	0.00334	0.01433	0.00966	0.00490	0.01328
51	0.08259	0.11733	0.07412	0.06738	0.03496	0.02281	0.08123	0.04167	0.02613	0.30270	0.02976	0.02924	0.02010	0.01131	0.00994	0.00318	0.01127	0.00945	0.00908	0.01575
52	0.02121	0.05469	0.57364	0.03014	0.04576	0.02455	0.03906	0.03348	0.02232	0.03348	0.01897	0.02232	0.01339	0.01005	0.01005	0.00335	0.01563	0.00781	0.00446	0.01563
53	0.01510	0.01133	0.01699	0.01699	0.01888	0.01322	0.01322	0.01888	0.01699	0.02454	0.02832	0.04154	0.02643	0.07930	0.58652	0.01699	0.02832	0.01133	0.00566	0.00944
54	0.02670	0.07661	0.15710	0.03541	0.04611	0.06609	0.28148	0.07385	0.06440	0.03591	0.02199	0.02639	0.01651	0.00997	0.01112	0.00335	0.01585	0.01042	0.00592	0.01482
55	0.02186	0.01874	0.03122	0.56285	0.06967	0.02294	0.02841	0.02870	0.02177	0.06433	0.02037	0.02872	0.01492	0.01074	0.01058	0.00351	0.01374	0.00948	0.00527	0.01217
56	0.01288	0.00920	0.01227	0.01472	0.01534	0.00859	0.00981	0.01472	0.02024	0.02699	0.05828	0.62152	0.06993	0.03312	0.01350	0.00429	0.00613	0.03006	0.00981	0.00859
57	0.01475	0.01080	0.01383	0.01307	0.01566	0.00988	0.00981	0.01953	0.02942	0.04119	0.51750	0.08097	0.13991	0.02207	0.01247	0.00335	0.00502	0.01940	0.01148	0.00988
58	0.09342	0.03181	0.04050	0.03108	0.03940	0.17337	0.21505	0.07710	0.02854	0.13192	0.02343	0.02612	0.01697	0.01056	0.01070	0.00323	0.01524	0.00982	0.00728	0.01444
59	0.70310	0.02045	0.01554	0.01390	0.02045	0.02372	0.01145	0.03108	0.01799	0.04744	0.01472	0.01718	0.01145	0.00981	0.00654	0.00327	0.00818	0.00573	0.00654	0.01145
60	0.01288	0.00920	0.01227	0.01472	0.01534	0.00859	0.00981	0.01472	0.02024	0.02699	0.05828	0.62152	0.06993	0.03312	0.01350	0.00429	0.00613	0.03006	0.00981	0.00859
61	0.10688	0.01770	0.02628	0.02062	0.02725	0.01649	0.09374	0.03664	0.02795	0.26295	0.19560	0.04607	0.04580	0.01471	0.01104	0.00333	0.00906	0.01302	0.01068	0.01418
62	0.10845	0.07717	0.08272	0.02620	0.03481	0.10715	0.11856	0.07843	0.08048	0.14524	0.02581	0.02683	0.01861	0.01110	0.01004	0.00320	0.01301	0.00931	0.00787	0.01501
63	0.10129	0.02613	0.04898	0.13099	0.05197	0.02649	0.33388	0.08295	0.02609	0.03761	0.02063	0.02688	0.01541	0.00967	0.01131	0.00349	0.01550	0.01091	0.00591	0.01391
64	0.70310	0.02045	0.01554	0.01390	0.02045	0.02372	0.01145	0.03108	0.01799	0.04744	0.01472	0.01718	0.01145	0.00981	0.00654	0.00327	0.00818	0.00573	0.00654	0.01145
65	0.10731	0.01693	0.02392	0.01905	0.02540	0.01573	0.06529	0.03683	0.02824	0.27950	0.20969	0.04757	0.04822	0.01516	0.01098	0.00332	0.00846	0.01313	0.01108	0.01419
66	0.08979	0.01057	0.01251	0.01432	0.01582	0.01030	0.00986	0.01658	0.02029	0.02939	0.05719	0.51403	0.10110	0.03004	0.01264	0.00412	0.00630	0.02675	0.00945	0.00893
67	0.10389	0.06634	0.03139	0.20195	0.04310	0.02407	0.05565	0.10840	0.02674	0.10391	0.02207	0.02571	0.01623	0.01047	0.00956	0.00301	0.01151	0.00861	0.00712	0.12025
68	0.30878	0.02018	0.02705	0.31488	0.04947	0.02382	0.05668	0.02921	0.02008	0.03612	0.01726	0.02356	0.01312	0.01013	0.00900	0.00342	0.01186	0.00806	0.00552	0.01180

[dist]
# distance from previous block
# <min> <max>
0	16

[block]
# block no. 1 follows, 13 sequences, length 112
# corresponding to MSA columns:
# 724-835
name=unknown_B
#
# <colnr> <probs for GDERKNQSTAVLIFYWHMCP>
#	G	D	E	R	K	N	Q	S	T	A	V	L	I	F	Y	W	H	M	C	P
0	0.43611	0.02294	0.02068	0.01759	0.02448	0.02624	0.01433	0.14920	0.11443	0.05130	0.02197	0.02284	0.01648	0.01124	0.00818	0.00330	0.00900	0.00765	0.00818	0.01385
1	0.02327	0.19755	0.40300	0.02829	0.04187	0.02905	0.07284	0.03306	0.02232	0.03136	0.01810	0.02148	0.01365	0.00970	0.00943	0.00309	0.01472	0.00765	0.00455	0.01500
2	0.08654	0.34267	0.14237	0.02580	0.03612	0.03382	0.13605	0.03242	0.02210	0.03041	0.01696	0.02053	0.01391	0.00926	0.00862	0.00283	0.01325	0.00758	0.00488	0.01389
3	0.01868	0.01027	0.01429	0.01441	0.01574	0.00978	0.01026	0.01777	0.01882	0.06270	0.07580	0.14812	0.08127	0.03198	0.02803	0.37064	0.00807	0.04864	0.00739	0.00734
4	0.01321	0.00970	0.01248	0.01456	0.01579	0.00897	0.01022	0.01545	0.02120	0.02766	0.06535	0.49750	0.14195	0.03182	0.01345	0.00424	0.00635	0.07156	0.00981	0.00874
5	0.04309	0.01716	0.02347	0.01891	0.02626	0.01506	0.01575	0.04730	0.02942	0.49290	0.04375	0.04789	0.03113	0.01539	0.01120	0.00350	0.00910	0.07931	0.01261	0.01681
6	0.03820	0.04628	0.03032	0.02702	0.03229	0.49078	0.02062	0.08412	0.03059	0.02948	0.01695	0.01997	0.01403	0.01169	0.01171	0.00292	0.06723	0.00725	0.00584	0.01271
7	0.02192	0.01879	0.02192	0.01566	0.02506	0.01409	0.01253	0.02662	0.02192	0.03445	0.01879	0.02192	0.01566	0.00783	0.00783	0.00157	0.00783	0.00626	0.00626	0.69305
8	0.03302	0.01561	0.02024	0.01673	0.02262	0.01421	0.01336	0.03942	0.07218	0.32247	0.20740	0.05446	0.08815	0.01684	0.01135	0.00334	0.00743	0.01424	0.01221	0.01473
9	0.01273	0.00978	0.01167	0.01318	0.01493	0.00872	0.00913	0.01490	0.02173	0.02760	0.07706	0.42162	0.25770	0.03068	0.01311	0.00402	0.00583	0.02708	0.00982	0.00872
10	0.02504	0.02064	0.02360	0.01714	0.02637	0.01728	0.01382	0.11191	0.02666	0.03994	0.01992	0.02251	0.01606	0.00866	0.00830	0.00184	0.00848	0.00682	0.00700	0.57804
11	0.02646	0.17909	0.38093	0.02586	0.03897	0.02715	0.03108	0.03561	0.02325	0.10675	0.02121	0.02304	0.01522	0.01025	0.00940	0.00309	0.01373	0.00773	0.00569	0.01550
12	0.02827	0.63478	0.05540	0.01809	0.02714	0.04184	0.01809	0.03166	0.02148	0.02488	0.01470	0.01696	0.01357	0.00905	0.00678	0.00226	0.01131	0.00565	0.00452	0.01357
13	0.01347	0.01075	0.01206	0.01173	0.01488	0.00934	0.00880	0.01706	0.02640	0.03402	0.28462	0.09277	0.37726	0.02474	0.01249	0.00347	0.00521	0.02105	0.01054	0.00934
14	0.01372	0.00985	0.01302	0.01415	0.01552	0.00914	0.00988	0.01682	0.02413	0.03317	0.25830	0.40387	0.08190	0.02851	0.01308	0.00391	0.00567	0.02567	0.01055	0.00914
15	0.02195	0.02266	0.04390	0.38119	0.06585	0.02478	0.22586	0.02974	0.02266	0.02974	0.01982	0.02832	0.01487	0.00991	0.01133	0.00354	0.01558	0.01062	0.00496	0.01274
16	0.02183	0.10623	0.52759	0.02907	0.04411	0.02609	0.03720	0.03332	0.02225	0.03272	0.01859	0.02185	0.01341	0.00996	0.00976	0.00325	0.01524	0.00762	0.00447	0.01544
17	0.03928	0.01937	0.02408	0.01937	0.02658	0.01885	0.01569	0.09186	0.14142	0.36419	0.08819	0.03976	0.03355	0.01411	0.01082	0.00333	0.00873	0.01160	0.01223	0.01698
18	0.01492	0.01092	0.01407	0.01361	0.01620	0.01007	0.01042	0.01968	0.02889	0.04016	0.47078	0.08466	0.13870	0.02277	0.01266	0.00349	0.00544	0.06137	0.01130	0.00986
19	0.02192	0.01879	0.02192	0.01566	0.02506	0.01409	0.01253	0.02662	0.02192	0.03445	0.01879	0.02192	0.01566	0.00783	0.00783	0.00157	0.00783	0.00626	0.00626	0.69305
20	0.70310	0.02045	0.01554	0.01390	0.02045	0.02372	0.01145	0.03108	0.01799	0.04744	0.01472	0.01718	0.01145	0.00981	0.00654	0.00327	0.00818	0.00573	0.00654	0.01145
21	0.03950	0.05039	0.02996	0.02724	0.03269	0.58597	0.02043	0.04222	0.02996	0.02588	0.01634	0.01907	0.01362	0.01090	0.00953	0.00272	0.01907	0.00681	0.00545	0.01226
22	0.01250	0.01071	0.01071	0.01071	0.01428	0.00893	0.00803	0.01517	0.02410	0.02856	0.10711	0.10175	0.55817	0.02678	0.01250	0.00357	0.00536	0.02231	0.00982	0.00893
23	0.01997	0.01879	0.03171	0.60301	0.07282	0.02349	0.02936	0.02701	0.02114	0.02701	0.01879	0.02819	0.01409	0.01057	0.01057	0.00352	0.01409	0.00940	0.00470	0.01175
24	0.01997	0.01879	0.03171	0.60301	0.07282	0.02349	0.02936	0.02701	0.02114	0.02701	0.01879	0.02819	0.01409	0.01057	0.01057	0.00352	0.01409	0.00940	0.00470	0.01175
25	0.04744	0.01799	0.02454	0.01881	0.02699	0.01554	0.01554	0.05153	0.03026	0.56979	0.04171	0.03599	0.02617	0.01309	0.01063	0.00327	0.00900	0.01063	0.01309	0.01799
26	0.02121	0.05469	0.57364	0.03014	0.04576	0.02455	0.03906	0.03348	0.02232	0.03348	0.01897	0.02232	0.01339	0.01005	0.01005	0.00335	0.01563	0.00781	0.00446	0.01563
27	0.02313	0.02313	0.03238	0.02776	0.02776	0.03238	0.02313	0.02545	0.01619	0.02545	0.01388	0.02313	0.01388	0.01851	0.03470	0.00463	0.60907	0.00925	0.00463	0.01157
28	0.01535	0.01034	0.01198	0.01198	0.01214	0.01050	0.00697	0.01567	0.01551	0.02084	0.03290	0.06690	0.03745	0.58297	0.09790	0.01081	0.01175	0.01504	0.00635	0.00666
29	0.01467	0.01064	0.01307	0.01345	0.01590	0.00978	0.01021	0.01858	0.02569	0.03501	0.26540	0.17233	0.19507	0.02497	0.01254	0.00367	0.00587	0.08257	0.06111	0.00946
30	0.19130	0.01853	0.02256	0.01773	0.02555	0.01733	0.01464	0.04704	0.02757	0.45517	0.03579	0.03186	0.02294	0.01237	0.00974	0.00327	0.00882	0.00956	0.01165	0.01656
31	0.01505	0.01037	0.01183	0.01171	0.01240	0.01009	0.00707	0.01601	0.01826	0.02438	0.11494	0.07360	0.09527	0.48608	0.04409	0.00864	0.00905	0.01655	0.00747	0.00715
32	0.01428	0.01020	0.01387	0.01632	0.01754	0.00979	0.01224	0.01713	0.02162	0.02855	0.05751	0.45304	0.06688	0.03181	0.01387	0.00449	0.00734	0.18478	0.00979	0.00897
33	0.08611	0.02669	0.03707	0.22719	0.16316	0.10741	0.10057	0.03171	0.02303	0.03123	0.01837	0.02514	0.01464	0.01058	0.01193	0.00338	0.05421	0.00915	0.00518	0.01325
34	0.01997	0.01879	0.03171	0.60301	0.07282	0.02349	0.02936	0.02701	0.02114	0.02701	0.01879	0.02819	0.01409	0.01057	0.01057	0.00352	0.01409	0.00940	0.00470	0.01175
35	0.01501	0.01010	0.01164	0.01200	0.01209	0.01001	0.00690	0.01528	0.01609	0.02145	0.03696	0.14985	0.04304	0.54149	0.04793	0.00938	0.00965	0.01752	0.00690	0.00673
36	0.01419	0.01021	0.01344	0.01383	0.01562	0.00946	0.00992	0.01801	0.02633	0.03668	0.37168	0.28050	0.08868	0.02589	0.01285	0.00369	0.00541	0.02318	0.01096	0.00946
37	0.03308	0.03649	0.28026	0.02646	0.03828	0.02177	0.06756	0.07457	0.02753	0.24572	0.02851	0.02838	0.01892	0.01133	0.01051	0.00332	0.01293	0.00941	0.00833	0.01661
38	0.01786	0.01495	0.02053	0.01899	0.01969	0.01874	0.01453	0.02005	0.01625	0.02366	0.02497	0.04348	0.02575	0.21933	0.24713	0.01090	0.21657	0.01182	0.00554	0.00926
39	0.01288	0.00920	0.01227	0.01472	0.01534	0.00859	0.00981	0.01472	0.02024	0.02699	0.05828	0.62152	0.06993	0.03312	0.01350	0.00429	0.00613	0.03006	0.00981	0.00859
40	0.02671	0.02396	0.03617	0.25844	0.29423	0.06425	0.02893	0.03283	0.02396	0.07867	0.02116	0.02728	0.01637	0.01028	0.01045	0.00326	0.01329	0.00933	0.00575	0.01467
41	0.07806	0.16985	0.07174	0.02383	0.03107	0.02773	0.09385	0.07296	0.06007	0.08202	0.02542	0.03462	0.02174	0.05617	0.01521	0.00383	0.06703	0.04417	0.00699	0.01365
42	0.02045	0.02223	0.08173	0.42737	0.12918	0.02260	0.02894	0.02769	0.02241	0.02996	0.06676	0.03190	0.02199	0.01135	0.01068	0.00344	0.01323	0.01012	0.00536	0.01260
43	0.01409	0.01020	0.01357	0.01583	0.01721	0.00968	0.01183	0.01689	0.02175	0.02849	0.06124	0.43338	0.10369	0.03149	0.01375	0.00441	0.00715	0.16661	0.00979	0.00895
44	0.03067	0.07825	0.03608	0.22237	0.12754	0.06335	0.05949	0.07233	0.02656	0.14588	0.02394	0.02771	0.01740	0.01085	0.01029	0.00322	0.01296	0.00938	0.00707	0.01468
45	0.08227	0.01816	0.02115	0.01763	0.02329	0.01850	0.01407	0.13618	0.07878	0.16955	0.24036	0.04966	0.05302	0.01624	0.01104	0.00330	0.00784	0.01350	0.01128	0.01419
46	0.08022	0.02782	0.02674	0.02162	0.02925	0.15111	0.05338	0.03746	0.13541	0.03552	0.02329	0.02514	0.01845	0.01017	0.00910	0.00255	0.01133	0.00803	0.00699	0.28641
47	0.02930	0.02629	0.08289	0.02999	0.03834	0.02400	0.20406	0.11790	0.02931	0.12672	0.06445	0.03634	0.05914	0.01319	0.01363	0.00351	0.06603	0.01209	0.00807	0.01475
48	0.01496	0.01081	0.01413	0.01330	0.01580	0.00998	0.00998	0.01995	0.02993	0.04240	0.55689	0.07898	0.09976	0.02162	0.01247	0.00333	0.00499	0.01912	0.01164	0.00998
49	0.01974	0.02952	0.22150	0.02128	0.02935	0.01890	0.02213	0.03287	0.13979	0.03953	0.24684	0.04952	0.05328	0.01578	0.01121	0.00339	0.00963	0.01340	0.00881	0.01353
50	0.03319	0.02911	0.04581	0.03362	0.04311	0.03001	0.25155	0.30063	0.03834	0.05159	0.02355	0.02682	0.01709	0.01096	0.01145	0.00335	0.01448	0.01088	0.00818	0.01627
51	0.02278	0.13651	0.32910	0.02796	0.03996	0.02656	0.09467	0.03426	0.07133	0.03388	0.06411	0.02843	0.02246	0.01107	0.01011	0.00322	0.01370	0.00937	0.00575	0.01477
52	0.08942	0.02259	0.02381	0.02080	0.02722	0.02556	0.01641	0.08870	0.41236	0.09479	0.03908	0.03610	0.02879	0.01370	0.01036	0.00350	0.00865	0.01110	0.01059	0.01648
53	0.02176	0.01813	0.02102	0.01523	0.02411	0.01378	0.01214	0.02647	0.02194	0.03482	0.01997	0.02323	0.01651	0.00817	0.00780	0.00163	0.00761	0.00653	0.05711	0.64203
54	0.02867	0.02123	0.02894	0.07710	0.03427	0.02247	0.08358	0.08618	0.21779	0.13136	0.04208	0.04568	0.06915	0.01495	0.01134	0.00358	0.01039	0.04635	0.00973	0.01517
55	0.03642	0.02070	0.02481	0.02017	0.02701	0.02099	0.01654	0.20185	0.07440	0.24601	0.10501	0.04607	0.03674	0.01565	0.01123	0.00342	0.00936	0.05593	0.01159	0.01608
56	0.01538	0.01025	0.01153	0.01153	0.01153	0.01025	0.00641	0.01538	0.01538	0.02050	0.03331	0.06919	0.03844	0.62842	0.05382	0.01025	0.01025	0.01538	0.00641	0.00641
57	0.01302	0.00947	0.01228	0.01423	0.01528	0.00873	0.00966	0.01520	0.02140	0.02841	0.10406	0.52855	0.11755	0.03159	0.01332	0.00415	0.00597	0.02844	0.00997	0.00873
58	0.03443	0.02845	0.08104	0.02898	0.03802	0.06982	0.17056	0.08711	0.09930	0.20512	0.03043	0.03078	0.02117	0.01155	0.01106	0.00335	0.01316	0.01072	0.00891	0.01604
59	0.02685	0.02886	0.10507	0.03673	0.17093	0.02908	0.02665	0.11694	0.06419	0.03736	0.02027	0.02543	0.01665	0.01371	0.01920	0.00374	0.22780	0.00936	0.00625	0.01494
60	0.01657	0.01133	0.01389	0.01479	0.01656	0.01113	0.01043	0.06400	0.02410	0.03380	0.09614	0.43502	0.06166	0.02724	0.01226	0.00384	0.00637	0.02430	0.10681	0.00976
61	0.02891	0.02951	0.10208	0.03811	0.04874	0.02537	0.37060	0.07155	0.02724	0.11274	0.02436	0.02879	0.01738	0.00988	0.01185	0.00348	0.01592	0.01157	0.00674	0.01519
62	0.03125	0.03602	0.24012	0.02990	0.04150	0.02424	0.14304	0.11588	0.02913	0.16504	0.02590	0.02746	0.01774	0.01092	0.01083	0.00335	0.01394	0.00983	0.00767	0.01624
63	0.09356	0.02737	0.06926	0.09741	0.03447	0.10296	0.01979	0.07809	0.14772	0.13394	0.06533	0.03268	0.02628	0.01275	0.01019	0.00330	0.01133	0.01005	0.00877	0.01472
64	0.08825	0.01390	0.01752	0.01543	0.01995	0.01304	0.01227	0.03035	0.02851	0.19611	0.31885	0.06371	0.06719	0.01860	0.01154	0.00342	0.00681	0.05067	0.01145	0.01244
65	0.19452	0.02089	0.03113	0.07506	0.03555	0.02056	0.12429	0.04077	0.02543	0.28430	0.02899	0.02927	0.01947	0.01120	0.01006	0.00336	0.01114	0.00976	0.00915	0.01510
66	0.01367	0.01076	0.01234	0.01194	0.01500	0.00943	0.00896	0.01745	0.02687	0.03515	0.32113	0.09092	0.34004	0.02432	0.01248	0.00345	0.00518	0.02079	0.01068	0.00943
67	0.02658	0.49640	0.17903	0.02096	0.03158	0.03771	0.02309	0.03210	0.02168	0.02693	0.01572	0.01824	0.01353	0.00928	0.00756	0.00252	0.01234	0.00617	0.00451	0.01406
68	0.38517	0.02030	0.02054	0.01677	0.02413	0.02130	0.01384	0.08343	0.02567	0.25530	0.02633	0.02533	0.01784	0.01136	0.00852	0.00326	0.00881	0.00800	0.00949	0.01462
69	0.02561	0.02456	0.04192	0.11293	0.51876	0.02498	0.03217	0.03196	0.02381	0.03387	0.01979	0.02635	0.01651	0.00952	0.01048	0.00317	0.01270	0.00942	0.00519	0.01630
70	0.02630	0.02271	0.02391	0.02152	0.02749	0.02630	0.01674	0.05618	0.54336	0.04423	0.04303	0.03945	0.03228	0.01434	0.01076	0.00359	0.00837	0.01195	0.01076	0.01674
71	0.01288	0.00920	0.01227	0.01472	0.01534	0.00859	0.00981	0.01472	0.02024	0.02699	0.05828	0.62152	0.06993	0.03312	0.01350	0.00429	0.00613	0.03006	0.00981	0.00859
72	0.02316	0.02205	0.03748	0.32580	0.32506	0.02433	0.03095	0.02981	0.02265	0.03089	0.01936	0.02715	0.01546	0.00998	0.01052	0.00333	0.01330	0.00941	0.00497	0.01432
73	0.01538	0.01025	0.01153	0.01153	0.01153	0.01025	0.00641	0.01538	0.01538	0.02050	0.03331	0.06919	0.03844	0.62842	0.05382	0.01025	0.01025	0.01538	0.00641	0.00641
74	0.01971	0.00985	0.00985	0.00985	0.01232	0.00985	0.00739	0.02464	0.02217	0.03942	0.03449	0.03942	0.02710	0.01232	0.00739	0.00246	0.00493	0.00985	0.68712	0.00985
75	0.01568	0.01217	0.01809	0.01776	0.01951	0.01458	0.01392	0.01935	0.01694	0.02461	0.02729	0.04022	0.02554	0.07496	0.54715	0.01611	0.06975	0.01118	0.00559	0.00959
76	0.02827	0.63478	0.05540	0.01809	0.02714	0.04184	0.01809	0.03166	0.02148	0.02488	0.01470	0.01696	0.01357	0.00905	0.00678	0.00226	0.01131	0.00565	0.00452	0.01357
77	0.01997	0.01879	0.03171	0.60301	0.07282	0.02349	0.02936	0.02701	0.02114	0.02701	0.01879	0.02819	0.01409	0.01057	0.01057	0.00352	0.01409	0.00940	0.00470	0.01175
78	0.01285	0.00932	0.01215	0.01441	0.01525	0.00861	0.00968	0.01476	0.02054	0.02711	0.06208	0.58104	0.10796	0.03263	0.01342	0.00424	0.00607	0.02945	0.00982	0.00861
79	0.07609	0.02436	0.02569	0.02147	0.02820	0.02741	0.01718	0.23973	0.26984	0.05325	0.07543	0.03553	0.03061	0.01397	0.01054	0.00338	0.00939	0.01114	0.01048	0.01634
80	0.04019	0.02962	0.03173	0.02433	0.03279	0.03279	0.02010	0.52721	0.04971	0.06663	0.02538	0.02538	0.01798	0.01269	0.01058	0.00317	0.01163	0.00952	0.01058	0.01798
81	0.01288	0.00920	0.01227	0.01472	0.01534	0.00859	0.00981	0.01472	0.02024	0.02699	0.05828	0.62152	0.06993	0.03312	0.01350	0.00429	0.00613	0.03006	0.00981	0.00859
82	0.01350	0.00964	0.01298	0.01543	0.01632	0.00912	0.01089	0.01579	0.02085	0.02768	0.05793	0.54653	0.06857	0.03254	0.01366	0.00438	0.00667	0.09892	0.00980	0.00876
83	0.02561	0.02456	0.04192	0.11293	0.51876	0.02498	0.03217	0.03196	0.02381	0.03387	0.01979	0.02635	0.01651	0.00952	0.01048	0.00317	0.01270	0.00942	0.00519	0.01630
84	0.02630	0.02271	0.02391	0.02152	0.02749	0.02630	0.01674	0.05618	0.54336	0.04423	0.04303	0.03945	0.03228	0.01434	0.01076	0.00359	0.00837	0.01195	0.01076	0.01674
85	0.01288	0.00920	0.01227	0.01472	0.01534	0.00859	0.00981	0.01472	0.02024	0.02699	0.05828	0.62152	0.06993	0.03312	0.01350	0.00429	0.00613	0.03006	0.00981	0.00859
86	0.02152	0.05252	0.53133	0.03133	0.04655	0.02474	0.07920	0.03352	0.02254	0.03352	0.01917	0.02284	0.01361	0.00995	0.01025	0.00337	0.01581	0.00820	0.00454	0.01551
87	0.01329	0.01061	0.01191	0.01187	0.01484	0.00922	0.00879	0.01661	0.02556	0.03271	0.24200	0.14110	0.37267	0.02575	0.01258	0.00356	0.00531	0.02202	0.01038	0.00922
88	0.02571	0.01865	0.02127	0.01850	0.02367	0.01994	0.01448	0.10569	0.23318	0.09347	0.23814	0.05244	0.05575	0.01680	0.01138	0.00340	0.00757	0.01426	0.01128	0.01442
89	0.03524	0.36298	0.04261	0.02021	0.02829	0.15164	0.01798	0.03865	0.02539	0.15508	0.02149	0.02195	0.01659	0.01040	0.00829	0.00260	0.01241	0.00709	0.00676	0.01434
90	0.02664	0.02159	0.02374	0.02155	0.02718	0.02433	0.01737	0.12866	0.34667	0.04529	0.04286	0.05443	0.03607	0.01730	0.01156	0.00379	0.00922	0.11583	0.01051	0.01542
91	0.02656	0.49456	0.18067	0.02100	0.03164	0.03766	0.02316	0.03210	0.02169	0.02696	0.01573	0.01826	0.01353	0.00929	0.00757	0.00252	0.01235	0.00618	0.00451	0.01407
92	0.02455	0.32959	0.32806	0.02443	0.03694	0.03274	0.02913	0.03262	0.02192	0.02940	0.01695	0.01978	0.01348	0.00957	0.00850	0.00283	0.01358	0.00679	0.00449	0.01465
93	0.01514	0.01023	0.01198	0.01220	0.01239	0.01031	0.00719	0.01556	0.01592	0.02136	0.03518	0.11631	0.04039	0.53681	0.08779	0.01020	0.01116	0.01639	0.00666	0.00681
94	0.19956	0.02865	0.02440	0.02156	0.02727	0.14654	0.01698	0.08111	0.22087	0.04134	0.02650	0.02709	0.02047	0.01268	0.01135	0.00337	0.05919	0.00888	0.00806	0.01413
95	0.08881	0.01855	0.02265	0.01701	0.02560	0.01555	0.01387	0.03878	0.02556	0.28916	0.02933	0.02821	0.02030	0.01048	0.00905	0.00251	0.00841	0.00829	0.00952	0.31835
96	0.01323	0.01011	0.01216	0.01298	0.01507	0.00903	0.00923	0.01611	0.02387	0.03116	0.19241	0.31132	0.24879	0.02819	0.01290	0.00381	0.00559	0.02477	0.01024	0.00903
97	0.02918	0.02556	0.03692	0.02896	0.03462	0.02918	0.13069	0.21931	0.03137	0.04327	0.02391	0.07859	0.02093	0.01547	0.01865	0.00380	0.19576	0.01192	0.00754	0.01436
98	0.01686	0.01284	0.01753	0.10901	0.02657	0.01347	0.01444	0.06464	0.02344	0.03103	0.04881	0.43217	0.05557	0.02735	0.01285	0.00411	0.00819	0.06199	0.00907	0.01005
99	0.01460	0.01067	0.01371	0.01322	0.01564	0.00978	0.00981	0.01915	0.02867	0.04005	0.48059	0.12565	0.13300	0.02297	0.01256	0.00342	0.00511	0.02028	0.01135	0.00978
100	0.04528	0.01736	0.02339	0.01811	0.02585	0.01510	0.01491	0.04943	0.02963	0.52848	0.04115	0.03625	0.02624	0.01303	0.01038	0.00321	0.00868	0.01057	0.06558	0.01736
101	0.02987	0.55129	0.05177	0.01940	0.02793	0.11958	0.01843	0.03317	0.02269	0.02502	0.01493	0.01726	0.01358	0.00931	0.00718	0.00233	0.01242	0.00582	0.00465	0.01338
102	0.01538	0.01025	0.01153	0.01153	0.01153	0.01025	0.00641	0.01538	0.01538	0.02050	0.03331	0.06919	0.03844	0.62842	0.05382	0.01025	0.01025	0.01538	0.00641	0.00641
103	0.15247	0.01839	0.02310	0.01803	0.02594	0.01685	0.01488	0.04825	0.02830	0.48611	0.03739	0.03297	0.02381	0.01256	0.00998	0.00327	0.00887	0.00985	0.01204	0.01695
104	0.02932	0.02204	0.02400	0.02113	0.02742	0.02476	0.01656	0.05552	0.47006	0.11932	0.04285	0.03895	0.03140	0.01416	0.01074	0.00354	0.00846	0.01177	0.01109	0.01692
105	0.01288	0.00920	0.01227	0.01472	0.01534	0.00859	0.00981	0.01472	0.02024	0.02699	0.05828	0.62152	0.06993	0.03312	0.01350	0.00429	0.00613	0.03006	0.00981	0.00859
106	0.01435	0.01065	0.01337	0.01297	0.01549	0.00967	0.00962	0.01865	0.02805	0.03861	0.43376	0.13117	0.17745	0.02354	0.01257	0.00345	0.00515	0.02065	0.01116	0.00967
107	0.70310	0.02045	0.01554	0.01390	0.02045	0.02372	0.01145	0.03108	0.01799	0.04744	0.01472	0.01718	0.01145	0.00981	0.00654	0.00327	0.00818	0.00573	0.00654	0.01145
108	0.02630	0.02271	0.02391	0.02152	0.02749	0.02630	0.01674	0.05618	0.54336	0.04423	0.04303	0.03945	0.03228	0.01434	0.01076	0.00359	0.00837	0.01195	0.01076	0.01674
109	0.01510	0.01133	0.01699	0.01699	0.01888	0.01322	0.01322	0.01888	0.01699	0.02454	0.02832	0.04154	0.02643	0.07930	0.58652	0.01699	0.02832	0.01133	0.00566	0.00944
110	0.03250	0.12487	0.11539	0.02360	0.03266	0.02616	0.06524	0.14783	0.06685	0.15977	0.07464	0.03196	0.02652	0.01238	0.01026	0.00315	0.01133	0.01018	0.00890	0.01580
111	0.02641	0.02706	0.04461	0.10177	0.39277	0.06587	0.12048	0.03298	0.02442	0.03319	0.01982	0.02624	0.01618	0.00953	0.01077	0.00322	0.01411	0.00978	0.00523	0.01557

[dist]
# distance from previous block
# <min> <max>
0	22

[block]
# block no. 2 follows, 13 sequences, length 268
# corresponding to MSA columns:
# 858-1125
name=unknown_C
#
# <colnr> <probs for GDERKNQSTAVLIFYWHMCP>
#	G	D	E	R	K	N	Q	S	T	A	V	L	I	F	Y	W	H	M	C	P
0	0.01288	0.00920	0.01227	0.01472	0.01534	0.00859	0.00981	0.01472	0.02024	0.02699	0.05828	0.62152	0.06993	0.03312	0.01350	0.00429	0.00613	0.03006	0.00981	0.00859
1	0.04187	0.02448	0.02825	0.02193	0.03007	0.02548	0.01803	0.30120	0.08340	0.26212	0.03327	0.03072	0.02239	0.01299	0.01061	0.00325	0.01033	0.01016	0.01158	0.01788
2	0.01971	0.00985	0.00985	0.00985	0.01232	0.00985	0.00739	0.02464	0.02217	0.03942	0.03449	0.03942	0.02710	0.01232	0.00739	0.00246	0.00493	0.00985	0.68712	0.00985
3	0.01288	0.00920	0.01227	0.01472	0.01534	0.00859	0.00981	0.01472	0.02024	0.02699	0.05828	0.62152	0.06993	0.03312	0.01350	0.00429	0.00613	0.03006	0.00981	0.00859
4	0.02827	0.63478	0.05540	0.01809	0.02714	0.04184	0.01809	0.03166	0.02148	0.02488	0.01470	0.01696	0.01357	0.00905	0.00678	0.00226	0.01131	0.00565	0.00452	0.01357
5	0.04744	0.01799	0.02454	0.01881	0.02699	0.01554	0.01554	0.05153	0.03026	0.56979	0.04171	0.03599	0.02617	0.01309	0.01063	0.00327	0.00900	0.01063	0.01309	0.01799
6	0.04019	0.02962	0.03173	0.02433	0.03279	0.03279	0.02010	0.52721	0.04971	0.06663	0.02538	0.02538	0.01798	0.01269	0.01058	0.00317	0.01163	0.00952	0.01058	0.01798
7	0.01307	0.00938	0.01266	0.01491	0.01563	0.00898	0.01010	0.01507	0.01997	0.02679	0.05577	0.57298	0.06629	0.03699	0.06146	0.00536	0.00799	0.02849	0.00947	0.00866
8	0.04744	0.01799	0.02454	0.01881	0.02699	0.01554	0.01554	0.05153	0.03026	0.56979	0.04171	0.03599	0.02617	0.01309	0.01063	0.00327	0.00900	0.01063	0.01309	0.01799
9	0.01461	0.01128	0.01365	0.01444	0.01741	0.01032	0.01175	0.01848	0.02511	0.03192	0.15903	0.10478	0.29711	0.02688	0.01329	0.00402	0.00696	0.19947	0.01008	0.00940
10	0.02806	0.02252	0.03740	0.18364	0.36355	0.02323	0.02907	0.03418	0.02436	0.11701	0.02307	0.02819	0.01761	0.01027	0.01052	0.00325	0.01236	0.00961	0.00634	0.01577
11	0.02233	0.01916	0.02211	0.01621	0.02528	0.01523	0.01292	0.02937	0.07044	0.03536	0.02105	0.02356	0.01721	0.00844	0.00810	0.00175	0.00788	0.00679	0.00668	0.63013
12	0.01476	0.01080	0.01384	0.01308	0.01567	0.00989	0.00981	0.01955	0.02943	0.04123	0.51877	0.08091	0.13861	0.02205	0.01247	0.00335	0.00502	0.01939	0.01148	0.00989
13	0.01538	0.01025	0.01153	0.01153	0.01153	0.01025	0.00641	0.01538	0.01538	0.02050	0.03331	0.06919	0.03844	0.62842	0.05382	0.01025	0.01025	0.01538	0.00641	0.00641
14	0.03163	0.08660	0.19842	0.02843	0.03940	0.02878	0.10813	0.22183	0.03367	0.08681	0.02320	0.02511	0.01657	0.01101	0.01042	0.00322	0.01360	0.00926	0.00760	0.01630
15	0.02487	0.02380	0.04058	0.17720	0.46028	0.02478	0.03180	0.03131	0.02346	0.03297	0.01966	0.02659	0.01619	0.00966	0.01049	0.00322	0.01288	0.00942	0.00512	0.01570
16	0.01533	0.01042	0.01238	0.01238	0.01267	0.01071	0.00746	0.01592	0.01563	0.02113	0.03254	0.06491	0.03658	0.54332	0.13637	0.01130	0.01305	0.01475	0.00629	0.00688
17	0.02642	0.07501	0.05916	0.04116	0.05130	0.07466	0.44464	0.03440	0.02512	0.03254	0.02048	0.02688	0.01566	0.00909	0.01181	0.00340	0.01745	0.01150	0.00530	0.01404
18	0.03915	0.03065	0.03104	0.02434	0.03240	0.07308	0.01988	0.45778	0.08358	0.06203	0.02598	0.02593	0.01868	0.01268	0.01051	0.00317	0.01195	0.00949	0.01021	0.01747
19	0.01496	0.01081	0.01413	0.01330	0.01580	0.00998	0.00998	0.01995	0.02993	0.04240	0.55689	0.07898	0.09976	0.02162	0.01247	0.00333	0.00499	0.01912	0.01164	0.00998
20	0.01512	0.01060	0.01315	0.01263	0.01418	0.01008	0.00862	0.01822	0.02441	0.03409	0.35827	0.07527	0.07650	0.25180	0.02815	0.00595	0.00698	0.01770	0.00965	0.00862
21	0.01250	0.01071	0.01071	0.01071	0.01428	0.00893	0.00803	0.01517	0.02410	0.02856	0.10711	0.10175	0.55817	0.02678	0.01250	0.00357	0.00536	0.02231	0.00982	0.00893
22	0.02630	0.02271	0.02391	0.02152	0.02749	0.02630	0.01674	0.05618	0.54336	0.04423	0.04303	0.03945	0.03228	0.01434	0.01076	0.00359	0.00837	0.01195	0.01076	0.01674
23	0.04019	0.02962	0.03173	0.02433	0.03279	0.03279	0.02010	0.52721	0.04971	0.06663	0.02538	0.02538	0.01798	0.01269	0.01058	0.00317	0.01163	0.00952	0.01058	0.01798
24	0.70310	0.02045	0.01554	0.01390	0.02045	0.02372	0.01145	0.03108	0.01799	0.04744	0.01472	0.01718	0.01145	0.00981	0.00654	0.00327	0.00818	0.00573	0.00654	0.01145
25	0.02630	0.02271	0.02391	0.02152	0.02749	0.02630	0.01674	0.05618	0.54336	0.04423	0.04303	0.03945	0.03228	0.01434	0.01076	0.00359	0.00837	0.01195	0.01076	0.01674
26	0.01288	0.00920	0.01227	0.01472	0.01534	0.00859	0.00981	0.01472	0.02024	0.02699	0.05828	0.62152	0.06993	0.03312	0.01350	0.00429	0.00613	0.03006	0.00981	0.00859
27	0.04019	0.02962	0.03173	0.02433	0.03279	0.03279	0.02010	0.52721	0.04971	0.06663	0.02538	0.02538	0.01798	0.01269	0.01058	0.00317	0.01163	0.00952	0.01058	0.01798
28	0.02192	0.01879	0.02192	0.01566	0.02506	0.01409	0.01253	0.02662	0.02192	0.03445	0.01879	0.02192	0.01566	0.00783	0.00783	0.00157	0.00783	0.00626	0.00626	0.69305
29	0.01293	0.01085	0.01131	0.01154	0.01500	0.00923	0.00888	0.01581	0.02412	0.02885	0.10227	0.10341	0.51114	0.02701	0.01270	0.00369	0.00577	0.06666	0.00981	0.00900
30	0.02967	0.48145	0.09478	0.02074	0.02970	0.13737	0.02029	0.03370	0.02307	0.02578	0.01535	0.01779	0.01356	0.00946	0.00755	0.00244	0.01306	0.00604	0.00468	0.01351
31	0.01288	0.00920	0.01227	0.01472	0.01534	0.00859	0.00981	0.01472	0.02024	0.02699	0.05828	0.62152	0.06993	0.03312	0.01350	0.00429	0.00613	0.03006	0.00981	0.00859
32	0.01510	0.01133	0.01699	0.01699	0.01888	0.01322	0.01322	0.01888	0.01699	0.02454	0.02832	0.04154	0.02643	0.07930	0.58652	0.01699	0.02832	0.01133	0.00566	0.00944
33	0.02192	0.01879	0.02192	0.01566	0.02506	0.01409	0.01253	0.02662	0.02192	0.03445	0.01879	0.02192	0.01566	0.00783	0.00783	0.00157	0.00783	0.00626	0.00626	0.69305
34	0.02227	0.02153	0.03768	0.39308	0.21984	0.02426	0.07170	0.02924	0.02235	0.02987	0.01934	0.02760	0.01506	0.01008	0.01070	0.00341	0.01394	0.00966	0.00491	0.01347
35	0.01264	0.01014	0.01130	0.01223	0.01468	0.00880	0.00871	0.01500	0.02264	0.02797	0.08858	0.29892	0.37296	0.02919	0.01288	0.00384	0.00565	0.02525	0.00982	0.00880
36	0.01288	0.00920	0.01227	0.01472	0.01534	0.00859	0.00981	0.01472	0.02024	0.02699	0.05828	0.62152	0.06993	0.03312	0.01350	0.00429	0.00613	0.03006	0.00981	0.00859
37	0.24542	0.08242	0.02867	0.02541	0.07449	0.27828	0.01846	0.07279	0.02650	0.03631	0.01668	0.01939	0.01353	0.01042	0.00854	0.00293	0.01394	0.00681	0.00608	0.01292
38	0.01534	0.01030	0.01178	0.01170	0.01194	0.01022	0.00674	0.01581	0.01675	0.02257	0.08283	0.07012	0.04424	0.57104	0.04991	0.00960	0.00975	0.01573	0.00690	0.00674
39	0.03415	0.03646	0.03333	0.08322	0.12195	0.30277	0.05660	0.04094	0.07649	0.08025	0.02235	0.02515	0.01726	0.01103	0.01019	0.00305	0.01555	0.00868	0.00655	0.01403
40	0.02192	0.01879	0.02192	0.01566	0.02506	0.01409	0.01253	0.02662	0.02192	0.03445	0.01879	0.02192	0.01566	0.00783	0.00783	0.00157	0.00783	0.00626	0.00626	0.69305
41	0.01710	0.01425	0.01551	0.01451	0.01726	0.06006	0.01089	0.02189	0.02993	0.04096	0.50989	0.07377	0.09227	0.02068	0.01222	0.00327	0.00621	0.01805	0.01110	0.01017
42	0.03460	0.01782	0.02105	0.01703	0.02309	0.01762	0.01376	0.15805	0.03263	0.24250	0.08034	0.03813	0.03083	0.01350	0.00982	0.00301	0.00809	0.01087	0.21240	0.01488
43	0.01982	0.01374	0.01587	0.01515	0.01884	0.01345	0.01168	0.06623	0.07578	0.07262	0.13247	0.16736	0.19965	0.02302	0.01202	0.00364	0.00685	0.06022	0.06033	0.01126
44	0.03018	0.02096	0.03675	0.07149	0.11910	0.01977	0.16436	0.03618	0.02668	0.20649	0.08448	0.04071	0.06714	0.01296	0.01144	0.00338	0.01178	0.01256	0.00870	0.01488
45	0.04148	0.02754	0.03045	0.02334	0.03176	0.02971	0.01928	0.44241	0.04624	0.15633	0.02830	0.02727	0.01944	0.01276	0.01059	0.00319	0.01116	0.00972	0.01102	0.01798
46	0.01360	0.00950	0.01206	0.01380	0.01424	0.00907	0.00883	0.01491	0.01884	0.02512	0.05109	0.46256	0.06087	0.20445	0.02510	0.00601	0.00732	0.02583	0.00883	0.00796
47	0.03387	0.08407	0.07036	0.02560	0.03335	0.21358	0.08579	0.03874	0.02706	0.14596	0.02615	0.03293	0.02089	0.01226	0.01028	0.00306	0.01421	0.05044	0.00737	0.06403
48	0.01987	0.01271	0.01774	0.01941	0.02238	0.01248	0.01690	0.02466	0.02489	0.08171	0.05465	0.11152	0.05762	0.02771	0.01423	0.00472	0.00967	0.44658	0.01005	0.01050
49	0.02630	0.02271	0.02391	0.02152	0.02749	0.02630	0.01674	0.05618	0.54336	0.04423	0.04303	0.03945	0.03228	0.01434	0.01076	0.00359	0.00837	0.01195	0.01076	0.01674
50	0.01311	0.00930	0.01220	0.01443	0.01498	0.00874	0.00950	0.01478	0.01979	0.02639	0.05595	0.57013	0.06700	0.08851	0.01725	0.00485	0.00652	0.02869	0.00950	0.00838
51	0.02830	0.02227	0.02397	0.02126	0.02745	0.02528	0.01662	0.05574	0.49484	0.09393	0.04291	0.03912	0.03170	0.01423	0.01075	0.00356	0.00843	0.01183	0.01098	0.01685
52	0.01997	0.01879	0.03171	0.60301	0.07282	0.02349	0.02936	0.02701	0.02114	0.02701	0.01879	0.02819	0.01409	0.01057	0.01057	0.00352	0.01409	0.00940	0.00470	0.01175
53	0.02723	0.35806	0.16649	0.02763	0.08041	0.08153	0.06322	0.03319	0.02288	0.02839	0.01675	0.02001	0.01400	0.00944	0.00849	0.00272	0.01353	0.00708	0.00471	0.01424
54	0.01971	0.00985	0.00985	0.00985	0.01232	0.00985	0.00739	0.02464	0.02217	0.03942	0.03449	0.03942	0.02710	0.01232	0.00739	0.00246	0.00493	0.00985	0.68712	0.00985
55	0.01373	0.00982	0.01319	0.01533	0.01641	0.00928	0.01096	0.01634	0.02180	0.02917	0.10507	0.49172	0.07133	0.03142	0.01357	0.00429	0.00659	0.10111	0.00997	0.00890
56	0.01971	0.00985	0.00985	0.00985	0.01232	0.00985	0.00739	0.02464	0.02217	0.03942	0.03449	0.03942	0.02710	0.01232	0.00739	0.00246	0.00493	0.00985	0.68712	0.00985
57	0.02192	0.01879	0.02192	0.01566	0.02506	0.01409	0.01253	0.02662	0.02192	0.03445	0.01879	0.02192	0.01566	0.00783	0.00783	0.00157	0.00783	0.00626	0.00626	0.69305
58	0.01844	0.01189	0.01574	0.01551	0.01859	0.01109	0.01251	0.02314	0.02782	0.08716	0.32271	0.08897	0.11479	0.02352	0.01295	0.00381	0.00684	0.16290	0.01106	0.01057
