[name]
unknown

[dist]
# distance from previous block
# <min> <max>
45	121

[block]
# block no. 0 follows, 14 sequences, length 16
# corresponding to MSA columns:
# 145-160
name=unknown_A
#
# <colnr> <probs for GDERKNQSTAVLIFYWHMCP>
#	G	D	E	R	K	N	Q	S	T	A	V	L	I	F	Y	W	H	M	C	P
0	0.03575	0.23320	0.03512	0.10535	0.03276	0.02498	0.01790	0.03991	0.02515	0.30932	0.02823	0.02748	0.01949	0.01100	0.00903	0.00287	0.01023	0.00849	0.00866	0.01510
1	0.04099	0.18791	0.03195	0.01807	0.02624	0.02201	0.01575	0.04478	0.02706	0.43093	0.03337	0.02992	0.02208	0.01164	0.00931	0.00291	0.00934	0.00901	0.01045	0.01630
2	0.01524	0.01139	0.01627	0.02018	0.06303	0.01110	0.01425	0.01861	0.02162	0.02869	0.05260	0.36620	0.05998	0.02869	0.01331	0.00431	0.00793	0.22801	0.00913	0.00945
3	0.03762	0.01922	0.02899	0.10701	0.16337	0.01832	0.02076	0.04247	0.02678	0.37835	0.03251	0.03166	0.02168	0.01153	0.01027	0.00318	0.01021	0.00988	0.00981	0.01638
4	0.02180	0.12544	0.46791	0.02913	0.04303	0.02616	0.08390	0.03231	0.02181	0.03148	0.01812	0.02159	0.01327	0.00952	0.00958	0.00314	0.01484	0.00776	0.00442	0.01479
5	0.01250	0.00893	0.01191	0.01429	0.01488	0.00834	0.00953	0.01429	0.01965	0.02620	0.05656	0.63265	0.06787	0.03215	0.01310	0.00417	0.00595	0.02917	0.00953	0.00834
6	0.02936	0.54013	0.04941	0.01913	0.02729	0.13909	0.01796	0.03254	0.02231	0.02432	0.01455	0.01682	0.01318	0.00910	0.00706	0.00227	0.01230	0.00569	0.00455	0.01294
7	0.01654	0.01181	0.01654	0.01890	0.02126	0.01181	0.01654	0.02126	0.02362	0.03071	0.05433	0.11576	0.05906	0.02835	0.01417	0.00472	0.00945	0.50626	0.00945	0.00945
8	0.02422	0.36749	0.30363	0.02305	0.03482	0.03273	0.02711	0.03156	0.02123	0.02807	0.01621	0.01890	0.01309	0.00923	0.00807	0.00269	0.01294	0.00647	0.00436	0.01411
9	0.02986	0.02677	0.03030	0.02765	0.06334	0.13679	0.02123	0.03273	0.02119	0.12387	0.01908	0.02409	0.01571	0.01504	0.02334	0.00381	0.35750	0.00877	0.00613	0.01278
10	0.01466	0.01100	0.01649	0.01649	0.01833	0.01283	0.01283	0.01833	0.01649	0.02382	0.02749	0.04032	0.02566	0.07697	0.59868	0.01649	0.02749	0.01100	0.00550	0.00916
11	0.02744	0.64552	0.05378	0.01756	0.02634	0.04061	0.01756	0.03073	0.02085	0.02414	0.01427	0.01646	0.01317	0.00878	0.00658	0.00219	0.01097	0.00549	0.00439	0.01317
12	0.02959	0.52912	0.04921	0.01899	0.02738	0.09257	0.01796	0.08125	0.02429	0.02817	0.01542	0.01745	0.01359	0.00929	0.00719	0.00232	0.01172	0.00596	0.00505	0.01346
13	0.03247	0.19800	0.11762	0.02218	0.03133	0.03126	0.02108	0.24949	0.08064	0.08428	0.02357	0.02394	0.01744	0.01115	0.00921	0.00291	0.01131	0.00827	0.00799	0.01585
14	0.17280	0.35706	0.12141	0.01909	0.02823	0.03343	0.01941	0.08764	0.02330	0.03452	0.01604	0.01818	0.01318	0.00947	0.00741	0.00266	0.01098	0.00623	0.00545	0.01350
15	0.14956	0.26201	0.20088	0.02074	0.03094	0.03006	0.02232	0.07922	0.02310	0.03495	0.01672	0.01910	0.01327	0.00947	0.00789	0.00273	0.01151	0.00651	0.00538	0.05365

[dist]
# distance from previous block
# <min> <max>
1	22

[block]
# block no. 1 follows, 14 sequences, length 6
# corresponding to MSA columns:
# 183-188
name=unknown_B
#
# <colnr> <probs for GDERKNQSTAVLIFYWHMCP>
#	G	D	E	R	K	N	Q	S	T	A	V	L	I	F	Y	W	H	M	C	P
0	0.02455	0.01634	0.02541	0.02074	0.02629	0.01534	0.10897	0.03162	0.06990	0.16421	0.20498	0.06089	0.10176	0.01744	0.01177	0.00345	0.00881	0.06478	0.01008	0.01268
1	0.15736	0.03019	0.12535	0.02083	0.02874	0.12701	0.01932	0.03634	0.06411	0.12358	0.02595	0.03256	0.02075	0.01221	0.00936	0.00308	0.01148	0.05555	0.00739	0.08884
2	0.16170	0.01857	0.02755	0.49112	0.06023	0.02285	0.02493	0.02703	0.01989	0.03029	0.01743	0.02516	0.01315	0.01011	0.00946	0.00337	0.01250	0.00839	0.00493	0.01134
3	0.01742	0.01371	0.02181	0.01864	0.02267	0.01247	0.10657	0.02164	0.02456	0.06997	0.20014	0.21030	0.17444	0.02208	0.01224	0.00356	0.00775	0.02018	0.00943	0.01041
4	0.01330	0.00927	0.01167	0.01327	0.01367	0.00887	0.00844	0.01450	0.01810	0.02413	0.04860	0.44689	0.05783	0.23161	0.02595	0.00607	0.00727	0.02449	0.00844	0.00764
5	0.58393	0.01803	0.01437	0.01307	0.01826	0.02062	0.01022	0.02737	0.01700	0.04124	0.01760	0.02594	0.01592	0.12512	0.01477	0.00442	0.00831	0.00728	0.00633	0.01022

[dist]
# distance from previous block
# <min> <max>
7	12

[block]
# block no. 2 follows, 14 sequences, length 10
# corresponding to MSA columns:
# 201-210
name=unknown_C
#
# <colnr> <probs for GDERKNQSTAVLIFYWHMCP>
#	G	D	E	R	K	N	Q	S	T	A	V	L	I	F	Y	W	H	M	C	P
0	0.09301	0.06422	0.07192	0.01890	0.02678	0.14507	0.01628	0.03184	0.02390	0.07649	0.06276	0.02547	0.02137	0.01016	0.00854	0.00238	0.01074	0.00757	0.00663	0.27600
1	0.02701	0.12052	0.26417	0.02442	0.03492	0.02335	0.06210	0.03629	0.06453	0.14977	0.02758	0.07408	0.02165	0.01227	0.00992	0.00319	0.01208	0.01023	0.00708	0.01483
2	0.08508	0.28466	0.09433	0.02209	0.07591	0.02753	0.01888	0.03140	0.02183	0.09434	0.02192	0.06807	0.01913	0.01111	0.00826	0.00266	0.01025	0.00850	0.00617	0.08790
3	0.02744	0.64552	0.05378	0.01756	0.02634	0.04061	0.01756	0.03073	0.02085	0.02414	0.01427	0.01646	0.01317	0.00878	0.00658	0.00219	0.01097	0.00549	0.00439	0.01317
4	0.02128	0.01824	0.02128	0.01520	0.02432	0.01368	0.01216	0.02584	0.02128	0.03344	0.01824	0.02128	0.01520	0.00760	0.00760	0.00152	0.00760	0.00608	0.00608	0.70208
5	0.01448	0.01067	0.01542	0.01566	0.01715	0.01205	0.01173	0.01753	0.01662	0.02359	0.03089	0.10122	0.03114	0.13854	0.47751	0.01452	0.02333	0.01323	0.00597	0.00874
6	0.01343	0.00968	0.01253	0.01426	0.01544	0.00912	0.01013	0.01578	0.02080	0.02750	0.09489	0.42019	0.10868	0.08486	0.01662	0.00464	0.00669	0.09698	0.00934	0.00843
7	0.02535	0.02523	0.08492	0.10005	0.09710	0.02326	0.13763	0.03931	0.18578	0.07896	0.02787	0.03016	0.02074	0.01083	0.01047	0.00322	0.01190	0.01026	0.00729	0.06967
8	0.13463	0.01628	0.02003	0.12455	0.07194	0.01745	0.01569	0.08230	0.02391	0.03495	0.04641	0.18580	0.14922	0.01899	0.01069	0.00350	0.00861	0.01610	0.00785	0.01111
9	0.25032	0.12125	0.03015	0.02724	0.14524	0.08051	0.01827	0.03571	0.02289	0.14896	0.02097	0.02252	0.01573	0.01009	0.00833	0.00294	0.01054	0.00742	0.00698	0.01396

[dist]
# distance from previous block
# <min> <max>
2	13

[block]
# block no. 3 follows, 14 sequences, length 36
# corresponding to MSA columns:
# 224-259
name=unknown_D
#
# <colnr> <probs for GDERKNQSTAVLIFYWHMCP>
#	G	D	E	R	K	N	Q	S	T	A	V	L	I	F	Y	W	H	M	C	P
0	0.08818	0.42138	0.20017	0.02048	0.03084	0.03427	0.02270	0.03118	0.02077	0.02850	0.01544	0.01795	0.01293	0.00912	0.00745	0.00258	0.01188	0.00608	0.00455	0.01354
1	0.03327	0.10250	0.16783	0.02431	0.03427	0.03086	0.02375	0.36178	0.03880	0.05242	0.02199	0.02302	0.01590	0.01131	0.00974	0.00302	0.01220	0.00843	0.00818	0.01643
2	0.02205	0.11827	0.31849	0.02461	0.03468	0.08165	0.02770	0.03000	0.02202	0.02947	0.02366	0.03592	0.02090	0.01971	0.07471	0.00472	0.01552	0.07752	0.00528	0.01311
3	0.02587	0.09420	0.02511	0.07067	0.02774	0.01816	0.01453	0.03176	0.06054	0.14534	0.03738	0.03735	0.10479	0.01236	0.00919	0.00256	0.00847	0.00998	0.00795	0.25606
4	0.09158	0.29179	0.31237	0.02292	0.03461	0.03060	0.02696	0.03155	0.02092	0.03042	0.01631	0.01905	0.01288	0.00933	0.00812	0.00281	0.01274	0.00653	0.00456	0.01395
5	0.03209	0.42732	0.08503	0.01862	0.02764	0.03228	0.01839	0.03621	0.02328	0.17959	0.02185	0.02197	0.01655	0.00994	0.00786	0.00255	0.01066	0.00698	0.00669	0.01451
6	0.01451	0.01017	0.01318	0.01409	0.01494	0.01040	0.00980	0.01635	0.01761	0.02374	0.04032	0.20577	0.04543	0.29288	0.14756	0.00913	0.01245	0.08656	0.00733	0.00778
7	0.09373	0.01971	0.02165	0.08311	0.02879	0.02222	0.01581	0.09458	0.27609	0.04186	0.09023	0.04405	0.09562	0.01497	0.01034	0.00337	0.00841	0.01228	0.00934	0.01383
8	0.01358	0.01048	0.01258	0.01393	0.01585	0.00987	0.00998	0.01771	0.05844	0.02813	0.06934	0.39742	0.21304	0.02880	0.01270	0.00395	0.00613	0.05941	0.00959	0.00906
9	0.02423	0.02004	0.03584	0.27492	0.11697	0.02114	0.13841	0.03047	0.02285	0.10659	0.02596	0.08997	0.02159	0.01234	0.01096	0.00343	0.01282	0.01200	0.00641	0.01308
10	0.02475	0.09752	0.16582	0.03150	0.16576	0.02367	0.02447	0.08605	0.02481	0.03566	0.01882	0.02223	0.01496	0.00914	0.00893	0.00255	0.01131	0.00748	0.00569	0.21889
11	0.03086	0.15502	0.03176	0.02202	0.02854	0.18409	0.01784	0.09963	0.25071	0.03674	0.02737	0.02706	0.02126	0.01181	0.00933	0.00295	0.01185	0.00877	0.00782	0.01458
12	0.02744	0.64552	0.05378	0.01756	0.02634	0.04061	0.01756	0.03073	0.02085	0.02414	0.01427	0.01646	0.01317	0.00878	0.00658	0.00219	0.01097	0.00549	0.00439	0.01317
13	0.01336	0.00992	0.01372	0.07329	0.02011	0.00988	0.01115	0.01551	0.01938	0.02573	0.05098	0.53090	0.06025	0.07512	0.01573	0.00452	0.00701	0.02614	0.00879	0.00848
14	0.01279	0.00943	0.01198	0.01344	0.01480	0.00862	0.00928	0.01523	0.02185	0.02902	0.15254	0.45342	0.15139	0.02926	0.01278	0.00390	0.00564	0.02617	0.00983	0.00862
15	0.01299	0.01057	0.01160	0.01173	0.01491	0.00917	0.00906	0.01618	0.02431	0.03018	0.17222	0.09713	0.43978	0.02546	0.01235	0.00357	0.00561	0.07449	0.00980	0.00891
16	0.01278	0.00913	0.01223	0.01461	0.01533	0.00858	0.01002	0.01478	0.01993	0.02651	0.05641	0.59658	0.06726	0.03189	0.01317	0.00421	0.00620	0.06247	0.00952	0.00841
17	0.04495	0.01922	0.02490	0.01909	0.02707	0.01769	0.01577	0.12663	0.03232	0.50167	0.03801	0.03332	0.02416	0.01264	0.01031	0.00316	0.00913	0.01015	0.01232	0.01746
18	0.04293	0.01678	0.02282	0.01773	0.02512	0.01455	0.01455	0.04699	0.02934	0.52904	0.09272	0.03905	0.03245	0.01352	0.01050	0.00318	0.00835	0.01113	0.01256	0.01670
19	0.02212	0.02016	0.03248	0.47449	0.14585	0.02387	0.02814	0.07419	0.02350	0.03088	0.01899	0.02680	0.01443	0.01027	0.01024	0.00333	0.01323	0.00913	0.00516	0.01271
20	0.03817	0.03848	0.02714	0.02392	0.02985	0.39425	0.01832	0.04479	0.10314	0.14576	0.02472	0.02476	0.01834	0.01150	0.00965	0.00287	0.01498	0.00810	0.00758	0.01369
21	0.02230	0.20134	0.45294	0.02632	0.03989	0.02803	0.03282	0.03206	0.02146	0.03041	0.01738	0.02036	0.01304	0.00951	0.00896	0.00299	0.01412	0.00706	0.00435	0.01467
22	0.02502	0.43685	0.24130	0.02168	0.03271	0.03470	0.02473	0.03135	0.02114	0.02709	0.01573	0.01829	0.01311	0.00912	0.00770	0.00257	0.01245	0.00623	0.00437	0.01387
23	0.02744	0.64552	0.05378	0.01756	0.02634	0.04061	0.01756	0.03073	0.02085	0.02414	0.01427	0.01646	0.01317	0.00878	0.00658	0.00219	0.01097	0.00549	0.00439	0.01317
24	0.01774	0.01120	0.01475	0.01346	0.01644	0.01023	0.01023	0.02249	0.02908	0.09634	0.51593	0.07240	0.08955	0.02014	0.01192	0.00322	0.00524	0.01772	0.01144	0.01048
25	0.03901	0.02874	0.03080	0.02361	0.03182	0.03182	0.01951	0.54111	0.04825	0.06468	0.02464	0.02464	0.01745	0.01232	0.01027	0.00308	0.01129	0.00924	0.01027	0.01745
26	0.02598	0.02783	0.03020	0.02628	0.02790	0.14682	0.02135	0.03076	0.06800	0.02645	0.01655	0.02309	0.01505	0.01608	0.02655	0.00402	0.44132	0.00874	0.00520	0.01182
27	0.01250	0.00893	0.01191	0.01429	0.01488	0.00834	0.00953	0.01429	0.01965	0.02620	0.05656	0.63265	0.06787	0.03215	0.01310	0.00417	0.00595	0.02917	0.00953	0.00834
28	0.08388	0.05004	0.53388	0.02781	0.04217	0.02376	0.03546	0.03229	0.02128	0.03374	0.01804	0.02121	0.01283	0.00973	0.00944	0.00324	0.01450	0.00740	0.00452	0.01480
29	0.01472	0.01062	0.01400	0.01350	0.01592	0.00989	0.01036	0.01955	0.02851	0.04012	0.51905	0.08051	0.09310	0.02171	0.01231	0.00338	0.00530	0.06668	0.01111	0.00966
30	0.01748	0.00914	0.01371	0.01371	0.01391	0.00934	0.00934	0.01391	0.01371	0.01849	0.01889	0.03220	0.01869	0.04020	0.10157	0.62606	0.01096	0.00914	0.00457	0.00497
31	0.01452	0.01049	0.01372	0.01291	0.01533	0.00968	0.00968	0.01937	0.02905	0.04115	0.56992	0.07666	0.09683	0.02098	0.01210	0.00323	0.00484	0.01856	0.01130	0.00968
32	0.01466	0.01100	0.01649	0.01649	0.01833	0.01283	0.01283	0.01833	0.01649	0.02382	0.02749	0.04032	0.02566	0.07697	0.59868	0.01649	0.02749	0.01100	0.00550	0.00916
33	0.02095	0.05049	0.53258	0.03068	0.04536	0.02405	0.08891	0.03254	0.02193	0.03254	0.01866	0.02228	0.01326	0.00964	0.00999	0.00327	0.01538	0.00804	0.00442	0.01503
34	0.02158	0.12516	0.43120	0.02560	0.03902	0.02449	0.03136	0.03126	0.02150	0.03155	0.01785	0.02093	0.01335	0.00930	0.00901	0.00285	0.01347	0.00708	0.00460	0.11883
35	0.03919	0.01935	0.02749	0.02115	0.02903	0.01766	0.06707	0.09853	0.02995	0.39193	0.03627	0.03814	0.02535	0.01307	0.01059	0.00319	0.00983	0.04694	0.01099	0.06429

[dist]
# distance from previous block
# <min> <max>
1	6

[block]
# block no. 4 follows, 14 sequences, length 30
# corresponding to MSA columns:
# 266-295
name=unknown_E
#
# <colnr> <probs for GDERKNQSTAVLIFYWHMCP>
#	G	D	E	R	K	N	Q	S	T	A	V	L	I	F	Y	W	H	M	C	P
0	0.15654	0.03320	0.24626	0.02283	0.03238	0.02300	0.02417	0.03804	0.10710	0.13290	0.02486	0.02577	0.01779	0.01153	0.01119	0.00336	0.05883	0.00843	0.00717	0.01467
1	0.15856	0.02394	0.06787	0.17804	0.03805	0.06129	0.01998	0.09592	0.06406	0.08040	0.08879	0.03128	0.02586	0.01211	0.00964	0.00323	0.01087	0.00958	0.00751	0.01303
2	0.48100	0.02195	0.05640	0.01569	0.02305	0.02159	0.01376	0.03305	0.06115	0.07990	0.01899	0.02051	0.01429	0.00987	0.00733	0.00300	0.00846	0.00656	0.00693	0.09651
3	0.02077	0.04379	0.43551	0.02550	0.03906	0.02112	0.03105	0.03072	0.02156	0.03275	0.01837	0.02156	0.01359	0.00918	0.00918	0.00279	0.01315	0.00718	0.00480	0.19838
4	0.09228	0.02045	0.02442	0.01929	0.02687	0.02035	0.01580	0.14408	0.10441	0.36777	0.03561	0.03202	0.02360	0.01255	0.01003	0.00320	0.00908	0.00993	0.01144	0.01681
5	0.03833	0.04891	0.02908	0.02644	0.03173	0.59815	0.01983	0.04098	0.02908	0.02512	0.01586	0.01851	0.01322	0.01058	0.00925	0.00264	0.01851	0.00661	0.00529	0.01190
6	0.01247	0.00906	0.01177	0.01394	0.01479	0.00836	0.00937	0.01433	0.01998	0.02633	0.06081	0.58476	0.11302	0.03160	0.01301	0.00410	0.00589	0.02850	0.00953	0.00836
7	0.01471	0.01079	0.01545	0.01545	0.01692	0.01226	0.01153	0.01766	0.01618	0.02305	0.02844	0.04560	0.02795	0.18773	0.49106	0.01520	0.02403	0.01177	0.00564	0.00858
8	0.01569	0.01107	0.01389	0.01271	0.01573	0.01003	0.00960	0.02050	0.02743	0.04011	0.45500	0.06701	0.08090	0.01868	0.01110	0.00297	0.00508	0.01634	0.09439	0.07178
9	0.02245	0.02245	0.03143	0.02694	0.02694	0.03143	0.02245	0.02470	0.01572	0.02470	0.01347	0.02245	0.01347	0.01796	0.03368	0.00449	0.62057	0.00898	0.00449	0.01123
10	0.02245	0.02245	0.03143	0.02694	0.02694	0.03143	0.02245	0.02470	0.01572	0.02470	0.01347	0.02245	0.01347	0.01796	0.03368	0.00449	0.62057	0.00898	0.00449	0.01123
11	0.02849	0.38614	0.13196	0.02085	0.03032	0.03515	0.02109	0.13319	0.06377	0.03477	0.01889	0.02042	0.01525	0.00999	0.00808	0.00263	0.01151	0.00699	0.00596	0.01455
12	0.01307	0.01024	0.01183	0.01184	0.01454	0.00900	0.00873	0.01641	0.02503	0.03256	0.27238	0.15910	0.32883	0.02491	0.01224	0.00347	0.00516	0.02146	0.01019	0.00900
13	0.01328	0.00974	0.01264	0.01467	0.01605	0.00910	0.01072	0.01579	0.02102	0.02735	0.06307	0.44732	0.14008	0.03046	0.01318	0.00418	0.00656	0.12665	0.00951	0.00861
14	0.01250	0.00893	0.01191	0.01429	0.01488	0.00834	0.00953	0.01429	0.01965	0.02620	0.05656	0.63265	0.06787	0.03215	0.01310	0.00417	0.00595	0.02917	0.00953	0.00834
15	0.02128	0.01824	0.02128	0.01520	0.02432	0.01368	0.01216	0.02584	0.02128	0.03344	0.01824	0.02128	0.01520	0.00760	0.00760	0.00152	0.00760	0.00608	0.00608	0.70208
16	0.04604	0.01746	0.02382	0.01826	0.02620	0.01508	0.01508	0.05001	0.02937	0.58244	0.04049	0.03493	0.02540	0.01270	0.01032	0.00318	0.00873	0.01032	0.01270	0.01746
17	0.01492	0.00995	0.01119	0.01119	0.01119	0.00995	0.00622	0.01492	0.01492	0.01990	0.03233	0.06716	0.03731	0.63935	0.05223	0.00995	0.00995	0.01492	0.00622	0.00622
18	0.02128	0.01824	0.02128	0.01520	0.02432	0.01368	0.01216	0.02584	0.02128	0.03344	0.01824	0.02128	0.01520	0.00760	0.00760	0.00152	0.00760	0.00608	0.00608	0.70208
19	0.01250	0.00893	0.01191	0.01429	0.01488	0.00834	0.00953	0.01429	0.01965	0.02620	0.05656	0.63265	0.06787	0.03215	0.01310	0.00417	0.00595	0.02917	0.00953	0.00834
20	0.02782	0.01671	0.01785	0.01500	0.01977	0.01761	0.01196	0.20385	0.03126	0.08459	0.03091	0.03334	0.02319	0.01213	0.00845	0.00268	0.00730	0.00950	0.41323	0.01282
21	0.01377	0.01002	0.01304	0.01377	0.01558	0.00929	0.01010	0.01728	0.02461	0.03360	0.29614	0.29006	0.11851	0.02620	0.01266	0.00373	0.00570	0.06652	0.01033	0.00908
22	0.04426	0.02033	0.02559	0.01962	0.02763	0.01934	0.01621	0.17476	0.03417	0.45092	0.03646	0.03231	0.02338	0.01260	0.01031	0.00315	0.00938	0.01005	0.01208	0.01746
23	0.01825	0.01005	0.01433	0.01359	0.01470	0.00949	0.00931	0.01489	0.01433	0.01973	0.01788	0.02998	0.01751	0.03223	0.03614	0.61605	0.00875	0.00857	0.00465	0.08955
24	0.01447	0.01054	0.01403	0.01611	0.01793	0.01011	0.01280	0.01781	0.02208	0.02863	0.06123	0.31023	0.12488	0.02951	0.01352	0.00436	0.00760	0.26574	0.00949	0.00893
25	0.11241	0.48743	0.04567	0.01828	0.02629	0.11488	0.01708	0.03206	0.02157	0.02695	0.01449	0.01677	0.01293	0.00912	0.00692	0.00238	0.01164	0.00565	0.00475	0.01274
26	0.01807	0.00946	0.00994	0.01032	0.01242	0.00937	0.00755	0.02238	0.02122	0.03634	0.03716	0.13304	0.03293	0.01518	0.00812	0.00267	0.00497	0.01269	0.58680	0.00937
27	0.03175	0.26165	0.03532	0.01907	0.02649	0.15093	0.01637	0.06962	0.02579	0.10640	0.02093	0.02230	0.01644	0.01006	0.00810	0.00242	0.01142	0.00704	0.06038	0.09753
28	0.02314	0.01934	0.02336	0.01989	0.06760	0.01635	0.01438	0.08831	0.02462	0.03674	0.02184	0.06564	0.01932	0.01005	0.00852	0.00202	0.00829	0.00835	0.00676	0.51550
29	0.11674	0.11916	0.03339	0.09931	0.13575	0.02797	0.02096	0.17303	0.06449	0.08111	0.02223	0.02449	0.01680	0.01071	0.00920	0.00302	0.01088	0.00840	0.00739	0.01496

[dist]
# distance from previous block
# <min> <max>
3	5

[block]
# block no. 5 follows, 14 sequences, length 35
# corresponding to MSA columns:
# 301-335
name=unknown_F
#
# <colnr> <probs for GDERKNQSTAVLIFYWHMCP>
#	G	D	E	R	K	N	Q	S	T	A	V	L	I	F	Y	W	H	M	C	P
0	0.02127	0.02445	0.10226	0.31391	0.09313	0.02341	0.06770	0.03030	0.06826	0.03002	0.02029	0.02667	0.01560	0.01063	0.01176	0.00330	0.05509	0.00914	0.00526	0.06754
1	0.13513	0.01851	0.02430	0.18188	0.03661	0.02045	0.01844	0.07561	0.02555	0.19113	0.09327	0.03341	0.02732	0.01297	0.01177	0.00335	0.05843	0.01009	0.00845	0.01334
2	0.03839	0.04739	0.02921	0.02622	0.03173	0.55552	0.01980	0.07862	0.03052	0.02809	0.01652	0.01897	0.01354	0.01071	0.00933	0.00268	0.01796	0.00681	0.00566	0.01232
3	0.01424	0.01006	0.01277	0.01403	0.01587	0.00980	0.01053	0.01731	0.02073	0.02835	0.05775	0.28424	0.14951	0.03478	0.10279	0.00580	0.00954	0.09801	0.09505	0.00886
4	0.03054	0.01373	0.01798	0.01499	0.02009	0.01229	0.01192	0.03495	0.02804	0.30359	0.22993	0.05046	0.05125	0.01557	0.01048	0.00307	0.00672	0.01317	0.11778	0.01344
5	0.04604	0.01746	0.02382	0.01826	0.02620	0.01508	0.01508	0.05001	0.02937	0.58244	0.04049	0.03493	0.02540	0.01270	0.01032	0.00318	0.00873	0.01032	0.01270	0.01746
6	0.01404	0.01047	0.01305	0.01241	0.01504	0.00948	0.00931	0.01844	0.02792	0.03846	0.47666	0.08108	0.19176	0.02198	0.01211	0.00328	0.00491	0.01918	0.01094	0.00948
7	0.65911	0.01966	0.01577	0.01387	0.02035	0.02239	0.01143	0.03174	0.01841	0.08852	0.01636	0.01812	0.01225	0.00978	0.00667	0.00318	0.00800	0.00593	0.00685	0.01162
8	0.03246	0.02549	0.02711	0.02229	0.02933	0.02876	0.01792	0.30468	0.29536	0.05411	0.03296	0.03127	0.02419	0.01310	0.01035	0.00327	0.00975	0.01039	0.01035	0.01686
9	0.01487	0.01068	0.01403	0.01556	0.01717	0.01055	0.01209	0.01783	0.02058	0.02694	0.05291	0.20537	0.09935	0.14782	0.06722	0.00641	0.00988	0.23367	0.00855	0.00852
10	0.02055	0.03913	0.37741	0.02517	0.03599	0.02145	0.02926	0.07344	0.02256	0.03291	0.02151	0.02716	0.01694	0.02882	0.17492	0.00695	0.01828	0.00869	0.00518	0.01368
11	0.02128	0.01824	0.02128	0.01520	0.02432	0.01368	0.01216	0.02584	0.02128	0.03344	0.01824	0.02128	0.01520	0.00760	0.00760	0.00152	0.00760	0.00608	0.00608	0.70208
12	0.55237	0.01881	0.01646	0.01426	0.02061	0.02078	0.01168	0.03277	0.02026	0.13602	0.05645	0.02382	0.01934	0.01084	0.00741	0.00318	0.00786	0.00724	0.00776	0.01209
13	0.01213	0.01040	0.01040	0.01040	0.01386	0.00866	0.00780	0.01473	0.02339	0.02772	0.10396	0.09876	0.57117	0.02599	0.01213	0.00347	0.00520	0.02166	0.00953	0.00866
14	0.02058	0.05308	0.58618	0.02925	0.04442	0.02383	0.03792	0.03250	0.02167	0.03250	0.01842	0.02167	0.01300	0.00975	0.00975	0.00325	0.01517	0.00758	0.00433	0.01517
15	0.01243	0.01001	0.01108	0.01165	0.01426	0.00866	0.00842	0.01500	0.02286	0.02844	0.13024	0.23972	0.39689	0.02722	0.01239	0.00363	0.00537	0.02341	0.00968	0.00866
16	0.01783	0.00891	0.01337	0.01337	0.01337	0.00891	0.00891	0.01337	0.01337	0.01783	0.01783	0.03119	0.01783	0.03565	0.04011	0.70143	0.00891	0.00891	0.00446	0.00446
17	0.02835	0.59564	0.05171	0.01830	0.02679	0.08722	0.01775	0.03159	0.02154	0.02423	0.01440	0.01663	0.01317	0.00893	0.00681	0.00223	0.01160	0.00558	0.00446	0.01306
18	0.01298	0.00927	0.01246	0.01484	0.01564	0.00875	0.01036	0.01512	0.02012	0.02673	0.05630	0.57111	0.06682	0.03170	0.01323	0.00423	0.00637	0.08597	0.00952	0.00847
19	0.02744	0.64552	0.05378	0.01756	0.02634	0.04061	0.01756	0.03073	0.02085	0.02414	0.01427	0.01646	0.01317	0.00878	0.00658	0.00219	0.01097	0.00549	0.00439	0.01317
20	0.01547	0.01060	0.01379	0.05412	0.01842	0.01036	0.01046	0.01997	0.02550	0.03723	0.34481	0.15135	0.07245	0.02015	0.01114	0.00322	0.00561	0.01774	0.14806	0.00957
21	0.01394	0.01042	0.01299	0.01287	0.01536	0.00948	0.00971	0.01798	0.02654	0.03602	0.38190	0.13354	0.20057	0.02363	0.01234	0.00347	0.00534	0.05398	0.01061	0.00931
22	0.02744	0.64552	0.05378	0.01756	0.02634	0.04061	0.01756	0.03073	0.02085	0.02414	0.01427	0.01646	0.01317	0.00878	0.00658	0.00219	0.01097	0.00549	0.00439	0.01317
23	0.04013	0.02120	0.02793	0.02160	0.02948	0.02081	0.05522	0.15143	0.10548	0.35954	0.03589	0.03271	0.02383	0.01249	0.01046	0.00322	0.00982	0.01041	0.01132	0.01702
24	0.01433	0.01048	0.01345	0.01271	0.01521	0.00960	0.00953	0.01900	0.02860	0.04008	0.53280	0.07842	0.13461	0.02138	0.01211	0.00325	0.00487	0.01881	0.01116	0.00960
25	0.02058	0.05308	0.58618	0.02925	0.04442	0.02383	0.03792	0.03250	0.02167	0.03250	0.01842	0.02167	0.01300	0.00975	0.00975	0.00325	0.01517	0.00758	0.00433	0.01517
26	0.02128	0.01824	0.02128	0.01520	0.02432	0.01368	0.01216	0.02584	0.02128	0.03344	0.01824	0.02128	0.01520	0.00760	0.00760	0.00152	0.00760	0.00608	0.00608	0.70208
27	0.02105	0.01148	0.01533	0.01473	0.01768	0.01039	0.01088	0.02443	0.02525	0.16141	0.23450	0.29625	0.06820	0.02365	0.01210	0.00360	0.00621	0.02101	0.01089	0.01094
28	0.03497	0.01742	0.02180	0.01819	0.02446	0.01692	0.01448	0.04568	0.17258	0.34280	0.08888	0.08738	0.03673	0.01532	0.01073	0.00334	0.00800	0.01291	0.01171	0.01571
29	0.02501	0.02105	0.02211	0.01998	0.02551	0.02425	0.01552	0.05208	0.51394	0.04255	0.04110	0.03829	0.03092	0.01377	0.01018	0.00339	0.00785	0.01144	0.06535	0.01571
30	0.01250	0.00893	0.01191	0.01429	0.01488	0.00834	0.00953	0.01429	0.01965	0.02620	0.05656	0.63265	0.06787	0.03215	0.01310	0.00417	0.00595	0.02917	0.00953	0.00834
31	0.71184	0.01985	0.01508	0.01350	0.01985	0.02302	0.01111	0.03017	0.01746	0.04604	0.01429	0.01667	0.01111	0.00953	0.00635	0.00318	0.00794	0.00556	0.00635	0.01111
32	0.71184	0.01985	0.01508	0.01350	0.01985	0.02302	0.01111	0.03017	0.01746	0.04604	0.01429	0.01667	0.01111	0.00953	0.00635	0.00318	0.00794	0.00556	0.00635	0.01111
33	0.02554	0.02462	0.16432	0.05749	0.06764	0.01733	0.02169	0.03180	0.02288	0.17752	0.06810	0.03513	0.02639	0.03021	0.17526	0.00694	0.01584	0.01029	0.00748	0.01355
34	0.03088	0.31997	0.04519	0.02773	0.11098	0.03292	0.06332	0.13741	0.02788	0.08388	0.02000	0.02203	0.01579	0.00989	0.00866	0.00270	0.01155	0.00778	0.00650	0.01494

[dist]
# distance from previous block
# <min> <max>
4	38

[block]
# block no. 6 follows, 14 sequences, length 91
# corresponding to MSA columns:
# 374-464
name=unknown_G
#
# <colnr> <probs for GDERKNQSTAVLIFYWHMCP>
#	G	D	E	R	K	N	Q	S	T	A	V	L	I	F	Y	W	H	M	C	P
0	0.14663	0.02559	0.09342	0.08600	0.26911	0.02294	0.07067	0.03339	0.02276	0.10336	0.02102	0.02502	0.01589	0.00976	0.00965	0.00317	0.01190	0.00876	0.00614	0.01481
1	0.03182	0.02035	0.03028	0.03670	0.25290	0.01979	0.02153	0.08942	0.02801	0.21710	0.06469	0.08480	0.02897	0.01341	0.01060	0.00320	0.00995	0.01188	0.00892	0.01567
2	0.10433	0.02304	0.06307	0.02415	0.09637	0.02004	0.01816	0.11848	0.02768	0.18038	0.02471	0.02538	0.01773	0.01023	0.00907	0.00268	0.00962	0.00812	0.00825	0.20851
3	0.11604	0.02752	0.10522	0.03418	0.18548	0.02403	0.05515	0.14292	0.02829	0.09991	0.02196	0.02448	0.01628	0.01018	0.00959	0.00302	0.01145	0.00858	0.00715	0.06857
4	0.02046	0.01577	0.02089	0.02067	0.09136	0.01345	0.01381	0.02510	0.02456	0.06858	0.20854	0.08000	0.04686	0.01418	0.00996	0.00256	0.00722	0.01240	0.00833	0.29531
5	0.03227	0.02408	0.08007	0.03655	0.24115	0.02034	0.02337	0.06933	0.02655	0.22004	0.02656	0.02772	0.01899	0.01040	0.00987	0.00292	0.01066	0.00903	0.00803	0.10208
6	0.01341	0.00963	0.01272	0.01367	0.01509	0.00894	0.00960	0.01657	0.02388	0.03292	0.28744	0.38260	0.08090	0.02713	0.01265	0.00374	0.00545	0.02440	0.01032	0.00894
7	0.02165	0.02100	0.03749	0.25120	0.24309	0.02227	0.11133	0.02811	0.02259	0.03080	0.05301	0.06590	0.02295	0.01152	0.01081	0.00333	0.01277	0.01137	0.00554	0.01327
8	0.11241	0.02383	0.09427	0.02266	0.08510	0.01866	0.01798	0.03274	0.07854	0.07827	0.02208	0.02403	0.01701	0.00935	0.00849	0.00245	0.00923	0.00744	0.00676	0.32870
9	0.56711	0.02431	0.07730	0.01624	0.02372	0.02404	0.01485	0.08466	0.02118	0.04658	0.01583	0.01805	0.01199	0.00985	0.00713	0.00317	0.00906	0.00616	0.00655	0.01222
10	0.11035	0.02780	0.02913	0.02254	0.03055	0.03089	0.01862	0.48694	0.04499	0.06270	0.02354	0.02379	0.01678	0.01202	0.00985	0.00309	0.01094	0.00885	0.00985	0.01678
11	0.02245	0.02245	0.03143	0.02694	0.02694	0.03143	0.02245	0.02470	0.01572	0.02470	0.01347	0.02245	0.01347	0.01796	0.03368	0.00449	0.62057	0.00898	0.00449	0.01123
12	0.06690	0.04300	0.38625	0.02841	0.04096	0.02500	0.08540	0.08832	0.07132	0.03772	0.02111	0.02376	0.01523	0.01026	0.00990	0.00327	0.01391	0.00846	0.00572	0.01511
13	0.08019	0.59729	0.05079	0.01725	0.02584	0.03925	0.01706	0.03069	0.02059	0.02583	0.01427	0.01648	0.01301	0.00884	0.00657	0.00227	0.01074	0.00549	0.00454	0.01301
14	0.04436	0.02016	0.02548	0.01954	0.02754	0.01908	0.01614	0.16736	0.03388	0.45872	0.03670	0.03247	0.02350	0.01261	0.01031	0.00315	0.00934	0.01006	0.01212	0.01746
15	0.01427	0.01048	0.01336	0.01264	0.01518	0.00957	0.00948	0.01887	0.02845	0.03973	0.52045	0.07900	0.14719	0.02151	0.01211	0.00325	0.00488	0.01889	0.01111	0.00957
16	0.01302	0.00930	0.01250	0.01488	0.01570	0.00878	0.01042	0.01518	0.02016	0.02677	0.05628	0.56646	0.06674	0.03166	0.01324	0.00424	0.00640	0.09026	0.00952	0.00848
17	0.71184	0.01985	0.01508	0.01350	0.01985	0.02302	0.01111	0.03017	0.01746	0.04604	0.01429	0.01667	0.01111	0.00953	0.00635	0.00318	0.00794	0.00556	0.00635	0.01111
18	0.01293	0.00924	0.01240	0.01478	0.01556	0.00870	0.01027	0.01503	0.02007	0.02668	0.05633	0.57785	0.06694	0.03175	0.01321	0.00423	0.00632	0.07976	0.00952	0.00845
19	0.04043	0.02647	0.02939	0.02253	0.03069	0.02845	0.01861	0.44208	0.04444	0.16909	0.02783	0.02671	0.01906	0.01240	0.01028	0.00310	0.01078	0.00946	0.01076	0.01745
20	0.01783	0.00891	0.01337	0.01337	0.01337	0.00891	0.00891	0.01337	0.01337	0.01783	0.01783	0.03119	0.01783	0.03565	0.04011	0.70143	0.00891	0.00891	0.00446	0.00446
21	0.03833	0.04891	0.02908	0.02644	0.03173	0.59815	0.01983	0.04098	0.02908	0.02512	0.01586	0.01851	0.01322	0.01058	0.00925	0.00264	0.01851	0.00661	0.00529	0.01190
22	0.07506	0.01990	0.03122	0.33334	0.05208	0.02255	0.08765	0.08109	0.02331	0.03285	0.01991	0.02729	0.01548	0.01714	0.07250	0.00464	0.01453	0.00925	0.00558	0.05462
23	0.06781	0.07204	0.22454	0.02963	0.04025	0.02326	0.19611	0.03357	0.02315	0.10953	0.02438	0.06669	0.01924	0.01126	0.01043	0.00330	0.01363	0.01069	0.00627	0.01420
24	0.01480	0.01032	0.01304	0.01293	0.01378	0.01074	0.00856	0.01648	0.01723	0.02381	0.10159	0.06073	0.04180	0.39722	0.20327	0.01094	0.01429	0.01428	0.00668	0.00752
25	0.01938	0.01824	0.03078	0.61468	0.07068	0.02280	0.02850	0.02622	0.02052	0.02622	0.01824	0.02736	0.01368	0.01026	0.01026	0.00342	0.01368	0.00912	0.00456	0.01140
26	0.03833	0.04891	0.02908	0.02644	0.03173	0.59815	0.01983	0.04098	0.02908	0.02512	0.01586	0.01851	0.01322	0.01058	0.00925	0.00264	0.01851	0.00661	0.00529	0.01190
27	0.01431	0.01032	0.01353	0.01306	0.01528	0.00954	0.00967	0.01883	0.02805	0.03956	0.51542	0.13569	0.09375	0.02217	0.01221	0.00333	0.00496	0.01969	0.01111	0.00954
28	0.01250	0.00893	0.01191	0.01429	0.01488	0.00834	0.00953	0.01429	0.01965	0.02620	0.05656	0.63265	0.06787	0.03215	0.01310	0.00417	0.00595	0.02917	0.00953	0.00834
29	0.04604	0.01746	0.02382	0.01826	0.02620	0.01508	0.01508	0.05001	0.02937	0.58244	0.04049	0.03493	0.02540	0.01270	0.01032	0.00318	0.00873	0.01032	0.01270	0.01746
30	0.03901	0.02874	0.03080	0.02361	0.03182	0.03182	0.01951	0.54111	0.04825	0.06468	0.02464	0.02464	0.01745	0.01232	0.01027	0.00308	0.01129	0.00924	0.01027	0.01745
31	0.26017	0.01823	0.02101	0.01673	0.02415	0.01764	0.01381	0.04363	0.02554	0.40993	0.03206	0.02906	0.02081	0.01168	0.00904	0.00318	0.00848	0.00879	0.01066	0.01542
32	0.09087	0.02806	0.02959	0.02283	0.03090	0.03115	0.01886	0.50173	0.04588	0.06324	0.02384	0.02402	0.01696	0.01210	0.00996	0.00309	0.01103	0.00896	0.00996	0.01696
33	0.04604	0.01746	0.02382	0.01826	0.02620	0.01508	0.01508	0.05001	0.02937	0.58244	0.04049	0.03493	0.02540	0.01270	0.01032	0.00318	0.00873	0.01032	0.01270	0.01746
34	0.02744	0.64552	0.05378	0.01756	0.02634	0.04061	0.01756	0.03073	0.02085	0.02414	0.01427	0.01646	0.01317	0.00878	0.00658	0.00219	0.01097	0.00549	0.00439	0.01317
35	0.07504	0.02146	0.06689	0.07009	0.18936	0.02109	0.05330	0.02942	0.05651	0.03358	0.02323	0.02918	0.01896	0.01804	0.07400	0.00459	0.06575	0.00936	0.12719	0.01296
36	0.02829	0.02228	0.02392	0.02092	0.02710	0.02527	0.01644	0.09676	0.47164	0.08642	0.04017	0.03683	0.02966	0.01369	0.01042	0.00342	0.00845	0.01130	0.01060	0.01644
37	0.01452	0.01049	0.01372	0.01291	0.01533	0.00968	0.00968	0.01937	0.02905	0.04115	0.56992	0.07666	0.09683	0.02098	0.01210	0.00323	0.00484	0.01856	0.01130	0.00968
38	0.02540	0.02438	0.04165	0.06299	0.57533	0.02438	0.03149	0.03149	0.02337	0.03353	0.01930	0.02540	0.01626	0.00914	0.01016	0.00305	0.01219	0.00914	0.00508	0.01626
39	0.01382	0.01046	0.01274	0.01217	0.01490	0.00938	0.00913	0.01800	0.02738	0.03720	0.43285	0.08316	0.23636	0.02245	0.01211	0.00330	0.00495	0.01947	0.01078	0.00938
40	0.01783	0.00891	0.01337	0.01337	0.01337	0.00891	0.00891	0.01337	0.01337	0.01783	0.01783	0.03119	0.01783	0.03565	0.04011	0.70143	0.00891	0.00891	0.00446	0.00446
41	0.02744	0.64552	0.05378	0.01756	0.02634	0.04061	0.01756	0.03073	0.02085	0.02414	0.01427	0.01646	0.01317	0.00878	0.00658	0.00219	0.01097	0.00549	0.00439	0.01317
42	0.01372	0.01028	0.01272	0.01248	0.01493	0.00928	0.00922	0.01767	0.02660	0.03621	0.39916	0.14787	0.20518	0.02349	0.01223	0.00340	0.00506	0.02055	0.01067	0.00928
43	0.03443	0.01923	0.02307	0.01884	0.02535	0.01944	0.01515	0.12869	0.15773	0.27151	0.13135	0.04134	0.03804	0.01438	0.01065	0.00324	0.00833	0.01189	0.01151	0.01580
44	0.02889	0.02184	0.02907	0.10162	0.09914	0.02375	0.04957	0.07702	0.27646	0.12930	0.03364	0.03336	0.02456	0.01229	0.01045	0.00334	0.01013	0.01067	0.00912	0.01577
45	0.14787	0.03361	0.16903	0.03076	0.04080	0.08474	0.22741	0.03467	0.02340	0.08237	0.02028	0.02399	0.01479	0.00962	0.01008	0.00325	0.01453	0.00916	0.00586	0.01378
46	0.03176	0.02235	0.03207	0.07040	0.03549	0.02315	0.11799	0.13924	0.15479	0.17507	0.06323	0.03418	0.02663	0.01243	0.01078	0.00331	0.01089	0.01115	0.00954	0.01555
47	0.02393	0.01122	0.01281	0.01163	0.01511	0.01066	0.00899	0.02856	0.02386	0.14548	0.09181	0.04168	0.03361	0.01306	0.00832	0.00263	0.00556	0.01067	0.48928	0.01113
48	0.02460	0.03375	0.21174	0.03497	0.12962	0.02530	0.12387	0.07208	0.16437	0.03762	0.02554	0.02797	0.01913	0.01071	0.01048	0.00330	0.01297	0.00986	0.00661	0.01553
49	0.02263	0.02664	0.09044	0.02713	0.02999	0.06706	0.05727	0.02651	0.01791	0.02601	0.01613	0.02434	0.01484	0.02223	0.08802	0.00544	0.41200	0.00909	0.00468	0.01164
50	0.02553	0.02204	0.02320	0.02088	0.02669	0.02553	0.01624	0.05453	0.55679	0.04293	0.04177	0.03829	0.03133	0.01392	0.01044	0.00348	0.00812	0.01160	0.01044	0.01624
51	0.01318	0.00942	0.01269	0.01507	0.01596	0.00892	0.01071	0.01547	0.02032	0.02696	0.05618	0.54529	0.06638	0.03151	0.01328	0.00426	0.00654	0.10981	0.00951	0.00852
52	0.06968	0.02357	0.02878	0.17306	0.16527	0.09553	0.02229	0.03555	0.11357	0.08053	0.02682	0.07426	0.02225	0.01251	0.01012	0.00326	0.01162	0.01065	0.00698	0.01370
53	0.02218	0.02039	0.02867	0.02770	0.08245	0.02683	0.02072	0.02528	0.01755	0.02802	0.01761	0.02555	0.01603	0.01597	0.02652	0.00397	0.44762	0.00910	0.12639	0.01147
54	0.02245	0.02245	0.03143	0.02694	0.02694	0.03143	0.02245	0.02470	0.01572	0.02470	0.01347	0.02245	0.01347	0.01796	0.03368	0.00449	0.62057	0.00898	0.00449	0.01123
55	0.03003	0.02390	0.03103	0.09549	0.17529	0.02610	0.02237	0.18588	0.18113	0.07898	0.02840	0.02962	0.02116	0.01175	0.01029	0.00323	0.01072	0.00994	0.00852	0.01616
56	0.25746	0.31793	0.03645	0.01738	0.02524	0.03305	0.01579	0.12931	0.02503	0.03928	0.01628	0.01811	0.01331	0.00971	0.00722	0.00269	0.01003	0.00624	0.00618	0.01331
57	0.02540	0.02438	0.04165	0.06299	0.57533	0.02438	0.03149	0.03149	0.02337	0.03353	0.01930	0.02540	0.01626	0.00914	0.01016	0.00305	0.01219	0.00914	0.00508	0.01626
58	0.01728	0.01110	0.01460	0.01338	0.01628	0.01016	0.01016	0.02205	0.02908	0.08851	0.52360	0.07301	0.09058	0.02026	0.01195	0.00322	0.00518	0.01784	0.01142	0.01036
59	0.02422	0.02768	0.06055	0.04325	0.05363	0.02595	0.53806	0.03287	0.02422	0.03287	0.02076	0.02768	0.01557	0.00865	0.01211	0.00346	0.01730	0.01211	0.00519	0.01384
60	0.04319	0.01663	0.02230	0.01734	0.02469	0.01450	0.01424	0.04724	0.02854	0.52474	0.03974	0.03528	0.02550	0.01262	0.00999	0.00309	0.00831	0.01024	0.08518	0.01663
61	0.01490	0.01021	0.01299	0.01263	0.01485	0.00952	0.00934	0.01941	0.02709	0.03920	0.44680	0.13069	0.08473	0.02101	0.01158	0.00322	0.00495	0.01853	0.09883	0.00952
62	0.03535	0.09187	0.15775	0.02029	0.02953	0.01937	0.02022	0.04118	0.02664	0.34708	0.07886	0.03351	0.02745	0.01232	0.00995	0.00309	0.01014	0.00989	0.00974	0.01579
63	0.01783	0.00891	0.01337	0.01337	0.01337	0.00891	0.00891	0.01337	0.01337	0.01783	0.01783	0.03119	0.01783	0.03565	0.04011	0.70143	0.00891	0.00891	0.00446	0.00446
64	0.03833	0.04891	0.02908	0.02644	0.03173	0.59815	0.01983	0.04098	0.02908	0.02512	0.01586	0.01851	0.01322	0.01058	0.00925	0.00264	0.01851	0.00661	0.00529	0.01190
65	0.06852	0.01835	0.02086	0.01508	0.02401	0.01432	0.01209	0.02614	0.02102	0.03430	0.01797	0.02096	0.01492	0.00773	0.00751	0.00163	0.00762	0.00604	0.00610	0.65481
66	0.03708	0.02108	0.08194	0.01893	0.02688	0.01668	0.01688	0.04500	0.09638	0.39521	0.04505	0.04074	0.08280	0.01396	0.01047	0.00325	0.00896	0.01140	0.01118	0.01613
67	0.02058	0.05308	0.58618	0.02925	0.04442	0.02383	0.03792	0.03250	0.02167	0.03250	0.01842	0.02167	0.01300	0.00975	0.00975	0.00325	0.01517	0.00758	0.00433	0.01517
68	0.03309	0.01981	0.02487	0.08134	0.03123	0.01835	0.01624	0.12531	0.02885	0.23530	0.02735	0.02742	0.01910	0.01054	0.00933	0.00259	0.00930	0.00848	0.00903	0.26246
69	0.02401	0.02052	0.02322	0.01845	0.02580	0.02007	0.01470	0.07078	0.20498	0.03826	0.02638	0.02737	0.02073	0.01073	0.01039	0.00248	0.04655	0.00836	0.00775	0.37848
70	0.01431	0.01048	0.01343	0.01269	0.01520	0.00959	0.00952	0.01896	0.02855	0.03998	0.52915	0.07859	0.13833	0.02142	0.01211	0.00325	0.00487	0.01883	0.01114	0.00959
71	0.01250	0.00893	0.01191	0.01429	0.01488	0.00834	0.00953	0.01429	0.01965	0.02620	0.05656	0.63265	0.06787	0.03215	0.01310	0.00417	0.00595	0.02917	0.00953	0.00834
72	0.01272	0.00910	0.01210	0.01414	0.01493	0.00848	0.00954	0.01483	0.02064	0.02778	0.11099	0.57370	0.07094	0.03097	0.01299	0.00407	0.00584	0.02805	0.00971	0.00848
73	0.03067	0.02460	0.02610	0.02192	0.02864	0.02793	0.01749	0.24008	0.36287	0.05122	0.03524	0.03308	0.02604	0.01331	0.01037	0.00333	0.00933	0.01070	0.01037	0.01670
74	0.71184	0.01985	0.01508	0.01350	0.01985	0.02302	0.01111	0.03017	0.01746	0.04604	0.01429	0.01667	0.01111	0.00953	0.00635	0.00318	0.00794	0.00556	0.00635	0.01111
75	0.37094	0.02365	0.02261	0.01829	0.02557	0.02643	0.01509	0.25833	0.03189	0.08824	0.02054	0.02136	0.01483	0.01097	0.00834	0.00313	0.00948	0.00749	0.00849	0.01433
76	0.01487	0.01015	0.01220	0.01220	0.01255	0.01050	0.00748	0.01557	0.01522	0.02065	0.03141	0.06203	0.03508	0.53200	0.15654	0.01120	0.01330	0.01417	0.00608	0.00678
77	0.02744	0.64552	0.05378	0.01756	0.02634	0.04061	0.01756	0.03073	0.02085	0.02414	0.01427	0.01646	0.01317	0.00878	0.00658	0.00219	0.01097	0.00549	0.00439	0.01317
78	0.02479	0.02275	0.03680	0.24677	0.34570	0.02463	0.02920	0.08380	0.02504	0.03434	0.01951	0.02599	0.01550	0.00986	0.01021	0.00318	0.01260	0.00915	0.00545	0.01473
79	0.02448	0.02014	0.02549	0.18685	0.03768	0.02380	0.01954	0.12365	0.16925	0.03953	0.06167	0.03356	0.02565	0.01328	0.01258	0.00337	0.07461	0.01044	0.08100	0.01344
80	0.03689	0.01549	0.02061	0.01648	0.02297	0.01345	0.01336	0.04087	0.02868	0.42822	0.14046	0.04905	0.09593	0.01557	0.01083	0.00322	0.00767	0.01297	0.01212	0.01516
81	0.02672	0.01483	0.02200	0.08027	0.02718	0.01448	0.07945	0.03201	0.02378	0.17609	0.03203	0.03489	0.02336	0.01154	0.00894	0.00284	0.00834	0.01004	0.35885	0.01234
82	0.01291	0.00956	0.01205	0.01325	0.01480	0.00871	0.00925	0.01556	0.02253	0.02998	0.18541	0.40467	0.16688	0.02841	0.01269	0.00382	0.00555	0.02531	0.00994	0.00871
83	0.02051	0.01148	0.01490	0.01369	0.01690	0.01049	0.01038	0.02482	0.02719	0.13755	0.35563	0.13115	0.07291	0.01985	0.01137	0.00324	0.00568	0.01737	0.08397	0.01093
84	0.02744	0.64552	0.05378	0.01756	0.02634	0.04061	0.01756	0.03073	0.02085	0.02414	0.01427	0.01646	0.01317	0.00878	0.00658	0.00219	0.01097	0.00549	0.00439	0.01317
85	0.01977	0.01165	0.01516	0.01407	0.01741	0.01054	0.01084	0.02394	0.02735	0.13310	0.35054	0.12271	0.12975	0.02148	0.01201	0.00342	0.00595	0.04840	0.01109	0.01081
86	0.01938	0.01824	0.03078	0.61468	0.07068	0.02280	0.02850	0.02622	0.02052	0.02622	0.01824	0.02736	0.01368	0.01026	0.01026	0.00342	0.01368	0.00912	0.00456	0.01140
87	0.03355	0.01897	0.02491	0.02020	0.02676	0.01877	0.04735	0.10778	0.12401	0.26928	0.11809	0.04510	0.03768	0.01485	0.01096	0.00334	0.00895	0.04299	0.01110	0.01535
88	0.02345	0.01817	0.02150	0.01547	0.02448	0.01380	0.01242	0.02795	0.02199	0.08147	0.02019	0.02247	0.01609	0.00805	0.00784	0.00166	0.00770	0.00645	0.00666	0.64218
89	0.07927	0.27847	0.10495	0.03132	0.12868	0.03151	0.11344	0.06346	0.02343	0.03244	0.01738	0.02108	0.01422	0.00920	0.00873	0.00281	0.01253	0.00776	0.00517	0.01415
90	0.33551	0.03043	0.08129	0.01960	0.02700	0.15723	0.01716	0.07086	0.02451	0.12095	0.01971	0.02090	0.01437	0.01046	0.00825	0.00305	0.01153	0.00698	0.00710	0.01311

[dist]
# distance from previous block
# <min> <max>
0	17

[block]
# block no. 7 follows, 14 sequences, length 42
# corresponding to MSA columns:
# 482-523
name=unknown_H
#
# <colnr> <probs for GDERKNQSTAVLIFYWHMCP>
#	G	D	E	R	K	N	Q	S	T	A	V	L	I	F	Y	W	H	M	C	P
0	0.02734	0.01855	0.02182	0.01728	0.02387	0.01750	0.01379	0.16642	0.03153	0.11904	0.16143	0.07121	0.04026	0.01423	0.01011	0.00274	0.00798	0.01187	0.00960	0.21341
1	0.02328	0.01447	0.02053	0.01763	0.02263	0.01247	0.05159	0.02673	0.02266	0.15951	0.04140	0.30769	0.04199	0.02024	0.01113	0.00328	0.00784	0.01822	0.00917	0.16755
2	0.02622	0.10871	0.07484	0.12098	0.11121	0.02767	0.02254	0.10691	0.21821	0.03858	0.02721	0.02877	0.02078	0.01146	0.00978	0.00317	0.01090	0.00943	0.00747	0.01515
3	0.01744	0.00905	0.01308	0.01308	0.01308	0.00905	0.00855	0.01358	0.01358	0.01810	0.01977	0.03602	0.02044	0.11669	0.04173	0.60861	0.00905	0.00972	0.00469	0.00469
4	0.02829	0.11236	0.04038	0.09880	0.24189	0.10300	0.08542	0.03500	0.05327	0.07360	0.02109	0.02516	0.01662	0.00988	0.00981	0.00300	0.01313	0.00887	0.00586	0.01457
5	0.01426	0.01028	0.01348	0.01309	0.01527	0.00951	0.00966	0.01870	0.02781	0.03919	0.50246	0.14972	0.09302	0.02245	0.01223	0.00335	0.00499	0.01995	0.01106	0.00951
6	0.31032	0.02310	0.02247	0.01803	0.02548	0.02507	0.01476	0.22487	0.06102	0.05099	0.02042	0.02166	0.01532	0.01054	0.00827	0.00290	0.00917	0.00739	0.00803	0.12018
7	0.04604	0.01746	0.02382	0.01826	0.02620	0.01508	0.01508	0.05001	0.02937	0.58244	0.04049	0.03493	0.02540	0.01270	0.01032	0.00318	0.00873	0.01032	0.01270	0.01746
8	0.02744	0.64552	0.05378	0.01756	0.02634	0.04061	0.01756	0.03073	0.02085	0.02414	0.01427	0.01646	0.01317	0.00878	0.00658	0.00219	0.01097	0.00549	0.00439	0.01317
