[name]
unknown

[dist]
# distance from previous block
# <min> <max>
1	96

[block]
# block no. 0 follows, 14 sequences, length 15
# corresponding to MSA columns:
# 116-130
name=unknown_A
#
# <colnr> <probs for GDERKNQSTAVLIFYWHMCP>
#	G	D	E	R	K	N	Q	S	T	A	V	L	I	F	Y	W	H	M	C	P
0	0.02277	0.01275	0.01663	0.01643	0.01951	0.01209	0.01235	0.06391	0.02454	0.15875	0.05013	0.39031	0.05317	0.02569	0.01235	0.00391	0.00739	0.07570	0.01031	0.01128
1	0.01616	0.01156	0.01601	0.01778	0.02015	0.01141	0.01525	0.02091	0.02464	0.03267	0.15096	0.10843	0.06614	0.02697	0.01379	0.00444	0.00859	0.41486	0.00980	0.00949
2	0.02447	0.01437	0.01766	0.01543	0.02003	0.01380	0.01204	0.03312	0.12252	0.18199	0.28059	0.06152	0.12356	0.01815	0.01134	0.00329	0.00649	0.01553	0.01130	0.01277
3	0.02198	0.02089	0.03548	0.37623	0.28880	0.02348	0.02979	0.02850	0.02175	0.02938	0.01870	0.02651	0.01479	0.00978	0.01022	0.00326	0.01304	0.00913	0.00478	0.01350
4	0.02058	0.05308	0.58618	0.02925	0.04442	0.02383	0.03792	0.03250	0.02167	0.03250	0.01842	0.02167	0.01300	0.00975	0.00975	0.00325	0.01517	0.00758	0.00433	0.01517
5	0.01670	0.01008	0.01348	0.01466	0.01628	0.00925	0.01021	0.01898	0.02153	0.09436	0.09341	0.51860	0.06494	0.02896	0.01269	0.00398	0.00620	0.02610	0.01004	0.00954
6	0.01492	0.00995	0.01119	0.01119	0.01119	0.00995	0.00622	0.01492	0.01492	0.01990	0.03233	0.06716	0.03731	0.63935	0.05223	0.00995	0.00995	0.01492	0.00622	0.00622
7	0.11334	0.07395	0.02696	0.13220	0.06986	0.02096	0.01808	0.03792	0.07877	0.22366	0.07691	0.03310	0.02678	0.01214	0.00966	0.00316	0.00959	0.00988	0.00880	0.01428
8	0.01283	0.00937	0.01151	0.01305	0.01408	0.00866	0.00866	0.01448	0.01957	0.02545	0.06145	0.43947	0.15716	0.13099	0.01936	0.00499	0.00647	0.02542	0.00898	0.00805
9	0.12047	0.01760	0.02172	0.01728	0.02414	0.01664	0.01411	0.08616	0.02956	0.38270	0.12311	0.03869	0.03474	0.01365	0.01013	0.00318	0.00822	0.01101	0.01149	0.01542
10	0.02361	0.02425	0.11248	0.15954	0.03805	0.02186	0.02187	0.17163	0.02903	0.03978	0.09797	0.03493	0.02837	0.02475	0.12071	0.00572	0.01460	0.01057	0.00726	0.01306
11	0.02299	0.02481	0.10053	0.02330	0.06297	0.06317	0.01945	0.11680	0.02834	0.03779	0.13990	0.05397	0.10658	0.01752	0.01355	0.00349	0.07221	0.07205	0.00814	0.01243
12	0.03772	0.01975	0.02780	0.06608	0.03206	0.01917	0.06282	0.10571	0.07116	0.35324	0.06751	0.03525	0.02748	0.01271	0.01059	0.00323	0.00990	0.01086	0.01086	0.01611
13	0.02157	0.02934	0.16020	0.11351	0.04561	0.02496	0.21192	0.02897	0.02080	0.02946	0.01908	0.02645	0.01525	0.01705	0.06806	0.00478	0.13532	0.01001	0.00481	0.01286
14	0.02901	0.02525	0.10292	0.15026	0.19962	0.02174	0.09390	0.03572	0.02433	0.17818	0.02483	0.02816	0.01772	0.01031	0.01043	0.00323	0.01259	0.00965	0.00694	0.01520

[dist]
# distance from previous block
# <min> <max>
6	15

[block]
# block no. 1 follows, 14 sequences, length 8
# corresponding to MSA columns:
# 148-155
name=unknown_B
#
# <colnr> <probs for GDERKNQSTAVLIFYWHMCP>
#	G	D	E	R	K	N	Q	S	T	A	V	L	I	F	Y	W	H	M	C	P
0	0.06802	0.01421	0.01526	0.01480	0.01713	0.01541	0.01015	0.02805	0.18167	0.02980	0.03764	0.14159	0.03829	0.30924	0.03012	0.00659	0.00863	0.01542	0.00803	0.00996
1	0.02320	0.02347	0.02935	0.43379	0.05798	0.11027	0.02529	0.03283	0.10481	0.02864	0.02152	0.02771	0.01634	0.01087	0.01014	0.00331	0.01355	0.00912	0.00558	0.01222
2	0.03153	0.01679	0.02072	0.01810	0.02359	0.01666	0.01408	0.04269	0.18968	0.28026	0.04481	0.18186	0.03760	0.01783	0.01104	0.00351	0.00787	0.01532	0.01123	0.01486
3	0.02063	0.02194	0.04567	0.03439	0.04177	0.02056	0.37630	0.02718	0.02282	0.03083	0.03172	0.21283	0.03158	0.01584	0.01241	0.00368	0.01383	0.01733	0.00652	0.01216
4	0.02284	0.02452	0.04988	0.21977	0.10194	0.02486	0.34027	0.03072	0.02302	0.03089	0.01987	0.02739	0.01505	0.00918	0.01138	0.00341	0.01577	0.01095	0.00499	0.01329
5	0.01783	0.00891	0.01337	0.01337	0.01337	0.00891	0.00891	0.01337	0.01337	0.01783	0.01783	0.03119	0.01783	0.03565	0.04011	0.70143	0.00891	0.00891	0.00446	0.00446
6	0.01471	0.01081	0.01558	0.01558	0.01710	0.01233	0.01169	0.01774	0.01622	0.02315	0.02832	0.04494	0.02766	0.17395	0.50445	0.01536	0.02446	0.01167	0.00562	0.00865
7	0.01552	0.00968	0.01177	0.01177	0.01214	0.00950	0.00721	0.01443	0.01534	0.02009	0.03543	0.05947	0.08749	0.39008	0.04430	0.22089	0.00913	0.01379	0.00603	0.00594

[dist]
# distance from previous block
# <min> <max>
0	13

[block]
# block no. 2 follows, 14 sequences, length 11
# corresponding to MSA columns:
# 169-179
name=unknown_C
#
# <colnr> <probs for GDERKNQSTAVLIFYWHMCP>
#	G	D	E	R	K	N	Q	S	T	A	V	L	I	F	Y	W	H	M	C	P
0	0.02429	0.02151	0.03563	0.15845	0.39543	0.02206	0.02773	0.03007	0.02320	0.06493	0.02827	0.03318	0.06801	0.01114	0.01037	0.00316	0.01161	0.01038	0.00586	0.01471
1	0.02843	0.02817	0.02799	0.02672	0.06770	0.20068	0.01984	0.03151	0.02187	0.07932	0.01983	0.02594	0.01699	0.02533	0.12571	0.00589	0.22152	0.00876	0.00576	0.01203
2	0.02697	0.03003	0.02906	0.03201	0.15131	0.25105	0.05704	0.03038	0.02409	0.02720	0.02633	0.13886	0.02683	0.08544	0.01525	0.00390	0.01371	0.01267	0.00612	0.01173
3	0.01386	0.00944	0.01294	0.01431	0.01501	0.00946	0.00978	0.01504	0.01774	0.02402	0.04336	0.38114	0.04996	0.10066	0.13724	0.09796	0.01102	0.02152	0.00774	0.00779
4	0.01940	0.01282	0.01580	0.01570	0.01844	0.01262	0.01143	0.07041	0.06457	0.08662	0.11036	0.38731	0.08262	0.02553	0.01221	0.00378	0.00672	0.02265	0.01017	0.01082
5	0.14469	0.01980	0.09097	0.07412	0.02648	0.01696	0.01605	0.02736	0.08462	0.03868	0.24812	0.05102	0.09012	0.01595	0.01038	0.00329	0.00801	0.01327	0.00860	0.01149
6	0.02582	0.03689	0.29165	0.02402	0.03404	0.02401	0.02584	0.20246	0.02948	0.04115	0.02309	0.03102	0.01897	0.12605	0.01771	0.00442	0.01289	0.00949	0.00670	0.01430
7	0.01714	0.01266	0.01543	0.01539	0.01821	0.01242	0.01188	0.08548	0.02702	0.03598	0.18669	0.23693	0.14606	0.02513	0.01253	0.00378	0.00690	0.11023	0.01005	0.01011
8	0.03182	0.02142	0.02376	0.01972	0.02633	0.02288	0.01580	0.18293	0.23583	0.16044	0.04486	0.04168	0.09652	0.01479	0.01059	0.00330	0.00875	0.01199	0.01075	0.01585
9	0.09769	0.02623	0.08887	0.02093	0.02896	0.02415	0.01872	0.27784	0.03640	0.15115	0.09686	0.03222	0.02815	0.01296	0.01009	0.00314	0.01011	0.01012	0.00981	0.01559
10	0.02814	0.08249	0.03704	0.04055	0.26217	0.07051	0.02483	0.11309	0.05842	0.03590	0.01970	0.02419	0.01633	0.01168	0.01427	0.00325	0.12772	0.00876	0.00607	0.01489

[dist]
# distance from previous block
# <min> <max>
0	9

[block]
# block no. 3 follows, 14 sequences, length 35
# corresponding to MSA columns:
# 189-223
name=unknown_D
#
# <colnr> <probs for GDERKNQSTAVLIFYWHMCP>
#	G	D	E	R	K	N	Q	S	T	A	V	L	I	F	Y	W	H	M	C	P
0	0.13868	0.02219	0.08248	0.02739	0.13459	0.01919	0.01972	0.03694	0.06945	0.20473	0.03218	0.08869	0.02626	0.01392	0.01007	0.00336	0.00968	0.03721	0.00866	0.01460
1	0.09033	0.01985	0.02784	0.21939	0.04256	0.02152	0.05982	0.03794	0.14542	0.13507	0.02756	0.02979	0.01992	0.01114	0.00988	0.00321	0.01074	0.00956	0.00775	0.07071
2	0.01693	0.01734	0.10451	0.01704	0.02067	0.01236	0.01450	0.02187	0.05094	0.06393	0.04653	0.41412	0.05167	0.07827	0.01558	0.00441	0.00807	0.02229	0.00868	0.01029
3	0.17142	0.01682	0.02050	0.01648	0.02323	0.01578	0.01345	0.04126	0.02699	0.39139	0.11947	0.03798	0.03395	0.01339	0.00983	0.00318	0.00796	0.01070	0.01123	0.01498
4	0.02925	0.02343	0.03048	0.28498	0.09412	0.07697	0.02398	0.11356	0.02707	0.12201	0.02239	0.02683	0.01632	0.01142	0.01170	0.00329	0.05245	0.00909	0.00688	0.01379
5	0.01518	0.01127	0.01441	0.01463	0.01714	0.01017	0.01079	0.01825	0.02175	0.03011	0.13909	0.29245	0.06005	0.08832	0.01627	0.00427	0.00701	0.10114	0.00894	0.11877
6	0.20474	0.01254	0.01269	0.01235	0.01432	0.01330	0.00829	0.01928	0.01701	0.02908	0.07384	0.08818	0.03566	0.32550	0.03275	0.06414	0.00862	0.01312	0.00676	0.00784
7	0.23676	0.01672	0.01790	0.01650	0.02141	0.01805	0.01315	0.03390	0.12458	0.12491	0.06249	0.10184	0.03345	0.02171	0.06345	0.00470	0.00965	0.05746	0.00895	0.01242
8	0.01669	0.00912	0.01279	0.01304	0.01310	0.00905	0.00845	0.01377	0.01435	0.01913	0.02481	0.10261	0.02700	0.15350	0.03959	0.49138	0.00880	0.01226	0.00534	0.00522
9	0.02702	0.01297	0.01755	0.01619	0.02026	0.01167	0.01256	0.03046	0.02548	0.25764	0.12719	0.24960	0.05387	0.02207	0.01192	0.00368	0.00729	0.06907	0.01109	0.01241
10	0.01851	0.01082	0.01412	0.01467	0.01680	0.00996	0.01056	0.02093	0.02179	0.11520	0.08164	0.37069	0.09161	0.09043	0.01667	0.00456	0.00700	0.06450	0.00978	0.00976
11	0.02658	0.01936	0.03100	0.07463	0.30289	0.01910	0.02385	0.03172	0.02410	0.13953	0.03215	0.09373	0.02912	0.01493	0.01109	0.00346	0.01063	0.09007	0.00762	0.01445
12	0.02202	0.02169	0.03209	0.15633	0.07893	0.02903	0.02446	0.02555	0.01734	0.02571	0.01495	0.02374	0.01373	0.01562	0.02681	0.00415	0.44262	0.00902	0.00455	0.01165
13	0.02264	0.02301	0.03455	0.02869	0.02980	0.03085	0.07764	0.02557	0.01663	0.02557	0.01425	0.02301	0.01370	0.01696	0.03137	0.00438	0.55600	0.00932	0.00457	0.01151
14	0.03030	0.02380	0.02572	0.02183	0.02829	0.02674	0.01766	0.25805	0.28330	0.05088	0.03582	0.04077	0.02839	0.01478	0.01077	0.00344	0.00961	0.06354	0.01026	0.01603
15	0.01410	0.01019	0.01188	0.01257	0.01388	0.00966	0.00861	0.01571	0.01903	0.02438	0.05725	0.16383	0.18049	0.30617	0.03081	0.00670	0.00809	0.09098	0.00801	0.00762
16	0.01305	0.01009	0.01203	0.01319	0.01541	0.00907	0.00982	0.01580	0.02240	0.02835	0.10471	0.29036	0.28957	0.02827	0.01278	0.00389	0.00609	0.09678	0.00961	0.00872
17	0.03612	0.02546	0.02744	0.02153	0.02889	0.02792	0.01763	0.41850	0.08369	0.08826	0.02782	0.02779	0.01996	0.01242	0.00994	0.00304	0.01018	0.00952	0.08743	0.01647
18	0.01479	0.01047	0.01385	0.01385	0.01477	0.01139	0.00954	0.01663	0.01571	0.02187	0.02990	0.05368	0.03146	0.35700	0.32658	0.01323	0.01875	0.01295	0.00586	0.00770
19	0.02574	0.01734	0.01995	0.01741	0.02190	0.01821	0.01370	0.20451	0.03049	0.08345	0.04127	0.10419	0.08702	0.09101	0.07906	0.00550	0.01093	0.05424	0.06175	0.01234
20	0.15479	0.01242	0.01442	0.01476	0.01765	0.01228	0.01072	0.02307	0.02077	0.11846	0.04573	0.41705	0.05001	0.02463	0.01134	0.00382	0.00678	0.02155	0.00941	0.01033
21	0.01528	0.01059	0.01588	0.01588	0.01735	0.01206	0.01206	0.01735	0.01588	0.02265	0.02560	0.03853	0.02412	0.06887	0.48929	0.15063	0.02385	0.01059	0.00529	0.00824
22	0.01860	0.01360	0.01638	0.01717	0.02013	0.01439	0.01384	0.02905	0.15844	0.03432	0.04813	0.16569	0.04813	0.02264	0.01193	0.00394	0.00781	0.22459	0.12020	0.01102
23	0.14977	0.01588	0.01921	0.01569	0.02186	0.01494	0.01271	0.03875	0.02659	0.34464	0.13058	0.03967	0.03592	0.01359	0.00968	0.00311	0.00753	0.01093	0.07468	0.01427
24	0.71184	0.01985	0.01508	0.01350	0.01985	0.02302	0.01111	0.03017	0.01746	0.04604	0.01429	0.01667	0.01111	0.00953	0.00635	0.00318	0.00794	0.00556	0.00635	0.01111
25	0.01429	0.00968	0.01138	0.01200	0.01216	0.00953	0.00709	0.01476	0.01616	0.02155	0.03868	0.21539	0.04532	0.48019	0.04197	0.00843	0.00890	0.01866	0.00709	0.00677
26	0.01427	0.01048	0.01336	0.01264	0.01517	0.00957	0.00948	0.01887	0.02844	0.03971	0.52005	0.07902	0.14760	0.02152	0.01211	0.00325	0.00488	0.01889	0.01111	0.00957
27	0.12360	0.01685	0.01936	0.01770	0.02205	0.01802	0.01401	0.15340	0.02728	0.08646	0.03621	0.19048	0.03574	0.02895	0.10433	0.00568	0.01161	0.06732	0.00888	0.01206
28	0.01492	0.00995	0.01119	0.01119	0.01119	0.00995	0.00622	0.01492	0.01492	0.01990	0.03233	0.06716	0.03731	0.63935	0.05223	0.00995	0.00995	0.01492	0.00622	0.00622
29	0.01452	0.01049	0.01372	0.01291	0.01533	0.00968	0.00968	0.01937	0.02905	0.04115	0.56992	0.07666	0.09683	0.02098	0.01210	0.00323	0.00484	0.01856	0.01130	0.00968
30	0.01250	0.00893	0.01191	0.01429	0.01488	0.00834	0.00953	0.01429	0.01965	0.02620	0.05656	0.63265	0.06787	0.03215	0.01310	0.00417	0.00595	0.02917	0.00953	0.00834
31	0.03043	0.02410	0.02706	0.02481	0.07056	0.02678	0.01831	0.26680	0.24208	0.05049	0.03363	0.08208	0.02708	0.01440	0.01057	0.00333	0.00967	0.01186	0.00987	0.01611
32	0.01250	0.00893	0.01191	0.01429	0.01488	0.00834	0.00953	0.01429	0.01965	0.02620	0.05656	0.63265	0.06787	0.03215	0.01310	0.00417	0.00595	0.02917	0.00953	0.00834
33	0.02173	0.02325	0.07797	0.36235	0.25789	0.02347	0.03035	0.02869	0.02168	0.02945	0.01865	0.02618	0.01459	0.00980	0.01018	0.00327	0.01324	0.00901	0.00474	0.01351
34	0.02616	0.02418	0.03937	0.11797	0.46521	0.02498	0.02994	0.08354	0.02563	0.03596	0.01974	0.02553	0.01610	0.00959	0.01018	0.00309	0.01226	0.00915	0.00556	0.01586

[dist]
# distance from previous block
# <min> <max>
0	1

[block]
# block no. 4 follows, 14 sequences, length 45
# corresponding to MSA columns:
# 225-269
name=unknown_E
#
# <colnr> <probs for GDERKNQSTAVLIFYWHMCP>
#	G	D	E	R	K	N	Q	S	T	A	V	L	I	F	Y	W	H	M	C	P
0	0.65213	0.01971	0.01644	0.06533	0.02423	0.02300	0.01261	0.02983	0.01773	0.04433	0.01463	0.01759	0.01134	0.00959	0.00669	0.00320	0.00843	0.00586	0.00620	0.01114
1	0.01583	0.01236	0.01793	0.18278	0.03151	0.01328	0.01593	0.02010	0.02169	0.02908	0.07980	0.24152	0.08630	0.02256	0.01193	0.00382	0.00859	0.11460	0.06077	0.00962
2	0.01469	0.01089	0.01594	0.01594	0.01758	0.01253	0.01214	0.01797	0.01633	0.02341	0.02799	0.04311	0.02687	0.13556	0.54175	0.01581	0.02566	0.01140	0.00557	0.00886
3	0.02103	0.01846	0.06152	0.02258	0.08015	0.01648	0.01655	0.03141	0.15286	0.07423	0.08690	0.21818	0.04521	0.01956	0.01135	0.00354	0.00823	0.04795	0.00908	0.05474
4	0.01617	0.01322	0.01940	0.01852	0.02000	0.01644	0.01470	0.01956	0.01634	0.02399	0.02476	0.03684	0.02329	0.06549	0.48883	0.01416	0.14280	0.01060	0.00530	0.00956
5	0.02422	0.02768	0.06055	0.04325	0.05363	0.02595	0.53806	0.03287	0.02422	0.03287	0.02076	0.02768	0.01557	0.00865	0.01211	0.00346	0.01730	0.01211	0.00519	0.01384
6	0.01492	0.00995	0.01119	0.01119	0.01119	0.00995	0.00622	0.01492	0.01492	0.01990	0.03233	0.06716	0.03731	0.63935	0.05223	0.00995	0.00995	0.01492	0.00622	0.00622
7	0.31745	0.02066	0.02339	0.01874	0.02606	0.02162	0.04958	0.09215	0.06508	0.22952	0.02676	0.02607	0.01844	0.01116	0.00880	0.00321	0.00921	0.00846	0.00914	0.01450
8	0.02496	0.02829	0.05248	0.03880	0.04677	0.07079	0.39817	0.03190	0.02294	0.03069	0.01897	0.02596	0.01498	0.01061	0.01609	0.00360	0.13468	0.01108	0.00506	0.01318
9	0.01477	0.01056	0.01431	0.01431	0.01539	0.01164	0.01011	0.01693	0.01585	0.02221	0.02948	0.05136	0.03045	0.30844	0.37377	0.01380	0.02027	0.01261	0.00579	0.00795
10	0.09135	0.01763	0.02322	0.01793	0.02576	0.01562	0.01481	0.04866	0.02856	0.54594	0.03870	0.03369	0.02443	0.01249	0.01005	0.00318	0.00868	0.01000	0.01227	0.01703
11	0.01783	0.00891	0.01337	0.01337	0.01337	0.00891	0.00891	0.01337	0.01337	0.01783	0.01783	0.03119	0.01783	0.03565	0.04011	0.70143	0.00891	0.00891	0.00446	0.00446
12	0.02553	0.02204	0.02320	0.02088	0.02669	0.02553	0.01624	0.05453	0.55679	0.04293	0.04177	0.03829	0.03133	0.01392	0.01044	0.00348	0.00812	0.01160	0.01044	0.01624
13	0.02245	0.02245	0.03143	0.02694	0.02694	0.03143	0.02245	0.02470	0.01572	0.02470	0.01347	0.02245	0.01347	0.01796	0.03368	0.00449	0.62057	0.00898	0.00449	0.01123
14	0.01577	0.01144	0.01554	0.01766	0.02000	0.01122	0.01509	0.02005	0.02330	0.03005	0.05968	0.15353	0.11309	0.02839	0.01388	0.00455	0.00874	0.41927	0.00946	0.00928
15	0.01452	0.01247	0.01268	0.01226	0.01615	0.01167	0.00930	0.02182	0.11842	0.03043	0.09288	0.08799	0.47499	0.02384	0.01183	0.00347	0.00572	0.01987	0.00969	0.01001
16	0.01266	0.00984	0.01152	0.01233	0.01450	0.00870	0.00878	0.01529	0.02282	0.02926	0.15962	0.30501	0.29780	0.02761	0.01251	0.00370	0.00544	0.02412	0.00981	0.00870
17	0.02439	0.01224	0.01656	0.01603	0.01943	0.01109	0.01218	0.02746	0.02407	0.21500	0.08945	0.33258	0.05478	0.02435	0.01221	0.00382	0.00719	0.07481	0.01072	0.01163
18	0.02082	0.01393	0.01606	0.01453	0.01861	0.01361	0.01106	0.02971	0.14024	0.11499	0.19830	0.06815	0.20935	0.06705	0.01456	0.00386	0.00662	0.01650	0.01040	0.01167
19	0.01755	0.01440	0.01595	0.01487	0.01875	0.01477	0.01135	0.02994	0.20706	0.03770	0.24941	0.07026	0.21771	0.02009	0.01155	0.00339	0.00607	0.01713	0.01047	0.01161
20	0.01775	0.01397	0.01529	0.01488	0.01744	0.01481	0.01039	0.02828	0.20141	0.02987	0.04963	0.15303	0.11602	0.24132	0.02599	0.00589	0.00801	0.01705	0.00866	0.01032
21	0.01476	0.01066	0.01413	0.01557	0.01748	0.01023	0.01231	0.01839	0.02324	0.03085	0.15770	0.22675	0.10648	0.06096	0.01544	0.00449	0.00743	0.23446	0.00966	0.00899
22	0.02268	0.02130	0.03199	0.02348	0.03245	0.01867	0.15238	0.03190	0.10030	0.03468	0.02235	0.02546	0.01765	0.00880	0.00921	0.00232	0.01025	0.00849	0.00648	0.41916
23	0.13370	0.02565	0.02646	0.02140	0.02869	0.02885	0.01740	0.33587	0.18024	0.05612	0.02772	0.02714	0.02025	0.01234	0.00974	0.00320	0.00995	0.00934	0.00974	0.01620
24	0.03545	0.02615	0.02871	0.02257	0.02985	0.02905	0.01853	0.46473	0.04361	0.05871	0.02505	0.02693	0.01865	0.02176	0.09624	0.00504	0.01366	0.00950	0.00957	0.01624
25	0.01869	0.01060	0.01229	0.01187	0.01312	0.01032	0.00751	0.01999	0.01780	0.08188	0.03494	0.09580	0.03627	0.43349	0.03806	0.00765	0.00873	0.01450	0.11842	0.00807
26	0.01943	0.01697	0.01540	0.01477	0.01627	0.09770	0.00968	0.02308	0.07355	0.02331	0.03060	0.05530	0.03241	0.44585	0.07703	0.00863	0.01215	0.01311	0.00648	0.00828
27	0.01427	0.01048	0.01337	0.01265	0.01518	0.00958	0.00949	0.01888	0.02846	0.03975	0.52137	0.07896	0.14625	0.02150	0.01211	0.00325	0.00488	0.01888	0.01111	0.00958
28	0.04014	0.02693	0.02967	0.02275	0.03092	0.02912	0.01879	0.46190	0.04520	0.14819	0.02719	0.02630	0.01873	0.01238	0.01027	0.00310	0.01088	0.00941	0.01066	0.01745
29	0.03521	0.04408	0.02700	0.02497	0.02969	0.52683	0.01858	0.03775	0.02794	0.02525	0.02078	0.09277	0.01983	0.01318	0.00972	0.00283	0.01699	0.00934	0.00580	0.01147
30	0.01293	0.01014	0.01170	0.01192	0.01451	0.00891	0.00871	0.01605	0.02438	0.03151	0.23636	0.19569	0.32932	0.02566	0.01231	0.00353	0.00524	0.02218	0.01007	0.00891
31	0.01418	0.00964	0.01141	0.01214	0.01233	0.00945	0.00724	0.01473	0.01638	0.02183	0.03978	0.24099	0.04670	0.45269	0.04020	0.00817	0.00872	0.01930	0.00724	0.00687
32	0.02543	0.13211	0.36236	0.02750	0.04004	0.02797	0.06839	0.13116	0.02691	0.03757	0.01920	0.02194	0.01408	0.01003	0.00957	0.00308	0.01397	0.00794	0.00556	0.01522
33	0.71184	0.01985	0.01508	0.01350	0.01985	0.02302	0.01111	0.03017	0.01746	0.04604	0.01429	0.01667	0.01111	0.00953	0.00635	0.00318	0.00794	0.00556	0.00635	0.01111
34	0.01323	0.01022	0.01226	0.01358	0.01584	0.00925	0.01031	0.01603	0.02219	0.02787	0.07717	0.28060	0.29002	0.02857	0.01290	0.00398	0.00639	0.13135	0.00951	0.00873
35	0.01215	0.01029	0.01050	0.01067	0.01393	0.00864	0.00792	0.01470	0.02313	0.02762	0.10066	0.13597	0.53609	0.02642	0.01220	0.00351	0.00525	0.02218	0.00953	0.00864
36	0.01783	0.00891	0.01337	0.01337	0.01337	0.00891	0.00891	0.01337	0.01337	0.01783	0.01783	0.03119	0.01783	0.03565	0.04011	0.70143	0.00891	0.00891	0.00446	0.00446
37	0.01487	0.01015	0.01222	0.01222	0.01258	0.01051	0.00750	0.01558	0.01523	0.02066	0.03139	0.06194	0.03504	0.53001	0.15848	0.01122	0.01336	0.01416	0.00608	0.00679
38	0.01349	0.00982	0.01270	0.01331	0.01503	0.00904	0.00948	0.01687	0.02464	0.03381	0.31769	0.31414	0.11963	0.02609	0.01253	0.00364	0.00534	0.02329	0.01041	0.00904
39	0.01350	0.00935	0.01161	0.01301	0.01336	0.00900	0.00816	0.01455	0.01770	0.02360	0.04659	0.39990	0.05529	0.28207	0.02921	0.00655	0.00760	0.02331	0.00816	0.00746
40	0.02128	0.01824	0.02128	0.01520	0.02432	0.01368	0.01216	0.02584	0.02128	0.03344	0.01824	0.02128	0.01520	0.00760	0.00760	0.00152	0.00760	0.00608	0.00608	0.70208
41	0.02688	0.01457	0.01793	0.01591	0.02023	0.01424	0.01209	0.03505	0.12546	0.21167	0.12709	0.13324	0.04556	0.08234	0.01516	0.00403	0.00741	0.01507	0.06320	0.01287
42	0.02370	0.01413	0.01712	0.01557	0.01869	0.01400	0.01142	0.10158	0.02519	0.12911	0.08475	0.15687	0.04421	0.23126	0.02550	0.00576	0.00877	0.05236	0.00922	0.01080
43	0.01244	0.00917	0.01166	0.01366	0.01472	0.00839	0.00925	0.01436	0.02025	0.02644	0.06421	0.54654	0.14905	0.03116	0.01294	0.00405	0.00583	0.02796	0.00953	0.00839
44	0.01388	0.01046	0.01283	0.01224	0.01494	0.00941	0.00918	0.01812	0.02753	0.03755	0.44486	0.08259	0.22414	0.02232	0.01211	0.00329	0.00494	0.01939	0.01082	0.00941

[dist]
# distance from previous block
# <min> <max>
0	18

[block]
# block no. 5 follows, 14 sequences, length 38
# corresponding to MSA columns:
# 288-325
name=unknown_F
#
# <colnr> <probs for GDERKNQSTAVLIFYWHMCP>
#	G	D	E	R	K	N	Q	S	T	A	V	L	I	F	Y	W	H	M	C	P
0	0.01448	0.01138	0.01291	0.01238	0.01532	0.01061	0.00915	0.02001	0.06997	0.03387	0.28458	0.08188	0.28502	0.07489	0.01537	0.00392	0.00570	0.01896	0.01005	0.00952
1	0.02364	0.01377	0.01690	0.01491	0.01884	0.01327	0.01126	0.03086	0.10341	0.16780	0.24635	0.06098	0.09315	0.11785	0.01789	0.00435	0.00711	0.01518	0.01057	0.01189
2	0.03833	0.04891	0.02908	0.02644	0.03173	0.59815	0.01983	0.04098	0.02908	0.02512	0.01586	0.01851	0.01322	0.01058	0.00925	0.00264	0.01851	0.00661	0.00529	0.01190
3	0.02744	0.64552	0.05378	0.01756	0.02634	0.04061	0.01756	0.03073	0.02085	0.02414	0.01427	0.01646	0.01317	0.00878	0.00658	0.00219	0.01097	0.00549	0.00439	0.01317
4	0.01523	0.01100	0.01185	0.01130	0.01505	0.00931	0.00860	0.01817	0.02444	0.07603	0.14351	0.09122	0.47918	0.02438	0.01197	0.00342	0.00546	0.02040	0.00997	0.00951
5	0.02344	0.01239	0.01612	0.01574	0.01908	0.01180	0.01279	0.02738	0.02376	0.15812	0.07632	0.07483	0.04506	0.10219	0.01697	0.00456	0.00825	0.21070	0.12961	0.01090
6	0.04604	0.01746	0.02382	0.01826	0.02620	0.01508	0.01508	0.05001	0.02937	0.58244	0.04049	0.03493	0.02540	0.01270	0.01032	0.00318	0.00873	0.01032	0.01270	0.01746
7	0.01466	0.01100	0.01649	0.01649	0.01833	0.01283	0.01283	0.01833	0.01649	0.02382	0.02749	0.04032	0.02566	0.07697	0.59868	0.01649	0.02749	0.01100	0.00550	0.00916
8	0.01322	0.00961	0.01254	0.01408	0.01543	0.00893	0.01001	0.01593	0.02219	0.02971	0.16331	0.43235	0.11536	0.02907	0.01291	0.00397	0.00596	0.06685	0.00987	0.00873
9	0.03313	0.01474	0.01810	0.01491	0.02015	0.01379	0.01175	0.07045	0.02645	0.30312	0.03618	0.03873	0.02642	0.07766	0.01360	0.00361	0.00768	0.01047	0.24547	0.01359
10	0.71184	0.01985	0.01508	0.01350	0.01985	0.02302	0.01111	0.03017	0.01746	0.04604	0.01429	0.01667	0.01111	0.00953	0.00635	0.00318	0.00794	0.00556	0.00635	0.01111
11	0.01791	0.01406	0.01987	0.02595	0.17187	0.01406	0.01342	0.01964	0.01733	0.02378	0.02862	0.05526	0.03131	0.45985	0.04025	0.00798	0.01059	0.01328	0.00589	0.00908
12	0.01743	0.01063	0.01239	0.01205	0.01323	0.01017	0.00752	0.01823	0.01760	0.07548	0.04262	0.11501	0.09431	0.46389	0.04072	0.00813	0.00900	0.01638	0.00747	0.00774
13	0.01471	0.00998	0.01113	0.01113	0.01140	0.00985	0.00634	0.01491	0.01557	0.02049	0.03780	0.06957	0.07801	0.59258	0.04917	0.00945	0.00959	0.01544	0.00647	0.00640
14	0.71184	0.01985	0.01508	0.01350	0.01985	0.02302	0.01111	0.03017	0.01746	0.04604	0.01429	0.01667	0.01111	0.00953	0.00635	0.00318	0.00794	0.00556	0.00635	0.01111
15	0.02001	0.01888	0.03191	0.55725	0.12321	0.02296	0.02881	0.02677	0.02082	0.02698	0.01835	0.02716	0.01395	0.01014	0.01025	0.00338	0.01352	0.00912	0.00461	0.01191
16	0.02553	0.02204	0.02320	0.02088	0.02669	0.02553	0.01624	0.05453	0.55679	0.04293	0.04177	0.03829	0.03133	0.01392	0.01044	0.00348	0.00812	0.01160	0.01044	0.01624
17	0.02128	0.01824	0.02128	0.01520	0.02432	0.01368	0.01216	0.02584	0.02128	0.03344	0.01824	0.02128	0.01520	0.00760	0.00760	0.00152	0.00760	0.00608	0.00608	0.70208
18	0.01250	0.00893	0.01191	0.01429	0.01488	0.00834	0.00953	0.01429	0.01965	0.02620	0.05656	0.63265	0.06787	0.03215	0.01310	0.00417	0.00595	0.02917	0.00953	0.00834
19	0.01213	0.01040	0.01040	0.01040	0.01386	0.00866	0.00780	0.01473	0.02339	0.02772	0.10396	0.09876	0.57117	0.02599	0.01213	0.00347	0.00520	0.02166	0.00953	0.00866
20	0.02647	0.02294	0.03931	0.05415	0.45001	0.02255	0.06342	0.03226	0.02376	0.08593	0.02387	0.06591	0.02044	0.01095	0.01050	0.00316	0.01181	0.01076	0.00611	0.01569
21	0.01237	0.00944	0.01138	0.01293	0.01453	0.00845	0.00892	0.01444	0.02096	0.02673	0.07312	0.44611	0.24373	0.03000	0.01276	0.00392	0.00569	0.02655	0.00953	0.00845
22	0.03901	0.02874	0.03080	0.02361	0.03182	0.03182	0.01951	0.54111	0.04825	0.06468	0.02464	0.02464	0.01745	0.01232	0.01027	0.00308	0.01129	0.00924	0.01027	0.01745
23	0.02128	0.01824	0.02128	0.01520	0.02432	0.01368	0.01216	0.02584	0.02128	0.03344	0.01824	0.02128	0.01520	0.00760	0.00760	0.00152	0.00760	0.00608	0.00608	0.70208
24	0.02675	0.02694	0.04035	0.05918	0.51874	0.08411	0.03028	0.03248	0.02396	0.03265	0.01894	0.02468	0.01594	0.00929	0.01007	0.00301	0.01285	0.00888	0.00510	0.01580
25	0.02540	0.02438	0.04165	0.06299	0.57533	0.02438	0.03149	0.03149	0.02337	0.03353	0.01930	0.02540	0.01626	0.00914	0.01016	0.00305	0.01219	0.00914	0.00508	0.01626
26	0.02553	0.02204	0.02320	0.02088	0.02669	0.02553	0.01624	0.05453	0.55679	0.04293	0.04177	0.03829	0.03133	0.01392	0.01044	0.00348	0.00812	0.01160	0.01044	0.01624
27	0.01783	0.00891	0.01337	0.01337	0.01337	0.00891	0.00891	0.01337	0.01337	0.01783	0.01783	0.03119	0.01783	0.03565	0.04011	0.70143	0.00891	0.00891	0.00446	0.00446
28	0.02058	0.05308	0.58618	0.02925	0.04442	0.02383	0.03792	0.03250	0.02167	0.03250	0.01842	0.02167	0.01300	0.00975	0.00975	0.00325	0.01517	0.00758	0.00433	0.01517
29	0.71184	0.01985	0.01508	0.01350	0.01985	0.02302	0.01111	0.03017	0.01746	0.04604	0.01429	0.01667	0.01111	0.00953	0.00635	0.00318	0.00794	0.00556	0.00635	0.01111
30	0.01492	0.00995	0.01119	0.01119	0.01119	0.00995	0.00622	0.01492	0.01492	0.01990	0.03233	0.06716	0.03731	0.63935	0.05223	0.00995	0.00995	0.01492	0.00622	0.00622
31	0.01287	0.01003	0.01126	0.01168	0.01394	0.00888	0.00822	0.01525	0.02222	0.02811	0.14396	0.21012	0.33176	0.10415	0.01740	0.00441	0.00592	0.02208	0.00934	0.00841
32	0.71184	0.01985	0.01508	0.01350	0.01985	0.02302	0.01111	0.03017	0.01746	0.04604	0.01429	0.01667	0.01111	0.00953	0.00635	0.00318	0.00794	0.00556	0.00635	0.01111
33	0.47144	0.01899	0.01824	0.01522	0.02214	0.02016	0.01255	0.03733	0.02176	0.23972	0.02375	0.02326	0.01627	0.01067	0.00778	0.00318	0.00823	0.00728	0.00864	0.01341
34	0.01475	0.00974	0.01176	0.01280	0.01351	0.00953	0.00845	0.01637	0.01815	0.02524	0.04286	0.26156	0.04855	0.29954	0.02992	0.00659	0.00793	0.06653	0.08856	0.00765
35	0.01336	0.01004	0.01204	0.01231	0.01438	0.00908	0.00874	0.01634	0.02376	0.03151	0.25586	0.21355	0.22797	0.08475	0.01621	0.00417	0.00570	0.02165	0.00985	0.00872
36	0.31349	0.01713	0.01617	0.01456	0.01935	0.01884	0.01147	0.11221	0.02470	0.04452	0.07266	0.11537	0.03034	0.01465	0.00862	0.00316	0.00739	0.01139	0.13258	0.01139
37	0.02553	0.02204	0.02320	0.02088	0.02669	0.02553	0.01624	0.05453	0.55679	0.04293	0.04177	0.03829	0.03133	0.01392	0.01044	0.00348	0.00812	0.01160	0.01044	0.01624

[dist]
# distance from previous block
# <min> <max>
0	27

[block]
# block no. 6 follows, 14 sequences, length 22
# corresponding to MSA columns:
# 353-374
name=unknown_G
#
# <colnr> <probs for GDERKNQSTAVLIFYWHMCP>
#	G	D	E	R	K	N	Q	S	T	A	V	L	I	F	Y	W	H	M	C	P
0	0.01419	0.01075	0.01319	0.01360	0.01576	0.01019	0.00980	0.01931	0.06403	0.03343	0.25993	0.28533	0.16116	0.02547	0.01236	0.00364	0.00556	0.02253	0.01027	0.00950
1	0.01780	0.01107	0.01387	0.01320	0.01606	0.00997	0.00972	0.02122	0.02536	0.10422	0.28362	0.16785	0.17280	0.06826	0.01500	0.00392	0.00598	0.01962	0.01046	0.01000
2	0.02900	0.01434	0.01847	0.01625	0.02094	0.01319	0.01271	0.06283	0.02662	0.26563	0.09123	0.16419	0.09165	0.06453	0.01448	0.00400	0.00789	0.05838	0.01082	0.01285
3	0.04468	0.01965	0.02517	0.01930	0.02729	0.01833	0.01594	0.14515	0.03303	0.48214	0.03742	0.03294	0.02386	0.01263	0.01031	0.00316	0.00923	0.01011	0.01223	0.01746
4	0.01774	0.01234	0.01527	0.01342	0.01651	0.01077	0.00926	0.01806	0.01694	0.02428	0.02507	0.08307	0.02634	0.20180	0.03075	0.21398	0.00856	0.01122	0.00589	0.23874
5	0.01692	0.01086	0.01366	0.01324	0.01468	0.01109	0.00900	0.01854	0.01720	0.06357	0.03763	0.05940	0.07877	0.37102	0.20995	0.01086	0.01472	0.01398	0.00677	0.00815
6	0.09182	0.01276	0.01510	0.01550	0.01838	0.01267	0.01173	0.05775	0.02319	0.07640	0.05268	0.34852	0.10145	0.02562	0.01202	0.00392	0.00722	0.09358	0.00949	0.01021
7	0.04369	0.02124	0.02615	0.02005	0.02808	0.02069	0.01656	0.21436	0.03569	0.40917	0.03518	0.03149	0.02274	0.01257	0.01030	0.00314	0.00959	0.00996	0.01189	0.01746
8	0.08289	0.02001	0.05786	0.07775	0.06100	0.01849	0.01778	0.07456	0.07106	0.23928	0.03113	0.06755	0.02360	0.01579	0.01361	0.08429	0.00972	0.01065	0.00897	0.01402
9	0.01769	0.01076	0.01423	0.01395	0.01546	0.01085	0.00970	0.01930	0.01843	0.07697	0.08052	0.13083	0.04090	0.25405	0.17711	0.06495	0.01322	0.01523	0.00739	0.00848
10	0.01529	0.01092	0.01511	0.01748	0.01929	0.01074	0.01437	0.01911	0.02240	0.02932	0.05502	0.27524	0.06178	0.02952	0.01384	0.00455	0.00837	0.35906	0.00947	0.00911
11	0.09252	0.02683	0.03856	0.02871	0.03744	0.02797	0.18604	0.29772	0.03648	0.08999	0.02363	0.02568	0.01687	0.01092	0.01053	0.00322	0.01276	0.00993	0.00846	0.01574
12	0.02310	0.02286	0.04067	0.24113	0.22935	0.02433	0.14833	0.03223	0.07339	0.03179	0.02143	0.02783	0.01666	0.00986	0.01068	0.00331	0.01351	0.01007	0.00544	0.01404
13	0.01867	0.01475	0.02097	0.01822	0.02012	0.01628	0.06121	0.05709	0.01854	0.02560	0.02657	0.04786	0.02760	0.32239	0.13538	0.04909	0.09242	0.01246	0.00597	0.00882
14	0.02790	0.07571	0.07923	0.03914	0.25425	0.10197	0.02477	0.10134	0.07829	0.03719	0.06174	0.02841	0.02288	0.01110	0.00992	0.00301	0.01213	0.00935	0.00665	0.01503
15	0.01668	0.00951	0.01369	0.01358	0.01417	0.00968	0.00936	0.01501	0.01599	0.02190	0.09170	0.04149	0.03084	0.09171	0.12015	0.45070	0.01122	0.01098	0.00564	0.00598
16	0.01721	0.01479	0.01435	0.01516	0.01633	0.08540	0.01034	0.01874	0.01947	0.02412	0.04171	0.27847	0.04805	0.26354	0.02784	0.00627	0.00950	0.07292	0.00769	0.00810
17	0.02463	0.01822	0.01997	0.01782	0.02317	0.01957	0.01389	0.04323	0.34092	0.10928	0.09372	0.05301	0.14517	0.01675	0.01089	0.00342	0.00736	0.01400	0.01061	0.01437
18	0.06545	0.01122	0.01174	0.01093	0.01428	0.01111	0.00844	0.02766	0.02228	0.10892	0.03319	0.03649	0.02525	0.01190	0.00753	0.00254	0.00549	0.00941	0.56548	0.01068
19	0.11033	0.01845	0.02048	0.01498	0.02374	0.01488	0.01202	0.02640	0.02079	0.03506	0.01773	0.02069	0.01467	0.00785	0.00744	0.00173	0.00764	0.00601	0.00611	0.61298
20	0.02451	0.01890	0.02653	0.29336	0.04617	0.02005	0.02074	0.09425	0.02580	0.08702	0.06534	0.03025	0.02229	0.01099	0.00979	0.00289	0.01077	0.00929	0.00697	0.17409
21	0.02860	0.07288	0.03013	0.02756	0.11646	0.02574	0.01956	0.20459	0.13691	0.04468	0.02959	0.03834	0.02486	0.01347	0.01024	0.00315	0.01019	0.07373	0.00848	0.08082

[dist]
# distance from previous block
# <min> <max>
10	28

[block]
# block no. 7 follows, 14 sequences, length 15
# corresponding to MSA columns:
# 403-417
name=unknown_H
#
# <colnr> <probs for GDERKNQSTAVLIFYWHMCP>
#	G	D	E	R	K	N	Q	S	T	A	V	L	I	F	Y	W	H	M	C	P
0	0.02104	0.01555	0.01889	0.01563	0.02176	0.01325	0.01234	0.02721	0.06334	0.07837	0.14082	0.09412	0.04202	0.01502	0.00996	0.00264	0.00718	0.05367	0.00857	0.33861
1	0.07560	0.27222	0.03708	0.02172	0.07226	0.06890	0.01719	0.08521	0.02447	0.03341	0.01699	0.01955	0.01430	0.00905	0.00773	0.00228	0.01052	0.00644	0.00574	0.19935
2	0.02311	0.10019	0.23424	0.02223	0.03271	0.02317	0.02363	0.06699	0.02291	0.03367	0.01795	0.02125	0.01419	0.00974	0.01066	0.00259	0.06233	0.00705	0.00543	0.26595
3	0.01533	0.01250	0.01431	0.01310	0.01728	0.01076	0.00982	0.01994	0.05026	0.03179	0.15239	0.16701	0.25180	0.02148	0.01119	0.00311	0.00595	0.01844	0.00910	0.16443
4	0.01485	0.01024	0.01265	0.01265	0.01315	0.01074	0.00804	0.01586	0.01535	0.02098	0.03100	0.05978	0.03410	0.48472	0.20248	0.01175	0.01477	0.01384	0.00602	0.00703
5	0.01859	0.01612	0.02318	0.13119	0.03175	0.01664	0.07102	0.06259	0.07148	0.03566	0.19382	0.06093	0.19004	0.01774	0.01148	0.00336	0.00872	0.01563	0.00873	0.01131
6	0.02274	0.01698	0.02029	0.01607	0.02325	0.01438	0.01287	0.02993	0.08108	0.08687	0.10308	0.03964	0.03282	0.01228	0.00931	0.00238	0.00752	0.04844	0.00817	0.41189
7	0.02622	0.02554	0.06965	0.09361	0.08830	0.05619	0.10430	0.10363	0.06893	0.06303	0.05575	0.03682	0.02506	0.01355	0.01349	0.00350	0.07975	0.05175	0.00717	0.01376
8	0.02423	0.14626	0.08360	0.02604	0.10374	0.02645	0.01996	0.04078	0.27001	0.03676	0.08801	0.03479	0.03101	0.01262	0.00976	0.00312	0.00956	0.01043	0.00802	0.01483
9	0.01627	0.01226	0.01690	0.01975	0.09236	0.01247	0.01161	0.01866	0.01885	0.02623	0.12264	0.05787	0.04246	0.33768	0.14265	0.00905	0.01269	0.01400	0.00680	0.00878
10	0.02752	0.02444	0.02436	0.08588	0.03088	0.13053	0.01717	0.10246	0.10276	0.07132	0.05585	0.03132	0.02416	0.02211	0.10336	0.00502	0.01401	0.00949	0.00758	0.10979
11	0.01750	0.01219	0.01463	0.01428	0.01749	0.01137	0.01051	0.02328	0.08097	0.07844	0.15093	0.26801	0.17510	0.02385	0.01188	0.00354	0.00615	0.02087	0.01001	0.04899
12	0.14815	0.07338	0.02877	0.02119	0.02803	0.02415	0.07163	0.11126	0.14033	0.12524	0.02804	0.02933	0.02100	0.01939	0.08089	0.00479	0.01222	0.00948	0.00839	0.01434
13	0.02620	0.34283	0.09900	0.02011	0.02780	0.07904	0.01946	0.07730	0.02452	0.02999	0.02420	0.07207	0.02356	0.01364	0.00899	0.00291	0.01155	0.07792	0.00606	0.01284
14	0.06105	0.01105	0.01306	0.01294	0.01534	0.01041	0.00926	0.01927	0.02309	0.06504	0.22341	0.20782	0.15133	0.11000	0.01749	0.00443	0.00632	0.01981	0.00962	0.00926

[dist]
# distance from previous block
# <min> <max>
1	19

[block]
# block no. 8 follows, 14 sequences, length 91
# corresponding to MSA columns:
# 437-527
name=unknown_I
#
# <colnr> <probs for GDERKNQSTAVLIFYWHMCP>
#	G	D	E	R	K	N	Q	S	T	A	V	L	I	F	Y	W	H	M	C	P
0	0.21450	0.01927	0.02359	0.06001	0.08517	0.02254	0.01713	0.05968	0.02042	0.06664	0.02243	0.07334	0.02103	0.08946	0.01990	0.00437	0.15191	0.01038	0.00651	0.01170
1	0.13030	0.06165	0.09098	0.05813	0.02999	0.02294	0.01891	0.11512	0.11415	0.10176	0.03114	0.07382	0.02633	0.01454	0.01003	0.00341	0.01004	0.06440	0.00842	0.01394
2	0.01820	0.01331	0.01900	0.05262	0.02217	0.01343	0.04277	0.02041	0.02008	0.05952	0.08445	0.11691	0.12456	0.09361	0.05952	0.10974	0.05534	0.01501	0.00733	0.05200
3	0.01597	0.01029	0.01338	0.01384	0.01590	0.00938	0.00990	0.01902	0.02390	0.07811	0.22934	0.35318	0.11619	0.02629	0.01245	0.00371	0.00576	0.02344	0.01038	0.00958
4	0.19479	0.05671	0.02292	0.08073	0.02853	0.01873	0.01421	0.02885	0.02076	0.07146	0.01848	0.02141	0.01457	0.00878	0.00770	0.00229	0.00863	0.00653	0.00632	0.36762
5	0.02521	0.02157	0.05545	0.01860	0.02618	0.01906	0.01553	0.10463	0.15017	0.07194	0.03015	0.09346	0.02552	0.01285	0.00952	0.00268	0.00857	0.01068	0.00835	0.28989
6	0.19660	0.01539	0.01780	0.08221	0.02415	0.01686	0.01310	0.02553	0.02033	0.10133	0.07090	0.09163	0.08932	0.12104	0.01883	0.00457	0.05922	0.01294	0.00770	0.01055
7	0.01820	0.01071	0.01385	0.01439	0.01655	0.00982	0.01038	0.02016	0.02122	0.10728	0.05689	0.34423	0.13022	0.07367	0.01720	0.04677	0.00702	0.06261	0.00943	0.00942
8	0.02352	0.02002	0.03171	0.26727	0.08110	0.02236	0.09220	0.03495	0.15452	0.06668	0.02589	0.03080	0.01958	0.01315	0.01303	0.06135	0.01198	0.01020	0.00665	0.01305
9	0.02983	0.06184	0.07447	0.12332	0.07813	0.02167	0.02053	0.06575	0.06435	0.19757	0.02818	0.03303	0.02145	0.08047	0.01600	0.00399	0.04731	0.00994	0.00798	0.01419
10	0.02799	0.01333	0.01789	0.01609	0.01970	0.01248	0.01204	0.06091	0.02331	0.23051	0.03787	0.20741	0.03517	0.02471	0.01939	0.19720	0.00814	0.01535	0.00933	0.01119
11	0.02109	0.01310	0.01621	0.01569	0.01890	0.01303	0.01159	0.02794	0.10960	0.12951	0.05176	0.26393	0.10418	0.06992	0.07872	0.00553	0.00935	0.01908	0.00959	0.01128
12	0.33173	0.02290	0.02456	0.09996	0.03232	0.08433	0.05910	0.03567	0.02249	0.16523	0.02165	0.02350	0.01540	0.01041	0.00860	0.00317	0.01084	0.00781	0.00738	0.01295
13	0.14912	0.09355	0.05685	0.12624	0.03069	0.01947	0.01660	0.02740	0.02130	0.10615	0.03596	0.17231	0.07224	0.01664	0.00989	0.00336	0.00922	0.01380	0.00753	0.01168
14	0.02530	0.08618	0.06049	0.06739	0.02646	0.01810	0.01574	0.07109	0.02454	0.15011	0.07814	0.14729	0.03667	0.09235	0.05003	0.00484	0.01045	0.01412	0.00848	0.01223
15	0.02749	0.02257	0.02509	0.02160	0.02709	0.02623	0.01722	0.17130	0.32330	0.04481	0.03348	0.03372	0.02569	0.02076	0.07673	0.00489	0.06261	0.01072	0.00936	0.01535
16	0.01412	0.01006	0.01242	0.01245	0.01393	0.00946	0.00850	0.01685	0.02288	0.03137	0.29006	0.17016	0.10990	0.20460	0.02404	0.00538	0.00656	0.01953	0.00937	0.00836
17	0.02289	0.01857	0.02398	0.20620	0.03853	0.02130	0.01889	0.03925	0.26538	0.06916	0.12594	0.04131	0.03679	0.01392	0.01067	0.00340	0.00934	0.01195	0.00887	0.01365
18	0.02550	0.01214	0.01520	0.01357	0.01747	0.01115	0.01047	0.02972	0.02557	0.20411	0.17048	0.11176	0.04797	0.01662	0.01000	0.00303	0.00613	0.01416	0.24306	0.01188
19	0.02960	0.01903	0.02266	0.05717	0.02744	0.02013	0.01603	0.19299	0.08972	0.14190	0.03763	0.14216	0.03302	0.01717	0.01088	0.00344	0.00907	0.05443	0.06144	0.01410
20	0.01960	0.01476	0.01845	0.01533	0.02097	0.01214	0.01204	0.02185	0.01961	0.02894	0.02407	0.03940	0.02310	0.01829	0.01712	0.18368	0.00825	0.08915	0.00621	0.40703
21	0.01489	0.01066	0.01293	0.01360	0.01516	0.01028	0.01001	0.01724	0.02034	0.02645	0.09677	0.08883	0.14549	0.28645	0.02977	0.00659	0.00851	0.16984	0.00825	0.00796
22	0.02331	0.09269	0.05257	0.03643	0.04532	0.02523	0.39525	0.03073	0.02375	0.03156	0.02558	0.04095	0.02247	0.01191	0.01185	0.00353	0.01532	0.09273	0.00580	0.01304
23	0.01354	0.00967	0.01262	0.01347	0.01480	0.00903	0.00935	0.01649	0.02328	0.03207	0.27248	0.35458	0.07787	0.07279	0.01560	0.00420	0.00578	0.02361	0.01003	0.00875
24	0.02245	0.02245	0.03143	0.02694	0.02694	0.03143	0.02245	0.02470	0.01572	0.02470	0.01347	0.02245	0.01347	0.01796	0.03368	0.00449	0.62057	0.00898	0.00449	0.01123
25	0.04489	0.01932	0.02496	0.01914	0.02712	0.01784	0.01581	0.13085	0.03248	0.49721	0.03788	0.03323	0.02409	0.01264	0.01031	0.00316	0.00915	0.01014	0.01230	0.01746
26	0.09015	0.01105	0.01291	0.01298	0.01524	0.01073	0.00935	0.01846	0.02367	0.03488	0.29114	0.21628	0.11426	0.07512	0.01511	0.00405	0.00593	0.01986	0.00972	0.00911
27	0.02968	0.01926	0.02218	0.01820	0.02368	0.02006	0.01435	0.21885	0.07844	0.13673	0.17942	0.04642	0.04391	0.08352	0.01539	0.00392	0.00869	0.01280	0.01052	0.01399
28	0.01320	0.00932	0.01218	0.01421	0.01486	0.00887	0.00961	0.01496	0.01927	0.02563	0.05274	0.50488	0.06255	0.12295	0.01906	0.00508	0.00684	0.06664	0.00902	0.00811
29	0.09906	0.01850	0.02363	0.01828	0.02611	0.01697	0.01509	0.08512	0.02983	0.50061	0.03719	0.03269	0.02366	0.01242	0.01000	0.00317	0.00886	0.00986	0.01201	0.01695
30	0.02231	0.01532	0.01803	0.01720	0.02092	0.01603	0.01351	0.09298	0.13206	0.07018	0.04651	0.15599	0.07976	0.02219	0.01396	0.06234	0.00803	0.11445	0.06658	0.01166
31	0.01472	0.00986	0.01125	0.01145	0.01150	0.00981	0.00650	0.01487	0.01532	0.02043	0.03437	0.11468	0.03988	0.58832	0.04894	0.00946	0.00961	0.01612	0.00650	0.00640
32	0.04604	0.01746	0.02382	0.01826	0.02620	0.01508	0.01508	0.05001	0.02937	0.58244	0.04049	0.03493	0.02540	0.01270	0.01032	0.00318	0.00873	0.01032	0.01270	0.01746
33	0.03901	0.02874	0.03080	0.02361	0.03182	0.03182	0.01951	0.54111	0.04825	0.06468	0.02464	0.02464	0.01745	0.01232	0.01027	0.00308	0.01129	0.00924	0.01027	0.01745
34	0.01638	0.01157	0.01297	0.01285	0.01586	0.01067	0.00929	0.02084	0.06701	0.07240	0.07520	0.20165	0.31173	0.09432	0.01657	0.00433	0.00643	0.02078	0.00949	0.00966
35	0.01489	0.01086	0.01214	0.01157	0.01503	0.00934	0.00877	0.01819	0.02531	0.06578	0.22772	0.08875	0.40735	0.02379	0.01201	0.00338	0.00532	0.02011	0.01021	0.00949
36	0.04546	0.01840	0.02439	0.01870	0.02666	0.01647	0.01545	0.09078	0.03094	0.53946	0.03917	0.03407	0.02474	0.01267	0.01032	0.00317	0.00894	0.01023	0.01250	0.01746
37	0.02128	0.01824	0.02128	0.01520	0.02432	0.01368	0.01216	0.02584	0.02128	0.03344	0.01824	0.02128	0.01520	0.00760	0.00760	0.00152	0.00760	0.00608	0.00608	0.70208
38	0.01492	0.00995	0.01119	0.01119	0.01119	0.00995	0.00622	0.01492	0.01492	0.01990	0.03233	0.06716	0.03731	0.63935	0.05223	0.00995	0.00995	0.01492	0.00622	0.00622
39	0.71184	0.01985	0.01508	0.01350	0.01985	0.02302	0.01111	0.03017	0.01746	0.04604	0.01429	0.01667	0.01111	0.00953	0.00635	0.00318	0.00794	0.00556	0.00635	0.01111
40	0.71184	0.01985	0.01508	0.01350	0.01985	0.02302	0.01111	0.03017	0.01746	0.04604	0.01429	0.01667	0.01111	0.00953	0.00635	0.00318	0.00794	0.00556	0.00635	0.01111
41	0.01472	0.00986	0.01125	0.01145	0.01150	0.00981	0.00650	0.01487	0.01532	0.02043	0.03437	0.11468	0.03988	0.58832	0.04894	0.00946	0.00961	0.01612	0.00650	0.00640
