[name]
unknown

[dist]
# distance from previous block
# <min> <max>
0	141

[block]
# block no. 0 follows, 11 sequences, length 44
# corresponding to MSA columns:
# 146-189
name=unknown_A
#
# <colnr> <probs for GDERKNQSTAVLIFYWHMCP>
#	G	D	E	R	K	N	Q	S	T	A	V	L	I	F	Y	W	H	M	C	P
0	0.01466	0.01089	0.01374	0.01481	0.01684	0.00997	0.01078	0.01805	0.02575	0.03428	0.20820	0.30968	0.17361	0.02998	0.01394	0.00417	0.00634	0.06356	0.01101	0.00975
1	0.04577	0.02674	0.03081	0.02362	0.03251	0.02780	0.01952	0.32566	0.04490	0.25330	0.03375	0.03139	0.02252	0.01367	0.01128	0.00342	0.01130	0.01059	0.01229	0.01915
2	0.01891	0.01103	0.01408	0.01495	0.01699	0.01029	0.01058	0.02211	0.02416	0.08312	0.10907	0.37973	0.06500	0.02763	0.01273	0.00398	0.00645	0.02461	0.13405	0.01054
3	0.02466	0.01556	0.01934	0.01837	0.02232	0.01590	0.01382	0.03510	0.14688	0.13112	0.10487	0.23773	0.05455	0.03001	0.06982	0.00547	0.01002	0.01991	0.01111	0.01344
4	0.02334	0.02001	0.02334	0.01667	0.02667	0.01500	0.01334	0.02834	0.02334	0.03668	0.02001	0.02334	0.01667	0.00834	0.00834	0.00167	0.00834	0.00667	0.00667	0.67325
5	0.02151	0.01736	0.01985	0.01820	0.02257	0.01865	0.01394	0.03906	0.25461	0.04603	0.30534	0.06463	0.07300	0.01943	0.01243	0.00367	0.00697	0.01683	0.01196	0.01394
6	0.02513	0.01883	0.02237	0.01713	0.02540	0.01559	0.01359	0.03258	0.07069	0.08835	0.11277	0.03703	0.03489	0.01206	0.00977	0.00237	0.00799	0.01005	0.00881	0.43462
7	0.01630	0.01117	0.01358	0.01358	0.01404	0.01162	0.00845	0.01721	0.01675	0.02279	0.03427	0.06703	0.03804	0.48748	0.17032	0.01253	0.01524	0.01540	0.00664	0.00755
8	0.02334	0.02001	0.02334	0.01667	0.02667	0.01500	0.01334	0.02834	0.02334	0.03668	0.02001	0.02334	0.01667	0.00834	0.00834	0.00167	0.00834	0.00667	0.00667	0.67325
9	0.02749	0.02427	0.08352	0.36792	0.11329	0.02373	0.02988	0.03487	0.02475	0.12541	0.02467	0.03071	0.01761	0.01157	0.01120	0.00364	0.01399	0.01008	0.00669	0.01469
10	0.09953	0.20754	0.13187	0.07534	0.03697	0.03017	0.02337	0.08076	0.02748	0.15083	0.02441	0.02565	0.01768	0.01139	0.00951	0.00319	0.01231	0.00840	0.00768	0.01592
11	0.02842	0.01925	0.02635	0.19906	0.04195	0.02091	0.02034	0.08841	0.07992	0.13614	0.16759	0.04728	0.04489	0.01565	0.01184	0.00361	0.01041	0.01338	0.01007	0.01453
12	0.01631	0.01113	0.01337	0.01337	0.01374	0.01150	0.00818	0.01707	0.01669	0.02263	0.03447	0.06814	0.03852	0.50698	0.15148	0.01226	0.01452	0.01556	0.00667	0.00743
13	0.02481	0.04071	0.30473	0.08906	0.08555	0.02387	0.08668	0.03459	0.02460	0.07724	0.02667	0.08257	0.02195	0.01323	0.01149	0.00368	0.01490	0.01175	0.00628	0.01563
14	0.01776	0.01874	0.07565	0.02620	0.08273	0.01494	0.06304	0.02191	0.02219	0.03034	0.04653	0.36418	0.05279	0.08673	0.01800	0.00491	0.01000	0.02364	0.00847	0.01124
15	0.05050	0.01915	0.02612	0.02003	0.02873	0.01654	0.01654	0.05485	0.03221	0.54203	0.04440	0.03831	0.02786	0.01393	0.01132	0.00348	0.00958	0.01132	0.01393	0.01915
16	0.02396	0.03053	0.13968	0.15556	0.15057	0.02524	0.13492	0.03439	0.06577	0.03489	0.02669	0.07813	0.02263	0.01290	0.01186	0.00372	0.01464	0.01254	0.00624	0.01514
17	0.03732	0.02562	0.08911	0.12408	0.08245	0.02153	0.09362	0.04406	0.02834	0.28803	0.03273	0.03340	0.02188	0.01218	0.01152	0.00357	0.01292	0.01097	0.00959	0.01707
18	0.02421	0.01431	0.01801	0.01594	0.02036	0.01337	0.01234	0.03149	0.07551	0.15088	0.33654	0.07288	0.12688	0.02092	0.01269	0.00358	0.00660	0.01806	0.01243	0.01300
19	0.03255	0.02169	0.02837	0.02429	0.03084	0.02238	0.05524	0.16330	0.08539	0.13968	0.04361	0.06693	0.03862	0.01980	0.01299	0.00413	0.01128	0.17237	0.01102	0.01554
20	0.09030	0.02137	0.02760	0.02001	0.02987	0.01758	0.06830	0.02970	0.02329	0.03800	0.01989	0.02364	0.01627	0.00868	0.00876	0.00209	0.00959	0.00737	0.00659	0.53111
21	0.02574	0.01640	0.02296	0.07653	0.08022	0.01630	0.01708	0.06835	0.02799	0.13391	0.10085	0.26811	0.05278	0.02295	0.01275	0.00393	0.00900	0.02041	0.01038	0.01332
22	0.01637	0.01091	0.01228	0.01228	0.01228	0.01091	0.00682	0.01637	0.01637	0.02182	0.03546	0.07365	0.04092	0.60445	0.05729	0.01091	0.01091	0.01637	0.00682	0.00682
23	0.04680	0.03423	0.02864	0.02395	0.03138	0.25377	0.01882	0.05052	0.03208	0.31714	0.03260	0.03044	0.02202	0.01291	0.01081	0.00323	0.01426	0.00954	0.01038	0.01649
24	0.03181	0.03392	0.18258	0.12783	0.10213	0.02577	0.02936	0.11405	0.06461	0.13557	0.02770	0.02985	0.01954	0.01210	0.01110	0.00354	0.01343	0.00997	0.00813	0.01701
25	0.01412	0.01011	0.01342	0.01540	0.01641	0.00941	0.01048	0.01669	0.02343	0.03172	0.14691	0.50371	0.08022	0.03303	0.01417	0.00438	0.00631	0.02988	0.01080	0.00941
26	0.01812	0.01325	0.01635	0.01540	0.01864	0.01343	0.01186	0.06047	0.02760	0.03837	0.21050	0.06915	0.15929	0.04043	0.17208	0.00775	0.01323	0.01695	0.06620	0.01093
27	0.03009	0.61122	0.05898	0.01926	0.02889	0.04454	0.01926	0.03370	0.02287	0.02648	0.01565	0.01805	0.01444	0.00963	0.00722	0.00241	0.01204	0.00602	0.00481	0.01444
28	0.10005	0.02037	0.02890	0.14293	0.09116	0.02020	0.02114	0.04520	0.02827	0.33533	0.03417	0.03362	0.02265	0.01264	0.01089	0.00352	0.01104	0.01043	0.01053	0.01697
29	0.01593	0.01150	0.01504	0.01416	0.01681	0.01062	0.01062	0.02124	0.03186	0.04513	0.52830	0.08407	0.10620	0.02301	0.01327	0.00354	0.00531	0.02035	0.01239	0.01062
30	0.04605	0.02629	0.03054	0.02341	0.03229	0.02713	0.01934	0.30973	0.04416	0.27029	0.03438	0.03180	0.02283	0.01369	0.01128	0.00342	0.01120	0.01063	0.01239	0.01915
31	0.03095	0.02757	0.13637	0.28589	0.05588	0.02251	0.02863	0.03858	0.02589	0.19563	0.02791	0.03140	0.01900	0.01200	0.01116	0.00363	0.01359	0.01008	0.00783	0.01549
32	0.03009	0.61122	0.05898	0.01926	0.02889	0.04454	0.01926	0.03370	0.02287	0.02648	0.01565	0.01805	0.01444	0.00963	0.00722	0.00241	0.01204	0.00602	0.00481	0.01444
33	0.10269	0.36531	0.21115	0.02288	0.03446	0.03639	0.02564	0.03426	0.02273	0.03219	0.01712	0.01992	0.01413	0.01007	0.00831	0.00290	0.01314	0.00677	0.00504	0.01489
34	0.10175	0.13743	0.07672	0.02085	0.03027	0.02484	0.01916	0.07831	0.02996	0.32115	0.03294	0.03053	0.02206	0.01248	0.01007	0.00328	0.01077	0.00948	0.01056	0.01739
35	0.01621	0.01153	0.01540	0.01540	0.01648	0.01261	0.01072	0.01837	0.01729	0.02414	0.03260	0.05782	0.03404	0.32472	0.32762	0.01477	0.02126	0.01405	0.00639	0.00856
36	0.01460	0.01043	0.01408	0.01668	0.01772	0.00990	0.01199	0.01720	0.02242	0.02972	0.06155	0.50309	0.07251	0.03443	0.01460	0.00469	0.00730	0.11728	0.01043	0.00939
37	0.02153	0.03248	0.20059	0.28417	0.05992	0.02417	0.08551	0.03050	0.02328	0.03181	0.02462	0.08520	0.02099	0.01329	0.01162	0.00378	0.01513	0.01205	0.00555	0.01380
38	0.08280	0.03423	0.17341	0.14238	0.04478	0.07462	0.02696	0.04172	0.06808	0.16124	0.02774	0.02951	0.01938	0.01208	0.01069	0.00354	0.01361	0.00952	0.00793	0.01580
39	0.02922	0.02272	0.02471	0.02196	0.02826	0.02556	0.01714	0.05637	0.43075	0.09429	0.08277	0.04488	0.03926	0.01574	0.01158	0.00376	0.00870	0.01318	0.01176	0.01739
40	0.01371	0.00979	0.01306	0.01567	0.01632	0.00914	0.01045	0.01567	0.02155	0.02873	0.06203	0.59710	0.07444	0.03526	0.01437	0.00457	0.00653	0.03200	0.01045	0.00914
41	0.03033	0.02161	0.03660	0.31866	0.10601	0.02330	0.08065	0.03714	0.02587	0.16784	0.02697	0.03207	0.01896	0.01165	0.01149	0.00365	0.01385	0.01073	0.00753	0.01510
42	0.26238	0.02490	0.07655	0.01893	0.02764	0.02149	0.01706	0.03329	0.02228	0.09002	0.02045	0.02313	0.01576	0.01076	0.01060	0.00294	0.05405	0.00733	0.00715	0.25328
43	0.04234	0.01836	0.02417	0.01932	0.02676	0.01669	0.01566	0.04962	0.08071	0.40748	0.12700	0.04648	0.04186	0.01561	0.01167	0.00353	0.00878	0.01300	0.01342	0.01757

[dist]
# distance from previous block
# <min> <max>
0	1

[block]
# block no. 1 follows, 11 sequences, length 7
# corresponding to MSA columns:
# 191-197
name=unknown_B
#
# <colnr> <probs for GDERKNQSTAVLIFYWHMCP>
#	G	D	E	R	K	N	Q	S	T	A	V	L	I	F	Y	W	H	M	C	P
0	0.03216	0.01500	0.01916	0.01660	0.02225	0.01298	0.01296	0.03559	0.02815	0.28829	0.06855	0.17011	0.18595	0.02249	0.01251	0.00379	0.00782	0.01912	0.01221	0.01430
1	0.03548	0.02797	0.07804	0.08828	0.17364	0.02574	0.07922	0.13131	0.03242	0.17213	0.02829	0.03053	0.02005	0.01182	0.01143	0.00349	0.01323	0.01061	0.00874	0.01756
2	0.02855	0.14143	0.03491	0.02366	0.02862	0.09453	0.05109	0.03417	0.06233	0.07467	0.02555	0.03468	0.02265	0.10184	0.08328	0.00617	0.12150	0.01050	0.00678	0.01309
3	0.02875	0.49374	0.05190	0.01874	0.02845	0.03867	0.01808	0.03264	0.02296	0.02851	0.01651	0.01910	0.01489	0.00937	0.00744	0.00226	0.01130	0.00615	0.00518	0.14535
4	0.10685	0.23816	0.18194	0.02254	0.03359	0.03003	0.02401	0.03961	0.02510	0.16420	0.02431	0.02488	0.01759	0.01112	0.00922	0.00313	0.01232	0.00803	0.00738	0.01601
5	0.01637	0.01091	0.01228	0.01228	0.01228	0.01091	0.00682	0.01637	0.01637	0.02182	0.03546	0.07365	0.04092	0.60445	0.05729	0.01091	0.01091	0.01637	0.00682	0.00682
6	0.11018	0.02388	0.02433	0.02189	0.02833	0.02765	0.01711	0.05646	0.45192	0.04751	0.04203	0.03902	0.03158	0.01467	0.01089	0.00378	0.00888	0.01189	0.01089	0.01711

[dist]
# distance from previous block
# <min> <max>
0	24

[block]
# block no. 2 follows, 11 sequences, length 49
# corresponding to MSA columns:
# 222-270
name=unknown_C
#
# <colnr> <probs for GDERKNQSTAVLIFYWHMCP>
#	G	D	E	R	K	N	Q	S	T	A	V	L	I	F	Y	W	H	M	C	P
0	0.02444	0.03325	0.25001	0.02298	0.03275	0.01839	0.02517	0.03300	0.02836	0.12136	0.22693	0.05019	0.05316	0.01613	0.01182	0.00354	0.01097	0.01361	0.00929	0.01464
1	0.01407	0.01007	0.01338	0.01543	0.01640	0.00938	0.01048	0.01657	0.02322	0.03139	0.13763	0.51392	0.07959	0.03328	0.01419	0.00440	0.00633	0.03011	0.01076	0.00938
2	0.53267	0.02114	0.01883	0.01605	0.02343	0.02317	0.01323	0.03828	0.02227	0.16789	0.02253	0.02307	0.01593	0.01128	0.00800	0.00348	0.00891	0.00734	0.00863	0.01385
3	0.01623	0.01337	0.01653	0.01538	0.01807	0.01367	0.01189	0.02022	0.02745	0.03709	0.30122	0.08436	0.24878	0.02455	0.01672	0.00384	0.08950	0.02008	0.01059	0.01045
4	0.02138	0.02118	0.02150	0.02134	0.02277	0.11403	0.01582	0.02363	0.02239	0.02813	0.04286	0.35836	0.04959	0.02734	0.01893	0.00435	0.14518	0.02232	0.00831	0.01059
5	0.02126	0.02001	0.03376	0.57739	0.07752	0.02501	0.03126	0.02876	0.02251	0.02876	0.02001	0.03001	0.01500	0.01125	0.01125	0.00375	0.01500	0.01000	0.00500	0.01250
6	0.03989	0.03009	0.03215	0.02531	0.03380	0.03355	0.02069	0.41119	0.14315	0.06627	0.03070	0.02995	0.02212	0.01386	0.01130	0.00346	0.01170	0.01064	0.01130	0.01888
7	0.03009	0.61122	0.05898	0.01926	0.02889	0.04454	0.01926	0.03370	0.02287	0.02648	0.01565	0.01805	0.01444	0.00963	0.00722	0.00241	0.01204	0.00602	0.00481	0.01444
8	0.01608	0.01206	0.01809	0.01809	0.02010	0.01407	0.01407	0.02010	0.01809	0.02613	0.03015	0.04422	0.02814	0.08441	0.55984	0.01809	0.03015	0.01206	0.00603	0.01005
9	0.01814	0.01296	0.01814	0.02073	0.02332	0.01296	0.01814	0.02332	0.02591	0.03368	0.05959	0.12696	0.06478	0.03109	0.01555	0.00518	0.01036	0.45848	0.01036	0.01036
10	0.01371	0.00979	0.01306	0.01567	0.01632	0.00914	0.01045	0.01567	0.02155	0.02873	0.06203	0.59710	0.07444	0.03526	0.01437	0.00457	0.00653	0.03200	0.01045	0.00914
11	0.02930	0.52600	0.05542	0.02075	0.02898	0.04307	0.02004	0.03274	0.02205	0.02657	0.01552	0.01901	0.01449	0.01109	0.01154	0.00277	0.09510	0.00657	0.00483	0.01413
12	0.03559	0.03152	0.16491	0.02611	0.03651	0.02290	0.06192	0.04957	0.15129	0.24391	0.03669	0.03480	0.02508	0.01307	0.01135	0.00361	0.01201	0.01105	0.01024	0.01784
13	0.02312	0.02001	0.02446	0.07693	0.03214	0.01608	0.01526	0.02839	0.02325	0.03582	0.02001	0.02406	0.01649	0.00865	0.00865	0.00189	0.00905	0.00703	0.00649	0.60225
14	0.04064	0.03046	0.03257	0.02546	0.03409	0.03390	0.02087	0.43324	0.11989	0.06747	0.02975	0.02920	0.02135	0.01377	0.01129	0.00344	0.01188	0.01051	0.01129	0.01895
15	0.62397	0.02268	0.01815	0.01584	0.02300	0.02615	0.01305	0.07646	0.02231	0.05241	0.01673	0.01910	0.01284	0.01073	0.00737	0.00347	0.00905	0.00647	0.00737	0.01284
16	0.08089	0.01967	0.02577	0.03090	0.14362	0.02060	0.01939	0.09646	0.07339	0.04088	0.04153	0.22764	0.04290	0.02169	0.01237	0.00401	0.00982	0.06543	0.00920	0.01385
17	0.01879	0.01464	0.01732	0.01502	0.01956	0.01229	0.01055	0.02146	0.02067	0.02999	0.03502	0.17657	0.03828	0.20679	0.02554	0.00534	0.00873	0.01584	0.00762	0.29998
18	0.01371	0.00979	0.01306	0.01567	0.01632	0.00914	0.01045	0.01567	0.02155	0.02873	0.06203	0.59710	0.07444	0.03526	0.01437	0.00457	0.00653	0.03200	0.01045	0.00914
19	0.02657	0.03036	0.06641	0.04744	0.05882	0.02846	0.49336	0.03605	0.02657	0.03605	0.02277	0.03036	0.01708	0.00949	0.01328	0.00380	0.01898	0.01328	0.00569	0.01518
20	0.01593	0.01150	0.01504	0.01416	0.01681	0.01062	0.01062	0.02124	0.03186	0.04513	0.52830	0.08407	0.10620	0.02301	0.01327	0.00354	0.00531	0.02035	0.01239	0.01062
21	0.02257	0.05822	0.54613	0.03208	0.04871	0.02614	0.04158	0.03564	0.02376	0.03564	0.02020	0.02376	0.01426	0.01069	0.01069	0.00356	0.01663	0.00832	0.00475	0.01663
22	0.01463	0.01078	0.01369	0.01439	0.01638	0.00984	0.01025	0.01819	0.02667	0.03618	0.27430	0.30085	0.15452	0.02890	0.01373	0.00401	0.00587	0.02569	0.01130	0.00984
23	0.04204	0.05364	0.03190	0.02900	0.03480	0.55926	0.02175	0.04494	0.03190	0.02755	0.01740	0.02030	0.01450	0.01160	0.01015	0.00290	0.02030	0.00725	0.00580	0.01305
24	0.02800	0.02418	0.02545	0.02291	0.02927	0.02800	0.01782	0.05981	0.51390	0.04708	0.04581	0.04199	0.03436	0.01527	0.01145	0.00382	0.00891	0.01273	0.01145	0.01782
25	0.01446	0.01145	0.01300	0.01261	0.01591	0.00999	0.00946	0.01839	0.02838	0.03687	0.29591	0.09767	0.34374	0.02609	0.01329	0.00369	0.00553	0.02226	0.01130	0.00999
26	0.13913	0.02497	0.02809	0.02184	0.03043	0.02587	0.01804	0.24569	0.03941	0.26379	0.03260	0.03044	0.02176	0.01324	0.01066	0.00344	0.01068	0.01004	0.01175	0.01814
27	0.03239	0.02539	0.02740	0.02288	0.02980	0.02834	0.01826	0.23581	0.25226	0.05671	0.10809	0.04188	0.03847	0.01566	0.01164	0.00359	0.00983	0.01276	0.01151	0.01732
28	0.04279	0.03153	0.03378	0.02590	0.03490	0.03490	0.02139	0.49671	0.05292	0.07093	0.02702	0.02702	0.01914	0.01351	0.01126	0.00338	0.01239	0.01013	0.01126	0.01914
29	0.01637	0.01091	0.01228	0.01228	0.01228	0.01091	0.00682	0.01637	0.01637	0.02182	0.03546	0.07365	0.04092	0.60445	0.05729	0.01091	0.01091	0.01637	0.00682	0.00682
30	0.29960	0.01752	0.01863	0.01816	0.02346	0.01859	0.01543	0.03196	0.02402	0.11452	0.03913	0.06891	0.03755	0.02002	0.01137	0.00423	0.00956	0.20548	0.00947	0.01240
31	0.10201	0.01458	0.01632	0.01412	0.01922	0.01408	0.01121	0.03646	0.02598	0.20870	0.03700	0.03821	0.02673	0.01310	0.00892	0.00300	0.00705	0.01029	0.37948	0.01355
32	0.01371	0.00979	0.01306	0.01567	0.01632	0.00914	0.01045	0.01567	0.02155	0.02873	0.06203	0.59710	0.07444	0.03526	0.01437	0.00457	0.00653	0.03200	0.01045	0.00914
33	0.25613	0.02726	0.02742	0.02173	0.03003	0.03017	0.01794	0.30617	0.04000	0.10331	0.02470	0.02506	0.01756	0.01253	0.00984	0.00342	0.01093	0.00889	0.01006	0.01684
34	0.13263	0.02465	0.02659	0.02186	0.02959	0.02678	0.01767	0.17391	0.20269	0.17083	0.03598	0.03360	0.02545	0.01377	0.01072	0.00357	0.00998	0.01072	0.01133	0.01768
35	0.01880	0.01609	0.02536	0.12526	0.16632	0.01658	0.02047	0.02298	0.02281	0.03090	0.04390	0.34753	0.04911	0.02439	0.01297	0.00410	0.00981	0.02235	0.00821	0.01205
36	0.01839	0.01381	0.01755	0.01755	0.02072	0.01390	0.01409	0.02751	0.09997	0.04173	0.30723	0.09178	0.08242	0.02449	0.01374	0.00411	0.00746	0.16038	0.01160	0.01158
37	0.08960	0.02578	0.02769	0.02286	0.03052	0.02848	0.01840	0.20720	0.24520	0.12747	0.03670	0.03438	0.02638	0.01408	0.01100	0.00359	0.01018	0.01109	0.01138	0.01801
38	0.02601	0.02180	0.07145	0.20600	0.04555	0.02103	0.06430	0.03227	0.02414	0.11495	0.03071	0.09309	0.02559	0.01506	0.01346	0.00372	0.06134	0.01279	0.10323	0.01348
39	0.01559	0.01114	0.01522	0.01782	0.01930	0.01076	0.01372	0.01892	0.02340	0.03084	0.06100	0.39722	0.07033	0.03349	0.01487	0.00483	0.00816	0.21331	0.01041	0.00966
40	0.02462	0.02462	0.03447	0.02955	0.02955	0.03447	0.02462	0.02709	0.01724	0.02709	0.01477	0.02462	0.01477	0.01970	0.03694	0.00492	0.58385	0.00985	0.00492	0.01231
41	0.22199	0.02234	0.03071	0.25885	0.05070	0.02595	0.07294	0.03603	0.10402	0.03913	0.02331	0.02853	0.01761	0.01149	0.01022	0.00369	0.01252	0.00964	0.00674	0.01358
42	0.02157	0.02017	0.02913	0.07422	0.03074	0.02707	0.02181	0.02498	0.01798	0.02693	0.02019	0.03141	0.01910	0.03980	0.20311	0.00906	0.35527	0.01057	0.00529	0.01160
43	0.01987	0.01353	0.01681	0.01760	0.02046	0.01339	0.01320	0.02732	0.10073	0.07787	0.06241	0.33967	0.10508	0.02895	0.01373	0.00438	0.00771	0.09476	0.01090	0.01161
44	0.03474	0.01667	0.02117	0.01803	0.02401	0.01517	0.01415	0.07705	0.03034	0.29211	0.05891	0.18265	0.12327	0.02146	0.01238	0.00379	0.00843	0.01826	0.01228	0.01513
45	0.12890	0.03590	0.17889	0.07145	0.04005	0.02869	0.02633	0.22216	0.03542	0.09147	0.02419	0.02595	0.01706	0.01210	0.01048	0.00349	0.01308	0.00910	0.00844	0.01686
46	0.07299	0.01673	0.02592	0.33162	0.05117	0.02004	0.02251	0.02464	0.01980	0.02790	0.02064	0.03166	0.01733	0.02602	0.07806	0.17275	0.01482	0.00986	0.00524	0.01031
47	0.02659	0.01888	0.02258	0.06351	0.02833	0.01989	0.01606	0.14857	0.08542	0.08595	0.12620	0.17873	0.08940	0.02138	0.01250	0.00380	0.00894	0.01836	0.01093	0.01398
48	0.23820	0.02361	0.06302	0.02382	0.08116	0.02134	0.01819	0.03940	0.06439	0.17051	0.03458	0.03436	0.06030	0.01296	0.00979	0.00337	0.00977	0.01001	0.00904	0.07217

[dist]
# distance from previous block
# <min> <max>
2	47

[block]
# block no. 3 follows, 11 sequences, length 21
# corresponding to MSA columns:
# 319-339
name=unknown_D
#
# <colnr> <probs for GDERKNQSTAVLIFYWHMCP>
#	G	D	E	R	K	N	Q	S	T	A	V	L	I	F	Y	W	H	M	C	P
0	0.02400	0.01622	0.02386	0.11762	0.09914	0.01605	0.01795	0.02742	0.02295	0.10635	0.03708	0.19279	0.03702	0.08167	0.01919	0.05649	0.01020	0.01667	0.00826	0.06906
1	0.10452	0.08951	0.10096	0.02233	0.03221	0.02632	0.02081	0.16154	0.03351	0.20729	0.02877	0.02808	0.01988	0.01215	0.01012	0.00321	0.01134	0.00916	0.00977	0.06851
2	0.10492	0.02723	0.03004	0.29513	0.05321	0.13759	0.02440	0.03749	0.02592	0.12525	0.02345	0.02815	0.01695	0.01173	0.01055	0.00349	0.01444	0.00922	0.00703	0.01381
3	0.01502	0.01074	0.01450	0.01671	0.01806	0.01022	0.01231	0.01812	0.02374	0.03175	0.11341	0.42728	0.07566	0.03290	0.01453	0.00460	0.00731	0.13289	0.01064	0.00960
4	0.02334	0.02001	0.02334	0.01667	0.02667	0.01500	0.01334	0.02834	0.02334	0.03668	0.02001	0.02334	0.01667	0.00834	0.00834	0.00167	0.00834	0.00667	0.00667	0.67325
5	0.02531	0.02839	0.13797	0.02466	0.03375	0.02085	0.06999	0.03794	0.13406	0.08098	0.03512	0.12389	0.03062	0.01541	0.01130	0.00341	0.01114	0.01362	0.00848	0.15312
6	0.04204	0.05364	0.03190	0.02900	0.03480	0.55926	0.02175	0.04494	0.03190	0.02755	0.01740	0.02030	0.01450	0.01160	0.01015	0.00290	0.02030	0.00725	0.00580	0.01305
7	0.02750	0.21504	0.09603	0.06550	0.03503	0.03131	0.02201	0.07475	0.06758	0.03563	0.02095	0.02428	0.01712	0.01144	0.01189	0.00294	0.06957	0.00805	0.00637	0.15699
8	0.04607	0.02159	0.02706	0.02126	0.02965	0.02076	0.01739	0.11559	0.10740	0.40370	0.04226	0.03733	0.02765	0.01407	0.01133	0.00352	0.00986	0.01137	0.01320	0.01895
9	0.01510	0.01149	0.01406	0.01576	0.01746	0.01110	0.01091	0.02021	0.07197	0.03084	0.06828	0.46680	0.13945	0.03221	0.01391	0.00438	0.00664	0.02880	0.01055	0.01007
10	0.02901	0.14376	0.28857	0.03060	0.04322	0.10276	0.08342	0.08450	0.02806	0.03673	0.02006	0.02342	0.01514	0.01080	0.01039	0.00329	0.01619	0.00853	0.00569	0.01588
11	0.08414	0.06565	0.08848	0.02771	0.03506	0.02737	0.12233	0.11504	0.02801	0.04164	0.02602	0.07759	0.02259	0.01464	0.01476	0.00369	0.09845	0.01193	0.08065	0.01425
12	0.03256	0.01528	0.01914	0.01620	0.02229	0.01311	0.01283	0.03612	0.02872	0.29476	0.07388	0.11120	0.23387	0.02151	0.01236	0.00370	0.00777	0.01798	0.01225	0.01446
13	0.17866	0.01997	0.02322	0.01789	0.02661	0.01795	0.01464	0.04216	0.02672	0.28362	0.03085	0.02948	0.02111	0.01149	0.00948	0.00293	0.00901	0.00879	0.01024	0.21517
14	0.03089	0.43194	0.09724	0.02722	0.09924	0.03808	0.02307	0.03582	0.02413	0.07327	0.01929	0.02164	0.01605	0.01015	0.00841	0.00273	0.01241	0.00722	0.00570	0.01550
15	0.03598	0.01901	0.02313	0.01932	0.02615	0.01860	0.01542	0.04854	0.17676	0.28411	0.10283	0.05197	0.09388	0.01690	0.01178	0.00363	0.00850	0.01407	0.01264	0.01679
16	0.01355	0.01044	0.01239	0.01395	0.01587	0.00929	0.00968	0.01587	0.02320	0.02941	0.08299	0.40007	0.25795	0.03254	0.01394	0.00426	0.00620	0.02867	0.01045	0.00929
17	0.15892	0.01893	0.02300	0.01862	0.02542	0.01888	0.01529	0.04458	0.02736	0.33976	0.03555	0.03397	0.02400	0.01370	0.01232	0.00349	0.05942	0.01013	0.10054	0.01611
18	0.04477	0.02489	0.09667	0.02191	0.03149	0.01883	0.02005	0.05267	0.07259	0.43061	0.04124	0.03665	0.02657	0.01361	0.01125	0.00352	0.01048	0.01103	0.01247	0.01870
19	0.37796	0.02050	0.02117	0.01732	0.02513	0.02104	0.01429	0.04360	0.02546	0.28793	0.02955	0.02796	0.01976	0.01213	0.00907	0.00348	0.00913	0.00862	0.01033	0.01555
20	0.03100	0.01353	0.01908	0.01666	0.02025	0.01245	0.01245	0.03068	0.02311	0.22168	0.08050	0.04082	0.03149	0.02786	0.02841	0.34935	0.00925	0.01143	0.00910	0.01092

[dist]
# distance from previous block
# <min> <max>
4	7

[block]
# block no. 4 follows, 11 sequences, length 7
# corresponding to MSA columns:
# 435-441
name=unknown_E
#
# <colnr> <probs for GDERKNQSTAVLIFYWHMCP>
#	G	D	E	R	K	N	Q	S	T	A	V	L	I	F	Y	W	H	M	C	P
0	0.03357	0.17112	0.20255	0.02696	0.03864	0.03073	0.06225	0.13437	0.03127	0.12718	0.02489	0.02611	0.01785	0.01149	0.01032	0.00326	0.01367	0.00905	0.00775	0.01697
1	0.23048	0.16722	0.11315	0.03120	0.13537	0.08650	0.02387	0.03516	0.02339	0.03748	0.01767	0.02125	0.01443	0.01033	0.00879	0.00316	0.01285	0.00735	0.00573	0.01464
2	0.33703	0.02219	0.02292	0.01853	0.02649	0.02324	0.01529	0.11102	0.02938	0.24838	0.02876	0.02753	0.01944	0.01229	0.00933	0.00347	0.00960	0.00877	0.01037	0.01599
3	0.02514	0.02017	0.02770	0.08811	0.13500	0.02107	0.02026	0.13386	0.03440	0.04757	0.25387	0.05356	0.05817	0.01688	0.01215	0.00348	0.00964	0.01476	0.00993	0.01427
4	0.01478	0.01146	0.01345	0.01295	0.01611	0.01013	0.00972	0.01902	0.02915	0.03869	0.34713	0.09468	0.29138	0.02541	0.01329	0.00365	0.00548	0.02184	0.01154	0.01013
5	0.01531	0.01098	0.01472	0.01626	0.01793	0.01039	0.01210	0.01897	0.02562	0.03480	0.20466	0.34186	0.08218	0.03063	0.01428	0.00438	0.00695	0.11710	0.01103	0.00985
6	0.01765	0.01240	0.01654	0.01842	0.02030	0.01240	0.01504	0.02142	0.02330	0.03044	0.05300	0.11239	0.05826	0.18779	0.02695	0.00675	0.01051	0.33765	0.00940	0.00940

[dist]
# distance from previous block
# <min> <max>
0	12

[block]
# block no. 5 follows, 11 sequences, length 32
# corresponding to MSA columns:
# 454-485
name=unknown_F
#
# <colnr> <probs for GDERKNQSTAVLIFYWHMCP>
#	G	D	E	R	K	N	Q	S	T	A	V	L	I	F	Y	W	H	M	C	P
0	0.02318	0.02388	0.04657	0.30725	0.06506	0.02547	0.23011	0.03138	0.02494	0.03309	0.05766	0.03404	0.02244	0.01133	0.01228	0.00375	0.01603	0.01217	0.00583	0.01353
1	0.01907	0.01279	0.01826	0.01817	0.01855	0.01445	0.01341	0.01795	0.01767	0.02424	0.03168	0.16505	0.03489	0.03397	0.03358	0.34218	0.11441	0.05539	0.00662	0.00768
2	0.01695	0.01200	0.01298	0.01264	0.01662	0.01015	0.00950	0.01986	0.02591	0.07987	0.10239	0.14737	0.43830	0.02773	0.01321	0.00384	0.00615	0.02332	0.01079	0.01040
3	0.03363	0.03195	0.09587	0.03668	0.04754	0.02877	0.26114	0.17200	0.03461	0.10356	0.02623	0.02969	0.01864	0.01127	0.01224	0.00362	0.01578	0.01169	0.00816	0.01691
4	0.02465	0.02174	0.03904	0.03092	0.03715	0.02182	0.20863	0.03282	0.07190	0.07989	0.03857	0.20990	0.03756	0.01950	0.01546	0.00412	0.06565	0.01862	0.00842	0.01363
5	0.07487	0.02176	0.03747	0.14852	0.09841	0.02248	0.13681	0.03469	0.02457	0.12716	0.02686	0.03317	0.02039	0.02455	0.11206	0.00628	0.01712	0.01115	0.00721	0.01448
6	0.01384	0.01042	0.01281	0.01433	0.01607	0.00940	0.00994	0.01640	0.02379	0.03095	0.12641	0.40663	0.20404	0.03208	0.01395	0.00425	0.00617	0.02846	0.01066	0.00940
7	0.01863	0.01011	0.01397	0.01397	0.01397	0.01011	0.00892	0.01516	0.01516	0.02021	0.02417	0.04567	0.02576	0.20338	0.04785	0.48028	0.01011	0.01169	0.00545	0.00545
8	0.02257	0.05822	0.54613	0.03208	0.04871	0.02614	0.04158	0.03564	0.02376	0.03564	0.02020	0.02376	0.01426	0.01069	0.01069	0.00356	0.01663	0.00832	0.00475	0.01663
9	0.02652	0.02135	0.03231	0.35722	0.10373	0.02480	0.02720	0.03845	0.12214	0.09139	0.02804	0.03315	0.02059	0.01225	0.01129	0.00370	0.01302	0.01070	0.00736	0.01480
10	0.02264	0.02207	0.03052	0.02657	0.02716	0.02995	0.02195	0.02528	0.01822	0.02736	0.02680	0.03537	0.07116	0.02651	0.08179	0.00600	0.47172	0.01154	0.00562	0.01181
11	0.47738	0.02185	0.02304	0.14302	0.08203	0.02534	0.01846	0.03227	0.02050	0.04445	0.01714	0.02175	0.01333	0.01058	0.00830	0.00353	0.01052	0.00732	0.00640	0.01279
12	0.01474	0.01095	0.01374	0.01412	0.01636	0.00995	0.01018	0.01854	0.02746	0.03723	0.30437	0.24993	0.17523	0.02789	0.01362	0.00391	0.00577	0.02465	0.01142	0.00995
13	0.02318	0.02219	0.03625	0.37633	0.15909	0.02709	0.03069	0.02960	0.02216	0.03004	0.01928	0.02859	0.01552	0.01256	0.01594	0.00389	0.11902	0.00998	0.00510	0.01352
14	0.02720	0.02262	0.02375	0.02150	0.02743	0.02601	0.01669	0.05600	0.45827	0.04650	0.04478	0.04199	0.03373	0.01503	0.01105	0.00368	0.00849	0.01247	0.08582	0.01698
15	0.01505	0.01125	0.01428	0.01424	0.01673	0.01048	0.01051	0.01918	0.02758	0.03764	0.32003	0.17161	0.17717	0.03204	0.06573	0.00516	0.00797	0.02220	0.01107	0.01009
16	0.02126	0.02001	0.03376	0.57739	0.07752	0.02501	0.03126	0.02876	0.02251	0.02876	0.02001	0.03001	0.01500	0.01125	0.01125	0.00375	0.01500	0.01000	0.00500	0.01250
17	0.03125	0.01743	0.02597	0.13164	0.08891	0.01722	0.01995	0.03594	0.02661	0.22890	0.04255	0.17683	0.03818	0.01937	0.01232	0.00390	0.01035	0.04775	0.01022	0.01469
18	0.02800	0.02418	0.02545	0.02291	0.02927	0.02800	0.01782	0.05981	0.51390	0.04708	0.04581	0.04199	0.03436	0.01527	0.01145	0.00382	0.00891	0.01273	0.01145	0.01782
19	0.01371	0.00979	0.01306	0.01567	0.01632	0.00914	0.01045	0.01567	0.02155	0.02873	0.06203	0.59710	0.07444	0.03526	0.01437	0.00457	0.00653	0.03200	0.01045	0.00914
20	0.19517	0.02202	0.02827	0.13518	0.09465	0.02327	0.02091	0.08496	0.02838	0.21813	0.02828	0.02952	0.01953	0.01207	0.01022	0.00351	0.01114	0.00953	0.00927	0.01600
21	0.02531	0.22951	0.34794	0.02949	0.04343	0.03214	0.07694	0.03507	0.02374	0.03280	0.01901	0.02259	0.01458	0.01025	0.00984	0.00322	0.01541	0.00806	0.00486	0.01581
22	0.01359	0.01126	0.01190	0.01207	0.01546	0.00957	0.00893	0.01658	0.02583	0.03161	0.14742	0.15348	0.44622	0.02865	0.01340	0.00385	0.00575	0.02424	0.01063	0.00957
23	0.09384	0.09655	0.03080	0.02215	0.02998	0.17808	0.01803	0.04792	0.03007	0.29671	0.03111	0.02926	0.02127	0.01250	0.01018	0.00319	0.01291	0.00914	0.01000	0.01632
24	0.03590	0.03090	0.13714	0.08087	0.04197	0.02480	0.07803	0.12044	0.07844	0.20724	0.03196	0.03215	0.02182	0.01257	0.01141	0.00358	0.01299	0.01075	0.00960	0.01742
25	0.12463	0.13978	0.12873	0.07884	0.08400	0.02905	0.02428	0.11411	0.02792	0.04109	0.02471	0.08849	0.02210	0.01374	0.01010	0.00341	0.01223	0.01089	0.00700	0.01489
26	0.33693	0.02087	0.02255	0.01855	0.02563	0.02223	0.01533	0.04227	0.02483	0.26861	0.02847	0.02787	0.01946	0.01289	0.01178	0.00362	0.06409	0.00880	0.00989	0.01532
27	0.02937	0.02765	0.12525	0.12539	0.07585	0.02265	0.02478	0.08235	0.08500	0.13523	0.11299	0.04032	0.03525	0.01419	0.01151	0.00357	0.01162	0.01198	0.00922	0.01582
28	0.01607	0.01579	0.05906	0.01965	0.02295	0.01258	0.05902	0.02027	0.02430	0.03331	0.15030	0.39462	0.07087	0.02843	0.01376	0.00421	0.00824	0.02603	0.00996	0.01059
29	0.09093	0.28871	0.03938	0.12065	0.03495	0.03047	0.01902	0.03156	0.02306	0.07638	0.02702	0.12146	0.02584	0.01479	0.00953	0.00323	0.01109	0.01169	0.00685	0.01339
30	0.09587	0.13769	0.15438	0.02245	0.03222	0.02608	0.02248	0.09026	0.02845	0.17157	0.03054	0.08782	0.02467	0.01428	0.01032	0.00341	0.01162	0.01121	0.00873	0.01595
31	0.13981	0.13833	0.07993	0.02664	0.08290	0.07799	0.02120	0.03625	0.05957	0.07318	0.07911	0.03115	0.02724	0.01328	0.01231	0.00339	0.06632	0.00964	0.00734	0.01443

[dist]
# distance from previous block
# <min> <max>
1	11

[block]
# block no. 6 follows, 11 sequences, length 71
# corresponding to MSA columns:
# 501-571
name=unknown_G
#
# <colnr> <probs for GDERKNQSTAVLIFYWHMCP>
#	G	D	E	R	K	N	Q	S	T	A	V	L	I	F	Y	W	H	M	C	P
0	0.01672	0.01285	0.01644	0.06166	0.02266	0.01338	0.01276	0.02324	0.09267	0.03057	0.05306	0.40701	0.05974	0.09947	0.01890	0.00516	0.00809	0.02552	0.00971	0.01039
1	0.07854	0.02215	0.03034	0.18714	0.04452	0.02503	0.06657	0.09280	0.15469	0.04112	0.03364	0.11442	0.02919	0.01584	0.01161	0.00383	0.01173	0.01393	0.00847	0.01444
2	0.07245	0.01328	0.01572	0.01464	0.01805	0.01262	0.01074	0.02304	0.02459	0.07166	0.19044	0.11777	0.11654	0.12915	0.06738	0.00607	0.00941	0.01766	0.00970	0.05909
3	0.19970	0.16112	0.08705	0.16556	0.04439	0.06838	0.06350	0.03347	0.02285	0.03517	0.01795	0.02295	0.01421	0.01049	0.00925	0.00330	0.01356	0.00799	0.00557	0.01353
4	0.50052	0.08642	0.02385	0.06204	0.02826	0.07836	0.01538	0.03394	0.02103	0.04403	0.01618	0.01940	0.01287	0.01054	0.00764	0.00334	0.01067	0.00651	0.00647	0.01253
5	0.03439	0.12843	0.08453	0.02829	0.03800	0.02512	0.15740	0.04091	0.02822	0.21597	0.07743	0.03566	0.02877	0.01249	0.01131	0.00340	0.01291	0.01159	0.00905	0.01615
6	0.02240	0.12541	0.08321	0.06692	0.03159	0.02108	0.01828	0.02788	0.02381	0.03393	0.07208	0.09835	0.03130	0.01371	0.00984	0.00270	0.00993	0.01137	0.00699	0.28923
7	0.02235	0.01255	0.01527	0.01386	0.01772	0.01139	0.01065	0.02706	0.02904	0.12505	0.26812	0.07152	0.15039	0.02030	0.01178	0.00338	0.00608	0.01730	0.15436	0.01182
8	0.15373	0.02324	0.02512	0.02000	0.02760	0.02449	0.01640	0.22346	0.03690	0.19115	0.03125	0.03085	0.02178	0.01303	0.01001	0.00331	0.00989	0.00980	0.11140	0.01661
9	0.01554	0.01121	0.01470	0.01442	0.01673	0.01036	0.01059	0.02027	0.03006	0.04226	0.44672	0.17384	0.10064	0.02515	0.01347	0.00372	0.00552	0.02239	0.01205	0.01036
10	0.01908	0.01215	0.01478	0.01375	0.01668	0.01106	0.00993	0.02255	0.02704	0.08870	0.27584	0.08220	0.17546	0.15483	0.02304	0.00526	0.00711	0.01925	0.01087	0.01041
11	0.01608	0.01206	0.01809	0.01809	0.02010	0.01407	0.01407	0.02010	0.01809	0.02613	0.03015	0.04422	0.02814	0.08441	0.55984	0.01809	0.03015	0.01206	0.00603	0.01005
12	0.01632	0.01112	0.01334	0.01334	0.01370	0.01149	0.00814	0.01705	0.01668	0.02261	0.03449	0.06829	0.03859	0.50966	0.14889	0.01222	0.01442	0.01558	0.00668	0.00741
13	0.02126	0.02001	0.03376	0.57739	0.07752	0.02501	0.03126	0.02876	0.02251	0.02876	0.02001	0.03001	0.01500	0.01125	0.01125	0.00375	0.01500	0.01000	0.00500	0.01250
14	0.05050	0.01915	0.02612	0.02003	0.02873	0.01654	0.01654	0.05485	0.03221	0.54203	0.04440	0.03831	0.02786	0.01393	0.01132	0.00348	0.00958	0.01132	0.01393	0.01915
15	0.68395	0.02177	0.01654	0.01480	0.02177	0.02525	0.01219	0.03309	0.01915	0.05050	0.01567	0.01828	0.01219	0.01045	0.00697	0.00348	0.00871	0.00609	0.00697	0.01219
16	0.01608	0.01206	0.01809	0.01809	0.02010	0.01407	0.01407	0.02010	0.01809	0.02613	0.03015	0.04422	0.02814	0.08441	0.55984	0.01809	0.03015	0.01206	0.00603	0.01005
17	0.03431	0.02373	0.02648	0.02224	0.02928	0.02584	0.01772	0.15405	0.27663	0.14251	0.08660	0.04189	0.03648	0.01535	0.01156	0.00363	0.00948	0.01260	0.01195	0.01768
18	0.02334	0.02001	0.02334	0.01667	0.02667	0.01500	0.01334	0.02834	0.02334	0.03668	0.02001	0.02334	0.01667	0.00834	0.00834	0.00167	0.00834	0.00667	0.00667	0.67325
19	0.08476	0.14559	0.08141	0.02217	0.03066	0.03029	0.02002	0.13893	0.16197	0.08341	0.06561	0.03316	0.02817	0.01340	0.01025	0.00335	0.01077	0.01033	0.00933	0.01643
20	0.03009	0.61122	0.05898	0.01926	0.02889	0.04454	0.01926	0.03370	0.02287	0.02648	0.01565	0.01805	0.01444	0.00963	0.00722	0.00241	0.01204	0.00602	0.00481	0.01444
21	0.01611	0.01192	0.01738	0.01738	0.01915	0.01369	0.01319	0.01965	0.01788	0.02561	0.03079	0.04779	0.02969	0.14750	0.49887	0.01722	0.02781	0.01258	0.00613	0.00966
22	0.02589	0.01993	0.02360	0.01699	0.02687	0.01515	0.01364	0.03083	0.02417	0.08412	0.02230	0.02474	0.01772	0.00886	0.00862	0.00184	0.00845	0.00710	0.00735	0.61185
23	0.21090	0.02630	0.02619	0.02185	0.02937	0.02986	0.01765	0.21770	0.20595	0.05702	0.03056	0.02993	0.02261	0.01330	0.01017	0.00356	0.01017	0.00995	0.01017	0.01680
24	0.02581	0.16123	0.40762	0.02909	0.04370	0.03043	0.03553	0.07637	0.02619	0.03704	0.01994	0.02297	0.01473	0.01074	0.01008	0.00333	0.01538	0.00804	0.00534	0.01644
25	0.15406	0.02356	0.07359	0.02038	0.02872	0.01998	0.01801	0.08775	0.03000	0.30833	0.03723	0.09086	0.02785	0.01521	0.01081	0.00359	0.01005	0.01217	0.01121	0.01664
26	0.02306	0.05484	0.48793	0.03394	0.04994	0.02642	0.09639	0.03569	0.02410	0.03569	0.02051	0.02456	0.01460	0.01055	0.01101	0.00359	0.01692	0.00892	0.00487	0.01646
27	0.01955	0.00978	0.01466	0.01466	0.01466	0.00978	0.00978	0.01466	0.01466	0.01955	0.01955	0.03421	0.01955	0.03910	0.04399	0.67253	0.00978	0.00978	0.00489	0.00489
28	0.03666	0.07721	0.09625	0.13422	0.09405	0.02446	0.02496	0.08293	0.02967	0.24239	0.03031	0.03109	0.02075	0.01220	0.01085	0.00343	0.01234	0.01000	0.00920	0.01702
29	0.11163	0.01941	0.02520	0.01952	0.02806	0.01738	0.01612	0.05275	0.03095	0.49459	0.04163	0.03638	0.02635	0.01359	0.01090	0.00348	0.00949	0.01081	0.01326	0.01848
30	0.02206	0.02082	0.03521	0.51573	0.13293	0.02522	0.03166	0.02946	0.02288	0.02973	0.02015	0.02975	0.01535	0.01110	0.01124	0.00370	0.01481	0.01001	0.00507	0.01315
31	0.01972	0.04006	0.34266	0.02641	0.03716	0.02009	0.03060	0.02893	0.02344	0.03360	0.03592	0.18623	0.03613	0.01959	0.01224	0.00402	0.01323	0.06912	0.00692	0.01391
32	0.01522	0.01151	0.01581	0.06896	0.02329	0.01139	0.01368	0.01840	0.02287	0.02984	0.06264	0.40709	0.11095	0.03156	0.01420	0.00454	0.00798	0.11042	0.00992	0.00973
33	0.01372	0.01076	0.01242	0.01340	0.01581	0.00946	0.00952	0.01643	0.02456	0.03110	0.13168	0.30564	0.30402	0.03075	0.01373	0.00409	0.00600	0.02680	0.01063	0.00946
34	0.02257	0.05822	0.54613	0.03208	0.04871	0.02614	0.04158	0.03564	0.02376	0.03564	0.02020	0.02376	0.01426	0.01069	0.01069	0.00356	0.01663	0.00832	0.00475	0.01663
35	0.02532	0.02261	0.03690	0.31238	0.15978	0.02531	0.06983	0.07938	0.02681	0.03676	0.02284	0.03043	0.01754	0.01126	0.01108	0.00352	0.01380	0.01036	0.06972	0.01435
36	0.04279	0.03153	0.03378	0.02590	0.03490	0.03490	0.02139	0.49671	0.05292	0.07093	0.02702	0.02702	0.01914	0.01351	0.01126	0.00338	0.01239	0.01013	0.01126	0.01914
37	0.15488	0.13898	0.03425	0.08178	0.03588	0.25247	0.02052	0.09393	0.02956	0.03693	0.01822	0.02137	0.01468	0.01124	0.00931	0.00307	0.01523	0.00746	0.00642	0.01382
38	0.04956	0.02066	0.02705	0.02074	0.02948	0.01877	0.01713	0.10846	0.03473	0.48488	0.04230	0.03694	0.02680	0.01388	0.01131	0.00347	0.00992	0.01117	0.01361	0.01915
39	0.03009	0.01421	0.01893	0.01694	0.02134	0.01274	0.01274	0.03350	0.02750	0.25054	0.13699	0.21553	0.05717	0.07734	0.01689	0.00451	0.00802	0.01957	0.01195	0.01347
40	0.02772	0.02712	0.04786	0.06682	0.48444	0.02692	0.08260	0.03470	0.02573	0.03670	0.02134	0.02812	0.01775	0.00997	0.01137	0.00339	0.01396	0.01037	0.00558	0.01755
41	0.03142	0.02056	0.02163	0.01786	0.02354	0.02217	0.01434	0.25138	0.03763	0.05583	0.03208	0.03481	0.02420	0.01330	0.00949	0.00298	0.00866	0.01032	0.35315	0.01463
42	0.02334	0.02001	0.02334	0.01667	0.02667	0.01500	0.01334	0.02834	0.02334	0.03668	0.02001	0.02334	0.01667	0.00834	0.00834	0.00167	0.00834	0.00667	0.00667	0.67325
43	0.03801	0.02915	0.03109	0.02493	0.03308	0.03267	0.02024	0.35567	0.20173	0.06323	0.03309	0.03186	0.02405	0.01408	0.01132	0.00352	0.01126	0.01097	0.01132	0.01871
44	0.02520	0.01356	0.01801	0.01573	0.02001	0.01221	0.01221	0.03025	0.03195	0.17836	0.39856	0.07180	0.08520	0.02058	0.01275	0.00352	0.00645	0.01793	0.01280	0.01291
45	0.04765	0.01924	0.02583	0.01967	0.02852	0.01638	0.01621	0.05207	0.03128	0.48909	0.04185	0.03674	0.02669	0.01334	0.01101	0.00329	0.00945	0.01083	0.01317	0.08767
46	0.01706	0.01249	0.01811	0.01935	0.02164	0.01354	0.01602	0.02164	0.02183	0.02974	0.04424	0.08381	0.04567	0.05890	0.29936	0.01191	0.02068	0.22570	0.00810	0.01020
47	0.02564	0.02762	0.05113	0.03888	0.04481	0.03134	0.26904	0.03176	0.02210	0.03176	0.01894	0.02762	0.01598	0.01437	0.02460	0.00434	0.28930	0.01164	0.00533	0.01381
48	0.01371	0.00979	0.01306	0.01567	0.01632	0.00914	0.01045	0.01567	0.02155	0.02873	0.06203	0.59710	0.07444	0.03526	0.01437	0.00457	0.00653	0.03200	0.01045	0.00914
49	0.05050	0.01915	0.02612	0.02003	0.02873	0.01654	0.01654	0.05485	0.03221	0.54203	0.04440	0.03831	0.02786	0.01393	0.01132	0.00348	0.00958	0.01132	0.01393	0.01915
50	0.68395	0.02177	0.01654	0.01480	0.02177	0.02525	0.01219	0.03309	0.01915	0.05050	0.01567	0.01828	0.01219	0.01045	0.00697	0.00348	0.00871	0.00609	0.00697	0.01219
51	0.03835	0.02356	0.02668	0.02175	0.02923	0.02499	0.01755	0.18458	0.18823	0.19974	0.03896	0.03647	0.02740	0.01415	0.01101	0.00347	0.00979	0.01133	0.07487	0.01790
52	0.02786	0.02674	0.04568	0.06908	0.53424	0.02674	0.03454	0.03454	0.02563	0.03677	0.02117	0.02786	0.01783	0.01003	0.01114	0.00334	0.01337	0.01003	0.00557	0.01783
53	0.02786	0.02674	0.04568	0.06908	0.53424	0.02674	0.03454	0.03454	0.02563	0.03677	0.02117	0.02786	0.01783	0.01003	0.01114	0.00334	0.01337	0.01003	0.00557	0.01783
54	0.01513	0.01147	0.01394	0.01332	0.01633	0.01028	0.00999	0.01970	0.02998	0.04067	0.40283	0.09142	0.23445	0.02467	0.01328	0.00362	0.00543	0.02138	0.01180	0.01028
55	0.02657	0.03036	0.06641	0.04744	0.05882	0.02846	0.49336	0.03605	0.02657	0.03605	0.02277	0.03036	0.01708	0.00949	0.01328	0.00380	0.01898	0.01328	0.00569	0.01518
56	0.02657	0.03036	0.06641	0.04744	0.05882	0.02846	0.49336	0.03605	0.02657	0.03605	0.02277	0.03036	0.01708	0.00949	0.01328	0.00380	0.01898	0.01328	0.00569	0.01518
57	0.03395	0.32964	0.04662	0.02846	0.11730	0.03392	0.02122	0.04070	0.06789	0.14196	0.02547	0.02624	0.01967	0.01112	0.00916	0.00293	0.01147	0.00845	0.00750	0.01635
58	0.01371	0.00979	0.01306	0.01567	0.01632	0.00914	0.01045	0.01567	0.02155	0.02873	0.06203	0.59710	0.07444	0.03526	0.01437	0.00457	0.00653	0.03200	0.01045	0.00914
59	0.05050	0.01915	0.02612	0.02003	0.02873	0.01654	0.01654	0.05485	0.03221	0.54203	0.04440	0.03831	0.02786	0.01393	0.01132	0.00348	0.00958	0.01132	0.01393	0.01915
60	0.14341	0.03486	0.18504	0.13261	0.04666	0.02759	0.07254	0.11283	0.06389	0.04374	0.02263	0.02650	0.01660	0.01145	0.01054	0.00359	0.01387	0.00935	0.00686	0.01543
61	0.02612	0.02497	0.08721	0.01944	0.02978	0.01775	0.01748	0.03463	0.07153	0.08260	0.02469	0.02653	0.01908	0.00979	0.00919	0.00227	0.00951	0.00787	0.00754	0.47204
62	0.68395	0.02177	0.01654	0.01480	0.02177	0.02525	0.01219	0.03309	0.01915	0.05050	0.01567	0.01828	0.01219	0.01045	0.00697	0.00348	0.00871	0.00609	0.00697	0.01219
63	0.07806	0.01490	0.02106	0.01790	0.02233	0.01413	0.05664	0.02687	0.03030	0.09231	0.39015	0.06896	0.08220	0.01978	0.01254	0.00355	0.00730	0.01759	0.01144	0.01200
64	0.01437	0.01030	0.01365	0.01523	0.01647	0.00958	0.01050	0.01732	0.02459	0.03357	0.19965	0.44569	0.08381	0.03165	0.01404	0.00427	0.00617	0.02856	0.01102	0.00958
65	0.02257	0.05822	0.54613	0.03208	0.04871	0.02614	0.04158	0.03564	0.02376	0.03564	0.02020	0.02376	0.01426	0.01069	0.01069	0.00356	0.01663	0.00832	0.00475	0.01663
66	0.02507	0.02321	0.03765	0.36783	0.12318	0.02669	0.07422	0.07454	0.06817	0.03577	0.02325	0.03054	0.01758	0.01148	0.01145	0.00368	0.01443	0.01057	0.00625	0.01446
67	0.01637	0.01091	0.01228	0.01228	0.01228	0.01091	0.00682	0.01637	0.01637	0.02182	0.03546	0.07365	0.04092	0.60445	0.05729	0.01091	0.01091	0.01637	0.00682	0.00682
68	0.01722	0.01275	0.01649	0.01731	0.01983	0.01263	0.01350	0.02424	0.07415	0.03800	0.23122	0.21556	0.07939	0.02759	0.01403	0.00430	0.00745	0.15221	0.01123	0.01088
69	0.02434	0.08958	0.12492	0.02478	0.07952	0.02126	0.02116	0.03083	0.02359	0.03543	0.01970	0.02330	0.01611	0.00906	0.00892	0.00225	0.01072	0.00722	0.00602	0.42130
70	0.09837	0.18676	0.12783	0.02418	0.03380	0.09440	0.05978	0.07917	0.02703	0.03788	0.02048	0.02367	0.01626	0.01071	0.00917	0.00295	0.01323	0.00800	0.06329	0.06303

[dist]
# distance from previous block
# <min> <max>
0	5

[block]
# block no. 7 follows, 11 sequences, length 21
# corresponding to MSA columns:
# 577-597
name=unknown_H
#
# <colnr> <probs for GDERKNQSTAVLIFYWHMCP>
#	G	D	E	R	K	N	Q	S	T	A	V	L	I	F	Y	W	H	M	C	P
0	0.02617	0.28022	0.19264	0.08834	0.04310	0.03465	0.07787	0.03342	0.02302	0.03039	0.01810	0.02283	0.01476	0.01091	0.01170	0.00323	0.06077	0.00819	0.00492	0.01475
1	0.04352	0.01888	0.02496	0.02004	0.02762	0.01718	0.01655	0.08551	0.03330	0.40748	0.08930	0.05019	0.03797	0.01640	0.01190	0.00364	0.00949	0.05535	0.01322	0.01751
