[name]
unknown

[dist]
# distance from previous block
# <min> <max>
0	218

[block]
# block no. 0 follows, 13 sequences, length 64
# corresponding to MSA columns:
# 243-252,259-312
name=unknown_A
#
# <colnr> <probs for GDERKNQSTAVLIFYWHMCP>
#	G	D	E	R	K	N	Q	S	T	A	V	L	I	F	Y	W	H	M	C	P
0	0.02840	0.02735	0.04097	0.05850	0.47617	0.06634	0.03046	0.07801	0.02682	0.03683	0.02013	0.02558	0.01663	0.00982	0.01041	0.00311	0.01295	0.00924	0.00573	0.01654
1	0.02121	0.05469	0.57364	0.03014	0.04576	0.02455	0.03906	0.03348	0.02232	0.03348	0.01897	0.02232	0.01339	0.01005	0.01005	0.00335	0.01563	0.00781	0.00446	0.01563
2	0.02561	0.02455	0.04191	0.11318	0.51853	0.02498	0.03217	0.03196	0.02381	0.03387	0.01979	0.02635	0.01651	0.00952	0.01048	0.00317	0.01270	0.00942	0.00519	0.01630
3	0.01938	0.01494	0.01723	0.01591	0.01964	0.01574	0.01215	0.03317	0.21091	0.04279	0.33049	0.06162	0.06968	0.01825	0.01143	0.00334	0.00618	0.01579	0.06900	0.01236
4	0.01306	0.00934	0.01243	0.01460	0.01537	0.00871	0.00983	0.01517	0.02107	0.02831	0.10085	0.57519	0.07248	0.03214	0.01341	0.00421	0.00604	0.02912	0.00997	0.00871
5	0.01371	0.01054	0.01253	0.01249	0.01514	0.00937	0.00920	0.01735	0.02628	0.03482	0.31068	0.16488	0.27433	0.02526	0.01263	0.00356	0.00529	0.02192	0.01067	0.00937
6	0.01307	0.00935	0.01244	0.01459	0.01538	0.00871	0.00983	0.01519	0.02111	0.02837	0.10301	0.57284	0.07261	0.03209	0.01340	0.00421	0.00603	0.02908	0.00998	0.00871
7	0.03712	0.02671	0.02898	0.02307	0.03084	0.02948	0.01878	0.35752	0.18060	0.10623	0.03161	0.03012	0.02256	0.01317	0.01063	0.00329	0.01052	0.01027	0.01085	0.01765
8	0.03562	0.02734	0.02916	0.02340	0.03105	0.03065	0.01899	0.37217	0.21220	0.05926	0.03119	0.03001	0.02269	0.01324	0.01064	0.00331	0.01056	0.01032	0.01064	0.01757
9	0.01997	0.01879	0.03171	0.60301	0.07282	0.02349	0.02936	0.02701	0.02114	0.02701	0.01879	0.02819	0.01409	0.01057	0.01057	0.00352	0.01409	0.00940	0.00470	0.01175
10	0.70310	0.02045	0.01554	0.01390	0.02045	0.02372	0.01145	0.03108	0.01799	0.04744	0.01472	0.01718	0.01145	0.00981	0.00654	0.00327	0.00818	0.00573	0.00654	0.01145
11	0.01759	0.01238	0.01474	0.01366	0.01721	0.01154	0.01040	0.02407	0.07473	0.07648	0.33702	0.07918	0.22701	0.02190	0.01219	0.00342	0.00570	0.01882	0.01111	0.01085
12	0.02509	0.02144	0.02286	0.02064	0.02625	0.02456	0.01601	0.05232	0.48855	0.04403	0.09789	0.04367	0.03948	0.01512	0.01094	0.00356	0.00801	0.01272	0.01085	0.01601
13	0.02756	0.01856	0.02182	0.01842	0.02236	0.02025	0.01400	0.19055	0.02865	0.09535	0.02955	0.04421	0.02702	0.24292	0.10364	0.00765	0.05500	0.01196	0.00828	0.01225
14	0.01997	0.01879	0.03171	0.60301	0.07282	0.02349	0.02936	0.02701	0.02114	0.02701	0.01879	0.02819	0.01409	0.01057	0.01057	0.00352	0.01409	0.00940	0.00470	0.01175
15	0.01515	0.01114	0.01602	0.01602	0.01757	0.01269	0.01200	0.01825	0.01670	0.02382	0.02921	0.04647	0.02858	0.17731	0.49143	0.01579	0.02510	0.01205	0.00580	0.00890
16	0.01997	0.01879	0.03171	0.60301	0.07282	0.02349	0.02936	0.02701	0.02114	0.02701	0.01879	0.02819	0.01409	0.01057	0.01057	0.00352	0.01409	0.00940	0.00470	0.01175
17	0.02313	0.02313	0.03238	0.02776	0.02776	0.03238	0.02313	0.02545	0.01619	0.02545	0.01388	0.02313	0.01388	0.01851	0.03470	0.00463	0.60907	0.00925	0.00463	0.01157
18	0.01288	0.00920	0.01227	0.01472	0.01534	0.00859	0.00981	0.01472	0.02024	0.02699	0.05828	0.62152	0.06993	0.03312	0.01350	0.00429	0.00613	0.03006	0.00981	0.00859
19	0.01704	0.01217	0.01704	0.01947	0.02191	0.01217	0.01704	0.02191	0.02434	0.03164	0.05598	0.11926	0.06085	0.02921	0.01460	0.00487	0.00974	0.49130	0.00974	0.00974
20	0.01821	0.02593	0.16387	0.02278	0.02869	0.05556	0.07302	0.02356	0.02197	0.02932	0.04121	0.36075	0.04558	0.02300	0.01221	0.00386	0.01075	0.02079	0.00765	0.01127
21	0.02827	0.63478	0.05540	0.01809	0.02714	0.04184	0.01809	0.03166	0.02148	0.02488	0.01470	0.01696	0.01357	0.00905	0.00678	0.00226	0.01131	0.00565	0.00452	0.01357
22	0.01512	0.01123	0.01400	0.01481	0.01669	0.01094	0.01068	0.02035	0.06765	0.03243	0.18696	0.30286	0.10599	0.07783	0.01642	0.00448	0.00664	0.06528	0.01007	0.00959
23	0.01669	0.01246	0.01498	0.01589	0.01849	0.01255	0.01221	0.02437	0.10746	0.03309	0.09003	0.25296	0.12872	0.02581	0.01260	0.00400	0.00707	0.13315	0.06705	0.01042
24	0.02878	0.02260	0.03169	0.02502	0.03205	0.02378	0.13307	0.12993	0.20162	0.08223	0.03316	0.03413	0.02455	0.01232	0.01049	0.00328	0.01056	0.01115	0.13440	0.01521
25	0.01323	0.00945	0.01267	0.01512	0.01589	0.00889	0.01042	0.01533	0.02059	0.02738	0.05808	0.57926	0.06917	0.03280	0.01359	0.00434	0.00644	0.06887	0.00981	0.00868
26	0.01354	0.00984	0.01284	0.01455	0.01587	0.00914	0.01030	0.01622	0.02249	0.03003	0.14347	0.44650	0.11571	0.03038	0.01334	0.00412	0.00618	0.06642	0.01011	0.00894
27	0.02192	0.01879	0.02192	0.01566	0.02506	0.01409	0.01253	0.02662	0.02192	0.03445	0.01879	0.02192	0.01566	0.00783	0.00783	0.00157	0.00783	0.00626	0.00626	0.69305
28	0.03032	0.03510	0.03132	0.02753	0.02992	0.27551	0.02194	0.03281	0.02224	0.02563	0.01496	0.02135	0.01377	0.01516	0.02365	0.00379	0.34996	0.00818	0.00499	0.01187
29	0.03919	0.02052	0.02414	0.01897	0.02609	0.02059	0.01552	0.21712	0.03561	0.28102	0.03437	0.03287	0.02342	0.01279	0.00995	0.00307	0.00912	0.01007	0.14923	0.01633
30	0.02617	0.02512	0.04292	0.06490	0.56246	0.02512	0.03245	0.03245	0.02407	0.03454	0.01989	0.02617	0.01675	0.00942	0.01047	0.00314	0.01256	0.00942	0.00523	0.01675
31	0.02561	0.02455	0.04190	0.11368	0.51808	0.02497	0.03217	0.03196	0.02381	0.03386	0.01979	0.02635	0.01651	0.00952	0.01048	0.00317	0.01270	0.00942	0.00519	0.01629
32	0.02644	0.48494	0.18926	0.02120	0.03195	0.03737	0.02351	0.03213	0.02170	0.02710	0.01580	0.01835	0.01352	0.00930	0.00763	0.00254	0.01242	0.00621	0.00451	0.01410
33	0.04146	0.02482	0.02731	0.02141	0.02912	0.06304	0.01747	0.25481	0.03865	0.27615	0.06901	0.03321	0.02690	0.01336	0.01066	0.00319	0.01057	0.01048	0.01136	0.01702
34	0.02617	0.02512	0.04292	0.06490	0.56246	0.02512	0.03245	0.03245	0.02407	0.03454	0.01989	0.02617	0.01675	0.00942	0.01047	0.00314	0.01256	0.00942	0.00523	0.01675
35	0.01322	0.00963	0.01253	0.01472	0.01582	0.00895	0.01028	0.01542	0.02103	0.02758	0.06328	0.52050	0.12123	0.03209	0.01349	0.00427	0.00638	0.07104	0.00981	0.00873
36	0.02827	0.63478	0.05540	0.01809	0.02714	0.04184	0.01809	0.03166	0.02148	0.02488	0.01470	0.01696	0.01357	0.00905	0.00678	0.00226	0.01131	0.00565	0.00452	0.01357
37	0.02897	0.02404	0.02541	0.02206	0.02851	0.02755	0.01738	0.14668	0.44851	0.04853	0.03964	0.03675	0.02953	0.01403	0.01072	0.00351	0.00900	0.01149	0.01072	0.01697
38	0.02617	0.02512	0.04292	0.06490	0.56246	0.02512	0.03245	0.03245	0.02407	0.03454	0.01989	0.02617	0.01675	0.00942	0.01047	0.00314	0.01256	0.00942	0.00523	0.01675
39	0.03766	0.03764	0.02970	0.02516	0.03190	0.27469	0.01970	0.23889	0.11998	0.04515	0.02424	0.02486	0.01835	0.01217	0.01015	0.00304	0.01438	0.00872	0.00835	0.01527
40	0.02490	0.34220	0.21782	0.02159	0.03283	0.03153	0.02395	0.03140	0.02183	0.02929	0.01678	0.01954	0.01387	0.00916	0.00802	0.00250	0.01212	0.00646	0.00480	0.12943
41	0.02158	0.02083	0.03645	0.45263	0.16542	0.02408	0.07158	0.02864	0.02203	0.02904	0.01922	0.02783	0.01477	0.01021	0.01071	0.00345	0.01411	0.00966	0.00486	0.01292
42	0.25671	0.07982	0.02686	0.12737	0.03475	0.15614	0.01859	0.07730	0.02498	0.03736	0.01971	0.02754	0.01668	0.01176	0.00893	0.00321	0.01249	0.04108	0.00637	0.01235
43	0.02669	0.01330	0.01778	0.01545	0.01986	0.01189	0.01200	0.03107	0.02918	0.23453	0.32312	0.11188	0.07008	0.01952	0.01189	0.00339	0.00656	0.01699	0.01201	0.01279
44	0.01360	0.01066	0.01231	0.01210	0.01501	0.00937	0.00900	0.01724	0.02642	0.03454	0.30160	0.12411	0.32646	0.02491	0.01255	0.00351	0.00524	0.02139	0.01062	0.00937
45	0.02872	0.03301	0.02301	0.02112	0.02527	0.33301	0.01584	0.03244	0.02995	0.03313	0.25373	0.04538	0.05145	0.01560	0.01082	0.00299	0.01288	0.01222	0.00817	0.01126
46	0.02121	0.05469	0.57364	0.03014	0.04576	0.02455	0.03906	0.03348	0.02232	0.03348	0.01897	0.02232	0.01339	0.01005	0.01005	0.00335	0.01563	0.00781	0.00446	0.01563
47	0.02076	0.01188	0.01537	0.01383	0.01725	0.01087	0.01061	0.02560	0.02916	0.12799	0.41720	0.06775	0.08002	0.01923	0.01163	0.00322	0.00563	0.01675	0.08398	0.01127
48	0.04744	0.01799	0.02454	0.01881	0.02699	0.01554	0.01554	0.05153	0.03026	0.56979	0.04171	0.03599	0.02617	0.01309	0.01063	0.00327	0.00900	0.01063	0.01309	0.01799
49	0.02688	0.52081	0.15722	0.02046	0.03080	0.03844	0.02221	0.03202	0.02165	0.02657	0.01554	0.01801	0.01353	0.00924	0.00742	0.00247	0.01216	0.00608	0.00451	0.01397
50	0.01417	0.01012	0.01375	0.01620	0.01738	0.00970	0.01206	0.01695	0.02152	0.02844	0.05756	0.46552	0.06711	0.03191	0.01384	0.00447	0.00725	0.17331	0.00979	0.00894
51	0.02450	0.02342	0.03990	0.21000	0.43043	0.02468	0.03162	0.03098	0.02328	0.03251	0.01959	0.02671	0.01603	0.00973	0.01050	0.00324	0.01297	0.00941	0.00509	0.01540
52	0.37234	0.03039	0.02316	0.01985	0.02658	0.17113	0.01585	0.15322	0.02871	0.04648	0.01770	0.01964	0.01358	0.01079	0.00829	0.00311	0.01182	0.00692	0.00723	0.01323
53	0.01971	0.00985	0.00985	0.00985	0.01232	0.00985	0.00739	0.02464	0.02217	0.03942	0.03449	0.03942	0.02710	0.01232	0.00739	0.00246	0.00493	0.00985	0.68712	0.00985
54	0.03372	0.02865	0.02794	0.02334	0.03034	0.08885	0.01858	0.25850	0.27496	0.05196	0.03255	0.03119	0.02410	0.01326	0.01055	0.00332	0.01092	0.01035	0.01011	0.01680
55	0.09384	0.03004	0.02902	0.02334	0.03096	0.09012	0.01891	0.36393	0.11805	0.05735	0.02614	0.02610	0.01908	0.01250	0.01015	0.00319	0.01165	0.00927	0.00972	0.01664
56	0.09185	0.01575	0.01959	0.01641	0.02204	0.01492	0.01308	0.03763	0.06890	0.27461	0.24206	0.05148	0.05428	0.01625	0.01100	0.00332	0.00730	0.01363	0.01175	0.01415
57	0.01472	0.01084	0.01414	0.01592	0.01796	0.01026	0.01256	0.01821	0.02334	0.03032	0.10128	0.27908	0.15461	0.02953	0.01371	0.00434	0.00744	0.22262	0.00991	0.00923
58	0.01536	0.01033	0.01192	0.01192	0.01206	0.01046	0.00690	0.01563	0.01549	0.02079	0.03296	0.06721	0.03758	0.58902	0.09203	0.01073	0.01155	0.01509	0.00635	0.00662
59	0.01538	0.01025	0.01153	0.01153	0.01153	0.01025	0.00641	0.01538	0.01538	0.02050	0.03331	0.06919	0.03844	0.62842	0.05382	0.01025	0.01025	0.01538	0.00641	0.00641
60	0.02121	0.05469	0.57364	0.03014	0.04576	0.02455	0.03906	0.03348	0.02232	0.03348	0.01897	0.02232	0.01339	0.01005	0.01005	0.00335	0.01563	0.00781	0.00446	0.01563
61	0.02489	0.01454	0.01674	0.01471	0.01876	0.01465	0.01132	0.08304	0.07444	0.11732	0.16657	0.04970	0.04561	0.06286	0.01338	0.00358	0.00696	0.01288	0.23579	0.01226
62	0.01958	0.01817	0.03035	0.55718	0.06839	0.02244	0.02786	0.02647	0.02182	0.02821	0.06061	0.03214	0.02075	0.01143	0.01072	0.00351	0.01339	0.01015	0.00524	0.01161
63	0.02584	0.02463	0.04128	0.06107	0.52070	0.02426	0.03090	0.03200	0.02391	0.03454	0.01980	0.02584	0.01666	0.00930	0.01026	0.00302	0.01219	0.00918	0.00531	0.06930

[dist]
# distance from previous block
# <min> <max>
0	1

[block]
# block no. 1 follows, 13 sequences, length 13
# corresponding to MSA columns:
# 314-326
name=unknown_B
#
# <colnr> <probs for GDERKNQSTAVLIFYWHMCP>
#	G	D	E	R	K	N	Q	S	T	A	V	L	I	F	Y	W	H	M	C	P
0	0.02420	0.03529	0.21337	0.04135	0.15192	0.02567	0.21019	0.03621	0.08784	0.03516	0.02300	0.02745	0.01736	0.01004	0.01110	0.00341	0.01490	0.01034	0.00572	0.01550
1	0.02629	0.44239	0.04495	0.01733	0.02649	0.03317	0.01635	0.03009	0.02162	0.02787	0.01598	0.01851	0.01422	0.00867	0.00711	0.00204	0.01022	0.00584	0.00507	0.22579
2	0.01661	0.01160	0.01297	0.01327	0.01589	0.01108	0.00964	0.06186	0.02444	0.03361	0.06556	0.28243	0.20871	0.02490	0.01162	0.00358	0.00611	0.02152	0.15480	0.00979
3	0.01701	0.02487	0.19085	0.02110	0.02728	0.01676	0.02129	0.02344	0.01866	0.02734	0.02540	0.03554	0.02236	0.05767	0.40647	0.01273	0.02436	0.01023	0.00529	0.01137
4	0.02084	0.01685	0.03026	0.02523	0.03029	0.01581	0.17250	0.02614	0.02472	0.07965	0.10916	0.20755	0.05118	0.02148	0.01303	0.00397	0.01066	0.12014	0.00892	0.01161
5	0.01837	0.00918	0.01377	0.01377	0.01377	0.00918	0.00918	0.01377	0.01377	0.01837	0.01837	0.03214	0.01837	0.03673	0.04132	0.69238	0.00918	0.00918	0.00459	0.00459
6	0.01703	0.01545	0.02800	0.02366	0.02751	0.01451	0.17014	0.02115	0.02201	0.02971	0.08152	0.34774	0.05255	0.07684	0.01663	0.00452	0.01006	0.02247	0.00826	0.01027
7	0.08888	0.03086	0.02720	0.02232	0.02960	0.19809	0.01779	0.15254	0.03362	0.25222	0.02830	0.02705	0.01942	0.01209	0.00999	0.00308	0.01267	0.00885	0.00969	0.01574
8	0.02267	0.02065	0.03393	0.04878	0.39172	0.02039	0.02543	0.02855	0.02590	0.03700	0.18761	0.04266	0.04268	0.01323	0.01109	0.00320	0.01020	0.01245	0.00723	0.01463
9	0.24190	0.02036	0.02050	0.01754	0.02390	0.02234	0.01409	0.09346	0.17642	0.13555	0.03105	0.03042	0.02259	0.01229	0.00899	0.00325	0.00834	0.00927	0.09317	0.01458
10	0.02989	0.01854	0.02274	0.01664	0.02566	0.01455	0.01347	0.03440	0.02453	0.20165	0.02595	0.02632	0.01894	0.00947	0.00871	0.00210	0.00819	0.00763	0.00839	0.48221
11	0.08530	0.09592	0.15977	0.02350	0.03361	0.02417	0.05595	0.10582	0.02877	0.24277	0.02789	0.02740	0.01894	0.01136	0.00989	0.00319	0.01169	0.00904	0.00879	0.01622
12	0.49606	0.02331	0.02060	0.01716	0.02430	0.02655	0.01415	0.18603	0.02790	0.05343	0.01805	0.01974	0.01349	0.01071	0.00780	0.00324	0.00926	0.00691	0.00780	0.01349

[dist]
# distance from previous block
# <min> <max>
0	23

[block]
# block no. 2 follows, 13 sequences, length 6
# corresponding to MSA columns:
# 350-355
name=unknown_C
#
# <colnr> <probs for GDERKNQSTAVLIFYWHMCP>
#	G	D	E	R	K	N	Q	S	T	A	V	L	I	F	Y	W	H	M	C	P
0	0.02192	0.01879	0.02192	0.01566	0.02506	0.01409	0.01253	0.02662	0.02192	0.03445	0.01879	0.02192	0.01566	0.00783	0.00783	0.00157	0.00783	0.00626	0.00626	0.69305
1	0.03497	0.02702	0.02879	0.02327	0.03080	0.03035	0.01883	0.35013	0.23530	0.05821	0.03202	0.03067	0.02335	0.01331	0.01065	0.00333	0.01041	0.01043	0.01065	0.01751
2	0.01875	0.01173	0.01488	0.01356	0.01698	0.01051	0.01036	0.02322	0.02894	0.10857	0.41028	0.07742	0.17130	0.02142	0.01224	0.00336	0.00557	0.01858	0.01151	0.01083
3	0.02944	0.03133	0.03973	0.05564	0.43222	0.16300	0.02949	0.03485	0.02552	0.03241	0.01902	0.02442	0.01598	0.00978	0.01024	0.00304	0.01416	0.00878	0.00529	0.01564
4	0.01476	0.00999	0.01171	0.01232	0.01247	0.00984	0.00724	0.01522	0.01657	0.02210	0.03945	0.20498	0.04618	0.48207	0.04390	0.00879	0.00924	0.01899	0.00724	0.00694
5	0.01863	0.01693	0.02359	0.02198	0.02239	0.02189	0.01734	0.02091	0.01774	0.02592	0.03142	0.24259	0.03548	0.02966	0.07997	0.00569	0.33396	0.01702	0.00661	0.01028

[dist]
# distance from previous block
# <min> <max>
3	46

[block]
# block no. 3 follows, 13 sequences, length 16
# corresponding to MSA columns:
# 402-417
name=unknown_D
#
# <colnr> <probs for GDERKNQSTAVLIFYWHMCP>
#	G	D	E	R	K	N	Q	S	T	A	V	L	I	F	Y	W	H	M	C	P
0	0.01651	0.01352	0.01990	0.21398	0.03512	0.01451	0.01645	0.02205	0.02656	0.03627	0.34466	0.06315	0.10010	0.01819	0.01183	0.00341	0.00811	0.01601	0.00916	0.01051
1	0.02106	0.01940	0.02716	0.02494	0.02577	0.02550	0.02106	0.02424	0.01897	0.02756	0.02822	0.05587	0.02988	0.02215	0.02785	0.00471	0.40495	0.17343	0.00637	0.01094
2	0.02244	0.01866	0.02058	0.01872	0.02351	0.02074	0.01443	0.04384	0.36850	0.04361	0.21804	0.05291	0.05526	0.01682	0.01134	0.00350	0.00722	0.01439	0.01106	0.01443
3	0.01591	0.01111	0.01451	0.01612	0.01748	0.01103	0.01243	0.01870	0.02073	0.02721	0.04857	0.17057	0.05445	0.23382	0.02781	0.00662	0.00942	0.26643	0.00861	0.00845
4	0.03452	0.01815	0.05999	0.01774	0.02451	0.01429	0.01532	0.03949	0.02958	0.35208	0.21556	0.04966	0.05033	0.01578	0.01122	0.00330	0.00810	0.01332	0.01198	0.01509
5	0.02078	0.04246	0.38907	0.22524	0.05498	0.02419	0.03576	0.03128	0.02192	0.03128	0.01891	0.02432	0.01363	0.01022	0.01022	0.00341	0.01510	0.00835	0.00454	0.01430
6	0.02495	0.01243	0.01672	0.01591	0.01937	0.01116	0.01179	0.02802	0.02506	0.21409	0.12499	0.34337	0.05936	0.02463	0.01237	0.00381	0.00694	0.02185	0.01119	0.01199
7	0.03341	0.02269	0.03666	0.04920	0.38009	0.02186	0.02669	0.03895	0.02618	0.21684	0.02732	0.02951	0.01996	0.01067	0.01052	0.00318	0.01135	0.00983	0.00791	0.01717
8	0.01337	0.00955	0.01282	0.01528	0.01610	0.00901	0.01066	0.01556	0.02072	0.02753	0.05801	0.56302	0.06887	0.03267	0.01362	0.00436	0.00655	0.08378	0.00981	0.00872
9	0.08204	0.02318	0.02610	0.02101	0.02857	0.02456	0.01707	0.20489	0.17518	0.23066	0.03505	0.03228	0.02423	0.01309	0.01038	0.00333	0.00962	0.01031	0.01122	0.01722
10	0.70310	0.02045	0.01554	0.01390	0.02045	0.02372	0.01145	0.03108	0.01799	0.04744	0.01472	0.01718	0.01145	0.00981	0.00654	0.00327	0.00818	0.00573	0.00654	0.01145
11	0.26551	0.04019	0.02505	0.02270	0.02852	0.39448	0.01737	0.03843	0.02589	0.03322	0.01579	0.01842	0.01288	0.01053	0.00852	0.00291	0.01536	0.00644	0.00582	0.01198
12	0.02873	0.02451	0.03075	0.02547	0.02850	0.03111	0.02111	0.19629	0.02798	0.04035	0.01909	0.02492	0.01610	0.01614	0.02477	0.00400	0.36773	0.00938	0.04943	0.01364
13	0.01288	0.00920	0.01227	0.01472	0.01534	0.00859	0.00981	0.01472	0.02024	0.02699	0.05828	0.62152	0.06993	0.03312	0.01350	0.00429	0.00613	0.03006	0.00981	0.00859
14	0.03341	0.02269	0.03666	0.04920	0.38009	0.02186	0.02669	0.03895	0.02618	0.21684	0.02732	0.02951	0.01996	0.01067	0.01052	0.00318	0.01135	0.00983	0.00791	0.01717
15	0.28420	0.01711	0.01663	0.01386	0.01959	0.01678	0.01045	0.02529	0.01862	0.03569	0.02116	0.03293	0.02022	0.17726	0.01983	0.00459	0.00862	0.00853	0.00641	0.24222

[dist]
# distance from previous block
# <min> <max>
0	1

[block]
# block no. 4 follows, 13 sequences, length 12
# corresponding to MSA columns:
# 419-430
name=unknown_E
#
# <colnr> <probs for GDERKNQSTAVLIFYWHMCP>
#	G	D	E	R	K	N	Q	S	T	A	V	L	I	F	Y	W	H	M	C	P
0	0.02092	0.02011	0.03192	0.42891	0.05918	0.02618	0.02748	0.02654	0.01964	0.02654	0.01731	0.02666	0.01403	0.01297	0.01787	0.00386	0.19416	0.00935	0.00468	0.01169
1	0.02171	0.02966	0.18890	0.02004	0.03132	0.01726	0.02056	0.02870	0.02205	0.03416	0.01885	0.02205	0.01497	0.00850	0.00850	0.00211	0.01019	0.00673	0.00572	0.48803
2	0.01945	0.01414	0.01714	0.01597	0.01910	0.01418	0.01198	0.12126	0.03101	0.04265	0.29817	0.23231	0.07415	0.02329	0.01240	0.00359	0.00668	0.02048	0.01087	0.01118
3	0.02334	0.01186	0.01598	0.01596	0.01886	0.01069	0.01155	0.02586	0.02328	0.19127	0.05326	0.44431	0.05669	0.02706	0.01263	0.00398	0.00700	0.02418	0.01080	0.01143
4	0.02672	0.02196	0.02556	0.02123	0.02569	0.02545	0.01735	0.22239	0.03195	0.04281	0.04668	0.04783	0.18025	0.01869	0.01836	0.00373	0.18815	0.01331	0.00857	0.01332
5	0.01529	0.01058	0.01318	0.01318	0.01376	0.01115	0.00847	0.01644	0.01587	0.02172	0.03180	0.06082	0.03481	0.46223	0.21504	0.01229	0.01572	0.01415	0.00618	0.00732
6	0.03021	0.47180	0.04823	0.01944	0.02720	0.03704	0.01840	0.03356	0.02199	0.09908	0.01827	0.02035	0.01532	0.01082	0.01092	0.00270	0.08827	0.00680	0.00570	0.01391
7	0.03936	0.01913	0.02652	0.02446	0.09969	0.01655	0.01724	0.04387	0.02773	0.38814	0.03408	0.03179	0.02275	0.01152	0.01004	0.00291	0.00925	0.00958	0.01063	0.15475
8	0.03376	0.01957	0.02354	0.02176	0.05978	0.05349	0.01566	0.08825	0.08030	0.22538	0.03001	0.03235	0.02216	0.01995	0.01985	0.21181	0.01014	0.00989	0.00900	0.01336
9	0.01538	0.01025	0.01153	0.01153	0.01153	0.01025	0.00641	0.01538	0.01538	0.02050	0.03331	0.06919	0.03844	0.62842	0.05382	0.01025	0.01025	0.01538	0.00641	0.00641
10	0.23251	0.44885	0.04334	0.01682	0.02511	0.03635	0.01608	0.03148	0.02043	0.03170	0.01471	0.01703	0.01293	0.00928	0.00671	0.00257	0.01036	0.00568	0.00513	0.01293
11	0.02653	0.22995	0.10561	0.02061	0.03026	0.02662	0.04710	0.06709	0.02490	0.06396	0.04713	0.02467	0.01980	0.00994	0.00862	0.00244	0.01074	0.00775	0.00638	0.21990

[dist]
# distance from previous block
# <min> <max>
0	31

[block]
# block no. 5 follows, 13 sequences, length 55
# corresponding to MSA columns:
# 463,464,474-526
name=unknown_F
#
# <colnr> <probs for GDERKNQSTAVLIFYWHMCP>
#	G	D	E	R	K	N	Q	S	T	A	V	L	I	F	Y	W	H	M	C	P
0	0.02324	0.03648	0.24879	0.10413	0.12864	0.02525	0.16892	0.03440	0.06244	0.03382	0.02157	0.02658	0.01614	0.01002	0.01089	0.00341	0.01504	0.00984	0.00533	0.01506
1	0.02548	0.01935	0.02279	0.01724	0.02579	0.01616	0.01404	0.08520	0.02595	0.07820	0.02474	0.03245	0.02093	0.01077	0.00899	0.00219	0.00853	0.05215	0.00759	0.50149
2	0.02291	0.02673	0.09416	0.02803	0.02981	0.03149	0.02495	0.02636	0.01689	0.02636	0.01446	0.02304	0.01382	0.01754	0.03188	0.00448	0.54133	0.00909	0.00461	0.01203
3	0.01727	0.01812	0.08147	0.10118	0.02943	0.01573	0.01764	0.02560	0.09968	0.03046	0.04370	0.31044	0.04634	0.02740	0.05174	0.00488	0.01043	0.04896	0.00833	0.01120
4	0.08233	0.02740	0.04546	0.20879	0.05505	0.08933	0.27380	0.03251	0.02379	0.03203	0.01947	0.02638	0.01479	0.00972	0.01106	0.00343	0.01603	0.01033	0.00526	0.01303
5	0.01724	0.01300	0.01652	0.01666	0.01846	0.01361	0.01214	0.07506	0.02501	0.03416	0.14054	0.40531	0.06464	0.02749	0.01477	0.00402	0.05743	0.02399	0.00979	0.01016
6	0.01283	0.01007	0.01162	0.01262	0.01484	0.00885	0.00893	0.01531	0.02284	0.02884	0.11702	0.32393	0.31648	0.02915	0.01292	0.00386	0.00567	0.02543	0.00994	0.00885
7	0.02568	0.02440	0.04052	0.05928	0.50112	0.02386	0.03018	0.03178	0.02383	0.03453	0.01976	0.02568	0.01662	0.00924	0.01017	0.00296	0.01202	0.00906	0.00535	0.09394
8	0.02026	0.04950	0.50956	0.02838	0.04229	0.02273	0.03573	0.03134	0.02209	0.03274	0.02346	0.09072	0.01985	0.01268	0.01044	0.00346	0.01454	0.01035	0.00508	0.01482
9	0.02330	0.01467	0.01889	0.01882	0.02275	0.01448	0.01589	0.08270	0.02780	0.11119	0.05537	0.12605	0.09793	0.02506	0.01332	0.00429	0.00922	0.29623	0.01032	0.01170
10	0.01314	0.00944	0.01281	0.01498	0.01574	0.00912	0.01020	0.01520	0.01987	0.02671	0.05486	0.55532	0.06497	0.03839	0.07890	0.00574	0.00867	0.02792	0.00934	0.00869
11	0.02329	0.01802	0.01985	0.01825	0.02311	0.01952	0.01400	0.04194	0.32521	0.07794	0.10161	0.11813	0.11681	0.01883	0.01147	0.00362	0.00742	0.01606	0.01077	0.01416
12	0.02451	0.02720	0.05503	0.04044	0.04852	0.02812	0.40125	0.03180	0.02281	0.03180	0.01955	0.02720	0.01551	0.01126	0.01793	0.00383	0.16278	0.01169	0.00517	0.01360
13	0.02419	0.01777	0.01968	0.01771	0.02266	0.01920	0.01373	0.04238	0.30630	0.08815	0.15296	0.05183	0.08330	0.01645	0.01091	0.00340	0.00719	0.01387	0.07408	0.01424
14	0.01538	0.01025	0.01153	0.01153	0.01153	0.01025	0.00641	0.01538	0.01538	0.02050	0.03331	0.06919	0.03844	0.62842	0.05382	0.01025	0.01025	0.01538	0.00641	0.00641
15	0.04543	0.01740	0.02347	0.01816	0.02593	0.01513	0.01495	0.04958	0.02968	0.53137	0.04119	0.03624	0.02624	0.01303	0.01040	0.00321	0.00870	0.01058	0.06191	0.01740
16	0.02531	0.02168	0.02306	0.02080	0.02648	0.02488	0.01615	0.05304	0.49875	0.04407	0.08768	0.04288	0.03814	0.01498	0.01091	0.00356	0.00807	0.01258	0.01083	0.01615
17	0.02192	0.01879	0.02192	0.01566	0.02506	0.01409	0.01253	0.02662	0.02192	0.03445	0.01879	0.02192	0.01566	0.00783	0.00783	0.00157	0.00783	0.00626	0.00626	0.69305
18	0.02168	0.01895	0.03116	0.09237	0.30865	0.01975	0.02379	0.02596	0.02065	0.02911	0.02255	0.03374	0.02052	0.07891	0.13747	0.07087	0.01548	0.01030	0.00532	0.01278
19	0.02097	0.01982	0.03353	0.51588	0.15210	0.02375	0.02986	0.02789	0.02162	0.02823	0.01897	0.02786	0.01452	0.01038	0.01055	0.00346	0.01385	0.00940	0.00478	0.01256
20	0.02313	0.02313	0.03238	0.02776	0.02776	0.03238	0.02313	0.02545	0.01619	0.02545	0.01388	0.02313	0.01388	0.01851	0.03470	0.00463	0.60907	0.00925	0.00463	0.01157
21	0.02193	0.02093	0.02852	0.02441	0.02523	0.02766	0.01984	0.02412	0.01658	0.02553	0.01706	0.02954	0.01751	0.10386	0.03506	0.00515	0.47187	0.00986	0.00502	0.07033
22	0.02815	0.02446	0.04120	0.06060	0.51259	0.02423	0.03087	0.03423	0.02465	0.08440	0.02192	0.02708	0.01763	0.00976	0.01048	0.00315	0.01223	0.00953	0.00597	0.01686
23	0.03518	0.02157	0.02825	0.02263	0.02970	0.02176	0.05987	0.21641	0.03594	0.20830	0.08109	0.04861	0.03429	0.01592	0.01157	0.00352	0.01048	0.08841	0.01085	0.01565
24	0.02617	0.02512	0.04292	0.06490	0.56246	0.02512	0.03245	0.03245	0.02407	0.03454	0.01989	0.02617	0.01675	0.00942	0.01047	0.00314	0.01256	0.00942	0.00523	0.01675
25	0.02192	0.01879	0.02192	0.01566	0.02506	0.01409	0.01253	0.02662	0.02192	0.03445	0.01879	0.02192	0.01566	0.00783	0.00783	0.00157	0.00783	0.00626	0.00626	0.69305
26	0.01538	0.01025	0.01153	0.01153	0.01153	0.01025	0.00641	0.01538	0.01538	0.02050	0.03331	0.06919	0.03844	0.62842	0.05382	0.01025	0.01025	0.01538	0.00641	0.00641
27	0.01466	0.01048	0.01275	0.01297	0.01401	0.01060	0.00855	0.01611	0.01751	0.02324	0.04554	0.11587	0.11738	0.35615	0.16899	0.01030	0.01339	0.01676	0.00705	0.00769
28	0.02827	0.63478	0.05540	0.01809	0.02714	0.04184	0.01809	0.03166	0.02148	0.02488	0.01470	0.01696	0.01357	0.00905	0.00678	0.00226	0.01131	0.00565	0.00452	0.01357
29	0.02313	0.02313	0.03238	0.02776	0.02776	0.03238	0.02313	0.02545	0.01619	0.02545	0.01388	0.02313	0.01388	0.01851	0.03470	0.00463	0.60907	0.00925	0.00463	0.01157
30	0.01693	0.01495	0.02493	0.02024	0.02482	0.01375	0.13029	0.02249	0.02788	0.03829	0.36287	0.07060	0.14981	0.01942	0.01248	0.00342	0.00806	0.01805	0.00989	0.01082
31	0.01424	0.01043	0.01305	0.01462	0.01622	0.00983	0.01077	0.01675	0.02135	0.02752	0.06399	0.30179	0.16380	0.12131	0.01970	0.00520	0.00752	0.14402	0.00928	0.00862
32	0.03834	0.02687	0.02739	0.02170	0.02900	0.07522	0.01764	0.34146	0.04113	0.13572	0.02837	0.02843	0.02014	0.01254	0.01004	0.00305	0.01093	0.00950	0.10622	0.01633
33	0.01538	0.01025	0.01153	0.01153	0.01153	0.01025	0.00641	0.01538	0.01538	0.02050	0.03331	0.06919	0.03844	0.62842	0.05382	0.01025	0.01025	0.01538	0.00641	0.00641
34	0.02508	0.01986	0.02299	0.02040	0.02535	0.02269	0.01613	0.14730	0.22924	0.04164	0.03339	0.03710	0.02681	0.03909	0.23333	0.00868	0.01681	0.01117	0.00875	0.01419
35	0.01548	0.01008	0.01371	0.01382	0.01526	0.00970	0.00985	0.01677	0.02189	0.03003	0.23278	0.15660	0.09536	0.03339	0.06981	0.21293	0.00845	0.01756	0.00857	0.00799
36	0.03730	0.03218	0.23684	0.02319	0.03425	0.01903	0.02464	0.04455	0.02719	0.36243	0.03292	0.03070	0.02123	0.01191	0.01041	0.00330	0.01156	0.00954	0.00975	0.01708
37	0.02765	0.58414	0.10065	0.01914	0.02876	0.04033	0.01992	0.03182	0.02156	0.02563	0.01507	0.01743	0.01355	0.00913	0.00707	0.00236	0.01168	0.00584	0.00452	0.01375
38	0.39201	0.15081	0.09223	0.01860	0.02656	0.10844	0.01736	0.03309	0.02093	0.03818	0.01546	0.01802	0.01242	0.00985	0.00744	0.00300	0.01126	0.00612	0.00574	0.01249
39	0.01997	0.01879	0.03171	0.60301	0.07282	0.02349	0.02936	0.02701	0.02114	0.02701	0.01879	0.02819	0.01409	0.01057	0.01057	0.00352	0.01409	0.00940	0.00470	0.01175
40	0.01404	0.01077	0.01286	0.01234	0.01523	0.00958	0.00925	0.01817	0.02776	0.03725	0.38934	0.08746	0.27052	0.02354	0.01248	0.00342	0.00512	0.02031	0.01096	0.00958
41	0.01837	0.00918	0.01377	0.01377	0.01377	0.00918	0.00918	0.01377	0.01377	0.01837	0.01837	0.03214	0.01837	0.03673	0.04132	0.69238	0.00918	0.00918	0.00459	0.00459
42	0.01459	0.01034	0.01255	0.01261	0.01395	0.00978	0.00840	0.01697	0.02233	0.03039	0.23977	0.15944	0.11136	0.25842	0.02861	0.00617	0.00723	0.01961	0.00918	0.00829
43	0.01997	0.01879	0.03171	0.60301	0.07282	0.02349	0.02936	0.02701	0.02114	0.02701	0.01879	0.02819	0.01409	0.01057	0.01057	0.00352	0.01409	0.00940	0.00470	0.01175
44	0.03950	0.05039	0.02996	0.02724	0.03269	0.58597	0.02043	0.04222	0.02996	0.02588	0.01634	0.01907	0.01362	0.01090	0.00953	0.00272	0.01907	0.00681	0.00545	0.01226
45	0.01510	0.01133	0.01699	0.01699	0.01888	0.01322	0.01322	0.01888	0.01699	0.02454	0.02832	0.04154	0.02643	0.07930	0.58652	0.01699	0.02832	0.01133	0.00566	0.00944
46	0.02496	0.02852	0.06239	0.04456	0.05526	0.02674	0.52406	0.03387	0.02496	0.03387	0.02139	0.02852	0.01604	0.00891	0.01248	0.00357	0.01783	0.01248	0.00535	0.01426
47	0.01373	0.01030	0.01273	0.01310	0.01529	0.00930	0.00945	0.01720	0.02557	0.03435	0.29583	0.24863	0.20313	0.02636	0.01279	0.00368	0.00542	0.02321	0.01064	0.00930
48	0.01465	0.01056	0.01385	0.01352	0.01573	0.00977	0.00995	0.01916	0.02846	0.04007	0.48149	0.16102	0.09525	0.02336	0.01263	0.00347	0.00516	0.02078	0.01136	0.00977
49	0.01918	0.01689	0.02237	0.01960	0.02225	0.01938	0.01592	0.02291	0.02250	0.03270	0.18926	0.05393	0.08364	0.01937	0.02055	0.00371	0.23942	0.05482	0.00782	0.11379
50	0.02424	0.06151	0.02495	0.01733	0.02607	0.06663	0.01394	0.03088	0.06812	0.03395	0.02043	0.02289	0.01680	0.00874	0.00817	0.00189	0.00908	0.00677	0.00647	0.53115
51	0.02367	0.02569	0.15576	0.01948	0.02859	0.01584	0.01895	0.02961	0.02289	0.10856	0.02945	0.13588	0.02672	0.01384	0.00983	0.00275	0.00959	0.01170	0.00745	0.30377
52	0.34749	0.29322	0.08154	0.01715	0.02558	0.03175	0.01677	0.03154	0.01990	0.03632	0.01508	0.01753	0.01255	0.00950	0.00695	0.00283	0.01020	0.00588	0.00548	0.01274
53	0.02617	0.02512	0.04292	0.06490	0.56246	0.02512	0.03245	0.03245	0.02407	0.03454	0.01989	0.02617	0.01675	0.00942	0.01047	0.00314	0.01256	0.00942	0.00523	0.01675
54	0.02425	0.03655	0.24811	0.05146	0.36269	0.02490	0.03501	0.03285	0.02340	0.03413	0.01953	0.02468	0.01545	0.00966	0.01030	0.00322	0.01375	0.00880	0.00494	0.01631

[dist]
# distance from previous block
# <min> <max>
3	14

[block]
# block no. 6 follows, 13 sequences, length 74
# corresponding to MSA columns:
# 541-614
name=unknown_G
#
# <colnr> <probs for GDERKNQSTAVLIFYWHMCP>
#	G	D	E	R	K	N	Q	S	T	A	V	L	I	F	Y	W	H	M	C	P
0	0.13689	0.25054	0.11989	0.02219	0.03121	0.03131	0.06081	0.03792	0.14690	0.03525	0.02271	0.02415	0.01790	0.01059	0.00865	0.00301	0.01127	0.00806	0.00641	0.01435
1	0.31328	0.07511	0.06840	0.02036	0.02779	0.17897	0.01758	0.07527	0.02538	0.08375	0.01858	0.02030	0.01409	0.01057	0.00831	0.00305	0.01231	0.00689	0.00680	0.01321
2	0.02372	0.01408	0.01785	0.01680	0.02051	0.01368	0.01285	0.06249	0.06824	0.14633	0.16733	0.24856	0.06065	0.02314	0.01234	0.00377	0.00729	0.05712	0.01103	0.01222
3	0.03359	0.02634	0.02801	0.02299	0.03027	0.02971	0.01850	0.30344	0.28423	0.05599	0.03377	0.03207	0.02477	0.01348	0.01066	0.00337	0.01008	0.01068	0.01066	0.01739
4	0.01288	0.00920	0.01227	0.01472	0.01534	0.00859	0.00981	0.01472	0.02024	0.02699	0.05828	0.62152	0.06993	0.03312	0.01350	0.00429	0.00613	0.03006	0.00981	0.00859
5	0.02414	0.01797	0.02070	0.01761	0.02235	0.01884	0.01386	0.18647	0.08417	0.05036	0.33803	0.05806	0.06717	0.01807	0.01170	0.00330	0.00744	0.01536	0.01122	0.01318
6	0.02121	0.05469	0.57364	0.03014	0.04576	0.02455	0.03906	0.03348	0.02232	0.03348	0.01897	0.02232	0.01339	0.01005	0.01005	0.00335	0.01563	0.00781	0.00446	0.01563
7	0.02002	0.01427	0.01705	0.01553	0.01940	0.01433	0.01191	0.03087	0.15562	0.08182	0.35597	0.06780	0.11383	0.01959	0.01191	0.00340	0.00615	0.01697	0.01139	0.01216
8	0.70310	0.02045	0.01554	0.01390	0.02045	0.02372	0.01145	0.03108	0.01799	0.04744	0.01472	0.01718	0.01145	0.00981	0.00654	0.00327	0.00818	0.00573	0.00654	0.01145
9	0.02192	0.01879	0.02192	0.01566	0.02506	0.01409	0.01253	0.02662	0.02192	0.03445	0.01879	0.02192	0.01566	0.00783	0.00783	0.00157	0.00783	0.00626	0.00626	0.69305
10	0.01997	0.01879	0.03171	0.60301	0.07282	0.02349	0.02936	0.02701	0.02114	0.02701	0.01879	0.02819	0.01409	0.01057	0.01057	0.00352	0.01409	0.00940	0.00470	0.01175
11	0.01959	0.01130	0.01440	0.01444	0.01628	0.01066	0.01003	0.02159	0.02108	0.10949	0.08577	0.24646	0.05330	0.24726	0.02786	0.00629	0.00828	0.05728	0.00920	0.00943
12	0.01971	0.00985	0.00985	0.00985	0.01232	0.00985	0.00739	0.02464	0.02217	0.03942	0.03449	0.03942	0.02710	0.01232	0.00739	0.00246	0.00493	0.00985	0.68712	0.00985
13	0.01288	0.00920	0.01227	0.01472	0.01534	0.00859	0.00981	0.01472	0.02024	0.02699	0.05828	0.62152	0.06993	0.03312	0.01350	0.00429	0.00613	0.03006	0.00981	0.00859
14	0.03049	0.03595	0.03850	0.03154	0.03639	0.26526	0.14121	0.03455	0.02410	0.02763	0.01671	0.02269	0.01428	0.01300	0.01876	0.00357	0.21872	0.00899	0.00515	0.01250
15	0.02192	0.01879	0.02192	0.01566	0.02506	0.01409	0.01253	0.02662	0.02192	0.03445	0.01879	0.02192	0.01566	0.00783	0.00783	0.00157	0.00783	0.00626	0.00626	0.69305
16	0.01250	0.01071	0.01071	0.01071	0.01428	0.00893	0.00803	0.01517	0.02410	0.02856	0.10711	0.10175	0.55817	0.02678	0.01250	0.00357	0.00536	0.02231	0.00982	0.00893
17	0.02617	0.02512	0.04292	0.06490	0.56246	0.02512	0.03245	0.03245	0.02407	0.03454	0.01989	0.02617	0.01675	0.00942	0.01047	0.00314	0.01256	0.00942	0.00523	0.01675
18	0.01337	0.01094	0.01193	0.01224	0.01556	0.00950	0.00955	0.01655	0.02455	0.03003	0.13146	0.10281	0.44905	0.02678	0.01282	0.00375	0.00600	0.09405	0.00994	0.00913
19	0.01538	0.01025	0.01153	0.01153	0.01153	0.01025	0.00641	0.01538	0.01538	0.02050	0.03331	0.06919	0.03844	0.62842	0.05382	0.01025	0.01025	0.01538	0.00641	0.00641
20	0.09204	0.02676	0.07501	0.02504	0.03395	0.06104	0.10410	0.11153	0.03047	0.28674	0.03027	0.02948	0.02025	0.01167	0.01049	0.00328	0.01202	0.00991	0.00969	0.01625
21	0.70310	0.02045	0.01554	0.01390	0.02045	0.02372	0.01145	0.03108	0.01799	0.04744	0.01472	0.01718	0.01145	0.00981	0.00654	0.00327	0.00818	0.00573	0.00654	0.01145
22	0.04320	0.02479	0.02875	0.02204	0.03038	0.02563	0.01821	0.32987	0.04164	0.27537	0.03216	0.02978	0.02138	0.01286	0.01060	0.00321	0.01054	0.00998	0.01162	0.01799
23	0.01538	0.01025	0.01153	0.01153	0.01153	0.01025	0.00641	0.01538	0.01538	0.02050	0.03331	0.06919	0.03844	0.62842	0.05382	0.01025	0.01025	0.01538	0.00641	0.00641
24	0.58407	0.02045	0.01709	0.01503	0.02166	0.02326	0.01229	0.03516	0.06803	0.09169	0.01966	0.02086	0.01465	0.01052	0.00729	0.00330	0.00827	0.00672	0.00749	0.01250
25	0.70310	0.02045	0.01554	0.01390	0.02045	0.02372	0.01145	0.03108	0.01799	0.04744	0.01472	0.01718	0.01145	0.00981	0.00654	0.00327	0.00818	0.00573	0.00654	0.01145
26	0.02981	0.01914	0.02544	0.06762	0.07952	0.01630	0.01662	0.03466	0.02456	0.19434	0.02577	0.02703	0.01879	0.00977	0.00913	0.00238	0.00912	0.00812	0.00809	0.37379
27	0.02072	0.01686	0.01910	0.01748	0.02174	0.01827	0.01341	0.03836	0.29078	0.04333	0.29582	0.05890	0.06548	0.01792	0.01160	0.00346	0.00671	0.01548	0.01119	0.01341
28	0.01280	0.00954	0.01192	0.01383	0.01510	0.00866	0.00942	0.01482	0.02110	0.02734	0.06912	0.50610	0.17835	0.03172	0.01327	0.00413	0.00596	0.02834	0.00982	0.00866
29	0.01515	0.01115	0.01608	0.01608	0.01766	0.01272	0.01208	0.01830	0.01672	0.02387	0.02915	0.04614	0.02843	0.17060	0.49794	0.01587	0.02532	0.01200	0.00579	0.00894
30	0.02370	0.25949	0.39067	0.02588	0.03919	0.03066	0.03166	0.03284	0.02203	0.03044	0.01746	0.02043	0.01346	0.00969	0.00889	0.00296	0.01410	0.00705	0.00449	0.01490
31	0.03578	0.24480	0.03864	0.02394	0.03083	0.35951	0.01962	0.07717	0.02869	0.02878	0.01651	0.01886	0.01395	0.01042	0.00869	0.00260	0.01587	0.00664	0.00554	0.01315
32	0.02386	0.02804	0.16532	0.01968	0.03059	0.01693	0.01967	0.03047	0.02272	0.07867	0.02074	0.02320	0.01595	0.00884	0.00864	0.00217	0.00995	0.00703	0.00636	0.46118
33	0.08702	0.06346	0.02700	0.02086	0.02763	0.06472	0.01682	0.18642	0.15637	0.13057	0.03312	0.08440	0.02645	0.01447	0.01027	0.00331	0.01015	0.01146	0.00989	0.01561
34	0.01519	0.01097	0.01519	0.01519	0.01646	0.01224	0.01097	0.01772	0.01646	0.02321	0.02997	0.05066	0.03039	0.26046	0.41077	0.01477	0.02236	0.01266	0.00591	0.00844
35	0.01734	0.01331	0.01619	0.01503	0.01825	0.01340	0.01140	0.02756	0.13776	0.04278	0.44897	0.07068	0.08559	0.02009	0.01211	0.00338	0.00570	0.01762	0.01145	0.01140
36	0.04013	0.03155	0.03157	0.02460	0.03278	0.08437	0.02013	0.48199	0.04787	0.06283	0.02454	0.02480	0.01757	0.01252	0.01048	0.00313	0.01233	0.00927	0.01010	0.01745
37	0.02192	0.01879	0.02192	0.01566	0.02506	0.01409	0.01253	0.02662	0.02192	0.03445	0.01879	0.02192	0.01566	0.00783	0.00783	0.00157	0.00783	0.00626	0.00626	0.69305
38	0.03950	0.05039	0.02996	0.02724	0.03269	0.58597	0.02043	0.04222	0.02996	0.02588	0.01634	0.01907	0.01362	0.01090	0.00953	0.00272	0.01907	0.00681	0.00545	0.01226
39	0.03276	0.01653	0.02191	0.02042	0.06534	0.01516	0.01480	0.03909	0.07134	0.30555	0.13958	0.05353	0.12442	0.01658	0.01125	0.00334	0.00795	0.01400	0.01150	0.01494
40	0.01765	0.01640	0.02788	0.12537	0.03495	0.01611	0.13448	0.02339	0.02583	0.03442	0.22972	0.06328	0.17123	0.01784	0.01214	0.00347	0.00973	0.01656	0.00849	0.01106
41	0.01997	0.01879	0.03171	0.60301	0.07282	0.02349	0.02936	0.02701	0.02114	0.02701	0.01879	0.02819	0.01409	0.01057	0.01057	0.00352	0.01409	0.00940	0.00470	0.01175
42	0.04322	0.02148	0.02720	0.06481	0.03218	0.02122	0.01793	0.18969	0.03529	0.38045	0.03517	0.03227	0.02284	0.01278	0.01061	0.00326	0.01016	0.01021	0.01171	0.01752
43	0.03262	0.08972	0.24676	0.02334	0.03410	0.02132	0.02533	0.03999	0.02577	0.25944	0.03127	0.03566	0.02276	0.01283	0.01037	0.00334	0.01193	0.04896	0.00856	0.01595
44	0.02124	0.01884	0.06915	0.02296	0.06719	0.01560	0.05473	0.06479	0.02555	0.08320	0.05515	0.22419	0.15238	0.02224	0.01225	0.00377	0.00917	0.05651	0.00902	0.01207
45	0.02617	0.02512	0.04292	0.06490	0.56246	0.02512	0.03245	0.03245	0.02407	0.03454	0.01989	0.02617	0.01675	0.00942	0.01047	0.00314	0.01256	0.00942	0.00523	0.01675
46	0.02396	0.02286	0.03892	0.25686	0.38779	0.02454	0.03135	0.03051	0.02303	0.03186	0.01950	0.02689	0.01580	0.00983	0.01050	0.00328	0.01311	0.00941	0.00504	0.01496
47	0.02448	0.02720	0.08759	0.14583	0.32684	0.02517	0.14324	0.03196	0.02365	0.03307	0.01997	0.02672	0.01589	0.00954	0.01090	0.00332	0.01424	0.00998	0.00511	0.01528
48	0.03546	0.27641	0.04372	0.02290	0.03185	0.02953	0.09499	0.07814	0.02734	0.22175	0.02610	0.02611	0.01874	0.01074	0.00931	0.00289	0.01152	0.00876	0.00815	0.01558
49	0.03426	0.01867	0.02596	0.02104	0.02764	0.01784	0.05783	0.11805	0.03203	0.27165	0.12523	0.05372	0.04161	0.01660	0.01170	0.00354	0.00961	0.08668	0.01127	0.01507
50	0.48092	0.08148	0.06866	0.01702	0.02466	0.02632	0.01546	0.06801	0.06345	0.04522	0.01812	0.01997	0.01396	0.01033	0.00749	0.00320	0.00936	0.00667	0.00680	0.01289
51	0.02459	0.02325	0.03928	0.10598	0.46973	0.02357	0.03009	0.03082	0.02437	0.03463	0.06987	0.03127	0.02426	0.01066	0.01066	0.00319	0.01199	0.01032	0.00579	0.01569
52	0.01510	0.01133	0.01699	0.01699	0.01888	0.01322	0.01322	0.01888	0.01699	0.02454	0.02832	0.04154	0.02643	0.07930	0.58652	0.01699	0.02832	0.01133	0.00566	0.00944
53	0.17396	0.06436	0.03274	0.06903	0.03484	0.02408	0.10120	0.11187	0.02843	0.21811	0.02669	0.02738	0.01842	0.01118	0.00982	0.00326	0.01125	0.00933	0.00883	0.01523
54	0.07746	0.02492	0.03609	0.17386	0.09035	0.02699	0.10522	0.21221	0.03282	0.08277	0.02304	0.02685	0.01672	0.01110	0.01061	0.00334	0.01292	0.00978	0.00770	0.01527
55	0.02617	0.02512	0.04292	0.06490	0.56246	0.02512	0.03245	0.03245	0.02407	0.03454	0.01989	0.02617	0.01675	0.00942	0.01047	0.00314	0.01256	0.00942	0.00523	0.01675
56	0.01496	0.01081	0.01413	0.01330	0.01580	0.00998	0.00998	0.01995	0.02993	0.04240	0.55689	0.07898	0.09976	0.02162	0.01247	0.00333	0.00499	0.01912	0.01164	0.00998
57	0.03496	0.06486	0.03961	0.03030	0.07760	0.02136	0.18005	0.04078	0.02743	0.28080	0.06691	0.03442	0.02634	0.01176	0.01107	0.00329	0.01200	0.01136	0.00928	0.01583
58	0.03490	0.02337	0.03800	0.04195	0.25353	0.02250	0.09333	0.08068	0.02858	0.23175	0.02849	0.03000	0.02018	0.01096	0.01081	0.00325	0.01192	0.01029	0.00855	0.01696
59	0.02347	0.02237	0.03805	0.29872	0.34971	0.02441	0.03111	0.03009	0.02280	0.03127	0.01941	0.02705	0.01559	0.00992	0.01051	0.00331	0.01323	0.00941	0.00500	0.01457
60	0.08204	0.19825	0.16976	0.02754	0.03821	0.02838	0.15336	0.03570	0.02367	0.11564	0.02163	0.02418	0.01596	0.00993	0.00960	0.00309	0.01340	0.00871	0.00621	0.01475
61	0.02782	0.07715	0.11776	0.23189	0.09652	0.02537	0.02675	0.07241	0.02505	0.12181	0.02257	0.02688	0.01649	0.01140	0.01187	0.00336	0.05480	0.00905	0.00655	0.01449
62	0.02072	0.01945	0.03115	0.51138	0.06566	0.02442	0.02787	0.02921	0.06220	0.02826	0.02033	0.02868	0.01552	0.01150	0.01249	0.00362	0.06067	0.00959	0.00517	0.01213
63	0.02535	0.02625	0.07618	0.09614	0.37869	0.02519	0.02950	0.03689	0.12866	0.03583	0.02441	0.02874	0.01944	0.01055	0.01050	0.00328	0.01205	0.00982	0.00625	0.01627
64	0.03501	0.03068	0.18739	0.02779	0.03863	0.02059	0.13659	0.04248	0.02684	0.29845	0.03075	0.03047	0.02030	0.01129	0.01088	0.00336	0.01285	0.01026	0.00892	0.01649
65	0.02313	0.02313	0.03238	0.02776	0.02776	0.03238	0.02313	0.02545	0.01619	0.02545	0.01388	0.02313	0.01388	0.01851	0.03470	0.00463	0.60907	0.00925	0.00463	0.01157
66	0.02209	0.01742	0.02724	0.07575	0.23070	0.01718	0.02042	0.02766	0.02708	0.07834	0.27298	0.05179	0.05616	0.01549	0.01143	0.00326	0.00885	0.01405	0.00879	0.01331
67	0.03891	0.01990	0.02685	0.11097	0.03471	0.02046	0.01879	0.08654	0.06992	0.35694	0.03461	0.03310	0.02308	0.01320	0.01258	0.00344	0.05856	0.01034	0.01070	0.01640
