[name]
unknown

[dist]
# distance from previous block
# <min> <max>
0	78

[block]
# block no. 0 follows, 10 sequences, length 20
# corresponding to MSA columns:
# 87-106
name=unknown_A
#
# <colnr> <probs for GDERKNQSTAVLIFYWHMCP>
#	G	D	E	R	K	N	Q	S	T	A	V	L	I	F	Y	W	H	M	C	P
0	0.03033	0.02162	0.03471	0.13238	0.23342	0.02218	0.02695	0.03637	0.02644	0.14128	0.03138	0.04216	0.02557	0.02313	0.08052	0.00567	0.01522	0.04652	0.00801	0.01612
1	0.04255	0.01773	0.02353	0.01875	0.02627	0.01535	0.01523	0.04698	0.03236	0.40009	0.11578	0.05513	0.10237	0.01757	0.01222	0.00365	0.00880	0.01458	0.01372	0.01735
2	0.01622	0.01258	0.01832	0.12547	0.03023	0.01314	0.01594	0.01975	0.02296	0.03026	0.05520	0.42399	0.06362	0.03103	0.01434	0.00462	0.00892	0.07345	0.00967	0.01028
3	0.02345	0.02720	0.09254	0.23585	0.13913	0.02500	0.13237	0.03149	0.02532	0.03380	0.03418	0.04057	0.08121	0.01325	0.01230	0.00380	0.01508	0.01278	0.00614	0.01453
4	0.03139	0.02795	0.05144	0.11567	0.16395	0.02782	0.22204	0.08063	0.02994	0.09387	0.02566	0.03130	0.01898	0.01108	0.01251	0.00373	0.01600	0.01197	0.00725	0.01681
5	0.03565	0.01893	0.02349	0.02038	0.02637	0.01856	0.01584	0.09843	0.09279	0.24311	0.04975	0.21726	0.04431	0.02176	0.01274	0.00400	0.00915	0.01874	0.01253	0.01621
6	0.67341	0.02249	0.01709	0.01529	0.02249	0.02609	0.01260	0.03419	0.01979	0.05218	0.01619	0.01889	0.01260	0.01080	0.00720	0.00360	0.00900	0.00630	0.00720	0.01260
7	0.01946	0.01153	0.01515	0.01633	0.01800	0.01068	0.01113	0.02155	0.02301	0.09339	0.05821	0.44773	0.06622	0.10486	0.02013	0.00542	0.00774	0.02821	0.01078	0.01048
8	0.02030	0.01795	0.06585	0.01742	0.02080	0.01497	0.01401	0.06614	0.02313	0.03095	0.04377	0.11536	0.09643	0.17951	0.07866	0.14855	0.01230	0.01637	0.00771	0.00982
9	0.03713	0.10855	0.18465	0.02470	0.03646	0.02579	0.02553	0.09185	0.03087	0.21658	0.03005	0.02954	0.02063	0.01220	0.01065	0.00329	0.01263	0.00945	0.00927	0.08018
10	0.03212	0.15239	0.07739	0.02268	0.03030	0.09394	0.02000	0.09562	0.07639	0.09368	0.08171	0.10565	0.03681	0.01673	0.01119	0.00346	0.01196	0.01341	0.00922	0.01533
11	0.02753	0.14550	0.09828	0.09139	0.03746	0.02681	0.02170	0.08969	0.02795	0.03968	0.02248	0.02641	0.01783	0.01079	0.00942	0.00274	0.01162	0.00829	0.07315	0.21127
12	0.02703	0.10644	0.30497	0.02739	0.04077	0.02724	0.03127	0.04066	0.09543	0.07007	0.02592	0.02765	0.01910	0.01154	0.01050	0.00333	0.01388	0.00899	0.00683	0.10099
13	0.02454	0.10815	0.19722	0.03292	0.13155	0.02496	0.02789	0.03234	0.02493	0.03550	0.03111	0.03416	0.07111	0.01222	0.01040	0.00305	0.01263	0.01000	0.00621	0.16911
14	0.02770	0.09662	0.07346	0.02523	0.07740	0.02142	0.01960	0.03484	0.05764	0.12236	0.09629	0.11081	0.04087	0.02380	0.06281	0.00492	0.01219	0.01433	0.00921	0.06852
15	0.03159	0.10321	0.14919	0.02393	0.03216	0.02408	0.02342	0.03737	0.02577	0.18236	0.03575	0.13957	0.03147	0.01818	0.01506	0.00389	0.08414	0.01430	0.00900	0.01557
16	0.11510	0.06100	0.06974	0.14262	0.04011	0.02205	0.02120	0.03770	0.02705	0.17454	0.09004	0.03705	0.03099	0.01343	0.01075	0.00344	0.01114	0.01085	0.00910	0.07211
17	0.03926	0.03271	0.13479	0.03326	0.08921	0.02574	0.08416	0.13821	0.03468	0.22135	0.03183	0.03200	0.02163	0.01264	0.01180	0.00362	0.01359	0.01095	0.00997	0.01861
18	0.03846	0.14068	0.08935	0.02946	0.04010	0.02839	0.13907	0.08068	0.03089	0.22183	0.03060	0.03108	0.02121	0.01201	0.01133	0.00346	0.01379	0.01077	0.00929	0.01755
19	0.03778	0.03028	0.09763	0.03430	0.13438	0.02650	0.02544	0.19171	0.03806	0.16542	0.07258	0.03559	0.02887	0.01381	0.01173	0.00355	0.01225	0.01142	0.01031	0.01840

[dist]
# distance from previous block
# <min> <max>
11	35

[block]
# block no. 1 follows, 10 sequences, length 12
# corresponding to MSA columns:
# 151-162
name=unknown_B
#
# <colnr> <probs for GDERKNQSTAVLIFYWHMCP>
#	G	D	E	R	K	N	Q	S	T	A	V	L	I	F	Y	W	H	M	C	P
0	0.02959	0.17505	0.09682	0.02081	0.02945	0.02537	0.01985	0.06261	0.02957	0.11776	0.13514	0.04640	0.04201	0.01544	0.01093	0.00325	0.01062	0.03979	0.00920	0.08032
1	0.02710	0.32173	0.30250	0.02671	0.04038	0.03625	0.03176	0.03586	0.02411	0.03223	0.01859	0.02169	0.01483	0.01052	0.00931	0.00310	0.01488	0.00744	0.00494	0.01609
2	0.03075	0.15548	0.10643	0.03501	0.12859	0.02931	0.07990	0.08087	0.03015	0.09096	0.09054	0.03527	0.03073	0.01290	0.01116	0.00337	0.01300	0.01123	0.00794	0.01643
3	0.02711	0.09898	0.03626	0.02431	0.03258	0.02137	0.10906	0.03225	0.02549	0.09641	0.03341	0.15011	0.03162	0.01590	0.01127	0.00318	0.01113	0.01457	0.00823	0.21677
4	0.02082	0.02476	0.12402	0.02046	0.02815	0.01624	0.01958	0.02707	0.02493	0.03602	0.09417	0.06282	0.04279	0.09546	0.01828	0.00447	0.01080	0.10592	0.00810	0.21517
5	0.03528	0.03393	0.03258	0.03394	0.13891	0.19860	0.02199	0.04001	0.02881	0.09659	0.02321	0.02603	0.01819	0.01088	0.01028	0.00278	0.01413	0.00847	0.00728	0.21810
6	0.31776	0.14390	0.03241	0.02032	0.02884	0.03372	0.01748	0.19316	0.03301	0.05463	0.02037	0.02206	0.01563	0.01175	0.00883	0.00333	0.01106	0.00777	0.00832	0.01563
7	0.03412	0.01741	0.02258	0.01808	0.02530	0.01469	0.01437	0.03885	0.03022	0.25824	0.15387	0.08585	0.04898	0.01684	0.01167	0.00324	0.00830	0.01431	0.01195	0.17113
8	0.03804	0.10531	0.14028	0.03190	0.09795	0.08301	0.02681	0.14013	0.03417	0.15101	0.02721	0.02807	0.01947	0.01231	0.01089	0.00338	0.01400	0.00952	0.00872	0.01784
9	0.01826	0.01116	0.01581	0.01581	0.01652	0.01187	0.01094	0.01745	0.01675	0.02303	0.02756	0.04785	0.02809	0.17773	0.21871	0.29932	0.01753	0.01241	0.00589	0.00731
10	0.02849	0.02846	0.05193	0.06646	0.41781	0.02803	0.13281	0.03604	0.02670	0.03783	0.02224	0.02936	0.01825	0.01024	0.01200	0.00356	0.01509	0.01110	0.00578	0.01782
11	0.44234	0.02239	0.02395	0.02849	0.13205	0.02470	0.01852	0.03315	0.02222	0.04669	0.02362	0.03635	0.02127	0.01360	0.00935	0.00381	0.01029	0.06624	0.00736	0.01362

[dist]
# distance from previous block
# <min> <max>
9	13

[block]
# block no. 2 follows, 10 sequences, length 41
# corresponding to MSA columns:
# 176-216
name=unknown_C
#
# <colnr> <probs for GDERKNQSTAVLIFYWHMCP>
#	G	D	E	R	K	N	Q	S	T	A	V	L	I	F	Y	W	H	M	C	P
0	0.18195	0.07076	0.02259	0.02009	0.05845	0.01960	0.01382	0.02482	0.02015	0.03353	0.06347	0.04060	0.02937	0.11171	0.08959	0.15880	0.01268	0.01099	0.00670	0.01032
1	0.12287	0.08555	0.13532	0.02272	0.03317	0.02648	0.02209	0.07514	0.11140	0.07889	0.02681	0.02781	0.02012	0.01169	0.00985	0.00315	0.01137	0.00885	0.00814	0.15857
2	0.03109	0.59826	0.06095	0.01990	0.02985	0.04602	0.01990	0.03483	0.02363	0.02736	0.01617	0.01866	0.01493	0.00995	0.00746	0.00249	0.01244	0.00622	0.00498	0.01493
3	0.02099	0.01869	0.02480	0.02215	0.02481	0.02129	0.01733	0.02395	0.02092	0.03093	0.03449	0.23048	0.03841	0.02353	0.02269	0.00417	0.23167	0.01783	0.00761	0.16325
4	0.01661	0.01246	0.01869	0.01869	0.02077	0.01454	0.01454	0.02077	0.01869	0.02700	0.03115	0.04569	0.02908	0.08723	0.54517	0.01869	0.03115	0.01246	0.00623	0.01038
5	0.21104	0.15639	0.03342	0.01999	0.02878	0.02904	0.01730	0.10943	0.03069	0.21679	0.02841	0.02749	0.01992	0.01234	0.00951	0.00333	0.01068	0.00881	0.00989	0.01675
6	0.02443	0.01308	0.01705	0.01665	0.02017	0.01168	0.01223	0.02758	0.02681	0.16356	0.11059	0.32751	0.12554	0.02841	0.01375	0.00421	0.00735	0.02507	0.01195	0.01239
7	0.01469	0.01092	0.01382	0.01592	0.01758	0.01005	0.01142	0.01735	0.02380	0.03075	0.07556	0.41989	0.17155	0.03433	0.01477	0.00463	0.00709	0.08540	0.01079	0.00970
8	0.67341	0.02249	0.01709	0.01529	0.02249	0.02609	0.01260	0.03419	0.01979	0.05218	0.01619	0.01889	0.01260	0.01080	0.00720	0.00360	0.00900	0.00630	0.00720	0.01260
9	0.01417	0.01012	0.01350	0.01619	0.01687	0.00945	0.01080	0.01619	0.02227	0.02969	0.06410	0.58367	0.07692	0.03644	0.01484	0.00472	0.00675	0.03306	0.01080	0.00945
10	0.18827	0.02516	0.03508	0.03017	0.08144	0.02527	0.09817	0.11187	0.03182	0.21461	0.03004	0.03052	0.02071	0.01231	0.01098	0.00362	0.01220	0.01048	0.00999	0.01728
11	0.02754	0.02985	0.02899	0.14973	0.04014	0.18548	0.02224	0.03171	0.02627	0.03104	0.08462	0.11341	0.03557	0.01846	0.01705	0.00393	0.12050	0.01400	0.00715	0.01232
12	0.02412	0.05546	0.46112	0.03867	0.11799	0.02710	0.04192	0.03667	0.02483	0.03700	0.02102	0.02517	0.01527	0.01095	0.01112	0.00365	0.01670	0.00885	0.00503	0.01737
13	0.02196	0.02067	0.03488	0.56331	0.08010	0.02584	0.03230	0.02972	0.02326	0.02972	0.02067	0.03101	0.01550	0.01163	0.01163	0.00388	0.01550	0.01034	0.00517	0.01292
14	0.01932	0.01294	0.01806	0.01738	0.01784	0.01475	0.01238	0.01852	0.01671	0.02330	0.02591	0.04611	0.02681	0.18057	0.15750	0.27660	0.08951	0.01227	0.00580	0.00772
15	0.02486	0.02304	0.02203	0.02173	0.02577	0.09507	0.01634	0.03994	0.21839	0.03774	0.05035	0.23897	0.05012	0.02406	0.01310	0.00422	0.01018	0.05976	0.01052	0.01381
16	0.05218	0.01979	0.02699	0.02069	0.02969	0.01709	0.01709	0.05668	0.03329	0.52677	0.04588	0.03959	0.02879	0.01439	0.01170	0.00360	0.00990	0.01170	0.01439	0.01979
17	0.03168	0.10249	0.03229	0.02366	0.03113	0.03235	0.01920	0.12555	0.36327	0.04979	0.04006	0.03761	0.03023	0.01471	0.01122	0.00368	0.01021	0.01180	0.01089	0.01817
18	0.02932	0.08433	0.24725	0.03329	0.10901	0.02640	0.03088	0.04145	0.08316	0.10299	0.02716	0.02894	0.01991	0.01165	0.01078	0.00339	0.01357	0.00946	0.00733	0.07974
19	0.09487	0.03766	0.23088	0.03502	0.13244	0.02395	0.03060	0.04256	0.02721	0.19146	0.02843	0.02954	0.01964	0.01194	0.01098	0.00360	0.01348	0.00969	0.00825	0.01781
20	0.03015	0.03399	0.12988	0.04296	0.05514	0.02743	0.35272	0.03978	0.02781	0.10233	0.02612	0.03148	0.01871	0.01059	0.01307	0.00384	0.01797	0.01271	0.00687	0.01645
21	0.01420	0.01176	0.01252	0.01301	0.01652	0.01008	0.00985	0.01726	0.02612	0.03153	0.10799	0.15890	0.43489	0.03035	0.01404	0.00412	0.00637	0.05984	0.01079	0.00986
22	0.02350	0.02187	0.03661	0.29223	0.24221	0.02417	0.03052	0.03010	0.02437	0.03294	0.02742	0.10997	0.02552	0.01472	0.01205	0.00383	0.01358	0.01363	0.00621	0.01457
23	0.03126	0.14359	0.16624	0.02376	0.03369	0.02731	0.02409	0.11446	0.03197	0.11603	0.09381	0.07851	0.03532	0.01555	0.01121	0.00348	0.01201	0.01251	0.00906	0.01616
24	0.04315	0.02944	0.07926	0.10201	0.04038	0.08501	0.02297	0.09030	0.03300	0.30277	0.03467	0.03349	0.02295	0.01333	0.01147	0.00356	0.01304	0.01057	0.01085	0.01778
25	0.01793	0.01419	0.02041	0.01968	0.02120	0.01719	0.01521	0.02134	0.01835	0.02660	0.02952	0.04645	0.02868	0.13858	0.41311	0.01583	0.10658	0.01267	0.00616	0.01032
26	0.02330	0.02265	0.04018	0.45260	0.12097	0.02645	0.08640	0.03122	0.02408	0.03144	0.02114	0.03083	0.01605	0.01128	0.01187	0.00384	0.01583	0.01075	0.00531	0.01380
27	0.02526	0.02766	0.09589	0.13606	0.24890	0.02506	0.02956	0.03557	0.08702	0.03563	0.02707	0.03743	0.02320	0.09529	0.01841	0.00475	0.01353	0.01146	0.00655	0.01569
28	0.02655	0.01771	0.02438	0.14508	0.03677	0.01903	0.01880	0.06769	0.06552	0.12037	0.12317	0.12478	0.04701	0.02751	0.07708	0.00568	0.01270	0.01625	0.01005	0.01388
29	0.03595	0.02210	0.02436	0.02001	0.02670	0.02343	0.01610	0.19691	0.10498	0.13839	0.03714	0.03727	0.02692	0.01416	0.01052	0.00332	0.00934	0.01119	0.22457	0.01664
30	0.01505	0.01077	0.01443	0.01660	0.01782	0.01014	0.01178	0.01798	0.02435	0.03276	0.12858	0.45714	0.08045	0.03409	0.01483	0.00465	0.00705	0.08064	0.01108	0.00982
31	0.02633	0.03466	0.23156	0.03062	0.09382	0.02055	0.02866	0.03383	0.02560	0.10532	0.03913	0.05075	0.07191	0.01889	0.01551	0.06869	0.01310	0.06838	0.00773	0.01496
32	0.02261	0.01845	0.02207	0.02141	0.02316	0.05882	0.01619	0.02525	0.02258	0.07012	0.04382	0.30569	0.04834	0.03363	0.07099	0.00593	0.14885	0.02169	0.00888	0.01151
33	0.02545	0.02545	0.03562	0.03053	0.03053	0.03562	0.02545	0.02799	0.01781	0.02799	0.01527	0.02545	0.01527	0.02036	0.03817	0.00509	0.56997	0.01018	0.00509	0.01272
34	0.02412	0.02067	0.02412	0.01723	0.02756	0.01550	0.01378	0.02929	0.02412	0.03790	0.02067	0.02412	0.01723	0.00861	0.00861	0.00172	0.00861	0.00689	0.00689	0.66236
35	0.03109	0.59826	0.06095	0.01990	0.02985	0.04602	0.01990	0.03483	0.02363	0.02736	0.01617	0.01866	0.01493	0.00995	0.00746	0.00249	0.01244	0.00622	0.00498	0.01493
36	0.02879	0.02763	0.04721	0.07139	0.51871	0.02763	0.03569	0.03569	0.02648	0.03800	0.02188	0.02879	0.01842	0.01036	0.01151	0.00345	0.01382	0.01036	0.00576	0.01842
37	0.03082	0.01785	0.02749	0.15118	0.03951	0.01797	0.06139	0.03647	0.02690	0.18859	0.03838	0.10998	0.03117	0.01604	0.01151	0.00365	0.01076	0.01422	0.15171	0.01441
38	0.36824	0.01699	0.01520	0.01512	0.01974	0.01844	0.01150	0.02593	0.02150	0.04200	0.04552	0.21752	0.10053	0.02173	0.01059	0.00401	0.00784	0.01755	0.00886	0.01119
39	0.02357	0.01497	0.01794	0.01611	0.02077	0.01411	0.01244	0.03184	0.09309	0.12592	0.26258	0.07971	0.19569	0.02263	0.01312	0.00376	0.00686	0.01932	0.01241	0.01318
40	0.10382	0.02959	0.03099	0.02456	0.03312	0.14212	0.06092	0.04664	0.03014	0.25338	0.03104	0.03041	0.02141	0.01228	0.01076	0.00324	0.01314	0.00975	0.00994	0.10275

[dist]
# distance from previous block
# <min> <max>
0	2

[block]
# block no. 3 follows, 10 sequences, length 47
# corresponding to MSA columns:
# 219-265
name=unknown_D
#
# <colnr> <probs for GDERKNQSTAVLIFYWHMCP>
#	G	D	E	R	K	N	Q	S	T	A	V	L	I	F	Y	W	H	M	C	P
0	0.03402	0.38300	0.04993	0.02209	0.03143	0.04130	0.02024	0.14753	0.09459	0.04147	0.02321	0.02423	0.01886	0.01171	0.00907	0.00293	0.01209	0.00819	0.00752	0.01658
1	0.02722	0.05471	0.46302	0.03147	0.04755	0.02567	0.03948	0.03951	0.02573	0.10292	0.02425	0.02658	0.01663	0.01150	0.01114	0.00367	0.01620	0.00901	0.00619	0.01754
2	0.03907	0.03813	0.25599	0.02635	0.03907	0.02160	0.02885	0.04766	0.02932	0.30416	0.03452	0.03276	0.02240	0.01288	0.01140	0.00364	0.01321	0.01029	0.01009	0.01861
3	0.10428	0.10804	0.32616	0.02753	0.04106	0.02810	0.03221	0.04034	0.06180	0.09003	0.02450	0.02629	0.01760	0.01162	0.01033	0.00355	0.01431	0.00874	0.00673	0.01677
4	0.03064	0.02578	0.04463	0.14617	0.32973	0.02609	0.07895	0.03767	0.02695	0.10243	0.02508	0.03089	0.01924	0.01106	0.01179	0.00359	0.01418	0.01089	0.00683	0.01738
5	0.02690	0.05075	0.39729	0.03726	0.09849	0.02635	0.07370	0.03858	0.02579	0.08238	0.02350	0.02693	0.01665	0.01119	0.01137	0.00367	0.01635	0.00947	0.00595	0.01744
6	0.03337	0.02276	0.03667	0.23372	0.21306	0.02381	0.02887	0.03986	0.02737	0.18222	0.02867	0.03284	0.02049	0.01203	0.01161	0.00365	0.01325	0.01075	0.00815	0.01685
7	0.01784	0.01240	0.01361	0.01331	0.01733	0.01053	0.00997	0.02083	0.02666	0.08327	0.10308	0.16736	0.40457	0.02880	0.01368	0.00400	0.00643	0.02433	0.01118	0.01082
8	0.02445	0.12399	0.35889	0.03230	0.04659	0.02866	0.10214	0.03547	0.02552	0.03640	0.05902	0.02965	0.02261	0.01171	0.01118	0.00356	0.01600	0.01001	0.00568	0.01618
9	0.03001	0.21851	0.21001	0.03160	0.04423	0.03253	0.14240	0.03849	0.02596	0.08795	0.02281	0.02607	0.01708	0.01076	0.01066	0.00336	0.01549	0.00948	0.00622	0.01638
10	0.02351	0.02227	0.03581	0.30150	0.14374	0.02735	0.02972	0.02959	0.02219	0.03059	0.02063	0.03070	0.01724	0.02038	0.06707	0.00545	0.14274	0.01050	0.00536	0.01365
11	0.01684	0.01158	0.01420	0.01420	0.01473	0.01210	0.00894	0.01789	0.01736	0.02368	0.03526	0.06842	0.03895	0.46387	0.18203	0.01315	0.01630	0.01579	0.00684	0.00789
12	0.02879	0.02763	0.04721	0.07139	0.51871	0.02763	0.03569	0.03569	0.02648	0.03800	0.02188	0.02879	0.01842	0.01036	0.01151	0.00345	0.01382	0.01036	0.00576	0.01842
13	0.04004	0.02565	0.03248	0.02977	0.08377	0.07867	0.06191	0.04918	0.10086	0.26490	0.03984	0.07827	0.02987	0.01519	0.01200	0.00369	0.01208	0.01315	0.01111	0.01757
14	0.01458	0.01123	0.01333	0.01404	0.01654	0.00998	0.01006	0.01785	0.02665	0.03466	0.19885	0.27023	0.25928	0.03046	0.01412	0.00414	0.00609	0.02663	0.01131	0.00998
15	0.03102	0.03059	0.05179	0.03850	0.04795	0.09431	0.29887	0.03871	0.02961	0.09504	0.09139	0.03844	0.03103	0.01252	0.01305	0.00372	0.01674	0.01364	0.00783	0.01524
16	0.02446	0.16187	0.17034	0.02320	0.03251	0.02789	0.02356	0.03843	0.15136	0.03643	0.04310	0.10020	0.08606	0.01704	0.01118	0.00362	0.01148	0.01385	0.00813	0.01528
17	0.05218	0.01979	0.02699	0.02069	0.02969	0.01709	0.01709	0.05668	0.03329	0.52677	0.04588	0.03959	0.02879	0.01439	0.01170	0.00360	0.00990	0.01170	0.01439	0.01979
18	0.02022	0.01807	0.02003	0.02029	0.02282	0.08464	0.01575	0.02414	0.02208	0.02854	0.03713	0.11322	0.03757	0.06414	0.34390	0.01326	0.02434	0.07179	0.00731	0.01074
19	0.02777	0.17880	0.37741	0.02898	0.04377	0.03041	0.03533	0.03821	0.02515	0.08007	0.02212	0.02461	0.01608	0.01111	0.01029	0.00340	0.01543	0.00834	0.00580	0.01692
20	0.02153	0.01771	0.01969	0.01860	0.02302	0.01892	0.01408	0.03886	0.24596	0.04302	0.17775	0.13686	0.13163	0.02261	0.01300	0.00397	0.00744	0.01951	0.01179	0.01404
21	0.01417	0.01012	0.01350	0.01619	0.01687	0.00945	0.01080	0.01619	0.02227	0.02969	0.06410	0.58367	0.07692	0.03644	0.01484	0.00472	0.00675	0.03306	0.01080	0.00945
22	0.03716	0.03158	0.03010	0.02486	0.03248	0.09950	0.01985	0.27081	0.15741	0.05686	0.04080	0.03962	0.07495	0.01577	0.01175	0.00358	0.01228	0.01221	0.01084	0.01755
23	0.03109	0.59826	0.06095	0.01990	0.02985	0.04602	0.01990	0.03483	0.02363	0.02736	0.01617	0.01866	0.01493	0.00995	0.00746	0.00249	0.01244	0.00622	0.00498	0.01493
24	0.03021	0.09059	0.03398	0.03021	0.13262	0.02337	0.02010	0.03854	0.07799	0.10319	0.02670	0.02866	0.02077	0.01070	0.00986	0.00268	0.01040	0.00888	0.00797	0.29257
25	0.04007	0.07349	0.03857	0.04086	0.20811	0.09628	0.02529	0.09052	0.03229	0.19647	0.02925	0.03032	0.02116	0.01222	0.01113	0.00337	0.01331	0.01009	0.00912	0.01807
26	0.02578	0.02456	0.04177	0.28841	0.32521	0.02684	0.03420	0.03306	0.02506	0.03434	0.02135	0.02977	0.01713	0.01092	0.01156	0.00364	0.01456	0.01035	0.00550	0.01599
27	0.02196	0.02067	0.03488	0.56331	0.08010	0.02584	0.03230	0.02972	0.02326	0.02972	0.02067	0.03101	0.01550	0.01163	0.01163	0.00388	0.01550	0.01034	0.00517	0.01292
28	0.02196	0.02067	0.03488	0.56331	0.08010	0.02584	0.03230	0.02972	0.02326	0.02972	0.02067	0.03101	0.01550	0.01163	0.01163	0.00388	0.01550	0.01034	0.00517	0.01292
29	0.02241	0.05371	0.46213	0.03067	0.04593	0.02487	0.03870	0.03484	0.02567	0.03814	0.08657	0.03288	0.02743	0.01275	0.01141	0.00368	0.01562	0.01026	0.00597	0.01636
30	0.01678	0.01181	0.01541	0.01541	0.01636	0.01276	0.01045	0.01866	0.01772	0.02457	0.03415	0.06229	0.03628	0.36225	0.28001	0.01465	0.02031	0.01489	0.00668	0.00856
31	0.03109	0.59826	0.06095	0.01990	0.02985	0.04602	0.01990	0.03483	0.02363	0.02736	0.01617	0.01866	0.01493	0.00995	0.00746	0.00249	0.01244	0.00622	0.00498	0.01493
32	0.04421	0.03258	0.03490	0.02676	0.03607	0.03607	0.02211	0.47993	0.05468	0.07330	0.02792	0.02792	0.01978	0.01396	0.01163	0.00349	0.01280	0.01047	0.01163	0.01978
33	0.02016	0.01624	0.01849	0.01716	0.02138	0.01676	0.01309	0.03434	0.18681	0.04472	0.29035	0.07663	0.15368	0.02207	0.01309	0.00380	0.00680	0.01900	0.01214	0.01326
34	0.03109	0.59826	0.06095	0.01990	0.02985	0.04602	0.01990	0.03483	0.02363	0.02736	0.01617	0.01866	0.01493	0.00995	0.00746	0.00249	0.01244	0.00622	0.00498	0.01493
35	0.03908	0.13876	0.19453	0.02453	0.03633	0.02557	0.02589	0.04632	0.02872	0.27840	0.03243	0.03094	0.02175	0.01251	0.01071	0.00342	0.01270	0.00970	0.00963	0.01807
36	0.02049	0.01594	0.01836	0.01494	0.02007	0.01338	0.01039	0.02306	0.02049	0.03017	0.02871	0.05029	0.02984	0.30192	0.03408	0.00653	0.00995	0.01194	0.00697	0.33248
37	0.02807	0.31757	0.11375	0.02710	0.08968	0.03385	0.02338	0.03385	0.02421	0.03246	0.01857	0.02198	0.01587	0.00982	0.00870	0.00258	0.01231	0.00719	0.00553	0.17352
38	0.02795	0.31193	0.04381	0.02191	0.02880	0.03638	0.01947	0.03870	0.13788	0.03258	0.02568	0.02914	0.02189	0.02302	0.08468	0.00534	0.07989	0.00922	0.00683	0.01490
39	0.03271	0.09811	0.03728	0.03603	0.15069	0.10093	0.02374	0.09415	0.21765	0.04341	0.03145	0.03226	0.02449	0.01307	0.01104	0.00348	0.01268	0.01061	0.00873	0.01748
40	0.01454	0.01028	0.01339	0.01572	0.01630	0.00969	0.01029	0.01629	0.02155	0.02873	0.06040	0.51521	0.07225	0.11127	0.02083	0.00561	0.00736	0.03089	0.01029	0.00912
41	0.02412	0.02067	0.02412	0.01723	0.02756	0.01550	0.01378	0.02929	0.02412	0.03790	0.02067	0.02412	0.01723	0.00861	0.00861	0.00172	0.00861	0.00689	0.00689	0.66236
42	0.02643	0.02196	0.02802	0.02514	0.03093	0.02383	0.06075	0.09135	0.23450	0.04490	0.04834	0.10767	0.04427	0.02128	0.01342	0.00435	0.01080	0.13576	0.01086	0.01542
43	0.02964	0.19725	0.17061	0.03739	0.10786	0.03405	0.13164	0.08844	0.02876	0.03872	0.02112	0.02541	0.01654	0.01071	0.01078	0.00335	0.01544	0.00955	0.00606	0.01668
44	0.01960	0.01094	0.01193	0.01212	0.01425	0.01076	0.00861	0.02393	0.02416	0.03946	0.09660	0.11242	0.04609	0.09447	0.01635	0.00419	0.00636	0.01530	0.42224	0.01020
45	0.03201	0.16351	0.17188	0.03003	0.09227	0.02886	0.02676	0.08631	0.02914	0.12178	0.02952	0.08544	0.02471	0.01428	0.01086	0.00346	0.01288	0.01157	0.00801	0.01674
46	0.03232	0.10101	0.03149	0.02043	0.02988	0.02499	0.01699	0.11183	0.09345	0.10137	0.02779	0.02841	0.02114	0.01131	0.00975	0.00264	0.01005	0.00879	0.00896	0.30741

[dist]
# distance from previous block
# <min> <max>
1	2

[block]
# block no. 4 follows, 10 sequences, length 19
# corresponding to MSA columns:
# 268-286
name=unknown_E
#
# <colnr> <probs for GDERKNQSTAVLIFYWHMCP>
#	G	D	E	R	K	N	Q	S	T	A	V	L	I	F	Y	W	H	M	C	P
0	0.03045	0.42802	0.05066	0.02102	0.02997	0.04094	0.01946	0.04284	0.16441	0.03369	0.02542	0.02600	0.02104	0.01168	0.00876	0.00292	0.01148	0.00828	0.00701	0.01596
1	0.01739	0.01111	0.01304	0.01304	0.01304	0.01111	0.00749	0.01666	0.01666	0.02221	0.03427	0.07022	0.03909	0.51165	0.05721	0.10526	0.01111	0.01593	0.00676	0.00676
2	0.01644	0.01134	0.01326	0.01347	0.01401	0.01135	0.00819	0.01722	0.01820	0.02418	0.04418	0.11362	0.07861	0.45897	0.09997	0.01097	0.01248	0.01825	0.00753	0.00776
3	0.03266	0.18337	0.04519	0.04333	0.24611	0.03143	0.02628	0.04212	0.09473	0.10390	0.02729	0.02959	0.02136	0.01159	0.01047	0.00328	0.01223	0.00981	0.00761	0.01765
4	0.02150	0.01752	0.02248	0.02417	0.08269	0.01809	0.01611	0.03489	0.16329	0.04614	0.32091	0.06746	0.07755	0.01987	0.01291	0.00371	0.00756	0.01750	0.01166	0.01399
5	0.02663	0.01362	0.01663	0.01489	0.01737	0.01288	0.00981	0.02787	0.02142	0.16145	0.03919	0.06605	0.03857	0.43235	0.04611	0.00916	0.01090	0.01548	0.00907	0.01056
6	0.26154	0.01748	0.01694	0.01592	0.02109	0.01840	0.01287	0.05819	0.02705	0.04490	0.12614	0.07026	0.16955	0.02093	0.01148	0.00393	0.00814	0.07350	0.00982	0.01186
7	0.02686	0.02059	0.02440	0.01757	0.02777	0.01566	0.01410	0.03196	0.02501	0.08564	0.02313	0.02563	0.01836	0.00918	0.00891	0.00191	0.00874	0.00736	0.00762	0.59961
8	0.05108	0.02155	0.02808	0.02153	0.03057	0.01971	0.01778	0.11496	0.03623	0.46433	0.04341	0.03798	0.02755	0.01434	0.01169	0.00358	0.01030	0.01153	0.01401	0.01979
9	0.01691	0.01128	0.01268	0.01268	0.01268	0.01128	0.00705	0.01691	0.01691	0.02255	0.03665	0.07611	0.04228	0.59126	0.05920	0.01128	0.01128	0.01691	0.00705	0.00705
10	0.02470	0.02452	0.04183	0.27509	0.13125	0.02918	0.09522	0.03127	0.02293	0.03162	0.01986	0.02927	0.01620	0.01345	0.01883	0.00413	0.16040	0.01079	0.00534	0.01411
11	0.02801	0.02350	0.03373	0.26908	0.12265	0.02666	0.02702	0.15274	0.03224	0.04292	0.02882	0.10593	0.02556	0.01550	0.01206	0.00383	0.01331	0.01351	0.00781	0.01513
12	0.02712	0.03016	0.02210	0.02228	0.02531	0.24614	0.01596	0.02957	0.02700	0.02915	0.04370	0.33478	0.04953	0.02562	0.01292	0.00396	0.01304	0.02175	0.00867	0.01123
13	0.04239	0.02753	0.09970	0.02271	0.03219	0.02221	0.02091	0.14960	0.03596	0.28996	0.03707	0.03514	0.02477	0.01371	0.01115	0.00348	0.01108	0.01085	0.09130	0.01831
14	0.02147	0.01956	0.03242	0.48070	0.07157	0.02394	0.03023	0.02886	0.02379	0.03049	0.02691	0.04628	0.02334	0.01475	0.01230	0.00410	0.01477	0.07590	0.00601	0.01258
15	0.01925	0.01044	0.01444	0.01444	0.01444	0.01044	0.00922	0.01566	0.01566	0.02088	0.02497	0.04718	0.02661	0.20023	0.04944	0.47293	0.01044	0.01208	0.00563	0.00563
16	0.03669	0.02671	0.02878	0.02288	0.02963	0.02924	0.01796	0.35238	0.04428	0.05932	0.03033	0.04120	0.02598	0.17300	0.02474	0.00564	0.01238	0.01225	0.01037	0.01627
17	0.02578	0.19254	0.20817	0.02402	0.03449	0.02930	0.02583	0.06642	0.06367	0.04000	0.13670	0.03911	0.03885	0.01428	0.01078	0.00335	0.01224	0.01131	0.00777	0.01539
18	0.20564	0.02540	0.05356	0.02271	0.05688	0.07221	0.01754	0.03756	0.09241	0.08118	0.16780	0.04474	0.04592	0.01563	0.01089	0.00360	0.01005	0.01244	0.00965	0.01419

[dist]
# distance from previous block
# <min> <max>
2	5

[block]
# block no. 5 follows, 10 sequences, length 22
# corresponding to MSA columns:
# 292-313
name=unknown_F
#
# <colnr> <probs for GDERKNQSTAVLIFYWHMCP>
#	G	D	E	R	K	N	Q	S	T	A	V	L	I	F	Y	W	H	M	C	P
0	0.02009	0.01681	0.02444	0.02778	0.11575	0.01762	0.01775	0.02544	0.02957	0.04237	0.34870	0.06712	0.07897	0.02072	0.01670	0.00382	0.08585	0.01746	0.01037	0.01265
1	0.02166	0.01764	0.02072	0.01599	0.02328	0.01406	0.01209	0.02588	0.02396	0.03616	0.09238	0.04289	0.03496	0.12292	0.01907	0.00383	0.00869	0.01079	0.00775	0.44529
2	0.02271	0.28674	0.08754	0.01771	0.02576	0.02824	0.01742	0.02710	0.02498	0.03011	0.06110	0.06005	0.23315	0.01859	0.01058	0.00324	0.01006	0.01448	0.00752	0.01292
3	0.01853	0.02052	0.11317	0.01763	0.02267	0.01367	0.01640	0.02474	0.02674	0.04000	0.19731	0.17990	0.06424	0.02177	0.01210	0.00368	0.00802	0.01894	0.16819	0.01178
4	0.39479	0.08896	0.09603	0.01986	0.02911	0.02830	0.01892	0.07714	0.02539	0.09790	0.02094	0.02259	0.01544	0.01140	0.00862	0.00348	0.01094	0.00754	0.00778	0.01487
5	0.03030	0.54320	0.10904	0.02126	0.03195	0.04407	0.02226	0.03503	0.02373	0.02833	0.01665	0.01926	0.01491	0.01006	0.00783	0.00261	0.01292	0.00646	0.00497	0.01516
6	0.02843	0.14275	0.23339	0.02448	0.03732	0.02591	0.02694	0.03658	0.02530	0.09379	0.02293	0.02513	0.01719	0.01052	0.00974	0.00287	0.01289	0.00802	0.00664	0.20920
7	0.03433	0.28923	0.15520	0.02529	0.03600	0.12954	0.02544	0.07555	0.02882	0.07197	0.02080	0.02276	0.01636	0.01124	0.00948	0.00301	0.01488	0.00775	0.00642	0.01594
8	0.04361	0.02296	0.02766	0.02236	0.03060	0.02315	0.01810	0.10648	0.18891	0.31751	0.04432	0.03952	0.02998	0.01480	0.01173	0.00370	0.01000	0.01204	0.01324	0.01933
9	0.03235	0.02604	0.07916	0.02114	0.03139	0.02018	0.01875	0.07463	0.08239	0.15002	0.02987	0.03007	0.02180	0.01138	0.01015	0.00273	0.01019	0.00912	0.00927	0.32936
10	0.01846	0.01142	0.01654	0.01686	0.01789	0.01214	0.01234	0.01833	0.01793	0.02452	0.03058	0.05450	0.03108	0.11187	0.21497	0.29606	0.01752	0.06289	0.00633	0.00776
11	0.07835	0.17781	0.38341	0.02871	0.04346	0.03120	0.03531	0.03617	0.02396	0.03597	0.01943	0.02277	0.01460	0.01078	0.00993	0.00341	0.01545	0.00787	0.00511	0.01630
12	0.02773	0.26311	0.15882	0.09119	0.14395	0.03481	0.06076	0.03509	0.02465	0.03258	0.01936	0.02420	0.01586	0.01044	0.00995	0.00319	0.01457	0.00854	0.00521	0.01600
13	0.02052	0.01279	0.01685	0.01532	0.01878	0.01167	0.01167	0.02590	0.03296	0.10122	0.45952	0.08150	0.10054	0.02271	0.01349	0.00365	0.00599	0.01997	0.01298	0.01198
14	0.03070	0.15455	0.04030	0.19037	0.11339	0.08991	0.02551	0.10107	0.02971	0.03781	0.02196	0.02731	0.01747	0.01162	0.01029	0.00326	0.01403	0.00916	0.05650	0.01507
15	0.03157	0.02670	0.04480	0.06535	0.46044	0.02638	0.03348	0.03819	0.02729	0.09624	0.02474	0.03007	0.01966	0.01084	0.01154	0.00347	0.01335	0.01052	0.00679	0.01859
16	0.01842	0.01347	0.01711	0.01746	0.01835	0.01454	0.01287	0.02046	0.02028	0.02719	0.04268	0.08907	0.04763	0.34551	0.04266	0.00866	0.06987	0.15685	0.00806	0.00886
17	0.01661	0.01246	0.01869	0.01869	0.02077	0.01454	0.01454	0.02077	0.01869	0.02700	0.03115	0.04569	0.02908	0.08723	0.54517	0.01869	0.03115	0.01246	0.00623	0.01038
18	0.02720	0.28644	0.13662	0.02206	0.03129	0.09307	0.02224	0.03289	0.02652	0.03243	0.09725	0.03940	0.08063	0.01439	0.01005	0.00309	0.01271	0.01082	0.00679	0.01410
19	0.02072	0.01425	0.01579	0.01465	0.01595	0.01473	0.00915	0.08152	0.02218	0.02963	0.03543	0.06939	0.03914	0.51071	0.05256	0.01019	0.01149	0.01601	0.00769	0.00882
20	0.02020	0.01010	0.01515	0.01515	0.01515	0.01010	0.01010	0.01515	0.01515	0.02020	0.02020	0.03535	0.02020	0.04040	0.04545	0.66162	0.01010	0.01010	0.00505	0.00505
21	0.02899	0.01614	0.02093	0.01868	0.02300	0.01660	0.01422	0.03635	0.08949	0.17788	0.03898	0.05012	0.03274	0.16444	0.20694	0.01054	0.01747	0.01329	0.00962	0.01358

[dist]
# distance from previous block
# <min> <max>
0	1

[block]
# block no. 6 follows, 10 sequences, length 86
# corresponding to MSA columns:
# 315-400
name=unknown_G
#
# <colnr> <probs for GDERKNQSTAVLIFYWHMCP>
#	G	D	E	R	K	N	Q	S	T	A	V	L	I	F	Y	W	H	M	C	P
0	0.03394	0.02726	0.03837	0.04765	0.27360	0.02854	0.02756	0.12786	0.13628	0.09279	0.03088	0.03285	0.02341	0.01262	0.01162	0.00358	0.01224	0.01112	0.00902	0.01881
1	0.01691	0.01128	0.01268	0.01268	0.01268	0.01128	0.00705	0.01691	0.01691	0.02255	0.03665	0.07611	0.04228	0.59126	0.05920	0.01128	0.01128	0.01691	0.00705	0.00705
2	0.03094	0.02832	0.04549	0.06516	0.45133	0.02881	0.03380	0.09772	0.03042	0.04293	0.02272	0.02866	0.01861	0.01087	0.01153	0.00346	0.01367	0.01038	0.00658	0.01861
3	0.04421	0.03258	0.03490	0.02676	0.03607	0.03607	0.02211	0.47993	0.05468	0.07330	0.02792	0.02792	0.01978	0.01396	0.01163	0.00349	0.01280	0.01047	0.01163	0.01978
4	0.02020	0.01010	0.01515	0.01515	0.01515	0.01010	0.01010	0.01515	0.01515	0.02020	0.02020	0.03535	0.02020	0.04040	0.04545	0.66162	0.01010	0.01010	0.00505	0.00505
5	0.02196	0.02067	0.03488	0.56331	0.08010	0.02584	0.03230	0.02972	0.02326	0.02972	0.02067	0.03101	0.01550	0.01163	0.01163	0.00388	0.01550	0.01034	0.00517	0.01292
6	0.02333	0.06016	0.53100	0.03315	0.05034	0.02701	0.04297	0.03683	0.02455	0.03683	0.02087	0.02455	0.01473	0.01105	0.01105	0.00368	0.01719	0.00859	0.00491	0.01719
7	0.01691	0.01128	0.01268	0.01268	0.01268	0.01128	0.00705	0.01691	0.01691	0.02255	0.03665	0.07611	0.04228	0.59126	0.05920	0.01128	0.01128	0.01691	0.00705	0.00705
8	0.02412	0.02067	0.02412	0.01723	0.02756	0.01550	0.01378	0.02929	0.02412	0.03790	0.02067	0.02412	0.01723	0.00861	0.00861	0.00172	0.00861	0.00689	0.00689	0.66236
9	0.02844	0.02481	0.03466	0.02943	0.03044	0.03355	0.02451	0.03120	0.01954	0.08380	0.01869	0.02703	0.01678	0.01969	0.03521	0.00492	0.50730	0.01035	0.00613	0.01351
10	0.02705	0.11428	0.15470	0.02293	0.03441	0.08176	0.02277	0.03383	0.02515	0.03512	0.01980	0.02312	0.01604	0.00977	0.00926	0.00245	0.01263	0.00728	0.00604	0.34160
11	0.02954	0.38971	0.10407	0.03236	0.10430	0.03937	0.08752	0.03547	0.02465	0.03110	0.01843	0.02238	0.01577	0.01009	0.00923	0.00293	0.01407	0.00806	0.00520	0.01573
12	0.02333	0.06016	0.53100	0.03315	0.05034	0.02701	0.04297	0.03683	0.02455	0.03683	0.02087	0.02455	0.01473	0.01105	0.01105	0.00368	0.01719	0.00859	0.00491	0.01719
13	0.02892	0.05884	0.39247	0.03226	0.04634	0.17097	0.03727	0.03951	0.02689	0.03450	0.02007	0.02356	0.01480	0.01131	0.01089	0.00349	0.01824	0.00829	0.00521	0.01616
14	0.03109	0.59826	0.06095	0.01990	0.02985	0.04602	0.01990	0.03483	0.02363	0.02736	0.01617	0.01866	0.01493	0.00995	0.00746	0.00249	0.01244	0.00622	0.00498	0.01493
15	0.01689	0.01307	0.01563	0.01593	0.01869	0.01273	0.01156	0.02450	0.09284	0.03810	0.21574	0.26245	0.16144	0.02821	0.01386	0.00413	0.00653	0.02486	0.01159	0.01126
16	0.02333	0.06016	0.53100	0.03315	0.05034	0.02701	0.04297	0.03683	0.02455	0.03683	0.02087	0.02455	0.01473	0.01105	0.01105	0.00368	0.01719	0.00859	0.00491	0.01719
17	0.09242	0.02679	0.03955	0.03008	0.03905	0.02751	0.15833	0.15079	0.09972	0.12176	0.03162	0.03318	0.02274	0.01269	0.01166	0.00366	0.01308	0.01168	0.05663	0.01705
18	0.05218	0.01979	0.02699	0.02069	0.02969	0.01709	0.01709	0.05668	0.03329	0.52677	0.04588	0.03959	0.02879	0.01439	0.01170	0.00360	0.00990	0.01170	0.01439	0.01979
19	0.02641	0.05466	0.39284	0.03234	0.04558	0.09991	0.03768	0.03693	0.02478	0.03444	0.01969	0.02418	0.01484	0.01248	0.01476	0.00378	0.09489	0.00866	0.00509	0.01605
20	0.09137	0.31008	0.04380	0.02073	0.02950	0.03756	0.01875	0.17368	0.03311	0.04561	0.02206	0.02409	0.01775	0.01165	0.00882	0.00292	0.01153	0.00803	0.07313	0.01583
21	0.02196	0.02067	0.03488	0.56331	0.08010	0.02584	0.03230	0.02972	0.02326	0.02972	0.02067	0.03101	0.01550	0.01163	0.01163	0.00388	0.01550	0.01034	0.00517	0.01292
22	0.02240	0.11803	0.28240	0.02577	0.03634	0.02475	0.02915	0.03023	0.02196	0.03129	0.02272	0.03017	0.01893	0.03309	0.14796	0.07700	0.01927	0.00939	0.00527	0.01388
23	0.09689	0.02801	0.08283	0.02808	0.03159	0.03167	0.02492	0.03275	0.02044	0.08726	0.01936	0.02624	0.01644	0.01773	0.02918	0.00462	0.39190	0.00978	0.00634	0.01395
24	0.02360	0.02234	0.03784	0.44537	0.18526	0.02627	0.03311	0.03115	0.02403	0.03170	0.02096	0.03047	0.01620	0.01132	0.01160	0.00377	0.01510	0.01034	0.00531	0.01424
25	0.02196	0.02067	0.03488	0.56331	0.08010	0.02584	0.03230	0.02972	0.02326	0.02972	0.02067	0.03101	0.01550	0.01163	0.01163	0.00388	0.01550	0.01034	0.00517	0.01292
26	0.02334	0.02387	0.09342	0.03018	0.03662	0.01941	0.19293	0.02607	0.02093	0.02861	0.02156	0.03262	0.01861	0.02536	0.02942	0.33535	0.01455	0.01132	0.00535	0.01049
27	0.01574	0.01224	0.01467	0.01599	0.01910	0.01117	0.01290	0.01953	0.02618	0.03256	0.09045	0.16718	0.29538	0.03120	0.01476	0.00456	0.00786	0.18763	0.01076	0.01013
28	0.02390	0.05617	0.46694	0.03535	0.05178	0.02734	0.10303	0.03689	0.02496	0.03689	0.02124	0.02550	0.01514	0.01088	0.01142	0.00372	0.01752	0.00931	0.00505	0.01698
29	0.02444	0.02374	0.04189	0.37198	0.20006	0.02672	0.08032	0.03218	0.02460	0.03282	0.02131	0.03043	0.01654	0.01108	0.01182	0.00376	0.01547	0.01070	0.00541	0.01474
30	0.02846	0.04950	0.27723	0.02962	0.04047	0.18449	0.03152	0.03701	0.02683	0.03312	0.02506	0.03622	0.02143	0.02060	0.06136	0.00504	0.01901	0.05232	0.00596	0.01475
31	0.04345	0.05543	0.03296	0.02996	0.03596	0.54457	0.02247	0.04644	0.03296	0.02846	0.01798	0.02097	0.01498	0.01199	0.01049	0.00300	0.02097	0.00749	0.00599	0.01348
32	0.03499	0.03148	0.10677	0.09283	0.21369	0.02781	0.03001	0.15010	0.03407	0.12387	0.02697	0.02991	0.01963	0.01212	0.01152	0.00356	0.01356	0.01036	0.00844	0.01830
33	0.03047	0.02542	0.04033	0.12778	0.33508	0.02638	0.03074	0.04082	0.09208	0.09301	0.02792	0.03233	0.02154	0.01174	0.01159	0.00360	0.01297	0.01089	0.00748	0.01781
34	0.01938	0.01636	0.02551	0.03587	0.19574	0.01593	0.01967	0.02314	0.02377	0.03265	0.04905	0.38590	0.05607	0.02714	0.01366	0.00427	0.00927	0.02497	0.00900	0.01265
35	0.02196	0.02067	0.03488	0.56331	0.08010	0.02584	0.03230	0.02972	0.02326	0.02972	0.02067	0.03101	0.01550	0.01163	0.01163	0.00388	0.01550	0.01034	0.00517	0.01292
36	0.02811	0.05002	0.39361	0.03671	0.11234	0.02571	0.03835	0.03945	0.02604	0.10539	0.02450	0.02724	0.01721	0.01142	0.01120	0.00364	0.01570	0.00927	0.00635	0.01772
37	0.02951	0.03624	0.18173	0.05353	0.29610	0.02656	0.07708	0.03828	0.02673	0.08707	0.02418	0.02894	0.01837	0.01091	0.01161	0.00358	0.01490	0.01032	0.00641	0.01796
38	0.30160	0.02966	0.08403	0.02836	0.09833	0.02806	0.02193	0.14616	0.03102	0.09588	0.02303	0.02495	0.01685	0.01186	0.00972	0.00356	0.01159	0.00862	0.00847	0.01632
39	0.02879	0.02763	0.04721	0.07139	0.51871	0.02763	0.03569	0.03569	0.02648	0.03800	0.02188	0.02879	0.01842	0.01036	0.01151	0.00345	0.01382	0.01036	0.00576	0.01842
40	0.02879	0.02763	0.04721	0.07139	0.51871	0.02763	0.03569	0.03569	0.02648	0.03800	0.02188	0.02879	0.01842	0.01036	0.01151	0.00345	0.01382	0.01036	0.00576	0.01842
41	0.02366	0.09155	0.36926	0.03557	0.11040	0.02660	0.03657	0.03421	0.02450	0.03546	0.02549	0.08726	0.02222	0.01371	0.01126	0.00368	0.01518	0.01140	0.00569	0.01632
42	0.02571	0.22524	0.38679	0.02908	0.04405	0.03284	0.03589	0.03622	0.02427	0.03393	0.01943	0.02275	0.01479	0.01071	0.00995	0.00332	0.01573	0.00787	0.00493	0.01649
43	0.17154	0.02593	0.03598	0.03185	0.08411	0.02762	0.12300	0.10119	0.13091	0.04672	0.02877	0.03469	0.02310	0.06636	0.01562	0.00444	0.01269	0.01147	0.00836	0.01563
44	0.02370	0.08294	0.04106	0.30286	0.11247	0.02662	0.09042	0.03090	0.02558	0.03379	0.08888	0.03724	0.02912	0.01274	0.01176	0.00366	0.01418	0.01186	0.00637	0.01386
45	0.02459	0.02867	0.10854	0.31396	0.23228	0.02664	0.03500	0.03284	0.02459	0.03366	0.02113	0.02931	0.01644	0.01110	0.01151	0.00370	0.01514	0.01010	0.00534	0.01548
46	0.01394	0.01102	0.01257	0.01381	0.01624	0.00965	0.00974	0.01646	0.02456	0.03062	0.09311	0.32894	0.31293	0.03267	0.01425	0.00429	0.00629	0.02846	0.01080	0.00965
47	0.02475	0.02351	0.03991	0.36261	0.25905	0.02657	0.03368	0.03215	0.02457	0.03309	0.02116	0.03010	0.01669	0.01111	0.01158	0.00370	0.01482	0.01035	0.00541	0.01516
48	0.02891	0.13030	0.20479	0.15837	0.04914	0.02872	0.03019	0.04030	0.07824	0.10271	0.02647	0.02935	0.01923	0.01200	0.01077	0.00355	0.01408	0.00957	0.00707	0.01626
49	0.01691	0.01128	0.01268	0.01268	0.01268	0.01128	0.00705	0.01691	0.01691	0.02255	0.03665	0.07611	0.04228	0.59126	0.05920	0.01128	0.01128	0.01691	0.00705	0.00705
50	0.01652	0.01180	0.01515	0.01436	0.01673	0.01102	0.01043	0.02125	0.03070	0.04330	0.44664	0.08539	0.10039	0.10240	0.02002	0.00471	0.00629	0.02046	0.01201	0.01043
51	0.02576	0.22904	0.38347	0.02899	0.04391	0.03298	0.03573	0.03620	0.02427	0.03386	0.01940	0.02270	0.01479	0.01070	0.00992	0.00331	0.01570	0.00785	0.00493	0.01648
52	0.03986	0.03090	0.02917	0.14105	0.04123	0.19234	0.02134	0.04466	0.03016	0.20893	0.03045	0.03193	0.02144	0.01292	0.01095	0.00338	0.01435	0.00993	0.06963	0.01538
53	0.05218	0.01979	0.02699	0.02069	0.02969	0.01709	0.01709	0.05668	0.03329	0.52677	0.04588	0.03959	0.02879	0.01439	0.01170	0.00360	0.00990	0.01170	0.01439	0.01979
54	0.02052	0.03210	0.20826	0.02808	0.03689	0.02106	0.08916	0.02880	0.02200	0.03194	0.02642	0.03616	0.02237	0.04927	0.28060	0.01128	0.02456	0.01126	0.00571	0.01355
55	0.03092	0.03208	0.09075	0.19547	0.22305	0.09749	0.03159	0.03796	0.02702	0.08890	0.02357	0.02909	0.01789	0.01147	0.01138	0.00355	0.01521	0.00992	0.00650	0.01620
56	0.02344	0.01703	0.02638	0.02642	0.07725	0.01759	0.05938	0.02807	0.02368	0.08754	0.04294	0.12063	0.07569	0.03934	0.16834	0.00818	0.05566	0.01587	0.07376	0.01282
57	0.03109	0.59826	0.06095	0.01990	0.02985	0.04602	0.01990	0.03483	0.02363	0.02736	0.01617	0.01866	0.01493	0.00995	0.00746	0.00249	0.01244	0.00622	0.00498	0.01493
58	0.02412	0.02067	0.02412	0.01723	0.02756	0.01550	0.01378	0.02929	0.02412	0.03790	0.02067	0.02412	0.01723	0.00861	0.00861	0.00172	0.00861	0.00689	0.00689	0.66236
59	0.02196	0.02067	0.03488	0.56331	0.08010	0.02584	0.03230	0.02972	0.02326	0.02972	0.02067	0.03101	0.01550	0.01163	0.01163	0.00388	0.01550	0.01034	0.00517	0.01292
60	0.01597	0.01187	0.01486	0.01411	0.01707	0.01076	0.01058	0.02099	0.03175	0.04386	0.44054	0.09145	0.18350	0.02481	0.01372	0.00371	0.00556	0.02167	0.01244	0.01076
61	0.01705	0.01202	0.01370	0.01377	0.01721	0.01039	0.01013	0.02013	0.02660	0.07060	0.13465	0.21576	0.33716	0.02944	0.01385	0.00407	0.00637	0.02526	0.01125	0.01060
62	0.02841	0.02404	0.04020	0.26438	0.29257	0.02584	0.03244	0.03541	0.02587	0.08413	0.02382	0.03077	0.01830	0.01128	0.01158	0.00364	0.01410	0.01049	0.00639	0.01635
63	0.02626	0.03117	0.11380	0.14860	0.26045	0.02828	0.09658	0.03420	0.02488	0.03521	0.02108	0.02863	0.01695	0.01162	0.01448	0.00379	0.07169	0.01056	0.00548	0.01629
64	0.02806	0.02690	0.04590	0.12352	0.47223	0.02744	0.03533	0.03506	0.02614	0.03712	0.02175	0.02902	0.01811	0.01050	0.01153	0.00350	0.01400	0.01036	0.00569	0.01784
65	0.02584	0.04397	0.34843	0.02827	0.04093	0.02222	0.03319	0.03594	0.02575	0.10422	0.03352	0.10052	0.02919	0.01659	0.01210	0.00396	0.01432	0.05753	0.00751	0.01600
66	0.03125	0.12553	0.27052	0.10161	0.04642	0.02731	0.03181	0.04033	0.02634	0.15241	0.02616	0.02819	0.01825	0.01177	0.01075	0.00351	0.01449	0.00923	0.00724	0.01689
67	0.02703	0.22830	0.26382	0.03573	0.10960	0.03354	0.07831	0.03606	0.02481	0.03395	0.01975	0.02391	0.01560	0.01047	0.01021	0.00329	0.01542	0.00858	0.00515	0.01647
68	0.02859	0.02304	0.03820	0.31228	0.22992	0.02527	0.03141	0.03559	0.02580	0.10154	0.02460	0.03140	0.01839	0.01156	0.01160	0.00369	0.01412	0.01053	0.00666	0.01584
69	0.03532	0.02749	0.13753	0.02493	0.03413	0.01867	0.06219	0.04171	0.02844	0.26700	0.04246	0.15544	0.03534	0.01811	0.01243	0.00389	0.01166	0.01591	0.01078	0.01658
70	0.03364	0.04573	0.35082	0.02870	0.04296	0.02347	0.03372	0.04393	0.02768	0.21198	0.02981	0.02993	0.01976	0.01225	0.01128	0.00365	0.01458	0.00970	0.00830	0.01812
71	0.02196	0.02067	0.03488	0.56331	0.08010	0.02584	0.03230	0.02972	0.02326	0.02972	0.02067	0.03101	0.01550	0.01163	0.01163	0.00388	0.01550	0.01034	0.00517	0.01292
72	0.02520	0.18974	0.41780	0.02996	0.04540	0.03159	0.03742	0.03635	0.02433	0.03455	0.01974	0.02313	0.01478	0.01078	0.01019	0.00340	0.01604	0.00802	0.00493	0.01664
