[name]
unknown

[dist]
# distance from previous block
# <min> <max>
0	1243

[block]
# block no. 0 follows, 12 sequences, length 81
# corresponding to MSA columns:
# 1601-1681
name=unknown_A
#
# <colnr> <probs for GDERKNQSTAVLIFYWHMCP>
#	G	D	E	R	K	N	Q	S	T	A	V	L	I	F	Y	W	H	M	C	P
0	0.07593	0.02689	0.08369	0.08997	0.24384	0.02418	0.12240	0.03681	0.02532	0.12885	0.02430	0.02848	0.01799	0.01046	0.01092	0.00341	0.01343	0.01016	0.00685	0.01611
1	0.02503	0.03059	0.09837	0.08894	0.05773	0.02714	0.43583	0.03433	0.02522	0.03433	0.02166	0.02891	0.01618	0.00942	0.01252	0.00366	0.01790	0.01226	0.00539	0.01460
2	0.03086	0.02561	0.05043	0.09186	0.09425	0.02438	0.30693	0.03846	0.02659	0.15788	0.02664	0.03100	0.01890	0.01041	0.01206	0.00356	0.01540	0.01185	0.00733	0.01560
3	0.03375	0.02870	0.07679	0.08168	0.10418	0.07386	0.18691	0.04057	0.02730	0.19438	0.02748	0.03015	0.01928	0.01098	0.01143	0.00343	0.01460	0.01080	0.00786	0.01588
4	0.02125	0.02005	0.03390	0.53644	0.12409	0.02440	0.03061	0.02844	0.02212	0.02866	0.01950	0.02885	0.01482	0.01078	0.01089	0.00359	0.01437	0.00969	0.00490	0.01265
5	0.03467	0.17218	0.18759	0.02476	0.03580	0.02600	0.06497	0.04153	0.02630	0.24013	0.02807	0.02787	0.01933	0.01127	0.01002	0.00318	0.01254	0.00910	0.00823	0.01647
6	0.02509	0.02398	0.04084	0.22185	0.40865	0.02541	0.03252	0.03180	0.02393	0.03333	0.02018	0.02760	0.01646	0.01007	0.01083	0.00336	0.01342	0.00971	0.00523	0.01574
7	0.03178	0.10533	0.16490	0.03155	0.04244	0.07470	0.17662	0.08246	0.02840	0.12124	0.02403	0.02667	0.01729	0.01071	0.01085	0.00331	0.01511	0.00985	0.00702	0.01575
8	0.02397	0.02434	0.08972	0.40576	0.10519	0.02401	0.06269	0.03160	0.02323	0.07408	0.02166	0.02898	0.01586	0.01085	0.01097	0.00356	0.01439	0.00984	0.00564	0.01366
9	0.03419	0.02633	0.04957	0.03598	0.04600	0.02482	0.31343	0.08968	0.02999	0.19198	0.02866	0.03135	0.01983	0.01086	0.01210	0.00355	0.01504	0.01199	0.00842	0.01624
10	0.01669	0.01268	0.01487	0.01375	0.01719	0.01183	0.01047	0.05859	0.03052	0.04102	0.35839	0.08476	0.24201	0.02331	0.01271	0.00350	0.00582	0.02001	0.01129	0.01060
11	0.03275	0.02122	0.03282	0.29296	0.05329	0.02292	0.06308	0.09340	0.02865	0.20679	0.02815	0.03140	0.01926	0.01187	0.01108	0.00351	0.01282	0.01038	0.00845	0.01519
12	0.02596	0.33637	0.25104	0.02661	0.03875	0.03448	0.08432	0.03364	0.02291	0.03014	0.01766	0.02101	0.01422	0.00971	0.00897	0.00292	0.01416	0.00751	0.00474	0.01489
13	0.01554	0.01070	0.01432	0.01477	0.01561	0.01132	0.01009	0.01695	0.01724	0.02372	0.03579	0.15393	0.03916	0.26605	0.24055	0.06624	0.01668	0.01649	0.00680	0.00803
14	0.07815	0.02604	0.04258	0.23429	0.17502	0.06356	0.15904	0.03252	0.02396	0.03320	0.01987	0.02712	0.01548	0.01012	0.01101	0.00347	0.01508	0.01007	0.00536	0.01405
15	0.02170	0.02021	0.03453	0.33869	0.15344	0.02249	0.07674	0.02846	0.02312	0.03127	0.02860	0.03582	0.05928	0.01200	0.01097	0.00347	0.01311	0.01114	0.06198	0.01297
16	0.03762	0.02307	0.03366	0.02615	0.03389	0.02331	0.10590	0.13085	0.07256	0.25660	0.03517	0.03898	0.02561	0.01432	0.01342	0.00365	0.05476	0.04327	0.01051	0.01668
17	0.03377	0.02532	0.03632	0.02808	0.03611	0.06127	0.16153	0.07973	0.14007	0.17422	0.03346	0.03391	0.02386	0.01226	0.01119	0.00342	0.01238	0.01140	0.06568	0.01602
18	0.03277	0.02264	0.03103	0.13430	0.13999	0.02402	0.02280	0.15004	0.07510	0.15342	0.03184	0.07951	0.02514	0.01403	0.01117	0.00349	0.01130	0.01202	0.00921	0.01619
19	0.08428	0.01679	0.02148	0.06389	0.02729	0.01647	0.01510	0.07504	0.02916	0.24063	0.13265	0.14776	0.04636	0.01841	0.01151	0.00359	0.00856	0.01567	0.01115	0.01419
20	0.02135	0.03483	0.23910	0.03224	0.04213	0.02292	0.18652	0.02977	0.02301	0.03260	0.02911	0.15659	0.02780	0.01590	0.01370	0.00383	0.05385	0.01488	0.00615	0.01374
21	0.03235	0.10262	0.15171	0.02539	0.03428	0.06382	0.05507	0.12415	0.02919	0.13085	0.02527	0.02980	0.01947	0.06297	0.01615	0.00395	0.06034	0.00966	0.00767	0.01529
22	0.14914	0.02632	0.03241	0.17584	0.19493	0.08915	0.02499	0.07471	0.02636	0.07623	0.02099	0.02567	0.01606	0.01082	0.01001	0.00332	0.01297	0.00881	0.00659	0.01467
23	0.02033	0.01016	0.01016	0.01016	0.01270	0.01016	0.00762	0.02541	0.02287	0.04065	0.03557	0.04065	0.02795	0.01270	0.00762	0.00254	0.00508	0.01016	0.67734	0.01016
24	0.07667	0.01843	0.02521	0.10218	0.03354	0.01877	0.05655	0.03321	0.10661	0.08362	0.03701	0.14009	0.03445	0.01738	0.01134	0.00359	0.01000	0.06781	0.00863	0.11492
25	0.01533	0.01119	0.01517	0.06011	0.02002	0.01185	0.01134	0.01748	0.01835	0.02485	0.04019	0.23432	0.04507	0.24989	0.16583	0.00975	0.01409	0.01922	0.00741	0.00853
26	0.02273	0.01087	0.01144	0.01094	0.01398	0.01066	0.00833	0.02774	0.02357	0.08400	0.03620	0.04035	0.02787	0.01277	0.00790	0.00261	0.00543	0.01023	0.62153	0.01087
27	0.01649	0.01630	0.07060	0.01580	0.01944	0.01215	0.01286	0.01983	0.02123	0.02920	0.08889	0.19635	0.08968	0.20524	0.02550	0.00577	0.00893	0.04949	0.00820	0.08804
28	0.08071	0.21965	0.07960	0.02183	0.03019	0.08277	0.01987	0.16554	0.07154	0.04302	0.06536	0.02773	0.02406	0.01219	0.00940	0.00300	0.01183	0.00889	0.00773	0.01507
29	0.04292	0.03483	0.03042	0.02477	0.03241	0.20685	0.01976	0.25324	0.03998	0.16658	0.02697	0.02654	0.01900	0.01257	0.01057	0.00314	0.01389	0.00916	0.00976	0.01661
30	0.02496	0.02201	0.07844	0.02164	0.07024	0.01586	0.01717	0.03044	0.02498	0.10987	0.07495	0.03938	0.08618	0.01263	0.00989	0.00258	0.00896	0.01053	0.00805	0.33122
31	0.03493	0.12887	0.03592	0.14145	0.08472	0.20734	0.02281	0.07170	0.02859	0.11142	0.02205	0.02495	0.01670	0.01120	0.00992	0.00305	0.01464	0.00840	0.00686	0.01447
32	0.02113	0.01954	0.03267	0.46196	0.13265	0.02324	0.02939	0.02806	0.02255	0.02938	0.02350	0.03851	0.01989	0.01273	0.01132	0.00372	0.01386	0.05786	0.00546	0.01258
33	0.02451	0.01927	0.02532	0.01873	0.02765	0.01523	0.05223	0.02939	0.02351	0.08301	0.02520	0.07384	0.02189	0.01086	0.00921	0.00218	0.00885	0.00945	0.00734	0.51234
34	0.02509	0.02141	0.03578	0.37288	0.22331	0.02406	0.03007	0.03184	0.02359	0.07602	0.02179	0.02909	0.01649	0.01074	0.01087	0.00348	0.01357	0.00981	0.00577	0.01433
35	0.02574	0.02717	0.03542	0.02985	0.03124	0.08878	0.05938	0.02867	0.01883	0.02693	0.01515	0.02383	0.01445	0.01754	0.03141	0.00449	0.49447	0.00953	0.00491	0.01221
36	0.01373	0.00981	0.01316	0.01569	0.01652	0.00924	0.01089	0.01595	0.02131	0.02833	0.05985	0.55935	0.07115	0.03374	0.01404	0.00449	0.00671	0.07696	0.01011	0.00898
37	0.02925	0.02345	0.03143	0.02613	0.03132	0.02737	0.06990	0.04551	0.25225	0.11458	0.03301	0.03403	0.02503	0.01528	0.01853	0.00396	0.18297	0.01136	0.00901	0.01562
38	0.01460	0.01087	0.01359	0.01342	0.01591	0.00986	0.00987	0.01879	0.02816	0.03850	0.38444	0.16681	0.18468	0.02515	0.01303	0.00363	0.00540	0.02209	0.01135	0.00986
39	0.04805	0.01996	0.02617	0.02006	0.02853	0.01811	0.01658	0.10685	0.03355	0.49932	0.04105	0.03583	0.02600	0.01345	0.01096	0.00336	0.00960	0.01083	0.01319	0.01855
40	0.01532	0.01225	0.01619	0.01608	0.01805	0.01312	0.01219	0.01859	0.02201	0.02992	0.13763	0.18009	0.16527	0.04317	0.18060	0.00799	0.07377	0.01941	0.00862	0.00975
41	0.61841	0.02079	0.01711	0.01493	0.02188	0.02347	0.01230	0.03452	0.02004	0.10826	0.01844	0.01998	0.01358	0.01052	0.00724	0.00337	0.00853	0.00650	0.00754	0.01260
42	0.02913	0.03250	0.03893	0.03147	0.03781	0.18737	0.16942	0.03897	0.11540	0.03240	0.02435	0.02930	0.01965	0.01946	0.07233	0.00499	0.08578	0.01054	0.00649	0.01372
43	0.07910	0.01880	0.02161	0.01963	0.02395	0.02091	0.01551	0.10221	0.12818	0.08599	0.03986	0.16309	0.03716	0.01970	0.01387	0.00385	0.06929	0.05217	0.07161	0.01354
44	0.04165	0.02210	0.02651	0.02121	0.02909	0.02233	0.01723	0.13996	0.16923	0.32779	0.04025	0.03604	0.02711	0.01377	0.01099	0.00344	0.00961	0.01112	0.01237	0.01820
45	0.01637	0.01269	0.01841	0.01797	0.01953	0.01514	0.01385	0.01972	0.01727	0.02497	0.02836	0.04403	0.02734	0.13132	0.47026	0.01562	0.07979	0.01192	0.00582	0.00961
46	0.01328	0.00949	0.01265	0.01518	0.01581	0.00886	0.01012	0.01518	0.02088	0.02783	0.06010	0.60969	0.07212	0.03416	0.01392	0.00443	0.00633	0.03100	0.01012	0.00886
47	0.02698	0.01534	0.02005	0.01954	0.02394	0.01508	0.01666	0.07493	0.02868	0.15301	0.04963	0.08784	0.04771	0.02335	0.01312	0.00428	0.00962	0.28896	0.06854	0.01273
48	0.01328	0.00949	0.01265	0.01518	0.01581	0.00886	0.01012	0.01518	0.02088	0.02783	0.06010	0.60969	0.07212	0.03416	0.01392	0.00443	0.00633	0.03100	0.01012	0.00886
49	0.02261	0.01938	0.02261	0.01615	0.02584	0.01453	0.01292	0.02745	0.02261	0.03553	0.01938	0.02261	0.01615	0.00807	0.00807	0.00161	0.00807	0.00646	0.00646	0.68346
50	0.02817	0.01784	0.02303	0.01878	0.02553	0.01618	0.01542	0.03258	0.02423	0.16876	0.03161	0.04306	0.02666	0.02048	0.06456	0.00432	0.06150	0.07705	0.00861	0.29164
51	0.02552	0.02180	0.03526	0.26068	0.15319	0.02425	0.06531	0.06957	0.02632	0.06944	0.07574	0.03404	0.02551	0.01260	0.01292	0.00357	0.05230	0.01107	0.00680	0.01410
52	0.69383	0.02109	0.01603	0.01434	0.02109	0.02446	0.01181	0.03205	0.01856	0.04892	0.01518	0.01771	0.01181	0.01012	0.00675	0.00337	0.00843	0.00590	0.00675	0.01181
53	0.02059	0.01938	0.03270	0.59060	0.07510	0.02422	0.03028	0.02786	0.02180	0.02786	0.01938	0.02907	0.01453	0.01090	0.01090	0.00363	0.01453	0.00969	0.00484	0.01211
54	0.01328	0.00949	0.01265	0.01518	0.01581	0.00886	0.01012	0.01518	0.02088	0.02783	0.06010	0.60969	0.07212	0.03416	0.01392	0.00443	0.00633	0.03100	0.01012	0.00886
55	0.01680	0.01258	0.01575	0.01471	0.01770	0.01226	0.01110	0.02495	0.08913	0.04394	0.48473	0.07668	0.09474	0.02141	0.01265	0.00346	0.00555	0.01885	0.01190	0.01110
56	0.02167	0.01872	0.02377	0.11872	0.03388	0.01593	0.01581	0.02697	0.02313	0.03482	0.06158	0.02851	0.02285	0.00973	0.00897	0.00212	0.00899	0.00811	0.00662	0.50910
57	0.69383	0.02109	0.01603	0.01434	0.02109	0.02446	0.01181	0.03205	0.01856	0.04892	0.01518	0.01771	0.01181	0.01012	0.00675	0.00337	0.00843	0.00590	0.00675	0.01181
58	0.02385	0.02385	0.03340	0.02863	0.02863	0.03340	0.02385	0.02624	0.01670	0.02624	0.01431	0.02385	0.01431	0.01908	0.03578	0.00477	0.59685	0.00954	0.00477	0.01193
59	0.02033	0.01016	0.01016	0.01016	0.01270	0.01016	0.00762	0.02541	0.02287	0.04065	0.03557	0.04065	0.02795	0.01270	0.00762	0.00254	0.00508	0.01016	0.67734	0.01016
60	0.01675	0.01213	0.01709	0.01559	0.01861	0.01134	0.04906	0.02155	0.02692	0.03906	0.29712	0.15062	0.10507	0.02145	0.01196	0.00344	0.00638	0.01916	0.14637	0.01032
61	0.01289	0.01105	0.01105	0.01105	0.01473	0.00920	0.00828	0.01565	0.02485	0.02946	0.11046	0.10493	0.54437	0.02761	0.01289	0.00368	0.00552	0.02301	0.01013	0.00920
62	0.03393	0.01515	0.02040	0.01700	0.02269	0.01337	0.01347	0.03830	0.03027	0.32824	0.22609	0.09852	0.05814	0.01833	0.01189	0.00348	0.00754	0.01573	0.01269	0.01478
63	0.02314	0.01985	0.02285	0.01686	0.02613	0.01601	0.01343	0.03102	0.08184	0.03671	0.02230	0.02472	0.01815	0.00886	0.00843	0.00186	0.00814	0.00715	0.00700	0.60556
64	0.03042	0.01710	0.02283	0.02298	0.07772	0.01615	0.01649	0.07782	0.02959	0.21754	0.08567	0.10987	0.11647	0.02013	0.01225	0.00375	0.00896	0.08895	0.01098	0.01432
65	0.08479	0.13592	0.26806	0.02533	0.03677	0.10649	0.02761	0.03853	0.02507	0.12233	0.02213	0.02364	0.01596	0.01084	0.00956	0.00316	0.01414	0.00788	0.00645	0.01534
66	0.02385	0.02385	0.03340	0.02863	0.02863	0.03340	0.02385	0.02624	0.01670	0.02624	0.01431	0.02385	0.01431	0.01908	0.03578	0.00477	0.59685	0.00954	0.00477	0.01193
67	0.02619	0.01433	0.01782	0.01561	0.02010	0.01371	0.01216	0.03409	0.08795	0.17536	0.27589	0.05883	0.06338	0.01764	0.01134	0.00331	0.00661	0.01509	0.11740	0.01321
68	0.03056	0.02062	0.03062	0.08093	0.03613	0.01790	0.08911	0.03612	0.02550	0.18704	0.02669	0.02853	0.01921	0.01012	0.00992	0.00264	0.01062	0.00906	0.00821	0.32044
69	0.04232	0.02914	0.03185	0.02442	0.03311	0.03173	0.02017	0.45872	0.04892	0.12574	0.02815	0.02746	0.01953	0.01314	0.01091	0.00328	0.01168	0.00995	0.01121	0.01854
70	0.02791	0.02204	0.02409	0.02105	0.02699	0.02428	0.01690	0.18055	0.23978	0.04933	0.09242	0.05536	0.08298	0.01788	0.01182	0.00370	0.00920	0.06735	0.01092	0.01545
71	0.02059	0.01938	0.03270	0.59060	0.07510	0.02422	0.03028	0.02786	0.02180	0.02786	0.01938	0.02907	0.01453	0.01090	0.01090	0.00363	0.01453	0.00969	0.00484	0.01211
72	0.15022	0.02560	0.04735	0.03462	0.04433	0.02455	0.31471	0.03831	0.02562	0.14897	0.02531	0.02897	0.01793	0.01028	0.01137	0.00356	0.01466	0.01121	0.00744	0.01501
73	0.02139	0.01287	0.01629	0.01522	0.01861	0.01224	0.01146	0.02788	0.06864	0.11745	0.30059	0.16273	0.07435	0.02172	0.01220	0.00355	0.00625	0.01906	0.06567	0.01182
74	0.02915	0.62337	0.05714	0.01866	0.02799	0.04314	0.01866	0.03265	0.02215	0.02565	0.01516	0.01749	0.01399	0.00933	0.00700	0.00233	0.01166	0.00583	0.00466	0.01399
75	0.02272	0.12270	0.50147	0.02962	0.04495	0.02741	0.03776	0.03431	0.02292	0.03349	0.01905	0.02237	0.01383	0.01024	0.00997	0.00332	0.01559	0.00780	0.00461	0.01587
76	0.02498	0.26091	0.04321	0.02396	0.03020	0.03181	0.08827	0.03153	0.06323	0.03191	0.11273	0.03375	0.03185	0.01402	0.01500	0.00332	0.12884	0.01058	0.00663	0.01328
77	0.01941	0.01292	0.01643	0.01499	0.01840	0.01234	0.01143	0.02685	0.07698	0.08819	0.45371	0.07385	0.08989	0.02084	0.01253	0.00345	0.00582	0.01828	0.01205	0.01165
78	0.01869	0.00956	0.01402	0.01402	0.01402	0.00956	0.00924	0.01434	0.01434	0.01912	0.02019	0.03624	0.02061	0.08474	0.04366	0.62836	0.00956	0.00999	0.00489	0.00489
79	0.02602	0.03704	0.23837	0.02593	0.03623	0.02687	0.02666	0.08011	0.29461	0.04280	0.03324	0.03265	0.02451	0.01291	0.01079	0.00357	0.01184	0.01045	0.00850	0.01689
80	0.02187	0.05640	0.56031	0.03108	0.04719	0.02532	0.04029	0.03453	0.02302	0.03453	0.01957	0.02302	0.01381	0.01036	0.01036	0.00345	0.01611	0.00806	0.00460	0.01611

[dist]
# distance from previous block
# <min> <max>
0	17

[block]
# block no. 1 follows, 12 sequences, length 12
# corresponding to MSA columns:
# 1699-1710
name=unknown_B
#
# <colnr> <probs for GDERKNQSTAVLIFYWHMCP>
#	G	D	E	R	K	N	Q	S	T	A	V	L	I	F	Y	W	H	M	C	P
0	0.61575	0.02478	0.01780	0.01598	0.02260	0.09004	0.01292	0.03342	0.02003	0.04626	0.01538	0.01795	0.01208	0.01025	0.00712	0.00331	0.00978	0.00604	0.00661	0.01191
1	0.02553	0.02659	0.05244	0.05199	0.24754	0.02563	0.28001	0.03330	0.02532	0.03500	0.02450	0.03646	0.02078	0.01119	0.01224	0.00362	0.01553	0.05116	0.00586	0.01532
2	0.09583	0.09189	0.28700	0.02747	0.03973	0.02785	0.06543	0.12513	0.02860	0.07992	0.02190	0.02412	0.01569	0.01090	0.01004	0.00333	0.01386	0.00856	0.00673	0.01603
3	0.01831	0.01057	0.01198	0.01163	0.01418	0.01021	0.00872	0.02342	0.02616	0.04192	0.24472	0.05746	0.05883	0.01665	0.00978	0.00291	0.00511	0.01410	0.40312	0.01021
4	0.01598	0.01062	0.01178	0.01183	0.01456	0.00975	0.00874	0.01999	0.02527	0.03643	0.18642	0.12946	0.21991	0.02211	0.01126	0.00332	0.00537	0.01882	0.22863	0.00975
5	0.01586	0.01057	0.01189	0.01189	0.01189	0.01057	0.00661	0.01586	0.01586	0.02114	0.03436	0.07135	0.03964	0.61681	0.05550	0.01057	0.01057	0.01586	0.00661	0.00661
6	0.01533	0.01138	0.01373	0.01442	0.01650	0.01097	0.01086	0.01799	0.02149	0.02742	0.06510	0.09359	0.20967	0.21020	0.08247	0.00750	0.01064	0.14342	0.00862	0.00871
7	0.02187	0.05640	0.56031	0.03108	0.04719	0.02532	0.04029	0.03453	0.02302	0.03453	0.01957	0.02302	0.01381	0.01036	0.01036	0.00345	0.01611	0.00806	0.00460	0.01611
8	0.02712	0.02342	0.02465	0.02219	0.02835	0.02712	0.01726	0.05794	0.52909	0.04561	0.04438	0.04068	0.03328	0.01479	0.01109	0.00370	0.00863	0.01233	0.01109	0.01726
9	0.03531	0.01564	0.02149	0.01780	0.02373	0.01432	0.01432	0.03967	0.02857	0.34408	0.15034	0.04793	0.04372	0.02823	0.11689	0.00604	0.01211	0.01302	0.01173	0.01508
10	0.01947	0.01562	0.02002	0.02246	0.06683	0.01620	0.01617	0.03033	0.14903	0.03644	0.11344	0.16313	0.09260	0.02410	0.01312	0.00416	0.00846	0.16602	0.01015	0.01222
11	0.02598	0.02656	0.03486	0.18841	0.14377	0.10620	0.05996	0.03414	0.07515	0.03168	0.02459	0.03588	0.02115	0.01371	0.01448	0.00371	0.09008	0.04980	0.00618	0.01369

[dist]
# distance from previous block
# <min> <max>
5	14

[block]
# block no. 2 follows, 12 sequences, length 45
# corresponding to MSA columns:
# 1726-1770
name=unknown_C
#
# <colnr> <probs for GDERKNQSTAVLIFYWHMCP>
#	G	D	E	R	K	N	Q	S	T	A	V	L	I	F	Y	W	H	M	C	P
0	0.02913	0.02315	0.02859	0.07556	0.07577	0.02484	0.01983	0.21598	0.03293	0.04530	0.02649	0.03856	0.02325	0.07871	0.01760	0.00408	0.05898	0.04819	0.00814	0.12491
1	0.02385	0.02385	0.03340	0.02863	0.02863	0.03340	0.02385	0.02624	0.01670	0.02624	0.01431	0.02385	0.01431	0.01908	0.03578	0.00477	0.59685	0.00954	0.00477	0.01193
2	0.15143	0.01864	0.02237	0.01798	0.02542	0.01784	0.01469	0.04760	0.07026	0.38371	0.03786	0.03451	0.02509	0.01298	0.00998	0.00333	0.00871	0.01017	0.07084	0.01659
3	0.01533	0.01099	0.01360	0.01303	0.01504	0.01027	0.00919	0.01896	0.02655	0.03679	0.37753	0.08086	0.12397	0.17364	0.02368	0.00526	0.00655	0.01902	0.01048	0.00926
4	0.01446	0.01072	0.01349	0.01362	0.01590	0.00975	0.00990	0.01840	0.02737	0.03735	0.34961	0.21557	0.17135	0.02613	0.01312	0.00372	0.00550	0.02306	0.01122	0.00975
5	0.02307	0.14992	0.47732	0.02903	0.04402	0.02826	0.03672	0.03422	0.02288	0.03307	0.01884	0.02211	0.01384	0.01019	0.00980	0.00327	0.01538	0.00769	0.00461	0.01576
6	0.02225	0.01093	0.01176	0.01121	0.01424	0.01065	0.00853	0.02726	0.02421	0.08291	0.07855	0.04377	0.03413	0.01357	0.00833	0.00268	0.00543	0.01103	0.56771	0.01086
7	0.01452	0.01111	0.01332	0.01277	0.01573	0.00990	0.00957	0.01882	0.02872	0.03864	0.38887	0.08982	0.26023	0.02419	0.01287	0.00352	0.00528	0.02089	0.01133	0.00990
8	0.02261	0.01938	0.02261	0.01615	0.02584	0.01453	0.01292	0.02745	0.02261	0.03553	0.01938	0.02261	0.01615	0.00807	0.00807	0.00161	0.00807	0.00646	0.00646	0.68346
9	0.01417	0.01079	0.01302	0.01310	0.01567	0.00965	0.00958	0.01789	0.02693	0.03589	0.30526	0.19068	0.24509	0.02635	0.01307	0.00371	0.00550	0.02299	0.01101	0.00965
10	0.07945	0.02186	0.02758	0.02045	0.02968	0.01938	0.06730	0.07161	0.06626	0.04015	0.02193	0.02471	0.01743	0.00933	0.00897	0.00229	0.00959	0.00786	0.00713	0.44703
11	0.02632	0.18101	0.12788	0.02560	0.03583	0.02772	0.10479	0.08309	0.02637	0.03611	0.02247	0.03062	0.01912	0.01119	0.00984	0.00289	0.01264	0.04398	0.00629	0.16623
12	0.03089	0.08460	0.16578	0.12556	0.12668	0.08486	0.02833	0.07139	0.02723	0.11819	0.02326	0.02633	0.01699	0.01105	0.01032	0.00326	0.01395	0.00889	0.00677	0.01566
13	0.02011	0.01876	0.06924	0.07261	0.03191	0.01580	0.09775	0.02575	0.02541	0.07172	0.16079	0.20784	0.05647	0.02141	0.01282	0.00389	0.01007	0.05671	0.00913	0.01183
14	0.03254	0.01707	0.02168	0.01890	0.02431	0.01642	0.01503	0.11603	0.03140	0.24139	0.08999	0.18940	0.04720	0.02108	0.01229	0.00380	0.00873	0.06651	0.01172	0.01452
15	0.13132	0.08908	0.25191	0.02394	0.03545	0.02502	0.02619	0.07772	0.02672	0.17529	0.02520	0.02569	0.01736	0.01128	0.00973	0.00331	0.01245	0.00844	0.00777	0.01612
16	0.02517	0.07649	0.04176	0.22734	0.35395	0.02690	0.03116	0.03163	0.02364	0.03230	0.01968	0.02680	0.01612	0.01005	0.01049	0.00328	0.01334	0.00936	0.00516	0.01536
17	0.04892	0.01856	0.02530	0.01940	0.02783	0.01603	0.01603	0.05314	0.03121	0.55634	0.04302	0.03711	0.02699	0.01350	0.01096	0.00337	0.00928	0.01096	0.01350	0.01856
18	0.02390	0.02090	0.02893	0.22852	0.08737	0.02067	0.02157	0.07083	0.02503	0.03569	0.02007	0.02562	0.01587	0.00967	0.00957	0.00262	0.01115	0.00819	0.00618	0.32765
19	0.13131	0.01419	0.01754	0.01868	0.02221	0.01449	0.01588	0.02603	0.02417	0.07750	0.04971	0.13867	0.05221	0.02580	0.01326	0.00457	0.00941	0.32366	0.00978	0.01093
20	0.01561	0.01148	0.01649	0.01642	0.01813	0.01293	0.01236	0.01903	0.01831	0.02612	0.06935	0.04991	0.03484	0.15436	0.45589	0.01544	0.02467	0.01290	0.00642	0.00933
21	0.01586	0.01057	0.01189	0.01189	0.01189	0.01057	0.00661	0.01586	0.01586	0.02114	0.03436	0.07135	0.03964	0.61681	0.05550	0.01057	0.01057	0.01586	0.00661	0.00661
22	0.02589	0.02479	0.04229	0.15631	0.46794	0.02562	0.03292	0.03251	0.02431	0.03430	0.02032	0.02734	0.01680	0.00992	0.01081	0.00331	0.01322	0.00971	0.00530	0.01639
23	0.02699	0.02591	0.04426	0.06693	0.54879	0.02591	0.03346	0.03346	0.02483	0.03562	0.02051	0.02699	0.01727	0.00972	0.01079	0.00324	0.01295	0.00972	0.00540	0.01727
24	0.09733	0.02522	0.11586	0.02098	0.03058	0.01831	0.01982	0.04823	0.02877	0.42555	0.03673	0.03311	0.02349	0.01268	0.01051	0.00339	0.01038	0.01005	0.01142	0.01758
25	0.01399	0.01120	0.01268	0.01331	0.01642	0.00988	0.01035	0.01728	0.02498	0.03094	0.12733	0.15126	0.37966	0.02828	0.01339	0.00398	0.00642	0.10899	0.01024	0.00941
26	0.02384	0.41796	0.04225	0.01749	0.02391	0.03167	0.01580	0.02680	0.02173	0.02638	0.03020	0.21565	0.03344	0.01764	0.00931	0.00303	0.00988	0.01425	0.00649	0.01227
27	0.02408	0.22825	0.40780	0.02731	0.04137	0.03072	0.03373	0.03396	0.02276	0.03184	0.01823	0.02134	0.01387	0.01005	0.00934	0.00311	0.01476	0.00738	0.00462	0.01547
28	0.04323	0.01841	0.02352	0.01844	0.02590	0.01694	0.01510	0.09788	0.03194	0.41579	0.03993	0.03654	0.02624	0.01332	0.01039	0.00322	0.00885	0.01070	0.12652	0.01712
29	0.02303	0.04912	0.44200	0.02911	0.04303	0.02572	0.03520	0.03970	0.13480	0.03698	0.02505	0.02692	0.01811	0.01134	0.01052	0.00351	0.01446	0.00900	0.00604	0.01637
30	0.04145	0.03054	0.03272	0.02509	0.03381	0.03381	0.02072	0.51243	0.05127	0.06872	0.02618	0.02618	0.01854	0.01309	0.01091	0.00327	0.01200	0.00982	0.01091	0.01854
31	0.02187	0.05640	0.56031	0.03108	0.04719	0.02532	0.04029	0.03453	0.02302	0.03453	0.01957	0.02302	0.01381	0.01036	0.01036	0.00345	0.01611	0.00806	0.00460	0.01611
32	0.01894	0.00947	0.01420	0.01420	0.01420	0.00947	0.00947	0.01420	0.01420	0.01894	0.01894	0.03314	0.01894	0.03788	0.04261	0.68277	0.00947	0.00947	0.00473	0.00473
33	0.04371	0.02691	0.03047	0.02336	0.03200	0.02842	0.01930	0.37322	0.04519	0.21652	0.03128	0.02949	0.02110	0.01321	0.01092	0.00330	0.01117	0.01016	0.01169	0.01855
34	0.02552	0.02480	0.04007	0.03121	0.03905	0.02582	0.21875	0.04519	0.27840	0.04106	0.07914	0.03964	0.03254	0.01315	0.01198	0.00367	0.01233	0.01320	0.00888	0.01560
35	0.02385	0.02385	0.03340	0.02863	0.02863	0.03340	0.02385	0.02624	0.01670	0.02624	0.01431	0.02385	0.01431	0.01908	0.03578	0.00477	0.59685	0.00954	0.00477	0.01193
36	0.02702	0.17949	0.03917	0.02603	0.02901	0.09401	0.02223	0.02974	0.01962	0.02614	0.01480	0.02178	0.01420	0.01576	0.02566	0.00394	0.38571	0.00833	0.00484	0.01253
37	0.04749	0.02086	0.02673	0.02049	0.02898	0.01944	0.01693	0.14126	0.03506	0.46279	0.03979	0.03501	0.02537	0.01342	0.01095	0.00335	0.00980	0.01074	0.01300	0.01855
38	0.02699	0.02591	0.04426	0.06693	0.54879	0.02591	0.03346	0.03346	0.02483	0.03562	0.02051	0.02699	0.01727	0.00972	0.01079	0.00324	0.01295	0.00972	0.00540	0.01727
39	0.03046	0.02190	0.03436	0.21000	0.23094	0.02307	0.02677	0.03877	0.07004	0.16237	0.02782	0.03132	0.02025	0.01145	0.01090	0.00343	0.01215	0.01025	0.00773	0.01602
40	0.01881	0.01036	0.01164	0.01157	0.01348	0.01043	0.00827	0.02224	0.02138	0.03511	0.07482	0.04808	0.03499	0.11054	0.05873	0.06082	0.00800	0.01184	0.41974	0.00917
41	0.01300	0.01061	0.01149	0.01220	0.01503	0.00911	0.00880	0.01552	0.02375	0.02900	0.09644	0.24546	0.41289	0.02944	0.01317	0.00389	0.00575	0.02523	0.01012	0.00911
42	0.03138	0.26548	0.18597	0.02425	0.03522	0.03508	0.02526	0.19769	0.03237	0.04284	0.02014	0.02198	0.01550	0.01090	0.00925	0.00296	0.01299	0.00780	0.00679	0.01613
43	0.02609	0.02225	0.02389	0.02196	0.02773	0.02555	0.01729	0.05413	0.47480	0.04421	0.04582	0.04955	0.03646	0.01644	0.01152	0.00384	0.00878	0.06221	0.01098	0.01648
44	0.03524	0.02265	0.03110	0.07633	0.16332	0.02334	0.02220	0.08519	0.15313	0.21877	0.03448	0.03392	0.02444	0.01263	0.01094	0.00343	0.01067	0.01079	0.00999	0.01742

[dist]
# distance from previous block
# <min> <max>
0	1

[block]
# block no. 3 follows, 12 sequences, length 52
# corresponding to MSA columns:
# 1772-1823
name=unknown_D
#
# <colnr> <probs for GDERKNQSTAVLIFYWHMCP>
#	G	D	E	R	K	N	Q	S	T	A	V	L	I	F	Y	W	H	M	C	P
0	0.03179	0.02108	0.03106	0.02618	0.08346	0.01785	0.08027	0.03716	0.02596	0.20040	0.02733	0.02853	0.01975	0.01010	0.00989	0.00260	0.01029	0.00905	0.00846	0.31880
1	0.02650	0.02541	0.04337	0.10703	0.51252	0.02578	0.03322	0.03303	0.02460	0.03503	0.02042	0.02715	0.01706	0.00981	0.01080	0.00327	0.01307	0.00971	0.00535	0.01688
2	0.59474	0.02577	0.01828	0.01643	0.02300	0.10769	0.01321	0.03379	0.02043	0.04555	0.01544	0.01801	0.01215	0.01029	0.00722	0.00329	0.01014	0.00607	0.00658	0.01193
3	0.01328	0.00949	0.01265	0.01518	0.01581	0.00886	0.01012	0.01518	0.02088	0.02783	0.06010	0.60969	0.07212	0.03416	0.01392	0.00443	0.00633	0.03100	0.01012	0.00886
4	0.02156	0.02037	0.03446	0.51115	0.14697	0.02448	0.03076	0.02871	0.02226	0.02904	0.01955	0.02875	0.01495	0.01072	0.01088	0.00357	0.01429	0.00969	0.00493	0.01290
5	0.38881	0.03030	0.14420	0.02020	0.02917	0.02576	0.01987	0.07247	0.09949	0.04658	0.02145	0.02306	0.01603	0.01111	0.00855	0.00343	0.01050	0.00767	0.00722	0.01413
6	0.03854	0.02573	0.02828	0.02238	0.03011	0.02786	0.01826	0.32924	0.11507	0.13838	0.03232	0.03135	0.02288	0.01336	0.01064	0.00328	0.01044	0.01039	0.07393	0.01757
7	0.01354	0.01107	0.01195	0.01173	0.01513	0.00948	0.00880	0.01691	0.02639	0.03311	0.22131	0.09891	0.43123	0.02625	0.01288	0.00362	0.00543	0.02217	0.01061	0.00948
8	0.02261	0.01938	0.02261	0.01615	0.02584	0.01453	0.01292	0.02745	0.02261	0.03553	0.01938	0.02261	0.01615	0.00807	0.00807	0.00161	0.00807	0.00646	0.00646	0.68346
9	0.02554	0.02692	0.14553	0.01980	0.03006	0.01680	0.01938	0.03212	0.02479	0.11197	0.07589	0.03077	0.02597	0.01083	0.00950	0.00248	0.00980	0.00882	0.00762	0.36540
10	0.10686	0.04884	0.02939	0.02670	0.03243	0.51749	0.02013	0.04238	0.02965	0.02894	0.01668	0.01947	0.01382	0.01112	0.00952	0.00287	0.01853	0.00691	0.00573	0.01256
11	0.01586	0.01057	0.01189	0.01189	0.01189	0.01057	0.00661	0.01586	0.01586	0.02114	0.03436	0.07135	0.03964	0.61681	0.05550	0.01057	0.01057	0.01586	0.00661	0.00661
12	0.02652	0.01926	0.02301	0.01663	0.02614	0.01476	0.01338	0.03127	0.02389	0.11288	0.02289	0.02476	0.01776	0.00888	0.00850	0.00188	0.00825	0.00713	0.00750	0.58471
13	0.01558	0.01168	0.01752	0.01752	0.01947	0.01363	0.01363	0.01947	0.01752	0.02531	0.02921	0.04283	0.02726	0.08178	0.57360	0.01752	0.02921	0.01168	0.00584	0.00974
14	0.01627	0.01153	0.01378	0.01435	0.01539	0.01161	0.00956	0.01987	0.05735	0.02723	0.07925	0.19493	0.05322	0.34047	0.03580	0.00762	0.00904	0.06577	0.00846	0.00851
15	0.02547	0.02270	0.02576	0.02286	0.02530	0.10201	0.01830	0.02886	0.02246	0.07853	0.10103	0.03761	0.03189	0.03238	0.15033	0.00709	0.23713	0.01135	0.00706	0.01190
16	0.01543	0.01115	0.01457	0.01372	0.01629	0.01029	0.01029	0.02058	0.03086	0.04372	0.54304	0.08145	0.10288	0.02229	0.01286	0.00343	0.00514	0.01972	0.01200	0.01029
17	0.02276	0.05017	0.44585	0.03451	0.04945	0.02584	0.14851	0.03462	0.02365	0.03462	0.02014	0.02450	0.01444	0.01009	0.01094	0.00350	0.01664	0.00917	0.00481	0.01579
18	0.01602	0.01076	0.01243	0.01266	0.01290	0.01076	0.00764	0.01649	0.01672	0.02222	0.03655	0.07620	0.04181	0.56171	0.05170	0.01005	0.01052	0.05902	0.00693	0.00693
19	0.47811	0.02794	0.02039	0.01802	0.02468	0.14995	0.01437	0.03683	0.02268	0.09518	0.01839	0.02013	0.01386	0.01072	0.00788	0.00324	0.01111	0.00667	0.00717	0.01268
20	0.01570	0.01161	0.01577	0.01734	0.01957	0.01168	0.01404	0.01959	0.02259	0.02966	0.05920	0.18538	0.12606	0.04237	0.14345	0.00761	0.01317	0.22648	0.00910	0.00965
21	0.18733	0.02514	0.03144	0.11029	0.07861	0.02748	0.05716	0.21364	0.03350	0.09879	0.02347	0.02598	0.01694	0.01156	0.01009	0.00339	0.01185	0.00922	0.00846	0.01565
22	0.33545	0.11136	0.02813	0.01885	0.02674	0.02955	0.01602	0.18976	0.03068	0.09138	0.02091	0.02194	0.01549	0.01123	0.00846	0.00319	0.01013	0.00756	0.00832	0.01484
23	0.69383	0.02109	0.01603	0.01434	0.02109	0.02446	0.01181	0.03205	0.01856	0.04892	0.01518	0.01771	0.01181	0.01012	0.00675	0.00337	0.00843	0.00590	0.00675	0.01181
24	0.01666	0.01250	0.01690	0.01671	0.01780	0.01423	0.01235	0.01906	0.01759	0.02457	0.03263	0.05990	0.03429	0.27191	0.27166	0.01244	0.07357	0.06000	0.00645	0.00880
25	0.01511	0.01089	0.01428	0.01394	0.01622	0.01007	0.01026	0.01976	0.02935	0.04131	0.46977	0.16159	0.09821	0.02409	0.01302	0.00358	0.00532	0.02143	0.01172	0.01007
26	0.02385	0.02385	0.03340	0.02863	0.02863	0.03340	0.02385	0.02624	0.01670	0.02624	0.01431	0.02385	0.01431	0.01908	0.03578	0.00477	0.59685	0.00954	0.00477	0.01193
27	0.02051	0.01227	0.01620	0.01458	0.01804	0.01116	0.01116	0.02552	0.03092	0.12150	0.46717	0.07472	0.09137	0.02096	0.01257	0.00342	0.00577	0.01839	0.01223	0.01154
28	0.01328	0.01106	0.01159	0.01146	0.01497	0.00937	0.00859	0.01641	0.02578	0.03165	0.17711	0.10131	0.47634	0.02679	0.01288	0.00364	0.00546	0.02250	0.01041	0.00937
29	0.02915	0.62337	0.05714	0.01866	0.02799	0.04314	0.01866	0.03265	0.02215	0.02565	0.01516	0.01749	0.01399	0.00933	0.00700	0.00233	0.01166	0.00583	0.00466	0.01399
30	0.02884	0.49817	0.13168	0.02119	0.03129	0.07677	0.02210	0.03368	0.02289	0.02707	0.01594	0.01848	0.01397	0.00962	0.00770	0.00253	0.01288	0.00625	0.00472	0.01422
31	0.02244	0.10096	0.52077	0.03010	0.04568	0.02672	0.03859	0.03438	0.02295	0.03383	0.01922	0.02259	0.01383	0.01028	0.01009	0.00336	0.01576	0.00788	0.00461	0.01595
32	0.04025	0.07707	0.07370	0.02407	0.03336	0.03088	0.02126	0.36021	0.04341	0.14552	0.02767	0.02711	0.01926	0.01265	0.01057	0.00323	0.01182	0.00956	0.01037	0.01800
33	0.02784	0.02645	0.03810	0.17641	0.31648	0.06394	0.02943	0.07976	0.06620	0.03712	0.02239	0.02795	0.01779	0.01080	0.01079	0.00334	0.01335	0.00974	0.00625	0.01589
34	0.01725	0.01007	0.01294	0.01294	0.01294	0.01007	0.00790	0.01511	0.01511	0.02015	0.02738	0.05406	0.03027	0.35484	0.04967	0.31475	0.01007	0.01297	0.00576	0.00576
35	0.03065	0.30302	0.04230	0.10997	0.03680	0.19508	0.02064	0.03466	0.02474	0.02723	0.01671	0.02041	0.01429	0.01002	0.00855	0.00261	0.01415	0.00684	0.00514	0.07617
36	0.02430	0.07587	0.03149	0.19570	0.12823	0.02149	0.02194	0.03001	0.02465	0.07406	0.10227	0.03505	0.02996	0.01194	0.01024	0.00298	0.01080	0.01032	0.00704	0.15166
37	0.13090	0.27702	0.03976	0.02173	0.02956	0.18464	0.01868	0.11788	0.02903	0.03670	0.01752	0.01961	0.01447	0.01061	0.00841	0.00278	0.01345	0.00685	0.00630	0.01408
38	0.01483	0.01014	0.01220	0.01321	0.01346	0.00988	0.00801	0.01559	0.01787	0.02382	0.04467	0.28702	0.05265	0.38339	0.03884	0.00811	0.00887	0.02192	0.00801	0.00751
39	0.38574	0.01936	0.01912	0.01582	0.02304	0.01995	0.01296	0.03806	0.02327	0.21173	0.02597	0.02600	0.01820	0.01124	0.00828	0.00318	0.00844	0.00789	0.05643	0.06531
40	0.01942	0.01812	0.02942	0.50267	0.06594	0.02195	0.02694	0.02601	0.02227	0.02810	0.03320	0.04058	0.09492	0.01344	0.01120	0.00364	0.01317	0.01171	0.00565	0.01167
41	0.09411	0.12842	0.12202	0.02924	0.03908	0.11018	0.13532	0.14188	0.03053	0.04107	0.02012	0.02335	0.01537	0.01064	0.01012	0.00319	0.01483	0.00886	0.00658	0.01509
42	0.01486	0.01112	0.01378	0.01311	0.01594	0.01004	0.00983	0.01946	0.02950	0.04049	0.44506	0.08677	0.20287	0.02350	0.01287	0.00349	0.00523	0.02046	0.01158	0.01004
43	0.01434	0.01024	0.01386	0.01639	0.01748	0.00977	0.01196	0.01701	0.02192	0.02902	0.05951	0.48978	0.06981	0.03316	0.01420	0.00457	0.00724	0.14048	0.01010	0.00915
44	0.11665	0.01259	0.01243	0.01202	0.01597	0.01171	0.00918	0.01901	0.02497	0.03495	0.17293	0.08752	0.38506	0.02401	0.01195	0.00359	0.00590	0.01983	0.00995	0.00979
45	0.69383	0.02109	0.01603	0.01434	0.02109	0.02446	0.01181	0.03205	0.01856	0.04892	0.01518	0.01771	0.01181	0.01012	0.00675	0.00337	0.00843	0.00590	0.00675	0.01181
46	0.01328	0.00949	0.01265	0.01518	0.01581	0.00886	0.01012	0.01518	0.02088	0.02783	0.06010	0.60969	0.07212	0.03416	0.01392	0.00443	0.00633	0.03100	0.01012	0.00886
47	0.01328	0.00949	0.01265	0.01518	0.01581	0.00886	0.01012	0.01518	0.02088	0.02783	0.06010	0.60969	0.07212	0.03416	0.01392	0.00443	0.00633	0.03100	0.01012	0.00886
48	0.12672	0.23961	0.04354	0.08702	0.11436	0.07332	0.06749	0.06990	0.02521	0.03503	0.01802	0.02208	0.01482	0.01008	0.00899	0.00299	0.01293	0.00788	0.00573	0.01429
49	0.01536	0.01198	0.01745	0.02303	0.09668	0.01144	0.01366	0.01796	0.02148	0.02902	0.05409	0.52128	0.06379	0.03045	0.01344	0.00425	0.00733	0.02777	0.00940	0.01013
50	0.02536	0.02432	0.02387	0.01796	0.02703	0.09927	0.01416	0.02990	0.02387	0.03419	0.01900	0.02216	0.01583	0.00855	0.00834	0.00180	0.00983	0.00655	0.00633	0.58169
51	0.03078	0.03638	0.23422	0.02811	0.04004	0.02373	0.09708	0.10981	0.02924	0.14175	0.02548	0.02712	0.01780	0.01092	0.01063	0.00320	0.01344	0.00938	0.00767	0.10320

[dist]
# distance from previous block
# <min> <max>
0	3

[block]
# block no. 4 follows, 12 sequences, length 30
# corresponding to MSA columns:
# 1827-1856
name=unknown_E
#
# <colnr> <probs for GDERKNQSTAVLIFYWHMCP>
#	G	D	E	R	K	N	Q	S	T	A	V	L	I	F	Y	W	H	M	C	P
0	0.02621	0.12328	0.03822	0.06849	0.03374	0.03229	0.06166	0.08635	0.02285	0.03177	0.01832	0.02728	0.01676	0.05753	0.02566	0.00442	0.29685	0.00969	0.00569	0.01294
1	0.03296	0.02186	0.03472	0.26245	0.05236	0.02321	0.09104	0.09573	0.02895	0.20399	0.02819	0.03136	0.01931	0.01176	0.01120	0.00351	0.01307	0.01056	0.00846	0.01533
2	0.02468	0.02248	0.03636	0.19679	0.31674	0.02394	0.02873	0.06638	0.02555	0.03512	0.02557	0.10008	0.02347	0.01334	0.01122	0.00349	0.01248	0.01237	0.00626	0.01495
3	0.11565	0.02373	0.04044	0.07891	0.14525	0.02321	0.17039	0.03909	0.02597	0.18919	0.02683	0.02969	0.01902	0.01080	0.01098	0.00346	0.01308	0.01057	0.00794	0.01580
4	0.02269	0.02586	0.10019	0.36326	0.21599	0.02487	0.03246	0.03037	0.02287	0.03103	0.01975	0.02770	0.01528	0.01047	0.01080	0.00349	0.01424	0.00950	0.00498	0.01417
5	0.02967	0.02697	0.03572	0.03078	0.09731	0.08961	0.11854	0.06711	0.02727	0.08299	0.02232	0.02570	0.01723	0.00972	0.01005	0.00265	0.01259	0.00886	0.00696	0.27795
6	0.01816	0.03099	0.25055	0.02217	0.03062	0.01668	0.02350	0.02507	0.02202	0.03169	0.03751	0.28303	0.03995	0.02063	0.01165	0.00366	0.01077	0.01803	0.00728	0.09604
7	0.12383	0.02561	0.02701	0.02117	0.02941	0.06228	0.01730	0.21415	0.03617	0.23678	0.02968	0.02833	0.02025	0.01233	0.01010	0.00315	0.01078	0.00927	0.01059	0.07180
8	0.02226	0.01785	0.02375	0.01814	0.02593	0.01441	0.05638	0.02701	0.02426	0.07036	0.07556	0.08042	0.09333	0.01391	0.01008	0.00251	0.00841	0.01215	0.00800	0.39528
9	0.11877	0.02294	0.02455	0.01947	0.02755	0.06306	0.01573	0.07720	0.07370	0.26982	0.03182	0.03005	0.02194	0.01192	0.00980	0.00300	0.00989	0.00919	0.01026	0.14934
10	0.02253	0.02019	0.08762	0.02366	0.08692	0.01567	0.01786	0.02958	0.06186	0.11015	0.16792	0.15424	0.11658	0.02026	0.01209	0.00363	0.00855	0.01769	0.00986	0.01314
11	0.02022	0.02058	0.04143	0.03231	0.03874	0.01928	0.28796	0.02617	0.02358	0.03178	0.03892	0.28664	0.04118	0.02026	0.01333	0.00401	0.01304	0.02090	0.00756	0.01211
12	0.02349	0.03831	0.26007	0.13344	0.13277	0.02583	0.16249	0.03336	0.02382	0.03370	0.02035	0.02635	0.01520	0.01004	0.01119	0.00351	0.01596	0.00987	0.00501	0.01526
13	0.02612	0.07593	0.04649	0.24548	0.11849	0.02657	0.19281	0.03338	0.02429	0.07285	0.02194	0.02857	0.01649	0.01024	0.01123	0.00347	0.01500	0.01055	0.00581	0.01430
14	0.02108	0.03276	0.26253	0.02564	0.03416	0.01875	0.08539	0.02580	0.01955	0.02784	0.01961	0.02819	0.01637	0.02211	0.02461	0.29703	0.01353	0.00927	0.00477	0.01102
15	0.02366	0.01396	0.01967	0.08655	0.02741	0.01366	0.01571	0.02858	0.02765	0.14891	0.21511	0.11739	0.06355	0.02185	0.01283	0.00391	0.00846	0.12819	0.01083	0.01213
16	0.02900	0.20202	0.12096	0.22049	0.04741	0.02829	0.02557	0.03539	0.02399	0.13458	0.02293	0.02635	0.01677	0.01088	0.00968	0.00317	0.01288	0.00856	0.00649	0.01459
17	0.02868	0.04510	0.39122	0.02949	0.04335	0.02327	0.07290	0.03903	0.02521	0.15983	0.02540	0.02693	0.01720	0.01102	0.01071	0.00345	0.01466	0.00915	0.00681	0.01658
18	0.01586	0.01057	0.01189	0.01189	0.01189	0.01057	0.00661	0.01586	0.01586	0.02114	0.03436	0.07135	0.03964	0.61681	0.05550	0.01057	0.01057	0.01586	0.00661	0.00661
19	0.06989	0.02108	0.09725	0.14844	0.09982	0.01779	0.02172	0.02419	0.02169	0.03135	0.03727	0.28448	0.04009	0.02093	0.01183	0.00389	0.01045	0.01862	0.00737	0.01184
20	0.03501	0.16611	0.04113	0.03536	0.18302	0.03208	0.02356	0.21929	0.03494	0.09243	0.02345	0.02537	0.01786	0.01126	0.00997	0.00305	0.01196	0.00896	0.00807	0.01711
21	0.02371	0.02042	0.07592	0.02572	0.03183	0.01688	0.11622	0.02988	0.02559	0.10750	0.04535	0.12058	0.04486	0.02215	0.01354	0.00433	0.01184	0.24189	0.00916	0.01263
22	0.01771	0.01008	0.01425	0.01425	0.01458	0.01040	0.00954	0.01544	0.01511	0.02047	0.02398	0.04303	0.02480	0.17059	0.13347	0.42680	0.01298	0.01122	0.00532	0.00597
23	0.02917	0.35779	0.22199	0.02292	0.03441	0.03379	0.02559	0.03583	0.02357	0.09475	0.02011	0.02179	0.01555	0.01019	0.00862	0.00284	0.01286	0.00722	0.00574	0.01527
24	0.02783	0.02149	0.02673	0.02371	0.09042	0.01845	0.01666	0.09090	0.02722	0.08608	0.02247	0.02488	0.01755	0.00938	0.00902	0.00218	0.00926	0.00767	0.00751	0.46060
25	0.01672	0.01215	0.01615	0.01563	0.01702	0.01358	0.01146	0.01969	0.01950	0.02837	0.10878	0.05502	0.04133	0.21185	0.24888	0.01106	0.06472	0.01378	0.06515	0.00916
26	0.02915	0.62337	0.05714	0.01866	0.02799	0.04314	0.01866	0.03265	0.02215	0.02565	0.01516	0.01749	0.01399	0.00933	0.00700	0.00233	0.01166	0.00583	0.00466	0.01399
27	0.01894	0.00947	0.01420	0.01420	0.01420	0.00947	0.00947	0.01420	0.01420	0.01894	0.01894	0.03314	0.01894	0.03788	0.04261	0.68277	0.00947	0.00947	0.00473	0.00473
28	0.02886	0.02429	0.02563	0.02254	0.02902	0.02793	0.01768	0.11304	0.47116	0.04841	0.04217	0.03892	0.03150	0.01459	0.01107	0.00365	0.00904	0.01202	0.01107	0.01741
29	0.02450	0.02314	0.03804	0.26781	0.31844	0.02535	0.03081	0.03339	0.06738	0.03345	0.02214	0.02899	0.01759	0.01062	0.01086	0.00343	0.01320	0.00993	0.00568	0.01525

[dist]
# distance from previous block
# <min> <max>
0	6

# created by:
# /st0/software/busco_prod/Augustus/scripts/msa2prfl.pl ./align_prep/3304.fa
