[name]
unknown

[dist]
# distance from previous block
# <min> <max>
0	11

[block]
# block no. 0 follows, 13 sequences, length 31
# corresponding to MSA columns:
# 11-41
name=unknown_A
#
# <colnr> <probs for GDERKNQSTAVLIFYWHMCP>
#	G	D	E	R	K	N	Q	S	T	A	V	L	I	F	Y	W	H	M	C	P
0	0.02003	0.01252	0.01706	0.01829	0.02099	0.01226	0.01539	0.02413	0.02371	0.08716	0.05129	0.10341	0.05403	0.11155	0.01968	0.00545	0.00973	0.37356	0.00962	0.01014
1	0.01538	0.01025	0.01153	0.01153	0.01153	0.01025	0.00641	0.01538	0.01538	0.02050	0.03331	0.06919	0.03844	0.62842	0.05382	0.01025	0.01025	0.01538	0.00641	0.00641
2	0.02417	0.02308	0.03931	0.23814	0.40482	0.02460	0.03146	0.03070	0.02313	0.03212	0.01954	0.02682	0.01589	0.00979	0.01050	0.00326	0.01305	0.00941	0.00506	0.01514
3	0.02619	0.02478	0.04025	0.05881	0.48742	0.02529	0.03024	0.03578	0.09692	0.03590	0.02313	0.02803	0.01893	0.01011	0.01051	0.00320	0.01197	0.00978	0.00601	0.01675
4	0.03372	0.02988	0.02852	0.02728	0.10368	0.18910	0.01882	0.07608	0.02830	0.12833	0.02275	0.02440	0.01723	0.01028	0.00942	0.00256	0.01237	0.00789	0.00741	0.22196
5	0.01678	0.01277	0.01454	0.01363	0.01701	0.01190	0.00986	0.02264	0.07774	0.03270	0.13805	0.14625	0.15426	0.11703	0.01794	0.00433	0.00682	0.01748	0.06275	0.10552
6	0.02789	0.02381	0.02747	0.02721	0.10186	0.05530	0.01887	0.16677	0.13331	0.04418	0.08522	0.08030	0.03269	0.01502	0.01241	0.00330	0.05149	0.01219	0.00886	0.07185
7	0.01747	0.01466	0.01788	0.02001	0.07581	0.01463	0.01319	0.02681	0.14063	0.03444	0.14010	0.17398	0.22420	0.02259	0.01208	0.00363	0.00689	0.01961	0.00981	0.01160
8	0.21296	0.02609	0.02812	0.02257	0.03010	0.07019	0.06548	0.17413	0.10699	0.12246	0.02634	0.02657	0.01897	0.01172	0.00965	0.00328	0.01106	0.00910	0.00898	0.01526
9	0.08669	0.02375	0.03672	0.02803	0.03556	0.02457	0.18081	0.12486	0.07966	0.11739	0.08277	0.03409	0.02773	0.01279	0.01275	0.00348	0.05338	0.01155	0.00861	0.01482
10	0.03441	0.02207	0.02621	0.06655	0.03180	0.02276	0.01757	0.15566	0.16936	0.19730	0.03332	0.03190	0.02350	0.01240	0.01026	0.00311	0.00967	0.01002	0.01027	0.11186
11	0.02643	0.02368	0.03012	0.08133	0.03289	0.03009	0.02166	0.11624	0.15208	0.03704	0.02344	0.02801	0.01911	0.01575	0.02247	0.00402	0.30459	0.00998	0.00713	0.01392
12	0.02184	0.02050	0.03478	0.10304	0.27065	0.02019	0.08241	0.02731	0.02276	0.03188	0.02886	0.16609	0.02877	0.01490	0.01117	0.00335	0.01137	0.01432	0.00637	0.07946
13	0.01354	0.00988	0.01274	0.01386	0.01539	0.00908	0.00970	0.01651	0.02385	0.03229	0.22944	0.39012	0.12714	0.02867	0.01306	0.00390	0.00568	0.02566	0.01042	0.00908
14	0.35797	0.02522	0.02397	0.01933	0.02687	0.02844	0.01595	0.28938	0.03451	0.05743	0.02027	0.02145	0.01485	0.01131	0.00864	0.00322	0.00998	0.00770	0.00864	0.01485
15	0.70310	0.02045	0.01554	0.01390	0.02045	0.02372	0.01145	0.03108	0.01799	0.04744	0.01472	0.01718	0.01145	0.00981	0.00654	0.00327	0.00818	0.00573	0.00654	0.01145
16	0.03532	0.02102	0.02977	0.03278	0.18716	0.02045	0.02058	0.11890	0.03153	0.25308	0.10476	0.03734	0.03233	0.01312	0.01083	0.00322	0.00993	0.01128	0.01012	0.01649
17	0.02827	0.63478	0.05540	0.01809	0.02714	0.04184	0.01809	0.03166	0.02148	0.02488	0.01470	0.01696	0.01357	0.00905	0.00678	0.00226	0.01131	0.00565	0.00452	0.01357
18	0.09938	0.02127	0.06774	0.19712	0.03775	0.06657	0.01942	0.02575	0.02384	0.03393	0.16653	0.12233	0.04426	0.01656	0.01088	0.00347	0.01043	0.01409	0.00752	0.01117
19	0.02617	0.02512	0.04292	0.06490	0.56246	0.02512	0.03245	0.03245	0.02407	0.03454	0.01989	0.02617	0.01675	0.00942	0.01047	0.00314	0.01256	0.00942	0.00523	0.01675
20	0.02545	0.03094	0.15385	0.12944	0.33750	0.02543	0.03236	0.07469	0.02551	0.03604	0.02001	0.02556	0.01577	0.01000	0.01040	0.00324	0.01335	0.00908	0.00546	0.01591
21	0.01288	0.00920	0.01227	0.01472	0.01534	0.00859	0.00981	0.01472	0.02024	0.02699	0.05828	0.62152	0.06993	0.03312	0.01350	0.00429	0.00613	0.03006	0.00981	0.00859
22	0.02215	0.02102	0.03566	0.41360	0.24517	0.02406	0.03045	0.02893	0.02217	0.02966	0.01918	0.02748	0.01503	0.01017	0.01053	0.00339	0.01355	0.00940	0.00489	0.01351
23	0.02247	0.01840	0.02933	0.26597	0.18293	0.01979	0.02399	0.02831	0.02425	0.07824	0.10591	0.04326	0.08556	0.01376	0.01102	0.00338	0.01105	0.01224	0.00708	0.01305
24	0.03343	0.11510	0.13664	0.02851	0.08567	0.02629	0.06538	0.12093	0.06188	0.18125	0.02728	0.02768	0.01931	0.01127	0.01012	0.00316	0.01203	0.00935	0.00832	0.01642
25	0.02089	0.01166	0.01499	0.01476	0.01784	0.01039	0.01081	0.02376	0.02435	0.15215	0.12169	0.33135	0.15172	0.02609	0.01255	0.00382	0.00651	0.02297	0.01077	0.01094
26	0.02389	0.07659	0.26958	0.03125	0.13109	0.02181	0.02804	0.03175	0.02382	0.08995	0.07099	0.09898	0.02924	0.01386	0.01057	0.00334	0.01206	0.01181	0.00675	0.01464
27	0.02504	0.02176	0.03656	0.18724	0.31617	0.02244	0.05475	0.03112	0.02392	0.07698	0.02997	0.03493	0.06925	0.01166	0.01081	0.00331	0.01223	0.01093	0.00621	0.01473
28	0.03714	0.02007	0.02734	0.05773	0.03137	0.01970	0.05180	0.13152	0.06009	0.30544	0.06594	0.08193	0.03110	0.01470	0.01108	0.00339	0.00993	0.01256	0.01110	0.01608
29	0.01538	0.01031	0.01269	0.01346	0.01426	0.01038	0.00904	0.01710	0.01810	0.02510	0.04053	0.18482	0.04519	0.32981	0.09249	0.00846	0.01075	0.06804	0.06626	0.00783
30	0.29858	0.02113	0.02138	0.01684	0.02478	0.02121	0.01378	0.11476	0.02614	0.12002	0.02149	0.02259	0.01585	0.01016	0.00817	0.00275	0.00876	0.00720	0.00805	0.21637

[dist]
# distance from previous block
# <min> <max>
0	3

[block]
# block no. 1 follows, 13 sequences, length 11
# corresponding to MSA columns:
# 45-55
name=unknown_B
#
# <colnr> <probs for GDERKNQSTAVLIFYWHMCP>
#	G	D	E	R	K	N	Q	S	T	A	V	L	I	F	Y	W	H	M	C	P
0	0.02522	0.09660	0.45969	0.02768	0.04179	0.02476	0.03428	0.03571	0.02330	0.10330	0.02162	0.02369	0.01509	0.01036	0.00986	0.00325	0.01441	0.00801	0.00560	0.01577
1	0.02722	0.27426	0.18109	0.09214	0.10734	0.03048	0.02635	0.03375	0.02290	0.08443	0.01970	0.02274	0.01529	0.00993	0.00892	0.00290	0.01265	0.00763	0.00550	0.01477
2	0.12352	0.19952	0.06677	0.02179	0.02940	0.02779	0.09212	0.06105	0.09173	0.03659	0.02521	0.06317	0.02139	0.01198	0.00901	0.00304	0.01067	0.00986	0.08196	0.01342
3	0.01670	0.01046	0.01392	0.01473	0.01656	0.00961	0.01040	0.01959	0.02376	0.08239	0.18885	0.42238	0.07370	0.02818	0.01295	0.00394	0.00610	0.02532	0.01061	0.00985
4	0.06439	0.31169	0.17027	0.02182	0.03159	0.03253	0.02296	0.10598	0.02603	0.03513	0.02124	0.02920	0.01855	0.01178	0.00886	0.00296	0.01207	0.05267	0.00603	0.01425
5	0.03457	0.07639	0.02868	0.02063	0.02757	0.01942	0.06047	0.04251	0.10152	0.29942	0.06830	0.10752	0.03437	0.01542	0.01090	0.00337	0.00934	0.01335	0.01077	0.01547
6	0.01308	0.00939	0.01210	0.01418	0.01493	0.00876	0.00940	0.01481	0.02005	0.02651	0.05917	0.53873	0.09843	0.08600	0.01704	0.00478	0.00645	0.02825	0.00951	0.00841
7	0.01351	0.00964	0.01221	0.01374	0.01461	0.00905	0.00909	0.01537	0.02051	0.02736	0.10399	0.43493	0.09862	0.14113	0.02075	0.00525	0.00673	0.02582	0.00936	0.00834
8	0.02452	0.02179	0.03049	0.02573	0.08923	0.01874	0.08270	0.07549	0.02519	0.03743	0.01988	0.02359	0.01605	0.00861	0.00899	0.00215	0.01003	0.00774	0.00644	0.46522
9	0.10864	0.02438	0.03137	0.03762	0.24156	0.06754	0.02235	0.08376	0.02820	0.17193	0.05894	0.03030	0.02362	0.01158	0.01013	0.00317	0.01114	0.00972	0.00826	0.01579
10	0.10292	0.02520	0.03842	0.05392	0.43284	0.02597	0.02850	0.09735	0.02677	0.04019	0.02004	0.02507	0.01632	0.00989	0.01005	0.00316	0.01195	0.00902	0.00608	0.01632

[dist]
# distance from previous block
# <min> <max>
0	1

[block]
# block no. 2 follows, 13 sequences, length 9
# corresponding to MSA columns:
# 57-65
name=unknown_C
#
# <colnr> <probs for GDERKNQSTAVLIFYWHMCP>
#	G	D	E	R	K	N	Q	S	T	A	V	L	I	F	Y	W	H	M	C	P
0	0.26134	0.02137	0.02317	0.01842	0.02612	0.02204	0.01520	0.15006	0.03053	0.28677	0.02923	0.02746	0.01952	0.01192	0.00928	0.00325	0.00931	0.00877	0.01038	0.01584
1	0.10975	0.08092	0.24518	0.02340	0.03331	0.02537	0.02484	0.12217	0.07386	0.04074	0.02647	0.09965	0.02291	0.01375	0.00996	0.00337	0.01178	0.01091	0.00709	0.01458
2	0.01371	0.01005	0.01294	0.01423	0.01586	0.00928	0.01022	0.01673	0.02359	0.03159	0.19433	0.37303	0.13911	0.02900	0.01319	0.00400	0.00603	0.06374	0.01028	0.00909
3	0.02534	0.14300	0.19200	0.02625	0.03615	0.02747	0.10157	0.09696	0.09331	0.03866	0.08963	0.03196	0.02761	0.01202	0.01029	0.00319	0.01243	0.01030	0.00708	0.01478
4	0.02197	0.01716	0.02564	0.02122	0.02595	0.01709	0.11422	0.11427	0.02848	0.04056	0.12034	0.18889	0.04580	0.01848	0.01135	0.00342	0.00904	0.01694	0.14726	0.01191
5	0.02934	0.01789	0.02303	0.01882	0.02489	0.01741	0.04527	0.09834	0.09531	0.19817	0.15848	0.05554	0.13709	0.01720	0.01148	0.00338	0.00830	0.01467	0.01110	0.01428
6	0.02504	0.02398	0.04089	0.16239	0.47375	0.02483	0.03189	0.03146	0.02354	0.03318	0.01969	0.02653	0.01627	0.00963	0.01049	0.00321	0.01284	0.00942	0.00514	0.01584
7	0.01432	0.01024	0.01384	0.01581	0.01719	0.00977	0.01180	0.01744	0.02277	0.03051	0.13046	0.40557	0.07181	0.03038	0.01365	0.00431	0.00695	0.15402	0.01006	0.00910
8	0.09004	0.02686	0.02816	0.02512	0.07167	0.09577	0.01870	0.19330	0.08148	0.21672	0.02983	0.02870	0.02076	0.01226	0.01017	0.00319	0.01125	0.00946	0.01002	0.01655

[dist]
# distance from previous block
# <min> <max>
0	2

[block]
# block no. 3 follows, 13 sequences, length 9
# corresponding to MSA columns:
# 68-76
name=unknown_D
#
# <colnr> <probs for GDERKNQSTAVLIFYWHMCP>
#	G	D	E	R	K	N	Q	S	T	A	V	L	I	F	Y	W	H	M	C	P
0	0.08654	0.03832	0.02904	0.02454	0.03133	0.30853	0.01923	0.20395	0.03574	0.09252	0.02165	0.02265	0.01611	0.01163	0.00978	0.00296	0.01488	0.00800	0.00796	0.01465
1	0.02063	0.01947	0.03291	0.54532	0.12532	0.02367	0.02969	0.02760	0.02146	0.02782	0.01891	0.02797	0.01438	0.01045	0.01056	0.00348	0.01393	0.00940	0.00476	0.01228
2	0.09141	0.01760	0.01959	0.01697	0.02224	0.01851	0.01339	0.08298	0.16256	0.13213	0.17264	0.04587	0.04508	0.01521	0.01035	0.00326	0.00743	0.01254	0.09632	0.01391
3	0.01665	0.01443	0.01943	0.01767	0.02069	0.01502	0.04776	0.02260	0.07278	0.03255	0.16593	0.18106	0.20592	0.02349	0.01541	0.00380	0.08512	0.01985	0.00929	0.01053
4	0.01759	0.01119	0.01393	0.01366	0.01659	0.00997	0.01007	0.02096	0.02568	0.09725	0.23430	0.23220	0.20619	0.02522	0.01255	0.00366	0.00589	0.02204	0.01081	0.01026
5	0.01509	0.01126	0.01662	0.01651	0.01848	0.01279	0.01279	0.01902	0.01868	0.02687	0.09707	0.04641	0.03597	0.07179	0.51185	0.01521	0.02529	0.01234	0.00644	0.00951
6	0.08224	0.01514	0.01688	0.01608	0.01977	0.01569	0.01227	0.08746	0.08902	0.03981	0.16547	0.20651	0.12316	0.02256	0.01186	0.00369	0.00712	0.04374	0.01012	0.01142
7	0.07214	0.01759	0.02330	0.01982	0.02382	0.01921	0.05166	0.07305	0.02484	0.10541	0.06945	0.12683	0.08899	0.01843	0.01569	0.00365	0.12980	0.01456	0.08959	0.01217
8	0.10758	0.46534	0.13657	0.01959	0.02943	0.03681	0.02078	0.03189	0.02121	0.02899	0.01541	0.01788	0.01329	0.00930	0.00730	0.00256	0.01165	0.00602	0.00475	0.01366

[dist]
# distance from previous block
# <min> <max>
0	1

[block]
# block no. 4 follows, 13 sequences, length 13
# corresponding to MSA columns:
# 78-90
name=unknown_E
#
# <colnr> <probs for GDERKNQSTAVLIFYWHMCP>
#	G	D	E	R	K	N	Q	S	T	A	V	L	I	F	Y	W	H	M	C	P
0	0.58479	0.02075	0.01903	0.01952	0.07681	0.02326	0.01392	0.03273	0.01953	0.08478	0.01725	0.01950	0.01309	0.01002	0.00725	0.00326	0.00869	0.00647	0.00689	0.01248
1	0.02891	0.07160	0.03193	0.02419	0.02984	0.14021	0.09191	0.06664	0.02754	0.09830	0.12683	0.03708	0.03388	0.02059	0.07203	0.00465	0.06186	0.01127	0.00780	0.01295
2	0.02192	0.01879	0.02192	0.01566	0.02506	0.01409	0.01253	0.02662	0.02192	0.03445	0.01879	0.02192	0.01566	0.00783	0.00783	0.00157	0.00783	0.00626	0.00626	0.69305
3	0.01326	0.01004	0.01231	0.01370	0.01555	0.00909	0.00983	0.01587	0.02260	0.02915	0.11565	0.37246	0.22593	0.02984	0.01318	0.00403	0.00607	0.06256	0.00996	0.00890
4	0.01479	0.01018	0.01230	0.01258	0.01330	0.00986	0.00793	0.01635	0.01983	0.02705	0.16447	0.17923	0.05937	0.36600	0.03598	0.00742	0.00818	0.01914	0.00833	0.00769
5	0.01494	0.01038	0.01296	0.01314	0.01395	0.01047	0.00857	0.01663	0.01871	0.02568	0.12328	0.13858	0.05084	0.35887	0.12914	0.00942	0.01180	0.01726	0.00761	0.00779
6	0.02827	0.63478	0.05540	0.01809	0.02714	0.04184	0.01809	0.03166	0.02148	0.02488	0.01470	0.01696	0.01357	0.00905	0.00678	0.00226	0.01131	0.00565	0.00452	0.01357
7	0.02424	0.01754	0.02067	0.01589	0.02368	0.01446	0.01263	0.03080	0.06799	0.10818	0.07599	0.03810	0.08113	0.01215	0.00931	0.00232	0.00755	0.01002	0.00837	0.41900
8	0.03543	0.15974	0.03517	0.02316	0.03077	0.14154	0.01923	0.25671	0.11523	0.04650	0.02407	0.02453	0.01838	0.01183	0.00960	0.00296	0.01252	0.00855	0.00833	0.01575
9	0.70310	0.02045	0.01554	0.01390	0.02045	0.02372	0.01145	0.03108	0.01799	0.04744	0.01472	0.01718	0.01145	0.00981	0.00654	0.00327	0.00818	0.00573	0.00654	0.01145
10	0.10318	0.02261	0.03571	0.21106	0.31828	0.02503	0.02841	0.03020	0.02193	0.03320	0.01852	0.02547	0.01515	0.01048	0.01185	0.00338	0.05708	0.00897	0.00519	0.01430
11	0.62335	0.02025	0.01743	0.08268	0.02656	0.02369	0.01354	0.03061	0.01836	0.04505	0.01520	0.01846	0.01176	0.00990	0.00701	0.00330	0.00887	0.00615	0.00633	0.01148
12	0.07340	0.48046	0.04648	0.01830	0.02610	0.07428	0.01723	0.03085	0.02130	0.02644	0.01640	0.01999	0.01493	0.01743	0.07463	0.00408	0.01361	0.00640	0.00486	0.01285

[dist]
# distance from previous block
# <min> <max>
1	2

[block]
# block no. 5 follows, 13 sequences, length 12
# corresponding to MSA columns:
# 93-104
name=unknown_F
#
# <colnr> <probs for GDERKNQSTAVLIFYWHMCP>
#	G	D	E	R	K	N	Q	S	T	A	V	L	I	F	Y	W	H	M	C	P
0	0.01770	0.01231	0.01645	0.01568	0.01739	0.01316	0.01155	0.02066	0.02163	0.06371	0.18859	0.12969	0.05483	0.16254	0.13829	0.00778	0.07335	0.01660	0.00847	0.00960
1	0.02099	0.01781	0.02093	0.01556	0.02406	0.01353	0.01225	0.02540	0.02175	0.03368	0.02286	0.08364	0.02125	0.01043	0.00841	0.00185	0.00766	0.00871	0.00663	0.62260
2	0.02781	0.02346	0.02476	0.02182	0.02807	0.02700	0.01710	0.10739	0.48969	0.04667	0.04112	0.03792	0.03072	0.01416	0.01074	0.00354	0.00872	0.01169	0.01074	0.01687
3	0.01459	0.01079	0.01361	0.01291	0.01556	0.00982	0.00968	0.01922	0.02904	0.04028	0.48807	0.08246	0.16990	0.02241	0.01247	0.00336	0.00504	0.01961	0.01136	0.00982
4	0.01538	0.01096	0.01475	0.01496	0.01612	0.01191	0.01074	0.01770	0.01696	0.02349	0.03275	0.05958	0.03433	0.30085	0.31832	0.01318	0.01929	0.05420	0.00632	0.00822
5	0.16171	0.01883	0.02289	0.01817	0.02588	0.01790	0.01492	0.04830	0.07166	0.43269	0.03705	0.03295	0.02408	0.01261	0.00992	0.00330	0.00880	0.00988	0.01173	0.01673
6	0.01288	0.00920	0.01227	0.01472	0.01534	0.00859	0.00981	0.01472	0.02024	0.02699	0.05828	0.62152	0.06993	0.03312	0.01350	0.00429	0.00613	0.03006	0.00981	0.00859
7	0.02466	0.01112	0.01565	0.01444	0.01642	0.01060	0.01034	0.02288	0.01813	0.13721	0.02496	0.03370	0.02091	0.02922	0.03134	0.47568	0.00871	0.00956	0.07651	0.00797
8	0.02216	0.01837	0.03006	0.42640	0.11225	0.02131	0.02612	0.02863	0.02328	0.07304	0.08890	0.03504	0.02618	0.01205	0.01081	0.00344	0.01238	0.01073	0.00630	0.01253
9	0.02138	0.01145	0.01510	0.01476	0.01728	0.01083	0.01069	0.02392	0.02230	0.13576	0.09652	0.25329	0.05007	0.08083	0.06961	0.04882	0.00902	0.01875	0.07924	0.01036
10	0.15033	0.01910	0.02072	0.01533	0.02419	0.01591	0.01233	0.02746	0.02118	0.03690	0.01803	0.02103	0.01487	0.00820	0.00759	0.00189	0.00790	0.00616	0.00632	0.56457
11	0.09175	0.16572	0.08416	0.02439	0.03240	0.02985	0.08366	0.09113	0.11099	0.08630	0.02413	0.02590	0.01841	0.01180	0.01205	0.00327	0.07297	0.00899	0.00729	0.01484

[dist]
# distance from previous block
# <min> <max>
5	37

[block]
# block no. 6 follows, 13 sequences, length 7
# corresponding to MSA columns:
# 146-152
name=unknown_G
#
# <colnr> <probs for GDERKNQSTAVLIFYWHMCP>
#	G	D	E	R	K	N	Q	S	T	A	V	L	I	F	Y	W	H	M	C	P
0	0.07315	0.02443	0.09593	0.01874	0.02791	0.01853	0.01707	0.09963	0.02702	0.08494	0.06991	0.02845	0.02385	0.01063	0.00907	0.00245	0.00927	0.00841	0.00770	0.34289
1	0.03242	0.12129	0.13413	0.02108	0.03114	0.02392	0.02049	0.12179	0.02887	0.17471	0.02518	0.02542	0.01799	0.01062	0.00928	0.00272	0.01080	0.00814	0.00814	0.17186
2	0.01619	0.00996	0.01215	0.01215	0.01215	0.00996	0.00717	0.01494	0.01494	0.01992	0.02922	0.05905	0.03294	0.46641	0.05039	0.19702	0.00996	0.01368	0.00591	0.00591
3	0.08703	0.03073	0.18498	0.02383	0.03309	0.02240	0.05868	0.09703	0.09905	0.07864	0.02949	0.10086	0.02481	0.01380	0.01036	0.00333	0.01128	0.01161	0.00781	0.07118
4	0.03137	0.02578	0.10688	0.12995	0.14750	0.02203	0.02488	0.10202	0.02889	0.18639	0.06532	0.03242	0.02463	0.01204	0.01063	0.00329	0.01159	0.01024	0.00839	0.01575
5	0.41489	0.08072	0.06541	0.01913	0.02627	0.17919	0.01656	0.03436	0.02188	0.03865	0.01549	0.01807	0.01236	0.01007	0.00765	0.00305	0.01198	0.00618	0.00592	0.01216
6	0.02702	0.10969	0.18960	0.12967	0.04731	0.02742	0.14202	0.09517	0.02661	0.07442	0.02141	0.02546	0.01565	0.01030	0.01039	0.00326	0.01434	0.00930	0.00610	0.01485

[dist]
# distance from previous block
# <min> <max>
0	1

[block]
# block no. 7 follows, 13 sequences, length 27
# corresponding to MSA columns:
# 154-180
name=unknown_H
#
# <colnr> <probs for GDERKNQSTAVLIFYWHMCP>
#	G	D	E	R	K	N	Q	S	T	A	V	L	I	F	Y	W	H	M	C	P
0	0.01630	0.01100	0.01391	0.01427	0.01680	0.00975	0.01019	0.01911	0.02314	0.06952	0.13711	0.37598	0.14015	0.02715	0.01257	0.00377	0.00617	0.02412	0.01007	0.05891
1	0.01951	0.01354	0.01952	0.17523	0.03193	0.01418	0.01535	0.02409	0.02497	0.08698	0.25560	0.09340	0.05874	0.10094	0.01745	0.00438	0.00867	0.01578	0.00906	0.01069
2	0.04051	0.02620	0.10784	0.02183	0.03102	0.02122	0.02007	0.14727	0.07010	0.34815	0.03505	0.03201	0.02302	0.01264	0.01054	0.00329	0.01048	0.01008	0.01112	0.01755
3	0.01398	0.01044	0.01299	0.01304	0.01537	0.00945	0.00952	0.01779	0.02658	0.03607	0.35165	0.20055	0.19330	0.02521	0.01270	0.00359	0.00531	0.02217	0.01085	0.00945
4	0.12552	0.01496	0.01600	0.01422	0.01849	0.01575	0.01122	0.09281	0.02624	0.08627	0.09253	0.03890	0.03208	0.01986	0.06646	0.00430	0.00897	0.01051	0.29310	0.01180
5	0.01983	0.01470	0.01727	0.01520	0.01910	0.01455	0.01179	0.12449	0.03316	0.04536	0.37956	0.07125	0.15114	0.02053	0.01208	0.00333	0.00642	0.01761	0.01115	0.01148
6	0.02141	0.01829	0.02168	0.01673	0.02411	0.01596	0.01330	0.02850	0.07486	0.03599	0.10110	0.03227	0.02974	0.01127	0.01067	0.00224	0.04892	0.00896	0.00740	0.47660
7	0.60250	0.11203	0.02148	0.01453	0.02144	0.02642	0.01244	0.03117	0.01851	0.04407	0.01472	0.01714	0.01177	0.00970	0.00658	0.00312	0.00865	0.00571	0.00624	0.01177
8	0.13737	0.04434	0.03017	0.02651	0.03250	0.46153	0.05567	0.03995	0.02781	0.02967	0.01647	0.01947	0.01347	0.01059	0.00930	0.00287	0.01735	0.00706	0.00560	0.01228
9	0.02732	0.08194	0.02694	0.01745	0.02657	0.01977	0.01445	0.10375	0.02669	0.08106	0.02120	0.02307	0.01664	0.00910	0.00836	0.00201	0.00884	0.00704	0.00728	0.47054
10	0.02782	0.10698	0.02351	0.01628	0.02183	0.01756	0.01337	0.03299	0.06242	0.20556	0.05547	0.09849	0.16046	0.05489	0.01359	0.00383	0.00835	0.05360	0.00996	0.01304
11	0.02573	0.01867	0.02231	0.01613	0.02535	0.01431	0.01298	0.03034	0.02317	0.11426	0.02221	0.02402	0.01723	0.00861	0.00825	0.00182	0.00800	0.00692	0.00728	0.59241
12	0.01441	0.01028	0.01184	0.01205	0.01320	0.00972	0.00770	0.01590	0.01985	0.02611	0.12606	0.15110	0.15564	0.34155	0.03424	0.00713	0.00797	0.01927	0.00829	0.00771
13	0.04744	0.01799	0.02454	0.01881	0.02699	0.01554	0.01554	0.05153	0.03026	0.56979	0.04171	0.03599	0.02617	0.01309	0.01063	0.00327	0.00900	0.01063	0.01309	0.01799
14	0.01476	0.01080	0.01385	0.01309	0.01567	0.00989	0.00982	0.01956	0.02945	0.04127	0.52024	0.08083	0.13711	0.02204	0.01247	0.00335	0.00502	0.01938	0.01149	0.00989
15	0.70310	0.02045	0.01554	0.01390	0.02045	0.02372	0.01145	0.03108	0.01799	0.04744	0.01472	0.01718	0.01145	0.00981	0.00654	0.00327	0.00818	0.00573	0.00654	0.01145
16	0.02371	0.02362	0.09881	0.06374	0.10659	0.02029	0.02042	0.07273	0.12898	0.07088	0.09365	0.04829	0.11031	0.05487	0.01380	0.00383	0.00997	0.01306	0.00851	0.01393
17	0.03078	0.01675	0.02096	0.01880	0.02444	0.01642	0.01547	0.04084	0.14551	0.24792	0.05246	0.06617	0.09026	0.01916	0.01194	0.00381	0.00869	0.14377	0.01131	0.01454
18	0.14727	0.02502	0.12867	0.01970	0.02816	0.01883	0.01882	0.04090	0.06759	0.26773	0.09855	0.03591	0.03107	0.01313	0.01007	0.00332	0.00959	0.01044	0.00993	0.01530
19	0.01645	0.01072	0.01370	0.01487	0.01696	0.01043	0.01175	0.02074	0.02410	0.03480	0.15192	0.19286	0.06211	0.02427	0.01215	0.00384	0.00685	0.18305	0.17885	0.00958
20	0.13032	0.12673	0.03333	0.02187	0.03016	0.03300	0.01857	0.37774	0.04072	0.05718	0.02217	0.02288	0.01636	0.01170	0.00940	0.00304	0.01110	0.00836	0.00903	0.01636
21	0.03805	0.02612	0.03205	0.06981	0.11124	0.02792	0.02172	0.33492	0.04050	0.14972	0.02706	0.02760	0.01900	0.01214	0.01057	0.00321	0.01147	0.00970	0.00984	0.01737
22	0.03922	0.07179	0.06254	0.01991	0.02806	0.02067	0.01746	0.10438	0.06737	0.35055	0.07731	0.03594	0.02963	0.01328	0.01043	0.00321	0.00957	0.01068	0.01125	0.01675
23	0.06792	0.25629	0.29788	0.08206	0.04016	0.03057	0.02880	0.03203	0.02162	0.03067	0.01715	0.02066	0.01340	0.00973	0.00870	0.00297	0.01344	0.00706	0.00464	0.01423
24	0.03914	0.01622	0.02202	0.01778	0.02448	0.01424	0.01455	0.04346	0.02981	0.43220	0.14305	0.04975	0.04276	0.01579	0.01125	0.00339	0.00826	0.04336	0.01259	0.01590
25	0.02721	0.01776	0.02638	0.17896	0.03876	0.01859	0.05378	0.03618	0.10096	0.17794	0.12436	0.08350	0.03892	0.01521	0.01129	0.00349	0.01002	0.01348	0.00943	0.01378
26	0.03701	0.05567	0.06652	0.14073	0.03994	0.02115	0.05601	0.07584	0.02838	0.32237	0.03154	0.03122	0.02092	0.01184	0.01050	0.00329	0.01139	0.00998	0.00963	0.01606

[dist]
# distance from previous block
# <min> <max>
0	7

[block]
# block no. 8 follows, 13 sequences, length 23
# corresponding to MSA columns:
# 188-210
name=unknown_I
#
# <colnr> <probs for GDERKNQSTAVLIFYWHMCP>
#	G	D	E	R	K	N	Q	S	T	A	V	L	I	F	Y	W	H	M	C	P
0	0.09428	0.02798	0.08843	0.02138	0.02997	0.07776	0.01896	0.12100	0.07312	0.24033	0.02984	0.02853	0.02051	0.01184	0.00987	0.00309	0.01097	0.00907	0.00961	0.07345
1	0.64402	0.02126	0.01698	0.01483	0.02155	0.02453	0.01222	0.07530	0.02082	0.04915	0.01567	0.01791	0.01203	0.01007	0.00690	0.00326	0.00849	0.00606	0.00690	0.01203
2	0.20607	0.01477	0.01603	0.01570	0.02005	0.01492	0.01289	0.02453	0.02222	0.03754	0.08030	0.10956	0.04240	0.01927	0.01060	0.00361	0.00795	0.17412	0.06613	0.10134
3	0.02519	0.02413	0.04115	0.14959	0.48540	0.02486	0.03196	0.03159	0.02361	0.03336	0.01972	0.02649	0.01633	0.00960	0.01048	0.00320	0.01280	0.00942	0.00515	0.01596
4	0.70310	0.02045	0.01554	0.01390	0.02045	0.02372	0.01145	0.03108	0.01799	0.04744	0.01472	0.01718	0.01145	0.00981	0.00654	0.00327	0.00818	0.00573	0.00654	0.01145
5	0.02211	0.02052	0.03422	0.25343	0.29614	0.02211	0.02773	0.02847	0.02394	0.03304	0.10521	0.03534	0.02903	0.01179	0.01082	0.00331	0.01191	0.01096	0.00606	0.01384
6	0.30812	0.01514	0.01495	0.01449	0.01830	0.01616	0.01091	0.02555	0.01958	0.08313	0.03361	0.17517	0.03483	0.13186	0.01788	0.00492	0.00828	0.04872	0.00809	0.01031
7	0.01466	0.01009	0.01347	0.01383	0.01541	0.00942	0.00983	0.01750	0.02484	0.03450	0.32871	0.25437	0.08045	0.02719	0.01613	0.08301	0.00585	0.02162	0.01022	0.00889
8	0.02596	0.03247	0.19880	0.08390	0.18053	0.02431	0.02877	0.04001	0.15694	0.08124	0.02729	0.02939	0.02027	0.01128	0.01043	0.00336	0.01226	0.00968	0.00703	0.01609
9	0.01347	0.01011	0.01250	0.01325	0.01522	0.00913	0.00942	0.01657	0.02441	0.03248	0.23550	0.31179	0.20211	0.02773	0.01291	0.00379	0.00556	0.02450	0.01042	0.00913
10	0.01627	0.01031	0.01384	0.01536	0.01690	0.00958	0.01092	0.01879	0.02217	0.07366	0.09488	0.48865	0.06781	0.03025	0.01327	0.00418	0.00659	0.06680	0.01022	0.00957
11	0.02444	0.02517	0.04257	0.03319	0.03849	0.02904	0.21829	0.03446	0.11761	0.03224	0.02224	0.02828	0.01815	0.01397	0.02154	0.00402	0.26567	0.01102	0.00605	0.01358
12	0.09091	0.02092	0.02500	0.02054	0.02610	0.02301	0.01659	0.14550	0.07336	0.20569	0.03007	0.03343	0.02275	0.06863	0.05281	0.00491	0.10518	0.01031	0.00945	0.01484
13	0.01595	0.01235	0.01772	0.01726	0.01868	0.01469	0.01320	0.01902	0.01667	0.02404	0.02761	0.04377	0.02695	0.15414	0.45291	0.01476	0.08366	0.01172	0.00567	0.00921
14	0.57613	0.02014	0.01855	0.12340	0.03018	0.02368	0.01478	0.03032	0.01858	0.04364	0.01548	0.01922	0.01194	0.00996	0.00729	0.00332	0.00928	0.00641	0.00620	0.01151
15	0.02827	0.63478	0.05540	0.01809	0.02714	0.04184	0.01809	0.03166	0.02148	0.02488	0.01470	0.01696	0.01357	0.00905	0.00678	0.00226	0.01131	0.00565	0.00452	0.01357
16	0.02901	0.01609	0.02309	0.01938	0.02380	0.01637	0.05575	0.03303	0.02395	0.21787	0.03708	0.13955	0.03158	0.01697	0.01413	0.00349	0.09835	0.01388	0.17355	0.01306
17	0.01358	0.00938	0.01224	0.01423	0.01514	0.00880	0.00964	0.01592	0.02120	0.02922	0.09788	0.53188	0.06913	0.03058	0.01294	0.00407	0.00595	0.02760	0.06182	0.00880
18	0.01837	0.00918	0.01377	0.01377	0.01377	0.00918	0.00918	0.01377	0.01377	0.01837	0.01837	0.03214	0.01837	0.03673	0.04132	0.69238	0.00918	0.00918	0.00459	0.00459
19	0.09040	0.13835	0.04137	0.02647	0.03541	0.02809	0.15349	0.15100	0.03067	0.16523	0.02523	0.02644	0.01800	0.01085	0.01006	0.00314	0.01234	0.00954	0.00829	0.01562
20	0.01834	0.15427	0.11998	0.01847	0.02394	0.01937	0.01744	0.02299	0.02181	0.02926	0.08902	0.25118	0.04650	0.02645	0.06067	0.00472	0.01092	0.04594	0.00755	0.01118
21	0.31423	0.01672	0.01743	0.01519	0.02080	0.01719	0.01212	0.03289	0.02416	0.18826	0.14425	0.08685	0.03973	0.01526	0.00955	0.00337	0.00753	0.01205	0.00973	0.01269
22	0.23577	0.23938	0.03239	0.01693	0.02444	0.02804	0.01501	0.06616	0.02464	0.13725	0.06874	0.02663	0.02324	0.01139	0.00818	0.00291	0.00939	0.00805	0.00775	0.01371

[dist]
# distance from previous block
# <min> <max>
0	6

[block]
# block no. 9 follows, 13 sequences, length 17
# corresponding to MSA columns:
# 217-233
name=unknown_J
#
# <colnr> <probs for GDERKNQSTAVLIFYWHMCP>
#	G	D	E	R	K	N	Q	S	T	A	V	L	I	F	Y	W	H	M	C	P
0	0.06941	0.02316	0.03732	0.18950	0.31434	0.02485	0.05753	0.03376	0.08153	0.03457	0.02197	0.02771	0.01744	0.01026	0.01038	0.00332	0.01249	0.00964	0.00582	0.01500
1	0.03562	0.01825	0.02280	0.01870	0.02517	0.01723	0.01484	0.13735	0.03115	0.29517	0.04079	0.17662	0.03449	0.01754	0.01112	0.00338	0.00874	0.01486	0.01128	0.06490
2	0.02942	0.01689	0.02088	0.01722	0.02286	0.01606	0.01365	0.12398	0.03245	0.19722	0.23438	0.08936	0.05488	0.01724	0.01131	0.00321	0.00768	0.01466	0.01133	0.06533
3	0.02192	0.01879	0.02192	0.01566	0.02506	0.01409	0.01253	0.02662	0.02192	0.03445	0.01879	0.02192	0.01566	0.00783	0.00783	0.00157	0.00783	0.00626	0.00626	0.69305
4	0.03860	0.10038	0.03268	0.02580	0.03219	0.42307	0.02014	0.13981	0.03319	0.03407	0.01803	0.02016	0.01450	0.01109	0.00949	0.00277	0.01684	0.00725	0.00640	0.01354
5	0.03296	0.12653	0.16792	0.02618	0.08231	0.06480	0.02347	0.03914	0.02554	0.21104	0.02578	0.02614	0.01824	0.01070	0.00953	0.00292	0.01198	0.00835	0.00767	0.07879
6	0.50767	0.02189	0.01955	0.01639	0.02347	0.02452	0.01351	0.12602	0.02526	0.10804	0.01966	0.02076	0.01428	0.01071	0.00774	0.00325	0.00891	0.00697	0.00801	0.01338
7	0.01535	0.01034	0.01197	0.01197	0.01212	0.01049	0.00695	0.01566	0.01551	0.02083	0.03291	0.06697	0.03747	0.58423	0.09669	0.01079	0.01170	0.01505	0.00635	0.00665
8	0.10030	0.01871	0.02012	0.01864	0.02314	0.02058	0.01419	0.13329	0.18446	0.04258	0.04206	0.25589	0.04137	0.02065	0.01129	0.00374	0.00816	0.01766	0.00989	0.01329
9	0.02768	0.02434	0.09868	0.08861	0.09380	0.01974	0.02124	0.05954	0.07478	0.13843	0.06920	0.03222	0.02576	0.01156	0.01003	0.00293	0.01030	0.00973	0.00810	0.17330
10	0.15462	0.13121	0.03301	0.02742	0.11919	0.02902	0.01939	0.15061	0.11538	0.08461	0.02480	0.02569	0.01881	0.01127	0.00919	0.00310	0.01036	0.00862	0.00808	0.01560
11	0.18111	0.01764	0.02413	0.31236	0.04658	0.02045	0.02055	0.02847	0.02271	0.07476	0.11942	0.03561	0.03027	0.01263	0.00998	0.00341	0.01064	0.01043	0.00704	0.01181
12	0.01371	0.01076	0.01240	0.01199	0.01503	0.00944	0.00899	0.01753	0.02698	0.03540	0.32921	0.09051	0.33181	0.02423	0.01248	0.00345	0.00517	0.02074	0.01072	0.00944
13	0.02067	0.01417	0.01810	0.01645	0.01920	0.01505	0.01244	0.07845	0.02553	0.07409	0.19378	0.09394	0.05222	0.13445	0.13730	0.00740	0.05175	0.01530	0.00894	0.01076
14	0.02526	0.01939	0.02451	0.02139	0.08393	0.01546	0.01504	0.03007	0.02310	0.09480	0.02150	0.02397	0.01696	0.00860	0.00843	0.00193	0.00848	0.00710	0.00692	0.54315
15	0.01860	0.07241	0.02019	0.01566	0.01999	0.01616	0.01214	0.02720	0.12063	0.03601	0.21075	0.16781	0.09649	0.02001	0.01124	0.00326	0.00682	0.01730	0.00963	0.09772
16	0.37115	0.08985	0.02691	0.02163	0.07443	0.02384	0.05295	0.03010	0.02084	0.04052	0.05333	0.02373	0.01915	0.01015	0.00797	0.00293	0.00940	0.00756	0.00641	0.10714

[dist]
# distance from previous block
# <min> <max>
0	119

[block]
# block no. 10 follows, 13 sequences, length 8
# corresponding to MSA columns:
# 382-389
name=unknown_K
#
# <colnr> <probs for GDERKNQSTAVLIFYWHMCP>
#	G	D	E	R	K	N	Q	S	T	A	V	L	I	F	Y	W	H	M	C	P
0	0.02854	0.02389	0.07493	0.21470	0.04617	0.02325	0.06648	0.11696	0.07904	0.12700	0.02922	0.07313	0.02274	0.01318	0.01094	0.00348	0.01214	0.01153	0.00808	0.01461
1	0.03058	0.01518	0.01817	0.01555	0.02073	0.01479	0.01229	0.03948	0.11537	0.23693	0.09615	0.04251	0.03565	0.01397	0.00973	0.00305	0.00703	0.01152	0.24723	0.01406
2	0.01410	0.00991	0.01256	0.01349	0.01444	0.00940	0.00895	0.01628	0.02150	0.02933	0.18338	0.33060	0.06940	0.18909	0.02399	0.00563	0.00693	0.02325	0.00939	0.00837
3	0.02551	0.01241	0.01675	0.01622	0.01959	0.01113	0.01191	0.02817	0.02390	0.22529	0.05222	0.40761	0.05394	0.02580	0.01245	0.00392	0.00718	0.02296	0.01101	0.01202
4	0.08344	0.02149	0.03813	0.02927	0.03641	0.02115	0.23994	0.03082	0.02409	0.09882	0.04022	0.04941	0.10934	0.01531	0.01377	0.00373	0.06099	0.06323	0.00752	0.01292
5	0.41274	0.01936	0.01952	0.01608	0.02335	0.02010	0.01326	0.04014	0.02343	0.27876	0.02668	0.02551	0.01797	0.01126	0.00835	0.00327	0.00854	0.00790	0.00944	0.01435
6	0.01849	0.01063	0.01426	0.01539	0.01723	0.00972	0.01074	0.02069	0.02187	0.11503	0.05559	0.52654	0.06283	0.02987	0.01303	0.00413	0.00660	0.02691	0.01035	0.01011
7	0.03047	0.03214	0.03599	0.03138	0.06663	0.17841	0.09755	0.09916	0.07776	0.03453	0.02038	0.02494	0.01665	0.01331	0.01769	0.00358	0.18987	0.00940	0.00636	0.01381

[dist]
# distance from previous block
# <min> <max>
0	3

[block]
# block no. 11 follows, 13 sequences, length 26
# corresponding to MSA columns:
# 393-418
name=unknown_L
#
# <colnr> <probs for GDERKNQSTAVLIFYWHMCP>
#	G	D	E	R	K	N	Q	S	T	A	V	L	I	F	Y	W	H	M	C	P
0	0.03566	0.02674	0.03172	0.03048	0.12355	0.02905	0.02130	0.32034	0.13598	0.09171	0.02885	0.02888	0.02100	0.01246	0.01060	0.00325	0.01100	0.01003	0.00985	0.01753
1	0.01443	0.01039	0.01365	0.01367	0.01568	0.00962	0.00993	0.01860	0.02742	0.03841	0.42781	0.21943	0.09204	0.02459	0.01274	0.00358	0.00528	0.02195	0.01117	0.00962
2	0.02950	0.02438	0.03667	0.04892	0.36602	0.02507	0.02684	0.08186	0.12180	0.09153	0.02673	0.02949	0.02062	0.01097	0.01055	0.00324	0.01136	0.01001	0.00748	0.01698
3	0.03195	0.47880	0.04848	0.01945	0.02807	0.08408	0.01823	0.07647	0.02538	0.07779	0.01819	0.01957	0.01509	0.00988	0.00768	0.00247	0.01177	0.00653	0.00589	0.01423
4	0.07322	0.02323	0.07939	0.02458	0.07924	0.02034	0.01954	0.07463	0.05696	0.27991	0.03853	0.03704	0.07011	0.01396	0.01239	0.00341	0.05689	0.01091	0.00985	0.01587
5	0.02905	0.37482	0.18774	0.02193	0.03259	0.03433	0.02363	0.08131	0.02511	0.07396	0.01898	0.02068	0.01494	0.00998	0.00831	0.00272	0.01230	0.00699	0.00576	0.01488
6	0.01288	0.00920	0.01227	0.01472	0.01534	0.00859	0.00981	0.01472	0.02024	0.02699	0.05828	0.62152	0.06993	0.03312	0.01350	0.00429	0.00613	0.03006	0.00981	0.00859
7	0.02192	0.01879	0.02192	0.01566	0.02506	0.01409	0.01253	0.02662	0.02192	0.03445	0.01879	0.02192	0.01566	0.00783	0.00783	0.00157	0.00783	0.00626	0.00626	0.69305
8	0.01431	0.01068	0.01362	0.01543	0.01748	0.00999	0.01201	0.01748	0.02275	0.02911	0.07007	0.30215	0.19298	0.03004	0.01364	0.00432	0.00726	0.19778	0.00979	0.00910
9	0.02606	0.02400	0.03317	0.12744	0.04008	0.11538	0.14887	0.03107	0.02452	0.09576	0.03264	0.18938	0.03123	0.01666	0.01169	0.00358	0.01311	0.01554	0.00743	0.01240
10	0.23024	0.01946	0.01924	0.01657	0.02217	0.02143	0.01307	0.11960	0.12104	0.08987	0.02910	0.03280	0.02277	0.06779	0.01277	0.00380	0.00849	0.00951	0.12694	0.01335
11	0.14721	0.03177	0.12253	0.02331	0.03246	0.02920	0.02162	0.31250	0.08703	0.05548	0.02417	0.02482	0.01746	0.01191	0.00982	0.00326	0.01143	0.00882	0.00885	0.01635
12	0.02836	0.23918	0.03271	0.01775	0.02420	0.07397	0.01523	0.03445	0.07113	0.12615	0.15589	0.04200	0.06914	0.01437	0.00972	0.00292	0.00949	0.01132	0.00863	0.01338
13	0.01445	0.00986	0.01181	0.01272	0.01295	0.00963	0.00768	0.01513	0.01719	0.02292	0.04263	0.27529	0.05019	0.40629	0.03877	0.00803	0.00871	0.02085	0.00768	0.00722
14	0.01909	0.01211	0.01693	0.01620	0.01785	0.01324	0.01200	0.06627	0.01869	0.02577	0.02336	0.03555	0.02182	0.05280	0.27430	0.33254	0.01771	0.01014	0.00564	0.00800
15	0.04006	0.02826	0.02780	0.02258	0.03001	0.12065	0.01812	0.21196	0.12323	0.21779	0.03207	0.03009	0.02228	0.01279	0.01045	0.00320	0.01151	0.00982	0.01054	0.01680
16	0.02744	0.03018	0.04685	0.10245	0.23399	0.12314	0.21351	0.03416	0.02515	0.03206	0.01973	0.02600	0.01569	0.00960	0.01106	0.00326	0.01580	0.01010	0.00526	0.01456
17	0.02178	0.02089	0.02876	0.02494	0.02494	0.02853	0.02022	0.02369	0.01605	0.02459	0.01726	0.03115	0.01815	0.12462	0.03802	0.00560	0.50489	0.01032	0.00494	0.01067
18	0.01620	0.01162	0.01587	0.01698	0.01944	0.01129	0.01419	0.02112	0.02659	0.03598	0.25790	0.10303	0.07654	0.02615	0.01374	0.00425	0.00782	0.30096	0.01050	0.00983
19	0.01574	0.01355	0.01414	0.01535	0.01699	0.06431	0.01071	0.01825	0.02307	0.02951	0.13915	0.43159	0.11086	0.02859	0.01286	0.00392	0.00712	0.02539	0.00969	0.00919
20	0.02600	0.01867	0.02234	0.01616	0.02537	0.01433	0.01301	0.03060	0.02326	0.11994	0.02245	0.02417	0.01734	0.00867	0.00828	0.00184	0.00802	0.00696	0.00735	0.58526
21	0.03143	0.01745	0.02357	0.01931	0.02432	0.01801	0.04323	0.07750	0.02705	0.22649	0.06390	0.06928	0.03004	0.01504	0.01370	0.00334	0.09533	0.01184	0.17530	0.01387
22	0.02162	0.02048	0.03470	0.45967	0.20325	0.02393	0.03019	0.02846	0.02192	0.02902	0.01908	0.02765	0.01480	0.01026	0.01054	0.00342	0.01369	0.00940	0.00484	0.01308
23	0.02371	0.01796	0.02142	0.01590	0.02448	0.01380	0.01261	0.02813	0.02261	0.08629	0.02414	0.07039	0.02095	0.01033	0.00855	0.00195	0.00781	0.00856	0.00721	0.57319
24	0.03288	0.09108	0.21520	0.02216	0.03315	0.02099	0.02341	0.03979	0.02548	0.25518	0.02796	0.02741	0.01904	0.01089	0.00965	0.00295	0.01132	0.00855	0.00831	0.11461
25	0.70310	0.02045	0.01554	0.01390	0.02045	0.02372	0.01145	0.03108	0.01799	0.04744	0.01472	0.01718	0.01145	0.00981	0.00654	0.00327	0.00818	0.00573	0.00654	0.01145

[dist]
# distance from previous block
# <min> <max>
0	2

[block]
# block no. 12 follows, 13 sequences, length 18
# corresponding to MSA columns:
# 421-438
name=unknown_M
#
# <colnr> <probs for GDERKNQSTAVLIFYWHMCP>
#	G	D	E	R	K	N	Q	S	T	A	V	L	I	F	Y	W	H	M	C	P
0	0.02657	0.01854	0.02249	0.06094	0.02712	0.01874	0.01521	0.17539	0.03433	0.09545	0.25235	0.04903	0.05306	0.01584	0.01109	0.00310	0.00832	0.01335	0.01035	0.08875
1	0.02373	0.02264	0.02941	0.02449	0.03069	0.07132	0.11592	0.03685	0.18423	0.03719	0.10597	0.05157	0.03930	0.01559	0.01151	0.00345	0.01090	0.08798	0.00867	0.08858
2	0.01324	0.00962	0.01254	0.01436	0.01532	0.00919	0.00975	0.01522	0.01993	0.02643	0.05798	0.47801	0.10768	0.07904	0.07304	0.00591	0.00855	0.02647	0.00916	0.00855
3	0.02827	0.63478	0.05540	0.01809	0.02714	0.04184	0.01809	0.03166	0.02148	0.02488	0.01470	0.01696	0.01357	0.00905	0.00678	0.00226	0.01131	0.00565	0.00452	0.01357
4	0.01383	0.01048	0.01284	0.01347	0.01580	0.00949	0.01002	0.01723	0.02493	0.03282	0.23109	0.23553	0.23323	0.02709	0.01296	0.00382	0.00588	0.06986	0.01038	0.00925
5	0.02617	0.02512	0.04292	0.06490	0.56246	0.02512	0.03245	0.03245	0.02407	0.03454	0.01989	0.02617	0.01675	0.00942	0.01047	0.00314	0.01256	0.00942	0.00523	0.01675
6	0.02717	0.02330	0.03982	0.13764	0.21784	0.02528	0.11117	0.03295	0.02300	0.10280	0.02169	0.02761	0.01688	0.01181	0.01563	0.00359	0.13104	0.01006	0.00609	0.01464
7	0.04019	0.02962	0.03173	0.02433	0.03279	0.03279	0.02010	0.52721	0.04971	0.06663	0.02538	0.02538	0.01798	0.01269	0.01058	0.00317	0.01163	0.00952	0.01058	0.01798
8	0.02903	0.02537	0.03551	0.04496	0.31067	0.02698	0.02570	0.13847	0.17017	0.04363	0.02728	0.02961	0.02121	0.01142	0.01057	0.00327	0.01124	0.01013	0.00781	0.01699
9	0.01901	0.01691	0.02383	0.02160	0.02237	0.02215	0.01726	0.02167	0.01643	0.02454	0.02189	0.03565	0.02167	0.10951	0.26233	0.01029	0.30673	0.01077	0.00524	0.01014
10	0.02617	0.02512	0.04292	0.06490	0.56246	0.02512	0.03245	0.03245	0.02407	0.03454	0.01989	0.02617	0.01675	0.00942	0.01047	0.00314	0.01256	0.00942	0.00523	0.01675
11	0.02617	0.02512	0.04292	0.06490	0.56246	0.02512	0.03245	0.03245	0.02407	0.03454	0.01989	0.02617	0.01675	0.00942	0.01047	0.00314	0.01256	0.00942	0.00523	0.01675
12	0.01660	0.01411	0.02361	0.02185	0.02529	0.01338	0.11360	0.02090	0.02283	0.03000	0.05417	0.29765	0.09562	0.02655	0.01358	0.00428	0.00956	0.17741	0.00891	0.01011
13	0.10732	0.02641	0.02871	0.02220	0.03042	0.02848	0.01834	0.38410	0.04273	0.16410	0.02755	0.02667	0.01895	0.01248	0.01019	0.00320	0.01077	0.00936	0.01067	0.01734
14	0.02852	0.02433	0.04088	0.05980	0.50326	0.02406	0.03058	0.03456	0.02476	0.09372	0.02230	0.02725	0.01779	0.00983	0.01049	0.00315	0.01217	0.00955	0.00610	0.01689
15	0.01376	0.00967	0.01249	0.01441	0.01504	0.00924	0.00965	0.01544	0.01951	0.02595	0.05265	0.46080	0.06234	0.16245	0.02237	0.00564	0.00732	0.06400	0.00907	0.00821
16	0.01337	0.00941	0.01212	0.01409	0.01458	0.00892	0.00914	0.01485	0.01928	0.02571	0.05335	0.51244	0.06371	0.15069	0.02146	0.00547	0.00695	0.02716	0.00914	0.00816
17	0.02779	0.16566	0.04719	0.09629	0.08123	0.03142	0.17223	0.12025	0.02717	0.03608	0.01936	0.02451	0.01543	0.01088	0.01288	0.00328	0.07855	0.00947	0.00594	0.01438

[dist]
# distance from previous block
# <min> <max>
2	8

[block]
# block no. 13 follows, 13 sequences, length 9
# corresponding to MSA columns:
# 448-456
name=unknown_N
#
# <colnr> <probs for GDERKNQSTAVLIFYWHMCP>
#	G	D	E	R	K	N	Q	S	T	A	V	L	I	F	Y	W	H	M	C	P
0	0.52427	0.02168	0.02277	0.02738	0.16364	0.02409	0.01700	0.03144	0.01960	0.04403	0.01609	0.01955	0.01285	0.00971	0.00758	0.00324	0.00934	0.00670	0.00620	0.01285
1	0.01419	0.00974	0.01276	0.01379	0.01508	0.00904	0.00955	0.01583	0.02189	0.02936	0.17271	0.34441	0.12347	0.03032	0.01755	0.11296	0.00626	0.02335	0.00941	0.00831
2	0.01594	0.01070	0.01272	0.01332	0.01596	0.00939	0.00956	0.01836	0.02290	0.07845	0.07845	0.33555	0.28303	0.02843	0.01278	0.00388	0.00606	0.02480	0.01012	0.00962
3	0.02626	0.02341	0.02944	0.03413	0.18307	0.02596	0.02131	0.04928	0.39235	0.04141	0.03630	0.03559	0.02776	0.01291	0.01067	0.00346	0.00959	0.01122	0.00915	0.01674
4	0.07467	0.01901	0.02743	0.02250	0.02815	0.01982	0.13049	0.03577	0.18351	0.03979	0.09666	0.07730	0.03638	0.01441	0.01054	0.00335	0.00930	0.01319	0.14469	0.01304
5	0.02617	0.02512	0.04292	0.06490	0.56246	0.02512	0.03245	0.03245	0.02407	0.03454	0.01989	0.02617	0.01675	0.00942	0.01047	0.00314	0.01256	0.00942	0.00523	0.01675
6	0.01740	0.03071	0.27190	0.02137	0.02952	0.01641	0.02336	0.02508	0.02435	0.03499	0.20215	0.16875	0.05354	0.01874	0.01157	0.00354	0.01014	0.01624	0.00794	0.01229
7	0.02087	0.29871	0.03286	0.01527	0.02089	0.02458	0.01354	0.02491	0.02549	0.03302	0.26455	0.05250	0.10296	0.01630	0.00985	0.00286	0.00794	0.01321	0.00818	0.01154
8	0.02346	0.02270	0.03647	0.20745	0.25800	0.02689	0.02870	0.02874	0.02081	0.02959	0.01773	0.02581	0.01511	0.01254	0.01795	0.00371	0.19636	0.00936	0.00489	0.01372

[dist]
# distance from previous block
# <min> <max>
0	2

[block]
# block no. 14 follows, 13 sequences, length 29
# corresponding to MSA columns:
# 459-487
name=unknown_O
#
# <colnr> <probs for GDERKNQSTAVLIFYWHMCP>
#	G	D	E	R	K	N	Q	S	T	A	V	L	I	F	Y	W	H	M	C	P
0	0.30123	0.02322	0.03179	0.04418	0.34223	0.02455	0.02392	0.03189	0.02160	0.03978	0.01779	0.02251	0.01460	0.00958	0.00887	0.00319	0.01078	0.00792	0.00577	0.01460
1	0.02349	0.27603	0.13461	0.02546	0.03504	0.02937	0.14757	0.02961	0.02296	0.02921	0.03340	0.03572	0.11025	0.01231	0.00977	0.00300	0.01261	0.01067	0.00566	0.01326
