[name]
unknown

[dist]
# distance from previous block
# <min> <max>
0	443

[block]
# block no. 0 follows, 10 sequences, length 79
# corresponding to MSA columns:
# 462-469,498-521,527-573
name=unknown_A
#
# <colnr> <probs for GDERKNQSTAVLIFYWHMCP>
#	G	D	E	R	K	N	Q	S	T	A	V	L	I	F	Y	W	H	M	C	P
0	0.01634	0.01167	0.01599	0.01868	0.02030	0.01132	0.01457	0.01995	0.02441	0.03212	0.06290	0.36866	0.07218	0.03439	0.01542	0.00502	0.00863	0.22663	0.01076	0.01005
1	0.67341	0.02249	0.01709	0.01529	0.02249	0.02609	0.01260	0.03419	0.01979	0.05218	0.01619	0.01889	0.01260	0.01080	0.00720	0.00360	0.00900	0.00630	0.00720	0.01260
2	0.01413	0.01030	0.01332	0.01573	0.01675	0.00949	0.01059	0.01625	0.02271	0.02987	0.06975	0.53405	0.12289	0.03570	0.01473	0.00464	0.00666	0.03217	0.01080	0.00949
3	0.04093	0.03095	0.03306	0.02610	0.03482	0.03453	0.02131	0.39014	0.14982	0.06801	0.03209	0.03125	0.02316	0.01435	0.01168	0.00359	0.01203	0.01105	0.01168	0.01948
4	0.03568	0.02219	0.02602	0.02245	0.02918	0.02327	0.01808	0.13489	0.17663	0.18158	0.04646	0.10334	0.03845	0.01908	0.01257	0.00401	0.01006	0.06657	0.01226	0.01724
5	0.37269	0.02642	0.02458	0.02039	0.02828	0.03002	0.01669	0.19843	0.08677	0.05941	0.02398	0.02494	0.01780	0.01251	0.00933	0.00360	0.01039	0.00859	0.00933	0.01585
6	0.03344	0.01887	0.02330	0.01916	0.02525	0.01839	0.01530	0.13385	0.03785	0.19826	0.26367	0.05948	0.06526	0.01876	0.01264	0.00360	0.00844	0.01586	0.01303	0.01560
7	0.13793	0.01872	0.02151	0.02034	0.02540	0.01957	0.01666	0.11524	0.03082	0.10013	0.04611	0.16673	0.04620	0.02381	0.01298	0.00438	0.00998	0.15919	0.01072	0.01356
8	0.02069	0.01621	0.01868	0.01507	0.02049	0.01349	0.01058	0.02341	0.02069	0.03061	0.02826	0.04882	0.02913	0.28547	0.03265	0.00626	0.00988	0.01165	0.00697	0.35097
9	0.01887	0.01388	0.01489	0.01396	0.01644	0.01357	0.00941	0.06951	0.02468	0.03153	0.06499	0.08357	0.21021	0.32254	0.03736	0.00773	0.00950	0.01894	0.00893	0.00950
10	0.01556	0.01111	0.01509	0.01778	0.01906	0.01064	0.01321	0.01859	0.02363	0.03124	0.06334	0.44634	0.07389	0.03513	0.01521	0.00491	0.00795	0.15670	0.01077	0.00983
11	0.02121	0.01989	0.03552	0.02955	0.03515	0.01936	0.18094	0.02996	0.07878	0.03521	0.04722	0.26712	0.04956	0.02393	0.01425	0.00442	0.01216	0.07376	0.00913	0.01288
12	0.02863	0.04528	0.28201	0.03731	0.05119	0.02952	0.18531	0.12003	0.03118	0.04381	0.02309	0.02749	0.01666	0.01118	0.01206	0.00373	0.01718	0.01068	0.00650	0.01717
13	0.03748	0.02621	0.03690	0.13031	0.18938	0.02756	0.02688	0.17415	0.03600	0.15548	0.02882	0.03129	0.02063	0.01256	0.01161	0.00357	0.01293	0.01069	0.00935	0.01820
14	0.33571	0.02708	0.02998	0.10096	0.18149	0.07770	0.02300	0.03531	0.02355	0.04278	0.01864	0.02359	0.01496	0.01088	0.00938	0.00353	0.01244	0.00814	0.00639	0.01449
15	0.03654	0.01607	0.02188	0.01942	0.02511	0.01432	0.01538	0.04040	0.02914	0.31558	0.05334	0.21595	0.04808	0.02326	0.01319	0.00416	0.00904	0.07075	0.01285	0.01554
16	0.04001	0.03049	0.03254	0.02591	0.03446	0.03410	0.02109	0.36487	0.17659	0.06652	0.03327	0.03218	0.02411	0.01446	0.01169	0.00362	0.01181	0.01121	0.01169	0.01940
17	0.01643	0.01194	0.01676	0.01705	0.01850	0.01325	0.01242	0.01940	0.01866	0.02626	0.03588	0.10927	0.03714	0.19772	0.37771	0.01552	0.02402	0.01565	0.00690	0.00952
18	0.16339	0.02440	0.02548	0.02181	0.02921	0.02710	0.01741	0.09939	0.27657	0.13323	0.03882	0.03622	0.02813	0.01436	0.01086	0.00377	0.00966	0.01125	0.01132	0.01763
19	0.03252	0.15011	0.18511	0.03256	0.04484	0.02935	0.16420	0.04095	0.02718	0.14350	0.02627	0.02877	0.01877	0.01119	0.01129	0.00350	0.01536	0.01036	0.00732	0.01686
20	0.02151	0.02140	0.04054	0.03161	0.03889	0.01993	0.23315	0.02846	0.02775	0.03659	0.10828	0.07435	0.14743	0.01996	0.01417	0.00416	0.01327	0.09695	0.00868	0.01291
21	0.67341	0.02249	0.01709	0.01529	0.02249	0.02609	0.01260	0.03419	0.01979	0.05218	0.01619	0.01889	0.01260	0.01080	0.00720	0.00360	0.00900	0.00630	0.00720	0.01260
22	0.01460	0.01182	0.01297	0.01268	0.01624	0.01018	0.00951	0.01835	0.02854	0.03623	0.24258	0.10401	0.38623	0.02766	0.01374	0.00384	0.00576	0.02344	0.01143	0.01018
23	0.01691	0.01128	0.01268	0.01268	0.01268	0.01128	0.00705	0.01691	0.01691	0.02255	0.03665	0.07611	0.04228	0.59126	0.05920	0.01128	0.01128	0.01691	0.00705	0.00705
24	0.04571	0.03018	0.03342	0.02562	0.03487	0.03251	0.02117	0.40059	0.05067	0.15830	0.03129	0.03011	0.02147	0.01404	0.01165	0.00351	0.01225	0.01070	0.01215	0.01978
25	0.01504	0.01064	0.01400	0.01637	0.01719	0.01013	0.01126	0.01720	0.02213	0.02941	0.06044	0.46892	0.07152	0.10397	0.02042	0.00560	0.00776	0.07836	0.01033	0.00930
26	0.05069	0.02219	0.02847	0.02183	0.03089	0.02065	0.01803	0.13602	0.03730	0.44176	0.04252	0.03740	0.02710	0.01431	0.01168	0.00358	0.01044	0.01147	0.01388	0.01979
27	0.04687	0.02831	0.03226	0.02473	0.03394	0.02973	0.02043	0.33867	0.04754	0.22465	0.03392	0.03182	0.02279	0.01411	0.01166	0.00353	0.01183	0.01088	0.01256	0.01978
28	0.01975	0.01279	0.01789	0.01759	0.01920	0.01410	0.01288	0.02286	0.07260	0.02628	0.02783	0.04051	0.02561	0.05669	0.24582	0.32248	0.01860	0.01142	0.00632	0.00878
29	0.02412	0.02067	0.02412	0.01723	0.02756	0.01550	0.01378	0.02929	0.02412	0.03790	0.02067	0.02412	0.01723	0.00861	0.00861	0.00172	0.00861	0.00689	0.00689	0.66236
30	0.01676	0.01190	0.01584	0.01584	0.01693	0.01299	0.01098	0.01894	0.01785	0.02489	0.03376	0.06015	0.03535	0.32673	0.31425	0.01517	0.02171	0.01458	0.00662	0.00880
31	0.04421	0.03258	0.03490	0.02676	0.03607	0.03607	0.02211	0.47993	0.05468	0.07330	0.02792	0.02792	0.01978	0.01396	0.01163	0.00349	0.01280	0.01047	0.01163	0.01978
32	0.01560	0.01088	0.01384	0.01565	0.01634	0.01050	0.01049	0.01735	0.02104	0.02795	0.05485	0.36544	0.06445	0.21709	0.02947	0.00694	0.00869	0.07506	0.00956	0.00881
33	0.02879	0.02763	0.04721	0.07139	0.51871	0.02763	0.03569	0.03569	0.02648	0.03800	0.02188	0.02879	0.01842	0.01036	0.01151	0.00345	0.01382	0.01036	0.00576	0.01842
34	0.01472	0.01094	0.01372	0.01488	0.01678	0.00994	0.01045	0.01788	0.02605	0.03470	0.19830	0.35261	0.17332	0.03156	0.01431	0.00427	0.00623	0.02805	0.01135	0.00994
35	0.01417	0.01012	0.01350	0.01619	0.01687	0.00945	0.01080	0.01619	0.02227	0.02969	0.06410	0.58367	0.07692	0.03644	0.01484	0.00472	0.00675	0.03306	0.01080	0.00945
36	0.02020	0.01010	0.01515	0.01515	0.01515	0.01010	0.01010	0.01515	0.01515	0.02020	0.02020	0.03535	0.02020	0.04040	0.04545	0.66162	0.01010	0.01010	0.00505	0.00505
37	0.04800	0.02650	0.03114	0.02388	0.03304	0.02705	0.01972	0.27881	0.04452	0.28878	0.03646	0.03347	0.02406	0.01417	0.01166	0.00354	0.01142	0.01105	0.01295	0.01979
38	0.02412	0.02067	0.02412	0.01723	0.02756	0.01550	0.01378	0.02929	0.02412	0.03790	0.02067	0.02412	0.01723	0.00861	0.00861	0.00172	0.00861	0.00689	0.00689	0.66236
39	0.01496	0.01167	0.01369	0.01432	0.01723	0.01039	0.01078	0.01854	0.02707	0.03465	0.18360	0.19913	0.29509	0.02991	0.01421	0.00419	0.00652	0.07275	0.01121	0.01009
40	0.01615	0.01188	0.01512	0.01431	0.01719	0.01084	0.01073	0.02135	0.03219	0.04491	0.46767	0.08973	0.15573	0.02442	0.01372	0.00369	0.00553	0.02143	0.01258	0.01084
41	0.03109	0.59826	0.06095	0.01990	0.02985	0.04602	0.01990	0.03483	0.02363	0.02736	0.01617	0.01866	0.01493	0.00995	0.00746	0.00249	0.01244	0.00622	0.00498	0.01493
42	0.04653	0.02548	0.03010	0.02345	0.03231	0.02597	0.01925	0.22745	0.09074	0.29409	0.03881	0.03530	0.02587	0.01437	0.01169	0.00359	0.01099	0.01136	0.01302	0.01964
43	0.01982	0.01385	0.01711	0.01656	0.01943	0.01396	0.01233	0.07690	0.02999	0.04251	0.21637	0.21545	0.07136	0.03176	0.06904	0.00542	0.00944	0.02117	0.08600	0.01153
44	0.02131	0.01302	0.01872	0.01794	0.02045	0.01410	0.01361	0.02425	0.01998	0.08719	0.03268	0.04761	0.02983	0.13286	0.38144	0.06991	0.02447	0.01269	0.00723	0.01070
45	0.02967	0.02173	0.02470	0.02072	0.02640	0.02298	0.01636	0.24386	0.04219	0.05752	0.22200	0.11914	0.06199	0.02056	0.01284	0.00371	0.00920	0.01737	0.01199	0.01507
46	0.02617	0.02345	0.03603	0.33570	0.15627	0.02612	0.02952	0.08311	0.02765	0.03743	0.02175	0.02936	0.01679	0.01128	0.01124	0.00348	0.01401	0.00993	0.00625	0.09445
47	0.11161	0.02827	0.03085	0.14015	0.08156	0.08791	0.02278	0.15948	0.07903	0.04611	0.02451	0.02894	0.01893	0.01518	0.01409	0.06435	0.01333	0.00981	0.00800	0.01513
48	0.01573	0.01158	0.01374	0.01482	0.01663	0.01085	0.01059	0.01805	0.02276	0.02902	0.07121	0.20621	0.19353	0.20056	0.02810	0.00658	0.00861	0.10270	0.00965	0.00907
49	0.67341	0.02249	0.01709	0.01529	0.02249	0.02609	0.01260	0.03419	0.01979	0.05218	0.01619	0.01889	0.01260	0.01080	0.00720	0.00360	0.00900	0.00630	0.00720	0.01260
50	0.02457	0.02576	0.05092	0.31893	0.07092	0.02754	0.24336	0.03330	0.02525	0.03330	0.02203	0.03118	0.01652	0.01076	0.01262	0.00390	0.01745	0.01195	0.00551	0.01423
51	0.02196	0.02067	0.03488	0.56331	0.08010	0.02584	0.03230	0.02972	0.02326	0.02972	0.02067	0.03101	0.01550	0.01163	0.01163	0.00388	0.01550	0.01034	0.00517	0.01292
52	0.02490	0.02366	0.04018	0.35191	0.26859	0.02661	0.03376	0.03228	0.02464	0.03327	0.02119	0.03005	0.01676	0.01108	0.01158	0.00369	0.01478	0.01035	0.00542	0.01528
53	0.03856	0.02977	0.03172	0.02562	0.03391	0.03343	0.02074	0.32522	0.21860	0.06418	0.03511	0.03365	0.02560	0.01463	0.01171	0.00366	0.01147	0.01146	0.01171	0.01927
54	0.02020	0.01010	0.01515	0.01515	0.01515	0.01010	0.01010	0.01515	0.01515	0.02020	0.02020	0.03535	0.02020	0.04040	0.04545	0.66162	0.01010	0.01010	0.00505	0.00505
55	0.01456	0.01148	0.01314	0.01343	0.01639	0.01005	0.00980	0.01800	0.02739	0.03516	0.21320	0.19949	0.31796	0.02932	0.01396	0.00401	0.00595	0.02530	0.01134	0.01005
56	0.01515	0.01148	0.01405	0.01476	0.01728	0.01038	0.01092	0.01884	0.02734	0.03599	0.22154	0.23977	0.22444	0.02989	0.01425	0.00419	0.00642	0.06173	0.01142	0.01015
57	0.02412	0.02067	0.02412	0.01723	0.02756	0.01550	0.01378	0.02929	0.02412	0.03790	0.02067	0.02412	0.01723	0.00861	0.00861	0.00172	0.00861	0.00689	0.00689	0.66236
58	0.01431	0.01080	0.01324	0.01475	0.01660	0.00973	0.01026	0.01700	0.02472	0.03215	0.13152	0.39103	0.20580	0.03297	0.01440	0.00437	0.00636	0.02923	0.01103	0.00973
59	0.02745	0.03137	0.06863	0.04902	0.06078	0.02941	0.47647	0.03725	0.02745	0.03725	0.02353	0.03137	0.01765	0.00980	0.01373	0.00392	0.01961	0.01373	0.00588	0.01569
60	0.01974	0.01262	0.01586	0.01667	0.01901	0.01224	0.01185	0.02557	0.06973	0.07732	0.10585	0.38659	0.06823	0.02927	0.01359	0.00427	0.00701	0.02615	0.06697	0.01147
61	0.02273	0.01409	0.01698	0.01637	0.02032	0.01313	0.01218	0.02902	0.07645	0.12441	0.11346	0.24572	0.19539	0.02709	0.01353	0.00411	0.00722	0.02352	0.01174	0.01252
62	0.02639	0.02044	0.02309	0.02006	0.02542	0.02198	0.01569	0.13541	0.17880	0.05315	0.26411	0.06063	0.06730	0.01918	0.01268	0.00371	0.00823	0.01630	0.01225	0.01518
63	0.42355	0.02141	0.02107	0.01747	0.02539	0.02247	0.01440	0.04323	0.02522	0.24306	0.02814	0.02722	0.01911	0.01224	0.00901	0.00360	0.00936	0.00847	0.01009	0.01549
64	0.10699	0.01613	0.01984	0.01717	0.02278	0.01543	0.01358	0.03821	0.02770	0.24644	0.08609	0.10016	0.03991	0.02378	0.06037	0.00497	0.01025	0.01414	0.12141	0.01466
65	0.02464	0.01719	0.02052	0.01982	0.02406	0.01800	0.01521	0.03891	0.19718	0.09576	0.11067	0.21308	0.05934	0.02441	0.01340	0.00426	0.00830	0.06923	0.01182	0.01420
66	0.01518	0.01084	0.01466	0.01735	0.01847	0.01032	0.01255	0.01794	0.02326	0.03082	0.06354	0.48353	0.07471	0.03548	0.01511	0.00486	0.00762	0.12322	0.01078	0.00973
67	0.01461	0.01077	0.01324	0.01473	0.01620	0.00988	0.00998	0.01693	0.02356	0.03085	0.11482	0.38037	0.16719	0.09690	0.01955	0.00520	0.00696	0.02831	0.01056	0.00940
68	0.02151	0.01325	0.01620	0.01592	0.01820	0.01320	0.01137	0.02641	0.06670	0.07385	0.09708	0.13230	0.05179	0.19957	0.02993	0.06289	0.00904	0.05921	0.07110	0.01046
69	0.10308	0.01692	0.01769	0.01693	0.02100	0.01826	0.01278	0.07621	0.11676	0.04453	0.04351	0.19223	0.04117	0.02018	0.01098	0.00370	0.00769	0.01700	0.20640	0.01299
70	0.12653	0.02306	0.02760	0.02143	0.03027	0.02256	0.01769	0.15119	0.03655	0.36436	0.03812	0.03437	0.02473	0.01385	0.01113	0.00357	0.01045	0.01075	0.01288	0.01891
71	0.16788	0.14186	0.08149	0.08242	0.03997	0.11744	0.07474	0.03927	0.02608	0.09618	0.02186	0.02495	0.01651	0.01127	0.00991	0.00336	0.01442	0.00863	0.00689	0.01486
72	0.03398	0.02924	0.02748	0.02428	0.02764	0.18043	0.01873	0.03483	0.02430	0.11076	0.02271	0.02932	0.01889	0.02253	0.02731	0.19206	0.14701	0.00959	0.00694	0.01196
73	0.02291	0.01293	0.01650	0.01599	0.01956	0.01149	0.01181	0.02630	0.02752	0.14314	0.15253	0.27491	0.16331	0.02781	0.01371	0.00412	0.00704	0.02438	0.01196	0.01209
74	0.19200	0.09818	0.20651	0.03210	0.04429	0.02952	0.16718	0.03607	0.02414	0.03990	0.02000	0.02460	0.01511	0.01048	0.01052	0.00361	0.01534	0.00935	0.00580	0.01531
75	0.10749	0.02653	0.07526	0.12174	0.04254	0.02497	0.06719	0.12951	0.03118	0.14547	0.02719	0.03071	0.01948	0.01539	0.01485	0.07287	0.01301	0.01035	0.00871	0.01556
76	0.01642	0.01283	0.01883	0.13788	0.03169	0.01352	0.01646	0.02009	0.02300	0.03028	0.05420	0.40988	0.06219	0.03046	0.01427	0.00461	0.00914	0.07438	0.00954	0.01036
77	0.01471	0.01162	0.01426	0.01486	0.01750	0.01117	0.01100	0.01782	0.02320	0.02969	0.07963	0.19623	0.27009	0.04853	0.17528	0.00858	0.01375	0.02276	0.00941	0.00991
78	0.03081	0.15677	0.14505	0.03535	0.13975	0.03224	0.02811	0.14800	0.03187	0.04336	0.02296	0.02728	0.01837	0.01942	0.06671	0.00491	0.01579	0.00935	0.00697	0.01692

[dist]
# distance from previous block
# <min> <max>
0	4

[block]
# block no. 1 follows, 10 sequences, length 65
# corresponding to MSA columns:
# 578-642
name=unknown_B
#
# <colnr> <probs for GDERKNQSTAVLIFYWHMCP>
#	G	D	E	R	K	N	Q	S	T	A	V	L	I	F	Y	W	H	M	C	P
0	0.20183	0.02937	0.13604	0.02373	0.03327	0.02209	0.06346	0.04014	0.02545	0.19313	0.02955	0.03431	0.02200	0.07807	0.01599	0.00452	0.01231	0.01040	0.00882	0.01551
1	0.19086	0.02374	0.02681	0.02105	0.02972	0.02409	0.01738	0.16213	0.03582	0.30080	0.03447	0.03185	0.02277	0.01347	0.01066	0.00357	0.01045	0.01015	0.01204	0.01816
2	0.03109	0.59826	0.06095	0.01990	0.02985	0.04602	0.01990	0.03483	0.02363	0.02736	0.01617	0.01866	0.01493	0.00995	0.00746	0.00249	0.01244	0.00622	0.00498	0.01493
3	0.02425	0.01367	0.01771	0.01568	0.01998	0.01223	0.01212	0.02922	0.03228	0.15370	0.36210	0.07900	0.13721	0.02229	0.01326	0.00368	0.00653	0.01932	0.01294	0.01284
4	0.08519	0.02040	0.02928	0.18057	0.13745	0.02238	0.02314	0.07719	0.02728	0.03932	0.08188	0.09803	0.03431	0.01835	0.01488	0.06389	0.01164	0.01373	0.00768	0.01342
5	0.16555	0.02766	0.02595	0.02196	0.02959	0.08320	0.01743	0.09762	0.19671	0.09827	0.03236	0.03158	0.02401	0.01318	0.01034	0.00343	0.01087	0.00996	0.00992	0.09040
6	0.01438	0.01051	0.01353	0.01552	0.01679	0.00966	0.01059	0.01690	0.02395	0.03179	0.12067	0.47429	0.13015	0.03422	0.01459	0.00451	0.00651	0.03074	0.01102	0.00966
7	0.03522	0.02472	0.02733	0.02339	0.03073	0.02727	0.01853	0.10411	0.35774	0.14802	0.04503	0.04102	0.03251	0.01531	0.01179	0.00383	0.00972	0.01258	0.01233	0.01883
8	0.13978	0.01680	0.01894	0.01832	0.02181	0.01810	0.01391	0.07733	0.07340	0.03870	0.03766	0.16543	0.03833	0.02770	0.02109	0.17941	0.00944	0.06395	0.00881	0.01109
9	0.02305	0.01596	0.01888	0.01811	0.02212	0.01621	0.01352	0.03491	0.16218	0.09431	0.14346	0.22927	0.11083	0.02503	0.01331	0.00410	0.00749	0.02190	0.01186	0.01349
10	0.01691	0.01128	0.01268	0.01268	0.01268	0.01128	0.00705	0.01691	0.01691	0.02255	0.03665	0.07611	0.04228	0.59126	0.05920	0.01128	0.01128	0.01691	0.00705	0.00705
11	0.07954	0.01373	0.01467	0.01446	0.01592	0.01444	0.00916	0.02341	0.07063	0.02886	0.03841	0.11351	0.04192	0.42277	0.04505	0.00915	0.01042	0.01698	0.00793	0.00904
12	0.02740	0.01501	0.01955	0.01772	0.02133	0.01453	0.01323	0.07824	0.02856	0.13706	0.13766	0.16327	0.05257	0.02779	0.02160	0.17570	0.00869	0.01764	0.01054	0.01190
13	0.01481	0.01103	0.01300	0.01399	0.01572	0.01007	0.00946	0.01703	0.02349	0.03037	0.11706	0.29040	0.20682	0.14491	0.02334	0.00570	0.00728	0.02607	0.01023	0.00922
14	0.01653	0.01216	0.01705	0.01658	0.01900	0.01268	0.01268	0.02138	0.02611	0.03723	0.28204	0.06715	0.07111	0.05416	0.26821	0.01086	0.01778	0.01693	0.00966	0.01069
15	0.01894	0.01157	0.01427	0.01479	0.01586	0.01106	0.00943	0.02014	0.02050	0.07000	0.04841	0.27519	0.05490	0.31908	0.03732	0.00798	0.00935	0.02289	0.00919	0.00913
16	0.01467	0.01048	0.01407	0.01677	0.01767	0.00988	0.01167	0.01706	0.02276	0.03025	0.06382	0.53383	0.07582	0.03596	0.01498	0.00479	0.00718	0.07793	0.01079	0.00959
17	0.02779	0.01398	0.01900	0.01867	0.02252	0.01275	0.01438	0.03126	0.02680	0.19767	0.05751	0.31708	0.05890	0.02823	0.01401	0.00446	0.00854	0.10129	0.01199	0.01316
18	0.05218	0.01979	0.02699	0.02069	0.02969	0.01709	0.01709	0.05668	0.03329	0.52677	0.04588	0.03959	0.02879	0.01439	0.01170	0.00360	0.00990	0.01170	0.01439	0.01979
19	0.03625	0.02862	0.03042	0.02515	0.03303	0.03235	0.02018	0.26202	0.28556	0.06045	0.03804	0.03598	0.02797	0.01491	0.01174	0.00373	0.01093	0.01187	0.01174	0.01906
20	0.02745	0.03137	0.06863	0.04902	0.06078	0.02941	0.47647	0.03725	0.02745	0.03725	0.02353	0.03137	0.01765	0.00980	0.01373	0.00392	0.01961	0.01373	0.00588	0.01569
21	0.03109	0.59826	0.06095	0.01990	0.02985	0.04602	0.01990	0.03483	0.02363	0.02736	0.01617	0.01866	0.01493	0.00995	0.00746	0.00249	0.01244	0.00622	0.00498	0.01493
22	0.01436	0.01181	0.01263	0.01243	0.01609	0.01008	0.00932	0.01788	0.02796	0.03487	0.20727	0.10625	0.42239	0.02817	0.01374	0.00387	0.00580	0.02375	0.01125	0.01008
23	0.05218	0.01979	0.02699	0.02069	0.02969	0.01709	0.01709	0.05668	0.03329	0.52677	0.04588	0.03959	0.02879	0.01439	0.01170	0.00360	0.00990	0.01170	0.01439	0.01979
24	0.01646	0.01189	0.01555	0.01463	0.01738	0.01097	0.01097	0.02195	0.03292	0.04664	0.51257	0.08688	0.10974	0.02378	0.01372	0.00366	0.00549	0.02103	0.01280	0.01097
25	0.03109	0.59826	0.06095	0.01990	0.02985	0.04602	0.01990	0.03483	0.02363	0.02736	0.01617	0.01866	0.01493	0.00995	0.00746	0.00249	0.01244	0.00622	0.00498	0.01493
26	0.67341	0.02249	0.01709	0.01529	0.02249	0.02609	0.01260	0.03419	0.01979	0.05218	0.01619	0.01889	0.01260	0.01080	0.00720	0.00360	0.00900	0.00630	0.00720	0.01260
27	0.02020	0.01010	0.01515	0.01515	0.01515	0.01010	0.01010	0.01515	0.01515	0.02020	0.02020	0.03535	0.02020	0.04040	0.04545	0.66162	0.01010	0.01010	0.00505	0.00505
28	0.05218	0.01979	0.02699	0.02069	0.02969	0.01709	0.01709	0.05668	0.03329	0.52677	0.04588	0.03959	0.02879	0.01439	0.01170	0.00360	0.00990	0.01170	0.01439	0.01979
29	0.01412	0.01031	0.01330	0.01569	0.01674	0.00949	0.01057	0.01625	0.02275	0.02989	0.07023	0.52988	0.12676	0.03564	0.01472	0.00463	0.00665	0.03209	0.01080	0.00949
30	0.02988	0.02973	0.08400	0.02506	0.03311	0.02945	0.02156	0.10233	0.39852	0.04988	0.04235	0.03967	0.03154	0.01506	0.01173	0.00387	0.01048	0.01236	0.01103	0.01841
31	0.01636	0.01169	0.01601	0.01870	0.02033	0.01133	0.01460	0.01998	0.02443	0.03214	0.06289	0.36700	0.07214	0.03437	0.01543	0.00503	0.00864	0.22813	0.01075	0.01005
32	0.01417	0.01012	0.01350	0.01619	0.01687	0.00945	0.01080	0.01619	0.02227	0.02969	0.06410	0.58367	0.07692	0.03644	0.01484	0.00472	0.00675	0.03306	0.01080	0.00945
33	0.04245	0.03201	0.03631	0.03185	0.09110	0.03511	0.02366	0.42928	0.05147	0.06927	0.02723	0.02802	0.01962	0.01355	0.01162	0.00349	0.01291	0.01046	0.01096	0.01962
34	0.02617	0.02740	0.11650	0.24942	0.05377	0.02200	0.02696	0.03379	0.02484	0.08813	0.02348	0.02879	0.01735	0.01094	0.01064	0.00317	0.01313	0.00916	0.00665	0.20774
35	0.03035	0.03097	0.13618	0.09904	0.17456	0.02492	0.02977	0.03756	0.02575	0.12616	0.02510	0.02929	0.01878	0.01233	0.01417	0.00357	0.07642	0.00985	0.00717	0.08809
36	0.04141	0.05203	0.03326	0.03003	0.03534	0.48689	0.02281	0.04435	0.03124	0.02841	0.01767	0.02148	0.01501	0.01293	0.01362	0.00323	0.08319	0.00780	0.00589	0.01340
37	0.01615	0.01188	0.01512	0.01431	0.01719	0.01084	0.01073	0.02135	0.03220	0.04491	0.46784	0.08972	0.15555	0.02442	0.01372	0.00369	0.00553	0.02143	0.01258	0.01084
38	0.48851	0.02406	0.02148	0.01801	0.02580	0.02695	0.01485	0.11918	0.02774	0.10836	0.02164	0.02284	0.01571	0.01178	0.00851	0.00358	0.00980	0.00766	0.00881	0.01472
39	0.01632	0.01141	0.01635	0.01764	0.01902	0.01201	0.01307	0.01876	0.02047	0.02805	0.04544	0.25524	0.04995	0.05719	0.23510	0.08444	0.01751	0.06429	0.00828	0.00947
40	0.05218	0.01979	0.02699	0.02069	0.02969	0.01709	0.01709	0.05668	0.03329	0.52677	0.04588	0.03959	0.02879	0.01439	0.01170	0.00360	0.00990	0.01170	0.01439	0.01979
41	0.04421	0.03258	0.03490	0.02676	0.03607	0.03607	0.02211	0.47993	0.05468	0.07330	0.02792	0.02792	0.01978	0.01396	0.01163	0.00349	0.01280	0.01047	0.01163	0.01978
42	0.02893	0.02498	0.02630	0.02367	0.03024	0.02893	0.01841	0.06180	0.49770	0.04865	0.04734	0.04339	0.03550	0.01578	0.01183	0.00394	0.00920	0.01315	0.01183	0.01841
43	0.02168	0.01084	0.01084	0.01084	0.01355	0.01084	0.00813	0.02710	0.02439	0.04336	0.03794	0.04336	0.02981	0.01355	0.00813	0.00271	0.00542	0.01084	0.65583	0.01084
44	0.03511	0.04289	0.05155	0.03989	0.04889	0.27610	0.25907	0.04165	0.03009	0.03305	0.02087	0.02639	0.01637	0.01085	0.01217	0.00348	0.02026	0.01074	0.00594	0.01463
45	0.03936	0.02363	0.02733	0.02278	0.03054	0.02494	0.01822	0.09679	0.27721	0.23748	0.04505	0.04054	0.03149	0.01508	0.01176	0.00377	0.00979	0.01234	0.01282	0.01907
46	0.01593	0.01187	0.01481	0.01407	0.01705	0.01075	0.01055	0.02092	0.03166	0.04365	0.43512	0.09179	0.18905	0.02489	0.01372	0.00371	0.00557	0.02172	0.01241	0.01075
47	0.67341	0.02249	0.01709	0.01529	0.02249	0.02609	0.01260	0.03419	0.01979	0.05218	0.01619	0.01889	0.01260	0.01080	0.00720	0.00360	0.00900	0.00630	0.00720	0.01260
48	0.02565	0.02661	0.05270	0.03999	0.04913	0.02574	0.32262	0.03699	0.07909	0.03796	0.03475	0.05524	0.03075	0.01550	0.01405	0.00425	0.01645	0.11005	0.00763	0.01486
49	0.03045	0.02986	0.02650	0.02470	0.03047	0.14272	0.01938	0.05182	0.31138	0.04170	0.04317	0.05349	0.03630	0.01775	0.01226	0.00397	0.01212	0.08567	0.01032	0.01597
50	0.02489	0.01555	0.01843	0.01685	0.02120	0.01511	0.01263	0.03374	0.11475	0.13160	0.15419	0.12824	0.14998	0.08773	0.01830	0.00474	0.00790	0.01934	0.01165	0.01320
51	0.67341	0.02249	0.01709	0.01529	0.02249	0.02609	0.01260	0.03419	0.01979	0.05218	0.01619	0.01889	0.01260	0.01080	0.00720	0.00360	0.00900	0.00630	0.00720	0.01260
52	0.01623	0.01177	0.01454	0.01454	0.01596	0.01210	0.00990	0.01817	0.01929	0.02569	0.04983	0.07252	0.12517	0.31789	0.21409	0.01241	0.01696	0.01683	0.00747	0.00868
53	0.01691	0.01128	0.01268	0.01268	0.01268	0.01128	0.00705	0.01691	0.01691	0.02255	0.03665	0.07611	0.04228	0.59126	0.05920	0.01128	0.01128	0.01691	0.00705	0.00705
54	0.02682	0.01879	0.02160	0.01925	0.02447	0.01952	0.01489	0.08838	0.17080	0.10151	0.17567	0.12048	0.10661	0.02125	0.01282	0.00386	0.00810	0.01816	0.01213	0.01488
55	0.04032	0.02882	0.03075	0.02401	0.03218	0.03171	0.01969	0.40172	0.04945	0.06813	0.02965	0.03059	0.02151	0.01389	0.01103	0.00336	0.01152	0.01053	0.12290	0.01824
56	0.01691	0.01128	0.01268	0.01268	0.01268	0.01128	0.00705	0.01691	0.01691	0.02255	0.03665	0.07611	0.04228	0.59126	0.05920	0.01128	0.01128	0.01691	0.00705	0.00705
57	0.02893	0.02498	0.02630	0.02367	0.03024	0.02893	0.01841	0.06180	0.49770	0.04865	0.04734	0.04339	0.03550	0.01578	0.01183	0.00394	0.00920	0.01315	0.01183	0.01841
58	0.33104	0.01697	0.01629	0.01495	0.01983	0.01821	0.01175	0.02781	0.02664	0.04929	0.27488	0.05432	0.06322	0.01756	0.01060	0.00363	0.00717	0.01398	0.01012	0.01175
59	0.01688	0.01140	0.01331	0.01331	0.01352	0.01161	0.00782	0.01731	0.01710	0.02301	0.03608	0.07296	0.04091	0.53901	0.10957	0.01204	0.01334	0.01645	0.00696	0.00739
60	0.01417	0.01012	0.01350	0.01619	0.01687	0.00945	0.01080	0.01619	0.02227	0.02969	0.06410	0.58367	0.07692	0.03644	0.01484	0.00472	0.00675	0.03306	0.01080	0.00945
61	0.03616	0.01714	0.02244	0.01857	0.02491	0.01572	0.01481	0.04350	0.07339	0.29703	0.22904	0.05846	0.06112	0.01819	0.01250	0.00365	0.00811	0.01548	0.01355	0.01621
62	0.01417	0.01012	0.01350	0.01619	0.01687	0.00945	0.01080	0.01619	0.02227	0.02969	0.06410	0.58367	0.07692	0.03644	0.01484	0.00472	0.00675	0.03306	0.01080	0.00945
63	0.04057	0.04840	0.03978	0.03313	0.04056	0.39196	0.10647	0.09354	0.03438	0.03514	0.02012	0.02368	0.01601	0.01180	0.01122	0.00322	0.01980	0.00898	0.00661	0.01460
64	0.03973	0.26362	0.04470	0.02325	0.03279	0.03799	0.02063	0.24873	0.03948	0.10612	0.02514	0.02544	0.01881	0.01236	0.00993	0.00309	0.01232	0.00886	0.00921	0.01779

[dist]
# distance from previous block
# <min> <max>
2	28

[block]
# block no. 2 follows, 10 sequences, length 25
# corresponding to MSA columns:
# 674-698
name=unknown_C
#
# <colnr> <probs for GDERKNQSTAVLIFYWHMCP>
#	G	D	E	R	K	N	Q	S	T	A	V	L	I	F	Y	W	H	M	C	P
0	0.01695	0.01152	0.01461	0.01427	0.01675	0.01077	0.01054	0.02200	0.03038	0.04410	0.38861	0.14086	0.09405	0.02382	0.01304	0.00365	0.00563	0.02100	0.10669	0.01077
1	0.08966	0.12413	0.11152	0.02730	0.03712	0.03240	0.07812	0.11909	0.17637	0.04661	0.02943	0.03034	0.02223	0.01266	0.01079	0.00356	0.01275	0.01036	0.00854	0.01704
2	0.01417	0.01012	0.01350	0.01619	0.01687	0.00945	0.01080	0.01619	0.02227	0.02969	0.06410	0.58367	0.07692	0.03644	0.01484	0.00472	0.00675	0.03306	0.01080	0.00945
3	0.21967	0.02358	0.03317	0.03405	0.14697	0.02337	0.06623	0.04339	0.02727	0.22754	0.02955	0.03035	0.02064	0.01196	0.01058	0.00360	0.01155	0.01006	0.00946	0.01702
4	0.41679	0.02199	0.02021	0.01713	0.02448	0.02388	0.01402	0.08996	0.02703	0.12852	0.03474	0.03462	0.07698	0.01403	0.00926	0.00363	0.00923	0.00989	0.00933	0.01429
5	0.01677	0.01184	0.01557	0.01557	0.01656	0.01284	0.01064	0.01876	0.01777	0.02469	0.03401	0.06151	0.03595	0.34940	0.29239	0.01483	0.02081	0.01478	0.00666	0.00865
6	0.01512	0.01155	0.01404	0.01520	0.01773	0.01048	0.01143	0.01856	0.02618	0.03368	0.14940	0.25803	0.24339	0.03124	0.01448	0.00438	0.00691	0.09708	0.01108	0.01002
7	0.02896	0.02443	0.03512	0.23168	0.05298	0.02755	0.07063	0.15978	0.07635	0.04526	0.03143	0.04597	0.02628	0.01548	0.01251	0.00399	0.01387	0.07393	0.00849	0.01531
8	0.02120	0.01231	0.01442	0.01366	0.01475	0.01198	0.00827	0.02174	0.01890	0.08380	0.03777	0.07167	0.04064	0.52118	0.05343	0.01034	0.01111	0.01628	0.00794	0.00860
9	0.02020	0.01010	0.01515	0.01515	0.01515	0.01010	0.01010	0.01515	0.01515	0.02020	0.02020	0.03535	0.02020	0.04040	0.04545	0.66162	0.01010	0.01010	0.00505	0.00505
10	0.58131	0.02397	0.01970	0.01697	0.02448	0.02755	0.01399	0.09944	0.02490	0.05527	0.01791	0.02022	0.01365	0.01126	0.00785	0.00358	0.00955	0.00691	0.00785	0.01365
11	0.02355	0.01222	0.01728	0.01624	0.01823	0.01205	0.01167	0.02312	0.02070	0.09888	0.08718	0.04763	0.03580	0.09235	0.11823	0.32249	0.01300	0.01267	0.00773	0.00897
12	0.08742	0.01528	0.01870	0.01689	0.02170	0.01437	0.01337	0.03223	0.02853	0.17916	0.17087	0.07547	0.11371	0.07860	0.01743	0.00468	0.00847	0.07840	0.01162	0.01309
13	0.01685	0.01153	0.01395	0.01395	0.01439	0.01196	0.00862	0.01772	0.01729	0.02349	0.03549	0.06971	0.03950	0.48518	0.16148	0.01284	0.01546	0.01598	0.00688	0.00775
14	0.02296	0.01418	0.01715	0.01648	0.01992	0.01359	0.01194	0.02935	0.08285	0.11707	0.10849	0.22607	0.13222	0.10903	0.02015	0.00516	0.00798	0.02209	0.01118	0.01215
15	0.03461	0.01683	0.02163	0.01862	0.02394	0.01569	0.01423	0.07738	0.03050	0.25875	0.08914	0.18129	0.04868	0.09087	0.01843	0.00481	0.00916	0.01832	0.01222	0.01490
16	0.04136	0.02485	0.02885	0.02289	0.03073	0.02572	0.01858	0.27002	0.04340	0.20234	0.08124	0.08630	0.03586	0.01700	0.01213	0.00365	0.01072	0.01382	0.01249	0.01805
17	0.03923	0.02516	0.02844	0.02348	0.03139	0.02704	0.01885	0.15422	0.26094	0.19547	0.04255	0.03879	0.02999	0.01496	0.01175	0.00374	0.01022	0.01212	0.01255	0.01913
18	0.02569	0.01348	0.01803	0.01689	0.02066	0.01215	0.01263	0.02966	0.02922	0.17562	0.22128	0.25086	0.07526	0.02566	0.01355	0.00402	0.00718	0.02270	0.01253	0.01291
19	0.02637	0.01451	0.01721	0.01579	0.01934	0.01400	0.01130	0.03190	0.07134	0.14806	0.05088	0.12521	0.08466	0.20826	0.02747	0.00622	0.00898	0.01724	0.08906	0.01219
20	0.01537	0.01185	0.01403	0.01348	0.01670	0.01051	0.01011	0.01983	0.03034	0.04051	0.35354	0.09697	0.27260	0.02606	0.01373	0.00377	0.00565	0.02245	0.01200	0.01051
21	0.03345	0.01541	0.02061	0.01792	0.02265	0.01437	0.01353	0.03653	0.02571	0.26609	0.04354	0.11550	0.03790	0.16586	0.10913	0.00799	0.01326	0.01566	0.01090	0.01399
22	0.02744	0.01585	0.02413	0.02074	0.02522	0.01454	0.06867	0.03105	0.02601	0.17427	0.08603	0.22846	0.05238	0.12403	0.02156	0.00537	0.00992	0.02069	0.01074	0.01289
23	0.02616	0.01987	0.02863	0.03688	0.19988	0.02011	0.02097	0.03518	0.10086	0.08195	0.03979	0.15477	0.03770	0.07549	0.01680	0.00454	0.01032	0.01640	0.05876	0.01494
24	0.02758	0.02455	0.03855	0.12836	0.31086	0.02558	0.02936	0.08659	0.03053	0.04255	0.10551	0.03884	0.03362	0.01326	0.01192	0.00355	0.01253	0.01218	0.00758	0.01652

[dist]
# distance from previous block
# <min> <max>
3	87

[block]
# block no. 3 follows, 10 sequences, length 115
# corresponding to MSA columns:
# 786-900
name=unknown_D
#
# <colnr> <probs for GDERKNQSTAVLIFYWHMCP>
#	G	D	E	R	K	N	Q	S	T	A	V	L	I	F	Y	W	H	M	C	P
0	0.03257	0.03042	0.07775	0.07459	0.03712	0.07006	0.02255	0.20977	0.03734	0.05037	0.03010	0.04150	0.02514	0.01500	0.01141	0.00348	0.01280	0.06503	0.06488	0.08811
1	0.10459	0.03932	0.22773	0.02635	0.03797	0.02723	0.02787	0.17075	0.03472	0.10160	0.06692	0.03181	0.02557	0.01333	0.01109	0.00360	0.01319	0.01029	0.00885	0.01720
2	0.03048	0.02358	0.08870	0.07358	0.03347	0.01928	0.02006	0.04134	0.10995	0.18704	0.13751	0.05446	0.09570	0.01738	0.01224	0.00374	0.00998	0.01461	0.01114	0.01577
3	0.02845	0.02129	0.07389	0.02119	0.02868	0.01606	0.05604	0.03412	0.02890	0.17612	0.14156	0.10748	0.10830	0.01897	0.01244	0.00359	0.00961	0.01662	0.01078	0.08588
4	0.02669	0.02513	0.08198	0.08187	0.03534	0.02221	0.02159	0.15203	0.03496	0.04810	0.14103	0.05853	0.04692	0.01815	0.01248	0.00373	0.01114	0.08594	0.00978	0.08240
5	0.24946	0.03599	0.16494	0.02433	0.03481	0.02945	0.02427	0.16325	0.08092	0.05352	0.02404	0.02556	0.01760	0.01228	0.00999	0.00363	0.01235	0.00882	0.00830	0.01649
6	0.01579	0.01156	0.01481	0.01463	0.01712	0.01059	0.01073	0.02041	0.03040	0.04213	0.39409	0.17793	0.14331	0.02659	0.01392	0.00387	0.00575	0.02352	0.01225	0.01059
7	0.08990	0.02322	0.03426	0.18207	0.20097	0.02494	0.02670	0.08086	0.02829	0.09452	0.02846	0.08378	0.02411	0.01412	0.01150	0.00372	0.01258	0.01235	0.00780	0.01582
8	0.02930	0.21562	0.24966	0.03289	0.08367	0.03222	0.07820	0.03801	0.02556	0.07978	0.02213	0.02523	0.01673	0.01083	0.01033	0.00331	0.01501	0.00884	0.00599	0.01669
9	0.04830	0.02189	0.02778	0.02175	0.03047	0.02074	0.01782	0.10457	0.09549	0.41458	0.04407	0.03878	0.02865	0.01452	0.01171	0.00363	0.01013	0.01175	0.01376	0.01961
10	0.01661	0.01246	0.01869	0.01869	0.02077	0.01454	0.01454	0.02077	0.01869	0.02700	0.03115	0.04569	0.02908	0.08723	0.54517	0.01869	0.03115	0.01246	0.00623	0.01038
11	0.09282	0.02053	0.02923	0.21470	0.09241	0.02243	0.02298	0.07167	0.02768	0.12616	0.06730	0.03610	0.02676	0.01616	0.01491	0.07251	0.01205	0.01109	0.00827	0.01426
12	0.02779	0.08426	0.06791	0.04630	0.05790	0.03096	0.43387	0.03703	0.02709	0.03633	0.02284	0.03019	0.01739	0.00982	0.01314	0.00379	0.01894	0.01303	0.00580	0.01562
13	0.11402	0.01552	0.01926	0.01785	0.02263	0.01460	0.01350	0.03442	0.02628	0.22794	0.05077	0.29709	0.04972	0.02447	0.01262	0.00414	0.00827	0.02122	0.01175	0.01392
14	0.01735	0.01196	0.01644	0.07493	0.02295	0.01196	0.01243	0.01873	0.02273	0.03023	0.14562	0.16300	0.11469	0.07917	0.02639	0.18610	0.00865	0.01922	0.00869	0.00878
15	0.09828	0.02618	0.03387	0.18255	0.10867	0.02902	0.02526	0.20518	0.03639	0.10427	0.02592	0.02931	0.01868	0.01258	0.01119	0.00362	0.01300	0.01015	0.00892	0.01696
16	0.01539	0.01185	0.01407	0.01351	0.01672	0.01052	0.01013	0.01988	0.03040	0.04066	0.35743	0.09672	0.26862	0.02601	0.01373	0.00376	0.00565	0.02241	0.01202	0.01052
17	0.01935	0.01240	0.01529	0.01557	0.01854	0.01124	0.01160	0.02251	0.02589	0.08732	0.11902	0.22748	0.20124	0.08186	0.01835	0.00495	0.00765	0.07792	0.01103	0.01080
18	0.02708	0.02584	0.03468	0.43841	0.06981	0.08142	0.02996	0.08945	0.02832	0.03520	0.02132	0.02956	0.01600	0.01197	0.01151	0.00373	0.01573	0.01006	0.00609	0.01386
19	0.01417	0.01012	0.01350	0.01619	0.01687	0.00945	0.01080	0.01619	0.02227	0.02969	0.06410	0.58367	0.07692	0.03644	0.01484	0.00472	0.00675	0.03306	0.01080	0.00945
20	0.02384	0.02067	0.02550	0.08756	0.03433	0.01684	0.01617	0.02934	0.02401	0.03684	0.02067	0.02500	0.01700	0.00900	0.00900	0.00200	0.00950	0.00733	0.00667	0.57871
21	0.05018	0.02579	0.02863	0.02255	0.03120	0.08712	0.01834	0.10195	0.03560	0.41267	0.04031	0.03591	0.02602	0.01404	0.01153	0.00351	0.01164	0.01102	0.01301	0.01898
22	0.01646	0.01189	0.01555	0.01463	0.01738	0.01097	0.01097	0.02195	0.03292	0.04664	0.51257	0.08688	0.10974	0.02378	0.01372	0.00366	0.00549	0.02103	0.01280	0.01097
23	0.01923	0.01590	0.02632	0.07887	0.08074	0.01568	0.07513	0.02213	0.02264	0.02999	0.04811	0.24846	0.09492	0.02782	0.01951	0.12438	0.01052	0.02085	0.00804	0.01077
24	0.09182	0.02580	0.03919	0.19936	0.28395	0.02806	0.03073	0.09107	0.02855	0.04159	0.02176	0.02834	0.01720	0.01123	0.01114	0.00359	0.01369	0.00997	0.00649	0.01647
25	0.01417	0.01012	0.01350	0.01619	0.01687	0.00945	0.01080	0.01619	0.02227	0.02969	0.06410	0.58367	0.07692	0.03644	0.01484	0.00472	0.00675	0.03306	0.01080	0.00945
26	0.04303	0.02528	0.02887	0.02271	0.03095	0.02637	0.01857	0.25377	0.08191	0.21792	0.03664	0.03482	0.02522	0.01421	0.01128	0.00348	0.01071	0.01115	0.08445	0.01867
27	0.10523	0.01621	0.02038	0.01777	0.02334	0.01505	0.01385	0.03755	0.02921	0.25825	0.14688	0.17056	0.05525	0.02100	0.01234	0.00387	0.00814	0.01793	0.01244	0.01476
28	0.01575	0.01150	0.01442	0.01435	0.01661	0.01058	0.01028	0.01975	0.02863	0.03930	0.33524	0.17767	0.14936	0.08221	0.01837	0.00463	0.00633	0.02323	0.01162	0.01017
29	0.01417	0.01012	0.01350	0.01619	0.01687	0.00945	0.01080	0.01619	0.02227	0.02969	0.06410	0.58367	0.07692	0.03644	0.01484	0.00472	0.00675	0.03306	0.01080	0.00945
30	0.01488	0.01085	0.01412	0.01613	0.01760	0.01009	0.01149	0.01776	0.02440	0.03232	0.11949	0.42909	0.12520	0.03382	0.01474	0.00459	0.00695	0.07567	0.01101	0.00979
31	0.03411	0.02520	0.02762	0.02329	0.03045	0.02787	0.01852	0.17257	0.28149	0.10187	0.09050	0.04330	0.03827	0.01598	0.01196	0.00376	0.00988	0.01309	0.01213	0.01814
32	0.01996	0.01646	0.02573	0.30147	0.05019	0.01973	0.02241	0.02572	0.02150	0.02969	0.02693	0.04075	0.02336	0.08922	0.16320	0.00857	0.01836	0.01162	0.07370	0.01143
33	0.02824	0.01948	0.02943	0.28006	0.05099	0.02267	0.02372	0.03328	0.02369	0.13844	0.02830	0.03992	0.02301	0.11269	0.02321	0.00524	0.08495	0.01174	0.00752	0.01341
34	0.01483	0.01102	0.01383	0.01482	0.01681	0.01002	0.01047	0.01816	0.02657	0.03554	0.22052	0.32936	0.17352	0.03095	0.01426	0.00422	0.00617	0.02748	0.01145	0.01002
35	0.34925	0.02108	0.02226	0.01811	0.02625	0.02140	0.01494	0.04592	0.02684	0.29983	0.03169	0.02969	0.02105	0.01267	0.00954	0.00360	0.00947	0.00911	0.01095	0.01635
36	0.01720	0.01181	0.01442	0.01480	0.01583	0.01165	0.01011	0.01926	0.02176	0.02932	0.12658	0.08916	0.05930	0.37703	0.04237	0.00872	0.01013	0.10325	0.00881	0.00849
37	0.02985	0.02184	0.02467	0.02171	0.02689	0.02334	0.01670	0.25818	0.03918	0.05245	0.04522	0.29367	0.04710	0.02471	0.01317	0.00408	0.00990	0.02127	0.01123	0.01484
38	0.03995	0.02182	0.02675	0.02042	0.02966	0.01953	0.01661	0.08944	0.07567	0.27608	0.03592	0.03368	0.02471	0.01257	0.01068	0.00300	0.00969	0.01012	0.01140	0.23230
39	0.04598	0.02306	0.02820	0.02235	0.03090	0.02280	0.01823	0.13027	0.13344	0.34972	0.04311	0.03838	0.02864	0.01461	0.01171	0.00365	0.01025	0.01179	0.01339	0.01950
40	0.02333	0.06016	0.53100	0.03315	0.05034	0.02701	0.04297	0.03683	0.02455	0.03683	0.02087	0.02455	0.01473	0.01105	0.01105	0.00368	0.01719	0.00859	0.00491	0.01719
41	0.20981	0.02328	0.02369	0.02071	0.02749	0.02593	0.01640	0.10305	0.21376	0.10096	0.03772	0.08692	0.03049	0.01604	0.01081	0.00383	0.00944	0.01270	0.01070	0.01625
42	0.03230	0.01493	0.01976	0.01785	0.02287	0.01315	0.01359	0.03561	0.02801	0.26758	0.06138	0.27086	0.10268	0.02512	0.01322	0.00410	0.00816	0.02190	0.01252	0.01444
43	0.03657	0.02179	0.02582	0.02205	0.02911	0.02302	0.01753	0.05584	0.27420	0.22845	0.04520	0.04217	0.03232	0.02223	0.06389	0.00525	0.01161	0.01253	0.01226	0.01815
44	0.03476	0.02764	0.03864	0.02964	0.03883	0.02847	0.12826	0.16766	0.16831	0.10170	0.03354	0.03397	0.02441	0.01301	0.01190	0.00356	0.01270	0.01179	0.01014	0.08108
45	0.01417	0.01012	0.01350	0.01619	0.01687	0.00945	0.01080	0.01619	0.02227	0.02969	0.06410	0.58367	0.07692	0.03644	0.01484	0.00472	0.00675	0.03306	0.01080	0.00945
46	0.02879	0.02763	0.04721	0.07139	0.51871	0.02763	0.03569	0.03569	0.02648	0.03800	0.02188	0.02879	0.01842	0.01036	0.01151	0.00345	0.01382	0.01036	0.00576	0.01842
47	0.01417	0.01012	0.01350	0.01619	0.01687	0.00945	0.01080	0.01619	0.02227	0.02969	0.06410	0.58367	0.07692	0.03644	0.01484	0.00472	0.00675	0.03306	0.01080	0.00945
48	0.01405	0.01058	0.01302	0.01498	0.01655	0.00955	0.01026	0.01633	0.02344	0.03017	0.07893	0.45344	0.19758	0.03451	0.01454	0.00450	0.00651	0.03071	0.01080	0.00955
49	0.02547	0.20871	0.40123	0.02949	0.04468	0.03226	0.03660	0.03628	0.02430	0.03422	0.01957	0.02293	0.01479	0.01075	0.01006	0.00335	0.01588	0.00794	0.00493	0.01656
50	0.02724	0.02501	0.04183	0.11961	0.41417	0.02559	0.03228	0.03408	0.02589	0.03766	0.02351	0.03064	0.01935	0.01085	0.01115	0.00342	0.01308	0.01041	0.07724	0.01697
51	0.67341	0.02249	0.01709	0.01529	0.02249	0.02609	0.01260	0.03419	0.01979	0.05218	0.01619	0.01889	0.01260	0.01080	0.00720	0.00360	0.00900	0.00630	0.00720	0.01260
52	0.01646	0.01189	0.01555	0.01463	0.01738	0.01097	0.01097	0.02195	0.03292	0.04664	0.51257	0.08688	0.10974	0.02378	0.01372	0.00366	0.00549	0.02103	0.01280	0.01097
53	0.09662	0.02310	0.02612	0.01958	0.02917	0.02098	0.01594	0.12573	0.03151	0.13365	0.02620	0.02714	0.01935	0.01094	0.00964	0.00260	0.00973	0.00841	0.00922	0.35439
54	0.02879	0.02763	0.04721	0.07139	0.51871	0.02763	0.03569	0.03569	0.02648	0.03800	0.02188	0.02879	0.01842	0.01036	0.01151	0.00345	0.01382	0.01036	0.00576	0.01842
55	0.02592	0.04322	0.27702	0.03382	0.04662	0.02812	0.13168	0.04442	0.16722	0.04047	0.02940	0.03172	0.02161	0.01219	0.01188	0.00381	0.01533	0.01110	0.00720	0.01722
56	0.03713	0.02092	0.02854	0.02353	0.02783	0.02363	0.01908	0.04028	0.02510	0.26580	0.03266	0.03873	0.02521	0.09104	0.02822	0.00517	0.23019	0.01177	0.00979	0.01537
57	0.01511	0.01113	0.01436	0.01660	0.01827	0.01038	0.01222	0.01803	0.02399	0.03112	0.07275	0.40254	0.14961	0.03429	0.01493	0.00473	0.00748	0.12190	0.01078	0.00979
58	0.05218	0.01979	0.02699	0.02069	0.02969	0.01709	0.01709	0.05668	0.03329	0.52677	0.04588	0.03959	0.02879	0.01439	0.01170	0.00360	0.00990	0.01170	0.01439	0.01979
59	0.09456	0.02224	0.02378	0.02025	0.02598	0.02426	0.01546	0.14669	0.16329	0.09773	0.03653	0.04592	0.03066	0.17359	0.02440	0.00579	0.01069	0.01272	0.01028	0.01518
60	0.01545	0.01147	0.01469	0.01678	0.01878	0.01071	0.01275	0.01868	0.02456	0.03161	0.07525	0.34329	0.17080	0.03360	0.01497	0.00474	0.00775	0.15345	0.01077	0.00991
61	0.03084	0.02563	0.02540	0.02137	0.02711	0.08956	0.01683	0.20510	0.04148	0.05478	0.25840	0.05522	0.06218	0.01840	0.01248	0.00351	0.01036	0.01514	0.01147	0.01476
62	0.03401	0.01517	0.02054	0.01854	0.02356	0.01344	0.01408	0.03732	0.02802	0.28907	0.05460	0.29976	0.05181	0.02494	0.01320	0.00414	0.00839	0.02191	0.01267	0.01485
63	0.01625	0.01116	0.01374	0.01493	0.01652	0.01060	0.01055	0.01919	0.02383	0.03284	0.11905	0.27319	0.11129	0.13009	0.02190	0.00553	0.00761	0.07081	0.08137	0.00955
64	0.02088	0.02742	0.13439	0.02911	0.03753	0.01971	0.14764	0.02853	0.02645	0.03508	0.05628	0.07748	0.14956	0.02107	0.01385	0.00428	0.01332	0.13601	0.00823	0.01318
65	0.02786	0.01860	0.02083	0.01837	0.02242	0.01975	0.01321	0.08570	0.15922	0.10047	0.03990	0.05684	0.03615	0.29059	0.03444	0.00736	0.01068	0.01447	0.00985	0.01331
66	0.02412	0.02067	0.02412	0.01723	0.02756	0.01550	0.01378	0.02929	0.02412	0.03790	0.02067	0.02412	0.01723	0.00861	0.00861	0.00172	0.00861	0.00689	0.00689	0.66236
67	0.01599	0.01139	0.01407	0.01489	0.01723	0.01053	0.01104	0.01992	0.02700	0.03702	0.20746	0.24131	0.16647	0.02856	0.01376	0.00412	0.00648	0.06820	0.07430	0.01025
68	0.03391	0.05514	0.27133	0.03113	0.04285	0.24034	0.03223	0.09022	0.03136	0.03747	0.02047	0.02346	0.01540	0.01176	0.01088	0.00338	0.01825	0.00835	0.00610	0.01596
69	0.01455	0.01086	0.01363	0.01569	0.01735	0.00995	0.01116	0.01714	0.02375	0.03064	0.07667	0.42366	0.18028	0.03432	0.01471	0.00460	0.00696	0.07364	0.01079	0.00967
