[name]
unknown

[dist]
# distance from previous block
# <min> <max>
2	63

[block]
# block no. 0 follows, 13 sequences, length 44
# corresponding to MSA columns:
# 63-106
name=unknown_A
#
# <colnr> <probs for GDERKNQSTAVLIFYWHMCP>
#	G	D	E	R	K	N	Q	S	T	A	V	L	I	F	Y	W	H	M	C	P
0	0.34019	0.02222	0.02401	0.01993	0.02698	0.02457	0.05775	0.07845	0.16841	0.09931	0.02670	0.02686	0.01962	0.01155	0.00894	0.00338	0.00940	0.00882	0.00858	0.01432
1	0.02761	0.25859	0.03400	0.01724	0.02434	0.02653	0.01498	0.07374	0.06227	0.09890	0.06788	0.03761	0.07134	0.06004	0.01245	0.00328	0.00947	0.01019	0.00779	0.08174
2	0.03302	0.02347	0.02970	0.06385	0.03354	0.02429	0.06076	0.22871	0.08611	0.12834	0.02865	0.03183	0.02152	0.05913	0.01375	0.00363	0.01103	0.01023	0.00927	0.09919
3	0.03503	0.02433	0.07246	0.07038	0.03314	0.02166	0.01921	0.18916	0.03336	0.21865	0.03461	0.03382	0.05790	0.01282	0.01035	0.00308	0.01041	0.01024	0.00980	0.09959
4	0.03904	0.06297	0.02645	0.01864	0.02638	0.01955	0.01531	0.12069	0.03048	0.33737	0.03363	0.03404	0.02371	0.06462	0.01369	0.00357	0.00955	0.00997	0.01067	0.09967
5	0.02532	0.01826	0.02292	0.07758	0.02857	0.05579	0.01651	0.02943	0.02160	0.13219	0.02637	0.03284	0.02146	0.03815	0.23706	0.00846	0.06825	0.00969	0.00700	0.12255
6	0.02163	0.08828	0.29836	0.02829	0.07247	0.02347	0.06319	0.03217	0.06744	0.03387	0.08812	0.03460	0.02798	0.05911	0.01369	0.00381	0.01287	0.01040	0.00615	0.01412
7	0.25677	0.01921	0.02489	0.29468	0.04654	0.02209	0.02072	0.03295	0.02177	0.13477	0.02167	0.02590	0.01544	0.01078	0.00922	0.00339	0.01114	0.00838	0.00688	0.01281
8	0.02425	0.01922	0.02824	0.27084	0.09830	0.02114	0.02219	0.06631	0.02345	0.07707	0.02314	0.03313	0.01927	0.09706	0.01748	0.00419	0.04216	0.00996	0.00635	0.09625
9	0.10358	0.03131	0.03116	0.07469	0.03604	0.20519	0.08083	0.07904	0.06423	0.15429	0.02517	0.02646	0.01814	0.01138	0.01009	0.00317	0.01386	0.00903	0.00794	0.01440
10	0.08525	0.09695	0.03211	0.03256	0.18708	0.02495	0.02048	0.07022	0.13184	0.09228	0.05881	0.06838	0.02814	0.01318	0.01007	0.00323	0.00993	0.01114	0.00818	0.01522
11	0.08333	0.07970	0.03127	0.02270	0.03008	0.08546	0.01882	0.28237	0.03727	0.14195	0.02481	0.02516	0.01784	0.01253	0.01174	0.00319	0.05754	0.00884	0.00926	0.01611
12	0.02177	0.17714	0.02811	0.01576	0.02300	0.02005	0.01315	0.02561	0.02151	0.03089	0.02601	0.13259	0.02587	0.01311	0.00858	0.00231	0.00824	0.01073	0.04932	0.34625
13	0.02965	0.56295	0.05228	0.01922	0.02782	0.10872	0.01838	0.03296	0.02253	0.02500	0.01490	0.01722	0.01357	0.00927	0.00712	0.00232	0.01226	0.00580	0.00464	0.01341
14	0.02827	0.63478	0.05540	0.01809	0.02714	0.04184	0.01809	0.03166	0.02148	0.02488	0.01470	0.01696	0.01357	0.00905	0.00678	0.00226	0.01131	0.00565	0.00452	0.01357
15	0.01475	0.01080	0.01384	0.01308	0.01567	0.00989	0.00981	0.01954	0.02943	0.04122	0.51849	0.08092	0.13889	0.02206	0.01247	0.00335	0.00502	0.01939	0.01148	0.00989
16	0.01544	0.01071	0.01370	0.01296	0.01545	0.00996	0.00972	0.02042	0.02915	0.04210	0.50443	0.07501	0.09247	0.02068	0.01196	0.00324	0.00498	0.01819	0.07946	0.00996
17	0.01321	0.01061	0.01179	0.01178	0.01479	0.00919	0.00873	0.01646	0.02538	0.03226	0.22742	0.14076	0.38865	0.02590	0.01258	0.00357	0.00532	0.02211	0.01032	0.00919
18	0.01496	0.01081	0.01413	0.01330	0.01580	0.00998	0.00998	0.01995	0.02993	0.04240	0.55689	0.07898	0.09976	0.02162	0.01247	0.00333	0.00499	0.01912	0.01164	0.00998
19	0.12186	0.02415	0.02632	0.02060	0.02829	0.02573	0.01695	0.31236	0.03899	0.18412	0.02873	0.02802	0.01986	0.01241	0.00985	0.00315	0.01006	0.00935	0.06264	0.01656
20	0.04275	0.01846	0.02368	0.01863	0.02614	0.01710	0.01523	0.08126	0.07420	0.44564	0.04011	0.03587	0.02622	0.01310	0.01036	0.00322	0.00876	0.01060	0.07149	0.01718
21	0.01637	0.00953	0.01104	0.01224	0.01380	0.00923	0.00858	0.01978	0.02123	0.03333	0.04614	0.32452	0.04808	0.02251	0.01038	0.00336	0.00552	0.01975	0.35538	0.00923
22	0.01997	0.01879	0.03171	0.60301	0.07282	0.02349	0.02936	0.02701	0.02114	0.02701	0.01879	0.02819	0.01409	0.01057	0.01057	0.00352	0.01409	0.00940	0.00470	0.01175
23	0.02630	0.02271	0.02391	0.02152	0.02749	0.02630	0.01674	0.05618	0.54336	0.04423	0.04303	0.03945	0.03228	0.01434	0.01076	0.00359	0.00837	0.01195	0.01076	0.01674
24	0.02882	0.01858	0.02263	0.01651	0.02558	0.01449	0.01334	0.03336	0.02418	0.17918	0.02499	0.02573	0.01850	0.00925	0.00859	0.00203	0.00815	0.00745	0.00811	0.51055
25	0.01610	0.01227	0.01409	0.01443	0.01709	0.01169	0.01042	0.07788	0.02529	0.03244	0.07222	0.35677	0.24341	0.02827	0.01277	0.00389	0.00652	0.02468	0.00991	0.00987
26	0.02533	0.02082	0.02184	0.01980	0.02526	0.02387	0.01536	0.05153	0.46653	0.04352	0.04177	0.03944	0.03151	0.01405	0.01026	0.00342	0.00786	0.01164	0.11047	0.01572
27	0.02301	0.02190	0.03721	0.33880	0.31323	0.02429	0.03088	0.02968	0.02258	0.03071	0.01933	0.02720	0.01540	0.01001	0.01052	0.00334	0.01334	0.00941	0.00496	0.01420
28	0.04671	0.01916	0.02526	0.01937	0.02757	0.01727	0.01600	0.09929	0.03222	0.51927	0.04007	0.03492	0.02535	0.01305	0.01063	0.00326	0.00926	0.01052	0.01283	0.01799
29	0.02466	0.02473	0.03605	0.23826	0.31439	0.07998	0.02883	0.03064	0.02369	0.03081	0.02408	0.03039	0.04608	0.01093	0.01052	0.00325	0.01332	0.00988	0.00533	0.01418
30	0.02216	0.02103	0.03568	0.41266	0.24602	0.02407	0.03045	0.02894	0.02218	0.02968	0.01918	0.02747	0.01503	0.01016	0.01053	0.00339	0.01355	0.00940	0.00489	0.01351
31	0.70310	0.02045	0.01554	0.01390	0.02045	0.02372	0.01145	0.03108	0.01799	0.04744	0.01472	0.01718	0.01145	0.00981	0.00654	0.00327	0.00818	0.00573	0.00654	0.01145
32	0.70310	0.02045	0.01554	0.01390	0.02045	0.02372	0.01145	0.03108	0.01799	0.04744	0.01472	0.01718	0.01145	0.00981	0.00654	0.00327	0.00818	0.00573	0.00654	0.01145
33	0.01372	0.00956	0.01202	0.01365	0.01405	0.00915	0.00867	0.01494	0.01860	0.02480	0.04986	0.43531	0.05931	0.23381	0.02709	0.00630	0.00752	0.02511	0.00867	0.00785
34	0.03058	0.02308	0.03800	0.09029	0.40849	0.02284	0.02841	0.03641	0.02528	0.15535	0.02476	0.02853	0.01871	0.01033	0.01051	0.00320	0.01186	0.00969	0.00698	0.01670
35	0.03046	0.49830	0.05014	0.02215	0.06437	0.08627	0.01910	0.03404	0.02302	0.06421	0.01711	0.01912	0.01468	0.00952	0.00755	0.00243	0.01191	0.00637	0.00526	0.01399
36	0.03011	0.02273	0.02467	0.02143	0.02789	0.02554	0.01688	0.09668	0.43725	0.11078	0.04133	0.03780	0.03028	0.01405	0.01073	0.00351	0.00873	0.01158	0.01103	0.01700
37	0.02385	0.17962	0.03041	0.01740	0.02544	0.02340	0.01464	0.03305	0.12583	0.03341	0.02520	0.06417	0.02206	0.01114	0.00852	0.00233	0.00873	0.00883	0.00694	0.33503
38	0.04095	0.01699	0.02283	0.01779	0.02521	0.01462	0.01452	0.04521	0.02966	0.45629	0.11613	0.04139	0.03632	0.01399	0.01072	0.00317	0.00833	0.01159	0.01242	0.06189
39	0.02631	0.41107	0.04283	0.01803	0.02490	0.03289	0.01674	0.02982	0.02285	0.06385	0.09637	0.03218	0.05704	0.01300	0.01095	0.00279	0.06997	0.00914	0.00638	0.01291
40	0.02973	0.56039	0.05249	0.01886	0.02783	0.04072	0.01834	0.09257	0.02495	0.03001	0.01601	0.01800	0.01411	0.00949	0.00725	0.00237	0.01135	0.00613	0.00527	0.01411
41	0.01324	0.00946	0.01268	0.01514	0.01591	0.00890	0.01044	0.01535	0.02060	0.02740	0.05808	0.57773	0.06914	0.03278	0.01359	0.00434	0.00645	0.07027	0.00981	0.00869
42	0.01402	0.01046	0.01309	0.01352	0.01575	0.00953	0.00998	0.01768	0.02576	0.03464	0.29522	0.22817	0.18942	0.02625	0.01289	0.00373	0.00568	0.05420	0.01064	0.00937
43	0.04138	0.01846	0.02404	0.01950	0.02680	0.01721	0.01613	0.07997	0.07556	0.42431	0.04249	0.04582	0.03042	0.01515	0.01113	0.00349	0.00921	0.06976	0.01230	0.01687

[dist]
# distance from previous block
# <min> <max>
0	15

[block]
# block no. 1 follows, 13 sequences, length 152
# corresponding to MSA columns:
# 122-170,183-285
name=unknown_B
#
# <colnr> <probs for GDERKNQSTAVLIFYWHMCP>
#	G	D	E	R	K	N	Q	S	T	A	V	L	I	F	Y	W	H	M	C	P
0	0.03329	0.03652	0.15480	0.03391	0.11926	0.14857	0.08795	0.07398	0.02820	0.14548	0.02400	0.02601	0.01727	0.01081	0.01046	0.00318	0.01453	0.00912	0.00713	0.01554
1	0.03253	0.26283	0.14455	0.02039	0.02997	0.02708	0.02079	0.03803	0.02528	0.21562	0.06345	0.02900	0.02401	0.01153	0.00916	0.00290	0.01092	0.00876	0.00797	0.01525
2	0.01396	0.01067	0.01281	0.01247	0.01523	0.00952	0.00928	0.01794	0.02727	0.03655	0.36689	0.12054	0.26019	0.02415	0.01254	0.00347	0.00519	0.02093	0.01088	0.00952
3	0.61851	0.02426	0.01738	0.01560	0.02201	0.09539	0.01260	0.03250	0.01952	0.04469	0.01493	0.01742	0.01173	0.00995	0.00692	0.00320	0.00957	0.00586	0.00640	0.01155
4	0.02827	0.63478	0.05540	0.01809	0.02714	0.04184	0.01809	0.03166	0.02148	0.02488	0.01470	0.01696	0.01357	0.00905	0.00678	0.00226	0.01131	0.00565	0.00452	0.01357
5	0.01374	0.01076	0.01243	0.01201	0.01504	0.00945	0.00901	0.01757	0.02703	0.03551	0.33296	0.09032	0.32798	0.02419	0.01248	0.00345	0.00517	0.02071	0.01073	0.00945
6	0.01590	0.01062	0.01329	0.01262	0.01511	0.00995	0.00947	0.02087	0.02840	0.04181	0.45416	0.07120	0.08547	0.01979	0.01147	0.00316	0.00498	0.01730	0.14447	0.00995
7	0.01376	0.01035	0.01217	0.01245	0.01451	0.00937	0.00872	0.01651	0.02361	0.03101	0.21700	0.19968	0.23819	0.12203	0.01925	0.00471	0.00619	0.02191	0.00981	0.00876
8	0.70310	0.02045	0.01554	0.01390	0.02045	0.02372	0.01145	0.03108	0.01799	0.04744	0.01472	0.01718	0.01145	0.00981	0.00654	0.00327	0.00818	0.00573	0.00654	0.01145
9	0.04019	0.02962	0.03173	0.02433	0.03279	0.03279	0.02010	0.52721	0.04971	0.06663	0.02538	0.02538	0.01798	0.01269	0.01058	0.00317	0.01163	0.00952	0.01058	0.01798
10	0.01496	0.01081	0.01413	0.01330	0.01580	0.00998	0.00998	0.01995	0.02993	0.04240	0.55689	0.07898	0.09976	0.02162	0.01247	0.00333	0.00499	0.01912	0.01164	0.00998
11	0.01421	0.01005	0.01333	0.01547	0.01644	0.00967	0.01113	0.01655	0.02062	0.02729	0.05454	0.42940	0.06372	0.10806	0.01890	0.00519	0.00753	0.13995	0.00936	0.00859
12	0.61627	0.02024	0.01635	0.01413	0.02103	0.02249	0.01159	0.03051	0.01849	0.04578	0.01524	0.01778	0.01199	0.00956	0.00671	0.00305	0.00813	0.00579	0.00651	0.09834
13	0.03067	0.11969	0.02990	0.01914	0.02710	0.06296	0.01600	0.06881	0.02558	0.14035	0.02258	0.02408	0.01729	0.01053	0.01079	0.00247	0.06002	0.00756	0.00745	0.29703
14	0.04019	0.02962	0.03173	0.02433	0.03279	0.03279	0.02010	0.52721	0.04971	0.06663	0.02538	0.02538	0.01798	0.01269	0.01058	0.00317	0.01163	0.00952	0.01058	0.01798
15	0.04019	0.02962	0.03173	0.02433	0.03279	0.03279	0.02010	0.52721	0.04971	0.06663	0.02538	0.02538	0.01798	0.01269	0.01058	0.00317	0.01163	0.00952	0.01058	0.01798
16	0.02511	0.02809	0.05991	0.04716	0.11992	0.02653	0.46139	0.03369	0.02484	0.03395	0.02120	0.02822	0.01613	0.00898	0.01222	0.00351	0.01715	0.01209	0.00533	0.01458
17	0.01997	0.01879	0.03171	0.60301	0.07282	0.02349	0.02936	0.02701	0.02114	0.02701	0.01879	0.02819	0.01409	0.01057	0.01057	0.00352	0.01409	0.00940	0.00470	0.01175
18	0.04744	0.01799	0.02454	0.01881	0.02699	0.01554	0.01554	0.05153	0.03026	0.56979	0.04171	0.03599	0.02617	0.01309	0.01063	0.00327	0.00900	0.01063	0.01309	0.01799
19	0.03734	0.04723	0.02843	0.02592	0.03122	0.53996	0.01944	0.04006	0.02950	0.02609	0.02358	0.02566	0.05704	0.01216	0.00977	0.00279	0.01797	0.00805	0.00580	0.01199
20	0.02151	0.05260	0.53287	0.03129	0.04652	0.02473	0.07774	0.03351	0.02253	0.03351	0.01917	0.02282	0.01360	0.00995	0.01024	0.00337	0.01580	0.00818	0.00453	0.01552
21	0.01812	0.00999	0.01096	0.01100	0.01331	0.00977	0.00814	0.02278	0.02361	0.03892	0.14487	0.09968	0.04599	0.01611	0.00899	0.00281	0.00505	0.01358	0.48657	0.00977
22	0.01997	0.01879	0.03171	0.60301	0.07282	0.02349	0.02936	0.02701	0.02114	0.02701	0.01879	0.02819	0.01409	0.01057	0.01057	0.00352	0.01409	0.00940	0.00470	0.01175
23	0.01466	0.01237	0.01296	0.01287	0.01665	0.01143	0.00995	0.02100	0.09032	0.03084	0.09437	0.09538	0.44666	0.02541	0.01246	0.00369	0.00613	0.06294	0.00993	0.00999
24	0.20085	0.01857	0.02243	0.01766	0.02546	0.01745	0.01458	0.04674	0.02739	0.44756	0.03540	0.03159	0.02273	0.01232	0.00968	0.00327	0.00881	0.00948	0.01156	0.01646
25	0.07571	0.01553	0.01853	0.01864	0.02229	0.01630	0.01555	0.11591	0.02788	0.03937	0.04576	0.15200	0.04769	0.02389	0.01256	0.00418	0.00916	0.26990	0.05787	0.01127
26	0.01483	0.01002	0.01169	0.01222	0.01236	0.00989	0.00715	0.01523	0.01643	0.02191	0.03873	0.18900	0.04527	0.49929	0.04507	0.00896	0.00936	0.01856	0.00715	0.00688
27	0.01357	0.00949	0.01207	0.01384	0.01429	0.00905	0.00888	0.01490	0.01890	0.02520	0.05140	0.46938	0.06126	0.19710	0.02460	0.00593	0.00727	0.02601	0.00888	0.00799
28	0.04744	0.01799	0.02454	0.01881	0.02699	0.01554	0.01554	0.05153	0.03026	0.56979	0.04171	0.03599	0.02617	0.01309	0.01063	0.00327	0.00900	0.01063	0.01309	0.01799
29	0.70310	0.02045	0.01554	0.01390	0.02045	0.02372	0.01145	0.03108	0.01799	0.04744	0.01472	0.01718	0.01145	0.00981	0.00654	0.00327	0.00818	0.00573	0.00654	0.01145
30	0.01441	0.01041	0.01126	0.01126	0.01246	0.00980	0.00695	0.01531	0.01832	0.02322	0.05818	0.08016	0.21355	0.42571	0.03989	0.00800	0.00860	0.01771	0.00756	0.00726
31	0.02192	0.01879	0.02192	0.01566	0.02506	0.01409	0.01253	0.02662	0.02192	0.03445	0.01879	0.02192	0.01566	0.00783	0.00783	0.00157	0.00783	0.00626	0.00626	0.69305
32	0.02333	0.11977	0.18510	0.03039	0.10936	0.02564	0.06148	0.03201	0.05868	0.03326	0.06223	0.02821	0.02253	0.01141	0.01197	0.00308	0.06546	0.00917	0.00589	0.10101
33	0.02914	0.03302	0.14522	0.02746	0.07462	0.07113	0.02351	0.16781	0.19062	0.04537	0.06097	0.03190	0.02597	0.01278	0.01054	0.00331	0.01174	0.01027	0.00856	0.01605
34	0.01496	0.01081	0.01413	0.01330	0.01580	0.00998	0.00998	0.01995	0.02993	0.04240	0.55689	0.07898	0.09976	0.02162	0.01247	0.00333	0.00499	0.01912	0.01164	0.00998
35	0.02396	0.01873	0.02213	0.01591	0.02521	0.01421	0.01277	0.02861	0.02259	0.07714	0.02062	0.02305	0.01650	0.00825	0.00805	0.00170	0.00792	0.00661	0.00681	0.63923
36	0.01910	0.01172	0.01546	0.01400	0.01722	0.01069	0.01069	0.02398	0.02997	0.10963	0.49121	0.07350	0.09038	0.02053	0.01224	0.00332	0.00550	0.01804	0.01182	0.01100
37	0.02059	0.01955	0.03010	0.30210	0.04822	0.02568	0.02485	0.02536	0.01867	0.02608	0.01808	0.02790	0.01558	0.02245	0.09348	0.00567	0.24987	0.00959	0.00479	0.01138
38	0.02630	0.02271	0.02391	0.02152	0.02749	0.02630	0.01674	0.05618	0.54336	0.04423	0.04303	0.03945	0.03228	0.01434	0.01076	0.00359	0.00837	0.01195	0.01076	0.01674
39	0.01639	0.01236	0.01536	0.01460	0.01742	0.01217	0.01092	0.02464	0.10208	0.04128	0.43921	0.12188	0.08750	0.02161	0.01232	0.00345	0.00557	0.01908	0.01135	0.01081
40	0.03950	0.05039	0.02996	0.02724	0.03269	0.58597	0.02043	0.04222	0.02996	0.02588	0.01634	0.01907	0.01362	0.01090	0.00953	0.00272	0.01907	0.00681	0.00545	0.01226
41	0.01997	0.01879	0.03171	0.60301	0.07282	0.02349	0.02936	0.02701	0.02114	0.02701	0.01879	0.02819	0.01409	0.01057	0.01057	0.00352	0.01409	0.00940	0.00470	0.01175
42	0.02496	0.02852	0.06239	0.04456	0.05526	0.02674	0.52406	0.03387	0.02496	0.03387	0.02139	0.02852	0.01604	0.00891	0.01248	0.00357	0.01783	0.01248	0.00535	0.01426
43	0.01971	0.00985	0.00985	0.00985	0.01232	0.00985	0.00739	0.02464	0.02217	0.03942	0.03449	0.03942	0.02710	0.01232	0.00739	0.00246	0.00493	0.00985	0.68712	0.00985
44	0.04112	0.02813	0.03081	0.02362	0.03205	0.03059	0.01952	0.46657	0.04723	0.13078	0.02747	0.02674	0.01903	0.01274	0.01058	0.00319	0.01130	0.00966	0.01090	0.01798
45	0.04112	0.02813	0.03081	0.02362	0.03205	0.03059	0.01952	0.46657	0.04723	0.13078	0.02747	0.02674	0.01903	0.01274	0.01058	0.00319	0.01130	0.00966	0.01090	0.01798
46	0.70310	0.02045	0.01554	0.01390	0.02045	0.02372	0.01145	0.03108	0.01799	0.04744	0.01472	0.01718	0.01145	0.00981	0.00654	0.00327	0.00818	0.00573	0.00654	0.01145
47	0.01285	0.00931	0.01216	0.01444	0.01526	0.00861	0.00969	0.01475	0.02052	0.02710	0.06173	0.58475	0.10447	0.03268	0.01342	0.00424	0.00608	0.02951	0.00982	0.00861
48	0.02496	0.02852	0.06239	0.04456	0.05526	0.02674	0.52406	0.03387	0.02496	0.03387	0.02139	0.02852	0.01604	0.00891	0.01248	0.00357	0.01783	0.01248	0.00535	0.01426
49	0.04744	0.01799	0.02454	0.01881	0.02699	0.01554	0.01554	0.05153	0.03026	0.56979	0.04171	0.03599	0.02617	0.01309	0.01063	0.00327	0.00900	0.01063	0.01309	0.01799
50	0.01502	0.01059	0.01103	0.01124	0.01439	0.00949	0.00865	0.01855	0.02356	0.03202	0.08124	0.08504	0.35795	0.02275	0.01119	0.00336	0.00562	0.06060	0.20845	0.00927
51	0.04744	0.01799	0.02454	0.01881	0.02699	0.01554	0.01554	0.05153	0.03026	0.56979	0.04171	0.03599	0.02617	0.01309	0.01063	0.00327	0.00900	0.01063	0.01309	0.01799
52	0.03308	0.32405	0.08034	0.02211	0.03096	0.10707	0.02049	0.19372	0.03177	0.03913	0.01867	0.02033	0.01499	0.01053	0.00859	0.00269	0.01270	0.00720	0.00660	0.01497
53	0.01461	0.01079	0.01365	0.01293	0.01558	0.00983	0.00970	0.01927	0.02910	0.04043	0.49292	0.08222	0.16496	0.02235	0.01247	0.00336	0.00504	0.01958	0.01138	0.00983
54	0.04744	0.01799	0.02454	0.01881	0.02699	0.01554	0.01554	0.05153	0.03026	0.56979	0.04171	0.03599	0.02617	0.01309	0.01063	0.00327	0.00900	0.01063	0.01309	0.01799
55	0.04687	0.01891	0.02510	0.01925	0.02745	0.01690	0.01590	0.08901	0.03179	0.53014	0.04043	0.03515	0.02553	0.01306	0.01063	0.00326	0.00920	0.01054	0.01289	0.01799
56	0.13710	0.09881	0.02833	0.01890	0.02700	0.02279	0.01601	0.12153	0.03048	0.34623	0.03184	0.02920	0.02117	0.01204	0.00955	0.00313	0.00959	0.00912	0.01067	0.01650
57	0.01250	0.01071	0.01071	0.01071	0.01428	0.00893	0.00803	0.01517	0.02410	0.02856	0.10711	0.10175	0.55817	0.02678	0.01250	0.00357	0.00536	0.02231	0.00982	0.00893
58	0.02446	0.02375	0.04156	0.20286	0.39501	0.02483	0.07085	0.03115	0.02338	0.03254	0.01972	0.02688	0.01600	0.00968	0.01065	0.00327	0.01338	0.00966	0.00510	0.01525
59	0.04683	0.01897	0.02514	0.01927	0.02748	0.01698	0.01592	0.09135	0.03189	0.52767	0.04035	0.03510	0.02549	0.01305	0.01063	0.00326	0.00922	0.01054	0.01288	0.01799
60	0.70310	0.02045	0.01554	0.01390	0.02045	0.02372	0.01145	0.03108	0.01799	0.04744	0.01472	0.01718	0.01145	0.00981	0.00654	0.00327	0.00818	0.00573	0.00654	0.01145
61	0.01523	0.01084	0.01451	0.01451	0.01555	0.01187	0.01013	0.01729	0.01626	0.02271	0.03059	0.05409	0.03188	0.32851	0.34475	0.01393	0.02012	0.01317	0.00600	0.00806
62	0.01510	0.01133	0.01699	0.01699	0.01888	0.01322	0.01322	0.01888	0.01699	0.02454	0.02832	0.04154	0.02643	0.07930	0.58652	0.01699	0.02832	0.01133	0.00566	0.00944
63	0.02885	0.16052	0.11946	0.02274	0.03143	0.03073	0.02128	0.14680	0.24458	0.04311	0.02942	0.02894	0.02225	0.01218	0.00975	0.00318	0.01084	0.00943	0.00838	0.01614
64	0.01462	0.01100	0.01365	0.01358	0.01636	0.01004	0.01058	0.01895	0.02742	0.03684	0.35197	0.09176	0.22020	0.02426	0.01282	0.00364	0.00585	0.09599	0.01083	0.00965
65	0.64446	0.02023	0.01634	0.01434	0.02103	0.02299	0.01182	0.03291	0.01909	0.09415	0.01714	0.01886	0.01277	0.01011	0.00691	0.00327	0.00825	0.00616	0.00713	0.01204
66	0.01263	0.01020	0.01124	0.01206	0.01464	0.00881	0.00863	0.01502	0.02280	0.02803	0.09066	0.27688	0.39367	0.02892	0.01283	0.00381	0.00562	0.02492	0.00982	0.00881
67	0.14069	0.01834	0.02326	0.01811	0.02606	0.01670	0.01496	0.04862	0.02852	0.49550	0.03787	0.03331	0.02408	0.01262	0.01005	0.00327	0.00888	0.00993	0.01216	0.01706
68	0.51081	0.01973	0.01818	0.01534	0.02237	0.02132	0.01265	0.03708	0.02159	0.20063	0.02264	0.02269	0.01577	0.01077	0.00774	0.00327	0.00842	0.00716	0.00846	0.01337
69	0.70310	0.02045	0.01554	0.01390	0.02045	0.02372	0.01145	0.03108	0.01799	0.04744	0.01472	0.01718	0.01145	0.00981	0.00654	0.00327	0.00818	0.00573	0.00654	0.01145
70	0.01496	0.01081	0.01413	0.01330	0.01580	0.00998	0.00998	0.01995	0.02993	0.04240	0.55689	0.07898	0.09976	0.02162	0.01247	0.00333	0.00499	0.01912	0.01164	0.00998
71	0.02121	0.05469	0.57364	0.03014	0.04576	0.02455	0.03906	0.03348	0.02232	0.03348	0.01897	0.02232	0.01339	0.01005	0.01005	0.00335	0.01563	0.00781	0.00446	0.01563
72	0.02698	0.02323	0.02521	0.02227	0.02788	0.02729	0.01754	0.08602	0.46207	0.04410	0.03921	0.03702	0.02964	0.01460	0.01289	0.00365	0.06232	0.01154	0.01020	0.01636
73	0.01651	0.01179	0.01643	0.01887	0.02107	0.01171	0.01612	0.02099	0.02382	0.03105	0.05627	0.18329	0.06201	0.02971	0.01446	0.00479	0.00928	0.43250	0.00975	0.00959
74	0.03225	0.02567	0.02726	0.02272	0.02976	0.02908	0.01817	0.25790	0.33196	0.05382	0.03548	0.03343	0.02615	0.01364	0.01068	0.00341	0.00977	0.01091	0.01068	0.01727
75	0.03380	0.02525	0.02898	0.09962	0.07683	0.06521	0.02042	0.21382	0.11128	0.12842	0.03069	0.06650	0.02374	0.01363	0.01071	0.00333	0.01131	0.01113	0.00941	0.01591
76	0.03712	0.17381	0.03534	0.02531	0.03151	0.47106	0.01994	0.03999	0.02817	0.02567	0.01600	0.01862	0.01361	0.01050	0.00895	0.00263	0.01743	0.00657	0.00525	0.01253
77	0.02374	0.01874	0.02211	0.01588	0.02519	0.01420	0.01274	0.02840	0.02252	0.07256	0.02042	0.02293	0.01641	0.00820	0.00803	0.00169	0.00791	0.00658	0.00675	0.64500
78	0.01651	0.01179	0.01643	0.01887	0.02107	0.01171	0.01612	0.02099	0.02382	0.03105	0.05627	0.18329	0.06201	0.02971	0.01446	0.00479	0.00928	0.43250	0.00975	0.00959
79	0.03523	0.10250	0.03546	0.08229	0.18881	0.07461	0.02274	0.07438	0.02792	0.21345	0.02652	0.02776	0.01908	0.01106	0.00999	0.00307	0.01185	0.00912	0.00813	0.01603
80	0.01837	0.00918	0.01377	0.01377	0.01377	0.00918	0.00918	0.01377	0.01377	0.01837	0.01837	0.03214	0.01837	0.03673	0.04132	0.69238	0.00918	0.00918	0.00459	0.00459
81	0.02331	0.18460	0.38942	0.02921	0.04269	0.02880	0.09607	0.03311	0.02247	0.03156	0.01830	0.02188	0.01377	0.00967	0.00961	0.00313	0.01491	0.00791	0.00459	0.01498
82	0.70310	0.02045	0.01554	0.01390	0.02045	0.02372	0.01145	0.03108	0.01799	0.04744	0.01472	0.01718	0.01145	0.00981	0.00654	0.00327	0.00818	0.00573	0.00654	0.01145
83	0.45563	0.02452	0.06569	0.01761	0.02522	0.02461	0.01562	0.09819	0.07023	0.08456	0.02084	0.02195	0.01533	0.01083	0.00801	0.00329	0.00932	0.00728	0.00771	0.01356
84	0.01568	0.09032	0.01757	0.01285	0.01632	0.01373	0.01005	0.01860	0.02347	0.02945	0.15669	0.08349	0.29755	0.11378	0.01809	0.00445	0.00710	0.05250	0.00894	0.00938
85	0.04016	0.04768	0.02951	0.02653	0.03221	0.53822	0.02002	0.04300	0.02999	0.07141	0.01847	0.02048	0.01467	0.01108	0.00963	0.00277	0.01822	0.00713	0.00609	0.01274
86	0.02186	0.02180	0.06811	0.01687	0.02679	0.01497	0.01475	0.02720	0.02196	0.03437	0.01881	0.02196	0.01547	0.00802	0.00802	0.00172	0.00848	0.00639	0.00611	0.63635
87	0.02258	0.02244	0.03334	0.46951	0.14708	0.07083	0.02910	0.02915	0.02235	0.02811	0.01876	0.02710	0.01448	0.01042	0.01047	0.00340	0.01427	0.00918	0.00485	0.01258
88	0.01667	0.01134	0.01377	0.01284	0.01615	0.01005	0.00974	0.02078	0.02793	0.07915	0.36027	0.08349	0.25299	0.02273	0.01233	0.00341	0.00543	0.01956	0.01112	0.01024
89	0.08130	0.02301	0.06502	0.02612	0.06984	0.01978	0.08308	0.07490	0.02909	0.36651	0.03347	0.03167	0.02200	0.01188	0.01056	0.00330	0.01090	0.01023	0.01044	0.01688
90	0.02938	0.12615	0.25822	0.02578	0.03687	0.06480	0.02737	0.18060	0.07731	0.04247	0.02224	0.02379	0.01647	0.01112	0.00977	0.00313	0.01341	0.00832	0.00689	0.01591
91	0.02848	0.02254	0.02329	0.01952	0.02403	0.06720	0.01518	0.23031	0.03351	0.04529	0.10570	0.04213	0.03418	0.12887	0.02055	0.00453	0.06038	0.01184	0.06956	0.01291
92	0.02730	0.02498	0.03899	0.02855	0.03796	0.02369	0.20161	0.13897	0.07008	0.04191	0.02307	0.02646	0.01761	0.00978	0.01035	0.00280	0.01234	0.00968	0.00721	0.24666
93	0.15278	0.23684	0.08927	0.02637	0.07401	0.07391	0.09769	0.03247	0.02237	0.03309	0.01803	0.02172	0.01474	0.00966	0.00847	0.00287	0.01239	0.00760	0.05237	0.01336
94	0.04744	0.01799	0.02454	0.01881	0.02699	0.01554	0.01554	0.05153	0.03026	0.56979	0.04171	0.03599	0.02617	0.01309	0.01063	0.00327	0.00900	0.01063	0.01309	0.01799
95	0.02953	0.02537	0.05141	0.08559	0.05045	0.02398	0.36969	0.03722	0.02581	0.15234	0.02569	0.03015	0.01813	0.00998	0.01191	0.00350	0.01555	0.01181	0.00701	0.01488
96	0.11721	0.30511	0.03997	0.02087	0.02869	0.15799	0.01819	0.13549	0.02871	0.03646	0.01726	0.01918	0.01422	0.01030	0.00814	0.00268	0.01270	0.00671	0.00622	0.01392
97	0.01910	0.00998	0.01040	0.01029	0.01276	0.00987	0.00772	0.02404	0.02316	0.03980	0.10109	0.04446	0.03636	0.01350	0.00804	0.00257	0.00494	0.01104	0.60101	0.00987
98	0.01556	0.01187	0.01700	0.02173	0.08599	0.01150	0.01376	0.01837	0.02109	0.02828	0.05087	0.40596	0.05883	0.07921	0.01669	0.00475	0.00797	0.11199	0.00893	0.00966
99	0.01326	0.01030	0.01218	0.01349	0.01572	0.00923	0.00995	0.01589	0.02259	0.02835	0.08075	0.31182	0.29644	0.02964	0.01318	0.00403	0.00625	0.08822	0.00981	0.00890
100	0.02192	0.01879	0.02192	0.01566	0.02506	0.01409	0.01253	0.02662	0.02192	0.03445	0.01879	0.02192	0.01566	0.00783	0.00783	0.00157	0.00783	0.00626	0.00626	0.69305
101	0.01651	0.01179	0.01643	0.01887	0.02107	0.01171	0.01612	0.02099	0.02382	0.03105	0.05627	0.18329	0.06201	0.02971	0.01446	0.00479	0.00928	0.43250	0.00975	0.00959
102	0.70310	0.02045	0.01554	0.01390	0.02045	0.02372	0.01145	0.03108	0.01799	0.04744	0.01472	0.01718	0.01145	0.00981	0.00654	0.00327	0.00818	0.00573	0.00654	0.01145
103	0.01413	0.01058	0.01311	0.01289	0.01539	0.00956	0.00951	0.01819	0.02735	0.03725	0.38983	0.15338	0.20144	0.02427	0.01261	0.00351	0.00522	0.02125	0.01099	0.00956
104	0.02630	0.02271	0.02391	0.02152	0.02749	0.02630	0.01674	0.05618	0.54336	0.04423	0.04303	0.03945	0.03228	0.01434	0.01076	0.00359	0.00837	0.01195	0.01076	0.01674
105	0.04112	0.02813	0.03081	0.02362	0.03205	0.03059	0.01952	0.46657	0.04723	0.13078	0.02747	0.02674	0.01903	0.01274	0.01058	0.00319	0.01130	0.00966	0.01090	0.01798
106	0.02121	0.05469	0.57364	0.03014	0.04576	0.02455	0.03906	0.03348	0.02232	0.03348	0.01897	0.02232	0.01339	0.01005	0.01005	0.00335	0.01563	0.00781	0.00446	0.01563
107	0.03950	0.05039	0.02996	0.02724	0.03269	0.58597	0.02043	0.04222	0.02996	0.02588	0.01634	0.01907	0.01362	0.01090	0.00953	0.00272	0.01907	0.00681	0.00545	0.01226
108	0.01496	0.01081	0.01413	0.01330	0.01580	0.00998	0.00998	0.01995	0.02993	0.04240	0.55689	0.07898	0.09976	0.02162	0.01247	0.00333	0.00499	0.01912	0.01164	0.00998
109	0.04679	0.01903	0.02518	0.01930	0.02751	0.01708	0.01595	0.09407	0.03200	0.52479	0.04025	0.03504	0.02544	0.01305	0.01063	0.00326	0.00923	0.01053	0.01286	0.01799
110	0.03451	0.03608	0.29518	0.02439	0.03624	0.01998	0.02713	0.04263	0.02635	0.30545	0.03051	0.02925	0.01987	0.01159	0.01034	0.00331	0.01226	0.00924	0.00884	0.01683
111	0.02464	0.02468	0.04540	0.16745	0.34176	0.02519	0.15096	0.03171	0.02370	0.03288	0.02003	0.02714	0.01605	0.00953	0.01098	0.00332	0.01414	0.01016	0.00515	0.01515
112	0.01594	0.01041	0.01402	0.01402	0.01471	0.01110	0.00951	0.01630	0.01561	0.02150	0.02817	0.05086	0.02959	0.29639	0.24540	0.16451	0.01661	0.01252	0.00573	0.00711
113	0.45883	0.02453	0.06067	0.01866	0.02504	0.02634	0.01645	0.09358	0.02206	0.04530	0.01625	0.01956	0.01282	0.01161	0.01189	0.00348	0.10680	0.00693	0.00660	0.01260
114	0.01375	0.01075	0.01253	0.01268	0.01555	0.00953	0.00963	0.01731	0.02572	0.03326	0.24658	0.13933	0.32185	0.02583	0.01276	0.00367	0.00569	0.06385	0.01041	0.00932
115	0.03045	0.18172	0.03412	0.02074	0.02869	0.03070	0.01756	0.18855	0.19338	0.04478	0.02732	0.02718	0.02102	0.01165	0.00931	0.00286	0.01004	0.00887	0.00853	0.10251
116	0.01997	0.01879	0.03171	0.60301	0.07282	0.02349	0.02936	0.02701	0.02114	0.02701	0.01879	0.02819	0.01409	0.01057	0.01057	0.00352	0.01409	0.00940	0.00470	0.01175
117	0.02612	0.11540	0.27965	0.03930	0.21580	0.02614	0.03206	0.03452	0.02352	0.08071	0.02077	0.02416	0.01569	0.00998	0.00982	0.00313	0.01345	0.00833	0.00550	0.01595
118	0.02648	0.07260	0.07708	0.02228	0.02920	0.02383	0.05439	0.10057	0.20989	0.07899	0.07972	0.11085	0.03616	0.01585	0.01096	0.00345	0.00982	0.01363	0.00940	0.01485
119	0.02496	0.02852	0.06239	0.04456	0.05526	0.02674	0.52406	0.03387	0.02496	0.03387	0.02139	0.02852	0.01604	0.00891	0.01248	0.00357	0.01783	0.01248	0.00535	0.01426
120	0.02827	0.63478	0.05540	0.01809	0.02714	0.04184	0.01809	0.03166	0.02148	0.02488	0.01470	0.01696	0.01357	0.00905	0.00678	0.00226	0.01131	0.00565	0.00452	0.01357
121	0.02976	0.02798	0.13972	0.14866	0.07806	0.02326	0.02501	0.07621	0.13773	0.16019	0.02984	0.03086	0.02109	0.01192	0.01051	0.00339	0.01173	0.00992	0.00833	0.01583
122	0.01492	0.01023	0.01252	0.01355	0.01407	0.01006	0.00887	0.01612	0.01801	0.02390	0.04351	0.23068	0.05043	0.37683	0.03697	0.00782	0.00903	0.08717	0.00783	0.00749
123	0.04744	0.01799	0.02454	0.01881	0.02699	0.01554	0.01554	0.05153	0.03026	0.56979	0.04171	0.03599	0.02617	0.01309	0.01063	0.00327	0.00900	0.01063	0.01309	0.01799
124	0.03600	0.01536	0.02076	0.01703	0.02307	0.01349	0.01360	0.04011	0.02928	0.38560	0.17569	0.09941	0.04901	0.01707	0.01136	0.00338	0.00771	0.01455	0.01242	0.01509
125	0.02320	0.02628	0.11922	0.39475	0.06009	0.02505	0.02886	0.09391	0.06215	0.03434	0.02139	0.02768	0.01577	0.01102	0.01050	0.00345	0.01362	0.00934	0.00584	0.01353
126	0.04019	0.02962	0.03173	0.02433	0.03279	0.03279	0.02010	0.52721	0.04971	0.06663	0.02538	0.02538	0.01798	0.01269	0.01058	0.00317	0.01163	0.00952	0.01058	0.01798
127	0.02313	0.02313	0.03238	0.02776	0.02776	0.03238	0.02313	0.02545	0.01619	0.02545	0.01388	0.02313	0.01388	0.01851	0.03470	0.00463	0.60907	0.00925	0.00463	0.01157
128	0.03296	0.02020	0.03183	0.21529	0.18823	0.02067	0.02453	0.03858	0.02570	0.25223	0.02852	0.03084	0.01979	0.01129	0.01057	0.00331	0.01158	0.00991	0.00829	0.01569
129	0.02175	0.02024	0.03388	0.25766	0.29304	0.02189	0.02771	0.02761	0.02237	0.03054	0.02557	0.12135	0.02419	0.01361	0.01099	0.00347	0.01211	0.01268	0.00576	0.01359
130	0.04744	0.01799	0.02454	0.01881	0.02699	0.01554	0.01554	0.05153	0.03026	0.56979	0.04171	0.03599	0.02617	0.01309	0.01063	0.00327	0.00900	0.01063	0.01309	0.01799
131	0.04744	0.01799	0.02454	0.01881	0.02699	0.01554	0.01554	0.05153	0.03026	0.56979	0.04171	0.03599	0.02617	0.01309	0.01063	0.00327	0.00900	0.01063	0.01309	0.01799
132	0.04480	0.02320	0.06819	0.02031	0.02888	0.05703	0.01774	0.04944	0.02962	0.48865	0.03811	0.03370	0.02427	0.01269	0.01051	0.00324	0.01024	0.01014	0.01186	0.01740
133	0.04744	0.01799	0.02454	0.01881	0.02699	0.01554	0.01554	0.05153	0.03026	0.56979	0.04171	0.03599	0.02617	0.01309	0.01063	0.00327	0.00900	0.01063	0.01309	0.01799
134	0.02244	0.02289	0.04354	0.34609	0.12781	0.02480	0.19799	0.03002	0.02280	0.03028	0.01981	0.02805	0.01509	0.00986	0.01121	0.00349	0.01517	0.01045	0.00499	0.01322
135	0.09379	0.01891	0.02644	0.11052	0.07822	0.01820	0.01872	0.04460	0.02739	0.40134	0.03427	0.03249	0.02239	0.01214	0.01028	0.00330	0.01000	0.00995	0.01064	0.01642
136	0.04321	0.06867	0.02939	0.02111	0.02922	0.06766	0.01750	0.19476	0.03555	0.33376	0.03277	0.03004	0.02177	0.01250	0.01025	0.00313	0.01076	0.00963	0.01110	0.01722
137	0.70310	0.02045	0.01554	0.01390	0.02045	0.02372	0.01145	0.03108	0.01799	0.04744	0.01472	0.01718	0.01145	0.00981	0.00654	0.00327	0.00818	0.00573	0.00654	0.01145
138	0.02355	0.02245	0.03819	0.29182	0.35598	0.02443	0.03115	0.03016	0.02284	0.03137	0.01943	0.02702	0.01563	0.00991	0.01051	0.00330	0.01321	0.00941	0.00501	0.01464
139	0.01538	0.01025	0.01153	0.01153	0.01153	0.01025	0.00641	0.01538	0.01538	0.02050	0.03331	0.06919	0.03844	0.62842	0.05382	0.01025	0.01025	0.01538	0.00641	0.00641
140	0.02455	0.06737	0.04062	0.21531	0.38384	0.02586	0.03053	0.03084	0.02305	0.03169	0.01920	0.02608	0.01576	0.00972	0.01023	0.00319	0.01291	0.00914	0.00503	0.01509
141	0.03274	0.36438	0.08244	0.02141	0.03019	0.12451	0.02008	0.10976	0.02779	0.07091	0.01881	0.02031	0.01513	0.01025	0.00830	0.00262	0.01274	0.00693	0.00619	0.01449
142	0.02177	0.05074	0.49641	0.03231	0.04720	0.02488	0.11233	0.03354	0.02272	0.03354	0.01934	0.02326	0.01379	0.00987	0.01041	0.00338	0.01596	0.00852	0.00460	0.01542
143	0.01250	0.01071	0.01071	0.01071	0.01428	0.00893	0.00803	0.01517	0.02410	0.02856	0.10711	0.10175	0.55817	0.02678	0.01250	0.00357	0.00536	0.02231	0.00982	0.00893
144	0.01496	0.01081	0.01413	0.01330	0.01580	0.00998	0.00998	0.01995	0.02993	0.04240	0.55689	0.07898	0.09976	0.02162	0.01247	0.00333	0.00499	0.01912	0.01164	0.00998
145	0.02192	0.01879	0.02192	0.01566	0.02506	0.01409	0.01253	0.02662	0.02192	0.03445	0.01879	0.02192	0.01566	0.00783	0.00783	0.00157	0.00783	0.00626	0.00626	0.69305
146	0.01461	0.01079	0.01365	0.01293	0.01558	0.00983	0.00970	0.01927	0.02910	0.04043	0.49292	0.08222	0.16496	0.02235	0.01247	0.00336	0.00504	0.01958	0.01138	0.00983
147	0.02705	0.02959	0.14780	0.06956	0.07743	0.02548	0.02491	0.13358	0.02783	0.07205	0.06305	0.02914	0.02252	0.01334	0.01556	0.00345	0.13930	0.00968	0.00707	0.06162
148	0.02630	0.02271	0.02391	0.02152	0.02749	0.02630	0.01674	0.05618	0.54336	0.04423	0.04303	0.03945	0.03228	0.01434	0.01076	0.00359	0.00837	0.01195	0.01076	0.01674
149	0.02343	0.02165	0.03504	0.04560	0.32732	0.02178	0.06062	0.03260	0.09173	0.03760	0.15094	0.04062	0.03846	0.01292	0.01113	0.00327	0.01060	0.01228	0.00747	0.01495
150	0.01737	0.01385	0.01522	0.01506	0.01730	0.05138	0.01089	0.02165	0.06159	0.03323	0.25487	0.18602	0.10602	0.02558	0.01675	0.10827	0.00714	0.01889	0.00952	0.00941
151	0.02603	0.02105	0.03562	0.08352	0.27053	0.02056	0.08759	0.03193	0.02563	0.11061	0.10124	0.04097	0.07148	0.01295	0.01118	0.00330	0.01126	0.01228	0.00754	0.01473

[dist]
# distance from previous block
# <min> <max>
0	8

[block]
# block no. 2 follows, 13 sequences, length 97
# corresponding to MSA columns:
# 294-390
name=unknown_C
#
# <colnr> <probs for GDERKNQSTAVLIFYWHMCP>
#	G	D	E	R	K	N	Q	S	T	A	V	L	I	F	Y	W	H	M	C	P
0	0.08248	0.03863	0.33168	0.02456	0.03618	0.02166	0.02809	0.03763	0.06334	0.14529	0.06639	0.03032	0.02389	0.01186	0.01012	0.00334	0.01230	0.00940	0.00741	0.01541
1	0.12792	0.03797	0.33217	0.02357	0.03479	0.02099	0.02732	0.03304	0.02383	0.10040	0.10849	0.03236	0.02865	0.01225	0.00997	0.00332	0.01197	0.00966	0.00697	0.01435
2	0.02912	0.02214	0.03095	0.17855	0.15982	0.02424	0.02359	0.08392	0.17213	0.12029	0.02993	0.03184	0.02198	0.01194	0.01061	0.00339	0.01115	0.01032	0.00832	0.01577
3	0.02457	0.07195	0.11404	0.26857	0.08815	0.07075	0.02659	0.06751	0.02453	0.03224	0.01890	0.02458	0.01460	0.01013	0.00977	0.00303	0.01341	0.00828	0.00540	0.10299
4	0.01652	0.01132	0.01363	0.01274	0.01608	0.01000	0.00966	0.02056	0.02774	0.07765	0.34609	0.08435	0.26861	0.02292	0.01234	0.00341	0.00544	0.01968	0.01106	0.01019
5	0.01900	0.01457	0.01692	0.01547	0.01918	0.01470	0.01181	0.08382	0.10300	0.04221	0.31436	0.11226	0.14864	0.02121	0.01209	0.00346	0.00639	0.01831	0.01097	0.01161
6	0.01426	0.01078	0.01316	0.01257	0.01537	0.00968	0.00942	0.01859	0.02827	0.03847	0.42903	0.08545	0.23008	0.02308	0.01248	0.00340	0.00509	0.02003	0.01112	0.00968
7	0.03695	0.19422	0.03817	0.02263	0.03125	0.03525	0.01955	0.39242	0.04203	0.05528	0.02248	0.02309	0.01678	0.01170	0.00955	0.00293	0.01155	0.00847	0.00893	0.01678
8	0.02563	0.04670	0.42674	0.03174	0.08817	0.02498	0.03468	0.09289	0.02624	0.07314	0.02132	0.02393	0.01508	0.01051	0.01018	0.00330	0.01445	0.00834	0.00583	0.01616
9	0.02827	0.63478	0.05540	0.01809	0.02714	0.04184	0.01809	0.03166	0.02148	0.02488	0.01470	0.01696	0.01357	0.00905	0.00678	0.00226	0.01131	0.00565	0.00452	0.01357
10	0.02827	0.63478	0.05540	0.01809	0.02714	0.04184	0.01809	0.03166	0.02148	0.02488	0.01470	0.01696	0.01357	0.00905	0.00678	0.00226	0.01131	0.00565	0.00452	0.01357
11	0.70310	0.02045	0.01554	0.01390	0.02045	0.02372	0.01145	0.03108	0.01799	0.04744	0.01472	0.01718	0.01145	0.00981	0.00654	0.00327	0.00818	0.00573	0.00654	0.01145
12	0.01282	0.01072	0.01116	0.01105	0.01448	0.00906	0.00829	0.01580	0.02487	0.03038	0.16630	0.09876	0.49785	0.02610	0.01249	0.00354	0.00531	0.02189	0.01006	0.00906
13	0.01997	0.01879	0.03171	0.60301	0.07282	0.02349	0.02936	0.02701	0.02114	0.02701	0.01879	0.02819	0.01409	0.01057	0.01057	0.00352	0.01409	0.00940	0.00470	0.01175
14	0.21208	0.03059	0.20350	0.01993	0.03002	0.01992	0.02090	0.02937	0.02084	0.03727	0.02034	0.06058	0.01733	0.01081	0.00858	0.00282	0.01042	0.00821	0.00598	0.23051
15	0.34037	0.10363	0.14461	0.02023	0.02924	0.06361	0.02001	0.10134	0.02453	0.04302	0.01723	0.01953	0.01317	0.01024	0.00809	0.00312	0.01135	0.00677	0.00634	0.01357
16	0.02597	0.01972	0.02200	0.01926	0.02465	0.02157	0.01507	0.10084	0.30091	0.08028	0.19202	0.04919	0.05005	0.01621	0.01123	0.00344	0.00780	0.01369	0.01115	0.01498
17	0.02734	0.02323	0.02450	0.02173	0.02789	0.02679	0.01699	0.09160	0.50625	0.04591	0.04171	0.03839	0.03120	0.01422	0.01074	0.00356	0.00861	0.01177	0.01074	0.01683
18	0.02178	0.01330	0.01704	0.01602	0.01975	0.01243	0.01220	0.02784	0.07112	0.13133	0.20200	0.22551	0.06355	0.02244	0.01214	0.00362	0.00687	0.05329	0.01079	0.05698
19	0.02982	0.10840	0.27520	0.02611	0.03771	0.02451	0.06818	0.04012	0.07013	0.17717	0.02687	0.02736	0.01871	0.01103	0.01008	0.00324	0.01289	0.00906	0.00741	0.01600
20	0.03530	0.02727	0.02957	0.02778	0.09294	0.07666	0.01996	0.21969	0.19023	0.12116	0.03145	0.03058	0.02285	0.01270	0.01053	0.00327	0.01106	0.01015	0.00989	0.01696
21	0.01288	0.00920	0.01227	0.01472	0.01534	0.00859	0.00981	0.01472	0.02024	0.02699	0.05828	0.62152	0.06993	0.03312	0.01350	0.00429	0.00613	0.03006	0.00981	0.00859
22	0.23348	0.02024	0.02293	0.01815	0.02590	0.02018	0.01498	0.10920	0.02936	0.35363	0.03183	0.02921	0.02088	0.01210	0.00946	0.00326	0.00912	0.00908	0.01089	0.01613
23	0.11534	0.02354	0.03838	0.08366	0.25440	0.02385	0.11686	0.03637	0.05766	0.11161	0.02400	0.02783	0.01808	0.01029	0.01038	0.00331	0.01231	0.00984	0.00685	0.01543
24	0.01288	0.00920	0.01227	0.01472	0.01534	0.00859	0.00981	0.01472	0.02024	0.02699	0.05828	0.62152	0.06993	0.03312	0.01350	0.00429	0.00613	0.03006	0.00981	0.00859
25	0.02507	0.02463	0.03699	0.12246	0.29302	0.05859	0.06423	0.03104	0.02360	0.03288	0.01936	0.02514	0.01587	0.00925	0.00994	0.00282	0.01246	0.00872	0.00543	0.17851
26	0.03345	0.01874	0.02322	0.01749	0.02609	0.01567	0.01417	0.03982	0.06565	0.27005	0.03071	0.02944	0.02155	0.01064	0.00928	0.00247	0.00838	0.00862	0.00960	0.34495
27	0.01940	0.01185	0.01589	0.01449	0.01768	0.01112	0.01112	0.02412	0.02845	0.11203	0.42439	0.06871	0.08109	0.02727	0.08000	0.00493	0.00829	0.01705	0.01113	0.01100
28	0.01538	0.01025	0.01153	0.01153	0.01153	0.01025	0.00641	0.01538	0.01538	0.02050	0.03331	0.06919	0.03844	0.62842	0.05382	0.01025	0.01025	0.01538	0.00641	0.00641
29	0.02575	0.02470	0.04217	0.10096	0.52965	0.02501	0.03224	0.03208	0.02388	0.03404	0.01981	0.02630	0.01657	0.00950	0.01047	0.00317	0.01266	0.00942	0.00520	0.01641
30	0.02617	0.02512	0.04292	0.06490	0.56246	0.02512	0.03245	0.03245	0.02407	0.03454	0.01989	0.02617	0.01675	0.00942	0.01047	0.00314	0.01256	0.00942	0.00523	0.01675
31	0.47639	0.03068	0.02047	0.01846	0.02463	0.21581	0.01452	0.03489	0.02208	0.04007	0.01528	0.01782	0.01219	0.01018	0.00756	0.00308	0.01190	0.00610	0.00617	0.01173
32	0.70310	0.02045	0.01554	0.01390	0.02045	0.02372	0.01145	0.03108	0.01799	0.04744	0.01472	0.01718	0.01145	0.00981	0.00654	0.00327	0.00818	0.00573	0.00654	0.01145
33	0.03381	0.02644	0.02813	0.02304	0.03035	0.02980	0.01855	0.31067	0.27665	0.05633	0.03350	0.03185	0.02455	0.01345	0.01066	0.00336	0.01013	0.01064	0.01066	0.01741
34	0.02496	0.02131	0.02275	0.02055	0.02611	0.02437	0.01594	0.05191	0.48274	0.04401	0.10371	0.04412	0.04024	0.01520	0.01096	0.00356	0.00797	0.01280	0.01086	0.01594
35	0.02630	0.02271	0.02391	0.02152	0.02749	0.02630	0.01674	0.05618	0.54336	0.04423	0.04303	0.03945	0.03228	0.01434	0.01076	0.00359	0.00837	0.01195	0.01076	0.01674
36	0.03746	0.01734	0.02268	0.01740	0.02520	0.01453	0.01416	0.04180	0.02821	0.37855	0.09702	0.03768	0.03233	0.01283	0.01017	0.00287	0.00824	0.01058	0.01127	0.17967
37	0.70310	0.02045	0.01554	0.01390	0.02045	0.02372	0.01145	0.03108	0.01799	0.04744	0.01472	0.01718	0.01145	0.00981	0.00654	0.00327	0.00818	0.00573	0.00654	0.01145
38	0.03960	0.04736	0.03022	0.02681	0.03270	0.50529	0.02038	0.11295	0.03284	0.03182	0.01766	0.01999	0.01426	0.01116	0.00969	0.00279	0.01798	0.00720	0.00620	0.01309
39	0.04344	0.02441	0.02851	0.02186	0.03019	0.02507	0.01806	0.31425	0.04100	0.29189	0.03269	0.03013	0.02165	0.01287	0.01060	0.00322	0.01045	0.01002	0.01170	0.01799
40	0.03777	0.02728	0.02915	0.02262	0.03037	0.03008	0.01860	0.46787	0.04646	0.06342	0.02646	0.02704	0.01906	0.01265	0.01020	0.00309	0.01084	0.00956	0.09046	0.01702
41	0.02496	0.02852	0.06239	0.04456	0.05526	0.02674	0.52406	0.03387	0.02496	0.03387	0.02139	0.02852	0.01604	0.00891	0.01248	0.00357	0.01783	0.01248	0.00535	0.01426
42	0.01915	0.01718	0.01694	0.01577	0.01927	0.08020	0.01192	0.02715	0.10316	0.03880	0.35686	0.06935	0.14316	0.02001	0.01188	0.00333	0.00719	0.01707	0.01053	0.01108
43	0.03173	0.02541	0.02697	0.02262	0.02956	0.02884	0.01805	0.24029	0.35041	0.05299	0.03614	0.03395	0.02669	0.01370	0.01069	0.00342	0.00964	0.01100	0.01069	0.01722
