[name]
unknown

[dist]
# distance from previous block
# <min> <max>
0	111

[block]
# block no. 0 follows, 12 sequences, length 14
# corresponding to MSA columns:
# 180-193
name=unknown_A
#
# <colnr> <probs for GDERKNQSTAVLIFYWHMCP>
#	G	D	E	R	K	N	Q	S	T	A	V	L	I	F	Y	W	H	M	C	P
0	0.01792	0.01372	0.02166	0.02375	0.06372	0.01340	0.05574	0.02132	0.02260	0.03001	0.04783	0.23505	0.05272	0.02891	0.01759	0.08755	0.00982	0.21799	0.00868	0.01000
1	0.41825	0.03442	0.06721	0.02036	0.02753	0.20808	0.01732	0.03611	0.02306	0.04026	0.01611	0.01882	0.01273	0.01051	0.00809	0.00319	0.01284	0.00646	0.00619	0.01245
2	0.01339	0.01044	0.01172	0.01261	0.01476	0.00925	0.00873	0.01551	0.02235	0.02787	0.08337	0.27893	0.31596	0.10203	0.01847	0.00479	0.00642	0.02495	0.00969	0.00876
3	0.02803	0.02684	0.07203	0.02465	0.03216	0.02687	0.05808	0.12417	0.33570	0.04742	0.07366	0.03897	0.03304	0.01426	0.01127	0.00359	0.01030	0.01215	0.01016	0.01667
4	0.02713	0.03914	0.26432	0.06901	0.04126	0.02743	0.02912	0.13480	0.17289	0.04393	0.02793	0.02913	0.02035	0.01220	0.01072	0.00350	0.01305	0.00974	0.00771	0.01662
5	0.02261	0.01938	0.02261	0.01615	0.02584	0.01453	0.01292	0.02745	0.02261	0.03553	0.01938	0.02261	0.01615	0.00807	0.00807	0.00161	0.00807	0.00646	0.00646	0.68346
6	0.02712	0.02342	0.02465	0.02219	0.02835	0.02712	0.01726	0.05794	0.52909	0.04561	0.04438	0.04068	0.03328	0.01479	0.01109	0.00370	0.00863	0.01233	0.01109	0.01726
7	0.02493	0.29489	0.34866	0.02585	0.03911	0.03282	0.03119	0.03374	0.02266	0.03080	0.01771	0.02069	0.01389	0.00993	0.00894	0.00298	0.01424	0.00712	0.00463	0.01522
8	0.01320	0.01106	0.01148	0.01137	0.01492	0.00934	0.00853	0.01625	0.02559	0.03120	0.16340	0.10206	0.49033	0.02696	0.01288	0.00365	0.00548	0.02261	0.01035	0.00934
9	0.02574	0.02941	0.06434	0.04596	0.05699	0.02757	0.50919	0.03493	0.02574	0.03493	0.02206	0.02941	0.01654	0.00919	0.01287	0.00368	0.01838	0.01287	0.00551	0.01471
10	0.03596	0.02287	0.02644	0.02137	0.02838	0.02424	0.01731	0.24242	0.10711	0.17316	0.09378	0.03866	0.03323	0.02033	0.05895	0.00458	0.01155	0.01176	0.01124	0.01665
11	0.03103	0.02148	0.02805	0.03002	0.14200	0.02180	0.01946	0.18225	0.03412	0.12835	0.08151	0.11913	0.07824	0.01726	0.01163	0.00349	0.00989	0.01480	0.01001	0.01547
12	0.04571	0.02043	0.02816	0.02548	0.08971	0.01869	0.01848	0.08962	0.03215	0.45381	0.03894	0.03500	0.02513	0.01302	0.01094	0.00335	0.00994	0.01072	0.01232	0.01840
13	0.01381	0.01101	0.01194	0.01175	0.01475	0.00961	0.00854	0.01678	0.02515	0.03169	0.19901	0.09568	0.38537	0.09583	0.01790	0.00444	0.00603	0.02143	0.01013	0.00914

[dist]
# distance from previous block
# <min> <max>
3	7

[block]
# block no. 1 follows, 12 sequences, length 24
# corresponding to MSA columns:
# 201-224
name=unknown_B
#
# <colnr> <probs for GDERKNQSTAVLIFYWHMCP>
#	G	D	E	R	K	N	Q	S	T	A	V	L	I	F	Y	W	H	M	C	P
0	0.43534	0.02128	0.01996	0.01638	0.02400	0.02252	0.01345	0.07779	0.02411	0.13093	0.02127	0.02231	0.01549	0.01064	0.00799	0.00311	0.00884	0.00715	0.00817	0.10927
1	0.53151	0.02182	0.01884	0.01628	0.02327	0.02474	0.01333	0.07321	0.06778	0.09126	0.02090	0.02199	0.01548	0.01104	0.00780	0.00339	0.00880	0.00719	0.00800	0.01336
2	0.03432	0.28937	0.04215	0.02418	0.03084	0.30110	0.02031	0.03738	0.02593	0.02621	0.01591	0.01913	0.01405	0.01115	0.01102	0.00279	0.06913	0.00675	0.00514	0.01314
3	0.02084	0.01228	0.01629	0.01521	0.01762	0.01236	0.01101	0.02369	0.02152	0.10995	0.12668	0.05865	0.04519	0.24185	0.20806	0.01039	0.01540	0.01445	0.00842	0.01015
4	0.01552	0.01045	0.01298	0.01390	0.01505	0.01009	0.00955	0.01802	0.02173	0.03035	0.13535	0.25493	0.06270	0.20340	0.02563	0.00595	0.00761	0.06359	0.07451	0.00868
5	0.01355	0.01019	0.01256	0.01383	0.01561	0.00920	0.00966	0.01624	0.02365	0.03100	0.15671	0.38484	0.20257	0.03038	0.01346	0.00406	0.00591	0.02694	0.01045	0.00920
6	0.04892	0.01856	0.02530	0.01940	0.02783	0.01603	0.01603	0.05314	0.03121	0.55634	0.04302	0.03711	0.02699	0.01350	0.01096	0.00337	0.00928	0.01096	0.01350	0.01856
7	0.04145	0.03054	0.03272	0.02509	0.03381	0.03381	0.02072	0.51243	0.05127	0.06872	0.02618	0.02618	0.01854	0.01309	0.01091	0.00327	0.01200	0.00982	0.01091	0.01854
8	0.02385	0.02385	0.03340	0.02863	0.02863	0.03340	0.02385	0.02624	0.01670	0.02624	0.01431	0.02385	0.01431	0.01908	0.03578	0.00477	0.59685	0.00954	0.00477	0.01193
9	0.02712	0.02342	0.02465	0.02219	0.02835	0.02712	0.01726	0.05794	0.52909	0.04561	0.04438	0.04068	0.03328	0.01479	0.01109	0.00370	0.00863	0.01233	0.01109	0.01726
10	0.69383	0.02109	0.01603	0.01434	0.02109	0.02446	0.01181	0.03205	0.01856	0.04892	0.01518	0.01771	0.01181	0.01012	0.00675	0.00337	0.00843	0.00590	0.00675	0.01181
11	0.04145	0.03054	0.03272	0.02509	0.03381	0.03381	0.02072	0.51243	0.05127	0.06872	0.02618	0.02618	0.01854	0.01309	0.01091	0.00327	0.01200	0.00982	0.01091	0.01854
12	0.69383	0.02109	0.01603	0.01434	0.02109	0.02446	0.01181	0.03205	0.01856	0.04892	0.01518	0.01771	0.01181	0.01012	0.00675	0.00337	0.00843	0.00590	0.00675	0.01181
13	0.02699	0.02591	0.04426	0.06693	0.54879	0.02591	0.03346	0.03346	0.02483	0.03562	0.02051	0.02699	0.01727	0.00972	0.01079	0.00324	0.01295	0.00972	0.00540	0.01727
14	0.02712	0.02342	0.02465	0.02219	0.02835	0.02712	0.01726	0.05794	0.52909	0.04561	0.04438	0.04068	0.03328	0.01479	0.01109	0.00370	0.00863	0.01233	0.01109	0.01726
15	0.01328	0.00949	0.01265	0.01518	0.01581	0.00886	0.01012	0.01518	0.02088	0.02783	0.06010	0.60969	0.07212	0.03416	0.01392	0.00443	0.00633	0.03100	0.01012	0.00886
16	0.04425	0.02050	0.02583	0.02041	0.02845	0.01963	0.01666	0.09429	0.12463	0.41956	0.04179	0.03681	0.02741	0.01370	0.01098	0.00342	0.00940	0.01112	0.01283	0.01832
17	0.01558	0.01168	0.01752	0.01752	0.01947	0.01363	0.01363	0.01947	0.01752	0.02531	0.02921	0.04283	0.02726	0.08178	0.57360	0.01752	0.02921	0.01168	0.00584	0.00974
18	0.01328	0.00949	0.01265	0.01518	0.01581	0.00886	0.01012	0.01518	0.02088	0.02783	0.06010	0.60969	0.07212	0.03416	0.01392	0.00443	0.00633	0.03100	0.01012	0.00886
19	0.01328	0.00949	0.01265	0.01518	0.01581	0.00886	0.01012	0.01518	0.02088	0.02783	0.06010	0.60969	0.07212	0.03416	0.01392	0.00443	0.00633	0.03100	0.01012	0.00886
20	0.02261	0.01938	0.02261	0.01615	0.02584	0.01453	0.01292	0.02745	0.02261	0.03553	0.01938	0.02261	0.01615	0.00807	0.00807	0.00161	0.00807	0.00646	0.00646	0.68346
21	0.01393	0.01034	0.01299	0.01390	0.01577	0.00940	0.00983	0.01709	0.02500	0.03349	0.23229	0.33583	0.17228	0.02892	0.01337	0.00395	0.00578	0.02568	0.01076	0.00940
22	0.01533	0.01220	0.01570	0.01745	0.06072	0.01110	0.01155	0.01946	0.02734	0.03664	0.30473	0.13638	0.24268	0.02420	0.01280	0.00360	0.00605	0.02109	0.01062	0.01037
23	0.02602	0.13658	0.05745	0.03786	0.04659	0.03146	0.33237	0.03295	0.02345	0.03167	0.01941	0.02624	0.01568	0.01100	0.01593	0.00363	0.12143	0.01099	0.00523	0.01408

[dist]
# distance from previous block
# <min> <max>
1	11

[block]
# block no. 2 follows, 12 sequences, length 74
# corresponding to MSA columns:
# 236-309
name=unknown_C
#
# <colnr> <probs for GDERKNQSTAVLIFYWHMCP>
#	G	D	E	R	K	N	Q	S	T	A	V	L	I	F	Y	W	H	M	C	P
0	0.42055	0.13586	0.06943	0.01808	0.02634	0.02936	0.01667	0.10434	0.02447	0.04647	0.01717	0.01936	0.01338	0.01044	0.00770	0.00317	0.01017	0.00665	0.00682	0.01356
1	0.07605	0.01658	0.02193	0.16707	0.03448	0.01781	0.01651	0.03239	0.06685	0.14542	0.07348	0.04691	0.03283	0.17943	0.02305	0.00546	0.01056	0.01243	0.00849	0.01227
2	0.02198	0.01520	0.02287	0.10757	0.03098	0.01459	0.05519	0.02655	0.02534	0.11429	0.13822	0.19932	0.09693	0.02072	0.01222	0.00364	0.00888	0.01860	0.00954	0.05737
3	0.03978	0.01921	0.02451	0.01875	0.02733	0.01658	0.01528	0.04649	0.07216	0.36857	0.03663	0.03343	0.02455	0.01212	0.01018	0.00292	0.00889	0.00984	0.01135	0.20143
4	0.02490	0.02377	0.04048	0.23796	0.39408	0.02536	0.03242	0.03163	0.02384	0.03309	0.02014	0.02767	0.01638	0.01010	0.01083	0.00337	0.01347	0.00971	0.00522	0.01559
5	0.02451	0.02050	0.02363	0.01705	0.02664	0.01648	0.01371	0.07630	0.02550	0.03887	0.02006	0.02297	0.01639	0.00858	0.00836	0.00178	0.00847	0.00680	0.00691	0.61650
6	0.02563	0.02462	0.04136	0.15230	0.42329	0.02627	0.03209	0.03189	0.02361	0.03349	0.01978	0.02707	0.01655	0.01073	0.01299	0.00344	0.06403	0.00970	0.00525	0.01593
7	0.02059	0.01938	0.03270	0.59060	0.07510	0.02422	0.03028	0.02786	0.02180	0.02786	0.01938	0.02907	0.01453	0.01090	0.01090	0.00363	0.01453	0.00969	0.00484	0.01211
8	0.02261	0.01938	0.02261	0.01615	0.02584	0.01453	0.01292	0.02745	0.02261	0.03553	0.01938	0.02261	0.01615	0.00807	0.00807	0.00161	0.00807	0.00646	0.00646	0.68346
9	0.02163	0.02044	0.03458	0.50551	0.15207	0.02450	0.03080	0.02877	0.02229	0.02912	0.01956	0.02873	0.01498	0.01071	0.01088	0.00357	0.01428	0.00969	0.00493	0.01295
10	0.02904	0.01416	0.01893	0.01603	0.02098	0.01262	0.01262	0.03380	0.03100	0.25197	0.33991	0.06344	0.07205	0.01872	0.01209	0.00341	0.00682	0.01616	0.01261	0.01365
11	0.01360	0.00989	0.01283	0.01460	0.01580	0.00912	0.01000	0.01610	0.02282	0.03055	0.14270	0.48243	0.11587	0.03169	0.01366	0.00420	0.00607	0.02851	0.01043	0.00912
12	0.01453	0.01111	0.01332	0.01277	0.01573	0.00990	0.00957	0.01882	0.02872	0.03864	0.38899	0.08981	0.26010	0.02419	0.01287	0.00352	0.00528	0.02089	0.01133	0.00990
13	0.01789	0.01178	0.01515	0.01571	0.01793	0.01127	0.01122	0.02312	0.06478	0.07711	0.18143	0.38130	0.07318	0.02786	0.01318	0.00403	0.00645	0.02495	0.01096	0.01070
14	0.46980	0.02097	0.01801	0.01555	0.02196	0.02378	0.01269	0.11535	0.02500	0.05105	0.02043	0.02293	0.01561	0.01106	0.00762	0.00322	0.00852	0.00728	0.11644	0.01272
15	0.02261	0.01938	0.02261	0.01615	0.02584	0.01453	0.01292	0.02745	0.02261	0.03553	0.01938	0.02261	0.01615	0.00807	0.00807	0.00161	0.00807	0.00646	0.00646	0.68346
16	0.02712	0.02342	0.02465	0.02219	0.02835	0.02712	0.01726	0.05794	0.52909	0.04561	0.04438	0.04068	0.03328	0.01479	0.01109	0.00370	0.00863	0.01233	0.01109	0.01726
17	0.02118	0.01998	0.03377	0.54231	0.11878	0.02438	0.03057	0.02838	0.02208	0.02857	0.01948	0.02888	0.01479	0.01079	0.01089	0.00360	0.01439	0.00969	0.00490	0.01259
18	0.02187	0.05640	0.56031	0.03108	0.04719	0.02532	0.04029	0.03453	0.02302	0.03453	0.01957	0.02302	0.01381	0.01036	0.01036	0.00345	0.01611	0.00806	0.00460	0.01611
19	0.01328	0.00949	0.01265	0.01518	0.01581	0.00886	0.01012	0.01518	0.02088	0.02783	0.06010	0.60969	0.07212	0.03416	0.01392	0.00443	0.00633	0.03100	0.01012	0.00886
20	0.03827	0.02093	0.02499	0.02076	0.02809	0.02145	0.01663	0.05548	0.27444	0.30684	0.04368	0.03886	0.03007	0.01413	0.01103	0.00353	0.00896	0.01163	0.01232	0.01792
21	0.02484	0.28773	0.35501	0.02601	0.03936	0.03259	0.03146	0.03376	0.02267	0.03091	0.01777	0.02076	0.01389	0.00994	0.00899	0.00300	0.01430	0.00715	0.00463	0.01525
22	0.02574	0.02941	0.06434	0.04596	0.05699	0.02757	0.50919	0.03493	0.02574	0.03493	0.02206	0.02941	0.01654	0.00919	0.01287	0.00368	0.01838	0.01287	0.00551	0.01471
23	0.01370	0.01108	0.01217	0.01190	0.01523	0.00955	0.00892	0.01722	0.02677	0.03400	0.24825	0.09745	0.40374	0.02592	0.01288	0.00360	0.00540	0.02196	0.01072	0.00955
24	0.02842	0.01594	0.02057	0.06420	0.02648	0.01598	0.01465	0.03661	0.11685	0.20464	0.04569	0.21550	0.04219	0.08060	0.01637	0.00450	0.00881	0.01772	0.01063	0.01363
25	0.26335	0.02830	0.11286	0.10253	0.08137	0.02537	0.02272	0.11251	0.02688	0.09689	0.02153	0.02427	0.01561	0.01106	0.00936	0.00339	0.01157	0.00825	0.00738	0.01480
26	0.01543	0.01115	0.01457	0.01372	0.01629	0.01029	0.01029	0.02058	0.03086	0.04372	0.54304	0.08145	0.10288	0.02229	0.01286	0.00343	0.00514	0.01972	0.01200	0.01029
27	0.04672	0.01905	0.02524	0.01968	0.02789	0.01714	0.01615	0.05362	0.08135	0.50490	0.04315	0.03747	0.02762	0.01363	0.01098	0.00341	0.00921	0.01110	0.01325	0.01843
28	0.02699	0.02591	0.04426	0.06693	0.54879	0.02591	0.03346	0.03346	0.02483	0.03562	0.02051	0.02699	0.01727	0.00972	0.01079	0.00324	0.01295	0.00972	0.00540	0.01727
29	0.04182	0.02351	0.03040	0.07222	0.08709	0.02383	0.02058	0.20742	0.03671	0.29233	0.03300	0.03166	0.02208	0.01276	0.01092	0.00335	0.01102	0.01034	0.01108	0.01790
30	0.01343	0.00975	0.01268	0.01472	0.01576	0.00900	0.00998	0.01566	0.02201	0.02926	0.10340	0.52542	0.11337	0.03266	0.01375	0.00429	0.00616	0.02943	0.01027	0.00900
31	0.03614	0.02412	0.02601	0.02059	0.02760	0.02610	0.01680	0.34727	0.04209	0.09404	0.02990	0.03090	0.02170	0.01301	0.01001	0.00308	0.00991	0.00999	0.19449	0.01624
32	0.02385	0.02385	0.03340	0.02863	0.02863	0.03340	0.02385	0.02624	0.01670	0.02624	0.01431	0.02385	0.01431	0.01908	0.03578	0.00477	0.59685	0.00954	0.00477	0.01193
33	0.02526	0.02011	0.02609	0.02532	0.06823	0.02343	0.01858	0.03784	0.18477	0.08483	0.11449	0.04198	0.03748	0.02326	0.07400	0.00524	0.15352	0.01245	0.00893	0.01419
34	0.04317	0.01712	0.02298	0.01807	0.02542	0.01496	0.01476	0.04755	0.03050	0.46198	0.09365	0.04194	0.03485	0.01433	0.01089	0.00331	0.00851	0.01180	0.06719	0.01703
35	0.02651	0.02542	0.04339	0.10617	0.51329	0.02578	0.03322	0.03304	0.02460	0.03504	0.02042	0.02714	0.01707	0.00980	0.01080	0.00327	0.01307	0.00971	0.00536	0.01688
36	0.01581	0.01063	0.01216	0.01208	0.01234	0.01054	0.00698	0.01633	0.01737	0.02342	0.08559	0.07237	0.04601	0.55693	0.05120	0.00985	0.01002	0.01625	0.00715	0.00698
37	0.02934	0.02406	0.03271	0.35351	0.05779	0.02824	0.02627	0.23102	0.03415	0.04499	0.02223	0.02786	0.01622	0.01182	0.01090	0.00348	0.01347	0.00974	0.00739	0.01481
38	0.04350	0.02724	0.03068	0.02352	0.03217	0.02892	0.01943	0.38603	0.04575	0.20292	0.03081	0.02919	0.02087	0.01320	0.01092	0.00330	0.01125	0.01013	0.01162	0.01855
39	0.03609	0.02179	0.06804	0.07766	0.03273	0.01930	0.01901	0.07612	0.08020	0.28990	0.03598	0.03553	0.02483	0.01868	0.05725	0.00454	0.01180	0.01066	0.06373	0.01618
40	0.07516	0.01085	0.01219	0.01321	0.01519	0.01078	0.00939	0.02067	0.02207	0.03534	0.08059	0.31860	0.05320	0.02359	0.01097	0.00359	0.00598	0.02060	0.24834	0.00968
41	0.01763	0.01145	0.01424	0.01398	0.01694	0.01022	0.01030	0.02121	0.02672	0.08836	0.25220	0.22031	0.20362	0.02588	0.01295	0.00375	0.00597	0.02262	0.01117	0.01048
42	0.02832	0.03017	0.02289	0.02099	0.02563	0.23952	0.01584	0.07473	0.07666	0.03540	0.12467	0.10494	0.11925	0.01839	0.01142	0.00333	0.01207	0.01473	0.00878	0.01228
43	0.57581	0.02062	0.01772	0.01526	0.02232	0.02292	0.01258	0.03591	0.02087	0.14177	0.02028	0.02126	0.01459	0.01074	0.00752	0.00337	0.00859	0.00683	0.00798	0.01304
44	0.51094	0.08292	0.02190	0.01603	0.02284	0.02637	0.01348	0.07540	0.02186	0.04646	0.01732	0.02049	0.01390	0.01608	0.05280	0.00440	0.01077	0.00672	0.00684	0.01249
45	0.17270	0.06925	0.07239	0.17434	0.08202	0.02577	0.02266	0.03818	0.12105	0.08290	0.02518	0.02802	0.01879	0.01146	0.00969	0.00342	0.01138	0.00907	0.00724	0.01449
46	0.08767	0.10630	0.03464	0.12053	0.11767	0.02892	0.02210	0.16092	0.07671	0.04384	0.02272	0.02583	0.01760	0.01109	0.00973	0.00308	0.01150	0.00879	0.00742	0.08294
47	0.01665	0.01255	0.01710	0.02035	0.06619	0.01242	0.01372	0.01968	0.02133	0.02821	0.05160	0.17114	0.10041	0.18377	0.07324	0.00714	0.01105	0.15554	0.00839	0.00952
48	0.23741	0.02225	0.02625	0.07300	0.07905	0.02343	0.01846	0.12642	0.02964	0.22061	0.02743	0.02764	0.01890	0.01183	0.00966	0.00337	0.01032	0.00900	0.00949	0.01584
49	0.07215	0.07282	0.04045	0.02950	0.03735	0.02701	0.19547	0.07225	0.18653	0.04012	0.03225	0.08946	0.02708	0.01383	0.01138	0.00360	0.01240	0.01327	0.00814	0.01493
50	0.02574	0.02941	0.06434	0.04596	0.05699	0.02757	0.50919	0.03493	0.02574	0.03493	0.02206	0.02941	0.01654	0.00919	0.01287	0.00368	0.01838	0.01287	0.00551	0.01471
51	0.02841	0.02394	0.03986	0.20993	0.27003	0.02519	0.07359	0.07254	0.02681	0.08931	0.02308	0.02879	0.01750	0.01067	0.01104	0.00341	0.01346	0.01013	0.00652	0.01576
52	0.02192	0.09396	0.23490	0.12964	0.04421	0.02454	0.06721	0.03241	0.06226	0.03493	0.11498	0.03588	0.03161	0.01273	0.01083	0.00341	0.01303	0.01093	0.00654	0.01410
53	0.03076	0.02398	0.03583	0.12251	0.08863	0.07612	0.13253	0.03642	0.02654	0.16465	0.06951	0.03770	0.02754	0.06080	0.01500	0.00400	0.01338	0.01179	0.00804	0.01428
54	0.01372	0.00980	0.01316	0.01568	0.01651	0.00923	0.01088	0.01594	0.02131	0.02833	0.05985	0.55982	0.07116	0.03375	0.01403	0.00449	0.00671	0.07654	0.01011	0.00898
55	0.02994	0.22369	0.20583	0.02308	0.03357	0.02879	0.02455	0.08424	0.02681	0.12201	0.02651	0.07805	0.02194	0.01303	0.00977	0.00315	0.01223	0.01013	0.00727	0.01543
56	0.21256	0.02245	0.03012	0.23520	0.04719	0.02531	0.06388	0.11091	0.02699	0.09413	0.02194	0.02631	0.01587	0.01115	0.00994	0.00348	0.01225	0.00907	0.00728	0.01395
57	0.02773	0.02105	0.02441	0.01781	0.02725	0.01767	0.01440	0.10526	0.02779	0.08385	0.02240	0.02437	0.01742	0.00931	0.00876	0.00202	0.00879	0.00736	0.00774	0.52463
58	0.01373	0.01035	0.01271	0.01365	0.01564	0.00933	0.00966	0.01672	0.02459	0.03243	0.20007	0.33179	0.21120	0.02925	0.01336	0.00396	0.00579	0.02584	0.01061	0.00933
59	0.02915	0.62337	0.05714	0.01866	0.02799	0.04314	0.01866	0.03265	0.02215	0.02565	0.01516	0.01749	0.01399	0.00933	0.00700	0.00233	0.01166	0.00583	0.00466	0.01399
60	0.01499	0.01113	0.01396	0.01325	0.01602	0.01010	0.00994	0.01972	0.02982	0.04124	0.46765	0.08554	0.17983	0.02322	0.01286	0.00347	0.00521	0.02029	0.01168	0.01010
61	0.01457	0.01048	0.01380	0.01431	0.01610	0.00971	0.01022	0.01841	0.02685	0.03734	0.34913	0.29354	0.09053	0.02706	0.01328	0.00383	0.00562	0.02425	0.01125	0.00971
62	0.01502	0.01113	0.01400	0.01328	0.01604	0.01011	0.00996	0.01978	0.02989	0.04141	0.47275	0.08526	0.17462	0.02316	0.01286	0.00347	0.00521	0.02025	0.01170	0.01011
63	0.51634	0.02039	0.01858	0.01573	0.02294	0.02214	0.01297	0.03785	0.02204	0.18857	0.02284	0.02305	0.01599	0.01105	0.00791	0.00337	0.00867	0.00730	0.00860	0.01367
64	0.02712	0.02342	0.02465	0.02219	0.02835	0.02712	0.01726	0.05794	0.52909	0.04561	0.04438	0.04068	0.03328	0.01479	0.01109	0.00370	0.00863	0.01233	0.01109	0.01726
65	0.02261	0.01938	0.02261	0.01615	0.02584	0.01453	0.01292	0.02745	0.02261	0.03553	0.01938	0.02261	0.01615	0.00807	0.00807	0.00161	0.00807	0.00646	0.00646	0.68346
66	0.30622	0.02427	0.03316	0.02616	0.03405	0.02614	0.16527	0.04005	0.16126	0.04373	0.02532	0.02761	0.01917	0.01112	0.00981	0.00356	0.01153	0.00980	0.00757	0.01419
67	0.02112	0.01992	0.03365	0.54763	0.11397	0.02436	0.03054	0.02832	0.02205	0.02850	0.01947	0.02890	0.01476	0.01080	0.01089	0.00360	0.01441	0.00969	0.00489	0.01254
68	0.01422	0.01027	0.01244	0.01338	0.01462	0.00958	0.00887	0.01618	0.02153	0.02843	0.12738	0.30459	0.14677	0.19179	0.02504	0.00586	0.00720	0.02395	0.00941	0.00849
69	0.01433	0.01071	0.01343	0.01447	0.01660	0.00981	0.01073	0.01770	0.02500	0.03298	0.19650	0.28418	0.19381	0.02896	0.01355	0.00407	0.00633	0.08679	0.01060	0.00947
70	0.02607	0.02737	0.05275	0.05297	0.26027	0.02747	0.26000	0.03342	0.02443	0.03433	0.02062	0.02783	0.01662	0.01042	0.01435	0.00360	0.07539	0.01121	0.00539	0.01550
71	0.02385	0.02385	0.03340	0.02863	0.02863	0.03340	0.02385	0.02624	0.01670	0.02624	0.01431	0.02385	0.01431	0.01908	0.03578	0.00477	0.59685	0.00954	0.00477	0.01193
72	0.02629	0.01322	0.01669	0.01453	0.01900	0.01191	0.01135	0.03090	0.02890	0.19832	0.25366	0.06289	0.11131	0.01841	0.01133	0.00328	0.00643	0.01564	0.13324	0.01268
73	0.08273	0.08961	0.29058	0.04114	0.21896	0.02693	0.03363	0.03379	0.02319	0.03543	0.01915	0.02349	0.01486	0.01003	0.00992	0.00328	0.01397	0.00827	0.00507	0.01597

[dist]
# distance from previous block
# <min> <max>
0	2

[block]
# block no. 3 follows, 12 sequences, length 18
# corresponding to MSA columns:
# 312-329
name=unknown_D
#
# <colnr> <probs for GDERKNQSTAVLIFYWHMCP>
#	G	D	E	R	K	N	Q	S	T	A	V	L	I	F	Y	W	H	M	C	P
0	0.21593	0.03704	0.02742	0.02418	0.02942	0.28804	0.01899	0.07623	0.02682	0.03614	0.01674	0.02038	0.01385	0.01241	0.01345	0.00333	0.11324	0.00737	0.00622	0.01278
1	0.01547	0.01014	0.01360	0.01456	0.01579	0.00956	0.01027	0.01646	0.02160	0.02890	0.14570	0.27373	0.10712	0.03204	0.02151	0.18907	0.00712	0.05023	0.00901	0.00811
2	0.01911	0.01113	0.01483	0.01439	0.01547	0.01139	0.00972	0.01903	0.01694	0.06158	0.02961	0.05177	0.03018	0.28998	0.16861	0.19484	0.01449	0.01278	0.00644	0.00772
3	0.01596	0.01022	0.01481	0.01564	0.01650	0.01067	0.01108	0.01629	0.01750	0.02399	0.03585	0.22502	0.03913	0.05140	0.21145	0.23755	0.01507	0.01726	0.00687	0.00776
4	0.30583	0.18619	0.03349	0.10091	0.08084	0.03039	0.01896	0.06962	0.02315	0.03998	0.01712	0.02076	0.01382	0.01021	0.00810	0.00311	0.01086	0.00707	0.00612	0.01349
5	0.21295	0.26626	0.03780	0.05546	0.03060	0.07688	0.01810	0.12197	0.02724	0.04020	0.01761	0.02006	0.01428	0.01049	0.00812	0.00291	0.01166	0.00693	0.00648	0.01402
6	0.01455	0.01101	0.01243	0.01208	0.01521	0.00973	0.00906	0.01849	0.02717	0.03627	0.28295	0.08992	0.31934	0.02418	0.01244	0.00348	0.00533	0.02059	0.06602	0.00973
7	0.03096	0.09313	0.09170	0.10786	0.08357	0.08104	0.05604	0.16776	0.10329	0.04297	0.02439	0.02708	0.01847	0.01165	0.01049	0.00328	0.01347	0.00949	0.00750	0.01585
8	0.02322	0.01677	0.02336	0.02069	0.02195	0.02050	0.01622	0.02433	0.01907	0.08034	0.07586	0.03850	0.02882	0.07663	0.06884	0.16295	0.25374	0.01139	0.00663	0.01019
9	0.01691	0.02324	0.16317	0.01944	0.02525	0.01429	0.01917	0.02334	0.02582	0.03640	0.23858	0.19224	0.06735	0.02259	0.01265	0.00383	0.00891	0.06597	0.00935	0.01152
10	0.01465	0.01069	0.01377	0.01391	0.01604	0.00981	0.01008	0.01872	0.02767	0.03827	0.37734	0.22726	0.12928	0.02594	0.01315	0.00372	0.00550	0.02305	0.01134	0.00981
11	0.01731	0.01366	0.01604	0.01650	0.01920	0.01406	0.01192	0.02762	0.16113	0.03503	0.12726	0.33437	0.11000	0.02663	0.01291	0.00402	0.00672	0.02360	0.01065	0.01138
12	0.02771	0.45998	0.05067	0.02137	0.02816	0.04049	0.02007	0.03090	0.02067	0.02581	0.01493	0.01923	0.01408	0.01199	0.01484	0.00300	0.17114	0.00684	0.00469	0.01343
13	0.02152	0.04631	0.41652	0.18356	0.05480	0.02502	0.03756	0.03271	0.02269	0.03271	0.01952	0.02467	0.01401	0.01051	0.01051	0.00350	0.01568	0.00850	0.00467	0.01502
14	0.03979	0.01654	0.02238	0.01785	0.02469	0.01446	0.01446	0.04426	0.03111	0.41664	0.17929	0.04919	0.04767	0.01589	0.01148	0.00339	0.00815	0.01335	0.01309	0.01630
15	0.02822	0.46150	0.05910	0.02610	0.03589	0.03890	0.15234	0.03327	0.02313	0.02818	0.01704	0.02074	0.01469	0.00929	0.00860	0.00270	0.01349	0.00775	0.00490	0.01419
16	0.02767	0.18693	0.03351	0.02123	0.02825	0.03149	0.01764	0.05105	0.39094	0.04017	0.03642	0.03436	0.02803	0.01330	0.00998	0.00333	0.00946	0.01056	0.00934	0.01637
17	0.01427	0.01038	0.01360	0.01542	0.01692	0.00971	0.01123	0.01722	0.02334	0.03099	0.13114	0.40743	0.11900	0.03123	0.01387	0.00432	0.00671	0.10358	0.01037	0.00929

[dist]
# distance from previous block
# <min> <max>
0	285

[block]
# block no. 4 follows, 12 sequences, length 21
# corresponding to MSA columns:
# 615-635
name=unknown_E
#
# <colnr> <probs for GDERKNQSTAVLIFYWHMCP>
#	G	D	E	R	K	N	Q	S	T	A	V	L	I	F	Y	W	H	M	C	P
0	0.13265	0.01435	0.01456	0.01415	0.01558	0.01449	0.00876	0.02051	0.01793	0.02828	0.03293	0.06361	0.03628	0.48823	0.04621	0.00948	0.01094	0.01460	0.00747	0.00898
1	0.08405	0.27771	0.29154	0.02570	0.03788	0.03320	0.02902	0.03464	0.02359	0.03408	0.01994	0.02391	0.01623	0.01165	0.00974	0.00346	0.01417	0.00778	0.00574	0.01596
2	0.03575	0.02896	0.12553	0.12138	0.08039	0.02278	0.10488	0.04186	0.02791	0.24130	0.03174	0.03439	0.02233	0.01317	0.01214	0.00393	0.01379	0.01115	0.00928	0.01734
3	0.55281	0.02300	0.01926	0.01740	0.02403	0.02584	0.01376	0.03759	0.10596	0.04954	0.02278	0.02536	0.01804	0.01264	0.00866	0.00389	0.00930	0.00787	0.00831	0.01398
4	0.01959	0.01221	0.01463	0.01451	0.01480	0.01179	0.00883	0.01724	0.01693	0.02288	0.03104	0.05997	0.03410	0.39844	0.05014	0.23349	0.01093	0.01416	0.00682	0.00748
5	0.55648	0.02218	0.01937	0.01693	0.02394	0.02398	0.01355	0.03678	0.02218	0.13548	0.02256	0.02476	0.01698	0.01242	0.00864	0.00383	0.00940	0.00764	0.00872	0.01420
6	0.02754	0.20705	0.13693	0.02983	0.11990	0.02827	0.02409	0.03269	0.02423	0.03425	0.02085	0.02546	0.01768	0.01097	0.00975	0.00298	0.01228	0.00798	0.00626	0.22101
7	0.02576	0.16947	0.43632	0.02956	0.04386	0.02978	0.03568	0.03522	0.02414	0.03460	0.02117	0.02545	0.01637	0.01187	0.01070	0.00368	0.01570	0.00840	0.00555	0.01674
8	0.01791	0.01311	0.01607	0.01522	0.01807	0.01177	0.01119	0.02179	0.03119	0.04371	0.47785	0.08461	0.14547	0.02399	0.01376	0.00391	0.00616	0.02029	0.01240	0.01150
9	0.02962	0.02635	0.08823	0.27034	0.19616	0.02441	0.03001	0.03559	0.02565	0.11908	0.02606	0.03245	0.01975	0.01264	0.01182	0.00391	0.01394	0.01045	0.00731	0.01624
10	0.03166	0.01985	0.02723	0.21445	0.04334	0.02151	0.02089	0.07814	0.11332	0.20063	0.08394	0.03855	0.03074	0.01368	0.01115	0.00351	0.01076	0.01155	0.00979	0.01531
11	0.01334	0.01044	0.01208	0.01298	0.01534	0.00919	0.00924	0.01603	0.02397	0.03045	0.14028	0.30135	0.30736	0.02958	0.01329	0.00395	0.00580	0.02578	0.01034	0.00919
12	0.01328	0.00949	0.01265	0.01518	0.01581	0.00886	0.01012	0.01518	0.02088	0.02783	0.06010	0.60969	0.07212	0.03416	0.01392	0.00443	0.00633	0.03100	0.01012	0.00886
13	0.17497	0.02114	0.02598	0.18737	0.04087	0.02357	0.01991	0.07953	0.11114	0.16586	0.02893	0.03028	0.02043	0.01219	0.01006	0.00350	0.01076	0.00964	0.00888	0.01499
14	0.02802	0.01921	0.02316	0.01682	0.02625	0.01484	0.01356	0.03274	0.02438	0.14267	0.02424	0.02559	0.01838	0.00919	0.00867	0.00198	0.00832	0.00739	0.00791	0.54668
15	0.01394	0.00999	0.01324	0.01474	0.01596	0.00929	0.01017	0.01683	0.02392	0.03268	0.20751	0.44845	0.08151	0.03054	0.01359	0.00412	0.00597	0.02755	0.01070	0.00929
16	0.02290	0.02257	0.04077	0.38036	0.17600	0.02518	0.11468	0.03033	0.02315	0.03080	0.02010	0.02867	0.01549	0.01034	0.01122	0.00355	0.01486	0.01025	0.00508	0.01370
17	0.11948	0.02869	0.03096	0.03046	0.12109	0.08227	0.02104	0.23162	0.07568	0.11309	0.02635	0.02707	0.01921	0.01213	0.01029	0.00328	0.01189	0.00937	0.00923	0.01680
18	0.02553	0.02532	0.03878	0.26720	0.32657	0.06609	0.03130	0.03204	0.02411	0.03194	0.01980	0.02725	0.01597	0.01029	0.01076	0.00336	0.01407	0.00950	0.00520	0.01492
19	0.02530	0.02404	0.06393	0.01835	0.02683	0.07035	0.01566	0.03055	0.02556	0.07855	0.10919	0.03344	0.03124	0.01140	0.00947	0.00233	0.00946	0.00924	0.00774	0.39739
20	0.02471	0.18612	0.20419	0.11420	0.04941	0.03036	0.17689	0.03320	0.02345	0.03143	0.01919	0.02446	0.01480	0.00982	0.01036	0.00326	0.01545	0.00920	0.00493	0.01456

[dist]
# distance from previous block
# <min> <max>
6	27

[block]
# block no. 5 follows, 12 sequences, length 44
# corresponding to MSA columns:
# 663-706
name=unknown_F
#
# <colnr> <probs for GDERKNQSTAVLIFYWHMCP>
#	G	D	E	R	K	N	Q	S	T	A	V	L	I	F	Y	W	H	M	C	P
0	0.02446	0.02300	0.03721	0.26989	0.29523	0.02539	0.03017	0.03428	0.08653	0.03378	0.02304	0.02952	0.01818	0.01082	0.01087	0.00345	0.01304	0.01003	0.00589	0.01522
1	0.02081	0.01250	0.01625	0.01693	0.01951	0.01200	0.01238	0.02595	0.06848	0.11763	0.05565	0.42200	0.06034	0.02865	0.01327	0.00424	0.00734	0.06398	0.01076	0.01132
2	0.01439	0.01124	0.01323	0.01375	0.01671	0.01007	0.01070	0.01804	0.02587	0.03301	0.18871	0.14485	0.31548	0.02750	0.01340	0.00395	0.00640	0.11260	0.01051	0.00957
3	0.02840	0.25661	0.19301	0.11786	0.04182	0.03172	0.02676	0.07519	0.02562	0.07842	0.02049	0.02345	0.01555	0.01057	0.00929	0.00304	0.01324	0.00790	0.00598	0.01508
4	0.02892	0.03988	0.30866	0.02631	0.03823	0.02384	0.02920	0.04452	0.15623	0.14710	0.03094	0.03057	0.02164	0.01217	0.01068	0.00350	0.01273	0.00978	0.00816	0.01692
5	0.02351	0.14637	0.33254	0.02570	0.03737	0.02651	0.02968	0.07441	0.02508	0.03496	0.02612	0.11979	0.02396	0.01438	0.01041	0.00340	0.01333	0.01163	0.00610	0.01475
6	0.01477	0.01024	0.01264	0.01350	0.01417	0.00985	0.00861	0.01637	0.02033	0.02754	0.12903	0.28570	0.06298	0.28787	0.03199	0.00696	0.00799	0.02248	0.00889	0.00811
7	0.02261	0.01938	0.02261	0.01615	0.02584	0.01453	0.01292	0.02745	0.02261	0.03553	0.01938	0.02261	0.01615	0.00807	0.00807	0.00161	0.00807	0.00646	0.00646	0.68346
8	0.32886	0.23173	0.03289	0.01816	0.02574	0.11096	0.01579	0.03530	0.02241	0.07020	0.01720	0.01917	0.01386	0.01023	0.00756	0.00293	0.01124	0.00637	0.00630	0.01311
9	0.02049	0.01225	0.01597	0.01634	0.01949	0.01124	0.01280	0.02406	0.02534	0.11865	0.10940	0.24610	0.14828	0.02740	0.01346	0.00419	0.00757	0.14516	0.01083	0.01098
10	0.02340	0.02668	0.09117	0.13363	0.20409	0.02400	0.18359	0.03086	0.02398	0.03310	0.02568	0.10043	0.02313	0.01284	0.01183	0.00361	0.01441	0.01323	0.00587	0.01447
11	0.02120	0.02507	0.11805	0.16415	0.08893	0.02182	0.06099	0.03144	0.08519	0.03225	0.02833	0.04055	0.02414	0.02833	0.13512	0.00676	0.01704	0.05093	0.00635	0.01337
12	0.01389	0.01082	0.01262	0.01272	0.01548	0.00955	0.00933	0.01739	0.02641	0.03446	0.26184	0.18011	0.30288	0.02674	0.01305	0.00371	0.00552	0.02312	0.01082	0.00955
13	0.02560	0.14051	0.21110	0.04460	0.23873	0.02895	0.09236	0.03384	0.02391	0.03345	0.01947	0.02438	0.01552	0.00978	0.01025	0.00320	0.01440	0.00891	0.00503	0.01601
14	0.11029	0.02313	0.02358	0.02121	0.02745	0.02679	0.01658	0.05471	0.46541	0.04602	0.04074	0.03782	0.03061	0.01421	0.01055	0.00366	0.00860	0.01153	0.01055	0.01658
15	0.03324	0.10738	0.10225	0.02492	0.03500	0.02871	0.06558	0.22886	0.03517	0.08581	0.02360	0.02513	0.01738	0.01106	0.01002	0.00293	0.01216	0.00886	0.00824	0.13371
16	0.11940	0.02766	0.02871	0.02305	0.03092	0.03104	0.01878	0.34364	0.16164	0.06071	0.02917	0.02860	0.02123	0.01313	0.01043	0.00339	0.01075	0.00993	0.01043	0.01740
17	0.01328	0.00949	0.01265	0.01518	0.01581	0.00886	0.01012	0.01518	0.02088	0.02783	0.06010	0.60969	0.07212	0.03416	0.01392	0.00443	0.00633	0.03100	0.01012	0.00886
18	0.02385	0.02385	0.03340	0.02863	0.02863	0.03340	0.02385	0.02624	0.01670	0.02624	0.01431	0.02385	0.01431	0.01908	0.03578	0.00477	0.59685	0.00954	0.00477	0.01193
19	0.02279	0.02163	0.03668	0.41026	0.23823	0.02480	0.03138	0.02979	0.02284	0.03053	0.01977	0.02835	0.01548	0.01049	0.01086	0.00350	0.01399	0.00970	0.00504	0.01389
20	0.32964	0.02333	0.02350	0.01892	0.02670	0.02516	0.01561	0.18419	0.03178	0.18472	0.02566	0.02526	0.01775	0.01189	0.00910	0.00334	0.00974	0.00839	0.00974	0.01559
21	0.02844	0.01406	0.01851	0.01573	0.02071	0.01246	0.01238	0.03301	0.03048	0.24500	0.30787	0.06598	0.11130	0.01928	0.01211	0.00343	0.00681	0.01655	0.01243	0.01346
22	0.03454	0.02026	0.02459	0.01859	0.02709	0.01792	0.01511	0.11662	0.03111	0.22757	0.07187	0.03320	0.02752	0.01201	0.00997	0.00267	0.00892	0.00971	0.01016	0.28055
23	0.57949	0.02649	0.01863	0.01675	0.02330	0.12050	0.01343	0.03406	0.02072	0.04503	0.01547	0.01805	0.01220	0.01032	0.00729	0.00327	0.01040	0.00610	0.00655	0.01195
24	0.03295	0.01801	0.02218	0.01917	0.02460	0.01770	0.01488	0.15440	0.03220	0.22413	0.04550	0.26055	0.04268	0.02156	0.01212	0.00376	0.00880	0.01859	0.01151	0.01472
25	0.02659	0.02382	0.03729	0.28898	0.25609	0.02648	0.02996	0.11058	0.02790	0.03772	0.02096	0.02776	0.01629	0.01079	0.01086	0.00342	0.01349	0.00972	0.00607	0.01523
26	0.02385	0.02385	0.03340	0.02863	0.02863	0.03340	0.02385	0.02624	0.01670	0.02624	0.01431	0.02385	0.01431	0.01908	0.03578	0.00477	0.59685	0.00954	0.00477	0.01193
27	0.03205	0.02651	0.03954	0.15442	0.09309	0.07448	0.14641	0.07847	0.06540	0.13871	0.02697	0.03031	0.01940	0.01137	0.01132	0.00346	0.01416	0.01071	0.00779	0.01545
28	0.01586	0.01057	0.01189	0.01189	0.01189	0.01057	0.00661	0.01586	0.01586	0.02114	0.03436	0.07135	0.03964	0.61681	0.05550	0.01057	0.01057	0.01586	0.00661	0.00661
29	0.01623	0.01315	0.02035	0.01845	0.02169	0.01223	0.07297	0.02094	0.02698	0.03700	0.29445	0.20490	0.11013	0.02448	0.01330	0.00385	0.00752	0.06052	0.01046	0.01041
30	0.03283	0.20692	0.03494	0.02020	0.02826	0.07748	0.01715	0.04352	0.15320	0.14193	0.02908	0.02836	0.02188	0.01156	0.00927	0.00283	0.01061	0.00874	0.00846	0.11280
31	0.01885	0.01081	0.01346	0.01422	0.01638	0.01024	0.01039	0.02242	0.02354	0.07684	0.09495	0.30676	0.05711	0.02457	0.01175	0.00372	0.00635	0.05386	0.21352	0.01026
32	0.02252	0.02400	0.08968	0.01801	0.02850	0.01588	0.01633	0.02834	0.02266	0.03541	0.01940	0.02266	0.01586	0.00836	0.00836	0.00184	0.00908	0.00666	0.00623	0.60022
33	0.29130	0.02097	0.02108	0.01644	0.02480	0.02024	0.01338	0.07330	0.02412	0.08105	0.02001	0.02203	0.01542	0.00971	0.00800	0.00258	0.00864	0.00686	0.00746	0.31260
34	0.28739	0.10353	0.02834	0.01962	0.02738	0.07310	0.01643	0.16388	0.03057	0.12300	0.02228	0.02291	0.01627	0.01139	0.00875	0.00317	0.01084	0.00776	0.00847	0.01493
35	0.08573	0.02063	0.07012	0.06810	0.02954	0.01784	0.01734	0.03771	0.09003	0.19886	0.14998	0.04952	0.08684	0.01601	0.01114	0.00348	0.00898	0.01329	0.01044	0.01443
36	0.03370	0.39869	0.04682	0.02237	0.03024	0.25150	0.01960	0.03693	0.02559	0.02606	0.01583	0.01834	0.01401	0.01008	0.00811	0.00252	0.01481	0.00630	0.00504	0.01346
37	0.02699	0.02591	0.04426	0.06693	0.54879	0.02591	0.03346	0.03346	0.02483	0.03562	0.02051	0.02699	0.01727	0.00972	0.01079	0.00324	0.01295	0.00972	0.00540	0.01727
38	0.01551	0.01108	0.01521	0.01773	0.01934	0.01078	0.01399	0.01903	0.02307	0.03033	0.05887	0.35670	0.06725	0.03206	0.01451	0.00474	0.00826	0.26200	0.01008	0.00947
39	0.03405	0.21161	0.04342	0.02826	0.08013	0.02879	0.10052	0.04251	0.09116	0.18978	0.02892	0.02921	0.02110	0.01130	0.01004	0.00313	0.01179	0.00973	0.00835	0.01620
40	0.01876	0.01149	0.01477	0.01449	0.01705	0.01049	0.01045	0.02211	0.02592	0.09945	0.24715	0.24142	0.11583	0.07937	0.01683	0.00440	0.00655	0.02207	0.01095	0.01045
41	0.01366	0.00978	0.01299	0.01493	0.01590	0.00911	0.01015	0.01613	0.02262	0.03062	0.14464	0.51722	0.07750	0.03208	0.01373	0.00425	0.00612	0.02902	0.01045	0.00911
42	0.03151	0.08306	0.19058	0.02337	0.03305	0.02291	0.02385	0.07878	0.07298	0.18871	0.03448	0.07789	0.02757	0.01496	0.01095	0.00352	0.01158	0.04519	0.00909	0.01598
43	0.02859	0.13818	0.14058	0.03532	0.04656	0.02853	0.28253	0.03673	0.02533	0.09825	0.02303	0.02719	0.01694	0.00995	0.01117	0.00336	0.01567	0.01058	0.00621	0.01529

[dist]
# distance from previous block
# <min> <max>
0	8

[block]
# block no. 6 follows, 12 sequences, length 60
# corresponding to MSA columns:
# 715-774
name=unknown_G
#
# <colnr> <probs for GDERKNQSTAVLIFYWHMCP>
#	G	D	E	R	K	N	Q	S	T	A	V	L	I	F	Y	W	H	M	C	P
0	0.01354	0.01079	0.01214	0.01240	0.01528	0.00939	0.00907	0.01669	0.02550	0.03242	0.20009	0.19098	0.35806	0.02758	0.01307	0.00376	0.00558	0.02371	0.01055	0.00939
1	0.01457	0.01081	0.01359	0.01353	0.01593	0.00982	0.00991	0.01868	0.02789	0.03817	0.37434	0.18762	0.17386	0.02551	0.01307	0.00367	0.00544	0.02247	0.01131	0.00982
2	0.15948	0.02810	0.14674	0.02096	0.02975	0.02136	0.02045	0.07953	0.06994	0.17112	0.11025	0.03648	0.03284	0.01358	0.01032	0.00342	0.01023	0.01072	0.00947	0.01526
3	0.29634	0.02123	0.02223	0.06947	0.02950	0.02166	0.01519	0.08495	0.02478	0.08708	0.02040	0.02283	0.01542	0.01016	0.00835	0.00284	0.00935	0.00728	0.00750	0.22344
4	0.02584	0.25934	0.28251	0.02503	0.03682	0.03150	0.02866	0.07344	0.02529	0.03400	0.02184	0.02999	0.01856	0.01194	0.00958	0.00316	0.01359	0.04826	0.00564	0.01501
5	0.02928	0.02245	0.02616	0.02250	0.02546	0.06909	0.01772	0.08323	0.02444	0.12301	0.02827	0.08424	0.02633	0.12288	0.02814	0.00519	0.22857	0.01254	0.00782	0.01268
6	0.02593	0.02290	0.07910	0.32513	0.09158	0.02211	0.06093	0.03282	0.02397	0.12200	0.02678	0.07235	0.02120	0.01281	0.01122	0.00361	0.01331	0.01155	0.00681	0.01389
7	0.02608	0.02253	0.03918	0.36804	0.06324	0.02508	0.13625	0.07345	0.02607	0.08011	0.02268	0.02962	0.01644	0.01094	0.01135	0.00359	0.01472	0.01053	0.00629	0.01383
8	0.51155	0.02263	0.02275	0.01863	0.02610	0.02506	0.05545	0.08702	0.02382	0.09202	0.01929	0.02125	0.01421	0.01065	0.00808	0.00339	0.00974	0.00735	0.00766	0.01336
9	0.08288	0.02557	0.04467	0.10653	0.36533	0.02595	0.12326	0.03311	0.02419	0.03591	0.02025	0.02686	0.01641	0.00976	0.01086	0.00337	0.01376	0.01000	0.00548	0.01584
10	0.02394	0.02279	0.03874	0.31678	0.32279	0.02510	0.03194	0.03079	0.02338	0.03192	0.01997	0.02798	0.01597	0.01028	0.01085	0.00343	0.01371	0.00970	0.00513	0.01481
11	0.01684	0.01281	0.01577	0.01564	0.01826	0.01281	0.01146	0.02553	0.11526	0.03934	0.31217	0.23119	0.08154	0.02450	0.01286	0.00377	0.00611	0.02177	0.01128	0.01108
12	0.01638	0.01170	0.01620	0.01872	0.02070	0.01152	0.01550	0.02053	0.02392	0.03130	0.05839	0.25844	0.06536	0.03124	0.01474	0.00486	0.00901	0.35172	0.01006	0.00971
13	0.01489	0.01112	0.01382	0.01315	0.01596	0.01006	0.00986	0.01952	0.02958	0.04067	0.45054	0.08647	0.19728	0.02343	0.01287	0.00348	0.00523	0.02042	0.01160	0.01006
14	0.01586	0.01057	0.01189	0.01189	0.01189	0.01057	0.00661	0.01586	0.01586	0.02114	0.03436	0.07135	0.03964	0.61681	0.05550	0.01057	0.01057	0.01586	0.00661	0.00661
15	0.02550	0.01168	0.01290	0.01184	0.01544	0.01122	0.00914	0.03043	0.02438	0.13404	0.03692	0.04001	0.02777	0.01285	0.00823	0.00269	0.00584	0.01031	0.55712	0.01168
16	0.04073	0.05197	0.03090	0.02809	0.03371	0.57303	0.02107	0.04354	0.03090	0.02669	0.01685	0.01966	0.01404	0.01124	0.00983	0.00281	0.01966	0.00702	0.00562	0.01264
17	0.02712	0.02342	0.02465	0.02219	0.02835	0.02712	0.01726	0.05794	0.52909	0.04561	0.04438	0.04068	0.03328	0.01479	0.01109	0.00370	0.00863	0.01233	0.01109	0.01726
18	0.01524	0.01091	0.01480	0.01675	0.01841	0.01047	0.01291	0.01885	0.02414	0.03232	0.14153	0.33926	0.07389	0.03064	0.01416	0.00448	0.00750	0.19380	0.01041	0.00954
19	0.03281	0.23849	0.03661	0.01860	0.02778	0.02691	0.01641	0.07779	0.02697	0.15732	0.02401	0.02448	0.01813	0.01024	0.00861	0.00243	0.01000	0.00759	0.00785	0.22697
20	0.04145	0.03054	0.03272	0.02509	0.03381	0.03381	0.02072	0.51243	0.05127	0.06872	0.02618	0.02618	0.01854	0.01309	0.01091	0.00327	0.01200	0.00982	0.01091	0.01854
21	0.02033	0.01016	0.01016	0.01016	0.01270	0.01016	0.00762	0.02541	0.02287	0.04065	0.03557	0.04065	0.02795	0.01270	0.00762	0.00254	0.00508	0.01016	0.67734	0.01016
22	0.01996	0.01925	0.03362	0.36317	0.05829	0.02148	0.10941	0.02674	0.02371	0.03071	0.07845	0.04438	0.09711	0.01395	0.01170	0.00363	0.01312	0.01300	0.00633	0.01200
23	0.04892	0.01856	0.02530	0.01940	0.02783	0.01603	0.01603	0.05314	0.03121	0.55634	0.04302	0.03711	0.02699	0.01350	0.01096	0.00337	0.00928	0.01096	0.01350	0.01856
24	0.02667	0.01444	0.01870	0.01616	0.02083	0.01345	0.01263	0.03366	0.07241	0.20099	0.34832	0.06447	0.07383	0.01897	0.01213	0.00343	0.00670	0.01642	0.01238	0.01340
25	0.02291	0.13761	0.48824	0.02930	0.04444	0.02787	0.03719	0.03426	0.02290	0.03326	0.01894	0.02223	0.01384	0.01021	0.00988	0.00329	0.01548	0.00774	0.00461	0.01581
26	0.02224	0.02118	0.03098	0.10855	0.07839	0.02772	0.02320	0.02560	0.01813	0.02677	0.01862	0.03065	0.01794	0.07420	0.07977	0.00611	0.36278	0.01031	0.00509	0.01177
27	0.02796	0.01890	0.02264	0.01955	0.02324	0.02118	0.01486	0.07673	0.13887	0.12860	0.03413	0.04627	0.02982	0.21769	0.03015	0.00610	0.10865	0.01258	0.00894	0.01312
28	0.02069	0.01352	0.01745	0.01816	0.02092	0.01336	0.01411	0.07548	0.02641	0.07770	0.05420	0.34545	0.05953	0.02886	0.01370	0.00440	0.00836	0.16615	0.01046	0.01110
29	0.02856	0.02177	0.02760	0.26803	0.04721	0.06873	0.02191	0.06894	0.06228	0.12766	0.07338	0.03791	0.02794	0.05480	0.01410	0.00396	0.01233	0.01120	0.00809	0.01359
30	0.02436	0.05292	0.51114	0.03000	0.04541	0.02447	0.03806	0.03624	0.02377	0.08249	0.02172	0.02432	0.01502	0.01065	0.01041	0.00345	0.01549	0.00832	0.00542	0.01634
31	0.03480	0.02613	0.13101	0.20094	0.04641	0.02040	0.02519	0.04161	0.02667	0.28964	0.03107	0.03186	0.02053	0.01208	0.01083	0.00347	0.01225	0.01000	0.00906	0.01606
32	0.48537	0.11151	0.06999	0.01759	0.02541	0.07514	0.01603	0.03335	0.02053	0.04246	0.01570	0.01831	0.01248	0.01013	0.00736	0.00318	0.01053	0.00618	0.00617	0.01256
33	0.01425	0.01047	0.01346	0.01477	0.01653	0.00968	0.01073	0.01744	0.02445	0.03265	0.19040	0.34999	0.14535	0.02976	0.01363	0.00413	0.00632	0.07599	0.01059	0.00940
34	0.02628	0.08195	0.03572	0.16682	0.04421	0.11781	0.09029	0.03188	0.02424	0.03109	0.01894	0.02423	0.01524	0.00960	0.00967	0.00269	0.01350	0.00823	0.00561	0.24200
35	0.02376	0.01871	0.02009	0.01838	0.02321	0.02089	0.01417	0.04510	0.34391	0.04432	0.13011	0.04782	0.04446	0.01570	0.01073	0.00343	0.00733	0.01321	0.14000	0.01467
36	0.02313	0.01275	0.01694	0.01518	0.01896	0.01152	0.01162	0.02778	0.03011	0.16294	0.38530	0.11496	0.08248	0.02121	0.01250	0.00350	0.00621	0.01860	0.01220	0.01211
37	0.02108	0.01497	0.02382	0.02006	0.02454	0.01455	0.12375	0.02708	0.02391	0.03794	0.03637	0.05252	0.03145	0.01496	0.01012	0.00323	0.00898	0.09235	0.40712	0.01118
38	0.01558	0.01168	0.01752	0.01752	0.01947	0.01363	0.01363	0.01947	0.01752	0.02531	0.02921	0.04283	0.02726	0.08178	0.57360	0.01752	0.02921	0.01168	0.00584	0.00974
