[name]
unknown

[dist]
# distance from previous block
# <min> <max>
0	177

[block]
# block no. 0 follows, 13 sequences, length 57
# corresponding to MSA columns:
# 286-342
name=unknown_A
#
# <colnr> <probs for GDERKNQSTAVLIFYWHMCP>
#	G	D	E	R	K	N	Q	S	T	A	V	L	I	F	Y	W	H	M	C	P
0	0.02233	0.01838	0.06726	0.01969	0.02489	0.01541	0.01782	0.07519	0.02772	0.08216	0.11305	0.08175	0.05137	0.02191	0.01267	0.00397	0.00959	0.26092	0.00963	0.06427
1	0.01377	0.01014	0.01322	0.01481	0.01629	0.00913	0.01008	0.01589	0.02041	0.02772	0.05439	0.56255	0.06459	0.03064	0.01294	0.00403	0.00630	0.02772	0.00947	0.07590
2	0.02181	0.02091	0.06259	0.01944	0.02480	0.02039	0.01609	0.04145	0.32430	0.04156	0.18060	0.09431	0.05192	0.01744	0.01138	0.00355	0.00784	0.01498	0.01044	0.01419
3	0.02764	0.57420	0.05211	0.01785	0.02693	0.03911	0.01754	0.03116	0.02153	0.02582	0.01510	0.01745	0.01377	0.00893	0.00689	0.00219	0.01097	0.00571	0.00469	0.08039
4	0.03000	0.02223	0.02788	0.06052	0.03267	0.02360	0.05618	0.08428	0.29339	0.13271	0.03585	0.03450	0.02609	0.01270	0.01056	0.00330	0.00977	0.01086	0.00989	0.08304
5	0.01979	0.01310	0.01620	0.01488	0.01569	0.01436	0.01002	0.02057	0.01697	0.07532	0.03098	0.05845	0.03325	0.46888	0.04646	0.00865	0.10734	0.01392	0.00677	0.00838
6	0.43153	0.02590	0.02203	0.01841	0.02549	0.07263	0.01502	0.19466	0.02937	0.05197	0.01835	0.02002	0.01377	0.01085	0.00811	0.00319	0.01020	0.00706	0.00778	0.01366
7	0.01997	0.01879	0.03171	0.60301	0.07282	0.02349	0.02936	0.02701	0.02114	0.02701	0.01879	0.02819	0.01409	0.01057	0.01057	0.00352	0.01409	0.00940	0.00470	0.01175
8	0.13820	0.01793	0.02414	0.14560	0.07963	0.02042	0.01940	0.02750	0.02222	0.07531	0.07332	0.04907	0.08091	0.01659	0.01429	0.00376	0.09798	0.07442	0.00740	0.01192
9	0.02313	0.02313	0.03238	0.02776	0.02776	0.03238	0.02313	0.02545	0.01619	0.02545	0.01388	0.02313	0.01388	0.01851	0.03470	0.00463	0.60907	0.00925	0.00463	0.01157
10	0.03077	0.08009	0.02857	0.02286	0.02915	0.16655	0.01801	0.08615	0.33656	0.03979	0.03279	0.03151	0.02506	0.01293	0.01012	0.00323	0.01150	0.00998	0.00892	0.01546
11	0.01510	0.01133	0.01699	0.01699	0.01888	0.01322	0.01322	0.01888	0.01699	0.02454	0.02832	0.04154	0.02643	0.07930	0.58652	0.01699	0.02832	0.01133	0.00566	0.00944
12	0.01288	0.00920	0.01227	0.01472	0.01534	0.00859	0.00981	0.01472	0.02024	0.02699	0.05828	0.62152	0.06993	0.03312	0.01350	0.00429	0.00613	0.03006	0.00981	0.00859
13	0.01997	0.01879	0.03171	0.60301	0.07282	0.02349	0.02936	0.02701	0.02114	0.02701	0.01879	0.02819	0.01409	0.01057	0.01057	0.00352	0.01409	0.00940	0.00470	0.01175
14	0.01253	0.01058	0.01085	0.01106	0.01437	0.00890	0.00819	0.01513	0.02376	0.02843	0.10285	0.14710	0.51558	0.02733	0.01258	0.00363	0.00542	0.02299	0.00982	0.00890
15	0.04019	0.02962	0.03173	0.02433	0.03279	0.03279	0.02010	0.52721	0.04971	0.06663	0.02538	0.02538	0.01798	0.01269	0.01058	0.00317	0.01163	0.00952	0.01058	0.01798
16	0.01288	0.00920	0.01227	0.01472	0.01534	0.00859	0.00981	0.01472	0.02024	0.02699	0.05828	0.62152	0.06993	0.03312	0.01350	0.00429	0.00613	0.03006	0.00981	0.00859
17	0.02630	0.02271	0.02391	0.02152	0.02749	0.02630	0.01674	0.05618	0.54336	0.04423	0.04303	0.03945	0.03228	0.01434	0.01076	0.00359	0.00837	0.01195	0.01076	0.01674
18	0.02121	0.05469	0.57364	0.03014	0.04576	0.02455	0.03906	0.03348	0.02232	0.03348	0.01897	0.02232	0.01339	0.01005	0.01005	0.00335	0.01563	0.00781	0.00446	0.01563
19	0.02098	0.01983	0.03354	0.51511	0.15281	0.02376	0.02987	0.02790	0.02162	0.02824	0.01897	0.02786	0.01453	0.01038	0.01055	0.00346	0.01384	0.00940	0.00479	0.01256
20	0.01971	0.00985	0.00985	0.00985	0.01232	0.00985	0.00739	0.02464	0.02217	0.03942	0.03449	0.03942	0.02710	0.01232	0.00739	0.00246	0.00493	0.00985	0.68712	0.00985
21	0.03950	0.05039	0.02996	0.02724	0.03269	0.58597	0.02043	0.04222	0.02996	0.02588	0.01634	0.01907	0.01362	0.01090	0.00953	0.00272	0.01907	0.00681	0.00545	0.01226
22	0.01288	0.00920	0.01227	0.01472	0.01534	0.00859	0.00981	0.01472	0.02024	0.02699	0.05828	0.62152	0.06993	0.03312	0.01350	0.00429	0.00613	0.03006	0.00981	0.00859
23	0.01997	0.01879	0.03171	0.60301	0.07282	0.02349	0.02936	0.02701	0.02114	0.02701	0.01879	0.02819	0.01409	0.01057	0.01057	0.00352	0.01409	0.00940	0.00470	0.01175
24	0.01971	0.00985	0.00985	0.00985	0.01232	0.00985	0.00739	0.02464	0.02217	0.03942	0.03449	0.03942	0.02710	0.01232	0.00739	0.00246	0.00493	0.00985	0.68712	0.00985
25	0.07905	0.01443	0.01665	0.01659	0.01985	0.01503	0.01219	0.03004	0.15296	0.07992	0.08760	0.33216	0.05403	0.02382	0.01189	0.00387	0.00702	0.02093	0.01018	0.01178
26	0.01510	0.01133	0.01699	0.01699	0.01888	0.01322	0.01322	0.01888	0.01699	0.02454	0.02832	0.04154	0.02643	0.07930	0.58652	0.01699	0.02832	0.01133	0.00566	0.00944
27	0.01971	0.00985	0.00985	0.00985	0.01232	0.00985	0.00739	0.02464	0.02217	0.03942	0.03449	0.03942	0.02710	0.01232	0.00739	0.00246	0.00493	0.00985	0.68712	0.00985
28	0.01704	0.01217	0.01704	0.01947	0.02191	0.01217	0.01704	0.02191	0.02434	0.03164	0.05598	0.11926	0.06085	0.02921	0.01460	0.00487	0.00974	0.49130	0.00974	0.00974
29	0.02192	0.01879	0.02192	0.01566	0.02506	0.01409	0.01253	0.02662	0.02192	0.03445	0.01879	0.02192	0.01566	0.00783	0.00783	0.00157	0.00783	0.00626	0.00626	0.69305
30	0.02744	0.18428	0.31330	0.02420	0.03650	0.02634	0.02798	0.03561	0.02345	0.12340	0.02183	0.02335	0.01580	0.01016	0.00920	0.00294	0.01286	0.00766	0.00609	0.06760
31	0.02356	0.24828	0.40069	0.02612	0.03955	0.03032	0.03207	0.03288	0.02204	0.03061	0.01755	0.02053	0.01345	0.00971	0.00896	0.00299	0.01418	0.00709	0.00448	0.01494
32	0.70310	0.02045	0.01554	0.01390	0.02045	0.02372	0.01145	0.03108	0.01799	0.04744	0.01472	0.01718	0.01145	0.00981	0.00654	0.00327	0.00818	0.00573	0.00654	0.01145
33	0.01741	0.01142	0.01450	0.01337	0.01653	0.01030	0.01015	0.02195	0.02903	0.08622	0.44064	0.07884	0.16601	0.02169	0.01231	0.00336	0.00540	0.01889	0.01148	0.01051
34	0.02952	0.34441	0.12749	0.02188	0.03195	0.03130	0.05929	0.03492	0.02336	0.11697	0.02065	0.02222	0.01598	0.00974	0.00844	0.00263	0.01179	0.00738	0.00613	0.07395
35	0.01288	0.00920	0.01227	0.01472	0.01534	0.00859	0.00981	0.01472	0.02024	0.02699	0.05828	0.62152	0.06993	0.03312	0.01350	0.00429	0.00613	0.03006	0.00981	0.00859
36	0.02968	0.02196	0.02401	0.02108	0.02741	0.02458	0.01654	0.05544	0.46129	0.12829	0.04282	0.03889	0.03130	0.01414	0.01074	0.00354	0.00847	0.01174	0.01113	0.01694
37	0.02609	0.01866	0.02235	0.01618	0.02537	0.01433	0.01302	0.03069	0.02329	0.12190	0.02254	0.02422	0.01738	0.00869	0.00829	0.00184	0.00802	0.00698	0.00738	0.58278
38	0.26392	0.07530	0.02939	0.07491	0.15999	0.06521	0.02002	0.03595	0.07347	0.07822	0.02123	0.02396	0.01644	0.01048	0.00878	0.00317	0.01083	0.00797	0.00674	0.01402
39	0.17762	0.13344	0.18829	0.05621	0.03320	0.02562	0.02240	0.06879	0.02308	0.03700	0.02072	0.06588	0.01786	0.01158	0.00882	0.00304	0.01133	0.00873	0.00602	0.08038
40	0.02679	0.12265	0.13200	0.12902	0.04641	0.02815	0.16654	0.07095	0.02500	0.07507	0.02086	0.02562	0.01568	0.01074	0.01226	0.00335	0.05913	0.00953	0.00592	0.01432
41	0.01288	0.00920	0.01227	0.01472	0.01534	0.00859	0.00981	0.01472	0.02024	0.02699	0.05828	0.62152	0.06993	0.03312	0.01350	0.00429	0.00613	0.03006	0.00981	0.00859
42	0.01318	0.00941	0.01261	0.01506	0.01580	0.00884	0.01033	0.01523	0.02053	0.02732	0.05811	0.58578	0.06928	0.03285	0.01357	0.00433	0.00639	0.06287	0.00981	0.00867
43	0.03324	0.02616	0.02782	0.02292	0.03014	0.02954	0.01842	0.29166	0.29658	0.05543	0.03421	0.03242	0.02513	0.01352	0.01067	0.00338	0.01000	0.01074	0.01067	0.01736
44	0.03525	0.02323	0.02604	0.02153	0.02870	0.02516	0.01727	0.17359	0.28674	0.18541	0.03825	0.03501	0.02710	0.01360	0.01068	0.00340	0.00935	0.01100	0.01131	0.01737
45	0.02687	0.26482	0.20043	0.08003	0.03791	0.03165	0.02537	0.11117	0.02627	0.03498	0.01835	0.02133	0.01442	0.01000	0.00880	0.00281	0.01268	0.00732	0.00561	0.05917
46	0.02121	0.05469	0.57364	0.03014	0.04576	0.02455	0.03906	0.03348	0.02232	0.03348	0.01897	0.02232	0.01339	0.01005	0.01005	0.00335	0.01563	0.00781	0.00446	0.01563
47	0.01325	0.01049	0.01192	0.01209	0.01488	0.00916	0.00887	0.01643	0.02509	0.03217	0.22471	0.18068	0.35003	0.02638	0.01265	0.00362	0.00538	0.02269	0.01033	0.00916
48	0.07660	0.02053	0.11170	0.02099	0.02632	0.01540	0.06183	0.02385	0.02352	0.03420	0.12141	0.18549	0.05273	0.02223	0.01240	0.00400	0.00979	0.15743	0.00851	0.01105
49	0.01997	0.01879	0.03171	0.60301	0.07282	0.02349	0.02936	0.02701	0.02114	0.02701	0.01879	0.02819	0.01409	0.01057	0.01057	0.00352	0.01409	0.00940	0.00470	0.01175
50	0.01335	0.00956	0.01269	0.01440	0.01544	0.00890	0.00985	0.01589	0.02241	0.03044	0.17002	0.49992	0.07662	0.03055	0.01327	0.00408	0.00588	0.02761	0.01022	0.00890
51	0.03924	0.01618	0.02191	0.01742	0.02417	0.01414	0.01414	0.04356	0.03018	0.43671	0.17171	0.04684	0.04474	0.01524	0.01110	0.00329	0.00799	0.01277	0.01272	0.01597
52	0.02468	0.02455	0.07221	0.32838	0.14291	0.02611	0.02853	0.11034	0.02599	0.03511	0.01966	0.02655	0.01511	0.01136	0.01255	0.00348	0.06358	0.00930	0.00573	0.01387
53	0.01278	0.00961	0.01185	0.01364	0.01505	0.00868	0.00934	0.01484	0.02128	0.02741	0.07141	0.48171	0.20126	0.03142	0.01323	0.00410	0.00592	0.02797	0.00982	0.00868
54	0.01538	0.01025	0.01153	0.01153	0.01153	0.01025	0.00641	0.01538	0.01538	0.02050	0.03331	0.06919	0.03844	0.62842	0.05382	0.01025	0.01025	0.01538	0.00641	0.00641
55	0.02547	0.01313	0.01750	0.01508	0.01942	0.01178	0.01178	0.03017	0.03004	0.21300	0.39023	0.06507	0.07596	0.01886	0.01188	0.00331	0.00628	0.01638	0.01211	0.01257
56	0.09159	0.02862	0.15909	0.12013	0.08256	0.02179	0.02481	0.07564	0.02676	0.22547	0.02715	0.02819	0.01847	0.01133	0.01011	0.00331	0.01184	0.00914	0.00825	0.01574

[dist]
# distance from previous block
# <min> <max>
0	1

[block]
# block no. 1 follows, 13 sequences, length 28
# corresponding to MSA columns:
# 344-371
name=unknown_B
#
# <colnr> <probs for GDERKNQSTAVLIFYWHMCP>
#	G	D	E	R	K	N	Q	S	T	A	V	L	I	F	Y	W	H	M	C	P
0	0.15301	0.02102	0.02352	0.01870	0.02639	0.06311	0.01527	0.04746	0.02825	0.44107	0.03528	0.03157	0.02277	0.01238	0.00988	0.00323	0.00968	0.00953	0.01141	0.01647
1	0.70310	0.02045	0.01554	0.01390	0.02045	0.02372	0.01145	0.03108	0.01799	0.04744	0.01472	0.01718	0.01145	0.00981	0.00654	0.00327	0.00818	0.00573	0.00654	0.01145
2	0.01496	0.01081	0.01413	0.01330	0.01580	0.00998	0.00998	0.01995	0.02993	0.04240	0.55689	0.07898	0.09976	0.02162	0.01247	0.00333	0.00499	0.01912	0.01164	0.00998
3	0.02734	0.33679	0.04183	0.11933	0.03547	0.08099	0.01989	0.03752	0.14468	0.02987	0.02219	0.02433	0.01805	0.01071	0.00859	0.00283	0.01175	0.00787	0.00609	0.01389
4	0.02617	0.02512	0.04292	0.06490	0.56246	0.02512	0.03245	0.03245	0.02407	0.03454	0.01989	0.02617	0.01675	0.00942	0.01047	0.00314	0.01256	0.00942	0.00523	0.01675
5	0.01327	0.01074	0.01179	0.01153	0.01476	0.00926	0.00865	0.01668	0.02594	0.03293	0.24901	0.09457	0.41355	0.02515	0.01249	0.00349	0.00524	0.02131	0.01039	0.00926
6	0.01997	0.01879	0.03171	0.60301	0.07282	0.02349	0.02936	0.02701	0.02114	0.02701	0.01879	0.02819	0.01409	0.01057	0.01057	0.00352	0.01409	0.00940	0.00470	0.01175
7	0.01288	0.00920	0.01227	0.01472	0.01534	0.00859	0.00981	0.01472	0.02024	0.02699	0.05828	0.62152	0.06993	0.03312	0.01350	0.00429	0.00613	0.03006	0.00981	0.00859
8	0.02630	0.02271	0.02391	0.02152	0.02749	0.02630	0.01674	0.05618	0.54336	0.04423	0.04303	0.03945	0.03228	0.01434	0.01076	0.00359	0.00837	0.01195	0.01076	0.01674
9	0.70310	0.02045	0.01554	0.01390	0.02045	0.02372	0.01145	0.03108	0.01799	0.04744	0.01472	0.01718	0.01145	0.00981	0.00654	0.00327	0.00818	0.00573	0.00654	0.01145
10	0.70310	0.02045	0.01554	0.01390	0.02045	0.02372	0.01145	0.03108	0.01799	0.04744	0.01472	0.01718	0.01145	0.00981	0.00654	0.00327	0.00818	0.00573	0.00654	0.01145
11	0.02121	0.05469	0.57364	0.03014	0.04576	0.02455	0.03906	0.03348	0.02232	0.03348	0.01897	0.02232	0.01339	0.01005	0.01005	0.00335	0.01563	0.00781	0.00446	0.01563
12	0.02192	0.01879	0.02192	0.01566	0.02506	0.01409	0.01253	0.02662	0.02192	0.03445	0.01879	0.02192	0.01566	0.00783	0.00783	0.00157	0.00783	0.00626	0.00626	0.69305
13	0.02630	0.02271	0.02391	0.02152	0.02749	0.02630	0.01674	0.05618	0.54336	0.04423	0.04303	0.03945	0.03228	0.01434	0.01076	0.00359	0.00837	0.01195	0.01076	0.01674
14	0.01366	0.00996	0.01286	0.01382	0.01542	0.00916	0.00972	0.01679	0.02434	0.03311	0.25618	0.36561	0.12397	0.02810	0.01301	0.00385	0.00562	0.02514	0.01052	0.00916
15	0.01997	0.01879	0.03171	0.60301	0.07282	0.02349	0.02936	0.02701	0.02114	0.02701	0.01879	0.02819	0.01409	0.01057	0.01057	0.00352	0.01409	0.00940	0.00470	0.01175
16	0.02606	0.02138	0.03215	0.20747	0.20446	0.02164	0.02443	0.06381	0.02491	0.08093	0.02156	0.02655	0.01659	0.00992	0.00988	0.00289	0.01151	0.00876	0.00636	0.17873
17	0.02827	0.63478	0.05540	0.01809	0.02714	0.04184	0.01809	0.03166	0.02148	0.02488	0.01470	0.01696	0.01357	0.00905	0.00678	0.00226	0.01131	0.00565	0.00452	0.01357
18	0.01282	0.00942	0.01204	0.01413	0.01518	0.00864	0.00955	0.01479	0.02081	0.02722	0.06549	0.54468	0.14211	0.03219	0.01335	0.00419	0.00602	0.02891	0.00982	0.00864
19	0.01922	0.02721	0.19120	0.02037	0.02775	0.01817	0.02049	0.03190	0.14646	0.03780	0.19561	0.09168	0.09355	0.01753	0.01138	0.00348	0.00922	0.01493	0.00891	0.01314
20	0.02390	0.28094	0.32990	0.06692	0.04038	0.03130	0.03009	0.03230	0.02191	0.02962	0.01727	0.02063	0.01351	0.00969	0.00880	0.00293	0.01381	0.00708	0.00450	0.01453
21	0.01289	0.00992	0.01180	0.01304	0.01496	0.00883	0.00913	0.01531	0.02250	0.02880	0.11617	0.37610	0.26313	0.02975	0.01302	0.00394	0.00574	0.02618	0.00996	0.00883
22	0.01787	0.01334	0.01515	0.01422	0.01767	0.01349	0.01080	0.02813	0.14411	0.04018	0.28920	0.06752	0.14549	0.01935	0.01130	0.00329	0.00580	0.01657	0.11518	0.01132
23	0.08082	0.02431	0.07598	0.28740	0.05034	0.02444	0.02459	0.14403	0.02885	0.12316	0.02357	0.02744	0.01660	0.01134	0.01023	0.00337	0.01242	0.00920	0.00745	0.01444
24	0.08424	0.02294	0.03665	0.24674	0.05099	0.02562	0.13553	0.10197	0.02616	0.08296	0.02155	0.02719	0.01589	0.01133	0.01270	0.00353	0.06385	0.00989	0.00656	0.01370
25	0.01312	0.00969	0.01227	0.01383	0.01522	0.00885	0.00953	0.01556	0.02231	0.02949	0.13894	0.45423	0.15745	0.03037	0.01318	0.00403	0.00584	0.02715	0.01008	0.00885
26	0.03685	0.02782	0.03173	0.12006	0.03941	0.03125	0.02163	0.44446	0.04499	0.06008	0.02429	0.02585	0.01734	0.01234	0.01058	0.00323	0.01204	0.00950	0.00960	0.01695
27	0.13643	0.07326	0.02929	0.07071	0.03213	0.02162	0.05545	0.07715	0.02747	0.27317	0.03178	0.03651	0.02337	0.01304	0.01015	0.00335	0.01045	0.04999	0.00958	0.01511

[dist]
# distance from previous block
# <min> <max>
1	3

[block]
# block no. 2 follows, 13 sequences, length 53
# corresponding to MSA columns:
# 375-427
name=unknown_C
#
# <colnr> <probs for GDERKNQSTAVLIFYWHMCP>
#	G	D	E	R	K	N	Q	S	T	A	V	L	I	F	Y	W	H	M	C	P
0	0.02601	0.16197	0.03023	0.01732	0.02601	0.02185	0.01487	0.06550	0.02454	0.06828	0.02234	0.02863	0.01913	0.01027	0.00843	0.00218	0.00912	0.04009	0.00685	0.39639
1	0.70310	0.02045	0.01554	0.01390	0.02045	0.02372	0.01145	0.03108	0.01799	0.04744	0.01472	0.01718	0.01145	0.00981	0.00654	0.00327	0.00818	0.00573	0.00654	0.01145
2	0.01356	0.01002	0.01274	0.01402	0.01568	0.00919	0.01001	0.01647	0.02341	0.03114	0.18270	0.37642	0.15799	0.02913	0.01316	0.00398	0.00596	0.05515	0.01024	0.00904
3	0.02333	0.02870	0.16090	0.31376	0.12848	0.02369	0.07041	0.03143	0.02273	0.06634	0.02072	0.02710	0.01525	0.01033	0.01059	0.00342	0.01420	0.00936	0.00533	0.01394
4	0.03322	0.19361	0.07683	0.02189	0.02976	0.03015	0.01989	0.13734	0.10204	0.14831	0.02660	0.02676	0.01969	0.01241	0.01205	0.00317	0.07328	0.00887	0.00837	0.01575
5	0.01504	0.01146	0.01393	0.01361	0.01632	0.01081	0.01008	0.02101	0.06636	0.03761	0.35804	0.15705	0.18168	0.02371	0.01249	0.00353	0.00548	0.02076	0.01095	0.01008
6	0.22450	0.02045	0.02320	0.01833	0.02611	0.02042	0.01513	0.11922	0.02992	0.35036	0.03186	0.02924	0.02091	0.01214	0.00951	0.00326	0.00918	0.00913	0.01092	0.01621
7	0.01463	0.01106	0.01382	0.01495	0.01751	0.01025	0.01194	0.01836	0.02454	0.03162	0.15036	0.17869	0.23262	0.02779	0.01342	0.00412	0.00704	0.19788	0.01007	0.00934
8	0.02630	0.02271	0.02391	0.02152	0.02749	0.02630	0.01674	0.05618	0.54336	0.04423	0.04303	0.03945	0.03228	0.01434	0.01076	0.00359	0.00837	0.01195	0.01076	0.01674
9	0.03184	0.02547	0.02703	0.02264	0.02961	0.02889	0.01808	0.24405	0.34647	0.05317	0.03599	0.03384	0.02657	0.01369	0.01069	0.00342	0.00967	0.01098	0.01069	0.01723
10	0.03950	0.05039	0.02996	0.02724	0.03269	0.58597	0.02043	0.04222	0.02996	0.02588	0.01634	0.01907	0.01362	0.01090	0.00953	0.00272	0.01907	0.00681	0.00545	0.01226
11	0.70310	0.02045	0.01554	0.01390	0.02045	0.02372	0.01145	0.03108	0.01799	0.04744	0.01472	0.01718	0.01145	0.00981	0.00654	0.00327	0.00818	0.00573	0.00654	0.01145
12	0.01343	0.01023	0.01236	0.01292	0.01514	0.00915	0.00928	0.01658	0.02469	0.03255	0.23743	0.27138	0.24206	0.02725	0.01283	0.00374	0.00550	0.02391	0.01041	0.00915
13	0.03279	0.01953	0.02424	0.02257	0.06472	0.01998	0.01653	0.04790	0.24349	0.24212	0.10883	0.04240	0.03776	0.01447	0.01092	0.00340	0.00846	0.01222	0.01135	0.01632
14	0.01459	0.01092	0.01375	0.01559	0.01689	0.01085	0.01070	0.02001	0.08692	0.02919	0.05633	0.54732	0.06513	0.03073	0.01315	0.00420	0.00642	0.02775	0.00994	0.00963
15	0.20205	0.02732	0.11042	0.02942	0.12126	0.02533	0.02282	0.07295	0.02364	0.11597	0.02085	0.02405	0.01579	0.01219	0.01419	0.00352	0.12846	0.00838	0.00689	0.01449
16	0.02255	0.02040	0.03256	0.50170	0.10579	0.02459	0.02863	0.07970	0.02435	0.03173	0.01956	0.02774	0.01470	0.01071	0.01056	0.00346	0.01372	0.00941	0.00535	0.01278
17	0.02493	0.02624	0.04549	0.20684	0.21560	0.06386	0.19798	0.03208	0.02395	0.03160	0.01985	0.02705	0.01555	0.00967	0.01112	0.00336	0.01523	0.01027	0.00514	0.01418
18	0.01288	0.00920	0.01227	0.01472	0.01534	0.00859	0.00981	0.01472	0.02024	0.02699	0.05828	0.62152	0.06993	0.03312	0.01350	0.00429	0.00613	0.03006	0.00981	0.00859
19	0.11686	0.13300	0.07169	0.01870	0.02717	0.02280	0.01702	0.03532	0.02325	0.17916	0.02344	0.02436	0.01730	0.01064	0.01026	0.00272	0.05086	0.00760	0.00759	0.20027
20	0.09341	0.02411	0.10428	0.02179	0.03107	0.01822	0.05326	0.04617	0.02782	0.41636	0.03499	0.03207	0.02252	0.01211	0.01036	0.00330	0.01048	0.00998	0.01082	0.01689
21	0.01288	0.00920	0.01227	0.01472	0.01534	0.00859	0.00981	0.01472	0.02024	0.02699	0.05828	0.62152	0.06993	0.03312	0.01350	0.00429	0.00613	0.03006	0.00981	0.00859
22	0.02409	0.02372	0.04172	0.20452	0.31814	0.02548	0.09830	0.03062	0.02278	0.03169	0.01932	0.02680	0.01571	0.01038	0.01270	0.00342	0.06109	0.00982	0.00506	0.01464
23	0.03292	0.10372	0.14067	0.15688	0.04179	0.02364	0.02409	0.07151	0.02675	0.23434	0.02736	0.02834	0.01868	0.01136	0.01001	0.00321	0.01197	0.00908	0.00817	0.01551
24	0.04538	0.02637	0.02594	0.02099	0.02846	0.16300	0.01680	0.04912	0.03018	0.42918	0.03515	0.03161	0.02293	0.01252	0.01035	0.00313	0.01160	0.00964	0.01111	0.01651
25	0.70310	0.02045	0.01554	0.01390	0.02045	0.02372	0.01145	0.03108	0.01799	0.04744	0.01472	0.01718	0.01145	0.00981	0.00654	0.00327	0.00818	0.00573	0.00654	0.01145
26	0.01288	0.00920	0.01227	0.01472	0.01534	0.00859	0.00981	0.01472	0.02024	0.02699	0.05828	0.62152	0.06993	0.03312	0.01350	0.00429	0.00613	0.03006	0.00981	0.00859
27	0.03182	0.03037	0.02871	0.02784	0.08555	0.15082	0.01983	0.13956	0.28267	0.04340	0.03140	0.03091	0.02384	0.01276	0.01042	0.00327	0.01178	0.01010	0.00898	0.01598
28	0.02857	0.01833	0.02586	0.18419	0.03821	0.02044	0.01976	0.08326	0.02576	0.17931	0.03317	0.15094	0.02922	0.01718	0.01446	0.00373	0.09156	0.01396	0.00864	0.01343
29	0.01353	0.00989	0.01272	0.01384	0.01538	0.00908	0.00968	0.01649	0.02383	0.03222	0.22726	0.38888	0.13076	0.02868	0.01305	0.00390	0.00568	0.02565	0.01041	0.00908
30	0.03950	0.05039	0.02996	0.02724	0.03269	0.58597	0.02043	0.04222	0.02996	0.02588	0.01634	0.01907	0.01362	0.01090	0.00953	0.00272	0.01907	0.00681	0.00545	0.01226
31	0.01329	0.01062	0.01189	0.01182	0.01483	0.00922	0.00877	0.01661	0.02559	0.03270	0.24176	0.13535	0.37891	0.02568	0.01257	0.00355	0.00530	0.02194	0.01038	0.00922
32	0.04019	0.02962	0.03173	0.02433	0.03279	0.03279	0.02010	0.52721	0.04971	0.06663	0.02538	0.02538	0.01798	0.01269	0.01058	0.00317	0.01163	0.00952	0.01058	0.01798
33	0.01305	0.00933	0.01242	0.01461	0.01537	0.00870	0.00983	0.01514	0.02101	0.02821	0.09789	0.57841	0.07230	0.03221	0.01341	0.00422	0.00604	0.02919	0.00996	0.00870
34	0.02827	0.63478	0.05540	0.01809	0.02714	0.04184	0.01809	0.03166	0.02148	0.02488	0.01470	0.01696	0.01357	0.00905	0.00678	0.00226	0.01131	0.00565	0.00452	0.01357
35	0.02775	0.02343	0.02473	0.02181	0.02805	0.02698	0.01709	0.10541	0.49177	0.04657	0.04119	0.03798	0.03078	0.01417	0.01074	0.00354	0.00871	0.01170	0.01074	0.01687
36	0.01288	0.00920	0.01227	0.01472	0.01534	0.00859	0.00981	0.01472	0.02024	0.02699	0.05828	0.62152	0.06993	0.03312	0.01350	0.00429	0.00613	0.03006	0.00981	0.00859
37	0.01971	0.09517	0.03050	0.22422	0.07928	0.02079	0.05161	0.02535	0.02446	0.03276	0.19717	0.08049	0.04590	0.01522	0.01101	0.00332	0.01038	0.01359	0.00735	0.01172
38	0.07347	0.09889	0.02892	0.02191	0.08192	0.02104	0.01607	0.06977	0.02464	0.07568	0.02030	0.02271	0.01617	0.00906	0.00831	0.00219	0.00918	0.00706	0.00679	0.38595
39	0.03290	0.16248	0.21252	0.02218	0.03309	0.02406	0.02366	0.03958	0.02518	0.23870	0.02682	0.02642	0.01852	0.01085	0.00942	0.00296	0.01160	0.00833	0.00793	0.06278
40	0.02279	0.02167	0.03681	0.35823	0.29555	0.02423	0.03077	0.02949	0.02248	0.03044	0.01929	0.02727	0.01530	0.01005	0.01052	0.00335	0.01340	0.00941	0.00494	0.01402
41	0.01946	0.01124	0.01319	0.01246	0.01350	0.01092	0.00757	0.01998	0.01727	0.09052	0.03438	0.06496	0.03688	0.54998	0.04831	0.00936	0.01009	0.01477	0.00726	0.00788
42	0.01985	0.04168	0.39697	0.09992	0.04345	0.02162	0.03223	0.03006	0.02363	0.03437	0.12239	0.03397	0.03009	0.01234	0.01058	0.00337	0.01339	0.01019	0.00587	0.01404
43	0.02595	0.01759	0.02600	0.09472	0.03144	0.01787	0.08156	0.07000	0.05966	0.13712	0.07140	0.08546	0.03460	0.17334	0.02237	0.00523	0.01081	0.01390	0.00859	0.01239
44	0.01476	0.01077	0.01428	0.01641	0.01825	0.01029	0.01294	0.01811	0.02263	0.02935	0.06344	0.32250	0.12796	0.03050	0.01388	0.00447	0.00770	0.24283	0.00978	0.00916
45	0.02734	0.02056	0.02231	0.01978	0.02574	0.02266	0.01547	0.05034	0.40929	0.11176	0.05103	0.04693	0.09850	0.01576	0.01096	0.00354	0.00807	0.01310	0.01095	0.01591
46	0.02103	0.09731	0.03473	0.52845	0.06700	0.02583	0.02793	0.02761	0.02119	0.02674	0.01827	0.02676	0.01403	0.01038	0.01009	0.00336	0.01374	0.00892	0.00468	0.01198
47	0.01997	0.01879	0.03171	0.60301	0.07282	0.02349	0.02936	0.02701	0.02114	0.02701	0.01879	0.02819	0.01409	0.01057	0.01057	0.00352	0.01409	0.00940	0.00470	0.01175
48	0.02614	0.08692	0.03985	0.12075	0.16051	0.02497	0.11923	0.03539	0.08987	0.07003	0.02377	0.02776	0.01836	0.01012	0.01018	0.00304	0.01227	0.00960	0.00648	0.10475
49	0.70310	0.02045	0.01554	0.01390	0.02045	0.02372	0.01145	0.03108	0.01799	0.04744	0.01472	0.01718	0.01145	0.00981	0.00654	0.00327	0.00818	0.00573	0.00654	0.01145
50	0.02205	0.02154	0.03129	0.02617	0.02826	0.02713	0.05953	0.02513	0.01803	0.02741	0.01973	0.08594	0.02013	0.01792	0.02732	0.00412	0.42322	0.01130	0.00543	0.09833
51	0.11527	0.24015	0.18004	0.09853	0.07387	0.02968	0.02497	0.03285	0.02197	0.06744	0.01851	0.02173	0.01437	0.00990	0.00860	0.00297	0.01231	0.00730	0.00542	0.01411
52	0.02185	0.02039	0.03265	0.43593	0.15163	0.02413	0.02829	0.03167	0.08822	0.03051	0.02207	0.02927	0.01687	0.01085	0.01058	0.00347	0.01310	0.00973	0.00556	0.01325

[dist]
# distance from previous block
# <min> <max>
0	2

[block]
# block no. 3 follows, 13 sequences, length 13
# corresponding to MSA columns:
# 430-442
name=unknown_D
#
# <colnr> <probs for GDERKNQSTAVLIFYWHMCP>
#	G	D	E	R	K	N	Q	S	T	A	V	L	I	F	Y	W	H	M	C	P
0	0.08786	0.02466	0.09033	0.07057	0.16833	0.02130	0.02320	0.04185	0.07978	0.24014	0.03004	0.03028	0.02099	0.01151	0.01020	0.00330	0.01086	0.00967	0.00879	0.01634
1	0.04197	0.02676	0.02997	0.02297	0.03137	0.02856	0.01898	0.41048	0.04494	0.19011	0.02939	0.02799	0.01999	0.01279	0.01059	0.00320	0.01099	0.00979	0.01119	0.01798
2	0.01307	0.01067	0.01117	0.01108	0.01416	0.00918	0.00808	0.01572	0.02383	0.02924	0.14890	0.09585	0.45345	0.08904	0.01681	0.00424	0.00583	0.02124	0.00966	0.00878
3	0.02848	0.24417	0.08474	0.13510	0.04048	0.02843	0.09044	0.03371	0.02308	0.12271	0.02170	0.02532	0.01648	0.01165	0.01115	0.04131	0.01255	0.00855	0.00618	0.01375
4	0.02276	0.03141	0.19294	0.09840	0.12765	0.02431	0.05687	0.03491	0.11789	0.03408	0.02711	0.03730	0.02264	0.01341	0.01291	0.00365	0.06093	0.05989	0.00639	0.01456
5	0.04744	0.01799	0.02454	0.01881	0.02699	0.01554	0.01554	0.05153	0.03026	0.56979	0.04171	0.03599	0.02617	0.01309	0.01063	0.00327	0.00900	0.01063	0.01309	0.01799
6	0.01457	0.01039	0.01258	0.01262	0.01500	0.00948	0.00924	0.01847	0.02603	0.03624	0.31026	0.17883	0.18612	0.02382	0.01210	0.00346	0.00527	0.02080	0.08524	0.00948
7	0.10269	0.08449	0.23814	0.14932	0.04376	0.06454	0.02763	0.03477	0.02315	0.10605	0.02105	0.02423	0.01511	0.01053	0.00955	0.00323	0.01345	0.00806	0.00601	0.01424
8	0.01380	0.01096	0.01608	0.01657	0.01839	0.01009	0.05084	0.01632	0.02115	0.02776	0.06203	0.50247	0.13273	0.03031	0.01328	0.00414	0.00697	0.02758	0.00946	0.00909
9	0.70310	0.02045	0.01554	0.01390	0.02045	0.02372	0.01145	0.03108	0.01799	0.04744	0.01472	0.01718	0.01145	0.00981	0.00654	0.00327	0.00818	0.00573	0.00654	0.01145
10	0.01486	0.01080	0.01386	0.01386	0.01520	0.01140	0.00968	0.01692	0.01730	0.02342	0.04123	0.06129	0.10452	0.29999	0.28650	0.01235	0.01766	0.01452	0.00654	0.00811
11	0.02924	0.39810	0.12318	0.02337	0.03318	0.07465	0.07662	0.03447	0.02328	0.06989	0.01826	0.02061	0.01481	0.00962	0.00836	0.00267	0.01299	0.00717	0.00534	0.01418
12	0.02575	0.02124	0.02393	0.01800	0.02676	0.01907	0.01444	0.11906	0.09852	0.04148	0.02329	0.02494	0.01835	0.00958	0.00872	0.00213	0.00858	0.00762	0.00764	0.48090

[dist]
# distance from previous block
# <min> <max>
0	9

[block]
# block no. 4 follows, 13 sequences, length 63
# corresponding to MSA columns:
# 452-483,488-492,496-521
name=unknown_E
#
# <colnr> <probs for GDERKNQSTAVLIFYWHMCP>
#	G	D	E	R	K	N	Q	S	T	A	V	L	I	F	Y	W	H	M	C	P
0	0.01460	0.01053	0.01381	0.01355	0.01572	0.00974	0.00995	0.01905	0.02826	0.03974	0.47076	0.17269	0.09461	0.02360	0.01265	0.00349	0.00519	0.02101	0.01132	0.00974
1	0.02617	0.02512	0.04292	0.06490	0.56246	0.02512	0.03245	0.03245	0.02407	0.03454	0.01989	0.02617	0.01675	0.00942	0.01047	0.00314	0.01256	0.00942	0.00523	0.01675
2	0.01496	0.01081	0.01413	0.01330	0.01580	0.00998	0.00998	0.01995	0.02993	0.04240	0.55689	0.07898	0.09976	0.02162	0.01247	0.00333	0.00499	0.01912	0.01164	0.00998
3	0.03950	0.05039	0.02996	0.02724	0.03269	0.58597	0.02043	0.04222	0.02996	0.02588	0.01634	0.01907	0.01362	0.01090	0.00953	0.00272	0.01907	0.00681	0.00545	0.01226
4	0.01528	0.01074	0.01385	0.01307	0.01556	0.00997	0.00980	0.02026	0.02941	0.04220	0.52205	0.07634	0.09492	0.02100	0.01213	0.00327	0.00498	0.01850	0.05668	0.00997
5	0.01496	0.01081	0.01413	0.01330	0.01580	0.00998	0.00998	0.01995	0.02993	0.04240	0.55689	0.07898	0.09976	0.02162	0.01247	0.00333	0.00499	0.01912	0.01164	0.00998
6	0.01460	0.01053	0.01381	0.01355	0.01572	0.00973	0.00995	0.01904	0.02824	0.03971	0.46977	0.17376	0.09455	0.02363	0.01265	0.00349	0.00519	0.02103	0.01132	0.00973
7	0.01682	0.01203	0.01674	0.01884	0.02128	0.01194	0.01631	0.02170	0.02492	0.03275	0.10766	0.11511	0.06486	0.02842	0.01438	0.00471	0.00925	0.44258	0.00993	0.00976
8	0.01997	0.01879	0.03171	0.60301	0.07282	0.02349	0.02936	0.02701	0.02114	0.02701	0.01879	0.02819	0.01409	0.01057	0.01057	0.00352	0.01409	0.00940	0.00470	0.01175
9	0.70310	0.02045	0.01554	0.01390	0.02045	0.02372	0.01145	0.03108	0.01799	0.04744	0.01472	0.01718	0.01145	0.00981	0.00654	0.00327	0.00818	0.00573	0.00654	0.01145
10	0.01733	0.01501	0.02557	0.02071	0.02515	0.01395	0.13185	0.02325	0.02875	0.04038	0.42994	0.06702	0.07992	0.01860	0.01247	0.00338	0.00803	0.01755	0.01015	0.01099
11	0.03950	0.05039	0.02996	0.02724	0.03269	0.58597	0.02043	0.04222	0.02996	0.02588	0.01634	0.01907	0.01362	0.01090	0.00953	0.00272	0.01907	0.00681	0.00545	0.01226
12	0.02759	0.57883	0.10539	0.01925	0.02893	0.04017	0.02011	0.03184	0.02156	0.02571	0.01511	0.01748	0.01355	0.00914	0.00710	0.00237	0.01172	0.00586	0.00452	0.01377
13	0.02827	0.63478	0.05540	0.01809	0.02714	0.04184	0.01809	0.03166	0.02148	0.02488	0.01470	0.01696	0.01357	0.00905	0.00678	0.00226	0.01131	0.00565	0.00452	0.01357
14	0.02121	0.05469	0.57364	0.03014	0.04576	0.02455	0.03906	0.03348	0.02232	0.03348	0.01897	0.02232	0.01339	0.01005	0.01005	0.00335	0.01563	0.00781	0.00446	0.01563
15	0.01375	0.01038	0.01278	0.01353	0.01573	0.00941	0.00996	0.01704	0.02463	0.03248	0.22213	0.26307	0.22122	0.02747	0.01299	0.00384	0.00587	0.06415	0.01036	0.00920
16	0.06937	0.01461	0.01706	0.01555	0.02002	0.01361	0.01170	0.06667	0.02455	0.10248	0.04593	0.27773	0.08133	0.02118	0.01099	0.00337	0.00726	0.01830	0.05147	0.12682
17	0.03152	0.53030	0.05018	0.01821	0.02711	0.03738	0.01766	0.03503	0.02297	0.11718	0.01928	0.02018	0.01570	0.00973	0.00744	0.00243	0.01092	0.00650	0.00597	0.01432
18	0.01538	0.01025	0.01153	0.01153	0.01153	0.01025	0.00641	0.01538	0.01538	0.02050	0.03331	0.06919	0.03844	0.62842	0.05382	0.01025	0.01025	0.01538	0.00641	0.00641
19	0.02114	0.01318	0.01684	0.01486	0.01856	0.01244	0.01148	0.06278	0.03148	0.11329	0.44891	0.06926	0.08389	0.01982	0.01209	0.00331	0.00602	0.01728	0.01175	0.01164
20	0.02868	0.03798	0.31795	0.02751	0.03939	0.02117	0.08056	0.03766	0.02502	0.18543	0.02881	0.03507	0.02132	0.01242	0.01085	0.00348	0.01347	0.05014	0.00745	0.01566
21	0.01378	0.00977	0.01292	0.01512	0.01595	0.00931	0.01057	0.01589	0.02037	0.02703	0.05535	0.48743	0.06529	0.09394	0.01783	0.00500	0.00711	0.09935	0.00945	0.00854
22	0.02848	0.02223	0.02397	0.02124	0.02744	0.02519	0.01661	0.05570	0.49042	0.09845	0.04290	0.03909	0.03165	0.01421	0.01075	0.00355	0.00843	0.01182	0.01100	0.01687
23	0.02387	0.02077	0.03482	0.38924	0.22728	0.02346	0.02940	0.03046	0.02272	0.06709	0.02074	0.02808	0.01579	0.01038	0.01054	0.00338	0.01325	0.00949	0.00545	0.01379
24	0.09250	0.29605	0.14360	0.02161	0.03017	0.03260	0.02190	0.03412	0.05626	0.06788	0.01919	0.02169	0.01550	0.01125	0.01176	0.00305	0.09378	0.00734	0.00573	0.01400
25	0.03359	0.07478	0.03874	0.08673	0.20906	0.02306	0.08901	0.03921	0.02602	0.23233	0.02767	0.02951	0.01967	0.01078	0.01048	0.00320	0.01195	0.00995	0.00807	0.01619
26	0.02412	0.01872	0.02215	0.01593	0.02522	0.01422	0.01279	0.02876	0.02264	0.08047	0.02076	0.02313	0.01656	0.00828	0.00807	0.00171	0.00793	0.00664	0.00685	0.63503
27	0.01300	0.01041	0.01163	0.01201	0.01477	0.00904	0.00874	0.01590	0.02429	0.03062	0.17440	0.20761	0.37595	0.02723	0.01270	0.00368	0.00546	0.02340	0.01013	0.00904
28	0.03950	0.05039	0.02996	0.02724	0.03269	0.58597	0.02043	0.04222	0.02996	0.02588	0.01634	0.01907	0.01362	0.01090	0.00953	0.00272	0.01907	0.00681	0.00545	0.01226
29	0.01496	0.01081	0.01413	0.01330	0.01580	0.00998	0.00998	0.01995	0.02993	0.04240	0.55689	0.07898	0.09976	0.02162	0.01247	0.00333	0.00499	0.01912	0.01164	0.00998
30	0.01997	0.01879	0.03171	0.60301	0.07282	0.02349	0.02936	0.02701	0.02114	0.02701	0.01879	0.02819	0.01409	0.01057	0.01057	0.00352	0.01409	0.00940	0.00470	0.01175
31	0.01538	0.01025	0.01153	0.01153	0.01153	0.01025	0.00641	0.01538	0.01538	0.02050	0.03331	0.06919	0.03844	0.62842	0.05382	0.01025	0.01025	0.01538	0.00641	0.00641
32	0.01250	0.01071	0.01071	0.01071	0.01428	0.00893	0.00803	0.01517	0.02410	0.02856	0.10711	0.10175	0.55817	0.02678	0.01250	0.00357	0.00536	0.02231	0.00982	0.00893
33	0.02121	0.05469	0.57364	0.03014	0.04576	0.02455	0.03906	0.03348	0.02232	0.03348	0.01897	0.02232	0.01339	0.01005	0.01005	0.00335	0.01563	0.00781	0.00446	0.01563
34	0.01513	0.01123	0.01651	0.01651	0.01823	0.01295	0.01261	0.01857	0.01685	0.02419	0.02876	0.04399	0.02750	0.12803	0.53924	0.01639	0.02672	0.01169	0.00573	0.00917
35	0.01704	0.01217	0.01704	0.01947	0.02191	0.01217	0.01704	0.02191	0.02434	0.03164	0.05598	0.11926	0.06085	0.02921	0.01460	0.00487	0.00974	0.49130	0.00974	0.00974
36	0.02192	0.01879	0.02192	0.01566	0.02506	0.01409	0.01253	0.02662	0.02192	0.03445	0.01879	0.02192	0.01566	0.00783	0.00783	0.00157	0.00783	0.00626	0.00626	0.69305
37	0.01538	0.01025	0.01153	0.01153	0.01153	0.01025	0.00641	0.01538	0.01538	0.02050	0.03331	0.06919	0.03844	0.62842	0.05382	0.01025	0.01025	0.01538	0.00641	0.00641
38	0.02943	0.57449	0.05278	0.01904	0.02771	0.09798	0.01833	0.03275	0.02236	0.02498	0.01487	0.01718	0.01357	0.00924	0.00707	0.00231	0.01211	0.00577	0.00462	0.01343
39	0.70310	0.02045	0.01554	0.01390	0.02045	0.02372	0.01145	0.03108	0.01799	0.04744	0.01472	0.01718	0.01145	0.00981	0.00654	0.00327	0.00818	0.00573	0.00654	0.01145
40	0.03950	0.05039	0.02996	0.02724	0.03269	0.58597	0.02043	0.04222	0.02996	0.02588	0.01634	0.01907	0.01362	0.01090	0.00953	0.00272	0.01907	0.00681	0.00545	0.01226
41	0.01884	0.01615	0.02473	0.08058	0.19868	0.01598	0.01880	0.02423	0.02677	0.03734	0.29749	0.05934	0.10427	0.01713	0.01166	0.00330	0.00827	0.01540	0.00880	0.01225
42	0.01810	0.00928	0.01358	0.01358	0.01358	0.00928	0.00894	0.01392	0.01392	0.01856	0.01969	0.03543	0.02015	0.08925	0.04243	0.63184	0.00928	0.00973	0.00475	0.00475
43	0.03320	0.03566	0.18232	0.07506	0.03979	0.02971	0.02615	0.34755	0.03968	0.05406	0.02304	0.02477	0.01638	0.01178	0.01043	0.00325	0.01295	0.00903	0.00838	0.01680
44	0.02598	0.33178	0.17816	0.02201	0.03193	0.03350	0.02304	0.03839	0.15520	0.03200	0.02303	0.02407	0.01831	0.01065	0.00862	0.00287	0.01165	0.00781	0.00610	0.01490
45	0.03066	0.02694	0.03243	0.13103	0.15503	0.07471	0.02341	0.20309	0.07673	0.04431	0.02314	0.02635	0.01766	0.01113	0.01021	0.00307	0.01225	0.00914	0.00756	0.08117
46	0.02617	0.02512	0.04292	0.06490	0.56246	0.02512	0.03245	0.03245	0.02407	0.03454	0.01989	0.02617	0.01675	0.00942	0.01047	0.00314	0.01256	0.00942	0.00523	0.01675
47	0.01627	0.01165	0.01607	0.01794	0.02020	0.01144	0.01511	0.02087	0.02492	0.03307	0.14371	0.16067	0.06852	0.02826	0.01412	0.00454	0.00856	0.36432	0.01008	0.00967
48	0.01810	0.01150	0.01514	0.01383	0.01688	0.01051	0.01051	0.02300	0.02996	0.09327	0.50719	0.07483	0.09266	0.02079	0.01229	0.00332	0.00537	0.01830	0.01178	0.01075
49	0.03043	0.02413	0.02641	0.02055	0.02879	0.02455	0.01659	0.23943	0.15116	0.04991	0.02698	0.02731	0.02037	0.01130	0.00962	0.00268	0.00952	0.00889	0.00906	0.26229
50	0.01512	0.01125	0.01659	0.01659	0.01834	0.01300	0.01272	0.01862	0.01687	0.02425	0.02868	0.04355	0.02731	0.11935	0.54766	0.01650	0.02700	0.01162	0.00572	0.00922
51	0.09741	0.01887	0.02726	0.18188	0.12366	0.01950	0.02086	0.03751	0.02491	0.24028	0.02879	0.03080	0.02007	0.01144	0.00991	0.00325	0.01050	0.00956	0.06876	0.01476
52	0.02189	0.11064	0.52365	0.02897	0.04397	0.02622	0.03704	0.03331	0.02224	0.03265	0.01856	0.02181	0.01341	0.00995	0.00973	0.00324	0.01521	0.00760	0.00447	0.01543
53	0.02150	0.01258	0.01738	0.01839	0.02145	0.01203	0.01530	0.02562	0.02454	0.12471	0.05396	0.20710	0.05664	0.02719	0.01368	0.00447	0.00887	0.31330	0.01034	0.01094
54	0.01710	0.01427	0.02161	0.14006	0.12229	0.01485	0.01764	0.02080	0.02108	0.02803	0.04401	0.27953	0.07578	0.08529	0.01655	0.00455	0.00944	0.04896	0.00764	0.01051
55	0.08188	0.09053	0.12395	0.02151	0.03102	0.02386	0.02055	0.14199	0.03115	0.28405	0.02990	0.02827	0.02003	0.01185	0.00986	0.00316	0.01087	0.00908	0.00977	0.01670
56	0.03032	0.01975	0.02876	0.32584	0.05150	0.02208	0.02324	0.07385	0.07984	0.19424	0.02864	0.03148	0.01987	0.01187	0.01061	0.00343	0.01180	0.01004	0.00826	0.01459
57	0.01347	0.01063	0.01213	0.01200	0.01494	0.00930	0.00891	0.01696	0.02603	0.03372	0.27477	0.13272	0.34626	0.02529	0.01256	0.00353	0.00527	0.02169	0.01051	0.00930
58	0.02259	0.07472	0.20967	0.07837	0.04829	0.02523	0.26009	0.03138	0.02322	0.03201	0.02329	0.07848	0.01971	0.01154	0.01130	0.00347	0.01540	0.01193	0.00537	0.01393
59	0.03273	0.07817	0.19665	0.03064	0.09195	0.02284	0.09914	0.04012	0.02583	0.23575	0.02769	0.02839	0.01897	0.01089	0.01042	0.00325	0.01280	0.00957	0.00794	0.01628
60	0.03147	0.02405	0.06957	0.17707	0.18047	0.02272	0.05677	0.07868	0.02723	0.18707	0.02631	0.02928	0.01861	0.01103	0.01065	0.00331	0.01237	0.00985	0.00774	0.01575
61	0.01567	0.01190	0.01579	0.01539	0.01657	0.01342	0.01114	0.01785	0.01694	0.02349	0.03559	0.05516	0.07487	0.27007	0.29590	0.01233	0.06969	0.01356	0.00620	0.00847
62	0.22776	0.01967	0.02008	0.01554	0.02360	0.01823	0.01254	0.06969	0.02325	0.04070	0.02406	0.02615	0.05105	0.01011	0.00799	0.00235	0.00809	0.00746	0.00695	0.38473

[dist]
# distance from previous block
# <min> <max>
5	29

[block]
# block no. 5 follows, 13 sequences, length 70
# corresponding to MSA columns:
# 560-629
name=unknown_F
#
# <colnr> <probs for GDERKNQSTAVLIFYWHMCP>
#	G	D	E	R	K	N	Q	S	T	A	V	L	I	F	Y	W	H	M	C	P
0	0.08896	0.46275	0.10983	0.01962	0.02916	0.03747	0.02009	0.07263	0.02359	0.03133	0.01608	0.01829	0.01372	0.00953	0.00745	0.00255	0.01155	0.00623	0.00520	0.01398
1	0.02310	0.07486	0.02604	0.01758	0.02575	0.01954	0.01441	0.03039	0.08172	0.03397	0.02082	0.02361	0.01724	0.00959	0.01034	0.00212	0.05891	0.00712	0.00649	0.49641
2	0.02724	0.01985	0.03147	0.32048	0.15379	0.02126	0.02549	0.03329	0.02374	0.14561	0.02392	0.02891	0.01734	0.01064	0.01032	0.00322	0.01214	0.00939	0.00674	0.07516
3	0.41253	0.02617	0.06415	0.02032	0.02838	0.02663	0.05300	0.17518	0.02800	0.05101	0.01860	0.02075	0.01382	0.01060	0.00839	0.00327	0.01042	0.00746	0.00747	0.01385
4	0.02121	0.05469	0.57364	0.03014	0.04576	0.02455	0.03906	0.03348	0.02232	0.03348	0.01897	0.02232	0.01339	0.01005	0.01005	0.00335	0.01563	0.00781	0.00446	0.01563
5	0.01496	0.01081	0.01413	0.01330	0.01580	0.00998	0.00998	0.01995	0.02993	0.04240	0.55689	0.07898	0.09976	0.02162	0.01247	0.00333	0.00499	0.01912	0.01164	0.00998
6	0.12328	0.01828	0.02350	0.01824	0.02623	0.01649	0.01507	0.04916	0.02884	0.50937	0.03859	0.03381	0.02447	0.01271	0.01016	0.00327	0.00890	0.01006	0.01233	0.01724
7	0.02566	0.02460	0.04199	0.10921	0.52214	0.02499	0.03219	0.03200	0.02383	0.03392	0.01980	0.02633	0.01653	0.00952	0.01048	0.00317	0.01269	0.00942	0.00519	0.01634
8	0.03950	0.05039	0.02996	0.02724	0.03269	0.58597	0.02043	0.04222	0.02996	0.02588	0.01634	0.01907	0.01362	0.01090	0.00953	0.00272	0.01907	0.00681	0.00545	0.01226
9	0.01536	0.01032	0.01190	0.01190	0.01203	0.01045	0.00687	0.01561	0.01549	0.02077	0.03298	0.06732	0.03763	0.59130	0.08982	0.01071	0.01147	0.01510	0.00636	0.00661
10	0.02266	0.02131	0.03423	0.27500	0.13623	0.02403	0.08302	0.03480	0.14158	0.03280	0.02552	0.03145	0.01982	0.01602	0.05244	0.00445	0.01399	0.01048	0.00632	0.01383
11	0.01405	0.01023	0.01227	0.01270	0.01495	0.00926	0.00916	0.01746	0.02481	0.03373	0.24083	0.24035	0.21521	0.02567	0.01236	0.00361	0.00542	0.02245	0.06621	0.00926
12	0.02405	0.24475	0.08084	0.06074	0.03251	0.02633	0.05970	0.02877	0.02146	0.02930	0.01751	0.02180	0.01482	0.01060	0.01038	0.04722	0.01105	0.00708	0.00520	0.24588
13	0.62504	0.09151	0.02015	0.01439	0.02122	0.02581	0.01222	0.03115	0.01840	0.04483	0.01472	0.01715	0.01170	0.00973	0.00657	0.00315	0.00854	0.00572	0.00631	0.01170
14	0.01941	0.01696	0.02239	0.01998	0.01998	0.02177	0.01511	0.02062	0.01580	0.02308	0.02320	0.04521	0.02565	0.31089	0.04386	0.00732	0.32200	0.01219	0.00548	0.00909
15	0.02518	0.02232	0.03951	0.20241	0.15773	0.02322	0.15583	0.03402	0.06720	0.08158	0.06264	0.03315	0.02393	0.01123	0.01121	0.00342	0.01317	0.01123	0.00673	0.01428
16	0.70310	0.02045	0.01554	0.01390	0.02045	0.02372	0.01145	0.03108	0.01799	0.04744	0.01472	0.01718	0.01145	0.00981	0.00654	0.00327	0.00818	0.00573	0.00654	0.01145
17	0.03503	0.02568	0.02781	0.02266	0.03005	0.02853	0.01828	0.28739	0.25460	0.10238	0.03424	0.03222	0.02470	0.01342	0.01066	0.00335	0.01003	0.01064	0.01088	0.01746
18	0.01496	0.01081	0.01413	0.01330	0.01580	0.00998	0.00998	0.01995	0.02993	0.04240	0.55689	0.07898	0.09976	0.02162	0.01247	0.00333	0.00499	0.01912	0.01164	0.00998
19	0.04019	0.02962	0.03173	0.02433	0.03279	0.03279	0.02010	0.52721	0.04971	0.06663	0.02538	0.02538	0.01798	0.01269	0.01058	0.00317	0.01163	0.00952	0.01058	0.01798
20	0.01538	0.01025	0.01153	0.01153	0.01153	0.01025	0.00641	0.01538	0.01538	0.02050	0.03331	0.06919	0.03844	0.62842	0.05382	0.01025	0.01025	0.01538	0.00641	0.00641
21	0.01340	0.01075	0.01197	0.01166	0.01484	0.00931	0.00875	0.01693	0.02625	0.03366	0.27272	0.09337	0.38938	0.02488	0.01249	0.00348	0.00522	0.02114	0.01049	0.00931
