[name]
unknown

[dist]
# distance from previous block
# <min> <max>
0	91

[block]
# block no. 0 follows, 14 sequences, length 16
# corresponding to MSA columns:
# 116-131
name=unknown_A
#
# <colnr> <probs for GDERKNQSTAVLIFYWHMCP>
#	G	D	E	R	K	N	Q	S	T	A	V	L	I	F	Y	W	H	M	C	P
0	0.02818	0.07828	0.02540	0.06662	0.02875	0.02074	0.01732	0.06478	0.16081	0.16406	0.03963	0.05583	0.03394	0.01687	0.01108	0.00361	0.00952	0.15096	0.00963	0.01398
1	0.03145	0.02474	0.06299	0.02795	0.12681	0.06618	0.01980	0.06890	0.13437	0.18403	0.05910	0.03209	0.02561	0.01188	0.01003	0.00301	0.01025	0.00987	0.00889	0.08206
2	0.03054	0.02320	0.08158	0.06999	0.03056	0.04705	0.01839	0.11230	0.08300	0.19947	0.09603	0.09746	0.03463	0.01512	0.01070	0.00330	0.00987	0.01263	0.00971	0.01448
3	0.03015	0.03138	0.11797	0.03358	0.14637	0.13615	0.07562	0.03741	0.05428	0.13497	0.02721	0.03491	0.02176	0.01226	0.01055	0.00325	0.01329	0.05719	0.00716	0.01454
4	0.07622	0.06429	0.22670	0.02185	0.03025	0.02058	0.05463	0.03091	0.07691	0.06169	0.08103	0.03770	0.02863	0.12528	0.01749	0.00443	0.01142	0.01062	0.00668	0.01270
5	0.08853	0.14753	0.27186	0.02101	0.03175	0.02352	0.02377	0.02986	0.02103	0.03304	0.01878	0.02187	0.01462	0.00939	0.00819	0.00265	0.01126	0.00694	0.07628	0.13813
6	0.01410	0.01015	0.01218	0.01232	0.01354	0.00996	0.00818	0.01580	0.01863	0.02473	0.10279	0.12445	0.14212	0.32003	0.11918	0.00849	0.01080	0.01731	0.00756	0.00767
7	0.01509	0.01229	0.01619	0.01547	0.01814	0.01295	0.01195	0.01826	0.01897	0.02606	0.04784	0.11295	0.16657	0.04771	0.28446	0.00945	0.06756	0.01493	0.00691	0.07623
8	0.02251	0.10202	0.37867	0.02805	0.04041	0.02598	0.08365	0.03635	0.11868	0.03362	0.02248	0.02479	0.01660	0.01030	0.00981	0.00321	0.01371	0.00858	0.00553	0.01503
9	0.01927	0.01131	0.01500	0.01406	0.01702	0.01029	0.01053	0.02335	0.02720	0.12659	0.37967	0.18218	0.07931	0.02188	0.01201	0.00341	0.00570	0.01936	0.01117	0.01068
10	0.02546	0.18109	0.02987	0.01930	0.02495	0.08239	0.01567	0.04076	0.27896	0.03283	0.03038	0.03394	0.02521	0.08089	0.05137	0.00457	0.01128	0.00987	0.00765	0.01355
11	0.01250	0.00893	0.01191	0.01429	0.01488	0.00834	0.00953	0.01429	0.01965	0.02620	0.05656	0.63265	0.06787	0.03215	0.01310	0.00417	0.00595	0.02917	0.00953	0.00834
12	0.02521	0.05905	0.02422	0.01619	0.02511	0.01671	0.01326	0.06153	0.02377	0.08801	0.02055	0.02251	0.01620	0.00847	0.00797	0.00182	0.00816	0.00666	0.00688	0.54772
13	0.02540	0.02438	0.04165	0.06299	0.57533	0.02438	0.03149	0.03149	0.02337	0.03353	0.01930	0.02540	0.01626	0.00914	0.01016	0.00305	0.01219	0.00914	0.00508	0.01626
14	0.02312	0.01933	0.02227	0.01607	0.02510	0.01556	0.01292	0.07930	0.02408	0.03668	0.01890	0.02163	0.01543	0.00809	0.00788	0.00168	0.00798	0.00641	0.00651	0.63105
15	0.01283	0.00956	0.01194	0.01317	0.01475	0.00868	0.00918	0.01540	0.02234	0.02952	0.16967	0.40524	0.18309	0.02857	0.01269	0.00383	0.00557	0.02541	0.00988	0.00868

[dist]
# distance from previous block
# <min> <max>
0	2

[block]
# block no. 1 follows, 14 sequences, length 19
# corresponding to MSA columns:
# 134-152
name=unknown_B
#
# <colnr> <probs for GDERKNQSTAVLIFYWHMCP>
#	G	D	E	R	K	N	Q	S	T	A	V	L	I	F	Y	W	H	M	C	P
0	0.50713	0.06889	0.10183	0.01858	0.02669	0.02462	0.06128	0.03077	0.01888	0.04147	0.01543	0.01832	0.01191	0.00943	0.00735	0.00314	0.00998	0.00641	0.00583	0.01206
1	0.01387	0.00989	0.01233	0.01273	0.01407	0.00928	0.00865	0.01645	0.02237	0.03054	0.25324	0.24054	0.10422	0.17899	0.02242	0.00520	0.00647	0.02100	0.00939	0.00835
2	0.02485	0.02382	0.04066	0.11350	0.52913	0.02424	0.03122	0.03101	0.02311	0.03286	0.01921	0.02558	0.01602	0.00925	0.01017	0.00308	0.01233	0.00914	0.00503	0.01581
3	0.01492	0.00995	0.01119	0.01119	0.01119	0.00995	0.00622	0.01492	0.01492	0.01990	0.03233	0.06716	0.03731	0.63935	0.05223	0.00995	0.00995	0.01492	0.00622	0.00622
4	0.04111	0.02295	0.02620	0.02392	0.07953	0.09869	0.01742	0.04739	0.07704	0.40240	0.03512	0.03202	0.02336	0.01217	0.01017	0.00312	0.01038	0.00980	0.01073	0.01646
5	0.01938	0.01824	0.03078	0.61468	0.07068	0.02280	0.02850	0.02622	0.02052	0.02622	0.01824	0.02736	0.01368	0.01026	0.01026	0.00342	0.01368	0.00912	0.00456	0.01140
6	0.71184	0.01985	0.01508	0.01350	0.01985	0.02302	0.01111	0.03017	0.01746	0.04604	0.01429	0.01667	0.01111	0.00953	0.00635	0.00318	0.00794	0.00556	0.00635	0.01111
7	0.03665	0.04604	0.02811	0.02585	0.03092	0.55284	0.01957	0.03945	0.02866	0.02555	0.01884	0.02602	0.01676	0.01195	0.00963	0.00280	0.01781	0.04522	0.00561	0.01171
8	0.02744	0.64552	0.05378	0.01756	0.02634	0.04061	0.01756	0.03073	0.02085	0.02414	0.01427	0.01646	0.01317	0.00878	0.00658	0.00219	0.01097	0.00549	0.00439	0.01317
9	0.71184	0.01985	0.01508	0.01350	0.01985	0.02302	0.01111	0.03017	0.01746	0.04604	0.01429	0.01667	0.01111	0.00953	0.00635	0.00318	0.00794	0.00556	0.00635	0.01111
10	0.64817	0.01962	0.01592	0.01395	0.02045	0.02226	0.01149	0.03206	0.01860	0.09734	0.01679	0.01842	0.01248	0.00983	0.00673	0.00318	0.00801	0.00601	0.00696	0.01172
11	0.04604	0.01746	0.02382	0.01826	0.02620	0.01508	0.01508	0.05001	0.02937	0.58244	0.04049	0.03493	0.02540	0.01270	0.01032	0.00318	0.00873	0.01032	0.01270	0.01746
12	0.01466	0.01100	0.01649	0.01649	0.01833	0.01283	0.01283	0.01833	0.01649	0.02382	0.02749	0.04032	0.02566	0.07697	0.59868	0.01649	0.02749	0.01100	0.00550	0.00916
13	0.01449	0.01039	0.01275	0.01216	0.01477	0.00949	0.00912	0.01891	0.02736	0.03844	0.43779	0.07736	0.17755	0.02111	0.01168	0.00320	0.00490	0.01834	0.07072	0.00949
14	0.02064	0.01466	0.01675	0.01474	0.01904	0.01436	0.01148	0.10622	0.06605	0.07857	0.26115	0.06983	0.22580	0.02013	0.01158	0.00329	0.00648	0.01700	0.01061	0.01159
15	0.02026	0.10442	0.09088	0.15373	0.07089	0.02083	0.01914	0.05653	0.02129	0.02790	0.03060	0.04359	0.07429	0.19858	0.02236	0.00513	0.01131	0.01139	0.00588	0.01099
16	0.02108	0.01796	0.01866	0.01688	0.02101	0.05663	0.01296	0.06677	0.19380	0.04133	0.30094	0.05864	0.09583	0.01781	0.01127	0.00327	0.00726	0.01514	0.01043	0.01233
17	0.02793	0.26980	0.03586	0.01892	0.02695	0.17006	0.01617	0.03152	0.02306	0.02775	0.01610	0.01871	0.01392	0.00880	0.00762	0.00206	0.01163	0.00598	0.00522	0.26191
18	0.02702	0.07525	0.02518	0.01705	0.02546	0.05805	0.01389	0.03296	0.06055	0.11493	0.02271	0.02390	0.01754	0.00912	0.00823	0.00204	0.00887	0.00709	0.00717	0.44299

[dist]
# distance from previous block
# <min> <max>
0	2

[block]
# block no. 2 follows, 14 sequences, length 61
# corresponding to MSA columns:
# 155-215
name=unknown_C
#
# <colnr> <probs for GDERKNQSTAVLIFYWHMCP>
#	G	D	E	R	K	N	Q	S	T	A	V	L	I	F	Y	W	H	M	C	P
0	0.44255	0.16428	0.12072	0.01707	0.02546	0.02706	0.01710	0.03069	0.01893	0.03888	0.01499	0.01747	0.01189	0.00940	0.00698	0.00297	0.00984	0.00589	0.00557	0.01226
1	0.03205	0.03569	0.02631	0.02228	0.02902	0.32762	0.01713	0.07492	0.07080	0.03211	0.01936	0.02143	0.01562	0.01005	0.00891	0.00239	0.01373	0.00705	0.00632	0.22721
2	0.02302	0.02056	0.06661	0.02169	0.06662	0.01887	0.01697	0.07272	0.19085	0.07783	0.08238	0.05818	0.16235	0.01757	0.01117	0.00347	0.00852	0.05765	0.00943	0.01355
3	0.02245	0.39685	0.03874	0.01671	0.02262	0.02949	0.01517	0.02559	0.01902	0.02370	0.01984	0.02798	0.01900	0.08100	0.19433	0.00727	0.01602	0.00796	0.00488	0.01136
4	0.02820	0.17753	0.15008	0.01991	0.02995	0.02393	0.01998	0.07127	0.02467	0.12759	0.02162	0.02280	0.01616	0.00957	0.00848	0.00245	0.01049	0.00722	0.00675	0.22136
5	0.02150	0.01752	0.02925	0.42321	0.05630	0.02022	0.06232	0.02791	0.02226	0.07395	0.06415	0.03277	0.02231	0.01131	0.01027	0.00330	0.01208	0.01021	0.06737	0.01178
6	0.01376	0.01024	0.01145	0.01127	0.01314	0.00940	0.00760	0.01584	0.02134	0.02766	0.18023	0.08143	0.25581	0.26516	0.02783	0.00595	0.00698	0.01833	0.00863	0.00793
7	0.02457	0.03850	0.30588	0.03674	0.11024	0.02378	0.19116	0.03405	0.02336	0.08170	0.02122	0.02518	0.01530	0.00960	0.01059	0.00328	0.01490	0.00943	0.00544	0.01509
8	0.02218	0.01445	0.01740	0.01408	0.02011	0.01183	0.01109	0.02621	0.02503	0.13673	0.16482	0.05516	0.17244	0.01604	0.01022	0.00269	0.00661	0.01347	0.00932	0.25014
9	0.71184	0.01985	0.01508	0.01350	0.01985	0.02302	0.01111	0.03017	0.01746	0.04604	0.01429	0.01667	0.01111	0.00953	0.00635	0.00318	0.00794	0.00556	0.00635	0.01111
10	0.02744	0.64552	0.05378	0.01756	0.02634	0.04061	0.01756	0.03073	0.02085	0.02414	0.01427	0.01646	0.01317	0.00878	0.00658	0.00219	0.01097	0.00549	0.00439	0.01317
11	0.02467	0.02364	0.04033	0.13009	0.51396	0.02419	0.03113	0.03085	0.02302	0.03264	0.01917	0.02564	0.01594	0.00928	0.01017	0.00309	0.01237	0.00914	0.00502	0.01566
12	0.01292	0.01043	0.01150	0.01123	0.01435	0.00900	0.00842	0.01627	0.02527	0.03217	0.25843	0.09143	0.41392	0.02433	0.01212	0.00339	0.00508	0.02063	0.01012	0.00900
13	0.01668	0.02084	0.14139	0.01736	0.02276	0.01412	0.01652	0.02500	0.07364	0.03818	0.35903	0.10603	0.07006	0.01876	0.01151	0.00333	0.00751	0.01636	0.00953	0.01137
14	0.13396	0.02302	0.09074	0.02940	0.14312	0.01919	0.05480	0.03604	0.02402	0.22588	0.03008	0.09468	0.02400	0.01304	0.01005	0.00329	0.01033	0.01126	0.00835	0.01474
15	0.01383	0.01046	0.01275	0.01218	0.01490	0.00939	0.00913	0.01802	0.02740	0.03725	0.43447	0.08308	0.23471	0.02244	0.01211	0.00330	0.00495	0.01946	0.01078	0.00939
16	0.03901	0.02874	0.03080	0.02361	0.03182	0.03182	0.01951	0.54111	0.04825	0.06468	0.02464	0.02464	0.01745	0.01232	0.01027	0.00308	0.01129	0.00924	0.01027	0.01745
17	0.04604	0.01746	0.02382	0.01826	0.02620	0.01508	0.01508	0.05001	0.02937	0.58244	0.04049	0.03493	0.02540	0.01270	0.01032	0.00318	0.00873	0.01032	0.01270	0.01746
18	0.03901	0.02874	0.03080	0.02361	0.03182	0.03182	0.01951	0.54111	0.04825	0.06468	0.02464	0.02464	0.01745	0.01232	0.01027	0.00308	0.01129	0.00924	0.01027	0.01745
19	0.01492	0.00995	0.01119	0.01119	0.01119	0.00995	0.00622	0.01492	0.01492	0.01990	0.03233	0.06716	0.03731	0.63935	0.05223	0.00995	0.00995	0.01492	0.00622	0.00622
20	0.71184	0.01985	0.01508	0.01350	0.01985	0.02302	0.01111	0.03017	0.01746	0.04604	0.01429	0.01667	0.01111	0.00953	0.00635	0.00318	0.00794	0.00556	0.00635	0.01111
21	0.20414	0.30491	0.03612	0.01756	0.02548	0.03198	0.01580	0.11703	0.05490	0.03822	0.01783	0.01944	0.01452	0.00978	0.00743	0.00262	0.00986	0.00652	0.00633	0.05953
22	0.02276	0.24121	0.41711	0.02554	0.03868	0.02916	0.03145	0.03194	0.02141	0.02985	0.01710	0.02001	0.01305	0.00944	0.00874	0.00291	0.01384	0.00692	0.00435	0.01453
23	0.01398	0.01047	0.01296	0.01234	0.01500	0.00945	0.00925	0.01831	0.02776	0.03810	0.46417	0.08167	0.20448	0.02212	0.01211	0.00328	0.00492	0.01926	0.01090	0.00945
24	0.01783	0.00891	0.01337	0.01337	0.01337	0.00891	0.00891	0.01337	0.01337	0.01783	0.01783	0.03119	0.01783	0.03565	0.04011	0.70143	0.00891	0.00891	0.00446	0.00446
25	0.12287	0.13985	0.24757	0.03145	0.15512	0.02591	0.02715	0.03112	0.02127	0.03334	0.01730	0.02087	0.01365	0.00925	0.00865	0.00288	0.01216	0.00717	0.00494	0.06749
26	0.04604	0.01746	0.02382	0.01826	0.02620	0.01508	0.01508	0.05001	0.02937	0.58244	0.04049	0.03493	0.02540	0.01270	0.01032	0.00318	0.00873	0.01032	0.01270	0.01746
27	0.02121	0.14043	0.28268	0.09989	0.08138	0.02489	0.06269	0.02921	0.02167	0.02975	0.02534	0.06427	0.05006	0.01187	0.00981	0.00316	0.01303	0.01000	0.00511	0.01356
28	0.03860	0.04101	0.02975	0.02533	0.03176	0.37628	0.01970	0.23691	0.03659	0.04061	0.01930	0.02091	0.01488	0.01126	0.00965	0.00281	0.01568	0.00764	0.00724	0.01407
29	0.01482	0.01035	0.01321	0.01321	0.01391	0.01105	0.00874	0.01622	0.01552	0.02139	0.03049	0.05692	0.03286	0.42487	0.26064	0.01244	0.01664	0.01343	0.00594	0.00734
30	0.71184	0.01985	0.01508	0.01350	0.01985	0.02302	0.01111	0.03017	0.01746	0.04604	0.01429	0.01667	0.01111	0.00953	0.00635	0.00318	0.00794	0.00556	0.00635	0.01111
31	0.02422	0.02768	0.06055	0.04325	0.05363	0.02595	0.53806	0.03287	0.02422	0.03287	0.02076	0.02768	0.01557	0.00865	0.01211	0.00346	0.01730	0.01211	0.00519	0.01384
32	0.01361	0.01045	0.01246	0.01196	0.01477	0.00930	0.00897	0.01760	0.02690	0.03605	0.39299	0.08505	0.27694	0.02288	0.01211	0.00332	0.00498	0.01974	0.01063	0.00930
33	0.01472	0.01123	0.01400	0.01539	0.01821	0.01051	0.01293	0.01857	0.02353	0.02948	0.07480	0.10875	0.27027	0.02738	0.01333	0.00421	0.00770	0.30640	0.00948	0.00913
34	0.01466	0.01100	0.01649	0.01649	0.01833	0.01283	0.01283	0.01833	0.01649	0.02382	0.02749	0.04032	0.02566	0.07697	0.59868	0.01649	0.02749	0.01100	0.00550	0.00916
35	0.04604	0.01746	0.02382	0.01826	0.02620	0.01508	0.01508	0.05001	0.02937	0.58244	0.04049	0.03493	0.02540	0.01270	0.01032	0.00318	0.00873	0.01032	0.01270	0.01746
36	0.01286	0.01063	0.01142	0.01181	0.01509	0.00919	0.00925	0.01581	0.02343	0.02822	0.09571	0.10159	0.48606	0.02638	0.01247	0.00367	0.00590	0.10219	0.00952	0.00879
37	0.02365	0.02260	0.03849	0.22336	0.42864	0.02392	0.03062	0.02996	0.02254	0.03140	0.01899	0.02597	0.01551	0.00947	0.01019	0.00316	0.01262	0.00914	0.00493	0.01484
38	0.03054	0.03257	0.02551	0.02306	0.02866	0.24986	0.01765	0.04922	0.35005	0.03595	0.03162	0.03054	0.02423	0.01261	0.00998	0.00315	0.01219	0.00965	0.00842	0.01454
39	0.01938	0.01824	0.03078	0.61468	0.07068	0.02280	0.02850	0.02622	0.02052	0.02622	0.01824	0.02736	0.01368	0.01026	0.01026	0.00342	0.01368	0.00912	0.00456	0.01140
40	0.03849	0.04439	0.02947	0.02580	0.03175	0.47134	0.01976	0.15297	0.03337	0.03397	0.01783	0.01988	0.01417	0.01097	0.00948	0.00274	0.01689	0.00720	0.00640	0.01314
41	0.71184	0.01985	0.01508	0.01350	0.01985	0.02302	0.01111	0.03017	0.01746	0.04604	0.01429	0.01667	0.01111	0.00953	0.00635	0.00318	0.00794	0.00556	0.00635	0.01111
42	0.02585	0.35428	0.11006	0.02153	0.03031	0.03328	0.05163	0.03799	0.17695	0.03116	0.02316	0.02413	0.01857	0.01038	0.00843	0.00277	0.01104	0.00793	0.00619	0.01435
43	0.01359	0.01045	0.01242	0.01193	0.01476	0.00928	0.00894	0.01755	0.02683	0.03589	0.38737	0.08532	0.28266	0.02294	0.01211	0.00332	0.00498	0.01977	0.01060	0.00928
44	0.01469	0.01087	0.01585	0.01585	0.01746	0.01248	0.01202	0.01791	0.01630	0.02335	0.02808	0.04358	0.02707	0.14536	0.53222	0.01570	0.02535	0.01147	0.00559	0.00880
45	0.01395	0.00996	0.01357	0.01594	0.01717	0.00958	0.01204	0.01679	0.02107	0.02781	0.05576	0.44739	0.06471	0.03079	0.01348	0.00437	0.00721	0.20016	0.00950	0.00873
46	0.02412	0.02375	0.04247	0.16105	0.40551	0.02433	0.10615	0.03073	0.02297	0.03209	0.01932	0.02610	0.01568	0.00927	0.01047	0.00318	0.01322	0.00958	0.00500	0.01501
47	0.01395	0.01008	0.01349	0.01571	0.01714	0.00962	0.01196	0.01686	0.02135	0.02794	0.05892	0.40876	0.09827	0.03035	0.01343	0.00432	0.00718	0.20241	0.00950	0.00876
48	0.02334	0.02602	0.10341	0.10143	0.38560	0.02308	0.02931	0.03152	0.06059	0.03288	0.02344	0.07067	0.02050	0.01135	0.01035	0.00322	0.01194	0.01060	0.00565	0.01511
49	0.02465	0.11241	0.03909	0.28736	0.16613	0.02709	0.07183	0.09121	0.02488	0.03275	0.01890	0.02506	0.01478	0.00991	0.00987	0.00313	0.01300	0.00888	0.00540	0.01365
50	0.02749	0.03065	0.02437	0.09503	0.03236	0.29847	0.01959	0.03146	0.02590	0.02744	0.03122	0.05768	0.03123	0.01750	0.01130	0.00355	0.01437	0.20266	0.00683	0.01088
51	0.10544	0.10983	0.02148	0.01560	0.01875	0.11627	0.01153	0.02388	0.01868	0.02503	0.02417	0.04231	0.02519	0.29969	0.09589	0.00752	0.01333	0.01055	0.00573	0.00912
52	0.71184	0.01985	0.01508	0.01350	0.01985	0.02302	0.01111	0.03017	0.01746	0.04604	0.01429	0.01667	0.01111	0.00953	0.00635	0.00318	0.00794	0.00556	0.00635	0.01111
53	0.02876	0.57296	0.05077	0.01864	0.02699	0.10841	0.01784	0.03198	0.02185	0.02426	0.01446	0.01671	0.01318	0.00900	0.00691	0.00225	0.01189	0.00562	0.00450	0.01301
54	0.01453	0.01076	0.01357	0.01498	0.01661	0.01052	0.01094	0.01906	0.06134	0.02902	0.09474	0.36483	0.10400	0.07561	0.01597	0.00454	0.00693	0.11351	0.00946	0.00910
55	0.03760	0.10376	0.03359	0.02288	0.03116	0.03289	0.01927	0.47904	0.04492	0.05975	0.02338	0.02364	0.01693	0.01189	0.00982	0.00297	0.01125	0.00878	0.00955	0.01693
56	0.03987	0.01605	0.02164	0.01708	0.02375	0.01404	0.01376	0.04365	0.02825	0.47438	0.10426	0.04242	0.03498	0.06075	0.01368	0.00369	0.00835	0.01167	0.01204	0.01567
57	0.01311	0.00928	0.01218	0.01427	0.01493	0.00880	0.00966	0.01490	0.01938	0.02578	0.05344	0.52399	0.06348	0.10570	0.01794	0.00491	0.00671	0.06425	0.00912	0.00816
58	0.02060	0.04568	0.46428	0.02851	0.04155	0.02294	0.06978	0.03278	0.06103	0.03282	0.02316	0.06919	0.01865	0.01166	0.01022	0.00335	0.01411	0.00982	0.00523	0.01464
59	0.02607	0.11125	0.21006	0.02962	0.03986	0.09463	0.17968	0.03370	0.02437	0.07178	0.06248	0.02767	0.02120	0.01048	0.01024	0.00310	0.01443	0.00962	0.00587	0.01387
60	0.02471	0.18874	0.25091	0.02326	0.03297	0.07797	0.02482	0.07333	0.06211	0.03237	0.02397	0.09584	0.02140	0.01281	0.00943	0.00305	0.01250	0.01003	0.00598	0.01382

[dist]
# distance from previous block
# <min> <max>
1	5

[block]
# block no. 3 follows, 14 sequences, length 53
# corresponding to MSA columns:
# 221-273
name=unknown_D
#
# <colnr> <probs for GDERKNQSTAVLIFYWHMCP>
#	G	D	E	R	K	N	Q	S	T	A	V	L	I	F	Y	W	H	M	C	P
0	0.02756	0.04206	0.30899	0.02968	0.04145	0.06872	0.11010	0.17376	0.02996	0.04091	0.02032	0.02320	0.01465	0.01035	0.01023	0.00319	0.01468	0.00868	0.00618	0.01535
1	0.02922	0.02494	0.03614	0.13591	0.30572	0.02674	0.02683	0.20910	0.03163	0.04328	0.02100	0.02544	0.01627	0.01043	0.01021	0.00312	0.01211	0.00917	0.00681	0.01591
2	0.07156	0.01641	0.02603	0.06617	0.03040	0.01596	0.11151	0.02884	0.02363	0.14520	0.04324	0.14944	0.07077	0.01926	0.01186	0.00380	0.01015	0.13504	0.00877	0.01196
3	0.01617	0.00967	0.01241	0.01258	0.01274	0.00967	0.00799	0.01476	0.01492	0.01984	0.02819	0.05648	0.03121	0.36115	0.04486	0.27971	0.00951	0.04664	0.00575	0.00575
4	0.02540	0.02438	0.04165	0.06299	0.57533	0.02438	0.03149	0.03149	0.02337	0.03353	0.01930	0.02540	0.01626	0.00914	0.01016	0.00305	0.01219	0.00914	0.00508	0.01626
5	0.03131	0.03133	0.11901	0.03530	0.19063	0.10330	0.02513	0.13891	0.02980	0.11153	0.02522	0.03172	0.01999	0.01200	0.01031	0.00317	0.01269	0.04588	0.00739	0.01538
6	0.02166	0.14619	0.50250	0.02741	0.04157	0.02647	0.03472	0.03222	0.02154	0.03119	0.01776	0.02085	0.01303	0.00960	0.00925	0.00308	0.01451	0.00725	0.00434	0.01485
7	0.01938	0.01824	0.03078	0.61468	0.07068	0.02280	0.02850	0.02622	0.02052	0.02622	0.01824	0.02736	0.01368	0.01026	0.01026	0.00342	0.01368	0.00912	0.00456	0.01140
8	0.17631	0.02085	0.02233	0.01828	0.02538	0.05888	0.01480	0.04610	0.10985	0.35090	0.03370	0.03064	0.02261	0.01211	0.00947	0.00319	0.00916	0.00930	0.01055	0.01561
9	0.60224	0.01838	0.01487	0.01340	0.01914	0.02093	0.01089	0.02847	0.01929	0.04527	0.10161	0.02610	0.02459	0.01133	0.00725	0.00318	0.00745	0.00760	0.00713	0.01089
10	0.71184	0.01985	0.01508	0.01350	0.01985	0.02302	0.01111	0.03017	0.01746	0.04604	0.01429	0.01667	0.01111	0.00953	0.00635	0.00318	0.00794	0.00556	0.00635	0.01111
11	0.03833	0.04891	0.02908	0.02644	0.03173	0.59815	0.01983	0.04098	0.02908	0.02512	0.01586	0.01851	0.01322	0.01058	0.00925	0.00264	0.01851	0.00661	0.00529	0.01190
12	0.01466	0.01100	0.01649	0.01649	0.01833	0.01283	0.01283	0.01833	0.01649	0.02382	0.02749	0.04032	0.02566	0.07697	0.59868	0.01649	0.02749	0.01100	0.00550	0.00916
13	0.60609	0.02124	0.01755	0.01509	0.02173	0.02440	0.01243	0.11047	0.02230	0.04897	0.01592	0.01792	0.01211	0.00997	0.00697	0.00316	0.00847	0.00614	0.00697	0.01211
14	0.04604	0.01746	0.02382	0.01826	0.02620	0.01508	0.01508	0.05001	0.02937	0.58244	0.04049	0.03493	0.02540	0.01270	0.01032	0.00318	0.00873	0.01032	0.01270	0.01746
15	0.71184	0.01985	0.01508	0.01350	0.01985	0.02302	0.01111	0.03017	0.01746	0.04604	0.01429	0.01667	0.01111	0.00953	0.00635	0.00318	0.00794	0.00556	0.00635	0.01111
16	0.02553	0.02204	0.02320	0.02088	0.02669	0.02553	0.01624	0.05453	0.55679	0.04293	0.04177	0.03829	0.03133	0.01392	0.01044	0.00348	0.00812	0.01160	0.01044	0.01624
17	0.02540	0.02438	0.04165	0.06299	0.57533	0.02438	0.03149	0.03149	0.02337	0.03353	0.01930	0.02540	0.01626	0.00914	0.01016	0.00305	0.01219	0.00914	0.00508	0.01626
18	0.02058	0.05308	0.58618	0.02925	0.04442	0.02383	0.03792	0.03250	0.02167	0.03250	0.01842	0.02167	0.01300	0.00975	0.00975	0.00325	0.01517	0.00758	0.00433	0.01517
19	0.01709	0.01565	0.02666	0.02232	0.02726	0.01453	0.15935	0.02232	0.02458	0.03209	0.14040	0.07993	0.20202	0.02097	0.01267	0.00377	0.00969	0.14964	0.00857	0.01049
20	0.02422	0.02768	0.06055	0.04325	0.05363	0.02595	0.53806	0.03287	0.02422	0.03287	0.02076	0.02768	0.01557	0.00865	0.01211	0.00346	0.01730	0.01211	0.00519	0.01384
21	0.02545	0.02113	0.12969	0.02001	0.02626	0.01459	0.01920	0.03090	0.02432	0.19399	0.04353	0.15457	0.04143	0.02066	0.01199	0.00389	0.00981	0.18639	0.00942	0.01277
22	0.02605	0.02598	0.03403	0.36647	0.05675	0.14434	0.09631	0.03204	0.02351	0.06849	0.01975	0.02610	0.01472	0.01029	0.01031	0.00324	0.01483	0.00909	0.00541	0.01230
23	0.03833	0.04891	0.02908	0.02644	0.03173	0.59815	0.01983	0.04098	0.02908	0.02512	0.01586	0.01851	0.01322	0.01058	0.00925	0.00264	0.01851	0.00661	0.00529	0.01190
24	0.01466	0.01100	0.01649	0.01649	0.01833	0.01283	0.01283	0.01833	0.01649	0.02382	0.02749	0.04032	0.02566	0.07697	0.59868	0.01649	0.02749	0.01100	0.00550	0.00916
25	0.02519	0.11725	0.02685	0.06205	0.02679	0.02315	0.01553	0.20376	0.03313	0.04390	0.19147	0.04810	0.10970	0.01586	0.01046	0.00306	0.00877	0.01293	0.00912	0.01295
26	0.03287	0.02393	0.03931	0.04031	0.22544	0.02338	0.13754	0.11691	0.02909	0.18696	0.02620	0.02837	0.01877	0.01050	0.01065	0.00318	0.01225	0.01014	0.00798	0.01624
27	0.02243	0.02136	0.03630	0.33481	0.32669	0.02360	0.03002	0.02890	0.02196	0.02993	0.01878	0.02636	0.01499	0.00969	0.01021	0.00323	0.01292	0.00913	0.00482	0.01386
28	0.02413	0.02308	0.03935	0.17966	0.46861	0.02405	0.03086	0.03038	0.02276	0.03198	0.01908	0.02581	0.01571	0.00938	0.01018	0.00313	0.01251	0.00914	0.00497	0.01523
29	0.02039	0.04761	0.49889	0.12126	0.04854	0.02367	0.03644	0.03151	0.02149	0.03151	0.01839	0.02256	0.01311	0.00983	0.00983	0.00328	0.01493	0.00782	0.00437	0.01457
30	0.03046	0.02324	0.02403	0.02096	0.02590	0.15064	0.05359	0.06256	0.02661	0.18649	0.03797	0.23924	0.03623	0.01869	0.01117	0.00341	0.01083	0.01613	0.00916	0.01270
31	0.02058	0.05308	0.58618	0.02925	0.04442	0.02383	0.03792	0.03250	0.02167	0.03250	0.01842	0.02167	0.01300	0.00975	0.00975	0.00325	0.01517	0.00758	0.00433	0.01517
32	0.02207	0.02257	0.03092	0.27177	0.04757	0.10226	0.10247	0.02949	0.06072	0.03034	0.09929	0.07899	0.03072	0.01343	0.01089	0.00335	0.01274	0.01221	0.00648	0.01172
33	0.02389	0.03213	0.17379	0.04851	0.27590	0.02479	0.20469	0.03219	0.02326	0.03307	0.01959	0.02531	0.01527	0.00912	0.01073	0.00323	0.01461	0.00979	0.00494	0.01519
34	0.01938	0.01824	0.03078	0.61468	0.07068	0.02280	0.02850	0.02622	0.02052	0.02622	0.01824	0.02736	0.01368	0.01026	0.01026	0.00342	0.01368	0.00912	0.00456	0.01140
35	0.01792	0.01595	0.02588	0.31776	0.13046	0.01798	0.02233	0.02287	0.02066	0.02736	0.03182	0.23898	0.03306	0.01775	0.01124	0.00362	0.01074	0.01614	0.00638	0.01109
36	0.02406	0.35362	0.31609	0.02332	0.03525	0.03234	0.02759	0.03160	0.02125	0.02826	0.01631	0.01903	0.01309	0.00926	0.00814	0.00271	0.01304	0.00652	0.00436	0.01415
37	0.01506	0.01076	0.01485	0.01721	0.01893	0.01054	0.01397	0.01871	0.02217	0.02906	0.05515	0.30466	0.06228	0.02974	0.01378	0.00452	0.00817	0.33191	0.00948	0.00904
38	0.01492	0.00995	0.01119	0.01119	0.01119	0.00995	0.00622	0.01492	0.01492	0.01990	0.03233	0.06716	0.03731	0.63935	0.05223	0.00995	0.00995	0.01492	0.00622	0.00622
39	0.02915	0.55176	0.04989	0.01895	0.02719	0.12823	0.01792	0.03234	0.02215	0.02430	0.01452	0.01678	0.01318	0.00906	0.00700	0.00227	0.01216	0.00566	0.00453	0.01297
40	0.02281	0.29421	0.27413	0.02274	0.03322	0.02895	0.02605	0.02999	0.02163	0.02873	0.02233	0.03428	0.02031	0.01227	0.00912	0.00304	0.01252	0.08508	0.00516	0.01343
41	0.04604	0.01746	0.02382	0.01826	0.02620	0.01508	0.01508	0.05001	0.02937	0.58244	0.04049	0.03493	0.02540	0.01270	0.01032	0.00318	0.00873	0.01032	0.01270	0.01746
42	0.01237	0.00944	0.01138	0.01293	0.01453	0.00845	0.00892	0.01444	0.02096	0.02673	0.07316	0.44572	0.24409	0.02999	0.01276	0.00392	0.00569	0.02654	0.00953	0.00845
43	0.03955	0.02518	0.10278	0.02114	0.02998	0.02072	0.01929	0.15651	0.06918	0.35466	0.03403	0.03106	0.02235	0.01230	0.01024	0.00319	0.01014	0.00979	0.01085	0.01706
44	0.01959	0.01765	0.02890	0.16450	0.27065	0.01842	0.02316	0.02434	0.02145	0.02939	0.03212	0.23844	0.03377	0.01744	0.01121	0.00352	0.01033	0.01615	0.00652	0.01244
45	0.01483	0.01032	0.01305	0.01305	0.01369	0.01096	0.00853	0.01611	0.01547	0.02127	0.03064	0.05776	0.03323	0.44244	0.24356	0.01224	0.01609	0.01355	0.00597	0.00725
46	0.02993	0.03297	0.03725	0.05019	0.38500	0.22527	0.02741	0.03481	0.02537	0.03058	0.01810	0.02299	0.01519	0.00964	0.00984	0.00291	0.01440	0.00826	0.00515	0.01473
47	0.07661	0.02966	0.15865	0.03632	0.17990	0.02281	0.10219	0.07148	0.02581	0.16066	0.02415	0.02642	0.01724	0.01026	0.01014	0.00319	0.01247	0.00927	0.00711	0.01566
48	0.16387	0.03003	0.03459	0.03629	0.18521	0.16189	0.10261	0.07037	0.05633	0.03657	0.01940	0.02309	0.01537	0.00998	0.00953	0.00307	0.01337	0.00845	0.00607	0.01391
49	0.03051	0.38456	0.04469	0.02602	0.09746	0.20896	0.02002	0.03396	0.02369	0.02563	0.01539	0.01822	0.01358	0.00937	0.00785	0.00244	0.01343	0.00629	0.00475	0.01317
50	0.01375	0.01041	0.01235	0.01212	0.01433	0.00980	0.00870	0.01658	0.02225	0.02934	0.21041	0.07770	0.24805	0.16122	0.10205	0.00658	0.00920	0.01788	0.00877	0.00851
51	0.02384	0.25245	0.24387	0.02729	0.03873	0.02947	0.13995	0.03150	0.02192	0.02972	0.01747	0.02115	0.01378	0.00902	0.00902	0.00281	0.01365	0.00775	0.00466	0.06196
52	0.24071	0.08191	0.18446	0.02192	0.03095	0.14380	0.02181	0.06966	0.02413	0.06851	0.01801	0.02006	0.01350	0.01013	0.00843	0.00301	0.01268	0.00687	0.00605	0.01338

[dist]
# distance from previous block
# <min> <max>
0	1

[block]
# block no. 4 follows, 14 sequences, length 99
# corresponding to MSA columns:
# 275-373
name=unknown_E
#
# <colnr> <probs for GDERKNQSTAVLIFYWHMCP>
#	G	D	E	R	K	N	Q	S	T	A	V	L	I	F	Y	W	H	M	C	P
0	0.04511	0.01897	0.02474	0.01897	0.02695	0.01731	0.01567	0.11540	0.03189	0.51351	0.03838	0.03356	0.02434	0.01265	0.01031	0.00316	0.00907	0.01018	0.01238	0.01746
1	0.01250	0.00893	0.01191	0.01429	0.01488	0.00834	0.00953	0.01429	0.01965	0.02620	0.05656	0.63265	0.06787	0.03215	0.01310	0.00417	0.00595	0.02917	0.00953	0.00834
2	0.01288	0.01043	0.01143	0.01118	0.01432	0.00898	0.00839	0.01618	0.02516	0.03192	0.24956	0.09185	0.42295	0.02442	0.01212	0.00339	0.00509	0.02069	0.01008	0.00898
3	0.02119	0.25894	0.17243	0.02059	0.02929	0.02577	0.05981	0.02713	0.02291	0.02993	0.11140	0.04044	0.11386	0.01352	0.00947	0.00290	0.01068	0.01098	0.00626	0.01249
4	0.01492	0.00995	0.01119	0.01119	0.01119	0.00995	0.00622	0.01492	0.01492	0.01990	0.03233	0.06716	0.03731	0.63935	0.05223	0.00995	0.00995	0.01492	0.00622	0.00622
5	0.02058	0.05308	0.58618	0.02925	0.04442	0.02383	0.03792	0.03250	0.02167	0.03250	0.01842	0.02167	0.01300	0.00975	0.00975	0.00325	0.01517	0.00758	0.00433	0.01517
6	0.03001	0.05087	0.29041	0.02776	0.03768	0.32874	0.02831	0.03700	0.02560	0.02858	0.01706	0.01999	0.01312	0.01019	0.00949	0.00293	0.01694	0.00707	0.00484	0.01343
7	0.01378	0.01046	0.01268	0.01212	0.01487	0.00936	0.00909	0.01792	0.02728	0.03696	0.42432	0.08356	0.24505	0.02255	0.01211	0.00330	0.00495	0.01953	0.01074	0.00936
8	0.02517	0.01267	0.01595	0.01451	0.01886	0.01102	0.01107	0.02806	0.02461	0.23891	0.06623	0.22662	0.21947	0.02268	0.01172	0.00355	0.00676	0.01948	0.01074	0.01193
9	0.04389	0.02092	0.02595	0.01990	0.02792	0.02021	0.01644	0.20039	0.03515	0.42389	0.03563	0.03178	0.02297	0.01258	0.01030	0.00315	0.00952	0.00999	0.01196	0.01746
10	0.01420	0.01014	0.01385	0.01623	0.01757	0.00980	0.01247	0.01722	0.02132	0.02809	0.05563	0.41533	0.06417	0.03055	0.01355	0.00440	0.00742	0.22976	0.00949	0.00880
11	0.02058	0.05308	0.58618	0.02925	0.04442	0.02383	0.03792	0.03250	0.02167	0.03250	0.01842	0.02167	0.01300	0.00975	0.00975	0.00325	0.01517	0.00758	0.00433	0.01517
12	0.02128	0.01824	0.02128	0.01520	0.02432	0.01368	0.01216	0.02584	0.02128	0.03344	0.01824	0.02128	0.01520	0.00760	0.00760	0.00152	0.00760	0.00608	0.00608	0.70208
13	0.02316	0.02193	0.03648	0.23122	0.36969	0.02296	0.02888	0.02935	0.02230	0.03124	0.01888	0.02565	0.01536	0.00936	0.00997	0.00303	0.01226	0.00887	0.00500	0.07442
14	0.03833	0.04891	0.02908	0.02644	0.03173	0.59815	0.01983	0.04098	0.02908	0.02512	0.01586	0.01851	0.01322	0.01058	0.00925	0.00264	0.01851	0.00661	0.00529	0.01190
15	0.01472	0.01075	0.01523	0.01523	0.01662	0.01214	0.01125	0.01751	0.01612	0.02289	0.02864	0.04672	0.02844	0.21124	0.46821	0.01493	0.02330	0.01193	0.00567	0.00846
16	0.01467	0.01052	0.01424	0.01562	0.01746	0.01008	0.01225	0.01854	0.02410	0.03259	0.21612	0.26173	0.07356	0.02721	0.01320	0.00409	0.00694	0.20786	0.01005	0.00918
17	0.55375	0.02194	0.01878	0.01587	0.02266	0.02509	0.01309	0.15022	0.02470	0.05042	0.01672	0.01854	0.01260	0.01018	0.00727	0.00315	0.00873	0.00642	0.00727	0.01260
18	0.02744	0.64552	0.05378	0.01756	0.02634	0.04061	0.01756	0.03073	0.02085	0.02414	0.01427	0.01646	0.01317	0.00878	0.00658	0.00219	0.01097	0.00549	0.00439	0.01317
19	0.03340	0.31892	0.04026	0.02242	0.02929	0.34582	0.01880	0.03634	0.02536	0.02468	0.01514	0.01758	0.01320	0.00976	0.00805	0.00244	0.01510	0.00610	0.00488	0.01247
20	0.01492	0.00995	0.01119	0.01119	0.01119	0.00995	0.00622	0.01492	0.01492	0.01990	0.03233	0.06716	0.03731	0.63935	0.05223	0.00995	0.00995	0.01492	0.00622	0.00622
21	0.03498	0.03235	0.11750	0.02610	0.03555	0.03012	0.06550	0.42164	0.04222	0.05715	0.02337	0.02444	0.01662	0.01162	0.01034	0.00314	0.01238	0.00923	0.00894	0.01680
22	0.02171	0.02003	0.03059	0.39432	0.13429	0.02367	0.02606	0.03364	0.14694	0.03122	0.02392	0.02964	0.01820	0.01096	0.01029	0.00338	0.01216	0.00971	0.00602	0.01325
23	0.02782	0.02362	0.02121	0.01886	0.02362	0.15872	0.01450	0.03738	0.14694	0.12325	0.23204	0.04719	0.05035	0.01554	0.01075	0.00313	0.00955	0.01276	0.00985	0.01292
24	0.02553	0.02204	0.02320	0.02088	0.02669	0.02553	0.01624	0.05453	0.55679	0.04293	0.04177	0.03829	0.03133	0.01392	0.01044	0.00348	0.00812	0.01160	0.01044	0.01624
25	0.02314	0.03627	0.24607	0.02768	0.03905	0.07110	0.13783	0.03124	0.02275	0.03223	0.01865	0.02259	0.01427	0.00891	0.00955	0.00270	0.01356	0.00802	0.00515	0.22923
26	0.01233	0.01040	0.01067	0.01061	0.01398	0.00875	0.00795	0.01511	0.02386	0.02884	0.14278	0.09692	0.53165	0.02557	0.01213	0.00345	0.00517	0.02140	0.00968	0.00875
27	0.01741	0.01147	0.01667	0.01618	0.01839	0.01277	0.01244	0.02078	0.01748	0.07209	0.02904	0.04220	0.02665	0.12064	0.49961	0.01476	0.02432	0.01128	0.00619	0.00963
28	0.02264	0.02157	0.03668	0.31549	0.34437	0.02366	0.03012	0.02908	0.02206	0.03018	0.01882	0.02630	0.01508	0.00965	0.01021	0.00322	0.01287	0.00913	0.00484	0.01403
29	0.01452	0.01049	0.01372	0.01291	0.01533	0.00968	0.00968	0.01937	0.02905	0.04115	0.56992	0.07666	0.09683	0.02098	0.01210	0.00323	0.00484	0.01856	0.01130	0.00968
30	0.03324	0.01998	0.02294	0.01930	0.02577	0.02111	0.01538	0.08704	0.29277	0.23329	0.03940	0.03609	0.02783	0.01322	0.01014	0.00326	0.00832	0.01082	0.06385	0.01625
31	0.02358	0.02636	0.05689	0.04122	0.05094	0.02477	0.49461	0.03190	0.02417	0.03269	0.02356	0.03502	0.01919	0.01029	0.01228	0.00357	0.01665	0.05328	0.00555	0.01347
32	0.01466	0.01100	0.01649	0.01649	0.01833	0.01283	0.01283	0.01833	0.01649	0.02382	0.02749	0.04032	0.02566	0.07697	0.59868	0.01649	0.02749	0.01100	0.00550	0.00916
33	0.03833	0.04891	0.02908	0.02644	0.03173	0.59815	0.01983	0.04098	0.02908	0.02512	0.01586	0.01851	0.01322	0.01058	0.00925	0.00264	0.01851	0.00661	0.00529	0.01190
34	0.01234	0.01040	0.01069	0.01062	0.01399	0.00875	0.00796	0.01513	0.02389	0.02890	0.14478	0.09682	0.52962	0.02555	0.01213	0.00344	0.00517	0.02139	0.00968	0.00875
35	0.04604	0.01746	0.02382	0.01826	0.02620	0.01508	0.01508	0.05001	0.02937	0.58244	0.04049	0.03493	0.02540	0.01270	0.01032	0.00318	0.00873	0.01032	0.01270	0.01746
36	0.01913	0.00956	0.00956	0.00956	0.01196	0.00956	0.00717	0.02391	0.02152	0.03826	0.03348	0.03826	0.02630	0.01196	0.00717	0.00239	0.00478	0.00956	0.69632	0.00956
37	0.01913	0.00956	0.00956	0.00956	0.01196	0.00956	0.00717	0.02391	0.02152	0.03826	0.03348	0.03826	0.02630	0.01196	0.00717	0.00239	0.00478	0.00956	0.69632	0.00956
38	0.01476	0.01060	0.01447	0.01447	0.01560	0.01173	0.01031	0.01703	0.01589	0.02233	0.02934	0.05055	0.03010	0.29151	0.39021	0.01400	0.02080	0.01249	0.00577	0.00804
39	0.03962	0.02776	0.03019	0.02315	0.03133	0.03037	0.01912	0.49838	0.04661	0.10973	0.02602	0.02553	0.01814	0.01235	0.01027	0.00309	0.01107	0.00933	0.01048	0.01745
40	0.02560	0.01900	0.02558	0.07553	0.15270	0.06109	0.02086	0.03051	0.02475	0.12692	0.03821	0.06679	0.03642	0.01849	0.01191	0.00381	0.01097	0.22981	0.00833	0.01274
41	0.01241	0.00928	0.01154	0.01335	0.01464	0.00841	0.00911	0.01440	0.02055	0.02657	0.06802	0.50356	0.18956	0.03066	0.01286	0.00400	0.00577	0.02736	0.00953	0.00841
42	0.43898	0.21790	0.02840	0.01590	0.02292	0.07890	0.01389	0.03129	0.01954	0.03737	0.01442	0.01677	0.01194	0.00938	0.00668	0.00282	0.00981	0.00563	0.00564	0.01182
43	0.02470	0.06802	0.05588	0.04595	0.16830	0.02658	0.39036	0.03242	0.02381	0.03244	0.02000	0.02643	0.01556	0.00877	0.01131	0.00328	0.01574	0.01101	0.00511	0.01434
44	0.01980	0.01752	0.09057	0.01669	0.02134	0.01316	0.01457	0.02661	0.06678	0.10708	0.26703	0.19167	0.06464	0.02050	0.01167	0.00346	0.00722	0.01800	0.01008	0.01161
45	0.02439	0.38255	0.29010	0.02275	0.03436	0.03316	0.02660	0.03151	0.02121	0.02785	0.01611	0.01877	0.01309	0.00921	0.00799	0.00266	0.01284	0.00642	0.00436	0.01406
46	0.02888	0.08499	0.32898	0.02621	0.03770	0.11627	0.02890	0.11254	0.02750	0.08384	0.02062	0.02243	0.01481	0.01046	0.00959	0.00305	0.01426	0.00778	0.00612	0.01506
47	0.29150	0.02266	0.02322	0.01853	0.02598	0.02443	0.01529	0.22997	0.03214	0.18500	0.02468	0.02420	0.01704	0.01137	0.00882	0.00314	0.00941	0.00813	0.00941	0.01509
48	0.01248	0.00903	0.01180	0.01402	0.01481	0.00836	0.00941	0.01432	0.01990	0.02630	0.05980	0.59612	0.10231	0.03173	0.01303	0.00412	0.00590	0.02866	0.00953	0.00836
49	0.02095	0.02999	0.20323	0.04015	0.24425	0.02076	0.07076	0.02808	0.02209	0.03152	0.02747	0.16003	0.02673	0.01442	0.01085	0.00339	0.01213	0.01339	0.00585	0.01395
50	0.04385	0.02099	0.02600	0.01993	0.02796	0.02031	0.01646	0.20347	0.03527	0.42065	0.03553	0.03171	0.02292	0.01258	0.01030	0.00315	0.00953	0.00998	0.01194	0.01746
51	0.01250	0.00893	0.01191	0.01429	0.01488	0.00834	0.00953	0.01429	0.01965	0.02620	0.05656	0.63265	0.06787	0.03215	0.01310	0.00417	0.00595	0.02917	0.00953	0.00834
52	0.02577	0.18459	0.13768	0.12347	0.16494	0.10354	0.06097	0.03202	0.02283	0.02878	0.01739	0.02209	0.01409	0.00948	0.00924	0.00290	0.01381	0.00783	0.00474	0.01384
53	0.03463	0.02236	0.03170	0.15863	0.08563	0.02342	0.05995	0.18921	0.03217	0.21601	0.02752	0.02881	0.01890	0.01144	0.01041	0.00321	0.01154	0.00976	0.00896	0.01573
54	0.03578	0.01445	0.01838	0.01494	0.02076	0.01298	0.01207	0.04005	0.02638	0.37484	0.03781	0.03620	0.02575	0.01242	0.00912	0.00288	0.00723	0.01003	0.27350	0.01445
55	0.01556	0.01112	0.01542	0.01779	0.01972	0.01097	0.01485	0.01958	0.02266	0.02962	0.05487	0.24048	0.06119	0.02927	0.01391	0.00459	0.00861	0.39115	0.00947	0.00918
56	0.14071	0.07613	0.02519	0.01899	0.02526	0.06087	0.01559	0.17183	0.03018	0.15572	0.03124	0.11017	0.02720	0.01534	0.00994	0.00328	0.00985	0.04945	0.00915	0.01391
57	0.04224	0.02357	0.02759	0.02115	0.02924	0.02414	0.01748	0.31569	0.03958	0.30234	0.03191	0.02936	0.02110	0.01249	0.01029	0.00312	0.01012	0.00974	0.01138	0.01746
58	0.71184	0.01985	0.01508	0.01350	0.01985	0.02302	0.01111	0.03017	0.01746	0.04604	0.01429	0.01667	0.01111	0.00953	0.00635	0.00318	0.00794	0.00556	0.00635	0.01111
59	0.01603	0.00955	0.01202	0.01202	0.01202	0.00955	0.00725	0.01433	0.01433	0.01911	0.02680	0.05344	0.02988	0.40904	0.04761	0.27375	0.00955	0.01263	0.00555	0.00555
60	0.02367	0.22573	0.20554	0.02483	0.07221	0.02847	0.02385	0.03588	0.14875	0.03211	0.02864	0.02959	0.05621	0.01151	0.00912	0.00297	0.01127	0.00897	0.00622	0.01443
61	0.03056	0.40498	0.04665	0.02258	0.03041	0.21354	0.06386	0.03412	0.02372	0.02521	0.01533	0.01808	0.01340	0.00933	0.00790	0.00245	0.01388	0.00642	0.00474	0.01283
62	0.01474	0.01066	0.01480	0.01480	0.01605	0.01191	0.01072	0.01724	0.01599	0.02257	0.02903	0.04887	0.02937	0.25624	0.42449	0.01441	0.02190	0.01225	0.00573	0.00822
63	0.02794	0.26458	0.07529	0.11689	0.16375	0.07978	0.02366	0.03294	0.02291	0.07584	0.01871	0.02226	0.01503	0.00964	0.00872	0.00276	0.01238	0.00753	0.00538	0.01402
64	0.02503	0.02541	0.04756	0.05682	0.41232	0.02487	0.18978	0.03192	0.02363	0.03332	0.01976	0.02611	0.01604	0.00899	0.01077	0.00318	0.01379	0.01007	0.00511	0.01550
65	0.01270	0.01042	0.01119	0.01100	0.01421	0.00891	0.00825	0.01584	0.02475	0.03094	0.21558	0.09347	0.45754	0.02479	0.01212	0.00341	0.00511	0.02092	0.00995	0.00891
66	0.01938	0.01824	0.03078	0.61468	0.07068	0.02280	0.02850	0.02622	0.02052	0.02622	0.01824	0.02736	0.01368	0.01026	0.01026	0.00342	0.01368	0.00912	0.00456	0.01140
67	0.02597	0.02288	0.03155	0.17454	0.11257	0.02570	0.06218	0.11756	0.23547	0.04014	0.02877	0.03099	0.02166	0.01174	0.01046	0.00335	0.01122	0.01035	0.00786	0.01505
68	0.02744	0.64552	0.05378	0.01756	0.02634	0.04061	0.01756	0.03073	0.02085	0.02414	0.01427	0.01646	0.01317	0.00878	0.00658	0.00219	0.01097	0.00549	0.00439	0.01317
69	0.02293	0.02069	0.02942	0.03429	0.24445	0.01796	0.01988	0.02810	0.02211	0.03347	0.01866	0.02293	0.01562	0.00822	0.00862	0.00213	0.00943	0.00730	0.00568	0.42810
70	0.03859	0.04122	0.02974	0.02536	0.03176	0.38210	0.01970	0.23178	0.03639	0.04021	0.01921	0.02085	0.01483	0.01124	0.00964	0.00281	0.01575	0.00761	0.00719	0.01402
71	0.01250	0.00893	0.01191	0.01429	0.01488	0.00834	0.00953	0.01429	0.01965	0.02620	0.05656	0.63265	0.06787	0.03215	0.01310	0.00417	0.00595	0.02917	0.00953	0.00834
72	0.07642	0.08403	0.15982	0.02498	0.07303	0.02466	0.02248	0.16839	0.03052	0.16070	0.05665	0.02805	0.02192	0.01158	0.00968	0.00308	0.01109	0.00906	0.00830	0.01559
73	0.02761	0.02966	0.07532	0.03481	0.20885	0.17791	0.02198	0.03208	0.02451	0.07092	0.07001	0.03452	0.02598	0.10324	0.01622	0.00399	0.01294	0.01008	0.00636	0.01301
74	0.01768	0.01082	0.01411	0.01391	0.01646	0.00981	0.01018	0.02113	0.02523	0.10475	0.27861	0.27516	0.11379	0.02436	0.01224	0.00358	0.00578	0.02159	0.01070	0.01012
75	0.02045	0.02033	0.03737	0.48815	0.06690	0.02350	0.14134	0.02769	0.02134	0.02769	0.01880	0.02743	0.01410	0.00990	0.01067	0.00343	0.01448	0.00978	0.00470	0.01194
76	0.03237	0.02151	0.03138	0.03820	0.26365	0.02152	0.02244	0.04305	0.14881	0.22036	0.03163	0.03159	0.02282	0.01145	0.01028	0.00319	0.01009	0.01011	0.00888	0.01666
77	0.03732	0.02912	0.03452	0.02628	0.03459	0.06846	0.09518	0.39564	0.04200	0.09609	0.02466	0.02544	0.01748	0.01169	0.01047	0.00311	0.01247	0.00956	0.00936	0.01654
78	0.02128	0.01824	0.02128	0.01520	0.02432	0.01368	0.01216	0.02584	0.02128	0.03344	0.01824	0.02128	0.01520	0.00760	0.00760	0.00152	0.00760	0.00608	0.00608	0.70208
79	0.12946	0.02901	0.11435	0.12917	0.29327	0.07167	0.02791	0.03145	0.02227	0.03350	0.01797	0.02324	0.01436	0.00957	0.00946	0.00312	0.01272	0.00815	0.00510	0.01423
80	0.01492	0.00995	0.01119	0.01119	0.01119	0.00995	0.00622	0.01492	0.01492	0.01990	0.03233	0.06716	0.03731	0.63935	0.05223	0.00995	0.00995	0.01492	0.00622	0.00622
81	0.02498	0.02511	0.04467	0.04614	0.25595	0.02523	0.21927	0.03716	0.14279	0.03538	0.02487	0.02914	0.01936	0.01002	0.01096	0.00330	0.01321	0.01081	0.00632	0.01534
82	0.02860	0.02991	0.15233	0.02370	0.03343	0.06989	0.08070	0.03710	0.07072	0.15008	0.02515	0.02625	0.01816	0.01009	0.00957	0.00275	0.01165	0.00854	0.00731	0.20408
83	0.01321	0.00960	0.01259	0.01455	0.01578	0.00898	0.01044	0.01572	0.02121	0.02803	0.09547	0.47063	0.11233	0.03028	0.01311	0.00413	0.00634	0.09935	0.00964	0.00862
84	0.01323	0.01020	0.01227	0.01361	0.01585	0.00925	0.01032	0.01602	0.02215	0.02786	0.07670	0.28613	0.28503	0.02863	0.01291	0.00398	0.00640	0.13121	0.00951	0.00872
85	0.02970	0.52134	0.04864	0.01941	0.02746	0.15666	0.01803	0.03286	0.02256	0.02435	0.01460	0.01689	0.01318	0.00915	0.00714	0.00229	0.01254	0.00572	0.00458	0.01290
86	0.02450	0.02386	0.04188	0.13376	0.46332	0.02431	0.07548	0.03092	0.02307	0.03251	0.01929	0.02586	0.01586	0.00925	0.01034	0.00313	0.01283	0.00940	0.00502	0.01541
87	0.01476	0.01060	0.01447	0.01447	0.01560	0.01173	0.01031	0.01703	0.01589	0.02233	0.02934	0.05055	0.03010	0.29151	0.39021	0.01400	0.02080	0.01249	0.00577	0.00804
