[name]
unknown

[dist]
# distance from previous block
# <min> <max>
0	121

[block]
# block no. 0 follows, 13 sequences, length 6
# corresponding to MSA columns:
# 135-140
name=unknown_A
#
# <colnr> <probs for GDERKNQSTAVLIFYWHMCP>
#	G	D	E	R	K	N	Q	S	T	A	V	L	I	F	Y	W	H	M	C	P
0	0.02115	0.01218	0.01611	0.01435	0.01793	0.01104	0.01104	0.02596	0.02999	0.14282	0.45879	0.07079	0.08575	0.01999	0.01212	0.00332	0.00575	0.01750	0.01191	0.01150
1	0.01837	0.00918	0.01377	0.01377	0.01377	0.00918	0.00918	0.01377	0.01377	0.01837	0.01837	0.03214	0.01837	0.03673	0.04132	0.69238	0.00918	0.00918	0.00459	0.00459
2	0.01794	0.01582	0.02542	0.40150	0.05324	0.01866	0.02271	0.02381	0.02268	0.02994	0.12724	0.12784	0.03887	0.01609	0.01138	0.00360	0.01115	0.01438	0.00680	0.01093
3	0.02192	0.01879	0.02192	0.01566	0.02506	0.01409	0.01253	0.02662	0.02192	0.03445	0.01879	0.02192	0.01566	0.00783	0.00783	0.00157	0.00783	0.00626	0.00626	0.69305
4	0.54757	0.02052	0.01723	0.01498	0.02178	0.02291	0.01218	0.03344	0.07861	0.04558	0.01843	0.02027	0.01432	0.01011	0.00717	0.00311	0.00816	0.00650	0.00699	0.09012
5	0.02631	0.11422	0.08813	0.01853	0.02530	0.02061	0.01679	0.06484	0.08625	0.13777	0.12039	0.10755	0.09577	0.01714	0.01078	0.00331	0.00890	0.01425	0.00945	0.01372

[dist]
# distance from previous block
# <min> <max>
4	6

[block]
# block no. 1 follows, 13 sequences, length 80
# corresponding to MSA columns:
# 147-201,203-227
name=unknown_B
#
# <colnr> <probs for GDERKNQSTAVLIFYWHMCP>
#	G	D	E	R	K	N	Q	S	T	A	V	L	I	F	Y	W	H	M	C	P
0	0.13007	0.41388	0.04368	0.01819	0.02671	0.03527	0.01703	0.08346	0.02481	0.09483	0.01887	0.02002	0.01515	0.00999	0.00757	0.00262	0.01062	0.00662	0.00641	0.01421
1	0.02169	0.17201	0.36967	0.02476	0.03680	0.02585	0.02974	0.03085	0.02340	0.03311	0.10715	0.03055	0.02774	0.01175	0.00975	0.00311	0.01294	0.00922	0.00567	0.01425
2	0.02276	0.11655	0.43404	0.02750	0.04096	0.02679	0.03340	0.03659	0.09821	0.03406	0.02199	0.02421	0.01617	0.01056	0.00978	0.00326	0.01407	0.00817	0.00539	0.01555
3	0.01330	0.00950	0.01275	0.01520	0.01599	0.00895	0.01054	0.01544	0.02065	0.02746	0.05805	0.57124	0.06902	0.03273	0.01361	0.00435	0.00649	0.07623	0.00981	0.00870
4	0.02543	0.18833	0.30024	0.02962	0.04208	0.02867	0.13830	0.03428	0.02320	0.06585	0.01992	0.02324	0.01483	0.00975	0.00982	0.00313	0.01463	0.00848	0.00522	0.01498
5	0.01510	0.01133	0.01699	0.01699	0.01888	0.01322	0.01322	0.01888	0.01699	0.02454	0.02832	0.04154	0.02643	0.07930	0.58652	0.01699	0.02832	0.01133	0.00566	0.00944
6	0.02827	0.63478	0.05540	0.01809	0.02714	0.04184	0.01809	0.03166	0.02148	0.02488	0.01470	0.01696	0.01357	0.00905	0.00678	0.00226	0.01131	0.00565	0.00452	0.01357
7	0.02436	0.02466	0.11356	0.01837	0.02868	0.01597	0.01722	0.03025	0.02283	0.08788	0.02112	0.02340	0.01634	0.00872	0.00848	0.00203	0.00924	0.00696	0.00665	0.51328
8	0.03167	0.02538	0.02693	0.02260	0.02954	0.02881	0.01804	0.23833	0.35247	0.05289	0.03621	0.03401	0.02675	0.01371	0.01069	0.00343	0.00963	0.01101	0.01069	0.01722
9	0.04108	0.01727	0.02294	0.01819	0.02536	0.01549	0.01480	0.04717	0.06738	0.45333	0.11838	0.04263	0.03755	0.01445	0.01091	0.00330	0.00836	0.01199	0.01270	0.01671
10	0.01510	0.01133	0.01699	0.01699	0.01888	0.01322	0.01322	0.01888	0.01699	0.02454	0.02832	0.04154	0.02643	0.07930	0.58652	0.01699	0.02832	0.01133	0.00566	0.00944
11	0.02827	0.63478	0.05540	0.01809	0.02714	0.04184	0.01809	0.03166	0.02148	0.02488	0.01470	0.01696	0.01357	0.00905	0.00678	0.00226	0.01131	0.00565	0.00452	0.01357
12	0.02665	0.01347	0.01479	0.01300	0.01710	0.01343	0.01020	0.08672	0.02667	0.13038	0.03464	0.03724	0.02590	0.01249	0.00829	0.00268	0.00637	0.00995	0.49790	0.01213
13	0.01349	0.00964	0.01297	0.01542	0.01630	0.00911	0.01088	0.01578	0.02084	0.02767	0.05794	0.54775	0.06860	0.03255	0.01366	0.00438	0.00666	0.09780	0.00980	0.00876
14	0.02598	0.02403	0.03132	0.02654	0.02846	0.03175	0.02196	0.10215	0.08153	0.03361	0.01890	0.02533	0.01659	0.01718	0.02844	0.00430	0.45306	0.00960	0.00620	0.01309
15	0.03615	0.01990	0.02671	0.16456	0.03886	0.02076	0.01952	0.08029	0.12540	0.30094	0.03511	0.03394	0.02373	0.01267	0.01064	0.00339	0.01033	0.01049	0.01039	0.01621
16	0.01653	0.01039	0.01293	0.01362	0.01448	0.01035	0.00949	0.01757	0.01818	0.02520	0.03773	0.10696	0.04100	0.29749	0.03539	0.11242	0.00910	0.11863	0.08513	0.00739
17	0.03457	0.03368	0.10244	0.02962	0.03923	0.06620	0.13245	0.32971	0.03979	0.05292	0.02317	0.02530	0.01673	0.01144	0.01086	0.00325	0.01394	0.00979	0.00838	0.01652
18	0.01585	0.01309	0.01783	0.01802	0.01869	0.01508	0.01337	0.01819	0.02031	0.02840	0.10548	0.39831	0.05857	0.02788	0.01901	0.00427	0.16621	0.02324	0.00865	0.00954
19	0.10276	0.32682	0.26302	0.02254	0.03400	0.03268	0.02592	0.03234	0.02143	0.03099	0.01645	0.01918	0.01325	0.00954	0.00809	0.00282	0.01272	0.00655	0.00473	0.01417
20	0.01837	0.00918	0.01377	0.01377	0.01377	0.00918	0.00918	0.01377	0.01377	0.01837	0.01837	0.03214	0.01837	0.03673	0.04132	0.69238	0.00918	0.00918	0.00459	0.00459
21	0.02192	0.01879	0.02192	0.01566	0.02506	0.01409	0.01253	0.02662	0.02192	0.03445	0.01879	0.02192	0.01566	0.00783	0.00783	0.00157	0.00783	0.00626	0.00626	0.69305
22	0.02456	0.01453	0.01503	0.01328	0.01716	0.01528	0.01040	0.14353	0.02869	0.04586	0.03234	0.03610	0.02494	0.01241	0.00814	0.00263	0.00651	0.00978	0.52706	0.01178
23	0.01288	0.00920	0.01227	0.01472	0.01534	0.00859	0.00981	0.01472	0.02024	0.02699	0.05828	0.62152	0.06993	0.03312	0.01350	0.00429	0.00613	0.03006	0.00981	0.00859
24	0.03899	0.02902	0.03105	0.02408	0.03233	0.03223	0.01981	0.48643	0.09245	0.06470	0.02691	0.02660	0.01922	0.01284	0.01059	0.00321	0.01135	0.00973	0.01059	0.01787
25	0.01514	0.01022	0.01182	0.01194	0.01220	0.01010	0.00699	0.01572	0.01702	0.02291	0.08061	0.11370	0.04624	0.52883	0.04705	0.00918	0.00947	0.01686	0.00713	0.00689
26	0.02827	0.63478	0.05540	0.01809	0.02714	0.04184	0.01809	0.03166	0.02148	0.02488	0.01470	0.01696	0.01357	0.00905	0.00678	0.00226	0.01131	0.00565	0.00452	0.01357
27	0.01375	0.01066	0.01217	0.01230	0.01491	0.00952	0.00904	0.01677	0.02425	0.03111	0.20181	0.13226	0.31792	0.09513	0.01744	0.00441	0.00617	0.05158	0.00987	0.00892
28	0.01351	0.00977	0.01292	0.01521	0.01631	0.00918	0.01084	0.01589	0.02114	0.02783	0.06109	0.50823	0.10026	0.03209	0.01361	0.00434	0.00665	0.10253	0.00980	0.00879
29	0.02140	0.01995	0.03228	0.41527	0.15538	0.02237	0.02738	0.02795	0.02180	0.02952	0.01899	0.02687	0.01482	0.00994	0.01014	0.00316	0.01286	0.00893	0.00503	0.11595
30	0.02827	0.63478	0.05540	0.01809	0.02714	0.04184	0.01809	0.03166	0.02148	0.02488	0.01470	0.01696	0.01357	0.00905	0.00678	0.00226	0.01131	0.00565	0.00452	0.01357
31	0.15265	0.33737	0.12791	0.02065	0.02897	0.03429	0.02096	0.03094	0.02019	0.03056	0.01527	0.01876	0.01319	0.01073	0.01133	0.00297	0.09859	0.00654	0.00491	0.01321
32	0.01391	0.01033	0.01443	0.06612	0.02097	0.01024	0.01223	0.01651	0.02073	0.02746	0.05463	0.51988	0.06419	0.03078	0.01335	0.00428	0.00718	0.07444	0.00936	0.00898
33	0.70310	0.02045	0.01554	0.01390	0.02045	0.02372	0.01145	0.03108	0.01799	0.04744	0.01472	0.01718	0.01145	0.00981	0.00654	0.00327	0.00818	0.00573	0.00654	0.01145
34	0.16332	0.18089	0.12159	0.01957	0.02889	0.02526	0.01930	0.03960	0.02438	0.24318	0.02595	0.02531	0.01805	0.01093	0.00878	0.00303	0.01052	0.00797	0.00824	0.01523
35	0.07954	0.06824	0.02465	0.01697	0.02544	0.01916	0.01386	0.03462	0.10625	0.08988	0.02434	0.02538	0.01889	0.00966	0.00840	0.00225	0.00834	0.00753	0.00755	0.40906
36	0.01997	0.01879	0.03171	0.60301	0.07282	0.02349	0.02936	0.02701	0.02114	0.02701	0.01879	0.02819	0.01409	0.01057	0.01057	0.00352	0.01409	0.00940	0.00470	0.01175
37	0.03504	0.03316	0.16070	0.07077	0.03826	0.02768	0.02475	0.30309	0.03818	0.12547	0.02559	0.02635	0.01771	0.01194	0.01046	0.00326	0.01242	0.00926	0.00899	0.01692
38	0.03098	0.02073	0.03080	0.07048	0.08612	0.02141	0.07685	0.09462	0.06204	0.18896	0.07361	0.08561	0.03123	0.01493	0.01312	0.00352	0.05796	0.01283	0.00927	0.01494
39	0.01534	0.01037	0.01216	0.01216	0.01237	0.01059	0.00719	0.01578	0.01556	0.02096	0.03274	0.06602	0.03706	0.56545	0.11490	0.01102	0.01232	0.01491	0.00632	0.00675
40	0.02192	0.01879	0.02192	0.01566	0.02506	0.01409	0.01253	0.02662	0.02192	0.03445	0.01879	0.02192	0.01566	0.00783	0.00783	0.00157	0.00783	0.00626	0.00626	0.69305
41	0.02313	0.02313	0.03238	0.02776	0.02776	0.03238	0.02313	0.02545	0.01619	0.02545	0.01388	0.02313	0.01388	0.01851	0.03470	0.00463	0.60907	0.00925	0.00463	0.01157
42	0.03070	0.03184	0.17925	0.02386	0.03330	0.02483	0.02327	0.11806	0.23294	0.13872	0.03347	0.03197	0.02379	0.01267	0.01051	0.00340	0.01099	0.01020	0.00939	0.01683
43	0.01444	0.01039	0.01352	0.01495	0.01648	0.00986	0.01104	0.01743	0.02275	0.03035	0.14997	0.31349	0.10551	0.08925	0.01753	0.00479	0.00711	0.13243	0.00979	0.00891
44	0.01779	0.01269	0.01474	0.01423	0.01561	0.01339	0.00939	0.05607	0.06023	0.02680	0.03502	0.10791	0.03764	0.41280	0.11261	0.00957	0.01218	0.01543	0.00725	0.00864
45	0.01997	0.01201	0.01562	0.01616	0.01899	0.01124	0.01274	0.02321	0.02334	0.11148	0.05941	0.20101	0.13016	0.09588	0.01794	0.00493	0.00828	0.19744	0.00990	0.01026
46	0.01478	0.01080	0.01388	0.01311	0.01568	0.00990	0.00983	0.01960	0.02950	0.04137	0.52351	0.08067	0.13378	0.02200	0.01247	0.00334	0.00502	0.01936	0.01150	0.00990
47	0.04060	0.02075	0.02504	0.01987	0.02738	0.02066	0.01619	0.15274	0.11890	0.34067	0.03796	0.03450	0.02548	0.01316	0.01043	0.00325	0.00920	0.01056	0.05538	0.01726
48	0.70310	0.02045	0.01554	0.01390	0.02045	0.02372	0.01145	0.03108	0.01799	0.04744	0.01472	0.01718	0.01145	0.00981	0.00654	0.00327	0.00818	0.00573	0.00654	0.01145
49	0.02789	0.02350	0.02480	0.02184	0.02810	0.02704	0.01712	0.11020	0.48676	0.04680	0.04101	0.03784	0.03064	0.01416	0.01074	0.00354	0.00874	0.01167	0.01074	0.01688
50	0.02496	0.02852	0.06239	0.04456	0.05526	0.02674	0.52406	0.03387	0.02496	0.03387	0.02139	0.02852	0.01604	0.00891	0.01248	0.00357	0.01783	0.01248	0.00535	0.01426
51	0.04744	0.01799	0.02454	0.01881	0.02699	0.01554	0.01554	0.05153	0.03026	0.56979	0.04171	0.03599	0.02617	0.01309	0.01063	0.00327	0.00900	0.01063	0.01309	0.01799
52	0.08507	0.13040	0.06614	0.02045	0.02876	0.02517	0.01844	0.15733	0.03154	0.23922	0.03080	0.03448	0.02287	0.01313	0.00993	0.00320	0.01046	0.04696	0.00970	0.01595
53	0.02848	0.03301	0.12424	0.03024	0.07807	0.10163	0.10541	0.13310	0.06335	0.04068	0.06181	0.02907	0.02292	0.01134	0.01049	0.00306	0.01327	0.00984	0.00717	0.09283
54	0.12262	0.01828	0.02351	0.01825	0.02624	0.01648	0.01507	0.04918	0.02886	0.50989	0.03862	0.03383	0.02448	0.01271	0.01016	0.00327	0.00890	0.01007	0.01234	0.01724
55	0.02578	0.02322	0.03354	0.18488	0.21379	0.02633	0.02592	0.08573	0.14981	0.03744	0.02523	0.02955	0.01969	0.01194	0.01249	0.00347	0.05908	0.01002	0.00691	0.01518
56	0.03017	0.02632	0.04696	0.04557	0.22116	0.02579	0.22514	0.10736	0.02887	0.10033	0.02379	0.02812	0.01773	0.01012	0.01131	0.00333	0.01412	0.01080	0.00696	0.01608
57	0.03950	0.05039	0.02996	0.02724	0.03269	0.58597	0.02043	0.04222	0.02996	0.02588	0.01634	0.01907	0.01362	0.01090	0.00953	0.00272	0.01907	0.00681	0.00545	0.01226
58	0.02318	0.01796	0.02150	0.01940	0.02251	0.06233	0.01536	0.06191	0.02375	0.08536	0.11404	0.04168	0.03518	0.04444	0.26983	0.00951	0.10116	0.01177	0.00759	0.01152
59	0.01326	0.00974	0.01244	0.01388	0.01529	0.00892	0.00960	0.01586	0.02276	0.03036	0.16713	0.43915	0.14292	0.02990	0.01315	0.00400	0.00579	0.02676	0.01019	0.00892
60	0.04144	0.02314	0.02718	0.02132	0.02927	0.02375	0.01746	0.23319	0.11636	0.29778	0.03570	0.03248	0.02399	0.01313	0.01063	0.00328	0.00990	0.01041	0.01177	0.01780
61	0.01439	0.01037	0.01303	0.01355	0.01519	0.00971	0.00961	0.01739	0.02368	0.03210	0.24589	0.22692	0.12357	0.13705	0.02049	0.00499	0.00665	0.05671	0.00987	0.00883
62	0.01714	0.01268	0.01575	0.01674	0.01941	0.01246	0.01329	0.06888	0.02552	0.03306	0.06356	0.26739	0.15581	0.02834	0.01344	0.00426	0.00792	0.20444	0.00986	0.01004
63	0.02212	0.02099	0.03560	0.41632	0.24270	0.02406	0.03043	0.02890	0.02216	0.02963	0.01917	0.02749	0.01501	0.01017	0.01053	0.00339	0.01356	0.00940	0.00488	0.01348
64	0.01787	0.01100	0.01459	0.01449	0.01690	0.01007	0.01055	0.02151	0.02615	0.09679	0.30106	0.28813	0.07955	0.02518	0.01266	0.00370	0.00590	0.02246	0.01109	0.01035
65	0.10292	0.02635	0.06196	0.02190	0.02992	0.02645	0.01873	0.23217	0.17352	0.14857	0.03162	0.03007	0.02236	0.01275	0.01020	0.00332	0.01019	0.00988	0.01028	0.01684
66	0.12614	0.02670	0.03369	0.25663	0.08406	0.12883	0.09527	0.03337	0.02366	0.06628	0.01966	0.02530	0.01485	0.01037	0.01006	0.00330	0.01427	0.00890	0.00578	0.01289
67	0.01306	0.00964	0.01222	0.01389	0.01521	0.00880	0.00954	0.01540	0.02199	0.02902	0.12354	0.47322	0.15422	0.03075	0.01321	0.00406	0.00587	0.02752	0.01002	0.00880
68	0.29249	0.02198	0.02776	0.07912	0.21014	0.02386	0.02092	0.03562	0.08147	0.07995	0.02206	0.02506	0.01694	0.01050	0.00898	0.00328	0.01022	0.00835	0.00692	0.01437
69	0.02370	0.02428	0.04692	0.04873	0.26201	0.02341	0.24303	0.03048	0.02390	0.03315	0.02614	0.11401	0.02420	0.01266	0.01178	0.00349	0.01391	0.01376	0.00595	0.01448
70	0.32277	0.02273	0.02141	0.01861	0.02520	0.02612	0.01493	0.11395	0.24281	0.04889	0.02814	0.02771	0.02113	0.01213	0.00890	0.00339	0.00876	0.00889	0.00890	0.01462
71	0.08971	0.02034	0.03254	0.42658	0.17445	0.02387	0.02824	0.02861	0.02147	0.03070	0.01862	0.02665	0.01441	0.01024	0.01015	0.00341	0.01317	0.00903	0.00500	0.01281
72	0.09427	0.02128	0.03031	0.16199	0.08368	0.02636	0.02311	0.03078	0.02026	0.10818	0.01968	0.02585	0.01573	0.01421	0.02066	0.00391	0.27147	0.00915	0.00612	0.01298
73	0.39106	0.12149	0.02552	0.01931	0.06508	0.02462	0.01470	0.03344	0.02173	0.11848	0.05930	0.02518	0.02092	0.01101	0.00793	0.00310	0.00893	0.00772	0.00744	0.01307
74	0.03465	0.07157	0.11457	0.03217	0.16267	0.02231	0.02361	0.04305	0.07824	0.26272	0.03098	0.03042	0.02157	0.01154	0.01023	0.00321	0.01099	0.00967	0.00896	0.01687
75	0.02734	0.12727	0.08079	0.08597	0.36545	0.02703	0.02909	0.03346	0.02379	0.07222	0.02052	0.02523	0.01651	0.00975	0.00985	0.00304	0.01241	0.00877	0.00561	0.01591
76	0.11272	0.06232	0.07041	0.10492	0.03484	0.02223	0.01953	0.07386	0.07894	0.26823	0.03082	0.03005	0.02098	0.01194	0.00987	0.00327	0.01043	0.00941	0.00948	0.01573
77	0.07451	0.12418	0.03859	0.09609	0.11364	0.02597	0.09412	0.08459	0.02665	0.13908	0.02346	0.02614	0.01733	0.01036	0.00976	0.00302	0.01189	0.00902	0.00728	0.06430
78	0.03086	0.02891	0.12465	0.04277	0.27841	0.02404	0.02781	0.08770	0.06865	0.14141	0.02632	0.02839	0.01936	0.01095	0.01046	0.00324	0.01196	0.00960	0.00759	0.01692
79	0.02432	0.21157	0.19114	0.12525	0.10322	0.02982	0.06341	0.03359	0.06352	0.03089	0.01987	0.02395	0.01563	0.01003	0.00945	0.00307	0.01333	0.00828	0.00517	0.01450

[dist]
# distance from previous block
# <min> <max>
9	47

[block]
# block no. 2 follows, 13 sequences, length 18
# corresponding to MSA columns:
# 282-299
name=unknown_C
#
# <colnr> <probs for GDERKNQSTAVLIFYWHMCP>
#	G	D	E	R	K	N	Q	S	T	A	V	L	I	F	Y	W	H	M	C	P
0	0.18765	0.25695	0.14404	0.02039	0.02976	0.07848	0.02065	0.03498	0.02253	0.09172	0.01866	0.02035	0.01443	0.01003	0.00804	0.00287	0.01186	0.00675	0.00600	0.01386
1	0.02476	0.16328	0.19180	0.05928	0.03477	0.07148	0.02333	0.06560	0.02475	0.03266	0.02690	0.02923	0.06766	0.01137	0.00923	0.00277	0.01221	0.00864	0.00585	0.13443
2	0.20653	0.12984	0.11529	0.01959	0.02821	0.02577	0.01888	0.11230	0.02736	0.12880	0.07067	0.02792	0.02356	0.01178	0.00898	0.00310	0.01029	0.00866	0.00803	0.01444
3	0.17419	0.03046	0.18546	0.07232	0.08081	0.02221	0.02384	0.06771	0.02452	0.08777	0.05266	0.02680	0.02017	0.01092	0.00938	0.00313	0.01132	0.00852	0.00683	0.08098
4	0.02609	0.03551	0.26514	0.02612	0.03687	0.02226	0.08098	0.11106	0.02871	0.09790	0.08022	0.03792	0.07709	0.01337	0.01092	0.00336	0.01253	0.01135	0.00766	0.01494
5	0.14450	0.07484	0.12252	0.02061	0.02861	0.11109	0.01912	0.08490	0.02620	0.03822	0.06981	0.06868	0.02581	0.01273	0.00932	0.00294	0.01134	0.00971	0.00695	0.11210
6	0.15672	0.02111	0.02415	0.02153	0.07215	0.02028	0.01569	0.08900	0.07564	0.11203	0.02420	0.02532	0.01820	0.01020	0.00877	0.00262	0.00893	0.00792	0.00803	0.27753
7	0.02983	0.02248	0.08325	0.01823	0.02793	0.01569	0.01638	0.03517	0.02458	0.20193	0.02599	0.02637	0.01870	0.00972	0.00895	0.00230	0.00905	0.00780	0.00820	0.40743
8	0.02203	0.02014	0.02922	0.18935	0.08455	0.02232	0.06890	0.03668	0.20786	0.03589	0.08350	0.04371	0.08181	0.01421	0.01117	0.00351	0.01064	0.01272	0.00806	0.01373
9	0.01423	0.01024	0.01321	0.01509	0.01637	0.00975	0.01099	0.01666	0.02099	0.02743	0.05910	0.36956	0.11127	0.11226	0.01914	0.00517	0.00752	0.14308	0.00933	0.00861
10	0.02509	0.02422	0.03465	0.02864	0.03089	0.03143	0.07153	0.07404	0.05826	0.03137	0.01777	0.02505	0.01580	0.01674	0.02860	0.00432	0.45337	0.00979	0.00568	0.01279
11	0.01585	0.01205	0.01522	0.01483	0.01734	0.01232	0.01105	0.02246	0.08086	0.03432	0.25588	0.11492	0.11265	0.07488	0.14980	0.00712	0.01131	0.01753	0.00947	0.01014
12	0.02629	0.02146	0.03656	0.37024	0.05998	0.02386	0.12015	0.07494	0.02554	0.10338	0.02288	0.02904	0.01639	0.01077	0.01094	0.00347	0.01391	0.01015	0.00644	0.01359
13	0.02694	0.02376	0.03609	0.14400	0.22514	0.02540	0.06910	0.14032	0.07157	0.04032	0.02605	0.07607	0.02208	0.01263	0.01096	0.00338	0.01223	0.01159	0.00714	0.01523
14	0.01391	0.01060	0.01278	0.01259	0.01524	0.00947	0.00930	0.01777	0.02691	0.03605	0.35089	0.14615	0.25070	0.02461	0.01259	0.00351	0.00524	0.02139	0.01083	0.00947
15	0.09354	0.01907	0.02520	0.02037	0.02728	0.01857	0.05631	0.08311	0.07613	0.27450	0.07877	0.04700	0.06377	0.01530	0.01100	0.00347	0.00937	0.05117	0.01088	0.01520
16	0.02290	0.02310	0.03078	0.02682	0.02852	0.07257	0.06165	0.02609	0.01950	0.02714	0.02429	0.08867	0.02531	0.01983	0.02624	0.00439	0.37846	0.07651	0.00590	0.01133
17	0.02547	0.02367	0.02647	0.02199	0.02685	0.06972	0.01770	0.07554	0.10748	0.03590	0.06568	0.02988	0.02470	0.01411	0.01768	0.00325	0.20181	0.00952	0.00721	0.19536

[dist]
# distance from previous block
# <min> <max>
0	1

[block]
# block no. 3 follows, 13 sequences, length 45
# corresponding to MSA columns:
# 301-345
name=unknown_D
#
# <colnr> <probs for GDERKNQSTAVLIFYWHMCP>
#	G	D	E	R	K	N	Q	S	T	A	V	L	I	F	Y	W	H	M	C	P
0	0.51121	0.01921	0.01588	0.01405	0.01997	0.02183	0.01143	0.07402	0.02163	0.04759	0.01951	0.02223	0.01507	0.01056	0.00707	0.00311	0.00785	0.00687	0.13919	0.01172
1	0.43040	0.02113	0.06082	0.01543	0.02235	0.02024	0.01374	0.03381	0.02110	0.13529	0.02276	0.02425	0.01655	0.01078	0.00766	0.00315	0.00842	0.00737	0.11205	0.01267
2	0.01420	0.01078	0.01307	0.01250	0.01533	0.00965	0.00937	0.01847	0.02812	0.03811	0.41731	0.08605	0.24202	0.02322	0.01248	0.00340	0.00510	0.02011	0.01107	0.00965
3	0.03950	0.05039	0.02996	0.02724	0.03269	0.58597	0.02043	0.04222	0.02996	0.02588	0.01634	0.01907	0.01362	0.01090	0.00953	0.00272	0.01907	0.00681	0.00545	0.01226
4	0.01997	0.01879	0.03171	0.60301	0.07282	0.02349	0.02936	0.02701	0.02114	0.02701	0.01879	0.02819	0.01409	0.01057	0.01057	0.00352	0.01409	0.00940	0.00470	0.01175
5	0.01501	0.01059	0.01331	0.01287	0.01532	0.00977	0.00956	0.01955	0.02799	0.03974	0.43271	0.11820	0.13187	0.02211	0.01210	0.00334	0.00510	0.01940	0.07170	0.00977
6	0.01997	0.01879	0.03171	0.60301	0.07282	0.02349	0.02936	0.02701	0.02114	0.02701	0.01879	0.02819	0.01409	0.01057	0.01057	0.00352	0.01409	0.00940	0.00470	0.01175
7	0.03823	0.01906	0.02334	0.01890	0.02566	0.01862	0.01522	0.14226	0.07129	0.32298	0.03960	0.09628	0.02968	0.01515	0.01064	0.00331	0.00882	0.01249	0.07229	0.01617
8	0.01781	0.01150	0.01497	0.01670	0.01915	0.01150	0.01426	0.02269	0.02372	0.03388	0.04979	0.09627	0.05113	0.02434	0.01253	0.00418	0.00835	0.35266	0.20479	0.00977
9	0.02192	0.01879	0.02192	0.01566	0.02506	0.01409	0.01253	0.02662	0.02192	0.03445	0.01879	0.02192	0.01566	0.00783	0.00783	0.00157	0.00783	0.00626	0.00626	0.69305
10	0.02480	0.02807	0.05989	0.04316	0.05297	0.02721	0.48232	0.03317	0.02423	0.03317	0.02076	0.02807	0.01586	0.00971	0.01433	0.00365	0.06709	0.01221	0.00529	0.01404
11	0.02558	0.02720	0.04353	0.17909	0.09814	0.08482	0.22409	0.03646	0.10662	0.03303	0.02351	0.02896	0.01794	0.01044	0.01124	0.00343	0.01506	0.01076	0.00604	0.01404
12	0.02462	0.01871	0.02220	0.01599	0.02526	0.01425	0.01285	0.02925	0.02281	0.09103	0.02121	0.02341	0.01677	0.00839	0.00813	0.00175	0.00795	0.00673	0.00699	0.62171
13	0.24871	0.02164	0.02380	0.01950	0.02598	0.02387	0.01604	0.11741	0.06796	0.21356	0.02711	0.02698	0.01912	0.01279	0.01244	0.00346	0.08646	0.00883	0.00935	0.01500
14	0.01493	0.01133	0.01387	0.01379	0.01631	0.01071	0.01012	0.02069	0.06532	0.03674	0.33050	0.20063	0.16640	0.02451	0.01257	0.00360	0.00556	0.02156	0.01086	0.01000
15	0.02026	0.01151	0.01467	0.01359	0.01672	0.01062	0.01029	0.02482	0.02771	0.11550	0.34477	0.11404	0.07351	0.01975	0.01138	0.00325	0.00565	0.01721	0.13377	0.01097
16	0.04744	0.01799	0.02454	0.01881	0.02699	0.01554	0.01554	0.05153	0.03026	0.56979	0.04171	0.03599	0.02617	0.01309	0.01063	0.00327	0.00900	0.01063	0.01309	0.01799
17	0.02907	0.01998	0.02278	0.01932	0.02513	0.02130	0.01529	0.14112	0.21727	0.12775	0.18716	0.04744	0.04787	0.01591	0.01120	0.00338	0.00816	0.01332	0.01133	0.01523
18	0.01805	0.00952	0.01392	0.01414	0.01435	0.00952	0.00970	0.01461	0.01482	0.01969	0.02270	0.04234	0.02347	0.07465	0.03975	0.58645	0.00930	0.05267	0.00517	0.00517
19	0.28307	0.02425	0.02280	0.01877	0.02575	0.07341	0.01523	0.16415	0.03075	0.15919	0.06433	0.02808	0.02310	0.01223	0.00916	0.00320	0.00997	0.00884	0.00924	0.01447
20	0.02916	0.44007	0.13383	0.02106	0.03106	0.03756	0.02177	0.11584	0.02640	0.03331	0.01719	0.01924	0.01429	0.00982	0.00794	0.00259	0.01205	0.00665	0.00554	0.01464
21	0.03575	0.03500	0.02874	0.02453	0.03116	0.22953	0.01920	0.21095	0.19150	0.04524	0.02746	0.02736	0.02073	0.01255	0.01026	0.00314	0.01332	0.00928	0.00879	0.01555
22	0.51864	0.01984	0.01868	0.06731	0.02635	0.02216	0.01382	0.03457	0.02059	0.14409	0.02017	0.02170	0.01446	0.01050	0.00767	0.00329	0.00886	0.00698	0.00761	0.01271
23	0.02179	0.02252	0.04227	0.03242	0.03812	0.02386	0.26430	0.02775	0.02317	0.03261	0.11486	0.08323	0.03425	0.01553	0.01832	0.00386	0.16798	0.01419	0.00660	0.01237
24	0.01496	0.01081	0.01413	0.01330	0.01580	0.00998	0.00998	0.01995	0.02993	0.04240	0.55689	0.07898	0.09976	0.02162	0.01247	0.00333	0.00499	0.01912	0.01164	0.00998
25	0.02417	0.02219	0.03817	0.12243	0.11385	0.02278	0.17362	0.10337	0.02741	0.03680	0.03061	0.10429	0.02871	0.01548	0.01206	0.00372	0.01313	0.08656	0.00717	0.01348
26	0.01740	0.01122	0.01406	0.01356	0.01653	0.01004	0.01007	0.02112	0.02667	0.09181	0.29742	0.18766	0.19398	0.02422	0.01249	0.00357	0.00573	0.02115	0.01100	0.01030
27	0.01676	0.00928	0.01324	0.01379	0.01416	0.00903	0.00925	0.01408	0.01588	0.02095	0.03295	0.16883	0.06419	0.03529	0.03325	0.49424	0.00826	0.01470	0.00610	0.00576
28	0.02827	0.63478	0.05540	0.01809	0.02714	0.04184	0.01809	0.03166	0.02148	0.02488	0.01470	0.01696	0.01357	0.00905	0.00678	0.00226	0.01131	0.00565	0.00452	0.01357
29	0.10089	0.01177	0.01394	0.01472	0.01725	0.01139	0.01079	0.02055	0.02229	0.07248	0.10107	0.36372	0.11303	0.02676	0.01231	0.00397	0.00668	0.05669	0.00982	0.00989
30	0.17986	0.02518	0.02724	0.02435	0.07039	0.02773	0.01827	0.26432	0.12076	0.09821	0.02694	0.02689	0.01952	0.01212	0.00974	0.00327	0.01021	0.00919	0.00953	0.01628
31	0.02848	0.02197	0.06276	0.03173	0.17591	0.01899	0.02103	0.03666	0.08037	0.15866	0.07185	0.03963	0.02982	0.01292	0.01051	0.00310	0.00988	0.04444	0.00857	0.13272
32	0.02463	0.02566	0.08928	0.03476	0.04358	0.02177	0.32932	0.03190	0.02437	0.08911	0.03068	0.14671	0.02761	0.01426	0.01229	0.00366	0.01439	0.01540	0.00698	0.01364
33	0.01373	0.00974	0.01279	0.01458	0.01551	0.00922	0.01004	0.01600	0.02124	0.02857	0.11682	0.45692	0.06956	0.09431	0.01772	0.00485	0.00671	0.06339	0.00967	0.00862
34	0.07347	0.02516	0.02909	0.09252	0.15527	0.09940	0.02135	0.07006	0.11610	0.11609	0.02957	0.07531	0.02404	0.01323	0.01042	0.00332	0.01151	0.01107	0.00811	0.01489
35	0.02586	0.12535	0.26719	0.03526	0.16252	0.02819	0.03049	0.08718	0.07207	0.03696	0.02141	0.02432	0.01639	0.01042	0.00980	0.00315	0.01321	0.00843	0.00586	0.01594
36	0.01335	0.00956	0.01269	0.01440	0.01544	0.00890	0.00985	0.01590	0.02242	0.03046	0.17042	0.49949	0.07664	0.03054	0.01326	0.00408	0.00588	0.02760	0.01023	0.00890
37	0.03008	0.02123	0.03250	0.06503	0.06980	0.02144	0.11308	0.11424	0.06653	0.15258	0.03602	0.05226	0.03047	0.01586	0.01193	0.00373	0.01175	0.12753	0.00922	0.01472
38	0.03500	0.10455	0.07121	0.07336	0.03320	0.08249	0.01997	0.07968	0.06723	0.22913	0.03178	0.03638	0.02388	0.01329	0.01031	0.00326	0.01154	0.04933	0.00912	0.01530
39	0.02957	0.03863	0.29820	0.02559	0.03691	0.02410	0.02798	0.16798	0.03074	0.12227	0.02739	0.07513	0.02126	0.01314	0.01056	0.00337	0.01276	0.01055	0.00785	0.01603
40	0.02698	0.06637	0.07361	0.01979	0.02687	0.02209	0.01721	0.07047	0.22235	0.10983	0.13593	0.04134	0.03946	0.01422	0.01048	0.00319	0.00880	0.01176	0.00985	0.06938
41	0.09086	0.07871	0.19650	0.02492	0.03463	0.10907	0.06812	0.03726	0.02558	0.14751	0.06592	0.02896	0.02312	0.01155	0.00996	0.00317	0.01312	0.00924	0.00729	0.01452
42	0.02318	0.23476	0.12118	0.01874	0.02823	0.02479	0.01846	0.02839	0.02169	0.03035	0.02094	0.07370	0.01941	0.01086	0.00833	0.00233	0.01012	0.00842	0.00569	0.29043
43	0.03011	0.06981	0.03035	0.06285	0.03234	0.02217	0.06990	0.07649	0.13117	0.15147	0.03018	0.03077	0.02204	0.01137	0.00979	0.00293	0.01003	0.00969	0.06016	0.13639
44	0.03465	0.02571	0.07917	0.08084	0.17161	0.06258	0.02331	0.04023	0.02650	0.25387	0.02836	0.02917	0.01979	0.01107	0.01022	0.00309	0.01161	0.00932	0.00846	0.07046

[dist]
# distance from previous block
# <min> <max>
1	10

[block]
# block no. 4 follows, 13 sequences, length 16
# corresponding to MSA columns:
# 356-371
name=unknown_E
#
# <colnr> <probs for GDERKNQSTAVLIFYWHMCP>
#	G	D	E	R	K	N	Q	S	T	A	V	L	I	F	Y	W	H	M	C	P
0	0.02830	0.02520	0.03398	0.07286	0.11185	0.11750	0.12823	0.03350	0.02621	0.11948	0.07028	0.08126	0.07520	0.01437	0.01131	0.00334	0.01272	0.01315	0.00772	0.01352
1	0.19457	0.08350	0.17884	0.08251	0.03464	0.02282	0.02222	0.03303	0.02258	0.10774	0.05625	0.02675	0.02061	0.01096	0.00901	0.00311	0.01105	0.00828	0.00677	0.06475
2	0.02885	0.02296	0.03806	0.09990	0.26054	0.02256	0.09576	0.03667	0.06078	0.13086	0.02543	0.02901	0.01906	0.01032	0.01058	0.00315	0.01210	0.00996	0.00709	0.07637
3	0.02276	0.01954	0.02686	0.03015	0.17900	0.01758	0.01826	0.06105	0.02518	0.03683	0.08229	0.08932	0.03073	0.01265	0.00985	0.00260	0.00898	0.01118	0.00721	0.30800
4	0.02675	0.01997	0.03285	0.02610	0.03197	0.02015	0.15357	0.07506	0.02764	0.13327	0.12430	0.08796	0.04090	0.01709	0.01470	0.00374	0.07637	0.06525	0.00900	0.01335
5	0.02250	0.09068	0.10723	0.33332	0.14078	0.02607	0.02900	0.03144	0.06099	0.03016	0.02038	0.02673	0.01574	0.01043	0.01009	0.00331	0.01332	0.00898	0.00519	0.01364
6	0.01693	0.01360	0.01955	0.07515	0.02512	0.01349	0.04908	0.05317	0.02634	0.03554	0.22479	0.23969	0.11962	0.02319	0.01248	0.00368	0.00765	0.02082	0.00966	0.01044
7	0.03421	0.02730	0.06754	0.12688	0.07214	0.09498	0.02200	0.09164	0.11300	0.19665	0.03000	0.03035	0.02110	0.01208	0.01044	0.00328	0.01205	0.00975	0.00889	0.01571
8	0.02725	0.01863	0.02247	0.01632	0.02546	0.01440	0.01316	0.03182	0.02367	0.14624	0.02358	0.02486	0.01786	0.00893	0.00842	0.00192	0.00807	0.00718	0.00769	0.55209
9	0.01975	0.01665	0.02417	0.20753	0.09458	0.01843	0.01980	0.06185	0.06970	0.03226	0.03789	0.27430	0.03939	0.02027	0.01179	0.00378	0.00995	0.01819	0.00784	0.01188
10	0.02880	0.02316	0.03676	0.03262	0.08943	0.02719	0.10398	0.03298	0.02138	0.14070	0.02152	0.02700	0.01709	0.01485	0.02350	0.00401	0.32451	0.01008	0.00656	0.01389
11	0.02869	0.01749	0.02107	0.01769	0.02307	0.01759	0.01402	0.12442	0.10158	0.17108	0.27104	0.05389	0.05865	0.01702	0.01147	0.00332	0.00759	0.01443	0.01167	0.01421
12	0.01996	0.01803	0.02452	0.02177	0.02197	0.02374	0.01709	0.02174	0.01603	0.02387	0.02122	0.03883	0.02254	0.20685	0.09935	0.00762	0.36848	0.01130	0.00527	0.00980
13	0.09656	0.02386	0.02551	0.06301	0.03130	0.02740	0.01792	0.16449	0.33540	0.04869	0.03425	0.03305	0.02548	0.01323	0.01028	0.00345	0.00954	0.01057	0.00986	0.01615
14	0.22619	0.02255	0.02849	0.02761	0.08294	0.02902	0.02065	0.02788	0.01758	0.03298	0.01478	0.02168	0.01346	0.01494	0.02370	0.00406	0.36592	0.00822	0.00526	0.01209
15	0.03179	0.02625	0.03116	0.02542	0.03018	0.03193	0.02097	0.27346	0.08886	0.04754	0.02261	0.02597	0.01785	0.01523	0.02038	0.00381	0.25351	0.00967	0.00818	0.01525

[dist]
# distance from previous block
# <min> <max>
0	2

[block]
# block no. 5 follows, 13 sequences, length 32
# corresponding to MSA columns:
# 374-405
name=unknown_F
#
# <colnr> <probs for GDERKNQSTAVLIFYWHMCP>
#	G	D	E	R	K	N	Q	S	T	A	V	L	I	F	Y	W	H	M	C	P
0	0.03226	0.17600	0.06999	0.02048	0.02831	0.02754	0.01862	0.17382	0.06989	0.12588	0.02967	0.03540	0.02353	0.01325	0.00972	0.00310	0.01045	0.05221	0.06467	0.01522
1	0.02121	0.05469	0.57364	0.03014	0.04576	0.02455	0.03906	0.03348	0.02232	0.03348	0.01897	0.02232	0.01339	0.01005	0.01005	0.00335	0.01563	0.00781	0.00446	0.01563
2	0.70310	0.02045	0.01554	0.01390	0.02045	0.02372	0.01145	0.03108	0.01799	0.04744	0.01472	0.01718	0.01145	0.00981	0.00654	0.00327	0.00818	0.00573	0.00654	0.01145
3	0.01523	0.01083	0.01445	0.01445	0.01546	0.01184	0.01005	0.01725	0.01624	0.02266	0.03064	0.05441	0.03202	0.33485	0.33861	0.01385	0.01991	0.01321	0.00601	0.00803
4	0.04744	0.01799	0.02454	0.01881	0.02699	0.01554	0.01554	0.05153	0.03026	0.56979	0.04171	0.03599	0.02617	0.01309	0.01063	0.00327	0.00900	0.01063	0.01309	0.01799
5	0.01360	0.00985	0.01293	0.01467	0.01596	0.00918	0.01040	0.01631	0.02252	0.03014	0.14574	0.44915	0.10552	0.03040	0.01336	0.00414	0.00623	0.07085	0.01012	0.00895
6	0.08904	0.57945	0.05181	0.01771	0.02653	0.04020	0.01749	0.03161	0.02117	0.02691	0.01470	0.01698	0.01338	0.00911	0.00676	0.00235	0.01103	0.00566	0.00470	0.01338
7	0.01837	0.00918	0.01377	0.01377	0.01377	0.00918	0.00918	0.01377	0.01377	0.01837	0.01837	0.03214	0.01837	0.03673	0.04132	0.69238	0.00918	0.00918	0.00459	0.00459
8	0.04019	0.02962	0.03173	0.02433	0.03279	0.03279	0.02010	0.52721	0.04971	0.06663	0.02538	0.02538	0.01798	0.01269	0.01058	0.00317	0.01163	0.00952	0.01058	0.01798
9	0.02593	0.02085	0.02450	0.06630	0.03018	0.01949	0.01574	0.16356	0.02936	0.04199	0.02444	0.08148	0.02143	0.01185	0.00936	0.00243	0.00923	0.00972	0.00767	0.38449
10	0.02634	0.01408	0.01799	0.01556	0.02013	0.01321	0.01217	0.03337	0.07758	0.20514	0.31754	0.05957	0.06625	0.01773	0.01143	0.00328	0.00654	0.01526	0.05377	0.01308
11	0.03122	0.01947	0.02660	0.09712	0.11876	0.02003	0.01930	0.07359	0.11323	0.20004	0.08200	0.03758	0.03056	0.01309	0.01051	0.00326	0.00956	0.01115	0.06755	0.01538
12	0.03509	0.08307	0.11273	0.02054	0.03026	0.02137	0.01937	0.10450	0.02898	0.25297	0.02853	0.02764	0.01965	0.01104	0.00957	0.00281	0.01033	0.00863	0.00914	0.16378
13	0.64178	0.02022	0.01638	0.01436	0.02106	0.02295	0.01183	0.03299	0.01914	0.09630	0.01725	0.01894	0.01283	0.01012	0.00693	0.00327	0.00826	0.00618	0.00716	0.01206
14	0.02193	0.01984	0.03171	0.54695	0.06894	0.02439	0.02847	0.07547	0.02391	0.03085	0.01943	0.02792	0.01447	0.01078	0.01057	0.00349	0.01386	0.00941	0.00527	0.01235
15	0.01288	0.00920	0.01227	0.01472	0.01534	0.00859	0.00981	0.01472	0.02024	0.02699	0.05828	0.62152	0.06993	0.03312	0.01350	0.00429	0.00613	0.03006	0.00981	0.00859
16	0.04411	0.01730	0.02322	0.01804	0.02578	0.01491	0.01482	0.04806	0.02968	0.51823	0.04794	0.04225	0.07685	0.01439	0.01081	0.00330	0.00865	0.01175	0.01277	0.01713
17	0.03654	0.02780	0.02967	0.02359	0.03140	0.03108	0.01921	0.40329	0.17958	0.06074	0.03003	0.02908	0.02174	0.01313	0.01062	0.00328	0.01078	0.01016	0.01062	0.01765
18	0.70310	0.02045	0.01554	0.01390	0.02045	0.02372	0.01145	0.03108	0.01799	0.04744	0.01472	0.01718	0.01145	0.00981	0.00654	0.00327	0.00818	0.00573	0.00654	0.01145
19	0.02827	0.63478	0.05540	0.01809	0.02714	0.04184	0.01809	0.03166	0.02148	0.02488	0.01470	0.01696	0.01357	0.00905	0.00678	0.00226	0.01131	0.00565	0.00452	0.01357
20	0.09342	0.02626	0.01803	0.01684	0.02083	0.22974	0.01273	0.03193	0.02472	0.03506	0.02569	0.02954	0.02047	0.01154	0.00812	0.00264	0.01061	0.00830	0.36260	0.01092
21	0.03002	0.08046	0.03253	0.27113	0.09510	0.06539	0.02361	0.03716	0.06022	0.16329	0.02567	0.02897	0.01849	0.01123	0.01015	0.00325	0.01240	0.00933	0.00728	0.01430
22	0.37293	0.02368	0.02394	0.07479	0.07275	0.06674	0.01768	0.06404	0.02220	0.07190	0.01779	0.02140	0.01386	0.01137	0.01138	0.00340	0.08337	0.00740	0.00659	0.01279
23	0.15181	0.02231	0.02934	0.10026	0.13751	0.02420	0.02127	0.11759	0.02773	0.17415	0.02467	0.02689	0.01779	0.01191	0.01203	0.00338	0.06466	0.00907	0.00819	0.01525
24	0.01277	0.01058	0.01118	0.01132	0.01452	0.00900	0.00838	0.01559	0.02431	0.02974	0.14556	0.14639	0.47053	0.02686	0.01258	0.00361	0.00539	0.02271	0.00999	0.00900
25	0.02313	0.02313	0.03238	0.02776	0.02776	0.03238	0.02313	0.02545	0.01619	0.02545	0.01388	0.02313	0.01388	0.01851	0.03470	0.00463	0.60907	0.00925	0.00463	0.01157
26	0.01588	0.01176	0.01499	0.01457	0.01717	0.01139	0.01103	0.02268	0.07239	0.04034	0.43082	0.13009	0.08847	0.02262	0.01257	0.00355	0.00571	0.05232	0.01126	0.01040
27	0.01837	0.00918	0.01377	0.01377	0.01377	0.00918	0.00918	0.01377	0.01377	0.01837	0.01837	0.03214	0.01837	0.03673	0.04132	0.69238	0.00918	0.00918	0.00459	0.00459
28	0.02288	0.14880	0.43354	0.02728	0.04087	0.02762	0.03339	0.03538	0.07266	0.03308	0.02059	0.02308	0.01525	0.01029	0.00957	0.00319	0.01420	0.00785	0.00508	0.01539
29	0.02361	0.01816	0.02172	0.01624	0.02495	0.01405	0.01316	0.02827	0.02282	0.07827	0.02385	0.03138	0.02038	0.01009	0.00864	0.00199	0.00809	0.04798	0.00712	0.57923
30	0.03149	0.02180	0.02765	0.13137	0.03679	0.06635	0.05576	0.06878	0.09705	0.20014	0.08144	0.04062	0.06562	0.01394	0.01097	0.00336	0.01092	0.01186	0.00949	0.01458
31	0.08998	0.08204	0.33471	0.02641	0.03900	0.02394	0.07142	0.03357	0.02257	0.07161	0.02003	0.02288	0.01461	0.00980	0.00946	0.00306	0.01338	0.00787	0.00556	0.09810

[dist]
# distance from previous block
# <min> <max>
1	4

[block]
# block no. 6 follows, 13 sequences, length 6
# corresponding to MSA columns:
# 410-415
name=unknown_G
#
# <colnr> <probs for GDERKNQSTAVLIFYWHMCP>
#	G	D	E	R	K	N	Q	S	T	A	V	L	I	F	Y	W	H	M	C	P
0	0.08462	0.12267	0.03780	0.17025	0.23184	0.12145	0.02570	0.03261	0.02347	0.03094	0.01779	0.02324	0.01467	0.00991	0.00943	0.00303	0.01344	0.00808	0.00515	0.01390
1	0.01837	0.00918	0.01377	0.01377	0.01377	0.00918	0.00918	0.01377	0.01377	0.01837	0.01837	0.03214	0.01837	0.03673	0.04132	0.69238	0.00918	0.00918	0.00459	0.00459
2	0.03484	0.08933	0.03143	0.02240	0.02965	0.11162	0.05747	0.16398	0.03337	0.16509	0.07872	0.03721	0.07063	0.01376	0.01051	0.00311	0.01155	0.01108	0.00934	0.01490
3	0.01542	0.01213	0.01655	0.11196	0.02514	0.01208	0.01293	0.02039	0.02754	0.03766	0.39630	0.07400	0.15692	0.02057	0.01216	0.00340	0.00658	0.01799	0.01019	0.01011
4	0.27240	0.20766	0.03013	0.01680	0.02374	0.02843	0.01465	0.11122	0.02629	0.04288	0.10755	0.02885	0.02801	0.01204	0.00828	0.00296	0.00917	0.00858	0.00745	0.01293
5	0.22360	0.01720	0.01968	0.02107	0.09987	0.01738	0.01397	0.03190	0.02244	0.12060	0.02632	0.02897	0.01989	0.01089	0.00813	0.00284	0.00787	0.00840	0.22785	0.07114

[dist]
# distance from previous block
# <min> <max>
0	2

[block]
# block no. 7 follows, 13 sequences, length 39
# corresponding to MSA columns:
# 418-456
name=unknown_H
#
# <colnr> <probs for GDERKNQSTAVLIFYWHMCP>
#	G	D	E	R	K	N	Q	S	T	A	V	L	I	F	Y	W	H	M	C	P
0	0.03364	0.01981	0.06447	0.01798	0.02608	0.01494	0.01567	0.03867	0.02753	0.30732	0.12092	0.03868	0.03496	0.01299	0.01020	0.00286	0.00855	0.01076	0.01049	0.18346
1	0.01811	0.08432	0.02322	0.06240	0.02337	0.01910	0.01467	0.02098	0.01732	0.02391	0.02533	0.04200	0.02527	0.19185	0.27268	0.01098	0.09809	0.01124	0.00550	0.00963
2	0.10535	0.02506	0.03036	0.06568	0.15397	0.10062	0.05911	0.03722	0.10428	0.08800	0.09585	0.03442	0.02979	0.01242	0.01038	0.00326	0.01148	0.01066	0.00783	0.01425
3	0.62554	0.02075	0.01746	0.01548	0.02128	0.02471	0.01278	0.03044	0.01779	0.04493	0.01463	0.01786	0.01173	0.01081	0.00975	0.00343	0.07672	0.00613	0.00632	0.01146
4	0.02372	0.09290	0.03501	0.02666	0.02769	0.03346	0.02256	0.02615	0.01680	0.02538	0.01397	0.02243	0.01384	0.01743	0.03151	0.00436	0.54089	0.00884	0.00461	0.01179
5	0.15870	0.03731	0.29582	0.02389	0.03484	0.02333	0.02664	0.06446	0.06497	0.08966	0.02328	0.02555	0.01695	0.01578	0.05106	0.00432	0.01363	0.00836	0.00664	0.01481
6	0.21874	0.12160	0.03188	0.02478	0.08858	0.02980	0.01854	0.22735	0.03244	0.08193	0.02115	0.02254	0.01586	0.01098	0.00886	0.00306	0.01058	0.00793	0.00806	0.01535
7	0.04116	0.02807	0.03077	0.02359	0.03202	0.03050	0.01949	0.46396	0.04713	0.13353	0.02756	0.02679	0.01907	0.01274	0.01058	0.00319	0.01128	0.00967	0.01091	0.01798
8	0.01496	0.01081	0.01413	0.01330	0.01580	0.00998	0.00998	0.01995	0.02993	0.04240	0.55689	0.07898	0.09976	0.02162	0.01247	0.00333	0.00499	0.01912	0.01164	0.00998
9	0.02121	0.05469	0.57364	0.03014	0.04576	0.02455	0.03906	0.03348	0.02232	0.03348	0.01897	0.02232	0.01339	0.01005	0.01005	0.00335	0.01563	0.00781	0.00446	0.01563
10	0.02827	0.63478	0.05540	0.01809	0.02714	0.04184	0.01809	0.03166	0.02148	0.02488	0.01470	0.01696	0.01357	0.00905	0.00678	0.00226	0.01131	0.00565	0.00452	0.01357
11	0.01600	0.01078	0.01268	0.01315	0.01593	0.00942	0.00949	0.01846	0.02309	0.07965	0.08055	0.31159	0.30430	0.02811	0.01273	0.00384	0.00603	0.02442	0.01013	0.00965
12	0.02678	0.02767	0.05932	0.04248	0.05297	0.02583	0.48283	0.03530	0.02539	0.07732	0.02304	0.02913	0.01686	0.00925	0.01233	0.00354	0.01711	0.01233	0.00598	0.01456
13	0.01837	0.00918	0.01377	0.01377	0.01377	0.00918	0.00918	0.01377	0.01377	0.01837	0.01837	0.03214	0.01837	0.03673	0.04132	0.69238	0.00918	0.00918	0.00459	0.00459
14	0.04019	0.02962	0.03173	0.02433	0.03279	0.03279	0.02010	0.52721	0.04971	0.06663	0.02538	0.02538	0.01798	0.01269	0.01058	0.00317	0.01163	0.00952	0.01058	0.01798
15	0.02202	0.01914	0.02277	0.01664	0.02528	0.01558	0.01339	0.02653	0.02146	0.03372	0.01839	0.02202	0.01552	0.00870	0.01001	0.00181	0.05658	0.00651	0.00613	0.63780
16	0.03179	0.02166	0.02440	0.02041	0.02685	0.02333	0.01627	0.16591	0.24584	0.14549	0.12034	0.04164	0.03839	0.01487	0.01096	0.00339	0.00875	0.01225	0.01128	0.01620
17	0.02121	0.05469	0.57364	0.03014	0.04576	0.02455	0.03906	0.03348	0.02232	0.03348	0.01897	0.02232	0.01339	0.01005	0.01005	0.00335	0.01563	0.00781	0.00446	0.01563
18	0.08090	0.03433	0.24257	0.11640	0.09247	0.02325	0.02854	0.07648	0.02583	0.14428	0.02381	0.02618	0.01662	0.01088	0.01006	0.00332	0.01286	0.00875	0.00697	0.01549
19	0.02667	0.17463	0.03505	0.02268	0.02982	0.03018	0.06125	0.04817	0.36912	0.03854	0.03414	0.03293	0.02623	0.01256	0.00993	0.00326	0.00992	0.01044	0.00874	0.01574
20	0.01496	0.01081	0.01413	0.01330	0.01580	0.00998	0.00998	0.01995	0.02993	0.04240	0.55689	0.07898	0.09976	0.02162	0.01247	0.00333	0.00499	0.01912	0.01164	0.00998
21	0.01538	0.01025	0.01153	0.01153	0.01153	0.01025	0.00641	0.01538	0.01538	0.02050	0.03331	0.06919	0.03844	0.62842	0.05382	0.01025	0.01025	0.01538	0.00641	0.00641
22	0.04250	0.01700	0.02294	0.01828	0.02567	0.01479	0.01512	0.04655	0.02935	0.48789	0.04756	0.04736	0.06729	0.01536	0.01108	0.00342	0.00879	0.04978	0.01258	0.01668
23	0.03886	0.02896	0.03098	0.02406	0.03228	0.03217	0.01977	0.48218	0.09691	0.06449	0.02707	0.02673	0.01935	0.01285	0.01059	0.00321	0.01132	0.00975	0.01059	0.01786
24	0.08192	0.01248	0.01348	0.01211	0.01614	0.01222	0.00948	0.03095	0.02357	0.15410	0.03442	0.03685	0.02561	0.01228	0.00802	0.00270	0.00607	0.00968	0.48620	0.01174
25	0.31542	0.02581	0.02501	0.02000	0.02766	0.02902	0.01651	0.32122	0.03654	0.05866	0.02096	0.02198	0.01527	0.01150	0.00890	0.00321	0.01020	0.00794	0.00890	0.01527
26	0.10621	0.01582	0.01872	0.01602	0.02134	0.01556	0.01269	0.03698	0.09631	0.21936	0.21142	0.04904	0.05012	0.01568	0.01053	0.00327	0.00714	0.01304	0.06702	0.01371
27	0.02827	0.63478	0.05540	0.01809	0.02714	0.04184	0.01809	0.03166	0.02148	0.02488	0.01470	0.01696	0.01357	0.00905	0.00678	0.00226	0.01131	0.00565	0.00452	0.01357
28	0.16102	0.02429	0.04180	0.12939	0.22143	0.02510	0.18112	0.03180	0.02268	0.03579	0.01915	0.02540	0.01506	0.00951	0.01032	0.00336	0.01355	0.00963	0.00545	0.01415
29	0.10633	0.02335	0.02449	0.02102	0.02739	0.02664	0.01675	0.17910	0.30238	0.04902	0.03369	0.03324	0.02548	0.01903	0.06037	0.00460	0.01098	0.01052	0.00978	0.01584
