[name]
unknown

[dist]
# distance from previous block
# <min> <max>
9	182

[block]
# block no. 0 follows, 12 sequences, length 6
# corresponding to MSA columns:
# 247-252
name=unknown_A
#
# <colnr> <probs for GDERKNQSTAVLIFYWHMCP>
#	G	D	E	R	K	N	Q	S	T	A	V	L	I	F	Y	W	H	M	C	P
0	0.21834	0.02163	0.05628	0.02187	0.06739	0.01982	0.01686	0.07393	0.02439	0.04107	0.02930	0.12326	0.02867	0.01582	0.00998	0.00334	0.00942	0.06089	0.00771	0.15004
1	0.27109	0.02076	0.02635	0.13681	0.11509	0.02218	0.02000	0.03759	0.02385	0.19061	0.02494	0.02702	0.01761	0.01119	0.00941	0.00340	0.01057	0.00871	0.00813	0.01468
2	0.10009	0.02366	0.02992	0.02477	0.03195	0.02592	0.09250	0.05119	0.35252	0.08977	0.03769	0.03617	0.02784	0.01331	0.01089	0.00363	0.01017	0.01160	0.00998	0.01640
3	0.49802	0.03138	0.17463	0.01922	0.02869	0.02471	0.02011	0.03277	0.01986	0.04473	0.01646	0.01926	0.01239	0.01019	0.00780	0.00340	0.01067	0.00653	0.00612	0.01306
4	0.50302	0.10847	0.02337	0.01571	0.02307	0.02595	0.01342	0.03521	0.02092	0.11946	0.01923	0.02051	0.01434	0.01050	0.00740	0.00322	0.00903	0.00663	0.00743	0.01311
5	0.03320	0.09969	0.03782	0.03723	0.19351	0.07541	0.02396	0.19743	0.11165	0.04628	0.02515	0.02711	0.01952	0.01170	0.01035	0.00318	0.01236	0.00947	0.00804	0.01693

[dist]
# distance from previous block
# <min> <max>
2	8

[block]
# block no. 1 follows, 12 sequences, length 123
# corresponding to MSA columns:
# 261-350,370-402
name=unknown_B
#
# <colnr> <probs for GDERKNQSTAVLIFYWHMCP>
#	G	D	E	R	K	N	Q	S	T	A	V	L	I	F	Y	W	H	M	C	P
0	0.03786	0.02224	0.02770	0.02489	0.07626	0.02202	0.01827	0.11803	0.14941	0.26042	0.03623	0.03384	0.02515	0.01281	0.01066	0.00323	0.00974	0.01051	0.01105	0.08968
1	0.01328	0.00949	0.01265	0.01518	0.01581	0.00886	0.01012	0.01518	0.02088	0.02783	0.06010	0.60969	0.07212	0.03416	0.01392	0.00443	0.00633	0.03100	0.01012	0.00886
2	0.23309	0.02287	0.03483	0.21315	0.15917	0.02518	0.09801	0.03147	0.02205	0.03721	0.01872	0.02512	0.01459	0.01014	0.00988	0.00347	0.01287	0.00900	0.00566	0.01354
3	0.02758	0.02056	0.02405	0.01751	0.02696	0.01688	0.01414	0.08521	0.02678	0.09533	0.02269	0.02457	0.01759	0.00923	0.00871	0.00199	0.00865	0.00733	0.00772	0.53653
4	0.48803	0.02545	0.02103	0.06974	0.02882	0.08764	0.01551	0.08466	0.02377	0.04660	0.01694	0.01988	0.01304	0.01064	0.00792	0.00332	0.01065	0.00680	0.00689	0.01266
5	0.03369	0.03336	0.11626	0.04122	0.22579	0.06835	0.02804	0.19008	0.03404	0.08826	0.02377	0.02641	0.01771	0.01132	0.01071	0.00326	0.01332	0.00940	0.00773	0.01727
6	0.01612	0.01149	0.01572	0.01768	0.01939	0.01154	0.01409	0.01969	0.02221	0.02937	0.05259	0.22699	0.05859	0.10318	0.07946	0.00685	0.01126	0.26522	0.00922	0.00933
7	0.01328	0.00949	0.01265	0.01518	0.01581	0.00886	0.01012	0.01518	0.02088	0.02783	0.06010	0.60969	0.07212	0.03416	0.01392	0.00443	0.00633	0.03100	0.01012	0.00886
8	0.12395	0.02603	0.02202	0.02066	0.02524	0.15200	0.01580	0.10429	0.07433	0.03878	0.03650	0.20625	0.03713	0.01993	0.01127	0.00369	0.01117	0.04969	0.00876	0.01251
9	0.03733	0.22393	0.03965	0.02423	0.03195	0.24279	0.02021	0.18336	0.03439	0.03920	0.01917	0.02097	0.01540	0.01121	0.00927	0.00280	0.01482	0.00750	0.00694	0.01487
10	0.01372	0.01000	0.01293	0.01448	0.01582	0.00920	0.00999	0.01642	0.02345	0.03149	0.17142	0.44681	0.12209	0.03094	0.01359	0.00414	0.00599	0.02777	0.01054	0.00920
11	0.01495	0.01188	0.01851	0.01827	0.02032	0.01109	0.06385	0.01813	0.02292	0.03101	0.12942	0.46696	0.07081	0.02967	0.01364	0.00420	0.00744	0.02733	0.00991	0.00970
12	0.08084	0.10067	0.09092	0.02548	0.03389	0.10854	0.06136	0.12557	0.18254	0.04280	0.02724	0.02795	0.02068	0.01207	0.01016	0.00329	0.01275	0.00950	0.00806	0.01570
13	0.02662	0.01386	0.01847	0.01679	0.02134	0.01258	0.01363	0.03126	0.02924	0.20714	0.23987	0.07801	0.10215	0.02157	0.01273	0.00378	0.00761	0.11859	0.01191	0.01284
14	0.01516	0.01113	0.01420	0.01343	0.01612	0.01017	0.01007	0.02005	0.03022	0.04219	0.49649	0.08397	0.15038	0.02286	0.01286	0.00346	0.00518	0.02007	0.01180	0.01017
15	0.02261	0.01938	0.02261	0.01615	0.02584	0.01453	0.01292	0.02745	0.02261	0.03553	0.01938	0.02261	0.01615	0.00807	0.00807	0.00161	0.00807	0.00646	0.00646	0.68346
16	0.02187	0.05640	0.56031	0.03108	0.04719	0.02532	0.04029	0.03453	0.02302	0.03453	0.01957	0.02302	0.01381	0.01036	0.01036	0.00345	0.01611	0.00806	0.00460	0.01611
17	0.01328	0.00949	0.01265	0.01518	0.01581	0.00886	0.01012	0.01518	0.02088	0.02783	0.06010	0.60969	0.07212	0.03416	0.01392	0.00443	0.00633	0.03100	0.01012	0.00886
18	0.02592	0.07053	0.07800	0.22899	0.20481	0.02743	0.02881	0.07815	0.08306	0.03633	0.02288	0.02816	0.01777	0.01102	0.01056	0.00338	0.01306	0.00960	0.00624	0.01531
19	0.03594	0.08904	0.03556	0.06932	0.07558	0.02766	0.05694	0.17067	0.10972	0.17177	0.03063	0.03064	0.02182	0.01233	0.01067	0.00332	0.01152	0.01026	0.00962	0.01700
20	0.01514	0.01037	0.01256	0.01325	0.01358	0.01036	0.00814	0.01597	0.01735	0.02330	0.04090	0.21474	0.04741	0.41507	0.08685	0.00948	0.01095	0.01961	0.00750	0.00747
21	0.04892	0.01856	0.02530	0.01940	0.02783	0.01603	0.01603	0.05314	0.03121	0.55634	0.04302	0.03711	0.02699	0.01350	0.01096	0.00337	0.00928	0.01096	0.01350	0.01856
22	0.03470	0.10544	0.03576	0.09071	0.08420	0.28139	0.02310	0.10595	0.03014	0.03354	0.01840	0.02239	0.01506	0.01176	0.01202	0.00311	0.06426	0.00803	0.00610	0.01395
23	0.01388	0.01014	0.01312	0.01485	0.01626	0.00938	0.01048	0.01660	0.02315	0.03078	0.13888	0.43666	0.12964	0.03132	0.01372	0.00424	0.00633	0.06097	0.01040	0.00920
24	0.02564	0.32195	0.14610	0.12317	0.04207	0.03459	0.06328	0.03188	0.02213	0.02847	0.01719	0.02193	0.01427	0.01050	0.01087	0.00305	0.05643	0.00774	0.00476	0.01397
25	0.01408	0.01026	0.01326	0.01427	0.01591	0.00944	0.01003	0.01731	0.02507	0.03411	0.25097	0.36370	0.12310	0.02903	0.01342	0.00398	0.00580	0.02598	0.01085	0.00944
26	0.02348	0.02949	0.14003	0.13597	0.24165	0.02400	0.10377	0.03152	0.02482	0.03497	0.07963	0.03311	0.02577	0.01138	0.01128	0.00343	0.01375	0.01101	0.00592	0.01503
27	0.01522	0.01114	0.01428	0.01350	0.01616	0.01020	0.01012	0.02017	0.03037	0.04255	0.50746	0.08338	0.13919	0.02273	0.01286	0.00345	0.00518	0.01999	0.01185	0.01020
28	0.02230	0.01249	0.01649	0.01611	0.01940	0.01106	0.01170	0.02521	0.02411	0.14968	0.08888	0.39198	0.05956	0.02644	0.01269	0.00388	0.00705	0.02359	0.01073	0.06665
29	0.01637	0.01116	0.01359	0.01434	0.01509	0.01116	0.00988	0.01787	0.01862	0.02457	0.04134	0.08678	0.04655	0.44151	0.04341	0.00891	0.01041	0.15316	0.00763	0.00763
30	0.04073	0.05197	0.03090	0.02809	0.03371	0.57303	0.02107	0.04354	0.03090	0.02669	0.01685	0.01966	0.01404	0.01124	0.00983	0.00281	0.01966	0.00702	0.00562	0.01264
31	0.02371	0.02192	0.03658	0.09460	0.39319	0.02218	0.02847	0.02943	0.02401	0.03362	0.02923	0.12461	0.02883	0.01506	0.01159	0.00358	0.01183	0.04610	0.00642	0.01506
32	0.02915	0.62337	0.05714	0.01866	0.02799	0.04314	0.01866	0.03265	0.02215	0.02565	0.01516	0.01749	0.01399	0.00933	0.00700	0.00233	0.01166	0.00583	0.00466	0.01399
33	0.04145	0.03054	0.03272	0.02509	0.03381	0.03381	0.02072	0.51243	0.05127	0.06872	0.02618	0.02618	0.01854	0.01309	0.01091	0.00327	0.01200	0.00982	0.01091	0.01854
34	0.03299	0.02238	0.02369	0.01911	0.02536	0.02435	0.01548	0.31751	0.03990	0.05748	0.02994	0.03197	0.02231	0.01293	0.00959	0.00298	0.00923	0.00996	0.27764	0.01519
35	0.08337	0.03895	0.15274	0.16221	0.04926	0.18591	0.10931	0.03547	0.02513	0.03193	0.01879	0.02409	0.01435	0.01053	0.01046	0.00334	0.01653	0.00877	0.00529	0.01357
36	0.01528	0.01143	0.01438	0.01447	0.01730	0.01052	0.01141	0.01982	0.02812	0.03779	0.33033	0.09635	0.20165	0.02532	0.01335	0.00384	0.00632	0.12122	0.01111	0.00997
37	0.48493	0.15327	0.02498	0.01524	0.02217	0.02729	0.01318	0.03113	0.02048	0.04330	0.06343	0.02349	0.02062	0.01106	0.00736	0.00315	0.00885	0.00715	0.00677	0.01215
38	0.09781	0.01947	0.02221	0.01632	0.02555	0.01577	0.01315	0.03086	0.02315	0.09602	0.02161	0.02373	0.01691	0.00891	0.00826	0.00200	0.00825	0.00691	0.00729	0.53581
39	0.02897	0.02384	0.03600	0.19373	0.25209	0.02512	0.02747	0.11381	0.02877	0.07774	0.02274	0.02780	0.01738	0.01075	0.01063	0.00323	0.01255	0.00955	0.00687	0.07098
40	0.02567	0.31521	0.25295	0.02619	0.03761	0.03434	0.06234	0.03308	0.02235	0.02983	0.01731	0.02097	0.01413	0.01044	0.01084	0.00305	0.05679	0.00747	0.00471	0.01472
41	0.01894	0.00947	0.01420	0.01420	0.01420	0.00947	0.00947	0.01420	0.01420	0.01894	0.01894	0.03314	0.01894	0.03788	0.04261	0.68277	0.00947	0.00947	0.00473	0.00473
42	0.01576	0.01278	0.01658	0.01872	0.07606	0.01164	0.01214	0.02013	0.02786	0.03729	0.31662	0.08435	0.26379	0.02292	0.01264	0.00351	0.00618	0.01986	0.01053	0.01066
43	0.07749	0.02400	0.03958	0.03304	0.07991	0.02422	0.20357	0.04089	0.15554	0.09665	0.03072	0.03598	0.02389	0.06680	0.01546	0.00422	0.01292	0.01201	0.00805	0.01506
44	0.01333	0.01011	0.01229	0.01376	0.01551	0.00908	0.00955	0.01575	0.02291	0.02958	0.11365	0.40843	0.22435	0.03116	0.01351	0.00411	0.00598	0.02759	0.01027	0.00908
45	0.12204	0.01884	0.02425	0.01883	0.02707	0.01698	0.01555	0.05075	0.02977	0.49881	0.03986	0.03491	0.02527	0.01311	0.01049	0.00337	0.00918	0.01039	0.01273	0.01779
46	0.02310	0.02176	0.03606	0.22887	0.29340	0.02401	0.02903	0.02900	0.02276	0.03148	0.02415	0.09349	0.02237	0.01360	0.01313	0.00362	0.05815	0.01211	0.00570	0.01422
47	0.03408	0.02200	0.10288	0.01964	0.02745	0.01558	0.01822	0.03925	0.02773	0.31417	0.05226	0.09446	0.11055	0.01807	0.01172	0.00365	0.00959	0.05228	0.01109	0.01534
48	0.01328	0.00949	0.01265	0.01518	0.01581	0.00886	0.01012	0.01518	0.02088	0.02783	0.06010	0.60969	0.07212	0.03416	0.01392	0.00443	0.00633	0.03100	0.01012	0.00886
49	0.02665	0.34012	0.04592	0.02337	0.02829	0.03854	0.02111	0.02962	0.01958	0.02593	0.01476	0.02050	0.01414	0.01394	0.02060	0.00348	0.28814	0.00758	0.00471	0.01302
50	0.03332	0.03499	0.19617	0.07555	0.07931	0.06629	0.02749	0.07899	0.02794	0.18862	0.02645	0.02802	0.01845	0.01221	0.01251	0.00346	0.05676	0.00935	0.00790	0.01621
51	0.03265	0.03272	0.03780	0.13861	0.10253	0.19293	0.10052	0.07271	0.02822	0.08073	0.02145	0.02616	0.01643	0.01160	0.01270	0.00338	0.05855	0.00949	0.00649	0.01432
52	0.02084	0.01973	0.03276	0.54706	0.07150	0.02494	0.02978	0.02773	0.02141	0.02773	0.01899	0.02867	0.01452	0.01154	0.01283	0.00372	0.05965	0.00968	0.00484	0.01210
53	0.02474	0.26301	0.24972	0.06676	0.03897	0.03175	0.02801	0.03216	0.02210	0.03013	0.01748	0.02141	0.01415	0.01048	0.01084	0.00300	0.05677	0.00732	0.00480	0.06640
54	0.02767	0.12291	0.18041	0.06770	0.03708	0.11032	0.02593	0.08642	0.02558	0.03303	0.01965	0.02666	0.01668	0.06228	0.01769	0.00399	0.10771	0.00879	0.00569	0.01381
55	0.01562	0.01151	0.01667	0.01667	0.01832	0.01316	0.01256	0.01892	0.01727	0.02468	0.02999	0.04717	0.02914	0.16311	0.49484	0.01647	0.02637	0.01232	0.00596	0.00926
56	0.10584	0.49129	0.04985	0.01886	0.02783	0.04002	0.01810	0.08421	0.02488	0.03292	0.01635	0.01845	0.01423	0.00982	0.00739	0.00255	0.01133	0.00627	0.00557	0.01423
57	0.12204	0.01884	0.02425	0.01883	0.02707	0.01698	0.01555	0.05075	0.02977	0.49881	0.03986	0.03491	0.02527	0.01311	0.01049	0.00337	0.00918	0.01039	0.01273	0.01779
58	0.01586	0.01057	0.01189	0.01189	0.01189	0.01057	0.00661	0.01586	0.01586	0.02114	0.03436	0.07135	0.03964	0.61681	0.05550	0.01057	0.01057	0.01586	0.00661	0.00661
59	0.01391	0.01060	0.01279	0.01328	0.01562	0.00948	0.00956	0.01725	0.02575	0.03401	0.24808	0.25339	0.24126	0.02776	0.01320	0.00382	0.00564	0.02433	0.01079	0.00948
60	0.01436	0.01096	0.01318	0.01293	0.01571	0.00978	0.00958	0.01839	0.02788	0.03736	0.34988	0.13783	0.25214	0.02521	0.01297	0.00361	0.00538	0.02188	0.01118	0.00978
61	0.02767	0.01385	0.01849	0.01579	0.02051	0.01238	0.01238	0.03247	0.03099	0.23099	0.36037	0.06525	0.07516	0.01908	0.01217	0.00341	0.00665	0.01652	0.01255	0.01331
62	0.02385	0.02385	0.03340	0.02863	0.02863	0.03340	0.02385	0.02624	0.01670	0.02624	0.01431	0.02385	0.01431	0.01908	0.03578	0.00477	0.59685	0.00954	0.00477	0.01193
63	0.69383	0.02109	0.01603	0.01434	0.02109	0.02446	0.01181	0.03205	0.01856	0.04892	0.01518	0.01771	0.01181	0.01012	0.00675	0.00337	0.00843	0.00590	0.00675	0.01181
64	0.02712	0.02342	0.02465	0.02219	0.02835	0.02712	0.01726	0.05794	0.52909	0.04561	0.04438	0.04068	0.03328	0.01479	0.01109	0.00370	0.00863	0.01233	0.01109	0.01726
65	0.02915	0.62337	0.05714	0.01866	0.02799	0.04314	0.01866	0.03265	0.02215	0.02565	0.01516	0.01749	0.01399	0.00933	0.00700	0.00233	0.01166	0.00583	0.00466	0.01399
66	0.02712	0.02342	0.02465	0.02219	0.02835	0.02712	0.01726	0.05794	0.52909	0.04561	0.04438	0.04068	0.03328	0.01479	0.01109	0.00370	0.00863	0.01233	0.01109	0.01726
67	0.01622	0.01159	0.01603	0.01854	0.02046	0.01139	0.01523	0.02026	0.02377	0.03112	0.05847	0.27587	0.06569	0.03139	0.01470	0.00483	0.00887	0.33581	0.01007	0.00967
68	0.04839	0.01941	0.02583	0.01980	0.02826	0.01729	0.01636	0.08576	0.03263	0.52171	0.04182	0.03634	0.02639	0.01347	0.01096	0.00337	0.00947	0.01088	0.01331	0.01856
69	0.01560	0.01160	0.01711	0.01711	0.01891	0.01341	0.01311	0.01921	0.01740	0.02501	0.02958	0.04493	0.02817	0.12101	0.53561	0.01701	0.02784	0.01199	0.00590	0.00951
70	0.02947	0.02290	0.02472	0.02189	0.02830	0.02593	0.01713	0.05742	0.47552	0.10057	0.04423	0.04030	0.03261	0.01465	0.01108	0.00366	0.00870	0.01218	0.01135	0.01740
71	0.09478	0.01919	0.02456	0.01928	0.02738	0.01767	0.01583	0.05201	0.07579	0.47200	0.04108	0.03600	0.02644	0.01336	0.01066	0.00340	0.00916	0.01071	0.01278	0.01794
72	0.04152	0.02820	0.03100	0.02401	0.03250	0.03062	0.01975	0.40905	0.08368	0.14096	0.03008	0.02891	0.02092	0.01328	0.01093	0.00332	0.01134	0.01018	0.01131	0.01845
73	0.04892	0.01856	0.02530	0.01940	0.02783	0.01603	0.01603	0.05314	0.03121	0.55634	0.04302	0.03711	0.02699	0.01350	0.01096	0.00337	0.00928	0.01096	0.01350	0.01856
74	0.01378	0.00985	0.01318	0.01543	0.01636	0.00925	0.01069	0.01618	0.02202	0.02951	0.09989	0.52968	0.07396	0.03288	0.01391	0.00439	0.00651	0.06320	0.01027	0.00906
75	0.04145	0.03054	0.03272	0.02509	0.03381	0.03381	0.02072	0.51243	0.05127	0.06872	0.02618	0.02618	0.01854	0.01309	0.01091	0.00327	0.01200	0.00982	0.01091	0.01854
76	0.01350	0.00958	0.01259	0.01491	0.01549	0.00900	0.00983	0.01524	0.02046	0.02728	0.05797	0.56513	0.06943	0.08238	0.01736	0.00494	0.00668	0.02974	0.00983	0.00867
77	0.01722	0.01230	0.01717	0.01968	0.02203	0.01225	0.01696	0.02198	0.02475	0.03224	0.05793	0.16302	0.06352	0.03045	0.01497	0.00497	0.00973	0.43885	0.01005	0.00994
78	0.01328	0.00949	0.01265	0.01518	0.01581	0.00886	0.01012	0.01518	0.02088	0.02783	0.06010	0.60969	0.07212	0.03416	0.01392	0.00443	0.00633	0.03100	0.01012	0.00886
79	0.03526	0.02215	0.08376	0.01992	0.02702	0.01840	0.01790	0.07683	0.02934	0.28199	0.08934	0.03887	0.03210	0.01440	0.01264	0.00337	0.05782	0.01125	0.11209	0.01557
80	0.58006	0.02647	0.01862	0.01673	0.02328	0.12002	0.01342	0.03405	0.02071	0.04505	0.01547	0.01805	0.01220	0.01032	0.00728	0.00328	0.01039	0.00610	0.00655	0.01195
81	0.01586	0.01057	0.01189	0.01189	0.01189	0.01057	0.00661	0.01586	0.01586	0.02114	0.03436	0.07135	0.03964	0.61681	0.05550	0.01057	0.01057	0.01586	0.00661	0.00661
82	0.23506	0.02184	0.03044	0.20644	0.19899	0.02417	0.02437	0.03284	0.02244	0.07793	0.02025	0.02551	0.01549	0.01050	0.00958	0.00341	0.01174	0.00861	0.00628	0.01409
83	0.02699	0.02591	0.04426	0.06693	0.54879	0.02591	0.03346	0.03346	0.02483	0.03562	0.02051	0.02699	0.01727	0.00972	0.01079	0.00324	0.01295	0.00972	0.00540	0.01727
84	0.02261	0.01938	0.02261	0.01615	0.02584	0.01453	0.01292	0.02745	0.02261	0.03553	0.01938	0.02261	0.01615	0.00807	0.00807	0.00161	0.00807	0.00646	0.00646	0.68346
85	0.01289	0.01105	0.01105	0.01105	0.01473	0.00920	0.00828	0.01565	0.02485	0.02946	0.11046	0.10493	0.54437	0.02761	0.01289	0.00368	0.00552	0.02301	0.01013	0.00920
86	0.01501	0.01113	0.01399	0.01327	0.01603	0.01011	0.00996	0.01976	0.02987	0.04136	0.47140	0.08534	0.17600	0.02317	0.01286	0.00347	0.00521	0.02026	0.01169	0.01011
87	0.01469	0.01054	0.01351	0.01489	0.01627	0.00998	0.01064	0.01738	0.02269	0.03025	0.13804	0.32217	0.10726	0.12275	0.02039	0.00527	0.00733	0.09714	0.00986	0.00895
88	0.02712	0.02342	0.02465	0.02219	0.02835	0.02712	0.01726	0.05794	0.52909	0.04561	0.04438	0.04068	0.03328	0.01479	0.01109	0.00370	0.00863	0.01233	0.01109	0.01726
89	0.69383	0.02109	0.01603	0.01434	0.02109	0.02446	0.01181	0.03205	0.01856	0.04892	0.01518	0.01771	0.01181	0.01012	0.00675	0.00337	0.00843	0.00590	0.00675	0.01181
90	0.04145	0.03054	0.03272	0.02509	0.03381	0.03381	0.02072	0.51243	0.05127	0.06872	0.02618	0.02618	0.01854	0.01309	0.01091	0.00327	0.01200	0.00982	0.01091	0.01854
91	0.02574	0.02941	0.06434	0.04596	0.05699	0.02757	0.50919	0.03493	0.02574	0.03493	0.02206	0.02941	0.01654	0.00919	0.01287	0.00368	0.01838	0.01287	0.00551	0.01471
92	0.01328	0.00949	0.01265	0.01518	0.01581	0.00886	0.01012	0.01518	0.02088	0.02783	0.06010	0.60969	0.07212	0.03416	0.01392	0.00443	0.00633	0.03100	0.01012	0.00886
93	0.02261	0.01938	0.02261	0.01615	0.02584	0.01453	0.01292	0.02745	0.02261	0.03553	0.01938	0.02261	0.01615	0.00807	0.00807	0.00161	0.00807	0.00646	0.00646	0.68346
94	0.01328	0.00949	0.01265	0.01518	0.01581	0.00886	0.01012	0.01518	0.02088	0.02783	0.06010	0.60969	0.07212	0.03416	0.01392	0.00443	0.00633	0.03100	0.01012	0.00886
95	0.04098	0.02030	0.02666	0.10639	0.03496	0.02019	0.01843	0.13434	0.03294	0.34349	0.03566	0.03409	0.02357	0.01296	0.01068	0.00333	0.01027	0.01049	0.06335	0.01692
96	0.02130	0.01271	0.01742	0.01810	0.02090	0.01245	0.01463	0.02508	0.02356	0.10930	0.05009	0.16557	0.05217	0.09717	0.08195	0.00670	0.01162	0.23879	0.00973	0.01076
97	0.02762	0.01922	0.02312	0.01677	0.02622	0.01482	0.01351	0.03234	0.02425	0.13468	0.02388	0.02537	0.01821	0.00911	0.00863	0.00195	0.00830	0.00732	0.00780	0.55689
98	0.02059	0.01938	0.03270	0.59060	0.07510	0.02422	0.03028	0.02786	0.02180	0.02786	0.01938	0.02907	0.01453	0.01090	0.01090	0.00363	0.01453	0.00969	0.00484	0.01211
99	0.03928	0.02946	0.03150	0.02465	0.03299	0.03280	0.02020	0.44350	0.12374	0.06521	0.02894	0.02838	0.02078	0.01335	0.01094	0.00334	0.01149	0.01020	0.01094	0.01835
100	0.02915	0.62337	0.05714	0.01866	0.02799	0.04314	0.01866	0.03265	0.02215	0.02565	0.01516	0.01749	0.01399	0.00933	0.00700	0.00233	0.01166	0.00583	0.00466	0.01399
101	0.04892	0.01856	0.02530	0.01940	0.02783	0.01603	0.01603	0.05314	0.03121	0.55634	0.04302	0.03711	0.02699	0.01350	0.01096	0.00337	0.00928	0.01096	0.01350	0.01856
102	0.02059	0.01938	0.03270	0.59060	0.07510	0.02422	0.03028	0.02786	0.02180	0.02786	0.01938	0.02907	0.01453	0.01090	0.01090	0.00363	0.01453	0.00969	0.00484	0.01211
103	0.02574	0.02941	0.06434	0.04596	0.05699	0.02757	0.50919	0.03493	0.02574	0.03493	0.02206	0.02941	0.01654	0.00919	0.01287	0.00368	0.01838	0.01287	0.00551	0.01471
104	0.04073	0.05197	0.03090	0.02809	0.03371	0.57303	0.02107	0.04354	0.03090	0.02669	0.01685	0.01966	0.01404	0.01124	0.00983	0.00281	0.01966	0.00702	0.00562	0.01264
105	0.01328	0.00949	0.01265	0.01518	0.01581	0.00886	0.01012	0.01518	0.02088	0.02783	0.06010	0.60969	0.07212	0.03416	0.01392	0.00443	0.00633	0.03100	0.01012	0.00886
106	0.01308	0.01029	0.01182	0.01305	0.01525	0.00904	0.00917	0.01542	0.02293	0.02867	0.08610	0.34903	0.31599	0.03078	0.01338	0.00404	0.00591	0.02687	0.01012	0.00904
107	0.02915	0.62337	0.05714	0.01866	0.02799	0.04314	0.01866	0.03265	0.02215	0.02565	0.01516	0.01749	0.01399	0.00933	0.00700	0.00233	0.01166	0.00583	0.00466	0.01399
108	0.04424	0.02607	0.02996	0.02297	0.03158	0.02718	0.01897	0.34112	0.04378	0.25060	0.03246	0.03026	0.02169	0.01324	0.01093	0.00331	0.01098	0.01025	0.01187	0.01855
109	0.01389	0.01038	0.01291	0.01377	0.01572	0.00940	0.00976	0.01704	0.02502	0.03336	0.22833	0.32411	0.18877	0.02883	0.01334	0.00394	0.00576	0.02553	0.01073	0.00940
110	0.02724	0.02307	0.02932	0.02432	0.03094	0.02535	0.09080	0.09130	0.33600	0.04539	0.03806	0.03764	0.02863	0.01349	0.01085	0.00349	0.00990	0.01187	0.10640	0.01596
111	0.01958	0.01031	0.01083	0.01070	0.01325	0.01018	0.00803	0.02467	0.02408	0.04112	0.11254	0.04684	0.03931	0.01416	0.00842	0.00268	0.00509	0.01161	0.57643	0.01018
112	0.04176	0.01680	0.02206	0.01746	0.02472	0.01462	0.01424	0.04590	0.02959	0.44112	0.04986	0.04518	0.08575	0.01501	0.01082	0.00332	0.00840	0.01224	0.08454	0.01659
113	0.02506	0.02060	0.02195	0.01993	0.02530	0.02339	0.01543	0.05020	0.41813	0.04486	0.09997	0.04530	0.04060	0.01542	0.01092	0.00354	0.00785	0.01293	0.08288	0.01570
114	0.11974	0.02254	0.02654	0.02058	0.02891	0.02247	0.01700	0.19243	0.03596	0.34839	0.03467	0.03154	0.02266	0.01299	0.01047	0.00334	0.01002	0.01004	0.01193	0.01779
115	0.19768	0.02237	0.02403	0.01949	0.02639	0.02399	0.01576	0.21157	0.03313	0.16498	0.02817	0.03165	0.02124	0.06779	0.06015	0.00510	0.01183	0.00977	0.00970	0.01520
116	0.01763	0.01326	0.01780	0.08040	0.07957	0.01378	0.01220	0.01914	0.01751	0.02351	0.03117	0.06177	0.03440	0.48278	0.04563	0.00899	0.01127	0.01450	0.00628	0.00841
117	0.03845	0.02879	0.02965	0.02356	0.03126	0.06985	0.01912	0.35711	0.08578	0.10149	0.07563	0.03284	0.02783	0.01397	0.01103	0.00330	0.01144	0.01082	0.01084	0.01724
118	0.02210	0.01734	0.01986	0.01483	0.02294	0.01357	0.01175	0.02700	0.02267	0.03666	0.02296	0.02660	0.01876	0.00910	0.00797	0.00182	0.00741	0.00728	0.15471	0.53468
119	0.17093	0.01976	0.02115	0.01575	0.02479	0.01673	0.01267	0.02847	0.02171	0.03849	0.01845	0.02153	0.01519	0.00853	0.00778	0.00200	0.00815	0.00634	0.00652	0.53504
120	0.17117	0.02203	0.02759	0.02394	0.02543	0.02934	0.01962	0.02658	0.01703	0.03079	0.01634	0.02684	0.01608	0.07175	0.03117	0.00499	0.41322	0.00932	0.00538	0.01141
121	0.01701	0.01345	0.01560	0.01465	0.01819	0.01321	0.01111	0.02643	0.12393	0.04049	0.33936	0.07963	0.20092	0.02221	0.01253	0.00354	0.00590	0.01915	0.01136	0.01134
122	0.02840	0.02321	0.03370	0.02671	0.03251	0.06226	0.13202	0.07626	0.02842	0.11638	0.13982	0.04137	0.03777	0.02069	0.06192	0.00478	0.09870	0.01280	0.00858	0.01370

[dist]
# distance from previous block
# <min> <max>
0	1

[block]
# block no. 2 follows, 12 sequences, length 55
# corresponding to MSA columns:
# 414-418,420-469
name=unknown_C
#
# <colnr> <probs for GDERKNQSTAVLIFYWHMCP>
#	G	D	E	R	K	N	Q	S	T	A	V	L	I	F	Y	W	H	M	C	P
0	0.01415	0.00993	0.01266	0.01420	0.01488	0.00943	0.00926	0.01591	0.02065	0.02780	0.10355	0.41995	0.06714	0.17920	0.02425	0.00587	0.00727	0.02603	0.00943	0.00844
1	0.02760	0.03402	0.13981	0.03693	0.04729	0.08143	0.29476	0.03588	0.02553	0.07514	0.02339	0.02908	0.01758	0.01623	0.06046	0.00472	0.01832	0.01117	0.00604	0.01462
2	0.02187	0.05640	0.56031	0.03108	0.04719	0.02532	0.04029	0.03453	0.02302	0.03453	0.01957	0.02302	0.01381	0.01036	0.01036	0.00345	0.01611	0.00806	0.00460	0.01611
3	0.01543	0.01115	0.01457	0.01372	0.01629	0.01029	0.01029	0.02058	0.03086	0.04372	0.54304	0.08145	0.10288	0.02229	0.01286	0.00343	0.00514	0.01972	0.01200	0.01029
4	0.04892	0.01856	0.02530	0.01940	0.02783	0.01603	0.01603	0.05314	0.03121	0.55634	0.04302	0.03711	0.02699	0.01350	0.01096	0.00337	0.00928	0.01096	0.01350	0.01856
5	0.01405	0.01070	0.01293	0.01320	0.01565	0.00957	0.00958	0.01760	0.02638	0.03504	0.27932	0.22097	0.24144	0.02701	0.01313	0.00376	0.00556	0.02362	0.01091	0.00957
6	0.02033	0.01016	0.01016	0.01016	0.01270	0.01016	0.00762	0.02541	0.02287	0.04065	0.03557	0.04065	0.02795	0.01270	0.00762	0.00254	0.00508	0.01016	0.67734	0.01016
7	0.01586	0.01057	0.01189	0.01189	0.01189	0.01057	0.00661	0.01586	0.01586	0.02114	0.03436	0.07135	0.03964	0.61681	0.05550	0.01057	0.01057	0.01586	0.00661	0.00661
8	0.63734	0.02376	0.01731	0.01553	0.02218	0.07190	0.01261	0.03304	0.01962	0.04700	0.01533	0.01788	0.01200	0.01022	0.00701	0.00332	0.00941	0.00600	0.00665	0.01188
9	0.69383	0.02109	0.01603	0.01434	0.02109	0.02446	0.01181	0.03205	0.01856	0.04892	0.01518	0.01771	0.01181	0.01012	0.00675	0.00337	0.00843	0.00590	0.00675	0.01181
10	0.02389	0.02249	0.03789	0.23231	0.34809	0.02399	0.03039	0.03051	0.02438	0.03381	0.06613	0.03246	0.02392	0.01121	0.01101	0.00338	0.01278	0.01059	0.00580	0.01498
11	0.01328	0.00949	0.01265	0.01518	0.01581	0.00886	0.01012	0.01518	0.02088	0.02783	0.06010	0.60969	0.07212	0.03416	0.01392	0.00443	0.00633	0.03100	0.01012	0.00886
12	0.01575	0.01125	0.01548	0.01800	0.01971	0.01098	0.01440	0.01944	0.02330	0.03059	0.05874	0.33010	0.06674	0.03184	0.01457	0.00477	0.00846	0.28629	0.01007	0.00954
13	0.02059	0.01938	0.03270	0.59060	0.07510	0.02422	0.03028	0.02786	0.02180	0.02786	0.01938	0.02907	0.01453	0.01090	0.01090	0.00363	0.01453	0.00969	0.00484	0.01211
14	0.63860	0.02087	0.01682	0.01477	0.02166	0.02374	0.01217	0.03386	0.01964	0.09237	0.01757	0.01937	0.01311	0.01041	0.00711	0.00337	0.00851	0.00634	0.00733	0.01239
15	0.04073	0.05197	0.03090	0.02809	0.03371	0.57303	0.02107	0.04354	0.03090	0.02669	0.01685	0.01966	0.01404	0.01124	0.00983	0.00281	0.01966	0.00702	0.00562	0.01264
16	0.02059	0.01938	0.03270	0.59060	0.07510	0.02422	0.03028	0.02786	0.02180	0.02786	0.01938	0.02907	0.01453	0.01090	0.01090	0.00363	0.01453	0.00969	0.00484	0.01211
17	0.03743	0.01913	0.02334	0.01912	0.02595	0.01887	0.01537	0.08367	0.14750	0.30425	0.09310	0.04198	0.03573	0.01461	0.01091	0.00338	0.00856	0.01203	0.06838	0.01669
18	0.02471	0.02503	0.04768	0.28718	0.06320	0.02658	0.25629	0.07021	0.02604	0.03449	0.02120	0.02900	0.01581	0.01027	0.01183	0.00362	0.01615	0.01120	0.00565	0.01386
19	0.02699	0.02591	0.04426	0.06693	0.54879	0.02591	0.03346	0.03346	0.02483	0.03562	0.02051	0.02699	0.01727	0.00972	0.01079	0.00324	0.01295	0.00972	0.00540	0.01727
20	0.02030	0.01648	0.02050	0.02119	0.06712	0.01720	0.01462	0.03401	0.19429	0.04363	0.33296	0.06324	0.07244	0.01872	0.01210	0.00350	0.00698	0.01641	0.01112	0.01320
21	0.03817	0.03765	0.03214	0.02685	0.03289	0.24149	0.02139	0.24876	0.03752	0.04527	0.02056	0.02327	0.01609	0.01340	0.01474	0.00335	0.11481	0.00869	0.00782	0.01514
22	0.04477	0.02522	0.02943	0.02256	0.03116	0.02592	0.01864	0.30852	0.04236	0.28521	0.03365	0.03103	0.02229	0.01327	0.01093	0.00332	0.01079	0.01033	0.01206	0.01855
23	0.03606	0.02913	0.02776	0.02346	0.03050	0.11632	0.01855	0.16684	0.25715	0.12295	0.03520	0.03315	0.02559	0.01360	0.01082	0.00340	0.01136	0.01064	0.01051	0.01701
24	0.02863	0.01503	0.01860	0.01589	0.02134	0.01364	0.01254	0.03496	0.07209	0.23743	0.18777	0.06737	0.18996	0.01973	0.01199	0.00350	0.00714	0.01662	0.01198	0.01377
25	0.01558	0.01168	0.01752	0.01752	0.01947	0.01363	0.01363	0.01947	0.01752	0.02531	0.02921	0.04283	0.02726	0.08178	0.57360	0.01752	0.02921	0.01168	0.00584	0.00974
26	0.03276	0.02850	0.08581	0.12700	0.04794	0.02661	0.17036	0.16900	0.03282	0.13012	0.02603	0.02920	0.01827	0.01138	0.01146	0.00349	0.01425	0.01076	0.00815	0.01609
27	0.04892	0.01856	0.02530	0.01940	0.02783	0.01603	0.01603	0.05314	0.03121	0.55634	0.04302	0.03711	0.02699	0.01350	0.01096	0.00337	0.00928	0.01096	0.01350	0.01856
28	0.01586	0.01057	0.01189	0.01189	0.01189	0.01057	0.00661	0.01586	0.01586	0.02114	0.03436	0.07135	0.03964	0.61681	0.05550	0.01057	0.01057	0.01586	0.00661	0.00661
29	0.03415	0.41174	0.04783	0.02046	0.02955	0.03832	0.01899	0.16409	0.03079	0.08237	0.02050	0.02151	0.01633	0.01070	0.00839	0.00267	0.01155	0.00734	0.00710	0.01561
30	0.04145	0.03054	0.03272	0.02509	0.03381	0.03381	0.02072	0.51243	0.05127	0.06872	0.02618	0.02618	0.01854	0.01309	0.01091	0.00327	0.01200	0.00982	0.01091	0.01854
31	0.02109	0.01794	0.02088	0.01564	0.02415	0.01366	0.01232	0.02554	0.02267	0.03444	0.03019	0.07287	0.06560	0.01167	0.00892	0.00200	0.00773	0.00969	0.00704	0.57597
32	0.03624	0.03624	0.07557	0.02564	0.03365	0.16131	0.02167	0.25214	0.15592	0.05026	0.02763	0.02774	0.02051	0.01281	0.01065	0.00328	0.01341	0.00958	0.00914	0.01661
33	0.01561	0.01157	0.01694	0.01694	0.01869	0.01331	0.01290	0.01910	0.01735	0.02488	0.02974	0.04578	0.02854	0.13708	0.52005	0.01680	0.02728	0.01211	0.00592	0.00941
34	0.02261	0.01938	0.02261	0.01615	0.02584	0.01453	0.01292	0.02745	0.02261	0.03553	0.01938	0.02261	0.01615	0.00807	0.00807	0.00161	0.00807	0.00646	0.00646	0.68346
35	0.02876	0.08140	0.02560	0.01877	0.02478	0.06495	0.01526	0.03277	0.02348	0.16138	0.02849	0.03329	0.02277	0.03824	0.22672	0.00836	0.01787	0.00959	0.00774	0.12976
36	0.01328	0.00949	0.01265	0.01518	0.01581	0.00886	0.01012	0.01518	0.02088	0.02783	0.06010	0.60969	0.07212	0.03416	0.01392	0.00443	0.00633	0.03100	0.01012	0.00886
37	0.04892	0.01856	0.02530	0.01940	0.02783	0.01603	0.01603	0.05314	0.03121	0.55634	0.04302	0.03711	0.02699	0.01350	0.01096	0.00337	0.00928	0.01096	0.01350	0.01856
38	0.02469	0.02539	0.07470	0.26750	0.05240	0.02699	0.06319	0.07647	0.14192	0.03631	0.02545	0.03053	0.01930	0.01266	0.01363	0.00372	0.07356	0.01041	0.00683	0.01434
39	0.01467	0.01048	0.01424	0.01677	0.01801	0.01005	0.01253	0.01758	0.02224	0.02939	0.05933	0.45206	0.06908	0.03285	0.01429	0.00462	0.00753	0.17493	0.01010	0.00924
40	0.69383	0.02109	0.01603	0.01434	0.02109	0.02446	0.01181	0.03205	0.01856	0.04892	0.01518	0.01771	0.01181	0.01012	0.00675	0.00337	0.00843	0.00590	0.00675	0.01181
41	0.01506	0.01113	0.01406	0.01333	0.01606	0.01013	0.00999	0.01985	0.02998	0.04164	0.47974	0.08488	0.16749	0.02307	0.01286	0.00347	0.00520	0.02020	0.01173	0.01013
42	0.32425	0.35597	0.03888	0.01674	0.02492	0.03485	0.01562	0.03238	0.02056	0.03598	0.01517	0.01759	0.01302	0.00968	0.00689	0.00279	0.01023	0.00586	0.00559	0.01302
43	0.01478	0.01098	0.01376	0.01336	0.01596	0.00997	0.00991	0.01921	0.02889	0.03973	0.42190	0.13220	0.18043	0.02430	0.01296	0.00356	0.00532	0.02131	0.01150	0.00997
44	0.02733	0.33720	0.22823	0.02554	0.03729	0.03510	0.06469	0.07016	0.02496	0.03271	0.01805	0.02098	0.01448	0.00996	0.00891	0.00289	0.01374	0.00745	0.00519	0.01512
45	0.01862	0.00958	0.01397	0.01397	0.01397	0.00958	0.00917	0.01438	0.01438	0.01917	0.02053	0.03709	0.02108	0.09772	0.04395	0.61329	0.00958	0.01013	0.00493	0.00493
46	0.03708	0.04555	0.03603	0.03633	0.12510	0.43218	0.06425	0.04107	0.02941	0.02893	0.01793	0.02175	0.01482	0.01080	0.01025	0.00296	0.01839	0.00798	0.00557	0.01362
47	0.02600	0.02220	0.02777	0.12110	0.03640	0.02509	0.02037	0.10907	0.14327	0.03987	0.02866	0.03729	0.02390	0.01463	0.01493	0.00352	0.10841	0.04966	0.00797	0.13991
48	0.08671	0.12704	0.04005	0.19943	0.04760	0.02759	0.11055	0.07614	0.02640	0.12230	0.02331	0.02725	0.01700	0.01087	0.01024	0.00332	0.01312	0.00950	0.00706	0.01451
49	0.02926	0.01818	0.02247	0.11375	0.03163	0.06186	0.01671	0.03356	0.02651	0.20692	0.11196	0.14537	0.04315	0.02378	0.05996	0.00478	0.01160	0.01540	0.00990	0.01325
50	0.01396	0.00997	0.01343	0.01595	0.01688	0.00944	0.01130	0.01635	0.02154	0.02859	0.05972	0.53294	0.07064	0.03352	0.01410	0.00452	0.00691	0.10108	0.01011	0.00904
51	0.01328	0.00949	0.01265	0.01518	0.01581	0.00886	0.01012	0.01518	0.02088	0.02783	0.06010	0.60969	0.07212	0.03416	0.01392	0.00443	0.00633	0.03100	0.01012	0.00886
52	0.02654	0.02877	0.04074	0.20676	0.09546	0.12386	0.15069	0.03282	0.02436	0.03067	0.01929	0.02629	0.01532	0.01086	0.01306	0.00338	0.06470	0.00974	0.00534	0.07137
53	0.01873	0.01463	0.01870	0.06474	0.02355	0.01436	0.01284	0.02288	0.02373	0.03485	0.20058	0.05320	0.05036	0.12009	0.02031	0.00429	0.05399	0.01342	0.06448	0.17027
54	0.08430	0.12808	0.21609	0.03593	0.13688	0.02773	0.10593	0.03539	0.02394	0.07666	0.02097	0.02461	0.01582	0.01012	0.01006	0.00326	0.01398	0.00884	0.00581	0.01561

[dist]
# distance from previous block
# <min> <max>
0	9

[block]
# block no. 3 follows, 12 sequences, length 51
# corresponding to MSA columns:
# 479-529
name=unknown_D
#
# <colnr> <probs for GDERKNQSTAVLIFYWHMCP>
#	G	D	E	R	K	N	Q	S	T	A	V	L	I	F	Y	W	H	M	C	P
0	0.33747	0.02430	0.07284	0.02211	0.07281	0.02290	0.01737	0.03510	0.10180	0.04398	0.06403	0.02839	0.02375	0.01162	0.00879	0.00324	0.00931	0.00865	0.00750	0.08403
1	0.02529	0.02345	0.12873	0.02151	0.02888	0.01620	0.06542	0.03209	0.02891	0.15756	0.27678	0.05492	0.05989	0.01670	0.01194	0.00345	0.00951	0.01479	0.01027	0.01373
2	0.01558	0.01168	0.01752	0.01752	0.01947	0.01363	0.01363	0.01947	0.01752	0.02531	0.02921	0.04283	0.02726	0.08178	0.57360	0.01752	0.02921	0.01168	0.00584	0.00974
3	0.02923	0.02170	0.03181	0.21757	0.16034	0.02373	0.02491	0.04167	0.15246	0.13764	0.03058	0.03311	0.02233	0.01213	0.01094	0.00351	0.01166	0.01061	0.00824	0.01583
4	0.02299	0.01972	0.02278	0.01666	0.02605	0.01560	0.01329	0.03004	0.06554	0.03638	0.02150	0.02414	0.01760	0.00864	0.00833	0.00179	0.00812	0.00696	0.00685	0.62699
5	0.02113	0.02043	0.03603	0.53337	0.07319	0.02458	0.08060	0.02860	0.02222	0.02860	0.01966	0.02911	0.01475	0.01072	0.01111	0.00364	0.01494	0.01002	0.00492	0.01238
6	0.01556	0.01054	0.01244	0.01305	0.01334	0.01044	0.00801	0.01625	0.01738	0.02311	0.04034	0.16369	0.04672	0.47692	0.04562	0.00914	0.00983	0.05293	0.00744	0.00723
7	0.02795	0.09229	0.13314	0.09330	0.28921	0.11442	0.03100	0.03471	0.02497	0.03240	0.01915	0.02438	0.01561	0.01013	0.01021	0.00315	0.01458	0.00862	0.00518	0.01559
8	0.01345	0.00979	0.01269	0.01467	0.01576	0.00903	0.00997	0.01574	0.02220	0.02951	0.11109	0.51306	0.11799	0.03242	0.01372	0.00426	0.00614	0.02919	0.01030	0.00903
9	0.03237	0.31933	0.12599	0.02416	0.03315	0.24003	0.02295	0.03705	0.02559	0.02743	0.01649	0.01917	0.01398	0.01021	0.00859	0.00269	0.01537	0.00663	0.00501	0.01382
10	0.02527	0.02116	0.02398	0.01800	0.02706	0.01847	0.01440	0.08303	0.10231	0.04054	0.02388	0.02572	0.01900	0.00962	0.00883	0.00210	0.00857	0.00770	0.00763	0.51272
11	0.03231	0.03257	0.03149	0.24296	0.04868	0.22668	0.02439	0.07495	0.02789	0.07451	0.02054	0.02561	0.01570	0.01211	0.01262	0.00338	0.06514	0.00881	0.00633	0.01335
12	0.01543	0.01115	0.01457	0.01372	0.01629	0.01029	0.01029	0.02058	0.03086	0.04372	0.54304	0.08145	0.10288	0.02229	0.01286	0.00343	0.00514	0.01972	0.01200	0.01029
13	0.01295	0.01078	0.01132	0.01174	0.01491	0.00915	0.00859	0.01557	0.02419	0.02918	0.10200	0.18965	0.46511	0.02871	0.01306	0.00381	0.00566	0.02435	0.01012	0.00915
14	0.02059	0.01938	0.03270	0.59060	0.07510	0.02422	0.03028	0.02786	0.02180	0.02786	0.01938	0.02907	0.01453	0.01090	0.01090	0.00363	0.01453	0.00969	0.00484	0.01211
15	0.01485	0.01099	0.01385	0.01340	0.01600	0.01000	0.00995	0.01934	0.02908	0.04013	0.43390	0.12815	0.17173	0.02412	0.01295	0.00355	0.00530	0.02117	0.01155	0.01000
16	0.02432	0.02039	0.02353	0.01696	0.02656	0.01629	0.01363	0.07153	0.02521	0.03855	0.02000	0.02293	0.01637	0.00853	0.00833	0.00177	0.00843	0.00676	0.00686	0.62304
17	0.01375	0.01108	0.01225	0.01195	0.01526	0.00957	0.00897	0.01732	0.02690	0.03431	0.25755	0.09695	0.39425	0.02580	0.01288	0.00360	0.00539	0.02189	0.01076	0.00957
18	0.01407	0.01109	0.01268	0.01228	0.01545	0.00971	0.00921	0.01793	0.02764	0.03606	0.31082	0.09406	0.33988	0.02515	0.01287	0.00356	0.00535	0.02149	0.01099	0.00971
19	0.02261	0.01938	0.02261	0.01615	0.02584	0.01453	0.01292	0.02745	0.02261	0.03553	0.01938	0.02261	0.01615	0.00807	0.00807	0.00161	0.00807	0.00646	0.00646	0.68346
20	0.69383	0.02109	0.01603	0.01434	0.02109	0.02446	0.01181	0.03205	0.01856	0.04892	0.01518	0.01771	0.01181	0.01012	0.00675	0.00337	0.00843	0.00590	0.00675	0.01181
21	0.02255	0.01471	0.01611	0.01486	0.01848	0.01508	0.01131	0.13018	0.02960	0.04360	0.08698	0.16081	0.08516	0.01918	0.01050	0.00325	0.00691	0.01617	0.28287	0.01169
22	0.03014	0.57447	0.05489	0.01946	0.02847	0.08849	0.01886	0.03358	0.02290	0.02574	0.01530	0.01768	0.01400	0.00949	0.00724	0.00237	0.01235	0.00593	0.00475	0.01388
23	0.02065	0.01770	0.02028	0.01512	0.02360	0.01346	0.01199	0.02508	0.02306	0.03431	0.03770	0.03917	0.12242	0.01201	0.00904	0.00203	0.00756	0.00979	0.00720	0.54782
24	0.02634	0.02724	0.08919	0.33844	0.14288	0.07370	0.02966	0.03335	0.02417	0.08054	0.02163	0.02800	0.01607	0.01093	0.01074	0.00345	0.01440	0.00940	0.00581	0.01406
25	0.02486	0.02339	0.07710	0.03770	0.21198	0.02030	0.06463	0.03315	0.06518	0.08774	0.15330	0.04714	0.07640	0.01469	0.01161	0.00342	0.01065	0.01345	0.00843	0.01487
26	0.04363	0.01754	0.02400	0.01951	0.02695	0.01544	0.01629	0.04799	0.03018	0.46804	0.04550	0.05159	0.03302	0.01630	0.01166	0.00365	0.00941	0.08928	0.01291	0.01712
27	0.01558	0.01168	0.01752	0.01752	0.01947	0.01363	0.01363	0.01947	0.01752	0.02531	0.02921	0.04283	0.02726	0.08178	0.57360	0.01752	0.02921	0.01168	0.00584	0.00974
28	0.69383	0.02109	0.01603	0.01434	0.02109	0.02446	0.01181	0.03205	0.01856	0.04892	0.01518	0.01771	0.01181	0.01012	0.00675	0.00337	0.00843	0.00590	0.00675	0.01181
29	0.02915	0.62337	0.05714	0.01866	0.02799	0.04314	0.01866	0.03265	0.02215	0.02565	0.01516	0.01749	0.01399	0.00933	0.00700	0.00233	0.01166	0.00583	0.00466	0.01399
30	0.01447	0.01063	0.01385	0.01500	0.01676	0.00960	0.01039	0.01720	0.02281	0.03134	0.14313	0.46482	0.07284	0.02980	0.01323	0.00401	0.00626	0.02688	0.01015	0.06684
31	0.02488	0.01446	0.02129	0.02144	0.06164	0.01489	0.01547	0.02916	0.02266	0.16218	0.07473	0.04339	0.03271	0.05405	0.34160	0.01168	0.02092	0.01202	0.00826	0.01259
32	0.36460	0.02689	0.12072	0.01907	0.02810	0.02196	0.01846	0.03917	0.02338	0.20642	0.02479	0.02483	0.01698	0.01123	0.00875	0.00339	0.01014	0.00790	0.00848	0.01474
33	0.02059	0.01938	0.03270	0.59060	0.07510	0.02422	0.03028	0.02786	0.02180	0.02786	0.01938	0.02907	0.01453	0.01090	0.01090	0.00363	0.01453	0.00969	0.00484	0.01211
34	0.59960	0.02554	0.01817	0.01632	0.02291	0.10361	0.01314	0.03371	0.02034	0.04571	0.01542	0.01799	0.01213	0.01028	0.00719	0.00329	0.01005	0.00607	0.00658	0.01193
35	0.01543	0.01115	0.01457	0.01372	0.01629	0.01029	0.01029	0.02058	0.03086	0.04372	0.54304	0.08145	0.10288	0.02229	0.01286	0.00343	0.00514	0.01972	0.01200	0.01029
36	0.02112	0.01992	0.03366	0.54711	0.11443	0.02436	0.03055	0.02832	0.02205	0.02850	0.01947	0.02890	0.01476	0.01080	0.01089	0.00360	0.01440	0.00969	0.00489	0.01254
37	0.69383	0.02109	0.01603	0.01434	0.02109	0.02446	0.01181	0.03205	0.01856	0.04892	0.01518	0.01771	0.01181	0.01012	0.00675	0.00337	0.00843	0.00590	0.00675	0.01181
38	0.01407	0.01107	0.01278	0.01294	0.01594	0.00978	0.00981	0.01765	0.02633	0.03383	0.23075	0.14222	0.33275	0.02679	0.01315	0.00378	0.00585	0.06027	0.01068	0.00957
39	0.01516	0.01113	0.01420	0.01344	0.01613	0.01017	0.01008	0.02006	0.03023	0.04222	0.49759	0.08392	0.14927	0.02285	0.01286	0.00346	0.00518	0.02006	0.01181	0.01017
40	0.01328	0.00949	0.01265	0.01518	0.01581	0.00886	0.01012	0.01518	0.02088	0.02783	0.06010	0.60969	0.07212	0.03416	0.01392	0.00443	0.00633	0.03100	0.01012	0.00886
41	0.02187	0.05640	0.56031	0.03108	0.04719	0.02532	0.04029	0.03453	0.02302	0.03453	0.01957	0.02302	0.01381	0.01036	0.01036	0.00345	0.01611	0.00806	0.00460	0.01611
42	0.04710	0.02148	0.02711	0.02079	0.02929	0.02037	0.01717	0.16520	0.03610	0.43737	0.03891	0.03444	0.02493	0.01340	0.01095	0.00335	0.00994	0.01068	0.01286	0.01855
43	0.01586	0.01057	0.01189	0.01189	0.01189	0.01057	0.00661	0.01586	0.01586	0.02114	0.03436	0.07135	0.03964	0.61681	0.05550	0.01057	0.01057	0.01586	0.00661	0.00661
44	0.69383	0.02109	0.01603	0.01434	0.02109	0.02446	0.01181	0.03205	0.01856	0.04892	0.01518	0.01771	0.01181	0.01012	0.00675	0.00337	0.00843	0.00590	0.00675	0.01181
45	0.01543	0.01115	0.01457	0.01372	0.01629	0.01029	0.01029	0.02058	0.03086	0.04372	0.54304	0.08145	0.10288	0.02229	0.01286	0.00343	0.00514	0.01972	0.01200	0.01029
46	0.69383	0.02109	0.01603	0.01434	0.02109	0.02446	0.01181	0.03205	0.01856	0.04892	0.01518	0.01771	0.01181	0.01012	0.00675	0.00337	0.00843	0.00590	0.00675	0.01181
47	0.04073	0.05197	0.03090	0.02809	0.03371	0.57303	0.02107	0.04354	0.03090	0.02669	0.01685	0.01966	0.01404	0.01124	0.00983	0.00281	0.01966	0.00702	0.00562	0.01264
48	0.01663	0.01173	0.01575	0.01775	0.01950	0.01164	0.01433	0.02021	0.02265	0.02965	0.05336	0.18018	0.05940	0.14871	0.02304	0.00605	0.00963	0.32124	0.00936	0.00919
49	0.02261	0.01938	0.02261	0.01615	0.02584	0.01453	0.01292	0.02745	0.02261	0.03553	0.01938	0.02261	0.01615	0.00807	0.00807	0.00161	0.00807	0.00646	0.00646	0.68346
50	0.08124	0.30762	0.04455	0.02285	0.03096	0.08385	0.06953	0.11830	0.02762	0.03564	0.01832	0.02179	0.01532	0.01254	0.01145	0.05804	0.01273	0.00769	0.00612	0.01384

[dist]
# distance from previous block
# <min> <max>
1	6

[block]
# block no. 4 follows, 12 sequences, length 14
# corresponding to MSA columns:
# 536-549
name=unknown_E
#
# <colnr> <probs for GDERKNQSTAVLIFYWHMCP>
#	G	D	E	R	K	N	Q	S	T	A	V	L	I	F	Y	W	H	M	C	P
0	0.01780	0.00947	0.01389	0.01440	0.01453	0.00935	0.00960	0.01440	0.01555	0.02073	0.02724	0.14947	0.02967	0.03713	0.03682	0.54590	0.00884	0.01381	0.00582	0.00557
1	0.01370	0.01024	0.01274	0.01388	0.01568	0.00927	0.00974	0.01656	0.02414	0.03195	0.18550	0.36904	0.18805	0.02986	0.01343	0.00402	0.00586	0.02650	0.01057	0.00927
