[name]
unknown

[dist]
# distance from previous block
# <min> <max>
3	388

[block]
# block no. 0 follows, 13 sequences, length 8
# corresponding to MSA columns:
# 438-445
name=unknown_A
#
# <colnr> <probs for GDERKNQSTAVLIFYWHMCP>
#	G	D	E	R	K	N	Q	S	T	A	V	L	I	F	Y	W	H	M	C	P
0	0.01800	0.01413	0.01993	0.01881	0.02100	0.01697	0.01490	0.05959	0.01947	0.02796	0.02642	0.03814	0.02432	0.06704	0.47750	0.01448	0.09410	0.01095	0.00593	0.01036
1	0.42324	0.03450	0.24459	0.02057	0.03084	0.02406	0.02278	0.03207	0.01977	0.04171	0.01647	0.01929	0.01225	0.00991	0.00798	0.00330	0.01124	0.00658	0.00569	0.01316
2	0.02163	0.03353	0.24836	0.02160	0.03355	0.01839	0.02342	0.02944	0.02209	0.03406	0.01887	0.02209	0.01473	0.00874	0.00874	0.00230	0.01103	0.00690	0.00553	0.41503
3	0.02163	0.03353	0.24836	0.02160	0.03355	0.01839	0.02342	0.02944	0.02209	0.03406	0.01887	0.02209	0.01473	0.00874	0.00874	0.00230	0.01103	0.00690	0.00553	0.41503
4	0.42273	0.01977	0.02218	0.25568	0.04194	0.02363	0.01880	0.02941	0.01929	0.03906	0.01639	0.02170	0.01254	0.01013	0.00820	0.00338	0.01061	0.00723	0.00579	0.01157
5	0.02625	0.02370	0.03171	0.03932	0.24705	0.02582	0.02318	0.04644	0.33024	0.04025	0.03353	0.03400	0.02590	0.01232	0.01064	0.00340	0.01009	0.01091	0.00849	0.01674
6	0.42153	0.01705	0.01615	0.01619	0.02105	0.01898	0.01374	0.02731	0.02060	0.04095	0.03166	0.05907	0.03172	0.01777	0.00985	0.00393	0.00882	0.20501	0.00785	0.01075
7	0.02380	0.03923	0.29611	0.04831	0.31595	0.02485	0.03561	0.03294	0.02324	0.03404	0.01945	0.02433	0.01515	0.00972	0.01027	0.00324	0.01402	0.00865	0.00487	0.01621

[dist]
# distance from previous block
# <min> <max>
0	3

[block]
# block no. 1 follows, 13 sequences, length 13
# corresponding to MSA columns:
# 449-461
name=unknown_B
#
# <colnr> <probs for GDERKNQSTAVLIFYWHMCP>
#	G	D	E	R	K	N	Q	S	T	A	V	L	I	F	Y	W	H	M	C	P
0	0.03417	0.02187	0.02482	0.02093	0.02782	0.02354	0.01667	0.09796	0.33806	0.21017	0.04100	0.03708	0.02906	0.01380	0.01070	0.00345	0.00886	0.01132	0.01147	0.01724
1	0.01922	0.01707	0.03085	0.02697	0.03186	0.01647	0.17465	0.02514	0.02425	0.03202	0.04535	0.12535	0.04750	0.02315	0.01386	0.00442	0.01201	0.31041	0.00837	0.01107
2	0.03482	0.01520	0.02050	0.01667	0.02264	0.01338	0.01338	0.03926	0.03013	0.36492	0.24183	0.05269	0.05476	0.01640	0.01135	0.00329	0.00744	0.01393	0.01252	0.01488
3	0.04744	0.01799	0.02454	0.01881	0.02699	0.01554	0.01554	0.05153	0.03026	0.56979	0.04171	0.03599	0.02617	0.01309	0.01063	0.00327	0.00900	0.01063	0.01309	0.01799
4	0.03280	0.02290	0.03718	0.05053	0.39549	0.02213	0.02718	0.03840	0.02600	0.20145	0.02669	0.02923	0.01969	0.01056	0.01052	0.00318	0.01145	0.00980	0.00768	0.01714
5	0.01997	0.01879	0.03171	0.60301	0.07282	0.02349	0.02936	0.02701	0.02114	0.02701	0.01879	0.02819	0.01409	0.01057	0.01057	0.00352	0.01409	0.00940	0.00470	0.01175
6	0.01450	0.01035	0.01412	0.01657	0.01789	0.00998	0.01262	0.01751	0.02183	0.02880	0.05738	0.42642	0.06640	0.03160	0.01393	0.00452	0.00753	0.20923	0.00978	0.00903
7	0.04081	0.02022	0.03027	0.03318	0.19397	0.01853	0.02081	0.04558	0.02833	0.40288	0.03491	0.03293	0.02323	0.01194	0.01058	0.00323	0.01011	0.01025	0.01064	0.01761
8	0.02152	0.02183	0.04128	0.42886	0.06734	0.02450	0.18363	0.02915	0.02233	0.02915	0.01960	0.02829	0.01470	0.01005	0.01117	0.00354	0.01526	0.01036	0.00490	0.01253
9	0.02051	0.01707	0.02103	0.01968	0.02322	0.02019	0.01541	0.03553	0.24568	0.03316	0.03374	0.03939	0.02813	0.04699	0.29927	0.01034	0.05864	0.01146	0.00781	0.01275
10	0.03494	0.03637	0.20006	0.02563	0.03630	0.02864	0.02559	0.32959	0.03939	0.10247	0.02488	0.02540	0.01730	0.01190	0.01042	0.00324	0.01264	0.00909	0.00890	0.01725
11	0.49267	0.21202	0.02797	0.01521	0.02253	0.02937	0.01352	0.03126	0.01908	0.04040	0.01471	0.01711	0.01211	0.00957	0.00662	0.00296	0.00915	0.00570	0.00591	0.01211
12	0.01611	0.02384	0.18805	0.02025	0.02583	0.01411	0.02004	0.02167	0.02152	0.02972	0.04567	0.35805	0.05091	0.02533	0.01259	0.00409	0.00964	0.09348	0.00813	0.01096

[dist]
# distance from previous block
# <min> <max>
0	11

[block]
# block no. 2 follows, 13 sequences, length 42
# corresponding to MSA columns:
# 473-514
name=unknown_C
#
# <colnr> <probs for GDERKNQSTAVLIFYWHMCP>
#	G	D	E	R	K	N	Q	S	T	A	V	L	I	F	Y	W	H	M	C	P
0	0.01994	0.01669	0.01980	0.01545	0.02292	0.01288	0.01193	0.02401	0.02156	0.03281	0.02747	0.15364	0.02758	0.01339	0.00907	0.00217	0.00746	0.01149	0.00704	0.54270
1	0.02047	0.01113	0.01496	0.01562	0.01790	0.01012	0.01107	0.02281	0.02244	0.14623	0.05464	0.49290	0.06032	0.02872	0.01287	0.00407	0.00676	0.02579	0.01053	0.01065
2	0.45915	0.02242	0.06049	0.14483	0.03424	0.02318	0.01768	0.03174	0.01983	0.07702	0.01774	0.02123	0.01316	0.01022	0.00796	0.00333	0.01008	0.00701	0.00643	0.01226
3	0.35075	0.02152	0.02484	0.02701	0.14194	0.02269	0.01765	0.07076	0.02448	0.17150	0.02309	0.02424	0.01661	0.01071	0.00867	0.00324	0.00958	0.00798	0.00811	0.01464
4	0.12055	0.10315	0.03352	0.19796	0.11604	0.16725	0.02320	0.06307	0.02511	0.03270	0.01768	0.02260	0.01416	0.01033	0.00929	0.00306	0.01384	0.00781	0.00555	0.01313
5	0.04076	0.01671	0.02289	0.01896	0.02587	0.01480	0.01587	0.04502	0.02896	0.45157	0.04485	0.05428	0.03379	0.01663	0.01150	0.00362	0.00916	0.11622	0.01235	0.01618
6	0.01542	0.01111	0.01477	0.01466	0.01714	0.01046	0.01153	0.02038	0.02870	0.04004	0.44685	0.08783	0.09121	0.02328	0.01294	0.00366	0.00603	0.12284	0.01122	0.00992
7	0.03084	0.02210	0.02683	0.02259	0.02939	0.02397	0.05319	0.05355	0.39313	0.15893	0.04118	0.03790	0.02976	0.01368	0.01086	0.00352	0.00919	0.01170	0.01088	0.01683
8	0.02376	0.03245	0.16730	0.11294	0.15095	0.02556	0.26483	0.03269	0.02375	0.03308	0.02026	0.02668	0.01536	0.00946	0.01133	0.00343	0.01590	0.01050	0.00505	0.01472
9	0.01504	0.01264	0.01630	0.01658	0.01780	0.01390	0.01229	0.01719	0.02032	0.02705	0.06081	0.35930	0.18046	0.02832	0.01790	0.00418	0.13838	0.02354	0.00868	0.00933
10	0.02271	0.03006	0.15128	0.02828	0.03171	0.03066	0.02663	0.02721	0.01754	0.02721	0.01500	0.02295	0.01377	0.01665	0.02928	0.00435	0.47871	0.00894	0.00459	0.01246
11	0.02014	0.08317	0.37687	0.02697	0.03848	0.02241	0.06663	0.02926	0.02200	0.03149	0.02749	0.15403	0.02602	0.01496	0.01075	0.00350	0.01340	0.01289	0.00571	0.01384
12	0.02017	0.01780	0.02761	0.02432	0.02904	0.01820	0.12650	0.03179	0.16098	0.03428	0.04553	0.20593	0.04574	0.02181	0.01284	0.00410	0.01023	0.14176	0.00906	0.01229
13	0.01638	0.01213	0.01596	0.14146	0.02500	0.01316	0.01145	0.01793	0.01664	0.02193	0.03012	0.06018	0.03309	0.49270	0.04432	0.00877	0.01109	0.01406	0.00603	0.00758
14	0.02754	0.50160	0.05694	0.02391	0.03331	0.03852	0.12924	0.03214	0.02225	0.02685	0.01617	0.01950	0.01411	0.00902	0.00803	0.00255	0.01274	0.00715	0.00470	0.01372
15	0.01872	0.01129	0.01771	0.14321	0.02674	0.01233	0.01362	0.01668	0.01539	0.02027	0.01846	0.03127	0.01743	0.03098	0.03457	0.54106	0.01026	0.00923	0.00461	0.00616
16	0.04521	0.02589	0.02621	0.02103	0.02863	0.14200	0.01692	0.08144	0.03150	0.41651	0.03504	0.03156	0.02286	0.01258	0.01039	0.00314	0.01139	0.00972	0.01124	0.01673
17	0.11271	0.03776	0.28317	0.02459	0.03613	0.02403	0.02698	0.13066	0.02873	0.15925	0.02467	0.02528	0.01684	0.01119	0.00985	0.00329	0.01252	0.00850	0.00777	0.01609
18	0.02412	0.02914	0.14916	0.21579	0.08573	0.02539	0.02714	0.07407	0.18549	0.03719	0.02690	0.03004	0.02005	0.01169	0.01051	0.00345	0.01237	0.00985	0.00699	0.01496
19	0.03511	0.02578	0.02850	0.02326	0.03040	0.02826	0.01942	0.41621	0.04414	0.05895	0.03211	0.04601	0.02740	0.01632	0.01146	0.00355	0.01122	0.11535	0.01039	0.01617
20	0.07356	0.01873	0.02901	0.43366	0.05911	0.02176	0.02508	0.03268	0.02293	0.14767	0.02354	0.02914	0.01656	0.01107	0.01030	0.00345	0.01256	0.00941	0.00667	0.01310
21	0.02465	0.02438	0.03760	0.27419	0.33284	0.06344	0.03040	0.03099	0.02333	0.03098	0.01921	0.02647	0.01549	0.00998	0.01044	0.00326	0.01362	0.00923	0.00504	0.01447
22	0.70310	0.02045	0.01554	0.01390	0.02045	0.02372	0.01145	0.03108	0.01799	0.04744	0.01472	0.01718	0.01145	0.00981	0.00654	0.00327	0.00818	0.00573	0.00654	0.01145
23	0.01288	0.00920	0.01227	0.01472	0.01534	0.00859	0.00981	0.01472	0.02024	0.02699	0.05828	0.62152	0.06993	0.03312	0.01350	0.00429	0.00613	0.03006	0.00981	0.00859
24	0.01288	0.00920	0.01227	0.01472	0.01534	0.00859	0.00981	0.01472	0.02024	0.02699	0.05828	0.62152	0.06993	0.03312	0.01350	0.00429	0.00613	0.03006	0.00981	0.00859
25	0.01288	0.00920	0.01227	0.01472	0.01534	0.00859	0.00981	0.01472	0.02024	0.02699	0.05828	0.62152	0.06993	0.03312	0.01350	0.00429	0.00613	0.03006	0.00981	0.00859
26	0.01507	0.01012	0.01162	0.01192	0.01200	0.01005	0.00682	0.01530	0.01597	0.02129	0.03637	0.13674	0.04229	0.55561	0.04888	0.00952	0.00975	0.01717	0.00682	0.00667
27	0.01266	0.01072	0.01094	0.01088	0.01438	0.00900	0.00816	0.01549	0.02448	0.02947	0.13676	0.10025	0.52795	0.02644	0.01249	0.00355	0.00533	0.02210	0.00994	0.00900
28	0.02827	0.63478	0.05540	0.01809	0.02714	0.04184	0.01809	0.03166	0.02148	0.02488	0.01470	0.01696	0.01357	0.00905	0.00678	0.00226	0.01131	0.00565	0.00452	0.01357
29	0.02121	0.05469	0.57364	0.03014	0.04576	0.02455	0.03906	0.03348	0.02232	0.03348	0.01897	0.02232	0.01339	0.01005	0.01005	0.00335	0.01563	0.00781	0.00446	0.01563
30	0.04744	0.01799	0.02454	0.01881	0.02699	0.01554	0.01554	0.05153	0.03026	0.56979	0.04171	0.03599	0.02617	0.01309	0.01063	0.00327	0.00900	0.01063	0.01309	0.01799
31	0.02827	0.63478	0.05540	0.01809	0.02714	0.04184	0.01809	0.03166	0.02148	0.02488	0.01470	0.01696	0.01357	0.00905	0.00678	0.00226	0.01131	0.00565	0.00452	0.01357
32	0.04744	0.01799	0.02454	0.01881	0.02699	0.01554	0.01554	0.05153	0.03026	0.56979	0.04171	0.03599	0.02617	0.01309	0.01063	0.00327	0.00900	0.01063	0.01309	0.01799
33	0.01538	0.01025	0.01153	0.01153	0.01153	0.01025	0.00641	0.01538	0.01538	0.02050	0.03331	0.06919	0.03844	0.62842	0.05382	0.01025	0.01025	0.01538	0.00641	0.00641
34	0.01288	0.00920	0.01227	0.01472	0.01534	0.00859	0.00981	0.01472	0.02024	0.02699	0.05828	0.62152	0.06993	0.03312	0.01350	0.00429	0.00613	0.03006	0.00981	0.00859
35	0.32950	0.02128	0.02203	0.01775	0.02527	0.02239	0.01465	0.13398	0.02869	0.24740	0.02691	0.02582	0.01824	0.01160	0.00885	0.00325	0.00915	0.00830	0.00978	0.01516
36	0.02230	0.02117	0.03592	0.40080	0.25681	0.02410	0.03052	0.02906	0.02224	0.02984	0.01920	0.02743	0.01509	0.01014	0.01053	0.00338	0.01352	0.00941	0.00490	0.01363
37	0.01997	0.01879	0.03171	0.60301	0.07282	0.02349	0.02936	0.02701	0.02114	0.02701	0.01879	0.02819	0.01409	0.01057	0.01057	0.00352	0.01409	0.00940	0.00470	0.01175
38	0.46825	0.02370	0.02128	0.01760	0.02482	0.02693	0.01451	0.20685	0.02923	0.05424	0.01850	0.02008	0.01376	0.01083	0.00797	0.00324	0.00940	0.00707	0.00797	0.01376
39	0.23855	0.24458	0.03422	0.01837	0.02621	0.07098	0.01615	0.09830	0.02583	0.11102	0.01985	0.02083	0.01520	0.01043	0.00792	0.00286	0.01065	0.00693	0.00714	0.01399
40	0.20763	0.10975	0.03238	0.02305	0.03050	0.16959	0.05418	0.17939	0.03122	0.04380	0.01873	0.02085	0.01451	0.01076	0.00893	0.00300	0.01301	0.00759	0.00711	0.01404
41	0.01589	0.01138	0.01555	0.01698	0.01921	0.01105	0.01397	0.02042	0.02557	0.03441	0.21146	0.16821	0.07402	0.02733	0.01381	0.00432	0.00782	0.28859	0.01034	0.00967

[dist]
# distance from previous block
# <min> <max>
3	8

[block]
# block no. 3 follows, 13 sequences, length 72
# corresponding to MSA columns:
# 523-594
name=unknown_D
#
# <colnr> <probs for GDERKNQSTAVLIFYWHMCP>
#	G	D	E	R	K	N	Q	S	T	A	V	L	I	F	Y	W	H	M	C	P
0	0.02361	0.01756	0.02046	0.01888	0.02302	0.01860	0.01481	0.17918	0.08404	0.04398	0.12043	0.22173	0.05315	0.02261	0.01233	0.00382	0.00844	0.09025	0.01040	0.01269
1	0.01997	0.01879	0.03171	0.60301	0.07282	0.02349	0.02936	0.02701	0.02114	0.02701	0.01879	0.02819	0.01409	0.01057	0.01057	0.00352	0.01409	0.00940	0.00470	0.01175
2	0.28261	0.02005	0.02202	0.01760	0.02522	0.02022	0.01453	0.09202	0.02780	0.33124	0.03036	0.02815	0.02005	0.01187	0.00916	0.00326	0.00897	0.00876	0.01048	0.01564
3	0.04646	0.01957	0.02551	0.01956	0.02777	0.01787	0.01616	0.11586	0.03289	0.50174	0.03950	0.03455	0.02506	0.01303	0.01063	0.00326	0.00935	0.01048	0.01275	0.01799
4	0.01282	0.00944	0.01202	0.01408	0.01517	0.00864	0.00953	0.01479	0.02086	0.02724	0.06605	0.53880	0.14763	0.03211	0.01334	0.00418	0.00601	0.02883	0.00982	0.00864
5	0.03950	0.05039	0.02996	0.02724	0.03269	0.58597	0.02043	0.04222	0.02996	0.02588	0.01634	0.01907	0.01362	0.01090	0.00953	0.00272	0.01907	0.00681	0.00545	0.01226
6	0.04744	0.01799	0.02454	0.01881	0.02699	0.01554	0.01554	0.05153	0.03026	0.56979	0.04171	0.03599	0.02617	0.01309	0.01063	0.00327	0.00900	0.01063	0.01309	0.01799
7	0.01746	0.01137	0.01442	0.01543	0.01712	0.01108	0.01081	0.02163	0.06188	0.07199	0.05158	0.40329	0.05771	0.12446	0.01954	0.00514	0.00746	0.05828	0.00961	0.00974
8	0.01288	0.00920	0.01227	0.01472	0.01534	0.00859	0.00981	0.01472	0.02024	0.02699	0.05828	0.62152	0.06993	0.03312	0.01350	0.00429	0.00613	0.03006	0.00981	0.00859
9	0.01524	0.01077	0.01417	0.01417	0.01508	0.01168	0.00970	0.01707	0.01616	0.02245	0.03090	0.05583	0.03264	0.36312	0.31118	0.01351	0.01898	0.01342	0.00605	0.00787
10	0.01997	0.01879	0.03171	0.60301	0.07282	0.02349	0.02936	0.02701	0.02114	0.02701	0.01879	0.02819	0.01409	0.01057	0.01057	0.00352	0.01409	0.00940	0.00470	0.01175
11	0.02630	0.02271	0.02391	0.02152	0.02749	0.02630	0.01674	0.05618	0.54336	0.04423	0.04303	0.03945	0.03228	0.01434	0.01076	0.00359	0.00837	0.01195	0.01076	0.01674
12	0.70310	0.02045	0.01554	0.01390	0.02045	0.02372	0.01145	0.03108	0.01799	0.04744	0.01472	0.01718	0.01145	0.00981	0.00654	0.00327	0.00818	0.00573	0.00654	0.01145
13	0.02476	0.30819	0.29840	0.02786	0.08277	0.03223	0.02923	0.03259	0.02211	0.02978	0.01717	0.02029	0.01376	0.00955	0.00864	0.00285	0.01345	0.00700	0.00456	0.01482
14	0.02314	0.02063	0.04025	0.03158	0.03848	0.01941	0.27596	0.02957	0.02456	0.07920	0.03733	0.14017	0.03618	0.01797	0.01300	0.00397	0.01329	0.13491	0.00779	0.01261
15	0.04009	0.03273	0.03147	0.02476	0.03277	0.11575	0.02015	0.45447	0.04675	0.06052	0.02403	0.02444	0.01733	0.01242	0.01042	0.00311	0.01275	0.00911	0.00981	0.01712
16	0.01997	0.01879	0.03171	0.60301	0.07282	0.02349	0.02936	0.02701	0.02114	0.02701	0.01879	0.02819	0.01409	0.01057	0.01057	0.00352	0.01409	0.00940	0.00470	0.01175
17	0.02827	0.63478	0.05540	0.01809	0.02714	0.04184	0.01809	0.03166	0.02148	0.02488	0.01470	0.01696	0.01357	0.00905	0.00678	0.00226	0.01131	0.00565	0.00452	0.01357
18	0.01521	0.01047	0.01257	0.01224	0.01323	0.01014	0.00783	0.01720	0.02119	0.02925	0.24243	0.07310	0.06293	0.38606	0.03730	0.00748	0.00815	0.01687	0.00850	0.00783
19	0.02481	0.01380	0.01745	0.01614	0.02028	0.01334	0.01300	0.03206	0.07926	0.16204	0.19851	0.06713	0.05627	0.01901	0.01151	0.00352	0.00723	0.11320	0.11899	0.01244
20	0.01413	0.01017	0.01339	0.01387	0.01561	0.00942	0.00991	0.01786	0.02606	0.03624	0.35774	0.29567	0.08785	0.02621	0.01288	0.00371	0.00545	0.02349	0.01091	0.00942
21	0.01496	0.01081	0.01413	0.01330	0.01580	0.00998	0.00998	0.01995	0.02993	0.04240	0.55689	0.07898	0.09976	0.02162	0.01247	0.00333	0.00499	0.01912	0.01164	0.00998
22	0.01342	0.00973	0.01276	0.01479	0.01595	0.00907	0.01042	0.01586	0.02165	0.02869	0.09785	0.49199	0.10852	0.03141	0.01346	0.00423	0.00635	0.07508	0.00994	0.00883
23	0.04744	0.01799	0.02454	0.01881	0.02699	0.01554	0.01554	0.05153	0.03026	0.56979	0.04171	0.03599	0.02617	0.01309	0.01063	0.00327	0.00900	0.01063	0.01309	0.01799
24	0.02630	0.02271	0.02391	0.02152	0.02749	0.02630	0.01674	0.05618	0.54336	0.04423	0.04303	0.03945	0.03228	0.01434	0.01076	0.00359	0.00837	0.01195	0.01076	0.01674
25	0.03950	0.05039	0.02996	0.02724	0.03269	0.58597	0.02043	0.04222	0.02996	0.02588	0.01634	0.01907	0.01362	0.01090	0.00953	0.00272	0.01907	0.00681	0.00545	0.01226
26	0.01997	0.01879	0.03171	0.60301	0.07282	0.02349	0.02936	0.02701	0.02114	0.02701	0.01879	0.02819	0.01409	0.01057	0.01057	0.00352	0.01409	0.00940	0.00470	0.01175
27	0.02192	0.01879	0.02192	0.01566	0.02506	0.01409	0.01253	0.02662	0.02192	0.03445	0.01879	0.02192	0.01566	0.00783	0.00783	0.00157	0.00783	0.00626	0.00626	0.69305
28	0.17308	0.03404	0.20282	0.02319	0.03353	0.02557	0.02374	0.19056	0.03123	0.12962	0.02361	0.02432	0.01640	0.01130	0.00957	0.00327	0.01180	0.00835	0.00814	0.01586
29	0.02827	0.63478	0.05540	0.01809	0.02714	0.04184	0.01809	0.03166	0.02148	0.02488	0.01470	0.01696	0.01357	0.00905	0.00678	0.00226	0.01131	0.00565	0.00452	0.01357
30	0.01288	0.00920	0.01227	0.01472	0.01534	0.00859	0.00981	0.01472	0.02024	0.02699	0.05828	0.62152	0.06993	0.03312	0.01350	0.00429	0.00613	0.03006	0.00981	0.00859
31	0.02827	0.63478	0.05540	0.01809	0.02714	0.04184	0.01809	0.03166	0.02148	0.02488	0.01470	0.01696	0.01357	0.00905	0.00678	0.00226	0.01131	0.00565	0.00452	0.01357
32	0.02914	0.15110	0.07344	0.02227	0.06818	0.02357	0.01838	0.08269	0.02606	0.11531	0.02211	0.02368	0.01693	0.00964	0.00867	0.00238	0.01005	0.00747	0.00714	0.28179
33	0.04744	0.01799	0.02454	0.01881	0.02699	0.01554	0.01554	0.05153	0.03026	0.56979	0.04171	0.03599	0.02617	0.01309	0.01063	0.00327	0.00900	0.01063	0.01309	0.01799
34	0.01496	0.01081	0.01413	0.01330	0.01580	0.00998	0.00998	0.01995	0.02993	0.04240	0.55689	0.07898	0.09976	0.02162	0.01247	0.00333	0.00499	0.01912	0.01164	0.00998
35	0.01276	0.00967	0.01178	0.01348	0.01501	0.00869	0.00926	0.01486	0.02144	0.02748	0.07346	0.45994	0.22171	0.03115	0.01318	0.00407	0.00589	0.02765	0.00982	0.00869
36	0.02827	0.63478	0.05540	0.01809	0.02714	0.04184	0.01809	0.03166	0.02148	0.02488	0.01470	0.01696	0.01357	0.00905	0.00678	0.00226	0.01131	0.00565	0.00452	0.01357
37	0.01997	0.01879	0.03171	0.60301	0.07282	0.02349	0.02936	0.02701	0.02114	0.02701	0.01879	0.02819	0.01409	0.01057	0.01057	0.00352	0.01409	0.00940	0.00470	0.01175
38	0.01830	0.01371	0.01784	0.01918	0.02218	0.01420	0.01628	0.02716	0.10750	0.03473	0.10431	0.10251	0.06022	0.02608	0.01378	0.00451	0.00904	0.36751	0.01009	0.01087
39	0.02827	0.63478	0.05540	0.01809	0.02714	0.04184	0.01809	0.03166	0.02148	0.02488	0.01470	0.01696	0.01357	0.00905	0.00678	0.00226	0.01131	0.00565	0.00452	0.01357
40	0.02182	0.10547	0.52827	0.02908	0.04413	0.02607	0.03723	0.03332	0.02225	0.03273	0.01860	0.02185	0.01341	0.00996	0.00976	0.00325	0.01525	0.00762	0.00447	0.01545
41	0.04370	0.02105	0.02607	0.02031	0.02833	0.02046	0.01667	0.15774	0.08620	0.40506	0.03822	0.03398	0.02497	0.01313	0.01063	0.00328	0.00952	0.01052	0.01229	0.01786
42	0.01358	0.00987	0.01289	0.01464	0.01597	0.00919	0.01041	0.01627	0.02245	0.02991	0.13710	0.44412	0.11623	0.03045	0.01337	0.00414	0.00626	0.07414	0.01008	0.00894
43	0.02121	0.05469	0.57364	0.03014	0.04576	0.02455	0.03906	0.03348	0.02232	0.03348	0.01897	0.02232	0.01339	0.01005	0.01005	0.00335	0.01563	0.00781	0.00446	0.01563
44	0.01494	0.01032	0.01141	0.01141	0.01194	0.01005	0.00665	0.01535	0.01668	0.02171	0.04438	0.07407	0.11639	0.53819	0.04762	0.00925	0.00952	0.01642	0.00692	0.00678
45	0.48203	0.01969	0.01833	0.01529	0.02247	0.02087	0.01257	0.03588	0.02141	0.17818	0.02187	0.02231	0.01551	0.01048	0.00768	0.00313	0.00836	0.00701	0.00817	0.06877
46	0.01288	0.00920	0.01227	0.01472	0.01534	0.00859	0.00981	0.01472	0.02024	0.02699	0.05828	0.62152	0.06993	0.03312	0.01350	0.00429	0.00613	0.03006	0.00981	0.00859
47	0.02192	0.01879	0.02192	0.01566	0.02506	0.01409	0.01253	0.02662	0.02192	0.03445	0.01879	0.02192	0.01566	0.00783	0.00783	0.00157	0.00783	0.00626	0.00626	0.69305
48	0.28916	0.26534	0.03394	0.05918	0.02788	0.02976	0.01600	0.03397	0.02139	0.11236	0.01891	0.02061	0.01461	0.01004	0.00752	0.00289	0.00998	0.00667	0.00655	0.01326
49	0.02308	0.07609	0.12166	0.06067	0.02927	0.01830	0.01862	0.03018	0.06144	0.10980	0.07620	0.16528	0.07622	0.01764	0.01085	0.00335	0.00944	0.01502	0.00841	0.06849
50	0.12754	0.12421	0.24512	0.02249	0.03351	0.02417	0.02465	0.03853	0.02407	0.20252	0.02487	0.02508	0.01715	0.01082	0.00925	0.00315	0.01185	0.00808	0.00748	0.01547
51	0.02956	0.04051	0.35426	0.02588	0.03831	0.02204	0.02979	0.04116	0.07711	0.19481	0.02819	0.02813	0.01911	0.01139	0.01029	0.00335	0.01291	0.00907	0.00767	0.01645
52	0.01997	0.01879	0.03171	0.60301	0.07282	0.02349	0.02936	0.02701	0.02114	0.02701	0.01879	0.02819	0.01409	0.01057	0.01057	0.00352	0.01409	0.00940	0.00470	0.01175
53	0.02732	0.02222	0.03690	0.07784	0.15410	0.02355	0.12625	0.03440	0.06263	0.11770	0.02579	0.03324	0.02084	0.07408	0.01916	0.00426	0.10757	0.01101	0.00692	0.01420
54	0.07435	0.01938	0.03125	0.51732	0.10434	0.02363	0.02817	0.02773	0.02111	0.02917	0.01855	0.02717	0.01408	0.01043	0.01025	0.00348	0.01352	0.00911	0.00488	0.01209
55	0.01363	0.01056	0.01260	0.01391	0.01631	0.00954	0.01059	0.01653	0.02295	0.02876	0.08049	0.26799	0.29512	0.02930	0.01328	0.00408	0.00657	0.12899	0.00980	0.00900
56	0.01408	0.00977	0.01269	0.01389	0.01525	0.00913	0.00968	0.01717	0.02352	0.03292	0.21746	0.40180	0.07629	0.02782	0.01270	0.00384	0.00567	0.02498	0.06222	0.00913
57	0.07165	0.21061	0.04510	0.12086	0.17210	0.02950	0.10327	0.03286	0.02302	0.06842	0.01955	0.02412	0.01557	0.00968	0.00943	0.00301	0.01271	0.00859	0.00559	0.01437
58	0.01434	0.01175	0.01724	0.01656	0.01918	0.01071	0.06116	0.01759	0.02316	0.03050	0.14531	0.35421	0.18321	0.02738	0.01300	0.00390	0.00695	0.02474	0.00966	0.00946
59	0.01510	0.01133	0.01699	0.01699	0.01888	0.01322	0.01322	0.01888	0.01699	0.02454	0.02832	0.04154	0.02643	0.07930	0.58652	0.01699	0.02832	0.01133	0.00566	0.00944
60	0.01465	0.00995	0.01175	0.01246	0.01263	0.00977	0.00739	0.01519	0.01679	0.02238	0.04055	0.22921	0.04756	0.45595	0.04213	0.00852	0.00906	0.01963	0.00739	0.00704
61	0.02752	0.45014	0.17565	0.02168	0.03199	0.08220	0.02323	0.03295	0.02237	0.02699	0.01584	0.01840	0.01353	0.00943	0.00778	0.00256	0.01296	0.00626	0.00458	0.01395
62	0.02612	0.02538	0.04501	0.13509	0.32715	0.02590	0.14804	0.07240	0.02595	0.03591	0.02054	0.02696	0.01629	0.00973	0.01097	0.00330	0.01396	0.01015	0.00562	0.01553
63	0.01422	0.01048	0.01511	0.01609	0.01746	0.01137	0.01186	0.01722	0.01829	0.02552	0.04028	0.27318	0.04381	0.06086	0.35765	0.01192	0.01946	0.01881	0.00732	0.00910
64	0.01250	0.01071	0.01071	0.01071	0.01428	0.00893	0.00803	0.01517	0.02410	0.02856	0.10711	0.10175	0.55817	0.02678	0.01250	0.00357	0.00536	0.02231	0.00982	0.00893
65	0.02408	0.01255	0.01677	0.01527	0.01900	0.01129	0.01159	0.02805	0.02771	0.19492	0.28499	0.19606	0.07083	0.02184	0.01217	0.00354	0.00645	0.01922	0.01163	0.01202
66	0.02537	0.02203	0.03699	0.27618	0.32463	0.02371	0.02988	0.03178	0.02339	0.07379	0.02117	0.02775	0.01643	0.01017	0.01052	0.00330	0.01289	0.00951	0.00564	0.01485
67	0.30931	0.01897	0.02094	0.01685	0.02438	0.01881	0.01391	0.04336	0.02536	0.36116	0.03093	0.02847	0.02029	0.01178	0.00900	0.00327	0.00867	0.00867	0.01047	0.01538
68	0.43732	0.02493	0.10086	0.01755	0.02585	0.02179	0.01659	0.03656	0.02171	0.17625	0.02212	0.02266	0.01543	0.01067	0.00809	0.00328	0.00949	0.00727	0.00787	0.01371
69	0.02822	0.26774	0.03713	0.02038	0.02778	0.03303	0.01755	0.08486	0.29461	0.03833	0.03028	0.02932	0.02364	0.01209	0.00916	0.00302	0.00981	0.00924	0.00825	0.01557
70	0.14148	0.11171	0.02758	0.01764	0.02583	0.02061	0.01500	0.04291	0.02623	0.35426	0.03123	0.02884	0.02098	0.01145	0.00915	0.00295	0.00910	0.00870	0.01011	0.08424
71	0.35380	0.03095	0.18185	0.06788	0.03493	0.02435	0.05853	0.03348	0.05825	0.04058	0.01882	0.02198	0.01407	0.01021	0.00861	0.00336	0.01151	0.00756	0.00602	0.01327

[dist]
# distance from previous block
# <min> <max>
23	33

[block]
# block no. 4 follows, 13 sequences, length 64
# corresponding to MSA columns:
# 628-691
name=unknown_E
#
# <colnr> <probs for GDERKNQSTAVLIFYWHMCP>
#	G	D	E	R	K	N	Q	S	T	A	V	L	I	F	Y	W	H	M	C	P
0	0.38614	0.30900	0.03426	0.01587	0.02359	0.03223	0.01457	0.03135	0.01963	0.03684	0.01471	0.01707	0.01245	0.00945	0.00666	0.00280	0.00965	0.00569	0.00559	0.01245
1	0.01454	0.01089	0.01354	0.01316	0.01590	0.00989	0.01005	0.01896	0.02812	0.03829	0.41166	0.08747	0.20584	0.02342	0.01264	0.00350	0.00544	0.05592	0.01106	0.00971
2	0.13059	0.20242	0.03298	0.01985	0.02715	0.07103	0.01682	0.08457	0.19501	0.07979	0.02705	0.02666	0.02071	0.01165	0.00887	0.00303	0.01030	0.00852	0.00810	0.01491
3	0.06915	0.36210	0.16859	0.02049	0.03088	0.03232	0.02191	0.03315	0.02218	0.07104	0.01812	0.02011	0.01454	0.00953	0.00791	0.00260	0.01165	0.00660	0.00544	0.07168
4	0.08859	0.03076	0.19764	0.02248	0.03291	0.02049	0.02304	0.08526	0.02850	0.31743	0.03107	0.02933	0.02031	0.01184	0.01013	0.00329	0.01125	0.00927	0.00965	0.01675
5	0.02497	0.25808	0.03384	0.01866	0.02384	0.02647	0.01606	0.06455	0.02368	0.07237	0.03310	0.20037	0.03457	0.01891	0.01247	0.00341	0.06513	0.04959	0.00757	0.01236
6	0.01303	0.00945	0.01231	0.01430	0.01529	0.00873	0.00969	0.01520	0.02135	0.02841	0.10410	0.53637	0.10937	0.03167	0.01333	0.00416	0.00598	0.02855	0.00997	0.00873
7	0.02792	0.15879	0.03402	0.07768	0.07294	0.02241	0.06048	0.03156	0.02357	0.14583	0.06651	0.03833	0.02754	0.01660	0.01483	0.10450	0.01081	0.04542	0.00746	0.01280
8	0.02822	0.08769	0.22419	0.06727	0.03539	0.02172	0.02447	0.03609	0.06225	0.16329	0.02591	0.02839	0.01878	0.01499	0.01458	0.10455	0.01197	0.00895	0.00711	0.01418
9	0.08807	0.01735	0.02098	0.01757	0.02367	0.01707	0.01402	0.04270	0.13908	0.27828	0.17291	0.04630	0.04529	0.01529	0.01080	0.00335	0.00776	0.01271	0.01168	0.01512
10	0.04744	0.01799	0.02454	0.01881	0.02699	0.01554	0.01554	0.05153	0.03026	0.56979	0.04171	0.03599	0.02617	0.01309	0.01063	0.00327	0.00900	0.01063	0.01309	0.01799
11	0.03104	0.02903	0.15507	0.07560	0.20547	0.02210	0.02730	0.04010	0.07009	0.19564	0.02817	0.02953	0.01998	0.01117	0.01045	0.00329	0.01192	0.00964	0.00786	0.01653
12	0.03277	0.02193	0.03603	0.12085	0.17220	0.02176	0.10103	0.04078	0.06990	0.22790	0.02982	0.03151	0.02097	0.01125	0.01088	0.00335	0.01196	0.01055	0.00848	0.01607
13	0.02648	0.02074	0.02290	0.02100	0.02660	0.02332	0.01669	0.05058	0.42499	0.08204	0.04492	0.05142	0.03619	0.01653	0.01134	0.00376	0.00863	0.08534	0.01078	0.01576
14	0.02283	0.09118	0.40583	0.02824	0.04127	0.02528	0.06764	0.06864	0.02518	0.03614	0.06931	0.02785	0.02196	0.01116	0.01023	0.00327	0.01417	0.00916	0.00565	0.01502
15	0.70310	0.02045	0.01554	0.01390	0.02045	0.02372	0.01145	0.03108	0.01799	0.04744	0.01472	0.01718	0.01145	0.00981	0.00654	0.00327	0.00818	0.00573	0.00654	0.01145
16	0.01496	0.01007	0.01166	0.01207	0.01217	0.00997	0.00698	0.01527	0.01619	0.02159	0.03750	0.16189	0.04372	0.52851	0.04705	0.00925	0.00956	0.01784	0.00698	0.00677
17	0.04019	0.02962	0.03173	0.02433	0.03279	0.03279	0.02010	0.52721	0.04971	0.06663	0.02538	0.02538	0.01798	0.01269	0.01058	0.00317	0.01163	0.00952	0.01058	0.01798
18	0.65523	0.02027	0.01620	0.01426	0.02093	0.02312	0.01175	0.03257	0.01889	0.08558	0.01669	0.01855	0.01253	0.01005	0.00684	0.00327	0.00824	0.00608	0.00702	0.01193
19	0.01997	0.01879	0.03171	0.60301	0.07282	0.02349	0.02936	0.02701	0.02114	0.02701	0.01879	0.02819	0.01409	0.01057	0.01057	0.00352	0.01409	0.00940	0.00470	0.01175
20	0.02121	0.05469	0.57364	0.03014	0.04576	0.02455	0.03906	0.03348	0.02232	0.03348	0.01897	0.02232	0.01339	0.01005	0.01005	0.00335	0.01563	0.00781	0.00446	0.01563
21	0.01272	0.00983	0.01162	0.01305	0.01490	0.00873	0.00907	0.01491	0.02185	0.02764	0.07857	0.40547	0.27288	0.03049	0.01308	0.00399	0.00581	0.02684	0.00982	0.00873
22	0.04555	0.02102	0.02641	0.02025	0.02850	0.02004	0.01673	0.17559	0.03533	0.43856	0.03745	0.03322	0.02404	0.01298	0.01062	0.00325	0.00968	0.01034	0.01243	0.01799
23	0.02617	0.02512	0.04292	0.06490	0.56246	0.02512	0.03245	0.03245	0.02407	0.03454	0.01989	0.02617	0.01675	0.00942	0.01047	0.00314	0.01256	0.00942	0.00523	0.01675
24	0.01491	0.01009	0.01257	0.01396	0.01476	0.00983	0.00953	0.01677	0.01925	0.02624	0.04720	0.30269	0.05410	0.24651	0.02783	0.00641	0.00810	0.09474	0.05644	0.00807
25	0.01628	0.01164	0.01612	0.01828	0.02047	0.01148	0.01543	0.02073	0.02424	0.03190	0.09863	0.18629	0.06541	0.02912	0.01427	0.00466	0.00883	0.38672	0.00991	0.00960
26	0.04744	0.01799	0.02454	0.01881	0.02699	0.01554	0.01554	0.05153	0.03026	0.56979	0.04171	0.03599	0.02617	0.01309	0.01063	0.00327	0.00900	0.01063	0.01309	0.01799
27	0.04174	0.02713	0.03019	0.02315	0.03155	0.02909	0.01912	0.42532	0.04555	0.17441	0.02888	0.02766	0.01974	0.01278	0.01059	0.00319	0.01107	0.00976	0.01111	0.01798
28	0.01514	0.01092	0.01438	0.01382	0.01631	0.01016	0.01057	0.02012	0.02946	0.04149	0.51456	0.08238	0.09647	0.02226	0.01265	0.00346	0.00539	0.05902	0.01148	0.00996
29	0.02496	0.02852	0.06239	0.04456	0.05526	0.02674	0.52406	0.03387	0.02496	0.03387	0.02139	0.02852	0.01604	0.00891	0.01248	0.00357	0.01783	0.01248	0.00535	0.01426
30	0.14830	0.01945	0.02381	0.01856	0.02652	0.01841	0.01533	0.09259	0.03017	0.44212	0.03601	0.03209	0.02313	0.01254	0.00999	0.00326	0.00912	0.00977	0.01184	0.01698
31	0.03960	0.02211	0.06822	0.02078	0.02876	0.01882	0.01843	0.13017	0.03221	0.35887	0.03911	0.04527	0.02880	0.01515	0.01116	0.00349	0.01010	0.08087	0.01147	0.01659
32	0.02821	0.01374	0.01838	0.01555	0.02036	0.01225	0.01225	0.03283	0.03006	0.25748	0.34679	0.06145	0.06975	0.01814	0.01172	0.00330	0.00662	0.01566	0.01223	0.01325
33	0.01722	0.01432	0.02059	0.01938	0.02063	0.01799	0.01528	0.02032	0.01666	0.02447	0.02494	0.03887	0.02408	0.10572	0.40158	0.01325	0.17840	0.01110	0.00545	0.00976
34	0.70310	0.02045	0.01554	0.01390	0.02045	0.02372	0.01145	0.03108	0.01799	0.04744	0.01472	0.01718	0.01145	0.00981	0.00654	0.00327	0.00818	0.00573	0.00654	0.01145
35	0.04177	0.02709	0.03017	0.02313	0.03153	0.02904	0.01911	0.42389	0.04549	0.17592	0.02893	0.02769	0.01976	0.01278	0.01059	0.00319	0.01106	0.00976	0.01112	0.01798
36	0.07944	0.08294	0.03515	0.07889	0.10808	0.07261	0.05871	0.10985	0.07107	0.03770	0.02064	0.02471	0.01656	0.01175	0.01334	0.00326	0.10002	0.00880	0.00653	0.05997
37	0.02985	0.32305	0.13233	0.02511	0.03484	0.11489	0.09250	0.03539	0.02405	0.07083	0.01870	0.02125	0.01489	0.00978	0.00881	0.00276	0.01386	0.00752	0.00544	0.01415
38	0.21317	0.01910	0.02176	0.01727	0.02504	0.01825	0.01412	0.04289	0.06330	0.31678	0.03141	0.02927	0.02124	0.01156	0.00916	0.00304	0.00857	0.00881	0.01021	0.11506
39	0.02846	0.02413	0.14507	0.01965	0.02734	0.01645	0.01900	0.03671	0.06785	0.22264	0.21772	0.04827	0.04961	0.01549	0.01116	0.00333	0.00904	0.01308	0.01045	0.01454
40	0.01724	0.01013	0.01300	0.01429	0.01591	0.00945	0.00994	0.01981	0.02150	0.07955	0.05274	0.46938	0.05867	0.02777	0.01220	0.00389	0.00620	0.02486	0.12379	0.00968
41	0.02838	0.06297	0.02685	0.02193	0.02823	0.06912	0.01733	0.08693	0.43833	0.04326	0.03807	0.03556	0.02873	0.01365	0.01041	0.00341	0.00957	0.01101	0.00997	0.01630
42	0.02796	0.02058	0.02724	0.07078	0.11956	0.01918	0.01848	0.10370	0.02732	0.11150	0.02622	0.07307	0.02181	0.01175	0.00972	0.00267	0.00969	0.01000	0.00782	0.28097
43	0.03005	0.08512	0.28886	0.02612	0.03816	0.02275	0.07046	0.03839	0.02485	0.19469	0.02569	0.02653	0.01763	0.01065	0.01004	0.00315	0.01299	0.00880	0.00726	0.05781
44	0.01736	0.01381	0.01625	0.01688	0.02030	0.01400	0.01367	0.02682	0.13777	0.03311	0.06891	0.13509	0.20693	0.02551	0.01303	0.00415	0.00782	0.20766	0.00999	0.01094
45	0.01517	0.00967	0.01226	0.01310	0.01331	0.00946	0.00816	0.01481	0.01669	0.02225	0.03860	0.24908	0.04485	0.29924	0.03743	0.15433	0.00862	0.01904	0.00718	0.00676
46	0.02449	0.07798	0.12112	0.32363	0.05683	0.11926	0.07116	0.03152	0.02316	0.02827	0.01832	0.02491	0.01403	0.01028	0.01019	0.00327	0.01527	0.00869	0.00483	0.01280
47	0.07941	0.02528	0.11858	0.19121	0.08718	0.02199	0.02431	0.03629	0.10628	0.11378	0.02880	0.07302	0.02283	0.01297	0.01041	0.00347	0.01149	0.01096	0.00745	0.01429
48	0.01504	0.01083	0.01438	0.01453	0.01677	0.01016	0.01115	0.01959	0.02770	0.03854	0.40611	0.15759	0.08923	0.02442	0.01297	0.00371	0.00594	0.10051	0.01108	0.00975
49	0.01717	0.01333	0.01601	0.01596	0.01868	0.01373	0.01168	0.02752	0.16035	0.03732	0.24320	0.26416	0.07141	0.02387	0.01239	0.00374	0.00628	0.02119	0.01075	0.01124
50	0.02921	0.11618	0.16149	0.03206	0.07871	0.02708	0.15685	0.07681	0.06889	0.11257	0.02481	0.02709	0.01810	0.01056	0.01045	0.00323	0.01352	0.00974	0.00699	0.01568
51	0.02194	0.01697	0.02272	0.14428	0.03330	0.01951	0.01815	0.03235	0.14845	0.06934	0.03649	0.09490	0.03370	0.07940	0.06091	0.00551	0.05895	0.08281	0.00813	0.01218
52	0.02617	0.02512	0.04292	0.06490	0.56246	0.02512	0.03245	0.03245	0.02407	0.03454	0.01989	0.02617	0.01675	0.00942	0.01047	0.00314	0.01256	0.00942	0.00523	0.01675
53	0.01373	0.01018	0.01281	0.01338	0.01535	0.00926	0.00957	0.01711	0.02520	0.03406	0.28665	0.28942	0.17054	0.02692	0.01286	0.00374	0.00549	0.02385	0.01062	0.00926
54	0.11807	0.01979	0.02983	0.12183	0.11583	0.02097	0.06675	0.03351	0.02272	0.16484	0.02576	0.03205	0.02000	0.06202	0.05709	0.00493	0.05291	0.01008	0.00735	0.01367
55	0.02121	0.05469	0.57364	0.03014	0.04576	0.02455	0.03906	0.03348	0.02232	0.03348	0.01897	0.02232	0.01339	0.01005	0.01005	0.00335	0.01563	0.00781	0.00446	0.01563
56	0.02447	0.02536	0.03219	0.02772	0.02816	0.07760	0.02291	0.02682	0.01732	0.02548	0.01408	0.02280	0.01386	0.01788	0.03264	0.00447	0.56088	0.00905	0.00469	0.01162
57	0.13365	0.02431	0.07608	0.02912	0.12004	0.02123	0.05775	0.07886	0.02788	0.28153	0.02950	0.02912	0.02002	0.01141	0.01010	0.00327	0.01089	0.00954	0.00934	0.01637
58	0.08069	0.03243	0.15010	0.03264	0.11398	0.07598	0.09772	0.04065	0.11204	0.11964	0.02649	0.02811	0.01931	0.01105	0.01036	0.00331	0.01300	0.00962	0.00736	0.01552
59	0.02158	0.02044	0.03463	0.46266	0.20053	0.02392	0.03017	0.02843	0.02191	0.02898	0.01908	0.02766	0.01479	0.01027	0.01054	0.00342	0.01369	0.00940	0.00484	0.01305
60	0.07958	0.01906	0.02795	0.18957	0.15812	0.02044	0.02205	0.03344	0.07150	0.12303	0.03108	0.12325	0.02705	0.01460	0.01072	0.00350	0.01063	0.01283	0.00775	0.01386
61	0.08684	0.02069	0.02964	0.02888	0.12182	0.02014	0.06105	0.07428	0.06620	0.27169	0.03455	0.08220	0.02622	0.01364	0.01070	0.00338	0.01019	0.01190	0.00994	0.01606
62	0.12535	0.01237	0.01374	0.01295	0.01473	0.01265	0.00850	0.02090	0.01690	0.07539	0.02871	0.05183	0.02975	0.37611	0.04038	0.12301	0.00963	0.01240	0.00674	0.00796
63	0.07589	0.01803	0.06605	0.10131	0.06721	0.01587	0.01668	0.02492	0.02187	0.07664	0.08083	0.05782	0.11055	0.16810	0.02159	0.00518	0.00998	0.04290	0.00761	0.01096

[dist]
# distance from previous block
# <min> <max>
0	21

# created by:
# /st0/software/busco_prod/Augustus/scripts/msa2prfl.pl ./align_prep/3380.fa
