[name]
unknown

[dist]
# distance from previous block
# <min> <max>
0	160

[block]
# block no. 0 follows, 11 sequences, length 9
# corresponding to MSA columns:
# 318-326
name=unknown_A
#
# <colnr> <probs for GDERKNQSTAVLIFYWHMCP>
#	G	D	E	R	K	N	Q	S	T	A	V	L	I	F	Y	W	H	M	C	P
0	0.01421	0.01017	0.01350	0.01534	0.01643	0.00947	0.01049	0.01691	0.02384	0.03237	0.16557	0.48318	0.08149	0.03254	0.01412	0.00434	0.00626	0.02941	0.01088	0.00947
1	0.02334	0.02001	0.02334	0.01667	0.02667	0.01500	0.01334	0.02834	0.02334	0.03668	0.02001	0.02334	0.01667	0.00834	0.00834	0.00167	0.00834	0.00667	0.00667	0.67325
2	0.03616	0.08206	0.08034	0.15097	0.09182	0.10470	0.02486	0.04194	0.02776	0.20899	0.02787	0.02959	0.01958	0.01192	0.01069	0.00335	0.01363	0.00954	0.00826	0.01598
3	0.03009	0.61122	0.05898	0.01926	0.02889	0.04454	0.01926	0.03370	0.02287	0.02648	0.01565	0.01805	0.01444	0.00963	0.00722	0.00241	0.01204	0.00602	0.00481	0.01444
4	0.01658	0.01160	0.01512	0.01688	0.01821	0.01145	0.01278	0.01938	0.02187	0.02876	0.05236	0.21418	0.05924	0.21673	0.02873	0.00689	0.00969	0.22134	0.00924	0.00895
5	0.02951	0.01381	0.01867	0.01754	0.02165	0.01232	0.01307	0.03250	0.02613	0.24915	0.05446	0.35715	0.05444	0.02610	0.01306	0.00410	0.00784	0.02312	0.01194	0.01344
6	0.03210	0.22523	0.25760	0.02490	0.03727	0.02958	0.02805	0.03992	0.02563	0.16187	0.02492	0.02565	0.01779	0.01118	0.00974	0.00317	0.01336	0.00835	0.00711	0.01658
7	0.03409	0.01564	0.02017	0.01667	0.02290	0.01356	0.01333	0.03827	0.03051	0.31189	0.16185	0.06520	0.16896	0.01944	0.01222	0.00357	0.00773	0.01628	0.01275	0.01499
8	0.04597	0.15062	0.03342	0.01985	0.02877	0.02276	0.01715	0.05016	0.03014	0.42755	0.03802	0.03381	0.02488	0.01298	0.01041	0.00324	0.01012	0.01014	0.01191	0.01811

[dist]
# distance from previous block
# <min> <max>
0	1

[block]
# block no. 1 follows, 11 sequences, length 14
# corresponding to MSA columns:
# 329-342
name=unknown_B
#
# <colnr> <probs for GDERKNQSTAVLIFYWHMCP>
#	G	D	E	R	K	N	Q	S	T	A	V	L	I	F	Y	W	H	M	C	P
0	0.16566	0.02710	0.08267	0.03299	0.13384	0.02398	0.06498	0.08329	0.02888	0.20624	0.02820	0.02911	0.01967	0.01171	0.01053	0.00348	0.01195	0.00981	0.00901	0.01691
1	0.33875	0.03139	0.18572	0.02059	0.02951	0.02308	0.02147	0.03105	0.02030	0.04058	0.02038	0.02723	0.01691	0.06063	0.08484	0.00595	0.01423	0.00829	0.00612	0.01296
2	0.60130	0.02207	0.01766	0.01582	0.02271	0.02560	0.01290	0.03645	0.08149	0.05007	0.01947	0.02127	0.01498	0.01106	0.00753	0.00352	0.00873	0.00693	0.00753	0.01290
3	0.01449	0.01060	0.01374	0.01559	0.01713	0.00985	0.01120	0.01738	0.02388	0.03158	0.12559	0.41372	0.13396	0.03239	0.01425	0.00442	0.00676	0.08327	0.01068	0.00952
4	0.02126	0.02001	0.03376	0.57739	0.07752	0.02501	0.03126	0.02876	0.02251	0.02876	0.02001	0.03001	0.01500	0.01125	0.01125	0.00375	0.01500	0.01000	0.00500	0.01250
5	0.02729	0.01981	0.02456	0.10214	0.03322	0.02062	0.01759	0.12541	0.09248	0.08939	0.09727	0.14318	0.04195	0.01801	0.01175	0.00353	0.00961	0.01545	0.01002	0.09673
6	0.03824	0.03034	0.09416	0.02425	0.03338	0.02777	0.02178	0.30723	0.04325	0.14163	0.09074	0.03551	0.03069	0.01440	0.01145	0.00344	0.01158	0.01136	0.01103	0.01778
7	0.02678	0.01670	0.01992	0.01760	0.02255	0.01697	0.01369	0.03982	0.17525	0.14311	0.24483	0.05872	0.06238	0.01802	0.01186	0.00353	0.00722	0.01541	0.07120	0.01444
8	0.01481	0.01058	0.01432	0.01693	0.01806	0.01009	0.01235	0.01757	0.02263	0.02996	0.06143	0.48056	0.07205	0.03423	0.01466	0.00472	0.00748	0.13771	0.01043	0.00944
9	0.03155	0.20505	0.04407	0.03385	0.12617	0.18150	0.06784	0.03821	0.06152	0.03240	0.05675	0.02811	0.02332	0.01160	0.01009	0.00303	0.01458	0.00931	0.00633	0.01471
10	0.08715	0.09201	0.02853	0.02017	0.02678	0.02250	0.01667	0.04342	0.07127	0.28149	0.03816	0.10371	0.03021	0.01650	0.01335	0.00366	0.06481	0.01286	0.01074	0.01600
11	0.01621	0.01154	0.01548	0.01548	0.01659	0.01265	0.01082	0.01843	0.01732	0.02420	0.03253	0.05741	0.03387	0.31752	0.33457	0.01487	0.02152	0.01399	0.00638	0.00860
12	0.02093	0.01205	0.01538	0.01501	0.01806	0.01095	0.01106	0.02470	0.02707	0.11749	0.20782	0.24913	0.11670	0.02533	0.01284	0.00382	0.00644	0.02228	0.07157	0.01137
13	0.03482	0.02816	0.09824	0.14441	0.15196	0.02507	0.02742	0.12518	0.03165	0.17889	0.02823	0.03046	0.01979	0.01207	0.01118	0.00350	0.01289	0.01018	0.00869	0.01722

[dist]
# distance from previous block
# <min> <max>
4	8

[block]
# block no. 2 follows, 11 sequences, length 50
# corresponding to MSA columns:
# 351-393,397-403
name=unknown_C
#
# <colnr> <probs for GDERKNQSTAVLIFYWHMCP>
#	G	D	E	R	K	N	Q	S	T	A	V	L	I	F	Y	W	H	M	C	P
0	0.11529	0.01680	0.01924	0.01691	0.02137	0.01680	0.01265	0.09162	0.02598	0.09943	0.06380	0.12979	0.03633	0.09885	0.02217	0.10761	0.00919	0.01435	0.00895	0.07288
1	0.01467	0.01071	0.01312	0.01415	0.01542	0.01031	0.00949	0.01650	0.02049	0.02681	0.06109	0.28464	0.15055	0.20011	0.09256	0.00785	0.01047	0.02352	0.00889	0.00867
2	0.02353	0.02033	0.02075	0.01997	0.02388	0.06395	0.01483	0.07143	0.19749	0.03983	0.09315	0.26331	0.05409	0.02348	0.01265	0.00398	0.00885	0.02042	0.01065	0.01341
3	0.36276	0.02235	0.02308	0.06219	0.03001	0.02425	0.01625	0.10708	0.02799	0.18719	0.02560	0.02601	0.01775	0.01192	0.00914	0.00349	0.00998	0.00844	0.00936	0.01516
4	0.01769	0.01035	0.01400	0.01456	0.01485	0.01026	0.00963	0.01596	0.01697	0.02257	0.03318	0.13160	0.03691	0.20361	0.04159	0.33479	0.00970	0.04866	0.00665	0.00646
5	0.01389	0.00993	0.01321	0.01555	0.01636	0.00926	0.01046	0.01610	0.02235	0.03001	0.09829	0.55721	0.07691	0.03431	0.01428	0.00449	0.00644	0.03109	0.01060	0.00926
6	0.02203	0.01369	0.01657	0.01553	0.01850	0.01350	0.01168	0.06346	0.02768	0.07839	0.18704	0.07312	0.05932	0.17066	0.02382	0.00552	0.00838	0.07774	0.10238	0.01098
7	0.03435	0.02640	0.03329	0.23899	0.12296	0.09869	0.02585	0.07544	0.02917	0.16499	0.02663	0.03023	0.01898	0.01199	0.01110	0.00347	0.01390	0.00997	0.00798	0.01560
8	0.03170	0.02379	0.02846	0.02864	0.09732	0.02587	0.01984	0.11649	0.28002	0.10784	0.04089	0.08393	0.03245	0.01581	0.01161	0.00371	0.00991	0.01342	0.01084	0.01745
9	0.01558	0.01150	0.01465	0.01543	0.01753	0.01114	0.01162	0.01893	0.02378	0.03150	0.14232	0.17058	0.15808	0.11738	0.09408	0.00708	0.01074	0.10892	0.00965	0.00950
10	0.02334	0.02001	0.02334	0.01667	0.02667	0.01500	0.01334	0.02834	0.02334	0.03668	0.02001	0.02334	0.01667	0.00834	0.00834	0.00167	0.00834	0.00667	0.00667	0.67325
11	0.04044	0.01697	0.02323	0.01892	0.02548	0.01553	0.01515	0.04432	0.02792	0.39046	0.04072	0.04277	0.02913	0.08281	0.12544	0.00710	0.01382	0.01194	0.01169	0.01619
12	0.01569	0.01095	0.01262	0.01274	0.01362	0.01054	0.00788	0.01694	0.02007	0.02666	0.11421	0.12782	0.11229	0.40291	0.04200	0.00846	0.00911	0.01925	0.00835	0.00788
13	0.02126	0.02001	0.03376	0.57739	0.07752	0.02501	0.03126	0.02876	0.02251	0.02876	0.02001	0.03001	0.01500	0.01125	0.01125	0.00375	0.01500	0.01000	0.00500	0.01250
14	0.03195	0.52436	0.05476	0.02078	0.02981	0.12472	0.01965	0.03545	0.02428	0.02665	0.01592	0.01840	0.01445	0.00994	0.00768	0.00248	0.01332	0.00621	0.00497	0.01423
15	0.02126	0.02001	0.03376	0.57739	0.07752	0.02501	0.03126	0.02876	0.02251	0.02876	0.02001	0.03001	0.01500	0.01125	0.01125	0.00375	0.01500	0.01000	0.00500	0.01250
16	0.02367	0.01311	0.01664	0.01625	0.02016	0.01168	0.01254	0.02695	0.02610	0.16183	0.07239	0.24443	0.19451	0.02722	0.01344	0.00415	0.00761	0.08400	0.01133	0.01199
17	0.01359	0.01029	0.01255	0.01435	0.01598	0.00925	0.00986	0.01582	0.02282	0.02925	0.07815	0.44560	0.21554	0.03317	0.01404	0.00433	0.00627	0.02944	0.01045	0.00925
18	0.05050	0.01915	0.02612	0.02003	0.02873	0.01654	0.01654	0.05485	0.03221	0.54203	0.04440	0.03831	0.02786	0.01393	0.01132	0.00348	0.00958	0.01132	0.01393	0.01915
19	0.03009	0.61122	0.05898	0.01926	0.02889	0.04454	0.01926	0.03370	0.02287	0.02648	0.01565	0.01805	0.01444	0.00963	0.00722	0.00241	0.01204	0.00602	0.00481	0.01444
20	0.02287	0.02001	0.02570	0.14349	0.03817	0.01727	0.01739	0.02843	0.02315	0.03488	0.02001	0.02485	0.01629	0.00900	0.00900	0.00214	0.00984	0.00742	0.00629	0.52381
21	0.01861	0.01431	0.02020	0.14293	0.03245	0.01566	0.01710	0.02501	0.08136	0.03049	0.04453	0.25398	0.04734	0.02733	0.01751	0.09483	0.00975	0.08747	0.00859	0.01056
22	0.01637	0.01091	0.01228	0.01228	0.01228	0.01091	0.00682	0.01637	0.01637	0.02182	0.03546	0.07365	0.04092	0.60445	0.05729	0.01091	0.01091	0.01637	0.00682	0.00682
23	0.01948	0.01136	0.01471	0.01550	0.01713	0.01059	0.01046	0.02132	0.02184	0.09902	0.05342	0.39783	0.06017	0.16386	0.02386	0.00588	0.00797	0.02549	0.01010	0.01001
24	0.01633	0.01107	0.01306	0.01306	0.01333	0.01134	0.00780	0.01687	0.01660	0.02241	0.03474	0.06967	0.03919	0.53403	0.12533	0.01188	0.01352	0.01578	0.00671	0.00726
25	0.02786	0.02674	0.04568	0.06908	0.53424	0.02674	0.03454	0.03454	0.02563	0.03677	0.02117	0.02786	0.01783	0.01003	0.01114	0.00334	0.01337	0.01003	0.00557	0.01783
26	0.01459	0.01081	0.01361	0.01427	0.01634	0.00984	0.01019	0.01813	0.02667	0.03602	0.27005	0.29204	0.16834	0.02884	0.01371	0.00400	0.00586	0.02558	0.01128	0.00984
27	0.29803	0.01627	0.01633	0.01499	0.01911	0.01731	0.01108	0.02820	0.01983	0.10436	0.02822	0.08133	0.02673	0.15006	0.02486	0.10385	0.00930	0.01168	0.00784	0.01061
28	0.03292	0.01644	0.02134	0.01764	0.02341	0.01518	0.01405	0.07541	0.03378	0.25920	0.27994	0.05978	0.06550	0.01834	0.01227	0.00350	0.00772	0.01564	0.01295	0.01497
29	0.02257	0.05822	0.54613	0.03208	0.04871	0.02614	0.04158	0.03564	0.02376	0.03564	0.02020	0.02376	0.01426	0.01069	0.01069	0.00356	0.01663	0.00832	0.00475	0.01663
30	0.01741	0.01312	0.01632	0.01552	0.01851	0.01292	0.01161	0.02613	0.09841	0.04389	0.41749	0.12575	0.09319	0.02306	0.01312	0.00367	0.00593	0.02037	0.01208	0.01149
31	0.11786	0.01527	0.01812	0.01668	0.02112	0.01503	0.01273	0.03228	0.06548	0.15670	0.18681	0.19281	0.06110	0.02169	0.01208	0.00381	0.00737	0.01866	0.01141	0.01300
32	0.19086	0.01515	0.01478	0.01348	0.01878	0.01453	0.01061	0.02592	0.02490	0.10722	0.07900	0.07538	0.32641	0.02182	0.01140	0.00367	0.00702	0.01747	0.01004	0.01154
33	0.03009	0.61122	0.05898	0.01926	0.02889	0.04454	0.01926	0.03370	0.02287	0.02648	0.01565	0.01805	0.01444	0.00963	0.00722	0.00241	0.01204	0.00602	0.00481	0.01444
34	0.03456	0.02345	0.02654	0.02157	0.02847	0.02497	0.01736	0.24162	0.11954	0.12641	0.16133	0.04570	0.04521	0.01630	0.01182	0.00351	0.00961	0.01335	0.01196	0.01674
35	0.40967	0.01972	0.01928	0.01632	0.02329	0.02082	0.01333	0.03828	0.02468	0.19965	0.08675	0.03239	0.02840	0.01304	0.00906	0.00349	0.00856	0.00942	0.00975	0.01412
36	0.01804	0.01044	0.01128	0.01195	0.01423	0.01001	0.00863	0.02210	0.02336	0.03694	0.05405	0.19392	0.11071	0.02096	0.01030	0.00329	0.00564	0.01787	0.40628	0.01001
37	0.04629	0.02595	0.02780	0.02226	0.03038	0.09585	0.01798	0.10765	0.07935	0.36680	0.03864	0.03476	0.02553	0.01368	0.01116	0.00342	0.01136	0.01073	0.01224	0.01817
38	0.02458	0.02091	0.02233	0.02032	0.02587	0.02339	0.01571	0.04928	0.38927	0.04479	0.11943	0.05575	0.10431	0.01793	0.01192	0.00378	0.00803	0.01510	0.01146	0.01583
39	0.02457	0.01346	0.01755	0.01541	0.01973	0.01204	0.01195	0.02941	0.03138	0.17146	0.36553	0.07456	0.12534	0.02119	0.01277	0.00355	0.00644	0.01835	0.01261	0.01271
40	0.13080	0.02014	0.02464	0.02013	0.02778	0.01945	0.01677	0.10121	0.03208	0.34700	0.04053	0.04664	0.02985	0.01581	0.01131	0.00371	0.00991	0.07309	0.01216	0.01698
41	0.02257	0.05822	0.54613	0.03208	0.04871	0.02614	0.04158	0.03564	0.02376	0.03564	0.02020	0.02376	0.01426	0.01069	0.01069	0.00356	0.01663	0.00832	0.00475	0.01663
42	0.02008	0.01240	0.01588	0.01468	0.01817	0.01115	0.01112	0.02466	0.03026	0.10912	0.36960	0.11996	0.15251	0.02347	0.01310	0.00365	0.00603	0.02049	0.01218	0.01151
43	0.02391	0.02202	0.03329	0.36371	0.12908	0.02602	0.02826	0.03755	0.14922	0.03459	0.02680	0.03279	0.02037	0.01211	0.01129	0.00371	0.01321	0.01071	0.00674	0.01461
44	0.10947	0.02729	0.04343	0.05361	0.33774	0.02791	0.09430	0.09715	0.02867	0.04297	0.02152	0.02693	0.01722	0.01048	0.01095	0.00343	0.01346	0.01002	0.00653	0.01695
45	0.02126	0.02001	0.03376	0.57739	0.07752	0.02501	0.03126	0.02876	0.02251	0.02876	0.02001	0.03001	0.01500	0.01125	0.01125	0.00375	0.01500	0.01000	0.00500	0.01250
46	0.42618	0.02971	0.02290	0.09724	0.03292	0.16245	0.01732	0.03553	0.02290	0.04156	0.01672	0.02044	0.01318	0.01086	0.00838	0.00337	0.01257	0.00694	0.00639	0.01245
47	0.02914	0.37773	0.15965	0.02887	0.09552	0.07844	0.02611	0.03510	0.02410	0.02979	0.01744	0.02065	0.01482	0.01006	0.00867	0.00281	0.01383	0.00710	0.00497	0.01522
48	0.03049	0.24898	0.12087	0.02525	0.03432	0.03318	0.05957	0.03989	0.09264	0.10137	0.02490	0.02677	0.01927	0.01238	0.01298	0.00334	0.08202	0.00905	0.00705	0.01568
49	0.01994	0.01370	0.01519	0.01412	0.01534	0.01416	0.00879	0.08141	0.02132	0.02847	0.03432	0.06734	0.03797	0.52443	0.05105	0.00989	0.01111	0.01552	0.00742	0.00849

[dist]
# distance from previous block
# <min> <max>
1	20

[block]
# block no. 3 follows, 11 sequences, length 34
# corresponding to MSA columns:
# 448-455,490-515
name=unknown_D
#
# <colnr> <probs for GDERKNQSTAVLIFYWHMCP>
#	G	D	E	R	K	N	Q	S	T	A	V	L	I	F	Y	W	H	M	C	P
0	0.18710	0.21228	0.03438	0.01959	0.02698	0.09872	0.01680	0.09077	0.02859	0.06849	0.09125	0.02992	0.02818	0.01267	0.00911	0.00306	0.01127	0.00901	0.00780	0.01402
1	0.02164	0.05162	0.47110	0.02955	0.04421	0.02395	0.03721	0.03361	0.02491	0.03698	0.09198	0.03228	0.02725	0.01243	0.01106	0.00356	0.01503	0.01002	0.00583	0.01578
2	0.02486	0.01812	0.01702	0.01574	0.01780	0.08918	0.01031	0.02589	0.02082	0.09674	0.03418	0.06108	0.03533	0.43657	0.04408	0.00872	0.01205	0.01436	0.00769	0.00946
3	0.02709	0.09504	0.43537	0.02940	0.04437	0.02619	0.03634	0.03821	0.02489	0.10648	0.02327	0.02538	0.01619	0.01107	0.01052	0.00346	0.01529	0.00857	0.00605	0.01682
4	0.01609	0.01098	0.01317	0.01341	0.01375	0.01120	0.00818	0.01684	0.01707	0.02305	0.03707	0.11605	0.04208	0.47970	0.12507	0.01137	0.01326	0.01714	0.00703	0.00749
5	0.01621	0.01153	0.01543	0.01543	0.01651	0.01262	0.01075	0.01839	0.01730	0.02416	0.03258	0.05771	0.03399	0.32269	0.32957	0.01480	0.02133	0.01403	0.00639	0.00857
6	0.02051	0.01159	0.01523	0.01595	0.01791	0.01069	0.01099	0.02261	0.02267	0.11730	0.05517	0.42504	0.06154	0.11263	0.01995	0.00528	0.00769	0.02616	0.01054	0.01056
7	0.03898	0.02786	0.02972	0.02321	0.03110	0.03064	0.01903	0.41462	0.04780	0.06588	0.02871	0.02963	0.02083	0.01344	0.01067	0.00325	0.01114	0.01020	0.12565	0.01763
8	0.03009	0.61122	0.05898	0.01926	0.02889	0.04454	0.01926	0.03370	0.02287	0.02648	0.01565	0.01805	0.01444	0.00963	0.00722	0.00241	0.01204	0.00602	0.00481	0.01444
9	0.01658	0.01387	0.02293	0.02079	0.02388	0.01293	0.09475	0.02081	0.02535	0.03466	0.18748	0.35266	0.07344	0.02729	0.01387	0.00414	0.00836	0.02543	0.01017	0.01061
10	0.01973	0.01211	0.01510	0.01508	0.01804	0.01094	0.01112	0.02280	0.02542	0.10435	0.13589	0.24046	0.18286	0.07914	0.01742	0.00469	0.00726	0.05594	0.01089	0.01075
11	0.02933	0.01892	0.02254	0.01870	0.02422	0.01913	0.01487	0.17615	0.03856	0.12407	0.30109	0.05954	0.06755	0.01872	0.01236	0.00348	0.00815	0.01584	0.01225	0.01453
12	0.38940	0.02303	0.02192	0.01843	0.02591	0.02549	0.01505	0.10619	0.09669	0.13865	0.02658	0.02639	0.01906	0.01218	0.00897	0.00352	0.00941	0.00852	0.00943	0.01519
13	0.01536	0.01053	0.01329	0.01425	0.01551	0.00997	0.00967	0.01818	0.02373	0.03319	0.18776	0.31771	0.07411	0.12939	0.02105	0.00524	0.00685	0.02432	0.06063	0.00926
14	0.02274	0.01261	0.01594	0.01439	0.01773	0.01168	0.01072	0.02713	0.02856	0.12808	0.30422	0.06862	0.07229	0.10215	0.01838	0.00444	0.00684	0.01681	0.10512	0.01155
15	0.01410	0.01009	0.01341	0.01541	0.01641	0.00940	0.01048	0.01664	0.02335	0.03159	0.14338	0.50759	0.07998	0.03312	0.01418	0.00439	0.00632	0.02997	0.01079	0.00940
16	0.03557	0.35574	0.04657	0.02372	0.03159	0.28038	0.02040	0.03885	0.02701	0.02697	0.01645	0.01908	0.01447	0.01053	0.00856	0.00263	0.01582	0.00658	0.00527	0.01380
17	0.20734	0.01662	0.01696	0.01562	0.02025	0.01770	0.01214	0.03088	0.11180	0.04569	0.26180	0.06022	0.10468	0.01858	0.01117	0.00360	0.00694	0.01528	0.01051	0.01222
18	0.03485	0.01569	0.02111	0.01737	0.02334	0.01386	0.01386	0.03963	0.03205	0.31704	0.26351	0.05903	0.06333	0.01804	0.01220	0.00351	0.00765	0.01541	0.01323	0.01529
19	0.01427	0.01056	0.01333	0.01450	0.01627	0.00962	0.01017	0.01734	0.02519	0.03368	0.20340	0.36626	0.16287	0.03061	0.01387	0.00414	0.00604	0.02726	0.01100	0.00962
20	0.01491	0.01072	0.01414	0.01485	0.01659	0.00994	0.01054	0.01869	0.02714	0.03762	0.31465	0.31914	0.09165	0.02862	0.01377	0.00401	0.00587	0.02569	0.01150	0.00994
21	0.08087	0.02582	0.02685	0.02304	0.03010	0.02950	0.01828	0.16608	0.36253	0.05325	0.03889	0.03650	0.02892	0.01447	0.01107	0.00368	0.00975	0.01159	0.01107	0.01772
22	0.01490	0.01097	0.01421	0.01636	0.01811	0.01029	0.01230	0.01793	0.02350	0.03043	0.07041	0.37843	0.15112	0.03290	0.01452	0.00461	0.00747	0.15157	0.01042	0.00955
23	0.01605	0.01081	0.01375	0.01572	0.01742	0.01035	0.01177	0.01944	0.02327	0.03238	0.06063	0.34969	0.09579	0.02989	0.01345	0.00433	0.00720	0.13337	0.12496	0.00971
24	0.04696	0.02482	0.02963	0.02272	0.03156	0.02496	0.01876	0.25731	0.04170	0.32617	0.03644	0.03314	0.02387	0.01374	0.01129	0.00343	0.01086	0.01078	0.01271	0.01915
25	0.02334	0.02001	0.02334	0.01667	0.02667	0.01500	0.01334	0.02834	0.02334	0.03668	0.02001	0.02334	0.01667	0.00834	0.00834	0.00167	0.00834	0.00667	0.00667	0.67325
26	0.03595	0.01643	0.02189	0.01765	0.02425	0.01428	0.01416	0.04070	0.03144	0.32456	0.21861	0.05386	0.05554	0.01683	0.01181	0.00337	0.00793	0.01427	0.01284	0.06363
27	0.03132	0.01508	0.01970	0.01692	0.02251	0.01331	0.01361	0.03576	0.03041	0.26654	0.19520	0.07140	0.14092	0.02058	0.01260	0.00371	0.00776	0.05585	0.01257	0.01427
28	0.01937	0.01556	0.01889	0.05577	0.02442	0.01636	0.01394	0.03192	0.16676	0.04225	0.29089	0.10862	0.10788	0.02131	0.01270	0.00373	0.00713	0.01859	0.01132	0.01260
29	0.01557	0.01202	0.01624	0.01931	0.05585	0.01101	0.01232	0.01841	0.02304	0.03121	0.09394	0.43970	0.10333	0.03009	0.01354	0.00414	0.00702	0.02711	0.00996	0.05617
30	0.68395	0.02177	0.01654	0.01480	0.02177	0.02525	0.01219	0.03309	0.01915	0.05050	0.01567	0.01828	0.01219	0.01045	0.00697	0.00348	0.00871	0.00609	0.00697	0.01219
31	0.13444	0.02961	0.03500	0.16013	0.22197	0.11976	0.02688	0.07600	0.02744	0.03864	0.01991	0.02541	0.01585	0.01095	0.01034	0.00338	0.01411	0.00892	0.00621	0.01506
32	0.03099	0.02370	0.02927	0.02909	0.10152	0.02602	0.02027	0.14110	0.18660	0.09293	0.11234	0.04175	0.03803	0.01558	0.01359	0.00367	0.05381	0.01264	0.01043	0.01666
33	0.03150	0.02432	0.02890	0.06328	0.03354	0.02650	0.01952	0.14849	0.14991	0.09031	0.02938	0.03076	0.02217	0.01358	0.01434	0.00337	0.09202	0.01007	0.00919	0.15884

[dist]
# distance from previous block
# <min> <max>
7	25

[block]
# block no. 4 follows, 11 sequences, length 15
# corresponding to MSA columns:
# 541-555
name=unknown_E
#
# <colnr> <probs for GDERKNQSTAVLIFYWHMCP>
#	G	D	E	R	K	N	Q	S	T	A	V	L	I	F	Y	W	H	M	C	P
0	0.03223	0.02428	0.04103	0.12719	0.31028	0.02420	0.06738	0.03870	0.02684	0.15620	0.02668	0.03086	0.01976	0.01109	0.01138	0.00347	0.01315	0.01060	0.00750	0.01718
1	0.02705	0.02680	0.04836	0.10951	0.40914	0.02690	0.11656	0.03431	0.02552	0.03594	0.02136	0.02849	0.01745	0.01004	0.01154	0.00346	0.01452	0.01061	0.00554	0.01689
2	0.01796	0.01328	0.01856	0.05370	0.02340	0.01329	0.01358	0.02073	0.02036	0.02902	0.07109	0.11699	0.03653	0.04661	0.21921	0.11986	0.01657	0.01399	0.00701	0.12824
3	0.01674	0.01329	0.01612	0.01539	0.01948	0.01107	0.01111	0.01980	0.02270	0.03151	0.05589	0.34442	0.12004	0.02568	0.01228	0.00353	0.00699	0.02272	0.00924	0.22198
4	0.34108	0.02049	0.02274	0.09620	0.03237	0.02179	0.01659	0.04105	0.02477	0.24096	0.02760	0.02782	0.01876	0.01193	0.00928	0.00352	0.00994	0.00870	0.00943	0.01498
5	0.08755	0.02852	0.03652	0.11711	0.20015	0.10114	0.06277	0.04074	0.10713	0.07071	0.02576	0.02950	0.01982	0.01154	0.01089	0.00347	0.01362	0.01008	0.00719	0.01579
6	0.01458	0.01090	0.01372	0.01540	0.01734	0.01003	0.01137	0.01760	0.02417	0.03134	0.11150	0.35080	0.18815	0.03187	0.01423	0.00441	0.00692	0.10553	0.01059	0.00957
7	0.02334	0.02001	0.02334	0.01667	0.02667	0.01500	0.01334	0.02834	0.02334	0.03668	0.02001	0.02334	0.01667	0.00834	0.00834	0.00167	0.00834	0.00667	0.00667	0.67325
8	0.04315	0.02689	0.03301	0.03011	0.10335	0.02787	0.02169	0.29004	0.04244	0.21697	0.03176	0.03075	0.02175	0.01315	0.01126	0.00341	0.01163	0.01050	0.01131	0.01896
9	0.04428	0.02700	0.02949	0.02369	0.03081	0.09880	0.01929	0.12880	0.03377	0.31244	0.03330	0.03182	0.02257	0.01434	0.01476	0.00359	0.09258	0.01033	0.01104	0.01733
10	0.01546	0.01149	0.01439	0.01367	0.01653	0.01042	0.01025	0.02033	0.03075	0.04249	0.45398	0.08842	0.18216	0.02400	0.01328	0.00359	0.00538	0.02096	0.01204	0.01042
11	0.01637	0.01091	0.01228	0.01228	0.01228	0.01091	0.00682	0.01637	0.01637	0.02182	0.03546	0.07365	0.04092	0.60445	0.05729	0.01091	0.01091	0.01637	0.00682	0.00682
12	0.03693	0.03305	0.18626	0.02978	0.04140	0.02205	0.13262	0.04499	0.02847	0.27958	0.03244	0.03227	0.02145	0.01198	0.01159	0.00358	0.01377	0.01090	0.00939	0.01752
13	0.03040	0.02151	0.03294	0.04170	0.26193	0.02000	0.02354	0.03560	0.02622	0.15306	0.03214	0.10973	0.02795	0.01422	0.01118	0.00328	0.01071	0.01288	0.00838	0.12264
14	0.13281	0.10957	0.03352	0.02234	0.03110	0.03161	0.01892	0.28685	0.04021	0.14630	0.02694	0.02655	0.01906	0.01261	0.01010	0.00327	0.01131	0.00920	0.01023	0.01750

[dist]
# distance from previous block
# <min> <max>
0	5

[block]
# block no. 5 follows, 11 sequences, length 42
# corresponding to MSA columns:
# 561-602
name=unknown_F
#
# <colnr> <probs for GDERKNQSTAVLIFYWHMCP>
#	G	D	E	R	K	N	Q	S	T	A	V	L	I	F	Y	W	H	M	C	P
0	0.03060	0.02595	0.02853	0.10645	0.07398	0.09714	0.02003	0.04079	0.11887	0.10490	0.02794	0.02980	0.02108	0.01143	0.01023	0.00293	0.01166	0.00927	0.00811	0.22031
1	0.02001	0.01437	0.01914	0.01807	0.02059	0.01613	0.01371	0.08396	0.02232	0.03112	0.02969	0.04531	0.02809	0.14525	0.37535	0.06395	0.02348	0.01224	0.00677	0.01044
2	0.11947	0.02598	0.02810	0.02832	0.09760	0.06218	0.01967	0.07960	0.25308	0.11490	0.03515	0.03400	0.02596	0.01337	0.01070	0.00357	0.01058	0.01075	0.01001	0.01703
3	0.01725	0.01283	0.01537	0.01500	0.01784	0.01252	0.01102	0.02392	0.09506	0.03640	0.23511	0.13961	0.17970	0.02693	0.01741	0.09640	0.00668	0.02003	0.01053	0.01040
4	0.15761	0.01833	0.02244	0.02443	0.09306	0.01888	0.01620	0.03520	0.09455	0.12332	0.10533	0.16275	0.04518	0.01882	0.01138	0.00376	0.00858	0.01608	0.01006	0.01403
5	0.07234	0.15170	0.04266	0.10215	0.04041	0.02670	0.15527	0.02910	0.02180	0.03031	0.02089	0.02920	0.01776	0.02455	0.09289	0.09808	0.01645	0.01004	0.00543	0.01228
6	0.11135	0.02024	0.03142	0.50091	0.06994	0.02504	0.02867	0.02935	0.02205	0.03171	0.01942	0.02841	0.01462	0.01114	0.01067	0.00371	0.01415	0.00947	0.00527	0.01246
7	0.20811	0.01713	0.01862	0.01653	0.02187	0.01735	0.01294	0.06495	0.02778	0.15217	0.13821	0.14207	0.08024	0.01939	0.01116	0.00370	0.00792	0.01598	0.01069	0.01319
8	0.13390	0.01814	0.02203	0.01847	0.02460	0.01767	0.01458	0.08432	0.02837	0.27756	0.03735	0.11102	0.02995	0.01989	0.01572	0.09842	0.00933	0.01307	0.01087	0.01472
9	0.03030	0.01496	0.01710	0.01501	0.01990	0.01480	0.01178	0.03926	0.09919	0.18282	0.04023	0.04094	0.02939	0.01366	0.00937	0.00304	0.00701	0.01106	0.38617	0.01401
10	0.01505	0.01064	0.01387	0.01524	0.01625	0.01034	0.01046	0.01741	0.02186	0.02960	0.11714	0.34227	0.06742	0.16007	0.06432	0.00685	0.00933	0.05331	0.00959	0.00899
11	0.23953	0.01454	0.01508	0.01473	0.01836	0.01518	0.01111	0.02389	0.02515	0.04304	0.24552	0.18390	0.06711	0.02171	0.01142	0.00377	0.00674	0.01834	0.01011	0.01080
12	0.03081	0.01871	0.02505	0.02543	0.09975	0.01801	0.01719	0.09945	0.03356	0.18283	0.21875	0.05680	0.08990	0.01763	0.01214	0.00349	0.00871	0.01513	0.01149	0.01516
13	0.02449	0.02431	0.04500	0.12416	0.26167	0.02436	0.15903	0.03136	0.02486	0.03428	0.02756	0.11380	0.02568	0.01381	0.01224	0.00371	0.01414	0.01422	0.00626	0.01507
14	0.39628	0.01765	0.01570	0.01427	0.01885	0.01943	0.01057	0.02864	0.01910	0.07615	0.02493	0.03976	0.02372	0.22537	0.02547	0.00617	0.00957	0.01019	0.00742	0.01076
15	0.17197	0.01300	0.01404	0.01478	0.01710	0.01338	0.01037	0.02064	0.02168	0.03514	0.11193	0.31582	0.05945	0.10838	0.01856	0.00507	0.00749	0.02208	0.00938	0.00973
16	0.02275	0.04373	0.33737	0.18693	0.05816	0.02614	0.10011	0.03377	0.02379	0.03377	0.02049	0.02641	0.01485	0.01069	0.01120	0.00365	0.01650	0.00946	0.00495	0.01528
17	0.01492	0.01179	0.01531	0.01531	0.01806	0.01217	0.01177	0.01846	0.02124	0.02791	0.06505	0.07089	0.23682	0.06115	0.33243	0.01214	0.01998	0.01693	0.00787	0.00982
18	0.13110	0.02563	0.02735	0.02166	0.02911	0.02773	0.01744	0.30454	0.04030	0.12659	0.02897	0.03369	0.02232	0.09348	0.01692	0.00443	0.01127	0.01057	0.01042	0.01648
19	0.01911	0.01147	0.01453	0.01521	0.01733	0.01046	0.01053	0.02126	0.02290	0.09910	0.06335	0.37931	0.12793	0.10873	0.01963	0.00517	0.00743	0.02584	0.01044	0.01026
20	0.03643	0.01618	0.02195	0.01852	0.02469	0.01441	0.01514	0.04116	0.03122	0.33365	0.17934	0.06343	0.05459	0.01885	0.01245	0.00374	0.00852	0.07715	0.01300	0.01557
21	0.41716	0.02583	0.02371	0.01942	0.02723	0.02927	0.01602	0.22600	0.03320	0.05900	0.02039	0.02192	0.01508	0.01172	0.00875	0.00344	0.01024	0.00778	0.00875	0.01508
22	0.11259	0.01727	0.01738	0.01586	0.02068	0.01787	0.01214	0.09250	0.09402	0.04045	0.06928	0.10823	0.24951	0.06477	0.01518	0.00428	0.00794	0.01794	0.00995	0.01215
23	0.03254	0.01534	0.01979	0.01727	0.02249	0.01415	0.01341	0.03850	0.06139	0.26634	0.11945	0.16234	0.04982	0.01972	0.01183	0.00364	0.00773	0.01697	0.09262	0.01464
24	0.01920	0.01076	0.01126	0.01114	0.01393	0.01037	0.00835	0.02412	0.02506	0.04081	0.11707	0.05712	0.10915	0.01665	0.00939	0.00292	0.00532	0.01372	0.48330	0.01037
25	0.68395	0.02177	0.01654	0.01480	0.02177	0.02525	0.01219	0.03309	0.01915	0.05050	0.01567	0.01828	0.01219	0.01045	0.00697	0.00348	0.00871	0.00609	0.00697	0.01219
26	0.01461	0.01042	0.01255	0.01387	0.01471	0.00983	0.00888	0.01599	0.02024	0.02647	0.05953	0.34208	0.12426	0.23938	0.02968	0.00675	0.00800	0.02525	0.00914	0.00835
27	0.02214	0.01289	0.01589	0.01464	0.01874	0.01131	0.01114	0.02596	0.02848	0.14438	0.22142	0.14669	0.23380	0.02452	0.01300	0.00375	0.00651	0.02106	0.01180	0.01187
28	0.68395	0.02177	0.01654	0.01480	0.02177	0.02525	0.01219	0.03309	0.01915	0.05050	0.01567	0.01828	0.01219	0.01045	0.00697	0.00348	0.00871	0.00609	0.00697	0.01219
29	0.02671	0.02975	0.06235	0.04501	0.05589	0.02842	0.44621	0.03841	0.07488	0.03715	0.02505	0.03151	0.01879	0.01006	0.01310	0.00380	0.01798	0.01323	0.00626	0.01544
30	0.49379	0.02098	0.01942	0.01637	0.02386	0.02264	0.01350	0.03962	0.02308	0.19806	0.02430	0.02430	0.01689	0.01149	0.00827	0.00348	0.00897	0.00766	0.00906	0.01428
31	0.02039	0.01666	0.01873	0.01800	0.02214	0.01765	0.01380	0.03588	0.22964	0.04052	0.16337	0.13785	0.14196	0.02286	0.01283	0.00395	0.00740	0.05188	0.01127	0.01322
32	0.04943	0.02087	0.02718	0.02084	0.02959	0.01908	0.01721	0.11603	0.03508	0.47680	0.04200	0.03675	0.02665	0.01387	0.01131	0.00347	0.00997	0.01115	0.01356	0.01915
33	0.04204	0.05364	0.03190	0.02900	0.03480	0.55926	0.02175	0.04494	0.03190	0.02755	0.01740	0.02030	0.01450	0.01160	0.01015	0.00290	0.02030	0.00725	0.00580	0.01305
34	0.13481	0.02407	0.02649	0.02142	0.02887	0.02547	0.01734	0.25537	0.03859	0.17389	0.03444	0.10919	0.02803	0.01624	0.01108	0.00359	0.01035	0.01292	0.01115	0.01670
35	0.01827	0.01166	0.01515	0.01604	0.01851	0.01070	0.01195	0.02154	0.02527	0.08287	0.13185	0.33125	0.13728	0.02987	0.01394	0.00430	0.00712	0.09081	0.01105	0.01057
36	0.01893	0.01226	0.01599	0.01786	0.02046	0.01226	0.01526	0.02413	0.02526	0.03600	0.05318	0.10315	0.05471	0.02606	0.01340	0.00447	0.00893	0.33298	0.19430	0.01040
37	0.02406	0.02094	0.07579	0.06381	0.03206	0.01790	0.05341	0.03336	0.09462	0.10474	0.05048	0.17051	0.07917	0.02205	0.01302	0.00416	0.01054	0.10620	0.00974	0.01346
38	0.01746	0.01108	0.01427	0.01539	0.01743	0.01003	0.01080	0.02003	0.02394	0.08106	0.10182	0.43485	0.13665	0.03129	0.01383	0.00428	0.00663	0.02793	0.01094	0.01029
39	0.02609	0.02617	0.03858	0.30971	0.26495	0.07871	0.03169	0.03279	0.02475	0.03200	0.02024	0.02814	0.01614	0.01077	0.01110	0.00350	0.01484	0.00974	0.00532	0.01479
40	0.02126	0.02001	0.03376	0.57739	0.07752	0.02501	0.03126	0.02876	0.02251	0.02876	0.02001	0.03001	0.01500	0.01125	0.01125	0.00375	0.01500	0.01000	0.00500	0.01250
41	0.03272	0.02796	0.04004	0.04598	0.24838	0.06643	0.05887	0.08252	0.02810	0.10623	0.02349	0.02818	0.01843	0.01288	0.01633	0.00367	0.12589	0.01020	0.00717	0.01653

[dist]
# distance from previous block
# <min> <max>
8	16

[block]
# block no. 6 follows, 11 sequences, length 42
# corresponding to MSA columns:
# 619-660
name=unknown_G
#
# <colnr> <probs for GDERKNQSTAVLIFYWHMCP>
#	G	D	E	R	K	N	Q	S	T	A	V	L	I	F	Y	W	H	M	C	P
0	0.02193	0.01688	0.02018	0.01656	0.02234	0.01534	0.01295	0.08963	0.03220	0.04615	0.30373	0.05764	0.06682	0.01722	0.01149	0.00295	0.00722	0.01476	0.01049	0.21354
1	0.02798	0.09497	0.18585	0.02315	0.03331	0.02150	0.02422	0.03519	0.02567	0.13192	0.03267	0.04772	0.02804	0.01509	0.01103	0.00342	0.01194	0.10372	0.00806	0.13452
2	0.02678	0.09921	0.02503	0.01704	0.02276	0.01971	0.01398	0.09887	0.03270	0.12013	0.23134	0.06367	0.14555	0.01932	0.01183	0.00340	0.00804	0.01605	0.01105	0.01354
3	0.02334	0.02001	0.02334	0.01667	0.02667	0.01500	0.01334	0.02834	0.02334	0.03668	0.02001	0.02334	0.01667	0.00834	0.00834	0.00167	0.00834	0.00667	0.00667	0.67325
4	0.02334	0.02001	0.02334	0.01667	0.02667	0.01500	0.01334	0.02834	0.02334	0.03668	0.02001	0.02334	0.01667	0.00834	0.00834	0.00167	0.00834	0.00667	0.00667	0.67325
5	0.01427	0.01022	0.01355	0.01530	0.01645	0.00951	0.01049	0.01706	0.02412	0.03282	0.17823	0.46925	0.08236	0.03221	0.01409	0.00431	0.00623	0.02910	0.01093	0.00951
6	0.13714	0.01267	0.01363	0.01398	0.01609	0.01285	0.00956	0.01989	0.02129	0.03306	0.11547	0.22674	0.08819	0.20099	0.02579	0.00609	0.00803	0.02032	0.00899	0.00923
7	0.11767	0.11656	0.19499	0.07911	0.21233	0.02871	0.03121	0.03415	0.02355	0.03635	0.01926	0.02406	0.01528	0.01032	0.00988	0.00333	0.01364	0.00840	0.00537	0.01583
8	0.02658	0.02291	0.02481	0.02101	0.02848	0.02404	0.01645	0.05023	0.36455	0.04391	0.03795	0.03631	0.02897	0.01316	0.01050	0.00316	0.00873	0.01088	0.01000	0.21736
9	0.13818	0.02039	0.02533	0.01971	0.02820	0.01905	0.01628	0.08295	0.03185	0.44038	0.03918	0.03472	0.02506	0.01342	0.01071	0.00348	0.00965	0.01051	0.01277	0.01818
10	0.01473	0.01054	0.01414	0.01622	0.01747	0.00995	0.01166	0.01769	0.02377	0.03197	0.13193	0.44750	0.07774	0.03277	0.01438	0.00451	0.00694	0.09581	0.01073	0.00955
11	0.01897	0.02688	0.17760	0.02079	0.02783	0.01705	0.02081	0.02909	0.08095	0.04017	0.25563	0.13254	0.06589	0.02012	0.01244	0.00372	0.00932	0.01747	0.00969	0.01304
12	0.01955	0.00978	0.01466	0.01466	0.01466	0.00978	0.00978	0.01466	0.01466	0.01955	0.01955	0.03421	0.01955	0.03910	0.04399	0.67253	0.00978	0.00978	0.00489	0.00489
13	0.51885	0.02109	0.01904	0.01616	0.02358	0.02298	0.01332	0.03876	0.02256	0.17861	0.02316	0.02350	0.01627	0.01136	0.00810	0.00348	0.00893	0.00746	0.00878	0.01400
14	0.02134	0.01323	0.01859	0.09493	0.02731	0.01323	0.01498	0.02468	0.02337	0.10760	0.05020	0.30767	0.05394	0.09061	0.01835	0.00507	0.00921	0.08481	0.00981	0.01107
15	0.01637	0.01091	0.01228	0.01228	0.01228	0.01091	0.00682	0.01637	0.01637	0.02182	0.03546	0.07365	0.04092	0.60445	0.05729	0.01091	0.01091	0.01637	0.00682	0.00682
16	0.01930	0.01442	0.01887	0.02069	0.02371	0.01494	0.01753	0.02826	0.09914	0.03534	0.05769	0.14828	0.06089	0.02901	0.01484	0.00493	0.00987	0.36034	0.01053	0.01140
17	0.49422	0.01979	0.01717	0.01500	0.02163	0.02185	0.01226	0.03548	0.02178	0.12488	0.02302	0.02466	0.01692	0.01135	0.00776	0.00336	0.00836	0.00751	0.09996	0.01302
18	0.02067	0.01643	0.01869	0.01774	0.02127	0.01765	0.01305	0.03575	0.22798	0.04036	0.19328	0.13829	0.06281	0.10253	0.01881	0.00483	0.00775	0.01830	0.01095	0.01286
19	0.04087	0.11889	0.03758	0.02490	0.03400	0.03636	0.02107	0.42693	0.04839	0.06423	0.02531	0.02567	0.01843	0.01293	0.01065	0.00323	0.01233	0.00951	0.01029	0.01843
20	0.14416	0.02554	0.02835	0.02206	0.03065	0.02676	0.01822	0.26522	0.04022	0.23860	0.03158	0.02977	0.02123	0.01319	0.01062	0.00343	0.01080	0.00994	0.01157	0.01808
21	0.04204	0.05364	0.03190	0.02900	0.03480	0.55926	0.02175	0.04494	0.03190	0.02755	0.01740	0.02030	0.01450	0.01160	0.01015	0.00290	0.02030	0.00725	0.00580	0.01305
22	0.02636	0.01682	0.02021	0.01783	0.02242	0.01714	0.01371	0.06833	0.14327	0.11892	0.19806	0.05732	0.08874	0.02194	0.01703	0.10442	0.00802	0.01509	0.01105	0.01329
23	0.02126	0.02001	0.03376	0.57739	0.07752	0.02501	0.03126	0.02876	0.02251	0.02876	0.02001	0.03001	0.01500	0.01125	0.01125	0.00375	0.01500	0.01000	0.00500	0.01250
24	0.02073	0.02018	0.03953	0.03111	0.03728	0.02046	0.22675	0.02718	0.02185	0.03053	0.02687	0.03807	0.02323	0.05117	0.31732	0.01175	0.02519	0.01260	0.00588	0.01233
25	0.02657	0.03036	0.06641	0.04744	0.05882	0.02846	0.49336	0.03605	0.02657	0.03605	0.02277	0.03036	0.01708	0.00949	0.01328	0.00380	0.01898	0.01328	0.00569	0.01518
26	0.02021	0.01297	0.01532	0.01493	0.01864	0.01179	0.01109	0.02516	0.05886	0.10921	0.11353	0.23477	0.25669	0.02700	0.01319	0.00396	0.00672	0.02331	0.01118	0.01149
27	0.01513	0.01147	0.01394	0.01332	0.01632	0.01028	0.00999	0.01969	0.02997	0.04065	0.40217	0.09146	0.23512	0.02468	0.01328	0.00362	0.00543	0.02139	0.01180	0.01028
28	0.02069	0.01245	0.01479	0.01385	0.01651	0.01172	0.00961	0.02263	0.02169	0.10477	0.05903	0.07504	0.17924	0.28947	0.09271	0.00850	0.01131	0.01726	0.00888	0.00985
29	0.68395	0.02177	0.01654	0.01480	0.02177	0.02525	0.01219	0.03309	0.01915	0.05050	0.01567	0.01828	0.01219	0.01045	0.00697	0.00348	0.00871	0.00609	0.00697	0.01219
30	0.10767	0.01228	0.01385	0.01431	0.01703	0.01190	0.01040	0.01988	0.02510	0.03706	0.20702	0.27108	0.15853	0.02684	0.01281	0.00396	0.00631	0.02334	0.01055	0.01008
31	0.02257	0.05822	0.54613	0.03208	0.04871	0.02614	0.04158	0.03564	0.02376	0.03564	0.02020	0.02376	0.01426	0.01069	0.01069	0.00356	0.01663	0.00832	0.00475	0.01663
32	0.02163	0.02051	0.03384	0.51717	0.07225	0.02605	0.03053	0.02857	0.02193	0.02857	0.01943	0.02942	0.01498	0.01218	0.01408	0.00388	0.07754	0.00999	0.00499	0.01248
33	0.02026	0.01158	0.01466	0.01495	0.01755	0.01063	0.01079	0.02363	0.02520	0.10485	0.12970	0.32139	0.09853	0.02655	0.01270	0.00391	0.00651	0.02346	0.11216	0.01099
34	0.01587	0.01171	0.01497	0.01475	0.01757	0.01081	0.01146	0.02079	0.03001	0.04115	0.39380	0.09432	0.16365	0.02508	0.01363	0.00383	0.00615	0.08823	0.01179	0.01041
35	0.02605	0.32261	0.22927	0.10965	0.04345	0.03496	0.02909	0.03364	0.02313	0.03011	0.01794	0.02193	0.01446	0.01026	0.00908	0.00303	0.01414	0.00745	0.00482	0.01493
36	0.12158	0.11476	0.10545	0.02388	0.03132	0.02319	0.08560	0.02917	0.02457	0.03664	0.08716	0.09272	0.04048	0.01816	0.01164	0.00385	0.01165	0.11762	0.00778	0.01278
37	0.03280	0.02087	0.02370	0.02043	0.02715	0.02193	0.01614	0.05222	0.29925	0.19545	0.05488	0.05011	0.10137	0.01671	0.01167	0.00371	0.00866	0.01383	0.01207	0.01706
38	0.02880	0.02016	0.01922	0.01691	0.02232	0.09619	0.01312	0.03236	0.02920	0.17995	0.12452	0.07182	0.25839	0.02108	0.01224	0.00354	0.00903	0.01724	0.01096	0.01297
39	0.04295	0.02157	0.02664	0.02083	0.02869	0.02096	0.01704	0.17782	0.03816	0.32902	0.11376	0.04207	0.03738	0.01520	0.01160	0.00346	0.00974	0.01236	0.01292	0.01784
40	0.21565	0.02278	0.03278	0.24332	0.21493	0.02566	0.02683	0.03196	0.02258	0.03776	0.01914	0.02588	0.01514	0.01061	0.00997	0.00354	0.01263	0.00888	0.00576	0.01420
41	0.12446	0.02083	0.02790	0.18332	0.09646	0.02332	0.02329	0.10506	0.02832	0.04126	0.03223	0.05593	0.03015	0.01718	0.01185	0.00402	0.01209	0.14085	0.00796	0.01350

[dist]
# distance from previous block
# <min> <max>
0	5

[block]
# block no. 7 follows, 11 sequences, length 29
# corresponding to MSA columns:
# 666-694
name=unknown_H
#
# <colnr> <probs for GDERKNQSTAVLIFYWHMCP>
#	G	D	E	R	K	N	Q	S	T	A	V	L	I	F	Y	W	H	M	C	P
0	0.02617	0.02189	0.02681	0.11310	0.03663	0.01995	0.01769	0.10499	0.02803	0.04094	0.02115	0.02507	0.01679	0.00968	0.00931	0.00230	0.01013	0.00780	0.00714	0.45445
1	0.03056	0.02125	0.03613	0.12042	0.04309	0.02006	0.15173	0.03670	0.02720	0.18871	0.04362	0.04492	0.10380	0.01416	0.01195	0.00352	0.01241	0.01331	0.00895	0.06750
2	0.01767	0.01162	0.01518	0.01540	0.01794	0.01068	0.01147	0.02164	0.02760	0.07324	0.27223	0.24961	0.12073	0.02739	0.01368	0.00403	0.00647	0.06122	0.01155	0.01065
3	0.04924	0.02429	0.02698	0.02136	0.02963	0.09730	0.01732	0.05338	0.03217	0.46547	0.04039	0.03563	0.02587	0.01358	0.01114	0.00340	0.01117	0.01071	0.01272	0.01825
4	0.02097	0.02006	0.02224	0.11102	0.03141	0.10742	0.01764	0.02506	0.02166	0.02719	0.03108	0.12012	0.03057	0.05281	0.29592	0.01116	0.02249	0.01388	0.00648	0.01082
5	0.19167	0.01735	0.02015	0.01716	0.02316	0.01681	0.01338	0.03900	0.02552	0.28315	0.03906	0.12113	0.03270	0.09049	0.01651	0.00458	0.00908	0.01379	0.01086	0.01445
6	0.03627	0.02588	0.02832	0.02347	0.03106	0.02859	0.01882	0.20446	0.28882	0.12867	0.03935	0.03646	0.02833	0.01449	0.01137	0.00362	0.01016	0.01165	0.01176	0.01846
7	0.03041	0.02538	0.02681	0.02339	0.03019	0.02912	0.01840	0.13124	0.43853	0.05098	0.04274	0.03955	0.03187	0.01498	0.01142	0.00375	0.00948	0.01230	0.01142	0.01803
8	0.02020	0.01212	0.01533	0.01505	0.01823	0.01081	0.01106	0.02359	0.02682	0.11717	0.18864	0.26678	0.17663	0.02717	0.01335	0.00396	0.00653	0.02383	0.01151	0.01123
9	0.08327	0.01699	0.02176	0.01764	0.02447	0.01523	0.01425	0.04264	0.03068	0.35497	0.15495	0.05301	0.08702	0.01694	0.01162	0.00352	0.00825	0.01401	0.01281	0.01597
10	0.01384	0.01091	0.01249	0.01319	0.01581	0.00956	0.00947	0.01679	0.02531	0.03215	0.16147	0.26005	0.31946	0.02981	0.01364	0.00401	0.00590	0.02585	0.01075	0.00956
11	0.02126	0.02001	0.03376	0.57739	0.07752	0.02501	0.03126	0.02876	0.02251	0.02876	0.02001	0.03001	0.01500	0.01125	0.01125	0.00375	0.01500	0.01000	0.00500	0.01250
12	0.01573	0.01118	0.01301	0.01273	0.01420	0.01059	0.00831	0.01788	0.02281	0.03064	0.20508	0.08264	0.14159	0.32533	0.03610	0.00740	0.00828	0.01884	0.00919	0.00847
13	0.13219	0.01666	0.02000	0.01661	0.02293	0.01556	0.01335	0.03918	0.02904	0.28493	0.14853	0.05132	0.08526	0.01654	0.01102	0.00346	0.00791	0.01347	0.05719	0.01488
14	0.04204	0.05364	0.03190	0.02900	0.03480	0.55926	0.02175	0.04494	0.03190	0.02755	0.01740	0.02030	0.01450	0.01160	0.01015	0.00290	0.02030	0.00725	0.00580	0.01305
15	0.04204	0.05364	0.03190	0.02900	0.03480	0.55926	0.02175	0.04494	0.03190	0.02755	0.01740	0.02030	0.01450	0.01160	0.01015	0.00290	0.02030	0.00725	0.00580	0.01305
16	0.02136	0.01275	0.01654	0.01488	0.01863	0.01149	0.01141	0.02630	0.03139	0.12511	0.41369	0.07867	0.12967	0.02200	0.01296	0.00355	0.00604	0.01917	0.01248	0.01192
17	0.01791	0.01350	0.01848	0.02238	0.10302	0.01259	0.01348	0.01916	0.02266	0.02914	0.09838	0.06982	0.25347	0.02829	0.02252	0.21255	0.00824	0.01682	0.00803	0.00955
18	0.68395	0.02177	0.01654	0.01480	0.02177	0.02525	0.01219	0.03309	0.01915	0.05050	0.01567	0.01828	0.01219	0.01045	0.00697	0.00348	0.00871	0.00609	0.00697	0.01219
19	0.68395	0.02177	0.01654	0.01480	0.02177	0.02525	0.01219	0.03309	0.01915	0.05050	0.01567	0.01828	0.01219	0.01045	0.00697	0.00348	0.00871	0.00609	0.00697	0.01219
20	0.02600	0.05370	0.45939	0.03103	0.04638	0.02762	0.03817	0.11370	0.02870	0.04162	0.02135	0.02431	0.01508	0.01117	0.01079	0.00353	0.01591	0.00862	0.00585	0.01706
21	0.03308	0.13721	0.04467	0.12122	0.04627	0.26345	0.13068	0.03836	0.02761	0.02951	0.01876	0.02381	0.01516	0.01073	0.01055	0.00316	0.01773	0.00887	0.00548	0.01368
22	0.01637	0.01091	0.01228	0.01228	0.01228	0.01091	0.00682	0.01637	0.01637	0.02182	0.03546	0.07365	0.04092	0.60445	0.05729	0.01091	0.01091	0.01637	0.00682	0.00682
23	0.02999	0.02098	0.01976	0.01729	0.02287	0.10486	0.01345	0.03352	0.02925	0.19088	0.10897	0.06962	0.25196	0.02065	0.01215	0.00353	0.00935	0.01681	0.01091	0.01321
24	0.03520	0.42834	0.04997	0.02046	0.02985	0.03880	0.01920	0.11255	0.02917	0.11047	0.02179	0.02253	0.01721	0.01090	0.00849	0.00273	0.01173	0.00748	0.00722	0.01591
25	0.01944	0.01556	0.02339	0.11710	0.10578	0.01633	0.02019	0.02409	0.02335	0.03093	0.04351	0.12484	0.04638	0.12211	0.02116	0.00560	0.01136	0.20956	0.00818	0.01113
26	0.03454	0.01592	0.02175	0.01925	0.02502	0.01442	0.01604	0.03931	0.03019	0.29916	0.13107	0.07374	0.05265	0.02083	0.01297	0.00402	0.00910	0.15250	0.01256	0.01496
