[name]
unknown

[dist]
# distance from previous block
# <min> <max>
0	61

[block]
# block no. 0 follows, 15 sequences, length 11
# corresponding to MSA columns:
# 61-71
name=unknown_A
#
# <colnr> <probs for GDERKNQSTAVLIFYWHMCP>
#	G	D	E	R	K	N	Q	S	T	A	V	L	I	F	Y	W	H	M	C	P
0	0.01815	0.01438	0.01921	0.01856	0.02050	0.01652	0.01530	0.02124	0.02046	0.05860	0.04993	0.13235	0.15037	0.02351	0.01885	0.00413	0.19876	0.18140	0.00790	0.00988
1	0.01981	0.01145	0.01515	0.01351	0.01686	0.01038	0.01038	0.02435	0.02828	0.14319	0.48114	0.06692	0.08115	0.01888	0.01144	0.00313	0.00541	0.01654	0.01123	0.01081
2	0.02605	0.02318	0.03449	0.28289	0.18698	0.08328	0.08016	0.03191	0.02298	0.10132	0.02078	0.02619	0.01553	0.00987	0.01003	0.00313	0.01316	0.00906	0.00572	0.01331
3	0.02820	0.17152	0.05065	0.03168	0.04096	0.02656	0.32691	0.03455	0.02370	0.13466	0.02227	0.02566	0.01636	0.00917	0.01019	0.00302	0.01383	0.00994	0.00622	0.01395
4	0.01527	0.00939	0.01145	0.01145	0.01145	0.00939	0.00675	0.01409	0.01409	0.01878	0.02757	0.05572	0.03109	0.48211	0.04753	0.20043	0.00939	0.01291	0.00557	0.00557
5	0.02040	0.01136	0.01485	0.01343	0.01672	0.01035	0.01026	0.02471	0.02706	0.14911	0.39433	0.10527	0.07306	0.01892	0.01113	0.00313	0.00553	0.01654	0.06306	0.01081
6	0.02072	0.01805	0.02716	0.13421	0.03375	0.02038	0.08604	0.08844	0.05465	0.03372	0.13385	0.03996	0.03389	0.06690	0.07926	0.00518	0.09364	0.01180	0.00700	0.01140
7	0.01511	0.01017	0.01348	0.01348	0.01492	0.01117	0.00984	0.01799	0.01655	0.02480	0.02896	0.04530	0.02787	0.20658	0.35815	0.01188	0.01834	0.01138	0.13577	0.00826
8	0.01953	0.01065	0.01331	0.01313	0.01492	0.01001	0.00886	0.02116	0.01916	0.12969	0.04141	0.26542	0.04410	0.26926	0.02679	0.00597	0.00774	0.01832	0.05157	0.00901
9	0.01515	0.01202	0.01777	0.01724	0.01881	0.01464	0.01359	0.01855	0.01593	0.02324	0.02506	0.03707	0.02350	0.06786	0.54056	0.01462	0.09958	0.01045	0.00522	0.00914
10	0.15039	0.01916	0.02840	0.38096	0.11755	0.02325	0.02428	0.02665	0.01923	0.02976	0.01664	0.02392	0.01311	0.01049	0.01163	0.00334	0.07668	0.00820	0.00481	0.01157

[dist]
# distance from previous block
# <min> <max>
1	25

[block]
# block no. 1 follows, 15 sequences, length 38
# corresponding to MSA columns:
# 97-134
name=unknown_B
#
# <colnr> <probs for GDERKNQSTAVLIFYWHMCP>
#	G	D	E	R	K	N	Q	S	T	A	V	L	I	F	Y	W	H	M	C	P
0	0.02285	0.02317	0.03290	0.38110	0.22135	0.09449	0.02754	0.02878	0.02179	0.02749	0.01775	0.02495	0.01399	0.00968	0.00982	0.00312	0.01342	0.00857	0.00467	0.01256
1	0.03521	0.04387	0.02732	0.02435	0.02994	0.53667	0.01835	0.03801	0.02732	0.02539	0.01569	0.01831	0.01308	0.00992	0.00879	0.00243	0.01668	0.00636	0.00523	0.09708
2	0.01292	0.01014	0.01167	0.01129	0.01416	0.00890	0.00847	0.01651	0.02541	0.03330	0.33588	0.08546	0.34455	0.02287	0.01177	0.00325	0.00488	0.01957	0.01010	0.00890
3	0.02015	0.05477	0.02257	0.09074	0.02762	0.09116	0.01525	0.02418	0.01954	0.02612	0.02103	0.02865	0.01855	0.03680	0.26437	0.00807	0.01785	0.00833	0.00530	0.19895
4	0.01999	0.05157	0.59800	0.02841	0.04315	0.02315	0.03683	0.03157	0.02105	0.03157	0.01789	0.02105	0.01263	0.00947	0.00947	0.00316	0.01473	0.00737	0.00421	0.01473
5	0.01433	0.01207	0.01266	0.01217	0.01580	0.01138	0.00923	0.02157	0.11807	0.03114	0.15159	0.08304	0.42560	0.02260	0.01150	0.00334	0.00550	0.01897	0.00963	0.00982
6	0.10258	0.01545	0.02551	0.02136	0.02532	0.01542	0.15970	0.02139	0.01889	0.02828	0.03268	0.22048	0.03482	0.13181	0.09499	0.00623	0.01242	0.01633	0.00666	0.00967
7	0.03214	0.02509	0.02495	0.02049	0.02671	0.09537	0.01637	0.27353	0.11498	0.09929	0.13017	0.03540	0.03339	0.01358	0.01021	0.00303	0.00999	0.01077	0.00981	0.01473
8	0.01558	0.01113	0.01551	0.01781	0.01990	0.01106	0.01523	0.01983	0.02248	0.02930	0.05305	0.17738	0.05842	0.02799	0.01364	0.00452	0.00876	0.46017	0.00919	0.00905
9	0.01424	0.01068	0.01602	0.01602	0.01780	0.01246	0.01246	0.01780	0.01602	0.02314	0.02670	0.03916	0.02492	0.07477	0.61015	0.01602	0.02670	0.01068	0.00534	0.00890
10	0.02443	0.04570	0.45718	0.02706	0.04011	0.02508	0.03240	0.16113	0.02745	0.03932	0.01939	0.02176	0.01370	0.01009	0.00960	0.00312	0.01380	0.00777	0.00564	0.01528
11	0.01852	0.01694	0.02560	0.13319	0.17059	0.01889	0.01991	0.02286	0.02153	0.02961	0.12568	0.08289	0.12297	0.01660	0.01492	0.00345	0.12427	0.01354	0.00670	0.01134
12	0.03465	0.02631	0.02809	0.02228	0.02968	0.02940	0.01816	0.42997	0.17641	0.05759	0.02806	0.02722	0.02029	0.01235	0.01001	0.00309	0.01021	0.00954	0.01001	0.01666
13	0.01450	0.00966	0.01087	0.01087	0.01087	0.00966	0.00604	0.01450	0.01450	0.01933	0.03141	0.06524	0.03624	0.64965	0.05074	0.00966	0.00966	0.01450	0.00604	0.00604
14	0.02410	0.01746	0.02258	0.01737	0.02484	0.01460	0.04407	0.05969	0.02350	0.11220	0.02718	0.09483	0.02413	0.01208	0.00909	0.00235	0.00823	0.03763	0.00754	0.41653
15	0.02875	0.01953	0.02943	0.03338	0.20785	0.02090	0.02099	0.03297	0.02330	0.20171	0.09253	0.03286	0.02739	0.01346	0.01581	0.00337	0.16353	0.01031	0.00778	0.01415
16	0.01199	0.00928	0.01094	0.01227	0.01404	0.00823	0.00854	0.01406	0.02063	0.02608	0.07454	0.41026	0.28617	0.02868	0.01232	0.00376	0.00547	0.02523	0.00926	0.00823
17	0.15599	0.02643	0.02727	0.02124	0.02890	0.02943	0.01754	0.46335	0.04169	0.05969	0.02219	0.02259	0.01589	0.01150	0.00931	0.00301	0.01041	0.00836	0.00931	0.01589
18	0.02146	0.18465	0.47776	0.02591	0.03928	0.02674	0.03248	0.03119	0.02087	0.02978	0.01700	0.01993	0.01266	0.00926	0.00879	0.00293	0.01384	0.00692	0.00422	0.01431
19	0.01923	0.01813	0.03063	0.58675	0.10445	0.02225	0.02789	0.02582	0.02012	0.02596	0.01779	0.02645	0.01346	0.00989	0.00996	0.00330	0.01319	0.00886	0.00446	0.01140
20	0.01432	0.01036	0.01439	0.01439	0.01561	0.01158	0.01043	0.01676	0.01554	0.02194	0.02819	0.04741	0.02850	0.25665	0.43316	0.01401	0.02131	0.01189	0.00556	0.00800
21	0.01444	0.00989	0.01201	0.01201	0.01240	0.01028	0.00746	0.01523	0.01483	0.02017	0.03037	0.05949	0.03375	0.52300	0.17399	0.01107	0.01342	0.01366	0.00589	0.00667
22	0.02467	0.02369	0.04046	0.06119	0.58747	0.02369	0.03059	0.03059	0.02270	0.03257	0.01875	0.02467	0.01579	0.00888	0.00987	0.00296	0.01184	0.00888	0.00493	0.01579
23	0.30272	0.02304	0.02224	0.02092	0.07012	0.09270	0.01534	0.06771	0.05613	0.20266	0.02403	0.02396	0.01701	0.01065	0.00839	0.00302	0.00973	0.00771	0.00819	0.01374
24	0.07300	0.02114	0.02518	0.02305	0.07718	0.02218	0.01692	0.16993	0.16810	0.20901	0.06425	0.03280	0.02667	0.01252	0.00991	0.00313	0.00899	0.01018	0.01009	0.01576
25	0.03050	0.02410	0.02426	0.01925	0.02673	0.09225	0.01535	0.14877	0.12489	0.11854	0.02583	0.02581	0.01915	0.01050	0.00899	0.00250	0.00969	0.00815	0.00833	0.25640
26	0.01732	0.00866	0.01299	0.01299	0.01299	0.00866	0.00866	0.01299	0.01299	0.01732	0.01732	0.03030	0.01732	0.03463	0.03896	0.70996	0.00866	0.00866	0.00433	0.00433
27	0.02067	0.01772	0.02067	0.01477	0.02362	0.01329	0.01181	0.02510	0.02067	0.03248	0.01772	0.02067	0.01477	0.00738	0.00738	0.00148	0.00738	0.00591	0.00591	0.71059
28	0.02655	0.02580	0.12069	0.02676	0.09864	0.02102	0.05113	0.06712	0.10489	0.11894	0.02469	0.02629	0.01839	0.01059	0.01099	0.00285	0.05317	0.00863	0.00719	0.17568
29	0.02052	0.01403	0.01919	0.01955	0.08783	0.01251	0.01310	0.02522	0.02628	0.10991	0.34491	0.05379	0.06173	0.01568	0.01054	0.00282	0.00653	0.01377	0.00954	0.13256
30	0.02295	0.16706	0.31127	0.08239	0.04255	0.02723	0.11415	0.06341	0.02280	0.03136	0.01779	0.02164	0.01340	0.00931	0.00929	0.00298	0.01387	0.00790	0.00474	0.01393
31	0.03268	0.07586	0.02598	0.01927	0.02469	0.02051	0.01605	0.07154	0.05816	0.28774	0.03287	0.06952	0.02583	0.01790	0.04319	0.00399	0.11050	0.04024	0.00932	0.01417
32	0.01318	0.01026	0.01204	0.01191	0.01474	0.00912	0.00914	0.01684	0.02513	0.03285	0.30536	0.08813	0.32317	0.02334	0.01195	0.00338	0.00528	0.06525	0.00999	0.00892
33	0.03302	0.01796	0.02545	0.02041	0.02666	0.01709	0.07401	0.12815	0.02889	0.29506	0.03834	0.18320	0.03252	0.01654	0.01088	0.00334	0.00918	0.01460	0.01033	0.01436
34	0.02199	0.16186	0.22283	0.10181	0.03705	0.02721	0.02544	0.03037	0.06461	0.02861	0.01801	0.02216	0.01443	0.01098	0.01304	0.00309	0.12466	0.00761	0.00488	0.05935
35	0.01333	0.00949	0.01246	0.01332	0.01435	0.00931	0.00913	0.01565	0.01978	0.02715	0.16256	0.32086	0.06058	0.15340	0.10527	0.00664	0.00928	0.02089	0.00846	0.00811
36	0.02037	0.01149	0.01544	0.01412	0.01734	0.01064	0.01078	0.02443	0.02606	0.15424	0.35193	0.13223	0.06960	0.02496	0.06605	0.00441	0.00764	0.01692	0.01054	0.01080
37	0.02529	0.53223	0.16375	0.01938	0.02917	0.03612	0.02110	0.03020	0.02042	0.02511	0.01468	0.01702	0.01276	0.00872	0.00702	0.00234	0.01149	0.00575	0.00425	0.01319

[dist]
# distance from previous block
# <min> <max>
3	25

[block]
# block no. 2 follows, 15 sequences, length 10
# corresponding to MSA columns:
# 160-169
name=unknown_C
#
# <colnr> <probs for GDERKNQSTAVLIFYWHMCP>
#	G	D	E	R	K	N	Q	S	T	A	V	L	I	F	Y	W	H	M	C	P
0	0.01999	0.05157	0.59800	0.02841	0.04315	0.02315	0.03683	0.03157	0.02105	0.03157	0.01789	0.02105	0.01263	0.00947	0.00947	0.00316	0.01473	0.00737	0.00421	0.01473
1	0.01446	0.01033	0.01423	0.01653	0.01812	0.01009	0.01328	0.01788	0.02137	0.02804	0.05367	0.32950	0.06087	0.02905	0.01334	0.00437	0.00779	0.31914	0.00921	0.00874
2	0.01544	0.01138	0.01592	0.01575	0.01787	0.01313	0.01223	0.02099	0.05905	0.02582	0.02829	0.03883	0.02540	0.06442	0.51015	0.01383	0.02329	0.01060	0.06813	0.00947
3	0.01441	0.01000	0.01257	0.01257	0.01315	0.01058	0.00815	0.01558	0.01500	0.02058	0.02986	0.05666	0.03252	0.46048	0.23482	0.01176	0.01527	0.01324	0.00581	0.00698
4	0.01883	0.01772	0.02990	0.62569	0.06866	0.02215	0.02769	0.02547	0.01993	0.02547	0.01772	0.02658	0.01329	0.00997	0.00997	0.00332	0.01329	0.00886	0.00443	0.01107
5	0.02181	0.02181	0.03053	0.02617	0.02617	0.03053	0.02181	0.02399	0.01527	0.02399	0.01309	0.02181	0.01309	0.01745	0.03272	0.00436	0.63141	0.00872	0.00436	0.01091
6	0.01259	0.00902	0.01197	0.01357	0.01456	0.00840	0.00929	0.01501	0.02117	0.02877	0.17540	0.51323	0.07236	0.02875	0.01250	0.00384	0.00554	0.02598	0.00965	0.00840
7	0.01621	0.01346	0.01933	0.01821	0.01939	0.01688	0.01434	0.01912	0.01570	0.02305	0.02358	0.03683	0.02280	0.10688	0.41605	0.01250	0.18083	0.01049	0.00515	0.00918
8	0.13869	0.01914	0.02576	0.01973	0.02746	0.01811	0.06339	0.08759	0.02799	0.41907	0.03263	0.02990	0.02116	0.01151	0.00963	0.00310	0.00934	0.00943	0.01059	0.01576
9	0.02781	0.02333	0.07505	0.19778	0.20855	0.02246	0.02525	0.09182	0.05764	0.13579	0.02397	0.02724	0.01746	0.01046	0.00992	0.00312	0.01152	0.00912	0.00694	0.01477

[dist]
# distance from previous block
# <min> <max>
0	1

[block]
# block no. 3 follows, 15 sequences, length 26
# corresponding to MSA columns:
# 171-196
name=unknown_D
#
# <colnr> <probs for GDERKNQSTAVLIFYWHMCP>
#	G	D	E	R	K	N	Q	S	T	A	V	L	I	F	Y	W	H	M	C	P
0	0.02813	0.01618	0.01884	0.01629	0.02146	0.01663	0.01283	0.04123	0.22650	0.20607	0.10816	0.04100	0.03589	0.01366	0.00967	0.00305	0.00700	0.01136	0.15204	0.01400
1	0.02533	0.02399	0.03883	0.09025	0.11949	0.02524	0.19912	0.09867	0.19580	0.03807	0.02653	0.02941	0.02003	0.01063	0.01061	0.00326	0.01231	0.01060	0.00713	0.01470
2	0.02067	0.01772	0.02067	0.01477	0.02362	0.01329	0.01181	0.02510	0.02067	0.03248	0.01772	0.02067	0.01477	0.00738	0.00738	0.00148	0.00738	0.00591	0.00591	0.71059
3	0.06776	0.05888	0.02614	0.02056	0.02714	0.02745	0.01660	0.21204	0.33947	0.04766	0.03223	0.03056	0.02401	0.01251	0.00966	0.00317	0.00903	0.00987	0.00954	0.01571
4	0.01703	0.01028	0.01316	0.01365	0.01593	0.00923	0.00976	0.01949	0.02196	0.11023	0.11001	0.40449	0.15380	0.02640	0.01207	0.00370	0.00595	0.02341	0.00987	0.00957
5	0.02742	0.06890	0.23378	0.14838	0.07279	0.10804	0.02694	0.03450	0.02329	0.13174	0.02124	0.02400	0.01518	0.01013	0.00946	0.00302	0.01339	0.00799	0.00592	0.01389
6	0.02408	0.12491	0.19511	0.03200	0.04205	0.02665	0.26025	0.03175	0.02193	0.06114	0.01907	0.02369	0.01447	0.00973	0.01215	0.00320	0.06982	0.00929	0.00505	0.01366
7	0.01883	0.01772	0.02990	0.62569	0.06866	0.02215	0.02769	0.02547	0.01993	0.02547	0.01772	0.02658	0.01329	0.00997	0.00997	0.00332	0.01329	0.00886	0.00443	0.01107
8	0.02071	0.01324	0.01797	0.02160	0.12946	0.01273	0.01339	0.02536	0.02354	0.08745	0.13455	0.05022	0.08715	0.01475	0.00947	0.00288	0.00673	0.03920	0.27835	0.01125
9	0.12594	0.17044	0.34690	0.02284	0.03439	0.02569	0.02690	0.03240	0.02095	0.08209	0.01837	0.02043	0.01347	0.00950	0.00839	0.00293	0.01229	0.00689	0.00523	0.01395
10	0.03846	0.02702	0.02936	0.02251	0.03047	0.02958	0.01860	0.51274	0.04537	0.10644	0.02520	0.02475	0.01759	0.01200	0.00998	0.00300	0.01077	0.00906	0.01017	0.01695
11	0.01732	0.00866	0.01299	0.01299	0.01299	0.00866	0.00866	0.01299	0.01299	0.01732	0.01732	0.03030	0.01732	0.03463	0.03896	0.70996	0.00866	0.00866	0.00433	0.00433
12	0.02607	0.32526	0.19068	0.02581	0.09584	0.03047	0.02391	0.03179	0.02122	0.07999	0.01782	0.02036	0.01423	0.00971	0.00952	0.00272	0.04867	0.00692	0.00509	0.01393
13	0.03811	0.04395	0.02765	0.02475	0.03019	0.54016	0.01872	0.04083	0.02828	0.09095	0.01820	0.01984	0.01422	0.01051	0.00911	0.00263	0.01687	0.00684	0.00598	0.01219
14	0.01424	0.01068	0.01602	0.01602	0.01780	0.01246	0.01246	0.01780	0.01602	0.02314	0.02670	0.03916	0.02492	0.07477	0.61015	0.01602	0.02670	0.01068	0.00534	0.00890
15	0.02040	0.01172	0.01491	0.13514	0.02470	0.01229	0.01203	0.02512	0.02142	0.08569	0.03478	0.06904	0.05327	0.01305	0.00840	0.00274	0.00683	0.01085	0.42735	0.01026
16	0.02763	0.16242	0.26247	0.09333	0.03797	0.05618	0.02588	0.03473	0.02281	0.15367	0.02167	0.02336	0.01542	0.01002	0.00900	0.00292	0.01253	0.00767	0.00610	0.01424
17	0.01233	0.00887	0.01140	0.01333	0.01407	0.00826	0.00884	0.01397	0.01894	0.02501	0.05622	0.55139	0.10122	0.08606	0.01605	0.00450	0.00608	0.02657	0.00897	0.00794
18	0.01450	0.00966	0.01087	0.01087	0.01087	0.00966	0.00604	0.01450	0.01450	0.01933	0.03141	0.06524	0.03624	0.64965	0.05074	0.00966	0.00966	0.01450	0.00604	0.00604
19	0.34766	0.13322	0.02933	0.01940	0.02663	0.07035	0.06460	0.13668	0.02503	0.04205	0.01661	0.01886	0.01294	0.00967	0.00771	0.00289	0.01048	0.00678	0.00643	0.01269
20	0.01571	0.01019	0.01245	0.01225	0.01480	0.00925	0.00904	0.01929	0.02437	0.06950	0.27480	0.18754	0.17893	0.02207	0.01129	0.00327	0.00523	0.01922	0.09138	0.00940
21	0.01551	0.01041	0.01285	0.01299	0.01562	0.00933	0.00971	0.01867	0.02370	0.07677	0.20775	0.23260	0.23089	0.02466	0.01203	0.00355	0.00574	0.05789	0.00996	0.00935
22	0.01215	0.00868	0.01157	0.01388	0.01446	0.00810	0.00925	0.01388	0.01909	0.02545	0.05495	0.64315	0.06593	0.03123	0.01272	0.00405	0.00578	0.02834	0.00925	0.00810
23	0.02854	0.02672	0.03166	0.02939	0.09484	0.09418	0.05014	0.16701	0.10771	0.03803	0.02122	0.02480	0.01703	0.01316	0.01706	0.00345	0.20518	0.00909	0.00684	0.01396
24	0.24784	0.02404	0.02517	0.09026	0.03170	0.02723	0.01743	0.32923	0.03442	0.05284	0.02008	0.02184	0.01461	0.01089	0.00879	0.00306	0.01023	0.00785	0.00814	0.01435
25	0.03316	0.12846	0.03513	0.02547	0.03164	0.30998	0.06877	0.13398	0.02902	0.03223	0.01704	0.01999	0.01385	0.01081	0.01118	0.00282	0.07029	0.00745	0.00585	0.01288

[dist]
# distance from previous block
# <min> <max>
0	2

[block]
# block no. 4 follows, 15 sequences, length 45
# corresponding to MSA columns:
# 199-243
name=unknown_E
#
# <colnr> <probs for GDERKNQSTAVLIFYWHMCP>
#	G	D	E	R	K	N	Q	S	T	A	V	L	I	F	Y	W	H	M	C	P
0	0.01846	0.01184	0.01493	0.01410	0.01702	0.01118	0.01053	0.06136	0.02678	0.09529	0.30392	0.22557	0.10544	0.02222	0.01171	0.00339	0.00591	0.01955	0.01045	0.01035
1	0.08963	0.04535	0.02721	0.02472	0.02993	0.56458	0.01861	0.03900	0.02738	0.02596	0.01529	0.01784	0.01268	0.01019	0.00877	0.00261	0.01719	0.00634	0.00522	0.01150
2	0.01546	0.01106	0.01529	0.01711	0.01928	0.01089	0.01450	0.01985	0.02348	0.03108	0.13569	0.14723	0.06376	0.02670	0.01337	0.00432	0.00822	0.40411	0.00947	0.00913
3	0.02155	0.02350	0.04972	0.03626	0.04471	0.02201	0.44398	0.02906	0.02394	0.03271	0.10168	0.06840	0.02917	0.01139	0.01182	0.00337	0.01447	0.01359	0.00612	0.01257
4	0.01215	0.00868	0.01157	0.01388	0.01446	0.00810	0.00925	0.01388	0.01909	0.02545	0.05495	0.64315	0.06593	0.03123	0.01272	0.00405	0.00578	0.02834	0.00925	0.00810
5	0.02067	0.01772	0.02067	0.01477	0.02362	0.01329	0.01181	0.02510	0.02067	0.03248	0.01772	0.02067	0.01477	0.00738	0.00738	0.00148	0.00738	0.00591	0.00591	0.71059
6	0.03577	0.04515	0.02730	0.02485	0.02981	0.57158	0.01864	0.03848	0.02825	0.02539	0.05134	0.02156	0.01799	0.01091	0.00916	0.00260	0.01714	0.00716	0.00551	0.01142
7	0.06592	0.01382	0.02070	0.01785	0.02200	0.01287	0.09123	0.02375	0.02320	0.11544	0.14720	0.23779	0.12637	0.02072	0.01143	0.00348	0.00767	0.01870	0.00919	0.01068
8	0.01732	0.00866	0.01299	0.01299	0.01299	0.00866	0.00866	0.01299	0.01299	0.01732	0.01732	0.03030	0.01732	0.03463	0.03896	0.70996	0.00866	0.00866	0.00433	0.00433
9	0.01240	0.00886	0.01186	0.01417	0.01486	0.00832	0.00969	0.01432	0.01934	0.02573	0.05481	0.60883	0.06538	0.03099	0.01279	0.00408	0.00600	0.06015	0.00925	0.00817
10	0.01699	0.00887	0.01331	0.01331	0.01349	0.00906	0.00906	0.01349	0.01331	0.01793	0.01831	0.03124	0.01812	0.03886	0.09919	0.63679	0.01056	0.00887	0.00444	0.00481
11	0.02553	0.55394	0.14413	0.01897	0.02854	0.03670	0.02039	0.03014	0.02039	0.02482	0.01454	0.01684	0.01277	0.00869	0.00691	0.00230	0.01135	0.00567	0.00426	0.01312
12	0.01606	0.01147	0.01606	0.01836	0.02065	0.01147	0.01606	0.02065	0.02295	0.02983	0.05278	0.11245	0.05737	0.02754	0.01377	0.00459	0.00918	0.52037	0.00918	0.00918
13	0.01332	0.01016	0.01223	0.01171	0.01441	0.00907	0.00878	0.01728	0.02635	0.03554	0.41868	0.08176	0.26036	0.02203	0.01177	0.00321	0.00482	0.01905	0.01039	0.00907
14	0.02665	0.65565	0.05224	0.01706	0.02559	0.03945	0.01706	0.02985	0.02026	0.02345	0.01386	0.01599	0.01279	0.00853	0.00640	0.00213	0.01066	0.00533	0.00426	0.01279
15	0.01999	0.05157	0.59800	0.02841	0.04315	0.02315	0.03683	0.03157	0.02105	0.03157	0.01789	0.02105	0.01263	0.00947	0.00947	0.00316	0.01473	0.00737	0.00421	0.01473
16	0.01448	0.00973	0.01120	0.01120	0.01131	0.00984	0.00645	0.01471	0.01459	0.01957	0.03111	0.06359	0.03553	0.61342	0.08599	0.01007	0.01074	0.01426	0.00600	0.00622
17	0.01295	0.00976	0.01197	0.01223	0.01439	0.00879	0.00886	0.01626	0.02427	0.03252	0.30957	0.23217	0.22066	0.02461	0.01202	0.00344	0.00509	0.02161	0.01004	0.00879
18	0.01424	0.01068	0.01602	0.01602	0.01780	0.01246	0.01246	0.01780	0.01602	0.02314	0.02670	0.03916	0.02492	0.07477	0.61015	0.01602	0.02670	0.01068	0.00534	0.00890
19	0.02353	0.02689	0.05882	0.04202	0.05210	0.02521	0.55126	0.03193	0.02353	0.03193	0.02017	0.02689	0.01513	0.00840	0.01176	0.00336	0.01681	0.01176	0.00504	0.01345
20	0.01446	0.00982	0.01168	0.01168	0.01196	0.01010	0.00704	0.01501	0.01474	0.01993	0.03067	0.06116	0.03447	0.55980	0.13817	0.01066	0.01233	0.01390	0.00593	0.00649
21	0.02353	0.02689	0.05882	0.04202	0.05210	0.02521	0.55126	0.03193	0.02353	0.03193	0.02017	0.02689	0.01513	0.00840	0.01176	0.00336	0.01681	0.01176	0.00504	0.01345
22	0.03849	0.02697	0.02933	0.02249	0.03044	0.02951	0.01858	0.51045	0.04528	0.10884	0.02527	0.02480	0.01762	0.01200	0.00998	0.00300	0.01075	0.00907	0.01018	0.01695
23	0.01498	0.00964	0.01149	0.01163	0.01178	0.00964	0.00703	0.01468	0.01482	0.01972	0.03084	0.06346	0.03500	0.52688	0.04681	0.10456	0.00950	0.04554	0.00601	0.00601
24	0.02427	0.01375	0.01825	0.07866	0.02372	0.01394	0.04719	0.06242	0.02385	0.12434	0.03065	0.03401	0.02287	0.01136	0.00827	0.00266	0.00737	0.00950	0.43145	0.01145
25	0.02353	0.02689	0.05882	0.04202	0.05210	0.02521	0.55126	0.03193	0.02353	0.03193	0.02017	0.02689	0.01513	0.00840	0.01176	0.00336	0.01681	0.01176	0.00504	0.01345
26	0.01433	0.01034	0.01432	0.01432	0.01551	0.01153	0.01033	0.01671	0.01552	0.02188	0.02826	0.04780	0.02867	0.26527	0.42478	0.01391	0.02106	0.01195	0.00557	0.00795
27	0.01991	0.01882	0.03185	0.52130	0.16460	0.02243	0.02822	0.02642	0.02044	0.02678	0.01791	0.02623	0.01375	0.00977	0.00995	0.00326	0.01302	0.00886	0.00452	0.01195
28	0.63272	0.02039	0.01661	0.01437	0.02077	0.02346	0.01184	0.09652	0.02079	0.04704	0.01517	0.01719	0.01158	0.00960	0.00666	0.00307	0.00813	0.00586	0.00666	0.01158
29	0.02821	0.02653	0.03746	0.05104	0.43636	0.07575	0.02746	0.12822	0.02765	0.03746	0.01942	0.02396	0.01575	0.00957	0.00981	0.00293	0.01221	0.00869	0.00588	0.01564
30	0.07179	0.01206	0.01434	0.01432	0.01672	0.01208	0.01045	0.07375	0.02493	0.03583	0.22661	0.33583	0.06589	0.02379	0.01159	0.00355	0.00612	0.02099	0.00967	0.00969
31	0.03125	0.02641	0.03876	0.03487	0.13893	0.06393	0.17318	0.18034	0.06614	0.10814	0.02425	0.02658	0.01774	0.01041	0.01042	0.00310	0.01277	0.00986	0.00760	0.01530
32	0.21841	0.01968	0.02449	0.13123	0.03297	0.02217	0.05116	0.10394	0.06094	0.08294	0.09166	0.03034	0.02540	0.01215	0.01071	0.00324	0.04902	0.00950	0.00754	0.01252
33	0.02349	0.02155	0.03372	0.04761	0.40395	0.02217	0.02581	0.03334	0.12384	0.03387	0.02757	0.03933	0.02434	0.01236	0.01047	0.00327	0.01074	0.08122	0.00649	0.01486
34	0.03384	0.02502	0.02706	0.02152	0.02888	0.02746	0.01749	0.36212	0.18836	0.08554	0.02908	0.02799	0.02099	0.01219	0.00990	0.00303	0.00981	0.00952	0.00996	0.05025
35	0.02658	0.02647	0.17395	0.02456	0.09935	0.01712	0.02111	0.03275	0.02328	0.18021	0.03081	0.03129	0.06618	0.01097	0.00932	0.00269	0.00996	0.00906	0.00733	0.19699
36	0.02111	0.13128	0.49060	0.02774	0.04135	0.02547	0.06659	0.03136	0.02110	0.03050	0.01749	0.02074	0.01281	0.00928	0.00920	0.00303	0.01432	0.00737	0.00427	0.01439
37	0.01954	0.04483	0.49185	0.02949	0.08338	0.02161	0.03343	0.02963	0.02097	0.03100	0.02187	0.08693	0.01850	0.01172	0.00985	0.00324	0.01356	0.00970	0.00480	0.01412
38	0.01540	0.01270	0.01763	0.01621	0.01943	0.01191	0.06662	0.05919	0.02358	0.03054	0.09851	0.30762	0.23296	0.02457	0.01202	0.00360	0.00704	0.02192	0.00898	0.00956
39	0.02474	0.09803	0.45396	0.02563	0.03865	0.02313	0.03139	0.03429	0.02224	0.12563	0.02115	0.02278	0.01467	0.00987	0.00930	0.00306	0.01333	0.00764	0.00558	0.01494
40	0.02243	0.01839	0.02089	0.06497	0.02585	0.09715	0.04849	0.02763	0.05983	0.10393	0.09164	0.21028	0.09984	0.01972	0.01127	0.00345	0.00930	0.04524	0.00865	0.01105
41	0.01453	0.01162	0.01690	0.02232	0.12038	0.01106	0.01310	0.01724	0.02043	0.02757	0.07685	0.46569	0.09157	0.02618	0.01209	0.00376	0.00680	0.02377	0.00854	0.00960
42	0.02928	0.02131	0.03567	0.12124	0.33030	0.02114	0.06219	0.03491	0.02398	0.18413	0.02430	0.02759	0.01783	0.00993	0.01006	0.00307	0.01146	0.00939	0.00689	0.01533
43	0.06916	0.02568	0.11403	0.03326	0.17640	0.05828	0.08897	0.03107	0.02278	0.11630	0.02808	0.13922	0.02535	0.01368	0.01031	0.00324	0.01141	0.01241	0.00685	0.01350
44	0.02597	0.13194	0.02227	0.01431	0.01913	0.01788	0.01187	0.07420	0.02403	0.14146	0.03097	0.07811	0.02534	0.01680	0.04715	0.00351	0.00855	0.01022	0.28435	0.01195

[dist]
# distance from previous block
# <min> <max>
1	4

[block]
# block no. 5 follows, 15 sequences, length 28
# corresponding to MSA columns:
# 248-275
name=unknown_F
#
# <colnr> <probs for GDERKNQSTAVLIFYWHMCP>
#	G	D	E	R	K	N	Q	S	T	A	V	L	I	F	Y	W	H	M	C	P
0	0.13488	0.21539	0.04122	0.06091	0.20318	0.06156	0.09129	0.03064	0.02136	0.03086	0.01646	0.02072	0.01373	0.00890	0.00844	0.00278	0.01190	0.00750	0.00493	0.01334
1	0.01696	0.01082	0.01424	0.01303	0.01588	0.00989	0.00989	0.02158	0.02825	0.09157	0.53168	0.07069	0.08760	0.01963	0.01160	0.00313	0.00505	0.01728	0.01110	0.01011
2	0.01732	0.00866	0.01299	0.01299	0.01299	0.00866	0.00866	0.01299	0.01299	0.01732	0.01732	0.03030	0.01732	0.03463	0.03896	0.70996	0.00866	0.00866	0.00433	0.00433
3	0.02958	0.21548	0.14198	0.02538	0.03444	0.15251	0.10298	0.08645	0.02583	0.06933	0.01863	0.02101	0.01436	0.00965	0.00893	0.00275	0.01377	0.00760	0.00568	0.01368
4	0.02489	0.01914	0.02559	0.07179	0.14495	0.01817	0.01776	0.07469	0.06896	0.09826	0.05158	0.03315	0.06571	0.01126	0.00936	0.00261	0.00894	0.00959	0.00746	0.23613
5	0.02036	0.02237	0.11474	0.02601	0.07743	0.01778	0.11268	0.02955	0.10292	0.06436	0.10571	0.16503	0.06426	0.01661	0.01111	0.00340	0.00992	0.01534	0.00788	0.01253
6	0.10958	0.06953	0.11712	0.02662	0.11465	0.02364	0.02112	0.12933	0.07346	0.17986	0.02564	0.02581	0.01820	0.01079	0.00924	0.00302	0.01042	0.00852	0.00810	0.01536
7	0.01426	0.01029	0.01353	0.01298	0.01533	0.00956	0.00991	0.01895	0.02782	0.03921	0.54209	0.07734	0.09128	0.02092	0.01191	0.00325	0.00504	0.05609	0.01084	0.00939
8	0.01346	0.01548	0.10145	0.01569	0.01880	0.01052	0.01335	0.01698	0.02035	0.02754	0.09049	0.46027	0.10454	0.02661	0.01208	0.00379	0.00702	0.02377	0.00860	0.00923
9	0.03605	0.03413	0.02867	0.02424	0.03052	0.32181	0.06244	0.04336	0.11087	0.17032	0.02565	0.02567	0.01869	0.01113	0.00966	0.00289	0.01396	0.00852	0.00770	0.01372
10	0.01359	0.01011	0.01222	0.01214	0.01383	0.00998	0.00849	0.01575	0.01877	0.02475	0.10990	0.06859	0.19996	0.25262	0.17747	0.00873	0.01211	0.01582	0.00734	0.00783
11	0.01215	0.00868	0.01157	0.01388	0.01446	0.00810	0.00925	0.01388	0.01909	0.02545	0.05495	0.64315	0.06593	0.03123	0.01272	0.00405	0.00578	0.02834	0.00925	0.00810
12	0.02675	0.08997	0.13192	0.03517	0.08372	0.17096	0.25477	0.03355	0.02397	0.02932	0.01799	0.02267	0.01402	0.00908	0.01012	0.00300	0.01587	0.00899	0.00486	0.01330
13	0.03734	0.07719	0.11927	0.02162	0.03072	0.01906	0.06828	0.04278	0.02619	0.40542	0.03203	0.02974	0.02089	0.01120	0.00979	0.00304	0.01042	0.00937	0.00970	0.01594
14	0.01215	0.00868	0.01157	0.01388	0.01446	0.00810	0.00925	0.01388	0.01909	0.02545	0.05495	0.64315	0.06593	0.03123	0.01272	0.00405	0.00578	0.02834	0.00925	0.00810
15	0.01555	0.01275	0.02030	0.01706	0.02060	0.01183	0.09245	0.02082	0.02750	0.03874	0.49606	0.06717	0.08196	0.01854	0.01176	0.00317	0.00656	0.01707	0.01006	0.01003
16	0.03060	0.35057	0.04085	0.02299	0.07548	0.12141	0.01841	0.07904	0.06350	0.08213	0.01963	0.02088	0.01576	0.00982	0.00800	0.00252	0.01151	0.00697	0.00610	0.01381
17	0.02483	0.02524	0.03921	0.14500	0.40896	0.07811	0.07299	0.03076	0.02285	0.03064	0.01840	0.02454	0.01507	0.00914	0.00996	0.00301	0.01306	0.00889	0.00488	0.01446
18	0.03587	0.02727	0.03153	0.02880	0.11622	0.02981	0.02073	0.47397	0.04317	0.05819	0.02314	0.02405	0.01678	0.01149	0.00996	0.00299	0.01110	0.00896	0.00920	0.01678
19	0.29268	0.15760	0.03047	0.02653	0.16158	0.02517	0.01763	0.03277	0.02091	0.12353	0.01908	0.02103	0.01464	0.00949	0.00774	0.00285	0.00949	0.00697	0.00642	0.01343
20	0.01529	0.01692	0.10109	0.01343	0.01883	0.01110	0.01254	0.01929	0.02286	0.06638	0.08404	0.08023	0.45780	0.02195	0.01131	0.00331	0.00677	0.01819	0.00869	0.00997
21	0.01818	0.01943	0.10885	0.22028	0.03773	0.01602	0.01992	0.02442	0.02406	0.06422	0.24957	0.04918	0.07793	0.01504	0.01071	0.00321	0.00934	0.01305	0.00773	0.01115
22	0.13080	0.07886	0.12110	0.06622	0.03227	0.02044	0.04933	0.03877	0.02403	0.30067	0.02732	0.02682	0.01832	0.01070	0.00917	0.00305	0.01042	0.00854	0.00843	0.01473
23	0.02116	0.08917	0.32062	0.02248	0.03227	0.02143	0.02549	0.03023	0.05332	0.07016	0.10146	0.03581	0.07337	0.01303	0.01107	0.00316	0.04579	0.01023	0.00643	0.01333
24	0.01341	0.01542	0.10143	0.01579	0.01881	0.01049	0.01337	0.01685	0.02006	0.02716	0.07667	0.48428	0.09438	0.02699	0.01212	0.00382	0.00706	0.02415	0.00856	0.00920
25	0.02945	0.06739	0.23151	0.11583	0.03958	0.02381	0.02562	0.15018	0.02816	0.15746	0.02356	0.02501	0.01628	0.01066	0.00961	0.00307	0.01211	0.00841	0.00726	0.01503
26	0.10829	0.02807	0.12109	0.07959	0.16654	0.05579	0.10716	0.06306	0.02426	0.11993	0.02143	0.02462	0.01568	0.00980	0.00967	0.00309	0.01248	0.00874	0.00637	0.01433
27	0.02272	0.17023	0.17532	0.02826	0.11790	0.02424	0.07218	0.02922	0.02125	0.03021	0.01728	0.02091	0.01399	0.00847	0.00846	0.00244	0.01147	0.00714	0.00490	0.21341

[dist]
# distance from previous block
# <min> <max>
1	11

[block]
# block no. 6 follows, 15 sequences, length 6
# corresponding to MSA columns:
# 287-292
name=unknown_G
#
# <colnr> <probs for GDERKNQSTAVLIFYWHMCP>
#	G	D	E	R	K	N	Q	S	T	A	V	L	I	F	Y	W	H	M	C	P
0	0.02412	0.05141	0.12107	0.02220	0.02929	0.01747	0.10964	0.03013	0.02383	0.15694	0.14983	0.03969	0.03597	0.02357	0.11399	0.00534	0.01335	0.01157	0.00786	0.01273
1	0.05712	0.02779	0.12787	0.05594	0.12852	0.05606	0.05660	0.05813	0.19389	0.03564	0.02841	0.08122	0.02367	0.01262	0.01004	0.00325	0.01108	0.01094	0.00707	0.01414
2	0.06936	0.07631	0.26265	0.02497	0.03516	0.06372	0.05453	0.12665	0.12047	0.03864	0.02232	0.02384	0.01650	0.01053	0.00937	0.00307	0.01253	0.00825	0.00647	0.01466
3	0.42478	0.13557	0.12253	0.01681	0.02499	0.02486	0.01669	0.03132	0.01916	0.08242	0.01659	0.01841	0.01256	0.00941	0.00708	0.00293	0.00950	0.00609	0.00599	0.01231
4	0.13702	0.01929	0.11721	0.01768	0.02247	0.01603	0.01642	0.02219	0.01706	0.02834	0.02295	0.03204	0.02034	0.05208	0.40126	0.01155	0.02134	0.00919	0.00529	0.01024
5	0.06441	0.13029	0.02731	0.02371	0.11952	0.02048	0.01624	0.02701	0.05408	0.06060	0.02915	0.03401	0.06436	0.03189	0.20363	0.00703	0.01494	0.00961	0.00617	0.05556

[dist]
# distance from previous block
# <min> <max>
0	1

[block]
# block no. 7 follows, 15 sequences, length 38
# corresponding to MSA columns:
# 294-331
name=unknown_H
#
# <colnr> <probs for GDERKNQSTAVLIFYWHMCP>
#	G	D	E	R	K	N	Q	S	T	A	V	L	I	F	Y	W	H	M	C	P
0	0.12437	0.07686	0.03452	0.03165	0.14651	0.08999	0.10838	0.06367	0.05596	0.07401	0.02245	0.05965	0.01877	0.01135	0.01048	0.00309	0.03872	0.00967	0.00645	0.01347
1	0.07847	0.02293	0.03374	0.10314	0.03847	0.02419	0.14923	0.21785	0.03129	0.08799	0.02613	0.03565	0.02097	0.01251	0.01059	0.00333	0.01205	0.06959	0.00788	0.01399
2	0.03790	0.02792	0.02992	0.02294	0.03091	0.03091	0.01895	0.55423	0.04687	0.06283	0.02393	0.02393	0.01695	0.01197	0.00997	0.00299	0.01097	0.00898	0.00997	0.01695
3	0.03724	0.04751	0.02825	0.02568	0.03082	0.60963	0.01926	0.03981	0.02825	0.02440	0.01541	0.01798	0.01284	0.01027	0.00899	0.00257	0.01798	0.00642	0.00514	0.01156
4	0.01381	0.01018	0.01291	0.01223	0.01471	0.00928	0.00917	0.01824	0.02751	0.03831	0.52059	0.07722	0.15673	0.02100	0.01176	0.00316	0.00475	0.01841	0.01075	0.00928
5	0.01385	0.01099	0.01670	0.08727	0.02308	0.01091	0.04301	0.01693	0.02061	0.02769	0.11606	0.46195	0.06039	0.02601	0.01222	0.00381	0.00717	0.02376	0.00866	0.00893
6	0.02115	0.10023	0.03043	0.32938	0.04744	0.02405	0.02190	0.02968	0.09587	0.02838	0.02005	0.02547	0.01580	0.01045	0.01085	0.00298	0.05748	0.00830	0.00541	0.11469
7	0.02088	0.01497	0.01830	0.01843	0.02209	0.01587	0.01503	0.03313	0.20978	0.07869	0.04779	0.14471	0.04657	0.02197	0.01210	0.00399	0.00827	0.24572	0.00977	0.01193
8	0.01229	0.00878	0.01169	0.01379	0.01449	0.00819	0.00926	0.01423	0.01974	0.02648	0.09248	0.60267	0.06794	0.03046	0.01266	0.00398	0.00571	0.02761	0.00938	0.00819
9	0.72007	0.01928	0.01465	0.01311	0.01928	0.02236	0.01080	0.02930	0.01697	0.04473	0.01388	0.01619	0.01080	0.00925	0.00617	0.00308	0.00771	0.00540	0.00617	0.01080
10	0.01424	0.01068	0.01602	0.01602	0.01780	0.01246	0.01246	0.01780	0.01602	0.02314	0.02670	0.03916	0.02492	0.07477	0.61015	0.01602	0.02670	0.01068	0.00534	0.00890
11	0.01514	0.00961	0.01062	0.01062	0.01099	0.00961	0.00619	0.01588	0.01551	0.02215	0.03159	0.06080	0.03455	0.54880	0.04382	0.00850	0.00887	0.01367	0.11652	0.00655
12	0.04152	0.02211	0.02632	0.02018	0.02802	0.02229	0.01667	0.28613	0.03715	0.34466	0.03210	0.02923	0.02105	0.01216	0.01000	0.00304	0.00965	0.00953	0.01123	0.01696
13	0.01390	0.01174	0.01885	0.01784	0.02028	0.01084	0.09471	0.01679	0.02025	0.02666	0.05534	0.47566	0.12417	0.02686	0.01245	0.00385	0.00743	0.02479	0.00859	0.00898
14	0.01365	0.01061	0.01247	0.01211	0.01488	0.00971	0.00903	0.01851	0.05219	0.03431	0.34397	0.11739	0.26958	0.02254	0.01175	0.00329	0.00506	0.01947	0.01019	0.00927
15	0.72007	0.01928	0.01465	0.01311	0.01928	0.02236	0.01080	0.02930	0.01697	0.04473	0.01388	0.01619	0.01080	0.00925	0.00617	0.00308	0.00771	0.00540	0.00617	0.01080
16	0.01489	0.01163	0.01587	0.01583	0.01806	0.01109	0.04488	0.05851	0.02218	0.02910	0.05748	0.46700	0.14051	0.02726	0.01229	0.00381	0.00680	0.02456	0.00904	0.00921
17	0.01875	0.01088	0.01398	0.01438	0.01641	0.01079	0.01073	0.02174	0.02087	0.10142	0.04507	0.33692	0.04729	0.02303	0.01222	0.00358	0.04106	0.06590	0.17522	0.00977
18	0.01883	0.01772	0.02990	0.62569	0.06866	0.02215	0.02769	0.02547	0.01993	0.02547	0.01772	0.02658	0.01329	0.00997	0.00997	0.00332	0.01329	0.00886	0.00443	0.01107
19	0.01409	0.01016	0.01339	0.01309	0.01529	0.00945	0.00989	0.01854	0.02708	0.03803	0.49939	0.12400	0.08901	0.02181	0.01199	0.00332	0.00513	0.05637	0.01070	0.00928
20	0.02179	0.02213	0.03411	0.07634	0.03290	0.02918	0.09008	0.02513	0.01670	0.02513	0.01437	0.02284	0.01336	0.01569	0.02821	0.00415	0.50307	0.00912	0.00445	0.01124
21	0.02635	0.01673	0.01816	0.01533	0.02014	0.01758	0.01219	0.19380	0.06942	0.08756	0.07986	0.03909	0.05986	0.01340	0.00904	0.00279	0.00719	0.01076	0.28804	0.01271
22	0.01233	0.00904	0.01158	0.01322	0.01438	0.00829	0.00905	0.01452	0.02064	0.02735	0.12285	0.50358	0.13822	0.02916	0.01249	0.00385	0.00556	0.02616	0.00946	0.00829
23	0.01904	0.01421	0.01673	0.01599	0.01913	0.01460	0.01207	0.12875	0.07229	0.03775	0.15903	0.28443	0.09187	0.02301	0.01175	0.00358	0.00694	0.04812	0.00982	0.01089
24	0.72007	0.01928	0.01465	0.01311	0.01928	0.02236	0.01080	0.02930	0.01697	0.04473	0.01388	0.01619	0.01080	0.00925	0.00617	0.00308	0.00771	0.00540	0.00617	0.01080
25	0.02527	0.52979	0.16595	0.01942	0.02925	0.03605	0.02118	0.03021	0.02042	0.02515	0.01470	0.01704	0.01276	0.00873	0.00704	0.00235	0.01151	0.00575	0.00425	0.01320
26	0.01654	0.01107	0.01616	0.01576	0.01785	0.01241	0.01214	0.01985	0.01684	0.06549	0.02800	0.04075	0.02576	0.11377	0.52286	0.01457	0.02405	0.01092	0.00592	0.00929
27	0.02211	0.02888	0.23231	0.06679	0.03266	0.01958	0.02314	0.03144	0.08390	0.10019	0.06072	0.03523	0.04761	0.05017	0.07351	0.00488	0.05691	0.01023	0.00673	0.01300
28	0.17090	0.02074	0.06312	0.01780	0.02412	0.01975	0.01503	0.03856	0.22554	0.11219	0.03309	0.10740	0.02749	0.01394	0.00935	0.00320	0.00814	0.01133	0.00870	0.06962
29	0.20604	0.01892	0.02197	0.01729	0.02467	0.01859	0.01428	0.10870	0.02810	0.39431	0.03125	0.02839	0.02035	0.01155	0.00909	0.00307	0.00862	0.00878	0.01055	0.01548
30	0.01210	0.00884	0.01139	0.01344	0.01434	0.00813	0.00906	0.01393	0.01951	0.02562	0.06036	0.57882	0.12677	0.03053	0.01261	0.00397	0.00570	0.02748	0.00925	0.00813
31	0.02602	0.02263	0.03848	0.04880	0.38810	0.02236	0.09601	0.06483	0.02456	0.08001	0.02387	0.07535	0.02053	0.01110	0.01037	0.00311	0.01168	0.01093	0.00623	0.01503
32	0.03966	0.01845	0.02331	0.01838	0.02556	0.01757	0.01501	0.10693	0.09994	0.43020	0.06795	0.03543	0.02838	0.01290	0.01013	0.00311	0.00849	0.01051	0.01170	0.01639
33	0.01297	0.00941	0.01191	0.01344	0.01462	0.00881	0.00942	0.01509	0.01996	0.02620	0.08761	0.40081	0.13259	0.10857	0.01753	0.00469	0.00652	0.08284	0.00893	0.00808
34	0.03062	0.28598	0.03438	0.01740	0.02429	0.02560	0.01547	0.06302	0.02357	0.20923	0.02519	0.02684	0.01927	0.02318	0.12840	0.00526	0.01318	0.00811	0.00740	0.01359
35	0.02535	0.01734	0.02142	0.01610	0.02358	0.01461	0.01300	0.02950	0.02245	0.15046	0.06209	0.02737	0.02237	0.01011	0.01017	0.00215	0.05482	0.00785	0.00750	0.46176
36	0.01285	0.00965	0.01202	0.01323	0.01505	0.00882	0.00970	0.01562	0.02196	0.02863	0.14785	0.34115	0.20804	0.02749	0.01246	0.00379	0.00586	0.08781	0.00951	0.00852
37	0.02914	0.21626	0.03489	0.02164	0.02749	0.21306	0.01812	0.07041	0.02387	0.02795	0.01545	0.01891	0.01343	0.01087	0.01257	0.00267	0.12972	0.00666	0.00519	0.10171

[dist]
# distance from previous block
# <min> <max>
4	8

[block]
# block no. 8 follows, 15 sequences, length 45
# corresponding to MSA columns:
# 340-384
name=unknown_I
#
# <colnr> <probs for GDERKNQSTAVLIFYWHMCP>
#	G	D	E	R	K	N	Q	S	T	A	V	L	I	F	Y	W	H	M	C	P
0	0.21182	0.01357	0.01428	0.01458	0.01746	0.01437	0.01066	0.07264	0.02130	0.03458	0.04039	0.40619	0.04565	0.02317	0.01062	0.00367	0.00684	0.02000	0.00847	0.00974
1	0.01338	0.00938	0.01145	0.01234	0.01292	0.00917	0.00783	0.01447	0.01694	0.02248	0.04491	0.28962	0.08390	0.32801	0.07199	0.00750	0.00902	0.02004	0.00746	0.00720
2	0.02477	0.01795	0.02054	0.01807	0.02195	0.02020	0.01369	0.06370	0.26552	0.10382	0.03427	0.04238	0.02891	0.19078	0.02370	0.00517	0.07146	0.01164	0.00868	0.01278
3	0.02732	0.02050	0.02714	0.02588	0.10729	0.02035	0.05140	0.04154	0.24025	0.13551	0.03091	0.03055	0.02290	0.01098	0.00958	0.00285	0.00902	0.00957	0.00853	0.16793
4	0.02402	0.02289	0.03913	0.17596	0.41051	0.02384	0.06902	0.05564	0.02338	0.03254	0.01890	0.02520	0.01527	0.00923	0.01004	0.00307	0.01248	0.00910	0.00509	0.01468
5	0.01212	0.01000	0.01065	0.01072	0.01373	0.00853	0.00795	0.01488	0.02319	0.02858	0.16267	0.13467	0.47776	0.02504	0.01185	0.00339	0.00506	0.02119	0.00949	0.00853
6	0.02999	0.01743	0.02163	0.01592	0.02433	0.01382	0.01291	0.03420	0.02372	0.25022	0.02609	0.02581	0.01861	0.00930	0.00841	0.00210	0.00781	0.00750	0.00840	0.44181
7	0.48292	0.01712	0.01548	0.01461	0.01997	0.01883	0.01225	0.02672	0.01881	0.03990	0.02434	0.04168	0.02327	0.01389	0.00825	0.00336	0.00807	0.13999	0.00694	0.06362
8	0.03693	0.01547	0.01964	0.01567	0.02187	0.01413	0.01274	0.07225	0.02750	0.40461	0.03647	0.03424	0.02445	0.01211	0.00916	0.00286	0.00755	0.00975	0.20781	0.01480
9	0.02617	0.02741	0.02606	0.06383	0.02853	0.20608	0.01877	0.06386	0.02229	0.02771	0.01827	0.02472	0.01591	0.02209	0.10285	0.00515	0.22295	0.00836	0.05787	0.01112
10	0.01265	0.01013	0.01130	0.01101	0.01400	0.00879	0.00826	0.01599	0.02477	0.03179	0.28041	0.08793	0.40096	0.02343	0.01177	0.00328	0.00492	0.01992	0.00990	0.00879
11	0.03274	0.02259	0.02496	0.02062	0.02739	0.02475	0.01655	0.20869	0.30174	0.15506	0.03514	0.03242	0.02511	0.01281	0.01007	0.00320	0.00897	0.01031	0.01051	0.01638
12	0.01570	0.01201	0.01482	0.01565	0.01784	0.01232	0.01163	0.02391	0.13699	0.03195	0.14059	0.34324	0.06198	0.02514	0.01217	0.00383	0.00653	0.09386	0.00972	0.01009
13	0.02408	0.01709	0.01740	0.01554	0.01840	0.07396	0.01101	0.09901	0.02278	0.10455	0.03080	0.08107	0.03045	0.33322	0.07167	0.00723	0.01149	0.01280	0.00750	0.00995
14	0.01424	0.01068	0.01602	0.01602	0.01780	0.01246	0.01246	0.01780	0.01602	0.02314	0.02670	0.03916	0.02492	0.07477	0.61015	0.01602	0.02670	0.01068	0.00534	0.00890
15	0.01711	0.01490	0.02152	0.01987	0.02098	0.01931	0.01601	0.02015	0.01574	0.02346	0.02154	0.03258	0.02043	0.05303	0.39119	0.01160	0.25600	0.00994	0.00497	0.00966
16	0.13461	0.01624	0.01793	0.01547	0.02029	0.01696	0.01223	0.09881	0.09963	0.11711	0.23885	0.04585	0.04861	0.01496	0.00987	0.00308	0.00691	0.01231	0.05785	0.01244
17	0.58012	0.02039	0.01738	0.01481	0.02134	0.02313	0.01221	0.10649	0.02200	0.08085	0.01689	0.01840	0.01253	0.00983	0.00696	0.00307	0.00823	0.00620	0.00710	0.01206
18	0.01450	0.00966	0.01087	0.01087	0.01087	0.00966	0.00604	0.01450	0.01450	0.01933	0.03141	0.06524	0.03624	0.64965	0.05074	0.00966	0.00966	0.01450	0.00604	0.00604
19	0.04020	0.01801	0.02264	0.01763	0.02472	0.01696	0.01448	0.13820	0.03094	0.42700	0.03565	0.03250	0.02337	0.01218	0.00963	0.00297	0.00846	0.00974	0.09870	0.01600
20	0.01424	0.01068	0.01602	0.01602	0.01780	0.01246	0.01246	0.01780	0.01602	0.02314	0.02670	0.03916	0.02492	0.07477	0.61015	0.01602	0.02670	0.01068	0.00534	0.00890
21	0.01355	0.00920	0.01131	0.01238	0.01297	0.00886	0.00792	0.01501	0.01814	0.02488	0.08445	0.34708	0.05452	0.26381	0.02674	0.00601	0.00711	0.02124	0.04734	0.00748
22	0.01631	0.01234	0.01869	0.01968	0.02239	0.01219	0.05237	0.02096	0.02272	0.02968	0.05069	0.14321	0.05506	0.02648	0.01356	0.00447	0.00947	0.45145	0.00890	0.00940
23	0.01451	0.01196	0.01969	0.01898	0.02130	0.01129	0.09595	0.01771	0.02035	0.02711	0.04913	0.46926	0.05667	0.02709	0.01272	0.00402	0.00802	0.09657	0.00858	0.00910
24	0.26499	0.02303	0.03001	0.24019	0.04452	0.08203	0.12179	0.02949	0.02043	0.03329	0.01663	0.02217	0.01273	0.00945	0.00890	0.00317	0.01250	0.00797	0.00522	0.01148
25	0.01883	0.01772	0.02990	0.62569	0.06866	0.02215	0.02769	0.02547	0.01993	0.02547	0.01772	0.02658	0.01329	0.00997	0.00997	0.00332	0.01329	0.00886	0.00443	0.01107
26	0.01447	0.01053	0.01579	0.01579	0.01744	0.01217	0.01217	0.01744	0.01579	0.02270	0.02600	0.03850	0.02435	0.07174	0.56715	0.06826	0.02534	0.01053	0.00526	0.00856
27	0.01902	0.01530	0.01905	0.02103	0.07669	0.01614	0.01397	0.06790	0.17541	0.03453	0.08117	0.32592	0.04920	0.02184	0.01144	0.00361	0.00730	0.01944	0.00924	0.01178
28	0.02665	0.65565	0.05224	0.01706	0.02559	0.03945	0.01706	0.02985	0.02026	0.02345	0.01386	0.01599	0.01279	0.00853	0.00640	0.00213	0.01066	0.00533	0.00426	0.01279
