[name]
unknown

[dist]
# distance from previous block
# <min> <max>
0	148

[block]
# block no. 0 follows, 12 sequences, length 30
# corresponding to MSA columns:
# 161-190
name=unknown_A
#
# <colnr> <probs for GDERKNQSTAVLIFYWHMCP>
#	G	D	E	R	K	N	Q	S	T	A	V	L	I	F	Y	W	H	M	C	P
0	0.03730	0.02635	0.03764	0.02886	0.03732	0.06871	0.15670	0.14084	0.03330	0.21574	0.03274	0.03898	0.02444	0.01351	0.01177	0.00354	0.01334	0.05298	0.00974	0.01621
1	0.02828	0.02010	0.03379	0.02955	0.07842	0.02005	0.13114	0.03356	0.02635	0.16769	0.12967	0.09897	0.04109	0.01666	0.01530	0.00373	0.08757	0.01480	0.00915	0.01412
2	0.69383	0.02109	0.01603	0.01434	0.02109	0.02446	0.01181	0.03205	0.01856	0.04892	0.01518	0.01771	0.01181	0.01012	0.00675	0.00337	0.00843	0.00590	0.00675	0.01181
3	0.35249	0.02302	0.02293	0.01855	0.02627	0.02487	0.01531	0.16830	0.03068	0.18301	0.02524	0.02494	0.01749	0.01179	0.00895	0.00335	0.00962	0.00825	0.00959	0.01535
4	0.01543	0.01115	0.01457	0.01372	0.01629	0.01029	0.01029	0.02058	0.03086	0.04372	0.54304	0.08145	0.10288	0.02229	0.01286	0.00343	0.00514	0.01972	0.01200	0.01029
5	0.04572	0.02368	0.02848	0.02183	0.03039	0.02363	0.01804	0.24958	0.03979	0.34779	0.03581	0.03244	0.02338	0.01332	0.01094	0.00333	0.01044	0.01047	0.01239	0.01855
6	0.01289	0.01105	0.01105	0.01105	0.01473	0.00920	0.00828	0.01565	0.02485	0.02946	0.11046	0.10493	0.54437	0.02761	0.01289	0.00368	0.00552	0.02301	0.01013	0.00920
7	0.01390	0.01093	0.01256	0.01248	0.01543	0.00958	0.00923	0.01749	0.02676	0.03475	0.27099	0.14600	0.32861	0.02623	0.01298	0.00366	0.00546	0.02254	0.01084	0.00958
8	0.02059	0.01938	0.03270	0.59060	0.07510	0.02422	0.03028	0.02786	0.02180	0.02786	0.01938	0.02907	0.01453	0.01090	0.01090	0.00363	0.01453	0.00969	0.00484	0.01211
9	0.01370	0.01000	0.01290	0.01445	0.01581	0.00920	0.00997	0.01637	0.02340	0.03137	0.16760	0.44669	0.12633	0.03098	0.01359	0.00414	0.00599	0.02780	0.01052	0.00920
10	0.04145	0.03054	0.03272	0.02509	0.03381	0.03381	0.02072	0.51243	0.05127	0.06872	0.02618	0.02618	0.01854	0.01309	0.01091	0.00327	0.01200	0.00982	0.01091	0.01854
11	0.69383	0.02109	0.01603	0.01434	0.02109	0.02446	0.01181	0.03205	0.01856	0.04892	0.01518	0.01771	0.01181	0.01012	0.00675	0.00337	0.00843	0.00590	0.00675	0.01181
12	0.03259	0.08902	0.12749	0.02257	0.03248	0.02575	0.02142	0.14960	0.09945	0.13278	0.02801	0.02794	0.02025	0.01161	0.00994	0.00299	0.01109	0.00903	0.00880	0.13718
13	0.02890	0.22154	0.16044	0.07130	0.03704	0.19232	0.02465	0.03450	0.02482	0.02838	0.02072	0.06893	0.01878	0.01230	0.00951	0.00301	0.01488	0.00908	0.00540	0.01351
14	0.04892	0.01856	0.02530	0.01940	0.02783	0.01603	0.01603	0.05314	0.03121	0.55634	0.04302	0.03711	0.02699	0.01350	0.01096	0.00337	0.00928	0.01096	0.01350	0.01856
15	0.01601	0.01242	0.01773	0.12631	0.02764	0.01272	0.01415	0.02093	0.02714	0.03751	0.34614	0.17511	0.07963	0.02241	0.01269	0.00367	0.00720	0.01998	0.01024	0.01036
16	0.03190	0.02900	0.13041	0.02669	0.03623	0.02298	0.09950	0.07021	0.07620	0.18024	0.02876	0.02983	0.02042	0.01203	0.01279	0.00333	0.06009	0.01004	0.00849	0.11086
17	0.02073	0.01336	0.01501	0.01394	0.01858	0.01190	0.01094	0.02583	0.06048	0.12654	0.09007	0.08945	0.38243	0.02434	0.01256	0.00372	0.00673	0.05107	0.01080	0.01151
18	0.10718	0.01928	0.02437	0.01920	0.02725	0.01792	0.01575	0.05164	0.07939	0.45815	0.04054	0.03565	0.02619	0.01331	0.01058	0.00341	0.00913	0.01063	0.01262	0.01780
19	0.09458	0.02687	0.03318	0.07315	0.03735	0.08074	0.10320	0.19014	0.03359	0.08088	0.02916	0.07685	0.02490	0.01474	0.01131	0.00357	0.01298	0.04948	0.00861	0.01472
20	0.02543	0.08399	0.09358	0.21687	0.12336	0.02536	0.11059	0.03266	0.02411	0.07467	0.02470	0.03546	0.02012	0.01202	0.01113	0.00353	0.01405	0.04798	0.00614	0.01424
21	0.01714	0.01166	0.01433	0.01336	0.01668	0.01039	0.01012	0.02152	0.02914	0.07704	0.38076	0.08503	0.22566	0.02320	0.01273	0.00350	0.00556	0.02004	0.01157	0.01058
22	0.01586	0.01057	0.01189	0.01189	0.01189	0.01057	0.00661	0.01586	0.01586	0.02114	0.03436	0.07135	0.03964	0.61681	0.05550	0.01057	0.01057	0.01586	0.00661	0.00661
23	0.02676	0.02080	0.03541	0.38642	0.11285	0.02323	0.07141	0.03358	0.02414	0.12365	0.02396	0.03033	0.01722	0.01109	0.01108	0.00355	0.01378	0.01021	0.00651	0.01402
24	0.02172	0.01858	0.02277	0.06974	0.02952	0.01503	0.01429	0.02682	0.02334	0.03561	0.07041	0.02895	0.02445	0.00973	0.00881	0.00198	0.00839	0.00805	0.00685	0.55496
25	0.28191	0.02051	0.02185	0.01817	0.02525	0.02168	0.01482	0.08467	0.07751	0.22983	0.03021	0.02977	0.02127	0.01788	0.05506	0.00455	0.01076	0.00918	0.00990	0.01521
26	0.45673	0.02341	0.02204	0.07332	0.02970	0.02690	0.01595	0.15792	0.02747	0.05207	0.01848	0.02104	0.01384	0.01098	0.00825	0.00337	0.00997	0.00730	0.00766	0.01361
27	0.15584	0.02277	0.03126	0.19530	0.17616	0.02523	0.02441	0.08268	0.06724	0.08228	0.02351	0.02767	0.01767	0.01119	0.01010	0.00343	0.01180	0.00931	0.00717	0.01498
28	0.09015	0.02023	0.06856	0.13436	0.03577	0.01839	0.05804	0.03010	0.02224	0.12280	0.03092	0.04894	0.02777	0.17795	0.02315	0.00557	0.01197	0.05351	0.00754	0.01207
29	0.02858	0.02189	0.03464	0.25083	0.22739	0.02359	0.02758	0.03723	0.07210	0.12828	0.02641	0.03089	0.01951	0.01132	0.01089	0.00345	0.01247	0.01018	0.00720	0.01557

[dist]
# distance from previous block
# <min> <max>
0	27

[block]
# block no. 1 follows, 12 sequences, length 16
# corresponding to MSA columns:
# 218-233
name=unknown_B
#
# <colnr> <probs for GDERKNQSTAVLIFYWHMCP>
#	G	D	E	R	K	N	Q	S	T	A	V	L	I	F	Y	W	H	M	C	P
0	0.10028	0.10444	0.09118	0.01789	0.02347	0.01900	0.01606	0.02822	0.01992	0.12040	0.02234	0.02868	0.01824	0.02303	0.02400	0.30655	0.01047	0.00865	0.00648	0.01070
1	0.05705	0.02468	0.09038	0.02576	0.03336	0.02116	0.15070	0.06015	0.08763	0.03743	0.02705	0.03435	0.02203	0.06708	0.01660	0.04902	0.01198	0.01085	0.10092	0.07181
2	0.02153	0.07004	0.02177	0.01487	0.02116	0.01542	0.01153	0.02440	0.02059	0.03110	0.02283	0.03230	0.02090	0.09789	0.01894	0.08883	0.00859	0.00851	0.07989	0.36888
3	0.02592	0.03714	0.24674	0.03519	0.09153	0.02451	0.15381	0.07593	0.02770	0.06889	0.07980	0.03256	0.02581	0.01173	0.01140	0.00347	0.01444	0.01106	0.00679	0.01557
4	0.04145	0.03054	0.03272	0.02509	0.03381	0.03381	0.02072	0.51243	0.05127	0.06872	0.02618	0.02618	0.01854	0.01309	0.01091	0.00327	0.01200	0.00982	0.01091	0.01854
5	0.02385	0.02385	0.03340	0.02863	0.02863	0.03340	0.02385	0.02624	0.01670	0.02624	0.01431	0.02385	0.01431	0.01908	0.03578	0.00477	0.59685	0.00954	0.00477	0.01193
6	0.02021	0.01808	0.02828	0.34960	0.09870	0.02098	0.02440	0.02858	0.06768	0.03233	0.09965	0.10111	0.03516	0.01529	0.01152	0.00366	0.01165	0.01367	0.00703	0.01241
7	0.02927	0.01421	0.01901	0.01607	0.02106	0.01266	0.01266	0.03403	0.03101	0.25554	0.33643	0.06313	0.07152	0.01866	0.01208	0.00341	0.00685	0.01610	0.01262	0.01370
8	0.01826	0.01489	0.01927	0.01904	0.02122	0.01723	0.01442	0.02711	0.12887	0.03065	0.04118	0.23171	0.04220	0.04392	0.20035	0.00863	0.08334	0.01810	0.00830	0.01132
9	0.01771	0.01481	0.02161	0.02038	0.02182	0.01871	0.01626	0.02121	0.01731	0.02555	0.02538	0.03795	0.02393	0.06565	0.43529	0.01424	0.17519	0.01113	0.00557	0.01030
10	0.69383	0.02109	0.01603	0.01434	0.02109	0.02446	0.01181	0.03205	0.01856	0.04892	0.01518	0.01771	0.01181	0.01012	0.00675	0.00337	0.00843	0.00590	0.00675	0.01181
11	0.02262	0.08512	0.02663	0.09150	0.03062	0.02382	0.01742	0.03765	0.22772	0.03748	0.12624	0.10924	0.04441	0.01758	0.01290	0.00365	0.04791	0.01459	0.00923	0.01368
12	0.02586	0.01338	0.01739	0.01539	0.01982	0.01186	0.01188	0.02999	0.02897	0.20884	0.26108	0.13183	0.13624	0.02153	0.01236	0.00356	0.00670	0.01861	0.01201	0.01269
13	0.01795	0.01482	0.02144	0.01839	0.02247	0.01436	0.06932	0.02666	0.09265	0.04206	0.39288	0.07167	0.11107	0.02014	0.01264	0.00351	0.00715	0.01819	0.01102	0.01162
14	0.02986	0.47175	0.11683	0.02155	0.03121	0.11528	0.02172	0.03441	0.02349	0.02692	0.01595	0.01849	0.01398	0.00973	0.00782	0.00254	0.01334	0.00628	0.00479	0.01407
15	0.22572	0.02411	0.02193	0.01855	0.02556	0.09719	0.01464	0.03861	0.08324	0.13636	0.02785	0.06461	0.02234	0.01265	0.00922	0.00306	0.00998	0.00954	0.00853	0.14633

[dist]
# distance from previous block
# <min> <max>
0	18

[block]
# block no. 2 follows, 12 sequences, length 45
# corresponding to MSA columns:
# 252-296
name=unknown_C
#
# <colnr> <probs for GDERKNQSTAVLIFYWHMCP>
#	G	D	E	R	K	N	Q	S	T	A	V	L	I	F	Y	W	H	M	C	P
0	0.08042	0.32022	0.08633	0.02090	0.02954	0.07464	0.02003	0.07742	0.02633	0.08003	0.02326	0.03089	0.02011	0.01234	0.00897	0.00298	0.01208	0.05242	0.00675	0.01434
1	0.42265	0.03112	0.18627	0.01966	0.02880	0.02334	0.02058	0.03133	0.02016	0.04253	0.02056	0.07211	0.01781	0.01234	0.00852	0.00349	0.01065	0.00881	0.00638	0.01289
2	0.02994	0.14850	0.16794	0.08166	0.03936	0.11733	0.02573	0.11315	0.10358	0.03796	0.02302	0.02518	0.01759	0.01145	0.00990	0.00317	0.01394	0.00855	0.00675	0.01532
3	0.02356	0.01293	0.01659	0.01483	0.01899	0.01148	0.01141	0.02777	0.02906	0.17403	0.29472	0.11622	0.16114	0.02191	0.01245	0.00354	0.00639	0.01893	0.01190	0.01214
4	0.01395	0.01061	0.01293	0.01400	0.01619	0.00959	0.01025	0.01702	0.02441	0.03168	0.16311	0.29806	0.23588	0.02944	0.01349	0.00406	0.00620	0.06934	0.01045	0.00934
5	0.02915	0.62337	0.05714	0.01866	0.02799	0.04314	0.01866	0.03265	0.02215	0.02565	0.01516	0.01749	0.01399	0.00933	0.00700	0.00233	0.01166	0.00583	0.00466	0.01399
6	0.02187	0.05640	0.56031	0.03108	0.04719	0.02532	0.04029	0.03453	0.02302	0.03453	0.01957	0.02302	0.01381	0.01036	0.01036	0.00345	0.01611	0.00806	0.00460	0.01611
7	0.02176	0.01255	0.01660	0.01479	0.01847	0.01137	0.01137	0.02673	0.03093	0.14059	0.44855	0.07307	0.08854	0.02063	0.01250	0.00342	0.00593	0.01806	0.01228	0.01185
8	0.01321	0.00979	0.01234	0.01439	0.01561	0.00892	0.00977	0.01527	0.02164	0.02815	0.06978	0.51259	0.16296	0.03290	0.01372	0.00428	0.00617	0.02946	0.01012	0.00892
9	0.02318	0.01220	0.01637	0.01605	0.01911	0.01102	0.01173	0.02627	0.02542	0.17167	0.14181	0.36257	0.06557	0.02653	0.01294	0.00397	0.00690	0.02364	0.01136	0.01170
10	0.01363	0.01007	0.01283	0.01489	0.01627	0.00928	0.01050	0.01599	0.02202	0.02860	0.06919	0.46912	0.15862	0.03256	0.01384	0.00435	0.00654	0.07257	0.01011	0.00904
11	0.03522	0.01905	0.02364	0.01845	0.02618	0.01716	0.01490	0.08169	0.06766	0.27240	0.10984	0.03942	0.03529	0.01352	0.01054	0.00296	0.00855	0.01115	0.01114	0.18124
12	0.01724	0.01217	0.01648	0.01851	0.02053	0.01217	0.01546	0.02129	0.02332	0.03042	0.05323	0.11306	0.05831	0.14298	0.02284	0.00609	0.01014	0.38700	0.00938	0.00938
13	0.01321	0.00979	0.01234	0.01439	0.01561	0.00892	0.00977	0.01527	0.02164	0.02815	0.06978	0.51259	0.16296	0.03290	0.01372	0.00428	0.00617	0.02946	0.01012	0.00892
14	0.04044	0.02360	0.03141	0.07991	0.11981	0.02396	0.02164	0.19155	0.03560	0.27062	0.03192	0.03130	0.02163	0.01251	0.01091	0.00334	0.01120	0.01029	0.01058	0.01777
15	0.02261	0.01938	0.02261	0.01615	0.02584	0.01453	0.01292	0.02745	0.02261	0.03553	0.01938	0.02261	0.01615	0.00807	0.00807	0.00161	0.00807	0.00646	0.00646	0.68346
16	0.02059	0.01938	0.03270	0.59060	0.07510	0.02422	0.03028	0.02786	0.02180	0.02786	0.01938	0.02907	0.01453	0.01090	0.01090	0.00363	0.01453	0.00969	0.00484	0.01211
17	0.04145	0.03054	0.03272	0.02509	0.03381	0.03381	0.02072	0.51243	0.05127	0.06872	0.02618	0.02618	0.01854	0.01309	0.01091	0.00327	0.01200	0.00982	0.01091	0.01854
18	0.01558	0.01168	0.01752	0.01752	0.01947	0.01363	0.01363	0.01947	0.01752	0.02531	0.02921	0.04283	0.02726	0.08178	0.57360	0.01752	0.02921	0.01168	0.00584	0.00974
19	0.02712	0.02342	0.02465	0.02219	0.02835	0.02712	0.01726	0.05794	0.52909	0.04561	0.04438	0.04068	0.03328	0.01479	0.01109	0.00370	0.00863	0.01233	0.01109	0.01726
20	0.04235	0.01834	0.02452	0.06265	0.03021	0.01715	0.01651	0.04925	0.07436	0.42591	0.04069	0.03712	0.02668	0.01334	0.01069	0.00335	0.00926	0.01092	0.06949	0.01723
21	0.02187	0.05640	0.56031	0.03108	0.04719	0.02532	0.04029	0.03453	0.02302	0.03453	0.01957	0.02302	0.01381	0.01036	0.01036	0.00345	0.01611	0.00806	0.00460	0.01611
22	0.02915	0.62337	0.05714	0.01866	0.02799	0.04314	0.01866	0.03265	0.02215	0.02565	0.01516	0.01749	0.01399	0.00933	0.00700	0.00233	0.01166	0.00583	0.00466	0.01399
23	0.01543	0.01115	0.01457	0.01372	0.01629	0.01029	0.01029	0.02058	0.03086	0.04372	0.54304	0.08145	0.10288	0.02229	0.01286	0.00343	0.00514	0.01972	0.01200	0.01029
24	0.01521	0.01114	0.01427	0.01349	0.01616	0.01020	0.01012	0.02015	0.03035	0.04250	0.50598	0.08346	0.14070	0.02275	0.01286	0.00345	0.00518	0.02000	0.01184	0.01020
25	0.02187	0.05640	0.56031	0.03108	0.04719	0.02532	0.04029	0.03453	0.02302	0.03453	0.01957	0.02302	0.01381	0.01036	0.01036	0.00345	0.01611	0.00806	0.00460	0.01611
26	0.01367	0.01036	0.01234	0.01329	0.01523	0.00932	0.00926	0.01622	0.02341	0.03034	0.14978	0.31545	0.23668	0.07295	0.01646	0.00447	0.00618	0.02541	0.01015	0.00903
27	0.02385	0.02385	0.03340	0.02863	0.02863	0.03340	0.02385	0.02624	0.01670	0.02624	0.01431	0.02385	0.01431	0.01908	0.03578	0.00477	0.59685	0.00954	0.00477	0.01193
28	0.02247	0.01435	0.01474	0.01396	0.01764	0.01552	0.01066	0.03568	0.18266	0.04222	0.03835	0.04066	0.02963	0.01336	0.00872	0.00291	0.00620	0.01085	0.46703	0.01240
29	0.02385	0.02385	0.03340	0.02863	0.02863	0.03340	0.02385	0.02624	0.01670	0.02624	0.01431	0.02385	0.01431	0.01908	0.03578	0.00477	0.59685	0.00954	0.00477	0.01193
30	0.69383	0.02109	0.01603	0.01434	0.02109	0.02446	0.01181	0.03205	0.01856	0.04892	0.01518	0.01771	0.01181	0.01012	0.00675	0.00337	0.00843	0.00590	0.00675	0.01181
31	0.69383	0.02109	0.01603	0.01434	0.02109	0.02446	0.01181	0.03205	0.01856	0.04892	0.01518	0.01771	0.01181	0.01012	0.00675	0.00337	0.00843	0.00590	0.00675	0.01181
32	0.35890	0.02280	0.02242	0.01810	0.02588	0.02441	0.01490	0.15425	0.02936	0.15042	0.02356	0.02390	0.01671	0.01135	0.00868	0.00322	0.00945	0.00788	0.00905	0.06475
33	0.01519	0.01114	0.01423	0.01346	0.01614	0.01018	0.01009	0.02010	0.03028	0.04234	0.50114	0.08372	0.14564	0.02281	0.01286	0.00345	0.00518	0.02004	0.01182	0.01018
34	0.02394	0.01365	0.01402	0.01271	0.01631	0.01421	0.00986	0.10868	0.02772	0.04545	0.03396	0.03818	0.02634	0.01277	0.00818	0.00267	0.00626	0.01010	0.56339	0.01160
35	0.08789	0.01601	0.02058	0.01689	0.02301	0.01457	0.01356	0.03938	0.03007	0.32572	0.22631	0.05201	0.05394	0.01649	0.01133	0.00339	0.00768	0.01381	0.01240	0.01495
36	0.08748	0.02477	0.04617	0.03370	0.04343	0.02309	0.28868	0.04138	0.02717	0.22728	0.02920	0.03130	0.02000	0.01084	0.01168	0.00354	0.01425	0.01161	0.00854	0.01589
37	0.02059	0.01938	0.03270	0.59060	0.07510	0.02422	0.03028	0.02786	0.02180	0.02786	0.01938	0.02907	0.01453	0.01090	0.01090	0.00363	0.01453	0.00969	0.00484	0.01211
38	0.02227	0.01362	0.01740	0.01552	0.01945	0.01293	0.01195	0.02981	0.08045	0.13086	0.40865	0.06987	0.08309	0.02005	0.01236	0.00345	0.00619	0.01750	0.01217	0.01238
39	0.01460	0.01124	0.01691	0.01790	0.01947	0.01058	0.04753	0.01732	0.02163	0.02880	0.05708	0.52176	0.06716	0.03195	0.01395	0.00443	0.00756	0.07097	0.00978	0.00940
40	0.02924	0.06658	0.09010	0.15738	0.04738	0.02461	0.13898	0.07776	0.02754	0.13059	0.02848	0.03832	0.02233	0.01292	0.01147	0.00360	0.01377	0.05656	0.00760	0.01478
41	0.03226	0.01724	0.02573	0.22619	0.04286	0.01772	0.02015	0.03717	0.02594	0.26991	0.03748	0.13647	0.03053	0.01624	0.01147	0.00366	0.01066	0.01408	0.00975	0.01448
42	0.01694	0.00995	0.01156	0.01258	0.01430	0.00961	0.00889	0.02066	0.02261	0.03538	0.08385	0.28766	0.05246	0.02262	0.01071	0.00342	0.00562	0.01981	0.34176	0.00961
43	0.01573	0.01265	0.01586	0.07206	0.02318	0.01261	0.01292	0.02160	0.06879	0.03182	0.11345	0.24867	0.21275	0.02662	0.01306	0.00402	0.00735	0.06675	0.00985	0.01028
44	0.02611	0.09999	0.34223	0.11666	0.04710	0.07514	0.03312	0.03554	0.02408	0.07196	0.02068	0.02424	0.01497	0.01067	0.01013	0.00331	0.01525	0.00824	0.00542	0.01516

[dist]
# distance from previous block
# <min> <max>
4	30

[block]
# block no. 3 follows, 12 sequences, length 172
# corresponding to MSA columns:
# 327-372,377-443,457-515
name=unknown_D
#
# <colnr> <probs for GDERKNQSTAVLIFYWHMCP>
#	G	D	E	R	K	N	Q	S	T	A	V	L	I	F	Y	W	H	M	C	P
0	0.01721	0.01379	0.01776	0.07001	0.02467	0.01308	0.01323	0.02266	0.06327	0.03103	0.04582	0.37625	0.05092	0.02451	0.01209	0.00366	0.00768	0.02194	0.00888	0.16152
1	0.04892	0.01856	0.02530	0.01940	0.02783	0.01603	0.01603	0.05314	0.03121	0.55634	0.04302	0.03711	0.02699	0.01350	0.01096	0.00337	0.00928	0.01096	0.01350	0.01856
2	0.02238	0.02160	0.03779	0.43381	0.17460	0.02486	0.07064	0.02964	0.02277	0.03010	0.01984	0.02865	0.01528	0.01051	0.01104	0.00355	0.01452	0.00996	0.00502	0.01343
3	0.02998	0.02543	0.02543	0.06630	0.03171	0.12150	0.01638	0.03454	0.02545	0.11427	0.02258	0.02484	0.01730	0.00975	0.00909	0.00228	0.01099	0.00753	0.00726	0.39737
4	0.69383	0.02109	0.01603	0.01434	0.02109	0.02446	0.01181	0.03205	0.01856	0.04892	0.01518	0.01771	0.01181	0.01012	0.00675	0.00337	0.00843	0.00590	0.00675	0.01181
5	0.02187	0.05640	0.56031	0.03108	0.04719	0.02532	0.04029	0.03453	0.02302	0.03453	0.01957	0.02302	0.01381	0.01036	0.01036	0.00345	0.01611	0.00806	0.00460	0.01611
6	0.01586	0.01057	0.01189	0.01189	0.01189	0.01057	0.00661	0.01586	0.01586	0.02114	0.03436	0.07135	0.03964	0.61681	0.05550	0.01057	0.01057	0.01586	0.00661	0.00661
7	0.02712	0.02342	0.02465	0.02219	0.02835	0.02712	0.01726	0.05794	0.52909	0.04561	0.04438	0.04068	0.03328	0.01479	0.01109	0.00370	0.00863	0.01233	0.01109	0.01726
8	0.01413	0.01009	0.01362	0.01615	0.01715	0.00958	0.01159	0.01664	0.02171	0.02878	0.05963	0.51389	0.07027	0.03336	0.01414	0.00454	0.00706	0.11847	0.01011	0.00909
9	0.02059	0.01938	0.03270	0.59060	0.07510	0.02422	0.03028	0.02786	0.02180	0.02786	0.01938	0.02907	0.01453	0.01090	0.01090	0.00363	0.01453	0.00969	0.00484	0.01211
10	0.04892	0.01856	0.02530	0.01940	0.02783	0.01603	0.01603	0.05314	0.03121	0.55634	0.04302	0.03711	0.02699	0.01350	0.01096	0.00337	0.00928	0.01096	0.01350	0.01856
11	0.01586	0.01057	0.01189	0.01189	0.01189	0.01057	0.00661	0.01586	0.01586	0.02114	0.03436	0.07135	0.03964	0.61681	0.05550	0.01057	0.01057	0.01586	0.00661	0.00661
12	0.01328	0.00949	0.01265	0.01518	0.01581	0.00886	0.01012	0.01518	0.02088	0.02783	0.06010	0.60969	0.07212	0.03416	0.01392	0.00443	0.00633	0.03100	0.01012	0.00886
13	0.04073	0.05197	0.03090	0.02809	0.03371	0.57303	0.02107	0.04354	0.03090	0.02669	0.01685	0.01966	0.01404	0.01124	0.00983	0.00281	0.01966	0.00702	0.00562	0.01264
14	0.69383	0.02109	0.01603	0.01434	0.02109	0.02446	0.01181	0.03205	0.01856	0.04892	0.01518	0.01771	0.01181	0.01012	0.00675	0.00337	0.00843	0.00590	0.00675	0.01181
15	0.02059	0.01938	0.03270	0.59060	0.07510	0.02422	0.03028	0.02786	0.02180	0.02786	0.01938	0.02907	0.01453	0.01090	0.01090	0.00363	0.01453	0.00969	0.00484	0.01211
16	0.01325	0.00962	0.01252	0.01484	0.01572	0.00889	0.00997	0.01522	0.02121	0.02797	0.06431	0.56749	0.11160	0.03361	0.01383	0.00437	0.00626	0.03033	0.01012	0.00889
17	0.02915	0.62337	0.05714	0.01866	0.02799	0.04314	0.01866	0.03265	0.02215	0.02565	0.01516	0.01749	0.01399	0.00933	0.00700	0.00233	0.01166	0.00583	0.00466	0.01399
18	0.01328	0.00949	0.01265	0.01518	0.01581	0.00886	0.01012	0.01518	0.02088	0.02783	0.06010	0.60969	0.07212	0.03416	0.01392	0.00443	0.00633	0.03100	0.01012	0.00886
19	0.03892	0.02464	0.02786	0.02245	0.03024	0.02634	0.01819	0.22632	0.20335	0.20527	0.03718	0.03421	0.02592	0.01377	0.01099	0.00344	0.01008	0.01099	0.01173	0.01812
20	0.02574	0.02941	0.06434	0.04596	0.05699	0.02757	0.50919	0.03493	0.02574	0.03493	0.02206	0.02941	0.01654	0.00919	0.01287	0.00368	0.01838	0.01287	0.00551	0.01471
21	0.04892	0.01856	0.02530	0.01940	0.02783	0.01603	0.01603	0.05314	0.03121	0.55634	0.04302	0.03711	0.02699	0.01350	0.01096	0.00337	0.00928	0.01096	0.01350	0.01856
22	0.02187	0.05640	0.56031	0.03108	0.04719	0.02532	0.04029	0.03453	0.02302	0.03453	0.01957	0.02302	0.01381	0.01036	0.01036	0.00345	0.01611	0.00806	0.00460	0.01611
23	0.04594	0.02507	0.02805	0.02188	0.03016	0.06893	0.01789	0.19265	0.03731	0.36222	0.03564	0.03228	0.02331	0.01318	0.01085	0.00329	0.01099	0.01028	0.01203	0.01805
24	0.01543	0.01115	0.01457	0.01372	0.01629	0.01029	0.01029	0.02058	0.03086	0.04372	0.54304	0.08145	0.10288	0.02229	0.01286	0.00343	0.00514	0.01972	0.01200	0.01029
25	0.03338	0.02314	0.03197	0.02578	0.03081	0.02639	0.06056	0.13668	0.02895	0.17390	0.02885	0.07819	0.02362	0.01681	0.02025	0.00397	0.22078	0.01208	0.00886	0.01503
26	0.03521	0.03275	0.15128	0.03017	0.04098	0.02595	0.14639	0.17472	0.03377	0.17597	0.02798	0.02908	0.01916	0.01163	0.01130	0.00344	0.01379	0.01050	0.00886	0.01706
27	0.01328	0.00949	0.01265	0.01518	0.01581	0.00886	0.01012	0.01518	0.02088	0.02783	0.06010	0.60969	0.07212	0.03416	0.01392	0.00443	0.00633	0.03100	0.01012	0.00886
28	0.01441	0.01088	0.01331	0.01318	0.01578	0.00978	0.00970	0.01841	0.02773	0.03742	0.35170	0.16495	0.22188	0.02551	0.01302	0.00365	0.00542	0.02228	0.01120	0.00978
29	0.07930	0.12736	0.03693	0.08899	0.03773	0.08172	0.06187	0.18757	0.07024	0.08896	0.02439	0.02616	0.01810	0.01167	0.01006	0.00320	0.01277	0.00916	0.00818	0.01563
30	0.04892	0.01856	0.02530	0.01940	0.02783	0.01603	0.01603	0.05314	0.03121	0.55634	0.04302	0.03711	0.02699	0.01350	0.01096	0.00337	0.00928	0.01096	0.01350	0.01856
31	0.02176	0.02463	0.09457	0.44341	0.14749	0.02462	0.03193	0.02951	0.02242	0.02986	0.01958	0.02805	0.01489	0.01065	0.01082	0.00355	0.01446	0.00951	0.00491	0.01339
32	0.02712	0.02342	0.02465	0.02219	0.02835	0.02712	0.01726	0.05794	0.52909	0.04561	0.04438	0.04068	0.03328	0.01479	0.01109	0.00370	0.00863	0.01233	0.01109	0.01726
33	0.02692	0.09016	0.07177	0.01913	0.02658	0.02099	0.01685	0.03854	0.14852	0.12281	0.15339	0.04278	0.04224	0.01430	0.01048	0.00307	0.00880	0.01183	0.00967	0.12117
34	0.04061	0.02231	0.08591	0.06934	0.03313	0.01731	0.01953	0.04613	0.02944	0.40870	0.08012	0.03852	0.03077	0.01365	0.01105	0.00341	0.01016	0.01126	0.01162	0.01703
35	0.10212	0.01876	0.02454	0.01898	0.02728	0.01672	0.01568	0.05140	0.03016	0.51449	0.04072	0.03551	0.02574	0.01322	0.01062	0.00337	0.00921	0.01055	0.01294	0.01800
36	0.04892	0.01856	0.02530	0.01940	0.02783	0.01603	0.01603	0.05314	0.03121	0.55634	0.04302	0.03711	0.02699	0.01350	0.01096	0.00337	0.00928	0.01096	0.01350	0.01856
37	0.02862	0.50415	0.05025	0.01863	0.02714	0.03863	0.01788	0.07139	0.02558	0.03131	0.07614	0.02549	0.02449	0.01112	0.00799	0.00254	0.01095	0.00774	0.00602	0.01395
38	0.09573	0.02960	0.03488	0.02654	0.03536	0.03230	0.07553	0.41682	0.04555	0.06317	0.02476	0.02582	0.01774	0.01239	0.01077	0.00333	0.01242	0.00983	0.00994	0.01753
39	0.04892	0.01856	0.02530	0.01940	0.02783	0.01603	0.01603	0.05314	0.03121	0.55634	0.04302	0.03711	0.02699	0.01350	0.01096	0.00337	0.00928	0.01096	0.01350	0.01856
40	0.01328	0.00949	0.01265	0.01518	0.01581	0.00886	0.01012	0.01518	0.02088	0.02783	0.06010	0.60969	0.07212	0.03416	0.01392	0.00443	0.00633	0.03100	0.01012	0.00886
41	0.04642	0.01939	0.02746	0.02481	0.08710	0.01715	0.01801	0.05090	0.03048	0.49710	0.04046	0.03596	0.02588	0.01307	0.01095	0.00336	0.00970	0.01082	0.01257	0.01841
42	0.40586	0.02152	0.02067	0.01737	0.02463	0.02348	0.01420	0.08031	0.08247	0.17418	0.02622	0.02577	0.01852	0.01173	0.00862	0.00340	0.00896	0.00820	0.00924	0.01464
43	0.01455	0.01040	0.01406	0.01629	0.01756	0.00991	0.01201	0.01751	0.02279	0.03040	0.10066	0.44188	0.07237	0.03213	0.01412	0.00449	0.00716	0.14216	0.01026	0.00928
44	0.02471	0.02219	0.03533	0.44539	0.06629	0.02620	0.06837	0.11410	0.02734	0.03567	0.02080	0.02859	0.01541	0.01115	0.01107	0.00357	0.01441	0.00998	0.00597	0.01346
45	0.63718	0.07242	0.01953	0.01471	0.02167	0.02605	0.01239	0.03210	0.01886	0.04694	0.01518	0.01769	0.01199	0.01005	0.00677	0.00329	0.00871	0.00590	0.00657	0.01199
46	0.69383	0.02109	0.01603	0.01434	0.02109	0.02446	0.01181	0.03205	0.01856	0.04892	0.01518	0.01771	0.01181	0.01012	0.00675	0.00337	0.00843	0.00590	0.00675	0.01181
47	0.01358	0.00989	0.01279	0.01457	0.01579	0.00911	0.00997	0.01605	0.02278	0.03041	0.13862	0.48158	0.12116	0.03173	0.01366	0.00421	0.00607	0.02852	0.01041	0.00911
48	0.40466	0.02210	0.02087	0.01766	0.02483	0.02452	0.01440	0.09438	0.10529	0.13668	0.02578	0.02560	0.01855	0.01177	0.00862	0.00341	0.00901	0.00822	0.00905	0.01458
49	0.08204	0.02892	0.07306	0.11734	0.03854	0.08759	0.02174	0.11638	0.15155	0.12810	0.02981	0.03035	0.02144	0.01254	0.01049	0.00342	0.01211	0.00984	0.00893	0.01579
50	0.02914	0.09609	0.15456	0.02061	0.03095	0.02041	0.02066	0.03556	0.02538	0.16326	0.06333	0.03003	0.02441	0.01114	0.00956	0.00270	0.01048	0.00886	0.00796	0.23490
51	0.01522	0.01114	0.01428	0.01350	0.01616	0.01020	0.01012	0.02017	0.03036	0.04254	0.50710	0.08340	0.13955	0.02273	0.01286	0.00345	0.00518	0.01999	0.01185	0.01020
52	0.03555	0.02599	0.03572	0.08249	0.13948	0.02740	0.06347	0.22272	0.07776	0.13486	0.02844	0.02987	0.02041	0.01212	0.01107	0.00338	0.01220	0.01044	0.00930	0.01732
53	0.03067	0.17554	0.21841	0.07083	0.03852	0.02730	0.02632	0.04016	0.06788	0.16274	0.02646	0.02722	0.01886	0.01132	0.00982	0.00320	0.01259	0.00875	0.00741	0.01599
54	0.03079	0.01476	0.02027	0.01907	0.02392	0.01355	0.01580	0.03500	0.02718	0.26326	0.05158	0.15594	0.04832	0.02337	0.01308	0.00421	0.00916	0.20553	0.01158	0.01363
55	0.02059	0.01938	0.03270	0.59060	0.07510	0.02422	0.03028	0.02786	0.02180	0.02786	0.01938	0.02907	0.01453	0.01090	0.01090	0.00363	0.01453	0.00969	0.00484	0.01211
56	0.07481	0.02129	0.03179	0.31098	0.05367	0.02411	0.06419	0.11102	0.02756	0.08222	0.02594	0.07797	0.02115	0.01327	0.01103	0.00360	0.01284	0.01163	0.00725	0.01366
57	0.02526	0.08442	0.12702	0.14177	0.04623	0.02605	0.13500	0.03469	0.06588	0.07315	0.06690	0.03263	0.02468	0.01234	0.01287	0.00354	0.05566	0.01092	0.00670	0.01429
58	0.02270	0.01122	0.01243	0.01216	0.01525	0.01098	0.00954	0.02769	0.02390	0.08816	0.03879	0.04969	0.03182	0.01476	0.00878	0.00290	0.00604	0.06317	0.53908	0.01094
59	0.01450	0.01064	0.01360	0.01385	0.01597	0.00974	0.01001	0.01841	0.02720	0.03736	0.34969	0.24177	0.14393	0.02644	0.01318	0.00376	0.00554	0.02346	0.01123	0.00974
60	0.02995	0.51909	0.05529	0.02187	0.03099	0.09158	0.06069	0.03387	0.02328	0.02654	0.01591	0.01871	0.01421	0.00950	0.00776	0.00249	0.01298	0.00654	0.00483	0.01393
61	0.01384	0.00992	0.01315	0.01480	0.01594	0.00923	0.01016	0.01658	0.02347	0.03196	0.18538	0.47265	0.08010	0.03108	0.01364	0.00417	0.00602	0.02807	0.01061	0.00923
62	0.01328	0.00949	0.01265	0.01518	0.01581	0.00886	0.01012	0.01518	0.02088	0.02783	0.06010	0.60969	0.07212	0.03416	0.01392	0.00443	0.00633	0.03100	0.01012	0.00886
63	0.04095	0.01679	0.02275	0.01805	0.02509	0.01466	0.01466	0.04539	0.03113	0.43436	0.16200	0.04766	0.04505	0.01559	0.01142	0.00339	0.00829	0.01305	0.01314	0.01659
64	0.02187	0.05640	0.56031	0.03108	0.04719	0.02532	0.04029	0.03453	0.02302	0.03453	0.01957	0.02302	0.01381	0.01036	0.01036	0.00345	0.01611	0.00806	0.00460	0.01611
65	0.01364	0.00974	0.01306	0.01559	0.01638	0.00916	0.01074	0.01580	0.02123	0.02823	0.05990	0.56936	0.07134	0.03383	0.01401	0.00448	0.00663	0.06782	0.01011	0.00895
66	0.02308	0.15048	0.47682	0.02902	0.04400	0.02828	0.03670	0.03422	0.02288	0.03306	0.01884	0.02210	0.01384	0.01019	0.00980	0.00327	0.01538	0.00769	0.00461	0.01576
67	0.04892	0.01856	0.02530	0.01940	0.02783	0.01603	0.01603	0.05314	0.03121	0.55634	0.04302	0.03711	0.02699	0.01350	0.01096	0.00337	0.00928	0.01096	0.01350	0.01856
68	0.02059	0.01938	0.03270	0.59060	0.07510	0.02422	0.03028	0.02786	0.02180	0.02786	0.01938	0.02907	0.01453	0.01090	0.01090	0.00363	0.01453	0.00969	0.00484	0.01211
69	0.01325	0.00964	0.01250	0.01479	0.01571	0.00889	0.00995	0.01523	0.02125	0.02799	0.06483	0.56229	0.11646	0.03355	0.01382	0.00436	0.00625	0.03025	0.01012	0.00889
70	0.02915	0.62337	0.05714	0.01866	0.02799	0.04314	0.01866	0.03265	0.02215	0.02565	0.01516	0.01749	0.01399	0.00933	0.00700	0.00233	0.01166	0.00583	0.00466	0.01399
71	0.01586	0.01057	0.01189	0.01189	0.01189	0.01057	0.00661	0.01586	0.01586	0.02114	0.03436	0.07135	0.03964	0.61681	0.05550	0.01057	0.01057	0.01586	0.00661	0.00661
72	0.02853	0.57464	0.10038	0.01972	0.02964	0.04161	0.02052	0.03281	0.02223	0.02642	0.01554	0.01797	0.01398	0.00942	0.00729	0.00243	0.01204	0.00602	0.00466	0.01417
73	0.02509	0.30684	0.33805	0.02559	0.03871	0.03319	0.03073	0.03370	0.02264	0.03061	0.01762	0.02058	0.01389	0.00990	0.00887	0.00296	0.01415	0.00707	0.00463	0.01518
74	0.02593	0.37293	0.27940	0.02414	0.03647	0.03527	0.02821	0.03348	0.02254	0.02957	0.01711	0.01993	0.01391	0.00978	0.00848	0.00283	0.01363	0.00681	0.00464	0.01493
75	0.01517	0.01084	0.01482	0.01734	0.01880	0.01049	0.01341	0.01845	0.02274	0.02995	0.05905	0.39506	0.06799	0.03238	0.01442	0.00469	0.00796	0.22698	0.01009	0.00938
76	0.02192	0.06828	0.02364	0.01666	0.02382	0.01778	0.01338	0.03088	0.10564	0.03854	0.16554	0.04108	0.04231	0.01312	0.00977	0.00250	0.00767	0.01095	0.00856	0.33797
77	0.02340	0.07159	0.02862	0.01856	0.02832	0.01793	0.04995	0.02845	0.02280	0.03464	0.01922	0.02267	0.01600	0.00826	0.00834	0.00183	0.00914	0.00688	0.00624	0.57717
78	0.01397	0.01037	0.01319	0.01518	0.01680	0.00959	0.01106	0.01661	0.02248	0.02904	0.07041	0.41488	0.17113	0.03204	0.01390	0.00438	0.00682	0.10890	0.01011	0.00914
79	0.02915	0.62337	0.05714	0.01866	0.02799	0.04314	0.01866	0.03265	0.02215	0.02565	0.01516	0.01749	0.01399	0.00933	0.00700	0.00233	0.01166	0.00583	0.00466	0.01399
80	0.02135	0.01740	0.06277	0.01703	0.02189	0.01422	0.01470	0.06688	0.03106	0.09124	0.33469	0.07292	0.11015	0.02074	0.01249	0.00357	0.00748	0.05615	0.01112	0.01216
81	0.02481	0.19535	0.08499	0.06704	0.03753	0.02660	0.10702	0.03088	0.02301	0.03196	0.01868	0.02290	0.01529	0.00903	0.00903	0.00249	0.01209	0.00781	0.00551	0.26799
82	0.14544	0.02422	0.06515	0.07373	0.09073	0.05938	0.02012	0.03961	0.02598	0.24139	0.03180	0.08352	0.02463	0.01383	0.01039	0.00344	0.01098	0.01125	0.00917	0.01522
83	0.01332	0.01018	0.01224	0.01358	0.01547	0.00910	0.00948	0.01580	0.02313	0.02974	0.11851	0.38477	0.24380	0.03082	0.01346	0.00408	0.00594	0.02719	0.01028	0.00910
84	0.09242	0.02527	0.11193	0.07151	0.14958	0.02008	0.02333	0.03612	0.02605	0.18383	0.07701	0.03949	0.06956	0.01354	0.01075	0.00340	0.01084	0.01138	0.00859	0.01532
85	0.03115	0.07500	0.08016	0.17141	0.10347	0.02533	0.06626	0.07122	0.06922	0.15756	0.02748	0.03006	0.01966	0.01153	0.01072	0.00339	0.01268	0.01004	0.00789	0.01578
86	0.02620	0.03085	0.14289	0.22507	0.17124	0.02668	0.06376	0.11278	0.02799	0.03837	0.02101	0.02691	0.01584	0.01077	0.01090	0.00345	0.01432	0.00961	0.00599	0.01537
87	0.01976	0.01213	0.01502	0.01394	0.01760	0.01073	0.01057	0.02372	0.02814	0.11907	0.28632	0.13120	0.22286	0.02364	0.01267	0.00359	0.00603	0.02040	0.01149	0.01113
88	0.03500	0.10243	0.18942	0.07130	0.03849	0.07029	0.02551	0.08028	0.02860	0.21306	0.02737	0.02768	0.01880	0.01165	0.01023	0.00325	0.01310	0.00899	0.00827	0.01629
89	0.08066	0.03185	0.18549	0.16224	0.04722	0.02381	0.06753	0.07770	0.02687	0.15465	0.02525	0.02805	0.01744	0.01131	0.01061	0.00348	0.01345	0.00949	0.00744	0.01547
90	0.02603	0.01332	0.01684	0.01532	0.01981	0.01163	0.01169	0.02929	0.02660	0.21771	0.11055	0.20994	0.19965	0.02383	0.01247	0.00374	0.00703	0.02052	0.01148	0.01253
91	0.02719	0.02852	0.08691	0.17451	0.11007	0.02744	0.17164	0.11932	0.07077	0.04011	0.02360	0.02888	0.01765	0.01092	0.01145	0.00353	0.01470	0.01075	0.00668	0.01537
92	0.03319	0.03514	0.23096	0.03034	0.04224	0.02233	0.14877	0.04175	0.02684	0.23436	0.02917	0.03002	0.01954	0.01127	0.01122	0.00348	0.01407	0.01038	0.00824	0.01670
93	0.22425	0.07369	0.03278	0.07940	0.16635	0.02527	0.06102	0.03302	0.06152	0.03971	0.07975	0.03101	0.02603	0.01167	0.00970	0.00333	0.01086	0.00984	0.00689	0.01392
94	0.01751	0.01166	0.01357	0.01316	0.01668	0.01012	0.00983	0.02072	0.02600	0.09170	0.17222	0.17675	0.32774	0.02614	0.01283	0.00373	0.00602	0.02237	0.01085	0.01041
95	0.02475	0.03642	0.27480	0.16311	0.04746	0.02318	0.03051	0.07719	0.02584	0.08021	0.02677	0.09274	0.02220	0.01372	0.01100	0.00358	0.01364	0.01148	0.00665	0.01476
96	0.08868	0.02935	0.12034	0.11619	0.15812	0.02544	0.02675	0.13544	0.03010	0.12872	0.02465	0.02735	0.01771	0.01136	0.01044	0.00337	0.01252	0.00934	0.00779	0.01634
97	0.03613	0.01653	0.02173	0.01777	0.02409	0.01506	0.01425	0.04286	0.07235	0.34591	0.20711	0.05195	0.05240	0.01649	0.01160	0.00342	0.00787	0.01395	0.01281	0.01574
98	0.01328	0.00949	0.01265	0.01518	0.01581	0.00886	0.01012	0.01518	0.02088	0.02783	0.06010	0.60969	0.07212	0.03416	0.01392	0.00443	0.00633	0.03100	0.01012	0.00886
99	0.03063	0.07860	0.03906	0.19981	0.10608	0.02489	0.10415	0.03878	0.06372	0.16456	0.02742	0.03071	0.01970	0.01129	0.01088	0.00341	0.01294	0.01038	0.00766	0.01532
100	0.02712	0.02342	0.02465	0.02219	0.02835	0.02712	0.01726	0.05794	0.52909	0.04561	0.04438	0.04068	0.03328	0.01479	0.01109	0.00370	0.00863	0.01233	0.01109	0.01726
101	0.10164	0.02013	0.02538	0.01963	0.02795	0.01875	0.01621	0.10364	0.03244	0.45871	0.03879	0.03426	0.02477	0.01317	0.01061	0.00336	0.00952	0.01041	0.01264	0.01799
102	0.02267	0.02250	0.04110	0.39454	0.14637	0.02519	0.13024	0.03021	0.02310	0.03056	0.02012	0.02881	0.01539	0.01036	0.01129	0.00358	0.01508	0.01035	0.00507	0.01347
103	0.02693	0.02236	0.03777	0.27120	0.11205	0.02479	0.10776	0.03529	0.06025	0.10570	0.02468	0.03043	0.01828	0.01180	0.01330	0.00366	0.06209	0.01059	0.00669	0.01440
104	0.56392	0.02541	0.01914	0.01682	0.02361	0.08767	0.01362	0.07430	0.02275	0.04808	0.01631	0.01866	0.01264	0.01050	0.00745	0.00330	0.01002	0.00636	0.00697	0.01248
105	0.03597	0.02506	0.03491	0.08298	0.08279	0.06264	0.10157	0.07716	0.10929	0.22322	0.03258	0.03278	0.02275	0.01223	0.01120	0.00344	0.01243	0.01091	0.00954	0.01657
106	0.01649	0.01188	0.01494	0.01631	0.01786	0.01170	0.01133	0.07175	0.02433	0.03249	0.05624	0.54331	0.06602	0.03176	0.01357	0.00430	0.00697	0.02859	0.01021	0.00996
107	0.01328	0.00949	0.01265	0.01518	0.01581	0.00886	0.01012	0.01518	0.02088	0.02783	0.06010	0.60969	0.07212	0.03416	0.01392	0.00443	0.00633	0.03100	0.01012	0.00886
108	0.02658	0.12997	0.12042	0.28756	0.05412	0.02960	0.02791	0.13036	0.02817	0.03703	0.02011	0.02555	0.01516	0.01100	0.01015	0.00331	0.01377	0.00880	0.00604	0.01440
109	0.02759	0.02367	0.02853	0.10280	0.03630	0.06411	0.06039	0.04607	0.28039	0.08332	0.09358	0.04089	0.03522	0.01425	0.01132	0.00356	0.01075	0.01234	0.00965	0.01530
110	0.69383	0.02109	0.01603	0.01434	0.02109	0.02446	0.01181	0.03205	0.01856	0.04892	0.01518	0.01771	0.01181	0.01012	0.00675	0.00337	0.00843	0.00590	0.00675	0.01181
111	0.01479	0.01011	0.01300	0.01413	0.01562	0.00947	0.00989	0.01811	0.02438	0.03450	0.21568	0.37172	0.07718	0.02783	0.01285	0.00389	0.00580	0.02493	0.08665	0.00947
112	0.02537	0.02574	0.04597	0.03475	0.04333	0.02597	0.29131	0.04197	0.20642	0.03949	0.07361	0.03780	0.02976	0.01229	0.01223	0.00366	0.01378	0.01325	0.00806	0.01525
113	0.01519	0.01096	0.01436	0.01388	0.01624	0.01013	0.01027	0.01996	0.02973	0.04192	0.48809	0.14155	0.09938	0.02364	0.01298	0.00354	0.00528	0.02100	0.01179	0.01013
114	0.04892	0.01856	0.02530	0.01940	0.02783	0.01603	0.01603	0.05314	0.03121	0.55634	0.04302	0.03711	0.02699	0.01350	0.01096	0.00337	0.00928	0.01096	0.01350	0.01856
115	0.01299	0.01064	0.01146	0.01212	0.01501	0.00911	0.00876	0.01553	0.02382	0.02903	0.09737	0.23609	0.42166	0.02931	0.01315	0.00388	0.00573	0.02509	0.01012	0.00911
116	0.01525	0.01101	0.01442	0.01384	0.01625	0.01017	0.01027	0.02013	0.03004	0.04241	0.50320	0.12502	0.10034	0.02327	0.01295	0.00351	0.00524	0.02065	0.01185	0.01017
117	0.69383	0.02109	0.01603	0.01434	0.02109	0.02446	0.01181	0.03205	0.01856	0.04892	0.01518	0.01771	0.01181	0.01012	0.00675	0.00337	0.00843	0.00590	0.00675	0.01181
118	0.02114	0.01994	0.03370	0.54560	0.11581	0.02437	0.03055	0.02834	0.02206	0.02853	0.01948	0.02889	0.01477	0.01080	0.01089	0.00360	0.01440	0.00969	0.00489	0.01256
119	0.02261	0.01938	0.02261	0.01615	0.02584	0.01453	0.01292	0.02745	0.02261	0.03553	0.01938	0.02261	0.01615	0.00807	0.00807	0.00161	0.00807	0.00646	0.00646	0.68346
120	0.04073	0.05197	0.03090	0.02809	0.03371	0.57303	0.02107	0.04354	0.03090	0.02669	0.01685	0.01966	0.01404	0.01124	0.00983	0.00281	0.01966	0.00702	0.00562	0.01264
121	0.02492	0.01324	0.01761	0.01533	0.01956	0.01191	0.01191	0.02980	0.03096	0.18896	0.40137	0.06889	0.08138	0.01980	0.01232	0.00341	0.00632	0.01724	0.01243	0.01263
122	0.69383	0.02109	0.01603	0.01434	0.02109	0.02446	0.01181	0.03205	0.01856	0.04892	0.01518	0.01771	0.01181	0.01012	0.00675	0.00337	0.00843	0.00590	0.00675	0.01181
123	0.02699	0.02591	0.04426	0.06693	0.54879	0.02591	0.03346	0.03346	0.02483	0.03562	0.02051	0.02699	0.01727	0.00972	0.01079	0.00324	0.01295	0.00972	0.00540	0.01727
124	0.04145	0.03054	0.03272	0.02509	0.03381	0.03381	0.02072	0.51243	0.05127	0.06872	0.02618	0.02618	0.01854	0.01309	0.01091	0.00327	0.01200	0.00982	0.01091	0.01854
125	0.03577	0.02750	0.03272	0.17900	0.04505	0.03120	0.02333	0.38055	0.04325	0.05760	0.02433	0.02697	0.01745	0.01249	0.01091	0.00337	0.01269	0.00978	0.00926	0.01679
126	0.01328	0.00949	0.01265	0.01518	0.01581	0.00886	0.01012	0.01518	0.02088	0.02783	0.06010	0.60969	0.07212	0.03416	0.01392	0.00443	0.00633	0.03100	0.01012	0.00886
127	0.01328	0.00949	0.01265	0.01518	0.01581	0.00886	0.01012	0.01518	0.02088	0.02783	0.06010	0.60969	0.07212	0.03416	0.01392	0.00443	0.00633	0.03100	0.01012	0.00886
128	0.04073	0.05197	0.03090	0.02809	0.03371	0.57303	0.02107	0.04354	0.03090	0.02669	0.01685	0.01966	0.01404	0.01124	0.00983	0.00281	0.01966	0.00702	0.00562	0.01264
129	0.04570	0.01865	0.02615	0.08438	0.03321	0.01696	0.01765	0.05026	0.03014	0.49622	0.04033	0.03620	0.02557	0.01320	0.01096	0.00340	0.00988	0.01082	0.01251	0.01782
130	0.01657	0.00948	0.01356	0.01461	0.01488	0.00921	0.00974	0.01461	0.01699	0.02266	0.03615	0.27428	0.04118	0.03632	0.03061	0.39906	0.00815	0.01847	0.00699	0.00646
131	0.03207	0.02588	0.02744	0.02319	0.03024	0.02943	0.01846	0.21509	0.36387	0.05360	0.03809	0.03567	0.02819	0.01420	0.01103	0.00355	0.00979	0.01146	0.01103	0.01770
132	0.20054	0.02751	0.02930	0.26135	0.10613	0.14150	0.02388	0.03293	0.02324	0.03396	0.01788	0.02388	0.01403	0.01064	0.00958	0.00335	0.01386	0.00814	0.00557	0.01273
133	0.03785	0.02875	0.03070	0.02436	0.03244	0.03213	0.01985	0.39828	0.17128	0.06291	0.03075	0.02982	0.02225	0.01352	0.01095	0.00338	0.01115	0.01045	0.01095	0.01822
134	0.02539	0.17438	0.36133	0.02957	0.04287	0.07601	0.07807	0.03493	0.02376	0.03201	0.01863	0.02216	0.01413	0.01010	0.00983	0.00318	0.01568	0.00795	0.00479	0.01523
135	0.02059	0.01938	0.03270	0.59060	0.07510	0.02422	0.03028	0.02786	0.02180	0.02786	0.01938	0.02907	0.01453	0.01090	0.01090	0.00363	0.01453	0.00969	0.00484	0.01211
136	0.04689	0.02182	0.02732	0.02095	0.02946	0.02087	0.01730	0.17814	0.03667	0.42363	0.03843	0.03414	0.02469	0.01338	0.01095	0.00335	0.01002	0.01065	0.01279	0.01855
137	0.01289	0.01105	0.01105	0.01105	0.01473	0.00920	0.00828	0.01565	0.02485	0.02946	0.11046	0.10493	0.54437	0.02761	0.01289	0.00368	0.00552	0.02301	0.01013	0.00920
138	0.01543	0.01115	0.01457	0.01372	0.01629	0.01029	0.01029	0.02058	0.03086	0.04372	0.54304	0.08145	0.10288	0.02229	0.01286	0.00343	0.00514	0.01972	0.01200	0.01029
139	0.02712	0.02342	0.02465	0.02219	0.02835	0.02712	0.01726	0.05794	0.52909	0.04561	0.04438	0.04068	0.03328	0.01479	0.01109	0.00370	0.00863	0.01233	0.01109	0.01726
140	0.02800	0.25649	0.15274	0.02272	0.03269	0.03221	0.02305	0.10763	0.02658	0.03609	0.01849	0.02144	0.01507	0.01074	0.01090	0.00280	0.06055	0.00735	0.00595	0.12850
141	0.01477	0.01239	0.01539	0.10354	0.02469	0.01186	0.01229	0.01886	0.02593	0.03290	0.20825	0.08682	0.34591	0.02359	0.01257	0.00361	0.00685	0.02005	0.00978	0.00995
142	0.03909	0.02893	0.17066	0.02227	0.03292	0.01842	0.02234	0.04566	0.02817	0.36542	0.03441	0.03191	0.02239	0.01213	0.01053	0.00323	0.01103	0.00975	0.01041	0.08033
143	0.69383	0.02109	0.01603	0.01434	0.02109	0.02446	0.01181	0.03205	0.01856	0.04892	0.01518	0.01771	0.01181	0.01012	0.00675	0.00337	0.00843	0.00590	0.00675	0.01181
144	0.02712	0.02342	0.02465	0.02219	0.02835	0.02712	0.01726	0.05794	0.52909	0.04561	0.04438	0.04068	0.03328	0.01479	0.01109	0.00370	0.00863	0.01233	0.01109	0.01726
145	0.02712	0.02342	0.02465	0.02219	0.02835	0.02712	0.01726	0.05794	0.52909	0.04561	0.04438	0.04068	0.03328	0.01479	0.01109	0.00370	0.00863	0.01233	0.01109	0.01726
146	0.02059	0.01938	0.03270	0.59060	0.07510	0.02422	0.03028	0.02786	0.02180	0.02786	0.01938	0.02907	0.01453	0.01090	0.01090	0.00363	0.01453	0.00969	0.00484	0.01211
