[name]
unknown

[dist]
# distance from previous block
# <min> <max>
0	47

[block]
# block no. 0 follows, 10 sequences, length 13
# corresponding to MSA columns:
# 48-60
name=unknown_A
#
# <colnr> <probs for GDERKNQSTAVLIFYWHMCP>
#	G	D	E	R	K	N	Q	S	T	A	V	L	I	F	Y	W	H	M	C	P
0	0.02700	0.03117	0.15444	0.02870	0.03747	0.02367	0.10066	0.08424	0.03071	0.08189	0.13930	0.05000	0.04281	0.01682	0.01498	0.00394	0.06141	0.04679	0.00889	0.01513
1	0.02429	0.10346	0.02902	0.01828	0.02620	0.02128	0.01488	0.02832	0.02249	0.03338	0.02163	0.03038	0.02004	0.08752	0.01801	0.00343	0.06315	0.00844	0.00646	0.41934
2	0.67341	0.02249	0.01709	0.01529	0.02249	0.02609	0.01260	0.03419	0.01979	0.05218	0.01619	0.01889	0.01260	0.01080	0.00720	0.00360	0.00900	0.00630	0.00720	0.01260
3	0.01685	0.01153	0.01395	0.01395	0.01439	0.01196	0.00862	0.01772	0.01729	0.02349	0.03549	0.06971	0.03950	0.48520	0.16146	0.01284	0.01546	0.01598	0.00688	0.00775
4	0.43276	0.02145	0.02093	0.01739	0.02528	0.02261	0.01434	0.04290	0.02502	0.23603	0.02770	0.02691	0.01887	0.01219	0.00894	0.00360	0.00935	0.00839	0.00999	0.01538
5	0.02406	0.09692	0.07463	0.01954	0.02481	0.02007	0.01685	0.02802	0.02387	0.08816	0.07951	0.18087	0.04486	0.10345	0.02098	0.00484	0.05858	0.01717	0.00869	0.06410
6	0.09252	0.01719	0.02084	0.01812	0.02404	0.01651	0.01419	0.04229	0.07372	0.26242	0.04612	0.15438	0.03839	0.01878	0.01146	0.00374	0.00843	0.01578	0.10556	0.01552
7	0.01417	0.01012	0.01350	0.01619	0.01687	0.00945	0.01080	0.01619	0.02227	0.02969	0.06410	0.58367	0.07692	0.03644	0.01484	0.00472	0.00675	0.03306	0.01080	0.00945
8	0.03551	0.01910	0.02309	0.01911	0.02550	0.01886	0.01527	0.10603	0.08847	0.22370	0.15723	0.05047	0.04831	0.01669	0.01173	0.00352	0.00856	0.01387	0.09873	0.01627
9	0.03196	0.02407	0.03772	0.24123	0.05553	0.02617	0.10028	0.08476	0.09763	0.13512	0.03064	0.03424	0.02177	0.01269	0.01202	0.00380	0.01392	0.01159	0.00869	0.01619
10	0.02723	0.01560	0.01870	0.01644	0.02161	0.01468	0.01283	0.03549	0.09269	0.16878	0.19550	0.07135	0.17026	0.02083	0.01251	0.00367	0.00723	0.01759	0.06306	0.01398
11	0.04335	0.02015	0.02574	0.02088	0.02830	0.01893	0.01674	0.12313	0.03489	0.34992	0.04629	0.14390	0.03662	0.01863	0.01230	0.00380	0.00979	0.01566	0.01321	0.01777
12	0.01562	0.01038	0.01300	0.01495	0.01583	0.00989	0.00991	0.01787	0.02186	0.03072	0.05666	0.43790	0.06549	0.10701	0.01978	0.00530	0.00716	0.02770	0.10364	0.00933

[dist]
# distance from previous block
# <min> <max>
2	12

[block]
# block no. 1 follows, 10 sequences, length 29
# corresponding to MSA columns:
# 73-101
name=unknown_B
#
# <colnr> <probs for GDERKNQSTAVLIFYWHMCP>
#	G	D	E	R	K	N	Q	S	T	A	V	L	I	F	Y	W	H	M	C	P
0	0.03367	0.04043	0.22153	0.02860	0.03998	0.07629	0.06083	0.10208	0.03247	0.14153	0.07917	0.03484	0.02864	0.01349	0.01168	0.00359	0.01440	0.01107	0.00879	0.01694
1	0.01690	0.01275	0.01537	0.01588	0.01807	0.01254	0.01116	0.02354	0.08455	0.03577	0.17966	0.28102	0.11963	0.09521	0.01929	0.00504	0.00718	0.02471	0.01100	0.01072
2	0.02550	0.14871	0.09567	0.01980	0.03091	0.02345	0.01875	0.03141	0.02407	0.03552	0.01974	0.02301	0.01642	0.00920	0.00867	0.00213	0.01051	0.00696	0.00623	0.44332
3	0.01971	0.01612	0.01895	0.01699	0.02247	0.01469	0.01328	0.02760	0.08481	0.03696	0.10645	0.10777	0.15115	0.02632	0.05332	0.00460	0.00955	0.05875	0.00965	0.20085
4	0.30484	0.07967	0.02640	0.01917	0.02573	0.02745	0.01610	0.08330	0.02601	0.11419	0.02379	0.02615	0.01802	0.01305	0.01232	0.00357	0.07999	0.00846	0.07737	0.01443
5	0.10071	0.01583	0.01687	0.01709	0.02076	0.01661	0.01257	0.03024	0.14462	0.03773	0.06487	0.27698	0.14839	0.02648	0.01289	0.00422	0.00748	0.02284	0.01061	0.01221
6	0.02196	0.02067	0.03488	0.56331	0.08010	0.02584	0.03230	0.02972	0.02326	0.02972	0.02067	0.03101	0.01550	0.01163	0.01163	0.00388	0.01550	0.01034	0.00517	0.01292
7	0.02745	0.03137	0.06863	0.04902	0.06078	0.02941	0.47647	0.03725	0.02745	0.03725	0.02353	0.03137	0.01765	0.00980	0.01373	0.00392	0.01961	0.01373	0.00588	0.01569
8	0.01471	0.01051	0.01411	0.01681	0.01772	0.00991	0.01173	0.01712	0.02280	0.03029	0.06381	0.53040	0.07575	0.03593	0.01499	0.00480	0.00721	0.08103	0.01079	0.00960
9	0.05048	0.02252	0.02868	0.02199	0.03105	0.02114	0.01816	0.14687	0.03785	0.43014	0.04206	0.03710	0.02687	0.01430	0.01168	0.00358	0.01051	0.01143	0.01381	0.01979
10	0.04720	0.01869	0.02539	0.01985	0.02797	0.01624	0.01624	0.05183	0.03324	0.45978	0.11100	0.04618	0.04008	0.01570	0.01198	0.00361	0.00928	0.01300	0.01417	0.01856
11	0.01784	0.01349	0.01672	0.01640	0.01924	0.01338	0.01208	0.02673	0.10224	0.04290	0.33339	0.19896	0.09041	0.02557	0.01370	0.00396	0.00636	0.02269	0.01217	0.01176
12	0.01487	0.01066	0.01412	0.01572	0.01702	0.00991	0.01085	0.01795	0.02551	0.03485	0.20060	0.43247	0.08691	0.03258	0.01450	0.00440	0.00636	0.02940	0.01141	0.00991
13	0.01417	0.01012	0.01350	0.01619	0.01687	0.00945	0.01080	0.01619	0.02227	0.02969	0.06410	0.58367	0.07692	0.03644	0.01484	0.00472	0.00675	0.03306	0.01080	0.00945
14	0.02879	0.02763	0.04721	0.07139	0.51871	0.02763	0.03569	0.03569	0.02648	0.03800	0.02188	0.02879	0.01842	0.01036	0.01151	0.00345	0.01382	0.01036	0.00576	0.01842
15	0.02982	0.03108	0.04619	0.12479	0.34232	0.09974	0.08532	0.03663	0.02709	0.03554	0.02138	0.02828	0.01748	0.01068	0.01165	0.00350	0.01571	0.01035	0.00573	0.01672
16	0.02042	0.01647	0.02179	0.02066	0.02220	0.01980	0.01568	0.02641	0.08529	0.02942	0.03430	0.12633	0.03477	0.10824	0.16056	0.07902	0.14479	0.01549	0.00742	0.01094
17	0.01658	0.01172	0.01405	0.01346	0.01647	0.01070	0.01010	0.02149	0.03029	0.04277	0.35777	0.08643	0.18930	0.02362	0.01294	0.00359	0.00557	0.02040	0.10207	0.01070
18	0.02689	0.02420	0.03818	0.35687	0.19128	0.02775	0.03179	0.09413	0.02850	0.03801	0.02201	0.02998	0.01688	0.01162	0.01160	0.00371	0.01468	0.01036	0.00623	0.01535
19	0.02749	0.05087	0.40416	0.03702	0.11326	0.02593	0.03891	0.03901	0.02585	0.09468	0.02396	0.02691	0.01690	0.01135	0.01119	0.00364	0.01586	0.00921	0.00615	0.01767
20	0.02418	0.02370	0.03535	0.22490	0.04862	0.03205	0.02795	0.02862	0.01980	0.02862	0.01724	0.02747	0.01535	0.01717	0.02849	0.00465	0.36770	0.01024	0.00512	0.01279
21	0.02020	0.01010	0.01515	0.01515	0.01515	0.01010	0.01010	0.01515	0.01515	0.02020	0.02020	0.03535	0.02020	0.04040	0.04545	0.66162	0.01010	0.01010	0.00505	0.00505
22	0.03013	0.09185	0.04716	0.03379	0.04269	0.08582	0.19713	0.04774	0.21480	0.03980	0.03163	0.03369	0.02418	0.01243	0.01196	0.00368	0.01485	0.01203	0.00817	0.01645
23	0.02849	0.03983	0.26413	0.02605	0.03859	0.02324	0.02868	0.09166	0.03002	0.09475	0.07336	0.03270	0.02682	0.01256	0.01098	0.00326	0.01301	0.01006	0.00794	0.14387
24	0.27836	0.10487	0.16409	0.02206	0.03185	0.02814	0.02261	0.08062	0.02556	0.04474	0.02382	0.08148	0.02108	0.01383	0.00957	0.00359	0.01183	0.01021	0.00715	0.01457
25	0.10110	0.17202	0.23104	0.02572	0.03797	0.03156	0.02810	0.10693	0.02952	0.09960	0.02332	0.02487	0.01698	0.01161	0.00997	0.00336	0.01367	0.00845	0.00733	0.01688
26	0.20373	0.02741	0.08396	0.10806	0.14643	0.02581	0.02522	0.03281	0.02276	0.03961	0.01919	0.02487	0.01552	0.01146	0.01250	0.00347	0.06768	0.00850	0.00609	0.11492
27	0.11812	0.02266	0.03297	0.12762	0.07444	0.02667	0.05824	0.03296	0.02233	0.09528	0.02350	0.03308	0.01974	0.07199	0.02389	0.00488	0.18023	0.01082	0.00687	0.01371
28	0.01843	0.01373	0.01682	0.01556	0.01718	0.01419	0.01047	0.01992	0.01816	0.02559	0.03214	0.06096	0.03501	0.39606	0.12636	0.01074	0.05712	0.01445	0.00675	0.09035

[dist]
# distance from previous block
# <min> <max>
0	4

[block]
# block no. 2 follows, 10 sequences, length 41
# corresponding to MSA columns:
# 107-147
name=unknown_C
#
# <colnr> <probs for GDERKNQSTAVLIFYWHMCP>
#	G	D	E	R	K	N	Q	S	T	A	V	L	I	F	Y	W	H	M	C	P
0	0.11336	0.02092	0.02315	0.01696	0.02687	0.01696	0.01362	0.02996	0.02352	0.03986	0.02006	0.02340	0.01659	0.00891	0.00842	0.00198	0.00867	0.00681	0.00693	0.57306
1	0.02871	0.02523	0.09017	0.02820	0.03670	0.02040	0.13950	0.03768	0.06306	0.14384	0.08919	0.06051	0.09702	0.01781	0.01314	0.00398	0.01243	0.06739	0.00987	0.01518
2	0.02411	0.01648	0.01973	0.01867	0.02314	0.01673	0.01460	0.03635	0.15853	0.10178	0.17044	0.13323	0.11428	0.02359	0.01340	0.00411	0.00797	0.07707	0.01200	0.01379
3	0.28169	0.02632	0.02809	0.02715	0.08986	0.02902	0.01938	0.17665	0.08567	0.09124	0.02616	0.02716	0.01928	0.01254	0.00995	0.00359	0.01086	0.00925	0.00943	0.01671
4	0.03231	0.29831	0.09768	0.02068	0.03038	0.03106	0.02029	0.03762	0.02695	0.13679	0.08465	0.03258	0.02972	0.01261	0.00962	0.00294	0.01127	0.00952	0.00807	0.06693
5	0.03370	0.08441	0.25124	0.02654	0.03939	0.02613	0.02897	0.10143	0.03064	0.15686	0.02736	0.02806	0.01903	0.01188	0.01073	0.00333	0.01355	0.00921	0.00830	0.08925
6	0.02419	0.11960	0.47908	0.03169	0.04807	0.02911	0.04042	0.03661	0.02445	0.03579	0.02035	0.02390	0.01475	0.01093	0.01065	0.00355	0.01666	0.00833	0.00492	0.01694
7	0.02785	0.02668	0.04551	0.13900	0.45843	0.02739	0.03523	0.03487	0.02604	0.03686	0.02171	0.02909	0.01802	0.01054	0.01153	0.00351	0.01405	0.01036	0.00568	0.01767
8	0.03750	0.07133	0.14224	0.02658	0.03695	0.02227	0.07433	0.04459	0.02924	0.26878	0.03774	0.04520	0.02820	0.01502	0.01201	0.00379	0.01284	0.06383	0.01025	0.01729
9	0.10855	0.02337	0.09199	0.02075	0.02871	0.01766	0.01867	0.04193	0.02799	0.28971	0.04342	0.16306	0.03636	0.01871	0.01185	0.00387	0.01006	0.01569	0.01144	0.01620
10	0.01539	0.01176	0.01419	0.01428	0.01722	0.01056	0.01076	0.01956	0.02895	0.03835	0.28588	0.15465	0.24939	0.02787	0.01403	0.00400	0.00616	0.05492	0.01170	0.01037
11	0.02501	0.02378	0.04039	0.34362	0.27598	0.02664	0.03382	0.03239	0.02470	0.03341	0.02121	0.03002	0.01681	0.01106	0.01158	0.00369	0.01475	0.01035	0.00543	0.01538
12	0.10535	0.09854	0.18998	0.14981	0.05040	0.02925	0.08551	0.03752	0.07669	0.03745	0.02301	0.02761	0.01734	0.01140	0.01073	0.00364	0.01468	0.00959	0.00615	0.01536
13	0.02561	0.07521	0.03488	0.03109	0.09152	0.08747	0.08882	0.03401	0.07967	0.03633	0.09457	0.09892	0.07781	0.01898	0.01270	0.00386	0.01246	0.07359	0.00864	0.01385
14	0.01412	0.01033	0.01328	0.01565	0.01673	0.00949	0.01055	0.01626	0.02279	0.02990	0.07074	0.52538	0.13093	0.03557	0.01471	0.00462	0.00664	0.03201	0.01080	0.00949
15	0.02191	0.01737	0.02040	0.01608	0.02360	0.01378	0.01246	0.02674	0.02469	0.03832	0.07140	0.10168	0.03434	0.01402	0.00978	0.00239	0.00771	0.01188	0.08809	0.44336
16	0.03913	0.02368	0.02960	0.02863	0.08408	0.06211	0.02096	0.04590	0.06642	0.26589	0.03949	0.04806	0.03065	0.01705	0.01549	0.00399	0.08100	0.07007	0.01091	0.01691
17	0.67341	0.02249	0.01709	0.01529	0.02249	0.02609	0.01260	0.03419	0.01979	0.05218	0.01619	0.01889	0.01260	0.01080	0.00720	0.00360	0.00900	0.00630	0.00720	0.01260
18	0.01417	0.01012	0.01350	0.01619	0.01687	0.00945	0.01080	0.01619	0.02227	0.02969	0.06410	0.58367	0.07692	0.03644	0.01484	0.00472	0.00675	0.03306	0.01080	0.00945
19	0.24179	0.02410	0.02693	0.08764	0.03533	0.02598	0.01887	0.15715	0.03341	0.19726	0.02872	0.02896	0.01969	0.01281	0.01026	0.00360	0.01107	0.00951	0.01027	0.01668
20	0.03093	0.39508	0.11051	0.02183	0.03167	0.03643	0.02232	0.03616	0.02520	0.08463	0.02565	0.03561	0.02286	0.01332	0.00944	0.00311	0.01254	0.06078	0.00672	0.01522
21	0.02625	0.03299	0.16160	0.02896	0.09501	0.02184	0.02492	0.07163	0.02721	0.04074	0.02151	0.02514	0.01694	0.00994	0.00988	0.00261	0.01189	0.00808	0.00664	0.35622
22	0.03290	0.15490	0.13223	0.02587	0.03523	0.03445	0.02500	0.21156	0.03575	0.04796	0.02924	0.03129	0.05409	0.01452	0.01410	0.00355	0.08241	0.01023	0.00808	0.01664
23	0.04543	0.03063	0.03370	0.02583	0.03509	0.03317	0.02134	0.41539	0.05142	0.14244	0.03066	0.02970	0.02115	0.01403	0.01164	0.00351	0.01236	0.01066	0.01206	0.01978
24	0.02703	0.02564	0.04346	0.11021	0.44050	0.02604	0.03343	0.03363	0.02587	0.03661	0.02511	0.07287	0.02279	0.01254	0.01179	0.00359	0.01341	0.01216	0.00610	0.01723
25	0.01684	0.01237	0.01622	0.01749	0.02016	0.01174	0.01420	0.02150	0.02794	0.03700	0.19525	0.16597	0.14805	0.02989	0.01493	0.00460	0.00809	0.21595	0.01131	0.01051
26	0.02473	0.02215	0.03489	0.49650	0.07462	0.02711	0.03103	0.08578	0.02717	0.03514	0.02157	0.03062	0.01604	0.01192	0.01163	0.00383	0.01517	0.01035	0.00597	0.01377
27	0.03305	0.02590	0.03015	0.02977	0.09182	0.02871	0.02095	0.11557	0.33736	0.09269	0.04137	0.03911	0.03063	0.01473	0.01175	0.00379	0.01033	0.01231	0.01127	0.01872
28	0.05218	0.01979	0.02699	0.02069	0.02969	0.01709	0.01709	0.05668	0.03329	0.52677	0.04588	0.03959	0.02879	0.01439	0.01170	0.00360	0.00990	0.01170	0.01439	0.01979
29	0.01768	0.01146	0.01357	0.01317	0.01492	0.01106	0.00899	0.02118	0.02545	0.03732	0.24589	0.07424	0.06939	0.22567	0.02894	0.00620	0.00755	0.01750	0.14030	0.00954
30	0.34743	0.02108	0.02229	0.01813	0.02627	0.02137	0.01496	0.04599	0.02687	0.30121	0.03177	0.02975	0.02109	0.01268	0.00956	0.00360	0.00947	0.00913	0.01097	0.01637
31	0.03020	0.01529	0.02106	0.02051	0.02521	0.01423	0.01717	0.03483	0.02856	0.21098	0.05625	0.15418	0.05446	0.02629	0.01434	0.00465	0.00993	0.23600	0.01204	0.01382
32	0.11703	0.01912	0.02447	0.01934	0.02737	0.01734	0.01584	0.04988	0.03174	0.41452	0.10024	0.04312	0.03699	0.01515	0.01144	0.00361	0.00925	0.01225	0.01340	0.01790
33	0.01440	0.01181	0.01269	0.01247	0.01611	0.01010	0.00935	0.01795	0.02805	0.03507	0.21257	0.10592	0.41696	0.02809	0.01374	0.00386	0.00579	0.02370	0.01128	0.01010
34	0.04740	0.01880	0.02510	0.01958	0.02795	0.01619	0.01607	0.05170	0.03244	0.46508	0.05484	0.04859	0.08921	0.01627	0.01195	0.00364	0.00940	0.01330	0.01395	0.01855
35	0.13659	0.02503	0.04018	0.03039	0.03927	0.02479	0.18729	0.07395	0.06668	0.14395	0.08310	0.03785	0.03083	0.01322	0.01196	0.00374	0.01304	0.01264	0.00948	0.01602
36	0.01840	0.01269	0.01400	0.01317	0.01750	0.01079	0.01005	0.02187	0.02815	0.08874	0.16406	0.10042	0.40433	0.02700	0.01351	0.00385	0.00628	0.02263	0.01148	0.01109
37	0.04406	0.01775	0.02385	0.01912	0.02649	0.01595	0.01558	0.04865	0.03045	0.40512	0.04316	0.04078	0.02896	0.02232	0.07013	0.00514	0.01163	0.01166	0.10165	0.01752
38	0.03730	0.02755	0.03657	0.07692	0.11705	0.08166	0.07935	0.04865	0.12421	0.19646	0.03445	0.03486	0.02451	0.01297	0.01181	0.00364	0.01326	0.01145	0.00977	0.01754
39	0.02935	0.02366	0.02452	0.02156	0.02458	0.09297	0.01619	0.13093	0.02745	0.03509	0.02293	0.03490	0.02121	0.08863	0.03328	0.26280	0.08155	0.01059	0.00696	0.01085
40	0.03003	0.52430	0.12555	0.02172	0.03267	0.04341	0.02307	0.03510	0.02376	0.02866	0.01682	0.01947	0.01490	0.01010	0.00796	0.00265	0.01309	0.00655	0.00497	0.01524

[dist]
# distance from previous block
# <min> <max>
0	1

[block]
# block no. 3 follows, 10 sequences, length 44
# corresponding to MSA columns:
# 149-167,170-194
name=unknown_D
#
# <colnr> <probs for GDERKNQSTAVLIFYWHMCP>
#	G	D	E	R	K	N	Q	S	T	A	V	L	I	F	Y	W	H	M	C	P
0	0.16882	0.08557	0.02667	0.01710	0.02669	0.02126	0.01420	0.03099	0.02310	0.03989	0.01918	0.02235	0.01594	0.00925	0.00817	0.00222	0.00913	0.00668	0.00674	0.44604
1	0.10811	0.02921	0.09433	0.03318	0.04309	0.02552	0.19778	0.04206	0.02725	0.18950	0.02861	0.03128	0.02001	0.01239	0.01421	0.00386	0.06319	0.01142	0.00850	0.01650
2	0.19061	0.02575	0.08190	0.02470	0.03404	0.02167	0.09873	0.04149	0.02738	0.22248	0.03997	0.03940	0.07374	0.01400	0.01112	0.00370	0.01171	0.01182	0.00980	0.01599
3	0.02020	0.01010	0.01515	0.01515	0.01515	0.01010	0.01010	0.01515	0.01515	0.02020	0.02020	0.03535	0.02020	0.04040	0.04545	0.66162	0.01010	0.01010	0.00505	0.00505
4	0.02470	0.09143	0.13774	0.02096	0.03274	0.02128	0.02075	0.03151	0.02416	0.03653	0.02023	0.02362	0.01644	0.00928	0.00902	0.00223	0.01088	0.00719	0.00626	0.45306
5	0.22332	0.10242	0.09008	0.02562	0.03537	0.02780	0.10046	0.04208	0.06737	0.13986	0.02674	0.02803	0.01932	0.01171	0.01012	0.00355	0.01241	0.00955	0.00829	0.01591
6	0.01417	0.01012	0.01350	0.01619	0.01687	0.00945	0.01080	0.01619	0.02227	0.02969	0.06410	0.58367	0.07692	0.03644	0.01484	0.00472	0.00675	0.03306	0.01080	0.00945
7	0.02424	0.01736	0.01979	0.01890	0.02340	0.01806	0.01418	0.03886	0.21157	0.09410	0.06456	0.22853	0.12949	0.02460	0.01311	0.00415	0.00793	0.02133	0.01162	0.01422
8	0.15262	0.09040	0.08513	0.01996	0.02991	0.02384	0.01835	0.03760	0.07509	0.08320	0.02441	0.02598	0.01877	0.01074	0.00911	0.00280	0.01027	0.00799	0.00770	0.26613
9	0.13696	0.02880	0.08488	0.08920	0.04208	0.02798	0.10271	0.04654	0.23053	0.04386	0.03207	0.03375	0.02404	0.01291	0.01128	0.00385	0.01255	0.01130	0.00852	0.01619
10	0.01417	0.01012	0.01350	0.01619	0.01687	0.00945	0.01080	0.01619	0.02227	0.02969	0.06410	0.58367	0.07692	0.03644	0.01484	0.00472	0.00675	0.03306	0.01080	0.00945
11	0.01573	0.01132	0.01489	0.01513	0.01721	0.01049	0.01092	0.02011	0.02952	0.04123	0.36939	0.24549	0.09926	0.02782	0.01408	0.00400	0.00589	0.02487	0.01216	0.01049
12	0.08730	0.03976	0.14588	0.03014	0.03979	0.13914	0.10182	0.08895	0.07321	0.04257	0.07379	0.03289	0.02725	0.01307	0.01146	0.00357	0.01530	0.01092	0.00769	0.01549
13	0.17947	0.01894	0.02240	0.01869	0.02604	0.01789	0.01542	0.04154	0.02848	0.26459	0.08072	0.04954	0.03624	0.01615	0.01113	0.00364	0.00927	0.06641	0.01141	0.08201
14	0.01495	0.01183	0.01345	0.01304	0.01645	0.01033	0.00978	0.01902	0.02935	0.03815	0.29250	0.10084	0.33511	0.02694	0.01373	0.00381	0.00571	0.02299	0.01169	0.01033
15	0.02931	0.02472	0.03993	0.25886	0.16059	0.02702	0.07923	0.07734	0.06669	0.08200	0.02631	0.03206	0.01957	0.01194	0.01186	0.00374	0.01434	0.01108	0.00732	0.01610
16	0.03588	0.03147	0.16761	0.08418	0.03973	0.02219	0.02544	0.09252	0.03101	0.21995	0.03300	0.03359	0.02248	0.01299	0.01104	0.00353	0.01231	0.01043	0.09353	0.01714
17	0.10977	0.02435	0.03867	0.24918	0.28939	0.02676	0.03142	0.03325	0.02440	0.03672	0.02069	0.02834	0.01657	0.01089	0.01100	0.00363	0.01383	0.00983	0.00572	0.01560
18	0.02578	0.02939	0.10362	0.21438	0.17870	0.02738	0.07058	0.03924	0.11904	0.03722	0.02657	0.03209	0.02033	0.01189	0.01175	0.00376	0.01439	0.01097	0.00668	0.01624
19	0.03839	0.28171	0.04586	0.02433	0.03335	0.12691	0.02121	0.21320	0.03752	0.04576	0.02114	0.02272	0.01686	0.01189	0.00963	0.00297	0.01403	0.00812	0.00779	0.01660
20	0.02627	0.02853	0.12211	0.09471	0.15813	0.02214	0.06759	0.03402	0.02741	0.08187	0.11382	0.03962	0.03495	0.01319	0.01174	0.00344	0.01265	0.01204	0.00775	0.08802
21	0.11406	0.19070	0.09630	0.07335	0.03709	0.08070	0.02423	0.08217	0.02626	0.03704	0.01837	0.02298	0.01525	0.01296	0.01485	0.00355	0.12115	0.00820	0.00610	0.01467
22	0.03008	0.03087	0.14331	0.02823	0.03682	0.02446	0.08274	0.07748	0.08086	0.12609	0.03600	0.12573	0.03100	0.01754	0.01507	0.00403	0.06975	0.01481	0.00910	0.01604
23	0.01616	0.01166	0.01528	0.01483	0.01731	0.01078	0.01095	0.02120	0.03154	0.04444	0.45445	0.15126	0.10549	0.02542	0.01386	0.00380	0.00565	0.02259	0.01254	0.01078
24	0.03370	0.03104	0.02705	0.02431	0.02905	0.18542	0.01859	0.12327	0.03268	0.08131	0.03642	0.19825	0.03631	0.02090	0.01466	0.00387	0.06333	0.01660	0.00926	0.01398
25	0.67341	0.02249	0.01709	0.01529	0.02249	0.02609	0.01260	0.03419	0.01979	0.05218	0.01619	0.01889	0.01260	0.01080	0.00720	0.00360	0.00900	0.00630	0.00720	0.01260
26	0.04406	0.01998	0.02476	0.01954	0.02720	0.01894	0.01596	0.12214	0.03496	0.34245	0.04107	0.03844	0.02748	0.01413	0.01090	0.00338	0.00940	0.01130	0.15611	0.01781
27	0.01477	0.01058	0.01403	0.01579	0.01700	0.00984	0.01084	0.01769	0.02504	0.03410	0.18073	0.45447	0.08546	0.03314	0.01455	0.00445	0.00642	0.02993	0.01132	0.00984
28	0.02348	0.02222	0.03762	0.45426	0.17733	0.02624	0.03305	0.03104	0.02397	0.03155	0.02094	0.03052	0.01615	0.01135	0.01160	0.00378	0.01513	0.01034	0.00530	0.01414
29	0.02168	0.01084	0.01084	0.01084	0.01355	0.01084	0.00813	0.02710	0.02439	0.04336	0.03794	0.04336	0.02981	0.01355	0.00813	0.00271	0.00542	0.01084	0.65583	0.01084
30	0.01518	0.01097	0.01518	0.01728	0.01847	0.01098	0.01244	0.01802	0.02194	0.02962	0.05654	0.41810	0.06529	0.04725	0.13253	0.00788	0.01256	0.07020	0.00978	0.00978
31	0.03567	0.03188	0.14198	0.02638	0.03648	0.02485	0.06307	0.12933	0.09415	0.17230	0.03424	0.03421	0.02395	0.01325	0.01134	0.00357	0.01233	0.01104	0.08231	0.01768
32	0.01686	0.01232	0.01672	0.01881	0.02107	0.01218	0.01528	0.02101	0.02474	0.03232	0.06478	0.22854	0.11319	0.03916	0.07581	0.00657	0.01156	0.24858	0.01023	0.01027
33	0.01523	0.01144	0.01319	0.01412	0.01613	0.01051	0.00993	0.01746	0.02306	0.02909	0.07797	0.21420	0.24001	0.17748	0.02608	0.00618	0.00803	0.07097	0.00981	0.00911
34	0.10354	0.01716	0.01967	0.01703	0.02231	0.01713	0.01339	0.09079	0.03178	0.15395	0.16163	0.09625	0.05123	0.01813	0.01130	0.00353	0.00790	0.01505	0.13415	0.01408
35	0.29264	0.17717	0.10072	0.02251	0.03184	0.03044	0.07008	0.03397	0.02341	0.04159	0.06095	0.02689	0.02252	0.01163	0.00906	0.00336	0.01183	0.00869	0.00667	0.01400
36	0.02635	0.26930	0.34831	0.02800	0.04238	0.03440	0.03400	0.03605	0.02420	0.03315	0.01904	0.02226	0.01481	0.01062	0.00966	0.00322	0.01534	0.00767	0.00494	0.01631
37	0.01743	0.01490	0.02368	0.02151	0.02541	0.01381	0.09101	0.02201	0.02626	0.03445	0.12679	0.24172	0.16623	0.02796	0.01448	0.00438	0.00927	0.09747	0.01021	0.01101
38	0.13754	0.30285	0.22596	0.02398	0.03612	0.03565	0.02712	0.03545	0.02332	0.03506	0.01790	0.02086	0.01446	0.01050	0.00873	0.00312	0.01360	0.00710	0.00533	0.01536
39	0.03202	0.18665	0.23283	0.02660	0.03787	0.03087	0.02896	0.03956	0.02538	0.14183	0.02447	0.02647	0.01797	0.01271	0.01377	0.00354	0.08598	0.00887	0.00705	0.01660
40	0.02790	0.03939	0.24139	0.09742	0.19576	0.02639	0.03521	0.03966	0.06711	0.08027	0.02566	0.02949	0.01900	0.01160	0.01138	0.00365	0.01463	0.00999	0.00663	0.01747
41	0.02739	0.15507	0.05888	0.09759	0.05216	0.03350	0.26722	0.03467	0.02489	0.03302	0.02051	0.02774	0.01650	0.01141	0.01527	0.00375	0.08889	0.01122	0.00550	0.01482
42	0.01661	0.01321	0.01764	0.02060	0.07281	0.01218	0.01314	0.02079	0.02808	0.03782	0.25212	0.20208	0.19601	0.02668	0.01374	0.00395	0.00681	0.02354	0.01104	0.01115
43	0.02889	0.02312	0.07292	0.02413	0.03278	0.01776	0.07761	0.03499	0.02691	0.14482	0.03751	0.09705	0.03345	0.01676	0.01200	0.00348	0.01126	0.08511	0.00925	0.21018

[dist]
# distance from previous block
# <min> <max>
3	43

[block]
# block no. 4 follows, 10 sequences, length 29
# corresponding to MSA columns:
# 238-266
name=unknown_E
#
# <colnr> <probs for GDERKNQSTAVLIFYWHMCP>
#	G	D	E	R	K	N	Q	S	T	A	V	L	I	F	Y	W	H	M	C	P
0	0.02257	0.02611	0.12197	0.02542	0.03243	0.02064	0.08251	0.07972	0.02721	0.03829	0.10060	0.04610	0.03683	0.08052	0.19600	0.00931	0.01954	0.01329	0.00762	0.01332
1	0.20265	0.13037	0.03218	0.10214	0.03585	0.03012	0.01996	0.11841	0.06204	0.04556	0.02744	0.03937	0.02382	0.01461	0.01028	0.00368	0.01158	0.06723	0.00812	0.01459
2	0.09118	0.01744	0.02164	0.06637	0.02910	0.01770	0.01651	0.03529	0.08973	0.13078	0.04606	0.19077	0.04424	0.02191	0.01249	0.00408	0.00941	0.08087	0.01046	0.06396
3	0.04171	0.02098	0.02640	0.02151	0.02950	0.01989	0.01774	0.09617	0.08837	0.31431	0.04416	0.04996	0.03284	0.01644	0.01204	0.00371	0.01013	0.06968	0.01267	0.07180
4	0.01509	0.01083	0.01432	0.01557	0.01707	0.01006	0.01087	0.01850	0.02654	0.03648	0.24380	0.38461	0.09007	0.03136	0.01439	0.00430	0.00624	0.02824	0.01160	0.01006
5	0.02474	0.02432	0.04372	0.34409	0.19887	0.02691	0.10453	0.03259	0.02483	0.03323	0.02147	0.03045	0.01666	0.01098	0.01193	0.00377	0.01569	0.01089	0.00545	0.01489
6	0.02004	0.01697	0.02587	0.34090	0.05401	0.01965	0.02298	0.02649	0.02503	0.03381	0.09528	0.05140	0.10345	0.01599	0.01172	0.00370	0.01151	0.01379	0.09545	0.01194
7	0.02257	0.02069	0.03443	0.40288	0.14207	0.02426	0.03081	0.02983	0.02430	0.03181	0.02702	0.04571	0.02371	0.01451	0.01228	0.00403	0.01451	0.07501	0.00610	0.01347
8	0.05125	0.02129	0.02792	0.02140	0.03044	0.01932	0.01768	0.10628	0.03580	0.47362	0.04378	0.03822	0.02773	0.01434	0.01169	0.00359	0.01024	0.01155	0.01407	0.01979
9	0.01902	0.02477	0.14447	0.02083	0.02676	0.01619	0.01959	0.06169	0.02615	0.03546	0.05645	0.34040	0.10764	0.02732	0.01349	0.00426	0.00978	0.02399	0.00940	0.01232
10	0.08856	0.10202	0.03678	0.02970	0.08890	0.02745	0.06874	0.10955	0.07737	0.11247	0.03404	0.11311	0.02954	0.01589	0.01140	0.00365	0.01159	0.01371	0.00932	0.01621
11	0.02212	0.01313	0.01643	0.01518	0.01916	0.01163	0.01152	0.02634	0.03002	0.13006	0.26715	0.14300	0.19923	0.02503	0.01348	0.00384	0.00656	0.02164	0.01233	0.01213
12	0.02265	0.01400	0.01734	0.01707	0.01989	0.01375	0.01210	0.02924	0.08877	0.10751	0.10228	0.28022	0.06113	0.13236	0.02211	0.00555	0.00826	0.02283	0.01100	0.01194
13	0.12457	0.02502	0.03186	0.09977	0.03660	0.03232	0.02350	0.07707	0.06420	0.03817	0.02019	0.02702	0.01710	0.01670	0.02497	0.00444	0.30601	0.00990	0.00665	0.01393
14	0.12342	0.02571	0.02733	0.02269	0.02995	0.02823	0.01817	0.25280	0.11466	0.09167	0.03614	0.11356	0.03055	0.01723	0.01155	0.00377	0.01059	0.01382	0.01113	0.01703
15	0.02134	0.02162	0.09386	0.01912	0.02491	0.01705	0.01778	0.03269	0.11351	0.03952	0.05526	0.07130	0.11466	0.02032	0.01195	0.00388	0.00916	0.10976	0.18930	0.01301
16	0.01876	0.01191	0.01560	0.01620	0.01866	0.01117	0.01171	0.02183	0.02467	0.08482	0.11037	0.33147	0.13421	0.03866	0.08639	0.00628	0.01015	0.02548	0.01076	0.01090
17	0.02946	0.02716	0.10623	0.02355	0.03047	0.02327	0.02120	0.13843	0.06643	0.10240	0.08937	0.15848	0.04305	0.02024	0.01480	0.00400	0.05918	0.01660	0.01027	0.01543
18	0.02720	0.02818	0.09908	0.02350	0.03001	0.08990	0.02143	0.03730	0.09568	0.08707	0.11832	0.07148	0.05063	0.02079	0.01314	0.00414	0.01195	0.14603	0.01006	0.01410
19	0.01989	0.01158	0.01552	0.01687	0.01880	0.01060	0.01174	0.02228	0.02392	0.10443	0.06136	0.50186	0.06969	0.03312	0.01437	0.00455	0.00722	0.02985	0.01134	0.01100
20	0.30896	0.02527	0.03023	0.02419	0.03245	0.02735	0.08972	0.09449	0.11564	0.10273	0.02775	0.02875	0.02026	0.01232	0.01011	0.00370	0.01128	0.00984	0.00915	0.01579
21	0.17362	0.02854	0.10494	0.02294	0.03093	0.02519	0.02147	0.14015	0.07877	0.05038	0.06702	0.05248	0.03502	0.01743	0.01163	0.00399	0.01134	0.09959	0.00947	0.01511
22	0.01755	0.09943	0.02136	0.01672	0.01974	0.01572	0.01304	0.02080	0.02484	0.03213	0.11216	0.31685	0.12919	0.02953	0.01364	0.00425	0.00791	0.08432	0.01013	0.01066
23	0.12510	0.02700	0.03406	0.08926	0.04050	0.02923	0.06983	0.21357	0.08419	0.12717	0.02964	0.03072	0.02099	0.01306	0.01128	0.00366	0.01254	0.01069	0.01009	0.01742
24	0.27473	0.10308	0.03122	0.10178	0.03631	0.03080	0.01943	0.15477	0.03116	0.08514	0.02214	0.02459	0.01644	0.01191	0.00941	0.00346	0.01153	0.00840	0.00830	0.01540
25	0.13879	0.10447	0.07577	0.10334	0.03867	0.02787	0.02196	0.09042	0.07607	0.16892	0.02932	0.02994	0.02078	0.01260	0.01034	0.00352	0.01182	0.00962	0.00919	0.01658
26	0.03025	0.02978	0.12910	0.14989	0.08305	0.02416	0.08881	0.07400	0.02990	0.13027	0.08410	0.03757	0.02972	0.01331	0.01206	0.00371	0.01382	0.01199	0.00840	0.01610
27	0.02622	0.08875	0.05327	0.03675	0.04642	0.02846	0.29014	0.03813	0.10238	0.03722	0.03939	0.04289	0.08776	0.01345	0.01275	0.00377	0.01530	0.01430	0.00741	0.01524
28	0.02213	0.02042	0.03401	0.37355	0.16086	0.02358	0.02955	0.02878	0.02377	0.03143	0.02789	0.11924	0.02597	0.01535	0.01212	0.00392	0.01375	0.01399	0.00619	0.01350

[dist]
# distance from previous block
# <min> <max>
0	1

[block]
# block no. 5 follows, 10 sequences, length 26
# corresponding to MSA columns:
# 268-275,287,288,293-308
name=unknown_F
#
# <colnr> <probs for GDERKNQSTAVLIFYWHMCP>
#	G	D	E	R	K	N	Q	S	T	A	V	L	I	F	Y	W	H	M	C	P
0	0.03704	0.03305	0.15699	0.03331	0.04514	0.02361	0.18136	0.04543	0.02927	0.24564	0.03244	0.03331	0.02172	0.01205	0.01225	0.00373	0.01492	0.01168	0.00928	0.01778
1	0.02760	0.01669	0.02057	0.01831	0.02343	0.01604	0.01480	0.09417	0.03401	0.14275	0.20643	0.08065	0.13896	0.02285	0.01342	0.00396	0.00840	0.09092	0.01227	0.01378
2	0.02747	0.02474	0.03907	0.31928	0.22273	0.02792	0.03199	0.09634	0.02886	0.03878	0.02212	0.02981	0.01711	0.01153	0.01159	0.00368	0.01454	0.01036	0.00630	0.01577
3	0.03101	0.32756	0.13328	0.03211	0.10607	0.03627	0.06645	0.03740	0.02538	0.07495	0.02101	0.02403	0.01685	0.01056	0.00956	0.00305	0.01383	0.00835	0.00598	0.01629
4	0.03112	0.01500	0.02048	0.01945	0.02411	0.01367	0.01553	0.03506	0.02803	0.23670	0.05589	0.23745	0.05434	0.02616	0.01387	0.00443	0.00911	0.13329	0.01226	0.01406
5	0.02205	0.01329	0.01698	0.01732	0.02074	0.01227	0.01370	0.02563	0.02611	0.11218	0.07061	0.18521	0.16657	0.07928	0.01844	0.00515	0.00879	0.16323	0.01102	0.01143
6	0.12186	0.02395	0.07300	0.02823	0.10714	0.02114	0.02043	0.03943	0.10035	0.13627	0.08334	0.09040	0.07223	0.01697	0.01158	0.00376	0.01003	0.01426	0.00994	0.01566
7	0.03169	0.02265	0.02643	0.01941	0.02937	0.01936	0.01573	0.11283	0.03083	0.11429	0.02557	0.02701	0.01934	0.01039	0.00959	0.00230	0.00954	0.00821	0.00881	0.45666
8	0.01840	0.01172	0.01532	0.01607	0.01791	0.01134	0.01123	0.02076	0.02213	0.07260	0.05698	0.31790	0.09687	0.13307	0.11364	0.00804	0.01192	0.02421	0.00972	0.01017
9	0.01442	0.01031	0.01372	0.01603	0.01692	0.00961	0.01082	0.01681	0.02341	0.03151	0.11222	0.53037	0.08044	0.03508	0.01472	0.00461	0.00661	0.03177	0.01101	0.00961
10	0.09444	0.11389	0.15978	0.05790	0.03671	0.02467	0.02328	0.03258	0.02364	0.03710	0.01960	0.02335	0.01564	0.00987	0.00912	0.00268	0.01187	0.00740	0.00602	0.29048
11	0.14587	0.02241	0.02448	0.01926	0.02770	0.02171	0.01556	0.10966	0.07114	0.11801	0.06996	0.03318	0.02814	0.01264	0.01002	0.00297	0.00932	0.00983	0.00974	0.23839
12	0.02399	0.01749	0.01805	0.01756	0.01854	0.09718	0.01212	0.02025	0.01805	0.02155	0.01984	0.03301	0.01935	0.03577	0.03976	0.55430	0.01187	0.00968	0.00520	0.00642
13	0.01526	0.01066	0.01347	0.01495	0.01564	0.01017	0.00967	0.01703	0.02177	0.02932	0.10381	0.37485	0.06983	0.20508	0.02831	0.00662	0.00800	0.02682	0.00986	0.00888
14	0.02952	0.11059	0.12750	0.02853	0.03888	0.02486	0.13586	0.03702	0.02801	0.12384	0.10539	0.03820	0.03369	0.01302	0.01153	0.00337	0.01312	0.01196	0.00831	0.07681
15	0.02653	0.02518	0.11099	0.02041	0.02839	0.01848	0.01882	0.03732	0.10901	0.11898	0.12537	0.05317	0.08669	0.05969	0.01528	0.00402	0.00984	0.01394	0.01003	0.10784
16	0.01615	0.01168	0.01398	0.01382	0.01543	0.01146	0.00931	0.01837	0.02191	0.02924	0.13463	0.08024	0.14694	0.29746	0.12133	0.00968	0.01242	0.01844	0.00867	0.00883
17	0.20201	0.02126	0.02348	0.01891	0.02661	0.02153	0.01550	0.11565	0.03211	0.26487	0.03439	0.03305	0.02342	0.01330	0.01005	0.00345	0.00950	0.01002	0.10417	0.01670
18	0.09533	0.02725	0.07231	0.15747	0.04050	0.10497	0.02162	0.03197	0.02684	0.06830	0.10417	0.09130	0.07767	0.01717	0.01168	0.00371	0.01245	0.01411	0.00818	0.01299
19	0.02443	0.01778	0.06232	0.01815	0.02351	0.01355	0.01570	0.02910	0.02786	0.14660	0.11775	0.17122	0.17506	0.02542	0.01357	0.00415	0.00859	0.08102	0.01131	0.01292
20	0.01462	0.01031	0.01336	0.01562	0.01619	0.00974	0.01019	0.01631	0.02139	0.02853	0.05963	0.50097	0.07128	0.12684	0.02207	0.00579	0.00749	0.03043	0.01019	0.00906
21	0.15042	0.04117	0.25061	0.02665	0.03903	0.02754	0.02892	0.14230	0.03194	0.11764	0.02521	0.02644	0.01751	0.01216	0.01058	0.00361	0.01364	0.00905	0.00824	0.01733
22	0.08285	0.02229	0.03338	0.07998	0.12419	0.02311	0.08558	0.07230	0.06214	0.07144	0.03250	0.09749	0.02981	0.10887	0.01964	0.00503	0.01251	0.01430	0.00815	0.01444
23	0.08601	0.01938	0.02421	0.10641	0.03462	0.01773	0.01712	0.03079	0.02526	0.07521	0.06865	0.04060	0.02974	0.01309	0.01029	0.00287	0.00978	0.04628	0.00805	0.33392
24	0.02483	0.01953	0.02228	0.01879	0.02489	0.01883	0.01429	0.10304	0.09677	0.04294	0.08148	0.13785	0.04223	0.07937	0.01658	0.00407	0.00904	0.01541	0.00964	0.21817
25	0.03210	0.27130	0.04176	0.07042	0.03422	0.12257	0.02017	0.04014	0.09383	0.06863	0.02812	0.07859	0.02483	0.01412	0.01000	0.00320	0.01300	0.01075	0.00741	0.01485

[dist]
# distance from previous block
# <min> <max>
0	1

[block]
# block no. 6 follows, 10 sequences, length 36
# corresponding to MSA columns:
# 310-345
name=unknown_G
#
# <colnr> <probs for GDERKNQSTAVLIFYWHMCP>
#	G	D	E	R	K	N	Q	S	T	A	V	L	I	F	Y	W	H	M	C	P
0	0.03287	0.01931	0.02350	0.01871	0.02600	0.01714	0.01455	0.08808	0.02940	0.18747	0.03663	0.10567	0.03167	0.08843	0.01711	0.00409	0.00961	0.01331	0.01024	0.22623
1	0.02949	0.08922	0.15070	0.03685	0.10023	0.11971	0.08275	0.03838	0.06191	0.03391	0.02134	0.02641	0.01732	0.01311	0.01650	0.00376	0.12728	0.00970	0.00590	0.01553
2	0.03534	0.19478	0.14730	0.02515	0.03564	0.08061	0.02476	0.09641	0.09017	0.12011	0.02762	0.02785	0.02037	0.01233	0.01028	0.00328	0.01348	0.00914	0.00828	0.01710
3	0.02266	0.01885	0.02282	0.08249	0.03056	0.01818	0.01543	0.03292	0.12022	0.03756	0.08962	0.04553	0.03647	0.11227	0.01894	0.00431	0.00962	0.01204	0.00845	0.26107
4	0.24098	0.12930	0.12644	0.02573	0.03505	0.03054	0.07906	0.03614	0.02306	0.07674	0.02011	0.02379	0.01557	0.01199	0.01278	0.00364	0.07928	0.00850	0.00654	0.01477
5	0.19460	0.02812	0.07121	0.02623	0.03497	0.02681	0.09454	0.16579	0.03324	0.09665	0.02971	0.09327	0.02489	0.01497	0.01121	0.00376	0.01232	0.01262	0.00921	0.01587
6	0.02018	0.01038	0.01340	0.01366	0.01472	0.01031	0.00944	0.01967	0.01924	0.02965	0.03088	0.08984	0.02908	0.03011	0.02878	0.35633	0.00806	0.01253	0.24614	0.00760
7	0.34902	0.02300	0.02239	0.01853	0.02653	0.02446	0.01508	0.07991	0.08636	0.13322	0.02682	0.02699	0.01949	0.01205	0.00912	0.00340	0.00946	0.00853	0.00937	0.09626
8	0.02443	0.01541	0.01844	0.01717	0.02069	0.01535	0.01271	0.10201	0.03076	0.08751	0.14043	0.22990	0.06060	0.07378	0.01685	0.00453	0.00806	0.02075	0.08818	0.01244
9	0.02779	0.02347	0.03572	0.08657	0.15504	0.02452	0.07970	0.04247	0.16855	0.07915	0.11243	0.04409	0.03903	0.01455	0.01227	0.00374	0.01164	0.01348	0.00936	0.01644
10	0.01594	0.01139	0.01553	0.01822	0.01967	0.01097	0.01388	0.01926	0.02401	0.03167	0.06312	0.40825	0.07305	0.03477	0.01532	0.00497	0.00828	0.19099	0.01076	0.00994
11	0.10979	0.04817	0.35656	0.02894	0.04311	0.02711	0.03410	0.09461	0.02861	0.08941	0.02353	0.02569	0.01643	0.01170	0.01070	0.00364	0.01492	0.00884	0.00694	0.01719
12	0.04081	0.01771	0.02279	0.01851	0.02548	0.01620	0.01493	0.04779	0.06782	0.34862	0.10232	0.04636	0.03949	0.01552	0.01135	0.00348	0.00854	0.01282	0.12238	0.01708
13	0.01417	0.01012	0.01350	0.01619	0.01687	0.00945	0.01080	0.01619	0.02227	0.02969	0.06410	0.58367	0.07692	0.03644	0.01484	0.00472	0.00675	0.03306	0.01080	0.00945
14	0.02589	0.02489	0.04220	0.26544	0.25162	0.02719	0.07343	0.03585	0.06954	0.03555	0.02393	0.03130	0.01877	0.01134	0.01180	0.00372	0.01461	0.01092	0.00610	0.01592
15	0.07577	0.01488	0.01687	0.01570	0.01969	0.01487	0.01193	0.07067	0.02856	0.10531	0.10188	0.17608	0.04881	0.02031	0.01117	0.00357	0.00729	0.01723	0.22679	0.01263
16	0.01517	0.01084	0.01465	0.01734	0.01845	0.01031	0.01254	0.01793	0.02326	0.03081	0.06355	0.48442	0.07473	0.03549	0.01511	0.00486	0.00762	0.12242	0.01078	0.00972
17	0.02854	0.01912	0.02733	0.02310	0.02908	0.01851	0.07413	0.10055	0.03269	0.13090	0.11165	0.11981	0.10842	0.02229	0.01360	0.00412	0.01040	0.10038	0.01119	0.01420
18	0.02725	0.01777	0.02897	0.02406	0.02991	0.01593	0.10691	0.03174	0.02624	0.15645	0.04753	0.28666	0.04765	0.02309	0.01328	0.00402	0.01030	0.02151	0.01036	0.07038
19	0.02481	0.01566	0.01960	0.01933	0.02320	0.01572	0.01486	0.03470	0.12765	0.12122	0.09180	0.25947	0.06065	0.02652	0.01378	0.00439	0.00839	0.09302	0.01178	0.01347
20	0.01775	0.01350	0.01653	0.01549	0.01881	0.01309	0.01170	0.02639	0.08976	0.04548	0.41860	0.08382	0.13793	0.02331	0.01349	0.00372	0.00598	0.02038	0.01250	0.01179
21	0.02937	0.02764	0.04513	0.03908	0.10011	0.02849	0.19328	0.09832	0.16823	0.04496	0.03417	0.04288	0.02754	0.01409	0.01285	0.00394	0.01425	0.05005	0.00875	0.01688
22	0.13063	0.01903	0.01882	0.01848	0.02149	0.08096	0.01383	0.02518	0.02087	0.03124	0.03176	0.10885	0.03209	0.11872	0.26416	0.01158	0.02074	0.01391	0.00703	0.01063
23	0.01732	0.01113	0.01299	0.01299	0.01299	0.01113	0.00742	0.01670	0.01670	0.02226	0.03461	0.07107	0.03955	0.52320	0.05750	0.09163	0.01113	0.01607	0.00680	0.00680
24	0.19851	0.02515	0.02764	0.08864	0.03604	0.02794	0.01951	0.17050	0.11449	0.13324	0.03037	0.03061	0.02163	0.01326	0.01056	0.00366	0.01108	0.01007	0.01021	0.01689
25	0.02709	0.02591	0.04415	0.19354	0.40980	0.02719	0.03485	0.03421	0.02568	0.03594	0.02158	0.02934	0.01770	0.01068	0.01154	0.00356	0.01424	0.01036	0.00561	0.01706
26	0.02377	0.02406	0.08722	0.02125	0.02721	0.02044	0.01848	0.09541	0.02804	0.03986	0.09129	0.13370	0.04172	0.09041	0.02091	0.00458	0.07685	0.01547	0.00857	0.13074
27	0.03416	0.01583	0.02098	0.01834	0.02413	0.01402	0.01470	0.03838	0.03023	0.28395	0.11682	0.13340	0.11093	0.02233	0.01312	0.00400	0.00855	0.06822	0.01285	0.01506
28	0.30641	0.02850	0.08775	0.02411	0.03304	0.02664	0.07534	0.04355	0.14262	0.08394	0.02777	0.02886	0.02048	0.01223	0.00997	0.00374	0.01140	0.00963	0.00848	0.01554
29	0.18462	0.12326	0.11678	0.08805	0.03715	0.02641	0.02182	0.03275	0.02294	0.03847	0.01886	0.02286	0.01506	0.01017	0.00887	0.00292	0.01167	0.00736	0.00610	0.20388
30	0.11807	0.02290	0.02928	0.02435	0.02917	0.02689	0.02011	0.04225	0.06116	0.22130	0.02945	0.03135	0.02161	0.01653	0.02218	0.00425	0.24343	0.01049	0.00940	0.01582
31	0.02160	0.01524	0.02301	0.02106	0.02550	0.01399	0.07211	0.02596	0.02648	0.09435	0.06984	0.21494	0.17302	0.02747	0.01432	0.00443	0.00951	0.12462	0.01060	0.01193
32	0.13046	0.01701	0.01933	0.01700	0.02309	0.01547	0.01360	0.02658	0.02548	0.04085	0.13138	0.10336	0.04912	0.01855	0.01124	0.00332	0.00823	0.08635	0.00915	0.25041
33	0.03179	0.02134	0.02516	0.01953	0.02805	0.01937	0.01566	0.09161	0.08980	0.14295	0.09237	0.03805	0.03388	0.01323	0.01064	0.00283	0.00905	0.01086	0.01033	0.29348
34	0.03284	0.01822	0.02281	0.01905	0.02550	0.01661	0.01489	0.09169	0.03171	0.20787	0.09956	0.17629	0.04733	0.01998	0.01220	0.00356	0.00875	0.01717	0.01172	0.12227
35	0.01588	0.01686	0.07981	0.01897	0.02198	0.01215	0.01583	0.01976	0.02309	0.03121	0.05831	0.45880	0.06784	0.03270	0.01451	0.00467	0.00854	0.07848	0.01004	0.01058

[dist]
# distance from previous block
# <min> <max>
5	36

[block]
# block no. 7 follows, 10 sequences, length 17
# corresponding to MSA columns:
# 386-391,410-420
name=unknown_H
#
# <colnr> <probs for GDERKNQSTAVLIFYWHMCP>
#	G	D	E	R	K	N	Q	S	T	A	V	L	I	F	Y	W	H	M	C	P
0	0.01706	0.01205	0.01618	0.01843	0.02007	0.01185	0.01445	0.02054	0.02383	0.03129	0.05838	0.26051	0.06606	0.12249	0.02256	0.00610	0.00959	0.24866	0.01015	0.00974
1	0.01680	0.01163	0.01458	0.01521	0.01598	0.01191	0.01023	0.01841	0.01905	0.02564	0.04181	0.13209	0.04685	0.37415	0.13247	0.01110	0.01414	0.07186	0.00777	0.00834
2	0.02892	0.02788	0.03214	0.02772	0.03002	0.08711	0.02260	0.07047	0.07076	0.03520	0.02182	0.02856	0.01892	0.01787	0.02772	0.00441	0.35922	0.01027	0.06460	0.01378
3	0.03575	0.02506	0.03195	0.02538	0.03320	0.02628	0.06706	0.18419	0.15080	0.13988	0.11249	0.04346	0.03925	0.01559	0.01225	0.00369	0.01098	0.01336	0.01175	0.01761
4	0.15658	0.01707	0.01718	0.01589	0.02006	0.01798	0.01186	0.10117	0.02741	0.04270	0.04876	0.14771	0.11118	0.11163	0.01875	0.00494	0.00867	0.01692	0.09183	0.01173
5	0.03356	0.02356	0.10390	0.07483	0.03362	0.01749	0.02036	0.03881	0.02692	0.24964	0.04135	0.13448	0.03522	0.09091	0.01818	0.00481	0.01125	0.01540	0.01041	0.01529
6	0.08641	0.07927	0.03114	0.02632	0.10578	0.02158	0.01813	0.03422	0.02504	0.09033	0.02271	0.02550	0.01801	0.00984	0.00916	0.00244	0.00999	0.00784	0.00735	0.36895
7	0.03088	0.01482	0.01923	0.01715	0.02228	0.01299	0.01317	0.03447	0.02885	0.24844	0.10614	0.20958	0.14498	0.02433	0.01315	0.00398	0.00784	0.02100	0.01254	0.01417
8	0.02466	0.01593	0.02295	0.02089	0.02332	0.01859	0.01649	0.02709	0.02028	0.10572	0.02850	0.03892	0.02479	0.05446	0.27695	0.11478	0.13554	0.01150	0.00711	0.01152
9	0.03021	0.02933	0.07841	0.02843	0.03525	0.10444	0.11394	0.03592	0.02644	0.11074	0.03224	0.10255	0.02809	0.02255	0.06204	0.00513	0.06508	0.01376	0.06128	0.01418
10	0.03452	0.03223	0.16664	0.11532	0.08635	0.02361	0.02834	0.04581	0.08792	0.21083	0.03316	0.03368	0.02281	0.01287	0.01151	0.00370	0.01302	0.01071	0.00927	0.01770
11	0.09060	0.01935	0.02085	0.01963	0.02370	0.06373	0.01501	0.06838	0.02612	0.09819	0.03926	0.18834	0.03865	0.04300	0.18102	0.00863	0.01691	0.01687	0.00910	0.01265
12	0.02595	0.01821	0.02250	0.02018	0.02440	0.01937	0.01604	0.10094	0.07451	0.08935	0.21620	0.11815	0.06550	0.02253	0.01558	0.00407	0.05834	0.06284	0.01157	0.01378
13	0.01881	0.02258	0.10454	0.02252	0.02919	0.01623	0.08977	0.02579	0.02959	0.04089	0.28693	0.07268	0.15209	0.02056	0.01330	0.00375	0.00965	0.01854	0.01010	0.01250
