[name]
unknown

[dist]
# distance from previous block
# <min> <max>
1	257

[block]
# block no. 0 follows, 11 sequences, length 63
# corresponding to MSA columns:
# 257-319
name=unknown_A
#
# <colnr> <probs for GDERKNQSTAVLIFYWHMCP>
#	G	D	E	R	K	N	Q	S	T	A	V	L	I	F	Y	W	H	M	C	P
0	0.01619	0.01168	0.01541	0.01494	0.01759	0.01090	0.01152	0.02149	0.03115	0.04377	0.47241	0.08919	0.10126	0.02397	0.01355	0.00374	0.00591	0.07260	0.01215	0.01059
1	0.03082	0.08418	0.20136	0.02359	0.03541	0.02357	0.02465	0.08474	0.02818	0.13465	0.02504	0.02624	0.01805	0.01082	0.00989	0.00288	0.01206	0.00840	0.00772	0.20774
2	0.02351	0.02160	0.03033	0.27140	0.05045	0.02532	0.02417	0.03429	0.11513	0.03345	0.02400	0.03009	0.01896	0.01292	0.01518	0.00357	0.11090	0.00986	0.00653	0.13832
3	0.08759	0.35386	0.04460	0.02094	0.02935	0.08155	0.01877	0.07907	0.11902	0.03632	0.02249	0.02357	0.01843	0.01126	0.00859	0.00289	0.01187	0.00775	0.00689	0.01518
4	0.05050	0.01915	0.02612	0.02003	0.02873	0.01654	0.01654	0.05485	0.03221	0.54203	0.04440	0.03831	0.02786	0.01393	0.01132	0.00348	0.00958	0.01132	0.01393	0.01915
5	0.03279	0.09627	0.03205	0.02292	0.03088	0.03113	0.01879	0.20032	0.25717	0.05169	0.03362	0.03246	0.02531	0.01339	0.01061	0.00331	0.01040	0.01052	0.01017	0.07622
6	0.03422	0.02306	0.02682	0.01992	0.02939	0.02088	0.01623	0.16467	0.03339	0.14743	0.02685	0.02737	0.01960	0.01090	0.00975	0.00251	0.00972	0.00857	0.00941	0.35933
7	0.03489	0.13839	0.25687	0.02511	0.03741	0.02553	0.02785	0.04288	0.02694	0.23375	0.02896	0.02851	0.01965	0.01179	0.01034	0.00333	0.01306	0.00910	0.00838	0.01725
8	0.02737	0.03810	0.26143	0.03232	0.04425	0.02312	0.15862	0.03664	0.02571	0.12102	0.03001	0.09643	0.02453	0.01384	0.01195	0.00373	0.01488	0.01302	0.00725	0.01577
9	0.01384	0.01142	0.01215	0.01197	0.01553	0.00973	0.00897	0.01719	0.02692	0.03342	0.19878	0.10336	0.44302	0.02738	0.01330	0.00375	0.00562	0.02306	0.01085	0.00973
10	0.02717	0.02604	0.04445	0.12172	0.48694	0.02656	0.03420	0.03394	0.02530	0.03594	0.02105	0.02808	0.01754	0.01016	0.01115	0.00339	0.01354	0.01003	0.00551	0.01728
11	0.02419	0.02300	0.03905	0.35180	0.28021	0.02578	0.03272	0.03132	0.02389	0.03231	0.02052	0.02905	0.01626	0.01071	0.01120	0.00357	0.01428	0.01001	0.00525	0.01487
12	0.03366	0.02823	0.05164	0.04120	0.09870	0.02731	0.28172	0.11820	0.03197	0.13036	0.02711	0.03091	0.01939	0.01101	0.01237	0.00362	0.01563	0.01206	0.00807	0.01683
13	0.01608	0.01206	0.01809	0.01809	0.02010	0.01407	0.01407	0.02010	0.01809	0.02613	0.03015	0.04422	0.02814	0.08441	0.55984	0.01809	0.03015	0.01206	0.00603	0.01005
14	0.01608	0.01206	0.01809	0.01809	0.02010	0.01407	0.01407	0.02010	0.01809	0.02613	0.03015	0.04422	0.02814	0.08441	0.55984	0.01809	0.03015	0.01206	0.00603	0.01005
15	0.01590	0.01588	0.06182	0.08369	0.02690	0.01303	0.01601	0.02022	0.02384	0.03151	0.10323	0.31203	0.13868	0.02771	0.01351	0.00422	0.00851	0.06334	0.00947	0.01049
16	0.01417	0.01012	0.01359	0.01620	0.01705	0.00954	0.01125	0.01647	0.02200	0.02925	0.06178	0.54827	0.07344	0.03483	0.01449	0.00463	0.00693	0.07629	0.01044	0.00927
17	0.05050	0.01915	0.02612	0.02003	0.02873	0.01654	0.01654	0.05485	0.03221	0.54203	0.04440	0.03831	0.02786	0.01393	0.01132	0.00348	0.00958	0.01132	0.01393	0.01915
18	0.02194	0.02070	0.03500	0.52460	0.12496	0.02519	0.03160	0.02936	0.02283	0.02959	0.02013	0.02978	0.01530	0.01113	0.01124	0.00371	0.01483	0.01001	0.00506	0.01306
19	0.02665	0.02610	0.04626	0.14731	0.40495	0.02667	0.08873	0.03380	0.02524	0.03541	0.02118	0.02850	0.01729	0.01016	0.01142	0.00346	0.01430	0.01041	0.00550	0.01667
20	0.01641	0.01130	0.01583	0.01723	0.01861	0.01165	0.01303	0.01877	0.02054	0.02769	0.04584	0.21945	0.05054	0.09454	0.16360	0.08842	0.01443	0.13483	0.00831	0.00900
21	0.02462	0.02462	0.03447	0.02955	0.02955	0.03447	0.02462	0.02709	0.01724	0.02709	0.01477	0.02462	0.01477	0.01970	0.03694	0.00492	0.58385	0.00985	0.00492	0.01231
22	0.02334	0.02001	0.02334	0.01667	0.02667	0.01500	0.01334	0.02834	0.02334	0.03668	0.02001	0.02334	0.01667	0.00834	0.00834	0.00167	0.00834	0.00667	0.00667	0.67325
23	0.03009	0.61122	0.05898	0.01926	0.02889	0.04454	0.01926	0.03370	0.02287	0.02648	0.01565	0.01805	0.01444	0.00963	0.00722	0.00241	0.01204	0.00602	0.00481	0.01444
24	0.02786	0.02674	0.04568	0.06908	0.53424	0.02674	0.03454	0.03454	0.02563	0.03677	0.02117	0.02786	0.01783	0.01003	0.01114	0.00334	0.01337	0.01003	0.00557	0.01783
25	0.04204	0.05364	0.03190	0.02900	0.03480	0.55926	0.02175	0.04494	0.03190	0.02755	0.01740	0.02030	0.01450	0.01160	0.01015	0.00290	0.02030	0.00725	0.00580	0.01305
26	0.02639	0.01990	0.02460	0.06700	0.03145	0.01608	0.01531	0.03154	0.02432	0.09623	0.02291	0.02572	0.01786	0.00926	0.00895	0.00207	0.00908	0.00752	0.00739	0.53642
27	0.39633	0.17915	0.03031	0.01859	0.02602	0.12972	0.01579	0.03545	0.02248	0.04005	0.01599	0.01860	0.01320	0.01045	0.00762	0.00310	0.01172	0.00629	0.00620	0.01293
28	0.03152	0.54473	0.05575	0.02042	0.02959	0.10591	0.01956	0.03504	0.02395	0.02661	0.01586	0.01832	0.01445	0.00986	0.00757	0.00247	0.01302	0.00617	0.00493	0.01428
29	0.03108	0.02689	0.12174	0.02052	0.03139	0.01753	0.01954	0.03740	0.02599	0.18314	0.02712	0.02776	0.01947	0.01040	0.00964	0.00255	0.01024	0.00833	0.00842	0.36085
30	0.08645	0.08751	0.21752	0.02544	0.03609	0.02906	0.02637	0.08174	0.21153	0.04339	0.02967	0.02996	0.02211	0.01254	0.01039	0.00354	0.01225	0.00974	0.00802	0.01670
31	0.05050	0.01915	0.02612	0.02003	0.02873	0.01654	0.01654	0.05485	0.03221	0.54203	0.04440	0.03831	0.02786	0.01393	0.01132	0.00348	0.00958	0.01132	0.01393	0.01915
32	0.02847	0.02969	0.03510	0.03614	0.12571	0.11759	0.02522	0.03530	0.08043	0.03138	0.02011	0.02660	0.01764	0.01603	0.02467	0.00416	0.31586	0.00980	0.00597	0.01413
33	0.02927	0.03944	0.25129	0.02819	0.03916	0.06903	0.06795	0.04069	0.08441	0.12533	0.03186	0.08833	0.02558	0.01434	0.01145	0.00365	0.01393	0.01217	0.00794	0.01601
34	0.02599	0.02484	0.04231	0.21274	0.40516	0.02625	0.03361	0.03291	0.02475	0.03451	0.02084	0.02846	0.01703	0.01037	0.01117	0.00346	0.01383	0.01002	0.00541	0.01632
35	0.01637	0.01091	0.01228	0.01228	0.01228	0.01091	0.00682	0.01637	0.01637	0.02182	0.03546	0.07365	0.04092	0.60445	0.05729	0.01091	0.01091	0.01637	0.00682	0.00682
36	0.02657	0.03036	0.06641	0.04744	0.05882	0.02846	0.49336	0.03605	0.02657	0.03605	0.02277	0.03036	0.01708	0.00949	0.01328	0.00380	0.01898	0.01328	0.00569	0.01518
37	0.02421	0.02792	0.09749	0.13367	0.21730	0.02478	0.15956	0.03191	0.02471	0.03422	0.02620	0.09635	0.02355	0.01315	0.01209	0.00370	0.01471	0.01337	0.00601	0.01509
38	0.01406	0.01042	0.01312	0.01458	0.01621	0.00949	0.01012	0.01682	0.02428	0.03217	0.16046	0.40726	0.16649	0.03166	0.01396	0.00423	0.00614	0.02823	0.01082	0.00949
39	0.68395	0.02177	0.01654	0.01480	0.02177	0.02525	0.01219	0.03309	0.01915	0.05050	0.01567	0.01828	0.01219	0.01045	0.00697	0.00348	0.00871	0.00609	0.00697	0.01219
40	0.02299	0.05533	0.49630	0.03368	0.04976	0.02638	0.08851	0.03569	0.02405	0.03569	0.02047	0.02445	0.01455	0.01057	0.01096	0.00359	0.01688	0.00883	0.00485	0.01648
41	0.05050	0.01915	0.02612	0.02003	0.02873	0.01654	0.01654	0.05485	0.03221	0.54203	0.04440	0.03831	0.02786	0.01393	0.01132	0.00348	0.00958	0.01132	0.01393	0.01915
42	0.01608	0.01206	0.01809	0.01809	0.02010	0.01407	0.01407	0.02010	0.01809	0.02613	0.03015	0.04422	0.02814	0.08441	0.55984	0.01809	0.03015	0.01206	0.00603	0.01005
43	0.02657	0.03036	0.06641	0.04744	0.05882	0.02846	0.49336	0.03605	0.02657	0.03605	0.02277	0.03036	0.01708	0.00949	0.01328	0.00380	0.01898	0.01328	0.00569	0.01518
44	0.01593	0.01150	0.01504	0.01416	0.01681	0.01062	0.01062	0.02124	0.03186	0.04513	0.52830	0.08407	0.10620	0.02301	0.01327	0.00354	0.00531	0.02035	0.01239	0.01062
45	0.01371	0.00979	0.01306	0.01567	0.01632	0.00914	0.01045	0.01567	0.02155	0.02873	0.06203	0.59710	0.07444	0.03526	0.01437	0.00457	0.00653	0.03200	0.01045	0.00914
46	0.43111	0.02562	0.02334	0.01918	0.02695	0.02906	0.01582	0.21591	0.03247	0.05856	0.02015	0.02173	0.01493	0.01166	0.00866	0.00344	0.01016	0.00769	0.00866	0.01493
47	0.03733	0.27352	0.04258	0.02516	0.03247	0.35628	0.02077	0.04051	0.02834	0.02713	0.01671	0.01941	0.01448	0.01082	0.00899	0.00271	0.01704	0.00676	0.00541	0.01360
48	0.02809	0.08657	0.21139	0.02288	0.03498	0.02184	0.02435	0.03571	0.02489	0.11759	0.02365	0.02545	0.01744	0.01019	0.00955	0.00270	0.01180	0.00795	0.00701	0.27597
49	0.02713	0.04803	0.36067	0.03375	0.04797	0.02822	0.12126	0.12283	0.02979	0.04239	0.02196	0.02560	0.01570	0.01100	0.01128	0.00357	0.01626	0.00958	0.00616	0.01684
50	0.01395	0.00990	0.01299	0.01537	0.01596	0.00930	0.01012	0.01573	0.02108	0.02811	0.05964	0.54998	0.07142	0.08650	0.01823	0.00514	0.00692	0.03059	0.01012	0.00893
51	0.02126	0.02001	0.03376	0.57739	0.07752	0.02501	0.03126	0.02876	0.02251	0.02876	0.02001	0.03001	0.01500	0.01125	0.01125	0.00375	0.01500	0.01000	0.00500	0.01250
52	0.03279	0.02965	0.13124	0.10060	0.25006	0.02348	0.03026	0.04006	0.02688	0.18281	0.02763	0.03037	0.01980	0.01141	0.01112	0.00347	0.01304	0.01009	0.00779	0.01744
53	0.02376	0.02256	0.03828	0.38476	0.25060	0.02566	0.03250	0.03095	0.02369	0.03179	0.02045	0.02919	0.01607	0.01079	0.01121	0.00360	0.01439	0.01001	0.00522	0.01452
54	0.01608	0.01206	0.01809	0.01809	0.02010	0.01407	0.01407	0.02010	0.01809	0.02613	0.03015	0.04422	0.02814	0.08441	0.55984	0.01809	0.03015	0.01206	0.00603	0.01005
55	0.03009	0.61122	0.05898	0.01926	0.02889	0.04454	0.01926	0.03370	0.02287	0.02648	0.01565	0.01805	0.01444	0.00963	0.00722	0.00241	0.01204	0.00602	0.00481	0.01444
56	0.03755	0.03001	0.12052	0.03425	0.14601	0.02449	0.02576	0.12210	0.07179	0.22317	0.03226	0.03188	0.02235	0.01254	0.01117	0.00347	0.01205	0.01043	0.00985	0.01832
57	0.02525	0.02594	0.03405	0.18021	0.04321	0.07860	0.02619	0.02914	0.01999	0.02759	0.01645	0.02572	0.01481	0.01665	0.02749	0.00442	0.37717	0.00966	0.00502	0.01243
58	0.68395	0.02177	0.01654	0.01480	0.02177	0.02525	0.01219	0.03309	0.01915	0.05050	0.01567	0.01828	0.01219	0.01045	0.00697	0.00348	0.00871	0.00609	0.00697	0.01219
59	0.03539	0.02349	0.03334	0.03945	0.22046	0.02373	0.02373	0.04859	0.16951	0.20691	0.03601	0.03542	0.02594	0.01284	0.01129	0.00353	0.01082	0.01124	0.01004	0.01826
60	0.03079	0.31046	0.23068	0.02405	0.03607	0.03313	0.02692	0.03797	0.02477	0.11652	0.02214	0.02354	0.01663	0.01074	0.00917	0.00301	0.01330	0.00775	0.00633	0.01603
61	0.49849	0.02100	0.01935	0.01633	0.02381	0.02270	0.01346	0.03946	0.02298	0.19441	0.02408	0.02415	0.01678	0.01147	0.00824	0.00348	0.00896	0.00762	0.00900	0.01423
62	0.01371	0.00979	0.01306	0.01567	0.01632	0.00914	0.01045	0.01567	0.02155	0.02873	0.06203	0.59710	0.07444	0.03526	0.01437	0.00457	0.00653	0.03200	0.01045	0.00914

[dist]
# distance from previous block
# <min> <max>
0	1

[block]
# block no. 1 follows, 11 sequences, length 33
# corresponding to MSA columns:
# 321-353
name=unknown_B
#
# <colnr> <probs for GDERKNQSTAVLIFYWHMCP>
#	G	D	E	R	K	N	Q	S	T	A	V	L	I	F	Y	W	H	M	C	P
0	0.03126	0.55652	0.05632	0.02021	0.02947	0.09503	0.01950	0.03481	0.02375	0.02659	0.01582	0.01827	0.01445	0.00982	0.00751	0.00246	0.01285	0.00614	0.00491	0.01431
1	0.01640	0.01269	0.01637	0.01522	0.01778	0.01265	0.01164	0.02115	0.02978	0.04171	0.43134	0.08161	0.14926	0.02338	0.01543	0.00370	0.05797	0.01981	0.01148	0.01064
2	0.03742	0.09761	0.03210	0.02444	0.03183	0.33662	0.01913	0.04100	0.02911	0.07629	0.02027	0.02240	0.01620	0.01088	0.00956	0.00263	0.01581	0.00737	0.00664	0.16269
3	0.01597	0.01114	0.01305	0.01294	0.01384	0.01101	0.00812	0.01727	0.01937	0.02594	0.10296	0.07587	0.09866	0.42684	0.09278	0.00992	0.01143	0.01723	0.00780	0.00785
4	0.01618	0.01206	0.01541	0.01614	0.01904	0.01129	0.01315	0.02085	0.02797	0.03698	0.23984	0.10717	0.19167	0.02759	0.01420	0.00426	0.00744	0.19742	0.01111	0.01025
5	0.03079	0.51249	0.09190	0.02121	0.03096	0.09687	0.02116	0.03502	0.02388	0.02726	0.01616	0.01871	0.01444	0.00991	0.00778	0.00254	0.01324	0.00632	0.00491	0.01446
6	0.22857	0.02190	0.02307	0.01826	0.02666	0.02156	0.01483	0.08380	0.07347	0.14231	0.02655	0.02684	0.01941	0.01121	0.00908	0.00293	0.00914	0.00831	0.00906	0.22306
7	0.17948	0.02499	0.02739	0.02144	0.02992	0.02621	0.01771	0.23919	0.03834	0.23801	0.03097	0.02930	0.02086	0.01302	0.01038	0.00344	0.01060	0.00972	0.01133	0.01769
8	0.04001	0.03076	0.16147	0.02391	0.03442	0.02170	0.02353	0.08170	0.08922	0.31804	0.03706	0.03418	0.02449	0.01322	0.01117	0.00354	0.01153	0.01062	0.01106	0.01834
9	0.01632	0.01098	0.01261	0.01250	0.01282	0.01088	0.00728	0.01695	0.01822	0.02462	0.09454	0.07490	0.04874	0.53475	0.05201	0.01003	0.01024	0.01685	0.00749	0.00728
10	0.01637	0.01091	0.01228	0.01228	0.01228	0.01091	0.00682	0.01637	0.01637	0.02182	0.03546	0.07365	0.04092	0.60445	0.05729	0.01091	0.01091	0.01637	0.00682	0.00682
11	0.18482	0.02689	0.02576	0.02172	0.02864	0.10131	0.01742	0.07902	0.12053	0.19768	0.03119	0.03023	0.02218	0.01341	0.01185	0.00355	0.04818	0.00965	0.00996	0.01602
12	0.03046	0.01532	0.02118	0.02046	0.02538	0.01432	0.01753	0.03532	0.02831	0.22722	0.05381	0.09321	0.05072	0.02456	0.01394	0.00454	0.01006	0.28824	0.01172	0.01371
13	0.01371	0.00979	0.01306	0.01567	0.01632	0.00914	0.01045	0.01567	0.02155	0.02873	0.06203	0.59710	0.07444	0.03526	0.01437	0.00457	0.00653	0.03200	0.01045	0.00914
14	0.01637	0.01091	0.01228	0.01228	0.01228	0.01091	0.00682	0.01637	0.01637	0.02182	0.03546	0.07365	0.04092	0.60445	0.05729	0.01091	0.01091	0.01637	0.00682	0.00682
15	0.68395	0.02177	0.01654	0.01480	0.02177	0.02525	0.01219	0.03309	0.01915	0.05050	0.01567	0.01828	0.01219	0.01045	0.00697	0.00348	0.00871	0.00609	0.00697	0.01219
16	0.04279	0.03153	0.03378	0.02590	0.03490	0.03490	0.02139	0.49671	0.05292	0.07093	0.02702	0.02702	0.01914	0.01351	0.01126	0.00338	0.01239	0.01013	0.01126	0.01914
17	0.02841	0.48725	0.16818	0.02213	0.03333	0.04041	0.02426	0.03414	0.02307	0.02853	0.01667	0.01933	0.01440	0.00987	0.00800	0.00267	0.01307	0.00653	0.00480	0.01493
18	0.02284	0.02355	0.04694	0.17855	0.05519	0.02377	0.27029	0.03050	0.02485	0.03306	0.03027	0.10741	0.02796	0.01509	0.01310	0.00401	0.01563	0.05712	0.00653	0.01330
19	0.01693	0.01156	0.01413	0.01495	0.01577	0.01156	0.01040	0.01857	0.01939	0.02558	0.04310	0.09053	0.04847	0.42295	0.04407	0.00910	0.01074	0.15632	0.00794	0.00794
20	0.02434	0.10446	0.38838	0.02812	0.04170	0.02688	0.03386	0.07540	0.02728	0.03907	0.08127	0.03073	0.02574	0.01232	0.01071	0.00343	0.01444	0.00970	0.00626	0.01592
21	0.15229	0.02166	0.02659	0.02283	0.02666	0.02587	0.01898	0.02807	0.01998	0.03452	0.02151	0.03552	0.02074	0.01683	0.02233	0.00397	0.27812	0.06286	0.00636	0.15430
22	0.01454	0.01026	0.01336	0.01514	0.01577	0.01001	0.00997	0.01625	0.02005	0.02692	0.05300	0.42628	0.06246	0.16837	0.07606	0.00729	0.00977	0.02657	0.00921	0.00870
23	0.01593	0.01150	0.01504	0.01416	0.01681	0.01062	0.01062	0.02124	0.03186	0.04513	0.52830	0.08407	0.10620	0.02301	0.01327	0.00354	0.00531	0.02035	0.01239	0.01062
24	0.68395	0.02177	0.01654	0.01480	0.02177	0.02525	0.01219	0.03309	0.01915	0.05050	0.01567	0.01828	0.01219	0.01045	0.00697	0.00348	0.00871	0.00609	0.00697	0.01219
25	0.02296	0.04694	0.38538	0.14304	0.11324	0.02599	0.03871	0.03417	0.02374	0.03444	0.02028	0.02548	0.01484	0.01072	0.01086	0.00357	0.01592	0.00885	0.00490	0.01597
26	0.01403	0.00993	0.01297	0.01526	0.01584	0.00935	0.01001	0.01576	0.02093	0.02790	0.05885	0.53436	0.07042	0.10349	0.01951	0.00533	0.00706	0.03012	0.01001	0.00886
27	0.01925	0.01717	0.03072	0.02587	0.03013	0.01640	0.16390	0.02373	0.02272	0.03033	0.04278	0.20376	0.04643	0.16259	0.02452	0.00596	0.01224	0.10271	0.00806	0.01073
28	0.01404	0.01102	0.01281	0.01406	0.01659	0.00979	0.01039	0.01685	0.02422	0.03021	0.08888	0.28485	0.31096	0.03123	0.01395	0.00424	0.00656	0.07943	0.01044	0.00948
29	0.04773	0.02079	0.02679	0.02085	0.02937	0.01933	0.01712	0.09743	0.07772	0.45238	0.04287	0.03757	0.02762	0.01401	0.01133	0.00350	0.00978	0.01133	0.01345	0.01903
30	0.02958	0.01916	0.02233	0.01973	0.02508	0.02000	0.01554	0.12933	0.13503	0.12713	0.10331	0.13992	0.04726	0.01986	0.01211	0.00377	0.00872	0.04740	0.05978	0.01495
31	0.03630	0.01598	0.02184	0.01933	0.02514	0.01432	0.01570	0.04037	0.02877	0.33167	0.05114	0.16662	0.04495	0.02181	0.01283	0.00406	0.00915	0.11224	0.01248	0.01530
32	0.05050	0.01915	0.02612	0.02003	0.02873	0.01654	0.01654	0.05485	0.03221	0.54203	0.04440	0.03831	0.02786	0.01393	0.01132	0.00348	0.00958	0.01132	0.01393	0.01915

[dist]
# distance from previous block
# <min> <max>
0	3

[block]
# block no. 2 follows, 11 sequences, length 37
# corresponding to MSA columns:
# 357-393
name=unknown_C
#
# <colnr> <probs for GDERKNQSTAVLIFYWHMCP>
#	G	D	E	R	K	N	Q	S	T	A	V	L	I	F	Y	W	H	M	C	P
0	0.02594	0.02471	0.08804	0.35053	0.05982	0.02428	0.02869	0.08385	0.02724	0.07764	0.02698	0.03978	0.02165	0.01374	0.01164	0.00382	0.01395	0.05668	0.00698	0.01404
1	0.10875	0.09289	0.03798	0.03050	0.09003	0.06758	0.07142	0.14208	0.03188	0.13818	0.02504	0.02697	0.01846	0.01233	0.01240	0.00342	0.05574	0.00955	0.00847	0.01633
2	0.56801	0.02129	0.01830	0.01576	0.02304	0.02366	0.01299	0.03707	0.02154	0.14046	0.02093	0.02195	0.01506	0.01109	0.00776	0.00348	0.00887	0.00705	0.00824	0.01346
3	0.34958	0.02240	0.02314	0.08125	0.03161	0.02492	0.01677	0.09069	0.07731	0.14352	0.02602	0.02685	0.01857	0.01204	0.00922	0.00354	0.01001	0.00867	0.00901	0.01490
4	0.02931	0.36074	0.18051	0.02547	0.03694	0.03753	0.06243	0.08578	0.02672	0.03450	0.01863	0.02147	0.01513	0.01032	0.00903	0.00292	0.01379	0.00763	0.00558	0.01558
5	0.01429	0.01010	0.01310	0.01504	0.01575	0.00953	0.00991	0.01621	0.02157	0.02897	0.09466	0.47751	0.07186	0.12050	0.02078	0.00545	0.00710	0.02871	0.01005	0.00891
6	0.08186	0.07298	0.03306	0.02501	0.03276	0.08649	0.05492	0.14985	0.21171	0.08709	0.03227	0.03164	0.02391	0.01317	0.01076	0.00346	0.01194	0.01051	0.00974	0.01685
7	0.10416	0.02786	0.08798	0.08773	0.07931	0.02500	0.02306	0.15942	0.03302	0.17311	0.02764	0.02870	0.01930	0.01204	0.01053	0.00334	0.01184	0.00952	0.00923	0.06720
8	0.15873	0.19569	0.03287	0.01840	0.02623	0.02676	0.01599	0.04122	0.06312	0.20519	0.08222	0.03366	0.02976	0.01306	0.00949	0.00319	0.00964	0.00982	0.00955	0.01542
9	0.02413	0.08936	0.38844	0.03516	0.04995	0.02801	0.15673	0.03562	0.02442	0.03511	0.02055	0.02507	0.01500	0.01031	0.01112	0.00354	0.01692	0.00944	0.00500	0.01611
10	0.01898	0.01597	0.02347	0.06794	0.02993	0.01618	0.06610	0.02696	0.07903	0.03385	0.06141	0.14616	0.14063	0.02540	0.01395	0.00444	0.01020	0.19822	0.00957	0.01157
11	0.03025	0.08474	0.03813	0.14664	0.22499	0.02695	0.02656	0.04099	0.11459	0.11212	0.02835	0.03140	0.02145	0.01177	0.01084	0.00343	0.01216	0.01029	0.00771	0.01664
12	0.02226	0.01704	0.02655	0.34669	0.05366	0.01936	0.02319	0.02785	0.02377	0.08676	0.04102	0.14604	0.08441	0.01797	0.01207	0.00388	0.01178	0.01580	0.00763	0.01229
13	0.01756	0.02321	0.13668	0.02306	0.02887	0.01548	0.07163	0.02322	0.02339	0.03175	0.05211	0.31839	0.08795	0.02602	0.01349	0.00427	0.01050	0.07214	0.00866	0.01162
14	0.02657	0.03036	0.06641	0.04744	0.05882	0.02846	0.49336	0.03605	0.02657	0.03605	0.02277	0.03036	0.01708	0.00949	0.01328	0.00380	0.01898	0.01328	0.00569	0.01518
15	0.17123	0.09372	0.13206	0.02742	0.08270	0.02720	0.02354	0.03309	0.02314	0.07608	0.07394	0.03007	0.02515	0.01369	0.01475	0.00364	0.11788	0.00955	0.00688	0.01428
16	0.02281	0.02004	0.07823	0.18446	0.03979	0.01714	0.02059	0.02874	0.02631	0.11050	0.13674	0.09934	0.13234	0.01878	0.01219	0.00373	0.01022	0.01615	0.00910	0.01280
17	0.02126	0.02001	0.03376	0.57739	0.07752	0.02501	0.03126	0.02876	0.02251	0.02876	0.02001	0.03001	0.01500	0.01125	0.01125	0.00375	0.01500	0.01000	0.00500	0.01250
18	0.01806	0.02629	0.17016	0.02121	0.02879	0.01617	0.05585	0.02536	0.02775	0.03844	0.25190	0.06812	0.16753	0.01968	0.01254	0.00362	0.00968	0.01713	0.00926	0.01244
19	0.08570	0.03253	0.17118	0.02937	0.04003	0.02354	0.14083	0.07435	0.02909	0.15063	0.08232	0.03501	0.02827	0.01266	0.01149	0.00358	0.01344	0.01149	0.00852	0.01598
20	0.02413	0.02265	0.03827	0.25393	0.30831	0.02474	0.03112	0.03083	0.02365	0.03263	0.02169	0.03041	0.01787	0.01844	0.06982	0.00507	0.01578	0.01024	0.00541	0.01500
21	0.01395	0.00998	0.01327	0.01551	0.01638	0.00930	0.01047	0.01627	0.02265	0.03048	0.11186	0.54228	0.07784	0.03395	0.01425	0.00446	0.00640	0.03075	0.01066	0.00930
22	0.03417	0.01480	0.01937	0.01625	0.02154	0.01337	0.01279	0.03791	0.02838	0.28231	0.13149	0.04732	0.04199	0.01816	0.01442	0.07480	0.00784	0.01268	0.15630	0.01411
23	0.01898	0.02115	0.07289	0.01713	0.02187	0.07294	0.01472	0.02432	0.02967	0.03901	0.32839	0.07575	0.17706	0.02161	0.01266	0.00353	0.00827	0.01834	0.01043	0.01129
24	0.02966	0.03104	0.02929	0.03229	0.12276	0.19953	0.02142	0.03683	0.08128	0.03353	0.02965	0.07844	0.02727	0.01604	0.01394	0.00358	0.07687	0.04531	0.07765	0.01363
25	0.01420	0.01015	0.01362	0.01623	0.01710	0.00957	0.01130	0.01652	0.02203	0.02928	0.06176	0.54491	0.07337	0.03480	0.01450	0.00464	0.00696	0.07934	0.01044	0.00928
26	0.08422	0.02417	0.03029	0.14920	0.11519	0.06357	0.02252	0.09081	0.02998	0.18937	0.03424	0.03563	0.05516	0.01328	0.01099	0.00349	0.01213	0.01086	0.00904	0.01585
27	0.11744	0.02109	0.02946	0.02271	0.03133	0.01975	0.06908	0.05070	0.06798	0.39159	0.03888	0.03546	0.02541	0.01315	0.01106	0.00354	0.01047	0.01106	0.01204	0.01782
28	0.01616	0.01229	0.01709	0.08036	0.02569	0.01238	0.01543	0.02003	0.02373	0.03076	0.06213	0.30497	0.11440	0.03027	0.01434	0.00462	0.00881	0.18672	0.00980	0.01001
29	0.01447	0.00987	0.01279	0.01513	0.01599	0.00928	0.01018	0.01677	0.02176	0.03011	0.05940	0.53924	0.06969	0.03295	0.01369	0.00437	0.00640	0.02976	0.07887	0.00928
30	0.02773	0.15091	0.04648	0.12113	0.15331	0.03008	0.11677	0.08465	0.02785	0.03673	0.02489	0.03706	0.02169	0.01267	0.01122	0.00349	0.01399	0.05773	0.00650	0.01513
31	0.14963	0.01946	0.02614	0.28422	0.04901	0.02132	0.02140	0.02872	0.02302	0.03645	0.07214	0.03188	0.02434	0.01167	0.00998	0.00321	0.01128	0.00958	0.00652	0.16003
32	0.01611	0.01193	0.01744	0.01744	0.01923	0.01372	0.01326	0.01968	0.01790	0.02565	0.03074	0.04748	0.02956	0.14214	0.50406	0.01729	0.02801	0.01254	0.00612	0.00969
33	0.02106	0.01659	0.05524	0.01670	0.02129	0.01360	0.01400	0.02866	0.06474	0.09942	0.40485	0.07176	0.08595	0.02058	0.01275	0.00355	0.00685	0.01796	0.01194	0.01249
34	0.02845	0.14885	0.25212	0.03007	0.04242	0.02914	0.11342	0.04018	0.07914	0.09231	0.02536	0.02753	0.01855	0.01115	0.01066	0.00341	0.01455	0.00961	0.00671	0.01638
35	0.49040	0.02155	0.01871	0.01611	0.02311	0.02395	0.01319	0.08430	0.02465	0.09170	0.02957	0.03030	0.06820	0.01296	0.00846	0.00350	0.00887	0.00882	0.00838	0.01326
36	0.03266	0.39431	0.14258	0.02178	0.03252	0.03571	0.02286	0.03816	0.02485	0.12812	0.02206	0.02304	0.01701	0.01066	0.00866	0.00283	0.01241	0.00747	0.00657	0.01576

[dist]
# distance from previous block
# <min> <max>
0	34

[block]
# block no. 3 follows, 11 sequences, length 39
# corresponding to MSA columns:
# 428-466
name=unknown_D
#
# <colnr> <probs for GDERKNQSTAVLIFYWHMCP>
#	G	D	E	R	K	N	Q	S	T	A	V	L	I	F	Y	W	H	M	C	P
0	0.10796	0.03941	0.25883	0.02477	0.03563	0.07609	0.02683	0.03677	0.02554	0.12549	0.03404	0.07052	0.06215	0.01441	0.01076	0.00356	0.01324	0.01130	0.00759	0.01510
1	0.03624	0.02478	0.03265	0.02568	0.03283	0.02659	0.06895	0.19114	0.08869	0.16623	0.08411	0.03736	0.03127	0.01512	0.01482	0.00370	0.08025	0.01207	0.01067	0.01686
2	0.01844	0.01461	0.02242	0.02242	0.02609	0.01418	0.06717	0.02380	0.02595	0.03354	0.06227	0.11451	0.11583	0.02850	0.01504	0.00487	0.01071	0.35901	0.00988	0.01077
3	0.02443	0.02119	0.03040	0.27522	0.10268	0.02429	0.02476	0.08116	0.11380	0.03988	0.11114	0.04070	0.03451	0.01404	0.01162	0.00365	0.01186	0.01224	0.00808	0.01436
4	0.03185	0.02453	0.09911	0.02225	0.03175	0.01752	0.06644	0.03781	0.02742	0.22248	0.04586	0.04458	0.11061	0.01439	0.01114	0.00319	0.01057	0.01229	0.00966	0.15655
5	0.02240	0.04228	0.31418	0.02626	0.03719	0.07742	0.02982	0.03152	0.02596	0.03503	0.08955	0.05130	0.08474	0.01646	0.01178	0.00371	0.01388	0.06545	0.00697	0.01409
6	0.05050	0.01915	0.02612	0.02003	0.02873	0.01654	0.01654	0.05485	0.03221	0.54203	0.04440	0.03831	0.02786	0.01393	0.01132	0.00348	0.00958	0.01132	0.01393	0.01915
7	0.07834	0.20139	0.04865	0.02912	0.03854	0.08442	0.16988	0.04013	0.02674	0.14283	0.02433	0.02661	0.01804	0.01077	0.01033	0.00321	0.01434	0.00962	0.00731	0.01541
8	0.02693	0.02698	0.07243	0.14989	0.04628	0.02757	0.10878	0.12582	0.08227	0.04092	0.03365	0.03765	0.07058	0.01456	0.01491	0.00383	0.08234	0.01218	0.00760	0.01485
9	0.01371	0.00979	0.01306	0.01567	0.01632	0.00914	0.01045	0.01567	0.02155	0.02873	0.06203	0.59710	0.07444	0.03526	0.01437	0.00457	0.00653	0.03200	0.01045	0.00914
10	0.03522	0.01577	0.02123	0.01743	0.02347	0.01393	0.01393	0.04000	0.03206	0.32247	0.25822	0.05853	0.06248	0.01794	0.01218	0.00351	0.00769	0.01531	0.01325	0.01538
11	0.07996	0.03397	0.03393	0.07005	0.07811	0.19452	0.06592	0.09237	0.10138	0.10020	0.02667	0.02844	0.01987	0.01219	0.01084	0.00337	0.01468	0.00975	0.00817	0.01561
12	0.04609	0.02014	0.02599	0.02059	0.02884	0.01878	0.01679	0.05582	0.12650	0.44515	0.04468	0.03903	0.02913	0.01419	0.01134	0.00355	0.00945	0.01159	0.01345	0.01889
13	0.04096	0.03044	0.03280	0.02503	0.03413	0.03303	0.02064	0.45268	0.05014	0.06771	0.02636	0.02668	0.01891	0.01302	0.01098	0.00322	0.01200	0.00981	0.01083	0.08063
14	0.01718	0.01261	0.01591	0.01539	0.01584	0.01410	0.01031	0.01833	0.01684	0.02334	0.03210	0.06193	0.03532	0.42706	0.16691	0.01188	0.07567	0.01472	0.00644	0.00812
15	0.68395	0.02177	0.01654	0.01480	0.02177	0.02525	0.01219	0.03309	0.01915	0.05050	0.01567	0.01828	0.01219	0.01045	0.00697	0.00348	0.00871	0.00609	0.00697	0.01219
16	0.02592	0.25060	0.21103	0.02596	0.03813	0.03092	0.07665	0.03352	0.02365	0.03253	0.01877	0.02230	0.01511	0.00970	0.00923	0.00279	0.01354	0.00768	0.00526	0.14671
17	0.02160	0.01835	0.02177	0.02296	0.07624	0.01928	0.01566	0.03749	0.22993	0.04169	0.17961	0.06622	0.16397	0.01968	0.01230	0.00369	0.00774	0.01687	0.01084	0.01411
18	0.01722	0.01230	0.01708	0.01968	0.02187	0.01216	0.01654	0.02173	0.02501	0.03266	0.06010	0.22445	0.06678	0.03196	0.01530	0.00506	0.00957	0.37004	0.01038	0.01011
19	0.01395	0.00998	0.01327	0.01551	0.01638	0.00930	0.01047	0.01627	0.02266	0.03051	0.11250	0.54157	0.07788	0.03394	0.01425	0.00446	0.00640	0.03074	0.01066	0.00930
20	0.02689	0.02530	0.04398	0.12887	0.09902	0.02904	0.15921	0.03277	0.02276	0.06941	0.02080	0.02851	0.01677	0.01395	0.02133	0.00413	0.22612	0.01098	0.00590	0.01425
21	0.03558	0.02338	0.03220	0.02950	0.08686	0.02397	0.06939	0.05286	0.24374	0.21523	0.04023	0.03797	0.02851	0.01363	0.01157	0.00365	0.01068	0.01201	0.01106	0.01800
22	0.01351	0.01141	0.01170	0.01162	0.01533	0.00959	0.00872	0.01656	0.02616	0.03160	0.14752	0.10636	0.49543	0.02806	0.01330	0.00378	0.00567	0.02348	0.01061	0.00959
23	0.68395	0.02177	0.01654	0.01480	0.02177	0.02525	0.01219	0.03309	0.01915	0.05050	0.01567	0.01828	0.01219	0.01045	0.00697	0.00348	0.00871	0.00609	0.00697	0.01219
24	0.20486	0.02350	0.07686	0.02866	0.13498	0.02143	0.01925	0.06034	0.02229	0.03757	0.02303	0.03580	0.02142	0.14807	0.02395	0.07755	0.01141	0.01019	0.00648	0.01236
25	0.01965	0.01327	0.01685	0.01542	0.01888	0.01270	0.01174	0.02738	0.07720	0.08245	0.44678	0.07670	0.09359	0.02160	0.01296	0.00356	0.00597	0.01896	0.01242	0.01193
26	0.01608	0.01206	0.01809	0.01809	0.02010	0.01407	0.01407	0.02010	0.01809	0.02613	0.03015	0.04422	0.02814	0.08441	0.55984	0.01809	0.03015	0.01206	0.00603	0.01005
27	0.03016	0.15833	0.15339	0.08148	0.10982	0.02653	0.02619	0.03705	0.02635	0.14241	0.07619	0.03294	0.02715	0.01236	0.01045	0.00328	0.01234	0.01009	0.00765	0.01587
28	0.03143	0.02559	0.03388	0.03580	0.14602	0.07901	0.07063	0.08112	0.06498	0.11201	0.03645	0.05513	0.03218	0.01680	0.01244	0.00387	0.01294	0.12526	0.00900	0.01546
29	0.02556	0.03585	0.16642	0.04271	0.05429	0.02845	0.35884	0.03524	0.02521	0.03524	0.02157	0.02849	0.01629	0.01057	0.01464	0.00384	0.06415	0.01194	0.00543	0.01526
30	0.04957	0.02065	0.02704	0.02073	0.02948	0.01876	0.01713	0.10816	0.03471	0.48519	0.04231	0.03695	0.02681	0.01388	0.01131	0.00347	0.00992	0.01118	0.01361	0.01915
31	0.02743	0.26720	0.23401	0.02375	0.03485	0.03036	0.02634	0.03449	0.02403	0.08466	0.02600	0.09222	0.02303	0.01358	0.00983	0.00322	0.01285	0.01058	0.00643	0.01513
32	0.01895	0.02206	0.08692	0.02516	0.08151	0.01733	0.06751	0.02721	0.07709	0.03408	0.07581	0.07417	0.30566	0.02095	0.01256	0.00372	0.00959	0.01814	0.00884	0.01274
33	0.02633	0.01623	0.01830	0.01644	0.01975	0.05191	0.01190	0.02918	0.02473	0.15336	0.13786	0.05989	0.04786	0.23589	0.09431	0.00788	0.01242	0.01480	0.00953	0.01143
34	0.02001	0.01507	0.02226	0.02089	0.02425	0.01479	0.07024	0.02746	0.09567	0.06913	0.05364	0.40663	0.05826	0.02767	0.01359	0.00429	0.00860	0.02541	0.01027	0.01187
35	0.39896	0.02361	0.02225	0.01936	0.02564	0.02785	0.01574	0.08565	0.13430	0.04927	0.02355	0.02522	0.01819	0.01285	0.01166	0.00370	0.07138	0.00841	0.00820	0.01418
36	0.33961	0.22515	0.03374	0.01907	0.02670	0.13623	0.01642	0.03561	0.02289	0.03797	0.01600	0.01860	0.01340	0.01040	0.00767	0.00301	0.01209	0.00630	0.00602	0.01311
37	0.02123	0.01621	0.01838	0.01525	0.02002	0.01469	0.01093	0.07143	0.02434	0.03425	0.06977	0.05522	0.07160	0.25893	0.02969	0.00598	0.00942	0.01330	0.00790	0.23148
38	0.01831	0.01528	0.01517	0.01533	0.01671	0.06831	0.01017	0.02031	0.02282	0.02945	0.15176	0.20279	0.06138	0.26632	0.03149	0.00679	0.00953	0.02026	0.00889	0.00892

[dist]
# distance from previous block
# <min> <max>
0	27

[block]
# block no. 4 follows, 11 sequences, length 24
# corresponding to MSA columns:
# 494-517
name=unknown_E
#
# <colnr> <probs for GDERKNQSTAVLIFYWHMCP>
#	G	D	E	R	K	N	Q	S	T	A	V	L	I	F	Y	W	H	M	C	P
0	0.02631	0.02847	0.05779	0.04628	0.11969	0.02642	0.36603	0.03481	0.02600	0.03624	0.02218	0.02907	0.01713	0.00941	0.01233	0.00345	0.01678	0.01195	0.00581	0.10386
1	0.01607	0.01103	0.01260	0.01260	0.01307	0.01100	0.00747	0.01660	0.01731	0.02288	0.04211	0.07473	0.08365	0.51746	0.08777	0.01077	0.01176	0.01673	0.00709	0.00728
2	0.03925	0.03124	0.03889	0.03002	0.03820	0.10657	0.12170	0.19437	0.03653	0.15496	0.02736	0.02897	0.01951	0.01301	0.01383	0.00356	0.06533	0.01061	0.00928	0.01679
3	0.05050	0.01915	0.02612	0.02003	0.02873	0.01654	0.01654	0.05485	0.03221	0.54203	0.04440	0.03831	0.02786	0.01393	0.01132	0.00348	0.00958	0.01132	0.01393	0.01915
4	0.03592	0.01571	0.02139	0.01888	0.02452	0.01398	0.01501	0.03970	0.02838	0.33141	0.05135	0.20834	0.04580	0.02218	0.01272	0.00401	0.00881	0.07421	0.01249	0.01519
5	0.18808	0.02780	0.03724	0.03760	0.16714	0.02960	0.08604	0.20310	0.03419	0.05239	0.02222	0.02563	0.01687	0.01133	0.01049	0.00345	0.01266	0.00957	0.00799	0.01662
6	0.04166	0.01691	0.02298	0.01898	0.02575	0.01476	0.01508	0.04544	0.02965	0.41874	0.04864	0.17253	0.03905	0.01905	0.01205	0.00374	0.00885	0.01629	0.01309	0.01675
7	0.23043	0.01990	0.02340	0.01854	0.02675	0.01902	0.01531	0.04867	0.02850	0.40241	0.03624	0.03262	0.02341	0.01294	0.01008	0.00348	0.00933	0.00983	0.01195	0.01718
8	0.01534	0.01121	0.01407	0.01479	0.01681	0.01046	0.01086	0.01875	0.02551	0.03411	0.21620	0.21628	0.15406	0.10219	0.01949	0.00501	0.00712	0.08759	0.01060	0.00956
9	0.11232	0.02929	0.04111	0.12846	0.26950	0.09954	0.09103	0.03514	0.02533	0.03598	0.02000	0.02625	0.01614	0.01040	0.01078	0.00342	0.01472	0.00958	0.00571	0.01532
10	0.01968	0.01224	0.01569	0.01473	0.01805	0.01102	0.01107	0.02408	0.02967	0.10427	0.34722	0.15041	0.15001	0.02425	0.01318	0.00371	0.00607	0.02123	0.01206	0.01136
11	0.02037	0.01261	0.01665	0.01583	0.01847	0.01289	0.01167	0.02320	0.02064	0.09485	0.04579	0.06063	0.10518	0.20435	0.27293	0.01213	0.01870	0.01482	0.00795	0.01034
12	0.11791	0.02798	0.04436	0.03571	0.08268	0.02834	0.20440	0.16861	0.03369	0.10728	0.02548	0.02860	0.01837	0.01132	0.01150	0.00356	0.01423	0.01097	0.00839	0.01661
13	0.03234	0.02355	0.02986	0.03015	0.10544	0.02622	0.02098	0.05054	0.27043	0.14878	0.03762	0.03674	0.02784	0.01479	0.01480	0.00382	0.08688	0.01163	0.01022	0.01737
14	0.02251	0.02281	0.04573	0.03471	0.04249	0.02146	0.29578	0.03026	0.02787	0.03811	0.16195	0.05877	0.04767	0.01624	0.01361	0.00393	0.01409	0.08058	0.00815	0.01327
15	0.02722	0.02377	0.04551	0.11960	0.11174	0.02322	0.23005	0.03423	0.02585	0.10187	0.03099	0.11663	0.02698	0.01430	0.01261	0.00381	0.01454	0.01495	0.00740	0.01475
16	0.03143	0.03045	0.11699	0.11665	0.21448	0.02619	0.07165	0.10042	0.02972	0.11439	0.02523	0.02917	0.01850	0.01130	0.01132	0.00350	0.01389	0.01026	0.00739	0.01707
17	0.02319	0.01520	0.01724	0.01532	0.02019	0.01414	0.01189	0.08838	0.03091	0.11301	0.14390	0.11709	0.29794	0.02403	0.01280	0.00371	0.00719	0.02017	0.01133	0.01237
18	0.03146	0.12860	0.32972	0.02684	0.04024	0.02617	0.03133	0.04071	0.02599	0.17533	0.02627	0.02698	0.01807	0.01144	0.01036	0.00337	0.01399	0.00882	0.00732	0.01701
19	0.03650	0.02634	0.09593	0.07926	0.11206	0.02231	0.02402	0.04798	0.12365	0.25841	0.03591	0.03486	0.02474	0.01295	0.01123	0.00356	0.01140	0.01090	0.01022	0.01778
20	0.02355	0.03098	0.23455	0.02279	0.03096	0.01727	0.02394	0.02893	0.02242	0.09850	0.03336	0.16567	0.03167	0.02311	0.01879	0.14698	0.01179	0.01472	0.00738	0.01266
21	0.02876	0.19782	0.15529	0.02748	0.03791	0.02834	0.12399	0.03603	0.02646	0.10883	0.09267	0.03395	0.02952	0.01230	0.01070	0.00327	0.01323	0.01082	0.00737	0.01524
22	0.02972	0.03433	0.17654	0.04902	0.26566	0.02528	0.09657	0.03810	0.02626	0.11267	0.02464	0.02871	0.01831	0.01072	0.01135	0.00348	0.01442	0.01022	0.00664	0.01735
23	0.11723	0.02780	0.11856	0.03149	0.10358	0.02167	0.08737	0.04032	0.02659	0.21457	0.03201	0.07654	0.02456	0.01355	0.01115	0.00361	0.01220	0.01194	0.00896	0.01630

[dist]
# distance from previous block
# <min> <max>
0	92

[block]
# block no. 5 follows, 11 sequences, length 49
# corresponding to MSA columns:
# 618-666
name=unknown_F
#
# <colnr> <probs for GDERKNQSTAVLIFYWHMCP>
#	G	D	E	R	K	N	Q	S	T	A	V	L	I	F	Y	W	H	M	C	P
0	0.11603	0.02213	0.02873	0.02821	0.11934	0.02084	0.01915	0.08479	0.02981	0.25897	0.03085	0.03034	0.02139	0.01178	0.01023	0.00312	0.01020	0.00953	0.01006	0.13450
1	0.21964	0.01782	0.02029	0.02188	0.07304	0.01877	0.01485	0.03220	0.08086	0.08766	0.09725	0.18880	0.04509	0.01954	0.01109	0.00381	0.00828	0.01650	0.00960	0.01304
2	0.02972	0.09389	0.03266	0.02307	0.03045	0.08436	0.07381	0.03769	0.08545	0.11198	0.07761	0.09136	0.03415	0.01477	0.01091	0.00316	0.01125	0.01272	0.00881	0.13218
3	0.08781	0.03387	0.20832	0.02404	0.03366	0.02346	0.02466	0.09147	0.10741	0.08452	0.06682	0.10161	0.03267	0.01584	0.01121	0.00369	0.01156	0.01299	0.00878	0.01559
4	0.03008	0.01915	0.02689	0.02158	0.02855	0.01796	0.07048	0.08814	0.02964	0.17491	0.05115	0.05537	0.13194	0.02547	0.07855	0.00527	0.01261	0.04110	0.01001	0.08117
5	0.11125	0.03788	0.23807	0.02814	0.03998	0.02531	0.08212	0.08359	0.06169	0.14333	0.02721	0.02835	0.01891	0.01175	0.01077	0.00357	0.01360	0.00970	0.00804	0.01674
6	0.02840	0.02348	0.10920	0.02325	0.03092	0.01694	0.07549	0.03444	0.02749	0.18880	0.08968	0.12329	0.10009	0.01956	0.01261	0.00387	0.01072	0.05722	0.01018	0.01439
7	0.02810	0.02369	0.08292	0.02145	0.02703	0.07799	0.01880	0.03285	0.02667	0.15575	0.04698	0.21213	0.04663	0.02338	0.01298	0.00414	0.01100	0.12421	0.01006	0.01322
8	0.03467	0.02319	0.08915	0.02493	0.03304	0.01801	0.07711	0.04090	0.02866	0.26986	0.04355	0.06225	0.03606	0.01817	0.01275	0.00404	0.01176	0.14534	0.01080	0.01575
9	0.02809	0.03861	0.29770	0.09266	0.04360	0.02172	0.03070	0.03710	0.02538	0.15562	0.03086	0.09482	0.02463	0.01440	0.01134	0.00368	0.01357	0.01200	0.00765	0.01587
10	0.02210	0.02040	0.03409	0.41808	0.15488	0.02389	0.03030	0.02917	0.02348	0.03081	0.02492	0.04112	0.02143	0.01338	0.01174	0.00385	0.01415	0.06322	0.00574	0.01323
11	0.04381	0.02229	0.03739	0.02769	0.03715	0.01988	0.14987	0.04960	0.03063	0.40055	0.03835	0.03609	0.02485	0.01269	0.01187	0.00357	0.01221	0.01187	0.01163	0.01804
12	0.02462	0.02851	0.10456	0.24977	0.24952	0.02623	0.08920	0.03272	0.02436	0.03359	0.02081	0.02845	0.01626	0.01050	0.01139	0.00357	0.01504	0.01020	0.00528	0.01540
13	0.01786	0.01550	0.02481	0.08820	0.03083	0.01670	0.07167	0.02174	0.02217	0.02989	0.04656	0.34758	0.05257	0.02712	0.01670	0.00449	0.07860	0.06768	0.00858	0.01075
14	0.02354	0.04375	0.32239	0.03639	0.04974	0.02563	0.19964	0.03454	0.02498	0.03559	0.02510	0.03654	0.02037	0.01233	0.01210	0.00381	0.01683	0.05561	0.00565	0.01548
15	0.02417	0.04287	0.30876	0.10632	0.16913	0.02643	0.09359	0.03463	0.02440	0.03516	0.02072	0.02627	0.01554	0.01045	0.01118	0.00356	0.01595	0.00952	0.00509	0.01626
16	0.03681	0.23504	0.09647	0.02512	0.03536	0.02926	0.09215	0.04256	0.02719	0.23123	0.02847	0.02844	0.02009	0.01140	0.01010	0.00316	0.01259	0.00943	0.00852	0.01663
17	0.11041	0.01943	0.02207	0.01866	0.02467	0.02011	0.01485	0.10788	0.11077	0.15537	0.21034	0.05101	0.05350	0.01688	0.01150	0.00354	0.00827	0.01394	0.01174	0.01506
18	0.01451	0.01038	0.01391	0.01609	0.01722	0.00978	0.01139	0.01727	0.02332	0.03132	0.11839	0.47840	0.07714	0.03327	0.01437	0.00452	0.00684	0.08172	0.01067	0.00947
19	0.10581	0.02421	0.02353	0.01791	0.02704	0.08083	0.01420	0.03089	0.02385	0.03727	0.01917	0.02236	0.01587	0.00898	0.00838	0.00203	0.00980	0.00667	0.00660	0.51460
20	0.01781	0.01523	0.02086	0.02045	0.02107	0.01829	0.01550	0.02029	0.02106	0.02981	0.09241	0.34193	0.05647	0.02850	0.02227	0.00459	0.21141	0.02296	0.00868	0.01042
21	0.02097	0.01318	0.01757	0.01798	0.02147	0.01243	0.01503	0.02580	0.02804	0.09774	0.17451	0.10387	0.12578	0.02680	0.01423	0.00442	0.00852	0.24899	0.01128	0.01139
22	0.01424	0.01017	0.01366	0.01627	0.01715	0.00959	0.01136	0.01658	0.02207	0.02932	0.06175	0.54132	0.07329	0.03477	0.01451	0.00464	0.00698	0.08260	0.01044	0.00929
23	0.02463	0.17047	0.38599	0.03126	0.04580	0.03027	0.09180	0.03529	0.02392	0.03378	0.01956	0.02337	0.01464	0.01032	0.01028	0.00335	0.01596	0.00844	0.00488	0.01600
24	0.05050	0.01915	0.02612	0.02003	0.02873	0.01654	0.01654	0.05485	0.03221	0.54203	0.04440	0.03831	0.02786	0.01393	0.01132	0.00348	0.00958	0.01132	0.01393	0.01915
25	0.01652	0.01202	0.01614	0.01843	0.02070	0.01164	0.01518	0.02066	0.02485	0.03212	0.06663	0.23591	0.12222	0.03177	0.01500	0.00487	0.00890	0.30606	0.01039	0.00997
26	0.01955	0.00978	0.01466	0.01466	0.01466	0.00978	0.00978	0.01466	0.01466	0.01955	0.01955	0.03421	0.01955	0.03910	0.04399	0.67253	0.00978	0.00978	0.00489	0.00489
27	0.04758	0.02882	0.02839	0.02285	0.03090	0.14816	0.01835	0.10398	0.03455	0.36440	0.03594	0.03270	0.02366	0.01333	0.01103	0.00333	0.01246	0.01021	0.01168	0.01770
28	0.04373	0.01882	0.02471	0.01966	0.02737	0.01717	0.01598	0.05140	0.08830	0.42477	0.10259	0.04423	0.03801	0.01518	0.01157	0.00353	0.00899	0.01257	0.01346	0.01798
29	0.04231	0.04579	0.03256	0.02790	0.03483	0.37307	0.02162	0.20536	0.03936	0.04295	0.02082	0.02269	0.01615	0.01228	0.01054	0.00307	0.01749	0.00827	0.00774	0.01521
30	0.03174	0.01817	0.02420	0.06734	0.06342	0.01762	0.01698	0.08898	0.03248	0.21322	0.17839	0.05650	0.10729	0.01762	0.01207	0.00354	0.00899	0.01494	0.01147	0.01503
31	0.01465	0.01065	0.01391	0.01547	0.01706	0.00991	0.01111	0.01781	0.02478	0.03327	0.17705	0.38720	0.11850	0.03137	0.01414	0.00432	0.00656	0.07168	0.01090	0.00965
32	0.03009	0.61122	0.05898	0.01926	0.02889	0.04454	0.01926	0.03370	0.02287	0.02648	0.01565	0.01805	0.01444	0.00963	0.00722	0.00241	0.01204	0.00602	0.00481	0.01444
33	0.01330	0.01140	0.01140	0.01140	0.01520	0.00950	0.00855	0.01615	0.02565	0.03041	0.11402	0.10832	0.52967	0.02850	0.01330	0.00380	0.00570	0.02375	0.01045	0.00950
34	0.02673	0.09235	0.26570	0.03674	0.04964	0.08249	0.21508	0.03659	0.02561	0.03423	0.02055	0.02553	0.01540	0.01022	0.01137	0.00349	0.01755	0.00997	0.00523	0.01552
35	0.03901	0.03053	0.03693	0.03293	0.09632	0.09292	0.07016	0.21323	0.03722	0.14232	0.02685	0.02855	0.01944	0.01310	0.01370	0.00352	0.06650	0.01029	0.00926	0.01722
36	0.02800	0.02418	0.02545	0.02291	0.02927	0.02800	0.01782	0.05981	0.51390	0.04708	0.04581	0.04199	0.03436	0.01527	0.01145	0.00382	0.00891	0.01273	0.01145	0.01782
37	0.01387	0.01014	0.01305	0.01503	0.01624	0.00932	0.01024	0.01624	0.02299	0.03045	0.11137	0.49161	0.13140	0.03333	0.01414	0.00438	0.00632	0.02994	0.01063	0.00932
38	0.02603	0.02192	0.03561	0.34620	0.16403	0.02567	0.02966	0.03243	0.02351	0.08217	0.02209	0.02974	0.01688	0.01229	0.01436	0.00378	0.08321	0.01012	0.00602	0.01429
39	0.03072	0.02649	0.04196	0.04615	0.23468	0.02906	0.08438	0.09003	0.02738	0.08496	0.02251	0.02816	0.01801	0.01333	0.01834	0.00384	0.16633	0.01051	0.00687	0.01631
