[name]
unknown

[dist]
# distance from previous block
# <min> <max>
0	36

[block]
# block no. 0 follows, 15 sequences, length 7
# corresponding to MSA columns:
# 36-42
name=unknown_A
#
# <colnr> <probs for GDERKNQSTAVLIFYWHMCP>
#	G	D	E	R	K	N	Q	S	T	A	V	L	I	F	Y	W	H	M	C	P
0	0.02385	0.43411	0.04059	0.01684	0.02443	0.03011	0.01592	0.02750	0.02076	0.02615	0.02080	0.03229	0.02029	0.01136	0.00776	0.00240	0.00982	0.08784	0.00536	0.14181
1	0.15956	0.03467	0.02340	0.02145	0.02627	0.36690	0.01637	0.03519	0.05947	0.02910	0.01857	0.02229	0.01554	0.02061	0.10473	0.00487	0.01681	0.00723	0.00569	0.01127
2	0.01450	0.00966	0.01087	0.01087	0.01087	0.00966	0.00604	0.01450	0.01450	0.01933	0.03141	0.06524	0.03624	0.64965	0.05074	0.00966	0.00966	0.01450	0.00604	0.00604
3	0.01395	0.01017	0.01435	0.01472	0.01598	0.01124	0.01076	0.01656	0.01623	0.02280	0.03210	0.14064	0.03359	0.17457	0.41067	0.01293	0.02019	0.01422	0.00610	0.00824
4	0.01313	0.00960	0.01233	0.01281	0.01458	0.00881	0.00916	0.01648	0.02418	0.03313	0.33281	0.29346	0.13251	0.02501	0.01213	0.00351	0.00515	0.02226	0.01015	0.00881
5	0.03025	0.06674	0.02734	0.02077	0.02746	0.02758	0.01690	0.28091	0.25370	0.05012	0.06785	0.03215	0.02732	0.01293	0.00992	0.00310	0.00929	0.01026	0.00972	0.01569
6	0.02671	0.38505	0.14777	0.02309	0.07952	0.03098	0.02141	0.03184	0.02148	0.08368	0.01783	0.01979	0.01434	0.00905	0.00770	0.00246	0.01111	0.00653	0.00522	0.05442

[dist]
# distance from previous block
# <min> <max>
0	2

[block]
# block no. 1 follows, 15 sequences, length 82
# corresponding to MSA columns:
# 45-126
name=unknown_B
#
# <colnr> <probs for GDERKNQSTAVLIFYWHMCP>
#	G	D	E	R	K	N	Q	S	T	A	V	L	I	F	Y	W	H	M	C	P
0	0.01796	0.01266	0.01787	0.01669	0.01963	0.01204	0.05323	0.06294	0.02404	0.07564	0.12956	0.37499	0.09403	0.02437	0.01201	0.00365	0.00708	0.02200	0.00947	0.01015
1	0.02781	0.06959	0.19213	0.02976	0.15345	0.02069	0.02409	0.05683	0.02496	0.17944	0.06062	0.03306	0.05998	0.01181	0.00981	0.00303	0.01082	0.00985	0.00746	0.01480
2	0.03356	0.08561	0.03491	0.06795	0.03604	0.33648	0.10484	0.08191	0.02793	0.07146	0.01873	0.02155	0.01447	0.01012	0.00946	0.00279	0.01558	0.00785	0.00596	0.01279
3	0.03200	0.02499	0.02660	0.02174	0.02867	0.02816	0.01752	0.32848	0.28222	0.05331	0.03143	0.02991	0.02302	0.01267	0.01005	0.00317	0.00958	0.01001	0.01005	0.01642
4	0.02067	0.01772	0.02067	0.01477	0.02362	0.01329	0.01181	0.02510	0.02067	0.03248	0.01772	0.02067	0.01477	0.00738	0.00738	0.00148	0.00738	0.00591	0.00591	0.71059
5	0.03790	0.02792	0.02992	0.02294	0.03091	0.03091	0.01895	0.55423	0.04687	0.06283	0.02393	0.02393	0.01695	0.01197	0.00997	0.00299	0.01097	0.00898	0.00997	0.01695
6	0.01883	0.01772	0.02990	0.62569	0.06866	0.02215	0.02769	0.02547	0.01993	0.02547	0.01772	0.02658	0.01329	0.00997	0.00997	0.00332	0.01329	0.00886	0.00443	0.01107
7	0.02824	0.02416	0.07740	0.08215	0.13421	0.02169	0.19816	0.07215	0.02551	0.15833	0.02604	0.06162	0.02000	0.01108	0.01068	0.00323	0.01266	0.01107	0.00713	0.01449
8	0.02436	0.35448	0.04262	0.06470	0.06989	0.03414	0.02036	0.02765	0.01875	0.02444	0.01422	0.01929	0.01314	0.01163	0.01568	0.00302	0.21805	0.00696	0.00436	0.01227
9	0.54796	0.12736	0.06856	0.01501	0.02227	0.02526	0.01396	0.02958	0.01784	0.04013	0.01420	0.01656	0.01128	0.00915	0.00648	0.00293	0.00877	0.00555	0.00569	0.01145
10	0.01309	0.01015	0.01191	0.01147	0.01427	0.00897	0.00860	0.01684	0.02581	0.03427	0.37166	0.08386	0.30818	0.02251	0.01177	0.00324	0.00485	0.01935	0.01022	0.00897
11	0.08387	0.37227	0.04043	0.01872	0.02668	0.03446	0.01702	0.18501	0.07121	0.03807	0.01892	0.02001	0.01525	0.00999	0.00772	0.00256	0.01030	0.00687	0.00655	0.01409
12	0.02747	0.03885	0.38630	0.06322	0.03937	0.02049	0.02948	0.03638	0.02326	0.20299	0.02442	0.02533	0.01635	0.01038	0.00967	0.00315	0.01273	0.00827	0.00671	0.01518
13	0.02866	0.15056	0.27640	0.02294	0.03349	0.06241	0.02504	0.03763	0.06799	0.16560	0.02400	0.02434	0.01702	0.01037	0.00907	0.00293	0.01214	0.00789	0.00672	0.01479
14	0.02581	0.11866	0.02950	0.02082	0.02721	0.02522	0.05921	0.04496	0.35964	0.08167	0.07233	0.03541	0.03042	0.01272	0.00980	0.00315	0.00887	0.01077	0.00905	0.01478
15	0.01999	0.05157	0.59800	0.02841	0.04315	0.02315	0.03683	0.03157	0.02105	0.03157	0.01789	0.02105	0.01263	0.00947	0.00947	0.00316	0.01473	0.00737	0.00421	0.01473
16	0.02205	0.06691	0.07127	0.06518	0.02549	0.01984	0.01518	0.06540	0.17185	0.05796	0.03027	0.04274	0.02722	0.24804	0.02482	0.00555	0.01000	0.01128	0.00731	0.01162
17	0.02562	0.02578	0.11000	0.07436	0.03278	0.06843	0.05904	0.03902	0.19978	0.11237	0.11344	0.03674	0.03258	0.01284	0.01028	0.00320	0.01046	0.01098	0.00841	0.01390
18	0.01759	0.01357	0.02325	0.02071	0.02409	0.01264	0.12983	0.02116	0.02110	0.07368	0.04584	0.42122	0.05076	0.02440	0.01236	0.00385	0.00867	0.05662	0.00857	0.01008
19	0.01825	0.01694	0.02832	0.57280	0.06397	0.02093	0.02609	0.02447	0.01986	0.02547	0.02094	0.07988	0.01784	0.01181	0.01021	0.00339	0.01264	0.01054	0.00485	0.01082
20	0.01641	0.01261	0.01610	0.05984	0.02060	0.01314	0.01214	0.01944	0.02196	0.06731	0.13345	0.16497	0.26832	0.02245	0.01470	0.00357	0.09631	0.01842	0.00863	0.00964
21	0.01538	0.01184	0.01612	0.01552	0.01640	0.01391	0.01138	0.01743	0.01536	0.02185	0.02657	0.04639	0.02747	0.27877	0.32459	0.01208	0.10355	0.01182	0.00546	0.00812
22	0.66460	0.01849	0.01423	0.01281	0.01867	0.02133	0.01049	0.02882	0.01728	0.04413	0.01535	0.01785	0.01196	0.00944	0.00623	0.00302	0.00747	0.00571	0.06143	0.01068
23	0.02673	0.01239	0.01429	0.01254	0.01668	0.01194	0.00984	0.03276	0.06077	0.20213	0.03508	0.03621	0.02563	0.01196	0.00809	0.00262	0.00600	0.00964	0.45268	0.01200
24	0.07777	0.12774	0.30203	0.02379	0.03477	0.02738	0.02637	0.15688	0.06437	0.03952	0.02001	0.02176	0.01476	0.01019	0.00895	0.00298	0.01226	0.00758	0.00614	0.01476
25	0.01279	0.00908	0.01199	0.01386	0.01466	0.00858	0.00951	0.01483	0.01972	0.02642	0.09455	0.51135	0.06509	0.08064	0.01583	0.00448	0.00627	0.06311	0.00912	0.00811
26	0.01250	0.01002	0.01117	0.01111	0.01397	0.00869	0.00825	0.01562	0.02409	0.03071	0.24109	0.13036	0.39885	0.02424	0.01185	0.00335	0.00500	0.02069	0.00977	0.00869
27	0.02515	0.02184	0.04289	0.17205	0.04893	0.02156	0.30277	0.03193	0.02321	0.12307	0.02519	0.07081	0.01981	0.01101	0.01112	0.00335	0.01384	0.01195	0.00640	0.01310
28	0.02350	0.03268	0.25834	0.21529	0.08311	0.02289	0.02909	0.07070	0.06088	0.07661	0.02156	0.02533	0.01552	0.01027	0.00978	0.00319	0.01286	0.00852	0.00579	0.01407
29	0.08777	0.01830	0.02254	0.01758	0.02479	0.01742	0.01447	0.12834	0.03013	0.42374	0.03450	0.03134	0.02253	0.01201	0.00950	0.00301	0.00853	0.00948	0.06814	0.01591
30	0.35617	0.01715	0.01678	0.01425	0.02004	0.01821	0.01158	0.06859	0.02318	0.17282	0.06575	0.02839	0.02291	0.01135	0.00787	0.00297	0.00743	0.00826	0.11395	0.01233
31	0.01345	0.01069	0.01348	0.06204	0.01890	0.01017	0.01038	0.01717	0.02389	0.03148	0.27151	0.11819	0.27166	0.02595	0.05272	0.00419	0.00713	0.01871	0.00926	0.00903
32	0.01528	0.00962	0.01293	0.01458	0.01592	0.00894	0.01028	0.01743	0.02022	0.07499	0.05342	0.54711	0.06167	0.02930	0.01258	0.00401	0.00629	0.06697	0.00951	0.00895
33	0.01215	0.00868	0.01157	0.01388	0.01446	0.00810	0.00925	0.01388	0.01909	0.02545	0.05495	0.64315	0.06593	0.03123	0.01272	0.00405	0.00578	0.02834	0.00925	0.00810
34	0.13580	0.02399	0.07258	0.17752	0.26875	0.02365	0.05959	0.06346	0.02265	0.03475	0.01810	0.02359	0.01423	0.00940	0.00940	0.00311	0.01197	0.00840	0.00530	0.01375
35	0.01910	0.01189	0.01398	0.01376	0.01629	0.01190	0.01001	0.06143	0.06098	0.07186	0.08893	0.27246	0.04723	0.06074	0.01302	0.00369	0.00636	0.01782	0.18838	0.01017
36	0.02501	0.02250	0.02526	0.01901	0.02729	0.06618	0.04887	0.10591	0.06344	0.03686	0.02019	0.02248	0.01604	0.00878	0.00837	0.00204	0.00942	0.00715	0.00668	0.45852
37	0.02181	0.02414	0.05167	0.03776	0.04641	0.02262	0.46926	0.02920	0.02286	0.03095	0.02543	0.12012	0.02281	0.01186	0.01191	0.00347	0.01514	0.01427	0.00568	0.01264
38	0.08709	0.02013	0.02553	0.01985	0.02689	0.02009	0.05136	0.19459	0.03283	0.27248	0.11162	0.03509	0.03090	0.01292	0.01010	0.00308	0.00919	0.01066	0.01047	0.01515
39	0.01643	0.01055	0.01362	0.01261	0.01530	0.00973	0.00954	0.02107	0.02764	0.07508	0.50268	0.06883	0.08404	0.01915	0.01126	0.00307	0.00494	0.01680	0.06778	0.00988
40	0.07318	0.01340	0.01724	0.01625	0.02058	0.01265	0.01356	0.02906	0.02503	0.20610	0.12997	0.07447	0.09261	0.02031	0.01162	0.00370	0.00785	0.21053	0.01022	0.01166
41	0.02940	0.01335	0.01729	0.01444	0.01946	0.01186	0.01148	0.03353	0.02696	0.30754	0.20805	0.05125	0.08686	0.01563	0.01026	0.00302	0.00655	0.01317	0.10692	0.01298
42	0.02480	0.02141	0.02254	0.02029	0.02592	0.02480	0.01578	0.05297	0.56946	0.04170	0.04057	0.03719	0.03043	0.01352	0.01014	0.00338	0.00789	0.01127	0.01014	0.01578
43	0.40879	0.01821	0.01856	0.01524	0.02212	0.01881	0.01257	0.03819	0.02230	0.29807	0.02561	0.02437	0.01719	0.01068	0.00795	0.00308	0.00807	0.00753	0.00901	0.01364
44	0.02353	0.02689	0.05882	0.04202	0.05210	0.02521	0.55126	0.03193	0.02353	0.03193	0.02017	0.02689	0.01513	0.00840	0.01176	0.00336	0.01681	0.01176	0.00504	0.01345
45	0.01838	0.01404	0.01667	0.01504	0.01856	0.01445	0.01155	0.07216	0.14173	0.04231	0.42196	0.06239	0.07424	0.01824	0.01127	0.00317	0.00590	0.01585	0.01072	0.01138
46	0.01213	0.00875	0.01149	0.01367	0.01440	0.00811	0.00916	0.01390	0.01929	0.02553	0.05750	0.61280	0.09464	0.03090	0.01267	0.00401	0.00574	0.02794	0.00925	0.00811
47	0.01306	0.00912	0.01148	0.01280	0.01333	0.00871	0.00822	0.01447	0.01832	0.02461	0.08901	0.41080	0.05853	0.23089	0.02497	0.00580	0.00696	0.02304	0.00835	0.00753
48	0.02226	0.02356	0.04220	0.08456	0.04058	0.02760	0.24158	0.02741	0.01909	0.02741	0.01642	0.02433	0.01395	0.01306	0.02207	0.00386	0.32344	0.01000	0.00465	0.01197
49	0.01883	0.01772	0.02990	0.62569	0.06866	0.02215	0.02769	0.02547	0.01993	0.02547	0.01772	0.02658	0.01329	0.00997	0.00997	0.00332	0.01329	0.00886	0.00443	0.01107
50	0.01450	0.00966	0.01087	0.01087	0.01087	0.00966	0.00604	0.01450	0.01450	0.01933	0.03141	0.06524	0.03624	0.64965	0.05074	0.00966	0.00966	0.01450	0.00604	0.00604
51	0.01432	0.01038	0.01448	0.01448	0.01573	0.01163	0.01054	0.01681	0.01557	0.02200	0.02811	0.04695	0.02830	0.24647	0.44307	0.01412	0.02161	0.01182	0.00555	0.00805
52	0.02307	0.01413	0.01507	0.01360	0.01732	0.01498	0.01040	0.07671	0.14426	0.07680	0.03393	0.03810	0.02670	0.06426	0.01171	0.00327	0.00658	0.01018	0.38729	0.01164
53	0.02261	0.02158	0.03673	0.26046	0.40432	0.02314	0.02957	0.02879	0.02172	0.03006	0.01839	0.02535	0.01491	0.00927	0.00990	0.00309	0.01235	0.00887	0.00476	0.01413
54	0.02218	0.02338	0.07476	0.26885	0.35723	0.02308	0.02994	0.02876	0.02156	0.02986	0.01831	0.02513	0.01464	0.00933	0.00988	0.00311	0.01258	0.00877	0.00470	0.01396
55	0.03790	0.02792	0.02992	0.02294	0.03091	0.03091	0.01895	0.55423	0.04687	0.06283	0.02393	0.02393	0.01695	0.01197	0.00997	0.00299	0.01097	0.00898	0.00997	0.01695
56	0.01349	0.00964	0.01311	0.01542	0.01659	0.00926	0.01160	0.01621	0.02041	0.02696	0.05420	0.46063	0.06299	0.02996	0.01308	0.00423	0.00695	0.19756	0.00923	0.00847
57	0.02679	0.01938	0.03039	0.20702	0.23243	0.02033	0.02366	0.03400	0.06367	0.15784	0.06297	0.03160	0.02346	0.01109	0.01008	0.00313	0.01073	0.00993	0.00724	0.01427
58	0.02364	0.25459	0.10284	0.08701	0.23948	0.02822	0.02464	0.02917	0.02178	0.02905	0.05595	0.02475	0.01958	0.00971	0.00871	0.00272	0.01136	0.00806	0.00499	0.01374
59	0.01444	0.00987	0.01194	0.01194	0.01231	0.01024	0.00737	0.01518	0.01481	0.02012	0.03044	0.05985	0.03390	0.53080	0.16640	0.01098	0.01319	0.01371	0.00590	0.00663
60	0.03005	0.46055	0.04454	0.01982	0.02726	0.22237	0.01776	0.03304	0.02282	0.02376	0.01436	0.01663	0.01281	0.00909	0.00723	0.00227	0.01301	0.00568	0.00454	0.01240
61	0.01611	0.01111	0.01438	0.01297	0.01609	0.00997	0.00985	0.02075	0.02764	0.06616	0.51136	0.06826	0.08444	0.01896	0.01133	0.00300	0.00510	0.01668	0.01064	0.06522
62	0.02193	0.02568	0.11498	0.25093	0.29775	0.02318	0.06436	0.02904	0.02157	0.02993	0.01837	0.02498	0.01444	0.00931	0.00997	0.00314	0.01307	0.00885	0.00467	0.01386
63	0.01784	0.01572	0.02523	0.27444	0.14998	0.01727	0.02108	0.02313	0.02234	0.03035	0.15911	0.13098	0.04114	0.01547	0.01079	0.00332	0.00981	0.01401	0.00683	0.01115
64	0.01822	0.01205	0.01579	0.01554	0.01858	0.01171	0.01259	0.02456	0.06685	0.08459	0.31549	0.08105	0.07089	0.02160	0.01217	0.00364	0.00678	0.18703	0.01042	0.01046
65	0.04183	0.01725	0.02288	0.01772	0.02503	0.01546	0.01456	0.08399	0.02988	0.51147	0.08052	0.03635	0.02951	0.01294	0.01016	0.00308	0.00837	0.01057	0.01206	0.01638
66	0.02695	0.01336	0.01706	0.01532	0.01968	0.01255	0.01223	0.03212	0.06427	0.23733	0.08663	0.08326	0.07867	0.01861	0.01253	0.05176	0.00732	0.08807	0.11018	0.01210
67	0.03911	0.01822	0.02297	0.01846	0.02558	0.01751	0.01497	0.04982	0.18107	0.43852	0.03968	0.03485	0.02630	0.01267	0.01006	0.00317	0.00832	0.01038	0.01172	0.01663
68	0.03066	0.01663	0.01925	0.01587	0.02128	0.01678	0.01273	0.15081	0.06771	0.20805	0.08070	0.03649	0.02964	0.01280	0.00918	0.00284	0.00742	0.01033	0.23710	0.01373
69	0.01451	0.01029	0.01172	0.01206	0.01404	0.00987	0.00846	0.01875	0.05661	0.02973	0.13013	0.21524	0.17725	0.11919	0.01715	0.00432	0.00602	0.01903	0.11690	0.00872
70	0.02035	0.01031	0.01369	0.01287	0.01404	0.00996	0.00853	0.01897	0.01593	0.10541	0.02621	0.04463	0.02590	0.27391	0.03923	0.32672	0.00903	0.01117	0.00622	0.00692
71	0.01227	0.00877	0.01168	0.01379	0.01449	0.00818	0.00926	0.01420	0.01968	0.02639	0.08929	0.60611	0.06777	0.03053	0.01266	0.00399	0.00571	0.02767	0.00937	0.00818
72	0.08777	0.01711	0.02259	0.01744	0.02506	0.01514	0.01441	0.04735	0.02780	0.55934	0.03771	0.03280	0.02379	0.01214	0.00978	0.00308	0.00843	0.00973	0.01195	0.01657
73	0.03098	0.01752	0.01998	0.01673	0.02238	0.01814	0.01336	0.11667	0.16994	0.21144	0.03543	0.03425	0.02529	0.01238	0.00917	0.00293	0.00759	0.00998	0.21143	0.01444
74	0.02467	0.02369	0.04046	0.06119	0.58747	0.02369	0.03059	0.03059	0.02270	0.03257	0.01875	0.02467	0.01579	0.00888	0.00987	0.00296	0.01184	0.00888	0.00493	0.01579
75	0.01215	0.00868	0.01157	0.01388	0.01446	0.00810	0.00925	0.01388	0.01909	0.02545	0.05495	0.64315	0.06593	0.03123	0.01272	0.00405	0.00578	0.02834	0.00925	0.00810
76	0.01999	0.05157	0.59800	0.02841	0.04315	0.02315	0.03683	0.03157	0.02105	0.03157	0.01789	0.02105	0.01263	0.00947	0.00947	0.00316	0.01473	0.00737	0.00421	0.01473
77	0.07459	0.04905	0.55250	0.02722	0.04129	0.02309	0.03480	0.03139	0.02073	0.03260	0.01758	0.02067	0.01249	0.00945	0.00921	0.00315	0.01419	0.00721	0.00436	0.01443
78	0.02421	0.02119	0.02070	0.02012	0.06267	0.11265	0.01433	0.12308	0.07206	0.03992	0.19954	0.04611	0.08067	0.01501	0.01009	0.00293	0.00878	0.01235	0.10160	0.01200
79	0.02112	0.11504	0.02530	0.01670	0.02256	0.06004	0.01377	0.02482	0.02178	0.03016	0.11384	0.03455	0.07184	0.01264	0.01186	0.00246	0.09317	0.00939	0.00647	0.29249
80	0.02008	0.08056	0.15594	0.41190	0.08816	0.02395	0.02892	0.02746	0.02036	0.02702	0.01748	0.02435	0.01324	0.00967	0.00954	0.00316	0.01330	0.00823	0.00440	0.01228
81	0.01900	0.01762	0.02800	0.22965	0.24419	0.01861	0.02277	0.02426	0.02216	0.02938	0.07408	0.04558	0.15627	0.01390	0.01048	0.00319	0.01023	0.01238	0.00619	0.01208

[dist]
# distance from previous block
# <min> <max>
0	9

[block]
# block no. 2 follows, 15 sequences, length 17
# corresponding to MSA columns:
# 136-152
name=unknown_C
#
# <colnr> <probs for GDERKNQSTAVLIFYWHMCP>
#	G	D	E	R	K	N	Q	S	T	A	V	L	I	F	Y	W	H	M	C	P
0	0.01475	0.01121	0.01383	0.01478	0.01657	0.01130	0.01044	0.02171	0.11853	0.03095	0.14709	0.43333	0.06468	0.02614	0.01209	0.00377	0.00596	0.02345	0.00972	0.00970
1	0.01883	0.01772	0.02990	0.62569	0.06866	0.02215	0.02769	0.02547	0.01993	0.02547	0.01772	0.02658	0.01329	0.00997	0.00997	0.00332	0.01329	0.00886	0.00443	0.01107
2	0.02736	0.54452	0.04910	0.02196	0.07918	0.08610	0.01852	0.03076	0.02116	0.02440	0.01445	0.01698	0.01308	0.00871	0.00694	0.00225	0.01139	0.00576	0.00440	0.01297
3	0.01363	0.01017	0.01266	0.01203	0.01460	0.00920	0.00903	0.01788	0.02708	0.03727	0.48232	0.07892	0.19564	0.02139	0.01176	0.00318	0.00478	0.01865	0.01062	0.00920
4	0.01251	0.00908	0.01181	0.01335	0.01447	0.00838	0.00916	0.01488	0.02115	0.02842	0.16227	0.49191	0.10839	0.02866	0.01247	0.00382	0.00552	0.02578	0.00959	0.00838
5	0.02666	0.02585	0.02210	0.06348	0.02764	0.22662	0.01685	0.03255	0.07053	0.07813	0.11730	0.05389	0.03908	0.01658	0.01087	0.00333	0.01175	0.13737	0.00803	0.01140
6	0.02087	0.01325	0.01651	0.01473	0.01852	0.01295	0.01137	0.02958	0.12364	0.12863	0.40025	0.06144	0.07179	0.01789	0.01120	0.00317	0.00587	0.01556	0.01105	0.01173
7	0.01699	0.01210	0.01382	0.01311	0.01464	0.01243	0.00867	0.06362	0.06145	0.02859	0.12470	0.10670	0.04611	0.39504	0.03479	0.00710	0.00851	0.01547	0.00775	0.00841
8	0.02210	0.28264	0.03686	0.11599	0.03110	0.02970	0.01900	0.02573	0.01917	0.02519	0.06013	0.02577	0.02038	0.01765	0.06559	0.00416	0.17423	0.00823	0.00494	0.01143
9	0.01883	0.01772	0.02990	0.62569	0.06866	0.02215	0.02769	0.02547	0.01993	0.02547	0.01772	0.02658	0.01329	0.00997	0.00997	0.00332	0.01329	0.00886	0.00443	0.01107
10	0.01904	0.01235	0.01746	0.01585	0.01954	0.01118	0.04954	0.02288	0.02454	0.12117	0.19584	0.16871	0.17896	0.02200	0.01189	0.00352	0.00696	0.07826	0.00988	0.01043
11	0.02620	0.02323	0.06923	0.02271	0.06248	0.09466	0.06154	0.05957	0.06386	0.12224	0.06693	0.08694	0.05509	0.05971	0.01303	0.00355	0.01035	0.01219	0.07395	0.01252
12	0.02497	0.02432	0.08171	0.11119	0.17810	0.02284	0.14303	0.07951	0.02441	0.07905	0.02377	0.07821	0.02001	0.01195	0.01194	0.00330	0.05042	0.01115	0.00625	0.01385
13	0.01883	0.01772	0.02990	0.62569	0.06866	0.02215	0.02769	0.02547	0.01993	0.02547	0.01772	0.02658	0.01329	0.00997	0.00997	0.00332	0.01329	0.00886	0.00443	0.01107
14	0.07119	0.01738	0.02614	0.35122	0.04771	0.02119	0.02243	0.02631	0.01986	0.07340	0.02351	0.07018	0.02070	0.01399	0.01379	0.00360	0.11022	0.05016	0.00586	0.01118
15	0.02411	0.09630	0.37881	0.06640	0.04170	0.02457	0.07512	0.07000	0.02358	0.07867	0.01990	0.02272	0.01419	0.00974	0.00951	0.00308	0.01367	0.00799	0.00538	0.01455
16	0.37176	0.08170	0.02469	0.06122	0.09587	0.06700	0.01617	0.03287	0.02072	0.11878	0.01857	0.02064	0.01396	0.00971	0.00768	0.00296	0.00975	0.00681	0.00655	0.01259

[dist]
# distance from previous block
# <min> <max>
2	54

[block]
# block no. 3 follows, 15 sequences, length 51
# corresponding to MSA columns:
# 207-257
name=unknown_D
#
# <colnr> <probs for GDERKNQSTAVLIFYWHMCP>
#	G	D	E	R	K	N	Q	S	T	A	V	L	I	F	Y	W	H	M	C	P
0	0.01586	0.01295	0.01729	0.12444	0.02673	0.01289	0.01366	0.02113	0.05968	0.02874	0.06973	0.29917	0.08281	0.02125	0.01114	0.00340	0.00760	0.04294	0.00800	0.12060
1	0.02546	0.05902	0.02485	0.02006	0.06290	0.01961	0.01498	0.12357	0.09302	0.07847	0.11504	0.03291	0.03061	0.01157	0.00918	0.00250	0.00823	0.00953	0.00824	0.25026
2	0.01551	0.01224	0.01605	0.01529	0.01777	0.01216	0.01169	0.01905	0.02268	0.03216	0.24516	0.22368	0.06278	0.02192	0.01399	0.00343	0.07712	0.06243	0.00888	0.10601
3	0.01277	0.00912	0.01229	0.01460	0.01545	0.00864	0.01035	0.01497	0.01971	0.02615	0.05460	0.55799	0.06456	0.03064	0.01289	0.00414	0.00633	0.10730	0.00924	0.00827
4	0.02525	0.25277	0.18785	0.01895	0.02804	0.02462	0.02021	0.03072	0.02243	0.12905	0.03617	0.03585	0.12377	0.01266	0.00892	0.00282	0.01031	0.00973	0.00665	0.01324
5	0.01668	0.01365	0.01623	0.01356	0.01881	0.01133	0.01033	0.02015	0.02048	0.02942	0.07831	0.09882	0.12994	0.06562	0.08058	0.00439	0.00899	0.01263	0.00711	0.34298
6	0.02426	0.02774	0.13142	0.02098	0.02647	0.12467	0.01898	0.07448	0.02258	0.06794	0.02322	0.03194	0.02015	0.10223	0.18839	0.00755	0.06003	0.00938	0.00600	0.01159
7	0.03122	0.02461	0.02616	0.02159	0.02837	0.02780	0.01733	0.29891	0.31305	0.05207	0.03241	0.03069	0.02382	0.01276	0.01006	0.00319	0.00940	0.01014	0.01006	0.01636
8	0.02761	0.06549	0.03472	0.10321	0.19322	0.02077	0.09066	0.03304	0.02388	0.16384	0.06208	0.02981	0.02260	0.01039	0.00982	0.00290	0.01088	0.00963	0.00709	0.07836
9	0.02271	0.07735	0.28057	0.18321	0.07952	0.02253	0.02874	0.03081	0.02144	0.07980	0.01952	0.02348	0.01425	0.00959	0.00930	0.00298	0.01276	0.00783	0.00517	0.06843
10	0.01428	0.01052	0.01520	0.01520	0.01670	0.01202	0.01144	0.01727	0.01578	0.02253	0.02745	0.04332	0.02673	0.16646	0.52092	0.01501	0.02398	0.01129	0.00545	0.00844
11	0.02734	0.19494	0.23196	0.02313	0.03319	0.02450	0.06984	0.03395	0.02270	0.16231	0.02470	0.06664	0.01946	0.01133	0.00923	0.00295	0.01176	0.00932	0.00657	0.01418
12	0.02413	0.14772	0.21888	0.02306	0.03249	0.02426	0.07253	0.07829	0.06270	0.07356	0.09106	0.03277	0.05220	0.01193	0.00963	0.00299	0.01129	0.00991	0.00682	0.01375
13	0.01610	0.01060	0.01376	0.01446	0.01644	0.01022	0.01096	0.01888	0.02071	0.06607	0.08540	0.20778	0.11735	0.13521	0.07387	0.00602	0.00927	0.14940	0.00866	0.00885
14	0.02415	0.02315	0.03952	0.11159	0.54114	0.02355	0.03033	0.03014	0.02245	0.03193	0.01866	0.02484	0.01557	0.00898	0.00988	0.00299	0.01197	0.00888	0.00489	0.01537
15	0.02852	0.07632	0.23235	0.02530	0.03540	0.02323	0.09342	0.12769	0.02732	0.14810	0.02581	0.06744	0.01982	0.01178	0.00998	0.00313	0.01219	0.01007	0.00732	0.01481
16	0.02584	0.25477	0.11321	0.13484	0.03535	0.02650	0.02073	0.03258	0.05978	0.11682	0.02426	0.07216	0.02014	0.01166	0.00883	0.00289	0.01080	0.00924	0.00637	0.01323
17	0.02117	0.01145	0.01527	0.01421	0.01739	0.01034	0.01067	0.02483	0.02573	0.17369	0.29914	0.22417	0.06891	0.02143	0.01160	0.00338	0.00595	0.01894	0.01083	0.01092
18	0.01510	0.01258	0.01694	0.02034	0.11735	0.01159	0.01250	0.01917	0.02507	0.03353	0.29220	0.07393	0.27181	0.02022	0.01143	0.00319	0.00612	0.01756	0.00921	0.01017
19	0.02360	0.02441	0.03018	0.36217	0.05256	0.12856	0.05983	0.03374	0.12653	0.02882	0.02183	0.02708	0.01661	0.01059	0.00995	0.00320	0.01334	0.00908	0.00569	0.01222
20	0.01686	0.05693	0.02002	0.01912	0.05934	0.01500	0.01415	0.02274	0.05921	0.03071	0.17596	0.05880	0.04770	0.03858	0.22080	0.00784	0.01434	0.10384	0.00773	0.01032
21	0.01999	0.05157	0.59800	0.02841	0.04315	0.02315	0.03683	0.03157	0.02105	0.03157	0.01789	0.02105	0.01263	0.00947	0.00947	0.00316	0.01473	0.00737	0.00421	0.01473
22	0.01798	0.01635	0.02701	0.51603	0.05948	0.01993	0.02499	0.02401	0.02014	0.02587	0.02422	0.08877	0.02197	0.01345	0.01056	0.00350	0.01225	0.05755	0.00529	0.01064
23	0.01784	0.02143	0.11281	0.02065	0.02408	0.02001	0.01893	0.02217	0.02029	0.02896	0.13354	0.07782	0.11463	0.01918	0.01999	0.00381	0.25824	0.04817	0.00679	0.01063
24	0.01420	0.01028	0.01378	0.01549	0.01730	0.00986	0.01230	0.01772	0.02240	0.02962	0.13142	0.28087	0.10164	0.02759	0.01300	0.00412	0.00714	0.25298	0.00946	0.00880
25	0.01215	0.00868	0.01157	0.01388	0.01446	0.00810	0.00925	0.01388	0.01909	0.02545	0.05495	0.64315	0.06593	0.03123	0.01272	0.00405	0.00578	0.02834	0.00925	0.00810
26	0.02088	0.01982	0.03361	0.42726	0.25103	0.02269	0.02871	0.02727	0.02091	0.02797	0.01808	0.02591	0.01417	0.00959	0.00993	0.00320	0.01278	0.00887	0.00461	0.01273
27	0.03173	0.03067	0.23663	0.02219	0.03212	0.01975	0.02311	0.04310	0.12896	0.27979	0.03160	0.02977	0.02130	0.01150	0.00984	0.00317	0.01069	0.00927	0.00890	0.01591
28	0.01415	0.00952	0.01098	0.01132	0.01140	0.00943	0.00651	0.01441	0.01517	0.02023	0.03488	0.15045	0.04062	0.55846	0.04513	0.00884	0.00909	0.01654	0.00651	0.00634
29	0.72007	0.01928	0.01465	0.01311	0.01928	0.02236	0.01080	0.02930	0.01697	0.04473	0.01388	0.01619	0.01080	0.00925	0.00617	0.00308	0.00771	0.00540	0.00617	0.01080
30	0.01450	0.00966	0.01087	0.01087	0.01087	0.00966	0.00604	0.01450	0.01450	0.01933	0.03141	0.06524	0.03624	0.64965	0.05074	0.00966	0.00966	0.01450	0.00604	0.00604
31	0.01445	0.01126	0.01464	0.01316	0.01611	0.01026	0.05021	0.01768	0.02225	0.02985	0.17500	0.07382	0.27458	0.13370	0.01824	0.00433	0.00668	0.01717	0.08791	0.00869
32	0.01768	0.01265	0.01433	0.01323	0.01708	0.01203	0.01014	0.02527	0.11653	0.08537	0.22732	0.07406	0.29488	0.02066	0.01134	0.00327	0.00574	0.01750	0.01020	0.01073
33	0.07065	0.07143	0.03185	0.02706	0.06574	0.03018	0.02130	0.02529	0.01631	0.02599	0.01361	0.02117	0.01310	0.01557	0.02719	0.00400	0.49542	0.00824	0.00452	0.01139
34	0.02435	0.01240	0.01617	0.01394	0.01815	0.01108	0.01091	0.02862	0.02758	0.22353	0.34075	0.06072	0.10263	0.01763	0.01095	0.00310	0.00598	0.01516	0.04452	0.01185
35	0.01878	0.03447	0.33127	0.02316	0.03213	0.02001	0.02590	0.02887	0.07209	0.03289	0.13048	0.08759	0.03454	0.01455	0.01233	0.00336	0.06647	0.01173	0.00650	0.01289
36	0.02352	0.02105	0.03014	0.02455	0.02745	0.02582	0.05604	0.02667	0.01785	0.07075	0.01646	0.02291	0.01444	0.01461	0.02493	0.00367	0.42786	0.00853	0.00531	0.13744
37	0.02067	0.01772	0.02067	0.01477	0.02362	0.01329	0.01181	0.02510	0.02067	0.03248	0.01772	0.02067	0.01477	0.00738	0.00738	0.00148	0.00738	0.00591	0.00591	0.71059
38	0.02181	0.02181	0.03053	0.02617	0.02617	0.03053	0.02181	0.02399	0.01527	0.02399	0.01309	0.02181	0.01309	0.01745	0.03272	0.00436	0.63141	0.00872	0.00436	0.01091
39	0.02357	0.02298	0.03377	0.17235	0.33514	0.06230	0.02580	0.02914	0.02212	0.03045	0.01811	0.02390	0.01486	0.00894	0.00938	0.00274	0.01178	0.00817	0.00501	0.13948
40	0.01542	0.01125	0.01581	0.01447	0.01585	0.01132	0.05594	0.01717	0.01634	0.02282	0.03144	0.09574	0.03395	0.41758	0.12118	0.00905	0.01208	0.01425	0.06083	0.00751
41	0.01963	0.01152	0.01511	0.01383	0.01721	0.01047	0.01082	0.02402	0.02743	0.13792	0.40423	0.07204	0.11189	0.01991	0.01163	0.00327	0.00581	0.06165	0.01094	0.01068
42	0.04911	0.01533	0.01493	0.01559	0.01760	0.09650	0.01124	0.01938	0.02058	0.02679	0.07845	0.34141	0.08614	0.03392	0.11924	0.00584	0.01128	0.01978	0.00792	0.00897
43	0.03405	0.03746	0.02994	0.02547	0.03162	0.34820	0.06025	0.13971	0.12880	0.03543	0.02194	0.02327	0.01697	0.01103	0.00960	0.00286	0.01473	0.00820	0.00695	0.01349
44	0.01444	0.01089	0.01524	0.01535	0.01646	0.01239	0.01130	0.01689	0.01623	0.02289	0.03174	0.15161	0.03364	0.17267	0.35610	0.01185	0.06139	0.01445	0.00611	0.00835
45	0.24746	0.01316	0.01340	0.01280	0.01639	0.01371	0.00978	0.02386	0.02165	0.07299	0.17432	0.15596	0.04625	0.01693	0.00925	0.00316	0.00612	0.01399	0.11876	0.01007
46	0.02754	0.02133	0.03447	0.09553	0.03676	0.02409	0.14167	0.03443	0.07171	0.16195	0.02394	0.02779	0.01790	0.01296	0.01790	0.00362	0.21610	0.00998	0.00694	0.01338
47	0.02055	0.01639	0.02246	0.02009	0.02375	0.01738	0.06191	0.12225	0.02646	0.03544	0.09014	0.10852	0.08184	0.06475	0.01679	0.00425	0.06644	0.18124	0.00848	0.01087
48	0.01565	0.01017	0.01341	0.01448	0.01642	0.00944	0.01079	0.01856	0.02212	0.07295	0.13007	0.37121	0.11122	0.02705	0.01249	0.00389	0.00640	0.11478	0.00972	0.00920
49	0.10392	0.06004	0.24249	0.07481	0.03263	0.02002	0.02277	0.06296	0.02170	0.03271	0.02819	0.19825	0.02798	0.01582	0.00993	0.00336	0.01074	0.01326	0.00632	0.01210
50	0.35411	0.01661	0.01940	0.01685	0.02178	0.01754	0.07196	0.02643	0.01911	0.08576	0.02839	0.17994	0.02813	0.05891	0.01186	0.00381	0.00847	0.01293	0.00736	0.01064

[dist]
# distance from previous block
# <min> <max>
0	11

[block]
# block no. 4 follows, 15 sequences, length 40
# corresponding to MSA columns:
# 269-308
name=unknown_E
#
# <colnr> <probs for GDERKNQSTAVLIFYWHMCP>
#	G	D	E	R	K	N	Q	S	T	A	V	L	I	F	Y	W	H	M	C	P
0	0.10279	0.28613	0.03847	0.02068	0.02773	0.09475	0.05143	0.09218	0.02364	0.03185	0.01586	0.01888	0.01342	0.01007	0.01034	0.00265	0.07817	0.00672	0.00543	0.06883
1	0.05712	0.12769	0.03428	0.10107	0.17778	0.08039	0.02181	0.07735	0.05720	0.10415	0.02136	0.02421	0.01648	0.01055	0.01041	0.00296	0.04637	0.00822	0.00647	0.01413
2	0.02577	0.08715	0.26915	0.13848	0.04379	0.02285	0.08497	0.03379	0.02257	0.14446	0.02213	0.02491	0.01549	0.00995	0.00966	0.00311	0.01307	0.00849	0.00600	0.01420
3	0.01697	0.01020	0.01360	0.01444	0.01627	0.00944	0.01038	0.01950	0.02154	0.09984	0.11722	0.42509	0.06214	0.05477	0.01404	0.00411	0.00645	0.06490	0.00971	0.00939
4	0.01983	0.01881	0.03424	0.02756	0.03349	0.01835	0.23898	0.02861	0.08357	0.03360	0.12088	0.06248	0.04251	0.01688	0.01222	0.00372	0.01153	0.17320	0.00783	0.01172
5	0.02447	0.02736	0.05108	0.09056	0.13568	0.07318	0.38339	0.03186	0.02350	0.03089	0.01935	0.02578	0.01489	0.00876	0.01109	0.00323	0.01584	0.01064	0.00498	0.01347
6	0.01962	0.02309	0.15603	0.16788	0.09733	0.01716	0.02280	0.02543	0.02092	0.07481	0.03228	0.23468	0.03220	0.01714	0.01078	0.00347	0.01052	0.01522	0.00672	0.01192
7	0.04473	0.01697	0.02313	0.01774	0.02545	0.01465	0.01465	0.04858	0.02853	0.59437	0.03933	0.03393	0.02468	0.01234	0.01003	0.00308	0.00848	0.01003	0.01234	0.01697
8	0.01675	0.00866	0.01283	0.01308	0.01315	0.00860	0.00872	0.01308	0.01365	0.01820	0.02142	0.09709	0.02261	0.03426	0.03610	0.63303	0.00834	0.01080	0.00487	0.00474
9	0.03539	0.03661	0.02730	0.02614	0.07480	0.38686	0.01864	0.06755	0.02888	0.11506	0.06827	0.02612	0.02206	0.01143	0.00951	0.00275	0.01450	0.00831	0.00698	0.01285
10	0.01411	0.01117	0.01405	0.01443	0.01613	0.01141	0.01091	0.01675	0.02101	0.02768	0.12784	0.23167	0.20028	0.07587	0.01773	0.00431	0.07443	0.09289	0.00867	0.00865
11	0.02881	0.01434	0.01787	0.01571	0.02043	0.01376	0.01219	0.03629	0.11207	0.26674	0.07233	0.16611	0.03837	0.01686	0.01023	0.00322	0.00700	0.01443	0.11995	0.01327
12	0.03732	0.04502	0.02846	0.02533	0.03083	0.53589	0.01922	0.10536	0.03062	0.02929	0.01650	0.01874	0.01337	0.01049	0.00911	0.00262	0.01708	0.00675	0.00575	0.01224
13	0.02665	0.65565	0.05224	0.01706	0.02559	0.03945	0.01706	0.02985	0.02026	0.02345	0.01386	0.01599	0.01279	0.00853	0.00640	0.00213	0.01066	0.00533	0.00426	0.01279
14	0.03858	0.02487	0.02779	0.02152	0.02927	0.02663	0.01771	0.39890	0.07985	0.18698	0.02876	0.02724	0.01974	0.01217	0.01000	0.00304	0.01016	0.00939	0.01054	0.01687
15	0.02102	0.01191	0.01556	0.01545	0.01814	0.01133	0.01125	0.06004	0.02293	0.14915	0.04804	0.44003	0.05167	0.02794	0.04081	0.00435	0.00774	0.02220	0.00977	0.01066
16	0.01890	0.01743	0.02784	0.42930	0.05396	0.02189	0.02487	0.02447	0.01962	0.02591	0.02244	0.03925	0.02017	0.01399	0.01440	0.00370	0.11687	0.08910	0.00516	0.01075
17	0.02647	0.02224	0.02348	0.02063	0.02656	0.02558	0.01618	0.11685	0.50286	0.04439	0.03845	0.03550	0.02871	0.01333	0.01012	0.00333	0.00828	0.01098	0.01012	0.01593
18	0.02901	0.02276	0.02451	0.09764	0.03201	0.07024	0.01760	0.08009	0.33733	0.12633	0.03437	0.03293	0.02506	0.01252	0.01000	0.00324	0.00968	0.01023	0.00935	0.01510
19	0.01211	0.00883	0.01141	0.01347	0.01435	0.00813	0.00907	0.01393	0.01948	0.02561	0.05996	0.58351	0.12233	0.03058	0.01262	0.00397	0.00570	0.02754	0.00925	0.00813
20	0.01858	0.00929	0.00929	0.00929	0.01161	0.00929	0.00697	0.02323	0.02091	0.03717	0.03252	0.03717	0.02555	0.01161	0.00697	0.00232	0.00465	0.00929	0.70499	0.00929
21	0.01344	0.00981	0.01263	0.01267	0.01467	0.00901	0.00922	0.01724	0.02554	0.03536	0.41399	0.21465	0.12779	0.02342	0.01199	0.00338	0.00499	0.02079	0.01041	0.00901
22	0.01912	0.01781	0.02912	0.42262	0.05503	0.02095	0.06863	0.02796	0.08839	0.02804	0.02551	0.10649	0.02228	0.01298	0.01049	0.00343	0.01196	0.01189	0.00581	0.01148
23	0.01513	0.01126	0.01423	0.01393	0.01426	0.01257	0.00937	0.01613	0.01533	0.02118	0.03098	0.11996	0.03489	0.41414	0.12818	0.00932	0.09102	0.01473	0.00608	0.00732
24	0.02620	0.02527	0.03503	0.19970	0.32056	0.08806	0.02712	0.09699	0.02566	0.03368	0.01878	0.02435	0.01496	0.00971	0.00981	0.00302	0.01278	0.00862	0.00547	0.01425
25	0.11938	0.01932	0.02216	0.01680	0.02482	0.01769	0.01372	0.11784	0.02686	0.21472	0.02499	0.02478	0.01772	0.00991	0.00847	0.00243	0.00834	0.00762	0.00860	0.29384
26	0.11275	0.13638	0.21709	0.02227	0.03026	0.05388	0.02315	0.03014	0.01985	0.06972	0.01801	0.02200	0.01439	0.01634	0.06242	0.00422	0.12171	0.00743	0.00521	0.01276
27	0.02195	0.01494	0.01918	0.01916	0.06650	0.01499	0.01343	0.03218	0.15576	0.12010	0.32879	0.05565	0.06248	0.01664	0.01097	0.00317	0.00660	0.01451	0.01047	0.01254
28	0.01336	0.01016	0.01229	0.01175	0.01443	0.00909	0.00882	0.01736	0.02645	0.03577	0.42716	0.08138	0.25173	0.02195	0.01177	0.00321	0.00481	0.01900	0.01042	0.00909
29	0.04473	0.01697	0.02313	0.01774	0.02545	0.01465	0.01465	0.04858	0.02853	0.59437	0.03933	0.03393	0.02468	0.01234	0.01003	0.00308	0.00848	0.01003	0.01234	0.01697
30	0.02555	0.01170	0.01402	0.01231	0.01622	0.01089	0.00963	0.02997	0.02434	0.20162	0.12425	0.04230	0.03648	0.01326	0.00865	0.00268	0.00578	0.01093	0.38785	0.01157
31	0.53623	0.01865	0.01696	0.01437	0.02096	0.02026	0.01185	0.03455	0.02011	0.19435	0.02081	0.02102	0.01457	0.01009	0.00722	0.00308	0.00792	0.00666	0.00785	0.01248
32	0.02593	0.01363	0.01590	0.01360	0.01817	0.01294	0.01075	0.08576	0.02703	0.18776	0.11548	0.04993	0.13108	0.01536	0.00957	0.00289	0.00644	0.01263	0.23312	0.01204
33	0.01204	0.00984	0.01063	0.01100	0.01377	0.00844	0.00804	0.01459	0.02248	0.02770	0.13103	0.19658	0.44731	0.02598	0.01196	0.00348	0.00516	0.02216	0.00939	0.00844
34	0.01438	0.01015	0.01333	0.01333	0.01418	0.01100	0.00910	0.01607	0.01522	0.02115	0.02916	0.05280	0.03084	0.37542	0.31759	0.01270	0.01779	0.01268	0.00571	0.00740
35	0.01364	0.01010	0.01352	0.01501	0.01628	0.01035	0.01076	0.01765	0.05412	0.02620	0.04746	0.43881	0.05384	0.03984	0.14904	0.00677	0.01087	0.04850	0.00841	0.00883
36	0.04083	0.01610	0.02188	0.01707	0.02410	0.01398	0.01398	0.04479	0.02849	0.52373	0.10851	0.03910	0.03352	0.01336	0.01025	0.00309	0.00800	0.01104	0.01216	0.01600
37	0.04473	0.01697	0.02313	0.01774	0.02545	0.01465	0.01465	0.04858	0.02853	0.59437	0.03933	0.03393	0.02468	0.01234	0.01003	0.00308	0.00848	0.01003	0.01234	0.01697
38	0.01933	0.01823	0.03080	0.57742	0.11303	0.02228	0.02793	0.02591	0.02017	0.02608	0.01781	0.02642	0.01350	0.00987	0.00996	0.00329	0.01317	0.00886	0.00447	0.01148
39	0.02074	0.02816	0.18239	0.30980	0.15811	0.02292	0.02972	0.03029	0.06490	0.02976	0.01980	0.02559	0.01497	0.00991	0.00983	0.00321	0.01296	0.00866	0.00493	0.01333

[dist]
# distance from previous block
# <min> <max>
0	1

[block]
# block no. 5 follows, 15 sequences, length 9
# corresponding to MSA columns:
# 310-316,322,323
name=unknown_F
#
# <colnr> <probs for GDERKNQSTAVLIFYWHMCP>
#	G	D	E	R	K	N	Q	S	T	A	V	L	I	F	Y	W	H	M	C	P
0	0.01290	0.00921	0.01243	0.01474	0.01565	0.00875	0.01057	0.01519	0.01983	0.02629	0.05453	0.54095	0.06429	0.03052	0.01293	0.00415	0.00644	0.12309	0.00924	0.00831
1	0.24539	0.02437	0.03509	0.08770	0.13134	0.06851	0.17253	0.03043	0.02087	0.03449	0.01694	0.02212	0.01341	0.00955	0.01047	0.00320	0.04741	0.00841	0.00529	0.01250
2	0.01556	0.01267	0.01890	0.01880	0.05824	0.01185	0.05648	0.02034	0.02599	0.03565	0.35988	0.07507	0.14452	0.02021	0.01190	0.00337	0.00685	0.08412	0.00959	0.01002
3	0.02928	0.01674	0.02094	0.01570	0.02352	0.01345	0.01268	0.03352	0.02438	0.24843	0.07796	0.03070	0.02586	0.01048	0.00880	0.00225	0.00756	0.00860	0.00884	0.38032
4	0.01267	0.00905	0.01217	0.01448	0.01528	0.00855	0.01016	0.01478	0.01960	0.02603	0.05466	0.57254	0.06480	0.03074	0.01286	0.00412	0.00624	0.09380	0.00924	0.00824
5	0.02067	0.01772	0.02067	0.01477	0.02362	0.01329	0.01181	0.02510	0.02067	0.03248	0.01772	0.02067	0.01477	0.00738	0.00738	0.00148	0.00738	0.00591	0.00591	0.71059
6	0.02453	0.07035	0.34652	0.10527	0.04170	0.02411	0.02942	0.09146	0.05998	0.08118	0.02159	0.02396	0.01536	0.01027	0.00953	0.00312	0.01295	0.00811	0.00594	0.01465
7	0.02884	0.08888	0.08910	0.07385	0.03393	0.16822	0.05504	0.12876	0.02706	0.06117	0.02020	0.02430	0.01598	0.01920	0.09032	0.00468	0.04307	0.00829	0.00615	0.01297
8	0.01991	0.01684	0.01982	0.01451	0.02261	0.01284	0.01153	0.02437	0.02155	0.03336	0.08349	0.02694	0.02401	0.00890	0.00789	0.00167	0.00707	0.00732	0.00650	0.62889

[dist]
# distance from previous block
# <min> <max>
0	1

[block]
# block no. 6 follows, 15 sequences, length 8
# corresponding to MSA columns:
# 325-332
name=unknown_G
#
# <colnr> <probs for GDERKNQSTAVLIFYWHMCP>
#	G	D	E	R	K	N	Q	S	T	A	V	L	I	F	Y	W	H	M	C	P
0	0.02458	0.01988	0.02503	0.01850	0.02655	0.01775	0.04503	0.09649	0.02431	0.06815	0.01956	0.02232	0.01551	0.00913	0.01014	0.00211	0.05791	0.00711	0.00664	0.48331
1	0.01732	0.00866	0.01299	0.01299	0.01299	0.00866	0.00866	0.01299	0.01299	0.01732	0.01732	0.03030	0.01732	0.03463	0.03896	0.70996	0.00866	0.00866	0.00433	0.00433
2	0.01695	0.00992	0.01439	0.01409	0.01432	0.01075	0.00981	0.01452	0.01369	0.01873	0.01959	0.03418	0.01981	0.09673	0.11491	0.50429	0.05367	0.00948	0.00463	0.00554
3	0.02161	0.13390	0.15928	0.12808	0.03659	0.02242	0.06782	0.02768	0.02082	0.06251	0.02490	0.10940	0.02228	0.01305	0.01060	0.00313	0.04122	0.01095	0.07160	0.01217
4	0.01944	0.01276	0.01567	0.01442	0.01829	0.01136	0.01075	0.05347	0.02374	0.10319	0.11019	0.28871	0.12057	0.02169	0.01109	0.00324	0.00649	0.01899	0.00933	0.12661
5	0.01473	0.01081	0.01346	0.01324	0.01387	0.01138	0.00888	0.01630	0.01844	0.02547	0.15804	0.15905	0.05198	0.34296	0.03385	0.00674	0.06863	0.01703	0.00753	0.00762
6	0.17258	0.19054	0.13651	0.02783	0.13390	0.08505	0.02220	0.06831	0.02283	0.03398	0.01637	0.01933	0.01321	0.00933	0.00806	0.00278	0.01173	0.00674	0.00527	0.01346
7	0.17644	0.01276	0.01388	0.01265	0.01643	0.01269	0.00982	0.02364	0.02465	0.08771	0.32065	0.05723	0.11216	0.01702	0.01001	0.00308	0.00574	0.01415	0.05901	0.01027

[dist]
# distance from previous block
# <min> <max>
0	1

[block]
# block no. 7 follows, 15 sequences, length 16
# corresponding to MSA columns:
# 334-349
name=unknown_H
#
# <colnr> <probs for GDERKNQSTAVLIFYWHMCP>
#	G	D	E	R	K	N	Q	S	T	A	V	L	I	F	Y	W	H	M	C	P
0	0.05254	0.02633	0.11527	0.02186	0.02997	0.02276	0.05525	0.14661	0.18527	0.04249	0.07122	0.03078	0.02568	0.01165	0.00966	0.00294	0.00988	0.00969	0.00809	0.12206
1	0.02432	0.06256	0.08072	0.02918	0.15912	0.02205	0.02004	0.03795	0.22534	0.07998	0.03199	0.08198	0.02698	0.05809	0.01285	0.00366	0.00965	0.01147	0.00780	0.01428
2	0.02487	0.10707	0.35881	0.07898	0.04122	0.02360	0.06516	0.03363	0.02224	0.12140	0.02107	0.02347	0.01483	0.00980	0.00943	0.00306	0.01329	0.00801	0.00561	0.01447
3	0.09133	0.17830	0.08508	0.02979	0.03863	0.12677	0.25082	0.03251	0.02278	0.02985	0.01715	0.02144	0.01362	0.00890	0.00936	0.00290	0.01458	0.00846	0.00492	0.01282
4	0.01570	0.01038	0.01319	0.01374	0.01612	0.00945	0.01034	0.01879	0.02304	0.07609	0.16878	0.28255	0.18113	0.02566	0.01225	0.00371	0.00612	0.09382	0.00984	0.00931
5	0.01766	0.02742	0.24826	0.01944	0.02634	0.01655	0.02078	0.02443	0.02139	0.03214	0.15423	0.04119	0.03661	0.07674	0.05299	0.00454	0.05306	0.01111	0.10385	0.01128
6	0.02461	0.06749	0.21973	0.02123	0.02981	0.01819	0.05239	0.03158	0.02411	0.15511	0.12213	0.04059	0.03341	0.01325	0.01002	0.00312	0.01033	0.04555	0.06407	0.01329
7	0.01401	0.01037	0.01320	0.01301	0.01552	0.00955	0.01011	0.01833	0.02649	0.03624	0.42082	0.08384	0.17110	0.02229	0.01207	0.00339	0.00544	0.09461	0.01041	0.00920
8	0.02668	0.01346	0.01654	0.01406	0.01850	0.01274	0.01110	0.07318	0.02777	0.21033	0.21455	0.04735	0.04709	0.01475	0.00972	0.00288	0.00636	0.01236	0.20825	0.01230
9	0.02580	0.07509	0.16091	0.07808	0.05484	0.01826	0.02107	0.03142	0.02281	0.18773	0.03326	0.15169	0.02971	0.01571	0.01038	0.00333	0.01026	0.04852	0.00788	0.01323
10	0.02832	0.02339	0.06631	0.02162	0.02855	0.02285	0.05383	0.16122	0.23469	0.11024	0.10684	0.03692	0.03292	0.01331	0.01037	0.00321	0.00934	0.01126	0.00970	0.01509
11	0.01270	0.00951	0.01186	0.01316	0.01485	0.00868	0.00949	0.01531	0.02164	0.02826	0.14011	0.37666	0.19896	0.02787	0.01245	0.00380	0.00577	0.07098	0.00949	0.00846
12	0.02011	0.05242	0.06934	0.02024	0.02299	0.04795	0.01723	0.02543	0.06294	0.02810	0.02841	0.17335	0.02871	0.01825	0.01846	0.00365	0.24051	0.01332	0.09773	0.01085
13	0.03372	0.05582	0.14092	0.02189	0.03072	0.05433	0.05571	0.09560	0.02787	0.28108	0.03450	0.03305	0.06464	0.01221	0.00994	0.00306	0.01094	0.00997	0.00893	0.01509
14	0.01279	0.00904	0.01167	0.01320	0.01391	0.00853	0.00873	0.01462	0.01948	0.02627	0.11836	0.47293	0.06452	0.13422	0.01902	0.00488	0.00630	0.02469	0.00893	0.00792
15	0.01552	0.01256	0.01847	0.01773	0.01921	0.01551	0.01404	0.01885	0.01589	0.02329	0.02440	0.03623	0.02292	0.06509	0.51269	0.01405	0.12876	0.01035	0.00518	0.00924

[dist]
# distance from previous block
# <min> <max>
0	333

# created by:
# /st0/software/busco_prod/Augustus/scripts/msa2prfl.pl ./align_prep/3434.fa
