[name]
unknown

[dist]
# distance from previous block
# <min> <max>
9	116

[block]
# block no. 0 follows, 15 sequences, length 29
# corresponding to MSA columns:
# 131-159
name=unknown_A
#
# <colnr> <probs for GDERKNQSTAVLIFYWHMCP>
#	G	D	E	R	K	N	Q	S	T	A	V	L	I	F	Y	W	H	M	C	P
0	0.02901	0.26363	0.13848	0.02151	0.03088	0.02821	0.05631	0.08326	0.05923	0.12975	0.02224	0.02306	0.01659	0.00992	0.00855	0.00269	0.01110	0.00769	0.00669	0.05121
1	0.13902	0.12598	0.09940	0.02061	0.02816	0.02573	0.05394	0.09638	0.17093	0.03966	0.08022	0.02987	0.02598	0.01168	0.00906	0.00303	0.00979	0.00932	0.00754	0.01369
2	0.07482	0.05187	0.12303	0.01807	0.02566	0.01757	0.01718	0.07407	0.02685	0.24345	0.12698	0.04179	0.08805	0.01404	0.00996	0.00308	0.00886	0.01138	0.00941	0.01387
3	0.01996	0.00946	0.01397	0.01344	0.01419	0.00924	0.00924	0.01642	0.01449	0.07293	0.01944	0.03065	0.01803	0.03248	0.03617	0.64183	0.00864	0.00879	0.00510	0.00555
4	0.01949	0.01360	0.01664	0.01605	0.01924	0.01384	0.01232	0.06808	0.11333	0.07432	0.20187	0.22518	0.06064	0.02197	0.01175	0.00359	0.00682	0.07994	0.01015	0.01115
5	0.01808	0.01248	0.01441	0.01328	0.01697	0.01170	0.01014	0.05374	0.06179	0.08840	0.22246	0.11945	0.27596	0.02151	0.01147	0.00331	0.00588	0.01833	0.01015	0.01049
6	0.02804	0.11930	0.14478	0.02330	0.08499	0.02055	0.02027	0.03373	0.02292	0.17613	0.02287	0.02388	0.01670	0.00941	0.00859	0.00248	0.01009	0.00748	0.00688	0.21761
7	0.03174	0.01539	0.01991	0.01584	0.02243	0.01292	0.01266	0.03551	0.02544	0.33437	0.08133	0.09901	0.06367	0.01447	0.00993	0.00284	0.00747	0.01218	0.01029	0.17260
8	0.02021	0.01152	0.01560	0.01577	0.01841	0.01092	0.01251	0.02329	0.02266	0.12845	0.11720	0.16252	0.05333	0.08483	0.01776	0.04678	0.00797	0.21106	0.00939	0.00983
9	0.01784	0.01864	0.07695	0.02372	0.07909	0.01809	0.01822	0.02343	0.05534	0.02854	0.06955	0.18799	0.03787	0.02699	0.08993	0.00533	0.14917	0.05546	0.00693	0.01091
10	0.20400	0.02101	0.02338	0.21790	0.03805	0.06852	0.01831	0.10503	0.02533	0.07465	0.08832	0.02921	0.02383	0.01154	0.00914	0.00311	0.01053	0.00900	0.00706	0.01207
11	0.02494	0.01362	0.01784	0.01692	0.02088	0.01312	0.01373	0.03106	0.07694	0.20132	0.09857	0.11709	0.04779	0.06331	0.01451	0.00418	0.00816	0.19394	0.01020	0.01189
12	0.02486	0.01354	0.01756	0.01549	0.01983	0.01278	0.01231	0.03165	0.08219	0.21105	0.30845	0.06181	0.06262	0.01789	0.01125	0.00328	0.00663	0.06328	0.01114	0.01237
13	0.07259	0.09995	0.03054	0.13232	0.07119	0.02567	0.01993	0.10989	0.02482	0.10820	0.05830	0.02727	0.02075	0.01255	0.01413	0.00326	0.13969	0.00896	0.00688	0.01312
14	0.08840	0.17503	0.03090	0.02086	0.02701	0.28885	0.01692	0.03749	0.06174	0.09649	0.02018	0.02180	0.01597	0.01379	0.04115	0.00336	0.01413	0.00709	0.00625	0.01258
15	0.02690	0.01377	0.01780	0.01613	0.02020	0.01289	0.01223	0.08131	0.02595	0.24036	0.07937	0.31988	0.04754	0.02163	0.01139	0.00353	0.00723	0.01897	0.01057	0.01235
16	0.02205	0.02050	0.03458	0.33268	0.15132	0.02270	0.10039	0.07901	0.02427	0.03252	0.06412	0.02986	0.02084	0.01058	0.01035	0.00322	0.01261	0.01002	0.00568	0.01270
17	0.02394	0.01954	0.06348	0.10683	0.03183	0.01903	0.05160	0.10294	0.02542	0.11270	0.09098	0.13478	0.03397	0.02027	0.05375	0.00430	0.07089	0.01348	0.00795	0.01231
18	0.01584	0.00979	0.01271	0.01335	0.01514	0.00908	0.00948	0.01884	0.02250	0.07444	0.19581	0.37966	0.06640	0.02483	0.01167	0.00355	0.00558	0.02219	0.07987	0.00926
19	0.08757	0.01908	0.02380	0.01837	0.02603	0.01807	0.01517	0.13802	0.03107	0.46316	0.03491	0.03098	0.02239	0.01207	0.00976	0.00307	0.00888	0.00953	0.01151	0.01656
20	0.02342	0.07332	0.21674	0.02629	0.03570	0.02227	0.14780	0.06068	0.06781	0.07097	0.06124	0.05760	0.02428	0.01166	0.01006	0.00313	0.01208	0.01063	0.05068	0.01365
21	0.02368	0.01918	0.07127	0.11014	0.08952	0.01673	0.08883	0.02899	0.02316	0.14846	0.07095	0.16446	0.03541	0.01638	0.01111	0.00345	0.01030	0.04749	0.00796	0.01253
22	0.04473	0.01697	0.02313	0.01774	0.02545	0.01465	0.01465	0.04858	0.02853	0.59437	0.03933	0.03393	0.02468	0.01234	0.01003	0.00308	0.00848	0.01003	0.01234	0.01697
23	0.02665	0.65565	0.05224	0.01706	0.02559	0.03945	0.01706	0.02985	0.02026	0.02345	0.01386	0.01599	0.01279	0.00853	0.00640	0.00213	0.01066	0.00533	0.00426	0.01279
24	0.02788	0.12376	0.20795	0.08431	0.03997	0.08304	0.11305	0.03487	0.02339	0.13660	0.02152	0.02398	0.01545	0.00983	0.00952	0.00299	0.01349	0.00837	0.00602	0.01399
25	0.02500	0.04004	0.37322	0.02774	0.03914	0.02363	0.08075	0.07325	0.02363	0.10376	0.02078	0.02352	0.01476	0.01072	0.01214	0.00328	0.07582	0.00838	0.00577	0.01468
26	0.02539	0.01554	0.02346	0.01994	0.02461	0.01468	0.09037	0.08038	0.02513	0.18734	0.04247	0.32318	0.04224	0.02076	0.01156	0.00358	0.00865	0.01893	0.00957	0.01221
27	0.02636	0.02432	0.09830	0.18325	0.07228	0.05399	0.02200	0.10174	0.06081	0.11943	0.06429	0.07745	0.02614	0.01305	0.01020	0.00320	0.01112	0.01100	0.00758	0.01347
28	0.02885	0.01942	0.03184	0.26058	0.18129	0.02027	0.05176	0.03451	0.02357	0.21073	0.02506	0.02849	0.01767	0.01038	0.01006	0.00316	0.01157	0.00939	0.00713	0.01425

[dist]
# distance from previous block
# <min> <max>
0	2

[block]
# block no. 1 follows, 15 sequences, length 26
# corresponding to MSA columns:
# 162-187
name=unknown_B
#
# <colnr> <probs for GDERKNQSTAVLIFYWHMCP>
#	G	D	E	R	K	N	Q	S	T	A	V	L	I	F	Y	W	H	M	C	P
0	0.06544	0.01958	0.03038	0.10461	0.17382	0.01965	0.07293	0.07117	0.02542	0.17871	0.05885	0.08315	0.02623	0.01267	0.01027	0.00319	0.01044	0.01147	0.00793	0.01408
1	0.61953	0.02015	0.01970	0.01867	0.06278	0.02266	0.05117	0.02959	0.01785	0.04292	0.01469	0.01758	0.01147	0.00917	0.00684	0.00310	0.00867	0.00611	0.00600	0.01135
2	0.07349	0.02279	0.09136	0.12827	0.16455	0.02020	0.12043	0.02860	0.02252	0.06875	0.08396	0.07919	0.02763	0.01229	0.01036	0.00323	0.01151	0.01160	0.00637	0.01291
3	0.02755	0.02377	0.03239	0.14999	0.28097	0.08554	0.02452	0.03464	0.06662	0.10889	0.02272	0.02637	0.01734	0.01000	0.00971	0.00296	0.01178	0.00881	0.00635	0.04909
4	0.14171	0.06494	0.02377	0.01688	0.02452	0.01972	0.01396	0.08212	0.07938	0.21878	0.02662	0.02583	0.01894	0.01037	0.00847	0.00262	0.00839	0.00791	0.00868	0.19640
5	0.18257	0.13828	0.06956	0.02018	0.02722	0.15440	0.01750	0.09100	0.14187	0.03692	0.02126	0.02220	0.01656	0.01056	0.00830	0.00287	0.01133	0.00738	0.00672	0.01329
6	0.02379	0.02089	0.03586	0.18875	0.22926	0.02252	0.09850	0.02955	0.02184	0.07803	0.02253	0.03287	0.01883	0.01179	0.01297	0.00340	0.07987	0.04970	0.00573	0.01333
7	0.01286	0.00921	0.01229	0.01396	0.01504	0.00864	0.00982	0.01544	0.02129	0.02882	0.16459	0.48285	0.07112	0.02868	0.01261	0.00390	0.00583	0.06500	0.00961	0.00846
8	0.20820	0.02985	0.16262	0.02144	0.02998	0.02514	0.02094	0.20272	0.02878	0.10258	0.02069	0.02213	0.01484	0.01110	0.01053	0.00316	0.05571	0.00776	0.00744	0.01440
9	0.02719	0.30370	0.12560	0.02457	0.03375	0.08209	0.11269	0.08972	0.05527	0.03148	0.01826	0.02083	0.01462	0.00945	0.00859	0.00269	0.01282	0.00756	0.00542	0.01370
10	0.02419	0.01108	0.01288	0.01183	0.01526	0.01046	0.00907	0.02833	0.02255	0.17044	0.03661	0.10238	0.02974	0.01393	0.00833	0.00269	0.00570	0.01154	0.46197	0.01101
11	0.46615	0.01841	0.01784	0.01485	0.02160	0.01946	0.01225	0.03655	0.02131	0.25139	0.02345	0.02286	0.01602	0.01041	0.00762	0.00308	0.00800	0.00714	0.00849	0.01312
12	0.02801	0.13538	0.02623	0.01729	0.02349	0.02169	0.01468	0.13734	0.07552	0.14889	0.04649	0.05091	0.14643	0.01612	0.01014	0.00314	0.00867	0.06703	0.00917	0.01338
13	0.02449	0.02182	0.03778	0.03106	0.07630	0.02170	0.24371	0.06748	0.12334	0.07444	0.02914	0.07771	0.02474	0.08138	0.01540	0.00403	0.01227	0.01265	0.00722	0.01333
14	0.01215	0.00868	0.01157	0.01388	0.01446	0.00810	0.00925	0.01388	0.01909	0.02545	0.05495	0.64315	0.06593	0.03123	0.01272	0.00405	0.00578	0.02834	0.00925	0.00810
15	0.02040	0.02052	0.04051	0.14259	0.04561	0.02048	0.29219	0.02732	0.02269	0.03010	0.02961	0.05280	0.02761	0.01450	0.01204	0.00373	0.01384	0.16557	0.00618	0.01171
16	0.02381	0.06843	0.03687	0.03543	0.18238	0.05862	0.15992	0.02877	0.02266	0.07375	0.02913	0.17798	0.02831	0.01462	0.01078	0.00326	0.01170	0.01413	0.00658	0.01286
17	0.05482	0.01122	0.01330	0.01244	0.01510	0.01075	0.00900	0.02346	0.02211	0.11965	0.17089	0.11695	0.04836	0.15460	0.01873	0.00446	0.00662	0.01458	0.16319	0.00975
18	0.01415	0.01002	0.01236	0.01236	0.01323	0.01039	0.00814	0.01548	0.01578	0.02124	0.03689	0.06038	0.08717	0.41315	0.21663	0.01097	0.01438	0.01399	0.00615	0.00714
19	0.02923	0.02057	0.02865	0.33591	0.04956	0.02333	0.02270	0.18498	0.02944	0.14204	0.02355	0.02717	0.01648	0.01099	0.00998	0.00318	0.01172	0.00911	0.00752	0.01389
20	0.17736	0.02088	0.02001	0.07697	0.02614	0.10307	0.01439	0.08641	0.02661	0.09676	0.17320	0.03711	0.03682	0.01323	0.00932	0.00299	0.00920	0.01040	0.04733	0.01178
21	0.02624	0.01761	0.02059	0.01826	0.02302	0.01849	0.01441	0.16917	0.12861	0.11748	0.09616	0.17629	0.04305	0.01890	0.01117	0.00348	0.00812	0.06549	0.01019	0.01327
22	0.10105	0.01848	0.02141	0.01773	0.02359	0.01880	0.01415	0.19459	0.03130	0.22196	0.08175	0.14503	0.03450	0.01610	0.01027	0.00324	0.00835	0.01331	0.01030	0.01406
23	0.02696	0.02579	0.03794	0.02949	0.03669	0.10669	0.24572	0.03766	0.14298	0.09358	0.02946	0.08984	0.02421	0.01248	0.01092	0.00329	0.01304	0.01234	0.00738	0.01353
24	0.09234	0.02217	0.02419	0.01951	0.02666	0.02357	0.01578	0.21090	0.19689	0.14996	0.03034	0.02881	0.02172	0.01182	0.00945	0.00298	0.00894	0.00925	0.00973	0.08499
25	0.03010	0.02336	0.03180	0.07929	0.22809	0.02394	0.02236	0.21597	0.03126	0.09120	0.02214	0.02481	0.01665	0.01015	0.00959	0.00281	0.01075	0.00861	0.00745	0.10967

[dist]
# distance from previous block
# <min> <max>
2	5

[block]
# block no. 2 follows, 15 sequences, length 36
# corresponding to MSA columns:
# 193-228
name=unknown_C
#
# <colnr> <probs for GDERKNQSTAVLIFYWHMCP>
#	G	D	E	R	K	N	Q	S	T	A	V	L	I	F	Y	W	H	M	C	P
0	0.16509	0.09082	0.21036	0.01970	0.02860	0.02158	0.02075	0.06490	0.02409	0.11937	0.11308	0.03044	0.02772	0.01171	0.00900	0.00302	0.01011	0.00902	0.00728	0.01335
1	0.02467	0.02369	0.04046	0.06119	0.58747	0.02369	0.03059	0.03059	0.02270	0.03257	0.01875	0.02467	0.01579	0.00888	0.00987	0.00296	0.01184	0.00888	0.00493	0.01579
2	0.02303	0.02201	0.03749	0.22001	0.44150	0.02325	0.02978	0.02915	0.02192	0.03057	0.01846	0.02521	0.01509	0.00919	0.00990	0.00306	0.01225	0.00888	0.00479	0.01446
3	0.02174	0.15594	0.03067	0.13246	0.03277	0.02190	0.06583	0.05968	0.05268	0.06001	0.03217	0.22761	0.03245	0.01695	0.01027	0.00327	0.00987	0.01496	0.00714	0.01165
4	0.04073	0.01768	0.02514	0.01896	0.02694	0.01517	0.04851	0.04494	0.02735	0.49670	0.03573	0.03202	0.02298	0.01154	0.00984	0.00293	0.00889	0.00968	0.01117	0.09310
5	0.03341	0.02198	0.03082	0.02383	0.03048	0.02321	0.10313	0.17786	0.06514	0.21178	0.02817	0.02887	0.01991	0.01232	0.01317	0.00325	0.09437	0.00988	0.05341	0.01501
6	0.01276	0.00915	0.01211	0.01346	0.01459	0.00850	0.00930	0.01542	0.02193	0.02997	0.21906	0.46614	0.07469	0.02785	0.01242	0.00376	0.00545	0.02513	0.00979	0.00850
7	0.09514	0.12312	0.06446	0.05389	0.05608	0.05224	0.01729	0.03477	0.02252	0.22813	0.02566	0.02981	0.01970	0.08451	0.01492	0.00374	0.04430	0.00881	0.00759	0.01332
8	0.01244	0.00976	0.01125	0.01164	0.01406	0.00858	0.00844	0.01529	0.02314	0.02972	0.20597	0.22768	0.33545	0.02557	0.01201	0.00348	0.00515	0.02214	0.00967	0.00858
9	0.07928	0.01103	0.01324	0.01244	0.01521	0.01054	0.00942	0.01949	0.02682	0.03958	0.49872	0.07045	0.11778	0.01966	0.01124	0.00315	0.00500	0.01705	0.01042	0.00947
10	0.02447	0.02375	0.01670	0.01570	0.01921	0.23388	0.01177	0.02807	0.02426	0.03122	0.06317	0.03942	0.09567	0.01331	0.00859	0.00259	0.00969	0.01017	0.31834	0.01003
11	0.05701	0.01695	0.04609	0.01600	0.02006	0.04626	0.01343	0.05718	0.06139	0.03674	0.25175	0.06998	0.13589	0.01971	0.01134	0.00341	0.00760	0.10929	0.00934	0.01058
12	0.01884	0.01364	0.01687	0.01720	0.01989	0.01400	0.01343	0.13086	0.02620	0.03476	0.04768	0.34633	0.05286	0.02599	0.01246	0.00399	0.00794	0.17737	0.00938	0.01032
13	0.01409	0.01019	0.01242	0.01344	0.01495	0.00975	0.00992	0.01629	0.01950	0.02504	0.05603	0.16453	0.16316	0.23973	0.02581	0.00599	0.00801	0.17521	0.00814	0.00780
14	0.02388	0.02288	0.03904	0.13745	0.51738	0.02348	0.03020	0.02990	0.02233	0.03161	0.01861	0.02493	0.01545	0.00903	0.00988	0.00301	0.01204	0.00888	0.00487	0.01515
15	0.01408	0.01090	0.01292	0.01229	0.01517	0.01011	0.00925	0.01965	0.06210	0.03600	0.39568	0.07875	0.24332	0.02146	0.01166	0.00322	0.00502	0.01853	0.01038	0.00951
16	0.01424	0.01068	0.01602	0.01602	0.01780	0.01246	0.01246	0.01780	0.01602	0.02314	0.02670	0.03916	0.02492	0.07477	0.61015	0.01602	0.02670	0.01068	0.00534	0.00890
17	0.01450	0.00966	0.01087	0.01087	0.01087	0.00966	0.00604	0.01450	0.01450	0.01933	0.03141	0.06524	0.03624	0.64965	0.05074	0.00966	0.00966	0.01450	0.00604	0.00604
18	0.02196	0.02263	0.06527	0.17491	0.36727	0.02197	0.05561	0.02807	0.02173	0.03031	0.02191	0.08224	0.01970	0.01119	0.01023	0.00317	0.01200	0.01075	0.00519	0.01389
19	0.01274	0.00873	0.01136	0.01346	0.01420	0.00821	0.00904	0.01475	0.01925	0.02653	0.05287	0.58707	0.06220	0.02942	0.01219	0.00389	0.00568	0.02658	0.07363	0.00821
20	0.03724	0.04751	0.02825	0.02568	0.03082	0.60963	0.01926	0.03981	0.02825	0.02440	0.01541	0.01798	0.01284	0.01027	0.00899	0.00257	0.01798	0.00642	0.00514	0.01156
21	0.03246	0.02361	0.02349	0.02025	0.02644	0.10076	0.01591	0.04988	0.33409	0.20514	0.03680	0.03362	0.02633	0.01273	0.00995	0.00318	0.00943	0.01024	0.01013	0.01556
22	0.01198	0.00931	0.01091	0.01219	0.01402	0.00824	0.00850	0.01407	0.02071	0.02611	0.07550	0.39890	0.29691	0.02856	0.01230	0.00374	0.00546	0.02508	0.00926	0.00824
23	0.02602	0.02936	0.03347	0.19411	0.04288	0.20774	0.09417	0.03040	0.02172	0.02560	0.01605	0.02262	0.01334	0.01192	0.01620	0.00338	0.18635	0.00846	0.00471	0.01150
24	0.11559	0.02220	0.01718	0.01745	0.02020	0.19725	0.01258	0.02403	0.02165	0.02773	0.03709	0.36386	0.04196	0.02174	0.01068	0.00346	0.00984	0.01842	0.00756	0.00954
25	0.01858	0.00929	0.00929	0.00929	0.01161	0.00929	0.00697	0.02323	0.02091	0.03717	0.03252	0.03717	0.02555	0.01161	0.00697	0.00232	0.00465	0.00929	0.70499	0.00929
26	0.02469	0.02338	0.03804	0.05566	0.51161	0.02384	0.02859	0.03362	0.09656	0.03380	0.02170	0.02636	0.01777	0.00951	0.00991	0.00302	0.01131	0.00920	0.00564	0.01579
27	0.03239	0.04022	0.03907	0.03146	0.03835	0.40285	0.20749	0.03702	0.02658	0.02706	0.01709	0.02113	0.01365	0.00961	0.00997	0.00285	0.01756	0.00831	0.00510	0.01223
28	0.01472	0.01117	0.01433	0.01456	0.01734	0.00981	0.01075	0.01771	0.02080	0.02892	0.09530	0.38268	0.05619	0.02451	0.01161	0.00347	0.00649	0.08895	0.00867	0.16202
29	0.01738	0.01153	0.01329	0.01303	0.01647	0.01042	0.00985	0.02170	0.05869	0.10438	0.07626	0.20419	0.33265	0.02415	0.01174	0.00354	0.00606	0.04492	0.00973	0.01002
30	0.02692	0.03118	0.03171	0.23560	0.04560	0.27617	0.09494	0.03165	0.02397	0.02590	0.02005	0.07250	0.01758	0.01159	0.01001	0.00306	0.01520	0.00977	0.00521	0.01137
31	0.03132	0.02109	0.03068	0.02417	0.03149	0.02143	0.13252	0.04687	0.26556	0.22806	0.03569	0.03383	0.02512	0.01200	0.01046	0.00328	0.01004	0.01095	0.00978	0.01567
32	0.01363	0.01006	0.01274	0.01231	0.01466	0.00916	0.00914	0.01779	0.02672	0.03700	0.47325	0.12319	0.15946	0.02193	0.01184	0.00324	0.00484	0.01927	0.01060	0.00916
33	0.02620	0.15496	0.18459	0.02296	0.03076	0.22374	0.02253	0.03174	0.02408	0.02793	0.05813	0.03492	0.02413	0.01273	0.00946	0.00296	0.01367	0.07667	0.00565	0.01219
34	0.11845	0.01835	0.01977	0.01754	0.02214	0.01989	0.01358	0.21903	0.07400	0.04421	0.07476	0.24004	0.03956	0.01894	0.01055	0.00341	0.00805	0.01597	0.00930	0.01245
35	0.02389	0.02257	0.02869	0.18894	0.04018	0.10448	0.08999	0.02898	0.02272	0.06924	0.02697	0.03067	0.06746	0.01067	0.00952	0.00269	0.01171	0.00929	0.00604	0.20530

[dist]
# distance from previous block
# <min> <max>
4	12

[block]
# block no. 3 follows, 15 sequences, length 73
# corresponding to MSA columns:
# 242-314
name=unknown_D
#
# <colnr> <probs for GDERKNQSTAVLIFYWHMCP>
#	G	D	E	R	K	N	Q	S	T	A	V	L	I	F	Y	W	H	M	C	P
0	0.07655	0.02966	0.10319	0.02552	0.06441	0.09142	0.05266	0.21064	0.06640	0.10584	0.02550	0.05912	0.01980	0.01209	0.00982	0.00309	0.01170	0.00975	0.00805	0.01479
1	0.02174	0.01141	0.01381	0.01252	0.01437	0.01086	0.00810	0.02267	0.01786	0.15713	0.03331	0.05773	0.03347	0.49693	0.04098	0.00809	0.00938	0.01343	0.00755	0.00866
2	0.02294	0.01871	0.02428	0.02305	0.12204	0.01519	0.01527	0.02759	0.02154	0.06919	0.01931	0.02224	0.01559	0.00797	0.00799	0.00184	0.00823	0.00669	0.00616	0.54417
3	0.03123	0.02108	0.06359	0.02884	0.13011	0.01843	0.08017	0.07610	0.02749	0.25240	0.09683	0.03961	0.03099	0.01296	0.01060	0.00319	0.01020	0.04221	0.00914	0.01483
4	0.03748	0.02186	0.02568	0.02048	0.02762	0.02256	0.01704	0.30383	0.03719	0.24835	0.03321	0.03908	0.02500	0.01414	0.01049	0.00323	0.00985	0.07626	0.01071	0.01594
5	0.02122	0.02832	0.15061	0.03219	0.03967	0.02442	0.25451	0.02811	0.02009	0.02881	0.01889	0.02615	0.01544	0.01946	0.09463	0.00522	0.16498	0.01004	0.00476	0.01249
6	0.02064	0.01957	0.03317	0.45091	0.22929	0.02262	0.02859	0.02706	0.02079	0.02767	0.01804	0.02599	0.01406	0.00963	0.00994	0.00321	0.01284	0.00887	0.00459	0.01253
7	0.01411	0.01019	0.01333	0.01254	0.01489	0.00941	0.00941	0.01881	0.02822	0.03998	0.58221	0.07447	0.09406	0.02038	0.01176	0.00314	0.00470	0.01803	0.01097	0.00941
8	0.02480	0.02141	0.02254	0.02029	0.02592	0.02480	0.01578	0.05297	0.56946	0.04170	0.04057	0.03719	0.03043	0.01352	0.01014	0.00338	0.00789	0.01127	0.01014	0.01578
9	0.01393	0.01013	0.01424	0.01464	0.01586	0.01115	0.01064	0.01647	0.01626	0.02280	0.03255	0.14958	0.03429	0.17993	0.39628	0.01269	0.01971	0.01451	0.00616	0.00820
10	0.02532	0.02289	0.03008	0.17780	0.20773	0.08992	0.02292	0.06293	0.02298	0.06546	0.02099	0.02998	0.01796	0.09422	0.01692	0.00400	0.06012	0.00939	0.00574	0.01267
11	0.01437	0.01019	0.01352	0.01352	0.01443	0.01110	0.00934	0.01619	0.01528	0.02129	0.02899	0.05185	0.03043	0.35439	0.33805	0.01293	0.01842	0.01254	0.00568	0.00751
12	0.01427	0.01055	0.01535	0.01535	0.01690	0.01210	0.01162	0.01737	0.01582	0.02264	0.02732	0.04257	0.02640	0.14998	0.53696	0.01519	0.02447	0.01118	0.00543	0.00853
13	0.01725	0.01356	0.01603	0.01518	0.01834	0.01413	0.01141	0.02903	0.19909	0.03862	0.34103	0.13702	0.07015	0.01962	0.01137	0.00333	0.00586	0.01723	0.01048	0.01126
14	0.72007	0.01928	0.01465	0.01311	0.01928	0.02236	0.01080	0.02930	0.01697	0.04473	0.01388	0.01619	0.01080	0.00925	0.00617	0.00308	0.00771	0.00540	0.00617	0.01080
15	0.01883	0.01772	0.02990	0.62569	0.06866	0.02215	0.02769	0.02547	0.01993	0.02547	0.01772	0.02658	0.01329	0.00997	0.00997	0.00332	0.01329	0.00886	0.00443	0.01107
16	0.01380	0.01034	0.01300	0.01472	0.01596	0.01028	0.01011	0.01900	0.09109	0.02757	0.05307	0.56387	0.06129	0.02892	0.01239	0.00396	0.00606	0.02611	0.00937	0.00910
17	0.04149	0.02149	0.09834	0.01913	0.02776	0.01576	0.01755	0.04636	0.02755	0.52074	0.03652	0.03225	0.02310	0.01196	0.00995	0.00309	0.00930	0.00968	0.01128	0.01667
18	0.02101	0.01161	0.01519	0.01377	0.01725	0.01041	0.01050	0.02495	0.02667	0.16991	0.34546	0.14083	0.11206	0.02025	0.01147	0.00326	0.00578	0.01770	0.01094	0.01097
19	0.01440	0.01004	0.01278	0.01278	0.01344	0.01070	0.00842	0.01572	0.01506	0.02074	0.02967	0.05558	0.03205	0.43668	0.25798	0.01202	0.01598	0.01308	0.00578	0.00710
20	0.02726	0.50596	0.11245	0.01950	0.02831	0.11215	0.01964	0.03135	0.02139	0.02452	0.01453	0.01684	0.01278	0.00887	0.00709	0.00231	0.01209	0.00571	0.00437	0.01286
21	0.02214	0.24613	0.42222	0.02476	0.03749	0.02840	0.03046	0.03102	0.02079	0.02896	0.01659	0.01942	0.01268	0.00917	0.00848	0.00283	0.01342	0.00671	0.00423	0.01411
22	0.03225	0.31221	0.03942	0.02344	0.06253	0.25308	0.01870	0.06514	0.02547	0.05986	0.01681	0.01878	0.01393	0.00963	0.00801	0.00245	0.01340	0.00645	0.00544	0.01299
23	0.01432	0.01025	0.01382	0.01372	0.01493	0.01106	0.00976	0.01675	0.01707	0.02398	0.10107	0.05314	0.03803	0.27405	0.33102	0.01205	0.01771	0.01301	0.00633	0.00794
24	0.06605	0.08708	0.32862	0.03057	0.07361	0.02402	0.14539	0.03052	0.02182	0.03244	0.05268	0.02515	0.01829	0.00978	0.00969	0.00310	0.01363	0.00880	0.00498	0.01378
25	0.07362	0.02364	0.12412	0.10323	0.20279	0.01934	0.05608	0.02628	0.02202	0.03260	0.10312	0.11177	0.03224	0.01367	0.01029	0.00324	0.01067	0.01238	0.00628	0.01262
26	0.04473	0.01697	0.02313	0.01774	0.02545	0.01465	0.01465	0.04858	0.02853	0.59437	0.03933	0.03393	0.02468	0.01234	0.01003	0.00308	0.00848	0.01003	0.01234	0.01697
27	0.03113	0.13764	0.14693	0.05823	0.03636	0.02413	0.11347	0.07683	0.02570	0.21530	0.02501	0.02590	0.01738	0.01027	0.00958	0.00299	0.01198	0.00885	0.00746	0.01486
28	0.02364	0.11481	0.30854	0.03075	0.10971	0.02616	0.06255	0.07480	0.09067	0.03442	0.02091	0.02348	0.01575	0.00990	0.00942	0.00303	0.01285	0.00820	0.00554	0.01485
29	0.02625	0.07107	0.03125	0.10257	0.03216	0.02841	0.02107	0.08968	0.02146	0.09242	0.01796	0.02358	0.01484	0.01456	0.02247	0.00375	0.35948	0.00865	0.00591	0.01246
30	0.01215	0.00868	0.01157	0.01388	0.01446	0.00810	0.00925	0.01388	0.01909	0.02545	0.05495	0.64315	0.06593	0.03123	0.01272	0.00405	0.00578	0.02834	0.00925	0.00810
31	0.11774	0.03449	0.25981	0.02611	0.07628	0.02404	0.02538	0.13067	0.09269	0.08437	0.02298	0.02419	0.01653	0.01057	0.00929	0.00312	0.01158	0.00820	0.00693	0.01501
32	0.01588	0.09500	0.02045	0.01585	0.01841	0.01582	0.01268	0.01918	0.01648	0.02296	0.02530	0.03769	0.02401	0.10041	0.49777	0.01382	0.02359	0.01021	0.00524	0.00924
33	0.04473	0.01697	0.02313	0.01774	0.02545	0.01465	0.01465	0.04858	0.02853	0.59437	0.03933	0.03393	0.02468	0.01234	0.01003	0.00308	0.00848	0.01003	0.01234	0.01697
34	0.01365	0.00931	0.01112	0.01196	0.01216	0.00910	0.00720	0.01428	0.01615	0.02153	0.03988	0.27329	0.04693	0.42702	0.03705	0.00764	0.00827	0.01948	0.00720	0.00678
35	0.02775	0.03221	0.25559	0.10133	0.04110	0.02120	0.09046	0.03545	0.02308	0.19796	0.02423	0.02633	0.01663	0.01075	0.01141	0.00326	0.05098	0.00896	0.00677	0.01455
36	0.02458	0.02073	0.03012	0.11005	0.06834	0.02686	0.02225	0.02784	0.01813	0.09937	0.01753	0.02424	0.01481	0.01519	0.02513	0.00396	0.42445	0.00892	0.00545	0.01204
37	0.01858	0.00929	0.00929	0.00929	0.01161	0.00929	0.00697	0.02323	0.02091	0.03717	0.03252	0.03717	0.02555	0.01161	0.00697	0.00232	0.00465	0.00929	0.70499	0.00929
38	0.02161	0.01900	0.02704	0.10331	0.06589	0.02301	0.01984	0.02498	0.01832	0.05854	0.02112	0.09614	0.02039	0.01582	0.02104	0.00362	0.31336	0.01073	0.00566	0.11059
39	0.02645	0.01997	0.02876	0.33931	0.08337	0.02269	0.02316	0.15410	0.02803	0.10173	0.05612	0.02960	0.02055	0.01129	0.01008	0.00318	0.01157	0.00958	0.00710	0.01335
40	0.15655	0.22649	0.03514	0.02188	0.05950	0.02952	0.04778	0.12733	0.10379	0.07098	0.02160	0.02265	0.01668	0.01022	0.00825	0.00281	0.01008	0.00769	0.00702	0.01404
41	0.04069	0.02138	0.02615	0.02023	0.02754	0.02176	0.01672	0.23598	0.03453	0.35871	0.03187	0.02941	0.02104	0.01253	0.01148	0.00313	0.04981	0.00955	0.01094	0.01657
42	0.02550	0.02101	0.09735	0.09402	0.03093	0.01743	0.01865	0.07021	0.02516	0.16167	0.10325	0.07837	0.03336	0.01468	0.01169	0.00318	0.04775	0.04449	0.00830	0.09300
43	0.07117	0.10615	0.03325	0.24106	0.15326	0.09364	0.02343	0.03073	0.02172	0.07221	0.01833	0.02343	0.01439	0.01016	0.01042	0.00303	0.04761	0.00797	0.00532	0.01273
44	0.03522	0.04415	0.02855	0.02575	0.03021	0.53387	0.01960	0.03774	0.02655	0.02434	0.01511	0.01848	0.01287	0.01121	0.01209	0.00280	0.09823	0.00672	0.00504	0.01147
45	0.02149	0.02179	0.06674	0.08244	0.39127	0.02019	0.02589	0.02734	0.02318	0.03295	0.11817	0.06893	0.03188	0.01226	0.01034	0.00309	0.01052	0.01150	0.00615	0.01389
46	0.02930	0.01796	0.02634	0.31390	0.04654	0.01974	0.02115	0.03796	0.10114	0.23911	0.02899	0.03082	0.01995	0.01135	0.01001	0.00324	0.01074	0.00963	0.00818	0.01393
47	0.02155	0.01905	0.02389	0.21324	0.10383	0.09359	0.01934	0.02561	0.02172	0.07005	0.03252	0.24620	0.03323	0.01766	0.01082	0.00342	0.01067	0.01560	0.00692	0.01110
48	0.01436	0.01073	0.01172	0.01134	0.01440	0.00990	0.00854	0.01951	0.05949	0.03327	0.22622	0.07676	0.31872	0.02095	0.01092	0.00314	0.00507	0.01771	0.11792	0.00932
49	0.01470	0.00932	0.01247	0.01418	0.01532	0.00861	0.00968	0.01660	0.01983	0.06998	0.05372	0.59546	0.06270	0.02975	0.01251	0.00397	0.00599	0.02691	0.00950	0.00879
50	0.02118	0.02045	0.03609	0.30070	0.25531	0.02232	0.08835	0.02752	0.02107	0.02867	0.01909	0.02689	0.01534	0.01446	0.05712	0.00419	0.01421	0.00935	0.00476	0.01293
51	0.01424	0.01068	0.01602	0.01602	0.01780	0.01246	0.01246	0.01780	0.01602	0.02314	0.02670	0.03916	0.02492	0.07477	0.61015	0.01602	0.02670	0.01068	0.00534	0.00890
52	0.01215	0.00868	0.01157	0.01388	0.01446	0.00810	0.00925	0.01388	0.01909	0.02545	0.05495	0.64315	0.06593	0.03123	0.01272	0.00405	0.00578	0.02834	0.00925	0.00810
53	0.01285	0.00996	0.01171	0.01165	0.01422	0.00881	0.00859	0.01624	0.02469	0.03250	0.30751	0.15481	0.30293	0.02385	0.01189	0.00335	0.00499	0.02062	0.01001	0.00881
54	0.02067	0.01772	0.02067	0.01477	0.02362	0.01329	0.01181	0.02510	0.02067	0.03248	0.01772	0.02067	0.01477	0.00738	0.00738	0.00148	0.00738	0.00591	0.00591	0.71059
55	0.01469	0.01007	0.01280	0.01212	0.01446	0.00939	0.00909	0.01939	0.02726	0.03961	0.51029	0.06959	0.08510	0.01923	0.01113	0.00303	0.00470	0.01689	0.10177	0.00939
56	0.02308	0.02253	0.04034	0.12587	0.38819	0.02281	0.11675	0.02941	0.02251	0.03136	0.02148	0.03206	0.01857	0.01038	0.01050	0.00320	0.01266	0.04881	0.00522	0.01429
57	0.01437	0.01026	0.01412	0.01642	0.01797	0.01001	0.01312	0.01772	0.02128	0.02794	0.05372	0.34197	0.06108	0.02914	0.01332	0.00436	0.00771	0.30757	0.00921	0.00871
58	0.01620	0.01086	0.01356	0.01439	0.01633	0.01032	0.01016	0.05785	0.02226	0.06540	0.05689	0.49237	0.11955	0.02783	0.01223	0.00383	0.00627	0.02481	0.00951	0.00939
59	0.01432	0.01183	0.01923	0.05780	0.02332	0.01147	0.08180	0.01743	0.01997	0.02658	0.04783	0.48828	0.05530	0.02662	0.01249	0.00395	0.00793	0.05640	0.00838	0.00906
60	0.72007	0.01928	0.01465	0.01311	0.01928	0.02236	0.01080	0.02930	0.01697	0.04473	0.01388	0.01619	0.01080	0.00925	0.00617	0.00308	0.00771	0.00540	0.00617	0.01080
61	0.01946	0.02384	0.14336	0.12661	0.10534	0.01908	0.02185	0.02998	0.12172	0.03354	0.15585	0.04135	0.03735	0.06215	0.01345	0.00370	0.01013	0.01158	0.00715	0.01252
62	0.01268	0.00903	0.01195	0.01390	0.01469	0.00850	0.00952	0.01473	0.01978	0.02651	0.09415	0.53307	0.06590	0.06467	0.01484	0.00433	0.00613	0.05828	0.00920	0.00815
63	0.02067	0.01772	0.02067	0.01477	0.02362	0.01329	0.01181	0.02510	0.02067	0.03248	0.01772	0.02067	0.01477	0.00738	0.00738	0.00148	0.00738	0.00591	0.00591	0.71059
64	0.03184	0.10821	0.03377	0.05802	0.03316	0.02998	0.06030	0.32409	0.13393	0.04930	0.02495	0.02566	0.01848	0.01140	0.00968	0.00300	0.01097	0.00912	0.00855	0.01558
65	0.02478	0.06514	0.09779	0.06381	0.14380	0.01984	0.06232	0.03063	0.02222	0.09868	0.02047	0.02363	0.01572	0.00882	0.00887	0.00246	0.01056	0.00776	0.00602	0.26668
66	0.12449	0.02105	0.06160	0.02666	0.10467	0.01847	0.08373	0.03880	0.02482	0.30849	0.03048	0.03377	0.02188	0.01179	0.00992	0.00320	0.01027	0.04200	0.00896	0.01494
67	0.01245	0.00889	0.01192	0.01423	0.01494	0.00836	0.00979	0.01441	0.01939	0.02579	0.05478	0.60160	0.06526	0.03094	0.01281	0.00409	0.00605	0.06685	0.00925	0.00818
68	0.01278	0.00917	0.01192	0.01357	0.01456	0.00859	0.00935	0.01494	0.02023	0.02703	0.11728	0.47166	0.09274	0.07712	0.01556	0.00437	0.00613	0.05563	0.00920	0.00817
69	0.02483	0.11697	0.11332	0.06398	0.04069	0.02474	0.24713	0.03160	0.02297	0.09373	0.06391	0.02874	0.02142	0.01056	0.01169	0.00317	0.05100	0.01024	0.00603	0.01331
70	0.02535	0.02181	0.03796	0.19431	0.33509	0.02246	0.08673	0.03150	0.02276	0.09395	0.02097	0.02644	0.01609	0.00949	0.01012	0.00311	0.01238	0.00933	0.00565	0.01449
71	0.01513	0.01179	0.01692	0.01642	0.01775	0.01409	0.01259	0.01802	0.01572	0.02269	0.02585	0.04095	0.02522	0.15086	0.46486	0.01380	0.09230	0.01101	0.00533	0.00872
72	0.45872	0.05941	0.05894	0.02216	0.06913	0.02437	0.07797	0.02953	0.01849	0.03895	0.01517	0.01873	0.01206	0.00963	0.00905	0.00314	0.05040	0.00674	0.00560	0.01184

[dist]
# distance from previous block
# <min> <max>
0	2

[block]
# block no. 4 follows, 15 sequences, length 61
# corresponding to MSA columns:
# 317-377
name=unknown_E
#
# <colnr> <probs for GDERKNQSTAVLIFYWHMCP>
#	G	D	E	R	K	N	Q	S	T	A	V	L	I	F	Y	W	H	M	C	P
0	0.01215	0.00868	0.01157	0.01388	0.01446	0.00810	0.00925	0.01388	0.01909	0.02545	0.05495	0.64315	0.06593	0.03123	0.01272	0.00405	0.00578	0.02834	0.00925	0.00810
1	0.07290	0.08155	0.07019	0.10479	0.09399	0.02649	0.11855	0.06191	0.12987	0.03394	0.02195	0.02580	0.01717	0.01106	0.01240	0.00328	0.08530	0.00921	0.00610	0.01357
2	0.02133	0.08457	0.37825	0.02934	0.04198	0.02375	0.15031	0.03088	0.02152	0.03118	0.01811	0.02199	0.01343	0.00895	0.00957	0.00296	0.01418	0.00808	0.00458	0.08504
3	0.01430	0.01046	0.01491	0.01491	0.01631	0.01186	0.01108	0.01709	0.01569	0.02232	0.02772	0.04479	0.02736	0.19872	0.48953	0.01465	0.02303	0.01150	0.00549	0.00828
4	0.02177	0.03330	0.28931	0.06360	0.03758	0.02027	0.09073	0.06578	0.02515	0.06930	0.14713	0.03514	0.03237	0.01218	0.01037	0.00317	0.01199	0.01068	0.00674	0.01343
5	0.02333	0.21053	0.14113	0.01875	0.02840	0.06080	0.01861	0.02866	0.02111	0.02918	0.01649	0.01922	0.01366	0.00830	0.00760	0.00206	0.01042	0.00605	0.00506	0.33065
6	0.01301	0.01017	0.01186	0.01195	0.01469	0.00902	0.00910	0.01642	0.02441	0.03160	0.25928	0.12428	0.33341	0.02416	0.01202	0.00344	0.00536	0.06716	0.00984	0.00881
7	0.02156	0.01462	0.02067	0.17042	0.06705	0.01525	0.01649	0.02788	0.05688	0.11729	0.15050	0.05176	0.09676	0.01548	0.01047	0.00321	0.00838	0.04435	0.07936	0.01163
8	0.02515	0.08658	0.19924	0.08645	0.03912	0.02258	0.11885	0.06829	0.02442	0.11222	0.02851	0.03483	0.05050	0.01198	0.01020	0.00321	0.01250	0.04512	0.00658	0.01369
9	0.04473	0.01697	0.02313	0.01774	0.02545	0.01465	0.01465	0.04858	0.02853	0.59437	0.03933	0.03393	0.02468	0.01234	0.01003	0.00308	0.00848	0.01003	0.01234	0.01697
10	0.01496	0.01073	0.01461	0.01573	0.01789	0.01038	0.01290	0.01934	0.02462	0.03332	0.25584	0.14584	0.07220	0.02513	0.01290	0.00398	0.00716	0.28343	0.00987	0.00917
11	0.02595	0.01992	0.03353	0.30196	0.21236	0.02132	0.05939	0.03195	0.02267	0.14001	0.02244	0.02748	0.01639	0.01001	0.01006	0.00317	0.01214	0.00928	0.00618	0.01378
12	0.06640	0.02631	0.09890	0.09940	0.03602	0.05632	0.06903	0.12916	0.08665	0.09000	0.02656	0.03466	0.02129	0.01296	0.01159	0.00336	0.04924	0.06099	0.00745	0.01369
13	0.72007	0.01928	0.01465	0.01311	0.01928	0.02236	0.01080	0.02930	0.01697	0.04473	0.01388	0.01619	0.01080	0.00925	0.00617	0.00308	0.00771	0.00540	0.00617	0.01080
14	0.02954	0.41622	0.04443	0.02366	0.08420	0.12838	0.01902	0.09627	0.02507	0.02939	0.01585	0.01817	0.01362	0.00927	0.00761	0.00239	0.01199	0.00632	0.00518	0.01341
15	0.01731	0.01063	0.01398	0.01385	0.01636	0.00972	0.01033	0.02083	0.02470	0.10342	0.28559	0.25458	0.10170	0.02356	0.01198	0.00352	0.00582	0.05188	0.01039	0.00987
16	0.19899	0.01980	0.02985	0.23612	0.10159	0.02151	0.08974	0.03167	0.02139	0.12699	0.02080	0.02506	0.01508	0.00987	0.00925	0.00319	0.01140	0.00857	0.00632	0.01280
17	0.06388	0.01195	0.01560	0.01870	0.06779	0.01195	0.01221	0.01998	0.05617	0.03027	0.10133	0.40919	0.05752	0.02517	0.01182	0.00379	0.00673	0.05741	0.00888	0.00969
18	0.01290	0.00899	0.01134	0.01291	0.01331	0.00860	0.00822	0.01408	0.01761	0.02348	0.04737	0.45721	0.05638	0.23021	0.02496	0.00586	0.00703	0.02389	0.00822	0.00744
19	0.02577	0.19352	0.08887	0.02118	0.02667	0.21607	0.01851	0.02920	0.02222	0.02508	0.02378	0.15633	0.02457	0.01505	0.01142	0.00301	0.07044	0.01130	0.00566	0.01137
20	0.02732	0.22901	0.03983	0.16144	0.07058	0.02928	0.07461	0.11635	0.05980	0.06981	0.02060	0.02376	0.01586	0.00998	0.00899	0.00285	0.01168	0.00825	0.00623	0.01377
21	0.03476	0.01856	0.02207	0.01803	0.02458	0.01863	0.01453	0.10558	0.17870	0.30892	0.04087	0.03738	0.05693	0.01330	0.00994	0.00312	0.00815	0.01081	0.05953	0.01562
22	0.01304	0.00931	0.01259	0.01490	0.01587	0.00887	0.01081	0.01543	0.01997	0.02645	0.05445	0.52203	0.06398	0.03039	0.01296	0.00417	0.00656	0.14063	0.00924	0.00834
23	0.06936	0.10987	0.27858	0.02707	0.07445	0.02416	0.06306	0.06822	0.02405	0.13700	0.02172	0.02337	0.01543	0.00992	0.00923	0.00301	0.01237	0.00801	0.00631	0.01480
24	0.02835	0.06629	0.13581	0.08566	0.08332	0.02130	0.02170	0.09427	0.06470	0.17331	0.06275	0.06720	0.02601	0.01268	0.00994	0.00312	0.01045	0.01057	0.00810	0.01447
25	0.07104	0.02900	0.03612	0.08985	0.03831	0.18854	0.18990	0.03064	0.02209	0.02774	0.01820	0.02641	0.01564	0.06834	0.01689	0.00383	0.10155	0.00937	0.00507	0.01148
26	0.02320	0.02966	0.12450	0.04226	0.10540	0.02480	0.43389	0.03175	0.02313	0.03195	0.01974	0.02593	0.01488	0.00859	0.01128	0.00330	0.01604	0.01092	0.00493	0.01385
27	0.01971	0.01295	0.01551	0.01403	0.01727	0.01269	0.01049	0.08692	0.02553	0.09075	0.18761	0.09772	0.15430	0.13075	0.07392	0.00551	0.00889	0.01601	0.00920	0.01024
28	0.02251	0.01840	0.02659	0.37546	0.05037	0.02163	0.02235	0.06867	0.12630	0.06876	0.07482	0.03318	0.02479	0.01187	0.01017	0.00328	0.01103	0.01022	0.00699	0.01260
29	0.01428	0.00957	0.01094	0.01115	0.01121	0.00952	0.00634	0.01444	0.01493	0.01990	0.03361	0.11929	0.03902	0.59182	0.04718	0.00914	0.00930	0.01579	0.00634	0.00623
30	0.01238	0.01012	0.01093	0.01073	0.01384	0.00867	0.00805	0.01547	0.02415	0.03031	0.22562	0.09038	0.45668	0.02399	0.01178	0.00331	0.00496	0.02026	0.00970	0.00867
31	0.02188	0.02253	0.04398	0.19285	0.15819	0.02289	0.26723	0.02900	0.02240	0.03022	0.02221	0.03411	0.01860	0.01063	0.01112	0.00338	0.01425	0.05641	0.00524	0.01291
32	0.02715	0.03247	0.22325	0.02886	0.03927	0.02287	0.17579	0.06608	0.10668	0.13648	0.02614	0.02762	0.01842	0.01043	0.01035	0.00323	0.01297	0.00978	0.00711	0.01504
33	0.72007	0.01928	0.01465	0.01311	0.01928	0.02236	0.01080	0.02930	0.01697	0.04473	0.01388	0.01619	0.01080	0.00925	0.00617	0.00308	0.00771	0.00540	0.00617	0.01080
34	0.02301	0.01959	0.02100	0.01925	0.02423	0.02237	0.01481	0.04739	0.48749	0.04008	0.07243	0.09596	0.03734	0.01557	0.01048	0.00343	0.00751	0.01325	0.01011	0.01470
35	0.01431	0.01041	0.01463	0.01463	0.01593	0.01170	0.01072	0.01691	0.01561	0.02211	0.02798	0.04622	0.02799	0.23044	0.45867	0.01430	0.02209	0.01171	0.00553	0.00813
36	0.01215	0.00868	0.01157	0.01388	0.01446	0.00810	0.00925	0.01388	0.01909	0.02545	0.05495	0.64315	0.06593	0.03123	0.01272	0.00405	0.00578	0.02834	0.00925	0.00810
37	0.01284	0.00930	0.01221	0.01388	0.01509	0.00867	0.00986	0.01539	0.02118	0.02832	0.14240	0.46236	0.10315	0.02873	0.01261	0.00391	0.00591	0.07623	0.00952	0.00844
38	0.01257	0.00892	0.01166	0.01345	0.01414	0.00838	0.00894	0.01440	0.01947	0.02618	0.10186	0.53121	0.06555	0.09308	0.01650	0.00453	0.00608	0.02597	0.00909	0.00801
39	0.02099	0.14209	0.51621	0.02671	0.04051	0.02559	0.03387	0.03131	0.02093	0.03035	0.01729	0.02029	0.01265	0.00933	0.00901	0.00300	0.01412	0.00706	0.00422	0.01444
40	0.02355	0.02255	0.03844	0.16914	0.48825	0.02339	0.03004	0.02961	0.02217	0.03121	0.01855	0.02504	0.01531	0.00909	0.00989	0.00303	0.01212	0.00888	0.00484	0.01489
41	0.01215	0.00868	0.01157	0.01388	0.01446	0.00810	0.00925	0.01388	0.01909	0.02545	0.05495	0.64315	0.06593	0.03123	0.01272	0.00405	0.00578	0.02834	0.00925	0.00810
42	0.01999	0.01986	0.03672	0.40097	0.09719	0.02213	0.15800	0.02671	0.02097	0.02758	0.02078	0.06587	0.01728	0.01086	0.01059	0.00335	0.01359	0.01083	0.00493	0.01181
43	0.01726	0.01869	0.06808	0.01751	0.02051	0.09464	0.01435	0.02083	0.02156	0.02752	0.09213	0.31622	0.05093	0.02944	0.07483	0.00500	0.01082	0.08219	0.00796	0.00952
44	0.02970	0.01679	0.02058	0.01727	0.02257	0.01672	0.01372	0.16583	0.03027	0.21964	0.10034	0.12441	0.07529	0.02298	0.07170	0.00453	0.00995	0.01399	0.01022	0.01349
45	0.02101	0.01153	0.01498	0.01331	0.01678	0.01050	0.01026	0.02553	0.02754	0.15644	0.41201	0.06214	0.07249	0.01780	0.01091	0.00304	0.00549	0.01546	0.08181	0.01099
46	0.01368	0.00993	0.01353	0.01409	0.01577	0.01034	0.01045	0.01682	0.01913	0.02684	0.10291	0.21807	0.09458	0.04823	0.28552	0.00926	0.01510	0.01731	0.04973	0.00871
47	0.01883	0.01772	0.02990	0.62569	0.06866	0.02215	0.02769	0.02547	0.01993	0.02547	0.01772	0.02658	0.01329	0.00997	0.00997	0.00332	0.01329	0.00886	0.00443	0.01107
48	0.02142	0.01932	0.02670	0.36257	0.05009	0.02330	0.02251	0.03742	0.25877	0.03253	0.02765	0.03119	0.02074	0.01151	0.01004	0.00335	0.01094	0.00991	0.00691	0.01312
49	0.01215	0.00868	0.01157	0.01388	0.01446	0.00810	0.00925	0.01388	0.01909	0.02545	0.05495	0.64315	0.06593	0.03123	0.01272	0.00405	0.00578	0.02834	0.00925	0.00810
50	0.01371	0.00948	0.01096	0.01149	0.01193	0.00919	0.00692	0.01434	0.01631	0.02144	0.04329	0.20000	0.09419	0.45012	0.03842	0.00779	0.00835	0.01827	0.00707	0.00673
51	0.02097	0.01997	0.03448	0.31311	0.26131	0.02180	0.06395	0.02729	0.02199	0.02995	0.06928	0.03020	0.02167	0.01038	0.01022	0.00317	0.01221	0.00990	0.00526	0.01290
52	0.02489	0.02241	0.03850	0.09431	0.45592	0.02243	0.06093	0.03083	0.02318	0.06637	0.04753	0.02794	0.01994	0.00970	0.01010	0.00303	0.01170	0.00958	0.00565	0.01507
53	0.01594	0.01115	0.01327	0.01254	0.01528	0.01089	0.00946	0.02288	0.08147	0.03881	0.38983	0.06463	0.10366	0.01825	0.01065	0.00301	0.00504	0.01580	0.14745	0.00997
54	0.02921	0.01923	0.02551	0.02116	0.02457	0.02278	0.01744	0.08451	0.02387	0.19599	0.07614	0.03134	0.02513	0.01535	0.02039	0.00362	0.29328	0.01003	0.04740	0.01305
55	0.10240	0.01816	0.07675	0.01660	0.02283	0.01423	0.01453	0.03348	0.02429	0.28855	0.07769	0.14869	0.08609	0.01684	0.01032	0.00329	0.00799	0.01410	0.00993	0.01321
56	0.01336	0.00997	0.01243	0.01236	0.01449	0.00930	0.00901	0.01674	0.02369	0.03210	0.31373	0.15141	0.19105	0.07207	0.06869	0.00493	0.00726	0.01918	0.00950	0.00872
57	0.02437	0.02434	0.03294	0.02694	0.02983	0.08194	0.10583	0.06396	0.02055	0.02924	0.01697	0.02381	0.01479	0.01440	0.02318	0.00375	0.37420	0.00907	0.06824	0.01166
58	0.16310	0.01865	0.02548	0.10979	0.12666	0.01869	0.01850	0.03867	0.02418	0.31605	0.02804	0.02802	0.01898	0.01084	0.00927	0.00310	0.00959	0.00881	0.00881	0.01479
59	0.02215	0.04127	0.41982	0.06398	0.04224	0.02168	0.08537	0.03198	0.02236	0.08261	0.05531	0.02648	0.01910	0.01033	0.00993	0.00318	0.01367	0.00881	0.00547	0.01425
60	0.02006	0.05374	0.02463	0.02528	0.11266	0.01632	0.05332	0.02553	0.05699	0.06418	0.03930	0.17250	0.04074	0.08414	0.01565	0.00433	0.00951	0.16209	0.00787	0.01115

[dist]
# distance from previous block
# <min> <max>
0	1

[block]
# block no. 5 follows, 15 sequences, length 18
# corresponding to MSA columns:
# 379-396
name=unknown_F
#
# <colnr> <probs for GDERKNQSTAVLIFYWHMCP>
#	G	D	E	R	K	N	Q	S	T	A	V	L	I	F	Y	W	H	M	C	P
0	0.10134	0.12236	0.25555	0.02371	0.03301	0.20358	0.02464	0.03279	0.02240	0.02925	0.01671	0.02003	0.01326	0.01351	0.04478	0.00361	0.01516	0.00680	0.00478	0.01274
1	0.02242	0.01766	0.02085	0.01498	0.02376	0.01339	0.01202	0.02681	0.02124	0.07340	0.01929	0.02164	0.01549	0.00774	0.00758	0.00159	0.00746	0.00621	0.00637	0.66009
2	0.08627	0.09209	0.12088	0.01962	0.02798	0.02029	0.01874	0.04080	0.02473	0.36399	0.02954	0.02782	0.01967	0.01155	0.01070	0.00307	0.04910	0.00866	0.00917	0.01532
3	0.02467	0.02369	0.04046	0.06119	0.58747	0.02369	0.03059	0.03059	0.02270	0.03257	0.01875	0.02467	0.01579	0.00888	0.00987	0.00296	0.01184	0.00888	0.00493	0.01579
4	0.09539	0.01724	0.02329	0.09197	0.03026	0.01619	0.01594	0.04421	0.02656	0.48074	0.03465	0.03161	0.02217	0.01180	0.00971	0.00311	0.00901	0.00951	0.01088	0.01575
5	0.03055	0.03087	0.02696	0.02370	0.02778	0.24443	0.01865	0.03956	0.16032	0.08373	0.02338	0.02540	0.01846	0.01328	0.01598	0.00332	0.18517	0.00863	0.00687	0.01296
6	0.02353	0.02689	0.05882	0.04202	0.05210	0.02521	0.55126	0.03193	0.02353	0.03193	0.02017	0.02689	0.01513	0.00840	0.01176	0.00336	0.01681	0.01176	0.00504	0.01345
7	0.01323	0.00992	0.01226	0.01217	0.01448	0.00895	0.00894	0.01692	0.02540	0.03446	0.38027	0.17250	0.20727	0.02332	0.01192	0.00334	0.00496	0.02044	0.01028	0.00895
8	0.02606	0.02204	0.02473	0.02178	0.08469	0.06435	0.01550	0.09860	0.02542	0.06751	0.01969	0.02206	0.01557	0.00866	0.00827	0.00201	0.00924	0.00690	0.00665	0.45028
9	0.01230	0.00879	0.01171	0.01378	0.01449	0.00820	0.00927	0.01427	0.01980	0.02659	0.09637	0.59847	0.06814	0.03038	0.01265	0.00398	0.00570	0.02753	0.00939	0.00820
10	0.03446	0.06710	0.08562	0.01885	0.02662	0.01818	0.01712	0.03906	0.02510	0.35077	0.05831	0.03076	0.02396	0.01197	0.01128	0.00293	0.05863	0.00921	0.00940	0.10067
