[name]
unknown

[dist]
# distance from previous block
# <min> <max>
0	161

[block]
# block no. 0 follows, 15 sequences, length 23
# corresponding to MSA columns:
# 170-192
name=unknown_A
#
# <colnr> <probs for GDERKNQSTAVLIFYWHMCP>
#	G	D	E	R	K	N	Q	S	T	A	V	L	I	F	Y	W	H	M	C	P
0	0.01606	0.01147	0.01606	0.01836	0.02065	0.01147	0.01606	0.02065	0.02295	0.02983	0.05278	0.11245	0.05737	0.02754	0.01377	0.00459	0.00918	0.52037	0.00918	0.00918
1	0.02480	0.02141	0.02254	0.02029	0.02592	0.02480	0.01578	0.05297	0.56946	0.04170	0.04057	0.03719	0.03043	0.01352	0.01014	0.00338	0.00789	0.01127	0.01014	0.01578
2	0.02713	0.02238	0.04454	0.03244	0.04094	0.02081	0.36497	0.03408	0.02417	0.14697	0.02581	0.02978	0.01855	0.00966	0.01073	0.00316	0.01339	0.01106	0.10586	0.01357
3	0.02236	0.21760	0.38473	0.02438	0.03642	0.02789	0.02908	0.03334	0.07839	0.03036	0.01914	0.02133	0.01454	0.00963	0.00868	0.00289	0.01287	0.00721	0.00485	0.01430
4	0.01732	0.00866	0.01299	0.01299	0.01299	0.00866	0.00866	0.01299	0.01299	0.01732	0.01732	0.03030	0.01732	0.03463	0.03896	0.70996	0.00866	0.00866	0.00433	0.00433
5	0.02791	0.58345	0.04939	0.01808	0.02621	0.10714	0.01732	0.03103	0.02121	0.02357	0.01404	0.01623	0.01280	0.00874	0.00670	0.00218	0.01153	0.00546	0.00437	0.01265
6	0.03048	0.03846	0.30234	0.02534	0.03624	0.09303	0.05260	0.06736	0.02570	0.19587	0.02427	0.02486	0.01652	0.01049	0.00971	0.00306	0.01320	0.00833	0.00705	0.01506
7	0.02068	0.01799	0.02260	0.14377	0.02985	0.08017	0.01716	0.02137	0.01674	0.02170	0.01663	0.02658	0.01536	0.02480	0.05795	0.27829	0.16692	0.00859	0.00450	0.00835
8	0.72007	0.01928	0.01465	0.01311	0.01928	0.02236	0.01080	0.02930	0.01697	0.04473	0.01388	0.01619	0.01080	0.00925	0.00617	0.00308	0.00771	0.00540	0.00617	0.01080
9	0.02615	0.01402	0.01859	0.01792	0.06123	0.01319	0.01277	0.03224	0.06342	0.21862	0.25202	0.04997	0.05201	0.01525	0.01029	0.00301	0.00667	0.01309	0.10681	0.01274
10	0.01944	0.01835	0.03101	0.56644	0.12312	0.02231	0.02799	0.02601	0.02022	0.02622	0.01783	0.02638	0.01355	0.00985	0.00996	0.00328	0.01314	0.00886	0.00448	0.01157
11	0.01504	0.01231	0.01622	0.01547	0.01703	0.01349	0.01180	0.01828	0.02276	0.03179	0.28654	0.19503	0.12613	0.02278	0.01644	0.00363	0.13824	0.01874	0.00898	0.00931
12	0.02400	0.01761	0.02101	0.01518	0.02388	0.01348	0.01220	0.02835	0.02176	0.11013	0.02070	0.02250	0.01614	0.00807	0.00775	0.00170	0.00753	0.00648	0.00680	0.61475
13	0.01210	0.00885	0.01139	0.01342	0.01434	0.00814	0.00905	0.01393	0.01953	0.02563	0.06058	0.57615	0.12929	0.03050	0.01261	0.00397	0.00569	0.02745	0.00925	0.00814
14	0.02640	0.02221	0.02344	0.02061	0.02653	0.02554	0.01617	0.11434	0.50548	0.04429	0.03854	0.03557	0.02878	0.01333	0.01012	0.00333	0.00827	0.01099	0.01012	0.01592
15	0.01382	0.01018	0.01293	0.01224	0.01472	0.00928	0.00918	0.01826	0.02755	0.03838	0.52329	0.07709	0.15397	0.02098	0.01176	0.00316	0.00475	0.01840	0.01076	0.00928
16	0.01242	0.00888	0.01181	0.01370	0.01452	0.00828	0.00927	0.01456	0.02035	0.02746	0.12780	0.56457	0.06982	0.02973	0.01259	0.00392	0.00563	0.02692	0.00949	0.00828
17	0.01702	0.00876	0.01277	0.01277	0.01277	0.00876	0.00838	0.01315	0.01315	0.01753	0.01880	0.03397	0.01930	0.09919	0.04020	0.63645	0.00876	0.00927	0.00451	0.00451
18	0.01253	0.00993	0.01127	0.01135	0.01403	0.00867	0.00835	0.01560	0.02387	0.03063	0.23866	0.16513	0.36545	0.02462	0.01190	0.00339	0.00505	0.02115	0.00977	0.00867
19	0.02665	0.65565	0.05224	0.01706	0.02559	0.03945	0.01706	0.02985	0.02026	0.02345	0.01386	0.01599	0.01279	0.00853	0.00640	0.00213	0.01066	0.00533	0.00426	0.01279
20	0.20674	0.34364	0.14177	0.01862	0.02748	0.06453	0.01920	0.03059	0.02000	0.03055	0.01470	0.01709	0.01225	0.00899	0.00705	0.00259	0.01106	0.00579	0.00480	0.01256
21	0.01935	0.01226	0.01126	0.01096	0.01350	0.05400	0.00822	0.02385	0.02246	0.03660	0.10720	0.04089	0.03407	0.01273	0.00778	0.00245	0.00565	0.01029	0.55699	0.00948
22	0.02251	0.03214	0.19358	0.07979	0.14420	0.02421	0.29302	0.03119	0.02251	0.03153	0.01917	0.02497	0.01447	0.00887	0.01072	0.00324	0.01517	0.00993	0.00477	0.01403

[dist]
# distance from previous block
# <min> <max>
0	10

[block]
# block no. 1 follows, 15 sequences, length 7
# corresponding to MSA columns:
# 203-209
name=unknown_B
#
# <colnr> <probs for GDERKNQSTAVLIFYWHMCP>
#	G	D	E	R	K	N	Q	S	T	A	V	L	I	F	Y	W	H	M	C	P
0	0.01386	0.01018	0.01298	0.01228	0.01474	0.00930	0.00921	0.01833	0.02763	0.03857	0.53032	0.07678	0.14683	0.02090	0.01176	0.00316	0.00474	0.01835	0.01079	0.00930
1	0.01488	0.01115	0.01398	0.01350	0.01619	0.01067	0.01041	0.02109	0.06727	0.03769	0.43606	0.07798	0.13493	0.02114	0.01186	0.00333	0.00546	0.07210	0.01054	0.00975
2	0.20624	0.02171	0.03688	0.18651	0.04582	0.02284	0.23024	0.03083	0.02125	0.07705	0.01936	0.02455	0.01425	0.00934	0.00969	0.00326	0.01286	0.00920	0.00574	0.01240
3	0.01966	0.01350	0.01863	0.10996	0.02578	0.01422	0.01408	0.02380	0.02431	0.11325	0.25883	0.08945	0.12941	0.01855	0.01355	0.00337	0.07440	0.01542	0.00910	0.01071
4	0.02469	0.02333	0.03767	0.05482	0.50004	0.02386	0.02829	0.03408	0.10783	0.03399	0.02215	0.02662	0.01807	0.00961	0.00991	0.00303	0.01123	0.00925	0.00575	0.01579
5	0.13233	0.02013	0.02149	0.05523	0.02690	0.02334	0.01555	0.07118	0.36613	0.04046	0.03274	0.03277	0.02506	0.01876	0.07027	0.00459	0.01026	0.01003	0.00869	0.01409
6	0.02515	0.11413	0.09420	0.18514	0.04117	0.02367	0.06091	0.07046	0.02329	0.09182	0.01997	0.02384	0.01504	0.00990	0.01014	0.00281	0.04002	0.00803	0.00596	0.13434

[dist]
# distance from previous block
# <min> <max>
0	1

[block]
# block no. 2 follows, 15 sequences, length 48
# corresponding to MSA columns:
# 211-258
name=unknown_C
#
# <colnr> <probs for GDERKNQSTAVLIFYWHMCP>
#	G	D	E	R	K	N	Q	S	T	A	V	L	I	F	Y	W	H	M	C	P
0	0.14538	0.17362	0.27939	0.02128	0.03205	0.02510	0.02405	0.03231	0.02097	0.09442	0.01867	0.02050	0.01381	0.00942	0.00816	0.00281	0.01150	0.00679	0.00556	0.05422
1	0.02823	0.01972	0.02743	0.15304	0.17518	0.06014	0.02075	0.03307	0.02469	0.19486	0.09441	0.06893	0.03000	0.01289	0.01026	0.00313	0.01039	0.01126	0.00798	0.01365
2	0.02336	0.16512	0.28967	0.02530	0.03410	0.08131	0.02737	0.03000	0.02004	0.02733	0.01561	0.01995	0.01280	0.01142	0.01483	0.00321	0.17395	0.00722	0.00434	0.01306
3	0.72007	0.01928	0.01465	0.01311	0.01928	0.02236	0.01080	0.02930	0.01697	0.04473	0.01388	0.01619	0.01080	0.00925	0.00617	0.00308	0.00771	0.00540	0.00617	0.01080
4	0.01451	0.01106	0.01657	0.05387	0.02065	0.01271	0.01305	0.01840	0.01771	0.02529	0.09203	0.04256	0.03239	0.06425	0.50150	0.01370	0.02325	0.01144	0.00595	0.00910
5	0.02678	0.16772	0.02893	0.01897	0.02481	0.05974	0.01552	0.07726	0.26814	0.06752	0.03057	0.06167	0.02487	0.01465	0.01166	0.06005	0.00932	0.01008	0.00810	0.01367
6	0.04392	0.01827	0.02394	0.01835	0.02610	0.01658	0.01516	0.10856	0.03071	0.53132	0.03750	0.03275	0.02376	0.01229	0.01002	0.00307	0.00878	0.00990	0.01206	0.01696
7	0.01263	0.00905	0.01200	0.01355	0.01457	0.00842	0.00929	0.01509	0.02132	0.02900	0.18399	0.50396	0.07282	0.02858	0.01249	0.00383	0.00552	0.02582	0.00967	0.00842
8	0.02108	0.02216	0.04580	0.03430	0.04208	0.02089	0.39153	0.02836	0.02398	0.03251	0.09266	0.04779	0.03202	0.01324	0.01212	0.00355	0.01401	0.10322	0.00648	0.01221
9	0.01301	0.00948	0.01229	0.01335	0.01488	0.00877	0.00955	0.01599	0.02274	0.03076	0.23774	0.36987	0.12170	0.02680	0.01237	0.00371	0.00555	0.05298	0.00983	0.00863
10	0.63996	0.01900	0.01566	0.01366	0.02001	0.02145	0.01125	0.03159	0.01834	0.10993	0.01690	0.01830	0.01244	0.00962	0.00663	0.00308	0.00780	0.00595	0.00690	0.01153
11	0.03053	0.01575	0.01929	0.01605	0.02133	0.01567	0.01293	0.12729	0.02764	0.24236	0.03592	0.03692	0.05191	0.02356	0.11324	0.00515	0.01103	0.01034	0.16972	0.01337
12	0.72007	0.01928	0.01465	0.01311	0.01928	0.02236	0.01080	0.02930	0.01697	0.04473	0.01388	0.01619	0.01080	0.00925	0.00617	0.00308	0.00771	0.00540	0.00617	0.01080
13	0.03305	0.02024	0.02502	0.02030	0.02593	0.02206	0.01663	0.22451	0.03103	0.21068	0.02787	0.02991	0.02050	0.02595	0.13899	0.00593	0.08821	0.00962	0.00904	0.01453
14	0.02319	0.02217	0.03778	0.20441	0.45584	0.02330	0.02986	0.02929	0.02200	0.03077	0.01849	0.02516	0.01516	0.00916	0.00989	0.00305	0.01221	0.00888	0.00481	0.01459
15	0.02213	0.02109	0.03587	0.30659	0.36193	0.02302	0.02933	0.02837	0.02150	0.02948	0.01830	0.02550	0.01470	0.00935	0.00991	0.00312	0.01247	0.00887	0.00472	0.01374
16	0.02487	0.02571	0.12929	0.06034	0.03722	0.01878	0.15715	0.03158	0.02264	0.11775	0.02169	0.02472	0.01593	0.00891	0.00943	0.00260	0.01158	0.00847	0.00629	0.26504
17	0.02467	0.02369	0.04046	0.06119	0.58747	0.02369	0.03059	0.03059	0.02270	0.03257	0.01875	0.02467	0.01579	0.00888	0.00987	0.00296	0.01184	0.00888	0.00493	0.01579
18	0.08744	0.02265	0.03978	0.06726	0.03973	0.02279	0.29142	0.10934	0.02580	0.03832	0.02222	0.02729	0.01676	0.00969	0.01002	0.00309	0.01271	0.01014	0.13069	0.01285
19	0.01348	0.00990	0.01278	0.01369	0.01558	0.00920	0.01029	0.01687	0.02347	0.03150	0.24480	0.27405	0.14625	0.02596	0.01244	0.00373	0.00591	0.11148	0.00984	0.00879
20	0.03012	0.02496	0.02640	0.07900	0.03151	0.09309	0.01854	0.14590	0.22527	0.10025	0.02876	0.02912	0.02138	0.01284	0.01262	0.00329	0.08422	0.00958	0.00854	0.01463
21	0.16491	0.02009	0.02590	0.09701	0.16638	0.01973	0.01845	0.05808	0.02185	0.03595	0.01755	0.02161	0.01416	0.00870	0.00819	0.00247	0.00943	0.00705	0.00579	0.27669
22	0.07126	0.02168	0.02572	0.09155	0.03216	0.02282	0.01747	0.22797	0.08834	0.20705	0.02838	0.02785	0.01965	0.01152	0.00962	0.00299	0.00978	0.00909	0.00952	0.06556
23	0.02012	0.03665	0.32381	0.03078	0.04187	0.02164	0.20904	0.02928	0.02213	0.03161	0.05494	0.08486	0.02325	0.01179	0.01070	0.00331	0.01402	0.01147	0.00536	0.01336
24	0.02240	0.01456	0.02078	0.17868	0.03309	0.01550	0.01690	0.06778	0.02352	0.13032	0.03785	0.22224	0.03721	0.02276	0.04637	0.00436	0.01031	0.07566	0.00834	0.01136
25	0.63996	0.01900	0.01566	0.01366	0.02001	0.02145	0.01125	0.03159	0.01834	0.10993	0.01690	0.01830	0.01244	0.00962	0.00663	0.00308	0.00780	0.00595	0.00690	0.01153
26	0.01888	0.02119	0.09161	0.02188	0.02382	0.02263	0.01899	0.02187	0.01619	0.02411	0.02143	0.08103	0.02241	0.13511	0.07933	0.00610	0.34686	0.01134	0.00512	0.01010
27	0.01471	0.00973	0.01120	0.01120	0.01147	0.00987	0.00661	0.01527	0.01499	0.02067	0.03110	0.06150	0.03471	0.56621	0.09333	0.00975	0.01075	0.01389	0.04658	0.00646
28	0.01965	0.05028	0.07751	0.02237	0.08909	0.01498	0.04671	0.02414	0.02312	0.09207	0.13867	0.20342	0.11910	0.01925	0.01110	0.00334	0.00826	0.01710	0.00839	0.01144
29	0.03114	0.01922	0.03038	0.13926	0.24671	0.01908	0.02267	0.03583	0.02399	0.25093	0.02657	0.02893	0.01893	0.01179	0.01149	0.04061	0.01061	0.00931	0.00772	0.01483
30	0.07680	0.01656	0.02268	0.10344	0.02968	0.01677	0.01613	0.03722	0.02461	0.34735	0.06764	0.08238	0.02883	0.01430	0.01215	0.00331	0.06491	0.01143	0.00978	0.01401
31	0.56911	0.06009	0.02231	0.01941	0.06903	0.02375	0.05159	0.02963	0.01812	0.04147	0.01473	0.01765	0.01165	0.00912	0.00689	0.00303	0.00889	0.00614	0.00587	0.01152
32	0.01647	0.01240	0.01485	0.01410	0.01700	0.01224	0.01055	0.06846	0.07219	0.03771	0.32389	0.18370	0.13423	0.02181	0.01166	0.00335	0.00579	0.01908	0.01027	0.01023
33	0.08661	0.02082	0.02311	0.01727	0.02559	0.06421	0.04405	0.02831	0.02154	0.06180	0.01844	0.02109	0.01478	0.00811	0.00780	0.00191	0.00890	0.00646	0.00615	0.51308
34	0.01319	0.01004	0.01121	0.01142	0.01337	0.00900	0.00767	0.01483	0.01917	0.02445	0.06421	0.20237	0.26446	0.22654	0.02430	0.00545	0.00682	0.01976	0.00805	0.04371
35	0.02724	0.02239	0.03628	0.05123	0.45679	0.02228	0.02689	0.06471	0.02472	0.10075	0.02336	0.05715	0.01947	0.01062	0.01004	0.00303	0.01108	0.01001	0.00635	0.01561
36	0.02173	0.01907	0.03141	0.43852	0.15505	0.02263	0.02691	0.02771	0.02059	0.06229	0.01888	0.02631	0.01443	0.01053	0.01179	0.00333	0.06260	0.00893	0.00501	0.01227
37	0.08481	0.07245	0.09624	0.12548	0.15042	0.01999	0.02111	0.02706	0.02058	0.07591	0.02671	0.13706	0.02545	0.05936	0.01268	0.00367	0.01045	0.01206	0.00628	0.01223
38	0.01258	0.00901	0.01196	0.01358	0.01456	0.00839	0.00929	0.01497	0.02111	0.02866	0.17161	0.51731	0.07216	0.02883	0.01251	0.00385	0.00554	0.02606	0.00963	0.00839
39	0.03232	0.02079	0.05710	0.02241	0.07582	0.01941	0.01707	0.14681	0.09161	0.22028	0.02995	0.03045	0.02141	0.01450	0.01316	0.08688	0.00931	0.00947	0.06679	0.01446
40	0.01999	0.05157	0.59800	0.02841	0.04315	0.02315	0.03683	0.03157	0.02105	0.03157	0.01789	0.02105	0.01263	0.00947	0.00947	0.00316	0.01473	0.00737	0.00421	0.01473
41	0.01548	0.00944	0.01106	0.01106	0.01134	0.00944	0.00662	0.01526	0.01499	0.02109	0.02903	0.05568	0.03160	0.46428	0.04345	0.13369	0.00889	0.01284	0.08865	0.00612
42	0.01970	0.01878	0.03157	0.44741	0.05858	0.02090	0.08533	0.02615	0.02048	0.02749	0.01800	0.02554	0.01377	0.00932	0.00971	0.00299	0.01262	0.00866	0.00477	0.13822
43	0.01481	0.01111	0.01383	0.01299	0.01569	0.01060	0.00979	0.02127	0.07255	0.03907	0.49857	0.07312	0.12828	0.02021	0.01163	0.00317	0.00499	0.01771	0.01077	0.00985
44	0.03351	0.02574	0.02745	0.02205	0.02924	0.02886	0.01789	0.38623	0.22201	0.05575	0.02951	0.02838	0.02147	0.01249	0.01003	0.00312	0.00994	0.00974	0.01003	0.01656
45	0.02389	0.03020	0.22704	0.07733	0.03708	0.01870	0.06593	0.03126	0.02207	0.11060	0.02102	0.02371	0.01531	0.00913	0.00907	0.00261	0.01140	0.00774	0.00601	0.24990
46	0.02549	0.55153	0.04610	0.01619	0.02418	0.03485	0.01577	0.02891	0.02034	0.02534	0.01582	0.01824	0.01409	0.00873	0.00652	0.00210	0.00988	0.00573	0.06766	0.06252
47	0.16015	0.01768	0.02162	0.01712	0.02441	0.01671	0.01407	0.04556	0.06532	0.45963	0.03502	0.03110	0.02269	0.01189	0.00937	0.00311	0.00831	0.00931	0.01111	0.01581

[dist]
# distance from previous block
# <min> <max>
0	30

[block]
# block no. 3 follows, 15 sequences, length 59
# corresponding to MSA columns:
# 289-347
name=unknown_D
#
# <colnr> <probs for GDERKNQSTAVLIFYWHMCP>
#	G	D	E	R	K	N	Q	S	T	A	V	L	I	F	Y	W	H	M	C	P
0	0.01407	0.01351	0.05936	0.01460	0.01747	0.01077	0.01170	0.01920	0.05752	0.03112	0.20036	0.32949	0.13371	0.02464	0.01191	0.00360	0.00624	0.02183	0.00938	0.00952
1	0.01247	0.00895	0.01206	0.01395	0.01476	0.00855	0.00952	0.01458	0.01955	0.02639	0.09373	0.55069	0.06485	0.03386	0.06033	0.00493	0.00737	0.02613	0.00908	0.00826
2	0.02260	0.01839	0.02251	0.01899	0.06887	0.01493	0.01373	0.02865	0.05649	0.06459	0.02048	0.02279	0.01641	0.00817	0.00791	0.00181	0.00783	0.00672	0.00646	0.57166
3	0.02012	0.01275	0.01639	0.01410	0.01852	0.01107	0.01106	0.02463	0.02649	0.12159	0.35962	0.06014	0.06604	0.01706	0.01077	0.00289	0.00606	0.04395	0.01009	0.14665
4	0.72007	0.01928	0.01465	0.01311	0.01928	0.02236	0.01080	0.02930	0.01697	0.04473	0.01388	0.01619	0.01080	0.00925	0.00617	0.00308	0.00771	0.00540	0.00617	0.01080
5	0.02407	0.02387	0.06939	0.02162	0.02733	0.02533	0.01816	0.04790	0.46137	0.03884	0.03557	0.03412	0.02700	0.01366	0.01271	0.00348	0.08080	0.01066	0.00900	0.01513
6	0.02772	0.02584	0.17785	0.02309	0.06526	0.01748	0.02129	0.03390	0.02436	0.22075	0.10099	0.03843	0.03058	0.01328	0.01146	0.00315	0.04642	0.04237	0.00832	0.06747
7	0.01224	0.00953	0.01112	0.01196	0.01406	0.00842	0.00850	0.01473	0.02197	0.02805	0.14590	0.31628	0.30759	0.02704	0.01216	0.00361	0.00530	0.02362	0.00948	0.00842
8	0.21952	0.06502	0.02466	0.13367	0.03288	0.07167	0.01722	0.07139	0.19687	0.03825	0.02391	0.02550	0.01823	0.01096	0.00865	0.00311	0.01006	0.00824	0.00715	0.01304
9	0.08834	0.01711	0.02259	0.01744	0.02505	0.01515	0.01440	0.04734	0.02779	0.55887	0.03769	0.03279	0.02378	0.01214	0.00978	0.00308	0.00843	0.00973	0.01194	0.01657
10	0.09220	0.02452	0.02495	0.01989	0.02715	0.11065	0.01613	0.16962	0.03212	0.33568	0.02999	0.02771	0.01993	0.01170	0.00957	0.00298	0.01049	0.00887	0.01019	0.01567
11	0.02076	0.01986	0.02783	0.02428	0.02433	0.02725	0.01990	0.02242	0.01538	0.02360	0.01649	0.06835	0.01731	0.01975	0.03170	0.05689	0.53881	0.01017	0.00472	0.01021
12	0.01448	0.00974	0.01127	0.01127	0.01141	0.00988	0.00654	0.01475	0.01462	0.01963	0.03104	0.06321	0.03536	0.60491	0.09428	0.01016	0.01099	0.01420	0.00599	0.00626
13	0.02219	0.01319	0.01656	0.01466	0.01831	0.01268	0.01116	0.05935	0.06218	0.14793	0.32716	0.09826	0.06509	0.06878	0.01438	0.00371	0.00651	0.01587	0.01062	0.01141
14	0.03963	0.01713	0.02261	0.01711	0.02506	0.01436	0.01405	0.04360	0.02687	0.47525	0.03475	0.03112	0.02258	0.01129	0.00946	0.00274	0.00825	0.00915	0.01097	0.16401
15	0.72007	0.01928	0.01465	0.01311	0.01928	0.02236	0.01080	0.02930	0.01697	0.04473	0.01388	0.01619	0.01080	0.00925	0.00617	0.00308	0.00771	0.00540	0.00617	0.01080
16	0.02353	0.02689	0.05882	0.04202	0.05210	0.02521	0.55126	0.03193	0.02353	0.03193	0.02017	0.02689	0.01513	0.00840	0.01176	0.00336	0.01681	0.01176	0.00504	0.01345
17	0.01670	0.01439	0.01902	0.13867	0.02808	0.05321	0.01522	0.02040	0.01743	0.02325	0.02470	0.03827	0.02311	0.12423	0.38513	0.01185	0.02146	0.01048	0.00523	0.00918
18	0.01396	0.01007	0.01319	0.01264	0.01486	0.00931	0.00939	0.01844	0.02752	0.03887	0.54190	0.11794	0.09191	0.02121	0.01183	0.00321	0.00479	0.01882	0.01084	0.00931
19	0.02665	0.65565	0.05224	0.01706	0.02559	0.03945	0.01706	0.02985	0.02026	0.02345	0.01386	0.01599	0.01279	0.00853	0.00640	0.00213	0.01066	0.00533	0.00426	0.01279
20	0.01381	0.01018	0.01291	0.01223	0.01471	0.00928	0.00917	0.01823	0.02751	0.03830	0.52022	0.07723	0.15710	0.02101	0.01176	0.00317	0.00475	0.01842	0.01075	0.00928
21	0.07070	0.02240	0.03355	0.02620	0.03338	0.02349	0.19080	0.07942	0.24328	0.07265	0.03025	0.03128	0.02244	0.01124	0.01017	0.00323	0.01083	0.01067	0.05966	0.01437
22	0.72007	0.01928	0.01465	0.01311	0.01928	0.02236	0.01080	0.02930	0.01697	0.04473	0.01388	0.01619	0.01080	0.00925	0.00617	0.00308	0.00771	0.00540	0.00617	0.01080
23	0.02077	0.01654	0.02059	0.05774	0.06147	0.01841	0.01499	0.03479	0.27714	0.03373	0.10571	0.03951	0.03404	0.02218	0.05544	0.14624	0.00944	0.01132	0.00807	0.01187
24	0.02728	0.02265	0.02394	0.02079	0.02687	0.02596	0.01638	0.14818	0.47020	0.04571	0.03741	0.03468	0.02787	0.01323	0.01011	0.00331	0.00847	0.01083	0.01011	0.01600
25	0.01986	0.01773	0.02584	0.03504	0.28087	0.01727	0.01925	0.06491	0.02441	0.03231	0.05381	0.09200	0.24228	0.01699	0.01081	0.00319	0.00872	0.01491	0.00731	0.01249
26	0.53212	0.01683	0.01478	0.01365	0.01851	0.01943	0.01094	0.02586	0.01648	0.03852	0.01657	0.02163	0.01397	0.02360	0.12275	0.06054	0.01137	0.00665	0.00587	0.00994
27	0.02467	0.02369	0.04046	0.06119	0.58747	0.02369	0.03059	0.03059	0.02270	0.03257	0.01875	0.02467	0.01579	0.00888	0.00987	0.00296	0.01184	0.00888	0.00493	0.01579
28	0.72007	0.01928	0.01465	0.01311	0.01928	0.02236	0.01080	0.02930	0.01697	0.04473	0.01388	0.01619	0.01080	0.00925	0.00617	0.00308	0.00771	0.00540	0.00617	0.01080
29	0.01450	0.00966	0.01087	0.01087	0.01087	0.00966	0.00604	0.01450	0.01450	0.01933	0.03141	0.06524	0.03624	0.64965	0.05074	0.00966	0.00966	0.01450	0.00604	0.00604
30	0.02841	0.02461	0.05061	0.03643	0.04597	0.02278	0.42777	0.03576	0.02468	0.16136	0.02458	0.02851	0.01732	0.00931	0.01136	0.00330	0.01489	0.01136	0.00672	0.01426
31	0.72007	0.01928	0.01465	0.01311	0.01928	0.02236	0.01080	0.02930	0.01697	0.04473	0.01388	0.01619	0.01080	0.00925	0.00617	0.00308	0.00771	0.00540	0.00617	0.01080
32	0.06884	0.01334	0.01584	0.01332	0.01809	0.01165	0.01030	0.02166	0.02490	0.03787	0.35424	0.05244	0.06178	0.01528	0.00990	0.00259	0.00581	0.01310	0.00895	0.24011
33	0.01606	0.01147	0.01606	0.01836	0.02065	0.01147	0.01606	0.02065	0.02295	0.02983	0.05278	0.11245	0.05737	0.02754	0.01377	0.00459	0.00918	0.52037	0.00918	0.00918
34	0.02422	0.02322	0.03964	0.10512	0.54709	0.02357	0.03037	0.03020	0.02248	0.03202	0.01867	0.02482	0.01560	0.00897	0.00988	0.00299	0.01196	0.00888	0.00490	0.01542
35	0.01883	0.01772	0.02990	0.62569	0.06866	0.02215	0.02769	0.02547	0.01993	0.02547	0.01772	0.02658	0.01329	0.00997	0.00997	0.00332	0.01329	0.00886	0.00443	0.01107
36	0.01732	0.00866	0.01299	0.01299	0.01299	0.00866	0.00866	0.01299	0.01299	0.01732	0.01732	0.03030	0.01732	0.03463	0.03896	0.70996	0.00866	0.00866	0.00433	0.00433
37	0.72007	0.01928	0.01465	0.01311	0.01928	0.02236	0.01080	0.02930	0.01697	0.04473	0.01388	0.01619	0.01080	0.00925	0.00617	0.00308	0.00771	0.00540	0.00617	0.01080
38	0.01450	0.00966	0.01087	0.01087	0.01087	0.00966	0.00604	0.01450	0.01450	0.01933	0.03141	0.06524	0.03624	0.64965	0.05074	0.00966	0.00966	0.01450	0.00604	0.00604
39	0.03536	0.02303	0.03153	0.03480	0.22532	0.02331	0.02172	0.21260	0.03266	0.21733	0.02689	0.02730	0.01894	0.01100	0.00995	0.00301	0.01050	0.00927	0.00893	0.01655
40	0.72007	0.01928	0.01465	0.01311	0.01928	0.02236	0.01080	0.02930	0.01697	0.04473	0.01388	0.01619	0.01080	0.00925	0.00617	0.00308	0.00771	0.00540	0.00617	0.01080
41	0.02043	0.02193	0.04596	0.03436	0.04186	0.02055	0.40375	0.02702	0.02232	0.03017	0.02963	0.19461	0.02895	0.01462	0.01203	0.00355	0.01381	0.01628	0.00619	0.01199
42	0.07414	0.01784	0.02021	0.01464	0.02329	0.01398	0.01173	0.02542	0.02039	0.03342	0.01743	0.02033	0.01446	0.00753	0.00729	0.00160	0.00741	0.00587	0.00593	0.65710
43	0.04473	0.01697	0.02313	0.01774	0.02545	0.01465	0.01465	0.04858	0.02853	0.59437	0.03933	0.03393	0.02468	0.01234	0.01003	0.00308	0.00848	0.01003	0.01234	0.01697
44	0.03621	0.02709	0.02897	0.02260	0.03027	0.03013	0.01854	0.48968	0.11416	0.06011	0.02608	0.02564	0.01869	0.01217	0.00999	0.00304	0.01057	0.00927	0.00999	0.01680
45	0.02181	0.02181	0.03053	0.02617	0.02617	0.03053	0.02181	0.02399	0.01527	0.02399	0.01309	0.02181	0.01309	0.01745	0.03272	0.00436	0.63141	0.00872	0.00436	0.01091
46	0.72007	0.01928	0.01465	0.01311	0.01928	0.02236	0.01080	0.02930	0.01697	0.04473	0.01388	0.01619	0.01080	0.00925	0.00617	0.00308	0.00771	0.00540	0.00617	0.01080
47	0.03071	0.03267	0.02375	0.02140	0.02626	0.33130	0.01626	0.03876	0.13294	0.07300	0.13656	0.03429	0.03353	0.01310	0.00985	0.00288	0.01264	0.00997	0.00782	0.01234
48	0.03259	0.02529	0.02693	0.02186	0.02889	0.02843	0.01766	0.35106	0.25868	0.05426	0.03068	0.02931	0.02242	0.01260	0.01004	0.00315	0.00972	0.00991	0.01004	0.01648
49	0.01722	0.01476	0.02328	0.03306	0.24671	0.01442	0.01790	0.02066	0.02055	0.02833	0.04028	0.39247	0.04561	0.02217	0.01157	0.00361	0.00824	0.02045	0.00750	0.01122
50	0.03624	0.02222	0.03072	0.03347	0.21180	0.02214	0.02109	0.18301	0.03170	0.26208	0.02829	0.02811	0.01961	0.01110	0.00996	0.00302	0.01028	0.00936	0.00925	0.01658
51	0.02181	0.02181	0.03053	0.02617	0.02617	0.03053	0.02181	0.02399	0.01527	0.02399	0.01309	0.02181	0.01309	0.01745	0.03272	0.00436	0.63141	0.00872	0.00436	0.01091
52	0.01883	0.01772	0.02990	0.62569	0.06866	0.02215	0.02769	0.02547	0.01993	0.02547	0.01772	0.02658	0.01329	0.00997	0.00997	0.00332	0.01329	0.00886	0.00443	0.01107
53	0.03953	0.01806	0.02388	0.06456	0.02874	0.01711	0.01586	0.11540	0.03042	0.43551	0.07563	0.03496	0.02785	0.01270	0.01014	0.00309	0.00892	0.01038	0.01130	0.01595
54	0.02503	0.01846	0.02401	0.01932	0.02457	0.01907	0.01593	0.02863	0.02048	0.13047	0.02269	0.03026	0.01917	0.01308	0.01666	0.00295	0.21294	0.04589	0.00680	0.30360
55	0.72007	0.01928	0.01465	0.01311	0.01928	0.02236	0.01080	0.02930	0.01697	0.04473	0.01388	0.01619	0.01080	0.00925	0.00617	0.00308	0.00771	0.00540	0.00617	0.01080
56	0.08268	0.02518	0.02759	0.02127	0.02908	0.02712	0.01757	0.41983	0.04131	0.16784	0.02637	0.02544	0.01810	0.01187	0.00974	0.00302	0.01027	0.00896	0.01020	0.01656
57	0.01522	0.01309	0.01339	0.01279	0.01676	0.01275	0.00974	0.02453	0.16729	0.03084	0.08501	0.08041	0.43720	0.02215	0.01135	0.00337	0.00580	0.01846	0.00949	0.01036
58	0.72007	0.01928	0.01465	0.01311	0.01928	0.02236	0.01080	0.02930	0.01697	0.04473	0.01388	0.01619	0.01080	0.00925	0.00617	0.00308	0.00771	0.00540	0.00617	0.01080

[dist]
# distance from previous block
# <min> <max>
0	1

[block]
# block no. 4 follows, 15 sequences, length 62
# corresponding to MSA columns:
# 349-410
name=unknown_E
#
# <colnr> <probs for GDERKNQSTAVLIFYWHMCP>
#	G	D	E	R	K	N	Q	S	T	A	V	L	I	F	Y	W	H	M	C	P
0	0.13741	0.03152	0.03335	0.02655	0.03369	0.24365	0.15942	0.03792	0.02535	0.14594	0.02134	0.02336	0.01556	0.01004	0.00952	0.00296	0.01419	0.00843	0.00674	0.01305
1	0.02330	0.01929	0.02129	0.22743	0.03617	0.09333	0.01715	0.08780	0.02453	0.03444	0.02418	0.02948	0.01866	0.01091	0.00862	0.00278	0.01010	0.00874	0.29072	0.01109
2	0.02663	0.02521	0.05221	0.04020	0.09372	0.02358	0.43107	0.03418	0.02417	0.11168	0.02276	0.02770	0.01654	0.00900	0.01136	0.00329	0.01521	0.01127	0.00607	0.01414
3	0.02761	0.60242	0.05035	0.01756	0.02604	0.03872	0.01722	0.07432	0.02251	0.02679	0.01471	0.01666	0.01315	0.00882	0.00670	0.00221	0.01069	0.00564	0.00475	0.01315
4	0.02067	0.01772	0.02067	0.01477	0.02362	0.01329	0.01181	0.02510	0.02067	0.03248	0.01772	0.02067	0.01477	0.00738	0.00738	0.00148	0.00738	0.00591	0.00591	0.71059
5	0.72007	0.01928	0.01465	0.01311	0.01928	0.02236	0.01080	0.02930	0.01697	0.04473	0.01388	0.01619	0.01080	0.00925	0.00617	0.00308	0.00771	0.00540	0.00617	0.01080
6	0.02210	0.02106	0.03582	0.30934	0.35940	0.02301	0.02932	0.02834	0.02148	0.02945	0.01830	0.02551	0.01469	0.00936	0.00991	0.00312	0.01248	0.00887	0.00471	0.01372
7	0.01396	0.01018	0.01312	0.01238	0.01480	0.00934	0.00929	0.01852	0.02786	0.03913	0.55109	0.07585	0.12570	0.02069	0.01176	0.00315	0.00473	0.01822	0.01086	0.00934
8	0.01638	0.00899	0.01228	0.01228	0.01228	0.00899	0.00779	0.01349	0.01349	0.01799	0.02202	0.04195	0.02363	0.23968	0.04289	0.47648	0.00899	0.01060	0.00490	0.00490
9	0.02438	0.02324	0.03900	0.05774	0.54563	0.02291	0.02920	0.03019	0.02255	0.03256	0.01867	0.02438	0.01571	0.00877	0.00968	0.00285	0.01151	0.00866	0.00501	0.06735
10	0.72007	0.01928	0.01465	0.01311	0.01928	0.02236	0.01080	0.02930	0.01697	0.04473	0.01388	0.01619	0.01080	0.00925	0.00617	0.00308	0.00771	0.00540	0.00617	0.01080
11	0.02467	0.02369	0.04046	0.06119	0.58747	0.02369	0.03059	0.03059	0.02270	0.03257	0.01875	0.02467	0.01579	0.00888	0.00987	0.00296	0.01184	0.00888	0.00493	0.01579
12	0.02467	0.02369	0.04046	0.06119	0.58747	0.02369	0.03059	0.03059	0.02270	0.03257	0.01875	0.02467	0.01579	0.00888	0.00987	0.00296	0.01184	0.00888	0.00493	0.01579
13	0.01479	0.01056	0.01460	0.01690	0.01863	0.01037	0.01384	0.01845	0.02169	0.02840	0.05349	0.28549	0.06016	0.02874	0.01343	0.00441	0.00807	0.35994	0.00920	0.00883
14	0.03014	0.01742	0.02164	0.01593	0.02434	0.01383	0.01293	0.03434	0.02377	0.25363	0.02622	0.02589	0.01867	0.00933	0.00842	0.00211	0.00782	0.00753	0.00844	0.43759
15	0.72007	0.01928	0.01465	0.01311	0.01928	0.02236	0.01080	0.02930	0.01697	0.04473	0.01388	0.01619	0.01080	0.00925	0.00617	0.00308	0.00771	0.00540	0.00617	0.01080
16	0.02008	0.01835	0.03006	0.30151	0.04646	0.02223	0.08903	0.02555	0.01947	0.02802	0.01956	0.02737	0.01565	0.01182	0.01501	0.00339	0.15746	0.00927	0.12868	0.01102
17	0.01581	0.01130	0.01578	0.01807	0.02026	0.01126	0.01563	0.02022	0.02270	0.02955	0.05292	0.14641	0.05792	0.02778	0.01370	0.00456	0.00896	0.48888	0.00918	0.00911
18	0.72007	0.01928	0.01465	0.01311	0.01928	0.02236	0.01080	0.02930	0.01697	0.04473	0.01388	0.01619	0.01080	0.00925	0.00617	0.00308	0.00771	0.00540	0.00617	0.01080
19	0.35772	0.15698	0.02635	0.01729	0.02384	0.16402	0.01442	0.03355	0.02130	0.08272	0.01642	0.01810	0.01288	0.00961	0.00721	0.00277	0.01081	0.00602	0.00606	0.01192
20	0.01904	0.03345	0.30106	0.21786	0.04797	0.02106	0.06323	0.02788	0.02184	0.03081	0.09597	0.03057	0.02425	0.01107	0.01009	0.00322	0.01302	0.00960	0.00527	0.01275
21	0.02127	0.01940	0.02814	0.37960	0.09086	0.02316	0.02384	0.03520	0.20721	0.03150	0.02557	0.03006	0.01930	0.01110	0.01002	0.00332	0.01135	0.00968	0.00641	0.01301
22	0.01909	0.01763	0.02933	0.46131	0.13940	0.02072	0.02574	0.02537	0.02143	0.02842	0.09134	0.03253	0.02418	0.01116	0.01019	0.00324	0.01195	0.01006	0.00536	0.01156
23	0.02388	0.02045	0.02175	0.01962	0.02498	0.02347	0.01523	0.05004	0.52299	0.04155	0.08707	0.04039	0.03589	0.01411	0.01028	0.00336	0.00762	0.01185	0.01021	0.01523
24	0.01396	0.01008	0.01320	0.01264	0.01486	0.00931	0.00939	0.01845	0.02754	0.03890	0.54308	0.11666	0.09198	0.02119	0.01183	0.00320	0.00478	0.01879	0.01085	0.00931
25	0.02374	0.02485	0.04678	0.08655	0.04516	0.02677	0.32806	0.06805	0.02279	0.03159	0.01838	0.02531	0.01457	0.01117	0.01697	0.00359	0.17714	0.01051	0.00518	0.01284
26	0.03424	0.03801	0.02742	0.02399	0.02889	0.38843	0.01858	0.13586	0.02983	0.03270	0.01806	0.02098	0.01460	0.01151	0.01170	0.00283	0.08472	0.00738	0.05791	0.01235
27	0.02415	0.01349	0.01414	0.01289	0.01640	0.04995	0.00987	0.02831	0.02392	0.15111	0.11449	0.07968	0.03713	0.01422	0.00880	0.00273	0.00640	0.01176	0.36960	0.01097
28	0.01575	0.01261	0.02049	0.02039	0.05603	0.01257	0.08128	0.01815	0.01788	0.02443	0.03462	0.23768	0.03790	0.15173	0.14522	0.06801	0.01290	0.01700	0.00660	0.00875
29	0.01377	0.00993	0.01303	0.01277	0.01482	0.00918	0.00938	0.01797	0.02666	0.03750	0.49224	0.17150	0.08926	0.02223	0.01192	0.00329	0.00489	0.01979	0.01068	0.00918
30	0.01452	0.01027	0.01443	0.01443	0.01561	0.01145	0.01048	0.01659	0.01541	0.02172	0.02733	0.04557	0.02745	0.22651	0.42090	0.06160	0.02089	0.01157	0.00546	0.00782
31	0.02319	0.02165	0.03649	0.16292	0.45384	0.02247	0.02853	0.02917	0.02207	0.03154	0.01945	0.02583	0.01595	0.00926	0.00970	0.00299	0.01165	0.00890	0.04990	0.01449
32	0.01394	0.01018	0.01310	0.01237	0.01479	0.00934	0.00928	0.01849	0.02783	0.03905	0.54812	0.07599	0.12873	0.02072	0.01176	0.00315	0.00473	0.01824	0.01085	0.00934
33	0.02665	0.65565	0.05224	0.01706	0.02559	0.03945	0.01706	0.02985	0.02026	0.02345	0.01386	0.01599	0.01279	0.00853	0.00640	0.00213	0.01066	0.00533	0.00426	0.01279
34	0.03506	0.01854	0.02287	0.01763	0.02540	0.01678	0.01433	0.07859	0.09932	0.33072	0.03253	0.03005	0.02220	0.01112	0.00932	0.00268	0.00828	0.00900	0.01013	0.20546
35	0.02970	0.06645	0.21258	0.02265	0.03207	0.01903	0.06735	0.03632	0.02454	0.25652	0.06508	0.07088	0.02642	0.01261	0.01007	0.00314	0.01093	0.01075	0.00830	0.01462
36	0.01920	0.01810	0.03058	0.58941	0.10201	0.02225	0.02787	0.02580	0.02011	0.02593	0.01779	0.02646	0.01345	0.00990	0.00996	0.00330	0.01320	0.00886	0.00446	0.01138
37	0.03724	0.04751	0.02825	0.02568	0.03082	0.60963	0.01926	0.03981	0.02825	0.02440	0.01541	0.01798	0.01284	0.01027	0.00899	0.00257	0.01798	0.00642	0.00514	0.01156
38	0.01215	0.00868	0.01157	0.01388	0.01446	0.00810	0.00925	0.01388	0.01909	0.02545	0.05495	0.64315	0.06593	0.03123	0.01272	0.00405	0.00578	0.02834	0.00925	0.00810
39	0.01281	0.00952	0.01194	0.01264	0.01443	0.00865	0.00899	0.01582	0.02323	0.03121	0.26253	0.32264	0.17701	0.02598	0.01218	0.00357	0.00523	0.02304	0.00990	0.00865
40	0.01426	0.01059	0.01558	0.01558	0.01721	0.01222	0.01192	0.01752	0.01589	0.02282	0.02710	0.04137	0.02588	0.12351	0.56271	0.01548	0.02526	0.01100	0.00540	0.00866
41	0.01369	0.01008	0.01281	0.01232	0.01469	0.00920	0.00917	0.01793	0.02694	0.03741	0.48801	0.11392	0.15337	0.02169	0.01182	0.00322	0.00482	0.01907	0.01065	0.00920
42	0.01938	0.01807	0.03074	0.36651	0.15759	0.02029	0.05847	0.02564	0.02222	0.02993	0.12213	0.03506	0.02878	0.01158	0.01039	0.00322	0.01165	0.01074	0.00577	0.01183
43	0.72007	0.01928	0.01465	0.01311	0.01928	0.02236	0.01080	0.02930	0.01697	0.04473	0.01388	0.01619	0.01080	0.00925	0.00617	0.00308	0.00771	0.00540	0.00617	0.01080
44	0.02342	0.02656	0.05696	0.04097	0.05039	0.02556	0.51633	0.03141	0.02298	0.03141	0.01970	0.02656	0.01499	0.00900	0.01315	0.00343	0.05736	0.01156	0.00500	0.01328
45	0.01375	0.01018	0.01283	0.01217	0.01467	0.00925	0.00913	0.01812	0.02738	0.03798	0.50861	0.07775	0.16890	0.02112	0.01176	0.00317	0.00476	0.01849	0.01071	0.00925
46	0.02067	0.01772	0.02067	0.01477	0.02362	0.01329	0.01181	0.02510	0.02067	0.03248	0.01772	0.02067	0.01477	0.00738	0.00738	0.00148	0.00738	0.00591	0.00591	0.71059
47	0.72007	0.01928	0.01465	0.01311	0.01928	0.02236	0.01080	0.02930	0.01697	0.04473	0.01388	0.01619	0.01080	0.00925	0.00617	0.00308	0.00771	0.00540	0.00617	0.01080
48	0.07011	0.02179	0.02698	0.06782	0.09331	0.05981	0.01885	0.02663	0.01929	0.02949	0.01589	0.02146	0.01383	0.01140	0.01630	0.00292	0.21664	0.00740	0.00514	0.25495
49	0.02998	0.01890	0.02963	0.10748	0.25190	0.01850	0.02190	0.03509	0.02515	0.23666	0.09400	0.03427	0.02815	0.01165	0.01017	0.00307	0.00994	0.01040	0.00829	0.01488
50	0.72007	0.01928	0.01465	0.01311	0.01928	0.02236	0.01080	0.02930	0.01697	0.04473	0.01388	0.01619	0.01080	0.00925	0.00617	0.00308	0.00771	0.00540	0.00617	0.01080
51	0.08786	0.03288	0.07473	0.16626	0.03888	0.25071	0.02156	0.07091	0.06255	0.03126	0.02076	0.02793	0.01711	0.01150	0.00948	0.00306	0.01396	0.04054	0.00592	0.01216
52	0.02264	0.01383	0.01595	0.01400	0.01668	0.01394	0.00975	0.11458	0.02258	0.10360	0.03516	0.05370	0.06884	0.36852	0.03461	0.05210	0.00935	0.01301	0.00769	0.00948
53	0.01382	0.00997	0.01307	0.01274	0.01483	0.00922	0.00938	0.01809	0.02689	0.03786	0.50523	0.15749	0.08996	0.02196	0.01190	0.00327	0.00486	0.01953	0.01072	0.00922
54	0.01796	0.01530	0.02318	0.18141	0.14087	0.01685	0.01842	0.02349	0.05613	0.02636	0.02842	0.11694	0.02818	0.15394	0.10369	0.00646	0.01281	0.01298	0.00601	0.01058
55	0.01262	0.00978	0.01149	0.01180	0.01416	0.00866	0.00857	0.01565	0.02361	0.03076	0.24431	0.22127	0.30131	0.02513	0.01200	0.00346	0.00512	0.02184	0.00981	0.00866
56	0.02419	0.02002	0.03030	0.39903	0.12043	0.02323	0.02527	0.10249	0.05760	0.06888	0.02146	0.02709	0.01586	0.01048	0.00997	0.00322	0.01216	0.00910	0.00611	0.01312
57	0.02665	0.65565	0.05224	0.01706	0.02559	0.03945	0.01706	0.02985	0.02026	0.02345	0.01386	0.01599	0.01279	0.00853	0.00640	0.00213	0.01066	0.00533	0.00426	0.01279
58	0.04219	0.02104	0.02566	0.01967	0.02748	0.02070	0.01625	0.23653	0.03535	0.39680	0.03361	0.03022	0.02181	0.01220	0.01001	0.00305	0.00941	0.00963	0.01146	0.01696
59	0.01845	0.01194	0.01659	0.12204	0.02530	0.01192	0.01289	0.02184	0.02223	0.10760	0.14955	0.24295	0.09757	0.07530	0.01485	0.00403	0.00756	0.01853	0.00889	0.00997
60	0.02027	0.01785	0.02802	0.27480	0.18594	0.01976	0.02306	0.06872	0.02272	0.03047	0.02787	0.18091	0.02749	0.01520	0.01064	0.00338	0.01083	0.01377	0.00624	0.01204
61	0.02557	0.02031	0.03270	0.04537	0.38999	0.02016	0.02415	0.03152	0.05407	0.10011	0.07013	0.03120	0.02446	0.01275	0.01256	0.06370	0.01033	0.00991	0.00658	0.01441

[dist]
# distance from previous block
# <min> <max>
0	70

# created by:
# /st0/software/busco_prod/Augustus/scripts/msa2prfl.pl ./align_prep/3446.fa
