[name]
unknown

[dist]
# distance from previous block
# <min> <max>
0	20

[block]
# block no. 0 follows, 14 sequences, length 67
# corresponding to MSA columns:
# 20-54,59-90
name=unknown_A
#
# <colnr> <probs for GDERKNQSTAVLIFYWHMCP>
#	G	D	E	R	K	N	Q	S	T	A	V	L	I	F	Y	W	H	M	C	P
0	0.01654	0.01181	0.01654	0.01890	0.02126	0.01181	0.01654	0.02126	0.02362	0.03071	0.05433	0.11576	0.05906	0.02835	0.01417	0.00472	0.00945	0.50626	0.00945	0.00945
1	0.02128	0.01824	0.02128	0.01520	0.02432	0.01368	0.01216	0.02584	0.02128	0.03344	0.01824	0.02128	0.01520	0.00760	0.00760	0.00152	0.00760	0.00608	0.00608	0.70208
2	0.03264	0.02196	0.03540	0.04731	0.38283	0.02112	0.02574	0.03799	0.02547	0.22595	0.02673	0.02874	0.01946	0.01039	0.01022	0.00309	0.01098	0.00956	0.00775	0.01668
3	0.01258	0.00945	0.01167	0.01315	0.01466	0.00854	0.00909	0.01485	0.02146	0.02791	0.11414	0.44355	0.20261	0.02955	0.01276	0.00390	0.00566	0.02627	0.00968	0.00854
4	0.02218	0.02356	0.04862	0.03789	0.07958	0.02221	0.38252	0.02977	0.02495	0.03419	0.11596	0.04132	0.03211	0.01200	0.01211	0.00347	0.01436	0.04371	0.00648	0.01302
5	0.04358	0.02142	0.02626	0.02013	0.02817	0.02095	0.01663	0.22217	0.03599	0.40093	0.03493	0.03132	0.02262	0.01257	0.01030	0.00314	0.00963	0.00994	0.01185	0.01746
6	0.02317	0.02211	0.03763	0.26729	0.38845	0.02380	0.03039	0.02954	0.02231	0.03082	0.01891	0.02612	0.01530	0.00956	0.01020	0.00319	0.01274	0.00913	0.00489	0.01446
7	0.01232	0.01040	0.01067	0.01060	0.01398	0.00875	0.00795	0.01511	0.02385	0.02882	0.14208	0.09695	0.53236	0.02558	0.01213	0.00345	0.00517	0.02140	0.00967	0.00875
8	0.02058	0.05308	0.58618	0.02925	0.04442	0.02383	0.03792	0.03250	0.02167	0.03250	0.01842	0.02167	0.01300	0.00975	0.00975	0.00325	0.01517	0.00758	0.00433	0.01517
9	0.71184	0.01985	0.01508	0.01350	0.01985	0.02302	0.01111	0.03017	0.01746	0.04604	0.01429	0.01667	0.01111	0.00953	0.00635	0.00318	0.00794	0.00556	0.00635	0.01111
10	0.01938	0.01824	0.03078	0.61468	0.07068	0.02280	0.02850	0.02622	0.02052	0.02622	0.01824	0.02736	0.01368	0.01026	0.01026	0.00342	0.01368	0.00912	0.00456	0.01140
11	0.71184	0.01985	0.01508	0.01350	0.01985	0.02302	0.01111	0.03017	0.01746	0.04604	0.01429	0.01667	0.01111	0.00953	0.00635	0.00318	0.00794	0.00556	0.00635	0.01111
12	0.03833	0.04891	0.02908	0.02644	0.03173	0.59815	0.01983	0.04098	0.02908	0.02512	0.01586	0.01851	0.01322	0.01058	0.00925	0.00264	0.01851	0.00661	0.00529	0.01190
13	0.71184	0.01985	0.01508	0.01350	0.01985	0.02302	0.01111	0.03017	0.01746	0.04604	0.01429	0.01667	0.01111	0.00953	0.00635	0.00318	0.00794	0.00556	0.00635	0.01111
14	0.01213	0.01040	0.01040	0.01040	0.01386	0.00866	0.00780	0.01473	0.02339	0.02772	0.10396	0.09876	0.57117	0.02599	0.01213	0.00347	0.00520	0.02166	0.00953	0.00866
15	0.02540	0.02438	0.04165	0.06299	0.57533	0.02438	0.03149	0.03149	0.02337	0.03353	0.01930	0.02540	0.01626	0.00914	0.01016	0.00305	0.01219	0.00914	0.00508	0.01626
16	0.02553	0.02204	0.02320	0.02088	0.02669	0.02553	0.01624	0.05453	0.55679	0.04293	0.04177	0.03829	0.03133	0.01392	0.01044	0.00348	0.00812	0.01160	0.01044	0.01624
17	0.03833	0.04891	0.02908	0.02644	0.03173	0.59815	0.01983	0.04098	0.02908	0.02512	0.01586	0.01851	0.01322	0.01058	0.00925	0.00264	0.01851	0.00661	0.00529	0.01190
18	0.01396	0.01047	0.01293	0.01232	0.01498	0.00944	0.00924	0.01827	0.02771	0.03798	0.45979	0.08188	0.20894	0.02216	0.01211	0.00328	0.00493	0.01929	0.01088	0.00944
19	0.01659	0.01511	0.05313	0.01494	0.01916	0.01246	0.01239	0.02408	0.07620	0.04000	0.43179	0.06416	0.07740	0.01830	0.01136	0.00309	0.00609	0.01599	0.01025	0.07751
20	0.03833	0.04891	0.02908	0.02644	0.03173	0.59815	0.01983	0.04098	0.02908	0.02512	0.01586	0.01851	0.01322	0.01058	0.00925	0.00264	0.01851	0.00661	0.00529	0.01190
21	0.02967	0.03517	0.02351	0.02262	0.02644	0.39172	0.01689	0.03230	0.02616	0.02593	0.02991	0.18388	0.03153	0.01777	0.01071	0.00323	0.01444	0.06059	0.00677	0.01076
22	0.01938	0.01156	0.01527	0.01373	0.01700	0.01051	0.01051	0.02409	0.02910	0.12453	0.48836	0.07023	0.08583	0.01970	0.01183	0.00322	0.00544	0.01729	0.01151	0.01088
23	0.02286	0.24998	0.40923	0.02536	0.03841	0.02941	0.03115	0.03191	0.02140	0.02972	0.01704	0.01994	0.01306	0.00943	0.00870	0.00290	0.01377	0.00689	0.00435	0.01450
24	0.01327	0.01044	0.01197	0.01159	0.01456	0.00915	0.00869	0.01693	0.02608	0.03410	0.32529	0.08826	0.34585	0.02361	0.01212	0.00335	0.00503	0.02019	0.01037	0.00915
25	0.04487	0.01934	0.02497	0.01915	0.02713	0.01786	0.01582	0.13157	0.03251	0.49645	0.03785	0.03322	0.02408	0.01264	0.01031	0.00316	0.00916	0.01014	0.01230	0.01746
26	0.02540	0.02438	0.04165	0.06299	0.57533	0.02438	0.03149	0.03149	0.02337	0.03353	0.01930	0.02540	0.01626	0.00914	0.01016	0.00305	0.01219	0.00914	0.00508	0.01626
27	0.04604	0.01746	0.02382	0.01826	0.02620	0.01508	0.01508	0.05001	0.02937	0.58244	0.04049	0.03493	0.02540	0.01270	0.01032	0.00318	0.00873	0.01032	0.01270	0.01746
28	0.01250	0.00893	0.01191	0.01429	0.01488	0.00834	0.00953	0.01429	0.01965	0.02620	0.05656	0.63265	0.06787	0.03215	0.01310	0.00417	0.00595	0.02917	0.00953	0.00834
29	0.03159	0.03768	0.34302	0.02450	0.03654	0.02005	0.02804	0.04007	0.02500	0.27028	0.02796	0.02740	0.01836	0.01103	0.01000	0.00322	0.01238	0.00877	0.00795	0.01616
30	0.01938	0.01824	0.03078	0.61468	0.07068	0.02280	0.02850	0.02622	0.02052	0.02622	0.01824	0.02736	0.01368	0.01026	0.01026	0.00342	0.01368	0.00912	0.00456	0.01140
31	0.02345	0.01817	0.02150	0.01547	0.02448	0.01380	0.01242	0.02795	0.02199	0.08146	0.02019	0.02247	0.01609	0.00805	0.00784	0.00166	0.00770	0.00645	0.00666	0.64221
32	0.02128	0.01824	0.02128	0.01520	0.02432	0.01368	0.01216	0.02584	0.02128	0.03344	0.01824	0.02128	0.01520	0.00760	0.00760	0.00152	0.00760	0.00608	0.00608	0.70208
33	0.02231	0.16868	0.27252	0.02346	0.03339	0.02578	0.02596	0.03431	0.12054	0.03232	0.02779	0.03923	0.02407	0.01340	0.00993	0.00331	0.01201	0.09069	0.00632	0.01398
34	0.01466	0.01100	0.01649	0.01649	0.01833	0.01283	0.01283	0.01833	0.01649	0.02382	0.02749	0.04032	0.02566	0.07697	0.59868	0.01649	0.02749	0.01100	0.00550	0.00916
35	0.02095	0.01464	0.01722	0.01595	0.01973	0.01519	0.01212	0.03328	0.20087	0.08702	0.25041	0.12703	0.06075	0.01873	0.01120	0.00337	0.00639	0.01627	0.05653	0.01234
36	0.01389	0.01029	0.01311	0.01484	0.01605	0.01008	0.01018	0.01849	0.07211	0.02874	0.08712	0.54060	0.06615	0.02969	0.01278	0.00404	0.00609	0.02682	0.00972	0.00918
37	0.02540	0.02438	0.04165	0.06299	0.57533	0.02438	0.03149	0.03149	0.02337	0.03353	0.01930	0.02540	0.01626	0.00914	0.01016	0.00305	0.01219	0.00914	0.00508	0.01626
38	0.01503	0.01044	0.01433	0.01433	0.01535	0.01146	0.01013	0.01668	0.01566	0.02190	0.02837	0.04908	0.02912	0.27386	0.35473	0.07437	0.01960	0.01221	0.00566	0.00770
39	0.01473	0.01055	0.01440	0.01485	0.01604	0.01141	0.01080	0.01716	0.01698	0.02347	0.03428	0.11039	0.03643	0.24576	0.31597	0.01216	0.01823	0.06173	0.00648	0.00818
40	0.71184	0.01985	0.01508	0.01350	0.01985	0.02302	0.01111	0.03017	0.01746	0.04604	0.01429	0.01667	0.01111	0.00953	0.00635	0.00318	0.00794	0.00556	0.00635	0.01111
41	0.02085	0.01640	0.01422	0.01378	0.01614	0.10791	0.01003	0.02426	0.02080	0.03050	0.02937	0.04038	0.02595	0.13236	0.11193	0.00606	0.01167	0.01025	0.34782	0.00930
42	0.02172	0.15147	0.49776	0.02731	0.04141	0.02662	0.03453	0.03221	0.02153	0.03111	0.01773	0.02080	0.01303	0.00959	0.00922	0.00307	0.01447	0.00724	0.00434	0.01483
43	0.01250	0.00893	0.01191	0.01429	0.01488	0.00834	0.00953	0.01429	0.01965	0.02620	0.05656	0.63265	0.06787	0.03215	0.01310	0.00417	0.00595	0.02917	0.00953	0.00834
44	0.71184	0.01985	0.01508	0.01350	0.01985	0.02302	0.01111	0.03017	0.01746	0.04604	0.01429	0.01667	0.01111	0.00953	0.00635	0.00318	0.00794	0.00556	0.00635	0.01111
45	0.04604	0.01746	0.02382	0.01826	0.02620	0.01508	0.01508	0.05001	0.02937	0.58244	0.04049	0.03493	0.02540	0.01270	0.01032	0.00318	0.00873	0.01032	0.01270	0.01746
46	0.01974	0.02019	0.04087	0.03170	0.03819	0.01898	0.32044	0.02581	0.02268	0.03051	0.03535	0.23227	0.03640	0.01802	0.01261	0.00380	0.01292	0.06088	0.00697	0.01167
47	0.02456	0.02103	0.02237	0.02019	0.02569	0.02414	0.01567	0.05146	0.51064	0.04277	0.08796	0.04164	0.03706	0.01454	0.01059	0.00346	0.00783	0.01221	0.01052	0.01567
48	0.03215	0.03695	0.03341	0.04008	0.24176	0.32346	0.02402	0.03855	0.07526	0.03001	0.01957	0.02299	0.01605	0.01033	0.00971	0.00288	0.01511	0.00805	0.00568	0.01398
49	0.01525	0.01023	0.01265	0.01265	0.01344	0.01079	0.00832	0.01683	0.01604	0.02287	0.03097	0.05620	0.03270	0.40764	0.21415	0.01121	0.01479	0.01321	0.07264	0.00744
50	0.02682	0.45113	0.17704	0.02113	0.03109	0.08778	0.02257	0.03209	0.02180	0.02620	0.01539	0.01788	0.01313	0.00917	0.00758	0.00248	0.01265	0.00608	0.00446	0.01352
51	0.02282	0.03331	0.23026	0.04706	0.34340	0.02299	0.03196	0.03085	0.02324	0.03379	0.06404	0.02828	0.02171	0.01032	0.01017	0.00313	0.01263	0.00937	0.00533	0.01534
52	0.06867	0.02238	0.03534	0.04751	0.38213	0.02251	0.02593	0.03542	0.02402	0.16388	0.02371	0.02700	0.01797	0.01052	0.01135	0.00317	0.04640	0.00921	0.00692	0.01596
53	0.03436	0.08423	0.08265	0.02320	0.03176	0.03096	0.02055	0.37957	0.11661	0.05503	0.02562	0.02561	0.01866	0.01200	0.00992	0.00308	0.01116	0.00910	0.00923	0.01669
54	0.71184	0.01985	0.01508	0.01350	0.01985	0.02302	0.01111	0.03017	0.01746	0.04604	0.01429	0.01667	0.01111	0.00953	0.00635	0.00318	0.00794	0.00556	0.00635	0.01111
55	0.02596	0.02506	0.02559	0.07940	0.07885	0.11210	0.01876	0.04483	0.33948	0.03658	0.03475	0.07731	0.02831	0.01401	0.01041	0.00336	0.01043	0.01170	0.00857	0.01454
56	0.03608	0.02347	0.02639	0.02080	0.02784	0.02525	0.01704	0.36360	0.03970	0.14440	0.02832	0.02906	0.02034	0.01859	0.06683	0.00433	0.01186	0.00962	0.07052	0.01596
57	0.01213	0.01040	0.01040	0.01040	0.01386	0.00866	0.00780	0.01473	0.02339	0.02772	0.10396	0.09876	0.57117	0.02599	0.01213	0.00347	0.00520	0.02166	0.00953	0.00866
58	0.01452	0.01049	0.01372	0.01291	0.01533	0.00968	0.00968	0.01937	0.02905	0.04115	0.56992	0.07666	0.09683	0.02098	0.01210	0.00323	0.00484	0.01856	0.01130	0.00968
59	0.03833	0.04891	0.02908	0.02644	0.03173	0.59815	0.01983	0.04098	0.02908	0.02512	0.01586	0.01851	0.01322	0.01058	0.00925	0.00264	0.01851	0.00661	0.00529	0.01190
60	0.71184	0.01985	0.01508	0.01350	0.01985	0.02302	0.01111	0.03017	0.01746	0.04604	0.01429	0.01667	0.01111	0.00953	0.00635	0.00318	0.00794	0.00556	0.00635	0.01111
61	0.04547	0.01839	0.02439	0.01870	0.02666	0.01645	0.01544	0.09019	0.03092	0.54008	0.03919	0.03409	0.02475	0.01267	0.01032	0.00317	0.00894	0.01023	0.01250	0.01746
62	0.02245	0.02245	0.03143	0.02694	0.02694	0.03143	0.02245	0.02470	0.01572	0.02470	0.01347	0.02245	0.01347	0.01796	0.03368	0.00449	0.62057	0.00898	0.00449	0.01123
63	0.02795	0.53414	0.09812	0.01917	0.02845	0.03829	0.01953	0.08017	0.02357	0.02879	0.01563	0.01771	0.01357	0.00921	0.00722	0.00237	0.01137	0.00603	0.00495	0.01376
64	0.03697	0.02025	0.02296	0.01932	0.02578	0.06459	0.01547	0.04649	0.14963	0.34763	0.04053	0.07599	0.03028	0.01489	0.01065	0.00335	0.00926	0.03906	0.01120	0.01572
65	0.20073	0.02190	0.03106	0.19785	0.13385	0.02407	0.07176	0.09644	0.02473	0.07510	0.01996	0.02450	0.01491	0.01016	0.00944	0.00324	0.01169	0.00860	0.00644	0.01357
66	0.02207	0.02047	0.03411	0.17517	0.36095	0.02132	0.02681	0.02810	0.02379	0.03333	0.12065	0.03529	0.03055	0.01157	0.01054	0.00316	0.01116	0.01088	0.00611	0.01397

[dist]
# distance from previous block
# <min> <max>
0	32

[block]
# block no. 1 follows, 14 sequences, length 28
# corresponding to MSA columns:
# 123-150
name=unknown_B
#
# <colnr> <probs for GDERKNQSTAVLIFYWHMCP>
#	G	D	E	R	K	N	Q	S	T	A	V	L	I	F	Y	W	H	M	C	P
0	0.01250	0.00893	0.01191	0.01429	0.01488	0.00834	0.00953	0.01429	0.01965	0.02620	0.05656	0.63265	0.06787	0.03215	0.01310	0.00417	0.00595	0.02917	0.00953	0.00834
1	0.14698	0.02218	0.02444	0.01920	0.02661	0.02323	0.01581	0.25841	0.03512	0.23300	0.02893	0.02779	0.01974	0.01198	0.00944	0.00308	0.00943	0.00904	0.05974	0.01588
2	0.02149	0.04677	0.45563	0.03273	0.04670	0.02436	0.16214	0.03259	0.02230	0.03259	0.01900	0.02316	0.01364	0.00948	0.01034	0.00330	0.01570	0.00871	0.00455	0.01484
3	0.01849	0.01458	0.01823	0.01770	0.01963	0.01615	0.01325	0.10149	0.02388	0.03228	0.04739	0.39022	0.08679	0.02604	0.01612	0.00400	0.11274	0.02192	0.00878	0.01033
4	0.01363	0.01007	0.01289	0.01486	0.01591	0.00982	0.01011	0.01778	0.06618	0.02765	0.05528	0.58116	0.06471	0.03057	0.01287	0.00411	0.00614	0.02765	0.00961	0.00902
5	0.02058	0.05308	0.58618	0.02925	0.04442	0.02383	0.03792	0.03250	0.02167	0.03250	0.01842	0.02167	0.01300	0.00975	0.00975	0.00325	0.01517	0.00758	0.00433	0.01517
6	0.27347	0.01916	0.02016	0.01672	0.02316	0.02014	0.01358	0.10669	0.06562	0.20293	0.10762	0.03350	0.03028	0.01284	0.00919	0.00319	0.00819	0.00981	0.00976	0.01398
7	0.01492	0.00995	0.01119	0.01119	0.01119	0.00995	0.00622	0.01492	0.01492	0.01990	0.03233	0.06716	0.03731	0.63935	0.05223	0.00995	0.00995	0.01492	0.00622	0.00622
8	0.01213	0.01040	0.01040	0.01040	0.01386	0.00866	0.00780	0.01473	0.02339	0.02772	0.10396	0.09876	0.57117	0.02599	0.01213	0.00347	0.00520	0.02166	0.00953	0.00866
9	0.02540	0.02438	0.04165	0.06299	0.57533	0.02438	0.03149	0.03149	0.02337	0.03353	0.01930	0.02540	0.01626	0.00914	0.01016	0.00305	0.01219	0.00914	0.00508	0.01626
10	0.02316	0.02210	0.03761	0.26829	0.38754	0.02379	0.03038	0.02953	0.02231	0.03081	0.01891	0.02613	0.01530	0.00956	0.01020	0.00319	0.01275	0.00913	0.00489	0.01445
11	0.01478	0.01053	0.01413	0.01413	0.01514	0.01154	0.00988	0.01681	0.01579	0.02207	0.02965	0.05229	0.03086	0.32793	0.35483	0.01357	0.01966	0.01275	0.00582	0.00785
12	0.01452	0.01049	0.01372	0.01291	0.01533	0.00968	0.00968	0.01937	0.02905	0.04115	0.56992	0.07666	0.09683	0.02098	0.01210	0.00323	0.00484	0.01856	0.01130	0.00968
13	0.02287	0.02288	0.04705	0.03433	0.04259	0.02161	0.39743	0.03050	0.02351	0.03430	0.02413	0.03048	0.01841	0.00953	0.01080	0.00318	0.01398	0.01144	0.18827	0.01271
14	0.01913	0.00956	0.00956	0.00956	0.01196	0.00956	0.00717	0.02391	0.02152	0.03826	0.03348	0.03826	0.02630	0.01196	0.00717	0.00239	0.00478	0.00956	0.69632	0.00956
15	0.01540	0.01172	0.01647	0.01608	0.01730	0.01372	0.01202	0.01803	0.01604	0.02292	0.02748	0.04543	0.02750	0.21144	0.41430	0.01383	0.07433	0.01180	0.00559	0.00861
16	0.03901	0.02874	0.03080	0.02361	0.03182	0.03182	0.01951	0.54111	0.04825	0.06468	0.02464	0.02464	0.01745	0.01232	0.01027	0.00308	0.01129	0.00924	0.01027	0.01745
17	0.01913	0.00956	0.00956	0.00956	0.01196	0.00956	0.00717	0.02391	0.02152	0.03826	0.03348	0.03826	0.02630	0.01196	0.00717	0.00239	0.00478	0.00956	0.69632	0.00956
18	0.53348	0.02595	0.01893	0.01670	0.02300	0.13060	0.01340	0.07257	0.02206	0.04363	0.01540	0.01764	0.01201	0.00994	0.00720	0.00307	0.01017	0.00604	0.00646	0.01176
19	0.03833	0.04891	0.02908	0.02644	0.03173	0.59815	0.01983	0.04098	0.02908	0.02512	0.01586	0.01851	0.01322	0.01058	0.00925	0.00264	0.01851	0.00661	0.00529	0.01190
20	0.02128	0.01824	0.02128	0.01520	0.02432	0.01368	0.01216	0.02584	0.02128	0.03344	0.01824	0.02128	0.01520	0.00760	0.00760	0.00152	0.00760	0.00608	0.00608	0.70208
21	0.02058	0.05308	0.58618	0.02925	0.04442	0.02383	0.03792	0.03250	0.02167	0.03250	0.01842	0.02167	0.01300	0.00975	0.00975	0.00325	0.01517	0.00758	0.00433	0.01517
22	0.02553	0.02204	0.02320	0.02088	0.02669	0.02553	0.01624	0.05453	0.55679	0.04293	0.04177	0.03829	0.03133	0.01392	0.01044	0.00348	0.00812	0.01160	0.01044	0.01624
23	0.01812	0.01650	0.02997	0.02412	0.02921	0.01552	0.18904	0.02423	0.02654	0.03667	0.30111	0.06647	0.06330	0.01801	0.01244	0.00355	0.00979	0.09542	0.00894	0.01105
24	0.01324	0.01050	0.01167	0.01171	0.01457	0.00925	0.00880	0.01625	0.02383	0.03002	0.18772	0.09304	0.38491	0.07800	0.01575	0.00408	0.00590	0.06244	0.00959	0.00873
25	0.02691	0.03153	0.12787	0.05098	0.39557	0.07446	0.03050	0.07636	0.02573	0.03532	0.01932	0.02413	0.01557	0.00964	0.01002	0.00305	0.01314	0.00868	0.00542	0.01581
26	0.01254	0.01030	0.01104	0.01110	0.01418	0.00880	0.00823	0.01543	0.02400	0.02974	0.17434	0.13745	0.45592	0.02568	0.01220	0.00348	0.00520	0.02176	0.00981	0.00880
27	0.02593	0.07705	0.03733	0.12004	0.32708	0.02637	0.02639	0.07624	0.11370	0.03589	0.02291	0.02697	0.01827	0.01031	0.00992	0.00310	0.01153	0.00924	0.00627	0.01546

[dist]
# distance from previous block
# <min> <max>
1	3

[block]
# block no. 2 follows, 14 sequences, length 35
# corresponding to MSA columns:
# 154-188
name=unknown_C
#
# <colnr> <probs for GDERKNQSTAVLIFYWHMCP>
#	G	D	E	R	K	N	Q	S	T	A	V	L	I	F	Y	W	H	M	C	P
0	0.02165	0.14507	0.50351	0.02743	0.04161	0.02644	0.03475	0.03222	0.02154	0.03120	0.01777	0.02086	0.01303	0.00960	0.00926	0.00309	0.01452	0.00726	0.00434	0.01486
1	0.02806	0.07312	0.02484	0.02043	0.02524	0.20151	0.01565	0.07747	0.17916	0.03385	0.03085	0.09990	0.02759	0.05937	0.01289	0.00357	0.01149	0.01155	0.05076	0.01271
2	0.01213	0.01040	0.01040	0.01040	0.01386	0.00866	0.00780	0.01473	0.02339	0.02772	0.10396	0.09876	0.57117	0.02599	0.01213	0.00347	0.00520	0.02166	0.00953	0.00866
3	0.02021	0.02329	0.11390	0.02526	0.06716	0.02078	0.05856	0.02969	0.11907	0.02964	0.02654	0.03689	0.02352	0.12693	0.14585	0.00736	0.09620	0.01088	0.00617	0.01210
4	0.01297	0.00926	0.01244	0.01482	0.01562	0.00874	0.01033	0.01509	0.02010	0.02672	0.05631	0.57320	0.06686	0.03171	0.01322	0.00423	0.00636	0.08405	0.00952	0.00846
5	0.02540	0.02438	0.04165	0.06299	0.57533	0.02438	0.03149	0.03149	0.02337	0.03353	0.01930	0.02540	0.01626	0.00914	0.01016	0.00305	0.01219	0.00914	0.00508	0.01626
6	0.01913	0.00956	0.00956	0.00956	0.01196	0.00956	0.00717	0.02391	0.02152	0.03826	0.03348	0.03826	0.02630	0.01196	0.00717	0.00239	0.00478	0.00956	0.69632	0.00956
7	0.02540	0.02438	0.04165	0.06299	0.57533	0.02438	0.03149	0.03149	0.02337	0.03353	0.01930	0.02540	0.01626	0.00914	0.01016	0.00305	0.01219	0.00914	0.00508	0.01626
8	0.04604	0.01746	0.02382	0.01826	0.02620	0.01508	0.01508	0.05001	0.02937	0.58244	0.04049	0.03493	0.02540	0.01270	0.01032	0.00318	0.00873	0.01032	0.01270	0.01746
9	0.01913	0.00956	0.00956	0.00956	0.01196	0.00956	0.00717	0.02391	0.02152	0.03826	0.03348	0.03826	0.02630	0.01196	0.00717	0.00239	0.00478	0.00956	0.69632	0.00956
10	0.71184	0.01985	0.01508	0.01350	0.01985	0.02302	0.01111	0.03017	0.01746	0.04604	0.01429	0.01667	0.01111	0.00953	0.00635	0.00318	0.00794	0.00556	0.00635	0.01111
11	0.02787	0.01507	0.01966	0.01676	0.01970	0.01587	0.01254	0.02976	0.02043	0.22942	0.03183	0.04684	0.02844	0.29075	0.03322	0.00642	0.12368	0.01210	0.00830	0.01133
12	0.01426	0.01028	0.01348	0.01309	0.01527	0.00950	0.00966	0.01869	0.02780	0.03916	0.50156	0.15069	0.09297	0.02247	0.01224	0.00335	0.00499	0.01997	0.01106	0.00950
13	0.03901	0.02874	0.03080	0.02361	0.03182	0.03182	0.01951	0.54111	0.04825	0.06468	0.02464	0.02464	0.01745	0.01232	0.01027	0.00308	0.01129	0.00924	0.01027	0.01745
14	0.02555	0.48279	0.20002	0.02077	0.03130	0.03600	0.02315	0.03122	0.02108	0.02644	0.01541	0.01789	0.01312	0.00905	0.00745	0.00248	0.01213	0.00606	0.00437	0.01372
15	0.01490	0.01038	0.01303	0.01237	0.01485	0.00961	0.00928	0.01960	0.02783	0.03998	0.47915	0.07362	0.11831	0.02025	0.01154	0.00315	0.00486	0.01772	0.08998	0.00961
16	0.02926	0.54823	0.05015	0.01851	0.02720	0.03922	0.01787	0.11124	0.02517	0.03054	0.01590	0.01775	0.01385	0.00934	0.00717	0.00233	0.01102	0.00608	0.00532	0.01385
17	0.02157	0.01586	0.01977	0.01678	0.02337	0.01312	0.01397	0.02614	0.02278	0.07670	0.03304	0.05643	0.03183	0.01549	0.01019	0.00281	0.00836	0.18669	0.00783	0.39728
18	0.02033	0.01921	0.03250	0.52765	0.15029	0.02305	0.02897	0.02705	0.02097	0.02737	0.01841	0.02705	0.01409	0.01008	0.01024	0.00336	0.01345	0.00912	0.00464	0.01217
19	0.02136	0.02619	0.11737	0.02629	0.02873	0.02837	0.02385	0.02509	0.01697	0.02605	0.01772	0.07150	0.01778	0.01781	0.02824	0.00427	0.47553	0.01039	0.00487	0.01161
20	0.02492	0.02389	0.04078	0.10710	0.53498	0.02426	0.03126	0.03107	0.02314	0.03294	0.01922	0.02556	0.01605	0.00923	0.01017	0.00308	0.01231	0.00914	0.00504	0.01587
21	0.01265	0.00904	0.01204	0.01419	0.01492	0.00843	0.00954	0.01465	0.02032	0.02727	0.09351	0.59263	0.06996	0.03135	0.01303	0.00410	0.00587	0.02841	0.00965	0.00843
22	0.02885	0.03106	0.02137	0.01970	0.02385	0.31612	0.01482	0.03435	0.06695	0.03225	0.10959	0.03407	0.03102	0.01281	0.00928	0.00274	0.01216	0.00960	0.17812	0.01130
23	0.18248	0.02513	0.02260	0.02006	0.02610	0.09128	0.01574	0.08286	0.33771	0.04316	0.03136	0.03015	0.02368	0.01243	0.00937	0.00329	0.00951	0.00950	0.00892	0.01468
24	0.01478	0.01053	0.01415	0.01415	0.01518	0.01156	0.00991	0.01682	0.01580	0.02209	0.02963	0.05216	0.03080	0.32521	0.35747	0.01360	0.01975	0.01273	0.00582	0.00786
25	0.01213	0.01040	0.01040	0.01040	0.01386	0.00866	0.00780	0.01473	0.02339	0.02772	0.10396	0.09876	0.57117	0.02599	0.01213	0.00347	0.00520	0.02166	0.00953	0.00866
26	0.01353	0.00953	0.01146	0.01260	0.01431	0.00873	0.00883	0.01626	0.02184	0.02987	0.12346	0.36652	0.18165	0.02676	0.01197	0.00366	0.00550	0.02361	0.10118	0.00873
27	0.02540	0.02438	0.04165	0.06299	0.57533	0.02438	0.03149	0.03149	0.02337	0.03353	0.01930	0.02540	0.01626	0.00914	0.01016	0.00305	0.01219	0.00914	0.00508	0.01626
28	0.03833	0.04891	0.02908	0.02644	0.03173	0.59815	0.01983	0.04098	0.02908	0.02512	0.01586	0.01851	0.01322	0.01058	0.00925	0.00264	0.01851	0.00661	0.00529	0.01190
29	0.02128	0.01824	0.02128	0.01520	0.02432	0.01368	0.01216	0.02584	0.02128	0.03344	0.01824	0.02128	0.01520	0.00760	0.00760	0.00152	0.00760	0.00608	0.00608	0.70208
30	0.02128	0.01824	0.02128	0.01520	0.02432	0.01368	0.01216	0.02584	0.02128	0.03344	0.01824	0.02128	0.01520	0.00760	0.00760	0.00152	0.00760	0.00608	0.00608	0.70208
31	0.02122	0.09682	0.47830	0.02669	0.04065	0.02402	0.03331	0.03159	0.02156	0.03193	0.01806	0.02120	0.01327	0.00942	0.00925	0.00297	0.01396	0.00724	0.00454	0.09401
32	0.02796	0.13463	0.11725	0.03027	0.13388	0.23484	0.02282	0.03276	0.02480	0.02803	0.02838	0.03066	0.08805	0.01194	0.00946	0.00285	0.01383	0.00906	0.00553	0.01299
33	0.02579	0.14261	0.04396	0.05434	0.47084	0.02747	0.02884	0.03135	0.02289	0.03174	0.01834	0.02370	0.01567	0.00907	0.00948	0.00289	0.01196	0.00845	0.00495	0.01567
34	0.01694	0.01426	0.02175	0.03007	0.19657	0.01381	0.01700	0.02040	0.02144	0.02902	0.04814	0.35594	0.09078	0.02394	0.01215	0.00379	0.00817	0.05678	0.00808	0.01100

[dist]
# distance from previous block
# <min> <max>
0	2

[block]
# block no. 3 follows, 14 sequences, length 23
# corresponding to MSA columns:
# 191-213
name=unknown_D
#
# <colnr> <probs for GDERKNQSTAVLIFYWHMCP>
#	G	D	E	R	K	N	Q	S	T	A	V	L	I	F	Y	W	H	M	C	P
0	0.03324	0.11325	0.08375	0.03086	0.13683	0.03089	0.02313	0.33034	0.03747	0.05044	0.02168	0.02343	0.01626	0.01101	0.00970	0.00297	0.01176	0.00857	0.00796	0.01645
1	0.02540	0.02438	0.04165	0.06299	0.57533	0.02438	0.03149	0.03149	0.02337	0.03353	0.01930	0.02540	0.01626	0.00914	0.01016	0.00305	0.01219	0.00914	0.00508	0.01626
2	0.03151	0.03144	0.21804	0.03490	0.19124	0.02072	0.02751	0.03877	0.02504	0.23870	0.02694	0.02771	0.01859	0.01068	0.01008	0.00316	0.01190	0.00906	0.00768	0.01634
3	0.02164	0.14456	0.50397	0.02744	0.04162	0.02642	0.03477	0.03223	0.02154	0.03121	0.01778	0.02086	0.01303	0.00960	0.00926	0.00309	0.01452	0.00726	0.00434	0.01486
4	0.02507	0.02473	0.04369	0.05829	0.47340	0.02499	0.10074	0.03131	0.02306	0.03295	0.01918	0.02555	0.01601	0.00956	0.01172	0.00318	0.04630	0.00954	0.00506	0.01565
5	0.02419	0.02446	0.04556	0.13651	0.35188	0.02461	0.17767	0.03114	0.02321	0.03229	0.01957	0.02634	0.01569	0.00916	0.01074	0.00322	0.01388	0.01000	0.00504	0.01486
6	0.01690	0.01223	0.01512	0.01536	0.01750	0.01213	0.01104	0.09368	0.02602	0.03529	0.16778	0.41676	0.06693	0.02668	0.01245	0.00379	0.00650	0.02382	0.01004	0.00999
7	0.02366	0.02261	0.03851	0.22265	0.42929	0.02392	0.03063	0.02997	0.02254	0.03141	0.01900	0.02597	0.01551	0.00947	0.01019	0.00316	0.01262	0.00914	0.00493	0.01485
8	0.02337	0.02232	0.03799	0.24868	0.40548	0.02385	0.03049	0.02972	0.02241	0.03107	0.01895	0.02606	0.01539	0.00952	0.01019	0.00317	0.01269	0.00914	0.00490	0.01462
9	0.03984	0.02389	0.11142	0.02267	0.03195	0.01759	0.07663	0.04551	0.02765	0.43966	0.03501	0.03215	0.02247	0.01181	0.01043	0.00322	0.01064	0.01011	0.01062	0.01672
10	0.02058	0.05308	0.58618	0.02925	0.04442	0.02383	0.03792	0.03250	0.02167	0.03250	0.01842	0.02167	0.01300	0.00975	0.00975	0.00325	0.01517	0.00758	0.00433	0.01517
11	0.02593	0.03246	0.22222	0.11778	0.20231	0.02274	0.07437	0.03399	0.02338	0.11366	0.02213	0.02602	0.01611	0.00998	0.01023	0.00322	0.01332	0.00905	0.00590	0.01521
12	0.02160	0.14107	0.50711	0.02751	0.04173	0.02632	0.03489	0.03224	0.02155	0.03126	0.01780	0.02089	0.01302	0.00961	0.00928	0.00309	0.01454	0.00727	0.00434	0.01487
13	0.02401	0.01881	0.03095	0.46476	0.12019	0.02183	0.02684	0.03034	0.02215	0.10964	0.02166	0.02827	0.01571	0.01050	0.01026	0.00334	0.01278	0.00930	0.00583	0.01284
14	0.09751	0.02658	0.18227	0.02031	0.02750	0.01870	0.02044	0.10155	0.02662	0.03947	0.13462	0.11573	0.04250	0.01751	0.01092	0.00353	0.00992	0.08381	0.00811	0.01239
15	0.02797	0.02881	0.14320	0.08140	0.20127	0.06976	0.02543	0.03417	0.02457	0.14816	0.03266	0.03439	0.07878	0.01211	0.01026	0.00316	0.01194	0.01025	0.00702	0.01469
16	0.11554	0.20197	0.15079	0.02161	0.03074	0.11330	0.02127	0.09191	0.02603	0.10861	0.02007	0.02129	0.01502	0.01027	0.00853	0.00283	0.01233	0.00717	0.00653	0.01420
17	0.33376	0.01753	0.01863	0.01572	0.02212	0.01779	0.01271	0.03722	0.02304	0.28374	0.03086	0.09549	0.02402	0.01354	0.00890	0.00329	0.00807	0.01040	0.00956	0.01364
18	0.03209	0.12478	0.24011	0.02422	0.03516	0.02299	0.06544	0.03928	0.02483	0.25159	0.02683	0.02668	0.01820	0.01070	0.00970	0.00308	0.01214	0.00873	0.00776	0.01569
19	0.17600	0.11138	0.14294	0.01859	0.02733	0.02142	0.01857	0.03552	0.02338	0.21384	0.03371	0.03280	0.07875	0.01234	0.00904	0.00309	0.00983	0.00932	0.00809	0.01406
20	0.07070	0.01903	0.11419	0.01670	0.02179	0.01304	0.01490	0.02049	0.02034	0.03006	0.04428	0.34684	0.08261	0.02233	0.01109	0.00348	0.00792	0.01953	0.00785	0.11281
21	0.15968	0.21036	0.18005	0.05895	0.03329	0.02866	0.02240	0.08908	0.02412	0.07951	0.01885	0.02095	0.01421	0.00998	0.00831	0.00292	0.01152	0.00709	0.00608	0.01400
22	0.13065	0.07581	0.13867	0.07289	0.17428	0.08757	0.02476	0.03487	0.02331	0.11434	0.02070	0.02351	0.01548	0.01005	0.00918	0.00304	0.01234	0.00793	0.00619	0.01442

[dist]
# distance from previous block
# <min> <max>
0	62

[block]
# block no. 4 follows, 14 sequences, length 40
# corresponding to MSA columns:
# 278-317
name=unknown_E
#
# <colnr> <probs for GDERKNQSTAVLIFYWHMCP>
#	G	D	E	R	K	N	Q	S	T	A	V	L	I	F	Y	W	H	M	C	P
0	0.06950	0.39339	0.09240	0.02031	0.02873	0.15575	0.01936	0.03414	0.02297	0.05796	0.01647	0.01842	0.01374	0.00952	0.00764	0.00250	0.01266	0.00619	0.00516	0.01320
1	0.02332	0.34247	0.16322	0.01999	0.02826	0.06149	0.02055	0.02820	0.02124	0.02652	0.02433	0.14938	0.02482	0.01409	0.00884	0.00288	0.01127	0.01108	0.00553	0.01251
2	0.08898	0.46136	0.16395	0.01968	0.02960	0.03540	0.02131	0.03106	0.02071	0.02794	0.01516	0.01759	0.01294	0.00906	0.00724	0.00251	0.01159	0.00594	0.00456	0.01341
3	0.19027	0.24973	0.14182	0.01903	0.02830	0.02778	0.01948	0.03506	0.02204	0.15016	0.02068	0.02147	0.01527	0.00998	0.00794	0.00284	0.01060	0.00694	0.00661	0.01399
4	0.01672	0.02053	0.13679	0.01705	0.02247	0.01400	0.01625	0.02505	0.07062	0.03945	0.40892	0.06177	0.07356	0.01800	0.01146	0.00325	0.00732	0.01565	0.00974	0.01139
5	0.01704	0.02169	0.14748	0.02013	0.02601	0.01454	0.05647	0.02374	0.02586	0.03635	0.29435	0.06894	0.06378	0.01910	0.01201	0.00357	0.00908	0.11978	0.00887	0.01118
6	0.02385	0.01074	0.01560	0.01441	0.01611	0.01023	0.01023	0.02120	0.01679	0.13844	0.02267	0.03199	0.01944	0.03075	0.03374	0.55226	0.00887	0.00921	0.00622	0.00724
7	0.03027	0.01528	0.02265	0.01990	0.02523	0.01399	0.05374	0.03461	0.02588	0.28479	0.04571	0.12881	0.04129	0.02009	0.01213	0.00386	0.00932	0.18848	0.01064	0.01335
8	0.03216	0.02056	0.02340	0.02003	0.02653	0.02215	0.01587	0.05307	0.38611	0.21752	0.04135	0.03720	0.02941	0.01353	0.01040	0.00338	0.00832	0.01119	0.01117	0.01664
9	0.02700	0.51283	0.05119	0.02726	0.14362	0.03714	0.02054	0.03089	0.02139	0.02615	0.01534	0.01837	0.01383	0.00886	0.00735	0.00238	0.01123	0.00627	0.00454	0.01383
10	0.02550	0.02254	0.02715	0.02988	0.14389	0.02528	0.01950	0.04961	0.44284	0.04092	0.03697	0.03553	0.02811	0.01290	0.01038	0.00339	0.00899	0.01108	0.00930	0.01625
11	0.04051	0.02633	0.02931	0.02247	0.03062	0.02825	0.01856	0.43620	0.04422	0.17528	0.02802	0.02684	0.01915	0.01240	0.01028	0.00310	0.01075	0.00947	0.01079	0.01745
12	0.03401	0.03052	0.23735	0.02205	0.03233	0.01802	0.02338	0.04107	0.02641	0.33278	0.07131	0.03297	0.02597	0.01219	0.01023	0.00321	0.01090	0.00989	0.00941	0.01601
13	0.02877	0.04163	0.40532	0.02571	0.03856	0.02102	0.03057	0.03813	0.02414	0.20936	0.02551	0.02593	0.01699	0.01070	0.00993	0.00323	0.01310	0.00846	0.00702	0.01591
14	0.04604	0.01746	0.02382	0.01826	0.02620	0.01508	0.01508	0.05001	0.02937	0.58244	0.04049	0.03493	0.02540	0.01270	0.01032	0.00318	0.00873	0.01032	0.01270	0.01746
15	0.04080	0.01640	0.02238	0.01799	0.02497	0.01438	0.01490	0.04491	0.02872	0.48749	0.07552	0.04646	0.03363	0.01495	0.01086	0.00335	0.00856	0.06539	0.01225	0.01609
16	0.02533	0.02192	0.03589	0.14104	0.39049	0.02258	0.02764	0.05385	0.02414	0.06796	0.02377	0.07593	0.02071	0.01157	0.01043	0.00321	0.01165	0.01086	0.00608	0.01498
17	0.03303	0.02046	0.03314	0.14750	0.21096	0.02020	0.05596	0.03851	0.02545	0.26736	0.02827	0.03000	0.01964	0.01085	0.01037	0.00320	0.01132	0.00983	0.00825	0.01570
18	0.02508	0.01807	0.02929	0.48727	0.06118	0.02115	0.02563	0.03130	0.02241	0.14504	0.02299	0.02898	0.01618	0.01078	0.01027	0.00337	0.01262	0.00938	0.00630	0.01270
19	0.04604	0.01746	0.02382	0.01826	0.02620	0.01508	0.01508	0.05001	0.02937	0.58244	0.04049	0.03493	0.02540	0.01270	0.01032	0.00318	0.00873	0.01032	0.01270	0.01746
20	0.02512	0.03168	0.22755	0.03005	0.08103	0.02103	0.12379	0.03280	0.02397	0.12780	0.06965	0.03522	0.06327	0.01250	0.01204	0.00335	0.04698	0.01098	0.00692	0.01429
21	0.02058	0.05308	0.58618	0.02925	0.04442	0.02383	0.03792	0.03250	0.02167	0.03250	0.01842	0.02167	0.01300	0.00975	0.00975	0.00325	0.01517	0.00758	0.00433	0.01517
22	0.02344	0.03311	0.17284	0.04026	0.05166	0.02550	0.43122	0.03279	0.02368	0.03279	0.02026	0.02640	0.01502	0.00889	0.01161	0.00342	0.01684	0.01114	0.00501	0.01412
23	0.01967	0.01075	0.01445	0.01514	0.01730	0.00978	0.01071	0.02192	0.02172	0.14503	0.05313	0.50496	0.05880	0.02800	0.01250	0.00396	0.00655	0.02515	0.01020	0.01029
24	0.03284	0.02252	0.02498	0.02092	0.02770	0.02466	0.01670	0.15922	0.33370	0.16291	0.03777	0.03461	0.02705	0.01331	0.01038	0.00333	0.00894	0.01082	0.01089	0.01677
25	0.10273	0.16238	0.03022	0.01791	0.02591	0.02246	0.01549	0.06690	0.02721	0.38050	0.03131	0.02852	0.02090	0.01149	0.00909	0.00295	0.00929	0.00872	0.01009	0.01589
26	0.14373	0.02071	0.02301	0.01831	0.02577	0.06993	0.01493	0.04625	0.02759	0.45186	0.03435	0.03072	0.02217	0.01204	0.00964	0.00313	0.00951	0.00927	0.01108	0.01601
27	0.03542	0.01993	0.02372	0.01980	0.02657	0.02052	0.01600	0.09035	0.24543	0.28866	0.04051	0.04010	0.02910	0.01407	0.01059	0.00338	0.00873	0.03923	0.01140	0.01651
28	0.04604	0.01746	0.02382	0.01826	0.02620	0.01508	0.01508	0.05001	0.02937	0.58244	0.04049	0.03493	0.02540	0.01270	0.01032	0.00318	0.00873	0.01032	0.01270	0.01746
29	0.04082	0.02519	0.07922	0.02216	0.03076	0.06174	0.05122	0.11124	0.03080	0.38786	0.03331	0.03069	0.02170	0.01197	0.01030	0.00315	0.01092	0.00977	0.01059	0.01661
30	0.01726	0.01465	0.02483	0.02286	0.02671	0.01408	0.12630	0.02222	0.02309	0.03026	0.05038	0.18061	0.08062	0.02463	0.01344	0.00429	0.01031	0.29475	0.00856	0.01016
31	0.02126	0.01198	0.01587	0.01405	0.01765	0.01084	0.01084	0.02591	0.02912	0.15679	0.45682	0.06774	0.08157	0.01921	0.01172	0.00322	0.00567	0.01680	0.01160	0.01135
32	0.02366	0.02797	0.14270	0.02204	0.02970	0.02414	0.02036	0.04742	0.41025	0.03978	0.04054	0.03839	0.06003	0.01376	0.01040	0.00343	0.00945	0.01135	0.00908	0.01556
33	0.02371	0.01654	0.02855	0.02253	0.02812	0.01517	0.15589	0.02910	0.02683	0.15298	0.25339	0.11131	0.05629	0.01697	0.01183	0.00338	0.00921	0.01612	0.00974	0.01235
34	0.34620	0.15275	0.02531	0.01560	0.02219	0.02497	0.01338	0.07735	0.02371	0.08621	0.09949	0.02772	0.02597	0.01158	0.00794	0.00296	0.00850	0.00819	0.00754	0.01244
35	0.03904	0.08407	0.03035	0.02612	0.07933	0.28902	0.01900	0.04253	0.02799	0.22723	0.02495	0.02491	0.01790	0.01106	0.00950	0.00284	0.01378	0.00809	0.00787	0.01441
36	0.02405	0.11829	0.11669	0.01746	0.02458	0.01848	0.01684	0.02993	0.04899	0.14729	0.05458	0.07927	0.20027	0.01759	0.01056	0.00327	0.00892	0.04164	0.00858	0.01271
37	0.02533	0.03356	0.28575	0.02929	0.11385	0.01935	0.02715	0.03293	0.02321	0.14904	0.02989	0.13125	0.02567	0.01418	0.01051	0.00336	0.01175	0.01215	0.00713	0.01463
38	0.03770	0.02018	0.07036	0.02337	0.07751	0.01617	0.01868	0.04263	0.02734	0.40541	0.03878	0.04491	0.02852	0.01444	0.01083	0.00340	0.00968	0.08328	0.01084	0.01598
39	0.02469	0.03700	0.29172	0.04014	0.23761	0.02355	0.03187	0.03545	0.07213	0.07436	0.02252	0.02555	0.01680	0.01013	0.01001	0.00319	0.01294	0.00873	0.00579	0.01584

[dist]
# distance from previous block
# <min> <max>
7	44

[block]
# block no. 5 follows, 14 sequences, length 22
# corresponding to MSA columns:
# 365-386
name=unknown_F
#
# <colnr> <probs for GDERKNQSTAVLIFYWHMCP>
#	G	D	E	R	K	N	Q	S	T	A	V	L	I	F	Y	W	H	M	C	P
0	0.10674	0.02731	0.15529	0.02241	0.03100	0.02050	0.05861	0.11598	0.02749	0.19063	0.03079	0.11451	0.02510	0.01413	0.01027	0.00334	0.01078	0.01185	0.00865	0.01463
1	0.02960	0.03320	0.25412	0.02334	0.03337	0.02123	0.02461	0.11374	0.06522	0.18261	0.03081	0.09053	0.02396	0.01355	0.01038	0.00332	0.01142	0.01109	0.00841	0.01548
2	0.03188	0.02830	0.16029	0.02954	0.09536	0.02062	0.10056	0.07569	0.02754	0.23588	0.06622	0.03191	0.02450	0.01157	0.01056	0.00322	0.01180	0.01033	0.00852	0.01571
3	0.02824	0.02795	0.20234	0.02112	0.02962	0.01796	0.02139	0.08648	0.02727	0.20219	0.09332	0.12994	0.03535	0.01575	0.01077	0.00335	0.01019	0.01326	0.00909	0.01440
4	0.03156	0.09616	0.15349	0.02062	0.02973	0.02117	0.02022	0.09834	0.02723	0.22183	0.02986	0.08453	0.02327	0.01288	0.00975	0.00299	0.01036	0.01040	0.00859	0.08701
5	0.02911	0.03356	0.20994	0.02319	0.03300	0.06274	0.02328	0.08594	0.14583	0.13317	0.02786	0.02770	0.01993	0.01125	0.00978	0.00304	0.01151	0.00887	0.00796	0.09235
6	0.08155	0.25613	0.03433	0.01814	0.02552	0.07161	0.01587	0.07388	0.02668	0.19639	0.08092	0.02901	0.02571	0.01167	0.00874	0.00276	0.01007	0.00866	0.00822	0.01415
7	0.02748	0.17287	0.10871	0.01952	0.02809	0.07860	0.01836	0.07155	0.02581	0.09091	0.08142	0.02780	0.02457	0.01086	0.00882	0.00251	0.01059	0.00828	0.00696	0.17628
8	0.02875	0.02267	0.02514	0.15280	0.03630	0.10372	0.01763	0.03341	0.02402	0.14903	0.02268	0.02518	0.01676	0.00975	0.00904	0.00247	0.01085	0.00776	0.00705	0.29497
9	0.01791	0.01139	0.01467	0.01378	0.01696	0.01036	0.01074	0.02233	0.02773	0.09852	0.39203	0.07917	0.15118	0.02153	0.01212	0.00341	0.00581	0.06895	0.01101	0.01038
10	0.02557	0.08699	0.02378	0.01755	0.02217	0.02026	0.01390	0.16365	0.06858	0.07505	0.11750	0.13814	0.03987	0.02033	0.01512	0.10799	0.00856	0.01390	0.00895	0.01214
11	0.02873	0.02056	0.03296	0.22751	0.16698	0.02167	0.06433	0.03711	0.07971	0.17558	0.02695	0.03006	0.01932	0.01090	0.01042	0.00328	0.01175	0.00993	0.00747	0.01478
12	0.01300	0.00955	0.01228	0.01405	0.01538	0.00883	0.00996	0.01544	0.02135	0.02809	0.10588	0.45929	0.14258	0.02996	0.01298	0.00404	0.00609	0.07297	0.00967	0.00860
13	0.01938	0.01824	0.03078	0.61468	0.07068	0.02280	0.02850	0.02622	0.02052	0.02622	0.01824	0.02736	0.01368	0.01026	0.01026	0.00342	0.01368	0.00912	0.00456	0.01140
14	0.08156	0.02620	0.09221	0.02694	0.08404	0.06265	0.07407	0.06649	0.02752	0.30949	0.02962	0.02887	0.01989	0.01122	0.01009	0.00316	0.01147	0.00945	0.00917	0.01589
15	0.01435	0.01031	0.01411	0.01537	0.01679	0.01043	0.01154	0.01739	0.02042	0.02774	0.10440	0.26691	0.05667	0.09842	0.14910	0.00752	0.01186	0.12947	0.00848	0.00872
16	0.01793	0.01088	0.01350	0.01362	0.01642	0.00963	0.00990	0.02057	0.02313	0.11704	0.11116	0.32697	0.21781	0.02622	0.01227	0.00372	0.00607	0.02297	0.01018	0.01001
17	0.08985	0.02173	0.02686	0.02092	0.02842	0.05764	0.05880	0.11495	0.03073	0.34714	0.07028	0.03333	0.02660	0.01252	0.01022	0.00315	0.01013	0.01029	0.01066	0.01577
18	0.09400	0.17445	0.13649	0.03376	0.19640	0.02796	0.02481	0.08607	0.02500	0.08119	0.01980	0.02251	0.01534	0.00983	0.00891	0.00291	0.01165	0.00777	0.00608	0.01507
19	0.38330	0.02232	0.02235	0.02382	0.11054	0.07146	0.01614	0.03205	0.02130	0.09194	0.05897	0.02481	0.02001	0.01126	0.00980	0.00320	0.04942	0.00787	0.00691	0.01251
20	0.02949	0.22026	0.09772	0.02618	0.11000	0.06938	0.02072	0.03703	0.07935	0.12458	0.02444	0.02566	0.01862	0.01053	0.00876	0.00279	0.01102	0.00813	0.06083	0.01453
21	0.14041	0.06597	0.02516	0.01796	0.02568	0.02044	0.01495	0.09116	0.06723	0.32778	0.03144	0.02901	0.02123	0.01159	0.00924	0.00299	0.00889	0.00891	0.01021	0.06976

[dist]
# distance from previous block
# <min> <max>
4	7

[block]
# block no. 6 follows, 14 sequences, length 8
# corresponding to MSA columns:
# 394-401
name=unknown_G
#
# <colnr> <probs for GDERKNQSTAVLIFYWHMCP>
#	G	D	E	R	K	N	Q	S	T	A	V	L	I	F	Y	W	H	M	C	P
0	0.02510	0.02149	0.12628	0.01836	0.02489	0.01516	0.01703	0.03263	0.07966	0.18949	0.09306	0.16849	0.10759	0.01869	0.01118	0.00347	0.00854	0.01598	0.00969	0.01322
1	0.01979	0.01704	0.01985	0.13778	0.02988	0.06628	0.01557	0.08782	0.02523	0.03248	0.08878	0.32586	0.04827	0.02222	0.01173	0.00365	0.00921	0.01957	0.00841	0.01057
2	0.08203	0.10430	0.03358	0.12259	0.18909	0.07494	0.02233	0.03668	0.06772	0.13480	0.02361	0.02611	0.01775	0.01048	0.00939	0.00303	0.01151	0.00859	0.00689	0.01456
3	0.06600	0.07022	0.06611	0.02796	0.12516	0.02296	0.02064	0.11168	0.09852	0.11399	0.03237	0.04516	0.02761	0.01466	0.01054	0.00342	0.01036	0.10953	0.00847	0.01463
4	0.01538	0.01170	0.01467	0.01550	0.01776	0.01131	0.01128	0.02122	0.08533	0.03059	0.09726	0.40878	0.06085	0.02656	0.01235	0.00384	0.00661	0.07285	0.00950	0.06667
5	0.31515	0.07975	0.08106	0.01790	0.02568	0.02437	0.01625	0.06165	0.12596	0.08300	0.02284	0.02347	0.01711	0.01059	0.00810	0.00304	0.00920	0.00752	0.00742	0.05996
6	0.07880	0.01119	0.01326	0.01281	0.01553	0.01066	0.00957	0.01929	0.02632	0.03845	0.40942	0.13125	0.14266	0.02167	0.01168	0.00335	0.00529	0.01882	0.01044	0.00955
7	0.08332	0.10786	0.23630	0.02979	0.11309	0.02404	0.07182	0.03066	0.02160	0.03305	0.01786	0.02160	0.01398	0.00901	0.00892	0.00277	0.01231	0.00749	0.00504	0.14947

[dist]
# distance from previous block
# <min> <max>
6	7

[block]
# block no. 7 follows, 14 sequences, length 13
# corresponding to MSA columns:
# 409-421
name=unknown_H
#
# <colnr> <probs for GDERKNQSTAVLIFYWHMCP>
#	G	D	E	R	K	N	Q	S	T	A	V	L	I	F	Y	W	H	M	C	P
0	0.02332	0.01846	0.02709	0.30500	0.04641	0.02197	0.02213	0.09298	0.02438	0.07546	0.05578	0.06381	0.02392	0.01900	0.06234	0.00460	0.08347	0.01101	0.00668	0.01219
1	0.02111	0.01173	0.01475	0.01351	0.01648	0.01069	0.00977	0.02398	0.02397	0.15235	0.21275	0.12333	0.11749	0.17655	0.02192	0.00503	0.00714	0.01724	0.00995	0.01028
2	0.01250	0.00893	0.01191	0.01429	0.01488	0.00834	0.00953	0.01429	0.01965	0.02620	0.05656	0.63265	0.06787	0.03215	0.01310	0.00417	0.00595	0.02917	0.00953	0.00834
3	0.01401	0.01047	0.01470	0.01504	0.01685	0.01116	0.01131	0.01740	0.01951	0.02714	0.11877	0.16424	0.08968	0.05592	0.35152	0.01110	0.01818	0.01648	0.00746	0.00904
4	0.02105	0.04979	0.51801	0.03107	0.04561	0.02411	0.10278	0.03255	0.02200	0.03255	0.01872	0.02245	0.01333	0.00961	0.01006	0.00328	0.01544	0.00817	0.00444	0.01499
5	0.04195	0.01656	0.02251	0.01756	0.02479	0.01438	0.01438	0.04604	0.02933	0.51224	0.10915	0.04034	0.03467	0.01378	0.01055	0.00318	0.00823	0.01139	0.01252	0.01646
6	0.01974	0.01267	0.01573	0.01529	0.01841	0.01209	0.01159	0.07291	0.02632	0.09789	0.15555	0.27361	0.13439	0.02456	0.01226	0.00372	0.00681	0.06543	0.01030	0.01071
7	0.01413	0.00969	0.01167	0.01233	0.01276	0.00942	0.00760	0.01517	0.01781	0.02399	0.09378	0.24413	0.05279	0.38834	0.03603	0.00748	0.00819	0.01972	0.00776	0.00722
8	0.19548	0.17491	0.02644	0.01578	0.02197	0.02319	0.01342	0.03386	0.07599	0.13242	0.07626	0.06435	0.02843	0.01287	0.00849	0.00296	0.00822	0.00983	0.06228	0.01285
9	0.07108	0.25516	0.13127	0.02346	0.06140	0.06488	0.02151	0.11461	0.02691	0.10977	0.02055	0.02178	0.01554	0.01021	0.00856	0.00278	0.01178	0.00737	0.00664	0.01474
