[name]
unknown

[dist]
# distance from previous block
# <min> <max>
3	383

[block]
# block no. 0 follows, 14 sequences, length 41
# corresponding to MSA columns:
# 402-442
name=unknown_A
#
# <colnr> <probs for GDERKNQSTAVLIFYWHMCP>
#	G	D	E	R	K	N	Q	S	T	A	V	L	I	F	Y	W	H	M	C	P
0	0.03061	0.02392	0.02847	0.08468	0.08014	0.02594	0.01954	0.30397	0.08809	0.05116	0.08322	0.03162	0.02665	0.01257	0.01027	0.00305	0.01034	0.01021	0.00906	0.06646
1	0.03161	0.07571	0.03009	0.02253	0.02907	0.03031	0.01853	0.27534	0.21917	0.04955	0.02855	0.02848	0.02150	0.01319	0.01254	0.00330	0.07555	0.00973	0.00923	0.01602
2	0.31418	0.02302	0.02227	0.02128	0.07906	0.06467	0.01508	0.11290	0.02450	0.04239	0.01842	0.02289	0.01516	0.04780	0.01060	0.00321	0.00976	0.00726	0.00673	0.13884
3	0.02779	0.02211	0.03176	0.03130	0.14921	0.02164	0.08077	0.12557	0.08168	0.09213	0.02777	0.07969	0.02307	0.01218	0.01021	0.00295	0.01045	0.01101	0.00789	0.15082
4	0.02720	0.02049	0.02394	0.05891	0.07185	0.06008	0.01623	0.08195	0.05215	0.12364	0.07526	0.09166	0.03008	0.01334	0.00988	0.00278	0.00933	0.01123	0.00833	0.21167
5	0.01985	0.08196	0.02469	0.01962	0.02349	0.10225	0.06882	0.02288	0.02181	0.02713	0.03925	0.36400	0.04428	0.02205	0.01131	0.00345	0.00969	0.01970	0.00763	0.06615
6	0.02457	0.02197	0.02406	0.08145	0.03079	0.06417	0.01541	0.08843	0.02504	0.03571	0.01881	0.02211	0.01514	0.00869	0.00834	0.00200	0.00958	0.00683	0.00635	0.49056
7	0.01421	0.00965	0.01140	0.01210	0.01228	0.00947	0.00719	0.01474	0.01631	0.02175	0.03946	0.23352	0.04630	0.46071	0.04072	0.00825	0.00877	0.01912	0.00719	0.00684
8	0.02112	0.01559	0.02044	0.01734	0.02144	0.01583	0.01374	0.02490	0.02235	0.09096	0.15899	0.09148	0.04152	0.02228	0.07143	0.00437	0.13041	0.01264	0.00800	0.19517
9	0.19879	0.02565	0.03751	0.07102	0.19658	0.06133	0.15331	0.07311	0.02432	0.03808	0.01857	0.02340	0.01455	0.00952	0.00966	0.00318	0.01284	0.00884	0.00583	0.01390
10	0.08633	0.02659	0.02608	0.02322	0.02850	0.16561	0.06922	0.06671	0.14637	0.03539	0.03330	0.08377	0.03076	0.01627	0.01090	0.00352	0.01197	0.11491	0.00798	0.01260
11	0.01412	0.00961	0.01143	0.01222	0.01242	0.00941	0.00732	0.01471	0.01649	0.02199	0.04037	0.25476	0.04745	0.43791	0.03925	0.00803	0.00862	0.01965	0.00732	0.00692
12	0.03421	0.01508	0.01941	0.01607	0.02152	0.01383	0.01255	0.03923	0.05969	0.35622	0.06734	0.07564	0.03363	0.10035	0.01602	0.00410	0.00810	0.01245	0.08044	0.01412
13	0.04501	0.01912	0.02484	0.01904	0.02702	0.01754	0.01573	0.12218	0.03215	0.50635	0.03816	0.03342	0.02423	0.01265	0.01031	0.00316	0.00911	0.01016	0.01234	0.01746
14	0.03901	0.02874	0.03080	0.02361	0.03182	0.03182	0.01951	0.54111	0.04825	0.06468	0.02464	0.02464	0.01745	0.01232	0.01027	0.00308	0.01129	0.00924	0.01027	0.01745
15	0.04604	0.01746	0.02382	0.01826	0.02620	0.01508	0.01508	0.05001	0.02937	0.58244	0.04049	0.03493	0.02540	0.01270	0.01032	0.00318	0.00873	0.01032	0.01270	0.01746
16	0.01664	0.01094	0.01241	0.01176	0.01436	0.00985	0.00823	0.01882	0.02193	0.08027	0.13814	0.07911	0.27644	0.22750	0.02526	0.00556	0.00706	0.01791	0.00898	0.00884
17	0.04428	0.02029	0.02557	0.01960	0.02761	0.01928	0.01619	0.17314	0.03411	0.45262	0.03651	0.03235	0.02341	0.01261	0.01031	0.00315	0.00937	0.01005	0.01209	0.01746
18	0.04547	0.01838	0.02438	0.01869	0.02665	0.01644	0.01544	0.08980	0.03090	0.54049	0.03920	0.03410	0.02476	0.01267	0.01032	0.00317	0.00894	0.01023	0.01250	0.01746
19	0.02411	0.01437	0.01489	0.01309	0.01694	0.01515	0.01027	0.15359	0.02822	0.04488	0.03126	0.03484	0.02408	0.01205	0.00795	0.00256	0.00641	0.00948	0.52431	0.01154
20	0.02279	0.01805	0.01946	0.01748	0.02141	0.02007	0.01287	0.09148	0.29050	0.03751	0.06877	0.04872	0.03579	0.22166	0.02439	0.00557	0.00887	0.01287	0.00907	0.01265
21	0.18146	0.01795	0.02204	0.01729	0.02490	0.01670	0.01428	0.04598	0.02695	0.47334	0.03516	0.03122	0.02250	0.01206	0.00951	0.00318	0.00857	0.00935	0.01141	0.01617
22	0.02058	0.05308	0.58618	0.02925	0.04442	0.02383	0.03792	0.03250	0.02167	0.03250	0.01842	0.02167	0.01300	0.00975	0.00975	0.00325	0.01517	0.00758	0.00433	0.01517
23	0.02765	0.01377	0.01731	0.01507	0.01945	0.01262	0.01137	0.03205	0.05669	0.25595	0.10037	0.11814	0.11464	0.13520	0.01892	0.00462	0.00776	0.01564	0.01043	0.01234
24	0.01894	0.01107	0.01308	0.01309	0.01573	0.01066	0.00960	0.02406	0.05677	0.08643	0.10502	0.24092	0.08803	0.02076	0.01052	0.00329	0.00580	0.01804	0.23792	0.01029
25	0.02797	0.02326	0.02458	0.02138	0.02762	0.02667	0.01683	0.14277	0.46457	0.04687	0.03866	0.03581	0.02881	0.01363	0.01041	0.00341	0.00870	0.01117	0.01041	0.01646
26	0.01232	0.00967	0.01115	0.01234	0.01437	0.00850	0.00866	0.01451	0.02153	0.02696	0.08035	0.36472	0.32045	0.02906	0.01261	0.00382	0.00557	0.02540	0.00953	0.00850
27	0.02128	0.01824	0.02128	0.01520	0.02432	0.01368	0.01216	0.02584	0.02128	0.03344	0.01824	0.02128	0.01520	0.00760	0.00760	0.00152	0.00760	0.00608	0.00608	0.70208
28	0.01289	0.00921	0.01235	0.01473	0.01550	0.00867	0.01020	0.01496	0.02003	0.02663	0.05635	0.58299	0.06703	0.03179	0.01320	0.00422	0.00629	0.07501	0.00952	0.00844
29	0.02744	0.64552	0.05378	0.01756	0.02634	0.04061	0.01756	0.03073	0.02085	0.02414	0.01427	0.01646	0.01317	0.00878	0.00658	0.00219	0.01097	0.00549	0.00439	0.01317
30	0.02484	0.02071	0.02174	0.01967	0.02510	0.02381	0.01527	0.05124	0.49935	0.04243	0.04088	0.03828	0.03079	0.01371	0.01009	0.00336	0.00776	0.01138	0.08405	0.01553
31	0.04028	0.01619	0.02197	0.01728	0.02421	0.01410	0.01410	0.04441	0.02931	0.48341	0.13734	0.04256	0.03847	0.01422	0.01065	0.00318	0.00802	0.01183	0.01244	0.01604
32	0.02540	0.02438	0.04165	0.06299	0.57533	0.02438	0.03149	0.03149	0.02337	0.03353	0.01930	0.02540	0.01626	0.00914	0.01016	0.00305	0.01219	0.00914	0.00508	0.01626
33	0.01452	0.01049	0.01372	0.01291	0.01533	0.00968	0.00968	0.01937	0.02905	0.04115	0.56992	0.07666	0.09683	0.02098	0.01210	0.00323	0.00484	0.01856	0.01130	0.00968
34	0.02088	0.01932	0.03010	0.47180	0.09490	0.02340	0.02647	0.03169	0.11795	0.02972	0.02257	0.02922	0.01704	0.01085	0.01029	0.00341	0.01258	0.00957	0.00566	0.01259
35	0.01291	0.00922	0.01237	0.01475	0.01553	0.00869	0.01023	0.01499	0.02005	0.02665	0.05634	0.58046	0.06698	0.03177	0.01321	0.00422	0.00631	0.07734	0.00952	0.00845
36	0.02422	0.02768	0.06055	0.04325	0.05363	0.02595	0.53806	0.03287	0.02422	0.03287	0.02076	0.02768	0.01557	0.00865	0.01211	0.00346	0.01730	0.01211	0.00519	0.01384
37	0.01283	0.00918	0.01220	0.01407	0.01496	0.00855	0.00955	0.01510	0.02115	0.02858	0.13843	0.54398	0.07249	0.03037	0.01294	0.00402	0.00578	0.02748	0.00981	0.00855
38	0.02600	0.02583	0.05426	0.09037	0.05234	0.02458	0.44099	0.03402	0.02442	0.08778	0.02253	0.02839	0.01640	0.00920	0.01177	0.00343	0.01612	0.01167	0.00589	0.01399
39	0.21225	0.02205	0.02300	0.01807	0.02583	0.02266	0.01476	0.19062	0.06351	0.11234	0.02331	0.02380	0.01705	0.01057	0.00860	0.00276	0.00900	0.00777	0.00851	0.18354
40	0.21442	0.02565	0.06313	0.03219	0.19409	0.07946	0.02097	0.03705	0.02385	0.18084	0.02316	0.02466	0.01679	0.01037	0.00907	0.00309	0.01097	0.00815	0.00740	0.01470

[dist]
# distance from previous block
# <min> <max>
0	8

[block]
# block no. 1 follows, 14 sequences, length 56
# corresponding to MSA columns:
# 451-506
name=unknown_B
#
# <colnr> <probs for GDERKNQSTAVLIFYWHMCP>
#	G	D	E	R	K	N	Q	S	T	A	V	L	I	F	Y	W	H	M	C	P
0	0.09028	0.08140	0.02585	0.06607	0.02872	0.02315	0.01577	0.11126	0.15372	0.04085	0.07402	0.03046	0.02608	0.01155	0.00909	0.00276	0.00889	0.00915	0.00797	0.18295
1	0.14995	0.02266	0.02132	0.01749	0.02445	0.09848	0.01375	0.05993	0.05186	0.09800	0.02476	0.07803	0.02108	0.01174	0.00871	0.00259	0.00939	0.00909	0.00753	0.26920
2	0.02270	0.02154	0.03585	0.18461	0.36568	0.02332	0.02825	0.02830	0.02175	0.03048	0.02156	0.07456	0.01958	0.01201	0.01243	0.00335	0.06398	0.01074	0.00527	0.01406
3	0.07091	0.01171	0.01638	0.01625	0.01845	0.01365	0.01269	0.01928	0.01657	0.02562	0.02642	0.03841	0.02448	0.07152	0.55089	0.01542	0.02591	0.01056	0.00557	0.00932
4	0.02754	0.02158	0.03570	0.19569	0.34876	0.02232	0.02781	0.03345	0.02371	0.12952	0.02281	0.02760	0.01723	0.01006	0.01021	0.00317	0.01195	0.00935	0.00631	0.01523
5	0.64618	0.02071	0.01662	0.01448	0.02101	0.02388	0.01193	0.08002	0.02047	0.04786	0.01530	0.01745	0.01173	0.00980	0.00673	0.00317	0.00827	0.00592	0.00673	0.01173
6	0.01607	0.01191	0.01559	0.01743	0.01954	0.01209	0.01394	0.02246	0.08232	0.03044	0.05373	0.29636	0.05916	0.02811	0.01336	0.00438	0.00802	0.27569	0.00959	0.00981
7	0.01574	0.00989	0.01294	0.01434	0.01590	0.00902	0.00992	0.01781	0.02092	0.08060	0.05904	0.52874	0.10670	0.02973	0.01274	0.00401	0.00616	0.02669	0.00984	0.00925
8	0.58393	0.02142	0.02073	0.01718	0.02407	0.02415	0.05964	0.08027	0.02108	0.04667	0.01588	0.01844	0.01214	0.00972	0.00725	0.00319	0.00911	0.00651	0.00663	0.01198
9	0.02553	0.02204	0.02320	0.02088	0.02669	0.02553	0.01624	0.05453	0.55679	0.04293	0.04177	0.03829	0.03133	0.01392	0.01044	0.00348	0.00812	0.01160	0.01044	0.01624
10	0.01598	0.01155	0.01432	0.01476	0.01736	0.01134	0.01162	0.02227	0.07025	0.03513	0.22674	0.14512	0.12019	0.02325	0.01215	0.00370	0.00652	0.14969	0.07814	0.00991
11	0.02567	0.01502	0.02250	0.22557	0.03828	0.01570	0.01828	0.03007	0.02323	0.20135	0.03800	0.20510	0.03510	0.01818	0.01129	0.00362	0.00972	0.04218	0.00879	0.01234
12	0.02599	0.02075	0.02431	0.02483	0.08747	0.02300	0.01726	0.04792	0.40543	0.08388	0.04047	0.09037	0.03246	0.01494	0.01064	0.00347	0.00843	0.01281	0.00994	0.01563
13	0.01335	0.01032	0.01218	0.01198	0.01468	0.00914	0.00888	0.01699	0.02588	0.03427	0.33144	0.13336	0.29250	0.02403	0.01220	0.00341	0.00509	0.02076	0.01041	0.00914
14	0.04297	0.01678	0.02283	0.01774	0.02514	0.01456	0.01456	0.04702	0.02934	0.52962	0.09215	0.03900	0.03237	0.01351	0.01049	0.00318	0.00835	0.01112	0.01256	0.01671
15	0.02517	0.01894	0.02973	0.41013	0.09945	0.02180	0.02524	0.03345	0.07088	0.12748	0.02442	0.02954	0.01757	0.01094	0.01028	0.00335	0.01217	0.00956	0.00659	0.01331
16	0.02088	0.05103	0.54380	0.03038	0.04516	0.02400	0.07823	0.03253	0.02187	0.03253	0.01861	0.02215	0.01321	0.00966	0.00994	0.00327	0.01534	0.00795	0.00440	0.01506
17	0.02122	0.04861	0.49371	0.03171	0.04604	0.02421	0.12590	0.03256	0.02212	0.03256	0.01883	0.02272	0.01345	0.00956	0.01017	0.00329	0.01554	0.00838	0.00448	0.01493
18	0.71184	0.01985	0.01508	0.01350	0.01985	0.02302	0.01111	0.03017	0.01746	0.04604	0.01429	0.01667	0.01111	0.00953	0.00635	0.00318	0.00794	0.00556	0.00635	0.01111
19	0.02672	0.01584	0.01967	0.01529	0.02226	0.01291	0.01220	0.03099	0.02544	0.20107	0.14124	0.04265	0.07933	0.01328	0.00968	0.00252	0.00720	0.01110	0.00940	0.30120
20	0.18677	0.02089	0.02489	0.02215	0.07286	0.02103	0.01653	0.14507	0.03016	0.31321	0.02976	0.02805	0.01990	0.01163	0.00944	0.00314	0.00938	0.00897	0.01018	0.01599
21	0.04087	0.02317	0.02869	0.02507	0.08305	0.02345	0.01867	0.26661	0.03717	0.29782	0.03134	0.02941	0.02096	0.01218	0.01028	0.00312	0.01021	0.00972	0.01086	0.01734
22	0.01250	0.00893	0.01191	0.01429	0.01488	0.00834	0.00953	0.01429	0.01965	0.02620	0.05656	0.63265	0.06787	0.03215	0.01310	0.00417	0.00595	0.02917	0.00953	0.00834
23	0.01691	0.00951	0.01427	0.01427	0.01480	0.01004	0.01004	0.01480	0.01427	0.01956	0.02062	0.03383	0.02009	0.04758	0.20138	0.50367	0.01428	0.00951	0.00476	0.00582
24	0.02744	0.02370	0.03989	0.05856	0.52098	0.02346	0.02987	0.03333	0.02396	0.08786	0.02140	0.02634	0.01716	0.00950	0.01018	0.00306	0.01185	0.00926	0.00583	0.01637
25	0.71184	0.01985	0.01508	0.01350	0.01985	0.02302	0.01111	0.03017	0.01746	0.04604	0.01429	0.01667	0.01111	0.00953	0.00635	0.00318	0.00794	0.00556	0.00635	0.01111
26	0.01254	0.00963	0.01150	0.01269	0.01454	0.00858	0.00888	0.01492	0.02192	0.02813	0.12104	0.37950	0.26169	0.02880	0.01264	0.00382	0.00557	0.02536	0.00969	0.00858
27	0.11974	0.02864	0.20418	0.02024	0.02901	0.01926	0.02090	0.03552	0.09614	0.14441	0.09532	0.03902	0.07765	0.01360	0.00997	0.00327	0.00989	0.01090	0.00834	0.01400
28	0.02328	0.01818	0.02148	0.01545	0.02447	0.01379	0.01240	0.02779	0.02193	0.07770	0.02003	0.02238	0.01602	0.00801	0.00782	0.00165	0.00769	0.00642	0.00661	0.64689
29	0.71184	0.01985	0.01508	0.01350	0.01985	0.02302	0.01111	0.03017	0.01746	0.04604	0.01429	0.01667	0.01111	0.00953	0.00635	0.00318	0.00794	0.00556	0.00635	0.01111
30	0.01278	0.00953	0.01198	0.01381	0.01523	0.00873	0.00976	0.01502	0.02087	0.02696	0.06727	0.46294	0.18294	0.03039	0.01297	0.00406	0.00610	0.07064	0.00952	0.00851
31	0.02294	0.02389	0.03944	0.03143	0.03428	0.02993	0.16419	0.02694	0.01805	0.02694	0.01548	0.02389	0.01405	0.01540	0.02775	0.00421	0.45474	0.00984	0.00468	0.01194
32	0.01938	0.01824	0.03078	0.61468	0.07068	0.02280	0.02850	0.02622	0.02052	0.02622	0.01824	0.02736	0.01368	0.01026	0.01026	0.00342	0.01368	0.00912	0.00456	0.01140
33	0.02422	0.02768	0.06055	0.04325	0.05363	0.02595	0.53806	0.03287	0.02422	0.03287	0.02076	0.02768	0.01557	0.00865	0.01211	0.00346	0.01730	0.01211	0.00519	0.01384
34	0.01563	0.01017	0.01180	0.01139	0.01398	0.00947	0.00855	0.02008	0.02564	0.03795	0.31626	0.06780	0.15330	0.01887	0.01049	0.00299	0.00488	0.01614	0.23514	0.00947
35	0.01270	0.00909	0.01209	0.01415	0.01493	0.00847	0.00954	0.01479	0.02058	0.02768	0.10737	0.57762	0.07074	0.03104	0.01300	0.00407	0.00584	0.02812	0.00970	0.00847
36	0.01462	0.00994	0.01180	0.01207	0.01232	0.01005	0.00725	0.01519	0.01561	0.02100	0.03459	0.12830	0.03960	0.51518	0.10190	0.00994	0.01123	0.01614	0.00652	0.00675
37	0.71184	0.01985	0.01508	0.01350	0.01985	0.02302	0.01111	0.03017	0.01746	0.04604	0.01429	0.01667	0.01111	0.00953	0.00635	0.00318	0.00794	0.00556	0.00635	0.01111
38	0.71184	0.01985	0.01508	0.01350	0.01985	0.02302	0.01111	0.03017	0.01746	0.04604	0.01429	0.01667	0.01111	0.00953	0.00635	0.00318	0.00794	0.00556	0.00635	0.01111
39	0.01273	0.00911	0.01211	0.01413	0.01493	0.00849	0.00954	0.01486	0.02071	0.02788	0.11448	0.56992	0.07114	0.03089	0.01299	0.00406	0.00583	0.02798	0.00973	0.00849
40	0.01938	0.01824	0.03078	0.61468	0.07068	0.02280	0.02850	0.02622	0.02052	0.02622	0.01824	0.02736	0.01368	0.01026	0.01026	0.00342	0.01368	0.00912	0.00456	0.01140
41	0.01213	0.01040	0.01040	0.01040	0.01386	0.00866	0.00780	0.01473	0.02339	0.02772	0.10396	0.09876	0.57117	0.02599	0.01213	0.00347	0.00520	0.02166	0.00953	0.00866
42	0.63672	0.01958	0.01607	0.01403	0.02056	0.02213	0.01156	0.03240	0.01881	0.10656	0.01724	0.01873	0.01273	0.00988	0.00680	0.00318	0.00803	0.00609	0.00707	0.01183
43	0.01491	0.01108	0.01426	0.01610	0.01770	0.01108	0.01191	0.02045	0.08117	0.02913	0.05438	0.44561	0.06170	0.02921	0.01305	0.00422	0.00701	0.13794	0.00961	0.00949
44	0.01466	0.01100	0.01649	0.01649	0.01833	0.01283	0.01283	0.01833	0.01649	0.02382	0.02749	0.04032	0.02566	0.07697	0.59868	0.01649	0.02749	0.01100	0.00550	0.00916
45	0.02232	0.20301	0.45144	0.02629	0.03984	0.02808	0.03276	0.03205	0.02146	0.03038	0.01737	0.02035	0.01304	0.00950	0.00895	0.00298	0.01411	0.00705	0.00435	0.01466
46	0.02128	0.01824	0.02128	0.01520	0.02432	0.01368	0.01216	0.02584	0.02128	0.03344	0.01824	0.02128	0.01520	0.00760	0.00760	0.00152	0.00760	0.00608	0.00608	0.70208
47	0.01389	0.01047	0.01284	0.01225	0.01494	0.00941	0.00919	0.01814	0.02756	0.03761	0.44702	0.08249	0.22194	0.02230	0.01211	0.00329	0.00494	0.01938	0.01083	0.00941
48	0.02264	0.02157	0.03667	0.31587	0.34401	0.02366	0.03012	0.02908	0.02206	0.03018	0.01882	0.02630	0.01507	0.00966	0.01021	0.00322	0.01287	0.00913	0.00484	0.01403
49	0.03363	0.13535	0.03191	0.07041	0.03258	0.25661	0.01905	0.08400	0.11906	0.08585	0.02338	0.02440	0.01790	0.01118	0.00929	0.00286	0.01353	0.00807	0.00711	0.01383
50	0.01677	0.01021	0.01293	0.01354	0.01475	0.00963	0.00894	0.01831	0.01947	0.07985	0.07337	0.34885	0.05461	0.23971	0.02631	0.00602	0.00755	0.02182	0.00879	0.00858
51	0.01489	0.01089	0.01556	0.01580	0.01736	0.01222	0.01203	0.01802	0.01692	0.02381	0.03100	0.05250	0.03101	0.17108	0.44470	0.01418	0.02262	0.06071	0.00602	0.00867
52	0.09643	0.01233	0.01508	0.01398	0.01738	0.01189	0.01092	0.02373	0.02734	0.09368	0.41401	0.06897	0.07714	0.01947	0.01145	0.00334	0.00594	0.05560	0.01073	0.01058
53	0.49792	0.02275	0.07319	0.08303	0.02842	0.02215	0.01579	0.02952	0.01860	0.04124	0.01553	0.01882	0.01199	0.00944	0.00725	0.00305	0.00926	0.00621	0.00593	0.07993
54	0.02375	0.02464	0.08066	0.10258	0.39402	0.02279	0.02861	0.05687	0.02391	0.03365	0.02363	0.09374	0.02165	0.01206	0.01047	0.00323	0.01181	0.01128	0.00576	0.01490
55	0.09218	0.35220	0.08260	0.01865	0.02611	0.03024	0.01824	0.03074	0.06437	0.02988	0.02525	0.03955	0.02407	0.01346	0.00872	0.00301	0.01046	0.11152	0.00613	0.01259

[dist]
# distance from previous block
# <min> <max>
0	4

[block]
# block no. 2 follows, 14 sequences, length 39
# corresponding to MSA columns:
# 511-549
name=unknown_C
#
# <colnr> <probs for GDERKNQSTAVLIFYWHMCP>
#	G	D	E	R	K	N	Q	S	T	A	V	L	I	F	Y	W	H	M	C	P
0	0.02037	0.02702	0.16178	0.02324	0.02779	0.02360	0.02200	0.02474	0.01753	0.02645	0.01892	0.03115	0.01831	0.14001	0.02915	0.00501	0.29297	0.00957	0.00495	0.07545
1	0.07350	0.07824	0.07100	0.02813	0.16110	0.01922	0.01912	0.03057	0.02553	0.13129	0.20620	0.04246	0.04388	0.01376	0.01020	0.00308	0.00895	0.01178	0.00845	0.01353
2	0.60301	0.01946	0.01651	0.01427	0.02088	0.02172	0.01176	0.03341	0.01941	0.13372	0.01857	0.01965	0.01345	0.01005	0.00700	0.00318	0.00807	0.00634	0.00739	0.01215
3	0.02429	0.38455	0.13042	0.02061	0.02828	0.03348	0.02090	0.02890	0.02085	0.02714	0.06648	0.02392	0.02098	0.01166	0.01230	0.00286	0.11688	0.00764	0.00504	0.01282
4	0.02381	0.01618	0.01950	0.01592	0.02203	0.01463	0.01252	0.03261	0.11816	0.12740	0.21043	0.04498	0.04696	0.01401	0.01004	0.00270	0.00695	0.01190	0.00966	0.23961
5	0.13476	0.02235	0.02247	0.01713	0.02540	0.05697	0.01378	0.11697	0.02587	0.04031	0.01857	0.02095	0.01481	0.00892	0.00797	0.00213	0.00902	0.00658	0.00680	0.42825
6	0.01266	0.00928	0.01158	0.01333	0.01436	0.00854	0.00892	0.01442	0.01986	0.02588	0.06253	0.48737	0.15239	0.08757	0.01657	0.00458	0.00619	0.02654	0.00922	0.00820
7	0.07688	0.01980	0.02562	0.02145	0.02474	0.02352	0.01754	0.02635	0.01846	0.06786	0.02003	0.07149	0.01890	0.01559	0.02200	0.00356	0.33343	0.00973	0.00600	0.17705
8	0.01785	0.01446	0.01645	0.01671	0.01968	0.01546	0.01216	0.03094	0.24172	0.03322	0.05416	0.34554	0.09209	0.02414	0.01193	0.00383	0.00679	0.02133	0.00990	0.01163
9	0.02540	0.02438	0.04165	0.06299	0.57533	0.02438	0.03149	0.03149	0.02337	0.03353	0.01930	0.02540	0.01626	0.00914	0.01016	0.00305	0.01219	0.00914	0.00508	0.01626
10	0.01250	0.01041	0.01091	0.01079	0.01409	0.00882	0.00809	0.01545	0.02427	0.02981	0.17643	0.09532	0.49739	0.02521	0.01212	0.00343	0.00514	0.02118	0.00980	0.00882
11	0.04604	0.01746	0.02382	0.01826	0.02620	0.01508	0.01508	0.05001	0.02937	0.58244	0.04049	0.03493	0.02540	0.01270	0.01032	0.00318	0.00873	0.01032	0.01270	0.01746
12	0.04604	0.01746	0.02382	0.01826	0.02620	0.01508	0.01508	0.05001	0.02937	0.58244	0.04049	0.03493	0.02540	0.01270	0.01032	0.00318	0.00873	0.01032	0.01270	0.01746
13	0.55222	0.01928	0.01718	0.01464	0.02137	0.02112	0.01207	0.03492	0.02032	0.17463	0.02057	0.02105	0.01454	0.01029	0.00730	0.00318	0.00813	0.00670	0.00787	0.01264
14	0.01310	0.00936	0.01259	0.01497	0.01583	0.00885	0.01056	0.01532	0.02024	0.02687	0.05623	0.55610	0.06657	0.03159	0.01326	0.00425	0.00647	0.09983	0.00951	0.00850
15	0.02553	0.02204	0.02320	0.02088	0.02669	0.02553	0.01624	0.05453	0.55679	0.04293	0.04177	0.03829	0.03133	0.01392	0.01044	0.00348	0.00812	0.01160	0.01044	0.01624
16	0.02909	0.02125	0.02331	0.02043	0.02660	0.02371	0.01604	0.05375	0.46524	0.13658	0.04155	0.03770	0.03030	0.01371	0.01042	0.00343	0.00823	0.01138	0.01083	0.01646
17	0.71184	0.01985	0.01508	0.01350	0.01985	0.02302	0.01111	0.03017	0.01746	0.04604	0.01429	0.01667	0.01111	0.00953	0.00635	0.00318	0.00794	0.00556	0.00635	0.01111
18	0.08084	0.01840	0.02321	0.01844	0.02592	0.01735	0.01506	0.04965	0.12024	0.45788	0.03920	0.03446	0.02561	0.01273	0.01011	0.00323	0.00858	0.01027	0.01194	0.01689
19	0.01297	0.00951	0.01158	0.01286	0.01406	0.00877	0.00861	0.01481	0.02019	0.02635	0.09422	0.38967	0.16813	0.13558	0.01963	0.00497	0.00642	0.02449	0.00906	0.00812
20	0.71184	0.01985	0.01508	0.01350	0.01985	0.02302	0.01111	0.03017	0.01746	0.04604	0.01429	0.01667	0.01111	0.00953	0.00635	0.00318	0.00794	0.00556	0.00635	0.01111
21	0.01254	0.01041	0.01097	0.01083	0.01412	0.00884	0.00812	0.01553	0.02437	0.03005	0.18484	0.09492	0.48883	0.02512	0.01212	0.00342	0.00514	0.02112	0.00984	0.00884
22	0.02339	0.01614	0.01883	0.01774	0.02180	0.01688	0.01393	0.11960	0.12474	0.08232	0.04745	0.21064	0.07089	0.02140	0.01162	0.00371	0.00800	0.10176	0.05675	0.01242
23	0.01398	0.01047	0.01297	0.01234	0.01500	0.00945	0.00926	0.01832	0.02777	0.03812	0.46463	0.08165	0.20401	0.02211	0.01211	0.00328	0.00492	0.01926	0.01090	0.00945
24	0.16161	0.01788	0.02230	0.01743	0.02509	0.01646	0.01439	0.04657	0.02731	0.48933	0.03594	0.03176	0.02292	0.01215	0.00963	0.00318	0.00859	0.00949	0.01160	0.01636
25	0.03884	0.03386	0.03036	0.02433	0.03180	0.17551	0.01959	0.41422	0.04339	0.05464	0.02241	0.02308	0.01638	0.01188	0.01001	0.00297	0.01312	0.00857	0.00900	0.01604
26	0.02128	0.01824	0.02128	0.01520	0.02432	0.01368	0.01216	0.02584	0.02128	0.03344	0.01824	0.02128	0.01520	0.00760	0.00760	0.00152	0.00760	0.00608	0.00608	0.70208
27	0.02553	0.02204	0.02320	0.02088	0.02669	0.02553	0.01624	0.05453	0.55679	0.04293	0.04177	0.03829	0.03133	0.01392	0.01044	0.00348	0.00812	0.01160	0.01044	0.01624
28	0.02744	0.64552	0.05378	0.01756	0.02634	0.04061	0.01756	0.03073	0.02085	0.02414	0.01427	0.01646	0.01317	0.00878	0.00658	0.00219	0.01097	0.00549	0.00439	0.01317
29	0.01285	0.00920	0.01222	0.01405	0.01496	0.00857	0.00955	0.01517	0.02128	0.02879	0.14567	0.53614	0.07290	0.03021	0.01293	0.00400	0.00576	0.02733	0.00983	0.00857
30	0.01417	0.01022	0.01340	0.01315	0.01525	0.00945	0.00966	0.01848	0.02742	0.03856	0.48081	0.17317	0.09180	0.02292	0.01228	0.00339	0.00503	0.02040	0.01099	0.00945
31	0.02540	0.02438	0.04165	0.06299	0.57533	0.02438	0.03149	0.03149	0.02337	0.03353	0.01930	0.02540	0.01626	0.00914	0.01016	0.00305	0.01219	0.00914	0.00508	0.01626
32	0.01452	0.01049	0.01372	0.01291	0.01533	0.00968	0.00968	0.01937	0.02905	0.04115	0.56992	0.07666	0.09683	0.02098	0.01210	0.00323	0.00484	0.01856	0.01130	0.00968
33	0.01938	0.01824	0.03078	0.61468	0.07068	0.02280	0.02850	0.02622	0.02052	0.02622	0.01824	0.02736	0.01368	0.01026	0.01026	0.00342	0.01368	0.00912	0.00456	0.01140
34	0.01626	0.01162	0.01622	0.01859	0.02083	0.01158	0.01606	0.02079	0.02335	0.03040	0.05449	0.15089	0.05966	0.02861	0.01410	0.00469	0.00921	0.47383	0.00945	0.00937
35	0.02422	0.02768	0.06055	0.04325	0.05363	0.02595	0.53806	0.03287	0.02422	0.03287	0.02076	0.02768	0.01557	0.00865	0.01211	0.00346	0.01730	0.01211	0.00519	0.01384
36	0.04397	0.02079	0.02587	0.01984	0.02785	0.02002	0.01639	0.19473	0.03493	0.42987	0.03582	0.03190	0.02306	0.01259	0.01030	0.00315	0.00949	0.01000	0.01198	0.01746
37	0.02320	0.04589	0.45101	0.03082	0.04459	0.02352	0.12295	0.03393	0.02271	0.07552	0.02055	0.02375	0.01441	0.00979	0.01020	0.00328	0.01503	0.00858	0.00514	0.01512
38	0.55086	0.01983	0.01860	0.01822	0.06537	0.02187	0.01338	0.03343	0.01983	0.13042	0.01886	0.02028	0.01380	0.01000	0.00729	0.00317	0.00841	0.00660	0.00726	0.01254

[dist]
# distance from previous block
# <min> <max>
0	3

[block]
# block no. 3 follows, 14 sequences, length 58
# corresponding to MSA columns:
# 553-610
name=unknown_D
#
# <colnr> <probs for GDERKNQSTAVLIFYWHMCP>
#	G	D	E	R	K	N	Q	S	T	A	V	L	I	F	Y	W	H	M	C	P
0	0.09939	0.08061	0.13442	0.01923	0.02874	0.01954	0.01875	0.03792	0.02427	0.25924	0.02668	0.02608	0.01838	0.01041	0.00892	0.00276	0.00987	0.00801	0.00834	0.15844
1	0.71184	0.01985	0.01508	0.01350	0.01985	0.02302	0.01111	0.03017	0.01746	0.04604	0.01429	0.01667	0.01111	0.00953	0.00635	0.00318	0.00794	0.00556	0.00635	0.01111
2	0.09319	0.01967	0.02453	0.02072	0.02613	0.02165	0.05617	0.04107	0.24940	0.11525	0.12627	0.04011	0.03705	0.01449	0.01251	0.00345	0.06279	0.01185	0.00956	0.01414
3	0.02630	0.01858	0.02337	0.01955	0.06815	0.01479	0.01424	0.03087	0.02298	0.13750	0.02254	0.02419	0.01722	0.00869	0.00832	0.00195	0.00818	0.00713	0.00726	0.51821
4	0.02369	0.02165	0.03445	0.29161	0.26882	0.02351	0.02764	0.07316	0.02415	0.03311	0.01923	0.02585	0.01518	0.00978	0.01001	0.00309	0.01239	0.00890	0.00539	0.06840
5	0.02247	0.02178	0.03818	0.32064	0.29297	0.02377	0.07390	0.02913	0.02210	0.03003	0.01893	0.02652	0.01499	0.00963	0.01038	0.00326	0.01333	0.00939	0.00484	0.01376
6	0.01466	0.01100	0.01649	0.01649	0.01833	0.01283	0.01283	0.01833	0.01649	0.02382	0.02749	0.04032	0.02566	0.07697	0.59868	0.01649	0.02749	0.01100	0.00550	0.00916
7	0.02149	0.01858	0.02227	0.06755	0.02854	0.01552	0.01394	0.02842	0.06882	0.03366	0.02033	0.02332	0.01650	0.00839	0.00808	0.00186	0.00817	0.00683	0.00634	0.58138
8	0.15023	0.02924	0.02803	0.02221	0.02983	0.08575	0.01815	0.40770	0.04128	0.05773	0.02207	0.02272	0.01599	0.01169	0.00952	0.00305	0.01144	0.00837	0.00913	0.01586
9	0.04481	0.01944	0.02504	0.01920	0.02718	0.01802	0.01586	0.13614	0.03268	0.49163	0.03771	0.03312	0.02401	0.01263	0.01031	0.00316	0.00918	0.01013	0.01227	0.01746
10	0.01466	0.01086	0.01437	0.07202	0.02002	0.01084	0.01109	0.01762	0.02164	0.02912	0.18777	0.20397	0.09123	0.18020	0.02251	0.00531	0.00768	0.06184	0.00867	0.00858
11	0.13635	0.01923	0.02440	0.02106	0.06257	0.01825	0.01601	0.08850	0.02895	0.42655	0.03407	0.03087	0.02212	0.01199	0.00975	0.00316	0.00908	0.00949	0.01110	0.01650
12	0.04604	0.01746	0.02382	0.01826	0.02620	0.01508	0.01508	0.05001	0.02937	0.58244	0.04049	0.03493	0.02540	0.01270	0.01032	0.00318	0.00873	0.01032	0.01270	0.01746
13	0.01466	0.01100	0.01649	0.01649	0.01833	0.01283	0.01283	0.01833	0.01649	0.02382	0.02749	0.04032	0.02566	0.07697	0.59868	0.01649	0.02749	0.01100	0.00550	0.00916
14	0.55356	0.02001	0.01815	0.06794	0.02561	0.02283	0.01349	0.06125	0.02056	0.09176	0.01751	0.01966	0.01295	0.01003	0.00727	0.00319	0.00871	0.00650	0.00697	0.01206
15	0.01637	0.01350	0.01488	0.01470	0.01845	0.01342	0.01160	0.02594	0.15356	0.03292	0.11265	0.08563	0.31163	0.02314	0.01209	0.00369	0.00667	0.10857	0.00986	0.01072
16	0.01213	0.01040	0.01040	0.01040	0.01386	0.00866	0.00780	0.01473	0.02339	0.02772	0.10396	0.09876	0.57117	0.02599	0.01213	0.00347	0.00520	0.02166	0.00953	0.00866
17	0.03591	0.01526	0.02034	0.01635	0.02265	0.01329	0.01322	0.03996	0.02877	0.41097	0.16562	0.05002	0.09004	0.01575	0.01088	0.00321	0.00754	0.01319	0.01210	0.01493
18	0.02232	0.02039	0.03294	0.45282	0.16722	0.02392	0.02829	0.07304	0.02355	0.03109	0.01902	0.02673	0.01453	0.01022	0.01024	0.00332	0.01317	0.00914	0.00517	0.01290
19	0.02436	0.03653	0.25225	0.03246	0.04372	0.02559	0.21486	0.08149	0.11347	0.03722	0.02369	0.02687	0.01736	0.01027	0.01077	0.00335	0.01443	0.01004	0.00618	0.01506
20	0.02058	0.05308	0.58618	0.02925	0.04442	0.02383	0.03792	0.03250	0.02167	0.03250	0.01842	0.02167	0.01300	0.00975	0.00975	0.00325	0.01517	0.00758	0.00433	0.01517
21	0.71184	0.01985	0.01508	0.01350	0.01985	0.02302	0.01111	0.03017	0.01746	0.04604	0.01429	0.01667	0.01111	0.00953	0.00635	0.00318	0.00794	0.00556	0.00635	0.01111
22	0.01362	0.01012	0.01269	0.01276	0.01496	0.00919	0.00930	0.01736	0.02587	0.03527	0.36718	0.20683	0.17815	0.02444	0.01233	0.00348	0.00516	0.02154	0.01057	0.00919
23	0.09037	0.01564	0.02117	0.06727	0.07320	0.01503	0.01530	0.03313	0.02414	0.26177	0.04256	0.19575	0.06554	0.01790	0.01080	0.00347	0.00840	0.01541	0.00980	0.01336
24	0.30003	0.01837	0.02048	0.01644	0.02377	0.01811	0.01357	0.04244	0.02483	0.37781	0.03049	0.02796	0.01995	0.01149	0.00881	0.00318	0.00843	0.00850	0.01028	0.01504
25	0.01250	0.00893	0.01191	0.01429	0.01488	0.00834	0.00953	0.01429	0.01965	0.02620	0.05656	0.63265	0.06787	0.03215	0.01310	0.00417	0.00595	0.02917	0.00953	0.00834
26	0.01783	0.00891	0.01337	0.01337	0.01337	0.00891	0.00891	0.01337	0.01337	0.01783	0.01783	0.03119	0.01783	0.03565	0.04011	0.70143	0.00891	0.00891	0.00446	0.00446
27	0.02548	0.02294	0.03024	0.03695	0.23599	0.02509	0.02206	0.04574	0.35330	0.03934	0.03320	0.03337	0.02558	0.01210	0.01033	0.00332	0.00967	0.01066	0.00840	0.01625
28	0.71184	0.01985	0.01508	0.01350	0.01985	0.02302	0.01111	0.03017	0.01746	0.04604	0.01429	0.01667	0.01111	0.00953	0.00635	0.00318	0.00794	0.00556	0.00635	0.01111
29	0.01383	0.01022	0.01307	0.01473	0.01596	0.00996	0.01013	0.01829	0.06733	0.02912	0.10547	0.52654	0.06752	0.02947	0.01277	0.00402	0.00603	0.02661	0.00978	0.00916
30	0.33747	0.02208	0.02070	0.01797	0.02439	0.02536	0.01443	0.11819	0.23526	0.04767	0.02673	0.02643	0.02007	0.01169	0.00857	0.00328	0.00853	0.00851	0.00857	0.01411
31	0.02128	0.01824	0.02128	0.01520	0.02432	0.01368	0.01216	0.02584	0.02128	0.03344	0.01824	0.02128	0.01520	0.00760	0.00760	0.00152	0.00760	0.00608	0.00608	0.70208
32	0.03833	0.04891	0.02908	0.02644	0.03173	0.59815	0.01983	0.04098	0.02908	0.02512	0.01586	0.01851	0.01322	0.01058	0.00925	0.00264	0.01851	0.00661	0.00529	0.01190
33	0.01301	0.01053	0.01163	0.01163	0.01478	0.00914	0.00891	0.01629	0.02468	0.03098	0.20476	0.09513	0.42416	0.02505	0.01228	0.00351	0.00545	0.05920	0.00992	0.00895
34	0.10508	0.01654	0.02147	0.01792	0.02456	0.01519	0.01499	0.04216	0.02703	0.41657	0.04077	0.04976	0.03092	0.01561	0.01072	0.00349	0.00880	0.11181	0.01141	0.01520
35	0.01938	0.01824	0.03078	0.61468	0.07068	0.02280	0.02850	0.02622	0.02052	0.02622	0.01824	0.02736	0.01368	0.01026	0.01026	0.00342	0.01368	0.00912	0.00456	0.01140
36	0.03672	0.04406	0.02752	0.02478	0.03002	0.50670	0.01871	0.07530	0.02980	0.02908	0.01801	0.02065	0.01465	0.01082	0.00915	0.00265	0.01680	0.00705	0.06541	0.01209
37	0.04446	0.02001	0.02539	0.01947	0.02747	0.01886	0.01608	0.16085	0.03363	0.46558	0.03691	0.03261	0.02361	0.01262	0.01031	0.00315	0.00931	0.01008	0.01215	0.01746
38	0.01251	0.01041	0.01092	0.01079	0.01409	0.00883	0.00810	0.01546	0.02429	0.02985	0.17788	0.09525	0.49592	0.02519	0.01212	0.00343	0.00514	0.02117	0.00981	0.00883
39	0.01270	0.01042	0.01118	0.01099	0.01421	0.00890	0.00824	0.01583	0.02473	0.03090	0.21429	0.09353	0.45886	0.02480	0.01212	0.00341	0.00511	0.02092	0.00995	0.00890
40	0.03833	0.04891	0.02908	0.02644	0.03173	0.59815	0.01983	0.04098	0.02908	0.02512	0.01586	0.01851	0.01322	0.01058	0.00925	0.00264	0.01851	0.00661	0.00529	0.01190
41	0.04604	0.01746	0.02382	0.01826	0.02620	0.01508	0.01508	0.05001	0.02937	0.58244	0.04049	0.03493	0.02540	0.01270	0.01032	0.00318	0.00873	0.01032	0.01270	0.01746
42	0.04604	0.01746	0.02382	0.01826	0.02620	0.01508	0.01508	0.05001	0.02937	0.58244	0.04049	0.03493	0.02540	0.01270	0.01032	0.00318	0.00873	0.01032	0.01270	0.01746
43	0.02058	0.05308	0.58618	0.02925	0.04442	0.02383	0.03792	0.03250	0.02167	0.03250	0.01842	0.02167	0.01300	0.00975	0.00975	0.00325	0.01517	0.00758	0.00433	0.01517
44	0.01250	0.00893	0.01191	0.01429	0.01488	0.00834	0.00953	0.01429	0.01965	0.02620	0.05656	0.63265	0.06787	0.03215	0.01310	0.00417	0.00595	0.02917	0.00953	0.00834
45	0.04604	0.01746	0.02382	0.01826	0.02620	0.01508	0.01508	0.05001	0.02937	0.58244	0.04049	0.03493	0.02540	0.01270	0.01032	0.00318	0.00873	0.01032	0.01270	0.01746
46	0.03784	0.02816	0.03014	0.02337	0.03138	0.03128	0.01922	0.49875	0.09253	0.06278	0.02613	0.02583	0.01866	0.01246	0.01028	0.00311	0.01102	0.00945	0.01028	0.01735
47	0.01466	0.01100	0.01649	0.01649	0.01833	0.01283	0.01283	0.01833	0.01649	0.02382	0.02749	0.04032	0.02566	0.07697	0.59868	0.01649	0.02749	0.01100	0.00550	0.00916
48	0.02744	0.64552	0.05378	0.01756	0.02634	0.04061	0.01756	0.03073	0.02085	0.02414	0.01427	0.01646	0.01317	0.00878	0.00658	0.00219	0.01097	0.00549	0.00439	0.01317
49	0.02435	0.02713	0.05690	0.04107	0.05100	0.02591	0.48704	0.03499	0.07630	0.03386	0.02282	0.02872	0.01711	0.00917	0.01195	0.00346	0.01640	0.01206	0.00570	0.01408
50	0.01298	0.01035	0.01115	0.01099	0.01378	0.00904	0.00794	0.01565	0.02331	0.02924	0.18438	0.09009	0.40518	0.11005	0.01768	0.00432	0.00579	0.02012	0.00941	0.00852
51	0.02540	0.02438	0.04165	0.06299	0.57533	0.02438	0.03149	0.03149	0.02337	0.03353	0.01930	0.02540	0.01626	0.00914	0.01016	0.00305	0.01219	0.00914	0.00508	0.01626
52	0.02447	0.03328	0.18073	0.03640	0.04733	0.02580	0.33259	0.06893	0.07729	0.03590	0.02251	0.02707	0.01662	0.00967	0.01126	0.00339	0.01549	0.01078	0.00584	0.01463
53	0.03294	0.02346	0.02719	0.02429	0.07089	0.02521	0.01806	0.31125	0.10162	0.10520	0.06964	0.08400	0.02987	0.01464	0.01066	0.00324	0.00981	0.01202	0.01013	0.01586
54	0.01308	0.00924	0.01208	0.01413	0.01475	0.00877	0.00949	0.01479	0.01923	0.02559	0.05307	0.52344	0.06311	0.11610	0.01859	0.00500	0.00672	0.05564	0.00906	0.00811
55	0.01324	0.00964	0.01262	0.01455	0.01583	0.00901	0.01048	0.01578	0.02128	0.02808	0.09566	0.46073	0.11765	0.03019	0.01311	0.00412	0.00636	0.10341	0.00963	0.00864
56	0.33272	0.02105	0.02332	0.07261	0.07700	0.02282	0.01669	0.11850	0.02596	0.16501	0.02258	0.02372	0.01600	0.01072	0.00855	0.00317	0.00954	0.00784	0.00813	0.01405
57	0.02914	0.02029	0.02310	0.01992	0.02575	0.02169	0.01627	0.20185	0.16049	0.11104	0.07938	0.05405	0.06736	0.01713	0.01128	0.00353	0.00907	0.10357	0.01048	0.01462

[dist]
# distance from previous block
# <min> <max>
2	3

[block]
# block no. 4 follows, 14 sequences, length 10
# corresponding to MSA columns:
# 614-623
name=unknown_E
#
# <colnr> <probs for GDERKNQSTAVLIFYWHMCP>
#	G	D	E	R	K	N	Q	S	T	A	V	L	I	F	Y	W	H	M	C	P
0	0.02722	0.03180	0.18565	0.03907	0.23128	0.02497	0.02853	0.09343	0.06430	0.08500	0.02266	0.02580	0.01716	0.01110	0.01215	0.00328	0.06537	0.00899	0.00648	0.01576
1	0.02744	0.64552	0.05378	0.01756	0.02634	0.04061	0.01756	0.03073	0.02085	0.02414	0.01427	0.01646	0.01317	0.00878	0.00658	0.00219	0.01097	0.00549	0.00439	0.01317
2	0.14219	0.15965	0.08019	0.02244	0.02949	0.30282	0.01930	0.03749	0.06439	0.03028	0.01746	0.01957	0.01420	0.01023	0.00839	0.00276	0.01426	0.00668	0.00558	0.01263
3	0.01374	0.01046	0.01262	0.01208	0.01485	0.00935	0.00906	0.01784	0.02719	0.03673	0.41646	0.08394	0.25304	0.02263	0.01211	0.00331	0.00496	0.01958	0.01071	0.00935
4	0.13927	0.01676	0.02003	0.01934	0.06608	0.01683	0.01370	0.06908	0.02263	0.03625	0.09075	0.03536	0.02887	0.06481	0.15024	0.00632	0.01284	0.00978	0.00694	0.17413
5	0.02147	0.01534	0.01618	0.01533	0.01914	0.01691	0.01165	0.03729	0.27189	0.03925	0.03964	0.09706	0.03277	0.01487	0.00929	0.00308	0.00646	0.01246	0.30734	0.01257
6	0.02245	0.02245	0.03143	0.02694	0.02694	0.03143	0.02245	0.02470	0.01572	0.02470	0.01347	0.02245	0.01347	0.01796	0.03368	0.00449	0.62057	0.00898	0.00449	0.01123
7	0.01255	0.00968	0.01147	0.01257	0.01451	0.00860	0.00884	0.01498	0.02211	0.02831	0.12718	0.36013	0.27523	0.02853	0.01260	0.00379	0.00554	0.02506	0.00970	0.00860
8	0.02911	0.01552	0.01925	0.01679	0.02182	0.01484	0.01304	0.07843	0.08076	0.24596	0.09294	0.19246	0.09569	0.01961	0.01134	0.00348	0.00754	0.01683	0.01105	0.01357
9	0.04046	0.02642	0.02936	0.02251	0.03067	0.02838	0.01859	0.43999	0.04436	0.17129	0.02790	0.02676	0.01909	0.01240	0.01028	0.00310	0.01077	0.00946	0.01077	0.01745

[dist]
# distance from previous block
# <min> <max>
0	11

[block]
# block no. 5 follows, 14 sequences, length 23
# corresponding to MSA columns:
# 635-657
name=unknown_F
#
# <colnr> <probs for GDERKNQSTAVLIFYWHMCP>
#	G	D	E	R	K	N	Q	S	T	A	V	L	I	F	Y	W	H	M	C	P
0	0.51198	0.02078	0.01871	0.01570	0.02256	0.02309	0.01294	0.10770	0.02377	0.13073	0.01980	0.02062	0.01422	0.01042	0.00753	0.00316	0.00855	0.00682	0.00789	0.01301
1	0.01264	0.00919	0.01192	0.01384	0.01483	0.00847	0.00939	0.01474	0.02074	0.02755	0.10265	0.54091	0.11386	0.03070	0.01293	0.00403	0.00580	0.02765	0.00967	0.00847
2	0.61083	0.01835	0.01428	0.01292	0.01870	0.02106	0.01054	0.02925	0.01806	0.04491	0.01709	0.01982	0.01333	0.00988	0.00647	0.00306	0.00748	0.00614	0.10696	0.01089
3	0.04604	0.01746	0.02382	0.01826	0.02620	0.01508	0.01508	0.05001	0.02937	0.58244	0.04049	0.03493	0.02540	0.01270	0.01032	0.00318	0.00873	0.01032	0.01270	0.01746
4	0.71184	0.01985	0.01508	0.01350	0.01985	0.02302	0.01111	0.03017	0.01746	0.04604	0.01429	0.01667	0.01111	0.00953	0.00635	0.00318	0.00794	0.00556	0.00635	0.01111
5	0.01471	0.00986	0.01126	0.01147	0.01152	0.00981	0.00651	0.01487	0.01534	0.02046	0.03449	0.11753	0.04003	0.58526	0.04875	0.00943	0.00959	0.01619	0.00651	0.00641
6	0.01441	0.01001	0.01229	0.01232	0.01335	0.00961	0.00806	0.01657	0.02115	0.02915	0.24654	0.15334	0.06509	0.30848	0.03080	0.00647	0.00736	0.01843	0.00869	0.00788
7	0.04604	0.01746	0.02382	0.01826	0.02620	0.01508	0.01508	0.05001	0.02937	0.58244	0.04049	0.03493	0.02540	0.01270	0.01032	0.00318	0.00873	0.01032	0.01270	0.01746
8	0.01612	0.01136	0.01396	0.01314	0.01584	0.01104	0.00990	0.02305	0.07374	0.04090	0.44933	0.06798	0.08132	0.01911	0.01127	0.00313	0.00512	0.01670	0.10675	0.01024
9	0.02262	0.01188	0.01314	0.01208	0.01565	0.01160	0.00931	0.02907	0.06715	0.11726	0.08078	0.04598	0.08029	0.01414	0.00870	0.00275	0.00567	0.01158	0.42915	0.01119
10	0.01871	0.01127	0.01354	0.01260	0.01587	0.01009	0.00944	0.02224	0.02521	0.11346	0.23794	0.10639	0.21725	0.06257	0.01416	0.00372	0.00592	0.01788	0.07155	0.01019
11	0.71184	0.01985	0.01508	0.01350	0.01985	0.02302	0.01111	0.03017	0.01746	0.04604	0.01429	0.01667	0.01111	0.00953	0.00635	0.00318	0.00794	0.00556	0.00635	0.01111
12	0.03901	0.02874	0.03080	0.02361	0.03182	0.03182	0.01951	0.54111	0.04825	0.06468	0.02464	0.02464	0.01745	0.01232	0.01027	0.00308	0.01129	0.00924	0.01027	0.01745
13	0.02128	0.01824	0.02128	0.01520	0.02432	0.01368	0.01216	0.02584	0.02128	0.03344	0.01824	0.02128	0.01520	0.00760	0.00760	0.00152	0.00760	0.00608	0.00608	0.70208
14	0.01458	0.01041	0.01335	0.01266	0.01473	0.00972	0.00918	0.01872	0.02699	0.03805	0.49153	0.07527	0.08815	0.11115	0.01795	0.00421	0.00559	0.01803	0.01056	0.00918
15	0.02744	0.64552	0.05378	0.01756	0.02634	0.04061	0.01756	0.03073	0.02085	0.02414	0.01427	0.01646	0.01317	0.00878	0.00658	0.00219	0.01097	0.00549	0.00439	0.01317
16	0.01452	0.01049	0.01372	0.01291	0.01533	0.00968	0.00968	0.01937	0.02905	0.04115	0.56992	0.07666	0.09683	0.02098	0.01210	0.00323	0.00484	0.01856	0.01130	0.00968
17	0.01380	0.01046	0.01272	0.01215	0.01489	0.00938	0.00912	0.01797	0.02735	0.03711	0.42971	0.08331	0.23956	0.02249	0.01211	0.00330	0.00495	0.01949	0.01076	0.00938
18	0.02540	0.02438	0.04165	0.06299	0.57533	0.02438	0.03149	0.03149	0.02337	0.03353	0.01930	0.02540	0.01626	0.00914	0.01016	0.00305	0.01219	0.00914	0.00508	0.01626
19	0.03901	0.02874	0.03080	0.02361	0.03182	0.03182	0.01951	0.54111	0.04825	0.06468	0.02464	0.02464	0.01745	0.01232	0.01027	0.00308	0.01129	0.00924	0.01027	0.01745
20	0.01938	0.01824	0.03078	0.61468	0.07068	0.02280	0.02850	0.02622	0.02052	0.02622	0.01824	0.02736	0.01368	0.01026	0.01026	0.00342	0.01368	0.00912	0.00456	0.01140
21	0.01904	0.01169	0.01515	0.01472	0.01798	0.01069	0.01170	0.02315	0.02629	0.11447	0.26394	0.12035	0.15508	0.02302	0.01238	0.00366	0.00659	0.12892	0.01067	0.01050
22	0.01654	0.01181	0.01654	0.01890	0.02126	0.01181	0.01654	0.02126	0.02362	0.03071	0.05433	0.11576	0.05906	0.02835	0.01417	0.00472	0.00945	0.50626	0.00945	0.00945

[dist]
# distance from previous block
# <min> <max>
0	4

[block]
# block no. 6 follows, 14 sequences, length 53
# corresponding to MSA columns:
# 662-668,675-720
name=unknown_G
#
# <colnr> <probs for GDERKNQSTAVLIFYWHMCP>
#	G	D	E	R	K	N	Q	S	T	A	V	L	I	F	Y	W	H	M	C	P
0	0.02771	0.02017	0.05237	0.01830	0.02543	0.01800	0.01530	0.04076	0.20378	0.16988	0.10687	0.03785	0.03409	0.01289	0.00994	0.00290	0.00808	0.01074	0.00975	0.17517
1	0.71184	0.01985	0.01508	0.01350	0.01985	0.02302	0.01111	0.03017	0.01746	0.04604	0.01429	0.01667	0.01111	0.00953	0.00635	0.00318	0.00794	0.00556	0.00635	0.01111
2	0.10245	0.01923	0.02983	0.20313	0.14362	0.02092	0.07346	0.02921	0.06472	0.03449	0.10562	0.04014	0.03109	0.01295	0.01053	0.00339	0.01102	0.04494	0.00675	0.01252
3	0.01473	0.01070	0.01502	0.01502	0.01634	0.01203	0.01099	0.01738	0.01606	0.02273	0.02883	0.04778	0.02889	0.23329	0.44679	0.01467	0.02261	0.01209	0.00570	0.00834
4	0.08585	0.02776	0.03531	0.03523	0.17199	0.06582	0.08307	0.24961	0.06443	0.04762	0.02240	0.02494	0.01694	0.01083	0.01009	0.00312	0.01227	0.00923	0.00771	0.01578
5	0.71184	0.01985	0.01508	0.01350	0.01985	0.02302	0.01111	0.03017	0.01746	0.04604	0.01429	0.01667	0.01111	0.00953	0.00635	0.00318	0.00794	0.00556	0.00635	0.01111
6	0.01443	0.01019	0.01285	0.01258	0.01417	0.00962	0.00873	0.01765	0.02428	0.03390	0.37286	0.12980	0.07780	0.18960	0.02307	0.00514	0.00634	0.01864	0.00974	0.00861
