[name]
unknown

[dist]
# distance from previous block
# <min> <max>
0	55

[block]
# block no. 0 follows, 12 sequences, length 11
# corresponding to MSA columns:
# 68-78
name=unknown_A
#
# <colnr> <probs for GDERKNQSTAVLIFYWHMCP>
#	G	D	E	R	K	N	Q	S	T	A	V	L	I	F	Y	W	H	M	C	P
0	0.01608	0.01185	0.01551	0.01758	0.01939	0.01183	0.01345	0.02170	0.06817	0.03116	0.05783	0.38295	0.06524	0.03096	0.01408	0.00458	0.00787	0.18957	0.01018	0.01004
1	0.02337	0.02087	0.03271	0.51532	0.06960	0.02550	0.02901	0.09236	0.02572	0.03330	0.02028	0.02868	0.01507	0.01119	0.01090	0.00359	0.01420	0.00971	0.00565	0.01297
2	0.15798	0.02163	0.03447	0.02602	0.03438	0.02056	0.16517	0.04057	0.02716	0.25448	0.07915	0.03540	0.02823	0.01240	0.01095	0.00347	0.01151	0.01144	0.00967	0.01534
3	0.02321	0.16065	0.46779	0.02879	0.04366	0.02860	0.03631	0.03418	0.02286	0.03290	0.01876	0.02200	0.01385	0.01017	0.00974	0.00325	0.01530	0.00765	0.00462	0.01572
4	0.02400	0.22254	0.41287	0.02744	0.04156	0.03054	0.03395	0.03398	0.02277	0.03193	0.01828	0.02140	0.01387	0.01006	0.00937	0.00312	0.01481	0.00740	0.00462	0.01549
5	0.02059	0.01938	0.03270	0.59060	0.07510	0.02422	0.03028	0.02786	0.02180	0.02786	0.01938	0.02907	0.01453	0.01090	0.01090	0.00363	0.01453	0.00969	0.00484	0.01211
6	0.02239	0.02687	0.09609	0.11140	0.05088	0.02346	0.31005	0.03030	0.02406	0.03264	0.02851	0.13615	0.02631	0.01415	0.01257	0.00379	0.01543	0.01536	0.00619	0.01341
7	0.02691	0.02336	0.03996	0.29985	0.14564	0.02539	0.11739	0.07837	0.02662	0.07679	0.02261	0.02914	0.01676	0.01080	0.01125	0.00352	0.01431	0.01040	0.00634	0.01461
8	0.01328	0.00949	0.01265	0.01518	0.01581	0.00886	0.01012	0.01518	0.02088	0.02783	0.06010	0.60969	0.07212	0.03416	0.01392	0.00443	0.00633	0.03100	0.01012	0.00886
9	0.01328	0.00949	0.01265	0.01518	0.01581	0.00886	0.01012	0.01518	0.02088	0.02783	0.06010	0.60969	0.07212	0.03416	0.01392	0.00443	0.00633	0.03100	0.01012	0.00886
10	0.02385	0.02385	0.03340	0.02863	0.02863	0.03340	0.02385	0.02624	0.01670	0.02624	0.01431	0.02385	0.01431	0.01908	0.03578	0.00477	0.59685	0.00954	0.00477	0.01193

[dist]
# distance from previous block
# <min> <max>
24	98

[block]
# block no. 1 follows, 12 sequences, length 50
# corresponding to MSA columns:
# 177-226
name=unknown_B
#
# <colnr> <probs for GDERKNQSTAVLIFYWHMCP>
#	G	D	E	R	K	N	Q	S	T	A	V	L	I	F	Y	W	H	M	C	P
0	0.69383	0.02109	0.01603	0.01434	0.02109	0.02446	0.01181	0.03205	0.01856	0.04892	0.01518	0.01771	0.01181	0.01012	0.00675	0.00337	0.00843	0.00590	0.00675	0.01181
1	0.02561	0.02984	0.12022	0.11133	0.42888	0.02566	0.03418	0.03309	0.02427	0.03472	0.02026	0.02659	0.01649	0.00992	0.01074	0.00331	0.01358	0.00947	0.00523	0.01661
2	0.01289	0.01105	0.01105	0.01105	0.01473	0.00920	0.00828	0.01565	0.02485	0.02946	0.11046	0.10493	0.54437	0.02761	0.01289	0.00368	0.00552	0.02301	0.01013	0.00920
3	0.02339	0.01614	0.02030	0.02059	0.02471	0.01690	0.01733	0.03540	0.16391	0.08963	0.05257	0.09166	0.05102	0.02422	0.01356	0.00449	0.00958	0.30104	0.01068	0.01289
4	0.03523	0.02385	0.03796	0.04198	0.23591	0.02385	0.07421	0.07338	0.02828	0.21819	0.02835	0.03043	0.02041	0.01203	0.01325	0.00347	0.06312	0.01046	0.00856	0.01708
5	0.01757	0.01255	0.01757	0.02008	0.02259	0.01255	0.01757	0.02259	0.02510	0.03263	0.05773	0.12299	0.06275	0.03012	0.01506	0.00502	0.01004	0.47540	0.01004	0.01004
6	0.04765	0.02059	0.02656	0.02037	0.02885	0.01905	0.01682	0.13120	0.03462	0.47347	0.04015	0.03525	0.02555	0.01343	0.01096	0.00336	0.00974	0.01077	0.01306	0.01855
7	0.03573	0.03241	0.02693	0.02373	0.03011	0.21368	0.01835	0.05211	0.26782	0.13058	0.03463	0.03278	0.02551	0.01333	0.01064	0.00333	0.01256	0.01025	0.00963	0.01590
8	0.01757	0.01255	0.01757	0.02008	0.02259	0.01255	0.01757	0.02259	0.02510	0.03263	0.05773	0.12299	0.06275	0.03012	0.01506	0.00502	0.01004	0.47540	0.01004	0.01004
9	0.03042	0.02776	0.04451	0.04778	0.25881	0.02905	0.13143	0.16450	0.03160	0.04377	0.02188	0.02703	0.01722	0.01130	0.01334	0.00347	0.06221	0.01041	0.00688	0.01663
10	0.02915	0.62337	0.05714	0.01866	0.02799	0.04314	0.01866	0.03265	0.02215	0.02565	0.01516	0.01749	0.01399	0.00933	0.00700	0.00233	0.01166	0.00583	0.00466	0.01399
11	0.13270	0.03564	0.24016	0.02880	0.08413	0.02440	0.02748	0.03873	0.06760	0.13065	0.02490	0.02670	0.01793	0.01193	0.01211	0.00354	0.06076	0.00890	0.00719	0.01574
12	0.02296	0.04881	0.42084	0.03526	0.04995	0.02596	0.17214	0.03464	0.02378	0.03464	0.02027	0.02482	0.01458	0.01003	0.01106	0.00352	0.01675	0.00941	0.00486	0.01572
13	0.02059	0.01938	0.03270	0.59060	0.07510	0.02422	0.03028	0.02786	0.02180	0.02786	0.01938	0.02907	0.01453	0.01090	0.01090	0.00363	0.01453	0.00969	0.00484	0.01211
14	0.01405	0.01004	0.01353	0.01606	0.01703	0.00952	0.01146	0.01651	0.02163	0.02869	0.05967	0.52249	0.07044	0.03344	0.01412	0.00453	0.00699	0.11062	0.01011	0.00907
15	0.02804	0.17183	0.36117	0.02642	0.03977	0.02757	0.03151	0.03729	0.02423	0.12137	0.02261	0.02423	0.01609	0.01067	0.00974	0.00320	0.01399	0.00807	0.00613	0.01607
16	0.01328	0.00949	0.01265	0.01518	0.01581	0.00886	0.01012	0.01518	0.02088	0.02783	0.06010	0.60969	0.07212	0.03416	0.01392	0.00443	0.00633	0.03100	0.01012	0.00886
17	0.01328	0.00949	0.01265	0.01518	0.01581	0.00886	0.01012	0.01518	0.02088	0.02783	0.06010	0.60969	0.07212	0.03416	0.01392	0.00443	0.00633	0.03100	0.01012	0.00886
18	0.02699	0.02591	0.04426	0.06693	0.54879	0.02591	0.03346	0.03346	0.02483	0.03562	0.02051	0.02699	0.01727	0.00972	0.01079	0.00324	0.01295	0.00972	0.00540	0.01727
19	0.02187	0.05640	0.56031	0.03108	0.04719	0.02532	0.04029	0.03453	0.02302	0.03453	0.01957	0.02302	0.01381	0.01036	0.01036	0.00345	0.01611	0.00806	0.00460	0.01611
20	0.01289	0.01105	0.01105	0.01105	0.01473	0.00920	0.00828	0.01565	0.02485	0.02946	0.11046	0.10493	0.54437	0.02761	0.01289	0.00368	0.00552	0.02301	0.01013	0.00920
21	0.69383	0.02109	0.01603	0.01434	0.02109	0.02446	0.01181	0.03205	0.01856	0.04892	0.01518	0.01771	0.01181	0.01012	0.00675	0.00337	0.00843	0.00590	0.00675	0.01181
22	0.69383	0.02109	0.01603	0.01434	0.02109	0.02446	0.01181	0.03205	0.01856	0.04892	0.01518	0.01771	0.01181	0.01012	0.00675	0.00337	0.00843	0.00590	0.00675	0.01181
23	0.02923	0.02295	0.02472	0.02192	0.02830	0.02605	0.01714	0.05747	0.48084	0.09511	0.04425	0.04033	0.03267	0.01467	0.01108	0.00367	0.00869	0.01220	0.01133	0.01738
24	0.08851	0.02491	0.03302	0.23820	0.12653	0.02827	0.02540	0.21941	0.03355	0.04693	0.02186	0.02662	0.01629	0.01151	0.01052	0.00341	0.01276	0.00941	0.00748	0.01540
25	0.01543	0.01115	0.01457	0.01372	0.01629	0.01029	0.01029	0.02058	0.03086	0.04372	0.54304	0.08145	0.10288	0.02229	0.01286	0.00343	0.00514	0.01972	0.01200	0.01029
26	0.01562	0.01152	0.01669	0.01669	0.01835	0.01318	0.01259	0.01893	0.01728	0.02469	0.02997	0.04707	0.02910	0.16118	0.49670	0.01649	0.02644	0.01230	0.00595	0.00927
27	0.02187	0.05640	0.56031	0.03108	0.04719	0.02532	0.04029	0.03453	0.02302	0.03453	0.01957	0.02302	0.01381	0.01036	0.01036	0.00345	0.01611	0.00806	0.00460	0.01611
28	0.02723	0.15559	0.38790	0.02705	0.04077	0.02724	0.03269	0.03694	0.02408	0.11034	0.02223	0.02409	0.01580	0.01063	0.00983	0.00323	0.01428	0.00808	0.00593	0.01608
29	0.02310	0.02194	0.03724	0.38492	0.26115	0.02489	0.03153	0.03006	0.02299	0.03091	0.01982	0.02825	0.01561	0.01044	0.01086	0.00348	0.01391	0.00970	0.00506	0.01414
30	0.02112	0.01992	0.03366	0.54724	0.11432	0.02436	0.03054	0.02832	0.02205	0.02850	0.01947	0.02890	0.01476	0.01080	0.01089	0.00360	0.01440	0.00969	0.00489	0.01254
31	0.02389	0.02614	0.08858	0.27689	0.30813	0.02517	0.03281	0.03128	0.02342	0.03235	0.01996	0.02746	0.01583	0.01026	0.01080	0.00342	0.01390	0.00955	0.00510	0.01506
32	0.02187	0.05640	0.56031	0.03108	0.04719	0.02532	0.04029	0.03453	0.02302	0.03453	0.01957	0.02302	0.01381	0.01036	0.01036	0.00345	0.01611	0.00806	0.00460	0.01611
33	0.04145	0.03054	0.03272	0.02509	0.03381	0.03381	0.02072	0.51243	0.05127	0.06872	0.02618	0.02618	0.01854	0.01309	0.01091	0.00327	0.01200	0.00982	0.01091	0.01854
34	0.01462	0.01411	0.06029	0.01652	0.01912	0.01080	0.01329	0.01814	0.02281	0.03062	0.10983	0.41735	0.10840	0.02998	0.01353	0.00424	0.00733	0.06944	0.00983	0.00977
35	0.02448	0.02311	0.03906	0.15842	0.40984	0.02394	0.03061	0.03066	0.02389	0.03344	0.02414	0.08385	0.02208	0.01230	0.01112	0.00343	0.01260	0.01177	0.00575	0.01550
36	0.11489	0.01244	0.01317	0.01284	0.01632	0.01182	0.00968	0.01979	0.02571	0.03726	0.24527	0.12708	0.26826	0.02369	0.01205	0.00361	0.00589	0.01999	0.01029	0.00995
37	0.01616	0.01155	0.01596	0.01847	0.02037	0.01134	0.01513	0.02016	0.02371	0.03106	0.05851	0.28264	0.06582	0.03145	0.01469	0.00483	0.00882	0.32962	0.01007	0.00965
38	0.02969	0.20739	0.10222	0.03276	0.08721	0.03185	0.14491	0.07659	0.02626	0.07927	0.02112	0.02490	0.01646	0.01093	0.01223	0.00324	0.06213	0.00928	0.00625	0.01532
39	0.02359	0.19054	0.44126	0.02814	0.04265	0.02954	0.03517	0.03409	0.02282	0.03243	0.01852	0.02171	0.01385	0.01012	0.00956	0.00319	0.01506	0.00753	0.00462	0.01561
40	0.02584	0.02093	0.02193	0.01993	0.02541	0.02393	0.01545	0.05182	0.43390	0.04468	0.04272	0.04067	0.03228	0.01440	0.01044	0.00348	0.00796	0.01192	0.13638	0.01592
41	0.02558	0.14350	0.21664	0.04444	0.24175	0.02898	0.08157	0.03381	0.02385	0.03340	0.01940	0.02424	0.01548	0.00980	0.01018	0.00319	0.01430	0.00880	0.00502	0.01604
42	0.03690	0.03075	0.02901	0.02372	0.03097	0.11291	0.01901	0.31603	0.13217	0.05566	0.02887	0.02907	0.02134	0.01308	0.01049	0.00321	0.01196	0.00987	0.06829	0.01668
43	0.02274	0.02158	0.03659	0.41440	0.23448	0.02479	0.03135	0.02974	0.02282	0.03047	0.01976	0.02837	0.01546	0.01050	0.01087	0.00350	0.01400	0.00970	0.00503	0.01385
44	0.08649	0.02360	0.08217	0.43852	0.10617	0.02449	0.02970	0.02936	0.02185	0.03117	0.01908	0.02722	0.01443	0.01068	0.01044	0.00356	0.01396	0.00917	0.00505	0.01289
45	0.02945	0.17855	0.16866	0.02919	0.04010	0.02899	0.15162	0.03949	0.07645	0.11569	0.02536	0.02736	0.01863	0.01075	0.01036	0.00325	0.01378	0.00967	0.00692	0.01573
46	0.02744	0.02647	0.05144	0.08466	0.05036	0.02675	0.33090	0.03717	0.06830	0.08392	0.02496	0.03052	0.01858	0.01123	0.01471	0.00376	0.07539	0.01204	0.00662	0.01479
47	0.01351	0.01107	0.01190	0.01170	0.01511	0.00947	0.00877	0.01685	0.02632	0.03293	0.21576	0.09922	0.43689	0.02632	0.01288	0.00362	0.00543	0.02221	0.01058	0.00947
48	0.02331	0.02970	0.12999	0.04256	0.14305	0.02381	0.26179	0.03133	0.02433	0.03383	0.02764	0.12365	0.02542	0.01359	0.01225	0.00368	0.01499	0.01450	0.00611	0.01446
49	0.08392	0.10658	0.36763	0.02730	0.04059	0.02859	0.03212	0.11975	0.02761	0.04099	0.01992	0.02257	0.01451	0.01072	0.00980	0.00330	0.01426	0.00796	0.00592	0.01596

[dist]
# distance from previous block
# <min> <max>
6	106

[block]
# block no. 2 follows, 12 sequences, length 49
# corresponding to MSA columns:
# 333-381
name=unknown_C
#
# <colnr> <probs for GDERKNQSTAVLIFYWHMCP>
#	G	D	E	R	K	N	Q	S	T	A	V	L	I	F	Y	W	H	M	C	P
0	0.02712	0.01395	0.01838	0.06339	0.02464	0.01288	0.01338	0.03069	0.02564	0.21941	0.05939	0.21179	0.14642	0.02198	0.01197	0.00370	0.00782	0.01895	0.05574	0.01278
1	0.08196	0.01973	0.02280	0.02000	0.02450	0.06347	0.05740	0.07395	0.07628	0.04145	0.21616	0.15932	0.05916	0.01984	0.01192	0.00360	0.00903	0.01737	0.00987	0.01218
2	0.03319	0.03076	0.15707	0.08101	0.09122	0.02361	0.07231	0.08687	0.07065	0.19764	0.02974	0.03063	0.02057	0.01182	0.01099	0.00345	0.01278	0.01024	0.00865	0.01681
3	0.02614	0.02769	0.07856	0.18081	0.21432	0.02669	0.16733	0.07806	0.02675	0.03663	0.02116	0.02785	0.01631	0.01021	0.01139	0.00347	0.01499	0.01051	0.00577	0.01535
4	0.02096	0.01953	0.03272	0.44887	0.14826	0.02305	0.02890	0.02759	0.02222	0.02915	0.02343	0.08384	0.02046	0.01291	0.01117	0.00364	0.01349	0.01172	0.00544	0.01266
5	0.04178	0.02207	0.02651	0.02119	0.02908	0.02226	0.01723	0.13994	0.16621	0.33087	0.04024	0.03602	0.02708	0.01376	0.01099	0.00344	0.00961	0.01111	0.01238	0.01821
6	0.09120	0.02131	0.02881	0.13422	0.13031	0.02248	0.02148	0.07218	0.10046	0.17800	0.03535	0.03610	0.05444	0.01307	0.01068	0.00346	0.01070	0.01093	0.00908	0.01574
7	0.03087	0.01736	0.02683	0.02701	0.10486	0.01605	0.06160	0.03532	0.02608	0.23390	0.04170	0.19387	0.03715	0.01818	0.01161	0.00359	0.00946	0.01642	0.07361	0.01452
8	0.02243	0.10018	0.52146	0.03012	0.04571	0.02670	0.03862	0.03439	0.02295	0.03384	0.01923	0.02259	0.01383	0.01028	0.01010	0.00337	0.01577	0.00789	0.00461	0.01595
9	0.01725	0.01080	0.01437	0.01519	0.01708	0.00992	0.01073	0.02024	0.02455	0.08228	0.18861	0.41299	0.07612	0.02900	0.01335	0.00406	0.00629	0.02606	0.01095	0.01016
10	0.02777	0.51611	0.15233	0.02101	0.03162	0.03977	0.02275	0.03301	0.02232	0.02733	0.01599	0.01854	0.01396	0.00952	0.00763	0.00254	0.01250	0.00625	0.00465	0.01439
11	0.01603	0.01572	0.06824	0.01578	0.01978	0.01188	0.01374	0.02169	0.02900	0.04046	0.40599	0.08177	0.13094	0.02234	0.01282	0.00360	0.00672	0.06183	0.01092	0.01074
12	0.02939	0.08336	0.08956	0.09076	0.15247	0.02668	0.10644	0.03754	0.05849	0.12325	0.02496	0.02870	0.01873	0.01165	0.01317	0.00348	0.06868	0.01009	0.00694	0.01565
13	0.02602	0.37941	0.27364	0.02400	0.03625	0.03548	0.02796	0.03346	0.02253	0.02947	0.01706	0.01987	0.01391	0.00977	0.00844	0.00281	0.01358	0.00679	0.00464	0.01491
14	0.01679	0.01038	0.01390	0.01560	0.01700	0.00956	0.01070	0.01892	0.02189	0.07984	0.05842	0.55335	0.06767	0.03213	0.01363	0.00432	0.00662	0.02903	0.01045	0.00981
15	0.14023	0.03476	0.22477	0.13411	0.04781	0.02447	0.11737	0.03477	0.02333	0.08718	0.02155	0.02580	0.01540	0.01051	0.01036	0.00351	0.01425	0.00916	0.00606	0.01461
16	0.09014	0.09057	0.26320	0.18538	0.04950	0.02732	0.03088	0.07760	0.02484	0.03652	0.01932	0.02401	0.01428	0.01066	0.00991	0.00338	0.01413	0.00827	0.00549	0.01460
17	0.08953	0.02385	0.03740	0.23192	0.14662	0.02630	0.10355	0.07714	0.08579	0.03821	0.02321	0.02878	0.01770	0.01099	0.01082	0.00352	0.01334	0.01017	0.00652	0.01465
18	0.01569	0.01100	0.01291	0.01334	0.01614	0.00964	0.00965	0.01845	0.02440	0.06559	0.12760	0.27976	0.29914	0.02853	0.01313	0.00391	0.00603	0.02477	0.01052	0.00981
19	0.03358	0.02683	0.08360	0.12737	0.04447	0.02536	0.11421	0.12815	0.03031	0.18062	0.02714	0.02976	0.01896	0.01238	0.01346	0.00359	0.06538	0.01049	0.00843	0.01590
20	0.15396	0.02097	0.02834	0.23435	0.08785	0.02318	0.02234	0.06741	0.05417	0.16429	0.02627	0.02922	0.01859	0.01165	0.01015	0.00347	0.01151	0.00946	0.00808	0.01474
21	0.27038	0.08215	0.02503	0.01865	0.02465	0.07338	0.01515	0.03761	0.07071	0.13448	0.02493	0.02895	0.01978	0.06593	0.01500	0.00401	0.05909	0.00874	0.00794	0.01342
22	0.02425	0.08868	0.32763	0.03320	0.09094	0.02729	0.07544	0.03870	0.11819	0.03606	0.02419	0.02685	0.01805	0.01094	0.01050	0.00341	0.01427	0.00927	0.00598	0.01615
23	0.08533	0.03488	0.23956	0.02704	0.03751	0.02259	0.09664	0.07707	0.02695	0.08911	0.07533	0.08282	0.02931	0.01396	0.01106	0.00354	0.01283	0.01215	0.00755	0.01479
24	0.02767	0.02357	0.07951	0.11464	0.03867	0.02161	0.06504	0.10799	0.07089	0.11185	0.03698	0.10218	0.03287	0.01745	0.01210	0.00386	0.01181	0.09795	0.00901	0.01436
25	0.02768	0.02349	0.08123	0.07980	0.08280	0.02041	0.10811	0.07936	0.02732	0.13442	0.03585	0.18271	0.03300	0.01728	0.01200	0.00371	0.01182	0.01598	0.00862	0.01440
26	0.16106	0.02266	0.03359	0.03115	0.11547	0.02239	0.10746	0.04317	0.07579	0.23211	0.03048	0.03077	0.02129	0.01160	0.01050	0.00344	0.01129	0.01029	0.00924	0.01625
27	0.21753	0.07890	0.07925	0.07462	0.07555	0.02601	0.02053	0.12232	0.02763	0.09448	0.02467	0.06918	0.02030	0.01285	0.00956	0.00336	0.01096	0.00992	0.00777	0.01459
28	0.03077	0.01538	0.01892	0.01611	0.02140	0.01432	0.01269	0.07781	0.02982	0.23530	0.12207	0.10587	0.10333	0.01825	0.01117	0.00337	0.00748	0.01533	0.12673	0.01387
29	0.03127	0.03223	0.13169	0.13841	0.09742	0.07683	0.11048	0.07736	0.02807	0.13284	0.02472	0.02821	0.01763	0.01109	0.01104	0.00341	0.01462	0.00994	0.00716	0.01557
30	0.20760	0.07653	0.03429	0.08255	0.13252	0.02587	0.06697	0.07620	0.02614	0.13786	0.02336	0.02595	0.01715	0.01084	0.00964	0.00330	0.01154	0.00890	0.00763	0.01517
31	0.08831	0.12675	0.28947	0.03377	0.08571	0.02833	0.13150	0.03402	0.02318	0.03480	0.01911	0.02338	0.01450	0.00989	0.01009	0.00331	0.01495	0.00867	0.00507	0.01520
32	0.02433	0.01701	0.02728	0.06820	0.13670	0.01650	0.05661	0.02881	0.02437	0.12460	0.04292	0.25778	0.04364	0.02153	0.01256	0.00394	0.01006	0.06104	0.00902	0.01312
33	0.03520	0.08206	0.08015	0.02509	0.07290	0.02382	0.02030	0.08753	0.13446	0.22892	0.06866	0.03582	0.02936	0.01331	0.01066	0.00333	0.01029	0.01087	0.01031	0.01696
34	0.02939	0.09359	0.03620	0.14035	0.12846	0.02538	0.06015	0.07870	0.07452	0.11891	0.02989	0.08491	0.02470	0.01357	0.01089	0.00342	0.01181	0.01198	0.00798	0.01520
35	0.01394	0.00999	0.01324	0.01474	0.01596	0.00929	0.01017	0.01682	0.02391	0.03266	0.20675	0.44928	0.08146	0.03056	0.01360	0.00412	0.00597	0.02757	0.01069	0.00929
36	0.02538	0.17372	0.20239	0.08162	0.04305	0.02944	0.11196	0.07768	0.02533	0.03425	0.02054	0.02567	0.01618	0.01725	0.06554	0.00461	0.01622	0.00906	0.00552	0.01460
37	0.02951	0.07826	0.09103	0.08283	0.24606	0.02729	0.11166	0.08095	0.02752	0.08630	0.02283	0.02728	0.01742	0.01041	0.01083	0.00330	0.01373	0.00991	0.00654	0.01635
38	0.03091	0.13923	0.08819	0.13283	0.04645	0.02812	0.15216	0.08157	0.02754	0.13225	0.02436	0.02771	0.01760	0.01080	0.01066	0.00330	0.01393	0.00992	0.00715	0.01529
39	0.01843	0.01307	0.01493	0.01414	0.01799	0.01217	0.01069	0.02516	0.08661	0.08151	0.19520	0.13206	0.28859	0.02416	0.01259	0.00366	0.00621	0.02061	0.01099	0.01122
40	0.09382	0.02177	0.07401	0.07775	0.07795	0.01824	0.01973	0.03969	0.02668	0.28656	0.04148	0.07111	0.07402	0.01483	0.01086	0.00348	0.01014	0.01229	0.01002	0.01557
41	0.02592	0.20207	0.22095	0.07786	0.08700	0.02790	0.02737	0.03321	0.02377	0.07905	0.02923	0.03150	0.06612	0.01199	0.00980	0.00315	0.01278	0.00943	0.00606	0.01483
42	0.02905	0.02819	0.12858	0.03430	0.16993	0.02272	0.02485	0.04233	0.15868	0.13817	0.03898	0.03875	0.06962	0.01350	0.01101	0.00347	0.01103	0.01152	0.00874	0.01658
43	0.02314	0.03065	0.14402	0.22064	0.05843	0.02660	0.21802	0.03171	0.02308	0.03171	0.01998	0.02758	0.01516	0.01091	0.01391	0.00372	0.07122	0.01061	0.00505	0.01386
44	0.09569	0.07782	0.08291	0.13164	0.06913	0.02379	0.05294	0.04094	0.06441	0.21110	0.02878	0.02991	0.02010	0.01164	0.01026	0.00337	0.01177	0.00967	0.00846	0.01566
45	0.02537	0.03475	0.18635	0.05327	0.31937	0.02607	0.12726	0.03403	0.02452	0.03520	0.02056	0.02639	0.01620	0.00979	0.01108	0.00338	0.01485	0.00988	0.00521	0.01647
46	0.01432	0.01007	0.01264	0.01455	0.01599	0.00938	0.01031	0.01695	0.02204	0.02978	0.06473	0.43492	0.13509	0.03072	0.01326	0.00419	0.00644	0.06968	0.07577	0.00915
47	0.02795	0.19271	0.22847	0.02774	0.08219	0.02846	0.02695	0.07685	0.02702	0.08606	0.07283	0.02930	0.02462	0.01174	0.00987	0.00311	0.01255	0.00920	0.00683	0.01554
48	0.09522	0.02284	0.03528	0.03281	0.12798	0.02208	0.11111	0.08605	0.02978	0.23946	0.06234	0.03383	0.02587	0.01221	0.01103	0.00340	0.01158	0.01108	0.00958	0.01648

[dist]
# distance from previous block
# <min> <max>
0	13

[block]
# block no. 3 follows, 12 sequences, length 35
# corresponding to MSA columns:
# 395-429
name=unknown_D
#
# <colnr> <probs for GDERKNQSTAVLIFYWHMCP>
#	G	D	E	R	K	N	Q	S	T	A	V	L	I	F	Y	W	H	M	C	P
0	0.02785	0.01358	0.01823	0.01631	0.02064	0.01213	0.01247	0.03178	0.02835	0.23837	0.22092	0.20441	0.06528	0.02203	0.01241	0.00367	0.00706	0.01932	0.01208	0.01312
1	0.02877	0.08834	0.04191	0.20962	0.16700	0.07568	0.10308	0.03502	0.02503	0.08987	0.02205	0.02749	0.01678	0.01052	0.01069	0.00331	0.01435	0.00970	0.00610	0.01468
2	0.02561	0.02630	0.10947	0.07865	0.06916	0.02087	0.09871	0.03549	0.08192	0.09091	0.07742	0.03401	0.02750	0.01168	0.01070	0.00309	0.01165	0.01064	0.00764	0.16859
3	0.03186	0.07194	0.09214	0.09945	0.22296	0.02443	0.07081	0.03844	0.02596	0.17628	0.02619	0.02907	0.01898	0.01086	0.01071	0.00331	0.01282	0.00988	0.00743	0.01649
4	0.02146	0.01373	0.01907	0.06067	0.02366	0.01459	0.01409	0.02467	0.02256	0.11383	0.10589	0.22087	0.04978	0.09018	0.09035	0.00638	0.06951	0.01859	0.00908	0.01104
5	0.03675	0.09905	0.14171	0.02195	0.03115	0.05773	0.02123	0.04235	0.02735	0.29502	0.03472	0.08777	0.02630	0.01425	0.01059	0.00334	0.01141	0.01148	0.00971	0.01614
6	0.10517	0.03440	0.13440	0.02379	0.03278	0.12173	0.02206	0.09202	0.10696	0.17565	0.02922	0.02858	0.02055	0.01226	0.01021	0.00333	0.01260	0.00924	0.00895	0.01610
7	0.03896	0.02839	0.12985	0.02948	0.09282	0.02150	0.06038	0.09193	0.03057	0.31325	0.03289	0.03170	0.02183	0.01212	0.01097	0.00339	0.01192	0.01032	0.01008	0.01767
8	0.02391	0.03192	0.20617	0.09197	0.08977	0.02252	0.02682	0.03755	0.13621	0.06914	0.11615	0.03883	0.03456	0.01356	0.01109	0.00350	0.01169	0.01152	0.00794	0.01518
9	0.03652	0.02883	0.13954	0.06530	0.14556	0.02190	0.02587	0.07990	0.02922	0.27036	0.03076	0.03076	0.02085	0.01187	0.01080	0.00337	0.01197	0.00994	0.00926	0.01741
10	0.02541	0.07909	0.19160	0.21206	0.04798	0.02308	0.02763	0.03327	0.02481	0.11349	0.08913	0.03416	0.02740	0.01245	0.01067	0.00341	0.01277	0.01035	0.00700	0.01425
11	0.02228	0.04507	0.38919	0.03065	0.04249	0.02547	0.07749	0.03161	0.02156	0.03200	0.01893	0.02456	0.01456	0.01387	0.01717	0.05950	0.10563	0.00884	0.00472	0.01440
12	0.15677	0.09287	0.20603	0.02762	0.09087	0.02532	0.02529	0.07255	0.02502	0.07983	0.02482	0.08178	0.02107	0.01298	0.00982	0.00338	0.01197	0.01027	0.00689	0.01486
13	0.03807	0.12748	0.09166	0.07777	0.03479	0.02336	0.02072	0.04534	0.06366	0.31666	0.03332	0.03160	0.02248	0.01226	0.01022	0.00325	0.01094	0.00972	0.00994	0.01676
14	0.02493	0.01567	0.02283	0.02731	0.13930	0.01459	0.01663	0.02886	0.02571	0.15530	0.10648	0.23385	0.09970	0.02180	0.01230	0.00372	0.00831	0.01942	0.01005	0.01323
15	0.02713	0.10373	0.12596	0.02875	0.03735	0.02510	0.15904	0.03353	0.02426	0.11626	0.03301	0.07895	0.06167	0.01457	0.01407	0.00360	0.07883	0.01271	0.00718	0.01428
16	0.03887	0.09138	0.03381	0.09729	0.07545	0.02699	0.02107	0.20420	0.03542	0.22230	0.02938	0.02935	0.02030	0.01227	0.01048	0.00324	0.01143	0.00974	0.00990	0.01712
17	0.02504	0.08954	0.38134	0.11899	0.04821	0.02553	0.03450	0.03526	0.02361	0.08724	0.02165	0.02504	0.01532	0.01070	0.01025	0.00339	0.01481	0.00845	0.00558	0.01556
18	0.01352	0.01059	0.01224	0.01285	0.01537	0.00931	0.00925	0.01649	0.02483	0.03180	0.18130	0.25522	0.31129	0.02856	0.01320	0.00386	0.00569	0.02481	0.01050	0.00931
19	0.08128	0.02317	0.07797	0.02395	0.07040	0.01993	0.01901	0.09301	0.06938	0.22361	0.08892	0.09427	0.03575	0.01566	0.01108	0.00350	0.00973	0.01310	0.01048	0.01579
20	0.09997	0.11811	0.22548	0.02680	0.03825	0.02884	0.07481	0.13717	0.02944	0.08917	0.02228	0.02429	0.01609	0.01094	0.00995	0.00327	0.01344	0.00865	0.00707	0.01597
21	0.02988	0.01828	0.02407	0.08159	0.07588	0.01849	0.01726	0.08931	0.06839	0.17669	0.13533	0.04770	0.07344	0.01547	0.01110	0.00335	0.00896	0.01308	0.07710	0.01464
22	0.02644	0.18444	0.31896	0.02948	0.04208	0.10080	0.08552	0.03531	0.02415	0.03150	0.01847	0.02202	0.01419	0.01010	0.00979	0.00313	0.01580	0.00795	0.00485	0.01501
23	0.10546	0.02120	0.02932	0.31814	0.05273	0.02412	0.02375	0.11150	0.02810	0.14469	0.02483	0.02897	0.01742	0.01170	0.01045	0.00349	0.01237	0.00954	0.00780	0.01443
24	0.02123	0.02003	0.03386	0.53836	0.12235	0.02439	0.03060	0.02842	0.02210	0.02863	0.01949	0.02886	0.01481	0.01078	0.01089	0.00359	0.01438	0.00969	0.00490	0.01263
25	0.01647	0.01298	0.01939	0.01906	0.02132	0.01248	0.06292	0.05051	0.02342	0.03131	0.05386	0.51010	0.06273	0.03014	0.01361	0.00427	0.00796	0.02769	0.00969	0.01011
26	0.03089	0.02904	0.04982	0.04006	0.09149	0.08056	0.28980	0.03772	0.02615	0.11724	0.02400	0.02891	0.01782	0.01112	0.01436	0.00361	0.07427	0.01136	0.00672	0.01507
27	0.04131	0.02020	0.02875	0.02203	0.03000	0.01869	0.06508	0.10532	0.03316	0.37597	0.10369	0.04071	0.03473	0.01416	0.01139	0.00340	0.00999	0.01215	0.01218	0.01710
28	0.01328	0.00949	0.01265	0.01518	0.01581	0.00886	0.01012	0.01518	0.02088	0.02783	0.06010	0.60969	0.07212	0.03416	0.01392	0.00443	0.00633	0.03100	0.01012	0.00886
29	0.01773	0.01446	0.02058	0.01977	0.02113	0.01773	0.01569	0.02100	0.01801	0.02591	0.02953	0.05047	0.02957	0.11741	0.33325	0.01246	0.15540	0.06379	0.00615	0.00995
30	0.03106	0.02814	0.09244	0.12452	0.05046	0.02518	0.23421	0.09118	0.02885	0.14398	0.02614	0.02999	0.01833	0.01089	0.01172	0.00354	0.01498	0.01119	0.00756	0.01563
31	0.02653	0.02544	0.04342	0.10466	0.51466	0.02579	0.03323	0.03306	0.02461	0.03506	0.02043	0.02714	0.01707	0.00980	0.01080	0.00327	0.01307	0.00971	0.00536	0.01690
32	0.02664	0.02851	0.05833	0.09840	0.05670	0.02780	0.41738	0.07728	0.02764	0.03727	0.02216	0.02909	0.01652	0.00971	0.01249	0.00364	0.01742	0.01228	0.00593	0.01479
33	0.69383	0.02109	0.01603	0.01434	0.02109	0.02446	0.01181	0.03205	0.01856	0.04892	0.01518	0.01771	0.01181	0.01012	0.00675	0.00337	0.00843	0.00590	0.00675	0.01181
34	0.02507	0.02128	0.03542	0.44228	0.06609	0.02472	0.07835	0.07041	0.02538	0.07360	0.02208	0.02950	0.01606	0.01111	0.01111	0.00359	0.01431	0.01013	0.00609	0.01342

[dist]
# distance from previous block
# <min> <max>
0	1

[block]
# block no. 4 follows, 12 sequences, length 37
# corresponding to MSA columns:
# 431-467
name=unknown_E
#
# <colnr> <probs for GDERKNQSTAVLIFYWHMCP>
#	G	D	E	R	K	N	Q	S	T	A	V	L	I	F	Y	W	H	M	C	P
0	0.03760	0.07157	0.07190	0.08175	0.03897	0.02796	0.06472	0.23910	0.03698	0.17808	0.02808	0.02863	0.01942	0.01217	0.01077	0.00331	0.01239	0.00995	0.00958	0.01707
1	0.02766	0.02736	0.05092	0.16557	0.05653	0.02804	0.30416	0.12740	0.02987	0.03998	0.02226	0.02870	0.01648	0.01035	0.01203	0.00359	0.01625	0.01154	0.00643	0.01487
2	0.01578	0.01086	0.01338	0.01338	0.01389	0.01138	0.00846	0.01681	0.01630	0.02224	0.03300	0.06384	0.03638	0.47588	0.19196	0.01240	0.01548	0.01476	0.00641	0.00743
3	0.03618	0.02561	0.03648	0.09270	0.18771	0.06769	0.07174	0.08284	0.02964	0.21628	0.02850	0.03025	0.02013	0.01150	0.01100	0.00333	0.01284	0.01024	0.00865	0.01669
4	0.03321	0.02645	0.02808	0.02342	0.03067	0.02997	0.01873	0.25112	0.32599	0.05543	0.03664	0.03452	0.02702	0.01407	0.01102	0.00352	0.01006	0.01126	0.01102	0.01780
5	0.02634	0.02754	0.09581	0.18978	0.19812	0.02503	0.16156	0.03418	0.02465	0.07745	0.02245	0.02866	0.01685	0.01026	0.01136	0.00349	0.01484	0.01051	0.00589	0.01523
6	0.19294	0.08739	0.07939	0.03197	0.11972	0.07962	0.09768	0.03746	0.02465	0.11910	0.02206	0.02475	0.01645	0.01049	0.00966	0.00325	0.01292	0.00870	0.00691	0.01488
7	0.02225	0.05375	0.51160	0.03254	0.04815	0.02554	0.08634	0.03457	0.02329	0.03457	0.01981	0.02365	0.01408	0.01024	0.01061	0.00347	0.01634	0.00853	0.00469	0.01598
8	0.02059	0.01938	0.03270	0.59060	0.07510	0.02422	0.03028	0.02786	0.02180	0.02786	0.01938	0.02907	0.01453	0.01090	0.01090	0.00363	0.01453	0.00969	0.00484	0.01211
9	0.02915	0.62337	0.05714	0.01866	0.02799	0.04314	0.01866	0.03265	0.02215	0.02565	0.01516	0.01749	0.01399	0.00933	0.00700	0.00233	0.01166	0.00583	0.00466	0.01399
10	0.03442	0.03532	0.25108	0.02805	0.07502	0.02143	0.02759	0.04419	0.06170	0.26317	0.03159	0.03069	0.02117	0.01199	0.01071	0.00342	0.01238	0.00975	0.00899	0.01735
11	0.02618	0.01774	0.07092	0.01760	0.02144	0.01462	0.01444	0.07239	0.02172	0.11477	0.02503	0.03537	0.02150	0.07793	0.03216	0.37899	0.01043	0.01016	0.00695	0.00967
12	0.01383	0.00983	0.01214	0.01400	0.01535	0.00903	0.00957	0.01617	0.02176	0.02925	0.06698	0.46896	0.15301	0.03110	0.01318	0.00413	0.00607	0.02773	0.06888	0.00903
13	0.07197	0.08507	0.03893	0.14033	0.29609	0.07181	0.02764	0.03523	0.06687	0.03434	0.02116	0.02635	0.01721	0.01046	0.01012	0.00323	0.01297	0.00908	0.00582	0.01533
14	0.13569	0.02822	0.08748	0.04582	0.30681	0.02596	0.02766	0.10004	0.02773	0.08114	0.02203	0.02578	0.01697	0.01059	0.01014	0.00330	0.01214	0.00906	0.00689	0.01656
15	0.02373	0.04344	0.32221	0.03822	0.05189	0.02640	0.26539	0.03472	0.02432	0.03472	0.02076	0.02609	0.01512	0.00980	0.01156	0.00356	0.01720	0.01037	0.00504	0.01544
16	0.01998	0.01223	0.01481	0.01375	0.01760	0.01070	0.01045	0.02368	0.02750	0.12511	0.23295	0.13484	0.26682	0.02410	0.01265	0.00362	0.00613	0.02065	0.01131	0.01114
17	0.03270	0.02124	0.03243	0.08653	0.23945	0.02102	0.02376	0.04033	0.06831	0.21145	0.08084	0.03699	0.02995	0.01272	0.01109	0.00337	0.01074	0.01132	0.00918	0.01658
18	0.03542	0.15594	0.08075	0.03006	0.07971	0.08171	0.10434	0.08748	0.02919	0.17289	0.02571	0.02697	0.01857	0.01107	0.01027	0.00313	0.01343	0.00938	0.00791	0.01607
19	0.02237	0.01471	0.01929	0.02101	0.06298	0.01491	0.01420	0.03035	0.10959	0.10420	0.04701	0.28896	0.04718	0.02907	0.06686	0.00520	0.00980	0.01990	0.05994	0.01248
20	0.02482	0.08327	0.31141	0.08347	0.09617	0.06694	0.07417	0.03602	0.05881	0.03368	0.02108	0.02509	0.01582	0.01055	0.01045	0.00336	0.01530	0.00884	0.00531	0.01544
21	0.14305	0.07402	0.03000	0.02417	0.06615	0.02621	0.01857	0.12736	0.07064	0.21069	0.02882	0.02862	0.02050	0.01290	0.01236	0.00342	0.06732	0.00939	0.00956	0.01624
22	0.03181	0.02156	0.02615	0.02568	0.07848	0.02303	0.01855	0.05148	0.31400	0.17185	0.04279	0.04513	0.03253	0.01522	0.01135	0.00368	0.00933	0.04931	0.01106	0.01700
23	0.02494	0.01623	0.02526	0.02606	0.09855	0.01498	0.06435	0.02913	0.02560	0.15458	0.09416	0.23918	0.09733	0.02168	0.01248	0.00378	0.00898	0.01971	0.00994	0.01306
24	0.04035	0.06156	0.03344	0.02955	0.11790	0.02130	0.05539	0.04752	0.07133	0.35141	0.03593	0.03383	0.02425	0.01237	0.01082	0.00333	0.01067	0.01066	0.01075	0.01764
25	0.02458	0.02325	0.03922	0.11340	0.08694	0.02414	0.18185	0.07364	0.11884	0.03869	0.07205	0.09217	0.03201	0.01433	0.01203	0.00366	0.01282	0.01414	0.00784	0.01440
26	0.02637	0.02924	0.09735	0.06157	0.45702	0.02599	0.07461	0.03369	0.02472	0.03545	0.02055	0.02680	0.01686	0.00973	0.01093	0.00330	0.01373	0.00982	0.00533	0.01694
27	0.08010	0.02535	0.07990	0.12168	0.19154	0.02437	0.06876	0.03395	0.05814	0.07374	0.02568	0.07056	0.02167	0.01315	0.01301	0.00362	0.06200	0.01136	0.00666	0.01476
28	0.02832	0.13887	0.17197	0.03920	0.16406	0.03039	0.11537	0.11353	0.02849	0.03900	0.02057	0.02468	0.01595	0.01027	0.01042	0.00322	0.01430	0.00922	0.00602	0.01617
29	0.08419	0.03882	0.23175	0.08235	0.04103	0.07426	0.02777	0.12346	0.07188	0.08578	0.02423	0.02616	0.01736	0.01160	0.01029	0.00339	0.01369	0.00888	0.00732	0.01580
30	0.01882	0.01749	0.02888	0.17216	0.03956	0.01864	0.10255	0.02458	0.02540	0.03413	0.19702	0.05803	0.13390	0.01768	0.01421	0.00368	0.05809	0.01563	0.00808	0.01148
31	0.03028	0.17608	0.21828	0.07612	0.04148	0.02748	0.07521	0.03794	0.02492	0.15549	0.02431	0.02621	0.01731	0.01079	0.01000	0.00321	0.01352	0.00884	0.00684	0.01570
32	0.02712	0.02248	0.07076	0.18277	0.09268	0.02115	0.02319	0.07589	0.06213	0.12433	0.04159	0.04794	0.09727	0.01542	0.01146	0.00362	0.01137	0.04599	0.00845	0.01440
33	0.02478	0.01626	0.02237	0.01992	0.02427	0.01599	0.05340	0.07689	0.07657	0.12709	0.09728	0.29827	0.05382	0.02342	0.01265	0.00390	0.00848	0.02104	0.01069	0.01292
34	0.02549	0.04418	0.29448	0.03870	0.08687	0.08069	0.20280	0.03549	0.02490	0.03397	0.02024	0.02523	0.01506	0.00999	0.01122	0.00345	0.01703	0.00977	0.00508	0.01536
35	0.03411	0.07667	0.09029	0.08002	0.07981	0.21167	0.10818	0.03992	0.02747	0.11563	0.02264	0.02571	0.01684	0.01089	0.01057	0.00318	0.01593	0.00912	0.00664	0.01469
36	0.02649	0.26088	0.14623	0.03049	0.04129	0.03308	0.18878	0.03628	0.07400	0.03237	0.02120	0.02483	0.01675	0.01001	0.01000	0.00312	0.01443	0.00926	0.00558	0.01494

[dist]
# distance from previous block
# <min> <max>
0	7

[block]
# block no. 5 follows, 12 sequences, length 22
# corresponding to MSA columns:
# 475-496
name=unknown_F
#
# <colnr> <probs for GDERKNQSTAVLIFYWHMCP>
#	G	D	E	R	K	N	Q	S	T	A	V	L	I	F	Y	W	H	M	C	P
0	0.02126	0.01950	0.06680	0.01768	0.02233	0.05141	0.01485	0.02811	0.06739	0.08518	0.22227	0.14002	0.11265	0.02540	0.05108	0.00455	0.00967	0.01778	0.01007	0.01196
1	0.02661	0.09124	0.14155	0.08438	0.22591	0.07007	0.13782	0.03430	0.02471	0.03308	0.01981	0.02547	0.01573	0.00988	0.01074	0.00328	0.01524	0.00953	0.00519	0.01546
2	0.02869	0.14663	0.25800	0.03256	0.09023	0.02744	0.10116	0.03719	0.02478	0.11841	0.02306	0.02564	0.01674	0.01045	0.01026	0.00325	0.01422	0.00900	0.00628	0.01603
3	0.01537	0.01272	0.01675	0.05853	0.02173	0.01357	0.01305	0.01824	0.02227	0.02947	0.10734	0.31311	0.18000	0.02767	0.01633	0.00414	0.08733	0.02347	0.00917	0.00973
4	0.03302	0.03829	0.13658	0.16214	0.04579	0.18863	0.02658	0.11944	0.03068	0.08441	0.02201	0.02531	0.01608	0.01151	0.01048	0.00327	0.01546	0.00871	0.00686	0.01476
5	0.02934	0.03761	0.24704	0.03989	0.17735	0.02498	0.08237	0.07568	0.02731	0.11730	0.02419	0.02715	0.01741	0.01076	0.01087	0.00339	0.01414	0.00959	0.00678	0.01684
6	0.02184	0.02726	0.13659	0.13246	0.04260	0.02260	0.09667	0.03522	0.14239	0.03561	0.07459	0.07536	0.03159	0.01926	0.05323	0.00469	0.01376	0.01292	0.00742	0.01395
7	0.01683	0.01467	0.02343	0.02397	0.07750	0.01366	0.08382	0.02102	0.02459	0.03292	0.14953	0.27248	0.15291	0.02458	0.01305	0.00387	0.00838	0.02257	0.00932	0.01091
8	0.03042	0.08664	0.13406	0.02332	0.03140	0.06328	0.02263	0.10332	0.02970	0.13292	0.03579	0.05567	0.03182	0.01730	0.01162	0.00373	0.01226	0.15065	0.00887	0.01460
9	0.03569	0.07893	0.15274	0.02807	0.08780	0.02499	0.02439	0.11151	0.07871	0.22099	0.03078	0.03003	0.02131	0.01211	0.01049	0.00331	0.01174	0.00972	0.00931	0.01737
10	0.08192	0.22712	0.07977	0.01816	0.02448	0.02421	0.01654	0.02802	0.02229	0.07937	0.03539	0.24646	0.03725	0.01939	0.01031	0.00343	0.00952	0.01616	0.00776	0.01246
11	0.03115	0.02829	0.10950	0.19028	0.14977	0.02549	0.02799	0.13932	0.03050	0.12428	0.02491	0.02845	0.01786	0.01148	0.01081	0.00341	0.01305	0.00969	0.00763	0.01616
12	0.02729	0.03079	0.10000	0.04984	0.22331	0.02738	0.25618	0.07942	0.02758	0.03832	0.02168	0.02768	0.01673	0.00985	0.01174	0.00347	0.01570	0.01105	0.00590	0.01608
13	0.09395	0.22893	0.13539	0.02216	0.03190	0.03199	0.02195	0.11748	0.09685	0.08537	0.02421	0.02484	0.01827	0.01132	0.00915	0.00307	0.01162	0.00824	0.00753	0.01577
14	0.02155	0.01721	0.06780	0.09903	0.02916	0.01396	0.01646	0.02582	0.02396	0.12548	0.05835	0.25810	0.15288	0.02344	0.01239	0.00387	0.00877	0.02043	0.00948	0.01184
15	0.35000	0.08318	0.02428	0.01694	0.02468	0.02283	0.01432	0.04108	0.02431	0.26216	0.02701	0.02593	0.01849	0.01147	0.00857	0.00326	0.00913	0.00805	0.00940	0.01491
16	0.02864	0.31027	0.09172	0.13363	0.03998	0.03504	0.02314	0.11164	0.06613	0.03543	0.02044	0.02348	0.01631	0.01076	0.00902	0.00295	0.01245	0.00794	0.00620	0.01481
17	0.01736	0.01446	0.02181	0.11927	0.11570	0.01481	0.01825	0.02144	0.02268	0.02999	0.05124	0.29782	0.09750	0.02501	0.01296	0.00411	0.00925	0.08687	0.00845	0.01101
18	0.02383	0.12815	0.39450	0.03612	0.13890	0.02787	0.03605	0.03407	0.02324	0.03352	0.01914	0.02301	0.01449	0.01010	0.00998	0.00326	0.01491	0.00806	0.00476	0.01604
19	0.03690	0.02536	0.08243	0.08641	0.13952	0.02191	0.06613	0.07766	0.02933	0.27511	0.03116	0.03160	0.02117	0.01182	0.01103	0.00340	0.01211	0.01041	0.00939	0.01714
20	0.08461	0.09416	0.26685	0.03518	0.13568	0.02597	0.08094	0.03276	0.02384	0.03605	0.06459	0.02850	0.02231	0.01103	0.01027	0.00332	0.01369	0.00948	0.00569	0.01509
21	0.02004	0.01158	0.01518	0.01529	0.01797	0.01046	0.01106	0.02311	0.02514	0.12532	0.16293	0.35576	0.10867	0.02745	0.01309	0.00397	0.00654	0.02441	0.01112	0.01091

[dist]
# distance from previous block
# <min> <max>
0	7

[block]
# block no. 6 follows, 12 sequences, length 41
# corresponding to MSA columns:
# 504-544
name=unknown_G
#
# <colnr> <probs for GDERKNQSTAVLIFYWHMCP>
#	G	D	E	R	K	N	Q	S	T	A	V	L	I	F	Y	W	H	M	C	P
0	0.03417	0.02362	0.08784	0.02953	0.09784	0.01879	0.08895	0.04016	0.02788	0.27391	0.07925	0.08485	0.03320	0.01456	0.01156	0.00350	0.01114	0.01319	0.01000	0.01607
1	0.03745	0.11939	0.14589	0.02644	0.07617	0.02513	0.02361	0.10255	0.03012	0.26118	0.02987	0.02896	0.02037	0.01184	0.01022	0.00321	0.01173	0.00933	0.00929	0.01725
2	0.03341	0.02030	0.02381	0.01965	0.02573	0.02085	0.01554	0.19059	0.08283	0.18108	0.12613	0.09172	0.04275	0.05688	0.01450	0.00395	0.00921	0.01425	0.01143	0.01538
3	0.02818	0.25903	0.19391	0.02262	0.03270	0.03001	0.02391	0.08374	0.02619	0.08329	0.02594	0.09676	0.02300	0.01356	0.00965	0.00312	0.01211	0.01057	0.00683	0.01488
4	0.16733	0.07671	0.09934	0.09285	0.16964	0.02555	0.02459	0.03728	0.06411	0.10809	0.02369	0.02646	0.01774	0.01090	0.00964	0.00332	0.01163	0.00877	0.00701	0.01534
5	0.02433	0.03195	0.18670	0.15719	0.05210	0.02355	0.18702	0.03298	0.02413	0.07611	0.02598	0.08097	0.02127	0.01252	0.01168	0.00365	0.01505	0.01232	0.00620	0.01431
6	0.01889	0.01677	0.02717	0.02598	0.06727	0.01855	0.07859	0.02343	0.02184	0.03119	0.12370	0.10389	0.04172	0.04028	0.20451	0.00850	0.11436	0.01485	0.00718	0.01134
7	0.03163	0.02951	0.14495	0.03212	0.10543	0.02317	0.07987	0.07588	0.02821	0.18126	0.07407	0.03381	0.02675	0.01313	0.01354	0.00354	0.06765	0.01097	0.00846	0.01605
8	0.08275	0.03458	0.21114	0.03680	0.15162	0.02404	0.08998	0.03893	0.05365	0.13340	0.02549	0.02789	0.01830	0.01088	0.01064	0.00343	0.01340	0.00964	0.00708	0.01636
9	0.02359	0.01375	0.01952	0.02180	0.07903	0.01271	0.01418	0.02708	0.02536	0.15604	0.12894	0.32398	0.06018	0.02461	0.01270	0.00388	0.00758	0.02205	0.01068	0.01233
10	0.02412	0.02324	0.07132	0.10273	0.13591	0.02256	0.02365	0.11375	0.02789	0.03791	0.03649	0.12544	0.06039	0.01851	0.01401	0.00387	0.06020	0.07654	0.00777	0.01369
11	0.03678	0.02123	0.03474	0.03010	0.08838	0.01971	0.12641	0.04390	0.06150	0.30394	0.03765	0.08664	0.02817	0.01411	0.01164	0.00354	0.01137	0.01317	0.01041	0.01660
12	0.03236	0.03006	0.15529	0.08736	0.12569	0.02261	0.08815	0.04128	0.05479	0.20811	0.02921	0.03073	0.02027	0.01145	0.01104	0.00345	0.01304	0.01030	0.00819	0.01662
13	0.02059	0.01938	0.03270	0.59060	0.07510	0.02422	0.03028	0.02786	0.02180	0.02786	0.01938	0.02907	0.01453	0.01090	0.01090	0.00363	0.01453	0.00969	0.00484	0.01211
14	0.03604	0.20947	0.03693	0.02301	0.03009	0.25553	0.01899	0.09856	0.03095	0.07875	0.06369	0.02651	0.02312	0.01203	0.00949	0.00283	0.01426	0.00843	0.00722	0.01409
15	0.03033	0.03388	0.19731	0.04186	0.19966	0.02371	0.10767	0.03857	0.02591	0.15559	0.02568	0.02853	0.01837	0.01070	0.01104	0.00340	0.01392	0.01001	0.00705	0.01681
16	0.02948	0.01370	0.01850	0.01696	0.02126	0.01220	0.01279	0.03269	0.02635	0.26665	0.09271	0.30833	0.05440	0.02388	0.01250	0.00387	0.00755	0.02105	0.01179	0.01333
17	0.02722	0.02621	0.04584	0.03460	0.04230	0.06745	0.28715	0.03379	0.02603	0.08897	0.07563	0.08230	0.03006	0.01399	0.01448	0.00371	0.06509	0.01407	0.00730	0.01380
18	0.03653	0.25938	0.04042	0.02467	0.03163	0.38069	0.02019	0.03959	0.02772	0.02631	0.01624	0.01887	0.01403	0.01054	0.00880	0.00264	0.01676	0.00659	0.00527	0.01313
19	0.02899	0.13160	0.14370	0.08108	0.04166	0.02755	0.11465	0.04116	0.12358	0.11679	0.02781	0.02952	0.02030	0.01138	0.01055	0.00336	0.01309	0.01002	0.00748	0.01572
20	0.02173	0.02160	0.03969	0.47024	0.07109	0.02496	0.13612	0.02942	0.02267	0.02942	0.01997	0.02915	0.01498	0.01052	0.01134	0.00364	0.01539	0.01039	0.00499	0.01269
21	0.02618	0.02508	0.04280	0.13313	0.48890	0.02569	0.03306	0.03275	0.02444	0.03464	0.02037	0.02725	0.01693	0.00986	0.01081	0.00329	0.01315	0.00971	0.00533	0.01662
22	0.02880	0.19589	0.29297	0.02510	0.03730	0.02857	0.02858	0.03915	0.06640	0.12161	0.02446	0.02543	0.01772	0.01099	0.00964	0.00317	0.01316	0.00832	0.00667	0.01607
23	0.02194	0.01515	0.02118	0.02530	0.10910	0.01478	0.01567	0.06751	0.02540	0.08884	0.04849	0.39720	0.05317	0.02591	0.01280	0.00401	0.00828	0.02334	0.00975	0.01219
24	0.02196	0.01962	0.03907	0.02985	0.03538	0.01870	0.25992	0.02481	0.02020	0.02724	0.02245	0.03610	0.02035	0.09667	0.02931	0.25695	0.01408	0.01198	0.00536	0.00998
25	0.08784	0.01944	0.03019	0.46389	0.06401	0.02321	0.02673	0.03145	0.02268	0.09667	0.02197	0.02901	0.01585	0.01116	0.01052	0.00358	0.01329	0.00949	0.00612	0.01290
26	0.09129	0.02725	0.12250	0.16672	0.12196	0.02261	0.05994	0.03780	0.02508	0.18093	0.02602	0.02898	0.01821	0.01117	0.01057	0.00345	0.01280	0.00965	0.00753	0.01553
27	0.02757	0.27323	0.30767	0.02500	0.03766	0.03128	0.02929	0.03577	0.02355	0.08633	0.02033	0.02236	0.01528	0.01029	0.00911	0.00301	0.01366	0.00750	0.00557	0.01555
28	0.03953	0.09775	0.12154	0.02390	0.03316	0.14307	0.02210	0.10381	0.03133	0.23557	0.02831	0.02749	0.01951	0.01198	0.01019	0.00314	0.01328	0.00893	0.00902	0.01638
29	0.02196	0.13519	0.39050	0.02593	0.03827	0.02554	0.03127	0.03108	0.02167	0.03090	0.02140	0.03037	0.01822	0.11304	0.01750	0.00449	0.01449	0.00904	0.00495	0.01418
