[name]
unknown

[dist]
# distance from previous block
# <min> <max>
0	814

[block]
# block no. 0 follows, 12 sequences, length 25
# corresponding to MSA columns:
# 862-886
name=unknown_A
#
# <colnr> <probs for GDERKNQSTAVLIFYWHMCP>
#	G	D	E	R	K	N	Q	S	T	A	V	L	I	F	Y	W	H	M	C	P
0	0.10712	0.02273	0.02900	0.07159	0.03408	0.02405	0.06190	0.15755	0.10418	0.15920	0.08630	0.03620	0.03034	0.01355	0.01087	0.00345	0.01059	0.01133	0.01014	0.01582
1	0.03165	0.03176	0.11260	0.02903	0.03695	0.08602	0.11750	0.10276	0.02934	0.12351	0.06785	0.03171	0.02479	0.01354	0.01529	0.00360	0.10836	0.01083	0.00788	0.01503
2	0.10468	0.06777	0.07127	0.02766	0.03640	0.02736	0.14298	0.15359	0.08549	0.08874	0.02846	0.06753	0.02265	0.01300	0.01087	0.00347	0.01248	0.01159	0.00844	0.01557
3	0.03009	0.12805	0.03446	0.02566	0.08501	0.02317	0.05896	0.06931	0.02674	0.14794	0.03374	0.03548	0.06705	0.01882	0.06314	0.00428	0.01243	0.01045	0.00807	0.11713
4	0.02415	0.07352	0.02453	0.01902	0.02436	0.02297	0.01512	0.07653	0.26661	0.04488	0.22119	0.05228	0.05567	0.01689	0.01135	0.00345	0.00789	0.01423	0.01083	0.01453
5	0.01496	0.01096	0.01403	0.01362	0.01609	0.01003	0.01008	0.01953	0.02921	0.04066	0.44989	0.14097	0.14114	0.02408	0.01298	0.00356	0.00531	0.02125	0.01162	0.01003
6	0.01386	0.01003	0.01279	0.01425	0.01547	0.00930	0.00968	0.01627	0.02265	0.03032	0.15078	0.42032	0.11949	0.08055	0.01714	0.00469	0.00639	0.02691	0.01017	0.00896
7	0.02194	0.01264	0.01636	0.01457	0.01846	0.01133	0.01123	0.02663	0.03027	0.14606	0.39385	0.07506	0.13631	0.02110	0.01248	0.00345	0.00602	0.01831	0.01210	0.01184
8	0.38490	0.01987	0.02047	0.01676	0.02432	0.02042	0.01383	0.04215	0.02462	0.29199	0.02852	0.02701	0.01908	0.01174	0.00877	0.00337	0.00884	0.00833	0.00998	0.01504
9	0.02915	0.62337	0.05714	0.01866	0.02799	0.04314	0.01866	0.03265	0.02215	0.02565	0.01516	0.01749	0.01399	0.00933	0.00700	0.00233	0.01166	0.00583	0.00466	0.01399
10	0.01311	0.01105	0.01135	0.01128	0.01486	0.00930	0.00846	0.01607	0.02537	0.03068	0.14770	0.10291	0.50636	0.02716	0.01288	0.00366	0.00549	0.02273	0.01029	0.00930
11	0.69383	0.02109	0.01603	0.01434	0.02109	0.02446	0.01181	0.03205	0.01856	0.04892	0.01518	0.01771	0.01181	0.01012	0.00675	0.00337	0.00843	0.00590	0.00675	0.01181
12	0.69383	0.02109	0.01603	0.01434	0.02109	0.02446	0.01181	0.03205	0.01856	0.04892	0.01518	0.01771	0.01181	0.01012	0.00675	0.00337	0.00843	0.00590	0.00675	0.01181
13	0.02712	0.02342	0.02465	0.02219	0.02835	0.02712	0.01726	0.05794	0.52909	0.04561	0.04438	0.04068	0.03328	0.01479	0.01109	0.00370	0.00863	0.01233	0.01109	0.01726
14	0.04073	0.05197	0.03090	0.02809	0.03371	0.57303	0.02107	0.04354	0.03090	0.02669	0.01685	0.01966	0.01404	0.01124	0.00983	0.00281	0.01966	0.00702	0.00562	0.01264
15	0.04318	0.01687	0.02227	0.01755	0.02480	0.01485	0.01434	0.04757	0.02953	0.45290	0.04152	0.03782	0.02718	0.01334	0.01029	0.00321	0.00844	0.01080	0.14666	0.01687
16	0.02059	0.01938	0.03270	0.59060	0.07510	0.02422	0.03028	0.02786	0.02180	0.02786	0.01938	0.02907	0.01453	0.01090	0.01090	0.00363	0.01453	0.00969	0.00484	0.01211
17	0.01452	0.01001	0.01229	0.01361	0.01394	0.00968	0.00844	0.01551	0.01847	0.02463	0.04777	0.35181	0.05656	0.31326	0.03383	0.00737	0.00836	0.02374	0.00844	0.00778
18	0.03158	0.03188	0.10714	0.03631	0.04704	0.02822	0.27986	0.17268	0.03315	0.08467	0.02457	0.02837	0.01762	0.01077	0.01188	0.00351	0.01561	0.01132	0.00757	0.01625
19	0.02834	0.01476	0.01882	0.01643	0.02139	0.01359	0.01278	0.03473	0.07213	0.23064	0.21440	0.12246	0.11325	0.02027	0.01213	0.00357	0.00715	0.01744	0.01207	0.01368
20	0.01894	0.00947	0.01420	0.01420	0.01420	0.00947	0.00947	0.01420	0.01420	0.01894	0.01894	0.03314	0.01894	0.03788	0.04261	0.68277	0.00947	0.00947	0.00473	0.00473
21	0.03121	0.02467	0.03420	0.23529	0.10591	0.06503	0.06145	0.08994	0.07085	0.13247	0.02672	0.03032	0.01927	0.01171	0.01099	0.00345	0.01329	0.01021	0.00779	0.01524
22	0.02506	0.01571	0.01833	0.01671	0.02154	0.01541	0.01282	0.03542	0.15629	0.15503	0.09908	0.15486	0.18549	0.02179	0.01215	0.00372	0.00729	0.01859	0.01127	0.01344
23	0.08043	0.33417	0.07723	0.01979	0.02833	0.03408	0.01886	0.12833	0.02904	0.03926	0.09036	0.02845	0.02697	0.01201	0.00880	0.00283	0.01089	0.00871	0.00710	0.01438
24	0.02347	0.10951	0.02567	0.01943	0.02423	0.06288	0.01573	0.07194	0.08072	0.03466	0.04136	0.21215	0.04327	0.02165	0.01173	0.00369	0.00982	0.11039	0.00881	0.06888

[dist]
# distance from previous block
# <min> <max>
0	4

[block]
# block no. 1 follows, 12 sequences, length 31
# corresponding to MSA columns:
# 891-921
name=unknown_B
#
# <colnr> <probs for GDERKNQSTAVLIFYWHMCP>
#	G	D	E	R	K	N	Q	S	T	A	V	L	I	F	Y	W	H	M	C	P
0	0.10472	0.07888	0.02963	0.02313	0.06390	0.02373	0.01778	0.07807	0.05399	0.20894	0.02774	0.02805	0.02004	0.01218	0.01216	0.00312	0.06906	0.00894	0.00899	0.12694
1	0.08296	0.08381	0.08735	0.02455	0.03287	0.02638	0.06156	0.11895	0.02956	0.22210	0.02766	0.02823	0.01939	0.01286	0.01369	0.00348	0.08978	0.00961	0.00902	0.01619
2	0.02527	0.03275	0.17449	0.12224	0.04527	0.02660	0.09142	0.06970	0.21545	0.03961	0.02959	0.03171	0.02190	0.01212	0.01109	0.00359	0.01310	0.01068	0.00757	0.01583
3	0.01872	0.02794	0.19396	0.02593	0.03341	0.01766	0.09997	0.02572	0.02307	0.03192	0.04090	0.24636	0.04331	0.02200	0.01284	0.00411	0.01198	0.10028	0.00764	0.01228
4	0.01567	0.01253	0.01607	0.01893	0.06124	0.01199	0.01222	0.02082	0.06432	0.03187	0.11491	0.34022	0.18249	0.02779	0.01307	0.00399	0.00676	0.02466	0.00999	0.01047
5	0.01695	0.07542	0.01876	0.01480	0.01670	0.01483	0.01071	0.01919	0.01886	0.02561	0.08210	0.09441	0.04139	0.28468	0.20831	0.01080	0.01580	0.01488	0.00693	0.00889
6	0.02993	0.04357	0.30951	0.02810	0.03918	0.08313	0.03072	0.07091	0.02633	0.12059	0.02289	0.02531	0.01640	0.01232	0.01383	0.00354	0.09260	0.00875	0.00663	0.01576
7	0.02743	0.03177	0.10015	0.05710	0.38720	0.07188	0.09665	0.03461	0.02527	0.03467	0.02031	0.02628	0.01654	0.00984	0.01094	0.00328	0.01457	0.00974	0.00535	0.01642
8	0.02059	0.01695	0.01823	0.01692	0.02104	0.01822	0.01261	0.03676	0.26756	0.03779	0.12394	0.06520	0.15469	0.11851	0.01909	0.00480	0.00781	0.01623	0.01026	0.01281
9	0.01548	0.01131	0.01604	0.01622	0.01768	0.01268	0.01196	0.01844	0.01741	0.02464	0.03237	0.08741	0.03285	0.18743	0.42985	0.01521	0.02385	0.01385	0.00629	0.00904
10	0.13822	0.08170	0.02624	0.01727	0.02623	0.02104	0.01436	0.07746	0.02547	0.09072	0.02122	0.02304	0.01650	0.00955	0.00830	0.00231	0.00899	0.00706	0.00744	0.37688
11	0.02993	0.02191	0.02364	0.02061	0.02679	0.02444	0.01621	0.10096	0.36089	0.09901	0.04115	0.03879	0.03038	0.01420	0.01060	0.00347	0.00858	0.01164	0.10025	0.01658
12	0.03015	0.02914	0.06476	0.11232	0.16894	0.07845	0.07636	0.15833	0.03172	0.04277	0.02313	0.02778	0.01775	0.01118	0.01062	0.00325	0.01350	0.00977	0.07468	0.01542
13	0.13772	0.19297	0.13788	0.02716	0.07003	0.03060	0.07201	0.10363	0.02653	0.03932	0.02128	0.05568	0.01810	0.01165	0.00942	0.00317	0.01247	0.00928	0.00638	0.01471
14	0.01766	0.01400	0.01850	0.01738	0.01792	0.01678	0.01260	0.01929	0.01651	0.02349	0.02823	0.05232	0.03027	0.32856	0.19408	0.01113	0.15339	0.01322	0.00596	0.00872
15	0.02883	0.08934	0.16749	0.02757	0.08831	0.02530	0.02439	0.13265	0.02933	0.06917	0.02183	0.02421	0.01655	0.01028	0.00958	0.00276	0.01186	0.00809	0.00701	0.20546
16	0.03039	0.02375	0.02642	0.02286	0.02891	0.02738	0.01815	0.10223	0.38134	0.09483	0.03940	0.03717	0.02928	0.01491	0.01347	0.00373	0.06645	0.01166	0.01069	0.01700
17	0.01559	0.01046	0.01197	0.01224	0.01231	0.01039	0.00698	0.01579	0.01638	0.02185	0.03707	0.12803	0.04306	0.55547	0.05112	0.00992	0.01012	0.01745	0.00698	0.00684
18	0.02583	0.35788	0.16190	0.07689	0.03656	0.03352	0.02383	0.03191	0.02237	0.02916	0.01711	0.02053	0.01429	0.00954	0.00827	0.00261	0.01245	0.00679	0.00491	0.10364
19	0.03461	0.20440	0.07457	0.02553	0.07934	0.02832	0.02111	0.11640	0.03000	0.17795	0.02960	0.03616	0.02347	0.01328	0.01012	0.00320	0.01135	0.05587	0.00868	0.01603
20	0.02642	0.01317	0.01692	0.01472	0.01904	0.01198	0.01148	0.03128	0.02940	0.19663	0.29363	0.06016	0.06544	0.01777	0.01126	0.00324	0.00637	0.01522	0.14312	0.01274
21	0.01433	0.01050	0.01313	0.01404	0.01576	0.00970	0.00994	0.01727	0.02408	0.03218	0.20187	0.29521	0.15478	0.08840	0.01772	0.00468	0.00650	0.05046	0.01029	0.00916
22	0.03474	0.15707	0.10258	0.08039	0.03662	0.08048	0.02241	0.11322	0.07065	0.15790	0.02679	0.02731	0.01929	0.01178	0.00993	0.00315	0.01254	0.00894	0.00828	0.01596
23	0.03211	0.12963	0.19256	0.02706	0.08525	0.02374	0.02498	0.03907	0.02657	0.21028	0.07674	0.03284	0.02713	0.01232	0.01029	0.00322	0.01171	0.00995	0.00840	0.01615
24	0.01486	0.01025	0.01253	0.01333	0.01390	0.00991	0.00838	0.01624	0.01968	0.02659	0.11161	0.26835	0.05988	0.32570	0.03469	0.00739	0.00830	0.02187	0.00860	0.00792
25	0.01982	0.01110	0.01420	0.01469	0.01680	0.01061	0.01043	0.02267	0.02196	0.10015	0.04833	0.33043	0.05103	0.07837	0.06252	0.00551	0.00874	0.02139	0.14097	0.01030
26	0.03317	0.02558	0.08574	0.15411	0.12811	0.02396	0.02575	0.08891	0.02802	0.19894	0.02721	0.02981	0.01921	0.01247	0.01322	0.00354	0.06802	0.00993	0.00825	0.01606
27	0.02454	0.28786	0.16899	0.08508	0.04012	0.03156	0.08959	0.03118	0.02267	0.02941	0.02194	0.07939	0.02002	0.01214	0.00965	0.00312	0.01338	0.01015	0.00532	0.01389
28	0.03055	0.02638	0.09681	0.02043	0.03058	0.02001	0.01862	0.12788	0.02971	0.12772	0.02463	0.02575	0.01809	0.01026	0.00941	0.00248	0.01012	0.00807	0.00824	0.35425
29	0.22141	0.02531	0.07433	0.01937	0.02709	0.06460	0.01710	0.06467	0.02786	0.22605	0.09666	0.03423	0.03008	0.01321	0.00988	0.00334	0.01014	0.01005	0.00976	0.01484
30	0.01471	0.01047	0.01352	0.01400	0.01553	0.00981	0.00974	0.01799	0.02524	0.03495	0.30013	0.27152	0.08329	0.10595	0.01893	0.00474	0.00630	0.02329	0.01060	0.00928

[dist]
# distance from previous block
# <min> <max>
0	3

[block]
# block no. 2 follows, 12 sequences, length 26
# corresponding to MSA columns:
# 925-943,960-966
name=unknown_C
#
# <colnr> <probs for GDERKNQSTAVLIFYWHMCP>
#	G	D	E	R	K	N	Q	S	T	A	V	L	I	F	Y	W	H	M	C	P
0	0.09198	0.08898	0.03224	0.08190	0.03457	0.10778	0.02056	0.15244	0.07778	0.08076	0.02324	0.02576	0.01782	0.01307	0.01383	0.00344	0.10227	0.00894	0.00780	0.01485
1	0.02597	0.06716	0.02698	0.06242	0.02945	0.02131	0.01660	0.07326	0.06021	0.08167	0.07521	0.07333	0.03018	0.01408	0.01258	0.00296	0.06850	0.01106	0.00812	0.23896
2	0.02009	0.01628	0.01917	0.01491	0.02152	0.01305	0.01125	0.02404	0.02267	0.03408	0.10976	0.04197	0.03523	0.12949	0.01815	0.00367	0.00807	0.01051	0.00741	0.43867
3	0.02889	0.14222	0.04456	0.08761	0.14976	0.03075	0.10116	0.07533	0.02548	0.07091	0.02057	0.02578	0.01653	0.01193	0.01495	0.00346	0.11943	0.00952	0.00617	0.01499
4	0.04623	0.02287	0.02797	0.02145	0.02999	0.02243	0.01772	0.21851	0.03843	0.38077	0.03695	0.03318	0.02395	0.01335	0.01094	0.00334	0.01026	0.01055	0.01256	0.01855
5	0.04746	0.02090	0.02675	0.02051	0.02900	0.01950	0.01694	0.14296	0.03513	0.46098	0.03972	0.03497	0.02534	0.01342	0.01095	0.00335	0.00981	0.01074	0.01299	0.01855
6	0.03855	0.01551	0.01981	0.01605	0.02235	0.01390	0.01298	0.04308	0.02818	0.36937	0.04032	0.03839	0.02734	0.01321	0.00975	0.00307	0.00776	0.01067	0.25418	0.01551
7	0.01499	0.01021	0.01215	0.01300	0.01321	0.00999	0.00779	0.01563	0.01754	0.02339	0.04301	0.25230	0.05056	0.42097	0.04152	0.00851	0.00914	0.02095	0.00779	0.00736
8	0.04892	0.01856	0.02530	0.01940	0.02783	0.01603	0.01603	0.05314	0.03121	0.55634	0.04302	0.03711	0.02699	0.01350	0.01096	0.00337	0.00928	0.01096	0.01350	0.01856
9	0.01572	0.01088	0.01236	0.01199	0.01493	0.00989	0.00899	0.02005	0.02698	0.03821	0.27918	0.07982	0.23378	0.02184	0.01165	0.00331	0.00526	0.01859	0.16668	0.00989
10	0.04892	0.01856	0.02530	0.01940	0.02783	0.01603	0.01603	0.05314	0.03121	0.55634	0.04302	0.03711	0.02699	0.01350	0.01096	0.00337	0.00928	0.01096	0.01350	0.01856
11	0.69383	0.02109	0.01603	0.01434	0.02109	0.02446	0.01181	0.03205	0.01856	0.04892	0.01518	0.01771	0.01181	0.01012	0.00675	0.00337	0.00843	0.00590	0.00675	0.01181
12	0.03324	0.01905	0.02370	0.01746	0.02665	0.01514	0.01417	0.03783	0.02608	0.24594	0.02893	0.02847	0.02053	0.01026	0.00924	0.00233	0.00856	0.00828	0.00930	0.41484
13	0.01520	0.01114	0.01426	0.01348	0.01615	0.01019	0.01011	0.02013	0.03032	0.04243	0.50385	0.08357	0.14288	0.02277	0.01286	0.00345	0.00518	0.02002	0.01183	0.01019
14	0.03961	0.07231	0.08638	0.02756	0.08142	0.06590	0.02226	0.20216	0.03588	0.21429	0.02899	0.02840	0.02004	0.01223	0.01051	0.00322	0.01215	0.00952	0.00977	0.01743
15	0.03685	0.13327	0.03502	0.07363	0.03538	0.29631	0.02112	0.08267	0.02958	0.08485	0.02015	0.02281	0.01584	0.01187	0.01155	0.00304	0.05764	0.00790	0.00663	0.01390
16	0.09366	0.14101	0.03672	0.02641	0.03345	0.34523	0.05691	0.08434	0.02991	0.03301	0.01770	0.02049	0.01446	0.01084	0.00943	0.00289	0.01654	0.00744	0.00605	0.01351
17	0.02634	0.01945	0.03122	0.34646	0.14374	0.02175	0.02620	0.03275	0.02399	0.11744	0.02510	0.03120	0.01842	0.01130	0.01056	0.00341	0.01244	0.00995	0.07440	0.01388
18	0.02033	0.01016	0.01016	0.01016	0.01270	0.01016	0.00762	0.02541	0.02287	0.04065	0.03557	0.04065	0.02795	0.01270	0.00762	0.00254	0.00508	0.01016	0.67734	0.01016
19	0.02921	0.03759	0.20915	0.02712	0.03675	0.11179	0.06812	0.04055	0.10730	0.11096	0.03096	0.08828	0.02517	0.01402	0.01107	0.00350	0.01367	0.01179	0.00777	0.01522
20	0.01757	0.01255	0.01757	0.02008	0.02259	0.01255	0.01757	0.02259	0.02510	0.03263	0.05773	0.12299	0.06275	0.03012	0.01506	0.00502	0.01004	0.47540	0.01004	0.01004
21	0.02712	0.02342	0.02465	0.02219	0.02835	0.02712	0.01726	0.05794	0.52909	0.04561	0.04438	0.04068	0.03328	0.01479	0.01109	0.00370	0.00863	0.01233	0.01109	0.01726
22	0.04073	0.05197	0.03090	0.02809	0.03371	0.57303	0.02107	0.04354	0.03090	0.02669	0.01685	0.01966	0.01404	0.01124	0.00983	0.00281	0.01966	0.00702	0.00562	0.01264
23	0.01411	0.01042	0.01320	0.01393	0.01584	0.00950	0.00990	0.01749	0.02564	0.03468	0.26836	0.31172	0.15857	0.02821	0.01332	0.00390	0.00571	0.02507	0.01090	0.00950
24	0.14321	0.03671	0.08497	0.02897	0.08520	0.16918	0.02267	0.21673	0.03517	0.04785	0.02075	0.02289	0.01568	0.01151	0.00989	0.00318	0.01391	0.00828	0.00767	0.01556
25	0.01944	0.01095	0.01618	0.01569	0.01569	0.01193	0.01095	0.01544	0.01446	0.01969	0.01846	0.03219	0.01846	0.03595	0.04191	0.61306	0.06986	0.00948	0.00474	0.00547

[dist]
# distance from previous block
# <min> <max>
0	2

[block]
# block no. 3 follows, 12 sequences, length 15
# corresponding to MSA columns:
# 969-983
name=unknown_D
#
# <colnr> <probs for GDERKNQSTAVLIFYWHMCP>
#	G	D	E	R	K	N	Q	S	T	A	V	L	I	F	Y	W	H	M	C	P
0	0.01771	0.01560	0.02294	0.09794	0.03016	0.01569	0.07275	0.02544	0.08197	0.03473	0.17164	0.13722	0.19022	0.02129	0.01253	0.00371	0.00867	0.01903	0.00938	0.01137
1	0.01394	0.01087	0.01265	0.01267	0.01549	0.00958	0.00932	0.01751	0.02666	0.03482	0.27289	0.16571	0.30599	0.02644	0.01302	0.00369	0.00549	0.02283	0.01086	0.00958
2	0.03053	0.55524	0.05401	0.01978	0.02867	0.10632	0.01894	0.03395	0.02320	0.02578	0.01536	0.01775	0.01400	0.00956	0.00733	0.00239	0.01261	0.00597	0.00478	0.01383
3	0.47579	0.02674	0.08162	0.02182	0.06708	0.02597	0.01793	0.09904	0.02408	0.04901	0.01762	0.02021	0.01339	0.01053	0.00805	0.00336	0.01014	0.00699	0.00698	0.01365
4	0.03712	0.16098	0.03111	0.01813	0.02608	0.02152	0.01556	0.04136	0.02821	0.31062	0.10352	0.03725	0.03341	0.01322	0.01002	0.00297	0.00916	0.01054	0.01053	0.07869
5	0.03174	0.06989	0.17805	0.03108	0.07836	0.02445	0.10829	0.08294	0.02794	0.17113	0.02713	0.02940	0.01935	0.01619	0.05087	0.00437	0.01476	0.01004	0.00779	0.01623
6	0.01387	0.01032	0.01292	0.01389	0.01574	0.00937	0.00980	0.01695	0.02477	0.03308	0.21983	0.34423	0.17695	0.02916	0.01338	0.00397	0.00580	0.02589	0.01070	0.00937
7	0.03071	0.03593	0.19617	0.03227	0.04364	0.02693	0.17268	0.14201	0.06924	0.10144	0.02626	0.02855	0.01861	0.01129	0.01136	0.00349	0.01457	0.01054	0.00773	0.01658
8	0.03335	0.02499	0.07504	0.11765	0.20440	0.02233	0.08406	0.03990	0.02665	0.21871	0.02844	0.03087	0.02000	0.01120	0.01109	0.00341	0.01274	0.01041	0.00814	0.01662
9	0.03134	0.03031	0.11609	0.13280	0.14354	0.02748	0.02736	0.19168	0.07130	0.08264	0.02542	0.02823	0.01857	0.01177	0.01082	0.00340	0.01282	0.00977	0.00798	0.01669
10	0.01902	0.01612	0.02110	0.01931	0.01937	0.02011	0.01427	0.02021	0.01669	0.02394	0.02825	0.10165	0.03192	0.30807	0.04322	0.00753	0.25940	0.01459	0.00616	0.00908
11	0.42609	0.06548	0.02507	0.10024	0.07150	0.09121	0.01762	0.03299	0.02121	0.04075	0.01638	0.02022	0.01302	0.01028	0.00802	0.00326	0.01119	0.00685	0.00610	0.01252
12	0.01365	0.01076	0.01143	0.01171	0.01416	0.00950	0.00808	0.01565	0.02223	0.02726	0.08641	0.15345	0.36935	0.17080	0.02330	0.00543	0.00683	0.02218	0.00927	0.00854
13	0.02467	0.06757	0.03498	0.26918	0.09861	0.02305	0.06055	0.03089	0.02325	0.06653	0.02095	0.02688	0.01616	0.00998	0.01001	0.00296	0.01244	0.00889	0.00593	0.18650
14	0.02765	0.01951	0.02665	0.03003	0.15806	0.01956	0.01875	0.12439	0.03272	0.10381	0.21111	0.04840	0.04988	0.01551	0.01132	0.00327	0.00896	0.01347	0.06233	0.01463

[dist]
# distance from previous block
# <min> <max>
0	59

[block]
# block no. 4 follows, 12 sequences, length 28
# corresponding to MSA columns:
# 1043-1070
name=unknown_E
#
# <colnr> <probs for GDERKNQSTAVLIFYWHMCP>
#	G	D	E	R	K	N	Q	S	T	A	V	L	I	F	Y	W	H	M	C	P
0	0.10681	0.02402	0.02934	0.02908	0.11919	0.02519	0.02002	0.16268	0.12979	0.19277	0.03226	0.03128	0.02282	0.01263	0.01050	0.00339	0.01038	0.01019	0.01027	0.01737
1	0.01461	0.01070	0.01370	0.01382	0.01600	0.00980	0.01003	0.01866	0.02763	0.03809	0.37196	0.22133	0.14127	0.02594	0.01314	0.00372	0.00549	0.02300	0.01132	0.00980
2	0.01318	0.00989	0.01224	0.01411	0.01553	0.00895	0.00964	0.01530	0.02191	0.02825	0.07316	0.47874	0.19464	0.03246	0.01365	0.00423	0.00612	0.02893	0.01012	0.00895
3	0.04073	0.05197	0.03090	0.02809	0.03371	0.57303	0.02107	0.04354	0.03090	0.02669	0.01685	0.01966	0.01404	0.01124	0.00983	0.00281	0.01966	0.00702	0.00562	0.01264
4	0.02915	0.62337	0.05714	0.01866	0.02799	0.04314	0.01866	0.03265	0.02215	0.02565	0.01516	0.01749	0.01399	0.00933	0.00700	0.00233	0.01166	0.00583	0.00466	0.01399
5	0.01556	0.01045	0.01198	0.01227	0.01234	0.01037	0.00701	0.01578	0.01643	0.02191	0.03732	0.13331	0.04338	0.54975	0.05071	0.00986	0.01008	0.01760	0.00701	0.00687
6	0.03168	0.04267	0.36626	0.02684	0.04017	0.02195	0.03149	0.04128	0.02599	0.22380	0.02807	0.02813	0.01859	0.01150	0.01058	0.00342	0.01363	0.00911	0.00783	0.01700
7	0.04892	0.01856	0.02530	0.01940	0.02783	0.01603	0.01603	0.05314	0.03121	0.55634	0.04302	0.03711	0.02699	0.01350	0.01096	0.00337	0.00928	0.01096	0.01350	0.01856
8	0.01722	0.01437	0.01556	0.01463	0.01753	0.05476	0.01097	0.02197	0.03035	0.04115	0.46427	0.07857	0.13371	0.02187	0.01262	0.00340	0.00633	0.01900	0.01134	0.01038
9	0.69383	0.02109	0.01603	0.01434	0.02109	0.02446	0.01181	0.03205	0.01856	0.04892	0.01518	0.01771	0.01181	0.01012	0.00675	0.00337	0.00843	0.00590	0.00675	0.01181
10	0.01643	0.01294	0.01916	0.01867	0.02042	0.01567	0.01469	0.02017	0.01744	0.02541	0.02767	0.04087	0.02592	0.07530	0.51805	0.01621	0.08783	0.01146	0.00573	0.00996
11	0.69383	0.02109	0.01603	0.01434	0.02109	0.02446	0.01181	0.03205	0.01856	0.04892	0.01518	0.01771	0.01181	0.01012	0.00675	0.00337	0.00843	0.00590	0.00675	0.01181
12	0.01402	0.01109	0.01262	0.01224	0.01542	0.00969	0.00918	0.01784	0.02753	0.03582	0.30328	0.09446	0.34757	0.02524	0.01287	0.00357	0.00535	0.02154	0.01096	0.00969
13	0.02138	0.01781	0.02082	0.01742	0.02428	0.01567	0.01362	0.03047	0.11494	0.03578	0.03430	0.13648	0.03299	0.01572	0.01024	0.00278	0.00804	0.05201	0.00825	0.38698
14	0.15652	0.12167	0.02559	0.01647	0.02284	0.02047	0.01382	0.03502	0.02713	0.20177	0.19531	0.04444	0.04651	0.01499	0.01009	0.00321	0.00819	0.01196	0.01020	0.01380
15	0.01328	0.00949	0.01265	0.01518	0.01581	0.00886	0.01012	0.01518	0.02088	0.02783	0.06010	0.60969	0.07212	0.03416	0.01392	0.00443	0.00633	0.03100	0.01012	0.00886
16	0.07309	0.20624	0.14873	0.02672	0.07600	0.02875	0.05441	0.03645	0.06285	0.08166	0.02226	0.02439	0.01718	0.01028	0.00917	0.00291	0.01204	0.00812	0.00642	0.09232
17	0.02372	0.13409	0.09081	0.01833	0.02869	0.02101	0.01712	0.02922	0.02257	0.03361	0.01863	0.02172	0.01549	0.00857	0.00814	0.00196	0.00966	0.00653	0.00592	0.48423
18	0.08443	0.09032	0.15349	0.02830	0.07024	0.06365	0.02536	0.22963	0.03432	0.04787	0.02108	0.02352	0.01589	0.01196	0.01171	0.00331	0.05270	0.00856	0.00748	0.01617
19	0.02910	0.29553	0.14035	0.02685	0.03684	0.03321	0.11525	0.03526	0.02359	0.09007	0.02037	0.02347	0.01596	0.01073	0.01143	0.00309	0.05977	0.00843	0.00584	0.01486
20	0.01530	0.01150	0.01445	0.01603	0.01790	0.01122	0.01172	0.02062	0.06904	0.03143	0.09626	0.39553	0.11886	0.03029	0.01365	0.00430	0.00693	0.09472	0.01033	0.00994
21	0.01848	0.01171	0.01523	0.01430	0.01733	0.01065	0.01073	0.02300	0.02936	0.09392	0.40802	0.13918	0.11987	0.02309	0.01279	0.00355	0.00573	0.02032	0.01182	0.01091
22	0.02824	0.02022	0.02449	0.02372	0.07941	0.02046	0.01669	0.04392	0.23388	0.12109	0.07548	0.03876	0.03269	0.01333	0.01038	0.00313	0.00853	0.01124	0.06291	0.13141
23	0.01324	0.00965	0.01248	0.01475	0.01570	0.00889	0.00993	0.01523	0.02129	0.02800	0.06539	0.55665	0.12174	0.03347	0.01381	0.00435	0.00624	0.03016	0.01012	0.00889
24	0.03748	0.04654	0.03138	0.02819	0.03273	0.46895	0.02161	0.04020	0.02816	0.02660	0.01636	0.02047	0.01410	0.01275	0.01484	0.00319	0.13099	0.00751	0.00545	0.01250
25	0.02557	0.30563	0.16824	0.02230	0.03225	0.03240	0.02335	0.03139	0.02182	0.02969	0.01691	0.02050	0.01439	0.01046	0.01132	0.00275	0.07941	0.00691	0.00500	0.13971
26	0.13965	0.01500	0.01703	0.01512	0.01981	0.01479	0.01183	0.03031	0.06231	0.13290	0.28510	0.06226	0.11462	0.01868	0.01135	0.00345	0.00672	0.01562	0.01109	0.01236
27	0.02888	0.02536	0.08031	0.02009	0.02982	0.02020	0.01778	0.11518	0.07465	0.09665	0.02531	0.02643	0.01902	0.01034	0.00937	0.00246	0.00974	0.00820	0.00818	0.37205

[dist]
# distance from previous block
# <min> <max>
0	1

[block]
# block no. 5 follows, 12 sequences, length 56
# corresponding to MSA columns:
# 1072-1127
name=unknown_F
#
# <colnr> <probs for GDERKNQSTAVLIFYWHMCP>
#	G	D	E	R	K	N	Q	S	T	A	V	L	I	F	Y	W	H	M	C	P
0	0.02616	0.05814	0.02389	0.02046	0.07126	0.01611	0.01457	0.03105	0.02731	0.14252	0.20166	0.04681	0.04843	0.01455	0.01041	0.00285	0.00780	0.01238	0.06185	0.16177
1	0.02474	0.08104	0.14489	0.02486	0.03280	0.02286	0.08878	0.07520	0.02812	0.07633	0.16384	0.07600	0.04298	0.01579	0.01305	0.00350	0.04956	0.01351	0.00829	0.01386
2	0.02756	0.11007	0.14223	0.02395	0.03427	0.02225	0.08510	0.03409	0.02437	0.12052	0.02581	0.06367	0.02090	0.01147	0.00989	0.00284	0.01165	0.00990	0.00713	0.21234
3	0.02323	0.02138	0.03380	0.28075	0.18729	0.02509	0.02756	0.03098	0.06903	0.03075	0.02133	0.02921	0.01732	0.01398	0.01647	0.05290	0.09002	0.00991	0.00556	0.01342
4	0.47294	0.02022	0.01920	0.01607	0.02340	0.02157	0.01325	0.03927	0.02289	0.22272	0.02472	0.02436	0.01701	0.01128	0.00819	0.00337	0.00872	0.00764	0.00906	0.01412
5	0.02261	0.01938	0.02261	0.01615	0.02584	0.01453	0.01292	0.02745	0.02261	0.03553	0.01938	0.02261	0.01615	0.00807	0.00807	0.00161	0.00807	0.00646	0.00646	0.68346
6	0.02065	0.01922	0.02932	0.04179	0.30860	0.01840	0.02214	0.02545	0.02484	0.03285	0.06096	0.06204	0.25433	0.01776	0.01174	0.00344	0.00961	0.01570	0.00752	0.01364
7	0.03739	0.01600	0.02161	0.01744	0.02386	0.01405	0.01405	0.04193	0.03109	0.37986	0.21516	0.05238	0.05312	0.01652	0.01162	0.00339	0.00785	0.01398	0.01298	0.01571
8	0.01475	0.01112	0.01363	0.01301	0.01587	0.01000	0.00975	0.01926	0.02926	0.03992	0.42773	0.08771	0.22056	0.02371	0.01287	0.00350	0.00524	0.02060	0.01150	0.01000
9	0.01499	0.01097	0.01438	0.01612	0.01806	0.01036	0.01246	0.01851	0.02418	0.03180	0.12978	0.30449	0.13652	0.03032	0.01403	0.00440	0.00734	0.18143	0.01034	0.00950
10	0.69383	0.02109	0.01603	0.01434	0.02109	0.02446	0.01181	0.03205	0.01856	0.04892	0.01518	0.01771	0.01181	0.01012	0.00675	0.00337	0.00843	0.00590	0.00675	0.01181
11	0.02261	0.01938	0.02261	0.01615	0.02584	0.01453	0.01292	0.02745	0.02261	0.03553	0.01938	0.02261	0.01615	0.00807	0.00807	0.00161	0.00807	0.00646	0.00646	0.68346
12	0.69383	0.02109	0.01603	0.01434	0.02109	0.02446	0.01181	0.03205	0.01856	0.04892	0.01518	0.01771	0.01181	0.01012	0.00675	0.00337	0.00843	0.00590	0.00675	0.01181
13	0.02712	0.02342	0.02465	0.02219	0.02835	0.02712	0.01726	0.05794	0.52909	0.04561	0.04438	0.04068	0.03328	0.01479	0.01109	0.00370	0.00863	0.01233	0.01109	0.01726
14	0.69383	0.02109	0.01603	0.01434	0.02109	0.02446	0.01181	0.03205	0.01856	0.04892	0.01518	0.01771	0.01181	0.01012	0.00675	0.00337	0.00843	0.00590	0.00675	0.01181
15	0.01328	0.00949	0.01265	0.01518	0.01581	0.00886	0.01012	0.01518	0.02088	0.02783	0.06010	0.60969	0.07212	0.03416	0.01392	0.00443	0.00633	0.03100	0.01012	0.00886
16	0.69383	0.02109	0.01603	0.01434	0.02109	0.02446	0.01181	0.03205	0.01856	0.04892	0.01518	0.01771	0.01181	0.01012	0.00675	0.00337	0.00843	0.00590	0.00675	0.01181
17	0.03118	0.04337	0.37612	0.02706	0.04053	0.02212	0.03193	0.04094	0.02584	0.21418	0.02764	0.02787	0.01835	0.01144	0.01057	0.00343	0.01376	0.00906	0.00767	0.01695
18	0.04892	0.01856	0.02530	0.01940	0.02783	0.01603	0.01603	0.05314	0.03121	0.55634	0.04302	0.03711	0.02699	0.01350	0.01096	0.00337	0.00928	0.01096	0.01350	0.01856
19	0.02495	0.02687	0.04435	0.03432	0.04160	0.09600	0.28711	0.03131	0.02501	0.03158	0.02952	0.05078	0.02772	0.09347	0.01849	0.00472	0.01600	0.09721	0.00650	0.01250
20	0.01386	0.00990	0.01331	0.01584	0.01673	0.00935	0.01112	0.01618	0.02144	0.02848	0.05978	0.54418	0.07085	0.03362	0.01407	0.00451	0.00683	0.09081	0.01011	0.00902
21	0.01571	0.01117	0.01384	0.01504	0.01648	0.01084	0.01108	0.01806	0.02090	0.02709	0.05591	0.16602	0.11856	0.25866	0.03036	0.00692	0.00915	0.17705	0.00873	0.00843
22	0.01940	0.01082	0.01601	0.01556	0.01556	0.01172	0.01082	0.01533	0.01444	0.01963	0.01850	0.03227	0.01850	0.03611	0.04197	0.61909	0.06463	0.00948	0.00474	0.00541
23	0.03436	0.36639	0.04534	0.02290	0.03056	0.28146	0.01974	0.03755	0.02609	0.02612	0.01592	0.01847	0.01402	0.01019	0.00827	0.00255	0.01526	0.00637	0.00509	0.01338
24	0.02992	0.28377	0.15574	0.02258	0.03265	0.03293	0.02300	0.07465	0.12354	0.08442	0.02520	0.02566	0.01924	0.01128	0.00918	0.00301	0.01184	0.00835	0.00718	0.01585
25	0.26299	0.02436	0.06982	0.01915	0.02719	0.02272	0.01695	0.10389	0.07514	0.18499	0.03387	0.03273	0.05585	0.01310	0.00960	0.00342	0.00964	0.00977	0.00957	0.01524
26	0.02610	0.02351	0.02999	0.02947	0.09901	0.09204	0.08973	0.03494	0.10666	0.08104	0.07722	0.15190	0.07505	0.01791	0.01194	0.00361	0.01124	0.01615	0.00880	0.01369
27	0.31867	0.03502	0.18300	0.02661	0.03686	0.06254	0.12359	0.03414	0.02216	0.04039	0.01798	0.02179	0.01351	0.01007	0.00926	0.00342	0.01346	0.00804	0.00580	0.01370
28	0.08747	0.07548	0.07667	0.02199	0.03072	0.09813	0.01943	0.10893	0.03155	0.29516	0.03098	0.02912	0.02084	0.01229	0.01015	0.00321	0.01180	0.00926	0.01012	0.01670
29	0.01632	0.01277	0.01894	0.01851	0.02029	0.01539	0.01454	0.02007	0.01745	0.02539	0.02788	0.04114	0.02610	0.07618	0.52558	0.01638	0.07988	0.01149	0.00575	0.00993
30	0.02765	0.13910	0.11284	0.12562	0.24747	0.02978	0.02951	0.09582	0.02713	0.03686	0.01998	0.02492	0.01597	0.01035	0.01007	0.00316	0.01325	0.00879	0.00580	0.01592
31	0.01510	0.01113	0.01411	0.01336	0.01608	0.01015	0.01002	0.01993	0.03007	0.04184	0.48596	0.08455	0.16113	0.02299	0.01286	0.00346	0.00519	0.02015	0.01176	0.01015
32	0.01688	0.01119	0.01410	0.01370	0.01543	0.01108	0.00994	0.01690	0.02034	0.02703	0.10160	0.06314	0.21411	0.02974	0.02632	0.28445	0.04615	0.01530	0.05490	0.00771
33	0.03224	0.02063	0.02468	0.01821	0.02743	0.01748	0.01479	0.09842	0.02872	0.18124	0.02669	0.02702	0.01941	0.01021	0.00923	0.00231	0.00892	0.00813	0.00896	0.41530
34	0.26416	0.02635	0.02591	0.02100	0.02871	0.02971	0.01720	0.28708	0.10305	0.05885	0.02479	0.02518	0.01817	0.01229	0.00950	0.00336	0.01033	0.00880	0.00950	0.01605
35	0.02187	0.05640	0.56031	0.03108	0.04719	0.02532	0.04029	0.03453	0.02302	0.03453	0.01957	0.02302	0.01381	0.01036	0.01036	0.00345	0.01611	0.00806	0.00460	0.01611
36	0.69383	0.02109	0.01603	0.01434	0.02109	0.02446	0.01181	0.03205	0.01856	0.04892	0.01518	0.01771	0.01181	0.01012	0.00675	0.00337	0.00843	0.00590	0.00675	0.01181
37	0.04254	0.02879	0.03164	0.02426	0.03294	0.03122	0.02004	0.44547	0.04834	0.13981	0.02863	0.02777	0.01977	0.01315	0.01092	0.00329	0.01160	0.00998	0.01128	0.01854
38	0.02385	0.02385	0.03340	0.02863	0.02863	0.03340	0.02385	0.02624	0.01670	0.02624	0.01431	0.02385	0.01431	0.01908	0.03578	0.00477	0.59685	0.00954	0.00477	0.01193
39	0.04892	0.01856	0.02530	0.01940	0.02783	0.01603	0.01603	0.05314	0.03121	0.55634	0.04302	0.03711	0.02699	0.01350	0.01096	0.00337	0.00928	0.01096	0.01350	0.01856
40	0.02615	0.13147	0.02935	0.02003	0.02669	0.02646	0.01625	0.07899	0.26371	0.04003	0.03642	0.10951	0.03157	0.01538	0.01031	0.00324	0.00906	0.01268	0.00916	0.10353
41	0.01586	0.01057	0.01189	0.01189	0.01189	0.01057	0.00661	0.01586	0.01586	0.02114	0.03436	0.07135	0.03964	0.61681	0.05550	0.01057	0.01057	0.01586	0.00661	0.00661
42	0.04892	0.01856	0.02530	0.01940	0.02783	0.01603	0.01603	0.05314	0.03121	0.55634	0.04302	0.03711	0.02699	0.01350	0.01096	0.00337	0.00928	0.01096	0.01350	0.01856
43	0.02261	0.01938	0.02261	0.01615	0.02584	0.01453	0.01292	0.02745	0.02261	0.03553	0.01938	0.02261	0.01615	0.00807	0.00807	0.00161	0.00807	0.00646	0.00646	0.68346
44	0.02230	0.02112	0.03578	0.45102	0.20136	0.02467	0.03113	0.02935	0.02261	0.02993	0.01968	0.02851	0.01526	0.01059	0.01087	0.00353	0.01411	0.00970	0.00499	0.01349
45	0.51975	0.02932	0.01999	0.01800	0.02445	0.17068	0.01428	0.03511	0.02185	0.04299	0.01563	0.01823	0.01240	0.01042	0.00757	0.00322	0.01143	0.00620	0.00645	0.01203
46	0.02146	0.08019	0.14580	0.02263	0.02855	0.01858	0.08441	0.02322	0.01845	0.02517	0.01914	0.02893	0.01702	0.02525	0.02813	0.37718	0.01235	0.00927	0.00480	0.00946
47	0.02359	0.02150	0.03228	0.04419	0.31130	0.02182	0.02405	0.03385	0.11801	0.03769	0.10593	0.04717	0.10245	0.01471	0.01140	0.00341	0.01013	0.01330	0.00795	0.01526
48	0.11566	0.02829	0.05784	0.04170	0.05215	0.02715	0.44224	0.03454	0.02477	0.03681	0.02113	0.02784	0.01591	0.00932	0.01204	0.00364	0.01704	0.01193	0.00568	0.01432
49	0.02428	0.02205	0.06731	0.19940	0.14162	0.02099	0.02406	0.07207	0.02746	0.07707	0.10457	0.04566	0.09814	0.01477	0.01137	0.00347	0.01125	0.01279	0.00781	0.01385
50	0.04223	0.02501	0.10115	0.02451	0.03431	0.01881	0.08561	0.04823	0.02939	0.41731	0.03710	0.03422	0.02385	0.01250	0.01114	0.00343	0.01141	0.01084	0.01125	0.01772
51	0.01328	0.00949	0.01265	0.01518	0.01581	0.00886	0.01012	0.01518	0.02088	0.02783	0.06010	0.60969	0.07212	0.03416	0.01392	0.00443	0.00633	0.03100	0.01012	0.00886
52	0.02694	0.02019	0.02863	0.02406	0.02932	0.05992	0.11569	0.06485	0.02686	0.13459	0.04312	0.29088	0.04351	0.02170	0.01259	0.00386	0.01083	0.01998	0.00953	0.01294
53	0.03252	0.02433	0.10105	0.17894	0.11096	0.02037	0.02499	0.03905	0.02674	0.24120	0.06521	0.03481	0.02587	0.01249	0.01098	0.00344	0.01180	0.01068	0.00882	0.01577
54	0.01908	0.01353	0.01895	0.01790	0.01964	0.01574	0.01363	0.02196	0.01802	0.06208	0.02933	0.04607	0.02820	0.18375	0.35176	0.01335	0.09837	0.01225	0.00641	0.00997
55	0.01690	0.01134	0.01456	0.01476	0.01731	0.01087	0.01174	0.02200	0.02786	0.04020	0.32072	0.08505	0.07846	0.02262	0.01249	0.00369	0.00644	0.13943	0.13336	0.01020

[dist]
# distance from previous block
# <min> <max>
0	1

[block]
# block no. 6 follows, 12 sequences, length 33
# corresponding to MSA columns:
# 1129-1161
name=unknown_G
#
# <colnr> <probs for GDERKNQSTAVLIFYWHMCP>
#	G	D	E	R	K	N	Q	S	T	A	V	L	I	F	Y	W	H	M	C	P
0	0.02536	0.03278	0.21538	0.02545	0.03525	0.02206	0.06902	0.03979	0.15386	0.09903	0.09690	0.04205	0.06599	0.01429	0.01131	0.00354	0.01163	0.01229	0.00861	0.01542
1	0.02820	0.03205	0.12811	0.08931	0.10489	0.06439	0.16059	0.04052	0.11773	0.08354	0.02685	0.03011	0.01983	0.01117	0.01131	0.00350	0.01448	0.01071	0.00705	0.01567
2	0.02635	0.03648	0.16205	0.10225	0.07108	0.15321	0.02686	0.03513	0.07201	0.03158	0.02585	0.06613	0.02293	0.01468	0.01349	0.00364	0.07307	0.04329	0.00626	0.01368
3	0.01832	0.01481	0.02058	0.11784	0.02889	0.01708	0.01605	0.05113	0.02141	0.02910	0.03804	0.26102	0.04183	0.10628	0.08661	0.00657	0.08761	0.01898	0.00761	0.01026
4	0.49285	0.02318	0.02823	0.02630	0.08928	0.02520	0.10603	0.03275	0.02061	0.04479	0.01707	0.02095	0.01332	0.00990	0.00835	0.00341	0.01080	0.00763	0.00636	0.01298
5	0.02086	0.02628	0.13035	0.02476	0.02865	0.02489	0.02309	0.02601	0.02132	0.03190	0.14087	0.03868	0.03604	0.02288	0.06612	0.00516	0.30161	0.01181	0.00652	0.01219
6	0.02033	0.01016	0.01016	0.01016	0.01270	0.01016	0.00762	0.02541	0.02287	0.04065	0.03557	0.04065	0.02795	0.01270	0.00762	0.00254	0.00508	0.01016	0.67734	0.01016
7	0.02529	0.05189	0.46823	0.03003	0.04486	0.02680	0.03687	0.11794	0.02795	0.04050	0.02072	0.02357	0.01464	0.01084	0.01045	0.00342	0.01540	0.00836	0.00570	0.01654
8	0.01412	0.01109	0.01276	0.01234	0.01549	0.00973	0.00926	0.01804	0.02777	0.03638	0.32047	0.09353	0.33003	0.02503	0.01287	0.00356	0.00534	0.02141	0.01104	0.00973
9	0.02187	0.05640	0.56031	0.03108	0.04719	0.02532	0.04029	0.03453	0.02302	0.03453	0.01957	0.02302	0.01381	0.01036	0.01036	0.00345	0.01611	0.00806	0.00460	0.01611
10	0.02423	0.02830	0.08444	0.13670	0.05401	0.02798	0.30141	0.03198	0.02312	0.03198	0.01993	0.02786	0.01559	0.01149	0.01682	0.00387	0.12994	0.01136	0.00520	0.01380
11	0.01543	0.01115	0.01457	0.01372	0.01629	0.01029	0.01029	0.02058	0.03086	0.04372	0.54304	0.08145	0.10288	0.02229	0.01286	0.00343	0.00514	0.01972	0.01200	0.01029
12	0.09422	0.01555	0.01789	0.01517	0.02075	0.01512	0.01212	0.03964	0.06412	0.24934	0.03736	0.03712	0.02648	0.01294	0.00915	0.00304	0.00735	0.01026	0.29814	0.01423
13	0.02530	0.01496	0.01547	0.01367	0.01767	0.01573	0.01070	0.14001	0.02955	0.04725	0.03336	0.03724	0.02573	0.01279	0.00840	0.00271	0.00671	0.01008	0.52052	0.01213
14	0.69383	0.02109	0.01603	0.01434	0.02109	0.02446	0.01181	0.03205	0.01856	0.04892	0.01518	0.01771	0.01181	0.01012	0.00675	0.00337	0.00843	0.00590	0.00675	0.01181
15	0.03223	0.12991	0.03398	0.06158	0.03337	0.02904	0.01873	0.25043	0.03559	0.04845	0.02176	0.02381	0.01675	0.01079	0.00938	0.00264	0.01096	0.00812	0.00807	0.21439
16	0.69383	0.02109	0.01603	0.01434	0.02109	0.02446	0.01181	0.03205	0.01856	0.04892	0.01518	0.01771	0.01181	0.01012	0.00675	0.00337	0.00843	0.00590	0.00675	0.01181
17	0.01321	0.00979	0.01234	0.01438	0.01560	0.00892	0.00976	0.01527	0.02165	0.02815	0.06990	0.51142	0.16406	0.03289	0.01372	0.00428	0.00617	0.02944	0.01012	0.00892
18	0.02302	0.03248	0.23740	0.20989	0.04891	0.02137	0.02927	0.03174	0.02483	0.08629	0.11456	0.03676	0.03114	0.01296	0.01104	0.00350	0.01297	0.01095	0.00688	0.01402
19	0.02064	0.02008	0.02608	0.33985	0.05123	0.08441	0.02274	0.02566	0.02258	0.02771	0.03210	0.21365	0.03289	0.01838	0.01174	0.00379	0.01252	0.01619	0.00662	0.01113
20	0.01289	0.01105	0.01105	0.01105	0.01473	0.00920	0.00828	0.01565	0.02485	0.02946	0.11046	0.10493	0.54437	0.02761	0.01289	0.00368	0.00552	0.02301	0.01013	0.00920
21	0.01558	0.01168	0.01752	0.01752	0.01947	0.01363	0.01363	0.01947	0.01752	0.02531	0.02921	0.04283	0.02726	0.08178	0.57360	0.01752	0.02921	0.01168	0.00584	0.00974
22	0.02527	0.21131	0.26986	0.13597	0.04599	0.07549	0.03056	0.03344	0.02319	0.03004	0.01804	0.02233	0.01402	0.01024	0.00946	0.00311	0.01482	0.00765	0.00475	0.01444
23	0.01586	0.01057	0.01189	0.01189	0.01189	0.01057	0.00661	0.01586	0.01586	0.02114	0.03436	0.07135	0.03964	0.61681	0.05550	0.01057	0.01057	0.01586	0.00661	0.00661
24	0.01328	0.00949	0.01265	0.01518	0.01581	0.00886	0.01012	0.01518	0.02088	0.02783	0.06010	0.60969	0.07212	0.03416	0.01392	0.00443	0.00633	0.03100	0.01012	0.00886
25	0.08416	0.02057	0.03586	0.13100	0.09285	0.02110	0.17743	0.02962	0.02327	0.03587	0.02668	0.07200	0.02247	0.01224	0.01059	0.00338	0.01225	0.01200	0.16391	0.01275
26	0.03346	0.02856	0.08161	0.09649	0.09843	0.02789	0.02406	0.22140	0.13094	0.10127	0.02924	0.03017	0.02112	0.01254	0.01088	0.00342	0.01189	0.01022	0.00925	0.01716
27	0.02899	0.36618	0.04807	0.08014	0.09495	0.03725	0.02227	0.08764	0.02529	0.03213	0.01739	0.02136	0.01500	0.01094	0.01116	0.00292	0.07080	0.00749	0.00551	0.01453
28	0.02281	0.04337	0.33070	0.13732	0.04724	0.08819	0.03232	0.03210	0.02393	0.03171	0.02981	0.03336	0.07589	0.01258	0.01070	0.00344	0.01499	0.01000	0.00542	0.01412
29	0.09376	0.09322	0.02888	0.01982	0.02683	0.02528	0.01659	0.14676	0.03014	0.10994	0.06256	0.03331	0.05523	0.01373	0.01272	0.00310	0.07799	0.00996	0.00864	0.13153
30	0.03644	0.02043	0.02559	0.02379	0.07847	0.02016	0.01718	0.12534	0.09078	0.25792	0.04542	0.04292	0.08672	0.01481	0.01093	0.00335	0.00928	0.01217	0.06177	0.01653
31	0.03384	0.03548	0.03852	0.03833	0.15763	0.24050	0.10788	0.03896	0.02777	0.08113	0.02135	0.02503	0.01667	0.01042	0.01052	0.00300	0.01572	0.00899	0.00638	0.08191
32	0.02159	0.13454	0.03096	0.24334	0.04307	0.02326	0.02040	0.02699	0.02134	0.02940	0.02219	0.02984	0.01843	0.02285	0.10763	0.00544	0.01466	0.00897	0.08494	0.09017

[dist]
# distance from previous block
# <min> <max>
14	42

[block]
# block no. 7 follows, 12 sequences, length 34
# corresponding to MSA columns:
# 1204-1237
name=unknown_H
#
# <colnr> <probs for GDERKNQSTAVLIFYWHMCP>
#	G	D	E	R	K	N	Q	S	T	A	V	L	I	F	Y	W	H	M	C	P
0	0.04749	0.02085	0.02672	0.02049	0.02898	0.01943	0.01692	0.14104	0.03505	0.46302	0.03979	0.03502	0.02537	0.01342	0.01095	0.00335	0.00980	0.01075	0.01300	0.01855
1	0.11815	0.05134	0.48232	0.02868	0.04345	0.02520	0.03620	0.03418	0.02238	0.03659	0.01894	0.02226	0.01353	0.01033	0.00984	0.00344	0.01501	0.00775	0.00491	0.01550
2	0.13586	0.01731	0.02108	0.01691	0.02397	0.01611	0.01381	0.04481	0.02780	0.38494	0.03760	0.03501	0.02500	0.01286	0.00972	0.00321	0.00835	0.01009	0.13958	0.01598
3	0.46974	0.02059	0.01964	0.09800	0.02950	0.02377	0.01512	0.07466	0.02230	0.04568	0.02121	0.07814	0.01874	0.01287	0.00843	0.00350	0.00943	0.00927	0.00719	0.01219
4	0.10256	0.02561	0.02663	0.02225	0.02801	0.11199	0.01798	0.08452	0.02798	0.23242	0.02819	0.02963	0.02046	0.02033	0.06908	0.00488	0.11392	0.00954	0.00907	0.01494
5	0.11977	0.01442	0.01803	0.01833	0.02227	0.01432	0.01524	0.02859	0.02464	0.13441	0.04920	0.17074	0.05013	0.02473	0.01290	0.00437	0.00906	0.24686	0.01024	0.01173
6	0.11135	0.01880	0.02441	0.01891	0.02718	0.01684	0.01562	0.05110	0.02998	0.50722	0.04032	0.03523	0.02552	0.01317	0.01056	0.00337	0.00920	0.01048	0.01284	0.01790
7	0.01839	0.01079	0.01446	0.01579	0.01754	0.00988	0.01097	0.02062	0.02236	0.10356	0.05765	0.52765	0.06565	0.03120	0.01349	0.00428	0.00675	0.02813	0.01060	0.01025
8	0.02257	0.02102	0.03343	0.42386	0.14555	0.02491	0.02893	0.03308	0.09498	0.03167	0.02315	0.03039	0.01767	0.01127	0.01091	0.00358	0.01343	0.01007	0.00583	0.01369
9	0.08421	0.01381	0.01485	0.01334	0.01734	0.01398	0.01040	0.06773	0.02715	0.09420	0.13081	0.04487	0.03998	0.01442	0.00914	0.00293	0.00637	0.01166	0.37099	0.01183
10	0.01429	0.00959	0.01230	0.01446	0.01537	0.00904	0.00976	0.01665	0.02116	0.02967	0.05658	0.52815	0.06579	0.03109	0.01301	0.00416	0.00615	0.02801	0.10573	0.00904
11	0.04697	0.01899	0.02525	0.01965	0.02788	0.01702	0.01614	0.05357	0.07580	0.51060	0.04314	0.03743	0.02755	0.01361	0.01098	0.00340	0.00922	0.01109	0.01328	0.01844
12	0.03134	0.02387	0.02997	0.03249	0.15050	0.02577	0.02115	0.08733	0.30210	0.11828	0.03716	0.03582	0.02747	0.01328	0.01099	0.00351	0.01000	0.01132	0.01009	0.01755
13	0.60035	0.02244	0.01842	0.01588	0.02291	0.02580	0.01309	0.10089	0.02324	0.05176	0.01676	0.01893	0.01277	0.01055	0.00734	0.00336	0.00895	0.00646	0.00734	0.01277
14	0.69383	0.02109	0.01603	0.01434	0.02109	0.02446	0.01181	0.03205	0.01856	0.04892	0.01518	0.01771	0.01181	0.01012	0.00675	0.00337	0.00843	0.00590	0.00675	0.01181
15	0.01543	0.01115	0.01457	0.01372	0.01629	0.01029	0.01029	0.02058	0.03086	0.04372	0.54304	0.08145	0.10288	0.02229	0.01286	0.00343	0.00514	0.01972	0.01200	0.01029
16	0.01558	0.01168	0.01752	0.01752	0.01947	0.01363	0.01363	0.01947	0.01752	0.02531	0.02921	0.04283	0.02726	0.08178	0.57360	0.01752	0.02921	0.01168	0.00584	0.00974
17	0.01351	0.01107	0.01191	0.01170	0.01511	0.00947	0.00878	0.01686	0.02633	0.03295	0.21642	0.09918	0.43623	0.02631	0.01288	0.00362	0.00543	0.02221	0.01059	0.00947
18	0.04124	0.01630	0.02124	0.01692	0.02377	0.01445	0.01377	0.04569	0.02897	0.41791	0.04102	0.03806	0.02725	0.01328	0.01007	0.00315	0.00815	0.01075	0.19169	0.01630
