[name]
unknown

[dist]
# distance from previous block
# <min> <max>
0	814

[block]
# block no. 0 follows, 10 sequences, length 17
# corresponding to MSA columns:
# 900-916
name=unknown_A
#
# <colnr> <probs for GDERKNQSTAVLIFYWHMCP>
#	G	D	E	R	K	N	Q	S	T	A	V	L	I	F	Y	W	H	M	C	P
0	0.02275	0.02119	0.02992	0.02690	0.02768	0.02836	0.02232	0.02599	0.01918	0.02869	0.02465	0.04358	0.02493	0.03564	0.13931	0.00792	0.38547	0.06751	0.00607	0.01198
1	0.02387	0.05636	0.46989	0.03525	0.05172	0.02733	0.10026	0.03689	0.02494	0.03689	0.02122	0.02546	0.01512	0.01089	0.01140	0.00371	0.01751	0.00927	0.00504	0.01699
2	0.02999	0.01463	0.01914	0.01638	0.02138	0.01317	0.01286	0.03511	0.03206	0.21992	0.28863	0.06472	0.07117	0.01920	0.01234	0.00353	0.00707	0.01647	0.08809	0.01415
3	0.02302	0.01349	0.01719	0.01715	0.02039	0.01263	0.01248	0.02829	0.06249	0.13161	0.09996	0.35194	0.10541	0.02882	0.01380	0.00428	0.00739	0.02555	0.01175	0.01236
4	0.01860	0.01393	0.01645	0.01617	0.01706	0.01518	0.01066	0.02303	0.07432	0.02734	0.04082	0.15668	0.04517	0.37614	0.04402	0.00872	0.05963	0.01870	0.00809	0.00930
5	0.10188	0.02670	0.07153	0.07652	0.03141	0.10671	0.01860	0.03113	0.02518	0.07166	0.07677	0.04856	0.07969	0.09998	0.07954	0.00634	0.01483	0.01279	0.00783	0.01238
6	0.03330	0.08189	0.03211	0.02323	0.03009	0.03072	0.01923	0.25314	0.08020	0.05464	0.09333	0.04373	0.08210	0.01713	0.01440	0.00366	0.06734	0.01296	0.01039	0.01641
7	0.02439	0.02012	0.02833	0.13366	0.03727	0.02334	0.02112	0.02882	0.02319	0.07064	0.07393	0.09832	0.03309	0.01832	0.02059	0.00397	0.19749	0.01349	0.00755	0.12238
8	0.10015	0.08429	0.12133	0.02956	0.12109	0.02321	0.02296	0.03126	0.02500	0.03850	0.06808	0.03673	0.06758	0.01283	0.01018	0.00305	0.01107	0.01041	0.00699	0.17574
9	0.25590	0.02982	0.09675	0.02971	0.09008	0.02705	0.06091	0.08410	0.08272	0.09820	0.02598	0.02776	0.01906	0.01196	0.01021	0.00365	0.01203	0.00948	0.00834	0.01627
10	0.02606	0.02599	0.09316	0.38762	0.12285	0.02528	0.03236	0.03405	0.02483	0.08317	0.02346	0.03089	0.01714	0.01170	0.01155	0.00378	0.01492	0.01028	0.00617	0.01478
11	0.03162	0.02411	0.08489	0.06980	0.07667	0.02045	0.02184	0.04247	0.11630	0.18758	0.04309	0.15586	0.03697	0.01851	0.01231	0.00393	0.01072	0.01605	0.01052	0.01629
12	0.02223	0.03465	0.21945	0.18950	0.05374	0.02355	0.09062	0.03056	0.02340	0.03242	0.02548	0.08509	0.02218	0.01650	0.01532	0.06817	0.01526	0.01242	0.00573	0.01375
13	0.16579	0.02263	0.06858	0.02313	0.02965	0.02028	0.07702	0.03421	0.07952	0.09007	0.04077	0.22025	0.03993	0.02046	0.01203	0.00408	0.01044	0.01804	0.00936	0.01374
14	0.02513	0.02324	0.03791	0.09179	0.04191	0.02372	0.14655	0.08144	0.02749	0.03813	0.03121	0.14917	0.03022	0.01716	0.01509	0.00379	0.06945	0.01564	0.00763	0.12331
15	0.02480	0.12315	0.03011	0.02173	0.02606	0.07758	0.01731	0.03166	0.08583	0.03208	0.03688	0.21441	0.03882	0.02151	0.01612	0.00386	0.10471	0.01705	0.00813	0.06821
16	0.10467	0.01796	0.02321	0.02457	0.08875	0.01678	0.01666	0.03348	0.02645	0.16431	0.04969	0.15312	0.09289	0.02020	0.01201	0.00378	0.00918	0.05038	0.01023	0.08169

[dist]
# distance from previous block
# <min> <max>
17	54

[block]
# block no. 1 follows, 10 sequences, length 46
# corresponding to MSA columns:
# 971-1016
name=unknown_B
#
# <colnr> <probs for GDERKNQSTAVLIFYWHMCP>
#	G	D	E	R	K	N	Q	S	T	A	V	L	I	F	Y	W	H	M	C	P
0	0.03393	0.02267	0.03285	0.32285	0.05885	0.02549	0.02647	0.12074	0.03172	0.16637	0.02854	0.03265	0.01974	0.01278	0.01165	0.00373	0.01355	0.01071	0.00876	0.01598
1	0.03027	0.10755	0.15381	0.02905	0.03917	0.02618	0.11119	0.07697	0.02912	0.11555	0.03363	0.09260	0.02926	0.01604	0.01211	0.00381	0.01381	0.05567	0.00837	0.01585
2	0.08134	0.01223	0.01479	0.01650	0.01864	0.01197	0.01221	0.01989	0.02404	0.03434	0.09907	0.36503	0.11119	0.03147	0.01410	0.00457	0.00749	0.10041	0.01058	0.01014
3	0.09209	0.02564	0.04157	0.17000	0.37592	0.02710	0.03265	0.03428	0.02513	0.03767	0.02105	0.02826	0.01722	0.01067	0.01110	0.00356	0.01369	0.00995	0.00578	0.01667
4	0.10489	0.03196	0.08152	0.02514	0.03498	0.03062	0.02233	0.31239	0.04423	0.15288	0.02945	0.02890	0.02027	0.01344	0.01116	0.00354	0.01232	0.01011	0.01105	0.01882
5	0.10116	0.08489	0.03637	0.03352	0.12459	0.11383	0.02309	0.18656	0.09831	0.04995	0.02553	0.02729	0.01968	0.01253	0.01063	0.00338	0.01339	0.00953	0.00860	0.01718
6	0.02443	0.01521	0.01846	0.01696	0.02037	0.01533	0.01254	0.07032	0.07319	0.08736	0.16235	0.12655	0.05615	0.07943	0.02148	0.09284	0.00830	0.01718	0.06960	0.01197
7	0.02239	0.01473	0.01695	0.01551	0.02003	0.01355	0.01187	0.06929	0.03068	0.10347	0.15445	0.15331	0.27740	0.02594	0.01341	0.00390	0.00717	0.02202	0.01168	0.01227
8	0.67341	0.02249	0.01709	0.01529	0.02249	0.02609	0.01260	0.03419	0.01979	0.05218	0.01619	0.01889	0.01260	0.01080	0.00720	0.00360	0.00900	0.00630	0.00720	0.01260
9	0.02453	0.02341	0.03900	0.35185	0.21950	0.02735	0.03277	0.03152	0.02381	0.03227	0.02056	0.02976	0.01644	0.01203	0.01408	0.00385	0.06689	0.01033	0.00535	0.01471
10	0.01552	0.01093	0.01361	0.01463	0.01654	0.01008	0.01033	0.01900	0.02615	0.03621	0.19982	0.32324	0.13987	0.02958	0.01372	0.00411	0.00614	0.02625	0.07420	0.01008
11	0.01646	0.01189	0.01555	0.01463	0.01738	0.01097	0.01097	0.02195	0.03292	0.04664	0.51257	0.08688	0.10974	0.02378	0.01372	0.00366	0.00549	0.02103	0.01280	0.01097
12	0.03400	0.02846	0.03495	0.02814	0.03635	0.03145	0.08121	0.20267	0.28179	0.05562	0.03745	0.03644	0.02768	0.01435	0.01202	0.00378	0.01184	0.01230	0.01097	0.01852
13	0.01497	0.01109	0.01407	0.01558	0.01745	0.01019	0.01123	0.01814	0.02551	0.03370	0.15838	0.35697	0.16475	0.03232	0.01454	0.00443	0.00673	0.06886	0.01117	0.00993
14	0.02339	0.02121	0.03519	0.40472	0.16738	0.02477	0.03069	0.03074	0.02406	0.03281	0.02260	0.03173	0.01751	0.01154	0.01126	0.00367	0.01417	0.01039	0.06828	0.01389
15	0.67341	0.02249	0.01709	0.01529	0.02249	0.02609	0.01260	0.03419	0.01979	0.05218	0.01619	0.01889	0.01260	0.01080	0.00720	0.00360	0.00900	0.00630	0.00720	0.01260
16	0.02706	0.02407	0.03047	0.02582	0.03256	0.02658	0.07814	0.05319	0.37293	0.04687	0.10667	0.04764	0.04311	0.01606	0.01234	0.00390	0.01008	0.01428	0.01118	0.01705
17	0.02120	0.01294	0.01706	0.01544	0.01901	0.01179	0.01179	0.02655	0.03297	0.11029	0.45070	0.08061	0.09901	0.02253	0.01345	0.00365	0.00607	0.01980	0.01301	0.01214
18	0.02110	0.01782	0.02540	0.02154	0.02647	0.01800	0.07539	0.03411	0.15000	0.04589	0.32896	0.06840	0.07855	0.01987	0.01324	0.00377	0.00833	0.01805	0.01163	0.01349
19	0.02288	0.02161	0.03654	0.49723	0.13902	0.02608	0.03276	0.03052	0.02369	0.03083	0.02083	0.03071	0.01590	0.01146	0.01161	0.00382	0.01528	0.01034	0.00525	0.01366
20	0.02984	0.01652	0.02123	0.01921	0.02448	0.01565	0.01584	0.07404	0.03260	0.18455	0.16217	0.08301	0.10451	0.02312	0.01362	0.00415	0.00901	0.13994	0.01236	0.01417
21	0.16373	0.10191	0.03129	0.02148	0.02986	0.02929	0.01798	0.14612	0.12327	0.17325	0.03234	0.03085	0.02303	0.01327	0.01027	0.00349	0.01059	0.00991	0.01062	0.01747
22	0.03234	0.01998	0.02631	0.07142	0.03255	0.01845	0.01743	0.03732	0.02726	0.19467	0.07620	0.03600	0.02962	0.01334	0.01316	0.00304	0.06196	0.01045	0.00955	0.26894
23	0.02410	0.01675	0.01939	0.01705	0.02250	0.01607	0.01323	0.03513	0.13825	0.10613	0.19860	0.07111	0.17514	0.02072	0.01255	0.00361	0.00732	0.01756	0.01175	0.07305
24	0.02710	0.02457	0.04003	0.24969	0.19542	0.02686	0.07120	0.09130	0.02908	0.03909	0.02615	0.03954	0.02203	0.01336	0.01221	0.00385	0.01457	0.05169	0.00679	0.01548
25	0.02312	0.01958	0.02340	0.01742	0.02666	0.01538	0.01388	0.02816	0.02340	0.03645	0.02206	0.02698	0.01880	0.01904	0.07975	0.00397	0.01160	0.00763	0.00680	0.57593
26	0.02173	0.01382	0.02089	0.01975	0.02275	0.01276	0.05651	0.02470	0.02400	0.10833	0.05468	0.39578	0.06027	0.08329	0.01847	0.00509	0.00892	0.02627	0.01053	0.01146
27	0.02827	0.01430	0.01792	0.01555	0.02055	0.01273	0.01218	0.03294	0.03067	0.19950	0.22180	0.07042	0.14967	0.02043	0.01231	0.00356	0.00699	0.01730	0.09931	0.01361
28	0.02771	0.02472	0.03287	0.04011	0.20600	0.02678	0.02397	0.04861	0.28345	0.04460	0.08169	0.04217	0.03627	0.01457	0.01189	0.00374	0.01053	0.01288	0.00972	0.01772
29	0.03137	0.03440	0.13192	0.08422	0.04396	0.03165	0.07114	0.18031	0.09604	0.04803	0.02600	0.02958	0.01955	0.01402	0.01595	0.00392	0.10218	0.01072	0.00814	0.01690
30	0.01657	0.01210	0.01608	0.01841	0.02060	0.01161	0.01480	0.02051	0.02526	0.03267	0.06996	0.27720	0.13027	0.03318	0.01535	0.00496	0.00876	0.25079	0.01075	0.01018
31	0.08770	0.13748	0.08050	0.02317	0.03088	0.02556	0.07830	0.03553	0.07058	0.08493	0.10468	0.04380	0.03703	0.09137	0.01736	0.00450	0.01169	0.01241	0.00839	0.01414
32	0.01691	0.01128	0.01268	0.01268	0.01268	0.01128	0.00705	0.01691	0.01691	0.02255	0.03665	0.07611	0.04228	0.59126	0.05920	0.01128	0.01128	0.01691	0.00705	0.00705
33	0.02780	0.02096	0.02632	0.02746	0.09227	0.02211	0.01899	0.08258	0.18446	0.08529	0.16950	0.06002	0.05439	0.01853	0.01268	0.00387	0.00935	0.05616	0.01135	0.01588
34	0.02168	0.01084	0.01084	0.01084	0.01355	0.01084	0.00813	0.02710	0.02439	0.04336	0.03794	0.04336	0.02981	0.01355	0.00813	0.00271	0.00542	0.01084	0.65583	0.01084
35	0.15597	0.16287	0.10772	0.02654	0.03666	0.07973	0.09351	0.04073	0.02641	0.13194	0.02391	0.02579	0.01759	0.01129	0.01000	0.00335	0.01389	0.00893	0.00746	0.01572
36	0.02772	0.02679	0.04515	0.12605	0.32183	0.02784	0.09172	0.03924	0.10068	0.03848	0.02596	0.03174	0.02063	0.01131	0.01188	0.00365	0.01409	0.01125	0.00666	0.01732
37	0.02168	0.01084	0.01084	0.01084	0.01355	0.01084	0.00813	0.02710	0.02439	0.04336	0.03794	0.04336	0.02981	0.01355	0.00813	0.00271	0.00542	0.01084	0.65583	0.01084
38	0.27737	0.15681	0.04101	0.03032	0.09819	0.03233	0.09162	0.07817	0.02615	0.04430	0.01925	0.02302	0.01540	0.01069	0.00930	0.00337	0.01247	0.00840	0.00672	0.01509
39	0.03683	0.03532	0.17578	0.02622	0.03712	0.02646	0.02595	0.13579	0.14149	0.18411	0.03535	0.03376	0.02444	0.01365	0.01153	0.00368	0.01244	0.01088	0.01049	0.01871
40	0.03376	0.02929	0.07955	0.11440	0.08907	0.02761	0.02506	0.18359	0.08264	0.09379	0.02816	0.03029	0.02056	0.01248	0.01119	0.00339	0.01256	0.01017	0.00905	0.10337
41	0.02870	0.02650	0.04261	0.03217	0.04097	0.02652	0.20628	0.14780	0.08141	0.04624	0.04889	0.05037	0.13499	0.01602	0.01301	0.00382	0.01365	0.01535	0.00909	0.01564
42	0.08663	0.01872	0.02416	0.20494	0.04213	0.02139	0.01993	0.03370	0.13284	0.03809	0.08855	0.12008	0.08558	0.01872	0.01207	0.00396	0.01034	0.01603	0.00893	0.01319
43	0.02390	0.01430	0.01692	0.01516	0.01875	0.01400	0.01139	0.07045	0.03078	0.09018	0.23758	0.06419	0.06408	0.09457	0.01793	0.00440	0.00736	0.01599	0.17599	0.01210
44	0.03000	0.02642	0.03285	0.03053	0.07982	0.07704	0.06446	0.04323	0.16358	0.08345	0.03183	0.03503	0.02497	0.02342	0.08476	0.00563	0.06825	0.01128	0.00848	0.07497
45	0.01628	0.01101	0.01287	0.01349	0.01365	0.01086	0.00791	0.01675	0.01814	0.02419	0.04295	0.19270	0.05024	0.46382	0.04901	0.00977	0.01024	0.02062	0.00791	0.00760

[dist]
# distance from previous block
# <min> <max>
0	1

[block]
# block no. 2 follows, 10 sequences, length 19
# corresponding to MSA columns:
# 1018-1036
name=unknown_C
#
# <colnr> <probs for GDERKNQSTAVLIFYWHMCP>
#	G	D	E	R	K	N	Q	S	T	A	V	L	I	F	Y	W	H	M	C	P
0	0.02825	0.02661	0.08490	0.03707	0.18654	0.02184	0.02447	0.03796	0.08046	0.09109	0.07559	0.03569	0.02982	0.01235	0.01099	0.00312	0.01108	0.01080	0.00825	0.18310
1	0.03353	0.39970	0.10389	0.02342	0.03359	0.09914	0.02295	0.09929	0.02918	0.03499	0.01853	0.02085	0.01560	0.01086	0.00878	0.00281	0.01396	0.00722	0.00603	0.01569
2	0.67341	0.02249	0.01709	0.01529	0.02249	0.02609	0.01260	0.03419	0.01979	0.05218	0.01619	0.01889	0.01260	0.01080	0.00720	0.00360	0.00900	0.00630	0.00720	0.01260
3	0.02601	0.02599	0.03462	0.19025	0.21897	0.09642	0.02747	0.03190	0.02670	0.03431	0.07715	0.09731	0.03332	0.01531	0.01201	0.00367	0.01362	0.01364	0.00694	0.01439
4	0.01674	0.01197	0.01619	0.01619	0.01741	0.01318	0.01142	0.01917	0.01795	0.02515	0.03344	0.05833	0.03457	0.29673	0.34318	0.01561	0.02289	0.01431	0.00657	0.00900
5	0.03217	0.08865	0.03484	0.12569	0.10806	0.02797	0.02326	0.04839	0.20764	0.12891	0.03518	0.03562	0.02596	0.01336	0.01123	0.00363	0.01147	0.01120	0.00948	0.01729
6	0.02688	0.02784	0.13124	0.02100	0.03159	0.01754	0.02015	0.03339	0.02531	0.10594	0.02883	0.08498	0.02458	0.01286	0.01022	0.00272	0.01042	0.01067	0.00794	0.36590
7	0.02412	0.02067	0.02412	0.01723	0.02756	0.01550	0.01378	0.02929	0.02412	0.03790	0.02067	0.02412	0.01723	0.00861	0.00861	0.00172	0.00861	0.00689	0.00689	0.66236
8	0.03030	0.02930	0.13602	0.02635	0.03524	0.02238	0.07051	0.04458	0.15563	0.15150	0.04184	0.13360	0.03504	0.01751	0.01237	0.00395	0.01173	0.01546	0.01013	0.01658
9	0.09458	0.03041	0.03191	0.07458	0.08687	0.10141	0.02216	0.21602	0.03906	0.09577	0.06906	0.03279	0.02679	0.01374	0.01126	0.00348	0.01304	0.01071	0.00963	0.01675
10	0.02168	0.01084	0.01084	0.01084	0.01355	0.01084	0.00813	0.02710	0.02439	0.04336	0.03794	0.04336	0.02981	0.01355	0.00813	0.00271	0.00542	0.01084	0.65583	0.01084
11	0.03510	0.02915	0.09876	0.02364	0.03294	0.02494	0.02136	0.15974	0.12422	0.14869	0.08158	0.03817	0.03251	0.01439	0.01149	0.00345	0.01099	0.01163	0.01089	0.08637
12	0.21856	0.02922	0.11114	0.02225	0.03137	0.02518	0.02070	0.04841	0.17639	0.15250	0.03347	0.03225	0.02384	0.01322	0.01033	0.00372	0.01068	0.01007	0.00986	0.01683
13	0.08058	0.14259	0.13697	0.02960	0.07708	0.02874	0.06940	0.03346	0.02372	0.03591	0.01937	0.02394	0.01587	0.01084	0.01212	0.00307	0.06231	0.00831	0.00580	0.18032
14	0.46607	0.02289	0.02452	0.12097	0.10293	0.02626	0.01938	0.03360	0.02136	0.04617	0.01780	0.02245	0.01394	0.01088	0.00860	0.00363	0.01084	0.00759	0.00663	0.01348
15	0.02168	0.01084	0.01084	0.01084	0.01355	0.01084	0.00813	0.02710	0.02439	0.04336	0.03794	0.04336	0.02981	0.01355	0.00813	0.00271	0.00542	0.01084	0.65583	0.01084
16	0.02196	0.02067	0.03488	0.56331	0.08010	0.02584	0.03230	0.02972	0.02326	0.02972	0.02067	0.03101	0.01550	0.01163	0.01163	0.00388	0.01550	0.01034	0.00517	0.01292
17	0.30789	0.02835	0.02744	0.02196	0.03038	0.03189	0.01812	0.29313	0.04006	0.06445	0.02301	0.02414	0.01677	0.01264	0.00978	0.00354	0.01121	0.00872	0.00978	0.01677
18	0.02622	0.02501	0.04257	0.25655	0.35362	0.02696	0.03442	0.03344	0.02527	0.03488	0.02142	0.02962	0.01732	0.01084	0.01156	0.00361	0.01445	0.01035	0.00554	0.01635

[dist]
# distance from previous block
# <min> <max>
0	1

[block]
# block no. 3 follows, 10 sequences, length 27
# corresponding to MSA columns:
# 1038-1064
name=unknown_D
#
# <colnr> <probs for GDERKNQSTAVLIFYWHMCP>
#	G	D	E	R	K	N	Q	S	T	A	V	L	I	F	Y	W	H	M	C	P
0	0.13111	0.02632	0.03329	0.03991	0.20601	0.02874	0.02412	0.09056	0.20786	0.04786	0.03131	0.03272	0.02416	0.01286	0.01097	0.00367	0.01120	0.01080	0.00890	0.01765
1	0.01691	0.01128	0.01268	0.01268	0.01268	0.01128	0.00705	0.01691	0.01691	0.02255	0.03665	0.07611	0.04228	0.59126	0.05920	0.01128	0.01128	0.01691	0.00705	0.00705
2	0.08616	0.02357	0.07302	0.02116	0.02743	0.02198	0.01838	0.04188	0.22848	0.04577	0.16799	0.06015	0.05445	0.01871	0.01226	0.00396	0.00916	0.05975	0.01082	0.01491
3	0.02920	0.02140	0.02673	0.02028	0.02848	0.01949	0.01650	0.03377	0.02454	0.12040	0.02402	0.02703	0.01886	0.01178	0.01459	0.00267	0.11231	0.00833	0.00785	0.43178
4	0.02708	0.22110	0.12829	0.02292	0.03089	0.12389	0.02190	0.03233	0.02625	0.03182	0.07972	0.13786	0.03714	0.01718	0.01079	0.00336	0.01304	0.01372	0.00712	0.01358
5	0.01974	0.01726	0.02747	0.37644	0.05792	0.02054	0.02439	0.02522	0.02208	0.02859	0.03117	0.13993	0.03101	0.10675	0.01965	0.00519	0.01323	0.01555	0.00650	0.01136
6	0.03488	0.08575	0.15578	0.02531	0.03677	0.02898	0.02495	0.20539	0.03667	0.09736	0.02551	0.02668	0.01850	0.01192	0.01055	0.00312	0.01276	0.00907	0.00876	0.14127
7	0.04060	0.03493	0.03454	0.11116	0.04293	0.12820	0.02377	0.32970	0.04577	0.05823	0.02496	0.02712	0.01823	0.01323	0.01142	0.00346	0.01473	0.00990	0.00958	0.01755
8	0.03928	0.01694	0.02286	0.01850	0.02524	0.01488	0.01488	0.04414	0.03316	0.35339	0.21440	0.05666	0.05802	0.01778	0.01243	0.00362	0.00830	0.01507	0.01382	0.01661
9	0.02829	0.03085	0.12976	0.18414	0.13701	0.02628	0.07622	0.04074	0.09968	0.08927	0.02807	0.03231	0.02064	0.01206	0.01175	0.00375	0.01435	0.01095	0.00732	0.01655
10	0.02444	0.01520	0.01594	0.01494	0.01874	0.01611	0.01139	0.07758	0.10122	0.04602	0.04071	0.08961	0.03385	0.01597	0.00966	0.00316	0.00688	0.01313	0.43266	0.01281
11	0.02701	0.02240	0.09995	0.07132	0.03145	0.01624	0.01907	0.03295	0.02891	0.16990	0.14563	0.06618	0.18192	0.01972	0.01256	0.00375	0.00960	0.01654	0.01068	0.01420
12	0.03109	0.59826	0.06095	0.01990	0.02985	0.04602	0.01990	0.03483	0.02363	0.02736	0.01617	0.01866	0.01493	0.00995	0.00746	0.00249	0.01244	0.00622	0.00498	0.01493
13	0.02463	0.01424	0.01879	0.01729	0.01901	0.01489	0.01231	0.10083	0.02244	0.02999	0.02163	0.03398	0.02012	0.03553	0.03922	0.54030	0.01060	0.01017	0.00626	0.00777
14	0.02606	0.02867	0.06010	0.17902	0.06567	0.02851	0.36420	0.03535	0.02639	0.03535	0.02281	0.03128	0.01711	0.01026	0.01320	0.00391	0.01857	0.01287	0.00570	0.01499
15	0.02513	0.02391	0.04061	0.33483	0.28382	0.02667	0.03388	0.03249	0.02475	0.03356	0.02123	0.02998	0.01686	0.01104	0.01158	0.00368	0.01472	0.01035	0.00544	0.01548
16	0.01496	0.01183	0.01347	0.01306	0.01645	0.01034	0.00979	0.01904	0.02938	0.03823	0.29439	0.10072	0.33318	0.02692	0.01373	0.00381	0.00571	0.02297	0.01170	0.01034
17	0.02688	0.02187	0.03379	0.37767	0.10565	0.02555	0.02881	0.03813	0.09872	0.08646	0.02763	0.03366	0.02030	0.01246	0.01166	0.00382	0.01377	0.01092	0.00725	0.01500
18	0.01444	0.01106	0.01324	0.01427	0.01653	0.00987	0.01011	0.01745	0.02581	0.03347	0.16720	0.31719	0.24446	0.03151	0.01423	0.00423	0.00620	0.02768	0.01117	0.00987
19	0.02659	0.02970	0.06336	0.12936	0.06380	0.02885	0.40709	0.03608	0.02680	0.03608	0.02308	0.03132	0.01731	0.01009	0.01340	0.00391	0.01897	0.01320	0.00577	0.01525
20	0.09259	0.05244	0.42963	0.08095	0.05016	0.02680	0.03873	0.03588	0.02392	0.03780	0.02035	0.02456	0.01458	0.01108	0.01069	0.00369	0.01616	0.00851	0.00518	0.01630
21	0.01623	0.01831	0.09377	0.01753	0.02157	0.01239	0.01521	0.02053	0.02361	0.03241	0.06480	0.35871	0.14336	0.02904	0.01342	0.00423	0.00810	0.02559	0.07036	0.01086
22	0.03080	0.02125	0.02833	0.02202	0.02995	0.01951	0.06198	0.11436	0.03262	0.13398	0.08665	0.08921	0.07766	0.01642	0.01172	0.00325	0.01003	0.01425	0.01028	0.18573
23	0.14714	0.13984	0.07927	0.07593	0.08736	0.16226	0.02323	0.03632	0.02657	0.03611	0.06461	0.02839	0.02382	0.01221	0.00990	0.00326	0.01420	0.00897	0.00647	0.01416
24	0.03215	0.28908	0.04017	0.01971	0.02710	0.03031	0.01725	0.07188	0.02781	0.13079	0.03503	0.16482	0.03358	0.01779	0.01050	0.00335	0.01054	0.01437	0.00886	0.01493
25	0.24499	0.12872	0.08314	0.07085	0.03211	0.02806	0.02002	0.03137	0.02344	0.04052	0.10476	0.03327	0.03096	0.01401	0.01237	0.00360	0.06750	0.00991	0.00714	0.01326
26	0.03036	0.02079	0.02873	0.13825	0.08546	0.02130	0.02157	0.10345	0.03243	0.12997	0.12069	0.05037	0.04088	0.01614	0.01214	0.00363	0.01104	0.05023	0.00992	0.07267

[dist]
# distance from previous block
# <min> <max>
0	60

[block]
# block no. 4 follows, 10 sequences, length 22
# corresponding to MSA columns:
# 1125-1146
name=unknown_E
#
# <colnr> <probs for GDERKNQSTAVLIFYWHMCP>
#	G	D	E	R	K	N	Q	S	T	A	V	L	I	F	Y	W	H	M	C	P
0	0.02686	0.06474	0.07581	0.09171	0.03931	0.02336	0.09247	0.08649	0.02811	0.08367	0.03485	0.15105	0.03255	0.02702	0.08250	0.00583	0.01537	0.01575	0.00828	0.01428
1	0.02858	0.15030	0.10127	0.02636	0.03495	0.02762	0.09232	0.06845	0.08490	0.08395	0.03569	0.14875	0.03285	0.01719	0.01172	0.00370	0.01232	0.01514	0.00857	0.01538
2	0.15569	0.02484	0.08873	0.02346	0.02935	0.02292	0.05244	0.03050	0.02377	0.07924	0.08112	0.10663	0.07394	0.01903	0.01730	0.00412	0.13082	0.01459	0.00824	0.01326
3	0.36996	0.09299	0.02876	0.09122	0.03270	0.03054	0.01884	0.03234	0.02029	0.04099	0.01658	0.02187	0.01384	0.01286	0.01448	0.00382	0.13110	0.00766	0.00621	0.01295
4	0.10969	0.02488	0.04507	0.30027	0.06535	0.02720	0.19463	0.03310	0.02436	0.03547	0.02114	0.02955	0.01592	0.01084	0.01182	0.00386	0.01617	0.01106	0.00570	0.01390
5	0.02953	0.01710	0.02581	0.02076	0.02698	0.01528	0.07394	0.03486	0.03134	0.20493	0.23002	0.06750	0.13268	0.01965	0.01304	0.00371	0.00889	0.01747	0.01212	0.01439
6	0.02616	0.01866	0.02265	0.01712	0.02565	0.01474	0.01361	0.03131	0.02722	0.10409	0.12994	0.03967	0.03867	0.01264	0.01012	0.00239	0.00811	0.01057	0.00915	0.43754
7	0.02158	0.01912	0.03107	0.33452	0.11547	0.02196	0.02776	0.02849	0.02533	0.03343	0.07641	0.05763	0.03590	0.01704	0.01277	0.00412	0.01331	0.10399	0.00716	0.01293
8	0.02898	0.01886	0.02275	0.01952	0.02394	0.01993	0.01469	0.03825	0.13101	0.13923	0.03695	0.04966	0.03216	0.21069	0.03078	0.00629	0.07827	0.01316	0.00947	0.07540
9	0.02344	0.01359	0.01714	0.01609	0.02033	0.01213	0.01263	0.02767	0.02948	0.14242	0.20442	0.13161	0.20064	0.02551	0.01368	0.00402	0.00731	0.07338	0.01214	0.01237
10	0.22847	0.27676	0.17201	0.02198	0.03300	0.03479	0.02375	0.03516	0.02268	0.03758	0.01742	0.02029	0.01415	0.01050	0.00833	0.00315	0.01263	0.00687	0.00565	0.01480
11	0.15889	0.01390	0.01422	0.01347	0.01732	0.01404	0.01034	0.02516	0.02715	0.04502	0.23674	0.06480	0.12229	0.01921	0.01094	0.00345	0.00628	0.01581	0.16983	0.01114
12	0.16335	0.05205	0.42031	0.02930	0.04434	0.02681	0.03643	0.03626	0.02353	0.04014	0.01986	0.02334	0.01427	0.01100	0.01022	0.00367	0.01542	0.00810	0.00540	0.01620
13	0.02290	0.01559	0.02315	0.02899	0.12730	0.01483	0.01768	0.02687	0.02589	0.09871	0.08969	0.31290	0.05987	0.02650	0.01372	0.00427	0.00892	0.05892	0.01034	0.01298
14	0.02488	0.02858	0.13500	0.13278	0.07476	0.02329	0.02495	0.08554	0.07066	0.03659	0.02762	0.04035	0.02413	0.13938	0.02463	0.06115	0.01345	0.01164	0.00697	0.01365
15	0.21194	0.08207	0.17527	0.02477	0.03591	0.02578	0.05681	0.04149	0.02580	0.17675	0.02634	0.02717	0.01828	0.01173	0.01005	0.00355	0.01267	0.00899	0.00826	0.01634
16	0.03149	0.20883	0.03712	0.02069	0.02947	0.03009	0.01773	0.04543	0.18443	0.09909	0.03133	0.03077	0.02407	0.01218	0.00971	0.00295	0.01021	0.00938	0.00887	0.15615
17	0.01735	0.01332	0.01625	0.01780	0.01975	0.01364	0.01244	0.02602	0.12467	0.03377	0.06049	0.46730	0.06800	0.03199	0.01420	0.00456	0.00728	0.02877	0.01102	0.01138
18	0.15995	0.01572	0.01683	0.01559	0.01976	0.01646	0.01201	0.02998	0.08736	0.04781	0.30816	0.06319	0.07291	0.01913	0.01161	0.00360	0.00670	0.01603	0.06494	0.01224
19	0.10035	0.26049	0.04152	0.02231	0.03089	0.14504	0.01932	0.07422	0.02961	0.14085	0.02381	0.02436	0.01805	0.01172	0.00931	0.00302	0.01344	0.00799	0.00792	0.01579
20	0.04261	0.02545	0.03340	0.09557	0.10240	0.02624	0.02316	0.20008	0.03873	0.24185	0.03332	0.03300	0.02263	0.01337	0.01164	0.00358	0.01212	0.01092	0.01116	0.01877
21	0.02557	0.01564	0.01614	0.01438	0.01866	0.01615	0.01123	0.12337	0.03117	0.04835	0.04551	0.04838	0.08660	0.01558	0.00957	0.00303	0.00707	0.01243	0.43854	0.01264

[dist]
# distance from previous block
# <min> <max>
23	29

[block]
# block no. 5 follows, 10 sequences, length 31
# corresponding to MSA columns:
# 1205-1235
name=unknown_F
#
# <colnr> <probs for GDERKNQSTAVLIFYWHMCP>
#	G	D	E	R	K	N	Q	S	T	A	V	L	I	F	Y	W	H	M	C	P
0	0.22947	0.02302	0.02388	0.02147	0.02659	0.07847	0.05801	0.06680	0.02594	0.04110	0.03688	0.24260	0.03919	0.02116	0.01156	0.00399	0.01078	0.01799	0.00873	0.01237
1	0.39728	0.03171	0.14225	0.02619	0.08491	0.02574	0.02269	0.03684	0.02277	0.08617	0.02038	0.02304	0.01508	0.01110	0.00896	0.00360	0.01154	0.00774	0.00709	0.01492
2	0.15434	0.02303	0.03425	0.24775	0.19551	0.02546	0.02779	0.03539	0.02467	0.09195	0.02297	0.02893	0.01730	0.01139	0.01074	0.00366	0.01310	0.00971	0.00677	0.01528
3	0.24709	0.03310	0.15025	0.03496	0.13970	0.02576	0.06904	0.03487	0.02357	0.04249	0.01972	0.02413	0.01535	0.01042	0.00981	0.00341	0.01293	0.00849	0.00619	0.08874
4	0.02905	0.02889	0.04127	0.24631	0.11180	0.08580	0.10935	0.08176	0.07750	0.03817	0.02450	0.03067	0.01865	0.01186	0.01189	0.00371	0.01574	0.01094	0.00679	0.01535
5	0.10733	0.09416	0.03723	0.02913	0.07525	0.10796	0.06365	0.08879	0.03175	0.20971	0.02912	0.02930	0.02054	0.01232	0.01074	0.00339	0.01338	0.00982	0.00945	0.01700
6	0.03682	0.02847	0.04960	0.04033	0.09945	0.02766	0.22714	0.13138	0.03424	0.15989	0.02950	0.03232	0.02079	0.01179	0.01258	0.00371	0.01530	0.01221	0.00904	0.01779
7	0.04139	0.07294	0.03315	0.02824	0.09681	0.02586	0.02034	0.17268	0.03680	0.22950	0.03389	0.03333	0.02366	0.01324	0.01089	0.00335	0.01100	0.01059	0.08417	0.01817
8	0.01725	0.01530	0.02630	0.02347	0.02709	0.01419	0.12023	0.02120	0.02392	0.03165	0.06009	0.40501	0.10803	0.02945	0.01447	0.00445	0.00969	0.02763	0.00964	0.01095
9	0.02224	0.01685	0.02276	0.01946	0.02242	0.01748	0.05883	0.09213	0.02417	0.03263	0.03317	0.05977	0.03440	0.37169	0.11369	0.01031	0.01510	0.01496	0.00753	0.01039
10	0.02132	0.03019	0.15038	0.07881	0.03454	0.08900	0.02282	0.02700	0.02442	0.03135	0.04227	0.30691	0.04623	0.02405	0.01295	0.00413	0.01226	0.02097	0.00806	0.01233
11	0.01606	0.01188	0.01550	0.01662	0.01887	0.01073	0.01195	0.01925	0.02439	0.03345	0.12044	0.40717	0.07367	0.03112	0.01411	0.00430	0.00718	0.06902	0.01062	0.08366
12	0.01663	0.01227	0.01771	0.01762	0.01953	0.01382	0.01335	0.02046	0.01989	0.02843	0.07909	0.05313	0.03848	0.13713	0.43881	0.01639	0.02642	0.01380	0.00697	0.01007
13	0.01490	0.01091	0.01400	0.01517	0.01691	0.01001	0.01063	0.01820	0.02635	0.03562	0.22200	0.36212	0.13748	0.03136	0.01434	0.00427	0.00622	0.02803	0.01148	0.01001
14	0.03214	0.21623	0.13984	0.03503	0.10574	0.12753	0.07862	0.07073	0.02862	0.03530	0.01985	0.02368	0.01605	0.01086	0.01025	0.00317	0.01589	0.00862	0.00585	0.01601
15	0.13737	0.02016	0.02563	0.01995	0.02870	0.01833	0.01648	0.05360	0.03144	0.46169	0.04181	0.03675	0.02657	0.01390	0.01108	0.00360	0.00977	0.01096	0.01341	0.01881
16	0.01595	0.01126	0.01417	0.01429	0.01652	0.01027	0.01027	0.01852	0.02659	0.03560	0.25495	0.17623	0.19013	0.03012	0.01891	0.10708	0.00654	0.02240	0.01072	0.00948
17	0.04421	0.03258	0.03490	0.02676	0.03607	0.03607	0.02211	0.47993	0.05468	0.07330	0.02792	0.02792	0.01978	0.01396	0.01163	0.00349	0.01280	0.01047	0.01163	0.01978
18	0.01614	0.01151	0.01335	0.01324	0.01617	0.01042	0.00980	0.02043	0.02838	0.03936	0.26173	0.13789	0.22887	0.02533	0.01296	0.00371	0.00574	0.02181	0.11275	0.01042
19	0.02915	0.02254	0.03003	0.09862	0.03815	0.02453	0.05883	0.08814	0.20384	0.09145	0.09286	0.05266	0.04054	0.01696	0.01258	0.00397	0.01112	0.05734	0.01063	0.01607
20	0.02885	0.02446	0.02662	0.07968	0.09768	0.11221	0.01922	0.03416	0.02938	0.09275	0.15766	0.04545	0.04433	0.01499	0.01132	0.00323	0.01122	0.01256	0.07346	0.08077
21	0.03491	0.02881	0.03651	0.10535	0.09598	0.07558	0.06761	0.15269	0.03441	0.10034	0.02557	0.02873	0.01892	0.01170	0.01116	0.00322	0.01363	0.00995	0.00843	0.13648
22	0.10252	0.10362	0.03664	0.27848	0.09953	0.07214	0.02629	0.03570	0.02508	0.08386	0.02203	0.02776	0.01670	0.01150	0.01045	0.00351	0.01407	0.00921	0.00645	0.01444
23	0.13811	0.02793	0.03608	0.08276	0.09458	0.03005	0.06788	0.23119	0.03821	0.10283	0.02604	0.02839	0.01877	0.01246	0.01114	0.00359	0.01297	0.01024	0.00936	0.01744
24	0.14724	0.10846	0.09434	0.02926	0.07553	0.02956	0.06790	0.12713	0.03171	0.14269	0.02612	0.02744	0.01877	0.01191	0.01044	0.00345	0.01278	0.00951	0.00868	0.01706
25	0.08186	0.07861	0.02676	0.02320	0.06126	0.07969	0.01669	0.03582	0.07645	0.10542	0.13554	0.14367	0.05008	0.01925	0.01177	0.00367	0.01005	0.01617	0.01002	0.01403
26	0.29350	0.12537	0.02909	0.11595	0.03451	0.02826	0.01794	0.03519	0.07582	0.04262	0.07663	0.03146	0.02708	0.01282	0.00930	0.00349	0.01042	0.00944	0.00758	0.01354
27	0.12167	0.06600	0.03424	0.14495	0.04297	0.02653	0.06420	0.11923	0.03185	0.13499	0.07436	0.03497	0.02778	0.01335	0.01113	0.00359	0.01225	0.01113	0.00916	0.01564
28	0.10048	0.03023	0.06817	0.02250	0.03113	0.11096	0.01933	0.08722	0.03229	0.21370	0.07134	0.03428	0.02840	0.01346	0.01082	0.00328	0.01209	0.01033	0.01022	0.08975
29	0.16339	0.07091	0.02905	0.07337	0.03328	0.02644	0.01814	0.15544	0.03330	0.09633	0.07856	0.03279	0.02803	0.01316	0.01021	0.00325	0.01060	0.01006	0.00929	0.10439
30	0.14747	0.02408	0.03893	0.03222	0.07388	0.02289	0.16567	0.03779	0.02656	0.13073	0.02963	0.03940	0.02371	0.01294	0.01154	0.00361	0.01307	0.05332	0.00831	0.10428

[dist]
# distance from previous block
# <min> <max>
4	55

[block]
# block no. 6 follows, 10 sequences, length 17
# corresponding to MSA columns:
# 1294-1310
name=unknown_G
#
# <colnr> <probs for GDERKNQSTAVLIFYWHMCP>
#	G	D	E	R	K	N	Q	S	T	A	V	L	I	F	Y	W	H	M	C	P
0	0.10667	0.02559	0.02434	0.06778	0.03058	0.12246	0.01705	0.07352	0.03132	0.12920	0.15516	0.04688	0.04452	0.05764	0.01491	0.00407	0.01166	0.01286	0.00992	0.01387
1	0.02727	0.14977	0.11852	0.02513	0.03156	0.13046	0.02318	0.03216	0.02509	0.03129	0.06662	0.11507	0.03264	0.01782	0.01622	0.00373	0.12026	0.01306	0.00675	0.01341
2	0.08755	0.02152	0.03080	0.02346	0.03169	0.01961	0.10464	0.03448	0.06169	0.08397	0.06982	0.03851	0.02988	0.06816	0.01539	0.00377	0.01096	0.01132	0.00832	0.24446
3	0.08974	0.01950	0.02212	0.01926	0.02583	0.01923	0.01524	0.03947	0.15536	0.09819	0.08138	0.09872	0.04140	0.01756	0.01143	0.00351	0.00870	0.05249	0.01037	0.17048
4	0.03581	0.08124	0.03217	0.07633	0.03604	0.15098	0.02031	0.12723	0.06943	0.09721	0.02999	0.07879	0.02502	0.01465	0.01102	0.00331	0.01344	0.01145	0.00888	0.07670
5	0.02897	0.02530	0.07261	0.02263	0.02934	0.06469	0.01970	0.03979	0.12027	0.11973	0.04478	0.12039	0.04115	0.02038	0.01268	0.00400	0.01115	0.11630	0.01022	0.07592
6	0.08729	0.07097	0.02719	0.01911	0.02804	0.02291	0.01551	0.03948	0.15852	0.04142	0.02746	0.02865	0.02180	0.01097	0.00930	0.00260	0.00914	0.00856	0.00817	0.36293
7	0.14491	0.07906	0.03073	0.02353	0.03115	0.13180	0.01897	0.13493	0.15335	0.09494	0.02975	0.02937	0.02213	0.01322	0.01038	0.00345	0.01254	0.00964	0.00955	0.01659
8	0.01762	0.01314	0.01779	0.12268	0.02779	0.01404	0.01379	0.02002	0.02002	0.02636	0.04055	0.15806	0.04524	0.32914	0.03815	0.00814	0.01129	0.05955	0.00766	0.00897
9	0.03496	0.02787	0.03315	0.03329	0.12784	0.03012	0.02260	0.26501	0.12434	0.05716	0.04051	0.04050	0.07916	0.01536	0.01189	0.00361	0.01157	0.01254	0.01042	0.01812
10	0.02978	0.02749	0.06542	0.02743	0.07608	0.02620	0.02108	0.13581	0.20135	0.04982	0.07262	0.03748	0.03191	0.01390	0.01127	0.00335	0.01054	0.01150	0.00990	0.13707
11	0.02859	0.03277	0.17910	0.17400	0.10657	0.02385	0.06554	0.03704	0.02611	0.12522	0.02891	0.07070	0.02271	0.01349	0.01186	0.00379	0.01444	0.01200	0.00733	0.01602
12	0.03067	0.48524	0.05411	0.02064	0.02993	0.04265	0.01961	0.04014	0.11709	0.03156	0.02231	0.02353	0.01898	0.01110	0.00832	0.00277	0.01180	0.00759	0.00633	0.01561
13	0.01465	0.01058	0.01452	0.01669	0.01764	0.01045	0.01153	0.01710	0.02156	0.02916	0.05761	0.47761	0.06749	0.04645	0.11939	0.00748	0.01156	0.02900	0.00990	0.00963
14	0.02899	0.03860	0.22042	0.03482	0.04727	0.02591	0.18799	0.07493	0.02931	0.09594	0.03416	0.03697	0.06351	0.01293	0.01236	0.00376	0.01580	0.01238	0.00745	0.01650
15	0.01818	0.02091	0.11487	0.01672	0.02011	0.01438	0.01413	0.02084	0.01842	0.02537	0.03354	0.06595	0.03685	0.47688	0.04970	0.00978	0.01244	0.01527	0.00663	0.00905
16	0.01428	0.01180	0.01253	0.01235	0.01604	0.01005	0.00926	0.01773	0.02778	0.03443	0.19593	0.10697	0.43400	0.02833	0.01374	0.00387	0.00581	0.02385	0.01120	0.01005

[dist]
# distance from previous block
# <min> <max>
0	18

[block]
# block no. 7 follows, 10 sequences, length 46
# corresponding to MSA columns:
# 1329-1374
name=unknown_H
#
# <colnr> <probs for GDERKNQSTAVLIFYWHMCP>
#	G	D	E	R	K	N	Q	S	T	A	V	L	I	F	Y	W	H	M	C	P
0	0.02466	0.01317	0.01685	0.01532	0.01916	0.01208	0.01169	0.02961	0.03041	0.14422	0.28492	0.11426	0.07482	0.02105	0.01234	0.00356	0.00651	0.01827	0.13444	0.01264
1	0.02702	0.08685	0.04129	0.20448	0.24784	0.02932	0.02990	0.03845	0.10890	0.03626	0.02542	0.03095	0.02020	0.01166	0.01117	0.00356	0.01335	0.01040	0.00658	0.01640
2	0.01659	0.01133	0.01259	0.01259	0.01300	0.01113	0.00723	0.01689	0.01790	0.02346	0.04499	0.07979	0.09077	0.53352	0.05453	0.01052	0.01072	0.01770	0.00743	0.00733
3	0.03027	0.02338	0.02636	0.02305	0.02849	0.02655	0.01852	0.17954	0.16712	0.05071	0.03999	0.09513	0.03492	0.01899	0.01469	0.00400	0.06542	0.05750	0.07950	0.01586
4	0.02427	0.04589	0.33230	0.03430	0.04782	0.02630	0.12811	0.03808	0.07225	0.03788	0.02823	0.03880	0.02276	0.01343	0.01220	0.00393	0.01623	0.05450	0.00639	0.01633
5	0.02674	0.04387	0.28406	0.09323	0.05253	0.02851	0.12752	0.08549	0.06899	0.04104	0.02443	0.02866	0.01775	0.01157	0.01180	0.00376	0.01635	0.01044	0.00645	0.01679
6	0.02375	0.07831	0.02275	0.01703	0.02053	0.02024	0.01361	0.07075	0.02479	0.03772	0.03096	0.04124	0.02695	0.08647	0.12862	0.00717	0.06451	0.01118	0.26152	0.01187
7	0.23714	0.14905	0.12122	0.02165	0.03176	0.02956	0.02135	0.08348	0.02761	0.14210	0.02417	0.02492	0.01744	0.01170	0.00928	0.00337	0.01172	0.00819	0.00822	0.01606
8	0.46774	0.09361	0.12868	0.01951	0.02909	0.02847	0.01971	0.03481	0.02120	0.04626	0.01716	0.02004	0.01330	0.01076	0.00803	0.00349	0.01108	0.00677	0.00648	0.01381
9	0.02837	0.37821	0.20488	0.02682	0.03915	0.03858	0.07215	0.03568	0.02429	0.03123	0.01833	0.02171	0.01514	0.01027	0.00918	0.00299	0.01459	0.00769	0.00505	0.01569
10	0.02626	0.02507	0.04930	0.09523	0.05070	0.02382	0.28848	0.03393	0.02733	0.07998	0.04485	0.04882	0.12155	0.01451	0.01331	0.00389	0.01542	0.01542	0.00760	0.01454
11	0.01546	0.01083	0.01368	0.01483	0.01574	0.01030	0.00973	0.01760	0.02290	0.03110	0.14917	0.33053	0.07351	0.19769	0.02771	0.00644	0.00782	0.02579	0.01011	0.00906
12	0.02330	0.02204	0.03730	0.46673	0.16622	0.02619	0.03297	0.03089	0.02389	0.03134	0.02091	0.03057	0.01608	0.01138	0.01161	0.00379	0.01517	0.01034	0.00528	0.01400
13	0.02635	0.02732	0.05073	0.03814	0.04667	0.02790	0.28546	0.03975	0.12480	0.03974	0.08142	0.03938	0.03124	0.01363	0.01575	0.00401	0.07041	0.01406	0.00780	0.01544
14	0.01417	0.01012	0.01350	0.01619	0.01687	0.00945	0.01080	0.01619	0.02227	0.02969	0.06410	0.58367	0.07692	0.03644	0.01484	0.00472	0.00675	0.03306	0.01080	0.00945
15	0.01601	0.01173	0.01502	0.01451	0.01718	0.01074	0.01076	0.02097	0.03142	0.04378	0.43773	0.13198	0.14399	0.02539	0.01382	0.00377	0.00563	0.02239	0.01245	0.01074
16	0.02581	0.02569	0.03690	0.03503	0.08420	0.03475	0.02657	0.02884	0.01876	0.02909	0.01599	0.02581	0.01561	0.01926	0.03524	0.00491	0.50884	0.01020	0.00516	0.01335
17	0.04658	0.02878	0.03255	0.02496	0.03417	0.03043	0.02062	0.35421	0.04833	0.20800	0.03326	0.03139	0.02246	0.01409	0.01165	0.00352	0.01194	0.01083	0.01245	0.01978
18	0.01417	0.01012	0.01350	0.01619	0.01687	0.00945	0.01080	0.01619	0.02227	0.02969	0.06410	0.58367	0.07692	0.03644	0.01484	0.00472	0.00675	0.03306	0.01080	0.00945
19	0.02168	0.01084	0.01084	0.01084	0.01355	0.01084	0.00813	0.02710	0.02439	0.04336	0.03794	0.04336	0.02981	0.01355	0.00813	0.00271	0.00542	0.01084	0.65583	0.01084
20	0.02412	0.02067	0.02412	0.01723	0.02756	0.01550	0.01378	0.02929	0.02412	0.03790	0.02067	0.02412	0.01723	0.00861	0.00861	0.00172	0.00861	0.00689	0.00689	0.66236
21	0.03809	0.02959	0.03574	0.02762	0.03625	0.03207	0.06979	0.34575	0.09009	0.06435	0.07993	0.03588	0.03040	0.01471	0.01210	0.00360	0.01244	0.01217	0.01115	0.01829
22	0.01375	0.01178	0.01178	0.01178	0.01571	0.00982	0.00884	0.01669	0.02651	0.03142	0.11782	0.11193	0.51399	0.02946	0.01375	0.00393	0.00589	0.02455	0.01080	0.00982
23	0.01645	0.01187	0.01639	0.01667	0.01799	0.01306	0.01195	0.01917	0.01854	0.02597	0.03615	0.10993	0.03788	0.23015	0.34783	0.01508	0.02280	0.01589	0.00694	0.00931
24	0.67341	0.02249	0.01709	0.01529	0.02249	0.02609	0.01260	0.03419	0.01979	0.05218	0.01619	0.01889	0.01260	0.01080	0.00720	0.00360	0.00900	0.00630	0.00720	0.01260
25	0.02778	0.02987	0.04218	0.03431	0.03739	0.08856	0.11867	0.03188	0.02142	0.02996	0.01727	0.02620	0.01573	0.01728	0.03015	0.00462	0.39734	0.01063	0.00535	0.01342
26	0.02494	0.17195	0.43334	0.03040	0.04608	0.03096	0.03818	0.03642	0.02436	0.03487	0.01989	0.02333	0.01477	0.01082	0.01030	0.00343	0.01620	0.00810	0.00492	0.01672
27	0.01475	0.01098	0.01373	0.01481	0.01677	0.00997	0.01044	0.01798	0.02626	0.03499	0.20605	0.34009	0.17803	0.03129	0.01429	0.00425	0.00620	0.02777	0.01138	0.00997
28	0.01646	0.01189	0.01555	0.01463	0.01738	0.01097	0.01097	0.02195	0.03292	0.04664	0.51257	0.08688	0.10974	0.02378	0.01372	0.00366	0.00549	0.02103	0.01280	0.01097
29	0.02879	0.02763	0.04721	0.07139	0.51871	0.02763	0.03569	0.03569	0.02648	0.03800	0.02188	0.02879	0.01842	0.01036	0.01151	0.00345	0.01382	0.01036	0.00576	0.01842
30	0.03768	0.01585	0.02069	0.01763	0.02353	0.01415	0.01385	0.04187	0.02907	0.31885	0.04795	0.15344	0.03901	0.01879	0.01158	0.00364	0.00827	0.01595	0.15249	0.01571
31	0.67341	0.02249	0.01709	0.01529	0.02249	0.02609	0.01260	0.03419	0.01979	0.05218	0.01619	0.01889	0.01260	0.01080	0.00720	0.00360	0.00900	0.00630	0.00720	0.01260
32	0.01408	0.01047	0.01313	0.01526	0.01662	0.00953	0.01038	0.01630	0.02316	0.03005	0.07545	0.48406	0.16921	0.03496	0.01461	0.00456	0.00657	0.03126	0.01080	0.00953
33	0.01488	0.01067	0.01413	0.01571	0.01703	0.00992	0.01085	0.01798	0.02557	0.03495	0.20322	0.42956	0.08710	0.03251	0.01450	0.00439	0.00636	0.02933	0.01142	0.00992
34	0.01417	0.01012	0.01350	0.01619	0.01687	0.00945	0.01080	0.01619	0.02227	0.02969	0.06410	0.58367	0.07692	0.03644	0.01484	0.00472	0.00675	0.03306	0.01080	0.00945
35	0.04249	0.01695	0.02186	0.01756	0.02456	0.01511	0.01425	0.04728	0.03046	0.37319	0.04336	0.04079	0.02911	0.01413	0.01056	0.00332	0.00847	0.01142	0.21817	0.01695
36	0.01466	0.01047	0.01405	0.01675	0.01764	0.00987	0.01164	0.01704	0.02275	0.03023	0.06383	0.53547	0.07586	0.03598	0.01497	0.00479	0.00717	0.07646	0.01079	0.00958
37	0.01670	0.01145	0.01403	0.01510	0.01576	0.01131	0.01009	0.01816	0.01993	0.02640	0.04713	0.19116	0.05419	0.36860	0.04170	0.00878	0.01023	0.10249	0.00853	0.00825
38	0.67341	0.02249	0.01709	0.01529	0.02249	0.02609	0.01260	0.03419	0.01979	0.05218	0.01619	0.01889	0.01260	0.01080	0.00720	0.00360	0.00900	0.00630	0.00720	0.01260
39	0.67341	0.02249	0.01709	0.01529	0.02249	0.02609	0.01260	0.03419	0.01979	0.05218	0.01619	0.01889	0.01260	0.01080	0.00720	0.00360	0.00900	0.00630	0.00720	0.01260
40	0.01646	0.01189	0.01555	0.01463	0.01738	0.01097	0.01097	0.02195	0.03292	0.04664	0.51257	0.08688	0.10974	0.02378	0.01372	0.00366	0.00549	0.02103	0.01280	0.01097
41	0.02429	0.02192	0.03489	0.50718	0.07550	0.02691	0.03123	0.07682	0.02654	0.03428	0.02143	0.03069	0.01595	0.01187	0.01163	0.00384	0.01522	0.01035	0.00584	0.01364
42	0.02879	0.02763	0.04721	0.07139	0.51871	0.02763	0.03569	0.03569	0.02648	0.03800	0.02188	0.02879	0.01842	0.01036	0.01151	0.00345	0.01382	0.01036	0.00576	0.01842
43	0.10720	0.03461	0.03144	0.02973	0.08335	0.18083	0.02134	0.13754	0.07813	0.14078	0.02843	0.02873	0.02068	0.01292	0.01086	0.00341	0.01404	0.00963	0.00945	0.01691
44	0.14775	0.08044	0.02216	0.01614	0.02107	0.02013	0.01253	0.02963	0.07496	0.04033	0.17620	0.05402	0.05132	0.12899	0.02005	0.00488	0.00873	0.01368	0.00911	0.06787
45	0.28451	0.13373	0.08497	0.02622	0.08349	0.03131	0.02123	0.08209	0.07693	0.04619	0.02184	0.02408	0.01708	0.01147	0.00907	0.00341	0.01141	0.00813	0.00734	0.01549

[dist]
# distance from previous block
# <min> <max>
0	70

[block]
# block no. 8 follows, 10 sequences, length 31
# corresponding to MSA columns:
# 1445-1475
name=unknown_I
#
# <colnr> <probs for GDERKNQSTAVLIFYWHMCP>
#	G	D	E	R	K	N	Q	S	T	A	V	L	I	F	Y	W	H	M	C	P
0	0.20112	0.09415	0.07763	0.02129	0.03055	0.02661	0.01938	0.08857	0.07008	0.21514	0.03084	0.02963	0.02141	0.01272	0.01000	0.00350	0.01089	0.00939	0.01006	0.01703
1	0.11037	0.09314	0.12677	0.01976	0.02776	0.02121	0.01936	0.03465	0.02588	0.12923	0.07457	0.09863	0.03493	0.01594	0.01044	0.00347	0.01007	0.01285	0.11664	0.01434
2	0.40320	0.09888	0.02708	0.02040	0.02754	0.19006	0.01651	0.03808	0.02434	0.04194	0.01675	0.01951	0.01361	0.01107	0.00825	0.00328	0.01313	0.00666	0.00657	0.01314
3	0.02927	0.03117	0.14900	0.13237	0.12410	0.02473	0.02879	0.07569	0.07259	0.09430	0.02695	0.03155	0.02018	0.01559	0.01548	0.08113	0.01350	0.01034	0.00745	0.01582
4	0.01775	0.01353	0.01662	0.01632	0.01949	0.01323	0.01248	0.02608	0.08962	0.04221	0.31564	0.13676	0.14015	0.02554	0.01384	0.00401	0.00669	0.06640	0.01203	0.01161
5	0.02620	0.01938	0.02297	0.01702	0.02590	0.01514	0.01328	0.03064	0.02418	0.08817	0.02540	0.03239	0.02165	0.08337	0.01538	0.00314	0.00909	0.00868	0.00771	0.51034
