[name]
unknown

[dist]
# distance from previous block
# <min> <max>
0	33

[block]
# block no. 0 follows, 13 sequences, length 38
# corresponding to MSA columns:
# 33-70
name=unknown_A
#
# <colnr> <probs for GDERKNQSTAVLIFYWHMCP>
#	G	D	E	R	K	N	Q	S	T	A	V	L	I	F	Y	W	H	M	C	P
0	0.02820	0.02372	0.08623	0.07859	0.03653	0.02233	0.09480	0.03549	0.05685	0.16444	0.03110	0.04319	0.02555	0.01557	0.01626	0.00388	0.13153	0.08372	0.00799	0.01402
1	0.04643	0.01961	0.02554	0.01958	0.02780	0.01794	0.01617	0.11768	0.03297	0.49982	0.03944	0.03451	0.02503	0.01303	0.01062	0.00326	0.00936	0.01048	0.01274	0.01799
2	0.03838	0.01584	0.02119	0.01738	0.02385	0.01376	0.01388	0.04196	0.02800	0.42822	0.05053	0.14106	0.08249	0.01773	0.01129	0.00347	0.00818	0.01499	0.01223	0.01557
3	0.08589	0.14186	0.30088	0.02540	0.03584	0.02871	0.02842	0.03407	0.07324	0.03322	0.01954	0.02278	0.01521	0.01152	0.01282	0.00337	0.09963	0.00788	0.00532	0.01442
4	0.01287	0.01023	0.01124	0.01196	0.01434	0.00895	0.00841	0.01506	0.02218	0.02737	0.08617	0.25059	0.36859	0.08305	0.01653	0.00439	0.00603	0.02395	0.00951	0.00860
5	0.01434	0.01078	0.01326	0.01264	0.01541	0.00971	0.00948	0.01873	0.02844	0.03887	0.44222	0.08479	0.21663	0.02293	0.01248	0.00339	0.00508	0.01994	0.01117	0.00971
6	0.03256	0.02942	0.13424	0.03443	0.08886	0.02304	0.20254	0.07074	0.02769	0.20670	0.02757	0.02943	0.01900	0.01072	0.01117	0.00337	0.01377	0.01063	0.00798	0.01614
7	0.70310	0.02045	0.01554	0.01390	0.02045	0.02372	0.01145	0.03108	0.01799	0.04744	0.01472	0.01718	0.01145	0.00981	0.00654	0.00327	0.00818	0.00573	0.00654	0.01145
8	0.01288	0.00920	0.01227	0.01472	0.01534	0.00859	0.00981	0.01472	0.02024	0.02699	0.05828	0.62152	0.06993	0.03312	0.01350	0.00429	0.00613	0.03006	0.00981	0.00859
9	0.02949	0.02290	0.02467	0.02152	0.02792	0.02589	0.01693	0.09816	0.45174	0.09457	0.04132	0.03786	0.03043	0.01408	0.01073	0.00352	0.00872	0.01161	0.01096	0.01696
10	0.51828	0.01976	0.01808	0.01529	0.02229	0.02141	0.01260	0.03684	0.02145	0.19468	0.02233	0.02248	0.01560	0.01074	0.00770	0.00327	0.00841	0.00711	0.00839	0.01329
11	0.03563	0.02890	0.02906	0.02363	0.03106	0.07141	0.01903	0.33856	0.20855	0.05636	0.03045	0.02949	0.02230	0.01310	0.01056	0.00327	0.01112	0.01011	0.01026	0.01716
12	0.02701	0.22558	0.03585	0.01912	0.02752	0.02411	0.05503	0.03126	0.02302	0.10495	0.02444	0.07787	0.02144	0.01138	0.00876	0.00245	0.00980	0.00935	0.00688	0.25420
13	0.02346	0.28240	0.31606	0.02380	0.03561	0.03014	0.02806	0.03153	0.02268	0.03085	0.06592	0.02531	0.02128	0.01069	0.00896	0.00291	0.01294	0.00797	0.00514	0.01429
14	0.70310	0.02045	0.01554	0.01390	0.02045	0.02372	0.01145	0.03108	0.01799	0.04744	0.01472	0.01718	0.01145	0.00981	0.00654	0.00327	0.00818	0.00573	0.00654	0.01145
15	0.01797	0.01173	0.01338	0.01299	0.01684	0.01011	0.01002	0.02094	0.02463	0.10721	0.08865	0.14581	0.39239	0.02562	0.01249	0.00370	0.00631	0.05865	0.01029	0.01027
16	0.03135	0.03905	0.19542	0.03412	0.11539	0.12115	0.07789	0.14933	0.03091	0.07264	0.02176	0.02449	0.01602	0.01078	0.01042	0.00319	0.01466	0.00891	0.00676	0.01577
17	0.02313	0.02192	0.03625	0.12894	0.23605	0.02293	0.09951	0.03353	0.11662	0.03394	0.02968	0.11564	0.02675	0.01385	0.01128	0.00351	0.01190	0.01333	0.00683	0.01442
18	0.01288	0.00920	0.01227	0.01472	0.01534	0.00859	0.00981	0.01472	0.02024	0.02699	0.05828	0.62152	0.06993	0.03312	0.01350	0.00429	0.00613	0.03006	0.00981	0.00859
19	0.02963	0.02005	0.02862	0.03499	0.22345	0.02009	0.02060	0.07540	0.07896	0.15105	0.03291	0.08618	0.02679	0.01355	0.01037	0.00322	0.00961	0.01190	0.10728	0.01536
20	0.07354	0.08736	0.06645	0.02101	0.02874	0.06862	0.01840	0.11548	0.11402	0.14671	0.03094	0.03610	0.02421	0.01330	0.01002	0.00318	0.01073	0.05323	0.00900	0.06895
21	0.02248	0.02174	0.07991	0.25256	0.17535	0.02043	0.02597	0.02873	0.02314	0.07339	0.06153	0.11259	0.02891	0.01426	0.01103	0.00349	0.01177	0.01283	0.00663	0.01328
22	0.03543	0.02202	0.03322	0.08316	0.03742	0.02168	0.12034	0.14333	0.03185	0.25090	0.03771	0.03736	0.06906	0.01314	0.01116	0.00336	0.01153	0.01170	0.00985	0.01579
23	0.08760	0.22421	0.18341	0.13999	0.04115	0.02968	0.02540	0.06198	0.02355	0.06533	0.01897	0.02236	0.01447	0.01016	0.00887	0.00302	0.01263	0.00754	0.00561	0.01409
24	0.02947	0.02209	0.02978	0.03277	0.18901	0.02125	0.02036	0.07499	0.11979	0.12491	0.02767	0.02889	0.02085	0.01069	0.00981	0.00280	0.00983	0.00919	0.00818	0.20768
25	0.01350	0.00926	0.01205	0.01428	0.01506	0.00870	0.00960	0.01562	0.02042	0.02811	0.05612	0.56887	0.06606	0.03124	0.01294	0.00413	0.00603	0.02823	0.07108	0.00870
26	0.01373	0.01004	0.01291	0.01371	0.01543	0.00921	0.00970	0.01700	0.02477	0.03373	0.27611	0.33761	0.13172	0.02757	0.01296	0.00381	0.00557	0.02461	0.01059	0.00921
27	0.02245	0.01860	0.02093	0.01647	0.02385	0.01663	0.01303	0.07894	0.10021	0.03898	0.08364	0.04101	0.10128	0.01312	0.00959	0.00245	0.00769	0.01079	0.00832	0.37201
28	0.02551	0.02116	0.03226	0.08484	0.26367	0.02130	0.02338	0.03037	0.02241	0.08097	0.02219	0.02995	0.01885	0.06617	0.01630	0.00366	0.07112	0.00942	0.00616	0.15032
29	0.01288	0.00920	0.01227	0.01472	0.01534	0.00859	0.00981	0.01472	0.02024	0.02699	0.05828	0.62152	0.06993	0.03312	0.01350	0.00429	0.00613	0.03006	0.00981	0.00859
30	0.01389	0.00962	0.01197	0.01344	0.01380	0.00926	0.00844	0.01499	0.01828	0.02438	0.04823	0.39920	0.05725	0.27274	0.02972	0.00669	0.00779	0.02415	0.00844	0.00771
31	0.02103	0.02025	0.03194	0.40968	0.05768	0.02648	0.02727	0.02649	0.01948	0.02649	0.01714	0.02649	0.01402	0.01324	0.01868	0.00389	0.21405	0.00935	0.00467	0.01169
32	0.02129	0.01421	0.01747	0.01731	0.02021	0.01427	0.01284	0.12190	0.02725	0.07577	0.05021	0.42152	0.05550	0.02721	0.01277	0.00403	0.00772	0.05706	0.01021	0.01127
33	0.01381	0.01036	0.01281	0.01305	0.01531	0.00935	0.00946	0.01741	0.02595	0.03496	0.31568	0.22846	0.20283	0.02592	0.01275	0.00364	0.00538	0.02280	0.01071	0.00935
34	0.45365	0.01977	0.01810	0.01480	0.02230	0.02028	0.01209	0.03141	0.02011	0.08517	0.01805	0.02005	0.01384	0.00950	0.00724	0.00278	0.00814	0.00627	0.00698	0.20947
35	0.06920	0.11609	0.03161	0.06725	0.15902	0.02188	0.02000	0.03350	0.02492	0.16351	0.07744	0.07624	0.03216	0.01442	0.01037	0.00328	0.01003	0.04656	0.00827	0.01426
36	0.16523	0.14305	0.10849	0.06527	0.03179	0.02483	0.01935	0.03564	0.06372	0.11629	0.02260	0.02408	0.01686	0.01032	0.00856	0.00288	0.01042	0.00762	0.00699	0.11600
37	0.26449	0.07991	0.09180	0.02254	0.07607	0.02343	0.01853	0.03656	0.06360	0.12954	0.02294	0.02404	0.01694	0.01045	0.00851	0.00303	0.00988	0.00769	0.00741	0.08263

[dist]
# distance from previous block
# <min> <max>
0	76

[block]
# block no. 1 follows, 13 sequences, length 14
# corresponding to MSA columns:
# 147-160
name=unknown_B
#
# <colnr> <probs for GDERKNQSTAVLIFYWHMCP>
#	G	D	E	R	K	N	Q	S	T	A	V	L	I	F	Y	W	H	M	C	P
0	0.03083	0.20458	0.06975	0.08230	0.08912	0.02625	0.02064	0.03751	0.05837	0.16838	0.02516	0.02630	0.01864	0.01054	0.00912	0.00281	0.01080	0.00832	0.00741	0.09318
1	0.02995	0.02840	0.19363	0.02155	0.03021	0.01846	0.02156	0.03915	0.08869	0.22778	0.03559	0.09427	0.02855	0.07574	0.01506	0.00413	0.01083	0.01234	0.00911	0.01500
2	0.03833	0.02628	0.02873	0.02228	0.03022	0.02825	0.01832	0.41665	0.04472	0.12570	0.03558	0.03433	0.07294	0.01415	0.01078	0.00323	0.01068	0.01094	0.01081	0.01708
3	0.02329	0.02555	0.09251	0.26149	0.25974	0.02457	0.03017	0.03321	0.08238	0.03267	0.02203	0.02806	0.01716	0.01049	0.01050	0.00336	0.01299	0.00953	0.00558	0.01472
4	0.09381	0.02045	0.02773	0.03145	0.18352	0.02022	0.01945	0.08171	0.02465	0.07122	0.02275	0.02784	0.01860	0.02349	0.12348	0.00553	0.01380	0.00877	0.00676	0.17476
5	0.04339	0.02073	0.02554	0.01975	0.02760	0.02006	0.01626	0.18542	0.03524	0.38823	0.03653	0.03321	0.02390	0.01292	0.01039	0.00319	0.00946	0.01026	0.06054	0.01741
6	0.02369	0.01195	0.01610	0.01600	0.01898	0.01076	0.01160	0.02623	0.02338	0.19672	0.05310	0.43843	0.05625	0.02686	0.01260	0.00397	0.00703	0.02398	0.01084	0.01153
7	0.02658	0.01953	0.02588	0.02159	0.02756	0.02039	0.07302	0.04346	0.26836	0.12659	0.17390	0.04792	0.04698	0.01541	0.01138	0.00347	0.00868	0.01367	0.01074	0.01490
8	0.04221	0.01865	0.02366	0.01862	0.02606	0.01747	0.01523	0.09681	0.06940	0.42427	0.03941	0.03554	0.02590	0.01306	0.01029	0.00320	0.00879	0.01054	0.08385	0.01704
9	0.01288	0.00920	0.01227	0.01472	0.01534	0.00859	0.00981	0.01472	0.02024	0.02699	0.05828	0.62152	0.06993	0.03312	0.01350	0.00429	0.00613	0.03006	0.00981	0.00859
10	0.01443	0.01079	0.01340	0.01274	0.01547	0.00975	0.00956	0.01892	0.02867	0.03942	0.46008	0.08388	0.19843	0.02273	0.01248	0.00338	0.00507	0.01981	0.01125	0.00975
11	0.03950	0.05039	0.02996	0.02724	0.03269	0.58597	0.02043	0.04222	0.02996	0.02588	0.01634	0.01907	0.01362	0.01090	0.00953	0.00272	0.01907	0.00681	0.00545	0.01226
12	0.01288	0.00920	0.01227	0.01472	0.01534	0.00859	0.00981	0.01472	0.02024	0.02699	0.05828	0.62152	0.06993	0.03312	0.01350	0.00429	0.00613	0.03006	0.00981	0.00859
13	0.03778	0.02436	0.02736	0.02198	0.02959	0.02616	0.01783	0.25297	0.19888	0.19391	0.03526	0.03261	0.02464	0.01331	0.01065	0.00333	0.00991	0.01058	0.01130	0.01759

[dist]
# distance from previous block
# <min> <max>
0	1

[block]
# block no. 2 follows, 13 sequences, length 28
# corresponding to MSA columns:
# 162-189
name=unknown_C
#
# <colnr> <probs for GDERKNQSTAVLIFYWHMCP>
#	G	D	E	R	K	N	Q	S	T	A	V	L	I	F	Y	W	H	M	C	P
0	0.02350	0.02517	0.04778	0.03604	0.04225	0.02741	0.30359	0.02974	0.02222	0.03154	0.06168	0.03064	0.02199	0.01336	0.02043	0.00393	0.22831	0.01186	0.00559	0.01295
1	0.02603	0.29894	0.19055	0.02647	0.08941	0.03174	0.02480	0.08060	0.02503	0.03276	0.02492	0.02708	0.05802	0.01115	0.00892	0.00285	0.01218	0.00838	0.00562	0.01455
2	0.02158	0.08337	0.08369	0.01737	0.02652	0.01745	0.01567	0.02667	0.02175	0.03264	0.02236	0.08158	0.02065	0.01073	0.00853	0.00210	0.00885	0.00876	0.00625	0.48349
3	0.07719	0.10149	0.33132	0.02527	0.03741	0.02589	0.02896	0.07612	0.06162	0.10327	0.02324	0.02454	0.01653	0.01082	0.00963	0.00323	0.01300	0.00822	0.00661	0.01567
4	0.02155	0.01217	0.01615	0.01456	0.01809	0.01102	0.01112	0.02610	0.02923	0.15074	0.41030	0.11310	0.08211	0.02076	0.01217	0.00339	0.00591	0.01823	0.01179	0.01153
5	0.02232	0.01629	0.02675	0.07913	0.03099	0.01543	0.11541	0.02784	0.02733	0.12147	0.25336	0.05999	0.12411	0.01730	0.01199	0.00342	0.00916	0.01589	0.00967	0.01215
6	0.09556	0.07393	0.09746	0.02275	0.03084	0.02360	0.08216	0.11955	0.07074	0.09942	0.10268	0.03908	0.06955	0.01373	0.01046	0.00328	0.01063	0.01156	0.00865	0.01437
7	0.02681	0.01739	0.02779	0.02726	0.09794	0.01692	0.08053	0.03100	0.02446	0.18241	0.07107	0.22395	0.04131	0.01945	0.01368	0.00372	0.05430	0.01738	0.00928	0.01335
8	0.02292	0.01217	0.01634	0.01661	0.01967	0.01130	0.01290	0.02630	0.02389	0.16284	0.05199	0.30989	0.05392	0.02577	0.01266	0.00406	0.00767	0.14117	0.05664	0.01128
9	0.01397	0.01004	0.01324	0.01398	0.01558	0.00931	0.00990	0.01745	0.02530	0.03504	0.31868	0.33817	0.08551	0.02711	0.01296	0.00379	0.00554	0.02435	0.01077	0.00931
10	0.03203	0.11797	0.16286	0.03326	0.14435	0.15781	0.02633	0.06771	0.02708	0.10251	0.02133	0.02361	0.01611	0.01054	0.00969	0.00299	0.01412	0.00810	0.00636	0.01525
11	0.01805	0.01540	0.02420	0.03426	0.22834	0.01502	0.01863	0.02162	0.02173	0.02993	0.04333	0.38975	0.04923	0.02390	0.01232	0.00384	0.00864	0.02202	0.00803	0.01176
12	0.24216	0.03072	0.02730	0.12784	0.09251	0.20966	0.02066	0.03377	0.02301	0.03376	0.01646	0.02113	0.01338	0.01090	0.01073	0.00322	0.05748	0.00738	0.00558	0.01235
13	0.03278	0.01475	0.01984	0.01633	0.02194	0.01303	0.01303	0.03728	0.03011	0.33179	0.27420	0.05539	0.05938	0.01694	0.01146	0.00330	0.00719	0.01446	0.01243	0.01438
14	0.01770	0.01198	0.01536	0.01405	0.01753	0.01073	0.01085	0.02242	0.02858	0.07710	0.41639	0.07597	0.12028	0.02086	0.01213	0.00331	0.00580	0.04716	0.01109	0.06070
15	0.19342	0.03786	0.19691	0.02346	0.03307	0.13777	0.02341	0.08671	0.02672	0.11567	0.02133	0.02270	0.01527	0.01086	0.00924	0.00317	0.01319	0.00769	0.00701	0.01452
16	0.01997	0.01879	0.03171	0.60301	0.07282	0.02349	0.02936	0.02701	0.02114	0.02701	0.01879	0.02819	0.01409	0.01057	0.01057	0.00352	0.01409	0.00940	0.00470	0.01175
17	0.02236	0.01195	0.01481	0.01349	0.01713	0.01089	0.01032	0.02666	0.02689	0.14855	0.24578	0.10411	0.11512	0.01915	0.01102	0.00322	0.00593	0.01642	0.16479	0.01140
18	0.01617	0.01173	0.01593	0.01812	0.02048	0.01149	0.01541	0.02051	0.02391	0.03087	0.06134	0.16780	0.11162	0.02936	0.01428	0.00468	0.00894	0.39810	0.00975	0.00954
19	0.02556	0.41247	0.25401	0.02271	0.03427	0.03521	0.02613	0.03236	0.02181	0.02817	0.01634	0.01902	0.01350	0.00943	0.00803	0.00268	0.01296	0.00648	0.00450	0.01436
20	0.06567	0.01247	0.01619	0.01551	0.01814	0.01290	0.01142	0.02373	0.01945	0.11720	0.03557	0.13775	0.03503	0.17908	0.24077	0.01024	0.01616	0.01474	0.00780	0.01020
21	0.01335	0.01002	0.01245	0.01381	0.01558	0.00912	0.00988	0.01605	0.02286	0.02982	0.13861	0.37620	0.20152	0.02962	0.01317	0.00401	0.00603	0.05889	0.01006	0.00895
22	0.02059	0.01943	0.03284	0.54906	0.12191	0.02365	0.02967	0.02756	0.02144	0.02777	0.01890	0.02799	0.01436	0.01046	0.01056	0.00349	0.01394	0.00940	0.00475	0.01225
23	0.02382	0.26955	0.38169	0.02567	0.03886	0.03096	0.03130	0.03281	0.02201	0.03030	0.01739	0.02034	0.01346	0.00967	0.00884	0.00295	0.01403	0.00701	0.00449	0.01486
24	0.42244	0.09191	0.02633	0.02439	0.10788	0.11239	0.01683	0.03307	0.02116	0.03967	0.01578	0.01885	0.01284	0.00984	0.00764	0.00306	0.01088	0.00646	0.00595	0.01263
25	0.03444	0.11180	0.08598	0.02269	0.03080	0.08804	0.02011	0.21841	0.07584	0.11686	0.02843	0.07042	0.02260	0.01346	0.01014	0.00315	0.01176	0.01042	0.00890	0.01574
26	0.11357	0.01738	0.01469	0.01359	0.01762	0.07535	0.01048	0.06534	0.02503	0.03898	0.04396	0.04584	0.13104	0.01481	0.00880	0.00288	0.00750	0.01149	0.33086	0.01078
27	0.02970	0.02241	0.08211	0.01819	0.02788	0.01567	0.01631	0.03503	0.02453	0.19914	0.02587	0.02630	0.01865	0.00969	0.00893	0.00228	0.00903	0.00778	0.00817	0.41234

[dist]
# distance from previous block
# <min> <max>
1	3

[block]
# block no. 3 follows, 13 sequences, length 22
# corresponding to MSA columns:
# 193-214
name=unknown_D
#
# <colnr> <probs for GDERKNQSTAVLIFYWHMCP>
#	G	D	E	R	K	N	Q	S	T	A	V	L	I	F	Y	W	H	M	C	P
0	0.11845	0.39674	0.04408	0.11000	0.03344	0.03560	0.01943	0.03027	0.02045	0.02834	0.01527	0.01933	0.01339	0.01028	0.00999	0.00282	0.06790	0.00659	0.00484	0.01280
1	0.01288	0.00920	0.01227	0.01472	0.01534	0.00859	0.00981	0.01472	0.02024	0.02699	0.05828	0.62152	0.06993	0.03312	0.01350	0.00429	0.00613	0.03006	0.00981	0.00859
2	0.01353	0.00967	0.01302	0.01547	0.01636	0.00915	0.01095	0.01585	0.02088	0.02772	0.05792	0.54290	0.06851	0.03251	0.01367	0.00438	0.00670	0.10226	0.00980	0.00877
3	0.02231	0.01482	0.01751	0.01659	0.02054	0.01494	0.01246	0.03298	0.17276	0.11885	0.11480	0.23106	0.12227	0.02245	0.01201	0.00372	0.00698	0.01955	0.01080	0.01259
4	0.06835	0.02099	0.02555	0.02589	0.08342	0.02245	0.01955	0.22498	0.03404	0.04684	0.03749	0.06586	0.03613	0.01937	0.01208	0.00391	0.01070	0.21912	0.00940	0.01387
5	0.01298	0.00952	0.01219	0.01407	0.01522	0.00873	0.00958	0.01516	0.02146	0.02830	0.10048	0.51203	0.13857	0.03144	0.01329	0.00413	0.00595	0.02822	0.00995	0.00873
6	0.01282	0.00944	0.01202	0.01409	0.01517	0.00864	0.00954	0.01479	0.02085	0.02724	0.06592	0.54016	0.14636	0.03213	0.01334	0.00418	0.00601	0.02885	0.00982	0.00864
7	0.04406	0.02031	0.02560	0.01996	0.02795	0.01938	0.01638	0.12648	0.08766	0.43535	0.03930	0.03469	0.02554	0.01316	0.01064	0.00329	0.00934	0.01060	0.01245	0.01786
8	0.03950	0.05039	0.02996	0.02724	0.03269	0.58597	0.02043	0.04222	0.02996	0.02588	0.01634	0.01907	0.01362	0.01090	0.00953	0.00272	0.01907	0.00681	0.00545	0.01226
9	0.01562	0.01037	0.01353	0.01422	0.01612	0.00949	0.01009	0.01871	0.02437	0.06463	0.22897	0.36922	0.10945	0.02763	0.01291	0.00386	0.00587	0.02470	0.01063	0.00964
10	0.02847	0.02379	0.02513	0.02196	0.02832	0.02731	0.01726	0.12992	0.46609	0.04774	0.04027	0.03725	0.03004	0.01409	0.01073	0.00352	0.00888	0.01157	0.01073	0.01693
11	0.02551	0.02121	0.02221	0.02195	0.05923	0.07847	0.01621	0.08989	0.13594	0.07369	0.09948	0.06271	0.13845	0.01877	0.01168	0.00357	0.00951	0.08857	0.00971	0.01326
12	0.03527	0.02659	0.07853	0.02237	0.03030	0.02508	0.01944	0.27616	0.09213	0.15818	0.03369	0.09665	0.02663	0.01502	0.01089	0.00338	0.01051	0.01218	0.01044	0.01656
13	0.02356	0.24779	0.40113	0.02613	0.03956	0.03031	0.03208	0.03288	0.02204	0.03062	0.01755	0.02054	0.01345	0.00971	0.00896	0.00299	0.01419	0.00709	0.00448	0.01494
14	0.19653	0.06746	0.11268	0.09029	0.03502	0.02518	0.02099	0.13780	0.02839	0.15425	0.02371	0.02490	0.01663	0.01117	0.00928	0.00323	0.01114	0.00829	0.00806	0.01499
15	0.64104	0.02022	0.01639	0.01437	0.02107	0.02294	0.01184	0.03302	0.01915	0.09688	0.01728	0.01896	0.01284	0.01012	0.00693	0.00327	0.00826	0.00619	0.00716	0.01207
16	0.02422	0.01379	0.01585	0.01392	0.01787	0.01369	0.01086	0.09520	0.02926	0.10450	0.19486	0.04928	0.04811	0.01532	0.00976	0.00292	0.00633	0.01275	0.30961	0.01193
17	0.02393	0.03136	0.18164	0.11065	0.15382	0.02587	0.02908	0.08177	0.02406	0.03430	0.02157	0.06660	0.01878	0.01359	0.01548	0.00363	0.13347	0.01041	0.00572	0.01429
18	0.02613	0.19031	0.08504	0.06096	0.03060	0.02330	0.05399	0.03163	0.02596	0.12985	0.18761	0.04159	0.04256	0.01383	0.01021	0.00306	0.01002	0.01165	0.00832	0.01337
19	0.01283	0.00941	0.01206	0.01418	0.01519	0.00863	0.00957	0.01478	0.02077	0.02720	0.06493	0.55071	0.13645	0.03226	0.01336	0.00420	0.00603	0.02900	0.00982	0.00863
20	0.01982	0.01475	0.01743	0.01738	0.02015	0.01535	0.01262	0.12257	0.08160	0.03682	0.05002	0.43952	0.05545	0.02701	0.01262	0.00399	0.00748	0.02399	0.01007	0.01135
21	0.02496	0.02852	0.06239	0.04456	0.05526	0.02674	0.52406	0.03387	0.02496	0.03387	0.02139	0.02852	0.01604	0.00891	0.01248	0.00357	0.01783	0.01248	0.00535	0.01426

[dist]
# distance from previous block
# <min> <max>
0	8

[block]
# block no. 4 follows, 13 sequences, length 20
# corresponding to MSA columns:
# 223-242
name=unknown_E
#
# <colnr> <probs for GDERKNQSTAVLIFYWHMCP>
#	G	D	E	R	K	N	Q	S	T	A	V	L	I	F	Y	W	H	M	C	P
0	0.37268	0.09774	0.23239	0.02053	0.03079	0.02593	0.02267	0.03206	0.02001	0.03976	0.01634	0.01911	0.01241	0.00982	0.00790	0.00320	0.01134	0.00651	0.00554	0.01326
1	0.28553	0.02385	0.03282	0.02915	0.09230	0.02522	0.13946	0.12496	0.02656	0.04483	0.02215	0.06690	0.01870	0.01181	0.00970	0.00338	0.01152	0.01029	0.00711	0.01376
2	0.26521	0.02580	0.06929	0.03625	0.23069	0.02539	0.02280	0.07861	0.07839	0.04287	0.02091	0.02404	0.01637	0.01041	0.00910	0.00325	0.01072	0.00828	0.00669	0.01491
3	0.08824	0.02521	0.02631	0.02262	0.06694	0.07846	0.01675	0.15346	0.02990	0.07554	0.02131	0.02326	0.01639	0.00994	0.00893	0.00244	0.01035	0.00757	0.00761	0.30877
4	0.01406	0.01005	0.01357	0.01573	0.01695	0.00957	0.01155	0.01690	0.02208	0.02947	0.10215	0.45326	0.07042	0.03116	0.01367	0.00434	0.00689	0.13922	0.00996	0.00899
5	0.02395	0.05085	0.51622	0.02895	0.04380	0.02361	0.03660	0.03537	0.02315	0.08957	0.02135	0.02375	0.01473	0.01036	0.01011	0.00334	0.01493	0.00811	0.00537	0.01587
6	0.70310	0.02045	0.01554	0.01390	0.02045	0.02372	0.01145	0.03108	0.01799	0.04744	0.01472	0.01718	0.01145	0.00981	0.00654	0.00327	0.00818	0.00573	0.00654	0.01145
7	0.01409	0.00971	0.01191	0.01317	0.01349	0.00940	0.00816	0.01504	0.01788	0.02384	0.04615	0.35328	0.05464	0.32223	0.03308	0.00719	0.00813	0.02293	0.00816	0.00753
8	0.02543	0.02734	0.02497	0.02273	0.02495	0.20456	0.01753	0.02791	0.02075	0.02468	0.02088	0.03267	0.02025	0.11562	0.16267	0.00778	0.19352	0.00981	0.00539	0.01056
9	0.01604	0.01227	0.01511	0.01535	0.01839	0.01187	0.01233	0.02267	0.07256	0.03595	0.24886	0.09340	0.18948	0.02455	0.01299	0.00389	0.00686	0.16667	0.01054	0.01026
10	0.04321	0.02232	0.03023	0.02286	0.03136	0.02153	0.06574	0.18536	0.03529	0.37490	0.03511	0.03225	0.02286	0.01257	0.01079	0.00327	0.01060	0.01049	0.01163	0.01763
11	0.02005	0.01719	0.02524	0.08599	0.17864	0.01777	0.01918	0.02884	0.09877	0.03762	0.23732	0.09982	0.05584	0.01704	0.01156	0.00341	0.00859	0.01535	0.00887	0.01291
12	0.01317	0.00942	0.01253	0.01452	0.01540	0.00878	0.00984	0.01545	0.02159	0.02913	0.12766	0.54602	0.07408	0.03152	0.01335	0.00416	0.00597	0.02854	0.01007	0.00878
13	0.01332	0.00980	0.01248	0.01380	0.01529	0.00896	0.00959	0.01602	0.02308	0.03085	0.18273	0.41809	0.14811	0.02949	0.01311	0.00396	0.00575	0.02636	0.01024	0.00896
14	0.02545	0.02567	0.04616	0.05481	0.36535	0.02652	0.15008	0.03182	0.02319	0.03311	0.01942	0.02631	0.01618	0.01056	0.01433	0.00345	0.09685	0.01014	0.00518	0.01542
15	0.01615	0.01348	0.02030	0.12681	0.10940	0.01381	0.01661	0.01967	0.02132	0.02829	0.04953	0.38018	0.09353	0.02493	0.01242	0.00392	0.00847	0.02255	0.00820	0.01043
16	0.01443	0.00985	0.01181	0.01275	0.01298	0.00962	0.00771	0.01513	0.01723	0.02297	0.04283	0.27967	0.05044	0.40157	0.03845	0.00798	0.00868	0.02097	0.00771	0.00724
17	0.02231	0.01405	0.01728	0.01589	0.01956	0.01356	0.01201	0.09627	0.02939	0.11342	0.21640	0.23352	0.10760	0.02310	0.01226	0.00361	0.00690	0.02017	0.01097	0.01174
18	0.02314	0.11442	0.02911	0.02074	0.02624	0.02263	0.06055	0.08012	0.14737	0.03921	0.15429	0.08950	0.04814	0.01775	0.01137	0.00350	0.00927	0.08023	0.00929	0.01313
19	0.29955	0.02219	0.02235	0.01769	0.02554	0.02302	0.01452	0.16372	0.02885	0.12256	0.02211	0.02292	0.01607	0.01063	0.00844	0.00290	0.00913	0.00752	0.00846	0.15184

[dist]
# distance from previous block
# <min> <max>
0	44

[block]
# block no. 5 follows, 13 sequences, length 37
# corresponding to MSA columns:
# 287-323
name=unknown_F
#
# <colnr> <probs for GDERKNQSTAVLIFYWHMCP>
#	G	D	E	R	K	N	Q	S	T	A	V	L	I	F	Y	W	H	M	C	P
0	0.21433	0.02548	0.03088	0.09205	0.24826	0.08992	0.02318	0.03477	0.02350	0.09386	0.02030	0.02412	0.01569	0.01020	0.00931	0.00318	0.01189	0.00823	0.00641	0.01443
1	0.02416	0.13477	0.14100	0.06171	0.03600	0.02394	0.06829	0.06019	0.02386	0.03401	0.01876	0.02239	0.01492	0.00906	0.00887	0.00245	0.01156	0.00745	0.00568	0.29092
2	0.02619	0.02891	0.14388	0.02661	0.03741	0.02046	0.14717	0.05738	0.02504	0.09325	0.02227	0.02535	0.01655	0.00935	0.00988	0.00269	0.01223	0.00877	0.00662	0.27999
3	0.02759	0.39563	0.20383	0.02233	0.03322	0.03575	0.02444	0.08947	0.02499	0.03221	0.01718	0.01950	0.01403	0.00976	0.00817	0.00268	0.01260	0.00673	0.00521	0.01468
4	0.02633	0.06419	0.02497	0.01888	0.02602	0.02037	0.01558	0.06992	0.16109	0.08823	0.03363	0.04395	0.02854	0.01401	0.01010	0.00296	0.00891	0.08938	0.00882	0.24412
5	0.01638	0.01215	0.01705	0.01661	0.01817	0.01432	0.01274	0.01972	0.01729	0.02577	0.02820	0.04273	0.02670	0.12899	0.41179	0.01350	0.07823	0.01144	0.07889	0.00934
6	0.02739	0.19458	0.30295	0.02689	0.03917	0.02784	0.08226	0.03580	0.02360	0.11267	0.02159	0.02369	0.01566	0.01013	0.00956	0.00308	0.01375	0.00819	0.00588	0.01531
7	0.02260	0.02295	0.03717	0.03019	0.03275	0.02893	0.13165	0.02653	0.01820	0.02719	0.01719	0.02644	0.01580	0.02343	0.09361	0.00582	0.41251	0.01020	0.00490	0.01191
8	0.02889	0.01457	0.01896	0.01656	0.02137	0.01353	0.01285	0.03530	0.07654	0.25467	0.21170	0.15260	0.05825	0.01947	0.01174	0.00350	0.00714	0.01690	0.01183	0.01363
9	0.11791	0.01826	0.02357	0.01828	0.02629	0.01642	0.01510	0.04933	0.02894	0.51365	0.03881	0.03397	0.02459	0.01273	0.01019	0.00327	0.00891	0.01011	0.01238	0.01729
10	0.08081	0.02472	0.02678	0.02168	0.02884	0.02701	0.01752	0.31879	0.12217	0.11209	0.03235	0.08416	0.02560	0.01472	0.01061	0.00336	0.01008	0.01170	0.01053	0.01646
11	0.01453	0.01079	0.01353	0.01284	0.01553	0.00979	0.00963	0.01911	0.02890	0.03995	0.47738	0.08301	0.18080	0.02253	0.01247	0.00337	0.00505	0.01969	0.01132	0.00979
12	0.01280	0.00954	0.01192	0.01383	0.01510	0.00866	0.00942	0.01482	0.02110	0.02734	0.06917	0.50558	0.17883	0.03171	0.01327	0.00413	0.00596	0.02833	0.00982	0.00866
13	0.02383	0.01933	0.02080	0.01825	0.02401	0.02074	0.01419	0.04420	0.34582	0.04180	0.07244	0.03928	0.03336	0.01348	0.00989	0.00307	0.00753	0.01120	0.11268	0.12408
14	0.03950	0.05039	0.02996	0.02724	0.03269	0.58597	0.02043	0.04222	0.02996	0.02588	0.01634	0.01907	0.01362	0.01090	0.00953	0.00272	0.01907	0.00681	0.00545	0.01226
15	0.01460	0.01073	0.01326	0.01267	0.01505	0.00983	0.00924	0.01863	0.02728	0.03756	0.42144	0.08164	0.16904	0.09261	0.01725	0.00417	0.00566	0.01922	0.01073	0.00939
16	0.02942	0.02426	0.02566	0.02215	0.02868	0.02776	0.01749	0.16190	0.43256	0.04926	0.03907	0.03629	0.02907	0.01397	0.01072	0.00349	0.00910	0.01141	0.01072	0.01701
17	0.01997	0.01879	0.03171	0.60301	0.07282	0.02349	0.02936	0.02701	0.02114	0.02701	0.01879	0.02819	0.01409	0.01057	0.01057	0.00352	0.01409	0.00940	0.00470	0.01175
18	0.01830	0.10082	0.02393	0.01868	0.02037	0.02001	0.01468	0.02051	0.01912	0.02595	0.03766	0.28804	0.04331	0.08496	0.02232	0.00473	0.16865	0.05067	0.00734	0.00994
19	0.02681	0.02057	0.03009	0.06586	0.11586	0.01787	0.06526	0.03221	0.02382	0.11922	0.02286	0.02587	0.01744	0.00920	0.00931	0.00240	0.01012	0.00825	0.00700	0.36998
20	0.02310	0.02325	0.11527	0.02783	0.12113	0.01704	0.06699	0.02879	0.02488	0.11801	0.05891	0.05813	0.23816	0.01713	0.01144	0.00341	0.01005	0.01489	0.00825	0.01335
21	0.65929	0.02028	0.01614	0.01423	0.02088	0.02317	0.01172	0.03245	0.01881	0.08234	0.01653	0.01843	0.01243	0.01003	0.00682	0.00327	0.00823	0.00605	0.00698	0.01189
22	0.01997	0.01879	0.03171	0.60301	0.07282	0.02349	0.02936	0.02701	0.02114	0.02701	0.01879	0.02819	0.01409	0.01057	0.01057	0.00352	0.01409	0.00940	0.00470	0.01175
23	0.02192	0.02562	0.09870	0.26859	0.13556	0.02374	0.16415	0.02958	0.02269	0.03071	0.02232	0.06699	0.01868	0.01140	0.01121	0.00351	0.01451	0.01145	0.00527	0.01339
24	0.01369	0.01002	0.01286	0.01371	0.01541	0.00919	0.00969	0.01690	0.02460	0.03344	0.26659	0.34470	0.13455	0.02776	0.01297	0.00382	0.00558	0.02477	0.01056	0.00919
25	0.01346	0.00970	0.01184	0.01330	0.01420	0.00906	0.00867	0.01496	0.01958	0.02557	0.05930	0.40151	0.13593	0.18432	0.02365	0.00571	0.00707	0.02513	0.00894	0.00808
26	0.01288	0.00920	0.01227	0.01472	0.01534	0.00859	0.00981	0.01472	0.02024	0.02699	0.05828	0.62152	0.06993	0.03312	0.01350	0.00429	0.00613	0.03006	0.00981	0.00859
27	0.02555	0.28070	0.16246	0.03088	0.04189	0.03245	0.22037	0.03289	0.02301	0.03013	0.01818	0.02256	0.01450	0.00919	0.00967	0.00299	0.01473	0.00876	0.00483	0.01425
28	0.02163	0.01879	0.02341	0.10474	0.03230	0.01552	0.01508	0.02668	0.02181	0.03332	0.01879	0.02287	0.01542	0.00825	0.00825	0.00186	0.00878	0.00674	0.00603	0.58972
29	0.42741	0.02235	0.02669	0.03467	0.24119	0.02429	0.02000	0.03164	0.02047	0.04219	0.01683	0.02084	0.01361	0.00965	0.00814	0.00322	0.00996	0.00723	0.00601	0.01361
30	0.12358	0.01904	0.02926	0.51366	0.06488	0.02353	0.02665	0.02763	0.02066	0.03011	0.01818	0.02652	0.01369	0.01046	0.00996	0.00349	0.01320	0.00884	0.00498	0.01170
31	0.60256	0.02184	0.01800	0.01549	0.02232	0.02509	0.01276	0.10633	0.02280	0.05035	0.01634	0.01842	0.01244	0.01025	0.00715	0.00326	0.00870	0.00630	0.00715	0.01244
32	0.01408	0.01070	0.01312	0.01475	0.01632	0.01030	0.01019	0.01868	0.06991	0.02885	0.06425	0.48808	0.14045	0.03040	0.01309	0.00412	0.00623	0.02718	0.00990	0.00940
33	0.01368	0.00979	0.01310	0.01506	0.01616	0.00921	0.01067	0.01635	0.02219	0.02987	0.13364	0.48118	0.07341	0.03093	0.01347	0.00421	0.00638	0.08171	0.01008	0.00893
34	0.03195	0.02684	0.04010	0.03043	0.03849	0.10693	0.23671	0.03961	0.05837	0.16061	0.02827	0.03078	0.02034	0.01093	0.01090	0.00324	0.01386	0.01085	0.08632	0.01448
35	0.03767	0.01761	0.02282	0.01904	0.02545	0.01651	0.01548	0.10913	0.03078	0.35481	0.04359	0.13294	0.03567	0.01793	0.01152	0.00360	0.00902	0.06898	0.01185	0.01561
36	0.01748	0.01069	0.01423	0.01478	0.01682	0.00980	0.01052	0.02050	0.02423	0.09422	0.20180	0.39559	0.07357	0.02745	0.01287	0.00389	0.00613	0.02462	0.01072	0.01008

[dist]
# distance from previous block
# <min> <max>
6	7

[block]
# block no. 6 follows, 13 sequences, length 32
# corresponding to MSA columns:
# 331-362
name=unknown_G
#
# <colnr> <probs for GDERKNQSTAVLIFYWHMCP>
#	G	D	E	R	K	N	Q	S	T	A	V	L	I	F	Y	W	H	M	C	P
0	0.02724	0.02197	0.02971	0.02544	0.06749	0.02201	0.07912	0.15878	0.09866	0.04100	0.02409	0.02822	0.01914	0.01563	0.01598	0.13215	0.01071	0.00942	0.00749	0.16573
1	0.03714	0.03535	0.02805	0.02355	0.02998	0.25368	0.01851	0.26282	0.03799	0.04645	0.02296	0.02473	0.01745	0.01191	0.00972	0.00290	0.01374	0.00847	0.10005	0.01456
2	0.02742	0.16629	0.32456	0.02699	0.03950	0.02769	0.06815	0.06654	0.02507	0.10054	0.02151	0.02359	0.01551	0.01030	0.00967	0.00312	0.01383	0.00819	0.00600	0.01554
3	0.01383	0.01056	0.01378	0.05149	0.01934	0.01006	0.01126	0.01680	0.02262	0.02959	0.12748	0.36905	0.17153	0.02864	0.01306	0.00402	0.00661	0.06147	0.00971	0.00912
4	0.01997	0.01879	0.03171	0.60301	0.07282	0.02349	0.02936	0.02701	0.02114	0.02701	0.01879	0.02819	0.01409	0.01057	0.01057	0.00352	0.01409	0.00940	0.00470	0.01175
5	0.01997	0.01879	0.03171	0.60301	0.07282	0.02349	0.02936	0.02701	0.02114	0.02701	0.01879	0.02819	0.01409	0.01057	0.01057	0.00352	0.01409	0.00940	0.00470	0.01175
6	0.01993	0.02685	0.17698	0.21526	0.04435	0.02004	0.02529	0.06435	0.02460	0.03378	0.09331	0.14387	0.03527	0.01618	0.01121	0.00357	0.01171	0.01404	0.00691	0.01250
7	0.51264	0.01999	0.02005	0.17815	0.03505	0.02366	0.01644	0.02995	0.01887	0.04174	0.01586	0.02025	0.01219	0.01003	0.00767	0.00334	0.00983	0.00675	0.00603	0.01153
8	0.02413	0.01317	0.01543	0.01361	0.01773	0.01247	0.01061	0.06314	0.02800	0.14014	0.18459	0.05677	0.11755	0.01693	0.01027	0.00305	0.00624	0.01414	0.24015	0.01187
9	0.04562	0.02091	0.02634	0.02020	0.02845	0.01987	0.01668	0.17098	0.03515	0.44344	0.03761	0.03332	0.02412	0.01299	0.01062	0.00325	0.00966	0.01035	0.01246	0.01799
10	0.29722	0.02150	0.02201	0.05942	0.02820	0.06340	0.01533	0.04118	0.02486	0.28777	0.02772	0.02688	0.01867	0.01148	0.00897	0.00325	0.00983	0.00836	0.00938	0.01458
11	0.04458	0.01863	0.02445	0.01918	0.02706	0.01700	0.01570	0.05216	0.09969	0.49867	0.04189	0.03646	0.02700	0.01326	0.01065	0.00331	0.00891	0.01081	0.01277	0.01782
12	0.01263	0.01020	0.01124	0.01208	0.01464	0.00881	0.00864	0.01502	0.02279	0.02803	0.09050	0.27856	0.39209	0.02894	0.01284	0.00382	0.00562	0.02495	0.00982	0.00881
13	0.02302	0.02288	0.04176	0.31211	0.22752	0.02470	0.13387	0.03021	0.02289	0.03088	0.01969	0.02760	0.01536	0.00985	0.01094	0.00341	0.01438	0.01005	0.00501	0.01389
14	0.03950	0.05039	0.02996	0.02724	0.03269	0.58597	0.02043	0.04222	0.02996	0.02588	0.01634	0.01907	0.01362	0.01090	0.00953	0.00272	0.01907	0.00681	0.00545	0.01226
15	0.01879	0.00977	0.01018	0.01051	0.01273	0.00968	0.00772	0.02330	0.02191	0.03774	0.03771	0.11819	0.03290	0.01513	0.00822	0.00271	0.00509	0.01259	0.59547	0.00968
16	0.01793	0.01007	0.01046	0.01041	0.01268	0.00980	0.00750	0.02191	0.02198	0.03570	0.07634	0.05370	0.09928	0.09802	0.01462	0.00371	0.00570	0.01274	0.46818	0.00928
17	0.01643	0.01097	0.01398	0.01542	0.01697	0.01089	0.01194	0.01961	0.02110	0.02908	0.04718	0.15694	0.05130	0.19067	0.02417	0.00594	0.00878	0.23943	0.10050	0.00870
18	0.03235	0.27032	0.04084	0.02163	0.02985	0.03258	0.05503	0.18949	0.06321	0.07996	0.02374	0.02493	0.01823	0.01105	0.00896	0.00281	0.01105	0.00844	0.06030	0.01523
19	0.03791	0.18335	0.03194	0.01826	0.02600	0.02420	0.01583	0.10727	0.02955	0.29064	0.03139	0.02989	0.02181	0.01186	0.00920	0.00289	0.00947	0.00906	0.09367	0.01580
20	0.01893	0.04275	0.42343	0.02544	0.03748	0.02034	0.03099	0.02854	0.02232	0.03197	0.03648	0.10783	0.09855	0.01530	0.01082	0.00350	0.01298	0.01265	0.00589	0.01379
21	0.03065	0.07607	0.22571	0.02937	0.04077	0.02713	0.12910	0.16359	0.03090	0.10908	0.02371	0.02575	0.01674	0.01082	0.01054	0.00327	0.01393	0.00942	0.00732	0.01612
22	0.02489	0.38575	0.04317	0.18015	0.03804	0.03277	0.01991	0.02950	0.02147	0.02727	0.01829	0.02287	0.01539	0.00988	0.00792	0.00264	0.01130	0.00722	0.08900	0.01260
23	0.37827	0.02239	0.02633	0.03301	0.21438	0.02454	0.01958	0.03467	0.08514	0.04245	0.02006	0.02313	0.01591	0.01023	0.00846	0.00326	0.00976	0.00781	0.00660	0.01399
24	0.02804	0.02093	0.02650	0.09806	0.10430	0.02303	0.01956	0.04636	0.29635	0.11584	0.03608	0.03576	0.02667	0.01288	0.01043	0.00339	0.00948	0.01095	0.05960	0.01579
25	0.01715	0.01029	0.01378	0.01523	0.01677	0.00945	0.01052	0.01927	0.02148	0.09400	0.05623	0.54923	0.06453	0.03065	0.01314	0.00417	0.00649	0.02766	0.01022	0.00975
26	0.07435	0.21227	0.06816	0.01810	0.02358	0.05854	0.01579	0.02740	0.05988	0.02958	0.03474	0.26248	0.03746	0.01938	0.01017	0.00336	0.00956	0.01617	0.00732	0.01170
27	0.03656	0.27903	0.04106	0.02145	0.02998	0.07147	0.04986	0.09961	0.02863	0.20732	0.02531	0.02505	0.01836	0.01093	0.00906	0.00282	0.01159	0.00826	0.00816	0.01549
28	0.01489	0.01170	0.01313	0.01348	0.01592	0.01124	0.00951	0.02046	0.08635	0.02980	0.10395	0.23687	0.24869	0.11305	0.01849	0.00472	0.00663	0.02205	0.00956	0.00950
29	0.02078	0.09646	0.02120	0.01550	0.01967	0.01491	0.01201	0.02411	0.02386	0.09783	0.14871	0.28091	0.05637	0.02188	0.01132	0.00335	0.00716	0.01915	0.00944	0.09537
30	0.03580	0.10459	0.06429	0.02228	0.03037	0.06549	0.05543	0.17107	0.03250	0.18767	0.02826	0.02852	0.02004	0.01172	0.00974	0.00300	0.01128	0.00929	0.09305	0.01558
31	0.02740	0.27845	0.21800	0.02181	0.03297	0.02889	0.02391	0.03400	0.02291	0.09649	0.02004	0.02180	0.01537	0.00970	0.00849	0.00265	0.01195	0.00707	0.00581	0.11229

[dist]
# distance from previous block
# <min> <max>
0	24

[block]
# block no. 7 follows, 13 sequences, length 16
# corresponding to MSA columns:
# 387-402
name=unknown_H
#
# <colnr> <probs for GDERKNQSTAVLIFYWHMCP>
#	G	D	E	R	K	N	Q	S	T	A	V	L	I	F	Y	W	H	M	C	P
0	0.15923	0.02645	0.13874	0.11302	0.09884	0.02198	0.02299	0.03241	0.10261	0.03610	0.02833	0.12246	0.02563	0.01442	0.01014	0.00352	0.01085	0.01207	0.00686	0.01337
1	0.02989	0.10568	0.20419	0.02280	0.03296	0.02353	0.02369	0.07145	0.07951	0.16400	0.02938	0.03370	0.02223	0.01244	0.01004	0.00318	0.01148	0.04268	0.00810	0.06906
2	0.03267	0.01601	0.02047	0.01693	0.02270	0.01475	0.01349	0.08529	0.03097	0.29444	0.18898	0.09102	0.09047	0.01782	0.01147	0.00337	0.00767	0.01508	0.01196	0.01443
3	0.01352	0.00982	0.01276	0.01400	0.01541	0.00905	0.00975	0.01642	0.02359	0.03200	0.22040	0.41347	0.11255	0.02903	0.01310	0.00394	0.00572	0.02605	0.01040	0.00905
4	0.08122	0.02376	0.08429	0.19039	0.08490	0.02170	0.04984	0.03755	0.07752	0.16077	0.02664	0.02919	0.01897	0.01108	0.01015	0.00327	0.01165	0.00947	0.00761	0.06003
5	0.03150	0.02404	0.02761	0.11283	0.03487	0.08061	0.01990	0.11713	0.09626	0.14399	0.02976	0.07708	0.02397	0.01512	0.01482	0.00359	0.11246	0.01139	0.00861	0.01443
6	0.01439	0.01056	0.01383	0.01588	0.01765	0.01000	0.01226	0.01751	0.02241	0.02900	0.06516	0.34897	0.14401	0.03064	0.01376	0.00440	0.00737	0.20334	0.00979	0.00908
7	0.01282	0.00945	0.01202	0.01407	0.01516	0.00864	0.00953	0.01480	0.02087	0.02725	0.06619	0.53724	0.14910	0.03210	0.01333	0.00418	0.00601	0.02880	0.00982	0.00864
8	0.02311	0.21514	0.08594	0.33335	0.09070	0.02944	0.02688	0.02940	0.02156	0.02742	0.01760	0.02403	0.01406	0.00997	0.00933	0.00309	0.01324	0.00809	0.00466	0.01300
9	0.01801	0.01482	0.01748	0.01426	0.02036	0.01183	0.01098	0.02215	0.02381	0.03444	0.15146	0.10727	0.12696	0.01638	0.01014	0.00254	0.00665	0.01399	0.00834	0.36812
10	0.01300	0.01034	0.01167	0.01217	0.01480	0.00901	0.00881	0.01583	0.02404	0.03040	0.16738	0.23283	0.35725	0.02759	0.01275	0.00372	0.00550	0.02380	0.01011	0.00901
11	0.03533	0.02848	0.02502	0.02080	0.02696	0.15794	0.01649	0.24029	0.03619	0.09254	0.02697	0.02841	0.02000	0.01220	0.00951	0.00289	0.01145	0.00905	0.18497	0.01450
12	0.59368	0.12006	0.02200	0.01458	0.02153	0.02666	0.01253	0.03117	0.01856	0.04378	0.01472	0.01714	0.01179	0.00969	0.00658	0.00311	0.00869	0.00571	0.00622	0.01179
13	0.11791	0.02245	0.06725	0.02749	0.09423	0.02050	0.10318	0.03392	0.10854	0.07964	0.09266	0.04528	0.11322	0.01450	0.01082	0.00341	0.01019	0.01284	0.00827	0.01369
14	0.02771	0.02924	0.13416	0.03015	0.11095	0.02418	0.05032	0.08192	0.20293	0.08565	0.02986	0.03042	0.02214	0.01160	0.01035	0.00321	0.01114	0.00993	0.00818	0.08598
15	0.08107	0.02093	0.02526	0.08347	0.11567	0.06554	0.01792	0.03123	0.02526	0.10605	0.12918	0.03589	0.03339	0.01224	0.00987	0.00283	0.00979	0.01024	0.00787	0.17631

[dist]
# distance from previous block
# <min> <max>
0	1

[block]
# block no. 8 follows, 13 sequences, length 21
# corresponding to MSA columns:
# 404-424
name=unknown_I
#
# <colnr> <probs for GDERKNQSTAVLIFYWHMCP>
#	G	D	E	R	K	N	Q	S	T	A	V	L	I	F	Y	W	H	M	C	P
0	0.11049	0.01988	0.02970	0.07702	0.25847	0.01999	0.02227	0.03265	0.02371	0.14239	0.03035	0.13202	0.02719	0.01446	0.01056	0.00341	0.01028	0.01285	0.00775	0.01458
1	0.02178	0.10196	0.53140	0.02915	0.04424	0.02596	0.03736	0.03334	0.02225	0.03278	0.01863	0.02189	0.01341	0.00996	0.00978	0.00326	0.01527	0.00764	0.00447	0.01546
2	0.09665	0.02342	0.10342	0.03487	0.21325	0.01908	0.02271	0.02981	0.02286	0.09911	0.03265	0.19293	0.03179	0.01665	0.01086	0.00352	0.01028	0.01474	0.00751	0.01389
3	0.03037	0.36283	0.14001	0.02196	0.03200	0.03625	0.02235	0.17103	0.02955	0.03811	0.01845	0.02027	0.01478	0.01024	0.00842	0.00271	0.01216	0.00712	0.00621	0.01517
4	0.11167	0.35581	0.11683	0.01966	0.02894	0.03295	0.01982	0.03624	0.07053	0.08884	0.02081	0.02186	0.01637	0.01020	0.00799	0.00277	0.01101	0.00708	0.00625	0.01436
5	0.03347	0.03116	0.09247	0.02277	0.02991	0.15221	0.01981	0.07159	0.11929	0.17111	0.03663	0.03566	0.07087	0.01401	0.01200	0.00332	0.04937	0.01057	0.00887	0.01491
6	0.01894	0.01169	0.01541	0.01398	0.01716	0.01066	0.01066	0.02381	0.02997	0.10689	0.49389	0.07372	0.09076	0.02057	0.01225	0.00332	0.00548	0.01808	0.01182	0.01096
7	0.01997	0.01879	0.03171	0.60301	0.07282	0.02349	0.02936	0.02701	0.02114	0.02701	0.01879	0.02819	0.01409	0.01057	0.01057	0.00352	0.01409	0.00940	0.00470	0.01175
8	0.02410	0.04356	0.32184	0.08674	0.04953	0.08504	0.17252	0.03393	0.02377	0.03218	0.01936	0.02426	0.01423	0.00987	0.01072	0.00336	0.01647	0.00916	0.00484	0.01452
9	0.09929	0.01925	0.02199	0.01761	0.02431	0.01939	0.01436	0.16663	0.03221	0.26154	0.03322	0.03233	0.02291	0.01249	0.00945	0.00305	0.00861	0.00970	0.17624	0.01540
10	0.01592	0.01018	0.01287	0.01463	0.01626	0.00991	0.01108	0.01944	0.02189	0.03173	0.05098	0.32314	0.05547	0.02623	0.01208	0.00393	0.00676	0.14840	0.19985	0.00925
11	0.04588	0.02049	0.02608	0.02000	0.02824	0.01925	0.01652	0.15383	0.03445	0.46158	0.03820	0.03371	0.02441	0.01300	0.01062	0.00325	0.00956	0.01039	0.01255	0.01799
12	0.08401	0.04820	0.47186	0.08179	0.04594	0.02438	0.03562	0.03266	0.02181	0.03417	0.01857	0.02239	0.01328	0.01007	0.00977	0.00336	0.01480	0.00777	0.00468	0.01488
13	0.04618	0.02002	0.02579	0.01977	0.02800	0.01854	0.01633	0.13427	0.03365	0.48227	0.03887	0.03414	0.02475	0.01302	0.01062	0.00325	0.00946	0.01044	0.01265	0.01799
14	0.01366	0.01043	0.01254	0.01271	0.01517	0.00931	0.00927	0.01717	0.02582	0.03427	0.29325	0.20358	0.25275	0.02589	0.01270	0.00362	0.00536	0.02258	0.01061	0.00931
15	0.01920	0.01563	0.07463	0.01725	0.02075	0.01189	0.01420	0.02272	0.02157	0.10844	0.04799	0.40019	0.05212	0.03323	0.08175	0.00557	0.01025	0.02252	0.00923	0.01085
16	0.02549	0.01265	0.01624	0.01510	0.01900	0.01174	0.01201	0.02990	0.02617	0.18667	0.14629	0.11324	0.05084	0.01910	0.01107	0.00343	0.00699	0.09335	0.18869	0.01203
17	0.01305	0.00933	0.01242	0.01461	0.01537	0.00870	0.00983	0.01514	0.02102	0.02822	0.09807	0.57822	0.07231	0.03221	0.01341	0.00422	0.00604	0.02918	0.00996	0.00870
18	0.04000	0.01635	0.02215	0.01755	0.02443	0.01427	0.01427	0.04429	0.03019	0.44896	0.15974	0.04584	0.04303	0.01504	0.01105	0.00328	0.00808	0.01258	0.01275	0.01616
19	0.06880	0.02445	0.03245	0.25233	0.15952	0.06282	0.02540	0.13126	0.02862	0.08187	0.02181	0.02658	0.01623	0.01093	0.01025	0.00328	0.01285	0.00914	0.00683	0.01458
20	0.02324	0.10028	0.12473	0.02316	0.03040	0.02541	0.05447	0.03871	0.21904	0.03749	0.12538	0.03893	0.03648	0.01425	0.01250	0.00342	0.05795	0.01160	0.00822	0.01435

[dist]
# distance from previous block
# <min> <max>
0	2

[block]
# block no. 9 follows, 13 sequences, length 56
# corresponding to MSA columns:
# 427-482
name=unknown_J
#
# <colnr> <probs for GDERKNQSTAVLIFYWHMCP>
#	G	D	E	R	K	N	Q	S	T	A	V	L	I	F	Y	W	H	M	C	P
0	0.14215	0.14300	0.19632	0.02320	0.03381	0.02526	0.06544	0.03563	0.02313	0.13491	0.02194	0.02354	0.01590	0.01013	0.00901	0.00300	0.01193	0.00787	0.00665	0.06718
1	0.07004	0.06790	0.12021	0.12052	0.09820	0.02254	0.07111	0.03235	0.06359	0.07490	0.07549	0.08220	0.02927	0.01347	0.01056	0.00338	0.01158	0.01188	0.00708	0.01372
