[name]
unknown

[dist]
# distance from previous block
# <min> <max>
0	147

[block]
# block no. 0 follows, 11 sequences, length 12
# corresponding to MSA columns:
# 147-158
name=unknown_A
#
# <colnr> <probs for GDERKNQSTAVLIFYWHMCP>
#	G	D	E	R	K	N	Q	S	T	A	V	L	I	F	Y	W	H	M	C	P
0	0.19869	0.02087	0.02366	0.01939	0.02716	0.02113	0.01577	0.05066	0.13331	0.31614	0.03777	0.03427	0.02548	0.01338	0.01030	0.00356	0.00922	0.01036	0.01171	0.01718
1	0.02508	0.19638	0.04160	0.10215	0.03873	0.08048	0.10777	0.03001	0.02432	0.02964	0.03063	0.15459	0.03125	0.01696	0.01129	0.00355	0.01327	0.04286	0.00668	0.01276
2	0.02684	0.11014	0.11816	0.18531	0.04456	0.02415	0.02490	0.03339	0.02354	0.12036	0.02594	0.03179	0.01993	0.02724	0.12932	0.00658	0.01716	0.00982	0.00674	0.01413
3	0.04315	0.02039	0.02576	0.02062	0.02815	0.01937	0.01665	0.14443	0.03505	0.36080	0.04336	0.12216	0.03317	0.01713	0.01178	0.00363	0.00971	0.01426	0.01281	0.01761
4	0.02929	0.01828	0.02173	0.01840	0.02197	0.01951	0.01357	0.12859	0.02733	0.13017	0.03324	0.05207	0.03116	0.30788	0.03671	0.00730	0.06814	0.01342	0.00892	0.01234
5	0.02296	0.22724	0.03605	0.02599	0.11763	0.02557	0.01798	0.02771	0.02696	0.03567	0.21543	0.05225	0.09404	0.01631	0.01073	0.00312	0.00924	0.01363	0.00826	0.01323
6	0.03089	0.25834	0.14581	0.02149	0.03248	0.02911	0.02208	0.03689	0.02490	0.12691	0.02290	0.02416	0.01739	0.01037	0.00895	0.00269	0.01173	0.00762	0.00691	0.15837
7	0.02409	0.08696	0.29961	0.13098	0.04834	0.02777	0.03276	0.03944	0.12954	0.03612	0.02535	0.02843	0.01876	0.01171	0.01069	0.00356	0.01430	0.00941	0.00625	0.01595
8	0.03284	0.32058	0.10069	0.02544	0.03576	0.03813	0.07066	0.17472	0.03246	0.04187	0.02028	0.02261	0.01612	0.01090	0.00941	0.00296	0.01331	0.00824	0.00686	0.01616
9	0.01683	0.01156	0.01735	0.01735	0.01892	0.01314	0.01314	0.01892	0.01735	0.02470	0.02785	0.04205	0.02628	0.07461	0.44819	0.15973	0.02574	0.01156	0.00578	0.00893
10	0.02841	0.16449	0.36690	0.02761	0.04160	0.02839	0.03318	0.03822	0.02489	0.11199	0.02301	0.02485	0.01640	0.01098	0.01008	0.00332	0.01461	0.00831	0.00618	0.01658
11	0.12594	0.08850	0.24698	0.12878	0.04525	0.02768	0.02956	0.03747	0.09725	0.03759	0.02296	0.02636	0.01715	0.01136	0.01003	0.00352	0.01353	0.00876	0.00616	0.01516

[dist]
# distance from previous block
# <min> <max>
0	7

[block]
# block no. 1 follows, 11 sequences, length 14
# corresponding to MSA columns:
# 166-179
name=unknown_B
#
# <colnr> <probs for GDERKNQSTAVLIFYWHMCP>
#	G	D	E	R	K	N	Q	S	T	A	V	L	I	F	Y	W	H	M	C	P
0	0.04815	0.02292	0.02845	0.02181	0.03061	0.02213	0.01802	0.18941	0.03852	0.39857	0.03911	0.03487	0.02521	0.01380	0.01130	0.00345	0.01043	0.01096	0.01312	0.01915
1	0.01583	0.01155	0.01587	0.08002	0.02315	0.01143	0.01254	0.01824	0.02331	0.03093	0.15211	0.27604	0.13076	0.02960	0.01796	0.10170	0.00763	0.02267	0.00939	0.00926
2	0.02876	0.03840	0.23204	0.04039	0.10612	0.02568	0.20651	0.03847	0.02627	0.10988	0.02481	0.02884	0.01772	0.01064	0.01181	0.00361	0.01610	0.01082	0.00654	0.01660
3	0.02526	0.01521	0.01834	0.01708	0.02128	0.01447	0.01285	0.09391	0.02920	0.13850	0.06508	0.29145	0.15947	0.02627	0.01306	0.00400	0.00781	0.02279	0.01127	0.01270
4	0.01645	0.01127	0.01484	0.01513	0.01643	0.01212	0.01068	0.01911	0.01856	0.02684	0.03616	0.11571	0.03747	0.23460	0.27810	0.01257	0.01863	0.01549	0.08087	0.00898
5	0.03608	0.21190	0.03831	0.02243	0.03066	0.07514	0.01913	0.13912	0.15650	0.11621	0.03002	0.02914	0.02245	0.01265	0.00996	0.00316	0.01161	0.00945	0.00924	0.01684
6	0.02691	0.16548	0.15349	0.03823	0.11436	0.03131	0.17503	0.03799	0.08178	0.03520	0.02310	0.02726	0.01804	0.01051	0.01088	0.00337	0.01497	0.01012	0.00596	0.01599
7	0.04084	0.01670	0.02269	0.01888	0.02548	0.01460	0.01494	0.04457	0.02942	0.40730	0.04903	0.18498	0.04009	0.01953	0.01212	0.00377	0.00878	0.01675	0.01302	0.01653
8	0.01395	0.01063	0.01283	0.01396	0.01603	0.00951	0.00983	0.01678	0.02469	0.03207	0.15847	0.34386	0.23500	0.03089	0.01382	0.00413	0.00604	0.02722	0.01078	0.00951
9	0.14440	0.13248	0.17259	0.07021	0.09596	0.02934	0.05896	0.07160	0.02591	0.06977	0.02090	0.02433	0.01578	0.01077	0.00980	0.00334	0.01338	0.00852	0.00639	0.01557
10	0.13101	0.02599	0.09911	0.02408	0.03303	0.02121	0.07450	0.04435	0.08166	0.24664	0.03593	0.07673	0.02685	0.01429	0.01108	0.00365	0.01119	0.01216	0.01015	0.01640
11	0.10626	0.19318	0.08260	0.02202	0.03093	0.03300	0.02035	0.21990	0.03572	0.05010	0.07859	0.02968	0.02644	0.01290	0.00982	0.00315	0.01146	0.00952	0.00852	0.01586
12	0.02747	0.15369	0.03324	0.01943	0.02778	0.02463	0.01660	0.03173	0.02314	0.07815	0.02044	0.02368	0.01689	0.01079	0.01253	0.00247	0.09332	0.00740	0.00665	0.36997
13	0.03675	0.03877	0.15137	0.02835	0.03858	0.10461	0.05759	0.21397	0.07235	0.10581	0.02712	0.02790	0.01930	0.01249	0.01113	0.00342	0.01437	0.00984	0.00893	0.01733

[dist]
# distance from previous block
# <min> <max>
1	8

[block]
# block no. 2 follows, 11 sequences, length 67
# corresponding to MSA columns:
# 188-254
name=unknown_C
#
# <colnr> <probs for GDERKNQSTAVLIFYWHMCP>
#	G	D	E	R	K	N	Q	S	T	A	V	L	I	F	Y	W	H	M	C	P
0	0.02939	0.08003	0.12057	0.12393	0.09901	0.02371	0.02497	0.03857	0.07482	0.14861	0.03908	0.04000	0.08136	0.01393	0.01106	0.00350	0.01188	0.01156	0.00832	0.01570
1	0.02379	0.01283	0.01622	0.01571	0.01945	0.01129	0.01162	0.02666	0.02563	0.17138	0.07138	0.30853	0.18613	0.02750	0.01323	0.00406	0.00715	0.02401	0.01141	0.01201
2	0.01572	0.01217	0.01713	0.01800	0.01908	0.01359	0.01325	0.01848	0.01984	0.02761	0.04548	0.33592	0.05134	0.05153	0.21533	0.00953	0.07552	0.02242	0.00826	0.00980
3	0.11073	0.02831	0.16426	0.02094	0.03024	0.01885	0.02121	0.04003	0.02727	0.23261	0.08406	0.03719	0.03060	0.01348	0.01042	0.00341	0.01043	0.01072	0.08955	0.01570
4	0.14790	0.09387	0.03574	0.02496	0.03186	0.02850	0.07489	0.08002	0.02667	0.17701	0.02520	0.02739	0.01854	0.01356	0.01609	0.00371	0.14075	0.00958	0.00839	0.01538
5	0.02126	0.02001	0.03376	0.57739	0.07752	0.02501	0.03126	0.02876	0.02251	0.02876	0.02001	0.03001	0.01500	0.01125	0.01125	0.00375	0.01500	0.01000	0.00500	0.01250
6	0.04784	0.02341	0.02876	0.02205	0.03086	0.02286	0.01821	0.20698	0.03934	0.37984	0.03842	0.03442	0.02486	0.01379	0.01130	0.00345	0.01054	0.01091	0.01301	0.01915
7	0.03642	0.03287	0.03621	0.09857	0.10086	0.18217	0.06631	0.07888	0.02990	0.13265	0.02441	0.02775	0.01819	0.01260	0.01368	0.00349	0.07232	0.00975	0.00761	0.01537
8	0.03071	0.01845	0.02226	0.01892	0.02470	0.01860	0.01494	0.08266	0.14939	0.18393	0.23491	0.05631	0.05967	0.01781	0.01212	0.00358	0.00798	0.01513	0.01248	0.01545
9	0.02244	0.02174	0.02836	0.02446	0.02695	0.07762	0.07315	0.02561	0.01990	0.02669	0.02502	0.04178	0.02482	0.17488	0.17429	0.00949	0.17400	0.01213	0.00585	0.01082
10	0.01873	0.01821	0.01630	0.01670	0.01955	0.10470	0.01213	0.02142	0.02442	0.02883	0.06956	0.25293	0.22512	0.03457	0.07828	0.00561	0.01142	0.02234	0.00912	0.01006
11	0.03250	0.02412	0.03957	0.11793	0.35863	0.02409	0.02984	0.03872	0.02683	0.15691	0.02660	0.03062	0.01990	0.01111	0.01120	0.00342	0.01266	0.01033	0.00751	0.01751
12	0.01560	0.01462	0.06102	0.01593	0.01882	0.01105	0.01279	0.01945	0.02365	0.03308	0.11695	0.36846	0.11296	0.02826	0.01303	0.00405	0.00706	0.02507	0.08797	0.01019
13	0.18342	0.09815	0.22229	0.03739	0.18177	0.02803	0.03015	0.03451	0.02311	0.03857	0.01892	0.02305	0.01482	0.01033	0.00957	0.00336	0.01330	0.00804	0.00553	0.01569
14	0.02739	0.08806	0.03521	0.13627	0.07066	0.17946	0.07519	0.03201	0.02570	0.02948	0.02927	0.16181	0.02945	0.01667	0.01150	0.00355	0.01458	0.01445	0.00663	0.01267
15	0.02128	0.01432	0.01875	0.01728	0.01934	0.01579	0.01285	0.02362	0.02000	0.08785	0.04138	0.05811	0.09020	0.23412	0.18194	0.01025	0.10048	0.01448	0.00762	0.01034
16	0.02279	0.09740	0.14757	0.02521	0.03371	0.02235	0.07928	0.05622	0.02564	0.03518	0.03511	0.15097	0.03535	0.01851	0.01190	0.00370	0.01217	0.09069	0.00753	0.08871
17	0.02687	0.17271	0.32873	0.03307	0.10088	0.03111	0.03385	0.08119	0.02670	0.03730	0.02000	0.02333	0.01521	0.01066	0.01004	0.00327	0.01482	0.00820	0.00551	0.01655
18	0.05050	0.01915	0.02612	0.02003	0.02873	0.01654	0.01654	0.05485	0.03221	0.54203	0.04440	0.03831	0.02786	0.01393	0.01132	0.00348	0.00958	0.01132	0.01393	0.01915
19	0.02572	0.01949	0.01887	0.01804	0.02128	0.10648	0.01305	0.02866	0.02652	0.11931	0.13679	0.23947	0.05798	0.09411	0.01810	0.00467	0.00975	0.02002	0.01017	0.01155
20	0.11770	0.08560	0.09433	0.02385	0.03365	0.02451	0.06287	0.09239	0.03038	0.27686	0.03146	0.03027	0.02115	0.01226	0.01049	0.00340	0.01170	0.00986	0.01008	0.01719
21	0.03009	0.61122	0.05898	0.01926	0.02889	0.04454	0.01926	0.03370	0.02287	0.02648	0.01565	0.01805	0.01444	0.00963	0.00722	0.00241	0.01204	0.00602	0.00481	0.01444
22	0.05050	0.01915	0.02612	0.02003	0.02873	0.01654	0.01654	0.05485	0.03221	0.54203	0.04440	0.03831	0.02786	0.01393	0.01132	0.00348	0.00958	0.01132	0.01393	0.01915
23	0.03421	0.02071	0.02606	0.08696	0.03367	0.02164	0.01880	0.12215	0.11764	0.19985	0.09895	0.05082	0.03930	0.01667	0.01200	0.00374	0.01016	0.05907	0.01142	0.01618
24	0.02799	0.09617	0.04241	0.20577	0.28061	0.02937	0.03017	0.08786	0.02764	0.03727	0.02086	0.02720	0.01675	0.01075	0.01071	0.00335	0.01357	0.00955	0.00599	0.01603
25	0.05050	0.01915	0.02612	0.02003	0.02873	0.01654	0.01654	0.05485	0.03221	0.54203	0.04440	0.03831	0.02786	0.01393	0.01132	0.00348	0.00958	0.01132	0.01393	0.01915
26	0.01853	0.01229	0.01542	0.01610	0.01854	0.01170	0.01148	0.02385	0.06788	0.07891	0.12069	0.38628	0.11604	0.02940	0.01359	0.00420	0.00679	0.02618	0.01109	0.01103
27	0.03047	0.04753	0.36880	0.02924	0.04321	0.02693	0.03405	0.14084	0.03129	0.10488	0.02465	0.02625	0.01700	0.01171	0.01090	0.00351	0.01483	0.00909	0.00732	0.01750
28	0.01404	0.01022	0.01332	0.01567	0.01680	0.00950	0.01090	0.01636	0.02232	0.02931	0.06703	0.50891	0.11915	0.03424	0.01436	0.00455	0.00677	0.06684	0.01044	0.00928
29	0.03434	0.33856	0.10843	0.02263	0.03287	0.03728	0.02229	0.15810	0.03174	0.08509	0.02176	0.02291	0.01685	0.01117	0.00907	0.00290	0.01247	0.00785	0.00732	0.01637
30	0.10488	0.14021	0.03089	0.01831	0.02683	0.02425	0.01558	0.02987	0.02210	0.03529	0.01805	0.02179	0.01548	0.01004	0.01094	0.00238	0.06934	0.00680	0.00615	0.39083
31	0.16085	0.13792	0.14953	0.09323	0.08398	0.03024	0.02571	0.08197	0.06660	0.04077	0.02135	0.02458	0.01645	0.01112	0.00954	0.00334	0.01263	0.00836	0.00653	0.01530
32	0.02469	0.09442	0.03072	0.05653	0.03092	0.14131	0.07318	0.02838	0.02457	0.02882	0.03640	0.20277	0.03920	0.07891	0.01665	0.00448	0.01306	0.05608	0.00747	0.01145
33	0.09337	0.02045	0.02386	0.01891	0.02630	0.01973	0.01529	0.13825	0.03407	0.19226	0.14899	0.04242	0.04130	0.01476	0.01089	0.00317	0.00890	0.01197	0.01115	0.12396
34	0.02881	0.03096	0.15837	0.04539	0.26897	0.02274	0.03025	0.03606	0.02583	0.12265	0.02982	0.09654	0.02545	0.01387	0.01145	0.00357	0.01268	0.01246	0.00740	0.01674
35	0.05050	0.01915	0.02612	0.02003	0.02873	0.01654	0.01654	0.05485	0.03221	0.54203	0.04440	0.03831	0.02786	0.01393	0.01132	0.00348	0.00958	0.01132	0.01393	0.01915
36	0.01748	0.01455	0.02059	0.02023	0.02123	0.01766	0.01554	0.02035	0.01911	0.02731	0.03755	0.23750	0.04124	0.04977	0.22666	0.00978	0.16718	0.01863	0.00732	0.01032
37	0.01687	0.01389	0.02018	0.07166	0.06665	0.01504	0.01600	0.01977	0.02146	0.02921	0.04925	0.43090	0.05732	0.02916	0.01651	0.00444	0.07668	0.02557	0.00890	0.01054
38	0.02085	0.02558	0.11986	0.41623	0.06532	0.02349	0.03058	0.02905	0.02384	0.03190	0.08064	0.03538	0.02575	0.01256	0.01140	0.00369	0.01413	0.01095	0.00584	0.01299
39	0.02584	0.02348	0.03852	0.05004	0.31798	0.02349	0.06818	0.07636	0.02746	0.03820	0.03169	0.16443	0.03146	0.01638	0.01212	0.00368	0.01213	0.01559	0.00732	0.01564
40	0.68395	0.02177	0.01654	0.01480	0.02177	0.02525	0.01219	0.03309	0.01915	0.05050	0.01567	0.01828	0.01219	0.01045	0.00697	0.00348	0.00871	0.00609	0.00697	0.01219
41	0.01863	0.01725	0.02164	0.01936	0.02348	0.05841	0.06925	0.02319	0.02784	0.03552	0.21086	0.12962	0.20752	0.02402	0.01336	0.00386	0.00895	0.06630	0.01008	0.01087
42	0.05050	0.01915	0.02612	0.02003	0.02873	0.01654	0.01654	0.05485	0.03221	0.54203	0.04440	0.03831	0.02786	0.01393	0.01132	0.00348	0.00958	0.01132	0.01393	0.01915
43	0.01985	0.01127	0.01457	0.01537	0.01751	0.01075	0.01099	0.02295	0.02295	0.09337	0.05195	0.36810	0.05547	0.03256	0.06110	0.00525	0.00874	0.02337	0.14318	0.01071
44	0.01761	0.01324	0.01855	0.02132	0.07725	0.01404	0.01299	0.02001	0.01815	0.02531	0.03165	0.05651	0.03309	0.32693	0.25193	0.01287	0.01886	0.01390	0.00636	0.00941
45	0.03528	0.04322	0.14931	0.03325	0.09588	0.22875	0.02739	0.06674	0.02909	0.09423	0.02198	0.02494	0.01672	0.01240	0.01327	0.00340	0.07326	0.00873	0.00673	0.01543
46	0.01567	0.01644	0.07750	0.01819	0.02155	0.01203	0.01558	0.01975	0.02324	0.03082	0.06282	0.36891	0.12036	0.03062	0.01405	0.00449	0.00845	0.11945	0.00975	0.01034
47	0.26069	0.10043	0.30736	0.02460	0.03706	0.02766	0.02880	0.03453	0.02202	0.04006	0.01812	0.02123	0.01353	0.01050	0.00901	0.00342	0.01333	0.00729	0.00555	0.01482
48	0.02656	0.11089	0.31072	0.15076	0.05036	0.02692	0.03358	0.03620	0.02440	0.09437	0.02255	0.02624	0.01609	0.01108	0.01048	0.00346	0.01487	0.00878	0.00593	0.01576
49	0.01720	0.01310	0.01775	0.01717	0.01816	0.01525	0.01248	0.01947	0.01731	0.02456	0.03041	0.05342	0.03156	0.28039	0.30107	0.01372	0.08823	0.01348	0.00621	0.00905
50	0.02986	0.10102	0.30667	0.02528	0.03761	0.02390	0.02923	0.03892	0.02568	0.15681	0.02749	0.02882	0.01928	0.01165	0.01014	0.00331	0.01310	0.00906	0.08590	0.01628
51	0.07573	0.02819	0.09129	0.02829	0.09336	0.02408	0.02238	0.16222	0.03418	0.21607	0.02996	0.02964	0.02068	0.01218	0.01065	0.00326	0.01143	0.00971	0.00997	0.08672
52	0.05050	0.01915	0.02612	0.02003	0.02873	0.01654	0.01654	0.05485	0.03221	0.54203	0.04440	0.03831	0.02786	0.01393	0.01132	0.00348	0.00958	0.01132	0.01393	0.01915
53	0.01947	0.01703	0.02658	0.15652	0.16738	0.01773	0.02193	0.02431	0.02369	0.03147	0.04771	0.22147	0.09921	0.02203	0.01278	0.00402	0.01047	0.05592	0.00792	0.01234
54	0.02781	0.14275	0.29849	0.02952	0.04247	0.02877	0.08660	0.03978	0.07383	0.08823	0.02481	0.02691	0.01806	0.01116	0.01054	0.00341	0.01461	0.00927	0.00651	0.01646
55	0.05050	0.01915	0.02612	0.02003	0.02873	0.01654	0.01654	0.05485	0.03221	0.54203	0.04440	0.03831	0.02786	0.01393	0.01132	0.00348	0.00958	0.01132	0.01393	0.01915
56	0.01573	0.01064	0.01246	0.01309	0.01325	0.01049	0.00769	0.01620	0.01761	0.02348	0.04183	0.19911	0.04895	0.46803	0.04700	0.00939	0.00986	0.02011	0.00769	0.00738
57	0.02261	0.04734	0.39578	0.03084	0.04434	0.02484	0.07609	0.03621	0.07507	0.03619	0.02729	0.08358	0.02263	0.01352	0.01137	0.00371	0.01502	0.01159	0.00611	0.01588
58	0.03192	0.02424	0.08315	0.15744	0.04464	0.02125	0.07870	0.04084	0.07122	0.20980	0.04097	0.04157	0.07522	0.01408	0.01169	0.00366	0.01224	0.01237	0.00930	0.01570
59	0.36251	0.01934	0.01978	0.01690	0.02377	0.02001	0.01364	0.03931	0.02442	0.23533	0.03215	0.09493	0.02559	0.01473	0.00951	0.00361	0.00878	0.01117	0.01004	0.01448
60	0.03036	0.02193	0.02617	0.02157	0.02753	0.06756	0.06460	0.08370	0.08917	0.13052	0.15312	0.04679	0.04443	0.01541	0.01130	0.00336	0.00995	0.01323	0.12484	0.01447
61	0.11315	0.07516	0.03580	0.02532	0.03353	0.02479	0.11816	0.08277	0.08081	0.17482	0.09001	0.03721	0.03169	0.01336	0.01109	0.00349	0.01138	0.01175	0.00983	0.01588
62	0.01903	0.01228	0.01695	0.08238	0.02498	0.01195	0.01348	0.02201	0.02333	0.09108	0.05962	0.41801	0.10290	0.02922	0.01353	0.00427	0.00783	0.02614	0.01022	0.01079
63	0.03263	0.15743	0.25114	0.02732	0.03973	0.02731	0.07054	0.04090	0.02630	0.18178	0.02657	0.02744	0.01853	0.01131	0.01040	0.00332	0.01384	0.00917	0.00753	0.01679
64	0.02390	0.02116	0.02668	0.02293	0.07289	0.01837	0.01659	0.02875	0.02282	0.03555	0.01949	0.02390	0.01655	0.00984	0.01198	0.00220	0.07699	0.00735	0.00636	0.53568
65	0.03420	0.18333	0.09233	0.03224	0.13087	0.03220	0.02454	0.14974	0.07288	0.10324	0.02586	0.02710	0.01948	0.01173	0.01014	0.00318	0.01229	0.00921	0.00814	0.01729
66	0.18865	0.03269	0.03375	0.04097	0.22192	0.17294	0.02465	0.03626	0.02491	0.03652	0.01815	0.02316	0.01525	0.01157	0.01257	0.00342	0.07383	0.00831	0.00590	0.01459

[dist]
# distance from previous block
# <min> <max>
0	5

[block]
# block no. 3 follows, 11 sequences, length 18
# corresponding to MSA columns:
# 260-277
name=unknown_D
#
# <colnr> <probs for GDERKNQSTAVLIFYWHMCP>
#	G	D	E	R	K	N	Q	S	T	A	V	L	I	F	Y	W	H	M	C	P
0	0.02442	0.02710	0.14298	0.02139	0.02918	0.02006	0.02041	0.03911	0.17977	0.09381	0.09940	0.09525	0.12257	0.01858	0.01197	0.00375	0.00971	0.01562	0.01000	0.01492
1	0.01986	0.01528	0.01820	0.01699	0.01884	0.01754	0.01246	0.02639	0.09216	0.03057	0.04002	0.05620	0.07511	0.23103	0.08492	0.00771	0.10784	0.01409	0.10432	0.01046
2	0.02928	0.02633	0.08234	0.05151	0.34215	0.02315	0.03009	0.03596	0.02647	0.11038	0.03018	0.04370	0.02594	0.01378	0.01178	0.00365	0.01265	0.07641	0.00744	0.01681
3	0.02824	0.03115	0.11193	0.03514	0.11189	0.02821	0.09768	0.08668	0.25439	0.04424	0.03321	0.03413	0.02497	0.01278	0.01156	0.00367	0.01256	0.01154	0.00869	0.01735
4	0.01955	0.00978	0.01466	0.01466	0.01466	0.00978	0.00978	0.01466	0.01466	0.01955	0.01955	0.03421	0.01955	0.03910	0.04399	0.67253	0.00978	0.00978	0.00489	0.00489
5	0.01393	0.01081	0.01269	0.01353	0.01592	0.00957	0.00965	0.01688	0.02520	0.03241	0.16854	0.29035	0.28009	0.03010	0.01370	0.00405	0.00595	0.02629	0.01080	0.00957
6	0.09363	0.03240	0.10849	0.21422	0.12236	0.11465	0.02821	0.03661	0.02546	0.08868	0.02200	0.02689	0.01635	0.01126	0.01056	0.00346	0.01469	0.00906	0.00634	0.01468
7	0.02358	0.02135	0.03531	0.18610	0.28161	0.02263	0.02934	0.03008	0.02491	0.03390	0.03110	0.05477	0.02960	0.01595	0.01234	0.00394	0.01299	0.12933	0.00670	0.01448
8	0.02968	0.01304	0.01510	0.01330	0.01772	0.01227	0.01042	0.03466	0.02614	0.18934	0.03898	0.04089	0.02856	0.01335	0.00888	0.00288	0.00652	0.01073	0.47447	0.01304
9	0.02672	0.12743	0.09561	0.21784	0.16391	0.07556	0.02928	0.03546	0.06198	0.03227	0.02132	0.02692	0.01692	0.01098	0.01041	0.00334	0.01430	0.00913	0.00564	0.01496
10	0.02954	0.02074	0.07770	0.01956	0.02599	0.01662	0.01698	0.03880	0.10090	0.20621	0.17331	0.13147	0.05502	0.01932	0.01224	0.00372	0.00866	0.01664	0.01164	0.01494
11	0.03121	0.03413	0.20635	0.14351	0.05047	0.02347	0.10828	0.03995	0.02647	0.18354	0.02773	0.03045	0.01890	0.01156	0.01143	0.00362	0.01461	0.01039	0.00767	0.01628
12	0.01629	0.01872	0.09472	0.09983	0.02967	0.01416	0.01762	0.02065	0.02207	0.02941	0.05329	0.33569	0.10374	0.07109	0.01655	0.00470	0.00951	0.02317	0.00853	0.01060
13	0.19691	0.03656	0.26916	0.02402	0.03427	0.02210	0.02691	0.03097	0.02261	0.03855	0.02937	0.09991	0.02773	0.01632	0.01082	0.00389	0.01250	0.07690	0.00679	0.01371
14	0.12097	0.11979	0.22783	0.03229	0.11095	0.10628	0.02911	0.03732	0.02495	0.06431	0.02007	0.02316	0.01533	0.01074	0.00973	0.00326	0.01457	0.00797	0.00587	0.01551
15	0.03115	0.03549	0.23219	0.03389	0.11346	0.02211	0.06752	0.03943	0.02657	0.18449	0.03133	0.07916	0.02428	0.01359	0.01148	0.00361	0.01338	0.01193	0.00815	0.01678
16	0.12263	0.05358	0.02637	0.16152	0.03809	0.02279	0.01876	0.10487	0.02783	0.06902	0.03647	0.11080	0.07422	0.01622	0.01076	0.00349	0.01055	0.01330	0.00822	0.07051
17	0.02711	0.10926	0.07341	0.06269	0.03149	0.02210	0.01862	0.03604	0.09627	0.11264	0.03517	0.14054	0.03165	0.01611	0.01070	0.00327	0.01004	0.01354	0.00867	0.14068

[dist]
# distance from previous block
# <min> <max>
5	119

[block]
# block no. 4 follows, 11 sequences, length 43
# corresponding to MSA columns:
# 405-421,423-448
name=unknown_E
#
# <colnr> <probs for GDERKNQSTAVLIFYWHMCP>
#	G	D	E	R	K	N	Q	S	T	A	V	L	I	F	Y	W	H	M	C	P
0	0.09296	0.02619	0.02891	0.02694	0.09449	0.08052	0.01899	0.10830	0.03109	0.18337	0.02737	0.02789	0.01970	0.01143	0.01005	0.00294	0.01128	0.00893	0.00917	0.17948
1	0.09803	0.17886	0.03112	0.01739	0.02489	0.02520	0.01470	0.07816	0.02660	0.03911	0.09743	0.03526	0.03148	0.06268	0.01313	0.00332	0.00957	0.00970	0.00757	0.19580
2	0.03020	0.02133	0.02824	0.02772	0.09814	0.02208	0.01931	0.07603	0.08016	0.13819	0.08592	0.07200	0.03428	0.01583	0.01506	0.00350	0.09467	0.01255	0.00944	0.11534
3	0.02854	0.03596	0.21999	0.02765	0.03917	0.02384	0.07788	0.04321	0.14084	0.11369	0.03009	0.03088	0.02167	0.01179	0.01092	0.00337	0.01285	0.01012	0.00807	0.10948
4	0.02715	0.02370	0.03064	0.09569	0.03633	0.09840	0.10284	0.03212	0.02525	0.08610	0.06186	0.04098	0.02877	0.10663	0.05227	0.00532	0.01437	0.01189	0.05067	0.06901
5	0.16434	0.11795	0.13638	0.02447	0.03439	0.02854	0.06236	0.07172	0.10873	0.10698	0.02672	0.02754	0.01958	0.01176	0.00989	0.00342	0.01204	0.00920	0.00804	0.01597
6	0.23973	0.03045	0.15480	0.02067	0.03070	0.02232	0.02074	0.06528	0.02533	0.07705	0.05716	0.02740	0.02192	0.01140	0.00924	0.00311	0.01072	0.00843	0.00748	0.15605
7	0.02533	0.02393	0.03937	0.26043	0.31557	0.02618	0.03185	0.03448	0.06619	0.03457	0.02283	0.02989	0.01816	0.01095	0.01121	0.00354	0.01362	0.01025	0.00586	0.01578
8	0.01612	0.01189	0.01723	0.01723	0.01894	0.01360	0.01299	0.01954	0.01783	0.02549	0.03094	0.04859	0.03003	0.16160	0.48525	0.01702	0.02729	0.01270	0.00615	0.00957
9	0.02309	0.02188	0.03707	0.43631	0.20428	0.02549	0.03217	0.03036	0.02337	0.03098	0.02033	0.02941	0.01579	0.01091	0.01122	0.00364	0.01455	0.01001	0.00516	0.01398
10	0.02283	0.02207	0.03249	0.16804	0.04075	0.02982	0.02516	0.02675	0.01867	0.02741	0.01780	0.02815	0.01630	0.02465	0.08778	0.00607	0.37797	0.01013	0.00507	0.01211
11	0.03027	0.02804	0.05606	0.04075	0.05120	0.02664	0.37187	0.04138	0.07938	0.11233	0.02844	0.03278	0.02052	0.01076	0.01280	0.00375	0.01651	0.01293	0.00753	0.01605
12	0.01930	0.01211	0.01741	0.01679	0.01710	0.01365	0.01197	0.01724	0.01570	0.02176	0.02234	0.03889	0.02263	0.10575	0.12450	0.41512	0.08476	0.01086	0.00528	0.00683
13	0.01618	0.01167	0.01614	0.01614	0.01747	0.01301	0.01163	0.01885	0.01751	0.02468	0.03193	0.05411	0.03243	0.25911	0.39101	0.01568	0.02369	0.01351	0.00630	0.00896
14	0.02657	0.03036	0.06641	0.04744	0.05882	0.02846	0.49336	0.03605	0.02657	0.03605	0.02277	0.03036	0.01708	0.00949	0.01328	0.00380	0.01898	0.01328	0.00569	0.01518
15	0.03176	0.02401	0.02635	0.02245	0.02860	0.02635	0.01763	0.27677	0.13417	0.05447	0.04049	0.18948	0.03759	0.01994	0.01217	0.00380	0.01007	0.01676	0.01107	0.01608
16	0.11719	0.02767	0.09396	0.02969	0.04013	0.02262	0.18387	0.03973	0.02642	0.17767	0.02716	0.02930	0.01907	0.01080	0.01095	0.00334	0.01331	0.01035	0.00817	0.10860
17	0.03450	0.04034	0.11259	0.02856	0.03728	0.18882	0.05753	0.14533	0.15780	0.04387	0.02756	0.02856	0.02073	0.01266	0.01103	0.00341	0.01500	0.00987	0.00826	0.01630
18	0.02368	0.02288	0.03519	0.15069	0.19069	0.02747	0.02721	0.02849	0.02177	0.03073	0.02867	0.03588	0.07226	0.01602	0.02131	0.00408	0.23205	0.01146	0.00574	0.01371
19	0.02106	0.01264	0.01669	0.01503	0.01858	0.01150	0.01150	0.02623	0.03191	0.11888	0.45648	0.07728	0.09457	0.02166	0.01298	0.00353	0.00594	0.01901	0.01262	0.01189
20	0.02743	0.03824	0.20094	0.02653	0.03629	0.07479	0.02615	0.05036	0.30622	0.04150	0.03467	0.03393	0.02583	0.01340	0.01108	0.00365	0.01252	0.01076	0.00870	0.01699
21	0.01535	0.01131	0.01436	0.01397	0.01655	0.01032	0.01033	0.01999	0.02996	0.04148	0.42507	0.14192	0.15750	0.02503	0.01339	0.00368	0.00549	0.02204	0.01193	0.01032
22	0.08537	0.28335	0.23891	0.02389	0.03588	0.03275	0.02693	0.03672	0.02392	0.08864	0.02055	0.02249	0.01565	0.01058	0.00898	0.00306	0.01325	0.00749	0.00598	0.01561
23	0.01520	0.01148	0.01403	0.01339	0.01637	0.01031	0.01005	0.01983	0.03014	0.04105	0.41331	0.09080	0.22374	0.02454	0.01328	0.00361	0.00542	0.02130	0.01185	0.01031
24	0.01562	0.01112	0.01492	0.01613	0.01725	0.01146	0.01153	0.01808	0.01982	0.02688	0.04602	0.24815	0.05168	0.19367	0.17812	0.01005	0.01475	0.07750	0.00828	0.00896
25	0.05050	0.01915	0.02612	0.02003	0.02873	0.01654	0.01654	0.05485	0.03221	0.54203	0.04440	0.03831	0.02786	0.01393	0.01132	0.00348	0.00958	0.01132	0.01393	0.01915
26	0.02688	0.02574	0.04391	0.14453	0.46645	0.02648	0.03405	0.03368	0.02516	0.03558	0.02100	0.02818	0.01741	0.01021	0.01116	0.00340	0.01361	0.01002	0.00549	0.01704
27	0.43115	0.02906	0.02515	0.02797	0.12203	0.13182	0.01835	0.03572	0.02292	0.04331	0.01706	0.02051	0.01372	0.01060	0.00840	0.00334	0.01190	0.00707	0.00647	0.01343
28	0.01483	0.01081	0.01402	0.01506	0.01690	0.01000	0.01088	0.01838	0.02618	0.03553	0.24565	0.32393	0.12661	0.02966	0.01393	0.00415	0.00625	0.05621	0.01119	0.00983
29	0.02939	0.02528	0.03371	0.10717	0.18187	0.02693	0.02449	0.13007	0.15634	0.04509	0.02838	0.03104	0.02184	0.01200	0.01090	0.00331	0.01158	0.01031	0.00827	0.10204
30	0.03047	0.02653	0.09905	0.12024	0.17266	0.02147	0.02614	0.03720	0.02595	0.15357	0.02605	0.02913	0.01903	0.01085	0.01054	0.00310	0.01207	0.00938	0.00757	0.15901
31	0.02558	0.25564	0.30232	0.02708	0.03901	0.03393	0.03125	0.03383	0.02259	0.03120	0.01784	0.02179	0.01439	0.01147	0.01282	0.00332	0.08820	0.00768	0.00480	0.01528
32	0.03694	0.02382	0.04272	0.09512	0.08967	0.02253	0.18559	0.04364	0.02860	0.26462	0.03213	0.03370	0.02180	0.01174	0.01198	0.00361	0.01378	0.01174	0.00934	0.01692
33	0.01907	0.01384	0.01717	0.01590	0.01908	0.01354	0.01199	0.08181	0.03305	0.04603	0.39436	0.15285	0.09024	0.02360	0.01318	0.00367	0.00640	0.02076	0.01196	0.01150
34	0.12337	0.02583	0.07062	0.02635	0.08392	0.02475	0.01987	0.11268	0.15296	0.10771	0.03225	0.03686	0.02538	0.08927	0.01659	0.00450	0.01091	0.01101	0.00928	0.01588
35	0.01576	0.01115	0.01394	0.01375	0.01623	0.01027	0.01012	0.02030	0.02891	0.04080	0.36974	0.15912	0.14106	0.02455	0.01296	0.00364	0.00553	0.02158	0.07031	0.01027
36	0.02979	0.36898	0.11540	0.02398	0.03415	0.03667	0.06407	0.03915	0.09296	0.06350	0.02290	0.02451	0.01829	0.01081	0.00906	0.00294	0.01265	0.00823	0.00639	0.01556
37	0.01500	0.01103	0.01242	0.01259	0.01428	0.01021	0.00828	0.01685	0.02204	0.02845	0.12833	0.14248	0.21711	0.27517	0.03225	0.00689	0.00797	0.02103	0.00915	0.00846
38	0.15696	0.04036	0.16293	0.03226	0.08296	0.16149	0.08649	0.03913	0.02621	0.07987	0.02111	0.02430	0.01577	0.01094	0.01027	0.00338	0.01547	0.00867	0.00642	0.01501
39	0.02455	0.19654	0.38440	0.02771	0.04208	0.03003	0.03387	0.03463	0.02350	0.03338	0.01902	0.02228	0.01448	0.01025	0.00964	0.00313	0.01487	0.00761	0.00491	0.06313
40	0.03451	0.09804	0.03361	0.20785	0.04550	0.02661	0.02235	0.13753	0.03170	0.16938	0.02824	0.03068	0.01998	0.01233	0.01054	0.00336	0.01206	0.00988	0.05009	0.01577
41	0.09356	0.02081	0.02998	0.22414	0.09872	0.02572	0.02426	0.02901	0.02118	0.03345	0.02069	0.02879	0.01700	0.01367	0.01747	0.00384	0.17189	0.00962	0.10350	0.01270
42	0.01818	0.16343	0.02503	0.01639	0.01959	0.01836	0.01272	0.02099	0.02322	0.03028	0.11041	0.38315	0.06324	0.02714	0.01240	0.00389	0.00778	0.02387	0.00926	0.01069

[dist]
# distance from previous block
# <min> <max>
0	2

[block]
# block no. 5 follows, 11 sequences, length 8
# corresponding to MSA columns:
# 451-458
name=unknown_F
#
# <colnr> <probs for GDERKNQSTAVLIFYWHMCP>
#	G	D	E	R	K	N	Q	S	T	A	V	L	I	F	Y	W	H	M	C	P
0	0.02446	0.02246	0.03255	0.17565	0.16331	0.02604	0.02554	0.03726	0.15755	0.03552	0.03059	0.08478	0.02651	0.01542	0.01501	0.00390	0.08833	0.01278	0.00741	0.01492
1	0.01558	0.01113	0.01437	0.01422	0.01621	0.01039	0.01016	0.01969	0.02824	0.03953	0.38846	0.17500	0.09306	0.09142	0.01848	0.00456	0.00617	0.02199	0.01141	0.00992
2	0.02009	0.01723	0.02213	0.01929	0.02421	0.01750	0.05636	0.03361	0.18339	0.04128	0.22591	0.07179	0.18014	0.02067	0.01270	0.00372	0.00780	0.01812	0.01100	0.01305
3	0.01660	0.01378	0.01481	0.01414	0.01816	0.01316	0.01072	0.02534	0.11698	0.03680	0.19480	0.09064	0.34303	0.02483	0.01296	0.00375	0.00620	0.02096	0.01107	0.01128
4	0.02400	0.11466	0.03318	0.13187	0.14773	0.06140	0.02160	0.03027	0.05596	0.03083	0.04016	0.04714	0.11452	0.08174	0.01615	0.00422	0.01196	0.01262	0.00679	0.01319
5	0.09544	0.27904	0.04197	0.02142	0.02964	0.03526	0.01916	0.14134	0.03030	0.12003	0.02268	0.02390	0.01745	0.01218	0.01147	0.00313	0.06368	0.00814	0.00792	0.01585
6	0.02792	0.01643	0.02046	0.01787	0.02333	0.01533	0.01375	0.03648	0.10689	0.17759	0.14447	0.17088	0.05386	0.02002	0.01202	0.00355	0.00775	0.01739	0.01146	0.10256
7	0.03154	0.34173	0.16316	0.02382	0.03488	0.03797	0.02485	0.14925	0.03054	0.03961	0.01951	0.02158	0.01557	0.01084	0.00901	0.00291	0.01317	0.00756	0.00640	0.01611

[dist]
# distance from previous block
# <min> <max>
0	7

[block]
# block no. 6 follows, 11 sequences, length 37
# corresponding to MSA columns:
# 481-496,499-519
name=unknown_G
#
# <colnr> <probs for GDERKNQSTAVLIFYWHMCP>
#	G	D	E	R	K	N	Q	S	T	A	V	L	I	F	Y	W	H	M	C	P
0	0.51022	0.02091	0.01792	0.01664	0.02295	0.02398	0.01371	0.03527	0.08454	0.04783	0.02542	0.03577	0.02205	0.01381	0.00869	0.00375	0.00895	0.06690	0.00800	0.01268
1	0.02815	0.03484	0.08911	0.03519	0.09490	0.18187	0.12960	0.03429	0.02553	0.03096	0.02267	0.03007	0.01902	0.02999	0.15551	0.00721	0.02143	0.01030	0.00570	0.01365
2	0.02498	0.19151	0.23240	0.03157	0.04377	0.03031	0.16684	0.03367	0.02451	0.03293	0.02741	0.03111	0.05716	0.01151	0.01076	0.00335	0.01523	0.01044	0.00551	0.01505
3	0.02431	0.15351	0.27056	0.02426	0.03724	0.02591	0.02748	0.03275	0.02344	0.03420	0.01924	0.02250	0.01513	0.00967	0.00920	0.00268	0.01287	0.00730	0.00542	0.24233
4	0.01608	0.01206	0.01809	0.01809	0.02010	0.01407	0.01407	0.02010	0.01809	0.02613	0.03015	0.04422	0.02814	0.08441	0.55984	0.01809	0.03015	0.01206	0.00603	0.01005
5	0.02365	0.07175	0.08050	0.06814	0.13615	0.08187	0.02167	0.02944	0.02688	0.03559	0.14115	0.04969	0.10407	0.01578	0.01115	0.00331	0.01111	0.01327	0.06152	0.01330
6	0.01371	0.00979	0.01306	0.01567	0.01632	0.00914	0.01045	0.01567	0.02155	0.02873	0.06203	0.59710	0.07444	0.03526	0.01437	0.00457	0.00653	0.03200	0.01045	0.00914
7	0.02931	0.41005	0.18432	0.02360	0.03469	0.09122	0.02538	0.03534	0.02401	0.02900	0.01702	0.01978	0.01440	0.01011	0.00843	0.00276	0.01407	0.00675	0.00490	0.01488
8	0.01512	0.01113	0.01415	0.01412	0.01650	0.01016	0.01031	0.01940	0.02888	0.03975	0.37595	0.19544	0.15470	0.02631	0.01351	0.00379	0.00562	0.02325	0.01173	0.01016
9	0.02791	0.20337	0.15577	0.09468	0.10799	0.03001	0.06555	0.03509	0.02446	0.07215	0.02106	0.02499	0.01636	0.01032	0.00987	0.00307	0.01363	0.00857	0.00586	0.06928
10	0.01371	0.00979	0.01306	0.01567	0.01632	0.00914	0.01045	0.01567	0.02155	0.02873	0.06203	0.59710	0.07444	0.03526	0.01437	0.00457	0.00653	0.03200	0.01045	0.00914
11	0.02149	0.01449	0.01963	0.01814	0.01991	0.01653	0.01355	0.02391	0.01898	0.08384	0.03115	0.05054	0.03037	0.24507	0.24029	0.01184	0.10982	0.01310	0.00703	0.01034
12	0.48419	0.08021	0.02282	0.01636	0.02396	0.02533	0.01382	0.03776	0.02230	0.15231	0.02176	0.02251	0.01574	0.01110	0.00791	0.00338	0.00922	0.00719	0.00823	0.01389
13	0.03130	0.02519	0.07634	0.04038	0.21479	0.02144	0.07821	0.03793	0.02667	0.15479	0.02861	0.03172	0.02114	0.01119	0.01074	0.00321	0.01192	0.01035	0.09377	0.07031
14	0.01571	0.01150	0.01474	0.01393	0.01668	0.01053	0.01045	0.02082	0.03134	0.04391	0.49383	0.08609	0.14143	0.02347	0.01328	0.00356	0.00534	0.02064	0.01223	0.01053
15	0.02410	0.09508	0.02234	0.01601	0.02055	0.06117	0.01273	0.02832	0.02812	0.09462	0.21286	0.09805	0.11950	0.01952	0.01136	0.00332	0.00806	0.01629	0.09595	0.01204
16	0.02971	0.01980	0.02540	0.09179	0.03391	0.01671	0.01650	0.03489	0.02540	0.15934	0.02598	0.02789	0.01919	0.01009	0.00945	0.00239	0.00952	0.00825	0.00823	0.42558
17	0.02890	0.11741	0.30207	0.02631	0.03871	0.02672	0.02995	0.08925	0.02891	0.10641	0.07444	0.03135	0.02584	0.01254	0.01065	0.00338	0.01348	0.00983	0.00748	0.01637
18	0.11504	0.03798	0.21616	0.03280	0.04487	0.02711	0.17406	0.09813	0.02860	0.08451	0.02333	0.02675	0.01665	0.01093	0.01114	0.00359	0.01518	0.01007	0.00696	0.01614
19	0.20701	0.02480	0.02464	0.01993	0.02714	0.02754	0.01630	0.28178	0.03825	0.05983	0.02596	0.02768	0.01923	0.01263	0.00946	0.00326	0.01001	0.00914	0.13983	0.01560
20	0.02833	0.02163	0.03301	0.25089	0.16256	0.02353	0.02623	0.08604	0.02920	0.10449	0.09160	0.03742	0.02988	0.01314	0.01150	0.00355	0.01234	0.01157	0.00799	0.01510
21	0.07098	0.01205	0.01477	0.01440	0.01606	0.01250	0.01003	0.01955	0.02081	0.03088	0.16052	0.06154	0.05076	0.23563	0.13950	0.08550	0.01293	0.01497	0.00792	0.00867
22	0.03066	0.04942	0.27404	0.03307	0.04512	0.16765	0.10779	0.09092	0.02969	0.03762	0.02066	0.02430	0.01534	0.01106	0.01104	0.00341	0.01749	0.00905	0.00593	0.01574
23	0.01571	0.01133	0.01485	0.01431	0.01677	0.01047	0.01060	0.02068	0.03083	0.04349	0.48163	0.13543	0.10302	0.02424	0.01338	0.00364	0.00543	0.02152	0.01220	0.01047
24	0.02135	0.01551	0.01851	0.01836	0.02121	0.01591	0.01332	0.14211	0.02979	0.03982	0.05283	0.44725	0.05991	0.02954	0.01355	0.00426	0.00807	0.02625	0.01066	0.01177
25	0.21159	0.02393	0.02786	0.02786	0.12015	0.02403	0.01876	0.12559	0.02918	0.08846	0.02241	0.02473	0.01705	0.01071	0.00930	0.00296	0.01026	0.00819	0.00805	0.18893
26	0.03383	0.02493	0.02715	0.02310	0.03028	0.02781	0.01834	0.14341	0.36117	0.11726	0.04200	0.03862	0.03056	0.01475	0.01140	0.00369	0.00967	0.01204	0.01174	0.01825
27	0.02786	0.02674	0.04568	0.06908	0.53424	0.02674	0.03454	0.03454	0.02563	0.03677	0.02117	0.02786	0.01783	0.01003	0.01114	0.00334	0.01337	0.01003	0.00557	0.01783
28	0.01465	0.01122	0.01342	0.01338	0.01615	0.00999	0.00984	0.01857	0.02808	0.03735	0.30863	0.16837	0.25597	0.02682	0.01345	0.00379	0.00563	0.02331	0.01140	0.00999
29	0.02257	0.05822	0.54613	0.03208	0.04871	0.02614	0.04158	0.03564	0.02376	0.03564	0.02020	0.02376	0.01426	0.01069	0.01069	0.00356	0.01663	0.00832	0.00475	0.01663
30	0.01400	0.01143	0.01237	0.01213	0.01563	0.00980	0.00910	0.01750	0.02730	0.03432	0.22405	0.10188	0.41720	0.02705	0.01330	0.00373	0.00560	0.02285	0.01097	0.00980
31	0.02276	0.01986	0.03024	0.23271	0.16521	0.02202	0.02461	0.03270	0.09002	0.03716	0.11658	0.04180	0.03581	0.01376	0.01134	0.00353	0.01125	0.01227	0.06239	0.01399
32	0.01655	0.01182	0.01632	0.01892	0.02081	0.01159	0.01538	0.02058	0.02435	0.03191	0.06047	0.29551	0.06824	0.03259	0.01512	0.00496	0.00899	0.30558	0.01039	0.00993
33	0.02830	0.02084	0.03337	0.15512	0.23701	0.02129	0.02611	0.03443	0.02701	0.12884	0.09347	0.04569	0.03433	0.01442	0.01184	0.00363	0.01173	0.04889	0.00826	0.01541
34	0.02786	0.02674	0.04568	0.06908	0.53424	0.02674	0.03454	0.03454	0.02563	0.03677	0.02117	0.02786	0.01783	0.01003	0.01114	0.00334	0.01337	0.01003	0.00557	0.01783
35	0.04369	0.02027	0.02971	0.09918	0.10207	0.01900	0.02085	0.04876	0.03008	0.40818	0.03814	0.03584	0.02486	0.01306	0.01129	0.00350	0.01079	0.01098	0.01166	0.01811
36	0.03194	0.19222	0.07947	0.02314	0.03102	0.03251	0.02107	0.14390	0.09575	0.08223	0.06666	0.03149	0.02673	0.01394	0.01321	0.00338	0.07677	0.01007	0.00852	0.01596

[dist]
# distance from previous block
# <min> <max>
0	1

[block]
# block no. 7 follows, 11 sequences, length 13
# corresponding to MSA columns:
# 521-533
name=unknown_H
#
# <colnr> <probs for GDERKNQSTAVLIFYWHMCP>
#	G	D	E	R	K	N	Q	S	T	A	V	L	I	F	Y	W	H	M	C	P
0	0.10194	0.02215	0.02852	0.02195	0.03026	0.04973	0.07196	0.04059	0.02827	0.24104	0.08354	0.03594	0.03014	0.01268	0.01061	0.00310	0.01052	0.01075	0.01005	0.15623
1	0.15936	0.01997	0.07108	0.02035	0.02592	0.01687	0.06935	0.02449	0.02308	0.03570	0.05368	0.20980	0.13783	0.02292	0.01222	0.00406	0.00961	0.06370	0.00861	0.01139
2	0.02830	0.02904	0.05400	0.03991	0.04922	0.02967	0.32979	0.08751	0.09772	0.04045	0.02572	0.03110	0.01953	0.01174	0.01512	0.00386	0.07206	0.01253	0.00703	0.01570
3	0.01955	0.00978	0.01466	0.01466	0.01466	0.00978	0.00978	0.01466	0.01466	0.01955	0.01955	0.03421	0.01955	0.03910	0.04399	0.67253	0.00978	0.00978	0.00489	0.00489
4	0.17585	0.10772	0.02890	0.08261	0.03254	0.07589	0.01681	0.03185	0.02306	0.03656	0.01815	0.02191	0.01493	0.00965	0.00838	0.00255	0.01089	0.00689	0.00619	0.28867
5	0.09812	0.23489	0.04330	0.02457	0.03251	0.03595	0.06484	0.14099	0.08121	0.04218	0.02202	0.02459	0.01769	0.01233	0.01253	0.00331	0.07740	0.00881	0.00730	0.01547
6	0.01367	0.00998	0.01287	0.01518	0.01620	0.00918	0.01023	0.01573	0.02202	0.02893	0.06804	0.54063	0.12704	0.03448	0.01424	0.00448	0.00643	0.03104	0.01045	0.00918
7	0.11976	0.04858	0.41148	0.02825	0.04260	0.02492	0.03455	0.03747	0.02407	0.09558	0.02232	0.02465	0.01552	0.01103	0.01023	0.00354	0.01470	0.00834	0.00612	0.01629
8	0.03344	0.02656	0.09497	0.15526	0.17956	0.02295	0.05781	0.04042	0.02704	0.20629	0.02879	0.03155	0.02017	0.01165	0.01131	0.00353	0.01316	0.01047	0.00820	0.01684
9	0.09416	0.02786	0.10351	0.20875	0.09495	0.02606	0.02638	0.13669	0.02966	0.04369	0.02307	0.02832	0.01729	0.01168	0.01037	0.00345	0.01281	0.00945	0.07698	0.01486
10	0.03378	0.12414	0.03633	0.02338	0.03261	0.08929	0.06291	0.10620	0.03030	0.11083	0.02376	0.02546	0.01805	0.01062	0.00971	0.00266	0.01218	0.00845	0.00789	0.23147
11	0.09334	0.02349	0.03604	0.11789	0.20563	0.02441	0.06969	0.08703	0.02800	0.09119	0.02832	0.09343	0.02444	0.01387	0.01135	0.00362	0.01240	0.01260	0.00770	0.01556
12	0.23180	0.01915	0.02381	0.10151	0.08453	0.02018	0.01786	0.03463	0.02602	0.15072	0.13944	0.04022	0.03791	0.01412	0.01039	0.00352	0.00951	0.01143	0.00927	0.01398

[dist]
# distance from previous block
# <min> <max>
19	51

[block]
# block no. 8 follows, 11 sequences, length 17
# corresponding to MSA columns:
# 592-608
name=unknown_I
#
# <colnr> <probs for GDERKNQSTAVLIFYWHMCP>
#	G	D	E	R	K	N	Q	S	T	A	V	L	I	F	Y	W	H	M	C	P
0	0.02863	0.02436	0.03944	0.16641	0.23863	0.02570	0.07629	0.04014	0.11501	0.08928	0.02800	0.03226	0.02119	0.01161	0.01146	0.00358	0.01310	0.01099	0.00740	0.01651
1	0.03077	0.02478	0.04218	0.04434	0.22868	0.02284	0.13103	0.03731	0.02657	0.12899	0.02554	0.02940	0.01925	0.01027	0.01108	0.00312	0.01291	0.01031	0.00735	0.15327
2	0.02332	0.02085	0.03231	0.04473	0.29505	0.02083	0.02466	0.03132	0.06709	0.03826	0.12906	0.05743	0.08546	0.01681	0.01224	0.00366	0.01051	0.06317	0.00827	0.01494
3	0.03142	0.54928	0.05597	0.02034	0.02954	0.10172	0.01953	0.03495	0.02387	0.02660	0.01584	0.01830	0.01445	0.00985	0.00755	0.00246	0.01295	0.00616	0.00492	0.01429
4	0.01955	0.00978	0.01466	0.01466	0.01466	0.00978	0.00978	0.01466	0.01466	0.01955	0.01955	0.03421	0.01955	0.03910	0.04399	0.67253	0.00978	0.00978	0.00489	0.00489
5	0.03324	0.46752	0.05273	0.02090	0.03038	0.04215	0.01979	0.14847	0.03032	0.03750	0.01847	0.02028	0.01561	0.01059	0.00822	0.00265	0.01212	0.00704	0.00641	0.01561
6	0.03291	0.02405	0.03935	0.11317	0.35405	0.02394	0.02957	0.03909	0.02696	0.16512	0.02698	0.03077	0.02008	0.01116	0.01120	0.00342	0.01258	0.01036	0.00765	0.01757
7	0.01518	0.01074	0.01375	0.01435	0.01573	0.01012	0.00980	0.01817	0.02490	0.03432	0.25474	0.27515	0.08126	0.14326	0.02244	0.00539	0.00688	0.02394	0.01055	0.00931
8	0.02890	0.10759	0.39237	0.02836	0.04269	0.02613	0.03430	0.03926	0.02535	0.13541	0.02454	0.02607	0.01698	0.01123	0.01046	0.00343	0.01476	0.00868	0.00658	0.01691
9	0.03747	0.02820	0.07793	0.07989	0.09334	0.02735	0.02457	0.19168	0.03505	0.18199	0.02845	0.02987	0.02005	0.01347	0.01406	0.00362	0.07583	0.01024	0.00951	0.01742
10	0.02775	0.09747	0.42106	0.02905	0.04382	0.02609	0.03566	0.03862	0.02507	0.11754	0.02377	0.02567	0.01649	0.01113	0.01051	0.00346	0.01510	0.00862	0.00626	0.01686
11	0.01427	0.01043	0.01343	0.01482	0.01634	0.00958	0.01030	0.01723	0.02477	0.03336	0.19400	0.40708	0.13034	0.03123	0.01396	0.00421	0.00611	0.02798	0.01098	0.00958
12	0.03406	0.13764	0.04517	0.04221	0.21255	0.10696	0.07779	0.08616	0.02965	0.08924	0.02280	0.02624	0.01782	0.01089	0.01055	0.00318	0.01426	0.00940	0.00693	0.01650
13	0.02755	0.03792	0.26236	0.03626	0.12546	0.02302	0.08312	0.03646	0.02554	0.11890	0.02930	0.09129	0.02412	0.01371	0.01157	0.00365	0.01405	0.01229	0.00715	0.01626
14	0.01992	0.04151	0.35915	0.02683	0.03805	0.02056	0.03143	0.02941	0.02344	0.03373	0.03466	0.17660	0.03442	0.01890	0.01211	0.00398	0.01348	0.06094	0.00675	0.01413
15	0.02095	0.04936	0.44864	0.02908	0.04279	0.02303	0.03589	0.03199	0.02336	0.03438	0.02785	0.12862	0.02526	0.01519	0.01136	0.00375	0.01479	0.01265	0.00579	0.01526
16	0.03074	0.02723	0.04666	0.05764	0.36788	0.02702	0.11084	0.07913	0.02882	0.07818	0.02375	0.02900	0.01858	0.01055	0.01153	0.00343	0.01396	0.01070	0.00675	0.01760

[dist]
# distance from previous block
# <min> <max>
0	1

[block]
# block no. 9 follows, 11 sequences, length 56
# corresponding to MSA columns:
# 610-665
name=unknown_J
#
# <colnr> <probs for GDERKNQSTAVLIFYWHMCP>
#	G	D	E	R	K	N	Q	S	T	A	V	L	I	F	Y	W	H	M	C	P
