[name]
unknown

[dist]
# distance from previous block
# <min> <max>
0	248

[block]
# block no. 0 follows, 12 sequences, length 8
# corresponding to MSA columns:
# 259-266
name=unknown_A
#
# <colnr> <probs for GDERKNQSTAVLIFYWHMCP>
#	G	D	E	R	K	N	Q	S	T	A	V	L	I	F	Y	W	H	M	C	P
0	0.01593	0.01147	0.01527	0.01519	0.01774	0.01081	0.01197	0.02104	0.02953	0.04116	0.43107	0.09103	0.09362	0.02410	0.01337	0.00380	0.00627	0.12485	0.01155	0.01023
1	0.59108	0.02068	0.01750	0.01515	0.02216	0.02312	0.01248	0.03541	0.02057	0.12977	0.01962	0.02080	0.01423	0.01066	0.00742	0.00337	0.00857	0.00671	0.00782	0.01288
2	0.03012	0.02499	0.03059	0.16171	0.04162	0.02959	0.02250	0.20554	0.17106	0.04683	0.02797	0.03056	0.02107	0.01382	0.01426	0.00368	0.08922	0.01044	0.00868	0.01576
3	0.01983	0.01502	0.01733	0.01734	0.02063	0.01603	0.01316	0.03304	0.20079	0.03833	0.11278	0.21191	0.05553	0.02256	0.01209	0.00386	0.00724	0.07109	0.09914	0.01229
4	0.02122	0.01757	0.01983	0.01856	0.02274	0.01974	0.01415	0.03853	0.28303	0.03598	0.04830	0.05259	0.10007	0.08944	0.16029	0.00789	0.01370	0.01390	0.00920	0.01327
5	0.02574	0.02941	0.06434	0.04596	0.05699	0.02757	0.50919	0.03493	0.02574	0.03493	0.02206	0.02941	0.01654	0.00919	0.01287	0.00368	0.01838	0.01287	0.00551	0.01471
6	0.02436	0.01919	0.02551	0.20925	0.04080	0.05820	0.02105	0.02913	0.02404	0.09937	0.06662	0.12633	0.03687	0.01900	0.01487	0.00397	0.07929	0.08204	0.00799	0.01211
7	0.01392	0.01016	0.01325	0.01548	0.01677	0.00949	0.01110	0.01642	0.02201	0.02879	0.06556	0.47365	0.12536	0.03276	0.01398	0.00444	0.00682	0.10088	0.01011	0.00909

[dist]
# distance from previous block
# <min> <max>
1	3

[block]
# block no. 1 follows, 12 sequences, length 20
# corresponding to MSA columns:
# 270-289
name=unknown_B
#
# <colnr> <probs for GDERKNQSTAVLIFYWHMCP>
#	G	D	E	R	K	N	Q	S	T	A	V	L	I	F	Y	W	H	M	C	P
0	0.02370	0.01804	0.02137	0.01587	0.02445	0.01394	0.01265	0.02836	0.02420	0.08269	0.06920	0.03461	0.06301	0.01112	0.00907	0.00207	0.00777	0.00913	0.00780	0.52094
1	0.03357	0.10273	0.03255	0.02517	0.02974	0.28198	0.02012	0.03667	0.02637	0.07082	0.06560	0.02746	0.02317	0.01417	0.01640	0.00335	0.16176	0.00899	0.00651	0.01288
2	0.03099	0.02207	0.02424	0.01924	0.02730	0.06131	0.01565	0.08362	0.02840	0.14963	0.02996	0.03896	0.02464	0.01289	0.01004	0.00270	0.00992	0.06904	0.00883	0.33057
3	0.15181	0.02206	0.03141	0.20870	0.04611	0.02384	0.07596	0.09902	0.02787	0.17049	0.02575	0.02871	0.01792	0.01151	0.01039	0.00348	0.01222	0.00970	0.00823	0.01481
4	0.02712	0.02342	0.02465	0.02219	0.02835	0.02712	0.01726	0.05794	0.52909	0.04561	0.04438	0.04068	0.03328	0.01479	0.01109	0.00370	0.00863	0.01233	0.01109	0.01726
5	0.01560	0.01157	0.01695	0.01695	0.01870	0.01332	0.01291	0.01910	0.01735	0.02489	0.02973	0.04575	0.02852	0.13647	0.52064	0.01681	0.02730	0.01211	0.00592	0.00942
6	0.01368	0.01047	0.01255	0.01331	0.01554	0.00934	0.00950	0.01671	0.02483	0.03242	0.19982	0.29369	0.25122	0.02880	0.01328	0.00391	0.00574	0.02526	0.01060	0.00934
7	0.69383	0.02109	0.01603	0.01434	0.02109	0.02446	0.01181	0.03205	0.01856	0.04892	0.01518	0.01771	0.01181	0.01012	0.00675	0.00337	0.00843	0.00590	0.00675	0.01181
8	0.03272	0.02631	0.03365	0.14040	0.13327	0.02838	0.02397	0.27875	0.03763	0.05119	0.02309	0.02648	0.01727	0.01150	0.01057	0.00315	0.01222	0.00940	0.00825	0.09180
9	0.69383	0.02109	0.01603	0.01434	0.02109	0.02446	0.01181	0.03205	0.01856	0.04892	0.01518	0.01771	0.01181	0.01012	0.00675	0.00337	0.00843	0.00590	0.00675	0.01181
10	0.02699	0.02591	0.04426	0.06693	0.54879	0.02591	0.03346	0.03346	0.02483	0.03562	0.02051	0.02699	0.01727	0.00972	0.01079	0.00324	0.01295	0.00972	0.00540	0.01727
11	0.01420	0.01070	0.01313	0.01336	0.01574	0.00963	0.00970	0.01787	0.02671	0.03583	0.30338	0.22070	0.21579	0.02673	0.01313	0.00375	0.00554	0.02345	0.01102	0.00963
12	0.14622	0.02723	0.09246	0.12742	0.04286	0.02499	0.09652	0.12386	0.02926	0.14780	0.02512	0.02760	0.01755	0.01137	0.01044	0.00346	0.01273	0.00962	0.00810	0.01538
13	0.02187	0.05640	0.56031	0.03108	0.04719	0.02532	0.04029	0.03453	0.02302	0.03453	0.01957	0.02302	0.01381	0.01036	0.01036	0.00345	0.01611	0.00806	0.00460	0.01611
14	0.01416	0.01042	0.01337	0.01479	0.01651	0.00963	0.01071	0.01722	0.02406	0.03197	0.16923	0.36689	0.14943	0.03021	0.01367	0.00417	0.00637	0.07735	0.01051	0.00934
15	0.07016	0.01813	0.02602	0.27774	0.04711	0.02040	0.02214	0.06814	0.02561	0.10474	0.03325	0.10871	0.03017	0.01691	0.01160	0.00385	0.01160	0.08291	0.00801	0.01280
16	0.02673	0.03062	0.17783	0.20491	0.05078	0.02328	0.08247	0.07109	0.02618	0.11086	0.02682	0.07273	0.02109	0.01289	0.01121	0.00358	0.01381	0.01142	0.00699	0.01469
17	0.03607	0.01556	0.02114	0.01806	0.02391	0.01377	0.01442	0.04000	0.02868	0.35943	0.09862	0.15927	0.04636	0.01973	0.01206	0.00372	0.00835	0.05329	0.01241	0.01515
18	0.01767	0.01165	0.01490	0.07195	0.02110	0.01168	0.01142	0.02302	0.02713	0.04101	0.31163	0.06178	0.06757	0.01776	0.01083	0.00314	0.00609	0.01534	0.24387	0.01043
19	0.26813	0.08459	0.06447	0.06414	0.03067	0.02310	0.01771	0.04029	0.02451	0.24432	0.02683	0.02665	0.01840	0.01145	0.00903	0.00329	0.01014	0.00835	0.00889	0.01503

[dist]
# distance from previous block
# <min> <max>
0	89

[block]
# block no. 2 follows, 12 sequences, length 26
# corresponding to MSA columns:
# 379-404
name=unknown_C
#
# <colnr> <probs for GDERKNQSTAVLIFYWHMCP>
#	G	D	E	R	K	N	Q	S	T	A	V	L	I	F	Y	W	H	M	C	P
0	0.02780	0.01889	0.02841	0.13617	0.03815	0.01883	0.07454	0.03620	0.08904	0.16250	0.03678	0.14677	0.03181	0.01613	0.01145	0.00351	0.01058	0.01457	0.00908	0.08878
1	0.23133	0.10025	0.02536	0.01765	0.02399	0.02525	0.01442	0.11458	0.08319	0.08528	0.07235	0.03515	0.02826	0.08254	0.01449	0.00409	0.00950	0.01007	0.00865	0.01363
2	0.03039	0.01445	0.01937	0.01625	0.02144	0.01285	0.01285	0.03512	0.03102	0.27262	0.31977	0.06165	0.06899	0.01836	0.01201	0.00340	0.00699	0.01581	0.01267	0.01398
3	0.02873	0.37181	0.14970	0.02260	0.03246	0.09601	0.02303	0.03744	0.08780	0.03006	0.01994	0.02178	0.01642	0.01044	0.00850	0.00278	0.01304	0.00723	0.00558	0.01468
4	0.02368	0.02002	0.02166	0.02034	0.02539	0.02250	0.01575	0.04701	0.39274	0.04131	0.05242	0.11770	0.08042	0.01919	0.01186	0.00388	0.00822	0.04997	0.01083	0.01511
5	0.01523	0.01099	0.01440	0.01385	0.01625	0.01015	0.01027	0.02007	0.02993	0.04224	0.49793	0.13079	0.10001	0.02340	0.01296	0.00352	0.00525	0.02077	0.01183	0.01015
6	0.01381	0.01108	0.01232	0.01201	0.01529	0.00960	0.00901	0.01743	0.02702	0.03461	0.26662	0.09645	0.38498	0.02569	0.01288	0.00359	0.00539	0.02182	0.01080	0.00960
7	0.01586	0.01057	0.01189	0.01189	0.01189	0.01057	0.00661	0.01586	0.01586	0.02114	0.03436	0.07135	0.03964	0.61681	0.05550	0.01057	0.01057	0.01586	0.00661	0.00661
8	0.02915	0.62337	0.05714	0.01866	0.02799	0.04314	0.01866	0.03265	0.02215	0.02565	0.01516	0.01749	0.01399	0.00933	0.00700	0.00233	0.01166	0.00583	0.00466	0.01399
9	0.10222	0.49014	0.04899	0.01857	0.02727	0.03930	0.01775	0.03540	0.07821	0.03044	0.01842	0.02010	0.01590	0.01002	0.00743	0.00260	0.01097	0.00656	0.00561	0.01412
10	0.02187	0.05640	0.56031	0.03108	0.04719	0.02532	0.04029	0.03453	0.02302	0.03453	0.01957	0.02302	0.01381	0.01036	0.01036	0.00345	0.01611	0.00806	0.00460	0.01611
11	0.01328	0.00949	0.01265	0.01518	0.01581	0.00886	0.01012	0.01518	0.02088	0.02783	0.06010	0.60969	0.07212	0.03416	0.01392	0.00443	0.00633	0.03100	0.01012	0.00886
12	0.03690	0.02828	0.03016	0.02417	0.03208	0.03169	0.01962	0.36825	0.20285	0.06139	0.03195	0.03078	0.02322	0.01363	0.01097	0.00341	0.01093	0.01061	0.01097	0.01814
13	0.02261	0.01938	0.02261	0.01615	0.02584	0.01453	0.01292	0.02745	0.02261	0.03553	0.01938	0.02261	0.01615	0.00807	0.00807	0.00161	0.00807	0.00646	0.00646	0.68346
14	0.30411	0.02185	0.02884	0.20825	0.18017	0.02478	0.02341	0.03112	0.02126	0.03877	0.01793	0.02375	0.01413	0.01026	0.00913	0.00342	0.01156	0.00811	0.00579	0.01338
15	0.02574	0.02941	0.06434	0.04596	0.05699	0.02757	0.50919	0.03493	0.02574	0.03493	0.02206	0.02941	0.01654	0.00919	0.01287	0.00368	0.01838	0.01287	0.00551	0.01471
16	0.10298	0.02079	0.01867	0.01834	0.02188	0.12552	0.01343	0.02869	0.02422	0.11139	0.04356	0.33415	0.04649	0.02358	0.01181	0.00382	0.00971	0.02018	0.00934	0.01145
17	0.01999	0.01843	0.03061	0.52391	0.06830	0.02261	0.02797	0.02702	0.02285	0.02969	0.07992	0.03512	0.02475	0.01222	0.01113	0.00361	0.01345	0.01085	0.00567	0.01190
18	0.04073	0.05197	0.03090	0.02809	0.03371	0.57303	0.02107	0.04354	0.03090	0.02669	0.01685	0.01966	0.01404	0.01124	0.00983	0.00281	0.01966	0.00702	0.00562	0.01264
19	0.01319	0.00984	0.01229	0.01424	0.01557	0.00894	0.00970	0.01529	0.02178	0.02820	0.07153	0.49513	0.17930	0.03267	0.01368	0.00426	0.00614	0.02918	0.01012	0.00894
20	0.02715	0.10309	0.40684	0.02820	0.04217	0.02708	0.03392	0.08873	0.02679	0.08457	0.02200	0.02412	0.01554	0.01085	0.01016	0.00332	0.01463	0.00831	0.00611	0.01640
21	0.02338	0.02276	0.04023	0.34842	0.23728	0.02518	0.08472	0.03059	0.02329	0.03134	0.02007	0.02839	0.01571	0.01030	0.01108	0.00350	0.01442	0.01005	0.00511	0.01419
22	0.03416	0.01928	0.02986	0.07190	0.12984	0.01839	0.05183	0.03919	0.02684	0.27723	0.04016	0.04085	0.07026	0.02118	0.07388	0.00499	0.01285	0.01193	0.00963	0.01575
23	0.01446	0.00979	0.01245	0.01421	0.01514	0.00927	0.00953	0.01678	0.02138	0.02982	0.09134	0.45690	0.06653	0.08533	0.01703	0.00472	0.00650	0.02644	0.08351	0.00890
24	0.43872	0.14589	0.02728	0.01743	0.02483	0.07055	0.01487	0.08601	0.02382	0.04474	0.01652	0.01875	0.01316	0.01037	0.00749	0.00311	0.01032	0.00640	0.00670	0.01305
25	0.25312	0.23144	0.07297	0.02177	0.03060	0.03217	0.07193	0.07245	0.05701	0.03982	0.01901	0.02145	0.01515	0.01030	0.00836	0.00307	0.01143	0.00752	0.00637	0.01405

[dist]
# distance from previous block
# <min> <max>
0	8

[block]
# block no. 3 follows, 12 sequences, length 53
# corresponding to MSA columns:
# 413-421,449-492
name=unknown_D
#
# <colnr> <probs for GDERKNQSTAVLIFYWHMCP>
#	G	D	E	R	K	N	Q	S	T	A	V	L	I	F	Y	W	H	M	C	P
0	0.03154	0.06834	0.04020	0.08747	0.22440	0.02592	0.07792	0.10323	0.02902	0.11865	0.02436	0.02783	0.01831	0.01066	0.01058	0.00315	0.01250	0.00972	0.00741	0.06879
1	0.01646	0.01229	0.01545	0.01481	0.01755	0.01196	0.01103	0.02402	0.08403	0.04207	0.43225	0.13869	0.09170	0.02286	0.01279	0.00358	0.00566	0.02023	0.01168	0.01088
2	0.02152	0.02072	0.03624	0.50440	0.11063	0.02463	0.07032	0.02888	0.02237	0.02905	0.01969	0.02894	0.01492	0.01067	0.01106	0.00361	0.01473	0.00996	0.00494	0.01273
3	0.01473	0.01076	0.01384	0.01381	0.01605	0.00987	0.01008	0.01894	0.02810	0.03892	0.39716	0.20208	0.13420	0.02542	0.01310	0.00368	0.00544	0.02254	0.01142	0.00987
4	0.02033	0.01016	0.01016	0.01016	0.01270	0.01016	0.00762	0.02541	0.02287	0.04065	0.03557	0.04065	0.02795	0.01270	0.00762	0.00254	0.00508	0.01016	0.67734	0.01016
5	0.02915	0.62337	0.05714	0.01866	0.02799	0.04314	0.01866	0.03265	0.02215	0.02565	0.01516	0.01749	0.01399	0.00933	0.00700	0.00233	0.01166	0.00583	0.00466	0.01399
6	0.02059	0.01938	0.03270	0.59060	0.07510	0.02422	0.03028	0.02786	0.02180	0.02786	0.01938	0.02907	0.01453	0.01090	0.01090	0.00363	0.01453	0.00969	0.00484	0.01211
7	0.02712	0.02342	0.02465	0.02219	0.02835	0.02712	0.01726	0.05794	0.52909	0.04561	0.04438	0.04068	0.03328	0.01479	0.01109	0.00370	0.00863	0.01233	0.01109	0.01726
8	0.04376	0.01757	0.02403	0.01951	0.02697	0.01545	0.01628	0.04811	0.03020	0.47012	0.04544	0.05125	0.03288	0.01623	0.01164	0.00364	0.00940	0.08743	0.01293	0.01715
9	0.01328	0.00949	0.01265	0.01518	0.01581	0.00886	0.01012	0.01518	0.02088	0.02783	0.06010	0.60969	0.07212	0.03416	0.01392	0.00443	0.00633	0.03100	0.01012	0.00886
10	0.01289	0.01105	0.01105	0.01105	0.01473	0.00920	0.00828	0.01565	0.02485	0.02946	0.11046	0.10493	0.54437	0.02761	0.01289	0.00368	0.00552	0.02301	0.01013	0.00920
11	0.01328	0.00949	0.01265	0.01518	0.01581	0.00886	0.01012	0.01518	0.02088	0.02783	0.06010	0.60969	0.07212	0.03416	0.01392	0.00443	0.00633	0.03100	0.01012	0.00886
12	0.02915	0.62337	0.05714	0.01866	0.02799	0.04314	0.01866	0.03265	0.02215	0.02565	0.01516	0.01749	0.01399	0.00933	0.00700	0.00233	0.01166	0.00583	0.00466	0.01399
13	0.01289	0.01105	0.01105	0.01105	0.01473	0.00920	0.00828	0.01565	0.02485	0.02946	0.11046	0.10493	0.54437	0.02761	0.01289	0.00368	0.00552	0.02301	0.01013	0.00920
14	0.01586	0.01057	0.01189	0.01189	0.01189	0.01057	0.00661	0.01586	0.01586	0.02114	0.03436	0.07135	0.03964	0.61681	0.05550	0.01057	0.01057	0.01586	0.00661	0.00661
15	0.03987	0.03004	0.03398	0.02965	0.08998	0.03295	0.02211	0.46020	0.04838	0.06511	0.02556	0.02627	0.01840	0.01272	0.01090	0.00327	0.01210	0.00981	0.01031	0.01840
16	0.02574	0.02941	0.06434	0.04596	0.05699	0.02757	0.50919	0.03493	0.02574	0.03493	0.02206	0.02941	0.01654	0.00919	0.01287	0.00368	0.01838	0.01287	0.00551	0.01471
17	0.02059	0.01938	0.03270	0.59060	0.07510	0.02422	0.03028	0.02786	0.02180	0.02786	0.01938	0.02907	0.01453	0.01090	0.01090	0.00363	0.01453	0.00969	0.00484	0.01211
18	0.04892	0.01856	0.02530	0.01940	0.02783	0.01603	0.01603	0.05314	0.03121	0.55634	0.04302	0.03711	0.02699	0.01350	0.01096	0.00337	0.00928	0.01096	0.01350	0.01856
19	0.02842	0.02210	0.04095	0.18956	0.05062	0.02218	0.20888	0.03495	0.02478	0.14850	0.02735	0.03562	0.02084	0.07690	0.01654	0.00435	0.01440	0.01187	0.00724	0.01396
20	0.02712	0.02342	0.02465	0.02219	0.02835	0.02712	0.01726	0.05794	0.52909	0.04561	0.04438	0.04068	0.03328	0.01479	0.01109	0.00370	0.00863	0.01233	0.01109	0.01726
21	0.03391	0.01972	0.03067	0.27906	0.10571	0.02076	0.02428	0.03973	0.02632	0.26410	0.03003	0.03242	0.02038	0.01193	0.01092	0.00347	0.01202	0.01026	0.00876	0.01555
22	0.02187	0.05640	0.56031	0.03108	0.04719	0.02532	0.04029	0.03453	0.02302	0.03453	0.01957	0.02302	0.01381	0.01036	0.01036	0.00345	0.01611	0.00806	0.00460	0.01611
23	0.69383	0.02109	0.01603	0.01434	0.02109	0.02446	0.01181	0.03205	0.01856	0.04892	0.01518	0.01771	0.01181	0.01012	0.00675	0.00337	0.00843	0.00590	0.00675	0.01181
24	0.02872	0.02737	0.05532	0.04751	0.16269	0.02586	0.34606	0.03673	0.02617	0.09598	0.02416	0.02977	0.01793	0.00981	0.01219	0.00354	0.01611	0.01195	0.00642	0.01572
25	0.01378	0.00985	0.01323	0.01575	0.01661	0.00929	0.01099	0.01605	0.02137	0.02839	0.05982	0.55285	0.07102	0.03369	0.01405	0.00450	0.00676	0.08290	0.01011	0.00899
26	0.02574	0.02941	0.06434	0.04596	0.05699	0.02757	0.50919	0.03493	0.02574	0.03493	0.02206	0.02941	0.01654	0.00919	0.01287	0.00368	0.01838	0.01287	0.00551	0.01471
27	0.01543	0.01115	0.01457	0.01372	0.01629	0.01029	0.01029	0.02058	0.03086	0.04372	0.54304	0.08145	0.10288	0.02229	0.01286	0.00343	0.00514	0.01972	0.01200	0.01029
28	0.02406	0.05334	0.51705	0.03013	0.04563	0.02457	0.03832	0.03603	0.02368	0.07672	0.02146	0.02416	0.01488	0.01061	0.01041	0.00345	0.01556	0.00829	0.00532	0.01631
29	0.01456	0.01068	0.01423	0.01618	0.01779	0.01035	0.01216	0.01757	0.02204	0.02895	0.06201	0.36665	0.12002	0.03757	0.07512	0.00592	0.00966	0.13960	0.00963	0.00929
30	0.12424	0.01885	0.02422	0.01881	0.02705	0.01701	0.01553	0.05068	0.02973	0.49708	0.03977	0.03485	0.02522	0.01310	0.01047	0.00337	0.00918	0.01037	0.01271	0.01777
31	0.02826	0.02823	0.06008	0.04306	0.05381	0.02631	0.45541	0.03691	0.02633	0.09179	0.02434	0.03025	0.01768	0.00966	0.01266	0.00364	0.01739	0.01266	0.00639	0.01513
32	0.02478	0.01785	0.02052	0.01926	0.02351	0.01905	0.01448	0.10380	0.19382	0.08231	0.04865	0.29176	0.04795	0.02307	0.01231	0.00394	0.00814	0.02017	0.01083	0.01381
33	0.02187	0.05640	0.56031	0.03108	0.04719	0.02532	0.04029	0.03453	0.02302	0.03453	0.01957	0.02302	0.01381	0.01036	0.01036	0.00345	0.01611	0.00806	0.00460	0.01611
34	0.01558	0.01168	0.01752	0.01752	0.01947	0.01363	0.01363	0.01947	0.01752	0.02531	0.02921	0.04283	0.02726	0.08178	0.57360	0.01752	0.02921	0.01168	0.00584	0.00974
35	0.02540	0.03175	0.10728	0.04467	0.05614	0.02738	0.46859	0.03489	0.02550	0.03489	0.02184	0.02886	0.01631	0.00929	0.01265	0.00366	0.01819	0.01245	0.00544	0.01483
36	0.01399	0.00999	0.01346	0.01599	0.01693	0.00946	0.01134	0.01640	0.02157	0.02862	0.05971	0.52988	0.07058	0.03350	0.01410	0.00453	0.00694	0.10388	0.01011	0.00905
37	0.02261	0.01938	0.02261	0.01615	0.02584	0.01453	0.01292	0.02745	0.02261	0.03553	0.01938	0.02261	0.01615	0.00807	0.00807	0.00161	0.00807	0.00646	0.00646	0.68346
38	0.02059	0.01938	0.03270	0.59060	0.07510	0.02422	0.03028	0.02786	0.02180	0.02786	0.01938	0.02907	0.01453	0.01090	0.01090	0.00363	0.01453	0.00969	0.00484	0.01211
39	0.01324	0.00967	0.01246	0.01470	0.01569	0.00890	0.00991	0.01524	0.02134	0.02802	0.06598	0.55074	0.12727	0.03340	0.01380	0.00434	0.00623	0.03006	0.01012	0.00890
40	0.03059	0.02515	0.02661	0.02289	0.02967	0.02874	0.01810	0.16795	0.41343	0.05120	0.03997	0.03717	0.02972	0.01438	0.01105	0.00360	0.00944	0.01172	0.01105	0.01757
41	0.02338	0.02223	0.03775	0.36185	0.28201	0.02496	0.03167	0.03031	0.02312	0.03125	0.01987	0.02816	0.01573	0.01038	0.01085	0.00346	0.01384	0.00970	0.00509	0.01437
42	0.01707	0.01219	0.01700	0.01951	0.02180	0.01212	0.01670	0.02173	0.02461	0.03207	0.05801	0.17983	0.06384	0.03059	0.01493	0.00495	0.00961	0.42350	0.01005	0.00990
43	0.01894	0.00947	0.01420	0.01420	0.01420	0.00947	0.00947	0.01420	0.01420	0.01894	0.01894	0.03314	0.01894	0.03788	0.04261	0.68277	0.00947	0.00947	0.00473	0.00473
44	0.03155	0.02562	0.02715	0.02309	0.03004	0.02919	0.01833	0.19854	0.38128	0.05276	0.03875	0.03619	0.02872	0.01427	0.01104	0.00357	0.00967	0.01155	0.01104	0.01766
45	0.02385	0.02385	0.03340	0.02863	0.02863	0.03340	0.02385	0.02624	0.01670	0.02624	0.01431	0.02385	0.01431	0.01908	0.03578	0.00477	0.59685	0.00954	0.00477	0.01193
46	0.01328	0.00949	0.01265	0.01518	0.01581	0.00886	0.01012	0.01518	0.02088	0.02783	0.06010	0.60969	0.07212	0.03416	0.01392	0.00443	0.00633	0.03100	0.01012	0.00886
47	0.02407	0.22794	0.40807	0.02732	0.04138	0.03071	0.03374	0.03396	0.02276	0.03184	0.01823	0.02135	0.01387	0.01005	0.00934	0.00311	0.01477	0.00738	0.00462	0.01547
48	0.02059	0.01938	0.03270	0.59060	0.07510	0.02422	0.03028	0.02786	0.02180	0.02786	0.01938	0.02907	0.01453	0.01090	0.01090	0.00363	0.01453	0.00969	0.00484	0.01211
49	0.02357	0.02489	0.05010	0.03689	0.04566	0.02372	0.35881	0.03363	0.06792	0.03774	0.13902	0.04183	0.03699	0.01254	0.01272	0.00362	0.01466	0.01434	0.00740	0.01394
50	0.18484	0.02498	0.02641	0.02090	0.02866	0.02700	0.01717	0.29257	0.03915	0.14269	0.06653	0.03039	0.02497	0.01321	0.01015	0.00332	0.01023	0.00991	0.01050	0.01642
51	0.69383	0.02109	0.01603	0.01434	0.02109	0.02446	0.01181	0.03205	0.01856	0.04892	0.01518	0.01771	0.01181	0.01012	0.00675	0.00337	0.00843	0.00590	0.00675	0.01181
52	0.34436	0.02486	0.02418	0.01949	0.02727	0.02754	0.01608	0.23990	0.03393	0.11273	0.02292	0.02345	0.01635	0.01176	0.00899	0.00333	0.01005	0.00813	0.00926	0.01543

[dist]
# distance from previous block
# <min> <max>
0	5

[block]
# block no. 4 follows, 12 sequences, length 6
# corresponding to MSA columns:
# 498-503
name=unknown_E
#
# <colnr> <probs for GDERKNQSTAVLIFYWHMCP>
#	G	D	E	R	K	N	Q	S	T	A	V	L	I	F	Y	W	H	M	C	P
0	0.69383	0.02109	0.01603	0.01434	0.02109	0.02446	0.01181	0.03205	0.01856	0.04892	0.01518	0.01771	0.01181	0.01012	0.00675	0.00337	0.00843	0.00590	0.00675	0.01181
1	0.03049	0.03119	0.05198	0.04428	0.13561	0.10935	0.30465	0.03775	0.02690	0.08441	0.02303	0.02825	0.01730	0.01001	0.01186	0.00344	0.01676	0.01125	0.00628	0.01521
2	0.01580	0.01139	0.01509	0.01482	0.01738	0.01068	0.01155	0.02092	0.02987	0.04181	0.45916	0.08863	0.09594	0.02364	0.01324	0.00370	0.00599	0.09848	0.01166	0.01025
3	0.02699	0.02591	0.04426	0.06693	0.54879	0.02591	0.03346	0.03346	0.02483	0.03562	0.02051	0.02699	0.01727	0.00972	0.01079	0.00324	0.01295	0.00972	0.00540	0.01727
4	0.69383	0.02109	0.01603	0.01434	0.02109	0.02446	0.01181	0.03205	0.01856	0.04892	0.01518	0.01771	0.01181	0.01012	0.00675	0.00337	0.00843	0.00590	0.00675	0.01181
5	0.02259	0.01500	0.01959	0.02035	0.02411	0.01533	0.01735	0.03176	0.10866	0.09238	0.05392	0.10001	0.05397	0.02577	0.01396	0.00462	0.00972	0.34815	0.01059	0.01216

[dist]
# distance from previous block
# <min> <max>
0	10

[block]
# block no. 5 follows, 12 sequences, length 34
# corresponding to MSA columns:
# 514-547
name=unknown_F
#
# <colnr> <probs for GDERKNQSTAVLIFYWHMCP>
#	G	D	E	R	K	N	Q	S	T	A	V	L	I	F	Y	W	H	M	C	P
0	0.69383	0.02109	0.01603	0.01434	0.02109	0.02446	0.01181	0.03205	0.01856	0.04892	0.01518	0.01771	0.01181	0.01012	0.00675	0.00337	0.00843	0.00590	0.00675	0.01181
1	0.02187	0.05640	0.56031	0.03108	0.04719	0.02532	0.04029	0.03453	0.02302	0.03453	0.01957	0.02302	0.01381	0.01036	0.01036	0.00345	0.01611	0.00806	0.00460	0.01611
2	0.02699	0.02591	0.04426	0.06693	0.54879	0.02591	0.03346	0.03346	0.02483	0.03562	0.02051	0.02699	0.01727	0.00972	0.01079	0.00324	0.01295	0.00972	0.00540	0.01727
3	0.02574	0.02941	0.06434	0.04596	0.05699	0.02757	0.50919	0.03493	0.02574	0.03493	0.02206	0.02941	0.01654	0.00919	0.01287	0.00368	0.01838	0.01287	0.00551	0.01471
4	0.01292	0.01091	0.01118	0.01140	0.01482	0.00918	0.00844	0.01561	0.02451	0.02932	0.10617	0.14794	0.50413	0.02817	0.01297	0.00375	0.00559	0.02369	0.01012	0.00918
5	0.02280	0.12903	0.49586	0.02949	0.04473	0.02761	0.03751	0.03429	0.02291	0.03339	0.01900	0.02231	0.01384	0.01023	0.00993	0.00331	0.01554	0.00777	0.00461	0.01584
6	0.01521	0.01203	0.01380	0.01319	0.01652	0.01109	0.00994	0.02126	0.06596	0.03765	0.31680	0.08859	0.28998	0.02404	0.01274	0.00356	0.00557	0.02059	0.01112	0.01034
7	0.02915	0.62337	0.05714	0.01866	0.02799	0.04314	0.01866	0.03265	0.02215	0.02565	0.01516	0.01749	0.01399	0.00933	0.00700	0.00233	0.01166	0.00583	0.00466	0.01399
8	0.02526	0.02414	0.04114	0.20831	0.42090	0.02545	0.03260	0.03195	0.02401	0.03353	0.02020	0.02755	0.01653	0.01004	0.01082	0.00335	0.01338	0.00971	0.00525	0.01588
9	0.02059	0.01938	0.03270	0.59060	0.07510	0.02422	0.03028	0.02786	0.02180	0.02786	0.01938	0.02907	0.01453	0.01090	0.01090	0.00363	0.01453	0.00969	0.00484	0.01211
10	0.01328	0.00949	0.01265	0.01518	0.01581	0.00886	0.01012	0.01518	0.02088	0.02783	0.06010	0.60969	0.07212	0.03416	0.01392	0.00443	0.00633	0.03100	0.01012	0.00886
11	0.01328	0.00949	0.01265	0.01518	0.01581	0.00886	0.01012	0.01518	0.02088	0.02783	0.06010	0.60969	0.07212	0.03416	0.01392	0.00443	0.00633	0.03100	0.01012	0.00886
12	0.02220	0.02102	0.03560	0.45918	0.19398	0.02465	0.03108	0.02927	0.02256	0.02981	0.01966	0.02855	0.01522	0.01060	0.01087	0.00353	0.01414	0.00970	0.00498	0.01341
13	0.16917	0.28064	0.16933	0.02163	0.03201	0.03361	0.02281	0.09445	0.02534	0.03827	0.01766	0.02001	0.01407	0.01023	0.00827	0.00295	0.01212	0.00691	0.00589	0.01464
14	0.02172	0.02053	0.03475	0.49803	0.15883	0.02452	0.03084	0.02885	0.02234	0.02923	0.01958	0.02870	0.01502	0.01069	0.01088	0.00356	0.01426	0.00969	0.00494	0.01302
15	0.02382	0.01526	0.02126	0.02476	0.11042	0.01413	0.01638	0.02788	0.02571	0.14039	0.06352	0.14601	0.18483	0.02299	0.01272	0.00392	0.00863	0.11471	0.01000	0.01266
16	0.04138	0.02316	0.03052	0.02331	0.03159	0.02290	0.06125	0.21205	0.03782	0.29330	0.07723	0.03627	0.02944	0.01371	0.01127	0.00337	0.01071	0.01146	0.01174	0.01751
17	0.02080	0.01774	0.03089	0.14422	0.03957	0.01779	0.14084	0.02602	0.02338	0.06362	0.04476	0.15019	0.09984	0.07247	0.01650	0.00451	0.01188	0.05566	0.00774	0.01159
18	0.01328	0.00949	0.01265	0.01518	0.01581	0.00886	0.01012	0.01518	0.02088	0.02783	0.06010	0.60969	0.07212	0.03416	0.01392	0.00443	0.00633	0.03100	0.01012	0.00886
19	0.02446	0.02414	0.03474	0.36360	0.18560	0.07182	0.02918	0.03316	0.06655	0.03120	0.02157	0.02874	0.01677	0.01097	0.01080	0.00347	0.01408	0.00969	0.00558	0.01388
20	0.11438	0.02152	0.03160	0.27630	0.15123	0.02385	0.02545	0.06731	0.02563	0.12514	0.02357	0.02837	0.01713	0.01116	0.01036	0.00345	0.01237	0.00944	0.00709	0.01464
21	0.02556	0.15746	0.15267	0.11638	0.27406	0.02921	0.03135	0.03279	0.02350	0.03230	0.01904	0.02443	0.01551	0.00992	0.00992	0.00314	0.01354	0.00855	0.00501	0.01568
22	0.01313	0.01008	0.01204	0.01360	0.01540	0.00899	0.00942	0.01536	0.02239	0.02845	0.07932	0.41703	0.25237	0.03166	0.01352	0.00414	0.00602	0.02795	0.01012	0.00899
23	0.02299	0.15070	0.41549	0.08996	0.04690	0.02829	0.03544	0.03348	0.02274	0.03226	0.01878	0.02272	0.01392	0.01024	0.00983	0.00328	0.01517	0.00785	0.00464	0.01531
24	0.03329	0.03692	0.21264	0.03362	0.12688	0.02722	0.02895	0.20670	0.03446	0.11574	0.02518	0.02669	0.01783	0.01163	0.01071	0.00334	0.01320	0.00935	0.00816	0.01750
25	0.01561	0.01127	0.01483	0.01426	0.01683	0.01048	0.01091	0.02075	0.03037	0.04278	0.50154	0.08500	0.09945	0.02296	0.01305	0.00357	0.00556	0.05869	0.01183	0.01027
26	0.02427	0.02290	0.03905	0.36936	0.16327	0.02579	0.09146	0.07065	0.02539	0.03374	0.02052	0.02846	0.01567	0.01063	0.01113	0.00353	0.01450	0.01011	0.00555	0.01401
27	0.02694	0.02419	0.02974	0.02523	0.03202	0.02718	0.08027	0.05499	0.46461	0.04424	0.04152	0.03924	0.03114	0.01408	0.01132	0.00370	0.00988	0.01240	0.01038	0.01693
28	0.02532	0.02283	0.03035	0.02587	0.02715	0.03047	0.02143	0.07917	0.02126	0.03272	0.01833	0.02626	0.01652	0.01761	0.02946	0.00432	0.45725	0.00965	0.09160	0.01242
29	0.02059	0.01938	0.03270	0.59060	0.07510	0.02422	0.03028	0.02786	0.02180	0.02786	0.01938	0.02907	0.01453	0.01090	0.01090	0.00363	0.01453	0.00969	0.00484	0.01211
30	0.02598	0.09559	0.19054	0.22254	0.04969	0.02432	0.02868	0.03378	0.02394	0.11103	0.02602	0.03562	0.02047	0.01268	0.01069	0.00352	0.01349	0.05056	0.00654	0.01432
31	0.03101	0.02649	0.04562	0.03422	0.04298	0.06460	0.28221	0.03954	0.06360	0.15033	0.03135	0.08302	0.02486	0.01294	0.01218	0.00361	0.01467	0.01358	0.00811	0.01507
32	0.01612	0.01252	0.01918	0.08004	0.02554	0.01479	0.01545	0.02039	0.01799	0.02559	0.02813	0.04133	0.02587	0.07404	0.51222	0.01601	0.02761	0.01146	0.00573	0.00999
33	0.02059	0.01938	0.03270	0.59060	0.07510	0.02422	0.03028	0.02786	0.02180	0.02786	0.01938	0.02907	0.01453	0.01090	0.01090	0.00363	0.01453	0.00969	0.00484	0.01211

[dist]
# distance from previous block
# <min> <max>
0	4

[block]
# block no. 6 follows, 12 sequences, length 31
# corresponding to MSA columns:
# 552-577,587-591
name=unknown_G
#
# <colnr> <probs for GDERKNQSTAVLIFYWHMCP>
#	G	D	E	R	K	N	Q	S	T	A	V	L	I	F	Y	W	H	M	C	P
0	0.02451	0.27962	0.12768	0.09089	0.03959	0.03093	0.10350	0.03105	0.02408	0.03139	0.09243	0.03075	0.02707	0.01149	0.00978	0.00304	0.01288	0.00976	0.00586	0.01370
1	0.02603	0.02375	0.03814	0.27835	0.29328	0.02613	0.03067	0.08682	0.02665	0.03626	0.02070	0.02775	0.01629	0.01060	0.01085	0.00341	0.01350	0.00972	0.00581	0.01529
2	0.02344	0.02400	0.03245	0.51091	0.06923	0.10197	0.02898	0.03008	0.02309	0.02769	0.01902	0.02774	0.01447	0.01095	0.01075	0.00352	0.01526	0.00931	0.00495	0.01219
3	0.13338	0.02349	0.03019	0.03114	0.15005	0.02376	0.02062	0.15491	0.03270	0.24666	0.02980	0.02939	0.02056	0.01204	0.01031	0.00332	0.01067	0.00968	0.01003	0.01730
4	0.03876	0.02851	0.15953	0.02255	0.03236	0.01949	0.02212	0.08852	0.03025	0.34010	0.03683	0.07538	0.02626	0.01421	0.01103	0.00346	0.01103	0.01163	0.01077	0.01722
5	0.02990	0.02538	0.11194	0.02124	0.02952	0.01992	0.01930	0.04347	0.17980	0.17833	0.03818	0.10037	0.03044	0.01501	0.01084	0.00336	0.00970	0.01259	0.00990	0.11082
6	0.02396	0.01810	0.02296	0.11103	0.03266	0.01556	0.01550	0.02883	0.02379	0.09394	0.03503	0.03703	0.09197	0.01194	0.00956	0.00245	0.00892	0.00986	0.00753	0.39936
7	0.01885	0.01214	0.01426	0.01313	0.01711	0.01054	0.01006	0.02262	0.02778	0.10891	0.24684	0.08740	0.32213	0.02382	0.01261	0.00355	0.00593	0.02019	0.01124	0.01089
8	0.02261	0.01938	0.02261	0.01615	0.02584	0.01453	0.01292	0.02745	0.02261	0.03553	0.01938	0.02261	0.01615	0.00807	0.00807	0.00161	0.00807	0.00646	0.00646	0.68346
9	0.01642	0.01268	0.01519	0.01464	0.01768	0.01233	0.01092	0.02443	0.09929	0.03978	0.34455	0.14097	0.16263	0.02349	0.01274	0.00363	0.00584	0.02053	0.01134	0.01093
10	0.01460	0.01111	0.01343	0.01285	0.01578	0.00994	0.00964	0.01897	0.02891	0.03909	0.40241	0.08908	0.24641	0.02402	0.01287	0.00351	0.00527	0.02079	0.01139	0.00994
11	0.15186	0.02277	0.02614	0.02038	0.02863	0.02305	0.01683	0.19542	0.03551	0.31877	0.03313	0.03047	0.02183	0.01282	0.01026	0.00334	0.01000	0.00977	0.01157	0.01745
12	0.01319	0.00986	0.01227	0.01420	0.01556	0.00894	0.00968	0.01529	0.02182	0.02822	0.07209	0.48951	0.18455	0.03260	0.01367	0.00425	0.00613	0.02910	0.01012	0.00894
13	0.02653	0.01326	0.01715	0.01488	0.01925	0.01203	0.01162	0.03138	0.02966	0.20082	0.30645	0.06115	0.06731	0.01802	0.01142	0.00327	0.00640	0.01547	0.12111	0.01281
14	0.69383	0.02109	0.01603	0.01434	0.02109	0.02446	0.01181	0.03205	0.01856	0.04892	0.01518	0.01771	0.01181	0.01012	0.00675	0.00337	0.00843	0.00590	0.00675	0.01181
15	0.01558	0.01168	0.01752	0.01752	0.01947	0.01363	0.01363	0.01947	0.01752	0.02531	0.02921	0.04283	0.02726	0.08178	0.57360	0.01752	0.02921	0.01168	0.00584	0.00974
16	0.02712	0.02342	0.02465	0.02219	0.02835	0.02712	0.01726	0.05794	0.52909	0.04561	0.04438	0.04068	0.03328	0.01479	0.01109	0.00370	0.00863	0.01233	0.01109	0.01726
17	0.04073	0.05197	0.03090	0.02809	0.03371	0.57303	0.02107	0.04354	0.03090	0.02669	0.01685	0.01966	0.01404	0.01124	0.00983	0.00281	0.01966	0.00702	0.00562	0.01264
18	0.04892	0.01856	0.02530	0.01940	0.02783	0.01603	0.01603	0.05314	0.03121	0.55634	0.04302	0.03711	0.02699	0.01350	0.01096	0.00337	0.00928	0.01096	0.01350	0.01856
19	0.69383	0.02109	0.01603	0.01434	0.02109	0.02446	0.01181	0.03205	0.01856	0.04892	0.01518	0.01771	0.01181	0.01012	0.00675	0.00337	0.00843	0.00590	0.00675	0.01181
20	0.02699	0.02591	0.04426	0.06693	0.54879	0.02591	0.03346	0.03346	0.02483	0.03562	0.02051	0.02699	0.01727	0.00972	0.01079	0.00324	0.01295	0.00972	0.00540	0.01727
21	0.04145	0.03054	0.03272	0.02509	0.03381	0.03381	0.02072	0.51243	0.05127	0.06872	0.02618	0.02618	0.01854	0.01309	0.01091	0.00327	0.01200	0.00982	0.01091	0.01854
22	0.03046	0.02393	0.02529	0.02163	0.02811	0.02708	0.01714	0.18505	0.33264	0.05169	0.03811	0.03650	0.02842	0.01406	0.01064	0.00344	0.00919	0.01135	0.08848	0.01680
23	0.01346	0.00963	0.01281	0.01506	0.01585	0.00898	0.01014	0.01563	0.02171	0.02916	0.10046	0.56554	0.07469	0.03317	0.01383	0.00434	0.00623	0.03005	0.01028	0.00898
24	0.01439	0.01028	0.01392	0.01645	0.01756	0.00981	0.01204	0.01709	0.02197	0.02907	0.05949	0.48417	0.06970	0.03312	0.01421	0.00458	0.00728	0.14561	0.01010	0.00916
25	0.04073	0.05197	0.03090	0.02809	0.03371	0.57303	0.02107	0.04354	0.03090	0.02669	0.01685	0.01966	0.01404	0.01124	0.00983	0.00281	0.01966	0.00702	0.00562	0.01264
26	0.03602	0.02184	0.02817	0.02846	0.11442	0.02238	0.01944	0.05192	0.24165	0.25306	0.03986	0.03695	0.02805	0.01342	0.01099	0.00349	0.00961	0.01134	0.01113	0.01779
27	0.01325	0.00963	0.01250	0.01480	0.01571	0.00889	0.00995	0.01523	0.02125	0.02799	0.06480	0.56255	0.11622	0.03355	0.01382	0.00436	0.00625	0.03025	0.01012	0.00889
28	0.02518	0.02052	0.02176	0.01978	0.02513	0.02331	0.01531	0.05021	0.41574	0.04475	0.08481	0.04408	0.03834	0.01512	0.01075	0.00351	0.00784	0.01264	0.10555	0.01567
29	0.24480	0.03213	0.06900	0.02753	0.07642	0.13882	0.05074	0.09178	0.02696	0.07649	0.01986	0.02276	0.01517	0.01145	0.01111	0.00335	0.05234	0.00810	0.00697	0.01421
30	0.04547	0.10528	0.03046	0.01979	0.02838	0.02142	0.01681	0.09037	0.03168	0.43856	0.03760	0.03338	0.02441	0.01287	0.01040	0.00322	0.00985	0.01014	0.01202	0.01791

[dist]
# distance from previous block
# <min> <max>
0	1

[block]
# block no. 7 follows, 12 sequences, length 25
# corresponding to MSA columns:
# 599-607,610-625
name=unknown_H
#
# <colnr> <probs for GDERKNQSTAVLIFYWHMCP>
#	G	D	E	R	K	N	Q	S	T	A	V	L	I	F	Y	W	H	M	C	P
0	0.32961	0.11434	0.06421	0.01949	0.02630	0.02770	0.01762	0.03440	0.02096	0.11602	0.01948	0.02205	0.01500	0.01215	0.01293	0.00348	0.11642	0.00746	0.00693	0.01346
1	0.02151	0.01249	0.01652	0.01475	0.01839	0.01133	0.01133	0.02649	0.03093	0.13680	0.45225	0.07340	0.08910	0.02069	0.01252	0.00342	0.00589	0.01813	0.01227	0.01179
2	0.01481	0.01147	0.01671	0.11986	0.02689	0.01205	0.01408	0.01785	0.02076	0.02762	0.05008	0.45618	0.05786	0.03398	0.06084	0.00539	0.00976	0.02549	0.00880	0.00952
3	0.04172	0.01900	0.02446	0.01922	0.02663	0.01764	0.01568	0.11576	0.03414	0.39051	0.13129	0.04353	0.03951	0.01503	0.01130	0.00337	0.00893	0.01238	0.01284	0.01705
4	0.02257	0.05150	0.47026	0.03378	0.04897	0.02573	0.12543	0.03460	0.02351	0.03460	0.02002	0.02418	0.01431	0.01015	0.01081	0.00349	0.01653	0.00893	0.00477	0.01586
5	0.02915	0.62337	0.05714	0.01866	0.02799	0.04314	0.01866	0.03265	0.02215	0.02565	0.01516	0.01749	0.01399	0.00933	0.00700	0.00233	0.01166	0.00583	0.00466	0.01399
6	0.02906	0.03109	0.13940	0.04887	0.27555	0.02468	0.13312	0.03690	0.02564	0.11297	0.02403	0.02829	0.01794	0.01028	0.01118	0.00339	0.01413	0.01027	0.00649	0.01671
7	0.01328	0.00949	0.01265	0.01518	0.01581	0.00886	0.01012	0.01518	0.02088	0.02783	0.06010	0.60969	0.07212	0.03416	0.01392	0.00443	0.00633	0.03100	0.01012	0.00886
8	0.01586	0.01057	0.01189	0.01189	0.01189	0.01057	0.00661	0.01586	0.01586	0.02114	0.03436	0.07135	0.03964	0.61681	0.05550	0.01057	0.01057	0.01586	0.00661	0.00661
9	0.04437	0.01952	0.02677	0.02107	0.02798	0.01918	0.01745	0.04825	0.02857	0.46009	0.03780	0.03470	0.02469	0.01451	0.01547	0.00363	0.11597	0.01071	0.01191	0.01735
10	0.02712	0.02342	0.02465	0.02219	0.02835	0.02712	0.01726	0.05794	0.52909	0.04561	0.04438	0.04068	0.03328	0.01479	0.01109	0.00370	0.00863	0.01233	0.01109	0.01726
11	0.01328	0.00949	0.01265	0.01518	0.01581	0.00886	0.01012	0.01518	0.02088	0.02783	0.06010	0.60969	0.07212	0.03416	0.01392	0.00443	0.00633	0.03100	0.01012	0.00886
12	0.02915	0.62337	0.05714	0.01866	0.02799	0.04314	0.01866	0.03265	0.02215	0.02565	0.01516	0.01749	0.01399	0.00933	0.00700	0.00233	0.01166	0.00583	0.00466	0.01399
13	0.02328	0.01998	0.02291	0.01705	0.02621	0.01641	0.01357	0.03200	0.09818	0.03703	0.02311	0.02531	0.01871	0.00908	0.00853	0.00193	0.00816	0.00734	0.00715	0.58406
14	0.02461	0.02089	0.02248	0.02092	0.02608	0.02380	0.01596	0.05018	0.43681	0.04238	0.04723	0.14400	0.04033	0.01831	0.01161	0.00383	0.00821	0.01572	0.01092	0.01573
15	0.02538	0.02159	0.02315	0.02093	0.02655	0.02461	0.01622	0.05236	0.45475	0.04533	0.11878	0.04676	0.04367	0.01591	0.01136	0.00366	0.00811	0.01343	0.01123	0.01622
16	0.02059	0.01938	0.03270	0.59060	0.07510	0.02422	0.03028	0.02786	0.02180	0.02786	0.01938	0.02907	0.01453	0.01090	0.01090	0.00363	0.01453	0.00969	0.00484	0.01211
17	0.02199	0.02081	0.03523	0.47588	0.17887	0.02459	0.03098	0.02909	0.02247	0.02956	0.01963	0.02861	0.01513	0.01064	0.01088	0.00355	0.01419	0.00970	0.00497	0.01324
18	0.01414	0.01035	0.01297	0.01381	0.01547	0.00952	0.00960	0.01707	0.02430	0.03269	0.22285	0.31652	0.14985	0.07874	0.01695	0.00451	0.00618	0.02484	0.01044	0.00918
19	0.06914	0.03450	0.16499	0.13527	0.04108	0.12169	0.02468	0.05997	0.02585	0.03412	0.03269	0.03563	0.09351	0.01315	0.01035	0.00323	0.01343	0.01025	0.00634	0.07013
20	0.01328	0.00949	0.01265	0.01518	0.01581	0.00886	0.01012	0.01518	0.02088	0.02783	0.06010	0.60969	0.07212	0.03416	0.01392	0.00443	0.00633	0.03100	0.01012	0.00886
21	0.07949	0.02070	0.02671	0.02644	0.12895	0.01775	0.01728	0.03227	0.02383	0.10297	0.02229	0.02494	0.01741	0.00925	0.00888	0.00230	0.00922	0.00763	0.00717	0.41453
22	0.24308	0.03350	0.02950	0.02422	0.03164	0.18111	0.05637	0.19439	0.03339	0.04816	0.01983	0.02198	0.01503	0.01134	0.00947	0.00321	0.01353	0.00806	0.00771	0.01450
23	0.56491	0.02718	0.01896	0.01705	0.02358	0.13275	0.01364	0.03432	0.02099	0.04453	0.01551	0.01810	0.01225	0.01034	0.00736	0.00326	0.01065	0.00612	0.00652	0.01197
24	0.14466	0.02106	0.03240	0.04171	0.26404	0.02143	0.06124	0.02913	0.02321	0.03642	0.03058	0.12536	0.03053	0.01614	0.01126	0.00371	0.01118	0.07513	0.00698	0.01385

[dist]
# distance from previous block
# <min> <max>
0	9

[block]
# block no. 8 follows, 12 sequences, length 62
# corresponding to MSA columns:
# 635-696
name=unknown_I
#
# <colnr> <probs for GDERKNQSTAVLIFYWHMCP>
#	G	D	E	R	K	N	Q	S	T	A	V	L	I	F	Y	W	H	M	C	P
0	0.03334	0.13985	0.18554	0.02500	0.03529	0.09355	0.02503	0.13314	0.07784	0.11096	0.02530	0.02587	0.01841	0.01166	0.00998	0.00316	0.01333	0.00869	0.00778	0.01625
1	0.01853	0.01316	0.01554	0.01435	0.01765	0.01276	0.01090	0.07725	0.03077	0.04320	0.32999	0.10986	0.14319	0.02164	0.01209	0.00341	0.00607	0.01867	0.08998	0.01098
2	0.01496	0.01073	0.01473	0.08249	0.02245	0.01082	0.01221	0.01787	0.02122	0.02933	0.05244	0.47506	0.06019	0.02892	0.01283	0.00412	0.00715	0.02606	0.08704	0.00939
3	0.01544	0.01095	0.01451	0.01600	0.01755	0.01056	0.01206	0.01874	0.02357	0.03168	0.15381	0.27323	0.07093	0.10993	0.01974	0.00525	0.00785	0.16896	0.01000	0.00922
4	0.02722	0.02189	0.02381	0.02100	0.02665	0.02446	0.01635	0.14661	0.30817	0.04831	0.10111	0.10849	0.04283	0.01756	0.01159	0.00366	0.00868	0.01483	0.01105	0.01574
5	0.02915	0.62337	0.05714	0.01866	0.02799	0.04314	0.01866	0.03265	0.02215	0.02565	0.01516	0.01749	0.01399	0.00933	0.00700	0.00233	0.01166	0.00583	0.00466	0.01399
6	0.02712	0.02342	0.02465	0.02219	0.02835	0.02712	0.01726	0.05794	0.52909	0.04561	0.04438	0.04068	0.03328	0.01479	0.01109	0.00370	0.00863	0.01233	0.01109	0.01726
7	0.01543	0.01115	0.01457	0.01372	0.01629	0.01029	0.01029	0.02058	0.03086	0.04372	0.54304	0.08145	0.10288	0.02229	0.01286	0.00343	0.00514	0.01972	0.01200	0.01029
8	0.69383	0.02109	0.01603	0.01434	0.02109	0.02446	0.01181	0.03205	0.01856	0.04892	0.01518	0.01771	0.01181	0.01012	0.00675	0.00337	0.00843	0.00590	0.00675	0.01181
9	0.01586	0.01057	0.01189	0.01189	0.01189	0.01057	0.00661	0.01586	0.01586	0.02114	0.03436	0.07135	0.03964	0.61681	0.05550	0.01057	0.01057	0.01586	0.00661	0.00661
10	0.01289	0.01105	0.01105	0.01105	0.01473	0.00920	0.00828	0.01565	0.02485	0.02946	0.11046	0.10493	0.54437	0.02761	0.01289	0.00368	0.00552	0.02301	0.01013	0.00920
11	0.02574	0.02941	0.06434	0.04596	0.05699	0.02757	0.50919	0.03493	0.02574	0.03493	0.02206	0.02941	0.01654	0.00919	0.01287	0.00368	0.01838	0.01287	0.00551	0.01471
12	0.02760	0.02755	0.04212	0.10901	0.46401	0.07222	0.03213	0.03383	0.02508	0.03419	0.02010	0.02654	0.01676	0.00995	0.01072	0.00324	0.01366	0.00948	0.00537	0.01643
13	0.01328	0.00949	0.01265	0.01518	0.01581	0.00886	0.01012	0.01518	0.02088	0.02783	0.06010	0.60969	0.07212	0.03416	0.01392	0.00443	0.00633	0.03100	0.01012	0.00886
14	0.02261	0.01938	0.02261	0.01615	0.02584	0.01453	0.01292	0.02745	0.02261	0.03553	0.01938	0.02261	0.01615	0.00807	0.00807	0.00161	0.00807	0.00646	0.00646	0.68346
15	0.02660	0.02295	0.02442	0.02149	0.02806	0.02566	0.01675	0.05440	0.47023	0.04444	0.04147	0.03858	0.03129	0.01401	0.01074	0.00346	0.00856	0.01165	0.01056	0.09468
16	0.02487	0.08899	0.21282	0.03912	0.05153	0.02825	0.32572	0.03461	0.02461	0.03400	0.02071	0.02646	0.01550	0.00955	0.01160	0.00349	0.01712	0.01081	0.00517	0.01507
17	0.01328	0.00949	0.01265	0.01518	0.01581	0.00886	0.01012	0.01518	0.02088	0.02783	0.06010	0.60969	0.07212	0.03416	0.01392	0.00443	0.00633	0.03100	0.01012	0.00886
18	0.01521	0.01114	0.01427	0.01349	0.01615	0.01019	0.01011	0.02015	0.03034	0.04249	0.50555	0.08348	0.14114	0.02275	0.01286	0.00345	0.00518	0.02000	0.01184	0.01019
19	0.04892	0.01856	0.02530	0.01940	0.02783	0.01603	0.01603	0.05314	0.03121	0.55634	0.04302	0.03711	0.02699	0.01350	0.01096	0.00337	0.00928	0.01096	0.01350	0.01856
20	0.04892	0.01856	0.02530	0.01940	0.02783	0.01603	0.01603	0.05314	0.03121	0.55634	0.04302	0.03711	0.02699	0.01350	0.01096	0.00337	0.00928	0.01096	0.01350	0.01856
21	0.01586	0.01057	0.01189	0.01189	0.01189	0.01057	0.00661	0.01586	0.01586	0.02114	0.03436	0.07135	0.03964	0.61681	0.05550	0.01057	0.01057	0.01586	0.00661	0.00661
22	0.02059	0.01938	0.03270	0.59060	0.07510	0.02422	0.03028	0.02786	0.02180	0.02786	0.01938	0.02907	0.01453	0.01090	0.01090	0.00363	0.01453	0.00969	0.00484	0.01211
23	0.04892	0.01856	0.02530	0.01940	0.02783	0.01603	0.01603	0.05314	0.03121	0.55634	0.04302	0.03711	0.02699	0.01350	0.01096	0.00337	0.00928	0.01096	0.01350	0.01856
24	0.02712	0.02342	0.02465	0.02219	0.02835	0.02712	0.01726	0.05794	0.52909	0.04561	0.04438	0.04068	0.03328	0.01479	0.01109	0.00370	0.00863	0.01233	0.01109	0.01726
25	0.01328	0.00949	0.01265	0.01518	0.01581	0.00886	0.01012	0.01518	0.02088	0.02783	0.06010	0.60969	0.07212	0.03416	0.01392	0.00443	0.00633	0.03100	0.01012	0.00886
26	0.02272	0.12229	0.50184	0.02963	0.04496	0.02739	0.03777	0.03431	0.02292	0.03350	0.01905	0.02238	0.01383	0.01024	0.00997	0.00332	0.01560	0.00780	0.00461	0.01587
27	0.02272	0.12229	0.50184	0.02963	0.04496	0.02739	0.03777	0.03431	0.02292	0.03350	0.01905	0.02238	0.01383	0.01024	0.00997	0.00332	0.01560	0.00780	0.00461	0.01587
