[name]
unknown

[dist]
# distance from previous block
# <min> <max>
0	418

[block]
# block no. 0 follows, 13 sequences, length 38
# corresponding to MSA columns:
# 432-469
name=unknown_A
#
# <colnr> <probs for GDERKNQSTAVLIFYWHMCP>
#	G	D	E	R	K	N	Q	S	T	A	V	L	I	F	Y	W	H	M	C	P
0	0.01704	0.01217	0.01704	0.01947	0.02191	0.01217	0.01704	0.02191	0.02434	0.03164	0.05598	0.11926	0.06085	0.02921	0.01460	0.00487	0.00974	0.49130	0.00974	0.00974
1	0.01496	0.01081	0.01413	0.01330	0.01580	0.00998	0.00998	0.01995	0.02993	0.04240	0.55689	0.07898	0.09976	0.02162	0.01247	0.00333	0.00499	0.01912	0.01164	0.00998
2	0.02827	0.63478	0.05540	0.01809	0.02714	0.04184	0.01809	0.03166	0.02148	0.02488	0.01470	0.01696	0.01357	0.00905	0.00678	0.00226	0.01131	0.00565	0.00452	0.01357
3	0.02853	0.02685	0.05638	0.04047	0.05077	0.02496	0.44331	0.03667	0.02580	0.11897	0.02462	0.02971	0.01765	0.00958	0.01218	0.00352	0.01642	0.01218	0.00658	0.01485
4	0.04019	0.02962	0.03173	0.02433	0.03279	0.03279	0.02010	0.52721	0.04971	0.06663	0.02538	0.02538	0.01798	0.01269	0.01058	0.00317	0.01163	0.00952	0.01058	0.01798
5	0.02233	0.14681	0.49135	0.02822	0.04280	0.02730	0.03573	0.03319	0.02219	0.03212	0.01830	0.02147	0.01342	0.00989	0.00953	0.00318	0.01494	0.00747	0.00447	0.01530
6	0.01451	0.01141	0.01546	0.01679	0.01731	0.01237	0.01193	0.01642	0.01960	0.02675	0.05123	0.52650	0.06103	0.03080	0.01686	0.00435	0.10188	0.02675	0.00899	0.00906
7	0.03780	0.01830	0.02355	0.01762	0.02626	0.01499	0.01440	0.04212	0.02711	0.36755	0.03305	0.03067	0.02220	0.01110	0.00957	0.00263	0.00856	0.00898	0.01051	0.27302
8	0.01538	0.01025	0.01153	0.01153	0.01153	0.01025	0.00641	0.01538	0.01538	0.02050	0.03331	0.06919	0.03844	0.62842	0.05382	0.01025	0.01025	0.01538	0.00641	0.00641
9	0.01997	0.01879	0.03171	0.60301	0.07282	0.02349	0.02936	0.02701	0.02114	0.02701	0.01879	0.02819	0.01409	0.01057	0.01057	0.00352	0.01409	0.00940	0.00470	0.01175
10	0.01786	0.02236	0.12835	0.02268	0.02879	0.01615	0.08919	0.02526	0.05596	0.03155	0.05187	0.19485	0.12472	0.02226	0.01260	0.00398	0.01039	0.12141	0.00821	0.01155
11	0.01288	0.00920	0.01227	0.01472	0.01534	0.00859	0.00981	0.01472	0.02024	0.02699	0.05828	0.62152	0.06993	0.03312	0.01350	0.00429	0.00613	0.03006	0.00981	0.00859
12	0.02021	0.01083	0.01092	0.01074	0.01347	0.01111	0.00810	0.02704	0.06183	0.03978	0.03514	0.03942	0.02749	0.01247	0.00765	0.00255	0.00519	0.01001	0.63566	0.01038
13	0.02178	0.02064	0.03498	0.44596	0.21573	0.02397	0.03026	0.02860	0.02200	0.02921	0.01911	0.02760	0.01487	0.01024	0.01054	0.00341	0.01365	0.00940	0.00485	0.01321
14	0.02225	0.08433	0.03402	0.50091	0.06520	0.06646	0.02755	0.02860	0.02182	0.02671	0.01819	0.02637	0.01401	0.01044	0.01011	0.00334	0.01417	0.00882	0.00473	0.01197
15	0.02196	0.02174	0.02667	0.02388	0.02511	0.08240	0.01933	0.02483	0.01789	0.02517	0.01926	0.02925	0.01831	0.03932	0.22814	0.00882	0.34221	0.00974	0.00508	0.01088
16	0.70310	0.02045	0.01554	0.01390	0.02045	0.02372	0.01145	0.03108	0.01799	0.04744	0.01472	0.01718	0.01145	0.00981	0.00654	0.00327	0.00818	0.00573	0.00654	0.01145
17	0.04744	0.01799	0.02454	0.01881	0.02699	0.01554	0.01554	0.05153	0.03026	0.56979	0.04171	0.03599	0.02617	0.01309	0.01063	0.00327	0.00900	0.01063	0.01309	0.01799
18	0.02965	0.12025	0.02976	0.02105	0.02794	0.02861	0.01720	0.10028	0.37065	0.08358	0.03662	0.03417	0.02737	0.01324	0.01010	0.00331	0.00922	0.01060	0.00993	0.01646
19	0.22665	0.01407	0.01415	0.01332	0.01746	0.01457	0.01026	0.02851	0.02172	0.11614	0.03430	0.14662	0.03070	0.01577	0.00881	0.00318	0.00673	0.01270	0.25308	0.01126
20	0.13353	0.02017	0.02448	0.01903	0.02704	0.01937	0.01572	0.12434	0.03172	0.42038	0.03553	0.03180	0.02291	0.01259	0.01008	0.00326	0.00931	0.00980	0.01182	0.01712
21	0.01510	0.01133	0.01699	0.01699	0.01888	0.01322	0.01322	0.01888	0.01699	0.02454	0.02832	0.04154	0.02643	0.07930	0.58652	0.01699	0.02832	0.01133	0.00566	0.00944
22	0.02772	0.02342	0.02471	0.02181	0.02804	0.02696	0.01708	0.10453	0.49269	0.04653	0.04122	0.03800	0.03081	0.01418	0.01074	0.00354	0.00870	0.01170	0.01074	0.01686
23	0.02192	0.01879	0.02192	0.01566	0.02506	0.01409	0.01253	0.02662	0.02192	0.03445	0.01879	0.02192	0.01566	0.00783	0.00783	0.00157	0.00783	0.00626	0.00626	0.69305
24	0.01704	0.01217	0.01704	0.01947	0.02191	0.01217	0.01704	0.02191	0.02434	0.03164	0.05598	0.11926	0.06085	0.02921	0.01460	0.00487	0.00974	0.49130	0.00974	0.00974
25	0.01315	0.01013	0.01211	0.01355	0.01557	0.00910	0.00982	0.01565	0.02226	0.02812	0.07824	0.35493	0.27099	0.03010	0.01320	0.00405	0.00618	0.07420	0.00981	0.00885
26	0.02313	0.02313	0.03238	0.02776	0.02776	0.03238	0.02313	0.02545	0.01619	0.02545	0.01388	0.02313	0.01388	0.01851	0.03470	0.00463	0.60907	0.00925	0.00463	0.01157
27	0.04579	0.02063	0.02617	0.02006	0.02831	0.01946	0.01658	0.15960	0.03468	0.45547	0.03800	0.03358	0.02431	0.01300	0.01062	0.00325	0.00960	0.01038	0.01252	0.01799
28	0.02095	0.01980	0.03349	0.51756	0.15057	0.02375	0.02985	0.02788	0.02161	0.02821	0.01897	0.02787	0.01452	0.01039	0.01055	0.00346	0.01385	0.00940	0.00478	0.01254
29	0.01274	0.00974	0.01171	0.01329	0.01496	0.00871	0.00918	0.01488	0.02162	0.02755	0.07574	0.43566	0.24452	0.03085	0.01314	0.00404	0.00586	0.02729	0.00982	0.00871
30	0.01538	0.01025	0.01153	0.01153	0.01153	0.01025	0.00641	0.01538	0.01538	0.02050	0.03331	0.06919	0.03844	0.62842	0.05382	0.01025	0.01025	0.01538	0.00641	0.00641
31	0.02203	0.01454	0.01806	0.01724	0.02078	0.01456	0.01339	0.08845	0.06631	0.09361	0.17807	0.22588	0.06232	0.02357	0.01255	0.00384	0.00756	0.09461	0.01077	0.01187
32	0.02259	0.04501	0.38455	0.03547	0.04927	0.02536	0.21844	0.03363	0.02330	0.03363	0.01987	0.02461	0.01437	0.00963	0.01094	0.00343	0.01644	0.00954	0.00479	0.01512
33	0.03233	0.32780	0.04214	0.02109	0.02926	0.07856	0.01866	0.18053	0.10349	0.03985	0.02191	0.02273	0.01748	0.01099	0.00866	0.00275	0.01158	0.00775	0.00723	0.01520
34	0.02526	0.01844	0.02553	0.09726	0.11046	0.01648	0.01777	0.03005	0.02327	0.11763	0.02741	0.09865	0.02391	0.01233	0.00970	0.00265	0.00930	0.01072	0.00743	0.31575
35	0.08121	0.02600	0.03489	0.04550	0.32532	0.06354	0.02551	0.07565	0.10882	0.07318	0.02474	0.02767	0.01929	0.01082	0.01017	0.00320	0.01171	0.00945	0.00713	0.01621
36	0.01515	0.01116	0.01613	0.01613	0.01771	0.01275	0.01213	0.01832	0.01674	0.02390	0.02911	0.04593	0.02834	0.16649	0.50193	0.01592	0.02545	0.01197	0.00578	0.00896
37	0.01997	0.01879	0.03171	0.60301	0.07282	0.02349	0.02936	0.02701	0.02114	0.02701	0.01879	0.02819	0.01409	0.01057	0.01057	0.00352	0.01409	0.00940	0.00470	0.01175

[dist]
# distance from previous block
# <min> <max>
0	2

[block]
# block no. 1 follows, 13 sequences, length 6
# corresponding to MSA columns:
# 472-477
name=unknown_B
#
# <colnr> <probs for GDERKNQSTAVLIFYWHMCP>
#	G	D	E	R	K	N	Q	S	T	A	V	L	I	F	Y	W	H	M	C	P
0	0.03447	0.02814	0.15336	0.07609	0.11760	0.02050	0.06428	0.04132	0.02643	0.28497	0.02996	0.03026	0.02016	0.01133	0.01062	0.00331	0.01210	0.00987	0.00872	0.01650
1	0.02245	0.15655	0.48264	0.02802	0.04249	0.02759	0.03538	0.03316	0.02218	0.03197	0.01822	0.02138	0.01342	0.00987	0.00947	0.00316	0.01487	0.00743	0.00447	0.01526
2	0.01605	0.01353	0.01720	0.01702	0.01943	0.01469	0.01394	0.01938	0.02200	0.02847	0.06746	0.08616	0.26327	0.03090	0.07186	0.00542	0.12281	0.15229	0.00842	0.00970
3	0.01519	0.00976	0.01214	0.01283	0.01301	0.00959	0.00786	0.01491	0.01648	0.02197	0.03779	0.21989	0.04388	0.35509	0.04015	0.12833	0.00889	0.01847	0.00706	0.00671
4	0.03296	0.02602	0.02766	0.02286	0.03003	0.02941	0.01835	0.28197	0.30673	0.05497	0.03457	0.03271	0.02542	0.01355	0.01067	0.00339	0.00993	0.01079	0.01067	0.01733
5	0.02838	0.02375	0.02508	0.02194	0.02829	0.02727	0.01724	0.12673	0.46943	0.04758	0.04039	0.03734	0.03013	0.01410	0.01073	0.00352	0.00886	0.01159	0.01073	0.01692

[dist]
# distance from previous block
# <min> <max>
0	2

[block]
# block no. 2 follows, 13 sequences, length 28
# corresponding to MSA columns:
# 480-507
name=unknown_C
#
# <colnr> <probs for GDERKNQSTAVLIFYWHMCP>
#	G	D	E	R	K	N	Q	S	T	A	V	L	I	F	Y	W	H	M	C	P
0	0.06901	0.01616	0.01697	0.01517	0.01907	0.01803	0.01195	0.09671	0.10689	0.04330	0.03182	0.03490	0.02471	0.01297	0.01027	0.00294	0.05047	0.00982	0.39658	0.01224
1	0.02588	0.02717	0.11956	0.02808	0.08150	0.02217	0.09054	0.07960	0.13651	0.08145	0.03911	0.03953	0.09539	0.01335	0.01081	0.00326	0.01111	0.01174	0.00812	0.07511
2	0.07991	0.03691	0.26049	0.10309	0.04288	0.06324	0.06231	0.03720	0.02438	0.15492	0.02377	0.02600	0.01644	0.01077	0.01011	0.00332	0.01376	0.00875	0.00674	0.01500
3	0.02751	0.57964	0.05139	0.01736	0.02583	0.03901	0.01715	0.03104	0.02154	0.02616	0.01645	0.01894	0.01476	0.00933	0.00684	0.00228	0.01074	0.00602	0.06475	0.01324
4	0.01997	0.01879	0.03171	0.60301	0.07282	0.02349	0.02936	0.02701	0.02114	0.02701	0.01879	0.02819	0.01409	0.01057	0.01057	0.00352	0.01409	0.00940	0.00470	0.01175
5	0.02192	0.01879	0.02192	0.01566	0.02506	0.01409	0.01253	0.02662	0.02192	0.03445	0.01879	0.02192	0.01566	0.00783	0.00783	0.00157	0.00783	0.00626	0.00626	0.69305
6	0.01288	0.00920	0.01227	0.01472	0.01534	0.00859	0.00981	0.01472	0.02024	0.02699	0.05828	0.62152	0.06993	0.03312	0.01350	0.00429	0.00613	0.03006	0.00981	0.00859
7	0.01361	0.00960	0.01250	0.01454	0.01519	0.00914	0.00979	0.01537	0.01974	0.02625	0.05392	0.49109	0.06397	0.13266	0.02034	0.00534	0.00710	0.06231	0.00924	0.00831
8	0.02912	0.01542	0.01964	0.01670	0.02191	0.01467	0.01316	0.03769	0.11112	0.24349	0.27960	0.05637	0.06109	0.01722	0.01150	0.00335	0.00705	0.01476	0.01205	0.01410
9	0.02496	0.02852	0.06239	0.04456	0.05526	0.02674	0.52406	0.03387	0.02496	0.03387	0.02139	0.02852	0.01604	0.00891	0.01248	0.00357	0.01783	0.01248	0.00535	0.01426
10	0.01538	0.01025	0.01153	0.01153	0.01153	0.01025	0.00641	0.01538	0.01538	0.02050	0.03331	0.06919	0.03844	0.62842	0.05382	0.01025	0.01025	0.01538	0.00641	0.00641
11	0.01971	0.00985	0.00985	0.00985	0.01232	0.00985	0.00739	0.02464	0.02217	0.03942	0.03449	0.03942	0.02710	0.01232	0.00739	0.00246	0.00493	0.00985	0.68712	0.00985
12	0.04628	0.01985	0.02569	0.01969	0.02792	0.01830	0.01627	0.12762	0.03337	0.48930	0.03910	0.03429	0.02486	0.01302	0.01062	0.00326	0.00942	0.01045	0.01268	0.01799
13	0.03807	0.04802	0.03017	0.02728	0.03226	0.53771	0.02066	0.04076	0.02876	0.02584	0.01613	0.01942	0.01364	0.01156	0.01173	0.00289	0.07050	0.00702	0.00538	0.01220
14	0.02709	0.53819	0.14169	0.02010	0.03024	0.03896	0.02158	0.03196	0.02162	0.02631	0.01541	0.01785	0.01354	0.00921	0.00733	0.00244	0.01203	0.00601	0.00451	0.01391
15	0.02192	0.01879	0.02192	0.01566	0.02506	0.01409	0.01253	0.02662	0.02192	0.03445	0.01879	0.02192	0.01566	0.00783	0.00783	0.00157	0.00783	0.00626	0.00626	0.69305
16	0.02992	0.21530	0.15465	0.02625	0.03621	0.08015	0.10642	0.03845	0.07035	0.11003	0.02332	0.02497	0.01745	0.01046	0.00958	0.00301	0.01340	0.00863	0.00654	0.01492
17	0.02034	0.01764	0.02176	0.02016	0.02317	0.02085	0.01625	0.03167	0.17746	0.03376	0.09043	0.05857	0.10898	0.02568	0.07013	0.00522	0.15813	0.07905	0.00859	0.01217
18	0.01288	0.00920	0.01227	0.01472	0.01534	0.00859	0.00981	0.01472	0.02024	0.02699	0.05828	0.62152	0.06993	0.03312	0.01350	0.00429	0.00613	0.03006	0.00981	0.00859
19	0.01326	0.00949	0.01260	0.01447	0.01542	0.00884	0.00984	0.01566	0.02198	0.02976	0.14784	0.52407	0.07529	0.03106	0.01331	0.00412	0.00593	0.02809	0.01014	0.00884
20	0.09086	0.02283	0.03576	0.11923	0.24207	0.02326	0.07031	0.07005	0.02639	0.15922	0.02479	0.02806	0.01809	0.01063	0.01036	0.00328	0.01199	0.00965	0.00745	0.01573
21	0.04744	0.01799	0.02454	0.01881	0.02699	0.01554	0.01554	0.05153	0.03026	0.56979	0.04171	0.03599	0.02617	0.01309	0.01063	0.00327	0.00900	0.01063	0.01309	0.01799
22	0.04744	0.01799	0.02454	0.01881	0.02699	0.01554	0.01554	0.05153	0.03026	0.56979	0.04171	0.03599	0.02617	0.01309	0.01063	0.00327	0.00900	0.01063	0.01309	0.01799
23	0.02539	0.02273	0.03458	0.30913	0.13628	0.02584	0.06107	0.11276	0.09572	0.03734	0.02342	0.02893	0.01768	0.01112	0.01071	0.00342	0.01296	0.00997	0.00658	0.01437
24	0.01396	0.01024	0.01329	0.01509	0.01672	0.00958	0.01121	0.01689	0.02260	0.02964	0.10897	0.38225	0.14271	0.03028	0.01351	0.00423	0.00674	0.13312	0.00996	0.00902
25	0.01681	0.01136	0.01390	0.01294	0.01623	0.01010	0.00982	0.02101	0.02814	0.08061	0.37497	0.08262	0.23689	0.02254	0.01233	0.00340	0.00543	0.01943	0.01119	0.01030
26	0.03146	0.03291	0.20531	0.03141	0.04275	0.02226	0.20325	0.03976	0.02596	0.21608	0.02757	0.02917	0.01868	0.01068	0.01111	0.00340	0.01415	0.01043	0.00771	0.01595
27	0.02900	0.12714	0.02936	0.01791	0.02611	0.02097	0.01516	0.03311	0.02324	0.15480	0.02289	0.02439	0.01754	0.01022	0.01074	0.00236	0.06357	0.00743	0.00737	0.35667

[dist]
# distance from previous block
# <min> <max>
0	2

[block]
# block no. 3 follows, 13 sequences, length 153
# corresponding to MSA columns:
# 510-553,555-663
name=unknown_D
#
# <colnr> <probs for GDERKNQSTAVLIFYWHMCP>
#	G	D	E	R	K	N	Q	S	T	A	V	L	I	F	Y	W	H	M	C	P
0	0.01965	0.02115	0.07221	0.02383	0.02705	0.02216	0.07148	0.02385	0.02004	0.02896	0.09895	0.04278	0.06512	0.07875	0.09836	0.00624	0.24959	0.01248	0.00628	0.01107
1	0.02535	0.01170	0.01339	0.01208	0.01579	0.01110	0.00937	0.03010	0.02455	0.15489	0.07810	0.04186	0.03275	0.01323	0.00850	0.00271	0.00582	0.01077	0.48632	0.01163
2	0.02827	0.63478	0.05540	0.01809	0.02714	0.04184	0.01809	0.03166	0.02148	0.02488	0.01470	0.01696	0.01357	0.00905	0.00678	0.00226	0.01131	0.00565	0.00452	0.01357
3	0.38938	0.01812	0.01836	0.01607	0.02225	0.01936	0.01325	0.03483	0.02188	0.19135	0.02716	0.03342	0.02123	0.01962	0.06921	0.00484	0.01065	0.04751	0.00856	0.01295
4	0.01381	0.01076	0.01253	0.01209	0.01508	0.00948	0.00906	0.01771	0.02719	0.03590	0.34571	0.08967	0.31499	0.02404	0.01248	0.00344	0.00516	0.02062	0.01078	0.00948
5	0.02827	0.63478	0.05540	0.01809	0.02714	0.04184	0.01809	0.03166	0.02148	0.02488	0.01470	0.01696	0.01357	0.00905	0.00678	0.00226	0.01131	0.00565	0.00452	0.01357
6	0.01266	0.01008	0.01136	0.01238	0.01472	0.00879	0.00878	0.01499	0.02249	0.02791	0.08676	0.31829	0.35477	0.02942	0.01291	0.00387	0.00568	0.02554	0.00982	0.00879
7	0.03950	0.05039	0.02996	0.02724	0.03269	0.58597	0.02043	0.04222	0.02996	0.02588	0.01634	0.01907	0.01362	0.01090	0.00953	0.00272	0.01907	0.00681	0.00545	0.01226
8	0.01434	0.00981	0.01184	0.01286	0.01312	0.00956	0.00783	0.01510	0.01740	0.02320	0.04371	0.29930	0.05156	0.38041	0.03702	0.00777	0.00854	0.02149	0.00783	0.00732
9	0.70310	0.02045	0.01554	0.01390	0.02045	0.02372	0.01145	0.03108	0.01799	0.04744	0.01472	0.01718	0.01145	0.00981	0.00654	0.00327	0.00818	0.00573	0.00654	0.01145
10	0.01971	0.00985	0.00985	0.00985	0.01232	0.00985	0.00739	0.02464	0.02217	0.03942	0.03449	0.03942	0.02710	0.01232	0.00739	0.00246	0.00493	0.00985	0.68712	0.00985
11	0.02192	0.01879	0.02192	0.01566	0.02506	0.01409	0.01253	0.02662	0.02192	0.03445	0.01879	0.02192	0.01566	0.00783	0.00783	0.00157	0.00783	0.00626	0.00626	0.69305
12	0.02496	0.02852	0.06239	0.04456	0.05526	0.02674	0.52406	0.03387	0.02496	0.03387	0.02139	0.02852	0.01604	0.00891	0.01248	0.00357	0.01783	0.01248	0.00535	0.01426
13	0.01997	0.01879	0.03171	0.60301	0.07282	0.02349	0.02936	0.02701	0.02114	0.02701	0.01879	0.02819	0.01409	0.01057	0.01057	0.00352	0.01409	0.00940	0.00470	0.01175
14	0.01250	0.01071	0.01071	0.01071	0.01428	0.00893	0.00803	0.01517	0.02410	0.02856	0.10711	0.10175	0.55817	0.02678	0.01250	0.00357	0.00536	0.02231	0.00982	0.00893
15	0.04744	0.01799	0.02454	0.01881	0.02699	0.01554	0.01554	0.05153	0.03026	0.56979	0.04171	0.03599	0.02617	0.01309	0.01063	0.00327	0.00900	0.01063	0.01309	0.01799
16	0.02515	0.02409	0.04108	0.15292	0.48237	0.02485	0.03194	0.03156	0.02360	0.03331	0.01971	0.02650	0.01631	0.00961	0.01048	0.00320	0.01281	0.00942	0.00515	0.01593
17	0.02112	0.01997	0.03379	0.50319	0.16365	0.02379	0.02994	0.02802	0.02169	0.02841	0.01900	0.02781	0.01459	0.01036	0.01055	0.00345	0.01381	0.00940	0.00480	0.01267
18	0.70310	0.02045	0.01554	0.01390	0.02045	0.02372	0.01145	0.03108	0.01799	0.04744	0.01472	0.01718	0.01145	0.00981	0.00654	0.00327	0.00818	0.00573	0.00654	0.01145
19	0.16232	0.02549	0.02670	0.16191	0.12296	0.14289	0.02075	0.03019	0.02198	0.03133	0.01981	0.02843	0.01718	0.06817	0.07349	0.00520	0.01490	0.00879	0.00556	0.01193
20	0.01510	0.01133	0.01699	0.01699	0.01888	0.01322	0.01322	0.01888	0.01699	0.02454	0.02832	0.04154	0.02643	0.07930	0.58652	0.01699	0.02832	0.01133	0.00566	0.00944
21	0.70310	0.02045	0.01554	0.01390	0.02045	0.02372	0.01145	0.03108	0.01799	0.04744	0.01472	0.01718	0.01145	0.00981	0.00654	0.00327	0.00818	0.00573	0.00654	0.01145
22	0.04685	0.01893	0.02512	0.01926	0.02746	0.01693	0.01591	0.08981	0.03183	0.52929	0.04040	0.03513	0.02551	0.01305	0.01063	0.00326	0.00921	0.01054	0.01288	0.01799
23	0.01535	0.01034	0.01199	0.01199	0.01214	0.01050	0.00697	0.01567	0.01551	0.02084	0.03290	0.06689	0.03744	0.58283	0.09804	0.01081	0.01175	0.01504	0.00634	0.00666
24	0.01288	0.00920	0.01227	0.01472	0.01534	0.00859	0.00981	0.01472	0.02024	0.02699	0.05828	0.62152	0.06993	0.03312	0.01350	0.00429	0.00613	0.03006	0.00981	0.00859
25	0.01704	0.01217	0.01704	0.01947	0.02191	0.01217	0.01704	0.02191	0.02434	0.03164	0.05598	0.11926	0.06085	0.02921	0.01460	0.00487	0.00974	0.49130	0.00974	0.00974
26	0.02827	0.63478	0.05540	0.01809	0.02714	0.04184	0.01809	0.03166	0.02148	0.02488	0.01470	0.01696	0.01357	0.00905	0.00678	0.00226	0.01131	0.00565	0.00452	0.01357
27	0.02827	0.63478	0.05540	0.01809	0.02714	0.04184	0.01809	0.03166	0.02148	0.02488	0.01470	0.01696	0.01357	0.00905	0.00678	0.00226	0.01131	0.00565	0.00452	0.01357
28	0.01489	0.00919	0.01282	0.01437	0.01476	0.00881	0.00958	0.01437	0.01787	0.02383	0.04363	0.40522	0.05101	0.03445	0.02371	0.25681	0.00725	0.02240	0.00790	0.00712
29	0.02270	0.02560	0.11064	0.02816	0.14052	0.01800	0.02075	0.02889	0.02243	0.03432	0.01905	0.02287	0.01554	0.00850	0.00872	0.00217	0.01001	0.00716	0.00577	0.44819
30	0.01889	0.01576	0.02094	0.06393	0.09546	0.01677	0.01611	0.02953	0.16719	0.03282	0.04618	0.33851	0.04847	0.02316	0.01212	0.00389	0.00816	0.02082	0.00912	0.01217
31	0.01456	0.01079	0.01357	0.01287	0.01555	0.00980	0.00966	0.01916	0.02897	0.04012	0.48266	0.08274	0.17541	0.02247	0.01247	0.00337	0.00505	0.01965	0.01134	0.00980
32	0.02196	0.08767	0.45794	0.02899	0.04182	0.02687	0.03529	0.03215	0.02134	0.03171	0.01792	0.02210	0.01348	0.01126	0.01357	0.00347	0.10521	0.00789	0.00449	0.01488
33	0.03012	0.07288	0.03507	0.22992	0.09283	0.06452	0.06448	0.07077	0.06142	0.13702	0.02513	0.02857	0.01825	0.01112	0.01036	0.00327	0.01285	0.00959	0.00728	0.01455
34	0.01418	0.01028	0.01367	0.01592	0.01736	0.00976	0.01199	0.01706	0.02187	0.02861	0.06147	0.41847	0.10635	0.03136	0.01377	0.00442	0.00723	0.17745	0.00979	0.00898
35	0.01386	0.01076	0.01260	0.01214	0.01512	0.00950	0.00910	0.01781	0.02731	0.03619	0.35494	0.08920	0.30558	0.02393	0.01248	0.00344	0.00515	0.02055	0.01082	0.00950
36	0.02357	0.02220	0.03003	0.35910	0.09988	0.06333	0.02518	0.07096	0.07936	0.03272	0.02903	0.03435	0.06112	0.01239	0.01067	0.00342	0.01280	0.01055	0.00633	0.01301
37	0.06696	0.02672	0.12233	0.09255	0.14182	0.02281	0.06428	0.03531	0.14362	0.03666	0.06887	0.03814	0.06845	0.01301	0.01068	0.00341	0.01130	0.01145	0.00723	0.01439
38	0.01706	0.01018	0.01336	0.01476	0.01632	0.00942	0.01022	0.01938	0.02145	0.08494	0.05462	0.51319	0.06189	0.02935	0.01270	0.00404	0.00634	0.02639	0.06472	0.00968
39	0.03867	0.24473	0.03581	0.01877	0.02709	0.02607	0.01657	0.04462	0.06911	0.32672	0.03191	0.02929	0.02205	0.01171	0.00923	0.00293	0.00979	0.00891	0.00975	0.01627
40	0.02765	0.03426	0.19977	0.03893	0.16390	0.02541	0.12977	0.08846	0.07004	0.08134	0.02418	0.02732	0.01779	0.01055	0.01080	0.00334	0.01380	0.00988	0.00668	0.01614
41	0.18582	0.04035	0.14064	0.02454	0.03229	0.24327	0.02243	0.08755	0.02673	0.03663	0.01730	0.02027	0.01355	0.01120	0.01085	0.00316	0.05689	0.00723	0.00597	0.01333
42	0.01305	0.00933	0.01242	0.01461	0.01537	0.00870	0.00983	0.01515	0.02104	0.02825	0.09916	0.57703	0.07238	0.03218	0.01341	0.00421	0.00604	0.02916	0.00996	0.00870
43	0.03118	0.07673	0.03195	0.19986	0.04312	0.02694	0.02143	0.22792	0.03335	0.08719	0.02290	0.02592	0.01676	0.01113	0.00990	0.00300	0.01166	0.00882	0.00789	0.10235
44	0.01545	0.01203	0.01419	0.01343	0.01659	0.01139	0.01013	0.02240	0.08214	0.03866	0.37522	0.08130	0.22289	0.02232	0.01230	0.00342	0.00545	0.01928	0.01103	0.01039
45	0.02192	0.01879	0.02192	0.01566	0.02506	0.01409	0.01253	0.02662	0.02192	0.03445	0.01879	0.02192	0.01566	0.00783	0.00783	0.00157	0.00783	0.00626	0.00626	0.69305
46	0.01496	0.01081	0.01413	0.01330	0.01580	0.00998	0.00998	0.01995	0.02993	0.04240	0.55689	0.07898	0.09976	0.02162	0.01247	0.00333	0.00499	0.01912	0.01164	0.00998
47	0.02890	0.02400	0.02537	0.02204	0.02848	0.02751	0.01736	0.14422	0.45109	0.04842	0.03974	0.03682	0.02960	0.01404	0.01072	0.00351	0.00898	0.01150	0.01072	0.01697
48	0.03213	0.01423	0.01855	0.01542	0.02076	0.01274	0.01228	0.03666	0.02865	0.30627	0.20094	0.05003	0.04928	0.01560	0.01060	0.00314	0.00699	0.01313	0.13862	0.01397
49	0.02617	0.02512	0.04292	0.06490	0.56246	0.02512	0.03245	0.03245	0.02407	0.03454	0.01989	0.02617	0.01675	0.00942	0.01047	0.00314	0.01256	0.00942	0.00523	0.01675
50	0.01250	0.01071	0.01071	0.01071	0.01428	0.00893	0.00803	0.01517	0.02410	0.02856	0.10711	0.10175	0.55817	0.02678	0.01250	0.00357	0.00536	0.02231	0.00982	0.00893
51	0.01997	0.01879	0.03171	0.60301	0.07282	0.02349	0.02936	0.02701	0.02114	0.02701	0.01879	0.02819	0.01409	0.01057	0.01057	0.00352	0.01409	0.00940	0.00470	0.01175
52	0.01486	0.01192	0.01584	0.10913	0.02464	0.01174	0.01258	0.01920	0.02582	0.03434	0.28884	0.13407	0.21283	0.02248	0.01227	0.00353	0.00670	0.01959	0.00980	0.00982
53	0.01529	0.01058	0.01318	0.01318	0.01375	0.01115	0.00846	0.01643	0.01586	0.02172	0.03181	0.06084	0.03481	0.46264	0.21463	0.01229	0.01571	0.01415	0.00618	0.00732
54	0.02486	0.29479	0.03777	0.01775	0.02621	0.02803	0.01590	0.02878	0.02125	0.02942	0.01655	0.01980	0.01458	0.00926	0.00959	0.00213	0.05930	0.00624	0.00535	0.33243
55	0.02725	0.42582	0.14664	0.02020	0.02989	0.03528	0.02132	0.07258	0.02404	0.03112	0.01798	0.02047	0.01499	0.00980	0.00776	0.00256	0.01163	0.00672	0.05995	0.01402
56	0.01379	0.01024	0.01414	0.06188	0.02004	0.01002	0.01142	0.01657	0.02190	0.02951	0.13662	0.48501	0.07031	0.02943	0.01309	0.00407	0.00659	0.02661	0.00970	0.00907
57	0.02581	0.08478	0.38246	0.03012	0.04351	0.02486	0.11259	0.03585	0.02376	0.10505	0.02213	0.02479	0.01555	0.01020	0.01030	0.00330	0.01480	0.00880	0.00577	0.01559
58	0.02464	0.02285	0.03476	0.18892	0.28888	0.02504	0.02727	0.03771	0.16863	0.03535	0.02609	0.03040	0.02042	0.01109	0.01057	0.00336	0.01178	0.01012	0.00664	0.01548
59	0.02961	0.02436	0.02577	0.02219	0.02876	0.02785	0.01754	0.16857	0.42557	0.04958	0.03882	0.03609	0.02886	0.01395	0.01072	0.00349	0.00915	0.01137	0.01072	0.01703
60	0.01382	0.01007	0.01301	0.01374	0.01546	0.00926	0.00975	0.01719	0.02506	0.03429	0.29439	0.32701	0.12316	0.02725	0.01294	0.00378	0.00554	0.02434	0.01066	0.00926
61	0.02854	0.03656	0.26547	0.03691	0.14613	0.02305	0.11071	0.03729	0.02483	0.15104	0.02452	0.02708	0.01728	0.01040	0.01065	0.00333	0.01392	0.00950	0.00665	0.01615
62	0.01510	0.01133	0.01699	0.01699	0.01888	0.01322	0.01322	0.01888	0.01699	0.02454	0.02832	0.04154	0.02643	0.07930	0.58652	0.01699	0.02832	0.01133	0.00566	0.00944
63	0.04744	0.01799	0.02454	0.01881	0.02699	0.01554	0.01554	0.05153	0.03026	0.56979	0.04171	0.03599	0.02617	0.01309	0.01063	0.00327	0.00900	0.01063	0.01309	0.01799
64	0.02266	0.02509	0.08361	0.31142	0.20801	0.02457	0.11191	0.03021	0.02270	0.03081	0.01955	0.02719	0.01512	0.00993	0.01081	0.00341	0.01439	0.00978	0.00494	0.01390
65	0.01704	0.01217	0.01704	0.01947	0.02191	0.01217	0.01704	0.02191	0.02434	0.03164	0.05598	0.11926	0.06085	0.02921	0.01460	0.00487	0.00974	0.49130	0.00974	0.00974
66	0.01424	0.01025	0.01348	0.01380	0.01564	0.00949	0.00992	0.01813	0.02655	0.03702	0.38288	0.26831	0.08935	0.02563	0.01283	0.00366	0.00539	0.02294	0.01100	0.00949
67	0.02190	0.04984	0.47880	0.03281	0.04752	0.02496	0.12903	0.03356	0.02281	0.03356	0.01942	0.02347	0.01389	0.00984	0.01050	0.00339	0.01603	0.00868	0.00463	0.01537
68	0.03419	0.02154	0.02938	0.25216	0.09207	0.06545	0.02282	0.03952	0.02613	0.26686	0.02879	0.03072	0.01961	0.01161	0.01051	0.00331	0.01211	0.00974	0.00850	0.01498
69	0.04744	0.01799	0.02454	0.01881	0.02699	0.01554	0.01554	0.05153	0.03026	0.56979	0.04171	0.03599	0.02617	0.01309	0.01063	0.00327	0.00900	0.01063	0.01309	0.01799
70	0.70310	0.02045	0.01554	0.01390	0.02045	0.02372	0.01145	0.03108	0.01799	0.04744	0.01472	0.01718	0.01145	0.00981	0.00654	0.00327	0.00818	0.00573	0.00654	0.01145
71	0.04226	0.01647	0.02179	0.01714	0.02425	0.01448	0.01402	0.04650	0.02875	0.47065	0.04036	0.03663	0.02635	0.01294	0.01003	0.00312	0.00824	0.01049	0.13907	0.01647
72	0.03136	0.02618	0.04032	0.03019	0.03821	0.02707	0.20343	0.26998	0.03529	0.04745	0.02288	0.02754	0.01733	0.01487	0.01584	0.10557	0.01354	0.01056	0.00777	0.01463
73	0.01282	0.00943	0.01203	0.01412	0.01518	0.00864	0.00955	0.01479	0.02082	0.02723	0.06562	0.54332	0.14339	0.03217	0.01334	0.00419	0.00602	0.02889	0.00982	0.00864
74	0.01365	0.01022	0.01266	0.01318	0.01527	0.00924	0.00946	0.01698	0.02514	0.03370	0.27485	0.27453	0.19868	0.02688	0.01284	0.00372	0.00548	0.02372	0.01057	0.00924
75	0.04744	0.01799	0.02454	0.01881	0.02699	0.01554	0.01554	0.05153	0.03026	0.56979	0.04171	0.03599	0.02617	0.01309	0.01063	0.00327	0.00900	0.01063	0.01309	0.01799
76	0.01436	0.01078	0.01330	0.01267	0.01543	0.00972	0.00950	0.01879	0.02851	0.03902	0.44710	0.08454	0.21165	0.02288	0.01248	0.00339	0.00508	0.01990	0.01119	0.00972
77	0.02313	0.02313	0.03238	0.02776	0.02776	0.03238	0.02313	0.02545	0.01619	0.02545	0.01388	0.02313	0.01388	0.01851	0.03470	0.00463	0.60907	0.00925	0.00463	0.01157
78	0.70310	0.02045	0.01554	0.01390	0.02045	0.02372	0.01145	0.03108	0.01799	0.04744	0.01472	0.01718	0.01145	0.00981	0.00654	0.00327	0.00818	0.00573	0.00654	0.01145
79	0.01997	0.01879	0.03171	0.60301	0.07282	0.02349	0.02936	0.02701	0.02114	0.02701	0.01879	0.02819	0.01409	0.01057	0.01057	0.00352	0.01409	0.00940	0.00470	0.01175
80	0.02251	0.01889	0.02062	0.01960	0.02406	0.02129	0.01478	0.04447	0.39553	0.03936	0.04734	0.20394	0.04292	0.01965	0.01153	0.00379	0.00774	0.01707	0.01049	0.01443
81	0.01997	0.01879	0.03171	0.60301	0.07282	0.02349	0.02936	0.02701	0.02114	0.02701	0.01879	0.02819	0.01409	0.01057	0.01057	0.00352	0.01409	0.00940	0.00470	0.01175
82	0.02454	0.09841	0.47353	0.02796	0.04226	0.02503	0.03488	0.03523	0.02309	0.08905	0.02101	0.02332	0.01475	0.01028	0.00984	0.00325	0.01458	0.00793	0.00537	0.01571
83	0.02412	0.02681	0.05763	0.04193	0.05176	0.02521	0.47087	0.03261	0.02489	0.03363	0.02502	0.03804	0.02074	0.01104	0.01270	0.00370	0.01698	0.06271	0.00581	0.01379
84	0.02617	0.02512	0.04292	0.06490	0.56246	0.02512	0.03245	0.03245	0.02407	0.03454	0.01989	0.02617	0.01675	0.00942	0.01047	0.00314	0.01256	0.00942	0.00523	0.01675
85	0.02370	0.25889	0.04183	0.33215	0.09450	0.03076	0.02523	0.02926	0.02151	0.02679	0.01729	0.02366	0.01410	0.00988	0.00909	0.00300	0.01289	0.00794	0.00467	0.01286
86	0.03407	0.02412	0.02248	0.01961	0.02509	0.14102	0.01518	0.07923	0.08303	0.20429	0.03659	0.12154	0.03020	0.01567	0.01042	0.00323	0.01039	0.01271	0.09700	0.01413
87	0.04221	0.02796	0.02953	0.02298	0.03112	0.07241	0.01882	0.35190	0.04255	0.20746	0.02933	0.02791	0.01998	0.01266	0.01051	0.00317	0.01148	0.00962	0.01088	0.01752
88	0.20991	0.16347	0.20265	0.02130	0.03160	0.02741	0.02274	0.06895	0.02393	0.10897	0.02039	0.02182	0.01493	0.01036	0.00852	0.00307	0.01155	0.00728	0.00660	0.01454
89	0.02101	0.01902	0.01901	0.01728	0.02171	0.07552	0.01323	0.03241	0.17324	0.03721	0.20705	0.05653	0.11724	0.02301	0.06135	0.00442	0.00974	0.01449	0.00955	0.06698
90	0.02059	0.06817	0.03298	0.46013	0.10705	0.02387	0.02710	0.02684	0.02135	0.02750	0.02184	0.07637	0.01892	0.01222	0.01050	0.00345	0.01308	0.01081	0.00516	0.01207
91	0.04502	0.01728	0.02326	0.01803	0.02571	0.01504	0.01483	0.04918	0.02956	0.52355	0.04108	0.03629	0.02625	0.01302	0.01035	0.00320	0.00864	0.01056	0.07185	0.01728
92	0.03123	0.32547	0.13080	0.02342	0.03222	0.23870	0.02238	0.03583	0.02473	0.02665	0.01600	0.01861	0.01356	0.00989	0.00833	0.00261	0.01486	0.00643	0.00485	0.01342
93	0.01809	0.00931	0.01380	0.01374	0.01394	0.00925	0.00925	0.01427	0.01507	0.02030	0.06170	0.03591	0.02492	0.03551	0.03900	0.63693	0.00885	0.00998	0.00516	0.00502
94	0.03202	0.31974	0.12937	0.02119	0.03063	0.07697	0.02108	0.03869	0.05817	0.14462	0.02318	0.02356	0.01747	0.01057	0.00863	0.00278	0.01196	0.00758	0.00683	0.01495
95	0.03102	0.01518	0.02051	0.01744	0.02167	0.01519	0.01351	0.03392	0.02277	0.27965	0.03460	0.04400	0.02813	0.17419	0.14321	0.00791	0.06315	0.01180	0.00924	0.01291
96	0.01270	0.01072	0.01100	0.01093	0.01441	0.00901	0.00819	0.01557	0.02458	0.02971	0.14445	0.09986	0.52011	0.02635	0.01249	0.00355	0.00532	0.02205	0.00997	0.00901
97	0.02242	0.02130	0.03614	0.39023	0.26643	0.02414	0.03058	0.02916	0.02230	0.02999	0.01923	0.02739	0.01514	0.01012	0.01053	0.00337	0.01349	0.00941	0.00491	0.01372
98	0.04558	0.02059	0.06344	0.01961	0.02832	0.01618	0.01721	0.05025	0.02970	0.53179	0.04010	0.03502	0.02527	0.01287	0.01059	0.00328	0.00947	0.01043	0.01248	0.01783
99	0.01406	0.01077	0.01288	0.01235	0.01524	0.00959	0.00926	0.01820	0.02779	0.03732	0.39182	0.08734	0.26799	0.02351	0.01248	0.00342	0.00512	0.02029	0.01097	0.00959
100	0.02462	0.02330	0.03942	0.11720	0.46705	0.02373	0.03031	0.03087	0.02424	0.03439	0.06303	0.03063	0.02316	0.01052	0.01064	0.00320	0.01211	0.01020	0.00569	0.01568
101	0.02958	0.10943	0.17593	0.07063	0.07965	0.02512	0.14868	0.03715	0.02481	0.16046	0.02451	0.02710	0.01741	0.01036	0.01043	0.00324	0.01370	0.00958	0.00682	0.01541
102	0.09640	0.01900	0.02707	0.06732	0.03216	0.01763	0.05235	0.04666	0.02816	0.44604	0.03625	0.03332	0.02330	0.01232	0.01043	0.00331	0.00997	0.01027	0.01134	0.01670
103	0.01345	0.00964	0.01278	0.01433	0.01546	0.00897	0.00986	0.01615	0.02288	0.03119	0.19422	0.47359	0.07806	0.02999	0.01322	0.00403	0.00582	0.02708	0.01031	0.00897
104	0.08425	0.02452	0.03202	0.18667	0.14764	0.02751	0.02408	0.21645	0.07416	0.04625	0.02308	0.02677	0.01732	0.01137	0.01024	0.00330	0.01194	0.00936	0.00762	0.01544
105	0.01410	0.01077	0.01293	0.01239	0.01527	0.00961	0.00930	0.01828	0.02789	0.03755	0.39928	0.08696	0.26040	0.02342	0.01248	0.00341	0.00512	0.02024	0.01100	0.00961
106	0.02192	0.01879	0.02192	0.01566	0.02506	0.01409	0.01253	0.02662	0.02192	0.03445	0.01879	0.02192	0.01566	0.00783	0.00783	0.00157	0.00783	0.00626	0.00626	0.69305
107	0.01496	0.01081	0.01413	0.01330	0.01580	0.00998	0.00998	0.01995	0.02993	0.04240	0.55689	0.07898	0.09976	0.02162	0.01247	0.00333	0.00499	0.01912	0.01164	0.00998
108	0.01285	0.00932	0.01214	0.01440	0.01525	0.00862	0.00967	0.01476	0.02055	0.02712	0.06221	0.57964	0.10927	0.03261	0.01341	0.00424	0.00607	0.02943	0.00982	0.00862
109	0.15464	0.01839	0.02307	0.01801	0.02592	0.01688	0.01487	0.04818	0.02826	0.48438	0.03730	0.03291	0.02377	0.01255	0.00996	0.00327	0.00886	0.00983	0.01202	0.01692
110	0.03950	0.05039	0.02996	0.02724	0.03269	0.58597	0.02043	0.04222	0.02996	0.02588	0.01634	0.01907	0.01362	0.01090	0.00953	0.00272	0.01907	0.00681	0.00545	0.01226
111	0.70310	0.02045	0.01554	0.01390	0.02045	0.02372	0.01145	0.03108	0.01799	0.04744	0.01472	0.01718	0.01145	0.00981	0.00654	0.00327	0.00818	0.00573	0.00654	0.01145
112	0.09303	0.27261	0.03849	0.02256	0.02948	0.32761	0.01875	0.03719	0.02566	0.02737	0.01557	0.01809	0.01341	0.01009	0.00822	0.00259	0.01513	0.00627	0.00519	0.01269
113	0.01317	0.01074	0.01164	0.01142	0.01469	0.00921	0.00856	0.01648	0.02569	0.03234	0.22975	0.09554	0.43318	0.02537	0.01249	0.00350	0.00526	0.02144	0.01031	0.00921
114	0.01997	0.01879	0.03171	0.60301	0.07282	0.02349	0.02936	0.02701	0.02114	0.02701	0.01879	0.02819	0.01409	0.01057	0.01057	0.00352	0.01409	0.00940	0.00470	0.01175
115	0.02898	0.02702	0.02617	0.02288	0.02751	0.12132	0.01810	0.10477	0.23194	0.03970	0.02947	0.03090	0.02302	0.01418	0.01501	0.00348	0.13160	0.01001	0.07956	0.01437
116	0.01308	0.00939	0.01268	0.01492	0.01564	0.00899	0.01011	0.01508	0.01996	0.02678	0.05566	0.57096	0.06614	0.03715	0.06345	0.00540	0.00807	0.02842	0.00945	0.00866
117	0.17207	0.08541	0.03301	0.02284	0.03053	0.02324	0.10164	0.04016	0.02480	0.27122	0.02768	0.02786	0.01914	0.01175	0.01171	0.00333	0.06039	0.00932	0.00885	0.01504
118	0.02568	0.42189	0.24559	0.02251	0.03397	0.03549	0.02579	0.03233	0.02179	0.02803	0.01627	0.01893	0.01350	0.00941	0.00798	0.00266	0.01289	0.00645	0.00450	0.01432
119	0.03291	0.01435	0.01883	0.01581	0.02117	0.01281	0.01251	0.03713	0.02799	0.32238	0.15272	0.09684	0.04596	0.01654	0.01075	0.00324	0.00722	0.01402	0.12270	0.01412
120	0.07254	0.07171	0.16197	0.17307	0.08020	0.07164	0.07082	0.03284	0.02269	0.06738	0.01954	0.02459	0.01482	0.01091	0.01194	0.00337	0.06208	0.00866	0.00547	0.01375
121	0.03641	0.02615	0.12145	0.08937	0.11645	0.02052	0.02384	0.07519	0.02834	0.30703	0.03105	0.03065	0.02076	0.01173	0.01050	0.00328	0.01137	0.00977	0.00939	0.01675
122	0.01788	0.00968	0.01050	0.01116	0.01313	0.00951	0.00804	0.02198	0.02165	0.03608	0.04088	0.19567	0.03860	0.01790	0.00903	0.00295	0.00525	0.01528	0.50531	0.00951
123	0.01467	0.01048	0.01432	0.01677	0.01817	0.01013	0.01293	0.01782	0.02201	0.02900	0.05729	0.40506	0.06602	0.03144	0.01397	0.00454	0.00769	0.22884	0.00978	0.00908
124	0.03336	0.03779	0.30927	0.02505	0.03711	0.02140	0.02803	0.07504	0.02750	0.25742	0.02881	0.02818	0.01899	0.01148	0.01032	0.00330	0.01261	0.00910	0.00845	0.01677
125	0.03028	0.01552	0.02195	0.01893	0.02341	0.01626	0.01529	0.03404	0.02279	0.26635	0.03274	0.03715	0.02500	0.04357	0.27333	0.00961	0.08068	0.01080	0.00885	0.01346
126	0.02630	0.02271	0.02391	0.02152	0.02749	0.02630	0.01674	0.05618	0.54336	0.04423	0.04303	0.03945	0.03228	0.01434	0.01076	0.00359	0.00837	0.01195	0.01076	0.01674
127	0.70310	0.02045	0.01554	0.01390	0.02045	0.02372	0.01145	0.03108	0.01799	0.04744	0.01472	0.01718	0.01145	0.00981	0.00654	0.00327	0.00818	0.00573	0.00654	0.01145
128	0.03521	0.01499	0.01977	0.01611	0.02202	0.01331	0.01294	0.03965	0.02899	0.35944	0.16979	0.04727	0.04476	0.01511	0.01062	0.00317	0.00739	0.01265	0.11203	0.01478
129	0.02720	0.58452	0.05208	0.01771	0.02622	0.03927	0.01744	0.03072	0.02216	0.02629	0.05838	0.02196	0.02051	0.01006	0.00724	0.00235	0.01080	0.00674	0.00510	0.01328
130	0.70310	0.02045	0.01554	0.01390	0.02045	0.02372	0.01145	0.03108	0.01799	0.04744	0.01472	0.01718	0.01145	0.00981	0.00654	0.00327	0.00818	0.00573	0.00654	0.01145
131	0.01498	0.01085	0.01438	0.01362	0.01606	0.01026	0.01026	0.01986	0.02880	0.04084	0.51081	0.07571	0.09337	0.02664	0.06252	0.00452	0.00702	0.01844	0.01112	0.00993
132	0.01433	0.01024	0.01393	0.01638	0.01763	0.00984	0.01234	0.01723	0.02167	0.02861	0.05747	0.44623	0.06676	0.03176	0.01388	0.00449	0.00739	0.19103	0.00979	0.00899
133	0.04019	0.02962	0.03173	0.02433	0.03279	0.03279	0.02010	0.52721	0.04971	0.06663	0.02538	0.02538	0.01798	0.01269	0.01058	0.00317	0.01163	0.00952	0.01058	0.01798
134	0.04744	0.01799	0.02454	0.01881	0.02699	0.01554	0.01554	0.05153	0.03026	0.56979	0.04171	0.03599	0.02617	0.01309	0.01063	0.00327	0.00900	0.01063	0.01309	0.01799
135	0.02252	0.16230	0.47751	0.02790	0.04231	0.02776	0.03517	0.03315	0.02217	0.03189	0.01818	0.02133	0.01343	0.00986	0.00944	0.00315	0.01482	0.00741	0.00448	0.01524
136	0.11972	0.02329	0.02495	0.01885	0.02750	0.02276	0.01538	0.22501	0.03238	0.04890	0.02086	0.02266	0.01602	0.01002	0.00874	0.00243	0.00938	0.00748	0.00801	0.33568
137	0.01288	0.00920	0.01227	0.01472	0.01534	0.00859	0.00981	0.01472	0.02024	0.02699	0.05828	0.62152	0.06993	0.03312	0.01350	0.00429	0.00613	0.03006	0.00981	0.00859
138	0.01288	0.00920	0.01227	0.01472	0.01534	0.00859	0.00981	0.01472	0.02024	0.02699	0.05828	0.62152	0.06993	0.03312	0.01350	0.00429	0.00613	0.03006	0.00981	0.00859
139	0.08936	0.02640	0.14954	0.02058	0.02870	0.01950	0.01991	0.09817	0.02742	0.19764	0.07226	0.03617	0.02776	0.06131	0.07362	0.00519	0.01259	0.01050	0.00884	0.01453
140	0.03101	0.35491	0.04204	0.02133	0.02831	0.23852	0.01844	0.03419	0.02412	0.02521	0.01673	0.02031	0.01494	0.01710	0.06862	0.00398	0.01594	0.00667	0.00498	0.01265
141	0.02192	0.01879	0.02192	0.01566	0.02506	0.01409	0.01253	0.02662	0.02192	0.03445	0.01879	0.02192	0.01566	0.00783	0.00783	0.00157	0.00783	0.00626	0.00626	0.69305
142	0.04450	0.02016	0.02557	0.01988	0.02791	0.01909	0.01633	0.12397	0.07794	0.44778	0.03936	0.03468	0.02546	0.01314	0.01064	0.00328	0.00934	0.01058	0.01250	0.01788
143	0.01284	0.00936	0.01211	0.01430	0.01522	0.00862	0.00963	0.01477	0.02065	0.02716	0.06340	0.56699	0.12116	0.03246	0.01339	0.00422	0.00605	0.02925	0.00982	0.00862
144	0.01538	0.01025	0.01153	0.01153	0.01153	0.01025	0.00641	0.01538	0.01538	0.02050	0.03331	0.06919	0.03844	0.62842	0.05382	0.01025	0.01025	0.01538	0.00641	0.00641
145	0.03908	0.13336	0.03489	0.02251	0.03103	0.03207	0.01914	0.37774	0.04221	0.12627	0.02570	0.02533	0.01830	0.01211	0.00992	0.00303	0.01123	0.00899	0.00986	0.01721
146	0.02483	0.19414	0.03552	0.06828	0.03206	0.07323	0.05716	0.02955	0.02323	0.03091	0.05481	0.02528	0.02061	0.00970	0.00861	0.00231	0.01091	0.00779	0.00587	0.28520
147	0.02261	0.02345	0.08430	0.23934	0.04587	0.02027	0.02228	0.06854	0.02395	0.03419	0.01935	0.02461	0.01502	0.00949	0.00932	0.00262	0.01132	0.00787	0.00584	0.30975
148	0.02184	0.01773	0.02558	0.28539	0.04610	0.01793	0.02018	0.02727	0.02196	0.06723	0.02452	0.08868	0.02136	0.01211	0.00988	0.00287	0.01061	0.01050	0.00639	0.26188
149	0.01823	0.01589	0.05603	0.05850	0.02506	0.01355	0.06626	0.02153	0.02049	0.06306	0.04460	0.23339	0.08447	0.20193	0.02463	0.00574	0.00988	0.01904	0.00786	0.00988
150	0.09804	0.01900	0.02985	0.02314	0.03029	0.01793	0.13774	0.03228	0.02342	0.16000	0.03357	0.03682	0.06443	0.02534	0.12517	0.00587	0.01446	0.01108	0.00786	0.10371
151	0.02512	0.02153	0.05834	0.01770	0.02638	0.01693	0.01517	0.09780	0.02743	0.07383	0.09273	0.03091	0.02769	0.01082	0.00915	0.00225	0.00857	0.00881	0.00790	0.42095
152	0.24945	0.02085	0.01950	0.01651	0.02302	0.06753	0.01315	0.03504	0.06578	0.14372	0.07013	0.03662	0.08024	0.01324	0.00916	0.00305	0.00874	0.01002	0.00873	0.10553

[dist]
# distance from previous block
# <min> <max>
1	97

[block]
# block no. 4 follows, 13 sequences, length 19
# corresponding to MSA columns:
# 773-791
name=unknown_E
#
# <colnr> <probs for GDERKNQSTAVLIFYWHMCP>
#	G	D	E	R	K	N	Q	S	T	A	V	L	I	F	Y	W	H	M	C	P
0	0.02872	0.02865	0.15725	0.02174	0.03138	0.02034	0.02124	0.07706	0.02561	0.14644	0.02365	0.02534	0.01731	0.01092	0.01182	0.00279	0.06930	0.00812	0.00745	0.26486
1	0.02323	0.01247	0.01641	0.01537	0.01860	0.01172	0.01152	0.02626	0.02350	0.17122	0.11759	0.15927	0.08361	0.13431	0.08936	0.00646	0.01033	0.04787	0.00983	0.01108
2	0.19551	0.11027	0.15813	0.02073	0.03027	0.09230	0.02059	0.03436	0.02279	0.08771	0.01926	0.02125	0.01459	0.00990	0.00839	0.00281	0.01171	0.00692	0.00625	0.12628
3	0.29607	0.02372	0.02278	0.01914	0.02487	0.08458	0.01555	0.03288	0.02108	0.10194	0.01868	0.02170	0.01468	0.01181	0.01345	0.00321	0.13463	0.00727	0.00677	0.12517
4	0.01999	0.16100	0.02547	0.05875	0.02331	0.01858	0.01366	0.02383	0.02461	0.06603	0.21722	0.20725	0.05991	0.02042	0.01113	0.00335	0.00774	0.01765	0.00901	0.01109
5	0.02996	0.14340	0.17846	0.02459	0.03383	0.02706	0.05528	0.09505	0.02702	0.13980	0.05720	0.02845	0.02218	0.01237	0.01263	0.00326	0.07759	0.00934	0.00742	0.01510
6	0.28020	0.02460	0.02461	0.17274	0.03804	0.09675	0.01881	0.08847	0.02543	0.10808	0.02062	0.02363	0.01503	0.01089	0.00896	0.00326	0.01164	0.00788	0.00719	0.01319
7	0.06848	0.01126	0.01309	0.01305	0.01542	0.01098	0.00938	0.02201	0.02305	0.06881	0.16997	0.20418	0.05655	0.08754	0.01550	0.00413	0.00634	0.01784	0.17262	0.00980
8	0.10726	0.06837	0.14592	0.12174	0.04140	0.02781	0.07989	0.07551	0.06166	0.03592	0.01988	0.02468	0.01545	0.01193	0.01414	0.00355	0.11634	0.00890	0.00588	0.01378
9	0.01343	0.00961	0.01285	0.01494	0.01590	0.00902	0.01040	0.01586	0.02162	0.02904	0.11277	0.52282	0.07249	0.03156	0.01347	0.00423	0.00629	0.06487	0.01001	0.00883
10	0.02263	0.01186	0.01550	0.01548	0.01825	0.01102	0.01150	0.02550	0.02282	0.15803	0.04895	0.29949	0.05064	0.09106	0.01677	0.00460	0.00761	0.08073	0.07670	0.01087
11	0.02359	0.01469	0.02088	0.14571	0.03186	0.01532	0.01658	0.02745	0.02335	0.15735	0.04889	0.21301	0.10538	0.02137	0.01346	0.00385	0.04707	0.04921	0.00914	0.01184
