[name]
unknown

[dist]
# distance from previous block
# <min> <max>
0	322

[block]
# block no. 0 follows, 11 sequences, length 17
# corresponding to MSA columns:
# 330-346
name=unknown_A
#
# <colnr> <probs for GDERKNQSTAVLIFYWHMCP>
#	G	D	E	R	K	N	Q	S	T	A	V	L	I	F	Y	W	H	M	C	P
0	0.01592	0.01186	0.01503	0.01526	0.01816	0.01098	0.01212	0.02064	0.02890	0.03881	0.31201	0.10078	0.19081	0.02637	0.01388	0.00403	0.00672	0.13600	0.01142	0.01030
1	0.02158	0.01982	0.03285	0.36211	0.16798	0.02266	0.02822	0.02824	0.02409	0.03223	0.07620	0.07949	0.02973	0.01408	0.01168	0.00370	0.01297	0.01280	0.00632	0.01323
2	0.02606	0.01365	0.01842	0.01657	0.02050	0.01283	0.01264	0.03009	0.02735	0.18642	0.21310	0.11610	0.06130	0.07857	0.10754	0.00665	0.01130	0.01716	0.01114	0.01261
3	0.04744	0.01826	0.02450	0.01904	0.02711	0.01592	0.01564	0.05189	0.03132	0.49023	0.04361	0.03869	0.02796	0.01385	0.01096	0.00339	0.00913	0.01123	0.08157	0.01826
4	0.02832	0.02154	0.02502	0.01823	0.02799	0.01790	0.01473	0.09571	0.02820	0.08370	0.02302	0.02510	0.01795	0.00952	0.00899	0.00206	0.00900	0.00754	0.00791	0.52756
5	0.01453	0.01162	0.01311	0.01321	0.01659	0.01020	0.01023	0.01826	0.02719	0.03438	0.20770	0.10473	0.37005	0.02749	0.01357	0.00391	0.00618	0.07627	0.01091	0.00988
6	0.18166	0.04310	0.02887	0.02540	0.03198	0.35742	0.01961	0.11628	0.03257	0.03963	0.01860	0.02096	0.01476	0.01166	0.00964	0.00310	0.01648	0.00747	0.00695	0.01386
7	0.03112	0.01976	0.02414	0.01763	0.02726	0.01544	0.01425	0.03593	0.02588	0.18136	0.02699	0.02763	0.01987	0.00994	0.00919	0.00219	0.00869	0.00800	0.00875	0.48598
8	0.19383	0.02043	0.02493	0.01999	0.02722	0.02076	0.01653	0.04641	0.02736	0.36517	0.03412	0.03200	0.02263	0.01383	0.01345	0.00366	0.07983	0.00993	0.01121	0.01670
9	0.03009	0.61122	0.05898	0.01926	0.02889	0.04454	0.01926	0.03370	0.02287	0.02648	0.01565	0.01805	0.01444	0.00963	0.00722	0.00241	0.01204	0.00602	0.00481	0.01444
10	0.01531	0.01208	0.01393	0.01416	0.01708	0.01124	0.01034	0.02097	0.06683	0.03515	0.20149	0.22180	0.26299	0.02772	0.01341	0.00393	0.00608	0.02407	0.01103	0.01039
11	0.02255	0.10455	0.02726	0.02004	0.02353	0.02172	0.01655	0.02632	0.01999	0.07387	0.02714	0.03701	0.02419	0.05767	0.35346	0.01255	0.10255	0.01078	0.00642	0.01186
12	0.03412	0.02903	0.09142	0.02355	0.03276	0.02613	0.02090	0.17142	0.18681	0.12518	0.03372	0.03251	0.02429	0.01306	0.01085	0.00332	0.01083	0.01042	0.01028	0.10941
13	0.03462	0.09402	0.02925	0.02340	0.06426	0.07023	0.01734	0.07254	0.03056	0.21189	0.11049	0.11713	0.04182	0.01719	0.01141	0.00344	0.01030	0.01434	0.01052	0.01524
14	0.03148	0.02003	0.02989	0.17109	0.04162	0.02188	0.05198	0.03824	0.06141	0.19842	0.03167	0.03908	0.02441	0.09587	0.02098	0.00481	0.08224	0.01173	0.00872	0.01446
15	0.08363	0.01499	0.01806	0.01828	0.02188	0.01524	0.01408	0.03087	0.09765	0.10588	0.05239	0.28958	0.05429	0.02618	0.01306	0.00433	0.00827	0.10823	0.01075	0.01236
16	0.36247	0.02369	0.02338	0.01897	0.02690	0.02567	0.01565	0.15974	0.03116	0.17506	0.02561	0.02543	0.01781	0.01209	0.00915	0.00346	0.00988	0.00842	0.00978	0.01570

[dist]
# distance from previous block
# <min> <max>
1	33

[block]
# block no. 1 follows, 11 sequences, length 18
# corresponding to MSA columns:
# 380-397
name=unknown_B
#
# <colnr> <probs for GDERKNQSTAVLIFYWHMCP>
#	G	D	E	R	K	N	Q	S	T	A	V	L	I	F	Y	W	H	M	C	P
0	0.03469	0.02529	0.10545	0.09396	0.03741	0.02154	0.02365	0.04053	0.02657	0.25911	0.03464	0.04310	0.02634	0.01602	0.01585	0.00396	0.10443	0.06210	0.00956	0.01581
1	0.13874	0.02056	0.02558	0.08817	0.08991	0.02121	0.01839	0.09993	0.03000	0.07717	0.15419	0.04107	0.04021	0.01417	0.01068	0.00327	0.00966	0.01172	0.00903	0.09632
2	0.03153	0.08691	0.04134	0.16212	0.19386	0.10824	0.06016	0.08308	0.02884	0.06647	0.02191	0.02696	0.01706	0.01105	0.01081	0.00332	0.01470	0.00953	0.00650	0.01563
3	0.02106	0.02020	0.09627	0.01804	0.02379	0.01392	0.01579	0.02578	0.02436	0.08348	0.12342	0.20114	0.05192	0.09465	0.01770	0.00443	0.00901	0.01799	0.00915	0.12791
4	0.02303	0.02001	0.02490	0.10070	0.03429	0.01650	0.01602	0.02840	0.02321	0.03549	0.02001	0.02434	0.01642	0.00877	0.00877	0.00198	0.00933	0.00717	0.00642	0.57423
5	0.01946	0.01517	0.02136	0.02429	0.09485	0.01690	0.01525	0.02246	0.01912	0.02806	0.02951	0.04925	0.02945	0.23502	0.18670	0.01025	0.08324	0.01280	0.07644	0.01043
6	0.09440	0.01357	0.01517	0.01426	0.01792	0.01331	0.01087	0.02425	0.06286	0.04275	0.34596	0.07860	0.18061	0.02217	0.01241	0.00361	0.00604	0.01888	0.01128	0.01107
7	0.10582	0.01962	0.02448	0.01867	0.02753	0.01701	0.01531	0.04605	0.02870	0.36666	0.03545	0.03258	0.02351	0.01218	0.01014	0.00303	0.00918	0.00964	0.01142	0.18303
8	0.68395	0.02177	0.01654	0.01480	0.02177	0.02525	0.01219	0.03309	0.01915	0.05050	0.01567	0.01828	0.01219	0.01045	0.00697	0.00348	0.00871	0.00609	0.00697	0.01219
9	0.10891	0.02699	0.03210	0.02639	0.03074	0.03356	0.02190	0.21180	0.03144	0.04701	0.01968	0.02482	0.01618	0.01619	0.02337	0.00415	0.29262	0.00952	0.00765	0.01497
10	0.03156	0.54428	0.05607	0.02003	0.02958	0.04342	0.01950	0.08716	0.02634	0.03161	0.01696	0.01909	0.01499	0.01008	0.00769	0.00252	0.01208	0.00649	0.00556	0.01499
11	0.36515	0.01752	0.01629	0.01508	0.02025	0.01905	0.01204	0.03119	0.02160	0.09392	0.02914	0.04290	0.02571	0.08311	0.01442	0.00442	0.00873	0.06072	0.10695	0.01180
12	0.01499	0.01122	0.01390	0.01375	0.01637	0.01014	0.01011	0.01922	0.02887	0.03925	0.36210	0.16659	0.19990	0.02612	0.01344	0.00376	0.00558	0.02289	0.01165	0.01014
13	0.36161	0.02044	0.02142	0.01746	0.02531	0.02082	0.01440	0.04416	0.02580	0.30062	0.03029	0.02847	0.02016	0.01222	0.00918	0.00348	0.00915	0.00875	0.01051	0.01573
14	0.02016	0.01628	0.01855	0.01748	0.02148	0.01716	0.01322	0.03526	0.21903	0.04271	0.24897	0.12457	0.11622	0.02182	0.01268	0.00378	0.00689	0.01894	0.01163	0.01317
15	0.01566	0.01149	0.01467	0.01388	0.01665	0.01051	0.01041	0.02072	0.03123	0.04364	0.48616	0.08654	0.14928	0.02357	0.01328	0.00357	0.00535	0.02070	0.01219	0.01051
16	0.02213	0.01416	0.01809	0.01696	0.02054	0.01366	0.01316	0.07077	0.03152	0.09643	0.29352	0.16580	0.07907	0.02414	0.01332	0.00389	0.00726	0.07165	0.01188	0.01208
17	0.02715	0.02603	0.04442	0.12319	0.48563	0.02656	0.03419	0.03393	0.02530	0.03592	0.02105	0.02809	0.01753	0.01016	0.01115	0.00339	0.01354	0.01003	0.00551	0.01726

[dist]
# distance from previous block
# <min> <max>
0	4

[block]
# block no. 2 follows, 11 sequences, length 7
# corresponding to MSA columns:
# 402-408
name=unknown_C
#
# <colnr> <probs for GDERKNQSTAVLIFYWHMCP>
#	G	D	E	R	K	N	Q	S	T	A	V	L	I	F	Y	W	H	M	C	P
0	0.01893	0.01465	0.01763	0.01633	0.01991	0.01494	0.01241	0.03082	0.15165	0.04562	0.40840	0.07362	0.08835	0.02109	0.01282	0.00361	0.00620	0.01846	0.01216	0.01241
1	0.68395	0.02177	0.01654	0.01480	0.02177	0.02525	0.01219	0.03309	0.01915	0.05050	0.01567	0.01828	0.01219	0.01045	0.00697	0.00348	0.00871	0.00609	0.00697	0.01219
2	0.03815	0.01954	0.02486	0.01850	0.02780	0.01584	0.01509	0.04280	0.02818	0.31227	0.03331	0.03150	0.02277	0.01139	0.00996	0.00266	0.00901	0.00920	0.01063	0.31654
3	0.68395	0.02177	0.01654	0.01480	0.02177	0.02525	0.01219	0.03309	0.01915	0.05050	0.01567	0.01828	0.01219	0.01045	0.00697	0.00348	0.00871	0.00609	0.00697	0.01219
4	0.01649	0.01130	0.01361	0.01303	0.01586	0.01042	0.00977	0.02141	0.02932	0.04225	0.37035	0.07978	0.15687	0.02197	0.01225	0.00340	0.00536	0.01900	0.13714	0.01042
5	0.03071	0.02766	0.04341	0.06083	0.43884	0.02830	0.03203	0.12284	0.03084	0.04330	0.02229	0.02770	0.01808	0.01069	0.01116	0.00335	0.01318	0.01005	0.00666	0.01808
6	0.17851	0.02251	0.02901	0.02315	0.03014	0.02346	0.08890	0.15401	0.03291	0.09118	0.12387	0.08417	0.03913	0.01583	0.01125	0.00360	0.01051	0.01355	0.00980	0.01451

[dist]
# distance from previous block
# <min> <max>
0	1

[block]
# block no. 3 follows, 11 sequences, length 13
# corresponding to MSA columns:
# 410-422
name=unknown_D
#
# <colnr> <probs for GDERKNQSTAVLIFYWHMCP>
#	G	D	E	R	K	N	Q	S	T	A	V	L	I	F	Y	W	H	M	C	P
0	0.01395	0.00998	0.01327	0.01551	0.01638	0.00930	0.01047	0.01627	0.02265	0.03048	0.11182	0.54233	0.07783	0.03395	0.01425	0.00446	0.00640	0.03075	0.01066	0.00930
1	0.03781	0.03059	0.03198	0.02596	0.03261	0.17047	0.07775	0.09037	0.03110	0.16911	0.02875	0.03052	0.02093	0.01305	0.01288	0.00334	0.06156	0.01007	0.10603	0.01511
2	0.02267	0.05342	0.48050	0.03015	0.04595	0.02474	0.03804	0.03473	0.02371	0.03577	0.02017	0.02371	0.01456	0.01040	0.01040	0.00333	0.01559	0.00811	0.00499	0.09906
3	0.57308	0.02727	0.01919	0.01725	0.02402	0.11748	0.01384	0.03513	0.02136	0.04653	0.01597	0.01863	0.01259	0.01065	0.00752	0.00338	0.01071	0.00629	0.00676	0.01234
4	0.03009	0.61122	0.05898	0.01926	0.02889	0.04454	0.01926	0.03370	0.02287	0.02648	0.01565	0.01805	0.01444	0.00963	0.00722	0.00241	0.01204	0.00602	0.00481	0.01444
5	0.01737	0.00998	0.01387	0.01449	0.01513	0.00959	0.00978	0.01509	0.01769	0.02311	0.04157	0.17817	0.09672	0.03685	0.03305	0.42879	0.00849	0.01685	0.00692	0.00648
6	0.01593	0.01150	0.01504	0.01416	0.01681	0.01062	0.01062	0.02124	0.03186	0.04513	0.52830	0.08407	0.10620	0.02301	0.01327	0.00354	0.00531	0.02035	0.01239	0.01062
7	0.01560	0.01272	0.01783	0.01650	0.01954	0.01158	0.05372	0.01914	0.02526	0.03321	0.18672	0.20894	0.21535	0.09008	0.01836	0.00470	0.00759	0.02313	0.01010	0.00992
8	0.02334	0.02001	0.02334	0.01667	0.02667	0.01500	0.01334	0.02834	0.02334	0.03668	0.02001	0.02334	0.01667	0.00834	0.00834	0.00167	0.00834	0.00667	0.00667	0.67325
9	0.02749	0.01484	0.02074	0.01924	0.02300	0.01514	0.01517	0.03113	0.02410	0.19456	0.04363	0.17623	0.04104	0.04069	0.16892	0.00811	0.05716	0.05592	0.00991	0.01298
10	0.03048	0.02301	0.03755	0.12990	0.32397	0.02315	0.02853	0.03671	0.02699	0.13783	0.06605	0.03475	0.02646	0.01203	0.01136	0.00345	0.01221	0.01111	0.00771	0.01673
11	0.09818	0.02012	0.02285	0.01678	0.02633	0.01627	0.01351	0.03132	0.02370	0.08509	0.02179	0.02418	0.01722	0.00909	0.00846	0.00203	0.00849	0.00704	0.00737	0.54018
12	0.14311	0.09007	0.07108	0.01846	0.02335	0.11080	0.01522	0.02782	0.02136	0.03039	0.02769	0.09188	0.02898	0.22496	0.02652	0.00603	0.01235	0.01253	0.00660	0.01080

[dist]
# distance from previous block
# <min> <max>
0	2

[block]
# block no. 4 follows, 11 sequences, length 21
# corresponding to MSA columns:
# 425-445
name=unknown_E
#
# <colnr> <probs for GDERKNQSTAVLIFYWHMCP>
#	G	D	E	R	K	N	Q	S	T	A	V	L	I	F	Y	W	H	M	C	P
0	0.02288	0.01280	0.01723	0.01781	0.02065	0.01201	0.01373	0.02614	0.02459	0.13477	0.05512	0.28670	0.05869	0.08411	0.01822	0.00514	0.00876	0.15851	0.01079	0.01135
1	0.68395	0.02177	0.01654	0.01480	0.02177	0.02525	0.01219	0.03309	0.01915	0.05050	0.01567	0.01828	0.01219	0.01045	0.00697	0.00348	0.00871	0.00609	0.00697	0.01219
2	0.03270	0.02313	0.02559	0.02230	0.02916	0.02560	0.01755	0.05877	0.41321	0.15054	0.04552	0.04122	0.03300	0.01499	0.01142	0.00375	0.00905	0.01243	0.01197	0.01810
3	0.01955	0.00978	0.01466	0.01466	0.01466	0.00978	0.00978	0.01466	0.01466	0.01955	0.01955	0.03421	0.01955	0.03910	0.04399	0.67253	0.00978	0.00978	0.00489	0.00489
4	0.02797	0.02021	0.03140	0.41008	0.06290	0.02352	0.02695	0.03706	0.06985	0.13742	0.02747	0.03284	0.01947	0.01218	0.01128	0.00370	0.01331	0.01053	0.00746	0.01438
5	0.03940	0.02764	0.03024	0.02420	0.03237	0.03033	0.01966	0.30559	0.18835	0.12786	0.03502	0.03305	0.02489	0.01410	0.01133	0.00352	0.01096	0.01107	0.01168	0.01875
6	0.02713	0.01438	0.01986	0.08484	0.02786	0.01362	0.01487	0.03066	0.02569	0.20388	0.05591	0.29106	0.09496	0.02443	0.01285	0.00403	0.00852	0.02149	0.01098	0.01300
7	0.04266	0.01730	0.02348	0.01888	0.02606	0.01509	0.01522	0.04689	0.03111	0.43085	0.10481	0.09932	0.04198	0.01715	0.01186	0.00360	0.00876	0.01447	0.01340	0.01713
8	0.01650	0.01139	0.01453	0.01374	0.01640	0.01061	0.01031	0.02180	0.03092	0.04478	0.47262	0.07930	0.09744	0.02189	0.01266	0.00344	0.00530	0.01924	0.08652	0.01061
9	0.02371	0.01163	0.01656	0.01541	0.01735	0.01103	0.01103	0.02242	0.02104	0.10782	0.12984	0.04529	0.03898	0.03174	0.03238	0.42651	0.00881	0.01223	0.00789	0.00835
10	0.02725	0.02275	0.03495	0.16639	0.21301	0.02369	0.02635	0.03305	0.02412	0.08395	0.02224	0.02806	0.01758	0.01143	0.01349	0.00327	0.07656	0.00941	0.00643	0.15601
11	0.02682	0.04977	0.42136	0.03217	0.04713	0.02510	0.08907	0.03830	0.02523	0.10457	0.02378	0.02648	0.01643	0.01100	0.01107	0.00358	0.01594	0.00928	0.00611	0.01681
12	0.02474	0.02350	0.03909	0.16624	0.37775	0.02430	0.03072	0.03113	0.02499	0.03436	0.03219	0.03805	0.07929	0.01252	0.01143	0.00348	0.01278	0.01169	0.00605	0.01573
13	0.03381	0.34726	0.10372	0.02185	0.03116	0.03456	0.02161	0.03857	0.02477	0.15577	0.02323	0.02434	0.01779	0.01175	0.01137	0.00304	0.06469	0.00795	0.00708	0.01567
14	0.01391	0.01018	0.01308	0.01498	0.01624	0.00935	0.01024	0.01636	0.02321	0.03079	0.12115	0.47975	0.13322	0.03306	0.01411	0.00436	0.00629	0.02968	0.01067	0.00935
15	0.01572	0.01275	0.01417	0.01437	0.01759	0.01206	0.01054	0.02259	0.09178	0.03404	0.14191	0.21902	0.29673	0.02773	0.01331	0.00396	0.00630	0.02391	0.01082	0.01068
16	0.02376	0.02256	0.03828	0.38465	0.25070	0.02566	0.03250	0.03095	0.02369	0.03180	0.02045	0.02919	0.01607	0.01079	0.01121	0.00360	0.01438	0.01001	0.00522	0.01452
17	0.01383	0.01075	0.01259	0.01356	0.01589	0.00950	0.00962	0.01664	0.02479	0.03171	0.14872	0.30857	0.28249	0.03057	0.01374	0.00409	0.00599	0.02672	0.01071	0.00950
18	0.11589	0.02016	0.02269	0.01675	0.02621	0.01655	0.01350	0.03162	0.02365	0.08872	0.02184	0.02414	0.01717	0.00918	0.00845	0.00209	0.00851	0.00705	0.00743	0.51842
19	0.03497	0.02572	0.03518	0.03256	0.11352	0.02615	0.07421	0.15403	0.13532	0.13832	0.03199	0.03233	0.02321	0.01244	0.01123	0.00336	0.01165	0.01088	0.00980	0.08314
20	0.10102	0.42650	0.08012	0.01912	0.02769	0.03633	0.01874	0.03131	0.02233	0.03010	0.02226	0.09722	0.02234	0.01328	0.00839	0.00290	0.01122	0.00971	0.00582	0.01361

[dist]
# distance from previous block
# <min> <max>
1	59

[block]
# block no. 5 follows, 11 sequences, length 22
# corresponding to MSA columns:
# 505-526
name=unknown_F
#
# <colnr> <probs for GDERKNQSTAVLIFYWHMCP>
#	G	D	E	R	K	N	Q	S	T	A	V	L	I	F	Y	W	H	M	C	P
0	0.01647	0.01225	0.01576	0.01777	0.01957	0.01227	0.01323	0.02268	0.07943	0.03209	0.05955	0.41522	0.06739	0.03191	0.01433	0.00464	0.00777	0.13668	0.01054	0.01045
1	0.02777	0.02263	0.02572	0.01877	0.02855	0.01954	0.01517	0.13515	0.03008	0.04449	0.02161	0.02418	0.01723	0.00952	0.00900	0.00206	0.00926	0.00746	0.00772	0.52408
2	0.01599	0.01624	0.07561	0.01787	0.02094	0.01208	0.01501	0.02012	0.02373	0.03238	0.12845	0.33551	0.06843	0.07304	0.01722	0.00487	0.00844	0.09400	0.00981	0.01026
3	0.02482	0.05769	0.48681	0.03172	0.04711	0.08763	0.03930	0.03672	0.02470	0.03471	0.01988	0.02336	0.01429	0.01080	0.01063	0.00349	0.01706	0.00819	0.00487	0.01622
4	0.01995	0.01840	0.03053	0.02611	0.02913	0.02146	0.10270	0.02431	0.01977	0.02845	0.02830	0.09746	0.02774	0.04856	0.26439	0.01058	0.17063	0.01390	0.00617	0.01147
5	0.02624	0.01283	0.01582	0.01489	0.01877	0.01168	0.01120	0.02995	0.02564	0.17833	0.05542	0.21967	0.09908	0.02191	0.01146	0.00360	0.00692	0.01885	0.20531	0.01242
6	0.04967	0.02048	0.02694	0.02065	0.02939	0.01851	0.01706	0.10213	0.03443	0.49162	0.04254	0.03710	0.02693	0.01389	0.01131	0.00347	0.00988	0.01119	0.01364	0.01915
7	0.01724	0.01234	0.01701	0.01896	0.02135	0.01211	0.01591	0.02209	0.02653	0.03525	0.14621	0.17082	0.07347	0.03006	0.01500	0.00481	0.00901	0.33081	0.01075	0.01028
8	0.09976	0.01959	0.02215	0.02030	0.02479	0.02142	0.01627	0.16827	0.03175	0.04511	0.04617	0.19313	0.07895	0.02339	0.01430	0.00416	0.05003	0.09751	0.00990	0.01304
9	0.02126	0.02001	0.03376	0.57739	0.07752	0.02501	0.03126	0.02876	0.02251	0.02876	0.02001	0.03001	0.01500	0.01125	0.01125	0.00375	0.01500	0.01000	0.00500	0.01250
10	0.02257	0.05822	0.54613	0.03208	0.04871	0.02614	0.04158	0.03564	0.02376	0.03564	0.02020	0.02376	0.01426	0.01069	0.01069	0.00356	0.01663	0.00832	0.00475	0.01663
11	0.01663	0.01243	0.01593	0.01783	0.02000	0.01232	0.01379	0.02262	0.06921	0.03240	0.06416	0.33024	0.10684	0.03129	0.01444	0.00466	0.00809	0.18619	0.01051	0.01043
12	0.01791	0.01052	0.01218	0.01269	0.01479	0.01015	0.00917	0.02228	0.02484	0.03906	0.15031	0.20175	0.05801	0.02127	0.01081	0.00335	0.00561	0.01847	0.34667	0.01015
13	0.02101	0.01429	0.01771	0.01644	0.02009	0.01412	0.01244	0.03063	0.11749	0.08905	0.34468	0.13014	0.08253	0.02217	0.01289	0.00370	0.00648	0.01947	0.01214	0.01253
14	0.05050	0.01915	0.02612	0.02003	0.02873	0.01654	0.01654	0.05485	0.03221	0.54203	0.04440	0.03831	0.02786	0.01393	0.01132	0.00348	0.00958	0.01132	0.01393	0.01915
15	0.01608	0.01206	0.01809	0.01809	0.02010	0.01407	0.01407	0.02010	0.01809	0.02613	0.03015	0.04422	0.02814	0.08441	0.55984	0.01809	0.03015	0.01206	0.00603	0.01005
16	0.02253	0.02050	0.03372	0.39574	0.06295	0.02407	0.07659	0.03267	0.07717	0.03304	0.02503	0.03271	0.01892	0.01172	0.01111	0.00364	0.01366	0.01071	0.08039	0.01315
17	0.01371	0.00979	0.01306	0.01567	0.01632	0.00914	0.01045	0.01567	0.02155	0.02873	0.06203	0.59710	0.07444	0.03526	0.01437	0.00457	0.00653	0.03200	0.01045	0.00914
18	0.01371	0.00979	0.01306	0.01567	0.01632	0.00914	0.01045	0.01567	0.02155	0.02873	0.06203	0.59710	0.07444	0.03526	0.01437	0.00457	0.00653	0.03200	0.01045	0.00914
19	0.02257	0.05822	0.54613	0.03208	0.04871	0.02614	0.04158	0.03564	0.02376	0.03564	0.02020	0.02376	0.01426	0.01069	0.01069	0.00356	0.01663	0.00832	0.00475	0.01663
20	0.10021	0.36402	0.05221	0.02509	0.03417	0.03599	0.12254	0.03320	0.02355	0.03189	0.02123	0.03074	0.01937	0.01165	0.00929	0.00308	0.01304	0.04898	0.00575	0.01398
21	0.10083	0.01984	0.02239	0.01943	0.02334	0.05708	0.01497	0.03350	0.02270	0.17753	0.03071	0.04243	0.02651	0.17422	0.08857	0.00723	0.10599	0.01162	0.00843	0.01267

[dist]
# distance from previous block
# <min> <max>
0	1

[block]
# block no. 6 follows, 11 sequences, length 39
# corresponding to MSA columns:
# 528-566
name=unknown_G
#
# <colnr> <probs for GDERKNQSTAVLIFYWHMCP>
#	G	D	E	R	K	N	Q	S	T	A	V	L	I	F	Y	W	H	M	C	P
0	0.20790	0.19116	0.03485	0.02093	0.02896	0.12720	0.01781	0.10666	0.02922	0.10900	0.02152	0.02257	0.01636	0.01135	0.00883	0.00307	0.01238	0.00758	0.00773	0.01493
1	0.01371	0.00979	0.01306	0.01567	0.01632	0.00914	0.01045	0.01567	0.02155	0.02873	0.06203	0.59710	0.07444	0.03526	0.01437	0.00457	0.00653	0.03200	0.01045	0.00914
2	0.02725	0.02612	0.04459	0.11590	0.49217	0.02658	0.03424	0.03401	0.02534	0.03603	0.02106	0.02805	0.01757	0.01014	0.01115	0.00338	0.01352	0.01003	0.00552	0.01734
3	0.02334	0.02001	0.02334	0.01667	0.02667	0.01500	0.01334	0.02834	0.02334	0.03668	0.02001	0.02334	0.01667	0.00834	0.00834	0.00167	0.00834	0.00667	0.00667	0.67325
4	0.68395	0.02177	0.01654	0.01480	0.02177	0.02525	0.01219	0.03309	0.01915	0.05050	0.01567	0.01828	0.01219	0.01045	0.00697	0.00348	0.00871	0.00609	0.00697	0.01219
5	0.03009	0.61122	0.05898	0.01926	0.02889	0.04454	0.01926	0.03370	0.02287	0.02648	0.01565	0.01805	0.01444	0.00963	0.00722	0.00241	0.01204	0.00602	0.00481	0.01444
6	0.04201	0.01666	0.02162	0.01728	0.02424	0.01480	0.01405	0.04662	0.02974	0.39816	0.04219	0.03936	0.02815	0.01370	0.01033	0.00324	0.00833	0.01108	0.20180	0.01666
7	0.01566	0.01149	0.01467	0.01388	0.01665	0.01051	0.01041	0.02072	0.03123	0.04364	0.48612	0.08654	0.14931	0.02357	0.01328	0.00357	0.00535	0.02070	0.01219	0.01051
8	0.01723	0.01220	0.01377	0.01336	0.01729	0.01056	0.01037	0.02078	0.02714	0.07575	0.16443	0.10053	0.38409	0.02670	0.01333	0.00386	0.00638	0.06065	0.01102	0.01055
9	0.01371	0.00979	0.01306	0.01567	0.01632	0.00914	0.01045	0.01567	0.02155	0.02873	0.06203	0.59710	0.07444	0.03526	0.01437	0.00457	0.00653	0.03200	0.01045	0.00914
10	0.04204	0.05364	0.03190	0.02900	0.03480	0.55926	0.02175	0.04494	0.03190	0.02755	0.01740	0.02030	0.01450	0.01160	0.01015	0.00290	0.02030	0.00725	0.00580	0.01305
11	0.15974	0.02087	0.02524	0.01972	0.02815	0.01992	0.01628	0.09605	0.03205	0.40870	0.03764	0.03368	0.02425	0.01328	0.01056	0.00347	0.00971	0.01029	0.01245	0.01794
12	0.13311	0.01959	0.02455	0.01898	0.02758	0.01756	0.01563	0.04921	0.02955	0.42419	0.03804	0.03408	0.02461	0.01289	0.01043	0.00330	0.00933	0.01014	0.01225	0.08498
13	0.03570	0.03832	0.02912	0.02595	0.03228	0.27216	0.01992	0.09041	0.25343	0.04017	0.03117	0.03076	0.02395	0.01344	0.01084	0.00336	0.01443	0.00999	0.00884	0.01574
14	0.15415	0.02983	0.03078	0.02397	0.03262	0.03323	0.01979	0.41618	0.04705	0.06738	0.02505	0.02550	0.01793	0.01298	0.01051	0.00340	0.01175	0.00943	0.01051	0.01793
15	0.03124	0.02207	0.02466	0.02172	0.02795	0.02415	0.01694	0.09326	0.32363	0.13049	0.04603	0.11482	0.03726	0.01758	0.01180	0.00382	0.00902	0.01485	0.01172	0.01699
16	0.01535	0.01148	0.01424	0.01355	0.01646	0.01037	0.01016	0.02012	0.03049	0.04189	0.43713	0.08941	0.19939	0.02422	0.01328	0.00360	0.00540	0.02110	0.01196	0.01037
17	0.59856	0.02141	0.01783	0.01551	0.02271	0.02408	0.01278	0.03602	0.02092	0.11676	0.01954	0.02098	0.01430	0.01092	0.00755	0.00348	0.00882	0.00680	0.00790	0.01313
18	0.08438	0.02675	0.04974	0.09302	0.05093	0.02672	0.29890	0.03992	0.09171	0.08277	0.02690	0.03157	0.01973	0.01092	0.01212	0.00374	0.01551	0.01209	0.00724	0.01536
19	0.02825	0.01458	0.01822	0.01644	0.02101	0.01389	0.01294	0.03526	0.07002	0.18756	0.15519	0.10126	0.05318	0.01903	0.01157	0.00355	0.00737	0.05240	0.16471	0.01356
20	0.01549	0.01134	0.01454	0.01406	0.01663	0.01038	0.01042	0.02028	0.03036	0.04232	0.44872	0.13347	0.14072	0.02462	0.01338	0.00366	0.00546	0.02173	0.01204	0.01038
21	0.01512	0.01055	0.01287	0.01389	0.01581	0.00972	0.00981	0.01844	0.02487	0.03451	0.17306	0.32139	0.15454	0.02833	0.01306	0.00394	0.00594	0.02503	0.09938	0.00972
22	0.02657	0.03036	0.06641	0.04744	0.05882	0.02846	0.49336	0.03605	0.02657	0.03605	0.02277	0.03036	0.01708	0.00949	0.01328	0.00380	0.01898	0.01328	0.00569	0.01518
23	0.01367	0.00996	0.01289	0.01524	0.01621	0.00918	0.01025	0.01572	0.02197	0.02890	0.06733	0.54734	0.12079	0.03457	0.01426	0.00449	0.00645	0.03116	0.01045	0.00918
24	0.03725	0.01801	0.02131	0.01731	0.02365	0.01757	0.01398	0.12624	0.03265	0.25382	0.03807	0.03765	0.02662	0.01353	0.00993	0.00312	0.00837	0.01077	0.27447	0.01569
25	0.03558	0.02592	0.03487	0.14045	0.13540	0.02856	0.02527	0.21341	0.03586	0.12628	0.02631	0.02933	0.01911	0.01297	0.01327	0.00358	0.05761	0.01025	0.00890	0.01707
26	0.01534	0.01096	0.01493	0.01753	0.01889	0.01054	0.01327	0.01848	0.02315	0.03055	0.06114	0.42435	0.07089	0.03373	0.01480	0.00480	0.00794	0.18870	0.01042	0.00959
27	0.01371	0.00979	0.01306	0.01567	0.01632	0.00914	0.01045	0.01567	0.02155	0.02873	0.06203	0.59710	0.07444	0.03526	0.01437	0.00457	0.00653	0.03200	0.01045	0.00914
28	0.02561	0.02445	0.04163	0.24204	0.37884	0.02615	0.03342	0.03257	0.02457	0.03404	0.02077	0.02859	0.01687	0.01045	0.01118	0.00348	0.01393	0.01002	0.00538	0.01602
29	0.01371	0.00979	0.01306	0.01567	0.01632	0.00914	0.01045	0.01567	0.02155	0.02873	0.06203	0.59710	0.07444	0.03526	0.01437	0.00457	0.00653	0.03200	0.01045	0.00914
30	0.02126	0.02001	0.03376	0.57739	0.07752	0.02501	0.03126	0.02876	0.02251	0.02876	0.02001	0.03001	0.01500	0.01125	0.01125	0.00375	0.01500	0.01000	0.00500	0.01250
31	0.04058	0.02067	0.02556	0.02037	0.02860	0.01952	0.01646	0.05266	0.16492	0.33632	0.04151	0.03732	0.02816	0.01355	0.01095	0.00333	0.00922	0.01108	0.01226	0.10695
32	0.01445	0.01128	0.01310	0.01300	0.01600	0.00994	0.00961	0.01824	0.02784	0.03643	0.28292	0.14802	0.30512	0.02688	0.01340	0.00377	0.00562	0.02317	0.01127	0.00994
33	0.04554	0.01789	0.02436	0.01944	0.02706	0.01554	0.01572	0.04957	0.03078	0.47284	0.04678	0.11363	0.03414	0.01681	0.01173	0.00363	0.00917	0.01411	0.01346	0.01780
34	0.01550	0.01132	0.01456	0.01410	0.01664	0.01038	0.01044	0.02028	0.03033	0.04233	0.44887	0.13831	0.13550	0.02468	0.01339	0.00367	0.00546	0.02180	0.01204	0.01038
35	0.01638	0.01119	0.01423	0.01382	0.01627	0.01045	0.01023	0.02134	0.02969	0.04303	0.41444	0.13077	0.09253	0.02293	0.01266	0.00352	0.00543	0.02021	0.10042	0.01045
36	0.02504	0.02227	0.03382	0.44085	0.06649	0.02743	0.02909	0.10466	0.02700	0.03547	0.02070	0.02906	0.01566	0.01234	0.01345	0.00379	0.06330	0.01001	0.00601	0.01357
37	0.08101	0.13352	0.07341	0.16471	0.04244	0.02635	0.02216	0.06699	0.02602	0.10428	0.02265	0.02600	0.01697	0.01080	0.00957	0.00300	0.01187	0.00837	0.00707	0.14282
38	0.07976	0.07327	0.07101	0.10429	0.03555	0.02627	0.02180	0.02872	0.02184	0.03366	0.06942	0.03006	0.02419	0.01424	0.01807	0.00354	0.18754	0.00956	0.00619	0.14102

[dist]
# distance from previous block
# <min> <max>
0	63

[block]
# block no. 7 follows, 11 sequences, length 26
# corresponding to MSA columns:
# 630-655
name=unknown_H
#
# <colnr> <probs for GDERKNQSTAVLIFYWHMCP>
#	G	D	E	R	K	N	Q	S	T	A	V	L	I	F	Y	W	H	M	C	P
0	0.08897	0.02288	0.02817	0.02610	0.08947	0.02272	0.01864	0.16788	0.03520	0.19076	0.09358	0.03649	0.03173	0.01362	0.01086	0.00325	0.01008	0.01106	0.01063	0.08792
1	0.18274	0.31601	0.04393	0.09615	0.10349	0.03504	0.02124	0.03304	0.02233	0.03386	0.01697	0.02099	0.01445	0.01008	0.00822	0.00296	0.01181	0.00710	0.00545	0.01414
2	0.01862	0.01177	0.01480	0.01385	0.01528	0.01105	0.00892	0.01741	0.01670	0.02306	0.02698	0.05091	0.02903	0.29640	0.04503	0.27007	0.01009	0.01238	0.00604	0.10161
3	0.02512	0.31636	0.16720	0.09265	0.03814	0.03274	0.02494	0.03176	0.02433	0.03166	0.09081	0.03042	0.02763	0.01201	0.00944	0.00302	0.01256	0.00914	0.00591	0.01418
4	0.02593	0.02541	0.04515	0.20177	0.35205	0.02650	0.09205	0.03319	0.02492	0.03454	0.02106	0.02875	0.01698	0.01029	0.01144	0.00351	0.01452	0.01044	0.00543	0.01607
5	0.02249	0.01828	0.02085	0.01955	0.02412	0.01996	0.01532	0.04157	0.28190	0.04469	0.21739	0.06766	0.06353	0.02002	0.01262	0.00389	0.00783	0.07236	0.01164	0.01433
6	0.04042	0.02734	0.13205	0.02234	0.03204	0.01936	0.02143	0.08323	0.03213	0.34638	0.09025	0.03935	0.03282	0.01421	0.01140	0.00350	0.01079	0.01158	0.01167	0.01772
7	0.03422	0.12534	0.10231	0.03459	0.15820	0.09364	0.02492	0.03979	0.02716	0.16456	0.02867	0.06867	0.02310	0.01309	0.01060	0.00329	0.01297	0.01073	0.00790	0.01624
8	0.01971	0.01367	0.02182	0.21316	0.03748	0.01568	0.01788	0.02032	0.01786	0.02363	0.02106	0.03401	0.01905	0.03509	0.09837	0.35354	0.01422	0.01015	0.00507	0.00823
9	0.01371	0.00979	0.01306	0.01567	0.01632	0.00914	0.01045	0.01567	0.02155	0.02873	0.06203	0.59710	0.07444	0.03526	0.01437	0.00457	0.00653	0.03200	0.01045	0.00914
10	0.02495	0.02338	0.03927	0.16936	0.37202	0.02432	0.03080	0.03163	0.02576	0.03614	0.08546	0.03546	0.02848	0.01194	0.01144	0.00345	0.01269	0.01134	0.00632	0.01579
11	0.13528	0.02615	0.02763	0.02185	0.03017	0.06757	0.01786	0.18768	0.03678	0.28632	0.03285	0.03058	0.02190	0.01313	0.01060	0.00340	0.01120	0.00990	0.01148	0.01769
12	0.01366	0.01000	0.01285	0.01513	0.01618	0.00919	0.01021	0.01573	0.02207	0.02895	0.06868	0.53466	0.13260	0.03440	0.01423	0.00447	0.00642	0.03094	0.01045	0.00919
13	0.68395	0.02177	0.01654	0.01480	0.02177	0.02525	0.01219	0.03309	0.01915	0.05050	0.01567	0.01828	0.01219	0.01045	0.00697	0.00348	0.00871	0.00609	0.00697	0.01219
14	0.05050	0.01915	0.02612	0.02003	0.02873	0.01654	0.01654	0.05485	0.03221	0.54203	0.04440	0.03831	0.02786	0.01393	0.01132	0.00348	0.00958	0.01132	0.01393	0.01915
15	0.03519	0.02186	0.02505	0.02077	0.02782	0.02272	0.01663	0.13879	0.19019	0.19696	0.08413	0.04811	0.08805	0.01651	0.01171	0.00361	0.00920	0.01353	0.01211	0.01706
16	0.02230	0.05020	0.43848	0.03032	0.04372	0.02596	0.03695	0.03340	0.02358	0.03532	0.06020	0.02870	0.02169	0.01283	0.01424	0.00374	0.08791	0.00948	0.00539	0.01560
17	0.01593	0.01150	0.01504	0.01416	0.01681	0.01062	0.01062	0.02124	0.03186	0.04513	0.52830	0.08407	0.10620	0.02301	0.01327	0.00354	0.00531	0.02035	0.01239	0.01062
18	0.01400	0.00992	0.01298	0.01531	0.01589	0.00933	0.01006	0.01575	0.02099	0.02799	0.05917	0.54062	0.07082	0.09668	0.01900	0.00526	0.00700	0.03031	0.01006	0.00889
19	0.02932	0.02107	0.03245	0.17577	0.18907	0.02093	0.02465	0.03509	0.02559	0.14339	0.02866	0.07110	0.02318	0.01274	0.01099	0.00330	0.01166	0.01135	0.00776	0.12193
20	0.02901	0.53193	0.12883	0.02110	0.03173	0.04190	0.02246	0.03398	0.02300	0.02779	0.01630	0.01887	0.01442	0.00978	0.00772	0.00257	0.01270	0.00635	0.00481	0.01476
21	0.02414	0.12733	0.33167	0.11218	0.04778	0.02884	0.03377	0.03740	0.08606	0.03474	0.02279	0.02623	0.01697	0.01121	0.01038	0.00346	0.01474	0.00881	0.00566	0.01584
22	0.59020	0.10628	0.02263	0.01544	0.02279	0.02801	0.01320	0.03317	0.01969	0.04705	0.01567	0.01825	0.01251	0.01033	0.00700	0.00333	0.00918	0.00608	0.00666	0.01251
23	0.04338	0.09430	0.03412	0.02409	0.03257	0.11562	0.01991	0.25424	0.04068	0.18663	0.02895	0.02802	0.02024	0.01290	0.01066	0.00322	0.01286	0.00954	0.01041	0.01765
24	0.01600	0.01267	0.01733	0.02210	0.08986	0.01196	0.01308	0.01856	0.02224	0.02932	0.06251	0.35717	0.14721	0.10309	0.01919	0.00506	0.00792	0.02531	0.00929	0.01016
25	0.09839	0.02229	0.03623	0.15943	0.18339	0.02320	0.08526	0.03416	0.02520	0.09723	0.02885	0.04309	0.02445	0.01377	0.01164	0.00379	0.01305	0.07447	0.00731	0.01480

[dist]
# distance from previous block
# <min> <max>
1	10

[block]
# block no. 8 follows, 11 sequences, length 9
# corresponding to MSA columns:
# 667-675
name=unknown_I
#
# <colnr> <probs for GDERKNQSTAVLIFYWHMCP>
#	G	D	E	R	K	N	Q	S	T	A	V	L	I	F	Y	W	H	M	C	P
0	0.02750	0.02505	0.07653	0.14561	0.14708	0.02283	0.02507	0.10122	0.02859	0.07824	0.02907	0.10729	0.02565	0.01446	0.01125	0.00342	0.01196	0.01262	0.00771	0.09886
1	0.01863	0.01604	0.02598	0.11114	0.11450	0.01621	0.05354	0.02351	0.02501	0.03422	0.14861	0.26247	0.05884	0.02286	0.01304	0.00396	0.00960	0.02110	0.00889	0.01186
2	0.02957	0.03146	0.03913	0.14299	0.28078	0.14888	0.02986	0.03502	0.02551	0.03212	0.01934	0.02612	0.01621	0.01176	0.01403	0.00350	0.08374	0.00937	0.00545	0.01516
3	0.01678	0.01238	0.01528	0.01528	0.01543	0.01348	0.00994	0.01756	0.01771	0.02414	0.03918	0.19227	0.04560	0.39453	0.04447	0.00864	0.08254	0.01927	0.00744	0.00807
4	0.01732	0.01272	0.01575	0.01516	0.01544	0.01418	0.00997	0.01817	0.01671	0.02305	0.03224	0.06367	0.03600	0.46184	0.12480	0.01119	0.08239	0.01499	0.00648	0.00793
5	0.04815	0.02293	0.02845	0.02182	0.03061	0.02214	0.01802	0.18956	0.03853	0.39841	0.03910	0.03487	0.02520	0.01380	0.01130	0.00345	0.01043	0.01096	0.01312	0.01915
6	0.02513	0.02396	0.04076	0.27882	0.34579	0.02603	0.03319	0.03216	0.02434	0.03346	0.02069	0.02874	0.01666	0.01053	0.01119	0.00351	0.01404	0.01002	0.00534	0.01563
7	0.02334	0.02001	0.02334	0.01667	0.02667	0.01500	0.01334	0.02834	0.02334	0.03668	0.02001	0.02334	0.01667	0.00834	0.00834	0.00167	0.00834	0.00667	0.00667	0.67325
8	0.02587	0.02210	0.03399	0.28085	0.19584	0.02475	0.02770	0.08944	0.02742	0.03827	0.02356	0.03067	0.01828	0.01144	0.01075	0.00343	0.01284	0.01009	0.09810	0.01461

[dist]
# distance from previous block
# <min> <max>
0	2

[block]
# block no. 9 follows, 11 sequences, length 55
# corresponding to MSA columns:
# 678-732
name=unknown_J
#
# <colnr> <probs for GDERKNQSTAVLIFYWHMCP>
#	G	D	E	R	K	N	Q	S	T	A	V	L	I	F	Y	W	H	M	C	P
0	0.01371	0.00979	0.01306	0.01567	0.01632	0.00914	0.01045	0.01567	0.02155	0.02873	0.06203	0.59710	0.07444	0.03526	0.01437	0.00457	0.00653	0.03200	0.01045	0.00914
1	0.03009	0.61122	0.05898	0.01926	0.02889	0.04454	0.01926	0.03370	0.02287	0.02648	0.01565	0.01805	0.01444	0.00963	0.00722	0.00241	0.01204	0.00602	0.00481	0.01444
2	0.10319	0.01900	0.02306	0.01833	0.02576	0.01804	0.01499	0.09143	0.03144	0.35546	0.03855	0.03601	0.02572	0.01341	0.01026	0.00331	0.00896	0.01056	0.13564	0.01688
3	0.01593	0.01150	0.01504	0.01416	0.01681	0.01062	0.01062	0.02124	0.03186	0.04513	0.52830	0.08407	0.10620	0.02301	0.01327	0.00354	0.00531	0.02035	0.01239	0.01062
4	0.68395	0.02177	0.01654	0.01480	0.02177	0.02525	0.01219	0.03309	0.01915	0.05050	0.01567	0.01828	0.01219	0.01045	0.00697	0.00348	0.00871	0.00609	0.00697	0.01219
5	0.68395	0.02177	0.01654	0.01480	0.02177	0.02525	0.01219	0.03309	0.01915	0.05050	0.01567	0.01828	0.01219	0.01045	0.00697	0.00348	0.00871	0.00609	0.00697	0.01219
6	0.03119	0.11467	0.07851	0.01881	0.02613	0.01954	0.01706	0.03611	0.02824	0.22202	0.13634	0.09908	0.09001	0.01790	0.01143	0.00346	0.00924	0.01489	0.01063	0.01475
7	0.04279	0.03153	0.03378	0.02590	0.03490	0.03490	0.02139	0.49671	0.05292	0.07093	0.02702	0.02702	0.01914	0.01351	0.01126	0.00338	0.01239	0.01013	0.01126	0.01914
8	0.11286	0.02053	0.02586	0.02003	0.02859	0.01906	0.01655	0.09249	0.03278	0.45066	0.03998	0.03530	0.02552	0.01355	0.01088	0.00347	0.00974	0.01069	0.01300	0.01846
9	0.02923	0.01940	0.02629	0.02181	0.02763	0.01935	0.06195	0.12079	0.07693	0.14000	0.16560	0.14810	0.05410	0.01969	0.01256	0.00373	0.00933	0.01745	0.01137	0.01466
10	0.02126	0.02001	0.03376	0.57739	0.07752	0.02501	0.03126	0.02876	0.02251	0.02876	0.02001	0.03001	0.01500	0.01125	0.01125	0.00375	0.01500	0.01000	0.00500	0.01250
11	0.01515	0.01115	0.01463	0.01632	0.01811	0.01014	0.01157	0.01776	0.02220	0.03006	0.05763	0.48911	0.06769	0.03215	0.01390	0.00435	0.00713	0.07616	0.01007	0.07473
12	0.03952	0.01951	0.02443	0.01979	0.02701	0.01847	0.01624	0.12869	0.03493	0.31510	0.09420	0.05455	0.08641	0.01753	0.01203	0.00364	0.00939	0.04925	0.01265	0.01669
13	0.02597	0.30827	0.32586	0.02628	0.03975	0.03446	0.03149	0.03477	0.02336	0.03150	0.01814	0.02118	0.01434	0.01021	0.00912	0.00304	0.01456	0.00728	0.00478	0.01564
14	0.03957	0.02309	0.02717	0.02236	0.02996	0.02397	0.01826	0.16578	0.16638	0.24332	0.04173	0.04441	0.03071	0.01573	0.01172	0.00370	0.01018	0.05168	0.01226	0.01800
15	0.01371	0.00979	0.01306	0.01567	0.01632	0.00914	0.01045	0.01567	0.02155	0.02873	0.06203	0.59710	0.07444	0.03526	0.01437	0.00457	0.00653	0.03200	0.01045	0.00914
16	0.08596	0.02562	0.03898	0.02976	0.03755	0.06619	0.18303	0.04004	0.02684	0.18214	0.02879	0.03162	0.02066	0.01236	0.01357	0.00359	0.06667	0.01104	0.08045	0.01514
17	0.02643	0.26864	0.22433	0.02647	0.03846	0.03292	0.07064	0.03637	0.06468	0.03309	0.02077	0.02361	0.01647	0.01036	0.00944	0.00300	0.01374	0.00811	0.00557	0.06689
18	0.68395	0.02177	0.01654	0.01480	0.02177	0.02525	0.01219	0.03309	0.01915	0.05050	0.01567	0.01828	0.01219	0.01045	0.00697	0.00348	0.00871	0.00609	0.00697	0.01219
19	0.32811	0.01652	0.01481	0.01341	0.01862	0.01786	0.01071	0.03219	0.02241	0.09516	0.02782	0.03074	0.02111	0.01197	0.00779	0.00310	0.00726	0.00855	0.29973	0.01212
20	0.02419	0.03596	0.21694	0.02862	0.04083	0.02291	0.11439	0.03583	0.07777	0.03733	0.02342	0.02685	0.01783	0.01015	0.01045	0.00298	0.01335	0.00916	0.00633	0.24474
21	0.01371	0.00979	0.01306	0.01567	0.01632	0.00914	0.01045	0.01567	0.02155	0.02873	0.06203	0.59710	0.07444	0.03526	0.01437	0.00457	0.00653	0.03200	0.01045	0.00914
22	0.01526	0.01148	0.01412	0.01346	0.01640	0.01034	0.01009	0.01994	0.03028	0.04138	0.42275	0.09025	0.21409	0.02441	0.01328	0.00361	0.00541	0.02122	0.01190	0.01034
23	0.01710	0.01146	0.01450	0.01412	0.01677	0.01083	0.01085	0.02238	0.02972	0.04340	0.38933	0.08044	0.08755	0.02196	0.01249	0.00353	0.00580	0.06211	0.13510	0.01057
24	0.01613	0.01184	0.01700	0.01700	0.01863	0.01348	0.01271	0.01940	0.01777	0.02532	0.03115	0.04974	0.03054	0.18207	0.46547	0.01674	0.02654	0.01287	0.00618	0.00944
25	0.62495	0.02152	0.01743	0.01529	0.02242	0.02444	0.01259	0.03511	0.02037	0.09628	0.01835	0.02015	0.01365	0.01077	0.00737	0.00348	0.00879	0.00658	0.00761	0.01284
26	0.02729	0.01832	0.01549	0.01442	0.01816	0.09979	0.01097	0.03207	0.02579	0.08891	0.03435	0.03810	0.02643	0.01295	0.00858	0.00275	0.00811	0.01005	0.49570	0.01176
27	0.02005	0.01276	0.01756	0.01902	0.02179	0.01230	0.01572	0.02451	0.02618	0.08112	0.10318	0.20971	0.06723	0.02957	0.01470	0.00474	0.00904	0.28898	0.01091	0.01096
28	0.17105	0.02885	0.02950	0.02337	0.03171	0.03230	0.01919	0.36146	0.08986	0.06454	0.02651	0.02668	0.01918	0.01306	0.01041	0.00344	0.01131	0.00956	0.01041	0.01761
29	0.68395	0.02177	0.01654	0.01480	0.02177	0.02525	0.01219	0.03309	0.01915	0.05050	0.01567	0.01828	0.01219	0.01045	0.00697	0.00348	0.00871	0.00609	0.00697	0.01219
30	0.02638	0.02166	0.03506	0.27479	0.19272	0.02444	0.02886	0.03264	0.02425	0.08745	0.02583	0.03792	0.02136	0.01364	0.01397	0.00383	0.06636	0.04769	0.00658	0.01454
31	0.04335	0.02241	0.02750	0.02085	0.02988	0.02084	0.01714	0.16018	0.03568	0.32708	0.03537	0.03261	0.02353	0.01275	0.01073	0.00311	0.01004	0.01013	0.01187	0.14497
32	0.03154	0.01811	0.02276	0.01738	0.02555	0.01472	0.01396	0.03637	0.02808	0.21683	0.12407	0.04003	0.03744	0.01307	0.01032	0.00266	0.00821	0.01088	0.01031	0.31770
33	0.03203	0.02308	0.02934	0.02373	0.03134	0.02383	0.06375	0.09084	0.24453	0.14035	0.07789	0.04030	0.03405	0.01422	0.01143	0.00347	0.01000	0.01229	0.01093	0.08259
34	0.01587	0.01055	0.01297	0.01363	0.01406	0.01028	0.00847	0.01648	0.01914	0.02578	0.08830	0.21839	0.05463	0.33814	0.03983	0.06803	0.00904	0.02055	0.00820	0.00766
35	0.02710	0.08756	0.03291	0.02198	0.03137	0.02373	0.06332	0.08118	0.10955	0.04064	0.02486	0.02698	0.01970	0.01028	0.00952	0.00249	0.01030	0.00862	0.00763	0.36027
36	0.01955	0.00978	0.01466	0.01466	0.01466	0.00978	0.00978	0.01466	0.01466	0.01955	0.01955	0.03421	0.01955	0.03910	0.04399	0.67253	0.00978	0.00978	0.00489	0.00489
37	0.02732	0.02688	0.04307	0.03758	0.09278	0.03149	0.14637	0.07266	0.07072	0.03604	0.02152	0.02832	0.01793	0.01505	0.02341	0.00422	0.27247	0.01106	0.00634	0.01475
38	0.10130	0.02591	0.03269	0.02548	0.03340	0.02779	0.06574	0.20919	0.07467	0.18728	0.03058	0.03054	0.02144	0.01365	0.01347	0.00364	0.06487	0.01056	0.01045	0.01735
39	0.01730	0.01014	0.01437	0.01507	0.01546	0.01019	0.01013	0.01570	0.01705	0.02295	0.03363	0.18949	0.03727	0.09931	0.09385	0.35677	0.01125	0.01661	0.00669	0.00678
40	0.01770	0.01342	0.01657	0.01569	0.01879	0.01331	0.01177	0.02703	0.10896	0.04415	0.41340	0.11788	0.09207	0.02273	0.01307	0.00367	0.00599	0.02004	0.01208	0.01167
41	0.14675	0.01686	0.02311	0.01915	0.02311	0.01697	0.08738	0.02627	0.02001	0.07781	0.03052	0.05296	0.03045	0.34173	0.03644	0.00767	0.01168	0.01347	0.00733	0.01033
42	0.02748	0.02751	0.04302	0.24958	0.19194	0.07164	0.11776	0.06953	0.02728	0.03551	0.02117	0.02844	0.01645	0.01079	0.01151	0.00355	0.01555	0.01041	0.00584	0.01503
43	0.47704	0.11556	0.02487	0.01636	0.02403	0.02692	0.01402	0.03670	0.02186	0.12611	0.02031	0.02148	0.01508	0.01088	0.00771	0.00331	0.00938	0.00693	0.00775	0.01368
44	0.01381	0.01024	0.01291	0.01474	0.01615	0.00933	0.01010	0.01621	0.02316	0.03037	0.10946	0.46350	0.16288	0.03300	0.01408	0.00434	0.00628	0.02950	0.01061	0.00933
45	0.02273	0.02086	0.03160	0.12367	0.03925	0.02235	0.10776	0.07291	0.08113	0.03789	0.09580	0.05576	0.15767	0.01776	0.01444	0.00382	0.05745	0.01541	0.00850	0.01325
46	0.01569	0.01132	0.01483	0.01433	0.01676	0.01046	0.01060	0.02063	0.03073	0.04334	0.47728	0.14021	0.10272	0.02435	0.01339	0.00365	0.00544	0.02163	0.01218	0.01046
47	0.02477	0.02255	0.03624	0.41679	0.16826	0.02635	0.03096	0.07654	0.02618	0.03462	0.02095	0.02926	0.01600	0.01122	0.01123	0.00363	0.01440	0.01002	0.00574	0.01427
48	0.68395	0.02177	0.01654	0.01480	0.02177	0.02525	0.01219	0.03309	0.01915	0.05050	0.01567	0.01828	0.01219	0.01045	0.00697	0.00348	0.00871	0.00609	0.00697	0.01219
49	0.01637	0.01091	0.01228	0.01228	0.01228	0.01091	0.00682	0.01637	0.01637	0.02182	0.03546	0.07365	0.04092	0.60445	0.05729	0.01091	0.01091	0.01637	0.00682	0.00682
50	0.04237	0.04385	0.03273	0.02762	0.03484	0.32720	0.02159	0.24488	0.04120	0.04675	0.02166	0.02327	0.01655	0.01244	0.01064	0.00311	0.01680	0.00853	0.00822	0.01574
51	0.01792	0.01113	0.01454	0.01561	0.01763	0.01013	0.01096	0.02055	0.02410	0.08666	0.11074	0.44137	0.11349	0.03111	0.01383	0.00428	0.00667	0.02784	0.01102	0.01042
52	0.02126	0.02001	0.03376	0.57739	0.07752	0.02501	0.03126	0.02876	0.02251	0.02876	0.02001	0.03001	0.01500	0.01125	0.01125	0.00375	0.01500	0.01000	0.00500	0.01250
53	0.02853	0.02603	0.04035	0.28080	0.15401	0.07474	0.10410	0.03542	0.02571	0.08754	0.02311	0.02965	0.01725	0.01105	0.01146	0.00357	0.01523	0.01043	0.00628	0.01475
54	0.01955	0.00978	0.01466	0.01466	0.01466	0.00978	0.00978	0.01466	0.01466	0.01955	0.01955	0.03421	0.01955	0.03910	0.04399	0.67253	0.00978	0.00978	0.00489	0.00489

[dist]
# distance from previous block
# <min> <max>
0	213

# created by:
# /st0/software/busco_prod/Augustus/scripts/msa2prfl.pl ./align_prep/3558.fa
