[name]
unknown

[dist]
# distance from previous block
# <min> <max>
5	254

[block]
# block no. 0 follows, 13 sequences, length 41
# corresponding to MSA columns:
# 259-299
name=unknown_A
#
# <colnr> <probs for GDERKNQSTAVLIFYWHMCP>
#	G	D	E	R	K	N	Q	S	T	A	V	L	I	F	Y	W	H	M	C	P
0	0.03255	0.03176	0.07262	0.07536	0.07099	0.14445	0.02162	0.15348	0.09341	0.08299	0.02462	0.02619	0.01835	0.01133	0.01000	0.00298	0.01275	0.00877	0.00783	0.09794
1	0.17071	0.02056	0.06708	0.01744	0.02515	0.01678	0.01528	0.03596	0.02475	0.23538	0.07188	0.07374	0.02904	0.01328	0.00956	0.00304	0.00865	0.01063	0.00938	0.14171
2	0.08573	0.11785	0.14735	0.03429	0.15940	0.02536	0.08503	0.03513	0.02374	0.11530	0.02194	0.02481	0.01644	0.00992	0.00962	0.00304	0.01242	0.00859	0.00636	0.05766
3	0.08803	0.15828	0.10674	0.01884	0.02757	0.02348	0.01803	0.06774	0.02587	0.11516	0.09659	0.03075	0.02797	0.01163	0.00906	0.00273	0.00977	0.00897	0.00771	0.14508
4	0.58951	0.02142	0.01762	0.01543	0.02209	0.02471	0.01263	0.07530	0.06520	0.04879	0.01803	0.01976	0.01377	0.01044	0.00724	0.00329	0.00849	0.00657	0.00724	0.01245
5	0.14411	0.02784	0.13757	0.02801	0.09512	0.02262	0.05881	0.06825	0.09289	0.08560	0.06554	0.03767	0.02745	0.01319	0.01038	0.00346	0.01112	0.04795	0.00787	0.01456
6	0.02023	0.01717	0.02112	0.06534	0.02747	0.01396	0.01350	0.02465	0.02157	0.03256	0.02546	0.12374	0.02469	0.01234	0.00902	0.00219	0.00808	0.01055	0.00673	0.51963
7	0.07614	0.02258	0.10242	0.01882	0.02458	0.01917	0.01676	0.11950	0.07025	0.03865	0.07499	0.09641	0.07798	0.09934	0.09005	0.00602	0.01215	0.01373	0.00815	0.01230
8	0.03101	0.01603	0.02037	0.01736	0.02269	0.01526	0.01362	0.07569	0.07367	0.25954	0.18256	0.13637	0.05264	0.01853	0.01157	0.00346	0.00763	0.01592	0.01180	0.01428
9	0.01450	0.01066	0.01325	0.01325	0.01529	0.01055	0.00961	0.01624	0.01920	0.02479	0.05945	0.06875	0.24040	0.13685	0.20884	0.09276	0.01403	0.01609	0.00731	0.00818
10	0.03620	0.01562	0.02098	0.01712	0.02343	0.01395	0.01385	0.04016	0.02779	0.38779	0.09377	0.04842	0.09654	0.02400	0.08505	0.00508	0.01069	0.01288	0.01161	0.01509
11	0.37978	0.02318	0.02238	0.01817	0.02561	0.02555	0.01499	0.20208	0.03058	0.13278	0.02240	0.02279	0.01588	0.01128	0.00853	0.00324	0.00947	0.00775	0.00890	0.01465
12	0.01886	0.01167	0.01538	0.01396	0.01714	0.01064	0.01064	0.02374	0.02997	0.10561	0.49513	0.07383	0.09094	0.02059	0.01225	0.00332	0.00547	0.01810	0.01181	0.01094
13	0.01499	0.01049	0.01346	0.01375	0.01446	0.01105	0.00911	0.01648	0.01650	0.02264	0.03463	0.12609	0.03817	0.37224	0.22828	0.01181	0.01584	0.01577	0.00657	0.00769
14	0.02827	0.63478	0.05540	0.01809	0.02714	0.04184	0.01809	0.03166	0.02148	0.02488	0.01470	0.01696	0.01357	0.00905	0.00678	0.00226	0.01131	0.00565	0.00452	0.01357
15	0.70310	0.02045	0.01554	0.01390	0.02045	0.02372	0.01145	0.03108	0.01799	0.04744	0.01472	0.01718	0.01145	0.00981	0.00654	0.00327	0.00818	0.00573	0.00654	0.01145
16	0.02313	0.02313	0.03238	0.02776	0.02776	0.03238	0.02313	0.02545	0.01619	0.02545	0.01388	0.02313	0.01388	0.01851	0.03470	0.00463	0.60907	0.00925	0.00463	0.01157
17	0.70310	0.02045	0.01554	0.01390	0.02045	0.02372	0.01145	0.03108	0.01799	0.04744	0.01472	0.01718	0.01145	0.00981	0.00654	0.00327	0.00818	0.00573	0.00654	0.01145
18	0.70310	0.02045	0.01554	0.01390	0.02045	0.02372	0.01145	0.03108	0.01799	0.04744	0.01472	0.01718	0.01145	0.00981	0.00654	0.00327	0.00818	0.00573	0.00654	0.01145
19	0.03021	0.09460	0.02846	0.02227	0.06124	0.02460	0.01665	0.22575	0.03231	0.08477	0.02960	0.04419	0.02677	0.16753	0.02128	0.00498	0.01094	0.05148	0.00857	0.01377
20	0.09934	0.01819	0.02382	0.01842	0.02647	0.01619	0.01522	0.04991	0.02929	0.52844	0.03958	0.03450	0.02501	0.01283	0.01031	0.00327	0.00893	0.01024	0.01257	0.01748
21	0.01955	0.01563	0.01809	0.01663	0.02053	0.01658	0.01271	0.03462	0.23771	0.04314	0.34893	0.06298	0.07245	0.01867	0.01178	0.00343	0.00636	0.01622	0.01128	0.01271
22	0.04453	0.02265	0.02742	0.02102	0.02931	0.02245	0.01737	0.24218	0.03806	0.36813	0.03517	0.03174	0.02289	0.01293	0.01061	0.00323	0.01005	0.01019	0.01208	0.01799
23	0.02635	0.33203	0.23709	0.02515	0.03663	0.03374	0.07076	0.06860	0.02415	0.03176	0.01758	0.02050	0.01405	0.00965	0.00872	0.00283	0.01344	0.00731	0.00502	0.01468
24	0.01837	0.00918	0.01377	0.01377	0.01377	0.00918	0.00918	0.01377	0.01377	0.01837	0.01837	0.03214	0.01837	0.03673	0.04132	0.69238	0.00918	0.00918	0.00459	0.00459
25	0.01288	0.00920	0.01227	0.01472	0.01534	0.00859	0.00981	0.01472	0.02024	0.02699	0.05828	0.62152	0.06993	0.03312	0.01350	0.00429	0.00613	0.03006	0.00981	0.00859
26	0.02556	0.02869	0.12086	0.17070	0.17738	0.02589	0.06394	0.09475	0.11367	0.03806	0.02415	0.02834	0.01831	0.01097	0.01063	0.00337	0.01296	0.00982	0.00657	0.01538
27	0.03124	0.07697	0.16185	0.03404	0.14410	0.06063	0.05937	0.11153	0.06104	0.11977	0.02476	0.02654	0.01809	0.01095	0.01024	0.00318	0.01299	0.00918	0.00736	0.01619
28	0.03314	0.04262	0.08051	0.11704	0.11377	0.37519	0.02508	0.03785	0.02717	0.02793	0.01743	0.02169	0.01411	0.01057	0.00986	0.00295	0.01712	0.00764	0.00522	0.01311
29	0.01288	0.00920	0.01227	0.01472	0.01534	0.00859	0.00981	0.01472	0.02024	0.02699	0.05828	0.62152	0.06993	0.03312	0.01350	0.00429	0.00613	0.03006	0.00981	0.00859
30	0.02461	0.07456	0.02286	0.01820	0.02142	0.10398	0.01391	0.02691	0.02175	0.09487	0.03748	0.13122	0.07590	0.14598	0.06424	0.00585	0.08358	0.01437	0.00749	0.01081
31	0.17132	0.16192	0.10904	0.03276	0.15753	0.02774	0.08296	0.03182	0.02190	0.03497	0.01761	0.02165	0.01430	0.00932	0.00879	0.00293	0.01199	0.00770	0.00536	0.06839
32	0.06621	0.01306	0.01580	0.01566	0.01852	0.01395	0.01202	0.02359	0.08347	0.03180	0.10926	0.09948	0.11712	0.08182	0.20143	0.00849	0.01409	0.05569	0.00833	0.01022
33	0.01338	0.01061	0.01203	0.01196	0.01490	0.00926	0.00886	0.01678	0.02577	0.03320	0.25813	0.14024	0.35628	0.02556	0.01258	0.00355	0.00530	0.02190	0.01045	0.00926
34	0.02354	0.03236	0.22619	0.02999	0.07529	0.02137	0.11011	0.03439	0.08626	0.08010	0.06498	0.10850	0.03050	0.01435	0.01123	0.00351	0.01240	0.01309	0.00733	0.01452
35	0.12167	0.02795	0.11912	0.09425	0.32184	0.02393	0.02892	0.03348	0.02319	0.07823	0.02067	0.02526	0.01601	0.00996	0.00987	0.00323	0.01227	0.00875	0.00588	0.01550
36	0.02613	0.03507	0.24465	0.07014	0.03644	0.08742	0.02566	0.03324	0.02306	0.11655	0.02489	0.03113	0.01948	0.06643	0.10781	0.00601	0.01654	0.00940	0.00633	0.01362
37	0.01821	0.00954	0.01417	0.01446	0.01475	0.00954	0.01012	0.01475	0.01504	0.01996	0.02287	0.04258	0.02346	0.03583	0.03812	0.60997	0.00925	0.06697	0.00521	0.00521
38	0.03023	0.11581	0.04159	0.07620	0.07519	0.09375	0.14766	0.09449	0.02776	0.08058	0.02138	0.02493	0.01633	0.01001	0.01003	0.00291	0.01359	0.00904	0.00659	0.10191
39	0.23960	0.02690	0.07609	0.06197	0.06958	0.05769	0.09797	0.06116	0.02345	0.03932	0.01825	0.02220	0.01419	0.00957	0.00896	0.00296	0.01179	0.00783	0.00610	0.14441
40	0.17116	0.09893	0.11637	0.02347	0.07415	0.02260	0.02024	0.04050	0.02494	0.26753	0.02753	0.02689	0.01884	0.01114	0.00924	0.00315	0.01048	0.00849	0.00869	0.01566

[dist]
# distance from previous block
# <min> <max>
0	2

[block]
# block no. 1 follows, 13 sequences, length 20
# corresponding to MSA columns:
# 302-321
name=unknown_B
#
# <colnr> <probs for GDERKNQSTAVLIFYWHMCP>
#	G	D	E	R	K	N	Q	S	T	A	V	L	I	F	Y	W	H	M	C	P
0	0.02452	0.02269	0.06728	0.07959	0.14297	0.05867	0.01937	0.07116	0.02333	0.06482	0.02666	0.04311	0.02532	0.25471	0.02752	0.00598	0.01217	0.01155	0.00658	0.01201
1	0.02432	0.01749	0.02015	0.01527	0.02303	0.01441	0.01218	0.06006	0.02467	0.08436	0.03036	0.03211	0.06017	0.01073	0.00855	0.00211	0.00756	0.00863	0.10758	0.43626
2	0.01792	0.03672	0.35189	0.02405	0.03374	0.01825	0.02751	0.02607	0.02150	0.03092	0.03450	0.25901	0.03573	0.01916	0.01141	0.00372	0.01188	0.01660	0.00658	0.01285
3	0.02841	0.15479	0.18175	0.02650	0.06746	0.02578	0.06774	0.07749	0.02531	0.11842	0.02439	0.03045	0.01951	0.08923	0.01534	0.00398	0.01265	0.00945	0.00677	0.01457
4	0.04021	0.07449	0.02757	0.01944	0.02711	0.02114	0.01617	0.12338	0.07800	0.35425	0.07648	0.03623	0.02995	0.01343	0.01043	0.00320	0.00926	0.01078	0.01161	0.01687
5	0.01326	0.01014	0.01217	0.01294	0.01507	0.00905	0.00922	0.01618	0.02402	0.03137	0.19920	0.30143	0.25180	0.02801	0.01288	0.00380	0.00557	0.02458	0.01027	0.00905
6	0.03187	0.02416	0.02963	0.13991	0.07597	0.02703	0.02142	0.21653	0.18218	0.09469	0.03021	0.03097	0.02195	0.01255	0.01063	0.00337	0.01101	0.01029	0.00932	0.01631
7	0.02535	0.09506	0.33422	0.02910	0.04153	0.02583	0.10364	0.03785	0.08927	0.08162	0.02401	0.02614	0.01732	0.01060	0.01026	0.00331	0.01406	0.00908	0.00616	0.01559
8	0.04656	0.01940	0.02541	0.01948	0.02769	0.01763	0.01609	0.10926	0.03262	0.50872	0.03973	0.03470	0.02518	0.01304	0.01063	0.00326	0.00932	0.01050	0.01278	0.01799
9	0.01702	0.01035	0.01216	0.01216	0.01358	0.01079	0.00840	0.01986	0.01844	0.02893	0.03260	0.05091	0.03113	0.25548	0.16118	0.00877	0.01241	0.01224	0.27512	0.00848
10	0.01349	0.01082	0.01345	0.06499	0.02000	0.01015	0.01079	0.01638	0.02269	0.02878	0.11175	0.30475	0.27872	0.02755	0.01273	0.00384	0.00642	0.02409	0.00949	0.00911
11	0.03102	0.02667	0.10397	0.08512	0.23790	0.02241	0.09754	0.03783	0.02554	0.18710	0.02616	0.02900	0.01874	0.01056	0.01075	0.00329	0.01277	0.01000	0.00737	0.01624
12	0.04407	0.01701	0.02275	0.01772	0.02521	0.01485	0.01455	0.04826	0.02928	0.50541	0.04084	0.03640	0.02629	0.01299	0.01024	0.00317	0.00850	0.01054	0.09490	0.01701
13	0.02827	0.63478	0.05540	0.01809	0.02714	0.04184	0.01809	0.03166	0.02148	0.02488	0.01470	0.01696	0.01357	0.00905	0.00678	0.00226	0.01131	0.00565	0.00452	0.01357
14	0.02452	0.02808	0.14880	0.11379	0.23271	0.02229	0.05951	0.03176	0.02289	0.07926	0.02282	0.02889	0.01792	0.02027	0.09527	0.00531	0.01573	0.00966	0.00577	0.01476
15	0.02437	0.07171	0.11026	0.08527	0.15162	0.02305	0.10055	0.03315	0.06498	0.07282	0.12119	0.03688	0.03277	0.01237	0.01085	0.00328	0.01186	0.01144	0.00720	0.01438
16	0.01380	0.00962	0.01187	0.01342	0.01484	0.00889	0.00926	0.01636	0.02175	0.02983	0.09800	0.43324	0.14140	0.02882	0.01253	0.00389	0.00579	0.02565	0.09215	0.00889
17	0.01322	0.00982	0.01233	0.01365	0.01522	0.00893	0.00950	0.01585	0.02292	0.03036	0.16677	0.41169	0.17187	0.02959	0.01310	0.00396	0.00575	0.02637	0.01018	0.00893
18	0.03847	0.02470	0.03811	0.02823	0.03725	0.02416	0.16981	0.19110	0.03459	0.25542	0.03063	0.03051	0.02063	0.01171	0.01117	0.00333	0.01245	0.01085	0.01000	0.01687
19	0.02266	0.01873	0.02180	0.01613	0.02456	0.01522	0.01287	0.07010	0.02541	0.03832	0.08796	0.02950	0.02659	0.01002	0.00866	0.00193	0.00780	0.00819	0.00733	0.54622

[dist]
# distance from previous block
# <min> <max>
0	1

[block]
# block no. 2 follows, 13 sequences, length 6
# corresponding to MSA columns:
# 323-328
name=unknown_C
#
# <colnr> <probs for GDERKNQSTAVLIFYWHMCP>
#	G	D	E	R	K	N	Q	S	T	A	V	L	I	F	Y	W	H	M	C	P
0	0.16584	0.03037	0.17347	0.02083	0.03093	0.02190	0.02091	0.08721	0.06066	0.07782	0.02196	0.02360	0.01629	0.01018	0.00886	0.00284	0.01057	0.00762	0.00707	0.20106
1	0.70310	0.02045	0.01554	0.01390	0.02045	0.02372	0.01145	0.03108	0.01799	0.04744	0.01472	0.01718	0.01145	0.00981	0.00654	0.00327	0.00818	0.00573	0.00654	0.01145
2	0.01497	0.01032	0.01142	0.01142	0.01192	0.01006	0.00664	0.01535	0.01661	0.02164	0.04376	0.07380	0.11199	0.54327	0.04797	0.00931	0.00956	0.01636	0.00689	0.00676
3	0.01610	0.01081	0.01420	0.01554	0.01665	0.01073	0.01164	0.01787	0.01960	0.02579	0.04436	0.15578	0.04963	0.23355	0.03075	0.08387	0.00939	0.21779	0.00804	0.00789
4	0.52308	0.01977	0.01801	0.01525	0.02224	0.02147	0.01257	0.03669	0.02136	0.19086	0.02213	0.02234	0.01549	0.01071	0.00767	0.00327	0.00840	0.00707	0.00834	0.01325
5	0.10385	0.01908	0.02249	0.02007	0.02580	0.01979	0.01696	0.16786	0.03187	0.15604	0.04013	0.06497	0.03646	0.01919	0.01179	0.00389	0.00993	0.20559	0.01033	0.01392

[dist]
# distance from previous block
# <min> <max>
0	1

[block]
# block no. 3 follows, 13 sequences, length 21
# corresponding to MSA columns:
# 330-350
name=unknown_D
#
# <colnr> <probs for GDERKNQSTAVLIFYWHMCP>
#	G	D	E	R	K	N	Q	S	T	A	V	L	I	F	Y	W	H	M	C	P
0	0.70310	0.02045	0.01554	0.01390	0.02045	0.02372	0.01145	0.03108	0.01799	0.04744	0.01472	0.01718	0.01145	0.00981	0.00654	0.00327	0.00818	0.00573	0.00654	0.01145
1	0.02121	0.05469	0.57364	0.03014	0.04576	0.02455	0.03906	0.03348	0.02232	0.03348	0.01897	0.02232	0.01339	0.01005	0.01005	0.00335	0.01563	0.00781	0.00446	0.01563
2	0.01997	0.01879	0.03171	0.60301	0.07282	0.02349	0.02936	0.02701	0.02114	0.02701	0.01879	0.02819	0.01409	0.01057	0.01057	0.00352	0.01409	0.00940	0.00470	0.01175
3	0.70310	0.02045	0.01554	0.01390	0.02045	0.02372	0.01145	0.03108	0.01799	0.04744	0.01472	0.01718	0.01145	0.00981	0.00654	0.00327	0.00818	0.00573	0.00654	0.01145
4	0.01509	0.01188	0.01523	0.01654	0.05386	0.01086	0.01147	0.01938	0.02711	0.03633	0.32763	0.08625	0.24419	0.02312	0.01252	0.00352	0.00603	0.05847	0.01043	0.01008
5	0.70310	0.02045	0.01554	0.01390	0.02045	0.02372	0.01145	0.03108	0.01799	0.04744	0.01472	0.01718	0.01145	0.00981	0.00654	0.00327	0.00818	0.00573	0.00654	0.01145
6	0.70310	0.02045	0.01554	0.01390	0.02045	0.02372	0.01145	0.03108	0.01799	0.04744	0.01472	0.01718	0.01145	0.00981	0.00654	0.00327	0.00818	0.00573	0.00654	0.01145
7	0.04213	0.02651	0.02981	0.02286	0.03124	0.02819	0.01888	0.40028	0.04452	0.20089	0.02974	0.02821	0.02017	0.01280	0.01059	0.00320	0.01093	0.00982	0.01125	0.01798
8	0.02617	0.02512	0.04292	0.06490	0.56246	0.02512	0.03245	0.03245	0.02407	0.03454	0.01989	0.02617	0.01675	0.00942	0.01047	0.00314	0.01256	0.00942	0.00523	0.01675
9	0.01971	0.00985	0.00985	0.00985	0.01232	0.00985	0.00739	0.02464	0.02217	0.03942	0.03449	0.03942	0.02710	0.01232	0.00739	0.00246	0.00493	0.00985	0.68712	0.00985
10	0.70310	0.02045	0.01554	0.01390	0.02045	0.02372	0.01145	0.03108	0.01799	0.04744	0.01472	0.01718	0.01145	0.00981	0.00654	0.00327	0.00818	0.00573	0.00654	0.01145
11	0.04244	0.02600	0.02949	0.02261	0.03099	0.02743	0.01868	0.37933	0.04367	0.22306	0.03046	0.02868	0.02053	0.01281	0.01059	0.00320	0.01081	0.00987	0.01136	0.01798
12	0.02630	0.02271	0.02391	0.02152	0.02749	0.02630	0.01674	0.05618	0.54336	0.04423	0.04303	0.03945	0.03228	0.01434	0.01076	0.00359	0.00837	0.01195	0.01076	0.01674
13	0.04327	0.01693	0.02306	0.01832	0.02558	0.01470	0.01485	0.04708	0.02905	0.50425	0.04371	0.10669	0.03146	0.01551	0.01098	0.00340	0.00865	0.01298	0.01269	0.01686
14	0.03778	0.01586	0.02144	0.01717	0.02366	0.01389	0.01389	0.04214	0.03016	0.41296	0.19491	0.04877	0.04806	0.01562	0.01118	0.00329	0.00780	0.01316	0.01266	0.01561
15	0.01975	0.01858	0.01715	0.01636	0.01986	0.10128	0.01221	0.02740	0.10767	0.03531	0.23665	0.13391	0.17029	0.02131	0.01188	0.00344	0.00791	0.01810	0.00993	0.01099
16	0.03652	0.01638	0.02156	0.01750	0.02389	0.01490	0.01408	0.04307	0.07404	0.37691	0.18634	0.04834	0.04734	0.01559	0.01116	0.00331	0.00782	0.01313	0.01248	0.01564
17	0.02664	0.01419	0.01816	0.01712	0.02110	0.01356	0.01278	0.03337	0.10064	0.21457	0.05039	0.33625	0.04947	0.02353	0.01212	0.00384	0.00744	0.02077	0.01107	0.01299
18	0.01552	0.01025	0.01302	0.01417	0.01603	0.00927	0.00992	0.01791	0.02241	0.06852	0.10262	0.44104	0.16056	0.02961	0.01302	0.00401	0.00612	0.02637	0.01019	0.00945
19	0.01519	0.01086	0.01457	0.01447	0.01571	0.01170	0.01024	0.01768	0.01794	0.02516	0.09404	0.05657	0.03985	0.28108	0.31470	0.01278	0.01863	0.01381	0.00667	0.00835
20	0.02545	0.10566	0.19311	0.11576	0.11807	0.02536	0.10471	0.03329	0.02335	0.07765	0.02086	0.02514	0.01565	0.00984	0.01005	0.00311	0.01365	0.00885	0.00562	0.06482

[dist]
# distance from previous block
# <min> <max>
0	5

[block]
# block no. 4 follows, 13 sequences, length 18
# corresponding to MSA columns:
# 356-373
name=unknown_E
#
# <colnr> <probs for GDERKNQSTAVLIFYWHMCP>
#	G	D	E	R	K	N	Q	S	T	A	V	L	I	F	Y	W	H	M	C	P
0	0.13259	0.02414	0.02990	0.03199	0.16668	0.02562	0.02078	0.17670	0.10818	0.13673	0.02775	0.02825	0.02020	0.01173	0.01000	0.00326	0.01044	0.00949	0.00905	0.01652
1	0.02769	0.02419	0.02541	0.02400	0.06118	0.06328	0.01751	0.12157	0.30772	0.04342	0.03694	0.09497	0.03061	0.01508	0.01072	0.00337	0.00962	0.01258	0.00962	0.06054
2	0.02377	0.02214	0.03718	0.18534	0.23771	0.02350	0.10145	0.03348	0.08891	0.03429	0.02430	0.03010	0.01903	0.01056	0.01051	0.00329	0.01241	0.01024	0.07739	0.01439
3	0.01285	0.00933	0.01214	0.01439	0.01525	0.00862	0.00967	0.01476	0.02056	0.02712	0.06228	0.57890	0.10997	0.03260	0.01341	0.00423	0.00607	0.02942	0.00982	0.00862
4	0.02154	0.01145	0.01486	0.01464	0.01746	0.01049	0.01071	0.02487	0.02440	0.14642	0.14212	0.31627	0.06002	0.02384	0.01184	0.00364	0.00636	0.02109	0.10696	0.01101
5	0.02918	0.02079	0.02316	0.02029	0.02637	0.02288	0.01592	0.05213	0.40367	0.14070	0.08819	0.04230	0.03712	0.01476	0.01089	0.00351	0.00818	0.01234	0.01126	0.01637
6	0.11550	0.01947	0.02435	0.01888	0.02691	0.01821	0.01559	0.09935	0.03102	0.46209	0.03716	0.03290	0.02377	0.01270	0.01020	0.00326	0.00919	0.01000	0.01214	0.01731
7	0.03950	0.05039	0.02996	0.02724	0.03269	0.58597	0.02043	0.04222	0.02996	0.02588	0.01634	0.01907	0.01362	0.01090	0.00953	0.00272	0.01907	0.00681	0.00545	0.01226
8	0.01894	0.01377	0.01690	0.01504	0.01847	0.01357	0.01157	0.09983	0.03304	0.04622	0.47319	0.07054	0.08688	0.02021	0.01217	0.00330	0.00603	0.01761	0.01147	0.01124
9	0.70310	0.02045	0.01554	0.01390	0.02045	0.02372	0.01145	0.03108	0.01799	0.04744	0.01472	0.01718	0.01145	0.00981	0.00654	0.00327	0.00818	0.00573	0.00654	0.01145
10	0.02827	0.63478	0.05540	0.01809	0.02714	0.04184	0.01809	0.03166	0.02148	0.02488	0.01470	0.01696	0.01357	0.00905	0.00678	0.00226	0.01131	0.00565	0.00452	0.01357
11	0.04744	0.01799	0.02454	0.01881	0.02699	0.01554	0.01554	0.05153	0.03026	0.56979	0.04171	0.03599	0.02617	0.01309	0.01063	0.00327	0.00900	0.01063	0.01309	0.01799
12	0.01997	0.01879	0.03171	0.60301	0.07282	0.02349	0.02936	0.02701	0.02114	0.02701	0.01879	0.02819	0.01409	0.01057	0.01057	0.00352	0.01409	0.00940	0.00470	0.01175
13	0.01494	0.01201	0.01348	0.01289	0.01628	0.01118	0.00973	0.02141	0.08101	0.03580	0.28219	0.08600	0.31762	0.02338	0.01230	0.00347	0.00552	0.01994	0.01065	0.01017
14	0.01333	0.00968	0.01258	0.01411	0.01536	0.00893	0.00972	0.01595	0.02273	0.03062	0.17558	0.45992	0.11227	0.03004	0.01319	0.00402	0.00582	0.02700	0.01023	0.00893
15	0.01288	0.00920	0.01227	0.01472	0.01534	0.00859	0.00981	0.01472	0.02024	0.02699	0.05828	0.62152	0.06993	0.03312	0.01350	0.00429	0.00613	0.03006	0.00981	0.00859
16	0.01598	0.01225	0.01417	0.01315	0.01654	0.01136	0.01001	0.05805	0.02919	0.03887	0.33807	0.08372	0.27365	0.02294	0.01233	0.00341	0.00566	0.01962	0.01084	0.01019
17	0.02097	0.02030	0.03580	0.50296	0.10867	0.02396	0.08153	0.02815	0.02177	0.02831	0.01915	0.02807	0.01450	0.01031	0.01076	0.00350	0.01437	0.00972	0.00481	0.01239

[dist]
# distance from previous block
# <min> <max>
0	2

[block]
# block no. 5 follows, 13 sequences, length 69
# corresponding to MSA columns:
# 376-399,406-450
name=unknown_F
#
# <colnr> <probs for GDERKNQSTAVLIFYWHMCP>
#	G	D	E	R	K	N	Q	S	T	A	V	L	I	F	Y	W	H	M	C	P
0	0.38802	0.26029	0.03318	0.01945	0.06470	0.03089	0.01565	0.03141	0.01982	0.03765	0.01511	0.01778	0.01268	0.00948	0.00694	0.00287	0.00974	0.00598	0.00565	0.01268
1	0.59967	0.02349	0.02011	0.01721	0.02396	0.07010	0.04919	0.03220	0.01948	0.04469	0.01534	0.01815	0.01196	0.00984	0.00722	0.00325	0.00977	0.00630	0.00637	0.01172
2	0.02488	0.03199	0.16404	0.04710	0.28538	0.02542	0.10345	0.03665	0.10606	0.03574	0.02357	0.02774	0.01834	0.01027	0.01071	0.00332	0.01337	0.00990	0.00595	0.01613
3	0.04105	0.01906	0.02449	0.01851	0.02699	0.01653	0.01520	0.08213	0.02984	0.40905	0.03523	0.03196	0.02315	0.01186	0.00999	0.00287	0.00893	0.00955	0.01134	0.17227
4	0.01405	0.01058	0.01322	0.01316	0.01559	0.00975	0.00972	0.01789	0.02603	0.03527	0.32935	0.16394	0.20349	0.02904	0.05643	0.00458	0.00703	0.02098	0.01045	0.00946
5	0.02525	0.08219	0.06177	0.04222	0.05277	0.02807	0.47927	0.03367	0.02465	0.03307	0.02080	0.02750	0.01582	0.00892	0.01197	0.00345	0.01725	0.01187	0.00527	0.01420
6	0.01325	0.00946	0.01269	0.01514	0.01591	0.00890	0.01045	0.01535	0.02060	0.02740	0.05807	0.57750	0.06913	0.03278	0.01359	0.00434	0.00645	0.07048	0.00981	0.00869
7	0.03294	0.02601	0.02765	0.02286	0.03003	0.02940	0.01834	0.28150	0.30722	0.05495	0.03459	0.03272	0.02544	0.01355	0.01067	0.00339	0.00993	0.01079	0.01067	0.01733
8	0.01910	0.02952	0.23096	0.02104	0.02912	0.01809	0.02221	0.03071	0.10563	0.03925	0.27117	0.05112	0.05619	0.01605	0.01127	0.00337	0.00960	0.01367	0.00874	0.01319
9	0.02764	0.58343	0.10128	0.01916	0.02879	0.04031	0.01995	0.03182	0.02156	0.02564	0.01508	0.01744	0.01355	0.00913	0.00707	0.00236	0.01169	0.00584	0.00452	0.01375
10	0.02313	0.02313	0.03238	0.02776	0.02776	0.03238	0.02313	0.02545	0.01619	0.02545	0.01388	0.02313	0.01388	0.01851	0.03470	0.00463	0.60907	0.00925	0.00463	0.01157
11	0.01454	0.01079	0.01354	0.01286	0.01553	0.00980	0.00964	0.01913	0.02892	0.04002	0.47940	0.08290	0.17873	0.02250	0.01247	0.00337	0.00505	0.01967	0.01133	0.00980
12	0.02192	0.01879	0.02192	0.01566	0.02506	0.01409	0.01253	0.02662	0.02192	0.03445	0.01879	0.02192	0.01566	0.00783	0.00783	0.00157	0.00783	0.00626	0.00626	0.69305
13	0.02827	0.63478	0.05540	0.01809	0.02714	0.04184	0.01809	0.03166	0.02148	0.02488	0.01470	0.01696	0.01357	0.00905	0.00678	0.00226	0.01131	0.00565	0.00452	0.01357
14	0.03143	0.26697	0.04166	0.10496	0.08293	0.12277	0.02173	0.14444	0.02938	0.03559	0.01839	0.02154	0.01492	0.01040	0.00892	0.00279	0.01311	0.00755	0.00612	0.01439
15	0.02121	0.05469	0.57364	0.03014	0.04576	0.02455	0.03906	0.03348	0.02232	0.03348	0.01897	0.02232	0.01339	0.01005	0.01005	0.00335	0.01563	0.00781	0.00446	0.01563
16	0.03350	0.12611	0.10938	0.02180	0.02984	0.11194	0.02024	0.08135	0.02885	0.18679	0.06995	0.03801	0.02836	0.01370	0.01025	0.00317	0.01191	0.05152	0.00864	0.01469
17	0.02121	0.05469	0.57364	0.03014	0.04576	0.02455	0.03906	0.03348	0.02232	0.03348	0.01897	0.02232	0.01339	0.01005	0.01005	0.00335	0.01563	0.00781	0.00446	0.01563
18	0.01997	0.01879	0.03171	0.60301	0.07282	0.02349	0.02936	0.02701	0.02114	0.02701	0.01879	0.02819	0.01409	0.01057	0.01057	0.00352	0.01409	0.00940	0.00470	0.01175
19	0.02289	0.02305	0.02856	0.08734	0.23677	0.10867	0.02182	0.02718	0.02390	0.02998	0.03978	0.16967	0.10192	0.01747	0.01129	0.00343	0.01130	0.01541	0.00688	0.01269
20	0.01997	0.01879	0.03171	0.60301	0.07282	0.02349	0.02936	0.02701	0.02114	0.02701	0.01879	0.02819	0.01409	0.01057	0.01057	0.00352	0.01409	0.00940	0.00470	0.01175
21	0.01250	0.01071	0.01071	0.01071	0.01428	0.00893	0.00803	0.01517	0.02410	0.02856	0.10711	0.10175	0.55817	0.02678	0.01250	0.00357	0.00536	0.02231	0.00982	0.00893
22	0.02396	0.28082	0.37162	0.02544	0.03850	0.03129	0.03089	0.03277	0.02200	0.03013	0.01731	0.02023	0.01346	0.00966	0.00877	0.00292	0.01394	0.00697	0.00449	0.01482
23	0.08026	0.01960	0.03023	0.33492	0.12577	0.02173	0.02493	0.03428	0.02361	0.16667	0.02442	0.02903	0.01731	0.01099	0.01026	0.00339	0.01214	0.00943	0.00703	0.01400
24	0.28609	0.01854	0.02360	0.02018	0.02543	0.01994	0.09647	0.02885	0.05990	0.03686	0.02755	0.04461	0.02588	0.11350	0.06130	0.00570	0.01188	0.07554	0.00702	0.01115
25	0.03950	0.05039	0.02996	0.02724	0.03269	0.58597	0.02043	0.04222	0.02996	0.02588	0.01634	0.01907	0.01362	0.01090	0.00953	0.00272	0.01907	0.00681	0.00545	0.01226
26	0.02192	0.01879	0.02192	0.01566	0.02506	0.01409	0.01253	0.02662	0.02192	0.03445	0.01879	0.02192	0.01566	0.00783	0.00783	0.00157	0.00783	0.00626	0.00626	0.69305
27	0.03950	0.05039	0.02996	0.02724	0.03269	0.58597	0.02043	0.04222	0.02996	0.02588	0.01634	0.01907	0.01362	0.01090	0.00953	0.00272	0.01907	0.00681	0.00545	0.01226
28	0.01873	0.01555	0.01979	0.01912	0.06302	0.01280	0.01302	0.02244	0.02144	0.03155	0.03427	0.25599	0.03690	0.01781	0.01024	0.00275	0.00754	0.01578	0.00757	0.37369
29	0.02327	0.02217	0.03769	0.31601	0.33397	0.02436	0.03101	0.02991	0.02271	0.03103	0.01938	0.02711	0.01551	0.00996	0.01052	0.00332	0.01328	0.00941	0.00498	0.01441
30	0.02127	0.01998	0.02831	0.03495	0.19380	0.06708	0.05789	0.02580	0.02359	0.03084	0.03919	0.22268	0.04211	0.02099	0.01236	0.00387	0.01099	0.12450	0.00763	0.01217
31	0.02905	0.02301	0.02575	0.01904	0.02807	0.02138	0.01548	0.22176	0.03276	0.04700	0.02136	0.02327	0.01657	0.00973	0.00890	0.00219	0.00931	0.00753	0.00795	0.42989
32	0.01360	0.00972	0.01309	0.01554	0.01647	0.00921	0.01107	0.01597	0.02095	0.02780	0.05788	0.53455	0.06836	0.03245	0.01369	0.00439	0.00676	0.10992	0.00980	0.00879
33	0.01496	0.01081	0.01413	0.01330	0.01580	0.00998	0.00998	0.01995	0.02993	0.04240	0.55689	0.07898	0.09976	0.02162	0.01247	0.00333	0.00499	0.01912	0.01164	0.00998
34	0.02301	0.02371	0.07718	0.38050	0.09700	0.02483	0.02775	0.06925	0.10567	0.03374	0.02318	0.02911	0.01738	0.01119	0.01055	0.00346	0.01303	0.00968	0.00610	0.01369
35	0.01521	0.01091	0.01486	0.01486	0.01602	0.01206	0.01056	0.01751	0.01636	0.02297	0.03027	0.05232	0.03111	0.29336	0.37886	0.01436	0.02128	0.01291	0.00595	0.00826
36	0.01967	0.01563	0.01834	0.01735	0.02119	0.01664	0.01358	0.03434	0.22931	0.04164	0.28818	0.06907	0.06814	0.01982	0.01209	0.00364	0.00695	0.08080	0.01104	0.01258
37	0.44017	0.03312	0.14720	0.01977	0.02825	0.11274	0.01927	0.03340	0.02089	0.04080	0.01596	0.01867	0.01224	0.01004	0.00783	0.00320	0.01163	0.00638	0.00589	0.01255
38	0.70310	0.02045	0.01554	0.01390	0.02045	0.02372	0.01145	0.03108	0.01799	0.04744	0.01472	0.01718	0.01145	0.00981	0.00654	0.00327	0.00818	0.00573	0.00654	0.01145
39	0.03054	0.02482	0.02630	0.02237	0.02911	0.02828	0.01776	0.19994	0.39270	0.05107	0.03765	0.03516	0.02791	0.01384	0.01070	0.00346	0.00936	0.01121	0.01070	0.01712
40	0.01837	0.00918	0.01377	0.01377	0.01377	0.00918	0.00918	0.01377	0.01377	0.01837	0.01837	0.03214	0.01837	0.03673	0.04132	0.69238	0.00918	0.00918	0.00459	0.00459
41	0.01997	0.01879	0.03171	0.60301	0.07282	0.02349	0.02936	0.02701	0.02114	0.02701	0.01879	0.02819	0.01409	0.01057	0.01057	0.00352	0.01409	0.00940	0.00470	0.01175
42	0.01496	0.01081	0.01413	0.01330	0.01580	0.00998	0.00998	0.01995	0.02993	0.04240	0.55689	0.07898	0.09976	0.02162	0.01247	0.00333	0.00499	0.01912	0.01164	0.00998
43	0.70310	0.02045	0.01554	0.01390	0.02045	0.02372	0.01145	0.03108	0.01799	0.04744	0.01472	0.01718	0.01145	0.00981	0.00654	0.00327	0.00818	0.00573	0.00654	0.01145
44	0.70310	0.02045	0.01554	0.01390	0.02045	0.02372	0.01145	0.03108	0.01799	0.04744	0.01472	0.01718	0.01145	0.00981	0.00654	0.00327	0.00818	0.00573	0.00654	0.01145
45	0.01363	0.01006	0.01276	0.01355	0.01535	0.00918	0.00960	0.01683	0.02461	0.03324	0.26012	0.33043	0.15633	0.02767	0.01294	0.00381	0.00557	0.02461	0.01053	0.00918
46	0.01288	0.00920	0.01227	0.01472	0.01534	0.00859	0.00981	0.01472	0.02024	0.02699	0.05828	0.62152	0.06993	0.03312	0.01350	0.00429	0.00613	0.03006	0.00981	0.00859
47	0.04744	0.01799	0.02454	0.01881	0.02699	0.01554	0.01554	0.05153	0.03026	0.56979	0.04171	0.03599	0.02617	0.01309	0.01063	0.00327	0.00900	0.01063	0.01309	0.01799
48	0.01288	0.00920	0.01227	0.01472	0.01534	0.00859	0.00981	0.01472	0.02024	0.02699	0.05828	0.62152	0.06993	0.03312	0.01350	0.00429	0.00613	0.03006	0.00981	0.00859
49	0.04019	0.02962	0.03173	0.02433	0.03279	0.03279	0.02010	0.52721	0.04971	0.06663	0.02538	0.02538	0.01798	0.01269	0.01058	0.00317	0.01163	0.00952	0.01058	0.01798
50	0.01997	0.01879	0.03171	0.60301	0.07282	0.02349	0.02936	0.02701	0.02114	0.02701	0.01879	0.02819	0.01409	0.01057	0.01057	0.00352	0.01409	0.00940	0.00470	0.01175
51	0.04744	0.01799	0.02454	0.01881	0.02699	0.01554	0.01554	0.05153	0.03026	0.56979	0.04171	0.03599	0.02617	0.01309	0.01063	0.00327	0.00900	0.01063	0.01309	0.01799
52	0.01538	0.01025	0.01153	0.01153	0.01153	0.01025	0.00641	0.01538	0.01538	0.02050	0.03331	0.06919	0.03844	0.62842	0.05382	0.01025	0.01025	0.01538	0.00641	0.00641
53	0.70310	0.02045	0.01554	0.01390	0.02045	0.02372	0.01145	0.03108	0.01799	0.04744	0.01472	0.01718	0.01145	0.00981	0.00654	0.00327	0.00818	0.00573	0.00654	0.01145
54	0.02827	0.63478	0.05540	0.01809	0.02714	0.04184	0.01809	0.03166	0.02148	0.02488	0.01470	0.01696	0.01357	0.00905	0.00678	0.00226	0.01131	0.00565	0.00452	0.01357
55	0.04512	0.02172	0.02684	0.02058	0.02885	0.02106	0.01700	0.20386	0.03649	0.40866	0.03648	0.03259	0.02355	0.01296	0.01061	0.00324	0.00984	0.01028	0.01228	0.01799
56	0.01521	0.01091	0.01486	0.01486	0.01602	0.01206	0.01056	0.01751	0.01636	0.02297	0.03027	0.05232	0.03111	0.29336	0.37886	0.01436	0.02128	0.01291	0.00595	0.00826
57	0.01288	0.00920	0.01227	0.01472	0.01534	0.00859	0.00981	0.01472	0.02024	0.02699	0.05828	0.62152	0.06993	0.03312	0.01350	0.00429	0.00613	0.03006	0.00981	0.00859
58	0.02617	0.02512	0.04292	0.06490	0.56246	0.02512	0.03245	0.03245	0.02407	0.03454	0.01989	0.02617	0.01675	0.00942	0.01047	0.00314	0.01256	0.00942	0.00523	0.01675
59	0.43772	0.03109	0.18658	0.01950	0.02877	0.02419	0.02033	0.03394	0.06378	0.04291	0.01842	0.02063	0.01381	0.01027	0.00797	0.00332	0.01047	0.00689	0.00627	0.01317
60	0.04014	0.03132	0.03159	0.02457	0.03278	0.07821	0.02012	0.48739	0.04809	0.06329	0.02464	0.02487	0.01762	0.01254	0.01049	0.00314	0.01224	0.00930	0.01016	0.01751
61	0.33707	0.11441	0.02069	0.01488	0.01960	0.02095	0.01190	0.02505	0.01939	0.03618	0.03101	0.24321	0.03366	0.01841	0.00918	0.00349	0.00791	0.01482	0.00744	0.01072
62	0.02354	0.02526	0.05138	0.21672	0.10354	0.02561	0.33148	0.03166	0.02372	0.03183	0.02047	0.02822	0.01551	0.00946	0.01173	0.00352	0.01624	0.01128	0.00514	0.01370
63	0.01538	0.01025	0.01153	0.01153	0.01153	0.01025	0.00641	0.01538	0.01538	0.02050	0.03331	0.06919	0.03844	0.62842	0.05382	0.01025	0.01025	0.01538	0.00641	0.00641
64	0.02121	0.05469	0.57364	0.03014	0.04576	0.02455	0.03906	0.03348	0.02232	0.03348	0.01897	0.02232	0.01339	0.01005	0.01005	0.00335	0.01563	0.00781	0.00446	0.01563
65	0.70310	0.02045	0.01554	0.01390	0.02045	0.02372	0.01145	0.03108	0.01799	0.04744	0.01472	0.01718	0.01145	0.00981	0.00654	0.00327	0.00818	0.00573	0.00654	0.01145
66	0.01391	0.01050	0.01254	0.01252	0.01487	0.00947	0.00902	0.01727	0.02540	0.03385	0.29582	0.16296	0.23678	0.07810	0.01625	0.00415	0.00573	0.02138	0.01034	0.00913
67	0.29462	0.02328	0.02301	0.10759	0.03208	0.07280	0.01682	0.11271	0.02714	0.11642	0.06001	0.02737	0.02147	0.01178	0.00906	0.00325	0.01048	0.00863	0.00807	0.01340
68	0.03017	0.03380	0.27659	0.02333	0.03380	0.01910	0.02551	0.03770	0.02435	0.23457	0.02946	0.03271	0.02124	0.06493	0.06100	0.00498	0.01374	0.00976	0.00797	0.01530

[dist]
# distance from previous block
# <min> <max>
0	1

[block]
# block no. 6 follows, 13 sequences, length 59
# corresponding to MSA columns:
# 452-510
name=unknown_G
#
# <colnr> <probs for GDERKNQSTAVLIFYWHMCP>
#	G	D	E	R	K	N	Q	S	T	A	V	L	I	F	Y	W	H	M	C	P
0	0.34204	0.02037	0.02469	0.15128	0.11404	0.02250	0.01920	0.03384	0.02166	0.12896	0.02093	0.02410	0.01530	0.01047	0.00870	0.00331	0.01027	0.00791	0.00704	0.01341
1	0.19994	0.03506	0.02717	0.02288	0.02977	0.23437	0.01813	0.22881	0.03478	0.04699	0.01948	0.02108	0.01480	0.01134	0.00922	0.00303	0.01354	0.00761	0.00771	0.01430
2	0.03533	0.40759	0.04403	0.01836	0.02708	0.03215	0.01715	0.03898	0.02472	0.22559	0.02465	0.02397	0.01821	0.01053	0.00820	0.00263	0.01046	0.00749	0.00768	0.01520
3	0.28293	0.25039	0.03361	0.01816	0.02566	0.08132	0.01588	0.07840	0.06487	0.03867	0.01805	0.01976	0.01466	0.01024	0.00759	0.00287	0.01062	0.00663	0.00640	0.01330
4	0.01510	0.01133	0.01699	0.01699	0.01888	0.01322	0.01322	0.01888	0.01699	0.02454	0.02832	0.04154	0.02643	0.07930	0.58652	0.01699	0.02832	0.01133	0.00566	0.00944
5	0.34776	0.02342	0.02304	0.01858	0.02611	0.02569	0.01533	0.21787	0.03178	0.14245	0.02321	0.02338	0.01634	0.01143	0.00872	0.00324	0.00959	0.00795	0.00914	0.01497
6	0.04019	0.02962	0.03173	0.02433	0.03279	0.03279	0.02010	0.52721	0.04971	0.06663	0.02538	0.02538	0.01798	0.01269	0.01058	0.00317	0.01163	0.00952	0.01058	0.01798
7	0.70310	0.02045	0.01554	0.01390	0.02045	0.02372	0.01145	0.03108	0.01799	0.04744	0.01472	0.01718	0.01145	0.00981	0.00654	0.00327	0.00818	0.00573	0.00654	0.01145
8	0.01538	0.01025	0.01153	0.01153	0.01153	0.01025	0.00641	0.01538	0.01538	0.02050	0.03331	0.06919	0.03844	0.62842	0.05382	0.01025	0.01025	0.01538	0.00641	0.00641
9	0.70310	0.02045	0.01554	0.01390	0.02045	0.02372	0.01145	0.03108	0.01799	0.04744	0.01472	0.01718	0.01145	0.00981	0.00654	0.00327	0.00818	0.00573	0.00654	0.01145
10	0.01420	0.01022	0.01345	0.01382	0.01563	0.00946	0.00992	0.01803	0.02636	0.03672	0.37322	0.27882	0.08877	0.02585	0.01285	0.00368	0.00541	0.02315	0.01097	0.00946
11	0.02282	0.02534	0.01832	0.01719	0.02129	0.22164	0.01290	0.02587	0.02715	0.02968	0.14231	0.06782	0.28764	0.02014	0.01140	0.00322	0.01035	0.01612	0.00849	0.01031
12	0.04683	0.01896	0.02514	0.01927	0.02747	0.01698	0.01592	0.09116	0.03188	0.52787	0.04035	0.03510	0.02549	0.01305	0.01063	0.00326	0.00922	0.01054	0.01288	0.01799
13	0.02102	0.04839	0.47628	0.03032	0.04427	0.02375	0.08225	0.03222	0.02210	0.03273	0.02003	0.02461	0.01480	0.01609	0.06145	0.00458	0.01696	0.00856	0.00465	0.01495
14	0.02192	0.01879	0.02192	0.01566	0.02506	0.01409	0.01253	0.02662	0.02192	0.03445	0.01879	0.02192	0.01566	0.00783	0.00783	0.00157	0.00783	0.00626	0.00626	0.69305
15	0.02118	0.24564	0.07889	0.01945	0.02495	0.02641	0.01805	0.02539	0.01902	0.02549	0.02124	0.02925	0.01949	0.04224	0.27587	0.00933	0.07264	0.00876	0.00505	0.01167
16	0.02258	0.01685	0.01749	0.01621	0.02066	0.01861	0.01248	0.04072	0.30269	0.04099	0.04590	0.04528	0.07968	0.01476	0.00968	0.00317	0.00682	0.01215	0.25981	0.01347
17	0.02395	0.02083	0.06311	0.07614	0.03172	0.02044	0.05100	0.07796	0.14232	0.07933	0.07739	0.03908	0.03076	0.03247	0.17702	0.00734	0.01582	0.01159	0.00818	0.01354
18	0.01565	0.06649	0.01674	0.01382	0.01670	0.01325	0.01027	0.02024	0.05909	0.03075	0.15654	0.23434	0.20609	0.07331	0.01546	0.00415	0.00664	0.02123	0.00947	0.00977
19	0.02058	0.03090	0.22389	0.06270	0.03409	0.02091	0.02386	0.03531	0.17741	0.03607	0.08737	0.09293	0.07755	0.01588	0.01103	0.00353	0.01067	0.01339	0.00794	0.01397
20	0.02649	0.24153	0.13587	0.02976	0.04041	0.03127	0.20153	0.07053	0.02505	0.03326	0.01884	0.02289	0.01489	0.00936	0.00969	0.00292	0.01412	0.00876	0.00538	0.05745
21	0.01298	0.00955	0.01218	0.01401	0.01521	0.00875	0.00956	0.01519	0.02156	0.02841	0.10392	0.50209	0.14522	0.03129	0.01327	0.00411	0.00593	0.02806	0.00996	0.00875
22	0.02630	0.02271	0.02391	0.02152	0.02749	0.02630	0.01674	0.05618	0.54336	0.04423	0.04303	0.03945	0.03228	0.01434	0.01076	0.00359	0.00837	0.01195	0.01076	0.01674
23	0.03554	0.12658	0.16478	0.02169	0.03195	0.02323	0.02188	0.07992	0.02786	0.27302	0.02889	0.02775	0.01962	0.01129	0.00967	0.00300	0.01112	0.00875	0.00892	0.06455
24	0.03037	0.27880	0.12399	0.02777	0.11118	0.03110	0.02312	0.07104	0.06223	0.11175	0.02284	0.02413	0.01750	0.01047	0.00894	0.00286	0.01163	0.00799	0.00674	0.01554
25	0.02827	0.63478	0.05540	0.01809	0.02714	0.04184	0.01809	0.03166	0.02148	0.02488	0.01470	0.01696	0.01357	0.00905	0.00678	0.00226	0.01131	0.00565	0.00452	0.01357
26	0.09083	0.02815	0.07533	0.02471	0.03286	0.02825	0.06688	0.21596	0.23066	0.05054	0.03026	0.03006	0.02229	0.01249	0.01042	0.00339	0.01099	0.01025	0.00929	0.01638
27	0.01848	0.01062	0.01573	0.01532	0.01549	0.01162	0.01080	0.01529	0.01429	0.01957	0.01890	0.03222	0.01872	0.03910	0.09186	0.56799	0.06424	0.00939	0.00470	0.00567
28	0.01321	0.01008	0.01214	0.01301	0.01507	0.00901	0.00923	0.01603	0.02372	0.03093	0.18517	0.32087	0.24660	0.02838	0.01292	0.00383	0.00561	0.02495	0.01022	0.00901
29	0.01446	0.01082	0.01359	0.01418	0.01664	0.00996	0.01096	0.01834	0.02576	0.03423	0.25956	0.17830	0.20220	0.02633	0.01309	0.00387	0.00626	0.12153	0.01049	0.00944
30	0.01445	0.01019	0.01296	0.01380	0.01564	0.00948	0.01004	0.01798	0.02457	0.03409	0.24293	0.29473	0.12012	0.02641	0.01262	0.00377	0.00581	0.05654	0.06458	0.00931
31	0.04182	0.02282	0.02676	0.02070	0.02856	0.02322	0.01704	0.27352	0.03878	0.29061	0.03345	0.03126	0.02239	0.01284	0.01035	0.00316	0.00992	0.01005	0.06541	0.01734
32	0.04019	0.02962	0.03173	0.02433	0.03279	0.03279	0.02010	0.52721	0.04971	0.06663	0.02538	0.02538	0.01798	0.01269	0.01058	0.00317	0.01163	0.00952	0.01058	0.01798
33	0.02827	0.63478	0.05540	0.01809	0.02714	0.04184	0.01809	0.03166	0.02148	0.02488	0.01470	0.01696	0.01357	0.00905	0.00678	0.00226	0.01131	0.00565	0.00452	0.01357
34	0.70310	0.02045	0.01554	0.01390	0.02045	0.02372	0.01145	0.03108	0.01799	0.04744	0.01472	0.01718	0.01145	0.00981	0.00654	0.00327	0.00818	0.00573	0.00654	0.01145
35	0.01288	0.00920	0.01227	0.01472	0.01534	0.00859	0.00981	0.01472	0.02024	0.02699	0.05828	0.62152	0.06993	0.03312	0.01350	0.00429	0.00613	0.03006	0.00981	0.00859
36	0.01493	0.01017	0.01217	0.01258	0.01286	0.01025	0.00762	0.01559	0.01635	0.02197	0.03705	0.15956	0.04261	0.47673	0.09698	0.00988	0.01125	0.01747	0.00691	0.00706
37	0.03896	0.03000	0.18856	0.02270	0.03312	0.01984	0.02297	0.09077	0.02972	0.36307	0.03342	0.03093	0.02160	0.01214	0.01045	0.00329	0.01122	0.00969	0.01029	0.01729
38	0.03381	0.05173	0.19891	0.02814	0.03675	0.41151	0.02622	0.03951	0.02759	0.02824	0.01716	0.02008	0.01355	0.01063	0.00969	0.00292	0.01800	0.00712	0.00514	0.01330
39	0.02259	0.08658	0.37082	0.02555	0.03798	0.06293	0.02994	0.03184	0.02338	0.03322	0.06327	0.02637	0.02095	0.01067	0.00966	0.00296	0.01354	0.00830	0.00540	0.11403
40	0.02490	0.04532	0.44117	0.02698	0.04037	0.02195	0.03298	0.03529	0.02420	0.11992	0.06558	0.02903	0.02234	0.01146	0.01033	0.00333	0.01372	0.00917	0.00642	0.01555
41	0.01997	0.01879	0.03171	0.60301	0.07282	0.02349	0.02936	0.02701	0.02114	0.02701	0.01879	0.02819	0.01409	0.01057	0.01057	0.00352	0.01409	0.00940	0.00470	0.01175
42	0.70310	0.02045	0.01554	0.01390	0.02045	0.02372	0.01145	0.03108	0.01799	0.04744	0.01472	0.01718	0.01145	0.00981	0.00654	0.00327	0.00818	0.00573	0.00654	0.01145
43	0.70310	0.02045	0.01554	0.01390	0.02045	0.02372	0.01145	0.03108	0.01799	0.04744	0.01472	0.01718	0.01145	0.00981	0.00654	0.00327	0.00818	0.00573	0.00654	0.01145
44	0.70310	0.02045	0.01554	0.01390	0.02045	0.02372	0.01145	0.03108	0.01799	0.04744	0.01472	0.01718	0.01145	0.00981	0.00654	0.00327	0.00818	0.00573	0.00654	0.01145
45	0.70310	0.02045	0.01554	0.01390	0.02045	0.02372	0.01145	0.03108	0.01799	0.04744	0.01472	0.01718	0.01145	0.00981	0.00654	0.00327	0.00818	0.00573	0.00654	0.01145
46	0.70310	0.02045	0.01554	0.01390	0.02045	0.02372	0.01145	0.03108	0.01799	0.04744	0.01472	0.01718	0.01145	0.00981	0.00654	0.00327	0.00818	0.00573	0.00654	0.01145
47	0.01404	0.00935	0.01238	0.01413	0.01457	0.00891	0.00924	0.01468	0.01860	0.02481	0.04888	0.45676	0.05790	0.11815	0.02330	0.10596	0.00717	0.02492	0.00857	0.00769
48	0.02703	0.26674	0.12225	0.06648	0.03413	0.03245	0.02198	0.08276	0.17536	0.03569	0.02484	0.02592	0.01940	0.01118	0.00907	0.00299	0.01136	0.00844	0.00687	0.01506
49	0.03950	0.05039	0.02996	0.02724	0.03269	0.58597	0.02043	0.04222	0.02996	0.02588	0.01634	0.01907	0.01362	0.01090	0.00953	0.00272	0.01907	0.00681	0.00545	0.01226
50	0.02901	0.03436	0.21552	0.03399	0.04566	0.02344	0.25188	0.03786	0.02536	0.15868	0.02536	0.02830	0.01756	0.01024	0.01128	0.00343	0.01507	0.01057	0.00687	0.01556
51	0.11066	0.14274	0.32366	0.02804	0.07904	0.02756	0.02948	0.03480	0.06803	0.03486	0.01992	0.02259	0.01512	0.01018	0.00914	0.00316	0.01306	0.00768	0.00536	0.01493
52	0.01362	0.01056	0.01240	0.01235	0.01507	0.00934	0.00911	0.01719	0.02614	0.03437	0.29613	0.15849	0.29655	0.02535	0.01261	0.00356	0.00530	0.02192	0.01061	0.00934
53	0.03927	0.01619	0.02192	0.01743	0.02417	0.01414	0.01414	0.04358	0.03018	0.43708	0.17134	0.04681	0.04469	0.01523	0.01110	0.00329	0.00799	0.01277	0.01272	0.01598
54	0.02839	0.30831	0.24397	0.02351	0.03461	0.08406	0.02592	0.03510	0.02337	0.07665	0.01885	0.02085	0.01463	0.00995	0.00860	0.00280	0.01344	0.00701	0.00535	0.01461
55	0.01618	0.01467	0.05322	0.01612	0.01898	0.01264	0.01305	0.02173	0.06293	0.03017	0.11462	0.16935	0.09868	0.15681	0.06561	0.00632	0.00996	0.10054	0.00870	0.00973
56	0.01521	0.00942	0.01145	0.01307	0.01431	0.00902	0.00899	0.01810	0.02090	0.03122	0.05018	0.42337	0.05535	0.02604	0.01142	0.00367	0.00572	0.02318	0.24037	0.00902
57	0.13498	0.02497	0.02544	0.02639	0.10504	0.11327	0.01779	0.08084	0.09907	0.11229	0.02790	0.06956	0.02296	0.01546	0.01289	0.06789	0.01100	0.01040	0.00809	0.01376
58	0.08177	0.02031	0.02869	0.11366	0.12601	0.02010	0.02056	0.07638	0.02840	0.32796	0.03166	0.03118	0.02123	0.01184	0.01033	0.00328	0.01050	0.00984	0.00989	0.01642

[dist]
# distance from previous block
# <min> <max>
1	3

[block]
