[name]
unknown

[dist]
# distance from previous block
# <min> <max>
0	565

[block]
# block no. 0 follows, 12 sequences, length 28
# corresponding to MSA columns:
# 581-608
name=unknown_A
#
# <colnr> <probs for GDERKNQSTAVLIFYWHMCP>
#	G	D	E	R	K	N	Q	S	T	A	V	L	I	F	Y	W	H	M	C	P
0	0.06844	0.01816	0.02128	0.08582	0.02876	0.01947	0.01552	0.09309	0.12760	0.09186	0.14645	0.05121	0.09780	0.01648	0.01102	0.00343	0.00843	0.01368	0.06785	0.01363
1	0.02268	0.11927	0.50452	0.02970	0.04506	0.02730	0.03789	0.03432	0.02292	0.03355	0.01908	0.02241	0.01383	0.01024	0.00999	0.00333	0.01562	0.00781	0.00461	0.01588
2	0.02509	0.21497	0.04408	0.19484	0.10607	0.03257	0.05642	0.03019	0.02149	0.02821	0.01730	0.02407	0.01477	0.01182	0.01486	0.00341	0.13289	0.00863	0.00488	0.01346
3	0.02059	0.01938	0.03270	0.59060	0.07510	0.02422	0.03028	0.02786	0.02180	0.02786	0.01938	0.02907	0.01453	0.01090	0.01090	0.00363	0.01453	0.00969	0.00484	0.01211
4	0.01568	0.01129	0.01551	0.01551	0.01676	0.01254	0.01112	0.01818	0.01693	0.02382	0.03104	0.05302	0.03168	0.27280	0.38862	0.01504	0.02255	0.01317	0.00611	0.00862
5	0.01755	0.01057	0.01417	0.01569	0.01725	0.00971	0.01083	0.01973	0.02211	0.09112	0.05805	0.54113	0.06671	0.03169	0.01356	0.00430	0.00668	0.02860	0.01053	0.01002
6	0.01328	0.00949	0.01265	0.01518	0.01581	0.00886	0.01012	0.01518	0.02088	0.02783	0.06010	0.60969	0.07212	0.03416	0.01392	0.00443	0.00633	0.03100	0.01012	0.00886
7	0.10616	0.01786	0.02090	0.01722	0.02341	0.01741	0.01385	0.10939	0.03206	0.22636	0.17502	0.05310	0.10745	0.01708	0.01122	0.00341	0.00808	0.01398	0.01154	0.01451
8	0.52956	0.02044	0.01839	0.01563	0.02281	0.02231	0.01288	0.03742	0.02178	0.17816	0.02227	0.02265	0.01568	0.01098	0.00782	0.00337	0.00865	0.00719	0.00847	0.01353
9	0.13625	0.02263	0.02503	0.02056	0.02806	0.02402	0.01663	0.13263	0.19455	0.22910	0.03636	0.03346	0.02529	0.01334	0.01037	0.00346	0.00942	0.01045	0.01126	0.01713
10	0.03400	0.01648	0.02077	0.01697	0.02326	0.01491	0.01364	0.07669	0.03146	0.30234	0.15646	0.05936	0.15005	0.01819	0.01174	0.00344	0.00788	0.01516	0.01227	0.01493
11	0.03067	0.55024	0.05412	0.01945	0.02870	0.04199	0.01891	0.09183	0.02575	0.03097	0.01652	0.01856	0.01455	0.00979	0.00748	0.00245	0.01170	0.00632	0.00543	0.01455
12	0.25618	0.02054	0.02209	0.01839	0.02573	0.02144	0.01493	0.04733	0.14518	0.26801	0.03417	0.03157	0.02348	0.01269	0.00961	0.00345	0.00885	0.00962	0.01070	0.01603
13	0.11506	0.02543	0.02651	0.02187	0.02900	0.02852	0.01762	0.26253	0.20378	0.05658	0.07304	0.03445	0.02948	0.01404	0.01062	0.00344	0.00988	0.01097	0.01055	0.01661
14	0.01517	0.01080	0.01296	0.01283	0.01542	0.00984	0.00947	0.01934	0.02722	0.03801	0.31861	0.14714	0.19418	0.02383	0.01235	0.00350	0.00537	0.02071	0.09340	0.00984
15	0.03539	0.01608	0.02229	0.06697	0.02811	0.01475	0.01537	0.03990	0.02946	0.34243	0.16394	0.09453	0.04809	0.01712	0.01166	0.00350	0.00848	0.01464	0.01211	0.01519
16	0.09288	0.01252	0.01507	0.01526	0.01827	0.01207	0.01158	0.02271	0.02508	0.08079	0.18813	0.24674	0.11301	0.02542	0.01262	0.00395	0.00687	0.07591	0.01054	0.01058
17	0.01977	0.01223	0.01696	0.01623	0.01846	0.01310	0.01203	0.02265	0.01876	0.08969	0.03230	0.04983	0.03057	0.21779	0.36433	0.01390	0.02172	0.01272	0.00699	0.00998
18	0.02915	0.62337	0.05714	0.01866	0.02799	0.04314	0.01866	0.03265	0.02215	0.02565	0.01516	0.01749	0.01399	0.00933	0.00700	0.00233	0.01166	0.00583	0.00466	0.01399
19	0.02620	0.02175	0.02323	0.02055	0.02639	0.02437	0.01606	0.10425	0.36931	0.04665	0.10370	0.04949	0.08719	0.01662	0.01144	0.00362	0.00835	0.01385	0.01108	0.01588
20	0.02319	0.03394	0.19587	0.03441	0.04328	0.02650	0.19857	0.03127	0.02272	0.03248	0.02377	0.03744	0.02075	0.01438	0.01784	0.00403	0.15398	0.06606	0.00561	0.01390
21	0.08494	0.09353	0.03608	0.02548	0.03309	0.02396	0.13427	0.04004	0.11476	0.14646	0.06481	0.04418	0.03139	0.01430	0.01119	0.00356	0.01139	0.06266	0.00907	0.01485
22	0.26655	0.08052	0.02692	0.01939	0.02683	0.09027	0.05484	0.03309	0.02339	0.08252	0.02953	0.03096	0.07368	0.01204	0.00890	0.00301	0.01064	0.00903	0.00723	0.11066
23	0.03233	0.02798	0.07339	0.02473	0.03203	0.07118	0.06530	0.18012	0.07417	0.10766	0.03248	0.04434	0.02725	0.08671	0.01678	0.00440	0.01260	0.06241	0.00915	0.01500
24	0.10540	0.07341	0.23758	0.07966	0.08470	0.02662	0.08253	0.07789	0.02540	0.03854	0.01972	0.02387	0.01483	0.01024	0.00999	0.00326	0.01388	0.00854	0.00576	0.05820
25	0.11473	0.02883	0.13273	0.02869	0.09233	0.02267	0.05324	0.07216	0.06891	0.23132	0.03036	0.03005	0.02086	0.01187	0.01045	0.00341	0.01160	0.00981	0.00919	0.01678
26	0.28481	0.06829	0.02305	0.01649	0.02397	0.02071	0.01372	0.03727	0.02459	0.20877	0.07422	0.03054	0.02597	0.01204	0.00887	0.00308	0.00862	0.00890	0.00921	0.09688
27	0.02873	0.01846	0.02417	0.13374	0.03454	0.01954	0.01783	0.08222	0.11675	0.16277	0.18666	0.04836	0.04750	0.01579	0.01154	0.00349	0.00924	0.01346	0.01065	0.01456

[dist]
# distance from previous block
# <min> <max>
13	51

[block]
# block no. 1 follows, 12 sequences, length 39
# corresponding to MSA columns:
# 683-721
name=unknown_B
#
# <colnr> <probs for GDERKNQSTAVLIFYWHMCP>
#	G	D	E	R	K	N	Q	S	T	A	V	L	I	F	Y	W	H	M	C	P
0	0.09236	0.03975	0.18175	0.02567	0.03535	0.13965	0.02484	0.13926	0.09900	0.08142	0.02507	0.02593	0.01826	0.01191	0.01019	0.00330	0.01380	0.00881	0.00784	0.01585
1	0.09158	0.02729	0.11060	0.02048	0.03035	0.02110	0.01901	0.09998	0.07219	0.09800	0.02470	0.02586	0.01838	0.01049	0.00928	0.00268	0.01011	0.00813	0.00796	0.29183
2	0.13361	0.13187	0.03797	0.06675	0.03494	0.02771	0.11693	0.02944	0.02155	0.03300	0.02548	0.03014	0.06076	0.01279	0.01433	0.00336	0.11886	0.00980	0.00588	0.08482
3	0.47336	0.01949	0.01783	0.01524	0.02204	0.02109	0.01249	0.03674	0.02210	0.17505	0.02393	0.02458	0.01702	0.01119	0.00788	0.00330	0.00835	0.00754	0.06742	0.01335
4	0.02385	0.02385	0.03340	0.02863	0.02863	0.03340	0.02385	0.02624	0.01670	0.02624	0.01431	0.02385	0.01431	0.01908	0.03578	0.00477	0.59685	0.00954	0.00477	0.01193
5	0.02636	0.02645	0.10541	0.13701	0.25210	0.02307	0.02848	0.03528	0.06841	0.09032	0.02822	0.08098	0.02367	0.01303	0.01108	0.00349	0.01228	0.01174	0.00699	0.01563
6	0.01726	0.01304	0.01831	0.02137	0.08713	0.01375	0.01278	0.01955	0.01767	0.02461	0.03062	0.05500	0.03212	0.34051	0.23765	0.01211	0.01766	0.01351	0.00617	0.00918
7	0.03422	0.02212	0.02672	0.07538	0.03275	0.02348	0.01890	0.25033	0.03729	0.14992	0.03725	0.11871	0.03243	0.01788	0.01183	0.00370	0.01071	0.07016	0.01063	0.01559
8	0.01736	0.01352	0.01605	0.01500	0.01842	0.01342	0.01137	0.02717	0.12707	0.04211	0.38598	0.07676	0.15049	0.02157	0.01252	0.00352	0.00588	0.01874	0.01157	0.01150
9	0.04019	0.02991	0.03201	0.02483	0.03333	0.03322	0.02042	0.47246	0.09329	0.06669	0.02778	0.02745	0.01984	0.01324	0.01092	0.00331	0.01170	0.01004	0.01092	0.01843
10	0.03370	0.01919	0.02134	0.01740	0.02336	0.01986	0.01404	0.20629	0.03477	0.15494	0.03369	0.03473	0.02437	0.01300	0.00948	0.00297	0.00842	0.01020	0.30337	0.01487
11	0.02746	0.01381	0.01843	0.01576	0.02044	0.01235	0.01235	0.03227	0.03099	0.22789	0.36340	0.06552	0.07562	0.01913	0.01218	0.00341	0.00663	0.01657	0.01254	0.01326
12	0.04000	0.01847	0.02438	0.06848	0.03016	0.01760	0.01648	0.09483	0.03173	0.36407	0.08242	0.03947	0.03176	0.01392	0.01080	0.00331	0.00927	0.01142	0.07495	0.01647
13	0.01894	0.00947	0.01420	0.01420	0.01420	0.00947	0.00947	0.01420	0.01420	0.01894	0.01894	0.03314	0.01894	0.03788	0.04261	0.68277	0.00947	0.00947	0.00473	0.00473
14	0.01513	0.01126	0.01657	0.01707	0.01876	0.01270	0.01295	0.01864	0.01818	0.02580	0.03522	0.15324	0.03600	0.07250	0.46459	0.01497	0.02475	0.01544	0.00667	0.00956
15	0.02304	0.01976	0.02280	0.01672	0.02608	0.01572	0.01333	0.03033	0.07039	0.03648	0.02174	0.02431	0.01777	0.00871	0.00836	0.00181	0.00813	0.00701	0.00690	0.62062
16	0.02098	0.02090	0.09133	0.01815	0.02370	0.01670	0.01618	0.11742	0.03250	0.04489	0.29707	0.10437	0.11145	0.02025	0.01222	0.00350	0.00808	0.01735	0.01048	0.01248
17	0.02915	0.62337	0.05714	0.01866	0.02799	0.04314	0.01866	0.03265	0.02215	0.02565	0.01516	0.01749	0.01399	0.00933	0.00700	0.00233	0.01166	0.00583	0.00466	0.01399
18	0.03339	0.02605	0.02651	0.02272	0.02956	0.06751	0.01794	0.12955	0.34753	0.11688	0.03920	0.03629	0.02862	0.01408	0.01095	0.00352	0.01009	0.01134	0.01098	0.01730
19	0.60575	0.02236	0.01828	0.01579	0.02280	0.02572	0.01301	0.09691	0.02297	0.05159	0.01667	0.01886	0.01272	0.01052	0.00731	0.00336	0.00892	0.00643	0.00731	0.01272
20	0.09239	0.01277	0.01602	0.01696	0.01979	0.01248	0.01307	0.02408	0.02314	0.10272	0.05234	0.34013	0.05706	0.02772	0.01305	0.00433	0.00793	0.14304	0.01019	0.01080
21	0.01586	0.01057	0.01189	0.01189	0.01189	0.01057	0.00661	0.01586	0.01586	0.02114	0.03436	0.07135	0.03964	0.61681	0.05550	0.01057	0.01057	0.01586	0.00661	0.00661
22	0.01558	0.01102	0.01406	0.01356	0.01526	0.01074	0.00950	0.01899	0.02476	0.03471	0.32943	0.07415	0.07506	0.21377	0.08642	0.00717	0.00942	0.01765	0.00966	0.00908
23	0.03296	0.02633	0.02795	0.02337	0.03058	0.02985	0.01867	0.24330	0.33421	0.05504	0.03696	0.03477	0.02727	0.01410	0.01102	0.00352	0.01000	0.01130	0.01102	0.01778
24	0.60676	0.02074	0.01728	0.01502	0.02200	0.02332	0.01238	0.03490	0.02026	0.11742	0.01894	0.02033	0.01386	0.01058	0.00732	0.00337	0.00855	0.00659	0.00766	0.01272
25	0.20409	0.02818	0.02856	0.02241	0.03064	0.03148	0.01850	0.39268	0.04311	0.06378	0.02344	0.02407	0.01686	0.01235	0.00987	0.00330	0.01111	0.00884	0.00987	0.01686
26	0.01721	0.01344	0.01807	0.01719	0.01797	0.01596	0.01255	0.01919	0.01667	0.02373	0.02864	0.05133	0.03008	0.29476	0.25784	0.01227	0.12525	0.01304	0.00597	0.00882
27	0.02915	0.62337	0.05714	0.01866	0.02799	0.04314	0.01866	0.03265	0.02215	0.02565	0.01516	0.01749	0.01399	0.00933	0.00700	0.00233	0.01166	0.00583	0.00466	0.01399
28	0.11517	0.02218	0.03062	0.03056	0.12214	0.05826	0.10431	0.03076	0.02302	0.03736	0.02415	0.02987	0.01941	0.01178	0.01218	0.00324	0.07392	0.00971	0.22853	0.01284
29	0.02787	0.02724	0.10967	0.02414	0.03189	0.02395	0.05657	0.07409	0.26801	0.09677	0.03790	0.07119	0.03014	0.05337	0.01411	0.00408	0.01078	0.01273	0.00957	0.01593
30	0.01983	0.01216	0.01573	0.01425	0.01774	0.01098	0.01089	0.02462	0.03034	0.11340	0.43295	0.07752	0.13401	0.02157	0.01260	0.00345	0.00575	0.01882	0.01203	0.01133
31	0.02894	0.02525	0.04257	0.06269	0.50240	0.02503	0.03191	0.03521	0.02540	0.08199	0.02251	0.02789	0.01814	0.01005	0.01081	0.00325	0.01263	0.00983	0.00612	0.01739
32	0.01837	0.01143	0.01429	0.01368	0.01633	0.01053	0.00997	0.02223	0.02671	0.08328	0.29629	0.14624	0.11746	0.08666	0.01696	0.00427	0.00628	0.01950	0.06919	0.01033
33	0.01894	0.00947	0.01420	0.01420	0.01420	0.00947	0.00947	0.01420	0.01420	0.01894	0.01894	0.03314	0.01894	0.03788	0.04261	0.68277	0.00947	0.00947	0.00473	0.00473
34	0.02915	0.62337	0.05714	0.01866	0.02799	0.04314	0.01866	0.03265	0.02215	0.02565	0.01516	0.01749	0.01399	0.00933	0.00700	0.00233	0.01166	0.00583	0.00466	0.01399
35	0.03594	0.02145	0.02492	0.02106	0.02814	0.02263	0.01676	0.05600	0.32768	0.25222	0.04383	0.03924	0.03074	0.01427	0.01104	0.00357	0.00889	0.01178	0.01207	0.01778
36	0.04083	0.04907	0.03115	0.02768	0.03372	0.50024	0.02102	0.10684	0.03365	0.03236	0.01811	0.02054	0.01465	0.01149	0.00998	0.00287	0.01863	0.00740	0.00633	0.01344
37	0.03275	0.02354	0.06675	0.15210	0.04010	0.02265	0.02152	0.11475	0.11306	0.19248	0.07746	0.03702	0.02956	0.01359	0.01108	0.00348	0.01094	0.01127	0.00993	0.01596
38	0.02999	0.01641	0.02402	0.01978	0.02584	0.01433	0.05993	0.03413	0.02640	0.24001	0.08006	0.21000	0.04375	0.01923	0.01178	0.00349	0.00878	0.01721	0.01067	0.10420

[dist]
# distance from previous block
# <min> <max>
0	2

[block]
# block no. 2 follows, 12 sequences, length 9
# corresponding to MSA columns:
# 724-732
name=unknown_C
#
# <colnr> <probs for GDERKNQSTAVLIFYWHMCP>
#	G	D	E	R	K	N	Q	S	T	A	V	L	I	F	Y	W	H	M	C	P
0	0.02878	0.03747	0.24775	0.09861	0.04834	0.02533	0.13810	0.09203	0.02795	0.11352	0.02427	0.02758	0.01697	0.01093	0.01114	0.00349	0.01496	0.00995	0.00686	0.01596
1	0.01892	0.01425	0.01865	0.08221	0.02516	0.01457	0.01384	0.07944	0.03127	0.04331	0.37378	0.12011	0.07959	0.02103	0.01250	0.00353	0.00717	0.01847	0.01086	0.01134
2	0.03364	0.01621	0.02108	0.01750	0.02342	0.01498	0.01394	0.04105	0.08402	0.30364	0.23667	0.05465	0.05703	0.01704	0.01171	0.00343	0.00761	0.01450	0.01266	0.01522
3	0.02904	0.07689	0.02340	0.04959	0.02508	0.04601	0.01447	0.09741	0.05157	0.12179	0.03493	0.10031	0.02912	0.01497	0.00972	0.00310	0.00887	0.01216	0.23817	0.01340
4	0.02907	0.10130	0.10242	0.02386	0.03146	0.05683	0.02143	0.13351	0.21970	0.04287	0.03151	0.06303	0.02548	0.01444	0.01227	0.00349	0.05167	0.01111	0.00865	0.01588
5	0.01538	0.01082	0.01270	0.01260	0.01361	0.01068	0.00803	0.01678	0.01903	0.02540	0.10459	0.07400	0.11379	0.40900	0.10057	0.00954	0.01126	0.01683	0.00764	0.00773
6	0.03054	0.11160	0.13967	0.02878	0.03811	0.02868	0.12198	0.08522	0.08055	0.11826	0.02580	0.02804	0.01903	0.01222	0.01359	0.00350	0.08116	0.00998	0.00750	0.01580
7	0.01718	0.01222	0.01491	0.01532	0.01695	0.01212	0.01051	0.06969	0.02438	0.03289	0.11574	0.35586	0.06325	0.15991	0.02270	0.00554	0.00772	0.02383	0.00968	0.00959
8	0.11871	0.15002	0.03058	0.01827	0.02692	0.02549	0.01551	0.08651	0.07951	0.07583	0.02294	0.02417	0.01793	0.01025	0.00849	0.00253	0.00945	0.00755	0.00757	0.26177

[dist]
# distance from previous block
# <min> <max>
0	14

[block]
# block no. 3 follows, 12 sequences, length 11
# corresponding to MSA columns:
# 747-757
name=unknown_D
#
# <colnr> <probs for GDERKNQSTAVLIFYWHMCP>
#	G	D	E	R	K	N	Q	S	T	A	V	L	I	F	Y	W	H	M	C	P
0	0.03708	0.02223	0.02966	0.03047	0.14006	0.02221	0.02025	0.13116	0.09241	0.24549	0.08237	0.03752	0.03124	0.01359	0.01111	0.00337	0.01010	0.01147	0.01085	0.01734
1	0.02393	0.02260	0.03745	0.27908	0.30386	0.02415	0.03023	0.03058	0.02337	0.03240	0.01994	0.02744	0.01603	0.01005	0.01059	0.00325	0.01315	0.00940	0.00527	0.07723
2	0.01573	0.01102	0.01366	0.01300	0.01569	0.01015	0.00975	0.02060	0.02925	0.04177	0.43466	0.07924	0.14335	0.02175	0.01224	0.00335	0.00518	0.01896	0.09052	0.01015
3	0.02095	0.01836	0.02595	0.19626	0.04004	0.02246	0.02132	0.03157	0.12956	0.03128	0.03003	0.04295	0.02614	0.03199	0.15226	0.00733	0.09810	0.05413	0.00691	0.01242
4	0.08130	0.08831	0.02903	0.02060	0.02709	0.02495	0.01723	0.09125	0.08753	0.23489	0.03159	0.03117	0.02255	0.01369	0.01372	0.00343	0.09750	0.00982	0.05852	0.01583
5	0.01982	0.01185	0.01522	0.01465	0.01777	0.01064	0.01086	0.02353	0.02717	0.11941	0.26000	0.22861	0.14811	0.02506	0.01286	0.00374	0.00620	0.02202	0.01142	0.01105
6	0.10777	0.02193	0.02637	0.02041	0.02876	0.02148	0.01686	0.17135	0.03526	0.38089	0.03599	0.03242	0.02335	0.01307	0.01055	0.00335	0.00991	0.01019	0.01218	0.01792
7	0.01666	0.01215	0.01647	0.01829	0.02079	0.01158	0.01496	0.02072	0.02363	0.03140	0.05550	0.26267	0.06200	0.02965	0.01418	0.00458	0.00876	0.30473	0.00979	0.06150
8	0.04257	0.02874	0.03161	0.02423	0.03292	0.03115	0.02002	0.44356	0.04826	0.14184	0.02870	0.02782	0.01981	0.01315	0.01092	0.00329	0.01159	0.00999	0.01130	0.01854
9	0.12508	0.08957	0.02607	0.01865	0.02435	0.02146	0.01532	0.03220	0.02258	0.15481	0.02996	0.11762	0.02688	0.01946	0.04426	0.00413	0.09364	0.01191	0.00823	0.11381
10	0.03125	0.02262	0.02230	0.01889	0.02440	0.10054	0.01485	0.13118	0.03417	0.14521	0.19696	0.05104	0.08237	0.01674	0.01128	0.00325	0.00955	0.01365	0.05587	0.01387

[dist]
# distance from previous block
# <min> <max>
0	1

[block]
# block no. 4 follows, 12 sequences, length 31
# corresponding to MSA columns:
# 769-799
name=unknown_E
#
# <colnr> <probs for GDERKNQSTAVLIFYWHMCP>
#	G	D	E	R	K	N	Q	S	T	A	V	L	I	F	Y	W	H	M	C	P
0	0.04229	0.02031	0.02676	0.02083	0.02822	0.01971	0.01719	0.08264	0.02990	0.39389	0.03540	0.03301	0.02351	0.01373	0.01417	0.00339	0.09195	0.01024	0.01139	0.08146
1	0.15961	0.02146	0.02207	0.01916	0.02545	0.06237	0.01507	0.04418	0.14064	0.22931	0.03846	0.11339	0.03090	0.01588	0.01053	0.00355	0.00936	0.01283	0.01059	0.01517
2	0.04098	0.03188	0.02949	0.02410	0.03167	0.15591	0.01926	0.23445	0.10853	0.16615	0.03034	0.02914	0.02145	0.01298	0.01069	0.00325	0.01272	0.00977	0.01027	0.01698
3	0.08791	0.02755	0.03145	0.02724	0.02865	0.10841	0.02235	0.02921	0.01887	0.02839	0.01475	0.02270	0.01404	0.01716	0.02946	0.00437	0.46156	0.00885	0.00507	0.01202
4	0.02695	0.10088	0.02229	0.01535	0.02046	0.01996	0.01255	0.07178	0.10957	0.08900	0.03412	0.03596	0.02606	0.01268	0.00867	0.00284	0.00751	0.00996	0.36014	0.01329
5	0.01328	0.00949	0.01265	0.01518	0.01581	0.00886	0.01012	0.01518	0.02088	0.02783	0.06010	0.60969	0.07212	0.03416	0.01392	0.00443	0.00633	0.03100	0.01012	0.00886
6	0.01639	0.01221	0.01428	0.01355	0.01674	0.01163	0.01022	0.02341	0.07650	0.04015	0.34312	0.07950	0.19679	0.02198	0.01221	0.00343	0.00557	0.01893	0.07271	0.01068
7	0.04892	0.01856	0.02530	0.01940	0.02783	0.01603	0.01603	0.05314	0.03121	0.55634	0.04302	0.03711	0.02699	0.01350	0.01096	0.00337	0.00928	0.01096	0.01350	0.01856
8	0.08892	0.01496	0.01736	0.01507	0.01992	0.01433	0.01185	0.06290	0.02957	0.15336	0.23650	0.06276	0.14071	0.01875	0.01133	0.00337	0.00689	0.01564	0.06321	0.01260
9	0.54186	0.02049	0.01821	0.01553	0.02268	0.02247	0.01280	0.03702	0.02154	0.16849	0.02174	0.02228	0.01539	0.01092	0.00774	0.00337	0.00863	0.00710	0.00834	0.01340
10	0.07736	0.01895	0.01938	0.01682	0.02200	0.02082	0.01330	0.15430	0.14006	0.04934	0.03363	0.03534	0.02556	0.01306	0.00913	0.00304	0.00783	0.01023	0.31594	0.01392
11	0.18070	0.22105	0.23092	0.02476	0.03611	0.03085	0.07157	0.03341	0.02197	0.03517	0.01742	0.02068	0.01366	0.00987	0.00872	0.00311	0.01317	0.00733	0.00521	0.01432
12	0.03047	0.39248	0.08613	0.02141	0.02951	0.03632	0.02080	0.03456	0.02255	0.10100	0.01926	0.02176	0.01586	0.01168	0.01278	0.00298	0.11274	0.00736	0.00592	0.01444
13	0.02752	0.07855	0.02814	0.07383	0.03216	0.06458	0.01714	0.03945	0.16384	0.07274	0.02738	0.02855	0.02114	0.01094	0.00942	0.00267	0.01015	0.00869	0.00785	0.27526
14	0.02858	0.16475	0.04028	0.02550	0.03246	0.06826	0.13090	0.03356	0.02605	0.11181	0.11303	0.07173	0.03524	0.01451	0.01264	0.00333	0.05333	0.01252	0.00787	0.01365
15	0.01489	0.01090	0.01397	0.01367	0.01607	0.00998	0.01007	0.01935	0.02888	0.04012	0.43369	0.15788	0.14095	0.02447	0.01301	0.00359	0.00535	0.02162	0.01156	0.00998
16	0.02218	0.02161	0.03886	0.32722	0.16821	0.02372	0.11343	0.02910	0.02306	0.03077	0.02397	0.08390	0.02095	0.01256	0.01151	0.00363	0.01409	0.01228	0.00558	0.01337
17	0.01328	0.00949	0.01265	0.01518	0.01581	0.00886	0.01012	0.01518	0.02088	0.02783	0.06010	0.60969	0.07212	0.03416	0.01392	0.00443	0.00633	0.03100	0.01012	0.00886
18	0.01990	0.00995	0.01141	0.01141	0.01317	0.00995	0.00819	0.02194	0.02019	0.03393	0.03042	0.03833	0.02516	0.02049	0.01845	0.21301	0.00644	0.00995	0.46922	0.00848
19	0.02915	0.62337	0.05714	0.01866	0.02799	0.04314	0.01866	0.03265	0.02215	0.02565	0.01516	0.01749	0.01399	0.00933	0.00700	0.00233	0.01166	0.00583	0.00466	0.01399
20	0.01939	0.01612	0.01908	0.01549	0.02233	0.01262	0.01182	0.02330	0.02234	0.03303	0.03734	0.18282	0.07314	0.01647	0.00999	0.00252	0.00741	0.01421	0.00771	0.45289
21	0.19296	0.02218	0.02255	0.01901	0.02588	0.06313	0.01522	0.04583	0.13321	0.24682	0.07480	0.03549	0.02982	0.01350	0.01006	0.00340	0.00942	0.01046	0.01067	0.01557
22	0.04145	0.03054	0.03272	0.02509	0.03381	0.03381	0.02072	0.51243	0.05127	0.06872	0.02618	0.02618	0.01854	0.01309	0.01091	0.00327	0.01200	0.00982	0.01091	0.01854
23	0.49175	0.03064	0.02063	0.01859	0.02499	0.19420	0.01467	0.03561	0.02238	0.04204	0.01570	0.01832	0.01250	0.01047	0.00770	0.00320	0.01191	0.00625	0.00640	0.01207
24	0.09528	0.02031	0.02349	0.01887	0.02613	0.05914	0.01527	0.04613	0.03012	0.40250	0.10903	0.04043	0.03543	0.01429	0.01081	0.00334	0.00944	0.01148	0.01213	0.01639
25	0.01541	0.01177	0.01477	0.06799	0.02045	0.01143	0.01079	0.01888	0.02476	0.03304	0.25890	0.07969	0.18751	0.17110	0.02334	0.00530	0.00750	0.01860	0.00950	0.00928
26	0.12534	0.02201	0.02362	0.02038	0.02687	0.02413	0.01612	0.11808	0.25224	0.13411	0.03880	0.08929	0.03070	0.01552	0.01070	0.00360	0.00900	0.01261	0.01077	0.01610
27	0.02297	0.02227	0.03117	0.02742	0.02778	0.03047	0.02297	0.02573	0.01788	0.02714	0.02041	0.03779	0.02112	0.02064	0.03287	0.00481	0.51438	0.07501	0.00551	0.01166
28	0.02759	0.02193	0.02399	0.02065	0.02650	0.02431	0.01627	0.16198	0.27620	0.05090	0.17296	0.04793	0.04817	0.01637	0.01152	0.00352	0.00854	0.01367	0.01129	0.01572
29	0.01397	0.00978	0.01245	0.01430	0.01477	0.00931	0.00918	0.01536	0.01954	0.02605	0.05322	0.46595	0.06344	0.18973	0.02502	0.00607	0.00746	0.02695	0.00918	0.00826
30	0.03640	0.02320	0.02736	0.02149	0.02893	0.02397	0.01755	0.20983	0.07468	0.18937	0.06887	0.03371	0.02761	0.01378	0.01262	0.00323	0.05545	0.01057	0.01060	0.11076

[dist]
# distance from previous block
# <min> <max>
0	1

[block]
# block no. 5 follows, 12 sequences, length 41
# corresponding to MSA columns:
# 801-841
name=unknown_F
#
# <colnr> <probs for GDERKNQSTAVLIFYWHMCP>
#	G	D	E	R	K	N	Q	S	T	A	V	L	I	F	Y	W	H	M	C	P
0	0.58375	0.02065	0.01761	0.01520	0.02224	0.02302	0.01253	0.03565	0.02072	0.13553	0.01993	0.02102	0.01440	0.01070	0.00747	0.00337	0.00858	0.00677	0.00790	0.01296
1	0.02385	0.02385	0.03340	0.02863	0.02863	0.03340	0.02385	0.02624	0.01670	0.02624	0.01431	0.02385	0.01431	0.01908	0.03578	0.00477	0.59685	0.00954	0.00477	0.01193
2	0.02094	0.01938	0.03098	0.49255	0.06669	0.02257	0.02732	0.02779	0.02194	0.02917	0.01938	0.02797	0.01481	0.01042	0.01042	0.00329	0.01343	0.00914	0.00512	0.12671
3	0.24187	0.15293	0.16262	0.02120	0.03059	0.02782	0.02182	0.03567	0.02225	0.11827	0.02056	0.02246	0.01531	0.01119	0.01043	0.00328	0.05318	0.00748	0.00670	0.01439
4	0.19469	0.02210	0.02418	0.01875	0.02714	0.02178	0.01538	0.14771	0.03082	0.20338	0.02707	0.02664	0.01893	0.01135	0.00928	0.00294	0.00942	0.00846	0.00967	0.17031
5	0.01608	0.01097	0.01356	0.01291	0.01556	0.01019	0.00968	0.02103	0.02905	0.04213	0.42407	0.07624	0.12310	0.02105	0.01197	0.00330	0.00516	0.01833	0.12543	0.01019
6	0.02490	0.01671	0.02041	0.01825	0.02105	0.01846	0.01376	0.13802	0.06139	0.03603	0.02724	0.08290	0.02501	0.02621	0.02657	0.29658	0.05667	0.01173	0.06775	0.01035
7	0.03624	0.01865	0.02536	0.02574	0.11339	0.01771	0.01730	0.08316	0.03022	0.28137	0.07355	0.03843	0.03044	0.01331	0.01040	0.00318	0.00900	0.01114	0.14540	0.01603
8	0.01801	0.01447	0.01657	0.01666	0.01980	0.01504	0.01219	0.02987	0.18816	0.03592	0.12515	0.28121	0.13336	0.02535	0.01271	0.00395	0.00680	0.02227	0.01068	0.01183
9	0.04117	0.06286	0.07179	0.06671	0.03325	0.02063	0.01992	0.04611	0.02804	0.39446	0.03510	0.03297	0.02306	0.01319	0.01260	0.00344	0.05672	0.01017	0.01080	0.01701
10	0.01894	0.00947	0.01420	0.01420	0.01420	0.00947	0.00947	0.01420	0.01420	0.01894	0.01894	0.03314	0.01894	0.03788	0.04261	0.68277	0.00947	0.00947	0.00473	0.00473
11	0.03593	0.02509	0.02799	0.02280	0.02980	0.02709	0.01855	0.36532	0.04318	0.09624	0.03498	0.12110	0.03064	0.01760	0.01169	0.00359	0.01080	0.05028	0.01092	0.01643
12	0.02411	0.01959	0.02753	0.15709	0.12530	0.02041	0.02102	0.03457	0.12707	0.07146	0.03326	0.12875	0.02971	0.01517	0.01099	0.00338	0.01028	0.01342	0.00798	0.11889
13	0.08447	0.02890	0.11822	0.07442	0.03542	0.02610	0.02263	0.20352	0.03248	0.09252	0.02501	0.02819	0.01853	0.01755	0.05232	0.00443	0.05689	0.00943	0.05363	0.01532
14	0.04144	0.08123	0.03238	0.02514	0.03237	0.29050	0.01997	0.17807	0.03613	0.12501	0.02366	0.02421	0.01744	0.01200	0.01012	0.00300	0.01521	0.00838	0.00834	0.01539
15	0.02888	0.04660	0.42171	0.02805	0.04218	0.02291	0.03400	0.03935	0.02514	0.16971	0.02564	0.02667	0.01723	0.01117	0.01052	0.00343	0.01434	0.00881	0.00691	0.01675
16	0.01738	0.01168	0.01629	0.01590	0.01657	0.01311	0.01131	0.01741	0.01598	0.02229	0.02611	0.04569	0.02682	0.20243	0.22781	0.22431	0.06387	0.01190	0.00561	0.00752
17	0.02926	0.03597	0.22809	0.02886	0.03951	0.02509	0.10279	0.11676	0.02913	0.11659	0.03141	0.03326	0.05947	0.01317	0.01314	0.00357	0.05968	0.01085	0.00759	0.01579
18	0.01421	0.01037	0.01337	0.01415	0.01593	0.00953	0.01003	0.01763	0.02570	0.03508	0.28040	0.32820	0.12842	0.02827	0.01335	0.00391	0.00573	0.02524	0.01096	0.00953
19	0.02392	0.01271	0.01617	0.01527	0.01914	0.01119	0.01143	0.02702	0.02583	0.18606	0.11113	0.26671	0.17937	0.02534	0.01269	0.00384	0.00689	0.02206	0.01129	0.01194
20	0.03234	0.02602	0.02760	0.02325	0.03034	0.02956	0.01852	0.22358	0.35495	0.05403	0.03775	0.03540	0.02791	0.01417	0.01103	0.00354	0.00986	0.01141	0.01103	0.01773
21	0.57887	0.01922	0.01502	0.01363	0.01966	0.02202	0.01109	0.03092	0.01929	0.04751	0.01866	0.02163	0.01456	0.01056	0.00690	0.00323	0.00786	0.00663	0.12121	0.01153
22	0.29769	0.24281	0.03435	0.01794	0.02608	0.03193	0.01600	0.10463	0.02579	0.08815	0.01925	0.02059	0.01494	0.01056	0.00782	0.00298	0.01021	0.00690	0.00719	0.01419
23	0.26803	0.01794	0.01816	0.01547	0.02103	0.01884	0.01211	0.07659	0.02467	0.16469	0.02902	0.03558	0.02312	0.11512	0.01657	0.00447	0.00883	0.00978	0.10711	0.01288
24	0.07664	0.22148	0.20434	0.02210	0.03264	0.02887	0.02387	0.06957	0.02553	0.10556	0.02292	0.02460	0.01710	0.01084	0.00892	0.00299	0.01196	0.00791	0.06704	0.01510
25	0.69383	0.02109	0.01603	0.01434	0.02109	0.02446	0.01181	0.03205	0.01856	0.04892	0.01518	0.01771	0.01181	0.01012	0.00675	0.00337	0.00843	0.00590	0.00675	0.01181
26	0.02702	0.16321	0.05450	0.13085	0.05142	0.03110	0.27245	0.07540	0.02650	0.03459	0.02039	0.02635	0.01580	0.00986	0.01102	0.00333	0.01563	0.01045	0.00568	0.01444
27	0.01560	0.01071	0.01306	0.01299	0.01540	0.00990	0.00955	0.01992	0.02716	0.03886	0.32476	0.16010	0.14261	0.02320	0.01213	0.00347	0.00537	0.02028	0.12503	0.00990
28	0.02543	0.01924	0.03144	0.49310	0.06703	0.02283	0.02785	0.03217	0.02341	0.11807	0.02341	0.03044	0.01666	0.01134	0.01091	0.00359	0.01364	0.00991	0.00632	0.01321
29	0.01702	0.01106	0.01463	0.01466	0.01693	0.01017	0.01063	0.02091	0.02723	0.07421	0.33069	0.27183	0.08623	0.02602	0.01311	0.00379	0.00587	0.02323	0.01142	0.01035
30	0.01894	0.00947	0.01420	0.01420	0.01420	0.00947	0.00947	0.01420	0.01420	0.01894	0.01894	0.03314	0.01894	0.03788	0.04261	0.68277	0.00947	0.00947	0.00473	0.00473
31	0.02915	0.62337	0.05714	0.01866	0.02799	0.04314	0.01866	0.03265	0.02215	0.02565	0.01516	0.01749	0.01399	0.00933	0.00700	0.00233	0.01166	0.00583	0.00466	0.01399
32	0.01970	0.01210	0.01457	0.01376	0.01751	0.01057	0.01037	0.02313	0.02671	0.12248	0.19232	0.16909	0.27647	0.02501	0.01272	0.00369	0.00620	0.02147	0.01114	0.01100
33	0.02059	0.01938	0.03270	0.59060	0.07510	0.02422	0.03028	0.02786	0.02180	0.02786	0.01938	0.02907	0.01453	0.01090	0.01090	0.00363	0.01453	0.00969	0.00484	0.01211
34	0.02279	0.02060	0.03207	0.50022	0.06809	0.02523	0.02848	0.06928	0.06416	0.03255	0.02190	0.02975	0.01634	0.01138	0.01092	0.00361	0.01386	0.00991	0.00583	0.01304
35	0.04010	0.01971	0.02403	0.01872	0.02632	0.01861	0.01529	0.14222	0.03321	0.31933	0.03609	0.03412	0.02441	0.01279	0.01012	0.00305	0.00902	0.01018	0.12563	0.07704
36	0.58375	0.02065	0.01761	0.01520	0.02224	0.02302	0.01253	0.03565	0.02072	0.13553	0.01993	0.02102	0.01440	0.01070	0.00747	0.00337	0.00858	0.00677	0.00790	0.01296
37	0.03381	0.01584	0.01898	0.01552	0.02144	0.01474	0.01245	0.07579	0.02852	0.25246	0.03675	0.03683	0.02600	0.01274	0.00928	0.00288	0.00755	0.01021	0.30824	0.05999
38	0.02010	0.01631	0.02247	0.17505	0.03575	0.01723	0.01735	0.06583	0.02400	0.03311	0.07034	0.12903	0.03512	0.07414	0.09789	0.00598	0.01302	0.01410	0.00734	0.12582
39	0.02660	0.01609	0.02218	0.02065	0.02371	0.01749	0.01670	0.02997	0.02370	0.17446	0.04400	0.20188	0.04383	0.02396	0.01854	0.00435	0.14787	0.12170	0.00977	0.01253
40	0.02009	0.01555	0.01672	0.06037	0.02216	0.05598	0.01200	0.02353	0.02577	0.07819	0.19627	0.07393	0.20643	0.12284	0.01958	0.00469	0.00845	0.01749	0.00956	0.01039

[dist]
# distance from previous block
# <min> <max>
0	194

[block]
# block no. 6 follows, 12 sequences, length 17
# corresponding to MSA columns:
# 1092-1108
name=unknown_G
#
# <colnr> <probs for GDERKNQSTAVLIFYWHMCP>
#	G	D	E	R	K	N	Q	S	T	A	V	L	I	F	Y	W	H	M	C	P
0	0.01400	0.01048	0.01312	0.01457	0.01646	0.00960	0.01063	0.01693	0.02370	0.03089	0.13436	0.35267	0.19407	0.03047	0.01367	0.00419	0.00644	0.08410	0.01035	0.00928
1	0.14716	0.02047	0.02482	0.01935	0.02756	0.01959	0.01598	0.10836	0.03181	0.41623	0.03659	0.03274	0.02358	0.01292	0.01031	0.00336	0.00949	0.01004	0.01213	0.01752
2	0.01533	0.01079	0.01315	0.01299	0.01550	0.00990	0.00958	0.01963	0.02751	0.03879	0.34045	0.14835	0.16678	0.02353	0.01233	0.00349	0.00535	0.02053	0.09612	0.00990
3	0.03526	0.02545	0.02774	0.02291	0.03032	0.02818	0.01839	0.22649	0.28716	0.11994	0.03743	0.03482	0.02699	0.01399	0.01101	0.00350	0.00997	0.01122	0.01133	0.01790
4	0.03052	0.18031	0.13378	0.09433	0.03722	0.02548	0.02251	0.03664	0.02464	0.16330	0.02430	0.02587	0.01769	0.01055	0.00932	0.00284	0.01163	0.00815	0.00722	0.13370
5	0.02915	0.62337	0.05714	0.01866	0.02799	0.04314	0.01866	0.03265	0.02215	0.02565	0.01516	0.01749	0.01399	0.00933	0.00700	0.00233	0.01166	0.00583	0.00466	0.01399
6	0.30077	0.02120	0.02222	0.01770	0.02566	0.02145	0.01455	0.10001	0.02763	0.22557	0.02677	0.02615	0.01849	0.01141	0.00891	0.00313	0.00913	0.00823	0.00958	0.10144
7	0.02501	0.10477	0.12610	0.20723	0.04614	0.02739	0.02589	0.10992	0.02777	0.03750	0.08627	0.03230	0.02624	0.01305	0.01247	0.00344	0.05772	0.01019	0.00670	0.01389
8	0.02813	0.02113	0.02478	0.17360	0.03819	0.08830	0.01934	0.03522	0.06451	0.14467	0.15532	0.05031	0.04353	0.01601	0.01159	0.00354	0.01103	0.04814	0.00935	0.01331
9	0.01424	0.01023	0.01351	0.01453	0.01603	0.00949	0.01020	0.01759	0.02533	0.03492	0.27546	0.37412	0.08584	0.02887	0.01345	0.00398	0.00580	0.02597	0.01096	0.00949
10	0.01580	0.01078	0.01297	0.01297	0.01335	0.01116	0.00796	0.01655	0.01618	0.02194	0.03337	0.06587	0.03726	0.51402	0.15503	0.01191	0.01415	0.01505	0.00646	0.00721
11	0.01732	0.01280	0.01709	0.01644	0.01822	0.01436	0.01264	0.02132	0.02281	0.03406	0.18756	0.12423	0.05409	0.03601	0.15096	0.00701	0.10002	0.01601	0.12686	0.01019
12	0.02261	0.01938	0.02261	0.01615	0.02584	0.01453	0.01292	0.02745	0.02261	0.03553	0.01938	0.02261	0.01615	0.00807	0.00807	0.00161	0.00807	0.00646	0.00646	0.68346
13	0.03388	0.02505	0.02659	0.02169	0.02864	0.02786	0.01749	0.30459	0.17504	0.05757	0.03273	0.03262	0.02416	0.01348	0.01038	0.00326	0.00988	0.01055	0.12780	0.01673
14	0.37714	0.02324	0.02603	0.02117	0.02869	0.02551	0.07727	0.08416	0.11311	0.09015	0.02451	0.02562	0.01806	0.01138	0.00903	0.00346	0.01014	0.00870	0.00830	0.01432
15	0.08921	0.26478	0.04049	0.02145	0.03008	0.03629	0.01893	0.25112	0.06984	0.04840	0.02215	0.02303	0.01719	0.01147	0.00902	0.00294	0.01134	0.00808	0.00810	0.01609
16	0.23268	0.02256	0.02325	0.01914	0.02606	0.02453	0.01554	0.19109	0.08238	0.11953	0.10450	0.03477	0.03172	0.01380	0.00998	0.00338	0.00922	0.01052	0.01018	0.01516

[dist]
# distance from previous block
# <min> <max>
0	1

[block]
# block no. 7 follows, 12 sequences, length 16
# corresponding to MSA columns:
# 1110-1125
name=unknown_H
#
# <colnr> <probs for GDERKNQSTAVLIFYWHMCP>
#	G	D	E	R	K	N	Q	S	T	A	V	L	I	F	Y	W	H	M	C	P
0	0.01661	0.10381	0.01978	0.01352	0.01751	0.01488	0.01085	0.02067	0.02743	0.03596	0.31067	0.08004	0.24500	0.02220	0.01198	0.00335	0.00626	0.01878	0.01023	0.01047
1	0.02655	0.03512	0.11741	0.10025	0.04420	0.17519	0.15834	0.03301	0.02544	0.03049	0.02642	0.12509	0.02471	0.01442	0.01158	0.00353	0.01586	0.01323	0.00611	0.01303
2	0.17922	0.01697	0.02033	0.02140	0.07844	0.01743	0.01490	0.05926	0.02817	0.07802	0.25262	0.05776	0.05815	0.01759	0.01115	0.00352	0.00793	0.05476	0.00990	0.01247
3	0.01715	0.01357	0.01995	0.02338	0.09774	0.01454	0.01482	0.02057	0.01887	0.02636	0.03523	0.05094	0.06841	0.17316	0.34167	0.01290	0.02119	0.01310	0.00626	0.01021
4	0.02665	0.25687	0.18998	0.10028	0.11840	0.07445	0.02852	0.03355	0.02344	0.02998	0.01784	0.02205	0.01451	0.01001	0.00921	0.00298	0.01407	0.00760	0.00485	0.01474
5	0.01951	0.01548	0.01963	0.10294	0.02802	0.01632	0.01487	0.06912	0.09092	0.04091	0.26928	0.10957	0.11948	0.02039	0.01226	0.00359	0.00774	0.01770	0.01035	0.01192
6	0.02048	0.07307	0.09953	0.12117	0.03685	0.02325	0.06502	0.02536	0.02046	0.02810	0.02874	0.15661	0.02975	0.08386	0.02122	0.00467	0.12930	0.01470	0.00618	0.01167
7	0.03013	0.03064	0.08547	0.02415	0.03180	0.07344	0.02070	0.13199	0.35021	0.04678	0.03625	0.03451	0.02702	0.01372	0.01088	0.00352	0.01095	0.01099	0.00989	0.01697
8	0.59220	0.02083	0.01702	0.01461	0.02181	0.02296	0.01198	0.03136	0.01917	0.04689	0.01582	0.01845	0.01247	0.00981	0.00695	0.00311	0.00838	0.00599	0.00670	0.11350
9	0.02865	0.02296	0.02871	0.28394	0.04932	0.08315	0.02322	0.03732	0.08636	0.12122	0.02702	0.03131	0.01984	0.01252	0.01221	0.00350	0.05067	0.00996	0.05436	0.01376
10	0.02105	0.01442	0.01800	0.01741	0.02148	0.01337	0.01369	0.06346	0.02597	0.07721	0.05358	0.25353	0.09514	0.02513	0.01275	0.00391	0.00820	0.13890	0.00989	0.11294
11	0.02162	0.09183	0.02365	0.01834	0.02116	0.06223	0.01396	0.06565	0.02419	0.03135	0.08229	0.24620	0.04716	0.11296	0.02109	0.00482	0.07401	0.01850	0.00822	0.01077
12	0.03278	0.02229	0.07335	0.15735	0.03944	0.02028	0.02102	0.07711	0.07045	0.22669	0.06594	0.03654	0.02770	0.01317	0.01075	0.00340	0.01070	0.01093	0.06466	0.01545
13	0.08217	0.02933	0.13223	0.07378	0.03537	0.02558	0.02247	0.13224	0.19108	0.04463	0.03294	0.09396	0.02733	0.01497	0.01084	0.00361	0.01104	0.01227	0.00873	0.01544
14	0.01371	0.00980	0.01311	0.01544	0.01632	0.00920	0.01065	0.01602	0.02177	0.02912	0.08871	0.54406	0.07329	0.03317	0.01393	0.00441	0.00652	0.06151	0.01023	0.00902
15	0.08429	0.02504	0.04591	0.18978	0.20478	0.02594	0.19989	0.03241	0.02381	0.03456	0.02029	0.02756	0.01582	0.00987	0.01120	0.00351	0.01489	0.01049	0.00542	0.01454

[dist]
# distance from previous block
# <min> <max>
0	1

[block]
# block no. 8 follows, 12 sequences, length 13
# corresponding to MSA columns:
# 1127-1139
name=unknown_I
#
# <colnr> <probs for GDERKNQSTAVLIFYWHMCP>
#	G	D	E	R	K	N	Q	S	T	A	V	L	I	F	Y	W	H	M	C	P
0	0.46597	0.01884	0.01676	0.01458	0.02095	0.02058	0.01189	0.03482	0.02157	0.14022	0.02360	0.02500	0.01722	0.01116	0.00766	0.00324	0.00804	0.00752	0.11760	0.01277
1	0.02385	0.02385	0.03340	0.02863	0.02863	0.03340	0.02385	0.02624	0.01670	0.02624	0.01431	0.02385	0.01431	0.01908	0.03578	0.00477	0.59685	0.00954	0.00477	0.01193
2	0.02469	0.01652	0.02069	0.05126	0.02496	0.01762	0.01511	0.05779	0.08197	0.11814	0.04898	0.10299	0.10624	0.12308	0.02201	0.00512	0.06592	0.07526	0.00940	0.01225
3	0.09827	0.29168	0.21197	0.02272	0.03354	0.03313	0.02476	0.03666	0.09148	0.03379	0.02060	0.02249	0.01634	0.01050	0.00862	0.00300	0.01235	0.00745	0.00575	0.01489
4	0.14350	0.10970	0.03041	0.11298	0.03527	0.02676	0.01882	0.09851	0.11406	0.16232	0.02869	0.02902	0.02061	0.01208	0.00969	0.00331	0.01056	0.00927	0.00895	0.01550
5	0.01927	0.01213	0.01501	0.01371	0.01741	0.01076	0.01049	0.02359	0.02915	0.10976	0.34804	0.08224	0.22161	0.02264	0.01261	0.00350	0.00582	0.01948	0.01166	0.01110
6	0.02895	0.02978	0.02402	0.02185	0.02602	0.21356	0.01662	0.03960	0.16255	0.03452	0.06607	0.03693	0.02952	0.05850	0.01595	0.00382	0.06861	0.01071	0.09956	0.01287
7	0.03625	0.01715	0.02045	0.01663	0.02275	0.01659	0.01343	0.11711	0.03115	0.27013	0.03728	0.03674	0.02599	0.01311	0.00962	0.00302	0.00804	0.01046	0.27891	0.01519
8	0.02402	0.01173	0.01352	0.01238	0.01589	0.01115	0.00953	0.02898	0.02582	0.12556	0.13794	0.04820	0.04273	0.01474	0.00921	0.00285	0.00578	0.01220	0.43620	0.01156
9	0.03355	0.01947	0.03189	0.02644	0.06413	0.01764	0.12664	0.03902	0.02837	0.26996	0.09194	0.04653	0.08725	0.01461	0.01158	0.00342	0.01053	0.01341	0.04829	0.01532
10	0.01617	0.01095	0.01506	0.01494	0.01614	0.01168	0.01060	0.01780	0.01837	0.02568	0.09934	0.05431	0.03965	0.21183	0.27122	0.12013	0.01769	0.01356	0.00672	0.00816
11	0.03345	0.09989	0.03329	0.02993	0.10547	0.26092	0.02080	0.10933	0.03220	0.03714	0.10465	0.03160	0.02972	0.01290	0.01033	0.00299	0.01427	0.00979	0.00734	0.01399
12	0.12007	0.11233	0.08355	0.02146	0.03125	0.02276	0.07034	0.03453	0.02377	0.12089	0.02236	0.02434	0.01683	0.00977	0.00895	0.00265	0.01073	0.00787	0.00711	0.24846

[dist]
# distance from previous block
# <min> <max>
2	3

[block]
# block no. 9 follows, 12 sequences, length 17
# corresponding to MSA columns:
# 1143-1159
name=unknown_J
#
# <colnr> <probs for GDERKNQSTAVLIFYWHMCP>
#	G	D	E	R	K	N	Q	S	T	A	V	L	I	F	Y	W	H	M	C	P
0	0.13735	0.09451	0.07017	0.06398	0.03280	0.02602	0.06065	0.06894	0.02464	0.11334	0.02360	0.02705	0.01786	0.01238	0.01321	0.00340	0.09835	0.00900	0.08881	0.01394
1	0.02500	0.04827	0.41398	0.03254	0.08439	0.02651	0.03560	0.09255	0.06694	0.03953	0.02240	0.02512	0.01620	0.01098	0.01052	0.00343	0.01478	0.00874	0.00593	0.01658
2	0.01369	0.00981	0.01302	0.01490	0.01591	0.00913	0.01015	0.01621	0.02278	0.03087	0.15241	0.50872	0.07800	0.03189	0.01371	0.00424	0.00610	0.02884	0.01048	0.00913
3	0.01563	0.01132	0.01567	0.01557	0.01707	0.01242	0.01136	0.01863	0.01865	0.02636	0.09104	0.05500	0.03947	0.21785	0.36907	0.01401	0.02139	0.01374	0.00677	0.00896
4	0.03496	0.02732	0.02907	0.02378	0.03134	0.03078	0.01916	0.30669	0.26757	0.05826	0.03442	0.03274	0.02522	0.01386	0.01099	0.00347	0.01047	0.01095	0.01099	0.01796
5	0.51721	0.01919	0.01630	0.01435	0.02069	0.02135	0.01171	0.03365	0.02072	0.10955	0.02154	0.02342	0.01601	0.01091	0.00739	0.00325	0.00805	0.00714	0.10518	0.01239
6	0.36212	0.02397	0.02334	0.01890	0.02661	0.02635	0.01560	0.20275	0.03200	0.13806	0.02352	0.02380	0.01661	0.01170	0.00888	0.00334	0.00981	0.00809	0.00929	0.01525
7	0.03500	0.03721	0.09279	0.03157	0.10802	0.23601	0.02391	0.07401	0.02991	0.11395	0.02738	0.03687	0.02273	0.01369	0.01092	0.00334	0.01495	0.06542	0.00760	0.01474
8	0.02915	0.62337	0.05714	0.01866	0.02799	0.04314	0.01866	0.03265	0.02215	0.02565	0.01516	0.01749	0.01399	0.00933	0.00700	0.00233	0.01166	0.00583	0.00466	0.01399
9	0.18845	0.02023	0.02513	0.11006	0.07443	0.02307	0.01882	0.06759	0.02419	0.11521	0.02420	0.02819	0.01829	0.01266	0.01310	0.00347	0.09731	0.00903	0.11303	0.01353
10	0.02655	0.02806	0.03426	0.07690	0.07418	0.14301	0.11844	0.03501	0.09926	0.03131	0.02789	0.07984	0.02547	0.08741	0.01859	0.00444	0.05709	0.01259	0.00675	0.01295
11	0.01440	0.01080	0.01336	0.01336	0.01582	0.00975	0.00978	0.01835	0.02748	0.03721	0.34537	0.19002	0.20257	0.02588	0.01307	0.00368	0.00547	0.02271	0.01119	0.00975
12	0.01820	0.01215	0.01658	0.09630	0.02498	0.01204	0.01315	0.02201	0.02429	0.07550	0.14914	0.28918	0.10261	0.02458	0.01245	0.00382	0.00734	0.02179	0.06336	0.01053
13	0.01970	0.01368	0.01794	0.08477	0.02477	0.01378	0.01319	0.02631	0.06743	0.08165	0.30733	0.06849	0.10322	0.08988	0.01734	0.00433	0.00758	0.01694	0.01042	0.01126
14	0.01894	0.00947	0.01420	0.01420	0.01420	0.00947	0.00947	0.01420	0.01420	0.01894	0.01894	0.03314	0.01894	0.03788	0.04261	0.68277	0.00947	0.00947	0.00473	0.00473
15	0.08851	0.02480	0.03157	0.15206	0.10359	0.02707	0.02288	0.23397	0.03568	0.13456	0.02590	0.02803	0.01837	0.01203	0.01057	0.00337	0.01194	0.00965	0.00900	0.01645
16	0.02649	0.02016	0.02584	0.02038	0.02772	0.01877	0.05396	0.09112	0.08687	0.08393	0.06560	0.04234	0.03074	0.06262	0.01414	0.00349	0.00969	0.04439	0.00872	0.26304

[dist]
# distance from previous block
# <min> <max>
0	49

# created by:
# /st0/software/busco_prod/Augustus/scripts/msa2prfl.pl ./align_prep/3591.fa
