[name]
unknown

[dist]
# distance from previous block
# <min> <max>
0	334

[block]
# block no. 0 follows, 14 sequences, length 48
# corresponding to MSA columns:
# 514-561
name=unknown_A
#
# <colnr> <probs for GDERKNQSTAVLIFYWHMCP>
#	G	D	E	R	K	N	Q	S	T	A	V	L	I	F	Y	W	H	M	C	P
0	0.01982	0.03097	0.23522	0.17824	0.12029	0.02113	0.06591	0.02768	0.02145	0.03002	0.02524	0.12933	0.02326	0.01357	0.01068	0.00344	0.01295	0.01223	0.00545	0.01311
1	0.13100	0.02611	0.06956	0.13099	0.20174	0.06476	0.05158	0.06836	0.02434	0.06680	0.01965	0.02399	0.01512	0.00983	0.00947	0.00305	0.01217	0.00835	0.00602	0.05709
2	0.14113	0.06219	0.13250	0.12238	0.11356	0.02390	0.02366	0.06934	0.06258	0.11933	0.02303	0.02539	0.01676	0.01057	0.00932	0.00317	0.01133	0.00841	0.00692	0.01451
3	0.21390	0.17414	0.10065	0.02387	0.07815	0.06818	0.02017	0.06104	0.02231	0.03504	0.01879	0.02615	0.01643	0.01154	0.01015	0.00310	0.05526	0.04244	0.00577	0.01290
4	0.07494	0.02758	0.17674	0.02002	0.02975	0.01788	0.02020	0.03319	0.05123	0.12512	0.02552	0.03097	0.01998	0.01099	0.00917	0.00272	0.01006	0.04319	0.00719	0.26355
5	0.02969	0.02492	0.08715	0.01893	0.02812	0.05759	0.01686	0.07073	0.02578	0.16812	0.02395	0.02468	0.01745	0.00963	0.00881	0.00231	0.00977	0.00754	0.00773	0.36024
6	0.02800	0.18807	0.03162	0.06197	0.02844	0.02617	0.01693	0.07357	0.14819	0.12235	0.06807	0.07376	0.02945	0.01396	0.01090	0.00314	0.04197	0.01098	0.00841	0.01406
7	0.01376	0.01031	0.01276	0.01247	0.01495	0.00931	0.00923	0.01777	0.02678	0.03651	0.40953	0.13896	0.20335	0.02329	0.01221	0.00338	0.00504	0.02037	0.01071	0.00931
8	0.01515	0.01200	0.01633	0.11627	0.02527	0.01242	0.01315	0.02066	0.06059	0.03185	0.20209	0.28752	0.10048	0.02344	0.01207	0.00367	0.00704	0.02089	0.00926	0.00983
9	0.01913	0.00956	0.00956	0.00956	0.01196	0.00956	0.00717	0.02391	0.02152	0.03826	0.03348	0.03826	0.02630	0.01196	0.00717	0.00239	0.00478	0.00956	0.69632	0.00956
10	0.04015	0.02022	0.03373	0.02500	0.03360	0.01802	0.15623	0.04539	0.02798	0.43412	0.03516	0.03297	0.02275	0.01161	0.01080	0.00325	0.01104	0.01080	0.01067	0.01649
11	0.01938	0.01824	0.03078	0.61468	0.07068	0.02280	0.02850	0.02622	0.02052	0.02622	0.01824	0.02736	0.01368	0.01026	0.01026	0.00342	0.01368	0.00912	0.00456	0.01140
12	0.01913	0.00956	0.00956	0.00956	0.01196	0.00956	0.00717	0.02391	0.02152	0.03826	0.03348	0.03826	0.02630	0.01196	0.00717	0.00239	0.00478	0.00956	0.69632	0.00956
13	0.01610	0.01250	0.01679	0.01603	0.01678	0.01478	0.01167	0.01797	0.01570	0.02231	0.02715	0.04863	0.02851	0.30476	0.27141	0.01168	0.12102	0.01231	0.00563	0.00827
14	0.03830	0.02560	0.02844	0.02205	0.02958	0.02768	0.01805	0.43093	0.04285	0.13288	0.02630	0.02659	0.01859	0.01423	0.01265	0.05862	0.01075	0.00936	0.01014	0.01642
15	0.01250	0.00893	0.01191	0.01429	0.01488	0.00834	0.00953	0.01429	0.01965	0.02620	0.05656	0.63265	0.06787	0.03215	0.01310	0.00417	0.00595	0.02917	0.00953	0.00834
16	0.02338	0.02174	0.03537	0.32449	0.21123	0.02435	0.06206	0.06767	0.06625	0.03292	0.02105	0.02748	0.01624	0.01026	0.01037	0.00329	0.01287	0.00953	0.00563	0.01381
17	0.02453	0.02515	0.02785	0.02440	0.02602	0.11495	0.01952	0.03032	0.09284	0.02680	0.01971	0.02865	0.01837	0.08021	0.02863	0.00463	0.38072	0.00959	0.00562	0.01151
18	0.03014	0.02486	0.02729	0.02288	0.02827	0.11992	0.05416	0.13373	0.07732	0.11376	0.02665	0.03043	0.02085	0.02903	0.16359	0.00664	0.05932	0.00980	0.00778	0.01356
19	0.71184	0.01985	0.01508	0.01350	0.01985	0.02302	0.01111	0.03017	0.01746	0.04604	0.01429	0.01667	0.01111	0.00953	0.00635	0.00318	0.00794	0.00556	0.00635	0.01111
20	0.02217	0.02049	0.03448	0.24839	0.19110	0.02200	0.08944	0.06447	0.02523	0.03437	0.11487	0.03522	0.02928	0.01176	0.01079	0.00327	0.01203	0.01115	0.00636	0.01314
21	0.01499	0.01109	0.01428	0.01323	0.01613	0.00995	0.00990	0.01956	0.02758	0.03925	0.47789	0.11572	0.08695	0.02063	0.01176	0.00314	0.00519	0.01824	0.01067	0.07385
22	0.02497	0.02375	0.03956	0.05807	0.51864	0.02328	0.02951	0.03091	0.02315	0.03352	0.01919	0.02497	0.01615	0.00898	0.00990	0.00289	0.01172	0.00883	0.00518	0.08682
23	0.03631	0.03442	0.02753	0.02317	0.02942	0.27112	0.01816	0.22926	0.03639	0.08188	0.08686	0.02893	0.02564	0.01263	0.01005	0.00292	0.01344	0.00930	0.00843	0.01414
24	0.02916	0.02977	0.21905	0.02455	0.03427	0.01877	0.08858	0.03649	0.02503	0.23018	0.07856	0.03378	0.02657	0.01706	0.05730	0.00430	0.01315	0.01043	0.00819	0.01484
25	0.03776	0.02670	0.10778	0.06425	0.03299	0.07284	0.02020	0.07583	0.06643	0.33893	0.03246	0.03051	0.02153	0.01196	0.01014	0.00317	0.01106	0.00951	0.00988	0.01608
26	0.14396	0.01729	0.02176	0.01730	0.02454	0.01585	0.01414	0.04480	0.02698	0.46718	0.03755	0.06946	0.02590	0.01344	0.00990	0.00324	0.00844	0.01078	0.01155	0.01594
27	0.02058	0.05308	0.58618	0.02925	0.04442	0.02383	0.03792	0.03250	0.02167	0.03250	0.01842	0.02167	0.01300	0.00975	0.00975	0.00325	0.01517	0.00758	0.00433	0.01517
28	0.08070	0.01911	0.02150	0.01750	0.02391	0.01929	0.01415	0.18101	0.06247	0.20310	0.08438	0.04792	0.14902	0.01596	0.01055	0.00323	0.00833	0.01283	0.01061	0.01444
29	0.02413	0.06266	0.06472	0.08019	0.02913	0.01625	0.05315	0.02838	0.02300	0.16720	0.04339	0.25200	0.07383	0.01960	0.01126	0.00353	0.00924	0.01737	0.00876	0.01221
30	0.01569	0.01342	0.01428	0.01614	0.01745	0.06947	0.01150	0.01794	0.02114	0.02667	0.05208	0.50215	0.06110	0.02944	0.01284	0.00408	0.00770	0.08898	0.00908	0.00885
31	0.02128	0.01824	0.02128	0.01520	0.02432	0.01368	0.01216	0.02584	0.02128	0.03344	0.01824	0.02128	0.01520	0.00760	0.00760	0.00152	0.00760	0.00608	0.00608	0.70208
32	0.03572	0.13854	0.03557	0.02300	0.03124	0.03024	0.05577	0.30699	0.07944	0.12297	0.02597	0.02584	0.01871	0.01159	0.00975	0.00299	0.01107	0.00910	0.00917	0.01632
33	0.01492	0.00995	0.01119	0.01119	0.01119	0.00995	0.00622	0.01492	0.01492	0.01990	0.03233	0.06716	0.03731	0.63935	0.05223	0.00995	0.00995	0.01492	0.00622	0.00622
34	0.02744	0.64552	0.05378	0.01756	0.02634	0.04061	0.01756	0.03073	0.02085	0.02414	0.01427	0.01646	0.01317	0.00878	0.00658	0.00219	0.01097	0.00549	0.00439	0.01317
35	0.01405	0.00966	0.01170	0.01243	0.01288	0.00937	0.00771	0.01516	0.01799	0.02424	0.09594	0.26162	0.05389	0.36797	0.03471	0.00728	0.00806	0.02017	0.00787	0.00730
36	0.41347	0.02734	0.13153	0.02231	0.07762	0.02347	0.01921	0.07273	0.02210	0.08030	0.01817	0.02034	0.01344	0.00997	0.00795	0.00317	0.01007	0.00691	0.00658	0.01332
37	0.02176	0.02099	0.03660	0.38735	0.23963	0.02356	0.06633	0.02848	0.02175	0.02916	0.01878	0.02672	0.01468	0.00977	0.01036	0.00330	0.01344	0.00934	0.00478	0.01321
38	0.02210	0.01940	0.03074	0.07922	0.24497	0.01960	0.05616	0.07400	0.02764	0.03868	0.22467	0.04469	0.04611	0.01389	0.01103	0.00317	0.00983	0.01285	0.00784	0.01341
39	0.01415	0.01032	0.01330	0.01287	0.01518	0.00947	0.00953	0.01852	0.02768	0.03866	0.48416	0.13542	0.12738	0.02248	0.01221	0.00334	0.00498	0.01987	0.01099	0.00947
40	0.71184	0.01985	0.01508	0.01350	0.01985	0.02302	0.01111	0.03017	0.01746	0.04604	0.01429	0.01667	0.01111	0.00953	0.00635	0.00318	0.00794	0.00556	0.00635	0.01111
41	0.02258	0.14478	0.03219	0.29443	0.04624	0.06508	0.02153	0.02988	0.07098	0.02802	0.02223	0.06867	0.01925	0.01164	0.00941	0.00299	0.01178	0.00959	0.00564	0.08308
42	0.02481	0.02355	0.04013	0.18728	0.37200	0.02467	0.07700	0.06516	0.02448	0.03388	0.01955	0.02602	0.01567	0.00958	0.01037	0.00318	0.01295	0.00942	0.00532	0.01498
43	0.01301	0.01012	0.01143	0.01220	0.01442	0.00906	0.00879	0.01526	0.02136	0.02656	0.07835	0.22041	0.33214	0.11285	0.01812	0.00465	0.00643	0.06746	0.00906	0.00832
44	0.07490	0.02959	0.14863	0.02725	0.06915	0.06442	0.05979	0.06031	0.02198	0.06846	0.02071	0.02912	0.01776	0.09623	0.02114	0.00438	0.15814	0.00940	0.00587	0.01278
45	0.01499	0.01230	0.01874	0.23161	0.03508	0.01357	0.01639	0.01861	0.01996	0.02621	0.04269	0.41355	0.04826	0.02423	0.01207	0.00390	0.00875	0.02191	0.00773	0.00944
46	0.02352	0.02017	0.03517	0.02774	0.03417	0.02002	0.22088	0.03414	0.13493	0.08936	0.03494	0.15210	0.03122	0.02119	0.06622	0.00479	0.01318	0.01511	0.00796	0.01319
47	0.11294	0.02155	0.03237	0.18487	0.29035	0.02290	0.02527	0.03107	0.05810	0.03399	0.01982	0.02524	0.01588	0.00965	0.00947	0.00304	0.01130	0.00855	0.00558	0.07805

[dist]
# distance from previous block
# <min> <max>
1	3

[block]
# block no. 1 follows, 14 sequences, length 31
# corresponding to MSA columns:
# 593-599,608-622,629-636,652
name=unknown_B
#
# <colnr> <probs for GDERKNQSTAVLIFYWHMCP>
#	G	D	E	R	K	N	Q	S	T	A	V	L	I	F	Y	W	H	M	C	P
0	0.17462	0.02153	0.02788	0.39678	0.08934	0.07048	0.02413	0.02866	0.02074	0.03100	0.01724	0.02413	0.01324	0.01005	0.00930	0.00328	0.01271	0.00813	0.00505	0.01170
1	0.13391	0.02110	0.03133	0.31351	0.20182	0.02403	0.02581	0.07088	0.02312	0.03464	0.01843	0.02486	0.01431	0.01000	0.00960	0.00325	0.01214	0.00856	0.00547	0.01323
2	0.08228	0.02006	0.02941	0.11496	0.03659	0.01974	0.08006	0.09040	0.02841	0.34407	0.03138	0.03068	0.02068	0.01159	0.01026	0.00324	0.01073	0.00993	0.00987	0.01566
3	0.01477	0.01065	0.01406	0.01363	0.01604	0.00994	0.01050	0.01959	0.02840	0.03990	0.50809	0.08134	0.09230	0.02186	0.01235	0.00341	0.00539	0.07704	0.01108	0.00965
4	0.01405	0.01029	0.01317	0.01283	0.01513	0.00942	0.00948	0.01830	0.02736	0.03804	0.46246	0.14550	0.14008	0.02281	0.01223	0.00336	0.00501	0.02014	0.01091	0.00942
5	0.01306	0.00936	0.01241	0.01391	0.01501	0.00871	0.00957	0.01569	0.02225	0.03033	0.19860	0.47882	0.07588	0.02906	0.01282	0.00391	0.00565	0.02624	0.01002	0.00871
6	0.02089	0.01082	0.01314	0.01269	0.01552	0.01015	0.00945	0.02483	0.02370	0.12119	0.13971	0.18864	0.04930	0.01863	0.01001	0.00310	0.00570	0.01610	0.29590	0.01053
7	0.01449	0.01043	0.01383	0.01399	0.01611	0.00977	0.01064	0.01882	0.02676	0.03725	0.41355	0.17155	0.08676	0.02383	0.01256	0.00359	0.00568	0.09019	0.01075	0.00943
8	0.01421	0.01025	0.01343	0.01313	0.01526	0.00947	0.00966	0.01857	0.02757	0.03881	0.48944	0.16382	0.09229	0.02273	0.01226	0.00337	0.00502	0.02022	0.01102	0.00947
9	0.02744	0.64552	0.05378	0.01756	0.02634	0.04061	0.01756	0.03073	0.02085	0.02414	0.01427	0.01646	0.01317	0.00878	0.00658	0.00219	0.01097	0.00549	0.00439	0.01317
10	0.02438	0.01239	0.01635	0.01519	0.01899	0.01107	0.01159	0.02771	0.02531	0.21739	0.15549	0.24615	0.10833	0.02263	0.01192	0.00361	0.00676	0.04204	0.01094	0.01177
11	0.02366	0.01404	0.01754	0.01540	0.01910	0.01369	0.01176	0.10413	0.02800	0.12369	0.22306	0.08862	0.09506	0.02228	0.01708	0.14001	0.00736	0.01481	0.00976	0.01094
12	0.02744	0.64552	0.05378	0.01756	0.02634	0.04061	0.01756	0.03073	0.02085	0.02414	0.01427	0.01646	0.01317	0.00878	0.00658	0.00219	0.01097	0.00549	0.00439	0.01317
13	0.01452	0.00988	0.01174	0.01212	0.01236	0.00993	0.00728	0.01511	0.01579	0.02121	0.03573	0.15359	0.04114	0.49770	0.09124	0.00958	0.01077	0.01683	0.00668	0.00679
14	0.03035	0.54706	0.04908	0.01767	0.02632	0.03660	0.01717	0.03375	0.02219	0.11167	0.01838	0.01936	0.01509	0.00939	0.00717	0.00235	0.01062	0.00624	0.00569	0.01384
15	0.64625	0.01961	0.01594	0.01396	0.02047	0.02224	0.01150	0.03212	0.01864	0.09888	0.01687	0.01847	0.01252	0.00984	0.00674	0.00318	0.00802	0.00603	0.00698	0.01174
16	0.03901	0.02874	0.03080	0.02361	0.03182	0.03182	0.01951	0.54111	0.04825	0.06468	0.02464	0.02464	0.01745	0.01232	0.01027	0.00308	0.01129	0.00924	0.01027	0.01745
17	0.01340	0.00931	0.01164	0.01314	0.01352	0.00893	0.00830	0.01452	0.01790	0.02387	0.04761	0.42363	0.05658	0.25659	0.02756	0.00630	0.00743	0.02391	0.00830	0.00755
18	0.02094	0.01688	0.01944	0.01432	0.02238	0.01303	0.01138	0.02554	0.02132	0.03420	0.02063	0.02394	0.01694	0.00828	0.00753	0.00166	0.00716	0.00663	0.11429	0.59352
19	0.02227	0.01570	0.02215	0.22730	0.03783	0.01697	0.01779	0.03035	0.08881	0.11962	0.18256	0.05026	0.09510	0.01554	0.01098	0.00334	0.00901	0.01340	0.00886	0.01220
20	0.03055	0.25146	0.03942	0.02185	0.02967	0.02761	0.09087	0.03936	0.12048	0.17023	0.02905	0.05925	0.02279	0.01192	0.00936	0.00296	0.01053	0.01002	0.00798	0.01465
21	0.03970	0.01814	0.02334	0.01809	0.02596	0.01612	0.01476	0.04676	0.09135	0.43168	0.03715	0.03319	0.02451	0.01205	0.00991	0.00295	0.00848	0.00981	0.01139	0.12465
22	0.01309	0.00958	0.01230	0.01342	0.01491	0.00879	0.00938	0.01591	0.02297	0.03099	0.22046	0.40076	0.13353	0.02801	0.01268	0.00380	0.00553	0.02505	0.01007	0.00879
23	0.02910	0.25262	0.04338	0.11371	0.12653	0.02926	0.08047	0.05998	0.02436	0.11661	0.02105	0.02409	0.01616	0.00983	0.00911	0.00285	0.01195	0.00832	0.00623	0.01440
24	0.02878	0.02015	0.02766	0.02183	0.02811	0.02039	0.09617	0.15598	0.09451	0.13955	0.11278	0.04484	0.06796	0.07587	0.01510	0.00393	0.00996	0.01283	0.00963	0.01398
25	0.01237	0.00946	0.01136	0.01289	0.01452	0.00845	0.00890	0.01445	0.02099	0.02675	0.07362	0.44047	0.24904	0.02993	0.01275	0.00391	0.00568	0.02647	0.00953	0.00845
26	0.01768	0.08232	0.13741	0.01811	0.02303	0.01662	0.01669	0.05270	0.02130	0.02891	0.03833	0.31521	0.04241	0.09071	0.04667	0.00498	0.01027	0.01862	0.00742	0.01062
27	0.13136	0.09435	0.02479	0.01573	0.02432	0.01948	0.01309	0.05862	0.02228	0.03621	0.01754	0.02018	0.01445	0.00833	0.00745	0.00196	0.00828	0.00612	0.00618	0.46927
28	0.02076	0.02262	0.10844	0.01893	0.02479	0.05155	0.01698	0.02535	0.01964	0.05521	0.02343	0.03322	0.02096	0.10589	0.19491	0.00770	0.05608	0.00931	0.00583	0.17839
29	0.16036	0.07732	0.02552	0.01815	0.02420	0.01837	0.07517	0.03073	0.02513	0.15905	0.19527	0.04529	0.07534	0.01454	0.01005	0.00315	0.00842	0.01233	0.00913	0.01247
30	0.02167	0.02414	0.13203	0.11936	0.08983	0.01922	0.06489	0.05496	0.05223	0.06744	0.08010	0.16262	0.03513	0.01609	0.01110	0.00347	0.01091	0.01450	0.00742	0.01291

[dist]
# distance from previous block
# <min> <max>
1	17

[block]
# block no. 2 follows, 14 sequences, length 53
# corresponding to MSA columns:
# 670,694-698,707-717,720-735,740-759
name=unknown_C
#
# <colnr> <probs for GDERKNQSTAVLIFYWHMCP>
#	G	D	E	R	K	N	Q	S	T	A	V	L	I	F	Y	W	H	M	C	P
0	0.20466	0.02173	0.09656	0.02022	0.02696	0.01761	0.08768	0.02534	0.02022	0.03442	0.02924	0.20743	0.02993	0.01603	0.00985	0.00327	0.00954	0.01402	0.00685	0.11847
1	0.11175	0.12695	0.03032	0.02810	0.15360	0.02336	0.01883	0.06394	0.06111	0.08052	0.08988	0.04286	0.03218	0.01398	0.00989	0.00321	0.00961	0.07862	0.00775	0.01355
2	0.01406	0.01013	0.01172	0.01165	0.01308	0.00950	0.00767	0.01600	0.02075	0.02754	0.18981	0.11021	0.17170	0.30733	0.03064	0.00643	0.00734	0.01820	0.00847	0.00778
3	0.02776	0.14766	0.11332	0.14597	0.11004	0.10809	0.02490	0.10929	0.05675	0.03419	0.01961	0.02325	0.01532	0.01033	0.00936	0.00296	0.01319	0.00804	0.00585	0.01413
4	0.01373	0.00975	0.01201	0.01267	0.01376	0.00920	0.00840	0.01578	0.02080	0.02805	0.17969	0.27644	0.10579	0.21795	0.02496	0.00568	0.00686	0.02151	0.00893	0.00804
5	0.01402	0.01016	0.01343	0.01472	0.01646	0.00957	0.01112	0.01745	0.02358	0.03174	0.20933	0.31310	0.10703	0.02758	0.01300	0.00398	0.00640	0.13828	0.01003	0.00901
6	0.01352	0.00971	0.01281	0.01360	0.01511	0.00901	0.00960	0.01683	0.02435	0.03368	0.31359	0.35428	0.08237	0.02656	0.01260	0.00370	0.00540	0.02386	0.01041	0.00901
7	0.03262	0.01449	0.01951	0.01598	0.02157	0.01278	0.01278	0.03696	0.02923	0.35188	0.26600	0.05270	0.05583	0.01623	0.01108	0.00320	0.00707	0.01383	0.01210	0.01415
8	0.07060	0.01369	0.01726	0.01470	0.01955	0.01246	0.01161	0.03108	0.02787	0.24302	0.29000	0.05937	0.11144	0.01764	0.01107	0.00323	0.00653	0.01495	0.01133	0.01259
9	0.03573	0.04345	0.02789	0.02531	0.03070	0.48189	0.01910	0.04373	0.13622	0.02873	0.02112	0.02252	0.01690	0.01125	0.00949	0.00281	0.01640	0.00762	0.00633	0.01278
10	0.02540	0.02438	0.04165	0.06299	0.57533	0.02438	0.03149	0.03149	0.02337	0.03353	0.01930	0.02540	0.01626	0.00914	0.01016	0.00305	0.01219	0.00914	0.00508	0.01626
11	0.02433	0.01233	0.01566	0.01374	0.01706	0.01136	0.01005	0.02743	0.02429	0.19539	0.21072	0.05871	0.05249	0.20784	0.02356	0.00522	0.00756	0.01438	0.05693	0.01092
12	0.02744	0.64552	0.05378	0.01756	0.02634	0.04061	0.01756	0.03073	0.02085	0.02414	0.01427	0.01646	0.01317	0.00878	0.00658	0.00219	0.01097	0.00549	0.00439	0.01317
13	0.01278	0.00915	0.01216	0.01410	0.01495	0.00852	0.00955	0.01500	0.02096	0.02828	0.12803	0.55525	0.07190	0.03060	0.01296	0.00404	0.00580	0.02770	0.00977	0.00852
14	0.01329	0.00949	0.01281	0.01519	0.01613	0.00902	0.01090	0.01565	0.02043	0.02708	0.05613	0.53155	0.06615	0.03141	0.01331	0.00428	0.00664	0.12249	0.00951	0.00855
15	0.02128	0.01824	0.02128	0.01520	0.02432	0.01368	0.01216	0.02584	0.02128	0.03344	0.01824	0.02128	0.01520	0.00760	0.00760	0.00152	0.00760	0.00608	0.00608	0.70208
16	0.12601	0.02445	0.08078	0.02504	0.09641	0.02197	0.01923	0.09870	0.12643	0.15743	0.02774	0.02768	0.02001	0.01110	0.00938	0.00302	0.00974	0.00885	0.00854	0.09750
17	0.12028	0.02645	0.07612	0.07327	0.04509	0.02480	0.31865	0.08140	0.02555	0.03788	0.05324	0.02846	0.01979	0.01005	0.01087	0.00335	0.01428	0.01085	0.00613	0.01348
18	0.02712	0.01396	0.01708	0.01505	0.01952	0.01346	0.01170	0.03473	0.09983	0.21314	0.14297	0.10333	0.04447	0.01621	0.01018	0.00313	0.00664	0.01377	0.18077	0.01293
19	0.02463	0.02155	0.02375	0.02069	0.02638	0.02446	0.01629	0.04759	0.42880	0.03981	0.03570	0.03436	0.02732	0.01344	0.01234	0.00331	0.06854	0.01057	0.00925	0.11123
20	0.02163	0.01761	0.02525	0.27170	0.04336	0.01896	0.01995	0.02817	0.05179	0.07058	0.05683	0.06908	0.02447	0.01258	0.01150	0.00304	0.05188	0.01046	0.00660	0.18457
21	0.03574	0.02578	0.06631	0.02133	0.02835	0.10022	0.01817	0.04428	0.11768	0.28328	0.03164	0.03019	0.02202	0.01261	0.01229	0.00319	0.07082	0.00943	0.00945	0.05721
22	0.02036	0.01997	0.03499	0.47708	0.06399	0.02409	0.09884	0.02700	0.02056	0.02700	0.01812	0.02692	0.01392	0.01080	0.01283	0.00353	0.07413	0.00952	0.00464	0.01172
23	0.01540	0.00998	0.01326	0.01415	0.01579	0.00920	0.00995	0.01825	0.02313	0.06866	0.20923	0.42529	0.07365	0.02748	0.01261	0.00382	0.00581	0.02471	0.01027	0.00936
24	0.02848	0.03387	0.19789	0.02733	0.03711	0.06317	0.11063	0.07576	0.16429	0.11350	0.02819	0.02882	0.02023	0.01129	0.01041	0.00328	0.01277	0.00981	0.00769	0.01547
25	0.03291	0.02446	0.03999	0.07229	0.11247	0.02440	0.18463	0.16195	0.03103	0.17117	0.02605	0.02833	0.01834	0.01069	0.01085	0.00324	0.01286	0.01038	0.00818	0.01576
26	0.01647	0.00940	0.01235	0.01235	0.01235	0.00940	0.00766	0.01409	0.01409	0.01879	0.02459	0.04797	0.02691	0.31721	0.04576	0.37893	0.00940	0.01172	0.00528	0.00528
27	0.01960	0.01164	0.01516	0.01362	0.01703	0.01051	0.01044	0.02413	0.02869	0.13031	0.44755	0.07133	0.11974	0.01997	0.01181	0.00324	0.00552	0.01741	0.01140	0.01090
28	0.01938	0.01824	0.03078	0.61468	0.07068	0.02280	0.02850	0.02622	0.02052	0.02622	0.01824	0.02736	0.01368	0.01026	0.01026	0.00342	0.01368	0.00912	0.00456	0.01140
29	0.11587	0.01858	0.02909	0.21921	0.07760	0.02027	0.10185	0.02745	0.05372	0.03195	0.03220	0.10277	0.06207	0.01480	0.01073	0.00355	0.01130	0.04874	0.00653	0.01170
30	0.01955	0.02309	0.10810	0.53318	0.06702	0.02294	0.02981	0.02709	0.02068	0.02709	0.01826	0.02657	0.01359	0.01019	0.01019	0.00340	0.01389	0.00891	0.00453	0.01192
31	0.02591	0.01421	0.01838	0.01739	0.02130	0.01365	0.01362	0.08670	0.02649	0.19004	0.04786	0.29201	0.04824	0.02358	0.01219	0.00387	0.00804	0.11382	0.01050	0.01221
32	0.03011	0.02228	0.03540	0.12708	0.34496	0.02259	0.02658	0.06971	0.02601	0.15759	0.02426	0.02775	0.01803	0.01031	0.01022	0.00313	0.01156	0.00941	0.00707	0.01593
33	0.02903	0.13545	0.04661	0.11239	0.04473	0.02660	0.24511	0.06907	0.02565	0.13079	0.02303	0.02671	0.01676	0.00987	0.01042	0.00315	0.01372	0.00999	0.00665	0.01427
34	0.12471	0.01623	0.02086	0.09958	0.02790	0.01693	0.01481	0.03309	0.02212	0.24740	0.03136	0.07495	0.02602	0.13608	0.01972	0.00469	0.05084	0.01151	0.00866	0.01254
35	0.61544	0.01962	0.01727	0.09719	0.02692	0.02299	0.01353	0.02962	0.01789	0.04328	0.01484	0.01816	0.01147	0.00963	0.00689	0.00321	0.00874	0.00605	0.00610	0.01115
36	0.01312	0.00937	0.01262	0.01500	0.01586	0.00887	0.01060	0.01536	0.02026	0.02689	0.05622	0.55336	0.06652	0.03157	0.01326	0.00425	0.00649	0.10236	0.00951	0.00851
37	0.02331	0.02021	0.02677	0.09730	0.03363	0.01796	0.05724	0.08600	0.02453	0.03605	0.01918	0.02298	0.01529	0.00858	0.00862	0.00211	0.00960	0.00733	0.00629	0.47700
38	0.02444	0.02207	0.03413	0.27555	0.23631	0.02464	0.02712	0.09824	0.02505	0.03429	0.01919	0.02570	0.01516	0.01048	0.01151	0.00321	0.04933	0.00898	0.00559	0.04900
39	0.02777	0.01703	0.02062	0.01538	0.02340	0.01359	0.01238	0.03220	0.02351	0.18346	0.02606	0.02696	0.01926	0.00949	0.00829	0.00207	0.00758	0.00764	0.08765	0.43566
40	0.03385	0.17168	0.03489	0.02178	0.02877	0.03131	0.01867	0.25213	0.07223	0.11206	0.02385	0.02468	0.01789	0.01243	0.01268	0.00311	0.09549	0.00862	0.00839	0.01549
41	0.20115	0.02382	0.07132	0.02918	0.15627	0.02220	0.02024	0.07581	0.07787	0.18491	0.02620	0.02668	0.01872	0.01093	0.00926	0.00317	0.01000	0.00869	0.00826	0.01530
42	0.01429	0.01048	0.01339	0.01266	0.01519	0.00958	0.00950	0.01891	0.02849	0.03983	0.52390	0.07884	0.14368	0.02147	0.01211	0.00325	0.00488	0.01886	0.01112	0.00958
43	0.02207	0.02017	0.06504	0.02152	0.02347	0.02234	0.01799	0.02463	0.01763	0.07934	0.02441	0.08301	0.02460	0.16477	0.03235	0.00553	0.32229	0.01203	0.00610	0.01072
44	0.01355	0.00983	0.01289	0.01416	0.01570	0.00917	0.01028	0.01665	0.02316	0.03128	0.21242	0.37159	0.10824	0.02797	0.01286	0.00391	0.00598	0.08141	0.01005	0.00889
45	0.01705	0.01105	0.01453	0.01334	0.01620	0.01011	0.01011	0.02182	0.02907	0.08446	0.52756	0.07332	0.09111	0.02032	0.01196	0.00322	0.00515	0.01790	0.01141	0.01031
46	0.03901	0.02874	0.03080	0.02361	0.03182	0.03182	0.01951	0.54111	0.04825	0.06468	0.02464	0.02464	0.01745	0.01232	0.01027	0.00308	0.01129	0.00924	0.01027	0.01745
47	0.04447	0.01999	0.02538	0.01946	0.02746	0.01883	0.01607	0.16002	0.03360	0.46646	0.03694	0.03262	0.02362	0.01262	0.01031	0.00315	0.00931	0.01008	0.01216	0.01746
48	0.02354	0.01828	0.02495	0.10724	0.09339	0.02059	0.01880	0.03417	0.16200	0.09424	0.07064	0.13776	0.03488	0.01688	0.01400	0.00362	0.08943	0.01398	0.00837	0.01324
49	0.02915	0.02169	0.03231	0.09671	0.26951	0.02147	0.02350	0.06789	0.06171	0.14278	0.02506	0.02771	0.01874	0.01026	0.00987	0.00293	0.01069	0.00912	0.00735	0.11156
50	0.67050	0.02032	0.01782	0.01528	0.02188	0.02320	0.04280	0.03033	0.01787	0.04525	0.01468	0.01733	0.01138	0.00947	0.00670	0.00319	0.00850	0.00595	0.00628	0.01128
51	0.01985	0.01534	0.02133	0.05764	0.05999	0.01718	0.01711	0.05772	0.04886	0.02998	0.03550	0.12741	0.03688	0.02444	0.02027	0.12420	0.09451	0.17420	0.00744	0.01016
52	0.61915	0.01951	0.01630	0.01416	0.02073	0.02192	0.01167	0.03293	0.01912	0.12072	0.01794	0.01921	0.01310	0.00997	0.00690	0.00318	0.00805	0.00622	0.00723	0.01200

[dist]
# distance from previous block
# <min> <max>
3	7

[block]
# block no. 3 follows, 14 sequences, length 9
# corresponding to MSA columns:
# 858-866
name=unknown_D
#
# <colnr> <probs for GDERKNQSTAVLIFYWHMCP>
#	G	D	E	R	K	N	Q	S	T	A	V	L	I	F	Y	W	H	M	C	P
0	0.02690	0.16753	0.15877	0.02563	0.03461	0.09975	0.10895	0.06379	0.02575	0.06624	0.07113	0.03223	0.02462	0.01183	0.00991	0.00304	0.01316	0.03619	0.00640	0.01356
1	0.02456	0.32026	0.10907	0.12293	0.04255	0.03212	0.15554	0.03073	0.02175	0.02763	0.01703	0.02169	0.01385	0.00909	0.00895	0.00283	0.01350	0.00801	0.00462	0.01327
2	0.01278	0.00946	0.01194	0.01336	0.01478	0.00862	0.00924	0.01523	0.02191	0.02900	0.15182	0.44272	0.16326	0.02916	0.01276	0.00388	0.00563	0.02603	0.00983	0.00862
3	0.02407	0.03018	0.19315	0.13104	0.08212	0.02286	0.12813	0.03175	0.02256	0.09131	0.02381	0.03324	0.01900	0.01216	0.01291	0.00353	0.06868	0.04978	0.00594	0.01378
4	0.02579	0.12600	0.10913	0.19014	0.07667	0.02573	0.12473	0.03414	0.05859	0.09783	0.02248	0.02651	0.01665	0.01013	0.00998	0.00316	0.01307	0.00924	0.00605	0.01397
5	0.07694	0.02049	0.07115	0.08381	0.02912	0.05580	0.01722	0.03150	0.02410	0.19117	0.04315	0.13471	0.08982	0.01781	0.01093	0.00352	0.00977	0.06753	0.00890	0.01256
6	0.09012	0.01058	0.01278	0.01381	0.01556	0.01034	0.00975	0.01749	0.02210	0.03266	0.19880	0.40570	0.06991	0.02646	0.01207	0.00379	0.00585	0.02353	0.00968	0.00903
7	0.46054	0.13263	0.06999	0.08020	0.02846	0.02616	0.01630	0.03003	0.01873	0.03895	0.01505	0.01819	0.01191	0.00949	0.00709	0.00303	0.00968	0.00609	0.00565	0.01184
8	0.07224	0.14153	0.06370	0.08261	0.02789	0.08390	0.01637	0.02832	0.06930	0.02881	0.06131	0.03948	0.05921	0.12891	0.05151	0.00501	0.01194	0.01052	0.00633	0.01112

[dist]
# distance from previous block
# <min> <max>
0	5

[block]
# block no. 4 follows, 14 sequences, length 23
# corresponding to MSA columns:
# 872-894
name=unknown_E
#
# <colnr> <probs for GDERKNQSTAVLIFYWHMCP>
#	G	D	E	R	K	N	Q	S	T	A	V	L	I	F	Y	W	H	M	C	P
0	0.23321	0.01946	0.02631	0.34876	0.09157	0.02317	0.02260	0.02966	0.05413	0.03396	0.01861	0.02462	0.01422	0.01018	0.00906	0.00332	0.01144	0.00818	0.00553	0.01200
1	0.44623	0.02059	0.02356	0.12243	0.15180	0.02329	0.01848	0.02982	0.01928	0.04003	0.01605	0.02035	0.01268	0.00956	0.00784	0.00319	0.00982	0.00694	0.00578	0.01231
2	0.02533	0.46332	0.21752	0.02115	0.03190	0.03545	0.02382	0.03127	0.02110	0.02671	0.01554	0.01806	0.01312	0.00908	0.00756	0.00252	0.01226	0.00613	0.00437	0.01378
3	0.01400	0.01009	0.01325	0.01327	0.01522	0.00933	0.00964	0.01805	0.02661	0.03728	0.43688	0.22075	0.08932	0.02387	0.01236	0.00347	0.00513	0.02131	0.01084	0.00933
4	0.01712	0.00938	0.01406	0.01406	0.01447	0.00978	0.00978	0.01447	0.01406	0.01916	0.01998	0.03322	0.01957	0.04485	0.16447	0.54893	0.01305	0.00938	0.00469	0.00550
5	0.01452	0.01049	0.01372	0.01291	0.01533	0.00968	0.00968	0.01937	0.02905	0.04115	0.56992	0.07666	0.09683	0.02098	0.01210	0.00323	0.00484	0.01856	0.01130	0.00968
6	0.01468	0.01059	0.01393	0.01337	0.01578	0.00985	0.01021	0.01951	0.02863	0.04035	0.53050	0.07965	0.09394	0.02154	0.01226	0.00334	0.00519	0.05585	0.01116	0.00967
7	0.71184	0.01985	0.01508	0.01350	0.01985	0.02302	0.01111	0.03017	0.01746	0.04604	0.01429	0.01667	0.01111	0.00953	0.00635	0.00318	0.00794	0.00556	0.00635	0.01111
8	0.04436	0.01784	0.02376	0.01847	0.02624	0.01594	0.01518	0.05038	0.07276	0.53806	0.04059	0.03521	0.02589	0.01280	0.01033	0.00320	0.00868	0.01043	0.01252	0.01736
9	0.02422	0.02768	0.06055	0.04325	0.05363	0.02595	0.53806	0.03287	0.02422	0.03287	0.02076	0.02768	0.01557	0.00865	0.01211	0.00346	0.01730	0.01211	0.00519	0.01384
10	0.03833	0.04891	0.02908	0.02644	0.03173	0.59815	0.01983	0.04098	0.02908	0.02512	0.01586	0.01851	0.01322	0.01058	0.00925	0.00264	0.01851	0.00661	0.00529	0.01190
11	0.04308	0.01681	0.02286	0.01776	0.02517	0.01457	0.01457	0.04713	0.02934	0.53150	0.09031	0.03886	0.03212	0.01348	0.01049	0.00318	0.00837	0.01110	0.01257	0.01673
12	0.71184	0.01985	0.01508	0.01350	0.01985	0.02302	0.01111	0.03017	0.01746	0.04604	0.01429	0.01667	0.01111	0.00953	0.00635	0.00318	0.00794	0.00556	0.00635	0.01111
13	0.02540	0.02438	0.04165	0.06299	0.57533	0.02438	0.03149	0.03149	0.02337	0.03353	0.01930	0.02540	0.01626	0.00914	0.01016	0.00305	0.01219	0.00914	0.00508	0.01626
14	0.03901	0.02874	0.03080	0.02361	0.03182	0.03182	0.01951	0.54111	0.04825	0.06468	0.02464	0.02464	0.01745	0.01232	0.01027	0.00308	0.01129	0.00924	0.01027	0.01745
15	0.03901	0.02874	0.03080	0.02361	0.03182	0.03182	0.01951	0.54111	0.04825	0.06468	0.02464	0.02464	0.01745	0.01232	0.01027	0.00308	0.01129	0.00924	0.01027	0.01745
16	0.01250	0.00893	0.01191	0.01429	0.01488	0.00834	0.00953	0.01429	0.01965	0.02620	0.05656	0.63265	0.06787	0.03215	0.01310	0.00417	0.00595	0.02917	0.00953	0.00834
17	0.01216	0.01028	0.01051	0.01069	0.01394	0.00864	0.00793	0.01469	0.02311	0.02761	0.10035	0.13945	0.53281	0.02646	0.01220	0.00352	0.00526	0.02223	0.00953	0.00864
18	0.03458	0.03823	0.02713	0.06186	0.03201	0.39393	0.01887	0.07216	0.06430	0.06623	0.07201	0.02730	0.02336	0.01200	0.00980	0.00287	0.01513	0.00863	0.00694	0.01266
19	0.03576	0.01776	0.02650	0.24819	0.04335	0.01806	0.02026	0.04084	0.02596	0.36801	0.03191	0.03201	0.02088	0.01176	0.01030	0.00327	0.01064	0.00986	0.00956	0.01513
20	0.01467	0.01048	0.01440	0.01677	0.01832	0.01021	0.01330	0.01804	0.02179	0.02863	0.05536	0.35441	0.06313	0.03010	0.01368	0.00447	0.00784	0.28598	0.00948	0.00894
21	0.02889	0.02427	0.03430	0.20852	0.21879	0.02679	0.02600	0.22642	0.03213	0.04341	0.02105	0.02568	0.01597	0.01069	0.01023	0.00317	0.01228	0.00917	0.00693	0.01530
22	0.08149	0.02311	0.03775	0.24907	0.15782	0.02514	0.13050	0.10672	0.02578	0.03648	0.01961	0.02574	0.01494	0.00996	0.01030	0.00328	0.01329	0.00946	0.00580	0.01376

[dist]
# distance from previous block
# <min> <max>
5	7

[block]
# block no. 5 follows, 14 sequences, length 23
# corresponding to MSA columns:
# 902-924
name=unknown_F
#
# <colnr> <probs for GDERKNQSTAVLIFYWHMCP>
#	G	D	E	R	K	N	Q	S	T	A	V	L	I	F	Y	W	H	M	C	P
0	0.15259	0.07747	0.17533	0.06779	0.12459	0.02412	0.02409	0.07481	0.02329	0.03710	0.01798	0.02154	0.01398	0.00946	0.00869	0.00285	0.01140	0.00732	0.00564	0.11994
1	0.02577	0.22986	0.07935	0.13005	0.17978	0.03009	0.02448	0.07111	0.07547	0.03242	0.01999	0.02371	0.01613	0.00995	0.00901	0.00289	0.01178	0.00807	0.00562	0.01445
2	0.40463	0.02231	0.02298	0.11720	0.10560	0.06757	0.01766	0.03206	0.02057	0.08000	0.01770	0.02109	0.01347	0.00991	0.00802	0.00316	0.01032	0.00706	0.00629	0.01241
3	0.27288	0.25391	0.14485	0.01851	0.02764	0.02897	0.01916	0.03236	0.02045	0.07629	0.01711	0.01899	0.01333	0.00954	0.00742	0.00283	0.01056	0.00630	0.00572	0.01316
4	0.01857	0.01518	0.01828	0.01444	0.02088	0.01206	0.01121	0.02299	0.02348	0.03519	0.18686	0.08573	0.04383	0.01354	0.00938	0.00224	0.00664	0.01163	0.00792	0.43994
5	0.02080	0.01755	0.01894	0.01798	0.02231	0.01941	0.01359	0.04016	0.36471	0.03714	0.05366	0.17726	0.11433	0.01960	0.01126	0.00363	0.00724	0.01686	0.01011	0.01345
6	0.03285	0.01660	0.02037	0.01692	0.02315	0.01571	0.01354	0.04200	0.14183	0.32113	0.08703	0.05104	0.14010	0.01614	0.01082	0.00330	0.00765	0.01338	0.01149	0.01495
7	0.04173	0.02191	0.02627	0.02041	0.02826	0.02200	0.01677	0.22650	0.08228	0.34959	0.03492	0.03153	0.02307	0.01267	0.01031	0.00317	0.00960	0.01004	0.01163	0.01735
8	0.02545	0.01941	0.02479	0.01928	0.02541	0.01935	0.01577	0.02920	0.02081	0.11512	0.02019	0.02374	0.01624	0.01157	0.01603	0.00269	0.19605	0.00762	0.00661	0.38467
9	0.01355	0.00972	0.01292	0.01410	0.01551	0.00909	0.01009	0.01670	0.02346	0.03214	0.24935	0.38676	0.07813	0.02768	0.01280	0.00385	0.00579	0.05927	0.01019	0.00892
10	0.02128	0.01824	0.02128	0.01520	0.02432	0.01368	0.01216	0.02584	0.02128	0.03344	0.01824	0.02128	0.01520	0.00760	0.00760	0.00152	0.00760	0.00608	0.00608	0.70208
11	0.71184	0.01985	0.01508	0.01350	0.01985	0.02302	0.01111	0.03017	0.01746	0.04604	0.01429	0.01667	0.01111	0.00953	0.00635	0.00318	0.00794	0.00556	0.00635	0.01111
12	0.02553	0.02204	0.02320	0.02088	0.02669	0.02553	0.01624	0.05453	0.55679	0.04293	0.04177	0.03829	0.03133	0.01392	0.01044	0.00348	0.00812	0.01160	0.01044	0.01624
13	0.02553	0.02204	0.02320	0.02088	0.02669	0.02553	0.01624	0.05453	0.55679	0.04293	0.04177	0.03829	0.03133	0.01392	0.01044	0.00348	0.00812	0.01160	0.01044	0.01624
14	0.01247	0.00907	0.01176	0.01391	0.01479	0.00837	0.00936	0.01433	0.02001	0.02634	0.06115	0.58096	0.11660	0.03155	0.01300	0.00410	0.00588	0.02845	0.00953	0.00837
15	0.71184	0.01985	0.01508	0.01350	0.01985	0.02302	0.01111	0.03017	0.01746	0.04604	0.01429	0.01667	0.01111	0.00953	0.00635	0.00318	0.00794	0.00556	0.00635	0.01111
16	0.01731	0.01104	0.01499	0.01597	0.01823	0.01045	0.01253	0.02100	0.02397	0.07974	0.16714	0.27503	0.06740	0.02665	0.01302	0.00407	0.00719	0.19428	0.01017	0.00982
17	0.01318	0.00946	0.01252	0.01382	0.01504	0.00879	0.00958	0.01600	0.02282	0.03124	0.22966	0.44518	0.07764	0.02838	0.01276	0.00385	0.00558	0.02559	0.01012	0.00879
18	0.02677	0.02485	0.03979	0.12483	0.27767	0.06383	0.12439	0.03290	0.02392	0.07981	0.02096	0.02614	0.01627	0.00950	0.01030	0.00304	0.01318	0.00940	0.00579	0.06666
19	0.01380	0.00993	0.01307	0.01340	0.01517	0.00920	0.00963	0.01755	0.02568	0.03579	0.38585	0.27602	0.08645	0.02499	0.01246	0.00356	0.00524	0.02236	0.01066	0.00920
20	0.07165	0.02192	0.07585	0.01705	0.02625	0.01622	0.01507	0.03049	0.05769	0.07514	0.02120	0.02314	0.01653	0.00874	0.00811	0.00206	0.00847	0.00687	0.00671	0.49083
21	0.57329	0.02064	0.01857	0.01783	0.05801	0.02324	0.01334	0.06903	0.02089	0.08173	0.01710	0.01903	0.01286	0.00991	0.00715	0.00316	0.00852	0.00638	0.00697	0.01234
22	0.01275	0.00939	0.01202	0.01402	0.01521	0.00865	0.00978	0.01489	0.02055	0.02679	0.06399	0.50762	0.14788	0.03087	0.01303	0.00410	0.00610	0.06438	0.00952	0.00847

[dist]
# distance from previous block
# <min> <max>
0	1

[block]
# block no. 6 follows, 14 sequences, length 19
# corresponding to MSA columns:
# 926-944
name=unknown_G
#
# <colnr> <probs for GDERKNQSTAVLIFYWHMCP>
#	G	D	E	R	K	N	Q	S	T	A	V	L	I	F	Y	W	H	M	C	P
0	0.01506	0.01196	0.01741	0.02298	0.11392	0.01145	0.01383	0.01788	0.02084	0.02793	0.05271	0.45357	0.08866	0.02744	0.01261	0.00397	0.00727	0.06196	0.00874	0.00983
1	0.18639	0.02028	0.02671	0.01973	0.02841	0.01807	0.10444	0.02811	0.02089	0.03634	0.01774	0.02131	0.01429	0.00824	0.00810	0.00226	0.00939	0.00702	0.00599	0.41631
2	0.03000	0.02880	0.03089	0.02427	0.03203	0.18078	0.10763	0.03734	0.08345	0.09776	0.02325	0.02512	0.01769	0.00992	0.00949	0.00259	0.01255	0.00840	0.00697	0.23107
3	0.41715	0.02322	0.05645	0.07310	0.15825	0.02387	0.01933	0.05905	0.02108	0.04180	0.01661	0.02031	0.01300	0.00966	0.00798	0.00316	0.01000	0.00701	0.00601	0.01295
4	0.02389	0.01721	0.01982	0.01731	0.02048	0.02026	0.01388	0.11132	0.08765	0.03985	0.02826	0.03229	0.02241	0.01368	0.01438	0.00313	0.15300	0.00961	0.33955	0.01202
5	0.02501	0.19821	0.03969	0.17262	0.16311	0.07400	0.02439	0.02956	0.02108	0.02696	0.01635	0.02232	0.01405	0.01097	0.01325	0.00312	0.11973	0.00789	0.00468	0.01301
6	0.02088	0.01250	0.01639	0.01563	0.01900	0.01186	0.01230	0.02670	0.06025	0.13241	0.28631	0.14075	0.06968	0.02179	0.01219	0.00363	0.00672	0.10881	0.01093	0.01126
7	0.01505	0.01001	0.01344	0.01360	0.01447	0.01036	0.00932	0.01606	0.01730	0.02386	0.09541	0.11624	0.04108	0.23548	0.19387	0.13200	0.01362	0.01476	0.00668	0.00738
8	0.02744	0.64552	0.05378	0.01756	0.02634	0.04061	0.01756	0.03073	0.02085	0.02414	0.01427	0.01646	0.01317	0.00878	0.00658	0.00219	0.01097	0.00549	0.00439	0.01317
9	0.02790	0.02322	0.02454	0.02136	0.02759	0.02663	0.01682	0.14014	0.46732	0.04675	0.03875	0.03589	0.02889	0.01364	0.01041	0.00341	0.00868	0.01119	0.01041	0.01646
10	0.02128	0.01824	0.02128	0.01520	0.02432	0.01368	0.01216	0.02584	0.02128	0.03344	0.01824	0.02128	0.01520	0.00760	0.00760	0.00152	0.00760	0.00608	0.00608	0.70208
11	0.71184	0.01985	0.01508	0.01350	0.01985	0.02302	0.01111	0.03017	0.01746	0.04604	0.01429	0.01667	0.01111	0.00953	0.00635	0.00318	0.00794	0.00556	0.00635	0.01111
12	0.01420	0.01021	0.01355	0.01401	0.01592	0.00956	0.01046	0.01817	0.02577	0.03572	0.36462	0.23685	0.08421	0.02499	0.01263	0.00367	0.00570	0.07990	0.01058	0.00928
13	0.01837	0.08935	0.02122	0.01482	0.02034	0.01470	0.01163	0.02206	0.02214	0.03166	0.12555	0.20145	0.04405	0.01696	0.00981	0.00264	0.00706	0.01466	0.00776	0.30376
14	0.02262	0.02380	0.04295	0.13686	0.04530	0.02772	0.22945	0.02823	0.01996	0.02823	0.01722	0.02540	0.01435	0.01289	0.02094	0.00389	0.27285	0.01026	0.00478	0.01230
15	0.18147	0.10565	0.02391	0.01556	0.02286	0.02000	0.01296	0.03118	0.05593	0.09651	0.08673	0.02875	0.02589	0.01076	0.00819	0.00250	0.00798	0.00818	0.00753	0.24746
16	0.01950	0.01725	0.02265	0.01951	0.02123	0.02071	0.01518	0.02157	0.01651	0.02474	0.02083	0.03674	0.02167	0.20570	0.07020	0.00636	0.29276	0.01037	0.00535	0.13115
17	0.02429	0.02478	0.04875	0.03556	0.04428	0.02379	0.38304	0.09132	0.02795	0.03814	0.11784	0.03593	0.03009	0.01126	0.01189	0.00337	0.01439	0.01290	0.00687	0.01354
18	0.01274	0.00912	0.01212	0.01413	0.01494	0.00850	0.00954	0.01489	0.02076	0.02797	0.11743	0.56673	0.07131	0.03083	0.01298	0.00406	0.00582	0.02792	0.00974	0.00850

[dist]
# distance from previous block
# <min> <max>
11	26

[block]
# block no. 7 follows, 14 sequences, length 8
# corresponding to MSA columns:
# 971-978
name=unknown_H
#
# <colnr> <probs for GDERKNQSTAVLIFYWHMCP>
#	G	D	E	R	K	N	Q	S	T	A	V	L	I	F	Y	W	H	M	C	P
0	0.02657	0.01577	0.01929	0.01549	0.02195	0.01360	0.01230	0.03265	0.06743	0.20051	0.14356	0.04769	0.10966	0.01465	0.01011	0.00276	0.00713	0.01226	0.00988	0.21673
1	0.71184	0.01985	0.01508	0.01350	0.01985	0.02302	0.01111	0.03017	0.01746	0.04604	0.01429	0.01667	0.01111	0.00953	0.00635	0.00318	0.00794	0.00556	0.00635	0.01111
2	0.20430	0.02679	0.03664	0.03056	0.07739	0.06877	0.17697	0.13837	0.02715	0.04174	0.01887	0.02297	0.01454	0.01055	0.01157	0.00330	0.06035	0.00895	0.00649	0.01374
3	0.03037	0.02445	0.02593	0.02186	0.02853	0.02779	0.01742	0.22945	0.37398	0.05075	0.03561	0.03338	0.02634	0.01335	0.01038	0.00334	0.00926	0.01075	0.01038	0.01668
4	0.01335	0.01003	0.01236	0.01265	0.01483	0.00905	0.00916	0.01676	0.02497	0.03353	0.30716	0.23772	0.21014	0.02538	0.01239	0.00355	0.00524	0.02232	0.01035	0.00905
5	0.01655	0.01384	0.01885	0.01877	0.01937	0.01650	0.01442	0.01874	0.01849	0.02576	0.03993	0.30585	0.04601	0.08485	0.02367	0.00490	0.20653	0.09017	0.00756	0.00923
6	0.01268	0.00990	0.01151	0.01221	0.01448	0.00873	0.00874	0.01538	0.02306	0.02953	0.16877	0.28308	0.31078	0.02728	0.01247	0.00367	0.00540	0.02376	0.00984	0.00873
7	0.71184	0.01985	0.01508	0.01350	0.01985	0.02302	0.01111	0.03017	0.01746	0.04604	0.01429	0.01667	0.01111	0.00953	0.00635	0.00318	0.00794	0.00556	0.00635	0.01111

[dist]
# distance from previous block
# <min> <max>
0	1

[block]
# block no. 8 follows, 14 sequences, length 9
# corresponding to MSA columns:
# 980-988
name=unknown_I
#
# <colnr> <probs for GDERKNQSTAVLIFYWHMCP>
#	G	D	E	R	K	N	Q	S	T	A	V	L	I	F	Y	W	H	M	C	P
0	0.63568	0.01957	0.01608	0.01404	0.02057	0.02211	0.01157	0.03244	0.01883	0.10740	0.01729	0.01876	0.01275	0.00989	0.00680	0.00318	0.00803	0.00610	0.00708	0.01184
1	0.09503	0.01050	0.01262	0.01394	0.01555	0.01031	0.00974	0.01710	0.02115	0.03133	0.14768	0.45623	0.06663	0.02740	0.01212	0.00388	0.00598	0.02441	0.00948	0.00891
2	0.12348	0.01898	0.02355	0.01828	0.02607	0.01784	0.01510	0.10133	0.03004	0.46287	0.03568	0.03166	0.02286	0.01229	0.00985	0.00316	0.00892	0.00964	0.01169	0.01672
3	0.01938	0.01824	0.03078	0.61468	0.07068	0.02280	0.02850	0.02622	0.02052	0.02622	0.01824	0.02736	0.01368	0.01026	0.01026	0.00342	0.01368	0.00912	0.00456	0.01140
4	0.01293	0.01012	0.01171	0.01197	0.01452	0.00890	0.00873	0.01603	0.02431	0.03144	0.23427	0.20357	0.32337	0.02577	0.01232	0.00354	0.00525	0.02229	0.01006	0.00890
5	0.02744	0.64552	0.05378	0.01756	0.02634	0.04061	0.01756	0.03073	0.02085	0.02414	0.01427	0.01646	0.01317	0.00878	0.00658	0.00219	0.01097	0.00549	0.00439	0.01317
6	0.01408	0.01018	0.01354	0.01351	0.01548	0.00964	0.00991	0.01814	0.02591	0.03638	0.41029	0.19799	0.08447	0.02810	0.06080	0.00453	0.00696	0.02031	0.01042	0.00934
7	0.01435	0.01061	0.01353	0.01435	0.01605	0.01029	0.01015	0.01956	0.06869	0.03308	0.24277	0.37916	0.07534	0.02652	0.01251	0.00377	0.00573	0.02381	0.01025	0.00950
8	0.02989	0.28239	0.15582	0.02176	0.03146	0.03204	0.02203	0.15521	0.06987	0.07595	0.02157	0.02248	0.01642	0.01050	0.00868	0.00280	0.01155	0.00763	0.00682	0.01514

[dist]
# distance from previous block
# <min> <max>
0	1

[block]
# block no. 9 follows, 14 sequences, length 23
# corresponding to MSA columns:
# 990-1012
name=unknown_J
#
# <colnr> <probs for GDERKNQSTAVLIFYWHMCP>
#	G	D	E	R	K	N	Q	S	T	A	V	L	I	F	Y	W	H	M	C	P
0	0.13860	0.02605	0.08118	0.02091	0.02922	0.02445	0.01854	0.22962	0.08626	0.19975	0.02855	0.02735	0.01964	0.01191	0.00966	0.00318	0.01015	0.00906	0.00978	0.01616
1	0.02145	0.01940	0.02704	0.07846	0.03254	0.01609	0.07826	0.02674	0.02156	0.03265	0.01855	0.02267	0.01509	0.00799	0.00842	0.00195	0.00940	0.00712	0.00582	0.54879
2	0.31400	0.02381	0.03397	0.02609	0.03401	0.02525	0.20178	0.08486	0.08906	0.04278	0.02101	0.02407	0.01582	0.01003	0.00931	0.00331	0.01166	0.00902	0.00682	0.01335
3	0.03447	0.01947	0.02920	0.23443	0.04436	0.02016	0.05147	0.08921	0.02776	0.29859	0.02975	0.03076	0.01982	0.01155	0.01040	0.00327	0.01127	0.00989	0.00909	0.01507
4	0.02553	0.02204	0.02320	0.02088	0.02669	0.02553	0.01624	0.05453	0.55679	0.04293	0.04177	0.03829	0.03133	0.01392	0.01044	0.00348	0.00812	0.01160	0.01044	0.01624
5	0.01256	0.00953	0.01158	0.01294	0.01460	0.00855	0.00899	0.01486	0.02163	0.02795	0.11528	0.41636	0.22959	0.02925	0.01271	0.00387	0.00562	0.02589	0.00968	0.00855
