[name]
unknown

[dist]
# distance from previous block
# <min> <max>
0	3

[block]
# block no. 0 follows, 14 sequences, length 7
# corresponding to MSA columns:
# 3-9
name=unknown_A
#
# <colnr> <probs for GDERKNQSTAVLIFYWHMCP>
#	G	D	E	R	K	N	Q	S	T	A	V	L	I	F	Y	W	H	M	C	P
0	0.01943	0.01436	0.01830	0.01890	0.02219	0.01493	0.01604	0.07568	0.08021	0.03645	0.10758	0.09463	0.05638	0.02450	0.01318	0.00427	0.00898	0.35321	0.00984	0.01095
1	0.02156	0.02046	0.03471	0.41515	0.25320	0.02337	0.02958	0.02813	0.02155	0.02886	0.01862	0.02665	0.01461	0.00986	0.01022	0.00329	0.01314	0.00913	0.00475	0.01316
2	0.01563	0.01001	0.01276	0.01396	0.01577	0.00904	0.00974	0.01777	0.02126	0.07943	0.06369	0.47816	0.15582	0.02917	0.01266	0.00394	0.00608	0.02601	0.00983	0.00926
3	0.03204	0.02528	0.02687	0.02220	0.02917	0.02857	0.01782	0.28964	0.31107	0.05344	0.03349	0.03169	0.02462	0.01315	0.01036	0.00329	0.00965	0.01046	0.01036	0.01683
4	0.02035	0.01763	0.02431	0.02921	0.17565	0.01694	0.01740	0.02852	0.11055	0.03274	0.03465	0.21980	0.03494	0.01690	0.01054	0.00312	0.00845	0.01520	0.00762	0.17548
5	0.01597	0.01441	0.02439	0.02133	0.02454	0.01407	0.13183	0.01965	0.02144	0.02879	0.08469	0.36222	0.10378	0.02443	0.01410	0.00389	0.04983	0.02243	0.00831	0.00992
6	0.02765	0.02509	0.03550	0.02827	0.03304	0.06938	0.13347	0.11381	0.02498	0.07281	0.02042	0.02635	0.01664	0.01999	0.07836	0.00501	0.23993	0.00983	0.00634	0.01311

[dist]
# distance from previous block
# <min> <max>
0	1

[block]
# block no. 1 follows, 14 sequences, length 18
# corresponding to MSA columns:
# 11-28
name=unknown_B
#
# <colnr> <probs for GDERKNQSTAVLIFYWHMCP>
#	G	D	E	R	K	N	Q	S	T	A	V	L	I	F	Y	W	H	M	C	P
0	0.02240	0.16644	0.04094	0.08785	0.18312	0.02497	0.12156	0.02750	0.02191	0.02901	0.02612	0.15119	0.02599	0.01388	0.01033	0.00320	0.01172	0.01306	0.00583	0.01297
1	0.02610	0.03256	0.25913	0.02308	0.03256	0.02053	0.02467	0.03486	0.05820	0.15647	0.05812	0.03305	0.05320	0.01297	0.01273	0.00328	0.07969	0.00989	0.00741	0.06148
2	0.07597	0.14288	0.03014	0.02265	0.07438	0.10365	0.01695	0.13760	0.02987	0.07771	0.11839	0.03610	0.06567	0.01331	0.00958	0.00291	0.01041	0.01036	0.00803	0.01345
3	0.04604	0.01746	0.02382	0.01826	0.02620	0.01508	0.01508	0.05001	0.02937	0.58244	0.04049	0.03493	0.02540	0.01270	0.01032	0.00318	0.00873	0.01032	0.01270	0.01746
4	0.02245	0.02245	0.03143	0.02694	0.02694	0.03143	0.02245	0.02470	0.01572	0.02470	0.01347	0.02245	0.01347	0.01796	0.03368	0.00449	0.62057	0.00898	0.00449	0.01123
5	0.10629	0.40348	0.11408	0.01873	0.02794	0.03260	0.01911	0.03380	0.02186	0.11190	0.01876	0.01995	0.01476	0.00958	0.00753	0.00259	0.01084	0.00650	0.00586	0.01385
6	0.02516	0.44859	0.23075	0.02145	0.03235	0.03503	0.02433	0.03132	0.02112	0.02692	0.01565	0.01819	0.01311	0.00910	0.00764	0.00255	0.01237	0.00618	0.00437	0.01383
7	0.30156	0.02625	0.08600	0.01946	0.02768	0.02489	0.01761	0.20804	0.03029	0.13364	0.02233	0.02277	0.01570	0.01100	0.00868	0.00315	0.01002	0.00778	0.00844	0.01471
8	0.01669	0.01109	0.01371	0.01270	0.01590	0.00989	0.00965	0.02084	0.02752	0.08602	0.39376	0.07901	0.22138	0.02162	0.01195	0.00329	0.00529	0.01868	0.01093	0.01010
9	0.01783	0.00891	0.01337	0.01337	0.01337	0.00891	0.00891	0.01337	0.01337	0.01783	0.01783	0.03119	0.01783	0.03565	0.04011	0.70143	0.00891	0.00891	0.00446	0.00446
10	0.03157	0.01903	0.02105	0.01734	0.02314	0.02006	0.01393	0.20228	0.10458	0.15001	0.03303	0.03318	0.02392	0.01248	0.00922	0.00291	0.00811	0.00988	0.24971	0.01454
11	0.02730	0.01535	0.01901	0.01592	0.02078	0.01483	0.01261	0.11531	0.03189	0.18888	0.30484	0.05449	0.06021	0.01677	0.01102	0.00314	0.00695	0.01425	0.05339	0.01305
12	0.03728	0.01819	0.02270	0.01823	0.02452	0.01815	0.01487	0.10401	0.07049	0.34390	0.03553	0.03363	0.02421	0.01299	0.01143	0.00315	0.05160	0.01006	0.12950	0.01556
13	0.01726	0.00911	0.01294	0.01294	0.01294	0.00911	0.00839	0.01367	0.01367	0.01823	0.02066	0.03821	0.02163	0.15342	0.04247	0.56654	0.00911	0.01009	0.00480	0.00480
14	0.02689	0.08722	0.02296	0.01607	0.02189	0.01875	0.01322	0.13896	0.03066	0.14868	0.14205	0.05689	0.19907	0.01758	0.01073	0.00314	0.00782	0.01435	0.01004	0.01302
15	0.07822	0.01914	0.02188	0.01611	0.02481	0.01605	0.01302	0.07148	0.02413	0.09870	0.02097	0.02274	0.01622	0.00871	0.00803	0.00196	0.00806	0.00678	0.00719	0.51581
16	0.30053	0.02624	0.05667	0.02221	0.06517	0.06945	0.01741	0.13553	0.09452	0.08689	0.02252	0.02342	0.01665	0.01094	0.00863	0.00315	0.01023	0.00786	0.00783	0.01415
17	0.12161	0.02898	0.10495	0.02224	0.03046	0.02762	0.02001	0.25447	0.19396	0.05109	0.02756	0.02728	0.02017	0.01207	0.00973	0.00324	0.01044	0.00923	0.00896	0.01592

[dist]
# distance from previous block
# <min> <max>
0	4

[block]
# block no. 2 follows, 14 sequences, length 19
# corresponding to MSA columns:
# 33-51
name=unknown_C
#
# <colnr> <probs for GDERKNQSTAVLIFYWHMCP>
#	G	D	E	R	K	N	Q	S	T	A	V	L	I	F	Y	W	H	M	C	P
0	0.08321	0.15788	0.03866	0.02581	0.03344	0.21016	0.10478	0.15964	0.03048	0.03746	0.01840	0.02099	0.01449	0.01025	0.00923	0.00284	0.01425	0.00787	0.00639	0.01378
1	0.02681	0.01936	0.02501	0.06267	0.02922	0.02044	0.05285	0.18123	0.09578	0.09776	0.07356	0.19533	0.03859	0.01809	0.01131	0.00349	0.00936	0.01585	0.00964	0.01363
2	0.01245	0.00912	0.01171	0.01378	0.01475	0.00838	0.00930	0.01435	0.02014	0.02640	0.06282	0.56220	0.13429	0.03134	0.01297	0.00407	0.00585	0.02818	0.00953	0.00838
3	0.01564	0.01019	0.01269	0.01310	0.01466	0.00947	0.00890	0.01777	0.02125	0.06358	0.15206	0.28932	0.11410	0.18306	0.02262	0.00533	0.00686	0.02153	0.00923	0.00868
4	0.02770	0.02313	0.02443	0.02132	0.02752	0.02654	0.01677	0.13316	0.47461	0.04644	0.03900	0.03608	0.02908	0.01366	0.01041	0.00342	0.00863	0.01122	0.01041	0.01644
5	0.71184	0.01985	0.01508	0.01350	0.01985	0.02302	0.01111	0.03017	0.01746	0.04604	0.01429	0.01667	0.01111	0.00953	0.00635	0.00318	0.00794	0.00556	0.00635	0.01111
6	0.03901	0.02874	0.03080	0.02361	0.03182	0.03182	0.01951	0.54111	0.04825	0.06468	0.02464	0.02464	0.01745	0.01232	0.01027	0.00308	0.01129	0.00924	0.01027	0.01745
7	0.01767	0.01096	0.01449	0.01380	0.01647	0.01002	0.01026	0.02179	0.02716	0.09920	0.40513	0.18569	0.08284	0.02233	0.01211	0.00341	0.00551	0.01980	0.01109	0.01029
8	0.02744	0.64552	0.05378	0.01756	0.02634	0.04061	0.01756	0.03073	0.02085	0.02414	0.01427	0.01646	0.01317	0.00878	0.00658	0.00219	0.01097	0.00549	0.00439	0.01317
9	0.02058	0.05308	0.58618	0.02925	0.04442	0.02383	0.03792	0.03250	0.02167	0.03250	0.01842	0.02167	0.01300	0.00975	0.00975	0.00325	0.01517	0.00758	0.00433	0.01517
10	0.03522	0.02731	0.03138	0.02446	0.03234	0.03013	0.05576	0.40633	0.14959	0.05800	0.02783	0.02762	0.02013	0.01238	0.01043	0.00319	0.01108	0.00992	0.00994	0.01695
11	0.01452	0.01049	0.01372	0.01291	0.01533	0.00968	0.00968	0.01937	0.02905	0.04115	0.56992	0.07666	0.09683	0.02098	0.01210	0.00323	0.00484	0.01856	0.01130	0.00968
12	0.02719	0.02496	0.04022	0.05779	0.50361	0.02536	0.02991	0.09874	0.02665	0.03764	0.02001	0.02530	0.01641	0.00956	0.01017	0.00305	0.01207	0.00916	0.00576	0.01641
13	0.02135	0.01369	0.01967	0.19206	0.03354	0.01406	0.01598	0.02522	0.02255	0.14053	0.05010	0.23890	0.12995	0.02062	0.01152	0.00362	0.00868	0.01808	0.00871	0.01117
14	0.01783	0.00891	0.01337	0.01337	0.01337	0.00891	0.00891	0.01337	0.01337	0.01783	0.01783	0.03119	0.01783	0.03565	0.04011	0.70143	0.00891	0.00891	0.00446	0.00446
15	0.02469	0.22076	0.11713	0.07560	0.11134	0.02974	0.15559	0.03370	0.07669	0.03074	0.02021	0.02419	0.01605	0.00955	0.00953	0.00299	0.01319	0.00882	0.00531	0.01419
16	0.02539	0.10356	0.09153	0.01674	0.02320	0.01697	0.01548	0.03042	0.02655	0.18448	0.23503	0.05262	0.10402	0.01620	0.01058	0.00310	0.00803	0.01351	0.00971	0.01285
17	0.07585	0.02054	0.02247	0.01939	0.02524	0.02246	0.01528	0.14162	0.26214	0.11683	0.07129	0.09663	0.03430	0.01545	0.01049	0.00339	0.00838	0.01278	0.01039	0.01507
18	0.30181	0.35066	0.03664	0.01637	0.02414	0.03294	0.01512	0.06757	0.02149	0.03584	0.01503	0.01714	0.01266	0.00934	0.00676	0.00265	0.00978	0.00579	0.00560	0.01266

[dist]
# distance from previous block
# <min> <max>
5	16

[block]
# block no. 3 follows, 14 sequences, length 22
# corresponding to MSA columns:
# 68-89
name=unknown_D
#
# <colnr> <probs for GDERKNQSTAVLIFYWHMCP>
#	G	D	E	R	K	N	Q	S	T	A	V	L	I	F	Y	W	H	M	C	P
0	0.03033	0.02079	0.03235	0.06647	0.10769	0.02090	0.10883	0.07265	0.10369	0.19446	0.05853	0.03428	0.02578	0.01679	0.05508	0.00427	0.01229	0.01099	0.00874	0.01508
1	0.02179	0.02286	0.07347	0.02453	0.02680	0.02665	0.02133	0.06284	0.01883	0.02815	0.01787	0.02657	0.01648	0.03015	0.15718	0.00699	0.39147	0.00934	0.00514	0.01155
2	0.08027	0.07332	0.03462	0.03245	0.15231	0.02567	0.07186	0.03692	0.10399	0.12905	0.02467	0.02730	0.01891	0.01213	0.01435	0.00339	0.12759	0.00942	0.00717	0.01462
3	0.01634	0.01428	0.02510	0.02159	0.02500	0.01423	0.13702	0.02041	0.01989	0.02740	0.06775	0.21371	0.04082	0.09247	0.20549	0.00842	0.01591	0.01734	0.00701	0.00982
4	0.02088	0.06142	0.15564	0.01897	0.02571	0.01788	0.01837	0.03081	0.11689	0.08146	0.14982	0.13624	0.08853	0.01772	0.01092	0.00337	0.00880	0.01509	0.00876	0.01273
5	0.71184	0.01985	0.01508	0.01350	0.01985	0.02302	0.01111	0.03017	0.01746	0.04604	0.01429	0.01667	0.01111	0.00953	0.00635	0.00318	0.00794	0.00556	0.00635	0.01111
6	0.02016	0.01961	0.02629	0.02320	0.02466	0.05713	0.04912	0.02311	0.01918	0.02706	0.07841	0.14630	0.03327	0.02503	0.07334	0.00516	0.31810	0.01401	0.00630	0.01054
7	0.18561	0.02705	0.10912	0.02069	0.02892	0.02444	0.01894	0.15367	0.15578	0.13307	0.02798	0.02730	0.01993	0.01174	0.00936	0.00324	0.00996	0.00889	0.00891	0.01539
8	0.01270	0.00908	0.01209	0.01415	0.01493	0.00847	0.00954	0.01479	0.02057	0.02767	0.10720	0.57780	0.07073	0.03105	0.01300	0.00407	0.00584	0.02813	0.00970	0.00847
9	0.71184	0.01985	0.01508	0.01350	0.01985	0.02302	0.01111	0.03017	0.01746	0.04604	0.01429	0.01667	0.01111	0.00953	0.00635	0.00318	0.00794	0.00556	0.00635	0.01111
10	0.02292	0.01235	0.01641	0.01434	0.01823	0.01112	0.01112	0.02753	0.02913	0.18538	0.42885	0.06554	0.07780	0.01877	0.01163	0.00321	0.00588	0.01636	0.01167	0.01176
11	0.01396	0.01036	0.01301	0.01258	0.01504	0.00941	0.00934	0.01818	0.02737	0.03771	0.45079	0.12203	0.17690	0.02268	0.01218	0.00334	0.00499	0.01989	0.01086	0.00941
12	0.13218	0.02651	0.02801	0.02174	0.02967	0.02911	0.01795	0.42666	0.04232	0.10869	0.02464	0.02447	0.01730	0.01197	0.00973	0.00310	0.01060	0.00883	0.00995	0.01658
13	0.01400	0.01008	0.01325	0.01327	0.01522	0.00933	0.00964	0.01805	0.02660	0.03726	0.43636	0.22130	0.08930	0.02389	0.01236	0.00347	0.00513	0.02132	0.01084	0.00933
14	0.04447	0.01998	0.02538	0.01945	0.02745	0.01882	0.01607	0.15973	0.03359	0.46676	0.03695	0.03263	0.02363	0.01262	0.01031	0.00315	0.00930	0.01008	0.01216	0.01746
15	0.03005	0.01475	0.01889	0.01581	0.02124	0.01345	0.01256	0.03625	0.07301	0.29543	0.21879	0.05638	0.11501	0.01708	0.01112	0.00325	0.00700	0.01445	0.01167	0.01379
16	0.03073	0.30119	0.04037	0.02141	0.02778	0.07683	0.01893	0.11673	0.02564	0.08131	0.01829	0.02099	0.01505	0.01192	0.01383	0.00298	0.14867	0.00742	0.00620	0.01373
17	0.26442	0.07253	0.02406	0.01749	0.02458	0.02445	0.01450	0.15996	0.07302	0.09322	0.05907	0.02647	0.02191	0.01140	0.00853	0.00295	0.00887	0.00831	0.00836	0.07590
18	0.03085	0.07837	0.02818	0.02152	0.02796	0.07909	0.01729	0.23833	0.21153	0.04663	0.03185	0.08794	0.02633	0.01436	0.01020	0.00321	0.01033	0.01144	0.00931	0.01529
19	0.71184	0.01985	0.01508	0.01350	0.01985	0.02302	0.01111	0.03017	0.01746	0.04604	0.01429	0.01667	0.01111	0.00953	0.00635	0.00318	0.00794	0.00556	0.00635	0.01111
20	0.02058	0.02665	0.13557	0.03105	0.03891	0.02132	0.25385	0.02908	0.05790	0.03135	0.03056	0.18207	0.02947	0.01570	0.01296	0.00366	0.04467	0.01550	0.00647	0.01269
21	0.01473	0.01046	0.01373	0.01353	0.01480	0.01091	0.00947	0.01728	0.01910	0.02675	0.16833	0.06000	0.04839	0.27997	0.23721	0.01057	0.01491	0.01445	0.00726	0.00816

[dist]
# distance from previous block
# <min> <max>
0	1

[block]
# block no. 4 follows, 14 sequences, length 19
# corresponding to MSA columns:
# 91-109
name=unknown_E
#
# <colnr> <probs for GDERKNQSTAVLIFYWHMCP>
#	G	D	E	R	K	N	Q	S	T	A	V	L	I	F	Y	W	H	M	C	P
0	0.04380	0.01697	0.02310	0.01788	0.02542	0.01470	0.01470	0.04783	0.02935	0.54389	0.07819	0.03790	0.03049	0.01329	0.01045	0.00318	0.00846	0.01091	0.01260	0.01691
1	0.03610	0.02104	0.02438	0.01922	0.02604	0.02163	0.01568	0.27182	0.03735	0.21923	0.10126	0.03589	0.03108	0.01353	0.01022	0.00306	0.00904	0.01082	0.07693	0.01569
2	0.03689	0.02733	0.02735	0.02165	0.02881	0.08196	0.01760	0.38892	0.04151	0.09648	0.02614	0.02660	0.01880	0.01213	0.00977	0.00296	0.01094	0.00911	0.09914	0.01590
3	0.04354	0.02148	0.02630	0.02016	0.02820	0.02104	0.01666	0.22486	0.03609	0.39810	0.03484	0.03127	0.02257	0.01257	0.01030	0.00314	0.00964	0.00994	0.01183	0.01746
4	0.01333	0.00952	0.01286	0.01524	0.01620	0.00905	0.01097	0.01573	0.02047	0.02713	0.05610	0.52618	0.06606	0.03137	0.01332	0.00428	0.00667	0.12744	0.00951	0.00856
5	0.02744	0.64552	0.05378	0.01756	0.02634	0.04061	0.01756	0.03073	0.02085	0.02414	0.01427	0.01646	0.01317	0.00878	0.00658	0.00219	0.01097	0.00549	0.00439	0.01317
6	0.09593	0.02654	0.02858	0.02207	0.03010	0.02892	0.01823	0.43475	0.04323	0.13042	0.02584	0.02531	0.01796	0.01214	0.00995	0.00310	0.01068	0.00907	0.01026	0.01693
7	0.01482	0.01112	0.01422	0.01466	0.01665	0.01126	0.01083	0.01986	0.06211	0.03015	0.16141	0.21351	0.10783	0.08566	0.13474	0.00686	0.01076	0.05534	0.00888	0.00933
8	0.01316	0.01044	0.01182	0.01147	0.01449	0.00910	0.00861	0.01672	0.02582	0.03348	0.30381	0.08928	0.36772	0.02384	0.01212	0.00336	0.00505	0.02033	0.01029	0.00910
9	0.02421	0.02513	0.02929	0.40442	0.05605	0.14171	0.02487	0.03351	0.10275	0.02850	0.02128	0.02718	0.01623	0.01087	0.01008	0.00327	0.01384	0.00898	0.00559	0.01223
10	0.01859	0.01142	0.01481	0.01343	0.01668	0.01033	0.01026	0.02313	0.02864	0.11317	0.46078	0.07281	0.12550	0.02027	0.01186	0.00324	0.00540	0.01770	0.01134	0.01065
11	0.01783	0.00891	0.01337	0.01337	0.01337	0.00891	0.00891	0.01337	0.01337	0.01783	0.01783	0.03119	0.01783	0.03565	0.04011	0.70143	0.00891	0.00891	0.00446	0.00446
12	0.03159	0.27296	0.08078	0.06602	0.03350	0.07975	0.02080	0.22471	0.03193	0.04035	0.01893	0.02092	0.01482	0.01045	0.00870	0.00274	0.01222	0.00743	0.00670	0.01470
13	0.01967	0.01523	0.02498	0.02101	0.02578	0.01391	0.12020	0.02455	0.02457	0.07909	0.17579	0.17921	0.05464	0.01990	0.01204	0.00353	0.00892	0.09074	0.00901	0.07725
14	0.03466	0.10432	0.07384	0.02348	0.03133	0.14674	0.06086	0.14551	0.03131	0.16115	0.06543	0.02862	0.02333	0.01178	0.00987	0.00296	0.01250	0.00929	0.00828	0.01472
15	0.02899	0.38712	0.11080	0.01994	0.02900	0.03352	0.01980	0.07363	0.09225	0.08410	0.02157	0.02227	0.01696	0.01019	0.00810	0.00265	0.01093	0.00727	0.00639	0.01454
16	0.08203	0.02063	0.02579	0.02180	0.02550	0.06747	0.06377	0.06518	0.02152	0.08287	0.02344	0.03334	0.02074	0.10898	0.15360	0.00733	0.14794	0.01017	0.00644	0.01145
17	0.11742	0.03427	0.19177	0.02328	0.03234	0.06841	0.02290	0.18059	0.11676	0.04428	0.02515	0.05418	0.01972	0.01229	0.00969	0.00323	0.01177	0.00943	0.00761	0.01489
18	0.03134	0.02521	0.02462	0.02112	0.02743	0.09310	0.01664	0.13384	0.30921	0.11384	0.03884	0.03634	0.05461	0.01373	0.01034	0.00327	0.00984	0.01096	0.01004	0.01569

[dist]
# distance from previous block
# <min> <max>
4	5

[block]
# block no. 5 follows, 14 sequences, length 15
# corresponding to MSA columns:
# 115-129
name=unknown_F
#
# <colnr> <probs for GDERKNQSTAVLIFYWHMCP>
#	G	D	E	R	K	N	Q	S	T	A	V	L	I	F	Y	W	H	M	C	P
0	0.02421	0.04703	0.42902	0.03239	0.10368	0.06419	0.03408	0.08413	0.02505	0.03535	0.01897	0.02218	0.01384	0.00999	0.00981	0.00317	0.01466	0.00786	0.00508	0.01530
1	0.02422	0.01547	0.01942	0.07705	0.02630	0.01594	0.01503	0.06356	0.10759	0.13499	0.04912	0.12623	0.10265	0.01934	0.01135	0.00362	0.00838	0.10590	0.06140	0.01245
2	0.03134	0.01721	0.02168	0.01646	0.02443	0.01389	0.01323	0.03544	0.02466	0.27049	0.03071	0.07256	0.02352	0.01163	0.00919	0.00243	0.00797	0.00963	0.00920	0.35432
3	0.02174	0.01865	0.02149	0.01582	0.02458	0.01497	0.01260	0.02896	0.07958	0.03447	0.02080	0.02313	0.01696	0.00829	0.00791	0.00173	0.00766	0.00668	0.00655	0.62741
4	0.03651	0.02232	0.02555	0.02073	0.02795	0.02363	0.01675	0.18938	0.22913	0.23833	0.03652	0.03328	0.02536	0.01304	0.01035	0.00326	0.00922	0.01049	0.01119	0.01701
5	0.02058	0.05308	0.58618	0.02925	0.04442	0.02383	0.03792	0.03250	0.02167	0.03250	0.01842	0.02167	0.01300	0.00975	0.00975	0.00325	0.01517	0.00758	0.00433	0.01517
6	0.03374	0.02440	0.02537	0.02129	0.02803	0.06556	0.01694	0.15597	0.29693	0.16295	0.03600	0.03325	0.02580	0.01308	0.01029	0.00327	0.00967	0.01047	0.01052	0.01645
7	0.01783	0.00891	0.01337	0.01337	0.01337	0.00891	0.00891	0.01337	0.01337	0.01783	0.01783	0.03119	0.01783	0.03565	0.04011	0.70143	0.00891	0.00891	0.00446	0.00446
8	0.27631	0.02572	0.07010	0.02278	0.03084	0.02544	0.09726	0.14977	0.09876	0.07431	0.02296	0.02438	0.01681	0.01079	0.00913	0.00324	0.01075	0.00860	0.00777	0.01428
9	0.01397	0.01001	0.01212	0.01232	0.01455	0.00913	0.00896	0.01758	0.02482	0.03432	0.29028	0.20644	0.19192	0.02381	0.01184	0.00342	0.00517	0.02082	0.07940	0.00913
10	0.04210	0.01854	0.02523	0.02225	0.07176	0.01699	0.01657	0.04897	0.08630	0.47821	0.03887	0.03450	0.02529	0.01254	0.01032	0.00320	0.00895	0.01036	0.01182	0.01723
11	0.01526	0.00983	0.01144	0.01144	0.01144	0.00983	0.00653	0.01474	0.01474	0.01966	0.03066	0.06300	0.03506	0.56953	0.05083	0.08992	0.00983	0.01423	0.00601	0.00601
12	0.20668	0.06112	0.06642	0.07865	0.02977	0.02259	0.01772	0.08717	0.02407	0.14362	0.02602	0.09424	0.02186	0.01381	0.01126	0.00336	0.06031	0.01040	0.00777	0.01319
13	0.02128	0.01824	0.02128	0.01520	0.02432	0.01368	0.01216	0.02584	0.02128	0.03344	0.01824	0.02128	0.01520	0.00760	0.00760	0.00152	0.00760	0.00608	0.00608	0.70208
14	0.12815	0.02153	0.03209	0.08356	0.03617	0.02129	0.14532	0.09884	0.02655	0.11005	0.06295	0.02912	0.02221	0.01069	0.00984	0.00298	0.01110	0.00970	0.00754	0.13033

[dist]
# distance from previous block
# <min> <max>
1	5

[block]
# block no. 6 follows, 14 sequences, length 20
# corresponding to MSA columns:
# 135-154
name=unknown_G
#
# <colnr> <probs for GDERKNQSTAVLIFYWHMCP>
#	G	D	E	R	K	N	Q	S	T	A	V	L	I	F	Y	W	H	M	C	P
0	0.12966	0.31569	0.20853	0.02133	0.03138	0.08344	0.02302	0.03212	0.02134	0.03009	0.01568	0.01827	0.01281	0.00935	0.00776	0.00271	0.01248	0.00624	0.00475	0.01335
1	0.06922	0.01979	0.02499	0.06073	0.08823	0.02022	0.01734	0.12376	0.07658	0.12139	0.05512	0.03142	0.02405	0.01986	0.08527	0.00463	0.01179	0.00958	0.00823	0.12780
2	0.01909	0.01228	0.01643	0.01814	0.06734	0.01116	0.01200	0.02240	0.02421	0.11473	0.16437	0.25196	0.17899	0.02345	0.01199	0.00356	0.00654	0.02063	0.00996	0.01079
3	0.02120	0.16389	0.02842	0.07734	0.02697	0.07379	0.01627	0.02586	0.05486	0.02675	0.04094	0.14084	0.13154	0.01814	0.01380	0.00337	0.10416	0.01403	0.00675	0.01108
4	0.01262	0.00935	0.01179	0.01342	0.01473	0.00852	0.00921	0.01484	0.02123	0.02787	0.11305	0.47976	0.16620	0.02995	0.01282	0.00395	0.00571	0.02676	0.00969	0.00852
5	0.04604	0.01746	0.02382	0.01826	0.02620	0.01508	0.01508	0.05001	0.02937	0.58244	0.04049	0.03493	0.02540	0.01270	0.01032	0.00318	0.00873	0.01032	0.01270	0.01746
6	0.01724	0.01098	0.01447	0.01354	0.01629	0.01005	0.01017	0.02169	0.02813	0.08971	0.46925	0.12880	0.08731	0.02134	0.01204	0.00332	0.00531	0.01887	0.01125	0.01027
7	0.04442	0.02007	0.02543	0.01950	0.02750	0.01896	0.01611	0.16366	0.03374	0.46262	0.03682	0.03255	0.02356	0.01261	0.01031	0.00315	0.00932	0.01007	0.01214	0.01746
8	0.71184	0.01985	0.01508	0.01350	0.01985	0.02302	0.01111	0.03017	0.01746	0.04604	0.01429	0.01667	0.01111	0.00953	0.00635	0.00318	0.00794	0.00556	0.00635	0.01111
9	0.71184	0.01985	0.01508	0.01350	0.01985	0.02302	0.01111	0.03017	0.01746	0.04604	0.01429	0.01667	0.01111	0.00953	0.00635	0.00318	0.00794	0.00556	0.00635	0.01111
10	0.02907	0.02439	0.02426	0.02050	0.02631	0.08165	0.01620	0.22221	0.18994	0.04864	0.16111	0.04063	0.04034	0.01471	0.01066	0.00319	0.00953	0.01193	0.01007	0.01465
11	0.03194	0.02525	0.03187	0.19987	0.09711	0.02845	0.02332	0.34039	0.03769	0.05037	0.02224	0.02551	0.01623	0.01140	0.01025	0.00318	0.01208	0.00919	0.00809	0.01557
12	0.18030	0.03731	0.08447	0.02486	0.03237	0.25777	0.06522	0.13373	0.02912	0.03867	0.01790	0.02042	0.01377	0.01044	0.00913	0.00297	0.01440	0.00747	0.00637	0.01330
13	0.07265	0.02064	0.02505	0.07556	0.08021	0.02246	0.01792	0.09770	0.23254	0.12981	0.08620	0.03652	0.03111	0.01320	0.01026	0.00330	0.00910	0.01099	0.00960	0.01517
14	0.01452	0.01049	0.01372	0.01291	0.01533	0.00968	0.00968	0.01937	0.02905	0.04115	0.56992	0.07666	0.09683	0.02098	0.01210	0.00323	0.00484	0.01856	0.01130	0.00968
15	0.02686	0.02041	0.02529	0.09084	0.11391	0.06932	0.01853	0.06544	0.07962	0.12907	0.14354	0.04032	0.03700	0.02003	0.06985	0.00451	0.01183	0.01157	0.00857	0.01350
16	0.01314	0.00966	0.01232	0.01329	0.01490	0.00884	0.00935	0.01608	0.02336	0.03150	0.23802	0.37106	0.14561	0.02751	0.01263	0.00375	0.00547	0.02454	0.01013	0.00884
17	0.01589	0.01077	0.01512	0.01556	0.01620	0.01169	0.01126	0.01618	0.01675	0.02289	0.03379	0.20652	0.03741	0.09412	0.12247	0.22025	0.06501	0.05410	0.00657	0.00743
18	0.02825	0.18683	0.03518	0.17067	0.03911	0.06387	0.02039	0.15847	0.08205	0.03737	0.02101	0.02394	0.01635	0.01056	0.00905	0.00283	0.01164	0.00806	0.00668	0.06769
19	0.07780	0.01403	0.01640	0.01462	0.01930	0.01325	0.01136	0.03017	0.07363	0.18781	0.14951	0.11897	0.19307	0.01965	0.01111	0.00339	0.00668	0.01654	0.01056	0.01215

[dist]
# distance from previous block
# <min> <max>
0	47

[block]
# block no. 7 follows, 14 sequences, length 118
# corresponding to MSA columns:
# 202-312,318-324
name=unknown_H
#
# <colnr> <probs for GDERKNQSTAVLIFYWHMCP>
#	G	D	E	R	K	N	Q	S	T	A	V	L	I	F	Y	W	H	M	C	P
0	0.02019	0.01162	0.01519	0.01362	0.01698	0.01060	0.01045	0.02488	0.02864	0.13346	0.44662	0.06718	0.08031	0.01901	0.01150	0.00317	0.00550	0.01660	0.05347	0.01101
1	0.04361	0.01909	0.02455	0.01907	0.02687	0.01779	0.01567	0.10528	0.07373	0.48134	0.03882	0.03405	0.02499	0.01276	0.01032	0.00319	0.00897	0.01030	0.01225	0.01737
2	0.01749	0.01114	0.01532	0.01489	0.01686	0.01210	0.01111	0.02051	0.01759	0.06657	0.03002	0.04535	0.02814	0.18420	0.38660	0.01285	0.02036	0.01164	0.06805	0.00921
3	0.03901	0.02874	0.03080	0.02361	0.03182	0.03182	0.01951	0.54111	0.04825	0.06468	0.02464	0.02464	0.01745	0.01232	0.01027	0.00308	0.01129	0.00924	0.01027	0.01745
4	0.02326	0.01941	0.02234	0.01614	0.02516	0.01571	0.01298	0.08345	0.02430	0.03693	0.01896	0.02166	0.01545	0.00813	0.00790	0.00169	0.00801	0.00643	0.00655	0.62554
5	0.02865	0.57882	0.05101	0.01855	0.02694	0.10294	0.01781	0.03187	0.02177	0.02425	0.01445	0.01669	0.01317	0.00898	0.00688	0.00225	0.01182	0.00561	0.00449	0.01303
6	0.65678	0.01906	0.01478	0.01331	0.01916	0.02199	0.01073	0.02896	0.01726	0.04398	0.01571	0.02066	0.01318	0.05928	0.00998	0.00371	0.00810	0.00630	0.00634	0.01073
7	0.02190	0.02038	0.03265	0.31139	0.24150	0.02289	0.02698	0.03094	0.08799	0.03089	0.02368	0.06183	0.01981	0.01154	0.01041	0.00334	0.01203	0.01056	0.00575	0.01356
8	0.01752	0.01567	0.02512	0.36618	0.08279	0.01828	0.02215	0.02279	0.02037	0.02654	0.03294	0.12871	0.07348	0.02244	0.07665	0.00498	0.01318	0.01356	0.00591	0.01074
9	0.01270	0.00963	0.01171	0.01286	0.01463	0.00865	0.00901	0.01521	0.02227	0.02899	0.15080	0.37958	0.22984	0.02849	0.01264	0.00380	0.00555	0.02518	0.00980	0.00865
10	0.04604	0.01746	0.02382	0.01826	0.02620	0.01508	0.01508	0.05001	0.02937	0.58244	0.04049	0.03493	0.02540	0.01270	0.01032	0.00318	0.00873	0.01032	0.01270	0.01746
11	0.03259	0.01351	0.01669	0.01391	0.01908	0.01232	0.01113	0.03696	0.02545	0.31033	0.03698	0.03659	0.02585	0.01233	0.00875	0.00278	0.00676	0.00994	0.35453	0.01351
12	0.65868	0.02055	0.01632	0.01429	0.02079	0.02372	0.01178	0.07053	0.01990	0.04751	0.01511	0.01730	0.01161	0.00975	0.00666	0.00317	0.00820	0.00585	0.00666	0.01161
13	0.07138	0.01683	0.01993	0.01641	0.02240	0.01656	0.01321	0.08537	0.08754	0.28513	0.07028	0.03684	0.02938	0.01299	0.00950	0.00302	0.00768	0.01046	0.17045	0.01464
14	0.01952	0.01444	0.01854	0.01954	0.02280	0.01510	0.01676	0.07068	0.08540	0.03506	0.05032	0.09908	0.05230	0.02533	0.01341	0.00444	0.00946	0.40726	0.00963	0.01091
15	0.02865	0.57882	0.05101	0.01855	0.02694	0.10294	0.01781	0.03187	0.02177	0.02425	0.01445	0.01669	0.01317	0.00898	0.00688	0.00225	0.01182	0.00561	0.00449	0.01303
16	0.71184	0.01985	0.01508	0.01350	0.01985	0.02302	0.01111	0.03017	0.01746	0.04604	0.01429	0.01667	0.01111	0.00953	0.00635	0.00318	0.00794	0.00556	0.00635	0.01111
17	0.14060	0.02251	0.02280	0.02000	0.02619	0.02589	0.01580	0.11085	0.40461	0.04614	0.03510	0.03302	0.02627	0.01300	0.00974	0.00338	0.00848	0.01031	0.00974	0.01555
18	0.01437	0.01048	0.01350	0.01275	0.01524	0.00962	0.00956	0.01907	0.02868	0.04029	0.53988	0.07808	0.12741	0.02130	0.01211	0.00324	0.00486	0.01876	0.01118	0.00962
19	0.11865	0.01814	0.02278	0.01796	0.02553	0.01691	0.01474	0.04820	0.07527	0.47416	0.03767	0.03319	0.02434	0.01246	0.00989	0.00320	0.00859	0.00990	0.01179	0.01665
20	0.01317	0.00974	0.01231	0.01314	0.01488	0.00888	0.00929	0.01620	0.02368	0.03188	0.25070	0.34184	0.16238	0.02707	0.01258	0.00371	0.00542	0.02407	0.01017	0.00888
21	0.01581	0.00970	0.01222	0.01222	0.01234	0.00982	0.00749	0.01467	0.01454	0.01951	0.02750	0.05419	0.03048	0.41431	0.08464	0.22549	0.01079	0.01279	0.00562	0.00587
22	0.02744	0.64552	0.05378	0.01756	0.02634	0.04061	0.01756	0.03073	0.02085	0.02414	0.01427	0.01646	0.01317	0.00878	0.00658	0.00219	0.01097	0.00549	0.00439	0.01317
23	0.02429	0.01298	0.01692	0.01558	0.01935	0.01209	0.01177	0.02971	0.06607	0.20103	0.20389	0.23989	0.06084	0.02152	0.01176	0.00353	0.00663	0.01894	0.01109	0.01211
24	0.13192	0.02336	0.09015	0.02479	0.07795	0.01888	0.06516	0.04053	0.02532	0.31229	0.02925	0.02850	0.01965	0.01092	0.00967	0.00309	0.01034	0.00912	0.00910	0.06001
25	0.03444	0.02420	0.02654	0.02164	0.02880	0.02661	0.01746	0.26156	0.25847	0.13530	0.03426	0.03194	0.02449	0.01305	0.01035	0.00326	0.00957	0.01040	0.01071	0.01695
26	0.49323	0.02423	0.07137	0.01821	0.02590	0.02389	0.04779	0.09140	0.02249	0.07419	0.01764	0.01970	0.01305	0.00998	0.00768	0.00319	0.00961	0.00683	0.00689	0.01272
27	0.02486	0.02402	0.04110	0.10040	0.45959	0.02446	0.07028	0.03273	0.05854	0.03354	0.02083	0.02658	0.01700	0.00951	0.01034	0.00314	0.01244	0.00954	0.00540	0.01570
28	0.01553	0.00973	0.01269	0.01398	0.01543	0.00904	0.00970	0.01807	0.02151	0.06576	0.11086	0.47866	0.06464	0.02784	0.01228	0.00384	0.00591	0.02501	0.07031	0.00920
29	0.01545	0.00968	0.01295	0.01464	0.01588	0.00893	0.01001	0.01743	0.02050	0.07510	0.05515	0.58010	0.06414	0.03044	0.01285	0.00408	0.00620	0.02752	0.00981	0.00914
30	0.37063	0.02388	0.02301	0.01965	0.02450	0.06383	0.01614	0.11297	0.02277	0.04193	0.01586	0.01967	0.01293	0.01235	0.01462	0.00348	0.17598	0.00716	0.00642	0.01223
31	0.02835	0.02392	0.03221	0.10195	0.09540	0.02615	0.07840	0.20540	0.16924	0.04582	0.06335	0.03236	0.02548	0.01230	0.01063	0.00327	0.01111	0.01076	0.00854	0.01534
32	0.01431	0.00919	0.01128	0.01285	0.01379	0.00880	0.00861	0.01659	0.01955	0.02829	0.04849	0.43148	0.05481	0.09535	0.01610	0.00440	0.00613	0.02303	0.16855	0.00838
33	0.11242	0.13140	0.12733	0.02549	0.07431	0.02632	0.05538	0.08349	0.10645	0.12300	0.02500	0.02575	0.01835	0.01077	0.00924	0.00307	0.01108	0.00860	0.00747	0.01507
34	0.71184	0.01985	0.01508	0.01350	0.01985	0.02302	0.01111	0.03017	0.01746	0.04604	0.01429	0.01667	0.01111	0.00953	0.00635	0.00318	0.00794	0.00556	0.00635	0.01111
35	0.02245	0.02245	0.03143	0.02694	0.02694	0.03143	0.02245	0.02470	0.01572	0.02470	0.01347	0.02245	0.01347	0.01796	0.03368	0.00449	0.62057	0.00898	0.00449	0.01123
36	0.02649	0.01816	0.02563	0.02497	0.08431	0.02107	0.01774	0.02922	0.01979	0.16058	0.02546	0.03607	0.02233	0.14557	0.06653	0.00591	0.24038	0.01066	0.00697	0.01216
37	0.02362	0.02119	0.03387	0.12630	0.35122	0.02202	0.02637	0.07283	0.02477	0.03422	0.02660	0.10073	0.02521	0.01369	0.01083	0.00336	0.01140	0.05121	0.00631	0.01426
38	0.02315	0.01818	0.02147	0.01543	0.02446	0.01379	0.01238	0.02767	0.02189	0.07499	0.01992	0.02231	0.01597	0.00799	0.00781	0.00165	0.00769	0.00640	0.00658	0.65026
39	0.01452	0.01049	0.01372	0.01291	0.01533	0.00968	0.00968	0.01937	0.02905	0.04115	0.56992	0.07666	0.09683	0.02098	0.01210	0.00323	0.00484	0.01856	0.01130	0.00968
40	0.01938	0.01824	0.03078	0.61468	0.07068	0.02280	0.02850	0.02622	0.02052	0.02622	0.01824	0.02736	0.01368	0.01026	0.01026	0.00342	0.01368	0.00912	0.00456	0.01140
41	0.14604	0.19054	0.03370	0.02012	0.02798	0.03220	0.01734	0.28271	0.07606	0.04911	0.02153	0.02223	0.01636	0.01104	0.00866	0.00289	0.01040	0.00782	0.00807	0.01517
42	0.01298	0.00930	0.01234	0.01396	0.01499	0.00866	0.00956	0.01549	0.02188	0.02975	0.17848	0.50061	0.07475	0.02950	0.01286	0.00394	0.00569	0.02665	0.00995	0.00866
43	0.03207	0.01625	0.01921	0.01627	0.02190	0.01621	0.01294	0.04312	0.17080	0.26590	0.03865	0.03688	0.02730	0.01280	0.00937	0.00301	0.00734	0.01043	0.22486	0.01467
44	0.01492	0.00995	0.01119	0.01119	0.01119	0.00995	0.00622	0.01492	0.01492	0.01990	0.03233	0.06716	0.03731	0.63935	0.05223	0.00995	0.00995	0.01492	0.00622	0.00622
45	0.02844	0.02305	0.02458	0.02121	0.02734	0.02615	0.01671	0.18802	0.37893	0.04791	0.03795	0.07382	0.02986	0.01468	0.01057	0.00341	0.00887	0.01210	0.01033	0.01606
46	0.02825	0.01922	0.02283	0.01673	0.02551	0.01593	0.01355	0.08646	0.02585	0.14887	0.02347	0.02443	0.01753	0.00915	0.00844	0.00203	0.00823	0.00729	0.00788	0.48836
47	0.02744	0.64552	0.05378	0.01756	0.02634	0.04061	0.01756	0.03073	0.02085	0.02414	0.01427	0.01646	0.01317	0.00878	0.00658	0.00219	0.01097	0.00549	0.00439	0.01317
48	0.20521	0.02655	0.02692	0.02111	0.02887	0.02965	0.01743	0.41490	0.04065	0.06007	0.02208	0.02267	0.01589	0.01163	0.00930	0.00310	0.01046	0.00833	0.00930	0.01589
49	0.02307	0.02230	0.03881	0.26804	0.35297	0.02389	0.06303	0.02961	0.02236	0.03075	0.01900	0.02628	0.01525	0.00953	0.01032	0.00321	0.01308	0.00933	0.00489	0.01428
50	0.02107	0.01673	0.02210	0.02037	0.02364	0.01886	0.04596	0.06241	0.11290	0.03505	0.03825	0.10407	0.03681	0.01957	0.01514	0.00386	0.10973	0.15878	0.12310	0.01160
51	0.01273	0.00911	0.01211	0.01413	0.01494	0.00849	0.00954	0.01486	0.02071	0.02789	0.11467	0.56972	0.07115	0.03089	0.01299	0.00406	0.00583	0.02797	0.00973	0.00849
52	0.01321	0.00969	0.01321	0.01459	0.01581	0.00969	0.01036	0.01575	0.01956	0.02654	0.08262	0.40174	0.08718	0.04365	0.17684	0.00752	0.01187	0.02300	0.00851	0.00867
53	0.02553	0.02204	0.02320	0.02088	0.02669	0.02553	0.01624	0.05453	0.55679	0.04293	0.04177	0.03829	0.03133	0.01392	0.01044	0.00348	0.00812	0.01160	0.01044	0.01624
54	0.15197	0.01784	0.02243	0.01750	0.02519	0.01635	0.01445	0.04685	0.02748	0.49710	0.03632	0.03202	0.02313	0.01220	0.00969	0.00318	0.00861	0.00956	0.01169	0.01645
55	0.02292	0.01322	0.01362	0.01225	0.01575	0.01381	0.00953	0.12260	0.02662	0.04330	0.03179	0.03566	0.02461	0.01203	0.00776	0.00252	0.00602	0.00950	0.56541	0.01107
56	0.02744	0.64552	0.05378	0.01756	0.02634	0.04061	0.01756	0.03073	0.02085	0.02414	0.01427	0.01646	0.01317	0.00878	0.00658	0.00219	0.01097	0.00549	0.00439	0.01317
57	0.02744	0.64552	0.05378	0.01756	0.02634	0.04061	0.01756	0.03073	0.02085	0.02414	0.01427	0.01646	0.01317	0.00878	0.00658	0.00219	0.01097	0.00549	0.00439	0.01317
58	0.21339	0.01648	0.02048	0.01910	0.02363	0.01742	0.06093	0.06547	0.02349	0.03793	0.03686	0.10802	0.03742	0.01948	0.01104	0.00388	0.00937	0.22060	0.04413	0.01086
59	0.02201	0.02206	0.03033	0.02569	0.02709	0.05995	0.06581	0.02473	0.01724	0.02484	0.01760	0.02926	0.01738	0.09136	0.08207	0.00596	0.41103	0.00996	0.00488	0.01076
60	0.02740	0.01388	0.01760	0.01529	0.02016	0.01255	0.01193	0.03265	0.06102	0.25779	0.17033	0.12650	0.15110	0.01942	0.01139	0.00338	0.00684	0.01659	0.01127	0.01293
61	0.02738	0.03067	0.03070	0.02679	0.02843	0.20737	0.02164	0.02975	0.01987	0.02483	0.01421	0.02123	0.01339	0.01567	0.02610	0.00392	0.43366	0.00824	0.00474	0.01143
62	0.01593	0.01035	0.01355	0.01475	0.01668	0.00956	0.01085	0.01870	0.02227	0.07292	0.10537	0.39828	0.12196	0.02835	0.01284	0.00401	0.00652	0.09782	0.00992	0.00939
63	0.01466	0.01100	0.01649	0.01649	0.01833	0.01283	0.01283	0.01833	0.01649	0.02382	0.02749	0.04032	0.02566	0.07697	0.59868	0.01649	0.02749	0.01100	0.00550	0.00916
64	0.02744	0.64552	0.05378	0.01756	0.02634	0.04061	0.01756	0.03073	0.02085	0.02414	0.01427	0.01646	0.01317	0.00878	0.00658	0.00219	0.01097	0.00549	0.00439	0.01317
65	0.02426	0.01336	0.01731	0.01504	0.01928	0.01245	0.01172	0.03076	0.07083	0.19350	0.37932	0.06189	0.07157	0.01809	0.01147	0.00323	0.00619	0.01569	0.01162	0.01239
66	0.07464	0.07640	0.30357	0.02525	0.03493	0.02643	0.02766	0.03535	0.12805	0.03380	0.02172	0.02444	0.01664	0.01188	0.01343	0.00343	0.11399	0.00834	0.00575	0.01429
67	0.03314	0.03408	0.03526	0.02844	0.03445	0.21970	0.10587	0.19048	0.03160	0.03850	0.01891	0.02267	0.01496	0.01222	0.01476	0.00327	0.13246	0.00879	0.00665	0.01380
68	0.08455	0.01936	0.02538	0.07393	0.13709	0.02010	0.01833	0.08298	0.09492	0.17780	0.02996	0.03105	0.02171	0.01154	0.00945	0.00307	0.00924	0.00955	0.12525	0.01474
69	0.08998	0.02765	0.09391	0.02637	0.06607	0.05498	0.07813	0.15793	0.03102	0.23036	0.02733	0.02726	0.01867	0.01124	0.01006	0.00316	0.01171	0.00930	0.00896	0.01591
70	0.01355	0.01061	0.01626	0.01688	0.01835	0.00991	0.05685	0.01595	0.02006	0.02679	0.05336	0.57848	0.06319	0.03005	0.01301	0.00410	0.00697	0.02765	0.00914	0.00883
71	0.01392	0.01136	0.01242	0.01199	0.01533	0.01032	0.00904	0.01931	0.06781	0.03297	0.23881	0.08728	0.38558	0.02352	0.01199	0.00340	0.00533	0.01992	0.01013	0.00958
72	0.02532	0.26247	0.34479	0.02407	0.03630	0.02907	0.02857	0.03343	0.02206	0.07874	0.01890	0.02099	0.01417	0.00967	0.00867	0.00286	0.01309	0.00708	0.00510	0.01466
73	0.04085	0.02325	0.02709	0.02104	0.02892	0.02399	0.01729	0.28442	0.08559	0.28742	0.03305	0.03033	0.02214	0.01263	0.01031	0.00316	0.00990	0.00992	0.01134	0.01735
74	0.01452	0.00978	0.01131	0.01171	0.01181	0.00968	0.00677	0.01482	0.01572	0.02096	0.03640	0.16217	0.04244	0.53733	0.04566	0.00898	0.00928	0.01732	0.00677	0.00657
75	0.09727	0.02627	0.02813	0.02164	0.02974	0.02833	0.01784	0.41775	0.04195	0.09973	0.02442	0.02445	0.01732	0.01172	0.00971	0.00297	0.01051	0.00874	0.00977	0.07173
76	0.66144	0.01967	0.01574	0.01386	0.02033	0.02242	0.01141	0.03167	0.01837	0.08664	0.01627	0.01805	0.01220	0.00977	0.00665	0.00318	0.00800	0.00592	0.00683	0.01159
77	0.02245	0.02245	0.03143	0.02694	0.02694	0.03143	0.02245	0.02470	0.01572	0.02470	0.01347	0.02245	0.01347	0.01796	0.03368	0.00449	0.62057	0.00898	0.00449	0.01123
78	0.06771	0.04259	0.39393	0.03294	0.13001	0.02406	0.03264	0.03464	0.08150	0.03473	0.02090	0.02382	0.01547	0.01010	0.00967	0.00324	0.01340	0.00816	0.00528	0.01520
79	0.03901	0.02874	0.03080	0.02361	0.03182	0.03182	0.01951	0.54111	0.04825	0.06468	0.02464	0.02464	0.01745	0.01232	0.01027	0.00308	0.01129	0.00924	0.01027	0.01745
80	0.01783	0.00891	0.01337	0.01337	0.01337	0.00891	0.00891	0.01337	0.01337	0.01783	0.01783	0.03119	0.01783	0.03565	0.04011	0.70143	0.00891	0.00891	0.00446	0.00446
81	0.01452	0.01049	0.01372	0.01291	0.01533	0.00968	0.00968	0.01937	0.02905	0.04115	0.56992	0.07666	0.09683	0.02098	0.01210	0.00323	0.00484	0.01856	0.01130	0.00968
82	0.01250	0.00893	0.01191	0.01429	0.01488	0.00834	0.00953	0.01429	0.01965	0.02620	0.05656	0.63265	0.06787	0.03215	0.01310	0.00417	0.00595	0.02917	0.00953	0.00834
83	0.15315	0.02723	0.02813	0.02190	0.02979	0.03033	0.01808	0.45444	0.04303	0.06151	0.02288	0.02329	0.01638	0.01185	0.00960	0.00310	0.01072	0.00861	0.00960	0.01638
84	0.01426	0.01048	0.01335	0.01263	0.01517	0.00957	0.00947	0.01885	0.02842	0.03965	0.51782	0.07913	0.14986	0.02154	0.01211	0.00325	0.00488	0.01891	0.01110	0.00957
85	0.04342	0.06024	0.02716	0.01930	0.02735	0.02012	0.01614	0.14833	0.03265	0.44148	0.03558	0.03165	0.02300	0.01237	0.01007	0.00309	0.00940	0.00979	0.01167	0.01719
86	0.02754	0.01371	0.01809	0.01558	0.02050	0.01223	0.01254	0.03201	0.02760	0.24693	0.23971	0.05952	0.05570	0.01731	0.01108	0.00323	0.00703	0.07119	0.05548	0.05300
87	0.02563	0.02366	0.03131	0.02630	0.02788	0.03151	0.02189	0.12380	0.02196	0.03237	0.01561	0.02287	0.01424	0.01688	0.02918	0.00422	0.50364	0.00903	0.00560	0.01242
88	0.02128	0.01824	0.02128	0.01520	0.02432	0.01368	0.01216	0.02584	0.02128	0.03344	0.01824	0.02128	0.01520	0.00760	0.00760	0.00152	0.00760	0.00608	0.00608	0.70208
89	0.24416	0.24642	0.03398	0.01848	0.02614	0.06523	0.01622	0.17156	0.02781	0.04216	0.01722	0.01890	0.01371	0.01009	0.00768	0.00277	0.01056	0.00661	0.00667	0.01363
90	0.71184	0.01985	0.01508	0.01350	0.01985	0.02302	0.01111	0.03017	0.01746	0.04604	0.01429	0.01667	0.01111	0.00953	0.00635	0.00318	0.00794	0.00556	0.00635	0.01111
91	0.03564	0.03319	0.07767	0.02356	0.03116	0.17173	0.01999	0.20665	0.13442	0.12103	0.02733	0.02685	0.01972	0.01200	0.01000	0.00307	0.01251	0.00902	0.00885	0.01561
92	0.04139	0.02110	0.02560	0.02004	0.02777	0.02097	0.01642	0.18202	0.10555	0.37115	0.03642	0.03263	0.02407	0.01276	0.01032	0.00319	0.00933	0.01020	0.01175	0.01730
93	0.01660	0.01023	0.01235	0.01259	0.01336	0.00989	0.00781	0.01740	0.01734	0.06424	0.03973	0.22295	0.04496	0.42201	0.03811	0.00782	0.00874	0.01856	0.00763	0.00766
94	0.03220	0.01428	0.01874	0.01542	0.02098	0.01259	0.01234	0.03639	0.02820	0.34029	0.19787	0.05210	0.08745	0.01604	0.01072	0.00315	0.00702	0.01350	0.06681	0.01391
95	0.03264	0.02558	0.02721	0.02232	0.02940	0.02885	0.01796	0.31122	0.28852	0.05440	0.03273	0.03109	0.02401	0.01308	0.01035	0.00327	0.00979	0.01036	0.01035	0.01688
96	0.48505	0.01930	0.01743	0.01482	0.02129	0.02123	0.01217	0.07355	0.02233	0.14208	0.02129	0.02227	0.01537	0.01050	0.00743	0.00310	0.00809	0.00701	0.06305	0.01262
97	0.23793	0.02437	0.02421	0.01934	0.02647	0.02721	0.01590	0.34239	0.03667	0.05675	0.02234	0.02348	0.01635	0.01145	0.00882	0.00305	0.00971	0.00817	0.07053	0.01486
98	0.04026	0.02674	0.02955	0.02266	0.03082	0.02884	0.01872	0.45369	0.04489	0.15685	0.02746	0.02647	0.01887	0.01239	0.01028	0.00310	0.01084	0.00943	0.01070	0.01745
99	0.02744	0.64552	0.05378	0.01756	0.02634	0.04061	0.01756	0.03073	0.02085	0.02414	0.01427	0.01646	0.01317	0.00878	0.00658	0.00219	0.01097	0.00549	0.00439	0.01317
100	0.08208	0.02225	0.02767	0.02480	0.08913	0.02235	0.01819	0.21510	0.03444	0.31071	0.03108	0.02922	0.02078	0.01198	0.01004	0.00313	0.00995	0.00953	0.01063	0.01694
101	0.02553	0.02257	0.03363	0.14575	0.30198	0.02430	0.02571	0.09099	0.11517	0.03757	0.02428	0.02854	0.01903	0.01066	0.01007	0.00315	0.01126	0.00959	0.04508	0.01516
102	0.01439	0.01048	0.01354	0.01277	0.01525	0.00963	0.00958	0.01911	0.02874	0.04042	0.54435	0.07787	0.12286	0.02125	0.01210	0.00324	0.00486	0.01873	0.01120	0.00963
103	0.02394	0.02268	0.03738	0.19403	0.40385	0.02410	0.02942	0.03223	0.06957	0.03257	0.02102	0.02701	0.01695	0.00984	0.01021	0.00318	0.01220	0.00935	0.00542	0.01507
104	0.01263	0.00903	0.01202	0.01420	0.01491	0.00842	0.00954	0.01461	0.02024	0.02714	0.08879	0.59774	0.06969	0.03145	0.01304	0.00411	0.00588	0.02851	0.00964	0.00842
105	0.01757	0.00901	0.01317	0.01317	0.01317	0.00901	0.00867	0.01351	0.01351	0.01801	0.01912	0.03441	0.01957	0.08971	0.04119	0.63951	0.00901	0.00945	0.00461	0.00461
106	0.02744	0.64552	0.05378	0.01756	0.02634	0.04061	0.01756	0.03073	0.02085	0.02414	0.01427	0.01646	0.01317	0.00878	0.00658	0.00219	0.01097	0.00549	0.00439	0.01317
107	0.01308	0.00966	0.01229	0.01365	0.01520	0.00887	0.00970	0.01578	0.02234	0.02961	0.16296	0.40311	0.15808	0.02873	0.01281	0.00390	0.00583	0.05582	0.00986	0.00872
108	0.13430	0.02794	0.03540	0.02702	0.03519	0.08810	0.15632	0.21561	0.03291	0.11338	0.02310	0.02490	0.01655	0.01079	0.01008	0.00316	0.01287	0.00932	0.00810	0.01496
109	0.03131	0.02312	0.02781	0.02281	0.02979	0.02519	0.05851	0.14927	0.33042	0.13050	0.03646	0.03419	0.02637	0.01299	0.01052	0.00335	0.00959	0.01097	0.01034	0.01648
110	0.01938	0.01824	0.03078	0.61468	0.07068	0.02280	0.02850	0.02622	0.02052	0.02622	0.01824	0.02736	0.01368	0.01026	0.01026	0.00342	0.01368	0.00912	0.00456	0.01140
111	0.03207	0.02255	0.02860	0.02316	0.03031	0.02403	0.07478	0.11982	0.30243	0.17065	0.03670	0.03439	0.02622	0.01282	0.01058	0.00335	0.00974	0.01103	0.01036	0.01643
112	0.01806	0.01022	0.01182	0.06354	0.01760	0.01053	0.00944	0.02252	0.02112	0.03521	0.03595	0.13551	0.03206	0.01514	0.00842	0.00278	0.00576	0.01277	0.52202	0.00952
