[name]
unknown

[dist]
# distance from previous block
# <min> <max>
0	84

[block]
# block no. 0 follows, 11 sequences, length 6
# corresponding to MSA columns:
# 84-89
name=unknown_A
#
# <colnr> <probs for GDERKNQSTAVLIFYWHMCP>
#	G	D	E	R	K	N	Q	S	T	A	V	L	I	F	Y	W	H	M	C	P
0	0.44494	0.01833	0.01652	0.01566	0.02107	0.02040	0.01288	0.02919	0.02272	0.04667	0.12143	0.04899	0.03899	0.01629	0.00960	0.00378	0.00833	0.08405	0.00857	0.01158
1	0.03542	0.01732	0.02447	0.08470	0.07902	0.01652	0.01762	0.04027	0.02769	0.28454	0.03983	0.09696	0.03063	0.01538	0.01096	0.00345	0.00939	0.01310	0.13716	0.01555
2	0.12655	0.01192	0.01315	0.01453	0.01661	0.01208	0.01024	0.02059	0.02155	0.03489	0.04946	0.39424	0.05533	0.02688	0.01189	0.00402	0.00665	0.02356	0.13595	0.00991
3	0.08302	0.02769	0.14390	0.03386	0.14312	0.02047	0.06984	0.02895	0.02519	0.03794	0.12514	0.13654	0.04330	0.01706	0.01183	0.00370	0.01146	0.01542	0.00769	0.01388
4	0.12825	0.01450	0.01716	0.05375	0.02189	0.01621	0.01288	0.02245	0.02113	0.03407	0.08305	0.21267	0.04651	0.11131	0.02115	0.00504	0.07093	0.01801	0.07889	0.01015
5	0.18499	0.02754	0.08401	0.02296	0.03037	0.07199	0.06869	0.03743	0.10104	0.07314	0.14328	0.04059	0.03947	0.01436	0.01078	0.00354	0.01106	0.01188	0.00885	0.01400

[dist]
# distance from previous block
# <min> <max>
7	30

[block]
# block no. 1 follows, 11 sequences, length 60
# corresponding to MSA columns:
# 121-180
name=unknown_B
#
# <colnr> <probs for GDERKNQSTAVLIFYWHMCP>
#	G	D	E	R	K	N	Q	S	T	A	V	L	I	F	Y	W	H	M	C	P
0	0.45250	0.02048	0.02037	0.09969	0.03017	0.02433	0.01598	0.03001	0.01973	0.04276	0.02124	0.08309	0.01957	0.01410	0.01116	0.00377	0.06246	0.00982	0.00686	0.01192
1	0.25328	0.01967	0.02255	0.02410	0.09358	0.02098	0.01626	0.07045	0.02456	0.04284	0.06618	0.08343	0.02996	0.02605	0.10088	0.00583	0.01274	0.01158	0.00774	0.06736
2	0.01898	0.06387	0.01931	0.01549	0.01880	0.01598	0.01205	0.02564	0.06871	0.03504	0.14816	0.05755	0.08708	0.07873	0.16529	0.00787	0.01348	0.01443	0.12247	0.01106
3	0.02537	0.04084	0.26333	0.04948	0.24354	0.02679	0.11771	0.03528	0.02499	0.03616	0.02103	0.02654	0.01617	0.01022	0.01132	0.00352	0.01575	0.00987	0.00524	0.01685
4	0.02608	0.02800	0.10793	0.02120	0.02786	0.09306	0.01898	0.03635	0.11256	0.09255	0.16544	0.09222	0.09409	0.01845	0.01197	0.00360	0.01048	0.01539	0.00989	0.01391
5	0.02461	0.01903	0.07519	0.01893	0.02430	0.01490	0.01637	0.03190	0.07143	0.14487	0.12775	0.20320	0.09477	0.02338	0.01290	0.00399	0.00859	0.05965	0.01097	0.01327
6	0.03335	0.02640	0.10291	0.02320	0.03085	0.02293	0.02098	0.04745	0.17967	0.21101	0.08269	0.04005	0.03369	0.01533	0.01421	0.00376	0.07201	0.01199	0.01068	0.01684
7	0.02452	0.02490	0.07400	0.38589	0.06287	0.02653	0.02885	0.07788	0.11073	0.03639	0.02515	0.03130	0.01868	0.01211	0.01124	0.00371	0.01384	0.01035	0.00668	0.01437
8	0.51534	0.02107	0.01909	0.01619	0.02362	0.02293	0.01335	0.03888	0.02263	0.18133	0.02332	0.02361	0.01636	0.01137	0.00812	0.00348	0.00894	0.00749	0.00882	0.01404
9	0.02933	0.13689	0.03087	0.02255	0.07150	0.02326	0.01682	0.03780	0.09291	0.11987	0.03022	0.03223	0.02339	0.01717	0.05124	0.00397	0.01101	0.00946	0.10936	0.13016
10	0.03708	0.01911	0.02173	0.01836	0.02427	0.06422	0.01463	0.04144	0.02778	0.29258	0.03772	0.03852	0.02691	0.02585	0.10627	0.00579	0.01317	0.01089	0.15861	0.01506
11	0.02067	0.01208	0.01483	0.01457	0.01786	0.01079	0.01074	0.02403	0.02603	0.11775	0.13557	0.25228	0.18800	0.02620	0.01283	0.00386	0.00653	0.02279	0.07135	0.01123
12	0.01371	0.00979	0.01306	0.01567	0.01632	0.00914	0.01045	0.01567	0.02155	0.02873	0.06203	0.59710	0.07444	0.03526	0.01437	0.00457	0.00653	0.03200	0.01045	0.00914
13	0.68395	0.02177	0.01654	0.01480	0.02177	0.02525	0.01219	0.03309	0.01915	0.05050	0.01567	0.01828	0.01219	0.01045	0.00697	0.00348	0.00871	0.00609	0.00697	0.01219
14	0.01688	0.01285	0.01733	0.01681	0.01885	0.01446	0.01292	0.02052	0.02065	0.02953	0.08691	0.05695	0.10491	0.09681	0.30489	0.01179	0.07153	0.01443	0.06095	0.01003
15	0.08002	0.01532	0.01972	0.06385	0.02579	0.01468	0.01408	0.03235	0.02958	0.19033	0.26229	0.06280	0.10620	0.01880	0.01202	0.00356	0.00771	0.01595	0.01160	0.01334
16	0.03150	0.01597	0.02240	0.09514	0.03039	0.01517	0.01604	0.03671	0.03071	0.25606	0.24986	0.05691	0.05988	0.01748	0.01215	0.00354	0.00849	0.01504	0.01202	0.01454
17	0.02165	0.01370	0.01668	0.01571	0.01911	0.01330	0.01155	0.02779	0.07769	0.10866	0.14128	0.14357	0.14284	0.12276	0.06679	0.00619	0.00960	0.01908	0.01045	0.01159
18	0.61241	0.02158	0.01840	0.07553	0.02779	0.02522	0.01425	0.03262	0.01952	0.04815	0.01614	0.01955	0.01249	0.01053	0.00743	0.00351	0.00939	0.00652	0.00675	0.01222
19	0.03038	0.30547	0.04395	0.02146	0.03013	0.07960	0.06087	0.03492	0.02490	0.06998	0.02160	0.02434	0.01761	0.01030	0.00860	0.00257	0.01194	0.00779	0.07744	0.11616
20	0.02613	0.01712	0.02532	0.02101	0.02602	0.01682	0.07967	0.03451	0.10817	0.12076	0.16910	0.04993	0.04752	0.02035	0.01758	0.12041	0.00929	0.01396	0.06349	0.01284
21	0.15319	0.01785	0.02189	0.01776	0.02476	0.01670	0.01442	0.04329	0.02985	0.34148	0.15106	0.04537	0.04320	0.01542	0.01101	0.00350	0.00844	0.01249	0.01236	0.01597
22	0.19668	0.01572	0.01794	0.01678	0.02150	0.01553	0.01275	0.03209	0.02419	0.19090	0.04478	0.27831	0.04428	0.02240	0.01154	0.00396	0.00802	0.01905	0.01062	0.01298
23	0.02275	0.01255	0.01686	0.01665	0.01975	0.01146	0.01245	0.02636	0.02689	0.14660	0.17743	0.30460	0.07153	0.02708	0.01351	0.00412	0.00720	0.05868	0.01171	0.01183
24	0.01371	0.00979	0.01306	0.01567	0.01632	0.00914	0.01045	0.01567	0.02155	0.02873	0.06203	0.59710	0.07444	0.03526	0.01437	0.00457	0.00653	0.03200	0.01045	0.00914
25	0.01427	0.01088	0.01312	0.01375	0.01610	0.00973	0.00986	0.01758	0.02618	0.03445	0.22603	0.27067	0.23840	0.02913	0.01366	0.00399	0.00587	0.02555	0.01106	0.00973
26	0.05050	0.01915	0.02612	0.02003	0.02873	0.01654	0.01654	0.05485	0.03221	0.54203	0.04440	0.03831	0.02786	0.01393	0.01132	0.00348	0.00958	0.01132	0.01393	0.01915
27	0.02534	0.03290	0.16862	0.13093	0.12459	0.02677	0.02922	0.04381	0.21772	0.03913	0.03045	0.03274	0.02292	0.01250	0.01117	0.00366	0.01276	0.01064	0.00758	0.01656
28	0.02462	0.02296	0.03742	0.23229	0.29528	0.02488	0.03005	0.03348	0.06429	0.03561	0.06611	0.03452	0.02576	0.01197	0.01139	0.00354	0.01287	0.01112	0.00643	0.01541
29	0.01944	0.01501	0.01753	0.01632	0.01957	0.01562	0.01201	0.03138	0.16649	0.04162	0.30473	0.07026	0.07433	0.12239	0.02044	0.00491	0.00731	0.01748	0.01115	0.01201
30	0.02260	0.02206	0.03940	0.45707	0.11669	0.02565	0.09593	0.03030	0.02336	0.03051	0.02050	0.02986	0.01555	0.01089	0.01153	0.00372	0.01541	0.01046	0.00515	0.01336
31	0.02004	0.02662	0.15592	0.02686	0.09794	0.01815	0.02228	0.02946	0.06757	0.04035	0.25043	0.05957	0.10308	0.01792	0.01217	0.00357	0.00966	0.01552	0.00923	0.01365
32	0.04265	0.02439	0.03317	0.03416	0.15991	0.02404	0.02244	0.16712	0.03603	0.28731	0.03383	0.03263	0.02297	0.01282	0.01126	0.00342	0.01130	0.01067	0.01108	0.01881
33	0.11156	0.01795	0.02307	0.01908	0.02626	0.01650	0.01581	0.04537	0.02990	0.37773	0.08279	0.05222	0.03769	0.01668	0.01160	0.00372	0.00925	0.07378	0.01256	0.01648
34	0.01940	0.01603	0.01976	0.09445	0.02829	0.01703	0.01503	0.03161	0.15724	0.04075	0.25595	0.06970	0.14972	0.02030	0.01252	0.00369	0.00768	0.01749	0.01077	0.01259
35	0.01371	0.00979	0.01306	0.01567	0.01632	0.00914	0.01045	0.01567	0.02155	0.02873	0.06203	0.59710	0.07444	0.03526	0.01437	0.00457	0.00653	0.03200	0.01045	0.00914
36	0.02334	0.02001	0.02334	0.01667	0.02667	0.01500	0.01334	0.02834	0.02334	0.03668	0.02001	0.02334	0.01667	0.00834	0.00834	0.00167	0.00834	0.00667	0.00667	0.67325
37	0.37290	0.02801	0.02191	0.01973	0.02631	0.11838	0.01556	0.04329	0.17228	0.04549	0.02516	0.02586	0.01935	0.01212	0.00888	0.00348	0.01077	0.00832	0.00813	0.01405
38	0.51200	0.02752	0.02003	0.01801	0.02472	0.11821	0.01437	0.03761	0.06701	0.04620	0.01875	0.02082	0.01464	0.01109	0.00793	0.00341	0.01074	0.00691	0.00718	0.01286
39	0.02525	0.12653	0.10982	0.02820	0.03211	0.03498	0.02610	0.02938	0.01908	0.02818	0.01567	0.02342	0.01465	0.01678	0.02836	0.00432	0.41005	0.00900	0.00488	0.01327
40	0.02683	0.12173	0.29650	0.02600	0.03800	0.02653	0.02942	0.03972	0.09798	0.09159	0.07229	0.03274	0.02711	0.01270	0.01063	0.00343	0.01305	0.01007	0.00744	0.01623
41	0.01586	0.01143	0.01507	0.01482	0.01726	0.01064	0.01117	0.02080	0.03029	0.04249	0.44226	0.14272	0.09962	0.02495	0.01357	0.00378	0.00583	0.05499	0.01203	0.01044
42	0.02017	0.01656	0.02430	0.03124	0.15632	0.01707	0.01884	0.02653	0.06424	0.03194	0.04093	0.16265	0.04277	0.11271	0.10034	0.00717	0.01332	0.09261	0.00806	0.01221
43	0.03151	0.02455	0.03426	0.10406	0.04132	0.02659	0.09865	0.09077	0.25107	0.11829	0.03647	0.03648	0.02644	0.01339	0.01169	0.00371	0.01184	0.01199	0.00995	0.01696
44	0.01532	0.01131	0.01432	0.01394	0.01654	0.01030	0.01031	0.01993	0.02988	0.04131	0.42025	0.14283	0.16177	0.02510	0.01340	0.00369	0.00550	0.02209	0.01191	0.01030
45	0.02630	0.02269	0.02945	0.07453	0.07437	0.02524	0.06242	0.04827	0.31982	0.04297	0.03825	0.03877	0.02903	0.01368	0.01108	0.00361	0.01020	0.01202	0.10122	0.01610
46	0.02401	0.13047	0.33804	0.03501	0.12769	0.02756	0.03422	0.03385	0.02469	0.03535	0.06601	0.02913	0.02329	0.01154	0.01049	0.00335	0.01435	0.00937	0.00560	0.01597
47	0.04084	0.02776	0.03061	0.02422	0.03259	0.03020	0.01976	0.32345	0.15157	0.14706	0.03419	0.03229	0.02402	0.01397	0.01131	0.00349	0.01113	0.01091	0.01176	0.01885
48	0.08873	0.02435	0.04079	0.08921	0.15628	0.02488	0.13491	0.03893	0.02598	0.16973	0.02652	0.03029	0.01928	0.01197	0.01373	0.00368	0.06607	0.01078	0.00782	0.01608
49	0.01955	0.00978	0.01466	0.01466	0.01466	0.00978	0.00978	0.01466	0.01466	0.01955	0.01955	0.03421	0.01955	0.03910	0.04399	0.67253	0.00978	0.00978	0.00489	0.00489
50	0.02018	0.01492	0.01886	0.01789	0.02023	0.01617	0.01344	0.02545	0.06547	0.07137	0.13126	0.20878	0.12258	0.07818	0.02140	0.00479	0.10746	0.02047	0.00982	0.01127
51	0.02170	0.01986	0.03247	0.27391	0.20571	0.02180	0.02741	0.02784	0.02387	0.03177	0.03470	0.10358	0.06322	0.01622	0.01203	0.00382	0.01255	0.04754	0.00657	0.01343
52	0.02043	0.01380	0.01622	0.01561	0.01941	0.01331	0.01201	0.02832	0.09510	0.08393	0.17628	0.13609	0.18835	0.02377	0.01272	0.00382	0.00686	0.05728	0.06475	0.01191
53	0.03256	0.02129	0.02519	0.01915	0.02823	0.01881	0.01544	0.07716	0.09635	0.17142	0.03047	0.03010	0.02222	0.01116	0.00977	0.00257	0.00906	0.00899	0.00958	0.36048
54	0.01776	0.01282	0.01595	0.01710	0.01891	0.01273	0.01197	0.08269	0.02592	0.03461	0.05716	0.51768	0.06674	0.03223	0.01393	0.00440	0.00735	0.02895	0.01056	0.01053
55	0.02361	0.02264	0.03977	0.21690	0.05299	0.02375	0.17859	0.07886	0.02750	0.03596	0.03824	0.08747	0.09274	0.01529	0.01247	0.00380	0.01404	0.01483	0.00711	0.01341
56	0.03307	0.03683	0.03077	0.02613	0.03234	0.28285	0.06929	0.09973	0.03316	0.03661	0.08277	0.04351	0.11379	0.01563	0.01148	0.00328	0.01514	0.01238	0.00796	0.01329
57	0.03657	0.03640	0.15223	0.02472	0.03508	0.11595	0.02357	0.10550	0.03149	0.17792	0.02725	0.02752	0.01912	0.01172	0.01044	0.00307	0.01332	0.00892	0.00869	0.13053
58	0.10130	0.01656	0.01957	0.01635	0.02275	0.01483	0.01283	0.03480	0.02547	0.19994	0.03749	0.13093	0.03189	0.01586	0.01012	0.00311	0.00795	0.01316	0.11913	0.16596
59	0.03323	0.02333	0.07277	0.07145	0.03319	0.01990	0.01934	0.11749	0.03314	0.20036	0.14308	0.04292	0.04032	0.01475	0.01136	0.00331	0.01011	0.01225	0.01068	0.08701

[dist]
# distance from previous block
# <min> <max>
4	56

[block]
# block no. 2 follows, 11 sequences, length 34
# corresponding to MSA columns:
# 237-270
name=unknown_C
#
# <colnr> <probs for GDERKNQSTAVLIFYWHMCP>
#	G	D	E	R	K	N	Q	S	T	A	V	L	I	F	Y	W	H	M	C	P
0	0.08143	0.09338	0.30350	0.02973	0.04287	0.02639	0.09801	0.03859	0.02516	0.12213	0.02392	0.02624	0.01683	0.01096	0.01057	0.00348	0.01473	0.00916	0.00663	0.01630
1	0.02277	0.14060	0.34528	0.02814	0.04125	0.02689	0.07060	0.03244	0.02413	0.03337	0.03371	0.03603	0.09170	0.01308	0.01072	0.00343	0.01443	0.01066	0.00569	0.01508
2	0.08235	0.06837	0.07486	0.23730	0.12215	0.02526	0.06591	0.03303	0.02469	0.07683	0.06239	0.03237	0.02361	0.01186	0.01086	0.00352	0.01323	0.01046	0.00661	0.01433
3	0.03128	0.08257	0.19161	0.07696	0.11361	0.02361	0.02789	0.03894	0.02698	0.17964	0.07160	0.03387	0.02685	0.01256	0.01091	0.00342	0.01261	0.01043	0.00819	0.01647
4	0.18275	0.03136	0.02379	0.02159	0.02538	0.22227	0.01620	0.03247	0.02294	0.03140	0.02113	0.03378	0.02060	0.16062	0.02504	0.00533	0.09633	0.00963	0.00620	0.01119
5	0.02082	0.01186	0.01536	0.01474	0.01753	0.01075	0.01075	0.02230	0.02442	0.10402	0.15589	0.15772	0.16660	0.02908	0.02086	0.17092	0.00734	0.01918	0.00996	0.00990
6	0.02620	0.03153	0.16091	0.24948	0.06049	0.02524	0.15320	0.03517	0.02494	0.08923	0.02348	0.02957	0.01680	0.01096	0.01166	0.00369	0.01582	0.01062	0.00612	0.01491
7	0.03704	0.02303	0.02989	0.10911	0.07891	0.02417	0.02120	0.17038	0.07650	0.20522	0.03554	0.08029	0.02712	0.01499	0.01154	0.00360	0.01118	0.01254	0.01064	0.01709
8	0.01458	0.01042	0.01406	0.01667	0.01770	0.00989	0.01196	0.01718	0.02241	0.02971	0.06155	0.50455	0.07254	0.03444	0.01460	0.00469	0.00728	0.11595	0.01043	0.00938
9	0.02189	0.01858	0.02937	0.02480	0.03008	0.01871	0.13329	0.03310	0.12483	0.03862	0.08314	0.13794	0.04547	0.01937	0.01248	0.00390	0.01036	0.08014	0.12099	0.01294
10	0.02940	0.17424	0.19040	0.03076	0.04240	0.03116	0.14382	0.07326	0.06793	0.07509	0.02422	0.02691	0.01807	0.01098	0.01067	0.00335	0.01464	0.00974	0.00673	0.01623
11	0.01983	0.01192	0.01396	0.01321	0.01475	0.01138	0.00838	0.02103	0.02029	0.08230	0.08513	0.07382	0.09019	0.43677	0.04442	0.00881	0.00981	0.01683	0.00841	0.00876
12	0.02832	0.02347	0.02587	0.02049	0.02901	0.02307	0.01632	0.11916	0.20536	0.04624	0.03051	0.03069	0.02347	0.01172	0.00996	0.00273	0.00923	0.00944	0.00917	0.32578
13	0.01487	0.01082	0.01310	0.01442	0.01655	0.00991	0.01055	0.01801	0.02431	0.03230	0.11604	0.31094	0.20611	0.02993	0.01356	0.00416	0.00650	0.07412	0.06415	0.00962
14	0.03138	0.46757	0.09957	0.02206	0.03170	0.12820	0.02174	0.03575	0.02445	0.02751	0.01636	0.01896	0.01444	0.01005	0.00803	0.00260	0.01383	0.00644	0.00497	0.01442
15	0.44686	0.03354	0.02221	0.02004	0.02658	0.22248	0.01572	0.03747	0.02386	0.04202	0.01631	0.01903	0.01304	0.01087	0.00814	0.00327	0.01299	0.00652	0.00653	0.01251
16	0.03390	0.01676	0.02147	0.01900	0.02451	0.01591	0.01464	0.04208	0.11023	0.27975	0.05077	0.23305	0.04514	0.02157	0.01240	0.00392	0.00841	0.01874	0.01230	0.01545
17	0.02289	0.02207	0.03114	0.02722	0.02763	0.03032	0.02248	0.02566	0.01741	0.02689	0.01790	0.02861	0.01749	0.03287	0.14335	0.00760	0.47117	0.01030	0.00515	0.01185
18	0.01626	0.01133	0.01437	0.01437	0.01510	0.01205	0.00944	0.01771	0.01699	0.02338	0.03355	0.06303	0.03631	0.41681	0.23862	0.01350	0.01785	0.01481	0.00653	0.00799
19	0.01580	0.01143	0.01589	0.01628	0.01759	0.01255	0.01172	0.01851	0.01818	0.02545	0.03625	0.13433	0.03825	0.20651	0.35306	0.01428	0.02182	0.01612	0.00689	0.00911
20	0.02412	0.01352	0.01384	0.01271	0.01625	0.01400	0.00981	0.09392	0.02782	0.04613	0.03532	0.03981	0.02745	0.01317	0.00836	0.00273	0.00627	0.01044	0.57259	0.01174
21	0.02350	0.13085	0.34166	0.07653	0.04386	0.02810	0.03328	0.03229	0.02222	0.03162	0.01900	0.02441	0.01484	0.01370	0.01516	0.05972	0.06149	0.00837	0.00481	0.01460
22	0.02800	0.02418	0.02545	0.02291	0.02927	0.02800	0.01782	0.05981	0.51390	0.04708	0.04581	0.04199	0.03436	0.01527	0.01145	0.00382	0.00891	0.01273	0.01145	0.01782
23	0.02428	0.01271	0.01592	0.01500	0.01733	0.01191	0.01009	0.02582	0.02153	0.15341	0.04389	0.18684	0.04547	0.32422	0.03580	0.00758	0.00956	0.01875	0.00944	0.01044
24	0.03009	0.61122	0.05898	0.01926	0.02889	0.04454	0.01926	0.03370	0.02287	0.02648	0.01565	0.01805	0.01444	0.00963	0.00722	0.00241	0.01204	0.00602	0.00481	0.01444
25	0.01843	0.01193	0.01467	0.01428	0.01752	0.01059	0.01059	0.02210	0.02759	0.09188	0.23761	0.20356	0.22391	0.02653	0.01332	0.00385	0.00618	0.02308	0.01151	0.01088
26	0.03323	0.02666	0.03014	0.10394	0.03857	0.03046	0.02125	0.23863	0.24981	0.05445	0.03422	0.03399	0.02519	0.01395	0.01134	0.00362	0.01124	0.01125	0.01044	0.01761
27	0.02221	0.02097	0.03547	0.50426	0.14323	0.02526	0.03173	0.02959	0.02295	0.02991	0.02017	0.02970	0.01541	0.01108	0.01124	0.00369	0.01477	0.01001	0.00508	0.01327
28	0.03095	0.02263	0.02612	0.01922	0.02885	0.01988	0.01560	0.14201	0.03132	0.10085	0.02437	0.02587	0.01850	0.01018	0.00936	0.00227	0.00943	0.00800	0.00856	0.44603
29	0.01599	0.01075	0.01239	0.01276	0.01286	0.01066	0.00734	0.01627	0.01711	0.02282	0.03929	0.14897	0.04574	0.52255	0.05111	0.01000	0.01028	0.01862	0.00734	0.00715
30	0.03738	0.01957	0.02478	0.01841	0.02774	0.01580	0.01499	0.04205	0.02793	0.29796	0.03262	0.03108	0.02246	0.01123	0.00988	0.00261	0.00898	0.00907	0.01042	0.33506
31	0.03076	0.02385	0.02816	0.02336	0.02805	0.02783	0.01871	0.25117	0.03449	0.04734	0.02627	0.03616	0.02291	0.11182	0.11618	0.00727	0.13148	0.01130	0.00844	0.01444
32	0.14165	0.07045	0.07209	0.10022	0.03535	0.02333	0.02005	0.07347	0.02599	0.14110	0.02601	0.02953	0.01949	0.02238	0.09207	0.00547	0.01422	0.00918	0.00793	0.07001
33	0.07953	0.10804	0.03342	0.24804	0.08711	0.07371	0.02356	0.03430	0.06896	0.03390	0.02313	0.02874	0.01820	0.01146	0.00986	0.00331	0.01275	0.00918	0.07929	0.01350

[dist]
# distance from previous block
# <min> <max>
1	14

[block]
# block no. 3 follows, 11 sequences, length 24
# corresponding to MSA columns:
# 285-308
name=unknown_D
#
# <colnr> <probs for GDERKNQSTAVLIFYWHMCP>
#	G	D	E	R	K	N	Q	S	T	A	V	L	I	F	Y	W	H	M	C	P
0	0.07935	0.02204	0.09901	0.01789	0.02523	0.01556	0.01641	0.02783	0.02612	0.07675	0.17341	0.09390	0.09112	0.01726	0.01108	0.00319	0.00852	0.01451	0.00916	0.17165
1	0.03032	0.03473	0.15942	0.12008	0.12771	0.08259	0.06602	0.03795	0.02634	0.11642	0.02415	0.02788	0.01764	0.01100	0.01090	0.00332	0.01457	0.00948	0.00678	0.07270
2	0.02857	0.17168	0.20808	0.03199	0.08359	0.07279	0.08001	0.07576	0.02720	0.03626	0.01990	0.02353	0.01558	0.01038	0.01004	0.00308	0.01477	0.00843	0.00576	0.07263
3	0.02322	0.02587	0.10355	0.01904	0.03006	0.01671	0.01767	0.02946	0.02340	0.03652	0.02003	0.02340	0.01630	0.00870	0.00870	0.00196	0.00961	0.00692	0.00637	0.57251
4	0.03713	0.23045	0.11923	0.02323	0.03355	0.03263	0.02265	0.16668	0.03345	0.15848	0.02609	0.02605	0.01879	0.01185	0.00981	0.00310	0.01227	0.00872	0.00868	0.01716
5	0.08512	0.01904	0.02391	0.11124	0.03284	0.01931	0.01674	0.09902	0.02568	0.07732	0.02252	0.02877	0.01806	0.01874	0.01923	0.18780	0.01060	0.00893	0.00721	0.16794
6	0.02382	0.14983	0.46542	0.02996	0.04543	0.02919	0.03789	0.03532	0.02361	0.03413	0.01944	0.02282	0.01429	0.01052	0.01012	0.00337	0.01587	0.00794	0.00476	0.01627
7	0.01794	0.01035	0.01346	0.01346	0.01346	0.01035	0.00828	0.01552	0.01552	0.02070	0.02760	0.05415	0.03035	0.32493	0.05071	0.33802	0.01035	0.01311	0.00586	0.00586
8	0.01593	0.01150	0.01504	0.01416	0.01681	0.01062	0.01062	0.02124	0.03186	0.04513	0.52830	0.08407	0.10620	0.02301	0.01327	0.00354	0.00531	0.02035	0.01239	0.01062
9	0.01955	0.00978	0.01466	0.01466	0.01466	0.00978	0.00978	0.01466	0.01466	0.01955	0.01955	0.03421	0.01955	0.03910	0.04399	0.67253	0.00978	0.00978	0.00489	0.00489
10	0.04204	0.05364	0.03190	0.02900	0.03480	0.55926	0.02175	0.04494	0.03190	0.02755	0.01740	0.02030	0.01450	0.01160	0.01015	0.00290	0.02030	0.00725	0.00580	0.01305
11	0.03230	0.03079	0.15545	0.21949	0.05163	0.02467	0.02850	0.10935	0.02997	0.16687	0.02731	0.03014	0.01872	0.01214	0.01114	0.00358	0.01362	0.00995	0.00817	0.01621
12	0.02818	0.01485	0.01961	0.01736	0.02020	0.01501	0.01275	0.10130	0.02374	0.10829	0.02461	0.03364	0.02076	0.03097	0.03351	0.45818	0.01018	0.01007	0.00734	0.00946
13	0.01438	0.01057	0.01365	0.01585	0.01731	0.00983	0.01143	0.01701	0.02290	0.02981	0.06961	0.44422	0.14269	0.03353	0.01440	0.00455	0.00704	0.10139	0.01043	0.00940
14	0.04327	0.02363	0.02999	0.10823	0.03844	0.02430	0.02052	0.20592	0.03798	0.29733	0.03453	0.03306	0.02281	0.01337	0.01129	0.00349	0.01140	0.01070	0.01161	0.01812
15	0.03577	0.02776	0.08312	0.03791	0.15687	0.02455	0.09731	0.08476	0.08403	0.20242	0.03200	0.03272	0.02255	0.01214	0.01153	0.00353	0.01273	0.01110	0.00934	0.01785
16	0.02790	0.02120	0.02474	0.01799	0.02777	0.01734	0.01451	0.08242	0.02740	0.08544	0.02295	0.02508	0.01794	0.00940	0.00892	0.00202	0.00889	0.00746	0.00782	0.54281
17	0.01499	0.01013	0.01328	0.01487	0.01551	0.00963	0.00979	0.01616	0.02084	0.02801	0.09390	0.40317	0.06562	0.12890	0.02465	0.07929	0.00751	0.02593	0.00940	0.00842
18	0.02471	0.02231	0.03284	0.35505	0.05913	0.06840	0.06655	0.03117	0.02507	0.06906	0.06546	0.07664	0.02782	0.01406	0.01173	0.00371	0.01399	0.01262	0.00680	0.01288
19	0.03428	0.17430	0.11741	0.11457	0.04149	0.11805	0.02486	0.08971	0.02932	0.11941	0.02341	0.02563	0.01727	0.01153	0.01003	0.00317	0.01423	0.00857	0.00723	0.01554
20	0.01915	0.01334	0.01623	0.01650	0.01937	0.01311	0.01195	0.02688	0.10657	0.07296	0.13529	0.32987	0.11940	0.02770	0.01337	0.00412	0.00688	0.02453	0.01118	0.01161
21	0.52396	0.01896	0.01549	0.01456	0.02019	0.02151	0.01155	0.02982	0.01991	0.04642	0.02460	0.10913	0.02318	0.01448	0.00818	0.00358	0.00807	0.01045	0.06440	0.01158
22	0.01493	0.01777	0.09428	0.01673	0.02091	0.01187	0.01458	0.01890	0.02329	0.03036	0.07334	0.34247	0.22043	0.02919	0.01344	0.00415	0.00780	0.02555	0.00958	0.01041
23	0.02429	0.21165	0.09163	0.01942	0.02880	0.02551	0.01846	0.02958	0.02242	0.03168	0.02020	0.02493	0.01747	0.02077	0.09348	0.00465	0.01380	0.00748	0.00577	0.28802

[dist]
# distance from previous block
# <min> <max>
0	3

[block]
# block no. 4 follows, 11 sequences, length 18
# corresponding to MSA columns:
# 312-329
name=unknown_E
#
# <colnr> <probs for GDERKNQSTAVLIFYWHMCP>
#	G	D	E	R	K	N	Q	S	T	A	V	L	I	F	Y	W	H	M	C	P
0	0.24092	0.08882	0.08479	0.14009	0.03911	0.02963	0.02315	0.03102	0.02027	0.03597	0.01684	0.02289	0.01388	0.01285	0.01571	0.00379	0.15361	0.00808	0.00558	0.01299
1	0.02492	0.01714	0.02656	0.08077	0.03168	0.01795	0.06650	0.02953	0.02478	0.13338	0.09372	0.12653	0.08268	0.02946	0.09599	0.00604	0.07423	0.01632	0.00903	0.01279
2	0.02024	0.01064	0.01116	0.01103	0.01366	0.01051	0.00827	0.02549	0.02482	0.04243	0.10924	0.04817	0.04026	0.01457	0.00867	0.00276	0.00525	0.01195	0.57036	0.01051
3	0.02334	0.02001	0.02334	0.01667	0.02667	0.01500	0.01334	0.02834	0.02334	0.03668	0.02001	0.02334	0.01667	0.00834	0.00834	0.00167	0.00834	0.00667	0.00667	0.67325
4	0.03058	0.01953	0.02332	0.01879	0.02593	0.01843	0.01496	0.08697	0.10950	0.16190	0.15949	0.04562	0.04509	0.01502	0.01109	0.00309	0.00837	0.01256	0.01106	0.17869
5	0.01437	0.01026	0.01381	0.01642	0.01736	0.00970	0.01158	0.01680	0.02219	0.02946	0.06167	0.52774	0.07302	0.03465	0.01454	0.00466	0.00710	0.09492	0.01044	0.00932
6	0.01401	0.01043	0.01314	0.01517	0.01669	0.00955	0.01070	0.01645	0.02284	0.02953	0.07331	0.44808	0.17417	0.03341	0.01423	0.00445	0.00668	0.06740	0.01044	0.00933
7	0.02657	0.03036	0.06641	0.04744	0.05882	0.02846	0.49336	0.03605	0.02657	0.03605	0.02277	0.03036	0.01708	0.00949	0.01328	0.00380	0.01898	0.01328	0.00569	0.01518
8	0.68395	0.02177	0.01654	0.01480	0.02177	0.02525	0.01219	0.03309	0.01915	0.05050	0.01567	0.01828	0.01219	0.01045	0.00697	0.00348	0.00871	0.00609	0.00697	0.01219
9	0.02587	0.01310	0.01774	0.01759	0.02100	0.01189	0.01319	0.02893	0.02540	0.19239	0.05617	0.37010	0.05862	0.02804	0.01352	0.00429	0.00790	0.07024	0.01155	0.01245
10	0.02980	0.01433	0.01892	0.01628	0.02116	0.01321	0.01284	0.03460	0.02937	0.23152	0.22202	0.05649	0.05721	0.02460	0.06920	0.00492	0.00953	0.01464	0.10556	0.01378
11	0.02257	0.05822	0.54613	0.03208	0.04871	0.02614	0.04158	0.03564	0.02376	0.03564	0.02020	0.02376	0.01426	0.01069	0.01069	0.00356	0.01663	0.00832	0.00475	0.01663
12	0.03000	0.01944	0.02273	0.01909	0.02365	0.02156	0.01540	0.15535	0.03224	0.10025	0.08354	0.03924	0.03208	0.01541	0.01439	0.00338	0.10059	0.01142	0.24621	0.01403
13	0.02810	0.02367	0.03376	0.40212	0.06398	0.02815	0.02812	0.17748	0.03217	0.04216	0.02224	0.02906	0.01632	0.01197	0.01125	0.00363	0.01417	0.01004	0.00699	0.01461
14	0.02848	0.03100	0.18671	0.02494	0.03477	0.02012	0.05806	0.03843	0.07699	0.15382	0.03602	0.12984	0.03053	0.01589	0.01150	0.00357	0.01171	0.01382	0.00886	0.08493
15	0.01618	0.01380	0.02078	0.01990	0.02210	0.01394	0.06320	0.01913	0.02223	0.02959	0.06050	0.40379	0.12916	0.02986	0.01649	0.00441	0.06898	0.02643	0.00936	0.01018
16	0.02731	0.06476	0.06665	0.06743	0.07706	0.02043	0.07002	0.03419	0.05571	0.14014	0.04353	0.17936	0.06755	0.01879	0.01207	0.00377	0.01092	0.01684	0.00911	0.01437
17	0.09504	0.33442	0.04052	0.01873	0.02508	0.03265	0.01686	0.02918	0.02307	0.03208	0.09614	0.09029	0.03418	0.01548	0.01197	0.00318	0.07017	0.01132	0.00677	0.01285

[dist]
# distance from previous block
# <min> <max>
0	4

[block]
# block no. 5 follows, 11 sequences, length 51
# corresponding to MSA columns:
# 367-417
name=unknown_F
#
# <colnr> <probs for GDERKNQSTAVLIFYWHMCP>
#	G	D	E	R	K	N	Q	S	T	A	V	L	I	F	Y	W	H	M	C	P
0	0.20074	0.01870	0.02009	0.01660	0.02260	0.01862	0.01272	0.07357	0.02512	0.16685	0.03000	0.04024	0.02535	0.17780	0.02271	0.00533	0.00982	0.01071	0.00902	0.09340
1	0.08836	0.19257	0.03821	0.07291	0.09420	0.12049	0.02113	0.07648	0.02861	0.08002	0.06500	0.02890	0.02426	0.01209	0.00974	0.00308	0.01280	0.00911	0.00728	0.01475
2	0.37645	0.07716	0.02754	0.02454	0.08765	0.07746	0.01760	0.07685	0.02554	0.08867	0.01997	0.02210	0.01524	0.01100	0.00855	0.00331	0.01105	0.00748	0.00747	0.01436
3	0.11400	0.02072	0.02772	0.07461	0.11692	0.02044	0.01967	0.04191	0.07001	0.22484	0.07289	0.03621	0.02923	0.01300	0.01067	0.00336	0.01006	0.01082	0.00993	0.07299
4	0.02504	0.02464	0.07295	0.08068	0.16864	0.02135	0.02339	0.08542	0.02721	0.03876	0.02834	0.12322	0.02677	0.01444	0.01092	0.00315	0.01113	0.01272	0.00727	0.19394
5	0.01724	0.01080	0.01409	0.01409	0.01448	0.01119	0.00908	0.01659	0.01620	0.02199	0.02981	0.05650	0.03224	0.33967	0.15026	0.20488	0.01429	0.01362	0.00611	0.00688
6	0.03165	0.02737	0.03263	0.11994	0.03961	0.11560	0.06752	0.11243	0.02852	0.07884	0.02243	0.02870	0.01774	0.01784	0.02034	0.12515	0.08357	0.00993	0.00702	0.01317
7	0.01583	0.01125	0.01487	0.01622	0.01786	0.01079	0.01214	0.01932	0.02487	0.03364	0.18336	0.26825	0.07628	0.10003	0.01961	0.00523	0.00777	0.14258	0.01051	0.00959
8	0.03676	0.01526	0.01948	0.01633	0.02216	0.01374	0.01297	0.04118	0.02821	0.32009	0.04351	0.09465	0.03279	0.01575	0.01044	0.00330	0.00779	0.01307	0.23732	0.01520
9	0.01668	0.01215	0.01500	0.01493	0.01700	0.01238	0.01110	0.02042	0.02520	0.03603	0.19734	0.20733	0.14697	0.02499	0.01491	0.00382	0.06272	0.02112	0.12972	0.01019
10	0.01542	0.01120	0.01279	0.01255	0.01429	0.01045	0.00831	0.01762	0.02304	0.03042	0.18952	0.08579	0.19005	0.29265	0.03358	0.00701	0.00800	0.01943	0.00930	0.00857
11	0.33849	0.02702	0.02583	0.02078	0.02884	0.03045	0.01715	0.28288	0.03735	0.06151	0.02179	0.02299	0.01593	0.01210	0.00928	0.00343	0.01069	0.00827	0.00928	0.01593
12	0.02318	0.02197	0.03724	0.42913	0.21074	0.02551	0.03222	0.03044	0.02342	0.03109	0.02035	0.02938	0.01583	0.01090	0.01122	0.00363	0.01453	0.01001	0.00517	0.01406
13	0.02126	0.02001	0.03376	0.57739	0.07752	0.02501	0.03126	0.02876	0.02251	0.02876	0.02001	0.03001	0.01500	0.01125	0.01125	0.00375	0.01500	0.01000	0.00500	0.01250
14	0.15925	0.02975	0.03065	0.02388	0.03252	0.03315	0.01972	0.41249	0.04679	0.06722	0.02496	0.02544	0.01788	0.01295	0.01048	0.00340	0.01172	0.00940	0.01048	0.01788
15	0.02487	0.02024	0.02954	0.38059	0.05857	0.02405	0.02533	0.10791	0.02788	0.03833	0.02423	0.03167	0.01822	0.01197	0.01064	0.00348	0.01279	0.01011	0.12631	0.01327
16	0.01886	0.01325	0.01955	0.16128	0.03323	0.01389	0.01636	0.02246	0.02272	0.07334	0.04964	0.40192	0.05503	0.02720	0.01330	0.00426	0.00899	0.02451	0.00934	0.01088
17	0.02462	0.02462	0.03447	0.02955	0.02955	0.03447	0.02462	0.02709	0.01724	0.02709	0.01477	0.02462	0.01477	0.01970	0.03694	0.00492	0.58385	0.00985	0.00492	0.01231
18	0.02602	0.01992	0.02361	0.01700	0.02688	0.01516	0.01365	0.03095	0.02421	0.08650	0.02241	0.02482	0.01777	0.00889	0.00863	0.00185	0.00846	0.00713	0.00738	0.60876
19	0.68395	0.02177	0.01654	0.01480	0.02177	0.02525	0.01219	0.03309	0.01915	0.05050	0.01567	0.01828	0.01219	0.01045	0.00697	0.00348	0.00871	0.00609	0.00697	0.01219
20	0.02669	0.02301	0.02486	0.02116	0.02854	0.02435	0.01656	0.05099	0.37643	0.04417	0.03858	0.03677	0.02940	0.01333	0.01058	0.00321	0.00875	0.01103	0.01011	0.20150
21	0.02126	0.02001	0.03376	0.57739	0.07752	0.02501	0.03126	0.02876	0.02251	0.02876	0.02001	0.03001	0.01500	0.01125	0.01125	0.00375	0.01500	0.01000	0.00500	0.01250
22	0.01611	0.01192	0.01738	0.01738	0.01915	0.01369	0.01319	0.01965	0.01788	0.02560	0.03079	0.04779	0.02969	0.14762	0.49876	0.01722	0.02781	0.01258	0.00613	0.00966
23	0.01757	0.01496	0.02177	0.02953	0.16117	0.01417	0.01671	0.02108	0.02376	0.03142	0.06407	0.31079	0.17666	0.02644	0.01319	0.00403	0.00823	0.02370	0.00908	0.01167
24	0.05050	0.01915	0.02612	0.02003	0.02873	0.01654	0.01654	0.05485	0.03221	0.54203	0.04440	0.03831	0.02786	0.01393	0.01132	0.00348	0.00958	0.01132	0.01393	0.01915
25	0.02126	0.02001	0.03376	0.57739	0.07752	0.02501	0.03126	0.02876	0.02251	0.02876	0.02001	0.03001	0.01500	0.01125	0.01125	0.00375	0.01500	0.01000	0.00500	0.01250
26	0.68395	0.02177	0.01654	0.01480	0.02177	0.02525	0.01219	0.03309	0.01915	0.05050	0.01567	0.01828	0.01219	0.01045	0.00697	0.00348	0.00871	0.00609	0.00697	0.01219
27	0.01366	0.00999	0.01286	0.01515	0.01619	0.00919	0.01022	0.01573	0.02205	0.02894	0.06835	0.53769	0.12978	0.03444	0.01424	0.00448	0.00643	0.03099	0.01045	0.00919
28	0.04204	0.05364	0.03190	0.02900	0.03480	0.55926	0.02175	0.04494	0.03190	0.02755	0.01740	0.02030	0.01450	0.01160	0.01015	0.00290	0.02030	0.00725	0.00580	0.01305
29	0.03344	0.24153	0.19823	0.02446	0.03597	0.03250	0.02600	0.11775	0.02991	0.12435	0.02388	0.02478	0.01747	0.01135	0.00968	0.00311	0.01309	0.00833	0.00745	0.01672
30	0.02430	0.13770	0.02621	0.01754	0.02227	0.01915	0.01448	0.02802	0.02460	0.11636	0.08819	0.15646	0.08554	0.03327	0.11137	0.00629	0.01263	0.05404	0.00922	0.01236
31	0.23527	0.01992	0.02333	0.01850	0.02670	0.01908	0.01527	0.04850	0.02841	0.39866	0.03602	0.03247	0.02329	0.01291	0.01005	0.00348	0.00932	0.00979	0.01190	0.01712
32	0.20543	0.03497	0.17007	0.02314	0.03327	0.08745	0.02307	0.04264	0.02643	0.21050	0.02691	0.02687	0.01837	0.01184	0.00988	0.00343	0.01263	0.00863	0.00857	0.01591
33	0.02334	0.02001	0.02334	0.01667	0.02667	0.01500	0.01334	0.02834	0.02334	0.03668	0.02001	0.02334	0.01667	0.00834	0.00834	0.00167	0.00834	0.00667	0.00667	0.67325
34	0.68395	0.02177	0.01654	0.01480	0.02177	0.02525	0.01219	0.03309	0.01915	0.05050	0.01567	0.01828	0.01219	0.01045	0.00697	0.00348	0.00871	0.00609	0.00697	0.01219
35	0.04204	0.05364	0.03190	0.02900	0.03480	0.55926	0.02175	0.04494	0.03190	0.02755	0.01740	0.02030	0.01450	0.01160	0.01015	0.00290	0.02030	0.00725	0.00580	0.01305
36	0.02257	0.05822	0.54613	0.03208	0.04871	0.02614	0.04158	0.03564	0.02376	0.03564	0.02020	0.02376	0.01426	0.01069	0.01069	0.00356	0.01663	0.00832	0.00475	0.01663
37	0.01459	0.01116	0.01338	0.01345	0.01615	0.00995	0.00985	0.01841	0.02777	0.03689	0.29564	0.18592	0.25167	0.02720	0.01348	0.00382	0.00567	0.02368	0.01134	0.00995
38	0.02257	0.05822	0.54613	0.03208	0.04871	0.02614	0.04158	0.03564	0.02376	0.03564	0.02020	0.02376	0.01426	0.01069	0.01069	0.00356	0.01663	0.00832	0.00475	0.01663
39	0.01875	0.01181	0.01484	0.01588	0.01849	0.01165	0.01310	0.02398	0.02617	0.03872	0.13656	0.08881	0.05947	0.02320	0.01239	0.00397	0.00762	0.21890	0.24522	0.01046
40	0.02257	0.05822	0.54613	0.03208	0.04871	0.02614	0.04158	0.03564	0.02376	0.03564	0.02020	0.02376	0.01426	0.01069	0.01069	0.00356	0.01663	0.00832	0.00475	0.01663
41	0.02321	0.02518	0.05247	0.03885	0.04774	0.02350	0.36834	0.03083	0.02563	0.03431	0.03747	0.13415	0.07172	0.01556	0.01347	0.00393	0.01569	0.01740	0.00692	0.01365
42	0.01477	0.01093	0.01390	0.01509	0.01710	0.01007	0.01108	0.01818	0.02560	0.03404	0.19620	0.31195	0.16621	0.03022	0.01402	0.00423	0.00652	0.07919	0.01096	0.00975
43	0.02329	0.01484	0.01788	0.01628	0.02067	0.01430	0.01247	0.03224	0.11297	0.12714	0.24073	0.11848	0.15909	0.02224	0.01272	0.00372	0.00685	0.01915	0.01195	0.01299
44	0.01955	0.00978	0.01466	0.01466	0.01466	0.00978	0.00978	0.01466	0.01466	0.01955	0.01955	0.03421	0.01955	0.03910	0.04399	0.67253	0.00978	0.00978	0.00489	0.00489
45	0.02295	0.01947	0.02765	0.33758	0.05409	0.02331	0.02380	0.03635	0.14974	0.03574	0.02952	0.03514	0.02236	0.01261	0.01073	0.00358	0.01177	0.01079	0.11928	0.01353
46	0.02799	0.03294	0.16898	0.07614	0.04319	0.02656	0.11227	0.08989	0.02723	0.08729	0.02653	0.07680	0.02203	0.01485	0.01618	0.00391	0.11268	0.01218	0.00716	0.01519
47	0.08556	0.02621	0.07727	0.02549	0.03476	0.02267	0.10460	0.09460	0.07047	0.13669	0.07179	0.03427	0.02778	0.01244	0.01092	0.00325	0.01153	0.01094	0.00914	0.12961
48	0.02854	0.13549	0.17317	0.17840	0.05079	0.09319	0.07302	0.03620	0.02522	0.07310	0.02127	0.02589	0.01591	0.01093	0.01048	0.00335	0.01549	0.00897	0.00580	0.01477
49	0.21607	0.02845	0.08783	0.13068	0.05051	0.02671	0.23244	0.03386	0.02345	0.03892	0.02000	0.02622	0.01505	0.01018	0.01086	0.00368	0.01509	0.01018	0.00586	0.01396
50	0.08794	0.08688	0.08618	0.07813	0.04333	0.09234	0.14465	0.08459	0.02921	0.12379	0.02448	0.02739	0.01772	0.01125	0.01087	0.00341	0.01484	0.00991	0.00753	0.01556

[dist]
# distance from previous block
# <min> <max>
0	54

[block]
# block no. 6 follows, 11 sequences, length 26
# corresponding to MSA columns:
# 476-501
name=unknown_G
#
# <colnr> <probs for GDERKNQSTAVLIFYWHMCP>
#	G	D	E	R	K	N	Q	S	T	A	V	L	I	F	Y	W	H	M	C	P
0	0.36559	0.07388	0.02563	0.13093	0.03515	0.02622	0.01766	0.03693	0.06471	0.09643	0.02227	0.02487	0.01658	0.01133	0.00872	0.00347	0.01040	0.00802	0.00751	0.01369
1	0.08769	0.03057	0.12479	0.03516	0.16400	0.02463	0.02585	0.11742	0.03051	0.14391	0.02604	0.02778	0.01882	0.01137	0.01047	0.00325	0.01211	0.00931	0.00830	0.08804
2	0.10039	0.02011	0.02462	0.07136	0.07595	0.02012	0.01742	0.10960	0.02891	0.08865	0.04023	0.13058	0.08234	0.01705	0.01102	0.00338	0.00965	0.01430	0.00896	0.12536
3	0.01972	0.01250	0.01547	0.01545	0.01816	0.01201	0.01121	0.02508	0.06984	0.07888	0.14936	0.25136	0.11331	0.02692	0.01545	0.06004	0.00685	0.02160	0.06587	0.01089
4	0.02382	0.02052	0.02934	0.22983	0.09160	0.02369	0.02353	0.10429	0.02746	0.03656	0.03661	0.13340	0.07353	0.01814	0.01473	0.00392	0.07320	0.01506	0.00754	0.01324
5	0.01955	0.00978	0.01466	0.01466	0.01466	0.00978	0.00978	0.01466	0.01466	0.01955	0.01955	0.03421	0.01955	0.03910	0.04399	0.67253	0.00978	0.00978	0.00489	0.00489
6	0.04118	0.02602	0.02938	0.02341	0.03164	0.02777	0.01905	0.25457	0.16674	0.20179	0.03696	0.03420	0.02563	0.01409	0.01133	0.00352	0.01066	0.01115	0.01209	0.01880
7	0.03115	0.02282	0.03051	0.27670	0.05149	0.02604	0.02399	0.19107	0.03389	0.08943	0.02640	0.03104	0.01908	0.01247	0.01088	0.00347	0.01255	0.01022	0.08167	0.01513
8	0.01660	0.01178	0.01670	0.01654	0.01873	0.01305	0.01276	0.02099	0.02118	0.03130	0.12031	0.05112	0.04223	0.06545	0.40023	0.01375	0.02291	0.01337	0.08080	0.01020
9	0.02172	0.01450	0.01802	0.01629	0.02024	0.01424	0.01249	0.03148	0.11475	0.09884	0.39340	0.07193	0.08544	0.02070	0.01275	0.00358	0.00639	0.01807	0.01239	0.01277
10	0.01955	0.00978	0.01466	0.01466	0.01466	0.00978	0.00978	0.01466	0.01466	0.01955	0.01955	0.03421	0.01955	0.03910	0.04399	0.67253	0.00978	0.00978	0.00489	0.00489
11	0.02126	0.02001	0.03376	0.57739	0.07752	0.02501	0.03126	0.02876	0.02251	0.02876	0.02001	0.03001	0.01500	0.01125	0.01125	0.00375	0.01500	0.01000	0.00500	0.01250
12	0.02126	0.02001	0.03376	0.57739	0.07752	0.02501	0.03126	0.02876	0.02251	0.02876	0.02001	0.03001	0.01500	0.01125	0.01125	0.00375	0.01500	0.01000	0.00500	0.01250
13	0.68395	0.02177	0.01654	0.01480	0.02177	0.02525	0.01219	0.03309	0.01915	0.05050	0.01567	0.01828	0.01219	0.01045	0.00697	0.00348	0.00871	0.00609	0.00697	0.01219
14	0.03848	0.02939	0.03136	0.02503	0.03326	0.03289	0.02035	0.36960	0.18703	0.06399	0.03249	0.03138	0.02357	0.01402	0.01132	0.00351	0.01137	0.01089	0.01132	0.01876
15	0.02187	0.01282	0.01695	0.01517	0.01886	0.01164	0.01164	0.02702	0.03192	0.13054	0.44513	0.07621	0.09274	0.02145	0.01294	0.00353	0.00604	0.01880	0.01265	0.01209
16	0.02334	0.02001	0.02334	0.01667	0.02667	0.01500	0.01334	0.02834	0.02334	0.03668	0.02001	0.02334	0.01667	0.00834	0.00834	0.00167	0.00834	0.00667	0.00667	0.67325
17	0.01345	0.01081	0.01202	0.01299	0.01562	0.00937	0.00926	0.01597	0.02413	0.02978	0.09472	0.28982	0.36062	0.03101	0.01370	0.00409	0.00601	0.02681	0.01045	0.00937
18	0.02390	0.01611	0.02287	0.16391	0.03452	0.01798	0.01735	0.09930	0.02314	0.03059	0.02092	0.03190	0.01829	0.02751	0.02992	0.38504	0.01158	0.00989	0.00599	0.00928
19	0.01955	0.00978	0.01466	0.01466	0.01466	0.00978	0.00978	0.01466	0.01466	0.01955	0.01955	0.03421	0.01955	0.03910	0.04399	0.67253	0.00978	0.00978	0.00489	0.00489
20	0.51446	0.02127	0.02016	0.02073	0.06966	0.02362	0.01511	0.03423	0.02141	0.08909	0.02228	0.02997	0.01844	0.01244	0.00844	0.00361	0.00935	0.04488	0.00771	0.01314
21	0.02050	0.01961	0.03712	0.02846	0.03487	0.01829	0.21810	0.02761	0.02958	0.04123	0.31103	0.06099	0.06790	0.01720	0.01328	0.00365	0.01118	0.01732	0.00951	0.01258
22	0.02958	0.04228	0.26112	0.03706	0.09877	0.02910	0.11621	0.16621	0.03273	0.04584	0.02270	0.02631	0.01653	0.01120	0.01137	0.00353	0.01550	0.00991	0.00685	0.01721
23	0.01364	0.01094	0.01219	0.01287	0.01566	0.00949	0.00927	0.01643	0.02497	0.03114	0.13312	0.24852	0.36225	0.03002	0.01361	0.00400	0.00591	0.02587	0.01061	0.00949
24	0.03015	0.02655	0.04723	0.05973	0.39257	0.02591	0.11490	0.03708	0.02653	0.09293	0.02405	0.02947	0.01881	0.01037	0.01155	0.00344	0.01395	0.01076	0.00652	0.01750
25	0.03561	0.03720	0.04728	0.03602	0.04515	0.17858	0.22434	0.17255	0.03572	0.04383	0.02251	0.02658	0.01696	0.01125	0.01182	0.00342	0.01743	0.01068	0.00734	0.01574

[dist]
# distance from previous block
# <min> <max>
3	5

[block]
# block no. 7 follows, 11 sequences, length 24
# corresponding to MSA columns:
# 507-530
name=unknown_H
#
# <colnr> <probs for GDERKNQSTAVLIFYWHMCP>
#	G	D	E	R	K	N	Q	S	T	A	V	L	I	F	Y	W	H	M	C	P
0	0.02825	0.18429	0.29509	0.02986	0.04308	0.02986	0.10101	0.03746	0.02495	0.09223	0.02228	0.02505	0.01630	0.01063	0.01031	0.00331	0.01505	0.00885	0.00597	0.01617
1	0.05050	0.01915	0.02612	0.02003	0.02873	0.01654	0.01654	0.05485	0.03221	0.54203	0.04440	0.03831	0.02786	0.01393	0.01132	0.00348	0.00958	0.01132	0.01393	0.01915
2	0.02379	0.10020	0.43532	0.03326	0.04854	0.02801	0.10587	0.03554	0.02410	0.03494	0.02020	0.02425	0.01469	0.01043	0.01078	0.00350	0.01659	0.00885	0.00490	0.01624
3	0.01400	0.01143	0.01237	0.01214	0.01563	0.00980	0.00910	0.01751	0.02731	0.03432	0.22423	0.10187	0.41701	0.02704	0.01330	0.00373	0.00560	0.02285	0.01097	0.00980
4	0.02279	0.02651	0.11041	0.03815	0.16399	0.02260	0.09474	0.03234	0.07038	0.03379	0.02680	0.03472	0.02240	0.03654	0.20310	0.00864	0.02010	0.01123	0.00620	0.01454
5	0.01503	0.01147	0.01380	0.01322	0.01626	0.01024	0.00991	0.01950	0.02974	0.04010	0.38656	0.09237	0.25108	0.02489	0.01328	0.00363	0.00544	0.02152	0.01173	0.01024
6	0.03162	0.02641	0.10969	0.25874	0.05530	0.02275	0.07641	0.03911	0.02631	0.19925	0.02834	0.03186	0.01934	0.01187	0.01141	0.00364	0.01388	0.01053	0.00797	0.01558
7	0.02901	0.03407	0.17345	0.03240	0.07837	0.02503	0.11189	0.07836	0.09937	0.08986	0.02739	0.02958	0.02008	0.01129	0.01107	0.00332	0.01341	0.01020	0.00769	0.11416
8	0.02535	0.13400	0.19760	0.09725	0.11480	0.03069	0.03047	0.03557	0.07415	0.03334	0.02140	0.02617	0.01709	0.01235	0.01436	0.00359	0.10169	0.00907	0.00564	0.01542
9	0.10247	0.24654	0.04042	0.02409	0.03052	0.23933	0.02028	0.03698	0.02511	0.02950	0.01619	0.01993	0.01428	0.01198	0.01278	0.00309	0.10065	0.00708	0.00544	0.01335
10	0.02523	0.02170	0.02419	0.01920	0.02772	0.02027	0.01515	0.04109	0.22214	0.04089	0.03046	0.03090	0.02384	0.01115	0.00960	0.00254	0.00857	0.00912	0.00861	0.40764
11	0.01615	0.01176	0.01658	0.01658	0.01807	0.01325	0.01219	0.01913	0.01764	0.02501	0.03152	0.05184	0.03145	0.21902	0.42976	0.01623	0.02517	0.01317	0.00623	0.00921
12	0.02849	0.02555	0.04632	0.15699	0.28631	0.02582	0.13920	0.03576	0.02589	0.08424	0.02358	0.02987	0.01809	0.01052	0.01168	0.00354	0.01462	0.01091	0.00630	0.01632
13	0.58997	0.02643	0.01879	0.01688	0.02367	0.10343	0.01359	0.03482	0.02102	0.04714	0.01592	0.01858	0.01253	0.01062	0.00743	0.00340	0.01040	0.00626	0.00679	0.01232
