[name]
unknown

[dist]
# distance from previous block
# <min> <max>
0	98

[block]
# block no. 0 follows, 14 sequences, length 31
# corresponding to MSA columns:
# 108-138
name=unknown_A
#
# <colnr> <probs for GDERKNQSTAVLIFYWHMCP>
#	G	D	E	R	K	N	Q	S	T	A	V	L	I	F	Y	W	H	M	C	P
0	0.01654	0.01181	0.01654	0.01890	0.02126	0.01181	0.01654	0.02126	0.02362	0.03071	0.05433	0.11576	0.05906	0.02835	0.01417	0.00472	0.00945	0.50626	0.00945	0.00945
1	0.02128	0.01824	0.02128	0.01520	0.02432	0.01368	0.01216	0.02584	0.02128	0.03344	0.01824	0.02128	0.01520	0.00760	0.00760	0.00152	0.00760	0.00608	0.00608	0.70208
2	0.02463	0.01751	0.02229	0.01927	0.02390	0.01799	0.04655	0.16068	0.07970	0.08910	0.13088	0.23379	0.04928	0.02020	0.01164	0.00353	0.00831	0.01781	0.01011	0.01282
3	0.02477	0.04914	0.47839	0.02789	0.04142	0.07626	0.03396	0.03503	0.02312	0.08666	0.02038	0.02270	0.01426	0.01012	0.00976	0.00319	0.01483	0.00777	0.00526	0.01509
4	0.02595	0.01809	0.02176	0.01578	0.02467	0.01394	0.01271	0.03040	0.02281	0.13701	0.02244	0.02385	0.01712	0.00856	0.00811	0.00183	0.00781	0.00688	0.00733	0.57292
5	0.03734	0.04122	0.02894	0.08001	0.03485	0.43568	0.02017	0.09031	0.03022	0.07943	0.01918	0.02142	0.01478	0.01091	0.00954	0.00281	0.01646	0.00744	0.00639	0.01291
6	0.02422	0.02768	0.06055	0.04325	0.05363	0.02595	0.53806	0.03287	0.02422	0.03287	0.02076	0.02768	0.01557	0.00865	0.01211	0.00346	0.01730	0.01211	0.00519	0.01384
7	0.08474	0.02119	0.03493	0.11253	0.08687	0.02268	0.16343	0.07800	0.02390	0.03446	0.02686	0.12263	0.02551	0.01498	0.01325	0.00363	0.06869	0.04268	0.00655	0.01249
8	0.01987	0.01700	0.02285	0.17240	0.03583	0.01570	0.01727	0.02506	0.02153	0.03103	0.02519	0.04106	0.02325	0.01229	0.00956	0.00263	0.00954	0.10318	0.00633	0.38843
9	0.03250	0.01489	0.01823	0.01504	0.02028	0.01404	0.01191	0.07979	0.02737	0.28624	0.06653	0.03982	0.02995	0.05742	0.01235	0.00339	0.00751	0.01077	0.23837	0.01360
10	0.02128	0.01824	0.02128	0.01520	0.02432	0.01368	0.01216	0.02584	0.02128	0.03344	0.01824	0.02128	0.01520	0.00760	0.00760	0.00152	0.00760	0.00608	0.00608	0.70208
11	0.71184	0.01985	0.01508	0.01350	0.01985	0.02302	0.01111	0.03017	0.01746	0.04604	0.01429	0.01667	0.01111	0.00953	0.00635	0.00318	0.00794	0.00556	0.00635	0.01111
12	0.02422	0.02768	0.06055	0.04325	0.05363	0.02595	0.53806	0.03287	0.02422	0.03287	0.02076	0.02768	0.01557	0.00865	0.01211	0.00346	0.01730	0.01211	0.00519	0.01384
13	0.02078	0.01967	0.03330	0.48660	0.18784	0.02317	0.02920	0.02744	0.02118	0.02792	0.01849	0.02690	0.01428	0.01000	0.01024	0.00333	0.01333	0.00913	0.00468	0.01253
14	0.02272	0.07999	0.08216	0.18899	0.30692	0.02410	0.02808	0.02912	0.02280	0.03146	0.06747	0.02933	0.02223	0.01049	0.01000	0.00310	0.01204	0.00952	0.00538	0.01409
15	0.02415	0.01676	0.02297	0.02419	0.12227	0.01447	0.01550	0.02815	0.02268	0.12988	0.03251	0.18556	0.03110	0.01526	0.01000	0.00279	0.00820	0.01348	0.00799	0.27208
16	0.01240	0.00932	0.01151	0.01326	0.01461	0.00842	0.00907	0.01440	0.02063	0.02660	0.06905	0.49192	0.20054	0.03053	0.01284	0.00398	0.00575	0.02719	0.00953	0.00842
17	0.03901	0.02874	0.03080	0.02361	0.03182	0.03182	0.01951	0.54111	0.04825	0.06468	0.02464	0.02464	0.01745	0.01232	0.01027	0.00308	0.01129	0.00924	0.01027	0.01745
18	0.02363	0.02006	0.02157	0.01951	0.02473	0.02280	0.01511	0.04848	0.46596	0.04262	0.13267	0.04489	0.04260	0.01514	0.01073	0.00344	0.00756	0.01280	0.01059	0.01511
19	0.02752	0.29537	0.22124	0.02435	0.03497	0.07730	0.06931	0.03406	0.02285	0.07803	0.01866	0.02095	0.01443	0.00958	0.00864	0.00277	0.01329	0.00727	0.00526	0.01415
20	0.01938	0.01824	0.03078	0.61468	0.07068	0.02280	0.02850	0.02622	0.02052	0.02622	0.01824	0.02736	0.01368	0.01026	0.01026	0.00342	0.01368	0.00912	0.00456	0.01140
21	0.01934	0.02705	0.17787	0.02727	0.03545	0.01864	0.17975	0.02718	0.02492	0.03496	0.18872	0.05255	0.04501	0.01526	0.01177	0.00351	0.01197	0.07909	0.00736	0.01236
22	0.02863	0.01734	0.02614	0.18718	0.03852	0.01690	0.05054	0.03393	0.02534	0.22697	0.11340	0.03698	0.03130	0.01234	0.01031	0.00304	0.00990	0.01079	0.00876	0.11170
23	0.03901	0.02874	0.03080	0.02361	0.03182	0.03182	0.01951	0.54111	0.04825	0.06468	0.02464	0.02464	0.01745	0.01232	0.01027	0.00308	0.01129	0.00924	0.01027	0.01745
24	0.02960	0.03028	0.02642	0.02590	0.07661	0.20086	0.01842	0.08049	0.27882	0.03724	0.03434	0.03374	0.05602	0.01308	0.01014	0.00316	0.01172	0.01029	0.00831	0.01454
25	0.01213	0.01040	0.01040	0.01040	0.01386	0.00866	0.00780	0.01473	0.02339	0.02772	0.10396	0.09876	0.57117	0.02599	0.01213	0.00347	0.00520	0.02166	0.00953	0.00866
26	0.02128	0.01824	0.02128	0.01520	0.02432	0.01368	0.01216	0.02584	0.02128	0.03344	0.01824	0.02128	0.01520	0.00760	0.00760	0.00152	0.00760	0.00608	0.00608	0.70208
27	0.02540	0.02438	0.04165	0.06299	0.57533	0.02438	0.03149	0.03149	0.02337	0.03353	0.01930	0.02540	0.01626	0.00914	0.01016	0.00305	0.01219	0.00914	0.00508	0.01626
28	0.40666	0.02388	0.02221	0.01808	0.02528	0.02701	0.01492	0.26192	0.03143	0.05449	0.01898	0.02028	0.01399	0.01079	0.00813	0.00313	0.00946	0.00723	0.00813	0.01399
29	0.65332	0.02237	0.01630	0.01462	0.02088	0.07299	0.01187	0.03111	0.01847	0.04422	0.01443	0.01683	0.01130	0.00962	0.00660	0.00313	0.00886	0.00565	0.00626	0.01118
30	0.08968	0.02142	0.02290	0.01966	0.02578	0.02384	0.01559	0.13218	0.31973	0.09684	0.08893	0.03753	0.03312	0.01385	0.01020	0.00333	0.00838	0.01123	0.01034	0.01545

[dist]
# distance from previous block
# <min> <max>
0	4

[block]
# block no. 1 follows, 14 sequences, length 57
# corresponding to MSA columns:
# 143-199
name=unknown_B
#
# <colnr> <probs for GDERKNQSTAVLIFYWHMCP>
#	G	D	E	R	K	N	Q	S	T	A	V	L	I	F	Y	W	H	M	C	P
0	0.16989	0.24775	0.18233	0.02050	0.03035	0.02969	0.02164	0.08533	0.02384	0.07716	0.01842	0.02012	0.01406	0.00985	0.00804	0.00284	0.01132	0.00681	0.00601	0.01404
1	0.21924	0.07272	0.02750	0.02012	0.02762	0.02946	0.01674	0.31323	0.09041	0.05428	0.02281	0.02326	0.01684	0.01146	0.00894	0.00308	0.01003	0.00820	0.00877	0.01528
2	0.02630	0.02086	0.02257	0.02011	0.02583	0.02359	0.01568	0.05166	0.47856	0.08399	0.07967	0.04079	0.03559	0.01434	0.01055	0.00344	0.00793	0.01200	0.01068	0.01586
3	0.01783	0.00891	0.01337	0.01337	0.01337	0.00891	0.00891	0.01337	0.01337	0.01783	0.01783	0.03119	0.01783	0.03565	0.04011	0.70143	0.00891	0.00891	0.00446	0.00446
4	0.01935	0.01470	0.02068	0.01858	0.02231	0.01468	0.06606	0.02868	0.13849	0.07245	0.19250	0.24628	0.05987	0.02136	0.01196	0.00362	0.00747	0.01939	0.00999	0.01160
5	0.01473	0.01072	0.01508	0.01508	0.01643	0.01206	0.01107	0.01742	0.01608	0.02278	0.02877	0.04744	0.02875	0.22634	0.45354	0.01475	0.02283	0.01204	0.00569	0.00838
6	0.02128	0.01824	0.02128	0.01520	0.02432	0.01368	0.01216	0.02584	0.02128	0.03344	0.01824	0.02128	0.01520	0.00760	0.00760	0.00152	0.00760	0.00608	0.00608	0.70208
7	0.03901	0.02874	0.03080	0.02361	0.03182	0.03182	0.01951	0.54111	0.04825	0.06468	0.02464	0.02464	0.01745	0.01232	0.01027	0.00308	0.01129	0.00924	0.01027	0.01745
8	0.02384	0.01816	0.02154	0.01552	0.02451	0.01383	0.01246	0.02834	0.02212	0.09023	0.02054	0.02269	0.01626	0.00813	0.00788	0.00169	0.00772	0.00652	0.00676	0.63127
9	0.02422	0.02768	0.06055	0.04325	0.05363	0.02595	0.53806	0.03287	0.02422	0.03287	0.02076	0.02768	0.01557	0.00865	0.01211	0.00346	0.01730	0.01211	0.00519	0.01384
10	0.01654	0.01181	0.01654	0.01890	0.02126	0.01181	0.01654	0.02126	0.02362	0.03071	0.05433	0.11576	0.05906	0.02835	0.01417	0.00472	0.00945	0.50626	0.00945	0.00945
11	0.01482	0.01009	0.01186	0.01165	0.01229	0.00988	0.00714	0.01610	0.01868	0.02554	0.17512	0.06968	0.05312	0.47511	0.04157	0.00816	0.00859	0.01589	0.00757	0.00714
12	0.01480	0.01043	0.01364	0.01364	0.01449	0.01128	0.00927	0.01650	0.01565	0.02171	0.03009	0.05475	0.03192	0.37945	0.30477	0.01297	0.01805	0.01311	0.00589	0.00758
13	0.03833	0.04891	0.02908	0.02644	0.03173	0.59815	0.01983	0.04098	0.02908	0.02512	0.01586	0.01851	0.01322	0.01058	0.00925	0.00264	0.01851	0.00661	0.00529	0.01190
14	0.04503	0.01908	0.02482	0.01903	0.02700	0.01749	0.01572	0.12048	0.03208	0.50814	0.03821	0.03345	0.02426	0.01265	0.01031	0.00316	0.00910	0.01016	0.01235	0.01746
15	0.01250	0.00893	0.01191	0.01429	0.01488	0.00834	0.00953	0.01429	0.01965	0.02620	0.05656	0.63265	0.06787	0.03215	0.01310	0.00417	0.00595	0.02917	0.00953	0.00834
16	0.01960	0.01739	0.02799	0.19021	0.22524	0.01829	0.02228	0.02541	0.02480	0.03453	0.23145	0.04569	0.04666	0.01401	0.01094	0.00322	0.00975	0.01277	0.00734	0.01243
17	0.01938	0.01824	0.03078	0.61468	0.07068	0.02280	0.02850	0.02622	0.02052	0.02622	0.01824	0.02736	0.01368	0.01026	0.01026	0.00342	0.01368	0.00912	0.00456	0.01140
18	0.02540	0.02438	0.04165	0.06299	0.57533	0.02438	0.03149	0.03149	0.02337	0.03353	0.01930	0.02540	0.01626	0.00914	0.01016	0.00305	0.01219	0.00914	0.00508	0.01626
19	0.57144	0.06673	0.01968	0.01557	0.02194	0.10410	0.01277	0.03171	0.01931	0.04164	0.01451	0.01691	0.01155	0.00962	0.00677	0.00303	0.00961	0.00570	0.00607	0.01136
20	0.02540	0.02438	0.04165	0.06299	0.57533	0.02438	0.03149	0.03149	0.02337	0.03353	0.01930	0.02540	0.01626	0.00914	0.01016	0.00305	0.01219	0.00914	0.00508	0.01626
21	0.45497	0.01893	0.01845	0.01533	0.02230	0.01996	0.01265	0.03782	0.02206	0.25299	0.02440	0.02371	0.01663	0.01075	0.00788	0.00318	0.00824	0.00739	0.00880	0.01356
22	0.02602	0.37482	0.21180	0.02179	0.03225	0.03375	0.02379	0.06906	0.06342	0.03096	0.01833	0.02027	0.01479	0.00971	0.00810	0.00268	0.01206	0.00685	0.00524	0.01431
23	0.02744	0.64552	0.05378	0.01756	0.02634	0.04061	0.01756	0.03073	0.02085	0.02414	0.01427	0.01646	0.01317	0.00878	0.00658	0.00219	0.01097	0.00549	0.00439	0.01317
24	0.01487	0.01034	0.01269	0.01210	0.01465	0.00953	0.00908	0.01941	0.02723	0.03898	0.43206	0.07403	0.14869	0.02034	0.01140	0.00314	0.00488	0.01767	0.10936	0.00953
25	0.02583	0.09301	0.14172	0.02208	0.03020	0.02653	0.02081	0.11253	0.28554	0.04175	0.06795	0.03337	0.02827	0.01280	0.00999	0.00323	0.01007	0.01030	0.00860	0.01542
26	0.02058	0.05308	0.58618	0.02925	0.04442	0.02383	0.03792	0.03250	0.02167	0.03250	0.01842	0.02167	0.01300	0.00975	0.00975	0.00325	0.01517	0.00758	0.00433	0.01517
27	0.02916	0.41115	0.12622	0.02103	0.03031	0.09459	0.02105	0.10293	0.02563	0.03110	0.01648	0.01857	0.01374	0.00960	0.00784	0.00252	0.01241	0.00643	0.00529	0.01393
28	0.02744	0.64552	0.05378	0.01756	0.02634	0.04061	0.01756	0.03073	0.02085	0.02414	0.01427	0.01646	0.01317	0.00878	0.00658	0.00219	0.01097	0.00549	0.00439	0.01317
29	0.01633	0.01168	0.01625	0.01828	0.02065	0.01159	0.01583	0.02107	0.02419	0.03179	0.10766	0.11171	0.06297	0.02759	0.01396	0.00457	0.00897	0.45582	0.00964	0.00947
30	0.02948	0.28568	0.23447	0.02185	0.03268	0.02856	0.02415	0.03598	0.02318	0.16111	0.02202	0.02273	0.01605	0.01006	0.00860	0.00280	0.01192	0.00739	0.00636	0.01491
31	0.16727	0.02397	0.02528	0.01999	0.02763	0.02577	0.01637	0.28470	0.09023	0.12813	0.02612	0.02568	0.01859	0.01164	0.00933	0.00303	0.00968	0.00868	0.00955	0.06837
32	0.01463	0.01035	0.01305	0.01245	0.01423	0.00975	0.00876	0.01819	0.02530	0.03551	0.42713	0.07413	0.08102	0.18522	0.02276	0.00501	0.00620	0.01759	0.00995	0.00876
33	0.01357	0.01045	0.01239	0.01191	0.01474	0.00928	0.00893	0.01751	0.02679	0.03579	0.38381	0.08548	0.28628	0.02298	0.01211	0.00332	0.00498	0.01980	0.01059	0.00928
34	0.02864	0.01738	0.02199	0.01894	0.02295	0.01871	0.01512	0.12069	0.02609	0.17742	0.03312	0.04960	0.02945	0.14987	0.06539	0.00592	0.09757	0.07981	0.00879	0.01254
35	0.03104	0.01541	0.01983	0.01656	0.02207	0.01445	0.01316	0.03881	0.10227	0.29891	0.24492	0.05149	0.05378	0.01606	0.01102	0.00324	0.00715	0.01368	0.01185	0.01429
36	0.02245	0.02245	0.03143	0.02694	0.02694	0.03143	0.02245	0.02470	0.01572	0.02470	0.01347	0.02245	0.01347	0.01796	0.03368	0.00449	0.62057	0.00898	0.00449	0.01123
37	0.03833	0.04891	0.02908	0.02644	0.03173	0.59815	0.01983	0.04098	0.02908	0.02512	0.01586	0.01851	0.01322	0.01058	0.00925	0.00264	0.01851	0.00661	0.00529	0.01190
38	0.08517	0.02509	0.02633	0.02105	0.02850	0.06600	0.01710	0.24674	0.10918	0.22201	0.03070	0.02881	0.02116	0.01235	0.00997	0.00314	0.01033	0.00947	0.01044	0.01645
39	0.01654	0.01181	0.01654	0.01890	0.02126	0.01181	0.01654	0.02126	0.02362	0.03071	0.05433	0.11576	0.05906	0.02835	0.01417	0.00472	0.00945	0.50626	0.00945	0.00945
40	0.03833	0.04891	0.02908	0.02644	0.03173	0.59815	0.01983	0.04098	0.02908	0.02512	0.01586	0.01851	0.01322	0.01058	0.00925	0.00264	0.01851	0.00661	0.00529	0.01190
41	0.02058	0.05308	0.58618	0.02925	0.04442	0.02383	0.03792	0.03250	0.02167	0.03250	0.01842	0.02167	0.01300	0.00975	0.00975	0.00325	0.01517	0.00758	0.00433	0.01517
42	0.02672	0.25939	0.03154	0.01656	0.02260	0.06490	0.01422	0.02991	0.02390	0.13418	0.07982	0.12000	0.10519	0.01612	0.00956	0.00294	0.00915	0.01293	0.00799	0.01237
43	0.02553	0.02204	0.02320	0.02088	0.02669	0.02553	0.01624	0.05453	0.55679	0.04293	0.04177	0.03829	0.03133	0.01392	0.01044	0.00348	0.00812	0.01160	0.01044	0.01624
44	0.01783	0.00891	0.01337	0.01337	0.01337	0.00891	0.00891	0.01337	0.01337	0.01783	0.01783	0.03119	0.01783	0.03565	0.04011	0.70143	0.00891	0.00891	0.00446	0.00446
45	0.02380	0.08831	0.04735	0.24200	0.05543	0.02673	0.26961	0.06349	0.02413	0.03169	0.01945	0.02621	0.01477	0.00947	0.01076	0.00329	0.01497	0.01018	0.00522	0.01314
46	0.02105	0.02112	0.03719	0.37072	0.05790	0.02528	0.13464	0.02730	0.02029	0.02730	0.01777	0.02640	0.01403	0.01154	0.01557	0.00365	0.14197	0.00972	0.00468	0.01188
47	0.01452	0.01049	0.01372	0.01291	0.01533	0.00968	0.00968	0.01937	0.02905	0.04115	0.56992	0.07666	0.09683	0.02098	0.01210	0.00323	0.00484	0.01856	0.01130	0.00968
48	0.02539	0.01289	0.01753	0.01663	0.02053	0.01181	0.01332	0.02925	0.02571	0.21995	0.14227	0.19125	0.05620	0.02250	0.01226	0.00381	0.00764	0.14817	0.01091	0.01199
49	0.02627	0.01904	0.03049	0.14653	0.03899	0.01967	0.12334	0.03573	0.11500	0.15106	0.03360	0.07862	0.02792	0.05491	0.01389	0.00395	0.01134	0.04804	0.00824	0.01337
50	0.01783	0.00891	0.01337	0.01337	0.01337	0.00891	0.00891	0.01337	0.01337	0.01783	0.01783	0.03119	0.01783	0.03565	0.04011	0.70143	0.00891	0.00891	0.00446	0.00446
51	0.02058	0.05308	0.58618	0.02925	0.04442	0.02383	0.03792	0.03250	0.02167	0.03250	0.01842	0.02167	0.01300	0.00975	0.00975	0.00325	0.01517	0.00758	0.00433	0.01517
52	0.02854	0.02353	0.03251	0.20555	0.17420	0.02610	0.02485	0.23391	0.03254	0.04372	0.02338	0.03145	0.01872	0.01197	0.01049	0.00328	0.01209	0.04100	0.00729	0.01488
53	0.01250	0.00893	0.01191	0.01429	0.01488	0.00834	0.00953	0.01429	0.01965	0.02620	0.05656	0.63265	0.06787	0.03215	0.01310	0.00417	0.00595	0.02917	0.00953	0.00834
54	0.02245	0.02245	0.03143	0.02694	0.02694	0.03143	0.02245	0.02470	0.01572	0.02470	0.01347	0.02245	0.01347	0.01796	0.03368	0.00449	0.62057	0.00898	0.00449	0.01123
55	0.07471	0.01999	0.06483	0.25381	0.04291	0.01971	0.02102	0.06416	0.02313	0.06974	0.06276	0.03132	0.02257	0.02025	0.09126	0.00495	0.01346	0.00948	0.00643	0.08349
56	0.12142	0.14784	0.02952	0.08066	0.02962	0.06668	0.01726	0.06636	0.09561	0.03343	0.02131	0.02539	0.01761	0.02020	0.09224	0.00484	0.05901	0.00811	0.00625	0.05664

[dist]
# distance from previous block
# <min> <max>
0	2

[block]
# block no. 2 follows, 14 sequences, length 28
# corresponding to MSA columns:
# 202-229
name=unknown_C
#
# <colnr> <probs for GDERKNQSTAVLIFYWHMCP>
#	G	D	E	R	K	N	Q	S	T	A	V	L	I	F	Y	W	H	M	C	P
0	0.02496	0.04325	0.42059	0.02678	0.03912	0.02313	0.03175	0.03636	0.06392	0.11649	0.02326	0.02502	0.01634	0.01106	0.01146	0.00334	0.05333	0.00840	0.00609	0.01534
1	0.02033	0.06485	0.01729	0.05759	0.06102	0.01427	0.01146	0.02524	0.02154	0.03584	0.02967	0.03465	0.02352	0.01135	0.00758	0.00250	0.00651	0.00916	0.53513	0.01052
2	0.31719	0.15342	0.05989	0.05090	0.02523	0.02408	0.01499	0.03117	0.02035	0.08917	0.02007	0.02247	0.01540	0.01008	0.00734	0.00287	0.00899	0.00692	0.10728	0.01220
3	0.08600	0.10358	0.07853	0.07004	0.03507	0.07970	0.09394	0.09907	0.06293	0.08253	0.02440	0.03045	0.01943	0.01547	0.04514	0.00396	0.01345	0.03563	0.00698	0.01368
4	0.02256	0.01900	0.02196	0.01580	0.02486	0.01499	0.01269	0.06290	0.02322	0.03569	0.01870	0.02152	0.01536	0.00794	0.00779	0.00163	0.00787	0.00631	0.00638	0.65284
5	0.02278	0.01903	0.02433	0.10997	0.07791	0.02129	0.01960	0.07031	0.23925	0.03744	0.03916	0.05822	0.03500	0.01726	0.01151	0.00379	0.00988	0.16088	0.00883	0.01356
6	0.01250	0.00893	0.01191	0.01429	0.01488	0.00834	0.00953	0.01429	0.01965	0.02620	0.05656	0.63265	0.06787	0.03215	0.01310	0.00417	0.00595	0.02917	0.00953	0.00834
7	0.01481	0.01066	0.01359	0.01493	0.01629	0.01035	0.01035	0.05727	0.02275	0.03056	0.09718	0.53675	0.06624	0.02961	0.01279	0.00400	0.00629	0.02667	0.00973	0.00919
8	0.01989	0.01876	0.03171	0.56769	0.11366	0.02293	0.02875	0.02667	0.02076	0.02684	0.01833	0.02719	0.01390	0.01016	0.01025	0.00339	0.01355	0.00912	0.00460	0.01181
9	0.01492	0.00995	0.01119	0.01119	0.01119	0.00995	0.00622	0.01492	0.01492	0.01990	0.03233	0.06716	0.03731	0.63935	0.05223	0.00995	0.00995	0.01492	0.00622	0.00622
10	0.02021	0.01987	0.03605	0.33989	0.05583	0.02195	0.16610	0.02830	0.05575	0.02913	0.02547	0.10760	0.02245	0.01292	0.01116	0.00353	0.01331	0.01274	0.00576	0.01198
11	0.71184	0.01985	0.01508	0.01350	0.01985	0.02302	0.01111	0.03017	0.01746	0.04604	0.01429	0.01667	0.01111	0.00953	0.00635	0.00318	0.00794	0.00556	0.00635	0.01111
12	0.02104	0.01994	0.03379	0.46216	0.21020	0.02324	0.02933	0.02768	0.02131	0.02824	0.01853	0.02682	0.01439	0.00995	0.01023	0.00332	0.01327	0.00913	0.00470	0.01274
13	0.02128	0.01824	0.02128	0.01520	0.02432	0.01368	0.01216	0.02584	0.02128	0.03344	0.01824	0.02128	0.01520	0.00760	0.00760	0.00152	0.00760	0.00608	0.00608	0.70208
14	0.02606	0.47327	0.04760	0.02015	0.02651	0.03807	0.01891	0.02906	0.01943	0.02430	0.01405	0.01812	0.01325	0.01132	0.01407	0.00283	0.17950	0.00645	0.00442	0.01263
15	0.02511	0.44486	0.23411	0.02152	0.03246	0.03492	0.02445	0.03133	0.02113	0.02697	0.01567	0.01822	0.01311	0.00911	0.00766	0.00255	0.01239	0.00620	0.00437	0.01385
16	0.01301	0.00893	0.01205	0.01420	0.01474	0.00839	0.00947	0.01420	0.01905	0.02540	0.05288	0.57552	0.06312	0.03248	0.01566	0.07040	0.00623	0.02725	0.00904	0.00797
17	0.03901	0.02874	0.03080	0.02361	0.03182	0.03182	0.01951	0.54111	0.04825	0.06468	0.02464	0.02464	0.01745	0.01232	0.01027	0.00308	0.01129	0.00924	0.01027	0.01745
18	0.02128	0.01824	0.02128	0.01520	0.02432	0.01368	0.01216	0.02584	0.02128	0.03344	0.01824	0.02128	0.01520	0.00760	0.00760	0.00152	0.00760	0.00608	0.00608	0.70208
19	0.01250	0.00893	0.01191	0.01429	0.01488	0.00834	0.00953	0.01429	0.01965	0.02620	0.05656	0.63265	0.06787	0.03215	0.01310	0.00417	0.00595	0.02917	0.00953	0.00834
20	0.04604	0.01746	0.02382	0.01826	0.02620	0.01508	0.01508	0.05001	0.02937	0.58244	0.04049	0.03493	0.02540	0.01270	0.01032	0.00318	0.00873	0.01032	0.01270	0.01746
21	0.01754	0.01245	0.01963	0.21626	0.03379	0.01412	0.01646	0.01879	0.01729	0.02279	0.02449	0.08342	0.02400	0.03025	0.07919	0.29794	0.01209	0.04627	0.00534	0.00789
22	0.02556	0.01265	0.01633	0.01492	0.01909	0.01111	0.01133	0.02857	0.02484	0.24303	0.09556	0.25198	0.15786	0.02257	0.01175	0.00357	0.00680	0.01958	0.01088	0.01203
23	0.02359	0.02073	0.03166	0.45793	0.10407	0.02464	0.02703	0.12437	0.02601	0.03411	0.01954	0.02668	0.01460	0.01056	0.01025	0.00333	0.01311	0.00914	0.00568	0.01294
24	0.02677	0.02350	0.02694	0.02277	0.02759	0.09256	0.06084	0.19791	0.02978	0.03890	0.02790	0.11827	0.02596	0.03055	0.15266	0.00652	0.05775	0.01253	0.00758	0.01270
25	0.01653	0.01085	0.01466	0.01583	0.01717	0.01097	0.01186	0.01936	0.06440	0.02607	0.04166	0.23502	0.04547	0.03071	0.02225	0.23865	0.00811	0.15454	0.00788	0.00802
26	0.01610	0.01216	0.01454	0.01543	0.01715	0.01260	0.01085	0.02352	0.13263	0.02881	0.04823	0.34634	0.05307	0.15370	0.02073	0.00527	0.00753	0.06265	0.00903	0.00966
27	0.64792	0.02069	0.01658	0.01446	0.02098	0.02386	0.01191	0.07870	0.02039	0.04781	0.01527	0.01743	0.01172	0.00979	0.00672	0.00317	0.00826	0.00591	0.00672	0.01172

[dist]
# distance from previous block
# <min> <max>
0	2

[block]
# block no. 3 follows, 14 sequences, length 58
# corresponding to MSA columns:
# 232-289
name=unknown_D
#
# <colnr> <probs for GDERKNQSTAVLIFYWHMCP>
#	G	D	E	R	K	N	Q	S	T	A	V	L	I	F	Y	W	H	M	C	P
0	0.64963	0.02026	0.01749	0.01798	0.07019	0.02314	0.01296	0.03029	0.01800	0.04491	0.01474	0.01746	0.01158	0.00949	0.00670	0.00316	0.00832	0.00588	0.00624	0.01158
1	0.13922	0.07600	0.02669	0.01780	0.02637	0.01883	0.05478	0.03096	0.02199	0.11191	0.02056	0.02252	0.01581	0.00883	0.00804	0.00224	0.00889	0.00702	0.00683	0.37472
2	0.02559	0.01643	0.02529	0.11228	0.16876	0.01624	0.01927	0.02976	0.02328	0.17451	0.03743	0.23511	0.03589	0.01808	0.01122	0.00352	0.00936	0.01628	0.00853	0.01319
3	0.02128	0.01824	0.02128	0.01520	0.02432	0.01368	0.01216	0.02584	0.02128	0.03344	0.01824	0.02128	0.01520	0.00760	0.00760	0.00152	0.00760	0.00608	0.00608	0.70208
4	0.01492	0.00995	0.01119	0.01119	0.01119	0.00995	0.00622	0.01492	0.01492	0.01990	0.03233	0.06716	0.03731	0.63935	0.05223	0.00995	0.00995	0.01492	0.00622	0.00622
5	0.02744	0.64552	0.05378	0.01756	0.02634	0.04061	0.01756	0.03073	0.02085	0.02414	0.01427	0.01646	0.01317	0.00878	0.00658	0.00219	0.01097	0.00549	0.00439	0.01317
6	0.01938	0.01824	0.03078	0.61468	0.07068	0.02280	0.02850	0.02622	0.02052	0.02622	0.01824	0.02736	0.01368	0.01026	0.01026	0.00342	0.01368	0.00912	0.00456	0.01140
7	0.02245	0.02245	0.03143	0.02694	0.02694	0.03143	0.02245	0.02470	0.01572	0.02470	0.01347	0.02245	0.01347	0.01796	0.03368	0.00449	0.62057	0.00898	0.00449	0.01123
8	0.02744	0.64552	0.05378	0.01756	0.02634	0.04061	0.01756	0.03073	0.02085	0.02414	0.01427	0.01646	0.01317	0.00878	0.00658	0.00219	0.01097	0.00549	0.00439	0.01317
9	0.01783	0.00891	0.01337	0.01337	0.01337	0.00891	0.00891	0.01337	0.01337	0.01783	0.01783	0.03119	0.01783	0.03565	0.04011	0.70143	0.00891	0.00891	0.00446	0.00446
10	0.01516	0.01030	0.01453	0.01442	0.01605	0.01085	0.01074	0.01673	0.01828	0.02516	0.11056	0.05020	0.10055	0.05199	0.29753	0.19296	0.01669	0.01282	0.00653	0.00794
11	0.01374	0.01046	0.01263	0.01209	0.01485	0.00935	0.00907	0.01785	0.02720	0.03678	0.41807	0.08386	0.25141	0.02261	0.01211	0.00331	0.00496	0.01957	0.01072	0.00935
12	0.02680	0.59078	0.10297	0.01864	0.02801	0.03906	0.01944	0.03089	0.02093	0.02492	0.01465	0.01694	0.01315	0.00887	0.00688	0.00229	0.01136	0.00568	0.00438	0.01335
13	0.01938	0.01824	0.03078	0.61468	0.07068	0.02280	0.02850	0.02622	0.02052	0.02622	0.01824	0.02736	0.01368	0.01026	0.01026	0.00342	0.01368	0.00912	0.00456	0.01140
14	0.08508	0.02021	0.09301	0.01423	0.01905	0.06616	0.01301	0.02725	0.02185	0.03698	0.02799	0.03214	0.02184	0.01130	0.00765	0.00261	0.00778	0.00865	0.47253	0.01071
15	0.64860	0.07766	0.01866	0.01387	0.02045	0.02465	0.01171	0.03022	0.01778	0.04402	0.01429	0.01665	0.01130	0.00946	0.00637	0.00308	0.00822	0.00555	0.00617	0.01130
16	0.02179	0.02741	0.13023	0.28008	0.13062	0.02409	0.17745	0.02987	0.02216	0.03015	0.01914	0.02627	0.01447	0.00956	0.01070	0.00335	0.01476	0.00974	0.00478	0.01337
17	0.02118	0.04895	0.50059	0.03153	0.04592	0.02418	0.11935	0.03256	0.02208	0.03256	0.01880	0.02265	0.01342	0.00957	0.01013	0.00328	0.01551	0.00832	0.00447	0.01495
18	0.01452	0.01049	0.01372	0.01291	0.01533	0.00968	0.00968	0.01937	0.02905	0.04115	0.56992	0.07666	0.09683	0.02098	0.01210	0.00323	0.00484	0.01856	0.01130	0.00968
19	0.01938	0.01824	0.03078	0.61468	0.07068	0.02280	0.02850	0.02622	0.02052	0.02622	0.01824	0.02736	0.01368	0.01026	0.01026	0.00342	0.01368	0.00912	0.00456	0.01140
20	0.01466	0.01100	0.01649	0.01649	0.01833	0.01283	0.01283	0.01833	0.01649	0.02382	0.02749	0.04032	0.02566	0.07697	0.59868	0.01649	0.02749	0.01100	0.00550	0.00916
21	0.01435	0.01048	0.01347	0.01273	0.01522	0.00961	0.00954	0.01903	0.02863	0.04017	0.53574	0.07828	0.13162	0.02135	0.01211	0.00325	0.00487	0.01879	0.01117	0.00961
22	0.01213	0.01040	0.01040	0.01040	0.01386	0.00866	0.00780	0.01473	0.02339	0.02772	0.10396	0.09876	0.57117	0.02599	0.01213	0.00347	0.00520	0.02166	0.00953	0.00866
23	0.02744	0.64552	0.05378	0.01756	0.02634	0.04061	0.01756	0.03073	0.02085	0.02414	0.01427	0.01646	0.01317	0.00878	0.00658	0.00219	0.01097	0.00549	0.00439	0.01317
24	0.01482	0.01036	0.01329	0.01329	0.01402	0.01109	0.00884	0.01627	0.01554	0.02145	0.03042	0.05653	0.03269	0.41665	0.26862	0.01254	0.01689	0.01337	0.00593	0.00738
25	0.01466	0.01100	0.01649	0.01649	0.01833	0.01283	0.01283	0.01833	0.01649	0.02382	0.02749	0.04032	0.02566	0.07697	0.59868	0.01649	0.02749	0.01100	0.00550	0.00916
26	0.01492	0.00995	0.01119	0.01119	0.01119	0.00995	0.00622	0.01492	0.01492	0.01990	0.03233	0.06716	0.03731	0.63935	0.05223	0.00995	0.00995	0.01492	0.00622	0.00622
27	0.02454	0.19923	0.03474	0.02692	0.11344	0.10754	0.01915	0.02786	0.02037	0.02551	0.01902	0.02735	0.01786	0.06969	0.12744	0.00603	0.10786	0.00851	0.00499	0.01192
28	0.02418	0.36373	0.30701	0.02312	0.03494	0.03263	0.02724	0.03157	0.02124	0.02812	0.01624	0.01894	0.01309	0.00924	0.00809	0.00270	0.01297	0.00648	0.00436	0.01412
29	0.02671	0.38025	0.23830	0.02173	0.03268	0.03239	0.02449	0.03310	0.02191	0.07768	0.01810	0.01997	0.01422	0.00948	0.00804	0.00265	0.01225	0.00666	0.00512	0.01426
30	0.02615	0.02276	0.03817	0.05604	0.49263	0.02253	0.02866	0.03177	0.02359	0.07674	0.02358	0.06837	0.02057	0.01103	0.01038	0.00314	0.01148	0.01063	0.00600	0.01580
31	0.04604	0.01746	0.02382	0.01826	0.02620	0.01508	0.01508	0.05001	0.02937	0.58244	0.04049	0.03493	0.02540	0.01270	0.01032	0.00318	0.00873	0.01032	0.01270	0.01746
32	0.71184	0.01985	0.01508	0.01350	0.01985	0.02302	0.01111	0.03017	0.01746	0.04604	0.01429	0.01667	0.01111	0.00953	0.00635	0.00318	0.00794	0.00556	0.00635	0.01111
33	0.02812	0.02333	0.02467	0.02141	0.02767	0.02674	0.01687	0.14824	0.45885	0.04712	0.03847	0.03566	0.02865	0.01361	0.01041	0.00340	0.00873	0.01115	0.01041	0.01648
34	0.02541	0.02069	0.02350	0.01716	0.02607	0.01791	0.01387	0.14599	0.02757	0.04072	0.01973	0.02206	0.01573	0.00870	0.00822	0.00188	0.00846	0.00682	0.00706	0.54245
35	0.13363	0.04421	0.42168	0.02859	0.04167	0.02399	0.10160	0.03217	0.02133	0.03476	0.01806	0.02167	0.01304	0.00956	0.00952	0.00327	0.01428	0.00787	0.00478	0.01433
36	0.03740	0.02151	0.03836	0.02816	0.03706	0.01939	0.22218	0.04322	0.02733	0.36482	0.03268	0.03206	0.02151	0.01110	0.01103	0.00329	0.01213	0.01103	0.00973	0.01603
37	0.01492	0.00995	0.01119	0.01119	0.01119	0.00995	0.00622	0.01492	0.01492	0.01990	0.03233	0.06716	0.03731	0.63935	0.05223	0.00995	0.00995	0.01492	0.00622	0.00622
38	0.07125	0.30111	0.27505	0.02252	0.03361	0.03107	0.02567	0.03334	0.06366	0.03069	0.01822	0.02043	0.01440	0.00965	0.00822	0.00281	0.01232	0.00687	0.00498	0.01412
39	0.01264	0.00972	0.01158	0.01259	0.01455	0.00865	0.00888	0.01517	0.02242	0.02889	0.14714	0.34812	0.26639	0.02820	0.01258	0.00376	0.00551	0.02478	0.00978	0.00865
40	0.01660	0.01339	0.01901	0.17729	0.03118	0.01434	0.01526	0.02364	0.06288	0.03721	0.38354	0.06061	0.06970	0.01758	0.01149	0.00330	0.00747	0.01551	0.00940	0.01060
41	0.02282	0.01233	0.01638	0.01432	0.01819	0.01110	0.01110	0.02743	0.02913	0.18365	0.43054	0.06567	0.07803	0.01880	0.01163	0.00321	0.00587	0.01639	0.01167	0.01173
42	0.01938	0.01824	0.03078	0.61468	0.07068	0.02280	0.02850	0.02622	0.02052	0.02622	0.01824	0.02736	0.01368	0.01026	0.01026	0.00342	0.01368	0.00912	0.00456	0.01140
43	0.02128	0.01824	0.02128	0.01520	0.02432	0.01368	0.01216	0.02584	0.02128	0.03344	0.01824	0.02128	0.01520	0.00760	0.00760	0.00152	0.00760	0.00608	0.00608	0.70208
44	0.04604	0.01746	0.02382	0.01826	0.02620	0.01508	0.01508	0.05001	0.02937	0.58244	0.04049	0.03493	0.02540	0.01270	0.01032	0.00318	0.00873	0.01032	0.01270	0.01746
45	0.01852	0.01075	0.01435	0.01456	0.01685	0.00981	0.01047	0.02151	0.02382	0.12089	0.19550	0.38201	0.06894	0.02590	0.01237	0.00375	0.00610	0.02318	0.01053	0.01019
46	0.02744	0.64552	0.05378	0.01756	0.02634	0.04061	0.01756	0.03073	0.02085	0.02414	0.01427	0.01646	0.01317	0.00878	0.00658	0.00219	0.01097	0.00549	0.00439	0.01317
47	0.03696	0.02772	0.02964	0.02320	0.03104	0.03086	0.01901	0.46701	0.12570	0.06136	0.02725	0.02672	0.01957	0.01256	0.01029	0.00314	0.01081	0.00960	0.01029	0.01727
48	0.01893	0.01293	0.01623	0.01406	0.01836	0.01107	0.01057	0.02290	0.02486	0.08481	0.27356	0.12963	0.06104	0.05968	0.01358	0.00334	0.00641	0.01565	0.00948	0.19293
49	0.20428	0.16162	0.33012	0.02278	0.03436	0.02694	0.02682	0.03153	0.02040	0.03442	0.01651	0.01932	0.01254	0.00950	0.00823	0.00302	0.01243	0.00663	0.00488	0.01370
50	0.10503	0.02175	0.02552	0.01975	0.02764	0.02185	0.01631	0.22507	0.03507	0.34638	0.03236	0.02954	0.02122	0.01227	0.00993	0.00314	0.00958	0.00949	0.01124	0.01687
51	0.07872	0.01515	0.01917	0.01615	0.02159	0.01417	0.01280	0.03682	0.06316	0.30038	0.20437	0.09026	0.05008	0.01655	0.01081	0.00328	0.00723	0.01400	0.01144	0.01386
52	0.01525	0.00991	0.01298	0.01409	0.01571	0.00908	0.00984	0.01777	0.02221	0.06902	0.14674	0.45990	0.10177	0.02843	0.01266	0.00389	0.00591	0.02551	0.01006	0.00925
53	0.02744	0.64552	0.05378	0.01756	0.02634	0.04061	0.01756	0.03073	0.02085	0.02414	0.01427	0.01646	0.01317	0.00878	0.00658	0.00219	0.01097	0.00549	0.00439	0.01317
54	0.01938	0.01824	0.03078	0.61468	0.07068	0.02280	0.02850	0.02622	0.02052	0.02622	0.01824	0.02736	0.01368	0.01026	0.01026	0.00342	0.01368	0.00912	0.00456	0.01140
55	0.02169	0.01378	0.01681	0.01478	0.01887	0.01321	0.01148	0.06737	0.06601	0.12357	0.34682	0.06654	0.13934	0.01923	0.01158	0.00326	0.00622	0.01651	0.01113	0.01180
56	0.02540	0.02438	0.04165	0.06299	0.57533	0.02438	0.03149	0.03149	0.02337	0.03353	0.01930	0.02540	0.01626	0.00914	0.01016	0.00305	0.01219	0.00914	0.00508	0.01626
57	0.01654	0.01181	0.01654	0.01890	0.02126	0.01181	0.01654	0.02126	0.02362	0.03071	0.05433	0.11576	0.05906	0.02835	0.01417	0.00472	0.00945	0.50626	0.00945	0.00945

[dist]
# distance from previous block
# <min> <max>
0	48

# created by:
# /st0/software/busco_prod/Augustus/scripts/msa2prfl.pl ./align_prep/3678.fa
