[name]
unknown

[dist]
# distance from previous block
# <min> <max>
4	41

[block]
# block no. 0 follows, 12 sequences, length 12
# corresponding to MSA columns:
# 41-52
name=unknown_A
#
# <colnr> <probs for GDERKNQSTAVLIFYWHMCP>
#	G	D	E	R	K	N	Q	S	T	A	V	L	I	F	Y	W	H	M	C	P
0	0.16624	0.02212	0.02675	0.06927	0.07887	0.02378	0.01888	0.16564	0.03094	0.15946	0.02704	0.02949	0.01982	0.02157	0.08763	0.00530	0.01335	0.00953	0.00896	0.01537
1	0.02673	0.06494	0.02750	0.18813	0.03972	0.01918	0.01881	0.03165	0.02389	0.14014	0.02960	0.10807	0.02548	0.01374	0.01024	0.00303	0.01029	0.01170	0.00781	0.19935
2	0.03522	0.13157	0.03545	0.09834	0.03656	0.13851	0.02139	0.13490	0.03048	0.11824	0.02256	0.02518	0.01709	0.01268	0.01346	0.00329	0.09397	0.00871	0.00756	0.01484
3	0.02728	0.01680	0.02052	0.06228	0.02638	0.01685	0.01487	0.09774	0.06222	0.14925	0.12363	0.06196	0.14172	0.01859	0.01162	0.00352	0.00837	0.05041	0.07252	0.01349
4	0.02143	0.02024	0.03422	0.52193	0.13721	0.02445	0.03070	0.02859	0.02220	0.02888	0.01953	0.02880	0.01489	0.01075	0.01089	0.00358	0.01433	0.00969	0.00492	0.01279
5	0.02713	0.22707	0.08230	0.21866	0.04594	0.03036	0.02402	0.03660	0.09431	0.07901	0.02367	0.02704	0.01808	0.01111	0.00957	0.00316	0.01237	0.00874	0.00644	0.01440
6	0.03306	0.15626	0.15740	0.11163	0.04053	0.02768	0.02505	0.10601	0.02881	0.17294	0.02568	0.02693	0.01808	0.01144	0.00997	0.00320	0.01256	0.00885	0.00788	0.01603
7	0.49932	0.02391	0.02100	0.01754	0.02488	0.02725	0.01447	0.17528	0.02831	0.05482	0.01846	0.02024	0.01382	0.01101	0.00799	0.00334	0.00950	0.00707	0.00799	0.01382
8	0.01328	0.00949	0.01265	0.01518	0.01581	0.00886	0.01012	0.01518	0.02088	0.02783	0.06010	0.60969	0.07212	0.03416	0.01392	0.00443	0.00633	0.03100	0.01012	0.00886
9	0.69383	0.02109	0.01603	0.01434	0.02109	0.02446	0.01181	0.03205	0.01856	0.04892	0.01518	0.01771	0.01181	0.01012	0.00675	0.00337	0.00843	0.00590	0.00675	0.01181
10	0.03904	0.14764	0.10734	0.02279	0.03230	0.07026	0.02131	0.14638	0.03267	0.23197	0.02858	0.02756	0.01976	0.01198	0.01000	0.00311	0.01210	0.00900	0.00935	0.01686
11	0.01398	0.00978	0.01245	0.01430	0.01476	0.00932	0.00918	0.01536	0.01953	0.02603	0.05317	0.46491	0.06338	0.19086	0.02510	0.00608	0.00747	0.02692	0.00918	0.00825

[dist]
# distance from previous block
# <min> <max>
0	2

[block]
# block no. 1 follows, 12 sequences, length 14
# corresponding to MSA columns:
# 55-68
name=unknown_B
#
# <colnr> <probs for GDERKNQSTAVLIFYWHMCP>
#	G	D	E	R	K	N	Q	S	T	A	V	L	I	F	Y	W	H	M	C	P
0	0.04237	0.02457	0.02972	0.07965	0.03555	0.02566	0.01979	0.27803	0.04019	0.26174	0.03230	0.03089	0.02155	0.01303	0.01093	0.00335	0.01115	0.01027	0.01134	0.01790
1	0.02641	0.01665	0.02083	0.01954	0.05520	0.01604	0.01386	0.06690	0.07514	0.13581	0.18663	0.05206	0.04957	0.08375	0.01604	0.00399	0.00812	0.01361	0.06219	0.07765
2	0.01328	0.00949	0.01265	0.01518	0.01581	0.00886	0.01012	0.01518	0.02088	0.02783	0.06010	0.60969	0.07212	0.03416	0.01392	0.00443	0.00633	0.03100	0.01012	0.00886
3	0.02939	0.13687	0.03187	0.01958	0.02861	0.07769	0.01635	0.12829	0.02914	0.03957	0.01973	0.02210	0.01603	0.00963	0.00862	0.00220	0.01065	0.00708	0.00695	0.35965
4	0.02915	0.62337	0.05714	0.01866	0.02799	0.04314	0.01866	0.03265	0.02215	0.02565	0.01516	0.01749	0.01399	0.00933	0.00700	0.00233	0.01166	0.00583	0.00466	0.01399
5	0.03441	0.03446	0.24962	0.08899	0.04127	0.02084	0.02777	0.04250	0.02672	0.27850	0.03054	0.03031	0.02007	0.01189	0.01070	0.00344	0.01273	0.00961	0.00880	0.01681
6	0.02381	0.01349	0.01664	0.01584	0.01920	0.01301	0.01178	0.07422	0.02721	0.12778	0.10403	0.28948	0.05444	0.02325	0.01185	0.00368	0.00705	0.02037	0.13097	0.01191
7	0.01366	0.01041	0.01264	0.01397	0.01598	0.00939	0.01005	0.01640	0.02350	0.03023	0.12227	0.34879	0.23862	0.03048	0.01355	0.00412	0.00621	0.06024	0.01029	0.00920
8	0.01429	0.01040	0.01365	0.01560	0.01709	0.00975	0.01142	0.01720	0.02305	0.03046	0.11082	0.41462	0.11884	0.03160	0.01394	0.00438	0.00686	0.11648	0.01029	0.00926
9	0.09474	0.13262	0.13952	0.11741	0.03936	0.17651	0.02411	0.03349	0.02418	0.03065	0.02153	0.07795	0.01942	0.01278	0.00974	0.00321	0.01440	0.00967	0.00568	0.01303
10	0.01480	0.01064	0.01291	0.01313	0.01549	0.00969	0.00955	0.01862	0.02638	0.03642	0.28285	0.20918	0.18828	0.02544	0.01263	0.00364	0.00551	0.02227	0.07288	0.00969
11	0.01328	0.00949	0.01265	0.01518	0.01581	0.00886	0.01012	0.01518	0.02088	0.02783	0.06010	0.60969	0.07212	0.03416	0.01392	0.00443	0.00633	0.03100	0.01012	0.00886
12	0.24809	0.07874	0.14073	0.02179	0.02992	0.02606	0.02142	0.03587	0.02204	0.14225	0.02158	0.02381	0.01592	0.01235	0.01345	0.00355	0.11302	0.00801	0.00713	0.01429
13	0.13276	0.02084	0.06171	0.01884	0.02361	0.01998	0.01570	0.10000	0.02486	0.03806	0.03711	0.18598	0.06611	0.07710	0.01800	0.00439	0.07570	0.01575	0.00808	0.05542

[dist]
# distance from previous block
# <min> <max>
0	9

[block]
# block no. 2 follows, 12 sequences, length 34
# corresponding to MSA columns:
# 78-111
name=unknown_C
#
# <colnr> <probs for GDERKNQSTAVLIFYWHMCP>
#	G	D	E	R	K	N	Q	S	T	A	V	L	I	F	Y	W	H	M	C	P
0	0.01784	0.14533	0.02255	0.01521	0.01828	0.01679	0.01179	0.02095	0.02304	0.03129	0.12919	0.33398	0.06013	0.02457	0.01159	0.00361	0.00718	0.02149	0.07482	0.01036
1	0.24478	0.10753	0.02829	0.05555	0.02963	0.02672	0.01656	0.11833	0.06060	0.11670	0.02354	0.02456	0.01740	0.01114	0.00877	0.00307	0.00999	0.00799	0.00824	0.08061
2	0.15340	0.01905	0.02263	0.01793	0.02505	0.01844	0.01467	0.03867	0.02490	0.25399	0.02924	0.02932	0.02063	0.01214	0.01173	0.00304	0.06628	0.00883	0.06234	0.16771
3	0.03307	0.13203	0.08335	0.08100	0.10915	0.02437	0.06132	0.03896	0.02664	0.21517	0.06465	0.03274	0.02558	0.01198	0.01046	0.00323	0.01173	0.01027	0.00845	0.01585
4	0.03456	0.18592	0.07650	0.02091	0.02931	0.02718	0.01909	0.08887	0.09934	0.20274	0.03091	0.03065	0.02252	0.01851	0.06135	0.00443	0.01247	0.00949	0.00911	0.01614
5	0.01328	0.00949	0.01265	0.01518	0.01581	0.00886	0.01012	0.01518	0.02088	0.02783	0.06010	0.60969	0.07212	0.03416	0.01392	0.00443	0.00633	0.03100	0.01012	0.00886
6	0.18305	0.01755	0.02085	0.01716	0.02399	0.01669	0.01387	0.04264	0.02679	0.35352	0.03807	0.08947	0.02821	0.01473	0.01008	0.00341	0.00847	0.01177	0.06421	0.01547
7	0.03097	0.02137	0.03358	0.22320	0.11976	0.02255	0.06827	0.08295	0.02789	0.16467	0.02759	0.03144	0.01966	0.01158	0.01082	0.00339	0.01235	0.01035	0.06250	0.01514
8	0.01387	0.00974	0.01248	0.01443	0.01492	0.00925	0.00932	0.01534	0.01973	0.02630	0.05421	0.48655	0.06469	0.16744	0.02343	0.00583	0.00730	0.02753	0.00932	0.00834
9	0.04391	0.02233	0.02712	0.02126	0.02945	0.02217	0.01741	0.17194	0.10688	0.35860	0.03888	0.03481	0.02571	0.01357	0.01097	0.00339	0.00989	0.01086	0.01249	0.01837
10	0.02493	0.01533	0.02035	0.11249	0.03015	0.01605	0.01624	0.03314	0.09460	0.13338	0.04361	0.16466	0.04013	0.01965	0.01161	0.00377	0.00890	0.08063	0.11760	0.01279
11	0.02979	0.01685	0.02014	0.01713	0.02247	0.01682	0.01353	0.08454	0.11077	0.18550	0.19134	0.05059	0.05024	0.01618	0.01099	0.00329	0.00749	0.01358	0.12433	0.01444
12	0.04145	0.03054	0.03272	0.02509	0.03381	0.03381	0.02072	0.51243	0.05127	0.06872	0.02618	0.02618	0.01854	0.01309	0.01091	0.00327	0.01200	0.00982	0.01091	0.01854
13	0.02342	0.02226	0.03781	0.35918	0.28443	0.02497	0.03169	0.03034	0.02314	0.03129	0.01988	0.02815	0.01574	0.01038	0.01085	0.00346	0.01384	0.00970	0.00509	0.01439
14	0.03894	0.01722	0.02238	0.01851	0.02498	0.01587	0.01513	0.07638	0.02990	0.36150	0.04259	0.05129	0.03245	0.05933	0.01445	0.00404	0.00929	0.07694	0.07308	0.01572
15	0.01832	0.01070	0.01345	0.01453	0.01634	0.01015	0.01037	0.02125	0.02215	0.07373	0.05107	0.35594	0.05528	0.06885	0.01530	0.00440	0.00688	0.05867	0.16276	0.00988
16	0.01708	0.01328	0.02026	0.15845	0.03182	0.01554	0.01648	0.02068	0.01813	0.02493	0.02681	0.04282	0.02530	0.13706	0.32534	0.05758	0.02161	0.01163	0.00563	0.00955
17	0.03213	0.01646	0.02456	0.01946	0.02541	0.01510	0.08223	0.03698	0.02665	0.25119	0.07327	0.04335	0.03242	0.06851	0.01450	0.00384	0.00920	0.01209	0.19867	0.01396
18	0.01579	0.01083	0.01321	0.01321	0.01366	0.01128	0.00824	0.01670	0.01624	0.02211	0.03315	0.06470	0.03675	0.49207	0.17629	0.01219	0.01492	0.01488	0.00643	0.00734
19	0.04486	0.01840	0.02415	0.01899	0.02679	0.01662	0.01553	0.05157	0.07617	0.47235	0.04260	0.03769	0.02764	0.01356	0.01074	0.00334	0.00892	0.01103	0.06122	0.01783
20	0.03681	0.03128	0.03052	0.02526	0.03225	0.17233	0.05407	0.14904	0.12238	0.13445	0.02986	0.03054	0.02202	0.01828	0.05665	0.00443	0.01484	0.01009	0.00918	0.01574
21	0.02019	0.01792	0.02463	0.02239	0.02252	0.02330	0.01749	0.02158	0.01722	0.02526	0.02677	0.14965	0.02994	0.10828	0.03470	0.05961	0.34768	0.01476	0.00611	0.00998
22	0.02772	0.25965	0.28857	0.02610	0.03797	0.12556	0.02921	0.03540	0.02406	0.02999	0.01752	0.02046	0.01392	0.01014	0.00906	0.00294	0.01512	0.00708	0.00480	0.01476
23	0.02716	0.24891	0.31150	0.02593	0.03865	0.03269	0.03003	0.10156	0.02672	0.03630	0.01898	0.02155	0.01454	0.01039	0.00927	0.00304	0.01399	0.00754	0.00552	0.01572
24	0.01603	0.01178	0.01475	0.01629	0.01781	0.01168	0.01128	0.05065	0.05582	0.03167	0.05685	0.53444	0.06608	0.03152	0.01354	0.00430	0.00685	0.02839	0.01024	0.01004
25	0.01894	0.00947	0.01420	0.01420	0.01420	0.00947	0.00947	0.01420	0.01420	0.01894	0.01894	0.03314	0.01894	0.03788	0.04261	0.68277	0.00947	0.00947	0.00473	0.00473
26	0.02636	0.02527	0.04312	0.11840	0.50223	0.02574	0.03315	0.03291	0.02453	0.03486	0.02040	0.02719	0.01700	0.00983	0.01080	0.00328	0.01311	0.00971	0.00534	0.01676
27	0.32765	0.02166	0.02730	0.02622	0.10118	0.02214	0.05960	0.03948	0.02426	0.21383	0.02575	0.02647	0.01802	0.01110	0.00925	0.00338	0.01022	0.00873	0.00868	0.01507
28	0.02027	0.01143	0.01492	0.01543	0.01773	0.01061	0.01116	0.02317	0.02347	0.11498	0.09185	0.35528	0.06064	0.06670	0.01567	0.00447	0.00715	0.05579	0.06870	0.01058
29	0.01801	0.01306	0.01600	0.01512	0.01818	0.01345	0.01151	0.02709	0.10787	0.04099	0.31960	0.06376	0.07057	0.02818	0.09126	0.00534	0.00910	0.01606	0.10353	0.01131
30	0.01323	0.00970	0.01243	0.01462	0.01567	0.00890	0.00987	0.01525	0.02142	0.02805	0.06696	0.54092	0.13646	0.03327	0.01378	0.00433	0.00622	0.02991	0.01012	0.00890
31	0.02481	0.08744	0.36274	0.12416	0.04870	0.10390	0.03443	0.03456	0.02387	0.03170	0.01886	0.02319	0.01398	0.01051	0.01015	0.00332	0.01605	0.00804	0.00479	0.01481
32	0.12250	0.03433	0.22708	0.15350	0.08995	0.02441	0.02925	0.03626	0.06924	0.07878	0.02315	0.02669	0.01684	0.01105	0.01011	0.00348	0.01313	0.00888	0.00636	0.01501
33	0.01774	0.01635	0.05938	0.01710	0.01940	0.01461	0.01331	0.05104	0.02189	0.03008	0.08178	0.25871	0.05105	0.21447	0.02852	0.00618	0.06018	0.02016	0.00830	0.00974

[dist]
# distance from previous block
# <min> <max>
0	17

[block]
# block no. 3 follows, 12 sequences, length 7
# corresponding to MSA columns:
# 129-135
name=unknown_D
#
# <colnr> <probs for GDERKNQSTAVLIFYWHMCP>
#	G	D	E	R	K	N	Q	S	T	A	V	L	I	F	Y	W	H	M	C	P
0	0.27205	0.03264	0.18179	0.02197	0.03212	0.02473	0.02247	0.11501	0.02750	0.13919	0.02329	0.02416	0.01623	0.01128	0.00926	0.00338	0.01145	0.00809	0.00801	0.01540
1	0.33376	0.07929	0.02709	0.02503	0.11817	0.02402	0.01698	0.03379	0.02200	0.09453	0.01970	0.02216	0.01528	0.00999	0.00815	0.00296	0.00959	0.00720	0.00695	0.12336
2	0.19219	0.17742	0.03430	0.11719	0.03535	0.03057	0.01943	0.11154	0.02646	0.08973	0.02030	0.02327	0.01557	0.01149	0.01064	0.00323	0.05215	0.00791	0.00708	0.01418
3	0.01904	0.01291	0.01860	0.02268	0.10938	0.01291	0.01253	0.01839	0.01684	0.02290	0.02597	0.04875	0.02770	0.28611	0.04253	0.26639	0.01058	0.01231	0.00567	0.00781
4	0.02751	0.09582	0.03289	0.11667	0.12791	0.02596	0.02162	0.09950	0.12565	0.06924	0.11155	0.03811	0.03419	0.01353	0.01076	0.00332	0.01061	0.01145	0.00856	0.01516
5	0.13884	0.01336	0.01612	0.07346	0.02173	0.01478	0.01165	0.02030	0.01693	0.02712	0.02574	0.04580	0.02629	0.25351	0.12439	0.13066	0.01344	0.01160	0.00599	0.00829
6	0.03181	0.01920	0.02946	0.16956	0.04123	0.01971	0.07921	0.04023	0.07633	0.21877	0.03321	0.03502	0.02326	0.01229	0.01064	0.00337	0.01100	0.01087	0.11994	0.01489

[dist]
# distance from previous block
# <min> <max>
18	135

[block]
# block no. 4 follows, 12 sequences, length 35
# corresponding to MSA columns:
# 272-306
name=unknown_E
#
# <colnr> <probs for GDERKNQSTAVLIFYWHMCP>
#	G	D	E	R	K	N	Q	S	T	A	V	L	I	F	Y	W	H	M	C	P
0	0.02642	0.02686	0.09595	0.08556	0.03722	0.02475	0.06262	0.14719	0.09650	0.04340	0.07674	0.07285	0.03048	0.01471	0.01287	0.00348	0.05110	0.01226	0.00831	0.07074
1	0.08931	0.02337	0.03512	0.14963	0.11044	0.02475	0.10742	0.08846	0.08961	0.04068	0.05893	0.03190	0.02389	0.01164	0.01076	0.00335	0.01222	0.01064	0.00730	0.07057
2	0.09050	0.02057	0.02934	0.25941	0.11102	0.02289	0.02349	0.09106	0.02779	0.09799	0.09146	0.03517	0.02814	0.01274	0.01076	0.00346	0.01161	0.01081	0.00777	0.01402
3	0.08768	0.01768	0.02426	0.08868	0.09778	0.01750	0.01806	0.02918	0.02261	0.09801	0.02965	0.08452	0.02666	0.02600	0.10910	0.00569	0.01332	0.04056	0.00746	0.15561
4	0.08224	0.07584	0.02775	0.09595	0.09847	0.02150	0.01865	0.08832	0.02639	0.09551	0.03560	0.21695	0.03533	0.01869	0.01116	0.00362	0.00995	0.01613	0.00852	0.01341
5	0.02425	0.09499	0.08323	0.21716	0.11643	0.07128	0.09204	0.03107	0.02476	0.03202	0.08426	0.03274	0.02598	0.01173	0.01082	0.00333	0.01392	0.01057	0.00592	0.01351
6	0.02258	0.01698	0.02388	0.20183	0.03924	0.01803	0.01926	0.07258	0.02846	0.07145	0.18607	0.05706	0.04909	0.01703	0.01181	0.00353	0.00997	0.07377	0.00897	0.06841
7	0.11481	0.02082	0.02975	0.14404	0.11511	0.02173	0.05363	0.03543	0.08573	0.10072	0.02520	0.02935	0.01916	0.01326	0.01285	0.06036	0.01121	0.00951	0.00726	0.09007
8	0.32625	0.02447	0.08680	0.02124	0.06880	0.02194	0.01726	0.03354	0.06918	0.04309	0.02210	0.02490	0.01717	0.01067	0.00822	0.00309	0.00931	0.00772	0.09487	0.08936
9	0.01468	0.01049	0.01269	0.01316	0.01446	0.00986	0.00873	0.01688	0.02225	0.02988	0.18340	0.22468	0.12765	0.23009	0.02777	0.00618	0.00737	0.02187	0.00941	0.00850
10	0.01760	0.01469	0.02353	0.02083	0.02335	0.01639	0.07503	0.02122	0.01813	0.02572	0.02814	0.04552	0.02742	0.17905	0.35042	0.01327	0.07141	0.01252	0.00587	0.00989
11	0.04145	0.03054	0.03272	0.02509	0.03381	0.03381	0.02072	0.51243	0.05127	0.06872	0.02618	0.02618	0.01854	0.01309	0.01091	0.00327	0.01200	0.00982	0.01091	0.01854
12	0.02793	0.52834	0.14147	0.02074	0.03120	0.04016	0.02228	0.03296	0.02230	0.02714	0.01590	0.01842	0.01396	0.00950	0.00756	0.00252	0.01241	0.00620	0.00465	0.01435
13	0.02588	0.01287	0.01713	0.01616	0.01963	0.01161	0.01186	0.02881	0.02521	0.20893	0.11212	0.30442	0.05788	0.07435	0.01626	0.00446	0.00754	0.02152	0.01121	0.01214
14	0.01328	0.00949	0.01265	0.01518	0.01581	0.00886	0.01012	0.01518	0.02088	0.02783	0.06010	0.60969	0.07212	0.03416	0.01392	0.00443	0.00633	0.03100	0.01012	0.00886
15	0.01558	0.01168	0.01752	0.01752	0.01947	0.01363	0.01363	0.01947	0.01752	0.02531	0.02921	0.04283	0.02726	0.08178	0.57360	0.01752	0.02921	0.01168	0.00584	0.00974
16	0.02111	0.02033	0.03641	0.12343	0.04200	0.02079	0.19729	0.02999	0.08584	0.03191	0.03441	0.16693	0.03351	0.08482	0.01739	0.00462	0.01290	0.01671	0.00727	0.01235
17	0.02572	0.02024	0.02704	0.20833	0.04307	0.01950	0.01961	0.07028	0.02546	0.07952	0.02193	0.02628	0.01672	0.00989	0.00950	0.00257	0.01065	0.00819	0.00689	0.34860
18	0.02060	0.01490	0.02257	0.02455	0.08812	0.01714	0.01614	0.01990	0.01653	0.02345	0.01946	0.03160	0.01879	0.03571	0.10296	0.36943	0.13489	0.00979	0.00497	0.00850
19	0.01615	0.01286	0.02014	0.01909	0.02143	0.01224	0.07603	0.01943	0.02229	0.02999	0.10512	0.31860	0.06145	0.13121	0.02109	0.00537	0.00898	0.07988	0.00910	0.00954
20	0.08575	0.01363	0.01340	0.01237	0.01616	0.01408	0.00959	0.08005	0.02594	0.04315	0.04241	0.04527	0.09321	0.01446	0.00860	0.00285	0.00624	0.01141	0.45026	0.01114
21	0.04784	0.02295	0.02604	0.02054	0.02861	0.08922	0.01669	0.05188	0.03117	0.48674	0.03958	0.03482	0.02529	0.01320	0.01082	0.00330	0.01064	0.01045	0.01246	0.01778
22	0.11193	0.02892	0.02854	0.08880	0.03423	0.13748	0.02077	0.06807	0.14467	0.03656	0.02340	0.02700	0.01876	0.01408	0.01675	0.00373	0.16618	0.00929	0.00708	0.01375
23	0.01529	0.01063	0.01353	0.01526	0.01660	0.01024	0.01114	0.01792	0.02146	0.02879	0.05665	0.31466	0.09294	0.13717	0.02130	0.00553	0.00793	0.14220	0.05190	0.00886
24	0.02881	0.08499	0.23337	0.02738	0.06426	0.02281	0.05908	0.03675	0.02485	0.14298	0.02427	0.02605	0.01743	0.01034	0.00992	0.00296	0.01262	0.00856	0.00696	0.15560
25	0.01484	0.01178	0.01385	0.01394	0.01727	0.01012	0.01031	0.01790	0.02358	0.03084	0.10376	0.26484	0.25081	0.02698	0.01272	0.00373	0.00643	0.05407	0.00973	0.10252
26	0.02765	0.32838	0.11023	0.02654	0.09883	0.03302	0.02242	0.06456	0.02466	0.03271	0.01790	0.02091	0.01509	0.00954	0.00837	0.00253	0.01178	0.00700	0.00549	0.13240
27	0.02802	0.02881	0.12488	0.02763	0.09986	0.02202	0.02241	0.13127	0.02913	0.07002	0.02278	0.02586	0.01755	0.01394	0.03948	0.00344	0.01217	0.00840	0.00726	0.26507
28	0.03123	0.10625	0.21175	0.08850	0.03986	0.02490	0.02637	0.04207	0.09168	0.18690	0.02913	0.02948	0.02033	0.01180	0.01028	0.00335	0.01240	0.00938	0.00809	0.01627
29	0.01894	0.00947	0.01420	0.01420	0.01420	0.00947	0.00947	0.01420	0.01420	0.01894	0.01894	0.03314	0.01894	0.03788	0.04261	0.68277	0.00947	0.00947	0.00473	0.00473
30	0.01524	0.01161	0.01421	0.01539	0.01731	0.01135	0.01082	0.02125	0.08576	0.03231	0.12732	0.41229	0.12495	0.02945	0.01331	0.00412	0.00637	0.02629	0.01049	0.01013
31	0.02916	0.11670	0.31754	0.02835	0.04121	0.02834	0.06372	0.12271	0.02899	0.08924	0.02262	0.02468	0.01613	0.01094	0.01027	0.00329	0.01432	0.00870	0.00666	0.01643
32	0.02608	0.02399	0.06973	0.08572	0.03346	0.02295	0.01969	0.15625	0.13485	0.04591	0.11662	0.04796	0.06521	0.01591	0.01138	0.00346	0.01012	0.04087	0.00950	0.06034
33	0.02804	0.29916	0.16271	0.02208	0.03143	0.06971	0.02250	0.09121	0.02574	0.03253	0.02018	0.02707	0.01789	0.08999	0.01483	0.00382	0.01313	0.00824	0.00575	0.01399
34	0.03382	0.03649	0.02924	0.09573	0.03710	0.27403	0.02093	0.09089	0.19560	0.03705	0.02711	0.02836	0.02086	0.01254	0.01048	0.00325	0.01467	0.00936	0.00783	0.01466

[dist]
# distance from previous block
# <min> <max>
4	16

[block]
# block no. 5 follows, 12 sequences, length 32
# corresponding to MSA columns:
# 323-354
name=unknown_F
#
# <colnr> <probs for GDERKNQSTAVLIFYWHMCP>
#	G	D	E	R	K	N	Q	S	T	A	V	L	I	F	Y	W	H	M	C	P
0	0.10009	0.02877	0.09813	0.13238	0.04096	0.02663	0.02306	0.22455	0.03418	0.08702	0.02344	0.02590	0.01685	0.01153	0.01013	0.00321	0.01206	0.00891	0.00823	0.08397
1	0.36195	0.09288	0.09488	0.01945	0.02800	0.06106	0.01817	0.08420	0.02492	0.09695	0.01981	0.02134	0.01468	0.01078	0.00829	0.00323	0.01093	0.00716	0.00729	0.01403
2	0.01924	0.01430	0.01747	0.01814	0.02077	0.01475	0.01366	0.08589	0.08010	0.03596	0.05355	0.38160	0.05922	0.02858	0.01344	0.00431	0.00801	0.10944	0.01031	0.01124
3	0.03112	0.02705	0.02603	0.02226	0.02883	0.08536	0.01756	0.19031	0.26346	0.04857	0.04445	0.04234	0.09324	0.01556	0.01114	0.00347	0.01044	0.01238	0.01032	0.01611
4	0.01985	0.02128	0.08972	0.01755	0.02547	0.01434	0.01561	0.02528	0.02367	0.03542	0.10835	0.12837	0.03867	0.01489	0.01008	0.00260	0.00837	0.01278	0.00769	0.37998
5	0.03145	0.08332	0.28859	0.02784	0.04025	0.02699	0.05972	0.14064	0.03061	0.12994	0.02482	0.02610	0.01725	0.01133	0.01050	0.00333	0.01389	0.00907	0.00754	0.01681
6	0.02564	0.03457	0.21172	0.16777	0.05517	0.02488	0.19498	0.03498	0.02449	0.08633	0.02276	0.02807	0.01626	0.01041	0.01140	0.00356	0.01581	0.01038	0.00588	0.01493
7	0.01586	0.01057	0.01189	0.01189	0.01189	0.01057	0.00661	0.01586	0.01586	0.02114	0.03436	0.07135	0.03964	0.61681	0.05550	0.01057	0.01057	0.01586	0.00661	0.00661
8	0.02755	0.01929	0.02961	0.38197	0.05728	0.02199	0.02492	0.06664	0.02662	0.14267	0.06955	0.03502	0.02497	0.01257	0.01108	0.00354	0.01245	0.01082	0.00769	0.01376
9	0.02478	0.03544	0.22141	0.22014	0.05257	0.07014	0.06487	0.03336	0.02464	0.06967	0.05980	0.03057	0.02180	0.01164	0.01091	0.00347	0.01474	0.00994	0.00602	0.01410
10	0.02411	0.16533	0.29234	0.08869	0.04817	0.02943	0.13779	0.03354	0.02331	0.03208	0.01917	0.02388	0.01452	0.00994	0.01026	0.00329	0.01552	0.00881	0.00484	0.01495
11	0.01570	0.01119	0.01504	0.01504	0.01613	0.01228	0.01053	0.01788	0.01679	0.02347	0.03148	0.05542	0.03272	0.31783	0.34501	0.01446	0.02098	0.01352	0.00618	0.00835
12	0.06999	0.05387	0.52134	0.02988	0.04532	0.02526	0.03825	0.03435	0.02270	0.03556	0.01925	0.02264	0.01367	0.01034	0.01010	0.00345	0.01556	0.00790	0.00476	0.01581
13	0.03012	0.02296	0.02433	0.10841	0.03304	0.09133	0.01756	0.13178	0.03192	0.12934	0.07872	0.08387	0.13581	0.01747	0.01149	0.00345	0.01080	0.01430	0.00958	0.01373
14	0.02169	0.01922	0.02772	0.08297	0.09915	0.01703	0.05176	0.02737	0.02476	0.03643	0.12914	0.03661	0.03428	0.01163	0.01005	0.00256	0.00948	0.01044	0.00725	0.34047
15	0.04073	0.05197	0.03090	0.02809	0.03371	0.57303	0.02107	0.04354	0.03090	0.02669	0.01685	0.01966	0.01404	0.01124	0.00983	0.00281	0.01966	0.00702	0.00562	0.01264
16	0.02320	0.01876	0.03074	0.43624	0.09817	0.02194	0.02700	0.02955	0.02288	0.08234	0.02602	0.08883	0.02186	0.01345	0.01121	0.00366	0.01305	0.01199	0.00630	0.01281
17	0.02261	0.01938	0.02261	0.01615	0.02584	0.01453	0.01292	0.02745	0.02261	0.03553	0.01938	0.02261	0.01615	0.00807	0.00807	0.00161	0.00807	0.00646	0.00646	0.68346
18	0.01543	0.01115	0.01457	0.01372	0.01629	0.01029	0.01029	0.02058	0.03086	0.04372	0.54304	0.08145	0.10288	0.02229	0.01286	0.00343	0.00514	0.01972	0.01200	0.01029
19	0.01369	0.01108	0.01217	0.01189	0.01522	0.00955	0.00892	0.01721	0.02676	0.03398	0.24777	0.09748	0.40423	0.02592	0.01288	0.00360	0.00540	0.02197	0.01072	0.00955
20	0.01340	0.01012	0.01239	0.01383	0.01555	0.00911	0.00961	0.01590	0.02310	0.03001	0.12643	0.40706	0.21202	0.03099	0.01351	0.00411	0.00597	0.02748	0.01032	0.00911
21	0.02937	0.02275	0.02745	0.15407	0.03973	0.02603	0.02052	0.09919	0.30939	0.09609	0.03649	0.03607	0.02671	0.01358	0.01102	0.00360	0.01043	0.01131	0.00987	0.01633
22	0.37921	0.30617	0.03548	0.01638	0.02435	0.03330	0.01505	0.03233	0.02026	0.03791	0.01517	0.01761	0.01284	0.00975	0.00687	0.00288	0.00996	0.00587	0.00576	0.01284
23	0.09586	0.01428	0.01795	0.01633	0.02080	0.01332	0.01246	0.03170	0.02635	0.22440	0.14441	0.23822	0.05570	0.02190	0.01191	0.00374	0.00738	0.01897	0.01137	0.01295
24	0.02154	0.01209	0.01492	0.01443	0.01784	0.01137	0.01154	0.02631	0.02672	0.10601	0.18313	0.07356	0.09915	0.02023	0.01144	0.00350	0.00670	0.10980	0.21855	0.01118
25	0.03874	0.06569	0.03152	0.02734	0.09709	0.02532	0.01976	0.15109	0.13216	0.24340	0.03469	0.03271	0.02419	0.01288	0.01068	0.00332	0.01039	0.01046	0.01078	0.01781
26	0.07400	0.15203	0.10652	0.14814	0.15314	0.02879	0.02646	0.03096	0.02200	0.03214	0.01892	0.02473	0.01552	0.01113	0.01202	0.00328	0.07203	0.00841	0.04578	0.01400
27	0.01894	0.00947	0.01420	0.01420	0.01420	0.00947	0.00947	0.01420	0.01420	0.01894	0.01894	0.03314	0.01894	0.03788	0.04261	0.68277	0.00947	0.00947	0.00473	0.00473
28	0.02429	0.01932	0.02412	0.09118	0.03240	0.01591	0.01541	0.02940	0.02314	0.07301	0.02113	0.02452	0.01674	0.00884	0.00866	0.00201	0.00900	0.00721	0.00677	0.54693
29	0.04892	0.01856	0.02530	0.01940	0.02783	0.01603	0.01603	0.05314	0.03121	0.55634	0.04302	0.03711	0.02699	0.01350	0.01096	0.00337	0.00928	0.01096	0.01350	0.01856
30	0.01728	0.01331	0.01732	0.05229	0.02367	0.01358	0.01519	0.02443	0.07882	0.03370	0.11073	0.17775	0.12493	0.02682	0.01370	0.00437	0.00849	0.22288	0.01006	0.01067
31	0.06746	0.02809	0.10706	0.19219	0.18197	0.02538	0.09323	0.06898	0.02592	0.07382	0.02199	0.02746	0.01644	0.01060	0.01082	0.00345	0.01391	0.00978	0.00623	0.01523

[dist]
# distance from previous block
# <min> <max>
9	13

[block]
# block no. 6 follows, 12 sequences, length 24
# corresponding to MSA columns:
# 369-392
name=unknown_G
#
# <colnr> <probs for GDERKNQSTAVLIFYWHMCP>
#	G	D	E	R	K	N	Q	S	T	A	V	L	I	F	Y	W	H	M	C	P
0	0.02420	0.02107	0.07821	0.08181	0.12270	0.01811	0.02077	0.03240	0.07357	0.11077	0.16858	0.11795	0.04909	0.01733	0.01176	0.00356	0.00959	0.01531	0.00929	0.01393
1	0.01669	0.01174	0.01474	0.01448	0.01472	0.01279	0.00945	0.01698	0.01630	0.02230	0.03234	0.09894	0.03638	0.41054	0.10108	0.07447	0.06692	0.01532	0.00643	0.00740
2	0.34210	0.02542	0.06978	0.02710	0.06875	0.02391	0.12698	0.03649	0.02303	0.12860	0.02205	0.02459	0.01593	0.01047	0.00936	0.00344	0.01166	0.00872	0.00735	0.01427
3	0.19091	0.33814	0.04185	0.02287	0.08195	0.03337	0.01826	0.03520	0.02273	0.09977	0.01928	0.02105	0.01547	0.01009	0.00785	0.00281	0.01072	0.00692	0.00637	0.01440
4	0.12056	0.02890	0.14851	0.09363	0.11401	0.02364	0.02532	0.03564	0.07765	0.08726	0.07260	0.03231	0.02585	0.01280	0.01216	0.00354	0.05345	0.01012	0.00730	0.01473
5	0.02947	0.09143	0.08583	0.06689	0.14016	0.02636	0.05941	0.07406	0.12556	0.10424	0.03040	0.03646	0.02399	0.01290	0.01088	0.00345	0.01201	0.04237	0.00808	0.01606
6	0.01536	0.01091	0.01318	0.01274	0.01440	0.01030	0.00864	0.01824	0.02435	0.03342	0.30033	0.07970	0.12017	0.25801	0.02973	0.00628	0.00733	0.01851	0.00969	0.00873
7	0.01841	0.01412	0.01580	0.01578	0.01899	0.01462	0.01162	0.02973	0.17317	0.03652	0.10706	0.23357	0.13724	0.02346	0.01201	0.00375	0.00660	0.02040	0.09541	0.01170
8	0.01864	0.01186	0.01560	0.01426	0.01740	0.01084	0.01084	0.02370	0.03090	0.09285	0.49512	0.07720	0.09561	0.02145	0.01268	0.00342	0.00554	0.01888	0.01215	0.01108
9	0.61080	0.02501	0.01792	0.01609	0.02269	0.09420	0.01299	0.03351	0.02013	0.04609	0.01539	0.01796	0.01209	0.01026	0.00714	0.00330	0.00986	0.00605	0.00660	0.01191
10	0.29517	0.23439	0.03395	0.01944	0.02676	0.17550	0.01658	0.03528	0.02304	0.03513	0.01562	0.01815	0.01314	0.01015	0.00765	0.00287	0.01249	0.00617	0.00574	0.01277
11	0.02398	0.01571	0.02572	0.02236	0.02698	0.01590	0.08511	0.02888	0.02268	0.13342	0.03572	0.05325	0.03164	0.04923	0.28844	0.01065	0.02049	0.08956	0.00802	0.01224
12	0.02248	0.03136	0.18785	0.08064	0.04003	0.01994	0.06928	0.03030	0.02294	0.03441	0.01969	0.02401	0.01533	0.00914	0.00949	0.00256	0.01208	0.00786	0.00566	0.35495
13	0.01803	0.01303	0.01692	0.01826	0.02098	0.01314	0.01519	0.02406	0.07391	0.03173	0.05895	0.10080	0.12261	0.02922	0.01786	0.09086	0.00919	0.30581	0.00948	0.00997
14	0.03020	0.02253	0.02753	0.12809	0.03763	0.02283	0.01899	0.15236	0.09475	0.09909	0.02674	0.02855	0.01976	0.01126	0.00999	0.00285	0.01045	0.00912	0.00858	0.23869
15	0.01523	0.01000	0.01249	0.01349	0.01374	0.00975	0.00836	0.01538	0.01763	0.02351	0.04258	0.27948	0.04986	0.31270	0.03741	0.09359	0.00875	0.02103	0.00776	0.00726
16	0.02930	0.24001	0.14578	0.13132	0.04226	0.08726	0.02574	0.11375	0.02802	0.03517	0.01885	0.02245	0.01483	0.01065	0.00934	0.00301	0.01394	0.00779	0.00583	0.01469
17	0.16412	0.20351	0.03378	0.02017	0.02768	0.08540	0.01712	0.07508	0.15868	0.07712	0.02582	0.02589	0.01991	0.01168	0.00887	0.00309	0.01087	0.00833	0.00794	0.01493
18	0.01566	0.01135	0.01586	0.01586	0.01723	0.01272	0.01155	0.01840	0.01703	0.02408	0.03073	0.05128	0.03092	0.24013	0.42025	0.01547	0.02369	0.01292	0.00607	0.00881
19	0.01908	0.01224	0.01696	0.11829	0.02631	0.01300	0.01345	0.02211	0.02054	0.05762	0.03698	0.18617	0.03705	0.09131	0.07146	0.07048	0.01060	0.01612	0.15052	0.00970
20	0.03941	0.02294	0.03210	0.08646	0.15750	0.02295	0.02253	0.14386	0.03306	0.27821	0.03182	0.03161	0.02169	0.01226	0.01091	0.00334	0.01123	0.01030	0.01019	0.01763
21	0.01556	0.01162	0.01721	0.01712	0.01913	0.01327	0.01327	0.01959	0.01895	0.02728	0.08410	0.04696	0.03534	0.07542	0.51369	0.01602	0.02663	0.01254	0.00650	0.00979
22	0.09635	0.01671	0.01991	0.01653	0.02221	0.01629	0.01317	0.08749	0.02873	0.24645	0.08247	0.03873	0.03135	0.01614	0.01307	0.06830	0.00822	0.01089	0.15298	0.01402
23	0.02874	0.32871	0.16553	0.02168	0.03160	0.03206	0.02270	0.06207	0.02494	0.08808	0.02435	0.08044	0.02142	0.01272	0.00914	0.00297	0.01193	0.00965	0.00652	0.01474

[dist]
# distance from previous block
# <min> <max>
0	3

[block]
# block no. 7 follows, 12 sequences, length 22
# corresponding to MSA columns:
# 396-417
name=unknown_H
#
# <colnr> <probs for GDERKNQSTAVLIFYWHMCP>
#	G	D	E	R	K	N	Q	S	T	A	V	L	I	F	Y	W	H	M	C	P
0	0.03690	0.15170	0.04167	0.02813	0.03617	0.23942	0.11283	0.07966	0.02994	0.11020	0.02217	0.02423	0.01680	0.01096	0.01012	0.00300	0.01570	0.00872	0.00702	0.01466
1	0.02755	0.02621	0.08577	0.21975	0.04720	0.02671	0.02519	0.10639	0.15080	0.07504	0.02766	0.03094	0.02047	0.01306	0.01323	0.00367	0.06716	0.01026	0.00781	0.01514
2	0.02915	0.62337	0.05714	0.01866	0.02799	0.04314	0.01866	0.03265	0.02215	0.02565	0.01516	0.01749	0.01399	0.00933	0.00700	0.00233	0.01166	0.00583	0.00466	0.01399
3	0.02496	0.29702	0.34676	0.02581	0.03904	0.03289	0.03111	0.03373	0.02265	0.03076	0.01770	0.02067	0.01389	0.00992	0.00893	0.00298	0.01422	0.00711	0.00463	0.01521
4	0.02174	0.01677	0.02195	0.02075	0.02452	0.01736	0.04558	0.11836	0.07469	0.03890	0.04918	0.30043	0.05263	0.02585	0.01326	0.00422	0.00921	0.12242	0.01006	0.01213
5	0.02346	0.02064	0.02681	0.02599	0.12720	0.01674	0.01690	0.02862	0.02304	0.03555	0.01960	0.02346	0.01637	0.00839	0.00860	0.00193	0.00902	0.00709	0.00625	0.55433
6	0.01364	0.00974	0.01306	0.01558	0.01637	0.00916	0.01073	0.01579	0.02122	0.02823	0.05990	0.56978	0.07135	0.03383	0.01401	0.00448	0.00663	0.06744	0.01011	0.00895
7	0.01513	0.01126	0.01658	0.01707	0.01876	0.01270	0.01295	0.01864	0.01817	0.02580	0.03519	0.15271	0.03595	0.07255	0.46511	0.01499	0.02477	0.01543	0.00667	0.00956
8	0.01353	0.00959	0.01258	0.01487	0.01545	0.00902	0.00979	0.01525	0.02040	0.02721	0.05768	0.55918	0.06907	0.08883	0.01782	0.00500	0.00672	0.02958	0.00979	0.00865
9	0.01586	0.01057	0.01189	0.01189	0.01189	0.01057	0.00661	0.01586	0.01586	0.02114	0.03436	0.07135	0.03964	0.61681	0.05550	0.01057	0.01057	0.01586	0.00661	0.00661
10	0.02915	0.62337	0.05714	0.01866	0.02799	0.04314	0.01866	0.03265	0.02215	0.02565	0.01516	0.01749	0.01399	0.00933	0.00700	0.00233	0.01166	0.00583	0.00466	0.01399
11	0.02528	0.02336	0.03580	0.04708	0.34439	0.02146	0.02543	0.03111	0.02396	0.03559	0.02007	0.02528	0.01683	0.00907	0.00973	0.00260	0.01105	0.00844	0.00581	0.27765
12	0.08242	0.02397	0.03596	0.12156	0.21470	0.02712	0.05925	0.03623	0.12103	0.03600	0.02364	0.02882	0.01900	0.01241	0.01476	0.00368	0.10790	0.01009	0.00645	0.01501
13	0.01546	0.01073	0.01232	0.01216	0.01304	0.01037	0.00750	0.01675	0.01971	0.02639	0.14096	0.07684	0.10498	0.43961	0.04275	0.00846	0.00899	0.01736	0.00802	0.00759
14	0.09443	0.01634	0.01922	0.01652	0.02220	0.01598	0.01306	0.04084	0.09035	0.25910	0.04055	0.09689	0.03139	0.01532	0.01006	0.00332	0.00775	0.01258	0.17946	0.01464
15	0.02837	0.03327	0.22506	0.09219	0.13967	0.02158	0.02910	0.03631	0.02538	0.15860	0.03388	0.03549	0.06750	0.01266	0.01088	0.00343	0.01270	0.01065	0.00743	0.01585
16	0.02340	0.02837	0.13516	0.14570	0.20828	0.02379	0.02862	0.03522	0.11056	0.03661	0.08731	0.03553	0.02915	0.01245	0.01103	0.00346	0.01219	0.01104	0.00691	0.01522
17	0.03826	0.02526	0.12849	0.08094	0.03526	0.01819	0.02151	0.04451	0.02792	0.35560	0.03535	0.03384	0.02321	0.01255	0.01056	0.00335	0.01080	0.01020	0.06754	0.01669
18	0.02336	0.01908	0.02256	0.01773	0.02594	0.01592	0.01454	0.07106	0.02572	0.03802	0.02744	0.04239	0.02540	0.01281	0.00969	0.00243	0.00882	0.09766	0.00756	0.49185
19	0.15378	0.07663	0.08221	0.02465	0.03247	0.02492	0.11353	0.11618	0.02651	0.07560	0.02153	0.02630	0.01673	0.01603	0.01628	0.13502	0.01225	0.00919	0.00695	0.01325
20	0.01597	0.01219	0.01498	0.01654	0.01825	0.01240	0.01150	0.02347	0.11938	0.03128	0.05705	0.49940	0.06459	0.03041	0.01337	0.00429	0.00677	0.02738	0.01031	0.01048
21	0.09329	0.03170	0.19652	0.02513	0.03608	0.02075	0.06957	0.04377	0.02704	0.29991	0.03130	0.03030	0.02057	0.01182	0.01059	0.00343	0.01221	0.00980	0.00937	0.01685

[dist]
# distance from previous block
# <min> <max>
0	6

[block]
# block no. 8 follows, 12 sequences, length 10
# corresponding to MSA columns:
# 424-433
name=unknown_I
#
# <colnr> <probs for GDERKNQSTAVLIFYWHMCP>
#	G	D	E	R	K	N	Q	S	T	A	V	L	I	F	Y	W	H	M	C	P
0	0.11430	0.02973	0.12569	0.10323	0.10207	0.06747	0.02434	0.06605	0.02663	0.15571	0.02722	0.06406	0.02111	0.01279	0.01039	0.00342	0.01241	0.01036	0.00785	0.01515
1	0.21422	0.45567	0.04569	0.01745	0.02606	0.03794	0.01675	0.03248	0.02115	0.03213	0.01517	0.01755	0.01338	0.00955	0.00693	0.00262	0.01076	0.00585	0.00524	0.01338
2	0.14436	0.01422	0.01782	0.01673	0.02025	0.01568	0.01304	0.02594	0.01939	0.09957	0.02888	0.03981	0.02541	0.10354	0.35268	0.01249	0.02123	0.01087	0.00708	0.01103
3	0.02861	0.02318	0.06237	0.02253	0.02909	0.02174	0.04728	0.14281	0.02982	0.11136	0.03686	0.13875	0.06083	0.01758	0.01439	0.00353	0.08308	0.01426	0.00897	0.10296
4	0.02160	0.01393	0.01736	0.01470	0.01922	0.01208	0.01098	0.02561	0.02625	0.10552	0.26236	0.06011	0.06116	0.12683	0.01932	0.00431	0.00736	0.01478	0.00993	0.16658
5	0.02284	0.02020	0.02459	0.01844	0.02635	0.01799	0.01492	0.02723	0.02153	0.03383	0.01845	0.02284	0.01581	0.01009	0.01315	0.00219	0.11602	0.00702	0.00615	0.56035
6	0.03037	0.04000	0.20282	0.02467	0.03467	0.17350	0.02447	0.03717	0.02680	0.10225	0.06025	0.02816	0.02258	0.01147	0.01005	0.00292	0.01391	0.00871	0.00695	0.13828
7	0.01838	0.01691	0.02773	0.02367	0.02696	0.01827	0.11184	0.02259	0.02212	0.03064	0.10268	0.18387	0.09183	0.03128	0.10089	0.00610	0.12732	0.01822	0.00776	0.01095
8	0.01586	0.01057	0.01189	0.01189	0.01189	0.01057	0.00661	0.01586	0.01586	0.02114	0.03436	0.07135	0.03964	0.61681	0.05550	0.01057	0.01057	0.01586	0.00661	0.00661
9	0.21044	0.02460	0.02627	0.02067	0.02880	0.02620	0.01706	0.25465	0.03701	0.20694	0.02831	0.02723	0.01930	0.01245	0.00986	0.00333	0.01029	0.00915	0.01060	0.01682

[dist]
# distance from previous block
# <min> <max>
2	29

[block]
# block no. 9 follows, 12 sequences, length 64
# corresponding to MSA columns:
# 463-526
name=unknown_J
#
# <colnr> <probs for GDERKNQSTAVLIFYWHMCP>
#	G	D	E	R	K	N	Q	S	T	A	V	L	I	F	Y	W	H	M	C	P
0	0.19715	0.02465	0.02282	0.01991	0.02615	0.06775	0.01572	0.14782	0.17347	0.04763	0.03727	0.07715	0.06767	0.01543	0.01021	0.00350	0.00979	0.01197	0.00938	0.01454
1	0.01656	0.01032	0.01242	0.01242	0.01242	0.01032	0.00726	0.01548	0.01548	0.02064	0.03083	0.06260	0.03490	0.48423	0.05255	0.16450	0.01032	0.01439	0.00618	0.00618
2	0.02385	0.02385	0.03340	0.02863	0.02863	0.03340	0.02385	0.02624	0.01670	0.02624	0.01431	0.02385	0.01431	0.01908	0.03578	0.00477	0.59685	0.00954	0.00477	0.01193
3	0.01971	0.01739	0.02915	0.03106	0.14633	0.01659	0.09266	0.02579	0.02867	0.04048	0.34121	0.06076	0.06966	0.01735	0.01238	0.00342	0.00900	0.01634	0.00947	0.01259
4	0.02915	0.62337	0.05714	0.01866	0.02799	0.04314	0.01866	0.03265	0.02215	0.02565	0.01516	0.01749	0.01399	0.00933	0.00700	0.00233	0.01166	0.00583	0.00466	0.01399
5	0.02261	0.01938	0.02261	0.01615	0.02584	0.01453	0.01292	0.02745	0.02261	0.03553	0.01938	0.02261	0.01615	0.00807	0.00807	0.00161	0.00807	0.00646	0.00646	0.68346
6	0.04073	0.05197	0.03090	0.02809	0.03371	0.57303	0.02107	0.04354	0.03090	0.02669	0.01685	0.01966	0.01404	0.01124	0.00983	0.00281	0.01966	0.00702	0.00562	0.01264
7	0.17444	0.02012	0.02326	0.01844	0.02609	0.01984	0.01516	0.11418	0.03092	0.33947	0.03434	0.03192	0.02279	0.01269	0.00983	0.00329	0.00916	0.00972	0.06785	0.01649
8	0.02712	0.02342	0.02465	0.02219	0.02835	0.02712	0.01726	0.05794	0.52909	0.04561	0.04438	0.04068	0.03328	0.01479	0.01109	0.00370	0.00863	0.01233	0.01109	0.01726
9	0.03768	0.02690	0.02869	0.02242	0.03004	0.02959	0.01838	0.42547	0.04619	0.06371	0.02785	0.02876	0.02022	0.01302	0.01032	0.00314	0.01076	0.00988	0.12991	0.01705
10	0.04892	0.01856	0.02530	0.01940	0.02783	0.01603	0.01603	0.05314	0.03121	0.55634	0.04302	0.03711	0.02699	0.01350	0.01096	0.00337	0.00928	0.01096	0.01350	0.01856
11	0.01894	0.00947	0.01420	0.01420	0.01420	0.00947	0.00947	0.01420	0.01420	0.01894	0.01894	0.03314	0.01894	0.03788	0.04261	0.68277	0.00947	0.00947	0.00473	0.00473
12	0.04073	0.05197	0.03090	0.02809	0.03371	0.57303	0.02107	0.04354	0.03090	0.02669	0.01685	0.01966	0.01404	0.01124	0.00983	0.00281	0.01966	0.00702	0.00562	0.01264
13	0.19415	0.01913	0.02321	0.01826	0.02631	0.01793	0.01508	0.04839	0.02836	0.44208	0.03675	0.03274	0.02357	0.01274	0.01002	0.00337	0.00909	0.00983	0.01198	0.01704
14	0.01495	0.01078	0.01415	0.01404	0.01618	0.00997	0.01025	0.01938	0.02864	0.04019	0.43552	0.19905	0.09603	0.02493	0.01310	0.00365	0.00541	0.02223	0.01158	0.00997
15	0.01466	0.01071	0.01378	0.01387	0.01604	0.00983	0.01008	0.01877	0.02779	0.03843	0.38227	0.21931	0.13227	0.02579	0.01313	0.00371	0.00548	0.02290	0.01136	0.00983
16	0.02628	0.02133	0.02511	0.16446	0.03689	0.06636	0.01888	0.11047	0.11105	0.03465	0.02440	0.03113	0.01979	0.02082	0.02127	0.22675	0.01186	0.00987	0.00694	0.01167
17	0.69383	0.02109	0.01603	0.01434	0.02109	0.02446	0.01181	0.03205	0.01856	0.04892	0.01518	0.01771	0.01181	0.01012	0.00675	0.00337	0.00843	0.00590	0.00675	0.01181
18	0.03295	0.02074	0.03027	0.32014	0.05352	0.02293	0.02420	0.10703	0.02920	0.20755	0.02814	0.03129	0.01922	0.01207	0.01092	0.00350	0.01244	0.01013	0.00857	0.01517
19	0.02699	0.02591	0.04426	0.06693	0.54879	0.02591	0.03346	0.03346	0.02483	0.03562	0.02051	0.02699	0.01727	0.00972	0.01079	0.00324	0.01295	0.00972	0.00540	0.01727
20	0.02631	0.02521	0.04303	0.12247	0.49855	0.02573	0.03313	0.03287	0.02451	0.03480	0.02039	0.02721	0.01698	0.00984	0.01081	0.00328	0.01312	0.00971	0.00534	0.01672
21	0.01894	0.00947	0.01420	0.01420	0.01420	0.00947	0.00947	0.01420	0.01420	0.01894	0.01894	0.03314	0.01894	0.03788	0.04261	0.68277	0.00947	0.00947	0.00473	0.00473
22	0.01410	0.01109	0.01272	0.01231	0.01547	0.00972	0.00924	0.01799	0.02771	0.03623	0.31591	0.09378	0.33468	0.02509	0.01287	0.00356	0.00534	0.02145	0.01102	0.00972
23	0.01495	0.01068	0.01456	0.01708	0.01845	0.01029	0.01301	0.01806	0.02252	0.02970	0.05918	0.42073	0.06848	0.03259	0.01436	0.00466	0.00777	0.20354	0.01009	0.00932
24	0.01570	0.01119	0.01505	0.01505	0.01614	0.01229	0.01054	0.01788	0.01679	0.02348	0.03147	0.05537	0.03270	0.31693	0.34589	0.01447	0.02102	0.01352	0.00618	0.00836
25	0.02654	0.02234	0.02361	0.01754	0.02674	0.06667	0.01394	0.03114	0.02411	0.07909	0.02116	0.02357	0.01688	0.00883	0.00848	0.00188	0.00926	0.00690	0.00698	0.56433
26	0.02455	0.02287	0.02350	0.01743	0.02668	0.07428	0.01379	0.02918	0.02350	0.03458	0.01911	0.02229	0.01592	0.00841	0.00826	0.00174	0.00931	0.00652	0.00637	0.61171
27	0.17453	0.19429	0.03630	0.02260	0.02676	0.03419	0.01969	0.02936	0.01867	0.03112	0.01475	0.02067	0.01366	0.01431	0.02111	0.00376	0.29888	0.00767	0.00518	0.01249
28	0.02343	0.01844	0.07497	0.01652	0.02207	0.01433	0.01458	0.06253	0.02982	0.12297	0.25334	0.06334	0.13232	0.01873	0.01160	0.00335	0.00751	0.01585	0.08166	0.01264
29	0.02210	0.02151	0.06610	0.01969	0.02555	0.02005	0.01645	0.04020	0.27415	0.04176	0.16726	0.10102	0.05143	0.01758	0.01150	0.00352	0.00813	0.01511	0.01032	0.06659
30	0.02261	0.01938	0.02261	0.01615	0.02584	0.01453	0.01292	0.02745	0.02261	0.03553	0.01938	0.02261	0.01615	0.00807	0.00807	0.00161	0.00807	0.00646	0.00646	0.68346
31	0.02261	0.01938	0.02261	0.01615	0.02584	0.01453	0.01292	0.02745	0.02261	0.03553	0.01938	0.02261	0.01615	0.00807	0.00807	0.00161	0.00807	0.00646	0.00646	0.68346
32	0.69383	0.02109	0.01603	0.01434	0.02109	0.02446	0.01181	0.03205	0.01856	0.04892	0.01518	0.01771	0.01181	0.01012	0.00675	0.00337	0.00843	0.00590	0.00675	0.01181
33	0.01543	0.01115	0.01457	0.01372	0.01629	0.01029	0.01029	0.02058	0.03086	0.04372	0.54304	0.08145	0.10288	0.02229	0.01286	0.00343	0.00514	0.01972	0.01200	0.01029
34	0.02194	0.02098	0.03087	0.20990	0.04197	0.02797	0.02410	0.02566	0.01827	0.02622	0.01811	0.03063	0.01709	0.08036	0.02979	0.00502	0.34445	0.01027	0.00499	0.01142
35	0.02762	0.01922	0.02312	0.01677	0.02622	0.01482	0.01351	0.03235	0.02425	0.13477	0.02388	0.02537	0.01822	0.00911	0.00863	0.00195	0.00830	0.00732	0.00780	0.55676
36	0.04145	0.03054	0.03272	0.02509	0.03381	0.03381	0.02072	0.51243	0.05127	0.06872	0.02618	0.02618	0.01854	0.01309	0.01091	0.00327	0.01200	0.00982	0.01091	0.01854
37	0.03344	0.02916	0.17082	0.02160	0.03252	0.01811	0.02171	0.04016	0.02633	0.25366	0.02934	0.02880	0.02006	0.01097	0.00991	0.00286	0.01078	0.00879	0.00890	0.22210
38	0.02915	0.62337	0.05714	0.01866	0.02799	0.04314	0.01866	0.03265	0.02215	0.02565	0.01516	0.01749	0.01399	0.00933	0.00700	0.00233	0.01166	0.00583	0.00466	0.01399
39	0.56709	0.02425	0.01903	0.06450	0.02700	0.08312	0.01436	0.03293	0.02015	0.04476	0.01572	0.01888	0.01228	0.01031	0.00743	0.00334	0.01015	0.00634	0.00647	0.01192
