[name]
unknown

[dist]
# distance from previous block
# <min> <max>
0	221

[block]
# block no. 0 follows, 14 sequences, length 35
# corresponding to MSA columns:
# 241-275
name=unknown_A
#
# <colnr> <probs for GDERKNQSTAVLIFYWHMCP>
#	G	D	E	R	K	N	Q	S	T	A	V	L	I	F	Y	W	H	M	C	P
0	0.02374	0.08939	0.23191	0.02122	0.03183	0.01993	0.02282	0.03084	0.02242	0.08847	0.02336	0.03060	0.01907	0.01083	0.00915	0.00267	0.01098	0.05059	0.00625	0.25393
1	0.01896	0.01756	0.02929	0.56226	0.06586	0.02166	0.02686	0.02562	0.02126	0.02752	0.06630	0.03165	0.02092	0.01119	0.01042	0.00340	0.01291	0.00994	0.00515	0.01125
2	0.01374	0.01032	0.01149	0.01122	0.01399	0.00917	0.00826	0.01708	0.02450	0.03255	0.24770	0.08387	0.32759	0.06711	0.01457	0.00376	0.00538	0.01909	0.06971	0.00891
3	0.02883	0.19651	0.03571	0.02206	0.02745	0.03211	0.01892	0.20835	0.02901	0.03883	0.02140	0.07472	0.01954	0.01465	0.01607	0.00333	0.18199	0.00986	0.00695	0.01372
4	0.09512	0.01553	0.01930	0.01620	0.02135	0.01506	0.01282	0.07677	0.02617	0.25342	0.11018	0.04174	0.06439	0.02237	0.05699	0.10919	0.00950	0.01144	0.00975	0.01271
5	0.02653	0.02413	0.03903	0.19770	0.25689	0.02575	0.09641	0.13801	0.02799	0.03809	0.02035	0.02606	0.01574	0.01004	0.01047	0.00321	0.01308	0.00956	0.00605	0.01490
6	0.02588	0.20051	0.20828	0.02288	0.03267	0.02971	0.02371	0.09129	0.19264	0.03684	0.02529	0.02580	0.01927	0.01107	0.00917	0.00302	0.01142	0.00845	0.00688	0.01520
7	0.01393	0.01034	0.01309	0.01410	0.01574	0.00988	0.00992	0.01845	0.05823	0.03170	0.20609	0.40176	0.10342	0.02736	0.01258	0.00381	0.00573	0.02451	0.01010	0.00927
8	0.03311	0.02581	0.02747	0.02242	0.02958	0.02907	0.01808	0.32819	0.27078	0.05516	0.03213	0.03061	0.02352	0.01302	0.01034	0.00326	0.00990	0.01027	0.01034	0.01692
9	0.02077	0.01506	0.02111	0.06504	0.09708	0.01386	0.01502	0.02553	0.02538	0.09198	0.24915	0.09567	0.05388	0.01598	0.01070	0.00295	0.00752	0.01411	0.00893	0.15028
10	0.02768	0.04068	0.37507	0.02809	0.04078	0.02181	0.09306	0.03712	0.02399	0.17618	0.02447	0.02587	0.01655	0.01039	0.01019	0.00326	0.01375	0.00885	0.00662	0.01560
11	0.02389	0.14662	0.41406	0.02763	0.04082	0.02614	0.07324	0.03353	0.02230	0.07165	0.01954	0.02227	0.01415	0.00972	0.00946	0.00309	0.01417	0.00780	0.00503	0.01490
12	0.01492	0.00995	0.01119	0.01119	0.01119	0.00995	0.00622	0.01492	0.01492	0.01990	0.03233	0.06716	0.03731	0.63935	0.05223	0.00995	0.00995	0.01492	0.00622	0.00622
13	0.02010	0.06665	0.01794	0.01351	0.01765	0.01296	0.01074	0.02407	0.02688	0.12366	0.31147	0.07060	0.20488	0.01992	0.01134	0.00319	0.00610	0.01692	0.01045	0.01097
14	0.02049	0.07645	0.41212	0.07868	0.04337	0.02336	0.06896	0.03053	0.02246	0.03241	0.07509	0.02796	0.02188	0.01082	0.01003	0.00322	0.01390	0.00906	0.00513	0.01407
15	0.01938	0.01824	0.03078	0.61468	0.07068	0.02280	0.02850	0.02622	0.02052	0.02622	0.01824	0.02736	0.01368	0.01026	0.01026	0.00342	0.01368	0.00912	0.00456	0.01140
16	0.01488	0.01013	0.01212	0.01212	0.01244	0.01045	0.00737	0.01552	0.01520	0.02058	0.03149	0.06246	0.03527	0.54106	0.14774	0.01109	0.01301	0.01424	0.00609	0.00673
17	0.02218	0.05097	0.53803	0.02876	0.04332	0.02453	0.03632	0.07659	0.02397	0.03529	0.01896	0.02192	0.01339	0.00997	0.00979	0.00324	0.01483	0.00773	0.00485	0.01536
18	0.02395	0.02110	0.03231	0.42493	0.13437	0.02473	0.02722	0.12458	0.02618	0.03454	0.01960	0.02657	0.01476	0.01049	0.01025	0.00330	0.01302	0.00915	0.00571	0.01323
19	0.02224	0.01910	0.02172	0.01649	0.02486	0.01637	0.01309	0.03234	0.14270	0.03559	0.02357	0.02514	0.01886	0.00903	0.00824	0.00196	0.00772	0.00733	0.00707	0.54658
20	0.15573	0.01803	0.02641	0.45984	0.05713	0.02205	0.02379	0.02686	0.01998	0.03085	0.01838	0.02591	0.01394	0.01022	0.00930	0.00331	0.01201	0.00845	0.04659	0.01123
21	0.01654	0.01374	0.01695	0.09934	0.02522	0.01449	0.01332	0.02572	0.14344	0.03191	0.11222	0.22482	0.17796	0.02228	0.01176	0.00364	0.00724	0.01943	0.00922	0.01078
22	0.02128	0.01824	0.02128	0.01520	0.02432	0.01368	0.01216	0.02584	0.02128	0.03344	0.01824	0.02128	0.01520	0.00760	0.00760	0.00152	0.00760	0.00608	0.00608	0.70208
23	0.01912	0.01082	0.01320	0.01223	0.01516	0.01015	0.00930	0.02386	0.02641	0.09102	0.33016	0.05913	0.06514	0.01701	0.01019	0.00293	0.00519	0.01460	0.25402	0.01037
24	0.01385	0.01056	0.01278	0.01251	0.01529	0.00950	0.00957	0.01789	0.02663	0.03560	0.36483	0.08757	0.26017	0.02333	0.01228	0.00343	0.00534	0.05903	0.01053	0.00931
25	0.01239	0.01025	0.01086	0.01103	0.01410	0.00873	0.00815	0.01512	0.02354	0.02883	0.14289	0.15162	0.47478	0.02615	0.01223	0.00352	0.00524	0.02214	0.00970	0.00873
26	0.02553	0.02204	0.02320	0.02088	0.02669	0.02553	0.01624	0.05453	0.55679	0.04293	0.04177	0.03829	0.03133	0.01392	0.01044	0.00348	0.00812	0.01160	0.01044	0.01624
27	0.40418	0.20188	0.06608	0.01698	0.02403	0.02891	0.01583	0.02997	0.01855	0.03684	0.01448	0.01749	0.01205	0.01012	0.00922	0.00302	0.06690	0.00599	0.00548	0.01199
28	0.02438	0.01195	0.01612	0.01569	0.01889	0.01072	0.01149	0.02694	0.02309	0.22319	0.05087	0.42097	0.05283	0.02526	0.01211	0.00382	0.00694	0.02250	0.01065	0.01157
29	0.02470	0.01353	0.01701	0.01652	0.02048	0.01336	0.01373	0.03177	0.07921	0.15653	0.04450	0.06953	0.04015	0.01909	0.01110	0.00364	0.00793	0.21509	0.19015	0.01196
30	0.08009	0.37665	0.18650	0.08171	0.03507	0.03300	0.02345	0.03068	0.02076	0.02829	0.01575	0.01895	0.01301	0.00924	0.00777	0.00267	0.01210	0.00641	0.00455	0.01334
31	0.27304	0.23658	0.03393	0.07263	0.06733	0.03031	0.01784	0.02938	0.01909	0.03298	0.01488	0.01893	0.01273	0.01044	0.01072	0.00303	0.09220	0.00656	0.00518	0.01223
32	0.01783	0.00891	0.01337	0.01337	0.01337	0.00891	0.00891	0.01337	0.01337	0.01783	0.01783	0.03119	0.01783	0.03565	0.04011	0.70143	0.00891	0.00891	0.00446	0.00446
33	0.16162	0.01846	0.02185	0.10775	0.03083	0.01713	0.01486	0.02995	0.02147	0.10730	0.02039	0.02310	0.01550	0.00907	0.00812	0.00236	0.00875	0.00700	0.00677	0.36771
34	0.03994	0.01567	0.02058	0.01629	0.02297	0.01383	0.01329	0.04409	0.02759	0.45906	0.03890	0.03568	0.02561	0.01253	0.00961	0.00300	0.00784	0.01015	0.16770	0.01567

[dist]
# distance from previous block
# <min> <max>
6	19

[block]
# block no. 1 follows, 14 sequences, length 35
# corresponding to MSA columns:
# 296-308,324-345
name=unknown_B
#
# <colnr> <probs for GDERKNQSTAVLIFYWHMCP>
#	G	D	E	R	K	N	Q	S	T	A	V	L	I	F	Y	W	H	M	C	P
0	0.02537	0.31059	0.31323	0.02335	0.03521	0.03058	0.02739	0.03295	0.02185	0.06726	0.01814	0.02031	0.01394	0.00953	0.00840	0.00278	0.01288	0.00685	0.00494	0.01445
1	0.02825	0.06689	0.06618	0.19708	0.16739	0.02310	0.02438	0.03717	0.09204	0.15628	0.02627	0.02890	0.01912	0.01089	0.00998	0.00319	0.01140	0.00936	0.00725	0.01488
2	0.01279	0.00914	0.01224	0.01462	0.01534	0.00858	0.01003	0.01479	0.01993	0.02652	0.05640	0.59574	0.06724	0.03188	0.01318	0.00421	0.00620	0.06324	0.00952	0.00841
3	0.02514	0.01747	0.02877	0.19724	0.11203	0.01791	0.07022	0.03013	0.02310	0.15732	0.03337	0.17999	0.03046	0.01599	0.01115	0.00350	0.01075	0.01470	0.00783	0.01293
4	0.02319	0.03589	0.27958	0.15176	0.10161	0.02355	0.13544	0.03235	0.02262	0.06688	0.02037	0.02524	0.01477	0.00976	0.01041	0.00330	0.01460	0.00914	0.00516	0.01440
5	0.01998	0.01849	0.03006	0.45415	0.12688	0.02197	0.02645	0.02780	0.05717	0.02828	0.02319	0.07871	0.01976	0.01221	0.01050	0.00344	0.01247	0.01098	0.00544	0.01209
6	0.01453	0.01011	0.01278	0.01309	0.01368	0.01055	0.00851	0.01580	0.01598	0.02182	0.03413	0.13330	0.03801	0.40188	0.20097	0.01104	0.01437	0.01567	0.00645	0.00732
7	0.49679	0.02036	0.02000	0.14480	0.03202	0.02382	0.01569	0.07862	0.02110	0.04354	0.01614	0.01976	0.01228	0.00995	0.00758	0.00322	0.00951	0.00668	0.00634	0.01179
8	0.02865	0.32433	0.12690	0.06309	0.08566	0.03220	0.02278	0.10031	0.02550	0.07477	0.01904	0.02133	0.01499	0.00983	0.00843	0.00271	0.01178	0.00727	0.00588	0.01456
9	0.02150	0.07996	0.02953	0.02282	0.02419	0.02763	0.01909	0.02440	0.01863	0.02801	0.10151	0.03126	0.02720	0.01719	0.02613	0.00395	0.42932	0.01017	0.04643	0.01107
10	0.02356	0.02251	0.03833	0.23145	0.42124	0.02390	0.03058	0.02988	0.02250	0.03130	0.01898	0.02600	0.01547	0.00948	0.01019	0.00316	0.01265	0.00914	0.00492	0.01477
11	0.01492	0.00995	0.01119	0.01119	0.01119	0.00995	0.00622	0.01492	0.01492	0.01990	0.03233	0.06716	0.03731	0.63935	0.05223	0.00995	0.00995	0.01492	0.00622	0.00622
12	0.02540	0.02438	0.04165	0.06299	0.57533	0.02438	0.03149	0.03149	0.02337	0.03353	0.01930	0.02540	0.01626	0.00914	0.01016	0.00305	0.01219	0.00914	0.00508	0.01626
13	0.01452	0.01049	0.01372	0.01291	0.01533	0.00968	0.00968	0.01937	0.02905	0.04115	0.56992	0.07666	0.09683	0.02098	0.01210	0.00323	0.00484	0.01856	0.01130	0.00968
14	0.71184	0.01985	0.01508	0.01350	0.01985	0.02302	0.01111	0.03017	0.01746	0.04604	0.01429	0.01667	0.01111	0.00953	0.00635	0.00318	0.00794	0.00556	0.00635	0.01111
15	0.03745	0.02683	0.02908	0.02277	0.03059	0.02956	0.01866	0.42749	0.12610	0.10108	0.02853	0.02756	0.02023	0.01260	0.01030	0.00315	0.01060	0.00969	0.01048	0.01726
16	0.02744	0.64552	0.05378	0.01756	0.02634	0.04061	0.01756	0.03073	0.02085	0.02414	0.01427	0.01646	0.01317	0.00878	0.00658	0.00219	0.01097	0.00549	0.00439	0.01317
17	0.02744	0.64552	0.05378	0.01756	0.02634	0.04061	0.01756	0.03073	0.02085	0.02414	0.01427	0.01646	0.01317	0.00878	0.00658	0.00219	0.01097	0.00549	0.00439	0.01317
18	0.02686	0.59575	0.09850	0.01854	0.02786	0.03920	0.01927	0.03088	0.02092	0.02485	0.01462	0.01690	0.01316	0.00886	0.00685	0.00228	0.01133	0.00566	0.00439	0.01334
19	0.71184	0.01985	0.01508	0.01350	0.01985	0.02302	0.01111	0.03017	0.01746	0.04604	0.01429	0.01667	0.01111	0.00953	0.00635	0.00318	0.00794	0.00556	0.00635	0.01111
20	0.01466	0.01100	0.01649	0.01649	0.01833	0.01283	0.01283	0.01833	0.01649	0.02382	0.02749	0.04032	0.02566	0.07697	0.59868	0.01649	0.02749	0.01100	0.00550	0.00916
21	0.04168	0.01839	0.02392	0.01816	0.02630	0.01606	0.01494	0.08122	0.02945	0.45994	0.03589	0.03207	0.02325	0.01188	0.00989	0.00291	0.00874	0.00958	0.01150	0.12423
22	0.01452	0.01049	0.01372	0.01291	0.01533	0.00968	0.00968	0.01937	0.02905	0.04115	0.56992	0.07666	0.09683	0.02098	0.01210	0.00323	0.00484	0.01856	0.01130	0.00968
23	0.01991	0.01878	0.03173	0.56638	0.11486	0.02294	0.02876	0.02668	0.02077	0.02686	0.01833	0.02719	0.01391	0.01016	0.01025	0.00339	0.01355	0.00912	0.00461	0.01183
24	0.01344	0.00960	0.01299	0.01536	0.01637	0.00915	0.01116	0.01592	0.02057	0.02725	0.05604	0.51211	0.06582	0.03126	0.01335	0.00430	0.00677	0.14043	0.00951	0.00860
25	0.02579	0.02285	0.03304	0.15649	0.25626	0.02441	0.02493	0.10587	0.11862	0.03808	0.02365	0.02757	0.01843	0.01051	0.01003	0.00307	0.01127	0.00932	0.00672	0.07307
26	0.01414	0.00992	0.01289	0.01466	0.01555	0.00962	0.01045	0.01621	0.01945	0.02573	0.04982	0.35783	0.05785	0.18616	0.02336	0.00578	0.00786	0.14598	0.00866	0.00808
27	0.03239	0.02901	0.06557	0.07546	0.18338	0.10973	0.02364	0.14184	0.08136	0.11840	0.02499	0.02675	0.01845	0.01110	0.01008	0.00309	0.01234	0.00910	0.00771	0.01562
28	0.07971	0.11440	0.08430	0.06469	0.02938	0.02757	0.02094	0.02558	0.01744	0.02673	0.01600	0.02352	0.01456	0.02093	0.07333	0.05216	0.28458	0.00823	0.00471	0.01125
29	0.01406	0.01036	0.01243	0.01243	0.01391	0.01038	0.00849	0.01581	0.01775	0.02319	0.05123	0.06868	0.18492	0.31089	0.19168	0.00992	0.01345	0.01574	0.00695	0.00772
30	0.01940	0.01574	0.02592	0.02524	0.07274	0.01609	0.10067	0.02292	0.02098	0.07050	0.04071	0.35655	0.04458	0.02297	0.01507	0.00392	0.08638	0.02060	0.00803	0.01100
31	0.02527	0.11645	0.07891	0.05966	0.06751	0.02422	0.01996	0.05920	0.02162	0.10061	0.02280	0.03068	0.01948	0.08236	0.10462	0.00590	0.13249	0.00941	0.00624	0.01264
32	0.01466	0.01100	0.01649	0.01649	0.01833	0.01283	0.01283	0.01833	0.01649	0.02382	0.02749	0.04032	0.02566	0.07697	0.59868	0.01649	0.02749	0.01100	0.00550	0.00916
33	0.01858	0.01107	0.01408	0.05479	0.01914	0.01092	0.01100	0.02306	0.02402	0.07289	0.18806	0.13390	0.05343	0.01849	0.01036	0.00318	0.00624	0.05645	0.26025	0.01009
34	0.03421	0.13383	0.03456	0.02375	0.03075	0.15462	0.05545	0.15148	0.09480	0.11315	0.02428	0.02507	0.01820	0.01166	0.01099	0.00301	0.04897	0.00865	0.00783	0.01473

[dist]
# distance from previous block
# <min> <max>
2	9

[block]
# block no. 2 follows, 14 sequences, length 18
# corresponding to MSA columns:
# 355-372
name=unknown_C
#
# <colnr> <probs for GDERKNQSTAVLIFYWHMCP>
#	G	D	E	R	K	N	Q	S	T	A	V	L	I	F	Y	W	H	M	C	P
0	0.06489	0.01920	0.02411	0.06575	0.06166	0.01894	0.01698	0.13807	0.02869	0.15759	0.03168	0.08632	0.02715	0.01456	0.01027	0.00312	0.00946	0.06999	0.00891	0.14265
1	0.02420	0.01784	0.02877	0.27956	0.07482	0.01985	0.05478	0.02961	0.02303	0.13231	0.08455	0.07900	0.02914	0.01397	0.01269	0.00348	0.06060	0.01205	0.00724	0.01252
2	0.02744	0.64552	0.05378	0.01756	0.02634	0.04061	0.01756	0.03073	0.02085	0.02414	0.01427	0.01646	0.01317	0.00878	0.00658	0.00219	0.01097	0.00549	0.00439	0.01317
3	0.02744	0.64552	0.05378	0.01756	0.02634	0.04061	0.01756	0.03073	0.02085	0.02414	0.01427	0.01646	0.01317	0.00878	0.00658	0.00219	0.01097	0.00549	0.00439	0.01317
4	0.03901	0.02874	0.03080	0.02361	0.03182	0.03182	0.01951	0.54111	0.04825	0.06468	0.02464	0.02464	0.01745	0.01232	0.01027	0.00308	0.01129	0.00924	0.01027	0.01745
5	0.02128	0.01824	0.02128	0.01520	0.02432	0.01368	0.01216	0.02584	0.02128	0.03344	0.01824	0.02128	0.01520	0.00760	0.00760	0.00152	0.00760	0.00608	0.00608	0.70208
6	0.01370	0.00979	0.01329	0.01566	0.01678	0.00937	0.01161	0.01636	0.02083	0.02754	0.05590	0.47880	0.06525	0.03102	0.01342	0.00433	0.00699	0.17118	0.00950	0.00867
7	0.01624	0.01260	0.01747	0.01713	0.01954	0.01468	0.01332	0.02359	0.09512	0.02660	0.02957	0.04002	0.02648	0.06779	0.51308	0.01460	0.02467	0.01108	0.00622	0.01019
8	0.01825	0.01151	0.01377	0.01260	0.01633	0.01005	0.00966	0.02195	0.02656	0.11748	0.28068	0.08021	0.29842	0.02196	0.01184	0.00333	0.00559	0.01869	0.01072	0.01041
9	0.01492	0.00995	0.01119	0.01119	0.01119	0.00995	0.00622	0.01492	0.01492	0.01990	0.03233	0.06716	0.03731	0.63935	0.05223	0.00995	0.00995	0.01492	0.00622	0.00622
10	0.02895	0.47439	0.12720	0.01935	0.02895	0.03471	0.02019	0.03359	0.02212	0.10085	0.01842	0.01972	0.01480	0.00945	0.00755	0.00248	0.01128	0.00645	0.00551	0.01404
11	0.61863	0.02020	0.01729	0.01531	0.02081	0.02416	0.01265	0.02943	0.01723	0.04316	0.01418	0.01745	0.01143	0.01067	0.01005	0.00335	0.09077	0.00602	0.00610	0.01113
12	0.12956	0.02290	0.02383	0.02012	0.02635	0.02560	0.01602	0.25934	0.18224	0.05067	0.03224	0.10951	0.02723	0.01504	0.01013	0.00335	0.00920	0.01206	0.00965	0.01496
13	0.01653	0.09600	0.01749	0.01242	0.01412	0.01404	0.00849	0.01800	0.01873	0.02499	0.14411	0.06232	0.04669	0.42271	0.03753	0.00747	0.00900	0.01442	0.00705	0.00789
14	0.24365	0.01546	0.01699	0.01461	0.01929	0.01564	0.01112	0.03140	0.02042	0.21897	0.02750	0.03557	0.02244	0.14796	0.02201	0.09902	0.00877	0.00962	0.00822	0.01133
15	0.02612	0.50747	0.04814	0.10470	0.03282	0.03688	0.01905	0.03186	0.06100	0.02586	0.01691	0.01968	0.01461	0.00938	0.00741	0.00247	0.01115	0.00647	0.00487	0.01314
16	0.02211	0.02118	0.03500	0.31984	0.25578	0.02466	0.02876	0.02800	0.02090	0.02877	0.01795	0.02590	0.01463	0.01096	0.01363	0.00343	0.10143	0.00911	0.00475	0.01322
17	0.02335	0.06491	0.22475	0.21327	0.04693	0.02286	0.02736	0.06291	0.02335	0.06463	0.01981	0.02412	0.01458	0.00987	0.00948	0.00297	0.01269	0.00800	0.00555	0.11863

[dist]
# distance from previous block
# <min> <max>
0	1

[block]
# block no. 3 follows, 14 sequences, length 70
# corresponding to MSA columns:
# 374-443
name=unknown_D
#
# <colnr> <probs for GDERKNQSTAVLIFYWHMCP>
#	G	D	E	R	K	N	Q	S	T	A	V	L	I	F	Y	W	H	M	C	P
0	0.39165	0.02937	0.14422	0.01999	0.02815	0.07234	0.05725	0.03130	0.02025	0.03961	0.01743	0.02057	0.01333	0.00980	0.00785	0.00310	0.01088	0.00692	0.06385	0.01214
1	0.08683	0.02596	0.02721	0.02198	0.02929	0.02917	0.01784	0.34944	0.20489	0.05643	0.02919	0.02829	0.02130	0.01260	0.01002	0.00321	0.01004	0.00969	0.01002	0.01658
2	0.02454	0.02145	0.03671	0.21508	0.31616	0.02248	0.06164	0.03077	0.02307	0.07268	0.02305	0.03292	0.01904	0.01100	0.01060	0.00331	0.01251	0.04287	0.00581	0.01432
3	0.12565	0.02286	0.07192	0.05761	0.02960	0.02019	0.01715	0.13739	0.02809	0.16623	0.02513	0.02604	0.01789	0.01065	0.00892	0.00278	0.00952	0.00819	0.05598	0.15822
4	0.01385	0.00989	0.01345	0.01583	0.01701	0.00950	0.01187	0.01662	0.02098	0.02770	0.05582	0.46000	0.06493	0.03088	0.01346	0.00435	0.00712	0.18853	0.00950	0.00871
5	0.02035	0.01710	0.06988	0.21563	0.03763	0.01547	0.01910	0.02501	0.02152	0.10729	0.03818	0.29184	0.03894	0.02011	0.01146	0.00370	0.00972	0.01790	0.00788	0.01127
6	0.12942	0.06836	0.11277	0.19861	0.16062	0.02541	0.05989	0.06852	0.02319	0.03493	0.01827	0.02358	0.01412	0.00979	0.00944	0.00317	0.01256	0.00832	0.00538	0.01367
7	0.02691	0.59974	0.09491	0.01846	0.02774	0.03931	0.01913	0.03087	0.02091	0.02479	0.01459	0.01686	0.01316	0.00885	0.00683	0.00228	0.01130	0.00565	0.00439	0.01332
8	0.01472	0.01076	0.01528	0.01528	0.01670	0.01217	0.01132	0.01755	0.01613	0.02293	0.02859	0.04645	0.02832	0.20545	0.47384	0.01500	0.02348	0.01189	0.00566	0.00849
9	0.02883	0.12603	0.18383	0.07232	0.07809	0.02637	0.06489	0.10352	0.06350	0.11918	0.02380	0.02560	0.01726	0.01059	0.00972	0.00309	0.01238	0.00876	0.00696	0.01528
10	0.01381	0.01046	0.01273	0.01216	0.01489	0.00938	0.00912	0.01799	0.02736	0.03715	0.43123	0.08324	0.23802	0.02247	0.01211	0.00330	0.00495	0.01948	0.01077	0.00938
11	0.02128	0.01824	0.02128	0.01520	0.02432	0.01368	0.01216	0.02584	0.02128	0.03344	0.01824	0.02128	0.01520	0.00760	0.00760	0.00152	0.00760	0.00608	0.00608	0.70208
12	0.02890	0.12002	0.13961	0.02359	0.06543	0.02341	0.02118	0.07782	0.02558	0.15293	0.05711	0.02768	0.02189	0.01144	0.01115	0.00289	0.05764	0.00868	0.00742	0.11564
13	0.01424	0.01022	0.01487	0.01559	0.01692	0.01118	0.01154	0.01673	0.01722	0.02410	0.03558	0.21906	0.03786	0.06032	0.37985	0.06358	0.01959	0.01635	0.00664	0.00856
14	0.01492	0.00995	0.01119	0.01119	0.01119	0.00995	0.00622	0.01492	0.01492	0.01990	0.03233	0.06716	0.03731	0.63935	0.05223	0.00995	0.00995	0.01492	0.00622	0.00622
15	0.03266	0.02660	0.11036	0.13882	0.07672	0.02326	0.06340	0.15857	0.03035	0.19642	0.02643	0.02796	0.01816	0.01118	0.01034	0.00322	0.01208	0.00951	0.00831	0.01563
16	0.02058	0.05308	0.58618	0.02925	0.04442	0.02383	0.03792	0.03250	0.02167	0.03250	0.01842	0.02167	0.01300	0.00975	0.00975	0.00325	0.01517	0.00758	0.00433	0.01517
17	0.02744	0.64552	0.05378	0.01756	0.02634	0.04061	0.01756	0.03073	0.02085	0.02414	0.01427	0.01646	0.01317	0.00878	0.00658	0.00219	0.01097	0.00549	0.00439	0.01317
18	0.01250	0.00893	0.01191	0.01429	0.01488	0.00834	0.00953	0.01429	0.01965	0.02620	0.05656	0.63265	0.06787	0.03215	0.01310	0.00417	0.00595	0.02917	0.00953	0.00834
19	0.01528	0.01036	0.01237	0.01289	0.01341	0.01036	0.00849	0.01632	0.01684	0.02228	0.03718	0.07786	0.04210	0.50472	0.04385	0.00880	0.00984	0.12319	0.00693	0.00693
20	0.06725	0.02126	0.03623	0.33714	0.17769	0.02412	0.09546	0.02848	0.02117	0.02999	0.01827	0.02595	0.01434	0.01021	0.01165	0.00339	0.05044	0.00928	0.00488	0.01280
21	0.01719	0.01505	0.02091	0.02017	0.02074	0.01877	0.01578	0.01954	0.01798	0.02567	0.03559	0.28640	0.04050	0.02977	0.07287	0.00542	0.26888	0.05203	0.00703	0.00971
22	0.02385	0.01255	0.01671	0.01449	0.01855	0.01128	0.01128	0.02844	0.02914	0.20135	0.41323	0.06431	0.07569	0.01853	0.01158	0.00321	0.00599	0.01612	0.01171	0.01199
23	0.71184	0.01985	0.01508	0.01350	0.01985	0.02302	0.01111	0.03017	0.01746	0.04604	0.01429	0.01667	0.01111	0.00953	0.00635	0.00318	0.00794	0.00556	0.00635	0.01111
24	0.02523	0.08821	0.37032	0.06576	0.04038	0.02433	0.03075	0.03404	0.02223	0.11788	0.02115	0.02382	0.01506	0.01089	0.01171	0.00328	0.06641	0.00808	0.00569	0.01478
25	0.06843	0.02180	0.03586	0.26501	0.35092	0.02370	0.02904	0.02944	0.02192	0.03163	0.01858	0.02555	0.01496	0.00958	0.00995	0.00319	0.01246	0.00890	0.00497	0.01411
26	0.01938	0.01824	0.03078	0.61468	0.07068	0.02280	0.02850	0.02622	0.02052	0.02622	0.01824	0.02736	0.01368	0.01026	0.01026	0.00342	0.01368	0.00912	0.00456	0.01140
27	0.01938	0.01824	0.03078	0.61468	0.07068	0.02280	0.02850	0.02622	0.02052	0.02622	0.01824	0.02736	0.01368	0.01026	0.01026	0.00342	0.01368	0.00912	0.00456	0.01140
28	0.02128	0.01824	0.02128	0.01520	0.02432	0.01368	0.01216	0.02584	0.02128	0.03344	0.01824	0.02128	0.01520	0.00760	0.00760	0.00152	0.00760	0.00608	0.00608	0.70208
29	0.02128	0.01824	0.02128	0.01520	0.02432	0.01368	0.01216	0.02584	0.02128	0.03344	0.01824	0.02128	0.01520	0.00760	0.00760	0.00152	0.00760	0.00608	0.00608	0.70208
30	0.01560	0.01182	0.01753	0.01714	0.01866	0.01412	0.01334	0.01846	0.01616	0.02339	0.02545	0.03799	0.02394	0.06835	0.50246	0.07314	0.07754	0.01064	0.00532	0.00895
31	0.01938	0.01824	0.03078	0.61468	0.07068	0.02280	0.02850	0.02622	0.02052	0.02622	0.01824	0.02736	0.01368	0.01026	0.01026	0.00342	0.01368	0.00912	0.00456	0.01140
32	0.01783	0.00891	0.01337	0.01337	0.01337	0.00891	0.00891	0.01337	0.01337	0.01783	0.01783	0.03119	0.01783	0.03565	0.04011	0.70143	0.00891	0.00891	0.00446	0.00446
33	0.01370	0.00986	0.01247	0.01296	0.01446	0.00917	0.00898	0.01659	0.02326	0.03180	0.27664	0.27178	0.11316	0.11587	0.01833	0.00456	0.00601	0.02198	0.00980	0.00863
34	0.01452	0.01049	0.01372	0.01291	0.01533	0.00968	0.00968	0.01937	0.02905	0.04115	0.56992	0.07666	0.09683	0.02098	0.01210	0.00323	0.00484	0.01856	0.01130	0.00968
35	0.01466	0.01067	0.01336	0.01469	0.01648	0.01022	0.01133	0.01743	0.02100	0.02696	0.05998	0.17685	0.16219	0.16801	0.02228	0.00557	0.00816	0.22303	0.00874	0.00838
36	0.71184	0.01985	0.01508	0.01350	0.01985	0.02302	0.01111	0.03017	0.01746	0.04604	0.01429	0.01667	0.01111	0.00953	0.00635	0.00318	0.00794	0.00556	0.00635	0.01111
37	0.02128	0.01824	0.02128	0.01520	0.02432	0.01368	0.01216	0.02584	0.02128	0.03344	0.01824	0.02128	0.01520	0.00760	0.00760	0.00152	0.00760	0.00608	0.00608	0.70208
38	0.08639	0.02093	0.06959	0.01771	0.02656	0.01593	0.01564	0.03827	0.02488	0.29625	0.02856	0.02747	0.01957	0.01036	0.00898	0.00258	0.00880	0.00819	0.00911	0.26421
39	0.01938	0.01824	0.03078	0.61468	0.07068	0.02280	0.02850	0.02622	0.02052	0.02622	0.01824	0.02736	0.01368	0.01026	0.01026	0.00342	0.01368	0.00912	0.00456	0.01140
40	0.03901	0.02874	0.03080	0.02361	0.03182	0.03182	0.01951	0.54111	0.04825	0.06468	0.02464	0.02464	0.01745	0.01232	0.01027	0.00308	0.01129	0.00924	0.01027	0.01745
41	0.71184	0.01985	0.01508	0.01350	0.01985	0.02302	0.01111	0.03017	0.01746	0.04604	0.01429	0.01667	0.01111	0.00953	0.00635	0.00318	0.00794	0.00556	0.00635	0.01111
42	0.03683	0.02766	0.02957	0.02317	0.03099	0.03081	0.01898	0.46250	0.13042	0.06116	0.02741	0.02684	0.01969	0.01258	0.01029	0.00314	0.01078	0.00962	0.01029	0.01726
43	0.41658	0.02531	0.02185	0.01815	0.02509	0.07068	0.01482	0.21567	0.02949	0.05116	0.01815	0.01969	0.01357	0.01062	0.00799	0.00310	0.00997	0.00697	0.00768	0.01347
44	0.01369	0.00985	0.01297	0.01348	0.01515	0.00913	0.00962	0.01728	0.02518	0.03500	0.35878	0.30533	0.08492	0.02557	0.01251	0.00361	0.00530	0.02292	0.01057	0.00913
45	0.02245	0.02245	0.03143	0.02694	0.02694	0.03143	0.02245	0.02470	0.01572	0.02470	0.01347	0.02245	0.01347	0.01796	0.03368	0.00449	0.62057	0.00898	0.00449	0.01123
46	0.01401	0.01189	0.01582	0.01407	0.01774	0.01049	0.05314	0.01793	0.02551	0.03301	0.26536	0.08479	0.35294	0.02272	0.01212	0.00338	0.00609	0.01973	0.00980	0.00947
47	0.02744	0.64552	0.05378	0.01756	0.02634	0.04061	0.01756	0.03073	0.02085	0.02414	0.01427	0.01646	0.01317	0.00878	0.00658	0.00219	0.01097	0.00549	0.00439	0.01317
48	0.02128	0.01824	0.02128	0.01520	0.02432	0.01368	0.01216	0.02584	0.02128	0.03344	0.01824	0.02128	0.01520	0.00760	0.00760	0.00152	0.00760	0.00608	0.00608	0.70208
49	0.01250	0.00893	0.01191	0.01429	0.01488	0.00834	0.00953	0.01429	0.01965	0.02620	0.05656	0.63265	0.06787	0.03215	0.01310	0.00417	0.00595	0.02917	0.00953	0.00834
50	0.04604	0.01746	0.02382	0.01826	0.02620	0.01508	0.01508	0.05001	0.02937	0.58244	0.04049	0.03493	0.02540	0.01270	0.01032	0.00318	0.00873	0.01032	0.01270	0.01746
51	0.02553	0.02204	0.02320	0.02088	0.02669	0.02553	0.01624	0.05453	0.55679	0.04293	0.04177	0.03829	0.03133	0.01392	0.01044	0.00348	0.00812	0.01160	0.01044	0.01624
52	0.03896	0.03027	0.03067	0.02383	0.03182	0.07464	0.01953	0.50330	0.04680	0.06168	0.02397	0.02417	0.01713	0.01219	0.01019	0.00305	0.01184	0.00904	0.00989	0.01703
53	0.04604	0.01746	0.02382	0.01826	0.02620	0.01508	0.01508	0.05001	0.02937	0.58244	0.04049	0.03493	0.02540	0.01270	0.01032	0.00318	0.00873	0.01032	0.01270	0.01746
54	0.01783	0.00891	0.01337	0.01337	0.01337	0.00891	0.00891	0.01337	0.01337	0.01783	0.01783	0.03119	0.01783	0.03565	0.04011	0.70143	0.00891	0.00891	0.00446	0.00446
55	0.03833	0.04891	0.02908	0.02644	0.03173	0.59815	0.01983	0.04098	0.02908	0.02512	0.01586	0.01851	0.01322	0.01058	0.00925	0.00264	0.01851	0.00661	0.00529	0.01190
56	0.04074	0.01865	0.02366	0.01894	0.02632	0.01778	0.01538	0.05118	0.16566	0.44303	0.04082	0.03580	0.02693	0.01302	0.01035	0.00325	0.00857	0.01065	0.01212	0.01715
57	0.01250	0.00893	0.01191	0.01429	0.01488	0.00834	0.00953	0.01429	0.01965	0.02620	0.05656	0.63265	0.06787	0.03215	0.01310	0.00417	0.00595	0.02917	0.00953	0.00834
58	0.01266	0.00969	0.01161	0.01267	0.01457	0.00865	0.00892	0.01517	0.02236	0.02889	0.14723	0.35835	0.25569	0.02831	0.01260	0.00378	0.00552	0.02491	0.00978	0.00865
59	0.03366	0.02548	0.03656	0.11596	0.04181	0.02701	0.13634	0.28717	0.03629	0.11820	0.02484	0.02705	0.01749	0.01124	0.01068	0.00323	0.01267	0.01000	0.00859	0.01574
60	0.71184	0.01985	0.01508	0.01350	0.01985	0.02302	0.01111	0.03017	0.01746	0.04604	0.01429	0.01667	0.01111	0.00953	0.00635	0.00318	0.00794	0.00556	0.00635	0.01111
61	0.02144	0.02131	0.03372	0.25089	0.04582	0.02769	0.06961	0.02598	0.01828	0.02598	0.01591	0.02477	0.01373	0.01424	0.02293	0.00400	0.33829	0.00931	0.00458	0.01152
62	0.02540	0.02438	0.04165	0.06299	0.57533	0.02438	0.03149	0.03149	0.02337	0.03353	0.01930	0.02540	0.01626	0.00914	0.01016	0.00305	0.01219	0.00914	0.00508	0.01626
63	0.01938	0.01824	0.03078	0.61468	0.07068	0.02280	0.02850	0.02622	0.02052	0.02622	0.01824	0.02736	0.01368	0.01026	0.01026	0.00342	0.01368	0.00912	0.00456	0.01140
64	0.01783	0.00891	0.01337	0.01337	0.01337	0.00891	0.00891	0.01337	0.01337	0.01783	0.01783	0.03119	0.01783	0.03565	0.04011	0.70143	0.00891	0.00891	0.00446	0.00446
65	0.03905	0.01579	0.02120	0.01679	0.02345	0.01382	0.01366	0.04322	0.02879	0.45685	0.12704	0.04201	0.03720	0.01401	0.01040	0.00313	0.00783	0.01162	0.05847	0.01565
66	0.01250	0.00893	0.01191	0.01429	0.01488	0.00834	0.00953	0.01429	0.01965	0.02620	0.05656	0.63265	0.06787	0.03215	0.01310	0.00417	0.00595	0.02917	0.00953	0.00834
67	0.01464	0.01017	0.01281	0.01301	0.01360	0.01066	0.00844	0.01587	0.01578	0.02158	0.03295	0.10689	0.03646	0.42280	0.20966	0.01139	0.01477	0.01497	0.00628	0.00726
68	0.02128	0.01824	0.02128	0.01520	0.02432	0.01368	0.01216	0.02584	0.02128	0.03344	0.01824	0.02128	0.01520	0.00760	0.00760	0.00152	0.00760	0.00608	0.00608	0.70208
69	0.02128	0.01824	0.02128	0.01520	0.02432	0.01368	0.01216	0.02584	0.02128	0.03344	0.01824	0.02128	0.01520	0.00760	0.00760	0.00152	0.00760	0.00608	0.00608	0.70208

[dist]
# distance from previous block
# <min> <max>
0	2

[block]
# block no. 4 follows, 14 sequences, length 9
# corresponding to MSA columns:
# 446-454
name=unknown_E
#
# <colnr> <probs for GDERKNQSTAVLIFYWHMCP>
#	G	D	E	R	K	N	Q	S	T	A	V	L	I	F	Y	W	H	M	C	P
0	0.51334	0.02469	0.07085	0.01697	0.02451	0.02486	0.01526	0.13275	0.02402	0.04853	0.01674	0.01873	0.01256	0.01011	0.00745	0.00316	0.00928	0.00648	0.00695	0.01276
1	0.02033	0.01672	0.01871	0.01777	0.02170	0.01841	0.01339	0.03825	0.32778	0.03873	0.15098	0.18238	0.05284	0.01952	0.01138	0.00359	0.00697	0.01703	0.01040	0.01311
2	0.02407	0.09151	0.06806	0.01908	0.02720	0.02227	0.01676	0.07054	0.11464	0.03560	0.02193	0.02405	0.01760	0.01020	0.01053	0.00242	0.06050	0.00755	0.00670	0.34877
3	0.02360	0.02346	0.03553	0.31966	0.29428	0.06964	0.02915	0.02977	0.02249	0.02941	0.01853	0.02577	0.01480	0.00978	0.01013	0.00319	0.01340	0.00893	0.00485	0.01362
4	0.03125	0.02418	0.12360	0.02088	0.02927	0.01800	0.04710	0.03832	0.05384	0.25194	0.02979	0.02983	0.02078	0.01147	0.01098	0.00296	0.04621	0.00919	0.07772	0.12269
5	0.01875	0.06704	0.02695	0.02129	0.02468	0.01936	0.08821	0.02514	0.08012	0.03072	0.11312	0.25046	0.04715	0.02096	0.01540	0.00375	0.10980	0.01803	0.00802	0.01105
6	0.01322	0.00997	0.01222	0.01264	0.01478	0.00897	0.00910	0.01647	0.02451	0.03269	0.27817	0.25727	0.22081	0.02589	0.01242	0.00359	0.00529	0.02276	0.01025	0.00897
7	0.02029	0.01845	0.03041	0.14500	0.31056	0.01907	0.02408	0.02517	0.02170	0.02994	0.03080	0.21620	0.03199	0.01656	0.01110	0.00346	0.01050	0.01542	0.00638	0.01292
8	0.02128	0.01824	0.02128	0.01520	0.02432	0.01368	0.01216	0.02584	0.02128	0.03344	0.01824	0.02128	0.01520	0.00760	0.00760	0.00152	0.00760	0.00608	0.00608	0.70208

[dist]
# distance from previous block
# <min> <max>
1	3

[block]
# block no. 5 follows, 14 sequences, length 12
# corresponding to MSA columns:
# 458-469
name=unknown_F
#
# <colnr> <probs for GDERKNQSTAVLIFYWHMCP>
#	G	D	E	R	K	N	Q	S	T	A	V	L	I	F	Y	W	H	M	C	P
0	0.62075	0.02423	0.09033	0.01557	0.02308	0.02313	0.01465	0.03047	0.01802	0.04426	0.01483	0.01733	0.01136	0.00956	0.00680	0.00319	0.00889	0.00582	0.00608	0.01165
1	0.01696	0.01264	0.01559	0.01502	0.01801	0.01185	0.01096	0.07216	0.02534	0.03513	0.18400	0.34151	0.06333	0.02389	0.01181	0.00346	0.00643	0.02124	0.00962	0.10105
2	0.08858	0.35222	0.26128	0.02182	0.03290	0.03231	0.02503	0.03138	0.02086	0.02950	0.01591	0.01854	0.01291	0.00923	0.00782	0.00270	0.01235	0.00632	0.00455	0.01377
3	0.20910	0.01868	0.02648	0.44997	0.05675	0.02286	0.02374	0.02730	0.01968	0.03165	0.01716	0.02443	0.01298	0.01006	0.00919	0.00335	0.01211	0.00814	0.00505	0.01132
4	0.02058	0.05308	0.58618	0.02925	0.04442	0.02383	0.03792	0.03250	0.02167	0.03250	0.01842	0.02167	0.01300	0.00975	0.00975	0.00325	0.01517	0.00758	0.00433	0.01517
5	0.04364	0.02132	0.02620	0.02009	0.02812	0.02081	0.01660	0.21798	0.03583	0.40535	0.03507	0.03141	0.02268	0.01257	0.01030	0.00314	0.00961	0.00995	0.01187	0.01746
6	0.02064	0.01296	0.01573	0.01394	0.01758	0.01244	0.01078	0.07716	0.02971	0.09583	0.35825	0.06354	0.10446	0.01841	0.01109	0.00311	0.00592	0.01580	0.10147	0.01118
7	0.03238	0.02312	0.02505	0.02066	0.02733	0.02554	0.01659	0.24687	0.25023	0.10458	0.03398	0.03246	0.02469	0.01297	0.01005	0.00319	0.00915	0.01034	0.07459	0.01623
8	0.01783	0.00891	0.01337	0.01337	0.01337	0.00891	0.00891	0.01337	0.01337	0.01783	0.01783	0.03119	0.01783	0.03565	0.04011	0.70143	0.00891	0.00891	0.00446	0.00446
9	0.01492	0.00995	0.01119	0.01119	0.01119	0.00995	0.00622	0.01492	0.01492	0.01990	0.03233	0.06716	0.03731	0.63935	0.05223	0.00995	0.00995	0.01492	0.00622	0.00622
10	0.07140	0.02727	0.03332	0.10423	0.03899	0.11772	0.12537	0.10157	0.14193	0.09494	0.02629	0.02815	0.01931	0.01123	0.01029	0.00323	0.01286	0.00979	0.00772	0.01438
11	0.02272	0.02132	0.03386	0.20776	0.28540	0.02381	0.02677	0.03096	0.07787	0.03206	0.05596	0.03028	0.02197	0.01159	0.01267	0.00335	0.07187	0.00998	0.00583	0.01396

[dist]
# distance from previous block
# <min> <max>
0	170

[block]
# block no. 6 follows, 14 sequences, length 65
# corresponding to MSA columns:
# 644-708
name=unknown_G
#
# <colnr> <probs for GDERKNQSTAVLIFYWHMCP>
#	G	D	E	R	K	N	Q	S	T	A	V	L	I	F	Y	W	H	M	C	P
0	0.02097	0.01648	0.01947	0.01560	0.02217	0.01416	0.01253	0.07298	0.02568	0.03797	0.13518	0.04384	0.03724	0.01322	0.00944	0.00241	0.00743	0.06229	0.04831	0.38266
1	0.01387	0.01028	0.01242	0.01292	0.01489	0.00950	0.00941	0.01671	0.02273	0.02987	0.19524	0.17761	0.20666	0.13519	0.01968	0.00484	0.00663	0.08363	0.00938	0.00853
2	0.02874	0.43087	0.04478	0.06895	0.03108	0.14596	0.01880	0.03414	0.06299	0.02593	0.01699	0.01941	0.01460	0.00964	0.00770	0.00248	0.01244	0.00647	0.00504	0.01301
3	0.01914	0.01104	0.01354	0.01292	0.01572	0.01010	0.00945	0.02246	0.02404	0.11344	0.20009	0.16633	0.13398	0.08695	0.01559	0.00402	0.00620	0.01804	0.10690	0.01005
4	0.01344	0.01046	0.01228	0.01232	0.01511	0.00930	0.00936	0.01703	0.02536	0.03306	0.27695	0.12572	0.31327	0.02464	0.01235	0.00352	0.00546	0.06105	0.01021	0.00910
5	0.02325	0.02613	0.05653	0.04086	0.05043	0.02449	0.49432	0.03133	0.02384	0.03232	0.02372	0.07775	0.01990	0.01060	0.01219	0.00352	0.01636	0.01352	0.00555	0.01339
6	0.22341	0.02161	0.02317	0.05797	0.02717	0.07683	0.01696	0.03232	0.02106	0.14174	0.02307	0.03035	0.01884	0.01746	0.04927	0.00433	0.15448	0.04059	0.00711	0.01227
7	0.02364	0.01817	0.02152	0.01549	0.02450	0.01381	0.01244	0.02814	0.02205	0.08570	0.02036	0.02258	0.01617	0.00809	0.00786	0.00168	0.00771	0.00648	0.00671	0.63692
8	0.71184	0.01985	0.01508	0.01350	0.01985	0.02302	0.01111	0.03017	0.01746	0.04604	0.01429	0.01667	0.01111	0.00953	0.00635	0.00318	0.00794	0.00556	0.00635	0.01111
9	0.02188	0.16510	0.48551	0.02704	0.04100	0.02700	0.03407	0.03216	0.02151	0.03092	0.01763	0.02068	0.01303	0.00957	0.00915	0.00305	0.01437	0.00719	0.00434	0.01479
10	0.02095	0.01806	0.01883	0.01730	0.02230	0.01976	0.01336	0.04093	0.37455	0.03773	0.06302	0.05895	0.21577	0.01805	0.01102	0.00348	0.00712	0.01504	0.01013	0.01365
11	0.01531	0.01113	0.01482	0.01562	0.01810	0.01064	0.01287	0.01991	0.02594	0.03495	0.28015	0.09754	0.11769	0.02498	0.01311	0.00398	0.00712	0.25643	0.01025	0.00948
12	0.01487	0.01018	0.01234	0.01234	0.01274	0.01057	0.00765	0.01566	0.01526	0.02075	0.03128	0.06134	0.03478	0.51745	0.17067	0.01137	0.01375	0.01407	0.00606	0.00686
13	0.01452	0.01049	0.01372	0.01291	0.01533	0.00968	0.00968	0.01937	0.02905	0.04115	0.56992	0.07666	0.09683	0.02098	0.01210	0.00323	0.00484	0.01856	0.01130	0.00968
14	0.02128	0.01824	0.02128	0.01520	0.02432	0.01368	0.01216	0.02584	0.02128	0.03344	0.01824	0.02128	0.01520	0.00760	0.00760	0.00152	0.00760	0.00608	0.00608	0.70208
15	0.32420	0.23346	0.03087	0.01663	0.02357	0.02845	0.01478	0.03297	0.02031	0.11880	0.01822	0.01982	0.01418	0.01039	0.00911	0.00294	0.05548	0.00652	0.00651	0.01279
16	0.63886	0.02033	0.01791	0.01876	0.07890	0.02317	0.01328	0.03031	0.01809	0.04471	0.01482	0.01760	0.01166	0.00949	0.00676	0.00316	0.00839	0.00594	0.00622	0.01166
17	0.01783	0.00891	0.01337	0.01337	0.01337	0.00891	0.00891	0.01337	0.01337	0.01783	0.01783	0.03119	0.01783	0.03565	0.04011	0.70143	0.00891	0.00891	0.00446	0.00446
18	0.01785	0.00964	0.01376	0.01333	0.01397	0.00932	0.00894	0.01436	0.01404	0.01907	0.01895	0.03322	0.01912	0.07940	0.03875	0.60019	0.00890	0.00917	0.00470	0.05331
19	0.02245	0.02245	0.03143	0.02694	0.02694	0.03143	0.02245	0.02470	0.01572	0.02470	0.01347	0.02245	0.01347	0.01796	0.03368	0.00449	0.62057	0.00898	0.00449	0.01123
20	0.04425	0.01786	0.02376	0.01849	0.02624	0.01599	0.01518	0.05041	0.07543	0.53532	0.04060	0.03522	0.02592	0.01281	0.01033	0.00320	0.00868	0.01043	0.01250	0.01736
21	0.01452	0.01049	0.01372	0.01291	0.01533	0.00968	0.00968	0.01937	0.02905	0.04115	0.56992	0.07666	0.09683	0.02098	0.01210	0.00323	0.00484	0.01856	0.01130	0.00968
22	0.01278	0.00913	0.01223	0.01461	0.01533	0.00858	0.01002	0.01478	0.01993	0.02651	0.05641	0.59655	0.06726	0.03188	0.01317	0.00421	0.00620	0.06249	0.00952	0.00841
23	0.03833	0.04891	0.02908	0.02644	0.03173	0.59815	0.01983	0.04098	0.02908	0.02512	0.01586	0.01851	0.01322	0.01058	0.00925	0.00264	0.01851	0.00661	0.00529	0.01190
24	0.01247	0.00907	0.01176	0.01392	0.01479	0.00837	0.00936	0.01433	0.02000	0.02634	0.06107	0.58183	0.11578	0.03156	0.01301	0.00410	0.00588	0.02846	0.00953	0.00837
25	0.02725	0.58618	0.05087	0.01788	0.02637	0.03917	0.01743	0.03299	0.07187	0.02593	0.01688	0.01854	0.01490	0.00927	0.00695	0.00232	0.01070	0.00607	0.00497	0.01346
26	0.02034	0.17991	0.02975	0.01946	0.02204	0.02506	0.01618	0.02269	0.01839	0.02479	0.02808	0.16721	0.03115	0.08550	0.02267	0.00442	0.21793	0.04790	0.00611	0.01044
27	0.02553	0.02204	0.02320	0.02088	0.02669	0.02553	0.01624	0.05453	0.55679	0.04293	0.04177	0.03829	0.03133	0.01392	0.01044	0.00348	0.00812	0.01160	0.01044	0.01624
28	0.01412	0.01040	0.01331	0.01345	0.01575	0.00959	0.01019	0.01818	0.02623	0.03582	0.36766	0.16592	0.15599	0.02420	0.01250	0.00357	0.00559	0.07765	0.01057	0.00931
29	0.04604	0.01746	0.02382	0.01826	0.02620	0.01508	0.01508	0.05001	0.02937	0.58244	0.04049	0.03493	0.02540	0.01270	0.01032	0.00318	0.00873	0.01032	0.01270	0.01746
30	0.01427	0.01048	0.01336	0.01264	0.01517	0.00957	0.00948	0.01887	0.02845	0.03972	0.52038	0.07901	0.14726	0.02151	0.01211	0.00325	0.00488	0.01889	0.01111	0.00957
31	0.02553	0.02204	0.02320	0.02088	0.02669	0.02553	0.01624	0.05453	0.55679	0.04293	0.04177	0.03829	0.03133	0.01392	0.01044	0.00348	0.00812	0.01160	0.01044	0.01624
32	0.02374	0.02627	0.05271	0.03886	0.04644	0.02743	0.39918	0.03067	0.02193	0.03067	0.01880	0.02627	0.01501	0.01116	0.01792	0.00374	0.17979	0.01127	0.00500	0.01314
33	0.03833	0.04891	0.02908	0.02644	0.03173	0.59815	0.01983	0.04098	0.02908	0.02512	0.01586	0.01851	0.01322	0.01058	0.00925	0.00264	0.01851	0.00661	0.00529	0.01190
34	0.01475	0.01051	0.01401	0.01390	0.01508	0.01127	0.00977	0.01709	0.01749	0.02449	0.09963	0.05579	0.03954	0.29543	0.30346	0.01215	0.01752	0.01355	0.00654	0.00805
35	0.02456	0.01280	0.01555	0.01359	0.01757	0.01214	0.01061	0.05829	0.02768	0.16233	0.23694	0.05121	0.05220	0.01555	0.00992	0.00292	0.00607	0.01311	0.24514	0.01183
36	0.08534	0.02578	0.02701	0.02191	0.02916	0.02901	0.01776	0.33618	0.21967	0.05583	0.02971	0.02870	0.02171	0.01266	0.01003	0.00322	0.00996	0.00977	0.01003	0.01656
37	0.07565	0.02503	0.02623	0.02168	0.02864	0.02830	0.01744	0.27987	0.28521	0.05327	0.03203	0.03054	0.02357	0.01289	0.01010	0.00327	0.00959	0.01011	0.01010	0.01648
38	0.04063	0.01769	0.02319	0.01787	0.02548	0.01558	0.01464	0.07672	0.02979	0.45212	0.08117	0.03642	0.02983	0.01288	0.01021	0.00302	0.00847	0.01053	0.01180	0.08199
39	0.15719	0.02871	0.02609	0.22410	0.04200	0.20282	0.02058	0.03602	0.10690	0.03225	0.02045	0.02429	0.01582	0.01080	0.00924	0.00314	0.01323	0.00805	0.00605	0.01226
40	0.01492	0.00995	0.01119	0.01119	0.01119	0.00995	0.00622	0.01492	0.01492	0.01990	0.03233	0.06716	0.03731	0.63935	0.05223	0.00995	0.00995	0.01492	0.00622	0.00622
41	0.02706	0.26337	0.17726	0.02010	0.03046	0.02661	0.02116	0.03293	0.02241	0.11040	0.02006	0.02157	0.01538	0.00934	0.00816	0.00246	0.01096	0.00686	0.00597	0.16749
42	0.03086	0.06626	0.09023	0.21551	0.11341	0.02146	0.02409	0.03681	0.02436	0.23643	0.02647	0.02858	0.01830	0.01087	0.00996	0.00318	0.01160	0.00916	0.00765	0.01483
43	0.02060	0.01187	0.01544	0.01376	0.01737	0.01067	0.01059	0.02507	0.02862	0.14784	0.42373	0.07027	0.12402	0.01977	0.01175	0.00324	0.00565	0.01719	0.01142	0.01114
44	0.01752	0.00911	0.01367	0.01367	0.01384	0.00929	0.00929	0.01384	0.01367	0.01840	0.01875	0.03206	0.01857	0.03958	0.09328	0.63623	0.01068	0.00911	0.00456	0.00490
45	0.02278	0.01927	0.03211	0.46435	0.15666	0.02241	0.02786	0.02924	0.02180	0.07610	0.02037	0.02767	0.01516	0.01027	0.01025	0.00333	0.01298	0.00923	0.00536	0.01279
46	0.02272	0.01919	0.02632	0.02314	0.02460	0.02467	0.01927	0.02549	0.01894	0.07892	0.03192	0.04465	0.08579	0.01974	0.02641	0.00428	0.41120	0.07495	0.00650	0.01129
47	0.02890	0.02129	0.02331	0.02045	0.02660	0.02381	0.01605	0.05379	0.46998	0.13174	0.04156	0.03773	0.03035	0.01372	0.01042	0.00343	0.00822	0.01139	0.01081	0.01644
48	0.02066	0.01923	0.03215	0.37737	0.21857	0.02179	0.02727	0.02705	0.02236	0.03016	0.08157	0.03239	0.02396	0.01114	0.01044	0.00328	0.01222	0.01021	0.00549	0.01269
49	0.02144	0.02034	0.03451	0.42563	0.24362	0.02334	0.02953	0.02803	0.02150	0.02872	0.01860	0.02669	0.01456	0.00988	0.01023	0.00329	0.01317	0.00913	0.00474	0.01306
50	0.63389	0.01957	0.01611	0.01405	0.02059	0.02209	0.01158	0.03249	0.01886	0.10884	0.01736	0.01881	0.01279	0.00990	0.00682	0.00318	0.00803	0.00611	0.00709	0.01186
51	0.01938	0.01824	0.03078	0.61468	0.07068	0.02280	0.02850	0.02622	0.02052	0.02622	0.01824	0.02736	0.01368	0.01026	0.01026	0.00342	0.01368	0.00912	0.00456	0.01140
52	0.02128	0.01824	0.02128	0.01520	0.02432	0.01368	0.01216	0.02584	0.02128	0.03344	0.01824	0.02128	0.01520	0.00760	0.00760	0.00152	0.00760	0.00608	0.00608	0.70208
53	0.02540	0.02438	0.04165	0.06299	0.57533	0.02438	0.03149	0.03149	0.02337	0.03353	0.01930	0.02540	0.01626	0.00914	0.01016	0.00305	0.01219	0.00914	0.00508	0.01626
54	0.01623	0.01159	0.01619	0.01855	0.02078	0.01155	0.01601	0.02073	0.02332	0.03037	0.05450	0.15489	0.05973	0.02864	0.01409	0.00468	0.00918	0.47014	0.00946	0.00937
