[name]
unknown

[dist]
# distance from previous block
# <min> <max>
0	579

[block]
# block no. 0 follows, 10 sequences, length 21
# corresponding to MSA columns:
# 658-678
name=unknown_A
#
# <colnr> <probs for GDERKNQSTAVLIFYWHMCP>
#	G	D	E	R	K	N	Q	S	T	A	V	L	I	F	Y	W	H	M	C	P
0	0.01661	0.01189	0.01527	0.01707	0.01874	0.01150	0.01298	0.01963	0.02333	0.03033	0.06245	0.23530	0.11054	0.15970	0.02528	0.00638	0.00930	0.19434	0.00991	0.00946
1	0.02545	0.02545	0.03562	0.03053	0.03053	0.03562	0.02545	0.02799	0.01781	0.02799	0.01527	0.02545	0.01527	0.02036	0.03817	0.00509	0.56997	0.01018	0.00509	0.01272
2	0.01561	0.01166	0.01449	0.01419	0.01696	0.01055	0.01049	0.02015	0.03031	0.04140	0.37560	0.14883	0.19404	0.02645	0.01385	0.00384	0.00572	0.02317	0.01214	0.01055
3	0.03109	0.59826	0.06095	0.01990	0.02985	0.04602	0.01990	0.03483	0.02363	0.02736	0.01617	0.01866	0.01493	0.00995	0.00746	0.00249	0.01244	0.00622	0.00498	0.01493
4	0.01812	0.01294	0.01802	0.02070	0.02311	0.01285	0.01765	0.02302	0.02616	0.03411	0.06192	0.19310	0.06830	0.03272	0.01590	0.00527	0.01017	0.38469	0.01072	0.01054
5	0.03109	0.59826	0.06095	0.01990	0.02985	0.04602	0.01990	0.03483	0.02363	0.02736	0.01617	0.01866	0.01493	0.00995	0.00746	0.00249	0.01244	0.00622	0.00498	0.01493
6	0.02168	0.01084	0.01084	0.01084	0.01355	0.01084	0.00813	0.02710	0.02439	0.04336	0.03794	0.04336	0.02981	0.01355	0.00813	0.00271	0.00542	0.01084	0.65583	0.01084
7	0.01691	0.01128	0.01268	0.01268	0.01268	0.01128	0.00705	0.01691	0.01691	0.02255	0.03665	0.07611	0.04228	0.59126	0.05920	0.01128	0.01128	0.01691	0.00705	0.00705
8	0.01691	0.01128	0.01268	0.01268	0.01268	0.01128	0.00705	0.01691	0.01691	0.02255	0.03665	0.07611	0.04228	0.59126	0.05920	0.01128	0.01128	0.01691	0.00705	0.00705
9	0.05218	0.01979	0.02699	0.02069	0.02969	0.01709	0.01709	0.05668	0.03329	0.52677	0.04588	0.03959	0.02879	0.01439	0.01170	0.00360	0.00990	0.01170	0.01439	0.01979
10	0.04577	0.03007	0.03335	0.02557	0.03482	0.03235	0.02112	0.39703	0.05049	0.16211	0.03144	0.03021	0.02154	0.01405	0.01165	0.00351	0.01223	0.01071	0.01218	0.01978
11	0.02735	0.01430	0.01904	0.01648	0.02113	0.01284	0.01284	0.03254	0.03303	0.19301	0.37030	0.07246	0.08506	0.02092	0.01310	0.00364	0.00683	0.01819	0.01329	0.01366
12	0.05218	0.01979	0.02699	0.02069	0.02969	0.01709	0.01709	0.05668	0.03329	0.52677	0.04588	0.03959	0.02879	0.01439	0.01170	0.00360	0.00990	0.01170	0.01439	0.01979
13	0.03575	0.02913	0.15120	0.02386	0.03331	0.02005	0.02334	0.04590	0.08734	0.25719	0.04280	0.09183	0.03372	0.01724	0.01222	0.00392	0.01144	0.05147	0.01106	0.01725
14	0.02869	0.01791	0.02436	0.13552	0.03594	0.01857	0.01836	0.09251	0.03145	0.14731	0.13587	0.17106	0.05205	0.02071	0.01280	0.00391	0.00988	0.01804	0.01089	0.01416
15	0.31418	0.03225	0.09325	0.02185	0.03086	0.08993	0.01989	0.08709	0.02846	0.14587	0.02432	0.02508	0.01723	0.01204	0.00951	0.00352	0.01219	0.00829	0.00866	0.01555
16	0.02433	0.09422	0.03839	0.30678	0.05627	0.03182	0.02833	0.02974	0.02137	0.02881	0.01820	0.02750	0.01535	0.01451	0.02052	0.00413	0.21173	0.00977	0.00512	0.01310
17	0.02402	0.02558	0.08718	0.01921	0.03040	0.01694	0.01741	0.03022	0.02417	0.03777	0.02070	0.02417	0.01692	0.00892	0.00892	0.00197	0.00968	0.00710	0.00664	0.58209
18	0.02129	0.04783	0.40165	0.02873	0.04201	0.02279	0.03493	0.03232	0.02519	0.03697	0.08264	0.10813	0.03403	0.01597	0.01187	0.00382	0.01443	0.01336	0.00661	0.01542
19	0.01517	0.01054	0.01320	0.01492	0.01535	0.01011	0.00943	0.01646	0.02032	0.02709	0.05410	0.39885	0.06431	0.23847	0.03099	0.00711	0.00840	0.02718	0.00943	0.00857
20	0.03427	0.02296	0.03223	0.19574	0.10095	0.02461	0.02437	0.13789	0.03421	0.15942	0.08433	0.03843	0.03065	0.01405	0.01187	0.00365	0.01224	0.01191	0.00974	0.01650

[dist]
# distance from previous block
# <min> <max>
0	1

[block]
# block no. 1 follows, 10 sequences, length 9
# corresponding to MSA columns:
# 680-688
name=unknown_B
#
# <colnr> <probs for GDERKNQSTAVLIFYWHMCP>
#	G	D	E	R	K	N	Q	S	T	A	V	L	I	F	Y	W	H	M	C	P
0	0.39413	0.10760	0.09990	0.02029	0.02963	0.03049	0.01945	0.10441	0.02646	0.04991	0.01870	0.02109	0.01434	0.01121	0.00848	0.00344	0.01124	0.00727	0.00726	0.01470
1	0.02271	0.02027	0.03104	0.17923	0.18458	0.02201	0.02501	0.03215	0.09231	0.03490	0.03760	0.19405	0.03725	0.01912	0.01257	0.00401	0.01153	0.01741	0.00795	0.01433
2	0.02412	0.02067	0.02412	0.01723	0.02756	0.01550	0.01378	0.02929	0.02412	0.03790	0.02067	0.02412	0.01723	0.00861	0.00861	0.00172	0.00861	0.00689	0.00689	0.66236
3	0.01496	0.01100	0.01402	0.01502	0.01690	0.01006	0.01060	0.01839	0.02678	0.03618	0.23704	0.33619	0.14833	0.03081	0.01428	0.00422	0.00617	0.02746	0.01154	0.01006
4	0.04769	0.01880	0.02555	0.01993	0.02814	0.01632	0.01632	0.05231	0.03324	0.46640	0.10456	0.04553	0.03897	0.01557	0.01195	0.00361	0.00934	0.01287	0.01419	0.01868
5	0.01646	0.01189	0.01555	0.01463	0.01738	0.01097	0.01097	0.02195	0.03292	0.04664	0.51257	0.08688	0.10974	0.02378	0.01372	0.00366	0.00549	0.02103	0.01280	0.01097
6	0.03108	0.02103	0.02209	0.01869	0.02442	0.02293	0.01487	0.19869	0.10957	0.05517	0.03574	0.03770	0.02702	0.01405	0.01000	0.00319	0.00872	0.01107	0.31868	0.01530
7	0.02270	0.01741	0.02491	0.02248	0.02248	0.02226	0.01741	0.02127	0.01642	0.02391	0.01785	0.03063	0.01785	0.03085	0.04198	0.34872	0.27693	0.01014	0.00507	0.00871
8	0.23336	0.02955	0.02955	0.02331	0.03199	0.03307	0.01925	0.34593	0.04419	0.06695	0.02440	0.02521	0.01762	0.01301	0.01030	0.00352	0.01166	0.00922	0.01030	0.01762

[dist]
# distance from previous block
# <min> <max>
0	2

[block]
# block no. 2 follows, 10 sequences, length 13
# corresponding to MSA columns:
# 691-703
name=unknown_C
#
# <colnr> <probs for GDERKNQSTAVLIFYWHMCP>
#	G	D	E	R	K	N	Q	S	T	A	V	L	I	F	Y	W	H	M	C	P
0	0.04389	0.02840	0.08036	0.03066	0.10141	0.02492	0.02359	0.17263	0.03761	0.28254	0.03503	0.03332	0.02343	0.01339	0.01159	0.00356	0.01197	0.01086	0.01150	0.01935
1	0.10269	0.02557	0.03475	0.16209	0.14313	0.02878	0.02611	0.14259	0.03162	0.09632	0.02428	0.02883	0.01819	0.01302	0.01385	0.00376	0.06995	0.01006	0.00803	0.01637
2	0.51786	0.02425	0.02733	0.02571	0.07849	0.02671	0.07938	0.03477	0.02154	0.04866	0.01779	0.02164	0.01389	0.01061	0.00855	0.00363	0.01096	0.00774	0.00687	0.01362
3	0.09617	0.02510	0.03280	0.15589	0.04531	0.02862	0.07103	0.08859	0.23991	0.04559	0.03321	0.03506	0.02484	0.01344	0.01148	0.00385	0.01217	0.01156	0.00908	0.01631
4	0.60321	0.02219	0.01821	0.01590	0.02331	0.02507	0.01310	0.03673	0.02132	0.10582	0.01955	0.02123	0.01443	0.01120	0.00771	0.00360	0.00910	0.00691	0.00801	0.01341
5	0.02333	0.06016	0.53100	0.03315	0.05034	0.02701	0.04297	0.03683	0.02455	0.03683	0.02087	0.02455	0.01473	0.01105	0.01105	0.00368	0.01719	0.00859	0.00491	0.01719
6	0.01529	0.01149	0.01416	0.01425	0.01685	0.01036	0.01040	0.01940	0.02904	0.03919	0.31760	0.19902	0.20458	0.02790	0.01396	0.00395	0.00586	0.02448	0.01187	0.01036
7	0.04421	0.03258	0.03490	0.02676	0.03607	0.03607	0.02211	0.47993	0.05468	0.07330	0.02792	0.02792	0.01978	0.01396	0.01163	0.00349	0.01280	0.01047	0.01163	0.01978
8	0.04056	0.02978	0.03179	0.02497	0.03338	0.03300	0.02043	0.39516	0.09721	0.06800	0.03084	0.03094	0.02232	0.01411	0.01133	0.00346	0.01175	0.01078	0.07138	0.01881
9	0.03833	0.01573	0.01965	0.01622	0.02236	0.01425	0.01302	0.04324	0.02925	0.30718	0.04228	0.04130	0.02925	0.01401	0.01008	0.00320	0.00786	0.01131	0.30577	0.01573
10	0.04345	0.05543	0.03296	0.02996	0.03596	0.54457	0.02247	0.04644	0.03296	0.02846	0.01798	0.02097	0.01498	0.01199	0.01049	0.00300	0.02097	0.00749	0.00599	0.01348
11	0.01661	0.01246	0.01869	0.01869	0.02077	0.01454	0.01454	0.02077	0.01869	0.02700	0.03115	0.04569	0.02908	0.08723	0.54517	0.01869	0.03115	0.01246	0.00623	0.01038
12	0.02694	0.03383	0.22832	0.09998	0.04186	0.02043	0.02810	0.03492	0.02565	0.13709	0.03678	0.16669	0.03315	0.01810	0.01220	0.00395	0.01284	0.01553	0.00839	0.01523

[dist]
# distance from previous block
# <min> <max>
0	8

[block]
# block no. 3 follows, 10 sequences, length 48
# corresponding to MSA columns:
# 712-735,737-760
name=unknown_D
#
# <colnr> <probs for GDERKNQSTAVLIFYWHMCP>
#	G	D	E	R	K	N	Q	S	T	A	V	L	I	F	Y	W	H	M	C	P
0	0.05218	0.01979	0.02699	0.02069	0.02969	0.01709	0.01709	0.05668	0.03329	0.52677	0.04588	0.03959	0.02879	0.01439	0.01170	0.00360	0.00990	0.01170	0.01439	0.01979
1	0.02196	0.02067	0.03488	0.56331	0.08010	0.02584	0.03230	0.02972	0.02326	0.02972	0.02067	0.03101	0.01550	0.01163	0.01163	0.00388	0.01550	0.01034	0.00517	0.01292
2	0.04782	0.02554	0.03068	0.02823	0.08935	0.07577	0.02029	0.08722	0.03416	0.37895	0.03861	0.03538	0.02536	0.01362	0.01154	0.00351	0.01177	0.01099	0.01225	0.01896
3	0.02643	0.01389	0.01780	0.01639	0.01929	0.01342	0.01176	0.02865	0.02245	0.15835	0.04089	0.06815	0.03953	0.32284	0.10047	0.00954	0.01323	0.05647	0.00926	0.01119
4	0.60344	0.02361	0.01907	0.01657	0.02400	0.02720	0.01365	0.08376	0.02367	0.05453	0.01750	0.01990	0.01339	0.01115	0.00769	0.00359	0.00942	0.00676	0.00769	0.01339
5	0.01700	0.01164	0.01371	0.01319	0.01618	0.01069	0.00989	0.02192	0.02967	0.04262	0.32363	0.08288	0.18032	0.02279	0.01251	0.00351	0.00556	0.01958	0.15201	0.01069
6	0.12834	0.02318	0.03595	0.31931	0.21029	0.02645	0.03023	0.03233	0.02373	0.03594	0.02034	0.02836	0.01597	0.01109	0.01088	0.00370	0.01393	0.00970	0.00568	0.01462
7	0.05135	0.02112	0.02781	0.02132	0.03035	0.01906	0.01761	0.10062	0.03551	0.47969	0.04402	0.03838	0.02785	0.01435	0.01169	0.00359	0.01020	0.01157	0.01411	0.01979
8	0.50915	0.16974	0.02831	0.01647	0.02437	0.03119	0.01446	0.03435	0.02077	0.04583	0.01619	0.01883	0.01319	0.01058	0.00727	0.00331	0.00988	0.00628	0.00663	0.01319
9	0.01874	0.01339	0.01874	0.02142	0.02410	0.01339	0.01874	0.02410	0.02677	0.03481	0.06158	0.13119	0.06693	0.03213	0.01606	0.00535	0.01071	0.44043	0.01071	0.01071
10	0.01893	0.01328	0.01868	0.13371	0.02906	0.01440	0.01442	0.02005	0.01893	0.02486	0.03213	0.06303	0.03415	0.28566	0.04135	0.15272	0.01188	0.05794	0.00658	0.00826
11	0.01474	0.01162	0.01341	0.01423	0.01715	0.01029	0.01069	0.01805	0.02632	0.03313	0.14313	0.21566	0.31901	0.03069	0.01426	0.00424	0.00661	0.07578	0.01101	0.00997
12	0.11513	0.15027	0.03487	0.02105	0.03011	0.02802	0.01815	0.12833	0.03365	0.27905	0.03267	0.03049	0.02224	0.01293	0.01025	0.00333	0.01090	0.00966	0.01100	0.01791
13	0.10103	0.04351	0.31038	0.14192	0.05105	0.02761	0.03515	0.03404	0.02296	0.03619	0.01965	0.02533	0.01470	0.01218	0.01373	0.00387	0.07733	0.00886	0.00526	0.01525
14	0.05218	0.01979	0.02699	0.02069	0.02969	0.01709	0.01709	0.05668	0.03329	0.52677	0.04588	0.03959	0.02879	0.01439	0.01170	0.00360	0.00990	0.01170	0.01439	0.01979
15	0.02501	0.02320	0.03877	0.09886	0.37248	0.02347	0.02992	0.03090	0.02529	0.03549	0.03111	0.15154	0.03111	0.01622	0.01226	0.00377	0.01239	0.01538	0.00682	0.01600
16	0.02619	0.08742	0.09419	0.32955	0.06453	0.02962	0.08413	0.08197	0.02743	0.03597	0.02137	0.02874	0.01609	0.01143	0.01139	0.00367	0.01555	0.01014	0.00593	0.01467
17	0.02031	0.01375	0.02016	0.14833	0.03352	0.01425	0.01668	0.02399	0.02374	0.08548	0.05161	0.38964	0.05674	0.02799	0.01372	0.00439	0.00921	0.02520	0.00985	0.01144
18	0.02168	0.01084	0.01084	0.01084	0.01355	0.01084	0.00813	0.02710	0.02439	0.04336	0.03794	0.04336	0.02981	0.01355	0.00813	0.00271	0.00542	0.01084	0.65583	0.01084
19	0.02412	0.02067	0.02412	0.01723	0.02756	0.01550	0.01378	0.02929	0.02412	0.03790	0.02067	0.02412	0.01723	0.00861	0.00861	0.00172	0.00861	0.00689	0.00689	0.66236
20	0.02966	0.30915	0.14119	0.08436	0.04005	0.09104	0.02580	0.03890	0.07796	0.03194	0.02126	0.02418	0.01727	0.01122	0.00942	0.00309	0.01423	0.00804	0.00586	0.01537
21	0.01439	0.01029	0.01370	0.01604	0.01692	0.00960	0.01081	0.01676	0.02331	0.03135	0.10802	0.53502	0.08014	0.03520	0.01473	0.00462	0.00662	0.03189	0.01099	0.00960
22	0.01530	0.01184	0.01394	0.01341	0.01666	0.01048	0.01006	0.01970	0.03018	0.04014	0.34391	0.09758	0.28247	0.02620	0.01373	0.00377	0.00566	0.02253	0.01195	0.01048
23	0.01761	0.01317	0.01653	0.01582	0.01876	0.01282	0.01179	0.02580	0.08392	0.04502	0.41162	0.13599	0.09784	0.02426	0.01363	0.00381	0.00604	0.02146	0.01248	0.01164
24	0.02049	0.01298	0.01713	0.01718	0.02047	0.01206	0.01370	0.02519	0.02933	0.09194	0.24013	0.15299	0.12425	0.02719	0.01432	0.00430	0.00768	0.14515	0.01194	0.01157
25	0.02412	0.02067	0.02412	0.01723	0.02756	0.01550	0.01378	0.02929	0.02412	0.03790	0.02067	0.02412	0.01723	0.00861	0.00861	0.00172	0.00861	0.00689	0.00689	0.66236
26	0.01661	0.01246	0.01869	0.01869	0.02077	0.01454	0.01454	0.02077	0.01869	0.02700	0.03115	0.04569	0.02908	0.08723	0.54517	0.01869	0.03115	0.01246	0.00623	0.01038
27	0.02608	0.16871	0.26374	0.02696	0.03809	0.08998	0.02976	0.03420	0.02536	0.03283	0.02795	0.08864	0.02631	0.01559	0.01108	0.00361	0.01490	0.05516	0.00623	0.01481
28	0.01691	0.01128	0.01268	0.01268	0.01268	0.01128	0.00705	0.01691	0.01691	0.02255	0.03665	0.07611	0.04228	0.59126	0.05920	0.01128	0.01128	0.01691	0.00705	0.00705
29	0.03086	0.19461	0.29656	0.02758	0.04109	0.03196	0.03173	0.08819	0.02864	0.09167	0.02314	0.02501	0.01688	0.01145	0.01024	0.00334	0.01465	0.00852	0.00671	0.01717
30	0.02871	0.02814	0.09372	0.21322	0.27769	0.02583	0.03335	0.03633	0.02604	0.09017	0.02409	0.03022	0.01829	0.01128	0.01152	0.00363	0.01426	0.01031	0.00645	0.01675
31	0.01661	0.01246	0.01869	0.01869	0.02077	0.01454	0.01454	0.02077	0.01869	0.02700	0.03115	0.04569	0.02908	0.08723	0.54517	0.01869	0.03115	0.01246	0.00623	0.01038
32	0.02941	0.04336	0.24972	0.03772	0.05116	0.02988	0.20115	0.13321	0.03218	0.04491	0.02340	0.02785	0.01692	0.01121	0.01218	0.00373	0.01714	0.01093	0.00674	0.01719
33	0.03412	0.08570	0.24125	0.03154	0.09147	0.02567	0.03020	0.04474	0.06396	0.19195	0.03054	0.03073	0.02120	0.01231	0.01107	0.00355	0.01351	0.00992	0.00854	0.01805
34	0.01814	0.01468	0.01647	0.01552	0.01953	0.01442	0.01178	0.02860	0.13094	0.04140	0.26499	0.08682	0.24431	0.02416	0.01332	0.00382	0.00644	0.02064	0.01185	0.01215
35	0.04770	0.02698	0.03144	0.02410	0.03327	0.02776	0.01991	0.29452	0.04531	0.27195	0.03579	0.03303	0.02373	0.01415	0.01166	0.00354	0.01153	0.01101	0.01284	0.01979
36	0.01889	0.03454	0.26171	0.02428	0.03338	0.01823	0.02666	0.02679	0.02419	0.03372	0.04887	0.22834	0.09260	0.02318	0.01301	0.00419	0.01199	0.05416	0.00797	0.01330
37	0.02791	0.10310	0.25413	0.03949	0.09829	0.03064	0.15799	0.08001	0.02841	0.03964	0.02191	0.02659	0.01644	0.01080	0.01152	0.00358	0.01658	0.01013	0.00593	0.01691
38	0.02073	0.01283	0.01692	0.01536	0.01885	0.01171	0.01171	0.02610	0.03297	0.10406	0.45676	0.08122	0.10006	0.02265	0.01348	0.00365	0.00601	0.01992	0.01299	0.01203
39	0.01661	0.01246	0.01869	0.01869	0.02077	0.01454	0.01454	0.02077	0.01869	0.02700	0.03115	0.04569	0.02908	0.08723	0.54517	0.01869	0.03115	0.01246	0.00623	0.01038
40	0.09071	0.03042	0.14411	0.33047	0.12000	0.02634	0.03302	0.03247	0.02357	0.03461	0.02040	0.02806	0.01538	0.01126	0.01103	0.00375	0.01500	0.00954	0.00539	0.01449
41	0.01566	0.01319	0.01374	0.01336	0.01743	0.01197	0.01009	0.02205	0.07714	0.03494	0.15426	0.10188	0.41834	0.02737	0.01354	0.00390	0.00620	0.02295	0.01113	0.01086
42	0.01472	0.01051	0.01412	0.01682	0.01773	0.00992	0.01175	0.01714	0.02281	0.03030	0.06380	0.52955	0.07573	0.03592	0.01499	0.00480	0.00722	0.08178	0.01079	0.00960
43	0.01946	0.01492	0.02049	0.02054	0.02184	0.01697	0.01637	0.02213	0.02259	0.03098	0.08859	0.13412	0.05302	0.09090	0.02849	0.07936	0.13123	0.16932	0.00867	0.01001
44	0.03613	0.03072	0.13866	0.17871	0.04947	0.02470	0.02777	0.11154	0.03194	0.20863	0.03051	0.03208	0.02057	0.01282	0.01153	0.00368	0.01351	0.01045	0.00930	0.01728
45	0.02299	0.01632	0.02061	0.01896	0.02209	0.01822	0.01490	0.02889	0.06256	0.08654	0.05456	0.11227	0.14030	0.03281	0.10160	0.00640	0.12442	0.01666	0.08655	0.01237
46	0.03734	0.02916	0.03103	0.02537	0.03345	0.03286	0.02044	0.29188	0.25393	0.06221	0.03665	0.03488	0.02685	0.01478	0.01172	0.00369	0.01118	0.01168	0.01172	0.01916
47	0.10982	0.02471	0.02879	0.08036	0.03606	0.02513	0.01922	0.18856	0.03593	0.15981	0.02826	0.02902	0.01997	0.01229	0.01049	0.00318	0.01111	0.00948	0.01002	0.15777

[dist]
# distance from previous block
# <min> <max>
0	1

[block]
# block no. 4 follows, 10 sequences, length 18
# corresponding to MSA columns:
# 762-779
name=unknown_E
#
# <colnr> <probs for GDERKNQSTAVLIFYWHMCP>
#	G	D	E	R	K	N	Q	S	T	A	V	L	I	F	Y	W	H	M	C	P
0	0.02394	0.02969	0.17522	0.02263	0.02986	0.02121	0.02312	0.03072	0.02412	0.07332	0.04243	0.04546	0.10560	0.01701	0.01651	0.00378	0.12691	0.01245	0.16236	0.01367
1	0.01723	0.01173	0.01485	0.01407	0.01681	0.01095	0.01056	0.02271	0.03167	0.04616	0.44273	0.08047	0.09798	0.02227	0.01290	0.00352	0.00548	0.01953	0.10742	0.01095
2	0.02230	0.02172	0.04214	0.03284	0.03998	0.02048	0.23998	0.02987	0.02897	0.03959	0.17982	0.06899	0.05584	0.01869	0.01421	0.00414	0.01347	0.10475	0.00899	0.01322
3	0.35860	0.02153	0.02077	0.01653	0.02515	0.02105	0.01345	0.03410	0.02268	0.08644	0.02051	0.02275	0.01583	0.01022	0.00815	0.00284	0.00892	0.00699	0.00768	0.27580
4	0.01532	0.01144	0.01432	0.01508	0.01744	0.01044	0.01112	0.01911	0.02753	0.03672	0.23963	0.25364	0.18845	0.02983	0.01429	0.00421	0.00645	0.06325	0.01152	0.01020
5	0.04421	0.03258	0.03490	0.02676	0.03607	0.03607	0.02211	0.47993	0.05468	0.07330	0.02792	0.02792	0.01978	0.01396	0.01163	0.00349	0.01280	0.01047	0.01163	0.01978
6	0.02059	0.01106	0.01182	0.01163	0.01435	0.01087	0.00872	0.02603	0.02617	0.04404	0.13672	0.05242	0.04644	0.01568	0.00929	0.00291	0.00543	0.01296	0.52201	0.01087
7	0.03109	0.59826	0.06095	0.01990	0.02985	0.04602	0.01990	0.03483	0.02363	0.02736	0.01617	0.01866	0.01493	0.00995	0.00746	0.00249	0.01244	0.00622	0.00498	0.01493
8	0.02333	0.06016	0.53100	0.03315	0.05034	0.02701	0.04297	0.03683	0.02455	0.03683	0.02087	0.02455	0.01473	0.01105	0.01105	0.00368	0.01719	0.00859	0.00491	0.01719
9	0.05218	0.01979	0.02699	0.02069	0.02969	0.01709	0.01709	0.05668	0.03329	0.52677	0.04588	0.03959	0.02879	0.01439	0.01170	0.00360	0.00990	0.01170	0.01439	0.01979
10	0.01652	0.01180	0.01591	0.01614	0.01729	0.01284	0.01130	0.01888	0.01830	0.02549	0.03607	0.10293	0.03826	0.27952	0.31091	0.01462	0.02134	0.01594	0.00693	0.00900
11	0.01494	0.01101	0.01399	0.01498	0.01688	0.01006	0.01057	0.01836	0.02677	0.03612	0.23541	0.33324	0.15319	0.03080	0.01427	0.00422	0.00616	0.02743	0.01153	0.01006
12	0.03109	0.59826	0.06095	0.01990	0.02985	0.04602	0.01990	0.03483	0.02363	0.02736	0.01617	0.01866	0.01493	0.00995	0.00746	0.00249	0.01244	0.00622	0.00498	0.01493
13	0.02204	0.01312	0.01733	0.01558	0.01930	0.01193	0.01193	0.02737	0.03298	0.12166	0.43965	0.07949	0.09709	0.02231	0.01340	0.00365	0.00618	0.01957	0.01305	0.01235
14	0.03132	0.02617	0.02764	0.02415	0.03115	0.03004	0.01899	0.12713	0.42848	0.05250	0.04430	0.04098	0.03305	0.01550	0.01180	0.00387	0.00977	0.01273	0.01180	0.01862
15	0.40648	0.03086	0.10582	0.02357	0.03315	0.02808	0.07100	0.10054	0.02653	0.05121	0.01948	0.02251	0.01456	0.01119	0.00919	0.00363	0.01203	0.00811	0.00734	0.01472
16	0.01741	0.01451	0.02239	0.24382	0.04318	0.01627	0.01974	0.02182	0.02268	0.02970	0.04603	0.35374	0.05137	0.02612	0.01351	0.00437	0.01039	0.02361	0.00845	0.01089
17	0.23787	0.06847	0.02451	0.01788	0.02495	0.02383	0.01482	0.10643	0.03022	0.15040	0.07191	0.03429	0.02853	0.01354	0.00957	0.00336	0.00922	0.01006	0.10515	0.01500

[dist]
# distance from previous block
# <min> <max>
0	5

[block]
# block no. 5 follows, 10 sequences, length 76
# corresponding to MSA columns:
# 797-833,835-841,847-878
name=unknown_F
#
# <colnr> <probs for GDERKNQSTAVLIFYWHMCP>
#	G	D	E	R	K	N	Q	S	T	A	V	L	I	F	Y	W	H	M	C	P
0	0.09129	0.48768	0.05341	0.01984	0.02920	0.04246	0.01907	0.03742	0.06993	0.03179	0.01924	0.02111	0.01673	0.01060	0.00787	0.00274	0.01180	0.00691	0.00586	0.01505
1	0.03270	0.02040	0.02500	0.01829	0.02821	0.01599	0.01479	0.03766	0.02692	0.18741	0.02838	0.02885	0.02076	0.01038	0.00956	0.00230	0.00901	0.00836	0.00919	0.46584
2	0.02060	0.03665	0.26844	0.12495	0.04438	0.02136	0.02998	0.02942	0.02419	0.03431	0.08289	0.09979	0.03542	0.07776	0.01705	0.00465	0.01377	0.01391	0.00673	0.01376
3	0.03241	0.04252	0.28863	0.03301	0.04671	0.02471	0.12861	0.04256	0.02766	0.17610	0.02855	0.03029	0.01935	0.01173	0.01181	0.00371	0.01564	0.01058	0.00781	0.01761
4	0.01452	0.01115	0.01330	0.01415	0.01654	0.00993	0.01008	0.01767	0.02627	0.03413	0.18473	0.29184	0.25198	0.03093	0.01417	0.00418	0.00614	0.02711	0.01125	0.00993
5	0.05218	0.01979	0.02699	0.02069	0.02969	0.01709	0.01709	0.05668	0.03329	0.52677	0.04588	0.03959	0.02879	0.01439	0.01170	0.00360	0.00990	0.01170	0.01439	0.01979
6	0.09387	0.03797	0.23329	0.08366	0.04349	0.02494	0.02939	0.08913	0.02971	0.18140	0.02832	0.02937	0.01918	0.01236	0.01100	0.00365	0.01370	0.00965	0.00858	0.01733
7	0.02517	0.13341	0.09713	0.28872	0.06003	0.03043	0.07992	0.03573	0.07472	0.03294	0.02304	0.02938	0.01769	0.01149	0.01105	0.00361	0.01491	0.01007	0.00590	0.01466
8	0.01462	0.01134	0.01332	0.01384	0.01650	0.01003	0.00999	0.01801	0.02707	0.03515	0.21194	0.23999	0.27678	0.02988	0.01405	0.00408	0.00602	0.02601	0.01135	0.01003
9	0.02196	0.02067	0.03488	0.56331	0.08010	0.02584	0.03230	0.02972	0.02326	0.02972	0.02067	0.03101	0.01550	0.01163	0.01163	0.00388	0.01550	0.01034	0.00517	0.01292
10	0.03523	0.02224	0.03097	0.19048	0.04567	0.02489	0.02333	0.11693	0.03096	0.19255	0.03026	0.03393	0.02167	0.02095	0.06465	0.00524	0.07374	0.01097	0.00929	0.01603
11	0.02761	0.21762	0.20008	0.03926	0.13255	0.03359	0.12216	0.03608	0.02521	0.03415	0.02012	0.02486	0.01607	0.01032	0.01055	0.00331	0.01556	0.00921	0.00528	0.01640
12	0.01435	0.01181	0.01262	0.01242	0.01608	0.01008	0.00931	0.01786	0.02794	0.03481	0.20585	0.10634	0.42384	0.02819	0.01374	0.00387	0.00580	0.02376	0.01125	0.01008
13	0.02971	0.01868	0.02974	0.08616	0.07875	0.01872	0.06745	0.03445	0.02470	0.17139	0.03355	0.04485	0.02773	0.13580	0.13776	0.00838	0.01684	0.01277	0.00852	0.01405
14	0.04481	0.02159	0.03202	0.06992	0.03732	0.02026	0.06739	0.05281	0.07550	0.38763	0.04151	0.03834	0.02711	0.01380	0.01192	0.00369	0.01134	0.01193	0.01247	0.01864
15	0.03907	0.02402	0.03466	0.09633	0.18161	0.02422	0.02495	0.09294	0.07175	0.23782	0.03417	0.03451	0.02385	0.01296	0.01164	0.00360	0.01193	0.01114	0.01030	0.01851
16	0.03055	0.02579	0.02721	0.02400	0.03086	0.02969	0.01880	0.10629	0.45056	0.05127	0.04527	0.04175	0.03383	0.01559	0.01181	0.00390	0.00959	0.01286	0.01181	0.01855
17	0.47117	0.02446	0.02855	0.03078	0.13501	0.02674	0.06129	0.03481	0.02198	0.04766	0.01813	0.02224	0.01435	0.01061	0.00876	0.00360	0.01105	0.00789	0.00676	0.01417
18	0.02168	0.01084	0.01084	0.01084	0.01355	0.01084	0.00813	0.02710	0.02439	0.04336	0.03794	0.04336	0.02981	0.01355	0.00813	0.00271	0.00542	0.01084	0.65583	0.01084
19	0.03357	0.02309	0.02612	0.02193	0.02926	0.02434	0.01739	0.09981	0.26679	0.14551	0.08824	0.04343	0.03805	0.01543	0.01167	0.00359	0.00932	0.01276	0.01196	0.07773
20	0.04538	0.01780	0.02339	0.01850	0.02609	0.01570	0.01510	0.05008	0.03130	0.41896	0.04411	0.04043	0.02902	0.01421	0.01090	0.00340	0.00890	0.01151	0.15744	0.01780
21	0.04421	0.03258	0.03490	0.02676	0.03607	0.03607	0.02211	0.47993	0.05468	0.07330	0.02792	0.02792	0.01978	0.01396	0.01163	0.00349	0.01280	0.01047	0.01163	0.01978
22	0.03016	0.01498	0.01961	0.01669	0.02202	0.01324	0.01313	0.03497	0.03234	0.23319	0.28493	0.07117	0.12371	0.02074	0.01293	0.00367	0.00726	0.01777	0.01320	0.01430
23	0.67341	0.02249	0.01709	0.01529	0.02249	0.02609	0.01260	0.03419	0.01979	0.05218	0.01619	0.01889	0.01260	0.01080	0.00720	0.00360	0.00900	0.00630	0.00720	0.01260
24	0.01966	0.01564	0.01645	0.01485	0.01965	0.01479	0.01152	0.10284	0.03240	0.04078	0.14321	0.09374	0.37966	0.02599	0.01335	0.00382	0.00712	0.02157	0.01117	0.01178
25	0.67341	0.02249	0.01709	0.01529	0.02249	0.02609	0.01260	0.03419	0.01979	0.05218	0.01619	0.01889	0.01260	0.01080	0.00720	0.00360	0.00900	0.00630	0.00720	0.01260
26	0.02874	0.02384	0.02776	0.02078	0.02978	0.02225	0.01689	0.12964	0.03026	0.04473	0.02171	0.02511	0.01759	0.01107	0.01246	0.00248	0.06989	0.00804	0.00775	0.44923
27	0.04345	0.05543	0.03296	0.02996	0.03596	0.54457	0.02247	0.04644	0.03296	0.02846	0.01798	0.02097	0.01498	0.01199	0.01049	0.00300	0.02097	0.00749	0.00599	0.01348
28	0.01939	0.01567	0.02149	0.11912	0.03347	0.01531	0.01835	0.02453	0.02508	0.03357	0.05211	0.13790	0.09615	0.02383	0.01338	0.00414	0.01024	0.18638	0.00894	0.14096
29	0.01417	0.01012	0.01350	0.01619	0.01687	0.00945	0.01080	0.01619	0.02227	0.02969	0.06410	0.58367	0.07692	0.03644	0.01484	0.00472	0.00675	0.03306	0.01080	0.00945
30	0.01466	0.01126	0.01342	0.01405	0.01656	0.01002	0.01009	0.01802	0.02693	0.03517	0.21207	0.26051	0.25508	0.03015	0.01410	0.00411	0.00606	0.02636	0.01137	0.01002
31	0.05218	0.01979	0.02699	0.02069	0.02969	0.01709	0.01709	0.05668	0.03329	0.52677	0.04588	0.03959	0.02879	0.01439	0.01170	0.00360	0.00990	0.01170	0.01439	0.01979
32	0.02261	0.02133	0.03604	0.51704	0.12135	0.02601	0.03262	0.03028	0.02356	0.03049	0.02079	0.03080	0.01578	0.01151	0.01162	0.00384	0.01535	0.01034	0.00522	0.01344
33	0.01412	0.01030	0.01331	0.01572	0.01674	0.00949	0.01059	0.01625	0.02272	0.02987	0.06985	0.53319	0.12370	0.03569	0.01473	0.00464	0.00666	0.03215	0.01080	0.00949
34	0.05218	0.01979	0.02699	0.02069	0.02969	0.01709	0.01709	0.05668	0.03329	0.52677	0.04588	0.03959	0.02879	0.01439	0.01170	0.00360	0.00990	0.01170	0.01439	0.01979
35	0.02893	0.02498	0.02630	0.02367	0.03024	0.02893	0.01841	0.06180	0.49770	0.04865	0.04734	0.04339	0.03550	0.01578	0.01183	0.00394	0.00920	0.01315	0.01183	0.01841
36	0.02679	0.08641	0.04462	0.22792	0.32191	0.02901	0.03289	0.03363	0.02511	0.03413	0.02087	0.02843	0.01709	0.01074	0.01112	0.00349	0.01423	0.00991	0.00548	0.01624
37	0.02234	0.02118	0.03496	0.50629	0.07480	0.02689	0.03157	0.02953	0.02267	0.02953	0.02009	0.03041	0.01548	0.01256	0.01447	0.00401	0.07484	0.01032	0.00516	0.01290
38	0.11829	0.02008	0.02594	0.02012	0.02892	0.01805	0.01662	0.05429	0.03185	0.47627	0.04272	0.03738	0.02707	0.01401	0.01122	0.00360	0.00980	0.01112	0.01363	0.01903
39	0.02879	0.02763	0.04721	0.07139	0.51871	0.02763	0.03569	0.03569	0.02648	0.03800	0.02188	0.02879	0.01842	0.01036	0.01151	0.00345	0.01382	0.01036	0.00576	0.01842
40	0.02412	0.02067	0.02412	0.01723	0.02756	0.01550	0.01378	0.02929	0.02412	0.03790	0.02067	0.02412	0.01723	0.00861	0.00861	0.00172	0.00861	0.00689	0.00689	0.66236
41	0.03594	0.38540	0.04997	0.02385	0.03224	0.24152	0.02091	0.03938	0.02729	0.02780	0.01688	0.01957	0.01495	0.01075	0.00865	0.00269	0.01579	0.00672	0.00537	0.01436
42	0.67341	0.02249	0.01709	0.01529	0.02249	0.02609	0.01260	0.03419	0.01979	0.05218	0.01619	0.01889	0.01260	0.01080	0.00720	0.00360	0.00900	0.00630	0.00720	0.01260
43	0.03420	0.02848	0.05235	0.03839	0.04879	0.02756	0.28979	0.08740	0.08299	0.13968	0.03104	0.03399	0.02204	0.01179	0.01291	0.00382	0.01586	0.01294	0.00880	0.01721
44	0.01794	0.01261	0.01539	0.01518	0.01573	0.01373	0.01007	0.01938	0.01854	0.02650	0.03711	0.11910	0.04077	0.36692	0.09189	0.00973	0.06700	0.01691	0.07692	0.00858
45	0.02603	0.02145	0.03189	0.23231	0.04754	0.02720	0.02516	0.03051	0.02146	0.08143	0.02297	0.03467	0.01977	0.07912	0.02744	0.00514	0.23549	0.01114	0.00633	0.01293
46	0.01617	0.01188	0.01514	0.01433	0.01720	0.01085	0.01074	0.02138	0.03223	0.04500	0.47014	0.08957	0.15320	0.02439	0.01372	0.00369	0.00553	0.02141	0.01259	0.01085
47	0.03103	0.02885	0.08830	0.02609	0.03569	0.02533	0.06965	0.08522	0.20734	0.09857	0.03449	0.03427	0.02540	0.01283	0.01126	0.00338	0.01149	0.01102	0.00966	0.15016
48	0.08514	0.02434	0.08334	0.13179	0.04201	0.02040	0.06985	0.03195	0.02453	0.08411	0.03049	0.12304	0.02758	0.01514	0.01126	0.00347	0.01194	0.01339	0.00766	0.15856
49	0.15534	0.07654	0.03136	0.02630	0.08441	0.02570	0.01929	0.09047	0.08074	0.24493	0.03350	0.03199	0.02327	0.01299	0.01049	0.00351	0.01063	0.01011	0.01072	0.01775
50	0.03472	0.09481	0.08768	0.13200	0.04310	0.07808	0.02483	0.11776	0.03234	0.13455	0.03059	0.04005	0.02429	0.01462	0.01148	0.00365	0.01378	0.05697	0.00875	0.01597
51	0.03225	0.02581	0.13507	0.02118	0.02964	0.01699	0.02055	0.03914	0.03120	0.23616	0.21658	0.05410	0.05623	0.01719	0.01232	0.00364	0.00986	0.01453	0.01168	0.01588
52	0.02836	0.01802	0.02474	0.14085	0.03730	0.01831	0.01916	0.07551	0.02868	0.14187	0.04293	0.19255	0.04106	0.02110	0.01273	0.00398	0.01055	0.06227	0.01005	0.06996
53	0.03511	0.13886	0.19712	0.02874	0.04083	0.03056	0.07590	0.13166	0.03262	0.13886	0.02668	0.02788	0.01888	0.01198	0.01095	0.00344	0.01427	0.00972	0.00827	0.01767
54	0.02067	0.01232	0.01487	0.01419	0.01538	0.01225	0.00893	0.02160	0.01886	0.07723	0.03705	0.06893	0.03942	0.47531	0.10610	0.01124	0.01325	0.01588	0.00775	0.00877
55	0.01672	0.01278	0.01576	0.01736	0.01986	0.01243	0.01328	0.02273	0.06849	0.03326	0.07383	0.30243	0.16777	0.03177	0.01466	0.00465	0.00789	0.14277	0.01087	0.01071
56	0.10234	0.02271	0.03059	0.02390	0.03219	0.02209	0.06612	0.12971	0.03433	0.28891	0.03920	0.09300	0.02951	0.01585	0.01182	0.00373	0.01107	0.01347	0.01189	0.01756
57	0.03770	0.13582	0.13796	0.03054	0.09099	0.03097	0.02631	0.17015	0.03531	0.15221	0.02763	0.02822	0.01971	0.01235	0.01077	0.00337	0.01309	0.00959	0.00904	0.01825
58	0.01791	0.01376	0.01687	0.01838	0.02056	0.01418	0.01328	0.02714	0.12873	0.03442	0.06012	0.41865	0.06670	0.03141	0.01429	0.00461	0.00769	0.06872	0.01102	0.01157
59	0.02471	0.02762	0.08244	0.13693	0.08201	0.06899	0.02307	0.03090	0.02482	0.03432	0.02532	0.08719	0.02306	0.01302	0.01060	0.00297	0.01235	0.01101	0.00657	0.27212
60	0.01881	0.01217	0.01576	0.01526	0.01819	0.01107	0.01128	0.02323	0.03006	0.08307	0.33994	0.19450	0.12973	0.02624	0.01379	0.00391	0.00618	0.02318	0.01233	0.01130
61	0.03686	0.18768	0.14825	0.02925	0.08722	0.03025	0.02598	0.08971	0.03035	0.18424	0.02791	0.02825	0.01991	0.01199	0.01038	0.00329	0.01289	0.00926	0.00857	0.01776
62	0.02790	0.28742	0.19418	0.03185	0.04434	0.03601	0.15584	0.03607	0.02497	0.03281	0.01957	0.02391	0.01564	0.01022	0.01024	0.00323	0.01580	0.00901	0.00521	0.01577
63	0.01412	0.01030	0.01331	0.01571	0.01674	0.00949	0.01058	0.01625	0.02273	0.02988	0.07001	0.53182	0.12497	0.03567	0.01472	0.00464	0.00665	0.03213	0.01080	0.00949
64	0.02424	0.02111	0.02518	0.01846	0.02784	0.01737	0.01486	0.02917	0.02353	0.03698	0.02017	0.02424	0.01705	0.00970	0.01135	0.00203	0.06059	0.00720	0.00672	0.60221
65	0.67341	0.02249	0.01709	0.01529	0.02249	0.02609	0.01260	0.03419	0.01979	0.05218	0.01619	0.01889	0.01260	0.01080	0.00720	0.00360	0.00900	0.00630	0.00720	0.01260
66	0.01651	0.01182	0.01522	0.01441	0.01684	0.01101	0.01053	0.02138	0.03111	0.04392	0.45875	0.08566	0.10211	0.08795	0.01886	0.00452	0.00614	0.02057	0.01215	0.01053
67	0.67341	0.02249	0.01709	0.01529	0.02249	0.02609	0.01260	0.03419	0.01979	0.05218	0.01619	0.01889	0.01260	0.01080	0.00720	0.00360	0.00900	0.00630	0.00720	0.01260
68	0.02092	0.01441	0.02320	0.23868	0.04164	0.01652	0.01915	0.02109	0.01846	0.02408	0.02039	0.03358	0.01829	0.02867	0.03166	0.39341	0.01230	0.01020	0.00510	0.00826
69	0.15752	0.02770	0.02990	0.02408	0.03161	0.03135	0.01978	0.25500	0.09046	0.11031	0.02839	0.02893	0.02064	0.01435	0.01384	0.00375	0.07440	0.01009	0.01039	0.01750
70	0.03142	0.01857	0.02256	0.02055	0.02635	0.01873	0.01652	0.04461	0.17576	0.19057	0.05777	0.11187	0.08819	0.02164	0.01307	0.00418	0.00920	0.10049	0.01222	0.01574
71	0.17654	0.02440	0.07792	0.07838	0.03398	0.02172	0.01985	0.08469	0.02854	0.17502	0.03534	0.13173	0.03019	0.01697	0.01119	0.00383	0.01080	0.01383	0.00983	0.01526
72	0.09028	0.03520	0.14481	0.04273	0.18659	0.02935	0.07808	0.12722	0.07110	0.04696	0.02468	0.02832	0.01874	0.01167	0.01130	0.00361	0.01411	0.01023	0.00742	0.01760
73	0.02879	0.02763	0.04721	0.07139	0.51871	0.02763	0.03569	0.03569	0.02648	0.03800	0.02188	0.02879	0.01842	0.01036	0.01151	0.00345	0.01382	0.01036	0.00576	0.01842
74	0.01417	0.01012	0.01350	0.01619	0.01687	0.00945	0.01080	0.01619	0.02227	0.02969	0.06410	0.58367	0.07692	0.03644	0.01484	0.00472	0.00675	0.03306	0.01080	0.00945
75	0.03192	0.04146	0.28551	0.08356	0.04853	0.02433	0.08353	0.04186	0.02726	0.17651	0.02832	0.03027	0.01916	0.01192	0.01159	0.00370	0.01521	0.01023	0.00776	0.01734

[dist]
# distance from previous block
# <min> <max>
1	16

[block]
# block no. 6 follows, 10 sequences, length 24
# corresponding to MSA columns:
# 895-908,915-924
name=unknown_G
#
# <colnr> <probs for GDERKNQSTAVLIFYWHMCP>
#	G	D	E	R	K	N	Q	S	T	A	V	L	I	F	Y	W	H	M	C	P
0	0.02068	0.01861	0.07311	0.13142	0.03403	0.01567	0.01862	0.02501	0.02290	0.07531	0.04465	0.28183	0.04788	0.11229	0.02034	0.00535	0.01065	0.02132	0.00877	0.01156
1	0.51307	0.01972	0.01650	0.01530	0.02119	0.02225	0.01218	0.03060	0.02188	0.04906	0.09033	0.08735	0.03284	0.01528	0.00890	0.00372	0.00827	0.01115	0.00835	0.01204
2	0.02559	0.02378	0.07251	0.01917	0.02550	0.06482	0.01647	0.03395	0.09314	0.11044	0.07212	0.12120	0.23009	0.02239	0.01269	0.00385	0.00963	0.01859	0.01044	0.01363
3	0.02706	0.10416	0.03894	0.03594	0.15051	0.02777	0.06775	0.04145	0.17616	0.03897	0.03369	0.08983	0.02932	0.01454	0.01135	0.00350	0.01151	0.01306	0.00823	0.07627
4	0.03117	0.02602	0.02874	0.07514	0.03605	0.02999	0.02042	0.13808	0.36893	0.05154	0.04114	0.03929	0.03063	0.01504	0.01178	0.00385	0.01048	0.01238	0.01117	0.01815
5	0.01902	0.01137	0.01324	0.01277	0.01550	0.01091	0.00958	0.02448	0.02874	0.04503	0.27970	0.06553	0.07052	0.01876	0.01098	0.00319	0.00545	0.01603	0.32830	0.01091
6	0.13425	0.02612	0.09894	0.11542	0.04112	0.02180	0.05903	0.04165	0.02701	0.21792	0.03100	0.03251	0.02126	0.01245	0.01075	0.00360	0.01212	0.01029	0.06675	0.01602
7	0.02835	0.24241	0.13133	0.03238	0.04360	0.03505	0.17862	0.03972	0.09110	0.03516	0.02374	0.02734	0.01869	0.01088	0.01076	0.00336	0.01516	0.01011	0.00623	0.01602
8	0.01535	0.01103	0.01455	0.01539	0.01713	0.01024	0.01089	0.01917	0.02777	0.03845	0.29579	0.32702	0.09388	0.02990	0.01426	0.00417	0.00610	0.02685	0.01183	0.01024
9	0.02161	0.01513	0.02443	0.11258	0.03299	0.01522	0.06185	0.02478	0.02388	0.07658	0.09031	0.23851	0.04983	0.02685	0.01899	0.11615	0.01026	0.02011	0.00891	0.01103
10	0.04267	0.02356	0.03260	0.11276	0.10685	0.02368	0.02303	0.13371	0.03504	0.29180	0.03508	0.03444	0.02350	0.01332	0.01165	0.00360	0.01189	0.01106	0.01122	0.01854
11	0.03095	0.01730	0.02304	0.05597	0.02730	0.01777	0.01603	0.06767	0.03020	0.18275	0.17392	0.05063	0.04899	0.02001	0.01775	0.06998	0.05867	0.01389	0.06330	0.01389
12	0.03435	0.02674	0.02961	0.02208	0.03189	0.02598	0.01802	0.25882	0.03969	0.05593	0.02437	0.02606	0.01853	0.01134	0.01015	0.00262	0.01074	0.00871	0.00931	0.33506
13	0.02113	0.01837	0.02917	0.12762	0.19794	0.01885	0.02295	0.02680	0.02699	0.03749	0.17411	0.15550	0.05627	0.01965	0.01284	0.00384	0.01027	0.01796	0.00872	0.01353
14	0.03669	0.12097	0.15294	0.02469	0.03534	0.02803	0.02442	0.08874	0.12399	0.19591	0.03396	0.03245	0.02380	0.01315	0.01091	0.00351	0.01216	0.01029	0.00992	0.01814
15	0.02374	0.10717	0.02798	0.07410	0.02988	0.02297	0.01736	0.07736	0.09524	0.04121	0.15789	0.14324	0.05672	0.02108	0.01245	0.00385	0.00952	0.05472	0.01006	0.01346
16	0.01452	0.01039	0.01381	0.01595	0.01695	0.00968	0.01082	0.01708	0.02391	0.03231	0.13337	0.50694	0.08199	0.03448	0.01467	0.00456	0.00655	0.03121	0.01111	0.00968
17	0.02581	0.02655	0.05263	0.17603	0.12550	0.02678	0.26745	0.03435	0.02603	0.03599	0.02376	0.03189	0.01821	0.01064	0.01245	0.00375	0.01664	0.01219	0.05837	0.01499
18	0.03027	0.02371	0.03525	0.35087	0.10724	0.02725	0.02897	0.12646	0.03110	0.08962	0.02483	0.03102	0.01801	0.01227	0.01163	0.00373	0.01422	0.01050	0.00750	0.01556
19	0.03902	0.02825	0.11496	0.11928	0.04258	0.02339	0.02526	0.07821	0.03030	0.27795	0.03315	0.03340	0.02220	0.01384	0.01392	0.00379	0.06214	0.01070	0.01014	0.01752
20	0.01410	0.01038	0.01323	0.01551	0.01669	0.00950	0.01049	0.01627	0.02292	0.02996	0.07240	0.51081	0.14443	0.03536	0.01468	0.00460	0.00662	0.03175	0.01080	0.00950
21	0.67341	0.02249	0.01709	0.01529	0.02249	0.02609	0.01260	0.03419	0.01979	0.05218	0.01619	0.01889	0.01260	0.01080	0.00720	0.00360	0.00900	0.00630	0.00720	0.01260
22	0.13585	0.08079	0.03220	0.02170	0.03112	0.02366	0.05348	0.07981	0.02923	0.19348	0.02821	0.02848	0.02012	0.01145	0.00992	0.00301	0.01072	0.00909	0.00941	0.18831
23	0.02744	0.02697	0.04809	0.15205	0.38024	0.02758	0.09650	0.03489	0.02607	0.03648	0.02190	0.02952	0.01782	0.01050	0.01184	0.00359	0.01491	0.01083	0.00567	0.01710

[dist]
# distance from previous block
# <min> <max>
0	21

[block]
# block no. 7 follows, 10 sequences, length 18
# corresponding to MSA columns:
# 946-963
name=unknown_H
#
# <colnr> <probs for GDERKNQSTAVLIFYWHMCP>
#	G	D	E	R	K	N	Q	S	T	A	V	L	I	F	Y	W	H	M	C	P
0	0.02811	0.02456	0.08352	0.02698	0.07303	0.01854	0.07366	0.03449	0.02772	0.13130	0.08896	0.04579	0.09061	0.01443	0.01148	0.00317	0.01086	0.01276	0.00900	0.19105
1	0.02196	0.02067	0.03488	0.56331	0.08010	0.02584	0.03230	0.02972	0.02326	0.02972	0.02067	0.03101	0.01550	0.01163	0.01163	0.00388	0.01550	0.01034	0.00517	0.01292
2	0.02726	0.02607	0.04445	0.18159	0.42045	0.02723	0.03493	0.03435	0.02576	0.03614	0.02161	0.02928	0.01777	0.01065	0.01154	0.00355	0.01419	0.01036	0.00563	0.01719
3	0.04421	0.03258	0.03490	0.02676	0.03607	0.03607	0.02211	0.47993	0.05468	0.07330	0.02792	0.02792	0.01978	0.01396	0.01163	0.00349	0.01280	0.01047	0.01163	0.01978
4	0.01590	0.01169	0.01488	0.01445	0.01712	0.01068	0.01070	0.02072	0.03105	0.04307	0.41904	0.14131	0.15457	0.02577	0.01384	0.00380	0.00567	0.02270	0.01236	0.01068
5	0.67341	0.02249	0.01709	0.01529	0.02249	0.02609	0.01260	0.03419	0.01979	0.05218	0.01619	0.01889	0.01260	0.01080	0.00720	0.00360	0.00900	0.00630	0.00720	0.01260
6	0.05218	0.01979	0.02699	0.02069	0.02969	0.01709	0.01709	0.05668	0.03329	0.52677	0.04588	0.03959	0.02879	0.01439	0.01170	0.00360	0.00990	0.01170	0.01439	0.01979
7	0.02501	0.04841	0.34229	0.03963	0.05460	0.02799	0.21990	0.03700	0.02574	0.03700	0.02196	0.02734	0.01592	0.01054	0.01214	0.00378	0.01818	0.01069	0.00531	0.01658
8	0.01762	0.01210	0.01568	0.01569	0.01842	0.01150	0.01238	0.02307	0.03047	0.04356	0.35174	0.09148	0.09014	0.02439	0.01355	0.00392	0.00666	0.11451	0.09220	0.01090
9	0.04097	0.04472	0.03218	0.02809	0.03494	0.33573	0.02165	0.14716	0.12256	0.04227	0.02557	0.02663	0.01980	0.01312	0.01099	0.00328	0.01698	0.00920	0.00833	0.01580
10	0.01907	0.01085	0.01627	0.01627	0.01692	0.01150	0.01150	0.01692	0.01627	0.02235	0.02366	0.03861	0.02300	0.05517	0.20309	0.45881	0.01674	0.01085	0.00542	0.00673
11	0.67341	0.02249	0.01709	0.01529	0.02249	0.02609	0.01260	0.03419	0.01979	0.05218	0.01619	0.01889	0.01260	0.01080	0.00720	0.00360	0.00900	0.00630	0.00720	0.01260
12	0.01594	0.01187	0.01483	0.01409	0.01706	0.01075	0.01057	0.02094	0.03170	0.04373	0.43709	0.09167	0.18704	0.02486	0.01372	0.00371	0.00556	0.02171	0.01242	0.01075
13	0.02196	0.02067	0.03488	0.56331	0.08010	0.02584	0.03230	0.02972	0.02326	0.02972	0.02067	0.03101	0.01550	0.01163	0.01163	0.00388	0.01550	0.01034	0.00517	0.01292
14	0.01858	0.01112	0.01204	0.01204	0.01299	0.01112	0.00743	0.02048	0.01953	0.02984	0.03710	0.06464	0.03792	0.38900	0.04132	0.00828	0.00923	0.01479	0.23419	0.00838
15	0.03217	0.09707	0.23410	0.02788	0.03987	0.02615	0.06605	0.07909	0.03019	0.15078	0.07596	0.03443	0.02810	0.01312	0.01137	0.00354	0.01369	0.01089	0.00853	0.01703
16	0.11541	0.03225	0.11910	0.02405	0.03356	0.02823	0.02250	0.21671	0.08717	0.09879	0.02984	0.03040	0.02144	0.01323	0.01066	0.00352	0.01175	0.01004	0.07395	0.01738
17	0.09078	0.13671	0.08028	0.02087	0.02896	0.08574	0.01876	0.03650	0.02733	0.12542	0.08866	0.08268	0.03476	0.01513	0.01048	0.00324	0.01138	0.01191	0.00870	0.08171

[dist]
# distance from previous block
# <min> <max>
1	6

[block]
# block no. 8 follows, 10 sequences, length 31
# corresponding to MSA columns:
# 970-992,994-1001
name=unknown_I
#
# <colnr> <probs for GDERKNQSTAVLIFYWHMCP>
#	G	D	E	R	K	N	Q	S	T	A	V	L	I	F	Y	W	H	M	C	P
0	0.02452	0.26542	0.21963	0.02311	0.03411	0.03074	0.02588	0.03190	0.02541	0.03356	0.08908	0.03981	0.08430	0.01427	0.01024	0.00323	0.01256	0.01098	0.00657	0.01468
1	0.04569	0.01836	0.02491	0.01959	0.02745	0.01598	0.01598	0.05036	0.03322	0.43946	0.13075	0.04819	0.04351	0.01610	0.01206	0.00361	0.00909	0.01339	0.01411	0.01819
2	0.02332	0.07196	0.12561	0.10110	0.08322	0.02406	0.07823	0.03352	0.06968	0.03807	0.12448	0.05279	0.04225	0.01628	0.01240	0.00384	0.01280	0.06389	0.00800	0.01450
3	0.03117	0.15774	0.03969	0.24393	0.08778	0.02930	0.02545	0.03946	0.06684	0.12882	0.02696	0.03068	0.01993	0.01204	0.01067	0.00347	0.01300	0.00988	0.00756	0.01564
