[name]
unknown

[dist]
# distance from previous block
# <min> <max>
0	125

[block]
# block no. 0 follows, 11 sequences, length 7
# corresponding to MSA columns:
# 125-131
name=unknown_A
#
# <colnr> <probs for GDERKNQSTAVLIFYWHMCP>
#	G	D	E	R	K	N	Q	S	T	A	V	L	I	F	Y	W	H	M	C	P
0	0.39373	0.01861	0.01824	0.11895	0.03002	0.02150	0.01467	0.03056	0.02090	0.04429	0.02176	0.02641	0.01689	0.01127	0.00799	0.00332	0.00902	0.00793	0.17211	0.01182
1	0.01641	0.01366	0.01828	0.01876	0.01954	0.01553	0.01383	0.01858	0.02085	0.02847	0.05501	0.40816	0.10173	0.03073	0.01993	0.00459	0.15124	0.02568	0.00906	0.00997
2	0.02859	0.01885	0.02137	0.01925	0.02455	0.01997	0.01472	0.04559	0.26181	0.14119	0.05059	0.11864	0.06882	0.05736	0.01474	0.00425	0.00846	0.01570	0.05027	0.01530
3	0.01771	0.01372	0.01654	0.01720	0.01966	0.01415	0.01233	0.02778	0.14696	0.03640	0.14517	0.36193	0.07033	0.02796	0.01343	0.00419	0.00690	0.02499	0.01106	0.01159
4	0.03439	0.01506	0.02040	0.01812	0.02330	0.01330	0.01387	0.03770	0.02754	0.31729	0.05212	0.28297	0.04826	0.02327	0.01265	0.00396	0.00824	0.02037	0.01241	0.01477
5	0.01755	0.01436	0.01876	0.01882	0.02034	0.01626	0.01470	0.02053	0.02207	0.03028	0.05794	0.25069	0.14070	0.02799	0.01959	0.00449	0.15169	0.09139	0.05158	0.01029
6	0.09323	0.02634	0.03059	0.02421	0.03129	0.02944	0.02004	0.26052	0.03832	0.17923	0.02817	0.02870	0.01995	0.01453	0.01573	0.00370	0.11827	0.01005	0.01040	0.01730

[dist]
# distance from previous block
# <min> <max>
0	33

[block]
# block no. 1 follows, 11 sequences, length 16
# corresponding to MSA columns:
# 165-180
name=unknown_B
#
# <colnr> <probs for GDERKNQSTAVLIFYWHMCP>
#	G	D	E	R	K	N	Q	S	T	A	V	L	I	F	Y	W	H	M	C	P
0	0.02993	0.02325	0.02915	0.18271	0.04279	0.02605	0.02159	0.24398	0.03892	0.05236	0.14857	0.04195	0.03941	0.01520	0.01175	0.00353	0.01140	0.01262	0.00973	0.01512
1	0.03251	0.04494	0.30790	0.02878	0.04186	0.02887	0.03186	0.21735	0.03578	0.08632	0.02463	0.02610	0.01716	0.01203	0.01096	0.00349	0.01446	0.00925	0.00797	0.01780
2	0.01642	0.01324	0.01874	0.15293	0.03145	0.01371	0.01538	0.02123	0.02656	0.03565	0.24883	0.17907	0.13737	0.02340	0.01300	0.00384	0.00800	0.02067	0.00990	0.01062
3	0.02742	0.02425	0.01995	0.01828	0.02164	0.17018	0.01313	0.03029	0.02669	0.08326	0.15271	0.05547	0.04738	0.19755	0.02545	0.00557	0.01181	0.01388	0.04408	0.01101
4	0.21668	0.01631	0.01652	0.01451	0.02044	0.01580	0.01157	0.03060	0.02539	0.16235	0.06838	0.06499	0.25611	0.01968	0.01098	0.00363	0.00753	0.01557	0.01030	0.01266
5	0.33797	0.02171	0.02374	0.01995	0.02570	0.02500	0.01652	0.03791	0.02246	0.18707	0.02377	0.02565	0.01736	0.01374	0.01561	0.00384	0.15075	0.00853	0.00848	0.01424
6	0.03080	0.02880	0.15222	0.02239	0.03118	0.02080	0.02183	0.10742	0.06823	0.16617	0.17604	0.04654	0.04635	0.01580	0.01173	0.00353	0.01046	0.01312	0.01064	0.01596
7	0.04257	0.03793	0.03323	0.02679	0.03487	0.18675	0.02150	0.36588	0.04683	0.05837	0.02424	0.02507	0.01780	0.01296	0.01094	0.00324	0.01468	0.00930	0.00968	0.01738
8	0.01548	0.01105	0.01202	0.01202	0.01312	0.01050	0.00732	0.01631	0.01906	0.02431	0.05821	0.08369	0.18245	0.43766	0.04455	0.00885	0.00940	0.01851	0.00787	0.00760
9	0.01433	0.01097	0.01314	0.01359	0.01608	0.00978	0.00982	0.01777	0.02661	0.03501	0.24218	0.24148	0.25145	0.02856	0.01360	0.00393	0.00581	0.02497	0.01112	0.00978
10	0.01705	0.01399	0.01941	0.15405	0.03316	0.01449	0.01723	0.02209	0.02588	0.03314	0.13681	0.09080	0.20507	0.02418	0.01344	0.00415	0.00929	0.14575	0.00937	0.01066
11	0.02171	0.01765	0.02859	0.04020	0.25617	0.01746	0.02146	0.02418	0.02174	0.03020	0.03260	0.19427	0.03465	0.02450	0.02017	0.16867	0.01050	0.01633	0.00681	0.01212
12	0.02296	0.02131	0.03347	0.04387	0.25984	0.02355	0.02512	0.02724	0.02238	0.03206	0.03143	0.19190	0.03347	0.01972	0.01844	0.00409	0.15203	0.01635	0.00682	0.01395
13	0.02685	0.16924	0.04615	0.17654	0.30207	0.03072	0.03000	0.03297	0.02421	0.03235	0.01953	0.02595	0.01633	0.01022	0.01020	0.00321	0.01343	0.00903	0.00525	0.01574
14	0.32900	0.03024	0.15209	0.18198	0.04455	0.02540	0.02496	0.03246	0.02126	0.04054	0.01804	0.02303	0.01351	0.01074	0.00913	0.00358	0.01248	0.00777	0.00585	0.01338
15	0.01627	0.01029	0.01220	0.01341	0.01436	0.00999	0.00876	0.01848	0.02056	0.02999	0.04810	0.30866	0.05349	0.19463	0.02519	0.00593	0.00748	0.02217	0.17124	0.00880

[dist]
# distance from previous block
# <min> <max>
2	6

[block]
# block no. 2 follows, 11 sequences, length 132
# corresponding to MSA columns:
# 187-242,293-368
name=unknown_C
#
# <colnr> <probs for GDERKNQSTAVLIFYWHMCP>
#	G	D	E	R	K	N	Q	S	T	A	V	L	I	F	Y	W	H	M	C	P
0	0.08274	0.02078	0.02676	0.13830	0.03819	0.02122	0.01925	0.11697	0.03080	0.21433	0.03353	0.08844	0.02612	0.01465	0.01099	0.00345	0.01072	0.01210	0.01000	0.08067
1	0.16974	0.03055	0.03064	0.08068	0.03704	0.12604	0.05634	0.14902	0.07140	0.04616	0.02264	0.02536	0.01724	0.01159	0.01003	0.00324	0.01317	0.00885	0.00783	0.08246
2	0.54935	0.02262	0.01905	0.01616	0.02365	0.02522	0.01327	0.08141	0.02313	0.05125	0.01731	0.01972	0.01338	0.01056	0.00756	0.00329	0.00906	0.00658	0.00739	0.08007
3	0.02155	0.01434	0.01919	0.02146	0.07307	0.01397	0.01405	0.02814	0.07031	0.08900	0.17327	0.24000	0.06374	0.02318	0.01251	0.00380	0.00732	0.02061	0.07812	0.01238
4	0.08981	0.02061	0.03115	0.46345	0.06691	0.02533	0.02794	0.03235	0.07208	0.03285	0.02218	0.03002	0.01668	0.01158	0.01083	0.00373	0.01374	0.00988	0.00586	0.01301
5	0.04322	0.01742	0.02366	0.01898	0.02625	0.01518	0.01532	0.04743	0.03109	0.43900	0.09575	0.09976	0.04062	0.01703	0.01183	0.00360	0.00883	0.01434	0.01342	0.01726
6	0.68395	0.02177	0.01654	0.01480	0.02177	0.02525	0.01219	0.03309	0.01915	0.05050	0.01567	0.01828	0.01219	0.01045	0.00697	0.00348	0.00871	0.00609	0.00697	0.01219
7	0.04236	0.08568	0.03138	0.02154	0.03007	0.02607	0.01808	0.22154	0.03876	0.26332	0.04019	0.03740	0.06330	0.01448	0.01102	0.00335	0.01062	0.01130	0.01165	0.01788
8	0.68395	0.02177	0.01654	0.01480	0.02177	0.02525	0.01219	0.03309	0.01915	0.05050	0.01567	0.01828	0.01219	0.01045	0.00697	0.00348	0.00871	0.00609	0.00697	0.01219
9	0.68395	0.02177	0.01654	0.01480	0.02177	0.02525	0.01219	0.03309	0.01915	0.05050	0.01567	0.01828	0.01219	0.01045	0.00697	0.00348	0.00871	0.00609	0.00697	0.01219
10	0.01623	0.01144	0.01496	0.01496	0.01589	0.01237	0.01017	0.01809	0.01716	0.02381	0.03301	0.06006	0.03502	0.36426	0.28941	0.01423	0.01980	0.01438	0.00645	0.00831
11	0.24403	0.02846	0.02837	0.02241	0.03078	0.03187	0.01850	0.35119	0.04232	0.06452	0.02346	0.02428	0.01696	0.01255	0.00991	0.00341	0.01123	0.00887	0.00991	0.01696
12	0.01608	0.01206	0.01809	0.01809	0.02010	0.01407	0.01407	0.02010	0.01809	0.02613	0.03015	0.04422	0.02814	0.08441	0.55984	0.01809	0.03015	0.01206	0.00603	0.01005
13	0.01371	0.00979	0.01306	0.01567	0.01632	0.00914	0.01045	0.01567	0.02155	0.02873	0.06203	0.59710	0.07444	0.03526	0.01437	0.00457	0.00653	0.03200	0.01045	0.00914
14	0.02125	0.01912	0.02913	0.27535	0.08756	0.02289	0.02434	0.02966	0.07275	0.03213	0.06742	0.08254	0.03068	0.02279	0.07011	0.00536	0.07421	0.01310	0.00684	0.01277
15	0.02297	0.05547	0.49886	0.03359	0.04971	0.02637	0.08610	0.03568	0.02404	0.03568	0.02045	0.02441	0.01454	0.01057	0.01095	0.00359	0.01686	0.00881	0.00485	0.01649
16	0.02334	0.02001	0.02334	0.01667	0.02667	0.01500	0.01334	0.02834	0.02334	0.03668	0.02001	0.02334	0.01667	0.00834	0.00834	0.00167	0.00834	0.00667	0.00667	0.67325
17	0.01445	0.01034	0.01382	0.01590	0.01703	0.00971	0.01117	0.01720	0.02350	0.03166	0.13229	0.47721	0.07837	0.03303	0.01431	0.00447	0.00669	0.06865	0.01073	0.00948
18	0.01955	0.00978	0.01466	0.01466	0.01466	0.00978	0.00978	0.01466	0.01466	0.01955	0.01955	0.03421	0.01955	0.03910	0.04399	0.67253	0.00978	0.00978	0.00489	0.00489
19	0.01955	0.00978	0.01466	0.01466	0.01466	0.00978	0.00978	0.01466	0.01466	0.01955	0.01955	0.03421	0.01955	0.03910	0.04399	0.67253	0.00978	0.00978	0.00489	0.00489
20	0.11084	0.01727	0.02196	0.01801	0.02476	0.01581	0.01447	0.04308	0.02987	0.35448	0.13305	0.08887	0.04446	0.01693	0.01145	0.00358	0.00844	0.01407	0.01260	0.01600
21	0.68395	0.02177	0.01654	0.01480	0.02177	0.02525	0.01219	0.03309	0.01915	0.05050	0.01567	0.01828	0.01219	0.01045	0.00697	0.00348	0.00871	0.00609	0.00697	0.01219
22	0.01607	0.01140	0.01538	0.01771	0.01922	0.01112	0.01371	0.01935	0.02308	0.03037	0.05818	0.32188	0.06647	0.09111	0.01928	0.00550	0.00879	0.23184	0.01004	0.00948
23	0.06698	0.01144	0.01327	0.01480	0.01699	0.01082	0.01065	0.01778	0.02286	0.03131	0.07282	0.37683	0.19700	0.03107	0.01357	0.00432	0.00677	0.06099	0.01017	0.00958
24	0.03417	0.02633	0.02794	0.02316	0.03041	0.02960	0.01857	0.25794	0.25749	0.05760	0.03634	0.03510	0.02686	0.01427	0.01104	0.00351	0.01018	0.01133	0.07041	0.01777
25	0.01814	0.01296	0.01814	0.02073	0.02332	0.01296	0.01814	0.02332	0.02591	0.03368	0.05959	0.12696	0.06478	0.03109	0.01555	0.00518	0.01036	0.45848	0.01036	0.01036
26	0.02221	0.01405	0.01716	0.01545	0.01970	0.01317	0.01190	0.02964	0.08137	0.12212	0.31333	0.07735	0.17438	0.02188	0.01277	0.00361	0.00646	0.01881	0.01213	0.01252
27	0.01798	0.01178	0.01518	0.01462	0.01750	0.01070	0.01084	0.02234	0.02933	0.07988	0.36046	0.17880	0.13744	0.02514	0.01333	0.00375	0.00592	0.02216	0.01195	0.01090
28	0.68395	0.02177	0.01654	0.01480	0.02177	0.02525	0.01219	0.03309	0.01915	0.05050	0.01567	0.01828	0.01219	0.01045	0.00697	0.00348	0.00871	0.00609	0.00697	0.01219
29	0.02257	0.05822	0.54613	0.03208	0.04871	0.02614	0.04158	0.03564	0.02376	0.03564	0.02020	0.02376	0.01426	0.01069	0.01069	0.00356	0.01663	0.00832	0.00475	0.01663
30	0.02377	0.01317	0.01713	0.01544	0.01947	0.01178	0.01181	0.02825	0.03024	0.16178	0.32060	0.12770	0.12866	0.02264	0.01292	0.00366	0.00650	0.01972	0.01236	0.01241
31	0.05050	0.01915	0.02612	0.02003	0.02873	0.01654	0.01654	0.05485	0.03221	0.54203	0.04440	0.03831	0.02786	0.01393	0.01132	0.00348	0.00958	0.01132	0.01393	0.01915
32	0.04204	0.05364	0.03190	0.02900	0.03480	0.55926	0.02175	0.04494	0.03190	0.02755	0.01740	0.02030	0.01450	0.01160	0.01015	0.00290	0.02030	0.00725	0.00580	0.01305
33	0.01637	0.01091	0.01228	0.01228	0.01228	0.01091	0.00682	0.01637	0.01637	0.02182	0.03546	0.07365	0.04092	0.60445	0.05729	0.01091	0.01091	0.01637	0.00682	0.00682
34	0.04847	0.01961	0.02606	0.02028	0.02878	0.01757	0.01666	0.05530	0.07560	0.49745	0.04453	0.03864	0.02845	0.01405	0.01133	0.00351	0.00952	0.01145	0.01371	0.01903
35	0.05050	0.01915	0.02612	0.02003	0.02873	0.01654	0.01654	0.05485	0.03221	0.54203	0.04440	0.03831	0.02786	0.01393	0.01132	0.00348	0.00958	0.01132	0.01393	0.01915
36	0.01608	0.01206	0.01809	0.01809	0.02010	0.01407	0.01407	0.02010	0.01809	0.02613	0.03015	0.04422	0.02814	0.08441	0.55984	0.01809	0.03015	0.01206	0.00603	0.01005
37	0.05050	0.01915	0.02612	0.02003	0.02873	0.01654	0.01654	0.05485	0.03221	0.54203	0.04440	0.03831	0.02786	0.01393	0.01132	0.00348	0.00958	0.01132	0.01393	0.01915
38	0.01634	0.01104	0.01292	0.01292	0.01314	0.01126	0.00762	0.01678	0.01656	0.02230	0.03488	0.07042	0.03951	0.54722	0.11260	0.01170	0.01303	0.01589	0.00673	0.00718
39	0.05050	0.01915	0.02612	0.02003	0.02873	0.01654	0.01654	0.05485	0.03221	0.54203	0.04440	0.03831	0.02786	0.01393	0.01132	0.00348	0.00958	0.01132	0.01393	0.01915
40	0.02334	0.02001	0.02334	0.01667	0.02667	0.01500	0.01334	0.02834	0.02334	0.03668	0.02001	0.02334	0.01667	0.00834	0.00834	0.00167	0.00834	0.00667	0.00667	0.67325
41	0.05050	0.01915	0.02612	0.02003	0.02873	0.01654	0.01654	0.05485	0.03221	0.54203	0.04440	0.03831	0.02786	0.01393	0.01132	0.00348	0.00958	0.01132	0.01393	0.01915
42	0.01385	0.01142	0.01216	0.01198	0.01554	0.00973	0.00898	0.01721	0.02695	0.03348	0.20044	0.10326	0.44134	0.02736	0.01330	0.00375	0.00562	0.02305	0.01086	0.00973
43	0.01390	0.01015	0.01309	0.01504	0.01625	0.00934	0.01026	0.01631	0.02309	0.03064	0.11684	0.48930	0.12788	0.03323	0.01413	0.00438	0.00631	0.02986	0.01065	0.00934
44	0.01569	0.01150	0.01472	0.01391	0.01667	0.01052	0.01043	0.02078	0.03130	0.04381	0.49098	0.08626	0.14434	0.02350	0.01328	0.00356	0.00535	0.02066	0.01222	0.01052
45	0.02800	0.02418	0.02545	0.02291	0.02927	0.02800	0.01782	0.05981	0.51390	0.04708	0.04581	0.04199	0.03436	0.01527	0.01145	0.00382	0.00891	0.01273	0.01145	0.01782
46	0.02334	0.02001	0.02334	0.01667	0.02667	0.01500	0.01334	0.02834	0.02334	0.03668	0.02001	0.02334	0.01667	0.00834	0.00834	0.00167	0.00834	0.00667	0.00667	0.67325
47	0.01371	0.00979	0.01306	0.01567	0.01632	0.00914	0.01045	0.01567	0.02155	0.02873	0.06203	0.59710	0.07444	0.03526	0.01437	0.00457	0.00653	0.03200	0.01045	0.00914
48	0.68395	0.02177	0.01654	0.01480	0.02177	0.02525	0.01219	0.03309	0.01915	0.05050	0.01567	0.01828	0.01219	0.01045	0.00697	0.00348	0.00871	0.00609	0.00697	0.01219
49	0.05050	0.01915	0.02612	0.02003	0.02873	0.01654	0.01654	0.05485	0.03221	0.54203	0.04440	0.03831	0.02786	0.01393	0.01132	0.00348	0.00958	0.01132	0.01393	0.01915
50	0.01371	0.00979	0.01306	0.01567	0.01632	0.00914	0.01045	0.01567	0.02155	0.02873	0.06203	0.59710	0.07444	0.03526	0.01437	0.00457	0.00653	0.03200	0.01045	0.00914
51	0.04279	0.03153	0.03378	0.02590	0.03490	0.03490	0.02139	0.49671	0.05292	0.07093	0.02702	0.02702	0.01914	0.01351	0.01126	0.00338	0.01239	0.01013	0.01126	0.01914
52	0.01330	0.01140	0.01140	0.01140	0.01520	0.00950	0.00855	0.01615	0.02565	0.03041	0.11402	0.10832	0.52967	0.02850	0.01330	0.00380	0.00570	0.02375	0.01045	0.00950
53	0.01339	0.01107	0.01174	0.01227	0.01543	0.00943	0.00894	0.01605	0.02482	0.03006	0.10341	0.20803	0.43680	0.02988	0.01352	0.00396	0.00587	0.02544	0.01045	0.00943
54	0.01520	0.01148	0.01404	0.01340	0.01637	0.01031	0.01005	0.01983	0.03014	0.04106	0.41357	0.09079	0.22347	0.02453	0.01328	0.00361	0.00542	0.02130	0.01185	0.01031
55	0.04363	0.03016	0.03294	0.02525	0.03422	0.03288	0.02086	0.44808	0.05064	0.12278	0.02894	0.02826	0.02010	0.01356	0.01127	0.00339	0.01208	0.01026	0.01155	0.01914
56	0.05050	0.01915	0.02612	0.02003	0.02873	0.01654	0.01654	0.05485	0.03221	0.54203	0.04440	0.03831	0.02786	0.01393	0.01132	0.00348	0.00958	0.01132	0.01393	0.01915
57	0.01550	0.01149	0.01445	0.01371	0.01655	0.01044	0.01028	0.02041	0.03085	0.04273	0.46077	0.08803	0.17522	0.02391	0.01328	0.00358	0.00537	0.02091	0.01207	0.01044
58	0.01371	0.00979	0.01306	0.01567	0.01632	0.00914	0.01045	0.01567	0.02155	0.02873	0.06203	0.59710	0.07444	0.03526	0.01437	0.00457	0.00653	0.03200	0.01045	0.00914
59	0.04884	0.02182	0.02777	0.02129	0.03006	0.02050	0.01759	0.15000	0.03667	0.44059	0.04066	0.03588	0.02598	0.01384	0.01131	0.00346	0.01018	0.01106	0.01336	0.01915
60	0.02462	0.02462	0.03447	0.02955	0.02955	0.03447	0.02462	0.02709	0.01724	0.02709	0.01477	0.02462	0.01477	0.01970	0.03694	0.00492	0.58385	0.00985	0.00492	0.01231
61	0.01787	0.01564	0.02044	0.01891	0.02067	0.01863	0.01484	0.02062	0.02008	0.02736	0.05287	0.06172	0.18649	0.09914	0.17049	0.00867	0.19254	0.01557	0.00719	0.01025
62	0.01455	0.01081	0.01364	0.01484	0.01679	0.00990	0.01073	0.01781	0.02536	0.03367	0.19180	0.33002	0.17291	0.03043	0.01397	0.00420	0.00636	0.06157	0.01094	0.00969
63	0.01371	0.00979	0.01306	0.01567	0.01632	0.00914	0.01045	0.01567	0.02155	0.02873	0.06203	0.59710	0.07444	0.03526	0.01437	0.00457	0.00653	0.03200	0.01045	0.00914
64	0.03831	0.04127	0.03690	0.09101	0.04254	0.32527	0.09353	0.07854	0.03175	0.08310	0.02192	0.02519	0.01663	0.01162	0.01095	0.00322	0.01783	0.00909	0.00693	0.01439
65	0.02257	0.05822	0.54613	0.03208	0.04871	0.02614	0.04158	0.03564	0.02376	0.03564	0.02020	0.02376	0.01426	0.01069	0.01069	0.00356	0.01663	0.00832	0.00475	0.01663
66	0.02525	0.02409	0.04098	0.26949	0.35417	0.02606	0.03325	0.03226	0.02440	0.03361	0.02071	0.02870	0.01671	0.01051	0.01119	0.00350	0.01401	0.01002	0.00535	0.01573
67	0.01371	0.00979	0.01306	0.01567	0.01632	0.00914	0.01045	0.01567	0.02155	0.02873	0.06203	0.59710	0.07444	0.03526	0.01437	0.00457	0.00653	0.03200	0.01045	0.00914
68	0.04033	0.05078	0.03215	0.02905	0.03428	0.50755	0.02203	0.04318	0.03045	0.02750	0.01714	0.02072	0.01453	0.01240	0.01279	0.00310	0.07583	0.00751	0.00571	0.01298
69	0.16766	0.01720	0.01950	0.01751	0.02312	0.01734	0.01422	0.03643	0.07861	0.17238	0.13950	0.06228	0.08614	0.01885	0.01159	0.00381	0.00831	0.08068	0.01108	0.01379
70	0.01637	0.01091	0.01228	0.01228	0.01228	0.01091	0.00682	0.01637	0.01637	0.02182	0.03546	0.07365	0.04092	0.60445	0.05729	0.01091	0.01091	0.01637	0.00682	0.00682
71	0.68395	0.02177	0.01654	0.01480	0.02177	0.02525	0.01219	0.03309	0.01915	0.05050	0.01567	0.01828	0.01219	0.01045	0.00697	0.00348	0.00871	0.00609	0.00697	0.01219
72	0.01905	0.01275	0.01623	0.01580	0.01832	0.01243	0.01204	0.05578	0.02601	0.03457	0.17735	0.07538	0.14278	0.02964	0.02313	0.21382	0.00816	0.08827	0.00926	0.00924
73	0.01452	0.01039	0.01389	0.01594	0.01711	0.00977	0.01126	0.01734	0.02365	0.03187	0.13672	0.46690	0.07856	0.03287	0.01431	0.00447	0.00672	0.07345	0.01075	0.00950
74	0.68395	0.02177	0.01654	0.01480	0.02177	0.02525	0.01219	0.03309	0.01915	0.05050	0.01567	0.01828	0.01219	0.01045	0.00697	0.00348	0.00871	0.00609	0.00697	0.01219
75	0.02098	0.01049	0.01049	0.01049	0.01311	0.01049	0.00787	0.02623	0.02360	0.04196	0.03672	0.04196	0.02885	0.01311	0.00787	0.00262	0.00525	0.01049	0.66693	0.01049
76	0.02155	0.01222	0.01572	0.01544	0.01828	0.01109	0.01108	0.02447	0.02536	0.13141	0.14610	0.28699	0.11370	0.09081	0.01819	0.00479	0.00730	0.02327	0.01108	0.01115
77	0.01371	0.00979	0.01306	0.01567	0.01632	0.00914	0.01045	0.01567	0.02155	0.02873	0.06203	0.59710	0.07444	0.03526	0.01437	0.00457	0.00653	0.03200	0.01045	0.00914
78	0.02098	0.01049	0.01049	0.01049	0.01311	0.01049	0.00787	0.02623	0.02360	0.04196	0.03672	0.04196	0.02885	0.01311	0.00787	0.00262	0.00525	0.01049	0.66693	0.01049
79	0.01413	0.01143	0.01255	0.01227	0.01571	0.00985	0.00920	0.01775	0.02760	0.03503	0.24412	0.10070	0.39668	0.02678	0.01329	0.00372	0.00558	0.02269	0.01106	0.00985
80	0.02623	0.01939	0.02208	0.01947	0.02478	0.02081	0.01517	0.07986	0.24822	0.08742	0.23430	0.05706	0.06091	0.01807	0.01214	0.00365	0.00783	0.01541	0.01200	0.01519
81	0.68395	0.02177	0.01654	0.01480	0.02177	0.02525	0.01219	0.03309	0.01915	0.05050	0.01567	0.01828	0.01219	0.01045	0.00697	0.00348	0.00871	0.00609	0.00697	0.01219
82	0.04279	0.03153	0.03378	0.02590	0.03490	0.03490	0.02139	0.49671	0.05292	0.07093	0.02702	0.02702	0.01914	0.01351	0.01126	0.00338	0.01239	0.01013	0.01126	0.01914
83	0.01812	0.01135	0.01489	0.01600	0.01814	0.01040	0.01155	0.02100	0.02441	0.08493	0.11061	0.40598	0.11290	0.03087	0.01394	0.00433	0.00696	0.06214	0.01100	0.01047
84	0.04080	0.02916	0.07866	0.02347	0.03214	0.07929	0.02039	0.10169	0.14507	0.27162	0.03759	0.03459	0.02566	0.01363	0.01116	0.00350	0.01156	0.01079	0.01130	0.01795
85	0.01359	0.01141	0.01180	0.01171	0.01538	0.00962	0.00878	0.01671	0.02634	0.03203	0.15961	0.10565	0.48306	0.02790	0.01330	0.00377	0.00566	0.02338	0.01067	0.00962
86	0.01566	0.01149	0.01467	0.01388	0.01665	0.01051	0.01041	0.02072	0.03123	0.04364	0.48621	0.08654	0.14922	0.02357	0.01328	0.00357	0.00535	0.02070	0.01219	0.01051
87	0.01420	0.01014	0.01362	0.01623	0.01709	0.00956	0.01129	0.01651	0.02203	0.02928	0.06177	0.54536	0.07338	0.03480	0.01450	0.00464	0.00695	0.07893	0.01044	0.00928
88	0.02600	0.02701	0.03415	0.08560	0.03498	0.08522	0.02502	0.02902	0.01922	0.02730	0.01557	0.02475	0.01477	0.01804	0.03167	0.00461	0.47006	0.00961	0.00502	0.01240
89	0.05050	0.01915	0.02612	0.02003	0.02873	0.01654	0.01654	0.05485	0.03221	0.54203	0.04440	0.03831	0.02786	0.01393	0.01132	0.00348	0.00958	0.01132	0.01393	0.01915
90	0.02334	0.02001	0.02334	0.01667	0.02667	0.01500	0.01334	0.02834	0.02334	0.03668	0.02001	0.02334	0.01667	0.00834	0.00834	0.00167	0.00834	0.00667	0.00667	0.67325
91	0.02284	0.04509	0.36648	0.02678	0.04114	0.02231	0.03188	0.03313	0.02362	0.03600	0.02013	0.02362	0.01509	0.00988	0.00988	0.00291	0.01378	0.00775	0.00541	0.24227
92	0.02340	0.11908	0.49252	0.03067	0.04653	0.02816	0.03913	0.03543	0.02366	0.03464	0.01970	0.02313	0.01428	0.01058	0.01031	0.00344	0.01613	0.00806	0.00476	0.01639
93	0.02535	0.02361	0.03951	0.36348	0.16434	0.02672	0.07786	0.07860	0.02667	0.03545	0.02124	0.02930	0.01621	0.01106	0.01144	0.00363	0.01481	0.01035	0.00583	0.01454
94	0.02283	0.03156	0.17617	0.02530	0.03492	0.02195	0.06047	0.03009	0.02358	0.03563	0.07106	0.03039	0.02480	0.01244	0.01456	0.00309	0.10502	0.00956	0.00634	0.26024
95	0.01752	0.01176	0.01340	0.01340	0.01656	0.01028	0.00965	0.02002	0.02439	0.08153	0.08637	0.21553	0.31882	0.08715	0.01782	0.00468	0.00683	0.02372	0.01044	0.01013
96	0.08955	0.09076	0.08293	0.08357	0.03637	0.06877	0.02136	0.07585	0.15292	0.08156	0.02813	0.02917	0.02109	0.01210	0.01006	0.00325	0.01182	0.00932	0.00821	0.08321
97	0.10457	0.09436	0.03485	0.02407	0.03295	0.03501	0.02025	0.40007	0.04628	0.06403	0.02465	0.02517	0.01794	0.01278	0.01039	0.00328	0.01198	0.00928	0.01013	0.01794
98	0.01521	0.01135	0.01413	0.01371	0.01644	0.01027	0.01018	0.01974	0.02975	0.04077	0.40520	0.13024	0.19125	0.02513	0.01337	0.00368	0.00549	0.02199	0.01183	0.01027
99	0.01854	0.01581	0.02296	0.08770	0.12954	0.01526	0.01767	0.02282	0.02422	0.03291	0.09467	0.24030	0.12216	0.02262	0.01249	0.00373	0.00881	0.02023	0.00865	0.07893
100	0.02414	0.03802	0.22709	0.03852	0.05055	0.02586	0.28699	0.03390	0.02455	0.03445	0.02318	0.03251	0.01854	0.07084	0.01689	0.00444	0.01734	0.01188	0.00548	0.01483
101	0.01496	0.01096	0.01404	0.01434	0.01649	0.01004	0.01035	0.01897	0.02800	0.03848	0.33967	0.24618	0.14090	0.02740	0.01362	0.00389	0.00573	0.02433	0.01158	0.01004
102	0.01837	0.01024	0.01411	0.01401	0.01429	0.01015	0.00913	0.01578	0.01690	0.02281	0.07708	0.04931	0.03401	0.17856	0.04408	0.43691	0.00959	0.01253	0.00616	0.00597
103	0.03320	0.03342	0.14754	0.08883	0.04590	0.06681	0.13895	0.04310	0.06730	0.17671	0.02942	0.03128	0.02047	0.01181	0.01157	0.00358	0.01472	0.01080	0.00820	0.01636
104	0.01876	0.01167	0.01586	0.01758	0.01962	0.01100	0.01329	0.02189	0.02390	0.08273	0.05952	0.40409	0.06688	0.03187	0.01439	0.00464	0.00795	0.15305	0.01078	0.01052
105	0.04004	0.01694	0.02302	0.01890	0.02573	0.01496	0.01550	0.04468	0.03148	0.38715	0.14472	0.05698	0.04773	0.01759	0.01216	0.00367	0.00879	0.06024	0.01324	0.01649
106	0.02334	0.01547	0.01947	0.01928	0.02294	0.01562	0.01533	0.07909	0.06866	0.08871	0.10170	0.23129	0.06063	0.02655	0.01375	0.00436	0.00877	0.16142	0.01113	0.01248
107	0.02824	0.02676	0.05375	0.15266	0.09740	0.02632	0.31122	0.03653	0.02630	0.09033	0.02447	0.03096	0.01791	0.01037	0.01249	0.00372	0.01669	0.01215	0.00645	0.01529
108	0.02334	0.02001	0.02334	0.01667	0.02667	0.01500	0.01334	0.02834	0.02334	0.03668	0.02001	0.02334	0.01667	0.00834	0.00834	0.00167	0.00834	0.00667	0.00667	0.67325
109	0.33733	0.02071	0.02062	0.01780	0.02450	0.02252	0.01426	0.04263	0.12848	0.16588	0.02940	0.02948	0.02133	0.01459	0.01191	0.05649	0.00904	0.00907	0.00945	0.01450
110	0.01907	0.01302	0.01448	0.01367	0.01459	0.01337	0.00831	0.06556	0.02011	0.02685	0.03460	0.06888	0.03869	0.54393	0.05257	0.01014	0.01106	0.01573	0.00727	0.00808
111	0.01794	0.01114	0.01454	0.01562	0.01764	0.01013	0.01096	0.02058	0.02411	0.08699	0.11072	0.44102	0.11345	0.03110	0.01383	0.00428	0.00667	0.02783	0.01102	0.01042
112	0.18364	0.01748	0.01873	0.01776	0.02224	0.01854	0.01343	0.07923	0.07951	0.09103	0.04364	0.28131	0.04460	0.02268	0.01163	0.00399	0.00823	0.01929	0.01015	0.01287
113	0.01608	0.01206	0.01809	0.01809	0.02010	0.01407	0.01407	0.02010	0.01809	0.02613	0.03015	0.04422	0.02814	0.08441	0.55984	0.01809	0.03015	0.01206	0.00603	0.01005
114	0.10378	0.01832	0.02200	0.01825	0.02494	0.01786	0.01466	0.04573	0.10864	0.29105	0.11884	0.04451	0.03998	0.01519	0.01093	0.00348	0.00835	0.01240	0.06494	0.01616
115	0.09940	0.01625	0.02034	0.01685	0.02294	0.01500	0.01350	0.03957	0.03011	0.29308	0.19648	0.05134	0.05158	0.01644	0.01124	0.00343	0.00777	0.01364	0.06602	0.01502
116	0.02755	0.01507	0.01834	0.01616	0.01960	0.01460	0.01149	0.07541	0.02596	0.16357	0.07984	0.11426	0.04410	0.28641	0.03277	0.00698	0.00981	0.01636	0.00993	0.01180
117	0.04404	0.01981	0.02549	0.02015	0.02801	0.01848	0.01642	0.08637	0.08126	0.40410	0.09412	0.04261	0.03607	0.01499	0.01153	0.00351	0.00928	0.01232	0.01332	0.01812
118	0.01764	0.01346	0.01650	0.01623	0.01905	0.01353	0.01194	0.02710	0.12083	0.04114	0.31248	0.21252	0.08408	0.02480	0.01322	0.00387	0.00632	0.02200	0.01170	0.01160
119	0.21477	0.01742	0.01845	0.01641	0.02218	0.01805	0.01334	0.03841	0.06903	0.17565	0.03607	0.04332	0.02820	0.01467	0.00966	0.00347	0.00822	0.05684	0.18194	0.01389
120	0.02396	0.01417	0.01740	0.01566	0.01928	0.01341	0.01155	0.06289	0.02866	0.13012	0.20582	0.12800	0.11153	0.14101	0.02185	0.00516	0.00797	0.01871	0.01104	0.01181
121	0.02700	0.02033	0.02185	0.01923	0.02527	0.02163	0.01508	0.09003	0.26229	0.09294	0.06567	0.06142	0.19137	0.01921	0.01201	0.00373	0.00830	0.01587	0.01136	0.01541
122	0.02127	0.01405	0.01672	0.01606	0.01950	0.01343	0.01203	0.07379	0.02783	0.08554	0.10863	0.21569	0.17774	0.08753	0.01797	0.00476	0.00793	0.05756	0.01067	0.01131
123	0.01589	0.01149	0.01586	0.01603	0.01748	0.01244	0.01159	0.01887	0.01947	0.02736	0.08711	0.11168	0.04414	0.19840	0.32567	0.01345	0.02049	0.01600	0.00734	0.00924
124	0.01371	0.00979	0.01306	0.01567	0.01632	0.00914	0.01045	0.01567	0.02155	0.02873	0.06203	0.59710	0.07444	0.03526	0.01437	0.00457	0.00653	0.03200	0.01045	0.00914
125	0.01747	0.01219	0.01355	0.01278	0.01685	0.01041	0.00974	0.02095	0.02750	0.08366	0.18691	0.09675	0.39871	0.02601	0.01310	0.00372	0.00601	0.02187	0.01117	0.01067
126	0.02010	0.01492	0.01694	0.01627	0.01853	0.01600	0.01116	0.03016	0.17400	0.03193	0.07869	0.10146	0.04453	0.27046	0.03465	0.07536	0.00937	0.01609	0.00881	0.01056
127	0.08095	0.02260	0.03156	0.17893	0.04407	0.02540	0.07075	0.16446	0.03036	0.04267	0.02486	0.03394	0.02037	0.06999	0.10414	0.00652	0.01629	0.01090	0.00738	0.01386
128	0.01689	0.01279	0.01573	0.01477	0.01792	0.01228	0.01114	0.02465	0.08058	0.04378	0.43527	0.08232	0.14342	0.02280	0.01309	0.00360	0.00572	0.01993	0.01209	0.01124
129	0.03337	0.01936	0.02451	0.01989	0.02679	0.01887	0.01608	0.12045	0.02999	0.20211	0.03232	0.03538	0.02432	0.03496	0.18293	0.00772	0.01633	0.01049	0.00965	0.13450
130	0.02470	0.01910	0.02272	0.01685	0.02599	0.01465	0.01335	0.02940	0.02390	0.07601	0.02536	0.07133	0.02227	0.01097	0.00906	0.00205	0.00829	0.00910	0.00755	0.56732
131	0.02428	0.09190	0.17148	0.08847	0.04264	0.02698	0.09660	0.03919	0.15592	0.03654	0.03687	0.03867	0.07445	0.01357	0.01127	0.00360	0.01311	0.01183	0.00733	0.01530

[dist]
# distance from previous block
# <min> <max>
0	4

[block]
# block no. 3 follows, 11 sequences, length 95
# corresponding to MSA columns:
# 373-467
name=unknown_D
#
# <colnr> <probs for GDERKNQSTAVLIFYWHMCP>
#	G	D	E	R	K	N	Q	S	T	A	V	L	I	F	Y	W	H	M	C	P
0	0.03820	0.04282	0.03418	0.02883	0.03555	0.34698	0.06808	0.13454	0.03567	0.03895	0.06766	0.02865	0.02428	0.01285	0.01098	0.00315	0.01714	0.00967	0.00752	0.01429
1	0.01606	0.01339	0.01491	0.01364	0.01848	0.01090	0.01020	0.01931	0.02424	0.03175	0.07883	0.18048	0.30436	0.02443	0.01218	0.00338	0.00657	0.02079	0.00944	0.18665
2	0.01472	0.01029	0.01301	0.01451	0.01515	0.00981	0.00937	0.01640	0.02096	0.02819	0.09763	0.39193	0.06734	0.20509	0.02716	0.00638	0.00773	0.02621	0.00954	0.00858
3	0.01557	0.01149	0.01455	0.01378	0.01659	0.01047	0.01034	0.02054	0.03101	0.04312	0.47163	0.08739	0.16413	0.02376	0.01328	0.00358	0.00536	0.02082	0.01212	0.01047
4	0.01903	0.01509	0.01940	0.01672	0.02167	0.01401	0.01278	0.02289	0.01996	0.02977	0.02681	0.03987	0.02529	0.12504	0.26991	0.01052	0.01877	0.01049	0.00639	0.27558
5	0.01421	0.01095	0.01299	0.01351	0.01602	0.00973	0.00974	0.01753	0.02627	0.03430	0.22210	0.24790	0.26649	0.02889	0.01361	0.00395	0.00583	0.02522	0.01103	0.00973
6	0.31320	0.02193	0.02318	0.01865	0.02668	0.02268	0.01539	0.10623	0.02961	0.27292	0.03006	0.02843	0.02014	0.01242	0.00950	0.00347	0.00960	0.00898	0.01066	0.01625
7	0.01366	0.01142	0.01190	0.01178	0.01542	0.00965	0.00883	0.01685	0.02650	0.03242	0.17069	0.10500	0.47174	0.02775	0.01330	0.00376	0.00565	0.02329	0.01072	0.00965
8	0.02098	0.01049	0.01049	0.01049	0.01311	0.01049	0.00787	0.02623	0.02360	0.04196	0.03672	0.04196	0.02885	0.01311	0.00787	0.00262	0.00525	0.01049	0.66693	0.01049
9	0.04279	0.03153	0.03378	0.02590	0.03490	0.03490	0.02139	0.49671	0.05292	0.07093	0.02702	0.02702	0.01914	0.01351	0.01126	0.00338	0.01239	0.01013	0.01126	0.01914
10	0.01844	0.01127	0.01449	0.01555	0.01776	0.01016	0.01093	0.02085	0.02360	0.09584	0.06815	0.44527	0.14202	0.03139	0.01380	0.00430	0.00679	0.02797	0.01090	0.01050
11	0.02662	0.01378	0.01807	0.01571	0.01986	0.01248	0.01192	0.03091	0.02985	0.19470	0.31212	0.06858	0.07319	0.09976	0.01869	0.00453	0.00739	0.01703	0.01210	0.01272
12	0.68395	0.02177	0.01654	0.01480	0.02177	0.02525	0.01219	0.03309	0.01915	0.05050	0.01567	0.01828	0.01219	0.01045	0.00697	0.00348	0.00871	0.00609	0.00697	0.01219
13	0.04279	0.03153	0.03378	0.02590	0.03490	0.03490	0.02139	0.49671	0.05292	0.07093	0.02702	0.02702	0.01914	0.01351	0.01126	0.00338	0.01239	0.01013	0.01126	0.01914
14	0.01371	0.00979	0.01306	0.01567	0.01632	0.00914	0.01045	0.01567	0.02155	0.02873	0.06203	0.59710	0.07444	0.03526	0.01437	0.00457	0.00653	0.03200	0.01045	0.00914
15	0.04076	0.03052	0.03264	0.02549	0.03413	0.03396	0.02090	0.43694	0.11598	0.06767	0.02959	0.02907	0.02122	0.01375	0.01129	0.00344	0.01191	0.01049	0.01129	0.01896
16	0.01593	0.01150	0.01504	0.01416	0.01681	0.01062	0.01062	0.02124	0.03186	0.04513	0.52830	0.08407	0.10620	0.02301	0.01327	0.00354	0.00531	0.02035	0.01239	0.01062
17	0.01784	0.01276	0.01771	0.01983	0.02243	0.01264	0.01711	0.02303	0.02672	0.03525	0.12371	0.12109	0.07044	0.02999	0.01524	0.00496	0.00967	0.39854	0.01064	0.01040
18	0.10073	0.02613	0.02798	0.02199	0.02989	0.02827	0.01805	0.33149	0.04306	0.12640	0.02955	0.02972	0.02095	0.01323	0.01040	0.00330	0.01070	0.00996	0.10090	0.01731
19	0.01956	0.01077	0.01177	0.01152	0.01415	0.01053	0.00864	0.02483	0.02592	0.04285	0.17459	0.05377	0.05054	0.01589	0.00938	0.00288	0.00526	0.01326	0.48336	0.01053
20	0.02768	0.02724	0.04852	0.06612	0.46920	0.02698	0.09731	0.03475	0.02576	0.03667	0.02139	0.02820	0.01773	0.00995	0.01144	0.00340	0.01414	0.01047	0.00559	0.01747
21	0.04823	0.01966	0.02605	0.02031	0.02879	0.01769	0.01667	0.05535	0.08067	0.49224	0.04455	0.03868	0.02851	0.01407	0.01133	0.00352	0.00951	0.01146	0.01368	0.01902
22	0.01371	0.00979	0.01306	0.01567	0.01632	0.00914	0.01045	0.01567	0.02155	0.02873	0.06203	0.59710	0.07444	0.03526	0.01437	0.00457	0.00653	0.03200	0.01045	0.00914
23	0.68395	0.02177	0.01654	0.01480	0.02177	0.02525	0.01219	0.03309	0.01915	0.05050	0.01567	0.01828	0.01219	0.01045	0.00697	0.00348	0.00871	0.00609	0.00697	0.01219
24	0.01453	0.01201	0.01286	0.01327	0.01654	0.01084	0.00970	0.01939	0.06220	0.03130	0.09678	0.21604	0.38657	0.02905	0.01341	0.00398	0.00614	0.02481	0.01053	0.01006
25	0.05050	0.01915	0.02612	0.02003	0.02873	0.01654	0.01654	0.05485	0.03221	0.54203	0.04440	0.03831	0.02786	0.01393	0.01132	0.00348	0.00958	0.01132	0.01393	0.01915
26	0.01395	0.01024	0.01309	0.01489	0.01624	0.00938	0.01021	0.01646	0.02345	0.03110	0.12986	0.46344	0.14085	0.03274	0.01408	0.00433	0.00626	0.02935	0.01070	0.00938
27	0.02638	0.02524	0.04302	0.18277	0.43209	0.02635	0.03381	0.03325	0.02493	0.03498	0.02091	0.02834	0.01720	0.01030	0.01117	0.00343	0.01374	0.01002	0.00544	0.01664
28	0.01416	0.01011	0.01357	0.01618	0.01703	0.00953	0.01122	0.01644	0.02199	0.02923	0.06179	0.54981	0.07347	0.03484	0.01448	0.00463	0.00692	0.07490	0.01044	0.00926
29	0.02924	0.02480	0.02615	0.02316	0.02974	0.02858	0.01812	0.09672	0.47496	0.04910	0.04422	0.04073	0.03307	0.01512	0.01144	0.00378	0.00920	0.01251	0.01144	0.01793
30	0.01596	0.01051	0.01271	0.01341	0.01358	0.01033	0.00806	0.01602	0.01759	0.02346	0.04107	0.20973	0.04787	0.39964	0.04458	0.07105	0.00964	0.01992	0.00761	0.00726
31	0.03097	0.03488	0.18164	0.03898	0.08680	0.02505	0.23212	0.04003	0.02702	0.14917	0.02681	0.03021	0.01881	0.01084	0.01200	0.00363	0.01582	0.01128	0.00728	0.01666
32	0.68395	0.02177	0.01654	0.01480	0.02177	0.02525	0.01219	0.03309	0.01915	0.05050	0.01567	0.01828	0.01219	0.01045	0.00697	0.00348	0.00871	0.00609	0.00697	0.01219
33	0.03416	0.28278	0.04704	0.06784	0.03765	0.13476	0.06208	0.13916	0.03155	0.03762	0.01947	0.02246	0.01578	0.01097	0.00950	0.00294	0.01447	0.00810	0.00653	0.01515
34	0.04224	0.04774	0.03240	0.02817	0.03482	0.41926	0.02165	0.16557	0.03751	0.03913	0.01997	0.02209	0.01574	0.01211	0.01045	0.00303	0.01818	0.00802	0.00726	0.01467
35	0.02657	0.03036	0.06641	0.04744	0.05882	0.02846	0.49336	0.03605	0.02657	0.03605	0.02277	0.03036	0.01708	0.00949	0.01328	0.00380	0.01898	0.01328	0.00569	0.01518
36	0.01520	0.01065	0.01376	0.01567	0.01650	0.01029	0.01086	0.01722	0.02096	0.02779	0.05458	0.37509	0.06386	0.18498	0.02592	0.00636	0.00837	0.10374	0.00947	0.00875
37	0.10846	0.01448	0.01811	0.07212	0.02532	0.01445	0.01369	0.02719	0.02572	0.12289	0.15358	0.21748	0.09770	0.02276	0.01224	0.00387	0.00785	0.01968	0.01046	0.01194
38	0.01841	0.02163	0.11261	0.02078	0.02469	0.01817	0.01873	0.02295	0.01861	0.02699	0.02755	0.04451	0.02675	0.17725	0.28385	0.01222	0.09562	0.01205	0.00583	0.01080
39	0.11765	0.01842	0.02088	0.01627	0.02438	0.01574	0.01308	0.03330	0.02541	0.16312	0.04307	0.04227	0.11478	0.01379	0.00982	0.00276	0.00820	0.01094	0.00922	0.29687
40	0.02696	0.04340	0.32930	0.03089	0.04473	0.02374	0.10755	0.03721	0.02526	0.10179	0.02374	0.02667	0.01682	0.01060	0.01087	0.00333	0.01496	0.00929	0.00636	0.10655
41	0.02800	0.02418	0.02545	0.02291	0.02927	0.02800	0.01782	0.05981	0.51390	0.04708	0.04581	0.04199	0.03436	0.01527	0.01145	0.00382	0.00891	0.01273	0.01145	0.01782
42	0.01814	0.01213	0.01800	0.01762	0.01866	0.01395	0.01318	0.01847	0.01665	0.02357	0.02469	0.03867	0.02364	0.06116	0.31187	0.27952	0.06549	0.01097	0.00548	0.00816
43	0.02847	0.01422	0.01830	0.01610	0.02035	0.01292	0.01222	0.03191	0.02719	0.21641	0.16291	0.07015	0.09123	0.16584	0.02373	0.00550	0.00866	0.05001	0.01125	0.01264
44	0.01872	0.01092	0.01203	0.01229	0.01378	0.01092	0.00845	0.02171	0.02073	0.03249	0.03848	0.06410	0.03764	0.26848	0.02983	0.00643	0.00819	0.05808	0.31784	0.00890
45	0.02693	0.01421	0.01763	0.01558	0.02077	0.01239	0.01241	0.03092	0.02903	0.20917	0.15960	0.08138	0.24587	0.02272	0.01279	0.00375	0.00732	0.05248	0.01199	0.01309
46	0.09327	0.01459	0.01853	0.01781	0.02207	0.01388	0.01405	0.03119	0.02620	0.18743	0.08761	0.23485	0.05466	0.02455	0.01286	0.00418	0.00836	0.10980	0.01128	0.01282
47	0.01734	0.01309	0.01584	0.01490	0.01786	0.01283	0.01102	0.02538	0.09259	0.04191	0.38409	0.07941	0.12279	0.08092	0.01747	0.00434	0.00637	0.01922	0.01156	0.01109
48	0.01563	0.01127	0.01477	0.01437	0.01675	0.01042	0.01060	0.02048	0.03045	0.04289	0.46451	0.15425	0.10186	0.02469	0.01342	0.00368	0.00548	0.02195	0.01212	0.01042
49	0.13823	0.01617	0.01926	0.01629	0.02213	0.01522	0.01299	0.03584	0.02930	0.23933	0.21326	0.05784	0.10275	0.01795	0.01148	0.00353	0.00758	0.01483	0.01191	0.01411
50	0.03601	0.01799	0.02234	0.01818	0.02427	0.01719	0.01438	0.11293	0.03322	0.26655	0.14491	0.05024	0.04481	0.07517	0.01609	0.00416	0.00890	0.01353	0.06377	0.01538
51	0.03258	0.01590	0.01824	0.01538	0.02065	0.01560	0.01225	0.09894	0.03013	0.19194	0.03763	0.03885	0.02723	0.01341	0.00934	0.00298	0.00749	0.01068	0.38657	0.01420
52	0.01593	0.01150	0.01504	0.01416	0.01681	0.01062	0.01062	0.02124	0.03186	0.04513	0.52830	0.08407	0.10620	0.02301	0.01327	0.00354	0.00531	0.02035	0.01239	0.01062
53	0.01501	0.01093	0.01426	0.01549	0.01734	0.01018	0.01138	0.01860	0.02592	0.03499	0.22101	0.32088	0.12301	0.03005	0.01407	0.00424	0.00657	0.08516	0.01108	0.00983
54	0.02634	0.02244	0.02403	0.02171	0.02756	0.02562	0.01683	0.05453	0.44796	0.04682	0.11181	0.04775	0.04419	0.01633	0.01170	0.00378	0.00842	0.01377	0.01158	0.01683
55	0.02657	0.03036	0.06641	0.04744	0.05882	0.02846	0.49336	0.03605	0.02657	0.03605	0.02277	0.03036	0.01708	0.00949	0.01328	0.00380	0.01898	0.01328	0.00569	0.01518
56	0.01795	0.01283	0.01787	0.02016	0.02276	0.01275	0.01749	0.02314	0.02642	0.03467	0.10009	0.12325	0.06835	0.03039	0.01535	0.00504	0.00993	0.42062	0.01054	0.01039
57	0.04315	0.04915	0.03114	0.02783	0.03401	0.48860	0.02107	0.04623	0.03194	0.09453	0.02091	0.02264	0.01624	0.01190	0.01030	0.00298	0.01890	0.00778	0.00686	0.01384
58	0.01608	0.01206	0.01809	0.01809	0.02010	0.01407	0.01407	0.02010	0.01809	0.02613	0.03015	0.04422	0.02814	0.08441	0.55984	0.01809	0.03015	0.01206	0.00603	0.01005
59	0.01371	0.00979	0.01306	0.01567	0.01632	0.00914	0.01045	0.01567	0.02155	0.02873	0.06203	0.59710	0.07444	0.03526	0.01437	0.00457	0.00653	0.03200	0.01045	0.00914
60	0.04204	0.05364	0.03190	0.02900	0.03480	0.55926	0.02175	0.04494	0.03190	0.02755	0.01740	0.02030	0.01450	0.01160	0.01015	0.00290	0.02030	0.00725	0.00580	0.01305
61	0.02552	0.02436	0.04147	0.24873	0.37283	0.02613	0.03338	0.03250	0.02452	0.03394	0.02076	0.02862	0.01683	0.01046	0.01118	0.00349	0.01395	0.01002	0.00537	0.01595
62	0.05050	0.01915	0.02612	0.02003	0.02873	0.01654	0.01654	0.05485	0.03221	0.54203	0.04440	0.03831	0.02786	0.01393	0.01132	0.00348	0.00958	0.01132	0.01393	0.01915
63	0.01371	0.00979	0.01306	0.01567	0.01632	0.00914	0.01045	0.01567	0.02155	0.02873	0.06203	0.59710	0.07444	0.03526	0.01437	0.00457	0.00653	0.03200	0.01045	0.00914
64	0.03009	0.61122	0.05898	0.01926	0.02889	0.04454	0.01926	0.03370	0.02287	0.02648	0.01565	0.01805	0.01444	0.00963	0.00722	0.00241	0.01204	0.00602	0.00481	0.01444
65	0.01591	0.01181	0.01508	0.01658	0.01831	0.01162	0.01188	0.02172	0.07321	0.03380	0.13957	0.41329	0.07498	0.03080	0.01399	0.00437	0.00689	0.06493	0.01087	0.01037
66	0.01744	0.01270	0.01517	0.01452	0.01452	0.01398	0.00914	0.01776	0.01648	0.02251	0.03277	0.06727	0.03752	0.52831	0.05464	0.01013	0.08551	0.01552	0.00657	0.00754
67	0.04214	0.05076	0.03214	0.02859	0.03481	0.49099	0.02170	0.10377	0.03463	0.03320	0.01865	0.02117	0.01510	0.01185	0.01029	0.00296	0.01927	0.00762	0.00651	0.01384
68	0.03010	0.02371	0.02551	0.02264	0.02922	0.02692	0.01770	0.05934	0.46889	0.09334	0.04568	0.04165	0.03375	0.01514	0.01144	0.00379	0.00897	0.01259	0.01168	0.01794
69	0.05050	0.01915	0.02612	0.02003	0.02873	0.01654	0.01654	0.05485	0.03221	0.54203	0.04440	0.03831	0.02786	0.01393	0.01132	0.00348	0.00958	0.01132	0.01393	0.01915
70	0.01403	0.01122	0.01255	0.01266	0.01576	0.00974	0.00933	0.01739	0.02670	0.03394	0.21278	0.16578	0.36253	0.02798	0.01343	0.00383	0.00571	0.02396	0.01094	0.00974
71	0.01593	0.01150	0.01504	0.01416	0.01681	0.01062	0.01062	0.02124	0.03186	0.04513	0.52830	0.08407	0.10620	0.02301	0.01327	0.00354	0.00531	0.02035	0.01239	0.01062
72	0.03244	0.02638	0.02795	0.02380	0.03096	0.03007	0.01889	0.19104	0.37543	0.05425	0.04017	0.03750	0.02979	0.01474	0.01139	0.00369	0.00995	0.01195	0.01139	0.01821
73	0.02334	0.02001	0.02334	0.01667	0.02667	0.01500	0.01334	0.02834	0.02334	0.03668	0.02001	0.02334	0.01667	0.00834	0.00834	0.00167	0.00834	0.00667	0.00667	0.67325
74	0.01416	0.01122	0.01274	0.01281	0.01584	0.00980	0.00943	0.01765	0.02703	0.03472	0.23461	0.16451	0.34021	0.02770	0.01343	0.00382	0.00569	0.02378	0.01105	0.00980
75	0.01608	0.01206	0.01809	0.01809	0.02010	0.01407	0.01407	0.02010	0.01809	0.02613	0.03015	0.04422	0.02814	0.08441	0.55984	0.01809	0.03015	0.01206	0.00603	0.01005
76	0.01608	0.01206	0.01809	0.01809	0.02010	0.01407	0.01407	0.02010	0.01809	0.02613	0.03015	0.04422	0.02814	0.08441	0.55984	0.01809	0.03015	0.01206	0.00603	0.01005
77	0.02043	0.01250	0.01649	0.01492	0.01837	0.01139	0.01139	0.02562	0.03191	0.10983	0.46529	0.07812	0.09600	0.02183	0.01302	0.00353	0.00587	0.01918	0.01259	0.01173
78	0.16869	0.01621	0.01801	0.01867	0.02276	0.01751	0.01573	0.03079	0.09092	0.04011	0.04558	0.08248	0.04524	0.02250	0.01229	0.00436	0.00928	0.25125	0.07580	0.01180
79	0.01637	0.01091	0.01228	0.01228	0.01228	0.01091	0.00682	0.01637	0.01637	0.02182	0.03546	0.07365	0.04092	0.60445	0.05729	0.01091	0.01091	0.01637	0.00682	0.00682
80	0.02800	0.02418	0.02545	0.02291	0.02927	0.02800	0.01782	0.05981	0.51390	0.04708	0.04581	0.04199	0.03436	0.01527	0.01145	0.00382	0.00891	0.01273	0.01145	0.01782
81	0.02771	0.02052	0.02303	0.02076	0.02611	0.02238	0.01597	0.10346	0.26611	0.08778	0.08476	0.16615	0.04636	0.01997	0.01221	0.00388	0.00861	0.01714	0.01149	0.01561
82	0.01705	0.01068	0.01410	0.01575	0.01702	0.00992	0.01065	0.01904	0.02200	0.07150	0.05825	0.50466	0.06761	0.08264	0.01782	0.00503	0.00717	0.02890	0.01043	0.00979
