[name]
unknown

[dist]
# distance from previous block
# <min> <max>
0	404

[block]
# block no. 0 follows, 11 sequences, length 53
# corresponding to MSA columns:
# 748-800
name=unknown_A
#
# <colnr> <probs for GDERKNQSTAVLIFYWHMCP>
#	G	D	E	R	K	N	Q	S	T	A	V	L	I	F	Y	W	H	M	C	P
0	0.02077	0.01493	0.01943	0.01856	0.02081	0.01575	0.01390	0.06916	0.02302	0.03164	0.03772	0.23503	0.04133	0.02950	0.02406	0.18161	0.07497	0.05159	0.00808	0.06814
1	0.03034	0.02986	0.09465	0.03723	0.04772	0.02604	0.30258	0.08990	0.02972	0.09881	0.02676	0.03135	0.01935	0.01088	0.01212	0.00359	0.01573	0.01202	0.06556	0.01580
2	0.04279	0.03153	0.03378	0.02590	0.03490	0.03490	0.02139	0.49671	0.05292	0.07093	0.02702	0.02702	0.01914	0.01351	0.01126	0.00338	0.01239	0.01013	0.01126	0.01914
3	0.03726	0.02030	0.02864	0.07210	0.11344	0.01966	0.02005	0.08840	0.03242	0.27812	0.12681	0.04329	0.03886	0.01472	0.01164	0.00348	0.01012	0.01256	0.01129	0.01682
4	0.01729	0.01305	0.01635	0.01464	0.01842	0.01142	0.01086	0.02185	0.02806	0.04023	0.34801	0.11211	0.08021	0.06750	0.01588	0.00383	0.00647	0.01819	0.01062	0.14502
5	0.03009	0.61122	0.05898	0.01926	0.02889	0.04454	0.01926	0.03370	0.02287	0.02648	0.01565	0.01805	0.01444	0.00963	0.00722	0.00241	0.01204	0.00602	0.00481	0.01444
6	0.15381	0.01585	0.01755	0.01496	0.02044	0.01476	0.01166	0.02553	0.02701	0.04398	0.28906	0.05456	0.06330	0.01656	0.01068	0.00303	0.00680	0.01382	0.00977	0.18686
7	0.26578	0.02473	0.02725	0.02228	0.03001	0.02723	0.05441	0.13290	0.16048	0.10267	0.02948	0.02936	0.02149	0.01262	0.00996	0.00358	0.01039	0.00977	0.00962	0.01600
8	0.01614	0.01082	0.01234	0.01257	0.01263	0.01076	0.00713	0.01631	0.01682	0.02242	0.03776	0.11898	0.04382	0.55516	0.05357	0.01036	0.01053	0.01772	0.00713	0.00702
9	0.01822	0.00987	0.01418	0.01466	0.01478	0.00975	0.00967	0.01498	0.01608	0.02143	0.02869	0.14191	0.03143	0.08270	0.03953	0.49654	0.00926	0.01442	0.00607	0.00583
10	0.04294	0.02309	0.02975	0.07184	0.03475	0.02414	0.02003	0.16507	0.03507	0.31460	0.03432	0.03306	0.02295	0.01424	0.01422	0.00364	0.07635	0.01072	0.01142	0.01778
11	0.02523	0.04393	0.34498	0.09687	0.10402	0.02438	0.03523	0.03556	0.02444	0.07376	0.02212	0.02602	0.01600	0.01072	0.01065	0.00339	0.01482	0.00879	0.00574	0.07335
12	0.01717	0.01100	0.01425	0.01539	0.01735	0.01001	0.01079	0.01983	0.02415	0.07612	0.12013	0.43288	0.12596	0.03120	0.01385	0.00427	0.00656	0.02789	0.01098	0.01024
13	0.21591	0.02156	0.02433	0.01949	0.02758	0.02171	0.01600	0.09608	0.06964	0.32218	0.03506	0.03210	0.02331	0.01307	0.01017	0.00350	0.00959	0.00992	0.01160	0.01720
14	0.02604	0.13165	0.23677	0.16467	0.10702	0.08334	0.03277	0.03451	0.02437	0.03186	0.01926	0.02448	0.01490	0.01068	0.01028	0.00333	0.01552	0.00845	0.00502	0.01507
15	0.01644	0.01279	0.01852	0.14568	0.03090	0.01357	0.01578	0.02014	0.02264	0.03003	0.09038	0.31129	0.05885	0.08818	0.01821	0.00503	0.00929	0.07337	0.00897	0.00995
16	0.02786	0.02674	0.04568	0.06908	0.53424	0.02674	0.03454	0.03454	0.02563	0.03677	0.02117	0.02786	0.01783	0.01003	0.01114	0.00334	0.01337	0.01003	0.00557	0.01783
17	0.01371	0.00979	0.01306	0.01567	0.01632	0.00914	0.01045	0.01567	0.02155	0.02873	0.06203	0.59710	0.07444	0.03526	0.01437	0.00457	0.00653	0.03200	0.01045	0.00914
18	0.03377	0.22979	0.04179	0.02553	0.03152	0.19531	0.02160	0.08875	0.02762	0.03207	0.01726	0.02141	0.01508	0.01320	0.01603	0.00330	0.15822	0.00782	0.00588	0.01403
19	0.02399	0.02946	0.13375	0.17762	0.09498	0.06127	0.02628	0.06614	0.02736	0.03664	0.11632	0.04140	0.03462	0.06477	0.01541	0.00416	0.01319	0.01195	0.00709	0.01361
20	0.02302	0.01395	0.01813	0.01805	0.02137	0.01382	0.01401	0.02901	0.08025	0.11362	0.05384	0.19943	0.08641	0.03242	0.06045	0.07592	0.01029	0.11416	0.01017	0.01167
21	0.12445	0.02293	0.03465	0.14342	0.25699	0.02549	0.02754	0.03112	0.02315	0.03593	0.02382	0.03785	0.02152	0.01385	0.01398	0.00383	0.07774	0.06107	0.00616	0.01451
22	0.01371	0.00979	0.01306	0.01567	0.01632	0.00914	0.01045	0.01567	0.02155	0.02873	0.06203	0.59710	0.07444	0.03526	0.01437	0.00457	0.00653	0.03200	0.01045	0.00914
23	0.03654	0.13360	0.07733	0.08874	0.03982	0.03478	0.02370	0.32662	0.04193	0.05561	0.02370	0.02555	0.01747	0.01236	0.01051	0.00327	0.01295	0.00926	0.00891	0.01736
24	0.02257	0.05822	0.54613	0.03208	0.04871	0.02614	0.04158	0.03564	0.02376	0.03564	0.02020	0.02376	0.01426	0.01069	0.01069	0.00356	0.01663	0.00832	0.00475	0.01663
25	0.13808	0.19477	0.12020	0.02742	0.08931	0.03165	0.02334	0.09131	0.07025	0.08039	0.02324	0.02486	0.01778	0.01126	0.00934	0.00320	0.01195	0.00834	0.00728	0.01602
26	0.09935	0.02457	0.08224	0.01821	0.02862	0.01746	0.01643	0.02972	0.02291	0.03815	0.01953	0.02281	0.01588	0.00885	0.00845	0.00209	0.00933	0.00679	0.00648	0.52214
27	0.01659	0.01656	0.05936	0.01834	0.02280	0.01297	0.06161	0.02084	0.02577	0.03423	0.19216	0.16267	0.21300	0.02563	0.01551	0.05262	0.00822	0.02094	0.00964	0.01053
28	0.02541	0.08529	0.18899	0.06961	0.04095	0.02498	0.07355	0.08486	0.02697	0.03815	0.02384	0.06652	0.02016	0.01206	0.01046	0.00309	0.01310	0.01029	0.00650	0.17524
29	0.01581	0.01083	0.01250	0.01291	0.01539	0.00992	0.00937	0.01960	0.02572	0.03629	0.18599	0.20586	0.19961	0.02526	0.01231	0.00365	0.00570	0.02187	0.16150	0.00992
30	0.02635	0.02448	0.08512	0.11383	0.03708	0.02326	0.02180	0.04158	0.19225	0.09782	0.12566	0.04395	0.03991	0.01572	0.01369	0.00378	0.05617	0.01280	0.00956	0.01518
31	0.27742	0.02097	0.02161	0.01792	0.02512	0.02214	0.01460	0.09441	0.07049	0.20687	0.03108	0.03039	0.02177	0.01262	0.00932	0.00340	0.00902	0.00929	0.08607	0.01548
32	0.02586	0.02768	0.13957	0.13584	0.04058	0.02236	0.02412	0.07088	0.10295	0.08807	0.03238	0.07744	0.02717	0.07121	0.05946	0.00550	0.01389	0.01253	0.00800	0.01450
33	0.01867	0.01447	0.02209	0.01940	0.02145	0.01541	0.06231	0.02082	0.02067	0.02889	0.12888	0.05531	0.04360	0.19275	0.11549	0.11697	0.07194	0.01446	0.00721	0.00921
34	0.03150	0.02177	0.02832	0.14467	0.03883	0.02485	0.02093	0.14480	0.06619	0.12546	0.02949	0.03344	0.02206	0.02113	0.07002	0.00512	0.07867	0.01069	0.06694	0.01511
35	0.03095	0.01843	0.02597	0.02036	0.02803	0.01590	0.06457	0.03629	0.02672	0.19082	0.03505	0.04359	0.02766	0.01356	0.01051	0.00301	0.00955	0.06100	0.12026	0.21779
36	0.11156	0.02740	0.03031	0.02731	0.08239	0.06867	0.02007	0.20747	0.03753	0.22894	0.03062	0.02965	0.02099	0.01283	0.01073	0.00338	0.01174	0.00989	0.01073	0.01779
37	0.02878	0.08030	0.04129	0.18140	0.04989	0.12931	0.13594	0.08206	0.02842	0.03452	0.02483	0.08488	0.02187	0.01345	0.01150	0.00353	0.01557	0.01218	0.00652	0.01377
38	0.02758	0.02942	0.03104	0.14097	0.09210	0.17099	0.02337	0.03214	0.02398	0.02940	0.02023	0.02787	0.01740	0.02396	0.10256	0.00574	0.10608	0.00921	0.00560	0.08037
39	0.04216	0.13628	0.03322	0.02063	0.02909	0.02533	0.01760	0.13985	0.03467	0.30415	0.07389	0.03568	0.02970	0.01373	0.01067	0.00326	0.01030	0.01076	0.01148	0.01755
40	0.09664	0.03481	0.25307	0.02317	0.03282	0.02078	0.02524	0.06568	0.02596	0.03906	0.07458	0.14186	0.08490	0.01813	0.01144	0.00375	0.01159	0.01502	0.00772	0.01378
41	0.01741	0.01443	0.02195	0.02279	0.07476	0.01347	0.05468	0.02234	0.02819	0.03884	0.30000	0.16795	0.13227	0.02329	0.01325	0.00376	0.00761	0.02112	0.01052	0.01138
42	0.08779	0.09638	0.03254	0.02232	0.03115	0.08402	0.01849	0.24660	0.03744	0.05145	0.02212	0.02372	0.01697	0.01137	0.00963	0.00281	0.01187	0.00820	0.00850	0.17660
43	0.21745	0.02696	0.07782	0.02101	0.02945	0.02514	0.01877	0.18419	0.03429	0.14624	0.08362	0.03287	0.02827	0.01353	0.01025	0.00346	0.01047	0.01021	0.01002	0.01598
44	0.02652	0.01819	0.02695	0.12414	0.03690	0.01699	0.05552	0.03165	0.02511	0.13625	0.03615	0.14447	0.03326	0.01693	0.01157	0.00341	0.01049	0.04806	0.00875	0.18869
45	0.01908	0.01280	0.01712	0.01768	0.01943	0.01330	0.01326	0.02219	0.02345	0.07175	0.09423	0.34791	0.06229	0.02862	0.01629	0.00436	0.07351	0.07391	0.05813	0.01066
46	0.02911	0.02075	0.02571	0.02126	0.02747	0.02121	0.04968	0.11483	0.14795	0.10100	0.03787	0.09664	0.03236	0.08280	0.01645	0.00427	0.00993	0.01374	0.06256	0.08440
47	0.01663	0.07214	0.01862	0.01566	0.01787	0.01366	0.01162	0.01973	0.02434	0.03271	0.18352	0.30363	0.07281	0.08895	0.01795	0.00478	0.00752	0.05789	0.01002	0.00994
48	0.03536	0.28288	0.04112	0.02130	0.02929	0.09322	0.01855	0.11930	0.03067	0.11984	0.02752	0.08433	0.02383	0.01396	0.00971	0.00304	0.01206	0.01051	0.00818	0.01534
49	0.16247	0.08346	0.02918	0.06384	0.03099	0.02532	0.01809	0.08564	0.02830	0.20458	0.06757	0.03258	0.02629	0.01394	0.01314	0.00355	0.07619	0.01008	0.00948	0.01531
50	0.22665	0.02519	0.08314	0.06091	0.03199	0.02288	0.01920	0.07685	0.07819	0.16521	0.03163	0.07889	0.02481	0.01432	0.01023	0.00363	0.01041	0.01121	0.00937	0.01529
51	0.04040	0.03010	0.03038	0.02404	0.03246	0.08904	0.01945	0.27992	0.09278	0.13590	0.02999	0.02928	0.02137	0.01302	0.01086	0.00321	0.01205	0.00991	0.01062	0.08520
52	0.01900	0.01146	0.01432	0.01448	0.01593	0.01086	0.00953	0.02074	0.02160	0.08174	0.10185	0.25203	0.05858	0.27906	0.03258	0.00710	0.00862	0.02169	0.00946	0.00936

[dist]
# distance from previous block
# <min> <max>
0	19

[block]
# block no. 1 follows, 11 sequences, length 24
# corresponding to MSA columns:
# 820-843
name=unknown_B
#
# <colnr> <probs for GDERKNQSTAVLIFYWHMCP>
#	G	D	E	R	K	N	Q	S	T	A	V	L	I	F	Y	W	H	M	C	P
0	0.17337	0.07491	0.02576	0.06147	0.02897	0.02179	0.01573	0.06938	0.02775	0.13203	0.11810	0.03650	0.03418	0.01327	0.00983	0.00310	0.00926	0.01038	0.00914	0.12506
1	0.15749	0.06861	0.02748	0.06229	0.03021	0.02045	0.06487	0.03189	0.02420	0.11304	0.03851	0.08828	0.08159	0.01515	0.01024	0.00333	0.00984	0.01268	0.05964	0.08023
2	0.09152	0.01841	0.02273	0.07685	0.03035	0.01762	0.01622	0.06705	0.02777	0.17671	0.04405	0.09054	0.08607	0.01703	0.01118	0.00344	0.00944	0.05054	0.00988	0.13260
3	0.40829	0.11330	0.02632	0.07398	0.02976	0.02866	0.01614	0.03710	0.10080	0.04401	0.02103	0.02331	0.01644	0.01119	0.00817	0.00340	0.00990	0.00756	0.00716	0.01349
4	0.08934	0.02024	0.02778	0.15185	0.03922	0.02205	0.06819	0.08243	0.07868	0.08765	0.03001	0.03387	0.02230	0.01239	0.01018	0.00337	0.01081	0.01053	0.18507	0.01405
5	0.02240	0.01466	0.01980	0.01822	0.01918	0.01697	0.01349	0.02244	0.01829	0.06562	0.02782	0.08079	0.02780	0.13806	0.03695	0.21441	0.15885	0.01284	0.06230	0.00909
6	0.08383	0.02045	0.05986	0.08238	0.03159	0.01808	0.01782	0.03643	0.07737	0.16693	0.08397	0.14087	0.03969	0.01751	0.01139	0.00360	0.00948	0.01490	0.00997	0.07388
7	0.03668	0.01730	0.02274	0.01932	0.02571	0.01608	0.01579	0.04424	0.08197	0.31887	0.13875	0.06075	0.04899	0.01838	0.01234	0.00378	0.00881	0.08058	0.01284	0.01607
8	0.02391	0.02214	0.03352	0.20115	0.09960	0.02191	0.07035	0.03275	0.06792	0.03509	0.02274	0.02830	0.01791	0.01017	0.01033	0.00291	0.01208	0.00928	0.00636	0.27157
9	0.68395	0.02177	0.01654	0.01480	0.02177	0.02525	0.01219	0.03309	0.01915	0.05050	0.01567	0.01828	0.01219	0.01045	0.00697	0.00348	0.00871	0.00609	0.00697	0.01219
10	0.02741	0.15251	0.13474	0.12719	0.04442	0.03119	0.06235	0.08182	0.15177	0.03864	0.02660	0.02920	0.02024	0.01191	0.01052	0.00342	0.01320	0.00983	0.00719	0.01584
11	0.09203	0.01300	0.01613	0.01648	0.01947	0.01237	0.01189	0.02563	0.02351	0.13737	0.05349	0.42028	0.05823	0.02823	0.01295	0.00423	0.00739	0.02498	0.01080	0.01154
12	0.01950	0.01642	0.02376	0.17763	0.03767	0.01922	0.01983	0.02748	0.07474	0.03305	0.10778	0.09681	0.04342	0.03225	0.11958	0.00680	0.05941	0.06484	0.00801	0.01179
13	0.02478	0.02549	0.01974	0.01948	0.02252	0.20139	0.01415	0.02806	0.02735	0.03286	0.13326	0.23903	0.05483	0.02233	0.01200	0.00359	0.01096	0.01887	0.07839	0.01093
14	0.01905	0.01181	0.01567	0.01557	0.01766	0.01151	0.01110	0.02205	0.02347	0.08490	0.15892	0.21645	0.06213	0.14805	0.12156	0.00789	0.01171	0.02045	0.00977	0.01027
15	0.04204	0.05364	0.03190	0.02900	0.03480	0.55926	0.02175	0.04494	0.03190	0.02755	0.01740	0.02030	0.01450	0.01160	0.01015	0.00290	0.02030	0.00725	0.00580	0.01305
16	0.02663	0.02274	0.02427	0.02191	0.02785	0.02602	0.01700	0.05543	0.45918	0.04686	0.10058	0.04677	0.04251	0.01615	0.01166	0.00379	0.00850	0.01359	0.01156	0.01700
17	0.01821	0.01454	0.02139	0.13281	0.08731	0.01505	0.01739	0.02170	0.02315	0.03051	0.09767	0.14875	0.12063	0.07015	0.01971	0.07505	0.00977	0.05758	0.00813	0.01048
18	0.02257	0.05822	0.54613	0.03208	0.04871	0.02614	0.04158	0.03564	0.02376	0.03564	0.02020	0.02376	0.01426	0.01069	0.01069	0.00356	0.01663	0.00832	0.00475	0.01663
19	0.25859	0.02408	0.02673	0.26380	0.04835	0.08055	0.02203	0.03473	0.02335	0.09034	0.02078	0.02575	0.01532	0.01129	0.00964	0.00354	0.01279	0.00848	0.00671	0.01315
20	0.01524	0.01051	0.01286	0.01385	0.01436	0.01016	0.00867	0.01654	0.01995	0.02684	0.09253	0.28965	0.06080	0.31619	0.03553	0.00762	0.00859	0.02316	0.00883	0.00813
21	0.02736	0.01926	0.02889	0.21225	0.12435	0.02070	0.02277	0.03498	0.07014	0.13141	0.03341	0.09498	0.02877	0.08173	0.01681	0.00453	0.01178	0.01348	0.00821	0.01418
22	0.13406	0.08973	0.08963	0.02682	0.08201	0.02781	0.02162	0.08626	0.16324	0.12269	0.03063	0.03036	0.02247	0.01251	0.01016	0.00345	0.01096	0.00976	0.00907	0.01678
23	0.09140	0.01450	0.01648	0.01564	0.01836	0.01478	0.01125	0.05974	0.02382	0.07304	0.08847	0.11278	0.04736	0.27804	0.03202	0.00703	0.00969	0.06632	0.00900	0.01028

[dist]
# distance from previous block
# <min> <max>
0	2

[block]
# block no. 2 follows, 11 sequences, length 57
# corresponding to MSA columns:
# 846-902
name=unknown_C
#
# <colnr> <probs for GDERKNQSTAVLIFYWHMCP>
#	G	D	E	R	K	N	Q	S	T	A	V	L	I	F	Y	W	H	M	C	P
0	0.02947	0.47677	0.05758	0.02901	0.10724	0.04057	0.05959	0.03402	0.02358	0.02880	0.01705	0.02052	0.01516	0.00968	0.00830	0.00266	0.01279	0.00720	0.00500	0.01501
1	0.02312	0.02159	0.03500	0.37356	0.17730	0.02391	0.02934	0.03006	0.02337	0.03183	0.02028	0.02850	0.01592	0.01053	0.01079	0.00334	0.01362	0.00951	0.00539	0.11306
2	0.15036	0.08779	0.07895	0.03149	0.11673	0.10572	0.05847	0.03926	0.02611	0.12822	0.02326	0.02551	0.01738	0.01091	0.00985	0.00318	0.01315	0.00864	0.00730	0.05770
3	0.09707	0.02986	0.15260	0.07125	0.03676	0.02253	0.02355	0.07761	0.07678	0.20143	0.07100	0.03523	0.02811	0.01339	0.01090	0.00356	0.01150	0.01073	0.00966	0.01647
4	0.02515	0.01989	0.09723	0.01936	0.02483	0.01420	0.01706	0.02988	0.02530	0.16654	0.08896	0.27160	0.05191	0.02906	0.05937	0.00519	0.01076	0.02027	0.01030	0.01312
5	0.02110	0.01255	0.01706	0.01777	0.02062	0.01178	0.01398	0.02506	0.02634	0.11028	0.13644	0.26942	0.06950	0.02861	0.01412	0.00444	0.00807	0.17029	0.01127	0.01130
6	0.03092	0.02429	0.04057	0.21720	0.17349	0.02548	0.10250	0.08172	0.02859	0.12544	0.02567	0.03069	0.01867	0.01136	0.01156	0.00357	0.01404	0.01078	0.00742	0.01604
7	0.02777	0.08873	0.21519	0.19110	0.05294	0.07887	0.06703	0.03626	0.02515	0.08122	0.02202	0.02668	0.01605	0.01108	0.01076	0.00346	0.01561	0.00918	0.00590	0.01501
8	0.02795	0.01437	0.01847	0.01626	0.02135	0.01271	0.01299	0.03232	0.02995	0.21911	0.21136	0.07750	0.17374	0.02183	0.01280	0.00374	0.00743	0.06044	0.01229	0.01340
9	0.25563	0.01953	0.02091	0.01715	0.02428	0.01984	0.01402	0.07686	0.02803	0.25877	0.03223	0.03139	0.02214	0.01260	0.00929	0.00333	0.00878	0.00935	0.12047	0.01539
10	0.19053	0.02772	0.07628	0.08302	0.08694	0.06591	0.09237	0.03683	0.02581	0.11907	0.06746	0.03171	0.02479	0.01210	0.01055	0.00351	0.01276	0.01029	0.00774	0.01463
11	0.08471	0.12064	0.16789	0.12850	0.09580	0.02822	0.10204	0.03556	0.02437	0.07862	0.02169	0.02622	0.01621	0.01064	0.01045	0.00342	0.01440	0.00928	0.00603	0.01531
12	0.01496	0.01117	0.01407	0.01521	0.01746	0.01028	0.01145	0.01852	0.02580	0.03395	0.18517	0.26986	0.19058	0.02994	0.01407	0.00425	0.00675	0.10581	0.01090	0.00981
13	0.01725	0.00995	0.01417	0.01495	0.01543	0.00965	0.01008	0.01564	0.01864	0.02511	0.08350	0.22628	0.04629	0.03625	0.03113	0.38488	0.00826	0.01820	0.00747	0.00686
14	0.03418	0.11947	0.13945	0.07751	0.08782	0.02827	0.06383	0.11478	0.03066	0.15663	0.02651	0.02825	0.01886	0.01163	0.01071	0.00335	0.01336	0.00967	0.00812	0.01694
15	0.08995	0.26922	0.04335	0.02224	0.03146	0.03177	0.05931	0.08552	0.02878	0.19715	0.02650	0.02644	0.01921	0.01142	0.00942	0.00305	0.01163	0.00874	0.00858	0.01628
16	0.01428	0.01165	0.01277	0.01307	0.01658	0.01013	0.01019	0.01772	0.02630	0.03233	0.14606	0.10877	0.41869	0.02836	0.01364	0.00398	0.00636	0.08876	0.01063	0.00974
17	0.02328	0.02397	0.11169	0.08336	0.10851	0.01985	0.02388	0.02926	0.02345	0.07674	0.03480	0.13729	0.03335	0.02397	0.05813	0.00510	0.06284	0.05733	0.04976	0.01344
18	0.03881	0.03095	0.03055	0.02456	0.03237	0.08289	0.01985	0.35095	0.11790	0.06091	0.02966	0.02977	0.02172	0.01356	0.01092	0.00334	0.01208	0.01027	0.06126	0.01768
19	0.58388	0.02044	0.01678	0.01569	0.02200	0.02340	0.01308	0.03162	0.02017	0.04797	0.02227	0.03462	0.02009	0.01355	0.00825	0.00374	0.00896	0.07409	0.00748	0.01191
20	0.03599	0.22292	0.12826	0.07646	0.03704	0.02835	0.02324	0.04192	0.02669	0.23222	0.02824	0.02823	0.01977	0.01167	0.00984	0.00317	0.01215	0.00890	0.00843	0.01650
21	0.04838	0.01963	0.02606	0.02030	0.02878	0.01762	0.01666	0.05532	0.07756	0.49544	0.04454	0.03866	0.02847	0.01406	0.01133	0.00351	0.00951	0.01145	0.01370	0.01903
22	0.02444	0.19549	0.42520	0.02890	0.04379	0.03071	0.03604	0.03516	0.02354	0.03337	0.01907	0.02235	0.01430	0.01043	0.00983	0.00328	0.01549	0.00775	0.00477	0.01609
23	0.03177	0.08158	0.07621	0.17122	0.04282	0.02441	0.02283	0.10893	0.03117	0.15996	0.10288	0.03792	0.03229	0.01380	0.01113	0.00345	0.01170	0.01135	0.00918	0.01540
24	0.02508	0.23596	0.16207	0.07079	0.07977	0.03039	0.02543	0.03443	0.07087	0.03448	0.09745	0.03340	0.03040	0.01259	0.01002	0.00317	0.01218	0.01002	0.00664	0.01485
25	0.02489	0.01864	0.02236	0.01662	0.02539	0.01450	0.01324	0.02987	0.02549	0.08744	0.09879	0.03393	0.03122	0.01109	0.00937	0.00213	0.00800	0.00918	0.00824	0.50960
26	0.03690	0.03469	0.12741	0.02492	0.03358	0.10523	0.02281	0.19409	0.03511	0.13416	0.02631	0.02841	0.01912	0.01637	0.01561	0.09777	0.01352	0.00951	0.00877	0.01574
27	0.01729	0.01463	0.02286	0.28172	0.04531	0.01666	0.02030	0.02187	0.02200	0.02874	0.04213	0.32851	0.04629	0.02389	0.01289	0.00418	0.01054	0.02158	0.00787	0.01073
28	0.01371	0.00979	0.01306	0.01567	0.01632	0.00914	0.01045	0.01567	0.02155	0.02873	0.06203	0.59710	0.07444	0.03526	0.01437	0.00457	0.00653	0.03200	0.01045	0.00914
29	0.03051	0.02928	0.02965	0.07889	0.03573	0.15077	0.05726	0.11801	0.11026	0.04081	0.03333	0.08777	0.02939	0.01616	0.01156	0.00360	0.01325	0.05023	0.05930	0.01423
30	0.08375	0.02168	0.03149	0.24133	0.04987	0.02320	0.06646	0.03695	0.09754	0.08533	0.02613	0.03044	0.01941	0.01136	0.01059	0.00335	0.01220	0.00991	0.00737	0.13164
31	0.01696	0.01189	0.01355	0.01375	0.01441	0.01212	0.00836	0.02004	0.06057	0.02513	0.04062	0.15468	0.04571	0.46197	0.04642	0.00928	0.01004	0.01855	0.00780	0.00815
32	0.08038	0.01587	0.02021	0.10083	0.02946	0.01632	0.01538	0.03147	0.07192	0.12973	0.12996	0.17387	0.09774	0.02102	0.01215	0.00384	0.00849	0.01811	0.01039	0.01285
33	0.01878	0.01182	0.01575	0.01578	0.01838	0.01092	0.01178	0.02290	0.02804	0.08751	0.28979	0.24960	0.08470	0.02678	0.01363	0.00401	0.00655	0.06056	0.01174	0.01095
34	0.01445	0.01054	0.01303	0.01418	0.01562	0.00974	0.00962	0.01688	0.02335	0.03099	0.15249	0.34312	0.15054	0.11743	0.02044	0.00521	0.00683	0.02614	0.01026	0.00912
35	0.03367	0.01842	0.02282	0.02032	0.02627	0.01844	0.01681	0.07930	0.11686	0.22105	0.04696	0.06423	0.03917	0.01906	0.01224	0.00395	0.00950	0.14169	0.07371	0.01554
36	0.01859	0.01562	0.02236	0.02092	0.02217	0.01974	0.01651	0.02181	0.01769	0.02603	0.02613	0.04107	0.02536	0.11083	0.36373	0.01363	0.18981	0.01179	0.00578	0.01043
37	0.13494	0.01808	0.02216	0.01770	0.02514	0.01676	0.01448	0.04700	0.02893	0.38916	0.03907	0.03609	0.02582	0.01330	0.01013	0.00334	0.00873	0.01044	0.12201	0.01672
38	0.02843	0.50173	0.05014	0.01766	0.02601	0.03833	0.01718	0.03234	0.02300	0.02930	0.01949	0.02241	0.01707	0.01026	0.00734	0.00245	0.01080	0.00683	0.12549	0.01372
39	0.01371	0.00979	0.01306	0.01567	0.01632	0.00914	0.01045	0.01567	0.02155	0.02873	0.06203	0.59710	0.07444	0.03526	0.01437	0.00457	0.00653	0.03200	0.01045	0.00914
40	0.02786	0.02674	0.04568	0.06908	0.53424	0.02674	0.03454	0.03454	0.02563	0.03677	0.02117	0.02786	0.01783	0.01003	0.01114	0.00334	0.01337	0.01003	0.00557	0.01783
41	0.02654	0.02342	0.03333	0.08397	0.15768	0.02739	0.02460	0.11268	0.02703	0.03791	0.02729	0.12615	0.02675	0.01815	0.01968	0.00409	0.18791	0.01382	0.00721	0.01439
42	0.01795	0.01059	0.01484	0.01484	0.01530	0.01104	0.01000	0.01634	0.01588	0.02163	0.02601	0.04652	0.02694	0.19315	0.16512	0.35496	0.01471	0.01197	0.00564	0.00656
43	0.03251	0.02776	0.03930	0.09028	0.26671	0.03033	0.02852	0.20310	0.03461	0.04776	0.02262	0.02742	0.01780	0.01232	0.01362	0.00354	0.06684	0.01005	0.00755	0.01736
44	0.01632	0.01110	0.01325	0.01325	0.01358	0.01144	0.00803	0.01699	0.01666	0.02254	0.03458	0.06874	0.03878	0.51759	0.14122	0.01211	0.01412	0.01565	0.00669	0.00736
45	0.02392	0.02297	0.02462	0.11412	0.03324	0.10578	0.01856	0.03269	0.11105	0.03004	0.02891	0.04057	0.02581	0.12125	0.16551	0.00860	0.06194	0.01155	0.00684	0.01204
46	0.01608	0.01206	0.01809	0.01809	0.02010	0.01407	0.01407	0.02010	0.01809	0.02613	0.03015	0.04422	0.02814	0.08441	0.55984	0.01809	0.03015	0.01206	0.00603	0.01005
47	0.01955	0.00978	0.01466	0.01466	0.01466	0.00978	0.00978	0.01466	0.01466	0.01955	0.01955	0.03421	0.01955	0.03910	0.04399	0.67253	0.00978	0.00978	0.00489	0.00489
48	0.01637	0.01091	0.01228	0.01228	0.01228	0.01091	0.00682	0.01637	0.01637	0.02182	0.03546	0.07365	0.04092	0.60445	0.05729	0.01091	0.01091	0.01637	0.00682	0.00682
49	0.10500	0.01816	0.02314	0.01837	0.02560	0.01652	0.01467	0.04702	0.02860	0.41758	0.04036	0.04174	0.02835	0.10235	0.01782	0.00460	0.00970	0.01159	0.01221	0.01665
50	0.01608	0.01086	0.01259	0.01276	0.01305	0.01072	0.00749	0.01673	0.01821	0.02451	0.08093	0.12384	0.04977	0.50017	0.04941	0.00967	0.01001	0.01819	0.00765	0.00737
51	0.02334	0.02001	0.02334	0.01667	0.02667	0.01500	0.01334	0.02834	0.02334	0.03668	0.02001	0.02334	0.01667	0.00834	0.00834	0.00167	0.00834	0.00667	0.00667	0.67325
52	0.04934	0.02101	0.02727	0.02091	0.02966	0.01930	0.01727	0.12126	0.03533	0.47123	0.04179	0.03661	0.02655	0.01387	0.01131	0.00347	0.01000	0.01114	0.01353	0.01915
53	0.01753	0.01125	0.01478	0.01591	0.01797	0.01036	0.01151	0.02055	0.02472	0.07548	0.13457	0.39226	0.11093	0.03070	0.01396	0.00431	0.00687	0.06495	0.01103	0.01035
54	0.02839	0.02432	0.04138	0.04951	0.28596	0.02407	0.10554	0.03723	0.06805	0.08612	0.03157	0.04539	0.02714	0.01393	0.01221	0.00375	0.01311	0.07833	0.00762	0.01639
55	0.02405	0.01885	0.02168	0.01751	0.02410	0.01693	0.01329	0.10956	0.02735	0.03922	0.03138	0.13771	0.03145	0.10385	0.01734	0.00391	0.00913	0.01344	0.00823	0.33103
56	0.03344	0.07799	0.02794	0.01858	0.02780	0.01954	0.01537	0.04042	0.06895	0.20464	0.02994	0.02942	0.02171	0.01093	0.00949	0.00253	0.00916	0.00868	0.00932	0.33416

[dist]
# distance from previous block
# <min> <max>
0	2

[block]
# block no. 3 follows, 11 sequences, length 10
# corresponding to MSA columns:
# 905-914
name=unknown_D
#
# <colnr> <probs for GDERKNQSTAVLIFYWHMCP>
#	G	D	E	R	K	N	Q	S	T	A	V	L	I	F	Y	W	H	M	C	P
0	0.02312	0.03107	0.17468	0.02113	0.03305	0.01823	0.02151	0.03045	0.02346	0.03638	0.02006	0.02346	0.01597	0.00902	0.00902	0.00222	0.01074	0.00715	0.00611	0.48317
1	0.01916	0.01180	0.01377	0.01310	0.01462	0.01125	0.00833	0.02045	0.02054	0.07376	0.09781	0.07533	0.10107	0.42308	0.04340	0.00864	0.00961	0.01715	0.00848	0.00867
2	0.02384	0.02056	0.02783	0.03407	0.17062	0.02180	0.02098	0.03900	0.20733	0.04038	0.09999	0.11362	0.04604	0.01866	0.01236	0.00388	0.00966	0.06458	0.00965	0.01517
3	0.01969	0.02003	0.08070	0.01820	0.02334	0.01619	0.01575	0.06967	0.08291	0.04092	0.20602	0.17122	0.14465	0.02312	0.01279	0.00380	0.00803	0.01996	0.01056	0.01245
4	0.02753	0.02010	0.02634	0.08748	0.09237	0.02056	0.01951	0.08594	0.10226	0.10365	0.04461	0.10810	0.07916	0.01793	0.01190	0.00366	0.01011	0.05282	0.00958	0.07639
5	0.03807	0.03056	0.07830	0.09050	0.03881	0.08215	0.02237	0.18421	0.03573	0.17491	0.02819	0.02884	0.01965	0.01231	0.01078	0.00323	0.01278	0.00956	0.00949	0.08955
6	0.02924	0.02208	0.02441	0.02005	0.02676	0.02282	0.01589	0.20297	0.10911	0.05152	0.08851	0.08958	0.03674	0.01588	0.01095	0.00319	0.00912	0.01310	0.07160	0.13647
7	0.23964	0.02374	0.03181	0.02394	0.03308	0.02305	0.12022	0.07259	0.02593	0.08763	0.02193	0.02488	0.01650	0.01018	0.00949	0.00302	0.01125	0.00864	0.00756	0.20493
8	0.02627	0.08970	0.02642	0.01786	0.02496	0.02032	0.01460	0.08247	0.06355	0.08147	0.19001	0.04538	0.04800	0.01476	0.01058	0.00284	0.00837	0.01222	0.00971	0.21051
9	0.02308	0.02666	0.12884	0.08174	0.03477	0.02119	0.02184	0.08714	0.11464	0.03906	0.03875	0.20847	0.03766	0.01946	0.01193	0.00378	0.01075	0.01683	0.00870	0.06471

[dist]
# distance from previous block
# <min> <max>
4	9

[block]
# block no. 4 follows, 11 sequences, length 15
# corresponding to MSA columns:
# 924-938
name=unknown_E
#
# <colnr> <probs for GDERKNQSTAVLIFYWHMCP>
#	G	D	E	R	K	N	Q	S	T	A	V	L	I	F	Y	W	H	M	C	P
0	0.08620	0.01828	0.01872	0.01761	0.02159	0.07577	0.01319	0.03004	0.02739	0.13907	0.17127	0.23007	0.06073	0.02273	0.01230	0.00379	0.00861	0.01954	0.01081	0.01229
1	0.03923	0.12535	0.03238	0.01997	0.02919	0.02385	0.01698	0.11109	0.03155	0.25937	0.03088	0.02946	0.02151	0.01177	0.00987	0.00284	0.01013	0.00909	0.01018	0.17529
2	0.08522	0.12729	0.07922	0.02797	0.11782	0.02405	0.02088	0.03541	0.02541	0.12173	0.05732	0.02942	0.02379	0.01118	0.00956	0.00285	0.01064	0.00895	0.00761	0.17368
3	0.08987	0.07567	0.08717	0.02796	0.09477	0.02483	0.02194	0.09246	0.09150	0.13681	0.03447	0.07509	0.02874	0.01546	0.01109	0.00364	0.01109	0.05210	0.00928	0.01607
4	0.02936	0.01608	0.02231	0.13199	0.03345	0.01557	0.01667	0.03428	0.02885	0.22343	0.16296	0.06065	0.14085	0.01828	0.01214	0.00361	0.00897	0.01553	0.01106	0.01396
5	0.04101	0.01867	0.02384	0.01891	0.02635	0.01700	0.01539	0.09489	0.03362	0.36891	0.10538	0.05116	0.10011	0.01677	0.01179	0.00352	0.00891	0.01379	0.01302	0.01696
6	0.02941	0.08574	0.29583	0.09006	0.04697	0.02557	0.07455	0.03892	0.02564	0.14361	0.02529	0.02776	0.01755	0.01126	0.01086	0.00350	0.01479	0.00943	0.00685	0.01642
7	0.10969	0.01877	0.02221	0.01856	0.02517	0.01845	0.01482	0.08374	0.07100	0.28066	0.04119	0.10763	0.03201	0.01627	0.01084	0.00354	0.00878	0.01332	0.08737	0.01599
8	0.01944	0.01102	0.01246	0.01255	0.01518	0.01080	0.00971	0.02470	0.02585	0.04177	0.15732	0.06184	0.05154	0.01756	0.01005	0.00314	0.00585	0.06438	0.43434	0.01051
9	0.03151	0.16406	0.14040	0.10175	0.09917	0.07961	0.02767	0.15171	0.03172	0.04109	0.02076	0.02430	0.01606	0.01125	0.01015	0.00320	0.01429	0.00859	0.00663	0.01608
10	0.10885	0.06671	0.07692	0.14118	0.04187	0.07504	0.02300	0.12785	0.03129	0.16223	0.02620	0.02790	0.01841	0.01211	0.01038	0.00340	0.01294	0.00925	0.00859	0.01587
11	0.02420	0.01481	0.02038	0.01872	0.02065	0.01659	0.01407	0.02658	0.07251	0.08275	0.02590	0.03546	0.02254	0.03674	0.10204	0.34554	0.09356	0.01058	0.00677	0.00962
12	0.02165	0.01405	0.01704	0.01660	0.01994	0.01345	0.01221	0.08236	0.02829	0.09294	0.10074	0.33595	0.14466	0.02795	0.01336	0.00408	0.00738	0.02453	0.01109	0.01172
13	0.16743	0.09002	0.03159	0.11866	0.07044	0.02600	0.02034	0.09899	0.02908	0.20176	0.02736	0.02839	0.01918	0.01196	0.00995	0.00338	0.01123	0.00920	0.00905	0.01599
14	0.07585	0.02356	0.03136	0.09024	0.09423	0.02528	0.05052	0.12230	0.13672	0.11621	0.03473	0.04306	0.02757	0.01481	0.01161	0.00376	0.01157	0.06075	0.00961	0.01628

[dist]
# distance from previous block
# <min> <max>
17	95

[block]
# block no. 5 follows, 11 sequences, length 15
# corresponding to MSA columns:
# 1036-1050
name=unknown_F
#
# <colnr> <probs for GDERKNQSTAVLIFYWHMCP>
#	G	D	E	R	K	N	Q	S	T	A	V	L	I	F	Y	W	H	M	C	P
0	0.22654	0.02062	0.02414	0.12099	0.03495	0.02177	0.01761	0.08095	0.02779	0.16700	0.07394	0.03289	0.02657	0.01277	0.00995	0.00338	0.01008	0.00989	0.00922	0.06895
1	0.19594	0.08416	0.06736	0.02558	0.07187	0.02956	0.02050	0.16667	0.10016	0.09459	0.02633	0.02694	0.01942	0.01218	0.00979	0.00339	0.01109	0.00907	0.00891	0.01650
2	0.30345	0.10676	0.03003	0.06613	0.03145	0.07714	0.05675	0.03440	0.02262	0.07985	0.02108	0.02742	0.01743	0.06776	0.01339	0.00404	0.01196	0.00855	0.00684	0.01293
3	0.02892	0.07510	0.08529	0.28880	0.10353	0.02780	0.02863	0.11061	0.02888	0.08238	0.02310	0.02845	0.01698	0.01156	0.01086	0.00350	0.01384	0.00965	0.00685	0.01527
4	0.02558	0.07277	0.03825	0.15669	0.08771	0.03037	0.06975	0.03726	0.13784	0.03385	0.02469	0.03024	0.01991	0.01407	0.01809	0.00394	0.16719	0.01059	0.00661	0.01459
5	0.01730	0.01214	0.01584	0.01500	0.01786	0.01082	0.01085	0.01985	0.02488	0.03518	0.24459	0.18073	0.06817	0.02652	0.01862	0.13165	0.00692	0.01878	0.00960	0.11467
6	0.02224	0.02162	0.09438	0.06977	0.03080	0.01808	0.01972	0.03266	0.10670	0.07827	0.12662	0.10454	0.04774	0.02968	0.09795	0.00613	0.01318	0.05736	0.00927	0.01329
7	0.01386	0.01018	0.01301	0.01494	0.01621	0.00933	0.01020	0.01625	0.02306	0.03046	0.11171	0.48196	0.14113	0.03320	0.01412	0.00437	0.00630	0.02978	0.01063	0.00933
8	0.03844	0.01705	0.02195	0.01792	0.02452	0.01565	0.01441	0.04544	0.07223	0.34340	0.12731	0.04707	0.04213	0.01550	0.01119	0.00340	0.00817	0.01289	0.10498	0.01635
9	0.01639	0.01127	0.01374	0.01377	0.01461	0.01131	0.00899	0.01808	0.01994	0.02719	0.12369	0.07640	0.05289	0.41103	0.09520	0.00990	0.01175	0.04781	0.00798	0.00805
10	0.03713	0.02007	0.02479	0.02029	0.02705	0.01973	0.01660	0.16266	0.03709	0.24881	0.15549	0.05466	0.04759	0.01762	0.01217	0.00363	0.00940	0.05641	0.01250	0.01628
11	0.03009	0.61122	0.05898	0.01926	0.02889	0.04454	0.01926	0.03370	0.02287	0.02648	0.01565	0.01805	0.01444	0.00963	0.00722	0.00241	0.01204	0.00602	0.00481	0.01444
12	0.14674	0.02373	0.02685	0.02215	0.02856	0.02664	0.01806	0.11325	0.13108	0.13127	0.02896	0.02978	0.02156	0.01412	0.01522	0.00364	0.12006	0.00980	0.00935	0.07916
13	0.03650	0.02268	0.02483	0.01987	0.02667	0.02408	0.01614	0.27575	0.04011	0.12717	0.03274	0.03365	0.02364	0.01344	0.01012	0.00314	0.00958	0.01042	0.23326	0.01622
14	0.07986	0.02752	0.02647	0.02264	0.02792	0.11493	0.01808	0.12274	0.09843	0.09157	0.02845	0.03060	0.02175	0.01427	0.01467	0.00352	0.11051	0.00985	0.12145	0.01478

[dist]
# distance from previous block
# <min> <max>
0	1

[block]
# block no. 6 follows, 11 sequences, length 20
# corresponding to MSA columns:
# 1052-1071
name=unknown_G
#
# <colnr> <probs for GDERKNQSTAVLIFYWHMCP>
#	G	D	E	R	K	N	Q	S	T	A	V	L	I	F	Y	W	H	M	C	P
0	0.15561	0.02566	0.07770	0.02668	0.06678	0.02228	0.06893	0.08263	0.02871	0.19197	0.03063	0.03649	0.02311	0.01313	0.01073	0.00349	0.01152	0.04519	0.00925	0.06951
1	0.09502	0.18415	0.09671	0.02208	0.03127	0.03065	0.02066	0.09180	0.14716	0.12860	0.02970	0.02903	0.02187	0.01235	0.00977	0.00328	0.01112	0.00928	0.00887	0.01662
2	0.02969	0.02366	0.02836	0.02454	0.02725	0.08058	0.01996	0.03300	0.02216	0.12348	0.02451	0.03093	0.02023	0.02655	0.10210	0.00615	0.29289	0.01022	0.06055	0.01318
3	0.02334	0.02001	0.02334	0.01667	0.02667	0.01500	0.01334	0.02834	0.02334	0.03668	0.02001	0.02334	0.01667	0.00834	0.00834	0.00167	0.00834	0.00667	0.00667	0.67325
4	0.51393	0.02336	0.02051	0.01728	0.02476	0.02633	0.01425	0.12063	0.02646	0.09416	0.02010	0.02153	0.01475	0.01130	0.00811	0.00346	0.00946	0.00727	0.00832	0.01404
5	0.01779	0.01008	0.01389	0.01416	0.01493	0.00966	0.00962	0.01504	0.01741	0.02251	0.04142	0.10616	0.11961	0.03674	0.03525	0.47970	0.00869	0.01466	0.00649	0.00618
6	0.03306	0.02188	0.03051	0.02383	0.03156	0.02103	0.08459	0.12344	0.07110	0.17356	0.08217	0.09543	0.03586	0.01561	0.01169	0.00340	0.01051	0.01385	0.01055	0.10636
7	0.01371	0.00979	0.01306	0.01567	0.01632	0.00914	0.01045	0.01567	0.02155	0.02873	0.06203	0.59710	0.07444	0.03526	0.01437	0.00457	0.00653	0.03200	0.01045	0.00914
8	0.01986	0.01812	0.02993	0.47347	0.06620	0.02207	0.02741	0.02634	0.02233	0.02875	0.02778	0.13493	0.02600	0.01569	0.01183	0.00390	0.01344	0.01407	0.00601	0.01188
9	0.04204	0.05364	0.03190	0.02900	0.03480	0.55926	0.02175	0.04494	0.03190	0.02755	0.01740	0.02030	0.01450	0.01160	0.01015	0.00290	0.02030	0.00725	0.00580	0.01305
10	0.01807	0.01119	0.01490	0.01575	0.01773	0.01027	0.01112	0.02111	0.02521	0.08590	0.17580	0.41211	0.07750	0.03002	0.01378	0.00420	0.00654	0.02697	0.01129	0.01054
11	0.02269	0.01208	0.01625	0.01673	0.01935	0.01095	0.01193	0.02523	0.02415	0.15397	0.05773	0.46076	0.06308	0.03006	0.01362	0.00431	0.00727	0.02695	0.01130	0.01158
12	0.01943	0.01476	0.01761	0.01769	0.02052	0.01527	0.01285	0.06921	0.11735	0.03891	0.13783	0.35153	0.06751	0.02740	0.01335	0.00414	0.00730	0.02437	0.01105	0.01193
13	0.01625	0.01108	0.01480	0.01668	0.01781	0.01083	0.01234	0.01832	0.02144	0.02830	0.05236	0.28774	0.05987	0.13950	0.02544	0.06760	0.00895	0.17271	0.00923	0.00874
14	0.03401	0.01521	0.02022	0.01753	0.02306	0.01335	0.01362	0.03764	0.02861	0.31152	0.09485	0.20354	0.09429	0.02195	0.01251	0.00382	0.00802	0.01895	0.01251	0.01478
15	0.04537	0.13087	0.03355	0.02092	0.02985	0.02495	0.01790	0.12868	0.03413	0.36376	0.03603	0.03258	0.02384	0.01306	0.01055	0.00327	0.01053	0.01013	0.01177	0.01828
16	0.02848	0.01542	0.01988	0.01687	0.02185	0.01436	0.01327	0.06967	0.03366	0.19656	0.34245	0.06572	0.07564	0.01952	0.01252	0.00351	0.00716	0.01682	0.01276	0.01387
17	0.02333	0.02112	0.03376	0.52413	0.07340	0.02596	0.03031	0.07395	0.02544	0.03283	0.02068	0.02972	0.01540	0.01147	0.01125	0.00371	0.01475	0.01002	0.00561	0.01314
18	0.01941	0.01153	0.01554	0.01530	0.01608	0.01207	0.01037	0.01966	0.06138	0.02313	0.02591	0.04317	0.02568	0.14576	0.09196	0.42686	0.01182	0.01148	0.00596	0.00692
19	0.11405	0.02814	0.08584	0.26016	0.05601	0.06120	0.11283	0.03242	0.02364	0.03439	0.01977	0.02659	0.01506	0.01051	0.01064	0.00345	0.01477	0.00941	0.00558	0.07553

[dist]
# distance from previous block
# <min> <max>
5	25

[block]
# block no. 7 follows, 11 sequences, length 6
# corresponding to MSA columns:
# 1099-1104
name=unknown_H
#
# <colnr> <probs for GDERKNQSTAVLIFYWHMCP>
#	G	D	E	R	K	N	Q	S	T	A	V	L	I	F	Y	W	H	M	C	P
0	0.01593	0.01150	0.01504	0.01416	0.01681	0.01062	0.01062	0.02124	0.03186	0.04513	0.52830	0.08407	0.10620	0.02301	0.01327	0.00354	0.00531	0.02035	0.01239	0.01062
1	0.02240	0.01244	0.01660	0.01603	0.01916	0.01128	0.01181	0.02614	0.02773	0.14447	0.23481	0.28362	0.07653	0.02607	0.01330	0.00395	0.00672	0.02318	0.01193	0.01184
2	0.02884	0.01280	0.01465	0.01303	0.01727	0.01210	0.01018	0.03385	0.02590	0.17506	0.03876	0.04099	0.02859	0.01333	0.00879	0.00285	0.00640	0.01071	0.49313	0.01280
3	0.02025	0.01223	0.01596	0.01577	0.01883	0.01113	0.01189	0.02413	0.02758	0.11056	0.22852	0.23849	0.12790	0.02671	0.01353	0.00402	0.00681	0.06276	0.01163	0.01128
4	0.02126	0.02001	0.03376	0.57739	0.07752	0.02501	0.03126	0.02876	0.02251	0.02876	0.02001	0.03001	0.01500	0.01125	0.01125	0.00375	0.01500	0.01000	0.00500	0.01250
5	0.03278	0.03264	0.17835	0.03002	0.09443	0.02349	0.02612	0.10821	0.07407	0.16889	0.03404	0.08934	0.02686	0.01480	0.01144	0.00362	0.01210	0.01239	0.00931	0.01711

[dist]
# distance from previous block
# <min> <max>
0	3

[block]
# block no. 8 follows, 11 sequences, length 22
# corresponding to MSA columns:
# 1108-1129
name=unknown_I
#
# <colnr> <probs for GDERKNQSTAVLIFYWHMCP>
#	G	D	E	R	K	N	Q	S	T	A	V	L	I	F	Y	W	H	M	C	P
0	0.14110	0.02725	0.03030	0.23556	0.08593	0.10684	0.02373	0.08493	0.02711	0.03851	0.01974	0.02529	0.01531	0.01101	0.01002	0.00328	0.01359	0.00857	0.00639	0.08554
1	0.14410	0.02293	0.03231	0.11211	0.19395	0.02469	0.02423	0.03933	0.06210	0.14975	0.02658	0.02965	0.01971	0.01229	0.01253	0.00361	0.05634	0.00983	0.00798	0.01599
2	0.68395	0.02177	0.01654	0.01480	0.02177	0.02525	0.01219	0.03309	0.01915	0.05050	0.01567	0.01828	0.01219	0.01045	0.00697	0.00348	0.00871	0.00609	0.00697	0.01219
3	0.02052	0.01918	0.03122	0.45364	0.10148	0.02276	0.02803	0.02726	0.02322	0.02960	0.03446	0.04182	0.09385	0.01380	0.01156	0.00373	0.01346	0.01211	0.00588	0.01243
4	0.01537	0.01112	0.01395	0.01402	0.01583	0.01058	0.00981	0.01859	0.02498	0.03418	0.25749	0.16921	0.12654	0.15656	0.06585	0.00648	0.00872	0.02120	0.01014	0.00938
5	0.02999	0.29915	0.11903	0.02063	0.02987	0.03184	0.02073	0.08440	0.02785	0.08061	0.06148	0.02937	0.02470	0.01200	0.00908	0.00289	0.01129	0.00887	0.08124	0.01496
6	0.03344	0.01827	0.02279	0.01738	0.02532	0.01501	0.01366	0.03741	0.02592	0.24221	0.03240	0.03718	0.02498	0.10172	0.01704	0.00383	0.00924	0.01006	0.00968	0.30245
7	0.03050	0.09395	0.12322	0.09597	0.11811	0.02841	0.07102	0.07351	0.06292	0.10904	0.02549	0.02881	0.01899	0.01214	0.01292	0.00355	0.05787	0.00999	0.00731	0.01628
8	0.03982	0.02013	0.02791	0.15842	0.04089	0.02039	0.02038	0.04915	0.10341	0.33936	0.03858	0.03682	0.02567	0.01347	0.01132	0.00360	0.01082	0.01121	0.01134	0.01730
9	0.03048	0.02031	0.02134	0.01790	0.02347	0.02203	0.01429	0.22026	0.08137	0.05420	0.03363	0.03590	0.02543	0.01348	0.00958	0.00304	0.00848	0.01055	0.33957	0.01469
10	0.01513	0.01138	0.01589	0.07838	0.02332	0.01130	0.01283	0.01857	0.02430	0.03294	0.17691	0.40182	0.07591	0.02942	0.01374	0.00421	0.00717	0.02654	0.01033	0.00990
11	0.02146	0.01654	0.02261	0.02553	0.10332	0.01730	0.01618	0.02716	0.06256	0.06633	0.13655	0.14040	0.09606	0.11056	0.02213	0.00498	0.07117	0.01782	0.00917	0.01218
12	0.01492	0.01045	0.01340	0.01529	0.01597	0.01004	0.01029	0.01670	0.02060	0.02737	0.05446	0.40189	0.06416	0.19148	0.02631	0.00638	0.00815	0.07407	0.00944	0.00864
13	0.02971	0.08405	0.09473	0.03313	0.11129	0.02946	0.06117	0.07810	0.19687	0.07329	0.03066	0.03195	0.02330	0.01310	0.01303	0.00362	0.05654	0.01073	0.00837	0.01692
14	0.01824	0.01432	0.02267	0.02007	0.02382	0.01355	0.08528	0.02380	0.02803	0.03974	0.26876	0.13392	0.07369	0.02248	0.01316	0.00386	0.00835	0.09082	0.08434	0.01110
15	0.02846	0.02180	0.06669	0.07326	0.03252	0.01947	0.05401	0.10614	0.03156	0.13010	0.16280	0.04909	0.04521	0.06033	0.01515	0.00404	0.01044	0.01364	0.06114	0.01415
16	0.01591	0.01303	0.02114	0.02023	0.02247	0.01225	0.08392	0.01885	0.02187	0.02925	0.05373	0.46508	0.06277	0.08072	0.01793	0.00500	0.00881	0.02778	0.00941	0.00986
17	0.02334	0.02001	0.02334	0.01667	0.02667	0.01500	0.01334	0.02834	0.02334	0.03668	0.02001	0.02334	0.01667	0.00834	0.00834	0.00167	0.00834	0.00667	0.00667	0.67325
18	0.03130	0.11539	0.07261	0.02798	0.10993	0.02300	0.02065	0.07130	0.02895	0.16793	0.08989	0.12192	0.03829	0.01661	0.01128	0.00346	0.01041	0.01412	0.00950	0.01551
19	0.01797	0.01476	0.01900	0.02280	0.09598	0.01445	0.01386	0.02418	0.07855	0.03261	0.09950	0.18866	0.18372	0.11910	0.02016	0.00504	0.00823	0.02077	0.00937	0.01128
20	0.03141	0.17716	0.03433	0.02028	0.02900	0.10737	0.01699	0.03867	0.08059	0.08879	0.02404	0.02524	0.01897	0.01055	0.00900	0.00248	0.01131	0.00778	0.00739	0.25864
21	0.02904	0.14108	0.15056	0.02608	0.07098	0.02653	0.02361	0.07310	0.07342	0.09386	0.06904	0.03171	0.02663	0.01217	0.01014	0.00306	0.01153	0.00970	0.00789	0.10985

[dist]
# distance from previous block
# <min> <max>
2	19

[block]
# block no. 9 follows, 11 sequences, length 92
# corresponding to MSA columns:
# 1180-1271
name=unknown_J
#
# <colnr> <probs for GDERKNQSTAVLIFYWHMCP>
#	G	D	E	R	K	N	Q	S	T	A	V	L	I	F	Y	W	H	M	C	P
0	0.08340	0.01753	0.02096	0.01690	0.02387	0.01520	0.01336	0.03277	0.02516	0.16104	0.07114	0.04625	0.03315	0.08957	0.01623	0.00389	0.00893	0.04651	0.00926	0.26488
1	0.03019	0.08057	0.09104	0.03488	0.17632	0.02382	0.02406	0.03889	0.07256	0.12154	0.02654	0.02851	0.02011	0.01081	0.01010	0.00294	0.01130	0.00912	0.00765	0.17904
2	0.09620	0.01565	0.01925	0.01637	0.02181	0.01460	0.01278	0.03743	0.02772	0.26717	0.12180	0.09023	0.04413	0.06346	0.01466	0.00405	0.00810	0.01420	0.09618	0.01420
3	0.12403	0.01315	0.01451	0.01368	0.01728	0.01276	0.01044	0.02209	0.02847	0.04288	0.35688	0.07853	0.18090	0.02213	0.01225	0.00359	0.00595	0.01876	0.01110	0.01064
4	0.68395	0.02177	0.01654	0.01480	0.02177	0.02525	0.01219	0.03309	0.01915	0.05050	0.01567	0.01828	0.01219	0.01045	0.00697	0.00348	0.00871	0.00609	0.00697	0.01219
5	0.01955	0.00978	0.01466	0.01466	0.01466	0.00978	0.00978	0.01466	0.01466	0.01955	0.01955	0.03421	0.01955	0.03910	0.04399	0.67253	0.00978	0.00978	0.00489	0.00489
6	0.02257	0.05822	0.54613	0.03208	0.04871	0.02614	0.04158	0.03564	0.02376	0.03564	0.02020	0.02376	0.01426	0.01069	0.01069	0.00356	0.01663	0.00832	0.00475	0.01663
7	0.02500	0.01915	0.02573	0.17911	0.04034	0.01864	0.01889	0.06496	0.02679	0.07967	0.07488	0.08063	0.03074	0.01371	0.01063	0.00298	0.01023	0.01172	0.00802	0.25820
