[name]
unknown

[dist]
# distance from previous block
# <min> <max>
0	71

[block]
# block no. 0 follows, 15 sequences, length 94
# corresponding to MSA columns:
# 77-170
name=unknown_A
#
# <colnr> <probs for GDERKNQSTAVLIFYWHMCP>
#	G	D	E	R	K	N	Q	S	T	A	V	L	I	F	Y	W	H	M	C	P
0	0.02181	0.02181	0.03053	0.02617	0.02617	0.03053	0.02181	0.02399	0.01527	0.02399	0.01309	0.02181	0.01309	0.01745	0.03272	0.00436	0.63141	0.00872	0.00436	0.01091
1	0.01995	0.01890	0.03252	0.45401	0.15687	0.02192	0.05686	0.02644	0.02082	0.02737	0.02027	0.03171	0.01664	0.01080	0.01029	0.00334	0.01297	0.04153	0.00486	0.01193
2	0.02503	0.45292	0.04468	0.01924	0.02561	0.03550	0.01794	0.02805	0.01901	0.02417	0.01391	0.01778	0.01299	0.01074	0.01319	0.00266	0.16929	0.00624	0.00439	0.05665
3	0.02603	0.02581	0.12372	0.02092	0.02810	0.02247	0.01900	0.14810	0.23771	0.07804	0.08196	0.08236	0.03252	0.01441	0.01033	0.00327	0.00933	0.01196	0.00921	0.01475
4	0.02651	0.01754	0.02127	0.01549	0.02407	0.01362	0.01250	0.03080	0.02258	0.16882	0.02296	0.02389	0.01717	0.00859	0.00802	0.00187	0.00765	0.00691	0.00747	0.54229
5	0.02219	0.07584	0.23429	0.02938	0.07850	0.02697	0.05836	0.03156	0.08547	0.02993	0.01902	0.02353	0.01533	0.01232	0.01691	0.00349	0.20979	0.00851	0.00508	0.01352
6	0.03553	0.14589	0.03213	0.02429	0.02997	0.51739	0.01891	0.03820	0.02696	0.02425	0.01516	0.01766	0.01283	0.00999	0.00857	0.00250	0.01679	0.00624	0.00500	0.01176
7	0.03724	0.04751	0.02825	0.02568	0.03082	0.60963	0.01926	0.03981	0.02825	0.02440	0.01541	0.01798	0.01284	0.01027	0.00899	0.00257	0.01798	0.00642	0.00514	0.01156
8	0.03104	0.10061	0.02470	0.01680	0.02226	0.01857	0.01358	0.11538	0.02498	0.21477	0.02514	0.02799	0.01891	0.01860	0.01862	0.22864	0.00916	0.00855	0.00794	0.05375
9	0.03256	0.09817	0.15238	0.02275	0.03183	0.06204	0.02177	0.24718	0.08121	0.11614	0.02452	0.02458	0.01753	0.01115	0.00945	0.00296	0.01157	0.00843	0.00817	0.01562
10	0.01910	0.01557	0.01769	0.01762	0.02099	0.01711	0.01326	0.03489	0.30675	0.03432	0.04725	0.27995	0.04664	0.02166	0.01147	0.00375	0.00718	0.06287	0.00971	0.01220
11	0.02417	0.02875	0.16330	0.02665	0.10766	0.02174	0.02215	0.10301	0.13523	0.03815	0.02334	0.02508	0.01785	0.00994	0.00913	0.00267	0.01034	0.00816	0.00676	0.21597
12	0.01553	0.00929	0.01165	0.01165	0.01165	0.00929	0.00700	0.01394	0.01394	0.01859	0.02622	0.05238	0.02928	0.42333	0.04641	0.26737	0.00929	0.01235	0.00541	0.00541
13	0.02587	0.42248	0.16637	0.02024	0.02982	0.03399	0.02137	0.07080	0.07087	0.02972	0.01783	0.01954	0.01462	0.00943	0.00766	0.00253	0.01132	0.00656	0.00519	0.01378
14	0.01447	0.00971	0.01107	0.01100	0.01119	0.00964	0.00631	0.01484	0.01558	0.02095	0.07477	0.06596	0.04079	0.60011	0.04767	0.00915	0.00927	0.01478	0.00643	0.00631
15	0.02707	0.07184	0.07701	0.02097	0.02835	0.02627	0.01815	0.15622	0.33000	0.04342	0.03144	0.03021	0.02357	0.01204	0.00958	0.00306	0.00933	0.00963	0.00886	0.06297
16	0.02369	0.10123	0.29389	0.02830	0.11466	0.02222	0.02690	0.03146	0.02179	0.08074	0.01945	0.02210	0.01459	0.00912	0.00884	0.00268	0.01187	0.00732	0.00538	0.15377
17	0.03857	0.02571	0.15291	0.02059	0.02991	0.01800	0.02002	0.08941	0.02847	0.42097	0.03315	0.03015	0.02129	0.01166	0.00990	0.00309	0.01011	0.00933	0.01030	0.01646
18	0.03399	0.03855	0.02580	0.02324	0.02837	0.43563	0.01760	0.04036	0.10280	0.06691	0.07055	0.02670	0.02324	0.01175	0.00946	0.00277	0.01477	0.00836	0.00683	0.01232
19	0.01793	0.01561	0.06200	0.07444	0.06672	0.01432	0.01747	0.02255	0.01992	0.06311	0.03466	0.12609	0.03444	0.03969	0.22629	0.00819	0.01597	0.12318	0.00692	0.01051
20	0.02406	0.02645	0.13525	0.03537	0.23961	0.01997	0.02400	0.03209	0.06265	0.07284	0.02136	0.02441	0.01662	0.00914	0.00910	0.00260	0.01054	0.00798	0.00600	0.21997
21	0.01944	0.01756	0.02765	0.21083	0.22508	0.01884	0.02229	0.02625	0.05931	0.03085	0.09852	0.11056	0.06233	0.01451	0.01060	0.00327	0.01002	0.01317	0.00664	0.01228
22	0.01966	0.01145	0.01491	0.01332	0.01676	0.01031	0.01024	0.02403	0.02784	0.14269	0.44274	0.06857	0.11960	0.01926	0.01144	0.00314	0.00544	0.01677	0.01109	0.01074
23	0.03071	0.13385	0.10277	0.06546	0.07358	0.17523	0.06102	0.03560	0.02399	0.13175	0.02046	0.02292	0.01542	0.01051	0.01076	0.00292	0.05554	0.00791	0.00610	0.01350
24	0.02394	0.11766	0.36785	0.02953	0.10571	0.02461	0.03009	0.03432	0.06238	0.08113	0.02107	0.02320	0.01542	0.00983	0.00924	0.00302	0.01281	0.00783	0.00546	0.01490
25	0.01197	0.01011	0.01036	0.01029	0.01358	0.00849	0.00772	0.01467	0.02316	0.02797	0.13944	0.09422	0.54432	0.02486	0.01178	0.00335	0.00502	0.02080	0.00939	0.00849
26	0.01247	0.00952	0.01155	0.01302	0.01481	0.00861	0.00943	0.01482	0.02086	0.02650	0.07151	0.38171	0.25399	0.02862	0.01250	0.00386	0.00591	0.08272	0.00925	0.00834
27	0.03567	0.02535	0.10305	0.07758	0.07479	0.02191	0.02119	0.19247	0.03177	0.27098	0.02851	0.02794	0.01914	0.01138	0.00992	0.00308	0.01072	0.00918	0.00932	0.01606
28	0.01929	0.01820	0.03074	0.58059	0.11011	0.02227	0.02792	0.02588	0.02015	0.02604	0.01780	0.02643	0.01349	0.00988	0.00996	0.00329	0.01317	0.00886	0.00447	0.01145
29	0.01426	0.01060	0.01561	0.01561	0.01725	0.01224	0.01195	0.01754	0.01590	0.02284	0.02708	0.04125	0.02583	0.12070	0.56545	0.01551	0.02534	0.01099	0.00540	0.00867
30	0.02067	0.01772	0.02067	0.01477	0.02362	0.01329	0.01181	0.02510	0.02067	0.03248	0.01772	0.02067	0.01477	0.00738	0.00738	0.00148	0.00738	0.00591	0.00591	0.71059
31	0.02431	0.02262	0.06346	0.01840	0.02671	0.01964	0.01569	0.11311	0.16654	0.03941	0.02458	0.02546	0.01900	0.00981	0.00864	0.00232	0.00858	0.00786	0.00750	0.37635
32	0.03724	0.04751	0.02825	0.02568	0.03082	0.60963	0.01926	0.03981	0.02825	0.02440	0.01541	0.01798	0.01284	0.01027	0.00899	0.00257	0.01798	0.00642	0.00514	0.01156
33	0.01424	0.01068	0.01602	0.01602	0.01780	0.01246	0.01246	0.01780	0.01602	0.02314	0.02670	0.03916	0.02492	0.07477	0.61015	0.01602	0.02670	0.01068	0.00534	0.00890
34	0.02459	0.02391	0.04176	0.05983	0.54954	0.02379	0.06748	0.03069	0.02276	0.03252	0.01885	0.02483	0.01574	0.00885	0.01000	0.00299	0.01219	0.00909	0.00494	0.01562
35	0.03214	0.01867	0.03077	0.24496	0.04519	0.01893	0.09679	0.03768	0.02465	0.30395	0.02861	0.03021	0.01911	0.01090	0.01025	0.00321	0.01145	0.00985	0.00838	0.01429
36	0.03790	0.02792	0.02992	0.02294	0.03091	0.03091	0.01895	0.55423	0.04687	0.06283	0.02393	0.02393	0.01695	0.01197	0.00997	0.00299	0.01097	0.00898	0.00997	0.01695
37	0.04473	0.01697	0.02313	0.01774	0.02545	0.01465	0.01465	0.04858	0.02853	0.59437	0.03933	0.03393	0.02468	0.01234	0.01003	0.00308	0.00848	0.01003	0.01234	0.01697
38	0.01479	0.01057	0.01352	0.01449	0.01688	0.01005	0.01180	0.01886	0.02376	0.03206	0.18694	0.12811	0.15766	0.02438	0.01232	0.00381	0.00679	0.23897	0.06522	0.00904
39	0.01178	0.01010	0.01010	0.01010	0.01347	0.00842	0.00757	0.01431	0.02272	0.02693	0.10099	0.09594	0.58342	0.02525	0.01178	0.00337	0.00505	0.02104	0.00926	0.00842
40	0.02067	0.01772	0.02067	0.01477	0.02362	0.01329	0.01181	0.02510	0.02067	0.03248	0.01772	0.02067	0.01477	0.00738	0.00738	0.00148	0.00738	0.00591	0.00591	0.71059
41	0.01265	0.00906	0.01202	0.01354	0.01457	0.00843	0.00929	0.01515	0.02143	0.02917	0.19015	0.49732	0.07315	0.02845	0.01248	0.00381	0.00551	0.02570	0.00969	0.00843
42	0.01215	0.00868	0.01157	0.01388	0.01446	0.00810	0.00925	0.01388	0.01909	0.02545	0.05495	0.64315	0.06593	0.03123	0.01272	0.00405	0.00578	0.02834	0.00925	0.00810
43	0.02665	0.65565	0.05224	0.01706	0.02559	0.03945	0.01706	0.02985	0.02026	0.02345	0.01386	0.01599	0.01279	0.00853	0.00640	0.00213	0.01066	0.00533	0.00426	0.01279
44	0.01290	0.00926	0.01224	0.01337	0.01463	0.00860	0.00931	0.01577	0.02259	0.03103	0.25737	0.42482	0.07673	0.02707	0.01235	0.00370	0.00537	0.02438	0.00991	0.00860
45	0.04104	0.01672	0.02232	0.01749	0.02465	0.01489	0.01431	0.04652	0.06326	0.51522	0.08215	0.03733	0.03051	0.01305	0.01017	0.00311	0.00815	0.01074	0.01209	0.01629
46	0.02353	0.02689	0.05882	0.04202	0.05210	0.02521	0.55126	0.03193	0.02353	0.03193	0.02017	0.02689	0.01513	0.00840	0.01176	0.00336	0.01681	0.01176	0.00504	0.01345
47	0.02318	0.02622	0.05670	0.08490	0.05332	0.02499	0.51279	0.03146	0.02327	0.03146	0.01999	0.02687	0.01499	0.00852	0.01163	0.00336	0.01655	0.01155	0.00500	0.01327
48	0.02416	0.02659	0.08767	0.03763	0.04724	0.02328	0.43959	0.03215	0.02366	0.06999	0.02389	0.03373	0.01894	0.01025	0.01166	0.00343	0.01551	0.05140	0.00581	0.01343
49	0.03724	0.04751	0.02825	0.02568	0.03082	0.60963	0.01926	0.03981	0.02825	0.02440	0.01541	0.01798	0.01284	0.01027	0.00899	0.00257	0.01798	0.00642	0.00514	0.01156
50	0.25130	0.14207	0.09905	0.02326	0.07744	0.02540	0.05472	0.07000	0.02284	0.11959	0.01968	0.02138	0.01460	0.00970	0.00815	0.00292	0.01043	0.00730	0.00658	0.01360
51	0.72007	0.01928	0.01465	0.01311	0.01928	0.02236	0.01080	0.02930	0.01697	0.04473	0.01388	0.01619	0.01080	0.00925	0.00617	0.00308	0.00771	0.00540	0.00617	0.01080
52	0.01721	0.01127	0.01630	0.01560	0.01596	0.01305	0.01138	0.01587	0.01409	0.01974	0.01957	0.03323	0.01954	0.08370	0.15657	0.40309	0.11319	0.00950	0.00466	0.00646
53	0.01215	0.00868	0.01157	0.01388	0.01446	0.00810	0.00925	0.01388	0.01909	0.02545	0.05495	0.64315	0.06593	0.03123	0.01272	0.00405	0.00578	0.02834	0.00925	0.00810
54	0.03494	0.02645	0.02825	0.02234	0.02979	0.02953	0.01823	0.44104	0.16487	0.05806	0.02769	0.02693	0.02000	0.01232	0.01001	0.00308	0.01027	0.00949	0.01001	0.01669
55	0.01255	0.00899	0.01193	0.01360	0.01455	0.00837	0.00929	0.01490	0.02097	0.02844	0.16368	0.52587	0.07173	0.02899	0.01252	0.00386	0.00556	0.02621	0.00961	0.00837
56	0.03693	0.02332	0.02946	0.02260	0.03043	0.06748	0.08674	0.14956	0.06335	0.28917	0.03015	0.02886	0.02047	0.01128	0.00997	0.00296	0.01074	0.00952	0.00970	0.06729
57	0.03557	0.01494	0.02030	0.01679	0.02276	0.01316	0.01366	0.03945	0.02730	0.42609	0.11670	0.09123	0.04019	0.01618	0.01079	0.00330	0.00782	0.05754	0.01164	0.01458
58	0.01563	0.01117	0.01557	0.01787	0.01997	0.01110	0.01532	0.01991	0.02252	0.02935	0.05302	0.17081	0.05831	0.02794	0.01365	0.00453	0.00881	0.46626	0.00919	0.00906
59	0.03724	0.04751	0.02825	0.02568	0.03082	0.60963	0.01926	0.03981	0.02825	0.02440	0.01541	0.01798	0.01284	0.01027	0.00899	0.00257	0.01798	0.00642	0.00514	0.01156
60	0.01999	0.01915	0.03088	0.43992	0.09949	0.02425	0.02653	0.02553	0.01905	0.02568	0.01671	0.02530	0.01344	0.01165	0.01532	0.00354	0.15889	0.00883	0.00445	0.01141
61	0.01373	0.01018	0.01280	0.01215	0.01466	0.00925	0.00911	0.01808	0.02733	0.03786	0.50413	0.07795	0.17346	0.02117	0.01176	0.00317	0.00476	0.01852	0.01070	0.00925
62	0.04473	0.01697	0.02313	0.01774	0.02545	0.01465	0.01465	0.04858	0.02853	0.59437	0.03933	0.03393	0.02468	0.01234	0.01003	0.00308	0.00848	0.01003	0.01234	0.01697
63	0.02358	0.09201	0.28226	0.03924	0.22604	0.02543	0.07233	0.06433	0.02337	0.03321	0.01839	0.02247	0.01419	0.00926	0.00955	0.00301	0.01332	0.00815	0.00489	0.01496
64	0.01304	0.00995	0.01204	0.01235	0.01470	0.00894	0.00919	0.01639	0.02414	0.03186	0.27405	0.19705	0.25667	0.02471	0.01209	0.00350	0.00534	0.05528	0.00991	0.00879
65	0.01259	0.00883	0.01128	0.01324	0.01417	0.00821	0.00895	0.01460	0.01951	0.02643	0.05698	0.55490	0.10431	0.02931	0.01223	0.00387	0.00564	0.02636	0.06038	0.00821
66	0.07198	0.26558	0.36125	0.02326	0.03517	0.02893	0.02791	0.03079	0.02047	0.02960	0.01616	0.01889	0.01256	0.00912	0.00814	0.00278	0.01278	0.00650	0.00437	0.01376
67	0.01505	0.01081	0.01464	0.01534	0.01767	0.01040	0.01261	0.01970	0.02568	0.03510	0.32741	0.09275	0.07640	0.02383	0.01273	0.00384	0.00686	0.25979	0.01011	0.00930
68	0.03708	0.01793	0.02533	0.01891	0.02709	0.01514	0.05619	0.04144	0.02619	0.41050	0.03245	0.03008	0.02146	0.01080	0.00951	0.00271	0.00886	0.00914	0.01017	0.18901
69	0.02051	0.02584	0.15924	0.01804	0.02831	0.01566	0.01782	0.02665	0.02076	0.03227	0.01776	0.02076	0.01425	0.00788	0.00788	0.00188	0.00915	0.00626	0.00550	0.54357
70	0.01178	0.01010	0.01010	0.01010	0.01347	0.00842	0.00757	0.01431	0.02272	0.02693	0.10099	0.09594	0.58342	0.02525	0.01178	0.00337	0.00505	0.02104	0.00926	0.00842
71	0.01883	0.01772	0.02990	0.62569	0.06866	0.02215	0.02769	0.02547	0.01993	0.02547	0.01772	0.02658	0.01329	0.00997	0.00997	0.00332	0.01329	0.00886	0.00443	0.01107
72	0.01411	0.01019	0.01333	0.01254	0.01489	0.00941	0.00941	0.01881	0.02822	0.03998	0.58221	0.07447	0.09406	0.02038	0.01176	0.00314	0.00470	0.01803	0.01097	0.00941
73	0.01426	0.01062	0.01569	0.01569	0.01736	0.01228	0.01205	0.01759	0.01592	0.02290	0.02700	0.04084	0.02565	0.11171	0.57420	0.01561	0.02561	0.01093	0.00539	0.00872
74	0.01999	0.05157	0.59800	0.02841	0.04315	0.02315	0.03683	0.03157	0.02105	0.03157	0.01789	0.02105	0.01263	0.00947	0.00947	0.00316	0.01473	0.00737	0.00421	0.01473
75	0.01411	0.01019	0.01333	0.01254	0.01489	0.00941	0.00941	0.01881	0.02822	0.03998	0.58221	0.07447	0.09406	0.02038	0.01176	0.00314	0.00470	0.01803	0.01097	0.00941
76	0.04473	0.01697	0.02313	0.01774	0.02545	0.01465	0.01465	0.04858	0.02853	0.59437	0.03933	0.03393	0.02468	0.01234	0.01003	0.00308	0.00848	0.01003	0.01234	0.01697
77	0.02583	0.02193	0.02312	0.02050	0.02632	0.02528	0.01603	0.09243	0.52831	0.04337	0.03926	0.03615	0.02937	0.01340	0.01013	0.00335	0.00813	0.01109	0.01013	0.01587
78	0.01450	0.00966	0.01087	0.01087	0.01087	0.00966	0.00604	0.01450	0.01450	0.01933	0.03141	0.06524	0.03624	0.64965	0.05074	0.00966	0.00966	0.01450	0.00604	0.00604
79	0.01424	0.01068	0.01602	0.01602	0.01780	0.01246	0.01246	0.01780	0.01602	0.02314	0.02670	0.03916	0.02492	0.07477	0.61015	0.01602	0.02670	0.01068	0.00534	0.00890
80	0.03065	0.02432	0.02584	0.02147	0.02815	0.02753	0.01719	0.27689	0.33601	0.05114	0.03314	0.03127	0.02441	0.01283	0.01007	0.00321	0.00927	0.01025	0.01007	0.01630
81	0.01606	0.01147	0.01606	0.01836	0.02065	0.01147	0.01606	0.02065	0.02295	0.02983	0.05278	0.11245	0.05737	0.02754	0.01377	0.00459	0.00918	0.52037	0.00918	0.00918
82	0.01450	0.00966	0.01087	0.01087	0.01087	0.00966	0.00604	0.01450	0.01450	0.01933	0.03141	0.06524	0.03624	0.64965	0.05074	0.00966	0.00966	0.01450	0.00604	0.00604
83	0.03724	0.04751	0.02825	0.02568	0.03082	0.60963	0.01926	0.03981	0.02825	0.02440	0.01541	0.01798	0.01284	0.01027	0.00899	0.00257	0.01798	0.00642	0.00514	0.01156
84	0.01883	0.01772	0.02990	0.62569	0.06866	0.02215	0.02769	0.02547	0.01993	0.02547	0.01772	0.02658	0.01329	0.00997	0.00997	0.00332	0.01329	0.00886	0.00443	0.01107
85	0.03040	0.02558	0.03406	0.02639	0.03408	0.02764	0.13824	0.27355	0.21114	0.04899	0.02848	0.02890	0.02091	0.01167	0.01043	0.00320	0.01129	0.01035	0.00891	0.01578
86	0.02357	0.02205	0.03503	0.04844	0.43261	0.02083	0.02544	0.02909	0.02214	0.03255	0.01847	0.02357	0.01551	0.00847	0.00919	0.00255	0.01062	0.00806	0.00520	0.20662
87	0.01376	0.01060	0.01285	0.01348	0.01627	0.00969	0.01091	0.01745	0.02393	0.03063	0.18341	0.09727	0.29897	0.02504	0.01247	0.00375	0.00642	0.19463	0.00958	0.00889
88	0.72007	0.01928	0.01465	0.01311	0.01928	0.02236	0.01080	0.02930	0.01697	0.04473	0.01388	0.01619	0.01080	0.00925	0.00617	0.00308	0.00771	0.00540	0.00617	0.01080
89	0.02524	0.02358	0.03894	0.09835	0.50955	0.02411	0.02953	0.06896	0.02429	0.03430	0.01906	0.02475	0.01570	0.00919	0.00988	0.00299	0.01188	0.00889	0.00527	0.01554
90	0.01390	0.01036	0.01530	0.01568	0.01726	0.01176	0.01194	0.01717	0.01652	0.02352	0.03127	0.13687	0.03156	0.06772	0.51350	0.01408	0.02332	0.01354	0.00597	0.00877
91	0.02181	0.02181	0.03053	0.02617	0.02617	0.03053	0.02181	0.02399	0.01527	0.02399	0.01309	0.02181	0.01309	0.01745	0.03272	0.00436	0.63141	0.00872	0.00436	0.01091
92	0.01392	0.01018	0.01307	0.01235	0.01478	0.00933	0.00926	0.01845	0.02778	0.03893	0.54376	0.07618	0.13316	0.02077	0.01176	0.00315	0.00473	0.01827	0.01084	0.00933
93	0.01610	0.01215	0.01830	0.01937	0.02197	0.01197	0.04967	0.02061	0.02255	0.02947	0.05093	0.16717	0.05563	0.02673	0.01352	0.00445	0.00928	0.43187	0.00892	0.00933

[dist]
# distance from previous block
# <min> <max>
0	10

[block]
# block no. 1 follows, 15 sequences, length 81
# corresponding to MSA columns:
# 181-261
name=unknown_B
#
# <colnr> <probs for GDERKNQSTAVLIFYWHMCP>
#	G	D	E	R	K	N	Q	S	T	A	V	L	I	F	Y	W	H	M	C	P
0	0.72007	0.01928	0.01465	0.01311	0.01928	0.02236	0.01080	0.02930	0.01697	0.04473	0.01388	0.01619	0.01080	0.00925	0.00617	0.00308	0.00771	0.00540	0.00617	0.01080
1	0.04133	0.02241	0.02650	0.02032	0.02816	0.02273	0.01679	0.29976	0.03764	0.33033	0.03168	0.02897	0.02084	0.01215	0.01000	0.00304	0.00972	0.00950	0.01116	0.01696
2	0.02115	0.02570	0.11809	0.30255	0.15318	0.02329	0.15462	0.02878	0.02144	0.02913	0.01851	0.02554	0.01408	0.00933	0.01031	0.00324	0.01408	0.00935	0.00463	0.01299
3	0.32199	0.16053	0.11411	0.02328	0.09890	0.02699	0.01925	0.07323	0.02148	0.03816	0.01594	0.01861	0.01265	0.00931	0.00750	0.00287	0.01019	0.00642	0.00563	0.01296
4	0.01195	0.01011	0.01033	0.01028	0.01357	0.00849	0.00771	0.01463	0.02312	0.02788	0.13584	0.09438	0.54798	0.02489	0.01178	0.00335	0.00502	0.02082	0.00938	0.00849
5	0.02127	0.03904	0.36353	0.02465	0.03487	0.06358	0.02796	0.07182	0.02244	0.03151	0.02042	0.02562	0.01609	0.02615	0.16052	0.00634	0.01767	0.00826	0.00504	0.01322
6	0.02649	0.03164	0.21209	0.08191	0.21813	0.02290	0.06777	0.07624	0.02482	0.10980	0.02171	0.02503	0.01586	0.00983	0.00992	0.00310	0.01270	0.00878	0.00609	0.01519
7	0.04473	0.01697	0.02313	0.01774	0.02545	0.01465	0.01465	0.04858	0.02853	0.59437	0.03933	0.03393	0.02468	0.01234	0.01003	0.00308	0.00848	0.01003	0.01234	0.01697
8	0.01242	0.00927	0.01156	0.01280	0.01432	0.00841	0.00891	0.01488	0.02156	0.02843	0.16143	0.41853	0.18524	0.02793	0.01234	0.00373	0.00542	0.02485	0.00957	0.00841
9	0.02892	0.02839	0.11418	0.02990	0.13659	0.02597	0.02267	0.25500	0.12968	0.04727	0.05970	0.02913	0.02327	0.01181	0.01002	0.00309	0.01076	0.00969	0.00825	0.01572
10	0.02478	0.12757	0.22513	0.07655	0.17134	0.02687	0.06651	0.10373	0.02504	0.03457	0.01849	0.02237	0.01424	0.00950	0.00938	0.00296	0.01296	0.00807	0.00527	0.01466
11	0.02041	0.01925	0.02716	0.02374	0.02399	0.02633	0.01950	0.02228	0.01520	0.02336	0.01532	0.02489	0.01507	0.02679	0.11404	0.05996	0.49911	0.00899	0.00450	0.01012
12	0.01299	0.00928	0.01254	0.01485	0.01580	0.00883	0.01073	0.01535	0.01992	0.02640	0.05448	0.52826	0.06408	0.03043	0.01295	0.00417	0.00652	0.13486	0.00924	0.00833
13	0.66270	0.01964	0.01678	0.01708	0.06615	0.02247	0.01243	0.02941	0.01744	0.04372	0.01428	0.01689	0.01121	0.00922	0.00647	0.00307	0.00805	0.00569	0.00607	0.01121
14	0.01292	0.01014	0.01168	0.01129	0.01416	0.00890	0.00847	0.01651	0.02541	0.03332	0.33652	0.08543	0.34391	0.02287	0.01177	0.00325	0.00488	0.01957	0.01010	0.00890
15	0.11933	0.14378	0.07572	0.03193	0.18721	0.02711	0.02215	0.02793	0.01992	0.03090	0.05514	0.02438	0.01912	0.01178	0.01430	0.00318	0.15986	0.00822	0.00521	0.01283
16	0.01743	0.01511	0.02334	0.03094	0.22245	0.01532	0.01775	0.02161	0.02058	0.02842	0.07336	0.08587	0.12738	0.03596	0.21098	0.00748	0.01476	0.01348	0.00649	0.01128
17	0.46515	0.01581	0.01329	0.01230	0.01624	0.01778	0.00908	0.02395	0.01607	0.03555	0.02021	0.03391	0.01999	0.24063	0.02227	0.00546	0.00842	0.00869	0.00612	0.00908
18	0.07337	0.03840	0.31933	0.03322	0.04529	0.02399	0.25958	0.03156	0.02183	0.03270	0.01859	0.02324	0.01358	0.00899	0.01023	0.00324	0.01512	0.00914	0.00472	0.01388
19	0.02657	0.02374	0.02345	0.02085	0.02661	0.06756	0.01624	0.08545	0.49541	0.04186	0.03764	0.03492	0.02826	0.01319	0.01005	0.00330	0.00883	0.01077	0.00977	0.01555
20	0.02480	0.02141	0.02254	0.02029	0.02592	0.02480	0.01578	0.05297	0.56946	0.04170	0.04057	0.03719	0.03043	0.01352	0.01014	0.00338	0.00789	0.01127	0.01014	0.01578
21	0.02712	0.02083	0.02977	0.06778	0.07349	0.01914	0.09030	0.10817	0.02614	0.11432	0.02205	0.02457	0.01648	0.00919	0.00911	0.00243	0.01012	0.00817	0.00710	0.31372
22	0.02604	0.60621	0.04895	0.01646	0.02452	0.03714	0.01629	0.02934	0.02031	0.02450	0.01529	0.01761	0.01377	0.00876	0.00644	0.00215	0.01020	0.00563	0.05786	0.01253
23	0.67143	0.01959	0.01646	0.01647	0.05902	0.02246	0.01218	0.02939	0.01737	0.04388	0.01422	0.01679	0.01115	0.00923	0.00643	0.00308	0.00800	0.00564	0.00608	0.01115
24	0.01593	0.01211	0.01666	0.01974	0.05966	0.01213	0.01441	0.02149	0.06381	0.03017	0.08541	0.27255	0.05757	0.02586	0.01273	0.00410	0.00786	0.24889	0.00909	0.00982
25	0.01450	0.00966	0.01087	0.01087	0.01087	0.00966	0.00604	0.01450	0.01450	0.01933	0.03141	0.06524	0.03624	0.64965	0.05074	0.00966	0.00966	0.01450	0.00604	0.00604
26	0.02480	0.02141	0.02254	0.02029	0.02592	0.02480	0.01578	0.05297	0.56946	0.04170	0.04057	0.03719	0.03043	0.01352	0.01014	0.00338	0.00789	0.01127	0.01014	0.01578
27	0.01215	0.00868	0.01157	0.01388	0.01446	0.00810	0.00925	0.01388	0.01909	0.02545	0.05495	0.64315	0.06593	0.03123	0.01272	0.00405	0.00578	0.02834	0.00925	0.00810
28	0.62185	0.02052	0.01685	0.01452	0.02095	0.02359	0.01197	0.10488	0.02127	0.04733	0.01533	0.01731	0.01168	0.00964	0.00672	0.00307	0.00818	0.00591	0.00672	0.01168
29	0.01999	0.05157	0.59800	0.02841	0.04315	0.02315	0.03683	0.03157	0.02105	0.03157	0.01789	0.02105	0.01263	0.00947	0.00947	0.00316	0.01473	0.00737	0.00421	0.01473
30	0.01606	0.01147	0.01606	0.01836	0.02065	0.01147	0.01606	0.02065	0.02295	0.02983	0.05278	0.11245	0.05737	0.02754	0.01377	0.00459	0.00918	0.52037	0.00918	0.00918
31	0.01999	0.05157	0.59800	0.02841	0.04315	0.02315	0.03683	0.03157	0.02105	0.03157	0.01789	0.02105	0.01263	0.00947	0.00947	0.00316	0.01473	0.00737	0.00421	0.01473
32	0.01858	0.00929	0.00929	0.00929	0.01161	0.00929	0.00697	0.02323	0.02091	0.03717	0.03252	0.03717	0.02555	0.01161	0.00697	0.00232	0.00465	0.00929	0.70499	0.00929
33	0.01606	0.01147	0.01606	0.01836	0.02065	0.01147	0.01606	0.02065	0.02295	0.02983	0.05278	0.11245	0.05737	0.02754	0.01377	0.00459	0.00918	0.52037	0.00918	0.00918
34	0.72007	0.01928	0.01465	0.01311	0.01928	0.02236	0.01080	0.02930	0.01697	0.04473	0.01388	0.01619	0.01080	0.00925	0.00617	0.00308	0.00771	0.00540	0.00617	0.01080
35	0.03612	0.01645	0.02019	0.01610	0.02230	0.01562	0.01310	0.11959	0.02917	0.35106	0.03498	0.03332	0.02373	0.01207	0.00913	0.00285	0.00776	0.00965	0.21207	0.01475
36	0.01858	0.00929	0.00929	0.00929	0.01161	0.00929	0.00697	0.02323	0.02091	0.03717	0.03252	0.03717	0.02555	0.01161	0.00697	0.00232	0.00465	0.00929	0.70499	0.00929
37	0.01411	0.01019	0.01333	0.01254	0.01489	0.00941	0.00941	0.01881	0.02822	0.03998	0.58221	0.07447	0.09406	0.02038	0.01176	0.00314	0.00470	0.01803	0.01097	0.00941
38	0.03724	0.04751	0.02825	0.02568	0.03082	0.60963	0.01926	0.03981	0.02825	0.02440	0.01541	0.01798	0.01284	0.01027	0.00899	0.00257	0.01798	0.00642	0.00514	0.01156
39	0.04473	0.01697	0.02313	0.01774	0.02545	0.01465	0.01465	0.04858	0.02853	0.59437	0.03933	0.03393	0.02468	0.01234	0.01003	0.00308	0.00848	0.01003	0.01234	0.01697
40	0.02067	0.01772	0.02067	0.01477	0.02362	0.01329	0.01181	0.02510	0.02067	0.03248	0.01772	0.02067	0.01477	0.00738	0.00738	0.00148	0.00738	0.00591	0.00591	0.71059
41	0.01606	0.01147	0.01606	0.01836	0.02065	0.01147	0.01606	0.02065	0.02295	0.02983	0.05278	0.11245	0.05737	0.02754	0.01377	0.00459	0.00918	0.52037	0.00918	0.00918
42	0.01234	0.01012	0.01087	0.01068	0.01381	0.00865	0.00801	0.01538	0.02404	0.03005	0.21600	0.09081	0.46646	0.02408	0.01178	0.00331	0.00497	0.02032	0.00967	0.00865
43	0.04473	0.01697	0.02313	0.01774	0.02545	0.01465	0.01465	0.04858	0.02853	0.59437	0.03933	0.03393	0.02468	0.01234	0.01003	0.00308	0.00848	0.01003	0.01234	0.01697
44	0.01328	0.01016	0.01217	0.01167	0.01438	0.00905	0.00875	0.01721	0.02626	0.03532	0.41056	0.08213	0.26862	0.02212	0.01177	0.00322	0.00483	0.01910	0.01036	0.00905
45	0.04473	0.01697	0.02313	0.01774	0.02545	0.01465	0.01465	0.04858	0.02853	0.59437	0.03933	0.03393	0.02468	0.01234	0.01003	0.00308	0.00848	0.01003	0.01234	0.01697
46	0.02665	0.65565	0.05224	0.01706	0.02559	0.03945	0.01706	0.02985	0.02026	0.02345	0.01386	0.01599	0.01279	0.00853	0.00640	0.00213	0.01066	0.00533	0.00426	0.01279
47	0.01424	0.01068	0.01602	0.01602	0.01780	0.01246	0.01246	0.01780	0.01602	0.02314	0.02670	0.03916	0.02492	0.07477	0.61015	0.01602	0.02670	0.01068	0.00534	0.00890
48	0.02569	0.02175	0.02465	0.11134	0.03301	0.02524	0.01800	0.11735	0.41573	0.04216	0.03488	0.03379	0.02602	0.01278	0.01009	0.00332	0.00912	0.01060	0.00926	0.01523
49	0.18520	0.02734	0.03076	0.03954	0.29850	0.14906	0.02253	0.03361	0.02303	0.07473	0.01844	0.02200	0.01468	0.00952	0.00886	0.00291	0.01199	0.00765	0.00580	0.01384
50	0.72007	0.01928	0.01465	0.01311	0.01928	0.02236	0.01080	0.02930	0.01697	0.04473	0.01388	0.01619	0.01080	0.00925	0.00617	0.00308	0.00771	0.00540	0.00617	0.01080
51	0.01664	0.01075	0.01413	0.01297	0.01576	0.00984	0.00984	0.02127	0.02824	0.08571	0.53742	0.07112	0.08834	0.01972	0.01161	0.00313	0.00501	0.01737	0.01109	0.01003
52	0.02143	0.04801	0.51711	0.02918	0.04310	0.02382	0.07813	0.06510	0.02291	0.03360	0.01847	0.02171	0.01311	0.00954	0.00969	0.00316	0.01466	0.00783	0.00465	0.01477
53	0.56481	0.02062	0.01959	0.02076	0.10111	0.02326	0.01429	0.07279	0.02025	0.04449	0.01540	0.01804	0.01202	0.00942	0.00701	0.00306	0.00857	0.00619	0.00631	0.01202
54	0.01440	0.01003	0.01273	0.01273	0.01338	0.01068	0.00836	0.01569	0.01505	0.02071	0.02971	0.05582	0.03215	0.44195	0.25285	0.01196	0.01582	0.01312	0.00579	0.00707
55	0.03110	0.03030	0.12833	0.02317	0.03170	0.02785	0.02123	0.32299	0.18703	0.05145	0.02747	0.02710	0.01992	0.01196	0.00993	0.00313	0.01078	0.00933	0.00900	0.01624
56	0.01424	0.01068	0.01602	0.01602	0.01780	0.01246	0.01246	0.01780	0.01602	0.02314	0.02670	0.03916	0.02492	0.07477	0.61015	0.01602	0.02670	0.01068	0.00534	0.00890
57	0.02978	0.03512	0.02351	0.02152	0.02639	0.38022	0.01624	0.03701	0.12600	0.02808	0.03745	0.03738	0.13237	0.01392	0.00977	0.00288	0.01350	0.01029	0.00689	0.01169
58	0.01426	0.01061	0.01564	0.01564	0.01729	0.01225	0.01199	0.01756	0.01591	0.02286	0.02705	0.04109	0.02576	0.11733	0.56873	0.01555	0.02544	0.01096	0.00539	0.00869
59	0.01424	0.01068	0.01602	0.01602	0.01780	0.01246	0.01246	0.01780	0.01602	0.02314	0.02670	0.03916	0.02492	0.07477	0.61015	0.01602	0.02670	0.01068	0.00534	0.00890
60	0.01999	0.05157	0.59800	0.02841	0.04315	0.02315	0.03683	0.03157	0.02105	0.03157	0.01789	0.02105	0.01263	0.00947	0.00947	0.00316	0.01473	0.00737	0.00421	0.01473
61	0.02665	0.65565	0.05224	0.01706	0.02559	0.03945	0.01706	0.02985	0.02026	0.02345	0.01386	0.01599	0.01279	0.00853	0.00640	0.00213	0.01066	0.00533	0.00426	0.01279
62	0.01215	0.00868	0.01157	0.01388	0.01446	0.00810	0.00925	0.01388	0.01909	0.02545	0.05495	0.64315	0.06593	0.03123	0.01272	0.00405	0.00578	0.02834	0.00925	0.00810
63	0.02566	0.02184	0.02303	0.02046	0.02625	0.02520	0.01599	0.08593	0.53510	0.04309	0.03948	0.03632	0.02955	0.01342	0.01013	0.00336	0.00809	0.01112	0.01013	0.01586
64	0.02067	0.01772	0.02067	0.01477	0.02362	0.01329	0.01181	0.02510	0.02067	0.03248	0.01772	0.02067	0.01477	0.00738	0.00738	0.00148	0.00738	0.00591	0.00591	0.71059
65	0.03288	0.02794	0.14251	0.02737	0.06995	0.02217	0.10124	0.13636	0.06494	0.22916	0.02818	0.02813	0.01927	0.01098	0.01017	0.00313	0.01158	0.00958	0.00861	0.01585
66	0.02815	0.51568	0.04672	0.01816	0.02639	0.03708	0.01724	0.10802	0.06614	0.03059	0.01737	0.01877	0.01475	0.00941	0.00720	0.00235	0.01049	0.00632	0.00555	0.01363
67	0.03296	0.01541	0.01981	0.01644	0.02239	0.01412	0.01331	0.03942	0.08561	0.36155	0.11937	0.05154	0.10350	0.01594	0.01069	0.00324	0.00755	0.04142	0.01137	0.01437
68	0.01345	0.01008	0.01246	0.01204	0.01453	0.00910	0.00896	0.01747	0.02641	0.03609	0.43915	0.11112	0.20821	0.02213	0.01182	0.00324	0.00484	0.01931	0.01047	0.00910
69	0.20926	0.02421	0.02734	0.07439	0.18162	0.09807	0.01988	0.07249	0.02463	0.14565	0.02137	0.02352	0.01576	0.01013	0.00885	0.00299	0.01097	0.00790	0.00705	0.01393
70	0.01245	0.01013	0.01103	0.01080	0.01388	0.00870	0.00810	0.01561	0.02431	0.03070	0.24002	0.08974	0.44204	0.02384	0.01178	0.00330	0.00495	0.02017	0.00975	0.00870
71	0.01371	0.00943	0.01162	0.01230	0.01405	0.00874	0.00876	0.01694	0.02277	0.03211	0.22886	0.30084	0.13180	0.02403	0.01143	0.00341	0.00517	0.02124	0.11404	0.00874
72	0.02365	0.29492	0.25644	0.02928	0.11228	0.03009	0.06505	0.03075	0.02113	0.02839	0.01651	0.01989	0.01332	0.00892	0.00843	0.00272	0.01280	0.00706	0.00439	0.01399
73	0.03026	0.11908	0.06942	0.01968	0.02700	0.02409	0.01720	0.04666	0.29527	0.19170	0.03449	0.03187	0.02484	0.01214	0.00949	0.00309	0.00898	0.00973	0.00942	0.01558
74	0.01208	0.00894	0.01129	0.01318	0.01427	0.00816	0.00894	0.01396	0.01976	0.02572	0.06351	0.54137	0.16218	0.03012	0.01255	0.00392	0.00565	0.02698	0.00925	0.00816
75	0.02533	0.02239	0.03777	0.13493	0.47612	0.02282	0.02904	0.03120	0.02274	0.07227	0.02010	0.02560	0.01609	0.00928	0.00989	0.00302	0.01180	0.00896	0.00540	0.01523
76	0.09014	0.02146	0.03266	0.03741	0.25895	0.02098	0.06007	0.07581	0.02617	0.23738	0.02622	0.02740	0.01861	0.01035	0.00976	0.00305	0.01059	0.00922	0.00807	0.01572
77	0.72007	0.01928	0.01465	0.01311	0.01928	0.02236	0.01080	0.02930	0.01697	0.04473	0.01388	0.01619	0.01080	0.00925	0.00617	0.00308	0.00771	0.00540	0.00617	0.01080
78	0.26764	0.02432	0.06865	0.03965	0.28026	0.02340	0.09648	0.03039	0.02070	0.03667	0.01719	0.02179	0.01375	0.00898	0.00881	0.00307	0.01127	0.00797	0.00534	0.01365
79	0.02604	0.02327	0.03579	0.04933	0.42149	0.02397	0.02670	0.10997	0.06682	0.03758	0.02361	0.03184	0.02006	0.01104	0.01019	0.00311	0.01123	0.04610	0.00638	0.01549
80	0.02067	0.01772	0.02067	0.01477	0.02362	0.01329	0.01181	0.02510	0.02067	0.03248	0.01772	0.02067	0.01477	0.00738	0.00738	0.00148	0.00738	0.00591	0.00591	0.71059

[dist]
# distance from previous block
# <min> <max>
0	1

[block]
# block no. 2 follows, 15 sequences, length 16
# corresponding to MSA columns:
# 263-278
name=unknown_C
#
# <colnr> <probs for GDERKNQSTAVLIFYWHMCP>
#	G	D	E	R	K	N	Q	S	T	A	V	L	I	F	Y	W	H	M	C	P
0	0.02205	0.02101	0.03573	0.31408	0.35505	0.02300	0.02929	0.02830	0.02146	0.02939	0.01829	0.02553	0.01467	0.00937	0.00991	0.00312	0.01249	0.00887	0.00471	0.01368
1	0.01631	0.01272	0.01579	0.01329	0.01783	0.01071	0.01021	0.02092	0.02568	0.03746	0.39259	0.05640	0.06743	0.01601	0.01029	0.00258	0.00560	0.01396	0.00927	0.24494
2	0.62728	0.02312	0.01650	0.01482	0.02085	0.10216	0.01195	0.03073	0.01850	0.04196	0.01409	0.01644	0.01107	0.00939	0.00655	0.00301	0.00911	0.00554	0.00603	0.01090
3	0.03790	0.02792	0.02992	0.02294	0.03091	0.03091	0.01895	0.55423	0.04687	0.06283	0.02393	0.02393	0.01695	0.01197	0.00997	0.00299	0.01097	0.00898	0.00997	0.01695
4	0.02353	0.02689	0.05882	0.04202	0.05210	0.02521	0.55126	0.03193	0.02353	0.03193	0.02017	0.02689	0.01513	0.00840	0.01176	0.00336	0.01681	0.01176	0.00504	0.01345
5	0.01914	0.01797	0.02402	0.02130	0.02264	0.02334	0.01736	0.02386	0.06455	0.02587	0.03228	0.03831	0.11086	0.02804	0.12446	0.00607	0.37221	0.01131	0.00584	0.01058
6	0.01883	0.01772	0.02990	0.62569	0.06866	0.02215	0.02769	0.02547	0.01993	0.02547	0.01772	0.02658	0.01329	0.00997	0.00997	0.00332	0.01329	0.00886	0.00443	0.01107
7	0.02827	0.26442	0.03719	0.10256	0.03269	0.08132	0.01909	0.16792	0.02752	0.03442	0.01955	0.05710	0.01712	0.01179	0.01040	0.00284	0.05799	0.00848	0.00618	0.01314
8	0.11900	0.02334	0.03281	0.04649	0.40548	0.06591	0.02437	0.02935	0.02144	0.03216	0.01922	0.02745	0.01713	0.07909	0.01377	0.00368	0.01150	0.00884	0.00524	0.01373
9	0.04146	0.01707	0.02280	0.01733	0.02520	0.01447	0.01427	0.04539	0.02746	0.51802	0.03639	0.03213	0.02333	0.01167	0.00967	0.00287	0.00833	0.00947	0.01146	0.11122
10	0.01957	0.04718	0.53438	0.02731	0.04069	0.02188	0.03456	0.03038	0.02126	0.03138	0.02170	0.03104	0.01752	0.01145	0.00994	0.00331	0.01413	0.06345	0.00475	0.01413
11	0.02067	0.01772	0.02067	0.01477	0.02362	0.01329	0.01181	0.02510	0.02067	0.03248	0.01772	0.02067	0.01477	0.00738	0.00738	0.00148	0.00738	0.00591	0.00591	0.71059
12	0.03298	0.01537	0.01976	0.01660	0.02243	0.01394	0.01348	0.07494	0.02755	0.35299	0.05111	0.10425	0.12342	0.01765	0.01093	0.00336	0.00794	0.06626	0.01106	0.01398
13	0.54465	0.01968	0.01790	0.01769	0.06531	0.02189	0.01288	0.03108	0.06523	0.04244	0.01689	0.01906	0.01322	0.00943	0.00691	0.00296	0.00803	0.00622	0.00639	0.07213
14	0.28246	0.01887	0.02402	0.01875	0.02617	0.01855	0.07195	0.03991	0.02387	0.33751	0.02819	0.02686	0.01870	0.01081	0.00884	0.00311	0.00912	0.00857	0.00935	0.01439
15	0.01645	0.01427	0.02234	0.01890	0.02299	0.01361	0.11308	0.02334	0.07209	0.03513	0.29344	0.11228	0.13590	0.01942	0.01181	0.00338	0.00765	0.04416	0.00931	0.01047

[dist]
# distance from previous block
# <min> <max>
0	21

[block]
# block no. 3 follows, 15 sequences, length 15
# corresponding to MSA columns:
# 301-315
name=unknown_D
#
# <colnr> <probs for GDERKNQSTAVLIFYWHMCP>
#	G	D	E	R	K	N	Q	S	T	A	V	L	I	F	Y	W	H	M	C	P
0	0.01852	0.02003	0.09111	0.01995	0.02516	0.01719	0.06048	0.03120	0.20456	0.03322	0.07318	0.21290	0.09034	0.01950	0.01130	0.00358	0.00853	0.03852	0.00866	0.01207
1	0.02618	0.02748	0.14878	0.02176	0.02964	0.02319	0.02026	0.04774	0.38303	0.10711	0.03545	0.03325	0.02582	0.01249	0.00998	0.00330	0.00946	0.01026	0.00911	0.01569
2	0.01530	0.01103	0.01381	0.01499	0.01647	0.01089	0.01044	0.08000	0.02249	0.03002	0.05115	0.56738	0.05994	0.02887	0.01239	0.00392	0.00642	0.02597	0.00934	0.00918
3	0.10701	0.01849	0.02129	0.07289	0.02724	0.05905	0.04597	0.03206	0.16241	0.06126	0.03714	0.19990	0.03588	0.01803	0.01065	0.00355	0.00915	0.05797	0.00829	0.01176
4	0.45628	0.16087	0.05208	0.01564	0.02278	0.02669	0.01412	0.05396	0.05779	0.04001	0.01637	0.01819	0.01296	0.00952	0.00682	0.00290	0.00885	0.00604	0.00610	0.01204
5	0.02782	0.06929	0.16603	0.02491	0.09806	0.01953	0.02143	0.03490	0.04531	0.17822	0.02418	0.02506	0.01745	0.00969	0.00893	0.00261	0.01024	0.00788	0.00711	0.20137
6	0.02285	0.01819	0.02095	0.01620	0.02330	0.01620	0.01284	0.13930	0.02719	0.03940	0.09161	0.08578	0.02970	0.01219	0.00898	0.00225	0.00769	0.01015	0.00773	0.40747
7	0.02693	0.02085	0.02542	0.13839	0.03488	0.02097	0.01743	0.17990	0.06684	0.07324	0.02236	0.02470	0.01677	0.00992	0.00898	0.00250	0.00968	0.00798	0.00745	0.28482
8	0.51461	0.02006	0.02098	0.02401	0.14434	0.02205	0.01544	0.03110	0.01913	0.08519	0.01695	0.01945	0.01298	0.00941	0.00728	0.00306	0.00868	0.00653	0.00638	0.01238
9	0.02052	0.02514	0.14725	0.01776	0.02790	0.01545	0.01730	0.02652	0.02075	0.03228	0.01776	0.02075	0.01430	0.00784	0.00784	0.00185	0.00899	0.00623	0.00553	0.55803
10	0.02341	0.01597	0.02167	0.01878	0.02263	0.05548	0.06142	0.02695	0.02011	0.14879	0.02868	0.03869	0.02455	0.12259	0.31226	0.01030	0.01907	0.01082	0.00692	0.01091
11	0.02561	0.01222	0.01371	0.01206	0.01594	0.01191	0.00945	0.06431	0.02432	0.16105	0.03344	0.03557	0.02478	0.01180	0.00784	0.00253	0.00591	0.00943	0.50664	0.01149
12	0.02450	0.01755	0.02842	0.49240	0.05919	0.02050	0.02483	0.03054	0.02182	0.15020	0.02246	0.02819	0.01579	0.01049	0.00998	0.00327	0.01224	0.00911	0.00616	0.01237
13	0.02684	0.32209	0.03598	0.01881	0.02479	0.15922	0.01601	0.07520	0.02415	0.02760	0.02411	0.15464	0.02482	0.01420	0.00868	0.00273	0.01125	0.01094	0.00606	0.01186
14	0.01504	0.00941	0.01260	0.01422	0.01544	0.00868	0.00973	0.01697	0.01993	0.07604	0.05356	0.58897	0.06227	0.02955	0.01248	0.00396	0.00602	0.02671	0.00953	0.00889

[dist]
# distance from previous block
# <min> <max>
0	654

# created by:
# /st0/software/busco_prod/Augustus/scripts/msa2prfl.pl ./align_prep/3721.fa
