[name]
unknown

[dist]
# distance from previous block
# <min> <max>
1	74

[block]
# block no. 0 follows, 12 sequences, length 25
# corresponding to MSA columns:
# 84-108
name=unknown_A
#
# <colnr> <probs for GDERKNQSTAVLIFYWHMCP>
#	G	D	E	R	K	N	Q	S	T	A	V	L	I	F	Y	W	H	M	C	P
0	0.02921	0.07003	0.03523	0.03307	0.13799	0.08390	0.06820	0.09455	0.07206	0.06652	0.02547	0.03002	0.02048	0.02388	0.11279	0.00571	0.01604	0.00991	0.00717	0.05778
1	0.37652	0.02218	0.02568	0.02022	0.02824	0.02301	0.07526	0.07183	0.02472	0.14700	0.02268	0.02403	0.01626	0.01071	0.00876	0.00325	0.01007	0.00810	0.00820	0.07328
2	0.01643	0.01029	0.01377	0.01555	0.01688	0.00949	0.01064	0.01853	0.02179	0.07449	0.05859	0.55915	0.06813	0.03234	0.01366	0.00434	0.00659	0.02923	0.01042	0.00971
3	0.02492	0.01994	0.03073	0.03976	0.25156	0.02086	0.02292	0.03331	0.08554	0.07920	0.02853	0.03517	0.02364	0.03607	0.20916	0.00834	0.01782	0.01084	0.00698	0.01473
4	0.01488	0.01094	0.01354	0.01317	0.01551	0.01003	0.00953	0.01882	0.02747	0.03766	0.37815	0.12351	0.16964	0.08814	0.01754	0.00432	0.00588	0.02070	0.01096	0.00960
5	0.02550	0.08194	0.02699	0.01788	0.02703	0.08677	0.01449	0.02996	0.02360	0.03347	0.01866	0.02175	0.01568	0.00859	0.00819	0.00183	0.00986	0.00647	0.00618	0.53517
6	0.02841	0.08751	0.31042	0.03476	0.13336	0.02695	0.03260	0.09543	0.02759	0.08885	0.02249	0.02507	0.01632	0.01081	0.01031	0.00330	0.01402	0.00869	0.00640	0.01670
7	0.02670	0.02946	0.13188	0.04567	0.30351	0.02256	0.02887	0.03378	0.02448	0.07379	0.02175	0.02604	0.01711	0.00975	0.01013	0.00293	0.01218	0.00879	0.00609	0.16455
8	0.04711	0.02365	0.02683	0.02104	0.02921	0.07829	0.01715	0.10923	0.03367	0.43859	0.03810	0.03387	0.02454	0.01320	0.01084	0.00330	0.01074	0.01040	0.01232	0.01792
9	0.02469	0.02443	0.04417	0.23249	0.30618	0.02567	0.11891	0.03192	0.02401	0.03298	0.02043	0.02810	0.01625	0.01000	0.01121	0.00345	0.01445	0.01028	0.00524	0.01514
10	0.02197	0.02089	0.02901	0.02535	0.02556	0.02843	0.02061	0.02422	0.01668	0.02551	0.01841	0.03181	0.01886	0.10019	0.09622	0.00687	0.46273	0.01056	0.00511	0.01103
11	0.01558	0.01168	0.01752	0.01752	0.01947	0.01363	0.01363	0.01947	0.01752	0.02531	0.02921	0.04283	0.02726	0.08178	0.57360	0.01752	0.02921	0.01168	0.00584	0.00974
12	0.69383	0.02109	0.01603	0.01434	0.02109	0.02446	0.01181	0.03205	0.01856	0.04892	0.01518	0.01771	0.01181	0.01012	0.00675	0.00337	0.00843	0.00590	0.00675	0.01181
13	0.01738	0.01126	0.01442	0.01458	0.01716	0.01034	0.01064	0.02065	0.02496	0.08322	0.18941	0.27814	0.16490	0.03138	0.05474	0.00490	0.00785	0.02317	0.01061	0.01030
14	0.03697	0.02679	0.02907	0.02348	0.03125	0.02966	0.01901	0.30286	0.22288	0.10756	0.03442	0.03250	0.02472	0.01375	0.01098	0.00344	0.01051	0.01084	0.01123	0.01808
15	0.03734	0.02224	0.03139	0.03476	0.19012	0.02180	0.02177	0.10242	0.06993	0.26150	0.06602	0.03571	0.02825	0.01293	0.01104	0.00335	0.01045	0.01110	0.01037	0.01753
16	0.03040	0.01664	0.02464	0.02247	0.05527	0.01492	0.05175	0.03477	0.02684	0.24137	0.08210	0.17883	0.04433	0.01950	0.01208	0.00365	0.00914	0.05702	0.01072	0.06357
17	0.01712	0.01047	0.01401	0.01564	0.01711	0.00963	0.01076	0.01927	0.02199	0.08478	0.05826	0.54800	0.06725	0.03193	0.01360	0.00431	0.00664	0.02884	0.01048	0.00990
18	0.03568	0.12337	0.03426	0.02442	0.06972	0.02770	0.01894	0.21766	0.03507	0.13538	0.02539	0.02593	0.01864	0.01124	0.00968	0.00279	0.01074	0.00865	0.00898	0.15576
19	0.03352	0.02838	0.09586	0.03615	0.18212	0.02550	0.02507	0.12970	0.13397	0.15014	0.03092	0.03124	0.02236	0.01222	0.01086	0.00339	0.01152	0.01033	0.00913	0.01762
20	0.02657	0.01971	0.02319	0.01723	0.02637	0.01609	0.01380	0.03413	0.07831	0.10544	0.02520	0.02647	0.01943	0.00952	0.00878	0.00207	0.00829	0.00769	0.00789	0.52382
21	0.01484	0.01067	0.01316	0.01327	0.01495	0.00996	0.00914	0.01782	0.02456	0.03350	0.27605	0.18632	0.12886	0.17080	0.02351	0.00540	0.00675	0.02137	0.01011	0.00899
22	0.02837	0.56224	0.11139	0.02000	0.03006	0.04122	0.02099	0.03285	0.02225	0.02661	0.01563	0.01809	0.01397	0.00944	0.00736	0.00245	0.01214	0.00607	0.00466	0.01422
23	0.02261	0.01938	0.02261	0.01615	0.02584	0.01453	0.01292	0.02745	0.02261	0.03553	0.01938	0.02261	0.01615	0.00807	0.00807	0.00161	0.00807	0.00646	0.00646	0.68346
24	0.03911	0.02189	0.02790	0.06611	0.07010	0.02188	0.01892	0.18139	0.03528	0.27790	0.04190	0.03985	0.07863	0.01443	0.01114	0.00339	0.01034	0.01174	0.01113	0.01697

[dist]
# distance from previous block
# <min> <max>
0	7

[block]
# block no. 1 follows, 12 sequences, length 12
# corresponding to MSA columns:
# 118-129
name=unknown_B
#
# <colnr> <probs for GDERKNQSTAVLIFYWHMCP>
#	G	D	E	R	K	N	Q	S	T	A	V	L	I	F	Y	W	H	M	C	P
0	0.02940	0.15163	0.07850	0.03814	0.20890	0.13024	0.02508	0.07504	0.02717	0.03392	0.02341	0.08561	0.02172	0.01287	0.01016	0.00312	0.01339	0.01059	0.00622	0.01487
1	0.46001	0.12624	0.02486	0.01629	0.02371	0.06723	0.01378	0.03251	0.02052	0.04186	0.01575	0.01834	0.01281	0.00985	0.00716	0.00297	0.00978	0.00603	0.00628	0.08401
2	0.01409	0.00983	0.01242	0.01416	0.01459	0.00939	0.00903	0.01539	0.01931	0.02575	0.05207	0.44194	0.06200	0.21572	0.02687	0.00634	0.00765	0.02628	0.00903	0.00816
3	0.02762	0.01530	0.01943	0.01676	0.02170	0.01461	0.01312	0.03634	0.10586	0.20375	0.31227	0.06150	0.06877	0.01842	0.01200	0.00345	0.00696	0.01588	0.01233	0.01391
4	0.01384	0.01015	0.01300	0.01425	0.01581	0.00931	0.00994	0.01677	0.02421	0.03255	0.20354	0.39654	0.13993	0.02997	0.01349	0.00405	0.00589	0.02680	0.01066	0.00931
5	0.02574	0.02941	0.06434	0.04596	0.05699	0.02757	0.50919	0.03493	0.02574	0.03493	0.02206	0.02941	0.01654	0.00919	0.01287	0.00368	0.01838	0.01287	0.00551	0.01471
6	0.01566	0.01134	0.01577	0.01577	0.01711	0.01268	0.01144	0.01834	0.01700	0.02401	0.03081	0.05172	0.03112	0.24850	0.41215	0.01536	0.02340	0.01298	0.00608	0.00876
7	0.02312	0.15341	0.47422	0.02895	0.04391	0.02837	0.03658	0.03421	0.02287	0.03301	0.01881	0.02207	0.01384	0.01018	0.00978	0.00326	0.01535	0.00768	0.00461	0.01575
8	0.03031	0.01411	0.01900	0.01675	0.02149	0.01254	0.01289	0.03413	0.02826	0.27613	0.17869	0.20685	0.05933	0.02151	0.01228	0.00368	0.00738	0.01879	0.01217	0.01371
9	0.02857	0.02320	0.03520	0.14831	0.27490	0.02464	0.02694	0.04054	0.14169	0.10162	0.02863	0.03181	0.02168	0.01158	0.01091	0.00344	0.01179	0.01047	0.00762	0.01647
10	0.01759	0.01611	0.02967	0.02521	0.02933	0.01559	0.16630	0.02214	0.02176	0.02957	0.04244	0.32240	0.04637	0.03532	0.11871	0.00665	0.01438	0.02172	0.00788	0.01084
11	0.08125	0.09608	0.17164	0.02812	0.07661	0.02647	0.06094	0.03934	0.15634	0.03796	0.02551	0.02739	0.01958	0.01097	0.00982	0.00316	0.01191	0.00906	0.00687	0.10097

[dist]
# distance from previous block
# <min> <max>
0	1

[block]
# block no. 2 follows, 12 sequences, length 16
# corresponding to MSA columns:
# 131-146
name=unknown_C
#
# <colnr> <probs for GDERKNQSTAVLIFYWHMCP>
#	G	D	E	R	K	N	Q	S	T	A	V	L	I	F	Y	W	H	M	C	P
0	0.03046	0.17292	0.22151	0.03130	0.10404	0.11819	0.02843	0.06976	0.02687	0.07030	0.02037	0.02297	0.01559	0.01060	0.00967	0.00305	0.01453	0.00794	0.00594	0.01557
1	0.69383	0.02109	0.01603	0.01434	0.02109	0.02446	0.01181	0.03205	0.01856	0.04892	0.01518	0.01771	0.01181	0.01012	0.00675	0.00337	0.00843	0.00590	0.00675	0.01181
2	0.01379	0.00994	0.01347	0.01535	0.01634	0.00962	0.01060	0.01626	0.02140	0.02904	0.10266	0.48461	0.06922	0.03924	0.08698	0.00604	0.00920	0.02738	0.00974	0.00911
3	0.02734	0.09313	0.26265	0.02622	0.03743	0.02887	0.02800	0.11921	0.18492	0.04272	0.02796	0.02853	0.02065	0.01209	0.01037	0.00340	0.01272	0.00947	0.00765	0.01667
4	0.02033	0.01016	0.01016	0.01016	0.01270	0.01016	0.00762	0.02541	0.02287	0.04065	0.03557	0.04065	0.02795	0.01270	0.00762	0.00254	0.00508	0.01016	0.67734	0.01016
5	0.69383	0.02109	0.01603	0.01434	0.02109	0.02446	0.01181	0.03205	0.01856	0.04892	0.01518	0.01771	0.01181	0.01012	0.00675	0.00337	0.00843	0.00590	0.00675	0.01181
6	0.69383	0.02109	0.01603	0.01434	0.02109	0.02446	0.01181	0.03205	0.01856	0.04892	0.01518	0.01771	0.01181	0.01012	0.00675	0.00337	0.00843	0.00590	0.00675	0.01181
7	0.04722	0.02128	0.02699	0.02069	0.02919	0.02007	0.01709	0.15750	0.03577	0.44554	0.03919	0.03463	0.02507	0.01340	0.01095	0.00335	0.00990	0.01070	0.01291	0.01855
8	0.01558	0.01168	0.01752	0.01752	0.01947	0.01363	0.01363	0.01947	0.01752	0.02531	0.02921	0.04283	0.02726	0.08178	0.57360	0.01752	0.02921	0.01168	0.00584	0.00974
9	0.01322	0.00974	0.01239	0.01451	0.01564	0.00891	0.00982	0.01526	0.02152	0.02810	0.06827	0.52776	0.14877	0.03310	0.01375	0.00431	0.00620	0.02970	0.01012	0.00891
10	0.02699	0.02591	0.04426	0.06693	0.54879	0.02591	0.03346	0.03346	0.02483	0.03562	0.02051	0.02699	0.01727	0.00972	0.01079	0.00324	0.01295	0.00972	0.00540	0.01727
11	0.01520	0.01060	0.01347	0.01405	0.01468	0.01095	0.00916	0.01661	0.01741	0.02370	0.03892	0.18656	0.04393	0.35078	0.17545	0.01091	0.01426	0.01825	0.00721	0.00790
12	0.01488	0.01098	0.01405	0.01540	0.01692	0.01064	0.01073	0.01984	0.06365	0.03294	0.17102	0.44170	0.07617	0.02986	0.01345	0.00414	0.00623	0.02689	0.01064	0.00986
13	0.02779	0.02833	0.06787	0.02337	0.03028	0.07051	0.01940	0.05492	0.44901	0.04322	0.04021	0.03760	0.03020	0.01416	0.01094	0.00361	0.01011	0.01156	0.01014	0.01680
14	0.04116	0.02552	0.11503	0.02254	0.03115	0.01984	0.02107	0.04654	0.02795	0.40056	0.03538	0.03304	0.02315	0.01371	0.01411	0.00357	0.08722	0.01030	0.01088	0.01728
15	0.02802	0.31882	0.08934	0.02102	0.02913	0.03399	0.02006	0.10406	0.06559	0.03677	0.08835	0.02982	0.02775	0.01274	0.01087	0.00298	0.04999	0.00918	0.00704	0.01449

[dist]
# distance from previous block
# <min> <max>
0	1

[block]
# block no. 3 follows, 12 sequences, length 25
# corresponding to MSA columns:
# 148-172
name=unknown_D
#
# <colnr> <probs for GDERKNQSTAVLIFYWHMCP>
#	G	D	E	R	K	N	Q	S	T	A	V	L	I	F	Y	W	H	M	C	P
0	0.13822	0.21107	0.13419	0.02080	0.03050	0.02831	0.02083	0.04044	0.06635	0.17319	0.02580	0.02569	0.01866	0.01121	0.00898	0.00310	0.01110	0.00816	0.00786	0.01553
1	0.01895	0.01646	0.01643	0.01621	0.01718	0.08017	0.01092	0.02016	0.01883	0.02382	0.03520	0.16169	0.03978	0.34246	0.08427	0.00861	0.05663	0.01685	0.00695	0.00843
2	0.02911	0.21745	0.08896	0.02475	0.03368	0.03299	0.07137	0.10807	0.20478	0.04037	0.02807	0.02858	0.02165	0.01185	0.00989	0.00318	0.01175	0.00960	0.00787	0.01603
3	0.16102	0.02335	0.07787	0.01819	0.02764	0.01799	0.01635	0.03574	0.02408	0.17281	0.02469	0.02544	0.01786	0.01012	0.00880	0.00261	0.00929	0.00768	0.00814	0.31034
4	0.03148	0.08266	0.16638	0.03940	0.19419	0.02575	0.07263	0.06874	0.02732	0.14881	0.02519	0.02758	0.01827	0.01082	0.01060	0.00328	0.01325	0.00955	0.00725	0.01684
5	0.29888	0.02904	0.12866	0.02741	0.10943	0.02423	0.02210	0.07678	0.02525	0.13025	0.02241	0.02411	0.01613	0.01092	0.00912	0.00336	0.01106	0.00808	0.00760	0.01517
6	0.01423	0.01004	0.01312	0.01522	0.01598	0.00959	0.01043	0.01619	0.02054	0.02729	0.05550	0.46067	0.06554	0.13133	0.02102	0.00553	0.00749	0.08214	0.00952	0.00862
7	0.02544	0.24162	0.09277	0.02665	0.10256	0.06953	0.02106	0.03266	0.06230	0.03397	0.14808	0.03696	0.03765	0.01321	0.00984	0.00298	0.01109	0.01059	0.00710	0.01391
8	0.31903	0.30028	0.03675	0.01745	0.02560	0.03406	0.01590	0.08222	0.02362	0.04023	0.01631	0.01849	0.01352	0.01006	0.00729	0.00288	0.01029	0.00628	0.00622	0.01352
9	0.08064	0.25648	0.13937	0.02302	0.03321	0.03503	0.02296	0.20856	0.03271	0.04477	0.02002	0.02172	0.01547	0.01096	0.00904	0.00296	0.01238	0.00771	0.00709	0.01590
10	0.02885	0.02428	0.02563	0.02254	0.02901	0.02793	0.01768	0.11284	0.47137	0.04840	0.04218	0.03893	0.03150	0.01459	0.01107	0.00365	0.00904	0.01202	0.01107	0.01741
11	0.02261	0.01938	0.02261	0.01615	0.02584	0.01453	0.01292	0.02745	0.02261	0.03553	0.01938	0.02261	0.01615	0.00807	0.00807	0.00161	0.00807	0.00646	0.00646	0.68346
12	0.01558	0.01168	0.01752	0.01752	0.01947	0.01363	0.01363	0.01947	0.01752	0.02531	0.02921	0.04283	0.02726	0.08178	0.57360	0.01752	0.02921	0.01168	0.00584	0.00974
13	0.02795	0.02206	0.02416	0.02068	0.02658	0.02439	0.01632	0.17570	0.25775	0.05160	0.17612	0.04779	0.04823	0.01637	0.01153	0.00350	0.00862	0.01365	0.01129	0.01571
14	0.01460	0.01079	0.01364	0.01360	0.01595	0.00983	0.00995	0.01872	0.02790	0.03828	0.37784	0.19286	0.16462	0.02553	0.01308	0.00367	0.00544	0.02253	0.01133	0.00983
15	0.01757	0.01255	0.01757	0.02008	0.02259	0.01255	0.01757	0.02259	0.02510	0.03263	0.05773	0.12299	0.06275	0.03012	0.01506	0.00502	0.01004	0.47540	0.01004	0.01004
16	0.01586	0.01057	0.01189	0.01189	0.01189	0.01057	0.00661	0.01586	0.01586	0.02114	0.03436	0.07135	0.03964	0.61681	0.05550	0.01057	0.01057	0.01586	0.00661	0.00661
17	0.69383	0.02109	0.01603	0.01434	0.02109	0.02446	0.01181	0.03205	0.01856	0.04892	0.01518	0.01771	0.01181	0.01012	0.00675	0.00337	0.00843	0.00590	0.00675	0.01181
18	0.02471	0.01931	0.02282	0.01641	0.02600	0.01465	0.01317	0.02951	0.02330	0.07712	0.02127	0.02377	0.01702	0.00851	0.00831	0.00176	0.00817	0.00682	0.00702	0.63036
19	0.02915	0.62337	0.05714	0.01866	0.02799	0.04314	0.01866	0.03265	0.02215	0.02565	0.01516	0.01749	0.01399	0.00933	0.00700	0.00233	0.01166	0.00583	0.00466	0.01399
20	0.02643	0.02534	0.04326	0.11231	0.50774	0.02576	0.03319	0.03298	0.02457	0.03495	0.02041	0.02717	0.01703	0.00982	0.01080	0.00327	0.01309	0.00971	0.00535	0.01682
21	0.02033	0.01016	0.01016	0.01016	0.01270	0.01016	0.00762	0.02541	0.02287	0.04065	0.03557	0.04065	0.02795	0.01270	0.00762	0.00254	0.00508	0.01016	0.67734	0.01016
22	0.69383	0.02109	0.01603	0.01434	0.02109	0.02446	0.01181	0.03205	0.01856	0.04892	0.01518	0.01771	0.01181	0.01012	0.00675	0.00337	0.00843	0.00590	0.00675	0.01181
23	0.24479	0.12839	0.02956	0.01959	0.02693	0.06795	0.01647	0.19298	0.03230	0.04948	0.07381	0.02727	0.02406	0.01232	0.00904	0.00313	0.01063	0.00872	0.00825	0.01434
24	0.02835	0.02650	0.02522	0.02235	0.02877	0.09192	0.01732	0.05342	0.42275	0.04241	0.03878	0.03649	0.02940	0.01375	0.01067	0.00340	0.00991	0.01115	0.01001	0.07741

[dist]
# distance from previous block
# <min> <max>
0	1

[block]
# block no. 4 follows, 12 sequences, length 12
# corresponding to MSA columns:
# 174-185
name=unknown_E
#
# <colnr> <probs for GDERKNQSTAVLIFYWHMCP>
#	G	D	E	R	K	N	Q	S	T	A	V	L	I	F	Y	W	H	M	C	P
0	0.14584	0.04445	0.02872	0.02552	0.03169	0.42057	0.01954	0.09756	0.03134	0.03527	0.01770	0.02013	0.01422	0.01128	0.00946	0.00296	0.01694	0.00718	0.00643	0.01321
1	0.02699	0.02591	0.04426	0.06693	0.54879	0.02591	0.03346	0.03346	0.02483	0.03562	0.02051	0.02699	0.01727	0.00972	0.01079	0.00324	0.01295	0.00972	0.00540	0.01727
2	0.01445	0.01111	0.01321	0.01269	0.01569	0.00987	0.00952	0.01868	0.02855	0.03822	0.37630	0.09050	0.27305	0.02434	0.01287	0.00353	0.00529	0.02099	0.01128	0.00987
3	0.02385	0.02385	0.03340	0.02863	0.02863	0.03340	0.02385	0.02624	0.01670	0.02624	0.01431	0.02385	0.01431	0.01908	0.03578	0.00477	0.59685	0.00954	0.00477	0.01193
4	0.01449	0.01027	0.01324	0.01411	0.01536	0.00966	0.00962	0.01728	0.02375	0.03261	0.23375	0.32864	0.07822	0.12349	0.02021	0.00505	0.00657	0.02441	0.01025	0.00902
5	0.01289	0.01105	0.01105	0.01105	0.01473	0.00920	0.00828	0.01565	0.02485	0.02946	0.11046	0.10493	0.54437	0.02761	0.01289	0.00368	0.00552	0.02301	0.01013	0.00920
6	0.01452	0.01040	0.01282	0.01347	0.01480	0.00974	0.00905	0.01692	0.02277	0.03070	0.19385	0.26715	0.12202	0.18319	0.02443	0.00568	0.00703	0.02302	0.00973	0.00870
7	0.02276	0.02160	0.03663	0.41259	0.23612	0.02480	0.03136	0.02976	0.02283	0.03050	0.01976	0.02836	0.01547	0.01050	0.01086	0.00350	0.01400	0.00970	0.00503	0.01387
8	0.02385	0.02385	0.03340	0.02863	0.02863	0.03340	0.02385	0.02624	0.01670	0.02624	0.01431	0.02385	0.01431	0.01908	0.03578	0.00477	0.59685	0.00954	0.00477	0.01193
9	0.02880	0.02960	0.12301	0.11541	0.31820	0.02516	0.03139	0.07088	0.02683	0.09193	0.02302	0.02760	0.01751	0.01061	0.01076	0.00334	0.01319	0.00958	0.00647	0.01670
10	0.04242	0.03539	0.03095	0.02512	0.03282	0.20138	0.02008	0.29037	0.04160	0.13385	0.02594	0.02588	0.01848	0.01257	0.01058	0.00314	0.01398	0.00912	0.00965	0.01668
11	0.02446	0.02123	0.02727	0.01962	0.02935	0.01733	0.05895	0.06852	0.02528	0.03824	0.02019	0.02353	0.01639	0.00859	0.00875	0.00194	0.00934	0.00733	0.00674	0.56695

[dist]
# distance from previous block
# <min> <max>
0	1

[block]
# block no. 5 follows, 12 sequences, length 30
# corresponding to MSA columns:
# 187-216
name=unknown_F
#
# <colnr> <probs for GDERKNQSTAVLIFYWHMCP>
#	G	D	E	R	K	N	Q	S	T	A	V	L	I	F	Y	W	H	M	C	P
0	0.03192	0.23115	0.03753	0.02254	0.02984	0.15391	0.01884	0.08119	0.21233	0.03651	0.02710	0.02715	0.02143	0.01204	0.00943	0.00301	0.01235	0.00878	0.00771	0.01524
1	0.69383	0.02109	0.01603	0.01434	0.02109	0.02446	0.01181	0.03205	0.01856	0.04892	0.01518	0.01771	0.01181	0.01012	0.00675	0.00337	0.00843	0.00590	0.00675	0.01181
2	0.02683	0.13804	0.23424	0.02841	0.07299	0.02970	0.02766	0.08621	0.17144	0.03954	0.02666	0.02775	0.02015	0.01168	0.01009	0.00330	0.01259	0.00920	0.00714	0.01640
3	0.01331	0.01092	0.01173	0.01183	0.01507	0.00934	0.00876	0.01636	0.02540	0.03148	0.17186	0.14778	0.43353	0.02740	0.01298	0.00371	0.00554	0.02324	0.01041	0.00934
4	0.02474	0.04995	0.44263	0.02945	0.04367	0.02652	0.03560	0.09400	0.07803	0.03974	0.02289	0.02520	0.01636	0.01114	0.01050	0.00346	0.01486	0.00870	0.00602	0.01652
5	0.02187	0.05640	0.56031	0.03108	0.04719	0.02532	0.04029	0.03453	0.02302	0.03453	0.01957	0.02302	0.01381	0.01036	0.01036	0.00345	0.01611	0.00806	0.00460	0.01611
6	0.02699	0.02591	0.04426	0.06693	0.54879	0.02591	0.03346	0.03346	0.02483	0.03562	0.02051	0.02699	0.01727	0.00972	0.01079	0.00324	0.01295	0.00972	0.00540	0.01727
7	0.02385	0.02385	0.03340	0.02863	0.02863	0.03340	0.02385	0.02624	0.01670	0.02624	0.01431	0.02385	0.01431	0.01908	0.03578	0.00477	0.59685	0.00954	0.00477	0.01193
8	0.01416	0.01067	0.01505	0.08391	0.02290	0.01069	0.01253	0.01670	0.02099	0.02784	0.05523	0.54034	0.06524	0.03138	0.01356	0.00433	0.00731	0.02845	0.00949	0.00925
9	0.02728	0.02312	0.03807	0.10680	0.39972	0.02315	0.02899	0.03325	0.02519	0.08743	0.03123	0.03561	0.06800	0.01191	0.01102	0.00333	0.01202	0.01110	0.00662	0.01614
10	0.03428	0.14175	0.03427	0.02278	0.03067	0.11679	0.01901	0.22747	0.07265	0.04616	0.02509	0.03006	0.02047	0.01266	0.00993	0.00296	0.01231	0.03678	0.00833	0.09557
11	0.02276	0.01991	0.02390	0.01764	0.02617	0.01679	0.01423	0.02731	0.02190	0.03442	0.01877	0.02276	0.01593	0.00939	0.01138	0.00199	0.07840	0.00683	0.00626	0.60325
12	0.02261	0.01938	0.02261	0.01615	0.02584	0.01453	0.01292	0.02745	0.02261	0.03553	0.01938	0.02261	0.01615	0.00807	0.00807	0.00161	0.00807	0.00646	0.00646	0.68346
13	0.02958	0.02111	0.02739	0.11505	0.08221	0.02273	0.02034	0.15986	0.08009	0.10545	0.07084	0.04895	0.03350	0.05849	0.01477	0.00413	0.01099	0.07034	0.00943	0.01475
14	0.01742	0.01307	0.01647	0.01568	0.01919	0.01171	0.01206	0.02129	0.02411	0.03381	0.17389	0.12721	0.06003	0.12264	0.01965	0.00473	0.00805	0.13122	0.00919	0.15857
15	0.02196	0.02989	0.18318	0.02091	0.03134	0.01846	0.02123	0.03165	0.07176	0.03716	0.08436	0.03148	0.02743	0.01110	0.00962	0.00258	0.01019	0.00908	0.00700	0.33963
16	0.02974	0.02678	0.02485	0.02164	0.02723	0.11672	0.01672	0.14554	0.21845	0.04551	0.12298	0.04318	0.03950	0.05519	0.01411	0.00386	0.01074	0.01242	0.00999	0.01482
17	0.03033	0.56506	0.05446	0.01962	0.02857	0.09721	0.01890	0.03376	0.02305	0.02576	0.01533	0.01771	0.01400	0.00952	0.00729	0.00238	0.01248	0.00595	0.00476	0.01385
18	0.02883	0.13785	0.12363	0.07676	0.21142	0.08183	0.02819	0.08126	0.06288	0.03618	0.02124	0.02503	0.01692	0.01066	0.01001	0.00313	0.01357	0.00871	0.00606	0.01585
19	0.06648	0.01718	0.02581	0.08561	0.17812	0.01759	0.01985	0.02725	0.02351	0.08135	0.08284	0.18542	0.04091	0.02509	0.06899	0.00508	0.01167	0.01625	0.00808	0.01292
20	0.02359	0.01997	0.02230	0.01860	0.02551	0.01976	0.01454	0.04066	0.26143	0.04155	0.11396	0.04039	0.03791	0.01347	0.01025	0.00288	0.00787	0.01131	0.00951	0.26453
21	0.02385	0.02385	0.03340	0.02863	0.02863	0.03340	0.02385	0.02624	0.01670	0.02624	0.01431	0.02385	0.01431	0.01908	0.03578	0.00477	0.59685	0.00954	0.00477	0.01193
22	0.01515	0.01090	0.01442	0.01463	0.01676	0.01017	0.01092	0.01955	0.02809	0.03913	0.38985	0.20400	0.09227	0.02568	0.01330	0.00380	0.00586	0.06417	0.01140	0.00994
23	0.01560	0.01158	0.01699	0.01699	0.01875	0.01334	0.01296	0.01913	0.01736	0.02491	0.02970	0.04556	0.02844	0.13289	0.52410	0.01686	0.02743	0.01208	0.00591	0.00944
24	0.02939	0.02455	0.02593	0.02265	0.02922	0.02818	0.01781	0.12985	0.45349	0.04927	0.04150	0.03839	0.03095	0.01452	0.01107	0.00363	0.00916	0.01193	0.01107	0.01746
25	0.02170	0.01178	0.01580	0.01594	0.01862	0.01069	0.01149	0.02458	0.02462	0.15039	0.12344	0.40578	0.06612	0.02780	0.01310	0.00405	0.00683	0.02487	0.01115	0.01126
26	0.02120	0.02647	0.15508	0.07834	0.03260	0.01911	0.02111	0.10751	0.02905	0.03904	0.11657	0.10649	0.16535	0.01899	0.01180	0.00358	0.01023	0.01594	0.00859	0.01295
27	0.01409	0.01046	0.01315	0.01381	0.01581	0.00951	0.00985	0.01749	0.02572	0.03467	0.26821	0.29874	0.17228	0.02806	0.01329	0.00388	0.00569	0.02488	0.01090	0.00951
28	0.02825	0.08468	0.03439	0.14561	0.16086	0.12125	0.02366	0.07029	0.08628	0.03372	0.02382	0.03133	0.02014	0.07298	0.01489	0.00396	0.01348	0.00982	0.00646	0.01413
29	0.03139	0.02313	0.06945	0.02373	0.07802	0.01810	0.01844	0.03923	0.07206	0.19498	0.02900	0.02914	0.02094	0.01068	0.00968	0.00265	0.00961	0.00881	0.00878	0.30219

[dist]
# distance from previous block
# <min> <max>
0	1

[block]
# block no. 6 follows, 12 sequences, length 20
# corresponding to MSA columns:
# 218-237
name=unknown_G
#
# <colnr> <probs for GDERKNQSTAVLIFYWHMCP>
#	G	D	E	R	K	N	Q	S	T	A	V	L	I	F	Y	W	H	M	C	P
0	0.03094	0.37821	0.15451	0.02249	0.03266	0.10486	0.02318	0.03630	0.02428	0.07605	0.01883	0.02070	0.01515	0.01017	0.00841	0.00272	0.01339	0.00691	0.00558	0.01467
1	0.03736	0.04635	0.03140	0.02820	0.03269	0.46527	0.02162	0.04008	0.02806	0.02660	0.01635	0.02050	0.01410	0.01280	0.01501	0.00320	0.13492	0.00753	0.00545	0.01250
2	0.02852	0.02469	0.02917	0.02880	0.09210	0.02863	0.02050	0.10914	0.34160	0.04489	0.03533	0.03502	0.02704	0.01451	0.01418	0.00372	0.08449	0.01133	0.00958	0.01675
3	0.01559	0.01150	0.01657	0.01646	0.01829	0.01289	0.01248	0.01924	0.01905	0.02723	0.09517	0.05068	0.03816	0.12918	0.44895	0.01501	0.02423	0.01313	0.00670	0.00948
4	0.02727	0.04014	0.32494	0.12884	0.04716	0.02343	0.03220	0.03854	0.05848	0.13589	0.02578	0.02805	0.01783	0.01137	0.01062	0.00349	0.01399	0.00921	0.00682	0.01595
5	0.01485	0.01113	0.01383	0.01372	0.01643	0.01012	0.01042	0.01917	0.02819	0.03813	0.36020	0.12639	0.20693	0.02510	0.01313	0.00370	0.00575	0.06166	0.01124	0.00990
6	0.02044	0.01652	0.02360	0.09916	0.12243	0.01722	0.01833	0.08606	0.02574	0.03467	0.04323	0.35267	0.04773	0.02397	0.01257	0.00396	0.00933	0.02161	0.00870	0.01208
7	0.01431	0.01110	0.01302	0.01254	0.01560	0.00981	0.00941	0.01841	0.02822	0.03744	0.35258	0.09179	0.29726	0.02463	0.01287	0.00354	0.00531	0.02117	0.01118	0.00981
8	0.02915	0.62337	0.05714	0.01866	0.02799	0.04314	0.01866	0.03265	0.02215	0.02565	0.01516	0.01749	0.01399	0.00933	0.00700	0.00233	0.01166	0.00583	0.00466	0.01399
9	0.59062	0.05772	0.01843	0.01460	0.02089	0.02426	0.01202	0.03046	0.01838	0.04473	0.01552	0.01911	0.01260	0.01261	0.01004	0.06532	0.00873	0.00623	0.00643	0.01130
10	0.02428	0.03950	0.29902	0.03511	0.14652	0.02404	0.03162	0.08990	0.02809	0.04039	0.10537	0.03371	0.02954	0.01249	0.01092	0.00338	0.01317	0.01051	0.00673	0.01571
11	0.02092	0.03349	0.25796	0.02319	0.03228	0.02003	0.02493	0.06204	0.07872	0.03956	0.16803	0.11176	0.04710	0.01708	0.01157	0.00358	0.01095	0.01452	0.00834	0.01395
12	0.02500	0.03192	0.15393	0.12060	0.33494	0.02575	0.08341	0.03316	0.02417	0.03438	0.02033	0.02665	0.01613	0.00994	0.01093	0.00338	0.01437	0.00969	0.00517	0.01614
13	0.02881	0.02517	0.03659	0.16911	0.26119	0.02745	0.02784	0.14254	0.09428	0.04256	0.02456	0.02902	0.01898	0.01138	0.01088	0.00339	0.01254	0.01006	0.00723	0.01640
14	0.03561	0.02434	0.07104	0.02392	0.03199	0.02177	0.06889	0.12996	0.09840	0.23714	0.03828	0.10659	0.02991	0.01554	0.01150	0.00357	0.01079	0.01345	0.01075	0.01656
15	0.69383	0.02109	0.01603	0.01434	0.02109	0.02446	0.01181	0.03205	0.01856	0.04892	0.01518	0.01771	0.01181	0.01012	0.00675	0.00337	0.00843	0.00590	0.00675	0.01181
16	0.11738	0.02649	0.02981	0.02596	0.07773	0.02793	0.01940	0.30811	0.03947	0.10227	0.02496	0.02574	0.01805	0.01182	0.01004	0.00308	0.01091	0.00901	0.00956	0.10228
17	0.01349	0.01014	0.01257	0.01441	0.01602	0.00922	0.01017	0.01585	0.02227	0.02863	0.07367	0.43615	0.20036	0.03208	0.01372	0.00427	0.00638	0.06144	0.01012	0.00904
18	0.02259	0.01490	0.01735	0.01628	0.01896	0.01541	0.01165	0.07062	0.08726	0.07785	0.04021	0.10264	0.04076	0.32149	0.03414	0.00731	0.00999	0.07108	0.00883	0.01068
19	0.02326	0.16489	0.46403	0.02870	0.04352	0.02873	0.03615	0.03417	0.02285	0.03283	0.01872	0.02196	0.01385	0.01016	0.00972	0.00324	0.01526	0.00763	0.00462	0.01571

[dist]
# distance from previous block
# <min> <max>
0	2

[block]
# block no. 7 follows, 12 sequences, length 25
# corresponding to MSA columns:
# 240-264
name=unknown_H
#
# <colnr> <probs for GDERKNQSTAVLIFYWHMCP>
#	G	D	E	R	K	N	Q	S	T	A	V	L	I	F	Y	W	H	M	C	P
0	0.02918	0.44013	0.04851	0.02051	0.02848	0.03925	0.01905	0.06764	0.09942	0.03155	0.02018	0.02211	0.01721	0.01128	0.01047	0.00282	0.06415	0.00740	0.00605	0.01460
1	0.01563	0.01059	0.01252	0.01312	0.01345	0.01049	0.00812	0.01636	0.01744	0.02318	0.04032	0.15655	0.04659	0.47660	0.04562	0.00915	0.00989	0.05968	0.00744	0.00725
2	0.02334	0.19037	0.29882	0.02842	0.04035	0.02835	0.10165	0.03199	0.02297	0.03161	0.02329	0.08712	0.02068	0.01254	0.01028	0.00331	0.01425	0.01074	0.00536	0.01457
3	0.02261	0.01938	0.02261	0.01615	0.02584	0.01453	0.01292	0.02745	0.02261	0.03553	0.01938	0.02261	0.01615	0.00807	0.00807	0.00161	0.00807	0.00646	0.00646	0.68346
4	0.03167	0.02169	0.02535	0.01873	0.02797	0.01907	0.01522	0.13942	0.03054	0.13987	0.02528	0.02610	0.01870	0.01019	0.00924	0.00231	0.00917	0.00804	0.00875	0.41267
5	0.01475	0.01056	0.01200	0.01232	0.01345	0.00998	0.00778	0.01604	0.01976	0.02567	0.09201	0.16038	0.16594	0.35087	0.03637	0.00755	0.00838	0.02005	0.00833	0.00781
6	0.03529	0.11141	0.03119	0.02507	0.03037	0.42763	0.01915	0.03804	0.02839	0.02674	0.02313	0.10767	0.02273	0.01445	0.01012	0.00300	0.01675	0.01047	0.00618	0.01223
7	0.02261	0.01938	0.02261	0.01615	0.02584	0.01453	0.01292	0.02745	0.02261	0.03553	0.01938	0.02261	0.01615	0.00807	0.00807	0.00161	0.00807	0.00646	0.00646	0.68346
8	0.02261	0.01938	0.02261	0.01615	0.02584	0.01453	0.01292	0.02745	0.02261	0.03553	0.01938	0.02261	0.01615	0.00807	0.00807	0.00161	0.00807	0.00646	0.00646	0.68346
9	0.02507	0.03673	0.27781	0.03407	0.14093	0.02202	0.03013	0.03506	0.05630	0.09454	0.03010	0.11433	0.02600	0.01443	0.01110	0.00356	0.01274	0.01243	0.00703	0.01562
10	0.02244	0.04049	0.33140	0.02693	0.03818	0.02355	0.03055	0.03834	0.15055	0.03698	0.03243	0.04483	0.02721	0.01491	0.01136	0.00379	0.01318	0.09034	0.00718	0.01535
11	0.01295	0.01081	0.01129	0.01166	0.01489	0.00915	0.00856	0.01558	0.02426	0.02921	0.10292	0.18044	0.47373	0.02859	0.01304	0.00379	0.00564	0.02421	0.01012	0.00915
12	0.03025	0.25828	0.03766	0.01852	0.02782	0.02818	0.01642	0.08817	0.02668	0.09276	0.02110	0.02260	0.01677	0.00974	0.00829	0.00228	0.01007	0.00709	0.00704	0.27027
13	0.02915	0.62337	0.05714	0.01866	0.02799	0.04314	0.01866	0.03265	0.02215	0.02565	0.01516	0.01749	0.01399	0.00933	0.00700	0.00233	0.01166	0.00583	0.00466	0.01399
14	0.02174	0.06606	0.02387	0.01621	0.02451	0.01597	0.01296	0.02603	0.02231	0.03359	0.02513	0.11002	0.02435	0.01208	0.00886	0.00209	0.00810	0.01008	0.00686	0.52917
15	0.02778	0.24581	0.20406	0.02696	0.03816	0.03142	0.09820	0.03810	0.08205	0.07434	0.02311	0.02518	0.01758	0.01058	0.00968	0.00311	0.01347	0.00871	0.00622	0.01548
16	0.02858	0.57875	0.09673	0.01963	0.02950	0.04174	0.02036	0.03280	0.02222	0.02635	0.01551	0.01793	0.01398	0.00941	0.00726	0.00242	0.01201	0.00601	0.00466	0.01416
17	0.02681	0.02445	0.06986	0.02933	0.12883	0.02283	0.02072	0.17918	0.06665	0.04802	0.16750	0.04848	0.08830	0.01602	0.01154	0.00339	0.00993	0.01358	0.00955	0.01503
18	0.02699	0.02591	0.04426	0.06693	0.54879	0.02591	0.03346	0.03346	0.02483	0.03562	0.02051	0.02699	0.01727	0.00972	0.01079	0.00324	0.01295	0.00972	0.00540	0.01727
19	0.02261	0.01938	0.02261	0.01615	0.02584	0.01453	0.01292	0.02745	0.02261	0.03553	0.01938	0.02261	0.01615	0.00807	0.00807	0.00161	0.00807	0.00646	0.00646	0.68346
20	0.03254	0.12090	0.28731	0.02542	0.03769	0.02582	0.02846	0.08292	0.02785	0.18872	0.02640	0.02666	0.01811	0.01138	0.01012	0.00326	0.01313	0.00876	0.00778	0.01676
21	0.03048	0.55757	0.05412	0.01974	0.02864	0.10416	0.01893	0.03390	0.02316	0.02577	0.01535	0.01774	0.01400	0.00955	0.00732	0.00239	0.01258	0.00597	0.00477	0.01384
22	0.01894	0.00947	0.01420	0.01420	0.01420	0.00947	0.00947	0.01420	0.01420	0.01894	0.01894	0.03314	0.01894	0.03788	0.04261	0.68277	0.00947	0.00947	0.00473	0.00473
23	0.01520	0.01096	0.01436	0.01388	0.01624	0.01013	0.01027	0.01998	0.02977	0.04198	0.48991	0.13956	0.09950	0.02360	0.01298	0.00354	0.00527	0.02096	0.01180	0.01013
24	0.02843	0.55692	0.05334	0.01838	0.02775	0.04000	0.01803	0.03208	0.02220	0.02674	0.01562	0.01805	0.01423	0.00919	0.00711	0.00225	0.01127	0.00590	0.00486	0.08764

[dist]
# distance from previous block
# <min> <max>
0	3

[block]
# block no. 8 follows, 12 sequences, length 14
# corresponding to MSA columns:
# 268-281
name=unknown_I
#
# <colnr> <probs for GDERKNQSTAVLIFYWHMCP>
#	G	D	E	R	K	N	Q	S	T	A	V	L	I	F	Y	W	H	M	C	P
0	0.01289	0.01105	0.01105	0.01105	0.01473	0.00920	0.00828	0.01565	0.02485	0.02946	0.11046	0.10493	0.54437	0.02761	0.01289	0.00368	0.00552	0.02301	0.01013	0.00920
1	0.03094	0.07041	0.02634	0.01732	0.02661	0.01740	0.01432	0.03549	0.02511	0.18861	0.02601	0.02646	0.01917	0.00978	0.00884	0.00220	0.00873	0.00774	0.00839	0.43013
2	0.02915	0.62337	0.05714	0.01866	0.02799	0.04314	0.01866	0.03265	0.02215	0.02565	0.01516	0.01749	0.01399	0.00933	0.00700	0.00233	0.01166	0.00583	0.00466	0.01399
3	0.02261	0.01938	0.02261	0.01615	0.02584	0.01453	0.01292	0.02745	0.02261	0.03553	0.01938	0.02261	0.01615	0.00807	0.00807	0.00161	0.00807	0.00646	0.00646	0.68346
4	0.03048	0.26658	0.08566	0.02898	0.10724	0.07287	0.02296	0.03730	0.06500	0.08699	0.02174	0.02422	0.01748	0.01157	0.01195	0.00308	0.07631	0.00817	0.00633	0.01509
5	0.04641	0.01973	0.02952	0.02227	0.03099	0.01727	0.06933	0.05117	0.03062	0.49998	0.04075	0.03628	0.02586	0.01303	0.01117	0.00341	0.01026	0.01117	0.01263	0.01814
6	0.02734	0.02274	0.03073	0.03626	0.20792	0.02388	0.02190	0.14402	0.11473	0.04694	0.16092	0.04313	0.04233	0.01457	0.01140	0.00337	0.01001	0.01275	0.00930	0.01575
7	0.02683	0.02633	0.04669	0.06438	0.48911	0.02611	0.09120	0.03364	0.02494	0.03554	0.02070	0.02728	0.01718	0.00965	0.01105	0.00329	0.01361	0.01010	0.00541	0.01696
8	0.02261	0.01938	0.02261	0.01615	0.02584	0.01453	0.01292	0.02745	0.02261	0.03553	0.01938	0.02261	0.01615	0.00807	0.00807	0.00161	0.00807	0.00646	0.00646	0.68346
9	0.02791	0.18480	0.34038	0.02654	0.03962	0.02972	0.03107	0.08786	0.02656	0.07816	0.02113	0.02319	0.01543	0.01067	0.00967	0.00316	0.01406	0.00796	0.00602	0.01607
10	0.02915	0.62337	0.05714	0.01866	0.02799	0.04314	0.01866	0.03265	0.02215	0.02565	0.01516	0.01749	0.01399	0.00933	0.00700	0.00233	0.01166	0.00583	0.00466	0.01399
11	0.01894	0.00947	0.01420	0.01420	0.01420	0.00947	0.00947	0.01420	0.01420	0.01894	0.01894	0.03314	0.01894	0.03788	0.04261	0.68277	0.00947	0.00947	0.00473	0.00473
12	0.02915	0.62337	0.05714	0.01866	0.02799	0.04314	0.01866	0.03265	0.02215	0.02565	0.01516	0.01749	0.01399	0.00933	0.00700	0.00233	0.01166	0.00583	0.00466	0.01399
13	0.02330	0.11442	0.44027	0.02864	0.04280	0.02749	0.03513	0.03717	0.08434	0.03490	0.02210	0.02456	0.01619	0.01078	0.01008	0.00336	0.01472	0.00833	0.00540	0.01602

[dist]
# distance from previous block
# <min> <max>
0	2

[block]
# block no. 9 follows, 12 sequences, length 29
# corresponding to MSA columns:
# 284-312
name=unknown_J
#
# <colnr> <probs for GDERKNQSTAVLIFYWHMCP>
#	G	D	E	R	K	N	Q	S	T	A	V	L	I	F	Y	W	H	M	C	P
0	0.02219	0.01938	0.02471	0.13563	0.03609	0.01655	0.01653	0.02754	0.02244	0.03393	0.01938	0.02395	0.01581	0.00866	0.00866	0.00203	0.00942	0.00713	0.00612	0.54382
1	0.02663	0.02146	0.08766	0.23464	0.04595	0.01901	0.02408	0.03297	0.02484	0.15976	0.03548	0.08790	0.03084	0.01681	0.01187	0.00387	0.01199	0.10237	0.00832	0.01354
2	0.02094	0.02684	0.15515	0.02577	0.03322	0.01961	0.08496	0.03238	0.10401	0.03643	0.08665	0.07028	0.04416	0.01957	0.01283	0.00412	0.01189	0.18943	0.00850	0.01325
3	0.01345	0.01107	0.01183	0.01164	0.01507	0.00944	0.00873	0.01674	0.02618	0.03261	0.20608	0.09974	0.44677	0.02644	0.01288	0.00363	0.00544	0.02228	0.01054	0.00944
4	0.02210	0.06682	0.19735	0.02104	0.03214	0.01932	0.02189	0.02918	0.02259	0.03407	0.02208	0.06413	0.01924	0.01074	0.00916	0.00245	0.01076	0.00868	0.00601	0.38024
5	0.02915	0.62337	0.05714	0.01866	0.02799	0.04314	0.01866	0.03265	0.02215	0.02565	0.01516	0.01749	0.01399	0.00933	0.00700	0.00233	0.01166	0.00583	0.00466	0.01399
6	0.02270	0.16820	0.30429	0.02508	0.03662	0.02589	0.02905	0.03128	0.02319	0.03233	0.02581	0.04068	0.02329	0.01368	0.01033	0.00335	0.01334	0.09577	0.00580	0.06933
7	0.02854	0.29272	0.18981	0.02805	0.09364	0.03241	0.02602	0.03719	0.06433	0.07981	0.02192	0.02380	0.01707	0.01048	0.00907	0.00295	0.01258	0.00789	0.00606	0.01564
8	0.04663	0.01907	0.02524	0.01969	0.02789	0.01719	0.01616	0.05364	0.08362	0.50258	0.04316	0.03749	0.02765	0.01363	0.01098	0.00341	0.00921	0.01111	0.01324	0.01842
9	0.02378	0.02227	0.07942	0.02431	0.06143	0.01952	0.05519	0.03750	0.17484	0.08427	0.22990	0.05250	0.05520	0.01636	0.01180	0.00351	0.00912	0.01449	0.01019	0.01438
10	0.02600	0.02450	0.04145	0.06199	0.49340	0.02450	0.03179	0.03232	0.02486	0.03531	0.02443	0.03709	0.02206	0.01186	0.01124	0.00343	0.01265	0.05873	0.00589	0.01651
11	0.02261	0.01938	0.02261	0.01615	0.02584	0.01453	0.01292	0.02745	0.02261	0.03553	0.01938	0.02261	0.01615	0.00807	0.00807	0.00161	0.00807	0.00646	0.00646	0.68346
12	0.02414	0.09423	0.36465	0.03199	0.09976	0.02634	0.03325	0.07676	0.02591	0.03665	0.02738	0.03004	0.05825	0.01187	0.01039	0.00334	0.01413	0.00945	0.00574	0.01573
13	0.58469	0.11998	0.02278	0.01505	0.02222	0.02753	0.01293	0.03215	0.01915	0.04510	0.01518	0.01768	0.01217	0.00999	0.00679	0.00320	0.00896	0.00589	0.00641	0.01217
14	0.01894	0.00947	0.01420	0.01420	0.01420	0.00947	0.00947	0.01420	0.01420	0.01894	0.01894	0.03314	0.01894	0.03788	0.04261	0.68277	0.00947	0.00947	0.00473	0.00473
15	0.01328	0.00949	0.01265	0.01518	0.01581	0.00886	0.01012	0.01518	0.02088	0.02783	0.06010	0.60969	0.07212	0.03416	0.01392	0.00443	0.00633	0.03100	0.01012	0.00886
16	0.02754	0.49804	0.16837	0.02140	0.03223	0.03920	0.02344	0.03307	0.02235	0.02762	0.01613	0.01871	0.01395	0.00956	0.00774	0.00258	0.01264	0.00632	0.00465	0.01446
17	0.02978	0.43392	0.08330	0.02176	0.03013	0.08044	0.02098	0.06522	0.02421	0.02928	0.01622	0.01934	0.01433	0.01092	0.01103	0.00279	0.08034	0.00676	0.00517	0.01410
18	0.02187	0.05640	0.56031	0.03108	0.04719	0.02532	0.04029	0.03453	0.02302	0.03453	0.01957	0.02302	0.01381	0.01036	0.01036	0.00345	0.01611	0.00806	0.00460	0.01611
19	0.02528	0.01930	0.02288	0.01648	0.02604	0.01469	0.01323	0.03006	0.02348	0.08833	0.02178	0.02408	0.01725	0.00862	0.00837	0.00179	0.00820	0.00692	0.00717	0.61606
20	0.04017	0.02209	0.06739	0.02615	0.07283	0.01796	0.06414	0.04544	0.02876	0.38589	0.03901	0.08163	0.02802	0.01427	0.01133	0.00348	0.01066	0.01248	0.01120	0.01713
21	0.02064	0.04448	0.40480	0.02871	0.04112	0.02224	0.07295	0.03060	0.02234	0.03255	0.02583	0.09594	0.02317	0.06893	0.01514	0.00424	0.01466	0.01184	0.00550	0.01428
22	0.01395	0.01109	0.01251	0.01216	0.01538	0.00966	0.00912	0.01770	0.02736	0.03540	0.29054	0.09516	0.36057	0.02540	0.01288	0.00358	0.00537	0.02164	0.01091	0.00966
23	0.02671	0.24629	0.23054	0.02382	0.03524	0.09305	0.02578	0.03369	0.02356	0.03071	0.01769	0.02064	0.01431	0.00970	0.00873	0.00267	0.01358	0.00689	0.00507	0.13134
24	0.02915	0.62337	0.05714	0.01866	0.02799	0.04314	0.01866	0.03265	0.02215	0.02565	0.01516	0.01749	0.01399	0.00933	0.00700	0.00233	0.01166	0.00583	0.00466	0.01399
25	0.02342	0.07138	0.07057	0.01806	0.02799	0.01870	0.01600	0.03078	0.06104	0.03542	0.02095	0.02360	0.01708	0.00888	0.00841	0.00198	0.00908	0.00699	0.00651	0.52316
26	0.10011	0.21682	0.16009	0.02161	0.03179	0.02837	0.02222	0.04059	0.06296	0.17780	0.02609	0.02598	0.01877	0.01121	0.00917	0.00309	0.01149	0.00827	0.00778	0.01578
27	0.04671	0.01905	0.02524	0.01968	0.02789	0.01715	0.01615	0.05362	0.08168	0.50457	0.04315	0.03747	0.02763	0.01363	0.01098	0.00341	0.00921	0.01110	0.01325	0.01842
28	0.02110	0.02120	0.06491	0.15277	0.11782	0.02026	0.02223	0.02935	0.06650	0.03644	0.17840	0.04398	0.04311	0.01468	0.01284	0.00337	0.04973	0.01247	0.00773	0.08113

[dist]
# distance from previous block
# <min> <max>
0	7

[block]
# block no. 10 follows, 12 sequences, length 24
# corresponding to MSA columns:
# 320-343
name=unknown_K
#
# <colnr> <probs for GDERKNQSTAVLIFYWHMCP>
#	G	D	E	R	K	N	Q	S	T	A	V	L	I	F	Y	W	H	M	C	P
0	0.02126	0.02324	0.08135	0.14853	0.21435	0.02083	0.06541	0.02769	0.02425	0.03301	0.07257	0.08857	0.10207	0.01534	0.01164	0.00354	0.01186	0.01411	0.00674	0.01364
1	0.02261	0.01938	0.02261	0.01615	0.02584	0.01453	0.01292	0.02745	0.02261	0.03553	0.01938	0.02261	0.01615	0.00807	0.00807	0.00161	0.00807	0.00646	0.00646	0.68346
2	0.02760	0.10360	0.39874	0.02796	0.04182	0.02681	0.03351	0.08407	0.02668	0.09660	0.02248	0.02441	0.01580	0.01089	0.01016	0.00332	0.01450	0.00835	0.00625	0.01643
3	0.09535	0.56338	0.05304	0.01823	0.02730	0.04128	0.01797	0.03259	0.02180	0.02797	0.01516	0.01751	0.01377	0.00941	0.00697	0.00244	0.01134	0.00584	0.00487	0.01377
4	0.01894	0.00947	0.01420	0.01420	0.01420	0.00947	0.00947	0.01420	0.01420	0.01894	0.01894	0.03314	0.01894	0.03788	0.04261	0.68277	0.00947	0.00947	0.00473	0.00473
5	0.02915	0.62337	0.05714	0.01866	0.02799	0.04314	0.01866	0.03265	0.02215	0.02565	0.01516	0.01749	0.01399	0.00933	0.00700	0.00233	0.01166	0.00583	0.00466	0.01399
6	0.02632	0.14564	0.29754	0.02516	0.03648	0.08008	0.02830	0.03463	0.02545	0.07631	0.09534	0.03123	0.02769	0.01223	0.01013	0.00318	0.01356	0.00947	0.00650	0.01476
7	0.02366	0.19577	0.43662	0.02802	0.04247	0.02970	0.03497	0.03407	0.02281	0.03235	0.01848	0.02166	0.01386	0.01011	0.00953	0.00318	0.01502	0.00751	0.00462	0.01559
8	0.02187	0.05640	0.56031	0.03108	0.04719	0.02532	0.04029	0.03453	0.02302	0.03453	0.01957	0.02302	0.01381	0.01036	0.01036	0.00345	0.01611	0.00806	0.00460	0.01611
9	0.02915	0.62337	0.05714	0.01866	0.02799	0.04314	0.01866	0.03265	0.02215	0.02565	0.01516	0.01749	0.01399	0.00933	0.00700	0.00233	0.01166	0.00583	0.00466	0.01399
10	0.69383	0.02109	0.01603	0.01434	0.02109	0.02446	0.01181	0.03205	0.01856	0.04892	0.01518	0.01771	0.01181	0.01012	0.00675	0.00337	0.00843	0.00590	0.00675	0.01181
11	0.02623	0.35818	0.23319	0.02610	0.03798	0.03516	0.08214	0.03356	0.02286	0.02980	0.01748	0.02078	0.01422	0.00967	0.00884	0.00288	0.01398	0.00741	0.00474	0.01481
12	0.01863	0.00967	0.01451	0.01451	0.01468	0.00985	0.00985	0.01468	0.01451	0.01952	0.01988	0.03403	0.01970	0.04188	0.09100	0.62214	0.01127	0.00967	0.00484	0.00519
13	0.02187	0.05640	0.56031	0.03108	0.04719	0.02532	0.04029	0.03453	0.02302	0.03453	0.01957	0.02302	0.01381	0.01036	0.01036	0.00345	0.01611	0.00806	0.00460	0.01611
14	0.04173	0.01878	0.02457	0.01851	0.02729	0.01562	0.01518	0.04612	0.02886	0.41396	0.03655	0.03315	0.02403	0.01201	0.01017	0.00289	0.00895	0.00973	0.01157	0.20033
15	0.02468	0.02310	0.02356	0.01751	0.02674	0.07823	0.01385	0.02929	0.02356	0.03452	0.01909	0.02227	0.01591	0.00844	0.00828	0.00175	0.00940	0.00652	0.00636	0.60695
16	0.02083	0.01865	0.02824	0.03157	0.14292	0.01870	0.07432	0.03041	0.11560	0.03456	0.05200	0.15721	0.12292	0.02068	0.01258	0.00391	0.01000	0.08305	0.00870	0.01316
17	0.01392	0.01109	0.01248	0.01214	0.01536	0.00965	0.00910	0.01766	0.02730	0.03527	0.28688	0.09535	0.36431	0.02544	0.01288	0.00358	0.00537	0.02167	0.01089	0.00965
18	0.02660	0.01958	0.02398	0.06390	0.03034	0.01654	0.01513	0.03362	0.06413	0.11084	0.02478	0.02667	0.01895	0.00962	0.00896	0.00220	0.00882	0.00784	0.00771	0.47977
19	0.04073	0.05197	0.03090	0.02809	0.03371	0.57303	0.02107	0.04354	0.03090	0.02669	0.01685	0.01966	0.01404	0.01124	0.00983	0.00281	0.01966	0.00702	0.00562	0.01264
