[name]
unknown

[dist]
# distance from previous block
# <min> <max>
0	512

[block]
# block no. 0 follows, 10 sequences, length 48
# corresponding to MSA columns:
# 563-610
name=unknown_A
#
# <colnr> <probs for GDERKNQSTAVLIFYWHMCP>
#	G	D	E	R	K	N	Q	S	T	A	V	L	I	F	Y	W	H	M	C	P
0	0.02397	0.01717	0.02488	0.02099	0.02647	0.01569	0.07128	0.02972	0.06589	0.09205	0.05011	0.18089	0.10185	0.02375	0.01674	0.08566	0.00957	0.01815	0.00936	0.11585
1	0.03521	0.07457	0.19263	0.02894	0.03971	0.02842	0.06306	0.11140	0.03094	0.16754	0.02765	0.02923	0.01948	0.01337	0.01466	0.00374	0.08333	0.01013	0.00854	0.01745
2	0.03178	0.02975	0.12162	0.02789	0.03683	0.02388	0.09468	0.15030	0.03369	0.12272	0.03767	0.16535	0.03393	0.01834	0.01266	0.00391	0.01272	0.01637	0.00976	0.01615
3	0.01968	0.01029	0.01476	0.01476	0.01476	0.01029	0.00961	0.01543	0.01543	0.02058	0.02282	0.04185	0.02372	0.12822	0.04765	0.55794	0.01029	0.01119	0.00537	0.00537
4	0.02699	0.02760	0.10013	0.28242	0.06003	0.02695	0.08694	0.03450	0.02428	0.09066	0.02321	0.03039	0.01723	0.01305	0.01606	0.00402	0.10396	0.01069	0.00632	0.01459
5	0.17621	0.02189	0.03024	0.10950	0.03895	0.02274	0.07539	0.07769	0.02849	0.17811	0.03321	0.10044	0.02699	0.01534	0.01134	0.00382	0.01166	0.01313	0.00957	0.01528
6	0.02267	0.02091	0.03492	0.42015	0.14333	0.02464	0.03122	0.03000	0.02419	0.03164	0.02575	0.04262	0.02211	0.01388	0.01214	0.00399	0.01466	0.06172	0.00592	0.01353
7	0.01461	0.01031	0.01337	0.01563	0.01620	0.00974	0.01020	0.01631	0.02141	0.02855	0.05973	0.50276	0.07140	0.12489	0.02192	0.00577	0.00747	0.03049	0.01020	0.00906
8	0.15435	0.03436	0.18180	0.09093	0.04006	0.02583	0.02586	0.12434	0.03003	0.04570	0.03684	0.03887	0.09505	0.01461	0.01091	0.00369	0.01265	0.01129	0.00773	0.01511
9	0.02101	0.01567	0.02128	0.01998	0.02321	0.01797	0.01574	0.09397	0.02443	0.03438	0.03064	0.04286	0.02759	0.07555	0.46012	0.01627	0.02823	0.01214	0.00709	0.01188
10	0.03027	0.01771	0.02168	0.01902	0.02355	0.01812	0.01433	0.10395	0.06012	0.15682	0.04082	0.11673	0.03723	0.16958	0.10870	0.00803	0.01364	0.01570	0.01023	0.01378
11	0.02069	0.01536	0.01837	0.01692	0.02091	0.01508	0.01335	0.09430	0.03448	0.04670	0.30835	0.08752	0.16155	0.02427	0.01369	0.00389	0.00739	0.07305	0.01200	0.01214
12	0.01994	0.01691	0.02589	0.02894	0.10168	0.01992	0.01962	0.02428	0.01980	0.02891	0.02719	0.03983	0.02522	0.06451	0.38079	0.01413	0.11267	0.01177	0.00598	0.01203
13	0.02426	0.12444	0.47485	0.03157	0.04789	0.02928	0.04022	0.03659	0.02444	0.03570	0.02031	0.02385	0.01476	0.01092	0.01062	0.00354	0.01662	0.00831	0.00492	0.01692
14	0.02713	0.02328	0.03283	0.20887	0.04720	0.02948	0.02570	0.03759	0.11568	0.07323	0.02592	0.03202	0.02044	0.01601	0.02182	0.00433	0.22583	0.01094	0.00720	0.01449
15	0.01954	0.01182	0.01575	0.01632	0.01861	0.01083	0.01163	0.02284	0.02661	0.09633	0.18688	0.37738	0.08008	0.03016	0.01414	0.00429	0.00679	0.02705	0.01180	0.01116
16	0.59093	0.02102	0.01630	0.01473	0.02136	0.02416	0.01203	0.03329	0.02037	0.05107	0.01895	0.02199	0.01477	0.01114	0.00732	0.00349	0.00854	0.00687	0.08929	0.01237
17	0.09565	0.02254	0.02682	0.02147	0.02937	0.02242	0.01741	0.17350	0.03707	0.29372	0.04049	0.10227	0.03083	0.01672	0.01170	0.00371	0.01028	0.01356	0.01255	0.01791
18	0.01466	0.01072	0.01391	0.01627	0.01759	0.00996	0.01150	0.01720	0.02333	0.03052	0.07049	0.47086	0.13017	0.03505	0.01485	0.00470	0.00711	0.08067	0.01079	0.00964
19	0.02035	0.01817	0.02941	0.42548	0.06370	0.02195	0.02643	0.02641	0.02234	0.02882	0.02816	0.10657	0.02661	0.08697	0.01796	0.00490	0.01387	0.01403	0.00611	0.01175
20	0.01651	0.01364	0.01481	0.01474	0.01873	0.01275	0.01147	0.02372	0.08581	0.03535	0.13721	0.10359	0.36168	0.02758	0.01380	0.00409	0.00688	0.07545	0.01110	0.01110
21	0.08391	0.15181	0.11673	0.02519	0.03324	0.03203	0.02408	0.07749	0.02668	0.13536	0.02370	0.02641	0.01802	0.01415	0.01722	0.00375	0.15750	0.00911	0.00765	0.01594
22	0.02835	0.13492	0.27783	0.03698	0.10582	0.03153	0.08756	0.09161	0.02875	0.04006	0.02145	0.02538	0.01621	0.01100	0.01093	0.00347	0.01575	0.00929	0.00598	0.01713
23	0.01629	0.01140	0.01476	0.01665	0.01770	0.01112	0.01196	0.01867	0.02197	0.02904	0.05524	0.30380	0.06380	0.19971	0.02834	0.00685	0.00922	0.14475	0.00966	0.00910
24	0.01691	0.01128	0.01268	0.01268	0.01268	0.01128	0.00705	0.01691	0.01691	0.02255	0.03665	0.07611	0.04228	0.59126	0.05920	0.01128	0.01128	0.01691	0.00705	0.00705
25	0.03218	0.55068	0.05849	0.02078	0.03039	0.08972	0.02013	0.03584	0.02445	0.02746	0.01633	0.01886	0.01493	0.01013	0.00773	0.00253	0.01319	0.00633	0.00506	0.01480
26	0.01488	0.01179	0.01349	0.01399	0.01715	0.01040	0.01064	0.01844	0.02715	0.03430	0.17430	0.16856	0.33458	0.02964	0.01415	0.00415	0.00650	0.07467	0.01114	0.01008
27	0.01527	0.01184	0.01390	0.01339	0.01665	0.01047	0.01004	0.01965	0.03012	0.03998	0.33999	0.09783	0.28647	0.02626	0.01373	0.00378	0.00566	0.02257	0.01193	0.01047
28	0.01646	0.01189	0.01555	0.01463	0.01738	0.01097	0.01097	0.02195	0.03292	0.04664	0.51257	0.08688	0.10974	0.02378	0.01372	0.00366	0.00549	0.02103	0.01280	0.01097
29	0.02920	0.46719	0.17544	0.02313	0.03484	0.04139	0.02552	0.03531	0.02386	0.02967	0.01731	0.02009	0.01488	0.01022	0.00834	0.00278	0.01359	0.00680	0.00496	0.01548
30	0.01883	0.01370	0.01887	0.01806	0.01876	0.01602	0.01313	0.01963	0.01730	0.02445	0.02808	0.04956	0.02908	0.21918	0.21743	0.14339	0.10683	0.01297	0.00606	0.00868
31	0.02412	0.02067	0.02412	0.01723	0.02756	0.01550	0.01378	0.02929	0.02412	0.03790	0.02067	0.02412	0.01723	0.00861	0.00861	0.00172	0.00861	0.00689	0.00689	0.66236
32	0.03109	0.59826	0.06095	0.01990	0.02985	0.04602	0.01990	0.03483	0.02363	0.02736	0.01617	0.01866	0.01493	0.00995	0.00746	0.00249	0.01244	0.00622	0.00498	0.01493
33	0.04421	0.03258	0.03490	0.02676	0.03607	0.03607	0.02211	0.47993	0.05468	0.07330	0.02792	0.02792	0.01978	0.01396	0.01163	0.00349	0.01280	0.01047	0.01163	0.01978
34	0.01495	0.01069	0.01434	0.01672	0.01783	0.01008	0.01182	0.01771	0.02379	0.03185	0.10387	0.48200	0.07859	0.03476	0.01490	0.00471	0.00714	0.08355	0.01096	0.00974
35	0.12763	0.02096	0.02300	0.01692	0.02675	0.01719	0.01359	0.03007	0.02343	0.04018	0.01996	0.02328	0.01649	0.00896	0.00839	0.00202	0.00867	0.00680	0.00694	0.55878
36	0.04476	0.01944	0.02546	0.02030	0.02820	0.01779	0.01648	0.05292	0.09109	0.40644	0.10513	0.04605	0.03987	0.01575	0.01197	0.00365	0.00925	0.01306	0.01387	0.01850
37	0.01498	0.01142	0.01377	0.01405	0.01669	0.01021	0.01021	0.01877	0.02815	0.03736	0.26964	0.21658	0.23844	0.02879	0.01400	0.00401	0.00593	0.02516	0.01164	0.01021
38	0.02613	0.08123	0.12141	0.14922	0.12560	0.03016	0.08696	0.03728	0.08724	0.03523	0.02375	0.02955	0.01871	0.01260	0.01475	0.00382	0.08398	0.01049	0.00618	0.01571
39	0.03109	0.59826	0.06095	0.01990	0.02985	0.04602	0.01990	0.03483	0.02363	0.02736	0.01617	0.01866	0.01493	0.00995	0.00746	0.00249	0.01244	0.00622	0.00498	0.01493
40	0.01585	0.01185	0.01486	0.01603	0.01794	0.01137	0.01127	0.02121	0.06233	0.03548	0.17750	0.38092	0.11732	0.03114	0.01424	0.00434	0.00656	0.02786	0.01137	0.01055
41	0.02660	0.02139	0.03536	0.43587	0.12612	0.02495	0.03078	0.03384	0.02491	0.09361	0.02401	0.03183	0.01753	0.01183	0.01162	0.00379	0.01459	0.01051	0.00641	0.01445
42	0.03328	0.11817	0.09290	0.07090	0.03659	0.02705	0.02304	0.09752	0.09354	0.14539	0.03637	0.04734	0.02957	0.01600	0.01165	0.00377	0.01207	0.07872	0.00967	0.01647
43	0.02168	0.01084	0.01084	0.01084	0.01355	0.01084	0.00813	0.02710	0.02439	0.04336	0.03794	0.04336	0.02981	0.01355	0.00813	0.00271	0.00542	0.01084	0.65583	0.01084
44	0.01417	0.01012	0.01350	0.01619	0.01687	0.00945	0.01080	0.01619	0.02227	0.02969	0.06410	0.58367	0.07692	0.03644	0.01484	0.00472	0.00675	0.03306	0.01080	0.00945
45	0.03159	0.03187	0.10990	0.13116	0.05525	0.02807	0.21653	0.10876	0.03139	0.10009	0.02606	0.03089	0.01858	0.01149	0.01245	0.00378	0.01633	0.01173	0.00757	0.01653
46	0.03325	0.12844	0.03842	0.12292	0.04146	0.24804	0.02453	0.03709	0.02603	0.02839	0.01750	0.02348	0.01514	0.01366	0.01702	0.00359	0.15371	0.00845	0.00546	0.01343
47	0.02927	0.11637	0.03182	0.02307	0.03018	0.03165	0.01865	0.05750	0.42212	0.04526	0.04237	0.03945	0.03222	0.01485	0.01114	0.00371	0.00972	0.01204	0.01074	0.01785

[dist]
# distance from previous block
# <min> <max>
0	3

[block]
# block no. 1 follows, 10 sequences, length 24
# corresponding to MSA columns:
# 614-637
name=unknown_B
#
# <colnr> <probs for GDERKNQSTAVLIFYWHMCP>
#	G	D	E	R	K	N	Q	S	T	A	V	L	I	F	Y	W	H	M	C	P
0	0.11198	0.03258	0.02890	0.02484	0.03199	0.13544	0.01984	0.19421	0.15853	0.05218	0.03221	0.03767	0.02578	0.01510	0.01128	0.00367	0.01293	0.04434	0.00994	0.01657
1	0.01575	0.01265	0.02005	0.02009	0.02209	0.01182	0.06613	0.01870	0.02288	0.03059	0.05928	0.51805	0.06988	0.03327	0.01471	0.00463	0.00828	0.03077	0.01021	0.01019
2	0.02384	0.02362	0.03648	0.09340	0.03806	0.03046	0.07550	0.02775	0.02011	0.02946	0.02301	0.09737	0.02336	0.02017	0.02933	0.00477	0.37125	0.01349	0.00591	0.01267
3	0.03551	0.08115	0.09297	0.12431	0.04331	0.02848	0.02446	0.18184	0.03544	0.12918	0.02689	0.02880	0.01918	0.01229	0.01086	0.00331	0.01282	0.00964	0.00897	0.09057
4	0.02904	0.02535	0.04121	0.13383	0.09034	0.02846	0.12108	0.08575	0.02835	0.07557	0.06206	0.03429	0.02518	0.01467	0.01860	0.00405	0.14763	0.01199	0.00742	0.01513
5	0.01528	0.01069	0.01351	0.01495	0.01568	0.01019	0.00970	0.01714	0.02202	0.02970	0.11262	0.36919	0.07072	0.20061	0.02795	0.00655	0.00794	0.02672	0.00993	0.00892
6	0.02303	0.01560	0.01847	0.01670	0.02128	0.01526	0.01286	0.03360	0.12882	0.10467	0.27539	0.07694	0.16682	0.02208	0.01307	0.00377	0.00690	0.01892	0.01239	0.01341
7	0.03724	0.11985	0.04144	0.07802	0.04119	0.09380	0.07942	0.18344	0.07950	0.09253	0.02715	0.02890	0.02007	0.01257	0.01114	0.00342	0.01423	0.01022	0.00888	0.01700
8	0.03823	0.02394	0.02821	0.07247	0.03421	0.02545	0.01919	0.24821	0.04040	0.15790	0.03565	0.08356	0.02780	0.01584	0.01150	0.00356	0.01095	0.01284	0.09302	0.01707
9	0.01608	0.01093	0.01293	0.01375	0.01395	0.01072	0.00818	0.01670	0.01853	0.02471	0.04494	0.22950	0.05275	0.42359	0.04579	0.00930	0.00991	0.02179	0.00818	0.00777
10	0.02746	0.02328	0.03066	0.34695	0.05881	0.08337	0.02592	0.03389	0.02716	0.09506	0.09982	0.03958	0.03173	0.01390	0.01183	0.00370	0.01388	0.01183	0.00762	0.01355
11	0.09292	0.11922	0.09592	0.03257	0.12361	0.03087	0.02482	0.13533	0.08544	0.10800	0.02756	0.02866	0.02046	0.01231	0.01053	0.00343	0.01233	0.00965	0.00869	0.01767
12	0.04758	0.02387	0.03356	0.02531	0.03470	0.02258	0.07212	0.14441	0.03715	0.37282	0.03944	0.03614	0.02556	0.01376	0.01192	0.00361	0.01165	0.01167	0.01281	0.01931
13	0.02020	0.01581	0.01909	0.02008	0.02322	0.01680	0.01551	0.03304	0.17546	0.03722	0.05802	0.28105	0.06082	0.02860	0.01423	0.00466	0.00867	0.14374	0.01110	0.01267
14	0.02840	0.02436	0.04323	0.18373	0.11405	0.02524	0.16016	0.03841	0.07095	0.09430	0.03092	0.04220	0.02468	0.01352	0.01267	0.00395	0.01481	0.05118	0.00768	0.01557
15	0.03066	0.13285	0.04510	0.20885	0.11314	0.03275	0.07822	0.14402	0.03201	0.04200	0.02211	0.02771	0.01707	0.01153	0.01108	0.00347	0.01452	0.00999	0.00689	0.01600
16	0.02196	0.02067	0.03488	0.56331	0.08010	0.02584	0.03230	0.02972	0.02326	0.02972	0.02067	0.03101	0.01550	0.01163	0.01163	0.00388	0.01550	0.01034	0.00517	0.01292
17	0.01417	0.01012	0.01350	0.01619	0.01687	0.00945	0.01080	0.01619	0.02227	0.02969	0.06410	0.58367	0.07692	0.03644	0.01484	0.00472	0.00675	0.03306	0.01080	0.00945
18	0.01417	0.01012	0.01350	0.01619	0.01687	0.00945	0.01080	0.01619	0.02227	0.02969	0.06410	0.58367	0.07692	0.03644	0.01484	0.00472	0.00675	0.03306	0.01080	0.00945
19	0.02323	0.02250	0.03153	0.07737	0.03262	0.03008	0.02324	0.02657	0.02052	0.03020	0.07136	0.03949	0.06910	0.02068	0.03120	0.00474	0.41444	0.01250	0.00633	0.01232
20	0.03335	0.01931	0.02414	0.01817	0.02712	0.01554	0.01465	0.03832	0.02848	0.21567	0.08823	0.03717	0.03240	0.01251	0.01033	0.00263	0.00871	0.01031	0.01031	0.35267
21	0.67341	0.02249	0.01709	0.01529	0.02249	0.02609	0.01260	0.03419	0.01979	0.05218	0.01619	0.01889	0.01260	0.01080	0.00720	0.00360	0.00900	0.00630	0.00720	0.01260
22	0.04839	0.01907	0.02606	0.02078	0.02906	0.01667	0.01728	0.05299	0.03255	0.47103	0.04766	0.04996	0.03311	0.01640	0.01219	0.00380	0.00999	0.06027	0.01398	0.01876
23	0.04130	0.02356	0.02956	0.08546	0.03697	0.02303	0.01965	0.16440	0.03629	0.25453	0.03338	0.03255	0.02264	0.01289	0.01111	0.00326	0.01111	0.01032	0.01118	0.13683

[dist]
# distance from previous block
# <min> <max>
0	3

[block]
# block no. 2 follows, 10 sequences, length 17
# corresponding to MSA columns:
# 641-657
name=unknown_C
#
# <colnr> <probs for GDERKNQSTAVLIFYWHMCP>
#	G	D	E	R	K	N	Q	S	T	A	V	L	I	F	Y	W	H	M	C	P
0	0.03302	0.02407	0.02642	0.02314	0.03015	0.02685	0.01818	0.06090	0.41598	0.13279	0.04708	0.04272	0.03432	0.01554	0.01181	0.00388	0.00933	0.01289	0.01228	0.01865
1	0.03940	0.02212	0.02656	0.02145	0.02864	0.02219	0.01725	0.20092	0.03977	0.23026	0.11397	0.10465	0.04357	0.01821	0.01235	0.00370	0.00991	0.01513	0.01273	0.01724
2	0.03340	0.49872	0.05636	0.02111	0.03094	0.04427	0.02029	0.11315	0.02910	0.03545	0.01824	0.02029	0.01578	0.01066	0.00820	0.00266	0.01250	0.00697	0.00615	0.01578
3	0.01407	0.01179	0.01224	0.01213	0.01591	0.00996	0.00909	0.01733	0.02728	0.03326	0.16547	0.10891	0.46520	0.02877	0.01374	0.00389	0.00584	0.02412	0.01104	0.00996
4	0.01452	0.01162	0.01298	0.01304	0.01629	0.01008	0.00963	0.01803	0.02773	0.03527	0.21682	0.15898	0.35657	0.02874	0.01386	0.00395	0.00588	0.02458	0.01133	0.01008
5	0.03060	0.03327	0.12189	0.03552	0.04494	0.02991	0.18717	0.09332	0.08261	0.07972	0.02667	0.03088	0.01995	0.01340	0.01699	0.00402	0.11331	0.01169	0.00763	0.01652
6	0.02771	0.03025	0.06118	0.04456	0.05541	0.02933	0.39587	0.04157	0.11020	0.03926	0.02772	0.03349	0.02079	0.01086	0.01339	0.00393	0.01778	0.01362	0.00693	0.01617
7	0.01661	0.01246	0.01869	0.01869	0.02077	0.01454	0.01454	0.02077	0.01869	0.02700	0.03115	0.04569	0.02908	0.08723	0.54517	0.01869	0.03115	0.01246	0.00623	0.01038
8	0.01585	0.01289	0.01671	0.09834	0.02631	0.01255	0.01340	0.02010	0.02708	0.03516	0.20510	0.17538	0.24589	0.02633	0.01360	0.00398	0.00741	0.02286	0.01050	0.01056
9	0.21024	0.02657	0.02400	0.02077	0.02676	0.08437	0.01611	0.18471	0.03339	0.05002	0.03009	0.11560	0.02855	0.08030	0.01604	0.00452	0.01158	0.01317	0.00913	0.01408
10	0.03272	0.02536	0.02731	0.02374	0.03084	0.02865	0.01870	0.10768	0.40661	0.09462	0.04505	0.04133	0.03315	0.01545	0.01180	0.00386	0.00967	0.01272	0.01204	0.01869
11	0.01375	0.01178	0.01178	0.01178	0.01571	0.00982	0.00884	0.01669	0.02651	0.03142	0.11782	0.11193	0.51399	0.02946	0.01375	0.00393	0.00589	0.02455	0.01080	0.00982
12	0.02698	0.02579	0.04394	0.20169	0.40253	0.02716	0.03479	0.03411	0.02563	0.03580	0.02156	0.02937	0.01765	0.01070	0.01154	0.00357	0.01426	0.01036	0.00560	0.01696
13	0.04576	0.02123	0.02680	0.02151	0.02984	0.02036	0.01746	0.05809	0.16154	0.39473	0.04629	0.04064	0.03064	0.01478	0.01173	0.00369	0.00971	0.01210	0.01369	0.01941
14	0.01523	0.01088	0.01471	0.01740	0.01854	0.01036	0.01264	0.01802	0.02331	0.03087	0.06352	0.47891	0.07461	0.03544	0.01513	0.00487	0.00766	0.12738	0.01078	0.00974
15	0.02714	0.02159	0.03083	0.23607	0.10350	0.02428	0.02478	0.07677	0.11059	0.07703	0.03489	0.11925	0.03034	0.01650	0.01216	0.00392	0.01216	0.01449	0.00859	0.01513
16	0.03028	0.10013	0.16606	0.02452	0.03245	0.02596	0.02432	0.03592	0.02377	0.14542	0.02777	0.03659	0.02298	0.11567	0.02470	0.00514	0.12512	0.01081	0.00754	0.01484

[dist]
# distance from previous block
# <min> <max>
0	3

[block]
# block no. 3 follows, 10 sequences, length 43
# corresponding to MSA columns:
# 661-703
name=unknown_D
#
# <colnr> <probs for GDERKNQSTAVLIFYWHMCP>
#	G	D	E	R	K	N	Q	S	T	A	V	L	I	F	Y	W	H	M	C	P
0	0.01598	0.01109	0.01433	0.01494	0.01685	0.01035	0.01066	0.02008	0.02793	0.03956	0.29259	0.28243	0.08982	0.02799	0.01370	0.00401	0.00599	0.02500	0.06637	0.01035
1	0.03330	0.50311	0.05656	0.02105	0.03090	0.04435	0.02027	0.10970	0.02885	0.03509	0.01815	0.02022	0.01574	0.01062	0.00816	0.00266	0.01250	0.00693	0.00610	0.01574
2	0.13333	0.02098	0.02294	0.01690	0.02671	0.01728	0.01358	0.03011	0.02339	0.04030	0.01992	0.02324	0.01645	0.00898	0.00838	0.00204	0.00868	0.00679	0.00694	0.55306
3	0.20005	0.02759	0.02902	0.07927	0.03629	0.03135	0.02017	0.25445	0.11120	0.05955	0.02719	0.02834	0.01994	0.01319	0.01053	0.00363	0.01155	0.00981	0.00986	0.01702
4	0.46460	0.11146	0.02507	0.01633	0.02449	0.02740	0.01393	0.03346	0.02112	0.04593	0.01694	0.01974	0.01374	0.01030	0.00748	0.00311	0.00947	0.00639	0.00680	0.12225
5	0.02586	0.01853	0.02740	0.02233	0.02847	0.01769	0.09108	0.03568	0.10294	0.12487	0.20470	0.06735	0.14408	0.01963	0.01309	0.00379	0.00927	0.01763	0.01139	0.01422
6	0.02091	0.01261	0.01612	0.01551	0.01886	0.01131	0.01151	0.02486	0.02898	0.11386	0.25034	0.21918	0.15757	0.02674	0.01372	0.00399	0.00658	0.02347	0.01216	0.01173
7	0.01417	0.01012	0.01350	0.01619	0.01687	0.00945	0.01080	0.01619	0.02227	0.02969	0.06410	0.58367	0.07692	0.03644	0.01484	0.00472	0.00675	0.03306	0.01080	0.00945
8	0.08774	0.07611	0.10143	0.06957	0.03719	0.02674	0.02238	0.11957	0.07995	0.12065	0.02794	0.02897	0.02030	0.01211	0.01036	0.00324	0.01177	0.00936	0.00886	0.12576
9	0.02908	0.01724	0.02138	0.01857	0.02440	0.01604	0.01431	0.03808	0.10746	0.17422	0.12954	0.16739	0.05328	0.02031	0.01230	0.00363	0.00809	0.01762	0.01172	0.11532
10	0.02200	0.01311	0.01732	0.01557	0.01928	0.01192	0.01192	0.02733	0.03298	0.12109	0.44021	0.07954	0.09719	0.02232	0.01340	0.00365	0.00617	0.01959	0.01305	0.01234
11	0.16237	0.02665	0.03017	0.10674	0.03923	0.02938	0.02103	0.25373	0.03954	0.13878	0.02758	0.02864	0.01926	0.01307	0.01080	0.00359	0.01200	0.00986	0.01025	0.01734
12	0.28807	0.03296	0.16109	0.02249	0.03304	0.02498	0.02281	0.07921	0.02746	0.16714	0.02583	0.02634	0.01781	0.01203	0.00974	0.00361	0.01178	0.00862	0.00874	0.01625
13	0.02847	0.02054	0.02456	0.01776	0.02789	0.01575	0.01429	0.03353	0.02554	0.11370	0.02458	0.02652	0.01902	0.00951	0.00909	0.00201	0.00881	0.00764	0.00805	0.56273
14	0.01637	0.01354	0.01461	0.01462	0.01829	0.01280	0.01083	0.02398	0.09928	0.03489	0.12597	0.18365	0.33246	0.02817	0.01364	0.00405	0.00653	0.02404	0.01111	0.01117
15	0.02833	0.02520	0.04465	0.22812	0.25843	0.02639	0.10129	0.03576	0.02614	0.07760	0.02382	0.03087	0.01823	0.01105	0.01191	0.00368	0.01494	0.01099	0.00633	0.01628
16	0.03363	0.12496	0.20179	0.03346	0.08156	0.02768	0.10458	0.04197	0.02746	0.17060	0.02757	0.02928	0.01943	0.01154	0.01116	0.00350	0.01457	0.01009	0.00777	0.01740
17	0.01661	0.01246	0.01869	0.01869	0.02077	0.01454	0.01454	0.02077	0.01869	0.02700	0.03115	0.04569	0.02908	0.08723	0.54517	0.01869	0.03115	0.01246	0.00623	0.01038
18	0.01417	0.01012	0.01350	0.01619	0.01687	0.00945	0.01080	0.01619	0.02227	0.02969	0.06410	0.58367	0.07692	0.03644	0.01484	0.00472	0.00675	0.03306	0.01080	0.00945
19	0.02196	0.02067	0.03488	0.56331	0.08010	0.02584	0.03230	0.02972	0.02326	0.02972	0.02067	0.03101	0.01550	0.01163	0.01163	0.00388	0.01550	0.01034	0.00517	0.01292
20	0.20481	0.03574	0.18657	0.02829	0.07450	0.02743	0.02606	0.04408	0.17635	0.04498	0.02822	0.02943	0.02116	0.01245	0.01028	0.00373	0.01207	0.00958	0.00785	0.01642
21	0.02196	0.02067	0.03488	0.56331	0.08010	0.02584	0.03230	0.02972	0.02326	0.02972	0.02067	0.03101	0.01550	0.01163	0.01163	0.00388	0.01550	0.01034	0.00517	0.01292
22	0.02529	0.02346	0.03689	0.21726	0.24169	0.02374	0.02862	0.03200	0.02478	0.03527	0.02116	0.02824	0.01714	0.01030	0.01076	0.00312	0.01295	0.00941	0.00587	0.19205
23	0.03109	0.59826	0.06095	0.01990	0.02985	0.04602	0.01990	0.03483	0.02363	0.02736	0.01617	0.01866	0.01493	0.00995	0.00746	0.00249	0.01244	0.00622	0.00498	0.01493
24	0.03645	0.02331	0.02652	0.02271	0.03006	0.02510	0.01798	0.06015	0.34757	0.20321	0.04687	0.04216	0.03333	0.01533	0.01179	0.00383	0.00943	0.01268	0.01266	0.01886
25	0.01375	0.01178	0.01178	0.01178	0.01571	0.00982	0.00884	0.01669	0.02651	0.03142	0.11782	0.11193	0.51399	0.02946	0.01375	0.00393	0.00589	0.02455	0.01080	0.00982
26	0.02311	0.02184	0.03696	0.48056	0.15388	0.02614	0.03287	0.03072	0.02380	0.03111	0.02087	0.03063	0.01599	0.01142	0.01161	0.00381	0.01522	0.01034	0.00527	0.01385
27	0.02168	0.01084	0.01084	0.01084	0.01355	0.01084	0.00813	0.02710	0.02439	0.04336	0.03794	0.04336	0.02981	0.01355	0.00813	0.00271	0.00542	0.01084	0.65583	0.01084
28	0.01491	0.01155	0.01358	0.01367	0.01657	0.01022	0.01002	0.01872	0.02837	0.03723	0.26710	0.18123	0.27835	0.02835	0.01392	0.00395	0.00587	0.02457	0.01160	0.01022
29	0.01646	0.01189	0.01555	0.01463	0.01738	0.01097	0.01097	0.02195	0.03292	0.04664	0.51257	0.08688	0.10974	0.02378	0.01372	0.00366	0.00549	0.02103	0.01280	0.01097
30	0.13107	0.02592	0.02729	0.02361	0.03005	0.03039	0.01886	0.12433	0.29906	0.05119	0.03590	0.03512	0.02720	0.01518	0.01383	0.00393	0.06822	0.01133	0.01038	0.01715
31	0.02284	0.01650	0.02098	0.02162	0.02524	0.01706	0.01814	0.10892	0.03134	0.04128	0.05562	0.18186	0.05958	0.02937	0.01504	0.00490	0.01049	0.29610	0.01090	0.01223
32	0.01410	0.01040	0.01321	0.01545	0.01667	0.00951	0.01047	0.01628	0.02298	0.02998	0.07314	0.50432	0.15044	0.03526	0.01466	0.00459	0.00660	0.03163	0.01080	0.00951
33	0.02711	0.02291	0.02495	0.02327	0.02915	0.02616	0.01847	0.05507	0.41368	0.04618	0.04988	0.05906	0.04111	0.01870	0.01259	0.00420	0.00947	0.08938	0.01163	0.01704
34	0.15258	0.30664	0.04203	0.01934	0.02849	0.03302	0.01768	0.04185	0.02610	0.19486	0.02588	0.02553	0.01904	0.01155	0.00880	0.00305	0.01099	0.00802	0.00845	0.01610
35	0.09068	0.40013	0.04965	0.02073	0.03025	0.03996	0.01938	0.11165	0.02941	0.08323	0.02089	0.02216	0.01682	0.01111	0.00853	0.00285	0.01197	0.00745	0.00715	0.01599
36	0.22613	0.04439	0.27464	0.07614	0.04298	0.08056	0.03047	0.03636	0.02384	0.04005	0.01911	0.02303	0.01417	0.01112	0.00985	0.00360	0.01490	0.00793	0.00575	0.01499
37	0.17707	0.08987	0.20010	0.02872	0.04056	0.02866	0.10246	0.07446	0.02725	0.09356	0.02301	0.02572	0.01663	0.01127	0.01041	0.00357	0.01418	0.00919	0.00714	0.01617
38	0.33977	0.19030	0.15294	0.02086	0.03123	0.03181	0.02192	0.03500	0.02200	0.04164	0.01731	0.02019	0.01375	0.01062	0.00820	0.00331	0.01192	0.00683	0.00603	0.01434
39	0.13674	0.18210	0.11340	0.02314	0.03288	0.11623	0.02204	0.04275	0.02730	0.16449	0.02504	0.02551	0.01820	0.01177	0.00960	0.00322	0.01341	0.00826	0.00796	0.01596
40	0.13687	0.26466	0.07534	0.06540	0.03481	0.03391	0.02108	0.08458	0.02795	0.12257	0.02318	0.02466	0.01747	0.01148	0.00917	0.00315	0.01207	0.00811	0.00765	0.01589
41	0.23362	0.08170	0.07330	0.02183	0.02953	0.14745	0.01895	0.03937	0.02625	0.12204	0.02713	0.08230	0.02304	0.01432	0.00992	0.00349	0.01281	0.01050	0.00812	0.01434
42	0.07873	0.11550	0.15524	0.02578	0.03453	0.02445	0.09956	0.03009	0.02479	0.03618	0.10209	0.09089	0.03841	0.07543	0.01642	0.00442	0.01279	0.01397	0.00727	0.01346

[dist]
# distance from previous block
# <min> <max>
33	285

[block]
# block no. 4 follows, 10 sequences, length 6
# corresponding to MSA columns:
# 997-1002
name=unknown_E
#
# <colnr> <probs for GDERKNQSTAVLIFYWHMCP>
#	G	D	E	R	K	N	Q	S	T	A	V	L	I	F	Y	W	H	M	C	P
0	0.02562	0.14475	0.03203	0.01780	0.02805	0.02206	0.01510	0.03048	0.02401	0.03564	0.01970	0.02294	0.01673	0.00890	0.00837	0.00189	0.00943	0.00675	0.00648	0.52328
1	0.01571	0.01131	0.01488	0.01514	0.01721	0.01048	0.01092	0.02007	0.02945	0.04111	0.36641	0.24879	0.09904	0.02790	0.01408	0.00401	0.00590	0.02495	0.01215	0.01048
2	0.02508	0.22492	0.33057	0.02710	0.04054	0.03138	0.03245	0.03469	0.02511	0.03484	0.06922	0.02901	0.02442	0.01199	0.01019	0.00330	0.01450	0.00911	0.00573	0.01585
3	0.03461	0.01996	0.02411	0.02054	0.02666	0.02006	0.01612	0.13333	0.09168	0.20025	0.11024	0.16095	0.04915	0.02049	0.01265	0.00387	0.00914	0.01748	0.01251	0.01619
4	0.11437	0.14476	0.20269	0.03408	0.13912	0.02865	0.02885	0.03399	0.02518	0.03860	0.08067	0.03131	0.02708	0.01224	0.01027	0.00339	0.01298	0.00975	0.00640	0.01562
5	0.03262	0.02429	0.08734	0.02093	0.03063	0.01717	0.01919	0.03862	0.02759	0.19996	0.03470	0.04402	0.02759	0.01407	0.01096	0.00309	0.01039	0.06821	0.00966	0.27897

[dist]
# distance from previous block
# <min> <max>
0	8

[block]
# block no. 5 follows, 10 sequences, length 36
# corresponding to MSA columns:
# 1011-1028,1033-1050
name=unknown_F
#
# <colnr> <probs for GDERKNQSTAVLIFYWHMCP>
#	G	D	E	R	K	N	Q	S	T	A	V	L	I	F	Y	W	H	M	C	P
0	0.02697	0.02827	0.13079	0.37437	0.06637	0.02470	0.03200	0.03534	0.02508	0.10909	0.02467	0.03109	0.01744	0.01195	0.01153	0.00379	0.01495	0.01021	0.00657	0.01483
1	0.02638	0.03057	0.17157	0.25710	0.05565	0.02287	0.03017	0.03496	0.02645	0.11190	0.08835	0.03776	0.02957	0.01347	0.01175	0.00375	0.01380	0.01144	0.00753	0.01495
2	0.02959	0.03088	0.13375	0.12991	0.11403	0.02469	0.07373	0.04105	0.08745	0.11427	0.02857	0.03174	0.02082	0.01183	0.01145	0.00354	0.01364	0.01058	0.00775	0.08074
3	0.16276	0.02759	0.12190	0.02153	0.03034	0.02111	0.02046	0.07770	0.02959	0.19867	0.08142	0.09113	0.03487	0.01614	0.01118	0.00373	0.01064	0.01298	0.01034	0.01593
4	0.22051	0.03338	0.17318	0.07798	0.03844	0.02536	0.02502	0.09269	0.02751	0.08942	0.02643	0.07411	0.02154	0.01393	0.01043	0.00374	0.01245	0.01075	0.00786	0.01529
5	0.03109	0.59826	0.06095	0.01990	0.02985	0.04602	0.01990	0.03483	0.02363	0.02736	0.01617	0.01866	0.01493	0.00995	0.00746	0.00249	0.01244	0.00622	0.00498	0.01493
6	0.02097	0.02202	0.11295	0.01744	0.02436	0.01421	0.01672	0.02652	0.02802	0.09895	0.15203	0.08204	0.29295	0.02312	0.01296	0.00380	0.00849	0.01930	0.01046	0.01269
7	0.01418	0.01148	0.01259	0.01299	0.01615	0.00990	0.00949	0.01728	0.02653	0.03306	0.15871	0.19828	0.37866	0.03005	0.01395	0.00404	0.00600	0.02571	0.01106	0.00990
8	0.43836	0.02626	0.02375	0.01958	0.02756	0.02982	0.01615	0.20070	0.03283	0.06007	0.02058	0.02227	0.01528	0.01198	0.00886	0.00356	0.01042	0.00786	0.00886	0.01528
9	0.02308	0.02118	0.03212	0.07222	0.07283	0.02387	0.07968	0.03337	0.11599	0.03516	0.03935	0.17402	0.03915	0.02152	0.01813	0.00443	0.11745	0.05429	0.00844	0.01372
10	0.01417	0.01012	0.01350	0.01619	0.01687	0.00945	0.01080	0.01619	0.02227	0.02969	0.06410	0.58367	0.07692	0.03644	0.01484	0.00472	0.00675	0.03306	0.01080	0.00945
11	0.01595	0.01187	0.01483	0.01409	0.01706	0.01075	0.01057	0.02095	0.03170	0.04375	0.43760	0.09163	0.18651	0.02486	0.01372	0.00371	0.00556	0.02170	0.01242	0.01075
12	0.61119	0.02575	0.01866	0.01674	0.02382	0.07730	0.01357	0.03540	0.02109	0.04984	0.01637	0.01910	0.01283	0.01091	0.00752	0.00354	0.01018	0.00642	0.00708	0.01268
13	0.01428	0.01180	0.01252	0.01234	0.01604	0.01004	0.00926	0.01772	0.02777	0.03440	0.19512	0.10702	0.43483	0.02834	0.01374	0.00387	0.00581	0.02386	0.01119	0.01004
14	0.01714	0.01192	0.01706	0.01706	0.01846	0.01332	0.01250	0.01929	0.01789	0.02525	0.03081	0.05031	0.03051	0.17986	0.38533	0.10046	0.02454	0.01303	0.00624	0.00904
15	0.67341	0.02249	0.01709	0.01529	0.02249	0.02609	0.01260	0.03419	0.01979	0.05218	0.01619	0.01889	0.01260	0.01080	0.00720	0.00360	0.00900	0.00630	0.00720	0.01260
16	0.10779	0.03156	0.03310	0.02560	0.03470	0.03506	0.02114	0.43489	0.05116	0.07116	0.02674	0.02701	0.01905	0.01364	0.01119	0.00350	0.01241	0.01005	0.01119	0.01905
17	0.02637	0.02455	0.04101	0.06027	0.42054	0.02437	0.03085	0.03300	0.02774	0.03969	0.11796	0.04016	0.03630	0.01299	0.01195	0.00349	0.01219	0.01245	0.00714	0.01696
18	0.02585	0.23518	0.37812	0.02884	0.04367	0.03319	0.03547	0.03618	0.02425	0.03375	0.01934	0.02264	0.01480	0.01069	0.00988	0.00329	0.01564	0.00782	0.00493	0.01645
19	0.01462	0.01047	0.01390	0.01589	0.01697	0.00975	0.01083	0.01732	0.02435	0.03301	0.15192	0.48639	0.08335	0.03396	0.01462	0.00451	0.00650	0.03071	0.01119	0.00975
20	0.01631	0.01102	0.01286	0.01346	0.01361	0.01087	0.00787	0.01675	0.01809	0.02413	0.04270	0.18807	0.04992	0.46888	0.04941	0.00983	0.01028	0.02048	0.00787	0.00758
21	0.01462	0.01182	0.01299	0.01270	0.01625	0.01019	0.00952	0.01838	0.02857	0.03631	0.24478	0.10387	0.38398	0.02763	0.01374	0.00384	0.00576	0.02342	0.01144	0.01019
22	0.03843	0.04678	0.03908	0.03288	0.04008	0.37695	0.11084	0.04663	0.09203	0.03280	0.02286	0.02591	0.01816	0.01205	0.01130	0.00330	0.01918	0.00944	0.00673	0.01455
23	0.02333	0.06016	0.53100	0.03315	0.05034	0.02701	0.04297	0.03683	0.02455	0.03683	0.02087	0.02455	0.01473	0.01105	0.01105	0.00368	0.01719	0.00859	0.00491	0.01719
24	0.01661	0.01246	0.01869	0.01869	0.02077	0.01454	0.01454	0.02077	0.01869	0.02700	0.03115	0.04569	0.02908	0.08723	0.54517	0.01869	0.03115	0.01246	0.00623	0.01038
25	0.02196	0.02067	0.03488	0.56331	0.08010	0.02584	0.03230	0.02972	0.02326	0.02972	0.02067	0.03101	0.01550	0.01163	0.01163	0.00388	0.01550	0.01034	0.00517	0.01292
26	0.03890	0.03359	0.03117	0.02587	0.03329	0.12896	0.02052	0.29235	0.10915	0.05694	0.03240	0.08492	0.02684	0.01611	0.01177	0.00358	0.01324	0.01256	0.01051	0.01735
27	0.01730	0.01239	0.01698	0.01896	0.02121	0.01206	0.01550	0.02196	0.02700	0.03601	0.15044	0.22056	0.07748	0.03143	0.01534	0.00489	0.00883	0.27004	0.01114	0.01049
28	0.01417	0.01012	0.01350	0.01619	0.01687	0.00945	0.01080	0.01619	0.02227	0.02969	0.06410	0.58367	0.07692	0.03644	0.01484	0.00472	0.00675	0.03306	0.01080	0.00945
29	0.05062	0.02230	0.02854	0.02188	0.03094	0.02081	0.01808	0.13956	0.03748	0.43797	0.04237	0.03730	0.02703	0.01431	0.01168	0.00358	0.01046	0.01146	0.01385	0.01979
30	0.02740	0.26223	0.25418	0.03550	0.13411	0.03450	0.03261	0.03583	0.02457	0.03339	0.01925	0.02310	0.01553	0.01049	0.00975	0.00318	0.01469	0.00802	0.00510	0.01655
31	0.02528	0.02505	0.04553	0.30128	0.22016	0.02713	0.12039	0.03315	0.02514	0.03391	0.02163	0.03035	0.01688	0.01086	0.01200	0.00375	0.01575	0.01101	0.00550	0.01527
32	0.01417	0.01012	0.01350	0.01619	0.01687	0.00945	0.01080	0.01619	0.02227	0.02969	0.06410	0.58367	0.07692	0.03644	0.01484	0.00472	0.00675	0.03306	0.01080	0.00945
33	0.01417	0.01012	0.01350	0.01619	0.01687	0.00945	0.01080	0.01619	0.02227	0.02969	0.06410	0.58367	0.07692	0.03644	0.01484	0.00472	0.00675	0.03306	0.01080	0.00945
34	0.09493	0.02361	0.03068	0.02404	0.03151	0.02415	0.06344	0.18732	0.03518	0.18382	0.02995	0.03219	0.02153	0.01856	0.01810	0.13244	0.01182	0.01070	0.01015	0.01586
35	0.03181	0.02860	0.04480	0.06265	0.42420	0.02929	0.03303	0.12268	0.03200	0.04491	0.02306	0.02862	0.01869	0.01107	0.01154	0.00346	0.01362	0.01038	0.00691	0.01869

[dist]
# distance from previous block
# <min> <max>
0	1

[block]
# block no. 6 follows, 10 sequences, length 52
# corresponding to MSA columns:
# 1052-1103
name=unknown_G
#
# <colnr> <probs for GDERKNQSTAVLIFYWHMCP>
#	G	D	E	R	K	N	Q	S	T	A	V	L	I	F	Y	W	H	M	C	P
0	0.13683	0.02581	0.03116	0.02492	0.03254	0.02797	0.07304	0.19790	0.12260	0.05636	0.11343	0.03996	0.03688	0.01498	0.01157	0.00367	0.01108	0.01251	0.01046	0.01633
1	0.22331	0.25927	0.03882	0.02105	0.02903	0.14619	0.01816	0.03958	0.06730	0.03685	0.01938	0.02146	0.01611	0.01117	0.00843	0.00306	0.01297	0.00714	0.00647	0.01424
2	0.01661	0.01246	0.01869	0.01869	0.02077	0.01454	0.01454	0.02077	0.01869	0.02700	0.03115	0.04569	0.02908	0.08723	0.54517	0.01869	0.03115	0.01246	0.00623	0.01038
3	0.02912	0.46137	0.18052	0.02327	0.03506	0.04118	0.02577	0.03534	0.02387	0.02977	0.01737	0.02016	0.01488	0.01023	0.00838	0.00279	0.01365	0.00682	0.00496	0.01550
4	0.02601	0.01468	0.01648	0.01504	0.01925	0.01486	0.01160	0.03616	0.11044	0.10764	0.12330	0.05046	0.04460	0.01583	0.01022	0.00321	0.00668	0.01313	0.34705	0.01336
5	0.02922	0.43000	0.15925	0.02310	0.03431	0.04036	0.02474	0.03771	0.06693	0.03134	0.02002	0.02218	0.01675	0.01072	0.00863	0.00288	0.01317	0.00736	0.00558	0.01573
6	0.02196	0.02067	0.03488	0.56331	0.08010	0.02584	0.03230	0.02972	0.02326	0.02972	0.02067	0.03101	0.01550	0.01163	0.01163	0.00388	0.01550	0.01034	0.00517	0.01292
7	0.02623	0.05948	0.45922	0.03269	0.04826	0.10160	0.04002	0.03822	0.02577	0.03563	0.02045	0.02404	0.01477	0.01118	0.01097	0.00358	0.01773	0.00844	0.00507	0.01665
8	0.01759	0.01359	0.01659	0.01795	0.02086	0.01344	0.01411	0.02500	0.08659	0.03435	0.07372	0.24365	0.17118	0.03060	0.01462	0.00466	0.00825	0.17121	0.01090	0.01114
9	0.02315	0.02198	0.03414	0.23468	0.11774	0.02740	0.02759	0.02822	0.02168	0.03030	0.02459	0.10051	0.02382	0.01773	0.02133	0.00435	0.20841	0.01324	0.00596	0.01319
10	0.03605	0.02339	0.02651	0.02276	0.03007	0.02531	0.01801	0.06023	0.35555	0.19499	0.04689	0.04223	0.03345	0.01536	0.01179	0.00384	0.00942	0.01270	0.01262	0.01883
11	0.01630	0.01226	0.01534	0.01727	0.01880	0.01225	0.01189	0.02277	0.09079	0.03242	0.06169	0.50581	0.07095	0.03346	0.01441	0.00461	0.00710	0.03019	0.01095	0.01074
12	0.02333	0.06016	0.53100	0.03315	0.05034	0.02701	0.04297	0.03683	0.02455	0.03683	0.02087	0.02455	0.01473	0.01105	0.01105	0.00368	0.01719	0.00859	0.00491	0.01719
13	0.01417	0.01012	0.01350	0.01619	0.01687	0.00945	0.01080	0.01619	0.02227	0.02969	0.06410	0.58367	0.07692	0.03644	0.01484	0.00472	0.00675	0.03306	0.01080	0.00945
14	0.01417	0.01012	0.01350	0.01619	0.01687	0.00945	0.01080	0.01619	0.02227	0.02969	0.06410	0.58367	0.07692	0.03644	0.01484	0.00472	0.00675	0.03306	0.01080	0.00945
15	0.02879	0.02763	0.04721	0.07139	0.51871	0.02763	0.03569	0.03569	0.02648	0.03800	0.02188	0.02879	0.01842	0.01036	0.01151	0.00345	0.01382	0.01036	0.00576	0.01842
16	0.01896	0.01691	0.01696	0.01808	0.02037	0.07979	0.01331	0.02224	0.02642	0.03318	0.13552	0.32176	0.11251	0.02995	0.01417	0.00434	0.00888	0.08572	0.01049	0.01043
17	0.02285	0.02158	0.03648	0.49943	0.13706	0.02607	0.03274	0.03049	0.02367	0.03079	0.02083	0.03072	0.01588	0.01146	0.01161	0.00382	0.01528	0.01034	0.00524	0.01363
18	0.01691	0.01128	0.01268	0.01268	0.01268	0.01128	0.00705	0.01691	0.01691	0.02255	0.03665	0.07611	0.04228	0.59126	0.05920	0.01128	0.01128	0.01691	0.00705	0.00705
19	0.67341	0.02249	0.01709	0.01529	0.02249	0.02609	0.01260	0.03419	0.01979	0.05218	0.01619	0.01889	0.01260	0.01080	0.00720	0.00360	0.00900	0.00630	0.00720	0.01260
20	0.02427	0.12540	0.47401	0.03154	0.04785	0.02932	0.04017	0.03659	0.02444	0.03568	0.02030	0.02384	0.01476	0.01092	0.01061	0.00354	0.01661	0.00831	0.00492	0.01691
21	0.20019	0.02341	0.02490	0.02090	0.02860	0.02521	0.01685	0.08808	0.19882	0.19695	0.03741	0.03475	0.02636	0.01395	0.01060	0.00371	0.00966	0.01075	0.01142	0.01747
22	0.03422	0.03197	0.02937	0.02485	0.03036	0.15871	0.01968	0.18944	0.03859	0.04894	0.15236	0.04148	0.04184	0.01689	0.01534	0.00362	0.08529	0.01248	0.00966	0.01492
23	0.01417	0.01012	0.01350	0.01619	0.01687	0.00945	0.01080	0.01619	0.02227	0.02969	0.06410	0.58367	0.07692	0.03644	0.01484	0.00472	0.00675	0.03306	0.01080	0.00945
24	0.02545	0.02545	0.03562	0.03053	0.03053	0.03562	0.02545	0.02799	0.01781	0.02799	0.01527	0.02545	0.01527	0.02036	0.03817	0.00509	0.56997	0.01018	0.00509	0.01272
25	0.03879	0.11225	0.03741	0.03377	0.11765	0.25126	0.02317	0.04640	0.08701	0.10424	0.02600	0.02743	0.02005	0.01225	0.01061	0.00321	0.01560	0.00912	0.00774	0.01604
26	0.03034	0.01338	0.01542	0.01364	0.01813	0.01261	0.01067	0.03549	0.02692	0.18054	0.04019	0.04229	0.02952	0.01379	0.00914	0.00296	0.00669	0.01108	0.47380	0.01338
27	0.02333	0.06016	0.53100	0.03315	0.05034	0.02701	0.04297	0.03683	0.02455	0.03683	0.02087	0.02455	0.01473	0.01105	0.01105	0.00368	0.01719	0.00859	0.00491	0.01719
28	0.01613	0.01188	0.01509	0.01429	0.01717	0.01083	0.01071	0.02131	0.03214	0.04479	0.46471	0.08991	0.15875	0.02447	0.01372	0.00369	0.00554	0.02146	0.01256	0.01083
29	0.01874	0.01339	0.01874	0.02142	0.02410	0.01339	0.01874	0.02410	0.02677	0.03481	0.06158	0.13119	0.06693	0.03213	0.01606	0.00535	0.01071	0.44043	0.01071	0.01071
30	0.01417	0.01012	0.01350	0.01619	0.01687	0.00945	0.01080	0.01619	0.02227	0.02969	0.06410	0.58367	0.07692	0.03644	0.01484	0.00472	0.00675	0.03306	0.01080	0.00945
31	0.02790	0.02673	0.04561	0.13527	0.46175	0.02740	0.03525	0.03492	0.02606	0.03692	0.02172	0.02907	0.01804	0.01053	0.01153	0.00351	0.01404	0.01036	0.00568	0.01771
32	0.03109	0.59826	0.06095	0.01990	0.02985	0.04602	0.01990	0.03483	0.02363	0.02736	0.01617	0.01866	0.01493	0.00995	0.00746	0.00249	0.01244	0.00622	0.00498	0.01493
33	0.01622	0.01149	0.01492	0.01571	0.01737	0.01094	0.01135	0.01974	0.02619	0.03588	0.23644	0.23234	0.08237	0.12858	0.02239	0.00555	0.00762	0.08416	0.01092	0.00981
34	0.04443	0.02274	0.02542	0.02111	0.02827	0.08426	0.01670	0.04830	0.03133	0.37548	0.04543	0.13193	0.03538	0.01792	0.01209	0.00372	0.01079	0.01487	0.01268	0.01717
35	0.03109	0.59826	0.06095	0.01990	0.02985	0.04602	0.01990	0.03483	0.02363	0.02736	0.01617	0.01866	0.01493	0.00995	0.00746	0.00249	0.01244	0.00622	0.00498	0.01493
36	0.04421	0.03258	0.03490	0.02676	0.03607	0.03607	0.02211	0.47993	0.05468	0.07330	0.02792	0.02792	0.01978	0.01396	0.01163	0.00349	0.01280	0.01047	0.01163	0.01978
37	0.02692	0.02573	0.04383	0.20616	0.39854	0.02714	0.03476	0.03406	0.02560	0.03573	0.02155	0.02939	0.01762	0.01071	0.01155	0.00357	0.01428	0.01036	0.00560	0.01691
38	0.02196	0.02067	0.03488	0.56331	0.08010	0.02584	0.03230	0.02972	0.02326	0.02972	0.02067	0.03101	0.01550	0.01163	0.01163	0.00388	0.01550	0.01034	0.00517	0.01292
39	0.01908	0.01345	0.01548	0.01489	0.01876	0.01237	0.01117	0.02529	0.07043	0.07868	0.18505	0.16196	0.27648	0.02667	0.01355	0.00396	0.00657	0.02286	0.01165	0.01165
40	0.04345	0.05543	0.03296	0.02996	0.03596	0.54457	0.02247	0.04644	0.03296	0.02846	0.01798	0.02097	0.01498	0.01199	0.01049	0.00300	0.02097	0.00749	0.00599	0.01348
41	0.16457	0.02213	0.02632	0.02058	0.02929	0.02147	0.01699	0.11357	0.03391	0.37467	0.03787	0.03412	0.02453	0.01367	0.01086	0.00358	0.01015	0.01053	0.01268	0.01848
42	0.04345	0.05543	0.03296	0.02996	0.03596	0.54457	0.02247	0.04644	0.03296	0.02846	0.01798	0.02097	0.01498	0.01199	0.01049	0.00300	0.02097	0.00749	0.00599	0.01348
43	0.01501	0.01183	0.01354	0.01311	0.01649	0.01036	0.00983	0.01914	0.02950	0.03852	0.30200	0.10024	0.32538	0.02681	0.01373	0.00380	0.00570	0.02291	0.01173	0.01036
44	0.02748	0.02647	0.04404	0.12514	0.39518	0.02857	0.03381	0.03386	0.02484	0.03555	0.02078	0.02857	0.01761	0.01196	0.01537	0.00374	0.09417	0.01033	0.00559	0.01693
45	0.03974	0.07696	0.03117	0.02244	0.03052	0.02714	0.01851	0.17275	0.13867	0.20569	0.08049	0.03944	0.03371	0.01501	0.01150	0.00355	0.01041	0.01200	0.01205	0.01825
46	0.02966	0.01931	0.02933	0.13884	0.04049	0.01848	0.06042	0.03570	0.02834	0.16694	0.11133	0.05040	0.03956	0.01553	0.01206	0.00353	0.01112	0.05165	0.00973	0.12759
47	0.02800	0.02211	0.03088	0.02223	0.03261	0.01770	0.08087	0.03376	0.02571	0.09708	0.02414	0.02704	0.01869	0.00949	0.00972	0.00227	0.01035	0.00846	0.00766	0.49125
48	0.03944	0.02828	0.03480	0.09259	0.04140	0.10775	0.08625	0.04985	0.11302	0.23071	0.03533	0.03501	0.02451	0.01325	0.01181	0.00364	0.01365	0.01140	0.01023	0.01710
49	0.02649	0.02447	0.08780	0.02087	0.02838	0.02025	0.01833	0.04165	0.18521	0.08579	0.04040	0.11510	0.03429	0.01650	0.01114	0.00345	0.00939	0.01392	0.08824	0.12833
50	0.34505	0.01970	0.02029	0.01745	0.02439	0.02031	0.01403	0.04004	0.02522	0.22721	0.03425	0.10806	0.02795	0.01584	0.00999	0.00376	0.00901	0.01218	0.01042	0.01485
51	0.03012	0.02267	0.02537	0.02217	0.02923	0.02413	0.01761	0.05303	0.32988	0.10380	0.04463	0.04822	0.03494	0.01608	0.01174	0.00371	0.00934	0.05132	0.01133	0.11068

[dist]
# distance from previous block
# <min> <max>
2	66

[block]
# block no. 7 follows, 10 sequences, length 19
# corresponding to MSA columns:
# 1252-1270
name=unknown_H
#
# <colnr> <probs for GDERKNQSTAVLIFYWHMCP>
#	G	D	E	R	K	N	Q	S	T	A	V	L	I	F	Y	W	H	M	C	P
0	0.02231	0.02106	0.09568	0.01994	0.02523	0.01575	0.01741	0.03090	0.08562	0.09474	0.13780	0.27336	0.06280	0.02501	0.01331	0.00413	0.00877	0.02207	0.01083	0.01325
1	0.02541	0.08243	0.09842	0.14787	0.09253	0.07437	0.05903	0.03221	0.02572	0.03324	0.03197	0.04342	0.05964	0.01426	0.01146	0.00350	0.01406	0.05369	0.00650	0.09027
2	0.02720	0.02822	0.11038	0.02379	0.03170	0.05785	0.05541	0.03320	0.02734	0.11005	0.10011	0.05092	0.12272	0.01712	0.01456	0.00358	0.06760	0.01379	0.00881	0.09565
3	0.03882	0.08159	0.03113	0.02269	0.03036	0.07451	0.01852	0.15121	0.12001	0.17916	0.09503	0.03969	0.03539	0.01507	0.01144	0.00348	0.01118	0.01192	0.01140	0.01739
4	0.08992	0.02198	0.02539	0.01990	0.02803	0.02107	0.01605	0.03708	0.09575	0.08494	0.02599	0.02813	0.02040	0.01183	0.01272	0.00281	0.07480	0.00861	0.00815	0.36645
5	0.01723	0.01277	0.01578	0.01596	0.01813	0.01262	0.01130	0.02411	0.08201	0.03828	0.25081	0.24364	0.08177	0.09826	0.01958	0.00500	0.00706	0.02354	0.01131	0.01085
6	0.03313	0.11535	0.13194	0.03072	0.04157	0.03349	0.11176	0.19065	0.10706	0.04975	0.02713	0.02903	0.02018	0.01236	0.01138	0.00354	0.01428	0.01057	0.00844	0.01765
