[name]
unknown

[dist]
# distance from previous block
# <min> <max>
0	240

[block]
# block no. 0 follows, 13 sequences, length 63
# corresponding to MSA columns:
# 240-302
name=unknown_A
#
# <colnr> <probs for GDERKNQSTAVLIFYWHMCP>
#	G	D	E	R	K	N	Q	S	T	A	V	L	I	F	Y	W	H	M	C	P
0	0.01564	0.01117	0.01544	0.01788	0.01970	0.01097	0.01461	0.01949	0.02296	0.03008	0.05675	0.28795	0.06390	0.03052	0.01423	0.00468	0.00853	0.33639	0.00976	0.00935
1	0.01545	0.01123	0.01481	0.01508	0.01763	0.01060	0.01209	0.02023	0.02773	0.03798	0.36511	0.09344	0.12013	0.02440	0.01315	0.00383	0.00653	0.16982	0.01090	0.00982
2	0.02058	0.01205	0.01593	0.01426	0.01773	0.01094	0.01094	0.02542	0.02999	0.13366	0.46774	0.07154	0.08703	0.02014	0.01215	0.00332	0.00568	0.01765	0.01189	0.01136
3	0.01478	0.01080	0.01388	0.01311	0.01569	0.00990	0.00983	0.01960	0.02950	0.04139	0.52406	0.08064	0.13322	0.02199	0.01247	0.00334	0.00501	0.01935	0.01151	0.00990
4	0.70310	0.02045	0.01554	0.01390	0.02045	0.02372	0.01145	0.03108	0.01799	0.04744	0.01472	0.01718	0.01145	0.00981	0.00654	0.00327	0.00818	0.00573	0.00654	0.01145
5	0.01997	0.01879	0.03171	0.60301	0.07282	0.02349	0.02936	0.02701	0.02114	0.02701	0.01879	0.02819	0.01409	0.01057	0.01057	0.00352	0.01409	0.00940	0.00470	0.01175
6	0.02692	0.02554	0.04302	0.03240	0.04075	0.02599	0.26372	0.12386	0.15256	0.04291	0.08160	0.03569	0.02873	0.01215	0.01174	0.00348	0.01320	0.01251	0.00818	0.01506
7	0.70310	0.02045	0.01554	0.01390	0.02045	0.02372	0.01145	0.03108	0.01799	0.04744	0.01472	0.01718	0.01145	0.00981	0.00654	0.00327	0.00818	0.00573	0.00654	0.01145
8	0.02603	0.45080	0.21977	0.02191	0.03304	0.03636	0.02474	0.03224	0.02175	0.02761	0.01606	0.01866	0.01351	0.00936	0.00782	0.00261	0.01268	0.00634	0.00450	0.01422
9	0.02652	0.02863	0.05924	0.04249	0.05295	0.02736	0.47238	0.08446	0.02749	0.03723	0.02180	0.02820	0.01624	0.00930	0.01228	0.00352	0.01719	0.01217	0.00588	0.01464
10	0.02075	0.01866	0.02904	0.02501	0.03008	0.01917	0.13959	0.03356	0.18422	0.03485	0.04408	0.20572	0.04340	0.02066	0.01260	0.00400	0.01034	0.10256	0.00900	0.01271
11	0.01288	0.00920	0.01227	0.01472	0.01534	0.00859	0.00981	0.01472	0.02024	0.02699	0.05828	0.62152	0.06993	0.03312	0.01350	0.00429	0.00613	0.03006	0.00981	0.00859
12	0.02630	0.02271	0.02391	0.02152	0.02749	0.02630	0.01674	0.05618	0.54336	0.04423	0.04303	0.03945	0.03228	0.01434	0.01076	0.00359	0.00837	0.01195	0.01076	0.01674
13	0.03759	0.15345	0.03507	0.02487	0.03169	0.35644	0.01992	0.15342	0.03300	0.03520	0.01815	0.02015	0.01463	0.01097	0.00927	0.00274	0.01590	0.00723	0.00647	0.01383
14	0.02172	0.09703	0.53581	0.02926	0.04440	0.02582	0.03753	0.03335	0.02226	0.03286	0.01866	0.02193	0.01341	0.00997	0.00981	0.00327	0.01531	0.00766	0.00447	0.01548
15	0.04365	0.02383	0.02637	0.02090	0.02869	0.07806	0.01698	0.13885	0.07342	0.38046	0.03619	0.03256	0.02384	0.01289	0.01052	0.00322	0.01047	0.01014	0.01166	0.01731
16	0.70310	0.02045	0.01554	0.01390	0.02045	0.02372	0.01145	0.03108	0.01799	0.04744	0.01472	0.01718	0.01145	0.00981	0.00654	0.00327	0.00818	0.00573	0.00654	0.01145
17	0.02463	0.17830	0.36344	0.02875	0.04160	0.07464	0.08269	0.03384	0.02304	0.03102	0.01807	0.02152	0.01372	0.00978	0.00954	0.00308	0.01519	0.00774	0.00465	0.01476
18	0.01564	0.01200	0.01447	0.01364	0.01669	0.01143	0.01029	0.02271	0.08095	0.03992	0.41794	0.07936	0.18134	0.02187	0.01230	0.00340	0.00540	0.01901	0.01120	0.01046
19	0.02630	0.02271	0.02391	0.02152	0.02749	0.02630	0.01674	0.05618	0.54336	0.04423	0.04303	0.03945	0.03228	0.01434	0.01076	0.00359	0.00837	0.01195	0.01076	0.01674
20	0.04094	0.02842	0.03099	0.02376	0.03219	0.03102	0.01963	0.47843	0.04772	0.11823	0.02706	0.02647	0.01882	0.01273	0.01058	0.00318	0.01136	0.00963	0.01083	0.01798
21	0.02313	0.02313	0.03238	0.02776	0.02776	0.03238	0.02313	0.02545	0.01619	0.02545	0.01388	0.02313	0.01388	0.01851	0.03470	0.00463	0.60907	0.00925	0.00463	0.01157
22	0.01288	0.00920	0.01227	0.01472	0.01534	0.00859	0.00981	0.01472	0.02024	0.02699	0.05828	0.62152	0.06993	0.03312	0.01350	0.00429	0.00613	0.03006	0.00981	0.00859
23	0.02368	0.02669	0.05709	0.04109	0.05106	0.02491	0.47114	0.03195	0.02487	0.03332	0.03018	0.03603	0.07164	0.01074	0.01248	0.00357	0.01655	0.01349	0.00581	0.01371
24	0.70310	0.02045	0.01554	0.01390	0.02045	0.02372	0.01145	0.03108	0.01799	0.04744	0.01472	0.01718	0.01145	0.00981	0.00654	0.00327	0.00818	0.00573	0.00654	0.01145
25	0.01683	0.01203	0.01674	0.01884	0.02128	0.01194	0.01631	0.02171	0.02491	0.03274	0.10735	0.11513	0.06484	0.02843	0.01439	0.00471	0.00925	0.44288	0.00993	0.00976
26	0.01476	0.00999	0.01171	0.01231	0.01246	0.00984	0.00724	0.01522	0.01657	0.02209	0.03943	0.20460	0.04616	0.48248	0.04393	0.00879	0.00924	0.01898	0.00724	0.00694
27	0.02217	0.01893	0.01833	0.01738	0.01996	0.09183	0.01267	0.07572	0.06034	0.02968	0.03368	0.06023	0.03457	0.29556	0.08875	0.00794	0.01321	0.08172	0.00742	0.00991
28	0.01997	0.01879	0.03171	0.60301	0.07282	0.02349	0.02936	0.02701	0.02114	0.02701	0.01879	0.02819	0.01409	0.01057	0.01057	0.00352	0.01409	0.00940	0.00470	0.01175
29	0.02630	0.02271	0.02391	0.02152	0.02749	0.02630	0.01674	0.05618	0.54336	0.04423	0.04303	0.03945	0.03228	0.01434	0.01076	0.00359	0.00837	0.01195	0.01076	0.01674
30	0.02676	0.01379	0.01707	0.01486	0.01921	0.01301	0.01159	0.06571	0.02882	0.18794	0.21186	0.09258	0.05352	0.01716	0.01065	0.00316	0.00664	0.01459	0.17845	0.01263
31	0.02141	0.02026	0.03432	0.47788	0.18668	0.02387	0.03008	0.02828	0.02182	0.02876	0.01905	0.02772	0.01471	0.01030	0.01055	0.00343	0.01374	0.00940	0.00482	0.01291
32	0.01704	0.01217	0.01704	0.01947	0.02191	0.01217	0.01704	0.02191	0.02434	0.03164	0.05598	0.11926	0.06085	0.02921	0.01460	0.00487	0.00974	0.49130	0.00974	0.00974
33	0.01288	0.00920	0.01227	0.01472	0.01534	0.00859	0.00981	0.01472	0.02024	0.02699	0.05828	0.62152	0.06993	0.03312	0.01350	0.00429	0.00613	0.03006	0.00981	0.00859
34	0.02156	0.05256	0.53542	0.03264	0.08297	0.02460	0.03859	0.03341	0.02245	0.03356	0.01904	0.02260	0.01364	0.01000	0.01008	0.00333	0.01541	0.00793	0.00452	0.01571
35	0.04414	0.01835	0.02426	0.01881	0.02653	0.01649	0.01545	0.08795	0.03183	0.48457	0.08327	0.03870	0.03163	0.01376	0.01078	0.00327	0.00888	0.01125	0.01276	0.01733
36	0.70310	0.02045	0.01554	0.01390	0.02045	0.02372	0.01145	0.03108	0.01799	0.04744	0.01472	0.01718	0.01145	0.00981	0.00654	0.00327	0.00818	0.00573	0.00654	0.01145
37	0.01397	0.01102	0.01286	0.01388	0.01679	0.00991	0.01105	0.01725	0.02378	0.02937	0.08602	0.16006	0.35174	0.02819	0.01326	0.00405	0.00682	0.17101	0.00979	0.00915
38	0.02605	0.02547	0.04489	0.06283	0.51095	0.02529	0.08238	0.03259	0.02416	0.03447	0.02004	0.02641	0.01668	0.00937	0.01067	0.00318	0.01310	0.00973	0.00525	0.01650
39	0.02192	0.01879	0.02192	0.01566	0.02506	0.01409	0.01253	0.02662	0.02192	0.03445	0.01879	0.02192	0.01566	0.00783	0.00783	0.00157	0.00783	0.00626	0.00626	0.69305
40	0.01479	0.01080	0.01389	0.01312	0.01569	0.00990	0.00984	0.01961	0.02951	0.04142	0.52490	0.08060	0.13236	0.02198	0.01247	0.00334	0.00501	0.01935	0.01151	0.00990
41	0.01517	0.01108	0.01572	0.01572	0.01717	0.01253	0.01164	0.01807	0.01662	0.02361	0.02948	0.04796	0.02922	0.20676	0.46287	0.01543	0.02413	0.01227	0.00584	0.00874
42	0.01496	0.01081	0.01413	0.01330	0.01580	0.00998	0.00998	0.01995	0.02993	0.04240	0.55689	0.07898	0.09976	0.02162	0.01247	0.00333	0.00499	0.01912	0.01164	0.00998
43	0.01538	0.01025	0.01153	0.01153	0.01153	0.01025	0.00641	0.01538	0.01538	0.02050	0.03331	0.06919	0.03844	0.62842	0.05382	0.01025	0.01025	0.01538	0.00641	0.00641
44	0.02721	0.54775	0.13315	0.01990	0.02993	0.03924	0.02124	0.03193	0.02161	0.02617	0.01534	0.01777	0.01354	0.00920	0.00727	0.00242	0.01196	0.00598	0.00451	0.01388
45	0.70310	0.02045	0.01554	0.01390	0.02045	0.02372	0.01145	0.03108	0.01799	0.04744	0.01472	0.01718	0.01145	0.00981	0.00654	0.00327	0.00818	0.00573	0.00654	0.01145
46	0.02617	0.02512	0.04292	0.06490	0.56246	0.02512	0.03245	0.03245	0.02407	0.03454	0.01989	0.02617	0.01675	0.00942	0.01047	0.00314	0.01256	0.00942	0.00523	0.01675
47	0.02599	0.01867	0.02234	0.01616	0.02536	0.01432	0.01301	0.03059	0.02325	0.11970	0.02244	0.02416	0.01733	0.00867	0.00828	0.00184	0.00802	0.00696	0.00735	0.58555
48	0.02192	0.01879	0.02192	0.01566	0.02506	0.01409	0.01253	0.02662	0.02192	0.03445	0.01879	0.02192	0.01566	0.00783	0.00783	0.00157	0.00783	0.00626	0.00626	0.69305
49	0.02579	0.03042	0.16776	0.02861	0.06881	0.02379	0.08839	0.04311	0.23298	0.08320	0.06914	0.03541	0.02873	0.01266	0.01089	0.00345	0.01150	0.01122	0.00838	0.01576
50	0.01408	0.01006	0.01364	0.01609	0.01723	0.00962	0.01189	0.01679	0.02142	0.02833	0.05762	0.47707	0.06732	0.03200	0.01381	0.00446	0.00717	0.16271	0.00979	0.00892
51	0.02617	0.02512	0.04292	0.06490	0.56246	0.02512	0.03245	0.03245	0.02407	0.03454	0.01989	0.02617	0.01675	0.00942	0.01047	0.00314	0.01256	0.00942	0.00523	0.01675
52	0.29026	0.02337	0.03339	0.11848	0.13622	0.02527	0.11761	0.07199	0.02354	0.04095	0.01845	0.02335	0.01425	0.00992	0.00935	0.00333	0.01202	0.00857	0.00612	0.01355
53	0.29377	0.19445	0.11761	0.01852	0.02749	0.02741	0.01842	0.03519	0.02179	0.13011	0.02011	0.02122	0.01491	0.01021	0.00788	0.00301	0.01038	0.00690	0.00680	0.01384
54	0.02245	0.04639	0.41919	0.03204	0.04574	0.02515	0.13035	0.03586	0.07575	0.03465	0.02188	0.02526	0.01582	0.01026	0.01059	0.00341	0.01531	0.00913	0.00527	0.01548
55	0.01288	0.00920	0.01227	0.01472	0.01534	0.00859	0.00981	0.01472	0.02024	0.02699	0.05828	0.62152	0.06993	0.03312	0.01350	0.00429	0.00613	0.03006	0.00981	0.00859
56	0.04417	0.02269	0.08090	0.02042	0.02938	0.01789	0.01831	0.08931	0.03108	0.47342	0.03804	0.03372	0.02419	0.01274	0.01057	0.00327	0.00989	0.01025	0.01200	0.01775
57	0.09317	0.02272	0.03726	0.09745	0.36461	0.02332	0.06114	0.03063	0.02331	0.03482	0.02391	0.03729	0.02149	0.01201	0.01073	0.00343	0.01224	0.06983	0.00590	0.01474
58	0.01997	0.01879	0.03171	0.60301	0.07282	0.02349	0.02936	0.02701	0.02114	0.02701	0.01879	0.02819	0.01409	0.01057	0.01057	0.00352	0.01409	0.00940	0.00470	0.01175
59	0.02820	0.02387	0.03403	0.04257	0.29032	0.02508	0.02454	0.16832	0.06593	0.04388	0.06837	0.03250	0.02584	0.01741	0.05797	0.00433	0.01269	0.01058	0.00765	0.01592
60	0.02730	0.27629	0.24496	0.02411	0.03509	0.07542	0.02626	0.07563	0.06280	0.03304	0.01938	0.02148	0.01523	0.01025	0.00883	0.00288	0.01335	0.00733	0.00552	0.01484
61	0.02398	0.02289	0.03896	0.25503	0.38946	0.02455	0.03136	0.03053	0.02304	0.03188	0.01950	0.02688	0.01581	0.00983	0.01050	0.00328	0.01310	0.00941	0.00504	0.01498
62	0.02105	0.01990	0.03367	0.50914	0.15823	0.02378	0.02990	0.02796	0.02165	0.02833	0.01898	0.02784	0.01456	0.01037	0.01055	0.00346	0.01383	0.00940	0.00479	0.01262

[dist]
# distance from previous block
# <min> <max>
0	7

[block]
# block no. 1 follows, 13 sequences, length 190
# corresponding to MSA columns:
# 310-499
name=unknown_B
#
# <colnr> <probs for GDERKNQSTAVLIFYWHMCP>
#	G	D	E	R	K	N	Q	S	T	A	V	L	I	F	Y	W	H	M	C	P
0	0.09190	0.18472	0.23756	0.02464	0.03585	0.02710	0.06941	0.03651	0.02356	0.14148	0.02235	0.02384	0.01608	0.01029	0.00925	0.00308	0.01272	0.00807	0.00650	0.01509
1	0.02652	0.25786	0.25130	0.02538	0.03677	0.03050	0.06932	0.03622	0.06887	0.07175	0.02147	0.02345	0.01632	0.01019	0.00918	0.00299	0.01310	0.00801	0.00577	0.01504
2	0.04744	0.01799	0.02454	0.01881	0.02699	0.01554	0.01554	0.05153	0.03026	0.56979	0.04171	0.03599	0.02617	0.01309	0.01063	0.00327	0.00900	0.01063	0.01309	0.01799
3	0.02676	0.04163	0.23777	0.02552	0.03490	0.17581	0.02568	0.04021	0.15929	0.03380	0.03175	0.03242	0.06326	0.01277	0.01029	0.00326	0.01383	0.00981	0.00680	0.01445
4	0.03195	0.17806	0.10586	0.02512	0.07600	0.02786	0.02132	0.07955	0.14797	0.15810	0.02926	0.02866	0.02138	0.01164	0.00961	0.00309	0.01079	0.00915	0.00843	0.01619
5	0.03707	0.12995	0.10867	0.01995	0.02867	0.02079	0.01888	0.04202	0.02665	0.34645	0.03524	0.08504	0.02618	0.01380	0.01014	0.00320	0.01010	0.01116	0.01004	0.01601
6	0.01288	0.00920	0.01227	0.01472	0.01534	0.00859	0.00981	0.01472	0.02024	0.02699	0.05828	0.62152	0.06993	0.03312	0.01350	0.00429	0.00613	0.03006	0.00981	0.00859
7	0.02478	0.04230	0.35864	0.03481	0.12020	0.02428	0.07416	0.03688	0.07179	0.07659	0.02332	0.02606	0.01686	0.01050	0.01042	0.00335	0.01416	0.00904	0.00591	0.01597
8	0.03277	0.02374	0.08111	0.03605	0.21864	0.02026	0.02338	0.04075	0.07262	0.23756	0.07616	0.03522	0.02848	0.01234	0.01069	0.00326	0.01048	0.01078	0.00916	0.01653
9	0.04744	0.01799	0.02454	0.01881	0.02699	0.01554	0.01554	0.05153	0.03026	0.56979	0.04171	0.03599	0.02617	0.01309	0.01063	0.00327	0.00900	0.01063	0.01309	0.01799
10	0.02471	0.02364	0.04029	0.19108	0.44764	0.02474	0.03173	0.03117	0.02339	0.03278	0.01963	0.02664	0.01613	0.00969	0.01049	0.00323	0.01292	0.00941	0.00511	0.01557
11	0.02121	0.05469	0.57364	0.03014	0.04576	0.02455	0.03906	0.03348	0.02232	0.03348	0.01897	0.02232	0.01339	0.01005	0.01005	0.00335	0.01563	0.00781	0.00446	0.01563
12	0.04179	0.01925	0.02437	0.01953	0.02712	0.01841	0.01586	0.05277	0.16726	0.42946	0.04207	0.03691	0.02780	0.01342	0.01067	0.00336	0.00883	0.01099	0.01246	0.01766
13	0.70310	0.02045	0.01554	0.01390	0.02045	0.02372	0.01145	0.03108	0.01799	0.04744	0.01472	0.01718	0.01145	0.00981	0.00654	0.00327	0.00818	0.00573	0.00654	0.01145
14	0.03318	0.35155	0.04227	0.02115	0.02879	0.19809	0.01842	0.03878	0.07090	0.07746	0.02019	0.02133	0.01641	0.01043	0.00830	0.00261	0.01312	0.00701	0.00614	0.01387
15	0.03196	0.08117	0.04744	0.03822	0.13284	0.02463	0.24488	0.03851	0.02601	0.18764	0.02637	0.02919	0.01886	0.01022	0.01107	0.00329	0.01376	0.01078	0.00748	0.01571
16	0.02425	0.10108	0.47818	0.02805	0.04242	0.02520	0.03508	0.03500	0.02299	0.08253	0.02072	0.02313	0.01459	0.01024	0.00982	0.00325	0.01464	0.00789	0.00527	0.01567
17	0.03325	0.23057	0.20055	0.02200	0.03271	0.02685	0.02348	0.03958	0.02500	0.22972	0.02602	0.02564	0.01819	0.01085	0.00920	0.00296	0.01175	0.00815	0.00768	0.01583
18	0.01378	0.01076	0.01249	0.01206	0.01507	0.00947	0.00904	0.01766	0.02713	0.03576	0.34111	0.08991	0.31968	0.02409	0.01248	0.00344	0.00516	0.02065	0.01077	0.00947
19	0.02121	0.05469	0.57364	0.03014	0.04576	0.02455	0.03906	0.03348	0.02232	0.03348	0.01897	0.02232	0.01339	0.01005	0.01005	0.00335	0.01563	0.00781	0.00446	0.01563
20	0.02617	0.02512	0.04292	0.06490	0.56246	0.02512	0.03245	0.03245	0.02407	0.03454	0.01989	0.02617	0.01675	0.00942	0.01047	0.00314	0.01256	0.00942	0.00523	0.01675
21	0.01753	0.01149	0.01659	0.01683	0.01902	0.01230	0.01295	0.02099	0.01943	0.07245	0.03834	0.17707	0.03884	0.05936	0.36402	0.01202	0.02024	0.05298	0.00755	0.01001
22	0.04081	0.02862	0.03111	0.02385	0.03229	0.03131	0.01971	0.48638	0.04804	0.10983	0.02679	0.02629	0.01868	0.01273	0.01058	0.00318	0.01141	0.00961	0.01079	0.01798
23	0.02617	0.02512	0.04292	0.06490	0.56246	0.02512	0.03245	0.03245	0.02407	0.03454	0.01989	0.02617	0.01675	0.00942	0.01047	0.00314	0.01256	0.00942	0.00523	0.01675
24	0.01997	0.01879	0.03171	0.60301	0.07282	0.02349	0.02936	0.02701	0.02114	0.02701	0.01879	0.02819	0.01409	0.01057	0.01057	0.00352	0.01409	0.00940	0.00470	0.01175
25	0.03190	0.02432	0.02619	0.02211	0.02897	0.02732	0.01760	0.19021	0.36278	0.09132	0.03790	0.03517	0.02772	0.01378	0.01070	0.00344	0.00935	0.01116	0.01089	0.01719
26	0.01496	0.01081	0.01413	0.01330	0.01580	0.00998	0.00998	0.01995	0.02993	0.04240	0.55689	0.07898	0.09976	0.02162	0.01247	0.00333	0.00499	0.01912	0.01164	0.00998
27	0.02096	0.01980	0.03350	0.51696	0.15111	0.02375	0.02986	0.02788	0.02161	0.02822	0.01897	0.02787	0.01452	0.01039	0.01055	0.00346	0.01385	0.00940	0.00478	0.01255
28	0.01496	0.01081	0.01413	0.01330	0.01580	0.00998	0.00998	0.01995	0.02993	0.04240	0.55689	0.07898	0.09976	0.02162	0.01247	0.00333	0.00499	0.01912	0.01164	0.00998
29	0.03060	0.02485	0.02633	0.02239	0.02913	0.02831	0.01778	0.20214	0.39040	0.05117	0.03757	0.03509	0.02785	0.01383	0.01070	0.00346	0.00938	0.01120	0.01070	0.01712
30	0.02292	0.02163	0.03582	0.30762	0.28756	0.02335	0.02918	0.02941	0.02253	0.03107	0.01928	0.02670	0.01543	0.00980	0.01027	0.00317	0.01283	0.00912	0.00508	0.07723
31	0.02193	0.04305	0.36866	0.03346	0.04653	0.02415	0.19132	0.03259	0.02373	0.03428	0.06028	0.02857	0.02075	0.01056	0.01100	0.00342	0.01552	0.01015	0.00529	0.01477
32	0.02357	0.02444	0.03966	0.03184	0.03443	0.03101	0.14467	0.02749	0.01832	0.02749	0.01570	0.02444	0.01440	0.01618	0.02931	0.00437	0.46561	0.01004	0.00480	0.01222
33	0.03971	0.04411	0.03050	0.02636	0.03272	0.41881	0.02033	0.18877	0.03593	0.03819	0.01908	0.02098	0.01494	0.01144	0.00985	0.00286	0.01682	0.00763	0.00700	0.01399
34	0.02504	0.12166	0.29053	0.03002	0.04189	0.02567	0.14587	0.03401	0.02368	0.07962	0.02387	0.03187	0.01890	0.01142	0.01058	0.00336	0.01450	0.04688	0.00586	0.01477
35	0.02218	0.13460	0.50225	0.02848	0.04320	0.02694	0.03618	0.03323	0.02221	0.03230	0.01839	0.02158	0.01342	0.00991	0.00960	0.00320	0.01503	0.00752	0.00447	0.01534
36	0.01787	0.01022	0.01151	0.01119	0.01367	0.00990	0.00839	0.02282	0.02518	0.04058	0.23719	0.05477	0.05529	0.01593	0.00936	0.00280	0.00495	0.01345	0.42502	0.00990
37	0.02075	0.01788	0.02871	0.14101	0.21944	0.01873	0.02464	0.02650	0.02367	0.03181	0.03667	0.07033	0.03702	0.01894	0.01243	0.00402	0.01151	0.23613	0.00725	0.01254
38	0.02309	0.02270	0.04073	0.31231	0.25553	0.02461	0.10751	0.03014	0.02285	0.03093	0.01961	0.02748	0.01540	0.00988	0.01083	0.00338	0.01409	0.00988	0.00500	0.01403
39	0.01288	0.00920	0.01227	0.01472	0.01534	0.00859	0.00981	0.01472	0.02024	0.02699	0.05828	0.62152	0.06993	0.03312	0.01350	0.00429	0.00613	0.03006	0.00981	0.00859
40	0.02350	0.01200	0.01614	0.01584	0.01890	0.01081	0.01156	0.02629	0.02410	0.19234	0.09607	0.39801	0.05927	0.02608	0.01254	0.00390	0.00690	0.02325	0.01096	0.01155
41	0.02275	0.02172	0.03780	0.42305	0.10912	0.02482	0.11158	0.06365	0.02403	0.03158	0.01978	0.02787	0.01492	0.01034	0.01088	0.00347	0.01441	0.00992	0.00526	0.01303
42	0.01307	0.00928	0.01221	0.01448	0.01505	0.00871	0.00956	0.01477	0.01988	0.02650	0.05639	0.57989	0.06756	0.07799	0.01653	0.00474	0.00644	0.02895	0.00956	0.00842
43	0.01538	0.01099	0.01514	0.01758	0.01929	0.01074	0.01416	0.01905	0.02271	0.02979	0.05689	0.31926	0.06447	0.03077	0.01416	0.00464	0.00830	0.30763	0.00977	0.00928
44	0.70310	0.02045	0.01554	0.01390	0.02045	0.02372	0.01145	0.03108	0.01799	0.04744	0.01472	0.01718	0.01145	0.00981	0.00654	0.00327	0.00818	0.00573	0.00654	0.01145
45	0.01445	0.01055	0.01358	0.01332	0.01561	0.00968	0.00980	0.01877	0.02798	0.03895	0.44497	0.16406	0.13123	0.02379	0.01263	0.00349	0.00519	0.02105	0.01122	0.00968
46	0.02192	0.01879	0.02192	0.01566	0.02506	0.01409	0.01253	0.02662	0.02192	0.03445	0.01879	0.02192	0.01566	0.00783	0.00783	0.00157	0.00783	0.00626	0.00626	0.69305
47	0.01712	0.01136	0.01440	0.01332	0.01643	0.01025	0.01010	0.02167	0.02902	0.08165	0.44414	0.07926	0.16760	0.02177	0.01233	0.00336	0.00536	0.01897	0.01146	0.01044
48	0.01476	0.01047	0.01269	0.01248	0.01398	0.00990	0.00841	0.01740	0.02311	0.03163	0.28006	0.11412	0.11443	0.25831	0.02858	0.00610	0.00714	0.01869	0.00932	0.00840
49	0.02183	0.10594	0.52786	0.02907	0.04412	0.02608	0.03721	0.03332	0.02225	0.03272	0.01860	0.02185	0.01341	0.00996	0.00976	0.00325	0.01524	0.00762	0.00447	0.01544
50	0.04744	0.01799	0.02454	0.01881	0.02699	0.01554	0.01554	0.05153	0.03026	0.56979	0.04171	0.03599	0.02617	0.01309	0.01063	0.00327	0.00900	0.01063	0.01309	0.01799
51	0.02192	0.01879	0.02192	0.01566	0.02506	0.01409	0.01253	0.02662	0.02192	0.03445	0.01879	0.02192	0.01566	0.00783	0.00783	0.00157	0.00783	0.00626	0.00626	0.69305
52	0.08268	0.02079	0.02148	0.01772	0.02355	0.02276	0.01428	0.26311	0.06871	0.05313	0.02924	0.03111	0.02194	0.01243	0.00904	0.00293	0.00855	0.00951	0.27279	0.01424
53	0.02121	0.05469	0.57364	0.03014	0.04576	0.02455	0.03906	0.03348	0.02232	0.03348	0.01897	0.02232	0.01339	0.01005	0.01005	0.00335	0.01563	0.00781	0.00446	0.01563
54	0.04744	0.01799	0.02454	0.01881	0.02699	0.01554	0.01554	0.05153	0.03026	0.56979	0.04171	0.03599	0.02617	0.01309	0.01063	0.00327	0.00900	0.01063	0.01309	0.01799
55	0.02121	0.05469	0.57364	0.03014	0.04576	0.02455	0.03906	0.03348	0.02232	0.03348	0.01897	0.02232	0.01339	0.01005	0.01005	0.00335	0.01563	0.00781	0.00446	0.01563
56	0.04744	0.01799	0.02454	0.01881	0.02699	0.01554	0.01554	0.05153	0.03026	0.56979	0.04171	0.03599	0.02617	0.01309	0.01063	0.00327	0.00900	0.01063	0.01309	0.01799
57	0.02754	0.02729	0.04862	0.03604	0.04527	0.02753	0.32771	0.11232	0.15296	0.04121	0.02717	0.03068	0.02022	0.01078	0.01178	0.00351	0.01464	0.01191	0.00742	0.01541
58	0.01971	0.00985	0.00985	0.00985	0.01232	0.00985	0.00739	0.02464	0.02217	0.03942	0.03449	0.03942	0.02710	0.01232	0.00739	0.00246	0.00493	0.00985	0.68712	0.00985
59	0.04684	0.01895	0.02513	0.01927	0.02747	0.01696	0.01592	0.09075	0.03187	0.52830	0.04037	0.03511	0.02550	0.01305	0.01063	0.00326	0.00921	0.01054	0.01288	0.01799
60	0.03344	0.02838	0.14472	0.02728	0.03712	0.02110	0.14146	0.08308	0.02908	0.24534	0.07329	0.03404	0.02651	0.01214	0.01110	0.00335	0.01235	0.01110	0.00915	0.01596
61	0.01543	0.01102	0.01519	0.01763	0.01936	0.01078	0.01424	0.01912	0.02275	0.02984	0.05687	0.31382	0.06437	0.03073	0.01417	0.00465	0.00834	0.31263	0.00977	0.00929
62	0.02762	0.01218	0.01404	0.01241	0.01650	0.01148	0.00972	0.03231	0.02448	0.19074	0.03655	0.03844	0.02684	0.01254	0.00832	0.00269	0.00609	0.01008	0.49481	0.01218
63	0.02741	0.02552	0.04193	0.06131	0.51567	0.02580	0.03136	0.07616	0.02634	0.03738	0.02037	0.02610	0.01686	0.00971	0.01048	0.00314	0.01248	0.00943	0.00571	0.01686
64	0.03921	0.06791	0.12395	0.02332	0.03307	0.02098	0.06494	0.07651	0.02911	0.36128	0.03314	0.03102	0.02171	0.01190	0.01043	0.00324	0.01123	0.00990	0.01019	0.01696
65	0.65171	0.02277	0.01666	0.01494	0.02140	0.06726	0.01215	0.03194	0.01892	0.04577	0.01485	0.01732	0.01162	0.00990	0.00677	0.00323	0.00902	0.00581	0.00646	0.01151
66	0.01288	0.00920	0.01227	0.01472	0.01534	0.00859	0.00981	0.01472	0.02024	0.02699	0.05828	0.62152	0.06993	0.03312	0.01350	0.00429	0.00613	0.03006	0.00981	0.00859
67	0.01496	0.01081	0.01413	0.01330	0.01580	0.00998	0.00998	0.01995	0.02993	0.04240	0.55689	0.07898	0.09976	0.02162	0.01247	0.00333	0.00499	0.01912	0.01164	0.00998
68	0.01628	0.01202	0.01784	0.01744	0.01888	0.01426	0.01347	0.01868	0.01645	0.02370	0.02560	0.03856	0.02416	0.06775	0.45810	0.11633	0.07533	0.01083	0.00542	0.00890
69	0.50497	0.01971	0.01826	0.01539	0.02242	0.02125	0.01269	0.03726	0.02170	0.20528	0.02288	0.02286	0.01590	0.01080	0.00778	0.00327	0.00843	0.00721	0.00852	0.01343
70	0.02151	0.01217	0.01513	0.01406	0.01789	0.01068	0.01064	0.02489	0.02614	0.16099	0.18550	0.18618	0.22585	0.02359	0.01225	0.00359	0.00630	0.02035	0.01102	0.01127
71	0.09794	0.01988	0.02488	0.01923	0.02732	0.01869	0.01588	0.11913	0.03213	0.45550	0.03721	0.03297	0.02382	0.01277	0.01030	0.00326	0.00932	0.01008	0.01221	0.01748
72	0.02972	0.02441	0.02583	0.02221	0.02880	0.02790	0.01756	0.17222	0.42175	0.04975	0.03869	0.03598	0.02875	0.01394	0.01071	0.00348	0.00917	0.01135	0.01071	0.01704
73	0.02121	0.05469	0.57364	0.03014	0.04576	0.02455	0.03906	0.03348	0.02232	0.03348	0.01897	0.02232	0.01339	0.01005	0.01005	0.00335	0.01563	0.00781	0.00446	0.01563
74	0.02827	0.63478	0.05540	0.01809	0.02714	0.04184	0.01809	0.03166	0.02148	0.02488	0.01470	0.01696	0.01357	0.00905	0.00678	0.00226	0.01131	0.00565	0.00452	0.01357
75	0.01704	0.01217	0.01704	0.01947	0.02191	0.01217	0.01704	0.02191	0.02434	0.03164	0.05598	0.11926	0.06085	0.02921	0.01460	0.00487	0.00974	0.49130	0.00974	0.00974
76	0.02827	0.63478	0.05540	0.01809	0.02714	0.04184	0.01809	0.03166	0.02148	0.02488	0.01470	0.01696	0.01357	0.00905	0.00678	0.00226	0.01131	0.00565	0.00452	0.01357
77	0.03751	0.02259	0.02601	0.02118	0.02857	0.02383	0.01709	0.16671	0.23399	0.24594	0.03833	0.03480	0.02659	0.01348	0.01067	0.00337	0.00938	0.01088	0.01159	0.01750
78	0.01288	0.00920	0.01227	0.01472	0.01534	0.00859	0.00981	0.01472	0.02024	0.02699	0.05828	0.62152	0.06993	0.03312	0.01350	0.00429	0.00613	0.03006	0.00981	0.00859
79	0.02529	0.02074	0.02175	0.01973	0.02516	0.02377	0.01530	0.05134	0.46335	0.04349	0.04172	0.03944	0.03148	0.01403	0.01024	0.00341	0.00784	0.01163	0.11459	0.01568
80	0.01538	0.01025	0.01153	0.01153	0.01153	0.01025	0.00641	0.01538	0.01538	0.02050	0.03331	0.06919	0.03844	0.62842	0.05382	0.01025	0.01025	0.01538	0.00641	0.00641
81	0.32936	0.01993	0.02120	0.01711	0.02461	0.02036	0.01412	0.07857	0.02644	0.30683	0.02885	0.02708	0.01921	0.01165	0.00887	0.00326	0.00884	0.00843	0.01008	0.01517
82	0.03227	0.01986	0.02242	0.01908	0.02530	0.02113	0.01515	0.08855	0.27390	0.19205	0.03981	0.03732	0.02854	0.01352	0.01016	0.00328	0.00825	0.01104	0.12231	0.01606
83	0.02192	0.01879	0.02192	0.01566	0.02506	0.01409	0.01253	0.02662	0.02192	0.03445	0.01879	0.02192	0.01566	0.00783	0.00783	0.00157	0.00783	0.00626	0.00626	0.69305
84	0.02192	0.02078	0.03524	0.43382	0.22677	0.02400	0.03033	0.02872	0.02206	0.02938	0.01914	0.02755	0.01493	0.01021	0.01054	0.00340	0.01361	0.00940	0.00487	0.01332
85	0.01347	0.00965	0.01279	0.01432	0.01547	0.00898	0.00986	0.01619	0.02297	0.03133	0.19863	0.46880	0.07833	0.02989	0.01321	0.00402	0.00581	0.02698	0.01033	0.00898
86	0.02309	0.01279	0.01502	0.01349	0.01821	0.01090	0.01045	0.02612	0.02564	0.19198	0.08332	0.12474	0.35716	0.02316	0.01202	0.00354	0.00652	0.01942	0.01081	0.01164
87	0.01997	0.01879	0.03171	0.60301	0.07282	0.02349	0.02936	0.02701	0.02114	0.02701	0.01879	0.02819	0.01409	0.01057	0.01057	0.00352	0.01409	0.00940	0.00470	0.01175
88	0.03100	0.03624	0.03122	0.02751	0.03013	0.29858	0.02183	0.03351	0.02281	0.02565	0.01506	0.02118	0.01375	0.01485	0.02260	0.00371	0.32537	0.00808	0.00502	0.01190
89	0.01288	0.00920	0.01227	0.01472	0.01534	0.00859	0.00981	0.01472	0.02024	0.02699	0.05828	0.62152	0.06993	0.03312	0.01350	0.00429	0.00613	0.03006	0.00981	0.00859
90	0.01704	0.01217	0.01704	0.01947	0.02191	0.01217	0.01704	0.02191	0.02434	0.03164	0.05598	0.11926	0.06085	0.02921	0.01460	0.00487	0.00974	0.49130	0.00974	0.00974
91	0.04426	0.02059	0.02744	0.02401	0.07766	0.01930	0.01787	0.12896	0.03293	0.43633	0.03697	0.03331	0.02393	0.01268	0.01061	0.00324	0.00977	0.01033	0.01194	0.01788
92	0.02475	0.02047	0.02344	0.01700	0.02625	0.01699	0.01370	0.10407	0.02622	0.03943	0.01981	0.02246	0.01602	0.00858	0.00826	0.00181	0.00842	0.00677	0.00693	0.58861
93	0.03961	0.02417	0.03335	0.03002	0.11129	0.02415	0.06688	0.21662	0.03578	0.26111	0.03076	0.03006	0.02091	0.01201	0.01076	0.00324	0.01129	0.01023	0.01031	0.01746
94	0.03954	0.02795	0.03037	0.02358	0.03178	0.03066	0.01938	0.44146	0.09382	0.10900	0.02847	0.02763	0.02003	0.01288	0.01060	0.00322	0.01110	0.00984	0.01082	0.01787
95	0.02971	0.02683	0.05406	0.03894	0.04907	0.02526	0.40615	0.06913	0.02746	0.12550	0.02505	0.02956	0.01786	0.00986	0.01205	0.00349	0.01595	0.01198	0.00698	0.01513
96	0.08348	0.08199	0.12001	0.03614	0.15778	0.24161	0.06674	0.03632	0.02548	0.03133	0.01774	0.02170	0.01434	0.01005	0.00964	0.00300	0.01554	0.00787	0.00526	0.01401
97	0.02029	0.01780	0.02794	0.03837	0.27673	0.01715	0.02082	0.02515	0.02435	0.03454	0.14870	0.17589	0.04757	0.01754	0.01144	0.00334	0.00905	0.01616	0.00780	0.05937
98	0.02379	0.12133	0.02740	0.01695	0.02536	0.06540	0.01390	0.02792	0.02240	0.03167	0.02061	0.06169	0.01884	0.01000	0.00819	0.00196	0.00921	0.00783	0.00615	0.47939
99	0.01887	0.01182	0.01451	0.01324	0.01692	0.01044	0.01014	0.02296	0.02804	0.11454	0.33251	0.08029	0.24133	0.02209	0.01221	0.00340	0.00569	0.01895	0.01124	0.01079
100	0.02541	0.02005	0.02786	0.02392	0.02904	0.06912	0.11774	0.03206	0.07060	0.12183	0.04243	0.22226	0.04176	0.02055	0.01236	0.00385	0.01091	0.08658	0.00913	0.01255
101	0.02121	0.05469	0.57364	0.03014	0.04576	0.02455	0.03906	0.03348	0.02232	0.03348	0.01897	0.02232	0.01339	0.01005	0.01005	0.00335	0.01563	0.00781	0.00446	0.01563
102	0.01493	0.01051	0.01239	0.01239	0.01322	0.01060	0.00785	0.01597	0.01687	0.02233	0.04259	0.06874	0.10789	0.44743	0.14330	0.01053	0.01280	0.01561	0.00674	0.00730
103	0.02706	0.53571	0.14392	0.02015	0.03032	0.03888	0.02167	0.03197	0.02163	0.02635	0.01543	0.01788	0.01354	0.00922	0.00734	0.00245	0.01204	0.00602	0.00451	0.01392
104	0.01712	0.01421	0.02095	0.13637	0.02964	0.01723	0.01656	0.02058	0.01773	0.02473	0.02756	0.08843	0.02763	0.14122	0.25627	0.01033	0.10520	0.01283	0.00578	0.00966
105	0.03133	0.28395	0.19707	0.02225	0.03297	0.03042	0.02379	0.07732	0.02594	0.14808	0.02263	0.02330	0.01659	0.01051	0.00887	0.00287	0.01209	0.00767	0.00685	0.01548
106	0.02288	0.02143	0.03671	0.04922	0.36953	0.02107	0.06978	0.02883	0.02508	0.03556	0.13156	0.07761	0.03714	0.01346	0.01126	0.00329	0.01105	0.01306	0.00685	0.01460
107	0.02477	0.01367	0.01746	0.01542	0.01976	0.01266	0.01193	0.03104	0.06921	0.19077	0.29677	0.10627	0.10704	0.01988	0.01189	0.00342	0.00651	0.01721	0.01170	0.01261
108	0.01285	0.00932	0.01215	0.01441	0.01525	0.00861	0.00967	0.01476	0.02055	0.02711	0.06212	0.58065	0.10832	0.03263	0.01342	0.00424	0.00607	0.02945	0.00982	0.00861
109	0.03100	0.03024	0.17177	0.07056	0.12106	0.02219	0.09513	0.04037	0.06608	0.20164	0.02842	0.02976	0.01979	0.01111	0.01072	0.00335	0.01272	0.01001	0.00790	0.01618
110	0.35203	0.03808	0.30288	0.02226	0.03348	0.02415	0.02567	0.03232	0.02022	0.04025	0.01691	0.01983	0.01245	0.00993	0.00835	0.00331	0.01201	0.00680	0.00547	0.01360
111	0.01573	0.00993	0.01328	0.01506	0.01630	0.00916	0.01029	0.01776	0.02107	0.07175	0.05691	0.57324	0.06632	0.03147	0.01326	0.00421	0.00637	0.02846	0.01008	0.00936
112	0.27431	0.18786	0.14451	0.02068	0.02956	0.12702	0.02046	0.03368	0.02187	0.03506	0.01589	0.01853	0.01277	0.00986	0.00786	0.00294	0.01243	0.00633	0.00541	0.01300
113	0.01321	0.00943	0.01264	0.01509	0.01585	0.00887	0.01038	0.01528	0.02056	0.02735	0.05810	0.58226	0.06922	0.03282	0.01358	0.00434	0.00642	0.06611	0.00981	0.00868
114	0.02767	0.11587	0.02928	0.02122	0.02785	0.02915	0.01720	0.08895	0.42615	0.04304	0.03738	0.03496	0.02834	0.01341	0.01014	0.00335	0.00907	0.01081	0.00980	0.01635
115	0.02882	0.09983	0.06406	0.06415	0.02910	0.02025	0.01771	0.07718	0.02493	0.16006	0.02818	0.03675	0.02291	0.02239	0.06436	0.11014	0.01206	0.04875	0.00780	0.06057
116	0.02722	0.54882	0.13220	0.01988	0.02990	0.03928	0.02120	0.03193	0.02161	0.02615	0.01533	0.01776	0.01354	0.00919	0.00727	0.00242	0.01195	0.00597	0.00451	0.01387
117	0.02467	0.03055	0.10198	0.04345	0.05452	0.02657	0.48650	0.03384	0.02475	0.03384	0.02120	0.02804	0.01584	0.00900	0.01229	0.00355	0.01765	0.01212	0.00528	0.01437
118	0.01538	0.01025	0.01153	0.01153	0.01153	0.01025	0.00641	0.01538	0.01538	0.02050	0.03331	0.06919	0.03844	0.62842	0.05382	0.01025	0.01025	0.01538	0.00641	0.00641
119	0.01294	0.01073	0.01133	0.01118	0.01456	0.00912	0.00839	0.01604	0.02516	0.03107	0.18859	0.09763	0.47512	0.02584	0.01249	0.00353	0.00529	0.02174	0.01015	0.00912
120	0.02827	0.63478	0.05540	0.01809	0.02714	0.04184	0.01809	0.03166	0.02148	0.02488	0.01470	0.01696	0.01357	0.00905	0.00678	0.00226	0.01131	0.00565	0.00452	0.01357
121	0.01410	0.01011	0.01350	0.01492	0.01637	0.00951	0.01084	0.01733	0.02383	0.03245	0.21424	0.38341	0.07805	0.02899	0.01332	0.00407	0.00626	0.08914	0.01038	0.00918
122	0.01971	0.00985	0.00985	0.00985	0.01232	0.00985	0.00739	0.02464	0.02217	0.03942	0.03449	0.03942	0.02710	0.01232	0.00739	0.00246	0.00493	0.00985	0.68712	0.00985
123	0.01250	0.01071	0.01071	0.01071	0.01428	0.00893	0.00803	0.01517	0.02410	0.02856	0.10711	0.10175	0.55817	0.02678	0.01250	0.00357	0.00536	0.02231	0.00982	0.00893
124	0.01288	0.00920	0.01227	0.01472	0.01534	0.00859	0.00981	0.01472	0.02024	0.02699	0.05828	0.62152	0.06993	0.03312	0.01350	0.00429	0.00613	0.03006	0.00981	0.00859
125	0.01887	0.01011	0.01097	0.01146	0.01379	0.01007	0.00883	0.02356	0.02232	0.03750	0.03902	0.09191	0.03460	0.01603	0.00877	0.00291	0.00564	0.07419	0.54971	0.00975
126	0.70310	0.02045	0.01554	0.01390	0.02045	0.02372	0.01145	0.03108	0.01799	0.04744	0.01472	0.01718	0.01145	0.00981	0.00654	0.00327	0.00818	0.00573	0.00654	0.01145
127	0.01971	0.00985	0.00985	0.00985	0.01232	0.00985	0.00739	0.02464	0.02217	0.03942	0.03449	0.03942	0.02710	0.01232	0.00739	0.00246	0.00493	0.00985	0.68712	0.00985
128	0.02827	0.63478	0.05540	0.01809	0.02714	0.04184	0.01809	0.03166	0.02148	0.02488	0.01470	0.01696	0.01357	0.00905	0.00678	0.00226	0.01131	0.00565	0.00452	0.01357
129	0.01510	0.01133	0.01699	0.01699	0.01888	0.01322	0.01322	0.01888	0.01699	0.02454	0.02832	0.04154	0.02643	0.07930	0.58652	0.01699	0.02832	0.01133	0.00566	0.00944
130	0.02194	0.01505	0.01581	0.01478	0.01865	0.01641	0.01133	0.03682	0.23041	0.04158	0.08097	0.04269	0.03515	0.01389	0.00915	0.00298	0.00630	0.01145	0.36201	0.01261
131	0.18016	0.30841	0.08549	0.01883	0.02757	0.07719	0.01805	0.03352	0.02211	0.06859	0.01737	0.01934	0.01410	0.00964	0.00759	0.00264	0.01120	0.00634	0.00576	0.06609
132	0.03068	0.02721	0.03072	0.03281	0.15429	0.07372	0.02152	0.16223	0.26144	0.04581	0.03120	0.03130	0.02368	0.01251	0.01055	0.00331	0.01101	0.01035	0.00899	0.01667
133	0.01250	0.01071	0.01071	0.01071	0.01428	0.00893	0.00803	0.01517	0.02410	0.02856	0.10711	0.10175	0.55817	0.02678	0.01250	0.00357	0.00536	0.02231	0.00982	0.00893
134	0.08479	0.02207	0.03305	0.33420	0.18299	0.02527	0.02719	0.10149	0.02574	0.03644	0.01966	0.02631	0.01508	0.01053	0.01019	0.00336	0.01284	0.00910	0.00585	0.01386
135	0.64448	0.02309	0.01681	0.01508	0.02153	0.07339	0.01224	0.03206	0.01905	0.04553	0.01487	0.01734	0.01164	0.00991	0.00681	0.00322	0.00914	0.00582	0.00645	0.01152
136	0.01288	0.01073	0.01125	0.01112	0.01452	0.00909	0.00834	0.01592	0.02501	0.03073	0.17763	0.09818	0.48630	0.02597	0.01249	0.00353	0.00530	0.02181	0.01010	0.00909
137	0.70310	0.02045	0.01554	0.01390	0.02045	0.02372	0.01145	0.03108	0.01799	0.04744	0.01472	0.01718	0.01145	0.00981	0.00654	0.00327	0.00818	0.00573	0.00654	0.01145
138	0.09023	0.01879	0.02185	0.01612	0.02501	0.01528	0.01303	0.03198	0.02322	0.14201	0.02297	0.02428	0.01736	0.00906	0.00827	0.00206	0.00809	0.00708	0.00765	0.49568
139	0.01754	0.01381	0.01894	0.02145	0.09759	0.01352	0.01353	0.02421	0.06754	0.03944	0.39101	0.06720	0.07678	0.07284	0.01569	0.00393	0.00684	0.01679	0.01016	0.01119
140	0.02400	0.02295	0.02990	0.32722	0.09323	0.06693	0.02480	0.03813	0.19297	0.03315	0.02663	0.03103	0.02022	0.01174	0.01055	0.00345	0.01247	0.01004	0.00678	0.01381
141	0.04744	0.01799	0.02454	0.01881	0.02699	0.01554	0.01554	0.05153	0.03026	0.56979	0.04171	0.03599	0.02617	0.01309	0.01063	0.00327	0.00900	0.01063	0.01309	0.01799
142	0.01339	0.00957	0.01281	0.01500	0.01591	0.00899	0.01042	0.01572	0.02134	0.02858	0.09706	0.53770	0.07151	0.03190	0.01351	0.00427	0.00634	0.06723	0.00995	0.00879
143	0.02931	0.02679	0.04880	0.04605	0.21049	0.02624	0.25522	0.10692	0.02871	0.08038	0.02307	0.02790	0.01733	0.00995	0.01142	0.00335	0.01457	0.01093	0.00668	0.01588
144	0.01372	0.00955	0.01304	0.01513	0.01592	0.00921	0.01050	0.01543	0.01980	0.02649	0.05298	0.50253	0.06233	0.03661	0.05876	0.05501	0.00826	0.05717	0.00912	0.00844
145	0.01250	0.01071	0.01071	0.01071	0.01428	0.00893	0.00803	0.01517	0.02410	0.02856	0.10711	0.10175	0.55817	0.02678	0.01250	0.00357	0.00536	0.02231	0.00982	0.00893
146	0.02542	0.02517	0.04537	0.10752	0.43153	0.02526	0.11836	0.03223	0.02398	0.03378	0.02006	0.02675	0.01640	0.00943	0.01083	0.00325	0.01362	0.00995	0.00521	0.01588
147	0.02491	0.03231	0.16884	0.05521	0.40307	0.02511	0.07105	0.03280	0.02373	0.03424	0.01979	0.02544	0.01591	0.00953	0.01052	0.00322	0.01368	0.00927	0.00506	0.01630
148	0.02126	0.02038	0.02879	0.02525	0.02569	0.02791	0.02082	0.02391	0.01638	0.02523	0.01725	0.02743	0.01681	0.03270	0.16353	0.00751	0.47349	0.00974	0.00487	0.01107
149	0.52744	0.02375	0.02162	0.02411	0.11830	0.07033	0.01594	0.03224	0.02007	0.04336	0.01578	0.01894	0.01258	0.00983	0.00749	0.00320	0.00986	0.00647	0.00622	0.01246
150	0.03809	0.03530	0.03116	0.07898	0.03647	0.20995	0.02106	0.32470	0.04070	0.04984	0.02186	0.02361	0.01622	0.01192	0.01024	0.00306	0.01425	0.00864	0.00838	0.01556
151	0.01257	0.01044	0.01099	0.01144	0.01447	0.00886	0.00836	0.01509	0.02340	0.02828	0.09826	0.19592	0.46972	0.02793	0.01268	0.00370	0.00550	0.02372	0.00982	0.00886
152	0.02172	0.09661	0.53619	0.02927	0.04442	0.02580	0.03755	0.03335	0.02226	0.03286	0.01867	0.02194	0.01341	0.00997	0.00981	0.00327	0.01531	0.00766	0.00447	0.01548
153	0.17411	0.07815	0.02958	0.02859	0.14680	0.02362	0.01894	0.04187	0.10964	0.20307	0.02886	0.02865	0.02080	0.01141	0.00941	0.00320	0.00974	0.00909	0.00877	0.01573
154	0.01771	0.01233	0.01489	0.01474	0.01801	0.01162	0.01137	0.02363	0.07131	0.07541	0.19131	0.16781	0.21570	0.02467	0.01263	0.00378	0.00654	0.08533	0.01059	0.01063
155	0.01288	0.00920	0.01227	0.01472	0.01534	0.00859	0.00981	0.01472	0.02024	0.02699	0.05828	0.62152	0.06993	0.03312	0.01350	0.00429	0.00613	0.03006	0.00981	0.00859
156	0.03026	0.03892	0.32260	0.02989	0.07411	0.02186	0.06898	0.03925	0.02519	0.20600	0.02653	0.02745	0.01793	0.01089	0.01045	0.00333	0.01347	0.00919	0.00736	0.01635
157	0.03314	0.07589	0.14047	0.02481	0.03242	0.07513	0.02343	0.12051	0.02800	0.16201	0.02367	0.02558	0.01732	0.01321	0.01581	0.00347	0.15341	0.00886	0.00766	0.01519
158	0.01318	0.00983	0.01235	0.01422	0.01570	0.00900	0.01007	0.01549	0.02153	0.02779	0.06951	0.45301	0.18358	0.03127	0.01336	0.00418	0.00629	0.07106	0.00981	0.00877
159	0.02743	0.52860	0.10244	0.02323	0.07482	0.03880	0.02127	0.03190	0.02178	0.02650	0.01554	0.01825	0.01383	0.00917	0.00740	0.00244	0.01182	0.00618	0.00458	0.01403
160	0.09035	0.07569	0.03061	0.02883	0.14105	0.02530	0.01924	0.11076	0.14443	0.04192	0.02479	0.02646	0.01944	0.01067	0.00926	0.00282	0.00986	0.00861	0.00759	0.17232
161	0.09210	0.03585	0.24207	0.03095	0.11709	0.02483	0.02776	0.11604	0.06526	0.11106	0.02445	0.02595	0.01750	0.01106	0.01000	0.00329	0.01243	0.00881	0.00733	0.01618
162	0.02559	0.02453	0.04188	0.11485	0.51701	0.02497	0.03216	0.03194	0.02380	0.03384	0.01979	0.02636	0.01650	0.00953	0.01048	0.00318	0.01270	0.00942	0.00518	0.01628
163	0.01512	0.01126	0.01663	0.01663	0.01840	0.01302	0.01277	0.01865	0.01689	0.02428	0.02865	0.04335	0.02722	0.11526	0.55163	0.01655	0.02714	0.01159	0.00571	0.00924
164	0.02336	0.02520	0.07609	0.02025	0.02910	0.06704	0.05061	0.03085	0.06395	0.03500	0.06684	0.02841	0.02380	0.01007	0.00913	0.00228	0.01002	0.00842	0.00677	0.41282
165	0.01502	0.01183	0.01402	0.01292	0.01664	0.01013	0.00971	0.01895	0.02604	0.03543	0.28885	0.12267	0.23455	0.02220	0.01187	0.00322	0.00563	0.01915	0.01009	0.11107
166	0.02192	0.01879	0.02192	0.01566	0.02506	0.01409	0.01253	0.02662	0.02192	0.03445	0.01879	0.02192	0.01566	0.00783	0.00783	0.00157	0.00783	0.00626	0.00626	0.69305
167	0.02356	0.19001	0.37150	0.03098	0.08258	0.02891	0.06746	0.03299	0.02244	0.03152	0.01819	0.02177	0.01388	0.00968	0.00946	0.00309	0.01450	0.00775	0.00460	0.01512
168	0.02535	0.20764	0.03273	0.01739	0.02634	0.07157	0.01489	0.02948	0.02248	0.03082	0.01735	0.02018	0.01485	0.00846	0.00766	0.00188	0.00985	0.00613	0.00567	0.42929
169	0.01628	0.00993	0.01221	0.01221	0.01221	0.00993	0.00725	0.01489	0.01489	0.01986	0.02880	0.05799	0.03237	0.44962	0.05004	0.21638	0.00993	0.01350	0.00586	0.00586
170	0.02189	0.06418	0.06723	0.01730	0.02656	0.01669	0.01539	0.02711	0.02213	0.03346	0.02171	0.02996	0.01921	0.00992	0.00851	0.00204	0.00885	0.04798	0.00630	0.53355
171	0.01627	0.01269	0.01779	0.01715	0.01833	0.01513	0.01293	0.01894	0.01649	0.02369	0.02754	0.04569	0.02761	0.20355	0.38208	0.01367	0.10373	0.01202	0.00570	0.00900
172	0.02869	0.02730	0.09228	0.05186	0.36109	0.02388	0.10208	0.03559	0.02496	0.11392	0.02327	0.02761	0.01773	0.00995	0.01075	0.00324	0.01308	0.00990	0.00635	0.01647
173	0.12258	0.04960	0.49067	0.02772	0.04200	0.02443	0.03496	0.03313	0.02168	0.03556	0.01834	0.02156	0.01310	0.01001	0.00952	0.00334	0.01452	0.00750	0.00477	0.01501
174	0.04597	0.02035	0.02600	0.01993	0.02817	0.01904	0.01646	0.14802	0.03421	0.46772	0.03840	0.03384	0.02451	0.01301	0.01062	0.00325	0.00953	0.01041	0.01258	0.01799
175	0.02116	0.02023	0.03284	0.43878	0.10694	0.02544	0.02837	0.02718	0.02040	0.02736	0.01789	0.02698	0.01429	0.01208	0.01546	0.00371	0.13465	0.00937	0.00473	0.01215
176	0.02115	0.04133	0.36080	0.12339	0.04941	0.02364	0.11450	0.03149	0.02314	0.03318	0.05988	0.02855	0.02045	0.01082	0.01071	0.00341	0.01494	0.00968	0.00519	0.01435
177	0.01622	0.01022	0.01353	0.01481	0.01606	0.00971	0.01009	0.01814	0.02020	0.07072	0.05149	0.45920	0.05907	0.11255	0.05993	0.00591	0.00851	0.02519	0.00934	0.00914
