[name]
unknown

[dist]
# distance from previous block
# <min> <max>
0	541

[block]
# block no. 0 follows, 12 sequences, length 140
# corresponding to MSA columns:
# 543-682
name=unknown_A
#
# <colnr> <probs for GDERKNQSTAVLIFYWHMCP>
#	G	D	E	R	K	N	Q	S	T	A	V	L	I	F	Y	W	H	M	C	P
0	0.03349	0.02616	0.02812	0.02346	0.03063	0.02939	0.01898	0.27853	0.25944	0.05605	0.03638	0.03930	0.02810	0.01503	0.01128	0.00358	0.01038	0.04339	0.01093	0.01739
1	0.02576	0.01982	0.02386	0.05733	0.02981	0.01701	0.01502	0.03411	0.08974	0.08972	0.02508	0.02691	0.01939	0.00971	0.00896	0.00221	0.00872	0.00792	0.00768	0.48126
2	0.02852	0.02539	0.04294	0.06361	0.51246	0.02522	0.03225	0.03483	0.02527	0.07193	0.02208	0.02769	0.01795	0.00998	0.01081	0.00325	0.01270	0.00980	0.00596	0.01736
3	0.04325	0.12117	0.03408	0.02171	0.03051	0.02317	0.05134	0.09556	0.03138	0.38169	0.03519	0.03219	0.02323	0.01246	0.01043	0.00321	0.01059	0.01013	0.01120	0.01753
4	0.01354	0.01091	0.01206	0.01211	0.01521	0.00943	0.00895	0.01678	0.02589	0.03271	0.20911	0.15105	0.38999	0.02701	0.01299	0.00370	0.00551	0.02304	0.01058	0.00943
5	0.13759	0.02171	0.02573	0.02002	0.02828	0.02136	0.01653	0.15740	0.03412	0.37137	0.03518	0.03184	0.02289	0.01293	0.01036	0.00335	0.00979	0.00999	0.01195	0.01761
6	0.03893	0.04855	0.03265	0.03317	0.10113	0.50141	0.02269	0.04222	0.03010	0.02786	0.01733	0.02062	0.01447	0.01104	0.00996	0.00287	0.01878	0.00737	0.00559	0.01325
7	0.02179	0.02172	0.04009	0.46346	0.07087	0.02501	0.14208	0.02951	0.02272	0.02951	0.02001	0.02915	0.01500	0.01050	0.01136	0.00364	0.01543	0.01043	0.00500	0.01272
8	0.01772	0.01338	0.01856	0.01659	0.02081	0.01176	0.06408	0.02112	0.02461	0.07855	0.08280	0.20824	0.32855	0.02582	0.01295	0.00383	0.00746	0.02265	0.00993	0.01059
9	0.02699	0.02591	0.04426	0.06693	0.54879	0.02591	0.03346	0.03346	0.02483	0.03562	0.02051	0.02699	0.01727	0.00972	0.01079	0.00324	0.01295	0.00972	0.00540	0.01727
10	0.04083	0.02145	0.02618	0.02122	0.02878	0.02142	0.01750	0.16212	0.10059	0.31378	0.04071	0.04429	0.02966	0.01538	0.01141	0.00357	0.00994	0.06153	0.01217	0.01745
11	0.02699	0.02591	0.04426	0.06693	0.54879	0.02591	0.03346	0.03346	0.02483	0.03562	0.02051	0.02699	0.01727	0.00972	0.01079	0.00324	0.01295	0.00972	0.00540	0.01727
12	0.69383	0.02109	0.01603	0.01434	0.02109	0.02446	0.01181	0.03205	0.01856	0.04892	0.01518	0.01771	0.01181	0.01012	0.00675	0.00337	0.00843	0.00590	0.00675	0.01181
13	0.01328	0.00949	0.01265	0.01518	0.01581	0.00886	0.01012	0.01518	0.02088	0.02783	0.06010	0.60969	0.07212	0.03416	0.01392	0.00443	0.00633	0.03100	0.01012	0.00886
14	0.02574	0.02941	0.06434	0.04596	0.05699	0.02757	0.50919	0.03493	0.02574	0.03493	0.02206	0.02941	0.01654	0.00919	0.01287	0.00368	0.01838	0.01287	0.00551	0.01471
15	0.02549	0.02438	0.04156	0.18917	0.43821	0.02551	0.03272	0.03215	0.02412	0.03381	0.02025	0.02747	0.01663	0.00999	0.01082	0.00333	0.01332	0.00971	0.00527	0.01607
16	0.01328	0.00949	0.01265	0.01518	0.01581	0.00886	0.01012	0.01518	0.02088	0.02783	0.06010	0.60969	0.07212	0.03416	0.01392	0.00443	0.00633	0.03100	0.01012	0.00886
17	0.02188	0.02070	0.03504	0.48489	0.17071	0.02456	0.03092	0.02899	0.02241	0.02943	0.01961	0.02865	0.01509	0.01066	0.01088	0.00355	0.01422	0.00969	0.00496	0.01315
18	0.01832	0.00969	0.01374	0.01374	0.01374	0.00969	0.00889	0.01454	0.01454	0.01938	0.02205	0.04086	0.02312	0.15474	0.04521	0.54708	0.00969	0.01076	0.00511	0.00511
19	0.01558	0.01168	0.01752	0.01752	0.01947	0.01363	0.01363	0.01947	0.01752	0.02531	0.02921	0.04283	0.02726	0.08178	0.57360	0.01752	0.02921	0.01168	0.00584	0.00974
20	0.02033	0.01016	0.01016	0.01016	0.01270	0.01016	0.00762	0.02541	0.02287	0.04065	0.03557	0.04065	0.02795	0.01270	0.00762	0.00254	0.00508	0.01016	0.67734	0.01016
21	0.02574	0.02941	0.06434	0.04596	0.05699	0.02757	0.50919	0.03493	0.02574	0.03493	0.02206	0.02941	0.01654	0.00919	0.01287	0.00368	0.01838	0.01287	0.00551	0.01471
22	0.01445	0.01049	0.01388	0.01617	0.01762	0.00993	0.01204	0.01730	0.02243	0.02933	0.06410	0.42631	0.11329	0.03242	0.01414	0.00453	0.00729	0.15495	0.01010	0.00922
23	0.02033	0.01016	0.01016	0.01016	0.01270	0.01016	0.00762	0.02541	0.02287	0.04065	0.03557	0.04065	0.02795	0.01270	0.00762	0.00254	0.00508	0.01016	0.67734	0.01016
24	0.07357	0.04231	0.30916	0.03615	0.04941	0.02621	0.23727	0.03451	0.02384	0.03577	0.02030	0.02534	0.01482	0.00985	0.01116	0.00354	0.01651	0.00994	0.00515	0.01520
25	0.02699	0.02591	0.04426	0.06693	0.54879	0.02591	0.03346	0.03346	0.02483	0.03562	0.02051	0.02699	0.01727	0.00972	0.01079	0.00324	0.01295	0.00972	0.00540	0.01727
26	0.02691	0.02950	0.06198	0.04440	0.05526	0.02804	0.47280	0.07050	0.02764	0.03744	0.02237	0.02917	0.01669	0.00948	0.01272	0.00365	0.01791	0.01264	0.00592	0.01499
27	0.02033	0.01016	0.01016	0.01016	0.01270	0.01016	0.00762	0.02541	0.02287	0.04065	0.03557	0.04065	0.02795	0.01270	0.00762	0.00254	0.00508	0.01016	0.67734	0.01016
28	0.02059	0.01938	0.03270	0.59060	0.07510	0.02422	0.03028	0.02786	0.02180	0.02786	0.01938	0.02907	0.01453	0.01090	0.01090	0.00363	0.01453	0.00969	0.00484	0.01211
29	0.02915	0.62337	0.05714	0.01866	0.02799	0.04314	0.01866	0.03265	0.02215	0.02565	0.01516	0.01749	0.01399	0.00933	0.00700	0.00233	0.01166	0.00583	0.00466	0.01399
30	0.02480	0.04995	0.45658	0.03162	0.04646	0.02471	0.08919	0.03630	0.02408	0.08298	0.02201	0.02502	0.01533	0.01052	0.01069	0.00347	0.01573	0.00885	0.00553	0.01619
31	0.04073	0.05197	0.03090	0.02809	0.03371	0.57303	0.02107	0.04354	0.03090	0.02669	0.01685	0.01966	0.01404	0.01124	0.00983	0.00281	0.01966	0.00702	0.00562	0.01264
32	0.69383	0.02109	0.01603	0.01434	0.02109	0.02446	0.01181	0.03205	0.01856	0.04892	0.01518	0.01771	0.01181	0.01012	0.00675	0.00337	0.00843	0.00590	0.00675	0.01181
33	0.01586	0.01057	0.01189	0.01189	0.01189	0.01057	0.00661	0.01586	0.01586	0.02114	0.03436	0.07135	0.03964	0.61681	0.05550	0.01057	0.01057	0.01586	0.00661	0.00661
34	0.02699	0.02591	0.04426	0.06693	0.54879	0.02591	0.03346	0.03346	0.02483	0.03562	0.02051	0.02699	0.01727	0.00972	0.01079	0.00324	0.01295	0.00972	0.00540	0.01727
35	0.02092	0.01226	0.01607	0.01407	0.01753	0.01206	0.06234	0.02645	0.02318	0.04003	0.03410	0.03942	0.02670	0.01232	0.00819	0.00266	0.00653	0.01046	0.60405	0.01066
36	0.02385	0.02385	0.03340	0.02863	0.02863	0.03340	0.02385	0.02624	0.01670	0.02624	0.01431	0.02385	0.01431	0.01908	0.03578	0.00477	0.59685	0.00954	0.00477	0.01193
37	0.02265	0.01811	0.02921	0.02369	0.02892	0.01784	0.15254	0.08900	0.02684	0.03910	0.03738	0.19523	0.03587	0.01778	0.01131	0.00349	0.01012	0.01673	0.21201	0.01218
38	0.03348	0.02362	0.02646	0.02251	0.02931	0.02581	0.01833	0.20807	0.22520	0.11847	0.03993	0.04744	0.03177	0.01631	0.01160	0.00371	0.01008	0.07993	0.01119	0.01680
39	0.04145	0.03054	0.03272	0.02509	0.03381	0.03381	0.02072	0.51243	0.05127	0.06872	0.02618	0.02618	0.01854	0.01309	0.01091	0.00327	0.01200	0.00982	0.01091	0.01854
40	0.02313	0.13231	0.35975	0.02574	0.03934	0.02546	0.03067	0.03260	0.02280	0.03344	0.01887	0.02210	0.01438	0.00967	0.00932	0.00286	0.01357	0.00735	0.00505	0.17159
41	0.26778	0.02121	0.02325	0.01852	0.02642	0.02155	0.01529	0.11442	0.02988	0.31056	0.03101	0.02886	0.02055	0.01228	0.00952	0.00336	0.00940	0.00907	0.01081	0.01625
42	0.02385	0.02385	0.03340	0.02863	0.02863	0.03340	0.02385	0.02624	0.01670	0.02624	0.01431	0.02385	0.01431	0.01908	0.03578	0.00477	0.59685	0.00954	0.00477	0.01193
43	0.01934	0.01725	0.02715	0.19499	0.17985	0.01819	0.02216	0.02450	0.02378	0.03183	0.09353	0.16100	0.10533	0.01862	0.01194	0.00367	0.01030	0.01677	0.00749	0.01231
44	0.02323	0.02365	0.03247	0.51697	0.06968	0.09607	0.02907	0.02991	0.02299	0.02770	0.01905	0.02784	0.01447	0.01094	0.01076	0.00353	0.01521	0.00934	0.00495	0.01218
45	0.02506	0.02810	0.06020	0.11725	0.05936	0.02714	0.44650	0.03400	0.02522	0.03400	0.02171	0.02937	0.01628	0.00942	0.01261	0.00367	0.01788	0.01245	0.00543	0.01437
46	0.01634	0.01168	0.01610	0.01824	0.02032	0.01144	0.01504	0.02064	0.02474	0.03272	0.11123	0.23208	0.06932	0.03021	0.01455	0.00471	0.00864	0.32195	0.01027	0.00979
47	0.03047	0.04006	0.33614	0.02559	0.03814	0.02094	0.02959	0.03950	0.02596	0.21289	0.03437	0.03395	0.05784	0.01272	0.01075	0.00344	0.01298	0.01017	0.00806	0.01644
48	0.01438	0.01089	0.01326	0.01312	0.01576	0.00977	0.00967	0.01837	0.02771	0.03730	0.34813	0.16024	0.23065	0.02549	0.01301	0.00364	0.00542	0.02224	0.01119	0.00977
49	0.01586	0.01057	0.01189	0.01189	0.01189	0.01057	0.00661	0.01586	0.01586	0.02114	0.03436	0.07135	0.03964	0.61681	0.05550	0.01057	0.01057	0.01586	0.00661	0.00661
50	0.54328	0.02050	0.01819	0.01552	0.02266	0.02249	0.01279	0.03697	0.02151	0.16738	0.02168	0.02224	0.01535	0.01091	0.00773	0.00337	0.00863	0.00709	0.00832	0.01338
51	0.02268	0.02714	0.10405	0.03602	0.04502	0.02261	0.30848	0.03099	0.02568	0.03501	0.06874	0.05399	0.03324	0.01508	0.01309	0.00394	0.01524	0.11861	0.00693	0.01346
52	0.04083	0.04897	0.03115	0.02767	0.03372	0.49767	0.02102	0.10907	0.03375	0.03256	0.01816	0.02057	0.01467	0.01149	0.00998	0.00287	0.01859	0.00741	0.00636	0.01347
53	0.02936	0.02375	0.03770	0.02730	0.03715	0.02110	0.17609	0.08639	0.02796	0.11174	0.02430	0.02724	0.01805	0.00974	0.01035	0.00271	0.01203	0.00955	0.00762	0.29984
54	0.25307	0.06875	0.06785	0.10002	0.08633	0.02695	0.02191	0.03000	0.02033	0.03623	0.01959	0.02960	0.01733	0.01343	0.01446	0.00373	0.12909	0.04264	0.00589	0.01278
55	0.02315	0.02200	0.03733	0.38070	0.26496	0.02490	0.03156	0.03010	0.02301	0.03097	0.01983	0.02823	0.01563	0.01043	0.01086	0.00348	0.01390	0.00970	0.00507	0.01418
56	0.01518	0.01102	0.01357	0.01300	0.01520	0.01020	0.00928	0.01897	0.02704	0.03729	0.38343	0.08250	0.14822	0.14300	0.02147	0.00490	0.00629	0.01937	0.01067	0.00940
57	0.01473	0.01112	0.01360	0.01298	0.01586	0.00999	0.00973	0.01921	0.02920	0.03978	0.42349	0.08794	0.22489	0.02376	0.01287	0.00350	0.00525	0.02063	0.01148	0.00999
58	0.13786	0.17462	0.22129	0.02835	0.09042	0.02939	0.02692	0.03417	0.02234	0.06887	0.01907	0.02227	0.01481	0.01087	0.01096	0.00325	0.05633	0.00766	0.00566	0.01488
59	0.58310	0.02659	0.05802	0.01686	0.02421	0.07541	0.01479	0.03330	0.02003	0.04578	0.01566	0.01829	0.01217	0.01024	0.00730	0.00333	0.01005	0.00617	0.00648	0.01221
60	0.01564	0.01142	0.01621	0.01621	0.01770	0.01292	0.01199	0.01863	0.01713	0.02434	0.03041	0.04949	0.03015	0.20668	0.45265	0.01590	0.02486	0.01266	0.00602	0.00900
61	0.03933	0.02949	0.03153	0.02466	0.03300	0.03282	0.02021	0.44513	0.12203	0.06530	0.02887	0.02833	0.02073	0.01334	0.01094	0.00334	0.01150	0.01019	0.01094	0.01835
62	0.02590	0.05092	0.46629	0.02959	0.04438	0.02550	0.03647	0.08492	0.02653	0.07697	0.02199	0.02440	0.01528	0.01087	0.01046	0.00343	0.01518	0.00845	0.00591	0.01655
63	0.02199	0.04481	0.38304	0.16332	0.05477	0.02531	0.08911	0.03302	0.02303	0.03302	0.01980	0.02513	0.01428	0.01036	0.01076	0.00352	0.01599	0.00896	0.00476	0.01503
64	0.01586	0.01057	0.01189	0.01189	0.01189	0.01057	0.00661	0.01586	0.01586	0.02114	0.03436	0.07135	0.03964	0.61681	0.05550	0.01057	0.01057	0.01586	0.00661	0.00661
65	0.02176	0.04048	0.33071	0.10959	0.14538	0.02350	0.03435	0.03134	0.02298	0.03314	0.02415	0.08859	0.02094	0.01290	0.01090	0.00354	0.01422	0.01110	0.00539	0.01502
66	0.03079	0.02694	0.07442	0.13389	0.22046	0.02619	0.02736	0.13164	0.08180	0.09859	0.02627	0.02939	0.01951	0.01156	0.01085	0.00339	0.01242	0.01001	0.00780	0.01671
67	0.03790	0.07128	0.02971	0.02250	0.02991	0.08584	0.01844	0.17769	0.13830	0.18301	0.03464	0.03711	0.02591	0.01419	0.01083	0.00338	0.01126	0.04083	0.01053	0.01674
68	0.01586	0.01057	0.01189	0.01189	0.01189	0.01057	0.00661	0.01586	0.01586	0.02114	0.03436	0.07135	0.03964	0.61681	0.05550	0.01057	0.01057	0.01586	0.00661	0.00661
69	0.01470	0.01093	0.01400	0.01594	0.01794	0.01023	0.01231	0.01789	0.02329	0.02990	0.07102	0.32103	0.17907	0.03121	0.01408	0.00446	0.00744	0.18512	0.01009	0.00935
70	0.03054	0.23304	0.22556	0.02539	0.03662	0.08386	0.02695	0.14632	0.03007	0.03892	0.01944	0.02166	0.01500	0.01074	0.00935	0.00299	0.01404	0.00765	0.00619	0.01567
71	0.02173	0.02889	0.15275	0.02702	0.03111	0.02696	0.02573	0.02675	0.01948	0.02902	0.02452	0.08882	0.02484	0.01965	0.02556	0.00446	0.34249	0.06201	0.00580	0.01241
72	0.01447	0.01033	0.01401	0.01653	0.01768	0.00987	0.01217	0.01722	0.02204	0.02916	0.05944	0.47562	0.06954	0.03305	0.01423	0.00459	0.00735	0.15342	0.01010	0.00918
73	0.03348	0.02160	0.03263	0.23455	0.15282	0.02283	0.02521	0.08711	0.02858	0.20951	0.02818	0.03102	0.01965	0.01174	0.01090	0.00343	0.01220	0.01013	0.00846	0.01598
74	0.01927	0.01721	0.02737	0.30489	0.04932	0.01960	0.05359	0.02736	0.06989	0.03169	0.08851	0.17143	0.03949	0.01782	0.01197	0.00381	0.01130	0.01621	0.00748	0.01180
75	0.04494	0.02967	0.02866	0.02300	0.03086	0.15097	0.01850	0.17781	0.03668	0.29795	0.03226	0.03002	0.02163	0.01286	0.01068	0.00321	0.01245	0.00973	0.01094	0.01717
76	0.02339	0.02206	0.03036	0.02621	0.02654	0.03036	0.02173	0.02613	0.01751	0.02813	0.01710	0.02605	0.01610	0.01825	0.03210	0.00448	0.51939	0.00962	0.09281	0.01170
77	0.02170	0.01817	0.02405	0.19023	0.03911	0.01691	0.01751	0.02731	0.02240	0.03386	0.02150	0.02694	0.01720	0.00954	0.00888	0.00235	0.00965	0.00793	0.09379	0.39097
78	0.02785	0.03063	0.02372	0.02179	0.02437	0.25899	0.01592	0.02968	0.02264	0.02459	0.02343	0.03994	0.02393	0.22936	0.06690	0.00679	0.10258	0.01080	0.00585	0.01023
79	0.03989	0.02976	0.03184	0.02477	0.03322	0.03308	0.02035	0.46285	0.10339	0.06620	0.02816	0.02776	0.02015	0.01327	0.01093	0.00332	0.01163	0.01009	0.01093	0.01840
80	0.02059	0.01938	0.03270	0.59060	0.07510	0.02422	0.03028	0.02786	0.02180	0.02786	0.01938	0.02907	0.01453	0.01090	0.01090	0.00363	0.01453	0.00969	0.00484	0.01211
81	0.01463	0.01111	0.01347	0.01288	0.01580	0.00995	0.00966	0.01903	0.02897	0.03924	0.40707	0.08883	0.24165	0.02396	0.01287	0.00351	0.00526	0.02075	0.01141	0.00995
82	0.03344	0.02670	0.10274	0.03045	0.09091	0.02204	0.09456	0.11756	0.03058	0.20011	0.03387	0.10899	0.02737	0.01477	0.01154	0.00354	0.01198	0.01326	0.00937	0.01620
83	0.04892	0.01856	0.02530	0.01940	0.02783	0.01603	0.01603	0.05314	0.03121	0.55634	0.04302	0.03711	0.02699	0.01350	0.01096	0.00337	0.00928	0.01096	0.01350	0.01856
84	0.03307	0.03723	0.03374	0.03811	0.17914	0.27716	0.02411	0.04204	0.11959	0.03267	0.02276	0.02592	0.01852	0.01203	0.01225	0.00324	0.05822	0.00895	0.00650	0.01476
85	0.02149	0.02023	0.02362	0.02832	0.14329	0.09047	0.01752	0.02640	0.02847	0.03737	0.27329	0.06561	0.10879	0.01893	0.01213	0.00344	0.00934	0.04990	0.00927	0.01212
86	0.01914	0.01188	0.01539	0.01410	0.01697	0.01095	0.01043	0.02351	0.02894	0.09669	0.42190	0.07529	0.08632	0.09916	0.01823	0.00436	0.00631	0.01826	0.01146	0.01071
87	0.01558	0.01168	0.01752	0.01752	0.01947	0.01363	0.01363	0.01947	0.01752	0.02531	0.02921	0.04283	0.02726	0.08178	0.57360	0.01752	0.02921	0.01168	0.00584	0.00974
88	0.04073	0.05197	0.03090	0.02809	0.03371	0.57303	0.02107	0.04354	0.03090	0.02669	0.01685	0.01966	0.01404	0.01124	0.00983	0.00281	0.01966	0.00702	0.00562	0.01264
89	0.02238	0.05287	0.49539	0.03303	0.04847	0.02562	0.10167	0.03458	0.02338	0.03458	0.01989	0.02386	0.01417	0.01021	0.01069	0.00348	0.01641	0.00869	0.00472	0.01593
90	0.01508	0.01100	0.01555	0.01614	0.01749	0.01206	0.01176	0.01793	0.01806	0.02528	0.03718	0.17942	0.03958	0.15045	0.36568	0.01343	0.02109	0.01681	0.00695	0.00906
91	0.01289	0.01105	0.01105	0.01105	0.01473	0.00920	0.00828	0.01565	0.02485	0.02946	0.11046	0.10493	0.54437	0.02761	0.01289	0.00368	0.00552	0.02301	0.01013	0.00920
92	0.11198	0.02409	0.03057	0.02393	0.03207	0.05792	0.08528	0.08259	0.09819	0.28765	0.03427	0.03244	0.02325	0.01252	0.01071	0.00342	0.01125	0.01052	0.01061	0.01672
93	0.03263	0.37203	0.04595	0.02281	0.03000	0.22375	0.01996	0.03579	0.02464	0.02606	0.01566	0.01883	0.01404	0.01089	0.01064	0.00272	0.06868	0.00658	0.00500	0.01334
94	0.02385	0.02270	0.03858	0.32409	0.31617	0.02508	0.03190	0.03071	0.02334	0.03181	0.01995	0.02801	0.01593	0.01030	0.01085	0.00343	0.01373	0.00970	0.00513	0.01474
95	0.11312	0.02442	0.02726	0.02403	0.02729	0.06465	0.01942	0.03735	0.17390	0.03507	0.02472	0.02914	0.02059	0.02020	0.05803	0.00497	0.26544	0.00989	0.00708	0.01344
96	0.02385	0.02385	0.03340	0.02863	0.02863	0.03340	0.02385	0.02624	0.01670	0.02624	0.01431	0.02385	0.01431	0.01908	0.03578	0.00477	0.59685	0.00954	0.00477	0.01193
97	0.01501	0.01113	0.01399	0.01327	0.01603	0.01011	0.00995	0.01976	0.02986	0.04135	0.47107	0.08535	0.17633	0.02318	0.01286	0.00347	0.00521	0.02027	0.01169	0.01011
98	0.02343	0.02327	0.03331	0.10219	0.03471	0.03220	0.02470	0.02645	0.01737	0.02645	0.01498	0.02454	0.01434	0.01801	0.03253	0.00462	0.52062	0.00956	0.00478	0.01195
99	0.01757	0.01255	0.01757	0.02008	0.02259	0.01255	0.01757	0.02259	0.02510	0.03263	0.05773	0.12299	0.06275	0.03012	0.01506	0.00502	0.01004	0.47540	0.01004	0.01004
100	0.04073	0.05197	0.03090	0.02809	0.03371	0.57303	0.02107	0.04354	0.03090	0.02669	0.01685	0.01966	0.01404	0.01124	0.00983	0.00281	0.01966	0.00702	0.00562	0.01264
101	0.04493	0.02496	0.02927	0.02244	0.03103	0.02552	0.01853	0.29842	0.04192	0.29593	0.03402	0.03127	0.02248	0.01328	0.01093	0.00332	0.01073	0.01035	0.01211	0.01855
102	0.02712	0.02342	0.02465	0.02219	0.02835	0.02712	0.01726	0.05794	0.52909	0.04561	0.04438	0.04068	0.03328	0.01479	0.01109	0.00370	0.00863	0.01233	0.01109	0.01726
103	0.02511	0.02324	0.03806	0.30579	0.29155	0.02572	0.03104	0.06655	0.02540	0.03450	0.02041	0.02789	0.01610	0.01051	0.01085	0.00342	0.01361	0.00971	0.00555	0.01498
104	0.01894	0.00947	0.01420	0.01420	0.01420	0.00947	0.00947	0.01420	0.01420	0.01894	0.01894	0.03314	0.01894	0.03788	0.04261	0.68277	0.00947	0.00947	0.00473	0.00473
105	0.01931	0.01555	0.01788	0.01823	0.02127	0.01681	0.01323	0.03379	0.24210	0.03557	0.05325	0.36200	0.05521	0.02573	0.01269	0.00411	0.00733	0.02287	0.01055	0.01251
106	0.03047	0.02508	0.02654	0.02287	0.02963	0.02868	0.01807	0.16404	0.41755	0.05101	0.04013	0.03729	0.02984	0.01440	0.01105	0.00360	0.00942	0.01174	0.01105	0.01756
107	0.01328	0.00949	0.01265	0.01518	0.01581	0.00886	0.01012	0.01518	0.02088	0.02783	0.06010	0.60969	0.07212	0.03416	0.01392	0.00443	0.00633	0.03100	0.01012	0.00886
108	0.02712	0.02342	0.02465	0.02219	0.02835	0.02712	0.01726	0.05794	0.52909	0.04561	0.04438	0.04068	0.03328	0.01479	0.01109	0.00370	0.00863	0.01233	0.01109	0.01726
109	0.02387	0.09621	0.48390	0.02972	0.04478	0.02727	0.03723	0.07005	0.02506	0.03643	0.01974	0.02285	0.01418	0.01049	0.01015	0.00336	0.01548	0.00802	0.00508	0.01614
110	0.01586	0.01057	0.01189	0.01189	0.01189	0.01057	0.00661	0.01586	0.01586	0.02114	0.03436	0.07135	0.03964	0.61681	0.05550	0.01057	0.01057	0.01586	0.00661	0.00661
111	0.01520	0.01114	0.01425	0.01347	0.01614	0.01019	0.01010	0.02012	0.03031	0.04240	0.50291	0.08363	0.14383	0.02278	0.01286	0.00345	0.00518	0.02002	0.01183	0.01019
112	0.02573	0.02510	0.04313	0.12999	0.39675	0.02658	0.06756	0.03210	0.02367	0.03359	0.01984	0.02712	0.01656	0.01079	0.01353	0.00348	0.07344	0.00993	0.00527	0.01586
113	0.02256	0.01643	0.02356	0.02128	0.02346	0.02019	0.01718	0.02602	0.01905	0.09512	0.02630	0.03608	0.02313	0.05301	0.32988	0.01164	0.20610	0.01091	0.00650	0.01158
114	0.01328	0.00949	0.01265	0.01518	0.01581	0.00886	0.01012	0.01518	0.02088	0.02783	0.06010	0.60969	0.07212	0.03416	0.01392	0.00443	0.00633	0.03100	0.01012	0.00886
115	0.53984	0.01974	0.01709	0.01494	0.02148	0.02190	0.01220	0.03363	0.02147	0.11481	0.07295	0.02679	0.02313	0.01181	0.00793	0.00338	0.00821	0.00798	0.00817	0.01254
116	0.02903	0.02105	0.03427	0.30808	0.19900	0.02279	0.02786	0.03536	0.02486	0.15344	0.02522	0.03035	0.01822	0.01117	0.01089	0.00346	0.01286	0.00999	0.00702	0.01509
117	0.02599	0.04382	0.33979	0.03110	0.07886	0.02689	0.03237	0.10421	0.13128	0.04154	0.02565	0.02738	0.01873	0.01160	0.01062	0.00346	0.01378	0.00930	0.00686	0.01677
118	0.62108	0.02161	0.01911	0.02008	0.07866	0.02462	0.01417	0.03221	0.01924	0.04747	0.01576	0.01872	0.01240	0.01008	0.00719	0.00336	0.00893	0.00632	0.00660	0.01240
119	0.01919	0.01825	0.03281	0.02829	0.06930	0.01705	0.18200	0.02468	0.02546	0.03433	0.16340	0.12040	0.13280	0.06283	0.01597	0.00418	0.01085	0.01813	0.00837	0.01171
120	0.02033	0.01016	0.01016	0.01016	0.01270	0.01016	0.00762	0.02541	0.02287	0.04065	0.03557	0.04065	0.02795	0.01270	0.00762	0.00254	0.00508	0.01016	0.67734	0.01016
121	0.02413	0.09958	0.21143	0.16654	0.22291	0.02722	0.03336	0.03247	0.02327	0.03245	0.01937	0.02512	0.01518	0.01015	0.01026	0.00330	0.01420	0.00874	0.00494	0.01539
122	0.01456	0.01111	0.01337	0.01280	0.01575	0.00992	0.00960	0.01889	0.02881	0.03884	0.39486	0.08949	0.25411	0.02411	0.01287	0.00352	0.00527	0.02085	0.01136	0.00992
123	0.02638	0.40766	0.24858	0.02338	0.03529	0.03636	0.02689	0.03336	0.02248	0.02903	0.01684	0.01959	0.01392	0.00972	0.00828	0.00276	0.01335	0.00668	0.00464	0.01480
124	0.02187	0.05640	0.56031	0.03108	0.04719	0.02532	0.04029	0.03453	0.02302	0.03453	0.01957	0.02302	0.01381	0.01036	0.01036	0.00345	0.01611	0.00806	0.00460	0.01611
125	0.02712	0.02342	0.02465	0.02219	0.02835	0.02712	0.01726	0.05794	0.52909	0.04561	0.04438	0.04068	0.03328	0.01479	0.01109	0.00370	0.00863	0.01233	0.01109	0.01726
126	0.02675	0.17295	0.21484	0.02219	0.03386	0.02506	0.02396	0.03389	0.02358	0.08970	0.02104	0.02314	0.01603	0.00974	0.00892	0.00260	0.01179	0.00735	0.00617	0.22643
127	0.02699	0.02591	0.04426	0.06693	0.54879	0.02591	0.03346	0.03346	0.02483	0.03562	0.02051	0.02699	0.01727	0.00972	0.01079	0.00324	0.01295	0.00972	0.00540	0.01727
128	0.69383	0.02109	0.01603	0.01434	0.02109	0.02446	0.01181	0.03205	0.01856	0.04892	0.01518	0.01771	0.01181	0.01012	0.00675	0.00337	0.00843	0.00590	0.00675	0.01181
129	0.01753	0.00984	0.01347	0.01347	0.01433	0.00941	0.00919	0.01454	0.01669	0.02139	0.04030	0.04990	0.14160	0.03548	0.03567	0.52424	0.00855	0.01263	0.00599	0.00578
130	0.01580	0.01080	0.01308	0.01308	0.01349	0.01121	0.00808	0.01662	0.01621	0.02202	0.03327	0.06535	0.03704	0.50426	0.16448	0.01203	0.01449	0.01498	0.00645	0.00726
131	0.01340	0.01116	0.01176	0.01190	0.01542	0.00953	0.00911	0.01649	0.02527	0.03063	0.13509	0.10473	0.47934	0.02745	0.01305	0.00376	0.00583	0.05650	0.01024	0.00934
132	0.02946	0.02448	0.02750	0.09724	0.03569	0.02823	0.01973	0.15517	0.35632	0.04843	0.03705	0.03593	0.02755	0.01390	0.01103	0.00359	0.01015	0.01142	0.01023	0.01687
133	0.01444	0.01057	0.01492	0.01609	0.01744	0.01104	0.01166	0.01745	0.02016	0.02792	0.08262	0.32360	0.05488	0.05400	0.25747	0.01005	0.01620	0.02175	0.00840	0.00935
134	0.01925	0.01585	0.02014	0.07351	0.08141	0.01575	0.01515	0.08436	0.02841	0.03683	0.13293	0.12775	0.26236	0.02218	0.01232	0.00362	0.00805	0.01898	0.00947	0.01168
135	0.02278	0.02272	0.03770	0.02950	0.03482	0.02465	0.16410	0.02762	0.02112	0.03091	0.02363	0.10194	0.02291	0.01589	0.02052	0.00376	0.22877	0.01272	0.00603	0.14790
136	0.02595	0.02731	0.12095	0.17171	0.19050	0.02206	0.02782	0.03308	0.02400	0.08695	0.02216	0.02697	0.01680	0.01016	0.01021	0.00305	0.01248	0.00889	0.00618	0.15279
137	0.02745	0.49101	0.17460	0.02156	0.03247	0.03898	0.02371	0.03309	0.02236	0.02773	0.01619	0.01878	0.01395	0.00957	0.00778	0.00259	0.01270	0.00635	0.00465	0.01449
138	0.02975	0.02811	0.10030	0.03069	0.13622	0.02286	0.02272	0.14473	0.03044	0.08197	0.02298	0.02546	0.01743	0.01028	0.00980	0.00270	0.01112	0.00845	0.00756	0.25640
139	0.03014	0.03198	0.13751	0.03479	0.15608	0.09378	0.02641	0.07134	0.02823	0.11321	0.03127	0.04647	0.02706	0.01506	0.01149	0.00362	0.01325	0.10526	0.00783	0.01523

[dist]
# distance from previous block
# <min> <max>
0	1

[block]
# block no. 1 follows, 12 sequences, length 42
# corresponding to MSA columns:
# 684-725
name=unknown_B
#
# <colnr> <probs for GDERKNQSTAVLIFYWHMCP>
#	G	D	E	R	K	N	Q	S	T	A	V	L	I	F	Y	W	H	M	C	P
0	0.02502	0.03195	0.17746	0.03561	0.12010	0.02330	0.14403	0.03616	0.08804	0.07377	0.03759	0.03965	0.09109	0.01312	0.01152	0.00353	0.01328	0.01228	0.00717	0.01533
1	0.01397	0.01009	0.01280	0.01469	0.01575	0.00946	0.01009	0.01598	0.02102	0.02753	0.06212	0.43523	0.12083	0.11286	0.01960	0.00524	0.00714	0.06729	0.00963	0.00869
2	0.07687	0.02848	0.15353	0.22059	0.05102	0.02266	0.09323	0.03333	0.02364	0.10700	0.02582	0.07078	0.02045	0.01257	0.01096	0.00360	0.01360	0.01121	0.00665	0.01403
3	0.23864	0.15751	0.24048	0.02452	0.03582	0.02885	0.06824	0.03339	0.02166	0.03737	0.01749	0.02077	0.01345	0.00997	0.00874	0.00322	0.01296	0.00734	0.00538	0.01418
4	0.03167	0.07593	0.17292	0.10457	0.10988	0.02566	0.05507	0.09731	0.02856	0.15505	0.02559	0.02785	0.01809	0.01125	0.01059	0.00334	0.01324	0.00947	0.00759	0.01637
5	0.02444	0.02082	0.03163	0.10377	0.24321	0.02166	0.02488	0.08853	0.02867	0.03933	0.10076	0.05546	0.03874	0.01643	0.01203	0.00370	0.01131	0.11237	0.00794	0.01431
6	0.02921	0.02500	0.10074	0.28406	0.13574	0.02249	0.02835	0.03625	0.02491	0.16839	0.02578	0.03006	0.01815	0.01132	0.01083	0.00348	0.01311	0.00982	0.00717	0.01515
7	0.03272	0.02458	0.02692	0.17085	0.04021	0.12469	0.02083	0.07165	0.02861	0.17463	0.03376	0.08415	0.02858	0.01602	0.01147	0.00362	0.01272	0.07123	0.00884	0.01393
8	0.02633	0.02984	0.11088	0.06230	0.48404	0.02583	0.03434	0.03360	0.02459	0.03548	0.02039	0.02647	0.01682	0.00980	0.01074	0.00327	0.01336	0.00950	0.00529	0.01712
9	0.02092	0.01954	0.03282	0.48352	0.13218	0.02339	0.02931	0.02771	0.02213	0.02886	0.02232	0.06863	0.01884	0.01234	0.01109	0.00364	0.01377	0.01115	0.00528	0.01255
10	0.02492	0.02937	0.16611	0.10101	0.08389	0.02255	0.02599	0.06281	0.12419	0.07286	0.03434	0.08637	0.02978	0.01590	0.01154	0.00376	0.01196	0.06970	0.00804	0.01491
11	0.02313	0.02382	0.09054	0.28498	0.05088	0.02476	0.02686	0.02902	0.02125	0.06885	0.02349	0.07896	0.02044	0.01524	0.01763	0.00396	0.16609	0.01145	0.00593	0.01273
12	0.04044	0.02475	0.10154	0.06632	0.10098	0.01914	0.02258	0.04631	0.02862	0.38139	0.03528	0.03332	0.02308	0.01240	0.01086	0.00339	0.01105	0.01032	0.01064	0.01761
13	0.02442	0.25500	0.38405	0.02673	0.04046	0.03156	0.03271	0.03387	0.02272	0.03142	0.01802	0.02108	0.01388	0.01000	0.00918	0.00306	0.01455	0.00728	0.00463	0.01537
14	0.02319	0.11841	0.25503	0.09794	0.12034	0.02710	0.05914	0.03148	0.02268	0.03178	0.02192	0.06719	0.01892	0.01236	0.01187	0.00345	0.04705	0.01024	0.00523	0.01469
15	0.11666	0.11588	0.29210	0.02441	0.03590	0.02633	0.02761	0.03712	0.08644	0.06673	0.05311	0.02796	0.02189	0.01161	0.00970	0.00332	0.01253	0.00885	0.00665	0.01519
16	0.02886	0.12022	0.35723	0.02722	0.04050	0.02759	0.03183	0.10208	0.02780	0.10327	0.02284	0.02451	0.01613	0.01099	0.01008	0.00328	0.01413	0.00838	0.00659	0.01648
17	0.02910	0.21185	0.30390	0.02548	0.03805	0.02978	0.02932	0.07175	0.02597	0.10598	0.02200	0.02360	0.01602	0.01069	0.00952	0.00311	0.01360	0.00795	0.00630	0.01602
18	0.02301	0.04326	0.35442	0.11105	0.11125	0.02548	0.03509	0.03651	0.08841	0.03518	0.02286	0.02662	0.01686	0.01093	0.01058	0.00348	0.01454	0.00904	0.00557	0.01586
19	0.02227	0.02109	0.03573	0.45345	0.19916	0.02467	0.03111	0.02933	0.02259	0.02989	0.01968	0.02852	0.01525	0.01059	0.01087	0.00353	0.01412	0.00970	0.00499	0.01346
20	0.02517	0.02675	0.04155	0.03331	0.03785	0.07644	0.18626	0.03022	0.02208	0.03003	0.02275	0.03815	0.02129	0.01648	0.02310	0.00426	0.27525	0.07058	0.00578	0.01268
21	0.03169	0.02628	0.10299	0.09967	0.03924	0.05991	0.08292	0.03790	0.02666	0.21114	0.03514	0.08570	0.02883	0.01550	0.01172	0.00368	0.01267	0.06470	0.00891	0.01474
22	0.03068	0.02877	0.07616	0.18968	0.15622	0.09436	0.08761	0.03726	0.02599	0.13147	0.02415	0.02855	0.01762	0.01094	0.01096	0.00339	0.01446	0.00987	0.00678	0.01511
23	0.02235	0.01341	0.01921	0.01774	0.02151	0.01224	0.04132	0.02640	0.02660	0.14171	0.18046	0.23104	0.10097	0.02449	0.01303	0.00393	0.00770	0.07316	0.01101	0.01172
24	0.01346	0.01005	0.01253	0.01407	0.01563	0.00911	0.00973	0.01596	0.02302	0.03018	0.13178	0.42994	0.18239	0.03120	0.01355	0.00414	0.00600	0.02779	0.01036	0.00911
25	0.02793	0.03195	0.18741	0.18502	0.09117	0.02362	0.11272	0.03639	0.02492	0.13604	0.02465	0.02884	0.01735	0.01088	0.01109	0.00351	0.01448	0.01003	0.00664	0.01536
26	0.02698	0.15544	0.23969	0.17572	0.04789	0.02726	0.02969	0.03511	0.02373	0.10769	0.02208	0.02559	0.01598	0.01076	0.00991	0.00326	0.01379	0.00847	0.00599	0.01498
27	0.02574	0.02941	0.06434	0.04596	0.05699	0.02757	0.50919	0.03493	0.02574	0.03493	0.02206	0.02941	0.01654	0.00919	0.01287	0.00368	0.01838	0.01287	0.00551	0.01471
28	0.01642	0.01146	0.01333	0.01295	0.01631	0.00999	0.00967	0.01985	0.02652	0.07378	0.21978	0.15622	0.32228	0.02586	0.01286	0.00368	0.00581	0.02216	0.01091	0.01018
29	0.03425	0.03296	0.20675	0.03570	0.17066	0.02168	0.02859	0.04185	0.02684	0.24784	0.02939	0.02981	0.02010	0.01147	0.01072	0.00336	0.01250	0.00968	0.00844	0.01741
30	0.02142	0.02022	0.03420	0.52300	0.13625	0.02444	0.03069	0.02858	0.02219	0.02886	0.01953	0.02880	0.01489	0.01075	0.01089	0.00358	0.01433	0.00969	0.00492	0.01278
31	0.13154	0.02091	0.02899	0.02248	0.03074	0.02006	0.07927	0.04850	0.09097	0.35572	0.03667	0.03391	0.02435	0.01264	0.01065	0.00345	0.01026	0.01069	0.01124	0.01697
32	0.11427	0.02846	0.03414	0.19622	0.10467	0.14306	0.07913	0.03670	0.02546	0.10431	0.02198	0.02651	0.01633	0.01090	0.01037	0.00335	0.01443	0.00918	0.00658	0.01395
33	0.03214	0.02005	0.03125	0.13798	0.20176	0.01990	0.02342	0.03777	0.02740	0.22297	0.09999	0.03847	0.03200	0.01302	0.01116	0.00339	0.01085	0.01153	0.00912	0.01584
34	0.03407	0.02004	0.02908	0.02710	0.09590	0.01842	0.05412	0.07359	0.02956	0.24429	0.07425	0.04568	0.03279	0.01450	0.01130	0.00332	0.01023	0.06401	0.01020	0.10757
35	0.12152	0.01840	0.02588	0.08484	0.03253	0.01782	0.05247	0.04034	0.02716	0.30617	0.07517	0.08715	0.03267	0.01495	0.01096	0.00352	0.00986	0.01275	0.01064	0.01518
36	0.20249	0.01857	0.02314	0.13173	0.10307	0.01932	0.01786	0.02673	0.02174	0.03607	0.03440	0.10016	0.08717	0.01480	0.00989	0.00328	0.00956	0.01223	0.00696	0.12081
37	0.07480	0.07464	0.20350	0.02333	0.03345	0.02520	0.02389	0.09601	0.12274	0.04102	0.02746	0.06901	0.02259	0.01289	0.01002	0.00321	0.01148	0.01025	0.00745	0.10705
38	0.02444	0.15039	0.30106	0.03452	0.10030	0.02964	0.09268	0.03338	0.02285	0.03235	0.01871	0.02333	0.01462	0.01072	0.01235	0.00337	0.06656	0.00857	0.00483	0.01531
39	0.14275	0.19566	0.14637	0.03041	0.10180	0.02965	0.09064	0.03515	0.02334	0.08087	0.02014	0.02322	0.01550	0.01007	0.00927	0.00313	0.01287	0.00820	0.00600	0.01496
40	0.10469	0.02999	0.09493	0.03821	0.18356	0.06839	0.06132	0.03772	0.08676	0.07197	0.02330	0.02707	0.01821	0.01209	0.01383	0.00355	0.09290	0.00950	0.00667	0.01532
41	0.11146	0.03196	0.16760	0.14334	0.04201	0.06374	0.02439	0.03126	0.02265	0.03470	0.01868	0.02323	0.01445	0.00980	0.00925	0.00286	0.01253	0.00754	0.00559	0.22294

[dist]
# distance from previous block
# <min> <max>
0	10

[block]
# block no. 2 follows, 12 sequences, length 7
# corresponding to MSA columns:
# 737-743
name=unknown_C
#
# <colnr> <probs for GDERKNQSTAVLIFYWHMCP>
#	G	D	E	R	K	N	Q	S	T	A	V	L	I	F	Y	W	H	M	C	P
0	0.12189	0.01910	0.02340	0.01787	0.02644	0.01666	0.01464	0.04341	0.02726	0.34918	0.03302	0.03069	0.02210	0.01158	0.00964	0.00289	0.00884	0.00909	0.01071	0.20158
1	0.02449	0.02180	0.02454	0.02195	0.02652	0.02591	0.01735	0.04567	0.35560	0.03945	0.04743	0.04616	0.10011	0.01743	0.01634	0.00391	0.12733	0.01324	0.00968	0.01507
2	0.12667	0.15933	0.22766	0.02329	0.03392	0.02897	0.02513	0.09486	0.06383	0.04068	0.05947	0.02712	0.02219	0.01167	0.00943	0.00320	0.01215	0.00868	0.00676	0.01499
3	0.01328	0.00949	0.01265	0.01518	0.01581	0.00886	0.01012	0.01518	0.02088	0.02783	0.06010	0.60969	0.07212	0.03416	0.01392	0.00443	0.00633	0.03100	0.01012	0.00886
4	0.02601	0.23654	0.05190	0.15790	0.12453	0.03210	0.16031	0.03237	0.02348	0.03022	0.01881	0.02476	0.01531	0.00969	0.01005	0.00313	0.01436	0.00922	0.00505	0.01428
5	0.10586	0.10490	0.07774	0.30268	0.05038	0.02466	0.02420	0.02774	0.02141	0.03080	0.02440	0.11269	0.02270	0.01403	0.01024	0.00352	0.01227	0.01173	0.00583	0.01220
6	0.12130	0.22596	0.09487	0.02482	0.03373	0.07987	0.09345	0.09349	0.02665	0.03684	0.02127	0.06180	0.01862	0.01187	0.00940	0.00310	0.01306	0.00946	0.00632	0.01411

[dist]
# distance from previous block
# <min> <max>
0	4

[block]
# block no. 3 follows, 12 sequences, length 9
# corresponding to MSA columns:
# 748-756
name=unknown_D
#
# <colnr> <probs for GDERKNQSTAVLIFYWHMCP>
#	G	D	E	R	K	N	Q	S	T	A	V	L	I	F	Y	W	H	M	C	P
0	0.02440	0.02482	0.07658	0.15808	0.04359	0.02122	0.07404	0.08037	0.02583	0.03707	0.02041	0.02530	0.01586	0.00959	0.00976	0.00265	0.01183	0.00841	0.00629	0.32390
1	0.01697	0.01738	0.07048	0.09736	0.02852	0.01486	0.01654	0.02442	0.07834	0.03321	0.13375	0.27893	0.09872	0.02395	0.01258	0.00391	0.00842	0.02120	0.00927	0.01120
2	0.15836	0.02738	0.10765	0.04163	0.25605	0.02335	0.05457	0.03324	0.02443	0.07086	0.07694	0.03121	0.02546	0.01144	0.01029	0.00335	0.01176	0.01007	0.00677	0.01521
3	0.01635	0.09609	0.01821	0.01347	0.01582	0.01436	0.00959	0.01798	0.02018	0.02547	0.05650	0.20903	0.16550	0.24199	0.02789	0.00620	0.00843	0.02003	0.00808	0.00884
4	0.11086	0.02949	0.03222	0.02903	0.08716	0.13688	0.06343	0.12278	0.03201	0.20831	0.02752	0.02782	0.01930	0.01181	0.01042	0.00325	0.01299	0.00945	0.00914	0.01613
5	0.01965	0.01174	0.01600	0.01735	0.01968	0.01105	0.01334	0.02287	0.02368	0.10327	0.05695	0.37297	0.06279	0.02997	0.01387	0.00447	0.00793	0.17125	0.01057	0.01059
6	0.09223	0.14802	0.03079	0.01927	0.02609	0.02347	0.01637	0.04028	0.02568	0.29158	0.03375	0.09151	0.02654	0.01509	0.01250	0.00340	0.06684	0.01145	0.00982	0.01532
7	0.08386	0.01436	0.01803	0.01616	0.02081	0.01316	0.01235	0.03070	0.02643	0.20153	0.16305	0.21568	0.05650	0.02112	0.01176	0.00359	0.00727	0.01830	0.01112	0.05423
8	0.14718	0.02309	0.02273	0.01893	0.02563	0.07841	0.01504	0.08929	0.08405	0.14808	0.12255	0.03750	0.03537	0.01373	0.01012	0.00314	0.00955	0.01076	0.00984	0.09501

[dist]
# distance from previous block
# <min> <max>
7	110

[block]
# block no. 4 follows, 12 sequences, length 15
# corresponding to MSA columns:
# 892-906
name=unknown_E
#
# <colnr> <probs for GDERKNQSTAVLIFYWHMCP>
#	G	D	E	R	K	N	Q	S	T	A	V	L	I	F	Y	W	H	M	C	P
0	0.10724	0.05793	0.05900	0.01775	0.02207	0.01588	0.01518	0.02497	0.02311	0.07666	0.07409	0.27176	0.05210	0.02435	0.01218	0.00405	0.00863	0.11251	0.00927	0.01126
1	0.02660	0.19306	0.14594	0.03269	0.16005	0.02793	0.02492	0.03434	0.06048	0.06714	0.02396	0.03104	0.02043	0.08913	0.01550	0.00403	0.01236	0.00939	0.00617	0.01484
2	0.02494	0.02572	0.10064	0.02618	0.03312	0.04807	0.11887	0.02956	0.02181	0.07309	0.02233	0.02937	0.01830	0.02402	0.08490	0.11849	0.07674	0.00982	0.00603	0.10800
3	0.02251	0.01448	0.01813	0.01699	0.01967	0.01491	0.01296	0.11727	0.02495	0.03273	0.03877	0.05605	0.09433	0.03020	0.02770	0.34305	0.00957	0.08915	0.00758	0.00901
4	0.01681	0.01428	0.01957	0.01966	0.02009	0.01704	0.01470	0.01887	0.01948	0.02730	0.04483	0.41439	0.05285	0.02913	0.02121	0.00454	0.20320	0.02384	0.00834	0.00988
5	0.02837	0.01830	0.02944	0.11821	0.03656	0.01882	0.08788	0.03323	0.02529	0.19117	0.07821	0.15365	0.03766	0.01794	0.01443	0.00382	0.06847	0.01569	0.00924	0.01361
6	0.02336	0.03072	0.18765	0.02191	0.03158	0.02052	0.02213	0.08003	0.09294	0.04147	0.13000	0.03742	0.03555	0.01304	0.01042	0.00298	0.01041	0.01074	0.00806	0.18906
7	0.58471	0.02625	0.01851	0.01664	0.02320	0.11612	0.01336	0.03397	0.02062	0.04521	0.01546	0.01804	0.01218	0.01031	0.00726	0.00328	0.01031	0.00609	0.00656	0.01195
8	0.01584	0.01335	0.01404	0.01390	0.01766	0.01280	0.01037	0.02420	0.12699	0.03252	0.08992	0.16279	0.37391	0.02592	0.01267	0.00379	0.00627	0.02196	0.01032	0.01080
9	0.01668	0.01298	0.01538	0.01446	0.01780	0.01262	0.01093	0.02523	0.10505	0.04110	0.37946	0.08006	0.18226	0.02224	0.01260	0.00352	0.00575	0.01927	0.01148	0.01112
10	0.01669	0.01127	0.01445	0.01442	0.01697	0.01073	0.01133	0.02179	0.02835	0.04095	0.35941	0.08309	0.08219	0.02228	0.01243	0.00360	0.00613	0.11093	0.12277	0.01022
11	0.02379	0.02264	0.03848	0.32900	0.31173	0.02506	0.03187	0.03066	0.02331	0.03174	0.01994	0.02803	0.01590	0.01031	0.01085	0.00344	0.01374	0.00970	0.00512	0.01469
12	0.01638	0.01337	0.01830	0.02205	0.10476	0.01241	0.01358	0.02066	0.02689	0.03634	0.27284	0.14740	0.20732	0.02321	0.01266	0.00360	0.00671	0.02043	0.01013	0.01097
13	0.01820	0.01440	0.01957	0.09253	0.02800	0.01586	0.01644	0.02702	0.10698	0.03262	0.08123	0.16818	0.04907	0.03576	0.12724	0.00694	0.01324	0.12664	0.00885	0.01125
14	0.03511	0.02873	0.11505	0.02211	0.03076	0.02463	0.02055	0.25735	0.03744	0.13803	0.02977	0.03041	0.02107	0.01262	0.01016	0.00317	0.01083	0.00978	0.14601	0.01643

[dist]
# distance from previous block
# <min> <max>
0	8

[block]
# block no. 5 follows, 12 sequences, length 10
# corresponding to MSA columns:
# 915-924
name=unknown_F
#
# <colnr> <probs for GDERKNQSTAVLIFYWHMCP>
#	G	D	E	R	K	N	Q	S	T	A	V	L	I	F	Y	W	H	M	C	P
0	0.02448	0.01869	0.02281	0.02033	0.02479	0.02127	0.01614	0.16084	0.10649	0.04039	0.03074	0.03792	0.02580	0.05248	0.33144	0.01146	0.02127	0.01127	0.00805	0.01333
1	0.13088	0.02516	0.03986	0.05873	0.46658	0.02568	0.03009	0.03324	0.02385	0.03769	0.01968	0.02554	0.01642	0.00978	0.01016	0.00326	0.01225	0.00912	0.00561	0.01642
2	0.02457	0.03453	0.18850	0.10440	0.21676	0.02608	0.17832	0.03362	0.02430	0.03432	0.02061	0.02686	0.01584	0.00985	0.01131	0.00347	0.01560	0.01021	0.00516	0.01566
3	0.02699	0.02591	0.04426	0.06693	0.54879	0.02591	0.03346	0.03346	0.02483	0.03562	0.02051	0.02699	0.01727	0.00972	0.01079	0.00324	0.01295	0.00972	0.00540	0.01727
4	0.50757	0.01850	0.01644	0.01521	0.02064	0.02149	0.01231	0.02860	0.01827	0.04244	0.01903	0.02461	0.01605	0.02980	0.16242	0.00726	0.01414	0.00749	0.00650	0.01124
5	0.01763	0.01419	0.01790	0.01919	0.06338	0.01395	0.01297	0.02623	0.10620	0.03963	0.30854	0.10952	0.16474	0.02182	0.01248	0.00357	0.00650	0.01906	0.01082	0.01168
6	0.01502	0.01113	0.01401	0.01329	0.01604	0.01011	0.00997	0.01978	0.02990	0.04142	0.47333	0.08523	0.17403	0.02315	0.01286	0.00347	0.00521	0.02025	0.01170	0.01011
7	0.02008	0.02506	0.14058	0.07918	0.03239	0.01934	0.02090	0.03338	0.16257	0.03669	0.11781	0.18085	0.04735	0.01930	0.01187	0.00377	0.00980	0.01681	0.00891	0.01334
8	0.02826	0.02378	0.03279	0.36757	0.12353	0.08539	0.02735	0.03443	0.02474	0.11389	0.02305	0.02903	0.01684	0.01121	0.01078	0.00345	0.01407	0.00960	0.00640	0.01387
9	0.01521	0.01065	0.01337	0.01347	0.01568	0.00985	0.00981	0.01939	0.02720	0.03848	0.34145	0.20265	0.12579	0.02454	0.01257	0.00359	0.00545	0.02166	0.07934	0.00985

[dist]
# distance from previous block
# <min> <max>
0	2

[block]
# block no. 6 follows, 12 sequences, length 15
# corresponding to MSA columns:
# 927-938,942-944
name=unknown_G
#
# <colnr> <probs for GDERKNQSTAVLIFYWHMCP>
#	G	D	E	R	K	N	Q	S	T	A	V	L	I	F	Y	W	H	M	C	P
0	0.12079	0.23316	0.13374	0.02136	0.03035	0.03107	0.02131	0.11910	0.02646	0.03840	0.02013	0.02397	0.01650	0.02129	0.09407	0.00516	0.01475	0.00787	0.00627	0.01427
1	0.12052	0.10456	0.03766	0.17138	0.23368	0.09411	0.02626	0.03307	0.02363	0.03327	0.01836	0.02405	0.01505	0.01018	0.00964	0.00318	0.01334	0.00834	0.00539	0.01431
2	0.20141	0.01525	0.01909	0.09117	0.02714	0.01796	0.01530	0.02400	0.01836	0.03209	0.02410	0.03419	0.02139	0.05300	0.34567	0.01185	0.02163	0.00985	0.00596	0.01061
3	0.01612	0.01755	0.08600	0.04782	0.02406	0.01299	0.01589	0.02155	0.02636	0.03549	0.23664	0.11929	0.18348	0.02339	0.01284	0.00381	0.00799	0.08820	0.00978	0.01075
4	0.31656	0.01961	0.02145	0.01730	0.02503	0.01953	0.01428	0.04439	0.02596	0.34576	0.03147	0.02906	0.02069	0.01210	0.00921	0.00337	0.00893	0.00886	0.01069	0.01576
5	0.02385	0.12345	0.38299	0.02904	0.04245	0.02805	0.06312	0.03785	0.09968	0.03508	0.02290	0.02537	0.01695	0.01082	0.01019	0.00336	0.01454	0.00871	0.00565	0.01592
6	0.01408	0.01066	0.01299	0.01332	0.01569	0.00957	0.00964	0.01763	0.02634	0.03512	0.28187	0.23269	0.22646	0.02712	0.01316	0.00378	0.00558	0.02378	0.01093	0.00957
7	0.02775	0.11969	0.23124	0.10283	0.14147	0.02809	0.03089	0.08763	0.02680	0.07245	0.02146	0.02507	0.01602	0.01068	0.01014	0.00325	0.01376	0.00866	0.00611	0.01599
8	0.12379	0.01378	0.01654	0.01694	0.02054	0.01381	0.01379	0.02716	0.02385	0.10822	0.04701	0.18186	0.04768	0.02346	0.01210	0.00412	0.00835	0.19451	0.09122	0.01128
9	0.01897	0.01547	0.01932	0.02136	0.08744	0.01442	0.01366	0.06741	0.02554	0.03383	0.06199	0.19797	0.21069	0.06369	0.01502	0.00399	0.00797	0.01945	0.00890	0.09292
10	0.20597	0.28053	0.13207	0.01986	0.02924	0.03221	0.02032	0.06511	0.02390	0.03759	0.05017	0.02319	0.01932	0.01081	0.00817	0.00295	0.01121	0.00740	0.00611	0.01387
