[name]
unknown

[dist]
# distance from previous block
# <min> <max>
0	709

[block]
# block no. 0 follows, 13 sequences, length 51
# corresponding to MSA columns:
# 860-910
name=unknown_A
#
# <colnr> <probs for GDERKNQSTAVLIFYWHMCP>
#	G	D	E	R	K	N	Q	S	T	A	V	L	I	F	Y	W	H	M	C	P
0	0.01709	0.01106	0.01513	0.01699	0.01890	0.01057	0.01322	0.02034	0.02266	0.06786	0.05613	0.37103	0.06302	0.03006	0.01375	0.00446	0.00783	0.22013	0.01002	0.00974
1	0.02416	0.02673	0.05507	0.10531	0.05369	0.02710	0.40379	0.03201	0.02340	0.03201	0.02013	0.02779	0.01554	0.01034	0.01513	0.00370	0.09359	0.01172	0.00518	0.01363
2	0.02179	0.02116	0.02982	0.02596	0.02628	0.02919	0.02148	0.02435	0.01633	0.02530	0.01629	0.02620	0.01597	0.02865	0.12674	0.00669	0.51220	0.00960	0.00480	0.01121
3	0.02121	0.05469	0.57364	0.03014	0.04576	0.02455	0.03906	0.03348	0.02232	0.03348	0.01897	0.02232	0.01339	0.01005	0.01005	0.00335	0.01563	0.00781	0.00446	0.01563
4	0.09481	0.02417	0.02552	0.02070	0.02773	0.02666	0.01679	0.28875	0.14810	0.09301	0.03045	0.03007	0.02212	0.01277	0.00989	0.00319	0.00965	0.00982	0.08962	0.01618
5	0.02393	0.02139	0.03531	0.15636	0.37912	0.02227	0.02769	0.03013	0.02321	0.03395	0.02212	0.02876	0.01798	0.01012	0.00997	0.00310	0.01157	0.00949	0.11887	0.01466
6	0.01372	0.00980	0.01323	0.01568	0.01667	0.00931	0.01128	0.01618	0.02107	0.02793	0.05781	0.51987	0.06809	0.03233	0.01372	0.00441	0.00686	0.12340	0.00980	0.00882
7	0.03663	0.02785	0.02973	0.02361	0.03143	0.03113	0.01924	0.40653	0.17619	0.06089	0.02991	0.02899	0.02164	0.01312	0.01062	0.00328	0.01080	0.01014	0.01062	0.01766
8	0.01479	0.01067	0.01398	0.01342	0.01576	0.00986	0.00996	0.01951	0.02911	0.04110	0.51471	0.12487	0.09724	0.02259	0.01256	0.00341	0.00509	0.02005	0.01148	0.00986
9	0.06571	0.01388	0.02080	0.01985	0.02326	0.01362	0.07322	0.02234	0.02454	0.03468	0.16187	0.17473	0.06231	0.02439	0.01312	0.00416	0.00891	0.21892	0.00944	0.01025
10	0.02855	0.03233	0.03383	0.02884	0.03139	0.21055	0.05951	0.03148	0.02129	0.02621	0.01523	0.02222	0.01396	0.01534	0.02493	0.00393	0.37477	0.00870	0.00495	0.01199
11	0.07696	0.01163	0.01423	0.01408	0.01547	0.01273	0.00977	0.01828	0.01630	0.02465	0.02951	0.05271	0.03089	0.33823	0.27725	0.01251	0.01779	0.01278	0.00610	0.00816
12	0.34788	0.02044	0.01982	0.01653	0.02305	0.02226	0.01349	0.14262	0.02812	0.12530	0.06719	0.02865	0.02359	0.01210	0.00858	0.00319	0.00853	0.00872	0.06636	0.01358
13	0.01409	0.01043	0.01315	0.01320	0.01544	0.00949	0.00962	0.01798	0.02677	0.03663	0.36980	0.20591	0.16828	0.02508	0.01271	0.00359	0.00531	0.02213	0.01093	0.00949
14	0.02422	0.02194	0.03252	0.22631	0.09369	0.02464	0.07940	0.07410	0.18781	0.03785	0.06439	0.03486	0.02644	0.01238	0.01097	0.00347	0.01178	0.01123	0.00763	0.01438
15	0.02522	0.02399	0.04073	0.06132	0.52347	0.02394	0.03084	0.03119	0.02380	0.03400	0.02262	0.06860	0.02054	0.01111	0.01068	0.00322	0.01210	0.01089	0.00556	0.01617
16	0.03633	0.01922	0.02482	0.08486	0.03136	0.01922	0.01705	0.12337	0.07067	0.30064	0.11944	0.04052	0.03575	0.01420	0.01092	0.00332	0.00932	0.01177	0.01132	0.01590
17	0.03347	0.02065	0.02699	0.06762	0.09081	0.01993	0.01835	0.07710	0.11408	0.23037	0.03168	0.03110	0.02238	0.01154	0.01002	0.00295	0.00961	0.00961	0.00954	0.16218
18	0.17571	0.07595	0.12740	0.02162	0.03020	0.07162	0.02045	0.14981	0.02893	0.11121	0.02275	0.02466	0.01683	0.01686	0.05798	0.00430	0.01329	0.00818	0.00763	0.01464
19	0.01762	0.01146	0.01621	0.01597	0.01811	0.01256	0.01214	0.02106	0.01841	0.06434	0.03222	0.08321	0.03047	0.11257	0.41811	0.01349	0.02215	0.01280	0.05733	0.00977
20	0.07682	0.17580	0.13376	0.02117	0.03054	0.02755	0.02066	0.08373	0.12158	0.12236	0.02625	0.02624	0.01938	0.01114	0.00913	0.00297	0.01077	0.00840	0.00783	0.06391
21	0.03066	0.22137	0.11466	0.01921	0.02775	0.02439	0.01858	0.03533	0.02382	0.19551	0.02841	0.06964	0.02335	0.05818	0.01251	0.00342	0.01054	0.00997	0.00780	0.06490
22	0.02407	0.01873	0.02214	0.01593	0.02522	0.01422	0.01278	0.02872	0.02263	0.07946	0.02072	0.02311	0.01654	0.00827	0.00807	0.00171	0.00793	0.00663	0.00684	0.63631
23	0.01321	0.00985	0.01229	0.01355	0.01519	0.00894	0.00945	0.01585	0.02300	0.03037	0.16718	0.39972	0.18388	0.02946	0.01307	0.00394	0.00574	0.02619	0.01017	0.00894
24	0.08651	0.01977	0.02790	0.16160	0.12599	0.01934	0.02052	0.03497	0.02408	0.18227	0.02499	0.02759	0.01804	0.01036	0.00958	0.00290	0.01043	0.00869	0.00764	0.17684
25	0.03983	0.04042	0.03081	0.02584	0.03274	0.32038	0.02027	0.27507	0.03944	0.04545	0.02068	0.02210	0.01571	0.01176	0.01003	0.00294	0.01550	0.00811	0.00791	0.01501
26	0.02617	0.02512	0.04292	0.06490	0.56246	0.02512	0.03245	0.03245	0.02407	0.03454	0.01989	0.02617	0.01675	0.00942	0.01047	0.00314	0.01256	0.00942	0.00523	0.01675
27	0.02368	0.14110	0.30949	0.02603	0.03675	0.02869	0.02903	0.03709	0.13213	0.03342	0.02280	0.02516	0.01749	0.01174	0.01243	0.00336	0.08022	0.00849	0.00583	0.01506
28	0.02626	0.03467	0.23345	0.02650	0.03819	0.02205	0.09857	0.08867	0.02633	0.08165	0.02187	0.02459	0.01600	0.00979	0.00987	0.00284	0.01271	0.00848	0.00651	0.21102
29	0.01378	0.00985	0.01326	0.01549	0.01656	0.00933	0.01114	0.01639	0.02165	0.02890	0.09227	0.49294	0.07034	0.03162	0.01363	0.00433	0.00671	0.11300	0.00993	0.00889
30	0.01520	0.00919	0.01291	0.01432	0.01468	0.00884	0.00955	0.01432	0.01751	0.02334	0.04139	0.37221	0.04812	0.03465	0.02527	0.29536	0.00742	0.02123	0.00761	0.00690
31	0.01489	0.00978	0.01203	0.01284	0.01305	0.00958	0.00785	0.01498	0.01681	0.02241	0.03990	0.24811	0.04662	0.36443	0.03904	0.08513	0.00877	0.01954	0.00733	0.00693
32	0.01842	0.01602	0.02185	0.01942	0.02086	0.01946	0.01554	0.02228	0.02412	0.03523	0.32719	0.05536	0.06343	0.02030	0.02187	0.00388	0.26052	0.01495	0.00867	0.01065
33	0.02286	0.02091	0.02023	0.01852	0.02304	0.08483	0.01416	0.03887	0.26565	0.04028	0.22375	0.05548	0.09280	0.01740	0.01134	0.00339	0.00822	0.01462	0.01037	0.01327
34	0.70310	0.02045	0.01554	0.01390	0.02045	0.02372	0.01145	0.03108	0.01799	0.04744	0.01472	0.01718	0.01145	0.00981	0.00654	0.00327	0.00818	0.00573	0.00654	0.01145
35	0.01467	0.00994	0.01258	0.01322	0.01402	0.00953	0.00864	0.01610	0.02033	0.02770	0.16384	0.25715	0.06198	0.23358	0.02928	0.06267	0.00752	0.02076	0.00865	0.00784
36	0.01997	0.01879	0.03171	0.60301	0.07282	0.02349	0.02936	0.02701	0.02114	0.02701	0.01879	0.02819	0.01409	0.01057	0.01057	0.00352	0.01409	0.00940	0.00470	0.01175
37	0.08793	0.02119	0.02819	0.26681	0.04701	0.02380	0.02203	0.13380	0.06737	0.15775	0.02662	0.02927	0.01866	0.01176	0.01026	0.00338	0.01156	0.00958	0.00832	0.01470
38	0.01800	0.02906	0.24981	0.01991	0.02665	0.01644	0.02086	0.02318	0.01833	0.02614	0.02601	0.04524	0.02582	0.29360	0.07120	0.04867	0.01370	0.01153	0.00543	0.01041
39	0.02160	0.02270	0.07234	0.25013	0.10703	0.02308	0.06973	0.03147	0.09540	0.03220	0.06834	0.03545	0.02565	0.04748	0.01479	0.00391	0.04824	0.01107	0.00633	0.01306
40	0.04679	0.01904	0.02518	0.01931	0.02751	0.01709	0.01595	0.09421	0.03201	0.52464	0.04025	0.03504	0.02544	0.01305	0.01063	0.00326	0.00923	0.01053	0.01286	0.01799
41	0.08393	0.02100	0.03117	0.26982	0.10740	0.02337	0.05779	0.10204	0.02641	0.08149	0.02299	0.02830	0.01702	0.01093	0.01007	0.00330	0.01208	0.00946	0.06772	0.01370
42	0.02480	0.01870	0.02222	0.01602	0.02527	0.01426	0.01287	0.02943	0.02286	0.09477	0.02137	0.02351	0.01684	0.00842	0.00815	0.00176	0.00796	0.00676	0.00703	0.61700
43	0.01379	0.01076	0.01251	0.01207	0.01508	0.00948	0.00905	0.01768	0.02716	0.03583	0.34340	0.08979	0.31735	0.02407	0.01248	0.00344	0.00516	0.02064	0.01077	0.00948
44	0.01492	0.01035	0.01296	0.01335	0.01390	0.01071	0.00858	0.01612	0.01652	0.02249	0.03600	0.14857	0.04045	0.40325	0.17600	0.01095	0.01397	0.01669	0.00676	0.00748
45	0.04008	0.03308	0.03144	0.02481	0.03277	0.12506	0.02015	0.44631	0.04642	0.05984	0.02388	0.02433	0.01725	0.01239	0.01040	0.00310	0.01287	0.00907	0.00972	0.01703
46	0.08921	0.02332	0.02596	0.02176	0.02800	0.02647	0.01755	0.15233	0.25098	0.13068	0.03332	0.03213	0.02437	0.01387	0.01304	0.00354	0.07684	0.01039	0.01004	0.01618
47	0.02827	0.63478	0.05540	0.01809	0.02714	0.04184	0.01809	0.03166	0.02148	0.02488	0.01470	0.01696	0.01357	0.00905	0.00678	0.00226	0.01131	0.00565	0.00452	0.01357
48	0.20090	0.13033	0.16903	0.02220	0.03120	0.12096	0.02195	0.03777	0.10785	0.03621	0.02073	0.02244	0.01606	0.01068	0.00867	0.00309	0.01243	0.00745	0.00620	0.01386
49	0.01849	0.01635	0.02135	0.01916	0.02180	0.01813	0.01492	0.02121	0.01951	0.02829	0.03743	0.23724	0.07439	0.02176	0.01947	0.00373	0.21553	0.01679	0.00720	0.16724
50	0.52530	0.02431	0.01964	0.06565	0.02708	0.08767	0.01456	0.06613	0.02179	0.04461	0.01598	0.01888	0.01237	0.01020	0.00750	0.00322	0.01014	0.00642	0.00654	0.01202

[dist]
# distance from previous block
# <min> <max>
0	1

[block]
# block no. 1 follows, 13 sequences, length 37
# corresponding to MSA columns:
# 912-948
name=unknown_B
#
# <colnr> <probs for GDERKNQSTAVLIFYWHMCP>
#	G	D	E	R	K	N	Q	S	T	A	V	L	I	F	Y	W	H	M	C	P
0	0.02956	0.56918	0.05284	0.01877	0.02775	0.04086	0.01831	0.08538	0.02454	0.02940	0.01586	0.01787	0.01405	0.00944	0.00720	0.00236	0.01134	0.00607	0.00518	0.01405
1	0.02550	0.02444	0.04170	0.12323	0.50939	0.02494	0.03211	0.03186	0.02376	0.03373	0.01977	0.02639	0.01646	0.00955	0.01048	0.00318	0.01273	0.00942	0.00518	0.01621
2	0.02167	0.02091	0.03057	0.02580	0.02669	0.02731	0.06166	0.02406	0.01676	0.02512	0.01855	0.03315	0.01916	0.14443	0.03681	0.00571	0.43507	0.01080	0.00506	0.01072
3	0.02560	0.02454	0.04189	0.11421	0.51759	0.02497	0.03217	0.03195	0.02381	0.03385	0.01979	0.02635	0.01650	0.00953	0.01048	0.00318	0.01270	0.00942	0.00518	0.01629
4	0.01687	0.01222	0.01557	0.01694	0.01881	0.01246	0.01325	0.02235	0.06901	0.02927	0.04928	0.17025	0.05374	0.18277	0.02420	0.00606	0.00923	0.25938	0.00898	0.00936
5	0.02121	0.05469	0.57364	0.03014	0.04576	0.02455	0.03906	0.03348	0.02232	0.03348	0.01897	0.02232	0.01339	0.01005	0.01005	0.00335	0.01563	0.00781	0.00446	0.01563
6	0.02054	0.01937	0.03274	0.55370	0.11769	0.02364	0.02965	0.02751	0.02141	0.02770	0.01889	0.02800	0.01434	0.01047	0.01056	0.00349	0.01395	0.00940	0.00475	0.01220
7	0.01535	0.01034	0.01198	0.01198	0.01214	0.01050	0.00697	0.01567	0.01551	0.02084	0.03290	0.06690	0.03745	0.58298	0.09789	0.01081	0.01175	0.01504	0.00635	0.00666
8	0.01288	0.00920	0.01227	0.01472	0.01534	0.00859	0.00981	0.01472	0.02024	0.02699	0.05828	0.62152	0.06993	0.03312	0.01350	0.00429	0.00613	0.03006	0.00981	0.00859
9	0.02175	0.02099	0.03106	0.10734	0.03476	0.02540	0.06001	0.02564	0.01895	0.02807	0.01977	0.07423	0.01910	0.01594	0.02294	0.00381	0.32005	0.01073	0.00542	0.13404
10	0.03052	0.02397	0.08944	0.02193	0.03080	0.01894	0.05868	0.03761	0.05693	0.20344	0.02740	0.02813	0.01966	0.01107	0.01162	0.00283	0.05675	0.00891	0.00830	0.25308
11	0.53837	0.02005	0.01944	0.15596	0.03308	0.02366	0.01577	0.03010	0.01875	0.04251	0.01570	0.01983	0.01209	0.01000	0.00751	0.00333	0.00961	0.00661	0.00610	0.01152
12	0.02128	0.01941	0.03128	0.36402	0.05476	0.02296	0.06460	0.06249	0.02455	0.03289	0.10977	0.03611	0.02896	0.01318	0.01326	0.00357	0.06720	0.01128	0.00634	0.01208
13	0.02250	0.02122	0.03146	0.06991	0.03453	0.02022	0.10310	0.02768	0.02137	0.03217	0.01837	0.02377	0.01529	0.01011	0.01356	0.00260	0.11555	0.00810	0.00569	0.40279
14	0.03065	0.02011	0.02305	0.01922	0.02533	0.02089	0.01553	0.19890	0.10836	0.14333	0.13486	0.05282	0.09706	0.01712	0.01140	0.00342	0.00873	0.04319	0.01111	0.01491
15	0.01410	0.01090	0.01293	0.01279	0.01574	0.00974	0.00983	0.01807	0.02683	0.03530	0.31118	0.09290	0.29558	0.02462	0.01269	0.00359	0.00562	0.06744	0.01066	0.00949
16	0.09794	0.01724	0.02246	0.01796	0.02519	0.01546	0.01458	0.04585	0.02816	0.46773	0.04127	0.09790	0.02970	0.01499	0.01060	0.00338	0.00862	0.01233	0.01219	0.01643
17	0.03468	0.02687	0.02862	0.02321	0.03069	0.03021	0.01876	0.34018	0.24573	0.05774	0.03239	0.03097	0.02366	0.01335	0.01065	0.00334	0.01034	0.01049	0.01065	0.01749
18	0.01493	0.01076	0.01419	0.01396	0.01626	0.01002	0.01055	0.01960	0.02850	0.03997	0.46533	0.13628	0.09354	0.02340	0.01275	0.00355	0.00550	0.05980	0.01130	0.00982
19	0.01517	0.01106	0.01565	0.01565	0.01707	0.01249	0.01154	0.01802	0.01659	0.02355	0.02955	0.04835	0.02939	0.21468	0.45519	0.01533	0.02387	0.01233	0.00585	0.00869
20	0.21924	0.01807	0.02139	0.01757	0.02474	0.01739	0.01460	0.04313	0.02640	0.37702	0.03593	0.03925	0.02569	0.01382	0.00994	0.00343	0.00885	0.05709	0.01101	0.01543
21	0.02192	0.01879	0.02192	0.01566	0.02506	0.01409	0.01253	0.02662	0.02192	0.03445	0.01879	0.02192	0.01566	0.00783	0.00783	0.00157	0.00783	0.00626	0.00626	0.69305
22	0.01289	0.01073	0.01125	0.01112	0.01452	0.00909	0.00834	0.01593	0.02502	0.03075	0.17828	0.09815	0.48563	0.02596	0.01249	0.00353	0.00530	0.02181	0.01011	0.00909
23	0.03084	0.01991	0.02272	0.01947	0.02541	0.02117	0.01568	0.14224	0.19775	0.15002	0.07945	0.04628	0.03547	0.01547	0.01082	0.00342	0.00865	0.05545	0.08447	0.01532
24	0.01518	0.01102	0.01541	0.01541	0.01675	0.01235	0.01124	0.01786	0.01652	0.02337	0.02977	0.04957	0.02992	0.23883	0.43175	0.01503	0.02307	0.01250	0.00588	0.00856
25	0.41627	0.01999	0.01835	0.01500	0.02254	0.02041	0.01216	0.03102	0.05174	0.04257	0.01793	0.02026	0.01425	0.00938	0.00727	0.00268	0.00807	0.00630	0.00670	0.25711
26	0.02192	0.01879	0.02192	0.01566	0.02506	0.01409	0.01253	0.02662	0.02192	0.03445	0.01879	0.02192	0.01566	0.00783	0.00783	0.00157	0.00783	0.00626	0.00626	0.69305
27	0.02668	0.01271	0.01717	0.01636	0.01999	0.01136	0.01210	0.02942	0.02424	0.24377	0.05166	0.38767	0.05245	0.02512	0.01235	0.00389	0.00728	0.02230	0.01112	0.01234
28	0.02192	0.01879	0.02192	0.01566	0.02506	0.01409	0.01253	0.02662	0.02192	0.03445	0.01879	0.02192	0.01566	0.00783	0.00783	0.00157	0.00783	0.00626	0.00626	0.69305
29	0.01415	0.01010	0.01315	0.01373	0.01525	0.00943	0.00961	0.01743	0.02475	0.03427	0.30937	0.29971	0.08244	0.07720	0.01636	0.00430	0.00590	0.02327	0.01046	0.00911
30	0.01283	0.00942	0.01205	0.01415	0.01519	0.00864	0.00956	0.01479	0.02079	0.02721	0.06520	0.54784	0.13914	0.03222	0.01335	0.00419	0.00602	0.02896	0.00982	0.00864
31	0.21052	0.01794	0.02105	0.01683	0.02413	0.01713	0.01383	0.04414	0.02650	0.39415	0.03431	0.03153	0.02254	0.01220	0.00933	0.00320	0.00845	0.00933	0.06721	0.01567
32	0.01538	0.01025	0.01153	0.01153	0.01153	0.01025	0.00641	0.01538	0.01538	0.02050	0.03331	0.06919	0.03844	0.62842	0.05382	0.01025	0.01025	0.01538	0.00641	0.00641
33	0.02685	0.02382	0.03696	0.08365	0.38070	0.02459	0.02763	0.11792	0.02803	0.03897	0.02496	0.09068	0.02258	0.01264	0.01082	0.00329	0.01179	0.01167	0.00665	0.01579
34	0.01829	0.02948	0.24031	0.13281	0.03835	0.01809	0.02511	0.02594	0.02277	0.03260	0.10604	0.15361	0.03834	0.01662	0.01103	0.00351	0.01120	0.01437	0.04922	0.01228
35	0.10159	0.02570	0.10240	0.02838	0.12359	0.02155	0.02154	0.07247	0.09400	0.11637	0.02867	0.03497	0.02274	0.01240	0.01002	0.00318	0.01046	0.04927	0.00804	0.11267
36	0.06163	0.02385	0.09380	0.01763	0.02491	0.05132	0.01559	0.06449	0.02434	0.03513	0.07301	0.04101	0.07907	0.09977	0.01573	0.00367	0.00976	0.01065	0.00713	0.24750

[dist]
# distance from previous block
# <min> <max>
2	20

[block]
# block no. 2 follows, 13 sequences, length 27
# corresponding to MSA columns:
# 969-995
name=unknown_C
#
# <colnr> <probs for GDERKNQSTAVLIFYWHMCP>
#	G	D	E	R	K	N	Q	S	T	A	V	L	I	F	Y	W	H	M	C	P
0	0.02926	0.02081	0.02852	0.06875	0.07363	0.02029	0.06106	0.11628	0.06700	0.14198	0.06492	0.03900	0.07833	0.01320	0.01058	0.00305	0.01003	0.01140	0.00898	0.13292
1	0.02887	0.01539	0.01967	0.01678	0.02234	0.01380	0.01302	0.03490	0.07096	0.23863	0.12234	0.17462	0.04658	0.01832	0.01117	0.00329	0.00749	0.01585	0.01090	0.11509
2	0.02392	0.11507	0.03709	0.10887	0.03770	0.02370	0.13258	0.02948	0.02408	0.07781	0.10384	0.04710	0.03463	0.01525	0.01369	0.00359	0.07180	0.07997	0.00726	0.01257
3	0.01288	0.00920	0.01227	0.01472	0.01534	0.00859	0.00981	0.01472	0.02024	0.02699	0.05828	0.62152	0.06993	0.03312	0.01350	0.00429	0.00613	0.03006	0.00981	0.00859
4	0.03200	0.01427	0.01869	0.01553	0.02087	0.01275	0.01237	0.03653	0.02889	0.30668	0.21700	0.05124	0.05152	0.01589	0.01076	0.00316	0.00699	0.01342	0.11745	0.01398
5	0.03284	0.01423	0.01878	0.01625	0.02114	0.01271	0.01243	0.03601	0.02547	0.32779	0.04455	0.19184	0.03886	0.07996	0.01543	0.00417	0.00803	0.01609	0.06973	0.01368
6	0.03426	0.02513	0.02734	0.02221	0.02940	0.02776	0.01793	0.29801	0.21412	0.09388	0.06938	0.03463	0.02908	0.01390	0.01077	0.00333	0.00988	0.01109	0.01089	0.01701
7	0.70310	0.02045	0.01554	0.01390	0.02045	0.02372	0.01145	0.03108	0.01799	0.04744	0.01472	0.01718	0.01145	0.00981	0.00654	0.00327	0.00818	0.00573	0.00654	0.01145
8	0.10634	0.03109	0.02798	0.02290	0.03023	0.15311	0.01835	0.25857	0.08317	0.12555	0.02619	0.02591	0.01879	0.01220	0.00996	0.00313	0.01229	0.00891	0.00940	0.01593
9	0.01660	0.01070	0.01417	0.01430	0.01646	0.00984	0.01034	0.02023	0.02600	0.07643	0.31412	0.29699	0.08197	0.02566	0.01275	0.00372	0.00576	0.02293	0.01101	0.01002
10	0.02047	0.01977	0.03479	0.54698	0.07106	0.02382	0.07899	0.02770	0.02152	0.02770	0.01905	0.02822	0.01429	0.01040	0.01076	0.00353	0.01447	0.00971	0.00476	0.01200
11	0.12650	0.12426	0.09011	0.07055	0.08723	0.06744	0.02214	0.16678	0.03023	0.08834	0.02129	0.02338	0.01589	0.01087	0.00929	0.00306	0.01209	0.00810	0.00731	0.01514
12	0.03311	0.01597	0.01938	0.01572	0.02169	0.01485	0.01263	0.08604	0.02884	0.26227	0.07329	0.03812	0.03020	0.01301	0.00946	0.00286	0.00752	0.01054	0.23822	0.06629
13	0.03299	0.42903	0.04603	0.02038	0.02846	0.17070	0.01839	0.03629	0.02445	0.08201	0.01792	0.01946	0.01490	0.00991	0.00785	0.00248	0.01294	0.00645	0.00564	0.01371
14	0.02192	0.01879	0.02192	0.01566	0.02506	0.01409	0.01253	0.02662	0.02192	0.03445	0.01879	0.02192	0.01566	0.00783	0.00783	0.00157	0.00783	0.00626	0.00626	0.69305
15	0.02944	0.57376	0.05275	0.01905	0.02772	0.09865	0.01834	0.03276	0.02237	0.02498	0.01487	0.01718	0.01357	0.00924	0.00707	0.00231	0.01212	0.00577	0.00462	0.01343
16	0.01997	0.01879	0.03171	0.60301	0.07282	0.02349	0.02936	0.02701	0.02114	0.02701	0.01879	0.02819	0.01409	0.01057	0.01057	0.00352	0.01409	0.00940	0.00470	0.01175
17	0.01329	0.01061	0.01191	0.01187	0.01484	0.00922	0.00879	0.01661	0.02556	0.03269	0.24161	0.14091	0.37329	0.02575	0.01258	0.00356	0.00531	0.02202	0.01038	0.00922
18	0.01877	0.01413	0.01524	0.01455	0.01790	0.05014	0.01112	0.02265	0.02725	0.08104	0.27838	0.11785	0.21191	0.02292	0.01234	0.00352	0.00683	0.05248	0.01056	0.01042
19	0.01285	0.00934	0.01213	0.01437	0.01524	0.00862	0.00966	0.01476	0.02059	0.02713	0.06261	0.57534	0.11331	0.03256	0.01341	0.00423	0.00607	0.02937	0.00982	0.00862
20	0.02617	0.02512	0.04292	0.06490	0.56246	0.02512	0.03245	0.03245	0.02407	0.03454	0.01989	0.02617	0.01675	0.00942	0.01047	0.00314	0.01256	0.00942	0.00523	0.01675
21	0.02297	0.02186	0.03714	0.34251	0.30985	0.02428	0.03086	0.02965	0.02256	0.03066	0.01932	0.02721	0.01538	0.01001	0.01052	0.00334	0.01335	0.00941	0.00496	0.01417
22	0.01331	0.01074	0.01184	0.01157	0.01478	0.00927	0.00868	0.01675	0.02603	0.03314	0.25586	0.09422	0.40657	0.02507	0.01249	0.00349	0.00523	0.02126	0.01042	0.00927
23	0.01496	0.01162	0.01371	0.01304	0.01613	0.01079	0.00982	0.02095	0.06424	0.03803	0.37439	0.08360	0.24408	0.02278	0.01236	0.00342	0.00535	0.01965	0.01098	0.01011
24	0.01284	0.00936	0.01211	0.01430	0.01523	0.00862	0.00963	0.01477	0.02065	0.02715	0.06337	0.56725	0.12091	0.03246	0.01339	0.00422	0.00605	0.02925	0.00982	0.00862
25	0.03264	0.02481	0.02670	0.02232	0.02932	0.02783	0.01783	0.22123	0.33462	0.08839	0.03675	0.03427	0.02684	0.01368	0.01069	0.00342	0.00956	0.01101	0.01086	0.01726
26	0.60110	0.02007	0.01694	0.01467	0.02147	0.02245	0.01209	0.03426	0.01990	0.12870	0.01892	0.02010	0.01374	0.01032	0.00718	0.00327	0.00831	0.00649	0.00756	0.01247

[dist]
# distance from previous block
# <min> <max>
0	2

[block]
# block no. 3 follows, 13 sequences, length 41
# corresponding to MSA columns:
# 998-1038
name=unknown_D
#
# <colnr> <probs for GDERKNQSTAVLIFYWHMCP>
#	G	D	E	R	K	N	Q	S	T	A	V	L	I	F	Y	W	H	M	C	P
0	0.01492	0.01089	0.01515	0.01507	0.01685	0.01153	0.01121	0.01854	0.02117	0.02997	0.19907	0.09940	0.05425	0.11623	0.30464	0.01099	0.01733	0.01563	0.00795	0.00922
1	0.02192	0.01879	0.02192	0.01566	0.02506	0.01409	0.01253	0.02662	0.02192	0.03445	0.01879	0.02192	0.01566	0.00783	0.00783	0.00157	0.00783	0.00626	0.00626	0.69305
2	0.01862	0.01305	0.01617	0.01489	0.01701	0.01357	0.01075	0.02388	0.06892	0.06467	0.26765	0.06543	0.06273	0.21934	0.02753	0.00572	0.05470	0.01600	0.00938	0.00999
3	0.02207	0.02094	0.03552	0.42024	0.23913	0.02404	0.03041	0.02886	0.02214	0.02957	0.01916	0.02750	0.01500	0.01018	0.01054	0.00339	0.01357	0.00940	0.00488	0.01344
4	0.02324	0.01731	0.01984	0.01783	0.02252	0.01854	0.01379	0.04053	0.28506	0.08626	0.25962	0.05584	0.06024	0.01731	0.01147	0.00345	0.00699	0.01487	0.01132	0.01399
5	0.02313	0.02313	0.03238	0.02776	0.02776	0.03238	0.02313	0.02545	0.01619	0.02545	0.01388	0.02313	0.01388	0.01851	0.03470	0.00463	0.60907	0.00925	0.00463	0.01157
6	0.02560	0.02454	0.04188	0.11451	0.51732	0.02497	0.03216	0.03195	0.02380	0.03385	0.01979	0.02635	0.01650	0.00953	0.01048	0.00318	0.01270	0.00942	0.00518	0.01629
7	0.08288	0.02306	0.02926	0.12989	0.07431	0.02759	0.02155	0.16951	0.05776	0.04191	0.02175	0.02659	0.01715	0.01337	0.01606	0.00358	0.16121	0.00928	0.05938	0.01393
8	0.02506	0.02399	0.04091	0.16149	0.47457	0.02483	0.03190	0.03147	0.02355	0.03319	0.01969	0.02653	0.01627	0.00963	0.01049	0.00321	0.01284	0.00942	0.00514	0.01585
9	0.11700	0.01907	0.02408	0.01867	0.02670	0.01762	0.01542	0.08270	0.03031	0.47868	0.03768	0.03323	0.02402	0.01271	0.01019	0.00326	0.00909	0.01003	0.01221	0.01729
10	0.01703	0.01290	0.01570	0.01465	0.01759	0.01293	0.01093	0.02612	0.12103	0.04114	0.42662	0.07117	0.08319	0.06439	0.01517	0.00388	0.00598	0.01756	0.01110	0.01093
11	0.01939	0.01183	0.01527	0.01382	0.01725	0.01067	0.01057	0.02400	0.02935	0.11701	0.43448	0.07521	0.13814	0.02094	0.01221	0.00334	0.00561	0.01824	0.01165	0.01102
12	0.02051	0.01935	0.03269	0.55603	0.11557	0.02363	0.02963	0.02749	0.02140	0.02767	0.01889	0.02801	0.01433	0.01047	0.01056	0.00349	0.01396	0.00940	0.00474	0.01218
13	0.01836	0.01542	0.02417	0.02060	0.02261	0.01707	0.09121	0.02050	0.01718	0.02401	0.02613	0.04726	0.02711	0.28502	0.13964	0.05902	0.11739	0.01269	0.00567	0.00893
14	0.01665	0.01190	0.01660	0.01903	0.02130	0.01184	0.01637	0.02124	0.02396	0.03121	0.05619	0.16557	0.06169	0.02957	0.01450	0.00482	0.00940	0.44877	0.00974	0.00963
15	0.01538	0.01025	0.01153	0.01153	0.01153	0.01025	0.00641	0.01538	0.01538	0.02050	0.03331	0.06919	0.03844	0.62842	0.05382	0.01025	0.01025	0.01538	0.00641	0.00641
16	0.01988	0.01786	0.02414	0.02145	0.02160	0.02341	0.01672	0.02154	0.01598	0.02372	0.02157	0.04006	0.02313	0.22780	0.08604	0.00752	0.36115	0.01147	0.00531	0.00966
17	0.03689	0.10052	0.03240	0.07330	0.03545	0.49110	0.02095	0.04003	0.02848	0.02588	0.01639	0.01962	0.01365	0.01070	0.00937	0.00275	0.01796	0.00692	0.00530	0.01233
18	0.02695	0.01864	0.02244	0.01628	0.02544	0.01438	0.01312	0.03153	0.02357	0.13994	0.02331	0.02470	0.01773	0.00887	0.00838	0.00190	0.00806	0.00713	0.00761	0.56003
19	0.07863	0.34722	0.22640	0.02254	0.03336	0.07493	0.02487	0.03302	0.02213	0.02961	0.01627	0.01895	0.01335	0.00958	0.00808	0.00274	0.01311	0.00648	0.00473	0.01401
20	0.02827	0.63478	0.05540	0.01809	0.02714	0.04184	0.01809	0.03166	0.02148	0.02488	0.01470	0.01696	0.01357	0.00905	0.00678	0.00226	0.01131	0.00565	0.00452	0.01357
21	0.01385	0.01076	0.01258	0.01213	0.01511	0.00950	0.00910	0.01779	0.02729	0.03614	0.35337	0.08928	0.30719	0.02395	0.01248	0.00344	0.00515	0.02057	0.01082	0.00950
22	0.02007	0.01872	0.03138	0.49928	0.12064	0.02249	0.02816	0.02663	0.02138	0.02782	0.02201	0.07459	0.01876	0.01222	0.01079	0.00354	0.01331	0.01102	0.00516	0.01203
23	0.01805	0.00930	0.01353	0.01353	0.01353	0.00930	0.00889	0.01395	0.01395	0.01859	0.01996	0.03610	0.02051	0.09997	0.04266	0.61948	0.00930	0.00984	0.00479	0.00479
24	0.01538	0.01025	0.01153	0.01153	0.01153	0.01025	0.00641	0.01538	0.01538	0.02050	0.03331	0.06919	0.03844	0.62842	0.05382	0.01025	0.01025	0.01538	0.00641	0.00641
25	0.02483	0.02306	0.03826	0.29741	0.24989	0.02534	0.06759	0.08303	0.02558	0.03459	0.02011	0.02716	0.01565	0.01024	0.01068	0.00335	0.01355	0.00966	0.00558	0.01447
26	0.02192	0.01879	0.02192	0.01566	0.02506	0.01409	0.01253	0.02662	0.02192	0.03445	0.01879	0.02192	0.01566	0.00783	0.00783	0.00157	0.00783	0.00626	0.00626	0.69305
27	0.01412	0.01015	0.01337	0.01388	0.01561	0.00941	0.00991	0.01783	0.02599	0.03613	0.35411	0.29961	0.08763	0.02630	0.01289	0.00372	0.00545	0.02357	0.01090	0.00941
28	0.02184	0.10700	0.52690	0.02905	0.04408	0.02611	0.03717	0.03332	0.02225	0.03271	0.01859	0.02184	0.01341	0.00996	0.00975	0.00325	0.01524	0.00762	0.00447	0.01544
29	0.01288	0.00920	0.01227	0.01472	0.01534	0.00859	0.00981	0.01472	0.02024	0.02699	0.05828	0.62152	0.06993	0.03312	0.01350	0.00429	0.00613	0.03006	0.00981	0.00859
30	0.01781	0.00947	0.01385	0.01385	0.01401	0.00963	0.00928	0.01437	0.01420	0.01910	0.02061	0.03638	0.02092	0.09500	0.09007	0.57053	0.01095	0.00994	0.00485	0.00518
31	0.02630	0.02271	0.02391	0.02152	0.02749	0.02630	0.01674	0.05618	0.54336	0.04423	0.04303	0.03945	0.03228	0.01434	0.01076	0.00359	0.00837	0.01195	0.01076	0.01674
32	0.02561	0.02455	0.04191	0.11342	0.51831	0.02497	0.03217	0.03196	0.02381	0.03386	0.01979	0.02635	0.01651	0.00952	0.01048	0.00317	0.01270	0.00942	0.00519	0.01630
33	0.07982	0.01692	0.02175	0.06942	0.02682	0.01926	0.01603	0.10051	0.02411	0.09486	0.02686	0.03387	0.02199	0.04081	0.25476	0.00910	0.06120	0.01009	0.05957	0.01221
34	0.70310	0.02045	0.01554	0.01390	0.02045	0.02372	0.01145	0.03108	0.01799	0.04744	0.01472	0.01718	0.01145	0.00981	0.00654	0.00327	0.00818	0.00573	0.00654	0.01145
35	0.01817	0.01615	0.02626	0.42701	0.05610	0.01930	0.02407	0.02389	0.02119	0.02737	0.03045	0.16661	0.03012	0.01702	0.01153	0.00380	0.01199	0.05183	0.00623	0.01089
36	0.01997	0.01879	0.03171	0.60301	0.07282	0.02349	0.02936	0.02701	0.02114	0.02701	0.01879	0.02819	0.01409	0.01057	0.01057	0.00352	0.01409	0.00940	0.00470	0.01175
37	0.70310	0.02045	0.01554	0.01390	0.02045	0.02372	0.01145	0.03108	0.01799	0.04744	0.01472	0.01718	0.01145	0.00981	0.00654	0.00327	0.00818	0.00573	0.00654	0.01145
38	0.02249	0.02137	0.03627	0.38417	0.27195	0.02415	0.03062	0.02922	0.02233	0.03008	0.01924	0.02737	0.01517	0.01010	0.01053	0.00337	0.01347	0.00941	0.00492	0.01378
39	0.01250	0.01071	0.01071	0.01071	0.01428	0.00893	0.00803	0.01517	0.02410	0.02856	0.10711	0.10175	0.55817	0.02678	0.01250	0.00357	0.00536	0.02231	0.00982	0.00893
40	0.02284	0.02043	0.02904	0.19485	0.16069	0.02288	0.02292	0.03728	0.20296	0.03688	0.10503	0.03893	0.03332	0.01320	0.01089	0.00343	0.01046	0.01169	0.00791	0.01435

[dist]
# distance from previous block
# <min> <max>
0	24

[block]
# block no. 4 follows, 13 sequences, length 36
# corresponding to MSA columns:
# 1063-1098
name=unknown_E
#
# <colnr> <probs for GDERKNQSTAVLIFYWHMCP>
#	G	D	E	R	K	N	Q	S	T	A	V	L	I	F	Y	W	H	M	C	P
0	0.02311	0.21088	0.43411	0.02689	0.04075	0.02921	0.03342	0.03299	0.02210	0.03117	0.01782	0.02088	0.01344	0.00978	0.00917	0.00306	0.01446	0.00723	0.00448	0.01507
1	0.03054	0.01852	0.02281	0.01672	0.02571	0.01458	0.01355	0.03504	0.02474	0.21528	0.02653	0.02667	0.01921	0.00961	0.00878	0.00214	0.00822	0.00774	0.00857	0.46503
2	0.01404	0.01023	0.01329	0.01417	0.01595	0.00947	0.01030	0.01750	0.02492	0.03389	0.26947	0.31255	0.12297	0.02750	0.01307	0.00388	0.00587	0.06108	0.01057	0.00928
3	0.70310	0.02045	0.01554	0.01390	0.02045	0.02372	0.01145	0.03108	0.01799	0.04744	0.01472	0.01718	0.01145	0.00981	0.00654	0.00327	0.00818	0.00573	0.00654	0.01145
4	0.02630	0.02271	0.02391	0.02152	0.02749	0.02630	0.01674	0.05618	0.54336	0.04423	0.04303	0.03945	0.03228	0.01434	0.01076	0.00359	0.00837	0.01195	0.01076	0.01674
5	0.02313	0.02313	0.03238	0.02776	0.02776	0.03238	0.02313	0.02545	0.01619	0.02545	0.01388	0.02313	0.01388	0.01851	0.03470	0.00463	0.60907	0.00925	0.00463	0.01157
6	0.70310	0.02045	0.01554	0.01390	0.02045	0.02372	0.01145	0.03108	0.01799	0.04744	0.01472	0.01718	0.01145	0.00981	0.00654	0.00327	0.00818	0.00573	0.00654	0.01145
7	0.03257	0.02214	0.03086	0.11416	0.03727	0.02470	0.05962	0.10286	0.11256	0.19362	0.02961	0.03106	0.02121	0.01352	0.01519	0.00362	0.12076	0.01041	0.00893	0.01535
8	0.01678	0.01188	0.01620	0.01826	0.02032	0.01188	0.01541	0.02091	0.02297	0.02994	0.05252	0.11161	0.05742	0.12081	0.02060	0.00569	0.00981	0.41855	0.00923	0.00923
9	0.02617	0.02512	0.04292	0.06490	0.56246	0.02512	0.03245	0.03245	0.02407	0.03454	0.01989	0.02617	0.01675	0.00942	0.01047	0.00314	0.01256	0.00942	0.00523	0.01675
10	0.02439	0.01197	0.01305	0.01201	0.01559	0.01184	0.00927	0.03089	0.05874	0.12082	0.03617	0.03890	0.02731	0.01257	0.00811	0.00266	0.00578	0.01012	0.53823	0.01157
11	0.01495	0.01226	0.01760	0.05971	0.02275	0.01165	0.04724	0.01884	0.02418	0.03175	0.17862	0.23559	0.19750	0.02515	0.01280	0.00382	0.00736	0.05898	0.00953	0.00971
12	0.01538	0.01025	0.01153	0.01153	0.01153	0.01025	0.00641	0.01538	0.01538	0.02050	0.03331	0.06919	0.03844	0.62842	0.05382	0.01025	0.01025	0.01538	0.00641	0.00641
13	0.03285	0.39631	0.04502	0.02182	0.02940	0.26389	0.01905	0.03597	0.02494	0.02528	0.01537	0.01782	0.01359	0.00980	0.00791	0.00245	0.01447	0.00613	0.00490	0.01303
14	0.48560	0.02498	0.01868	0.01652	0.02271	0.11047	0.01324	0.07474	0.02292	0.04506	0.01756	0.02006	0.01367	0.01044	0.00742	0.00311	0.00989	0.00657	0.06437	0.01200
15	0.01857	0.01486	0.01793	0.01437	0.02022	0.01211	0.01101	0.02302	0.02468	0.03660	0.23952	0.04892	0.05177	0.06220	0.01334	0.00297	0.00686	0.01223	0.00847	0.36038
16	0.01316	0.01042	0.01185	0.01216	0.01486	0.00911	0.00887	0.01622	0.02468	0.03153	0.20396	0.20446	0.34754	0.02687	0.01270	0.00366	0.00543	0.02317	0.01025	0.00911
17	0.07569	0.02458	0.07937	0.09818	0.03890	0.02461	0.13351	0.03421	0.13638	0.03425	0.02820	0.09676	0.02466	0.01475	0.01476	0.00377	0.10464	0.01258	0.00688	0.01333
18	0.02496	0.02852	0.06239	0.04456	0.05526	0.02674	0.52406	0.03387	0.02496	0.03387	0.02139	0.02852	0.01604	0.00891	0.01248	0.00357	0.01783	0.01248	0.00535	0.01426
19	0.02445	0.02335	0.04226	0.21059	0.05134	0.02650	0.20178	0.03068	0.02177	0.06581	0.01994	0.02747	0.01554	0.01230	0.01776	0.00382	0.17563	0.01053	0.00548	0.01301
20	0.02827	0.63478	0.05540	0.01809	0.02714	0.04184	0.01809	0.03166	0.02148	0.02488	0.01470	0.01696	0.01357	0.00905	0.00678	0.00226	0.01131	0.00565	0.00452	0.01357
21	0.03425	0.01971	0.02334	0.01968	0.02629	0.02038	0.01566	0.05115	0.28355	0.26565	0.08600	0.04134	0.03542	0.01443	0.01085	0.00343	0.00835	0.01200	0.01181	0.01669
22	0.01458	0.01079	0.01360	0.01290	0.01556	0.00981	0.00968	0.01921	0.02903	0.04025	0.48717	0.08251	0.17082	0.02242	0.01247	0.00336	0.00505	0.01962	0.01136	0.00981
23	0.02144	0.01045	0.01116	0.01087	0.01366	0.01022	0.00819	0.02610	0.02268	0.08009	0.03660	0.07689	0.02980	0.01373	0.00804	0.00265	0.00532	0.01123	0.59049	0.01041
24	0.02301	0.01300	0.01760	0.01766	0.02133	0.01219	0.01473	0.02734	0.02599	0.15323	0.11398	0.13223	0.09229	0.02484	0.01324	0.00420	0.00846	0.26249	0.01072	0.01148
25	0.03611	0.02628	0.02847	0.02290	0.03050	0.02912	0.01857	0.32709	0.21510	0.10213	0.03276	0.03105	0.02352	0.01329	0.01064	0.00332	0.01030	0.01044	0.01085	0.01756
26	0.01336	0.00954	0.01282	0.01527	0.01609	0.00900	0.01064	0.01555	0.02071	0.02752	0.05801	0.56383	0.06889	0.03267	0.01362	0.00436	0.00655	0.08303	0.00981	0.00872
27	0.01514	0.01120	0.01637	0.01637	0.01804	0.01288	0.01243	0.01848	0.01681	0.02408	0.02889	0.04471	0.02781	0.14237	0.52533	0.01622	0.02625	0.01179	0.00575	0.00909
28	0.02617	0.02512	0.04292	0.06490	0.56246	0.02512	0.03245	0.03245	0.02407	0.03454	0.01989	0.02617	0.01675	0.00942	0.01047	0.00314	0.01256	0.00942	0.00523	0.01675
29	0.01997	0.01879	0.03171	0.60301	0.07282	0.02349	0.02936	0.02701	0.02114	0.02701	0.01879	0.02819	0.01409	0.01057	0.01057	0.00352	0.01409	0.00940	0.00470	0.01175
30	0.02385	0.01365	0.01751	0.01580	0.02004	0.01279	0.01253	0.03038	0.06923	0.16940	0.29677	0.07179	0.10867	0.02024	0.01213	0.00353	0.00681	0.07097	0.01156	0.01236
31	0.01526	0.01070	0.01383	0.01383	0.01462	0.01150	0.00927	0.01685	0.01606	0.02220	0.03121	0.05756	0.03339	0.39745	0.27788	0.01309	0.01785	0.01367	0.00609	0.00768
32	0.02192	0.01879	0.02192	0.01566	0.02506	0.01409	0.01253	0.02662	0.02192	0.03445	0.01879	0.02192	0.01566	0.00783	0.00783	0.00157	0.00783	0.00626	0.00626	0.69305
33	0.02521	0.02390	0.04045	0.06048	0.51566	0.02383	0.03052	0.03138	0.02458	0.03521	0.06586	0.03069	0.02385	0.01046	0.01064	0.00316	0.01191	0.01025	0.00578	0.01617
34	0.01686	0.00950	0.01294	0.01323	0.01330	0.00943	0.00844	0.01435	0.01499	0.01998	0.02733	0.11070	0.03017	0.20981	0.04179	0.41333	0.00915	0.01340	0.00572	0.00558
35	0.02400	0.02234	0.08490	0.01810	0.02683	0.01605	0.01601	0.06527	0.02449	0.07859	0.02660	0.10623	0.02392	0.01237	0.00930	0.00240	0.00887	0.01032	0.00742	0.41600

[dist]
# distance from previous block
# <min> <max>
0	35

# created by:
# /st0/software/busco_prod/Augustus/scripts/msa2prfl.pl ./align_prep/3820.fa
