[name]
unknown

[dist]
# distance from previous block
# <min> <max>
8	285

[block]
# block no. 0 follows, 11 sequences, length 32
# corresponding to MSA columns:
# 306-337
name=unknown_A
#
# <colnr> <probs for GDERKNQSTAVLIFYWHMCP>
#	G	D	E	R	K	N	Q	S	T	A	V	L	I	F	Y	W	H	M	C	P
0	0.18030	0.15233	0.02923	0.01769	0.02479	0.02651	0.01514	0.11464	0.02939	0.11253	0.06880	0.03179	0.02668	0.01276	0.00903	0.00309	0.00937	0.00939	0.11209	0.01443
1	0.01723	0.01661	0.07718	0.01556	0.01965	0.01213	0.01356	0.02272	0.02698	0.03950	0.25480	0.15267	0.10736	0.02185	0.01200	0.00354	0.00688	0.01897	0.14984	0.01099
2	0.12149	0.02004	0.02319	0.01925	0.02609	0.02037	0.01546	0.08425	0.12836	0.23953	0.13567	0.04455	0.04194	0.01551	0.01116	0.00355	0.00872	0.01261	0.01199	0.01628
3	0.28389	0.02161	0.02448	0.09082	0.09764	0.02401	0.01834	0.10355	0.02748	0.04790	0.07512	0.03152	0.02590	0.01255	0.00946	0.00341	0.00998	0.00964	0.06894	0.01375
4	0.03009	0.61122	0.05898	0.01926	0.02889	0.04454	0.01926	0.03370	0.02287	0.02648	0.01565	0.01805	0.01444	0.00963	0.00722	0.00241	0.01204	0.00602	0.00481	0.01444
5	0.23395	0.14194	0.07057	0.01964	0.02802	0.02818	0.01794	0.11777	0.02934	0.11207	0.07628	0.02984	0.02608	0.01264	0.00932	0.00326	0.01040	0.00917	0.00862	0.01497
6	0.02880	0.17081	0.04554	0.21400	0.13392	0.02965	0.08876	0.03508	0.02483	0.09209	0.02240	0.02769	0.01716	0.01072	0.01050	0.00332	0.01386	0.00960	0.00621	0.01504
7	0.11944	0.02857	0.06637	0.02234	0.02945	0.06740	0.01895	0.23881	0.03730	0.05262	0.07724	0.12480	0.03482	0.01723	0.01126	0.00358	0.01121	0.01381	0.00972	0.01508
8	0.01415	0.01087	0.01250	0.01318	0.01541	0.00971	0.00920	0.01671	0.02412	0.03083	0.14408	0.24996	0.27567	0.09893	0.01890	0.00485	0.00653	0.02493	0.01027	0.00922
9	0.01465	0.01055	0.01337	0.01446	0.01583	0.00982	0.00986	0.01734	0.02404	0.03248	0.19166	0.34628	0.11501	0.10736	0.01971	0.00507	0.00671	0.02603	0.01050	0.00927
10	0.01508	0.01090	0.01374	0.01411	0.01591	0.01011	0.00987	0.01845	0.02612	0.03573	0.28418	0.23887	0.12718	0.10486	0.01948	0.00486	0.00646	0.02363	0.01088	0.00957
11	0.52995	0.02033	0.01764	0.01542	0.02215	0.02255	0.01259	0.03468	0.02222	0.11435	0.07391	0.02790	0.02423	0.01224	0.00821	0.00349	0.00846	0.00829	0.00845	0.01294
12	0.02200	0.01730	0.01896	0.01829	0.02188	0.01907	0.01332	0.03897	0.26924	0.03794	0.04710	0.17918	0.04453	0.12134	0.01973	0.00512	0.00837	0.01773	0.06670	0.01323
13	0.04187	0.11854	0.03507	0.02305	0.03190	0.03095	0.01949	0.27397	0.07430	0.19035	0.03126	0.02971	0.02182	0.01314	0.01066	0.00328	0.01133	0.00999	0.01099	0.01832
14	0.02918	0.17866	0.03924	0.25060	0.05029	0.10140	0.02460	0.08480	0.07336	0.03422	0.02172	0.02646	0.01706	0.01150	0.01009	0.00326	0.01408	0.00888	0.00633	0.01428
15	0.68395	0.02177	0.01654	0.01480	0.02177	0.02525	0.01219	0.03309	0.01915	0.05050	0.01567	0.01828	0.01219	0.01045	0.00697	0.00348	0.00871	0.00609	0.00697	0.01219
16	0.11484	0.02823	0.09175	0.11564	0.09233	0.02801	0.02475	0.08022	0.17372	0.04236	0.02751	0.03034	0.02104	0.01316	0.01308	0.00375	0.06570	0.01010	0.00778	0.01569
17	0.01517	0.01121	0.01394	0.01462	0.01678	0.01036	0.01077	0.01864	0.02584	0.03439	0.22066	0.21696	0.17781	0.08205	0.01792	0.00474	0.00687	0.08092	0.01073	0.00964
18	0.02931	0.01920	0.03167	0.02518	0.03107	0.01874	0.12185	0.03456	0.02799	0.18783	0.15998	0.11360	0.04931	0.01839	0.01534	0.00385	0.07126	0.01635	0.01033	0.01420
19	0.02513	0.01963	0.02386	0.02074	0.02457	0.07331	0.05840	0.06369	0.02579	0.07635	0.09688	0.09835	0.04040	0.12141	0.09631	0.08693	0.01396	0.01478	0.00830	0.01122
20	0.02330	0.01480	0.01773	0.01742	0.02072	0.01511	0.01292	0.03268	0.13428	0.10224	0.04992	0.23242	0.04957	0.10001	0.01842	0.00496	0.00828	0.06031	0.07251	0.01238
21	0.03563	0.16941	0.03658	0.02225	0.03075	0.07794	0.01888	0.25373	0.03806	0.05016	0.02339	0.02503	0.01808	0.01176	0.00958	0.00284	0.01193	0.00851	0.06019	0.09529
22	0.09878	0.01144	0.01494	0.01461	0.01580	0.01174	0.01018	0.01775	0.01750	0.02668	0.08704	0.03896	0.03024	0.03351	0.03544	0.50291	0.00905	0.01075	0.00614	0.00653
23	0.11029	0.08543	0.07795	0.02730	0.03568	0.08360	0.12497	0.11147	0.02912	0.07941	0.02457	0.03202	0.02012	0.09042	0.01681	0.00437	0.01414	0.01044	0.00742	0.01449
24	0.37284	0.02491	0.06289	0.06195	0.03077	0.02401	0.01741	0.07732	0.02470	0.09399	0.02070	0.02300	0.01529	0.01086	0.00858	0.00326	0.01020	0.00752	0.00765	0.10216
25	0.13199	0.02404	0.03830	0.15458	0.25764	0.02510	0.07073	0.03573	0.02486	0.09787	0.02301	0.02827	0.01751	0.01076	0.01073	0.00351	0.01303	0.00986	0.00669	0.01579
26	0.11367	0.02053	0.06101	0.01916	0.02477	0.01847	0.01630	0.10858	0.03042	0.09778	0.14043	0.17403	0.05268	0.02115	0.01210	0.00386	0.00900	0.05228	0.01044	0.01333
27	0.02453	0.03257	0.17715	0.30663	0.12654	0.02648	0.03363	0.07552	0.02614	0.03571	0.02088	0.02771	0.01556	0.01115	0.01108	0.00361	0.01499	0.00955	0.00560	0.01498
28	0.34514	0.02472	0.10445	0.01819	0.02556	0.02067	0.01704	0.03181	0.02299	0.09080	0.08682	0.10628	0.03360	0.01564	0.00974	0.00365	0.00940	0.01213	0.00837	0.01299
29	0.02923	0.02025	0.03025	0.11841	0.03846	0.02099	0.08068	0.08462	0.06722	0.14666	0.07827	0.04538	0.07320	0.02434	0.08516	0.00557	0.01406	0.01322	0.00937	0.01466
30	0.03735	0.02057	0.02417	0.01935	0.02633	0.02045	0.01570	0.18666	0.03721	0.23001	0.09575	0.04646	0.07998	0.01601	0.01128	0.00338	0.00915	0.01295	0.09093	0.01631
31	0.09811	0.08815	0.02921	0.02111	0.02867	0.09437	0.01725	0.08581	0.09432	0.17928	0.03045	0.03054	0.02233	0.01811	0.05376	0.00433	0.01286	0.00947	0.00941	0.07246

[dist]
# distance from previous block
# <min> <max>
1	100

[block]
# block no. 1 follows, 11 sequences, length 16
# corresponding to MSA columns:
# 464-479
name=unknown_B
#
# <colnr> <probs for GDERKNQSTAVLIFYWHMCP>
#	G	D	E	R	K	N	Q	S	T	A	V	L	I	F	Y	W	H	M	C	P
0	0.09612	0.02444	0.08016	0.11209	0.03863	0.02171	0.06587	0.08737	0.02710	0.10761	0.02966	0.09123	0.02558	0.06224	0.01476	0.00409	0.01197	0.01244	0.00809	0.07884
1	0.03064	0.08737	0.08368	0.02305	0.03251	0.02448	0.05130	0.11997	0.06758	0.10204	0.02880	0.06653	0.02333	0.01277	0.01033	0.00297	0.01107	0.01060	0.00854	0.20245
2	0.07455	0.02469	0.11004	0.07869	0.03506	0.02024	0.06692	0.02709	0.02317	0.03497	0.08166	0.15452	0.03742	0.01781	0.01416	0.00370	0.07032	0.01509	0.00736	0.10256
3	0.08258	0.09525	0.08507	0.17080	0.04542	0.02613	0.07020	0.08233	0.02721	0.10605	0.02761	0.08351	0.02286	0.01372	0.01089	0.00356	0.01284	0.01172	0.00759	0.01465
4	0.02826	0.15912	0.07001	0.07745	0.03359	0.02990	0.02078	0.15669	0.02978	0.03947	0.02704	0.09745	0.02572	0.07727	0.01814	0.00430	0.07121	0.01228	0.00750	0.01405
5	0.26170	0.12662	0.02724	0.07113	0.02895	0.02444	0.01538	0.03010	0.02282	0.04019	0.08696	0.02949	0.02669	0.01162	0.00860	0.00292	0.00938	0.00854	0.00706	0.16018
6	0.09639	0.01963	0.02391	0.01867	0.02667	0.01817	0.01528	0.08957	0.03117	0.34304	0.03685	0.03441	0.02465	0.01292	0.01023	0.00318	0.00913	0.01018	0.08996	0.08598
7	0.02091	0.01271	0.01603	0.01450	0.01838	0.01133	0.01112	0.02553	0.03057	0.12170	0.36073	0.08199	0.18551	0.02274	0.01297	0.00359	0.00608	0.01964	0.01222	0.01175
8	0.02693	0.02233	0.08401	0.02039	0.02656	0.01919	0.01806	0.03742	0.11968	0.14706	0.18130	0.05599	0.10007	0.01840	0.01450	0.00374	0.06422	0.01490	0.01071	0.01456
9	0.03456	0.13453	0.03918	0.11997	0.04125	0.03052	0.06750	0.20027	0.03505	0.10601	0.02600	0.02855	0.01905	0.01203	0.01048	0.00326	0.01260	0.00982	0.05321	0.01615
10	0.01579	0.01177	0.01497	0.01578	0.01848	0.01095	0.01253	0.02013	0.02741	0.03628	0.23151	0.15673	0.18949	0.02817	0.01412	0.00424	0.00715	0.16328	0.01108	0.01012
11	0.03168	0.20166	0.04023	0.13271	0.03909	0.03246	0.02260	0.07054	0.02544	0.12346	0.02236	0.02634	0.01741	0.01345	0.01623	0.00355	0.15001	0.00900	0.00702	0.01476
12	0.01868	0.01399	0.01925	0.01852	0.02023	0.01641	0.01401	0.02346	0.06664	0.02680	0.02908	0.04358	0.02742	0.11841	0.31930	0.11970	0.07628	0.01200	0.00636	0.00987
13	0.03432	0.06733	0.02459	0.01796	0.02436	0.02145	0.01471	0.13171	0.08042	0.17465	0.03592	0.03609	0.02602	0.01333	0.00973	0.00309	0.00870	0.01049	0.24962	0.01549
14	0.03115	0.07768	0.13506	0.06924	0.03719	0.02449	0.02303	0.09391	0.07922	0.12929	0.02750	0.02856	0.01996	0.01148	0.01016	0.00303	0.01164	0.00909	0.00831	0.16999
15	0.03457	0.11937	0.08563	0.08002	0.03550	0.02548	0.02121	0.09590	0.07681	0.19889	0.03453	0.08652	0.02711	0.01480	0.01089	0.00347	0.01124	0.01204	0.00968	0.01633

[dist]
# distance from previous block
# <min> <max>
0	3

[block]
# block no. 2 follows, 11 sequences, length 16
# corresponding to MSA columns:
# 483-498
name=unknown_C
#
# <colnr> <probs for GDERKNQSTAVLIFYWHMCP>
#	G	D	E	R	K	N	Q	S	T	A	V	L	I	F	Y	W	H	M	C	P
0	0.03053	0.02665	0.08730	0.10383	0.03834	0.02500	0.02277	0.15140	0.13958	0.10109	0.03687	0.07990	0.03054	0.01650	0.01188	0.00382	0.01158	0.05657	0.00980	0.01606
1	0.27223	0.02265	0.03104	0.22501	0.04826	0.02594	0.08933	0.03503	0.07856	0.04011	0.02175	0.02703	0.01648	0.01116	0.00996	0.00366	0.01250	0.00932	0.00659	0.01339
2	0.02510	0.01840	0.02422	0.02170	0.02652	0.01898	0.05229	0.08730	0.13640	0.08476	0.09584	0.21374	0.05282	0.02282	0.01304	0.00408	0.00926	0.06801	0.01088	0.01382
3	0.02387	0.01265	0.01610	0.01535	0.01893	0.01141	0.01144	0.02749	0.02671	0.15852	0.14408	0.24681	0.11806	0.02451	0.01255	0.00380	0.00681	0.02141	0.08743	0.01205
4	0.03054	0.01596	0.02060	0.01726	0.02262	0.01483	0.01366	0.07430	0.03381	0.22404	0.31291	0.06287	0.07082	0.01896	0.01241	0.00351	0.00744	0.01626	0.01284	0.01439
5	0.02443	0.01337	0.01803	0.01714	0.02093	0.01228	0.01352	0.02893	0.02907	0.16131	0.24080	0.16597	0.07368	0.02441	0.01343	0.00402	0.00755	0.10669	0.01204	0.01241
6	0.02182	0.01411	0.01979	0.13833	0.03102	0.01445	0.01545	0.02750	0.02865	0.09844	0.28944	0.06080	0.06589	0.01794	0.01182	0.00345	0.00793	0.01561	0.10556	0.01200
7	0.11163	0.01209	0.01389	0.01530	0.01691	0.01224	0.01066	0.01910	0.02049	0.03085	0.04924	0.35151	0.05710	0.15659	0.02286	0.00587	0.00819	0.06713	0.00914	0.00919
8	0.03976	0.15120	0.03511	0.09621	0.03603	0.02645	0.01970	0.09084	0.06330	0.27886	0.03313	0.03185	0.02274	0.01267	0.01041	0.00329	0.01109	0.00995	0.01028	0.01712
9	0.03333	0.27153	0.04261	0.10189	0.03724	0.03485	0.02101	0.13764	0.08908	0.09053	0.02522	0.02661	0.01927	0.01181	0.00959	0.00309	0.01192	0.00881	0.00794	0.01605
10	0.68395	0.02177	0.01654	0.01480	0.02177	0.02525	0.01219	0.03309	0.01915	0.05050	0.01567	0.01828	0.01219	0.01045	0.00697	0.00348	0.00871	0.00609	0.00697	0.01219
11	0.03889	0.02375	0.03113	0.19180	0.04575	0.02556	0.02273	0.20196	0.03652	0.22043	0.03088	0.03182	0.02089	0.01297	0.01128	0.00353	0.01221	0.01050	0.01027	0.01712
12	0.02432	0.01222	0.01442	0.01315	0.01678	0.01152	0.01011	0.02944	0.02748	0.12504	0.18477	0.05394	0.05178	0.01620	0.01005	0.00304	0.00598	0.01357	0.36424	0.01195
13	0.03629	0.01554	0.02021	0.01662	0.02264	0.01389	0.01331	0.04105	0.03024	0.32112	0.15061	0.04932	0.04555	0.01578	0.01099	0.00331	0.00767	0.01315	0.15737	0.01534
14	0.02263	0.01235	0.01621	0.01585	0.01857	0.01131	0.01130	0.02548	0.02514	0.14393	0.14441	0.29925	0.06548	0.11048	0.01969	0.00505	0.00760	0.02293	0.01107	0.01130
15	0.01932	0.01153	0.01398	0.01440	0.01715	0.01077	0.01088	0.02327	0.02526	0.07534	0.11475	0.21444	0.12657	0.02461	0.01220	0.00379	0.00661	0.07307	0.19138	0.01067

[dist]
# distance from previous block
# <min> <max>
5	30

[block]
# block no. 3 follows, 11 sequences, length 11
# corresponding to MSA columns:
# 543-553
name=unknown_D
#
# <colnr> <probs for GDERKNQSTAVLIFYWHMCP>
#	G	D	E	R	K	N	Q	S	T	A	V	L	I	F	Y	W	H	M	C	P
0	0.15577	0.03625	0.21382	0.02556	0.03534	0.02722	0.02645	0.08039	0.08545	0.09006	0.02463	0.02673	0.01813	0.01301	0.01379	0.00374	0.09127	0.00909	0.00748	0.01579
1	0.09156	0.13758	0.09341	0.06898	0.10857	0.03126	0.09897	0.10101	0.08784	0.04141	0.02354	0.02689	0.01822	0.01118	0.01038	0.00337	0.01332	0.00960	0.00697	0.01596
2	0.01638	0.01210	0.01459	0.01527	0.01746	0.01176	0.01082	0.02158	0.08286	0.03165	0.11033	0.28749	0.17283	0.03059	0.01774	0.09625	0.00696	0.02353	0.00999	0.00984
3	0.02574	0.02535	0.09696	0.19084	0.04861	0.02285	0.09908	0.07356	0.02729	0.08463	0.07525	0.03714	0.02769	0.02261	0.08728	0.00563	0.01621	0.01176	0.00737	0.01414
4	0.01975	0.01506	0.01935	0.06981	0.02600	0.01486	0.01464	0.06817	0.02639	0.03608	0.10320	0.23330	0.05494	0.07646	0.01684	0.00451	0.00893	0.08018	0.00939	0.10211
5	0.07926	0.01837	0.05361	0.12527	0.03195	0.01744	0.01708	0.06693	0.02461	0.03466	0.04732	0.23004	0.10049	0.08260	0.01686	0.00470	0.00993	0.01917	0.00842	0.01131
6	0.11989	0.03412	0.10175	0.16881	0.04518	0.13104	0.02601	0.09050	0.02696	0.03738	0.01900	0.02448	0.01489	0.01268	0.01424	0.00365	0.10066	0.00869	0.00615	0.01392
7	0.02122	0.01352	0.02013	0.02244	0.08792	0.01283	0.01368	0.01929	0.01737	0.02428	0.01984	0.03184	0.01892	0.03086	0.03455	0.48790	0.01007	0.00938	0.00523	0.09874
8	0.10690	0.01193	0.01370	0.01466	0.01637	0.01194	0.01001	0.01909	0.02185	0.03300	0.12444	0.33490	0.06443	0.13986	0.02147	0.00548	0.00748	0.02356	0.00958	0.00935
9	0.14914	0.07944	0.07754	0.02039	0.02612	0.02588	0.01829	0.09313	0.02596	0.04190	0.07039	0.03391	0.02697	0.04645	0.01701	0.00393	0.11686	0.01012	0.10343	0.01313
10	0.08832	0.09307	0.06131	0.02365	0.07758	0.02172	0.01825	0.05930	0.02700	0.13636	0.09732	0.03884	0.03333	0.02334	0.08589	0.00527	0.01264	0.01107	0.07136	0.01439

[dist]
# distance from previous block
# <min> <max>
0	6

[block]
# block no. 4 follows, 11 sequences, length 10
# corresponding to MSA columns:
# 560-569
name=unknown_E
#
# <colnr> <probs for GDERKNQSTAVLIFYWHMCP>
#	G	D	E	R	K	N	Q	S	T	A	V	L	I	F	Y	W	H	M	C	P
0	0.14218	0.02504	0.07347	0.06923	0.03538	0.02270	0.08865	0.10011	0.02749	0.04435	0.02389	0.02817	0.01828	0.01100	0.00962	0.00308	0.01127	0.00921	0.13245	0.12442
1	0.13171	0.12689	0.03546	0.02271	0.03106	0.02757	0.06058	0.09901	0.02836	0.15452	0.02484	0.02627	0.01834	0.01188	0.01183	0.00317	0.05886	0.00885	0.00840	0.10970
2	0.04683	0.01834	0.02494	0.01940	0.02747	0.01591	0.01591	0.05128	0.03218	0.48926	0.09579	0.04317	0.03618	0.01489	0.01153	0.00349	0.00912	0.01228	0.01377	0.01825
3	0.01976	0.01598	0.01816	0.01729	0.02118	0.01675	0.01301	0.03416	0.20976	0.04146	0.22342	0.14773	0.13108	0.02267	0.01276	0.00383	0.00689	0.01968	0.01149	0.01294
4	0.02896	0.01323	0.01580	0.01388	0.01811	0.01236	0.01066	0.03349	0.02639	0.19094	0.08784	0.04778	0.03729	0.06518	0.01369	0.00369	0.00704	0.01223	0.34866	0.01279
5	0.04537	0.01802	0.02448	0.01915	0.02696	0.01566	0.01566	0.04986	0.03216	0.46827	0.11624	0.04510	0.03949	0.01528	0.01161	0.00349	0.00894	0.01266	0.01370	0.01789
6	0.03459	0.02213	0.03401	0.20896	0.04822	0.02422	0.06621	0.07451	0.02807	0.22132	0.02907	0.03215	0.02021	0.01338	0.01489	0.00378	0.08901	0.01077	0.00882	0.01568
7	0.01865	0.01370	0.01560	0.01482	0.01751	0.01343	0.01050	0.08117	0.02721	0.03596	0.15085	0.16509	0.16940	0.18609	0.02538	0.00579	0.00810	0.02063	0.00992	0.01020
8	0.24216	0.06160	0.02603	0.02104	0.02661	0.11671	0.01700	0.07251	0.09021	0.04218	0.02281	0.02570	0.01822	0.01306	0.01281	0.00348	0.09288	0.00845	0.07296	0.01359
9	0.09253	0.09870	0.02874	0.09791	0.03331	0.02302	0.01723	0.03553	0.09565	0.08161	0.02500	0.02812	0.01957	0.01324	0.01218	0.05871	0.01014	0.00858	0.00743	0.21280

[dist]
# distance from previous block
# <min> <max>
0	1

[block]
# block no. 5 follows, 11 sequences, length 22
# corresponding to MSA columns:
# 571-592
name=unknown_F
#
# <colnr> <probs for GDERKNQSTAVLIFYWHMCP>
#	G	D	E	R	K	N	Q	S	T	A	V	L	I	F	Y	W	H	M	C	P
0	0.16262	0.07992	0.02694	0.06344	0.03004	0.10211	0.01720	0.10834	0.06418	0.04380	0.11334	0.07673	0.03667	0.01546	0.01044	0.00342	0.01104	0.01208	0.00866	0.01357
1	0.03920	0.02407	0.02882	0.02294	0.03070	0.07076	0.05841	0.09377	0.08030	0.27690	0.04831	0.04519	0.09781	0.01551	0.01167	0.00352	0.01108	0.01292	0.01141	0.01670
2	0.09196	0.02550	0.04837	0.19320	0.05769	0.02604	0.26897	0.03545	0.02521	0.08305	0.02332	0.02982	0.01702	0.01051	0.01190	0.00372	0.01594	0.01145	0.00640	0.01449
3	0.02332	0.01773	0.02528	0.16334	0.08657	0.01924	0.02049	0.03303	0.11314	0.08079	0.04275	0.21196	0.04170	0.02086	0.01255	0.00405	0.01032	0.05035	0.00911	0.01343
4	0.01419	0.01059	0.01320	0.01434	0.01620	0.00960	0.01007	0.01719	0.02508	0.03327	0.19213	0.35803	0.18371	0.03065	0.01385	0.00414	0.00604	0.02720	0.01094	0.00960
5	0.05050	0.01915	0.02612	0.02003	0.02873	0.01654	0.01654	0.05485	0.03221	0.54203	0.04440	0.03831	0.02786	0.01393	0.01132	0.00348	0.00958	0.01132	0.01393	0.01915
6	0.01516	0.01091	0.01435	0.01469	0.01664	0.01010	0.01056	0.01930	0.02827	0.03942	0.36581	0.26286	0.09513	0.02728	0.01366	0.00390	0.00574	0.02441	0.01171	0.01010
7	0.68395	0.02177	0.01654	0.01480	0.02177	0.02525	0.01219	0.03309	0.01915	0.05050	0.01567	0.01828	0.01219	0.01045	0.00697	0.00348	0.00871	0.00609	0.00697	0.01219
8	0.02999	0.01737	0.02171	0.06234	0.02826	0.01793	0.01629	0.04152	0.14856	0.17940	0.04518	0.09717	0.03775	0.01813	0.01163	0.00378	0.00897	0.07779	0.12147	0.01477
9	0.13082	0.02862	0.06801	0.07444	0.03565	0.06845	0.02129	0.17921	0.03447	0.14822	0.03010	0.03732	0.02323	0.01430	0.01094	0.00360	0.01231	0.05350	0.00956	0.01597
10	0.09312	0.14861	0.03391	0.02284	0.02910	0.11990	0.01897	0.11028	0.09910	0.03938	0.03062	0.03221	0.06318	0.01458	0.01377	0.00343	0.09487	0.00996	0.00767	0.01449
11	0.68395	0.02177	0.01654	0.01480	0.02177	0.02525	0.01219	0.03309	0.01915	0.05050	0.01567	0.01828	0.01219	0.01045	0.00697	0.00348	0.00871	0.00609	0.00697	0.01219
12	0.02346	0.12256	0.26121	0.10785	0.04616	0.02747	0.07428	0.03472	0.06696	0.03388	0.03070	0.03390	0.06417	0.01256	0.01083	0.00349	0.01426	0.01051	0.00600	0.01503
13	0.01565	0.01149	0.01466	0.01387	0.01664	0.01050	0.01040	0.02070	0.03121	0.04358	0.48461	0.08663	0.15086	0.02359	0.01328	0.00357	0.00535	0.02071	0.01219	0.01050
14	0.03631	0.10494	0.03380	0.23413	0.04750	0.02384	0.02259	0.04177	0.02713	0.27035	0.03088	0.03220	0.02098	0.01228	0.01070	0.00343	0.01202	0.01005	0.00918	0.01592
15	0.01405	0.01061	0.01299	0.01413	0.01610	0.00955	0.00993	0.01695	0.02484	0.03256	0.17209	0.35127	0.21248	0.03081	0.01384	0.00414	0.00604	0.02724	0.01084	0.00955
16	0.01612	0.01189	0.01725	0.01725	0.01897	0.01361	0.01302	0.01956	0.01784	0.02551	0.03091	0.04847	0.02998	0.15948	0.48730	0.01705	0.02737	0.01268	0.00614	0.00958
17	0.03043	0.14323	0.03794	0.21024	0.08678	0.03019	0.02432	0.10473	0.09923	0.08603	0.02626	0.02948	0.01973	0.01198	0.01046	0.00337	0.01250	0.00973	0.00769	0.01568
18	0.01772	0.13315	0.02292	0.01589	0.01933	0.01696	0.01257	0.02099	0.02460	0.03184	0.14407	0.28087	0.13293	0.02654	0.01265	0.00388	0.00760	0.05521	0.00964	0.01063
19	0.03127	0.12564	0.03535	0.02312	0.02964	0.02305	0.08502	0.03546	0.02604	0.18366	0.10063	0.03923	0.03357	0.02177	0.05843	0.05864	0.05471	0.01178	0.00886	0.01413
20	0.02859	0.02319	0.07379	0.10580	0.03594	0.02128	0.02085	0.10296	0.10015	0.12539	0.04590	0.10537	0.07927	0.01861	0.01219	0.00388	0.01080	0.06121	0.00993	0.01491
21	0.02904	0.02453	0.06995	0.02187	0.02885	0.02272	0.01844	0.13941	0.16845	0.09191	0.04112	0.16788	0.03682	0.01858	0.01178	0.00367	0.00979	0.01576	0.01042	0.06901

[dist]
# distance from previous block
# <min> <max>
0	46

[block]
# block no. 6 follows, 11 sequences, length 13
# corresponding to MSA columns:
# 639-651
name=unknown_G
#
# <colnr> <probs for GDERKNQSTAVLIFYWHMCP>
#	G	D	E	R	K	N	Q	S	T	A	V	L	I	F	Y	W	H	M	C	P
0	0.14064	0.09724	0.12051	0.10859	0.08006	0.02566	0.02377	0.03212	0.02327	0.07667	0.03321	0.03614	0.08532	0.01392	0.01218	0.00355	0.05584	0.01051	0.00680	0.01399
1	0.13423	0.01737	0.02356	0.01920	0.02489	0.01666	0.05702	0.03525	0.02576	0.21776	0.11170	0.04671	0.03818	0.10516	0.02073	0.05990	0.00985	0.01275	0.01002	0.01330
2	0.08781	0.03353	0.18331	0.02374	0.03464	0.02368	0.02395	0.09593	0.09470	0.13450	0.02844	0.02871	0.02027	0.01180	0.01024	0.00322	0.01167	0.00919	0.00862	0.13204
3	0.02734	0.02772	0.12382	0.25294	0.10444	0.02350	0.02868	0.03694	0.06249	0.11136	0.02588	0.03031	0.01876	0.01150	0.01093	0.00347	0.01327	0.00984	0.00702	0.06980
4	0.02172	0.01862	0.02351	0.10073	0.03291	0.01571	0.01564	0.02669	0.02297	0.03441	0.02570	0.10207	0.02425	0.01242	0.00959	0.00237	0.00909	0.01060	0.00693	0.48408
5	0.02027	0.01616	0.02194	0.08071	0.08627	0.01707	0.01629	0.02895	0.11387	0.03591	0.17329	0.10277	0.05381	0.10842	0.02155	0.05636	0.00923	0.01624	0.00906	0.01185
6	0.11101	0.01988	0.02964	0.37783	0.05851	0.02458	0.02642	0.02852	0.02191	0.03212	0.02360	0.03943	0.02054	0.01439	0.01385	0.00401	0.07268	0.06299	0.00590	0.01219
7	0.02237	0.01553	0.01957	0.01742	0.02104	0.01621	0.01369	0.02881	0.06817	0.10687	0.26078	0.07046	0.16292	0.02177	0.01642	0.00382	0.09313	0.01762	0.01100	0.01239
8	0.01894	0.01368	0.01612	0.01588	0.01818	0.01364	0.01114	0.08885	0.02685	0.03589	0.11848	0.28310	0.10212	0.15682	0.02324	0.00560	0.00815	0.02294	0.01002	0.01036
9	0.10353	0.02790	0.03319	0.09685	0.11320	0.03101	0.02334	0.29251	0.07417	0.05697	0.02545	0.02765	0.01880	0.01252	0.01081	0.00346	0.01222	0.00987	0.00923	0.01734
10	0.01815	0.02093	0.09968	0.02097	0.02689	0.01453	0.05554	0.02304	0.02268	0.03206	0.04358	0.34235	0.04840	0.02373	0.01244	0.00374	0.00946	0.02152	0.00840	0.15193
11	0.03811	0.12320	0.15492	0.02482	0.03562	0.02964	0.02453	0.20564	0.03625	0.17636	0.02814	0.02778	0.01952	0.01237	0.01053	0.00330	0.01260	0.00938	0.00944	0.01784
12	0.02963	0.18607	0.22605	0.02417	0.03628	0.02848	0.02630	0.07425	0.02688	0.09684	0.02245	0.02424	0.01675	0.01063	0.00952	0.00291	0.01282	0.00795	0.00674	0.13106

[dist]
# distance from previous block
# <min> <max>
0	5

[block]
# block no. 7 follows, 11 sequences, length 16
# corresponding to MSA columns:
# 657-672
name=unknown_H
#
# <colnr> <probs for GDERKNQSTAVLIFYWHMCP>
#	G	D	E	R	K	N	Q	S	T	A	V	L	I	F	Y	W	H	M	C	P
0	0.09585	0.03239	0.16272	0.12248	0.04468	0.02553	0.05980	0.10512	0.06181	0.13986	0.02728	0.02928	0.01906	0.01201	0.01086	0.00358	0.01326	0.00988	0.00823	0.01630
1	0.14193	0.24999	0.03993	0.02101	0.02876	0.02916	0.07639	0.03293	0.02550	0.08028	0.13339	0.03613	0.03601	0.01311	0.00965	0.00312	0.01063	0.01061	0.00777	0.01370
2	0.02551	0.12332	0.02882	0.02047	0.02641	0.02691	0.01647	0.04629	0.32137	0.04166	0.10692	0.09113	0.04401	0.01705	0.01121	0.00360	0.00876	0.01424	0.01034	0.01552
3	0.57246	0.02346	0.01954	0.01673	0.02405	0.02693	0.01379	0.11370	0.02503	0.05405	0.01765	0.01980	0.01340	0.01098	0.00771	0.00346	0.00935	0.00680	0.00771	0.01340
4	0.25033	0.02133	0.02292	0.01794	0.02645	0.02061	0.01469	0.07976	0.02741	0.20522	0.02698	0.02678	0.01898	0.01127	0.00910	0.00299	0.00921	0.00827	0.00949	0.19026
5	0.02490	0.01404	0.01777	0.01597	0.02011	0.01328	0.01226	0.03199	0.07167	0.15313	0.29486	0.10747	0.07268	0.02036	0.01225	0.00354	0.00665	0.01768	0.07640	0.01299
6	0.03995	0.02034	0.02434	0.01974	0.02698	0.02025	0.01595	0.11229	0.12645	0.29413	0.04092	0.03808	0.02807	0.01399	0.01074	0.00338	0.00909	0.01128	0.12663	0.01739
7	0.02986	0.13369	0.03976	0.02586	0.03297	0.02961	0.10988	0.16950	0.03226	0.04392	0.05866	0.03496	0.02612	0.06373	0.01675	0.00399	0.05828	0.01122	0.06443	0.01457
8	0.07477	0.01223	0.01504	0.01586	0.01840	0.01171	0.01166	0.02188	0.02447	0.07490	0.13195	0.34722	0.10185	0.02869	0.01335	0.00423	0.00705	0.06346	0.01072	0.01057
9	0.02858	0.02682	0.10002	0.16584	0.04717	0.02376	0.09723	0.11041	0.03119	0.10528	0.11308	0.03922	0.03339	0.01366	0.01186	0.00360	0.01302	0.01228	0.00853	0.01506
10	0.01955	0.00978	0.01466	0.01466	0.01466	0.00978	0.00978	0.01466	0.01466	0.01955	0.01955	0.03421	0.01955	0.03910	0.04399	0.67253	0.00978	0.00978	0.00489	0.00489
11	0.03584	0.02679	0.02911	0.02367	0.03082	0.02986	0.01896	0.31735	0.17327	0.05798	0.03118	0.03199	0.02332	0.01721	0.01544	0.08780	0.01111	0.01079	0.01051	0.01699
12	0.02589	0.02348	0.02745	0.02771	0.11438	0.06312	0.01841	0.03345	0.07183	0.03682	0.02418	0.02816	0.01980	0.01114	0.01166	0.00267	0.05913	0.00864	0.08991	0.30216
13	0.03145	0.43593	0.05011	0.02009	0.02965	0.03914	0.01888	0.11354	0.02815	0.03549	0.01817	0.02028	0.01554	0.01014	0.00806	0.00248	0.01163	0.00682	0.00617	0.09826
14	0.54737	0.02426	0.01911	0.01671	0.02380	0.07138	0.01358	0.03688	0.02193	0.11039	0.01944	0.02098	0.01437	0.01099	0.00780	0.00343	0.00984	0.00685	0.00774	0.01314
15	0.08806	0.12356	0.03748	0.38188	0.10274	0.02857	0.02759	0.03054	0.02251	0.03117	0.01892	0.02660	0.01487	0.01079	0.01012	0.00346	0.01373	0.00893	0.00521	0.01327

[dist]
# distance from previous block
# <min> <max>
0	12

[block]
# block no. 8 follows, 11 sequences, length 11
# corresponding to MSA columns:
# 685-695
name=unknown_I
#
# <colnr> <probs for GDERKNQSTAVLIFYWHMCP>
#	G	D	E	R	K	N	Q	S	T	A	V	L	I	F	Y	W	H	M	C	P
0	0.12920	0.01827	0.02364	0.07519	0.03067	0.01758	0.01641	0.04332	0.02935	0.33500	0.12224	0.04266	0.03803	0.01476	0.01105	0.00352	0.00927	0.01204	0.01179	0.01602
1	0.01420	0.01037	0.01336	0.01486	0.01632	0.00954	0.01029	0.01706	0.02446	0.03285	0.17966	0.42238	0.12987	0.03161	0.01399	0.00424	0.00615	0.02833	0.01092	0.00954
2	0.05050	0.01915	0.02612	0.02003	0.02873	0.01654	0.01654	0.05485	0.03221	0.54203	0.04440	0.03831	0.02786	0.01393	0.01132	0.00348	0.00958	0.01132	0.01393	0.01915
3	0.02072	0.01256	0.01658	0.01497	0.01846	0.01144	0.01144	0.02589	0.03191	0.11394	0.46130	0.07774	0.09535	0.02175	0.01300	0.00353	0.00590	0.01910	0.01260	0.01180
4	0.56006	0.02126	0.01842	0.01582	0.02313	0.02355	0.01304	0.03734	0.02171	0.14663	0.02129	0.02220	0.01525	0.01113	0.00782	0.00348	0.00888	0.00712	0.00833	0.01355
5	0.02167	0.01771	0.02235	0.02040	0.02279	0.08036	0.05346	0.02212	0.01900	0.02426	0.02333	0.03574	0.02178	0.04936	0.22085	0.30111	0.01909	0.01057	0.00547	0.00859
6	0.03469	0.02149	0.03320	0.13746	0.09190	0.02182	0.07098	0.09437	0.02915	0.20623	0.02939	0.03282	0.02096	0.01597	0.01601	0.09618	0.01239	0.01078	0.00888	0.01532
7	0.15549	0.02659	0.07246	0.36986	0.06010	0.07412	0.02743	0.03167	0.02280	0.03355	0.01892	0.02626	0.01433	0.01108	0.01025	0.00360	0.01437	0.00883	0.00545	0.01283
8	0.02741	0.02350	0.03838	0.28095	0.16680	0.02661	0.06485	0.06409	0.02583	0.07696	0.02245	0.02948	0.01713	0.01211	0.01409	0.00374	0.07402	0.01036	0.00635	0.01489
9	0.68395	0.02177	0.01654	0.01480	0.02177	0.02525	0.01219	0.03309	0.01915	0.05050	0.01567	0.01828	0.01219	0.01045	0.00697	0.00348	0.00871	0.00609	0.00697	0.01219
10	0.01549	0.01111	0.01489	0.01619	0.01801	0.01051	0.01216	0.01939	0.02634	0.03593	0.23584	0.30446	0.08424	0.02979	0.01421	0.00432	0.00690	0.11911	0.01116	0.00996

[dist]
# distance from previous block
# <min> <max>
0	2

[block]
# block no. 9 follows, 11 sequences, length 19
# corresponding to MSA columns:
# 698-716
name=unknown_J
#
# <colnr> <probs for GDERKNQSTAVLIFYWHMCP>
#	G	D	E	R	K	N	Q	S	T	A	V	L	I	F	Y	W	H	M	C	P
0	0.18229	0.02439	0.02650	0.02096	0.02900	0.02574	0.01723	0.23334	0.03805	0.20367	0.06395	0.03236	0.02616	0.01362	0.01048	0.00344	0.01028	0.01031	0.01119	0.01705
1	0.01546	0.01133	0.01450	0.01403	0.01661	0.01037	0.01040	0.02021	0.03028	0.04214	0.44358	0.13492	0.14477	0.02471	0.01338	0.00366	0.00546	0.02179	0.01202	0.01037
2	0.01955	0.00978	0.01466	0.01466	0.01466	0.00978	0.00978	0.01466	0.01466	0.01955	0.01955	0.03421	0.01955	0.03910	0.04399	0.67253	0.00978	0.00978	0.00489	0.00489
3	0.03661	0.02846	0.03030	0.02465	0.03255	0.03202	0.01990	0.31432	0.24536	0.06098	0.03487	0.03327	0.02549	0.01425	0.01134	0.00356	0.01093	0.01122	0.01134	0.01859
4	0.03097	0.08075	0.07001	0.13643	0.03980	0.02128	0.02072	0.03680	0.02559	0.17277	0.02630	0.02836	0.01899	0.01079	0.00984	0.00282	0.01107	0.00871	0.00799	0.24003
5	0.03711	0.02898	0.02972	0.02367	0.03111	0.06875	0.01916	0.36362	0.04695	0.06231	0.13126	0.03847	0.03702	0.01536	0.01160	0.00338	0.01149	0.01206	0.01109	0.01690
6	0.68395	0.02177	0.01654	0.01480	0.02177	0.02525	0.01219	0.03309	0.01915	0.05050	0.01567	0.01828	0.01219	0.01045	0.00697	0.00348	0.00871	0.00609	0.00697	0.01219
7	0.02245	0.01336	0.01362	0.01309	0.01650	0.01416	0.00995	0.03326	0.12625	0.04303	0.03862	0.04197	0.03000	0.01356	0.00862	0.00287	0.00601	0.01096	0.52970	0.01202
8	0.02132	0.01963	0.03263	0.37261	0.16242	0.02259	0.02830	0.02768	0.02299	0.03043	0.02761	0.12886	0.02600	0.01520	0.01177	0.00381	0.01318	0.01386	0.00607	0.01303
9	0.01563	0.01169	0.01473	0.01644	0.01795	0.01157	0.01136	0.02151	0.08263	0.03226	0.09644	0.48909	0.07201	0.03186	0.01392	0.00440	0.00673	0.02873	0.01072	0.01032
10	0.01760	0.01297	0.01774	0.01945	0.02184	0.01354	0.01594	0.02377	0.05616	0.03214	0.05293	0.18506	0.05674	0.04192	0.12902	0.00769	0.01375	0.26162	0.00954	0.01059
11	0.02983	0.01488	0.01661	0.01437	0.01905	0.01475	0.01134	0.08982	0.02900	0.15021	0.03714	0.03937	0.02745	0.01333	0.00901	0.00290	0.00703	0.01062	0.44994	0.01336
12	0.03233	0.02678	0.03018	0.02532	0.03125	0.03171	0.02046	0.20185	0.25281	0.05102	0.03291	0.03325	0.02507	0.01560	0.01672	0.00390	0.13046	0.01124	0.01002	0.01711
13	0.01670	0.02134	0.12739	0.08773	0.03064	0.01478	0.01953	0.02198	0.02310	0.03173	0.09218	0.35917	0.05756	0.02602	0.01311	0.00416	0.00957	0.02325	0.00877	0.01126
14	0.02676	0.02323	0.03184	0.25572	0.05020	0.02677	0.02451	0.12635	0.02811	0.03885	0.02056	0.02713	0.01616	0.01263	0.01518	0.00347	0.11275	0.00935	0.00663	0.14380
15	0.03005	0.10071	0.05308	0.03635	0.04502	0.03283	0.25442	0.13064	0.03000	0.04061	0.02139	0.02715	0.01678	0.01214	0.01626	0.00374	0.11566	0.01113	0.00662	0.01542
16	0.13672	0.02321	0.02740	0.02173	0.02886	0.02467	0.01793	0.13589	0.03084	0.21576	0.02818	0.02865	0.01997	0.01364	0.01479	0.00349	0.11108	0.00945	0.00983	0.09790
17	0.23543	0.01722	0.02013	0.10031	0.02978	0.01830	0.01536	0.03170	0.02433	0.14057	0.09458	0.15330	0.04030	0.01800	0.01080	0.00376	0.00895	0.01490	0.00946	0.01280
18	0.21380	0.09104	0.02518	0.07229	0.02887	0.02271	0.01571	0.03396	0.06906	0.09981	0.03246	0.14563	0.03010	0.01636	0.01002	0.00351	0.00938	0.01320	0.00850	0.05843

[dist]
# distance from previous block
# <min> <max>
5	98

[block]
# block no. 10 follows, 11 sequences, length 24
# corresponding to MSA columns:
# 816-839
name=unknown_K
#
# <colnr> <probs for GDERKNQSTAVLIFYWHMCP>
#	G	D	E	R	K	N	Q	S	T	A	V	L	I	F	Y	W	H	M	C	P
0	0.07783	0.01491	0.01749	0.01745	0.02076	0.01537	0.01308	0.03019	0.11419	0.08008	0.09939	0.24811	0.05717	0.07200	0.01643	0.00472	0.00808	0.07026	0.01053	0.01197
1	0.16875	0.18010	0.21962	0.03201	0.12754	0.03057	0.02844	0.03441	0.02289	0.03682	0.01828	0.02193	0.01451	0.01026	0.00912	0.00322	0.01319	0.00759	0.00540	0.01535
2	0.26807	0.02422	0.06478	0.01807	0.02457	0.06306	0.01535	0.03508	0.02378	0.14824	0.06157	0.03803	0.02776	0.12172	0.01821	0.00482	0.01069	0.01039	0.00854	0.01305
3	0.28344	0.02478	0.01967	0.01708	0.02346	0.11844	0.01345	0.03435	0.02388	0.07135	0.02291	0.02574	0.01784	0.01112	0.00821	0.00291	0.01009	0.00766	0.15017	0.11348
4	0.02286	0.01363	0.01755	0.01632	0.01997	0.01288	0.01229	0.02953	0.07094	0.13337	0.29672	0.18323	0.07872	0.02333	0.01299	0.00378	0.00667	0.02056	0.01217	0.01249
5	0.10528	0.02381	0.02862	0.12434	0.03884	0.02585	0.02036	0.17399	0.10372	0.19204	0.03219	0.03203	0.02232	0.01315	0.01086	0.00355	0.01119	0.01040	0.01045	0.01701
6	0.03510	0.01765	0.02243	0.06522	0.02877	0.01674	0.01537	0.04287	0.07806	0.26282	0.03775	0.03721	0.02642	0.01300	0.01011	0.00312	0.00873	0.01062	0.17771	0.09031
7	0.01635	0.01241	0.01587	0.01617	0.01918	0.01085	0.01171	0.01952	0.02318	0.03227	0.09306	0.39026	0.06388	0.02803	0.01306	0.00390	0.00713	0.06006	0.00979	0.15332
8	0.04100	0.01808	0.02259	0.01815	0.02517	0.01695	0.01472	0.07837	0.06064	0.35064	0.04131	0.03869	0.02791	0.01377	0.01043	0.00327	0.00862	0.01111	0.18174	0.01684
9	0.01955	0.00978	0.01466	0.01466	0.01466	0.00978	0.00978	0.01466	0.01466	0.01955	0.01955	0.03421	0.01955	0.03910	0.04399	0.67253	0.00978	0.00978	0.00489	0.00489
10	0.38095	0.02943	0.02371	0.02013	0.02745	0.12497	0.01621	0.13227	0.02953	0.09159	0.02072	0.02212	0.01535	0.01158	0.00880	0.00335	0.01167	0.00757	0.00821	0.01436
11	0.20482	0.01733	0.01975	0.06269	0.02649	0.01732	0.01410	0.03268	0.02646	0.15568	0.15766	0.04949	0.09273	0.01607	0.01060	0.00342	0.00827	0.01294	0.01004	0.06146
12	0.14842	0.07591	0.02908	0.07047	0.03120	0.12292	0.04570	0.02990	0.02246	0.03201	0.02627	0.12576	0.02680	0.06437	0.01800	0.00432	0.09508	0.01291	0.00662	0.01180
13	0.49311	0.08803	0.02311	0.01627	0.02386	0.02583	0.01379	0.03717	0.02198	0.13841	0.02097	0.02195	0.01533	0.01100	0.00780	0.00336	0.00924	0.00705	0.00801	0.01373
14	0.02388	0.01624	0.02165	0.01969	0.02355	0.01812	0.01563	0.11089	0.02569	0.07756	0.03076	0.04055	0.02646	0.06544	0.41279	0.01415	0.02515	0.01164	0.00766	0.01249
15	0.03262	0.02684	0.04428	0.17078	0.05321	0.02810	0.18782	0.16899	0.03378	0.10156	0.02575	0.03021	0.01837	0.01159	0.01197	0.00363	0.01502	0.01133	0.00806	0.01610
16	0.01420	0.01000	0.01292	0.01505	0.01558	0.00947	0.00978	0.01580	0.02059	0.02746	0.05714	0.50058	0.06826	0.14022	0.02228	0.00574	0.00734	0.02911	0.00978	0.00871
17	0.01598	0.01444	0.05341	0.01648	0.01866	0.01243	0.01275	0.01906	0.02007	0.02785	0.08000	0.20509	0.04972	0.20901	0.18331	0.01011	0.01522	0.01912	0.00788	0.00941
18	0.02741	0.01744	0.02086	0.01800	0.02309	0.01741	0.01407	0.11713	0.07623	0.13181	0.24576	0.10542	0.09742	0.02043	0.01250	0.00363	0.00777	0.01746	0.01207	0.01406
19	0.08500	0.02585	0.11984	0.02088	0.03044	0.01816	0.01987	0.04324	0.02866	0.30406	0.08517	0.03721	0.03105	0.01339	0.01075	0.00330	0.01023	0.01079	0.01075	0.09136
20	0.02347	0.03478	0.24441	0.02348	0.03270	0.02148	0.02499	0.10831	0.02917	0.04123	0.13432	0.04660	0.03994	0.12333	0.01994	0.00488	0.01239	0.01272	0.00791	0.01395
21	0.09191	0.02610	0.02776	0.08495	0.03477	0.07976	0.01923	0.19443	0.03623	0.16164	0.06116	0.07361	0.02890	0.01506	0.01115	0.00350	0.01170	0.01197	0.01024	0.01593
22	0.37615	0.02193	0.02185	0.02186	0.06770	0.02433	0.01563	0.12217	0.02687	0.04936	0.02695	0.12758	0.02554	0.01560	0.00954	0.00365	0.00944	0.01201	0.00834	0.01350
23	0.08108	0.02334	0.08558	0.11122	0.06584	0.02097	0.04976	0.06814	0.02473	0.07221	0.02937	0.04593	0.02643	0.12989	0.07657	0.00656	0.01462	0.04752	0.00727	0.01299

[dist]
# distance from previous block
# <min> <max>
0	21

[block]
# block no. 11 follows, 11 sequences, length 22
# corresponding to MSA columns:
# 861-882
name=unknown_L
#
# <colnr> <probs for GDERKNQSTAVLIFYWHMCP>
#	G	D	E	R	K	N	Q	S	T	A	V	L	I	F	Y	W	H	M	C	P
0	0.21339	0.02593	0.03255	0.07340	0.03758	0.02823	0.09058	0.17952	0.08091	0.09263	0.02594	0.02780	0.01878	0.01207	0.01041	0.00355	0.01203	0.00985	0.00893	0.01593
1	0.02928	0.02278	0.03216	0.08913	0.08412	0.02545	0.05995	0.10587	0.09051	0.09156	0.03135	0.08136	0.02613	0.01574	0.01563	0.00381	0.10479	0.01271	0.06257	0.01510
2	0.01493	0.01052	0.01343	0.01448	0.01554	0.00996	0.00967	0.01738	0.02323	0.03171	0.18536	0.33510	0.07559	0.16194	0.02387	0.00573	0.00719	0.02519	0.01016	0.00902
3	0.02024	0.02244	0.08116	0.21163	0.04613	0.02224	0.06512	0.02613	0.02246	0.03084	0.06233	0.16991	0.03540	0.01907	0.01661	0.00412	0.10907	0.01611	0.00682	0.01217
4	0.02325	0.05351	0.46497	0.03468	0.05042	0.02653	0.11802	0.03571	0.02424	0.03571	0.02063	0.02488	0.01473	0.01049	0.01113	0.00360	0.01703	0.00916	0.00491	0.01639
5	0.01465	0.01079	0.01426	0.01548	0.01686	0.01084	0.01089	0.01712	0.02048	0.02742	0.05632	0.31402	0.11509	0.11073	0.18069	0.00917	0.01391	0.02334	0.00874	0.00921
6	0.03274	0.03059	0.11756	0.07389	0.03766	0.02793	0.02443	0.22240	0.03533	0.09658	0.02915	0.08936	0.02423	0.01604	0.01482	0.00378	0.08611	0.01226	0.00897	0.01617
7	0.01581	0.01081	0.01309	0.01407	0.01452	0.01063	0.00897	0.01688	0.01877	0.02494	0.04528	0.22431	0.05263	0.38852	0.04116	0.00857	0.00964	0.06540	0.00819	0.00782
8	0.04609	0.01818	0.02471	0.01928	0.02721	0.01579	0.01579	0.05057	0.03217	0.47870	0.10607	0.04414	0.03784	0.01509	0.01157	0.00349	0.00903	0.01247	0.01373	0.01807
9	0.02481	0.02032	0.03226	0.31862	0.14277	0.02303	0.02693	0.03091	0.02418	0.08597	0.03450	0.04016	0.08248	0.01407	0.01316	0.00373	0.04967	0.01189	0.00676	0.01378
10	0.03718	0.02701	0.03269	0.02578	0.03385	0.02927	0.05828	0.28713	0.13233	0.11078	0.03237	0.03284	0.02357	0.01974	0.05927	0.00479	0.01351	0.01118	0.01067	0.01778
11	0.01867	0.01328	0.01589	0.01563	0.01898	0.01267	0.01173	0.02560	0.07420	0.03771	0.13290	0.22010	0.05840	0.02266	0.01186	0.00359	0.00685	0.05744	0.14655	0.09531
12	0.03219	0.02282	0.02760	0.02148	0.02909	0.02286	0.01751	0.11112	0.06896	0.13664	0.02696	0.02850	0.02031	0.01271	0.01446	0.00301	0.10664	0.00914	0.00887	0.27913
13	0.36426	0.10047	0.02921	0.07993	0.08075	0.08003	0.01895	0.03363	0.02171	0.04016	0.01676	0.02099	0.01371	0.01109	0.01008	0.00340	0.04838	0.00722	0.00611	0.01316
14	0.08916	0.07736	0.03478	0.02477	0.03232	0.03015	0.05007	0.20468	0.03409	0.11219	0.02423	0.02640	0.01814	0.01327	0.01484	0.00344	0.11051	0.00941	0.00878	0.08141
15	0.09281	0.02619	0.02989	0.07905	0.03244	0.09714	0.02198	0.03005	0.02044	0.03114	0.01788	0.02567	0.01589	0.01626	0.02514	0.00418	0.34169	0.00922	0.07072	0.01223
16	0.01872	0.01615	0.02547	0.33454	0.05127	0.01864	0.02233	0.02491	0.02542	0.03404	0.18874	0.10899	0.05091	0.01765	0.01224	0.00377	0.01095	0.01573	0.00798	0.01153
17	0.02786	0.08052	0.02566	0.08808	0.02987	0.01805	0.01586	0.03278	0.02844	0.17116	0.19494	0.05383	0.08965	0.01664	0.01135	0.00326	0.00874	0.01400	0.01031	0.07898
18	0.02819	0.01560	0.01989	0.01628	0.02241	0.01327	0.01286	0.03292	0.02977	0.20095	0.23813	0.05969	0.10064	0.01772	0.01169	0.00318	0.00730	0.01509	0.01159	0.14282
19	0.09371	0.02264	0.03263	0.16973	0.04315	0.02692	0.06368	0.08114	0.02509	0.07782	0.02481	0.07725	0.02153	0.01589	0.01831	0.00406	0.16900	0.01189	0.00713	0.01362
20	0.07799	0.02267	0.03068	0.07198	0.03562	0.02317	0.05995	0.08712	0.08193	0.21554	0.03147	0.03188	0.02215	0.01295	0.01293	0.00345	0.05794	0.01036	0.00979	0.10043
21	0.11412	0.02114	0.02909	0.20460	0.09431	0.02288	0.02254	0.07972	0.02668	0.12378	0.02537	0.03021	0.01892	0.01853	0.06348	0.00481	0.01377	0.00966	0.00768	0.06872

[dist]
# distance from previous block
# <min> <max>
0	21

[block]
# block no. 12 follows, 11 sequences, length 20
# corresponding to MSA columns:
# 904-923
name=unknown_M
#
# <colnr> <probs for GDERKNQSTAVLIFYWHMCP>
#	G	D	E	R	K	N	Q	S	T	A	V	L	I	F	Y	W	H	M	C	P
0	0.17328	0.08591	0.08387	0.07609	0.03405	0.02546	0.01981	0.04000	0.12965	0.08568	0.02643	0.02780	0.01987	0.01149	0.00941	0.00319	0.01060	0.00872	0.00786	0.12082
1	0.27013	0.08013	0.08947	0.02978	0.09594	0.02750	0.08195	0.03214	0.02174	0.03918	0.02095	0.06307	0.01862	0.01292	0.01233	0.00364	0.07053	0.00997	0.00623	0.01378
2	0.15669	0.22053	0.13136	0.02036	0.03076	0.02888	0.02063	0.03504	0.02334	0.08654	0.02022	0.02221	0.01574	0.01017	0.00844	0.00280	0.01129	0.00712	0.00649	0.14140
3	0.02934	0.09907	0.27717	0.08195	0.04320	0.02628	0.03035	0.04158	0.08777	0.13402	0.02769	0.02896	0.01957	0.01185	0.01061	0.00348	0.01364	0.00940	0.00743	0.01664
4	0.10390	0.01901	0.02228	0.01862	0.02468	0.01905	0.01482	0.13494	0.03417	0.19335	0.17929	0.10061	0.05142	0.01814	0.01169	0.00358	0.00856	0.01510	0.01182	0.01496
5	0.11255	0.02636	0.03636	0.02938	0.03353	0.03257	0.08562	0.11917	0.02559	0.03970	0.01832	0.02505	0.01559	0.01595	0.02499	0.00429	0.32461	0.00989	0.00650	0.01399
6	0.02653	0.01342	0.01799	0.01663	0.02057	0.01204	0.01251	0.03033	0.02830	0.20298	0.20264	0.25191	0.06907	0.02439	0.01302	0.00389	0.00715	0.02153	0.01221	0.01290
7	0.01414	0.01010	0.01355	0.01616	0.01700	0.00951	0.01119	0.01641	0.02197	0.02921	0.06180	0.55195	0.07351	0.03486	0.01448	0.00463	0.00690	0.07296	0.01044	0.00926
8	0.01939	0.01889	0.03556	0.08388	0.03875	0.01821	0.19854	0.02489	0.02395	0.03171	0.04733	0.27799	0.08709	0.02231	0.01354	0.00412	0.01210	0.02184	0.00807	0.01184
9	0.31012	0.02023	0.02219	0.01788	0.02588	0.02011	0.01476	0.04593	0.02686	0.34058	0.03263	0.03010	0.02144	0.01250	0.00953	0.00348	0.00922	0.00918	0.01108	0.01630
10	0.03742	0.17611	0.09242	0.02291	0.03109	0.02810	0.02146	0.04218	0.02611	0.25912	0.02889	0.02899	0.02051	0.01355	0.01498	0.00348	0.11798	0.00936	0.00892	0.01640
11	0.03009	0.61122	0.05898	0.01926	0.02889	0.04454	0.01926	0.03370	0.02287	0.02648	0.01565	0.01805	0.01444	0.00963	0.00722	0.00241	0.01204	0.00602	0.00481	0.01444
12	0.02126	0.02001	0.03376	0.57739	0.07752	0.02501	0.03126	0.02876	0.02251	0.02876	0.02001	0.03001	0.01500	0.01125	0.01125	0.00375	0.01500	0.01000	0.00500	0.01250
