[name]
unknown

[dist]
# distance from previous block
# <min> <max>
15	1245

[block]
# block no. 0 follows, 13 sequences, length 39
# corresponding to MSA columns:
# 1254-1292
name=unknown_A
#
# <colnr> <probs for GDERKNQSTAVLIFYWHMCP>
#	G	D	E	R	K	N	Q	S	T	A	V	L	I	F	Y	W	H	M	C	P
0	0.12255	0.01812	0.02458	0.13929	0.10371	0.02005	0.01910	0.03069	0.06921	0.09021	0.08040	0.13001	0.03427	0.01622	0.01234	0.00360	0.05140	0.01353	0.00795	0.01277
1	0.02937	0.08200	0.02609	0.07451	0.02890	0.02100	0.01634	0.15384	0.02997	0.15250	0.03822	0.22796	0.03641	0.01908	0.01118	0.00351	0.00942	0.01627	0.00967	0.01376
2	0.18322	0.01934	0.02119	0.07720	0.02831	0.01960	0.01453	0.07731	0.06983	0.03928	0.02438	0.06846	0.02155	0.05309	0.01183	0.00328	0.00902	0.00956	0.00725	0.24177
3	0.02867	0.02047	0.02408	0.11608	0.03302	0.05503	0.01740	0.11364	0.02937	0.12744	0.08373	0.04151	0.03094	0.01381	0.01038	0.00306	0.01011	0.05317	0.05440	0.13372
4	0.15362	0.01710	0.05213	0.05997	0.02405	0.01512	0.01368	0.02326	0.02190	0.03542	0.14160	0.15296	0.04495	0.07204	0.01413	0.00385	0.00816	0.01462	0.00793	0.12353
5	0.02404	0.02403	0.07103	0.19566	0.07956	0.02394	0.09657	0.09585	0.11654	0.03792	0.06125	0.07239	0.02735	0.01336	0.01116	0.00350	0.01223	0.01220	0.00739	0.01403
6	0.08616	0.01895	0.02747	0.03075	0.16859	0.01761	0.05281	0.02640	0.02216	0.03399	0.02930	0.14994	0.02950	0.01503	0.01033	0.00306	0.00961	0.04484	0.00690	0.21661
7	0.36667	0.02505	0.02513	0.14121	0.11861	0.10263	0.01961	0.03205	0.02126	0.03830	0.01658	0.02106	0.01312	0.01005	0.00839	0.00322	0.01158	0.00719	0.00581	0.01246
8	0.02505	0.01913	0.02177	0.01868	0.02370	0.02066	0.01472	0.17954	0.15018	0.04890	0.24873	0.05168	0.05546	0.02104	0.04857	0.00422	0.00924	0.01414	0.01074	0.01385
9	0.01391	0.01077	0.01267	0.01219	0.01515	0.00953	0.00915	0.01791	0.02744	0.03648	0.36447	0.08872	0.29587	0.02382	0.01248	0.00343	0.00515	0.02049	0.01086	0.00953
10	0.41975	0.01939	0.01943	0.01603	0.02328	0.02018	0.01322	0.03992	0.02330	0.27318	0.02639	0.02531	0.01781	0.01123	0.00831	0.00327	0.00853	0.00785	0.00937	0.01428
11	0.01538	0.01025	0.01153	0.01153	0.01153	0.01025	0.00641	0.01538	0.01538	0.02050	0.03331	0.06919	0.03844	0.62842	0.05382	0.01025	0.01025	0.01538	0.00641	0.00641
12	0.01530	0.01055	0.01304	0.01304	0.01356	0.01107	0.00828	0.01634	0.01582	0.02161	0.03194	0.06157	0.03513	0.47716	0.20056	0.01211	0.01523	0.01426	0.00620	0.00724
13	0.02313	0.02313	0.03238	0.02776	0.02776	0.03238	0.02313	0.02545	0.01619	0.02545	0.01388	0.02313	0.01388	0.01851	0.03470	0.00463	0.60907	0.00925	0.00463	0.01157
14	0.02192	0.01879	0.02192	0.01566	0.02506	0.01409	0.01253	0.02662	0.02192	0.03445	0.01879	0.02192	0.01566	0.00783	0.00783	0.00157	0.00783	0.00626	0.00626	0.69305
15	0.02166	0.01388	0.01640	0.01475	0.01640	0.01464	0.00994	0.06876	0.02026	0.08226	0.03195	0.05805	0.03334	0.45929	0.04375	0.00842	0.05592	0.01386	0.00736	0.00911
16	0.10265	0.01984	0.02435	0.01989	0.02656	0.02054	0.01621	0.04794	0.14550	0.34272	0.03655	0.03365	0.02489	0.01363	0.01277	0.00348	0.07102	0.01032	0.01105	0.01641
17	0.09742	0.37313	0.04296	0.01920	0.02778	0.03530	0.01765	0.14751	0.02855	0.09315	0.01996	0.02089	0.01569	0.01038	0.00803	0.00267	0.01084	0.00706	0.00699	0.01484
18	0.36791	0.28459	0.03376	0.01642	0.02417	0.03212	0.01490	0.06556	0.02168	0.03908	0.01545	0.01765	0.01281	0.00968	0.00692	0.00283	0.00976	0.00596	0.00595	0.01281
19	0.70310	0.02045	0.01554	0.01390	0.02045	0.02372	0.01145	0.03108	0.01799	0.04744	0.01472	0.01718	0.01145	0.00981	0.00654	0.00327	0.00818	0.00573	0.00654	0.01145
20	0.70310	0.02045	0.01554	0.01390	0.02045	0.02372	0.01145	0.03108	0.01799	0.04744	0.01472	0.01718	0.01145	0.00981	0.00654	0.00327	0.00818	0.00573	0.00654	0.01145
21	0.70310	0.02045	0.01554	0.01390	0.02045	0.02372	0.01145	0.03108	0.01799	0.04744	0.01472	0.01718	0.01145	0.00981	0.00654	0.00327	0.00818	0.00573	0.00654	0.01145
22	0.70310	0.02045	0.01554	0.01390	0.02045	0.02372	0.01145	0.03108	0.01799	0.04744	0.01472	0.01718	0.01145	0.00981	0.00654	0.00327	0.00818	0.00573	0.00654	0.01145
23	0.02121	0.05469	0.57364	0.03014	0.04576	0.02455	0.03906	0.03348	0.02232	0.03348	0.01897	0.02232	0.01339	0.01005	0.01005	0.00335	0.01563	0.00781	0.00446	0.01563
24	0.01997	0.01879	0.03171	0.60301	0.07282	0.02349	0.02936	0.02701	0.02114	0.02701	0.01879	0.02819	0.01409	0.01057	0.01057	0.00352	0.01409	0.00940	0.00470	0.01175
25	0.01496	0.01081	0.01413	0.01330	0.01580	0.00998	0.00998	0.01995	0.02993	0.04240	0.55689	0.07898	0.09976	0.02162	0.01247	0.00333	0.00499	0.01912	0.01164	0.00998
26	0.01288	0.00920	0.01227	0.01472	0.01534	0.00859	0.00981	0.01472	0.02024	0.02699	0.05828	0.62152	0.06993	0.03312	0.01350	0.00429	0.00613	0.03006	0.00981	0.00859
27	0.01789	0.00946	0.01297	0.01297	0.01320	0.00946	0.00847	0.01508	0.01485	0.02070	0.02280	0.04018	0.02316	0.15239	0.04074	0.49399	0.00901	0.01048	0.06679	0.00543
28	0.02869	0.01541	0.02100	0.01720	0.02217	0.01485	0.05734	0.07652	0.02672	0.17568	0.06930	0.03835	0.02928	0.01526	0.01261	0.06979	0.00815	0.01084	0.27827	0.01257
29	0.03904	0.01714	0.02288	0.01829	0.02453	0.01610	0.01478	0.04246	0.02700	0.41871	0.04419	0.04368	0.07428	0.07005	0.01701	0.00406	0.06696	0.01198	0.01137	0.01551
30	0.01415	0.01058	0.01279	0.01256	0.01493	0.00959	0.00909	0.01775	0.02607	0.03516	0.33991	0.13331	0.21448	0.08288	0.01658	0.00415	0.00570	0.02061	0.01048	0.00922
31	0.02984	0.02072	0.03469	0.15625	0.18692	0.02077	0.08700	0.03537	0.02452	0.18663	0.02748	0.03391	0.02094	0.07067	0.01500	0.00400	0.01230	0.01073	0.00753	0.01474
32	0.03683	0.02676	0.10136	0.02113	0.02955	0.07314	0.01899	0.09189	0.02948	0.29257	0.03378	0.08258	0.02529	0.01373	0.01044	0.00316	0.01081	0.01110	0.00997	0.07742
33	0.02276	0.01398	0.01727	0.01571	0.02004	0.01293	0.01212	0.02893	0.07564	0.14078	0.15392	0.14044	0.12077	0.05574	0.01423	0.00388	0.00730	0.05961	0.01040	0.07356
34	0.08535	0.02474	0.04619	0.08660	0.04660	0.02540	0.31174	0.03369	0.07361	0.03475	0.02479	0.03508	0.02030	0.01186	0.01326	0.00371	0.05480	0.04784	0.00621	0.01349
35	0.02203	0.14452	0.14588	0.21821	0.04434	0.02525	0.02459	0.03119	0.06948	0.03179	0.05937	0.03044	0.02274	0.01145	0.00957	0.00313	0.01183	0.00930	0.07181	0.01306
36	0.03557	0.08329	0.03040	0.02415	0.07571	0.02080	0.04960	0.04378	0.10382	0.30037	0.04218	0.03954	0.07585	0.01358	0.01054	0.00325	0.00968	0.01145	0.01033	0.01612
37	0.02965	0.02411	0.03007	0.09458	0.03565	0.06732	0.06500	0.14442	0.11194	0.09481	0.02773	0.03130	0.02120	0.02329	0.10430	0.00560	0.05614	0.01034	0.00809	0.01445
38	0.02187	0.02291	0.07949	0.02697	0.11961	0.01714	0.04656	0.02752	0.02234	0.03362	0.02297	0.08119	0.02091	0.01083	0.00930	0.00238	0.00977	0.00960	0.00621	0.40880

[dist]
# distance from previous block
# <min> <max>
0	56

[block]
# block no. 1 follows, 13 sequences, length 27
# corresponding to MSA columns:
# 1368-1394
name=unknown_B
#
# <colnr> <probs for GDERKNQSTAVLIFYWHMCP>
#	G	D	E	R	K	N	Q	S	T	A	V	L	I	F	Y	W	H	M	C	P
0	0.02779	0.11886	0.02780	0.01823	0.02579	0.02238	0.01505	0.04021	0.18962	0.11955	0.06864	0.03304	0.02837	0.01192	0.00937	0.00271	0.00854	0.00959	0.00886	0.21367
1	0.01661	0.01195	0.01343	0.01228	0.01551	0.01045	0.00863	0.01897	0.02185	0.05473	0.11527	0.07531	0.24388	0.22223	0.02548	0.00549	0.00743	0.01709	0.00859	0.09481
2	0.07411	0.12571	0.14136	0.08423	0.04050	0.07792	0.13876	0.03317	0.05371	0.03346	0.07579	0.02971	0.02407	0.01120	0.01014	0.00320	0.01356	0.00988	0.00605	0.01347
3	0.01534	0.01066	0.01348	0.01282	0.01496	0.01001	0.00930	0.01962	0.02735	0.03911	0.44781	0.07493	0.08621	0.10661	0.01796	0.00424	0.00573	0.01797	0.05642	0.00946
4	0.01620	0.01281	0.01771	0.02022	0.09272	0.01196	0.01287	0.02104	0.02828	0.03934	0.41757	0.07475	0.15282	0.02062	0.01219	0.00333	0.00611	0.01820	0.01048	0.01078
5	0.02553	0.01913	0.02716	0.21804	0.08068	0.01830	0.02013	0.03104	0.02311	0.11491	0.02242	0.02653	0.01684	0.00969	0.00938	0.00261	0.01047	0.00823	0.00672	0.30910
6	0.01318	0.00943	0.01253	0.01452	0.01540	0.00878	0.00984	0.01546	0.02161	0.02916	0.12863	0.54497	0.07414	0.03150	0.01335	0.00416	0.00597	0.02851	0.01007	0.00878
7	0.02333	0.02070	0.02855	0.30299	0.07407	0.05494	0.02364	0.03264	0.10106	0.05826	0.02463	0.03124	0.01934	0.02148	0.09343	0.00543	0.05526	0.00997	0.00627	0.01277
8	0.02376	0.02370	0.02588	0.27841	0.04461	0.14666	0.02096	0.02759	0.02155	0.02587	0.02093	0.03260	0.01851	0.10029	0.01987	0.05453	0.04783	0.00966	0.04633	0.01046
9	0.02123	0.02571	0.13442	0.30667	0.05176	0.02277	0.02640	0.03373	0.12824	0.03331	0.05161	0.03255	0.02273	0.01189	0.01041	0.00343	0.01222	0.01012	0.04747	0.01332
10	0.10816	0.09852	0.03073	0.13550	0.03581	0.02736	0.02010	0.06431	0.09653	0.11763	0.02413	0.02707	0.01833	0.01297	0.01465	0.00351	0.13437	0.00902	0.00737	0.01393
11	0.01362	0.00942	0.01290	0.01487	0.01556	0.00913	0.01011	0.01507	0.01931	0.02594	0.05147	0.50668	0.06064	0.03827	0.07583	0.06906	0.00873	0.02618	0.00890	0.00831
12	0.02866	0.01700	0.02042	0.01725	0.02251	0.01667	0.01360	0.15109	0.03306	0.17532	0.18942	0.12304	0.10853	0.01927	0.01168	0.00342	0.00779	0.01634	0.01132	0.01364
13	0.02011	0.11308	0.03493	0.16720	0.06574	0.02177	0.11527	0.02526	0.02245	0.02948	0.06930	0.20060	0.03681	0.01725	0.01132	0.00352	0.01135	0.01605	0.00680	0.01172
14	0.02952	0.02016	0.02382	0.01750	0.02653	0.01702	0.01419	0.10215	0.02748	0.14419	0.02423	0.02518	0.01805	0.00955	0.00877	0.00213	0.00860	0.00758	0.00821	0.46514
15	0.16496	0.04311	0.34605	0.03147	0.11252	0.06229	0.03113	0.03343	0.02218	0.03602	0.01804	0.02158	0.01348	0.00997	0.00934	0.00326	0.01388	0.00754	0.00507	0.01469
16	0.02165	0.01984	0.02479	0.27989	0.04448	0.07826	0.02063	0.02928	0.10059	0.02830	0.02830	0.12146	0.02607	0.01837	0.01528	0.10077	0.01181	0.01269	0.00648	0.01106
17	0.01510	0.01133	0.01699	0.01699	0.01888	0.01322	0.01322	0.01888	0.01699	0.02454	0.02832	0.04154	0.02643	0.07930	0.58652	0.01699	0.02832	0.01133	0.00566	0.00944
18	0.02192	0.01938	0.02583	0.13863	0.08424	0.01701	0.01776	0.02724	0.02197	0.03296	0.01889	0.02358	0.01544	0.00853	0.00863	0.00211	0.00953	0.00719	0.00585	0.49333
19	0.01869	0.01470	0.02269	0.32341	0.04508	0.01699	0.01970	0.02375	0.02241	0.03133	0.13635	0.04121	0.03489	0.01593	0.01369	0.07517	0.01021	0.01153	0.11192	0.01033
20	0.02421	0.01396	0.01647	0.01508	0.01817	0.01397	0.01096	0.10137	0.02515	0.11023	0.03833	0.17635	0.03732	0.15278	0.02189	0.04649	0.00823	0.01571	0.14244	0.01090
21	0.02532	0.02210	0.02512	0.11163	0.03452	0.02586	0.01869	0.05166	0.46244	0.04156	0.03928	0.03770	0.02946	0.01376	0.01073	0.00358	0.00926	0.01156	0.00982	0.01596
22	0.01486	0.01060	0.01342	0.01465	0.01672	0.00988	0.01130	0.01690	0.02178	0.02759	0.06789	0.20311	0.22404	0.03036	0.01780	0.11085	0.00743	0.16343	0.00898	0.00843
23	0.01788	0.01214	0.01662	0.10539	0.02536	0.01192	0.01317	0.02144	0.02374	0.08653	0.14450	0.28752	0.14411	0.02449	0.01240	0.00378	0.00734	0.02164	0.00968	0.01035
24	0.35084	0.01959	0.02237	0.22692	0.04008	0.02215	0.01809	0.02892	0.01974	0.03805	0.01682	0.02189	0.01306	0.00978	0.00820	0.00310	0.01026	0.00713	0.00583	0.11718
25	0.02732	0.02869	0.05764	0.04143	0.05178	0.02768	0.44597	0.11032	0.02879	0.03895	0.02201	0.02803	0.01634	0.00950	0.01218	0.00350	0.01687	0.01202	0.00616	0.01484
26	0.03289	0.01577	0.02052	0.01699	0.02294	0.01380	0.01349	0.03638	0.02521	0.30296	0.03852	0.05208	0.03185	0.13547	0.01924	0.00460	0.00917	0.07871	0.01024	0.11916

[dist]
# distance from previous block
# <min> <max>
0	1

[block]
# block no. 2 follows, 13 sequences, length 34
# corresponding to MSA columns:
# 1396-1429
name=unknown_C
#
# <colnr> <probs for GDERKNQSTAVLIFYWHMCP>
#	G	D	E	R	K	N	Q	S	T	A	V	L	I	F	Y	W	H	M	C	P
0	0.62070	0.02025	0.01749	0.08497	0.02677	0.02369	0.01361	0.03059	0.01837	0.04497	0.01521	0.01850	0.01177	0.00991	0.00703	0.00330	0.00889	0.00617	0.00632	0.01149
1	0.14107	0.02503	0.02991	0.02315	0.03098	0.02667	0.07780	0.29693	0.03738	0.08891	0.03387	0.03411	0.08049	0.01345	0.01039	0.00329	0.01092	0.01084	0.00938	0.01543
2	0.02547	0.01466	0.01943	0.08620	0.02651	0.01417	0.01410	0.03176	0.06249	0.19324	0.23663	0.06112	0.13440	0.01809	0.01159	0.00339	0.00755	0.01547	0.01088	0.01283
3	0.06401	0.09077	0.02875	0.10063	0.06629	0.01944	0.06420	0.02712	0.02256	0.09065	0.09102	0.12871	0.03624	0.05721	0.01575	0.05337	0.01017	0.01390	0.00754	0.01166
4	0.01483	0.01070	0.01360	0.01424	0.01638	0.00959	0.01000	0.01780	0.02234	0.03156	0.14257	0.40974	0.06581	0.02652	0.01220	0.00366	0.00605	0.02378	0.05712	0.09150
5	0.33435	0.01959	0.02134	0.08733	0.02965	0.02108	0.01549	0.03987	0.06844	0.22580	0.02704	0.02697	0.01869	0.01144	0.00881	0.00333	0.00919	0.00841	0.00896	0.01422
6	0.01968	0.01244	0.01819	0.08666	0.02400	0.01338	0.01370	0.02083	0.01967	0.07299	0.09163	0.14849	0.03821	0.03188	0.07756	0.22914	0.05074	0.01463	0.00726	0.00893
7	0.10621	0.10128	0.38559	0.02718	0.04025	0.02560	0.06357	0.03431	0.02245	0.07191	0.01980	0.02255	0.01424	0.01006	0.00951	0.00324	0.01400	0.00786	0.00538	0.01500
8	0.27711	0.01885	0.02139	0.01709	0.02470	0.01841	0.01411	0.04436	0.02596	0.38681	0.03226	0.02940	0.02102	0.01194	0.00920	0.00327	0.00871	0.00891	0.01079	0.01570
9	0.01487	0.08498	0.01745	0.01454	0.01668	0.01276	0.01062	0.01727	0.02169	0.02826	0.10221	0.44044	0.12288	0.02847	0.01248	0.00388	0.00657	0.02525	0.00934	0.00935
10	0.02576	0.09396	0.02960	0.19869	0.03968	0.02493	0.01994	0.15391	0.07287	0.03711	0.02577	0.08388	0.02248	0.01697	0.01462	0.09762	0.01121	0.01113	0.00717	0.01270
11	0.10917	0.02373	0.03966	0.03207	0.07323	0.02344	0.22065	0.08002	0.06417	0.13807	0.02874	0.07005	0.02250	0.01223	0.01109	0.00347	0.01267	0.01206	0.00807	0.01490
12	0.01824	0.01151	0.01492	0.05438	0.01882	0.01161	0.01028	0.02005	0.01903	0.07577	0.06665	0.16123	0.04369	0.33757	0.08356	0.00824	0.01093	0.01702	0.00777	0.00873
13	0.02274	0.01449	0.02027	0.13753	0.03049	0.01481	0.01549	0.02940	0.06088	0.13797	0.28199	0.09294	0.06174	0.01798	0.01168	0.00344	0.00793	0.01574	0.01029	0.01221
14	0.02192	0.01879	0.02192	0.01566	0.02506	0.01409	0.01253	0.02662	0.02192	0.03445	0.01879	0.02192	0.01566	0.00783	0.00783	0.00157	0.00783	0.00626	0.00626	0.69305
15	0.02734	0.19013	0.24214	0.02926	0.08681	0.02821	0.06195	0.03711	0.06885	0.09706	0.02298	0.02490	0.01713	0.01040	0.00956	0.00308	0.01296	0.00844	0.00620	0.01550
16	0.01482	0.01070	0.01400	0.01340	0.01576	0.00988	0.00996	0.01959	0.02925	0.04132	0.52199	0.11695	0.09768	0.02242	0.01254	0.00339	0.00507	0.01989	0.01151	0.00988
17	0.01570	0.01048	0.01281	0.01304	0.01348	0.01070	0.00836	0.01628	0.01630	0.02187	0.03393	0.06844	0.03792	0.47176	0.10892	0.05476	0.01216	0.05963	0.00652	0.00694
18	0.01429	0.01066	0.01253	0.01213	0.01444	0.00971	0.00863	0.01752	0.02510	0.03357	0.30897	0.08399	0.22879	0.14932	0.02107	0.00484	0.00620	0.01933	0.00999	0.00891
19	0.02827	0.63478	0.05540	0.01809	0.02714	0.04184	0.01809	0.03166	0.02148	0.02488	0.01470	0.01696	0.01357	0.00905	0.00678	0.00226	0.01131	0.00565	0.00452	0.01357
20	0.02630	0.02271	0.02391	0.02152	0.02749	0.02630	0.01674	0.05618	0.54336	0.04423	0.04303	0.03945	0.03228	0.01434	0.01076	0.00359	0.00837	0.01195	0.01076	0.01674
21	0.02209	0.01786	0.01974	0.01769	0.02242	0.01925	0.01371	0.08354	0.25883	0.04389	0.22597	0.05903	0.11574	0.01815	0.01153	0.00346	0.00716	0.01541	0.01093	0.01361
22	0.70310	0.02045	0.01554	0.01390	0.02045	0.02372	0.01145	0.03108	0.01799	0.04744	0.01472	0.01718	0.01145	0.00981	0.00654	0.00327	0.00818	0.00573	0.00654	0.01145
23	0.02341	0.01502	0.02145	0.01918	0.02014	0.01792	0.01473	0.02222	0.01654	0.08535	0.01955	0.02949	0.01773	0.02768	0.03545	0.37467	0.21592	0.00938	0.00560	0.00856
24	0.04744	0.01799	0.02454	0.01881	0.02699	0.01554	0.01554	0.05153	0.03026	0.56979	0.04171	0.03599	0.02617	0.01309	0.01063	0.00327	0.00900	0.01063	0.01309	0.01799
25	0.02011	0.01119	0.01357	0.01279	0.01391	0.01085	0.00798	0.02014	0.01723	0.09541	0.03271	0.06031	0.03441	0.47496	0.04644	0.08914	0.00995	0.01400	0.00711	0.00778
26	0.16721	0.01949	0.02098	0.01763	0.02469	0.01942	0.01423	0.03809	0.16478	0.10222	0.03078	0.03660	0.02484	0.01266	0.00933	0.00299	0.00837	0.05419	0.00868	0.22282
27	0.01514	0.01118	0.01625	0.01625	0.01788	0.01281	0.01229	0.01840	0.01677	0.02399	0.02900	0.04531	0.02807	0.15419	0.51386	0.01607	0.02586	0.01188	0.00577	0.00903
28	0.02192	0.01879	0.02192	0.01566	0.02506	0.01409	0.01253	0.02662	0.02192	0.03445	0.01879	0.02192	0.01566	0.00783	0.00783	0.00157	0.00783	0.00626	0.00626	0.69305
29	0.01405	0.00982	0.01251	0.01353	0.01460	0.00922	0.00909	0.01590	0.02130	0.02867	0.15870	0.34046	0.10269	0.13331	0.02185	0.04656	0.00673	0.02343	0.00929	0.00828
30	0.04031	0.01641	0.02169	0.01717	0.02404	0.01426	0.01380	0.04385	0.02813	0.45437	0.04857	0.04683	0.08961	0.07301	0.01494	0.00397	0.00869	0.01245	0.01207	0.01583
31	0.02022	0.01816	0.03048	0.49974	0.10016	0.02200	0.02732	0.02591	0.02052	0.02657	0.01882	0.02849	0.01476	0.01342	0.01401	0.08061	0.01344	0.00937	0.00472	0.01129
32	0.01520	0.01123	0.01594	0.05033	0.04903	0.01138	0.01222	0.01762	0.02027	0.02766	0.10464	0.31000	0.05468	0.10536	0.09785	0.04799	0.01050	0.02089	0.00821	0.00901
33	0.03782	0.01627	0.02142	0.01747	0.02365	0.01471	0.01377	0.04288	0.05871	0.40053	0.07545	0.08497	0.03590	0.08718	0.01602	0.00418	0.00864	0.01322	0.01183	0.01536

[dist]
# distance from previous block
# <min> <max>
0	3

[block]
# block no. 3 follows, 13 sequences, length 26
# corresponding to MSA columns:
# 1433-1458
name=unknown_D
#
# <colnr> <probs for GDERKNQSTAVLIFYWHMCP>
#	G	D	E	R	K	N	Q	S	T	A	V	L	I	F	Y	W	H	M	C	P
0	0.61730	0.02163	0.01764	0.01525	0.02204	0.02489	0.01257	0.09529	0.02210	0.04992	0.01610	0.01824	0.01230	0.01019	0.00707	0.00326	0.00863	0.00622	0.00707	0.01230
1	0.02888	0.01570	0.01747	0.01504	0.01990	0.01606	0.01189	0.09795	0.09479	0.15286	0.03593	0.03694	0.02642	0.01279	0.00890	0.00287	0.00706	0.01024	0.37486	0.01345
2	0.02359	0.02292	0.07575	0.31025	0.15751	0.02246	0.07139	0.03064	0.02358	0.07547	0.06331	0.03200	0.02244	0.01123	0.01083	0.00340	0.01310	0.01041	0.00608	0.01362
3	0.01650	0.01274	0.01529	0.01431	0.01751	0.01251	0.01083	0.02526	0.11310	0.04091	0.41468	0.07547	0.14806	0.02110	0.01219	0.00340	0.00559	0.01836	0.01126	0.01095
4	0.03360	0.01493	0.02010	0.01646	0.02222	0.01317	0.01317	0.03807	0.03012	0.34498	0.26131	0.05431	0.05754	0.01672	0.01142	0.00329	0.00729	0.01425	0.01247	0.01458
5	0.03976	0.01867	0.02282	0.01801	0.02498	0.01796	0.01471	0.14698	0.03262	0.34527	0.03664	0.03449	0.02463	0.01283	0.00990	0.00307	0.00866	0.01022	0.16158	0.01619
6	0.01510	0.01133	0.01699	0.01699	0.01888	0.01322	0.01322	0.01888	0.01699	0.02454	0.02832	0.04154	0.02643	0.07930	0.58652	0.01699	0.02832	0.01133	0.00566	0.00944
7	0.01591	0.01180	0.01495	0.01399	0.01678	0.01134	0.01054	0.02299	0.07292	0.04255	0.51386	0.07567	0.09411	0.02101	0.01233	0.00335	0.00527	0.01852	0.01157	0.01054
8	0.02313	0.02313	0.03238	0.02776	0.02776	0.03238	0.02313	0.02545	0.01619	0.02545	0.01388	0.02313	0.01388	0.01851	0.03470	0.00463	0.60907	0.00925	0.00463	0.01157
9	0.01510	0.01133	0.01699	0.01699	0.01888	0.01322	0.01322	0.01888	0.01699	0.02454	0.02832	0.04154	0.02643	0.07930	0.58652	0.01699	0.02832	0.01133	0.00566	0.00944
10	0.02192	0.01879	0.02192	0.01566	0.02506	0.01409	0.01253	0.02662	0.02192	0.03445	0.01879	0.02192	0.01566	0.00783	0.00783	0.00157	0.00783	0.00626	0.00626	0.69305
11	0.02630	0.02271	0.02391	0.02152	0.02749	0.02630	0.01674	0.05618	0.54336	0.04423	0.04303	0.03945	0.03228	0.01434	0.01076	0.00359	0.00837	0.01195	0.01076	0.01674
12	0.01342	0.01075	0.01200	0.01168	0.01485	0.00932	0.00876	0.01697	0.02629	0.03376	0.27602	0.09320	0.38602	0.02484	0.01249	0.00348	0.00522	0.02112	0.01050	0.00932
13	0.04019	0.02962	0.03173	0.02433	0.03279	0.03279	0.02010	0.52721	0.04971	0.06663	0.02538	0.02538	0.01798	0.01269	0.01058	0.00317	0.01163	0.00952	0.01058	0.01798
14	0.03267	0.02581	0.02849	0.07386	0.03410	0.02929	0.01952	0.28846	0.25150	0.05389	0.03211	0.03145	0.02356	0.01319	0.01065	0.00337	0.01050	0.01052	0.01014	0.01692
15	0.02827	0.63478	0.05540	0.01809	0.02714	0.04184	0.01809	0.03166	0.02148	0.02488	0.01470	0.01696	0.01357	0.00905	0.00678	0.00226	0.01131	0.00565	0.00452	0.01357
16	0.01704	0.01217	0.01704	0.01947	0.02191	0.01217	0.01704	0.02191	0.02434	0.03164	0.05598	0.11926	0.06085	0.02921	0.01460	0.00487	0.00974	0.49130	0.00974	0.00974
17	0.01365	0.01103	0.01418	0.08931	0.02237	0.01065	0.01166	0.01649	0.02185	0.02760	0.07203	0.34399	0.25127	0.02775	0.01273	0.00391	0.00686	0.02439	0.00915	0.00913
18	0.16352	0.07356	0.10586	0.02822	0.07159	0.02457	0.12498	0.07441	0.02611	0.17134	0.02451	0.02609	0.01733	0.01060	0.00984	0.00325	0.01215	0.00915	0.00771	0.01522
19	0.02223	0.01873	0.03112	0.55492	0.06905	0.02284	0.02823	0.02903	0.02189	0.07169	0.02068	0.02883	0.01509	0.01078	0.01058	0.00350	0.01367	0.00950	0.00539	0.01226
20	0.01496	0.01081	0.01413	0.01330	0.01580	0.00998	0.00998	0.01995	0.02993	0.04240	0.55689	0.07898	0.09976	0.02162	0.01247	0.00333	0.00499	0.01912	0.01164	0.00998
21	0.02697	0.01993	0.07434	0.02461	0.06428	0.01676	0.08219	0.03167	0.06525	0.15198	0.02904	0.07179	0.02396	0.02136	0.02123	0.23282	0.01078	0.01148	0.00754	0.01201
22	0.03792	0.09997	0.03340	0.02698	0.09855	0.02740	0.01986	0.22684	0.07594	0.20166	0.02948	0.02863	0.02077	0.01206	0.01012	0.00312	0.01069	0.00954	0.00988	0.01718
23	0.41424	0.01975	0.02238	0.26301	0.04259	0.02362	0.01903	0.02936	0.01932	0.03880	0.01644	0.02183	0.01257	0.01013	0.00825	0.00338	0.01068	0.00728	0.00576	0.01158
24	0.03021	0.10027	0.03918	0.16386	0.08385	0.02875	0.09875	0.17755	0.06430	0.07506	0.02367	0.02710	0.01758	0.01106	0.01040	0.00323	0.01280	0.00968	0.00744	0.01525
25	0.03203	0.06417	0.02562	0.01900	0.02497	0.01612	0.05184	0.03607	0.02695	0.29249	0.11647	0.16725	0.04461	0.01804	0.01136	0.00344	0.00864	0.01583	0.01091	0.01416

[dist]
# distance from previous block
# <min> <max>
0	1

[block]
# block no. 4 follows, 13 sequences, length 37
# corresponding to MSA columns:
# 1460-1496
name=unknown_E
#
# <colnr> <probs for GDERKNQSTAVLIFYWHMCP>
#	G	D	E	R	K	N	Q	S	T	A	V	L	I	F	Y	W	H	M	C	P
0	0.02250	0.01603	0.01937	0.01903	0.02306	0.01695	0.01529	0.03597	0.21239	0.08631	0.09292	0.14178	0.05176	0.02219	0.01253	0.00405	0.00832	0.17604	0.01059	0.01291
1	0.01486	0.01123	0.01617	0.01609	0.01819	0.01254	0.01246	0.01865	0.01882	0.02655	0.08419	0.05034	0.08033	0.06931	0.48256	0.01454	0.02413	0.01302	0.00658	0.00944
2	0.03839	0.04602	0.02959	0.02646	0.03224	0.48521	0.02007	0.08832	0.07728	0.03127	0.01954	0.02146	0.01568	0.01137	0.00974	0.00284	0.01743	0.00752	0.00639	0.01318
3	0.03950	0.05039	0.02996	0.02724	0.03269	0.58597	0.02043	0.04222	0.02996	0.02588	0.01634	0.01907	0.01362	0.01090	0.00953	0.00272	0.01907	0.00681	0.00545	0.01226
4	0.03055	0.26382	0.04182	0.13174	0.03869	0.03237	0.05123	0.13964	0.05926	0.08227	0.02213	0.02453	0.01694	0.01076	0.00922	0.00294	0.01193	0.00840	0.00699	0.01477
5	0.08134	0.02874	0.18671	0.06276	0.03371	0.01972	0.02254	0.07359	0.02774	0.19455	0.12565	0.03708	0.03341	0.01330	0.01048	0.00331	0.01073	0.01082	0.00896	0.01485
6	0.02782	0.16061	0.10149	0.06400	0.03030	0.02414	0.01891	0.10291	0.02655	0.12076	0.03382	0.07821	0.06499	0.08283	0.01486	0.00394	0.01081	0.01170	0.00780	0.01355
7	0.01510	0.01164	0.01299	0.01256	0.01511	0.01104	0.00889	0.02003	0.06765	0.03161	0.20631	0.08172	0.25227	0.18050	0.02307	0.00524	0.00678	0.01875	0.00951	0.00923
8	0.04744	0.01799	0.02454	0.01881	0.02699	0.01554	0.01554	0.05153	0.03026	0.56979	0.04171	0.03599	0.02617	0.01309	0.01063	0.00327	0.00900	0.01063	0.01309	0.01799
9	0.16111	0.03208	0.15442	0.07565	0.13997	0.07348	0.02532	0.07077	0.02549	0.11371	0.02177	0.02440	0.01589	0.01061	0.00957	0.00323	0.01254	0.00828	0.00678	0.01494
10	0.03379	0.02656	0.02624	0.02113	0.02774	0.07591	0.01689	0.35477	0.04066	0.05344	0.03493	0.03765	0.08018	0.06148	0.01382	0.00368	0.01105	0.01118	0.05387	0.01504
11	0.02545	0.02087	0.02610	0.02430	0.10496	0.01859	0.01653	0.11348	0.02644	0.03882	0.02007	0.02394	0.01643	0.01113	0.01128	0.05525	0.00929	0.00752	0.00673	0.42281
12	0.01668	0.01065	0.01353	0.01387	0.01578	0.00980	0.00967	0.01930	0.02315	0.07624	0.18217	0.30651	0.11416	0.11594	0.01886	0.00478	0.00663	0.02279	0.01005	0.00944
13	0.01994	0.01771	0.02874	0.13815	0.25328	0.01832	0.02316	0.02476	0.02229	0.03048	0.03529	0.23379	0.03745	0.01906	0.01181	0.00372	0.01046	0.05197	0.00702	0.01261
14	0.03318	0.02641	0.02991	0.02776	0.08995	0.02939	0.02016	0.28718	0.24042	0.05426	0.03169	0.03099	0.02345	0.01297	0.01064	0.00333	0.01046	0.01046	0.01005	0.01735
15	0.12584	0.01715	0.02306	0.01990	0.02477	0.01737	0.07009	0.06270	0.06138	0.12590	0.03652	0.15712	0.03460	0.05717	0.01641	0.06277	0.00958	0.05675	0.00884	0.01207
16	0.02356	0.01249	0.01590	0.01474	0.01867	0.01100	0.01113	0.02680	0.02579	0.19384	0.14626	0.22908	0.18124	0.02365	0.01222	0.00365	0.00662	0.02051	0.01110	0.01174
17	0.02617	0.02512	0.04292	0.06490	0.56246	0.02512	0.03245	0.03245	0.02407	0.03454	0.01989	0.02617	0.01675	0.00942	0.01047	0.00314	0.01256	0.00942	0.00523	0.01675
18	0.01447	0.01090	0.01352	0.01452	0.01636	0.01046	0.01024	0.01952	0.06748	0.03223	0.17892	0.38708	0.12830	0.02813	0.01291	0.00393	0.00597	0.02510	0.01032	0.00964
19	0.02345	0.01217	0.01632	0.01554	0.01884	0.01097	0.01152	0.02677	0.02569	0.18845	0.18430	0.30936	0.06507	0.02429	0.01240	0.00374	0.00666	0.02155	0.01124	0.01168
20	0.01510	0.01133	0.01699	0.01699	0.01888	0.01322	0.01322	0.01888	0.01699	0.02454	0.02832	0.04154	0.02643	0.07930	0.58652	0.01699	0.02832	0.01133	0.00566	0.00944
21	0.01510	0.01133	0.01699	0.01699	0.01888	0.01322	0.01322	0.01888	0.01699	0.02454	0.02832	0.04154	0.02643	0.07930	0.58652	0.01699	0.02832	0.01133	0.00566	0.00944
22	0.08467	0.02087	0.03307	0.28253	0.05061	0.02467	0.10059	0.03091	0.07892	0.03151	0.02162	0.02884	0.01707	0.01673	0.05607	0.00465	0.08856	0.00994	0.00571	0.01247
23	0.03118	0.01423	0.01858	0.01603	0.02132	0.01242	0.01251	0.03459	0.02694	0.31464	0.09464	0.17700	0.13969	0.02055	0.01173	0.00355	0.00742	0.01759	0.01167	0.01371
24	0.01462	0.00999	0.01193	0.01258	0.01294	0.00975	0.00765	0.01552	0.01784	0.02396	0.07837	0.22979	0.05199	0.41224	0.03916	0.00803	0.00868	0.01990	0.00777	0.00730
25	0.04404	0.01734	0.02370	0.01889	0.02642	0.01516	0.01571	0.04821	0.02960	0.50960	0.04331	0.04530	0.03005	0.01489	0.01108	0.00345	0.00908	0.06439	0.01271	0.01707
26	0.08567	0.01493	0.01853	0.06606	0.02438	0.01524	0.01362	0.08090	0.02698	0.11246	0.15697	0.24484	0.05456	0.02138	0.01165	0.00365	0.00776	0.01858	0.01003	0.01180
27	0.02252	0.01159	0.01586	0.01509	0.01774	0.01065	0.01101	0.02416	0.02340	0.15228	0.16742	0.21970	0.05540	0.02658	0.01900	0.16230	0.00721	0.01815	0.00980	0.01015
28	0.01510	0.01133	0.01699	0.01699	0.01888	0.01322	0.01322	0.01888	0.01699	0.02454	0.02832	0.04154	0.02643	0.07930	0.58652	0.01699	0.02832	0.01133	0.00566	0.00944
29	0.54710	0.01993	0.01820	0.05984	0.02550	0.02241	0.01347	0.03400	0.02017	0.12843	0.01930	0.02099	0.01398	0.01039	0.00750	0.00329	0.00876	0.00678	0.00744	0.01251
30	0.08872	0.01333	0.01718	0.01540	0.01896	0.01299	0.01158	0.02791	0.02198	0.18548	0.10137	0.07731	0.03657	0.08235	0.08580	0.16038	0.01053	0.01263	0.00876	0.01077
31	0.01861	0.01019	0.01115	0.01115	0.01362	0.01003	0.00852	0.02355	0.02382	0.03949	0.13727	0.05231	0.04340	0.01522	0.00885	0.00279	0.00525	0.04308	0.51182	0.00987
32	0.70310	0.02045	0.01554	0.01390	0.02045	0.02372	0.01145	0.03108	0.01799	0.04744	0.01472	0.01718	0.01145	0.00981	0.00654	0.00327	0.00818	0.00573	0.00654	0.01145
33	0.15869	0.01811	0.02403	0.19830	0.03892	0.01911	0.01848	0.03819	0.02457	0.26624	0.02907	0.03032	0.01976	0.01164	0.00962	0.00329	0.01013	0.00928	0.05798	0.01425
34	0.02300	0.01673	0.01655	0.01531	0.01829	0.07663	0.01120	0.06057	0.02493	0.07500	0.11927	0.08706	0.04202	0.15154	0.06381	0.00564	0.01032	0.01369	0.15793	0.01050
35	0.03259	0.01781	0.02103	0.01745	0.02344	0.01763	0.01368	0.07202	0.15049	0.23876	0.03752	0.03946	0.02795	0.08172	0.01483	0.00389	0.00847	0.01101	0.11080	0.05944
36	0.03483	0.07870	0.03709	0.08203	0.07541	0.06547	0.11331	0.07372	0.06796	0.22022	0.02903	0.02982	0.02039	0.01137	0.01054	0.00323	0.01243	0.01008	0.00865	0.01572

[dist]
# distance from previous block
# <min> <max>
0	13

[block]
# block no. 5 follows, 13 sequences, length 20
# corresponding to MSA columns:
# 1510-1529
name=unknown_F
#
# <colnr> <probs for GDERKNQSTAVLIFYWHMCP>
#	G	D	E	R	K	N	Q	S	T	A	V	L	I	F	Y	W	H	M	C	P
0	0.02074	0.01156	0.01465	0.01354	0.01673	0.01068	0.01026	0.02531	0.02749	0.12087	0.32426	0.11118	0.07055	0.01934	0.01120	0.00322	0.00569	0.01681	0.15486	0.01105
1	0.01956	0.01356	0.01642	0.01498	0.01871	0.01328	0.01146	0.02869	0.12173	0.08704	0.37036	0.07062	0.13144	0.02013	0.01201	0.00339	0.00598	0.01744	0.01141	0.01177
2	0.02410	0.01315	0.01778	0.01774	0.02152	0.01249	0.01501	0.02881	0.02612	0.15821	0.10553	0.08807	0.05392	0.02306	0.01277	0.00410	0.00859	0.28309	0.07423	0.01169
3	0.01822	0.01135	0.01466	0.01347	0.01646	0.01045	0.01023	0.02312	0.02927	0.08807	0.46541	0.07171	0.08687	0.02004	0.01186	0.00324	0.00533	0.01756	0.07202	0.01066
4	0.03950	0.05039	0.02996	0.02724	0.03269	0.58597	0.02043	0.04222	0.02996	0.02588	0.01634	0.01907	0.01362	0.01090	0.00953	0.00272	0.01907	0.00681	0.00545	0.01226
5	0.04019	0.02962	0.03173	0.02433	0.03279	0.03279	0.02010	0.52721	0.04971	0.06663	0.02538	0.02538	0.01798	0.01269	0.01058	0.00317	0.01163	0.00952	0.01058	0.01798
6	0.03867	0.02886	0.03087	0.02402	0.03221	0.03208	0.01973	0.47561	0.10379	0.06418	0.02732	0.02693	0.01955	0.01287	0.01060	0.00322	0.01128	0.00979	0.01060	0.01784
7	0.01837	0.00918	0.01377	0.01377	0.01377	0.00918	0.00918	0.01377	0.01377	0.01837	0.01837	0.03214	0.01837	0.03673	0.04132	0.69238	0.00918	0.00918	0.00459	0.00459
8	0.02630	0.02271	0.02391	0.02152	0.02749	0.02630	0.01674	0.05618	0.54336	0.04423	0.04303	0.03945	0.03228	0.01434	0.01076	0.00359	0.00837	0.01195	0.01076	0.01674
9	0.02331	0.02258	0.08038	0.32417	0.17622	0.02199	0.02806	0.02994	0.02265	0.07663	0.02447	0.07903	0.02052	0.01242	0.01076	0.00346	0.01274	0.01115	0.00597	0.01354
10	0.13766	0.15544	0.03240	0.14724	0.03705	0.08779	0.01931	0.06796	0.02568	0.16103	0.02288	0.02474	0.01664	0.01089	0.00903	0.00304	0.01176	0.00804	0.00740	0.01403
11	0.02313	0.02313	0.03238	0.02776	0.02776	0.03238	0.02313	0.02545	0.01619	0.02545	0.01388	0.02313	0.01388	0.01851	0.03470	0.00463	0.60907	0.00925	0.00463	0.01157
12	0.01295	0.01046	0.01152	0.01182	0.01470	0.00903	0.00865	0.01585	0.02435	0.03048	0.16975	0.18824	0.40108	0.02706	0.01267	0.00366	0.00543	0.02315	0.01011	0.00903
13	0.02840	0.16563	0.04248	0.16160	0.04429	0.02711	0.14318	0.06752	0.02610	0.11509	0.05795	0.02999	0.02222	0.01107	0.01028	0.00316	0.01280	0.01011	0.00696	0.01406
14	0.08752	0.06551	0.06608	0.26390	0.04768	0.07284	0.02346	0.06675	0.05690	0.11551	0.02338	0.02702	0.01695	0.01115	0.00987	0.00328	0.01264	0.00886	0.00692	0.01380
15	0.01285	0.00934	0.01212	0.01435	0.01524	0.00862	0.00965	0.01476	0.02060	0.02714	0.06285	0.57279	0.11571	0.03253	0.01340	0.00423	0.00606	0.02933	0.00982	0.00862
16	0.01837	0.00918	0.01377	0.01377	0.01377	0.00918	0.00918	0.01377	0.01377	0.01837	0.01837	0.03214	0.01837	0.03673	0.04132	0.69238	0.00918	0.00918	0.00459	0.00459
17	0.19629	0.01456	0.01816	0.15349	0.02920	0.01652	0.01415	0.02166	0.01686	0.02830	0.01978	0.03292	0.01859	0.11310	0.02687	0.24627	0.01025	0.00927	0.00540	0.00835
18	0.14212	0.01662	0.02122	0.05678	0.02600	0.01724	0.04714	0.06025	0.06128	0.09747	0.14630	0.17989	0.04804	0.01871	0.01111	0.00358	0.00837	0.01626	0.00947	0.01216
19	0.12735	0.14745	0.02705	0.05411	0.02455	0.02348	0.01463	0.02938	0.06568	0.07591	0.02357	0.03323	0.02114	0.12508	0.02305	0.09565	0.06162	0.00941	0.00649	0.01116

[dist]
# distance from previous block
# <min> <max>
1	22

[block]
# block no. 6 follows, 13 sequences, length 21
# corresponding to MSA columns:
# 1552-1572
name=unknown_G
#
# <colnr> <probs for GDERKNQSTAVLIFYWHMCP>
#	G	D	E	R	K	N	Q	S	T	A	V	L	I	F	Y	W	H	M	C	P
0	0.02240	0.01538	0.02270	0.18414	0.08300	0.01577	0.01809	0.02715	0.02480	0.12543	0.13028	0.12641	0.12504	0.01824	0.01157	0.00352	0.00914	0.01596	0.00884	0.01214
1	0.01489	0.01157	0.01605	0.10744	0.02460	0.01160	0.01284	0.01903	0.02501	0.03393	0.27632	0.24061	0.11845	0.02388	0.01249	0.00368	0.00683	0.02124	0.00980	0.00973
2	0.01496	0.01081	0.01413	0.01330	0.01580	0.00998	0.00998	0.01995	0.02993	0.04240	0.55689	0.07898	0.09976	0.02162	0.01247	0.00333	0.00499	0.01912	0.01164	0.00998
3	0.01510	0.01133	0.01699	0.01699	0.01888	0.01322	0.01322	0.01888	0.01699	0.02454	0.02832	0.04154	0.02643	0.07930	0.58652	0.01699	0.02832	0.01133	0.00566	0.00944
4	0.02192	0.01879	0.02192	0.01566	0.02506	0.01409	0.01253	0.02662	0.02192	0.03445	0.01879	0.02192	0.01566	0.00783	0.00783	0.00157	0.00783	0.00626	0.00626	0.69305
5	0.02192	0.01879	0.02192	0.01566	0.02506	0.01409	0.01253	0.02662	0.02192	0.03445	0.01879	0.02192	0.01566	0.00783	0.00783	0.00157	0.00783	0.00626	0.00626	0.69305
6	0.01814	0.01017	0.01127	0.01100	0.01347	0.00989	0.00825	0.02308	0.02474	0.04041	0.20768	0.05253	0.05119	0.01540	0.00907	0.00275	0.00495	0.01293	0.46318	0.00989
7	0.03091	0.49743	0.04942	0.02024	0.02844	0.16973	0.01864	0.03414	0.02348	0.02511	0.01509	0.01746	0.01358	0.00948	0.00743	0.00237	0.01313	0.00593	0.00474	0.01326
8	0.01949	0.01556	0.01803	0.01658	0.02046	0.01649	0.01267	0.03441	0.23477	0.04313	0.35188	0.06321	0.07284	0.01871	0.01179	0.00343	0.00634	0.01626	0.01129	0.01267
9	0.03302	0.03245	0.18648	0.11995	0.04181	0.02500	0.02607	0.19532	0.03273	0.16388	0.02613	0.02735	0.01786	0.01167	0.01044	0.00330	0.01260	0.00926	0.00841	0.01628
10	0.10908	0.20665	0.12683	0.02146	0.03044	0.02960	0.02105	0.11491	0.02711	0.14247	0.02238	0.02340	0.01650	0.01134	0.01061	0.00307	0.05273	0.00787	0.00740	0.01511
11	0.01322	0.00946	0.01257	0.01449	0.01541	0.00881	0.00984	0.01556	0.02180	0.02946	0.13831	0.53443	0.07472	0.03128	0.01333	0.00414	0.00595	0.02830	0.01011	0.00881
12	0.02690	0.03139	0.17207	0.03100	0.07367	0.02410	0.13094	0.11691	0.08705	0.07677	0.02958	0.09836	0.02468	0.01364	0.01121	0.00349	0.01281	0.01250	0.00766	0.01526
13	0.02840	0.09022	0.03211	0.06039	0.11918	0.02341	0.04967	0.06648	0.13557	0.12859	0.03450	0.12541	0.02973	0.01509	0.01076	0.00339	0.01023	0.01324	0.00871	0.01494
14	0.01526	0.01201	0.01696	0.02205	0.10263	0.01146	0.01290	0.01768	0.02065	0.02761	0.05370	0.41608	0.10207	0.09639	0.01750	0.00472	0.00756	0.02437	0.00869	0.00968
15	0.02288	0.01874	0.02179	0.01627	0.02445	0.01556	0.01298	0.08244	0.02637	0.03939	0.10591	0.03148	0.02942	0.01060	0.00889	0.00203	0.00781	0.00870	0.00762	0.50670
16	0.01498	0.01190	0.01704	0.02241	0.10306	0.01127	0.01328	0.01761	0.02121	0.02835	0.05660	0.47822	0.10624	0.02874	0.01292	0.00404	0.00709	0.02603	0.00908	0.00993
17	0.02751	0.31820	0.17828	0.02241	0.03254	0.03387	0.02339	0.09250	0.11137	0.03500	0.02169	0.02300	0.01713	0.01059	0.00870	0.00286	0.01195	0.00768	0.00623	0.01511
18	0.08523	0.09544	0.11991	0.35125	0.05576	0.02640	0.02737	0.06286	0.02302	0.03237	0.01843	0.02477	0.01394	0.01039	0.00969	0.00331	0.01331	0.00839	0.00521	0.01297
19	0.02503	0.02206	0.03280	0.28300	0.17660	0.02382	0.02583	0.10855	0.02656	0.03642	0.02011	0.02621	0.01562	0.01018	0.01009	0.00305	0.01229	0.00890	0.00603	0.12684
20	0.08170	0.01490	0.01731	0.05989	0.02312	0.01554	0.01301	0.11020	0.02607	0.03632	0.05318	0.32990	0.12931	0.02457	0.01195	0.00382	0.00779	0.02130	0.00927	0.01085

[dist]
# distance from previous block
# <min> <max>
0	64

[block]
# block no. 7 follows, 13 sequences, length 30
# corresponding to MSA columns:
# 1637-1666
name=unknown_H
#
# <colnr> <probs for GDERKNQSTAVLIFYWHMCP>
#	G	D	E	R	K	N	Q	S	T	A	V	L	I	F	Y	W	H	M	C	P
0	0.02907	0.10853	0.03742	0.03992	0.27065	0.02578	0.02366	0.08075	0.06750	0.08531	0.02332	0.02614	0.01835	0.01016	0.00962	0.00284	0.01096	0.00876	0.00692	0.11432
1	0.12162	0.02387	0.03222	0.13719	0.03961	0.02749	0.07630	0.15937	0.02763	0.04127	0.01919	0.02437	0.01504	0.01233	0.01520	0.00348	0.14056	0.00898	0.00668	0.06760
2	0.01562	0.01231	0.01565	0.01716	0.05543	0.01100	0.01104	0.01834	0.02155	0.02923	0.09557	0.27204	0.14522	0.11170	0.01801	0.00446	0.00720	0.02066	0.00862	0.10918
3	0.01964	0.01525	0.02138	0.12466	0.03016	0.01769	0.01662	0.09359	0.02235	0.03076	0.02656	0.03898	0.02392	0.10106	0.35540	0.01199	0.02186	0.01104	0.00626	0.01085
4	0.01838	0.01100	0.01439	0.01463	0.01705	0.00997	0.01054	0.02141	0.02446	0.10952	0.18672	0.35748	0.10991	0.02679	0.01274	0.00384	0.00619	0.02385	0.01075	0.01033
5	0.01424	0.01066	0.01322	0.01284	0.01542	0.00963	0.00953	0.01846	0.02784	0.03805	0.41566	0.12817	0.19997	0.02371	0.01256	0.00346	0.00516	0.02073	0.01108	0.00963
6	0.04124	0.02794	0.03069	0.02353	0.03195	0.03029	0.01944	0.45843	0.04690	0.13939	0.02775	0.02692	0.01917	0.01275	0.01059	0.00319	0.01125	0.00968	0.01094	0.01798
7	0.01443	0.01054	0.01356	0.01332	0.01560	0.00967	0.00979	0.01873	0.02791	0.03882	0.44089	0.16727	0.13227	0.02387	0.01264	0.00350	0.00520	0.02112	0.01120	0.00967
8	0.35227	0.02271	0.02094	0.01745	0.02457	0.08224	0.01417	0.04097	0.02451	0.26627	0.02633	0.02535	0.01792	0.01132	0.00860	0.00321	0.00973	0.00792	0.00919	0.01431
9	0.02496	0.02852	0.06239	0.04456	0.05526	0.02674	0.52406	0.03387	0.02496	0.03387	0.02139	0.02852	0.01604	0.00891	0.01248	0.00357	0.01783	0.01248	0.00535	0.01426
10	0.01538	0.01025	0.01153	0.01153	0.01153	0.01025	0.00641	0.01538	0.01538	0.02050	0.03331	0.06919	0.03844	0.62842	0.05382	0.01025	0.01025	0.01538	0.00641	0.00641
11	0.01997	0.01879	0.03171	0.60301	0.07282	0.02349	0.02936	0.02701	0.02114	0.02701	0.01879	0.02819	0.01409	0.01057	0.01057	0.00352	0.01409	0.00940	0.00470	0.01175
12	0.02192	0.01879	0.02192	0.01566	0.02506	0.01409	0.01253	0.02662	0.02192	0.03445	0.01879	0.02192	0.01566	0.00783	0.00783	0.00157	0.00783	0.00626	0.00626	0.69305
13	0.02121	0.05469	0.57364	0.03014	0.04576	0.02455	0.03906	0.03348	0.02232	0.03348	0.01897	0.02232	0.01339	0.01005	0.01005	0.00335	0.01563	0.00781	0.00446	0.01563
14	0.02617	0.02512	0.04292	0.06490	0.56246	0.02512	0.03245	0.03245	0.02407	0.03454	0.01989	0.02617	0.01675	0.00942	0.01047	0.00314	0.01256	0.00942	0.00523	0.01675
15	0.03697	0.25156	0.03799	0.02246	0.02968	0.28894	0.01871	0.04018	0.02701	0.12488	0.02039	0.02141	0.01589	0.01064	0.00876	0.00266	0.01448	0.00710	0.00652	0.01377
16	0.02341	0.02394	0.03690	0.03029	0.03190	0.03153	0.09858	0.02671	0.01751	0.02671	0.01501	0.02394	0.01421	0.01706	0.03135	0.00447	0.52002	0.00974	0.00474	0.01197
17	0.02950	0.01782	0.02741	0.21058	0.11692	0.01831	0.02135	0.03472	0.02553	0.22186	0.08029	0.08899	0.03171	0.01435	0.01102	0.00343	0.01051	0.01260	0.00885	0.01423
18	0.01499	0.01125	0.01583	0.01924	0.06026	0.01074	0.01282	0.01825	0.02298	0.03116	0.14592	0.39412	0.06967	0.02850	0.01324	0.00412	0.00702	0.10047	0.00977	0.00968
19	0.02321	0.02573	0.05514	0.04025	0.04949	0.02411	0.44971	0.03110	0.02427	0.03287	0.02672	0.11427	0.02383	0.01241	0.01262	0.00367	0.01613	0.01502	0.00599	0.01344
20	0.01281	0.00948	0.01198	0.01399	0.01514	0.00865	0.00949	0.01480	0.02095	0.02728	0.06720	0.52657	0.15912	0.03197	0.01331	0.00416	0.00599	0.02864	0.00982	0.00865
21	0.02578	0.03374	0.25151	0.23192	0.05248	0.02266	0.05958	0.03451	0.02351	0.12918	0.02320	0.02726	0.01613	0.01072	0.01048	0.00341	0.01400	0.00916	0.00617	0.01460
22	0.04639	0.01967	0.02558	0.01961	0.02783	0.01803	0.01620	0.12031	0.03307	0.49703	0.03935	0.03445	0.02499	0.01303	0.01062	0.00326	0.00938	0.01047	0.01272	0.01799
23	0.01641	0.00969	0.01306	0.01339	0.01361	0.00974	0.00864	0.01479	0.01540	0.02067	0.02937	0.12472	0.03249	0.23321	0.08013	0.32797	0.01047	0.01419	0.00597	0.00607
24	0.04048	0.02033	0.03055	0.03389	0.20223	0.01868	0.02107	0.04528	0.02824	0.39462	0.03457	0.03277	0.02309	0.01189	0.01058	0.00323	0.01016	0.01024	0.01052	0.01759
25	0.02783	0.01469	0.02103	0.06267	0.06149	0.01391	0.01597	0.03164	0.02493	0.23115	0.04632	0.24434	0.04462	0.02183	0.01218	0.00387	0.00875	0.08939	0.01035	0.01305
26	0.03236	0.01464	0.01996	0.01781	0.02298	0.01316	0.01441	0.03626	0.02715	0.31880	0.08484	0.16366	0.04680	0.02077	0.01213	0.00380	0.00834	0.11651	0.01168	0.01395
27	0.02398	0.02289	0.03896	0.25484	0.38963	0.02455	0.03136	0.03053	0.02304	0.03189	0.01950	0.02688	0.01581	0.00983	0.01050	0.00328	0.01310	0.00941	0.00504	0.01498
28	0.02856	0.02233	0.03675	0.18107	0.18304	0.02328	0.10018	0.03842	0.09976	0.13730	0.02740	0.03084	0.02004	0.01105	0.01087	0.00339	0.01244	0.01048	0.00743	0.01536
