[name]
unknown

[dist]
# distance from previous block
# <min> <max>
0	143

[block]
# block no. 0 follows, 11 sequences, length 22
# corresponding to MSA columns:
# 238-259
name=unknown_A
#
# <colnr> <probs for GDERKNQSTAVLIFYWHMCP>
#	G	D	E	R	K	N	Q	S	T	A	V	L	I	F	Y	W	H	M	C	P
0	0.01456	0.01045	0.01381	0.01510	0.01651	0.00970	0.01051	0.01779	0.02547	0.03497	0.23937	0.40198	0.08652	0.03060	0.01395	0.00418	0.00607	0.02757	0.01119	0.00970
1	0.01610	0.01119	0.01409	0.01484	0.01581	0.01113	0.01019	0.01816	0.02063	0.02784	0.09946	0.17177	0.05682	0.31005	0.07839	0.00866	0.01096	0.08688	0.00857	0.00846
2	0.01987	0.01069	0.01164	0.01222	0.01462	0.01062	0.00932	0.02475	0.02364	0.03958	0.04208	0.11212	0.03790	0.01757	0.00945	0.00313	0.00597	0.06374	0.52077	0.01033
3	0.01400	0.01017	0.01321	0.01511	0.01631	0.00938	0.01032	0.01651	0.02337	0.03123	0.13349	0.48381	0.11559	0.03295	0.01412	0.00436	0.00629	0.02965	0.01073	0.00938
4	0.02462	0.02462	0.03447	0.02955	0.02955	0.03447	0.02462	0.02709	0.01724	0.02709	0.01477	0.02462	0.01477	0.01970	0.03694	0.00492	0.58385	0.00985	0.00492	0.01231
5	0.68395	0.02177	0.01654	0.01480	0.02177	0.02525	0.01219	0.03309	0.01915	0.05050	0.01567	0.01828	0.01219	0.01045	0.00697	0.00348	0.00871	0.00609	0.00697	0.01219
6	0.33804	0.01588	0.01338	0.01255	0.01725	0.01755	0.00993	0.02951	0.02148	0.04604	0.02665	0.03064	0.02088	0.01184	0.00744	0.00303	0.00690	0.00839	0.35131	0.01130
7	0.38882	0.02098	0.01958	0.01564	0.02396	0.02067	0.01270	0.03097	0.02102	0.04432	0.01761	0.02054	0.01419	0.00950	0.00758	0.00267	0.00854	0.00635	0.00683	0.30752
8	0.01701	0.01343	0.01987	0.01934	0.02113	0.01629	0.01522	0.02086	0.01800	0.02623	0.02847	0.04208	0.02668	0.07736	0.50285	0.01665	0.09049	0.01182	0.00591	0.01030
9	0.03300	0.02666	0.02827	0.02392	0.03118	0.03033	0.01903	0.20768	0.35788	0.05516	0.03945	0.03693	0.02921	0.01467	0.01139	0.00367	0.01008	0.01185	0.01139	0.01826
10	0.40007	0.02201	0.02169	0.01780	0.02558	0.02345	0.01469	0.09310	0.02735	0.21647	0.02653	0.02595	0.01820	0.01196	0.00890	0.00347	0.00942	0.00829	0.00977	0.01530
11	0.01371	0.00979	0.01306	0.01567	0.01632	0.00914	0.01045	0.01567	0.02155	0.02873	0.06203	0.59710	0.07444	0.03526	0.01437	0.00457	0.00653	0.03200	0.01045	0.00914
12	0.03388	0.02710	0.02877	0.02410	0.03151	0.03075	0.01924	0.23378	0.33034	0.05658	0.03833	0.03603	0.02830	0.01457	0.01138	0.00364	0.01029	0.01169	0.01138	0.01834
13	0.01920	0.00990	0.01440	0.01440	0.01440	0.00990	0.00945	0.01485	0.01485	0.01980	0.02131	0.03856	0.02191	0.10146	0.04546	0.59955	0.00990	0.01050	0.00510	0.00510
14	0.10933	0.02452	0.02835	0.02194	0.03060	0.02498	0.01812	0.23528	0.03949	0.29927	0.03441	0.03169	0.02272	0.01342	0.01087	0.00344	0.01065	0.01032	0.01215	0.01847
15	0.01695	0.01341	0.01788	0.07771	0.02548	0.01237	0.01342	0.02054	0.02307	0.03215	0.09349	0.35381	0.05785	0.02529	0.01254	0.00372	0.00776	0.02267	0.00918	0.16072
16	0.01698	0.01264	0.01513	0.01467	0.01704	0.01243	0.01041	0.02360	0.08168	0.03740	0.28581	0.12903	0.11255	0.15407	0.02304	0.00534	0.00712	0.01999	0.01070	0.01036
17	0.04264	0.01741	0.02360	0.01869	0.02602	0.01520	0.01520	0.04721	0.03213	0.42900	0.15447	0.04872	0.04568	0.01600	0.01176	0.00350	0.00861	0.01337	0.01358	0.01721
18	0.02938	0.03213	0.15589	0.12334	0.18103	0.02491	0.11962	0.03773	0.02607	0.12256	0.02510	0.02955	0.01821	0.01093	0.01150	0.00356	0.01475	0.01048	0.00677	0.01650
19	0.02747	0.03898	0.25732	0.11651	0.12203	0.02624	0.03290	0.07520	0.08023	0.07683	0.02547	0.02865	0.01851	0.01164	0.01102	0.00357	0.01419	0.00968	0.00685	0.01672
20	0.01462	0.01058	0.01349	0.01524	0.01654	0.00992	0.01068	0.01707	0.02268	0.02991	0.09962	0.39163	0.12367	0.09790	0.01918	0.00520	0.00727	0.07545	0.01017	0.00916
21	0.03011	0.02312	0.03808	0.22263	0.29011	0.02422	0.03001	0.03661	0.02590	0.13180	0.02529	0.03057	0.01886	0.01117	0.01121	0.00350	0.01316	0.01027	0.00700	0.01638

[dist]
# distance from previous block
# <min> <max>
0	11

[block]
# block no. 1 follows, 11 sequences, length 18
# corresponding to MSA columns:
# 271-288
name=unknown_B
#
# <colnr> <probs for GDERKNQSTAVLIFYWHMCP>
#	G	D	E	R	K	N	Q	S	T	A	V	L	I	F	Y	W	H	M	C	P
0	0.03154	0.26068	0.08880	0.02247	0.03171	0.03043	0.05483	0.04036	0.09189	0.13765	0.03558	0.03514	0.06700	0.01309	0.00997	0.00316	0.01147	0.01039	0.00817	0.01568
1	0.02690	0.02497	0.04083	0.15073	0.30091	0.02593	0.07180	0.08538	0.02830	0.03859	0.03034	0.03581	0.06459	0.01231	0.01157	0.00351	0.01336	0.01160	0.00659	0.01599
2	0.01747	0.01141	0.01481	0.01450	0.01692	0.01183	0.01106	0.02229	0.02444	0.03731	0.20309	0.05724	0.05515	0.04235	0.20978	0.00854	0.01429	0.01445	0.20269	0.01037
3	0.02327	0.14827	0.10965	0.28811	0.05629	0.02823	0.07036	0.03070	0.02397	0.03137	0.06554	0.03162	0.02326	0.01175	0.01071	0.00343	0.01409	0.01018	0.00566	0.01354
4	0.01917	0.01221	0.01538	0.01440	0.01781	0.01093	0.01086	0.02354	0.02963	0.09799	0.34161	0.13208	0.18297	0.02426	0.01316	0.00368	0.00600	0.02112	0.01198	0.01123
5	0.01535	0.01156	0.01463	0.01406	0.01689	0.01083	0.01062	0.01993	0.02858	0.03920	0.36637	0.08421	0.19221	0.03258	0.08728	0.00557	0.00876	0.02001	0.01109	0.01029
6	0.05050	0.01915	0.02612	0.02003	0.02873	0.01654	0.01654	0.05485	0.03221	0.54203	0.04440	0.03831	0.02786	0.01393	0.01132	0.00348	0.00958	0.01132	0.01393	0.01915
7	0.01952	0.01577	0.01920	0.01708	0.02315	0.01310	0.01385	0.02400	0.02425	0.03419	0.04851	0.11972	0.10593	0.02039	0.01173	0.00328	0.00842	0.14633	0.00864	0.32295
8	0.03009	0.61122	0.05898	0.01926	0.02889	0.04454	0.01926	0.03370	0.02287	0.02648	0.01565	0.01805	0.01444	0.00963	0.00722	0.00241	0.01204	0.00602	0.00481	0.01444
9	0.01499	0.01071	0.01452	0.01713	0.01834	0.01024	0.01266	0.01788	0.02281	0.03016	0.06133	0.46165	0.07166	0.03406	0.01471	0.00475	0.00763	0.15487	0.01042	0.00949
10	0.02126	0.02001	0.03376	0.57739	0.07752	0.02501	0.03126	0.02876	0.02251	0.02876	0.02001	0.03001	0.01500	0.01125	0.01125	0.00375	0.01500	0.01000	0.00500	0.01250
11	0.52350	0.02186	0.02005	0.01739	0.02360	0.02552	0.01436	0.03472	0.02036	0.10257	0.01878	0.02139	0.01430	0.01209	0.01151	0.00368	0.08667	0.00719	0.00747	0.01299
12	0.02462	0.02462	0.03447	0.02955	0.02955	0.03447	0.02462	0.02709	0.01724	0.02709	0.01477	0.02462	0.01477	0.01970	0.03694	0.00492	0.58385	0.00985	0.00492	0.01231
13	0.68395	0.02177	0.01654	0.01480	0.02177	0.02525	0.01219	0.03309	0.01915	0.05050	0.01567	0.01828	0.01219	0.01045	0.00697	0.00348	0.00871	0.00609	0.00697	0.01219
14	0.02258	0.03738	0.29821	0.08786	0.04144	0.02058	0.02979	0.03125	0.02379	0.07901	0.03361	0.17971	0.03173	0.01765	0.01180	0.00385	0.01310	0.01514	0.00714	0.01439
15	0.03512	0.02772	0.02946	0.02435	0.03198	0.03132	0.01954	0.27014	0.29198	0.05857	0.03677	0.03479	0.02703	0.01442	0.01136	0.00361	0.01058	0.01148	0.01136	0.01845
16	0.02450	0.09027	0.03822	0.12542	0.14767	0.02612	0.07622	0.06042	0.02656	0.03551	0.08055	0.04318	0.09430	0.01497	0.01383	0.00358	0.06486	0.01275	0.00703	0.01403
17	0.11113	0.02568	0.02715	0.02260	0.03014	0.02859	0.01816	0.19538	0.25563	0.11070	0.03618	0.03407	0.02621	0.01400	0.01086	0.00360	0.01007	0.01097	0.01115	0.01774

[dist]
# distance from previous block
# <min> <max>
0	16

[block]
# block no. 2 follows, 11 sequences, length 9
# corresponding to MSA columns:
# 305-313
name=unknown_C
#
# <colnr> <probs for GDERKNQSTAVLIFYWHMCP>
#	G	D	E	R	K	N	Q	S	T	A	V	L	I	F	Y	W	H	M	C	P
0	0.03117	0.27151	0.12029	0.02528	0.03584	0.06255	0.07862	0.06869	0.02693	0.07827	0.02106	0.02347	0.01649	0.01038	0.00938	0.00285	0.01339	0.00811	0.00642	0.08927
1	0.10252	0.20122	0.09805	0.02345	0.03209	0.16944	0.02139	0.04242	0.09689	0.07836	0.02353	0.02458	0.01825	0.01155	0.00934	0.00309	0.01372	0.00806	0.00705	0.01501
2	0.23415	0.27363	0.04001	0.02519	0.09989	0.03265	0.01896	0.03616	0.02324	0.09709	0.01990	0.02197	0.01584	0.01045	0.00820	0.00300	0.01091	0.00726	0.00668	0.01480
3	0.03752	0.02246	0.02991	0.02370	0.03131	0.02248	0.06479	0.14732	0.10480	0.23464	0.08199	0.07878	0.03586	0.01587	0.01191	0.00362	0.01047	0.01369	0.01177	0.01711
4	0.03169	0.45887	0.05142	0.02064	0.02980	0.04121	0.01940	0.10382	0.08440	0.03532	0.02081	0.02214	0.01744	0.01085	0.00830	0.00271	0.01172	0.00740	0.00652	0.01552
5	0.01580	0.01067	0.01244	0.01300	0.01314	0.01054	0.00759	0.01622	0.01747	0.02329	0.04111	0.18487	0.04804	0.48352	0.04817	0.00956	0.00998	0.01969	0.00759	0.00731
6	0.04033	0.18163	0.03951	0.02350	0.03264	0.03537	0.02029	0.32624	0.04275	0.11206	0.02600	0.02594	0.01889	0.01254	0.01021	0.00314	0.01198	0.00919	0.00987	0.01791
7	0.03785	0.02114	0.02938	0.03027	0.13605	0.01961	0.01987	0.08770	0.03073	0.27369	0.03669	0.09194	0.02843	0.01464	0.01125	0.00335	0.01021	0.01256	0.01066	0.09398
8	0.09817	0.24980	0.25195	0.02418	0.03632	0.03155	0.02742	0.03697	0.02397	0.09449	0.02097	0.02286	0.01574	0.01067	0.00912	0.00313	0.01329	0.00761	0.00611	0.01568

[dist]
# distance from previous block
# <min> <max>
0	4

[block]
# block no. 3 follows, 11 sequences, length 17
# corresponding to MSA columns:
# 318-334
name=unknown_D
#
# <colnr> <probs for GDERKNQSTAVLIFYWHMCP>
#	G	D	E	R	K	N	Q	S	T	A	V	L	I	F	Y	W	H	M	C	P
0	0.02366	0.02023	0.02463	0.13516	0.03619	0.02314	0.01883	0.04400	0.29504	0.04283	0.15809	0.04978	0.04788	0.01633	0.01186	0.00374	0.00929	0.01402	0.01035	0.01497
1	0.01644	0.01174	0.01619	0.01879	0.02063	0.01149	0.01518	0.02038	0.02423	0.03178	0.06053	0.30763	0.06849	0.03269	0.01509	0.00495	0.00889	0.29459	0.01040	0.00989
2	0.04092	0.02151	0.02627	0.02068	0.02823	0.02116	0.01686	0.18833	0.03872	0.28983	0.13870	0.04416	0.04125	0.01567	0.01170	0.00346	0.00959	0.01281	0.01276	0.01739
3	0.03122	0.10076	0.12201	0.09768	0.08668	0.02379	0.02427	0.03933	0.06111	0.17862	0.03332	0.09628	0.02705	0.01467	0.01103	0.00353	0.01178	0.01234	0.00864	0.01588
4	0.03009	0.61122	0.05898	0.01926	0.02889	0.04454	0.01926	0.03370	0.02287	0.02648	0.01565	0.01805	0.01444	0.00963	0.00722	0.00241	0.01204	0.00602	0.00481	0.01444
5	0.02326	0.01299	0.01584	0.01419	0.01845	0.01157	0.01097	0.02768	0.02918	0.14717	0.24816	0.07555	0.19577	0.02131	0.01217	0.00348	0.00632	0.01809	0.09573	0.01213
6	0.02869	0.01432	0.01838	0.01576	0.02056	0.01273	0.01212	0.03266	0.02928	0.22848	0.22662	0.06911	0.13146	0.08789	0.01765	0.00441	0.00763	0.01697	0.01204	0.01325
7	0.03845	0.02791	0.13959	0.02895	0.09701	0.01956	0.02438	0.04506	0.02894	0.31915	0.03772	0.04249	0.02726	0.01441	0.01157	0.00365	0.01165	0.05411	0.01054	0.01759
8	0.01750	0.01425	0.01587	0.01553	0.01916	0.01418	0.01157	0.02776	0.14521	0.03722	0.17391	0.17382	0.24058	0.02534	0.01303	0.00389	0.00655	0.02182	0.01110	0.01170
9	0.01848	0.01135	0.01529	0.01590	0.01682	0.01154	0.01088	0.01992	0.07131	0.02568	0.03690	0.22715	0.03989	0.03520	0.03034	0.37185	0.00857	0.01768	0.00750	0.00775
10	0.10107	0.07579	0.15040	0.10144	0.09005	0.02761	0.06400	0.03514	0.07622	0.03619	0.02468	0.03390	0.02057	0.01335	0.01334	0.00377	0.06976	0.04168	0.00635	0.01468
11	0.02841	0.02102	0.03365	0.14286	0.07679	0.02356	0.07377	0.03378	0.02466	0.14116	0.07544	0.03689	0.02815	0.02018	0.05931	0.00501	0.14159	0.01179	0.00782	0.01419
12	0.01558	0.01095	0.01421	0.01584	0.01697	0.01058	0.01132	0.01812	0.02228	0.02978	0.10078	0.31281	0.06720	0.17185	0.02499	0.00615	0.00835	0.12351	0.00974	0.00900
13	0.01908	0.01169	0.01480	0.01464	0.01620	0.01139	0.00983	0.02105	0.02121	0.07814	0.10436	0.18046	0.05375	0.29337	0.09259	0.00866	0.01122	0.01926	0.00892	0.00937
14	0.31346	0.09837	0.02788	0.06147	0.03049	0.02862	0.01703	0.10873	0.08376	0.09705	0.02407	0.02521	0.01787	0.01178	0.00893	0.00339	0.01028	0.00828	0.00840	0.01490
15	0.31698	0.02639	0.07914	0.14182	0.04154	0.02574	0.06713	0.07067	0.02463	0.07960	0.02068	0.02463	0.01514	0.01104	0.00952	0.00357	0.01219	0.00854	0.00704	0.01403
16	0.03171	0.10299	0.08592	0.07969	0.03841	0.02930	0.05909	0.15445	0.13265	0.08147	0.02969	0.03108	0.02195	0.01256	0.01065	0.00339	0.01210	0.01031	0.05616	0.01643

[dist]
# distance from previous block
# <min> <max>
0	38

[block]
# block no. 4 follows, 11 sequences, length 22
# corresponding to MSA columns:
# 421-442
name=unknown_E
#
# <colnr> <probs for GDERKNQSTAVLIFYWHMCP>
#	G	D	E	R	K	N	Q	S	T	A	V	L	I	F	Y	W	H	M	C	P
0	0.08590	0.10273	0.03336	0.13018	0.08061	0.02575	0.02137	0.03994	0.06550	0.17527	0.02767	0.02964	0.02021	0.01235	0.01206	0.00338	0.05339	0.00948	0.00831	0.06294
1	0.02799	0.02134	0.03287	0.24382	0.05097	0.02180	0.07409	0.03658	0.06542	0.12253	0.02670	0.03091	0.01947	0.01117	0.01082	0.00322	0.01242	0.01003	0.00756	0.17031
2	0.03025	0.02243	0.03153	0.12938	0.14805	0.02149	0.02246	0.07841	0.02795	0.12146	0.02493	0.02832	0.01870	0.01063	0.01024	0.00286	0.01121	0.00909	0.00776	0.24284
3	0.13177	0.01812	0.01899	0.01728	0.02205	0.01972	0.01338	0.07846	0.15590	0.04717	0.16422	0.09343	0.05045	0.01767	0.01092	0.00355	0.00757	0.01465	0.10127	0.01343
4	0.01526	0.01130	0.01423	0.01387	0.01650	0.01027	0.01026	0.01979	0.02971	0.04092	0.40911	0.14439	0.17221	0.02526	0.01340	0.00370	0.00551	0.02219	0.01186	0.01027
5	0.01456	0.01057	0.01384	0.01562	0.01709	0.00985	0.01117	0.01754	0.02419	0.03233	0.14892	0.41506	0.11545	0.03208	0.01422	0.00439	0.00667	0.07610	0.01078	0.00957
6	0.01516	0.01134	0.01407	0.01367	0.01641	0.01025	0.01014	0.01965	0.02964	0.04051	0.39790	0.13113	0.19823	0.02523	0.01337	0.00368	0.00550	0.02206	0.01180	0.01025
7	0.68395	0.02177	0.01654	0.01480	0.02177	0.02525	0.01219	0.03309	0.01915	0.05050	0.01567	0.01828	0.01219	0.01045	0.00697	0.00348	0.00871	0.00609	0.00697	0.01219
8	0.02462	0.02462	0.03447	0.02955	0.02955	0.03447	0.02462	0.02709	0.01724	0.02709	0.01477	0.02462	0.01477	0.01970	0.03694	0.00492	0.58385	0.00985	0.00492	0.01231
9	0.04279	0.03153	0.03378	0.02590	0.03490	0.03490	0.02139	0.49671	0.05292	0.07093	0.02702	0.02702	0.01914	0.01351	0.01126	0.00338	0.01239	0.01013	0.01126	0.01914
10	0.01814	0.01296	0.01814	0.02073	0.02332	0.01296	0.01814	0.02332	0.02591	0.03368	0.05959	0.12696	0.06478	0.03109	0.01555	0.00518	0.01036	0.45848	0.01036	0.01036
11	0.68395	0.02177	0.01654	0.01480	0.02177	0.02525	0.01219	0.03309	0.01915	0.05050	0.01567	0.01828	0.01219	0.01045	0.00697	0.00348	0.00871	0.00609	0.00697	0.01219
12	0.52701	0.02112	0.01892	0.01610	0.02349	0.02309	0.01327	0.03848	0.02239	0.17227	0.02279	0.02325	0.01607	0.01131	0.00804	0.00348	0.00892	0.00739	0.00869	0.01391
13	0.21329	0.02154	0.02470	0.01948	0.02778	0.02133	0.01609	0.11017	0.03169	0.34990	0.03457	0.03157	0.02260	0.01297	0.01018	0.00347	0.00974	0.00980	0.01176	0.01735
14	0.01428	0.01084	0.01315	0.01384	0.01612	0.00972	0.00990	0.01757	0.02608	0.03440	0.22455	0.28083	0.22936	0.02927	0.01369	0.00400	0.00588	0.02573	0.01106	0.00972
15	0.04737	0.01846	0.02512	0.01950	0.02765	0.01601	0.01601	0.05181	0.03218	0.49712	0.08814	0.04245	0.03494	0.01475	0.01150	0.00349	0.00919	0.01214	0.01379	0.01838
16	0.02270	0.01748	0.02027	0.01800	0.02247	0.01838	0.01393	0.09661	0.15705	0.04919	0.33675	0.06553	0.07597	0.01974	0.01253	0.00359	0.00720	0.01701	0.01200	0.01362
17	0.02356	0.01649	0.02367	0.16312	0.03481	0.01896	0.01801	0.08570	0.02216	0.02957	0.02036	0.03144	0.01797	0.02696	0.03048	0.35894	0.05274	0.00989	0.00580	0.00936
18	0.03970	0.01642	0.02196	0.01807	0.02458	0.01446	0.01441	0.04389	0.02997	0.38251	0.09095	0.11994	0.04162	0.01764	0.01163	0.00356	0.00839	0.01494	0.06912	0.01624
19	0.11040	0.01940	0.02521	0.01953	0.02807	0.01737	0.01613	0.05279	0.03098	0.49555	0.04169	0.03642	0.02638	0.01360	0.01091	0.00348	0.00949	0.01082	0.01327	0.01850
20	0.03937	0.02341	0.02801	0.07145	0.07898	0.07823	0.01954	0.07967	0.03095	0.28791	0.03832	0.11086	0.03013	0.01600	0.01158	0.00357	0.01136	0.01340	0.01083	0.01643
21	0.02941	0.01696	0.02327	0.14142	0.03535	0.01726	0.01774	0.03676	0.07983	0.20535	0.04980	0.17597	0.08322	0.01990	0.01223	0.00387	0.00962	0.01724	0.01054	0.01427

[dist]
# distance from previous block
# <min> <max>
1	20

[block]
# block no. 5 follows, 11 sequences, length 55
# corresponding to MSA columns:
# 463-488,492-520
name=unknown_F
#
# <colnr> <probs for GDERKNQSTAVLIFYWHMCP>
#	G	D	E	R	K	N	Q	S	T	A	V	L	I	F	Y	W	H	M	C	P
0	0.08805	0.02299	0.02743	0.20140	0.04369	0.07612	0.02185	0.08021	0.02783	0.12807	0.02969	0.04090	0.02404	0.02146	0.06699	0.00516	0.01479	0.05724	0.00816	0.01392
1	0.02396	0.02145	0.07476	0.02299	0.07825	0.01704	0.01762	0.07458	0.02986	0.08973	0.15209	0.06269	0.18594	0.01866	0.01190	0.00339	0.00886	0.01573	0.00979	0.08072
2	0.02787	0.01766	0.02357	0.05993	0.08773	0.01696	0.01677	0.07202	0.02924	0.14421	0.11065	0.10313	0.09029	0.01753	0.01147	0.00339	0.00883	0.01505	0.07643	0.06727
3	0.09799	0.02695	0.08096	0.16747	0.04340	0.02615	0.02316	0.15814	0.07854	0.04515	0.02397	0.02810	0.01811	0.01356	0.01252	0.04526	0.01220	0.00937	0.00767	0.08133
4	0.01402	0.01003	0.01333	0.01547	0.01639	0.00934	0.01047	0.01643	0.02296	0.03097	0.12578	0.52696	0.07878	0.03359	0.01422	0.00443	0.00636	0.03041	0.01071	0.00934
5	0.04087	0.09218	0.16879	0.02317	0.03410	0.02207	0.02353	0.04748	0.02896	0.35200	0.03489	0.03227	0.02280	0.01261	0.01072	0.00339	0.01173	0.00996	0.01051	0.01798
6	0.68395	0.02177	0.01654	0.01480	0.02177	0.02525	0.01219	0.03309	0.01915	0.05050	0.01567	0.01828	0.01219	0.01045	0.00697	0.00348	0.00871	0.00609	0.00697	0.01219
7	0.01478	0.01062	0.01402	0.01494	0.01656	0.00985	0.01053	0.01835	0.02651	0.03663	0.28642	0.35021	0.08973	0.02937	0.01384	0.00407	0.00594	0.02639	0.01138	0.00985
8	0.01887	0.01225	0.01541	0.01418	0.01768	0.01099	0.01079	0.02358	0.03061	0.09218	0.39384	0.08448	0.18589	0.02323	0.01308	0.00359	0.00582	0.02015	0.01214	0.01125
9	0.01914	0.01197	0.01582	0.01508	0.01798	0.01095	0.01121	0.02368	0.02983	0.09436	0.38377	0.18199	0.09156	0.02450	0.01329	0.00374	0.00601	0.02173	0.01216	0.01123
10	0.01435	0.01144	0.01285	0.01250	0.01584	0.00995	0.00937	0.01818	0.02812	0.03627	0.27889	0.09867	0.36114	0.02632	0.01329	0.00370	0.00555	0.02240	0.01122	0.00995
11	0.03009	0.61122	0.05898	0.01926	0.02889	0.04454	0.01926	0.03370	0.02287	0.02648	0.01565	0.01805	0.01444	0.00963	0.00722	0.00241	0.01204	0.00602	0.00481	0.01444
12	0.01540	0.01148	0.01432	0.01361	0.01649	0.01040	0.01021	0.02022	0.03062	0.04218	0.44532	0.08893	0.19102	0.02411	0.01328	0.00359	0.00539	0.02104	0.01200	0.01040
13	0.01593	0.01150	0.01504	0.01416	0.01681	0.01062	0.01062	0.02124	0.03186	0.04513	0.52830	0.08407	0.10620	0.02301	0.01327	0.00354	0.00531	0.02035	0.01239	0.01062
14	0.02257	0.05822	0.54613	0.03208	0.04871	0.02614	0.04158	0.03564	0.02376	0.03564	0.02020	0.02376	0.01426	0.01069	0.01069	0.00356	0.01663	0.00832	0.00475	0.01663
15	0.68395	0.02177	0.01654	0.01480	0.02177	0.02525	0.01219	0.03309	0.01915	0.05050	0.01567	0.01828	0.01219	0.01045	0.00697	0.00348	0.00871	0.00609	0.00697	0.01219
16	0.03245	0.02639	0.02796	0.02381	0.03097	0.03008	0.01889	0.19150	0.37495	0.05427	0.04015	0.03748	0.02977	0.01474	0.01139	0.00368	0.00996	0.01194	0.01139	0.01821
17	0.05050	0.01915	0.02612	0.02003	0.02873	0.01654	0.01654	0.05485	0.03221	0.54203	0.04440	0.03831	0.02786	0.01393	0.01132	0.00348	0.00958	0.01132	0.01393	0.01915
18	0.01437	0.01065	0.01351	0.01514	0.01686	0.00979	0.01086	0.01728	0.02418	0.03179	0.13559	0.38607	0.16586	0.03187	0.01413	0.00434	0.00658	0.07088	0.01071	0.00953
19	0.04086	0.02809	0.10240	0.03246	0.13349	0.02297	0.02438	0.12225	0.03321	0.29288	0.03354	0.03234	0.02254	0.01264	0.01119	0.00345	0.01177	0.01045	0.01056	0.01854
20	0.04815	0.02293	0.02846	0.02182	0.03061	0.02214	0.01802	0.18962	0.03853	0.39834	0.03910	0.03487	0.02520	0.01380	0.01130	0.00345	0.01043	0.01096	0.01312	0.01915
21	0.01408	0.00995	0.01295	0.01521	0.01577	0.00938	0.00995	0.01577	0.02084	0.02779	0.05840	0.52554	0.06986	0.11308	0.02023	0.00544	0.00713	0.02986	0.00995	0.00882
22	0.02590	0.02460	0.02451	0.01836	0.02778	0.08941	0.01449	0.03061	0.02451	0.03543	0.01965	0.02292	0.01637	0.00878	0.00858	0.00184	0.00997	0.00675	0.00655	0.58300
23	0.02887	0.01998	0.02781	0.09906	0.03403	0.02351	0.02089	0.07848	0.02560	0.13536	0.03016	0.04248	0.02551	0.03043	0.12466	0.00689	0.16838	0.05600	0.00814	0.01376
24	0.02256	0.01380	0.01923	0.02063	0.02406	0.01345	0.01792	0.02763	0.02677	0.10318	0.05752	0.11484	0.05973	0.02875	0.01497	0.00495	0.01026	0.39735	0.01085	0.01157
25	0.16241	0.02922	0.09647	0.07880	0.03563	0.07071	0.02221	0.11878	0.03002	0.09678	0.03019	0.04443	0.02572	0.01545	0.01103	0.00377	0.01251	0.09281	0.00851	0.01456
26	0.10115	0.02480	0.02294	0.02016	0.02570	0.11969	0.01563	0.08370	0.07394	0.13259	0.15181	0.09944	0.04678	0.01752	0.01142	0.00352	0.01039	0.01425	0.01047	0.01411
27	0.02091	0.01410	0.02084	0.01824	0.02236	0.01278	0.05993	0.02549	0.02842	0.10675	0.25830	0.17861	0.14076	0.02364	0.01323	0.00380	0.00758	0.02122	0.01126	0.01179
28	0.01476	0.01057	0.01415	0.01606	0.01738	0.00996	0.01153	0.01783	0.02421	0.03269	0.15509	0.43007	0.07948	0.03224	0.01431	0.00445	0.00681	0.08797	0.01083	0.00961
29	0.03919	0.14002	0.03630	0.02290	0.03127	0.02578	0.05916	0.12516	0.03252	0.25702	0.03538	0.08803	0.02736	0.01476	0.01097	0.00339	0.01110	0.01231	0.01055	0.01685
30	0.16469	0.02783	0.02787	0.02558	0.07349	0.11957	0.01875	0.09211	0.03124	0.26438	0.03032	0.02923	0.02073	0.01247	0.01027	0.00335	0.01198	0.00937	0.01015	0.01662
31	0.02126	0.02001	0.03376	0.57739	0.07752	0.02501	0.03126	0.02876	0.02251	0.02876	0.02001	0.03001	0.01500	0.01125	0.01125	0.00375	0.01500	0.01000	0.00500	0.01250
32	0.02334	0.02001	0.02334	0.01667	0.02667	0.01500	0.01334	0.02834	0.02334	0.03668	0.02001	0.02334	0.01667	0.00834	0.00834	0.00167	0.00834	0.00667	0.00667	0.67325
33	0.10399	0.02254	0.02829	0.10088	0.07956	0.02354	0.02016	0.09097	0.12655	0.18810	0.03254	0.03252	0.02308	0.01263	0.01061	0.00342	0.01061	0.01026	0.00989	0.06985
34	0.02945	0.02771	0.08337	0.20476	0.04805	0.02791	0.02553	0.20420	0.08186	0.04654	0.02623	0.03096	0.01975	0.02016	0.06919	0.00512	0.01520	0.01037	0.00803	0.01564
35	0.01637	0.01091	0.01228	0.01228	0.01228	0.01091	0.00682	0.01637	0.01637	0.02182	0.03546	0.07365	0.04092	0.60445	0.05729	0.01091	0.01091	0.01637	0.00682	0.00682
36	0.08101	0.02016	0.02723	0.11149	0.03606	0.02018	0.01907	0.04252	0.02695	0.30084	0.03199	0.03210	0.02178	0.01309	0.01331	0.00343	0.07092	0.00996	0.01005	0.10785
37	0.03681	0.02716	0.02891	0.02318	0.03078	0.03017	0.01882	0.34379	0.14240	0.06214	0.03216	0.03210	0.02355	0.01381	0.01083	0.00336	0.01070	0.01071	0.10094	0.01769
38	0.01956	0.01168	0.01569	0.01652	0.01881	0.01079	0.01209	0.02274	0.02518	0.10217	0.13784	0.38683	0.07244	0.02986	0.01389	0.00431	0.00713	0.07035	0.01124	0.01088
39	0.02622	0.03741	0.24178	0.16691	0.10424	0.02537	0.11198	0.03586	0.02496	0.08414	0.02307	0.02821	0.01661	0.01088	0.01137	0.00362	0.01562	0.01002	0.00596	0.01578
40	0.02571	0.26499	0.24257	0.02439	0.03577	0.03230	0.02715	0.03703	0.09107	0.03441	0.06288	0.02890	0.02449	0.01190	0.00965	0.00315	0.01288	0.00900	0.00631	0.01546
41	0.11744	0.01943	0.02511	0.01947	0.02800	0.01746	0.01608	0.05255	0.03083	0.49009	0.04137	0.03619	0.02621	0.01356	0.01086	0.00348	0.00949	0.01077	0.01319	0.01842
42	0.01542	0.01129	0.01350	0.01378	0.01576	0.01052	0.00980	0.01829	0.02437	0.03221	0.19505	0.14310	0.18313	0.18943	0.02596	0.00594	0.00761	0.06577	0.00996	0.00911
43	0.02905	0.08486	0.14487	0.13803	0.04380	0.08406	0.02679	0.04067	0.11619	0.08493	0.02616	0.02912	0.01963	0.01288	0.01324	0.00360	0.07008	0.00962	0.00711	0.01527
44	0.01955	0.00978	0.01466	0.01466	0.01466	0.00978	0.00978	0.01466	0.01466	0.01955	0.01955	0.03421	0.01955	0.03910	0.04399	0.67253	0.00978	0.00978	0.00489	0.00489
45	0.04597	0.02076	0.02607	0.02024	0.02839	0.01961	0.01664	0.14046	0.03549	0.39710	0.04014	0.03642	0.02621	0.01376	0.01096	0.00337	0.00970	0.01100	0.07944	0.01828
46	0.02287	0.01605	0.02164	0.07713	0.06739	0.01603	0.01606	0.07313	0.02999	0.08979	0.20567	0.16322	0.11206	0.02181	0.01271	0.00375	0.00835	0.01911	0.01056	0.01270
47	0.09513	0.07390	0.03270	0.26045	0.04974	0.02795	0.02393	0.08275	0.07432	0.08846	0.02448	0.02906	0.01828	0.01261	0.01256	0.00364	0.05854	0.00966	0.00735	0.01450
48	0.03407	0.02406	0.02898	0.13361	0.03924	0.02668	0.02056	0.21164	0.12719	0.11743	0.03239	0.03670	0.02458	0.07322	0.01596	0.00431	0.01172	0.01139	0.00996	0.01632
49	0.61749	0.02205	0.01835	0.01629	0.02255	0.02618	0.01344	0.03248	0.01896	0.04814	0.01558	0.01892	0.01245	0.01138	0.00999	0.00363	0.06668	0.00647	0.00676	0.01220
50	0.31467	0.01932	0.01927	0.01813	0.02383	0.02125	0.01480	0.03707	0.11420	0.09446	0.03641	0.08561	0.03299	0.01764	0.01052	0.00397	0.00903	0.10401	0.00944	0.01336
51	0.16007	0.02033	0.02055	0.01755	0.02326	0.02227	0.01401	0.16590	0.08171	0.05297	0.09783	0.03867	0.03384	0.01426	0.00977	0.00326	0.00837	0.01108	0.19021	0.01408
52	0.02600	0.02339	0.03129	0.19300	0.12838	0.02691	0.02457	0.04647	0.28787	0.03998	0.03411	0.03610	0.02591	0.01321	0.01134	0.00372	0.01144	0.01147	0.00857	0.01626
53	0.03179	0.03409	0.03378	0.08800	0.20375	0.22122	0.02502	0.03956	0.07708	0.03427	0.02383	0.02819	0.01920	0.01157	0.01047	0.00319	0.01475	0.00932	0.07609	0.01482
54	0.03497	0.03487	0.03703	0.07362	0.15167	0.20506	0.06533	0.08556	0.03068	0.07724	0.02231	0.02597	0.01728	0.01109	0.01075	0.00311	0.01539	0.00915	0.00698	0.08194

[dist]
# distance from previous block
# <min> <max>
0	1

[block]
# block no. 6 follows, 11 sequences, length 14
# corresponding to MSA columns:
# 522-535
name=unknown_G
#
# <colnr> <probs for GDERKNQSTAVLIFYWHMCP>
#	G	D	E	R	K	N	Q	S	T	A	V	L	I	F	Y	W	H	M	C	P
0	0.02458	0.04381	0.32880	0.12630	0.04946	0.02806	0.03524	0.07679	0.02529	0.03646	0.01997	0.02530	0.01493	0.01245	0.01491	0.00379	0.10391	0.00902	0.00544	0.01548
1	0.04719	0.02446	0.02941	0.02255	0.03138	0.02442	0.01862	0.24450	0.04110	0.33983	0.03694	0.03346	0.02412	0.01375	0.01129	0.00344	0.01078	0.01081	0.01278	0.01915
2	0.05050	0.01915	0.02612	0.02003	0.02873	0.01654	0.01654	0.05485	0.03221	0.54203	0.04440	0.03831	0.02786	0.01393	0.01132	0.00348	0.00958	0.01132	0.01393	0.01915
3	0.04105	0.02199	0.02972	0.13023	0.03936	0.02307	0.02101	0.12432	0.03254	0.31180	0.03385	0.03344	0.02261	0.01388	0.01370	0.00365	0.06495	0.01072	0.01089	0.01722
4	0.02062	0.01236	0.01603	0.01507	0.01841	0.01115	0.01130	0.02491	0.02939	0.11769	0.32566	0.17441	0.13033	0.02442	0.01318	0.00375	0.00624	0.02145	0.01208	0.01156
5	0.04279	0.03153	0.03378	0.02590	0.03490	0.03490	0.02139	0.49671	0.05292	0.07093	0.02702	0.02702	0.01914	0.01351	0.01126	0.00338	0.01239	0.01013	0.01126	0.01914
6	0.01562	0.01090	0.01400	0.01575	0.01665	0.01062	0.01107	0.01770	0.02088	0.02764	0.05278	0.31550	0.06121	0.22030	0.02867	0.00679	0.00886	0.12716	0.00924	0.00867
7	0.02334	0.02001	0.02334	0.01667	0.02667	0.01500	0.01334	0.02834	0.02334	0.03668	0.02001	0.02334	0.01667	0.00834	0.00834	0.00167	0.00834	0.00667	0.00667	0.67325
8	0.14998	0.02989	0.03090	0.02404	0.03271	0.03329	0.01985	0.41919	0.04727	0.06752	0.02512	0.02556	0.01798	0.01300	0.01054	0.00340	0.01177	0.00946	0.01054	0.01798
9	0.02514	0.02742	0.05827	0.04293	0.05283	0.02585	0.41316	0.03390	0.02645	0.03565	0.02898	0.04666	0.02513	0.01313	0.01366	0.00403	0.01752	0.08842	0.00648	0.01437
10	0.01406	0.01006	0.01337	0.01544	0.01640	0.00937	0.01047	0.01654	0.02315	0.03128	0.13434	0.51754	0.07937	0.03336	0.01420	0.00441	0.00634	0.03019	0.01075	0.00937
11	0.02122	0.01952	0.03100	0.26576	0.04992	0.02155	0.06413	0.02753	0.02452	0.03405	0.13101	0.04031	0.03539	0.01406	0.01398	0.00350	0.06883	0.01203	0.00693	0.11478
12	0.02761	0.03168	0.12678	0.08025	0.12633	0.02680	0.19643	0.10463	0.02864	0.03942	0.02226	0.02874	0.01716	0.01332	0.01498	0.06697	0.01553	0.01092	0.00626	0.01528
13	0.02439	0.12250	0.16482	0.03498	0.12116	0.02675	0.10480	0.03433	0.06923	0.03567	0.06906	0.08513	0.03055	0.01397	0.01129	0.00350	0.01317	0.01271	0.00684	0.01515

[dist]
# distance from previous block
# <min> <max>
0	118

[block]
# block no. 7 follows, 11 sequences, length 65
# corresponding to MSA columns:
# 654-718
name=unknown_H
#
# <colnr> <probs for GDERKNQSTAVLIFYWHMCP>
#	G	D	E	R	K	N	Q	S	T	A	V	L	I	F	Y	W	H	M	C	P
0	0.26105	0.12809	0.03031	0.01933	0.02767	0.02833	0.01656	0.13588	0.03042	0.18444	0.02587	0.02552	0.01831	0.01189	0.00909	0.00327	0.01030	0.00835	0.00938	0.01594
1	0.21340	0.02857	0.07567	0.11365	0.03898	0.02836	0.02176	0.21494	0.03374	0.05260	0.02159	0.02453	0.01591	0.01166	0.00981	0.00336	0.01190	0.00858	0.00811	0.06290
2	0.29043	0.02389	0.02390	0.05893	0.03017	0.02615	0.01651	0.19102	0.03206	0.05284	0.02942	0.03095	0.06310	0.01304	0.00947	0.00332	0.01012	0.00946	0.00860	0.07662
3	0.14215	0.02357	0.03582	0.11902	0.14014	0.02494	0.08928	0.03389	0.02352	0.08386	0.02155	0.02692	0.01675	0.01148	0.01336	0.00348	0.07796	0.00948	0.00659	0.09627
4	0.01812	0.01016	0.01455	0.01485	0.01514	0.01030	0.00995	0.01557	0.01603	0.02159	0.02752	0.10463	0.02940	0.11350	0.09763	0.44388	0.01173	0.01338	0.00589	0.00617
5	0.02086	0.01701	0.02091	0.08179	0.02822	0.01849	0.01556	0.03590	0.20328	0.04396	0.29743	0.06282	0.07005	0.01889	0.01239	0.00366	0.00771	0.01644	0.01121	0.01341
6	0.01916	0.00992	0.01437	0.01437	0.01437	0.00992	0.00941	0.01487	0.01487	0.01983	0.02152	0.03909	0.02220	0.10907	0.04563	0.59065	0.00992	0.01059	0.00513	0.00513
7	0.02040	0.01908	0.03136	0.51662	0.07083	0.02334	0.02882	0.02740	0.02284	0.02893	0.03010	0.03842	0.07026	0.01311	0.01147	0.00376	0.01400	0.01148	0.00559	0.01218
8	0.02600	0.02130	0.02263	0.02055	0.02611	0.02421	0.01591	0.05205	0.40824	0.04627	0.08971	0.04592	0.04038	0.01573	0.01118	0.00364	0.00812	0.01316	0.09266	0.01624
9	0.02802	0.27949	0.04233	0.02090	0.02989	0.02882	0.06114	0.03250	0.02402	0.07427	0.02431	0.07604	0.02203	0.01198	0.00912	0.00262	0.01090	0.00974	0.00673	0.20515
10	0.01424	0.01020	0.01353	0.01531	0.01644	0.00949	0.01049	0.01700	0.02401	0.03264	0.17314	0.47485	0.08201	0.03234	0.01411	0.00433	0.00624	0.02922	0.01091	0.00949
11	0.02475	0.03724	0.27617	0.13669	0.04649	0.02200	0.03055	0.03409	0.02545	0.09351	0.08580	0.03411	0.02754	0.01251	0.01101	0.00344	0.01343	0.01036	0.00695	0.06791
12	0.02748	0.07410	0.08420	0.08679	0.15633	0.06849	0.06881	0.03330	0.02542	0.08682	0.03141	0.14684	0.02955	0.01596	0.01161	0.00360	0.01299	0.01436	0.00733	0.01462
13	0.03629	0.02830	0.03012	0.02458	0.03243	0.03187	0.01982	0.30492	0.25528	0.06046	0.03527	0.03359	0.02582	0.01428	0.01134	0.00357	0.01086	0.01127	0.01134	0.01856
14	0.03332	0.02625	0.10010	0.20696	0.05235	0.02259	0.10897	0.04069	0.02702	0.22333	0.02967	0.03241	0.02010	0.01187	0.01157	0.00364	0.01388	0.01087	0.00844	0.01598
15	0.02334	0.02001	0.02334	0.01667	0.02667	0.01500	0.01334	0.02834	0.02334	0.03668	0.02001	0.02334	0.01667	0.00834	0.00834	0.00167	0.00834	0.00667	0.00667	0.67325
16	0.01778	0.01383	0.01842	0.01752	0.01824	0.01636	0.01268	0.01967	0.01714	0.02433	0.02977	0.05414	0.03156	0.31121	0.23339	0.01238	0.12277	0.01363	0.00619	0.00898
17	0.01955	0.00978	0.01466	0.01466	0.01466	0.00978	0.00978	0.01466	0.01466	0.01955	0.01955	0.03421	0.01955	0.03910	0.04399	0.67253	0.00978	0.00978	0.00489	0.00489
18	0.02549	0.15234	0.24500	0.08537	0.10640	0.03008	0.07117	0.03712	0.07657	0.03462	0.02238	0.02626	0.01720	0.01085	0.01043	0.00338	0.01455	0.00913	0.00569	0.01597
19	0.47342	0.02824	0.08555	0.01917	0.02774	0.02730	0.01767	0.12645	0.02650	0.05276	0.01851	0.02072	0.01384	0.01109	0.00829	0.00347	0.01043	0.00718	0.00755	0.01413
20	0.01955	0.00978	0.01466	0.01466	0.01466	0.00978	0.00978	0.01466	0.01466	0.01955	0.01955	0.03421	0.01955	0.03910	0.04399	0.67253	0.00978	0.00978	0.00489	0.00489
21	0.01608	0.01206	0.01809	0.01809	0.02010	0.01407	0.01407	0.02010	0.01809	0.02613	0.03015	0.04422	0.02814	0.08441	0.55984	0.01809	0.03015	0.01206	0.00603	0.01005
22	0.02667	0.02664	0.11935	0.17868	0.04470	0.02280	0.02511	0.07941	0.09590	0.09565	0.03505	0.10811	0.03024	0.01658	0.01187	0.00386	0.01220	0.04386	0.00852	0.01481
23	0.68395	0.02177	0.01654	0.01480	0.02177	0.02525	0.01219	0.03309	0.01915	0.05050	0.01567	0.01828	0.01219	0.01045	0.00697	0.00348	0.00871	0.00609	0.00697	0.01219
24	0.01426	0.01019	0.01369	0.01630	0.01719	0.00961	0.01140	0.01662	0.02209	0.02934	0.06173	0.53891	0.07325	0.03475	0.01451	0.00465	0.00700	0.08478	0.01044	0.00929
25	0.04279	0.03153	0.03378	0.02590	0.03490	0.03490	0.02139	0.49671	0.05292	0.07093	0.02702	0.02702	0.01914	0.01351	0.01126	0.00338	0.01239	0.01013	0.01126	0.01914
26	0.09679	0.19485	0.21114	0.03320	0.13959	0.03027	0.02864	0.03403	0.02338	0.03507	0.01866	0.02244	0.01502	0.01005	0.00926	0.00304	0.01319	0.00768	0.00533	0.06837
27	0.03187	0.02211	0.07575	0.14697	0.09352	0.01918	0.02344	0.03777	0.02680	0.22284	0.03782	0.10638	0.03154	0.01669	0.01197	0.00382	0.01154	0.05509	0.00951	0.01536
28	0.01637	0.01091	0.01228	0.01228	0.01228	0.01091	0.00682	0.01637	0.01637	0.02182	0.03546	0.07365	0.04092	0.60445	0.05729	0.01091	0.01091	0.01637	0.00682	0.00682
29	0.01397	0.00999	0.01329	0.01550	0.01638	0.00931	0.01047	0.01631	0.02273	0.03061	0.11543	0.53835	0.07808	0.03386	0.01424	0.00445	0.00639	0.03066	0.01067	0.00931
30	0.14294	0.02980	0.09602	0.03211	0.08430	0.02652	0.12129	0.13954	0.03181	0.14760	0.02643	0.02825	0.01863	0.01160	0.01091	0.00352	0.01317	0.01015	0.00865	0.01676
31	0.01992	0.01576	0.06070	0.01699	0.02081	0.01210	0.01391	0.02449	0.02726	0.09953	0.24642	0.27013	0.07652	0.02554	0.01323	0.00393	0.00727	0.02268	0.01119	0.01162
32	0.02862	0.02551	0.03766	0.09877	0.29869	0.02603	0.02765	0.09898	0.07392	0.04166	0.02397	0.02857	0.01910	0.01085	0.01077	0.00318	0.01221	0.00978	0.00701	0.11708
33	0.03060	0.01632	0.01895	0.01652	0.02177	0.01640	0.01297	0.04193	0.14367	0.18625	0.08737	0.04489	0.03716	0.01479	0.01022	0.00324	0.00736	0.01219	0.26267	0.01472
34	0.02575	0.02143	0.02463	0.01781	0.02769	0.01747	0.01433	0.08631	0.02700	0.04092	0.02087	0.02380	0.01698	0.00898	0.00870	0.00188	0.00884	0.00710	0.00724	0.59230
35	0.02786	0.02674	0.04568	0.06908	0.53424	0.02674	0.03454	0.03454	0.02563	0.03677	0.02117	0.02786	0.01783	0.01003	0.01114	0.00334	0.01337	0.01003	0.00557	0.01783
36	0.02695	0.01365	0.01840	0.01720	0.02123	0.01234	0.01323	0.03088	0.02818	0.20448	0.17671	0.23451	0.06625	0.02459	0.01318	0.00400	0.00758	0.06156	0.01210	0.01297
37	0.01371	0.00979	0.01306	0.01567	0.01632	0.00914	0.01045	0.01567	0.02155	0.02873	0.06203	0.59710	0.07444	0.03526	0.01437	0.00457	0.00653	0.03200	0.01045	0.00914
38	0.01478	0.01060	0.01411	0.01563	0.01707	0.00993	0.01115	0.01806	0.02513	0.03427	0.20721	0.39727	0.08352	0.03109	0.01413	0.00430	0.00647	0.06454	0.01105	0.00971
39	0.01371	0.00979	0.01306	0.01567	0.01632	0.00914	0.01045	0.01567	0.02155	0.02873	0.06203	0.59710	0.07444	0.03526	0.01437	0.00457	0.00653	0.03200	0.01045	0.00914
40	0.04724	0.01843	0.02508	0.01947	0.02761	0.01598	0.01598	0.05169	0.03218	0.49524	0.08997	0.04262	0.03524	0.01479	0.01150	0.00349	0.00918	0.01217	0.01379	0.01835
41	0.68395	0.02177	0.01654	0.01480	0.02177	0.02525	0.01219	0.03309	0.01915	0.05050	0.01567	0.01828	0.01219	0.01045	0.00697	0.00348	0.00871	0.00609	0.00697	0.01219
42	0.03081	0.03009	0.02674	0.02413	0.03038	0.13461	0.01860	0.05682	0.41717	0.04316	0.04011	0.03764	0.03037	0.01453	0.01119	0.00363	0.01119	0.01163	0.01032	0.01686
43	0.03009	0.61122	0.05898	0.01926	0.02889	0.04454	0.01926	0.03370	0.02287	0.02648	0.01565	0.01805	0.01444	0.00963	0.00722	0.00241	0.01204	0.00602	0.00481	0.01444
44	0.02126	0.02001	0.03376	0.57739	0.07752	0.02501	0.03126	0.02876	0.02251	0.02876	0.02001	0.03001	0.01500	0.01125	0.01125	0.00375	0.01500	0.01000	0.00500	0.01250
45	0.01371	0.00979	0.01306	0.01567	0.01632	0.00914	0.01045	0.01567	0.02155	0.02873	0.06203	0.59710	0.07444	0.03526	0.01437	0.00457	0.00653	0.03200	0.01045	0.00914
46	0.03009	0.61122	0.05898	0.01926	0.02889	0.04454	0.01926	0.03370	0.02287	0.02648	0.01565	0.01805	0.01444	0.00963	0.00722	0.00241	0.01204	0.00602	0.00481	0.01444
47	0.02397	0.02155	0.03098	0.24526	0.13373	0.02463	0.02510	0.03897	0.18355	0.03796	0.08679	0.03972	0.03222	0.01369	0.01153	0.00368	0.01163	0.01208	0.00804	0.01493
48	0.03265	0.09588	0.13352	0.02214	0.03241	0.02337	0.02141	0.04368	0.11294	0.18345	0.03118	0.03046	0.02231	0.01181	0.01010	0.00304	0.01089	0.00935	0.00902	0.16042
49	0.01371	0.00979	0.01306	0.01567	0.01632	0.00914	0.01045	0.01567	0.02155	0.02873	0.06203	0.59710	0.07444	0.03526	0.01437	0.00457	0.00653	0.03200	0.01045	0.00914
50	0.02844	0.02381	0.02554	0.02298	0.02923	0.02723	0.01818	0.09683	0.42570	0.04804	0.04536	0.04854	0.03579	0.01658	0.01182	0.00390	0.00937	0.05408	0.01133	0.01724
51	0.01360	0.01141	0.01182	0.01172	0.01539	0.00963	0.00879	0.01674	0.02637	0.03209	0.16147	0.10554	0.48117	0.02788	0.01330	0.00377	0.00566	0.02336	0.01067	0.00963
52	0.40588	0.02062	0.02075	0.01709	0.02482	0.02143	0.01410	0.04264	0.02489	0.26627	0.02828	0.02707	0.01907	0.01198	0.00888	0.00348	0.00909	0.00839	0.01002	0.01525
53	0.02657	0.03036	0.06641	0.04744	0.05882	0.02846	0.49336	0.03605	0.02657	0.03605	0.02277	0.03036	0.01708	0.00949	0.01328	0.00380	0.01898	0.01328	0.00569	0.01518
54	0.01814	0.01296	0.01814	0.02073	0.02332	0.01296	0.01814	0.02332	0.02591	0.03368	0.05959	0.12696	0.06478	0.03109	0.01555	0.00518	0.01036	0.45848	0.01036	0.01036
55	0.02657	0.03036	0.06641	0.04744	0.05882	0.02846	0.49336	0.03605	0.02657	0.03605	0.02277	0.03036	0.01708	0.00949	0.01328	0.00380	0.01898	0.01328	0.00569	0.01518
56	0.68395	0.02177	0.01654	0.01480	0.02177	0.02525	0.01219	0.03309	0.01915	0.05050	0.01567	0.01828	0.01219	0.01045	0.00697	0.00348	0.00871	0.00609	0.00697	0.01219
57	0.02606	0.02491	0.04244	0.20746	0.40991	0.02627	0.03365	0.03297	0.02478	0.03459	0.02085	0.02844	0.01706	0.01036	0.01117	0.00345	0.01382	0.01002	0.00542	0.01638
58	0.01637	0.01091	0.01228	0.01228	0.01228	0.01091	0.00682	0.01637	0.01637	0.02182	0.03546	0.07365	0.04092	0.60445	0.05729	0.01091	0.01091	0.01637	0.00682	0.00682
59	0.02657	0.03036	0.06641	0.04744	0.05882	0.02846	0.49336	0.03605	0.02657	0.03605	0.02277	0.03036	0.01708	0.00949	0.01328	0.00380	0.01898	0.01328	0.00569	0.01518
60	0.01694	0.01241	0.01669	0.01841	0.02096	0.01169	0.01475	0.02087	0.02400	0.03207	0.05680	0.29682	0.06394	0.03054	0.01442	0.00462	0.00871	0.25300	0.01005	0.07232
61	0.02305	0.01649	0.01899	0.01689	0.02160	0.01659	0.01310	0.07460	0.12928	0.08460	0.25957	0.07176	0.16615	0.02100	0.01257	0.00363	0.00711	0.01787	0.01181	0.01330
62	0.01448	0.01039	0.01375	0.01515	0.01649	0.00965	0.01051	0.01760	0.02511	0.03440	0.22320	0.41977	0.08542	0.03103	0.01399	0.00421	0.00611	0.02797	0.01112	0.00965
63	0.01646	0.01109	0.01413	0.01583	0.01713	0.01086	0.01163	0.01928	0.02185	0.03000	0.05225	0.27078	0.05864	0.16726	0.02425	0.00606	0.00859	0.15476	0.08004	0.00910
64	0.02382	0.02073	0.02574	0.02230	0.08117	0.01626	0.01561	0.02901	0.02358	0.03669	0.02013	0.02382	0.01680	0.00852	0.00864	0.00185	0.00888	0.00703	0.00655	0.60288

[dist]
# distance from previous block
# <min> <max>
0	6

[block]
# block no. 8 follows, 11 sequences, length 24
# corresponding to MSA columns:
# 725-748
name=unknown_I
#
# <colnr> <probs for GDERKNQSTAVLIFYWHMCP>
#	G	D	E	R	K	N	Q	S	T	A	V	L	I	F	Y	W	H	M	C	P
0	0.04951	0.02074	0.02710	0.02078	0.02952	0.01890	0.01717	0.11158	0.03487	0.48154	0.04217	0.03686	0.02674	0.01388	0.01131	0.00347	0.00994	0.01117	0.01359	0.01915
1	0.60170	0.02302	0.01875	0.01622	0.02345	0.02649	0.01337	0.09256	0.02349	0.05312	0.01713	0.01940	0.01308	0.01084	0.00752	0.00347	0.00918	0.00661	0.00752	0.01308
2	0.02462	0.02462	0.03447	0.02955	0.02955	0.03447	0.02462	0.02709	0.01724	0.02709	0.01477	0.02462	0.01477	0.01970	0.03694	0.00492	0.58385	0.00985	0.00492	0.01231
3	0.04707	0.01815	0.02430	0.01892	0.02692	0.01584	0.01553	0.05152	0.03121	0.48391	0.04351	0.03873	0.02798	0.01384	0.01092	0.00338	0.00907	0.01122	0.08982	0.01815
4	0.01600	0.01307	0.01433	0.01373	0.01751	0.01222	0.01038	0.02333	0.09021	0.03710	0.23352	0.09231	0.33504	0.02511	0.01306	0.00372	0.00599	0.02129	0.01118	0.01091
5	0.02556	0.02740	0.04995	0.03821	0.04373	0.03156	0.25168	0.03143	0.02176	0.03143	0.01865	0.02740	0.01589	0.01475	0.02548	0.00438	0.31022	0.01151	0.00530	0.01370
6	0.02257	0.05822	0.54613	0.03208	0.04871	0.02614	0.04158	0.03564	0.02376	0.03564	0.02020	0.02376	0.01426	0.01069	0.01069	0.00356	0.01663	0.00832	0.00475	0.01663
7	0.03009	0.61122	0.05898	0.01926	0.02889	0.04454	0.01926	0.03370	0.02287	0.02648	0.01565	0.01805	0.01444	0.00963	0.00722	0.00241	0.01204	0.00602	0.00481	0.01444
8	0.02699	0.16507	0.39427	0.02825	0.04266	0.02883	0.03450	0.03726	0.02446	0.08654	0.02181	0.02413	0.01571	0.01082	0.01006	0.00332	0.01498	0.00817	0.00572	0.01646
