[name]
unknown

[dist]
# distance from previous block
# <min> <max>
0	375

[block]
# block no. 0 follows, 12 sequences, length 154
# corresponding to MSA columns:
# 398-551
name=unknown_A
#
# <colnr> <probs for GDERKNQSTAVLIFYWHMCP>
#	G	D	E	R	K	N	Q	S	T	A	V	L	I	F	Y	W	H	M	C	P
0	0.21218	0.03542	0.21692	0.03795	0.18472	0.02544	0.07055	0.03356	0.02252	0.03891	0.01882	0.02322	0.01448	0.01001	0.00969	0.00339	0.01325	0.00834	0.00551	0.01512
1	0.01472	0.01399	0.06017	0.01734	0.01960	0.01086	0.01391	0.01804	0.02175	0.02919	0.05625	0.48011	0.06561	0.03147	0.01380	0.00444	0.00777	0.10167	0.00964	0.00967
2	0.03977	0.02971	0.03178	0.02475	0.03317	0.03303	0.02032	0.45921	0.10722	0.06601	0.02831	0.02788	0.02027	0.01329	0.01093	0.00332	0.01160	0.01011	0.01093	0.01839
3	0.02814	0.02925	0.03946	0.16830	0.35789	0.12421	0.03057	0.03412	0.02530	0.03240	0.01962	0.02610	0.01612	0.01023	0.01064	0.00324	0.01449	0.00922	0.00532	0.01537
4	0.02644	0.02535	0.04327	0.11160	0.50838	0.02576	0.03319	0.03298	0.02457	0.03496	0.02041	0.02716	0.01704	0.00982	0.01080	0.00327	0.01309	0.00971	0.00535	0.01683
5	0.02661	0.02697	0.05035	0.06056	0.39949	0.02641	0.17788	0.03391	0.02510	0.03541	0.02098	0.02772	0.01705	0.00956	0.01142	0.00337	0.01460	0.01067	0.00543	0.01649
6	0.02050	0.01868	0.03012	0.23572	0.18205	0.02104	0.02479	0.02559	0.02192	0.02981	0.03096	0.19504	0.03181	0.01797	0.01386	0.00385	0.06142	0.01581	0.00651	0.01255
7	0.02644	0.02535	0.04327	0.11184	0.50817	0.02576	0.03319	0.03298	0.02457	0.03496	0.02041	0.02716	0.01704	0.00982	0.01080	0.00327	0.01309	0.00971	0.00535	0.01683
8	0.01959	0.02471	0.17741	0.02106	0.02727	0.01497	0.02080	0.02539	0.02308	0.07593	0.04620	0.30738	0.04939	0.02466	0.01279	0.00414	0.01009	0.09434	0.00876	0.01204
9	0.02339	0.01630	0.06342	0.01859	0.02280	0.01276	0.01570	0.02743	0.02442	0.15475	0.05208	0.31922	0.05443	0.02636	0.01316	0.00422	0.00866	0.11986	0.01043	0.01203
10	0.03297	0.03082	0.03298	0.17553	0.10421	0.13865	0.02443	0.19647	0.07942	0.04379	0.02352	0.02700	0.01778	0.01191	0.01069	0.00331	0.01401	0.00943	0.00765	0.01544
11	0.02134	0.02014	0.03406	0.52927	0.13057	0.02442	0.03065	0.02851	0.02216	0.02877	0.01951	0.02883	0.01486	0.01076	0.01089	0.00359	0.01435	0.00969	0.00491	0.01272
12	0.01444	0.01032	0.01398	0.01651	0.01765	0.00985	0.01213	0.01718	0.02202	0.02913	0.05946	0.47822	0.06959	0.03307	0.01423	0.00459	0.00733	0.15105	0.01010	0.00918
13	0.02684	0.02632	0.04661	0.06447	0.49120	0.02610	0.08917	0.03363	0.02493	0.03554	0.02069	0.02727	0.01719	0.00965	0.01104	0.00329	0.01359	0.01008	0.00541	0.01697
14	0.01408	0.01109	0.01270	0.01230	0.01546	0.00971	0.00922	0.01795	0.02767	0.03613	0.31285	0.09394	0.33781	0.02512	0.01287	0.00356	0.00535	0.02147	0.01100	0.00971
15	0.04725	0.01893	0.02525	0.01961	0.02787	0.01687	0.01612	0.05350	0.06927	0.51730	0.04312	0.03738	0.02747	0.01359	0.01097	0.00340	0.00923	0.01107	0.01331	0.01846
16	0.02306	0.12041	0.45748	0.03094	0.04581	0.02761	0.07927	0.03435	0.02316	0.03353	0.01927	0.02294	0.01408	0.01014	0.01019	0.00334	0.01579	0.00822	0.00469	0.01574
17	0.01328	0.00949	0.01265	0.01518	0.01581	0.00886	0.01012	0.01518	0.02088	0.02783	0.06010	0.60969	0.07212	0.03416	0.01392	0.00443	0.00633	0.03100	0.01012	0.00886
18	0.02699	0.02591	0.04426	0.06693	0.54879	0.02591	0.03346	0.03346	0.02483	0.03562	0.02051	0.02699	0.01727	0.00972	0.01079	0.00324	0.01295	0.00972	0.00540	0.01727
19	0.02981	0.02605	0.05276	0.10438	0.05322	0.02485	0.35358	0.03777	0.02638	0.13933	0.02597	0.03093	0.01842	0.01026	0.01225	0.00361	0.01609	0.01211	0.00705	0.01518
20	0.02585	0.01829	0.02332	0.02001	0.02371	0.02059	0.01609	0.06769	0.07062	0.12217	0.19953	0.05314	0.09346	0.01914	0.01845	0.00382	0.16650	0.01447	0.00996	0.01319
21	0.02033	0.01016	0.01016	0.01016	0.01270	0.01016	0.00762	0.02541	0.02287	0.04065	0.03557	0.04065	0.02795	0.01270	0.00762	0.00254	0.00508	0.01016	0.67734	0.01016
22	0.03562	0.03439	0.21746	0.02436	0.03570	0.02256	0.02530	0.13055	0.03132	0.23407	0.02947	0.02879	0.01978	0.01184	0.01049	0.00323	0.01213	0.00933	0.00924	0.07440
23	0.02307	0.02191	0.03718	0.38781	0.25853	0.02488	0.03151	0.03003	0.02297	0.03086	0.01982	0.02826	0.01559	0.01044	0.01086	0.00348	0.01392	0.00970	0.00506	0.01411
24	0.02261	0.01938	0.02261	0.01615	0.02584	0.01453	0.01292	0.02745	0.02261	0.03553	0.01938	0.02261	0.01615	0.00807	0.00807	0.00161	0.00807	0.00646	0.00646	0.68346
25	0.02424	0.24103	0.39646	0.02703	0.04094	0.03113	0.03324	0.03392	0.02274	0.03164	0.01813	0.02122	0.01387	0.01002	0.00926	0.00309	0.01466	0.00733	0.00462	0.01542
26	0.01543	0.01115	0.01457	0.01372	0.01629	0.01029	0.01029	0.02058	0.03086	0.04372	0.54304	0.08145	0.10288	0.02229	0.01286	0.00343	0.00514	0.01972	0.01200	0.01029
27	0.01543	0.01115	0.01457	0.01372	0.01629	0.01029	0.01029	0.02058	0.03086	0.04372	0.54304	0.08145	0.10288	0.02229	0.01286	0.00343	0.00514	0.01972	0.01200	0.01029
28	0.02187	0.05640	0.56031	0.03108	0.04719	0.02532	0.04029	0.03453	0.02302	0.03453	0.01957	0.02302	0.01381	0.01036	0.01036	0.00345	0.01611	0.00806	0.00460	0.01611
29	0.01453	0.01111	0.01332	0.01277	0.01574	0.00990	0.00958	0.01883	0.02873	0.03867	0.38981	0.08977	0.25926	0.02418	0.01287	0.00352	0.00528	0.02089	0.01134	0.00990
30	0.01894	0.00947	0.01420	0.01420	0.01420	0.00947	0.00947	0.01420	0.01420	0.01894	0.01894	0.03314	0.01894	0.03788	0.04261	0.68277	0.00947	0.00947	0.00473	0.00473
31	0.02915	0.62337	0.05714	0.01866	0.02799	0.04314	0.01866	0.03265	0.02215	0.02565	0.01516	0.01749	0.01399	0.00933	0.00700	0.00233	0.01166	0.00583	0.00466	0.01399
32	0.02389	0.01502	0.01860	0.01650	0.02087	0.01481	0.01277	0.03418	0.13403	0.13654	0.34969	0.06502	0.07480	0.01915	0.01215	0.00347	0.00661	0.01661	0.01208	0.01322
33	0.03099	0.02535	0.02683	0.02297	0.02983	0.02893	0.01819	0.18071	0.40001	0.05185	0.03946	0.03676	0.02930	0.01433	0.01104	0.00358	0.00954	0.01165	0.01104	0.01761
34	0.13589	0.01996	0.02470	0.01922	0.02745	0.01875	0.01587	0.09093	0.03126	0.44422	0.03774	0.03351	0.02418	0.01300	0.01039	0.00336	0.00940	0.01018	0.01235	0.01764
35	0.03037	0.02611	0.03226	0.02550	0.03342	0.11783	0.11609	0.03564	0.02662	0.12483	0.02942	0.04119	0.02481	0.01316	0.01093	0.00307	0.01276	0.07962	0.00789	0.20847
36	0.02915	0.62337	0.05714	0.01866	0.02799	0.04314	0.01866	0.03265	0.02215	0.02565	0.01516	0.01749	0.01399	0.00933	0.00700	0.00233	0.01166	0.00583	0.00466	0.01399
37	0.02261	0.01938	0.02261	0.01615	0.02584	0.01453	0.01292	0.02745	0.02261	0.03553	0.01938	0.02261	0.01615	0.00807	0.00807	0.00161	0.00807	0.00646	0.00646	0.68346
38	0.02312	0.02615	0.09799	0.23676	0.17260	0.02309	0.07110	0.03051	0.02317	0.03265	0.01991	0.02659	0.01560	0.00983	0.01042	0.00312	0.01338	0.00913	0.00533	0.14952
39	0.01391	0.00985	0.01294	0.01517	0.01587	0.00934	0.01028	0.01583	0.02061	0.02742	0.05690	0.50944	0.06760	0.10208	0.01887	0.00519	0.00711	0.06320	0.00970	0.00868
40	0.01328	0.00949	0.01265	0.01518	0.01581	0.00886	0.01012	0.01518	0.02088	0.02783	0.06010	0.60969	0.07212	0.03416	0.01392	0.00443	0.00633	0.03100	0.01012	0.00886
41	0.01543	0.01115	0.01457	0.01372	0.01629	0.01029	0.01029	0.02058	0.03086	0.04372	0.54304	0.08145	0.10288	0.02229	0.01286	0.00343	0.00514	0.01972	0.01200	0.01029
42	0.01642	0.01220	0.01623	0.01583	0.01669	0.01389	0.01120	0.01835	0.01667	0.02343	0.03035	0.05463	0.03198	0.32821	0.28363	0.01316	0.06912	0.01346	0.00611	0.00845
43	0.01324	0.00967	0.01246	0.01470	0.01569	0.00890	0.00991	0.01524	0.02134	0.02802	0.06599	0.55058	0.12742	0.03339	0.01380	0.00434	0.00623	0.03006	0.01012	0.00890
44	0.02699	0.02591	0.04426	0.06693	0.54879	0.02591	0.03346	0.03346	0.02483	0.03562	0.02051	0.02699	0.01727	0.00972	0.01079	0.00324	0.01295	0.00972	0.00540	0.01727
45	0.16132	0.01900	0.02369	0.01852	0.02666	0.01750	0.01529	0.04946	0.02900	0.46790	0.03816	0.03373	0.02434	0.01291	0.01023	0.00337	0.00913	0.01008	0.01232	0.01738
46	0.02010	0.01609	0.02217	0.02041	0.02280	0.01956	0.01630	0.07842	0.02133	0.03056	0.02617	0.03746	0.02390	0.06243	0.41073	0.01356	0.12954	0.01108	0.00624	0.01116
47	0.02122	0.02002	0.03384	0.53931	0.12149	0.02439	0.03059	0.02841	0.02210	0.02862	0.01949	0.02887	0.01480	0.01078	0.01089	0.00359	0.01438	0.00969	0.00490	0.01262
48	0.04073	0.05197	0.03090	0.02809	0.03371	0.57303	0.02107	0.04354	0.03090	0.02669	0.01685	0.01966	0.01404	0.01124	0.00983	0.00281	0.01966	0.00702	0.00562	0.01264
49	0.03094	0.02348	0.02545	0.02212	0.02878	0.02641	0.01742	0.09761	0.42848	0.10747	0.04261	0.03898	0.03124	0.01449	0.01106	0.00362	0.00900	0.01195	0.01136	0.01752
50	0.01520	0.01114	0.01426	0.01348	0.01615	0.01019	0.01011	0.02013	0.03032	0.04244	0.50418	0.08356	0.14254	0.02277	0.01286	0.00345	0.00518	0.02001	0.01183	0.01019
51	0.02528	0.01961	0.02300	0.01689	0.02620	0.01561	0.01352	0.03201	0.06131	0.08239	0.02334	0.02525	0.01839	0.00906	0.00856	0.00193	0.00822	0.00730	0.00743	0.57470
52	0.01524	0.01114	0.01431	0.01352	0.01617	0.01021	0.01014	0.02021	0.03041	0.04266	0.51064	0.08321	0.13595	0.02269	0.01286	0.00345	0.00517	0.01997	0.01186	0.01021
53	0.02261	0.01938	0.02261	0.01615	0.02584	0.01453	0.01292	0.02745	0.02261	0.03553	0.01938	0.02261	0.01615	0.00807	0.00807	0.00161	0.00807	0.00646	0.00646	0.68346
54	0.02314	0.01931	0.03204	0.53929	0.07085	0.02349	0.02900	0.03013	0.02265	0.07534	0.02150	0.02979	0.01565	0.01113	0.01091	0.00361	0.01406	0.00980	0.00562	0.01269
55	0.02385	0.02385	0.03340	0.02863	0.02863	0.03340	0.02385	0.02624	0.01670	0.02624	0.01431	0.02385	0.01431	0.01908	0.03578	0.00477	0.59685	0.00954	0.00477	0.01193
56	0.01894	0.00947	0.01420	0.01420	0.01420	0.00947	0.00947	0.01420	0.01420	0.01894	0.01894	0.03314	0.01894	0.03788	0.04261	0.68277	0.00947	0.00947	0.00473	0.00473
57	0.04145	0.03054	0.03272	0.02509	0.03381	0.03381	0.02072	0.51243	0.05127	0.06872	0.02618	0.02618	0.01854	0.01309	0.01091	0.00327	0.01200	0.00982	0.01091	0.01854
58	0.02574	0.02941	0.06434	0.04596	0.05699	0.02757	0.50919	0.03493	0.02574	0.03493	0.02206	0.02941	0.01654	0.00919	0.01287	0.00368	0.01838	0.01287	0.00551	0.01471
59	0.02699	0.02591	0.04426	0.06693	0.54879	0.02591	0.03346	0.03346	0.02483	0.03562	0.02051	0.02699	0.01727	0.00972	0.01079	0.00324	0.01295	0.00972	0.00540	0.01727
60	0.02059	0.01938	0.03270	0.59060	0.07510	0.02422	0.03028	0.02786	0.02180	0.02786	0.01938	0.02907	0.01453	0.01090	0.01090	0.00363	0.01453	0.00969	0.00484	0.01211
61	0.03539	0.02309	0.03699	0.04872	0.34918	0.02212	0.02678	0.04100	0.02727	0.23515	0.02913	0.03087	0.02100	0.01116	0.01086	0.00329	0.01155	0.01019	0.00850	0.01776
62	0.01568	0.01125	0.01534	0.01534	0.01654	0.01244	0.01091	0.01807	0.01688	0.02370	0.03120	0.05388	0.03205	0.28896	0.37297	0.01483	0.02199	0.01330	0.00614	0.00852
63	0.01328	0.00949	0.01265	0.01518	0.01581	0.00886	0.01012	0.01518	0.02088	0.02783	0.06010	0.60969	0.07212	0.03416	0.01392	0.00443	0.00633	0.03100	0.01012	0.00886
64	0.02845	0.02814	0.05977	0.04285	0.05357	0.02622	0.45144	0.03706	0.02638	0.09599	0.02451	0.03031	0.01777	0.00970	0.01264	0.00364	0.01732	0.01264	0.00645	0.01516
65	0.69383	0.02109	0.01603	0.01434	0.02109	0.02446	0.01181	0.03205	0.01856	0.04892	0.01518	0.01771	0.01181	0.01012	0.00675	0.00337	0.00843	0.00590	0.00675	0.01181
66	0.02699	0.02591	0.04426	0.06693	0.54879	0.02591	0.03346	0.03346	0.02483	0.03562	0.02051	0.02699	0.01727	0.00972	0.01079	0.00324	0.01295	0.00972	0.00540	0.01727
67	0.02059	0.01938	0.03270	0.59060	0.07510	0.02422	0.03028	0.02786	0.02180	0.02786	0.01938	0.02907	0.01453	0.01090	0.01090	0.00363	0.01453	0.00969	0.00484	0.01211
68	0.69383	0.02109	0.01603	0.01434	0.02109	0.02446	0.01181	0.03205	0.01856	0.04892	0.01518	0.01771	0.01181	0.01012	0.00675	0.00337	0.00843	0.00590	0.00675	0.01181
69	0.01306	0.01036	0.01175	0.01286	0.01520	0.00905	0.00909	0.01544	0.02311	0.02874	0.08838	0.32625	0.33730	0.03048	0.01334	0.00401	0.00587	0.02651	0.01012	0.00905
70	0.02187	0.05640	0.56031	0.03108	0.04719	0.02532	0.04029	0.03453	0.02302	0.03453	0.01957	0.02302	0.01381	0.01036	0.01036	0.00345	0.01611	0.00806	0.00460	0.01611
71	0.02699	0.02591	0.04426	0.06693	0.54879	0.02591	0.03346	0.03346	0.02483	0.03562	0.02051	0.02699	0.01727	0.00972	0.01079	0.00324	0.01295	0.00972	0.00540	0.01727
72	0.02487	0.01931	0.02284	0.01643	0.02601	0.01466	0.01319	0.02966	0.02335	0.08020	0.02141	0.02385	0.01708	0.00854	0.00832	0.00177	0.00818	0.00685	0.00706	0.62644
73	0.02261	0.01938	0.02261	0.01615	0.02584	0.01453	0.01292	0.02745	0.02261	0.03553	0.01938	0.02261	0.01615	0.00807	0.00807	0.00161	0.00807	0.00646	0.00646	0.68346
74	0.01669	0.01027	0.01252	0.01252	0.01252	0.01027	0.00738	0.01541	0.01541	0.02055	0.03019	0.06103	0.03405	0.46042	0.05202	0.19216	0.01027	0.01413	0.00610	0.00610
75	0.02574	0.03232	0.14254	0.05499	0.33004	0.02624	0.15881	0.03404	0.02474	0.03524	0.02074	0.02690	0.01646	0.00969	0.01126	0.00339	0.01494	0.01024	0.00528	0.01639
76	0.01328	0.00949	0.01265	0.01518	0.01581	0.00886	0.01012	0.01518	0.02088	0.02783	0.06010	0.60969	0.07212	0.03416	0.01392	0.00443	0.00633	0.03100	0.01012	0.00886
77	0.02261	0.01938	0.02261	0.01615	0.02584	0.01453	0.01292	0.02745	0.02261	0.03553	0.01938	0.02261	0.01615	0.00807	0.00807	0.00161	0.00807	0.00646	0.00646	0.68346
78	0.08881	0.31407	0.21334	0.02239	0.03359	0.03249	0.02477	0.03561	0.02317	0.09278	0.01986	0.02161	0.01526	0.01022	0.00853	0.00291	0.01254	0.00716	0.00587	0.01502
79	0.01586	0.01057	0.01189	0.01189	0.01189	0.01057	0.00661	0.01586	0.01586	0.02114	0.03436	0.07135	0.03964	0.61681	0.05550	0.01057	0.01057	0.01586	0.00661	0.00661
80	0.01289	0.01105	0.01105	0.01105	0.01473	0.00920	0.00828	0.01565	0.02485	0.02946	0.11046	0.10493	0.54437	0.02761	0.01289	0.00368	0.00552	0.02301	0.01013	0.00920
81	0.02164	0.04972	0.46519	0.13196	0.05222	0.02512	0.03848	0.03333	0.02280	0.03333	0.01953	0.02411	0.01394	0.01046	0.01046	0.00349	0.01583	0.00835	0.00465	0.01539
82	0.04892	0.01856	0.02530	0.01940	0.02783	0.01603	0.01603	0.05314	0.03121	0.55634	0.04302	0.03711	0.02699	0.01350	0.01096	0.00337	0.00928	0.01096	0.01350	0.01856
83	0.02712	0.02342	0.02465	0.02219	0.02835	0.02712	0.01726	0.05794	0.52909	0.04561	0.04438	0.04068	0.03328	0.01479	0.01109	0.00370	0.00863	0.01233	0.01109	0.01726
84	0.69383	0.02109	0.01603	0.01434	0.02109	0.02446	0.01181	0.03205	0.01856	0.04892	0.01518	0.01771	0.01181	0.01012	0.00675	0.00337	0.00843	0.00590	0.00675	0.01181
85	0.01289	0.01105	0.01105	0.01105	0.01473	0.00920	0.00828	0.01565	0.02485	0.02946	0.11046	0.10493	0.54437	0.02761	0.01289	0.00368	0.00552	0.02301	0.01013	0.00920
86	0.24992	0.02337	0.03351	0.02545	0.03406	0.02344	0.14830	0.08208	0.02743	0.20872	0.02689	0.02781	0.01853	0.01121	0.01011	0.00345	0.01171	0.00975	0.00893	0.01534
87	0.02552	0.04420	0.31360	0.04469	0.24024	0.07404	0.03594	0.03491	0.02442	0.03426	0.01969	0.02426	0.01517	0.01019	0.01048	0.00331	0.01520	0.00861	0.00500	0.01625
88	0.01584	0.01165	0.01538	0.01744	0.01977	0.01118	0.01435	0.01981	0.02418	0.03107	0.06773	0.22046	0.15152	0.03050	0.01443	0.00466	0.00846	0.30187	0.01007	0.00964
89	0.02059	0.01938	0.03270	0.59060	0.07510	0.02422	0.03028	0.02786	0.02180	0.02786	0.01938	0.02907	0.01453	0.01090	0.01090	0.00363	0.01453	0.00969	0.00484	0.01211
90	0.02925	0.25916	0.05462	0.03097	0.04071	0.03441	0.22042	0.09937	0.06214	0.03658	0.02146	0.02513	0.01697	0.01015	0.01021	0.00310	0.01426	0.00970	0.00629	0.01512
91	0.04353	0.02091	0.02763	0.02173	0.02868	0.02124	0.01799	0.10208	0.03094	0.40366	0.03587	0.03344	0.02372	0.01446	0.01543	0.00361	0.11554	0.01057	0.01162	0.01736
92	0.01558	0.01168	0.01752	0.01752	0.01947	0.01363	0.01363	0.01947	0.01752	0.02531	0.02921	0.04283	0.02726	0.08178	0.57360	0.01752	0.02921	0.01168	0.00584	0.00974
93	0.03381	0.01952	0.03351	0.02602	0.03335	0.01764	0.15622	0.03891	0.02719	0.28132	0.04105	0.17067	0.03469	0.01716	0.01221	0.00371	0.01119	0.01626	0.01040	0.01515
94	0.02733	0.04876	0.45234	0.02872	0.04328	0.02345	0.03539	0.03829	0.02467	0.13984	0.02430	0.02586	0.01647	0.01099	0.01048	0.00344	0.01473	0.00864	0.00640	0.01661
95	0.02624	0.02514	0.04290	0.12825	0.49332	0.02571	0.03309	0.03281	0.02447	0.03471	0.02038	0.02723	0.01695	0.00985	0.01081	0.00328	0.01314	0.00971	0.00533	0.01667
96	0.02572	0.04686	0.43264	0.02787	0.04172	0.02268	0.03409	0.03645	0.02494	0.11907	0.06335	0.02975	0.02274	0.01178	0.01065	0.00344	0.01418	0.00942	0.00660	0.01606
97	0.02844	0.35829	0.23671	0.02324	0.03494	0.03402	0.02625	0.03534	0.02336	0.08085	0.01949	0.02142	0.01520	0.01011	0.00861	0.00284	0.01304	0.00714	0.00551	0.01521
98	0.09493	0.02799	0.08666	0.02718	0.03662	0.02523	0.12130	0.15478	0.07560	0.19321	0.03005	0.03014	0.02073	0.01201	0.01092	0.00345	0.01235	0.01047	0.00956	0.01681
99	0.02669	0.02674	0.04902	0.06195	0.43218	0.02630	0.14626	0.03381	0.02504	0.03546	0.02088	0.02756	0.01710	0.00959	0.01129	0.00334	0.01424	0.01046	0.00543	0.01666
100	0.02931	0.02600	0.03900	0.10124	0.35254	0.02745	0.02905	0.13090	0.07921	0.04250	0.02388	0.02835	0.01885	0.01099	0.01086	0.00333	0.01248	0.00999	0.00700	0.01706
101	0.01522	0.01087	0.01487	0.01739	0.01887	0.01052	0.01348	0.01852	0.02278	0.03000	0.05903	0.39014	0.06789	0.03234	0.01443	0.00470	0.00800	0.23147	0.01008	0.00939
102	0.02644	0.02535	0.04327	0.11160	0.50838	0.02576	0.03319	0.03298	0.02457	0.03496	0.02041	0.02716	0.01704	0.00982	0.01080	0.00327	0.01309	0.00971	0.00535	0.01683
103	0.02892	0.02964	0.05792	0.04172	0.05228	0.02884	0.41010	0.13180	0.03091	0.04178	0.02289	0.02876	0.01695	0.00998	0.01247	0.00359	0.01709	0.01225	0.00661	0.01548
104	0.02699	0.02591	0.04426	0.06693	0.54879	0.02591	0.03346	0.03346	0.02483	0.03562	0.02051	0.02699	0.01727	0.00972	0.01079	0.00324	0.01295	0.00972	0.00540	0.01727
105	0.09196	0.02306	0.04170	0.03086	0.03968	0.02158	0.24853	0.03881	0.02744	0.20379	0.08915	0.03691	0.02957	0.01218	0.01171	0.00352	0.01303	0.01244	0.00893	0.01516
106	0.02299	0.02182	0.03703	0.39443	0.25255	0.02485	0.03147	0.02996	0.02294	0.03077	0.01980	0.02829	0.01556	0.01046	0.01086	0.00349	0.01394	0.00970	0.00505	0.01404
107	0.02595	0.37451	0.27799	0.02411	0.03642	0.03532	0.02815	0.03347	0.02253	0.02955	0.01709	0.01992	0.01391	0.00978	0.00847	0.00282	0.01362	0.00681	0.00464	0.01492
108	0.02448	0.02184	0.03209	0.37717	0.10214	0.02588	0.02702	0.08179	0.12614	0.03606	0.02513	0.03092	0.01890	0.01179	0.01093	0.00358	0.01297	0.01023	0.00673	0.01421
109	0.02123	0.01750	0.02614	0.03420	0.17960	0.01783	0.02227	0.02900	0.07030	0.03469	0.04546	0.08704	0.04658	0.02267	0.01344	0.00437	0.01078	0.29530	0.00875	0.01284
110	0.03514	0.02346	0.03770	0.02877	0.03738	0.02296	0.17538	0.04866	0.17349	0.24047	0.03665	0.03566	0.02544	0.01248	0.01162	0.00357	0.01203	0.01197	0.01023	0.01694
111	0.03280	0.01906	0.02365	0.01741	0.02661	0.01511	0.01412	0.03740	0.02594	0.23721	0.02853	0.02823	0.02035	0.01017	0.00919	0.00230	0.00854	0.00820	0.00918	0.42598
112	0.02636	0.02527	0.04313	0.11821	0.50240	0.02574	0.03315	0.03291	0.02453	0.03486	0.02040	0.02719	0.01700	0.00983	0.01080	0.00328	0.01311	0.00971	0.00534	0.01677
113	0.01612	0.01153	0.01585	0.01804	0.02001	0.01126	0.01470	0.02025	0.02444	0.03233	0.10594	0.25973	0.06939	0.03052	0.01451	0.00469	0.00849	0.30220	0.01026	0.00972
114	0.62986	0.02411	0.01748	0.01569	0.02232	0.07818	0.01272	0.03318	0.01976	0.04674	0.01535	0.01790	0.01203	0.01023	0.00705	0.00332	0.00953	0.00601	0.00664	0.01189
115	0.02379	0.02265	0.03849	0.32836	0.31231	0.02507	0.03187	0.03067	0.02332	0.03175	0.01995	0.02803	0.01591	0.01031	0.01085	0.00344	0.01374	0.00970	0.00512	0.01470
116	0.01522	0.01125	0.01463	0.01663	0.01878	0.01067	0.01325	0.01877	0.02369	0.03043	0.06940	0.27617	0.16544	0.03090	0.01424	0.00455	0.00791	0.23850	0.01008	0.00949
117	0.02915	0.62337	0.05714	0.01866	0.02799	0.04314	0.01866	0.03265	0.02215	0.02565	0.01516	0.01749	0.01399	0.00933	0.00700	0.00233	0.01166	0.00583	0.00466	0.01399
118	0.01289	0.01105	0.01105	0.01105	0.01473	0.00920	0.00828	0.01565	0.02485	0.02946	0.11046	0.10493	0.54437	0.02761	0.01289	0.00368	0.00552	0.02301	0.01013	0.00920
119	0.03018	0.57278	0.05481	0.01949	0.02849	0.09006	0.01887	0.03361	0.02293	0.02574	0.01531	0.01768	0.01400	0.00950	0.00725	0.00237	0.01237	0.00594	0.00475	0.01387
120	0.01558	0.01168	0.01752	0.01752	0.01947	0.01363	0.01363	0.01947	0.01752	0.02531	0.02921	0.04283	0.02726	0.08178	0.57360	0.01752	0.02921	0.01168	0.00584	0.00974
121	0.02574	0.02941	0.06434	0.04596	0.05699	0.02757	0.50919	0.03493	0.02574	0.03493	0.02206	0.02941	0.01654	0.00919	0.01287	0.00368	0.01838	0.01287	0.00551	0.01471
122	0.01497	0.01113	0.01394	0.01324	0.01601	0.01009	0.00993	0.01969	0.02978	0.04115	0.46504	0.08568	0.18248	0.02325	0.01286	0.00347	0.00521	0.02031	0.01166	0.01009
123	0.01379	0.00985	0.01323	0.01576	0.01661	0.00929	0.01099	0.01605	0.02137	0.02840	0.05982	0.55270	0.07102	0.03369	0.01405	0.00450	0.00676	0.08304	0.01011	0.00899
124	0.02385	0.02385	0.03340	0.02863	0.02863	0.03340	0.02385	0.02624	0.01670	0.02624	0.01431	0.02385	0.01431	0.01908	0.03578	0.00477	0.59685	0.00954	0.00477	0.01193
125	0.02851	0.57317	0.10168	0.01976	0.02969	0.04157	0.02057	0.03282	0.02223	0.02644	0.01555	0.01798	0.01398	0.00942	0.00729	0.00243	0.01205	0.00603	0.00466	0.01418
126	0.04892	0.01856	0.02530	0.01940	0.02783	0.01603	0.01603	0.05314	0.03121	0.55634	0.04302	0.03711	0.02699	0.01350	0.01096	0.00337	0.00928	0.01096	0.01350	0.01856
127	0.01586	0.01057	0.01189	0.01189	0.01189	0.01057	0.00661	0.01586	0.01586	0.02114	0.03436	0.07135	0.03964	0.61681	0.05550	0.01057	0.01057	0.01586	0.00661	0.00661
128	0.01586	0.01057	0.01189	0.01189	0.01189	0.01057	0.00661	0.01586	0.01586	0.02114	0.03436	0.07135	0.03964	0.61681	0.05550	0.01057	0.01057	0.01586	0.00661	0.00661
129	0.02490	0.02325	0.03891	0.05733	0.45278	0.02309	0.02928	0.03114	0.02592	0.03708	0.11472	0.03681	0.03271	0.01198	0.01117	0.00327	0.01155	0.01152	0.00659	0.01601
130	0.01874	0.01602	0.02232	0.02053	0.02134	0.02042	0.01602	0.02127	0.01687	0.02480	0.02468	0.04161	0.02496	0.16895	0.26435	0.01129	0.23858	0.01174	0.00560	0.00991
131	0.02574	0.02941	0.06434	0.04596	0.05699	0.02757	0.50919	0.03493	0.02574	0.03493	0.02206	0.02941	0.01654	0.00919	0.01287	0.00368	0.01838	0.01287	0.00551	0.01471
132	0.03084	0.02766	0.03060	0.03225	0.13483	0.07490	0.02148	0.13371	0.29845	0.04614	0.03392	0.03350	0.02574	0.01316	0.01089	0.00345	0.01106	0.01089	0.00944	0.01710
133	0.02610	0.02459	0.03989	0.05668	0.44325	0.02361	0.02932	0.03225	0.02438	0.03560	0.02028	0.02610	0.01704	0.00938	0.01025	0.00291	0.01197	0.00906	0.00561	0.15172
134	0.02261	0.01938	0.02261	0.01615	0.02584	0.01453	0.01292	0.02745	0.02261	0.03553	0.01938	0.02261	0.01615	0.00807	0.00807	0.00161	0.00807	0.00646	0.00646	0.68346
135	0.02679	0.02443	0.03791	0.09802	0.35870	0.02414	0.02796	0.07263	0.02638	0.03776	0.02067	0.02621	0.01692	0.00977	0.01026	0.00295	0.01202	0.00906	0.00603	0.15138
136	0.01516	0.01077	0.01449	0.01680	0.01810	0.01043	0.01271	0.01811	0.02208	0.02912	0.05698	0.37530	0.06572	0.08230	0.01791	0.00518	0.00813	0.20180	0.00979	0.00912
137	0.03344	0.02656	0.02821	0.02347	0.03076	0.03007	0.01879	0.25846	0.31828	0.05581	0.03635	0.03428	0.02678	0.01404	0.01101	0.00351	0.01012	0.01122	0.01101	0.01783
138	0.27945	0.02163	0.02802	0.03484	0.21972	0.02240	0.02050	0.03508	0.02405	0.12720	0.06680	0.02983	0.02413	0.01156	0.00948	0.00333	0.00999	0.00935	0.00780	0.01484
139	0.02064	0.01394	0.01794	0.01626	0.02089	0.01218	0.01292	0.02532	0.02695	0.08840	0.23204	0.11707	0.06442	0.02071	0.01209	0.00341	0.00733	0.10896	0.01029	0.16825
140	0.69383	0.02109	0.01603	0.01434	0.02109	0.02446	0.01181	0.03205	0.01856	0.04892	0.01518	0.01771	0.01181	0.01012	0.00675	0.00337	0.00843	0.00590	0.00675	0.01181
141	0.02530	0.32358	0.32320	0.02522	0.03814	0.03372	0.03009	0.03364	0.02261	0.03035	0.01749	0.02041	0.01390	0.00987	0.00877	0.00292	0.01402	0.00701	0.00463	0.01511
142	0.01431	0.01022	0.01383	0.01636	0.01744	0.00974	0.01191	0.01696	0.02189	0.02898	0.05953	0.49294	0.06987	0.03319	0.01419	0.00457	0.00722	0.13760	0.01010	0.00914
143	0.01558	0.01168	0.01752	0.01752	0.01947	0.01363	0.01363	0.01947	0.01752	0.02531	0.02921	0.04283	0.02726	0.08178	0.57360	0.01752	0.02921	0.01168	0.00584	0.00974
144	0.01566	0.01136	0.01589	0.01589	0.01728	0.01274	0.01160	0.01842	0.01704	0.02411	0.03070	0.05109	0.03084	0.23657	0.42371	0.01551	0.02381	0.01289	0.00606	0.00883
145	0.02187	0.05640	0.56031	0.03108	0.04719	0.02532	0.04029	0.03453	0.02302	0.03453	0.01957	0.02302	0.01381	0.01036	0.01036	0.00345	0.01611	0.00806	0.00460	0.01611
146	0.69383	0.02109	0.01603	0.01434	0.02109	0.02446	0.01181	0.03205	0.01856	0.04892	0.01518	0.01771	0.01181	0.01012	0.00675	0.00337	0.00843	0.00590	0.00675	0.01181
147	0.02699	0.02591	0.04426	0.06693	0.54879	0.02591	0.03346	0.03346	0.02483	0.03562	0.02051	0.02699	0.01727	0.00972	0.01079	0.00324	0.01295	0.00972	0.00540	0.01727
148	0.02187	0.05640	0.56031	0.03108	0.04719	0.02532	0.04029	0.03453	0.02302	0.03453	0.01957	0.02302	0.01381	0.01036	0.01036	0.00345	0.01611	0.00806	0.00460	0.01611
149	0.01578	0.01088	0.01343	0.01343	0.01397	0.01141	0.00853	0.01685	0.01631	0.02228	0.03294	0.06354	0.03625	0.47024	0.19743	0.01248	0.01568	0.01471	0.00640	0.00746
150	0.02187	0.05640	0.56031	0.03108	0.04719	0.02532	0.04029	0.03453	0.02302	0.03453	0.01957	0.02302	0.01381	0.01036	0.01036	0.00345	0.01611	0.00806	0.00460	0.01611
151	0.03585	0.01580	0.02100	0.01746	0.02375	0.01388	0.01422	0.04013	0.02985	0.35517	0.14239	0.06076	0.10447	0.01823	0.01190	0.00357	0.00816	0.05568	0.01252	0.01521
152	0.03136	0.13002	0.03985	0.19289	0.09003	0.03018	0.06121	0.17573	0.03189	0.08041	0.02273	0.02663	0.01695	0.01124	0.01036	0.00325	0.01304	0.00939	0.00736	0.01548
153	0.01337	0.01074	0.01193	0.01232	0.01520	0.00930	0.00898	0.01632	0.02497	0.03135	0.16757	0.20572	0.37771	0.02814	0.01310	0.00380	0.00563	0.02415	0.01042	0.00930

[dist]
# distance from previous block
# <min> <max>
0	1

[block]
# block no. 1 follows, 12 sequences, length 18
# corresponding to MSA columns:
# 553-570
name=unknown_B
#
# <colnr> <probs for GDERKNQSTAVLIFYWHMCP>
#	G	D	E	R	K	N	Q	S	T	A	V	L	I	F	Y	W	H	M	C	P
0	0.22292	0.08529	0.03034	0.02339	0.02695	0.09537	0.01948	0.03062	0.01945	0.03289	0.01495	0.02093	0.01352	0.01457	0.02137	0.00389	0.29863	0.00781	0.00544	0.01218
1	0.02949	0.01639	0.02371	0.15076	0.08263	0.01659	0.01823	0.03454	0.02529	0.20365	0.03580	0.10268	0.02880	0.01480	0.01050	0.00335	0.00948	0.01273	0.16674	0.01385
2	0.02495	0.02356	0.03855	0.23016	0.34375	0.02549	0.03079	0.03417	0.07545	0.03416	0.02259	0.02905	0.01803	0.01061	0.01086	0.00341	0.01302	0.00997	0.00580	0.01562
3	0.02261	0.01938	0.02261	0.01615	0.02584	0.01453	0.01292	0.02745	0.02261	0.03553	0.01938	0.02261	0.01615	0.00807	0.00807	0.00161	0.00807	0.00646	0.00646	0.68346
4	0.69383	0.02109	0.01603	0.01434	0.02109	0.02446	0.01181	0.03205	0.01856	0.04892	0.01518	0.01771	0.01181	0.01012	0.00675	0.00337	0.00843	0.00590	0.00675	0.01181
5	0.02241	0.06756	0.11673	0.02698	0.09387	0.07509	0.02153	0.02832	0.02652	0.03618	0.23822	0.04745	0.05173	0.01633	0.01418	0.00343	0.07963	0.01309	0.00793	0.01284
6	0.01359	0.00962	0.01256	0.01479	0.01535	0.00906	0.00971	0.01526	0.02028	0.02704	0.05706	0.54621	0.06829	0.10286	0.01882	0.00515	0.00683	0.02921	0.00971	0.00859
7	0.04145	0.03054	0.03272	0.02509	0.03381	0.03381	0.02072	0.51243	0.05127	0.06872	0.02618	0.02618	0.01854	0.01309	0.01091	0.00327	0.01200	0.00982	0.01091	0.01854
8	0.02326	0.15669	0.42499	0.02760	0.04196	0.02769	0.03412	0.03361	0.02283	0.03299	0.01875	0.02198	0.01403	0.00999	0.00956	0.00310	0.01465	0.00752	0.00477	0.06990
9	0.02638	0.10034	0.28363	0.03111	0.09855	0.02697	0.03011	0.04105	0.14293	0.07360	0.02674	0.02809	0.01977	0.01145	0.01028	0.00337	0.01303	0.00924	0.00687	0.01648
10	0.01349	0.00964	0.01283	0.01504	0.01586	0.00899	0.01014	0.01569	0.02182	0.02933	0.10557	0.55995	0.07501	0.03304	0.01382	0.00433	0.00621	0.02993	0.01030	0.00899
11	0.02744	0.02541	0.04735	0.13712	0.27319	0.02535	0.18492	0.03472	0.02519	0.07795	0.02273	0.02894	0.01743	0.01005	0.01149	0.00345	0.01464	0.01083	0.00603	0.01575
12	0.03174	0.03719	0.22519	0.07026	0.09251	0.06837	0.02856	0.07286	0.07003	0.15549	0.02729	0.02848	0.01919	0.01167	0.01064	0.00338	0.01351	0.00940	0.00777	0.01648
13	0.04892	0.01856	0.02530	0.01940	0.02783	0.01603	0.01603	0.05314	0.03121	0.55634	0.04302	0.03711	0.02699	0.01350	0.01096	0.00337	0.00928	0.01096	0.01350	0.01856
14	0.01328	0.00949	0.01265	0.01518	0.01581	0.00886	0.01012	0.01518	0.02088	0.02783	0.06010	0.60969	0.07212	0.03416	0.01392	0.00443	0.00633	0.03100	0.01012	0.00886
15	0.69383	0.02109	0.01603	0.01434	0.02109	0.02446	0.01181	0.03205	0.01856	0.04892	0.01518	0.01771	0.01181	0.01012	0.00675	0.00337	0.00843	0.00590	0.00675	0.01181
16	0.01663	0.01225	0.01626	0.01827	0.02101	0.01188	0.01571	0.02120	0.02505	0.03199	0.06831	0.11937	0.15937	0.02962	0.01462	0.00475	0.00913	0.38464	0.01006	0.00987
17	0.13420	0.14699	0.03170	0.02124	0.02851	0.07683	0.01759	0.12288	0.22751	0.04436	0.02868	0.02831	0.02204	0.01239	0.00946	0.00323	0.01069	0.00917	0.00864	0.01559

[dist]
# distance from previous block
# <min> <max>
1	2

[block]
# block no. 2 follows, 12 sequences, length 66
# corresponding to MSA columns:
# 574-639
name=unknown_C
#
# <colnr> <probs for GDERKNQSTAVLIFYWHMCP>
#	G	D	E	R	K	N	Q	S	T	A	V	L	I	F	Y	W	H	M	C	P
0	0.30661	0.07476	0.02753	0.06804	0.06934	0.12999	0.01834	0.07561	0.06810	0.04163	0.01961	0.02230	0.01540	0.01094	0.00869	0.00322	0.01192	0.00756	0.00684	0.01358
1	0.25317	0.02256	0.02323	0.01965	0.02666	0.02467	0.01614	0.15703	0.11299	0.13543	0.03132	0.03680	0.02435	0.01408	0.00997	0.00356	0.00964	0.05353	0.00991	0.01530
2	0.02261	0.01938	0.02261	0.01615	0.02584	0.01453	0.01292	0.02745	0.02261	0.03553	0.01938	0.02261	0.01615	0.00807	0.00807	0.00161	0.00807	0.00646	0.00646	0.68346
3	0.02261	0.01938	0.02261	0.01615	0.02584	0.01453	0.01292	0.02745	0.02261	0.03553	0.01938	0.02261	0.01615	0.00807	0.00807	0.00161	0.00807	0.00646	0.00646	0.68346
4	0.02261	0.01938	0.02261	0.01615	0.02584	0.01453	0.01292	0.02745	0.02261	0.03553	0.01938	0.02261	0.01615	0.00807	0.00807	0.00161	0.00807	0.00646	0.00646	0.68346
5	0.01894	0.00947	0.01420	0.01420	0.01420	0.00947	0.00947	0.01420	0.01420	0.01894	0.01894	0.03314	0.01894	0.03788	0.04261	0.68277	0.00947	0.00947	0.00473	0.00473
6	0.01328	0.00949	0.01265	0.01518	0.01581	0.00886	0.01012	0.01518	0.02088	0.02783	0.06010	0.60969	0.07212	0.03416	0.01392	0.00443	0.00633	0.03100	0.01012	0.00886
7	0.01331	0.01106	0.01163	0.01149	0.01499	0.00938	0.00861	0.01646	0.02584	0.03181	0.18184	0.10106	0.47152	0.02674	0.01288	0.00364	0.00546	0.02247	0.01044	0.00938
8	0.03912	0.04929	0.03114	0.02814	0.03322	0.52157	0.02133	0.04189	0.02954	0.02664	0.01661	0.02006	0.01407	0.01198	0.01231	0.00300	0.07471	0.00726	0.00554	0.01257
9	0.01757	0.01255	0.01757	0.02008	0.02259	0.01255	0.01757	0.02259	0.02510	0.03263	0.05773	0.12299	0.06275	0.03012	0.01506	0.00502	0.01004	0.47540	0.01004	0.01004
10	0.02574	0.02941	0.06434	0.04596	0.05699	0.02757	0.50919	0.03493	0.02574	0.03493	0.02206	0.02941	0.01654	0.00919	0.01287	0.00368	0.01838	0.01287	0.00551	0.01471
11	0.02059	0.01938	0.03270	0.59060	0.07510	0.02422	0.03028	0.02786	0.02180	0.02786	0.01938	0.02907	0.01453	0.01090	0.01090	0.00363	0.01453	0.00969	0.00484	0.01211
12	0.01558	0.01168	0.01752	0.01752	0.01947	0.01363	0.01363	0.01947	0.01752	0.02531	0.02921	0.04283	0.02726	0.08178	0.57360	0.01752	0.02921	0.01168	0.00584	0.00974
13	0.69383	0.02109	0.01603	0.01434	0.02109	0.02446	0.01181	0.03205	0.01856	0.04892	0.01518	0.01771	0.01181	0.01012	0.00675	0.00337	0.00843	0.00590	0.00675	0.01181
14	0.02261	0.01938	0.02261	0.01615	0.02584	0.01453	0.01292	0.02745	0.02261	0.03553	0.01938	0.02261	0.01615	0.00807	0.00807	0.00161	0.00807	0.00646	0.00646	0.68346
15	0.02261	0.01938	0.02261	0.01615	0.02584	0.01453	0.01292	0.02745	0.02261	0.03553	0.01938	0.02261	0.01615	0.00807	0.00807	0.00161	0.00807	0.00646	0.00646	0.68346
16	0.02261	0.01938	0.02261	0.01615	0.02584	0.01453	0.01292	0.02745	0.02261	0.03553	0.01938	0.02261	0.01615	0.00807	0.00807	0.00161	0.00807	0.00646	0.00646	0.68346
17	0.04218	0.02936	0.03199	0.02453	0.03322	0.03206	0.02026	0.46720	0.04929	0.11674	0.02784	0.02725	0.01937	0.01313	0.01091	0.00328	0.01173	0.00993	0.01116	0.01854
18	0.01558	0.01168	0.01752	0.01752	0.01947	0.01363	0.01363	0.01947	0.01752	0.02531	0.02921	0.04283	0.02726	0.08178	0.57360	0.01752	0.02921	0.01168	0.00584	0.00974
19	0.02261	0.01938	0.02261	0.01615	0.02584	0.01453	0.01292	0.02745	0.02261	0.03553	0.01938	0.02261	0.01615	0.00807	0.00807	0.00161	0.00807	0.00646	0.00646	0.68346
20	0.03503	0.13506	0.03746	0.02964	0.08272	0.20715	0.02222	0.16016	0.03196	0.03827	0.01897	0.02236	0.01557	0.01246	0.01372	0.00319	0.10443	0.00820	0.00668	0.01475
21	0.01328	0.00949	0.01265	0.01518	0.01581	0.00886	0.01012	0.01518	0.02088	0.02783	0.06010	0.60969	0.07212	0.03416	0.01392	0.00443	0.00633	0.03100	0.01012	0.00886
22	0.02496	0.02364	0.03925	0.19240	0.37927	0.02437	0.03065	0.03147	0.02386	0.03368	0.02012	0.02707	0.01648	0.00985	0.01055	0.00318	0.01287	0.00939	0.00536	0.08159
23	0.01390	0.01109	0.01245	0.01211	0.01535	0.00964	0.00908	0.01761	0.02724	0.03513	0.28237	0.09560	0.36892	0.02550	0.01288	0.00358	0.00537	0.02170	0.01087	0.00964
24	0.02261	0.01938	0.02261	0.01615	0.02584	0.01453	0.01292	0.02745	0.02261	0.03553	0.01938	0.02261	0.01615	0.00807	0.00807	0.00161	0.00807	0.00646	0.00646	0.68346
25	0.69383	0.02109	0.01603	0.01434	0.02109	0.02446	0.01181	0.03205	0.01856	0.04892	0.01518	0.01771	0.01181	0.01012	0.00675	0.00337	0.00843	0.00590	0.00675	0.01181
26	0.01328	0.00949	0.01265	0.01518	0.01581	0.00886	0.01012	0.01518	0.02088	0.02783	0.06010	0.60969	0.07212	0.03416	0.01392	0.00443	0.00633	0.03100	0.01012	0.00886
27	0.04097	0.04490	0.03150	0.02710	0.03374	0.39523	0.02095	0.19815	0.03761	0.04055	0.01993	0.02181	0.01553	0.01185	0.01019	0.00296	0.01714	0.00794	0.00736	0.01459
28	0.04821	0.01970	0.02601	0.01994	0.02840	0.01772	0.01647	0.09694	0.03312	0.50984	0.04141	0.03607	0.02618	0.01346	0.01096	0.00336	0.00954	0.01086	0.01325	0.01855
29	0.02261	0.01938	0.02261	0.01615	0.02584	0.01453	0.01292	0.02745	0.02261	0.03553	0.01938	0.02261	0.01615	0.00807	0.00807	0.00161	0.00807	0.00646	0.00646	0.68346
30	0.01289	0.01105	0.01105	0.01105	0.01473	0.00920	0.00828	0.01565	0.02485	0.02946	0.11046	0.10493	0.54437	0.02761	0.01289	0.00368	0.00552	0.02301	0.01013	0.00920
31	0.02261	0.01938	0.02261	0.01615	0.02584	0.01453	0.01292	0.02745	0.02261	0.03553	0.01938	0.02261	0.01615	0.00807	0.00807	0.00161	0.00807	0.00646	0.00646	0.68346
32	0.02936	0.02368	0.07979	0.02097	0.03110	0.01708	0.05871	0.03519	0.02506	0.16514	0.02552	0.02684	0.01865	0.00975	0.00943	0.00241	0.01005	0.00829	0.00795	0.39505
33	0.63558	0.02193	0.01752	0.01530	0.02222	0.02530	0.01260	0.07494	0.02148	0.05069	0.01616	0.01847	0.01241	0.01039	0.00712	0.00336	0.00875	0.00625	0.00712	0.01241
34	0.04198	0.01652	0.02163	0.01716	0.02416	0.01460	0.01399	0.04641	0.02918	0.43122	0.04121	0.03797	0.02722	0.01330	0.01015	0.00317	0.00826	0.01077	0.17456	0.01652
35	0.02958	0.02631	0.04561	0.03437	0.04329	0.02632	0.26840	0.11556	0.11470	0.08234	0.03112	0.03934	0.02441	0.01287	0.01230	0.00371	0.01431	0.05148	0.00832	0.01565
36	0.01586	0.01057	0.01189	0.01189	0.01189	0.01057	0.00661	0.01586	0.01586	0.02114	0.03436	0.07135	0.03964	0.61681	0.05550	0.01057	0.01057	0.01586	0.00661	0.00661
37	0.69383	0.02109	0.01603	0.01434	0.02109	0.02446	0.01181	0.03205	0.01856	0.04892	0.01518	0.01771	0.01181	0.01012	0.00675	0.00337	0.00843	0.00590	0.00675	0.01181
38	0.01558	0.01168	0.01752	0.01752	0.01947	0.01363	0.01363	0.01947	0.01752	0.02531	0.02921	0.04283	0.02726	0.08178	0.57360	0.01752	0.02921	0.01168	0.00584	0.00974
39	0.02401	0.02431	0.03593	0.03005	0.03095	0.03292	0.06363	0.02695	0.01744	0.02695	0.01495	0.02431	0.01450	0.01827	0.03390	0.00468	0.54944	0.00981	0.00483	0.01216
40	0.02255	0.02044	0.02924	0.02117	0.03049	0.01646	0.09970	0.02818	0.02386	0.03612	0.06451	0.02882	0.02362	0.00948	0.00932	0.00213	0.00963	0.00871	0.00677	0.50880
41	0.69383	0.02109	0.01603	0.01434	0.02109	0.02446	0.01181	0.03205	0.01856	0.04892	0.01518	0.01771	0.01181	0.01012	0.00675	0.00337	0.00843	0.00590	0.00675	0.01181
42	0.69383	0.02109	0.01603	0.01434	0.02109	0.02446	0.01181	0.03205	0.01856	0.04892	0.01518	0.01771	0.01181	0.01012	0.00675	0.00337	0.00843	0.00590	0.00675	0.01181
43	0.01894	0.00947	0.01420	0.01420	0.01420	0.00947	0.00947	0.01420	0.01420	0.01894	0.01894	0.03314	0.01894	0.03788	0.04261	0.68277	0.00947	0.00947	0.00473	0.00473
44	0.69383	0.02109	0.01603	0.01434	0.02109	0.02446	0.01181	0.03205	0.01856	0.04892	0.01518	0.01771	0.01181	0.01012	0.00675	0.00337	0.00843	0.00590	0.00675	0.01181
45	0.02699	0.02591	0.04426	0.06693	0.54879	0.02591	0.03346	0.03346	0.02483	0.03562	0.02051	0.02699	0.01727	0.00972	0.01079	0.00324	0.01295	0.00972	0.00540	0.01727
46	0.02261	0.01938	0.02261	0.01615	0.02584	0.01453	0.01292	0.02745	0.02261	0.03553	0.01938	0.02261	0.01615	0.00807	0.00807	0.00161	0.00807	0.00646	0.00646	0.68346
47	0.02261	0.01938	0.02261	0.01615	0.02584	0.01453	0.01292	0.02745	0.02261	0.03553	0.01938	0.02261	0.01615	0.00807	0.00807	0.00161	0.00807	0.00646	0.00646	0.68346
48	0.01543	0.01115	0.01457	0.01372	0.01629	0.01029	0.01029	0.02058	0.03086	0.04372	0.54304	0.08145	0.10288	0.02229	0.01286	0.00343	0.00514	0.01972	0.01200	0.01029
49	0.02915	0.62337	0.05714	0.01866	0.02799	0.04314	0.01866	0.03265	0.02215	0.02565	0.01516	0.01749	0.01399	0.00933	0.00700	0.00233	0.01166	0.00583	0.00466	0.01399
50	0.02463	0.04900	0.43691	0.03260	0.04728	0.02496	0.11529	0.03606	0.02411	0.07562	0.02182	0.02518	0.01530	0.01041	0.01082	0.00348	0.01595	0.00907	0.00545	0.01608
51	0.01984	0.12617	0.16066	0.02079	0.02686	0.02198	0.02037	0.02480	0.01986	0.02747	0.02875	0.12384	0.02948	0.12723	0.11907	0.00718	0.06478	0.01326	0.00602	0.01159
52	0.69383	0.02109	0.01603	0.01434	0.02109	0.02446	0.01181	0.03205	0.01856	0.04892	0.01518	0.01771	0.01181	0.01012	0.00675	0.00337	0.00843	0.00590	0.00675	0.01181
53	0.02961	0.03399	0.02904	0.22774	0.04588	0.28955	0.02272	0.03438	0.02763	0.02973	0.09868	0.03254	0.02788	0.01282	0.01068	0.00320	0.01559	0.00993	0.00632	0.01209
54	0.02520	0.01930	0.02288	0.01647	0.02604	0.01468	0.01323	0.02998	0.02346	0.08682	0.02171	0.02404	0.01722	0.00861	0.00836	0.00179	0.00819	0.00690	0.00715	0.61798
55	0.01333	0.01026	0.01220	0.01340	0.01543	0.00913	0.00941	0.01588	0.02340	0.02999	0.12611	0.35929	0.26219	0.03043	0.01341	0.00404	0.00589	0.02676	0.01030	0.00913
56	0.01558	0.01168	0.01752	0.01752	0.01947	0.01363	0.01363	0.01947	0.01752	0.02531	0.02921	0.04283	0.02726	0.08178	0.57360	0.01752	0.02921	0.01168	0.00584	0.00974
57	0.69383	0.02109	0.01603	0.01434	0.02109	0.02446	0.01181	0.03205	0.01856	0.04892	0.01518	0.01771	0.01181	0.01012	0.00675	0.00337	0.00843	0.00590	0.00675	0.01181
58	0.03014	0.57476	0.05490	0.01946	0.02847	0.08822	0.01886	0.03358	0.02290	0.02574	0.01530	0.01768	0.01400	0.00949	0.00724	0.00237	0.01234	0.00593	0.00475	0.01388
59	0.01543	0.01115	0.01457	0.01372	0.01629	0.01029	0.01029	0.02058	0.03086	0.04372	0.54304	0.08145	0.10288	0.02229	0.01286	0.00343	0.00514	0.01972	0.01200	0.01029
60	0.01586	0.01057	0.01189	0.01189	0.01189	0.01057	0.00661	0.01586	0.01586	0.02114	0.03436	0.07135	0.03964	0.61681	0.05550	0.01057	0.01057	0.01586	0.00661	0.00661
61	0.63551	0.02384	0.01735	0.01557	0.02221	0.07344	0.01264	0.03308	0.01966	0.04694	0.01533	0.01789	0.01201	0.01022	0.00702	0.00332	0.00944	0.00600	0.00665	0.01188
62	0.02205	0.03081	0.20564	0.02457	0.03317	0.02030	0.06494	0.10093	0.02819	0.03876	0.08013	0.14262	0.08757	0.01886	0.01207	0.00375	0.01166	0.05231	0.00812	0.01354
63	0.02457	0.03043	0.11871	0.02741	0.03277	0.08028	0.06936	0.03364	0.09879	0.03097	0.02359	0.03179	0.02041	0.06911	0.06634	0.00555	0.20652	0.01048	0.00610	0.01317
64	0.24378	0.02871	0.11397	0.02737	0.10846	0.06572	0.02131	0.03625	0.02390	0.13926	0.02609	0.07443	0.02125	0.01289	0.00965	0.00341	0.01129	0.01006	0.00769	0.01449
65	0.09003	0.17105	0.12325	0.02305	0.03278	0.02732	0.06065	0.04055	0.10205	0.13666	0.02668	0.02717	0.01963	0.01111	0.00949	0.00308	0.01145	0.00882	0.00775	0.06743

[dist]
# distance from previous block
# <min> <max>
6	16

[block]
# block no. 3 follows, 12 sequences, length 12
# corresponding to MSA columns:
# 657-668
name=unknown_D
#
# <colnr> <probs for GDERKNQSTAVLIFYWHMCP>
#	G	D	E	R	K	N	Q	S	T	A	V	L	I	F	Y	W	H	M	C	P
