[name]
unknown

[dist]
# distance from previous block
# <min> <max>
0	0

[block]
# block no. 0 follows, 13 sequences, length 66
# corresponding to MSA columns:
# 0-36,54-82
name=unknown_A
#
# <colnr> <probs for GDERKNQSTAVLIFYWHMCP>
#	G	D	E	R	K	N	Q	S	T	A	V	L	I	F	Y	W	H	M	C	P
0	0.01704	0.01217	0.01704	0.01947	0.02191	0.01217	0.01704	0.02191	0.02434	0.03164	0.05598	0.11926	0.06085	0.02921	0.01460	0.00487	0.00974	0.49130	0.00974	0.00974
1	0.01279	0.00957	0.01189	0.01375	0.01508	0.00867	0.00938	0.01483	0.02118	0.02737	0.07010	0.49571	0.18811	0.03159	0.01325	0.00412	0.00595	0.02818	0.00982	0.00867
2	0.01997	0.01879	0.03171	0.60301	0.07282	0.02349	0.02936	0.02701	0.02114	0.02701	0.01879	0.02819	0.01409	0.01057	0.01057	0.00352	0.01409	0.00940	0.00470	0.01175
3	0.01997	0.01879	0.03171	0.60301	0.07282	0.02349	0.02936	0.02701	0.02114	0.02701	0.01879	0.02819	0.01409	0.01057	0.01057	0.00352	0.01409	0.00940	0.00470	0.01175
4	0.03519	0.04136	0.02799	0.02537	0.03099	0.40329	0.01922	0.04678	0.19754	0.03187	0.02506	0.02572	0.01971	0.01202	0.00993	0.00301	0.01557	0.00849	0.00718	0.01372
5	0.03808	0.02033	0.02658	0.02092	0.02797	0.06403	0.06412	0.04270	0.02966	0.36597	0.14075	0.04243	0.03886	0.01420	0.01109	0.00326	0.00991	0.01219	0.01140	0.01554
6	0.01997	0.01879	0.03171	0.60301	0.07282	0.02349	0.02936	0.02701	0.02114	0.02701	0.01879	0.02819	0.01409	0.01057	0.01057	0.00352	0.01409	0.00940	0.00470	0.01175
7	0.01288	0.00920	0.01227	0.01472	0.01534	0.00859	0.00981	0.01472	0.02024	0.02699	0.05828	0.62152	0.06993	0.03312	0.01350	0.00429	0.00613	0.03006	0.00981	0.00859
8	0.01997	0.01879	0.03171	0.60301	0.07282	0.02349	0.02936	0.02701	0.02114	0.02701	0.01879	0.02819	0.01409	0.01057	0.01057	0.00352	0.01409	0.00940	0.00470	0.01175
9	0.02368	0.02258	0.03842	0.28077	0.36603	0.02447	0.03121	0.03027	0.02290	0.03152	0.01945	0.02698	0.01568	0.00988	0.01051	0.00329	0.01318	0.00941	0.00502	0.01474
10	0.02121	0.05469	0.57364	0.03014	0.04576	0.02455	0.03906	0.03348	0.02232	0.03348	0.01897	0.02232	0.01339	0.01005	0.01005	0.00335	0.01563	0.00781	0.00446	0.01563
11	0.01523	0.01082	0.01441	0.01441	0.01540	0.01181	0.00999	0.01722	0.01623	0.02263	0.03069	0.05464	0.03212	0.33941	0.33419	0.01380	0.01976	0.01325	0.00602	0.00800
12	0.01333	0.00985	0.01246	0.01370	0.01527	0.00898	0.00956	0.01607	0.02325	0.03101	0.18806	0.40223	0.15888	0.02926	0.01308	0.00394	0.00572	0.02609	0.01026	0.00898
13	0.01510	0.01133	0.01699	0.01699	0.01888	0.01322	0.01322	0.01888	0.01699	0.02454	0.02832	0.04154	0.02643	0.07930	0.58652	0.01699	0.02832	0.01133	0.00566	0.00944
14	0.01997	0.01879	0.03171	0.60301	0.07282	0.02349	0.02936	0.02701	0.02114	0.02701	0.01879	0.02819	0.01409	0.01057	0.01057	0.00352	0.01409	0.00940	0.00470	0.01175
15	0.02617	0.02512	0.04292	0.06490	0.56246	0.02512	0.03245	0.03245	0.02407	0.03454	0.01989	0.02617	0.01675	0.00942	0.01047	0.00314	0.01256	0.00942	0.00523	0.01675
16	0.13161	0.02835	0.02950	0.02289	0.03109	0.03154	0.01890	0.45879	0.04534	0.06399	0.02391	0.02425	0.01708	0.01230	0.01002	0.00319	0.01116	0.00900	0.01002	0.01708
17	0.01288	0.00920	0.01227	0.01472	0.01534	0.00859	0.00981	0.01472	0.02024	0.02699	0.05828	0.62152	0.06993	0.03312	0.01350	0.00429	0.00613	0.03006	0.00981	0.00859
18	0.02121	0.05469	0.57364	0.03014	0.04576	0.02455	0.03906	0.03348	0.02232	0.03348	0.01897	0.02232	0.01339	0.01005	0.01005	0.00335	0.01563	0.00781	0.00446	0.01563
19	0.70310	0.02045	0.01554	0.01390	0.02045	0.02372	0.01145	0.03108	0.01799	0.04744	0.01472	0.01718	0.01145	0.00981	0.00654	0.00327	0.00818	0.00573	0.00654	0.01145
20	0.02617	0.02512	0.04292	0.06490	0.56246	0.02512	0.03245	0.03245	0.02407	0.03454	0.01989	0.02617	0.01675	0.00942	0.01047	0.00314	0.01256	0.00942	0.00523	0.01675
21	0.02121	0.05469	0.57364	0.03014	0.04576	0.02455	0.03906	0.03348	0.02232	0.03348	0.01897	0.02232	0.01339	0.01005	0.01005	0.00335	0.01563	0.00781	0.00446	0.01563
22	0.02088	0.01973	0.03337	0.52341	0.14525	0.02373	0.02982	0.02782	0.02158	0.02813	0.01895	0.02789	0.01449	0.01040	0.01056	0.00347	0.01387	0.00940	0.00478	0.01249
23	0.02882	0.08330	0.32412	0.02456	0.03621	0.02181	0.02803	0.03712	0.02444	0.19166	0.02874	0.07679	0.02200	0.01283	0.01027	0.00332	0.01253	0.01038	0.00748	0.01558
24	0.02226	0.02042	0.11538	0.02074	0.02630	0.01427	0.05992	0.02695	0.02301	0.13739	0.04506	0.35073	0.04686	0.02308	0.01224	0.00386	0.00934	0.02085	0.00917	0.01216
25	0.01510	0.01133	0.01699	0.01699	0.01888	0.01322	0.01322	0.01888	0.01699	0.02454	0.02832	0.04154	0.02643	0.07930	0.58652	0.01699	0.02832	0.01133	0.00566	0.00944
26	0.02121	0.05469	0.57364	0.03014	0.04576	0.02455	0.03906	0.03348	0.02232	0.03348	0.01897	0.02232	0.01339	0.01005	0.01005	0.00335	0.01563	0.00781	0.00446	0.01563
27	0.02386	0.02277	0.03875	0.26504	0.38035	0.02452	0.03130	0.03043	0.02298	0.03174	0.01948	0.02692	0.01576	0.00985	0.01051	0.00328	0.01313	0.00941	0.00503	0.01489
28	0.02617	0.02512	0.04292	0.06490	0.56246	0.02512	0.03245	0.03245	0.02407	0.03454	0.01989	0.02617	0.01675	0.00942	0.01047	0.00314	0.01256	0.00942	0.00523	0.01675
29	0.02193	0.01984	0.03171	0.54693	0.06894	0.02439	0.02847	0.07549	0.02391	0.03085	0.01943	0.02792	0.01447	0.01078	0.01057	0.00349	0.01386	0.00941	0.00527	0.01235
30	0.02132	0.01864	0.02704	0.03567	0.23116	0.01920	0.02022	0.03159	0.14199	0.03536	0.08817	0.20440	0.04353	0.01850	0.01159	0.00359	0.00903	0.01683	0.00842	0.01376
31	0.01253	0.01056	0.01086	0.01110	0.01438	0.00889	0.00821	0.01513	0.02373	0.02841	0.10238	0.15212	0.51086	0.02739	0.01259	0.00364	0.00543	0.02306	0.00982	0.00889
32	0.02057	0.01941	0.03280	0.55086	0.12027	0.02365	0.02966	0.02754	0.02143	0.02774	0.01890	0.02799	0.01435	0.01046	0.01056	0.00349	0.01395	0.00940	0.00475	0.01223
33	0.02424	0.03049	0.13124	0.09881	0.15499	0.02573	0.26518	0.03453	0.06276	0.03405	0.02208	0.02788	0.01680	0.00976	0.01139	0.00344	0.01536	0.01081	0.00553	0.01491
34	0.03604	0.01465	0.01850	0.01513	0.02096	0.01320	0.01219	0.04047	0.02694	0.35170	0.03874	0.03740	0.02655	0.01277	0.00930	0.00294	0.00732	0.01031	0.29025	0.01465
35	0.01288	0.00920	0.01227	0.01472	0.01534	0.00859	0.00981	0.01472	0.02024	0.02699	0.05828	0.62152	0.06993	0.03312	0.01350	0.00429	0.00613	0.03006	0.00981	0.00859
36	0.02345	0.05156	0.52672	0.02917	0.04416	0.02378	0.03705	0.03503	0.02300	0.07930	0.02092	0.02349	0.01449	0.01031	0.01010	0.00334	0.01506	0.00805	0.00520	0.01583
37	0.02293	0.19656	0.44690	0.02719	0.04121	0.02878	0.03394	0.03304	0.02212	0.03138	0.01793	0.02101	0.01344	0.00980	0.00925	0.00308	0.01457	0.00728	0.00448	0.01512
38	0.70310	0.02045	0.01554	0.01390	0.02045	0.02372	0.01145	0.03108	0.01799	0.04744	0.01472	0.01718	0.01145	0.00981	0.00654	0.00327	0.00818	0.00573	0.00654	0.01145
39	0.02617	0.02512	0.04292	0.06490	0.56246	0.02512	0.03245	0.03245	0.02407	0.03454	0.01989	0.02617	0.01675	0.00942	0.01047	0.00314	0.01256	0.00942	0.00523	0.01675
40	0.02827	0.01859	0.02257	0.01644	0.02554	0.01445	0.01328	0.03282	0.02400	0.16765	0.02450	0.02542	0.01828	0.00914	0.00853	0.00199	0.00812	0.00735	0.00796	0.52510
41	0.01252	0.01061	0.01082	0.01099	0.01435	0.00890	0.00816	0.01514	0.02383	0.02845	0.10374	0.13759	0.52451	0.02722	0.01256	0.00362	0.00541	0.02285	0.00982	0.00890
42	0.02192	0.01879	0.02192	0.01566	0.02506	0.01409	0.01253	0.02662	0.02192	0.03445	0.01879	0.02192	0.01566	0.00783	0.00783	0.00157	0.00783	0.00626	0.00626	0.69305
43	0.03068	0.03000	0.02604	0.02314	0.02920	0.16232	0.01792	0.09305	0.37692	0.04170	0.03507	0.03331	0.02654	0.01337	0.01045	0.00334	0.01124	0.01050	0.00946	0.01576
44	0.02121	0.05469	0.57364	0.03014	0.04576	0.02455	0.03906	0.03348	0.02232	0.03348	0.01897	0.02232	0.01339	0.01005	0.01005	0.00335	0.01563	0.00781	0.00446	0.01563
45	0.01288	0.00920	0.01227	0.01472	0.01534	0.00859	0.00981	0.01472	0.02024	0.02699	0.05828	0.62152	0.06993	0.03312	0.01350	0.00429	0.00613	0.03006	0.00981	0.00859
46	0.02100	0.01985	0.03358	0.51313	0.15460	0.02376	0.02988	0.02792	0.02163	0.02827	0.01898	0.02785	0.01454	0.01038	0.01055	0.00346	0.01384	0.00940	0.00479	0.01258
47	0.02665	0.02420	0.03692	0.28194	0.21781	0.07135	0.06891	0.03296	0.02401	0.08245	0.02136	0.02756	0.01622	0.01034	0.01061	0.00331	0.01385	0.00956	0.00580	0.01418
48	0.02515	0.24405	0.35647	0.02567	0.03851	0.03096	0.03053	0.07488	0.02438	0.03346	0.01811	0.02081	0.01384	0.00994	0.00901	0.00297	0.01386	0.00725	0.00500	0.01515
49	0.02121	0.05469	0.57364	0.03014	0.04576	0.02455	0.03906	0.03348	0.02232	0.03348	0.01897	0.02232	0.01339	0.01005	0.01005	0.00335	0.01563	0.00781	0.00446	0.01563
50	0.04300	0.02275	0.07445	0.02210	0.03112	0.01841	0.05589	0.08358	0.03062	0.44732	0.03707	0.03349	0.02373	0.01249	0.01072	0.00329	0.01041	0.01045	0.01159	0.01751
51	0.02583	0.03379	0.23934	0.16671	0.04770	0.02340	0.07116	0.03788	0.09832	0.11275	0.02595	0.02874	0.01839	0.01114	0.01057	0.00343	0.01342	0.00960	0.00677	0.01508
52	0.01288	0.00920	0.01227	0.01472	0.01534	0.00859	0.00981	0.01472	0.02024	0.02699	0.05828	0.62152	0.06993	0.03312	0.01350	0.00429	0.00613	0.03006	0.00981	0.00859
53	0.01997	0.01879	0.03171	0.60301	0.07282	0.02349	0.02936	0.02701	0.02114	0.02701	0.01879	0.02819	0.01409	0.01057	0.01057	0.00352	0.01409	0.00940	0.00470	0.01175
54	0.02408	0.02956	0.12155	0.23819	0.22258	0.07120	0.03066	0.03095	0.02260	0.03029	0.01856	0.02541	0.01480	0.01081	0.01243	0.00340	0.06507	0.00893	0.00489	0.01404
55	0.02306	0.09599	0.37251	0.03545	0.09620	0.02654	0.13664	0.03331	0.02296	0.03293	0.01920	0.02352	0.01428	0.00967	0.01031	0.00328	0.01541	0.00875	0.00473	0.01528
56	0.01443	0.01053	0.01357	0.01335	0.01561	0.00967	0.00981	0.01873	0.02788	0.03881	0.44047	0.17141	0.12841	0.02392	0.01264	0.00351	0.00521	0.02119	0.01120	0.00967
57	0.02995	0.03786	0.31088	0.02611	0.03686	0.02290	0.02896	0.03801	0.02390	0.20472	0.02548	0.02685	0.01758	0.01237	0.01416	0.00353	0.10793	0.00895	0.00726	0.01574
58	0.01838	0.01060	0.01422	0.01537	0.01719	0.00969	0.01073	0.02058	0.02184	0.11336	0.05564	0.52835	0.06297	0.02994	0.01304	0.00413	0.00659	0.02697	0.01034	0.01008
59	0.02121	0.05469	0.57364	0.03014	0.04576	0.02455	0.03906	0.03348	0.02232	0.03348	0.01897	0.02232	0.01339	0.01005	0.01005	0.00335	0.01563	0.00781	0.00446	0.01563
60	0.02827	0.63478	0.05540	0.01809	0.02714	0.04184	0.01809	0.03166	0.02148	0.02488	0.01470	0.01696	0.01357	0.00905	0.00678	0.00226	0.01131	0.00565	0.00452	0.01357
61	0.02524	0.37878	0.03899	0.01635	0.02326	0.02910	0.01504	0.02901	0.02449	0.07390	0.15751	0.04089	0.08188	0.01396	0.00897	0.00272	0.00907	0.01077	0.00741	0.01266
62	0.03408	0.04694	0.12215	0.03083	0.07768	0.40337	0.02474	0.03866	0.02714	0.02782	0.01688	0.02051	0.01386	0.01122	0.01165	0.00301	0.06375	0.00738	0.00520	0.01313
63	0.02630	0.02271	0.02391	0.02152	0.02749	0.02630	0.01674	0.05618	0.54336	0.04423	0.04303	0.03945	0.03228	0.01434	0.01076	0.00359	0.00837	0.01195	0.01076	0.01674
64	0.04511	0.01806	0.02515	0.06835	0.03088	0.01621	0.01671	0.04945	0.02949	0.52376	0.03977	0.03533	0.02515	0.01287	0.01063	0.00329	0.00943	0.01053	0.01238	0.01746
65	0.01942	0.02130	0.11121	0.06348	0.02761	0.01671	0.01774	0.06719	0.07326	0.04185	0.33825	0.05784	0.06628	0.01748	0.01162	0.00335	0.00830	0.01509	0.00974	0.01228

[dist]
# distance from previous block
# <min> <max>
3	7

[block]
# block no. 1 follows, 13 sequences, length 10
# corresponding to MSA columns:
# 90-99
name=unknown_B
#
# <colnr> <probs for GDERKNQSTAVLIFYWHMCP>
#	G	D	E	R	K	N	Q	S	T	A	V	L	I	F	Y	W	H	M	C	P
0	0.02219	0.01952	0.02587	0.02227	0.02411	0.02453	0.01815	0.08058	0.02485	0.03611	0.20668	0.04308	0.04463	0.01894	0.02412	0.00400	0.32809	0.01276	0.00778	0.01174
1	0.02393	0.01675	0.01754	0.01591	0.02009	0.07513	0.01240	0.02802	0.02843	0.14381	0.26646	0.07109	0.16332	0.02028	0.01193	0.00341	0.00779	0.05136	0.01074	0.01163
2	0.02827	0.63478	0.05540	0.01809	0.02714	0.04184	0.01809	0.03166	0.02148	0.02488	0.01470	0.01696	0.01357	0.00905	0.00678	0.00226	0.01131	0.00565	0.00452	0.01357
3	0.02827	0.63478	0.05540	0.01809	0.02714	0.04184	0.01809	0.03166	0.02148	0.02488	0.01470	0.01696	0.01357	0.00905	0.00678	0.00226	0.01131	0.00565	0.00452	0.01357
4	0.02121	0.05469	0.57364	0.03014	0.04576	0.02455	0.03906	0.03348	0.02232	0.03348	0.01897	0.02232	0.01339	0.01005	0.01005	0.00335	0.01563	0.00781	0.00446	0.01563
5	0.01510	0.01133	0.01699	0.01699	0.01888	0.01322	0.01322	0.01888	0.01699	0.02454	0.02832	0.04154	0.02643	0.07930	0.58652	0.01699	0.02832	0.01133	0.00566	0.00944
6	0.10056	0.02045	0.02948	0.03282	0.19438	0.01929	0.02047	0.04368	0.02720	0.35423	0.03240	0.03119	0.02187	0.01164	0.01021	0.00323	0.01004	0.00980	0.01003	0.01701
7	0.02848	0.03165	0.03318	0.07827	0.11446	0.20425	0.02419	0.03190	0.02210	0.02709	0.01595	0.02272	0.01425	0.01411	0.02122	0.00372	0.28636	0.00852	0.00498	0.01259
8	0.04744	0.01799	0.02454	0.01881	0.02699	0.01554	0.01554	0.05153	0.03026	0.56979	0.04171	0.03599	0.02617	0.01309	0.01063	0.00327	0.00900	0.01063	0.01309	0.01799
9	0.33307	0.02573	0.02136	0.01800	0.02503	0.13450	0.01439	0.03783	0.02385	0.16901	0.02209	0.02267	0.01595	0.01061	0.00829	0.00297	0.01054	0.00720	0.00789	0.08903

[dist]
# distance from previous block
# <min> <max>
0	2

[block]
# block no. 2 follows, 13 sequences, length 53
# corresponding to MSA columns:
# 102-154
name=unknown_C
#
# <colnr> <probs for GDERKNQSTAVLIFYWHMCP>
#	G	D	E	R	K	N	Q	S	T	A	V	L	I	F	Y	W	H	M	C	P
0	0.02652	0.49095	0.18390	0.02108	0.03175	0.03755	0.02329	0.03211	0.02169	0.02701	0.01576	0.01829	0.01353	0.00929	0.00759	0.00253	0.01238	0.00619	0.00451	0.01408
1	0.02480	0.01870	0.02222	0.01602	0.02527	0.01426	0.01287	0.02943	0.02286	0.09482	0.02138	0.02351	0.01685	0.00842	0.00815	0.00176	0.00796	0.00676	0.00703	0.61693
2	0.02418	0.02310	0.03933	0.23704	0.40583	0.02460	0.03146	0.03071	0.02314	0.03213	0.01954	0.02681	0.01590	0.00979	0.01050	0.00326	0.01305	0.00941	0.00506	0.01515
3	0.01491	0.01144	0.01390	0.01283	0.01617	0.01005	0.00969	0.01928	0.02778	0.03821	0.39764	0.08011	0.21003	0.02180	0.01210	0.00324	0.00532	0.01888	0.01073	0.06590
4	0.01288	0.00920	0.01227	0.01472	0.01534	0.00859	0.00981	0.01472	0.02024	0.02699	0.05828	0.62152	0.06993	0.03312	0.01350	0.00429	0.00613	0.03006	0.00981	0.00859
5	0.01360	0.01028	0.01256	0.01300	0.01521	0.00924	0.00936	0.01694	0.02522	0.03359	0.27126	0.25493	0.22292	0.02670	0.01280	0.00370	0.00545	0.02346	0.01054	0.00924
6	0.02630	0.02271	0.02391	0.02152	0.02749	0.02630	0.01674	0.05618	0.54336	0.04423	0.04303	0.03945	0.03228	0.01434	0.01076	0.00359	0.00837	0.01195	0.01076	0.01674
7	0.02630	0.02271	0.02391	0.02152	0.02749	0.02630	0.01674	0.05618	0.54336	0.04423	0.04303	0.03945	0.03228	0.01434	0.01076	0.00359	0.00837	0.01195	0.01076	0.01674
8	0.04019	0.02962	0.03173	0.02433	0.03279	0.03279	0.02010	0.52721	0.04971	0.06663	0.02538	0.02538	0.01798	0.01269	0.01058	0.00317	0.01163	0.00952	0.01058	0.01798
9	0.01997	0.01879	0.03171	0.60301	0.07282	0.02349	0.02936	0.02701	0.02114	0.02701	0.01879	0.02819	0.01409	0.01057	0.01057	0.00352	0.01409	0.00940	0.00470	0.01175
10	0.02949	0.57277	0.05298	0.01873	0.02772	0.04091	0.01830	0.08243	0.02438	0.02915	0.01579	0.01782	0.01402	0.00942	0.00717	0.00235	0.01134	0.00605	0.00514	0.01402
11	0.02480	0.01870	0.02222	0.01602	0.02527	0.01426	0.01287	0.02943	0.02286	0.09482	0.02138	0.02351	0.01685	0.00842	0.00815	0.00176	0.00796	0.00676	0.00703	0.61693
12	0.04019	0.02962	0.03173	0.02433	0.03279	0.03279	0.02010	0.52721	0.04971	0.06663	0.02538	0.02538	0.01798	0.01269	0.01058	0.00317	0.01163	0.00952	0.01058	0.01798
13	0.04019	0.02962	0.03173	0.02433	0.03279	0.03279	0.02010	0.52721	0.04971	0.06663	0.02538	0.02538	0.01798	0.01269	0.01058	0.00317	0.01163	0.00952	0.01058	0.01798
14	0.01997	0.01879	0.03171	0.60301	0.07282	0.02349	0.02936	0.02701	0.02114	0.02701	0.01879	0.02819	0.01409	0.01057	0.01057	0.00352	0.01409	0.00940	0.00470	0.01175
15	0.01288	0.00920	0.01227	0.01472	0.01534	0.00859	0.00981	0.01472	0.02024	0.02699	0.05828	0.62152	0.06993	0.03312	0.01350	0.00429	0.00613	0.03006	0.00981	0.00859
16	0.02089	0.01807	0.02459	0.02117	0.02604	0.01901	0.08232	0.03662	0.24600	0.04028	0.21026	0.11656	0.05645	0.01811	0.01186	0.00358	0.00829	0.01642	0.01021	0.01327
17	0.02496	0.02852	0.06239	0.04456	0.05526	0.02674	0.52406	0.03387	0.02496	0.03387	0.02139	0.02852	0.01604	0.00891	0.01248	0.00357	0.01783	0.01248	0.00535	0.01426
18	0.01538	0.01025	0.01153	0.01153	0.01153	0.01025	0.00641	0.01538	0.01538	0.02050	0.03331	0.06919	0.03844	0.62842	0.05382	0.01025	0.01025	0.01538	0.00641	0.00641
19	0.03976	0.01607	0.02142	0.01703	0.02377	0.01412	0.01384	0.04407	0.02930	0.43604	0.11313	0.04240	0.03660	0.01420	0.01052	0.00319	0.00798	0.01174	0.08889	0.01595
20	0.02617	0.02512	0.04292	0.06490	0.56246	0.02512	0.03245	0.03245	0.02407	0.03454	0.01989	0.02617	0.01675	0.00942	0.01047	0.00314	0.01256	0.00942	0.00523	0.01675
21	0.02121	0.05469	0.57364	0.03014	0.04576	0.02455	0.03906	0.03348	0.02232	0.03348	0.01897	0.02232	0.01339	0.01005	0.01005	0.00335	0.01563	0.00781	0.00446	0.01563
22	0.01439	0.01031	0.01385	0.01537	0.01691	0.00977	0.01145	0.01779	0.02389	0.03237	0.19881	0.35735	0.07637	0.02901	0.01345	0.00415	0.00660	0.12863	0.01031	0.00923
23	0.02617	0.02512	0.04292	0.06490	0.56246	0.02512	0.03245	0.03245	0.02407	0.03454	0.01989	0.02617	0.01675	0.00942	0.01047	0.00314	0.01256	0.00942	0.00523	0.01675
24	0.01288	0.00920	0.01227	0.01472	0.01534	0.00859	0.00981	0.01472	0.02024	0.02699	0.05828	0.62152	0.06993	0.03312	0.01350	0.00429	0.00613	0.03006	0.00981	0.00859
25	0.01399	0.01006	0.01326	0.01397	0.01558	0.00933	0.00990	0.01751	0.02541	0.03520	0.32405	0.33233	0.08583	0.02699	0.01295	0.00378	0.00552	0.02423	0.01079	0.00933
26	0.01500	0.01052	0.01223	0.01273	0.01366	0.01021	0.00837	0.01622	0.01830	0.02373	0.04949	0.11784	0.12355	0.41246	0.03929	0.00807	0.00915	0.08415	0.00762	0.00741
27	0.02192	0.01879	0.02192	0.01566	0.02506	0.01409	0.01253	0.02662	0.02192	0.03445	0.01879	0.02192	0.01566	0.00783	0.00783	0.00157	0.00783	0.00626	0.00626	0.69305
28	0.10237	0.03658	0.02613	0.02365	0.02942	0.31112	0.01808	0.04650	0.22802	0.03521	0.02654	0.02678	0.02064	0.01212	0.00970	0.00311	0.01380	0.00870	0.00762	0.01391
29	0.04299	0.02513	0.02896	0.02220	0.03055	0.02614	0.01834	0.34381	0.04221	0.26063	0.03168	0.02947	0.02114	0.01284	0.01060	0.00321	0.01062	0.00995	0.01154	0.01799
30	0.02462	0.02536	0.04974	0.03629	0.04531	0.02424	0.37211	0.08653	0.02819	0.03800	0.08376	0.03936	0.06944	0.01211	0.01226	0.00350	0.01479	0.01363	0.00695	0.01380
31	0.01997	0.01879	0.03171	0.60301	0.07282	0.02349	0.02936	0.02701	0.02114	0.02701	0.01879	0.02819	0.01409	0.01057	0.01057	0.00352	0.01409	0.00940	0.00470	0.01175
32	0.01312	0.01074	0.01157	0.01137	0.01466	0.00919	0.00852	0.01638	0.02557	0.03206	0.22067	0.09600	0.44243	0.02547	0.01249	0.00351	0.00526	0.02151	0.01028	0.00919
33	0.03950	0.05039	0.02996	0.02724	0.03269	0.58597	0.02043	0.04222	0.02996	0.02588	0.01634	0.01907	0.01362	0.01090	0.00953	0.00272	0.01907	0.00681	0.00545	0.01226
34	0.01997	0.01879	0.03171	0.60301	0.07282	0.02349	0.02936	0.02701	0.02114	0.02701	0.01879	0.02819	0.01409	0.01057	0.01057	0.00352	0.01409	0.00940	0.00470	0.01175
35	0.70310	0.02045	0.01554	0.01390	0.02045	0.02372	0.01145	0.03108	0.01799	0.04744	0.01472	0.01718	0.01145	0.00981	0.00654	0.00327	0.00818	0.00573	0.00654	0.01145
36	0.39456	0.02310	0.02209	0.01800	0.02540	0.02554	0.01485	0.19606	0.03008	0.12695	0.02199	0.02250	0.01565	0.01121	0.00843	0.00324	0.00942	0.00765	0.00878	0.01450
37	0.02250	0.02314	0.03826	0.03062	0.03700	0.06662	0.24498	0.03092	0.07736	0.03244	0.03626	0.17231	0.03577	0.01786	0.01259	0.00384	0.01323	0.08432	0.00752	0.01245
38	0.01349	0.01075	0.01209	0.01176	0.01489	0.00935	0.00882	0.01710	0.02645	0.03415	0.28871	0.09256	0.37309	0.02469	0.01249	0.00347	0.00521	0.02103	0.01055	0.00935
39	0.01299	0.00955	0.01219	0.01402	0.01522	0.00875	0.00957	0.01520	0.02157	0.02844	0.10472	0.50270	0.14372	0.03129	0.01327	0.00411	0.00593	0.02806	0.00996	0.00875
40	0.08375	0.02438	0.02766	0.02611	0.10974	0.05775	0.01802	0.14747	0.02962	0.08647	0.02190	0.02398	0.01677	0.00999	0.00911	0.00253	0.01029	0.00786	0.00764	0.27894
41	0.02453	0.32757	0.32985	0.02447	0.03700	0.03268	0.02920	0.03263	0.02193	0.02943	0.01696	0.01980	0.01348	0.00958	0.00851	0.00284	0.01359	0.00680	0.00449	0.01466
42	0.01288	0.00920	0.01227	0.01472	0.01534	0.00859	0.00981	0.01472	0.02024	0.02699	0.05828	0.62152	0.06993	0.03312	0.01350	0.00429	0.00613	0.03006	0.00981	0.00859
43	0.01496	0.01081	0.01413	0.01330	0.01580	0.00998	0.00998	0.01995	0.02993	0.04240	0.55689	0.07898	0.09976	0.02162	0.01247	0.00333	0.00499	0.01912	0.01164	0.00998
44	0.02427	0.31253	0.29171	0.07620	0.03981	0.03224	0.02875	0.03208	0.02184	0.02903	0.01703	0.02044	0.01354	0.00964	0.00862	0.00287	0.01354	0.00698	0.00451	0.01435
45	0.02411	0.01963	0.02511	0.02188	0.02682	0.02094	0.06679	0.14491	0.17494	0.04157	0.04272	0.26106	0.04198	0.02070	0.01196	0.00376	0.00921	0.01848	0.00980	0.01360
46	0.09679	0.01185	0.01246	0.06362	0.01867	0.01264	0.00982	0.02558	0.02161	0.03921	0.03085	0.03590	0.02417	0.01188	0.00758	0.00265	0.00612	0.00935	0.54904	0.01020
47	0.02314	0.01943	0.03233	0.48983	0.12391	0.02296	0.02847	0.02983	0.02229	0.07664	0.02098	0.02866	0.01548	0.01067	0.01056	0.00346	0.01346	0.00951	0.00551	0.01287
48	0.03659	0.03049	0.02696	0.02267	0.02925	0.18343	0.01786	0.17460	0.12598	0.14015	0.07666	0.03281	0.02810	0.01335	0.01049	0.00315	0.01209	0.01025	0.00970	0.01542
49	0.12071	0.02679	0.02760	0.02347	0.02716	0.10690	0.01911	0.13648	0.02612	0.03860	0.01867	0.02371	0.01559	0.01446	0.01972	0.00367	0.26224	0.00854	0.06762	0.01287
50	0.16225	0.38951	0.10210	0.01818	0.02687	0.03337	0.01839	0.03070	0.02163	0.03197	0.06391	0.02318	0.02087	0.01044	0.00761	0.00268	0.01060	0.00712	0.00556	0.01305
51	0.01530	0.01053	0.01297	0.01297	0.01347	0.01103	0.00820	0.01630	0.01580	0.02157	0.03200	0.06190	0.03528	0.48370	0.19421	0.01203	0.01501	0.01431	0.00621	0.00721
52	0.02772	0.02342	0.02471	0.02180	0.02804	0.02696	0.01708	0.10444	0.49278	0.04652	0.04123	0.03801	0.03081	0.01418	0.01074	0.00354	0.00870	0.01170	0.01074	0.01686

[dist]
# distance from previous block
# <min> <max>
0	4

[block]
# block no. 3 follows, 13 sequences, length 39
# corresponding to MSA columns:
# 159-197
name=unknown_D
#
# <colnr> <probs for GDERKNQSTAVLIFYWHMCP>
#	G	D	E	R	K	N	Q	S	T	A	V	L	I	F	Y	W	H	M	C	P
0	0.01662	0.01203	0.01521	0.01450	0.01711	0.01158	0.01078	0.06079	0.02958	0.04125	0.41095	0.18556	0.08690	0.02323	0.01252	0.00351	0.00577	0.02057	0.01118	0.01035
1	0.02246	0.02211	0.03088	0.02656	0.02677	0.03053	0.02205	0.02499	0.01733	0.02685	0.05874	0.02775	0.02097	0.01876	0.03286	0.00452	0.55916	0.01007	0.00521	0.01143
2	0.02121	0.05469	0.57364	0.03014	0.04576	0.02455	0.03906	0.03348	0.02232	0.03348	0.01897	0.02232	0.01339	0.01005	0.01005	0.00335	0.01563	0.00781	0.00446	0.01563
3	0.02313	0.02313	0.03238	0.02776	0.02776	0.03238	0.02313	0.02545	0.01619	0.02545	0.01388	0.02313	0.01388	0.01851	0.03470	0.00463	0.60907	0.00925	0.00463	0.01157
4	0.01997	0.01879	0.03171	0.60301	0.07282	0.02349	0.02936	0.02701	0.02114	0.02701	0.01879	0.02819	0.01409	0.01057	0.01057	0.00352	0.01409	0.00940	0.00470	0.01175
5	0.70310	0.02045	0.01554	0.01390	0.02045	0.02372	0.01145	0.03108	0.01799	0.04744	0.01472	0.01718	0.01145	0.00981	0.00654	0.00327	0.00818	0.00573	0.00654	0.01145
6	0.02121	0.05469	0.57364	0.03014	0.04576	0.02455	0.03906	0.03348	0.02232	0.03348	0.01897	0.02232	0.01339	0.01005	0.01005	0.00335	0.01563	0.00781	0.00446	0.01563
7	0.02192	0.01879	0.02192	0.01566	0.02506	0.01409	0.01253	0.02662	0.02192	0.03445	0.01879	0.02192	0.01566	0.00783	0.00783	0.00157	0.00783	0.00626	0.00626	0.69305
8	0.02937	0.57718	0.05290	0.01899	0.02768	0.09547	0.01832	0.03270	0.02232	0.02497	0.01486	0.01717	0.01357	0.00923	0.00706	0.00231	0.01207	0.00577	0.00461	0.01344
9	0.70310	0.02045	0.01554	0.01390	0.02045	0.02372	0.01145	0.03108	0.01799	0.04744	0.01472	0.01718	0.01145	0.00981	0.00654	0.00327	0.00818	0.00573	0.00654	0.01145
10	0.01483	0.01059	0.01450	0.01695	0.01842	0.01027	0.01320	0.01809	0.02216	0.02917	0.05720	0.38611	0.06567	0.03129	0.01401	0.00456	0.00782	0.24625	0.00978	0.00913
11	0.01496	0.01081	0.01413	0.01330	0.01580	0.00998	0.00998	0.01995	0.02993	0.04240	0.55689	0.07898	0.09976	0.02162	0.01247	0.00333	0.00499	0.01912	0.01164	0.00998
12	0.01439	0.01079	0.01333	0.01270	0.01544	0.00973	0.00952	0.01884	0.02857	0.03916	0.45170	0.08431	0.20697	0.02282	0.01248	0.00338	0.00507	0.01987	0.01121	0.00973
13	0.02832	0.01816	0.01905	0.01594	0.02092	0.01949	0.01273	0.23586	0.03375	0.05086	0.03066	0.03352	0.02327	0.01248	0.00873	0.00276	0.00775	0.00971	0.40278	0.01327
14	0.02313	0.02313	0.03238	0.02776	0.02776	0.03238	0.02313	0.02545	0.01619	0.02545	0.01388	0.02313	0.01388	0.01851	0.03470	0.00463	0.60907	0.00925	0.00463	0.01157
15	0.01356	0.00969	0.01305	0.01550	0.01641	0.00917	0.01100	0.01590	0.02091	0.02775	0.05790	0.53943	0.06845	0.03248	0.01368	0.00439	0.00672	0.10545	0.00980	0.00878
16	0.02192	0.01879	0.02192	0.01566	0.02506	0.01409	0.01253	0.02662	0.02192	0.03445	0.01879	0.02192	0.01566	0.00783	0.00783	0.00157	0.00783	0.00626	0.00626	0.69305
17	0.01522	0.01088	0.01470	0.01470	0.01579	0.01197	0.01035	0.01741	0.01631	0.02285	0.03042	0.05316	0.03148	0.31009	0.36263	0.01416	0.02073	0.01303	0.00598	0.00817
18	0.70310	0.02045	0.01554	0.01390	0.02045	0.02372	0.01145	0.03108	0.01799	0.04744	0.01472	0.01718	0.01145	0.00981	0.00654	0.00327	0.00818	0.00573	0.00654	0.01145
19	0.02192	0.01879	0.02192	0.01566	0.02506	0.01409	0.01253	0.02662	0.02192	0.03445	0.01879	0.02192	0.01566	0.00783	0.00783	0.00157	0.00783	0.00626	0.00626	0.69305
20	0.02630	0.02271	0.02391	0.02152	0.02749	0.02630	0.01674	0.05618	0.54336	0.04423	0.04303	0.03945	0.03228	0.01434	0.01076	0.00359	0.00837	0.01195	0.01076	0.01674
21	0.04168	0.01712	0.02227	0.01766	0.02481	0.01548	0.01440	0.04781	0.06715	0.45069	0.04072	0.03676	0.02677	0.01306	0.01015	0.00317	0.00834	0.01061	0.11465	0.01667
22	0.01513	0.01122	0.01645	0.01645	0.01816	0.01292	0.01255	0.01853	0.01683	0.02415	0.02881	0.04426	0.02762	0.13343	0.53401	0.01633	0.02654	0.01173	0.00574	0.00914
23	0.01538	0.01025	0.01153	0.01153	0.01153	0.01025	0.00641	0.01538	0.01538	0.02050	0.03331	0.06919	0.03844	0.62842	0.05382	0.01025	0.01025	0.01538	0.00641	0.00641
24	0.70310	0.02045	0.01554	0.01390	0.02045	0.02372	0.01145	0.03108	0.01799	0.04744	0.01472	0.01718	0.01145	0.00981	0.00654	0.00327	0.00818	0.00573	0.00654	0.01145
25	0.01301	0.01029	0.01171	0.01228	0.01483	0.00900	0.00886	0.01582	0.02395	0.03037	0.16636	0.24678	0.34383	0.02775	0.01278	0.00374	0.00552	0.02401	0.01011	0.00900
26	0.02578	0.01850	0.02056	0.01745	0.02119	0.02002	0.01283	0.23084	0.02997	0.04029	0.02949	0.04805	0.02866	0.31551	0.08815	0.00794	0.01261	0.01252	0.00809	0.01157
27	0.09181	0.10814	0.03164	0.02495	0.03112	0.43721	0.01943	0.08042	0.02974	0.03089	0.01679	0.01922	0.01380	0.01076	0.00909	0.00276	0.01675	0.00682	0.00586	0.01281
28	0.02854	0.02221	0.02397	0.02123	0.02744	0.02516	0.01661	0.05569	0.48903	0.09988	0.04289	0.03908	0.03163	0.01421	0.01075	0.00355	0.00843	0.01181	0.01100	0.01687
29	0.01496	0.01081	0.01413	0.01330	0.01580	0.00998	0.00998	0.01995	0.02993	0.04240	0.55689	0.07898	0.09976	0.02162	0.01247	0.00333	0.00499	0.01912	0.01164	0.00998
30	0.01463	0.01045	0.01427	0.01672	0.01810	0.01009	0.01285	0.01774	0.02196	0.02895	0.05731	0.41043	0.06611	0.03148	0.01396	0.00454	0.00765	0.22391	0.00978	0.00907
31	0.01997	0.01879	0.03171	0.60301	0.07282	0.02349	0.02936	0.02701	0.02114	0.02701	0.01879	0.02819	0.01409	0.01057	0.01057	0.00352	0.01409	0.00940	0.00470	0.01175
32	0.02313	0.02313	0.03238	0.02776	0.02776	0.03238	0.02313	0.02545	0.01619	0.02545	0.01388	0.02313	0.01388	0.01851	0.03470	0.00463	0.60907	0.00925	0.00463	0.01157
33	0.02827	0.63478	0.05540	0.01809	0.02714	0.04184	0.01809	0.03166	0.02148	0.02488	0.01470	0.01696	0.01357	0.00905	0.00678	0.00226	0.01131	0.00565	0.00452	0.01357
34	0.01276	0.01072	0.01107	0.01099	0.01444	0.00904	0.00824	0.01568	0.02472	0.03003	0.15474	0.09934	0.50963	0.02623	0.01249	0.00354	0.00532	0.02198	0.01001	0.00904
35	0.41860	0.02241	0.02705	0.03534	0.24825	0.02431	0.02028	0.03166	0.02055	0.04202	0.01689	0.02096	0.01368	0.00965	0.00819	0.00322	0.01002	0.00728	0.00599	0.01368
36	0.02634	0.40541	0.14647	0.02581	0.03634	0.03563	0.12946	0.03245	0.02237	0.02828	0.01686	0.02035	0.01407	0.00919	0.00856	0.00273	0.01344	0.00748	0.00469	0.01407
37	0.02743	0.02971	0.13066	0.05127	0.34475	0.02426	0.10595	0.03485	0.02458	0.09095	0.02228	0.02693	0.01709	0.00983	0.01072	0.00325	0.01348	0.00975	0.00596	0.01632
38	0.02919	0.21977	0.04471	0.04345	0.30226	0.09028	0.02583	0.06668	0.02562	0.03275	0.01825	0.02247	0.01550	0.00968	0.00922	0.00282	0.01279	0.00797	0.00539	0.01536

[dist]
# distance from previous block
# <min> <max>
0	16

[block]
# block no. 4 follows, 13 sequences, length 112
# corresponding to MSA columns:
# 214-325
name=unknown_E
#
# <colnr> <probs for GDERKNQSTAVLIFYWHMCP>
#	G	D	E	R	K	N	Q	S	T	A	V	L	I	F	Y	W	H	M	C	P
0	0.01406	0.01052	0.01304	0.01294	0.01537	0.00951	0.00950	0.01800	0.02700	0.03670	0.37206	0.17320	0.19988	0.02469	0.01264	0.00354	0.00526	0.02165	0.01092	0.00951
1	0.63921	0.02029	0.01614	0.01407	0.02088	0.02282	0.01155	0.03066	0.01836	0.04622	0.01510	0.01762	0.01185	0.00963	0.00666	0.00311	0.00815	0.00578	0.00652	0.07538
2	0.02557	0.02303	0.02760	0.02699	0.07773	0.02756	0.01965	0.04703	0.37589	0.03909	0.03429	0.03453	0.02667	0.01482	0.01612	0.00378	0.14410	0.01111	0.00886	0.01557
3	0.01430	0.01091	0.01321	0.01300	0.01587	0.00982	0.00999	0.01846	0.02731	0.03644	0.34826	0.09102	0.25786	0.02419	0.01269	0.00357	0.00559	0.06711	0.01081	0.00958
4	0.04019	0.02962	0.03173	0.02433	0.03279	0.03279	0.02010	0.52721	0.04971	0.06663	0.02538	0.02538	0.01798	0.01269	0.01058	0.00317	0.01163	0.00952	0.01058	0.01798
5	0.02038	0.05018	0.51792	0.02861	0.04274	0.02297	0.03616	0.03162	0.02212	0.03284	0.02287	0.08179	0.01900	0.01234	0.01039	0.00344	0.01468	0.01002	0.00500	0.01493
6	0.03801	0.01736	0.02574	0.01999	0.02712	0.01534	0.06198	0.04276	0.02969	0.40070	0.15588	0.04497	0.04180	0.01462	0.01122	0.00331	0.00892	0.01272	0.01203	0.01584
7	0.02014	0.01823	0.01868	0.01780	0.01965	0.10357	0.01325	0.02280	0.01897	0.02507	0.02669	0.04259	0.02608	0.18739	0.26933	0.01078	0.07837	0.01126	0.05994	0.00941
8	0.02192	0.01879	0.02192	0.01566	0.02506	0.01409	0.01253	0.02662	0.02192	0.03445	0.01879	0.02192	0.01566	0.00783	0.00783	0.00157	0.00783	0.00626	0.00626	0.69305
9	0.02313	0.02313	0.03238	0.02776	0.02776	0.03238	0.02313	0.02545	0.01619	0.02545	0.01388	0.02313	0.01388	0.01851	0.03470	0.00463	0.60907	0.00925	0.00463	0.01157
10	0.01285	0.00934	0.01212	0.01435	0.01524	0.00862	0.00965	0.01476	0.02060	0.02714	0.06286	0.57277	0.11572	0.03253	0.01340	0.00423	0.00606	0.02933	0.00982	0.00862
11	0.01267	0.01072	0.01095	0.01089	0.01439	0.00900	0.00817	0.01551	0.02451	0.02954	0.13877	0.10015	0.52591	0.02641	0.01249	0.00355	0.00533	0.02209	0.00995	0.00900
12	0.01477	0.01046	0.01261	0.01396	0.01526	0.01019	0.00944	0.01863	0.05601	0.02854	0.05533	0.40683	0.09770	0.11420	0.01840	0.00486	0.00670	0.02421	0.07292	0.00898
13	0.02639	0.36022	0.25711	0.02355	0.03490	0.07835	0.02652	0.03322	0.02249	0.02834	0.01651	0.01924	0.01350	0.00959	0.00829	0.00273	0.01362	0.00659	0.00457	0.01427
14	0.10295	0.04365	0.03109	0.06598	0.03587	0.45026	0.05800	0.03946	0.02780	0.02869	0.01673	0.02020	0.01362	0.01062	0.00953	0.00290	0.01756	0.00730	0.00550	0.01229
15	0.01514	0.01023	0.01200	0.01251	0.01276	0.01015	0.00760	0.01572	0.01666	0.02215	0.03831	0.14941	0.04433	0.50528	0.04557	0.00906	0.00964	0.04943	0.00710	0.00693
16	0.23739	0.02585	0.02362	0.02030	0.02696	0.07292	0.01618	0.15384	0.22904	0.04877	0.02820	0.02779	0.02115	0.01230	0.00933	0.00333	0.00993	0.00908	0.00899	0.01503
17	0.03705	0.02805	0.02996	0.02369	0.03159	0.03132	0.01934	0.42057	0.16147	0.06156	0.02938	0.02857	0.02122	0.01307	0.01062	0.00327	0.01090	0.01007	0.01062	0.01770
18	0.02558	0.02560	0.08692	0.13101	0.22542	0.02278	0.07598	0.03435	0.06631	0.07359	0.02314	0.02757	0.01776	0.01006	0.01030	0.00308	0.01233	0.00942	0.00627	0.11254
19	0.01288	0.00920	0.01227	0.01472	0.01534	0.00859	0.00981	0.01472	0.02024	0.02699	0.05828	0.62152	0.06993	0.03312	0.01350	0.00429	0.00613	0.03006	0.00981	0.00859
20	0.70310	0.02045	0.01554	0.01390	0.02045	0.02372	0.01145	0.03108	0.01799	0.04744	0.01472	0.01718	0.01145	0.00981	0.00654	0.00327	0.00818	0.00573	0.00654	0.01145
21	0.02755	0.03071	0.12914	0.04226	0.17027	0.02567	0.22084	0.07526	0.06154	0.07498	0.02386	0.02801	0.01776	0.01017	0.01122	0.00338	0.01447	0.01062	0.00651	0.01579
22	0.01997	0.01879	0.03171	0.60301	0.07282	0.02349	0.02936	0.02701	0.02114	0.02701	0.01879	0.02819	0.01409	0.01057	0.01057	0.00352	0.01409	0.00940	0.00470	0.01175
23	0.02067	0.01685	0.01905	0.01766	0.02181	0.01832	0.01346	0.03831	0.29487	0.04219	0.25352	0.09931	0.06260	0.01872	0.01166	0.00353	0.00682	0.01623	0.01105	0.01337
24	0.09470	0.02118	0.02821	0.02759	0.12442	0.02045	0.01895	0.11611	0.03101	0.35746	0.03322	0.03116	0.02209	0.01210	0.01027	0.00323	0.00996	0.00986	0.01077	0.01725
25	0.10095	0.03674	0.02577	0.02312	0.02878	0.32353	0.01770	0.07559	0.14519	0.03591	0.02417	0.02543	0.01891	0.01179	0.00942	0.00298	0.01401	0.00827	0.05834	0.01339
26	0.01304	0.01073	0.01146	0.01128	0.01461	0.00916	0.00846	0.01622	0.02537	0.03158	0.20533	0.09678	0.45807	0.02565	0.01249	0.00352	0.00528	0.02162	0.01022	0.00916
27	0.01288	0.00920	0.01227	0.01472	0.01534	0.00859	0.00981	0.01472	0.02024	0.02699	0.05828	0.62152	0.06993	0.03312	0.01350	0.00429	0.00613	0.03006	0.00981	0.00859
28	0.02496	0.02435	0.04288	0.15753	0.42600	0.02500	0.08070	0.03163	0.02365	0.03315	0.01984	0.02676	0.01621	0.00957	0.01069	0.00325	0.01335	0.00972	0.00515	0.01562
29	0.02195	0.02140	0.03012	0.02618	0.02645	0.02957	0.02168	0.02448	0.01631	0.02531	0.01600	0.02584	0.01572	0.02744	0.11577	0.00644	0.52375	0.00956	0.00478	0.01125
30	0.01288	0.00920	0.01227	0.01472	0.01534	0.00859	0.00981	0.01472	0.02024	0.02699	0.05828	0.62152	0.06993	0.03312	0.01350	0.00429	0.00613	0.03006	0.00981	0.00859
31	0.01538	0.01025	0.01153	0.01153	0.01153	0.01025	0.00641	0.01538	0.01538	0.02050	0.03331	0.06919	0.03844	0.62842	0.05382	0.01025	0.01025	0.01538	0.00641	0.00641
32	0.02381	0.01873	0.02212	0.01589	0.02520	0.01420	0.01275	0.02847	0.02254	0.07408	0.02049	0.02297	0.01644	0.00822	0.00804	0.00169	0.00792	0.00659	0.00677	0.64308
33	0.02035	0.01948	0.09752	0.07153	0.02739	0.01436	0.01657	0.02646	0.02629	0.08162	0.26946	0.05136	0.05565	0.01553	0.01073	0.00303	0.00809	0.01334	0.06308	0.10815
34	0.02192	0.01879	0.02192	0.01566	0.02506	0.01409	0.01253	0.02662	0.02192	0.03445	0.01879	0.02192	0.01566	0.00783	0.00783	0.00157	0.00783	0.00626	0.00626	0.69305
35	0.02566	0.02460	0.04200	0.10907	0.52227	0.02499	0.03220	0.03200	0.02383	0.03392	0.01980	0.02633	0.01653	0.00952	0.01048	0.00317	0.01269	0.00942	0.00519	0.01634
36	0.08049	0.24442	0.08603	0.01975	0.02749	0.02796	0.01852	0.03686	0.06582	0.16126	0.02737	0.07220	0.02247	0.01315	0.01074	0.00311	0.05051	0.00976	0.00768	0.01441
37	0.02744	0.39511	0.05050	0.03649	0.23759	0.03527	0.02374	0.03197	0.02250	0.02868	0.01674	0.02058	0.01482	0.00919	0.00823	0.00261	0.01180	0.00713	0.00480	0.01482
38	0.03767	0.02627	0.02876	0.02286	0.03065	0.02877	0.01862	0.34230	0.17221	0.13021	0.03211	0.03041	0.02273	0.01317	0.01063	0.00329	0.01044	0.01029	0.01097	0.01767
39	0.02617	0.02512	0.04292	0.06490	0.56246	0.02512	0.03245	0.03245	0.02407	0.03454	0.01989	0.02617	0.01675	0.00942	0.01047	0.00314	0.01256	0.00942	0.00523	0.01675
40	0.01997	0.01879	0.03171	0.60301	0.07282	0.02349	0.02936	0.02701	0.02114	0.02701	0.01879	0.02819	0.01409	0.01057	0.01057	0.00352	0.01409	0.00940	0.00470	0.01175
41	0.01445	0.01079	0.01343	0.01277	0.01548	0.00976	0.00958	0.01897	0.02873	0.03954	0.46405	0.08368	0.19438	0.02268	0.01248	0.00338	0.00506	0.01978	0.01126	0.00976
42	0.01384	0.01076	0.01257	0.01212	0.01510	0.00950	0.00909	0.01777	0.02726	0.03607	0.35118	0.08940	0.30942	0.02398	0.01248	0.00344	0.00516	0.02058	0.01081	0.00950
43	0.02836	0.02374	0.02507	0.02193	0.02828	0.02726	0.01723	0.12606	0.47013	0.04755	0.04042	0.03736	0.03015	0.01410	0.01073	0.00352	0.00885	0.01159	0.01073	0.01692
44	0.01547	0.01006	0.01181	0.01201	0.01206	0.01001	0.00695	0.01516	0.01560	0.02081	0.03382	0.10947	0.03895	0.52232	0.04937	0.07748	0.00982	0.01593	0.00650	0.00640
45	0.04434	0.01824	0.02422	0.01876	0.02651	0.01631	0.01542	0.08249	0.03160	0.49240	0.08157	0.03866	0.03145	0.01374	0.01077	0.00327	0.00886	0.01123	0.01279	0.01735
46	0.03950	0.05039	0.02996	0.02724	0.03269	0.58597	0.02043	0.04222	0.02996	0.02588	0.01634	0.01907	0.01362	0.01090	0.00953	0.00272	0.01907	0.00681	0.00545	0.01226
47	0.02704	0.11448	0.04596	0.15057	0.04832	0.07015	0.21459	0.08124	0.07782	0.03468	0.02205	0.02689	0.01690	0.01031	0.01070	0.00327	0.01469	0.01012	0.00613	0.01409
48	0.04005	0.02678	0.02843	0.02273	0.03000	0.14268	0.05253	0.11307	0.03256	0.29227	0.08074	0.03429	0.02846	0.01306	0.01069	0.00316	0.01181	0.01057	0.01038	0.01573
49	0.02827	0.63478	0.05540	0.01809	0.02714	0.04184	0.01809	0.03166	0.02148	0.02488	0.01470	0.01696	0.01357	0.00905	0.00678	0.00226	0.01131	0.00565	0.00452	0.01357
50	0.01539	0.01087	0.01522	0.01513	0.01651	0.01191	0.01103	0.01780	0.01767	0.02493	0.08119	0.05091	0.03587	0.19665	0.36673	0.06408	0.02043	0.01287	0.00635	0.00844
51	0.01253	0.01056	0.01087	0.01111	0.01439	0.00889	0.00821	0.01513	0.02372	0.02841	0.10226	0.15334	0.50972	0.02741	0.01260	0.00364	0.00543	0.02308	0.00982	0.00889
52	0.04019	0.02962	0.03173	0.02433	0.03279	0.03279	0.02010	0.52721	0.04971	0.06663	0.02538	0.02538	0.01798	0.01269	0.01058	0.00317	0.01163	0.00952	0.01058	0.01798
53	0.01493	0.01023	0.01239	0.01304	0.01361	0.01002	0.00835	0.01620	0.01853	0.02488	0.08970	0.19420	0.05287	0.39299	0.03796	0.00787	0.00882	0.05799	0.00791	0.00749
54	0.01997	0.01879	0.03171	0.60301	0.07282	0.02349	0.02936	0.02701	0.02114	0.02701	0.01879	0.02819	0.01409	0.01057	0.01057	0.00352	0.01409	0.00940	0.00470	0.01175
55	0.02313	0.02313	0.03238	0.02776	0.02776	0.03238	0.02313	0.02545	0.01619	0.02545	0.01388	0.02313	0.01388	0.01851	0.03470	0.00463	0.60907	0.00925	0.00463	0.01157
56	0.02313	0.02313	0.03238	0.02776	0.02776	0.03238	0.02313	0.02545	0.01619	0.02545	0.01388	0.02313	0.01388	0.01851	0.03470	0.00463	0.60907	0.00925	0.00463	0.01157
57	0.02360	0.01982	0.02166	0.01990	0.02500	0.02236	0.01555	0.04722	0.41391	0.04298	0.13565	0.05232	0.04640	0.01673	0.01134	0.00363	0.00786	0.04820	0.01084	0.01502
58	0.01510	0.01133	0.01699	0.01699	0.01888	0.01322	0.01322	0.01888	0.01699	0.02454	0.02832	0.04154	0.02643	0.07930	0.58652	0.01699	0.02832	0.01133	0.00566	0.00944
59	0.03017	0.09375	0.27286	0.02459	0.03586	0.02488	0.02677	0.07504	0.10641	0.16366	0.02811	0.02791	0.01967	0.01152	0.01003	0.00325	0.01226	0.00903	0.00790	0.01633
60	0.01983	0.02026	0.06964	0.02813	0.03409	0.01763	0.17879	0.02648	0.02440	0.03247	0.04250	0.08392	0.04343	0.02148	0.01362	0.00435	0.01270	0.30673	0.00799	0.01157
61	0.02192	0.01879	0.02192	0.01566	0.02506	0.01409	0.01253	0.02662	0.02192	0.03445	0.01879	0.02192	0.01566	0.00783	0.00783	0.00157	0.00783	0.00626	0.00626	0.69305
62	0.09403	0.02307	0.03693	0.14319	0.38712	0.02396	0.02853	0.03294	0.02349	0.07697	0.02093	0.02638	0.01654	0.00994	0.01011	0.00323	0.01209	0.00915	0.00590	0.01551
63	0.70310	0.02045	0.01554	0.01390	0.02045	0.02372	0.01145	0.03108	0.01799	0.04744	0.01472	0.01718	0.01145	0.00981	0.00654	0.00327	0.00818	0.00573	0.00654	0.01145
64	0.03442	0.01832	0.02436	0.02109	0.06944	0.01541	0.01547	0.03897	0.02684	0.30086	0.07071	0.03354	0.02729	0.01161	0.00979	0.00267	0.00858	0.00966	0.00997	0.25101
65	0.03222	0.07612	0.03915	0.04507	0.31431	0.02828	0.02621	0.19077	0.03242	0.07994	0.02268	0.02582	0.01751	0.01068	0.01021	0.00309	0.01192	0.00922	0.00740	0.01696
66	0.04019	0.02962	0.03173	0.02433	0.03279	0.03279	0.02010	0.52721	0.04971	0.06663	0.02538	0.02538	0.01798	0.01269	0.01058	0.00317	0.01163	0.00952	0.01058	0.01798
67	0.01371	0.01039	0.01264	0.01285	0.01522	0.00932	0.00934	0.01724	0.02582	0.03447	0.29962	0.21626	0.23274	0.02596	0.01272	0.00363	0.00538	0.02272	0.01064	0.00932
68	0.02674	0.03723	0.28296	0.02851	0.03928	0.02382	0.09888	0.07482	0.02611	0.11302	0.06543	0.02999	0.02289	0.01225	0.01302	0.00347	0.06947	0.01005	0.00691	0.01513
