[name]
unknown

[dist]
# distance from previous block
# <min> <max>
0	58

[block]
# block no. 0 follows, 13 sequences, length 34
# corresponding to MSA columns:
# 58-91
name=unknown_A
#
# <colnr> <probs for GDERKNQSTAVLIFYWHMCP>
#	G	D	E	R	K	N	Q	S	T	A	V	L	I	F	Y	W	H	M	C	P
0	0.02075	0.01502	0.01867	0.12328	0.02648	0.06886	0.01400	0.01902	0.01673	0.02070	0.01824	0.03012	0.01711	0.02937	0.03253	0.49770	0.01106	0.00899	0.00470	0.00666
1	0.02634	0.02744	0.03579	0.24170	0.19918	0.12676	0.06059	0.03506	0.08236	0.03135	0.02155	0.02724	0.01693	0.01061	0.01050	0.00328	0.01417	0.00943	0.00571	0.01400
2	0.02656	0.07866	0.14399	0.02658	0.03163	0.06539	0.02508	0.03119	0.02011	0.08014	0.01786	0.02348	0.01494	0.01502	0.02351	0.00393	0.34459	0.00865	0.00546	0.01322
3	0.03192	0.01545	0.02052	0.01852	0.02368	0.01452	0.01527	0.03761	0.06072	0.28691	0.04614	0.06955	0.04030	0.07898	0.01629	0.00455	0.00934	0.18488	0.01107	0.01380
4	0.01375	0.01039	0.01270	0.01290	0.01525	0.00934	0.00938	0.01730	0.02589	0.03467	0.30615	0.21766	0.22428	0.02590	0.01273	0.00363	0.00537	0.02270	0.01067	0.00934
5	0.04539	0.02128	0.02657	0.02037	0.02863	0.02042	0.01683	0.18603	0.03576	0.42751	0.03710	0.03299	0.02386	0.01297	0.01062	0.00324	0.00974	0.01032	0.01238	0.01799
6	0.70310	0.02045	0.01554	0.01390	0.02045	0.02372	0.01145	0.03108	0.01799	0.04744	0.01472	0.01718	0.01145	0.00981	0.00654	0.00327	0.00818	0.00573	0.00654	0.01145
7	0.24406	0.01847	0.02042	0.01665	0.02345	0.01852	0.01360	0.07772	0.02748	0.28596	0.08190	0.03376	0.02823	0.01283	0.00935	0.00322	0.00831	0.00981	0.05154	0.01470
8	0.02454	0.01822	0.02026	0.01838	0.02350	0.01946	0.01438	0.06893	0.27291	0.09200	0.08921	0.09413	0.13384	0.01892	0.01156	0.00363	0.00779	0.04346	0.01074	0.01415
9	0.11136	0.01823	0.02366	0.01833	0.02635	0.01634	0.01514	0.04953	0.02907	0.51887	0.03908	0.03415	0.02474	0.01277	0.01023	0.00327	0.00892	0.01015	0.01245	0.01736
10	0.70310	0.02045	0.01554	0.01390	0.02045	0.02372	0.01145	0.03108	0.01799	0.04744	0.01472	0.01718	0.01145	0.00981	0.00654	0.00327	0.00818	0.00573	0.00654	0.01145
11	0.02975	0.01814	0.02179	0.01917	0.02412	0.01851	0.01525	0.18559	0.03192	0.15345	0.04153	0.16368	0.03958	0.08064	0.01617	0.00442	0.00954	0.10285	0.01039	0.01352
12	0.02925	0.01610	0.02009	0.01711	0.02226	0.01559	0.01380	0.11348	0.03218	0.20077	0.23025	0.05860	0.05551	0.01771	0.01146	0.00338	0.00773	0.06107	0.06002	0.01363
13	0.11545	0.02185	0.02512	0.02004	0.02772	0.02244	0.01637	0.16243	0.12440	0.29927	0.03507	0.03199	0.02367	0.01285	0.01018	0.00330	0.00942	0.01005	0.01135	0.01703
14	0.02342	0.01719	0.02229	0.01913	0.02411	0.01771	0.04982	0.03760	0.21548	0.10155	0.27483	0.05624	0.06110	0.01712	0.01165	0.00343	0.00758	0.01510	0.01103	0.01363
15	0.01284	0.00935	0.01211	0.01433	0.01523	0.00862	0.00964	0.01477	0.02062	0.02715	0.06311	0.57011	0.11822	0.03250	0.01340	0.00422	0.00606	0.02929	0.00982	0.00862
16	0.03369	0.01634	0.02041	0.01717	0.02271	0.01549	0.01324	0.04106	0.11130	0.31398	0.04544	0.08605	0.06426	0.12735	0.01881	0.00468	0.00871	0.01372	0.01107	0.01450
17	0.01288	0.00920	0.01227	0.01472	0.01534	0.00859	0.00981	0.01472	0.02024	0.02699	0.05828	0.62152	0.06993	0.03312	0.01350	0.00429	0.00613	0.03006	0.00981	0.00859
18	0.02353	0.02431	0.03892	0.03142	0.03375	0.03116	0.13219	0.02728	0.01810	0.02728	0.01551	0.02431	0.01435	0.01642	0.02986	0.00440	0.48035	0.00995	0.00478	0.01215
19	0.02192	0.01879	0.02192	0.01566	0.02506	0.01409	0.01253	0.02662	0.02192	0.03445	0.01879	0.02192	0.01566	0.00783	0.00783	0.00157	0.00783	0.00626	0.00626	0.69305
20	0.01367	0.00953	0.01204	0.01372	0.01413	0.00911	0.00874	0.01493	0.01871	0.02494	0.05040	0.44717	0.05999	0.22103	0.02622	0.00617	0.00743	0.02542	0.00874	0.00790
21	0.02827	0.63478	0.05540	0.01809	0.02714	0.04184	0.01809	0.03166	0.02148	0.02488	0.01470	0.01696	0.01357	0.00905	0.00678	0.00226	0.01131	0.00565	0.00452	0.01357
22	0.01496	0.01081	0.01413	0.01330	0.01580	0.00998	0.00998	0.01995	0.02993	0.04240	0.55689	0.07898	0.09976	0.02162	0.01247	0.00333	0.00499	0.01912	0.01164	0.00998
23	0.01368	0.01059	0.01246	0.01236	0.01510	0.00937	0.00913	0.01733	0.02636	0.03477	0.30923	0.14948	0.29189	0.02511	0.01260	0.00354	0.00527	0.02171	0.01066	0.00937
24	0.02617	0.02512	0.04292	0.06490	0.56246	0.02512	0.03245	0.03245	0.02407	0.03454	0.01989	0.02617	0.01675	0.00942	0.01047	0.00314	0.01256	0.00942	0.00523	0.01675
25	0.02630	0.02271	0.02391	0.02152	0.02749	0.02630	0.01674	0.05618	0.54336	0.04423	0.04303	0.03945	0.03228	0.01434	0.01076	0.00359	0.00837	0.01195	0.01076	0.01674
26	0.01997	0.01879	0.03171	0.60301	0.07282	0.02349	0.02936	0.02701	0.02114	0.02701	0.01879	0.02819	0.01409	0.01057	0.01057	0.00352	0.01409	0.00940	0.00470	0.01175
27	0.01288	0.00920	0.01227	0.01472	0.01534	0.00859	0.00981	0.01472	0.02024	0.02699	0.05828	0.62152	0.06993	0.03312	0.01350	0.00429	0.00613	0.03006	0.00981	0.00859
28	0.02496	0.02852	0.06239	0.04456	0.05526	0.02674	0.52406	0.03387	0.02496	0.03387	0.02139	0.02852	0.01604	0.00891	0.01248	0.00357	0.01783	0.01248	0.00535	0.01426
29	0.08767	0.01183	0.01428	0.01337	0.01629	0.01143	0.01013	0.02113	0.02867	0.04293	0.49960	0.07245	0.09043	0.02037	0.01184	0.00332	0.00533	0.01771	0.01110	0.01013
30	0.02677	0.02632	0.05495	0.10442	0.05424	0.02519	0.41490	0.03497	0.02509	0.08973	0.02325	0.02927	0.01689	0.00954	0.01207	0.00353	0.01647	0.01194	0.00609	0.01437
31	0.02717	0.50111	0.04937	0.08028	0.03200	0.03816	0.01913	0.03392	0.07992	0.02727	0.01831	0.02067	0.01572	0.00980	0.00763	0.00254	0.01127	0.00675	0.00524	0.01373
32	0.37098	0.14801	0.02584	0.01646	0.02261	0.02583	0.01403	0.03130	0.02010	0.09416	0.02181	0.07936	0.01942	0.01298	0.00992	0.00327	0.05571	0.00891	0.00698	0.01231
33	0.03435	0.01832	0.02812	0.02142	0.02905	0.01602	0.09799	0.03930	0.02805	0.31919	0.10719	0.04403	0.07450	0.01405	0.01105	0.00318	0.00954	0.01251	0.01070	0.08145

[dist]
# distance from previous block
# <min> <max>
1	25

[block]
# block no. 1 follows, 13 sequences, length 33
# corresponding to MSA columns:
# 117-149
name=unknown_B
#
# <colnr> <probs for GDERKNQSTAVLIFYWHMCP>
#	G	D	E	R	K	N	Q	S	T	A	V	L	I	F	Y	W	H	M	C	P
0	0.20229	0.01655	0.02105	0.07760	0.02777	0.01680	0.04658	0.02816	0.02172	0.11636	0.03451	0.22308	0.03405	0.01791	0.01038	0.00351	0.00883	0.01542	0.00834	0.06909
1	0.03188	0.01953	0.02782	0.02148	0.02937	0.01758	0.08283	0.04017	0.09777	0.23861	0.03454	0.08107	0.02658	0.01301	0.01040	0.00299	0.00955	0.01155	0.00966	0.19359
2	0.02587	0.02077	0.03225	0.08666	0.07259	0.02081	0.12090	0.06938	0.10430	0.09741	0.14022	0.04069	0.03728	0.01325	0.01116	0.00326	0.01071	0.01235	0.00870	0.07144
3	0.01513	0.01114	0.01604	0.01597	0.01767	0.01256	0.01206	0.01852	0.01787	0.02552	0.07346	0.04827	0.03416	0.14553	0.46923	0.01497	0.02402	0.01251	0.00626	0.00909
4	0.02813	0.02103	0.03021	0.30639	0.12078	0.06007	0.02461	0.03382	0.02392	0.15379	0.02488	0.03020	0.01825	0.01672	0.05825	0.00447	0.01423	0.00967	0.00685	0.01371
5	0.42615	0.02851	0.02194	0.01885	0.02558	0.14032	0.01513	0.13934	0.02721	0.04714	0.01733	0.01932	0.01329	0.01065	0.00801	0.00314	0.01114	0.00676	0.00718	0.01301
6	0.03876	0.01993	0.02428	0.01992	0.02720	0.01995	0.01603	0.05344	0.24078	0.35415	0.04225	0.03741	0.02868	0.01360	0.01068	0.00340	0.00874	0.01117	0.01213	0.01748
7	0.01561	0.01175	0.01559	0.06330	0.02119	0.01205	0.01206	0.02017	0.05841	0.03020	0.14918	0.21403	0.13011	0.03312	0.08976	0.07625	0.00980	0.01925	0.00873	0.00944
8	0.02466	0.27747	0.11182	0.08323	0.03447	0.03433	0.02377	0.02919	0.01966	0.02641	0.01538	0.02102	0.01371	0.01272	0.01759	0.00338	0.22609	0.00761	0.00457	0.01293
9	0.11209	0.01886	0.02353	0.01866	0.02638	0.01777	0.01527	0.05003	0.09543	0.44806	0.03911	0.03450	0.02545	0.01291	0.01023	0.00331	0.00883	0.01030	0.01211	0.01716
10	0.07110	0.01275	0.01536	0.01419	0.01719	0.01218	0.01006	0.02651	0.02176	0.16699	0.07582	0.16193	0.04305	0.23120	0.02583	0.00585	0.00828	0.01622	0.05312	0.01062
11	0.02196	0.01982	0.03176	0.43066	0.14015	0.02330	0.02728	0.06202	0.02312	0.03041	0.02063	0.03108	0.01679	0.06176	0.01414	0.00400	0.01337	0.00990	0.00533	0.01251
12	0.02847	0.10523	0.03534	0.13247	0.04014	0.07546	0.07546	0.11657	0.20341	0.03932	0.02756	0.02939	0.02095	0.01182	0.01027	0.00327	0.01224	0.00992	0.00776	0.01495
13	0.01301	0.01063	0.01150	0.01151	0.01466	0.00911	0.00854	0.01609	0.02499	0.03121	0.19328	0.13330	0.43300	0.02619	0.01256	0.00357	0.00534	0.02222	0.01018	0.00911
14	0.01413	0.01020	0.01361	0.01419	0.01586	0.00968	0.01018	0.01773	0.02490	0.03462	0.30931	0.29733	0.08148	0.03112	0.06071	0.00486	0.00740	0.02294	0.01040	0.00936
15	0.02868	0.02106	0.03445	0.26076	0.16377	0.02243	0.06689	0.03661	0.06076	0.15895	0.02637	0.03041	0.01896	0.01104	0.01073	0.00339	0.01246	0.01013	0.00728	0.01487
16	0.02572	0.07837	0.09813	0.11607	0.04549	0.06301	0.21477	0.03290	0.02527	0.07773	0.09089	0.03338	0.02680	0.01142	0.01111	0.00331	0.01419	0.01129	0.00657	0.01359
17	0.02121	0.05469	0.57364	0.03014	0.04576	0.02455	0.03906	0.03348	0.02232	0.03348	0.01897	0.02232	0.01339	0.01005	0.01005	0.00335	0.01563	0.00781	0.00446	0.01563
18	0.70310	0.02045	0.01554	0.01390	0.02045	0.02372	0.01145	0.03108	0.01799	0.04744	0.01472	0.01718	0.01145	0.00981	0.00654	0.00327	0.00818	0.00573	0.00654	0.01145
19	0.02891	0.01269	0.01782	0.01577	0.01913	0.01164	0.01174	0.02882	0.02172	0.23341	0.06549	0.08575	0.03093	0.02633	0.02530	0.32464	0.00859	0.01212	0.00876	0.01044
20	0.02127	0.02012	0.03406	0.49006	0.17559	0.02383	0.03001	0.02815	0.02176	0.02859	0.01902	0.02776	0.01465	0.01033	0.01055	0.00344	0.01377	0.00940	0.00481	0.01280
21	0.34131	0.02147	0.02195	0.01773	0.02523	0.02274	0.01463	0.13932	0.02870	0.23188	0.02622	0.02535	0.01787	0.01153	0.00878	0.00325	0.00917	0.00820	0.00963	0.01504
22	0.01803	0.01080	0.01349	0.01392	0.01564	0.01000	0.00939	0.01972	0.02054	0.09556	0.05398	0.33365	0.10540	0.20087	0.02460	0.00580	0.00761	0.02253	0.00926	0.00921
23	0.01514	0.01119	0.01629	0.01629	0.01793	0.01283	0.01233	0.01843	0.01678	0.02402	0.02897	0.04512	0.02799	0.15039	0.51756	0.01612	0.02598	0.01185	0.00576	0.00905
24	0.04076	0.02206	0.02939	0.06728	0.10348	0.02191	0.01997	0.17222	0.03390	0.32793	0.03290	0.03134	0.02191	0.01232	0.01059	0.00325	0.01052	0.01009	0.01079	0.01739
25	0.70310	0.02045	0.01554	0.01390	0.02045	0.02372	0.01145	0.03108	0.01799	0.04744	0.01472	0.01718	0.01145	0.00981	0.00654	0.00327	0.00818	0.00573	0.00654	0.01145
26	0.01994	0.01287	0.01592	0.01605	0.01871	0.01246	0.01159	0.08489	0.02541	0.08804	0.05636	0.44108	0.09918	0.02789	0.01274	0.00398	0.00708	0.02476	0.01025	0.01080
27	0.03267	0.02243	0.02511	0.02083	0.02749	0.02428	0.01667	0.19253	0.23947	0.14167	0.10401	0.03973	0.03565	0.01457	0.01090	0.00337	0.00902	0.01192	0.01122	0.01645
28	0.02192	0.01879	0.02192	0.01566	0.02506	0.01409	0.01253	0.02662	0.02192	0.03445	0.01879	0.02192	0.01566	0.00783	0.00783	0.00157	0.00783	0.00626	0.00626	0.69305
29	0.04744	0.01799	0.02454	0.01881	0.02699	0.01554	0.01554	0.05153	0.03026	0.56979	0.04171	0.03599	0.02617	0.01309	0.01063	0.00327	0.00900	0.01063	0.01309	0.01799
30	0.01416	0.00999	0.01314	0.01463	0.01602	0.00935	0.01054	0.01642	0.02212	0.02940	0.13627	0.37064	0.11922	0.03050	0.01570	0.06147	0.00660	0.08555	0.00965	0.00865
31	0.01729	0.01129	0.01375	0.01323	0.01641	0.00998	0.00987	0.02084	0.02630	0.09253	0.25913	0.17249	0.24846	0.02442	0.01245	0.00357	0.00575	0.02114	0.01085	0.01025
32	0.70310	0.02045	0.01554	0.01390	0.02045	0.02372	0.01145	0.03108	0.01799	0.04744	0.01472	0.01718	0.01145	0.00981	0.00654	0.00327	0.00818	0.00573	0.00654	0.01145

[dist]
# distance from previous block
# <min> <max>
0	2

[block]
# block no. 2 follows, 13 sequences, length 8
# corresponding to MSA columns:
# 152-159
name=unknown_C
#
# <colnr> <probs for GDERKNQSTAVLIFYWHMCP>
#	G	D	E	R	K	N	Q	S	T	A	V	L	I	F	Y	W	H	M	C	P
0	0.02208	0.01556	0.02342	0.02917	0.17085	0.01485	0.01746	0.02674	0.02621	0.10496	0.21527	0.15856	0.05889	0.01968	0.01200	0.00355	0.00817	0.05036	0.00957	0.01265
1	0.03759	0.02429	0.02975	0.02363	0.02963	0.02748	0.01957	0.24312	0.03445	0.20678	0.02708	0.02795	0.01930	0.01444	0.01736	0.00361	0.17833	0.00978	0.00967	0.01619
2	0.01916	0.02194	0.17074	0.01836	0.02274	0.01349	0.01756	0.01930	0.01617	0.02260	0.01854	0.02939	0.01697	0.02925	0.03255	0.49920	0.01099	0.00880	0.00456	0.00768
3	0.30393	0.02023	0.02179	0.01749	0.02506	0.02064	0.01443	0.09560	0.02758	0.30970	0.02933	0.02744	0.01950	0.01176	0.00902	0.00326	0.00896	0.00858	0.01024	0.01542
4	0.02544	0.01363	0.01605	0.01423	0.01874	0.01275	0.01130	0.06265	0.02746	0.16697	0.11121	0.06179	0.16051	0.01804	0.01062	0.00322	0.00680	0.04568	0.20074	0.01217
5	0.01448	0.01073	0.01567	0.01636	0.01789	0.01192	0.01226	0.01771	0.01790	0.02523	0.03672	0.20414	0.03863	0.06635	0.42587	0.01343	0.02210	0.01658	0.00683	0.00920
6	0.01691	0.01252	0.01453	0.01307	0.01578	0.01113	0.00853	0.01845	0.01780	0.02519	0.03224	0.12235	0.03584	0.38286	0.03607	0.00710	0.00908	0.01459	0.00678	0.19918
7	0.02530	0.01753	0.02651	0.18389	0.03818	0.01978	0.04574	0.03119	0.05114	0.14037	0.02796	0.03723	0.02281	0.09992	0.11518	0.00669	0.07997	0.01101	0.00720	0.01240

[dist]
# distance from previous block
# <min> <max>
0	2

[block]
# block no. 3 follows, 13 sequences, length 16
# corresponding to MSA columns:
# 162-177
name=unknown_D
#
# <colnr> <probs for GDERKNQSTAVLIFYWHMCP>
#	G	D	E	R	K	N	Q	S	T	A	V	L	I	F	Y	W	H	M	C	P
0	0.02410	0.01423	0.01809	0.01628	0.01930	0.01460	0.01218	0.02809	0.06933	0.14703	0.08099	0.09601	0.10018	0.12058	0.02534	0.11154	0.06768	0.01470	0.00888	0.01087
1	0.01608	0.01303	0.02149	0.01972	0.02249	0.01456	0.06384	0.02037	0.01778	0.02547	0.02763	0.04025	0.02540	0.07232	0.52963	0.01566	0.02728	0.01144	0.00563	0.00992
2	0.08319	0.22649	0.19502	0.02423	0.03329	0.15437	0.02467	0.03386	0.02279	0.02950	0.01623	0.01961	0.01339	0.01074	0.01109	0.00300	0.07326	0.00690	0.00488	0.01351
3	0.08159	0.02402	0.02771	0.14821	0.08531	0.11152	0.02064	0.03699	0.02571	0.19466	0.06903	0.03188	0.02476	0.01274	0.01213	0.00333	0.05778	0.00988	0.00811	0.01400
4	0.03440	0.01518	0.01996	0.01627	0.02240	0.01321	0.01308	0.03849	0.02925	0.36201	0.17464	0.05620	0.12418	0.01719	0.01135	0.00333	0.00749	0.01443	0.01225	0.01471
5	0.02471	0.02363	0.04028	0.19135	0.44740	0.02474	0.03172	0.03117	0.02339	0.03277	0.01963	0.02664	0.01612	0.00969	0.01049	0.00323	0.01292	0.00941	0.00511	0.01557
6	0.03510	0.02213	0.06777	0.11599	0.07989	0.01965	0.05269	0.07111	0.02816	0.29274	0.03379	0.03925	0.02456	0.01333	0.01103	0.00346	0.01132	0.05261	0.00962	0.01580
7	0.01907	0.01514	0.02451	0.37300	0.04959	0.01801	0.02124	0.02200	0.01841	0.02384	0.01999	0.03312	0.01760	0.07494	0.02371	0.20974	0.01228	0.00988	0.00482	0.00912
8	0.01871	0.01546	0.02231	0.02054	0.02139	0.01983	0.01631	0.02051	0.01614	0.02384	0.02113	0.03293	0.02028	0.04893	0.28388	0.12693	0.24617	0.01017	0.00509	0.00943
9	0.07865	0.02103	0.07331	0.15782	0.04047	0.01935	0.13008	0.02951	0.02263	0.07299	0.02781	0.08426	0.02312	0.01274	0.01019	0.00332	0.01142	0.01173	0.15726	0.01233
10	0.19803	0.06879	0.07669	0.24948	0.08947	0.02586	0.05552	0.05963	0.02263	0.03603	0.01811	0.02375	0.01389	0.01015	0.00933	0.00330	0.01246	0.00825	0.00557	0.01305
11	0.02751	0.01558	0.02146	0.11295	0.02914	0.01622	0.01547	0.09763	0.02424	0.14592	0.02798	0.08336	0.02384	0.02361	0.02284	0.27214	0.01003	0.01142	0.00775	0.01091
12	0.02485	0.02145	0.03754	0.07989	0.03930	0.02156	0.21399	0.10286	0.02654	0.06860	0.02995	0.11936	0.02734	0.07011	0.06225	0.00524	0.01455	0.01436	0.00732	0.01296
13	0.36938	0.07654	0.02862	0.02381	0.06866	0.11956	0.06622	0.03487	0.02234	0.07777	0.01802	0.02067	0.01393	0.01005	0.00825	0.00312	0.01162	0.00721	0.00645	0.01292
14	0.08455	0.12255	0.08380	0.24230	0.04818	0.02615	0.08965	0.03099	0.06189	0.03145	0.02643	0.03113	0.05508	0.01146	0.00995	0.00330	0.01265	0.00986	0.00574	0.01287
15	0.03156	0.28554	0.19291	0.02210	0.03276	0.03023	0.02356	0.07154	0.02574	0.15658	0.02292	0.02348	0.01675	0.01052	0.00886	0.00287	0.01201	0.00769	0.00692	0.01548

[dist]
# distance from previous block
# <min> <max>
0	12

[block]
# block no. 4 follows, 13 sequences, length 38
# corresponding to MSA columns:
# 190-227
name=unknown_E
#
# <colnr> <probs for GDERKNQSTAVLIFYWHMCP>
#	G	D	E	R	K	N	Q	S	T	A	V	L	I	F	Y	W	H	M	C	P
0	0.03049	0.02474	0.07812	0.26879	0.08607	0.02437	0.02560	0.15039	0.02991	0.14074	0.02480	0.02837	0.01743	0.01142	0.01053	0.00335	0.01257	0.00952	0.00770	0.01508
1	0.01307	0.00952	0.01232	0.01418	0.01528	0.00877	0.00966	0.01533	0.02166	0.02880	0.11655	0.51313	0.12020	0.03128	0.01329	0.00412	0.00594	0.02814	0.01001	0.00877
2	0.09443	0.02461	0.02656	0.02061	0.02883	0.02553	0.01681	0.27726	0.09182	0.09192	0.02595	0.02611	0.01898	0.01148	0.00958	0.00285	0.00987	0.00874	0.00939	0.17866
3	0.03512	0.02089	0.02495	0.01986	0.02755	0.02020	0.01633	0.16371	0.07890	0.22603	0.03446	0.03963	0.02619	0.01374	0.01047	0.00309	0.00944	0.06120	0.01046	0.15778
4	0.41458	0.01956	0.02019	0.07947	0.02694	0.02307	0.01507	0.02790	0.01795	0.03829	0.01564	0.02096	0.01303	0.01353	0.01459	0.06531	0.10272	0.00702	0.00585	0.05833
5	0.02649	0.01716	0.07261	0.02056	0.06022	0.01349	0.01559	0.02761	0.02081	0.17496	0.03055	0.11380	0.02710	0.02514	0.02371	0.28974	0.00957	0.01237	0.00771	0.01080
6	0.03075	0.03528	0.03048	0.02692	0.02994	0.27931	0.02131	0.03591	0.07316	0.02745	0.01779	0.02289	0.01554	0.01470	0.02114	0.00368	0.28738	0.00842	0.00558	0.01237
7	0.01666	0.01200	0.01549	0.01670	0.01870	0.01186	0.01268	0.06324	0.02502	0.03344	0.10828	0.37612	0.06605	0.02901	0.01342	0.00424	0.00746	0.14968	0.01006	0.00989
8	0.02506	0.01265	0.01684	0.01612	0.01979	0.01136	0.01224	0.02819	0.02493	0.21265	0.09034	0.30649	0.09153	0.02475	0.01247	0.00388	0.00727	0.06040	0.01104	0.01199
9	0.04290	0.02528	0.02904	0.02227	0.03062	0.02635	0.01839	0.34957	0.04245	0.25454	0.03148	0.02934	0.02104	0.01284	0.01060	0.00321	0.01065	0.00994	0.01151	0.01799
10	0.04744	0.01799	0.02454	0.01881	0.02699	0.01554	0.01554	0.05153	0.03026	0.56979	0.04171	0.03599	0.02617	0.01309	0.01063	0.00327	0.00900	0.01063	0.01309	0.01799
11	0.04341	0.01889	0.02442	0.01933	0.02709	0.01759	0.01577	0.05241	0.12793	0.46975	0.04196	0.03665	0.02733	0.01333	0.01066	0.00333	0.00888	0.01088	0.01264	0.01775
12	0.02251	0.04562	0.39644	0.03514	0.04905	0.02531	0.20717	0.03362	0.02324	0.03362	0.01981	0.02447	0.01431	0.00965	0.01089	0.00342	0.01639	0.00943	0.00477	0.01515
13	0.04744	0.01799	0.02454	0.01881	0.02699	0.01554	0.01554	0.05153	0.03026	0.56979	0.04171	0.03599	0.02617	0.01309	0.01063	0.00327	0.00900	0.01063	0.01309	0.01799
14	0.70310	0.02045	0.01554	0.01390	0.02045	0.02372	0.01145	0.03108	0.01799	0.04744	0.01472	0.01718	0.01145	0.00981	0.00654	0.00327	0.00818	0.00573	0.00654	0.01145
15	0.03060	0.01408	0.01835	0.01558	0.02078	0.01243	0.01227	0.03462	0.02808	0.29514	0.17912	0.10487	0.10568	0.01838	0.01132	0.00335	0.00707	0.01565	0.05901	0.01362
16	0.01607	0.01151	0.01439	0.01474	0.01723	0.01119	0.01136	0.02205	0.06090	0.03675	0.26505	0.16948	0.10792	0.02388	0.01244	0.00373	0.00632	0.10901	0.07591	0.01008
17	0.01712	0.01307	0.01599	0.01487	0.01802	0.01308	0.01126	0.02685	0.12766	0.04275	0.45908	0.07145	0.08692	0.02023	0.01214	0.00338	0.00563	0.01776	0.01147	0.01126
18	0.02614	0.01729	0.01805	0.01573	0.02038	0.01878	0.01238	0.15757	0.12833	0.04721	0.03382	0.03588	0.02578	0.01280	0.00884	0.00286	0.00728	0.01017	0.38750	0.01322
19	0.01712	0.01043	0.01364	0.01459	0.01609	0.00968	0.00996	0.01920	0.02144	0.08567	0.09432	0.43582	0.06327	0.11388	0.01878	0.00494	0.00693	0.02500	0.00984	0.00941
20	0.01314	0.00980	0.01222	0.01359	0.01517	0.00889	0.00944	0.01568	0.02270	0.02987	0.15084	0.41577	0.18471	0.02981	0.01310	0.00397	0.00577	0.02653	0.01011	0.00889
21	0.02630	0.02271	0.02391	0.02152	0.02749	0.02630	0.01674	0.05618	0.54336	0.04423	0.04303	0.03945	0.03228	0.01434	0.01076	0.00359	0.00837	0.01195	0.01076	0.01674
22	0.03950	0.05039	0.02996	0.02724	0.03269	0.58597	0.02043	0.04222	0.02996	0.02588	0.01634	0.01907	0.01362	0.01090	0.00953	0.00272	0.01907	0.00681	0.00545	0.01226
23	0.02192	0.01879	0.02192	0.01566	0.02506	0.01409	0.01253	0.02662	0.02192	0.03445	0.01879	0.02192	0.01566	0.00783	0.00783	0.00157	0.00783	0.00626	0.00626	0.69305
24	0.01284	0.01072	0.01119	0.01107	0.01449	0.00907	0.00830	0.01584	0.02491	0.03049	0.16992	0.09857	0.49416	0.02606	0.01249	0.00354	0.00530	0.02187	0.01007	0.00907
25	0.01837	0.00918	0.01377	0.01377	0.01377	0.00918	0.00918	0.01377	0.01377	0.01837	0.01837	0.03214	0.01837	0.03673	0.04132	0.69238	0.00918	0.00918	0.00459	0.00459
26	0.01443	0.01040	0.01365	0.01367	0.01568	0.00962	0.00993	0.01861	0.02744	0.03844	0.42887	0.21828	0.09210	0.02457	0.01273	0.00357	0.00528	0.02193	0.01117	0.00962
27	0.01753	0.01148	0.01436	0.01324	0.01653	0.01027	0.01007	0.02191	0.02864	0.09009	0.40507	0.08001	0.19679	0.02197	0.01230	0.00338	0.00546	0.01903	0.01136	0.01051
28	0.02617	0.02512	0.04292	0.06490	0.56246	0.02512	0.03245	0.03245	0.02407	0.03454	0.01989	0.02617	0.01675	0.00942	0.01047	0.00314	0.01256	0.00942	0.00523	0.01675
29	0.02630	0.02271	0.02391	0.02152	0.02749	0.02630	0.01674	0.05618	0.54336	0.04423	0.04303	0.03945	0.03228	0.01434	0.01076	0.00359	0.00837	0.01195	0.01076	0.01674
30	0.01997	0.01879	0.03171	0.60301	0.07282	0.02349	0.02936	0.02701	0.02114	0.02701	0.01879	0.02819	0.01409	0.01057	0.01057	0.00352	0.01409	0.00940	0.00470	0.01175
31	0.01355	0.00968	0.01303	0.01548	0.01639	0.00916	0.01097	0.01587	0.02090	0.02774	0.05791	0.54092	0.06847	0.03250	0.01367	0.00439	0.00671	0.10407	0.00980	0.00877
32	0.03046	0.02549	0.04998	0.03639	0.04608	0.02402	0.35822	0.04003	0.07118	0.16318	0.02814	0.03126	0.01988	0.01038	0.01189	0.00350	0.01489	0.01199	0.00767	0.01537
33	0.01288	0.00920	0.01227	0.01472	0.01534	0.00859	0.00981	0.01472	0.02024	0.02699	0.05828	0.62152	0.06993	0.03312	0.01350	0.00429	0.00613	0.03006	0.00981	0.00859
34	0.02496	0.02852	0.06239	0.04456	0.05526	0.02674	0.52406	0.03387	0.02496	0.03387	0.02139	0.02852	0.01604	0.00891	0.01248	0.00357	0.01783	0.01248	0.00535	0.01426
35	0.02075	0.02343	0.08675	0.45766	0.06550	0.02450	0.07431	0.02814	0.02125	0.02814	0.01870	0.02730	0.01419	0.01092	0.01237	0.00359	0.05590	0.00951	0.00473	0.01233
36	0.20089	0.01968	0.02487	0.21058	0.07618	0.02239	0.01992	0.07545	0.06203	0.06947	0.02645	0.10003	0.02293	0.01372	0.00990	0.00349	0.01052	0.01129	0.00732	0.01292
37	0.26764	0.01836	0.01869	0.01574	0.02202	0.01875	0.01240	0.03436	0.09528	0.11664	0.07201	0.03391	0.02735	0.06716	0.01272	0.00364	0.00817	0.00943	0.00845	0.13728

[dist]
# distance from previous block
# <min> <max>
0	68

[block]
# block no. 5 follows, 13 sequences, length 35
# corresponding to MSA columns:
# 296-330
name=unknown_F
#
# <colnr> <probs for GDERKNQSTAVLIFYWHMCP>
#	G	D	E	R	K	N	Q	S	T	A	V	L	I	F	Y	W	H	M	C	P
0	0.03486	0.02421	0.03060	0.19907	0.09299	0.06568	0.02275	0.15982	0.03177	0.19223	0.02688	0.02884	0.01872	0.01173	0.01050	0.00327	0.01226	0.00959	0.00866	0.01558
1	0.23371	0.01867	0.02149	0.01817	0.02343	0.02021	0.04583	0.09853	0.02582	0.09300	0.07758	0.09651	0.03098	0.01502	0.01108	0.00338	0.04623	0.01185	0.09600	0.01250
2	0.02918	0.02482	0.10689	0.01989	0.02690	0.06209	0.01821	0.08784	0.03022	0.17974	0.16948	0.05249	0.08348	0.01661	0.01131	0.00337	0.00988	0.04363	0.01004	0.01394
3	0.02181	0.01812	0.02196	0.07065	0.10488	0.07693	0.01645	0.02604	0.02594	0.07623	0.20702	0.19377	0.05759	0.01995	0.01181	0.00349	0.00901	0.01761	0.00910	0.01167
4	0.02091	0.02295	0.09510	0.16420	0.03926	0.01773	0.02019	0.02712	0.02147	0.03185	0.01942	0.02477	0.01566	0.01330	0.04522	0.00325	0.01169	0.00756	0.00560	0.39276
5	0.01510	0.01133	0.01699	0.01699	0.01888	0.01322	0.01322	0.01888	0.01699	0.02454	0.02832	0.04154	0.02643	0.07930	0.58652	0.01699	0.02832	0.01133	0.00566	0.00944
6	0.03161	0.02487	0.03281	0.21886	0.18408	0.09203	0.02531	0.06804	0.02693	0.15586	0.02446	0.02814	0.01776	0.01102	0.01043	0.00324	0.01298	0.00938	0.00723	0.01496
7	0.64105	0.02131	0.01706	0.01488	0.02160	0.02457	0.01226	0.07752	0.02096	0.04923	0.01572	0.01794	0.01206	0.01008	0.00692	0.00326	0.00850	0.00608	0.00692	0.01206
8	0.01511	0.01025	0.01217	0.01282	0.01315	0.01015	0.00798	0.01588	0.01704	0.02265	0.03969	0.16802	0.04590	0.47087	0.04327	0.00873	0.00950	0.06243	0.00730	0.00709
9	0.09242	0.01177	0.01370	0.01375	0.01618	0.01138	0.00975	0.02060	0.02242	0.07299	0.15977	0.25671	0.10756	0.12104	0.01864	0.00478	0.00692	0.02048	0.00955	0.00960
10	0.02704	0.48858	0.04990	0.02040	0.02729	0.03958	0.01930	0.03017	0.02022	0.02501	0.01450	0.01844	0.01364	0.01131	0.01346	0.00283	0.15419	0.00651	0.00455	0.01309
11	0.04482	0.01723	0.02315	0.01797	0.02561	0.01500	0.01477	0.04899	0.02950	0.51978	0.04103	0.03631	0.02626	0.01301	0.01033	0.00320	0.00861	0.01056	0.07664	0.01723
12	0.01451	0.01022	0.01328	0.01483	0.01588	0.00984	0.01055	0.01691	0.02106	0.02820	0.10723	0.33639	0.06436	0.16344	0.02257	0.00563	0.00766	0.11970	0.00924	0.00849
13	0.07531	0.01389	0.01871	0.12343	0.02830	0.01439	0.01450	0.02524	0.02326	0.11294	0.14065	0.10450	0.10661	0.02572	0.06791	0.06001	0.01022	0.01486	0.00864	0.01089
14	0.02452	0.02304	0.03725	0.28124	0.05443	0.02579	0.14383	0.08252	0.14483	0.03635	0.02561	0.03059	0.01911	0.01124	0.01107	0.00351	0.01344	0.01073	0.00680	0.01408
15	0.01250	0.01071	0.01071	0.01071	0.01428	0.00893	0.00803	0.01517	0.02410	0.02856	0.10711	0.10175	0.55817	0.02678	0.01250	0.00357	0.00536	0.02231	0.00982	0.00893
16	0.22949	0.01801	0.02119	0.01705	0.02415	0.01735	0.01391	0.04291	0.02556	0.38099	0.03235	0.03041	0.02144	0.01397	0.01182	0.05575	0.00878	0.00914	0.01060	0.01513
17	0.02123	0.02008	0.03400	0.49331	0.17264	0.02382	0.02999	0.02812	0.02174	0.02855	0.01902	0.02778	0.01464	0.01034	0.01055	0.00345	0.01378	0.00940	0.00481	0.01277
18	0.02464	0.03583	0.28054	0.02710	0.07422	0.02247	0.02706	0.03938	0.15538	0.07710	0.02885	0.03018	0.02116	0.01161	0.00996	0.00327	0.01168	0.00946	0.09467	0.01543
19	0.02121	0.05469	0.57364	0.03014	0.04576	0.02455	0.03906	0.03348	0.02232	0.03348	0.01897	0.02232	0.01339	0.01005	0.01005	0.00335	0.01563	0.00781	0.00446	0.01563
20	0.70310	0.02045	0.01554	0.01390	0.02045	0.02372	0.01145	0.03108	0.01799	0.04744	0.01472	0.01718	0.01145	0.00981	0.00654	0.00327	0.00818	0.00573	0.00654	0.01145
21	0.01356	0.01004	0.01227	0.01312	0.01478	0.00918	0.00907	0.01613	0.02288	0.03027	0.18433	0.31347	0.18545	0.09459	0.01747	0.00456	0.00614	0.02408	0.00987	0.00875
22	0.12128	0.01946	0.02760	0.26665	0.09509	0.02068	0.02187	0.03268	0.02283	0.13476	0.02268	0.02695	0.01651	0.01040	0.00958	0.00309	0.01117	0.00863	0.00685	0.12125
23	0.70310	0.02045	0.01554	0.01390	0.02045	0.02372	0.01145	0.03108	0.01799	0.04744	0.01472	0.01718	0.01145	0.00981	0.00654	0.00327	0.00818	0.00573	0.00654	0.01145
24	0.01395	0.01008	0.01387	0.01518	0.01618	0.01042	0.01065	0.01628	0.01855	0.02540	0.04482	0.35346	0.05092	0.11525	0.22262	0.00949	0.01451	0.02175	0.00796	0.00865
25	0.01510	0.01133	0.01699	0.01699	0.01888	0.01322	0.01322	0.01888	0.01699	0.02454	0.02832	0.04154	0.02643	0.07930	0.58652	0.01699	0.02832	0.01133	0.00566	0.00944
26	0.02548	0.02442	0.04168	0.12423	0.50848	0.02494	0.03211	0.03185	0.02375	0.03371	0.01977	0.02639	0.01646	0.00955	0.01048	0.00318	0.01273	0.00942	0.00517	0.01620
27	0.70310	0.02045	0.01554	0.01390	0.02045	0.02372	0.01145	0.03108	0.01799	0.04744	0.01472	0.01718	0.01145	0.00981	0.00654	0.00327	0.00818	0.00573	0.00654	0.01145
28	0.01322	0.00960	0.01192	0.01361	0.01457	0.00890	0.00900	0.01489	0.02005	0.02619	0.06165	0.45491	0.13854	0.12725	0.01978	0.00514	0.00667	0.02654	0.00927	0.00829
29	0.20339	0.01622	0.01751	0.01614	0.02083	0.01699	0.01243	0.03322	0.11127	0.13166	0.11878	0.17825	0.04521	0.01855	0.01055	0.00358	0.00737	0.01552	0.00996	0.01256
30	0.02192	0.01879	0.02192	0.01566	0.02506	0.01409	0.01253	0.02662	0.02192	0.03445	0.01879	0.02192	0.01566	0.00783	0.00783	0.00157	0.00783	0.00626	0.00626	0.69305
31	0.04019	0.02962	0.03173	0.02433	0.03279	0.03279	0.02010	0.52721	0.04971	0.06663	0.02538	0.02538	0.01798	0.01269	0.01058	0.00317	0.01163	0.00952	0.01058	0.01798
32	0.01302	0.00944	0.01230	0.01431	0.01529	0.00872	0.00969	0.01518	0.02131	0.02834	0.10193	0.53898	0.10899	0.03173	0.01334	0.00416	0.00598	0.02860	0.00996	0.00872
33	0.01421	0.00950	0.01270	0.01413	0.01485	0.00900	0.00947	0.01533	0.02016	0.02722	0.11741	0.41282	0.06345	0.07948	0.02088	0.11149	0.00678	0.02417	0.00898	0.00798
34	0.01288	0.00920	0.01227	0.01472	0.01534	0.00859	0.00981	0.01472	0.02024	0.02699	0.05828	0.62152	0.06993	0.03312	0.01350	0.00429	0.00613	0.03006	0.00981	0.00859

[dist]
# distance from previous block
# <min> <max>
0	1

[block]
# block no. 6 follows, 13 sequences, length 21
# corresponding to MSA columns:
# 340-360
name=unknown_G
#
# <colnr> <probs for GDERKNQSTAVLIFYWHMCP>
#	G	D	E	R	K	N	Q	S	T	A	V	L	I	F	Y	W	H	M	C	P
0	0.01924	0.01530	0.01782	0.01640	0.02021	0.01613	0.01253	0.03362	0.22360	0.04309	0.36306	0.06407	0.07431	0.01887	0.01182	0.00342	0.00626	0.01642	0.01131	0.01253
1	0.03396	0.02481	0.02702	0.02207	0.02894	0.02730	0.01820	0.37185	0.08540	0.05746	0.03186	0.04054	0.02582	0.01502	0.01083	0.00337	0.01047	0.07463	0.07445	0.01600
2	0.02313	0.02313	0.03238	0.02776	0.02776	0.03238	0.02313	0.02545	0.01619	0.02545	0.01388	0.02313	0.01388	0.01851	0.03470	0.00463	0.60907	0.00925	0.00463	0.01157
3	0.70310	0.02045	0.01554	0.01390	0.02045	0.02372	0.01145	0.03108	0.01799	0.04744	0.01472	0.01718	0.01145	0.00981	0.00654	0.00327	0.00818	0.00573	0.00654	0.01145
4	0.04601	0.02028	0.02595	0.01990	0.02813	0.01894	0.01644	0.14529	0.03410	0.47061	0.03849	0.03390	0.02456	0.01301	0.01062	0.00325	0.00952	0.01041	0.01259	0.01799
5	0.01314	0.01062	0.01169	0.01167	0.01474	0.00916	0.00866	0.01633	0.02525	0.03188	0.21526	0.13730	0.40529	0.02600	0.01257	0.00357	0.00533	0.02213	0.01027	0.00916
6	0.02496	0.02852	0.06239	0.04456	0.05526	0.02674	0.52406	0.03387	0.02496	0.03387	0.02139	0.02852	0.01604	0.00891	0.01248	0.00357	0.01783	0.01248	0.00535	0.01426
7	0.01488	0.01004	0.01168	0.01216	0.01228	0.00992	0.00708	0.01525	0.01634	0.02178	0.03823	0.17806	0.04465	0.51108	0.04587	0.00908	0.00944	0.01827	0.00708	0.00684
8	0.03277	0.02037	0.02363	0.02046	0.02693	0.02167	0.01635	0.05218	0.33346	0.22060	0.04351	0.04395	0.03225	0.01498	0.01099	0.00357	0.00868	0.04553	0.01147	0.01666
9	0.02658	0.01321	0.01736	0.01491	0.01937	0.01189	0.01168	0.03125	0.02938	0.22423	0.33459	0.06077	0.06818	0.01788	0.01140	0.00323	0.00637	0.01540	0.06959	0.01273
10	0.01510	0.01133	0.01699	0.01699	0.01888	0.01322	0.01322	0.01888	0.01699	0.02454	0.02832	0.04154	0.02643	0.07930	0.58652	0.01699	0.02832	0.01133	0.00566	0.00944
11	0.02275	0.18181	0.46007	0.02750	0.04168	0.02834	0.03447	0.03308	0.02214	0.03160	0.01804	0.02115	0.01343	0.00983	0.00933	0.00311	0.01468	0.00734	0.00448	0.01518
12	0.02202	0.04004	0.33676	0.11153	0.04235	0.06912	0.03015	0.02938	0.02111	0.02890	0.01860	0.02485	0.01450	0.01546	0.01624	0.13914	0.01442	0.00823	0.00461	0.01259
13	0.01327	0.00948	0.01272	0.01517	0.01596	0.00893	0.01050	0.01540	0.02063	0.02743	0.05806	0.57403	0.06907	0.03275	0.01360	0.00435	0.00647	0.07367	0.00981	0.00870
14	0.02546	0.02440	0.04163	0.12646	0.50645	0.02494	0.03210	0.03183	0.02374	0.03368	0.01976	0.02640	0.01644	0.00955	0.01048	0.00318	0.01274	0.00942	0.00517	0.01618
15	0.02197	0.02566	0.13516	0.06663	0.07106	0.02151	0.05457	0.09701	0.02422	0.03405	0.02582	0.07743	0.02311	0.03444	0.19302	0.00777	0.05583	0.01153	0.00628	0.01293
16	0.02620	0.01386	0.01888	0.08305	0.02584	0.01328	0.01402	0.02948	0.02372	0.21147	0.04814	0.17960	0.08336	0.11347	0.01835	0.00476	0.00892	0.06182	0.00982	0.01196
17	0.03960	0.01714	0.02258	0.01842	0.02504	0.01554	0.01473	0.08403	0.02981	0.41385	0.04379	0.15745	0.03462	0.01724	0.01123	0.00348	0.00862	0.01460	0.01219	0.01603
18	0.03884	0.02397	0.06380	0.07215	0.03505	0.02214	0.04879	0.15383	0.07371	0.30447	0.03360	0.03193	0.02240	0.01245	0.01069	0.00332	0.01090	0.01031	0.01063	0.01699
19	0.17239	0.06462	0.02939	0.24891	0.04516	0.02740	0.02154	0.16045	0.06110	0.04266	0.02090	0.02504	0.01566	0.01110	0.00946	0.00330	0.01163	0.00855	0.00700	0.01375
20	0.15829	0.02167	0.06854	0.11965	0.03274	0.02080	0.01782	0.06379	0.09919	0.07315	0.02539	0.03252	0.02074	0.09048	0.01706	0.05020	0.01045	0.00952	0.00721	0.06079

[dist]
# distance from previous block
# <min> <max>
3	67

[block]
# block no. 7 follows, 13 sequences, length 43
# corresponding to MSA columns:
# 428-470
name=unknown_H
#
# <colnr> <probs for GDERKNQSTAVLIFYWHMCP>
#	G	D	E	R	K	N	Q	S	T	A	V	L	I	F	Y	W	H	M	C	P
0	0.07725	0.07225	0.03521	0.06813	0.03601	0.02211	0.13833	0.06992	0.02548	0.11386	0.02523	0.06510	0.02044	0.01135	0.00997	0.00293	0.01137	0.01036	0.00736	0.17735
1	0.07694	0.06383	0.09818	0.12856	0.04237	0.07245	0.11871	0.07096	0.07562	0.03598	0.05660	0.02925	0.02181	0.01184	0.01195	0.00339	0.05147	0.00999	0.00647	0.01363
2	0.17922	0.08139	0.09075	0.02628	0.09171	0.11697	0.02044	0.11466	0.05998	0.03987	0.02103	0.02580	0.01726	0.05740	0.01241	0.00362	0.01229	0.00831	0.00672	0.01388
3	0.19982	0.02570	0.10854	0.02205	0.06196	0.02125	0.01891	0.07754	0.05957	0.15151	0.02562	0.02639	0.01842	0.01094	0.00899	0.00304	0.00986	0.00832	0.04641	0.09515
4	0.02997	0.13927	0.06853	0.02942	0.11998	0.02494	0.06924	0.06919	0.06670	0.14761	0.09915	0.03465	0.03046	0.01236	0.01028	0.00312	0.01086	0.01069	0.00834	0.01525
5	0.02491	0.01946	0.03306	0.46050	0.06381	0.02245	0.06798	0.03162	0.02296	0.11710	0.02279	0.02950	0.01625	0.01085	0.01074	0.00349	0.01356	0.00985	0.00614	0.01298
6	0.02250	0.08784	0.21197	0.06567	0.04489	0.02461	0.21179	0.03090	0.02294	0.03200	0.02284	0.07588	0.01947	0.01136	0.01080	0.00328	0.01451	0.01122	0.00542	0.07010
7	0.01492	0.01148	0.01432	0.01445	0.01732	0.00989	0.01024	0.01771	0.02179	0.03006	0.09879	0.40327	0.10317	0.02627	0.01214	0.00358	0.00632	0.02345	0.00924	0.15161
8	0.15192	0.02886	0.02614	0.02186	0.02887	0.12135	0.01746	0.20590	0.15592	0.09612	0.02765	0.02718	0.02023	0.01232	0.00975	0.00322	0.01128	0.00908	0.00928	0.01560
9	0.03476	0.02399	0.02714	0.02040	0.02915	0.02350	0.01670	0.27636	0.03684	0.13128	0.02550	0.02575	0.01839	0.01101	0.00960	0.00261	0.00988	0.00852	0.00942	0.25919
10	0.10075	0.01452	0.01698	0.01553	0.01977	0.01395	0.01161	0.02831	0.06775	0.12085	0.11590	0.21541	0.04850	0.06590	0.01422	0.00394	0.00737	0.01705	0.00964	0.09207
11	0.02121	0.05469	0.57364	0.03014	0.04576	0.02455	0.03906	0.03348	0.02232	0.03348	0.01897	0.02232	0.01339	0.01005	0.01005	0.00335	0.01563	0.00781	0.00446	0.01563
12	0.02157	0.01231	0.01431	0.01351	0.01718	0.01148	0.01021	0.02687	0.05872	0.12785	0.09778	0.15874	0.18059	0.02069	0.01096	0.00335	0.00619	0.01759	0.17881	0.01128
13	0.21923	0.02410	0.02481	0.02014	0.02759	0.02653	0.01644	0.23438	0.12803	0.13347	0.02817	0.02732	0.02005	0.01227	0.00952	0.00329	0.00970	0.00910	0.00989	0.01598
14	0.02871	0.01321	0.01802	0.01605	0.02012	0.01187	0.01217	0.03110	0.02525	0.25821	0.13483	0.18698	0.04897	0.02312	0.01631	0.10782	0.00760	0.01671	0.01074	0.01221
15	0.01535	0.01003	0.01222	0.01302	0.01445	0.01000	0.00906	0.01804	0.01965	0.02867	0.04701	0.24015	0.08683	0.13810	0.11629	0.00697	0.01025	0.01869	0.17654	0.00870
16	0.54661	0.01986	0.01769	0.01508	0.02201	0.02177	0.01243	0.03596	0.02092	0.17211	0.02116	0.02167	0.01496	0.01060	0.00752	0.00327	0.00837	0.00690	0.00810	0.01301
17	0.03138	0.01433	0.01940	0.01696	0.02202	0.01279	0.01347	0.03534	0.02786	0.30786	0.15795	0.15600	0.05320	0.02001	0.01192	0.00362	0.00770	0.06253	0.01187	0.01380
18	0.02766	0.01547	0.01932	0.01751	0.02190	0.01509	0.01331	0.08878	0.07233	0.19612	0.08945	0.28343	0.05013	0.02223	0.01199	0.00372	0.00772	0.01944	0.01111	0.01329
19	0.04019	0.02962	0.03173	0.02433	0.03279	0.03279	0.02010	0.52721	0.04971	0.06663	0.02538	0.02538	0.01798	0.01269	0.01058	0.00317	0.01163	0.00952	0.01058	0.01798
20	0.02617	0.02512	0.04292	0.06490	0.56246	0.02512	0.03245	0.03245	0.02407	0.03454	0.01989	0.02617	0.01675	0.00942	0.01047	0.00314	0.01256	0.00942	0.00523	0.01675
21	0.01325	0.00965	0.01187	0.01347	0.01449	0.00894	0.00891	0.01491	0.02006	0.02613	0.06234	0.43492	0.14880	0.13632	0.02039	0.00521	0.00672	0.02615	0.00922	0.00826
22	0.02913	0.01655	0.01978	0.01679	0.02219	0.01615	0.01313	0.07254	0.11809	0.21497	0.14511	0.05704	0.12875	0.06373	0.01457	0.00391	0.00784	0.01462	0.01119	0.01394
23	0.04744	0.01799	0.02454	0.01881	0.02699	0.01554	0.01554	0.05153	0.03026	0.56979	0.04171	0.03599	0.02617	0.01309	0.01063	0.00327	0.00900	0.01063	0.01309	0.01799
24	0.03630	0.02547	0.02812	0.02199	0.02939	0.02753	0.01799	0.40362	0.04483	0.09911	0.11969	0.03555	0.03291	0.01428	0.01091	0.00321	0.01028	0.01128	0.01095	0.01658
25	0.02265	0.01441	0.01763	0.01574	0.01982	0.01401	0.01211	0.07060	0.07614	0.12182	0.30181	0.11887	0.11057	0.02045	0.01198	0.00344	0.00661	0.01770	0.01136	0.01226
26	0.02957	0.01891	0.02166	0.01820	0.02416	0.01936	0.01448	0.13441	0.15277	0.16588	0.13692	0.05332	0.13033	0.01711	0.01128	0.00339	0.00806	0.01417	0.01124	0.01478
27	0.02630	0.02271	0.02391	0.02152	0.02749	0.02630	0.01674	0.05618	0.54336	0.04423	0.04303	0.03945	0.03228	0.01434	0.01076	0.00359	0.00837	0.01195	0.01076	0.01674
28	0.01510	0.01133	0.01699	0.01699	0.01888	0.01322	0.01322	0.01888	0.01699	0.02454	0.02832	0.04154	0.02643	0.07930	0.58652	0.01699	0.02832	0.01133	0.00566	0.00944
29	0.02192	0.01879	0.02192	0.01566	0.02506	0.01409	0.01253	0.02662	0.02192	0.03445	0.01879	0.02192	0.01566	0.00783	0.00783	0.00157	0.00783	0.00626	0.00626	0.69305
30	0.03309	0.02565	0.03052	0.02377	0.03110	0.02766	0.06650	0.35527	0.07810	0.05446	0.03427	0.03730	0.06887	0.06655	0.01466	0.00388	0.01132	0.01163	0.00966	0.01573
31	0.02496	0.02852	0.06239	0.04456	0.05526	0.02674	0.52406	0.03387	0.02496	0.03387	0.02139	0.02852	0.01604	0.00891	0.01248	0.00357	0.01783	0.01248	0.00535	0.01426
32	0.01880	0.01166	0.01536	0.01395	0.01712	0.01063	0.01063	0.02368	0.02997	0.10473	0.49600	0.07390	0.09107	0.02061	0.01225	0.00332	0.00546	0.01812	0.01181	0.01092
33	0.01512	0.01164	0.01567	0.08277	0.02232	0.01136	0.01202	0.01986	0.02755	0.03789	0.40593	0.11046	0.14429	0.02168	0.01231	0.00344	0.00618	0.01906	0.01048	0.00997
34	0.01997	0.01879	0.03171	0.60301	0.07282	0.02349	0.02936	0.02701	0.02114	0.02701	0.01879	0.02819	0.01409	0.01057	0.01057	0.00352	0.01409	0.00940	0.00470	0.01175
35	0.12158	0.02366	0.02680	0.02079	0.02890	0.02449	0.01717	0.26935	0.03782	0.27509	0.03096	0.02886	0.02064	0.01252	0.01012	0.00323	0.01012	0.00954	0.01115	0.01721
36	0.10071	0.01899	0.02980	0.53338	0.06663	0.02352	0.02725	0.02749	0.02077	0.02943	0.01831	0.02689	0.01378	0.01048	0.01009	0.00349	0.01340	0.00896	0.00492	0.01171
37	0.01829	0.01149	0.01504	0.01610	0.01873	0.01066	0.01260	0.02155	0.02346	0.09297	0.06395	0.29504	0.14572	0.02836	0.01336	0.00424	0.00754	0.18058	0.01018	0.01014
38	0.02460	0.02737	0.05761	0.04115	0.05169	0.02524	0.46361	0.03301	0.02460	0.03394	0.02108	0.02774	0.01600	0.00878	0.01193	0.00333	0.01664	0.01174	0.00546	0.09449
39	0.02773	0.02695	0.05603	0.04349	0.10114	0.02526	0.41625	0.03582	0.02550	0.09727	0.02365	0.02917	0.01731	0.00946	0.01206	0.00349	0.01627	0.01196	0.00625	0.01494
40	0.01928	0.01786	0.02983	0.54592	0.06724	0.02204	0.02747	0.02582	0.02105	0.02701	0.02262	0.08577	0.01951	0.01276	0.01085	0.00360	0.01332	0.01140	0.00519	0.01144
41	0.12415	0.01864	0.02889	0.02427	0.02955	0.01883	0.14899	0.06983	0.02440	0.03608	0.03659	0.16017	0.03768	0.06386	0.01512	0.00442	0.01119	0.12794	0.00793	0.01148
42	0.02782	0.33038	0.11509	0.02020	0.02893	0.07352	0.01985	0.03552	0.08484	0.07009	0.02978	0.03019	0.06956	0.01198	0.00876	0.00281	0.01139	0.00878	0.00648	0.01401

[dist]
# distance from previous block
# <min> <max>
2	32

[block]
# block no. 8 follows, 13 sequences, length 43
# corresponding to MSA columns:
# 503-545
name=unknown_I
#
# <colnr> <probs for GDERKNQSTAVLIFYWHMCP>
#	G	D	E	R	K	N	Q	S	T	A	V	L	I	F	Y	W	H	M	C	P
0	0.08568	0.02105	0.02394	0.01948	0.02620	0.02198	0.01573	0.18566	0.11854	0.19717	0.13115	0.04000	0.03735	0.01452	0.01067	0.00330	0.00887	0.01173	0.01120	0.01579
1	0.01614	0.01165	0.01432	0.01418	0.01627	0.01125	0.01009	0.05600	0.02606	0.03559	0.26157	0.24448	0.10400	0.10767	0.01829	0.00458	0.00659	0.02149	0.01016	0.00960
2	0.12166	0.02230	0.03436	0.23289	0.04888	0.02409	0.12119	0.10207	0.02696	0.12898	0.02356	0.02769	0.01671	0.01086	0.01041	0.00341	0.01282	0.00973	0.00732	0.01413
