[name]
unknown

[dist]
# distance from previous block
# <min> <max>
0	32

[block]
# block no. 0 follows, 14 sequences, length 7
# corresponding to MSA columns:
# 36-42
name=unknown_A
#
# <colnr> <probs for GDERKNQSTAVLIFYWHMCP>
#	G	D	E	R	K	N	Q	S	T	A	V	L	I	F	Y	W	H	M	C	P
0	0.02337	0.01755	0.02133	0.10366	0.02935	0.01895	0.01597	0.12285	0.13575	0.07242	0.10230	0.12188	0.10687	0.01834	0.01130	0.00351	0.00863	0.04362	0.00951	0.01283
1	0.31079	0.01445	0.01328	0.01239	0.01680	0.01505	0.00972	0.02255	0.02238	0.03913	0.19068	0.05787	0.20547	0.01763	0.00966	0.00328	0.00627	0.01397	0.00865	0.00998
2	0.51540	0.02869	0.07900	0.01754	0.02464	0.12741	0.01557	0.03238	0.02002	0.04079	0.01502	0.01754	0.01170	0.00974	0.00724	0.00309	0.01063	0.00597	0.00594	0.01169
3	0.02494	0.13932	0.13379	0.12224	0.03740	0.07888	0.05313	0.03086	0.02207	0.06016	0.02018	0.02456	0.01579	0.01068	0.01098	0.00294	0.06358	0.00807	0.08905	0.05137
4	0.01725	0.00929	0.01394	0.01394	0.01427	0.00962	0.00962	0.01427	0.01394	0.01891	0.01958	0.03285	0.01925	0.04314	0.14140	0.57721	0.01228	0.00929	0.00465	0.00531
5	0.03003	0.03037	0.23174	0.02343	0.03349	0.01834	0.06661	0.03728	0.02566	0.25327	0.07565	0.03718	0.06438	0.01286	0.01053	0.00325	0.01127	0.01090	0.00866	0.01509
6	0.01286	0.00990	0.01176	0.01240	0.01459	0.00880	0.00888	0.01574	0.02350	0.03056	0.20442	0.28088	0.27502	0.02690	0.01246	0.00365	0.00537	0.02352	0.00997	0.00880

[dist]
# distance from previous block
# <min> <max>
3	8

[block]
# block no. 1 follows, 14 sequences, length 18
# corresponding to MSA columns:
# 51-68
name=unknown_B
#
# <colnr> <probs for GDERKNQSTAVLIFYWHMCP>
#	G	D	E	R	K	N	Q	S	T	A	V	L	I	F	Y	W	H	M	C	P
0	0.01269	0.01003	0.01143	0.01190	0.01441	0.00877	0.00861	0.01550	0.02350	0.02991	0.18117	0.23488	0.34756	0.02665	0.01238	0.00360	0.00533	0.02304	0.00987	0.00877
1	0.71184	0.01985	0.01508	0.01350	0.01985	0.02302	0.01111	0.03017	0.01746	0.04604	0.01429	0.01667	0.01111	0.00953	0.00635	0.00318	0.00794	0.00556	0.00635	0.01111
2	0.03024	0.02361	0.02854	0.26037	0.04558	0.07587	0.02190	0.18860	0.03157	0.11079	0.06142	0.03014	0.02212	0.01199	0.01031	0.00320	0.01213	0.00974	0.00790	0.01397
3	0.71184	0.01985	0.01508	0.01350	0.01985	0.02302	0.01111	0.03017	0.01746	0.04604	0.01429	0.01667	0.01111	0.00953	0.00635	0.00318	0.00794	0.00556	0.00635	0.01111
4	0.03901	0.02874	0.03080	0.02361	0.03182	0.03182	0.01951	0.54111	0.04825	0.06468	0.02464	0.02464	0.01745	0.01232	0.01027	0.00308	0.01129	0.00924	0.01027	0.01745
5	0.01492	0.00995	0.01119	0.01119	0.01119	0.00995	0.00622	0.01492	0.01492	0.01990	0.03233	0.06716	0.03731	0.63935	0.05223	0.00995	0.00995	0.01492	0.00622	0.00622
6	0.04604	0.01746	0.02382	0.01826	0.02620	0.01508	0.01508	0.05001	0.02937	0.58244	0.04049	0.03493	0.02540	0.01270	0.01032	0.00318	0.00873	0.01032	0.01270	0.01746
7	0.01723	0.01444	0.01548	0.01452	0.01858	0.01469	0.01109	0.02939	0.20881	0.03562	0.17435	0.07351	0.29111	0.02083	0.01154	0.00342	0.00614	0.01757	0.01019	0.01148
8	0.01452	0.01049	0.01372	0.01291	0.01533	0.00968	0.00968	0.01937	0.02905	0.04115	0.56992	0.07666	0.09683	0.02098	0.01210	0.00323	0.00484	0.01856	0.01130	0.00968
9	0.01783	0.00891	0.01337	0.01337	0.01337	0.00891	0.00891	0.01337	0.01337	0.01783	0.01783	0.03119	0.01783	0.03565	0.04011	0.70143	0.00891	0.00891	0.00446	0.00446
10	0.02250	0.02143	0.03642	0.32858	0.33239	0.02362	0.03005	0.02896	0.02200	0.03001	0.01879	0.02634	0.01502	0.00968	0.01021	0.00323	0.01291	0.00913	0.00483	0.01392
11	0.17788	0.01794	0.02209	0.01732	0.02494	0.01665	0.01430	0.04608	0.02701	0.47622	0.03530	0.03131	0.02257	0.01207	0.00953	0.00318	0.00858	0.00938	0.01144	0.01621
12	0.01965	0.01746	0.02653	0.36536	0.08772	0.02050	0.02257	0.02844	0.09411	0.02959	0.07333	0.03812	0.02675	0.08963	0.01565	0.00419	0.01155	0.01104	0.00622	0.01160
13	0.02406	0.10032	0.03100	0.02336	0.02525	0.08100	0.01952	0.02681	0.01836	0.02652	0.01652	0.02351	0.01516	0.01533	0.02448	0.00375	0.40621	0.00841	0.09912	0.01130
14	0.02715	0.02326	0.09193	0.10528	0.03241	0.06973	0.01892	0.03509	0.08642	0.17266	0.10269	0.12176	0.03698	0.01577	0.01078	0.00336	0.01016	0.01337	0.00893	0.01336
15	0.02406	0.02553	0.11407	0.03037	0.10705	0.02147	0.11562	0.06544	0.13184	0.06991	0.10541	0.08051	0.03438	0.01386	0.01102	0.00336	0.01100	0.01282	0.00802	0.01429
16	0.02834	0.02344	0.02479	0.02145	0.02776	0.02684	0.01692	0.15614	0.45060	0.04747	0.03819	0.03544	0.02843	0.01359	0.01041	0.00340	0.00878	0.01111	0.01041	0.01650
17	0.56809	0.02323	0.06685	0.02097	0.09078	0.02326	0.01591	0.03053	0.01855	0.04334	0.01526	0.01818	0.01191	0.00950	0.00711	0.00317	0.00908	0.00617	0.00602	0.01209

[dist]
# distance from previous block
# <min> <max>
0	1

[block]
# block no. 2 follows, 14 sequences, length 46
# corresponding to MSA columns:
# 70-115
name=unknown_C
#
# <colnr> <probs for GDERKNQSTAVLIFYWHMCP>
#	G	D	E	R	K	N	Q	S	T	A	V	L	I	F	Y	W	H	M	C	P
0	0.02752	0.02908	0.13621	0.03248	0.04191	0.02401	0.25828	0.03793	0.08970	0.13125	0.02593	0.02888	0.01867	0.01089	0.01277	0.00345	0.05852	0.01073	0.00698	0.01481
1	0.01756	0.05914	0.09046	0.05622	0.02474	0.01607	0.01551	0.02503	0.08376	0.03265	0.17355	0.15973	0.08851	0.05761	0.01358	0.00372	0.00821	0.01619	0.00836	0.04941
2	0.03015	0.01395	0.01872	0.01556	0.02072	0.01236	0.01236	0.03456	0.02921	0.30953	0.30742	0.05597	0.06142	0.01688	0.01122	0.00320	0.00677	0.01447	0.01199	0.01354
3	0.04604	0.01746	0.02382	0.01826	0.02620	0.01508	0.01508	0.05001	0.02937	0.58244	0.04049	0.03493	0.02540	0.01270	0.01032	0.00318	0.00873	0.01032	0.01270	0.01746
4	0.01376	0.01046	0.01266	0.01211	0.01486	0.00936	0.00908	0.01788	0.02724	0.03686	0.42100	0.08372	0.24842	0.02258	0.01211	0.00330	0.00496	0.01955	0.01073	0.00936
5	0.02540	0.02438	0.04165	0.06299	0.57533	0.02438	0.03149	0.03149	0.02337	0.03353	0.01930	0.02540	0.01626	0.00914	0.01016	0.00305	0.01219	0.00914	0.00508	0.01626
6	0.02058	0.05308	0.58618	0.02925	0.04442	0.02383	0.03792	0.03250	0.02167	0.03250	0.01842	0.02167	0.01300	0.00975	0.00975	0.00325	0.01517	0.00758	0.00433	0.01517
7	0.01278	0.01056	0.01130	0.01152	0.01479	0.00908	0.00891	0.01575	0.02376	0.02888	0.12658	0.09936	0.48395	0.02595	0.01236	0.00359	0.00566	0.07677	0.00963	0.00881
8	0.02868	0.07652	0.02825	0.06033	0.02961	0.05912	0.05171	0.16060	0.02929	0.11805	0.03247	0.16876	0.02998	0.02094	0.05382	0.00427	0.01186	0.01387	0.00853	0.01332
9	0.02206	0.01565	0.01755	0.01671	0.02045	0.01681	0.01255	0.06593	0.22264	0.06791	0.04405	0.23396	0.04133	0.01944	0.01072	0.00347	0.00704	0.01684	0.13231	0.01258
10	0.02652	0.26524	0.21816	0.09062	0.03827	0.03149	0.02573	0.12841	0.02632	0.03482	0.01804	0.02094	0.01399	0.00994	0.00873	0.00284	0.01269	0.00729	0.00552	0.01443
11	0.10076	0.02084	0.03327	0.32905	0.26340	0.02345	0.02769	0.02875	0.02129	0.03136	0.01821	0.02537	0.01440	0.00974	0.00977	0.00325	0.01244	0.00872	0.00497	0.01328
12	0.01250	0.00893	0.01191	0.01429	0.01488	0.00834	0.00953	0.01429	0.01965	0.02620	0.05656	0.63265	0.06787	0.03215	0.01310	0.00417	0.00595	0.02917	0.00953	0.00834
13	0.03694	0.04000	0.03323	0.02745	0.03426	0.35053	0.07886	0.20107	0.03470	0.03874	0.01925	0.02153	0.01485	0.01092	0.00991	0.00288	0.01605	0.00808	0.00688	0.01391
14	0.02684	0.02140	0.03266	0.16200	0.26272	0.02143	0.02445	0.06625	0.02481	0.10179	0.02186	0.02617	0.01673	0.00975	0.00973	0.00286	0.01117	0.00872	0.00645	0.14218
15	0.02540	0.02438	0.04165	0.06299	0.57533	0.02438	0.03149	0.03149	0.02337	0.03353	0.01930	0.02540	0.01626	0.00914	0.01016	0.00305	0.01219	0.00914	0.00508	0.01626
16	0.01250	0.00893	0.01191	0.01429	0.01488	0.00834	0.00953	0.01429	0.01965	0.02620	0.05656	0.63265	0.06787	0.03215	0.01310	0.00417	0.00595	0.02917	0.00953	0.00834
17	0.02100	0.02064	0.03683	0.34889	0.14288	0.02329	0.11985	0.02746	0.02130	0.02851	0.02090	0.06353	0.01771	0.01160	0.01222	0.00348	0.05157	0.01087	0.00506	0.01243
18	0.02403	0.04430	0.36772	0.03249	0.04521	0.06551	0.17145	0.06631	0.02462	0.03417	0.01928	0.02327	0.01400	0.00968	0.01039	0.00325	0.01573	0.00885	0.00502	0.01472
19	0.03981	0.02746	0.03000	0.02300	0.03118	0.02991	0.01900	0.48508	0.04610	0.12376	0.02645	0.02581	0.01836	0.01236	0.01027	0.00309	0.01100	0.00936	0.01054	0.01745
20	0.01250	0.00893	0.01191	0.01429	0.01488	0.00834	0.00953	0.01429	0.01965	0.02620	0.05656	0.63265	0.06787	0.03215	0.01310	0.00417	0.00595	0.02917	0.00953	0.00834
21	0.02368	0.04468	0.41790	0.08336	0.09205	0.05480	0.03390	0.03356	0.02267	0.07048	0.01990	0.02327	0.01424	0.01000	0.00984	0.00321	0.01450	0.00800	0.00506	0.01491
22	0.03127	0.02296	0.02528	0.02089	0.02688	0.02496	0.01659	0.38725	0.03990	0.05344	0.03396	0.20221	0.03218	0.01811	0.01109	0.00340	0.00973	0.01506	0.01005	0.01479
23	0.02058	0.05308	0.58618	0.02925	0.04442	0.02383	0.03792	0.03250	0.02167	0.03250	0.01842	0.02167	0.01300	0.00975	0.00975	0.00325	0.01517	0.00758	0.00433	0.01517
24	0.01301	0.01043	0.01162	0.01132	0.01440	0.00904	0.00849	0.01644	0.02548	0.03268	0.27601	0.09060	0.39603	0.02414	0.01212	0.00338	0.00507	0.02051	0.01018	0.00904
25	0.03173	0.03201	0.20817	0.02468	0.03476	0.02284	0.05797	0.11299	0.12372	0.19955	0.03008	0.02934	0.02070	0.01165	0.01027	0.00326	0.01162	0.00964	0.00876	0.01626
26	0.01714	0.01224	0.01458	0.01351	0.01694	0.01159	0.01029	0.02415	0.08894	0.07166	0.35252	0.07542	0.20984	0.02096	0.01181	0.00332	0.00556	0.01805	0.01082	0.01066
27	0.01349	0.00964	0.01305	0.01542	0.01645	0.00919	0.01125	0.01600	0.02063	0.02731	0.05601	0.50554	0.06571	0.03122	0.01336	0.00430	0.00681	0.14649	0.00951	0.00861
28	0.02229	0.02319	0.04527	0.29183	0.12914	0.02439	0.25251	0.02983	0.02252	0.03009	0.01949	0.02724	0.01485	0.00941	0.01106	0.00339	0.01507	0.01044	0.00490	0.01311
29	0.02225	0.02312	0.03493	0.46427	0.06375	0.08891	0.10179	0.02887	0.02204	0.02706	0.01834	0.02640	0.01390	0.01006	0.01041	0.00334	0.01476	0.00927	0.00473	0.01181
30	0.02313	0.01426	0.01727	0.01604	0.02023	0.01364	0.01275	0.09612	0.02765	0.13638	0.08951	0.17388	0.18574	0.02287	0.01207	0.00369	0.00757	0.10524	0.01030	0.01165
31	0.02375	0.06730	0.03516	0.29072	0.20792	0.02589	0.02672	0.06645	0.06192	0.03207	0.02015	0.02631	0.01594	0.01066	0.01128	0.00326	0.04621	0.00904	0.00553	0.01373
32	0.02273	0.08067	0.08273	0.02631	0.02844	0.03157	0.02339	0.02593	0.01670	0.02534	0.01398	0.02185	0.01340	0.01641	0.02914	0.00418	0.51246	0.00855	0.00447	0.01175
33	0.07385	0.02749	0.15872	0.13388	0.07816	0.02062	0.02374	0.06611	0.02473	0.16449	0.02376	0.02592	0.01676	0.01034	0.00951	0.00299	0.01136	0.00838	0.00716	0.11201
34	0.03833	0.04891	0.02908	0.02644	0.03173	0.59815	0.01983	0.04098	0.02908	0.02512	0.01586	0.01851	0.01322	0.01058	0.00925	0.00264	0.01851	0.00661	0.00529	0.01190
35	0.01213	0.01040	0.01040	0.01040	0.01386	0.00866	0.00780	0.01473	0.02339	0.02772	0.10396	0.09876	0.57117	0.02599	0.01213	0.00347	0.00520	0.02166	0.00953	0.00866
36	0.01406	0.01035	0.01325	0.01349	0.01572	0.00954	0.01017	0.01803	0.02597	0.03542	0.35464	0.18315	0.15363	0.02451	0.01252	0.00360	0.00562	0.07653	0.01052	0.00927
37	0.23234	0.02176	0.03395	0.21470	0.14640	0.02379	0.12498	0.02973	0.02086	0.03495	0.01774	0.02380	0.01376	0.00951	0.00942	0.00328	0.01237	0.00863	0.00533	0.01271
38	0.01293	0.00911	0.01178	0.01374	0.01423	0.00862	0.00894	0.01440	0.01881	0.02508	0.05225	0.53202	0.06243	0.14020	0.02006	0.00520	0.00666	0.02664	0.00894	0.00796
39	0.01349	0.01042	0.01348	0.01444	0.01581	0.01041	0.01034	0.01593	0.02089	0.02790	0.11858	0.39027	0.15403	0.03212	0.05712	0.00486	0.04806	0.02395	0.00910	0.00880
40	0.07443	0.48364	0.15679	0.01959	0.02947	0.03603	0.02115	0.03104	0.02077	0.02735	0.01509	0.01751	0.01299	0.00903	0.00720	0.00247	0.01159	0.00591	0.00452	0.01342
41	0.01393	0.01024	0.01320	0.01404	0.01605	0.00951	0.01059	0.01751	0.02443	0.03286	0.25675	0.25602	0.14755	0.02639	0.01278	0.00381	0.00605	0.10901	0.01018	0.00909
42	0.01761	0.01263	0.01817	0.01627	0.01982	0.01179	0.05737	0.02147	0.02379	0.07990	0.18275	0.11016	0.19132	0.06587	0.08358	0.00545	0.00977	0.05300	0.00917	0.01010
43	0.07317	0.10292	0.14628	0.08014	0.20041	0.07769	0.06324	0.07745	0.02492	0.03455	0.01841	0.02268	0.01452	0.00970	0.00949	0.00302	0.01330	0.00817	0.00539	0.01453
44	0.02386	0.19711	0.32263	0.02403	0.03542	0.02791	0.02762	0.07783	0.05920	0.03454	0.05938	0.02567	0.02070	0.01082	0.00920	0.00298	0.01254	0.00825	0.00578	0.01453
45	0.08419	0.02232	0.05994	0.14024	0.03447	0.06858	0.01769	0.02818	0.02179	0.06342	0.02336	0.09246	0.02081	0.01182	0.00911	0.00267	0.01023	0.00969	0.00638	0.27265

[dist]
# distance from previous block
# <min> <max>
0	2

[block]
# block no. 3 follows, 14 sequences, length 21
# corresponding to MSA columns:
# 118-138
name=unknown_D
#
# <colnr> <probs for GDERKNQSTAVLIFYWHMCP>
#	G	D	E	R	K	N	Q	S	T	A	V	L	I	F	Y	W	H	M	C	P
0	0.24394	0.12246	0.15679	0.02755	0.12348	0.02725	0.02278	0.10059	0.02413	0.04011	0.01749	0.02036	0.01359	0.00978	0.00834	0.00301	0.01121	0.00712	0.00592	0.01408
1	0.02127	0.01956	0.03092	0.33060	0.19247	0.02223	0.02578	0.03057	0.09153	0.03184	0.07812	0.03331	0.02517	0.01154	0.01045	0.00331	0.01166	0.01042	0.00615	0.01313
2	0.01353	0.01025	0.01254	0.01289	0.01526	0.00926	0.00962	0.01704	0.02493	0.03308	0.27874	0.20034	0.23517	0.02541	0.01248	0.00361	0.00555	0.06097	0.01024	0.00907
3	0.01555	0.01182	0.01626	0.01580	0.01683	0.01378	0.01161	0.01784	0.01589	0.02260	0.02767	0.04743	0.02829	0.25831	0.35867	0.01308	0.08245	0.01210	0.00563	0.00839
4	0.01245	0.00912	0.01171	0.01379	0.01475	0.00838	0.00930	0.01435	0.02013	0.02639	0.06269	0.56358	0.13299	0.03135	0.01297	0.00408	0.00586	0.02820	0.00953	0.00838
5	0.01429	0.01048	0.01340	0.01267	0.01519	0.00958	0.00950	0.01892	0.02850	0.03985	0.52476	0.07880	0.14280	0.02147	0.01211	0.00325	0.00488	0.01886	0.01113	0.00958
6	0.01365	0.00975	0.01323	0.01560	0.01670	0.00933	0.01152	0.01628	0.02078	0.02748	0.05593	0.48534	0.06536	0.03107	0.01341	0.00433	0.00695	0.16514	0.00950	0.00865
7	0.02058	0.05308	0.58618	0.02925	0.04442	0.02383	0.03792	0.03250	0.02167	0.03250	0.01842	0.02167	0.01300	0.00975	0.00975	0.00325	0.01517	0.00758	0.00433	0.01517
8	0.01470	0.01084	0.01569	0.01569	0.01725	0.01239	0.01183	0.01781	0.01626	0.02323	0.02822	0.04436	0.02741	0.16182	0.51623	0.01551	0.02484	0.01159	0.00561	0.00872
9	0.01913	0.00956	0.00956	0.00956	0.01196	0.00956	0.00717	0.02391	0.02152	0.03826	0.03348	0.03826	0.02630	0.01196	0.00717	0.00239	0.00478	0.00956	0.69632	0.00956
10	0.21079	0.08367	0.02729	0.01892	0.02636	0.02154	0.05387	0.07908	0.02655	0.26682	0.06479	0.02984	0.02402	0.01172	0.00917	0.00309	0.00934	0.00922	0.00936	0.01458
11	0.71184	0.01985	0.01508	0.01350	0.01985	0.02302	0.01111	0.03017	0.01746	0.04604	0.01429	0.01667	0.01111	0.00953	0.00635	0.00318	0.00794	0.00556	0.00635	0.01111
12	0.71184	0.01985	0.01508	0.01350	0.01985	0.02302	0.01111	0.03017	0.01746	0.04604	0.01429	0.01667	0.01111	0.00953	0.00635	0.00318	0.00794	0.00556	0.00635	0.01111
13	0.02849	0.58770	0.05138	0.01842	0.02686	0.09464	0.01778	0.03172	0.02165	0.02424	0.01442	0.01666	0.01317	0.00895	0.00684	0.00224	0.01170	0.00560	0.00448	0.01305
14	0.01285	0.00920	0.01222	0.01405	0.01496	0.00857	0.00955	0.01516	0.02126	0.02877	0.14480	0.53708	0.07285	0.03023	0.01293	0.00401	0.00576	0.02735	0.00983	0.00857
15	0.16155	0.02289	0.02536	0.01978	0.02756	0.02392	0.01634	0.26427	0.03562	0.25725	0.02879	0.02711	0.01933	0.01197	0.00959	0.00313	0.00973	0.00899	0.01049	0.01633
16	0.02285	0.03281	0.19235	0.03661	0.08587	0.02676	0.22166	0.03042	0.02114	0.03059	0.01802	0.02445	0.01436	0.01153	0.01722	0.00365	0.18147	0.00980	0.00476	0.01368
17	0.01609	0.01255	0.01670	0.01601	0.01663	0.01477	0.01155	0.01778	0.01588	0.02245	0.02893	0.08899	0.03128	0.30570	0.21666	0.01057	0.12977	0.01355	0.00589	0.00822
18	0.01248	0.00975	0.01132	0.01232	0.01443	0.00859	0.00871	0.01488	0.02215	0.02806	0.11809	0.33500	0.31100	0.02836	0.01256	0.00376	0.00551	0.02477	0.00966	0.00859
19	0.02133	0.02002	0.03274	0.43331	0.18749	0.02341	0.02819	0.02985	0.06604	0.02936	0.02046	0.02781	0.01577	0.01030	0.01025	0.00334	0.01286	0.00933	0.00518	0.01296
20	0.02448	0.02033	0.03308	0.29018	0.13887	0.02262	0.06039	0.03022	0.02181	0.09574	0.02071	0.02687	0.01576	0.01097	0.01298	0.00330	0.08584	0.00920	0.00580	0.07084

[dist]
# distance from previous block
# <min> <max>
0	1

[block]
# block no. 4 follows, 14 sequences, length 45
# corresponding to MSA columns:
# 140-184
name=unknown_E
#
# <colnr> <probs for GDERKNQSTAVLIFYWHMCP>
#	G	D	E	R	K	N	Q	S	T	A	V	L	I	F	Y	W	H	M	C	P
0	0.07028	0.02283	0.02722	0.22679	0.04068	0.10656	0.02166	0.02704	0.02046	0.02789	0.05720	0.02858	0.02041	0.01870	0.06481	0.00465	0.18849	0.00931	0.00534	0.01109
1	0.56136	0.02041	0.02014	0.06258	0.10628	0.02321	0.01536	0.03009	0.01856	0.04280	0.01531	0.01871	0.01206	0.00952	0.00719	0.00317	0.00897	0.00634	0.00604	0.01190
2	0.02052	0.01781	0.02578	0.33113	0.04795	0.01921	0.02096	0.06495	0.02340	0.03206	0.05995	0.07571	0.02430	0.01219	0.00994	0.00296	0.01077	0.01057	0.00623	0.18361
3	0.01420	0.01065	0.01445	0.06045	0.02011	0.01038	0.01185	0.01781	0.02355	0.03171	0.22135	0.29741	0.11024	0.02590	0.01263	0.00383	0.00661	0.08800	0.00970	0.00918
4	0.03150	0.07835	0.06840	0.06334	0.03332	0.10557	0.01968	0.24867	0.03381	0.04432	0.02034	0.02240	0.01547	0.01045	0.00922	0.00264	0.01189	0.00777	0.00740	0.16544
5	0.02049	0.05040	0.54336	0.07438	0.04644	0.02375	0.03719	0.03202	0.02158	0.03202	0.01840	0.02211	0.01305	0.00979	0.00979	0.00326	0.01505	0.00770	0.00435	0.01488
6	0.03998	0.06286	0.02602	0.01867	0.02626	0.01969	0.01551	0.12201	0.06619	0.39010	0.04066	0.03666	0.06119	0.01336	0.01018	0.00313	0.00900	0.01068	0.01138	0.01648
7	0.08189	0.02118	0.02366	0.01937	0.02591	0.02254	0.01561	0.20181	0.15541	0.16775	0.11874	0.03779	0.03465	0.01396	0.01033	0.00322	0.00873	0.01125	0.01072	0.01548
8	0.04127	0.01606	0.02129	0.01672	0.02367	0.01410	0.01368	0.04539	0.02798	0.48597	0.03924	0.03552	0.02556	0.01257	0.00976	0.00304	0.00803	0.01019	0.13389	0.01606
9	0.02028	0.01948	0.03393	0.52308	0.11515	0.02317	0.06589	0.02718	0.02105	0.02737	0.01852	0.02721	0.01405	0.01004	0.01039	0.00339	0.01381	0.00934	0.00465	0.01202
10	0.07606	0.06636	0.02734	0.10106	0.02995	0.02425	0.01895	0.02608	0.01814	0.06892	0.01993	0.02778	0.01736	0.03044	0.17088	0.00708	0.24348	0.00909	0.00553	0.01133
11	0.01438	0.00991	0.01226	0.01340	0.01396	0.00971	0.00890	0.01570	0.01782	0.02363	0.04366	0.25935	0.05066	0.34625	0.03355	0.00725	0.00857	0.09583	0.00780	0.00741
12	0.01432	0.01023	0.01399	0.01636	0.01775	0.00990	0.01268	0.01743	0.02144	0.02823	0.05556	0.40011	0.06391	0.03044	0.01358	0.00442	0.00753	0.24381	0.00949	0.00884
13	0.01974	0.01797	0.02701	0.38548	0.05216	0.02201	0.02338	0.02926	0.11047	0.02891	0.02699	0.11044	0.02395	0.01446	0.01259	0.00362	0.06133	0.01223	0.00622	0.01179
14	0.02411	0.02735	0.05870	0.04221	0.05193	0.02630	0.50516	0.03235	0.02368	0.03235	0.02030	0.02735	0.01544	0.00924	0.01349	0.00353	0.05579	0.01191	0.00515	0.01367
15	0.01341	0.00958	0.01295	0.01533	0.01632	0.00912	0.01110	0.01586	0.02054	0.02721	0.05606	0.51634	0.06589	0.03130	0.01334	0.00429	0.00674	0.13652	0.00951	0.00859
16	0.04496	0.01920	0.02489	0.01908	0.02706	0.01766	0.01576	0.12548	0.03227	0.50288	0.03805	0.03335	0.02418	0.01264	0.01031	0.00316	0.00913	0.01015	0.01233	0.01746
17	0.03270	0.03318	0.21475	0.10351	0.03921	0.07305	0.02531	0.07438	0.02688	0.23594	0.02673	0.02724	0.01799	0.01116	0.01002	0.00318	0.01263	0.00883	0.00795	0.01537
18	0.71184	0.01985	0.01508	0.01350	0.01985	0.02302	0.01111	0.03017	0.01746	0.04604	0.01429	0.01667	0.01111	0.00953	0.00635	0.00318	0.00794	0.00556	0.00635	0.01111
19	0.01250	0.00893	0.01191	0.01429	0.01488	0.00834	0.00953	0.01429	0.01965	0.02620	0.05656	0.63265	0.06787	0.03215	0.01310	0.00417	0.00595	0.02917	0.00953	0.00834
20	0.02407	0.02438	0.07435	0.25795	0.25826	0.02452	0.02857	0.07757	0.06611	0.03430	0.02108	0.02679	0.01635	0.01026	0.01020	0.00324	0.01256	0.00922	0.00572	0.01449
21	0.02802	0.02402	0.15066	0.02046	0.02858	0.01595	0.05633	0.03409	0.02630	0.23868	0.13734	0.04829	0.11583	0.01518	0.01091	0.00327	0.00960	0.01298	0.00953	0.01399
22	0.01489	0.01064	0.01465	0.01702	0.01866	0.01040	0.01368	0.01842	0.02200	0.02887	0.05524	0.32631	0.06265	0.02990	0.01374	0.00450	0.00803	0.31192	0.00948	0.00900
23	0.01893	0.01553	0.02572	0.44001	0.05403	0.01877	0.02281	0.02249	0.01844	0.02378	0.01812	0.02847	0.01488	0.01764	0.01893	0.20618	0.01230	0.00906	0.00453	0.00938
24	0.02844	0.02417	0.07852	0.07668	0.15445	0.02184	0.12096	0.07427	0.06483	0.14661	0.02915	0.08350	0.02341	0.01257	0.01083	0.00333	0.01187	0.01182	0.00774	0.01498
25	0.02510	0.02134	0.03423	0.07508	0.07632	0.02525	0.10427	0.02922	0.02021	0.10216	0.02263	0.07548	0.02010	0.01564	0.02176	0.00393	0.29714	0.01134	0.00617	0.01266
26	0.03232	0.03740	0.03570	0.02948	0.03486	0.31711	0.11855	0.08126	0.02704	0.03008	0.01707	0.02164	0.01410	0.01195	0.01512	0.00323	0.14651	0.00840	0.00555	0.01262
27	0.01269	0.00954	0.01176	0.01307	0.01468	0.00861	0.00909	0.01512	0.02196	0.02870	0.14128	0.41343	0.20489	0.02895	0.01270	0.00385	0.00560	0.02570	0.00978	0.00861
28	0.01340	0.01032	0.01223	0.01201	0.01470	0.00916	0.00891	0.01708	0.02600	0.03453	0.34049	0.13102	0.28528	0.02391	0.01219	0.00340	0.00508	0.02067	0.01044	0.00916
29	0.02245	0.02245	0.03143	0.02694	0.02694	0.03143	0.02245	0.02470	0.01572	0.02470	0.01347	0.02245	0.01347	0.01796	0.03368	0.00449	0.62057	0.00898	0.00449	0.01123
30	0.01938	0.01824	0.03078	0.61468	0.07068	0.02280	0.02850	0.02622	0.02052	0.02622	0.01824	0.02736	0.01368	0.01026	0.01026	0.00342	0.01368	0.00912	0.00456	0.01140
31	0.02744	0.64552	0.05378	0.01756	0.02634	0.04061	0.01756	0.03073	0.02085	0.02414	0.01427	0.01646	0.01317	0.00878	0.00658	0.00219	0.01097	0.00549	0.00439	0.01317
32	0.01250	0.00893	0.01191	0.01429	0.01488	0.00834	0.00953	0.01429	0.01965	0.02620	0.05656	0.63265	0.06787	0.03215	0.01310	0.00417	0.00595	0.02917	0.00953	0.00834
33	0.02540	0.02438	0.04165	0.06299	0.57533	0.02438	0.03149	0.03149	0.02337	0.03353	0.01930	0.02540	0.01626	0.00914	0.01016	0.00305	0.01219	0.00914	0.00508	0.01626
34	0.02128	0.01824	0.02128	0.01520	0.02432	0.01368	0.01216	0.02584	0.02128	0.03344	0.01824	0.02128	0.01520	0.00760	0.00760	0.00152	0.00760	0.00608	0.00608	0.70208
35	0.02451	0.08364	0.05994	0.04093	0.05116	0.02728	0.49092	0.03268	0.02392	0.03208	0.02017	0.02667	0.01535	0.00866	0.01161	0.00335	0.01673	0.01151	0.00512	0.01378
36	0.03833	0.04891	0.02908	0.02644	0.03173	0.59815	0.01983	0.04098	0.02908	0.02512	0.01586	0.01851	0.01322	0.01058	0.00925	0.00264	0.01851	0.00661	0.00529	0.01190
37	0.01250	0.00893	0.01191	0.01429	0.01488	0.00834	0.00953	0.01429	0.01965	0.02620	0.05656	0.63265	0.06787	0.03215	0.01310	0.00417	0.00595	0.02917	0.00953	0.00834
38	0.01250	0.00893	0.01191	0.01429	0.01488	0.00834	0.00953	0.01429	0.01965	0.02620	0.05656	0.63265	0.06787	0.03215	0.01310	0.00417	0.00595	0.02917	0.00953	0.00834
39	0.01250	0.00893	0.01191	0.01429	0.01488	0.00834	0.00953	0.01429	0.01965	0.02620	0.05656	0.63265	0.06787	0.03215	0.01310	0.00417	0.00595	0.02917	0.00953	0.00834
40	0.03423	0.02637	0.02810	0.02264	0.03000	0.02959	0.01835	0.36854	0.22862	0.05696	0.03071	0.02948	0.02237	0.01289	0.01033	0.00322	0.01017	0.01008	0.01033	0.01702
41	0.02801	0.23753	0.12751	0.06253	0.03319	0.03082	0.02155	0.17712	0.07029	0.03982	0.05907	0.02627	0.02162	0.01129	0.00909	0.00287	0.01129	0.00853	0.00701	0.01458
42	0.03548	0.02763	0.02714	0.07587	0.03287	0.13554	0.01864	0.17468	0.15750	0.16272	0.02989	0.02918	0.02131	0.01226	0.01012	0.00314	0.01159	0.00951	0.00936	0.01555
43	0.25695	0.15182	0.02984	0.02154	0.06735	0.02906	0.01667	0.14291	0.11810	0.04397	0.02160	0.02271	0.01676	0.01069	0.00823	0.00300	0.00963	0.00764	0.00738	0.01416
44	0.02727	0.01771	0.02211	0.06577	0.02791	0.01602	0.01459	0.06265	0.06545	0.16651	0.03093	0.10901	0.02600	0.01312	0.00959	0.00267	0.00840	0.01107	0.00859	0.29463

[dist]
# distance from previous block
# <min> <max>
0	4

[block]
# block no. 5 follows, 14 sequences, length 16
# corresponding to MSA columns:
# 189-204
name=unknown_F
#
# <colnr> <probs for GDERKNQSTAVLIFYWHMCP>
#	G	D	E	R	K	N	Q	S	T	A	V	L	I	F	Y	W	H	M	C	P
0	0.07748	0.11743	0.14380	0.06987	0.07378	0.10963	0.06480	0.15543	0.02896	0.03869	0.01894	0.02202	0.01447	0.01025	0.00939	0.00299	0.01350	0.00799	0.00618	0.01440
1	0.03608	0.01840	0.02476	0.02169	0.07977	0.01555	0.01577	0.04044	0.02619	0.35246	0.03127	0.02962	0.02123	0.01072	0.00943	0.00263	0.00871	0.00885	0.00983	0.23661
2	0.07261	0.08617	0.14540	0.02018	0.02788	0.02287	0.01931	0.03869	0.22603	0.07194	0.03920	0.07849	0.07960	0.01460	0.00997	0.00331	0.00951	0.01185	0.00824	0.01413
3	0.01250	0.00893	0.01191	0.01429	0.01488	0.00834	0.00953	0.01429	0.01965	0.02620	0.05656	0.63265	0.06787	0.03215	0.01310	0.00417	0.00595	0.02917	0.00953	0.00834
4	0.02482	0.02379	0.04061	0.11602	0.52682	0.02423	0.03121	0.03099	0.02309	0.03282	0.01920	0.02559	0.01601	0.00925	0.01017	0.00308	0.01233	0.00914	0.00503	0.01579
5	0.01213	0.01040	0.01040	0.01040	0.01386	0.00866	0.00780	0.01473	0.02339	0.02772	0.10396	0.09876	0.57117	0.02599	0.01213	0.00347	0.00520	0.02166	0.00953	0.00866
6	0.04604	0.01746	0.02382	0.01826	0.02620	0.01508	0.01508	0.05001	0.02937	0.58244	0.04049	0.03493	0.02540	0.01270	0.01032	0.00318	0.00873	0.01032	0.01270	0.01746
7	0.02744	0.64552	0.05378	0.01756	0.02634	0.04061	0.01756	0.03073	0.02085	0.02414	0.01427	0.01646	0.01317	0.00878	0.00658	0.00219	0.01097	0.00549	0.00439	0.01317
8	0.01492	0.00995	0.01119	0.01119	0.01119	0.00995	0.00622	0.01492	0.01492	0.01990	0.03233	0.06716	0.03731	0.63935	0.05223	0.00995	0.00995	0.01492	0.00622	0.00622
9	0.71184	0.01985	0.01508	0.01350	0.01985	0.02302	0.01111	0.03017	0.01746	0.04604	0.01429	0.01667	0.01111	0.00953	0.00635	0.00318	0.00794	0.00556	0.00635	0.01111
10	0.01492	0.00995	0.01119	0.01119	0.01119	0.00995	0.00622	0.01492	0.01492	0.01990	0.03233	0.06716	0.03731	0.63935	0.05223	0.00995	0.00995	0.01492	0.00622	0.00622
11	0.04604	0.01746	0.02382	0.01826	0.02620	0.01508	0.01508	0.05001	0.02937	0.58244	0.04049	0.03493	0.02540	0.01270	0.01032	0.00318	0.00873	0.01032	0.01270	0.01746
12	0.01938	0.01824	0.03078	0.61468	0.07068	0.02280	0.02850	0.02622	0.02052	0.02622	0.01824	0.02736	0.01368	0.01026	0.01026	0.00342	0.01368	0.00912	0.00456	0.01140
13	0.02949	0.02813	0.02480	0.02175	0.02663	0.19805	0.01705	0.18797	0.03023	0.03693	0.02304	0.02876	0.01929	0.03651	0.23498	0.00808	0.01970	0.00911	0.00692	0.01258
14	0.01312	0.00974	0.01239	0.01427	0.01577	0.00901	0.01038	0.01559	0.02112	0.02730	0.06610	0.43142	0.17170	0.03020	0.01308	0.00412	0.00640	0.11019	0.00951	0.00860
15	0.02435	0.02712	0.04879	0.12023	0.04970	0.07177	0.33541	0.03115	0.02261	0.02990	0.01875	0.02600	0.01475	0.01064	0.01536	0.00357	0.12131	0.01071	0.00499	0.01289

[dist]
# distance from previous block
# <min> <max>
0	1

[block]
# block no. 6 follows, 14 sequences, length 91
# corresponding to MSA columns:
# 206-296
name=unknown_G
#
# <colnr> <probs for GDERKNQSTAVLIFYWHMCP>
#	G	D	E	R	K	N	Q	S	T	A	V	L	I	F	Y	W	H	M	C	P
0	0.02399	0.02011	0.02344	0.01732	0.02563	0.01768	0.01401	0.10200	0.02486	0.03741	0.01883	0.02186	0.01540	0.00907	0.00993	0.00197	0.05373	0.00676	0.00658	0.54941
1	0.07985	0.03035	0.17701	0.02847	0.03856	0.02253	0.17591	0.03960	0.09585	0.16717	0.02725	0.02850	0.01906	0.01068	0.01043	0.00332	0.01277	0.00997	0.00757	0.01517
2	0.63745	0.01869	0.01475	0.01358	0.01932	0.02146	0.01094	0.02848	0.01770	0.04393	0.01879	0.08219	0.01715	0.01193	0.00707	0.00328	0.00773	0.00807	0.00669	0.01082
3	0.01449	0.01035	0.01419	0.01656	0.01803	0.01005	0.01298	0.01773	0.02161	0.02842	0.05546	0.37775	0.06353	0.03028	0.01363	0.00444	0.00768	0.26445	0.00949	0.00888
4	0.04604	0.01746	0.02382	0.01826	0.02620	0.01508	0.01508	0.05001	0.02937	0.58244	0.04049	0.03493	0.02540	0.01270	0.01032	0.00318	0.00873	0.01032	0.01270	0.01746
5	0.02211	0.18480	0.46781	0.02665	0.04040	0.02756	0.03339	0.03211	0.02149	0.03064	0.01749	0.02051	0.01304	0.00953	0.00905	0.00302	0.01423	0.00712	0.00435	0.01472
6	0.02553	0.02204	0.02320	0.02088	0.02669	0.02553	0.01624	0.05453	0.55679	0.04293	0.04177	0.03829	0.03133	0.01392	0.01044	0.00348	0.00812	0.01160	0.01044	0.01624
7	0.01295	0.00928	0.01231	0.01398	0.01498	0.00863	0.00956	0.01542	0.02174	0.02952	0.17069	0.50904	0.07431	0.02967	0.01288	0.00396	0.00571	0.02681	0.00992	0.00863
8	0.01913	0.00956	0.00956	0.00956	0.01196	0.00956	0.00717	0.02391	0.02152	0.03826	0.03348	0.03826	0.02630	0.01196	0.00717	0.00239	0.00478	0.00956	0.69632	0.00956
9	0.71184	0.01985	0.01508	0.01350	0.01985	0.02302	0.01111	0.03017	0.01746	0.04604	0.01429	0.01667	0.01111	0.00953	0.00635	0.00318	0.00794	0.00556	0.00635	0.01111
10	0.03901	0.02874	0.03080	0.02361	0.03182	0.03182	0.01951	0.54111	0.04825	0.06468	0.02464	0.02464	0.01745	0.01232	0.01027	0.00308	0.01129	0.00924	0.01027	0.01745
11	0.02128	0.01824	0.02128	0.01520	0.02432	0.01368	0.01216	0.02584	0.02128	0.03344	0.01824	0.02128	0.01520	0.00760	0.00760	0.00152	0.00760	0.00608	0.00608	0.70208
12	0.01250	0.00893	0.01191	0.01429	0.01488	0.00834	0.00953	0.01429	0.01965	0.02620	0.05656	0.63265	0.06787	0.03215	0.01310	0.00417	0.00595	0.02917	0.00953	0.00834
13	0.01466	0.01100	0.01649	0.01649	0.01833	0.01283	0.01283	0.01833	0.01649	0.02382	0.02749	0.04032	0.02566	0.07697	0.59868	0.01649	0.02749	0.01100	0.00550	0.00916
14	0.01654	0.01181	0.01654	0.01890	0.02126	0.01181	0.01654	0.02126	0.02362	0.03071	0.05433	0.11576	0.05906	0.02835	0.01417	0.00472	0.00945	0.50626	0.00945	0.00945
15	0.04604	0.01746	0.02382	0.01826	0.02620	0.01508	0.01508	0.05001	0.02937	0.58244	0.04049	0.03493	0.02540	0.01270	0.01032	0.00318	0.00873	0.01032	0.01270	0.01746
16	0.02128	0.01824	0.02128	0.01520	0.02432	0.01368	0.01216	0.02584	0.02128	0.03344	0.01824	0.02128	0.01520	0.00760	0.00760	0.00152	0.00760	0.00608	0.00608	0.70208
17	0.02058	0.05308	0.58618	0.02925	0.04442	0.02383	0.03792	0.03250	0.02167	0.03250	0.01842	0.02167	0.01300	0.00975	0.00975	0.00325	0.01517	0.00758	0.00433	0.01517
18	0.01306	0.01043	0.01169	0.01137	0.01443	0.00906	0.00853	0.01653	0.02559	0.03294	0.28488	0.09018	0.38700	0.02404	0.01212	0.00337	0.00506	0.02045	0.01022	0.00906
19	0.01250	0.00893	0.01191	0.01429	0.01488	0.00834	0.00953	0.01429	0.01965	0.02620	0.05656	0.63265	0.06787	0.03215	0.01310	0.00417	0.00595	0.02917	0.00953	0.00834
20	0.12757	0.02928	0.04072	0.03338	0.07866	0.11149	0.22134	0.12239	0.02755	0.03869	0.01918	0.02368	0.01482	0.01038	0.01188	0.00327	0.05629	0.00941	0.00621	0.01380
21	0.02063	0.01506	0.01845	0.01712	0.02009	0.01639	0.01289	0.15545	0.02545	0.03468	0.03439	0.18220	0.03523	0.12666	0.22660	0.00907	0.01560	0.01544	0.00783	0.01075
22	0.02361	0.02277	0.04066	0.07542	0.03956	0.02578	0.22180	0.02876	0.02056	0.06348	0.02182	0.07445	0.01941	0.01457	0.02043	0.00390	0.25301	0.01191	0.00569	0.01242
23	0.02246	0.02114	0.03566	0.20128	0.38449	0.02226	0.02838	0.02829	0.02223	0.03085	0.02299	0.09050	0.02108	0.01188	0.01050	0.00326	0.01192	0.01127	0.00542	0.01415
24	0.01466	0.01100	0.01649	0.01649	0.01833	0.01283	0.01283	0.01833	0.01649	0.02382	0.02749	0.04032	0.02566	0.07697	0.59868	0.01649	0.02749	0.01100	0.00550	0.00916
25	0.02819	0.60433	0.05207	0.01817	0.02671	0.07910	0.01772	0.03144	0.02142	0.02421	0.01438	0.01660	0.01317	0.00890	0.00677	0.00223	0.01149	0.00556	0.00445	0.01308
26	0.04604	0.01746	0.02382	0.01826	0.02620	0.01508	0.01508	0.05001	0.02937	0.58244	0.04049	0.03493	0.02540	0.01270	0.01032	0.00318	0.00873	0.01032	0.01270	0.01746
27	0.02502	0.02400	0.04097	0.09751	0.54376	0.02428	0.03131	0.03116	0.02319	0.03307	0.01924	0.02552	0.01609	0.00921	0.01017	0.00307	0.01228	0.00914	0.00505	0.01595
28	0.04604	0.01746	0.02382	0.01826	0.02620	0.01508	0.01508	0.05001	0.02937	0.58244	0.04049	0.03493	0.02540	0.01270	0.01032	0.00318	0.00873	0.01032	0.01270	0.01746
29	0.02744	0.64552	0.05378	0.01756	0.02634	0.04061	0.01756	0.03073	0.02085	0.02414	0.01427	0.01646	0.01317	0.00878	0.00658	0.00219	0.01097	0.00549	0.00439	0.01317
30	0.01250	0.00893	0.01191	0.01429	0.01488	0.00834	0.00953	0.01429	0.01965	0.02620	0.05656	0.63265	0.06787	0.03215	0.01310	0.00417	0.00595	0.02917	0.00953	0.00834
31	0.01783	0.00891	0.01337	0.01337	0.01337	0.00891	0.00891	0.01337	0.01337	0.01783	0.01783	0.03119	0.01783	0.03565	0.04011	0.70143	0.00891	0.00891	0.00446	0.00446
32	0.03901	0.02874	0.03080	0.02361	0.03182	0.03182	0.01951	0.54111	0.04825	0.06468	0.02464	0.02464	0.01745	0.01232	0.01027	0.00308	0.01129	0.00924	0.01027	0.01745
33	0.01436	0.01048	0.01349	0.01274	0.01523	0.00961	0.00955	0.01905	0.02866	0.04023	0.53779	0.07818	0.12953	0.02133	0.01211	0.00324	0.00487	0.01877	0.01117	0.00961
34	0.71184	0.01985	0.01508	0.01350	0.01985	0.02302	0.01111	0.03017	0.01746	0.04604	0.01429	0.01667	0.01111	0.00953	0.00635	0.00318	0.00794	0.00556	0.00635	0.01111
35	0.03624	0.02033	0.02402	0.01982	0.02681	0.02099	0.01592	0.08619	0.27023	0.30143	0.03997	0.03574	0.02754	0.01323	0.01037	0.00331	0.00863	0.01083	0.01151	0.01691
36	0.01213	0.01040	0.01040	0.01040	0.01386	0.00866	0.00780	0.01473	0.02339	0.02772	0.10396	0.09876	0.57117	0.02599	0.01213	0.00347	0.00520	0.02166	0.00953	0.00866
37	0.01276	0.00904	0.01183	0.01396	0.01449	0.00851	0.00917	0.01436	0.01915	0.02553	0.05398	0.57250	0.06462	0.09673	0.01726	0.00478	0.00638	0.02766	0.00917	0.00811
38	0.01547	0.01116	0.01389	0.01353	0.01390	0.01225	0.00886	0.01640	0.01531	0.02108	0.02984	0.05812	0.03303	0.47532	0.16183	0.01084	0.06236	0.01365	0.00593	0.00722
39	0.02058	0.05308	0.58618	0.02925	0.04442	0.02383	0.03792	0.03250	0.02167	0.03250	0.01842	0.02167	0.01300	0.00975	0.00975	0.00325	0.01517	0.00758	0.00433	0.01517
40	0.01415	0.01010	0.01379	0.01617	0.01748	0.00975	0.01238	0.01713	0.02127	0.02804	0.05565	0.42207	0.06428	0.03060	0.01354	0.00439	0.00738	0.22353	0.00949	0.00879
41	0.01347	0.00968	0.01277	0.01363	0.01510	0.00898	0.00960	0.01671	0.02414	0.03334	0.30164	0.36722	0.08170	0.02682	0.01262	0.00372	0.00542	0.02411	0.01037	0.00898
42	0.07872	0.01512	0.01801	0.01577	0.02042	0.01514	0.01233	0.03420	0.13437	0.16395	0.30056	0.05481	0.06080	0.01679	0.01091	0.00326	0.00662	0.01428	0.01105	0.01287
43	0.71184	0.01985	0.01508	0.01350	0.01985	0.02302	0.01111	0.03017	0.01746	0.04604	0.01429	0.01667	0.01111	0.00953	0.00635	0.00318	0.00794	0.00556	0.00635	0.01111
44	0.02505	0.02069	0.03240	0.28668	0.22107	0.02289	0.02622	0.03463	0.10172	0.09019	0.02443	0.02915	0.01836	0.01070	0.01026	0.00328	0.01185	0.00962	0.00646	0.01432
45	0.02007	0.01678	0.01973	0.01509	0.02249	0.01361	0.01189	0.02639	0.06022	0.03581	0.14253	0.03477	0.03447	0.01101	0.00880	0.00204	0.00702	0.00924	0.00754	0.50048
46	0.02128	0.01824	0.02128	0.01520	0.02432	0.01368	0.01216	0.02584	0.02128	0.03344	0.01824	0.02128	0.01520	0.00760	0.00760	0.00152	0.00760	0.00608	0.00608	0.70208
47	0.01490	0.01006	0.01176	0.01176	0.01195	0.01026	0.00692	0.01529	0.01509	0.02032	0.03182	0.06430	0.03607	0.57953	0.11035	0.01064	0.01181	0.01451	0.00614	0.00653
48	0.03105	0.03187	0.02830	0.02440	0.03058	0.21285	0.05085	0.10049	0.29694	0.03880	0.03017	0.02972	0.02295	0.01233	0.01014	0.00316	0.01243	0.00976	0.00841	0.01480
49	0.71184	0.01985	0.01508	0.01350	0.01985	0.02302	0.01111	0.03017	0.01746	0.04604	0.01429	0.01667	0.01111	0.00953	0.00635	0.00318	0.00794	0.00556	0.00635	0.01111
50	0.03723	0.01898	0.03101	0.02390	0.03163	0.01706	0.13155	0.04234	0.02745	0.38614	0.03796	0.04418	0.02774	0.01390	0.01124	0.00345	0.01073	0.07734	0.01059	0.01558
51	0.03833	0.04891	0.02908	0.02644	0.03173	0.59815	0.01983	0.04098	0.02908	0.02512	0.01586	0.01851	0.01322	0.01058	0.00925	0.00264	0.01851	0.00661	0.00529	0.01190
52	0.02314	0.02438	0.04394	0.03313	0.03930	0.02644	0.26667	0.02874	0.02051	0.02977	0.01758	0.02479	0.01470	0.01213	0.01990	0.00360	0.25087	0.01008	0.00504	0.10527
53	0.01399	0.01013	0.01308	0.01384	0.01558	0.00948	0.01016	0.01732	0.02389	0.03244	0.26256	0.26038	0.11636	0.06857	0.01547	0.00421	0.00620	0.08746	0.00999	0.00890
54	0.02573	0.02698	0.05802	0.04153	0.05174	0.02520	0.50195	0.03406	0.02458	0.07082	0.02212	0.02818	0.01625	0.00893	0.01199	0.00344	0.01671	0.01199	0.00571	0.01409
55	0.01250	0.00893	0.01191	0.01429	0.01488	0.00834	0.00953	0.01429	0.01965	0.02620	0.05656	0.63265	0.06787	0.03215	0.01310	0.00417	0.00595	0.02917	0.00953	0.00834
56	0.01270	0.00929	0.01194	0.01365	0.01481	0.00854	0.00934	0.01495	0.02122	0.02816	0.12346	0.50172	0.13231	0.03007	0.01286	0.00397	0.00573	0.02700	0.00974	0.00854
57	0.02399	0.02149	0.03962	0.32452	0.05724	0.02363	0.18983	0.03077	0.02229	0.08740	0.02106	0.02790	0.01552	0.01058	0.01260	0.00349	0.05944	0.01020	0.00562	0.01281
58	0.03839	0.04732	0.02922	0.02622	0.03173	0.55358	0.01980	0.08034	0.03059	0.02823	0.01655	0.01899	0.01355	0.01071	0.00933	0.00268	0.01794	0.00682	0.00568	0.01233
59	0.01213	0.01040	0.01040	0.01040	0.01386	0.00866	0.00780	0.01473	0.02339	0.02772	0.10396	0.09876	0.57117	0.02599	0.01213	0.00347	0.00520	0.02166	0.00953	0.00866
60	0.02128	0.04362	0.40796	0.09469	0.04930	0.02420	0.15028	0.03192	0.02212	0.03192	0.01893	0.02364	0.01365	0.00955	0.01034	0.00332	0.01549	0.00877	0.00455	0.01447
61	0.02027	0.01915	0.03239	0.53305	0.14535	0.02303	0.02894	0.02700	0.02094	0.02730	0.01840	0.02707	0.01406	0.01009	0.01025	0.00336	0.01346	0.00912	0.00464	0.01212
62	0.19331	0.02211	0.02833	0.08557	0.03405	0.02408	0.08922	0.14093	0.10637	0.08651	0.02709	0.03355	0.02127	0.01247	0.00992	0.00339	0.01075	0.04893	0.00817	0.01397
63	0.02470	0.35419	0.20800	0.02568	0.08994	0.03178	0.02466	0.03095	0.02139	0.02835	0.01635	0.01934	0.01361	0.00901	0.00798	0.00255	0.01208	0.00655	0.00458	0.06831
64	0.03892	0.01579	0.02114	0.01679	0.02311	0.01389	0.01334	0.04237	0.02721	0.45590	0.08163	0.04304	0.03288	0.10609	0.01666	0.00418	0.00860	0.01166	0.01163	0.01518
65	0.02023	0.01798	0.02777	0.20963	0.19134	0.01948	0.02222	0.02860	0.08100	0.03468	0.19170	0.04322	0.04201	0.01365	0.01082	0.00326	0.00993	0.01231	0.00742	0.01275
66	0.01234	0.00955	0.01126	0.01263	0.01445	0.00847	0.00879	0.01448	0.02124	0.02685	0.07674	0.40537	0.28213	0.02953	0.01269	0.00387	0.00563	0.02597	0.00953	0.00847
67	0.02128	0.01824	0.02128	0.01520	0.02432	0.01368	0.01216	0.02584	0.02128	0.03344	0.01824	0.02128	0.01520	0.00760	0.00760	0.00152	0.00760	0.00608	0.00608	0.70208
68	0.02527	0.14438	0.18733	0.02067	0.03015	0.02420	0.02130	0.10000	0.06563	0.07342	0.03439	0.03462	0.09867	0.01260	0.00945	0.00289	0.01062	0.00983	0.00713	0.08744
69	0.08431	0.02039	0.02790	0.07062	0.10291	0.02269	0.01989	0.03639	0.06503	0.20128	0.02552	0.02780	0.01887	0.01302	0.01613	0.00346	0.17406	0.00920	0.00781	0.05271
70	0.01694	0.01181	0.01408	0.01384	0.01685	0.01113	0.01023	0.02281	0.08102	0.07602	0.19883	0.22776	0.21145	0.02406	0.01207	0.00358	0.00590	0.02096	0.01033	0.01033
71	0.04365	0.01819	0.02402	0.01833	0.02638	0.01595	0.01511	0.07686	0.02983	0.50818	0.03778	0.03323	0.02412	0.01227	0.01010	0.00304	0.00879	0.00992	0.01203	0.07223
72	0.08430	0.02974	0.11284	0.16946	0.08038	0.10042	0.06305	0.08858	0.02633	0.11580	0.02186	0.02520	0.01577	0.01055	0.00988	0.00318	0.01327	0.00869	0.00666	0.01406
73	0.12787	0.06726	0.02989	0.08475	0.03313	0.02547	0.05377	0.13410	0.09689	0.15638	0.02617	0.02720	0.01889	0.01194	0.01148	0.00328	0.05925	0.00915	0.00841	0.01471
74	0.01250	0.00893	0.01191	0.01429	0.01488	0.00834	0.00953	0.01429	0.01965	0.02620	0.05656	0.63265	0.06787	0.03215	0.01310	0.00417	0.00595	0.02917	0.00953	0.00834
75	0.10972	0.02737	0.02864	0.02236	0.03022	0.03049	0.01841	0.45591	0.07723	0.06131	0.02462	0.02466	0.01766	0.01212	0.00986	0.00312	0.01073	0.00900	0.00986	0.01670
76	0.02527	0.01838	0.02242	0.05493	0.02778	0.01531	0.01395	0.03157	0.05945	0.11826	0.02329	0.02495	0.01779	0.00900	0.00839	0.00203	0.00820	0.00731	0.00730	0.50441
77	0.18903	0.02998	0.18280	0.02132	0.03052	0.02257	0.02149	0.09947	0.02525	0.15379	0.02249	0.02367	0.01592	0.01104	0.01063	0.00314	0.05280	0.00787	0.00745	0.06878
78	0.02199	0.01041	0.01108	0.01049	0.01347	0.01015	0.00801	0.02669	0.02236	0.09614	0.03422	0.03790	0.02621	0.01204	0.00751	0.00247	0.00520	0.00965	0.62361	0.01041
79	0.01760	0.01558	0.02418	0.29946	0.10058	0.01723	0.02053	0.02318	0.02362	0.03137	0.18426	0.05141	0.11954	0.01545	0.01104	0.00333	0.00981	0.01360	0.00722	0.01103
80	0.03251	0.11513	0.03892	0.02604	0.03378	0.02577	0.15130	0.13864	0.02907	0.17964	0.02744	0.06477	0.02128	0.01258	0.01200	0.00324	0.05380	0.01093	0.00828	0.01489
