[name]
unknown

[dist]
# distance from previous block
# <min> <max>
3	32

[block]
# block no. 0 follows, 12 sequences, length 14
# corresponding to MSA columns:
# 36-49
name=unknown_A
#
# <colnr> <probs for GDERKNQSTAVLIFYWHMCP>
#	G	D	E	R	K	N	Q	S	T	A	V	L	I	F	Y	W	H	M	C	P
0	0.02818	0.12010	0.03051	0.10593	0.03385	0.02408	0.01789	0.13255	0.02926	0.08490	0.03201	0.09321	0.05418	0.01424	0.01011	0.00298	0.01026	0.01160	0.00811	0.15606
1	0.10043	0.02892	0.08513	0.02344	0.03091	0.08338	0.05488	0.17175	0.03343	0.08371	0.10601	0.08551	0.03491	0.01530	0.01101	0.00342	0.01163	0.01261	0.00910	0.01453
2	0.03141	0.02066	0.02686	0.06680	0.08725	0.02109	0.01956	0.07710	0.15335	0.17297	0.03812	0.04732	0.03047	0.01524	0.01134	0.00355	0.01010	0.08139	0.01005	0.07538
3	0.10066	0.07709	0.07577	0.07313	0.03217	0.02428	0.01923	0.08836	0.14226	0.10864	0.03434	0.11819	0.02927	0.01564	0.01057	0.00354	0.01020	0.01282	0.00903	0.01482
4	0.01504	0.01073	0.01267	0.01290	0.01392	0.01063	0.00830	0.01631	0.01820	0.02390	0.04972	0.12266	0.13211	0.37494	0.12293	0.00982	0.01211	0.01791	0.00745	0.00776
5	0.01721	0.01302	0.01611	0.01501	0.01813	0.01285	0.01135	0.02627	0.10681	0.04401	0.46702	0.07523	0.09227	0.02115	0.01259	0.00347	0.00568	0.01859	0.01186	0.01135
6	0.03658	0.02047	0.02349	0.01909	0.02581	0.02107	0.01542	0.17071	0.11046	0.22081	0.03687	0.03558	0.02591	0.01339	0.01015	0.00319	0.00888	0.01067	0.17516	0.01630
7	0.02213	0.01589	0.01907	0.01510	0.02190	0.01279	0.01187	0.02667	0.02602	0.09312	0.17161	0.05189	0.11964	0.01530	0.01036	0.00259	0.00706	0.01289	0.00921	0.33488
8	0.69383	0.02109	0.01603	0.01434	0.02109	0.02446	0.01181	0.03205	0.01856	0.04892	0.01518	0.01771	0.01181	0.01012	0.00675	0.00337	0.00843	0.00590	0.00675	0.01181
9	0.02565	0.35060	0.29921	0.02463	0.03723	0.03457	0.02906	0.03355	0.02257	0.02992	0.01728	0.02015	0.01391	0.00982	0.00861	0.00287	0.01380	0.00690	0.00464	0.01501
10	0.02668	0.14980	0.16471	0.09750	0.03782	0.02682	0.02419	0.08459	0.07238	0.07608	0.10307	0.03455	0.03071	0.01295	0.01031	0.00325	0.01174	0.01038	0.00766	0.01481
11	0.01646	0.01521	0.01413	0.01386	0.01720	0.06843	0.01028	0.01973	0.02659	0.03250	0.20180	0.13681	0.33738	0.02520	0.01266	0.00360	0.00698	0.02127	0.01011	0.00980
12	0.02697	0.26977	0.09634	0.07298	0.03376	0.03065	0.02074	0.10490	0.02669	0.03508	0.02301	0.08315	0.02110	0.01261	0.00920	0.00284	0.01143	0.00977	0.00646	0.10256
13	0.21465	0.01788	0.01847	0.01686	0.02223	0.01914	0.01348	0.03606	0.14835	0.09673	0.12679	0.05506	0.09608	0.01737	0.01070	0.00365	0.00786	0.05544	0.01006	0.01315

[dist]
# distance from previous block
# <min> <max>
2	4

[block]
# block no. 1 follows, 12 sequences, length 13
# corresponding to MSA columns:
# 54-66
name=unknown_B
#
# <colnr> <probs for GDERKNQSTAVLIFYWHMCP>
#	G	D	E	R	K	N	Q	S	T	A	V	L	I	F	Y	W	H	M	C	P
0	0.13029	0.02673	0.04560	0.08971	0.04665	0.02835	0.25823	0.10689	0.02724	0.04070	0.02055	0.02649	0.01569	0.01116	0.01386	0.00368	0.07684	0.01066	0.00640	0.01430
1	0.16112	0.11894	0.30342	0.03154	0.11653	0.02758	0.03057	0.03361	0.02227	0.03648	0.01824	0.02182	0.01396	0.01008	0.00925	0.00326	0.01347	0.00758	0.00517	0.01513
2	0.47253	0.08559	0.02330	0.01655	0.02399	0.02628	0.01399	0.08356	0.02391	0.11510	0.01995	0.02109	0.01472	0.01078	0.00775	0.00325	0.00925	0.00696	0.00783	0.01361
3	0.01918	0.01366	0.01544	0.01440	0.01652	0.01380	0.00978	0.09282	0.02468	0.03293	0.11015	0.12220	0.09904	0.32867	0.03462	0.00721	0.00915	0.01765	0.00868	0.00941
4	0.01328	0.00949	0.01265	0.01518	0.01581	0.00886	0.01012	0.01518	0.02088	0.02783	0.06010	0.60969	0.07212	0.03416	0.01392	0.00443	0.00633	0.03100	0.01012	0.00886
5	0.02038	0.01855	0.03044	0.45914	0.10372	0.02226	0.02689	0.02647	0.02113	0.02745	0.02178	0.03541	0.01862	0.10406	0.01776	0.00467	0.01380	0.01064	0.00516	0.01168
6	0.69383	0.02109	0.01603	0.01434	0.02109	0.02446	0.01181	0.03205	0.01856	0.04892	0.01518	0.01771	0.01181	0.01012	0.00675	0.00337	0.00843	0.00590	0.00675	0.01181
7	0.02385	0.02385	0.03340	0.02863	0.02863	0.03340	0.02385	0.02624	0.01670	0.02624	0.01431	0.02385	0.01431	0.01908	0.03578	0.00477	0.59685	0.00954	0.00477	0.01193
8	0.69383	0.02109	0.01603	0.01434	0.02109	0.02446	0.01181	0.03205	0.01856	0.04892	0.01518	0.01771	0.01181	0.01012	0.00675	0.00337	0.00843	0.00590	0.00675	0.01181
9	0.02539	0.02144	0.02269	0.02060	0.02582	0.02457	0.01562	0.05146	0.45010	0.04185	0.04284	0.04540	0.03426	0.10745	0.01793	0.00476	0.00893	0.01287	0.01040	0.01562
10	0.02125	0.02203	0.04357	0.13474	0.04825	0.02180	0.27593	0.02816	0.02377	0.03156	0.03575	0.11388	0.07621	0.01929	0.04894	0.00466	0.01554	0.01560	0.00647	0.01261
11	0.02170	0.01591	0.02355	0.01983	0.02471	0.01495	0.07729	0.02933	0.07847	0.09393	0.25341	0.14769	0.06499	0.01976	0.01230	0.00351	0.00808	0.01800	0.01050	0.06207
12	0.02312	0.01846	0.02394	0.08135	0.09602	0.01908	0.01745	0.13764	0.03286	0.04435	0.22204	0.06024	0.14240	0.01828	0.01194	0.00343	0.00880	0.01566	0.00981	0.01313

[dist]
# distance from previous block
# <min> <max>
0	12

[block]
# block no. 2 follows, 12 sequences, length 142
# corresponding to MSA columns:
# 79-220
name=unknown_C
#
# <colnr> <probs for GDERKNQSTAVLIFYWHMCP>
#	G	D	E	R	K	N	Q	S	T	A	V	L	I	F	Y	W	H	M	C	P
0	0.03060	0.33359	0.13418	0.02260	0.03265	0.03647	0.02270	0.14756	0.07513	0.03906	0.02114	0.02257	0.01678	0.01088	0.00886	0.00287	0.01222	0.00773	0.00670	0.01572
1	0.23331	0.16963	0.10202	0.06042	0.03267	0.07279	0.02036	0.07660	0.02522	0.08783	0.01975	0.02187	0.01496	0.01068	0.00858	0.00310	0.01191	0.00734	0.00675	0.01419
2	0.07448	0.10097	0.08792	0.10006	0.21198	0.02761	0.02672	0.03568	0.06088	0.08148	0.02249	0.02665	0.01764	0.01149	0.01240	0.00339	0.06729	0.00910	0.00636	0.01542
3	0.01383	0.00981	0.01281	0.01464	0.01544	0.00922	0.00976	0.01593	0.02157	0.02907	0.11728	0.48495	0.07237	0.09666	0.01835	0.00498	0.00665	0.02793	0.00997	0.00879
4	0.01959	0.01599	0.02105	0.07530	0.06732	0.01681	0.01569	0.03105	0.14612	0.04200	0.33432	0.06253	0.07127	0.01844	0.01209	0.00350	0.00748	0.01623	0.01058	0.01265
5	0.04799	0.02005	0.02623	0.02011	0.02858	0.01824	0.01661	0.11021	0.03370	0.49575	0.04092	0.03575	0.02594	0.01344	0.01096	0.00336	0.00962	0.01082	0.01317	0.01855
6	0.03146	0.02829	0.02692	0.02346	0.03003	0.09619	0.01837	0.14021	0.37882	0.04753	0.03759	0.03539	0.02817	0.01404	0.01090	0.00351	0.01062	0.01120	0.01038	0.01692
7	0.01644	0.01274	0.01518	0.01457	0.01769	0.01238	0.01090	0.02453	0.10075	0.03979	0.34344	0.12977	0.17369	0.02334	0.01271	0.00361	0.00583	0.02034	0.01134	0.01095
8	0.02908	0.01409	0.01589	0.01377	0.01829	0.01381	0.01086	0.07865	0.02755	0.16464	0.03642	0.03843	0.02682	0.01293	0.00872	0.00281	0.00673	0.01032	0.45726	0.01294
9	0.69383	0.02109	0.01603	0.01434	0.02109	0.02446	0.01181	0.03205	0.01856	0.04892	0.01518	0.01771	0.01181	0.01012	0.00675	0.00337	0.00843	0.00590	0.00675	0.01181
10	0.01791	0.01415	0.01822	0.06941	0.02430	0.01385	0.01325	0.02575	0.08283	0.04005	0.33221	0.11033	0.07349	0.01965	0.01198	0.00334	0.00688	0.01729	0.01038	0.09475
11	0.01489	0.01093	0.01395	0.01361	0.01606	0.00999	0.01005	0.01936	0.02896	0.04018	0.43553	0.14966	0.14753	0.02435	0.01299	0.00358	0.00533	0.02148	0.01156	0.00999
12	0.02523	0.05170	0.49384	0.02963	0.04479	0.02417	0.03727	0.03684	0.02404	0.09937	0.02248	0.02477	0.01545	0.01075	0.01043	0.00344	0.01526	0.00842	0.00571	0.01642
13	0.01968	0.01815	0.03021	0.51910	0.06773	0.02232	0.02778	0.02628	0.02169	0.02786	0.02444	0.10121	0.02169	0.01379	0.01128	0.00373	0.01351	0.01234	0.00550	0.01171
14	0.01528	0.01114	0.01437	0.01356	0.01620	0.01022	0.01017	0.02029	0.03051	0.04288	0.51753	0.08283	0.12891	0.02260	0.01286	0.00344	0.00517	0.01991	0.01189	0.01022
15	0.11139	0.10044	0.03165	0.02572	0.03180	0.46471	0.01983	0.04129	0.02875	0.02903	0.01652	0.01925	0.01379	0.01094	0.00924	0.00283	0.01770	0.00679	0.00566	0.01267
16	0.02826	0.02942	0.04650	0.05878	0.40127	0.08629	0.12009	0.03484	0.02566	0.03451	0.02039	0.02663	0.01678	0.00979	0.01107	0.00327	0.01469	0.01000	0.00544	0.01629
17	0.01328	0.00949	0.01265	0.01518	0.01581	0.00886	0.01012	0.01518	0.02088	0.02783	0.06010	0.60969	0.07212	0.03416	0.01392	0.00443	0.00633	0.03100	0.01012	0.00886
18	0.01467	0.01112	0.01352	0.01292	0.01582	0.00996	0.00969	0.01910	0.02907	0.03946	0.41387	0.08846	0.23471	0.02388	0.01287	0.00350	0.00526	0.02070	0.01144	0.00996
19	0.03222	0.02443	0.02737	0.02263	0.02916	0.02744	0.01828	0.30302	0.13106	0.05341	0.03031	0.03310	0.02349	0.03087	0.15403	0.00697	0.01575	0.01076	0.00965	0.01607
20	0.01959	0.01207	0.01591	0.01442	0.01772	0.01100	0.01100	0.02462	0.03091	0.10742	0.48091	0.07594	0.09345	0.02120	0.01262	0.00342	0.00566	0.01863	0.01219	0.01132
21	0.02253	0.02136	0.03621	0.43155	0.21896	0.02474	0.03125	0.02956	0.02272	0.03022	0.01972	0.02844	0.01537	0.01054	0.01087	0.00351	0.01405	0.00970	0.00501	0.01368
22	0.03008	0.02025	0.02379	0.01853	0.02698	0.01823	0.01481	0.04167	0.15894	0.16249	0.03165	0.03086	0.02328	0.01115	0.00957	0.00259	0.00851	0.00909	0.00937	0.34817
23	0.01398	0.00990	0.01304	0.01529	0.01603	0.00940	0.01045	0.01597	0.02073	0.02756	0.05704	0.50389	0.06765	0.09775	0.01859	0.00516	0.00715	0.07197	0.00973	0.00872
24	0.02659	0.02802	0.03882	0.27777	0.21805	0.12074	0.07104	0.03300	0.02470	0.03075	0.01953	0.02679	0.01550	0.01043	0.01085	0.00337	0.01525	0.00951	0.00521	0.01408
25	0.03460	0.02395	0.03036	0.07708	0.03546	0.02568	0.06098	0.21828	0.12140	0.13586	0.03211	0.03261	0.02294	0.01286	0.01076	0.00335	0.01100	0.01073	0.08351	0.01647
26	0.02256	0.02170	0.03686	0.41028	0.11316	0.02512	0.08866	0.03258	0.07828	0.03143	0.02257	0.03019	0.01711	0.01100	0.01116	0.00361	0.01421	0.01038	0.00567	0.01349
27	0.01558	0.01168	0.01752	0.01752	0.01947	0.01363	0.01363	0.01947	0.01752	0.02531	0.02921	0.04283	0.02726	0.08178	0.57360	0.01752	0.02921	0.01168	0.00584	0.00974
28	0.02915	0.02232	0.02458	0.02480	0.08224	0.08269	0.01712	0.07835	0.11840	0.12557	0.15050	0.11475	0.04742	0.01755	0.01162	0.00349	0.00971	0.01496	0.01030	0.01444
29	0.03644	0.01895	0.02403	0.01786	0.02689	0.01532	0.01455	0.04095	0.02713	0.30925	0.03180	0.03023	0.02185	0.01092	0.00959	0.00254	0.00871	0.00883	0.01016	0.33401
30	0.02420	0.05313	0.51413	0.03007	0.04552	0.02452	0.03819	0.03614	0.02373	0.07958	0.02159	0.02424	0.01495	0.01063	0.01041	0.00345	0.01552	0.00831	0.00537	0.01632
31	0.02164	0.01993	0.03015	0.02468	0.03063	0.02032	0.13933	0.03623	0.20242	0.03900	0.14050	0.10246	0.10876	0.01802	0.01234	0.00370	0.00988	0.01677	0.00964	0.01359
32	0.69383	0.02109	0.01603	0.01434	0.02109	0.02446	0.01181	0.03205	0.01856	0.04892	0.01518	0.01771	0.01181	0.01012	0.00675	0.00337	0.00843	0.00590	0.00675	0.01181
33	0.02915	0.62337	0.05714	0.01866	0.02799	0.04314	0.01866	0.03265	0.02215	0.02565	0.01516	0.01749	0.01399	0.00933	0.00700	0.00233	0.01166	0.00583	0.00466	0.01399
34	0.01521	0.01114	0.01427	0.01349	0.01615	0.01019	0.01012	0.02015	0.03035	0.04249	0.50570	0.08347	0.14099	0.02275	0.01286	0.00345	0.00518	0.02000	0.01184	0.01019
35	0.01543	0.01115	0.01457	0.01372	0.01629	0.01029	0.01029	0.02058	0.03086	0.04372	0.54304	0.08145	0.10288	0.02229	0.01286	0.00343	0.00514	0.01972	0.01200	0.01029
36	0.01399	0.01035	0.01308	0.01397	0.01581	0.00943	0.00988	0.01721	0.02514	0.03384	0.24284	0.33505	0.16174	0.02879	0.01336	0.00394	0.00577	0.02560	0.01080	0.00943
37	0.69383	0.02109	0.01603	0.01434	0.02109	0.02446	0.01181	0.03205	0.01856	0.04892	0.01518	0.01771	0.01181	0.01012	0.00675	0.00337	0.00843	0.00590	0.00675	0.01181
38	0.02107	0.01987	0.03356	0.55164	0.11034	0.02435	0.03052	0.02828	0.02203	0.02844	0.01946	0.02891	0.01474	0.01081	0.01089	0.00360	0.01442	0.00969	0.00489	0.01250
39	0.01519	0.01114	0.01424	0.01346	0.01614	0.01018	0.01010	0.02010	0.03029	0.04236	0.50154	0.08370	0.14523	0.02280	0.01286	0.00345	0.00518	0.02003	0.01182	0.01018
40	0.03630	0.02415	0.02636	0.02405	0.06432	0.07437	0.01777	0.10498	0.15626	0.22369	0.04458	0.04170	0.08239	0.01484	0.01108	0.00341	0.01030	0.01202	0.01088	0.01655
41	0.02413	0.15072	0.38113	0.02763	0.04048	0.06795	0.03291	0.03373	0.02366	0.03222	0.02226	0.03140	0.01856	0.01214	0.01018	0.00336	0.01502	0.05243	0.00521	0.01490
42	0.01507	0.01192	0.01535	0.07630	0.02223	0.01139	0.01184	0.01951	0.02740	0.03658	0.32164	0.11374	0.23006	0.02340	0.01271	0.00359	0.00636	0.02031	0.01052	0.01006
43	0.03895	0.02077	0.02524	0.02026	0.02729	0.02057	0.01634	0.19913	0.03660	0.28100	0.08489	0.10862	0.03666	0.01673	0.01148	0.00348	0.00945	0.01386	0.01207	0.01660
44	0.55111	0.02168	0.01878	0.01600	0.02315	0.02431	0.01319	0.08076	0.02327	0.11387	0.01970	0.02094	0.01434	0.01083	0.00767	0.00336	0.00888	0.00691	0.00799	0.01329
45	0.02638	0.02529	0.04317	0.11625	0.50417	0.02575	0.03316	0.03293	0.02454	0.03489	0.02040	0.02718	0.01701	0.00983	0.01080	0.00328	0.01310	0.00971	0.00535	0.01679
46	0.02550	0.01822	0.02894	0.42728	0.06001	0.02125	0.02531	0.03200	0.02356	0.12141	0.02528	0.03174	0.01818	0.01155	0.01055	0.00347	0.01258	0.00996	0.08019	0.01302
47	0.01894	0.00947	0.01420	0.01420	0.01420	0.00947	0.00947	0.01420	0.01420	0.01894	0.01894	0.03314	0.01894	0.03788	0.04261	0.68277	0.00947	0.00947	0.00473	0.00473
48	0.02217	0.02064	0.03360	0.19268	0.29591	0.02158	0.02680	0.02819	0.02460	0.03344	0.08242	0.04393	0.10075	0.01380	0.01132	0.00343	0.01156	0.01257	0.00656	0.01408
49	0.01427	0.01041	0.01343	0.01413	0.01595	0.00957	0.01004	0.01778	0.02596	0.03551	0.29359	0.31548	0.12748	0.02796	0.01333	0.00389	0.00570	0.02496	0.01101	0.00957
50	0.03008	0.57769	0.05504	0.01941	0.02844	0.08550	0.01885	0.03352	0.02285	0.02574	0.01529	0.01766	0.01400	0.00948	0.00722	0.00237	0.01230	0.00593	0.00474	0.01388
51	0.01348	0.01039	0.01232	0.01327	0.01545	0.00923	0.00941	0.01626	0.02412	0.03110	0.15978	0.31882	0.26814	0.02956	0.01333	0.00396	0.00581	0.02592	0.01043	0.00923
52	0.15803	0.03963	0.03154	0.03542	0.16235	0.33245	0.02251	0.03885	0.02707	0.03307	0.01747	0.02116	0.01445	0.01064	0.00951	0.00302	0.01588	0.00750	0.00577	0.01366
53	0.10107	0.02446	0.02674	0.02102	0.02886	0.02577	0.01725	0.29947	0.04027	0.17451	0.03950	0.03769	0.08519	0.01471	0.01077	0.00336	0.01023	0.01135	0.01102	0.01675
54	0.02066	0.01829	0.02942	0.45593	0.06229	0.02140	0.02584	0.02631	0.02107	0.02783	0.01933	0.02871	0.01522	0.01351	0.01403	0.07795	0.01318	0.00926	0.00503	0.09472
55	0.08826	0.02743	0.05313	0.03925	0.04751	0.02853	0.35799	0.03279	0.02312	0.03438	0.01975	0.02712	0.01562	0.01141	0.01722	0.00388	0.14183	0.01150	0.00547	0.01384
56	0.02693	0.23740	0.32263	0.02667	0.03909	0.11015	0.03058	0.03523	0.02388	0.03055	0.01776	0.02076	0.01390	0.01016	0.00921	0.00300	0.01520	0.00719	0.00477	0.01493
57	0.19950	0.01921	0.02259	0.01803	0.02557	0.01856	0.01479	0.07163	0.02931	0.36304	0.07857	0.03568	0.02943	0.01343	0.01012	0.00337	0.00888	0.01045	0.01161	0.01623
58	0.07848	0.01840	0.02370	0.02555	0.11353	0.01875	0.01672	0.08395	0.07632	0.08989	0.26456	0.05326	0.05855	0.01668	0.01147	0.00339	0.00819	0.01436	0.01036	0.01388
59	0.01328	0.00949	0.01265	0.01518	0.01581	0.00886	0.01012	0.01518	0.02088	0.02783	0.06010	0.60969	0.07212	0.03416	0.01392	0.00443	0.00633	0.03100	0.01012	0.00886
60	0.02100	0.02124	0.03926	0.03128	0.03614	0.02248	0.22339	0.02608	0.02194	0.03045	0.03337	0.22834	0.03520	0.02012	0.01859	0.00419	0.14961	0.01834	0.00693	0.01204
61	0.01328	0.00949	0.01265	0.01518	0.01581	0.00886	0.01012	0.01518	0.02088	0.02783	0.06010	0.60969	0.07212	0.03416	0.01392	0.00443	0.00633	0.03100	0.01012	0.00886
62	0.04145	0.03054	0.03272	0.02509	0.03381	0.03381	0.02072	0.51243	0.05127	0.06872	0.02618	0.02618	0.01854	0.01309	0.01091	0.00327	0.01200	0.00982	0.01091	0.01854
63	0.04756	0.02074	0.02666	0.02044	0.02892	0.01927	0.01688	0.13685	0.03486	0.46747	0.03995	0.03512	0.02545	0.01342	0.01095	0.00336	0.00977	0.01076	0.01302	0.01855
64	0.01515	0.01113	0.01419	0.01342	0.01612	0.01017	0.01007	0.02004	0.03020	0.04216	0.49554	0.08403	0.15136	0.02288	0.01286	0.00346	0.00519	0.02008	0.01180	0.01017
65	0.02943	0.14112	0.08652	0.02694	0.03171	0.18852	0.02369	0.03310	0.02232	0.02704	0.01568	0.02145	0.01413	0.01429	0.02088	0.00365	0.27364	0.00803	0.00498	0.01289
66	0.01328	0.00949	0.01265	0.01518	0.01581	0.00886	0.01012	0.01518	0.02088	0.02783	0.06010	0.60969	0.07212	0.03416	0.01392	0.00443	0.00633	0.03100	0.01012	0.00886
67	0.02261	0.01938	0.02261	0.01615	0.02584	0.01453	0.01292	0.02745	0.02261	0.03553	0.01938	0.02261	0.01615	0.00807	0.00807	0.00161	0.00807	0.00646	0.00646	0.68346
68	0.54865	0.09683	0.02274	0.01591	0.02316	0.02768	0.01351	0.07821	0.02214	0.04793	0.01623	0.01850	0.01273	0.01031	0.00718	0.00323	0.00918	0.00627	0.00689	0.01273
69	0.59949	0.02555	0.01817	0.01633	0.02291	0.10370	0.01315	0.03371	0.02034	0.04571	0.01542	0.01799	0.01213	0.01028	0.00719	0.00329	0.01006	0.00607	0.00658	0.01193
70	0.02137	0.01430	0.01976	0.01701	0.02200	0.01262	0.05877	0.02553	0.02697	0.12741	0.14807	0.08350	0.29807	0.02273	0.01271	0.00370	0.00774	0.05555	0.01056	0.01164
71	0.02539	0.02831	0.05976	0.04268	0.05357	0.02614	0.45470	0.03411	0.02539	0.03499	0.02176	0.02866	0.01650	0.00907	0.01234	0.00345	0.01725	0.01216	0.00562	0.08814
72	0.02059	0.01938	0.03270	0.59060	0.07510	0.02422	0.03028	0.02786	0.02180	0.02786	0.01938	0.02907	0.01453	0.01090	0.01090	0.00363	0.01453	0.00969	0.00484	0.01211
73	0.02059	0.01938	0.03270	0.59060	0.07510	0.02422	0.03028	0.02786	0.02180	0.02786	0.01938	0.02907	0.01453	0.01090	0.01090	0.00363	0.01453	0.00969	0.00484	0.01211
74	0.02059	0.01938	0.03270	0.59060	0.07510	0.02422	0.03028	0.02786	0.02180	0.02786	0.01938	0.02907	0.01453	0.01090	0.01090	0.00363	0.01453	0.00969	0.00484	0.01211
75	0.03704	0.04422	0.02921	0.02649	0.03226	0.42494	0.02003	0.04745	0.16605	0.03182	0.02432	0.02536	0.01926	0.01220	0.01017	0.00305	0.01667	0.00846	0.00710	0.01389
76	0.03933	0.10870	0.08026	0.02018	0.02867	0.02054	0.01844	0.04421	0.02741	0.36364	0.03503	0.03364	0.02388	0.02108	0.08024	0.00499	0.01275	0.01003	0.01042	0.01657
77	0.02524	0.17893	0.31239	0.02454	0.03638	0.02643	0.02856	0.03386	0.02474	0.08384	0.09640	0.03152	0.02798	0.01214	0.00999	0.00318	0.01283	0.00950	0.00654	0.01501
78	0.02915	0.62337	0.05714	0.01866	0.02799	0.04314	0.01866	0.03265	0.02215	0.02565	0.01516	0.01749	0.01399	0.00933	0.00700	0.00233	0.01166	0.00583	0.00466	0.01399
79	0.02187	0.05640	0.56031	0.03108	0.04719	0.02532	0.04029	0.03453	0.02302	0.03453	0.01957	0.02302	0.01381	0.01036	0.01036	0.00345	0.01611	0.00806	0.00460	0.01611
80	0.01325	0.00962	0.01251	0.01483	0.01572	0.00889	0.00996	0.01522	0.02122	0.02797	0.06444	0.56612	0.11288	0.03359	0.01383	0.00436	0.00626	0.03031	0.01012	0.00889
81	0.09957	0.11747	0.03219	0.02509	0.03132	0.40597	0.01955	0.04241	0.07387	0.03037	0.01898	0.02112	0.01557	0.01122	0.00930	0.00288	0.01661	0.00725	0.00610	0.01315
82	0.01757	0.01255	0.01757	0.02008	0.02259	0.01255	0.01757	0.02259	0.02510	0.03263	0.05773	0.12299	0.06275	0.03012	0.01506	0.00502	0.01004	0.47540	0.01004	0.01004
83	0.02259	0.02045	0.03271	0.53635	0.07114	0.02514	0.02936	0.07435	0.02463	0.03178	0.02003	0.02879	0.01492	0.01111	0.01090	0.00360	0.01429	0.00970	0.00543	0.01273
84	0.03589	0.02370	0.03185	0.07927	0.03705	0.02481	0.07323	0.18322	0.11205	0.18859	0.03471	0.03883	0.02563	0.01402	0.01146	0.00357	0.01154	0.04345	0.01041	0.01671
85	0.01500	0.01135	0.01523	0.08548	0.02249	0.01136	0.01189	0.01791	0.02231	0.02975	0.14422	0.30241	0.10576	0.13010	0.02051	0.00515	0.00780	0.02293	0.00920	0.00916
86	0.01575	0.01099	0.01402	0.01402	0.01476	0.01173	0.00926	0.01722	0.01649	0.02272	0.03241	0.06056	0.03495	0.41430	0.25160	0.01320	0.01762	0.01428	0.00632	0.00779
87	0.11390	0.14504	0.03663	0.12401	0.07924	0.02573	0.06221	0.03642	0.02437	0.15807	0.02395	0.02647	0.01760	0.01060	0.00950	0.00306	0.01155	0.00871	0.00736	0.07557
88	0.02408	0.18594	0.39116	0.02732	0.04089	0.02967	0.03301	0.03634	0.07137	0.03352	0.02092	0.02342	0.01572	0.01054	0.00964	0.00321	0.01435	0.00795	0.00524	0.01573
89	0.39074	0.12880	0.02693	0.08750	0.03008	0.02648	0.01599	0.03490	0.02157	0.12072	0.02001	0.02209	0.01489	0.01060	0.00796	0.00322	0.00990	0.00715	0.00718	0.01328
90	0.02770	0.47006	0.14192	0.02114	0.03137	0.03858	0.02230	0.03527	0.06832	0.02901	0.01858	0.02056	0.01571	0.01000	0.00795	0.00265	0.01216	0.00681	0.00524	0.01466
91	0.01381	0.01003	0.01303	0.01450	0.01586	0.00925	0.01003	0.01660	0.02374	0.03203	0.18784	0.43651	0.11515	0.03063	0.01357	0.00412	0.00596	0.02751	0.01060	0.00925
92	0.01361	0.01078	0.01224	0.01249	0.01533	0.00942	0.00913	0.01681	0.02565	0.03278	0.21113	0.19232	0.34478	0.02747	0.01307	0.00376	0.00558	0.02365	0.01060	0.00942
93	0.03968	0.02763	0.03034	0.02350	0.03162	0.02998	0.01931	0.42442	0.04752	0.11062	0.07639	0.03238	0.02725	0.01399	0.01110	0.00330	0.01111	0.01085	0.01125	0.01777
94	0.04532	0.01878	0.02488	0.01931	0.02723	0.01683	0.01585	0.08435	0.03267	0.47354	0.08715	0.04032	0.03325	0.01426	0.01113	0.00337	0.00911	0.01167	0.01317	0.01780
95	0.02187	0.05640	0.56031	0.03108	0.04719	0.02532	0.04029	0.03453	0.02302	0.03453	0.01957	0.02302	0.01381	0.01036	0.01036	0.00345	0.01611	0.00806	0.00460	0.01611
96	0.01543	0.01115	0.01457	0.01372	0.01629	0.01029	0.01029	0.02058	0.03086	0.04372	0.54304	0.08145	0.10288	0.02229	0.01286	0.00343	0.00514	0.01972	0.01200	0.01029
97	0.02574	0.02941	0.06434	0.04596	0.05699	0.02757	0.50919	0.03493	0.02574	0.03493	0.02206	0.02941	0.01654	0.00919	0.01287	0.00368	0.01838	0.01287	0.00551	0.01471
98	0.12196	0.02815	0.03248	0.02488	0.03352	0.03048	0.05822	0.37132	0.04327	0.10949	0.02607	0.02641	0.01834	0.01245	0.01055	0.00333	0.01181	0.00968	0.01020	0.01740
99	0.01545	0.01057	0.01349	0.01368	0.01571	0.00988	0.00991	0.01969	0.02711	0.03895	0.34648	0.22241	0.08506	0.02438	0.01250	0.00360	0.00546	0.02165	0.09415	0.00988
100	0.02040	0.01827	0.02510	0.02265	0.02314	0.02385	0.01808	0.02268	0.01730	0.02549	0.02435	0.04498	0.02563	0.16063	0.11615	0.00791	0.33886	0.04848	0.00575	0.01029
101	0.04150	0.02303	0.03193	0.08625	0.03749	0.02299	0.06621	0.17657	0.03524	0.31245	0.03372	0.03244	0.02227	0.01268	0.01112	0.00340	0.01149	0.01069	0.01106	0.01748
102	0.02857	0.57805	0.09736	0.01965	0.02952	0.04172	0.02039	0.03280	0.02222	0.02636	0.01551	0.01793	0.01398	0.00941	0.00727	0.00242	0.01202	0.00601	0.00466	0.01416
103	0.69383	0.02109	0.01603	0.01434	0.02109	0.02446	0.01181	0.03205	0.01856	0.04892	0.01518	0.01771	0.01181	0.01012	0.00675	0.00337	0.00843	0.00590	0.00675	0.01181
104	0.15303	0.02526	0.02720	0.02157	0.02960	0.02721	0.01769	0.27012	0.09333	0.18002	0.03035	0.02895	0.02104	0.01287	0.01023	0.00336	0.01037	0.00970	0.01084	0.01726
105	0.02307	0.01277	0.01667	0.01499	0.01889	0.01144	0.01148	0.02749	0.02952	0.16427	0.34167	0.12076	0.11996	0.02171	0.01250	0.00353	0.00628	0.01892	0.01203	0.01205
106	0.04469	0.02110	0.02499	0.02031	0.02782	0.06908	0.01668	0.04886	0.03051	0.44803	0.04212	0.04487	0.02968	0.01510	0.01131	0.00350	0.01036	0.06158	0.01236	0.01705
107	0.01328	0.00949	0.01265	0.01518	0.01581	0.00886	0.01012	0.01518	0.02088	0.02783	0.06010	0.60969	0.07212	0.03416	0.01392	0.00443	0.00633	0.03100	0.01012	0.00886
108	0.02385	0.02385	0.03340	0.02863	0.02863	0.03340	0.02385	0.02624	0.01670	0.02624	0.01431	0.02385	0.01431	0.01908	0.03578	0.00477	0.59685	0.00954	0.00477	0.01193
109	0.03119	0.02251	0.02478	0.02167	0.02826	0.02505	0.01703	0.05704	0.43614	0.14096	0.04412	0.04001	0.03211	0.01455	0.01107	0.00364	0.00875	0.01207	0.01154	0.01750
110	0.02059	0.01938	0.03270	0.59060	0.07510	0.02422	0.03028	0.02786	0.02180	0.02786	0.01938	0.02907	0.01453	0.01090	0.01090	0.00363	0.01453	0.00969	0.00484	0.01211
111	0.11023	0.02595	0.02750	0.02163	0.02948	0.02805	0.01776	0.35470	0.04250	0.10759	0.03703	0.03606	0.08393	0.01461	0.01070	0.00334	0.01055	0.01113	0.01060	0.01664
112	0.03284	0.02424	0.07497	0.02120	0.02902	0.02136	0.01830	0.13774	0.12284	0.18101	0.03749	0.11532	0.03050	0.01574	0.01103	0.00338	0.00980	0.01310	0.01043	0.08969
113	0.02853	0.02379	0.03977	0.15788	0.39645	0.02437	0.03071	0.03487	0.02506	0.09889	0.02310	0.02863	0.01797	0.01040	0.01084	0.00333	0.01279	0.00987	0.00630	0.01648
114	0.01558	0.01168	0.01752	0.01752	0.01947	0.01363	0.01363	0.01947	0.01752	0.02531	0.02921	0.04283	0.02726	0.08178	0.57360	0.01752	0.02921	0.01168	0.00584	0.00974
115	0.61277	0.02226	0.01810	0.01567	0.02267	0.02562	0.01292	0.09174	0.02262	0.05138	0.01655	0.01876	0.01265	0.01049	0.00726	0.00336	0.00888	0.00639	0.00726	0.01265
116	0.02529	0.01987	0.03191	0.25600	0.22093	0.02152	0.02600	0.03162	0.02388	0.08077	0.02482	0.03117	0.01901	0.01106	0.01028	0.00328	0.01182	0.00990	0.12676	0.01410
117	0.01566	0.01202	0.01730	0.02201	0.08283	0.01152	0.01386	0.01878	0.02277	0.03083	0.10041	0.43409	0.06717	0.02956	0.01355	0.00425	0.00745	0.07609	0.00970	0.01017
118	0.09236	0.02118	0.02552	0.02556	0.09997	0.02227	0.01729	0.17168	0.06153	0.09417	0.12971	0.04382	0.03857	0.08928	0.01644	0.00425	0.00983	0.01238	0.00965	0.01454
119	0.20896	0.02501	0.02381	0.11708	0.03309	0.12883	0.01806	0.03234	0.02281	0.07614	0.02446	0.08862	0.02177	0.01457	0.01261	0.00354	0.07973	0.01060	0.04581	0.01216
120	0.69383	0.02109	0.01603	0.01434	0.02109	0.02446	0.01181	0.03205	0.01856	0.04892	0.01518	0.01771	0.01181	0.01012	0.00675	0.00337	0.00843	0.00590	0.00675	0.01181
121	0.02620	0.02678	0.05051	0.03736	0.04603	0.02693	0.33188	0.07992	0.07360	0.03923	0.07383	0.03468	0.02636	0.01211	0.01435	0.00370	0.06186	0.01292	0.00709	0.01465
122	0.01478	0.01142	0.01540	0.01673	0.01745	0.01203	0.01184	0.01702	0.02122	0.02901	0.09610	0.49130	0.06759	0.03126	0.01654	0.00438	0.07960	0.02736	0.00962	0.00936
123	0.01454	0.01089	0.01348	0.01329	0.01586	0.00984	0.00980	0.01868	0.02808	0.03819	0.37515	0.15983	0.20197	0.02517	0.01301	0.00363	0.00540	0.02205	0.01130	0.00984
124	0.02813	0.03307	0.17832	0.11393	0.09333	0.02589	0.08828	0.09157	0.11133	0.08668	0.02692	0.02962	0.01953	0.01155	0.01103	0.00350	0.01355	0.01021	0.00740	0.01615
125	0.01523	0.01114	0.01429	0.01350	0.01616	0.01020	0.01013	0.02018	0.03038	0.04258	0.50846	0.08332	0.13817	0.02272	0.01286	0.00345	0.00517	0.01998	0.01185	0.01020
126	0.02272	0.01791	0.02046	0.01683	0.02334	0.01643	0.01308	0.07125	0.09896	0.04029	0.08769	0.10667	0.03644	0.01472	0.00996	0.00270	0.00767	0.01246	0.07294	0.30750
127	0.08973	0.02029	0.02655	0.01952	0.02879	0.01700	0.06026	0.03434	0.02447	0.15355	0.02455	0.02606	0.01823	0.00958	0.00905	0.00236	0.00935	0.00802	0.00798	0.41032
128	0.03535	0.03755	0.07801	0.02474	0.03189	0.24644	0.02070	0.12529	0.09567	0.08711	0.08232	0.03210	0.02813	0.01334	0.01066	0.00318	0.01407	0.01002	0.00855	0.01486
129	0.01328	0.00949	0.01265	0.01518	0.01581	0.00886	0.01012	0.01518	0.02088	0.02783	0.06010	0.60969	0.07212	0.03416	0.01392	0.00443	0.00633	0.03100	0.01012	0.00886
130	0.01477	0.01112	0.01365	0.01302	0.01588	0.01001	0.00977	0.01929	0.02930	0.04000	0.43027	0.08757	0.21797	0.02368	0.01287	0.00350	0.00524	0.02058	0.01151	0.01001
131	0.02488	0.02376	0.04045	0.23942	0.39276	0.02535	0.03241	0.03162	0.02383	0.03306	0.02014	0.02767	0.01637	0.01011	0.01083	0.00337	0.01347	0.00971	0.00522	0.01557
132	0.02059	0.01938	0.03270	0.59060	0.07510	0.02422	0.03028	0.02786	0.02180	0.02786	0.01938	0.02907	0.01453	0.01090	0.01090	0.00363	0.01453	0.00969	0.00484	0.01211
133	0.10830	0.02240	0.04162	0.03171	0.03943	0.02142	0.27327	0.03182	0.02428	0.09221	0.03265	0.16829	0.03046	0.01578	0.01215	0.00379	0.01325	0.01615	0.00765	0.01336
134	0.02676	0.02640	0.09291	0.09579	0.27611	0.02205	0.02739	0.03339	0.02439	0.08201	0.02207	0.02661	0.01725	0.00985	0.01012	0.00292	0.01194	0.00886	0.00625	0.17692
135	0.02430	0.02565	0.05020	0.21175	0.05944	0.02649	0.30710	0.03527	0.07979	0.03391	0.02368	0.03054	0.01776	0.01033	0.01206	0.00367	0.01612	0.01183	0.00592	0.01418
136	0.02385	0.02385	0.03340	0.02863	0.02863	0.03340	0.02385	0.02624	0.01670	0.02624	0.01431	0.02385	0.01431	0.01908	0.03578	0.00477	0.59685	0.00954	0.00477	0.01193
137	0.01586	0.01057	0.01189	0.01189	0.01189	0.01057	0.00661	0.01586	0.01586	0.02114	0.03436	0.07135	0.03964	0.61681	0.05550	0.01057	0.01057	0.01586	0.00661	0.00661
138	0.02337	0.02272	0.02964	0.02540	0.02747	0.07241	0.06327	0.02692	0.02104	0.03041	0.06445	0.08587	0.02871	0.01839	0.02407	0.00409	0.31807	0.01254	0.08956	0.01160
139	0.02870	0.09629	0.03206	0.21736	0.04429	0.02676	0.02181	0.11987	0.11711	0.08986	0.07187	0.03444	0.02726	0.01300	0.01063	0.00338	0.01139	0.01068	0.00842	0.01482
140	0.01418	0.01005	0.01316	0.01500	0.01592	0.00952	0.01030	0.01645	0.02169	0.02913	0.10974	0.44590	0.07071	0.10493	0.01906	0.00513	0.00702	0.06340	0.00988	0.00883
141	0.02591	0.08838	0.21999	0.03079	0.07512	0.02396	0.12533	0.03430	0.02427	0.07969	0.02351	0.02721	0.01754	0.01029	0.01013	0.00310	0.01339	0.00929	0.07966	0.07813

[dist]
# distance from previous block
# <min> <max>
0	11

[block]
# block no. 3 follows, 12 sequences, length 14
# corresponding to MSA columns:
# 232-245
name=unknown_D
#
# <colnr> <probs for GDERKNQSTAVLIFYWHMCP>
#	G	D	E	R	K	N	Q	S	T	A	V	L	I	F	Y	W	H	M	C	P
0	0.18006	0.02055	0.02389	0.02247	0.07212	0.02118	0.01635	0.08005	0.10358	0.23130	0.03309	0.03206	0.02322	0.01251	0.00970	0.00332	0.00910	0.00979	0.07978	0.01591
1	0.01999	0.01792	0.02050	0.08212	0.02728	0.05997	0.01571	0.02854	0.12097	0.03275	0.09686	0.28576	0.05231	0.02357	0.01438	0.00399	0.05647	0.02022	0.00914	0.01154
2	0.32337	0.23267	0.03279	0.02066	0.07327	0.02971	0.01575	0.03067	0.02014	0.03649	0.01773	0.02423	0.01606	0.07434	0.01241	0.00376	0.01023	0.00730	0.00587	0.01255
3	0.01467	0.01112	0.01352	0.01292	0.01582	0.00996	0.00969	0.01910	0.02906	0.03944	0.41318	0.08850	0.23541	0.02389	0.01287	0.00351	0.00526	0.02071	0.01144	0.00996
4	0.02388	0.21306	0.42128	0.02765	0.04188	0.03025	0.03431	0.03401	0.02278	0.03208	0.01835	0.02149	0.01386	0.01007	0.00943	0.00314	0.01488	0.00744	0.00462	0.01553
5	0.01379	0.01061	0.01261	0.01310	0.01553	0.00943	0.00945	0.01702	0.02551	0.03334	0.22802	0.24836	0.26812	0.02794	0.01319	0.00383	0.00565	0.02439	0.01070	0.00943
6	0.01303	0.01049	0.01162	0.01251	0.01511	0.00908	0.00894	0.01548	0.02344	0.02888	0.09259	0.28401	0.37682	0.02994	0.01325	0.00395	0.00581	0.02584	0.01012	0.00908
7	0.01337	0.01031	0.01254	0.01384	0.01578	0.00949	0.00978	0.01581	0.02205	0.02819	0.07622	0.35692	0.24879	0.03660	0.07173	0.00550	0.00840	0.02592	0.00968	0.00908
8	0.69383	0.02109	0.01603	0.01434	0.02109	0.02446	0.01181	0.03205	0.01856	0.04892	0.01518	0.01771	0.01181	0.01012	0.00675	0.00337	0.00843	0.00590	0.00675	0.01181
9	0.02033	0.01016	0.01016	0.01016	0.01270	0.01016	0.00762	0.02541	0.02287	0.04065	0.03557	0.04065	0.02795	0.01270	0.00762	0.00254	0.00508	0.01016	0.67734	0.01016
10	0.04073	0.05197	0.03090	0.02809	0.03371	0.57303	0.02107	0.04354	0.03090	0.02669	0.01685	0.01966	0.01404	0.01124	0.00983	0.00281	0.01966	0.00702	0.00562	0.01264
11	0.69383	0.02109	0.01603	0.01434	0.02109	0.02446	0.01181	0.03205	0.01856	0.04892	0.01518	0.01771	0.01181	0.01012	0.00675	0.00337	0.00843	0.00590	0.00675	0.01181
12	0.09043	0.01165	0.01386	0.01478	0.01652	0.01212	0.01060	0.01946	0.01964	0.03011	0.04258	0.25611	0.04684	0.14440	0.11590	0.00754	0.01142	0.05440	0.07250	0.00914
13	0.01460	0.01609	0.07280	0.01402	0.01876	0.01130	0.01239	0.01914	0.02636	0.03407	0.22323	0.08920	0.36033	0.02419	0.01260	0.00358	0.00659	0.02042	0.01005	0.01028

[dist]
# distance from previous block
# <min> <max>
19	110

# created by:
# /st0/software/busco_prod/Augustus/scripts/msa2prfl.pl ./align_prep/3895.fa
