[name]
unknown

[dist]
# distance from previous block
# <min> <max>
0	85

[block]
# block no. 0 follows, 12 sequences, length 8
# corresponding to MSA columns:
# 85-92
name=unknown_A
#
# <colnr> <probs for GDERKNQSTAVLIFYWHMCP>
#	G	D	E	R	K	N	Q	S	T	A	V	L	I	F	Y	W	H	M	C	P
0	0.12640	0.28816	0.03836	0.02003	0.02750	0.06539	0.01801	0.12047	0.02806	0.03825	0.02454	0.03718	0.02280	0.01379	0.00923	0.00314	0.01146	0.08638	0.00709	0.01377
1	0.03271	0.02605	0.02522	0.02014	0.02766	0.12112	0.01595	0.11918	0.03185	0.12935	0.09994	0.03367	0.03058	0.01252	0.01008	0.00269	0.01069	0.00984	0.00908	0.23166
2	0.02526	0.08407	0.14530	0.02073	0.02889	0.01870	0.02036	0.03110	0.02421	0.12417	0.03627	0.14814	0.03444	0.01770	0.01109	0.00342	0.01041	0.08000	0.00830	0.12742
3	0.03330	0.24113	0.11030	0.02204	0.03148	0.03145	0.02116	0.11068	0.11743	0.13639	0.02774	0.02727	0.02047	0.01176	0.00949	0.00306	0.01133	0.00882	0.00835	0.01637
4	0.02930	0.47241	0.14802	0.02102	0.03153	0.03778	0.02247	0.03455	0.02300	0.06752	0.01809	0.02000	0.01494	0.00984	0.00792	0.00262	0.01231	0.00663	0.00532	0.01473
5	0.24312	0.02991	0.18861	0.02038	0.02960	0.02062	0.02123	0.03442	0.02447	0.13276	0.11933	0.03461	0.03200	0.01305	0.00976	0.00341	0.01039	0.01003	0.00824	0.01407
6	0.14807	0.11891	0.02424	0.01673	0.02094	0.02138	0.01321	0.09296	0.02290	0.03441	0.02589	0.12811	0.02608	0.02364	0.02027	0.22346	0.00946	0.01203	0.00694	0.01034
7	0.02495	0.04172	0.37306	0.02630	0.03838	0.02085	0.03086	0.03428	0.02403	0.12195	0.03068	0.12869	0.02631	0.01508	0.01109	0.00361	0.01323	0.01259	0.00709	0.01525

[dist]
# distance from previous block
# <min> <max>
0	1

[block]
# block no. 1 follows, 12 sequences, length 89
# corresponding to MSA columns:
# 94-182
name=unknown_B
#
# <colnr> <probs for GDERKNQSTAVLIFYWHMCP>
#	G	D	E	R	K	N	Q	S	T	A	V	L	I	F	Y	W	H	M	C	P
0	0.03070	0.02451	0.03043	0.07865	0.12241	0.02683	0.02160	0.24274	0.11438	0.04977	0.03257	0.11656	0.02834	0.01576	0.01137	0.00354	0.01100	0.01337	0.00935	0.01612
1	0.02820	0.48511	0.09818	0.02697	0.10793	0.03903	0.02273	0.03293	0.02263	0.02791	0.01634	0.01939	0.01447	0.00947	0.00785	0.00256	0.01224	0.00660	0.00477	0.01467
2	0.11804	0.01244	0.01333	0.01344	0.01482	0.01294	0.00897	0.01926	0.01760	0.02698	0.03485	0.07074	0.03879	0.44089	0.04233	0.00869	0.01017	0.08071	0.00712	0.00788
3	0.02544	0.02106	0.02413	0.01749	0.02704	0.01743	0.01409	0.10037	0.02692	0.04052	0.02040	0.02315	0.01651	0.00883	0.00850	0.00186	0.00866	0.00696	0.00713	0.58349
4	0.01413	0.01109	0.01277	0.01235	0.01549	0.00973	0.00926	0.01806	0.02779	0.03643	0.32196	0.09345	0.32851	0.02501	0.01287	0.00356	0.00534	0.02140	0.01104	0.00973
5	0.01696	0.01336	0.01875	0.02150	0.09622	0.01255	0.01361	0.02211	0.02946	0.04133	0.42876	0.07520	0.12646	0.02084	0.01255	0.00342	0.00635	0.01849	0.01085	0.01125
6	0.02037	0.01155	0.01355	0.09743	0.02208	0.01228	0.01103	0.02578	0.02271	0.03873	0.03314	0.03891	0.02593	0.01243	0.00811	0.00270	0.00650	0.01009	0.57623	0.01046
7	0.02524	0.10087	0.44344	0.02918	0.04368	0.02803	0.03570	0.10156	0.02692	0.03858	0.02012	0.02299	0.01449	0.01066	0.01015	0.00333	0.01516	0.00812	0.00550	0.01628
8	0.02729	0.27255	0.03787	0.01981	0.02782	0.03190	0.01719	0.04283	0.24192	0.03579	0.02846	0.02831	0.02268	0.01151	0.00893	0.00282	0.00981	0.00874	0.00772	0.11606
9	0.02056	0.01711	0.09288	0.01331	0.01789	0.01244	0.01253	0.02678	0.02289	0.03973	0.03316	0.03800	0.02582	0.01235	0.00803	0.00268	0.00674	0.00985	0.57619	0.01106
10	0.01413	0.00949	0.01289	0.01504	0.01557	0.00895	0.01002	0.01504	0.01987	0.02650	0.05391	0.52301	0.06412	0.03472	0.01823	0.10641	0.00680	0.02776	0.00931	0.00824
11	0.69383	0.02109	0.01603	0.01434	0.02109	0.02446	0.01181	0.03205	0.01856	0.04892	0.01518	0.01771	0.01181	0.01012	0.00675	0.00337	0.00843	0.00590	0.00675	0.01181
12	0.02657	0.01926	0.02301	0.01664	0.02614	0.01476	0.01339	0.03132	0.02390	0.11383	0.02293	0.02479	0.01778	0.00889	0.00851	0.00188	0.00826	0.00714	0.00752	0.58350
13	0.03693	0.04583	0.02844	0.02593	0.03109	0.48843	0.01945	0.04009	0.03089	0.02925	0.09596	0.02895	0.02740	0.01290	0.01029	0.00290	0.01748	0.00893	0.00658	0.01229
14	0.02121	0.01789	0.02111	0.01600	0.02433	0.01368	0.01250	0.02561	0.02235	0.03437	0.02550	0.11088	0.02456	0.01200	0.00895	0.00204	0.00781	0.01015	0.00701	0.58204
15	0.02067	0.01240	0.01709	0.01620	0.01857	0.01312	0.01199	0.02350	0.01911	0.10396	0.03275	0.05010	0.03075	0.22398	0.34136	0.01341	0.02090	0.01276	0.00721	0.01017
16	0.02007	0.01224	0.01564	0.01415	0.01778	0.01098	0.01084	0.02470	0.02998	0.11856	0.40019	0.07846	0.16053	0.02180	0.01258	0.00346	0.00582	0.01892	0.01193	0.01136
17	0.01949	0.01789	0.02969	0.50409	0.06618	0.02191	0.02725	0.02595	0.02166	0.02785	0.02550	0.11637	0.02319	0.01440	0.01135	0.00375	0.01330	0.01289	0.00564	0.01162
18	0.01713	0.01213	0.01646	0.01831	0.02044	0.01206	0.01530	0.02141	0.02420	0.03185	0.09567	0.11168	0.06270	0.11766	0.02095	0.00572	0.00970	0.36738	0.00969	0.00955
19	0.02313	0.02491	0.05238	0.03901	0.04772	0.02341	0.39013	0.03085	0.02495	0.03365	0.03097	0.12504	0.02904	0.01482	0.01322	0.00391	0.01582	0.05702	0.00661	0.01341
20	0.02353	0.02310	0.04137	0.33141	0.23276	0.02530	0.10336	0.03082	0.02342	0.03155	0.02017	0.02842	0.01576	0.01024	0.01116	0.00351	0.01458	0.01018	0.00513	0.01425
21	0.01685	0.02034	0.10660	0.01993	0.02583	0.01434	0.05589	0.02245	0.02470	0.03172	0.07194	0.09142	0.26325	0.02416	0.01317	0.00407	0.00970	0.16379	0.00884	0.01103
22	0.02534	0.18505	0.30105	0.02524	0.03772	0.07417	0.02870	0.03361	0.02341	0.03192	0.01825	0.02134	0.01428	0.00979	0.00911	0.00281	0.01394	0.00716	0.00503	0.13209
23	0.01591	0.01187	0.01689	0.06707	0.02202	0.01331	0.01286	0.01884	0.01773	0.02459	0.03241	0.09800	0.03342	0.22105	0.33044	0.01322	0.02072	0.01432	0.00633	0.00900
24	0.59294	0.02069	0.01748	0.01513	0.02214	0.02314	0.01247	0.03535	0.02054	0.12830	0.01954	0.02075	0.01418	0.01065	0.00741	0.00337	0.00857	0.00670	0.00780	0.01286
25	0.42593	0.02210	0.02114	0.01741	0.02490	0.02403	0.01436	0.11982	0.02724	0.17476	0.02379	0.02385	0.01663	0.01145	0.00848	0.00336	0.00925	0.00780	0.00909	0.01460
26	0.02439	0.04016	0.28849	0.02982	0.04146	0.02632	0.09752	0.04342	0.21434	0.03877	0.02928	0.03058	0.02154	0.01187	0.01099	0.00358	0.01361	0.01034	0.00718	0.01635
27	0.02033	0.01016	0.01016	0.01016	0.01270	0.01016	0.00762	0.02541	0.02287	0.04065	0.03557	0.04065	0.02795	0.01270	0.00762	0.00254	0.00508	0.01016	0.67734	0.01016
28	0.03429	0.02165	0.03003	0.02479	0.02830	0.02617	0.02060	0.03744	0.02274	0.24691	0.02626	0.02937	0.01959	0.01676	0.02545	0.00419	0.35226	0.01013	0.00840	0.01469
29	0.01289	0.01105	0.01105	0.01105	0.01473	0.00920	0.00828	0.01565	0.02485	0.02946	0.11046	0.10493	0.54437	0.02761	0.01289	0.00368	0.00552	0.02301	0.01013	0.00920
30	0.04145	0.03054	0.03272	0.02509	0.03381	0.03381	0.02072	0.51243	0.05127	0.06872	0.02618	0.02618	0.01854	0.01309	0.01091	0.00327	0.01200	0.00982	0.01091	0.01854
31	0.45081	0.02949	0.06053	0.01918	0.02676	0.10311	0.01659	0.10900	0.02573	0.04784	0.01746	0.01970	0.01332	0.01076	0.00810	0.00328	0.01113	0.00683	0.00708	0.01329
32	0.02059	0.01938	0.03270	0.59060	0.07510	0.02422	0.03028	0.02786	0.02180	0.02786	0.01938	0.02907	0.01453	0.01090	0.01090	0.00363	0.01453	0.00969	0.00484	0.01211
33	0.02261	0.01938	0.02261	0.01615	0.02584	0.01453	0.01292	0.02745	0.02261	0.03553	0.01938	0.02261	0.01615	0.00807	0.00807	0.00161	0.00807	0.00646	0.00646	0.68346
34	0.01569	0.01122	0.01518	0.01518	0.01632	0.01236	0.01071	0.01797	0.01683	0.02358	0.03135	0.05471	0.03241	0.30449	0.35793	0.01463	0.02145	0.01342	0.00616	0.00843
35	0.02730	0.07715	0.02756	0.02187	0.02832	0.02856	0.01738	0.05567	0.48369	0.04382	0.04176	0.03860	0.03156	0.01430	0.01073	0.00358	0.00890	0.01175	0.01052	0.01697
36	0.01543	0.01115	0.01457	0.01372	0.01629	0.01029	0.01029	0.02058	0.03086	0.04372	0.54304	0.08145	0.10288	0.02229	0.01286	0.00343	0.00514	0.01972	0.01200	0.01029
37	0.01583	0.01067	0.01240	0.01240	0.01257	0.01084	0.00724	0.01618	0.01601	0.02152	0.03389	0.06880	0.03853	0.56889	0.10190	0.01119	0.01224	0.01548	0.00654	0.00689
38	0.02059	0.01938	0.03270	0.59060	0.07510	0.02422	0.03028	0.02786	0.02180	0.02786	0.01938	0.02907	0.01453	0.01090	0.01090	0.00363	0.01453	0.00969	0.00484	0.01211
39	0.01894	0.00947	0.01420	0.01420	0.01420	0.00947	0.00947	0.01420	0.01420	0.01894	0.01894	0.03314	0.01894	0.03788	0.04261	0.68277	0.00947	0.00947	0.00473	0.00473
40	0.02059	0.01938	0.03270	0.59060	0.07510	0.02422	0.03028	0.02786	0.02180	0.02786	0.01938	0.02907	0.01453	0.01090	0.01090	0.00363	0.01453	0.00969	0.00484	0.01211
41	0.02261	0.01938	0.02261	0.01615	0.02584	0.01453	0.01292	0.02745	0.02261	0.03553	0.01938	0.02261	0.01615	0.00807	0.00807	0.00161	0.00807	0.00646	0.00646	0.68346
42	0.69383	0.02109	0.01603	0.01434	0.02109	0.02446	0.01181	0.03205	0.01856	0.04892	0.01518	0.01771	0.01181	0.01012	0.00675	0.00337	0.00843	0.00590	0.00675	0.01181
43	0.03845	0.04411	0.03096	0.02723	0.03291	0.40175	0.02098	0.11850	0.06836	0.03475	0.02009	0.02256	0.01616	0.01245	0.01230	0.00311	0.06662	0.00806	0.00679	0.01386
44	0.02686	0.44478	0.21563	0.02257	0.03403	0.03753	0.02547	0.03324	0.02243	0.02845	0.01655	0.01923	0.01394	0.00965	0.00806	0.00269	0.01306	0.00653	0.00465	0.01466
45	0.04892	0.01856	0.02530	0.01940	0.02783	0.01603	0.01603	0.05314	0.03121	0.55634	0.04302	0.03711	0.02699	0.01350	0.01096	0.00337	0.00928	0.01096	0.01350	0.01856
46	0.02059	0.01938	0.03270	0.59060	0.07510	0.02422	0.03028	0.02786	0.02180	0.02786	0.01938	0.02907	0.01453	0.01090	0.01090	0.00363	0.01453	0.00969	0.00484	0.01211
47	0.01558	0.01168	0.01752	0.01752	0.01947	0.01363	0.01363	0.01947	0.01752	0.02531	0.02921	0.04283	0.02726	0.08178	0.57360	0.01752	0.02921	0.01168	0.00584	0.00974
48	0.02699	0.02591	0.04426	0.06693	0.54879	0.02591	0.03346	0.03346	0.02483	0.03562	0.02051	0.02699	0.01727	0.00972	0.01079	0.00324	0.01295	0.00972	0.00540	0.01727
49	0.02699	0.02591	0.04426	0.06693	0.54879	0.02591	0.03346	0.03346	0.02483	0.03562	0.02051	0.02699	0.01727	0.00972	0.01079	0.00324	0.01295	0.00972	0.00540	0.01727
50	0.02712	0.02342	0.02465	0.02219	0.02835	0.02712	0.01726	0.05794	0.52909	0.04561	0.04438	0.04068	0.03328	0.01479	0.01109	0.00370	0.00863	0.01233	0.01109	0.01726
51	0.01431	0.01110	0.01302	0.01254	0.01560	0.00981	0.00941	0.01841	0.02822	0.03746	0.35298	0.09177	0.29685	0.02463	0.01287	0.00354	0.00531	0.02117	0.01118	0.00981
52	0.01395	0.01109	0.01251	0.01216	0.01538	0.00966	0.00912	0.01770	0.02736	0.03539	0.29053	0.09516	0.36059	0.02540	0.01288	0.00358	0.00537	0.02164	0.01091	0.00966
53	0.02033	0.01016	0.01016	0.01016	0.01270	0.01016	0.00762	0.02541	0.02287	0.04065	0.03557	0.04065	0.02795	0.01270	0.00762	0.00254	0.00508	0.01016	0.67734	0.01016
54	0.02526	0.02693	0.05417	0.13661	0.18761	0.02662	0.31066	0.03344	0.02488	0.03400	0.02124	0.02873	0.01642	0.00959	0.01202	0.00356	0.01637	0.01155	0.00538	0.01497
55	0.02296	0.14164	0.48466	0.02921	0.04430	0.02800	0.03703	0.03425	0.02289	0.03320	0.01890	0.02219	0.01384	0.01020	0.00985	0.00328	0.01544	0.00772	0.00461	0.01580
56	0.01437	0.01110	0.01311	0.01261	0.01564	0.00984	0.00945	0.01852	0.02836	0.03778	0.36297	0.09122	0.28666	0.02451	0.01287	0.00353	0.00530	0.02109	0.01122	0.00984
57	0.04892	0.01856	0.02530	0.01940	0.02783	0.01603	0.01603	0.05314	0.03121	0.55634	0.04302	0.03711	0.02699	0.01350	0.01096	0.00337	0.00928	0.01096	0.01350	0.01856
58	0.02235	0.02077	0.03552	0.04802	0.33044	0.02041	0.06638	0.02754	0.02360	0.03299	0.03374	0.21998	0.03535	0.01776	0.01200	0.00367	0.01122	0.01703	0.00697	0.01427
59	0.04892	0.01856	0.02530	0.01940	0.02783	0.01603	0.01603	0.05314	0.03121	0.55634	0.04302	0.03711	0.02699	0.01350	0.01096	0.00337	0.00928	0.01096	0.01350	0.01856
60	0.02699	0.02591	0.04426	0.06693	0.54879	0.02591	0.03346	0.03346	0.02483	0.03562	0.02051	0.02699	0.01727	0.00972	0.01079	0.00324	0.01295	0.00972	0.00540	0.01727
61	0.04073	0.05197	0.03090	0.02809	0.03371	0.57303	0.02107	0.04354	0.03090	0.02669	0.01685	0.01966	0.01404	0.01124	0.00983	0.00281	0.01966	0.00702	0.00562	0.01264
62	0.01543	0.01115	0.01457	0.01372	0.01629	0.01029	0.01029	0.02058	0.03086	0.04372	0.54304	0.08145	0.10288	0.02229	0.01286	0.00343	0.00514	0.01972	0.01200	0.01029
63	0.02033	0.01016	0.01016	0.01016	0.01270	0.01016	0.00762	0.02541	0.02287	0.04065	0.03557	0.04065	0.02795	0.01270	0.00762	0.00254	0.00508	0.01016	0.67734	0.01016
64	0.02574	0.02941	0.06434	0.04596	0.05699	0.02757	0.50919	0.03493	0.02574	0.03493	0.02206	0.02941	0.01654	0.00919	0.01287	0.00368	0.01838	0.01287	0.00551	0.01471
65	0.01584	0.01106	0.01421	0.01342	0.01599	0.01028	0.01007	0.02097	0.03020	0.04347	0.50114	0.07808	0.09669	0.02150	0.01243	0.00336	0.00514	0.01893	0.06693	0.01028
66	0.02033	0.01016	0.01016	0.01016	0.01270	0.01016	0.00762	0.02541	0.02287	0.04065	0.03557	0.04065	0.02795	0.01270	0.00762	0.00254	0.00508	0.01016	0.67734	0.01016
67	0.01328	0.00949	0.01265	0.01518	0.01581	0.00886	0.01012	0.01518	0.02088	0.02783	0.06010	0.60969	0.07212	0.03416	0.01392	0.00443	0.00633	0.03100	0.01012	0.00886
68	0.01367	0.00965	0.01254	0.01469	0.01523	0.00911	0.00959	0.01528	0.02012	0.02683	0.05623	0.52875	0.06723	0.12176	0.02017	0.00535	0.00696	0.02872	0.00959	0.00852
69	0.02915	0.62337	0.05714	0.01866	0.02799	0.04314	0.01866	0.03265	0.02215	0.02565	0.01516	0.01749	0.01399	0.00933	0.00700	0.00233	0.01166	0.00583	0.00466	0.01399
70	0.01328	0.00949	0.01265	0.01518	0.01581	0.00886	0.01012	0.01518	0.02088	0.02783	0.06010	0.60969	0.07212	0.03416	0.01392	0.00443	0.00633	0.03100	0.01012	0.00886
71	0.02640	0.40934	0.24709	0.02335	0.03524	0.03642	0.02682	0.03336	0.02248	0.02900	0.01682	0.01958	0.01392	0.00972	0.00827	0.00276	0.01334	0.00667	0.00464	0.01479
72	0.01560	0.01159	0.01705	0.01705	0.01883	0.01337	0.01303	0.01916	0.01738	0.02496	0.02964	0.04525	0.02831	0.12718	0.52963	0.01693	0.02762	0.01204	0.00591	0.00947
73	0.54924	0.02495	0.01957	0.01697	0.02390	0.07105	0.01381	0.09976	0.02412	0.04984	0.01685	0.01905	0.01293	0.01063	0.00758	0.00331	0.00986	0.00654	0.00723	0.01281
74	0.01309	0.01024	0.01188	0.01319	0.01529	0.00902	0.00924	0.01541	0.02279	0.02862	0.08438	0.36634	0.29980	0.03100	0.01342	0.00407	0.00594	0.02715	0.01012	0.00902
75	0.02261	0.01938	0.02261	0.01615	0.02584	0.01453	0.01292	0.02745	0.02261	0.03553	0.01938	0.02261	0.01615	0.00807	0.00807	0.00161	0.00807	0.00646	0.00646	0.68346
76	0.01543	0.01115	0.01457	0.01372	0.01629	0.01029	0.01029	0.02058	0.03086	0.04372	0.54304	0.08145	0.10288	0.02229	0.01286	0.00343	0.00514	0.01972	0.01200	0.01029
77	0.02979	0.02751	0.05751	0.04131	0.05188	0.02555	0.42290	0.03811	0.02669	0.12617	0.02573	0.03076	0.01837	0.00994	0.01253	0.00362	0.01679	0.01253	0.00691	0.01538
78	0.03158	0.01472	0.01975	0.01646	0.02186	0.01305	0.01305	0.03627	0.03103	0.29087	0.30197	0.06007	0.06629	0.01805	0.01195	0.00340	0.00714	0.01550	0.01272	0.01427
79	0.02059	0.01938	0.03270	0.59060	0.07510	0.02422	0.03028	0.02786	0.02180	0.02786	0.01938	0.02907	0.01453	0.01090	0.01090	0.00363	0.01453	0.00969	0.00484	0.01211
80	0.02915	0.62337	0.05714	0.01866	0.02799	0.04314	0.01866	0.03265	0.02215	0.02565	0.01516	0.01749	0.01399	0.00933	0.00700	0.00233	0.01166	0.00583	0.00466	0.01399
81	0.03595	0.02468	0.08021	0.02815	0.03734	0.02077	0.16142	0.04418	0.06341	0.28634	0.03407	0.03438	0.02333	0.01707	0.05262	0.00453	0.01390	0.01143	0.00971	0.01650
82	0.04368	0.01740	0.02363	0.01851	0.02603	0.01513	0.01513	0.04804	0.03115	0.47615	0.12124	0.04405	0.03886	0.01487	0.01126	0.00338	0.00863	0.01233	0.01326	0.01726
83	0.01328	0.00949	0.01265	0.01518	0.01581	0.00886	0.01012	0.01518	0.02088	0.02783	0.06010	0.60969	0.07212	0.03416	0.01392	0.00443	0.00633	0.03100	0.01012	0.00886
84	0.69383	0.02109	0.01603	0.01434	0.02109	0.02446	0.01181	0.03205	0.01856	0.04892	0.01518	0.01771	0.01181	0.01012	0.00675	0.00337	0.00843	0.00590	0.00675	0.01181
85	0.02070	0.01611	0.02540	0.16788	0.07704	0.01661	0.05315	0.02561	0.02383	0.07474	0.04914	0.18420	0.10886	0.02135	0.01262	0.00398	0.01047	0.08814	0.00837	0.01180
86	0.03380	0.07378	0.15103	0.02767	0.07146	0.02383	0.06362	0.11047	0.03030	0.20337	0.03562	0.03530	0.06419	0.01301	0.01084	0.00334	0.01208	0.01086	0.00896	0.01647
87	0.14667	0.07129	0.11133	0.11293	0.04021	0.10448	0.05654	0.07584	0.02636	0.08037	0.02075	0.02404	0.01547	0.01071	0.00962	0.00316	0.01341	0.00825	0.00663	0.06195
88	0.14228	0.27078	0.26933	0.02332	0.03515	0.03210	0.02689	0.03336	0.02190	0.03359	0.01708	0.01994	0.01353	0.00992	0.00842	0.00300	0.01304	0.00681	0.00500	0.01454

[dist]
# distance from previous block
# <min> <max>
0	1

[block]
# block no. 2 follows, 12 sequences, length 23
# corresponding to MSA columns:
# 184-206
name=unknown_C
#
# <colnr> <probs for GDERKNQSTAVLIFYWHMCP>
#	G	D	E	R	K	N	Q	S	T	A	V	L	I	F	Y	W	H	M	C	P
0	0.08210	0.12586	0.03185	0.02114	0.02850	0.02383	0.05207	0.07319	0.08181	0.20609	0.07401	0.04372	0.03256	0.01473	0.01068	0.00342	0.01017	0.05898	0.00997	0.01531
1	0.01516	0.01820	0.10901	0.01726	0.02130	0.01206	0.01526	0.01965	0.02357	0.03220	0.15011	0.35358	0.11695	0.02704	0.01298	0.00399	0.00774	0.02399	0.00951	0.01044
2	0.02814	0.01921	0.02318	0.01683	0.02626	0.01485	0.01357	0.03285	0.02442	0.14503	0.02435	0.02566	0.01843	0.00921	0.00868	0.00198	0.00833	0.00741	0.00794	0.54366
3	0.03042	0.03578	0.19340	0.04084	0.19126	0.02708	0.07865	0.15034	0.03120	0.08089	0.02338	0.02661	0.01719	0.01094	0.01091	0.00336	0.01393	0.00966	0.00709	0.01707
4	0.04145	0.03054	0.03272	0.02509	0.03381	0.03381	0.02072	0.51243	0.05127	0.06872	0.02618	0.02618	0.01854	0.01309	0.01091	0.00327	0.01200	0.00982	0.01091	0.01854
5	0.03578	0.38485	0.04570	0.01989	0.02891	0.03528	0.01838	0.11629	0.02905	0.15652	0.02347	0.02350	0.01777	0.01092	0.00856	0.00273	0.01116	0.00768	0.00775	0.01580
6	0.02315	0.01334	0.01747	0.01512	0.01947	0.01183	0.01171	0.02807	0.03034	0.15325	0.39743	0.06763	0.08025	0.01936	0.01210	0.00329	0.00625	0.01687	0.01192	0.06116
7	0.39416	0.03526	0.02285	0.02065	0.02688	0.27617	0.01606	0.03732	0.02422	0.03872	0.01595	0.01861	0.01283	0.01063	0.00816	0.00311	0.01359	0.00642	0.00623	0.01219
8	0.02204	0.02030	0.03304	0.13721	0.31391	0.02077	0.02589	0.02766	0.02443	0.03356	0.07799	0.10091	0.08564	0.01541	0.01153	0.00349	0.01108	0.01418	0.00686	0.01410
9	0.02307	0.14959	0.47760	0.02904	0.04403	0.02825	0.03673	0.03422	0.02288	0.03307	0.01884	0.02211	0.01384	0.01019	0.00981	0.00327	0.01538	0.00769	0.00461	0.01577
10	0.01572	0.01113	0.01472	0.01472	0.01570	0.01211	0.01014	0.01767	0.01669	0.02324	0.03177	0.05702	0.03342	0.34783	0.31596	0.01407	0.01994	0.01376	0.00622	0.00818
11	0.03537	0.02175	0.03565	0.03312	0.12476	0.02122	0.10820	0.04077	0.02752	0.27062	0.07431	0.03626	0.02843	0.01338	0.01407	0.00356	0.07352	0.01167	0.00957	0.01624
12	0.01771	0.01386	0.01650	0.01700	0.01958	0.01447	0.01225	0.02866	0.17217	0.03568	0.13485	0.35531	0.06574	0.02651	0.01291	0.00405	0.00681	0.02365	0.01072	0.01157
13	0.03073	0.03887	0.09851	0.04000	0.12566	0.21220	0.18145	0.03926	0.06397	0.03298	0.02142	0.02587	0.01676	0.01050	0.01111	0.00329	0.01699	0.00983	0.00585	0.01475
14	0.02401	0.03026	0.17536	0.23515	0.05508	0.02328	0.12067	0.03257	0.02399	0.07639	0.02578	0.03761	0.02060	0.01258	0.01155	0.00371	0.01478	0.05648	0.00616	0.01400
15	0.01892	0.01476	0.02145	0.02163	0.06211	0.01349	0.06292	0.02312	0.02515	0.06966	0.07465	0.12967	0.27378	0.02443	0.01313	0.00397	0.00868	0.11773	0.00954	0.01120
16	0.03547	0.03032	0.17070	0.02621	0.03660	0.02095	0.09231	0.07648	0.02971	0.27151	0.07053	0.03489	0.02719	0.01270	0.01122	0.00343	0.01225	0.01105	0.00973	0.01674
17	0.02759	0.11873	0.11980	0.09405	0.17637	0.06908	0.02654	0.03657	0.07555	0.07002	0.06121	0.03064	0.02422	0.01169	0.01029	0.00321	0.01269	0.00974	0.00673	0.01528
18	0.02732	0.03293	0.20142	0.15522	0.17346	0.02397	0.03115	0.03737	0.06156	0.11262	0.02511	0.02869	0.01823	0.01111	0.01073	0.00344	0.01342	0.00956	0.00666	0.01601
19	0.38152	0.01593	0.01431	0.01429	0.01855	0.01734	0.01084	0.02436	0.02004	0.03942	0.04113	0.23582	0.08955	0.02046	0.00993	0.00378	0.00738	0.01657	0.00830	0.01049
20	0.02931	0.18122	0.26964	0.02558	0.03748	0.03054	0.02825	0.12110	0.06773	0.07533	0.02323	0.02461	0.01711	0.01116	0.00976	0.00317	0.01328	0.00837	0.00684	0.01629
21	0.02196	0.03479	0.20963	0.02345	0.03057	0.13083	0.02302	0.02785	0.02370	0.02996	0.03689	0.28122	0.03959	0.02104	0.01182	0.00375	0.01253	0.01797	0.00725	0.01220
22	0.28013	0.33733	0.03856	0.01711	0.02539	0.03344	0.01583	0.03447	0.02171	0.08737	0.01795	0.01953	0.01447	0.01004	0.00730	0.00283	0.01021	0.00637	0.00633	0.01363

[dist]
# distance from previous block
# <min> <max>
0	23

[block]
# block no. 3 follows, 12 sequences, length 40
# corresponding to MSA columns:
# 230-269
name=unknown_D
#
# <colnr> <probs for GDERKNQSTAVLIFYWHMCP>
#	G	D	E	R	K	N	Q	S	T	A	V	L	I	F	Y	W	H	M	C	P
0	0.03199	0.03374	0.11765	0.12595	0.09609	0.07108	0.07359	0.22935	0.03541	0.04694	0.02236	0.02606	0.01649	0.01146	0.01092	0.00336	0.01435	0.00959	0.00746	0.01616
1	0.03600	0.02472	0.03508	0.03484	0.15838	0.02512	0.05728	0.16234	0.03268	0.18398	0.02760	0.02910	0.01986	0.01218	0.01275	0.00331	0.05704	0.01004	0.00906	0.06867
2	0.07374	0.06012	0.01972	0.01579	0.01909	0.01694	0.01180	0.02734	0.06895	0.08184	0.06983	0.05083	0.03547	0.23637	0.15753	0.00911	0.01413	0.01281	0.00781	0.01079
3	0.13015	0.12983	0.14957	0.02105	0.03048	0.02574	0.02107	0.07822	0.06936	0.13544	0.03423	0.03382	0.07078	0.01306	0.00973	0.00327	0.01090	0.00990	0.00823	0.01518
4	0.02825	0.02323	0.03479	0.09213	0.19749	0.02433	0.06706	0.07619	0.14573	0.08795	0.08054	0.03688	0.03018	0.01282	0.01129	0.00346	0.01140	0.01172	0.00851	0.01606
5	0.02752	0.02778	0.11249	0.02890	0.08460	0.02330	0.06579	0.07423	0.11272	0.08965	0.06537	0.03293	0.02640	0.01259	0.01248	0.00326	0.05329	0.01050	0.00809	0.12813
6	0.02652	0.08553	0.08989	0.22006	0.16465	0.02635	0.06939	0.03546	0.06285	0.08014	0.02354	0.02852	0.01777	0.01082	0.01063	0.00338	0.01344	0.00975	0.00625	0.01505
7	0.03546	0.02446	0.02522	0.02026	0.02813	0.10222	0.01637	0.08227	0.02962	0.21192	0.03124	0.03701	0.02417	0.01296	0.01025	0.00287	0.01080	0.05348	0.00944	0.23183
8	0.03771	0.04111	0.02869	0.02546	0.03157	0.38384	0.01969	0.08365	0.03156	0.07115	0.02390	0.03205	0.02042	0.01321	0.01040	0.00302	0.01634	0.05408	0.00719	0.06497
9	0.02555	0.19376	0.38544	0.02744	0.04117	0.03054	0.03307	0.08004	0.02552	0.03563	0.01912	0.02196	0.01431	0.01037	0.00958	0.00316	0.01462	0.00768	0.00523	0.01582
10	0.01610	0.01317	0.02096	0.02313	0.06607	0.01253	0.06243	0.01942	0.02210	0.02967	0.05271	0.45545	0.06101	0.02920	0.01366	0.00431	0.00845	0.07013	0.00925	0.01027
11	0.01321	0.00977	0.01236	0.01443	0.01562	0.00892	0.00979	0.01527	0.02160	0.02813	0.06924	0.51803	0.15787	0.03297	0.01373	0.00429	0.00618	0.02955	0.01012	0.00892
12	0.02040	0.01897	0.03325	0.02754	0.03332	0.01842	0.18594	0.02897	0.07547	0.03488	0.08629	0.11912	0.09078	0.02086	0.01344	0.00413	0.01169	0.15555	0.00874	0.01222
13	0.02612	0.02410	0.03925	0.24230	0.33979	0.02605	0.03121	0.07518	0.02620	0.03598	0.02064	0.02763	0.01645	0.01043	0.01084	0.00338	0.01341	0.00972	0.00571	0.01562
14	0.01439	0.01028	0.01393	0.01645	0.01757	0.00981	0.01205	0.01710	0.02197	0.02908	0.05948	0.48360	0.06969	0.03311	0.01421	0.00458	0.00729	0.14613	0.01010	0.00916
15	0.03431	0.02241	0.04023	0.16540	0.04899	0.02188	0.18557	0.04094	0.02711	0.25390	0.03029	0.03259	0.02048	0.01142	0.01159	0.00354	0.01361	0.01130	0.00873	0.01571
16	0.02059	0.01938	0.03270	0.59060	0.07510	0.02422	0.03028	0.02786	0.02180	0.02786	0.01938	0.02907	0.01453	0.01090	0.01090	0.00363	0.01453	0.00969	0.00484	0.01211
17	0.02793	0.02672	0.03335	0.04118	0.24889	0.07448	0.02412	0.04394	0.23209	0.03891	0.02989	0.03161	0.02347	0.01181	0.01062	0.00326	0.01140	0.01030	0.00784	0.06817
18	0.02763	0.08519	0.11973	0.04440	0.25430	0.02844	0.06982	0.08050	0.10861	0.03907	0.02440	0.02789	0.01911	0.01086	0.01062	0.00330	0.01298	0.00982	0.00664	0.01669
19	0.02261	0.01938	0.02261	0.01615	0.02584	0.01453	0.01292	0.02745	0.02261	0.03553	0.01938	0.02261	0.01615	0.00807	0.00807	0.00161	0.00807	0.00646	0.00646	0.68346
20	0.01558	0.01168	0.01752	0.01752	0.01947	0.01363	0.01363	0.01947	0.01752	0.02531	0.02921	0.04283	0.02726	0.08178	0.57360	0.01752	0.02921	0.01168	0.00584	0.00974
21	0.01558	0.01168	0.01752	0.01752	0.01947	0.01363	0.01363	0.01947	0.01752	0.02531	0.02921	0.04283	0.02726	0.08178	0.57360	0.01752	0.02921	0.01168	0.00584	0.00974
22	0.02968	0.03305	0.04813	0.05086	0.26216	0.15102	0.19449	0.03626	0.02652	0.03335	0.02021	0.02615	0.01629	0.00988	0.01129	0.00329	0.01635	0.01019	0.00549	0.01533
23	0.02330	0.02214	0.03759	0.36898	0.27557	0.02494	0.03163	0.03023	0.02308	0.03114	0.01986	0.02819	0.01569	0.01040	0.01086	0.00347	0.01387	0.00970	0.00508	0.01430
24	0.04073	0.05197	0.03090	0.02809	0.03371	0.57303	0.02107	0.04354	0.03090	0.02669	0.01685	0.01966	0.01404	0.01124	0.00983	0.00281	0.01966	0.00702	0.00562	0.01264
25	0.02732	0.02751	0.09014	0.13831	0.30232	0.02496	0.10904	0.03471	0.02492	0.08163	0.02255	0.02827	0.01730	0.01022	0.01112	0.00340	0.01403	0.01019	0.00600	0.01606
26	0.04669	0.01985	0.02583	0.02005	0.02834	0.01825	0.01648	0.08914	0.07046	0.47984	0.04181	0.03653	0.02681	0.01356	0.01097	0.00339	0.00944	0.01098	0.01311	0.01846
27	0.02376	0.02156	0.03144	0.12324	0.20852	0.01986	0.02252	0.02953	0.02323	0.03436	0.01976	0.02509	0.01627	0.00907	0.00943	0.00247	0.01072	0.00806	0.00585	0.35528
28	0.01333	0.01106	0.01166	0.01151	0.01500	0.00939	0.00863	0.01651	0.02590	0.03195	0.18595	0.10083	0.46732	0.02669	0.01288	0.00364	0.00546	0.02244	0.01045	0.00939
29	0.02033	0.01016	0.01016	0.01016	0.01270	0.01016	0.00762	0.02541	0.02287	0.04065	0.03557	0.04065	0.02795	0.01270	0.00762	0.00254	0.00508	0.01016	0.67734	0.01016
30	0.03428	0.02698	0.02869	0.02364	0.03108	0.03047	0.01899	0.28508	0.29029	0.05716	0.03528	0.03343	0.02592	0.01394	0.01100	0.00349	0.01031	0.01107	0.01100	0.01790
31	0.01586	0.01057	0.01189	0.01189	0.01189	0.01057	0.00661	0.01586	0.01586	0.02114	0.03436	0.07135	0.03964	0.61681	0.05550	0.01057	0.01057	0.01586	0.00661	0.00661
32	0.01716	0.01010	0.01287	0.01287	0.01287	0.01010	0.00782	0.01516	0.01516	0.02021	0.02783	0.05518	0.03088	0.37180	0.05004	0.29505	0.01010	0.01315	0.00581	0.00581
33	0.01737	0.01107	0.01467	0.01482	0.01707	0.01017	0.01071	0.02106	0.02667	0.08060	0.29613	0.30123	0.08341	0.02657	0.01315	0.00385	0.00600	0.02375	0.01133	0.01039
34	0.02342	0.02227	0.03781	0.35898	0.28461	0.02497	0.03169	0.03034	0.02314	0.03129	0.01988	0.02815	0.01575	0.01038	0.01085	0.00346	0.01384	0.00970	0.00509	0.01439
35	0.41628	0.09094	0.02493	0.01922	0.02586	0.20396	0.01549	0.03583	0.02291	0.03941	0.01572	0.01832	0.01275	0.01040	0.00777	0.00309	0.01239	0.00626	0.00617	0.01229
36	0.03426	0.02876	0.15322	0.02495	0.03454	0.02092	0.06399	0.04575	0.11827	0.25725	0.03712	0.04041	0.02690	0.01391	0.01132	0.00360	0.01160	0.04642	0.01003	0.01677
37	0.02033	0.01016	0.01016	0.01016	0.01270	0.01016	0.00762	0.02541	0.02287	0.04065	0.03557	0.04065	0.02795	0.01270	0.00762	0.00254	0.00508	0.01016	0.67734	0.01016
38	0.03075	0.03215	0.03423	0.04178	0.23916	0.17442	0.02481	0.04419	0.19137	0.03647	0.02733	0.02948	0.02163	0.01179	0.01063	0.00327	0.01336	0.00984	0.00732	0.01601
39	0.02059	0.01938	0.03270	0.59060	0.07510	0.02422	0.03028	0.02786	0.02180	0.02786	0.01938	0.02907	0.01453	0.01090	0.01090	0.00363	0.01453	0.00969	0.00484	0.01211

[dist]
# distance from previous block
# <min> <max>
0	1

[block]
# block no. 4 follows, 12 sequences, length 7
# corresponding to MSA columns:
# 271-277
name=unknown_E
#
# <colnr> <probs for GDERKNQSTAVLIFYWHMCP>
#	G	D	E	R	K	N	Q	S	T	A	V	L	I	F	Y	W	H	M	C	P
0	0.04426	0.02497	0.02604	0.02066	0.02871	0.12122	0.01661	0.04828	0.03013	0.39448	0.03527	0.03209	0.02326	0.01243	0.01041	0.00306	0.01110	0.00969	0.01117	0.09616
1	0.02569	0.35386	0.29632	0.02456	0.03711	0.03467	0.02894	0.03354	0.02257	0.02987	0.01725	0.02012	0.01391	0.00982	0.00859	0.00286	0.01378	0.00689	0.00464	0.01500
2	0.02033	0.01016	0.01016	0.01016	0.01270	0.01016	0.00762	0.02541	0.02287	0.04065	0.03557	0.04065	0.02795	0.01270	0.00762	0.00254	0.00508	0.01016	0.67734	0.01016
3	0.02261	0.01938	0.02261	0.01615	0.02584	0.01453	0.01292	0.02745	0.02261	0.03553	0.01938	0.02261	0.01615	0.00807	0.00807	0.00161	0.00807	0.00646	0.00646	0.68346
4	0.01562	0.01153	0.01673	0.01673	0.01840	0.01320	0.01264	0.01896	0.01729	0.02472	0.02993	0.04686	0.02900	0.15722	0.50054	0.01654	0.02658	0.01227	0.00595	0.00929
5	0.02059	0.01938	0.03270	0.59060	0.07510	0.02422	0.03028	0.02786	0.02180	0.02786	0.01938	0.02907	0.01453	0.01090	0.01090	0.00363	0.01453	0.00969	0.00484	0.01211
6	0.02320	0.02151	0.02774	0.02208	0.02716	0.02350	0.01812	0.02688	0.01980	0.03111	0.01697	0.02320	0.01528	0.01331	0.02125	0.00312	0.28795	0.00792	0.00566	0.36425

[dist]
# distance from previous block
# <min> <max>
0	8

[block]
# block no. 5 follows, 12 sequences, length 36
# corresponding to MSA columns:
# 286-321
name=unknown_F
#
# <colnr> <probs for GDERKNQSTAVLIFYWHMCP>
#	G	D	E	R	K	N	Q	S	T	A	V	L	I	F	Y	W	H	M	C	P
0	0.02187	0.05640	0.56031	0.03108	0.04719	0.02532	0.04029	0.03453	0.02302	0.03453	0.01957	0.02302	0.01381	0.01036	0.01036	0.00345	0.01611	0.00806	0.00460	0.01611
1	0.01535	0.01096	0.01502	0.01754	0.01908	0.01064	0.01371	0.01875	0.02291	0.03014	0.05896	0.37530	0.06761	0.03221	0.01447	0.00471	0.00811	0.24502	0.01008	0.00943
2	0.02856	0.02314	0.02574	0.01964	0.02846	0.02199	0.01581	0.16584	0.11771	0.04638	0.02555	0.02670	0.01976	0.01061	0.00937	0.00243	0.00925	0.00839	0.00848	0.38619
3	0.03172	0.02247	0.06140	0.02020	0.02724	0.02065	0.01713	0.12274	0.14911	0.18487	0.05060	0.09983	0.10873	0.01761	0.01151	0.00359	0.00923	0.01461	0.01102	0.01573
4	0.10233	0.02880	0.06380	0.02248	0.03068	0.08734	0.01917	0.15585	0.11227	0.21782	0.03205	0.03031	0.02218	0.01281	0.01040	0.00334	0.01139	0.00978	0.01035	0.01686
5	0.39698	0.02023	0.01928	0.01552	0.02344	0.02020	0.01266	0.03295	0.02135	0.10278	0.01977	0.02157	0.01499	0.00983	0.00767	0.00279	0.00841	0.00667	0.00743	0.23547
6	0.02343	0.09295	0.25096	0.02840	0.09497	0.02303	0.02715	0.03157	0.02299	0.03419	0.01919	0.02280	0.01511	0.00933	0.00923	0.00263	0.01230	0.00744	0.00540	0.26696
7	0.01358	0.00961	0.01256	0.01480	0.01536	0.00905	0.00972	0.01526	0.02030	0.02707	0.05714	0.54784	0.06838	0.10111	0.01869	0.00513	0.00681	0.02926	0.00972	0.00860
8	0.03402	0.02253	0.03084	0.27630	0.05075	0.02504	0.02381	0.18007	0.03304	0.17349	0.02739	0.03023	0.01888	0.01221	0.01092	0.00346	0.01245	0.01005	0.00885	0.01567
9	0.02811	0.03785	0.16362	0.04623	0.25278	0.12301	0.07792	0.03748	0.06337	0.03446	0.02158	0.02602	0.01702	0.01047	0.01075	0.00329	0.01509	0.00935	0.00569	0.01593
10	0.02574	0.02941	0.06434	0.04596	0.05699	0.02757	0.50919	0.03493	0.02574	0.03493	0.02206	0.02941	0.01654	0.00919	0.01287	0.00368	0.01838	0.01287	0.00551	0.01471
11	0.04073	0.05197	0.03090	0.02809	0.03371	0.57303	0.02107	0.04354	0.03090	0.02669	0.01685	0.01966	0.01404	0.01124	0.00983	0.00281	0.01966	0.00702	0.00562	0.01264
12	0.01355	0.01124	0.01220	0.01244	0.01587	0.00989	0.00961	0.01662	0.02427	0.02942	0.09877	0.10156	0.45608	0.03230	0.05912	0.00495	0.00790	0.06514	0.00977	0.00933
13	0.02699	0.02591	0.04426	0.06693	0.54879	0.02591	0.03346	0.03346	0.02483	0.03562	0.02051	0.02699	0.01727	0.00972	0.01079	0.00324	0.01295	0.00972	0.00540	0.01727
14	0.02915	0.62337	0.05714	0.01866	0.02799	0.04314	0.01866	0.03265	0.02215	0.02565	0.01516	0.01749	0.01399	0.00933	0.00700	0.00233	0.01166	0.00583	0.00466	0.01399
15	0.02059	0.01938	0.03270	0.59060	0.07510	0.02422	0.03028	0.02786	0.02180	0.02786	0.01938	0.02907	0.01453	0.01090	0.01090	0.00363	0.01453	0.00969	0.00484	0.01211
16	0.01558	0.01168	0.01752	0.01752	0.01947	0.01363	0.01363	0.01947	0.01752	0.02531	0.02921	0.04283	0.02726	0.08178	0.57360	0.01752	0.02921	0.01168	0.00584	0.00974
17	0.01562	0.01150	0.01662	0.01662	0.01826	0.01314	0.01251	0.01889	0.01726	0.02465	0.03003	0.04739	0.02924	0.16718	0.49090	0.01641	0.02623	0.01235	0.00596	0.00924
18	0.69383	0.02109	0.01603	0.01434	0.02109	0.02446	0.01181	0.03205	0.01856	0.04892	0.01518	0.01771	0.01181	0.01012	0.00675	0.00337	0.00843	0.00590	0.00675	0.01181
19	0.01820	0.01450	0.01673	0.01558	0.01933	0.01472	0.01186	0.02998	0.16660	0.04178	0.33164	0.07430	0.15981	0.02115	0.01238	0.00355	0.00617	0.01826	0.01143	0.01201
20	0.04073	0.05197	0.03090	0.02809	0.03371	0.57303	0.02107	0.04354	0.03090	0.02669	0.01685	0.01966	0.01404	0.01124	0.00983	0.00281	0.01966	0.00702	0.00562	0.01264
21	0.02915	0.62337	0.05714	0.01866	0.02799	0.04314	0.01866	0.03265	0.02215	0.02565	0.01516	0.01749	0.01399	0.00933	0.00700	0.00233	0.01166	0.00583	0.00466	0.01399
22	0.02261	0.01938	0.02261	0.01615	0.02584	0.01453	0.01292	0.02745	0.02261	0.03553	0.01938	0.02261	0.01615	0.00807	0.00807	0.00161	0.00807	0.00646	0.00646	0.68346
23	0.01543	0.01115	0.01457	0.01372	0.01629	0.01029	0.01029	0.02058	0.03086	0.04372	0.54304	0.08145	0.10288	0.02229	0.01286	0.00343	0.00514	0.01972	0.01200	0.01029
24	0.04892	0.01856	0.02530	0.01940	0.02783	0.01603	0.01603	0.05314	0.03121	0.55634	0.04302	0.03711	0.02699	0.01350	0.01096	0.00337	0.00928	0.01096	0.01350	0.01856
25	0.03280	0.09789	0.24865	0.02777	0.03822	0.25671	0.02827	0.03981	0.02699	0.07651	0.02013	0.02239	0.01509	0.01092	0.00991	0.00308	0.01664	0.00769	0.00582	0.01469
26	0.02868	0.02499	0.04416	0.10905	0.36436	0.02487	0.10709	0.03541	0.02541	0.09459	0.02323	0.02874	0.01801	0.01018	0.01116	0.00336	0.01355	0.01036	0.00629	0.01651
27	0.01719	0.01228	0.01714	0.01965	0.02199	0.01222	0.01691	0.02194	0.02473	0.03221	0.05794	0.16592	0.06358	0.03048	0.01496	0.00497	0.00971	0.43621	0.01005	0.00994
28	0.01438	0.01027	0.01391	0.01643	0.01754	0.00980	0.01202	0.01707	0.02195	0.02906	0.05949	0.48553	0.06973	0.03313	0.01421	0.00458	0.00727	0.14437	0.01010	0.00916
29	0.12404	0.12248	0.09742	0.08247	0.20481	0.02655	0.02556	0.03619	0.02416	0.12485	0.02258	0.02562	0.01703	0.01053	0.00960	0.00319	0.01197	0.00858	0.00673	0.01564
30	0.02121	0.02001	0.03383	0.53967	0.12117	0.02439	0.03059	0.02840	0.02210	0.02861	0.01949	0.02887	0.01480	0.01079	0.01089	0.00360	0.01438	0.00969	0.00490	0.01261
31	0.03820	0.08618	0.02625	0.01788	0.02494	0.01769	0.01488	0.04257	0.03008	0.36603	0.16597	0.04604	0.04464	0.01524	0.01099	0.00327	0.00851	0.01258	0.01210	0.01595
32	0.03508	0.07894	0.07818	0.09672	0.12055	0.16762	0.02473	0.11971	0.03109	0.11066	0.02310	0.02559	0.01718	0.01137	0.01028	0.00315	0.01434	0.00879	0.00735	0.01554
33	0.02578	0.10047	0.35277	0.03732	0.16007	0.02646	0.03483	0.03550	0.02397	0.07309	0.02113	0.02447	0.01562	0.01035	0.01019	0.00329	0.01445	0.00845	0.00546	0.01636
34	0.02463	0.01867	0.02768	0.07700	0.17088	0.01914	0.02254	0.07526	0.02745	0.07377	0.04068	0.10894	0.04045	0.02052	0.01280	0.00410	0.01105	0.20221	0.00871	0.01352
35	0.13419	0.02203	0.02993	0.03028	0.13892	0.02116	0.05305	0.07602	0.02663	0.11497	0.02629	0.03390	0.02134	0.01186	0.01002	0.00306	0.01056	0.04708	0.00791	0.18080

[dist]
# distance from previous block
# <min> <max>
0	3

[block]
# block no. 6 follows, 12 sequences, length 20
# corresponding to MSA columns:
# 325-344
name=unknown_G
#
# <colnr> <probs for GDERKNQSTAVLIFYWHMCP>
#	G	D	E	R	K	N	Q	S	T	A	V	L	I	F	Y	W	H	M	C	P
0	0.03195	0.12315	0.04252	0.04739	0.32700	0.02894	0.02719	0.11207	0.02929	0.09383	0.02290	0.02637	0.01796	0.01059	0.01021	0.00311	0.01221	0.00923	0.00701	0.01708
1	0.01489	0.00972	0.01248	0.01408	0.01512	0.00913	0.00957	0.01614	0.02042	0.02792	0.05607	0.40632	0.10713	0.03184	0.01775	0.11275	0.00662	0.02455	0.07914	0.00837
2	0.02680	0.02858	0.12661	0.02644	0.03502	0.02405	0.09932	0.04566	0.25781	0.09018	0.08843	0.03962	0.03378	0.01376	0.01142	0.00359	0.01124	0.01229	0.00935	0.01604
3	0.02950	0.01916	0.02332	0.01700	0.02636	0.01493	0.01373	0.03419	0.02486	0.17201	0.02557	0.02641	0.01899	0.00950	0.00883	0.00208	0.00839	0.00764	0.00830	0.50922
4	0.02261	0.01938	0.02261	0.01615	0.02584	0.01453	0.01292	0.02745	0.02261	0.03553	0.01938	0.02261	0.01615	0.00807	0.00807	0.00161	0.00807	0.00646	0.00646	0.68346
5	0.02656	0.04984	0.46761	0.02905	0.04384	0.02371	0.03608	0.03775	0.02444	0.12494	0.02363	0.02546	0.01610	0.01090	0.01046	0.00344	0.01493	0.00856	0.00614	0.01654
6	0.02915	0.62337	0.05714	0.01866	0.02799	0.04314	0.01866	0.03265	0.02215	0.02565	0.01516	0.01749	0.01399	0.00933	0.00700	0.00233	0.01166	0.00583	0.00466	0.01399
7	0.02783	0.02691	0.08802	0.12832	0.09896	0.02510	0.13526	0.04227	0.16810	0.09987	0.03007	0.03262	0.02203	0.01175	0.01135	0.00357	0.01309	0.01116	0.00785	0.01586
8	0.03524	0.03109	0.08415	0.02485	0.03357	0.03098	0.02170	0.33012	0.18883	0.05844	0.03085	0.03012	0.02239	0.01331	0.01091	0.00342	0.01143	0.01038	0.01032	0.01792
9	0.01289	0.01105	0.01105	0.01105	0.01473	0.00920	0.00828	0.01565	0.02485	0.02946	0.11046	0.10493	0.54437	0.02761	0.01289	0.00368	0.00552	0.02301	0.01013	0.00920
10	0.02681	0.02152	0.03004	0.03356	0.16410	0.02267	0.05355	0.04251	0.22179	0.07521	0.03638	0.04253	0.02912	0.01392	0.01097	0.00350	0.01010	0.04758	0.09846	0.01566
11	0.02712	0.02342	0.02465	0.02219	0.02835	0.02712	0.01726	0.05794	0.52909	0.04561	0.04438	0.04068	0.03328	0.01479	0.01109	0.00370	0.00863	0.01233	0.01109	0.01726
12	0.01370	0.00966	0.01253	0.01466	0.01519	0.00913	0.00956	0.01529	0.02007	0.02676	0.05598	0.52351	0.06692	0.12744	0.02057	0.00541	0.00701	0.02857	0.00956	0.00850
13	0.01572	0.01112	0.01467	0.01467	0.01563	0.01208	0.01007	0.01764	0.01668	0.02320	0.03181	0.05728	0.03353	0.35280	0.31115	0.01400	0.01977	0.01380	0.00623	0.00815
14	0.01456	0.01111	0.01336	0.01280	0.01575	0.00992	0.00960	0.01888	0.02880	0.03881	0.39419	0.08953	0.25479	0.02412	0.01287	0.00352	0.00527	0.02085	0.01136	0.00992
15	0.58939	0.02260	0.01870	0.01606	0.02312	0.02596	0.01324	0.10896	0.02379	0.05209	0.01694	0.01907	0.01289	0.01060	0.00741	0.00336	0.00901	0.00653	0.00741	0.01289
16	0.64206	0.02353	0.01720	0.01543	0.02209	0.06794	0.01254	0.03296	0.01953	0.04716	0.01531	0.01787	0.01199	0.01021	0.00699	0.00333	0.00932	0.00599	0.00666	0.01187
17	0.01461	0.01066	0.01383	0.01468	0.01662	0.00989	0.01080	0.01830	0.02595	0.03526	0.27047	0.28565	0.12907	0.02806	0.01349	0.00399	0.00613	0.07198	0.01092	0.00962
18	0.12009	0.31993	0.07364	0.02108	0.03031	0.03261	0.05668	0.03632	0.05729	0.08617	0.02106	0.02269	0.01666	0.01020	0.00837	0.00280	0.01132	0.00753	0.00646	0.05880
19	0.13223	0.12749	0.15621	0.02044	0.03106	0.02466	0.02074	0.06360	0.02393	0.03808	0.01853	0.02133	0.01471	0.00949	0.00842	0.00256	0.01090	0.00688	0.00607	0.26267

[dist]
# distance from previous block
# <min> <max>
0	1

[block]
# block no. 7 follows, 12 sequences, length 49
# corresponding to MSA columns:
# 346-394
name=unknown_H
#
# <colnr> <probs for GDERKNQSTAVLIFYWHMCP>
#	G	D	E	R	K	N	Q	S	T	A	V	L	I	F	Y	W	H	M	C	P
0	0.07447	0.21361	0.12989	0.16837	0.08692	0.09654	0.02630	0.03312	0.02324	0.03034	0.01762	0.02240	0.01422	0.01022	0.00919	0.00306	0.01398	0.00765	0.00502	0.01384
1	0.01581	0.01225	0.01573	0.01465	0.01715	0.01216	0.01120	0.02037	0.02876	0.04016	0.43505	0.07973	0.15790	0.02277	0.01488	0.00358	0.05718	0.01929	0.01110	0.01028
2	0.07900	0.03043	0.07573	0.02604	0.03418	0.07163	0.07907	0.19327	0.16137	0.04939	0.06477	0.03276	0.02676	0.01311	0.01090	0.00343	0.01213	0.01087	0.00914	0.01601
3	0.02284	0.10137	0.48194	0.03258	0.08111	0.02685	0.03800	0.03430	0.02308	0.03387	0.01927	0.02284	0.01407	0.01023	0.01011	0.00334	0.01552	0.00799	0.00467	0.01602
4	0.16321	0.30108	0.09549	0.02144	0.03095	0.03203	0.05985	0.03616	0.02326	0.11612	0.02060	0.02220	0.01581	0.01024	0.00841	0.00293	0.01165	0.00747	0.00654	0.01456
5	0.03096	0.56811	0.05423	0.01872	0.02797	0.04067	0.01842	0.03452	0.02298	0.07414	0.01770	0.01928	0.01518	0.00971	0.00736	0.00243	0.01144	0.00630	0.00547	0.01441
6	0.01338	0.01013	0.01235	0.01377	0.01553	0.00911	0.00958	0.01587	0.02311	0.02994	0.12444	0.40153	0.21994	0.03095	0.01349	0.00410	0.00596	0.02741	0.01031	0.00911
7	0.02336	0.02322	0.03451	0.45479	0.15177	0.07056	0.03005	0.03012	0.02308	0.02907	0.01936	0.02793	0.01496	0.01073	0.01079	0.00350	0.01470	0.00947	0.00500	0.01303
8	0.08720	0.39222	0.04547	0.01959	0.02849	0.03664	0.01817	0.12393	0.02835	0.09954	0.02056	0.02149	0.01623	0.01059	0.00818	0.00272	0.01118	0.00719	0.00705	0.01521
9	0.02997	0.02243	0.06811	0.11737	0.03893	0.02085	0.08456	0.03779	0.06533	0.19737	0.07409	0.04208	0.07295	0.01472	0.01354	0.00363	0.05999	0.01247	0.00908	0.01475
