[name]
unknown

[dist]
# distance from previous block
# <min> <max>
0	192

[block]
# block no. 0 follows, 14 sequences, length 35
# corresponding to MSA columns:
# 192-226
name=unknown_A
#
# <colnr> <probs for GDERKNQSTAVLIFYWHMCP>
#	G	D	E	R	K	N	Q	S	T	A	V	L	I	F	Y	W	H	M	C	P
0	0.01562	0.01116	0.01549	0.01786	0.01982	0.01102	0.01495	0.01968	0.02272	0.02969	0.05484	0.23278	0.06106	0.02921	0.01393	0.00460	0.00866	0.39825	0.00947	0.00920
1	0.02058	0.05308	0.58618	0.02925	0.04442	0.02383	0.03792	0.03250	0.02167	0.03250	0.01842	0.02167	0.01300	0.00975	0.00975	0.00325	0.01517	0.00758	0.00433	0.01517
2	0.04445	0.02002	0.02540	0.01947	0.02747	0.01887	0.01608	0.16120	0.03365	0.46522	0.03690	0.03260	0.02360	0.01261	0.01031	0.00315	0.00931	0.01008	0.01215	0.01746
3	0.01267	0.01042	0.01115	0.01097	0.01419	0.00889	0.00822	0.01578	0.02467	0.03076	0.20945	0.09376	0.46378	0.02486	0.01212	0.00341	0.00512	0.02096	0.00993	0.00889
4	0.03886	0.03331	0.03041	0.02425	0.03180	0.16004	0.01958	0.42788	0.04391	0.05572	0.02265	0.02325	0.01649	0.01192	0.01004	0.00298	0.01293	0.00864	0.00914	0.01619
5	0.03101	0.03698	0.03364	0.02861	0.03261	0.32862	0.08209	0.03422	0.02375	0.02588	0.01559	0.02100	0.01359	0.01298	0.01829	0.00340	0.23277	0.00810	0.00499	0.01189
6	0.04604	0.01746	0.02382	0.01826	0.02620	0.01508	0.01508	0.05001	0.02937	0.58244	0.04049	0.03493	0.02540	0.01270	0.01032	0.00318	0.00873	0.01032	0.01270	0.01746
7	0.71184	0.01985	0.01508	0.01350	0.01985	0.02302	0.01111	0.03017	0.01746	0.04604	0.01429	0.01667	0.01111	0.00953	0.00635	0.00318	0.00794	0.00556	0.00635	0.01111
8	0.03811	0.01983	0.02395	0.01924	0.02620	0.01983	0.01546	0.12898	0.15088	0.33696	0.03762	0.03622	0.02626	0.05594	0.01322	0.00369	0.00910	0.01075	0.01135	0.01641
9	0.03252	0.01573	0.01845	0.01517	0.02061	0.01535	0.01220	0.12022	0.02893	0.24619	0.03462	0.03473	0.02449	0.01230	0.00887	0.00280	0.00735	0.00979	0.32585	0.01384
10	0.01358	0.01036	0.01247	0.01214	0.01480	0.00925	0.00903	0.01746	0.02652	0.03561	0.37802	0.11957	0.25710	0.02340	0.01218	0.00337	0.00503	0.02029	0.01058	0.00925
11	0.71184	0.01985	0.01508	0.01350	0.01985	0.02302	0.01111	0.03017	0.01746	0.04604	0.01429	0.01667	0.01111	0.00953	0.00635	0.00318	0.00794	0.00556	0.00635	0.01111
12	0.01325	0.01000	0.01235	0.01341	0.01542	0.00910	0.00987	0.01621	0.02302	0.03002	0.16784	0.30680	0.22239	0.02774	0.01275	0.00385	0.00593	0.08138	0.00985	0.00882
13	0.01682	0.01455	0.02222	0.16798	0.09617	0.01635	0.01820	0.02040	0.01986	0.02690	0.03797	0.34469	0.04244	0.02250	0.01436	0.00389	0.07747	0.01965	0.00722	0.01034
14	0.03631	0.01964	0.02353	0.01950	0.02643	0.02004	0.01563	0.05216	0.27961	0.32647	0.04109	0.03652	0.02821	0.01328	0.01038	0.00332	0.00844	0.01093	0.01163	0.01689
15	0.02595	0.06859	0.09702	0.10942	0.25595	0.12893	0.02661	0.03322	0.05476	0.03146	0.05445	0.02741	0.02083	0.01061	0.00988	0.00302	0.01308	0.00902	0.00563	0.01415
16	0.02819	0.35195	0.03927	0.01882	0.02567	0.09637	0.01642	0.09295	0.08551	0.03065	0.02116	0.02673	0.01889	0.09178	0.01368	0.00350	0.01140	0.00798	0.00611	0.01298
17	0.71184	0.01985	0.01508	0.01350	0.01985	0.02302	0.01111	0.03017	0.01746	0.04604	0.01429	0.01667	0.01111	0.00953	0.00635	0.00318	0.00794	0.00556	0.00635	0.01111
18	0.01396	0.01047	0.01293	0.01232	0.01498	0.00944	0.00924	0.01827	0.02771	0.03797	0.45960	0.08189	0.20913	0.02217	0.01211	0.00328	0.00493	0.01929	0.01088	0.00944
19	0.01733	0.01194	0.01506	0.01450	0.01725	0.01159	0.01076	0.02429	0.08939	0.07171	0.35820	0.19539	0.07807	0.02216	0.01202	0.00347	0.00572	0.01963	0.01088	0.01064
20	0.01246	0.00910	0.01173	0.01383	0.01476	0.00837	0.00932	0.01434	0.02009	0.02638	0.06217	0.56947	0.12743	0.03142	0.01298	0.00408	0.00586	0.02828	0.00953	0.00837
21	0.03840	0.01585	0.02094	0.01661	0.02346	0.01367	0.01353	0.04220	0.02835	0.45588	0.08410	0.04821	0.12119	0.01544	0.01073	0.00323	0.00790	0.01273	0.01208	0.01551
22	0.04445	0.02002	0.02540	0.01947	0.02747	0.01887	0.01608	0.16120	0.03365	0.46522	0.03690	0.03260	0.02360	0.01261	0.01031	0.00315	0.00931	0.01008	0.01215	0.01746
23	0.02058	0.05308	0.58618	0.02925	0.04442	0.02383	0.03792	0.03250	0.02167	0.03250	0.01842	0.02167	0.01300	0.00975	0.00975	0.00325	0.01517	0.00758	0.00433	0.01517
24	0.02469	0.02366	0.04037	0.12827	0.51561	0.02420	0.03114	0.03087	0.02303	0.03266	0.01918	0.02563	0.01595	0.00928	0.01017	0.00309	0.01237	0.00914	0.00502	0.01568
25	0.02278	0.02155	0.03648	0.21857	0.39149	0.02283	0.02912	0.02879	0.02229	0.03092	0.02155	0.06765	0.01906	0.01104	0.01039	0.00323	0.01219	0.01051	0.00524	0.01431
26	0.01366	0.01173	0.01186	0.01159	0.01533	0.01059	0.00876	0.01928	0.08436	0.02946	0.09685	0.09185	0.50946	0.02461	0.01194	0.00347	0.00553	0.02051	0.00963	0.00953
27	0.02026	0.01647	0.01889	0.01880	0.02253	0.01816	0.01464	0.03702	0.30284	0.03601	0.04828	0.20326	0.04667	0.02171	0.01195	0.00393	0.00788	0.12795	0.00999	0.01274
28	0.03901	0.02874	0.03080	0.02361	0.03182	0.03182	0.01951	0.54111	0.04825	0.06468	0.02464	0.02464	0.01745	0.01232	0.01027	0.00308	0.01129	0.00924	0.01027	0.01745
29	0.02540	0.02438	0.04165	0.06299	0.57533	0.02438	0.03149	0.03149	0.02337	0.03353	0.01930	0.02540	0.01626	0.00914	0.01016	0.00305	0.01219	0.00914	0.00508	0.01626
30	0.01250	0.00893	0.01191	0.01429	0.01488	0.00834	0.00953	0.01429	0.01965	0.02620	0.05656	0.63265	0.06787	0.03215	0.01310	0.00417	0.00595	0.02917	0.00953	0.00834
31	0.01250	0.00893	0.01191	0.01429	0.01488	0.00834	0.00953	0.01429	0.01965	0.02620	0.05656	0.63265	0.06787	0.03215	0.01310	0.00417	0.00595	0.02917	0.00953	0.00834
32	0.02418	0.36444	0.30638	0.02311	0.03492	0.03265	0.02722	0.03157	0.02124	0.02811	0.01624	0.01893	0.01309	0.00924	0.00809	0.00270	0.01296	0.00648	0.00436	0.01412
33	0.02805	0.02337	0.03214	0.02552	0.03277	0.02484	0.13429	0.13053	0.27596	0.08041	0.03821	0.03742	0.06173	0.01319	0.01090	0.00338	0.01059	0.01191	0.00932	0.01548
34	0.07851	0.02869	0.03238	0.02599	0.03186	0.10146	0.07451	0.23954	0.06275	0.04436	0.02077	0.02392	0.01615	0.01294	0.01560	0.00343	0.15622	0.00904	0.00748	0.01440

[dist]
# distance from previous block
# <min> <max>
0	4

[block]
# block no. 1 follows, 14 sequences, length 81
# corresponding to MSA columns:
# 231-311
name=unknown_B
#
# <colnr> <probs for GDERKNQSTAVLIFYWHMCP>
#	G	D	E	R	K	N	Q	S	T	A	V	L	I	F	Y	W	H	M	C	P
0	0.02578	0.02227	0.07590	0.30110	0.08578	0.02223	0.02463	0.03711	0.13370	0.12698	0.02706	0.03032	0.01949	0.01132	0.01026	0.00335	0.01169	0.00971	0.00721	0.01410
1	0.02368	0.02058	0.02973	0.34105	0.09718	0.02260	0.02380	0.11570	0.02572	0.03499	0.01944	0.02546	0.01487	0.00997	0.00970	0.00293	0.01188	0.00851	0.00591	0.15628
2	0.02058	0.05308	0.58618	0.02925	0.04442	0.02383	0.03792	0.03250	0.02167	0.03250	0.01842	0.02167	0.01300	0.00975	0.00975	0.00325	0.01517	0.00758	0.00433	0.01517
3	0.02540	0.02438	0.04165	0.06299	0.57533	0.02438	0.03149	0.03149	0.02337	0.03353	0.01930	0.02540	0.01626	0.00914	0.01016	0.00305	0.01219	0.00914	0.00508	0.01626
4	0.01619	0.01189	0.01583	0.01780	0.01997	0.01202	0.01458	0.02217	0.06781	0.03051	0.05388	0.25150	0.05913	0.02817	0.01356	0.00447	0.00837	0.33289	0.00955	0.00972
5	0.01601	0.01145	0.01666	0.01627	0.01741	0.01335	0.01226	0.01754	0.01564	0.02231	0.02471	0.03924	0.02401	0.11255	0.38653	0.15712	0.07284	0.01073	0.00526	0.00810
6	0.02232	0.02134	0.03703	0.24881	0.31790	0.02296	0.06316	0.02864	0.02185	0.03013	0.01973	0.02750	0.01612	0.01526	0.06030	0.00435	0.01435	0.00949	0.00494	0.01381
7	0.01233	0.00960	0.01121	0.01250	0.01441	0.00849	0.00873	0.01449	0.02137	0.02690	0.07832	0.38756	0.29892	0.02932	0.01265	0.00385	0.00561	0.02572	0.00953	0.00849
8	0.03083	0.51169	0.04771	0.01841	0.02678	0.08457	0.01742	0.03415	0.02268	0.09815	0.01787	0.01908	0.01479	0.00945	0.00731	0.00236	0.01132	0.00622	0.00557	0.01363
9	0.02875	0.30897	0.12498	0.02765	0.08813	0.09549	0.07725	0.03413	0.02325	0.07620	0.01854	0.02116	0.01479	0.00949	0.00862	0.00270	0.01303	0.00741	0.00536	0.01408
10	0.02384	0.02477	0.03123	0.02690	0.02736	0.08102	0.02222	0.02612	0.01689	0.02473	0.01368	0.02211	0.01345	0.01732	0.03154	0.00433	0.56788	0.00877	0.00456	0.01128
11	0.01258	0.01041	0.01102	0.01087	0.01414	0.00885	0.00815	0.01560	0.02445	0.03025	0.19154	0.09461	0.48201	0.02505	0.01212	0.00342	0.00513	0.02108	0.00986	0.00885
12	0.03908	0.01669	0.02214	0.01747	0.02428	0.01496	0.01423	0.07308	0.03044	0.43902	0.14947	0.04298	0.03976	0.01440	0.01069	0.00318	0.00808	0.01197	0.01226	0.01585
13	0.02009	0.01073	0.01223	0.01144	0.01453	0.01009	0.00872	0.02458	0.02449	0.09575	0.17977	0.05395	0.09966	0.01579	0.00928	0.00280	0.00526	0.01319	0.37731	0.01034
14	0.04525	0.01873	0.02460	0.01886	0.02683	0.01697	0.01558	0.10529	0.03150	0.52416	0.03870	0.03377	0.02451	0.01266	0.01031	0.00316	0.00902	0.01020	0.01243	0.01746
15	0.01427	0.01048	0.01336	0.01264	0.01518	0.00957	0.00948	0.01887	0.02845	0.03973	0.52042	0.07900	0.14722	0.02151	0.01211	0.00325	0.00488	0.01889	0.01111	0.00957
16	0.04604	0.01746	0.02382	0.01826	0.02620	0.01508	0.01508	0.05001	0.02937	0.58244	0.04049	0.03493	0.02540	0.01270	0.01032	0.00318	0.00873	0.01032	0.01270	0.01746
17	0.71184	0.01985	0.01508	0.01350	0.01985	0.02302	0.01111	0.03017	0.01746	0.04604	0.01429	0.01667	0.01111	0.00953	0.00635	0.00318	0.00794	0.00556	0.00635	0.01111
18	0.01275	0.01011	0.01153	0.01227	0.01479	0.00889	0.00905	0.01548	0.02289	0.02868	0.12757	0.24095	0.35901	0.02738	0.01253	0.00372	0.00568	0.05833	0.00967	0.00872
19	0.03155	0.03284	0.02609	0.02323	0.02904	0.24407	0.01789	0.09069	0.31270	0.03799	0.03045	0.02960	0.02325	0.01251	0.00997	0.00313	0.01234	0.00950	0.00846	0.01469
20	0.04385	0.02098	0.02599	0.01993	0.02795	0.02031	0.01646	0.20321	0.03526	0.42093	0.03554	0.03172	0.02292	0.01258	0.01030	0.00315	0.00953	0.00998	0.01194	0.01746
21	0.02744	0.64552	0.05378	0.01756	0.02634	0.04061	0.01756	0.03073	0.02085	0.02414	0.01427	0.01646	0.01317	0.00878	0.00658	0.00219	0.01097	0.00549	0.00439	0.01317
22	0.04604	0.01746	0.02382	0.01826	0.02620	0.01508	0.01508	0.05001	0.02937	0.58244	0.04049	0.03493	0.02540	0.01270	0.01032	0.00318	0.00873	0.01032	0.01270	0.01746
23	0.03381	0.04121	0.02648	0.02487	0.02955	0.47640	0.01914	0.03688	0.02795	0.02628	0.02385	0.03870	0.02274	0.01427	0.01028	0.00308	0.01663	0.11036	0.00615	0.01139
24	0.01216	0.01027	0.01053	0.01073	0.01395	0.00864	0.00794	0.01469	0.02307	0.02759	0.09990	0.14444	0.52811	0.02652	0.01221	0.00353	0.00526	0.02230	0.00953	0.00864
25	0.01250	0.00893	0.01191	0.01429	0.01488	0.00834	0.00953	0.01429	0.01965	0.02620	0.05656	0.63265	0.06787	0.03215	0.01310	0.00417	0.00595	0.02917	0.00953	0.00834
26	0.01352	0.01047	0.01239	0.01240	0.01517	0.00934	0.00943	0.01719	0.02554	0.03347	0.29067	0.12247	0.30047	0.02447	0.01235	0.00352	0.00546	0.06228	0.01026	0.00914
27	0.03833	0.04891	0.02908	0.02644	0.03173	0.59815	0.01983	0.04098	0.02908	0.02512	0.01586	0.01851	0.01322	0.01058	0.00925	0.00264	0.01851	0.00661	0.00529	0.01190
28	0.02339	0.01832	0.02112	0.02035	0.05525	0.01984	0.01459	0.14525	0.15921	0.03842	0.04114	0.05206	0.09063	0.15072	0.06943	0.00588	0.01086	0.04233	0.00862	0.01257
29	0.03105	0.01423	0.01681	0.01408	0.01908	0.01360	0.01124	0.07904	0.02683	0.24634	0.03535	0.03581	0.02519	0.01227	0.00863	0.00275	0.00685	0.00982	0.37778	0.01324
30	0.01938	0.01824	0.03078	0.61468	0.07068	0.02280	0.02850	0.02622	0.02052	0.02622	0.01824	0.02736	0.01368	0.01026	0.01026	0.00342	0.01368	0.00912	0.00456	0.01140
31	0.01286	0.00935	0.01212	0.01369	0.01488	0.00862	0.00941	0.01530	0.02176	0.02919	0.15875	0.48069	0.11647	0.02949	0.01283	0.00393	0.00568	0.02650	0.00986	0.00862
32	0.02646	0.01507	0.02136	0.06015	0.02503	0.01477	0.04203	0.03011	0.02433	0.21719	0.13996	0.05327	0.09656	0.12407	0.01977	0.00451	0.05009	0.01378	0.00942	0.01207
33	0.04604	0.01746	0.02382	0.01826	0.02620	0.01508	0.01508	0.05001	0.02937	0.58244	0.04049	0.03493	0.02540	0.01270	0.01032	0.00318	0.00873	0.01032	0.01270	0.01746
34	0.16700	0.02605	0.05111	0.03707	0.04662	0.02534	0.42864	0.03231	0.02282	0.03561	0.01942	0.02540	0.01465	0.00883	0.01091	0.00340	0.01536	0.01075	0.00543	0.01327
35	0.02051	0.02045	0.03774	0.48106	0.06669	0.02354	0.14765	0.02778	0.02139	0.02778	0.01883	0.02744	0.01412	0.00988	0.01069	0.00343	0.01453	0.00982	0.00471	0.01197
36	0.01644	0.01350	0.01948	0.01847	0.01975	0.01682	0.01452	0.01952	0.01620	0.02374	0.02468	0.03822	0.02375	0.10419	0.43187	0.01331	0.15999	0.01082	0.00532	0.00942
37	0.02278	0.01758	0.05550	0.08565	0.08325	0.01627	0.01758	0.03045	0.09681	0.12579	0.03982	0.24788	0.03858	0.02291	0.04653	0.00439	0.01004	0.01690	0.00867	0.01261
38	0.02078	0.01134	0.01437	0.01379	0.01571	0.01083	0.00933	0.02230	0.01917	0.13851	0.03951	0.19468	0.04136	0.32250	0.07349	0.00762	0.01000	0.01712	0.00831	0.00928
39	0.03223	0.02365	0.03134	0.14728	0.04033	0.07267	0.09198	0.08478	0.13007	0.19307	0.02985	0.03067	0.02099	0.01164	0.01048	0.00327	0.01191	0.01015	0.00867	0.01498
40	0.01468	0.01092	0.01613	0.01613	0.01784	0.01263	0.01238	0.01809	0.01639	0.02356	0.02782	0.04213	0.02644	0.11503	0.56169	0.01605	0.02630	0.01126	0.00555	0.00896
41	0.27751	0.02501	0.03882	0.02900	0.03754	0.02590	0.25617	0.11985	0.02592	0.04318	0.01907	0.02314	0.01427	0.00960	0.00969	0.00329	0.01285	0.00922	0.00649	0.01347
42	0.02029	0.04531	0.46813	0.02684	0.03954	0.02244	0.03273	0.03299	0.07831	0.03297	0.02477	0.08540	0.02051	0.01246	0.01016	0.00337	0.01348	0.01020	0.00551	0.01459
43	0.02086	0.01889	0.02708	0.01996	0.02839	0.01524	0.10290	0.02583	0.02162	0.03257	0.02275	0.08733	0.02086	0.01039	0.00896	0.00214	0.00910	0.00958	0.00629	0.50927
44	0.01433	0.01099	0.01347	0.01429	0.01712	0.01012	0.01167	0.01819	0.02446	0.03126	0.16444	0.10184	0.28099	0.02608	0.01296	0.00394	0.00686	0.21803	0.00980	0.00916
45	0.02128	0.01824	0.02128	0.01520	0.02432	0.01368	0.01216	0.02584	0.02128	0.03344	0.01824	0.02128	0.01520	0.00760	0.00760	0.00152	0.00760	0.00608	0.00608	0.70208
46	0.01452	0.01049	0.01372	0.01291	0.01533	0.00968	0.00968	0.01937	0.02905	0.04115	0.56992	0.07666	0.09683	0.02098	0.01210	0.00323	0.00484	0.01856	0.01130	0.00968
47	0.02179	0.15707	0.49273	0.02720	0.04124	0.02678	0.03434	0.03219	0.02152	0.03103	0.01769	0.02075	0.01303	0.00958	0.00919	0.00306	0.01443	0.00722	0.00434	0.01482
48	0.02700	0.03163	0.05147	0.03833	0.04675	0.14525	0.38533	0.03384	0.02449	0.03055	0.01911	0.02532	0.01490	0.00986	0.01340	0.00338	0.07034	0.01069	0.00515	0.01321
49	0.01250	0.00893	0.01191	0.01429	0.01488	0.00834	0.00953	0.01429	0.01965	0.02620	0.05656	0.63265	0.06787	0.03215	0.01310	0.00417	0.00595	0.02917	0.00953	0.00834
50	0.01452	0.01049	0.01372	0.01291	0.01533	0.00968	0.00968	0.01937	0.02905	0.04115	0.56992	0.07666	0.09683	0.02098	0.01210	0.00323	0.00484	0.01856	0.01130	0.00968
51	0.02148	0.02219	0.04215	0.34721	0.06046	0.02474	0.22166	0.02862	0.02152	0.02862	0.01879	0.02706	0.01438	0.01031	0.01297	0.00353	0.06698	0.01024	0.00479	0.01231
52	0.06947	0.03092	0.14393	0.02388	0.03269	0.05836	0.04881	0.18676	0.09798	0.12704	0.02678	0.02751	0.01923	0.01508	0.04176	0.00390	0.01274	0.00925	0.00839	0.01551
53	0.01331	0.00977	0.01257	0.01383	0.01542	0.00902	0.00995	0.01623	0.02285	0.03055	0.19169	0.37716	0.14081	0.02820	0.01281	0.00389	0.00588	0.06726	0.00997	0.00881
54	0.09150	0.01264	0.01238	0.01146	0.01487	0.01329	0.00888	0.07949	0.02395	0.04185	0.03059	0.03462	0.02382	0.01175	0.00742	0.00254	0.00579	0.00912	0.55346	0.01056
55	0.02744	0.64552	0.05378	0.01756	0.02634	0.04061	0.01756	0.03073	0.02085	0.02414	0.01427	0.01646	0.01317	0.00878	0.00658	0.00219	0.01097	0.00549	0.00439	0.01317
56	0.02532	0.02520	0.03490	0.02825	0.03400	0.06142	0.15237	0.04193	0.27520	0.03547	0.02891	0.03107	0.02246	0.01320	0.01563	0.00363	0.13829	0.01089	0.00754	0.01432
57	0.02450	0.02311	0.03911	0.05852	0.51914	0.02311	0.02998	0.03046	0.02339	0.03324	0.02286	0.03456	0.02060	0.01109	0.01057	0.00322	0.01191	0.05956	0.00552	0.01556
58	0.02422	0.02768	0.06055	0.04325	0.05363	0.02595	0.53806	0.03287	0.02422	0.03287	0.02076	0.02768	0.01557	0.00865	0.01211	0.00346	0.01730	0.01211	0.00519	0.01384
59	0.71184	0.01985	0.01508	0.01350	0.01985	0.02302	0.01111	0.03017	0.01746	0.04604	0.01429	0.01667	0.01111	0.00953	0.00635	0.00318	0.00794	0.00556	0.00635	0.01111
60	0.01466	0.01100	0.01649	0.01649	0.01833	0.01283	0.01283	0.01833	0.01649	0.02382	0.02749	0.04032	0.02566	0.07697	0.59868	0.01649	0.02749	0.01100	0.00550	0.00916
61	0.02553	0.02204	0.02320	0.02088	0.02669	0.02553	0.01624	0.05453	0.55679	0.04293	0.04177	0.03829	0.03133	0.01392	0.01044	0.00348	0.00812	0.01160	0.01044	0.01624
62	0.02422	0.02768	0.06055	0.04325	0.05363	0.02595	0.53806	0.03287	0.02422	0.03287	0.02076	0.02768	0.01557	0.00865	0.01211	0.00346	0.01730	0.01211	0.00519	0.01384
63	0.01486	0.01021	0.01250	0.01250	0.01296	0.01066	0.00785	0.01577	0.01531	0.02087	0.03113	0.06051	0.03442	0.50011	0.18753	0.01157	0.01429	0.01395	0.00604	0.00695
64	0.71184	0.01985	0.01508	0.01350	0.01985	0.02302	0.01111	0.03017	0.01746	0.04604	0.01429	0.01667	0.01111	0.00953	0.00635	0.00318	0.00794	0.00556	0.00635	0.01111
65	0.71184	0.01985	0.01508	0.01350	0.01985	0.02302	0.01111	0.03017	0.01746	0.04604	0.01429	0.01667	0.01111	0.00953	0.00635	0.00318	0.00794	0.00556	0.00635	0.01111
66	0.01516	0.01318	0.02292	0.02085	0.02366	0.01232	0.12920	0.01850	0.02068	0.02771	0.04846	0.49567	0.05603	0.02683	0.01287	0.00401	0.00852	0.02531	0.00854	0.00958
67	0.01938	0.01824	0.03078	0.61468	0.07068	0.02280	0.02850	0.02622	0.02052	0.02622	0.01824	0.02736	0.01368	0.01026	0.01026	0.00342	0.01368	0.00912	0.00456	0.01140
68	0.02128	0.01824	0.02128	0.01520	0.02432	0.01368	0.01216	0.02584	0.02128	0.03344	0.01824	0.02128	0.01520	0.00760	0.00760	0.00152	0.00760	0.00608	0.00608	0.70208
69	0.01485	0.01026	0.01274	0.01274	0.01328	0.01079	0.00815	0.01592	0.01538	0.02105	0.03092	0.05930	0.03390	0.47481	0.21211	0.01186	0.01508	0.01377	0.00601	0.00708
70	0.71184	0.01985	0.01508	0.01350	0.01985	0.02302	0.01111	0.03017	0.01746	0.04604	0.01429	0.01667	0.01111	0.00953	0.00635	0.00318	0.00794	0.00556	0.00635	0.01111
71	0.01680	0.01099	0.01445	0.01330	0.01611	0.01007	0.01007	0.02157	0.02907	0.08016	0.53176	0.07365	0.09168	0.02038	0.01198	0.00322	0.00512	0.01797	0.01140	0.01024
72	0.04047	0.02640	0.02935	0.02250	0.03066	0.02835	0.01859	0.43914	0.04433	0.17219	0.02793	0.02678	0.01910	0.01240	0.01028	0.00310	0.01076	0.00946	0.01077	0.01745
73	0.01359	0.00957	0.01140	0.01241	0.01305	0.00912	0.00779	0.01463	0.01787	0.02344	0.05063	0.30908	0.11044	0.31419	0.03121	0.00678	0.00773	0.02169	0.00799	0.00739
74	0.01250	0.00893	0.01191	0.01429	0.01488	0.00834	0.00953	0.01429	0.01965	0.02620	0.05656	0.63265	0.06787	0.03215	0.01310	0.00417	0.00595	0.02917	0.00953	0.00834
75	0.01455	0.01055	0.01396	0.01396	0.01523	0.01138	0.00988	0.01672	0.01648	0.02266	0.03583	0.05550	0.07642	0.28675	0.34083	0.01290	0.01892	0.01340	0.00611	0.00800
76	0.20102	0.01802	0.02178	0.01715	0.02472	0.01693	0.01416	0.04539	0.02660	0.45758	0.03439	0.03068	0.02208	0.01196	0.00940	0.00318	0.00855	0.00921	0.01122	0.01599
77	0.71184	0.01985	0.01508	0.01350	0.01985	0.02302	0.01111	0.03017	0.01746	0.04604	0.01429	0.01667	0.01111	0.00953	0.00635	0.00318	0.00794	0.00556	0.00635	0.01111
78	0.01796	0.00898	0.01296	0.01296	0.01322	0.00898	0.00873	0.01449	0.01423	0.02000	0.01949	0.03194	0.01873	0.03313	0.03661	0.62717	0.00847	0.00898	0.07795	0.00500
79	0.02711	0.58286	0.05446	0.02017	0.02911	0.03912	0.07035	0.03095	0.02119	0.02503	0.01493	0.01760	0.01341	0.00877	0.00715	0.00232	0.01162	0.00616	0.00447	0.01324
80	0.16536	0.03514	0.26744	0.08660	0.18937	0.02373	0.02974	0.03119	0.02117	0.03505	0.01779	0.02217	0.01357	0.00958	0.00920	0.00319	0.01271	0.00773	0.00498	0.01430

[dist]
# distance from previous block
# <min> <max>
0	2

[block]
# block no. 2 follows, 14 sequences, length 36
# corresponding to MSA columns:
# 314-349
name=unknown_C
#
# <colnr> <probs for GDERKNQSTAVLIFYWHMCP>
#	G	D	E	R	K	N	Q	S	T	A	V	L	I	F	Y	W	H	M	C	P
0	0.71184	0.01985	0.01508	0.01350	0.01985	0.02302	0.01111	0.03017	0.01746	0.04604	0.01429	0.01667	0.01111	0.00953	0.00635	0.00318	0.00794	0.00556	0.00635	0.01111
1	0.01492	0.00995	0.01119	0.01119	0.01119	0.00995	0.00622	0.01492	0.01492	0.01990	0.03233	0.06716	0.03731	0.63935	0.05223	0.00995	0.00995	0.01492	0.00622	0.00622
2	0.02422	0.02768	0.06055	0.04325	0.05363	0.02595	0.53806	0.03287	0.02422	0.03287	0.02076	0.02768	0.01557	0.00865	0.01211	0.00346	0.01730	0.01211	0.00519	0.01384
3	0.01250	0.00893	0.01191	0.01429	0.01488	0.00834	0.00953	0.01429	0.01965	0.02620	0.05656	0.63265	0.06787	0.03215	0.01310	0.00417	0.00595	0.02917	0.00953	0.00834
4	0.01468	0.01090	0.01602	0.01602	0.01769	0.01257	0.01224	0.01802	0.01635	0.02347	0.02792	0.04270	0.02669	0.12697	0.55010	0.01591	0.02593	0.01134	0.00556	0.00890
5	0.02406	0.02720	0.05788	0.04176	0.05118	0.02645	0.49074	0.03212	0.02344	0.03212	0.02009	0.02720	0.01538	0.00951	0.01409	0.00355	0.07267	0.01182	0.00513	0.01360
6	0.03901	0.02874	0.03080	0.02361	0.03182	0.03182	0.01951	0.54111	0.04825	0.06468	0.02464	0.02464	0.01745	0.01232	0.01027	0.00308	0.01129	0.00924	0.01027	0.01745
7	0.02620	0.53862	0.14985	0.01967	0.02960	0.03758	0.02123	0.03105	0.02100	0.02565	0.01502	0.01740	0.01314	0.00895	0.00716	0.00239	0.01173	0.00587	0.00438	0.01353
8	0.02128	0.01824	0.02128	0.01520	0.02432	0.01368	0.01216	0.02584	0.02128	0.03344	0.01824	0.02128	0.01520	0.00760	0.00760	0.00152	0.00760	0.00608	0.00608	0.70208
9	0.03980	0.02747	0.03001	0.02301	0.03119	0.02993	0.01901	0.48563	0.04612	0.12317	0.02643	0.02580	0.01835	0.01236	0.01027	0.00309	0.01100	0.00936	0.01054	0.01745
10	0.71184	0.01985	0.01508	0.01350	0.01985	0.02302	0.01111	0.03017	0.01746	0.04604	0.01429	0.01667	0.01111	0.00953	0.00635	0.00318	0.00794	0.00556	0.00635	0.01111
11	0.03833	0.04891	0.02908	0.02644	0.03173	0.59815	0.01983	0.04098	0.02908	0.02512	0.01586	0.01851	0.01322	0.01058	0.00925	0.00264	0.01851	0.00661	0.00529	0.01190
12	0.01468	0.01090	0.01602	0.01602	0.01769	0.01257	0.01224	0.01802	0.01635	0.02347	0.02792	0.04269	0.02669	0.12683	0.55023	0.01591	0.02593	0.01134	0.00556	0.00890
13	0.34870	0.02296	0.02212	0.01820	0.02526	0.02569	0.01490	0.21027	0.08995	0.09576	0.02309	0.02334	0.01674	0.01124	0.00848	0.00318	0.00918	0.00789	0.00868	0.01439
14	0.51648	0.01915	0.01765	0.01489	0.02171	0.02069	0.01228	0.03599	0.02096	0.20344	0.02198	0.02203	0.01531	0.01046	0.00752	0.00318	0.00817	0.00695	0.00821	0.01298
15	0.01783	0.00891	0.01337	0.01337	0.01337	0.00891	0.00891	0.01337	0.01337	0.01783	0.01783	0.03119	0.01783	0.03565	0.04011	0.70143	0.00891	0.00891	0.00446	0.00446
16	0.02541	0.02419	0.04015	0.05956	0.53067	0.02448	0.03025	0.03337	0.06679	0.03429	0.02113	0.02645	0.01748	0.00953	0.01018	0.00308	0.01186	0.00934	0.00552	0.01625
17	0.04604	0.01746	0.02382	0.01826	0.02620	0.01508	0.01508	0.05001	0.02937	0.58244	0.04049	0.03493	0.02540	0.01270	0.01032	0.00318	0.00873	0.01032	0.01270	0.01746
18	0.02679	0.01866	0.02121	0.01865	0.02408	0.02013	0.01458	0.04593	0.34479	0.13989	0.15846	0.04618	0.04476	0.01526	0.01079	0.00337	0.00751	0.01291	0.01104	0.01501
19	0.04498	0.01916	0.02487	0.01906	0.02704	0.01760	0.01575	0.12391	0.03221	0.50453	0.03810	0.03338	0.02421	0.01264	0.01031	0.00316	0.00912	0.01016	0.01233	0.01746
20	0.01231	0.01040	0.01064	0.01058	0.01397	0.00874	0.00794	0.01507	0.02381	0.02872	0.13871	0.09711	0.53580	0.02562	0.01213	0.00345	0.00517	0.02143	0.00966	0.00874
21	0.71184	0.01985	0.01508	0.01350	0.01985	0.02302	0.01111	0.03017	0.01746	0.04604	0.01429	0.01667	0.01111	0.00953	0.00635	0.00318	0.00794	0.00556	0.00635	0.01111
22	0.10437	0.02123	0.02363	0.01876	0.02626	0.08166	0.01527	0.04723	0.02828	0.47179	0.03537	0.03145	0.02276	0.01218	0.00985	0.00312	0.00977	0.00948	0.01130	0.01627
23	0.18756	0.03884	0.02629	0.02306	0.02911	0.36863	0.01784	0.12884	0.02997	0.03689	0.01710	0.01921	0.01352	0.01066	0.00879	0.00284	0.01487	0.00685	0.00642	0.01273
24	0.02790	0.02300	0.03115	0.02784	0.06415	0.02918	0.02176	0.10856	0.02284	0.09453	0.01865	0.02440	0.01563	0.01590	0.02582	0.00403	0.41589	0.00918	0.00636	0.01324
25	0.02422	0.02768	0.06055	0.04325	0.05363	0.02595	0.53806	0.03287	0.02422	0.03287	0.02076	0.02768	0.01557	0.00865	0.01211	0.00346	0.01730	0.01211	0.00519	0.01384
26	0.04525	0.01874	0.02460	0.01886	0.02683	0.01697	0.01558	0.10549	0.03150	0.52395	0.03870	0.03377	0.02450	0.01266	0.01031	0.00316	0.00902	0.01020	0.01243	0.01746
27	0.04604	0.01746	0.02382	0.01826	0.02620	0.01508	0.01508	0.05001	0.02937	0.58244	0.04049	0.03493	0.02540	0.01270	0.01032	0.00318	0.00873	0.01032	0.01270	0.01746
28	0.02816	0.02738	0.03063	0.13215	0.03756	0.15249	0.05558	0.03655	0.11531	0.07836	0.02266	0.02667	0.01776	0.01315	0.01650	0.00353	0.17680	0.00926	0.00649	0.01301
29	0.03943	0.03857	0.02906	0.02456	0.03113	0.34175	0.01918	0.21026	0.03556	0.10139	0.02160	0.02242	0.01602	0.01140	0.00971	0.00285	0.01498	0.00791	0.00780	0.01439
30	0.01331	0.00996	0.01244	0.01340	0.01534	0.00909	0.00979	0.01637	0.02340	0.03091	0.20276	0.30859	0.19779	0.02736	0.01270	0.00380	0.00580	0.06834	0.00998	0.00887
31	0.01250	0.00893	0.01191	0.01429	0.01488	0.00834	0.00953	0.01429	0.01965	0.02620	0.05656	0.63265	0.06787	0.03215	0.01310	0.00417	0.00595	0.02917	0.00953	0.00834
32	0.02509	0.02525	0.04662	0.05781	0.43833	0.02479	0.16452	0.03186	0.02359	0.03335	0.01969	0.02600	0.01608	0.00901	0.01067	0.00316	0.01353	0.00992	0.00511	0.01562
33	0.21185	0.02371	0.02615	0.02113	0.02836	0.02615	0.05065	0.20901	0.16672	0.09426	0.02732	0.02707	0.01985	0.01178	0.00941	0.00324	0.00979	0.00915	0.00914	0.01524
34	0.02493	0.42921	0.24816	0.02183	0.03294	0.03448	0.02499	0.03138	0.02115	0.02719	0.01578	0.01836	0.01311	0.00913	0.00774	0.00258	0.01251	0.00625	0.00437	0.01390
35	0.01476	0.01061	0.01453	0.01453	0.01569	0.01176	0.01039	0.01707	0.01591	0.02237	0.02928	0.05023	0.02996	0.28478	0.39676	0.01407	0.02101	0.01245	0.00576	0.00807

[dist]
# distance from previous block
# <min> <max>
0	14

[block]
# block no. 3 follows, 14 sequences, length 8
# corresponding to MSA columns:
# 364-371
name=unknown_D
#
# <colnr> <probs for GDERKNQSTAVLIFYWHMCP>
#	G	D	E	R	K	N	Q	S	T	A	V	L	I	F	Y	W	H	M	C	P
0	0.02476	0.02373	0.04049	0.12193	0.52142	0.02421	0.03117	0.03093	0.02306	0.03275	0.01919	0.02561	0.01598	0.00926	0.01017	0.00309	0.01235	0.00914	0.00502	0.01574
1	0.01409	0.01047	0.01312	0.01246	0.01507	0.00950	0.00934	0.01853	0.02803	0.03874	0.48617	0.08063	0.18209	0.02188	0.01211	0.00327	0.00491	0.01912	0.01098	0.00950
2	0.01293	0.00924	0.01240	0.01478	0.01557	0.00871	0.01028	0.01503	0.02007	0.02668	0.05632	0.57743	0.06693	0.03174	0.01321	0.00423	0.00633	0.08014	0.00952	0.00845
3	0.03465	0.02421	0.03436	0.09292	0.12694	0.02514	0.08015	0.23264	0.03418	0.17082	0.02629	0.02776	0.01847	0.01125	0.01047	0.00318	0.01178	0.00978	0.00880	0.01622
4	0.02520	0.02493	0.04478	0.05973	0.48906	0.02464	0.11526	0.03172	0.02351	0.03342	0.01954	0.02578	0.01614	0.00906	0.01048	0.00312	0.01304	0.00963	0.00510	0.01586
5	0.02935	0.02395	0.02536	0.02166	0.02814	0.02731	0.01717	0.19265	0.41244	0.04910	0.03691	0.03441	0.02739	0.01347	0.01039	0.00337	0.00902	0.01093	0.01039	0.01659
6	0.01654	0.01181	0.01654	0.01890	0.02126	0.01181	0.01654	0.02126	0.02362	0.03071	0.05433	0.11576	0.05906	0.02835	0.01417	0.00472	0.00945	0.50626	0.00945	0.00945
7	0.02744	0.64552	0.05378	0.01756	0.02634	0.04061	0.01756	0.03073	0.02085	0.02414	0.01427	0.01646	0.01317	0.00878	0.00658	0.00219	0.01097	0.00549	0.00439	0.01317

[dist]
# distance from previous block
# <min> <max>
0	1

[block]
# block no. 4 follows, 14 sequences, length 17
# corresponding to MSA columns:
# 373-389
name=unknown_E
#
# <colnr> <probs for GDERKNQSTAVLIFYWHMCP>
#	G	D	E	R	K	N	Q	S	T	A	V	L	I	F	Y	W	H	M	C	P
0	0.02541	0.01946	0.02165	0.01963	0.02495	0.02163	0.01549	0.04733	0.40354	0.09079	0.09731	0.04931	0.04018	0.01591	0.01096	0.00355	0.00797	0.05927	0.01064	0.01503
1	0.02999	0.02680	0.03050	0.02458	0.03158	0.08520	0.09113	0.21168	0.20398	0.04563	0.03610	0.03576	0.07297	0.01341	0.01065	0.00325	0.01130	0.01130	0.00902	0.01516
2	0.01250	0.00893	0.01191	0.01429	0.01488	0.00834	0.00953	0.01429	0.01965	0.02620	0.05656	0.63265	0.06787	0.03215	0.01310	0.00417	0.00595	0.02917	0.00953	0.00834
3	0.02617	0.01903	0.02142	0.01924	0.02447	0.02050	0.01534	0.13039	0.23669	0.09371	0.04754	0.10903	0.08614	0.01844	0.01134	0.00362	0.00847	0.08401	0.01031	0.01415
4	0.02343	0.02299	0.07619	0.01792	0.02722	0.01760	0.01574	0.08222	0.07294	0.03744	0.02106	0.02321	0.01669	0.00887	0.00834	0.00202	0.00875	0.00705	0.00674	0.50357
5	0.02543	0.47227	0.20947	0.02098	0.03163	0.03570	0.02351	0.03125	0.02109	0.02659	0.01548	0.01798	0.01312	0.00906	0.00751	0.00250	0.01220	0.00610	0.00437	0.01375
6	0.02724	0.02787	0.03987	0.05779	0.49804	0.10597	0.02984	0.03284	0.02418	0.03233	0.01881	0.02442	0.01582	0.00935	0.01003	0.00299	0.01309	0.00878	0.00511	0.01564
7	0.01397	0.01047	0.01294	0.01232	0.01499	0.00944	0.00924	0.01828	0.02773	0.03802	0.46116	0.08182	0.20754	0.02215	0.01211	0.00328	0.00492	0.01928	0.01088	0.00944
8	0.02058	0.05308	0.58618	0.02925	0.04442	0.02383	0.03792	0.03250	0.02167	0.03250	0.01842	0.02167	0.01300	0.00975	0.00975	0.00325	0.01517	0.00758	0.00433	0.01517
9	0.01426	0.01019	0.01393	0.01630	0.01767	0.00985	0.01258	0.01733	0.02138	0.02817	0.05559	0.40720	0.06403	0.03049	0.01357	0.00441	0.00748	0.23726	0.00949	0.00882
10	0.02960	0.01584	0.01918	0.01626	0.02113	0.01539	0.01260	0.12632	0.02898	0.21906	0.09160	0.12855	0.06329	0.08134	0.01498	0.00394	0.00803	0.01451	0.07627	0.01310
11	0.02173	0.03014	0.20844	0.02279	0.03090	0.02245	0.02275	0.04005	0.27234	0.03568	0.03120	0.03318	0.02413	0.02504	0.12684	0.00598	0.01430	0.01015	0.00744	0.01448
12	0.01259	0.00959	0.01159	0.01284	0.01459	0.00859	0.00896	0.01497	0.02189	0.02827	0.12604	0.39517	0.24009	0.02891	0.01267	0.00383	0.00558	0.02554	0.00971	0.00859
13	0.03621	0.02889	0.02801	0.02283	0.03000	0.10921	0.01832	0.30268	0.17064	0.10203	0.02915	0.02813	0.02105	0.01251	0.01017	0.00313	0.01129	0.00956	0.00983	0.01636
14	0.01892	0.01624	0.02634	0.28049	0.14884	0.01831	0.02190	0.02314	0.01941	0.02604	0.02413	0.08758	0.02292	0.08096	0.07329	0.07054	0.01319	0.01167	0.00535	0.01072
15	0.03090	0.34734	0.04447	0.02295	0.03079	0.17861	0.06692	0.08353	0.05215	0.03001	0.01762	0.01988	0.01471	0.00981	0.00832	0.00257	0.01336	0.00705	0.00555	0.01347
16	0.02846	0.14587	0.12985	0.02522	0.08540	0.07870	0.02119	0.07895	0.02567	0.11498	0.02678	0.10989	0.02357	0.01333	0.00964	0.00299	0.01136	0.01081	0.00714	0.05019

[dist]
# distance from previous block
# <min> <max>
4	6

[block]
# block no. 5 follows, 14 sequences, length 6
# corresponding to MSA columns:
# 396-401
name=unknown_F
#
# <colnr> <probs for GDERKNQSTAVLIFYWHMCP>
#	G	D	E	R	K	N	Q	S	T	A	V	L	I	F	Y	W	H	M	C	P
0	0.02113	0.01747	0.01706	0.01575	0.01944	0.07345	0.01195	0.08235	0.09275	0.03855	0.19436	0.11721	0.11848	0.01860	0.01078	0.00319	0.00749	0.01566	0.11308	0.01126
1	0.02129	0.01736	0.06069	0.02028	0.02470	0.01596	0.07824	0.02544	0.01997	0.10929	0.03382	0.04417	0.06722	0.13139	0.23406	0.00922	0.05693	0.01210	0.00682	0.01104
2	0.02190	0.01920	0.02822	0.25203	0.14129	0.02248	0.02293	0.03199	0.12122	0.03234	0.02465	0.03019	0.01933	0.01178	0.01219	0.00332	0.07260	0.00964	0.10979	0.01290
3	0.01397	0.01054	0.01318	0.01442	0.01672	0.00975	0.01132	0.01736	0.02330	0.03002	0.13437	0.22513	0.22687	0.02757	0.01303	0.00401	0.00673	0.18301	0.00972	0.00897
4	0.02185	0.01341	0.01710	0.01589	0.01890	0.01360	0.01182	0.08556	0.02422	0.11471	0.09621	0.19164	0.04456	0.12760	0.14701	0.00737	0.01225	0.01658	0.00890	0.01083
5	0.12309	0.06065	0.17091	0.08471	0.03173	0.02025	0.02069	0.02890	0.08892	0.03289	0.03161	0.20077	0.03108	0.01676	0.01018	0.00349	0.01010	0.01411	0.00696	0.01219

[dist]
# distance from previous block
# <min> <max>
0	33

# created by:
# /st0/software/busco_prod/Augustus/scripts/msa2prfl.pl ./align_prep/3914.fa
