[name]
unknown

[dist]
# distance from previous block
# <min> <max>
0	169

[block]
# block no. 0 follows, 11 sequences, length 32
# corresponding to MSA columns:
# 267-298
name=unknown_A
#
# <colnr> <probs for GDERKNQSTAVLIFYWHMCP>
#	G	D	E	R	K	N	Q	S	T	A	V	L	I	F	Y	W	H	M	C	P
0	0.02401	0.02270	0.10554	0.02201	0.02843	0.01723	0.04550	0.03316	0.09209	0.11214	0.05323	0.19602	0.09455	0.02261	0.01291	0.00410	0.01009	0.08015	0.00993	0.01360
1	0.01925	0.01591	0.01873	0.01533	0.02191	0.01263	0.01176	0.02348	0.02460	0.03561	0.11088	0.13299	0.11976	0.01768	0.01073	0.00271	0.00722	0.01514	0.00863	0.37504
2	0.03386	0.21390	0.04314	0.02561	0.03425	0.07405	0.06862	0.17599	0.13894	0.04502	0.02637	0.02729	0.02040	0.01212	0.01016	0.00318	0.01278	0.00951	0.00830	0.01652
3	0.15271	0.18702	0.09769	0.02346	0.03356	0.02829	0.08423	0.03620	0.02413	0.10529	0.02174	0.02401	0.01654	0.01027	0.00913	0.00296	0.01199	0.00811	0.00686	0.11579
4	0.02744	0.04380	0.32643	0.03166	0.04492	0.02563	0.10714	0.04175	0.10022	0.09915	0.02748	0.02938	0.01944	0.01159	0.01130	0.00363	0.01497	0.01015	0.00705	0.01689
5	0.02845	0.44061	0.05054	0.10513	0.03638	0.03929	0.02090	0.03651	0.08987	0.02964	0.02043	0.02315	0.01725	0.01065	0.00842	0.00281	0.01206	0.00754	0.00575	0.01461
6	0.01407	0.01014	0.01383	0.01604	0.01690	0.00990	0.01100	0.01635	0.02102	0.02833	0.05716	0.51253	0.06736	0.04278	0.09781	0.00664	0.01014	0.02895	0.00977	0.00928
7	0.02143	0.01441	0.01983	0.09380	0.02776	0.01511	0.01538	0.02471	0.02352	0.10735	0.05704	0.29701	0.12584	0.02604	0.01563	0.00421	0.06753	0.02223	0.00967	0.01152
8	0.01862	0.01542	0.02142	0.01999	0.02093	0.01921	0.01536	0.02121	0.01742	0.02536	0.02699	0.04572	0.02738	0.19242	0.28596	0.01253	0.18578	0.01247	0.00590	0.00992
9	0.02257	0.05822	0.54613	0.03208	0.04871	0.02614	0.04158	0.03564	0.02376	0.03564	0.02020	0.02376	0.01426	0.01069	0.01069	0.00356	0.01663	0.00832	0.00475	0.01663
10	0.02257	0.05822	0.54613	0.03208	0.04871	0.02614	0.04158	0.03564	0.02376	0.03564	0.02020	0.02376	0.01426	0.01069	0.01069	0.00356	0.01663	0.00832	0.00475	0.01663
11	0.02422	0.04525	0.31250	0.11218	0.04632	0.10894	0.03232	0.03342	0.02513	0.03258	0.03253	0.03571	0.08480	0.01336	0.01105	0.00352	0.01548	0.01051	0.00574	0.01445
12	0.01471	0.01056	0.01395	0.01499	0.01655	0.00981	0.01053	0.01817	0.02618	0.03610	0.27159	0.36653	0.08871	0.02976	0.01388	0.00411	0.00598	0.02676	0.01132	0.00981
13	0.02378	0.01236	0.01663	0.01686	0.01972	0.01117	0.01212	0.02640	0.02447	0.16923	0.05721	0.44415	0.06169	0.02942	0.01353	0.00427	0.00736	0.02634	0.01140	0.01188
14	0.02210	0.02166	0.03898	0.49265	0.07453	0.02556	0.10515	0.02992	0.02315	0.02992	0.02045	0.03006	0.01534	0.01097	0.01158	0.00376	0.01564	0.01053	0.00511	0.01293
15	0.03995	0.03968	0.02977	0.02601	0.03267	0.30530	0.02007	0.09638	0.14824	0.10691	0.02881	0.02859	0.02150	0.01298	0.01073	0.00325	0.01532	0.00940	0.00881	0.01564
16	0.02334	0.02001	0.02334	0.01667	0.02667	0.01500	0.01334	0.02834	0.02334	0.03668	0.02001	0.02334	0.01667	0.00834	0.00834	0.00167	0.00834	0.00667	0.00667	0.67325
17	0.01976	0.06481	0.02460	0.07655	0.02725	0.02038	0.01704	0.02404	0.01957	0.02874	0.02643	0.03725	0.02369	0.05097	0.30161	0.01117	0.10837	0.01079	0.09591	0.01108
18	0.03302	0.20249	0.09009	0.02300	0.03132	0.13317	0.02093	0.12691	0.03262	0.06848	0.10230	0.03255	0.03079	0.01327	0.01014	0.00306	0.01296	0.00990	0.00800	0.01498
19	0.01895	0.02042	0.10117	0.01878	0.02360	0.01507	0.01662	0.07052	0.02899	0.04031	0.22582	0.25512	0.07098	0.02452	0.01305	0.00390	0.00829	0.02161	0.01035	0.01192
20	0.02514	0.12815	0.19186	0.15895	0.17384	0.02918	0.07188	0.03360	0.02405	0.03300	0.01989	0.02578	0.01558	0.01038	0.01059	0.00338	0.01493	0.00916	0.00510	0.01556
21	0.02633	0.01393	0.01901	0.01853	0.02254	0.01291	0.01504	0.03069	0.02787	0.18177	0.13060	0.18230	0.06252	0.02561	0.01374	0.00431	0.00861	0.17925	0.01174	0.01272
22	0.01955	0.00978	0.01466	0.01466	0.01466	0.00978	0.00978	0.01466	0.01466	0.01955	0.01955	0.03421	0.01955	0.03910	0.04399	0.67253	0.00978	0.00978	0.00489	0.00489
23	0.02323	0.10929	0.02246	0.01549	0.01993	0.01860	0.01221	0.03053	0.09095	0.07713	0.07691	0.11527	0.10675	0.07905	0.01543	0.00411	0.00799	0.01557	0.14692	0.01219
24	0.02366	0.11152	0.03952	0.41074	0.14311	0.02827	0.02995	0.03044	0.02306	0.02969	0.01952	0.02784	0.01537	0.01081	0.01062	0.00348	0.01429	0.00940	0.00506	0.01365
25	0.01608	0.01206	0.01809	0.01809	0.02010	0.01407	0.01407	0.02010	0.01809	0.02613	0.03015	0.04422	0.02814	0.08441	0.55984	0.01809	0.03015	0.01206	0.00603	0.01005
26	0.01389	0.01051	0.01284	0.01420	0.01606	0.00945	0.00991	0.01658	0.02418	0.03147	0.14115	0.38184	0.21401	0.03158	0.01390	0.00420	0.00612	0.02796	0.01071	0.00945
27	0.02807	0.35935	0.10011	0.02898	0.03898	0.03776	0.15431	0.03404	0.02357	0.02997	0.01796	0.02246	0.01519	0.01041	0.01138	0.00308	0.05611	0.00853	0.00506	0.01468
28	0.04504	0.01784	0.02391	0.01879	0.02610	0.01564	0.01499	0.04870	0.02968	0.45885	0.04297	0.04396	0.02995	0.10835	0.01867	0.00467	0.00979	0.01213	0.01279	0.01718
29	0.01848	0.01636	0.02543	0.27189	0.09692	0.01811	0.02195	0.02355	0.02303	0.02983	0.04697	0.20989	0.11164	0.02088	0.01248	0.00396	0.01090	0.01863	0.00751	0.01160
30	0.02734	0.11193	0.03591	0.03639	0.20729	0.02469	0.02216	0.03596	0.08505	0.07464	0.10591	0.03719	0.03400	0.01273	0.01055	0.00307	0.01038	0.01103	0.00801	0.10576
31	0.10177	0.13852	0.11132	0.09886	0.03935	0.03024	0.02364	0.16332	0.03223	0.12166	0.02443	0.02611	0.01760	0.01181	0.00999	0.00330	0.01250	0.00885	0.00821	0.01628

[dist]
# distance from previous block
# <min> <max>
0	10

[block]
# block no. 1 follows, 11 sequences, length 41
# corresponding to MSA columns:
# 309-349
name=unknown_B
#
# <colnr> <probs for GDERKNQSTAVLIFYWHMCP>
#	G	D	E	R	K	N	Q	S	T	A	V	L	I	F	Y	W	H	M	C	P
0	0.04284	0.09398	0.03263	0.02183	0.03087	0.02657	0.01839	0.21475	0.03805	0.26135	0.03239	0.03040	0.02205	0.01278	0.01055	0.00316	0.01081	0.00984	0.01122	0.07553
1	0.03318	0.07684	0.03243	0.08386	0.03614	0.02858	0.01980	0.26752	0.03882	0.05290	0.05364	0.02914	0.02291	0.01229	0.01035	0.00295	0.01129	0.00957	0.00901	0.16877
2	0.03702	0.01997	0.02415	0.01954	0.02677	0.01913	0.01563	0.12154	0.07433	0.25233	0.03999	0.10138	0.03117	0.01575	0.01102	0.00333	0.00912	0.01305	0.06881	0.09598
3	0.02146	0.01789	0.02419	0.14973	0.09502	0.01898	0.01882	0.03103	0.10807	0.03481	0.04186	0.09367	0.08486	0.06065	0.01460	0.00402	0.00994	0.01416	0.08596	0.07029
4	0.02838	0.08843	0.04049	0.24327	0.25140	0.02688	0.02951	0.03474	0.02496	0.09255	0.02288	0.02879	0.01761	0.01089	0.01077	0.00340	0.01337	0.00973	0.00627	0.01566
5	0.01995	0.01824	0.03017	0.48003	0.06691	0.02226	0.02765	0.02649	0.02234	0.02875	0.02729	0.12831	0.02531	0.01541	0.01179	0.00389	0.01353	0.01381	0.00595	0.01192
6	0.01712	0.01367	0.02024	0.11468	0.02905	0.01598	0.01620	0.02082	0.01920	0.02658	0.03361	0.13989	0.03459	0.12088	0.27886	0.01161	0.05477	0.01553	0.00664	0.01007
7	0.01681	0.01291	0.01578	0.01700	0.01928	0.01298	0.01243	0.02464	0.10852	0.03385	0.09882	0.36665	0.10895	0.02981	0.01382	0.00436	0.00720	0.07451	0.01076	0.01092
8	0.01522	0.01224	0.01377	0.01457	0.01734	0.01154	0.01045	0.02112	0.08176	0.03168	0.08402	0.30659	0.27902	0.02979	0.01353	0.00413	0.00643	0.02592	0.01057	0.01033
9	0.01763	0.01396	0.01950	0.01865	0.01982	0.01683	0.01412	0.02040	0.01752	0.02524	0.02879	0.04803	0.02895	0.20061	0.34607	0.01405	0.12141	0.01273	0.00603	0.00965
10	0.02257	0.05822	0.54613	0.03208	0.04871	0.02614	0.04158	0.03564	0.02376	0.03564	0.02020	0.02376	0.01426	0.01069	0.01069	0.00356	0.01663	0.00832	0.00475	0.01663
11	0.02126	0.02001	0.03376	0.57739	0.07752	0.02501	0.03126	0.02876	0.02251	0.02876	0.02001	0.03001	0.01500	0.01125	0.01125	0.00375	0.01500	0.01000	0.00500	0.01250
12	0.12486	0.02055	0.02566	0.01992	0.02845	0.01919	0.01645	0.09122	0.03249	0.44228	0.03947	0.03494	0.02524	0.01348	0.01080	0.00347	0.00972	0.01060	0.01287	0.01833
13	0.01450	0.01097	0.01337	0.01378	0.01619	0.00985	0.00995	0.01809	0.02699	0.03593	0.26800	0.24144	0.22351	0.02824	0.01360	0.00392	0.00578	0.02478	0.01124	0.00985
14	0.02626	0.02659	0.08466	0.26150	0.23454	0.02544	0.07304	0.03390	0.02478	0.06872	0.02239	0.02930	0.01704	0.01079	0.01135	0.00357	0.01453	0.01025	0.00587	0.01548
15	0.04010	0.02236	0.03020	0.02711	0.07306	0.02381	0.02040	0.07774	0.07157	0.30438	0.03451	0.03380	0.02395	0.01501	0.01720	0.00382	0.14198	0.01091	0.01074	0.01735
16	0.02513	0.02747	0.02065	0.02104	0.02377	0.23089	0.01500	0.02747	0.02572	0.02825	0.04404	0.36460	0.05028	0.02572	0.01267	0.00390	0.01208	0.02202	0.00857	0.01072
17	0.02636	0.01991	0.02365	0.01704	0.02690	0.01518	0.01369	0.03129	0.02433	0.09292	0.02272	0.02501	0.01792	0.00896	0.00867	0.00187	0.00847	0.00719	0.00748	0.60045
18	0.44629	0.02217	0.02348	0.02580	0.11109	0.02543	0.01733	0.03177	0.02102	0.04511	0.05532	0.02563	0.02057	0.01236	0.01150	0.00362	0.07327	0.00827	0.00691	0.01306
19	0.04279	0.03153	0.03378	0.02590	0.03490	0.03490	0.02139	0.49671	0.05292	0.07093	0.02702	0.02702	0.01914	0.01351	0.01126	0.00338	0.01239	0.01013	0.01126	0.01914
20	0.01698	0.01344	0.02080	0.11504	0.03005	0.01596	0.01705	0.02160	0.01885	0.02658	0.02839	0.04175	0.02586	0.07173	0.46475	0.01560	0.02752	0.01170	0.00585	0.01047
21	0.03032	0.03141	0.04329	0.06214	0.44766	0.11905	0.03232	0.03635	0.02671	0.03517	0.02052	0.02655	0.01725	0.01030	0.01097	0.00327	0.01457	0.00955	0.00561	0.01700
22	0.01371	0.00979	0.01306	0.01567	0.01632	0.00914	0.01045	0.01567	0.02155	0.02873	0.06203	0.59710	0.07444	0.03526	0.01437	0.00457	0.00653	0.03200	0.01045	0.00914
23	0.01955	0.00978	0.01466	0.01466	0.01466	0.00978	0.00978	0.01466	0.01466	0.01955	0.01955	0.03421	0.01955	0.03910	0.04399	0.67253	0.00978	0.00978	0.00489	0.00489
24	0.01891	0.01643	0.02342	0.02201	0.02302	0.02094	0.01744	0.02198	0.01837	0.02694	0.02985	0.13263	0.03110	0.05138	0.26720	0.01076	0.23581	0.01468	0.00638	0.01075
25	0.03813	0.01842	0.02665	0.17775	0.04067	0.01828	0.01958	0.04287	0.02757	0.33431	0.03640	0.04013	0.02575	0.08312	0.01675	0.00444	0.01128	0.01154	0.01055	0.01580
26	0.01608	0.01206	0.01809	0.01809	0.02010	0.01407	0.01407	0.02010	0.01809	0.02613	0.03015	0.04422	0.02814	0.08441	0.55984	0.01809	0.03015	0.01206	0.00603	0.01005
27	0.01371	0.00979	0.01306	0.01567	0.01632	0.00914	0.01045	0.01567	0.02155	0.02873	0.06203	0.59710	0.07444	0.03526	0.01437	0.00457	0.00653	0.03200	0.01045	0.00914
28	0.02531	0.02277	0.03397	0.20748	0.12071	0.02532	0.06504	0.07008	0.15398	0.04021	0.08781	0.03902	0.03171	0.01351	0.01170	0.00366	0.01219	0.01223	0.00813	0.01514
29	0.02205	0.04982	0.45401	0.02906	0.04281	0.02330	0.03607	0.03201	0.02219	0.03285	0.02009	0.02557	0.01518	0.01562	0.01646	0.11952	0.01545	0.00857	0.00478	0.01460
30	0.02126	0.02001	0.03376	0.57739	0.07752	0.02501	0.03126	0.02876	0.02251	0.02876	0.02001	0.03001	0.01500	0.01125	0.01125	0.00375	0.01500	0.01000	0.00500	0.01250
31	0.02317	0.01609	0.02493	0.17350	0.03853	0.01688	0.05432	0.02902	0.02572	0.09154	0.09587	0.09586	0.04260	0.01825	0.01202	0.00381	0.01045	0.09098	0.12420	0.01226
32	0.02600	0.03786	0.17219	0.08921	0.04112	0.16149	0.06660	0.03301	0.02645	0.03247	0.06287	0.10525	0.03209	0.01625	0.01183	0.00367	0.01514	0.04641	0.00678	0.01332
33	0.04062	0.02576	0.07331	0.14991	0.04220	0.06715	0.02255	0.04632	0.02923	0.33501	0.03433	0.03356	0.02255	0.01283	0.01115	0.00350	0.01238	0.01040	0.01037	0.01687
34	0.09730	0.08027	0.02067	0.01583	0.01974	0.01738	0.01236	0.02642	0.06953	0.04102	0.28769	0.15420	0.07309	0.02148	0.01188	0.00361	0.00699	0.01842	0.01049	0.01160
35	0.02240	0.02117	0.03583	0.48928	0.15669	0.02531	0.03183	0.02976	0.02305	0.03015	0.02021	0.02963	0.01549	0.01104	0.01123	0.00368	0.01472	0.01001	0.00510	0.01343
36	0.39921	0.17637	0.02919	0.01737	0.02493	0.03077	0.01501	0.03788	0.10589	0.04362	0.02089	0.02233	0.01662	0.01107	0.00781	0.00326	0.00961	0.00722	0.00718	0.01375
37	0.02689	0.01396	0.01840	0.01750	0.02095	0.01311	0.01286	0.06000	0.02594	0.17667	0.04956	0.33191	0.05085	0.02814	0.01679	0.08330	0.00819	0.02197	0.01084	0.01218
38	0.03105	0.02121	0.02858	0.25374	0.04807	0.02380	0.02246	0.15365	0.03201	0.11671	0.02831	0.03253	0.02037	0.01255	0.01067	0.00342	0.01182	0.01031	0.12389	0.01484
39	0.02044	0.01595	0.01792	0.01573	0.02095	0.01484	0.01205	0.02926	0.10893	0.03697	0.09102	0.06073	0.11858	0.08260	0.01601	0.00394	0.00780	0.04451	0.08710	0.19466
40	0.08714	0.26940	0.03709	0.01958	0.02654	0.06753	0.01681	0.03738	0.10366	0.07695	0.03121	0.12425	0.02905	0.01557	0.00968	0.00323	0.01064	0.01216	0.00792	0.01418

[dist]
# distance from previous block
# <min> <max>
0	8

[block]
# block no. 2 follows, 11 sequences, length 21
# corresponding to MSA columns:
# 358-378
name=unknown_C
#
# <colnr> <probs for GDERKNQSTAVLIFYWHMCP>
#	G	D	E	R	K	N	Q	S	T	A	V	L	I	F	Y	W	H	M	C	P
0	0.03071	0.22532	0.15121	0.02577	0.03481	0.03610	0.02564	0.15356	0.02977	0.04015	0.01941	0.02292	0.01570	0.01288	0.01494	0.00341	0.12715	0.00835	0.00650	0.01571
1	0.03214	0.02235	0.03472	0.08688	0.03977	0.02061	0.11881	0.07131	0.02899	0.17504	0.05620	0.03329	0.02480	0.01162	0.01101	0.00307	0.01180	0.01072	0.00889	0.19796
2	0.03762	0.02175	0.03494	0.08954	0.03988	0.02081	0.11944	0.07831	0.03146	0.28392	0.08935	0.03987	0.03211	0.01365	0.01194	0.00358	0.01194	0.01250	0.01078	0.01660
3	0.01804	0.01482	0.02110	0.07371	0.02573	0.01759	0.01598	0.02181	0.02131	0.03027	0.13413	0.08694	0.04526	0.10654	0.20050	0.00945	0.12401	0.01497	0.00744	0.01042
4	0.03553	0.14738	0.16981	0.02730	0.03780	0.14165	0.06114	0.06798	0.02903	0.14222	0.02451	0.02576	0.01774	0.01145	0.01030	0.00320	0.01499	0.00879	0.00739	0.01604
5	0.11418	0.02481	0.03297	0.03612	0.18683	0.02517	0.02282	0.15311	0.03368	0.21421	0.02966	0.03002	0.02083	0.01221	0.01075	0.00341	0.01134	0.01003	0.00988	0.01794
6	0.01676	0.01286	0.01570	0.01721	0.01908	0.01316	0.01202	0.02508	0.12648	0.03264	0.05858	0.47880	0.06590	0.03100	0.01375	0.00441	0.00704	0.02789	0.01066	0.01099
7	0.08508	0.04850	0.08988	0.08233	0.03964	0.40617	0.02425	0.04141	0.02910	0.03029	0.01785	0.02150	0.01435	0.01138	0.01009	0.00310	0.01850	0.00756	0.00569	0.01334
8	0.03782	0.03696	0.02666	0.02425	0.02957	0.32650	0.01823	0.04082	0.02976	0.13745	0.03265	0.14691	0.03011	0.01713	0.01130	0.00338	0.01508	0.01338	0.00852	0.01352
9	0.02598	0.01767	0.02000	0.01796	0.02290	0.01877	0.01392	0.04260	0.23836	0.10237	0.17828	0.05327	0.05263	0.01689	0.01131	0.00349	0.00734	0.01429	0.12728	0.01468
10	0.01631	0.01114	0.01343	0.01343	0.01383	0.01154	0.00826	0.01711	0.01671	0.02268	0.03441	0.06782	0.03839	0.50136	0.15691	0.01233	0.01472	0.01551	0.00666	0.00746
11	0.02257	0.05822	0.54613	0.03208	0.04871	0.02614	0.04158	0.03564	0.02376	0.03564	0.02020	0.02376	0.01426	0.01069	0.01069	0.00356	0.01663	0.00832	0.00475	0.01663
12	0.02126	0.02001	0.03376	0.57739	0.07752	0.02501	0.03126	0.02876	0.02251	0.02876	0.02001	0.03001	0.01500	0.01125	0.01125	0.00375	0.01500	0.01000	0.00500	0.01250
13	0.04363	0.01825	0.02338	0.01844	0.02588	0.01665	0.01507	0.08240	0.03196	0.39972	0.04144	0.03823	0.02741	0.01372	0.01058	0.00329	0.00887	0.01105	0.15272	0.01731
14	0.01397	0.01038	0.01310	0.01515	0.01663	0.00951	0.01064	0.01637	0.02276	0.02947	0.07291	0.45669	0.17059	0.03350	0.01423	0.00445	0.00665	0.06324	0.01044	0.00931
15	0.02586	0.01583	0.01962	0.01727	0.02201	0.01558	0.01341	0.03661	0.13467	0.15132	0.32247	0.06536	0.07421	0.01943	0.01247	0.00359	0.00699	0.01681	0.01252	0.01397
16	0.03674	0.03331	0.03006	0.02537	0.03264	0.14377	0.02005	0.22675	0.23182	0.05221	0.03245	0.03155	0.02421	0.01380	0.01110	0.00345	0.01269	0.01055	0.01017	0.01732
17	0.01765	0.01260	0.01757	0.02017	0.02254	0.01253	0.01728	0.02247	0.02543	0.03313	0.05986	0.17913	0.06585	0.03155	0.01542	0.00511	0.00994	0.41116	0.01037	0.01023
18	0.02324	0.03038	0.14157	0.02882	0.03258	0.03044	0.02706	0.02813	0.01872	0.02880	0.01763	0.02662	0.01615	0.02496	0.08937	0.00610	0.40167	0.00977	0.00501	0.01298
19	0.03103	0.02776	0.04315	0.05989	0.42795	0.02848	0.03174	0.13292	0.03144	0.04404	0.02242	0.02768	0.01811	0.01077	0.01117	0.00335	0.01316	0.01005	0.00678	0.01811
20	0.01924	0.01446	0.01924	0.01986	0.02403	0.01339	0.01712	0.02439	0.02536	0.03432	0.05117	0.10490	0.05454	0.02625	0.01401	0.00443	0.00993	0.36231	0.00958	0.15146

[dist]
# distance from previous block
# <min> <max>
0	2

[block]
# block no. 3 follows, 11 sequences, length 14
# corresponding to MSA columns:
# 381-394
name=unknown_D
#
# <colnr> <probs for GDERKNQSTAVLIFYWHMCP>
#	G	D	E	R	K	N	Q	S	T	A	V	L	I	F	Y	W	H	M	C	P
0	0.02220	0.01852	0.02153	0.01595	0.02432	0.01434	0.01227	0.02638	0.02220	0.03425	0.02253	0.03156	0.02063	0.10573	0.01633	0.00318	0.00876	0.00825	0.00669	0.56437
1	0.02414	0.02897	0.12228	0.28315	0.25714	0.02589	0.03427	0.03222	0.02397	0.03312	0.02051	0.02812	0.01602	0.01067	0.01112	0.00356	0.01461	0.00974	0.00519	0.01533
2	0.01412	0.01143	0.01253	0.01226	0.01570	0.00985	0.00919	0.01773	0.02758	0.03497	0.24230	0.10081	0.39854	0.02680	0.01329	0.00372	0.00558	0.02270	0.01105	0.00985
3	0.01955	0.00978	0.01466	0.01466	0.01466	0.00978	0.00978	0.01466	0.01466	0.01955	0.01955	0.03421	0.01955	0.03910	0.04399	0.67253	0.00978	0.00978	0.00489	0.00489
4	0.02022	0.03151	0.24064	0.02200	0.03081	0.01703	0.02373	0.02731	0.02427	0.07160	0.05501	0.19572	0.15162	0.02158	0.01232	0.00388	0.01087	0.01840	0.00829	0.01319
5	0.01920	0.13262	0.10275	0.01999	0.02520	0.01933	0.01858	0.02389	0.02315	0.03049	0.04635	0.29090	0.05172	0.02572	0.01273	0.00415	0.00999	0.12317	0.00850	0.01156
6	0.02094	0.01306	0.01922	0.01836	0.02132	0.01442	0.01442	0.02501	0.02008	0.09898	0.03216	0.04338	0.02810	0.07446	0.48239	0.01603	0.02724	0.01195	0.00715	0.01133
7	0.01355	0.01045	0.01239	0.01394	0.01587	0.00929	0.00968	0.01587	0.02322	0.02941	0.08316	0.39850	0.25941	0.03252	0.01393	0.00426	0.00619	0.02865	0.01045	0.00929
8	0.11499	0.03875	0.26012	0.03474	0.12069	0.02547	0.06396	0.03631	0.07302	0.03828	0.02335	0.02770	0.01796	0.01706	0.05619	0.00477	0.01551	0.00940	0.00605	0.01568
9	0.02099	0.01555	0.01833	0.01718	0.02005	0.01668	0.01249	0.09926	0.06554	0.03457	0.04325	0.12802	0.07600	0.21282	0.15897	0.00945	0.01468	0.01663	0.00850	0.01105
10	0.01460	0.01045	0.01395	0.01582	0.01708	0.00981	0.01120	0.01757	0.02416	0.03270	0.16148	0.44395	0.08034	0.03226	0.01424	0.00441	0.00662	0.06896	0.01086	0.00957
11	0.01740	0.01246	0.01799	0.09557	0.02646	0.01280	0.01511	0.02073	0.02454	0.03310	0.18267	0.16837	0.06397	0.02801	0.01873	0.11343	0.00880	0.12093	0.00931	0.00963
12	0.08938	0.22475	0.08298	0.07241	0.07799	0.07704	0.09985	0.03745	0.07408	0.03409	0.02112	0.02480	0.01699	0.01065	0.00973	0.00318	0.01390	0.00878	0.00598	0.01485
13	0.02921	0.12159	0.05408	0.03573	0.04536	0.02744	0.29944	0.03625	0.02625	0.10519	0.02866	0.08713	0.02401	0.01276	0.01213	0.00360	0.01525	0.01372	0.00720	0.01501

[dist]
# distance from previous block
# <min> <max>
0	1

[block]
# block no. 4 follows, 11 sequences, length 27
# corresponding to MSA columns:
# 396-408,412-425
name=unknown_E
#
# <colnr> <probs for GDERKNQSTAVLIFYWHMCP>
#	G	D	E	R	K	N	Q	S	T	A	V	L	I	F	Y	W	H	M	C	P
0	0.15408	0.01996	0.02775	0.19913	0.12789	0.02171	0.02212	0.03486	0.02430	0.12770	0.02619	0.03063	0.01928	0.01164	0.00993	0.00342	0.01112	0.00957	0.10447	0.01426
1	0.02269	0.01522	0.01833	0.01735	0.02007	0.01595	0.01266	0.12988	0.02713	0.03734	0.03899	0.22439	0.04085	0.07651	0.06359	0.13305	0.01055	0.01800	0.06677	0.01069
2	0.01523	0.01131	0.01419	0.01382	0.01648	0.01027	0.01023	0.01976	0.02969	0.04082	0.40652	0.14115	0.17839	0.02525	0.01339	0.00369	0.00551	0.02216	0.01184	0.01027
3	0.02800	0.02418	0.02545	0.02291	0.02927	0.02800	0.01782	0.05981	0.51390	0.04708	0.04581	0.04199	0.03436	0.01527	0.01145	0.00382	0.00891	0.01273	0.01145	0.01782
4	0.02324	0.02510	0.08266	0.26762	0.25103	0.02418	0.03137	0.03035	0.02377	0.03258	0.02479	0.08669	0.02215	0.01317	0.01148	0.00366	0.01363	0.01211	0.00576	0.01466
5	0.02545	0.02087	0.02258	0.02085	0.02623	0.02360	0.01634	0.05025	0.38545	0.04528	0.08864	0.05317	0.04287	0.01715	0.01166	0.00381	0.00840	0.05245	0.06906	0.01588
6	0.02126	0.02001	0.03376	0.57739	0.07752	0.02501	0.03126	0.02876	0.02251	0.02876	0.02001	0.03001	0.01500	0.01125	0.01125	0.00375	0.01500	0.01000	0.00500	0.01250
7	0.02190	0.02088	0.03389	0.47310	0.06839	0.02681	0.02999	0.02844	0.02150	0.02844	0.01901	0.02898	0.01496	0.01286	0.01614	0.00397	0.12330	0.00997	0.00499	0.01247
8	0.03431	0.02114	0.02478	0.02152	0.02806	0.02223	0.01720	0.09005	0.24140	0.20062	0.04621	0.08994	0.03683	0.01767	0.01199	0.00386	0.00937	0.05378	0.01203	0.01701
9	0.01822	0.01074	0.01156	0.01156	0.01261	0.01074	0.00724	0.02033	0.01927	0.02991	0.03597	0.06092	0.03607	0.36691	0.03744	0.00758	0.00864	0.01401	0.27199	0.00829
10	0.03009	0.61122	0.05898	0.01926	0.02889	0.04454	0.01926	0.03370	0.02287	0.02648	0.01565	0.01805	0.01444	0.00963	0.00722	0.00241	0.01204	0.00602	0.00481	0.01444
11	0.02193	0.02070	0.03498	0.52512	0.12449	0.02518	0.03160	0.02935	0.02283	0.02958	0.02012	0.02979	0.01529	0.01113	0.01124	0.00371	0.01484	0.01001	0.00506	0.01305
12	0.05050	0.01915	0.02612	0.02003	0.02873	0.01654	0.01654	0.05485	0.03221	0.54203	0.04440	0.03831	0.02786	0.01393	0.01132	0.00348	0.00958	0.01132	0.01393	0.01915
13	0.01417	0.01012	0.01358	0.01619	0.01704	0.00953	0.01124	0.01646	0.02200	0.02924	0.06178	0.54893	0.07345	0.03483	0.01449	0.00463	0.00692	0.07569	0.01044	0.00927
14	0.07646	0.02138	0.03272	0.07570	0.03739	0.02169	0.12355	0.04196	0.11418	0.16370	0.03618	0.04323	0.02772	0.01412	0.01149	0.00370	0.01161	0.05075	0.07720	0.01528
15	0.04701	0.02475	0.02958	0.02268	0.03152	0.02485	0.01874	0.25474	0.04158	0.32891	0.03654	0.03320	0.02392	0.01374	0.01129	0.00344	0.01085	0.01078	0.01272	0.01915
16	0.01371	0.00979	0.01306	0.01567	0.01632	0.00914	0.01045	0.01567	0.02155	0.02873	0.06203	0.59710	0.07444	0.03526	0.01437	0.00457	0.00653	0.03200	0.01045	0.00914
17	0.02433	0.10700	0.02858	0.01705	0.02700	0.01935	0.01421	0.02913	0.02327	0.03518	0.01936	0.02256	0.01634	0.00853	0.00817	0.00178	0.00888	0.00657	0.00640	0.57631
18	0.01464	0.01145	0.01325	0.01280	0.01602	0.01007	0.00960	0.01873	0.02880	0.03788	0.32422	0.09602	0.31481	0.02572	0.01329	0.00367	0.00550	0.02203	0.01144	0.01007
19	0.02800	0.02418	0.02545	0.02291	0.02927	0.02800	0.01782	0.05981	0.51390	0.04708	0.04581	0.04199	0.03436	0.01527	0.01145	0.00382	0.00891	0.01273	0.01145	0.01782
20	0.02598	0.03446	0.13700	0.04518	0.05734	0.02812	0.42688	0.03599	0.02615	0.03599	0.02239	0.02939	0.01666	0.00967	0.01290	0.00376	0.01863	0.01255	0.00555	0.01539
21	0.02462	0.02462	0.03447	0.02955	0.02955	0.03447	0.02462	0.02709	0.01724	0.02709	0.01477	0.02462	0.01477	0.01970	0.03694	0.00492	0.58385	0.00985	0.00492	0.01231
22	0.03126	0.29060	0.21383	0.02455	0.03633	0.03456	0.02673	0.10434	0.02841	0.08138	0.02136	0.02305	0.01625	0.01093	0.00933	0.00303	0.01340	0.00785	0.00654	0.01627
23	0.02223	0.02100	0.03551	0.50260	0.14472	0.02526	0.03174	0.02961	0.02297	0.02994	0.02018	0.02969	0.01542	0.01107	0.01124	0.00369	0.01476	0.01001	0.00509	0.01329
24	0.01504	0.01138	0.01331	0.01288	0.01556	0.01026	0.00931	0.01867	0.02732	0.03634	0.30492	0.09137	0.25079	0.11057	0.01976	0.00472	0.00628	0.02101	0.01086	0.00965
25	0.01955	0.00978	0.01466	0.01466	0.01466	0.00978	0.00978	0.01466	0.01466	0.01955	0.01955	0.03421	0.01955	0.03910	0.04399	0.67253	0.00978	0.00978	0.00489	0.00489
26	0.03107	0.02684	0.08518	0.03177	0.12126	0.02288	0.05576	0.10554	0.06805	0.12386	0.07959	0.03527	0.02936	0.01265	0.01107	0.00321	0.01135	0.01102	0.00900	0.12527

[dist]
# distance from previous block
# <min> <max>
0	1

[block]
# block no. 5 follows, 11 sequences, length 9
# corresponding to MSA columns:
# 427-435
name=unknown_F
#
# <colnr> <probs for GDERKNQSTAVLIFYWHMCP>
#	G	D	E	R	K	N	Q	S	T	A	V	L	I	F	Y	W	H	M	C	P
0	0.02054	0.01297	0.01670	0.01668	0.02019	0.01146	0.01251	0.02373	0.02420	0.10064	0.05861	0.33878	0.10099	0.02768	0.01323	0.00406	0.00762	0.08218	0.01042	0.09682
1	0.01608	0.01206	0.01809	0.01809	0.02010	0.01407	0.01407	0.02010	0.01809	0.02613	0.03015	0.04422	0.02814	0.08441	0.55984	0.01809	0.03015	0.01206	0.00603	0.01005
2	0.01400	0.01002	0.01332	0.01548	0.01639	0.00933	0.01047	0.01639	0.02289	0.03086	0.12250	0.53057	0.07856	0.03367	0.01422	0.00444	0.00637	0.03049	0.01070	0.00933
3	0.02727	0.02950	0.14665	0.07931	0.20707	0.02182	0.02820	0.03477	0.02650	0.10600	0.09176	0.03563	0.02991	0.01237	0.01110	0.00331	0.01214	0.01089	0.00750	0.07828
4	0.01637	0.01091	0.01228	0.01228	0.01228	0.01091	0.00682	0.01637	0.01637	0.02182	0.03546	0.07365	0.04092	0.60445	0.05729	0.01091	0.01091	0.01637	0.00682	0.00682
5	0.01369	0.01126	0.01205	0.01219	0.01553	0.00962	0.00901	0.01679	0.02608	0.03221	0.16431	0.15323	0.42818	0.02844	0.01340	0.00384	0.00573	0.02411	0.01071	0.00962
6	0.07055	0.02555	0.03261	0.22495	0.11400	0.07551	0.02612	0.09443	0.02740	0.03718	0.02385	0.03654	0.02059	0.01437	0.01443	0.00383	0.08384	0.05368	0.00665	0.01392
7	0.02728	0.02527	0.03973	0.23018	0.05395	0.02906	0.12448	0.11250	0.08805	0.03940	0.02422	0.03032	0.01848	0.01291	0.01521	0.00387	0.09229	0.01103	0.00698	0.01481
8	0.02779	0.27449	0.04102	0.09518	0.03534	0.03091	0.01908	0.07492	0.02582	0.03446	0.01880	0.02233	0.01572	0.00978	0.00853	0.00243	0.01121	0.00717	0.00608	0.23894

[dist]
# distance from previous block
# <min> <max>
0	1

[block]
# block no. 6 follows, 11 sequences, length 77
# corresponding to MSA columns:
# 437-513
name=unknown_G
#
# <colnr> <probs for GDERKNQSTAVLIFYWHMCP>
#	G	D	E	R	K	N	Q	S	T	A	V	L	I	F	Y	W	H	M	C	P
0	0.39514	0.02004	0.02123	0.07486	0.09436	0.02248	0.01591	0.02943	0.01977	0.04068	0.02090	0.03208	0.01913	0.13274	0.01829	0.00502	0.01039	0.00911	0.00656	0.01188
1	0.01662	0.01370	0.01493	0.01454	0.01848	0.01309	0.01120	0.02499	0.10957	0.03610	0.17212	0.09414	0.33571	0.02548	0.01315	0.00386	0.00652	0.05364	0.01096	0.01117
2	0.02334	0.02001	0.02334	0.01667	0.02667	0.01500	0.01334	0.02834	0.02334	0.03668	0.02001	0.02334	0.01667	0.00834	0.00834	0.00167	0.00834	0.00667	0.00667	0.67325
3	0.07951	0.01478	0.01875	0.01611	0.02106	0.01343	0.05254	0.02196	0.02671	0.03753	0.20769	0.07906	0.27244	0.02190	0.01229	0.00352	0.00726	0.01879	0.00995	0.06473
4	0.02553	0.14949	0.42108	0.02940	0.04421	0.02998	0.03613	0.07373	0.02604	0.03704	0.02000	0.02307	0.01470	0.01075	0.01015	0.00335	0.01550	0.00808	0.00531	0.01647
5	0.02800	0.02418	0.02545	0.02291	0.02927	0.02800	0.01782	0.05981	0.51390	0.04708	0.04581	0.04199	0.03436	0.01527	0.01145	0.00382	0.00891	0.01273	0.01145	0.01782
6	0.05050	0.01915	0.02612	0.02003	0.02873	0.01654	0.01654	0.05485	0.03221	0.54203	0.04440	0.03831	0.02786	0.01393	0.01132	0.00348	0.00958	0.01132	0.01393	0.01915
7	0.01917	0.01596	0.02535	0.18630	0.03899	0.01677	0.06859	0.02540	0.02690	0.03770	0.22353	0.05812	0.09021	0.01708	0.01194	0.00353	0.00972	0.01540	0.09777	0.01158
8	0.02188	0.02024	0.03524	0.45105	0.06825	0.02386	0.08534	0.02938	0.02312	0.03108	0.02215	0.03135	0.01676	0.01124	0.01113	0.00363	0.01443	0.01046	0.07679	0.01261
9	0.01508	0.01126	0.01401	0.01378	0.01641	0.01019	0.01016	0.01943	0.02918	0.03985	0.37909	0.15739	0.19112	0.02580	0.01343	0.00373	0.00555	0.02262	0.01172	0.01019
10	0.01608	0.01206	0.01809	0.01809	0.02010	0.01407	0.01407	0.02010	0.01809	0.02613	0.03015	0.04422	0.02814	0.08441	0.55984	0.01809	0.03015	0.01206	0.00603	0.01005
11	0.02179	0.02055	0.03473	0.53593	0.11478	0.02515	0.03153	0.02923	0.02276	0.02941	0.02010	0.02983	0.01523	0.01115	0.01124	0.00372	0.01487	0.01000	0.00505	0.01294
12	0.02126	0.02001	0.03376	0.57739	0.07752	0.02501	0.03126	0.02876	0.02251	0.02876	0.02001	0.03001	0.01500	0.01125	0.01125	0.00375	0.01500	0.01000	0.00500	0.01250
13	0.01608	0.01206	0.01809	0.01809	0.02010	0.01407	0.01407	0.02010	0.01809	0.02613	0.03015	0.04422	0.02814	0.08441	0.55984	0.01809	0.03015	0.01206	0.00603	0.01005
14	0.01397	0.01020	0.01315	0.01501	0.01627	0.00938	0.01027	0.01648	0.02339	0.03113	0.13069	0.47481	0.12805	0.03287	0.01410	0.00435	0.00628	0.02953	0.01071	0.00938
15	0.02656	0.02609	0.04646	0.15236	0.39253	0.02668	0.09600	0.03377	0.02523	0.03531	0.02119	0.02856	0.01725	0.01016	0.01145	0.00347	0.01441	0.01046	0.00549	0.01657
16	0.01539	0.01050	0.01256	0.01353	0.01377	0.01026	0.00816	0.01611	0.01827	0.02437	0.04524	0.26631	0.05326	0.39496	0.04149	0.00858	0.00930	0.02212	0.00816	0.00767
17	0.02257	0.05822	0.54613	0.03208	0.04871	0.02614	0.04158	0.03564	0.02376	0.03564	0.02020	0.02376	0.01426	0.01069	0.01069	0.00356	0.01663	0.00832	0.00475	0.01663
18	0.02334	0.02001	0.02334	0.01667	0.02667	0.01500	0.01334	0.02834	0.02334	0.03668	0.02001	0.02334	0.01667	0.00834	0.00834	0.00167	0.00834	0.00667	0.00667	0.67325
19	0.29945	0.02325	0.02745	0.02246	0.03011	0.02515	0.07959	0.04490	0.17087	0.12396	0.03016	0.03016	0.02195	0.01231	0.00984	0.00363	0.01029	0.00987	0.00923	0.01537
20	0.02462	0.02462	0.03447	0.02955	0.02955	0.03447	0.02462	0.02709	0.01724	0.02709	0.01477	0.02462	0.01477	0.01970	0.03694	0.00492	0.58385	0.00985	0.00492	0.01231
21	0.04415	0.01849	0.02457	0.01945	0.02716	0.01659	0.01584	0.05068	0.06802	0.43802	0.10991	0.04477	0.03893	0.01526	0.01159	0.00352	0.00895	0.01264	0.01354	0.01790
22	0.02257	0.05822	0.54613	0.03208	0.04871	0.02614	0.04158	0.03564	0.02376	0.03564	0.02020	0.02376	0.01426	0.01069	0.01069	0.00356	0.01663	0.00832	0.00475	0.01663
23	0.02257	0.05822	0.54613	0.03208	0.04871	0.02614	0.04158	0.03564	0.02376	0.03564	0.02020	0.02376	0.01426	0.01069	0.01069	0.00356	0.01663	0.00832	0.00475	0.01663
24	0.01610	0.01197	0.01763	0.01763	0.01948	0.01382	0.01350	0.01980	0.01795	0.02579	0.03057	0.04654	0.02915	0.12552	0.52011	0.01752	0.02863	0.01240	0.00609	0.00979
25	0.01435	0.01144	0.01286	0.01250	0.01585	0.00995	0.00938	0.01818	0.02813	0.03628	0.27928	0.09865	0.36074	0.02631	0.01329	0.00370	0.00555	0.02240	0.01122	0.00995
26	0.10968	0.03285	0.18237	0.02388	0.03482	0.02285	0.02425	0.10645	0.03106	0.27295	0.03167	0.03024	0.02090	0.01252	0.01065	0.00349	0.01198	0.00969	0.01006	0.01764
27	0.01624	0.01144	0.01493	0.01493	0.01584	0.01235	0.01013	0.01807	0.01715	0.02379	0.03304	0.06023	0.03509	0.36729	0.28647	0.01418	0.01968	0.01440	0.00646	0.00829
28	0.01371	0.00979	0.01306	0.01567	0.01632	0.00914	0.01045	0.01567	0.02155	0.02873	0.06203	0.59710	0.07444	0.03526	0.01437	0.00457	0.00653	0.03200	0.01045	0.00914
29	0.02655	0.02571	0.04403	0.15313	0.35703	0.02673	0.08219	0.03590	0.06814	0.03617	0.02330	0.02975	0.01870	0.01065	0.01142	0.00351	0.01388	0.01061	0.00600	0.01659
30	0.03797	0.02554	0.02909	0.02985	0.11854	0.09341	0.02007	0.04781	0.12505	0.24496	0.04240	0.04027	0.06522	0.01434	0.01131	0.00347	0.01126	0.01180	0.01058	0.01707
31	0.02443	0.02375	0.04090	0.29799	0.24066	0.02676	0.06959	0.03134	0.02353	0.03217	0.02020	0.02877	0.01620	0.01140	0.01364	0.00371	0.06478	0.01027	0.00526	0.01467
32	0.33713	0.06919	0.03204	0.02373	0.03087	0.06234	0.09347	0.03601	0.02265	0.09524	0.01994	0.02331	0.01532	0.01182	0.01236	0.00359	0.08194	0.00836	0.00703	0.01367
33	0.01941	0.01700	0.02806	0.22377	0.04413	0.01928	0.07140	0.02470	0.02199	0.03028	0.03420	0.19260	0.03444	0.02551	0.06572	0.00533	0.05207	0.01681	0.06186	0.01143
34	0.01996	0.01265	0.01824	0.01724	0.01760	0.01428	0.01253	0.01776	0.01745	0.02435	0.08747	0.03925	0.03041	0.03347	0.03858	0.46330	0.11133	0.01122	0.00591	0.00698
35	0.44741	0.02150	0.01979	0.01680	0.02378	0.02367	0.01374	0.09155	0.02643	0.11886	0.07648	0.02919	0.02534	0.01265	0.00876	0.00348	0.00891	0.00884	0.00902	0.01381
36	0.02257	0.05822	0.54613	0.03208	0.04871	0.02614	0.04158	0.03564	0.02376	0.03564	0.02020	0.02376	0.01426	0.01069	0.01069	0.00356	0.01663	0.00832	0.00475	0.01663
37	0.03980	0.01879	0.02432	0.01985	0.02686	0.01758	0.01632	0.10518	0.03427	0.33486	0.12981	0.05453	0.04462	0.01735	0.01212	0.00366	0.00928	0.06121	0.01291	0.01668
38	0.04702	0.02137	0.02708	0.02113	0.02962	0.02027	0.01734	0.11511	0.08719	0.42474	0.04221	0.03718	0.02739	0.01402	0.01133	0.00350	0.00988	0.01131	0.01330	0.01901
39	0.02962	0.02410	0.03672	0.29072	0.05736	0.02705	0.08912	0.13130	0.07667	0.08532	0.02641	0.03131	0.01910	0.01209	0.01155	0.00366	0.01395	0.01085	0.00778	0.01532
40	0.02484	0.02263	0.03828	0.21603	0.33255	0.02414	0.03052	0.03036	0.02334	0.03224	0.02062	0.02929	0.01719	0.01396	0.01520	0.08545	0.01342	0.00999	0.00532	0.01463
41	0.01582	0.01181	0.01499	0.01697	0.01848	0.01176	0.01198	0.02170	0.08223	0.03138	0.05985	0.49073	0.06874	0.03247	0.01411	0.00453	0.00713	0.06443	0.01056	0.01030
42	0.04583	0.01812	0.02462	0.01923	0.02712	0.01574	0.01574	0.05031	0.03217	0.47487	0.10981	0.04450	0.03845	0.01516	0.01158	0.00349	0.00900	0.01254	0.01372	0.01800
43	0.02239	0.09768	0.46071	0.02962	0.04430	0.02610	0.03708	0.03373	0.02350	0.03431	0.02352	0.07376	0.01957	0.01277	0.01074	0.00356	0.01538	0.01022	0.00526	0.01580
44	0.01399	0.01065	0.01288	0.01397	0.01604	0.00954	0.00985	0.01687	0.02484	0.03236	0.16667	0.33863	0.23158	0.03072	0.01381	0.00412	0.00603	0.02708	0.01081	0.00954
45	0.01490	0.01071	0.01412	0.01486	0.01659	0.00993	0.01054	0.01865	0.02706	0.03751	0.31144	0.32268	0.09143	0.02871	0.01378	0.00402	0.00588	0.02577	0.01149	0.00993
46	0.03994	0.05414	0.08760	0.02933	0.03630	0.50151	0.02390	0.04394	0.03101	0.02842	0.01770	0.02067	0.01447	0.01150	0.01021	0.00297	0.01990	0.00736	0.00569	0.01344
47	0.03009	0.61122	0.05898	0.01926	0.02889	0.04454	0.01926	0.03370	0.02287	0.02648	0.01565	0.01805	0.01444	0.00963	0.00722	0.00241	0.01204	0.00602	0.00481	0.01444
48	0.02782	0.44409	0.20620	0.02313	0.03488	0.03898	0.02601	0.03429	0.02314	0.02925	0.01702	0.01978	0.01439	0.00995	0.00827	0.00276	0.01343	0.00671	0.00480	0.01511
49	0.14356	0.02786	0.02620	0.02251	0.02957	0.08538	0.01783	0.13108	0.25771	0.09016	0.03424	0.03272	0.02527	0.01364	0.01052	0.00356	0.01078	0.01045	0.01026	0.01670
50	0.01637	0.01091	0.01228	0.01228	0.01228	0.01091	0.00682	0.01637	0.01637	0.02182	0.03546	0.07365	0.04092	0.60445	0.05729	0.01091	0.01091	0.01637	0.00682	0.00682
51	0.02271	0.02309	0.04458	0.28462	0.06167	0.02447	0.21737	0.03072	0.02543	0.03395	0.08984	0.03746	0.02818	0.01212	0.01236	0.00374	0.01532	0.01274	0.00628	0.01334
52	0.04279	0.03153	0.03378	0.02590	0.03490	0.03490	0.02139	0.49671	0.05292	0.07093	0.02702	0.02702	0.01914	0.01351	0.01126	0.00338	0.01239	0.01013	0.01126	0.01914
53	0.01371	0.00979	0.01306	0.01567	0.01632	0.00914	0.01045	0.01567	0.02155	0.02873	0.06203	0.59710	0.07444	0.03526	0.01437	0.00457	0.00653	0.03200	0.01045	0.00914
54	0.03185	0.03722	0.26244	0.02565	0.03692	0.02217	0.02773	0.09493	0.02946	0.18400	0.03362	0.10582	0.02689	0.01529	0.01144	0.00365	0.01273	0.01260	0.00895	0.01665
55	0.59719	0.02608	0.01862	0.01672	0.02353	0.09743	0.01348	0.03469	0.02088	0.04740	0.01591	0.01856	0.01250	0.01060	0.00740	0.00340	0.01027	0.00625	0.00681	0.01231
56	0.02786	0.02674	0.04568	0.06908	0.53424	0.02674	0.03454	0.03454	0.02563	0.03677	0.02117	0.02786	0.01783	0.01003	0.01114	0.00334	0.01337	0.01003	0.00557	0.01783
57	0.04139	0.03083	0.03299	0.02561	0.03437	0.03425	0.02105	0.45536	0.09654	0.06868	0.02880	0.02844	0.02058	0.01368	0.01128	0.00342	0.01206	0.01038	0.01128	0.01902
58	0.02705	0.02592	0.04422	0.13136	0.47828	0.02653	0.03414	0.03383	0.02525	0.03579	0.02103	0.02812	0.01748	0.01018	0.01116	0.00339	0.01357	0.01003	0.00550	0.01718
59	0.02462	0.02462	0.03447	0.02955	0.02955	0.03447	0.02462	0.02709	0.01724	0.02709	0.01477	0.02462	0.01477	0.01970	0.03694	0.00492	0.58385	0.00985	0.00492	0.01231
60	0.03498	0.09779	0.05207	0.03484	0.04512	0.02646	0.27627	0.04203	0.02800	0.20361	0.02911	0.03150	0.02035	0.01099	0.01189	0.00352	0.01499	0.01174	0.00833	0.01642
61	0.01505	0.01066	0.01413	0.01642	0.01744	0.01024	0.01177	0.01751	0.02192	0.02902	0.05822	0.42493	0.06811	0.10404	0.01990	0.00549	0.00795	0.12809	0.00998	0.00914
62	0.01955	0.00978	0.01466	0.01466	0.01466	0.00978	0.00978	0.01466	0.01466	0.01955	0.01955	0.03421	0.01955	0.03910	0.04399	0.67253	0.00978	0.00978	0.00489	0.00489
63	0.01398	0.01000	0.01330	0.01549	0.01638	0.00932	0.01047	0.01635	0.02281	0.03074	0.11916	0.53425	0.07833	0.03376	0.01423	0.00444	0.00638	0.03057	0.01069	0.00932
64	0.02431	0.18588	0.43367	0.02912	0.04414	0.03039	0.03643	0.03520	0.02356	0.03353	0.01915	0.02245	0.01430	0.01045	0.00989	0.00330	0.01557	0.00779	0.00477	0.01613
65	0.01371	0.00979	0.01306	0.01567	0.01632	0.00914	0.01045	0.01567	0.02155	0.02873	0.06203	0.59710	0.07444	0.03526	0.01437	0.00457	0.00653	0.03200	0.01045	0.00914
66	0.02098	0.01049	0.01049	0.01049	0.01311	0.01049	0.00787	0.02623	0.02360	0.04196	0.03672	0.04196	0.02885	0.01311	0.00787	0.00262	0.00525	0.01049	0.66693	0.01049
67	0.02917	0.54347	0.11866	0.02083	0.03132	0.04228	0.02199	0.03394	0.02298	0.02760	0.01621	0.01875	0.01442	0.00976	0.00765	0.00255	0.01260	0.00630	0.00481	0.01471
68	0.01515	0.01141	0.01420	0.01504	0.01759	0.01046	0.01154	0.01899	0.02660	0.03494	0.21019	0.20995	0.21450	0.02892	0.01399	0.00418	0.00673	0.11471	0.01099	0.00992
69	0.01467	0.01146	0.01330	0.01284	0.01604	0.01008	0.00963	0.01881	0.02889	0.03809	0.33006	0.09568	0.30883	0.02564	0.01329	0.00366	0.00550	0.02198	0.01146	0.01008
70	0.02800	0.02418	0.02545	0.02291	0.02927	0.02800	0.01782	0.05981	0.51390	0.04708	0.04581	0.04199	0.03436	0.01527	0.01145	0.00382	0.00891	0.01273	0.01145	0.01782
71	0.02647	0.02532	0.04317	0.17609	0.43809	0.02638	0.03385	0.03332	0.02497	0.03508	0.02093	0.02831	0.01723	0.01029	0.01117	0.00343	0.01371	0.01002	0.00545	0.01671
72	0.02758	0.02975	0.03187	0.02802	0.02960	0.15257	0.02267	0.03033	0.02071	0.02707	0.01726	0.02603	0.01635	0.02577	0.09485	0.00607	0.38651	0.00952	0.00526	0.01220
73	0.02234	0.01886	0.02222	0.01633	0.02534	0.01441	0.01297	0.02738	0.02449	0.03782	0.08871	0.03155	0.02877	0.01032	0.00900	0.00192	0.00793	0.00852	0.00744	0.58369
74	0.03310	0.03262	0.03453	0.07265	0.14680	0.20239	0.06403	0.03829	0.02782	0.08143	0.02375	0.02782	0.01850	0.01115	0.01043	0.00306	0.01465	0.00927	0.07814	0.06957
75	0.03164	0.16114	0.23108	0.03140	0.09234	0.10184	0.02953	0.07662	0.02811	0.08366	0.02186	0.02422	0.01641	0.01107	0.01007	0.00319	0.01482	0.00832	0.00641	0.01628
76	0.08703	0.01686	0.01973	0.01782	0.02256	0.01730	0.01420	0.07109	0.09688	0.10048	0.26296	0.06770	0.06678	0.01999	0.01233	0.00375	0.00779	0.06982	0.01157	0.01334

[dist]
# distance from previous block
# <min> <max>
0	8

[block]
# block no. 7 follows, 11 sequences, length 85
# corresponding to MSA columns:
# 522-586,596-615
name=unknown_H
#
# <colnr> <probs for GDERKNQSTAVLIFYWHMCP>
#	G	D	E	R	K	N	Q	S	T	A	V	L	I	F	Y	W	H	M	C	P
0	0.08371	0.03482	0.21264	0.08084	0.16980	0.02454	0.03029	0.03537	0.07433	0.03898	0.08084	0.03359	0.02763	0.01242	0.01089	0.00354	0.01285	0.01052	0.00674	0.01564
1	0.35860	0.06709	0.02355	0.02135	0.07765	0.02296	0.01519	0.03236	0.02407	0.08520	0.13418	0.03575	0.03544	0.01345	0.00921	0.00339	0.00879	0.01015	0.00842	0.01319
2	0.01493	0.01113	0.01417	0.01614	0.01813	0.01036	0.01227	0.01806	0.02385	0.03061	0.07398	0.33811	0.18251	0.03237	0.01446	0.00457	0.00747	0.15686	0.01042	0.00959
3	0.03097	0.19913	0.04434	0.12083	0.20021	0.16135	0.02657	0.03598	0.02590	0.03039	0.01850	0.02354	0.01563	0.01048	0.00980	0.00303	0.01492	0.00820	0.00533	0.01490
4	0.01593	0.01150	0.01504	0.01416	0.01681	0.01062	0.01062	0.02124	0.03186	0.04513	0.52830	0.08407	0.10620	0.02301	0.01327	0.00354	0.00531	0.02035	0.01239	0.01062
5	0.03087	0.50364	0.09532	0.02101	0.03113	0.04201	0.02128	0.08434	0.02622	0.03206	0.01725	0.01949	0.01494	0.01014	0.00794	0.00261	0.01244	0.00665	0.00551	0.01513
6	0.05050	0.01915	0.02612	0.02003	0.02873	0.01654	0.01654	0.05485	0.03221	0.54203	0.04440	0.03831	0.02786	0.01393	0.01132	0.00348	0.00958	0.01132	0.01393	0.01915
7	0.01555	0.01313	0.01366	0.01323	0.01726	0.01211	0.01001	0.02255	0.09204	0.03414	0.14682	0.09693	0.42004	0.02617	0.01305	0.00378	0.00609	0.02192	0.01078	0.01073
8	0.01365	0.01003	0.01281	0.01504	0.01616	0.00920	0.01017	0.01574	0.02216	0.02898	0.06978	0.52427	0.14227	0.03426	0.01421	0.00446	0.00641	0.03077	0.01045	0.00920
9	0.02126	0.02001	0.03376	0.57739	0.07752	0.02501	0.03126	0.02876	0.02251	0.02876	0.02001	0.03001	0.01500	0.01125	0.01125	0.00375	0.01500	0.01000	0.00500	0.01250
10	0.44984	0.02450	0.02188	0.01850	0.02592	0.02800	0.01514	0.15357	0.08166	0.05531	0.02184	0.02308	0.01637	0.01175	0.00854	0.00349	0.00966	0.00784	0.00854	0.01457
11	0.61488	0.02148	0.01759	0.01537	0.02253	0.02430	0.01266	0.03546	0.02058	0.10409	0.01880	0.02047	0.01390	0.01083	0.00744	0.00348	0.00880	0.00666	0.00772	0.01295
