[name]
unknown

[dist]
# distance from previous block
# <min> <max>
0	510

[block]
# block no. 0 follows, 14 sequences, length 40
# corresponding to MSA columns:
# 516-555
name=unknown_A
#
# <colnr> <probs for GDERKNQSTAVLIFYWHMCP>
#	G	D	E	R	K	N	Q	S	T	A	V	L	I	F	Y	W	H	M	C	P
0	0.01468	0.01059	0.01393	0.01337	0.01579	0.00985	0.01021	0.01951	0.02863	0.04035	0.53037	0.07966	0.09393	0.02154	0.01226	0.00334	0.00519	0.05597	0.01116	0.00966
1	0.01564	0.05967	0.01935	0.01657	0.01894	0.01496	0.01319	0.01928	0.01683	0.02385	0.02647	0.03849	0.02470	0.07174	0.55326	0.01540	0.02622	0.01057	0.00541	0.00947
2	0.02404	0.02300	0.03920	0.18731	0.46161	0.02403	0.03082	0.03031	0.02273	0.03188	0.01906	0.02584	0.01567	0.00940	0.01018	0.00313	0.01253	0.00914	0.00496	0.01516
3	0.09624	0.01764	0.02316	0.01790	0.02572	0.01568	0.01478	0.04852	0.02847	0.54200	0.03851	0.03355	0.02433	0.01246	0.01002	0.00318	0.00867	0.00996	0.01222	0.01699
4	0.01938	0.01824	0.03078	0.61468	0.07068	0.02280	0.02850	0.02622	0.02052	0.02622	0.01824	0.02736	0.01368	0.01026	0.01026	0.00342	0.01368	0.00912	0.00456	0.01140
5	0.02659	0.44132	0.04290	0.01793	0.02463	0.08055	0.01661	0.02996	0.02115	0.02644	0.01727	0.02053	0.01521	0.01027	0.00941	0.00248	0.06736	0.00653	0.11053	0.01233
6	0.02125	0.01993	0.03355	0.32919	0.27554	0.02211	0.02798	0.02731	0.02162	0.02926	0.02225	0.08286	0.01979	0.01183	0.01048	0.00333	0.01234	0.01100	0.00524	0.01314
7	0.02454	0.02375	0.07941	0.18851	0.12962	0.02257	0.05720	0.03689	0.15525	0.07652	0.02616	0.02931	0.01959	0.01078	0.01012	0.00317	0.01147	0.00961	0.00690	0.07861
8	0.02869	0.02540	0.02487	0.02178	0.02791	0.07625	0.01705	0.12755	0.43338	0.04470	0.03690	0.03449	0.02764	0.01339	0.01031	0.00335	0.00951	0.01081	0.00997	0.01605
9	0.54678	0.07878	0.02064	0.01588	0.02227	0.11471	0.01304	0.03191	0.01958	0.04086	0.01453	0.01694	0.01162	0.00963	0.00683	0.00301	0.00986	0.00572	0.00601	0.01142
10	0.02135	0.09231	0.45282	0.08541	0.08600	0.02504	0.03502	0.03170	0.02163	0.03136	0.01815	0.02209	0.01332	0.00968	0.00959	0.00317	0.01449	0.00769	0.00442	0.01475
11	0.01294	0.01017	0.01169	0.01186	0.01450	0.00892	0.00869	0.01609	0.02448	0.03162	0.24001	0.18612	0.33535	0.02552	0.01229	0.00352	0.00522	0.02202	0.01008	0.00892
12	0.01452	0.01049	0.01372	0.01291	0.01533	0.00968	0.00968	0.01937	0.02905	0.04115	0.56992	0.07666	0.09683	0.02098	0.01210	0.00323	0.00484	0.01856	0.01130	0.00968
13	0.04604	0.01746	0.02382	0.01826	0.02620	0.01508	0.01508	0.05001	0.02937	0.58244	0.04049	0.03493	0.02540	0.01270	0.01032	0.00318	0.00873	0.01032	0.01270	0.01746
14	0.01283	0.00917	0.01229	0.01467	0.01541	0.00862	0.01010	0.01486	0.01997	0.02657	0.05638	0.59042	0.06715	0.03184	0.01319	0.00421	0.00624	0.06815	0.00952	0.00843
15	0.02540	0.02438	0.04165	0.06299	0.57533	0.02438	0.03149	0.03149	0.02337	0.03353	0.01930	0.02540	0.01626	0.00914	0.01016	0.00305	0.01219	0.00914	0.00508	0.01626
16	0.02332	0.02227	0.03791	0.25310	0.40143	0.02384	0.03046	0.02968	0.02239	0.03101	0.01894	0.02607	0.01537	0.00953	0.01019	0.00318	0.01270	0.00914	0.00490	0.01458
17	0.01414	0.01019	0.01337	0.01317	0.01525	0.00942	0.00965	0.01839	0.02725	0.03828	0.47147	0.18328	0.09128	0.02312	0.01229	0.00341	0.00505	0.02059	0.01096	0.00942
18	0.01938	0.01824	0.03078	0.61468	0.07068	0.02280	0.02850	0.02622	0.02052	0.02622	0.01824	0.02736	0.01368	0.01026	0.01026	0.00342	0.01368	0.00912	0.00456	0.01140
19	0.01563	0.01090	0.01420	0.01569	0.01705	0.01086	0.01218	0.01838	0.02010	0.02636	0.04636	0.13719	0.05168	0.25493	0.02819	0.00662	0.00937	0.28789	0.00826	0.00817
20	0.02560	0.48689	0.19633	0.02069	0.03118	0.03611	0.02301	0.03120	0.02107	0.02638	0.01538	0.01786	0.01312	0.00904	0.00743	0.00248	0.01210	0.00605	0.00437	0.01370
21	0.02053	0.01951	0.03243	0.48279	0.14081	0.02378	0.02841	0.02686	0.02052	0.02716	0.01798	0.02665	0.01404	0.01077	0.01228	0.00346	0.06620	0.00911	0.00463	0.01210
22	0.02802	0.04309	0.37988	0.02670	0.03926	0.02534	0.03071	0.17819	0.02987	0.08941	0.02210	0.02366	0.01534	0.01073	0.00995	0.00320	0.01351	0.00829	0.00674	0.01601
23	0.02087	0.01976	0.03347	0.47815	0.19557	0.02319	0.02924	0.02753	0.02122	0.02803	0.01850	0.02687	0.01432	0.00998	0.01024	0.00333	0.01331	0.00913	0.00469	0.01260
24	0.02680	0.59040	0.10331	0.01865	0.02802	0.03905	0.01945	0.03089	0.02093	0.02492	0.01465	0.01695	0.01315	0.00887	0.00688	0.00229	0.01136	0.00568	0.00438	0.01336
25	0.71184	0.01985	0.01508	0.01350	0.01985	0.02302	0.01111	0.03017	0.01746	0.04604	0.01429	0.01667	0.01111	0.00953	0.00635	0.00318	0.00794	0.00556	0.00635	0.01111
26	0.01554	0.01111	0.01495	0.01575	0.01799	0.01075	0.01284	0.02003	0.02552	0.03472	0.28371	0.09530	0.07463	0.06230	0.01557	0.00437	0.00742	0.25806	0.01008	0.00936
27	0.02128	0.01824	0.02128	0.01520	0.02432	0.01368	0.01216	0.02584	0.02128	0.03344	0.01824	0.02128	0.01520	0.00760	0.00760	0.00152	0.00760	0.00608	0.00608	0.70208
28	0.01403	0.01024	0.01318	0.01292	0.01515	0.00940	0.00951	0.01822	0.02716	0.03780	0.45448	0.16362	0.12980	0.02309	0.01226	0.00339	0.00504	0.02043	0.01089	0.00940
29	0.02553	0.02204	0.02320	0.02088	0.02669	0.02553	0.01624	0.05453	0.55679	0.04293	0.04177	0.03829	0.03133	0.01392	0.01044	0.00348	0.00812	0.01160	0.01044	0.01624
30	0.03898	0.02656	0.02918	0.02261	0.03059	0.02888	0.01860	0.43080	0.08559	0.13881	0.02831	0.02722	0.01971	0.01250	0.01029	0.00313	0.01067	0.00958	0.01064	0.01736
31	0.01312	0.00995	0.01214	0.01299	0.01505	0.00897	0.00943	0.01608	0.02337	0.03061	0.19700	0.29651	0.23429	0.02724	0.01261	0.00375	0.00565	0.05245	0.00996	0.00883
32	0.01938	0.01824	0.03078	0.61468	0.07068	0.02280	0.02850	0.02622	0.02052	0.02622	0.01824	0.02736	0.01368	0.01026	0.01026	0.00342	0.01368	0.00912	0.00456	0.01140
33	0.02058	0.05308	0.58618	0.02925	0.04442	0.02383	0.03792	0.03250	0.02167	0.03250	0.01842	0.02167	0.01300	0.00975	0.00975	0.00325	0.01517	0.00758	0.00433	0.01517
34	0.01306	0.00960	0.01224	0.01334	0.01488	0.00879	0.00934	0.01588	0.02299	0.03090	0.21745	0.39223	0.14560	0.02795	0.01267	0.00379	0.00552	0.02495	0.01006	0.00879
35	0.01985	0.01872	0.03163	0.57171	0.10999	0.02292	0.02873	0.02663	0.02074	0.02679	0.01832	0.02721	0.01388	0.01017	0.01025	0.00339	0.01356	0.00912	0.00460	0.01178
36	0.01526	0.01184	0.01345	0.01254	0.01590	0.01089	0.00954	0.05698	0.02784	0.03661	0.30854	0.08311	0.31451	0.02268	0.01198	0.00333	0.00550	0.01931	0.01038	0.00979
37	0.01250	0.00893	0.01191	0.01429	0.01488	0.00834	0.00953	0.01429	0.01965	0.02620	0.05656	0.63265	0.06787	0.03215	0.01310	0.00417	0.00595	0.02917	0.00953	0.00834
38	0.02422	0.02768	0.06055	0.04325	0.05363	0.02595	0.53806	0.03287	0.02422	0.03287	0.02076	0.02768	0.01557	0.00865	0.01211	0.00346	0.01730	0.01211	0.00519	0.01384
39	0.03022	0.02443	0.07272	0.11496	0.03799	0.02423	0.06907	0.11700	0.15304	0.15441	0.02932	0.03033	0.02099	0.01237	0.01230	0.00341	0.05927	0.01013	0.00857	0.01524

[dist]
# distance from previous block
# <min> <max>
0	1

[block]
# block no. 1 follows, 14 sequences, length 39
# corresponding to MSA columns:
# 557-595
name=unknown_B
#
# <colnr> <probs for GDERKNQSTAVLIFYWHMCP>
#	G	D	E	R	K	N	Q	S	T	A	V	L	I	F	Y	W	H	M	C	P
0	0.02238	0.01404	0.01495	0.01342	0.01710	0.01476	0.01042	0.11268	0.07561	0.04352	0.10953	0.04148	0.03537	0.01349	0.00869	0.00273	0.00618	0.01098	0.42115	0.01151
1	0.02784	0.02348	0.03303	0.28473	0.11245	0.06401	0.05585	0.11331	0.02679	0.09266	0.02148	0.02664	0.01590	0.01107	0.01158	0.00330	0.04635	0.00927	0.00649	0.01375
2	0.02245	0.02245	0.03143	0.02694	0.02694	0.03143	0.02245	0.02470	0.01572	0.02470	0.01347	0.02245	0.01347	0.01796	0.03368	0.00449	0.62057	0.00898	0.00449	0.01123
3	0.02203	0.02820	0.16615	0.02704	0.12179	0.01868	0.02207	0.03006	0.05166	0.03375	0.01978	0.02302	0.01573	0.00875	0.00873	0.00232	0.01029	0.00728	0.00572	0.37697
4	0.03833	0.04891	0.02908	0.02644	0.03173	0.59815	0.01983	0.04098	0.02908	0.02512	0.01586	0.01851	0.01322	0.01058	0.00925	0.00264	0.01851	0.00661	0.00529	0.01190
5	0.01286	0.01025	0.01152	0.01157	0.01440	0.00892	0.00854	0.01600	0.02457	0.03137	0.23124	0.15473	0.37728	0.02528	0.01223	0.00348	0.00518	0.02165	0.01003	0.00892
6	0.01427	0.01048	0.01336	0.01264	0.01517	0.00957	0.00948	0.01887	0.02845	0.03972	0.52035	0.07901	0.14729	0.02151	0.01211	0.00325	0.00488	0.01889	0.01111	0.00957
7	0.03092	0.02984	0.09568	0.11010	0.03788	0.12080	0.05114	0.08888	0.02593	0.13948	0.02199	0.02536	0.01627	0.01253	0.01521	0.00342	0.14496	0.00890	0.00687	0.01385
8	0.01250	0.00893	0.01191	0.01429	0.01488	0.00834	0.00953	0.01429	0.01965	0.02620	0.05656	0.63265	0.06787	0.03215	0.01310	0.00417	0.00595	0.02917	0.00953	0.00834
9	0.02008	0.02084	0.07694	0.04082	0.30471	0.01813	0.02371	0.02515	0.02200	0.03081	0.03405	0.23314	0.03611	0.01818	0.01138	0.00355	0.01018	0.05035	0.00680	0.01306
10	0.08390	0.02016	0.03250	0.40086	0.21180	0.02328	0.02779	0.02810	0.02106	0.03013	0.01819	0.02582	0.01419	0.00987	0.00988	0.00329	0.01273	0.00880	0.00487	0.01278
11	0.01452	0.01049	0.01372	0.01291	0.01533	0.00968	0.00968	0.01937	0.02905	0.04115	0.56992	0.07666	0.09683	0.02098	0.01210	0.00323	0.00484	0.01856	0.01130	0.00968
12	0.01409	0.01047	0.01312	0.01246	0.01507	0.00950	0.00934	0.01853	0.02803	0.03873	0.48583	0.08065	0.18243	0.02188	0.01211	0.00327	0.00491	0.01912	0.01098	0.00950
13	0.02620	0.02555	0.03301	0.02692	0.03382	0.07035	0.14710	0.04805	0.38232	0.03902	0.03449	0.03409	0.02597	0.01234	0.01077	0.00341	0.01123	0.01134	0.00873	0.01530
14	0.71184	0.01985	0.01508	0.01350	0.01985	0.02302	0.01111	0.03017	0.01746	0.04604	0.01429	0.01667	0.01111	0.00953	0.00635	0.00318	0.00794	0.00556	0.00635	0.01111
15	0.03097	0.07443	0.09005	0.07824	0.07693	0.06568	0.02160	0.19023	0.06790	0.09142	0.02348	0.02508	0.01735	0.01082	0.00956	0.00288	0.01159	0.00848	0.00768	0.09563
16	0.02870	0.02660	0.03994	0.07682	0.22874	0.07607	0.14237	0.08237	0.08336	0.07667	0.02371	0.02743	0.01806	0.01029	0.01058	0.00319	0.01324	0.00995	0.00670	0.01522
17	0.02496	0.01513	0.01955	0.01672	0.02174	0.01371	0.01291	0.02819	0.02240	0.17788	0.03727	0.23972	0.03629	0.01849	0.01251	0.00315	0.06015	0.01558	0.00893	0.21472
18	0.03228	0.35041	0.07995	0.02104	0.02935	0.15997	0.01945	0.08915	0.02641	0.07918	0.01836	0.01980	0.01472	0.00997	0.00812	0.00255	0.01277	0.00671	0.00595	0.01386
19	0.04002	0.03190	0.02920	0.02342	0.03086	0.17073	0.01885	0.33370	0.04029	0.14151	0.02510	0.02483	0.01772	0.01195	0.01002	0.00299	0.01267	0.00876	0.00943	0.01606
20	0.01361	0.01045	0.01244	0.01195	0.01477	0.00929	0.00896	0.01759	0.02688	0.03601	0.39136	0.08513	0.27860	0.02290	0.01211	0.00332	0.00498	0.01975	0.01062	0.00929
21	0.01492	0.00995	0.01119	0.01119	0.01119	0.00995	0.00622	0.01492	0.01492	0.01990	0.03233	0.06716	0.03731	0.63935	0.05223	0.00995	0.00995	0.01492	0.00622	0.00622
22	0.01250	0.00893	0.01191	0.01429	0.01488	0.00834	0.00953	0.01429	0.01965	0.02620	0.05656	0.63265	0.06787	0.03215	0.01310	0.00417	0.00595	0.02917	0.00953	0.00834
23	0.01452	0.01049	0.01372	0.01291	0.01533	0.00968	0.00968	0.01937	0.02905	0.04115	0.56992	0.07666	0.09683	0.02098	0.01210	0.00323	0.00484	0.01856	0.01130	0.00968
24	0.01492	0.00995	0.01119	0.01119	0.01119	0.00995	0.00622	0.01492	0.01492	0.01990	0.03233	0.06716	0.03731	0.63935	0.05223	0.00995	0.00995	0.01492	0.00622	0.00622
25	0.02117	0.10414	0.54030	0.02824	0.04286	0.02528	0.03616	0.03235	0.02160	0.03178	0.01806	0.02122	0.01301	0.00967	0.00948	0.00316	0.01481	0.00740	0.00434	0.01499
26	0.01466	0.01100	0.01649	0.01649	0.01833	0.01283	0.01283	0.01833	0.01649	0.02382	0.02749	0.04032	0.02566	0.07697	0.59868	0.01649	0.02749	0.01100	0.00550	0.00916
27	0.02145	0.01025	0.01079	0.01031	0.01318	0.01004	0.00786	0.02616	0.02220	0.08516	0.03408	0.03797	0.02623	0.01202	0.00744	0.00246	0.00512	0.00963	0.63740	0.01025
28	0.02479	0.10684	0.32816	0.02376	0.03592	0.02331	0.02724	0.06317	0.02377	0.08111	0.02020	0.02233	0.01481	0.00961	0.00903	0.00276	0.01235	0.00738	0.00578	0.15767
29	0.02245	0.02245	0.03143	0.02694	0.02694	0.03143	0.02245	0.02470	0.01572	0.02470	0.01347	0.02245	0.01347	0.01796	0.03368	0.00449	0.62057	0.00898	0.00449	0.01123
30	0.02671	0.58249	0.11042	0.01880	0.02826	0.03882	0.01972	0.03092	0.02094	0.02503	0.01471	0.01702	0.01315	0.00888	0.00692	0.00231	0.01142	0.00571	0.00438	0.01338
31	0.01390	0.00994	0.01348	0.01563	0.01691	0.00951	0.01173	0.01682	0.02154	0.02864	0.09132	0.43275	0.06712	0.03019	0.01337	0.00428	0.00697	0.17750	0.00962	0.00878
32	0.37271	0.01964	0.02015	0.01640	0.02358	0.02048	0.01353	0.08417	0.02521	0.27245	0.02619	0.02503	0.01767	0.01111	0.00836	0.00317	0.00857	0.00788	0.00936	0.01434
33	0.02227	0.02062	0.03308	0.40648	0.16799	0.02454	0.02794	0.06309	0.02261	0.03027	0.01847	0.02632	0.01445	0.01087	0.01236	0.00342	0.06823	0.00912	0.00506	0.01281
34	0.01247	0.00906	0.01177	0.01394	0.01479	0.00837	0.00937	0.01433	0.01999	0.02634	0.06086	0.58425	0.11350	0.03159	0.01301	0.00410	0.00589	0.02849	0.00953	0.00837
35	0.01294	0.00974	0.01198	0.01287	0.01473	0.00878	0.00910	0.01577	0.02317	0.03061	0.20680	0.33970	0.21146	0.02750	0.01257	0.00373	0.00545	0.02430	0.01000	0.00878
36	0.02629	0.54628	0.14296	0.01952	0.02937	0.03780	0.02097	0.03103	0.02099	0.02554	0.01496	0.01733	0.01314	0.00894	0.00711	0.00237	0.01168	0.00584	0.00438	0.01350
37	0.03216	0.02715	0.02701	0.07579	0.03210	0.10844	0.01852	0.29709	0.07766	0.04698	0.02675	0.03510	0.02221	0.07969	0.01483	0.00391	0.01204	0.03968	0.00857	0.01433
38	0.01539	0.01159	0.01586	0.01704	0.01863	0.01205	0.01355	0.01896	0.02260	0.03059	0.14445	0.26836	0.06466	0.02733	0.01520	0.00425	0.06213	0.21871	0.00936	0.00929

[dist]
# distance from previous block
# <min> <max>
0	25

[block]
# block no. 2 follows, 14 sequences, length 27
# corresponding to MSA columns:
# 621-647
name=unknown_C
#
# <colnr> <probs for GDERKNQSTAVLIFYWHMCP>
#	G	D	E	R	K	N	Q	S	T	A	V	L	I	F	Y	W	H	M	C	P
0	0.06569	0.02137	0.02479	0.02142	0.07262	0.01997	0.01563	0.13516	0.07689	0.04149	0.02162	0.02364	0.01702	0.00940	0.00856	0.00225	0.00882	0.00748	0.00728	0.39891
1	0.01446	0.00976	0.01133	0.01178	0.01189	0.00964	0.00685	0.01480	0.01582	0.02109	0.03694	0.17456	0.04311	0.52402	0.04480	0.00885	0.00919	0.01763	0.00685	0.00662
2	0.02765	0.02224	0.02482	0.02117	0.02647	0.02546	0.01684	0.20445	0.24645	0.04683	0.08520	0.07761	0.03384	0.01577	0.01311	0.00348	0.07141	0.01246	0.00979	0.01494
3	0.01926	0.03054	0.24667	0.02357	0.03195	0.01916	0.05677	0.03079	0.11736	0.03277	0.03952	0.14459	0.07100	0.01756	0.01128	0.00365	0.01111	0.07216	0.00733	0.01298
4	0.03959	0.02782	0.03022	0.02317	0.03136	0.03045	0.01914	0.50076	0.04670	0.10722	0.02594	0.02548	0.01811	0.01235	0.01027	0.00309	0.01108	0.00933	0.01047	0.01745
5	0.02058	0.05308	0.58618	0.02925	0.04442	0.02383	0.03792	0.03250	0.02167	0.03250	0.01842	0.02167	0.01300	0.00975	0.00975	0.00325	0.01517	0.00758	0.00433	0.01517
6	0.01785	0.01326	0.01576	0.01412	0.01760	0.01288	0.01086	0.09808	0.03102	0.04247	0.40833	0.07246	0.16465	0.02050	0.01183	0.00325	0.00588	0.01766	0.01084	0.01069
7	0.02540	0.02438	0.04165	0.06299	0.57533	0.02438	0.03149	0.03149	0.02337	0.03353	0.01930	0.02540	0.01626	0.00914	0.01016	0.00305	0.01219	0.00914	0.00508	0.01626
8	0.07216	0.01372	0.01375	0.01235	0.01607	0.01450	0.00966	0.11667	0.02600	0.04353	0.03053	0.03429	0.02364	0.01185	0.00767	0.00257	0.00617	0.00922	0.52458	0.01108
9	0.01250	0.00893	0.01191	0.01429	0.01488	0.00834	0.00953	0.01429	0.01965	0.02620	0.05656	0.63265	0.06787	0.03215	0.01310	0.00417	0.00595	0.02917	0.00953	0.00834
10	0.01500	0.01062	0.01374	0.01514	0.01727	0.01014	0.01209	0.01882	0.02333	0.03145	0.13399	0.21541	0.13054	0.02647	0.01280	0.00403	0.00708	0.22677	0.06618	0.00914
11	0.01909	0.01728	0.02741	0.17942	0.07666	0.01929	0.07267	0.02626	0.07149	0.03027	0.07052	0.17176	0.03729	0.01820	0.01380	0.00377	0.06923	0.05693	0.00718	0.01148
12	0.02422	0.02768	0.06055	0.04325	0.05363	0.02595	0.53806	0.03287	0.02422	0.03287	0.02076	0.02768	0.01557	0.00865	0.01211	0.00346	0.01730	0.01211	0.00519	0.01384
13	0.01483	0.01127	0.01392	0.01547	0.01699	0.01140	0.01073	0.02147	0.11552	0.02918	0.05392	0.52656	0.06135	0.02890	0.01262	0.00405	0.00634	0.02604	0.00969	0.00975
14	0.01250	0.00893	0.01191	0.01429	0.01488	0.00834	0.00953	0.01429	0.01965	0.02620	0.05656	0.63265	0.06787	0.03215	0.01310	0.00417	0.00595	0.02917	0.00953	0.00834
15	0.02519	0.03426	0.21939	0.13816	0.08595	0.02576	0.14540	0.13249	0.02744	0.03793	0.02021	0.02490	0.01482	0.01006	0.01051	0.00328	0.01441	0.00932	0.00580	0.01472
16	0.04604	0.01746	0.02382	0.01826	0.02620	0.01508	0.01508	0.05001	0.02937	0.58244	0.04049	0.03493	0.02540	0.01270	0.01032	0.00318	0.00873	0.01032	0.01270	0.01746
17	0.01418	0.01023	0.01341	0.01314	0.01526	0.00946	0.00966	0.01851	0.02746	0.03863	0.48343	0.17033	0.09195	0.02286	0.01227	0.00339	0.00503	0.02035	0.01100	0.00946
18	0.03150	0.07101	0.21255	0.02280	0.03225	0.02263	0.02353	0.10357	0.02774	0.21654	0.06562	0.03009	0.02374	0.01240	0.01172	0.00322	0.05585	0.00946	0.00837	0.01541
19	0.01475	0.01065	0.01476	0.01476	0.01599	0.01189	0.01067	0.01721	0.01598	0.02254	0.02907	0.04910	0.02947	0.26095	0.41991	0.01435	0.02175	0.01228	0.00573	0.00820
20	0.01250	0.00893	0.01191	0.01429	0.01488	0.00834	0.00953	0.01429	0.01965	0.02620	0.05656	0.63265	0.06787	0.03215	0.01310	0.00417	0.00595	0.02917	0.00953	0.00834
21	0.02245	0.02245	0.03143	0.02694	0.02694	0.03143	0.02245	0.02470	0.01572	0.02470	0.01347	0.02245	0.01347	0.01796	0.03368	0.00449	0.62057	0.00898	0.00449	0.01123
22	0.07760	0.29839	0.13812	0.06932	0.03349	0.03123	0.02166	0.10270	0.02532	0.08674	0.01929	0.02121	0.01480	0.00999	0.00830	0.00277	0.01156	0.00715	0.00614	0.01424
23	0.02042	0.01952	0.03170	0.45910	0.09905	0.02461	0.02753	0.02631	0.01979	0.02646	0.01738	0.02625	0.01383	0.01169	0.01484	0.00360	0.13252	0.00909	0.00458	0.01172
24	0.06754	0.01110	0.01569	0.01739	0.06135	0.01133	0.01073	0.01625	0.01465	0.02136	0.01906	0.03303	0.01904	0.08803	0.03630	0.52777	0.00922	0.00926	0.00481	0.00610
25	0.01469	0.01157	0.01339	0.01274	0.01588	0.01083	0.00961	0.02103	0.07779	0.03632	0.34534	0.08120	0.26732	0.02217	0.01195	0.00334	0.00529	0.01904	0.01056	0.00994
26	0.01533	0.01073	0.01389	0.01486	0.01632	0.01054	0.01129	0.01829	0.02146	0.02876	0.14490	0.12887	0.05959	0.23121	0.02641	0.00615	0.00849	0.21583	0.00873	0.00834

[dist]
# distance from previous block
# <min> <max>
0	6

[block]
# block no. 3 follows, 14 sequences, length 13
# corresponding to MSA columns:
# 654-666
name=unknown_D
#
# <colnr> <probs for GDERKNQSTAVLIFYWHMCP>
#	G	D	E	R	K	N	Q	S	T	A	V	L	I	F	Y	W	H	M	C	P
0	0.02455	0.02325	0.03135	0.02652	0.02756	0.03148	0.02208	0.09013	0.01984	0.02976	0.01489	0.02273	0.01398	0.01725	0.03071	0.00431	0.54337	0.00901	0.00522	0.01201
1	0.01938	0.01824	0.03078	0.61468	0.07068	0.02280	0.02850	0.02622	0.02052	0.02622	0.01824	0.02736	0.01368	0.01026	0.01026	0.00342	0.01368	0.00912	0.00456	0.01140
2	0.02744	0.64552	0.05378	0.01756	0.02634	0.04061	0.01756	0.03073	0.02085	0.02414	0.01427	0.01646	0.01317	0.00878	0.00658	0.00219	0.01097	0.00549	0.00439	0.01317
3	0.01238	0.00942	0.01140	0.01298	0.01454	0.00845	0.00894	0.01444	0.02091	0.02671	0.07250	0.45313	0.23711	0.03008	0.01277	0.00393	0.00570	0.02665	0.00953	0.00845
4	0.02540	0.02438	0.04165	0.06299	0.57533	0.02438	0.03149	0.03149	0.02337	0.03353	0.01930	0.02540	0.01626	0.00914	0.01016	0.00305	0.01219	0.00914	0.00508	0.01626
5	0.01386	0.01024	0.01338	0.01480	0.01652	0.00925	0.01045	0.01622	0.02019	0.02742	0.05201	0.51710	0.06111	0.02902	0.01257	0.00392	0.00645	0.06916	0.00913	0.08717
6	0.03676	0.02741	0.02959	0.02255	0.03087	0.02953	0.01857	0.47583	0.04483	0.06072	0.02383	0.02421	0.01717	0.01172	0.00993	0.00288	0.01082	0.00884	0.00974	0.10420
7	0.03833	0.04891	0.02908	0.02644	0.03173	0.59815	0.01983	0.04098	0.02908	0.02512	0.01586	0.01851	0.01322	0.01058	0.00925	0.00264	0.01851	0.00661	0.00529	0.01190
8	0.01250	0.00893	0.01191	0.01429	0.01488	0.00834	0.00953	0.01429	0.01965	0.02620	0.05656	0.63265	0.06787	0.03215	0.01310	0.00417	0.00595	0.02917	0.00953	0.00834
9	0.01250	0.00893	0.01191	0.01429	0.01488	0.00834	0.00953	0.01429	0.01965	0.02620	0.05656	0.63265	0.06787	0.03215	0.01310	0.00417	0.00595	0.02917	0.00953	0.00834
10	0.01354	0.00976	0.01336	0.01463	0.01556	0.01006	0.01020	0.01573	0.01797	0.02458	0.04362	0.35969	0.04969	0.12645	0.21511	0.00907	0.01372	0.02120	0.00774	0.00834
11	0.03064	0.10307	0.02892	0.02263	0.02857	0.24620	0.01776	0.04665	0.29418	0.03399	0.02874	0.02825	0.02234	0.01206	0.00955	0.00301	0.01242	0.00900	0.00778	0.01423
12	0.02878	0.03380	0.09728	0.02856	0.03406	0.16419	0.08596	0.11023	0.02562	0.03285	0.01721	0.02240	0.01423	0.01327	0.01893	0.00357	0.24162	0.00868	0.00564	0.01311

[dist]
# distance from previous block
# <min> <max>
0	25

[block]
# block no. 4 follows, 14 sequences, length 19
# corresponding to MSA columns:
# 692-710
name=unknown_E
#
# <colnr> <probs for GDERKNQSTAVLIFYWHMCP>
#	G	D	E	R	K	N	Q	S	T	A	V	L	I	F	Y	W	H	M	C	P
0	0.02455	0.08862	0.08129	0.22980	0.04431	0.02746	0.02372	0.10043	0.13924	0.03502	0.02321	0.02718	0.01784	0.01198	0.01250	0.00337	0.08009	0.00914	0.00653	0.01373
1	0.71184	0.01985	0.01508	0.01350	0.01985	0.02302	0.01111	0.03017	0.01746	0.04604	0.01429	0.01667	0.01111	0.00953	0.00635	0.00318	0.00794	0.00556	0.00635	0.01111
2	0.02184	0.03268	0.22760	0.08938	0.04114	0.02490	0.11687	0.03162	0.06858	0.03157	0.02087	0.02610	0.01618	0.01190	0.01525	0.00353	0.14443	0.00933	0.05281	0.01341
3	0.01250	0.00893	0.01191	0.01429	0.01488	0.00834	0.00953	0.01429	0.01965	0.02620	0.05656	0.63265	0.06787	0.03215	0.01310	0.00417	0.00595	0.02917	0.00953	0.00834
4	0.02540	0.02438	0.04165	0.06299	0.57533	0.02438	0.03149	0.03149	0.02337	0.03353	0.01930	0.02540	0.01626	0.00914	0.01016	0.00305	0.01219	0.00914	0.00508	0.01626
5	0.01269	0.00926	0.01195	0.01373	0.01483	0.00852	0.00937	0.01490	0.02109	0.02803	0.11902	0.51532	0.12295	0.03026	0.01289	0.00399	0.00575	0.02721	0.00973	0.00852
6	0.01913	0.00956	0.00956	0.00956	0.01196	0.00956	0.00717	0.02391	0.02152	0.03826	0.03348	0.03826	0.02630	0.01196	0.00717	0.00239	0.00478	0.00956	0.69632	0.00956
7	0.02744	0.64552	0.05378	0.01756	0.02634	0.04061	0.01756	0.03073	0.02085	0.02414	0.01427	0.01646	0.01317	0.00878	0.00658	0.00219	0.01097	0.00549	0.00439	0.01317
8	0.01489	0.01009	0.01188	0.01188	0.01212	0.01032	0.00708	0.01537	0.01513	0.02041	0.03170	0.06365	0.03579	0.56589	0.12361	0.01080	0.01224	0.01441	0.00612	0.00660
9	0.71184	0.01985	0.01508	0.01350	0.01985	0.02302	0.01111	0.03017	0.01746	0.04604	0.01429	0.01667	0.01111	0.00953	0.00635	0.00318	0.00794	0.00556	0.00635	0.01111
10	0.01250	0.00893	0.01191	0.01429	0.01488	0.00834	0.00953	0.01429	0.01965	0.02620	0.05656	0.63265	0.06787	0.03215	0.01310	0.00417	0.00595	0.02917	0.00953	0.00834
11	0.04251	0.01668	0.02268	0.01766	0.02498	0.01448	0.01448	0.04657	0.02934	0.52173	0.09986	0.03961	0.03341	0.01363	0.01052	0.00318	0.00830	0.01124	0.01254	0.01659
12	0.02150	0.01937	0.03078	0.55097	0.06649	0.02377	0.02753	0.08172	0.02351	0.03036	0.01893	0.02707	0.01409	0.01048	0.01026	0.00338	0.01342	0.00913	0.00517	0.01205
13	0.02049	0.01689	0.02309	0.15001	0.03272	0.02019	0.01792	0.08511	0.08358	0.03114	0.02581	0.03540	0.02233	0.07535	0.25020	0.00910	0.07236	0.01050	0.00637	0.01145
14	0.01631	0.01136	0.01385	0.01353	0.01468	0.01197	0.00903	0.01999	0.07469	0.02471	0.07901	0.05632	0.03783	0.35384	0.13515	0.08731	0.01214	0.01355	0.00681	0.00791
15	0.10321	0.06103	0.09969	0.02544	0.03339	0.02229	0.14387	0.03520	0.02400	0.18871	0.07336	0.03102	0.02448	0.01209	0.01260	0.00334	0.07426	0.01023	0.00776	0.01405
16	0.02403	0.01888	0.02327	0.01751	0.02496	0.01685	0.01421	0.02813	0.02117	0.08849	0.01972	0.02288	0.01596	0.00989	0.01232	0.00220	0.11206	0.00701	0.00649	0.51398
17	0.09395	0.01665	0.05320	0.13655	0.02926	0.01690	0.01616	0.02142	0.01922	0.02849	0.08877	0.04452	0.09081	0.08909	0.05778	0.09617	0.07353	0.01181	0.00626	0.00947
18	0.08403	0.06625	0.18697	0.05590	0.03123	0.08330	0.02093	0.02924	0.02270	0.03375	0.07844	0.02855	0.02374	0.01087	0.00884	0.00273	0.01101	0.00840	0.08028	0.13283

[dist]
# distance from previous block
# <min> <max>
1	32

[block]
# block no. 5 follows, 14 sequences, length 83
# corresponding to MSA columns:
# 743-825
name=unknown_F
#
# <colnr> <probs for GDERKNQSTAVLIFYWHMCP>
#	G	D	E	R	K	N	Q	S	T	A	V	L	I	F	Y	W	H	M	C	P
0	0.03291	0.06109	0.02485	0.01788	0.02529	0.05515	0.01464	0.13515	0.02969	0.20498	0.03338	0.03264	0.06105	0.01203	0.00930	0.00265	0.00919	0.00940	0.05830	0.17044
1	0.01500	0.01128	0.01662	0.05507	0.02173	0.01246	0.01407	0.01877	0.01886	0.02590	0.03785	0.15977	0.03958	0.05421	0.33061	0.01092	0.01889	0.12220	0.00701	0.00922
2	0.02553	0.02204	0.02320	0.02088	0.02669	0.02553	0.01624	0.05453	0.55679	0.04293	0.04177	0.03829	0.03133	0.01392	0.01044	0.00348	0.00812	0.01160	0.01044	0.01624
3	0.02128	0.01824	0.02128	0.01520	0.02432	0.01368	0.01216	0.02584	0.02128	0.03344	0.01824	0.02128	0.01520	0.00760	0.00760	0.00152	0.00760	0.00608	0.00608	0.70208
4	0.17862	0.02622	0.03003	0.21236	0.19430	0.13384	0.02381	0.03142	0.02229	0.03248	0.01721	0.02273	0.01375	0.00984	0.00917	0.00311	0.01291	0.00785	0.00524	0.01280
5	0.01452	0.01049	0.01372	0.01291	0.01533	0.00968	0.00968	0.01937	0.02905	0.04115	0.56992	0.07666	0.09683	0.02098	0.01210	0.00323	0.00484	0.01856	0.01130	0.00968
6	0.01561	0.01163	0.01465	0.01369	0.01645	0.01124	0.01033	0.02282	0.08091	0.04133	0.51802	0.07289	0.09039	0.02029	0.01194	0.00325	0.00516	0.01788	0.01121	0.01033
7	0.02553	0.02204	0.02320	0.02088	0.02669	0.02553	0.01624	0.05453	0.55679	0.04293	0.04177	0.03829	0.03133	0.01392	0.01044	0.00348	0.00812	0.01160	0.01044	0.01624
8	0.01250	0.00893	0.01191	0.01429	0.01488	0.00834	0.00953	0.01429	0.01965	0.02620	0.05656	0.63265	0.06787	0.03215	0.01310	0.00417	0.00595	0.02917	0.00953	0.00834
9	0.01783	0.00891	0.01337	0.01337	0.01337	0.00891	0.00891	0.01337	0.01337	0.01783	0.01783	0.03119	0.01783	0.03565	0.04011	0.70143	0.00891	0.00891	0.00446	0.00446
10	0.01466	0.01100	0.01649	0.01649	0.01833	0.01283	0.01283	0.01833	0.01649	0.02382	0.02749	0.04032	0.02566	0.07697	0.59868	0.01649	0.02749	0.01100	0.00550	0.00916
11	0.01938	0.01824	0.03078	0.61468	0.07068	0.02280	0.02850	0.02622	0.02052	0.02622	0.01824	0.02736	0.01368	0.01026	0.01026	0.00342	0.01368	0.00912	0.00456	0.01140
12	0.04535	0.01857	0.02450	0.01878	0.02675	0.01673	0.01552	0.09827	0.03123	0.53156	0.03893	0.03392	0.02462	0.01266	0.01031	0.00317	0.00898	0.01021	0.01246	0.01746
13	0.02128	0.01824	0.02128	0.01520	0.02432	0.01368	0.01216	0.02584	0.02128	0.03344	0.01824	0.02128	0.01520	0.00760	0.00760	0.00152	0.00760	0.00608	0.00608	0.70208
14	0.02058	0.05308	0.58618	0.02925	0.04442	0.02383	0.03792	0.03250	0.02167	0.03250	0.01842	0.02167	0.01300	0.00975	0.00975	0.00325	0.01517	0.00758	0.00433	0.01517
15	0.01364	0.00993	0.01284	0.01322	0.01507	0.00914	0.00949	0.01725	0.02533	0.03492	0.35577	0.27423	0.12040	0.02527	0.01246	0.00358	0.00526	0.02252	0.01055	0.00914
16	0.01248	0.00904	0.01180	0.01401	0.01481	0.00836	0.00940	0.01432	0.01991	0.02631	0.05994	0.59463	0.10372	0.03171	0.01303	0.00412	0.00590	0.02864	0.00953	0.00836
17	0.01319	0.00922	0.01171	0.01342	0.01384	0.00879	0.00859	0.01447	0.01831	0.02442	0.04972	0.47307	0.05925	0.20350	0.02414	0.00580	0.00708	0.02515	0.00859	0.00774
18	0.71184	0.01985	0.01508	0.01350	0.01985	0.02302	0.01111	0.03017	0.01746	0.04604	0.01429	0.01667	0.01111	0.00953	0.00635	0.00318	0.00794	0.00556	0.00635	0.01111
19	0.03178	0.06781	0.07010	0.02123	0.02879	0.02308	0.05425	0.13790	0.14509	0.17148	0.03183	0.03130	0.02278	0.01200	0.00973	0.00307	0.00981	0.00987	0.10272	0.01539
20	0.02540	0.17055	0.34181	0.08280	0.04067	0.02610	0.02955	0.03390	0.02243	0.10519	0.02053	0.02293	0.01480	0.01000	0.00921	0.00303	0.01325	0.00766	0.00551	0.01469
21	0.02369	0.03022	0.18415	0.07262	0.07529	0.02263	0.14608	0.03605	0.12831	0.07309	0.03292	0.03493	0.06885	0.01199	0.01076	0.00336	0.01262	0.01112	0.00687	0.01444
22	0.01466	0.01100	0.01649	0.01649	0.01833	0.01283	0.01283	0.01833	0.01649	0.02382	0.02749	0.04032	0.02566	0.07697	0.59868	0.01649	0.02749	0.01100	0.00550	0.00916
23	0.02742	0.30039	0.03741	0.01961	0.02693	0.03273	0.01708	0.08139	0.27882	0.03623	0.02819	0.02751	0.02217	0.01151	0.00871	0.00288	0.00964	0.00870	0.00773	0.01497
24	0.09690	0.03818	0.33540	0.02423	0.03604	0.02179	0.02764	0.06971	0.02513	0.19155	0.02465	0.02512	0.01661	0.01073	0.00961	0.00321	0.01239	0.00826	0.00728	0.01556
25	0.04419	0.02044	0.02566	0.01967	0.02768	0.01949	0.01625	0.17944	0.03435	0.44599	0.03631	0.03222	0.02331	0.01260	0.01031	0.00315	0.00941	0.01004	0.01206	0.01746
26	0.01305	0.01043	0.01167	0.01136	0.01442	0.00905	0.00852	0.01650	0.02556	0.03287	0.28242	0.09029	0.38950	0.02407	0.01212	0.00337	0.00506	0.02047	0.01021	0.00905
27	0.02744	0.64552	0.05378	0.01756	0.02634	0.04061	0.01756	0.03073	0.02085	0.02414	0.01427	0.01646	0.01317	0.00878	0.00658	0.00219	0.01097	0.00549	0.00439	0.01317
28	0.01837	0.01588	0.01607	0.01721	0.01966	0.09055	0.01366	0.02201	0.02363	0.02993	0.08260	0.20885	0.09110	0.02490	0.01245	0.00396	0.00896	0.22882	0.06190	0.00950
29	0.01783	0.00891	0.01337	0.01337	0.01337	0.00891	0.00891	0.01337	0.01337	0.01783	0.01783	0.03119	0.01783	0.03565	0.04011	0.70143	0.00891	0.00891	0.00446	0.00446
30	0.04266	0.02290	0.02718	0.02084	0.02891	0.02315	0.01721	0.28659	0.03847	0.33302	0.03285	0.02997	0.02157	0.01252	0.01029	0.00313	0.00997	0.00980	0.01153	0.01746
31	0.02167	0.01131	0.01381	0.01251	0.01585	0.01055	0.00962	0.02634	0.02616	0.13186	0.27020	0.05455	0.05712	0.01604	0.00987	0.00289	0.00548	0.01364	0.27956	0.01096
32	0.71184	0.01985	0.01508	0.01350	0.01985	0.02302	0.01111	0.03017	0.01746	0.04604	0.01429	0.01667	0.01111	0.00953	0.00635	0.00318	0.00794	0.00556	0.00635	0.01111
33	0.02430	0.01108	0.01230	0.01124	0.01469	0.01063	0.00869	0.02893	0.02303	0.14282	0.03482	0.03762	0.02613	0.01210	0.00778	0.00254	0.00554	0.00971	0.56497	0.01108
34	0.01334	0.01044	0.01208	0.01167	0.01461	0.00918	0.00875	0.01708	0.02626	0.03453	0.34002	0.08756	0.33086	0.02345	0.01212	0.00334	0.00502	0.02009	0.01042	0.00918
35	0.01355	0.00943	0.01178	0.01304	0.01355	0.00904	0.00831	0.01491	0.01862	0.02502	0.08712	0.38050	0.05879	0.25607	0.02751	0.00624	0.00735	0.02308	0.00844	0.00766
36	0.15754	0.01786	0.02235	0.01746	0.02513	0.01641	0.01442	0.04669	0.02738	0.49261	0.03610	0.03187	0.02301	0.01217	0.00966	0.00318	0.00860	0.00952	0.01164	0.01640
37	0.02058	0.05308	0.58618	0.02925	0.04442	0.02383	0.03792	0.03250	0.02167	0.03250	0.01842	0.02167	0.01300	0.00975	0.00975	0.00325	0.01517	0.00758	0.00433	0.01517
38	0.01301	0.00914	0.01176	0.01364	0.01411	0.00867	0.00883	0.01442	0.01865	0.02487	0.05146	0.51367	0.06144	0.15991	0.02133	0.00538	0.00679	0.02618	0.00883	0.00789
39	0.01264	0.00904	0.01203	0.01420	0.01491	0.00843	0.00954	0.01463	0.02028	0.02721	0.09126	0.59507	0.06983	0.03140	0.01303	0.00410	0.00588	0.02846	0.00965	0.00843
40	0.02418	0.02219	0.03473	0.25271	0.28949	0.02446	0.02771	0.06692	0.09047	0.03419	0.02208	0.02766	0.01729	0.01035	0.01024	0.00324	0.01216	0.00945	0.00591	0.01460
41	0.20302	0.02847	0.02667	0.02310	0.02668	0.16035	0.01869	0.07657	0.02219	0.03384	0.01524	0.02027	0.01317	0.01360	0.01896	0.00360	0.27039	0.00758	0.00567	0.01192
42	0.02591	0.12576	0.41780	0.02579	0.03885	0.02455	0.03125	0.03530	0.02289	0.12675	0.02169	0.02327	0.01517	0.01013	0.00943	0.00310	0.01349	0.00778	0.00579	0.01530
43	0.02128	0.01824	0.02128	0.01520	0.02432	0.01368	0.01216	0.02584	0.02128	0.03344	0.01824	0.02128	0.01520	0.00760	0.00760	0.00152	0.00760	0.00608	0.00608	0.70208
44	0.01250	0.00893	0.01191	0.01429	0.01488	0.00834	0.00953	0.01429	0.01965	0.02620	0.05656	0.63265	0.06787	0.03215	0.01310	0.00417	0.00595	0.02917	0.00953	0.00834
45	0.01492	0.00995	0.01119	0.01119	0.01119	0.00995	0.00622	0.01492	0.01492	0.01990	0.03233	0.06716	0.03731	0.63935	0.05223	0.00995	0.00995	0.01492	0.00622	0.00622
46	0.02128	0.01824	0.02128	0.01520	0.02432	0.01368	0.01216	0.02584	0.02128	0.03344	0.01824	0.02128	0.01520	0.00760	0.00760	0.00152	0.00760	0.00608	0.00608	0.70208
47	0.30955	0.01841	0.02036	0.01637	0.02368	0.01822	0.01351	0.04216	0.02466	0.37015	0.03012	0.02770	0.01975	0.01144	0.00875	0.00318	0.00842	0.00843	0.01019	0.01495
48	0.02758	0.02613	0.08540	0.16747	0.19428	0.02506	0.06594	0.13483	0.06404	0.07388	0.02304	0.02700	0.01718	0.01059	0.01035	0.00322	0.01251	0.00949	0.00679	0.01521
49	0.03251	0.02686	0.02904	0.02375	0.03079	0.07883	0.05506	0.21707	0.26360	0.08292	0.03200	0.03087	0.02345	0.01262	0.01039	0.00325	0.01084	0.01030	0.00969	0.01617
50	0.02058	0.05308	0.58618	0.02925	0.04442	0.02383	0.03792	0.03250	0.02167	0.03250	0.01842	0.02167	0.01300	0.00975	0.00975	0.00325	0.01517	0.00758	0.00433	0.01517
51	0.06802	0.01410	0.01967	0.06274	0.02486	0.01354	0.05039	0.02575	0.02411	0.13548	0.12429	0.15961	0.15156	0.02050	0.01160	0.00359	0.00803	0.06148	0.00945	0.01122
52	0.02730	0.07948	0.34880	0.02646	0.03859	0.02325	0.06588	0.03788	0.06172	0.15496	0.02489	0.02590	0.01726	0.01056	0.00989	0.00320	0.01312	0.00867	0.00669	0.01553
53	0.02180	0.01557	0.02194	0.01946	0.02386	0.01586	0.08364	0.03185	0.13391	0.07089	0.04030	0.09850	0.03624	0.01713	0.01072	0.00346	0.00855	0.12225	0.21215	0.01192
54	0.01281	0.00915	0.01226	0.01464	0.01536	0.00860	0.01005	0.01481	0.01995	0.02654	0.05639	0.59381	0.06721	0.03186	0.01318	0.00421	0.00622	0.06502	0.00952	0.00842
55	0.02866	0.16501	0.14560	0.07794	0.03654	0.17250	0.06146	0.03418	0.02409	0.08190	0.02193	0.06555	0.01847	0.01161	0.00947	0.00296	0.01388	0.00918	0.00587	0.01321
56	0.01854	0.01202	0.01694	0.05618	0.02325	0.01192	0.01530	0.02255	0.02293	0.08343	0.05123	0.23990	0.05516	0.02665	0.01326	0.00434	0.00872	0.29815	0.00947	0.01007
57	0.01661	0.01408	0.02222	0.02064	0.02465	0.01331	0.10147	0.02141	0.02366	0.03025	0.06237	0.09633	0.19268	0.02440	0.01327	0.00417	0.00959	0.29017	0.00876	0.00997
58	0.09440	0.01551	0.01717	0.01489	0.01933	0.01613	0.01153	0.09422	0.06281	0.14365	0.03185	0.03789	0.02535	0.10212	0.05691	0.00482	0.00923	0.01025	0.21972	0.01220
59	0.10077	0.02917	0.02961	0.11289	0.14791	0.19105	0.02164	0.06855	0.02680	0.14259	0.02220	0.02464	0.01640	0.01066	0.00957	0.00302	0.01309	0.00828	0.00703	0.01411
60	0.01299	0.00929	0.01242	0.01448	0.01538	0.00872	0.01004	0.01528	0.02085	0.02799	0.10685	0.54120	0.07009	0.03078	0.01308	0.00411	0.00609	0.06211	0.00969	0.00855
61	0.01250	0.00893	0.01191	0.01429	0.01488	0.00834	0.00953	0.01429	0.01965	0.02620	0.05656	0.63265	0.06787	0.03215	0.01310	0.00417	0.00595	0.02917	0.00953	0.00834
62	0.71184	0.01985	0.01508	0.01350	0.01985	0.02302	0.01111	0.03017	0.01746	0.04604	0.01429	0.01667	0.01111	0.00953	0.00635	0.00318	0.00794	0.00556	0.00635	0.01111
63	0.03966	0.02447	0.02663	0.02088	0.02865	0.06587	0.01700	0.23348	0.07379	0.26921	0.03124	0.02913	0.02122	0.01214	0.01004	0.00301	0.01031	0.00944	0.01061	0.06323
64	0.02128	0.01824	0.02128	0.01520	0.02432	0.01368	0.01216	0.02584	0.02128	0.03344	0.01824	0.02128	0.01520	0.00760	0.00760	0.00152	0.00760	0.00608	0.00608	0.70208
65	0.08094	0.04251	0.02808	0.02486	0.03067	0.44479	0.01901	0.11341	0.06292	0.03325	0.01859	0.02047	0.01479	0.01096	0.00928	0.00279	0.01616	0.00722	0.00639	0.01291
66	0.02408	0.04384	0.40272	0.02689	0.03932	0.02526	0.03127	0.10736	0.12636	0.03894	0.02369	0.02522	0.01708	0.01089	0.00995	0.00327	0.01330	0.00857	0.00631	0.01569
67	0.02198	0.02181	0.03246	0.44344	0.14684	0.06684	0.02795	0.02809	0.02132	0.02723	0.01793	0.02606	0.01405	0.01059	0.01166	0.00337	0.05256	0.00893	0.00469	0.01221
68	0.01334	0.01145	0.01155	0.01134	0.01502	0.01019	0.00856	0.01833	0.07165	0.02910	0.09833	0.09329	0.52233	0.02490	0.01198	0.00347	0.00546	0.02075	0.00961	0.00935
69	0.01783	0.00891	0.01337	0.01337	0.01337	0.00891	0.00891	0.01337	0.01337	0.01783	0.01783	0.03119	0.01783	0.03565	0.04011	0.70143	0.00891	0.00891	0.00446	0.00446
70	0.02128	0.01824	0.02128	0.01520	0.02432	0.01368	0.01216	0.02584	0.02128	0.03344	0.01824	0.02128	0.01520	0.00760	0.00760	0.00152	0.00760	0.00608	0.00608	0.70208
71	0.64572	0.02072	0.01663	0.01449	0.02102	0.02389	0.01194	0.08038	0.02049	0.04787	0.01531	0.01745	0.01174	0.00980	0.00674	0.00317	0.00827	0.00592	0.00674	0.01174
72	0.01572	0.01010	0.01374	0.01461	0.01573	0.00988	0.01080	0.01682	0.01982	0.02660	0.12396	0.15824	0.05199	0.11713	0.02626	0.19684	0.00810	0.14826	0.00792	0.00748
73	0.14145	0.15508	0.03387	0.02120	0.02879	0.02901	0.06337	0.23471	0.03163	0.07907	0.02203	0.02583	0.01739	0.05910	0.01227	0.00348	0.01097	0.00862	0.00778	0.01434
74	0.09380	0.06964	0.03242	0.12652	0.18836	0.02389	0.02229	0.10421	0.02709	0.17704	0.02442	0.02656	0.01764	0.01067	0.00961	0.00309	0.01095	0.00885	0.00771	0.01525
75	0.01272	0.00924	0.01206	0.01422	0.01519	0.00858	0.00981	0.01476	0.02023	0.02662	0.06071	0.55216	0.11286	0.03136	0.01308	0.00414	0.00610	0.05821	0.00952	0.00843
76	0.02049	0.01740	0.02043	0.01512	0.02347	0.01320	0.01192	0.02479	0.02113	0.03278	0.02171	0.07659	0.01996	0.00982	0.00810	0.00176	0.00745	0.00817	0.00639	0.63932
77	0.15000	0.02878	0.02865	0.02859	0.10176	0.17687	0.02034	0.03316	0.02182	0.08021	0.01748	0.02193	0.01445	0.01286	0.01713	0.00346	0.21612	0.00790	0.00585	0.01263
78	0.03340	0.01580	0.02033	0.01707	0.02246	0.01499	0.01330	0.04023	0.11141	0.32637	0.07668	0.07728	0.03419	0.06193	0.01657	0.07239	0.00829	0.01247	0.01076	0.01406
79	0.17527	0.06055	0.02682	0.06007	0.07013	0.02483	0.01745	0.14558	0.12126	0.11776	0.02574	0.02625	0.01888	0.01117	0.00907	0.00305	0.00964	0.00857	0.00841	0.05948
80	0.02749	0.02798	0.07386	0.10683	0.17517	0.07749	0.02414	0.11369	0.19008	0.03923	0.02644	0.02856	0.02019	0.01139	0.01016	0.00321	0.01180	0.00956	0.00738	0.01535
81	0.01836	0.01214	0.01439	0.01408	0.01577	0.01247	0.00943	0.02340	0.09432	0.06797	0.03853	0.16536	0.04047	0.34693	0.07488	0.00788	0.01010	0.01650	0.00789	0.00912
82	0.02146	0.01952	0.03235	0.19733	0.20371	0.02059	0.07394	0.05836	0.02504	0.03433	0.12794	0.07932	0.03472	0.01352	0.01097	0.00331	0.01119	0.01267	0.00678	0.01293

[dist]
# distance from previous block
# <min> <max>
0	1

[block]
# block no. 6 follows, 14 sequences, length 8
# corresponding to MSA columns:
# 827-834
name=unknown_G
#
# <colnr> <probs for GDERKNQSTAVLIFYWHMCP>
#	G	D	E	R	K	N	Q	S	T	A	V	L	I	F	Y	W	H	M	C	P
0	0.01748	0.01294	0.01532	0.01423	0.01711	0.01207	0.00990	0.06396	0.02168	0.03010	0.07463	0.24201	0.04550	0.21579	0.02401	0.00531	0.00793	0.01765	0.00800	0.14436
1	0.02128	0.01824	0.02128	0.01520	0.02432	0.01368	0.01216	0.02584	0.02128	0.03344	0.01824	0.02128	0.01520	0.00760	0.00760	0.00152	0.00760	0.00608	0.00608	0.70208
2	0.02650	0.25319	0.21062	0.02165	0.03212	0.07844	0.02302	0.03271	0.02252	0.06792	0.01825	0.02042	0.01434	0.00931	0.00825	0.00252	0.01221	0.00669	0.00533	0.13398
3	0.02422	0.02768	0.06055	0.04325	0.05363	0.02595	0.53806	0.03287	0.02422	0.03287	0.02076	0.02768	0.01557	0.00865	0.01211	0.00346	0.01730	0.01211	0.00519	0.01384
4	0.02128	0.01824	0.02128	0.01520	0.02432	0.01368	0.01216	0.02584	0.02128	0.03344	0.01824	0.02128	0.01520	0.00760	0.00760	0.00152	0.00760	0.00608	0.00608	0.70208
5	0.01517	0.01190	0.01742	0.01728	0.01875	0.01415	0.01337	0.01843	0.01685	0.02424	0.03007	0.12095	0.03026	0.06456	0.45808	0.01352	0.08646	0.01332	0.00595	0.00926
6	0.03389	0.03980	0.02456	0.02253	0.02715	0.46182	0.01690	0.03703	0.02733	0.02816	0.01994	0.02308	0.01625	0.01089	0.00877	0.00259	0.01533	0.00729	0.16535	0.01136
7	0.02037	0.01688	0.01931	0.01787	0.02011	0.05711	0.01346	0.09225	0.02165	0.02903	0.02859	0.09549	0.02890	0.17968	0.23951	0.00979	0.08064	0.01280	0.00658	0.00998

[dist]
# distance from previous block
# <min> <max>
0	1

[block]
# block no. 7 follows, 14 sequences, length 7
# corresponding to MSA columns:
# 836-842
name=unknown_H
#
# <colnr> <probs for GDERKNQSTAVLIFYWHMCP>
#	G	D	E	R	K	N	Q	S	T	A	V	L	I	F	Y	W	H	M	C	P
0	0.01271	0.00909	0.01210	0.01415	0.01493	0.00848	0.00954	0.01482	0.02063	0.02776	0.11010	0.57467	0.07089	0.03099	0.01299	0.00407	0.00584	0.02807	0.00971	0.00848
1	0.02092	0.03088	0.20940	0.30963	0.10847	0.02366	0.09336	0.02949	0.02160	0.02969	0.01870	0.02543	0.01394	0.00980	0.01031	0.00334	0.01444	0.00900	0.00461	0.01334
2	0.02114	0.02037	0.03426	0.21483	0.14040	0.02219	0.11815	0.02988	0.08639	0.03077	0.03029	0.09180	0.05469	0.01368	0.01221	0.00350	0.04369	0.01268	0.00626	0.01282
3	0.02609	0.03696	0.24910	0.08364	0.04051	0.09032	0.06822	0.03567	0.07037	0.08728	0.02200	0.02526	0.01626	0.01153	0.01310	0.00338	0.09141	0.00879	0.00595	0.01416
