[name]
unknown

[dist]
# distance from previous block
# <min> <max>
0	14

[block]
# block no. 0 follows, 10 sequences, length 34
# corresponding to MSA columns:
# 14-47
name=unknown_A
#
# <colnr> <probs for GDERKNQSTAVLIFYWHMCP>
#	G	D	E	R	K	N	Q	S	T	A	V	L	I	F	Y	W	H	M	C	P
0	0.03263	0.03134	0.08038	0.02441	0.03265	0.08138	0.02150	0.21227	0.03880	0.05159	0.08347	0.04737	0.03498	0.01638	0.01190	0.00350	0.01248	0.07119	0.00969	0.10207
1	0.29795	0.02244	0.02447	0.09504	0.03421	0.02373	0.01746	0.08316	0.02731	0.15105	0.02498	0.02665	0.01783	0.01172	0.00943	0.00338	0.01044	0.00853	0.00887	0.10136
2	0.02092	0.01298	0.01637	0.01489	0.01876	0.01159	0.01139	0.02573	0.03163	0.11105	0.36396	0.08548	0.18323	0.02365	0.01344	0.00371	0.00619	0.02046	0.01261	0.01197
3	0.02257	0.02291	0.02123	0.09244	0.03008	0.14614	0.01659	0.02560	0.02509	0.02939	0.04673	0.36870	0.05318	0.02699	0.01332	0.00418	0.01149	0.02361	0.00884	0.01092
4	0.03123	0.02632	0.02419	0.02158	0.02585	0.14641	0.01660	0.07959	0.02802	0.08918	0.02968	0.03879	0.02526	0.09350	0.14311	0.00780	0.05472	0.01108	0.09407	0.01301
5	0.02798	0.01436	0.01851	0.01650	0.02129	0.01297	0.01313	0.03287	0.03083	0.19185	0.23038	0.07496	0.11574	0.02128	0.01275	0.00374	0.00742	0.06021	0.07967	0.01353
6	0.04292	0.03259	0.03275	0.02606	0.03463	0.08500	0.02114	0.33692	0.10918	0.11179	0.03133	0.03046	0.02230	0.01405	0.01155	0.00351	0.01286	0.01065	0.01137	0.01896
7	0.01782	0.01300	0.01602	0.01546	0.01573	0.01440	0.01008	0.01865	0.01725	0.02374	0.03355	0.06646	0.03754	0.46108	0.12153	0.01158	0.07569	0.01558	0.00672	0.00812
8	0.04345	0.05543	0.03296	0.02996	0.03596	0.54457	0.02247	0.04644	0.03296	0.02846	0.01798	0.02097	0.01498	0.01199	0.01049	0.00300	0.02097	0.00749	0.00599	0.01348
9	0.02717	0.03054	0.06398	0.04642	0.05652	0.03029	0.41296	0.03595	0.02609	0.03595	0.02237	0.03054	0.01731	0.01129	0.01717	0.00409	0.09710	0.01323	0.00577	0.01527
10	0.03109	0.59826	0.06095	0.01990	0.02985	0.04602	0.01990	0.03483	0.02363	0.02736	0.01617	0.01866	0.01493	0.00995	0.00746	0.00249	0.01244	0.00622	0.00498	0.01493
11	0.09587	0.02101	0.02091	0.07416	0.02742	0.07262	0.01495	0.09075	0.02651	0.03885	0.02934	0.04319	0.02650	0.16119	0.07630	0.00678	0.01353	0.01155	0.13676	0.01180
12	0.03534	0.02817	0.02991	0.02496	0.03269	0.03192	0.01996	0.23715	0.31192	0.05899	0.03920	0.03691	0.02891	0.01502	0.01175	0.00375	0.01071	0.01203	0.01175	0.01898
13	0.02045	0.01123	0.01275	0.01275	0.01531	0.01174	0.00969	0.02556	0.02300	0.03937	0.03629	0.04393	0.02963	0.03150	0.13896	0.00660	0.01169	0.01123	0.49758	0.01073
14	0.01593	0.01169	0.01493	0.01449	0.01714	0.01069	0.01072	0.02078	0.03112	0.04323	0.42332	0.14120	0.15002	0.02571	0.01384	0.00380	0.00566	0.02266	0.01238	0.01069
15	0.04228	0.01879	0.02404	0.01915	0.02646	0.01733	0.01555	0.09099	0.03423	0.34863	0.10871	0.04556	0.03941	0.01556	0.01150	0.00348	0.00898	0.01277	0.09923	0.01736
16	0.01520	0.01125	0.01419	0.01470	0.01692	0.01024	0.01055	0.01904	0.02810	0.03812	0.28843	0.26535	0.16670	0.02918	0.01412	0.00408	0.00600	0.02585	0.01176	0.01024
17	0.20137	0.02044	0.02461	0.01940	0.02796	0.01925	0.01601	0.05128	0.03005	0.41280	0.03875	0.03462	0.02490	0.01353	0.01062	0.00360	0.00968	0.01040	0.01267	0.01806
18	0.03242	0.14350	0.03509	0.02352	0.03133	0.03384	0.01945	0.13972	0.31255	0.04922	0.03710	0.03526	0.02817	0.01423	0.01090	0.00356	0.01058	0.01120	0.01039	0.01797
19	0.02543	0.02926	0.11182	0.16026	0.05333	0.02581	0.16610	0.08133	0.02810	0.03810	0.02763	0.04160	0.02317	0.02104	0.06702	0.00548	0.01781	0.05531	0.00674	0.01465
20	0.03035	0.03072	0.04154	0.15126	0.09824	0.10229	0.11625	0.08427	0.09153	0.03867	0.02469	0.03017	0.01923	0.01292	0.01477	0.00382	0.07573	0.01099	0.00703	0.01552
21	0.67341	0.02249	0.01709	0.01529	0.02249	0.02609	0.01260	0.03419	0.01979	0.05218	0.01619	0.01889	0.01260	0.01080	0.00720	0.00360	0.00900	0.00630	0.00720	0.01260
22	0.01565	0.01156	0.01447	0.01481	0.01662	0.01141	0.01040	0.01835	0.02238	0.02989	0.11986	0.16374	0.15291	0.18144	0.15451	0.00942	0.01345	0.02072	0.00903	0.00937
23	0.02821	0.02272	0.03571	0.16975	0.19425	0.02555	0.02762	0.03398	0.02559	0.09997	0.07771	0.03652	0.02856	0.01468	0.01713	0.00392	0.12375	0.01168	0.00741	0.01531
24	0.01457	0.01181	0.01292	0.01264	0.01621	0.01017	0.00948	0.01828	0.02845	0.03603	0.23730	0.10435	0.39163	0.02774	0.01374	0.00385	0.00577	0.02348	0.01141	0.01017
25	0.01845	0.01517	0.02147	0.02061	0.02177	0.01862	0.01590	0.02149	0.01880	0.02716	0.03248	0.11962	0.03380	0.11529	0.29733	0.01265	0.15694	0.01526	0.00668	0.01048
26	0.12560	0.03510	0.03388	0.03216	0.10220	0.13501	0.02283	0.27159	0.04174	0.05657	0.02353	0.02546	0.01768	0.01264	0.01080	0.00340	0.01407	0.00931	0.00909	0.01738
27	0.02520	0.01667	0.02096	0.07691	0.02852	0.01749	0.01562	0.03675	0.14209	0.10911	0.13952	0.16046	0.05507	0.02072	0.01240	0.00386	0.00835	0.01804	0.07836	0.01391
28	0.02913	0.27962	0.09185	0.02156	0.02929	0.03149	0.02057	0.03383	0.02518	0.09706	0.07640	0.09220	0.03331	0.01612	0.01316	0.00341	0.07151	0.01210	0.00768	0.01456
29	0.03146	0.16636	0.04028	0.02578	0.03409	0.03415	0.06610	0.11160	0.27178	0.04577	0.03458	0.03396	0.02645	0.01349	0.01093	0.00352	0.01156	0.01114	0.00953	0.01748
30	0.34185	0.02400	0.02658	0.02309	0.02661	0.03097	0.01917	0.03102	0.01878	0.03980	0.01572	0.02225	0.01396	0.01569	0.02304	0.00436	0.29605	0.00828	0.00612	0.01266
31	0.03344	0.02770	0.04608	0.04902	0.23539	0.02763	0.13719	0.08975	0.07968	0.11156	0.02896	0.03236	0.02161	0.01175	0.01212	0.00364	0.01409	0.01167	0.00827	0.01809
32	0.01789	0.01404	0.02084	0.20465	0.03844	0.01543	0.01797	0.02262	0.02398	0.03295	0.09484	0.28274	0.05434	0.02411	0.01291	0.00411	0.00950	0.02160	0.07608	0.01096
33	0.02314	0.01388	0.01752	0.01648	0.01912	0.01500	0.01273	0.02747	0.02438	0.08732	0.08798	0.12145	0.04263	0.02697	0.07339	0.00527	0.08403	0.01521	0.27426	0.01177

[dist]
# distance from previous block
# <min> <max>
1	2

[block]
# block no. 1 follows, 10 sequences, length 25
# corresponding to MSA columns:
# 54-78
name=unknown_B
#
# <colnr> <probs for GDERKNQSTAVLIFYWHMCP>
#	G	D	E	R	K	N	Q	S	T	A	V	L	I	F	Y	W	H	M	C	P
0	0.02358	0.19801	0.09955	0.19498	0.04479	0.02841	0.02397	0.02947	0.02362	0.03062	0.07315	0.03889	0.02900	0.09679	0.01745	0.00449	0.01312	0.01095	0.00615	0.01300
1	0.02893	0.27900	0.04247	0.02234	0.02797	0.03401	0.01973	0.03227	0.02258	0.08003	0.02525	0.08500	0.02412	0.02166	0.05610	0.00472	0.16201	0.01117	0.00671	0.01393
2	0.04143	0.14341	0.03401	0.02113	0.02935	0.02592	0.01787	0.12871	0.03400	0.27143	0.03841	0.10094	0.03014	0.01613	0.01118	0.00348	0.01060	0.01297	0.01142	0.01747
3	0.01554	0.01265	0.01426	0.01421	0.01812	0.01073	0.01068	0.01875	0.02529	0.03211	0.08922	0.20755	0.31888	0.02862	0.01353	0.00394	0.00681	0.05739	0.01030	0.09141
4	0.67341	0.02249	0.01709	0.01529	0.02249	0.02609	0.01260	0.03419	0.01979	0.05218	0.01619	0.01889	0.01260	0.01080	0.00720	0.00360	0.00900	0.00630	0.00720	0.01260
5	0.11514	0.02167	0.02639	0.02028	0.02932	0.02000	0.01669	0.09820	0.03290	0.35221	0.03693	0.03375	0.02431	0.01311	0.01075	0.00331	0.00994	0.01027	0.01220	0.11265
6	0.01565	0.01169	0.01468	0.01531	0.01786	0.01072	0.01157	0.01976	0.02817	0.03761	0.25542	0.20979	0.18994	0.02913	0.01432	0.00421	0.00662	0.08565	0.01159	0.01033
7	0.17923	0.02477	0.03211	0.25089	0.10393	0.02860	0.02560	0.14177	0.03051	0.04651	0.02154	0.02720	0.01620	0.01187	0.01059	0.00367	0.01315	0.00944	0.00729	0.01513
8	0.01838	0.01358	0.01646	0.01588	0.01889	0.01335	0.01203	0.02151	0.02592	0.06961	0.13856	0.19559	0.27612	0.02810	0.01659	0.00417	0.07025	0.02336	0.01067	0.01096
9	0.02537	0.01329	0.01675	0.01493	0.01899	0.01223	0.01153	0.03063	0.03079	0.14735	0.29090	0.06560	0.07191	0.01914	0.01184	0.00340	0.00640	0.01642	0.17973	0.01280
10	0.02377	0.05708	0.48160	0.03484	0.05145	0.02727	0.08929	0.03688	0.02486	0.03688	0.02116	0.02528	0.01504	0.01092	0.01134	0.00371	0.01745	0.00914	0.00501	0.01703
11	0.01874	0.01339	0.01874	0.02142	0.02410	0.01339	0.01874	0.02410	0.02677	0.03481	0.06158	0.13119	0.06693	0.03213	0.01606	0.00535	0.01071	0.44043	0.01071	0.01071
12	0.01417	0.01012	0.01350	0.01619	0.01687	0.00945	0.01080	0.01619	0.02227	0.02969	0.06410	0.58367	0.07692	0.03644	0.01484	0.00472	0.00675	0.03306	0.01080	0.00945
13	0.01832	0.01776	0.07017	0.09507	0.02645	0.01505	0.01449	0.02086	0.01864	0.02509	0.03267	0.06414	0.03550	0.44606	0.04722	0.00940	0.01251	0.01508	0.00655	0.00896
14	0.02640	0.10046	0.02256	0.01537	0.02030	0.02080	0.01255	0.08334	0.07949	0.04500	0.03466	0.03801	0.02713	0.01332	0.00884	0.00290	0.00769	0.01038	0.41752	0.01328
15	0.03424	0.02762	0.02929	0.02474	0.03227	0.03141	0.01969	0.20721	0.34363	0.05722	0.04059	0.03801	0.03003	0.01515	0.01176	0.00379	0.01045	0.01222	0.01176	0.01889
16	0.04097	0.03084	0.03490	0.10495	0.04249	0.03458	0.02359	0.41432	0.05010	0.06695	0.02687	0.02837	0.01916	0.01362	0.01163	0.00355	0.01319	0.01045	0.01069	0.01878
17	0.01412	0.01033	0.01328	0.01564	0.01672	0.00949	0.01055	0.01626	0.02280	0.02991	0.07082	0.52468	0.13158	0.03556	0.01471	0.00462	0.00664	0.03200	0.01080	0.00949
18	0.01516	0.01130	0.01421	0.01535	0.01750	0.01035	0.01124	0.01866	0.02650	0.03511	0.19475	0.30038	0.18098	0.03109	0.01443	0.00433	0.00664	0.07063	0.01132	0.01007
19	0.17105	0.01660	0.01868	0.01597	0.02177	0.01626	0.01275	0.03742	0.02832	0.20870	0.14295	0.04663	0.04378	0.01555	0.01039	0.00341	0.00771	0.01245	0.15535	0.01426
20	0.01740	0.01167	0.01467	0.01440	0.01610	0.01188	0.01013	0.02081	0.02326	0.03390	0.17950	0.06754	0.05780	0.21855	0.15070	0.00944	0.01328	0.01624	0.10315	0.00956
21	0.01646	0.01189	0.01555	0.01463	0.01738	0.01097	0.01097	0.02195	0.03292	0.04664	0.51257	0.08688	0.10974	0.02378	0.01372	0.00366	0.00549	0.02103	0.01280	0.01097
22	0.67341	0.02249	0.01709	0.01529	0.02249	0.02609	0.01260	0.03419	0.01979	0.05218	0.01619	0.01889	0.01260	0.01080	0.00720	0.00360	0.00900	0.00630	0.00720	0.01260
23	0.04441	0.23293	0.03950	0.02040	0.02975	0.02775	0.01813	0.04863	0.02973	0.34276	0.03494	0.03187	0.02368	0.01276	0.01014	0.00319	0.01083	0.00968	0.01092	0.01800
24	0.67341	0.02249	0.01709	0.01529	0.02249	0.02609	0.01260	0.03419	0.01979	0.05218	0.01619	0.01889	0.01260	0.01080	0.00720	0.00360	0.00900	0.00630	0.00720	0.01260

[dist]
# distance from previous block
# <min> <max>
0	3

[block]
# block no. 2 follows, 10 sequences, length 65
# corresponding to MSA columns:
# 82-146
name=unknown_C
#
# <colnr> <probs for GDERKNQSTAVLIFYWHMCP>
#	G	D	E	R	K	N	Q	S	T	A	V	L	I	F	Y	W	H	M	C	P
0	0.02595	0.24171	0.37241	0.02868	0.04343	0.03342	0.03519	0.03616	0.02424	0.03364	0.01929	0.02256	0.01480	0.01068	0.00984	0.00328	0.01559	0.00779	0.00493	0.01642
1	0.02868	0.02766	0.04767	0.03589	0.04501	0.02796	0.25104	0.09916	0.14515	0.04583	0.08820	0.04045	0.03322	0.01346	0.01300	0.00384	0.01452	0.01403	0.00890	0.01632
2	0.02778	0.02056	0.02449	0.01768	0.02784	0.01571	0.01421	0.03286	0.02531	0.10174	0.02396	0.02614	0.01874	0.00937	0.00902	0.00197	0.00878	0.00752	0.00787	0.57845
3	0.04028	0.11293	0.07727	0.09280	0.03816	0.02467	0.02190	0.04854	0.07350	0.29710	0.03597	0.03429	0.02432	0.01319	0.01099	0.00350	0.01159	0.01054	0.01067	0.01779
4	0.01477	0.01055	0.01418	0.01688	0.01781	0.00996	0.01183	0.01723	0.02286	0.03036	0.06377	0.52458	0.07562	0.03587	0.01500	0.00481	0.00727	0.08626	0.01078	0.00961
5	0.03788	0.02943	0.03134	0.02548	0.03365	0.03311	0.02057	0.30662	0.23831	0.06308	0.03597	0.03434	0.02630	0.01471	0.01172	0.00368	0.01131	0.01158	0.01172	0.01921
6	0.02412	0.02067	0.02412	0.01723	0.02756	0.01550	0.01378	0.02929	0.02412	0.03790	0.02067	0.02412	0.01723	0.00861	0.00861	0.00172	0.00861	0.00689	0.00689	0.66236
7	0.02196	0.02067	0.03488	0.56331	0.08010	0.02584	0.03230	0.02972	0.02326	0.02972	0.02067	0.03101	0.01550	0.01163	0.01163	0.00388	0.01550	0.01034	0.00517	0.01292
8	0.02556	0.02401	0.03886	0.29937	0.25207	0.02694	0.03202	0.03597	0.08118	0.03533	0.02434	0.03158	0.01907	0.01161	0.01161	0.00371	0.01407	0.01068	0.00620	0.01581
9	0.01442	0.01055	0.01356	0.01546	0.01680	0.00969	0.01059	0.01700	0.02416	0.03211	0.12908	0.46250	0.13336	0.03395	0.01457	0.00449	0.00648	0.03048	0.01106	0.00969
10	0.02997	0.02684	0.03719	0.04733	0.27062	0.02881	0.02717	0.07933	0.23405	0.04521	0.03342	0.03509	0.02597	0.01299	0.01166	0.00367	0.01173	0.01159	0.00883	0.01852
11	0.01511	0.01141	0.01396	0.01422	0.01677	0.01026	0.01032	0.01900	0.02840	0.03802	0.28668	0.21985	0.21642	0.02860	0.01401	0.00400	0.00592	0.02508	0.01172	0.01026
12	0.01547	0.01110	0.01521	0.01765	0.01892	0.01084	0.01300	0.01847	0.02298	0.03063	0.06041	0.42750	0.07009	0.04022	0.06512	0.00619	0.00997	0.12607	0.01035	0.00983
13	0.04036	0.19109	0.03995	0.02745	0.03443	0.41997	0.02183	0.04354	0.03063	0.02819	0.01753	0.02039	0.01497	0.01148	0.00973	0.00287	0.01884	0.00717	0.00574	0.01384
14	0.03282	0.02167	0.02482	0.02153	0.02812	0.02321	0.01694	0.05439	0.31012	0.16783	0.11856	0.04913	0.04525	0.01666	0.01209	0.00381	0.00881	0.01400	0.01262	0.01761
15	0.03132	0.11421	0.03698	0.15944	0.04425	0.03335	0.02377	0.15947	0.14121	0.04536	0.02761	0.03062	0.02118	0.01378	0.01354	0.00369	0.06510	0.01038	0.00842	0.01634
16	0.03453	0.02204	0.02348	0.02027	0.02567	0.06513	0.01566	0.12465	0.06972	0.15468	0.03720	0.10073	0.03090	0.02073	0.01669	0.10482	0.01045	0.01340	0.09481	0.01445
17	0.02882	0.03512	0.11302	0.21958	0.05485	0.11477	0.06567	0.07246	0.06460	0.03602	0.02268	0.02861	0.01736	0.01273	0.01386	0.00378	0.06480	0.01008	0.00635	0.01485
18	0.02776	0.02270	0.03265	0.28763	0.10452	0.02620	0.02674	0.04321	0.17735	0.08352	0.03176	0.03558	0.02350	0.01310	0.01169	0.00383	0.01277	0.01137	0.00825	0.01590
19	0.02302	0.01579	0.02026	0.02145	0.06091	0.01580	0.01461	0.03271	0.11360	0.08744	0.20148	0.17854	0.06684	0.02233	0.01277	0.00385	0.00753	0.01969	0.06800	0.01340
20	0.01385	0.01137	0.01221	0.01288	0.01600	0.00973	0.00933	0.01657	0.02545	0.03099	0.10440	0.22982	0.40476	0.03120	0.01402	0.00413	0.00611	0.02667	0.01080	0.00973
21	0.19486	0.02636	0.04570	0.03376	0.04371	0.02561	0.24968	0.04118	0.02695	0.15912	0.02709	0.03024	0.01907	0.01116	0.01160	0.00376	0.01461	0.01138	0.00827	0.01590
22	0.02921	0.32850	0.24756	0.02588	0.03868	0.03744	0.02939	0.07759	0.02693	0.03550	0.01917	0.02190	0.01531	0.01077	0.00930	0.00306	0.01438	0.00758	0.00558	0.01629
23	0.01452	0.01081	0.01322	0.01466	0.01630	0.00984	0.01003	0.01697	0.02401	0.03131	0.12162	0.37480	0.18682	0.07683	0.01793	0.00493	0.00676	0.02843	0.01071	0.00951
24	0.03890	0.02625	0.03470	0.02734	0.03524	0.02813	0.07436	0.16044	0.14715	0.18744	0.03583	0.03508	0.02537	0.01468	0.01469	0.00385	0.06938	0.01182	0.01111	0.01824
25	0.01804	0.01144	0.01361	0.01361	0.01477	0.01192	0.00905	0.02035	0.01919	0.02878	0.03570	0.06091	0.03612	0.33064	0.15851	0.01085	0.01440	0.01437	0.16900	0.00876
26	0.03063	0.02013	0.02597	0.10255	0.03556	0.01848	0.01769	0.03891	0.07588	0.16069	0.07275	0.03652	0.02983	0.01259	0.01063	0.00292	0.00978	0.01050	0.00953	0.27847
27	0.03555	0.02782	0.02955	0.02430	0.03207	0.03106	0.01954	0.27245	0.23314	0.05991	0.04301	0.04093	0.06559	0.01594	0.01188	0.00371	0.01078	0.01269	0.01165	0.01843
28	0.03986	0.03042	0.03246	0.02588	0.03441	0.03404	0.02105	0.36099	0.18070	0.06629	0.03345	0.03232	0.02425	0.01448	0.01169	0.00362	0.01178	0.01123	0.01169	0.01939
29	0.01646	0.01189	0.01555	0.01463	0.01738	0.01097	0.01097	0.02195	0.03292	0.04664	0.51257	0.08688	0.10974	0.02378	0.01372	0.00366	0.00549	0.02103	0.01280	0.01097
30	0.01713	0.01352	0.01831	0.10127	0.02819	0.01429	0.01501	0.02372	0.07915	0.03196	0.05542	0.43417	0.06253	0.03015	0.01399	0.00450	0.00839	0.02719	0.01005	0.01105
31	0.18364	0.02234	0.02609	0.02047	0.02913	0.02193	0.01690	0.11700	0.03370	0.35563	0.03678	0.03337	0.02394	0.01356	0.01073	0.00358	0.01015	0.01035	0.01243	0.01825
32	0.01646	0.01189	0.01555	0.01463	0.01738	0.01097	0.01097	0.02195	0.03292	0.04664	0.51257	0.08688	0.10974	0.02378	0.01372	0.00366	0.00549	0.02103	0.01280	0.01097
33	0.02370	0.02269	0.03693	0.38247	0.13781	0.02805	0.03147	0.03029	0.02268	0.03065	0.01979	0.02957	0.01591	0.01316	0.01685	0.00405	0.12468	0.01031	0.00524	0.01373
34	0.01658	0.01186	0.01622	0.01862	0.02043	0.01149	0.01468	0.02051	0.02533	0.03355	0.09909	0.32292	0.07470	0.03331	0.01535	0.00495	0.00858	0.23072	0.01092	0.01019
35	0.04345	0.05543	0.03296	0.02996	0.03596	0.54457	0.02247	0.04644	0.03296	0.02846	0.01798	0.02097	0.01498	0.01199	0.01049	0.00300	0.02097	0.00749	0.00599	0.01348
36	0.02196	0.02067	0.03488	0.56331	0.08010	0.02584	0.03230	0.02972	0.02326	0.02972	0.02067	0.03101	0.01550	0.01163	0.01163	0.00388	0.01550	0.01034	0.00517	0.01292
37	0.03572	0.02590	0.04575	0.04053	0.12578	0.02590	0.17495	0.04211	0.02777	0.20111	0.02951	0.03278	0.02118	0.01307	0.01641	0.00391	0.10000	0.01191	0.00861	0.01709
38	0.02112	0.01932	0.03191	0.47889	0.07045	0.02355	0.02902	0.02852	0.02474	0.03232	0.09636	0.03960	0.03000	0.01350	0.01195	0.00384	0.01396	0.01198	0.00634	0.01262
39	0.01442	0.01055	0.01356	0.01546	0.01680	0.00969	0.01059	0.01700	0.02416	0.03211	0.12908	0.46250	0.13336	0.03395	0.01457	0.00449	0.00648	0.03048	0.01106	0.00969
40	0.02352	0.01355	0.01720	0.01532	0.01965	0.01204	0.01183	0.02826	0.03164	0.14597	0.32947	0.08207	0.17789	0.02297	0.01329	0.00370	0.00651	0.01978	0.01272	0.01261
41	0.02827	0.01450	0.01933	0.01664	0.02145	0.01300	0.01300	0.03343	0.03304	0.20540	0.35825	0.07124	0.08297	0.02067	0.01305	0.00364	0.00695	0.01795	0.01333	0.01389
42	0.01864	0.01392	0.01965	0.15117	0.03246	0.01467	0.01587	0.02468	0.02919	0.04191	0.31661	0.06622	0.07389	0.01917	0.01234	0.00357	0.00798	0.01679	0.10983	0.01144
43	0.02207	0.03813	0.27067	0.02625	0.03639	0.02257	0.02836	0.03685	0.13304	0.03757	0.03900	0.18440	0.03682	0.01920	0.01229	0.00403	0.01244	0.01645	0.00814	0.01532
44	0.02865	0.12454	0.21715	0.09641	0.04332	0.02840	0.02901	0.10459	0.02937	0.07493	0.02821	0.09283	0.02410	0.01469	0.01117	0.00361	0.01377	0.01190	0.00741	0.01596
45	0.02838	0.03354	0.11256	0.25130	0.05766	0.08966	0.06531	0.08402	0.09015	0.03823	0.02484	0.03015	0.01855	0.01222	0.01160	0.00371	0.01564	0.01038	0.00682	0.01529
46	0.02529	0.02740	0.11186	0.38776	0.11673	0.02551	0.03308	0.03358	0.02459	0.07129	0.02284	0.03047	0.01675	0.01163	0.01153	0.00378	0.01514	0.01018	0.00592	0.01469
47	0.02395	0.01326	0.01711	0.01529	0.01922	0.01212	0.01177	0.02924	0.03188	0.13771	0.36165	0.07218	0.08387	0.02065	0.01260	0.00352	0.00632	0.01792	0.09708	0.01264
48	0.02412	0.02117	0.02565	0.02318	0.02614	0.02579	0.01806	0.03886	0.21323	0.03756	0.07852	0.09591	0.04030	0.07919	0.02537	0.00511	0.18348	0.01518	0.00923	0.01397
49	0.01557	0.01170	0.01441	0.01407	0.01691	0.01054	0.01042	0.02009	0.03032	0.04124	0.37165	0.13996	0.20767	0.02639	0.01383	0.00383	0.00571	0.02305	0.01211	0.01054
50	0.01920	0.01601	0.02264	0.02117	0.02233	0.02010	0.01652	0.02225	0.01816	0.02660	0.02743	0.04455	0.02714	0.14555	0.32461	0.01364	0.18303	0.01249	0.00603	0.01054
51	0.03078	0.09083	0.23291	0.02617	0.03720	0.07981	0.02781	0.10394	0.03137	0.08165	0.07095	0.03277	0.02683	0.01316	0.01084	0.00339	0.01387	0.01016	0.05944	0.01612
52	0.01580	0.01130	0.01531	0.01763	0.01912	0.01081	0.01324	0.01920	0.02474	0.03300	0.10958	0.39454	0.07726	0.03382	0.01510	0.00481	0.00783	0.15598	0.01098	0.00999
53	0.19372	0.03262	0.12344	0.03461	0.11251	0.02773	0.09352	0.11219	0.03004	0.09753	0.02402	0.02693	0.01750	0.01152	0.01073	0.00362	0.01350	0.00970	0.00786	0.01671
54	0.13080	0.07505	0.03043	0.02700	0.06896	0.12033	0.01972	0.05066	0.26782	0.04313	0.03292	0.03258	0.02540	0.01346	0.01052	0.00357	0.01186	0.01034	0.00907	0.01638
55	0.01417	0.01012	0.01350	0.01619	0.01687	0.00945	0.01080	0.01619	0.02227	0.02969	0.06410	0.58367	0.07692	0.03644	0.01484	0.00472	0.00675	0.03306	0.01080	0.00945
56	0.03407	0.03203	0.11581	0.08886	0.03918	0.07788	0.02390	0.08065	0.13660	0.14426	0.03385	0.03429	0.02422	0.01344	0.01116	0.00358	0.01266	0.01072	0.06608	0.01677
57	0.02286	0.01460	0.02076	0.17099	0.03567	0.01548	0.01707	0.02789	0.02529	0.09365	0.08277	0.19348	0.04571	0.02036	0.01191	0.00379	0.00920	0.01787	0.15856	0.01212
58	0.01742	0.01503	0.02583	0.02311	0.02652	0.01404	0.11237	0.02167	0.02504	0.03395	0.12426	0.38680	0.06905	0.02868	0.01443	0.00438	0.00936	0.02700	0.01003	0.01104
59	0.07545	0.02237	0.03940	0.30715	0.06201	0.02484	0.13963	0.03110	0.02457	0.03420	0.02732	0.04554	0.02372	0.01426	0.01248	0.00409	0.01527	0.07703	0.00636	0.01324
60	0.02829	0.02665	0.02484	0.02255	0.02815	0.10413	0.01732	0.05025	0.31900	0.04508	0.15012	0.04997	0.04947	0.01704	0.01206	0.00373	0.01016	0.01410	0.01116	0.01594
61	0.01460	0.01175	0.01308	0.01343	0.01674	0.01024	0.01014	0.01803	0.02708	0.03385	0.16862	0.15823	0.37172	0.02951	0.01404	0.00408	0.00629	0.05745	0.01110	0.01003
62	0.02767	0.34680	0.19731	0.02349	0.03569	0.03558	0.02593	0.03458	0.02399	0.03185	0.01828	0.02128	0.01522	0.01008	0.00872	0.00273	0.01328	0.00704	0.00525	0.11523
63	0.02718	0.02443	0.03149	0.02680	0.03356	0.02699	0.08810	0.05332	0.37632	0.04494	0.04540	0.09725	0.03703	0.01699	0.01244	0.00402	0.01055	0.01529	0.01081	0.01707
64	0.03080	0.06974	0.10484	0.10434	0.03770	0.02072	0.02192	0.03740	0.02863	0.18145	0.13503	0.04305	0.03998	0.01456	0.01138	0.00339	0.01098	0.01213	0.00967	0.08229

[dist]
# distance from previous block
# <min> <max>
3	6

[block]
# block no. 3 follows, 10 sequences, length 10
# corresponding to MSA columns:
# 153-162
name=unknown_D
#
# <colnr> <probs for GDERKNQSTAVLIFYWHMCP>
#	G	D	E	R	K	N	Q	S	T	A	V	L	I	F	Y	W	H	M	C	P
0	0.07455	0.02567	0.08615	0.28703	0.17775	0.02485	0.03064	0.03102	0.02384	0.03433	0.02484	0.08224	0.02187	0.01358	0.01150	0.00381	0.01389	0.01204	0.00600	0.01440
1	0.57049	0.02073	0.01640	0.01489	0.02095	0.02377	0.01173	0.03148	0.01934	0.04754	0.01940	0.02786	0.01725	0.10180	0.01535	0.00480	0.00935	0.00796	0.00717	0.01173
2	0.02270	0.01258	0.01599	0.01510	0.01843	0.01162	0.01132	0.02737	0.02923	0.11806	0.25809	0.16361	0.07452	0.02258	0.01247	0.00365	0.00640	0.01973	0.14450	0.01204
3	0.02716	0.01593	0.01876	0.01743	0.02182	0.01611	0.01425	0.09993	0.03145	0.09643	0.08632	0.06712	0.04494	0.01942	0.01160	0.00369	0.00841	0.12247	0.26360	0.01315
4	0.05218	0.01979	0.02699	0.02069	0.02969	0.01709	0.01709	0.05668	0.03329	0.52677	0.04588	0.03959	0.02879	0.01439	0.01170	0.00360	0.00990	0.01170	0.01439	0.01979
5	0.01410	0.01039	0.01322	0.01548	0.01668	0.00951	0.01048	0.01627	0.02295	0.02997	0.07275	0.50773	0.14728	0.03531	0.01467	0.00460	0.00661	0.03169	0.01080	0.00951
6	0.03794	0.03320	0.03113	0.02603	0.03371	0.11505	0.02068	0.24204	0.22930	0.05617	0.03413	0.03302	0.02533	0.01437	0.01153	0.00359	0.01267	0.01107	0.01081	0.01821
7	0.03617	0.02034	0.02427	0.02004	0.02624	0.02114	0.01621	0.11290	0.08115	0.21254	0.04536	0.04430	0.07213	0.01625	0.01362	0.00360	0.06101	0.01253	0.14398	0.01623
8	0.02583	0.26999	0.03294	0.01484	0.02074	0.02636	0.01332	0.03051	0.02406	0.03630	0.02834	0.03246	0.02324	0.01196	0.00784	0.00261	0.00852	0.00880	0.36869	0.01264
9	0.03719	0.11717	0.08252	0.02533	0.03249	0.03004	0.02298	0.08192	0.02817	0.20665	0.02777	0.02945	0.02029	0.01519	0.01915	0.00388	0.18432	0.00997	0.00890	0.01660

[dist]
# distance from previous block
# <min> <max>
2	29

[block]
# block no. 4 follows, 10 sequences, length 7
# corresponding to MSA columns:
# 192-198
name=unknown_E
#
# <colnr> <probs for GDERKNQSTAVLIFYWHMCP>
#	G	D	E	R	K	N	Q	S	T	A	V	L	I	F	Y	W	H	M	C	P
0	0.03831	0.03265	0.02832	0.02350	0.03033	0.15408	0.01865	0.25899	0.04168	0.05473	0.02803	0.03014	0.02115	0.01337	0.01046	0.00317	0.01293	0.00984	0.17368	0.01597
1	0.01676	0.01349	0.02136	0.01997	0.02277	0.01298	0.06648	0.02103	0.02551	0.03519	0.18666	0.29541	0.07276	0.03679	0.08993	0.00630	0.01137	0.02430	0.01016	0.01077
2	0.01448	0.01036	0.01377	0.01598	0.01694	0.00965	0.01082	0.01697	0.02371	0.03198	0.12481	0.51642	0.08137	0.03472	0.01469	0.00458	0.00658	0.03143	0.01107	0.00965
3	0.05218	0.01979	0.02699	0.02069	0.02969	0.01709	0.01709	0.05668	0.03329	0.52677	0.04588	0.03959	0.02879	0.01439	0.01170	0.00360	0.00990	0.01170	0.01439	0.01979
4	0.01553	0.01110	0.01468	0.01564	0.01696	0.01086	0.01084	0.01847	0.02373	0.03266	0.17216	0.30019	0.07334	0.12230	0.09916	0.00747	0.01068	0.02452	0.01010	0.00963
5	0.03129	0.01916	0.02374	0.01788	0.02674	0.01533	0.01436	0.03631	0.02807	0.18309	0.09817	0.03761	0.03381	0.01248	0.01025	0.00255	0.00855	0.01032	0.00994	0.38036
6	0.13689	0.11121	0.03415	0.02256	0.03157	0.03136	0.01914	0.24390	0.03967	0.17579	0.02892	0.02812	0.02024	0.01301	0.01038	0.00339	0.01147	0.00953	0.01068	0.01801

[dist]
# distance from previous block
# <min> <max>
0	3

[block]
# block no. 5 follows, 10 sequences, length 12
# corresponding to MSA columns:
# 202-213
name=unknown_F
#
# <colnr> <probs for GDERKNQSTAVLIFYWHMCP>
#	G	D	E	R	K	N	Q	S	T	A	V	L	I	F	Y	W	H	M	C	P
0	0.11819	0.10691	0.13844	0.02305	0.03313	0.02758	0.02248	0.04507	0.16335	0.09903	0.03029	0.03025	0.02247	0.01239	0.01010	0.00338	0.01135	0.00949	0.00859	0.08446
1	0.51611	0.02726	0.02028	0.01822	0.02519	0.09716	0.01459	0.03892	0.07449	0.04855	0.01989	0.02189	0.01546	0.01151	0.00816	0.00355	0.01065	0.00722	0.00755	0.01336
2	0.03726	0.02340	0.02875	0.02762	0.08144	0.02454	0.01976	0.05722	0.28136	0.21921	0.04414	0.04049	0.03130	0.01471	0.01175	0.00377	0.00994	0.01233	0.01211	0.01891
3	0.01591	0.01146	0.01505	0.01501	0.01725	0.01060	0.01093	0.02056	0.03034	0.04254	0.40405	0.20710	0.10180	0.02684	0.01399	0.00392	0.00579	0.02394	0.01232	0.01060
4	0.02106	0.01869	0.03011	0.31301	0.11901	0.02112	0.02564	0.02794	0.02692	0.03650	0.18506	0.04936	0.04736	0.01551	0.01231	0.00375	0.01193	0.01391	0.00780	0.01302
5	0.01498	0.01183	0.01350	0.01308	0.01647	0.01035	0.00981	0.01909	0.02944	0.03836	0.29792	0.10050	0.32956	0.02686	0.01373	0.00380	0.00571	0.02294	0.01171	0.01035
6	0.01979	0.01713	0.02478	0.02295	0.02428	0.02212	0.01846	0.02337	0.01838	0.02736	0.02544	0.03841	0.02411	0.06318	0.36285	0.01380	0.22492	0.01164	0.00582	0.01123
7	0.03273	0.52655	0.05725	0.02123	0.03066	0.11188	0.02024	0.03636	0.02486	0.02751	0.01641	0.01896	0.01493	0.01022	0.00786	0.00255	0.01357	0.00639	0.00511	0.01473
8	0.02822	0.01356	0.01786	0.01712	0.02092	0.01226	0.01266	0.03150	0.02633	0.20346	0.05471	0.33151	0.05470	0.02610	0.01296	0.00410	0.00768	0.02304	0.08812	0.01319
9	0.02556	0.01552	0.02060	0.01967	0.02296	0.01595	0.01521	0.03104	0.05790	0.14295	0.10617	0.25729	0.05947	0.02644	0.01653	0.00441	0.07024	0.06783	0.01125	0.01301
10	0.03884	0.03908	0.03667	0.02999	0.03713	0.26877	0.10312	0.08825	0.03251	0.09995	0.02577	0.03212	0.02080	0.07577	0.01671	0.00421	0.01734	0.01053	0.00779	0.01467
11	0.08818	0.09201	0.18239	0.02168	0.02949	0.02091	0.02214	0.02727	0.02406	0.03592	0.08984	0.23127	0.04741	0.02144	0.01191	0.00391	0.01076	0.01827	0.00815	0.01299

[dist]
# distance from previous block
# <min> <max>
0	3

[block]
# block no. 6 follows, 10 sequences, length 14
# corresponding to MSA columns:
# 226-239
name=unknown_G
#
# <colnr> <probs for GDERKNQSTAVLIFYWHMCP>
#	G	D	E	R	K	N	Q	S	T	A	V	L	I	F	Y	W	H	M	C	P
0	0.03188	0.03271	0.02551	0.02288	0.02718	0.23439	0.01761	0.07116	0.03125	0.03861	0.11570	0.03912	0.03633	0.01562	0.01377	0.00333	0.07512	0.01128	0.14366	0.01289
1	0.10510	0.01882	0.06197	0.01744	0.02314	0.01537	0.01506	0.03127	0.03065	0.13680	0.32129	0.06424	0.07436	0.01932	0.01230	0.00364	0.00775	0.01639	0.01173	0.01336
2	0.01711	0.01346	0.01577	0.01650	0.01920	0.01336	0.01184	0.02552	0.11377	0.03550	0.12201	0.32811	0.16427	0.02968	0.01392	0.00429	0.00689	0.02620	0.01122	0.01138
3	0.08413	0.02710	0.11664	0.02023	0.02830	0.02162	0.01932	0.13576	0.03201	0.10949	0.03167	0.03386	0.02317	0.01305	0.00984	0.00325	0.01015	0.01007	0.25504	0.01531
4	0.02152	0.05106	0.43334	0.02913	0.04382	0.02378	0.03655	0.03304	0.02492	0.03581	0.03911	0.04099	0.10864	0.01451	0.01156	0.00373	0.01506	0.01159	0.00602	0.01580
5	0.02167	0.01374	0.01720	0.01574	0.01997	0.01202	0.01175	0.02598	0.02718	0.09050	0.18262	0.20790	0.06442	0.02232	0.01218	0.00348	0.00690	0.01959	0.09089	0.13397
6	0.03269	0.03178	0.04516	0.19046	0.05660	0.12468	0.17807	0.07749	0.03021	0.08331	0.02417	0.02979	0.01777	0.01155	0.01213	0.00367	0.01715	0.01109	0.00701	0.01522
7	0.04532	0.01891	0.02484	0.01917	0.02763	0.01620	0.01569	0.05000	0.03116	0.41254	0.04188	0.03809	0.02747	0.01359	0.01092	0.00327	0.00924	0.01101	0.08472	0.09835
8	0.02545	0.02545	0.03562	0.03053	0.03053	0.03562	0.02545	0.02799	0.01781	0.02799	0.01527	0.02545	0.01527	0.02036	0.03817	0.00509	0.56997	0.01018	0.00509	0.01272
9	0.02711	0.03543	0.13605	0.19351	0.10273	0.08493	0.13294	0.03801	0.06747	0.03508	0.02351	0.02964	0.01782	0.01139	0.01187	0.00372	0.01664	0.01071	0.00601	0.01542
10	0.15868	0.02875	0.02937	0.02382	0.03204	0.03238	0.01938	0.29002	0.16050	0.06307	0.03064	0.03015	0.02242	0.01383	0.01085	0.00363	0.01117	0.01037	0.01085	0.01808
11	0.02656	0.02295	0.02951	0.02127	0.03163	0.01901	0.05884	0.07773	0.02767	0.04158	0.02171	0.02521	0.01754	0.00929	0.00942	0.00212	0.01011	0.00792	0.00730	0.53262
12	0.01534	0.01102	0.01454	0.01540	0.01713	0.01023	0.01089	0.01913	0.02770	0.03834	0.29288	0.33024	0.09366	0.02998	0.01427	0.00418	0.00610	0.02693	0.01182	0.01023
13	0.03996	0.02228	0.06883	0.02087	0.02907	0.01798	0.01826	0.04845	0.08158	0.33598	0.13833	0.04824	0.04466	0.01615	0.01206	0.00365	0.00957	0.01347	0.01297	0.01763

[dist]
# distance from previous block
# <min> <max>
0	14

[block]
# block no. 7 follows, 10 sequences, length 53
# corresponding to MSA columns:
# 254-281,284-308
name=unknown_H
#
# <colnr> <probs for GDERKNQSTAVLIFYWHMCP>
#	G	D	E	R	K	N	Q	S	T	A	V	L	I	F	Y	W	H	M	C	P
0	0.03508	0.01924	0.02399	0.02059	0.02695	0.01899	0.01674	0.08625	0.10930	0.23032	0.14550	0.06281	0.05185	0.01922	0.01279	0.00392	0.00925	0.07804	0.01282	0.01634
1	0.01578	0.01094	0.01397	0.01611	0.01767	0.01034	0.01173	0.01887	0.02370	0.03229	0.06576	0.39857	0.11084	0.03246	0.01421	0.00454	0.00722	0.10219	0.08295	0.00986
2	0.04931	0.01895	0.02547	0.01976	0.02817	0.01650	0.01625	0.05389	0.03245	0.48119	0.04513	0.03994	0.02889	0.01432	0.01136	0.00351	0.00947	0.01162	0.07487	0.01895
3	0.01798	0.01028	0.01431	0.01508	0.01527	0.01009	0.00984	0.01571	0.01745	0.02327	0.03522	0.19824	0.03973	0.12182	0.03876	0.37633	0.00932	0.01769	0.00699	0.00661
4	0.04216	0.04186	0.03308	0.02783	0.03537	0.26061	0.02185	0.24105	0.09462	0.05067	0.02569	0.02657	0.01941	0.01329	0.01115	0.00332	0.01602	0.00945	0.00916	0.01684
5	0.08780	0.09632	0.04055	0.08809	0.04073	0.03123	0.09012	0.11796	0.02993	0.11875	0.02446	0.02827	0.01835	0.01361	0.01614	0.00381	0.11978	0.01021	0.00805	0.01586
6	0.03048	0.44233	0.05463	0.02808	0.10316	0.04117	0.02208	0.03827	0.08229	0.03157	0.02085	0.02321	0.01798	0.01073	0.00861	0.00281	0.01225	0.00769	0.00593	0.01588
7	0.67341	0.02249	0.01709	0.01529	0.02249	0.02609	0.01260	0.03419	0.01979	0.05218	0.01619	0.01889	0.01260	0.01080	0.00720	0.00360	0.00900	0.00630	0.00720	0.01260
8	0.14620	0.11153	0.03185	0.02200	0.03005	0.03123	0.01829	0.14321	0.19618	0.10491	0.03292	0.03168	0.02431	0.01350	0.01032	0.00353	0.01051	0.01019	0.01025	0.01734
9	0.01584	0.01161	0.01523	0.01752	0.01944	0.01100	0.01352	0.01927	0.02462	0.03189	0.07119	0.34094	0.13862	0.03375	0.01514	0.00484	0.00813	0.18667	0.01076	0.00998
10	0.01417	0.01012	0.01350	0.01619	0.01687	0.00945	0.01080	0.01619	0.02227	0.02969	0.06410	0.58367	0.07692	0.03644	0.01484	0.00472	0.00675	0.03306	0.01080	0.00945
11	0.05218	0.01979	0.02699	0.02069	0.02969	0.01709	0.01709	0.05668	0.03329	0.52677	0.04588	0.03959	0.02879	0.01439	0.01170	0.00360	0.00990	0.01170	0.01439	0.01979
12	0.03602	0.02851	0.03029	0.02510	0.03294	0.03224	0.02012	0.25573	0.29223	0.06008	0.03833	0.03622	0.02821	0.01494	0.01174	0.00373	0.01087	0.01191	0.01174	0.01904
13	0.04761	0.01845	0.02457	0.01922	0.02727	0.01616	0.01575	0.05225	0.03195	0.45432	0.04469	0.04015	0.02894	0.01427	0.01116	0.00347	0.00923	0.01157	0.11052	0.01845
14	0.04285	0.03190	0.03414	0.02649	0.03555	0.03543	0.02178	0.44280	0.09402	0.07111	0.02965	0.02930	0.02118	0.01412	0.01165	0.00353	0.01248	0.01071	0.01165	0.01966
15	0.04008	0.02285	0.03005	0.02367	0.03128	0.06827	0.07263	0.04531	0.03246	0.30788	0.14786	0.04766	0.04472	0.01576	0.01229	0.00359	0.01115	0.01369	0.01217	0.01665
16	0.02815	0.02698	0.04605	0.11750	0.47760	0.02747	0.03538	0.03513	0.02618	0.03722	0.02176	0.02899	0.01815	0.01048	0.01152	0.00349	0.01398	0.01036	0.00570	0.01791
17	0.67341	0.02249	0.01709	0.01529	0.02249	0.02609	0.01260	0.03419	0.01979	0.05218	0.01619	0.01889	0.01260	0.01080	0.00720	0.00360	0.00900	0.00630	0.00720	0.01260
18	0.02893	0.02498	0.02630	0.02367	0.03024	0.02893	0.01841	0.06180	0.49770	0.04865	0.04734	0.04339	0.03550	0.01578	0.01183	0.00394	0.00920	0.01315	0.01183	0.01841
19	0.01626	0.01173	0.01536	0.01477	0.01733	0.01084	0.01096	0.02144	0.03198	0.04513	0.47275	0.13099	0.10683	0.02490	0.01382	0.00375	0.00560	0.02210	0.01262	0.01084
20	0.01474	0.01166	0.01326	0.01320	0.01640	0.01019	0.00977	0.01849	0.02836	0.03659	0.25119	0.14762	0.33101	0.02812	0.01384	0.00391	0.00583	0.02412	0.01150	0.01019
21	0.02196	0.02067	0.03488	0.56331	0.08010	0.02584	0.03230	0.02972	0.02326	0.02972	0.02067	0.03101	0.01550	0.01163	0.01163	0.00388	0.01550	0.01034	0.00517	0.01292
22	0.01833	0.01385	0.01716	0.01599	0.01930	0.01366	0.01209	0.02792	0.10257	0.04694	0.44285	0.08036	0.09861	0.02258	0.01344	0.00370	0.00604	0.01985	0.01266	0.01209
23	0.02527	0.02307	0.03093	0.02703	0.02818	0.03063	0.02192	0.03195	0.10094	0.03042	0.02159	0.03005	0.01953	0.02256	0.03468	0.10328	0.38847	0.01068	0.00626	0.01256
24	0.03152	0.10707	0.03450	0.25954	0.05076	0.02637	0.02369	0.07787	0.02842	0.13595	0.02773	0.03199	0.02012	0.01237	0.01063	0.00344	0.01252	0.01006	0.08041	0.01503
25	0.01694	0.01254	0.01649	0.01746	0.02016	0.01146	0.01328	0.02075	0.02528	0.03459	0.12531	0.32121	0.07188	0.02999	0.01423	0.00436	0.00783	0.13543	0.01059	0.09021
26	0.02756	0.02056	0.02447	0.01765	0.02782	0.01570	0.01419	0.03265	0.02524	0.09795	0.02377	0.02602	0.01865	0.00932	0.00899	0.00195	0.00877	0.00748	0.00781	0.58343
27	0.03500	0.02899	0.03823	0.11914	0.04459	0.03364	0.06734	0.26878	0.03918	0.05317	0.02366	0.02825	0.01792	0.01451	0.01737	0.00393	0.13018	0.01069	0.00865	0.01678
28	0.31946	0.02108	0.02232	0.01791	0.02629	0.02082	0.01473	0.04351	0.02628	0.25990	0.02985	0.02867	0.02031	0.01212	0.00936	0.00337	0.00935	0.00875	0.01034	0.09558
29	0.08335	0.09782	0.10425	0.02203	0.03105	0.02551	0.02054	0.04686	0.16187	0.17032	0.04355	0.04124	0.07262	0.01492	0.01097	0.00361	0.01065	0.01180	0.01018	0.01688
30	0.02640	0.02452	0.03809	0.18052	0.27534	0.02553	0.02944	0.03644	0.08320	0.03722	0.02452	0.03044	0.01961	0.01108	0.01115	0.00336	0.01289	0.01018	0.00653	0.11355
31	0.07770	0.01748	0.02295	0.10108	0.03279	0.01818	0.01846	0.07085	0.02959	0.12715	0.10181	0.12714	0.05040	0.02208	0.01311	0.00424	0.01025	0.13063	0.01061	0.01350
32	0.02710	0.02240	0.02431	0.02187	0.02347	0.09850	0.01644	0.02721	0.02036	0.06370	0.02356	0.03839	0.02285	0.13347	0.03806	0.19356	0.17716	0.01116	0.00631	0.01011
33	0.03673	0.02801	0.02979	0.02392	0.03190	0.03077	0.01941	0.33060	0.13513	0.06231	0.04511	0.04347	0.09685	0.01663	0.01199	0.00364	0.01108	0.01309	0.01155	0.01802
34	0.01665	0.01116	0.01276	0.01302	0.01309	0.01110	0.00741	0.01684	0.01743	0.02324	0.03930	0.12525	0.04564	0.53754	0.05490	0.01064	0.01084	0.01848	0.00741	0.00728
35	0.02196	0.02067	0.03488	0.56331	0.08010	0.02584	0.03230	0.02972	0.02326	0.02972	0.02067	0.03101	0.01550	0.01163	0.01163	0.00388	0.01550	0.01034	0.00517	0.01292
36	0.02196	0.02067	0.03488	0.56331	0.08010	0.02584	0.03230	0.02972	0.02326	0.02972	0.02067	0.03101	0.01550	0.01163	0.01163	0.00388	0.01550	0.01034	0.00517	0.01292
37	0.67341	0.02249	0.01709	0.01529	0.02249	0.02609	0.01260	0.03419	0.01979	0.05218	0.01619	0.01889	0.01260	0.01080	0.00720	0.00360	0.00900	0.00630	0.00720	0.01260
38	0.03802	0.02339	0.02704	0.02233	0.02980	0.02458	0.01790	0.13968	0.20859	0.20588	0.09502	0.04394	0.03851	0.01587	0.01196	0.00371	0.00973	0.01303	0.01272	0.01829
39	0.02447	0.02068	0.02414	0.07381	0.03162	0.02364	0.01792	0.04656	0.31491	0.04297	0.09668	0.09238	0.04472	0.02473	0.06256	0.00536	0.01126	0.01536	0.01068	0.01554
40	0.03566	0.03072	0.03112	0.02495	0.03280	0.08738	0.02011	0.22717	0.10844	0.05252	0.02692	0.02840	0.02061	0.01347	0.01345	0.00327	0.06621	0.00973	0.00937	0.15770
41	0.05079	0.02202	0.02837	0.02175	0.03080	0.02040	0.01797	0.13035	0.03701	0.44784	0.04276	0.03756	0.02722	0.01432	0.01169	0.00358	0.01040	0.01148	0.01391	0.01979
42	0.03009	0.02931	0.10155	0.08949	0.03734	0.07926	0.02225	0.04081	0.10621	0.12401	0.07303	0.08985	0.03470	0.01586	0.01166	0.00357	0.01202	0.01320	0.00929	0.07650
43	0.01405	0.01179	0.01220	0.01210	0.01590	0.00995	0.00908	0.01728	0.02723	0.03312	0.16198	0.10913	0.46876	0.02882	0.01374	0.00390	0.00585	0.02415	0.01102	0.00995
44	0.03007	0.03024	0.04508	0.09490	0.04748	0.07395	0.17823	0.09346	0.09942	0.04004	0.02527	0.03071	0.01967	0.01361	0.01735	0.00401	0.12205	0.01166	0.00726	0.01554
45	0.12150	0.03134	0.03272	0.02535	0.03440	0.03484	0.02094	0.42518	0.05040	0.07070	0.02648	0.02681	0.01890	0.01357	0.01109	0.00350	0.01233	0.00996	0.01109	0.01890
46	0.01455	0.01039	0.01393	0.01663	0.01747	0.00978	0.01146	0.01685	0.02264	0.03012	0.06389	0.54590	0.07609	0.03608	0.01495	0.00478	0.00708	0.06707	0.01079	0.00955
47	0.04067	0.02823	0.03301	0.02621	0.03419	0.11267	0.08639	0.08219	0.07800	0.23093	0.03553	0.03500	0.02478	0.01329	0.01140	0.00347	0.01294	0.01122	0.08296	0.01694
48	0.01691	0.01128	0.01268	0.01268	0.01268	0.01128	0.00705	0.01691	0.01691	0.02255	0.03665	0.07611	0.04228	0.59126	0.05920	0.01128	0.01128	0.01691	0.00705	0.00705
49	0.28216	0.02531	0.02607	0.02081	0.02924	0.02716	0.01718	0.19748	0.03577	0.18904	0.02843	0.02772	0.01954	0.01289	0.00999	0.00356	0.01058	0.00924	0.01072	0.01709
50	0.02884	0.01968	0.02406	0.01872	0.02720	0.01692	0.01497	0.03632	0.06946	0.13123	0.02959	0.03213	0.02294	0.02218	0.08992	0.00483	0.01229	0.00924	0.00870	0.38080
51	0.03503	0.02814	0.08394	0.02316	0.03240	0.02464	0.02051	0.16326	0.11746	0.14351	0.07581	0.03709	0.03125	0.01404	0.01131	0.00334	0.01078	0.01132	0.01078	0.12223
52	0.25934	0.02588	0.02596	0.02083	0.02925	0.02789	0.01703	0.19668	0.07862	0.09573	0.02622	0.02671	0.01917	0.01241	0.00975	0.00336	0.01039	0.00893	0.00975	0.09609

[dist]
# distance from previous block
# <min> <max>
0	6

[block]
# block no. 8 follows, 10 sequences, length 20
# corresponding to MSA columns:
# 315-334
name=unknown_I
#
# <colnr> <probs for GDERKNQSTAVLIFYWHMCP>
#	G	D	E	R	K	N	Q	S	T	A	V	L	I	F	Y	W	H	M	C	P
0	0.02012	0.01326	0.01610	0.01493	0.01810	0.01185	0.01040	0.02284	0.02400	0.07500	0.13195	0.16450	0.09683	0.20821	0.02783	0.00608	0.00845	0.01945	0.00971	0.10038
1	0.11500	0.03273	0.14441	0.03034	0.04099	0.02532	0.14581	0.03358	0.02384	0.03842	0.02029	0.02558	0.01596	0.01101	0.01347	0.00335	0.07339	0.00937	0.00605	0.19110
2	0.02607	0.01784	0.02197	0.01719	0.02484	0.01428	0.01338	0.02996	0.02521	0.10412	0.07335	0.08187	0.03285	0.01618	0.01346	0.06338	0.00848	0.01144	0.00865	0.39549
3	0.02809	0.02947	0.10386	0.03571	0.10775	0.02257	0.14662	0.03576	0.02623	0.08152	0.02391	0.02818	0.01823	0.01001	0.01099	0.00298	0.01353	0.00988	0.00688	0.25784
4	0.01417	0.01012	0.01350	0.01619	0.01687	0.00945	0.01080	0.01619	0.02227	0.02969	0.06410	0.58367	0.07692	0.03644	0.01484	0.00472	0.00675	0.03306	0.01080	0.00945
5	0.01417	0.01012	0.01350	0.01619	0.01687	0.00945	0.01080	0.01619	0.02227	0.02969	0.06410	0.58367	0.07692	0.03644	0.01484	0.00472	0.00675	0.03306	0.01080	0.00945
6	0.03389	0.01480	0.01861	0.01601	0.02129	0.01347	0.01257	0.03860	0.02889	0.25458	0.08769	0.09563	0.04110	0.01698	0.01083	0.00337	0.00751	0.01421	0.25531	0.01465
7	0.03736	0.01651	0.02224	0.01818	0.02458	0.01455	0.01455	0.04227	0.03314	0.32751	0.23956	0.05921	0.06238	0.01829	0.01253	0.00362	0.00807	0.01557	0.01373	0.01613
8	0.04881	0.02521	0.03034	0.02326	0.03239	0.02513	0.01922	0.23599	0.04235	0.33465	0.03827	0.03465	0.02497	0.01421	0.01167	0.00355	0.01113	0.01118	0.01323	0.01979
9	0.04421	0.03258	0.03490	0.02676	0.03607	0.03607	0.02211	0.47993	0.05468	0.07330	0.02792	0.02792	0.01978	0.01396	0.01163	0.00349	0.01280	0.01047	0.01163	0.01978
10	0.09122	0.27027	0.11291	0.02379	0.03427	0.03806	0.02325	0.19458	0.03455	0.04732	0.02104	0.02282	0.01643	0.01161	0.00943	0.00311	0.01292	0.00808	0.00755	0.01677
