[name]
unknown

[dist]
# distance from previous block
# <min> <max>
0	500

[block]
# block no. 0 follows, 13 sequences, length 34
# corresponding to MSA columns:
# 517-550
name=unknown_A
#
# <colnr> <probs for GDERKNQSTAVLIFYWHMCP>
#	G	D	E	R	K	N	Q	S	T	A	V	L	I	F	Y	W	H	M	C	P
0	0.01806	0.01478	0.02457	0.02346	0.02718	0.01441	0.10532	0.02338	0.02409	0.03163	0.05012	0.14726	0.05379	0.02599	0.01413	0.00459	0.01084	0.36701	0.00897	0.01043
1	0.01855	0.01074	0.01438	0.01525	0.01723	0.00981	0.01074	0.02102	0.02268	0.11452	0.09898	0.48139	0.06558	0.02894	0.01295	0.00405	0.00649	0.02602	0.01049	0.01020
2	0.03879	0.02710	0.09137	0.02669	0.03600	0.06866	0.13611	0.04474	0.02818	0.34223	0.03242	0.03136	0.02140	0.01161	0.01090	0.00330	0.01261	0.01043	0.00973	0.01638
3	0.01658	0.01349	0.01981	0.01896	0.02051	0.01673	0.01503	0.02008	0.01685	0.02471	0.02567	0.03816	0.02413	0.06816	0.48542	0.01473	0.13472	0.01095	0.00547	0.00983
4	0.01435	0.01106	0.01471	0.01456	0.01703	0.01142	0.01117	0.01804	0.02135	0.02894	0.14724	0.06527	0.18889	0.05401	0.32047	0.01073	0.01761	0.01584	0.00792	0.00939
5	0.01288	0.00920	0.01227	0.01472	0.01534	0.00859	0.00981	0.01472	0.02024	0.02699	0.05828	0.62152	0.06993	0.03312	0.01350	0.00429	0.00613	0.03006	0.00981	0.00859
6	0.02494	0.13488	0.04190	0.29970	0.10002	0.02848	0.10514	0.08190	0.02506	0.03252	0.01924	0.02571	0.01495	0.01015	0.01017	0.00323	0.01378	0.00921	0.00543	0.01357
7	0.02451	0.01902	0.02081	0.02066	0.02490	0.06662	0.01711	0.03613	0.17086	0.08621	0.04752	0.08016	0.04539	0.02190	0.01270	0.00417	0.01010	0.26856	0.00997	0.01271
8	0.02575	0.04515	0.39682	0.03094	0.04450	0.02488	0.11236	0.07974	0.02589	0.08207	0.02187	0.02474	0.01531	0.01036	0.01053	0.00336	0.01505	0.00895	0.00589	0.01582
9	0.02192	0.01879	0.02192	0.01566	0.02506	0.01409	0.01253	0.02662	0.02192	0.03445	0.01879	0.02192	0.01566	0.00783	0.00783	0.00157	0.00783	0.00626	0.00626	0.69305
10	0.02343	0.03054	0.13773	0.03402	0.04047	0.02905	0.20002	0.02978	0.02031	0.02978	0.01738	0.02486	0.01455	0.01369	0.02265	0.00403	0.29953	0.01012	0.00485	0.01321
11	0.01648	0.01186	0.01515	0.01656	0.01832	0.01175	0.01216	0.06974	0.02405	0.03197	0.05442	0.47091	0.06289	0.03029	0.01338	0.00428	0.00734	0.10879	0.00988	0.00977
12	0.01538	0.01025	0.01153	0.01153	0.01153	0.01025	0.00641	0.01538	0.01538	0.02050	0.03331	0.06919	0.03844	0.62842	0.05382	0.01025	0.01025	0.01538	0.00641	0.00641
13	0.02323	0.13728	0.19809	0.19706	0.13818	0.02751	0.07292	0.03120	0.02236	0.03038	0.01855	0.02423	0.01441	0.00982	0.00991	0.00319	0.01412	0.00856	0.00475	0.01425
14	0.03772	0.02865	0.16002	0.02243	0.03219	0.02065	0.02188	0.09071	0.09351	0.32752	0.03481	0.03210	0.02305	0.01246	0.01050	0.00332	0.01079	0.01000	0.01045	0.01726
15	0.04744	0.01799	0.02454	0.01881	0.02699	0.01554	0.01554	0.05153	0.03026	0.56979	0.04171	0.03599	0.02617	0.01309	0.01063	0.00327	0.00900	0.01063	0.01309	0.01799
16	0.01471	0.01080	0.01377	0.01303	0.01564	0.00987	0.00977	0.01945	0.02932	0.04095	0.50970	0.08137	0.14785	0.02216	0.01247	0.00335	0.00503	0.01946	0.01145	0.00987
17	0.02457	0.28568	0.27223	0.02626	0.03743	0.03245	0.07047	0.03208	0.02167	0.02932	0.01700	0.02074	0.01373	0.01028	0.01107	0.00304	0.06564	0.00746	0.00458	0.01432
18	0.09386	0.06038	0.02784	0.02112	0.02858	0.02724	0.01728	0.21247	0.20418	0.14729	0.03262	0.03074	0.02336	0.01284	0.01007	0.00328	0.00976	0.00997	0.01039	0.01674
19	0.02749	0.02553	0.07549	0.03209	0.04096	0.02299	0.26682	0.03928	0.12114	0.12173	0.08461	0.03662	0.02925	0.01197	0.01172	0.00348	0.01321	0.01250	0.00817	0.01494
20	0.01349	0.00946	0.01209	0.01394	0.01440	0.00900	0.00898	0.01488	0.01905	0.02540	0.05214	0.48581	0.06219	0.17939	0.02340	0.00576	0.00715	0.02645	0.00898	0.00805
21	0.02732	0.24835	0.14852	0.02618	0.03616	0.02948	0.13166	0.03545	0.05652	0.08951	0.05476	0.02776	0.02187	0.01074	0.00966	0.00301	0.01274	0.00931	0.00644	0.01457
22	0.08253	0.02099	0.03346	0.31917	0.22890	0.02334	0.02763	0.03140	0.02269	0.08039	0.02089	0.02728	0.01586	0.01035	0.01020	0.00335	0.01262	0.00920	0.00579	0.01397
23	0.01319	0.00986	0.01234	0.01419	0.01571	0.00901	0.01007	0.01552	0.02158	0.02782	0.07005	0.44570	0.18902	0.03119	0.01336	0.00417	0.00629	0.07234	0.00981	0.00878
24	0.08010	0.01877	0.02627	0.13654	0.17288	0.01993	0.02028	0.07868	0.02658	0.03886	0.12471	0.04346	0.08343	0.01409	0.01045	0.00324	0.00967	0.01211	0.06699	0.01295
25	0.02411	0.25017	0.26883	0.07987	0.04310	0.03081	0.10184	0.03232	0.02231	0.02995	0.01782	0.02189	0.01391	0.00958	0.00931	0.00302	0.01430	0.00788	0.00464	0.01436
26	0.02346	0.04976	0.48968	0.03053	0.04519	0.02408	0.07866	0.03484	0.02313	0.07298	0.02085	0.02386	0.01456	0.01017	0.01030	0.00336	0.01533	0.00842	0.00517	0.01568
27	0.01789	0.01607	0.02447	0.23059	0.13555	0.01710	0.02038	0.02288	0.02317	0.03013	0.09343	0.10977	0.18106	0.01804	0.01154	0.00352	0.00981	0.01586	0.00732	0.01141
28	0.02457	0.21231	0.27903	0.06123	0.03981	0.02811	0.07049	0.03252	0.02259	0.06297	0.02178	0.05999	0.01803	0.01132	0.00960	0.00312	0.01348	0.00925	0.00543	0.01438
29	0.03115	0.08146	0.14777	0.11007	0.04033	0.02337	0.07160	0.08833	0.02740	0.19172	0.02853	0.06421	0.02144	0.01250	0.01051	0.00332	0.01230	0.01067	0.00808	0.01525
30	0.02993	0.12588	0.13407	0.10366	0.12881	0.02676	0.07379	0.08720	0.02685	0.12851	0.02329	0.02614	0.01703	0.01055	0.01005	0.00315	0.01287	0.00905	0.00686	0.01554
31	0.08951	0.07706	0.20915	0.08694	0.03917	0.02411	0.05650	0.08621	0.02602	0.12866	0.02538	0.06173	0.01960	0.01215	0.01006	0.00332	0.01247	0.00995	0.00719	0.01482
32	0.03758	0.02680	0.10007	0.03039	0.11041	0.02243	0.07047	0.13634	0.03162	0.27815	0.03067	0.03013	0.02069	0.01171	0.01070	0.00327	0.01168	0.01007	0.00966	0.01716
33	0.03625	0.02327	0.03306	0.11828	0.12849	0.02397	0.05203	0.17936	0.03307	0.22083	0.02865	0.02966	0.01980	0.01172	0.01069	0.00328	0.01165	0.01003	0.00930	0.01661

[dist]
# distance from previous block
# <min> <max>
1	21

[block]
# block no. 1 follows, 13 sequences, length 52
# corresponding to MSA columns:
# 572-623
name=unknown_B
#
# <colnr> <probs for GDERKNQSTAVLIFYWHMCP>
#	G	D	E	R	K	N	Q	S	T	A	V	L	I	F	Y	W	H	M	C	P
0	0.13057	0.02935	0.11760	0.09081	0.13983	0.05783	0.02411	0.08770	0.05593	0.08175	0.02221	0.02509	0.01663	0.01059	0.00959	0.00312	0.01194	0.00844	0.00686	0.07007
1	0.03205	0.14779	0.07777	0.03145	0.12260	0.02964	0.07476	0.19499	0.03224	0.08382	0.02235	0.02458	0.01687	0.01059	0.00981	0.00295	0.01221	0.00882	0.00746	0.05723
2	0.08387	0.32843	0.04332	0.02655	0.11197	0.03482	0.02008	0.12446	0.06984	0.03744	0.01981	0.02183	0.01625	0.01027	0.00837	0.00276	0.01107	0.00748	0.00642	0.01497
3	0.21447	0.02778	0.08977	0.02833	0.11901	0.02624	0.02137	0.17976	0.06984	0.09076	0.02350	0.02487	0.01723	0.01122	0.00943	0.00325	0.01085	0.00856	0.00811	0.01565
4	0.14448	0.02509	0.10251	0.02077	0.02864	0.02167	0.01909	0.08207	0.14342	0.18369	0.03448	0.04025	0.02650	0.01418	0.01034	0.00353	0.00998	0.06435	0.00963	0.01533
5	0.08437	0.18674	0.26292	0.02723	0.03894	0.02996	0.09997	0.08912	0.02525	0.03641	0.01865	0.02182	0.01418	0.00992	0.00936	0.00309	0.01380	0.00798	0.00548	0.01483
6	0.01320	0.00961	0.01252	0.01471	0.01579	0.00893	0.01025	0.01539	0.02100	0.02755	0.06316	0.52413	0.12000	0.03213	0.01349	0.00427	0.00636	0.06898	0.00981	0.00872
7	0.02330	0.01377	0.01723	0.01521	0.01949	0.01298	0.01180	0.03069	0.08787	0.15983	0.33560	0.06718	0.12326	0.01941	0.01186	0.00337	0.00631	0.01673	0.01167	0.01244
8	0.01288	0.00920	0.01227	0.01472	0.01534	0.00859	0.00981	0.01472	0.02024	0.02699	0.05828	0.62152	0.06993	0.03312	0.01350	0.00429	0.00613	0.03006	0.00981	0.00859
9	0.01778	0.01297	0.01720	0.01643	0.01854	0.01453	0.01227	0.07097	0.02001	0.02794	0.02923	0.04659	0.02848	0.20613	0.39677	0.01391	0.02218	0.01213	0.00636	0.00959
10	0.02279	0.02167	0.03681	0.35839	0.29540	0.02423	0.03077	0.02948	0.02248	0.03044	0.01929	0.02727	0.01530	0.01005	0.01052	0.00335	0.01340	0.00941	0.00494	0.01402
11	0.01997	0.01879	0.03171	0.60301	0.07282	0.02349	0.02936	0.02701	0.02114	0.02701	0.01879	0.02819	0.01409	0.01057	0.01057	0.00352	0.01409	0.00940	0.00470	0.01175
12	0.01510	0.01155	0.01434	0.01573	0.01865	0.01079	0.01320	0.01903	0.02424	0.03033	0.07779	0.11179	0.27303	0.02817	0.01370	0.00431	0.00787	0.29121	0.00977	0.00939
13	0.03241	0.10120	0.24720	0.02624	0.03732	0.08769	0.06686	0.03988	0.02576	0.19687	0.02543	0.02610	0.01759	0.01088	0.01003	0.00316	0.01371	0.00872	0.00731	0.01565
14	0.02367	0.20074	0.35300	0.02944	0.04253	0.02941	0.11541	0.03308	0.02255	0.03132	0.01827	0.02198	0.01389	0.00959	0.00961	0.00310	0.01488	0.00804	0.00463	0.01486
15	0.01503	0.01102	0.01423	0.01404	0.01665	0.01022	0.01094	0.01974	0.02833	0.03902	0.42188	0.08831	0.14546	0.02347	0.01283	0.00361	0.00582	0.09846	0.01111	0.00982
16	0.02219	0.02106	0.03572	0.41031	0.24816	0.02407	0.03047	0.02896	0.02219	0.02971	0.01918	0.02747	0.01504	0.01016	0.01053	0.00339	0.01355	0.00941	0.00489	0.01354
17	0.03307	0.02462	0.12202	0.22996	0.04665	0.01995	0.02456	0.03963	0.02562	0.28273	0.02957	0.03083	0.01964	0.01166	0.01051	0.00338	0.01197	0.00970	0.00859	0.01535
18	0.06220	0.01419	0.01850	0.08134	0.02591	0.01462	0.01492	0.06451	0.02499	0.08976	0.07368	0.28242	0.05131	0.02409	0.01238	0.00401	0.00852	0.11197	0.00954	0.01116
19	0.02201	0.12076	0.51462	0.02876	0.04364	0.02652	0.03668	0.03328	0.02223	0.03250	0.01849	0.02171	0.01341	0.00993	0.00967	0.00322	0.01513	0.00757	0.00447	0.01539
20	0.02141	0.01895	0.03402	0.27284	0.05041	0.02016	0.14411	0.02818	0.02498	0.06417	0.16683	0.04251	0.03852	0.01331	0.01156	0.00347	0.01224	0.01286	0.00722	0.01224
21	0.02235	0.01763	0.02858	0.44740	0.05978	0.02082	0.02592	0.02874	0.02261	0.08430	0.02722	0.04379	0.02295	0.01386	0.01123	0.00372	0.01286	0.08778	0.00639	0.01207
22	0.03280	0.02841	0.08333	0.08861	0.03471	0.10403	0.02061	0.17133	0.03212	0.14541	0.03121	0.12337	0.02648	0.01531	0.01085	0.00337	0.01200	0.01249	0.00890	0.01467
23	0.24381	0.02070	0.02146	0.01839	0.02515	0.02252	0.01475	0.04705	0.23729	0.19044	0.03381	0.03153	0.02408	0.01258	0.00941	0.00340	0.00848	0.00964	0.01008	0.01543
24	0.01358	0.01003	0.01269	0.01356	0.01533	0.00915	0.00958	0.01669	0.02438	0.03284	0.24718	0.34019	0.16005	0.02792	0.01296	0.00382	0.00559	0.02483	0.01048	0.00915
25	0.02183	0.05031	0.48813	0.03255	0.04735	0.02492	0.12019	0.03355	0.02276	0.03355	0.01938	0.02336	0.01384	0.00986	0.01045	0.00338	0.01599	0.00859	0.00461	0.01540
26	0.02827	0.63478	0.05540	0.01809	0.02714	0.04184	0.01809	0.03166	0.02148	0.02488	0.01470	0.01696	0.01357	0.00905	0.00678	0.00226	0.01131	0.00565	0.00452	0.01357
27	0.01711	0.01069	0.01375	0.01437	0.01659	0.00966	0.01023	0.01985	0.02357	0.09161	0.14689	0.38847	0.14097	0.02799	0.01285	0.00391	0.00616	0.02489	0.01049	0.00994
28	0.01704	0.01217	0.01704	0.01947	0.02191	0.01217	0.01704	0.02191	0.02434	0.03164	0.05598	0.11926	0.06085	0.02921	0.01460	0.00487	0.00974	0.49130	0.00974	0.00974
29	0.01510	0.01133	0.01699	0.01699	0.01888	0.01322	0.01322	0.01888	0.01699	0.02454	0.02832	0.04154	0.02643	0.07930	0.58652	0.01699	0.02832	0.01133	0.00566	0.00944
30	0.02820	0.01514	0.01905	0.01628	0.02144	0.01428	0.01282	0.03629	0.10427	0.23294	0.25803	0.05950	0.10106	0.01789	0.01156	0.00336	0.00697	0.01526	0.01189	0.01378
31	0.03451	0.02758	0.02992	0.02365	0.03087	0.07572	0.05869	0.32784	0.07922	0.05434	0.02711	0.02845	0.02002	0.01230	0.01014	0.00308	0.01144	0.00977	0.11959	0.01577
32	0.01270	0.01072	0.01099	0.01092	0.01441	0.00901	0.00819	0.01556	0.02458	0.02969	0.14390	0.09989	0.52067	0.02636	0.01249	0.00355	0.00533	0.02205	0.00997	0.00901
33	0.01278	0.00959	0.01186	0.01368	0.01506	0.00868	0.00935	0.01484	0.02124	0.02740	0.07094	0.48670	0.19657	0.03148	0.01324	0.00411	0.00593	0.02805	0.00982	0.00868
34	0.02260	0.04291	0.35210	0.03438	0.04668	0.02613	0.18893	0.03269	0.02245	0.03269	0.01915	0.02435	0.01428	0.01065	0.01361	0.00356	0.08390	0.00944	0.00476	0.01474
35	0.02617	0.02512	0.04292	0.06490	0.56246	0.02512	0.03245	0.03245	0.02407	0.03454	0.01989	0.02617	0.01675	0.00942	0.01047	0.00314	0.01256	0.00942	0.00523	0.01675
36	0.01538	0.01025	0.01153	0.01153	0.01153	0.01025	0.00641	0.01538	0.01538	0.02050	0.03331	0.06919	0.03844	0.62842	0.05382	0.01025	0.01025	0.01538	0.00641	0.00641
37	0.01557	0.01288	0.02114	0.01969	0.02244	0.01208	0.09394	0.01939	0.02314	0.03135	0.14482	0.38358	0.06599	0.02673	0.01323	0.00404	0.00811	0.06259	0.00942	0.00986
38	0.02469	0.07531	0.11403	0.02134	0.02805	0.02318	0.01941	0.14638	0.12977	0.04070	0.03760	0.19276	0.03621	0.01877	0.01124	0.00361	0.01003	0.04408	0.00887	0.01397
39	0.01634	0.01239	0.01440	0.01417	0.01708	0.01177	0.01044	0.07443	0.02707	0.03553	0.18396	0.25896	0.23175	0.02609	0.01260	0.00371	0.00624	0.02268	0.01032	0.01008
40	0.63195	0.02028	0.01722	0.07526	0.02590	0.02370	0.01332	0.03066	0.01832	0.04531	0.01515	0.01832	0.01173	0.00989	0.00696	0.00330	0.00880	0.00611	0.00635	0.01148
41	0.01496	0.01081	0.01413	0.01330	0.01580	0.00998	0.00998	0.01995	0.02993	0.04240	0.55689	0.07898	0.09976	0.02162	0.01247	0.00333	0.00499	0.01912	0.01164	0.00998
42	0.02753	0.57436	0.10938	0.01935	0.02908	0.04004	0.02028	0.03185	0.02157	0.02577	0.01514	0.01752	0.01355	0.00915	0.00712	0.00237	0.01176	0.00588	0.00452	0.01378
43	0.01704	0.01217	0.01704	0.01947	0.02191	0.01217	0.01704	0.02191	0.02434	0.03164	0.05598	0.11926	0.06085	0.02921	0.01460	0.00487	0.00974	0.49130	0.00974	0.00974
44	0.01288	0.00920	0.01227	0.01472	0.01534	0.00859	0.00981	0.01472	0.02024	0.02699	0.05828	0.62152	0.06993	0.03312	0.01350	0.00429	0.00613	0.03006	0.00981	0.00859
45	0.02192	0.01879	0.02192	0.01566	0.02506	0.01409	0.01253	0.02662	0.02192	0.03445	0.01879	0.02192	0.01566	0.00783	0.00783	0.00157	0.00783	0.00626	0.00626	0.69305
46	0.02080	0.01879	0.02754	0.35242	0.05244	0.01948	0.02218	0.02685	0.02148	0.03019	0.01879	0.02552	0.01476	0.00940	0.00940	0.00269	0.01142	0.00806	0.00537	0.30242
47	0.01416	0.01013	0.01364	0.01556	0.01689	0.00962	0.01147	0.01719	0.02274	0.03054	0.13873	0.42040	0.07273	0.03037	0.01358	0.00427	0.00676	0.13206	0.01009	0.00907
48	0.02654	0.49312	0.18196	0.02103	0.03169	0.03762	0.02321	0.03211	0.02169	0.02698	0.01574	0.01827	0.01353	0.00929	0.00758	0.00253	0.01236	0.00618	0.00451	0.01407
49	0.24926	0.20033	0.11016	0.01882	0.02776	0.07337	0.01824	0.03178	0.02122	0.03519	0.01613	0.01879	0.01319	0.00940	0.00757	0.00268	0.01098	0.00619	0.00554	0.12341
50	0.01906	0.08804	0.06790	0.01648	0.02106	0.01830	0.01380	0.02830	0.13943	0.03124	0.08872	0.11612	0.12563	0.15612	0.02064	0.00496	0.00875	0.01581	0.00834	0.01128
51	0.02319	0.07518	0.11167	0.01873	0.02544	0.01933	0.01741	0.03457	0.14388	0.09879	0.21092	0.05244	0.09214	0.01646	0.01099	0.00331	0.00851	0.01380	0.00968	0.01356

[dist]
# distance from previous block
# <min> <max>
1	3

[block]
# block no. 2 follows, 13 sequences, length 33
# corresponding to MSA columns:
# 627-659
name=unknown_C
#
# <colnr> <probs for GDERKNQSTAVLIFYWHMCP>
#	G	D	E	R	K	N	Q	S	T	A	V	L	I	F	Y	W	H	M	C	P
0	0.13907	0.02244	0.02912	0.12363	0.16046	0.02307	0.02110	0.11578	0.02648	0.04102	0.01952	0.02375	0.01537	0.00982	0.00916	0.00282	0.01068	0.00799	0.00656	0.19214
1	0.27775	0.02458	0.02267	0.01873	0.02603	0.06125	0.01508	0.14834	0.11439	0.04762	0.02269	0.02371	0.01729	0.01095	0.00858	0.00297	0.00965	0.00779	0.00805	0.13187
2	0.02486	0.01669	0.01885	0.01649	0.02172	0.01676	0.01292	0.07521	0.16402	0.13207	0.14509	0.06405	0.20944	0.01915	0.01156	0.00345	0.00723	0.01600	0.01099	0.01346
3	0.03282	0.27861	0.03909	0.02264	0.02961	0.27574	0.01888	0.04034	0.11229	0.02854	0.02014	0.02163	0.01671	0.01073	0.00864	0.00268	0.01419	0.00721	0.00597	0.01353
4	0.01288	0.00920	0.01227	0.01472	0.01534	0.00859	0.00981	0.01472	0.02024	0.02699	0.05828	0.62152	0.06993	0.03312	0.01350	0.00429	0.00613	0.03006	0.00981	0.00859
5	0.02995	0.03020	0.03489	0.09097	0.26475	0.14974	0.02575	0.08553	0.11357	0.03668	0.02337	0.02689	0.01852	0.01097	0.01033	0.00316	0.01334	0.00927	0.00666	0.01545
6	0.03693	0.02036	0.03123	0.16316	0.08423	0.02021	0.06127	0.07328	0.02842	0.32240	0.03183	0.03206	0.02121	0.01183	0.01075	0.00334	0.01137	0.01032	0.00968	0.01611
7	0.01288	0.00920	0.01227	0.01472	0.01534	0.00859	0.00981	0.01472	0.02024	0.02699	0.05828	0.62152	0.06993	0.03312	0.01350	0.00429	0.00613	0.03006	0.00981	0.00859
8	0.02630	0.02271	0.02391	0.02152	0.02749	0.02630	0.01674	0.05618	0.54336	0.04423	0.04303	0.03945	0.03228	0.01434	0.01076	0.00359	0.00837	0.01195	0.01076	0.01674
9	0.02597	0.12941	0.36195	0.03020	0.08228	0.02849	0.03222	0.12085	0.02721	0.03825	0.01959	0.02242	0.01450	0.01032	0.00972	0.00315	0.01406	0.00794	0.00562	0.01585
10	0.70310	0.02045	0.01554	0.01390	0.02045	0.02372	0.01145	0.03108	0.01799	0.04744	0.01472	0.01718	0.01145	0.00981	0.00654	0.00327	0.00818	0.00573	0.00654	0.01145
11	0.01389	0.01077	0.01265	0.01218	0.01514	0.00952	0.00913	0.01788	0.02740	0.03639	0.36140	0.08888	0.29900	0.02386	0.01248	0.00343	0.00515	0.02051	0.01085	0.00952
12	0.02313	0.02313	0.03238	0.02776	0.02776	0.03238	0.02313	0.02545	0.01619	0.02545	0.01388	0.02313	0.01388	0.01851	0.03470	0.00463	0.60907	0.00925	0.00463	0.01157
13	0.03895	0.02900	0.03103	0.02408	0.03232	0.03221	0.01980	0.48516	0.09378	0.06463	0.02696	0.02664	0.01926	0.01284	0.01059	0.00321	0.01134	0.00974	0.01059	0.01787
14	0.02426	0.02177	0.03458	0.17760	0.30943	0.02303	0.02691	0.07662	0.02680	0.03714	0.10712	0.03511	0.02969	0.01198	0.01083	0.00326	0.01160	0.01100	0.00666	0.01461
15	0.02121	0.05469	0.57364	0.03014	0.04576	0.02455	0.03906	0.03348	0.02232	0.03348	0.01897	0.02232	0.01339	0.01005	0.01005	0.00335	0.01563	0.00781	0.00446	0.01563
16	0.04744	0.01799	0.02454	0.01881	0.02699	0.01554	0.01554	0.05153	0.03026	0.56979	0.04171	0.03599	0.02617	0.01309	0.01063	0.00327	0.00900	0.01063	0.01309	0.01799
17	0.01282	0.00945	0.01201	0.01405	0.01516	0.00864	0.00952	0.01480	0.02089	0.02725	0.06643	0.53475	0.15144	0.03207	0.01333	0.00417	0.00600	0.02877	0.00982	0.00864
18	0.02352	0.24469	0.40390	0.02619	0.03966	0.03022	0.03220	0.03289	0.02205	0.03066	0.01757	0.02057	0.01345	0.00972	0.00898	0.00299	0.01421	0.00711	0.00448	0.01495
19	0.01523	0.01088	0.01496	0.01741	0.01905	0.01061	0.01390	0.01878	0.02256	0.02962	0.05698	0.33756	0.06480	0.03091	0.01412	0.00462	0.00817	0.29083	0.00977	0.00924
20	0.01496	0.01081	0.01413	0.01330	0.01580	0.00998	0.00998	0.01995	0.02993	0.04240	0.55689	0.07898	0.09976	0.02162	0.01247	0.00333	0.00499	0.01912	0.01164	0.00998
21	0.02253	0.02140	0.03634	0.38091	0.27491	0.02416	0.03064	0.02926	0.02235	0.03012	0.01924	0.02735	0.01519	0.01010	0.01053	0.00337	0.01346	0.00941	0.00492	0.01381
22	0.02188	0.11033	0.52393	0.02898	0.04398	0.02621	0.03705	0.03331	0.02224	0.03266	0.01856	0.02181	0.01341	0.00995	0.00973	0.00324	0.01521	0.00761	0.00447	0.01543
23	0.02313	0.02313	0.03238	0.02776	0.02776	0.03238	0.02313	0.02545	0.01619	0.02545	0.01388	0.02313	0.01388	0.01851	0.03470	0.00463	0.60907	0.00925	0.00463	0.01157
24	0.01338	0.00974	0.01262	0.01402	0.01537	0.00897	0.00971	0.01610	0.02305	0.03107	0.19011	0.43894	0.11851	0.02964	0.01315	0.00399	0.00578	0.02661	0.01028	0.00897
25	0.01484	0.01100	0.01552	0.06874	0.02256	0.01106	0.01386	0.01811	0.02163	0.02847	0.05402	0.40873	0.06206	0.02987	0.01359	0.00441	0.00799	0.17499	0.00933	0.00924
26	0.26234	0.02165	0.02921	0.02244	0.03057	0.02165	0.11073	0.07572	0.02655	0.25699	0.02764	0.02751	0.01873	0.01117	0.00961	0.00332	0.01058	0.00926	0.00925	0.01509
27	0.01773	0.01169	0.01465	0.01411	0.01744	0.01057	0.01111	0.02197	0.02743	0.08739	0.30110	0.08772	0.21407	0.02346	0.01265	0.00364	0.00624	0.09566	0.01096	0.01041
28	0.01469	0.01049	0.01434	0.01679	0.01819	0.01014	0.01295	0.01784	0.02202	0.02901	0.05728	0.40322	0.06598	0.03142	0.01398	0.00454	0.00770	0.23053	0.00978	0.00909
29	0.70310	0.02045	0.01554	0.01390	0.02045	0.02372	0.01145	0.03108	0.01799	0.04744	0.01472	0.01718	0.01145	0.00981	0.00654	0.00327	0.00818	0.00573	0.00654	0.01145
30	0.11800	0.01931	0.02117	0.01584	0.02458	0.01633	0.01268	0.02939	0.05906	0.03699	0.01997	0.02252	0.01627	0.00858	0.00786	0.00195	0.00792	0.00660	0.00663	0.54835
31	0.03426	0.02561	0.12335	0.02296	0.03176	0.01961	0.06100	0.04514	0.12550	0.28785	0.07950	0.03723	0.03042	0.01316	0.01086	0.00337	0.01043	0.01125	0.01037	0.01636
32	0.13663	0.02067	0.02442	0.01927	0.02708	0.02047	0.01583	0.12845	0.07481	0.36829	0.03530	0.03186	0.02325	0.01267	0.01006	0.00328	0.00927	0.00987	0.01155	0.01697

[dist]
# distance from previous block
# <min> <max>
0	1

[block]
# block no. 3 follows, 13 sequences, length 9
# corresponding to MSA columns:
# 661-669
name=unknown_D
#
# <colnr> <probs for GDERKNQSTAVLIFYWHMCP>
#	G	D	E	R	K	N	Q	S	T	A	V	L	I	F	Y	W	H	M	C	P
0	0.03203	0.03198	0.02618	0.02332	0.02893	0.22716	0.01833	0.14502	0.14760	0.04065	0.06912	0.04218	0.03109	0.01518	0.01089	0.00333	0.01286	0.07142	0.00873	0.01399
1	0.04255	0.02270	0.03130	0.02359	0.03216	0.02197	0.07936	0.18887	0.03531	0.35638	0.03443	0.03196	0.02253	0.01246	0.01084	0.00328	0.01086	0.01053	0.01140	0.01753
2	0.01570	0.01065	0.01472	0.01472	0.01571	0.01163	0.01038	0.01695	0.01597	0.02228	0.02840	0.04905	0.02908	0.25089	0.32924	0.11939	0.01949	0.01231	0.00574	0.00770
3	0.03736	0.02794	0.03021	0.02298	0.03159	0.02989	0.01892	0.44969	0.04541	0.06165	0.02436	0.02485	0.01762	0.01194	0.01015	0.00292	0.01105	0.00902	0.00991	0.12252
4	0.03557	0.03743	0.02819	0.02495	0.03083	0.31567	0.01959	0.17058	0.07344	0.03900	0.02628	0.03618	0.02274	0.01417	0.01061	0.00321	0.01497	0.07499	0.00782	0.01378
5	0.03259	0.02101	0.03327	0.02566	0.03331	0.02031	0.15155	0.04397	0.14584	0.24133	0.09986	0.04006	0.03389	0.01330	0.01138	0.00343	0.01073	0.01247	0.01030	0.01572
6	0.01890	0.01154	0.01568	0.01637	0.01850	0.01136	0.01245	0.02185	0.02129	0.09355	0.04715	0.24815	0.05056	0.11986	0.11564	0.00728	0.01171	0.13926	0.00902	0.00988
7	0.01418	0.01057	0.01319	0.01298	0.01543	0.00957	0.00956	0.01827	0.02741	0.03748	0.39718	0.15867	0.18806	0.02425	0.01262	0.00351	0.00522	0.02128	0.01102	0.00957
8	0.02388	0.02279	0.03879	0.26316	0.38206	0.02452	0.03131	0.03045	0.02299	0.03177	0.01948	0.02691	0.01577	0.00984	0.01051	0.00328	0.01313	0.00941	0.00504	0.01490

[dist]
# distance from previous block
# <min> <max>
0	12

[block]
# block no. 4 follows, 13 sequences, length 60
# corresponding to MSA columns:
# 682-709,741-772
name=unknown_E
#
# <colnr> <probs for GDERKNQSTAVLIFYWHMCP>
#	G	D	E	R	K	N	Q	S	T	A	V	L	I	F	Y	W	H	M	C	P
0	0.01532	0.01104	0.01464	0.01437	0.01685	0.01036	0.01120	0.02029	0.02896	0.04054	0.47017	0.08595	0.09303	0.02293	0.01284	0.00359	0.00581	0.10086	0.01131	0.00993
1	0.01510	0.01133	0.01699	0.01699	0.01888	0.01322	0.01322	0.01888	0.01699	0.02454	0.02832	0.04154	0.02643	0.07930	0.58652	0.01699	0.02832	0.01133	0.00566	0.00944
2	0.04744	0.01799	0.02454	0.01881	0.02699	0.01554	0.01554	0.05153	0.03026	0.56979	0.04171	0.03599	0.02617	0.01309	0.01063	0.00327	0.00900	0.01063	0.01309	0.01799
3	0.04744	0.01799	0.02454	0.01881	0.02699	0.01554	0.01554	0.05153	0.03026	0.56979	0.04171	0.03599	0.02617	0.01309	0.01063	0.00327	0.00900	0.01063	0.01309	0.01799
4	0.04019	0.02962	0.03173	0.02433	0.03279	0.03279	0.02010	0.52721	0.04971	0.06663	0.02538	0.02538	0.01798	0.01269	0.01058	0.00317	0.01163	0.00952	0.01058	0.01798
5	0.01314	0.01074	0.01161	0.01139	0.01468	0.00920	0.00854	0.01643	0.02563	0.03220	0.22528	0.09577	0.43773	0.02542	0.01249	0.00351	0.00526	0.02148	0.01030	0.00920
6	0.01704	0.01217	0.01704	0.01947	0.02191	0.01217	0.01704	0.02191	0.02434	0.03164	0.05598	0.11926	0.06085	0.02921	0.01460	0.00487	0.00974	0.49130	0.00974	0.00974
7	0.01538	0.01025	0.01153	0.01153	0.01153	0.01025	0.00641	0.01538	0.01538	0.02050	0.03331	0.06919	0.03844	0.62842	0.05382	0.01025	0.01025	0.01538	0.00641	0.00641
8	0.70310	0.02045	0.01554	0.01390	0.02045	0.02372	0.01145	0.03108	0.01799	0.04744	0.01472	0.01718	0.01145	0.00981	0.00654	0.00327	0.00818	0.00573	0.00654	0.01145
9	0.01510	0.01133	0.01699	0.01699	0.01888	0.01322	0.01322	0.01888	0.01699	0.02454	0.02832	0.04154	0.02643	0.07930	0.58652	0.01699	0.02832	0.01133	0.00566	0.00944
10	0.01538	0.01025	0.01153	0.01153	0.01153	0.01025	0.00641	0.01538	0.01538	0.02050	0.03331	0.06919	0.03844	0.62842	0.05382	0.01025	0.01025	0.01538	0.00641	0.00641
11	0.01337	0.00971	0.01262	0.01408	0.01537	0.00896	0.00973	0.01606	0.02295	0.03096	0.18654	0.44802	0.11290	0.02978	0.01317	0.00400	0.00579	0.02676	0.01027	0.00896
12	0.02145	0.01992	0.03148	0.46928	0.10740	0.02405	0.02771	0.03190	0.10058	0.03026	0.02256	0.02973	0.01708	0.01105	0.01059	0.00350	0.01310	0.00979	0.00566	0.01293
13	0.02052	0.01935	0.03270	0.55541	0.11613	0.02363	0.02964	0.02750	0.02140	0.02768	0.01889	0.02801	0.01433	0.01047	0.01056	0.00349	0.01396	0.00940	0.00475	0.01219
14	0.02551	0.01314	0.01751	0.01509	0.01943	0.01178	0.01178	0.03021	0.03004	0.21367	0.38959	0.06502	0.07586	0.01885	0.01187	0.00331	0.00629	0.01636	0.01211	0.01258
15	0.02827	0.63478	0.05540	0.01809	0.02714	0.04184	0.01809	0.03166	0.02148	0.02488	0.01470	0.01696	0.01357	0.00905	0.00678	0.00226	0.01131	0.00565	0.00452	0.01357
16	0.02695	0.02590	0.04435	0.05471	0.38564	0.02607	0.12443	0.06988	0.06680	0.03746	0.02238	0.02760	0.01792	0.00994	0.01088	0.00326	0.01317	0.01021	0.00607	0.01636
17	0.01997	0.01879	0.03171	0.60301	0.07282	0.02349	0.02936	0.02701	0.02114	0.02701	0.01879	0.02819	0.01409	0.01057	0.01057	0.00352	0.01409	0.00940	0.00470	0.01175
18	0.01538	0.01025	0.01153	0.01153	0.01153	0.01025	0.00641	0.01538	0.01538	0.02050	0.03331	0.06919	0.03844	0.62842	0.05382	0.01025	0.01025	0.01538	0.00641	0.00641
19	0.02572	0.02708	0.05419	0.11533	0.10044	0.02670	0.37531	0.07464	0.02649	0.03583	0.02127	0.02801	0.01602	0.00949	0.01190	0.00349	0.01636	0.01157	0.00570	0.01448
20	0.01288	0.00920	0.01227	0.01472	0.01534	0.00859	0.00981	0.01472	0.02024	0.02699	0.05828	0.62152	0.06993	0.03312	0.01350	0.00429	0.00613	0.03006	0.00981	0.00859
21	0.02823	0.28759	0.27419	0.02340	0.03515	0.03025	0.02674	0.03557	0.02322	0.11416	0.02079	0.02226	0.01547	0.01011	0.00880	0.00289	0.01281	0.00737	0.00584	0.01515
22	0.02171	0.02057	0.03485	0.45208	0.21016	0.02395	0.03023	0.02854	0.02196	0.02913	0.01910	0.02762	0.01484	0.01025	0.01054	0.00342	0.01366	0.00940	0.00485	0.01315
23	0.04090	0.02017	0.03050	0.02337	0.03152	0.01849	0.09590	0.08662	0.03061	0.40064	0.03827	0.04049	0.02663	0.01367	0.01123	0.00344	0.01066	0.04876	0.01139	0.01675
24	0.01407	0.01006	0.01359	0.01578	0.01699	0.00958	0.01160	0.01690	0.02201	0.02935	0.09706	0.45523	0.07005	0.03125	0.01369	0.00436	0.00693	0.14258	0.00994	0.00898
25	0.70310	0.02045	0.01554	0.01390	0.02045	0.02372	0.01145	0.03108	0.01799	0.04744	0.01472	0.01718	0.01145	0.00981	0.00654	0.00327	0.00818	0.00573	0.00654	0.01145
26	0.02338	0.01970	0.02139	0.01965	0.02463	0.02224	0.01509	0.04699	0.41852	0.04248	0.12501	0.09485	0.04606	0.01707	0.01126	0.00361	0.00765	0.01461	0.01082	0.01499
27	0.01288	0.00920	0.01227	0.01472	0.01534	0.00859	0.00981	0.01472	0.02024	0.02699	0.05828	0.62152	0.06993	0.03312	0.01350	0.00429	0.00613	0.03006	0.00981	0.00859
28	0.02192	0.01879	0.02192	0.01566	0.02506	0.01409	0.01253	0.02662	0.02192	0.03445	0.01879	0.02192	0.01566	0.00783	0.00783	0.00157	0.00783	0.00626	0.00626	0.69305
29	0.02011	0.01807	0.06797	0.02315	0.02812	0.01502	0.10349	0.02559	0.02432	0.07419	0.08223	0.18879	0.05135	0.02322	0.01319	0.00417	0.01046	0.20618	0.00898	0.01140
30	0.03814	0.12853	0.03471	0.02438	0.03190	0.22463	0.01991	0.28508	0.03863	0.04627	0.02065	0.02193	0.01581	0.01152	0.00964	0.00288	0.01414	0.00800	0.00789	0.01534
31	0.02395	0.02182	0.03179	0.08318	0.25774	0.02056	0.02268	0.03163	0.06685	0.03473	0.02131	0.02570	0.01740	0.00927	0.00942	0.00256	0.01038	0.00833	0.00608	0.29461
32	0.01912	0.03693	0.34421	0.02533	0.03537	0.01914	0.02936	0.02808	0.02279	0.03231	0.03440	0.10663	0.03372	0.01828	0.01182	0.00392	0.01288	0.16593	0.00664	0.01310
33	0.02600	0.44868	0.22166	0.02196	0.03311	0.03629	0.02482	0.03225	0.02175	0.02764	0.01607	0.01868	0.01351	0.00937	0.00783	0.00261	0.01269	0.00635	0.00450	0.01423
34	0.04446	0.02278	0.02750	0.02108	0.02938	0.02264	0.01741	0.24724	0.03826	0.36278	0.03499	0.03163	0.02280	0.01292	0.01061	0.00323	0.01008	0.01017	0.01205	0.01799
35	0.02833	0.01376	0.01841	0.01557	0.02040	0.01227	0.01227	0.03294	0.03007	0.25938	0.34493	0.06129	0.06949	0.01811	0.01171	0.00330	0.00664	0.01563	0.01223	0.01327
36	0.03652	0.02094	0.06887	0.02648	0.11327	0.01695	0.01958	0.04155	0.02764	0.35198	0.04320	0.04560	0.07250	0.01472	0.01103	0.00341	0.00984	0.04916	0.01060	0.01617
37	0.03127	0.01846	0.02876	0.36265	0.05397	0.02022	0.02368	0.03710	0.02489	0.25033	0.02822	0.03140	0.01906	0.01161	0.01060	0.00342	0.01200	0.00990	0.00815	0.01432
38	0.01288	0.00920	0.01227	0.01472	0.01534	0.00859	0.00981	0.01472	0.02024	0.02699	0.05828	0.62152	0.06993	0.03312	0.01350	0.00429	0.00613	0.03006	0.00981	0.00859
39	0.02121	0.05469	0.57364	0.03014	0.04576	0.02455	0.03906	0.03348	0.02232	0.03348	0.01897	0.02232	0.01339	0.01005	0.01005	0.00335	0.01563	0.00781	0.00446	0.01563
40	0.02462	0.02517	0.07983	0.40762	0.10433	0.07181	0.02854	0.03144	0.02303	0.07407	0.02063	0.02737	0.01524	0.01067	0.01043	0.00339	0.01410	0.00914	0.00550	0.01308
41	0.01306	0.00934	0.01243	0.01460	0.01538	0.00871	0.00983	0.01518	0.02108	0.02833	0.10150	0.57449	0.07252	0.03213	0.01341	0.00421	0.00603	0.02911	0.00997	0.00871
42	0.01538	0.01025	0.01153	0.01153	0.01153	0.01025	0.00641	0.01538	0.01538	0.02050	0.03331	0.06919	0.03844	0.62842	0.05382	0.01025	0.01025	0.01538	0.00641	0.00641
43	0.04104	0.03369	0.02860	0.02391	0.03037	0.25447	0.01892	0.12594	0.03232	0.21829	0.02633	0.02623	0.01866	0.01254	0.01206	0.00314	0.06075	0.00876	0.00886	0.01513
44	0.03595	0.02336	0.03233	0.02530	0.03307	0.02365	0.10045	0.23224	0.03614	0.19551	0.03426	0.04414	0.02693	0.01488	0.01156	0.00354	0.01160	0.08878	0.01029	0.01604
45	0.04744	0.01799	0.02454	0.01881	0.02699	0.01554	0.01554	0.05153	0.03026	0.56979	0.04171	0.03599	0.02617	0.01309	0.01063	0.00327	0.00900	0.01063	0.01309	0.01799
46	0.07877	0.16554	0.11610	0.02300	0.03226	0.07832	0.02163	0.23809	0.03433	0.08378	0.02180	0.02278	0.01612	0.01119	0.00932	0.00298	0.01237	0.00802	0.00783	0.01576
47	0.03677	0.20129	0.12040	0.02146	0.03084	0.07371	0.02066	0.07314	0.02777	0.25321	0.02732	0.02636	0.01902	0.01126	0.00936	0.00295	0.01171	0.00839	0.00851	0.01589
48	0.01621	0.01490	0.06215	0.01724	0.02049	0.01202	0.01507	0.02116	0.02519	0.03445	0.22901	0.13263	0.06976	0.06796	0.01617	0.00453	0.00830	0.21303	0.00974	0.00999
49	0.02514	0.37770	0.28508	0.02343	0.03539	0.03418	0.02739	0.03247	0.02186	0.02869	0.01659	0.01934	0.01349	0.00949	0.00823	0.00274	0.01322	0.00661	0.00450	0.01448
50	0.08923	0.06649	0.02953	0.02222	0.02969	0.06271	0.01844	0.31283	0.07283	0.09804	0.02842	0.03354	0.02216	0.01365	0.01031	0.00327	0.01120	0.04966	0.00971	0.01606
51	0.03053	0.02299	0.02397	0.02078	0.02666	0.06898	0.01712	0.23721	0.03593	0.09086	0.04634	0.06172	0.11136	0.01900	0.01183	0.00364	0.01059	0.13649	0.01002	0.01398
52	0.02609	0.39298	0.08809	0.01884	0.02721	0.03328	0.01844	0.07012	0.06189	0.03195	0.06833	0.03170	0.06791	0.01228	0.00857	0.00271	0.01049	0.00905	0.00644	0.01364
53	0.02783	0.26883	0.26330	0.02477	0.03600	0.10499	0.02719	0.07555	0.02531	0.03207	0.01757	0.02015	0.01388	0.01001	0.00880	0.00285	0.01412	0.00702	0.00513	0.01462
54	0.03396	0.01938	0.02383	0.01769	0.02650	0.01626	0.01441	0.07906	0.02770	0.25742	0.02878	0.02800	0.02018	0.01040	0.00921	0.00240	0.00863	0.00834	0.00943	0.35842
55	0.02766	0.58450	0.10033	0.01914	0.02875	0.04034	0.01991	0.03182	0.02156	0.02562	0.01507	0.01743	0.01355	0.00913	0.00707	0.00236	0.01168	0.00584	0.00452	0.01375
56	0.09131	0.07270	0.02498	0.01830	0.02434	0.02211	0.01476	0.14992	0.07034	0.16451	0.07487	0.03871	0.03014	0.09578	0.05664	0.00505	0.01089	0.01098	0.00950	0.01417
57	0.04200	0.12351	0.02959	0.01842	0.02685	0.01991	0.01572	0.04602	0.02806	0.43131	0.03515	0.03154	0.02313	0.01195	0.00974	0.00295	0.00929	0.00941	0.01104	0.07438
58	0.08414	0.10504	0.10180	0.02039	0.02954	0.02219	0.05700	0.07039	0.02360	0.03571	0.01991	0.02572	0.01687	0.06149	0.01236	0.00307	0.01066	0.00788	0.00613	0.28613
59	0.03222	0.02547	0.11295	0.02234	0.03141	0.01951	0.05889	0.08121	0.07338	0.22450	0.07724	0.03425	0.02806	0.01228	0.01041	0.00306	0.01036	0.01042	0.00951	0.12251

[dist]
# distance from previous block
# <min> <max>
15	64

[block]
# block no. 5 follows, 13 sequences, length 59
# corresponding to MSA columns:
# 842-900
name=unknown_F
#
# <colnr> <probs for GDERKNQSTAVLIFYWHMCP>
#	G	D	E	R	K	N	Q	S	T	A	V	L	I	F	Y	W	H	M	C	P
0	0.27748	0.08873	0.05791	0.02140	0.06803	0.02346	0.01696	0.07388	0.02460	0.16234	0.02593	0.07227	0.02085	0.01258	0.00891	0.00323	0.00960	0.00953	0.00818	0.01413
1	0.11044	0.02342	0.07697	0.05394	0.05852	0.02096	0.01850	0.10971	0.08298	0.09173	0.03011	0.11534	0.02617	0.01427	0.01004	0.00318	0.00974	0.01179	0.00832	0.12385
2	0.21547	0.01897	0.02359	0.05839	0.11872	0.01884	0.01679	0.03210	0.02383	0.13011	0.10572	0.03301	0.02950	0.01187	0.00929	0.00299	0.00887	0.00960	0.00807	0.12425
3	0.13966	0.02501	0.08655	0.14556	0.08187	0.02338	0.02238	0.10247	0.06807	0.16378	0.02633	0.02795	0.01855	0.01146	0.00989	0.00333	0.01123	0.00914	0.00820	0.01518
4	0.21945	0.02195	0.03126	0.20016	0.16540	0.02450	0.06309	0.03316	0.07788	0.03707	0.02071	0.02579	0.01608	0.01036	0.00956	0.00337	0.01171	0.00887	0.00606	0.01357
5	0.24815	0.02862	0.07261	0.02631	0.08211	0.07043	0.05697	0.13794	0.05824	0.04519	0.02041	0.02286	0.01555	0.01054	0.00908	0.00311	0.01151	0.00805	0.00714	0.06519
6	0.02848	0.02784	0.04235	0.05640	0.42941	0.07081	0.06910	0.08069	0.02707	0.03687	0.02025	0.02571	0.01656	0.00981	0.01056	0.00314	0.01341	0.00946	0.00577	0.01631
7	0.02979	0.02217	0.02466	0.02112	0.02679	0.02412	0.01679	0.30655	0.08714	0.05122	0.03820	0.19325	0.03651	0.01957	0.01168	0.00364	0.00971	0.05203	0.01033	0.01472
8	0.03815	0.02007	0.02426	0.02000	0.02721	0.02027	0.01607	0.05357	0.25571	0.33887	0.04229	0.03751	0.02885	0.01364	0.01069	0.00341	0.00872	0.01121	0.01206	0.01744
9	0.01288	0.00920	0.01227	0.01472	0.01534	0.00859	0.00981	0.01472	0.02024	0.02699	0.05828	0.62152	0.06993	0.03312	0.01350	0.00429	0.00613	0.03006	0.00981	0.00859
10	0.02320	0.02209	0.03755	0.32281	0.32778	0.02434	0.03097	0.02984	0.02267	0.03093	0.01936	0.02714	0.01548	0.00997	0.01052	0.00332	0.01330	0.00941	0.00498	0.01435
11	0.02228	0.02655	0.09785	0.30198	0.06248	0.02502	0.24766	0.03065	0.02293	0.03065	0.01995	0.02776	0.01488	0.00979	0.01136	0.00352	0.01588	0.01060	0.00496	0.01323
12	0.01510	0.01133	0.01699	0.01699	0.01888	0.01322	0.01322	0.01888	0.01699	0.02454	0.02832	0.04154	0.02643	0.07930	0.58652	0.01699	0.02832	0.01133	0.00566	0.00944
13	0.01415	0.01078	0.01300	0.01244	0.01529	0.00963	0.00933	0.01837	0.02800	0.03782	0.40806	0.08652	0.25145	0.02332	0.01248	0.00341	0.00511	0.02018	0.01104	0.00963
14	0.02285	0.04319	0.34901	0.03647	0.04993	0.02551	0.25216	0.03365	0.02348	0.03365	0.02004	0.02505	0.01456	0.00955	0.01111	0.00344	0.01659	0.00986	0.00485	0.01503
15	0.03928	0.03096	0.02991	0.02394	0.03163	0.11630	0.01934	0.35459	0.09831	0.10677	0.02748	0.02696	0.01965	0.01263	0.01044	0.00316	0.01218	0.00947	0.01004	0.01696
16	0.01538	0.01025	0.01153	0.01153	0.01153	0.01025	0.00641	0.01538	0.01538	0.02050	0.03331	0.06919	0.03844	0.62842	0.05382	0.01025	0.01025	0.01538	0.00641	0.00641
17	0.02949	0.57138	0.05264	0.01908	0.02774	0.10087	0.01834	0.03281	0.02240	0.02498	0.01488	0.01719	0.01357	0.00925	0.00708	0.00231	0.01215	0.00578	0.00462	0.01343
18	0.09852	0.02764	0.05731	0.04124	0.05148	0.02641	0.46845	0.03357	0.02420	0.03534	0.02067	0.02729	0.01554	0.00901	0.01183	0.00353	0.01678	0.01175	0.00548	0.01396
19	0.03158	0.03863	0.22416	0.02738	0.03751	0.12885	0.07396	0.07694	0.02796	0.14436	0.02669	0.03274	0.02029	0.01239	0.01069	0.00334	0.01437	0.04570	0.00739	0.01508
20	0.03092	0.02005	0.02266	0.01956	0.02591	0.02130	0.01545	0.05039	0.33857	0.19459	0.04960	0.04521	0.08756	0.01533	0.01091	0.00349	0.00822	0.01270	0.01133	0.01625
21	0.01521	0.01087	0.01494	0.01738	0.01902	0.01060	0.01386	0.01875	0.02254	0.02960	0.05699	0.33994	0.06484	0.03093	0.01412	0.00462	0.00815	0.28864	0.00977	0.00923
22	0.02834	0.01490	0.01929	0.01696	0.02165	0.01400	0.01336	0.07859	0.02985	0.22252	0.20584	0.15534	0.05861	0.02038	0.01199	0.00357	0.00755	0.05244	0.01158	0.01324
23	0.02300	0.10293	0.38709	0.03499	0.10151	0.02661	0.11164	0.03326	0.02284	0.03283	0.01904	0.02319	0.01419	0.00971	0.01016	0.00326	0.01522	0.00850	0.00469	0.01534
24	0.02540	0.02169	0.02324	0.02132	0.02695	0.02493	0.01676	0.05285	0.49293	0.04301	0.04429	0.04720	0.03505	0.01579	0.01113	0.00371	0.00850	0.05853	0.01066	0.01606
25	0.04538	0.01845	0.02448	0.01907	0.02704	0.01659	0.01566	0.05198	0.08012	0.51872	0.04184	0.03632	0.02677	0.01321	0.01064	0.00330	0.00894	0.01076	0.01286	0.01787
26	0.01997	0.01879	0.03171	0.60301	0.07282	0.02349	0.02936	0.02701	0.02114	0.02701	0.01879	0.02819	0.01409	0.01057	0.01057	0.00352	0.01409	0.00940	0.00470	0.01175
27	0.01295	0.01050	0.01150	0.01173	0.01468	0.00905	0.00861	0.01588	0.02447	0.03057	0.17260	0.17574	0.41103	0.02689	0.01264	0.00364	0.00541	0.02295	0.01011	0.00905
28	0.01496	0.01081	0.01413	0.01330	0.01580	0.00998	0.00998	0.01995	0.02993	0.04240	0.55689	0.07898	0.09976	0.02162	0.01247	0.00333	0.00499	0.01912	0.01164	0.00998
29	0.03812	0.02858	0.03056	0.02391	0.03200	0.03182	0.01959	0.45682	0.12348	0.06329	0.02802	0.02749	0.02012	0.01294	0.01060	0.00323	0.01115	0.00988	0.01060	0.01779
30	0.01876	0.01234	0.01585	0.01616	0.01903	0.01189	0.01254	0.02461	0.06726	0.08593	0.17456	0.23408	0.10391	0.02558	0.01294	0.00399	0.00712	0.13205	0.01062	0.01078
31	0.02121	0.05469	0.57364	0.03014	0.04576	0.02455	0.03906	0.03348	0.02232	0.03348	0.01897	0.02232	0.01339	0.01005	0.01005	0.00335	0.01563	0.00781	0.00446	0.01563
32	0.60404	0.02182	0.01796	0.01546	0.02229	0.02507	0.01274	0.10522	0.02273	0.05031	0.01632	0.01840	0.01243	0.01024	0.00715	0.00326	0.00870	0.00629	0.00715	0.01243
33	0.03317	0.01484	0.01997	0.01639	0.02207	0.01310	0.01310	0.03765	0.03012	0.33807	0.26807	0.05488	0.05851	0.01683	0.01144	0.00330	0.00724	0.01436	0.01245	0.01447
34	0.03539	0.01877	0.02581	0.02099	0.02788	0.01810	0.05552	0.04592	0.14705	0.31539	0.09080	0.04667	0.03646	0.01509	0.01129	0.00349	0.00922	0.04860	0.01155	0.01601
35	0.01321	0.00945	0.01256	0.01450	0.01541	0.00880	0.00984	0.01553	0.02175	0.02938	0.13569	0.53728	0.07456	0.03134	0.01334	0.00414	0.00596	0.02836	0.01010	0.00880
36	0.03093	0.01574	0.02016	0.01695	0.02246	0.01486	0.01343	0.03924	0.10680	0.27439	0.25374	0.05418	0.05734	0.01678	0.01141	0.00334	0.00725	0.01432	0.01214	0.01451
37	0.02121	0.05469	0.57364	0.03014	0.04576	0.02455	0.03906	0.03348	0.02232	0.03348	0.01897	0.02232	0.01339	0.01005	0.01005	0.00335	0.01563	0.00781	0.00446	0.01563
38	0.02264	0.01871	0.03102	0.54624	0.06837	0.02272	0.02802	0.02940	0.02203	0.07975	0.02102	0.02895	0.01527	0.01082	0.01058	0.00350	0.01360	0.00952	0.00551	0.01235
39	0.02496	0.02852	0.06239	0.04456	0.05526	0.02674	0.52406	0.03387	0.02496	0.03387	0.02139	0.02852	0.01604	0.00891	0.01248	0.00357	0.01783	0.01248	0.00535	0.01426
40	0.02630	0.02271	0.02391	0.02152	0.02749	0.02630	0.01674	0.05618	0.54336	0.04423	0.04303	0.03945	0.03228	0.01434	0.01076	0.00359	0.00837	0.01195	0.01076	0.01674
41	0.32977	0.02448	0.02861	0.02232	0.03025	0.02650	0.09124	0.19681	0.03049	0.09422	0.02143	0.02311	0.01549	0.01090	0.00909	0.00328	0.01083	0.00838	0.00823	0.01456
42	0.04744	0.01799	0.02454	0.01881	0.02699	0.01554	0.01554	0.05153	0.03026	0.56979	0.04171	0.03599	0.02617	0.01309	0.01063	0.00327	0.00900	0.01063	0.01309	0.01799
43	0.01305	0.00933	0.01242	0.01461	0.01537	0.00870	0.00983	0.01515	0.02103	0.02824	0.09882	0.57740	0.07236	0.03219	0.01341	0.00422	0.00604	0.02917	0.00996	0.00870
44	0.01459	0.00992	0.01176	0.01253	0.01273	0.00973	0.00748	0.01517	0.01690	0.02254	0.04115	0.24263	0.04833	0.44148	0.04115	0.00838	0.00896	0.01999	0.00748	0.00709
45	0.70310	0.02045	0.01554	0.01390	0.02045	0.02372	0.01145	0.03108	0.01799	0.04744	0.01472	0.01718	0.01145	0.00981	0.00654	0.00327	0.00818	0.00573	0.00654	0.01145
46	0.03351	0.36889	0.04500	0.02083	0.02962	0.03786	0.01897	0.24939	0.03389	0.04322	0.01939	0.02066	0.01551	0.01065	0.00845	0.00266	0.01145	0.00735	0.00718	0.01551
47	0.01281	0.01041	0.01136	0.01178	0.01464	0.00896	0.00859	0.01554	0.02386	0.02956	0.14011	0.20647	0.41389	0.02759	0.01270	0.00370	0.00548	0.02360	0.00999	0.00896
