[name]
unknown

[dist]
# distance from previous block
# <min> <max>
0	1056

[block]
# block no. 0 follows, 14 sequences, length 56
# corresponding to MSA columns:
# 1377-1432
name=unknown_A
#
# <colnr> <probs for GDERKNQSTAVLIFYWHMCP>
#	G	D	E	R	K	N	Q	S	T	A	V	L	I	F	Y	W	H	M	C	P
0	0.01452	0.01049	0.01372	0.01291	0.01533	0.00968	0.00968	0.01937	0.02905	0.04115	0.56992	0.07666	0.09683	0.02098	0.01210	0.00323	0.00484	0.01856	0.01130	0.00968
1	0.01470	0.01082	0.01559	0.01559	0.01712	0.01234	0.01171	0.01775	0.01623	0.02316	0.02831	0.04486	0.02763	0.17226	0.50609	0.01538	0.02452	0.01166	0.00562	0.00866
2	0.02540	0.02438	0.04165	0.06299	0.57533	0.02438	0.03149	0.03149	0.02337	0.03353	0.01930	0.02540	0.01626	0.00914	0.01016	0.00305	0.01219	0.00914	0.00508	0.01626
3	0.01452	0.01049	0.01372	0.01291	0.01533	0.00968	0.00968	0.01937	0.02905	0.04115	0.56992	0.07666	0.09683	0.02098	0.01210	0.00323	0.00484	0.01856	0.01130	0.00968
4	0.01425	0.01021	0.01381	0.01549	0.01705	0.00976	0.01184	0.01766	0.02299	0.03093	0.16788	0.34348	0.07133	0.02848	0.01323	0.00414	0.00685	0.18176	0.00989	0.00899
5	0.18475	0.01936	0.02150	0.01721	0.02410	0.01970	0.01411	0.14933	0.02984	0.27895	0.03040	0.02919	0.02070	0.01183	0.00902	0.00305	0.00858	0.00895	0.10443	0.01501
6	0.01942	0.01618	0.02158	0.01695	0.02364	0.01320	0.05849	0.02378	0.02122	0.03232	0.02833	0.15578	0.02777	0.01345	0.00915	0.00236	0.00783	0.01198	0.07849	0.41808
7	0.03378	0.03887	0.03366	0.03924	0.22483	0.35716	0.02395	0.07045	0.02831	0.03070	0.01766	0.02136	0.01458	0.01018	0.00964	0.00282	0.01579	0.00768	0.00554	0.01381
8	0.01938	0.01824	0.03078	0.61468	0.07068	0.02280	0.02850	0.02622	0.02052	0.02622	0.01824	0.02736	0.01368	0.01026	0.01026	0.00342	0.01368	0.00912	0.00456	0.01140
9	0.08199	0.02297	0.03838	0.05053	0.40117	0.02283	0.07992	0.03200	0.02376	0.07270	0.05676	0.02895	0.02170	0.01015	0.01019	0.00312	0.01165	0.00986	0.00613	0.01523
10	0.01396	0.01199	0.01215	0.01183	0.01562	0.01097	0.00895	0.02018	0.09645	0.02981	0.09544	0.09048	0.49723	0.02434	0.01190	0.00347	0.00560	0.02028	0.00965	0.00970
11	0.01462	0.01053	0.01454	0.01505	0.01630	0.01141	0.01103	0.01719	0.01713	0.02373	0.03489	0.12994	0.03709	0.21252	0.32943	0.01216	0.01856	0.05900	0.00656	0.00832
12	0.04604	0.01746	0.02382	0.01826	0.02620	0.01508	0.01508	0.05001	0.02937	0.58244	0.04049	0.03493	0.02540	0.01270	0.01032	0.00318	0.00873	0.01032	0.01270	0.01746
13	0.01250	0.00893	0.01191	0.01429	0.01488	0.00834	0.00953	0.01429	0.01965	0.02620	0.05656	0.63265	0.06787	0.03215	0.01310	0.00417	0.00595	0.02917	0.00953	0.00834
14	0.02540	0.02438	0.04165	0.06299	0.57533	0.02438	0.03149	0.03149	0.02337	0.03353	0.01930	0.02540	0.01626	0.00914	0.01016	0.00305	0.01219	0.00914	0.00508	0.01626
15	0.01938	0.01824	0.03078	0.61468	0.07068	0.02280	0.02850	0.02622	0.02052	0.02622	0.01824	0.02736	0.01368	0.01026	0.01026	0.00342	0.01368	0.00912	0.00456	0.01140
16	0.01290	0.01043	0.01146	0.01120	0.01433	0.00899	0.00840	0.01621	0.02520	0.03202	0.25312	0.09169	0.41933	0.02439	0.01212	0.00339	0.00508	0.02067	0.01010	0.00899
17	0.01938	0.01824	0.03078	0.61468	0.07068	0.02280	0.02850	0.02622	0.02052	0.02622	0.01824	0.02736	0.01368	0.01026	0.01026	0.00342	0.01368	0.00912	0.00456	0.01140
18	0.01303	0.00915	0.01175	0.01362	0.01409	0.00868	0.00881	0.01443	0.01863	0.02484	0.05132	0.51041	0.06127	0.16341	0.02156	0.00542	0.00682	0.02609	0.00881	0.00788
19	0.02716	0.10464	0.04853	0.03297	0.04199	0.02662	0.31454	0.03863	0.12893	0.09085	0.02611	0.02908	0.01938	0.01012	0.01089	0.00327	0.01380	0.01098	0.00690	0.01460
20	0.49624	0.02915	0.01956	0.01764	0.02365	0.20712	0.01390	0.03363	0.02118	0.03934	0.01479	0.01726	0.01179	0.00986	0.00728	0.00301	0.01132	0.00589	0.00601	0.01136
21	0.02262	0.02155	0.03663	0.31768	0.34236	0.02365	0.03011	0.02906	0.02205	0.03015	0.01881	0.02630	0.01507	0.00966	0.01021	0.00322	0.01288	0.00913	0.00484	0.01401
22	0.02533	0.43279	0.19550	0.02297	0.03359	0.03484	0.06989	0.03139	0.02137	0.02715	0.01595	0.01885	0.01334	0.00903	0.00792	0.00259	0.01266	0.00664	0.00445	0.01376
23	0.03126	0.02643	0.03472	0.03410	0.15566	0.10738	0.09079	0.06577	0.02581	0.14229	0.02267	0.02574	0.01714	0.01116	0.01308	0.00310	0.09060	0.00907	0.00698	0.08624
24	0.02058	0.05308	0.58618	0.02925	0.04442	0.02383	0.03792	0.03250	0.02167	0.03250	0.01842	0.02167	0.01300	0.00975	0.00975	0.00325	0.01517	0.00758	0.00433	0.01517
25	0.03618	0.01852	0.02277	0.01875	0.02548	0.01835	0.01505	0.04912	0.21669	0.34663	0.08414	0.03953	0.03334	0.01381	0.01051	0.00329	0.00820	0.01145	0.01178	0.01640
26	0.02434	0.01274	0.01642	0.01421	0.01861	0.01126	0.01111	0.02852	0.02818	0.21458	0.31764	0.06692	0.15547	0.01916	0.01153	0.00325	0.00617	0.01642	0.01145	0.01203
27	0.03623	0.07890	0.03558	0.03153	0.14889	0.02386	0.07409	0.14034	0.03053	0.25316	0.02833	0.02840	0.01972	0.01108	0.01012	0.00307	0.01108	0.00960	0.00904	0.01644
28	0.71184	0.01985	0.01508	0.01350	0.01985	0.02302	0.01111	0.03017	0.01746	0.04604	0.01429	0.01667	0.01111	0.00953	0.00635	0.00318	0.00794	0.00556	0.00635	0.01111
29	0.01492	0.00995	0.01119	0.01119	0.01119	0.00995	0.00622	0.01492	0.01492	0.01990	0.03233	0.06716	0.03731	0.63935	0.05223	0.00995	0.00995	0.01492	0.00622	0.00622
30	0.01287	0.01022	0.01162	0.01213	0.01479	0.00897	0.00902	0.01580	0.02353	0.02968	0.16233	0.20154	0.36470	0.02660	0.01246	0.00365	0.00558	0.05590	0.00979	0.00881
31	0.02616	0.53560	0.15256	0.01973	0.02969	0.03749	0.02134	0.03106	0.02100	0.02569	0.01504	0.01743	0.01314	0.00896	0.00717	0.00239	0.01175	0.00588	0.00438	0.01354
32	0.02058	0.05308	0.58618	0.02925	0.04442	0.02383	0.03792	0.03250	0.02167	0.03250	0.01842	0.02167	0.01300	0.00975	0.00975	0.00325	0.01517	0.00758	0.00433	0.01517
33	0.01213	0.01040	0.01040	0.01040	0.01386	0.00866	0.00780	0.01473	0.02339	0.02772	0.10396	0.09876	0.57117	0.02599	0.01213	0.00347	0.00520	0.02166	0.00953	0.00866
34	0.07276	0.02266	0.03062	0.11649	0.22272	0.02503	0.02309	0.07554	0.22535	0.03914	0.02766	0.02987	0.02131	0.01135	0.01003	0.00327	0.01051	0.00983	0.00748	0.01532
35	0.01250	0.00893	0.01191	0.01429	0.01488	0.00834	0.00953	0.01429	0.01965	0.02620	0.05656	0.63265	0.06787	0.03215	0.01310	0.00417	0.00595	0.02917	0.00953	0.00834
36	0.01250	0.00893	0.01191	0.01429	0.01488	0.00834	0.00953	0.01429	0.01965	0.02620	0.05656	0.63265	0.06787	0.03215	0.01310	0.00417	0.00595	0.02917	0.00953	0.00834
37	0.02608	0.02820	0.04004	0.16882	0.21939	0.13275	0.13065	0.03193	0.02346	0.02961	0.01831	0.02478	0.01479	0.01018	0.01208	0.00324	0.05792	0.00925	0.00499	0.01354
38	0.02857	0.02659	0.03743	0.12310	0.08092	0.06590	0.15150	0.16698	0.13489	0.04149	0.02506	0.02815	0.01875	0.01105	0.01069	0.00328	0.01311	0.01022	0.00743	0.01490
39	0.01250	0.00893	0.01191	0.01429	0.01488	0.00834	0.00953	0.01429	0.01965	0.02620	0.05656	0.63265	0.06787	0.03215	0.01310	0.00417	0.00595	0.02917	0.00953	0.00834
40	0.02280	0.01814	0.02989	0.53818	0.06497	0.02181	0.02678	0.02927	0.02166	0.09756	0.02109	0.02833	0.01518	0.01057	0.01027	0.00339	0.01305	0.00927	0.00560	0.01218
41	0.64183	0.02287	0.01654	0.01484	0.02108	0.08280	0.01202	0.03129	0.01867	0.04387	0.01445	0.01686	0.01133	0.00964	0.00665	0.00312	0.00904	0.00567	0.00624	0.01120
42	0.02385	0.02270	0.03625	0.15949	0.34659	0.02516	0.02810	0.03195	0.07722	0.03190	0.02064	0.02671	0.01695	0.01106	0.01342	0.00336	0.09518	0.00937	0.00546	0.01464
43	0.02792	0.20155	0.03516	0.02221	0.06609	0.02798	0.01765	0.15829	0.02777	0.03811	0.01847	0.02112	0.01515	0.00995	0.00995	0.00242	0.05175	0.00713	0.00648	0.23487
44	0.03833	0.04891	0.02908	0.02644	0.03173	0.59815	0.01983	0.04098	0.02908	0.02512	0.01586	0.01851	0.01322	0.01058	0.00925	0.00264	0.01851	0.00661	0.00529	0.01190
45	0.01213	0.01040	0.01040	0.01040	0.01386	0.00866	0.00780	0.01473	0.02339	0.02772	0.10396	0.09876	0.57117	0.02599	0.01213	0.00347	0.00520	0.02166	0.00953	0.00866
46	0.01234	0.01040	0.01070	0.01062	0.01399	0.00876	0.00797	0.01515	0.02390	0.02893	0.14597	0.09677	0.52840	0.02554	0.01213	0.00344	0.00517	0.02138	0.00969	0.00876
47	0.02422	0.02768	0.06055	0.04325	0.05363	0.02595	0.53806	0.03287	0.02422	0.03287	0.02076	0.02768	0.01557	0.00865	0.01211	0.00346	0.01730	0.01211	0.00519	0.01384
48	0.01247	0.00906	0.01177	0.01394	0.01479	0.00836	0.00937	0.01433	0.01999	0.02633	0.06083	0.58451	0.11325	0.03160	0.01301	0.00410	0.00589	0.02850	0.00953	0.00836
49	0.01307	0.01043	0.01170	0.01139	0.01444	0.00906	0.00854	0.01655	0.02562	0.03301	0.28738	0.09006	0.38445	0.02402	0.01212	0.00337	0.00506	0.02044	0.01023	0.00906
50	0.02857	0.58351	0.05121	0.01848	0.02690	0.09856	0.01780	0.03179	0.02171	0.02424	0.01443	0.01667	0.01317	0.00897	0.00686	0.00224	0.01176	0.00560	0.00448	0.01304
51	0.04457	0.01983	0.02528	0.01938	0.02738	0.01860	0.01601	0.15308	0.03333	0.47378	0.03716	0.03277	0.02373	0.01262	0.01031	0.00316	0.00927	0.01009	0.01219	0.01746
52	0.02175	0.04495	0.41792	0.03373	0.04737	0.02451	0.19802	0.03262	0.02248	0.03262	0.01917	0.02359	0.01382	0.00940	0.01051	0.00332	0.01585	0.00903	0.00461	0.01474
53	0.01452	0.01049	0.01372	0.01291	0.01533	0.00968	0.00968	0.01937	0.02905	0.04115	0.56992	0.07666	0.09683	0.02098	0.01210	0.00323	0.00484	0.01856	0.01130	0.00968
54	0.01750	0.01156	0.01350	0.01290	0.01424	0.01277	0.00930	0.02020	0.01845	0.02900	0.03469	0.04948	0.06383	0.21841	0.06085	0.00601	0.09076	0.01208	0.29584	0.00863
55	0.02193	0.01960	0.02980	0.28215	0.15872	0.02091	0.02370	0.05983	0.02274	0.03160	0.01963	0.02651	0.01577	0.01502	0.05767	0.00397	0.01302	0.00862	0.00544	0.16336

[dist]
# distance from previous block
# <min> <max>
1	7

[block]
# block no. 1 follows, 14 sequences, length 22
# corresponding to MSA columns:
# 1440-1461
name=unknown_B
#
# <colnr> <probs for GDERKNQSTAVLIFYWHMCP>
#	G	D	E	R	K	N	Q	S	T	A	V	L	I	F	Y	W	H	M	C	P
0	0.60111	0.02058	0.01937	0.02148	0.10945	0.02324	0.01440	0.03038	0.01842	0.04402	0.01510	0.01808	0.01194	0.00946	0.00697	0.00315	0.00862	0.00614	0.00615	0.01194
1	0.01302	0.00939	0.01213	0.01413	0.01506	0.00880	0.00974	0.01499	0.01992	0.02621	0.05826	0.49802	0.10554	0.08042	0.01628	0.00463	0.00652	0.06940	0.00925	0.00829
2	0.01262	0.01042	0.01107	0.01091	0.01416	0.00887	0.00818	0.01568	0.02455	0.03047	0.19915	0.09425	0.47426	0.02497	0.01212	0.00342	0.00513	0.02102	0.00989	0.00887
3	0.01451	0.01054	0.01475	0.01499	0.01625	0.01168	0.01090	0.01710	0.01643	0.02311	0.03155	0.10572	0.03268	0.20894	0.40790	0.01368	0.02109	0.01376	0.00607	0.00837
4	0.01609	0.01152	0.01591	0.01757	0.01994	0.01134	0.01501	0.02084	0.02483	0.03303	0.16909	0.10705	0.06747	0.02671	0.01371	0.00439	0.00842	0.39771	0.00986	0.00950
5	0.01452	0.01049	0.01372	0.01291	0.01533	0.00968	0.00968	0.01937	0.02905	0.04115	0.56992	0.07666	0.09683	0.02098	0.01210	0.00323	0.00484	0.01856	0.01130	0.00968
6	0.01250	0.00893	0.01191	0.01429	0.01488	0.00834	0.00953	0.01429	0.01965	0.02620	0.05656	0.63265	0.06787	0.03215	0.01310	0.00417	0.00595	0.02917	0.00953	0.00834
7	0.02058	0.05308	0.58618	0.02925	0.04442	0.02383	0.03792	0.03250	0.02167	0.03250	0.01842	0.02167	0.01300	0.00975	0.00975	0.00325	0.01517	0.00758	0.00433	0.01517
8	0.01513	0.01044	0.01369	0.01369	0.01480	0.01135	0.00958	0.01734	0.01624	0.02334	0.03002	0.05148	0.03063	0.30913	0.31988	0.01258	0.01824	0.01254	0.06196	0.00795
9	0.71184	0.01985	0.01508	0.01350	0.01985	0.02302	0.01111	0.03017	0.01746	0.04604	0.01429	0.01667	0.01111	0.00953	0.00635	0.00318	0.00794	0.00556	0.00635	0.01111
10	0.02425	0.36994	0.30143	0.02300	0.03475	0.03280	0.02703	0.03155	0.02123	0.02803	0.01620	0.01888	0.01309	0.00923	0.00806	0.00269	0.01292	0.00646	0.00436	0.01410
11	0.01213	0.01040	0.01040	0.01040	0.01386	0.00866	0.00780	0.01473	0.02339	0.02772	0.10396	0.09876	0.57117	0.02599	0.01213	0.00347	0.00520	0.02166	0.00953	0.00866
12	0.02744	0.64552	0.05378	0.01756	0.02634	0.04061	0.01756	0.03073	0.02085	0.02414	0.01427	0.01646	0.01317	0.00878	0.00658	0.00219	0.01097	0.00549	0.00439	0.01317
13	0.01250	0.00893	0.01191	0.01429	0.01488	0.00834	0.00953	0.01429	0.01965	0.02620	0.05656	0.63265	0.06787	0.03215	0.01310	0.00417	0.00595	0.02917	0.00953	0.00834
14	0.04604	0.01746	0.02382	0.01826	0.02620	0.01508	0.01508	0.05001	0.02937	0.58244	0.04049	0.03493	0.02540	0.01270	0.01032	0.00318	0.00873	0.01032	0.01270	0.01746
15	0.02047	0.01953	0.03197	0.46503	0.11380	0.02435	0.02782	0.02650	0.02003	0.02670	0.01758	0.02637	0.01390	0.01139	0.01403	0.00356	0.11142	0.00910	0.00460	0.01185
16	0.01355	0.00968	0.01311	0.01549	0.01655	0.00924	0.01135	0.01611	0.02068	0.02737	0.05598	0.49789	0.06558	0.03116	0.01338	0.00431	0.00687	0.15356	0.00951	0.00863
17	0.01250	0.00893	0.01191	0.01429	0.01488	0.00834	0.00953	0.01429	0.01965	0.02620	0.05656	0.63265	0.06787	0.03215	0.01310	0.00417	0.00595	0.02917	0.00953	0.00834
18	0.03146	0.02528	0.03630	0.02801	0.03454	0.08088	0.17143	0.09777	0.02701	0.15449	0.02473	0.02787	0.01819	0.01215	0.01477	0.00337	0.12445	0.01004	0.06323	0.01405
19	0.02547	0.02347	0.03391	0.12825	0.31691	0.05739	0.02607	0.09248	0.02681	0.03615	0.06289	0.03625	0.02523	0.01221	0.01060	0.00323	0.01191	0.04990	0.00647	0.01441
20	0.02094	0.02018	0.03038	0.29947	0.04709	0.02611	0.02451	0.02549	0.01836	0.02605	0.01604	0.02465	0.01370	0.01362	0.02087	0.00377	0.29323	0.00883	0.00464	0.06207
21	0.01987	0.04920	0.53563	0.02793	0.04182	0.02247	0.03542	0.03090	0.02149	0.03194	0.02177	0.07544	0.01783	0.01172	0.01004	0.00333	0.01436	0.00948	0.00479	0.01457

[dist]
# distance from previous block
# <min> <max>
10	65

[block]
# block no. 2 follows, 14 sequences, length 6
# corresponding to MSA columns:
# 1527-1532
name=unknown_C
#
# <colnr> <probs for GDERKNQSTAVLIFYWHMCP>
#	G	D	E	R	K	N	Q	S	T	A	V	L	I	F	Y	W	H	M	C	P
0	0.01844	0.01211	0.01808	0.02209	0.11832	0.01211	0.01241	0.01720	0.01568	0.02135	0.02212	0.04007	0.02293	0.19787	0.03784	0.37874	0.00982	0.01062	0.00506	0.00716
1	0.02170	0.04527	0.42448	0.03356	0.04725	0.02448	0.19177	0.03261	0.02245	0.03261	0.01914	0.02352	0.01379	0.00941	0.01048	0.00331	0.01582	0.00898	0.00460	0.01476
2	0.15338	0.02621	0.05201	0.03766	0.04729	0.02540	0.43909	0.03236	0.02295	0.03535	0.01955	0.02561	0.01473	0.00881	0.01103	0.00341	0.01554	0.01088	0.00541	0.01333
3	0.01654	0.01181	0.01654	0.01890	0.02126	0.01181	0.01654	0.02126	0.02362	0.03071	0.05433	0.11576	0.05906	0.02835	0.01417	0.00472	0.00945	0.50626	0.00945	0.00945
4	0.01344	0.00966	0.01275	0.01365	0.01509	0.00896	0.00960	0.01665	0.02402	0.03315	0.29517	0.37423	0.08133	0.02696	0.01264	0.00373	0.00544	0.02424	0.01035	0.00896
5	0.02160	0.03767	0.29914	0.14645	0.05262	0.02436	0.20777	0.03142	0.02232	0.03142	0.01919	0.02482	0.01401	0.00947	0.01066	0.00335	0.01561	0.00943	0.00467	0.01399

[dist]
# distance from previous block
# <min> <max>
0	4

[block]
# block no. 3 follows, 14 sequences, length 39
# corresponding to MSA columns:
# 1538-1576
name=unknown_D
#
# <colnr> <probs for GDERKNQSTAVLIFYWHMCP>
#	G	D	E	R	K	N	Q	S	T	A	V	L	I	F	Y	W	H	M	C	P
0	0.04604	0.01746	0.02382	0.01826	0.02620	0.01508	0.01508	0.05001	0.02937	0.58244	0.04049	0.03493	0.02540	0.01270	0.01032	0.00318	0.00873	0.01032	0.01270	0.01746
1	0.01452	0.01049	0.01372	0.01291	0.01533	0.00968	0.00968	0.01937	0.02905	0.04115	0.56992	0.07666	0.09683	0.02098	0.01210	0.00323	0.00484	0.01856	0.01130	0.00968
2	0.13348	0.10683	0.03261	0.07407	0.18287	0.10630	0.02146	0.03058	0.02148	0.03167	0.01758	0.02262	0.01483	0.01090	0.01208	0.00308	0.09805	0.00776	0.05890	0.01286
3	0.07662	0.01840	0.01877	0.01716	0.02212	0.02075	0.01332	0.04330	0.36338	0.04108	0.04241	0.04100	0.06799	0.01405	0.00956	0.00323	0.00719	0.01144	0.15435	0.01389
4	0.01213	0.01040	0.01040	0.01040	0.01386	0.00866	0.00780	0.01473	0.02339	0.02772	0.10396	0.09876	0.57117	0.02599	0.01213	0.00347	0.00520	0.02166	0.00953	0.00866
5	0.02245	0.02245	0.03143	0.02694	0.02694	0.03143	0.02245	0.02470	0.01572	0.02470	0.01347	0.02245	0.01347	0.01796	0.03368	0.00449	0.62057	0.00898	0.00449	0.01123
6	0.02212	0.17133	0.36390	0.10469	0.04472	0.02738	0.06791	0.03133	0.02153	0.02994	0.01769	0.02175	0.01331	0.00953	0.00932	0.00307	0.01424	0.00767	0.00444	0.01416
7	0.02980	0.02608	0.17666	0.02220	0.03074	0.01686	0.06156	0.03602	0.02534	0.26203	0.07601	0.12644	0.03331	0.01522	0.01087	0.00338	0.01043	0.01327	0.00924	0.01454
8	0.02079	0.01968	0.03333	0.48548	0.18887	0.02317	0.02920	0.02746	0.02119	0.02793	0.01849	0.02690	0.01428	0.01000	0.01024	0.00333	0.01333	0.00913	0.00468	0.01254
9	0.01213	0.01040	0.01040	0.01040	0.01386	0.00866	0.00780	0.01473	0.02339	0.02772	0.10396	0.09876	0.57117	0.02599	0.01213	0.00347	0.00520	0.02166	0.00953	0.00866
10	0.01452	0.01049	0.01372	0.01291	0.01533	0.00968	0.00968	0.01937	0.02905	0.04115	0.56992	0.07666	0.09683	0.02098	0.01210	0.00323	0.00484	0.01856	0.01130	0.00968
11	0.02245	0.02245	0.03143	0.02694	0.02694	0.03143	0.02245	0.02470	0.01572	0.02470	0.01347	0.02245	0.01347	0.01796	0.03368	0.00449	0.62057	0.00898	0.00449	0.01123
12	0.04049	0.02637	0.02933	0.02249	0.03064	0.02830	0.01857	0.43780	0.04428	0.17360	0.02797	0.02680	0.01912	0.01240	0.01028	0.00310	0.01075	0.00947	0.01078	0.01745
13	0.02744	0.64552	0.05378	0.01756	0.02634	0.04061	0.01756	0.03073	0.02085	0.02414	0.01427	0.01646	0.01317	0.00878	0.00658	0.00219	0.01097	0.00549	0.00439	0.01317
14	0.01247	0.00904	0.01179	0.01399	0.01481	0.00836	0.00939	0.01432	0.01993	0.02631	0.06020	0.59171	0.10646	0.03168	0.01302	0.00411	0.00590	0.02860	0.00953	0.00836
15	0.02540	0.02438	0.04165	0.06299	0.57533	0.02438	0.03149	0.03149	0.02337	0.03353	0.01930	0.02540	0.01626	0.00914	0.01016	0.00305	0.01219	0.00914	0.00508	0.01626
16	0.02128	0.01824	0.02128	0.01520	0.02432	0.01368	0.01216	0.02584	0.02128	0.03344	0.01824	0.02128	0.01520	0.00760	0.00760	0.00152	0.00760	0.00608	0.00608	0.70208
17	0.04604	0.01746	0.02382	0.01826	0.02620	0.01508	0.01508	0.05001	0.02937	0.58244	0.04049	0.03493	0.02540	0.01270	0.01032	0.00318	0.00873	0.01032	0.01270	0.01746
18	0.03833	0.04891	0.02908	0.02644	0.03173	0.59815	0.01983	0.04098	0.02908	0.02512	0.01586	0.01851	0.01322	0.01058	0.00925	0.00264	0.01851	0.00661	0.00529	0.01190
19	0.01492	0.00995	0.01119	0.01119	0.01119	0.00995	0.00622	0.01492	0.01492	0.01990	0.03233	0.06716	0.03731	0.63935	0.05223	0.00995	0.00995	0.01492	0.00622	0.00622
20	0.01335	0.00954	0.01288	0.01526	0.01623	0.00907	0.01100	0.01576	0.02048	0.02715	0.05609	0.52391	0.06602	0.03135	0.01332	0.00428	0.00669	0.12954	0.00951	0.00857
21	0.01395	0.00973	0.01214	0.01277	0.01365	0.00930	0.00835	0.01591	0.02048	0.02797	0.18788	0.27288	0.06455	0.25233	0.02721	0.00604	0.00712	0.02104	0.00879	0.00793
22	0.01452	0.01049	0.01372	0.01291	0.01533	0.00968	0.00968	0.01937	0.02905	0.04115	0.56992	0.07666	0.09683	0.02098	0.01210	0.00323	0.00484	0.01856	0.01130	0.00968
23	0.02163	0.04576	0.43469	0.03329	0.04707	0.02444	0.18206	0.03261	0.02240	0.03261	0.01909	0.02340	0.01374	0.00943	0.01043	0.00331	0.01578	0.00889	0.00458	0.01478
24	0.71184	0.01985	0.01508	0.01350	0.01985	0.02302	0.01111	0.03017	0.01746	0.04604	0.01429	0.01667	0.01111	0.00953	0.00635	0.00318	0.00794	0.00556	0.00635	0.01111
25	0.03078	0.02425	0.04700	0.03425	0.04358	0.02270	0.34588	0.03950	0.06376	0.19640	0.02810	0.03059	0.01961	0.01023	0.01146	0.00338	0.01411	0.01154	0.00779	0.01509
26	0.01250	0.00893	0.01191	0.01429	0.01488	0.00834	0.00953	0.01429	0.01965	0.02620	0.05656	0.63265	0.06787	0.03215	0.01310	0.00417	0.00595	0.02917	0.00953	0.00834
27	0.02540	0.02438	0.04165	0.06299	0.57533	0.02438	0.03149	0.03149	0.02337	0.03353	0.01930	0.02540	0.01626	0.00914	0.01016	0.00305	0.01219	0.00914	0.00508	0.01626
28	0.01250	0.00893	0.01191	0.01429	0.01488	0.00834	0.00953	0.01429	0.01965	0.02620	0.05656	0.63265	0.06787	0.03215	0.01310	0.00417	0.00595	0.02917	0.00953	0.00834
29	0.01213	0.01040	0.01040	0.01040	0.01386	0.00866	0.00780	0.01473	0.02339	0.02772	0.10396	0.09876	0.57117	0.02599	0.01213	0.00347	0.00520	0.02166	0.00953	0.00866
30	0.02744	0.64552	0.05378	0.01756	0.02634	0.04061	0.01756	0.03073	0.02085	0.02414	0.01427	0.01646	0.01317	0.00878	0.00658	0.00219	0.01097	0.00549	0.00439	0.01317
31	0.01492	0.00995	0.01119	0.01119	0.01119	0.00995	0.00622	0.01492	0.01492	0.01990	0.03233	0.06716	0.03731	0.63935	0.05223	0.00995	0.00995	0.01492	0.00622	0.00622
32	0.71184	0.01985	0.01508	0.01350	0.01985	0.02302	0.01111	0.03017	0.01746	0.04604	0.01429	0.01667	0.01111	0.00953	0.00635	0.00318	0.00794	0.00556	0.00635	0.01111
33	0.01213	0.01040	0.01040	0.01040	0.01386	0.00866	0.00780	0.01473	0.02339	0.02772	0.10396	0.09876	0.57117	0.02599	0.01213	0.00347	0.00520	0.02166	0.00953	0.00866
34	0.04604	0.01746	0.02382	0.01826	0.02620	0.01508	0.01508	0.05001	0.02937	0.58244	0.04049	0.03493	0.02540	0.01270	0.01032	0.00318	0.00873	0.01032	0.01270	0.01746
35	0.02456	0.02352	0.04013	0.14017	0.50474	0.02416	0.03108	0.03076	0.02297	0.03250	0.01915	0.02567	0.01589	0.00930	0.01017	0.00310	0.01240	0.00914	0.00501	0.01558
36	0.04158	0.02074	0.03060	0.02296	0.03132	0.01927	0.09752	0.12042	0.03138	0.41945	0.03504	0.03226	0.02268	0.01201	0.01059	0.00321	0.01045	0.01044	0.01116	0.01690
37	0.01452	0.10971	0.01718	0.01152	0.01581	0.01366	0.00932	0.01723	0.02299	0.02716	0.08993	0.08589	0.48392	0.02330	0.01126	0.00327	0.00610	0.01913	0.00873	0.00937
38	0.02628	0.02803	0.04855	0.03617	0.04462	0.06748	0.35066	0.06938	0.10883	0.03541	0.02345	0.02813	0.01785	0.01048	0.01299	0.00345	0.05656	0.01124	0.00630	0.01414

[dist]
# distance from previous block
# <min> <max>
0	4

[block]
# block no. 4 follows, 14 sequences, length 34
# corresponding to MSA columns:
# 1581-1614
name=unknown_E
#
# <colnr> <probs for GDERKNQSTAVLIFYWHMCP>
#	G	D	E	R	K	N	Q	S	T	A	V	L	I	F	Y	W	H	M	C	P
0	0.25710	0.02173	0.02202	0.01744	0.02509	0.02246	0.01422	0.16551	0.06577	0.08365	0.02178	0.02276	0.01627	0.01027	0.00827	0.00273	0.00879	0.00741	0.00802	0.19871
1	0.02881	0.57027	0.05066	0.01868	0.02702	0.11093	0.01785	0.03202	0.02189	0.02427	0.01447	0.01672	0.01318	0.00901	0.00692	0.00225	0.01192	0.00563	0.00450	0.01301
2	0.02470	0.02215	0.02541	0.02251	0.02675	0.02711	0.01791	0.04654	0.41181	0.03804	0.03419	0.03404	0.02654	0.01500	0.01667	0.00375	0.17222	0.01090	0.00885	0.01490
3	0.02553	0.02204	0.02320	0.02088	0.02669	0.02553	0.01624	0.05453	0.55679	0.04293	0.04177	0.03829	0.03133	0.01392	0.01044	0.00348	0.00812	0.01160	0.01044	0.01624
4	0.03874	0.03693	0.03010	0.02476	0.03178	0.26179	0.01964	0.33803	0.04047	0.04861	0.02107	0.02215	0.01573	0.01161	0.00985	0.00290	0.01422	0.00817	0.00824	0.01520
5	0.01213	0.01040	0.01040	0.01040	0.01386	0.00866	0.00780	0.01473	0.02339	0.02772	0.10396	0.09876	0.57117	0.02599	0.01213	0.00347	0.00520	0.02166	0.00953	0.00866
6	0.03119	0.02176	0.02127	0.01811	0.02330	0.13138	0.01416	0.07084	0.03053	0.21353	0.24939	0.04783	0.05139	0.01561	0.01083	0.00308	0.00930	0.01284	0.01047	0.01318
7	0.01938	0.01824	0.03078	0.61468	0.07068	0.02280	0.02850	0.02622	0.02052	0.02622	0.01824	0.02736	0.01368	0.01026	0.01026	0.00342	0.01368	0.00912	0.00456	0.01140
8	0.02337	0.29365	0.36999	0.02450	0.03708	0.03064	0.02965	0.03178	0.02134	0.02911	0.01673	0.01955	0.01307	0.00936	0.00846	0.00282	0.01346	0.00673	0.00436	0.01436
9	0.03281	0.02535	0.03054	0.02457	0.02942	0.03042	0.02037	0.29503	0.03364	0.08680	0.02128	0.02451	0.01642	0.01464	0.01978	0.00366	0.25851	0.00921	0.00810	0.01492
10	0.02422	0.02768	0.06055	0.04325	0.05363	0.02595	0.53806	0.03287	0.02422	0.03287	0.02076	0.02768	0.01557	0.00865	0.01211	0.00346	0.01730	0.01211	0.00519	0.01384
11	0.01452	0.01049	0.01372	0.01291	0.01533	0.00968	0.00968	0.01937	0.02905	0.04115	0.56992	0.07666	0.09683	0.02098	0.01210	0.00323	0.00484	0.01856	0.01130	0.00968
12	0.71184	0.01985	0.01508	0.01350	0.01985	0.02302	0.01111	0.03017	0.01746	0.04604	0.01429	0.01667	0.01111	0.00953	0.00635	0.00318	0.00794	0.00556	0.00635	0.01111
13	0.02553	0.02204	0.02320	0.02088	0.02669	0.02553	0.01624	0.05453	0.55679	0.04293	0.04177	0.03829	0.03133	0.01392	0.01044	0.00348	0.00812	0.01160	0.01044	0.01624
14	0.01302	0.00955	0.01222	0.01341	0.01488	0.00875	0.00935	0.01577	0.02275	0.03058	0.20625	0.40967	0.13946	0.02825	0.01270	0.00382	0.00555	0.02525	0.01002	0.00875
15	0.03833	0.04891	0.02908	0.02644	0.03173	0.59815	0.01983	0.04098	0.02908	0.02512	0.01586	0.01851	0.01322	0.01058	0.00925	0.00264	0.01851	0.00661	0.00529	0.01190
16	0.01466	0.01100	0.01649	0.01649	0.01833	0.01283	0.01283	0.01833	0.01649	0.02382	0.02749	0.04032	0.02566	0.07697	0.59868	0.01649	0.02749	0.01100	0.00550	0.00916
17	0.01654	0.01181	0.01654	0.01890	0.02126	0.01181	0.01654	0.02126	0.02362	0.03071	0.05433	0.11576	0.05906	0.02835	0.01417	0.00472	0.00945	0.50626	0.00945	0.00945
18	0.03901	0.02874	0.03080	0.02361	0.03182	0.03182	0.01951	0.54111	0.04825	0.06468	0.02464	0.02464	0.01745	0.01232	0.01027	0.00308	0.01129	0.00924	0.01027	0.01745
19	0.02128	0.01824	0.02128	0.01520	0.02432	0.01368	0.01216	0.02584	0.02128	0.03344	0.01824	0.02128	0.01520	0.00760	0.00760	0.00152	0.00760	0.00608	0.00608	0.70208
20	0.02058	0.05308	0.58618	0.02925	0.04442	0.02383	0.03792	0.03250	0.02167	0.03250	0.01842	0.02167	0.01300	0.00975	0.00975	0.00325	0.01517	0.00758	0.00433	0.01517
21	0.04604	0.01746	0.02382	0.01826	0.02620	0.01508	0.01508	0.05001	0.02937	0.58244	0.04049	0.03493	0.02540	0.01270	0.01032	0.00318	0.00873	0.01032	0.01270	0.01746
22	0.01213	0.01040	0.01040	0.01040	0.01386	0.00866	0.00780	0.01473	0.02339	0.02772	0.10396	0.09876	0.57117	0.02599	0.01213	0.00347	0.00520	0.02166	0.00953	0.00866
23	0.01570	0.01404	0.02517	0.02219	0.02545	0.01314	0.15361	0.01936	0.02089	0.02802	0.04680	0.46773	0.05361	0.02574	0.01283	0.00397	0.00905	0.02452	0.00834	0.00984
24	0.43835	0.03165	0.02077	0.01875	0.02467	0.25656	0.01465	0.03456	0.02218	0.03754	0.01493	0.01742	0.01197	0.00995	0.00753	0.00296	0.01223	0.00598	0.00592	0.01143
25	0.71184	0.01985	0.01508	0.01350	0.01985	0.02302	0.01111	0.03017	0.01746	0.04604	0.01429	0.01667	0.01111	0.00953	0.00635	0.00318	0.00794	0.00556	0.00635	0.01111
26	0.03035	0.02603	0.04667	0.03415	0.04342	0.02555	0.32228	0.13800	0.06898	0.11789	0.02588	0.02889	0.01850	0.01034	0.01137	0.00335	0.01421	0.01125	0.00765	0.01525
27	0.03170	0.02942	0.03486	0.03110	0.10252	0.16437	0.12353	0.07408	0.06681	0.11207	0.02365	0.02584	0.01772	0.01027	0.01003	0.00287	0.01329	0.00905	0.00714	0.10967
28	0.03861	0.04072	0.02978	0.02529	0.03177	0.36818	0.01970	0.24407	0.03686	0.04118	0.01943	0.02100	0.01494	0.01128	0.00966	0.00282	0.01558	0.00768	0.00731	0.01415
29	0.02839	0.01540	0.01881	0.01490	0.02172	0.01264	0.01194	0.03208	0.02524	0.25453	0.05482	0.05172	0.19798	0.01558	0.01016	0.00282	0.00729	0.01281	0.00988	0.20127
30	0.01594	0.01305	0.01989	0.13646	0.09773	0.01387	0.01618	0.01936	0.01955	0.02638	0.03893	0.32153	0.04321	0.07537	0.08892	0.00586	0.01126	0.01939	0.00725	0.00989
31	0.71184	0.01985	0.01508	0.01350	0.01985	0.02302	0.01111	0.03017	0.01746	0.04604	0.01429	0.01667	0.01111	0.00953	0.00635	0.00318	0.00794	0.00556	0.00635	0.01111
32	0.62551	0.09876	0.01996	0.01401	0.02066	0.02524	0.01193	0.03024	0.01789	0.04328	0.01429	0.01664	0.01137	0.00943	0.00638	0.00305	0.00832	0.00555	0.00610	0.01137
33	0.02068	0.01743	0.02068	0.01567	0.02393	0.01344	0.01271	0.02526	0.02158	0.03310	0.02279	0.03320	0.02073	0.01022	0.00843	0.00192	0.00783	0.06917	0.00650	0.61472

[dist]
# distance from previous block
# <min> <max>
3	11

[block]
# block no. 5 follows, 14 sequences, length 27
# corresponding to MSA columns:
# 1626-1652
name=unknown_F
#
# <colnr> <probs for GDERKNQSTAVLIFYWHMCP>
#	G	D	E	R	K	N	Q	S	T	A	V	L	I	F	Y	W	H	M	C	P
0	0.71184	0.01985	0.01508	0.01350	0.01985	0.02302	0.01111	0.03017	0.01746	0.04604	0.01429	0.01667	0.01111	0.00953	0.00635	0.00318	0.00794	0.00556	0.00635	0.01111
1	0.01938	0.01824	0.03078	0.61468	0.07068	0.02280	0.02850	0.02622	0.02052	0.02622	0.01824	0.02736	0.01368	0.01026	0.01026	0.00342	0.01368	0.00912	0.00456	0.01140
2	0.03484	0.01867	0.02326	0.01735	0.02582	0.01577	0.01417	0.07749	0.02734	0.30611	0.02968	0.02826	0.02040	0.01048	0.00914	0.00246	0.00844	0.00841	0.00966	0.31225
3	0.03901	0.02874	0.03080	0.02361	0.03182	0.03182	0.01951	0.54111	0.04825	0.06468	0.02464	0.02464	0.01745	0.01232	0.01027	0.00308	0.01129	0.00924	0.01027	0.01745
4	0.02744	0.64552	0.05378	0.01756	0.02634	0.04061	0.01756	0.03073	0.02085	0.02414	0.01427	0.01646	0.01317	0.00878	0.00658	0.00219	0.01097	0.00549	0.00439	0.01317
5	0.01301	0.01043	0.01161	0.01132	0.01440	0.00904	0.00849	0.01642	0.02546	0.03264	0.27445	0.09067	0.39761	0.02416	0.01212	0.00338	0.00507	0.02052	0.01018	0.00904
6	0.01783	0.00891	0.01337	0.01337	0.01337	0.00891	0.00891	0.01337	0.01337	0.01783	0.01783	0.03119	0.01783	0.03565	0.04011	0.70143	0.00891	0.00891	0.00446	0.00446
7	0.03901	0.02874	0.03080	0.02361	0.03182	0.03182	0.01951	0.54111	0.04825	0.06468	0.02464	0.02464	0.01745	0.01232	0.01027	0.00308	0.01129	0.00924	0.01027	0.01745
8	0.01250	0.00893	0.01191	0.01429	0.01488	0.00834	0.00953	0.01429	0.01965	0.02620	0.05656	0.63265	0.06787	0.03215	0.01310	0.00417	0.00595	0.02917	0.00953	0.00834
9	0.71184	0.01985	0.01508	0.01350	0.01985	0.02302	0.01111	0.03017	0.01746	0.04604	0.01429	0.01667	0.01111	0.00953	0.00635	0.00318	0.00794	0.00556	0.00635	0.01111
10	0.01913	0.00956	0.00956	0.00956	0.01196	0.00956	0.00717	0.02391	0.02152	0.03826	0.03348	0.03826	0.02630	0.01196	0.00717	0.00239	0.00478	0.00956	0.69632	0.00956
11	0.01213	0.01040	0.01040	0.01040	0.01386	0.00866	0.00780	0.01473	0.02339	0.02772	0.10396	0.09876	0.57117	0.02599	0.01213	0.00347	0.00520	0.02166	0.00953	0.00866
12	0.01250	0.00893	0.01191	0.01429	0.01488	0.00834	0.00953	0.01429	0.01965	0.02620	0.05656	0.63265	0.06787	0.03215	0.01310	0.00417	0.00595	0.02917	0.00953	0.00834
13	0.01466	0.01100	0.01649	0.01649	0.01833	0.01283	0.01283	0.01833	0.01649	0.02382	0.02749	0.04032	0.02566	0.07697	0.59868	0.01649	0.02749	0.01100	0.00550	0.00916
14	0.02422	0.02768	0.06055	0.04325	0.05363	0.02595	0.53806	0.03287	0.02422	0.03287	0.02076	0.02768	0.01557	0.00865	0.01211	0.00346	0.01730	0.01211	0.00519	0.01384
15	0.01654	0.01181	0.01654	0.01890	0.02126	0.01181	0.01654	0.02126	0.02362	0.03071	0.05433	0.11576	0.05906	0.02835	0.01417	0.00472	0.00945	0.50626	0.00945	0.00945
16	0.01646	0.01104	0.01360	0.01263	0.01581	0.00984	0.00959	0.02058	0.02744	0.08245	0.39107	0.07956	0.22795	0.02174	0.01196	0.00329	0.00527	0.01877	0.01090	0.01004
17	0.01466	0.01100	0.01649	0.01649	0.01833	0.01283	0.01283	0.01833	0.01649	0.02382	0.02749	0.04032	0.02566	0.07697	0.59868	0.01649	0.02749	0.01100	0.00550	0.00916
18	0.71184	0.01985	0.01508	0.01350	0.01985	0.02302	0.01111	0.03017	0.01746	0.04604	0.01429	0.01667	0.01111	0.00953	0.00635	0.00318	0.00794	0.00556	0.00635	0.01111
19	0.02363	0.02195	0.03669	0.19953	0.04502	0.02663	0.12975	0.02864	0.01984	0.06704	0.01830	0.02585	0.01482	0.01344	0.02079	0.00387	0.27693	0.00976	0.00525	0.01226
20	0.02553	0.02204	0.02320	0.02088	0.02669	0.02553	0.01624	0.05453	0.55679	0.04293	0.04177	0.03829	0.03133	0.01392	0.01044	0.00348	0.00812	0.01160	0.01044	0.01624
21	0.02128	0.01824	0.02128	0.01520	0.02432	0.01368	0.01216	0.02584	0.02128	0.03344	0.01824	0.02128	0.01520	0.00760	0.00760	0.00152	0.00760	0.00608	0.00608	0.70208
22	0.01492	0.00995	0.01119	0.01119	0.01119	0.00995	0.00622	0.01492	0.01492	0.01990	0.03233	0.06716	0.03731	0.63935	0.05223	0.00995	0.00995	0.01492	0.00622	0.00622
23	0.04203	0.02391	0.02780	0.02132	0.02941	0.02465	0.01761	0.33053	0.04015	0.28670	0.03143	0.02905	0.02086	0.01248	0.01029	0.00312	0.01019	0.00970	0.01131	0.01746
24	0.02542	0.15670	0.08024	0.11481	0.15878	0.02874	0.02493	0.03028	0.02072	0.07028	0.01809	0.02343	0.01495	0.01190	0.01568	0.00333	0.17463	0.00829	0.00523	0.01359
25	0.01237	0.00947	0.01135	0.01286	0.01451	0.00846	0.00889	0.01445	0.02102	0.02676	0.07395	0.43673	0.25256	0.02989	0.01274	0.00391	0.00568	0.02642	0.00953	0.00846
26	0.02875	0.02365	0.02422	0.01963	0.02704	0.06945	0.01556	0.11577	0.21593	0.08296	0.02902	0.02861	0.02186	0.01118	0.00935	0.00267	0.00933	0.00887	0.00869	0.24746

[dist]
# distance from previous block
# <min> <max>
0	1

[block]
# block no. 6 follows, 14 sequences, length 19
# corresponding to MSA columns:
# 1654-1672
name=unknown_G
#
# <colnr> <probs for GDERKNQSTAVLIFYWHMCP>
#	G	D	E	R	K	N	Q	S	T	A	V	L	I	F	Y	W	H	M	C	P
0	0.01505	0.01028	0.01250	0.01328	0.01389	0.01022	0.00893	0.01632	0.01741	0.02303	0.03986	0.13538	0.04541	0.43710	0.03950	0.00816	0.00943	0.12978	0.00730	0.00718
1	0.01237	0.01041	0.01073	0.01065	0.01401	0.00877	0.00799	0.01520	0.02396	0.02908	0.15093	0.09653	0.52336	0.02548	0.01213	0.00344	0.00516	0.02135	0.00971	0.00877
2	0.02283	0.02321	0.04197	0.02998	0.03976	0.02015	0.28925	0.02954	0.02283	0.03314	0.01957	0.02465	0.01540	0.00815	0.00998	0.00254	0.01271	0.00926	0.00561	0.33946
3	0.02540	0.02438	0.04165	0.06299	0.57533	0.02438	0.03149	0.03149	0.02337	0.03353	0.01930	0.02540	0.01626	0.00914	0.01016	0.00305	0.01219	0.00914	0.00508	0.01626
4	0.01520	0.01086	0.01500	0.01737	0.01915	0.01066	0.01421	0.01895	0.02231	0.02921	0.05507	0.28718	0.06198	0.02961	0.01382	0.00454	0.00829	0.34804	0.00947	0.00908
5	0.02814	0.02971	0.03078	0.02647	0.02864	0.17295	0.02149	0.08245	0.02244	0.02896	0.01523	0.02169	0.01382	0.01553	0.02515	0.00388	0.40691	0.00842	0.00529	0.01204
6	0.04604	0.01746	0.02382	0.01826	0.02620	0.01508	0.01508	0.05001	0.02937	0.58244	0.04049	0.03493	0.02540	0.01270	0.01032	0.00318	0.00873	0.01032	0.01270	0.01746
7	0.01213	0.01040	0.01040	0.01040	0.01386	0.00866	0.00780	0.01473	0.02339	0.02772	0.10396	0.09876	0.57117	0.02599	0.01213	0.00347	0.00520	0.02166	0.00953	0.00866
8	0.02085	0.01554	0.01608	0.01499	0.01917	0.01685	0.01152	0.03654	0.27155	0.03854	0.05002	0.04916	0.12667	0.01540	0.00959	0.00309	0.00641	0.01269	0.25282	0.01252
9	0.03217	0.38626	0.04304	0.02142	0.02868	0.28289	0.01855	0.03518	0.02443	0.02457	0.01496	0.01735	0.01319	0.00956	0.00774	0.00239	0.01425	0.00597	0.00478	0.01262
10	0.02238	0.01743	0.02071	0.01535	0.02369	0.01335	0.01216	0.02667	0.02174	0.07297	0.02297	0.07176	0.02021	0.00996	0.00824	0.00186	0.00755	0.00826	0.00684	0.59591
11	0.11762	0.12990	0.03589	0.09340	0.10012	0.08438	0.07387	0.09910	0.02657	0.11425	0.02122	0.02382	0.01588	0.01026	0.00924	0.00299	0.01217	0.00831	0.00685	0.01418
12	0.01988	0.01866	0.02649	0.02349	0.02409	0.02528	0.01927	0.02259	0.01597	0.02441	0.01810	0.02836	0.01750	0.03747	0.22046	0.00846	0.42450	0.00965	0.00482	0.01054
13	0.02516	0.07350	0.06956	0.17892	0.09115	0.02384	0.12231	0.03532	0.10664	0.09298	0.05758	0.03151	0.02319	0.01118	0.01043	0.00326	0.01218	0.01040	0.00691	0.01398
14	0.01286	0.01042	0.01140	0.01116	0.01431	0.00897	0.00837	0.01614	0.02511	0.03180	0.24540	0.09205	0.42719	0.02447	0.01212	0.00339	0.00509	0.02072	0.01007	0.00897
15	0.02762	0.07338	0.08195	0.01865	0.02723	0.02004	0.01672	0.08978	0.08180	0.12681	0.06501	0.02933	0.02436	0.01089	0.00909	0.00252	0.00908	0.00870	0.00814	0.26891
16	0.01641	0.01165	0.01405	0.01463	0.01594	0.01196	0.01056	0.02057	0.06611	0.02556	0.04052	0.08081	0.04404	0.37959	0.03580	0.00763	0.00962	0.17870	0.00767	0.00819
17	0.09308	0.01841	0.02064	0.01502	0.02385	0.01465	0.01205	0.02629	0.02088	0.03475	0.01783	0.02080	0.01478	0.00780	0.00747	0.00169	0.00764	0.00603	0.00611	0.63024
18	0.02170	0.07856	0.11592	0.01769	0.02776	0.01768	0.01682	0.02735	0.02131	0.03248	0.01792	0.02092	0.01467	0.00805	0.00786	0.00186	0.00912	0.00627	0.00565	0.53042

[dist]
# distance from previous block
# <min> <max>
0	2

[block]
# block no. 7 follows, 14 sequences, length 24
# corresponding to MSA columns:
# 1675-1698
name=unknown_H
#
# <colnr> <probs for GDERKNQSTAVLIFYWHMCP>
#	G	D	E	R	K	N	Q	S	T	A	V	L	I	F	Y	W	H	M	C	P
0	0.01596	0.01062	0.01277	0.01299	0.01512	0.01040	0.00944	0.02163	0.06214	0.03617	0.24024	0.22478	0.06494	0.02130	0.01096	0.00330	0.00538	0.01874	0.19341	0.00973
1	0.15393	0.05891	0.06860	0.13463	0.11932	0.02274	0.02120	0.07538	0.02436	0.12743	0.02168	0.02448	0.01594	0.01014	0.00902	0.00297	0.01072	0.00805	0.00692	0.08357
2	0.03508	0.04967	0.13111	0.02695	0.03405	0.49296	0.02314	0.03943	0.02772	0.02647	0.01633	0.01909	0.01318	0.01042	0.00934	0.00275	0.01789	0.00679	0.00511	0.01250
3	0.02740	0.07931	0.02547	0.01650	0.02532	0.01767	0.01366	0.06313	0.02438	0.13215	0.02222	0.02345	0.01696	0.00892	0.00815	0.00198	0.00836	0.00698	0.00736	0.47063
4	0.03301	0.13341	0.03051	0.01999	0.02570	0.02360	0.01698	0.03633	0.02317	0.26742	0.02791	0.05838	0.02154	0.01402	0.01572	0.00328	0.16937	0.00977	0.00841	0.06148
5	0.02145	0.01121	0.01508	0.01535	0.01790	0.01013	0.01101	0.02382	0.02224	0.17454	0.05227	0.47325	0.05655	0.02696	0.01236	0.00390	0.00669	0.02415	0.01037	0.01077
6	0.01997	0.01395	0.01604	0.01491	0.01881	0.01369	0.01132	0.05887	0.11433	0.09065	0.15916	0.16853	0.21539	0.02197	0.01172	0.00350	0.00649	0.01883	0.01037	0.01149
7	0.02831	0.53306	0.10490	0.01880	0.02815	0.03677	0.01940	0.03253	0.02165	0.07190	0.01689	0.01854	0.01418	0.00921	0.00722	0.00238	0.01121	0.00610	0.00508	0.01373
8	0.01581	0.01090	0.01357	0.01371	0.01577	0.01052	0.00993	0.05034	0.02565	0.03641	0.27008	0.28651	0.07202	0.02372	0.01178	0.00349	0.00567	0.02105	0.09344	0.00962
9	0.01319	0.01045	0.01206	0.01303	0.01572	0.00931	0.01009	0.01612	0.02275	0.02812	0.08402	0.20099	0.36274	0.02766	0.01277	0.00388	0.00630	0.13251	0.00951	0.00878
10	0.02548	0.02289	0.03649	0.31062	0.15067	0.02551	0.09118	0.14367	0.02773	0.03701	0.02019	0.02644	0.01523	0.01032	0.01048	0.00328	0.01333	0.00953	0.00601	0.01394
11	0.02245	0.01939	0.03341	0.47834	0.10172	0.02252	0.06922	0.02914	0.02177	0.07402	0.02039	0.02788	0.01500	0.01025	0.01041	0.00338	0.01345	0.00947	0.00533	0.01246
12	0.01913	0.00956	0.00956	0.00956	0.01196	0.00956	0.00717	0.02391	0.02152	0.03826	0.03348	0.03826	0.02630	0.01196	0.00717	0.00239	0.00478	0.00956	0.69632	0.00956
13	0.01250	0.00893	0.01191	0.01429	0.01488	0.00834	0.00953	0.01429	0.01965	0.02620	0.05656	0.63265	0.06787	0.03215	0.01310	0.00417	0.00595	0.02917	0.00953	0.00834
14	0.02426	0.41003	0.21550	0.02080	0.03104	0.03288	0.02322	0.03035	0.02177	0.02812	0.06095	0.02299	0.01995	0.01008	0.00802	0.00261	0.01177	0.00720	0.00494	0.01350
15	0.01938	0.01824	0.03078	0.61468	0.07068	0.02280	0.02850	0.02622	0.02052	0.02622	0.01824	0.02736	0.01368	0.01026	0.01026	0.00342	0.01368	0.00912	0.00456	0.01140
16	0.02849	0.23961	0.09410	0.08044	0.03418	0.16980	0.02215	0.06366	0.02374	0.02803	0.01597	0.02003	0.01353	0.01120	0.01262	0.00296	0.11453	0.00713	0.00500	0.01284
17	0.02426	0.01738	0.02092	0.01543	0.02373	0.01350	0.01235	0.02876	0.02322	0.11469	0.07475	0.02863	0.02457	0.00964	0.00843	0.00193	0.00750	0.00791	0.00755	0.53486
18	0.02264	0.02421	0.08627	0.17354	0.23264	0.02421	0.02699	0.03066	0.06571	0.03139	0.02085	0.02696	0.01683	0.01151	0.01386	0.00338	0.11280	0.00919	0.05260	0.01374
19	0.02768	0.02680	0.02700	0.07479	0.06320	0.12239	0.01945	0.07404	0.31880	0.03774	0.03084	0.03122	0.02367	0.01301	0.01210	0.00337	0.06079	0.01006	0.00828	0.01477
20	0.01938	0.01824	0.03078	0.61468	0.07068	0.02280	0.02850	0.02622	0.02052	0.02622	0.01824	0.02736	0.01368	0.01026	0.01026	0.00342	0.01368	0.00912	0.00456	0.01140
21	0.01520	0.01100	0.01185	0.01131	0.01504	0.00930	0.00860	0.01814	0.02446	0.07541	0.14560	0.09120	0.47779	0.02437	0.01197	0.00342	0.00546	0.02040	0.00997	0.00950
22	0.10137	0.02737	0.08001	0.02193	0.02987	0.02709	0.01913	0.25768	0.19724	0.08850	0.02933	0.02844	0.02118	0.01231	0.00988	0.00324	0.01018	0.00951	0.00952	0.01622
23	0.01453	0.01128	0.01496	0.07461	0.02189	0.01102	0.01273	0.01843	0.02375	0.03105	0.17994	0.18845	0.19228	0.02497	0.01261	0.00384	0.00713	0.13784	0.00941	0.00930

[dist]
# distance from previous block
# <min> <max>
0	375

# created by:
# /st0/software/busco_prod/Augustus/scripts/msa2prfl.pl ./align_prep/3974.fa
