[name]
unknown

[dist]
# distance from previous block
# <min> <max>
0	157

[block]
# block no. 0 follows, 12 sequences, length 48
# corresponding to MSA columns:
# 190-237
name=unknown_A
#
# <colnr> <probs for GDERKNQSTAVLIFYWHMCP>
#	G	D	E	R	K	N	Q	S	T	A	V	L	I	F	Y	W	H	M	C	P
0	0.55392	0.02090	0.01858	0.01674	0.02225	0.02492	0.01389	0.03060	0.01873	0.04463	0.01792	0.02566	0.01559	0.01273	0.01140	0.00368	0.09145	0.03801	0.00669	0.01171
1	0.02086	0.01939	0.03089	0.32483	0.05309	0.02215	0.05645	0.02704	0.02289	0.03150	0.09413	0.03509	0.02755	0.01297	0.01381	0.00346	0.08028	0.01087	0.00614	0.10660
2	0.01545	0.01122	0.01499	0.01425	0.01674	0.01076	0.01076	0.02042	0.02898	0.04113	0.47064	0.07601	0.09223	0.03067	0.09187	0.00542	0.00853	0.01859	0.01113	0.01021
3	0.01456	0.01108	0.01570	0.09609	0.02422	0.01119	0.01298	0.01760	0.02217	0.02969	0.11054	0.46643	0.06758	0.02950	0.01337	0.00420	0.00735	0.02668	0.00960	0.00948
4	0.52399	0.02252	0.01918	0.01670	0.02359	0.02592	0.01361	0.09159	0.09430	0.05076	0.02058	0.02193	0.01562	0.01112	0.00784	0.00341	0.00888	0.00726	0.00784	0.01336
5	0.02290	0.13629	0.48941	0.02933	0.04449	0.02783	0.03724	0.03427	0.02290	0.03328	0.01895	0.02224	0.01384	0.01021	0.00989	0.00330	0.01549	0.00774	0.00461	0.01582
6	0.04286	0.01908	0.02427	0.01897	0.02677	0.01741	0.01555	0.10831	0.03295	0.41792	0.05030	0.04523	0.09878	0.01543	0.01123	0.00340	0.00911	0.01251	0.01268	0.01724
7	0.11009	0.01337	0.01485	0.01703	0.06027	0.01267	0.01126	0.01934	0.02312	0.03237	0.07889	0.19305	0.32550	0.02505	0.01207	0.00376	0.00672	0.02119	0.00926	0.01017
8	0.03948	0.01876	0.02545	0.02398	0.08664	0.01714	0.01707	0.04597	0.07097	0.37905	0.05001	0.04579	0.09928	0.01515	0.01123	0.00343	0.00912	0.01263	0.01188	0.01698
9	0.09965	0.02469	0.02602	0.02182	0.02851	0.02754	0.01739	0.27068	0.17305	0.05470	0.03477	0.11147	0.02940	0.01622	0.01096	0.00356	0.00993	0.01308	0.01043	0.01615
10	0.02574	0.02941	0.06434	0.04596	0.05699	0.02757	0.50919	0.03493	0.02574	0.03493	0.02206	0.02941	0.01654	0.00919	0.01287	0.00368	0.01838	0.01287	0.00551	0.01471
11	0.03598	0.06635	0.02433	0.01742	0.02395	0.01635	0.01431	0.04045	0.03034	0.33927	0.20939	0.05044	0.05151	0.01612	0.01127	0.00331	0.00808	0.01349	0.01226	0.01539
12	0.03608	0.26574	0.08240	0.02139	0.03020	0.03101	0.02016	0.09486	0.02817	0.20544	0.02587	0.02586	0.01879	0.01195	0.01118	0.00306	0.05511	0.00843	0.00829	0.01603
13	0.01308	0.01105	0.01131	0.01125	0.01484	0.00929	0.00843	0.01602	0.02530	0.03052	0.14286	0.10317	0.51130	0.02722	0.01288	0.00366	0.00549	0.02277	0.01027	0.00929
14	0.02385	0.02385	0.03340	0.02863	0.02863	0.03340	0.02385	0.02624	0.01670	0.02624	0.01431	0.02385	0.01431	0.01908	0.03578	0.00477	0.59685	0.00954	0.00477	0.01193
15	0.13571	0.02708	0.12953	0.02131	0.03103	0.02015	0.02047	0.07442	0.02900	0.35131	0.03339	0.03089	0.02171	0.01237	0.01024	0.00338	0.01067	0.00960	0.01062	0.01711
16	0.02865	0.02510	0.03321	0.07005	0.03729	0.08313	0.11646	0.03426	0.02528	0.10232	0.02274	0.02607	0.01728	0.00961	0.00986	0.00257	0.01219	0.00868	0.00697	0.32829
17	0.01860	0.00969	0.01454	0.01454	0.01474	0.00989	0.00989	0.01474	0.01454	0.01958	0.01998	0.03413	0.01978	0.04232	0.09637	0.61542	0.01147	0.00969	0.00485	0.00524
18	0.69383	0.02109	0.01603	0.01434	0.02109	0.02446	0.01181	0.03205	0.01856	0.04892	0.01518	0.01771	0.01181	0.01012	0.00675	0.00337	0.00843	0.00590	0.00675	0.01181
19	0.69383	0.02109	0.01603	0.01434	0.02109	0.02446	0.01181	0.03205	0.01856	0.04892	0.01518	0.01771	0.01181	0.01012	0.00675	0.00337	0.00843	0.00590	0.00675	0.01181
20	0.01543	0.01115	0.01457	0.01372	0.01629	0.01029	0.01029	0.02058	0.03086	0.04372	0.54304	0.08145	0.10288	0.02229	0.01286	0.00343	0.00514	0.01972	0.01200	0.01029
21	0.01628	0.01243	0.01648	0.01523	0.01754	0.01263	0.01166	0.02115	0.02943	0.04195	0.48951	0.07562	0.09391	0.02197	0.01518	0.00357	0.06505	0.01869	0.01127	0.01045
22	0.02261	0.01938	0.02261	0.01615	0.02584	0.01453	0.01292	0.02745	0.02261	0.03553	0.01938	0.02261	0.01615	0.00807	0.00807	0.00161	0.00807	0.00646	0.00646	0.68346
23	0.03623	0.03816	0.03325	0.03711	0.17286	0.30403	0.02349	0.04344	0.08723	0.08494	0.02370	0.02587	0.01847	0.01146	0.01036	0.00309	0.01550	0.00877	0.00699	0.01504
24	0.01328	0.00949	0.01265	0.01518	0.01581	0.00886	0.01012	0.01518	0.02088	0.02783	0.06010	0.60969	0.07212	0.03416	0.01392	0.00443	0.00633	0.03100	0.01012	0.00886
25	0.04892	0.01856	0.02530	0.01940	0.02783	0.01603	0.01603	0.05314	0.03121	0.55634	0.04302	0.03711	0.02699	0.01350	0.01096	0.00337	0.00928	0.01096	0.01350	0.01856
26	0.02528	0.02484	0.04530	0.27870	0.11958	0.02658	0.20002	0.08008	0.02654	0.03541	0.02115	0.02866	0.01597	0.01038	0.01159	0.00357	0.01546	0.01084	0.00576	0.01429
27	0.02821	0.20881	0.29081	0.02739	0.03997	0.02926	0.07815	0.03671	0.02423	0.10695	0.02194	0.02412	0.01603	0.01040	0.00975	0.00315	0.01410	0.00833	0.00599	0.01572
28	0.04892	0.01856	0.02530	0.01940	0.02783	0.01603	0.01603	0.05314	0.03121	0.55634	0.04302	0.03711	0.02699	0.01350	0.01096	0.00337	0.00928	0.01096	0.01350	0.01856
29	0.02385	0.02385	0.03340	0.02863	0.02863	0.03340	0.02385	0.02624	0.01670	0.02624	0.01431	0.02385	0.01431	0.01908	0.03578	0.00477	0.59685	0.00954	0.00477	0.01193
30	0.03098	0.03921	0.29688	0.03224	0.08415	0.02280	0.08689	0.04015	0.02598	0.19347	0.02707	0.02838	0.01843	0.01112	0.01087	0.00344	0.01403	0.00964	0.00748	0.01679
31	0.04182	0.02794	0.10333	0.06786	0.03508	0.08282	0.02124	0.04732	0.02924	0.37749	0.03471	0.03242	0.02260	0.01257	0.01074	0.00334	0.01189	0.00999	0.01061	0.01700
32	0.04630	0.01798	0.02446	0.01895	0.02693	0.01558	0.01558	0.05059	0.03118	0.51624	0.08213	0.04058	0.03293	0.01418	0.01111	0.00338	0.00895	0.01165	0.01338	0.01791
33	0.01355	0.01126	0.01196	0.01232	0.01584	0.00968	0.00959	0.01663	0.02489	0.02990	0.10303	0.10748	0.47651	0.02797	0.01319	0.00387	0.00616	0.08675	0.01011	0.00932
34	0.02915	0.62337	0.05714	0.01866	0.02799	0.04314	0.01866	0.03265	0.02215	0.02565	0.01516	0.01749	0.01399	0.00933	0.00700	0.00233	0.01166	0.00583	0.00466	0.01399
35	0.12098	0.22818	0.03735	0.11989	0.03617	0.03039	0.01955	0.10360	0.02761	0.14572	0.02326	0.02487	0.01715	0.01111	0.00903	0.00305	0.01129	0.00815	0.00769	0.01497
36	0.01860	0.01367	0.01617	0.01508	0.01842	0.01390	0.01144	0.02928	0.13733	0.04373	0.36863	0.06728	0.07800	0.01941	0.01179	0.00337	0.00589	0.01687	0.09938	0.01178
37	0.01543	0.01115	0.01457	0.01372	0.01629	0.01029	0.01029	0.02058	0.03086	0.04372	0.54304	0.08145	0.10288	0.02229	0.01286	0.00343	0.00514	0.01972	0.01200	0.01029
38	0.02943	0.12283	0.27146	0.06984	0.04069	0.02679	0.02884	0.07026	0.06821	0.13054	0.02567	0.02694	0.01821	0.01137	0.01013	0.00330	0.01323	0.00887	0.00720	0.01620
39	0.02883	0.08938	0.14109	0.18079	0.04864	0.02537	0.09452	0.03837	0.06676	0.14057	0.02633	0.02938	0.01875	0.01125	0.01071	0.00342	0.01352	0.00991	0.00718	0.01521
40	0.04559	0.01758	0.02354	0.01832	0.02607	0.01534	0.01505	0.04991	0.03024	0.49635	0.04215	0.03752	0.02710	0.01340	0.01058	0.00328	0.00879	0.01087	0.09072	0.01758
41	0.01328	0.00949	0.01265	0.01518	0.01581	0.00886	0.01012	0.01518	0.02088	0.02783	0.06010	0.60969	0.07212	0.03416	0.01392	0.00443	0.00633	0.03100	0.01012	0.00886
42	0.03527	0.02191	0.03357	0.18366	0.04580	0.02261	0.09007	0.09038	0.06879	0.24578	0.03186	0.03295	0.02167	0.01222	0.01122	0.00350	0.01226	0.01087	0.00950	0.01611
43	0.03289	0.03011	0.11210	0.13505	0.10479	0.06915	0.09435	0.07131	0.02815	0.17451	0.02648	0.02918	0.01859	0.01131	0.01102	0.00341	0.01397	0.01003	0.00775	0.01585
44	0.04892	0.01856	0.02530	0.01940	0.02783	0.01603	0.01603	0.05314	0.03121	0.55634	0.04302	0.03711	0.02699	0.01350	0.01096	0.00337	0.00928	0.01096	0.01350	0.01856
45	0.69383	0.02109	0.01603	0.01434	0.02109	0.02446	0.01181	0.03205	0.01856	0.04892	0.01518	0.01771	0.01181	0.01012	0.00675	0.00337	0.00843	0.00590	0.00675	0.01181
46	0.01457	0.01063	0.01371	0.01395	0.01602	0.00977	0.01008	0.01854	0.02734	0.03775	0.36140	0.24409	0.12889	0.02633	0.01318	0.00375	0.00553	0.02341	0.01128	0.00977
47	0.02711	0.12594	0.10918	0.21269	0.04748	0.02972	0.02567	0.12208	0.12066	0.03903	0.02454	0.02795	0.01851	0.01168	0.01022	0.00334	0.01275	0.00934	0.00702	0.01508

[dist]
# distance from previous block
# <min> <max>
2	4

[block]
# block no. 1 follows, 12 sequences, length 28
# corresponding to MSA columns:
# 242-269
name=unknown_B
#
# <colnr> <probs for GDERKNQSTAVLIFYWHMCP>
#	G	D	E	R	K	N	Q	S	T	A	V	L	I	F	Y	W	H	M	C	P
0	0.02749	0.16746	0.05476	0.12247	0.05076	0.02986	0.28132	0.03466	0.02469	0.07093	0.02159	0.02712	0.01641	0.00981	0.01103	0.00333	0.01551	0.01056	0.00581	0.01442
1	0.01346	0.00962	0.01281	0.01506	0.01585	0.00897	0.01013	0.01561	0.02168	0.02911	0.09883	0.56733	0.07458	0.03321	0.01383	0.00435	0.00623	0.03009	0.01027	0.00897
2	0.03630	0.15186	0.08118	0.02408	0.03336	0.03451	0.02169	0.34296	0.07738	0.05551	0.02471	0.02520	0.01829	0.01222	0.01009	0.00313	0.01203	0.00905	0.00913	0.01733
3	0.04892	0.01856	0.02530	0.01940	0.02783	0.01603	0.01603	0.05314	0.03121	0.55634	0.04302	0.03711	0.02699	0.01350	0.01096	0.00337	0.00928	0.01096	0.01350	0.01856
4	0.01498	0.01113	0.01394	0.01324	0.01601	0.01009	0.00993	0.01969	0.02979	0.04117	0.46556	0.08565	0.18195	0.02324	0.01286	0.00347	0.00521	0.02031	0.01167	0.01009
5	0.04892	0.01856	0.02530	0.01940	0.02783	0.01603	0.01603	0.05314	0.03121	0.55634	0.04302	0.03711	0.02699	0.01350	0.01096	0.00337	0.00928	0.01096	0.01350	0.01856
6	0.01543	0.01115	0.01457	0.01372	0.01629	0.01029	0.01029	0.02058	0.03086	0.04372	0.54304	0.08145	0.10288	0.02229	0.01286	0.00343	0.00514	0.01972	0.01200	0.01029
7	0.02712	0.02342	0.02465	0.02219	0.02835	0.02712	0.01726	0.05794	0.52909	0.04561	0.04438	0.04068	0.03328	0.01479	0.01109	0.00370	0.00863	0.01233	0.01109	0.01726
8	0.01519	0.01096	0.01259	0.01218	0.01517	0.00986	0.00914	0.01943	0.02741	0.03788	0.30478	0.08431	0.25869	0.02289	0.01210	0.00339	0.00528	0.01956	0.10932	0.00986
9	0.69383	0.02109	0.01603	0.01434	0.02109	0.02446	0.01181	0.03205	0.01856	0.04892	0.01518	0.01771	0.01181	0.01012	0.00675	0.00337	0.00843	0.00590	0.00675	0.01181
10	0.02261	0.01938	0.02261	0.01615	0.02584	0.01453	0.01292	0.02745	0.02261	0.03553	0.01938	0.02261	0.01615	0.00807	0.00807	0.00161	0.00807	0.00646	0.00646	0.68346
11	0.69383	0.02109	0.01603	0.01434	0.02109	0.02446	0.01181	0.03205	0.01856	0.04892	0.01518	0.01771	0.01181	0.01012	0.00675	0.00337	0.00843	0.00590	0.00675	0.01181
12	0.01328	0.00949	0.01265	0.01518	0.01581	0.00886	0.01012	0.01518	0.02088	0.02783	0.06010	0.60969	0.07212	0.03416	0.01392	0.00443	0.00633	0.03100	0.01012	0.00886
13	0.25234	0.02689	0.02664	0.02136	0.02923	0.03023	0.01755	0.31943	0.07938	0.06041	0.02408	0.02460	0.01755	0.01226	0.00957	0.00334	0.01057	0.00875	0.00957	0.01625
14	0.01493	0.01066	0.01454	0.01706	0.01841	0.01027	0.01298	0.01802	0.02250	0.02967	0.05919	0.42302	0.06852	0.03261	0.01436	0.00466	0.00775	0.20145	0.01009	0.00931
15	0.02033	0.01016	0.01016	0.01016	0.01270	0.01016	0.00762	0.02541	0.02287	0.04065	0.03557	0.04065	0.02795	0.01270	0.00762	0.00254	0.00508	0.01016	0.67734	0.01016
16	0.01328	0.00949	0.01265	0.01518	0.01581	0.00886	0.01012	0.01518	0.02088	0.02783	0.06010	0.60969	0.07212	0.03416	0.01392	0.00443	0.00633	0.03100	0.01012	0.00886
17	0.02182	0.06877	0.03565	0.50057	0.11089	0.02590	0.02961	0.02871	0.02208	0.02833	0.01913	0.02796	0.01472	0.01067	0.01058	0.00350	0.01417	0.00938	0.00488	0.01270
18	0.02143	0.01247	0.01650	0.01474	0.01836	0.01132	0.01132	0.02641	0.03093	0.13554	0.45348	0.07351	0.08929	0.02072	0.01252	0.00342	0.00588	0.01815	0.01227	0.01177
19	0.57698	0.02278	0.01902	0.01626	0.02337	0.02614	0.01341	0.11809	0.02441	0.05247	0.01715	0.01923	0.01301	0.01065	0.00749	0.00336	0.00907	0.00660	0.00749	0.01301
20	0.02391	0.01302	0.01729	0.01516	0.01921	0.01174	0.01174	0.02882	0.03095	0.17350	0.41646	0.07022	0.08367	0.02006	0.01238	0.00342	0.00619	0.01750	0.01238	0.01238
21	0.02716	0.01956	0.02890	0.19738	0.04259	0.02090	0.06085	0.11618	0.03008	0.11537	0.11114	0.11162	0.03833	0.01626	0.01176	0.00360	0.01113	0.01443	0.00904	0.01372
22	0.02841	0.02201	0.03550	0.04965	0.37135	0.02162	0.02593	0.03338	0.02422	0.11427	0.02650	0.03651	0.02279	0.11904	0.01883	0.00457	0.01195	0.01101	0.00688	0.01556
23	0.04758	0.02070	0.02663	0.02042	0.02890	0.01921	0.01687	0.13540	0.03480	0.46901	0.04000	0.03515	0.02548	0.01342	0.01095	0.00336	0.00977	0.01076	0.01303	0.01855
24	0.14314	0.02353	0.04185	0.27849	0.05848	0.02555	0.21066	0.03132	0.02273	0.03434	0.01966	0.02717	0.01482	0.01011	0.01091	0.00360	0.01492	0.01023	0.00544	0.01305
25	0.02612	0.07251	0.12248	0.07550	0.12082	0.02384	0.16150	0.03373	0.02455	0.07696	0.02484	0.02976	0.01878	0.01056	0.01048	0.00324	0.01329	0.01024	0.12621	0.01458
26	0.01651	0.01281	0.01543	0.01640	0.01893	0.01284	0.01223	0.02444	0.11394	0.03326	0.10376	0.31550	0.13911	0.02813	0.01334	0.00419	0.00707	0.09099	0.01044	0.01071
27	0.04155	0.02499	0.02863	0.02254	0.03070	0.02627	0.01843	0.26730	0.12970	0.23841	0.03544	0.03267	0.02419	0.01354	0.01096	0.00338	0.01043	0.01068	0.01186	0.01832

[dist]
# distance from previous block
# <min> <max>
0	1

[block]
# block no. 2 follows, 12 sequences, length 22
# corresponding to MSA columns:
# 271-292
name=unknown_C
#
# <colnr> <probs for GDERKNQSTAVLIFYWHMCP>
#	G	D	E	R	K	N	Q	S	T	A	V	L	I	F	Y	W	H	M	C	P
0	0.02823	0.02675	0.16563	0.02521	0.05747	0.01746	0.05172	0.03437	0.02519	0.19684	0.03970	0.20971	0.03636	0.01861	0.01183	0.00373	0.01091	0.01646	0.00921	0.01461
1	0.02862	0.02932	0.02832	0.02523	0.02795	0.19469	0.02006	0.03161	0.02218	0.05847	0.02042	0.02792	0.01811	0.03136	0.15529	0.00714	0.24610	0.00936	0.00582	0.01203
2	0.45154	0.02146	0.02423	0.09230	0.06103	0.02379	0.05172	0.03417	0.02125	0.10123	0.01962	0.02267	0.01450	0.01051	0.00841	0.00342	0.01027	0.00766	0.00710	0.01312
3	0.01383	0.01046	0.01277	0.01350	0.01564	0.00940	0.00963	0.01699	0.02515	0.03323	0.22457	0.29646	0.22167	0.02854	0.01328	0.00390	0.00572	0.02514	0.01071	0.00940
4	0.02298	0.01993	0.02444	0.02045	0.07014	0.01550	0.01466	0.02796	0.02280	0.03554	0.01948	0.02298	0.01624	0.00821	0.00831	0.00175	0.00849	0.00674	0.00637	0.62703
5	0.02440	0.01293	0.01652	0.01550	0.01954	0.01158	0.01172	0.02743	0.02493	0.19173	0.06659	0.24003	0.18940	0.02992	0.06012	0.00500	0.00895	0.02087	0.01080	0.01203
6	0.02089	0.02598	0.18434	0.01941	0.02697	0.01546	0.01998	0.02797	0.02774	0.09699	0.27189	0.06121	0.12046	0.01825	0.01188	0.00346	0.00905	0.01552	0.00965	0.01289
7	0.02839	0.02395	0.03714	0.02688	0.03675	0.02134	0.16792	0.09840	0.02823	0.08401	0.02314	0.02643	0.01752	0.00957	0.01019	0.00263	0.01191	0.00929	0.00737	0.32895
8	0.02580	0.01344	0.01790	0.01548	0.01986	0.01206	0.01206	0.03066	0.03097	0.20245	0.38821	0.06772	0.07938	0.01957	0.01227	0.00341	0.00642	0.01701	0.01246	0.01285
9	0.02930	0.02593	0.03319	0.02753	0.03023	0.03353	0.02289	0.17679	0.02740	0.03939	0.01799	0.02457	0.01562	0.01723	0.02808	0.00431	0.41576	0.00963	0.00667	0.01398
10	0.02930	0.02593	0.03319	0.02753	0.03023	0.03353	0.02289	0.17679	0.02740	0.03939	0.01799	0.02457	0.01562	0.01723	0.02808	0.00431	0.41576	0.00963	0.00667	0.01398
11	0.02472	0.01796	0.02192	0.02091	0.02535	0.01888	0.01773	0.17404	0.03385	0.04506	0.10272	0.08833	0.05359	0.02396	0.01353	0.00430	0.01009	0.27982	0.01053	0.01270
12	0.02771	0.05503	0.39638	0.03015	0.04302	0.19492	0.03433	0.03732	0.02546	0.03210	0.01873	0.02198	0.01388	0.01063	0.01020	0.00325	0.01721	0.00774	0.00492	0.01504
13	0.04015	0.01881	0.02759	0.19627	0.04247	0.01856	0.02044	0.04531	0.02830	0.39270	0.03570	0.03462	0.02313	0.01269	0.01095	0.00345	0.01091	0.01057	0.01082	0.01656
14	0.02930	0.02593	0.03319	0.02753	0.03023	0.03353	0.02289	0.17679	0.02740	0.03939	0.01799	0.02457	0.01562	0.01723	0.02808	0.00431	0.41576	0.00963	0.00667	0.01398
15	0.07986	0.02215	0.02604	0.02044	0.02834	0.02230	0.01676	0.19263	0.06651	0.31160	0.03582	0.03308	0.02396	0.01321	0.01050	0.00331	0.00976	0.01035	0.05584	0.01754
16	0.02201	0.01601	0.01887	0.01825	0.02139	0.01658	0.01340	0.16915	0.03029	0.04049	0.04959	0.42901	0.05553	0.02764	0.01299	0.00407	0.00808	0.02444	0.01036	0.01186
17	0.02417	0.01791	0.02078	0.01796	0.02255	0.01868	0.01401	0.17517	0.07239	0.05040	0.31044	0.10138	0.06941	0.01980	0.01221	0.00348	0.00761	0.01697	0.01146	0.01324
18	0.24581	0.06721	0.02613	0.01877	0.02680	0.02379	0.01574	0.12506	0.03010	0.27412	0.02936	0.02772	0.01983	0.01206	0.00935	0.00328	0.00967	0.00881	0.01029	0.01612
19	0.03102	0.02935	0.03105	0.33195	0.05529	0.19295	0.02532	0.03645	0.02601	0.10565	0.02209	0.02735	0.01623	0.01139	0.01058	0.00334	0.01535	0.00905	0.00636	0.01323
20	0.03021	0.02486	0.02137	0.02006	0.02418	0.18531	0.01490	0.03315	0.02704	0.15145	0.07451	0.25906	0.04566	0.02147	0.01190	0.00362	0.01106	0.01817	0.00964	0.01238
21	0.27307	0.02093	0.02251	0.02036	0.05879	0.02174	0.01526	0.11163	0.02792	0.17321	0.02661	0.02727	0.01902	0.01155	0.00888	0.00315	0.00910	0.00852	0.08461	0.05588

[dist]
# distance from previous block
# <min> <max>
0	56

[block]
# block no. 3 follows, 12 sequences, length 18
# corresponding to MSA columns:
# 349-366
name=unknown_D
#
# <colnr> <probs for GDERKNQSTAVLIFYWHMCP>
#	G	D	E	R	K	N	Q	S	T	A	V	L	I	F	Y	W	H	M	C	P
0	0.12240	0.08167	0.14598	0.02127	0.03115	0.02262	0.02097	0.04263	0.07608	0.22916	0.02971	0.02875	0.02057	0.01164	0.00968	0.00318	0.01073	0.00894	0.00898	0.07389
1	0.02943	0.01863	0.02327	0.07620	0.02981	0.01895	0.01633	0.10605	0.10183	0.16251	0.10597	0.13698	0.04232	0.01763	0.01151	0.00349	0.00897	0.01508	0.01061	0.06442
2	0.02083	0.01261	0.01610	0.01444	0.01825	0.01129	0.01100	0.02556	0.02861	0.10961	0.34275	0.10773	0.07539	0.01986	0.01175	0.00325	0.00603	0.01734	0.07829	0.06929
3	0.02755	0.02731	0.12175	0.13699	0.18283	0.02148	0.02685	0.03450	0.02453	0.11762	0.02352	0.02738	0.01751	0.01029	0.01019	0.00302	0.01214	0.00893	0.00669	0.15892
4	0.01586	0.01057	0.01189	0.01189	0.01189	0.01057	0.00661	0.01586	0.01586	0.02114	0.03436	0.07135	0.03964	0.61681	0.05550	0.01057	0.01057	0.01586	0.00661	0.00661
5	0.02261	0.01938	0.02261	0.01615	0.02584	0.01453	0.01292	0.02745	0.02261	0.03553	0.01938	0.02261	0.01615	0.00807	0.00807	0.00161	0.00807	0.00646	0.00646	0.68346
6	0.01586	0.01057	0.01189	0.01189	0.01189	0.01057	0.00661	0.01586	0.01586	0.02114	0.03436	0.07135	0.03964	0.61681	0.05550	0.01057	0.01057	0.01586	0.00661	0.00661
7	0.01357	0.00971	0.01291	0.01499	0.01588	0.00905	0.01014	0.01590	0.02220	0.02995	0.12430	0.53947	0.07621	0.03258	0.01378	0.00430	0.00617	0.02950	0.01037	0.00905
8	0.03337	0.01399	0.01707	0.01438	0.01961	0.01284	0.01146	0.03806	0.02667	0.27598	0.03897	0.03904	0.02751	0.01306	0.00915	0.00292	0.00700	0.01053	0.37440	0.01399
9	0.01328	0.00949	0.01265	0.01518	0.01581	0.00886	0.01012	0.01518	0.02088	0.02783	0.06010	0.60969	0.07212	0.03416	0.01392	0.00443	0.00633	0.03100	0.01012	0.00886
10	0.01328	0.00949	0.01265	0.01518	0.01581	0.00886	0.01012	0.01518	0.02088	0.02783	0.06010	0.60969	0.07212	0.03416	0.01392	0.00443	0.00633	0.03100	0.01012	0.00886
11	0.01500	0.01113	0.01398	0.01327	0.01603	0.01010	0.00995	0.01974	0.02985	0.04131	0.46989	0.08542	0.17753	0.02319	0.01286	0.00347	0.00521	0.02028	0.01169	0.01010
12	0.04145	0.03054	0.03272	0.02509	0.03381	0.03381	0.02072	0.51243	0.05127	0.06872	0.02618	0.02618	0.01854	0.01309	0.01091	0.00327	0.01200	0.00982	0.01091	0.01854
13	0.69383	0.02109	0.01603	0.01434	0.02109	0.02446	0.01181	0.03205	0.01856	0.04892	0.01518	0.01771	0.01181	0.01012	0.00675	0.00337	0.00843	0.00590	0.00675	0.01181
14	0.69383	0.02109	0.01603	0.01434	0.02109	0.02446	0.01181	0.03205	0.01856	0.04892	0.01518	0.01771	0.01181	0.01012	0.00675	0.00337	0.00843	0.00590	0.00675	0.01181
15	0.02385	0.02385	0.03340	0.02863	0.02863	0.03340	0.02385	0.02624	0.01670	0.02624	0.01431	0.02385	0.01431	0.01908	0.03578	0.00477	0.59685	0.00954	0.00477	0.01193
16	0.04073	0.05197	0.03090	0.02809	0.03371	0.57303	0.02107	0.04354	0.03090	0.02669	0.01685	0.01966	0.01404	0.01124	0.00983	0.00281	0.01966	0.00702	0.00562	0.01264
17	0.01582	0.01331	0.02225	0.02055	0.02332	0.01243	0.10032	0.01947	0.02308	0.03123	0.11742	0.43462	0.06616	0.02807	0.01359	0.00416	0.00835	0.02622	0.00954	0.01010

[dist]
# distance from previous block
# <min> <max>
0	8

[block]
# block no. 4 follows, 12 sequences, length 16
# corresponding to MSA columns:
# 375-390
name=unknown_E
#
# <colnr> <probs for GDERKNQSTAVLIFYWHMCP>
#	G	D	E	R	K	N	Q	S	T	A	V	L	I	F	Y	W	H	M	C	P
0	0.01328	0.00949	0.01265	0.01518	0.01581	0.00886	0.01012	0.01518	0.02088	0.02783	0.06010	0.60969	0.07212	0.03416	0.01392	0.00443	0.00633	0.03100	0.01012	0.00886
1	0.01413	0.01072	0.01301	0.01323	0.01569	0.00961	0.00962	0.01776	0.02662	0.03549	0.29321	0.21395	0.23379	0.02677	0.01312	0.00375	0.00554	0.02342	0.01097	0.00961
2	0.01635	0.01333	0.01941	0.02572	0.13034	0.01267	0.01494	0.01958	0.02296	0.03093	0.09479	0.38535	0.11707	0.02723	0.01304	0.00401	0.00757	0.02463	0.00925	0.01082
3	0.02743	0.01484	0.01910	0.01645	0.02129	0.01394	0.01288	0.03503	0.08452	0.20830	0.32910	0.06285	0.07107	0.01866	0.01206	0.00344	0.00684	0.01612	0.01238	0.01369
4	0.02127	0.02867	0.15779	0.39334	0.06314	0.02554	0.03191	0.02925	0.02150	0.02925	0.01884	0.02704	0.01434	0.01171	0.01364	0.00372	0.08195	0.00929	0.00478	0.01304
5	0.69383	0.02109	0.01603	0.01434	0.02109	0.02446	0.01181	0.03205	0.01856	0.04892	0.01518	0.01771	0.01181	0.01012	0.00675	0.00337	0.00843	0.00590	0.00675	0.01181
6	0.01485	0.01112	0.01377	0.01311	0.01593	0.01004	0.00983	0.01946	0.02950	0.04048	0.44466	0.08679	0.20328	0.02350	0.01287	0.00349	0.00523	0.02047	0.01158	0.01004
7	0.69383	0.02109	0.01603	0.01434	0.02109	0.02446	0.01181	0.03205	0.01856	0.04892	0.01518	0.01771	0.01181	0.01012	0.00675	0.00337	0.00843	0.00590	0.00675	0.01181
8	0.02931	0.24866	0.04707	0.14382	0.07762	0.07631	0.09541	0.09686	0.02736	0.03396	0.01900	0.02358	0.01531	0.01030	0.00966	0.00302	0.01401	0.00854	0.00578	0.01443
9	0.01647	0.01299	0.01923	0.01872	0.02045	0.01575	0.01473	0.02020	0.01743	0.02541	0.02760	0.04079	0.02587	0.07504	0.51579	0.01615	0.09022	0.01145	0.00573	0.00997
10	0.02223	0.01749	0.01993	0.01842	0.02259	0.01882	0.01399	0.08965	0.21234	0.04394	0.20039	0.17157	0.06137	0.02101	0.01222	0.00372	0.00745	0.01827	0.01115	0.01347
11	0.01749	0.01709	0.03012	0.02430	0.02980	0.01555	0.18425	0.02229	0.02417	0.03097	0.06698	0.20384	0.24214	0.02278	0.01314	0.00387	0.01023	0.02144	0.00851	0.01105
12	0.01328	0.00949	0.01265	0.01518	0.01581	0.00886	0.01012	0.01518	0.02088	0.02783	0.06010	0.60969	0.07212	0.03416	0.01392	0.00443	0.00633	0.03100	0.01012	0.00886
13	0.60789	0.02075	0.01726	0.01501	0.02199	0.02334	0.01237	0.03486	0.02024	0.11653	0.01889	0.02030	0.01383	0.01057	0.00731	0.00337	0.00855	0.00658	0.00765	0.01271
14	0.03243	0.02665	0.03121	0.02538	0.03295	0.02970	0.06198	0.22807	0.30368	0.05342	0.03551	0.03419	0.02622	0.01365	0.01118	0.00353	0.01077	0.01142	0.01053	0.01752
15	0.02625	0.02288	0.02573	0.09793	0.03458	0.02673	0.01899	0.05393	0.46150	0.04325	0.04105	0.03913	0.03079	0.01427	0.01107	0.00369	0.00942	0.01198	0.01026	0.01657

[dist]
# distance from previous block
# <min> <max>
0	1

[block]
# block no. 5 follows, 12 sequences, length 37
# corresponding to MSA columns:
# 392-428
name=unknown_F
#
# <colnr> <probs for GDERKNQSTAVLIFYWHMCP>
#	G	D	E	R	K	N	Q	S	T	A	V	L	I	F	Y	W	H	M	C	P
0	0.01361	0.00974	0.01294	0.01496	0.01589	0.00907	0.01015	0.01600	0.02239	0.03025	0.13342	0.52949	0.07679	0.03236	0.01376	0.00428	0.00615	0.02928	0.01041	0.00907
1	0.02835	0.54922	0.05290	0.01835	0.02772	0.03963	0.01795	0.03201	0.02221	0.02687	0.01568	0.01812	0.01426	0.00917	0.00713	0.00224	0.01122	0.00591	0.00488	0.09618
2	0.02748	0.54827	0.05227	0.01852	0.02694	0.03952	0.01804	0.03103	0.02159	0.02561	0.01688	0.02060	0.01562	0.01822	0.07656	0.00420	0.01381	0.00655	0.00481	0.01347
3	0.12809	0.01887	0.02416	0.01878	0.02701	0.01706	0.01551	0.05055	0.02965	0.49405	0.03960	0.03473	0.02513	0.01308	0.01045	0.00337	0.00917	0.01034	0.01267	0.01773
4	0.01340	0.00999	0.01248	0.01413	0.01562	0.00907	0.00973	0.01579	0.02268	0.02968	0.11629	0.44926	0.17892	0.03161	0.01359	0.00417	0.00604	0.02819	0.01030	0.00907
5	0.69383	0.02109	0.01603	0.01434	0.02109	0.02446	0.01181	0.03205	0.01856	0.04892	0.01518	0.01771	0.01181	0.01012	0.00675	0.00337	0.00843	0.00590	0.00675	0.01181
6	0.02187	0.05640	0.56031	0.03108	0.04719	0.02532	0.04029	0.03453	0.02302	0.03453	0.01957	0.02302	0.01381	0.01036	0.01036	0.00345	0.01611	0.00806	0.00460	0.01611
7	0.04892	0.01856	0.02530	0.01940	0.02783	0.01603	0.01603	0.05314	0.03121	0.55634	0.04302	0.03711	0.02699	0.01350	0.01096	0.00337	0.00928	0.01096	0.01350	0.01856
8	0.01558	0.01168	0.01752	0.01752	0.01947	0.01363	0.01363	0.01947	0.01752	0.02531	0.02921	0.04283	0.02726	0.08178	0.57360	0.01752	0.02921	0.01168	0.00584	0.00974
9	0.02915	0.62337	0.05714	0.01866	0.02799	0.04314	0.01866	0.03265	0.02215	0.02565	0.01516	0.01749	0.01399	0.00933	0.00700	0.00233	0.01166	0.00583	0.00466	0.01399
10	0.02699	0.02591	0.04426	0.06693	0.54879	0.02591	0.03346	0.03346	0.02483	0.03562	0.02051	0.02699	0.01727	0.00972	0.01079	0.00324	0.01295	0.00972	0.00540	0.01727
11	0.01999	0.01593	0.01850	0.01702	0.02099	0.01685	0.01301	0.03514	0.22507	0.04446	0.34866	0.06556	0.07575	0.01937	0.01217	0.00353	0.00650	0.01684	0.01165	0.01301
12	0.04892	0.01856	0.02530	0.01940	0.02783	0.01603	0.01603	0.05314	0.03121	0.55634	0.04302	0.03711	0.02699	0.01350	0.01096	0.00337	0.00928	0.01096	0.01350	0.01856
13	0.02059	0.01938	0.03270	0.59060	0.07510	0.02422	0.03028	0.02786	0.02180	0.02786	0.01938	0.02907	0.01453	0.01090	0.01090	0.00363	0.01453	0.00969	0.00484	0.01211
14	0.01369	0.00978	0.01312	0.01565	0.01646	0.00921	0.01083	0.01588	0.02128	0.02829	0.05987	0.56365	0.07123	0.03378	0.01403	0.00448	0.00668	0.07304	0.01011	0.00897
15	0.01328	0.00949	0.01265	0.01518	0.01581	0.00886	0.01012	0.01518	0.02088	0.02783	0.06010	0.60969	0.07212	0.03416	0.01392	0.00443	0.00633	0.03100	0.01012	0.00886
16	0.51401	0.02581	0.06087	0.01728	0.02489	0.06384	0.01524	0.03568	0.02137	0.10845	0.01907	0.02065	0.01399	0.01064	0.00777	0.00334	0.00997	0.00678	0.00733	0.01304
17	0.01328	0.00949	0.01265	0.01518	0.01581	0.00886	0.01012	0.01518	0.02088	0.02783	0.06010	0.60969	0.07212	0.03416	0.01392	0.00443	0.00633	0.03100	0.01012	0.00886
18	0.02454	0.13588	0.31596	0.02538	0.03815	0.06496	0.02903	0.03321	0.02335	0.03282	0.01864	0.02182	0.01441	0.00972	0.00925	0.00280	0.01377	0.00726	0.00513	0.17395
19	0.01465	0.01051	0.01401	0.01521	0.01683	0.00987	0.01110	0.01819	0.02529	0.03462	0.24806	0.34403	0.08296	0.02904	0.01365	0.00411	0.00632	0.08116	0.01084	0.00956
20	0.28538	0.02360	0.02686	0.27516	0.08414	0.07635	0.02244	0.03138	0.02161	0.03651	0.01759	0.02360	0.01362	0.01054	0.00917	0.00343	0.01253	0.00796	0.00570	0.01241
21	0.28425	0.02005	0.02004	0.01544	0.02399	0.01840	0.01249	0.02925	0.02103	0.04075	0.01774	0.02070	0.01446	0.00887	0.00756	0.00230	0.00822	0.00624	0.00657	0.42165
22	0.28925	0.02439	0.02646	0.02220	0.02694	0.03001	0.01840	0.14568	0.02575	0.04532	0.01751	0.02202	0.01436	0.01415	0.01847	0.00387	0.22653	0.00819	0.00702	0.01348
23	0.69383	0.02109	0.01603	0.01434	0.02109	0.02446	0.01181	0.03205	0.01856	0.04892	0.01518	0.01771	0.01181	0.01012	0.00675	0.00337	0.00843	0.00590	0.00675	0.01181
24	0.69383	0.02109	0.01603	0.01434	0.02109	0.02446	0.01181	0.03205	0.01856	0.04892	0.01518	0.01771	0.01181	0.01012	0.00675	0.00337	0.00843	0.00590	0.00675	0.01181
25	0.03866	0.01888	0.02425	0.01813	0.02706	0.01544	0.01482	0.04313	0.02786	0.35333	0.03380	0.03146	0.02276	0.01138	0.00984	0.00269	0.00881	0.00921	0.01075	0.27774
26	0.04892	0.01856	0.02530	0.01940	0.02783	0.01603	0.01603	0.05314	0.03121	0.55634	0.04302	0.03711	0.02699	0.01350	0.01096	0.00337	0.00928	0.01096	0.01350	0.01856
27	0.01349	0.00964	0.01283	0.01505	0.01586	0.00899	0.01014	0.01569	0.02181	0.02932	0.10521	0.56035	0.07499	0.03305	0.01382	0.00433	0.00622	0.02994	0.01030	0.00899
28	0.02187	0.05640	0.56031	0.03108	0.04719	0.02532	0.04029	0.03453	0.02302	0.03453	0.01957	0.02302	0.01381	0.01036	0.01036	0.00345	0.01611	0.00806	0.00460	0.01611
29	0.03940	0.02082	0.03034	0.07690	0.15535	0.02007	0.02143	0.04688	0.07545	0.34250	0.03590	0.03439	0.02427	0.01251	0.01093	0.00339	0.01051	0.01069	0.01065	0.01761
30	0.01703	0.01051	0.01374	0.01510	0.01637	0.00979	0.01016	0.01887	0.02111	0.07684	0.05468	0.47608	0.06305	0.11820	0.01977	0.00523	0.00723	0.02687	0.00992	0.00944
31	0.04892	0.01856	0.02530	0.01940	0.02783	0.01603	0.01603	0.05314	0.03121	0.55634	0.04302	0.03711	0.02699	0.01350	0.01096	0.00337	0.00928	0.01096	0.01350	0.01856
32	0.02498	0.01849	0.02977	0.36240	0.10489	0.02085	0.02535	0.03091	0.02356	0.11803	0.02919	0.11155	0.02497	0.01448	0.01132	0.00366	0.01234	0.01289	0.00710	0.01325
33	0.07303	0.09036	0.36698	0.02916	0.04194	0.02537	0.09115	0.03241	0.02274	0.03434	0.02303	0.07847	0.01953	0.01237	0.01047	0.00348	0.01454	0.01048	0.00540	0.01476
34	0.62783	0.02017	0.01617	0.01465	0.02093	0.02341	0.01199	0.03083	0.01846	0.04662	0.01655	0.02016	0.01331	0.01709	0.06191	0.00475	0.01046	0.00647	0.00666	0.01161
35	0.02937	0.52222	0.10399	0.02062	0.03031	0.08404	0.02096	0.03371	0.02294	0.02660	0.01572	0.01820	0.01398	0.00958	0.00755	0.00248	0.01274	0.00614	0.00474	0.01409
36	0.02923	0.12788	0.15654	0.02081	0.03170	0.02215	0.02104	0.03558	0.02450	0.14687	0.02386	0.02501	0.01759	0.01000	0.00907	0.00255	0.01084	0.00771	0.00725	0.26981

[dist]
# distance from previous block
# <min> <max>
0	34

[block]
# block no. 6 follows, 12 sequences, length 37
# corresponding to MSA columns:
# 463-499
name=unknown_G
#
# <colnr> <probs for GDERKNQSTAVLIFYWHMCP>
#	G	D	E	R	K	N	Q	S	T	A	V	L	I	F	Y	W	H	M	C	P
0	0.08435	0.02587	0.03480	0.20732	0.12971	0.07567	0.07106	0.08311	0.06758	0.08021	0.02385	0.02828	0.01782	0.01125	0.01065	0.00343	0.01346	0.00977	0.00703	0.01478
1	0.03585	0.01991	0.02829	0.22201	0.04489	0.02025	0.02118	0.07952	0.02873	0.28125	0.03109	0.03203	0.02089	0.01205	0.01067	0.00330	0.01125	0.01001	0.00957	0.07726
2	0.01512	0.01074	0.01339	0.01377	0.01471	0.01098	0.00911	0.01667	0.01787	0.02399	0.04387	0.14793	0.08760	0.33632	0.17983	0.01082	0.01431	0.01770	0.00726	0.00800
3	0.02860	0.02197	0.03471	0.18352	0.25773	0.02202	0.02647	0.03463	0.02486	0.12608	0.02405	0.02865	0.01813	0.01044	0.01044	0.00312	0.01197	0.00944	0.00685	0.11631
4	0.01540	0.01038	0.01203	0.01247	0.01258	0.01027	0.00722	0.01574	0.01674	0.02232	0.03888	0.16592	0.04535	0.51446	0.04819	0.00949	0.00983	0.01852	0.00722	0.00700
5	0.03586	0.02339	0.02692	0.02056	0.02929	0.02268	0.01675	0.20315	0.08100	0.17380	0.02973	0.02900	0.02117	0.01173	0.01002	0.00280	0.00977	0.00924	0.01012	0.23303
6	0.01564	0.01128	0.01486	0.01433	0.01689	0.01050	0.01098	0.02077	0.03031	0.04266	0.49664	0.08542	0.09904	0.02304	0.01307	0.00358	0.00561	0.06328	0.01182	0.01026
7	0.02261	0.01938	0.02261	0.01615	0.02584	0.01453	0.01292	0.02745	0.02261	0.03553	0.01938	0.02261	0.01615	0.00807	0.00807	0.00161	0.00807	0.00646	0.00646	0.68346
8	0.01538	0.01099	0.01506	0.01758	0.01913	0.01067	0.01377	0.01881	0.02295	0.03018	0.05894	0.37125	0.06753	0.03218	0.01448	0.00472	0.00815	0.24872	0.01008	0.00944
9	0.02187	0.02187	0.04055	0.45547	0.07060	0.02506	0.14910	0.02961	0.02278	0.02961	0.02004	0.02915	0.01503	0.01048	0.01139	0.00364	0.01549	0.01048	0.00501	0.01276
10	0.02440	0.02368	0.04225	0.18075	0.30925	0.02451	0.10779	0.03136	0.02430	0.03342	0.02405	0.03704	0.02087	0.01186	0.01156	0.00357	0.01392	0.05474	0.00573	0.01497
11	0.02138	0.01998	0.03221	0.31619	0.13182	0.02445	0.02697	0.02710	0.02067	0.02837	0.02021	0.03000	0.01695	0.02349	0.10505	0.00599	0.12160	0.00998	0.00508	0.01251
12	0.08510	0.02201	0.03175	0.03789	0.24273	0.02043	0.02215	0.03698	0.02543	0.17175	0.02564	0.02779	0.01908	0.01033	0.00985	0.00289	0.01044	0.00893	0.00787	0.18097
13	0.03320	0.08505	0.03003	0.02446	0.03065	0.26542	0.01903	0.04961	0.27122	0.03576	0.03003	0.02965	0.02335	0.01280	0.01021	0.00320	0.01367	0.00949	0.00819	0.01499
14	0.02033	0.01016	0.01016	0.01016	0.01270	0.01016	0.00762	0.02541	0.02287	0.04065	0.03557	0.04065	0.02795	0.01270	0.00762	0.00254	0.00508	0.01016	0.67734	0.01016
15	0.03026	0.56874	0.05463	0.01956	0.02853	0.09380	0.01889	0.03369	0.02299	0.02575	0.01532	0.01770	0.01400	0.00951	0.00727	0.00238	0.01243	0.00594	0.00476	0.01386
16	0.01586	0.01057	0.01189	0.01189	0.01189	0.01057	0.00661	0.01586	0.01586	0.02114	0.03436	0.07135	0.03964	0.61681	0.05550	0.01057	0.01057	0.01586	0.00661	0.00661
17	0.04145	0.03054	0.03272	0.02509	0.03381	0.03381	0.02072	0.51243	0.05127	0.06872	0.02618	0.02618	0.01854	0.01309	0.01091	0.00327	0.01200	0.00982	0.01091	0.01854
18	0.01570	0.01120	0.01509	0.01509	0.01620	0.01231	0.01060	0.01791	0.01680	0.02351	0.03143	0.05514	0.03260	0.31257	0.35010	0.01452	0.02117	0.01348	0.00617	0.00839
19	0.04892	0.01856	0.02530	0.01940	0.02783	0.01603	0.01603	0.05314	0.03121	0.55634	0.04302	0.03711	0.02699	0.01350	0.01096	0.00337	0.00928	0.01096	0.01350	0.01856
20	0.69383	0.02109	0.01603	0.01434	0.02109	0.02446	0.01181	0.03205	0.01856	0.04892	0.01518	0.01771	0.01181	0.01012	0.00675	0.00337	0.00843	0.00590	0.00675	0.01181
21	0.01328	0.00949	0.01265	0.01518	0.01581	0.00886	0.01012	0.01518	0.02088	0.02783	0.06010	0.60969	0.07212	0.03416	0.01392	0.00443	0.00633	0.03100	0.01012	0.00886
22	0.02699	0.02591	0.04426	0.06693	0.54879	0.02591	0.03346	0.03346	0.02483	0.03562	0.02051	0.02699	0.01727	0.00972	0.01079	0.00324	0.01295	0.00972	0.00540	0.01727
23	0.02712	0.02342	0.02465	0.02219	0.02835	0.02712	0.01726	0.05794	0.52909	0.04561	0.04438	0.04068	0.03328	0.01479	0.01109	0.00370	0.00863	0.01233	0.01109	0.01726
24	0.10939	0.02653	0.02655	0.02132	0.02915	0.11670	0.01724	0.12261	0.03311	0.33674	0.03305	0.03043	0.02190	0.01271	0.01035	0.00326	0.01144	0.00960	0.01105	0.01686
25	0.02920	0.01607	0.02029	0.01714	0.02238	0.01538	0.01353	0.07304	0.07366	0.21036	0.30056	0.05948	0.06611	0.01812	0.01195	0.00342	0.00730	0.01552	0.01232	0.01417
26	0.02059	0.01938	0.03270	0.59060	0.07510	0.02422	0.03028	0.02786	0.02180	0.02786	0.01938	0.02907	0.01453	0.01090	0.01090	0.00363	0.01453	0.00969	0.00484	0.01211
27	0.01397	0.00998	0.01344	0.01597	0.01691	0.00945	0.01132	0.01637	0.02156	0.02861	0.05972	0.53134	0.07061	0.03351	0.01410	0.00452	0.00692	0.10254	0.01011	0.00905
28	0.04612	0.01773	0.02382	0.01850	0.02635	0.01545	0.01520	0.05042	0.03039	0.50590	0.04229	0.03746	0.02708	0.01342	0.01064	0.00329	0.00887	0.01089	0.07844	0.01773
29	0.01309	0.01105	0.01133	0.01126	0.01485	0.00929	0.00844	0.01604	0.02533	0.03059	0.14493	0.10306	0.50918	0.02719	0.01288	0.00366	0.00549	0.02275	0.01027	0.00929
30	0.02248	0.10433	0.51777	0.03003	0.04557	0.02683	0.03846	0.03437	0.02295	0.03378	0.01919	0.02255	0.01383	0.01027	0.01007	0.00336	0.01574	0.00787	0.00461	0.01593
31	0.03026	0.02922	0.11876	0.12510	0.09385	0.02504	0.14339	0.08534	0.06657	0.13184	0.02699	0.03011	0.01923	0.01128	0.01131	0.00350	0.01391	0.01066	0.00765	0.01600
32	0.02429	0.13281	0.22788	0.07445	0.04302	0.03001	0.10175	0.03419	0.06269	0.03207	0.02029	0.02513	0.01596	0.01194	0.01472	0.00357	0.11615	0.00915	0.00532	0.01461
33	0.02198	0.01197	0.01550	0.01555	0.01860	0.01068	0.01128	0.02459	0.02406	0.15804	0.06400	0.38765	0.13705	0.02803	0.01303	0.00405	0.00692	0.02479	0.01095	0.01130
34	0.30495	0.07071	0.02375	0.01658	0.02484	0.02267	0.01380	0.07073	0.02387	0.08415	0.01971	0.02159	0.01522	0.00986	0.00789	0.00268	0.00893	0.00680	0.00734	0.24391
35	0.19598	0.02397	0.10067	0.01783	0.02647	0.01815	0.01661	0.03094	0.02376	0.08791	0.10521	0.03226	0.02971	0.01174	0.00912	0.00280	0.00901	0.00912	0.00780	0.24095
36	0.08334	0.02898	0.16458	0.02287	0.03314	0.01918	0.06132	0.03574	0.02544	0.16062	0.07294	0.03171	0.02575	0.01152	0.01008	0.00299	0.01105	0.00964	0.00810	0.18101

[dist]
# distance from previous block
# <min> <max>
0	24

[block]
# block no. 7 follows, 12 sequences, length 30
# corresponding to MSA columns:
# 566-595
name=unknown_H
#
# <colnr> <probs for GDERKNQSTAVLIFYWHMCP>
#	G	D	E	R	K	N	Q	S	T	A	V	L	I	F	Y	W	H	M	C	P
0	0.02345	0.01939	0.03183	0.40361	0.13384	0.02228	0.02739	0.03011	0.02402	0.07671	0.07687	0.03499	0.02534	0.01216	0.01110	0.00353	0.01286	0.01086	0.00643	0.01323
1	0.04892	0.01856	0.02530	0.01940	0.02783	0.01603	0.01603	0.05314	0.03121	0.55634	0.04302	0.03711	0.02699	0.01350	0.01096	0.00337	0.00928	0.01096	0.01350	0.01856
2	0.03293	0.49030	0.05044	0.01953	0.02843	0.08220	0.01847	0.03647	0.02416	0.10186	0.01929	0.02048	0.01586	0.01008	0.00780	0.00252	0.01197	0.00666	0.00601	0.01454
3	0.01289	0.01105	0.01105	0.01105	0.01473	0.00920	0.00828	0.01565	0.02485	0.02946	0.11046	0.10493	0.54437	0.02761	0.01289	0.00368	0.00552	0.02301	0.01013	0.00920
4	0.04892	0.01856	0.02530	0.01940	0.02783	0.01603	0.01603	0.05314	0.03121	0.55634	0.04302	0.03711	0.02699	0.01350	0.01096	0.00337	0.00928	0.01096	0.01350	0.01856
5	0.04532	0.01932	0.02646	0.02072	0.02795	0.01852	0.01715	0.04928	0.02913	0.48030	0.03890	0.03521	0.02517	0.01430	0.01452	0.00357	0.09356	0.01076	0.01224	0.01761
6	0.04252	0.02882	0.03166	0.02427	0.03296	0.03126	0.02005	0.44655	0.04839	0.13867	0.02859	0.02775	0.01975	0.01315	0.01092	0.00329	0.01161	0.00998	0.01128	0.01854
7	0.01586	0.01057	0.01189	0.01189	0.01189	0.01057	0.00661	0.01586	0.01586	0.02114	0.03436	0.07135	0.03964	0.61681	0.05550	0.01057	0.01057	0.01586	0.00661	0.00661
8	0.02574	0.02941	0.06434	0.04596	0.05699	0.02757	0.50919	0.03493	0.02574	0.03493	0.02206	0.02941	0.01654	0.00919	0.01287	0.00368	0.01838	0.01287	0.00551	0.01471
9	0.03286	0.02211	0.02844	0.19306	0.04260	0.02442	0.02107	0.16559	0.10401	0.15518	0.03098	0.03478	0.02281	0.05660	0.01418	0.00399	0.01159	0.01083	0.00935	0.01555
10	0.02426	0.01489	0.02122	0.02275	0.09701	0.01381	0.01492	0.02940	0.03005	0.15169	0.35976	0.06400	0.07414	0.01857	0.01215	0.00339	0.00717	0.01638	0.01135	0.01308
11	0.04892	0.01856	0.02530	0.01940	0.02783	0.01603	0.01603	0.05314	0.03121	0.55634	0.04302	0.03711	0.02699	0.01350	0.01096	0.00337	0.00928	0.01096	0.01350	0.01856
12	0.01650	0.01231	0.01549	0.01473	0.01753	0.01195	0.01101	0.02410	0.08266	0.04269	0.45278	0.11831	0.09314	0.02242	0.01276	0.00354	0.00560	0.01982	0.01176	0.01091
13	0.02796	0.02415	0.03500	0.07602	0.10962	0.02599	0.10644	0.04783	0.29518	0.07845	0.03512	0.03564	0.02622	0.01271	0.01134	0.00360	0.01144	0.01175	0.00902	0.01651
14	0.02385	0.02385	0.03340	0.02863	0.02863	0.03340	0.02385	0.02624	0.01670	0.02624	0.01431	0.02385	0.01431	0.01908	0.03578	0.00477	0.59685	0.00954	0.00477	0.01193
15	0.01328	0.00949	0.01265	0.01518	0.01581	0.00886	0.01012	0.01518	0.02088	0.02783	0.06010	0.60969	0.07212	0.03416	0.01392	0.00443	0.00633	0.03100	0.01012	0.00886
16	0.02145	0.03916	0.33251	0.02531	0.03612	0.02163	0.02901	0.03461	0.10074	0.03616	0.03139	0.08602	0.02696	0.01481	0.01084	0.00359	0.01250	0.04513	0.07747	0.01459
17	0.02388	0.17840	0.39717	0.02991	0.04400	0.02948	0.08501	0.03416	0.02312	0.03262	0.01886	0.02248	0.01414	0.01001	0.00988	0.00323	0.01537	0.00807	0.00471	0.01550
18	0.02208	0.02090	0.03539	0.46863	0.18543	0.02462	0.03102	0.02916	0.02251	0.02967	0.01964	0.02858	0.01517	0.01062	0.01088	0.00354	0.01417	0.00970	0.00497	0.01331
19	0.02309	0.01750	0.01974	0.01831	0.02275	0.01895	0.01450	0.07840	0.21713	0.04454	0.16765	0.06166	0.05290	0.01847	0.01161	0.00362	0.00776	0.08170	0.10619	0.01356
20	0.02527	0.02189	0.03271	0.46365	0.06583	0.02638	0.02814	0.13664	0.02842	0.03703	0.02091	0.02842	0.01543	0.01139	0.01090	0.00355	0.01397	0.00972	0.00621	0.01356
21	0.02059	0.01938	0.03270	0.59060	0.07510	0.02422	0.03028	0.02786	0.02180	0.02786	0.01938	0.02907	0.01453	0.01090	0.01090	0.00363	0.01453	0.00969	0.00484	0.01211
22	0.31188	0.01959	0.02152	0.01734	0.02508	0.01946	0.01431	0.04454	0.02605	0.34944	0.03167	0.02920	0.02080	0.01212	0.00925	0.00337	0.00893	0.00890	0.01074	0.01580
23	0.01715	0.01123	0.01448	0.01430	0.01689	0.01021	0.01048	0.02103	0.02736	0.07756	0.31816	0.23388	0.13462	0.02561	0.01302	0.00374	0.00585	0.02266	0.01137	0.01040
24	0.24305	0.03222	0.18611	0.02353	0.03359	0.02392	0.05633	0.04019	0.09569	0.12690	0.02576	0.02662	0.01833	0.01136	0.00958	0.00347	0.01160	0.00879	0.00775	0.01520
25	0.01894	0.00947	0.01420	0.01420	0.01420	0.00947	0.00947	0.01420	0.01420	0.01894	0.01894	0.03314	0.01894	0.03788	0.04261	0.68277	0.00947	0.00947	0.00473	0.00473
26	0.04166	0.01695	0.02298	0.01817	0.02533	0.01478	0.01478	0.04608	0.03113	0.44521	0.15142	0.04672	0.04344	0.01540	0.01138	0.00339	0.00838	0.01286	0.01317	0.01676
