[name]
unknown

[dist]
# distance from previous block
# <min> <max>
8	90

[block]
# block no. 0 follows, 14 sequences, length 42
# corresponding to MSA columns:
# 101-142
name=unknown_A
#
# <colnr> <probs for GDERKNQSTAVLIFYWHMCP>
#	G	D	E	R	K	N	Q	S	T	A	V	L	I	F	Y	W	H	M	C	P
0	0.07352	0.02847	0.13531	0.02420	0.03361	0.02284	0.08812	0.17486	0.03095	0.15028	0.05464	0.02853	0.02166	0.01129	0.01003	0.00305	0.01141	0.00950	0.00839	0.07935
1	0.02989	0.11521	0.23237	0.02575	0.03654	0.02581	0.08158	0.11155	0.06028	0.14495	0.02482	0.02571	0.01753	0.01072	0.00983	0.00311	0.01259	0.00883	0.00733	0.01561
2	0.03033	0.03006	0.17254	0.02723	0.07645	0.02311	0.05207	0.08996	0.17394	0.16991	0.03091	0.03033	0.02184	0.01174	0.01029	0.00328	0.01121	0.00988	0.00868	0.01624
3	0.01562	0.01224	0.01523	0.01461	0.01823	0.01023	0.01046	0.01839	0.02023	0.02877	0.04296	0.41562	0.04918	0.02344	0.01115	0.00323	0.00654	0.02098	0.00830	0.25460
4	0.02536	0.02876	0.16156	0.03903	0.20549	0.02144	0.13070	0.03284	0.02469	0.10598	0.09410	0.03297	0.02711	0.01119	0.01074	0.00322	0.01248	0.01078	0.00674	0.01482
5	0.02409	0.02053	0.02197	0.01984	0.02520	0.02346	0.01539	0.04994	0.48785	0.04270	0.11076	0.04330	0.03988	0.01484	0.01066	0.00345	0.00769	0.01251	0.01055	0.01539
6	0.03833	0.04891	0.02908	0.02644	0.03173	0.59815	0.01983	0.04098	0.02908	0.02512	0.01586	0.01851	0.01322	0.01058	0.00925	0.00264	0.01851	0.00661	0.00529	0.01190
7	0.01492	0.00995	0.01119	0.01119	0.01119	0.00995	0.00622	0.01492	0.01492	0.01990	0.03233	0.06716	0.03731	0.63935	0.05223	0.00995	0.00995	0.01492	0.00622	0.00622
8	0.01903	0.11324	0.28494	0.02111	0.03028	0.02030	0.02383	0.02695	0.02455	0.03491	0.24108	0.04324	0.04695	0.01417	0.01029	0.00310	0.01044	0.01175	0.00716	0.01269
9	0.03311	0.02446	0.02647	0.02180	0.02881	0.02723	0.01752	0.25980	0.29348	0.10157	0.03441	0.03221	0.02492	0.01313	0.01036	0.00328	0.00952	0.01049	0.01057	0.01687
10	0.02569	0.30260	0.25415	0.02293	0.03385	0.03194	0.02547	0.08102	0.07284	0.03285	0.01935	0.02123	0.01517	0.00995	0.00850	0.00280	0.01236	0.00720	0.00547	0.01462
11	0.02152	0.02050	0.03357	0.03364	0.15063	0.02103	0.14329	0.03185	0.13341	0.03408	0.07821	0.11691	0.07058	0.01560	0.01263	0.00350	0.04358	0.01458	0.00756	0.01332
12	0.08809	0.02040	0.02494	0.09835	0.07458	0.01922	0.01679	0.10153	0.02491	0.03821	0.01889	0.02246	0.01503	0.00893	0.00842	0.00227	0.00932	0.00713	0.00644	0.39410
13	0.03966	0.02770	0.03015	0.02311	0.03130	0.03027	0.01909	0.49548	0.04650	0.11278	0.02611	0.02559	0.01819	0.01235	0.01027	0.00309	0.01105	0.00934	0.01049	0.01745
14	0.03802	0.08395	0.03139	0.02208	0.03014	0.02977	0.01846	0.38872	0.07817	0.13456	0.02716	0.02632	0.01917	0.01216	0.00994	0.00304	0.01067	0.00921	0.01009	0.01697
15	0.02176	0.02007	0.14285	0.01728	0.02172	0.01320	0.01587	0.02265	0.01753	0.09526	0.02282	0.03425	0.02028	0.10571	0.03099	0.36324	0.01043	0.00958	0.00574	0.00879
16	0.01481	0.01041	0.01351	0.01351	0.01432	0.01121	0.00911	0.01641	0.01561	0.02162	0.03021	0.05540	0.03221	0.39308	0.29152	0.01281	0.01763	0.01320	0.00590	0.00751
17	0.04488	0.01933	0.02497	0.01915	0.02713	0.01786	0.01582	0.13144	0.03250	0.49659	0.03786	0.03322	0.02408	0.01264	0.01031	0.00316	0.00916	0.01014	0.01230	0.01746
18	0.02136	0.04148	0.38361	0.13291	0.15672	0.02377	0.03505	0.03126	0.02182	0.03167	0.01857	0.02337	0.01377	0.00971	0.00992	0.00324	0.01432	0.00815	0.00452	0.01476
19	0.01393	0.00995	0.01355	0.01593	0.01715	0.00957	0.01201	0.01676	0.02106	0.02780	0.05577	0.44916	0.06474	0.03080	0.01348	0.00437	0.00719	0.19853	0.00950	0.00873
20	0.01468	0.01090	0.01601	0.01601	0.01767	0.01256	0.01222	0.01801	0.01635	0.02346	0.02793	0.04278	0.02672	0.12852	0.54859	0.01589	0.02588	0.01136	0.00556	0.00889
21	0.02863	0.02215	0.03973	0.17529	0.19271	0.02220	0.15726	0.03505	0.02436	0.16280	0.02449	0.02872	0.01767	0.01013	0.01072	0.00327	0.01303	0.01018	0.00681	0.01480
22	0.02437	0.02602	0.06301	0.38584	0.08711	0.09914	0.05866	0.07703	0.02466	0.03080	0.01875	0.02556	0.01419	0.01030	0.01021	0.00326	0.01431	0.00891	0.00524	0.01265
23	0.02895	0.56495	0.05077	0.01835	0.02706	0.03946	0.01781	0.09740	0.02443	0.02944	0.01562	0.01753	0.01373	0.00924	0.00707	0.00231	0.01102	0.00598	0.00516	0.01373
24	0.34074	0.15375	0.05857	0.01849	0.02534	0.12488	0.01632	0.03300	0.02091	0.06510	0.01616	0.01857	0.01292	0.01026	0.00898	0.00297	0.04862	0.00631	0.00589	0.01224
25	0.01254	0.00946	0.01161	0.01309	0.01463	0.00853	0.00905	0.01478	0.02139	0.02771	0.10714	0.44153	0.21217	0.02960	0.01275	0.00390	0.00566	0.02628	0.00966	0.00853
26	0.02371	0.02128	0.07625	0.06828	0.10026	0.02013	0.01957	0.03647	0.19038	0.09050	0.03114	0.03644	0.02500	0.07122	0.13679	0.00657	0.01397	0.01071	0.00764	0.01371
27	0.71184	0.01985	0.01508	0.01350	0.01985	0.02302	0.01111	0.03017	0.01746	0.04604	0.01429	0.01667	0.01111	0.00953	0.00635	0.00318	0.00794	0.00556	0.00635	0.01111
28	0.71184	0.01985	0.01508	0.01350	0.01985	0.02302	0.01111	0.03017	0.01746	0.04604	0.01429	0.01667	0.01111	0.00953	0.00635	0.00318	0.00794	0.00556	0.00635	0.01111
29	0.02245	0.02245	0.03143	0.02694	0.02694	0.03143	0.02245	0.02470	0.01572	0.02470	0.01347	0.02245	0.01347	0.01796	0.03368	0.00449	0.62057	0.00898	0.00449	0.01123
30	0.02114	0.01195	0.01584	0.01403	0.01761	0.01082	0.01082	0.02580	0.02912	0.15473	0.45883	0.06790	0.08184	0.01924	0.01173	0.00322	0.00566	0.01683	0.01159	0.01132
31	0.01244	0.01041	0.01083	0.01072	0.01405	0.00880	0.00804	0.01533	0.02413	0.02948	0.16483	0.09587	0.50920	0.02534	0.01213	0.00343	0.00515	0.02125	0.00976	0.00880
32	0.01569	0.01121	0.01557	0.01793	0.01992	0.01108	0.01507	0.01980	0.02279	0.02976	0.05480	0.22422	0.06091	0.02915	0.01395	0.00461	0.00872	0.40615	0.00947	0.00922
33	0.01250	0.00893	0.01191	0.01429	0.01488	0.00834	0.00953	0.01429	0.01965	0.02620	0.05656	0.63265	0.06787	0.03215	0.01310	0.00417	0.00595	0.02917	0.00953	0.00834
34	0.47299	0.02300	0.02066	0.01709	0.02410	0.02615	0.01409	0.21154	0.02839	0.05266	0.01796	0.01950	0.01336	0.01052	0.00774	0.00314	0.00913	0.00686	0.00774	0.01336
35	0.03692	0.02050	0.02948	0.11492	0.14862	0.02034	0.02105	0.10683	0.02929	0.31888	0.03074	0.03049	0.02074	0.01155	0.01027	0.00317	0.01051	0.00976	0.00960	0.01633
36	0.02850	0.58899	0.05167	0.01811	0.02684	0.03980	0.01774	0.07751	0.02336	0.02786	0.01522	0.01721	0.01356	0.00910	0.00692	0.00228	0.01100	0.00583	0.00493	0.01356
37	0.02422	0.22441	0.25842	0.02581	0.03661	0.02874	0.09310	0.07783	0.02406	0.03250	0.02105	0.06941	0.01814	0.01132	0.00941	0.00301	0.01308	0.00940	0.00542	0.01406
38	0.08850	0.02596	0.15457	0.02048	0.02999	0.01770	0.02013	0.04448	0.02671	0.41495	0.03342	0.03050	0.02147	0.01178	0.00990	0.00319	0.01018	0.00933	0.01028	0.01647
39	0.03416	0.02821	0.02794	0.02290	0.02999	0.08150	0.01838	0.32254	0.22702	0.05333	0.02991	0.02892	0.02199	0.01273	0.01024	0.00318	0.01083	0.00984	0.00987	0.01651
40	0.02189	0.02414	0.08678	0.14544	0.17464	0.02237	0.12903	0.03185	0.09807	0.03230	0.02750	0.10911	0.02440	0.01307	0.01097	0.00343	0.01236	0.01263	0.00629	0.01370
41	0.02298	0.02184	0.07829	0.24959	0.04945	0.02080	0.15157	0.02983	0.02203	0.08971	0.02336	0.03010	0.01763	0.01889	0.08739	0.00504	0.01548	0.01014	0.04330	0.01258

[dist]
# distance from previous block
# <min> <max>
0	36

[block]
# block no. 1 follows, 14 sequences, length 72
# corresponding to MSA columns:
# 179-250
name=unknown_B
#
# <colnr> <probs for GDERKNQSTAVLIFYWHMCP>
#	G	D	E	R	K	N	Q	S	T	A	V	L	I	F	Y	W	H	M	C	P
0	0.04247	0.01826	0.02371	0.01872	0.02628	0.01690	0.01529	0.05080	0.12132	0.48838	0.04071	0.03551	0.02644	0.01291	0.01034	0.00323	0.00863	0.01054	0.01231	0.01725
1	0.04604	0.01746	0.02382	0.01826	0.02620	0.01508	0.01508	0.05001	0.02937	0.58244	0.04049	0.03493	0.02540	0.01270	0.01032	0.00318	0.00873	0.01032	0.01270	0.01746
2	0.01611	0.01317	0.01979	0.15637	0.07329	0.01400	0.01727	0.02024	0.02112	0.02777	0.04602	0.25225	0.08387	0.02685	0.04940	0.00476	0.01031	0.12966	0.00777	0.00999
3	0.11298	0.13236	0.34256	0.02427	0.03621	0.02658	0.02820	0.08750	0.02430	0.06789	0.01920	0.02133	0.01397	0.01002	0.00893	0.00306	0.01284	0.00735	0.00571	0.01473
4	0.04604	0.01746	0.02382	0.01826	0.02620	0.01508	0.01508	0.05001	0.02937	0.58244	0.04049	0.03493	0.02540	0.01270	0.01032	0.00318	0.00873	0.01032	0.01270	0.01746
5	0.01517	0.01151	0.01424	0.01509	0.01699	0.01156	0.01070	0.02227	0.11289	0.03244	0.17080	0.40541	0.06826	0.02652	0.01242	0.00384	0.00607	0.02378	0.01008	0.00998
6	0.06901	0.01980	0.02865	0.27316	0.04631	0.02226	0.05951	0.13523	0.02705	0.06818	0.02718	0.09707	0.02380	0.01416	0.01070	0.00348	0.01170	0.04278	0.00723	0.01273
7	0.04604	0.01746	0.02382	0.01826	0.02620	0.01508	0.01508	0.05001	0.02937	0.58244	0.04049	0.03493	0.02540	0.01270	0.01032	0.00318	0.00873	0.01032	0.01270	0.01746
8	0.01889	0.01078	0.01443	0.01383	0.01516	0.01099	0.00951	0.01919	0.01651	0.08076	0.02850	0.04822	0.02839	0.28348	0.18532	0.17592	0.01408	0.01199	0.00631	0.00776
9	0.02128	0.01824	0.02128	0.01520	0.02432	0.01368	0.01216	0.02584	0.02128	0.03344	0.01824	0.02128	0.01520	0.00760	0.00760	0.00152	0.00760	0.00608	0.00608	0.70208
10	0.65905	0.02212	0.01618	0.01451	0.02078	0.06810	0.01180	0.03101	0.01837	0.04440	0.01441	0.01681	0.01128	0.00961	0.00658	0.00313	0.00877	0.00564	0.00627	0.01118
11	0.63756	0.01967	0.01677	0.07798	0.02530	0.02300	0.01298	0.02974	0.01779	0.04392	0.01471	0.01782	0.01139	0.00960	0.00677	0.00320	0.00855	0.00594	0.00616	0.01114
12	0.01250	0.00893	0.01191	0.01429	0.01488	0.00834	0.00953	0.01429	0.01965	0.02620	0.05656	0.63265	0.06787	0.03215	0.01310	0.00417	0.00595	0.02917	0.00953	0.00834
13	0.02391	0.02677	0.05548	0.04041	0.04898	0.02691	0.44817	0.03145	0.02274	0.03145	0.01949	0.02677	0.01520	0.01027	0.01587	0.00364	0.12248	0.01157	0.00507	0.01338
14	0.01383	0.01031	0.01307	0.01416	0.01626	0.00954	0.01082	0.01720	0.02360	0.03102	0.18381	0.25928	0.18953	0.02727	0.01290	0.00392	0.00635	0.13821	0.00991	0.00898
15	0.71184	0.01985	0.01508	0.01350	0.01985	0.02302	0.01111	0.03017	0.01746	0.04604	0.01429	0.01667	0.01111	0.00953	0.00635	0.00318	0.00794	0.00556	0.00635	0.01111
16	0.71184	0.01985	0.01508	0.01350	0.01985	0.02302	0.01111	0.03017	0.01746	0.04604	0.01429	0.01667	0.01111	0.00953	0.00635	0.00318	0.00794	0.00556	0.00635	0.01111
17	0.63966	0.02080	0.01677	0.01458	0.02113	0.02397	0.01201	0.08498	0.02077	0.04804	0.01540	0.01753	0.01179	0.00983	0.00677	0.00317	0.00830	0.00595	0.00677	0.01179
18	0.01452	0.01049	0.01372	0.01291	0.01533	0.00968	0.00968	0.01937	0.02905	0.04115	0.56992	0.07666	0.09683	0.02098	0.01210	0.00323	0.00484	0.01856	0.01130	0.00968
19	0.02838	0.02668	0.02460	0.02193	0.02780	0.11577	0.01701	0.08302	0.44199	0.04150	0.03663	0.03432	0.02761	0.01330	0.01024	0.00332	0.00995	0.01067	0.00962	0.01564
20	0.03591	0.01795	0.02209	0.01742	0.02463	0.01660	0.01411	0.07526	0.09490	0.33018	0.03530	0.03295	0.02414	0.01194	0.00953	0.00285	0.00817	0.00966	0.09260	0.12379
21	0.02522	0.29111	0.28062	0.02337	0.03464	0.03145	0.02644	0.07333	0.06548	0.03242	0.01904	0.02108	0.01486	0.00988	0.00855	0.00282	0.01259	0.00717	0.00530	0.01461
22	0.03526	0.04246	0.02767	0.02510	0.03051	0.46066	0.01897	0.04423	0.15579	0.02939	0.02208	0.02326	0.01757	0.01138	0.00954	0.00284	0.01601	0.00781	0.00653	0.01294
23	0.04604	0.01746	0.02382	0.01826	0.02620	0.01508	0.01508	0.05001	0.02937	0.58244	0.04049	0.03493	0.02540	0.01270	0.01032	0.00318	0.00873	0.01032	0.01270	0.01746
24	0.02720	0.01677	0.02480	0.08676	0.07264	0.01660	0.04714	0.07093	0.02657	0.18677	0.07240	0.14190	0.03945	0.01829	0.01165	0.00364	0.00968	0.10424	0.00944	0.01315
25	0.02307	0.03928	0.33039	0.07163	0.04326	0.02339	0.09915	0.08565	0.02472	0.03568	0.01936	0.02316	0.01420	0.00959	0.00984	0.00302	0.01380	0.00826	0.00536	0.11717
26	0.01473	0.01009	0.01450	0.01504	0.01613	0.01091	0.01089	0.01629	0.01655	0.02303	0.03282	0.17556	0.03483	0.10372	0.32689	0.13069	0.01803	0.01508	0.00629	0.00794
27	0.01244	0.00919	0.01164	0.01360	0.01470	0.00839	0.00922	0.01437	0.02031	0.02647	0.06498	0.53778	0.15731	0.03106	0.01293	0.00404	0.00582	0.02784	0.00953	0.00839
28	0.02587	0.43582	0.16203	0.02069	0.03013	0.07017	0.02193	0.03105	0.02175	0.02646	0.01820	0.02501	0.01652	0.01054	0.00798	0.00263	0.01222	0.04293	0.00481	0.01324
29	0.04534	0.02034	0.02430	0.01901	0.02670	0.06832	0.01552	0.04919	0.02935	0.53156	0.03824	0.03343	0.02429	0.01251	0.01022	0.00313	0.00962	0.00998	0.01202	0.01696
30	0.71184	0.01985	0.01508	0.01350	0.01985	0.02302	0.01111	0.03017	0.01746	0.04604	0.01429	0.01667	0.01111	0.00953	0.00635	0.00318	0.00794	0.00556	0.00635	0.01111
31	0.04604	0.01746	0.02382	0.01826	0.02620	0.01508	0.01508	0.05001	0.02937	0.58244	0.04049	0.03493	0.02540	0.01270	0.01032	0.00318	0.00873	0.01032	0.01270	0.01746
32	0.03976	0.02753	0.03005	0.02304	0.03122	0.03003	0.01903	0.48843	0.04622	0.12022	0.02634	0.02574	0.01830	0.01236	0.01027	0.00309	0.01102	0.00936	0.01053	0.01745
33	0.02498	0.02192	0.03062	0.02601	0.02686	0.02968	0.02166	0.02741	0.01718	0.08453	0.01637	0.02379	0.01475	0.01740	0.03117	0.00435	0.55493	0.00912	0.00537	0.01190
34	0.01452	0.01049	0.01372	0.01291	0.01533	0.00968	0.00968	0.01937	0.02905	0.04115	0.56992	0.07666	0.09683	0.02098	0.01210	0.00323	0.00484	0.01856	0.01130	0.00968
35	0.01213	0.01040	0.01040	0.01040	0.01386	0.00866	0.00780	0.01473	0.02339	0.02772	0.10396	0.09876	0.57117	0.02599	0.01213	0.00347	0.00520	0.02166	0.00953	0.00866
36	0.01452	0.01049	0.01372	0.01291	0.01533	0.00968	0.00968	0.01937	0.02905	0.04115	0.56992	0.07666	0.09683	0.02098	0.01210	0.00323	0.00484	0.01856	0.01130	0.00968
37	0.02553	0.02204	0.02320	0.02088	0.02669	0.02553	0.01624	0.05453	0.55679	0.04293	0.04177	0.03829	0.03133	0.01392	0.01044	0.00348	0.00812	0.01160	0.01044	0.01624
38	0.03901	0.02874	0.03080	0.02361	0.03182	0.03182	0.01951	0.54111	0.04825	0.06468	0.02464	0.02464	0.01745	0.01232	0.01027	0.00308	0.01129	0.00924	0.01027	0.01745
39	0.01471	0.01080	0.01550	0.01550	0.01698	0.01229	0.01158	0.01769	0.01620	0.02308	0.02840	0.04536	0.02785	0.18271	0.49593	0.01526	0.02419	0.01173	0.00563	0.00861
40	0.01452	0.01049	0.01372	0.01291	0.01533	0.00968	0.00968	0.01937	0.02905	0.04115	0.56992	0.07666	0.09683	0.02098	0.01210	0.00323	0.00484	0.01856	0.01130	0.00968
41	0.01492	0.00995	0.01119	0.01119	0.01119	0.00995	0.00622	0.01492	0.01492	0.01990	0.03233	0.06716	0.03731	0.63935	0.05223	0.00995	0.00995	0.01492	0.00622	0.00622
42	0.02002	0.01932	0.03304	0.51888	0.06543	0.02382	0.06553	0.02657	0.02035	0.02657	0.01799	0.02694	0.01380	0.01084	0.01253	0.00352	0.06936	0.00933	0.00460	0.01156
43	0.02564	0.32512	0.28155	0.02357	0.03474	0.09315	0.02661	0.03259	0.02209	0.02786	0.01623	0.01893	0.01310	0.00939	0.00824	0.00270	0.01360	0.00651	0.00446	0.01390
44	0.71184	0.01985	0.01508	0.01350	0.01985	0.02302	0.01111	0.03017	0.01746	0.04604	0.01429	0.01667	0.01111	0.00953	0.00635	0.00318	0.00794	0.00556	0.00635	0.01111
45	0.02412	0.01809	0.02769	0.31838	0.09766	0.02037	0.02358	0.03251	0.08011	0.11228	0.02983	0.04333	0.02467	0.01375	0.01089	0.00356	0.01155	0.08746	0.00722	0.01296
46	0.01280	0.00916	0.01218	0.01408	0.01495	0.00854	0.00955	0.01504	0.02105	0.02842	0.13295	0.54992	0.07218	0.03049	0.01295	0.00403	0.00579	0.02759	0.00979	0.00854
47	0.02748	0.29459	0.23978	0.02382	0.03409	0.16317	0.02541	0.03373	0.02304	0.02738	0.01613	0.01881	0.01312	0.00954	0.00834	0.00268	0.01422	0.00650	0.00458	0.01359
48	0.02135	0.04773	0.47542	0.03220	0.04636	0.02428	0.14330	0.03258	0.02220	0.03258	0.01891	0.02293	0.01354	0.00952	0.01025	0.00329	0.01562	0.00854	0.00451	0.01489
49	0.02325	0.24838	0.31533	0.07155	0.08871	0.02948	0.02975	0.03135	0.02146	0.02930	0.01708	0.02067	0.01340	0.00940	0.00875	0.00289	0.01337	0.00713	0.00444	0.01431
50	0.02356	0.01812	0.02969	0.52110	0.06370	0.02159	0.02639	0.02995	0.02191	0.11349	0.02173	0.02855	0.01552	0.01064	0.01027	0.00338	0.01290	0.00931	0.00584	0.01235
51	0.01250	0.00893	0.01191	0.01429	0.01488	0.00834	0.00953	0.01429	0.01965	0.02620	0.05656	0.63265	0.06787	0.03215	0.01310	0.00417	0.00595	0.02917	0.00953	0.00834
52	0.03042	0.15638	0.08809	0.12889	0.09988	0.02694	0.05558	0.11416	0.02732	0.14147	0.02301	0.02538	0.01678	0.01047	0.00956	0.00301	0.01197	0.00866	0.00708	0.01494
53	0.07895	0.14269	0.12751	0.06634	0.08789	0.02652	0.13634	0.06635	0.02468	0.11561	0.02161	0.02451	0.01592	0.00989	0.00962	0.00307	0.01276	0.00879	0.00638	0.01456
54	0.01311	0.00949	0.01253	0.01474	0.01581	0.00890	0.01050	0.01541	0.02054	0.02701	0.05955	0.51395	0.10193	0.03112	0.01320	0.00421	0.00645	0.10350	0.00951	0.00853
55	0.01412	0.01047	0.01315	0.01248	0.01508	0.00951	0.00936	0.01858	0.02809	0.03887	0.49075	0.08041	0.17742	0.02183	0.01211	0.00327	0.00490	0.01909	0.01100	0.00951
56	0.06866	0.02348	0.07484	0.24993	0.27802	0.02296	0.02831	0.03106	0.02232	0.07468	0.02020	0.02601	0.01549	0.00989	0.00993	0.00321	0.01240	0.00888	0.00552	0.01421
57	0.02945	0.01383	0.01908	0.05470	0.02402	0.01267	0.01347	0.03291	0.02530	0.29830	0.09314	0.25204	0.04636	0.02026	0.01147	0.00355	0.00770	0.01774	0.01091	0.01310
58	0.01431	0.01048	0.01341	0.01268	0.01520	0.00959	0.00951	0.01894	0.02853	0.03993	0.52738	0.07867	0.14014	0.02144	0.01211	0.00325	0.00487	0.01884	0.01114	0.00959
59	0.71184	0.01985	0.01508	0.01350	0.01985	0.02302	0.01111	0.03017	0.01746	0.04604	0.01429	0.01667	0.01111	0.00953	0.00635	0.00318	0.00794	0.00556	0.00635	0.01111
60	0.02694	0.02290	0.03648	0.12246	0.38525	0.02316	0.02743	0.06943	0.02515	0.07804	0.02114	0.02602	0.01665	0.00968	0.00999	0.00299	0.01168	0.00900	0.00607	0.06953
61	0.02411	0.24259	0.19990	0.06846	0.09057	0.02998	0.14566	0.03150	0.02207	0.02946	0.01763	0.02200	0.01399	0.00914	0.00930	0.00293	0.01388	0.00816	0.00463	0.01405
62	0.02032	0.01920	0.03249	0.52812	0.14986	0.02305	0.02897	0.02705	0.02097	0.02737	0.01841	0.02705	0.01408	0.01008	0.01024	0.00336	0.01345	0.00912	0.00464	0.01216
63	0.01266	0.00905	0.01205	0.01418	0.01492	0.00844	0.00954	0.01469	0.02038	0.02737	0.09680	0.58907	0.07014	0.03127	0.01302	0.00409	0.00587	0.02834	0.00966	0.00844
64	0.01452	0.01049	0.01372	0.01291	0.01533	0.00968	0.00968	0.01937	0.02905	0.04115	0.56992	0.07666	0.09683	0.02098	0.01210	0.00323	0.00484	0.01856	0.01130	0.00968
65	0.01250	0.00893	0.01191	0.01429	0.01488	0.00834	0.00953	0.01429	0.01965	0.02620	0.05656	0.63265	0.06787	0.03215	0.01310	0.00417	0.00595	0.02917	0.00953	0.00834
66	0.02744	0.64552	0.05378	0.01756	0.02634	0.04061	0.01756	0.03073	0.02085	0.02414	0.01427	0.01646	0.01317	0.00878	0.00658	0.00219	0.01097	0.00549	0.00439	0.01317
67	0.01250	0.00893	0.01191	0.01429	0.01488	0.00834	0.00953	0.01429	0.01965	0.02620	0.05656	0.63265	0.06787	0.03215	0.01310	0.00417	0.00595	0.02917	0.00953	0.00834
68	0.03901	0.02874	0.03080	0.02361	0.03182	0.03182	0.01951	0.54111	0.04825	0.06468	0.02464	0.02464	0.01745	0.01232	0.01027	0.00308	0.01129	0.00924	0.01027	0.01745
69	0.01913	0.00956	0.00956	0.00956	0.01196	0.00956	0.00717	0.02391	0.02152	0.03826	0.03348	0.03826	0.02630	0.01196	0.00717	0.00239	0.00478	0.00956	0.69632	0.00956
70	0.02003	0.01890	0.03195	0.55550	0.12481	0.02297	0.02882	0.02679	0.02083	0.02700	0.01835	0.02715	0.01396	0.01014	0.01025	0.00338	0.01352	0.00912	0.00462	0.01192
71	0.02218	0.02131	0.03710	0.09715	0.29126	0.02085	0.11402	0.02795	0.02245	0.03159	0.02519	0.12082	0.02389	0.01260	0.01070	0.00317	0.01175	0.01247	0.00586	0.08772

[dist]
# distance from previous block
# <min> <max>
1	4

[block]
# block no. 2 follows, 14 sequences, length 117
# corresponding to MSA columns:
# 255-371
name=unknown_C
#
# <colnr> <probs for GDERKNQSTAVLIFYWHMCP>
#	G	D	E	R	K	N	Q	S	T	A	V	L	I	F	Y	W	H	M	C	P
0	0.19444	0.42679	0.04189	0.07871	0.02936	0.03444	0.01712	0.03012	0.01999	0.02973	0.01469	0.01765	0.01272	0.00912	0.00691	0.00256	0.01051	0.00588	0.00489	0.01248
1	0.54510	0.11250	0.02206	0.01540	0.02199	0.08414	0.01293	0.03135	0.01913	0.04077	0.01445	0.01683	0.01162	0.00953	0.00668	0.00298	0.00945	0.00565	0.00596	0.01149
2	0.02446	0.07606	0.14247	0.11101	0.13616	0.02643	0.23070	0.06728	0.02462	0.03369	0.01960	0.02518	0.01496	0.00939	0.01062	0.00323	0.01476	0.00978	0.00524	0.01437
3	0.01466	0.01100	0.01649	0.01649	0.01833	0.01283	0.01283	0.01833	0.01649	0.02382	0.02749	0.04032	0.02566	0.07697	0.59868	0.01649	0.02749	0.01100	0.00550	0.00916
4	0.01774	0.01359	0.02134	0.02614	0.14454	0.01436	0.01599	0.02046	0.01875	0.02665	0.08014	0.03886	0.02935	0.04737	0.29150	0.14863	0.01792	0.01094	0.00580	0.00990
5	0.01452	0.01049	0.01372	0.01291	0.01533	0.00968	0.00968	0.01937	0.02905	0.04115	0.56992	0.07666	0.09683	0.02098	0.01210	0.00323	0.00484	0.01856	0.01130	0.00968
6	0.01473	0.01063	0.01401	0.01353	0.01595	0.00990	0.01040	0.01956	0.02848	0.04007	0.51626	0.08073	0.09290	0.02175	0.01232	0.00338	0.00532	0.06932	0.01110	0.00966
7	0.02553	0.02204	0.02320	0.02088	0.02669	0.02553	0.01624	0.05453	0.55679	0.04293	0.04177	0.03829	0.03133	0.01392	0.01044	0.00348	0.00812	0.01160	0.01044	0.01624
8	0.02744	0.64552	0.05378	0.01756	0.02634	0.04061	0.01756	0.03073	0.02085	0.02414	0.01427	0.01646	0.01317	0.00878	0.00658	0.00219	0.01097	0.00549	0.00439	0.01317
9	0.01938	0.01824	0.03078	0.61468	0.07068	0.02280	0.02850	0.02622	0.02052	0.02622	0.01824	0.02736	0.01368	0.01026	0.01026	0.00342	0.01368	0.00912	0.00456	0.01140
10	0.01783	0.00891	0.01337	0.01337	0.01337	0.00891	0.00891	0.01337	0.01337	0.01783	0.01783	0.03119	0.01783	0.03565	0.04011	0.70143	0.00891	0.00891	0.00446	0.00446
11	0.02422	0.02768	0.06055	0.04325	0.05363	0.02595	0.53806	0.03287	0.02422	0.03287	0.02076	0.02768	0.01557	0.00865	0.01211	0.00346	0.01730	0.01211	0.00519	0.01384
12	0.02268	0.02161	0.03675	0.31183	0.34771	0.02367	0.03014	0.02912	0.02208	0.03023	0.01882	0.02628	0.01509	0.00965	0.01020	0.00322	0.01286	0.00913	0.00485	0.01407
13	0.01667	0.01043	0.01305	0.01242	0.01337	0.00995	0.00784	0.01548	0.01501	0.02054	0.02547	0.04899	0.02775	0.34885	0.04307	0.26650	0.00932	0.01177	0.00555	0.07799
14	0.03399	0.02625	0.02797	0.02260	0.02991	0.02948	0.01829	0.35996	0.23758	0.05658	0.03102	0.02972	0.02262	0.01292	0.01033	0.00323	0.01011	0.01012	0.01033	0.01700
15	0.02773	0.41555	0.11810	0.02026	0.02946	0.03548	0.02035	0.09699	0.08865	0.03253	0.01940	0.02078	0.01586	0.00996	0.00792	0.00260	0.01123	0.00696	0.00584	0.01433
16	0.01271	0.00909	0.01209	0.01415	0.01493	0.00847	0.00954	0.01481	0.02061	0.02772	0.10886	0.57600	0.07082	0.03101	0.01300	0.00407	0.00584	0.02809	0.00971	0.00847
17	0.03588	0.01841	0.02445	0.02368	0.10293	0.01740	0.01646	0.10602	0.02959	0.32205	0.04124	0.03918	0.07993	0.01345	0.01016	0.00309	0.00880	0.01111	0.08061	0.01557
18	0.01377	0.00991	0.01304	0.01342	0.01516	0.00918	0.00962	0.01748	0.02555	0.03558	0.37877	0.28369	0.08605	0.02514	0.01247	0.00358	0.00526	0.02251	0.01064	0.00918
19	0.03008	0.33684	0.03958	0.01889	0.02660	0.03345	0.01699	0.19297	0.07064	0.03985	0.02165	0.02298	0.01728	0.01062	0.00810	0.00259	0.01021	0.00756	0.07872	0.01438
20	0.06903	0.03906	0.34566	0.02623	0.03813	0.02214	0.06701	0.06493	0.02414	0.09261	0.02310	0.02883	0.01748	0.01106	0.00991	0.00321	0.01311	0.03721	0.00619	0.06094
21	0.07724	0.02991	0.19142	0.07077	0.09080	0.02153	0.02457	0.07184	0.06327	0.21597	0.02748	0.02784	0.01889	0.01114	0.00987	0.00322	0.01142	0.00901	0.00811	0.01570
22	0.02816	0.02336	0.02469	0.02142	0.02769	0.02676	0.01688	0.14976	0.45727	0.04718	0.03842	0.03562	0.02861	0.01361	0.01041	0.00340	0.00874	0.01114	0.01041	0.01648
23	0.01348	0.00964	0.01300	0.01515	0.01624	0.00915	0.01099	0.01609	0.02113	0.02818	0.09213	0.48620	0.06807	0.03058	0.01325	0.00422	0.00660	0.12758	0.00963	0.00866
24	0.07082	0.03192	0.21201	0.10945	0.03882	0.06309	0.02478	0.03890	0.02482	0.24599	0.02656	0.02715	0.01784	0.01102	0.00982	0.00320	0.01228	0.00869	0.00781	0.01504
25	0.02285	0.07080	0.10892	0.22703	0.10983	0.02300	0.10139	0.02974	0.02216	0.06622	0.02315	0.03340	0.01895	0.01507	0.04451	0.00411	0.01419	0.04597	0.00563	0.01308
26	0.01250	0.00893	0.01191	0.01429	0.01488	0.00834	0.00953	0.01429	0.01965	0.02620	0.05656	0.63265	0.06787	0.03215	0.01310	0.00417	0.00595	0.02917	0.00953	0.00834
27	0.09635	0.01880	0.02386	0.01844	0.02628	0.01740	0.01523	0.09853	0.03038	0.48858	0.03686	0.03248	0.02350	0.01242	0.01001	0.00317	0.00893	0.00984	0.01197	0.01698
28	0.12206	0.03112	0.15046	0.03035	0.13869	0.06377	0.02389	0.12667	0.02828	0.15290	0.02352	0.02478	0.01675	0.01072	0.00956	0.00311	0.01185	0.00841	0.00759	0.01550
29	0.03122	0.02416	0.02930	0.07161	0.08695	0.02749	0.02027	0.30999	0.03553	0.04947	0.02313	0.02634	0.01759	0.01260	0.01322	0.00322	0.09808	0.00922	0.09564	0.01497
30	0.01913	0.00956	0.00956	0.00956	0.01196	0.00956	0.00717	0.02391	0.02152	0.03826	0.03348	0.03826	0.02630	0.01196	0.00717	0.00239	0.00478	0.00956	0.69632	0.00956
31	0.02939	0.48433	0.04464	0.01683	0.02482	0.03351	0.01610	0.03294	0.02221	0.11007	0.02023	0.02152	0.01639	0.00970	0.00721	0.00236	0.00999	0.00664	0.07766	0.01344
32	0.02058	0.05308	0.58618	0.02925	0.04442	0.02383	0.03792	0.03250	0.02167	0.03250	0.01842	0.02167	0.01300	0.00975	0.00975	0.00325	0.01517	0.00758	0.00433	0.01517
33	0.01492	0.00995	0.01119	0.01119	0.01119	0.00995	0.00622	0.01492	0.01492	0.01990	0.03233	0.06716	0.03731	0.63935	0.05223	0.00995	0.00995	0.01492	0.00622	0.00622
34	0.01250	0.00893	0.01191	0.01429	0.01488	0.00834	0.00953	0.01429	0.01965	0.02620	0.05656	0.63265	0.06787	0.03215	0.01310	0.00417	0.00595	0.02917	0.00953	0.00834
35	0.01452	0.01049	0.01372	0.01291	0.01533	0.00968	0.00968	0.01937	0.02905	0.04115	0.56992	0.07666	0.09683	0.02098	0.01210	0.00323	0.00484	0.01856	0.01130	0.00968
36	0.02245	0.02245	0.03143	0.02694	0.02694	0.03143	0.02245	0.02470	0.01572	0.02470	0.01347	0.02245	0.01347	0.01796	0.03368	0.00449	0.62057	0.00898	0.00449	0.01123
37	0.64254	0.01960	0.01599	0.01399	0.02051	0.02220	0.01153	0.03223	0.01870	0.10187	0.01702	0.01857	0.01260	0.00986	0.00676	0.00318	0.00802	0.00605	0.00701	0.01177
38	0.01452	0.01049	0.01372	0.01291	0.01533	0.00968	0.00968	0.01937	0.02905	0.04115	0.56992	0.07666	0.09683	0.02098	0.01210	0.00323	0.00484	0.01856	0.01130	0.00968
39	0.02744	0.64552	0.05378	0.01756	0.02634	0.04061	0.01756	0.03073	0.02085	0.02414	0.01427	0.01646	0.01317	0.00878	0.00658	0.00219	0.01097	0.00549	0.00439	0.01317
40	0.01452	0.01049	0.01372	0.01291	0.01533	0.00968	0.00968	0.01937	0.02905	0.04115	0.56992	0.07666	0.09683	0.02098	0.01210	0.00323	0.00484	0.01856	0.01130	0.00968
41	0.02058	0.05308	0.58618	0.02925	0.04442	0.02383	0.03792	0.03250	0.02167	0.03250	0.01842	0.02167	0.01300	0.00975	0.00975	0.00325	0.01517	0.00758	0.00433	0.01517
42	0.71184	0.01985	0.01508	0.01350	0.01985	0.02302	0.01111	0.03017	0.01746	0.04604	0.01429	0.01667	0.01111	0.00953	0.00635	0.00318	0.00794	0.00556	0.00635	0.01111
43	0.01770	0.01376	0.02054	0.02629	0.11951	0.01369	0.01848	0.02236	0.02316	0.03074	0.04831	0.15342	0.05234	0.02532	0.01335	0.00437	0.00958	0.36786	0.00868	0.01055
44	0.02466	0.02645	0.05352	0.05060	0.24786	0.02537	0.34947	0.03236	0.02390	0.03312	0.02022	0.02683	0.01583	0.00883	0.01138	0.00331	0.01540	0.01101	0.00515	0.01474
45	0.01640	0.01011	0.01362	0.01517	0.01671	0.00939	0.01082	0.01872	0.02106	0.08455	0.05466	0.51778	0.06256	0.02974	0.01292	0.00412	0.00660	0.07582	0.00985	0.00940
46	0.71184	0.01985	0.01508	0.01350	0.01985	0.02302	0.01111	0.03017	0.01746	0.04604	0.01429	0.01667	0.01111	0.00953	0.00635	0.00318	0.00794	0.00556	0.00635	0.01111
47	0.01276	0.01027	0.01137	0.01142	0.01433	0.00888	0.00844	0.01583	0.02441	0.03090	0.21481	0.14767	0.40213	0.02537	0.01222	0.00348	0.00519	0.02165	0.00997	0.00888
48	0.02744	0.64552	0.05378	0.01756	0.02634	0.04061	0.01756	0.03073	0.02085	0.02414	0.01427	0.01646	0.01317	0.00878	0.00658	0.00219	0.01097	0.00549	0.00439	0.01317
49	0.02307	0.18544	0.26482	0.02180	0.03130	0.02351	0.02402	0.02972	0.02181	0.08623	0.02842	0.16164	0.02690	0.01495	0.00979	0.00319	0.01135	0.01229	0.00641	0.01335
50	0.02319	0.16774	0.33385	0.03444	0.14603	0.02754	0.06601	0.03196	0.02201	0.03101	0.01789	0.02173	0.01385	0.00936	0.00934	0.00301	0.01386	0.00776	0.00455	0.01488
51	0.01250	0.00893	0.01191	0.01429	0.01488	0.00834	0.00953	0.01429	0.01965	0.02620	0.05656	0.63265	0.06787	0.03215	0.01310	0.00417	0.00595	0.02917	0.00953	0.00834
52	0.01452	0.01049	0.01372	0.01291	0.01533	0.00968	0.00968	0.01937	0.02905	0.04115	0.56992	0.07666	0.09683	0.02098	0.01210	0.00323	0.00484	0.01856	0.01130	0.00968
53	0.11648	0.03172	0.22585	0.20712	0.04597	0.02385	0.02763	0.06025	0.02235	0.07056	0.01928	0.02387	0.01408	0.01084	0.01130	0.00337	0.05826	0.00817	0.00559	0.01345
54	0.01361	0.01036	0.01473	0.10027	0.02291	0.01049	0.01226	0.01631	0.02036	0.02713	0.08297	0.51133	0.06190	0.02832	0.01263	0.00400	0.00699	0.02564	0.00892	0.00886
55	0.01250	0.00893	0.01191	0.01429	0.01488	0.00834	0.00953	0.01429	0.01965	0.02620	0.05656	0.63265	0.06787	0.03215	0.01310	0.00417	0.00595	0.02917	0.00953	0.00834
56	0.66510	0.01968	0.01570	0.01383	0.02029	0.02246	0.01139	0.03156	0.01830	0.08369	0.01613	0.01795	0.01212	0.00975	0.00663	0.00318	0.00799	0.00589	0.00680	0.01156
57	0.02649	0.02662	0.14089	0.15336	0.18481	0.02122	0.06519	0.03355	0.02411	0.14083	0.06151	0.03069	0.02247	0.01097	0.01041	0.00323	0.01225	0.00995	0.00678	0.01467
58	0.02158	0.01365	0.01817	0.05747	0.02148	0.01492	0.01282	0.07427	0.02043	0.06888	0.02683	0.08196	0.02545	0.10742	0.08630	0.21651	0.05613	0.01165	0.05497	0.00912
59	0.03446	0.02435	0.02594	0.02040	0.02728	0.02673	0.01668	0.42271	0.04213	0.05863	0.02666	0.02776	0.01948	0.01224	0.00956	0.00292	0.00980	0.00931	0.16733	0.01565
60	0.02158	0.01920	0.02528	0.01806	0.02731	0.01493	0.06574	0.02656	0.02158	0.03338	0.01850	0.02193	0.01524	0.00771	0.00806	0.00172	0.00859	0.00669	0.00599	0.63196
61	0.01215	0.01030	0.01050	0.01066	0.01393	0.00864	0.00791	0.01470	0.02314	0.02762	0.10078	0.13458	0.53740	0.02640	0.01219	0.00351	0.00525	0.02216	0.00953	0.00864
62	0.02313	0.01933	0.02227	0.01608	0.02510	0.01557	0.01292	0.07947	0.02409	0.03669	0.01891	0.02163	0.01543	0.00809	0.00788	0.00168	0.00798	0.00641	0.00652	0.63083
63	0.01816	0.01114	0.01445	0.01321	0.01620	0.01024	0.01005	0.02290	0.02851	0.09727	0.47371	0.06937	0.08399	0.01943	0.01154	0.00316	0.00524	0.01701	0.06394	0.01048
64	0.02553	0.02204	0.02320	0.02088	0.02669	0.02553	0.01624	0.05453	0.55679	0.04293	0.04177	0.03829	0.03133	0.01392	0.01044	0.00348	0.00812	0.01160	0.01044	0.01624
65	0.01466	0.01100	0.01649	0.01649	0.01833	0.01283	0.01283	0.01833	0.01649	0.02382	0.02749	0.04032	0.02566	0.07697	0.59868	0.01649	0.02749	0.01100	0.00550	0.00916
66	0.04604	0.01746	0.02382	0.01826	0.02620	0.01508	0.01508	0.05001	0.02937	0.58244	0.04049	0.03493	0.02540	0.01270	0.01032	0.00318	0.00873	0.01032	0.01270	0.01746
67	0.71184	0.01985	0.01508	0.01350	0.01985	0.02302	0.01111	0.03017	0.01746	0.04604	0.01429	0.01667	0.01111	0.00953	0.00635	0.00318	0.00794	0.00556	0.00635	0.01111
68	0.71184	0.01985	0.01508	0.01350	0.01985	0.02302	0.01111	0.03017	0.01746	0.04604	0.01429	0.01667	0.01111	0.00953	0.00635	0.00318	0.00794	0.00556	0.00635	0.01111
69	0.04369	0.01694	0.02306	0.01786	0.02539	0.01468	0.01468	0.04772	0.02935	0.54204	0.08000	0.03804	0.03073	0.01332	0.01045	0.00318	0.00844	0.01093	0.01260	0.01688
70	0.01938	0.01824	0.03078	0.61468	0.07068	0.02280	0.02850	0.02622	0.02052	0.02622	0.01824	0.02736	0.01368	0.01026	0.01026	0.00342	0.01368	0.00912	0.00456	0.01140
71	0.03155	0.02504	0.02660	0.02210	0.02898	0.02834	0.01770	0.27200	0.32951	0.05265	0.03411	0.03219	0.02513	0.01321	0.01036	0.00330	0.00954	0.01055	0.01036	0.01678
72	0.01244	0.00919	0.01164	0.01361	0.01470	0.00839	0.00922	0.01437	0.02031	0.02646	0.06489	0.53885	0.15629	0.03107	0.01293	0.00404	0.00582	0.02785	0.00953	0.00839
73	0.02584	0.17134	0.39049	0.02516	0.03790	0.02602	0.03023	0.03476	0.02266	0.11349	0.02087	0.02258	0.01490	0.00999	0.00918	0.00302	0.01332	0.00756	0.00560	0.01510
74	0.02744	0.64552	0.05378	0.01756	0.02634	0.04061	0.01756	0.03073	0.02085	0.02414	0.01427	0.01646	0.01317	0.00878	0.00658	0.00219	0.01097	0.00549	0.00439	0.01317
75	0.01250	0.00893	0.01191	0.01429	0.01488	0.00834	0.00953	0.01429	0.01965	0.02620	0.05656	0.63265	0.06787	0.03215	0.01310	0.00417	0.00595	0.02917	0.00953	0.00834
76	0.02182	0.16014	0.48997	0.02714	0.04115	0.02686	0.03424	0.03218	0.02152	0.03099	0.01767	0.02073	0.01303	0.00957	0.00918	0.00306	0.01441	0.00720	0.00434	0.01481
77	0.01610	0.01381	0.02179	0.32867	0.04410	0.01591	0.01946	0.02054	0.02010	0.02621	0.03649	0.31570	0.03950	0.02069	0.01161	0.00378	0.01000	0.01867	0.00693	0.00994
78	0.01452	0.01049	0.01372	0.01291	0.01533	0.00968	0.00968	0.01937	0.02905	0.04115	0.56992	0.07666	0.09683	0.02098	0.01210	0.00323	0.00484	0.01856	0.01130	0.00968
79	0.02603	0.01996	0.03282	0.33942	0.21584	0.02189	0.02698	0.03212	0.02298	0.12895	0.02258	0.02813	0.01658	0.01036	0.01024	0.00326	0.01233	0.00934	0.00619	0.01397
80	0.07932	0.01873	0.02350	0.09697	0.06186	0.01997	0.01711	0.04175	0.20485	0.18365	0.10760	0.03892	0.03412	0.01350	0.01030	0.00331	0.00877	0.01131	0.00980	0.01467
81	0.03936	0.02186	0.08243	0.01986	0.02796	0.01776	0.01776	0.10352	0.02951	0.40655	0.03497	0.03287	0.02319	0.01890	0.07020	0.00453	0.01162	0.00998	0.01081	0.01638
82	0.71184	0.01985	0.01508	0.01350	0.01985	0.02302	0.01111	0.03017	0.01746	0.04604	0.01429	0.01667	0.01111	0.00953	0.00635	0.00318	0.00794	0.00556	0.00635	0.01111
83	0.15602	0.06931	0.03855	0.17793	0.08656	0.02634	0.16414	0.09776	0.02488	0.03733	0.01882	0.02410	0.01437	0.00975	0.00975	0.00322	0.01296	0.00902	0.00586	0.01332
84	0.59408	0.02263	0.01715	0.01517	0.02152	0.08103	0.01229	0.03273	0.01953	0.08350	0.01638	0.01821	0.01238	0.00987	0.00694	0.00312	0.00907	0.00602	0.00671	0.01166
85	0.01984	0.01878	0.03269	0.43843	0.09950	0.02172	0.07981	0.02655	0.02185	0.02868	0.05543	0.03603	0.02220	0.01185	0.01081	0.00347	0.01312	0.04207	0.00540	0.01178
86	0.01452	0.01049	0.01372	0.01291	0.01533	0.00968	0.00968	0.01937	0.02905	0.04115	0.56992	0.07666	0.09683	0.02098	0.01210	0.00323	0.00484	0.01856	0.01130	0.00968
87	0.02654	0.53293	0.04974	0.01925	0.02645	0.03895	0.01844	0.02964	0.01992	0.02424	0.01412	0.01754	0.01322	0.01044	0.01148	0.00261	0.12113	0.00612	0.00441	0.01282
88	0.01279	0.01042	0.01131	0.01109	0.01427	0.00894	0.00832	0.01601	0.02495	0.03142	0.23234	0.09267	0.44048	0.02461	0.01212	0.00340	0.00510	0.02080	0.01002	0.00894
89	0.02553	0.02204	0.02320	0.02088	0.02669	0.02553	0.01624	0.05453	0.55679	0.04293	0.04177	0.03829	0.03133	0.01392	0.01044	0.00348	0.00812	0.01160	0.01044	0.01624
90	0.01428	0.01048	0.01338	0.01265	0.01518	0.00958	0.00949	0.01889	0.02847	0.03978	0.52244	0.07891	0.14516	0.02149	0.01211	0.00325	0.00488	0.01887	0.01112	0.00958
91	0.71184	0.01985	0.01508	0.01350	0.01985	0.02302	0.01111	0.03017	0.01746	0.04604	0.01429	0.01667	0.01111	0.00953	0.00635	0.00318	0.00794	0.00556	0.00635	0.01111
92	0.03901	0.02874	0.03080	0.02361	0.03182	0.03182	0.01951	0.54111	0.04825	0.06468	0.02464	0.02464	0.01745	0.01232	0.01027	0.00308	0.01129	0.00924	0.01027	0.01745
93	0.04604	0.01746	0.02382	0.01826	0.02620	0.01508	0.01508	0.05001	0.02937	0.58244	0.04049	0.03493	0.02540	0.01270	0.01032	0.00318	0.00873	0.01032	0.01270	0.01746
94	0.01250	0.00893	0.01191	0.01429	0.01488	0.00834	0.00953	0.01429	0.01965	0.02620	0.05656	0.63265	0.06787	0.03215	0.01310	0.00417	0.00595	0.02917	0.00953	0.00834
95	0.02744	0.64552	0.05378	0.01756	0.02634	0.04061	0.01756	0.03073	0.02085	0.02414	0.01427	0.01646	0.01317	0.00878	0.00658	0.00219	0.01097	0.00549	0.00439	0.01317
96	0.01492	0.01009	0.01034	0.01028	0.01326	0.00908	0.00771	0.01850	0.02313	0.03267	0.11343	0.07454	0.33197	0.02038	0.01028	0.00305	0.00502	0.01692	0.26535	0.00908
97	0.01492	0.00995	0.01119	0.01119	0.01119	0.00995	0.00622	0.01492	0.01492	0.01990	0.03233	0.06716	0.03731	0.63935	0.05223	0.00995	0.00995	0.01492	0.00622	0.00622
98	0.71184	0.01985	0.01508	0.01350	0.01985	0.02302	0.01111	0.03017	0.01746	0.04604	0.01429	0.01667	0.01111	0.00953	0.00635	0.00318	0.00794	0.00556	0.00635	0.01111
99	0.71184	0.01985	0.01508	0.01350	0.01985	0.02302	0.01111	0.03017	0.01746	0.04604	0.01429	0.01667	0.01111	0.00953	0.00635	0.00318	0.00794	0.00556	0.00635	0.01111
100	0.03515	0.02487	0.07305	0.03450	0.17470	0.02226	0.08251	0.12648	0.02992	0.24818	0.02841	0.02891	0.01965	0.01103	0.01044	0.00316	0.01152	0.00985	0.00884	0.01657
101	0.01250	0.00893	0.01191	0.01429	0.01488	0.00834	0.00953	0.01429	0.01965	0.02620	0.05656	0.63265	0.06787	0.03215	0.01310	0.00417	0.00595	0.02917	0.00953	0.00834
102	0.02504	0.02151	0.03244	0.04119	0.32191	0.01955	0.02278	0.03039	0.02291	0.06760	0.02020	0.02435	0.01640	0.00875	0.00915	0.00245	0.01015	0.00800	0.00595	0.28929
103	0.01466	0.01100	0.01649	0.01649	0.01833	0.01283	0.01283	0.01833	0.01649	0.02382	0.02749	0.04032	0.02566	0.07697	0.59868	0.01649	0.02749	0.01100	0.00550	0.00916
104	0.08750	0.22933	0.03606	0.01997	0.02807	0.06405	0.05264	0.04031	0.02527	0.28077	0.02677	0.02581	0.01876	0.01073	0.00884	0.00283	0.01068	0.00823	0.00844	0.01493
105	0.02642	0.55758	0.13280	0.01929	0.02902	0.03812	0.02058	0.03099	0.02097	0.02538	0.01488	0.01723	0.01314	0.00892	0.00705	0.00235	0.01160	0.00580	0.00438	0.01347
106	0.01452	0.01049	0.01372	0.01291	0.01533	0.00968	0.00968	0.01937	0.02905	0.04115	0.56992	0.07666	0.09683	0.02098	0.01210	0.00323	0.00484	0.01856	0.01130	0.00968
107	0.01392	0.01020	0.01306	0.01290	0.01510	0.00934	0.00946	0.01799	0.02679	0.03711	0.43070	0.17827	0.13998	0.02349	0.01228	0.00342	0.00508	0.02077	0.01080	0.00934
108	0.04415	0.08145	0.02687	0.01819	0.02621	0.01768	0.01534	0.04805	0.02850	0.52556	0.03781	0.03305	0.02416	0.01230	0.00994	0.00308	0.00896	0.00983	0.01185	0.01703
109	0.01783	0.00891	0.01337	0.01337	0.01337	0.00891	0.00891	0.01337	0.01337	0.01783	0.01783	0.03119	0.01783	0.03565	0.04011	0.70143	0.00891	0.00891	0.00446	0.00446
110	0.02245	0.02245	0.03143	0.02694	0.02694	0.03143	0.02245	0.02470	0.01572	0.02470	0.01347	0.02245	0.01347	0.01796	0.03368	0.00449	0.62057	0.00898	0.00449	0.01123
111	0.02944	0.07321	0.03540	0.16217	0.14927	0.19875	0.05593	0.03419	0.02428	0.07014	0.01898	0.02378	0.01502	0.01066	0.01144	0.00308	0.05710	0.00838	0.00553	0.01325
112	0.02361	0.02209	0.04025	0.28690	0.14896	0.02404	0.16389	0.03031	0.02223	0.06398	0.02016	0.02723	0.01536	0.01032	0.01237	0.00342	0.05629	0.00999	0.00532	0.01327
113	0.02422	0.02768	0.06055	0.04325	0.05363	0.02595	0.53806	0.03287	0.02422	0.03287	0.02076	0.02768	0.01557	0.00865	0.01211	0.00346	0.01730	0.01211	0.00519	0.01384
114	0.02561	0.02338	0.04421	0.18811	0.19609	0.02361	0.21992	0.03263	0.02361	0.08859	0.02179	0.02774	0.01631	0.00961	0.01094	0.00331	0.01413	0.01038	0.00579	0.01426
115	0.15051	0.02951	0.17503	0.02476	0.03411	0.02213	0.10732	0.07371	0.06184	0.13959	0.02671	0.06500	0.02053	0.01200	0.00994	0.00332	0.01167	0.01028	0.00759	0.01445
116	0.02524	0.02262	0.10104	0.02262	0.02922	0.01873	0.08458	0.07191	0.12139	0.12999	0.03896	0.21604	0.03601	0.01796	0.01135	0.00358	0.00993	0.01614	0.00904	0.01365

[dist]
# distance from previous block
# <min> <max>
0	62

# created by:
# /st0/software/busco_prod/Augustus/scripts/msa2prfl.pl ./align_prep/3988.fa
