[name]
unknown

[dist]
# distance from previous block
# <min> <max>
0	370

[block]
# block no. 0 follows, 11 sequences, length 27
# corresponding to MSA columns:
# 474-490,496-505
name=unknown_A
#
# <colnr> <probs for GDERKNQSTAVLIFYWHMCP>
#	G	D	E	R	K	N	Q	S	T	A	V	L	I	F	Y	W	H	M	C	P
0	0.03155	0.12918	0.07810	0.08675	0.08989	0.07106	0.06409	0.08790	0.12972	0.08078	0.02750	0.02945	0.02076	0.01197	0.01065	0.00336	0.01323	0.00996	0.00783	0.01626
1	0.01567	0.01149	0.01468	0.01388	0.01665	0.01051	0.01041	0.02073	0.03124	0.04366	0.48693	0.08650	0.14849	0.02356	0.01328	0.00357	0.00535	0.02069	0.01220	0.01051
2	0.02785	0.03023	0.17053	0.02678	0.07286	0.02121	0.02432	0.08206	0.07118	0.12040	0.08624	0.05288	0.09026	0.01685	0.01193	0.00371	0.01134	0.05451	0.00934	0.01555
3	0.04062	0.03072	0.17241	0.02797	0.08167	0.02016	0.02519	0.04761	0.02925	0.35399	0.03550	0.03329	0.02314	0.01267	0.01113	0.00349	0.01189	0.01036	0.01060	0.01833
4	0.12160	0.02070	0.02580	0.02002	0.02856	0.01938	0.01654	0.09686	0.03282	0.43883	0.03939	0.03490	0.02521	0.01349	0.01082	0.00347	0.00976	0.01061	0.01287	0.01836
5	0.01934	0.01196	0.01479	0.01372	0.01700	0.01096	0.01042	0.02428	0.02981	0.08412	0.35933	0.07602	0.13488	0.02123	0.01222	0.00341	0.00570	0.01835	0.12128	0.01118
6	0.02765	0.08269	0.16948	0.18278	0.05179	0.13807	0.07703	0.03751	0.06505	0.03233	0.02156	0.02650	0.01645	0.01120	0.01080	0.00344	0.01621	0.00925	0.00568	0.01453
7	0.09998	0.02112	0.02603	0.02047	0.02883	0.02026	0.01680	0.09802	0.08132	0.40444	0.04041	0.03588	0.02633	0.01373	0.01097	0.00351	0.00972	0.01091	0.01284	0.01844
8	0.01410	0.01009	0.01341	0.01541	0.01641	0.00940	0.01048	0.01664	0.02334	0.03158	0.14310	0.50790	0.07996	0.03313	0.01418	0.00439	0.00632	0.02997	0.01079	0.00940
9	0.02806	0.02555	0.08732	0.29097	0.19114	0.02418	0.03074	0.03537	0.02510	0.11710	0.02441	0.03017	0.01784	0.01131	0.01118	0.00358	0.01382	0.01006	0.00662	0.01548
10	0.03204	0.03160	0.13420	0.11844	0.04240	0.02735	0.02556	0.20919	0.08391	0.08934	0.03038	0.07220	0.02385	0.01441	0.01140	0.00362	0.01267	0.01175	0.00907	0.01663
11	0.03872	0.08132	0.03435	0.02471	0.03325	0.03438	0.02049	0.36886	0.14196	0.06226	0.02975	0.02921	0.02175	0.01352	0.01094	0.00338	0.01166	0.01029	0.01073	0.01846
12	0.68395	0.02177	0.01654	0.01480	0.02177	0.02525	0.01219	0.03309	0.01915	0.05050	0.01567	0.01828	0.01219	0.01045	0.00697	0.00348	0.00871	0.00609	0.00697	0.01219
13	0.01976	0.01478	0.01611	0.01537	0.01723	0.01589	0.01002	0.02903	0.16136	0.02918	0.03848	0.06443	0.03901	0.43275	0.04393	0.00884	0.01033	0.01531	0.00817	0.01002
14	0.01359	0.01125	0.01191	0.01210	0.01547	0.00957	0.00894	0.01658	0.02582	0.03162	0.14756	0.15585	0.44359	0.02868	0.01341	0.00385	0.00575	0.02428	0.01063	0.00957
15	0.04204	0.05364	0.03190	0.02900	0.03480	0.55926	0.02175	0.04494	0.03190	0.02755	0.01740	0.02030	0.01450	0.01160	0.01015	0.00290	0.02030	0.00725	0.00580	0.01305
16	0.01608	0.01206	0.01809	0.01809	0.02010	0.01407	0.01407	0.02010	0.01809	0.02613	0.03015	0.04422	0.02814	0.08441	0.55984	0.01809	0.03015	0.01206	0.00603	0.01005
17	0.01627	0.01130	0.01424	0.01424	0.01491	0.01198	0.00927	0.01763	0.01695	0.02328	0.03367	0.06372	0.03661	0.42902	0.22681	0.01333	0.01740	0.01491	0.00655	0.00791
18	0.68395	0.02177	0.01654	0.01480	0.02177	0.02525	0.01219	0.03309	0.01915	0.05050	0.01567	0.01828	0.01219	0.01045	0.00697	0.00348	0.00871	0.00609	0.00697	0.01219
19	0.01834	0.01118	0.01506	0.01668	0.01845	0.01037	0.01192	0.02090	0.02320	0.08748	0.05979	0.48579	0.06817	0.03242	0.01414	0.00451	0.00727	0.07310	0.01083	0.01040
20	0.02657	0.03036	0.06641	0.04744	0.05882	0.02846	0.49336	0.03605	0.02657	0.03605	0.02277	0.03036	0.01708	0.00949	0.01328	0.00380	0.01898	0.01328	0.00569	0.01518
21	0.02126	0.02001	0.03376	0.57739	0.07752	0.02501	0.03126	0.02876	0.02251	0.02876	0.02001	0.03001	0.01500	0.01125	0.01125	0.00375	0.01500	0.01000	0.00500	0.01250
22	0.01637	0.01091	0.01228	0.01228	0.01228	0.01091	0.00682	0.01637	0.01637	0.02182	0.03546	0.07365	0.04092	0.60445	0.05729	0.01091	0.01091	0.01637	0.00682	0.00682
23	0.68395	0.02177	0.01654	0.01480	0.02177	0.02525	0.01219	0.03309	0.01915	0.05050	0.01567	0.01828	0.01219	0.01045	0.00697	0.00348	0.00871	0.00609	0.00697	0.01219
24	0.03586	0.03234	0.02898	0.02432	0.03144	0.14284	0.01925	0.23982	0.16295	0.05144	0.03861	0.03767	0.07403	0.01508	0.01128	0.00343	0.01251	0.01156	0.01006	0.01652
25	0.37355	0.02117	0.02137	0.01870	0.02391	0.02495	0.01525	0.03462	0.06498	0.08304	0.07855	0.03062	0.02653	0.01436	0.01422	0.00380	0.11976	0.00943	0.00812	0.01307
26	0.19858	0.08292	0.03104	0.08100	0.08051	0.02716	0.01968	0.13481	0.03008	0.12557	0.02394	0.02579	0.01756	0.01144	0.00954	0.00322	0.01101	0.00859	0.00841	0.06914

[dist]
# distance from previous block
# <min> <max>
0	11

[block]
# block no. 1 follows, 11 sequences, length 28
# corresponding to MSA columns:
# 517-544
name=unknown_B
#
# <colnr> <probs for GDERKNQSTAVLIFYWHMCP>
#	G	D	E	R	K	N	Q	S	T	A	V	L	I	F	Y	W	H	M	C	P
0	0.15380	0.01764	0.01969	0.01745	0.02193	0.01924	0.01394	0.03055	0.06641	0.10127	0.12516	0.05916	0.17770	0.01977	0.01543	0.00384	0.09973	0.01504	0.00968	0.01256
1	0.07628	0.02045	0.02444	0.06740	0.03143	0.01830	0.01584	0.03640	0.07779	0.11918	0.02641	0.02799	0.01992	0.01040	0.00931	0.00251	0.00921	0.00833	0.00823	0.39017
2	0.02800	0.02418	0.02545	0.02291	0.02927	0.02800	0.01782	0.05981	0.51390	0.04708	0.04581	0.04199	0.03436	0.01527	0.01145	0.00382	0.00891	0.01273	0.01145	0.01782
3	0.02462	0.02462	0.03447	0.02955	0.02955	0.03447	0.02462	0.02709	0.01724	0.02709	0.01477	0.02462	0.01477	0.01970	0.03694	0.00492	0.58385	0.00985	0.00492	0.01231
4	0.02855	0.02506	0.09632	0.16521	0.17696	0.02154	0.02705	0.03551	0.02704	0.14308	0.10601	0.03897	0.03284	0.01328	0.01149	0.00353	0.01208	0.01172	0.00819	0.01556
5	0.01423	0.01144	0.01269	0.01238	0.01577	0.00990	0.00928	0.01795	0.02785	0.03562	0.26063	0.09974	0.37981	0.02656	0.01329	0.00371	0.00556	0.02255	0.01114	0.00990
6	0.68395	0.02177	0.01654	0.01480	0.02177	0.02525	0.01219	0.03309	0.01915	0.05050	0.01567	0.01828	0.01219	0.01045	0.00697	0.00348	0.00871	0.00609	0.00697	0.01219
7	0.03107	0.02440	0.07663	0.15272	0.04459	0.02189	0.09149	0.08516	0.02957	0.17399	0.04285	0.04402	0.10172	0.01468	0.01185	0.00364	0.01249	0.01292	0.00904	0.01527
8	0.03817	0.02452	0.10754	0.02155	0.02996	0.01802	0.01973	0.07782	0.03034	0.32344	0.04267	0.14543	0.03421	0.01759	0.01182	0.00370	0.01032	0.01483	0.01157	0.01677
9	0.01371	0.00979	0.01306	0.01567	0.01632	0.00914	0.01045	0.01567	0.02155	0.02873	0.06203	0.59710	0.07444	0.03526	0.01437	0.00457	0.00653	0.03200	0.01045	0.00914
10	0.01371	0.00979	0.01306	0.01567	0.01632	0.00914	0.01045	0.01567	0.02155	0.02873	0.06203	0.59710	0.07444	0.03526	0.01437	0.00457	0.00653	0.03200	0.01045	0.00914
11	0.02726	0.02333	0.03154	0.28421	0.13567	0.08032	0.02581	0.03344	0.02596	0.08651	0.06705	0.03492	0.02555	0.01250	0.01105	0.00346	0.01321	0.01076	0.05358	0.01387
12	0.60123	0.02036	0.01579	0.01426	0.02069	0.02341	0.01165	0.03223	0.01971	0.04943	0.01830	0.02124	0.01427	0.01078	0.00708	0.00338	0.00827	0.00664	0.08931	0.01198
13	0.03057	0.08887	0.19446	0.03711	0.09838	0.07207	0.14752	0.08660	0.02898	0.07517	0.02283	0.02652	0.01691	0.01083	0.01116	0.00342	0.01581	0.00989	0.00653	0.01637
14	0.01877	0.01018	0.01483	0.01483	0.01508	0.01043	0.00999	0.01553	0.01528	0.02062	0.02261	0.03976	0.02295	0.10631	0.10980	0.51884	0.01244	0.01078	0.00524	0.00574
15	0.02939	0.09413	0.14473	0.11909	0.14516	0.02852	0.10450	0.08489	0.02812	0.08091	0.02308	0.02753	0.01722	0.01091	0.01103	0.00344	0.01459	0.00991	0.00658	0.01628
16	0.08390	0.07996	0.21945	0.13146	0.04553	0.09207	0.02897	0.03836	0.02551	0.11865	0.02317	0.02611	0.01655	0.01136	0.01029	0.00341	0.01463	0.00866	0.00665	0.01530
17	0.04683	0.01834	0.02494	0.01940	0.02747	0.01591	0.01591	0.05128	0.03218	0.48925	0.09581	0.04317	0.03618	0.01490	0.01153	0.00349	0.00912	0.01228	0.01377	0.01825
18	0.01551	0.01149	0.01446	0.01372	0.01656	0.01044	0.01029	0.02042	0.03086	0.04277	0.46185	0.08796	0.17413	0.02389	0.01328	0.00358	0.00537	0.02090	0.01208	0.01044
19	0.02909	0.33746	0.04650	0.21877	0.04625	0.03460	0.02326	0.03417	0.02373	0.08173	0.02024	0.02446	0.01606	0.01066	0.00909	0.00300	0.01284	0.00800	0.00584	0.01425
20	0.02130	0.01487	0.02102	0.01981	0.02319	0.01442	0.04971	0.07239	0.02759	0.07644	0.10450	0.35203	0.06315	0.02761	0.01370	0.00424	0.00855	0.06312	0.01065	0.01172
21	0.01379	0.01078	0.01251	0.01342	0.01584	0.00950	0.00955	0.01660	0.02482	0.03159	0.14528	0.29735	0.29795	0.03047	0.01372	0.00407	0.00598	0.02657	0.01069	0.00950
22	0.01418	0.01013	0.01360	0.01621	0.01707	0.00955	0.01126	0.01648	0.02201	0.02926	0.06178	0.54716	0.07341	0.03482	0.01449	0.00464	0.00694	0.07730	0.01044	0.00927
23	0.15178	0.02533	0.07558	0.06674	0.03728	0.02416	0.12084	0.03810	0.15633	0.04012	0.03354	0.12150	0.02964	0.01561	0.01136	0.00384	0.01176	0.01407	0.00814	0.01428
24	0.10536	0.02022	0.02451	0.12529	0.03593	0.01822	0.01667	0.02901	0.02266	0.03686	0.01946	0.02400	0.01579	0.00917	0.00873	0.00230	0.00968	0.00724	0.00638	0.46250
25	0.02436	0.01989	0.03227	0.41309	0.11658	0.02293	0.02805	0.03103	0.02415	0.08397	0.03103	0.03758	0.06224	0.01293	0.01143	0.00368	0.01343	0.01136	0.00649	0.01352
26	0.09699	0.22655	0.16729	0.02282	0.03312	0.03095	0.02385	0.09036	0.02682	0.03844	0.02334	0.03290	0.02040	0.01271	0.00957	0.00318	0.01243	0.05643	0.00658	0.06528
27	0.24185	0.23246	0.03661	0.02306	0.08137	0.03030	0.01773	0.03528	0.02302	0.09118	0.01977	0.02191	0.01575	0.01026	0.00812	0.00289	0.01046	0.00711	0.00675	0.08414

[dist]
# distance from previous block
# <min> <max>
6	28

[block]
# block no. 2 follows, 11 sequences, length 27
# corresponding to MSA columns:
# 573-599
name=unknown_C
#
# <colnr> <probs for GDERKNQSTAVLIFYWHMCP>
#	G	D	E	R	K	N	Q	S	T	A	V	L	I	F	Y	W	H	M	C	P
0	0.02756	0.03181	0.16794	0.02821	0.03775	0.02386	0.10303	0.04357	0.18185	0.10448	0.03694	0.10061	0.03007	0.01529	0.01189	0.00379	0.01244	0.01376	0.00892	0.01621
1	0.31174	0.02474	0.03242	0.10567	0.13052	0.02713	0.07718	0.09349	0.02608	0.04598	0.01959	0.02420	0.01510	0.01076	0.00962	0.00352	0.01211	0.00873	0.00685	0.01454
2	0.03283	0.42334	0.11030	0.02167	0.03170	0.08042	0.02176	0.03760	0.02492	0.09478	0.02007	0.02155	0.01617	0.01048	0.00840	0.00272	0.01293	0.00708	0.00607	0.01520
3	0.03295	0.01640	0.02120	0.01705	0.02378	0.01397	0.01363	0.03756	0.03014	0.27356	0.18729	0.05522	0.09163	0.01693	0.01158	0.00324	0.00781	0.01427	0.01203	0.11975
4	0.03124	0.04093	0.23382	0.03699	0.10314	0.07070	0.12180	0.07835	0.02888	0.10912	0.02455	0.02756	0.01757	0.01115	0.01134	0.00350	0.01566	0.00997	0.00696	0.01676
5	0.26073	0.02921	0.12196	0.02708	0.09565	0.02444	0.02214	0.09091	0.02764	0.11683	0.06110	0.02933	0.02339	0.01223	0.00979	0.00347	0.01109	0.00930	0.00827	0.01543
6	0.04315	0.01944	0.02503	0.02021	0.02770	0.01814	0.01628	0.08869	0.07296	0.39268	0.04530	0.11039	0.03371	0.01678	0.01172	0.00364	0.00937	0.01403	0.01304	0.01774
7	0.01371	0.00979	0.01306	0.01567	0.01632	0.00914	0.01045	0.01567	0.02155	0.02873	0.06203	0.59710	0.07444	0.03526	0.01437	0.00457	0.00653	0.03200	0.01045	0.00914
8	0.02716	0.02306	0.03661	0.26246	0.24253	0.02534	0.02952	0.03725	0.08851	0.07795	0.02589	0.03145	0.01970	0.01153	0.01124	0.00358	0.01312	0.01048	0.00682	0.01581
9	0.15832	0.01586	0.01856	0.06520	0.02508	0.01787	0.01449	0.02589	0.07099	0.03507	0.04317	0.32348	0.04730	0.02467	0.01407	0.00422	0.05474	0.02089	0.00890	0.01121
10	0.01766	0.01342	0.01659	0.01788	0.02070	0.01342	0.01438	0.02474	0.08247	0.03310	0.06706	0.17046	0.15112	0.07232	0.01761	0.00510	0.00883	0.23225	0.01025	0.01065
11	0.02361	0.02089	0.02701	0.01929	0.02941	0.01615	0.05424	0.02900	0.02361	0.03662	0.02024	0.02394	0.01671	0.00843	0.00876	0.00185	0.00924	0.00723	0.00659	0.61717
12	0.10235	0.02367	0.03087	0.41490	0.06304	0.07478	0.02702	0.03329	0.06280	0.03271	0.02134	0.02869	0.01619	0.01151	0.01066	0.00365	0.01425	0.00950	0.00583	0.01295
13	0.02115	0.01748	0.01783	0.01704	0.01798	0.08433	0.01166	0.02094	0.01821	0.02287	0.02704	0.05034	0.02894	0.29362	0.09280	0.16874	0.06247	0.01264	0.00599	0.00793
14	0.02169	0.01214	0.01549	0.01628	0.01911	0.01166	0.01290	0.02596	0.02485	0.09519	0.05158	0.21214	0.05215	0.02476	0.01245	0.00406	0.00775	0.16165	0.20707	0.01113
15	0.02300	0.01488	0.01937	0.01764	0.02099	0.01525	0.01358	0.02962	0.06994	0.11990	0.28721	0.14498	0.07349	0.02243	0.01539	0.00385	0.06548	0.01896	0.01150	0.01254
16	0.10344	0.01904	0.02367	0.01891	0.02675	0.01763	0.01544	0.04932	0.07233	0.40115	0.04896	0.04391	0.07815	0.01521	0.01113	0.00354	0.00904	0.01223	0.01271	0.01741
17	0.02257	0.05822	0.54613	0.03208	0.04871	0.02614	0.04158	0.03564	0.02376	0.03564	0.02020	0.02376	0.01426	0.01069	0.01069	0.00356	0.01663	0.00832	0.00475	0.01663
18	0.02241	0.02050	0.03098	0.41496	0.06303	0.02364	0.02657	0.03237	0.08095	0.03230	0.02307	0.03028	0.01759	0.01123	0.01077	0.00340	0.01313	0.00975	0.00605	0.12703
19	0.08008	0.01950	0.02413	0.01971	0.02710	0.01873	0.01620	0.08473	0.07386	0.34650	0.04207	0.04439	0.03002	0.01520	0.01114	0.00358	0.00940	0.04906	0.06746	0.01715
20	0.01449	0.01059	0.01363	0.01468	0.01639	0.00973	0.01032	0.01778	0.02578	0.03497	0.23992	0.35736	0.13262	0.03004	0.01385	0.00411	0.00599	0.02685	0.01117	0.00973
21	0.01850	0.01101	0.01476	0.01624	0.01794	0.01011	0.01124	0.02077	0.02294	0.09556	0.05974	0.52435	0.06838	0.03248	0.01397	0.00443	0.00693	0.02930	0.01090	0.01045
22	0.08502	0.04673	0.35745	0.03495	0.04916	0.02673	0.17033	0.03553	0.02415	0.03714	0.02053	0.02518	0.01489	0.01032	0.01110	0.00362	0.01658	0.00956	0.00523	0.01580
23	0.23734	0.01867	0.02227	0.10583	0.03207	0.01950	0.01641	0.03761	0.02652	0.21390	0.12212	0.03930	0.03558	0.01412	0.01031	0.00354	0.00937	0.01117	0.01005	0.01432
24	0.01607	0.01254	0.01921	0.01927	0.02124	0.01195	0.06044	0.01906	0.02208	0.02937	0.05418	0.39648	0.06269	0.10608	0.02003	0.00541	0.00898	0.09580	0.00948	0.00965
25	0.02624	0.02052	0.03185	0.07838	0.12026	0.02072	0.08138	0.07158	0.06608	0.09215	0.14887	0.11104	0.04715	0.01716	0.01236	0.00368	0.01075	0.01580	0.00947	0.01457
26	0.03129	0.02355	0.03986	0.18741	0.25718	0.02407	0.06952	0.03789	0.02643	0.15194	0.02640	0.03106	0.01936	0.01120	0.01140	0.00352	0.01340	0.01061	0.00738	0.01653

[dist]
# distance from previous block
# <min> <max>
1	6

[block]
# block no. 3 follows, 11 sequences, length 41
# corresponding to MSA columns:
# 634-674
name=unknown_D
#
# <colnr> <probs for GDERKNQSTAVLIFYWHMCP>
#	G	D	E	R	K	N	Q	S	T	A	V	L	I	F	Y	W	H	M	C	P
0	0.08419	0.09206	0.08989	0.02931	0.11201	0.02623	0.02256	0.12627	0.03086	0.14568	0.02571	0.02689	0.01875	0.01129	0.00998	0.00306	0.01151	0.00888	0.00846	0.11642
1	0.09320	0.03288	0.02696	0.02371	0.03037	0.20306	0.01841	0.05163	0.22114	0.13260	0.03347	0.03203	0.02462	0.01338	0.01061	0.00342	0.01282	0.01007	0.00964	0.01599
2	0.09026	0.33872	0.04371	0.02071	0.02927	0.12420	0.01851	0.04018	0.02614	0.14136	0.02223	0.02288	0.01720	0.01097	0.00859	0.00281	0.01263	0.00739	0.00715	0.01505
3	0.01558	0.01076	0.01407	0.01486	0.01586	0.01088	0.01010	0.01684	0.01895	0.02541	0.04721	0.22296	0.08763	0.19882	0.15798	0.08242	0.01357	0.01997	0.00783	0.00830
4	0.02035	0.01446	0.01659	0.01585	0.01921	0.01469	0.01186	0.07656	0.08228	0.04230	0.18004	0.19309	0.10311	0.02276	0.01212	0.00366	0.00680	0.01972	0.13270	0.01186
5	0.28713	0.02731	0.03139	0.02493	0.03305	0.07037	0.10449	0.10569	0.07418	0.10227	0.02472	0.02635	0.01807	0.01163	0.00991	0.00351	0.01220	0.00929	0.00843	0.01510
6	0.04459	0.02167	0.03101	0.02328	0.03243	0.01950	0.06874	0.09365	0.03280	0.39329	0.03805	0.03493	0.02478	0.01288	0.01125	0.00334	0.01076	0.01098	0.01209	0.07999
7	0.01472	0.01064	0.01374	0.01536	0.01677	0.00996	0.01089	0.01751	0.02367	0.03157	0.14011	0.38163	0.11518	0.07425	0.01739	0.00487	0.00700	0.07486	0.01049	0.00938
8	0.02435	0.02294	0.03191	0.14734	0.04235	0.06767	0.10071	0.06599	0.08019	0.03574	0.03762	0.15370	0.03664	0.01919	0.01277	0.00404	0.01295	0.08259	0.00821	0.01311
9	0.04545	0.02041	0.02909	0.02260	0.03103	0.01851	0.05329	0.08345	0.03280	0.42705	0.04272	0.04415	0.02943	0.01497	0.01181	0.00364	0.01056	0.04809	0.01281	0.01813
10	0.01529	0.01238	0.01372	0.01370	0.01702	0.01141	0.01013	0.02122	0.07205	0.03477	0.18570	0.17091	0.32669	0.02715	0.01328	0.00386	0.00605	0.02326	0.01095	0.01046
11	0.02334	0.02001	0.02334	0.01667	0.02667	0.01500	0.01334	0.02834	0.02334	0.03668	0.02001	0.02334	0.01667	0.00834	0.00834	0.00167	0.00834	0.00667	0.00667	0.67325
12	0.02425	0.02192	0.03493	0.46737	0.11766	0.02626	0.03050	0.08038	0.02613	0.03414	0.02088	0.02947	0.01573	0.01138	0.01124	0.00367	0.01456	0.01002	0.00574	0.01375
13	0.03335	0.03796	0.03810	0.03473	0.09218	0.25534	0.11213	0.04340	0.11773	0.03455	0.02427	0.02729	0.01918	0.01141	0.01094	0.00318	0.01617	0.00966	0.00686	0.07156
14	0.01748	0.01384	0.01622	0.01711	0.01992	0.01407	0.01266	0.02700	0.13888	0.03392	0.06791	0.32122	0.15123	0.02880	0.01360	0.00431	0.00735	0.07240	0.01068	0.01139
15	0.02517	0.02065	0.03422	0.46100	0.12201	0.02427	0.03001	0.03224	0.02391	0.08575	0.02280	0.03068	0.01672	0.01141	0.01125	0.00368	0.01423	0.01015	0.00604	0.01381
16	0.02412	0.02218	0.02475	0.08566	0.06877	0.07911	0.01960	0.03734	0.18188	0.03605	0.04387	0.16030	0.04248	0.02097	0.01262	0.00409	0.01098	0.10234	0.00929	0.01360
17	0.01692	0.01237	0.01656	0.01877	0.02133	0.01202	0.01585	0.02140	0.02539	0.03265	0.06808	0.17555	0.13605	0.03116	0.01508	0.00491	0.00924	0.34618	0.01039	0.01010
18	0.01608	0.01206	0.01809	0.01809	0.02010	0.01407	0.01407	0.02010	0.01809	0.02613	0.03015	0.04422	0.02814	0.08441	0.55984	0.01809	0.03015	0.01206	0.00603	0.01005
19	0.01450	0.01127	0.01318	0.01308	0.01603	0.00995	0.00967	0.01833	0.02793	0.03668	0.29010	0.15111	0.29411	0.02683	0.01341	0.00377	0.00562	0.02316	0.01130	0.00995
20	0.02652	0.02779	0.03419	0.02949	0.03012	0.09173	0.02431	0.02904	0.01884	0.02714	0.01506	0.02415	0.01474	0.01882	0.03401	0.00470	0.52237	0.00957	0.00502	0.01239
21	0.05050	0.01915	0.02612	0.02003	0.02873	0.01654	0.01654	0.05485	0.03221	0.54203	0.04440	0.03831	0.02786	0.01393	0.01132	0.00348	0.00958	0.01132	0.01393	0.01915
22	0.01649	0.01168	0.01708	0.01708	0.01865	0.01325	0.01281	0.01910	0.01753	0.02494	0.02957	0.04634	0.02860	0.13632	0.44850	0.08885	0.02582	0.01228	0.00599	0.00913
23	0.02657	0.03036	0.06641	0.04744	0.05882	0.02846	0.49336	0.03605	0.02657	0.03605	0.02277	0.03036	0.01708	0.00949	0.01328	0.00380	0.01898	0.01328	0.00569	0.01518
24	0.04426	0.02915	0.03231	0.02477	0.03372	0.03138	0.02046	0.41198	0.04895	0.16127	0.03036	0.02919	0.02081	0.01359	0.01127	0.00340	0.01185	0.01036	0.01177	0.01914
25	0.02120	0.01471	0.02140	0.06153	0.02571	0.01711	0.01612	0.02497	0.01971	0.08244	0.02975	0.04311	0.02685	0.11278	0.35392	0.01329	0.08547	0.01198	0.00677	0.01118
26	0.01499	0.01074	0.01441	0.01625	0.01769	0.01015	0.01187	0.01826	0.02459	0.03321	0.16355	0.40051	0.07965	0.03183	0.01434	0.00446	0.00695	0.10603	0.01086	0.00968
27	0.01867	0.01009	0.01400	0.01400	0.01400	0.01009	0.00895	0.01514	0.01514	0.02018	0.02397	0.04516	0.02548	0.19606	0.04768	0.48884	0.01009	0.01161	0.00542	0.00542
28	0.04204	0.05364	0.03190	0.02900	0.03480	0.55926	0.02175	0.04494	0.03190	0.02755	0.01740	0.02030	0.01450	0.01160	0.01015	0.00290	0.02030	0.00725	0.00580	0.01305
29	0.03088	0.02339	0.06977	0.22226	0.10177	0.02227	0.02537	0.07913	0.02822	0.16775	0.03175	0.09317	0.02549	0.01461	0.01156	0.00368	0.01236	0.01264	0.00855	0.01538
30	0.03686	0.01614	0.02175	0.01771	0.02403	0.01421	0.01421	0.04159	0.03207	0.34598	0.23533	0.05637	0.05877	0.01751	0.01209	0.00351	0.00789	0.01488	0.01332	0.01579
31	0.04711	0.01840	0.02503	0.01945	0.02756	0.01596	0.01596	0.05156	0.03218	0.49330	0.09186	0.04280	0.03554	0.01482	0.01151	0.00349	0.00916	0.01220	0.01378	0.01832
32	0.04279	0.03153	0.03378	0.02590	0.03490	0.03490	0.02139	0.49671	0.05292	0.07093	0.02702	0.02702	0.01914	0.01351	0.01126	0.00338	0.01239	0.01013	0.01126	0.01914
33	0.02515	0.03465	0.21925	0.08787	0.04013	0.02649	0.02915	0.03201	0.02153	0.07815	0.02205	0.03077	0.01829	0.06973	0.02401	0.00472	0.20607	0.01005	0.00589	0.01404
34	0.02126	0.02001	0.03376	0.57739	0.07752	0.02501	0.03126	0.02876	0.02251	0.02876	0.02001	0.03001	0.01500	0.01125	0.01125	0.00375	0.01500	0.01000	0.00500	0.01250
35	0.01939	0.01197	0.01533	0.01447	0.01753	0.01082	0.01076	0.02270	0.02786	0.09231	0.29664	0.12634	0.16639	0.02598	0.01653	0.07681	0.00645	0.01995	0.01118	0.01057
36	0.02818	0.02330	0.07010	0.37442	0.06333	0.02352	0.06669	0.03554	0.02505	0.14206	0.02558	0.03142	0.01793	0.01165	0.01140	0.00368	0.01426	0.01044	0.00699	0.01446
37	0.02782	0.02298	0.03591	0.13971	0.19162	0.02424	0.06910	0.03996	0.13639	0.09213	0.03275	0.08173	0.02695	0.01399	0.01173	0.00369	0.01218	0.01297	0.00815	0.01600
38	0.09396	0.01803	0.02232	0.02007	0.02222	0.02193	0.01555	0.06711	0.02080	0.03216	0.02549	0.04198	0.02520	0.18440	0.17962	0.00975	0.17022	0.01173	0.00653	0.01092
39	0.62185	0.02160	0.01816	0.06752	0.02699	0.02523	0.01398	0.03268	0.01947	0.04846	0.01608	0.01938	0.01245	0.01052	0.00737	0.00351	0.00930	0.00646	0.00678	0.01222
40	0.02631	0.01547	0.01935	0.01758	0.02236	0.01429	0.01365	0.07215	0.02897	0.15410	0.10241	0.21989	0.10564	0.02376	0.01276	0.00384	0.00808	0.06100	0.01120	0.06721

[dist]
# distance from previous block
# <min> <max>
5	65

[block]
# block no. 4 follows, 11 sequences, length 45
# corresponding to MSA columns:
# 756-800
name=unknown_E
#
# <colnr> <probs for GDERKNQSTAVLIFYWHMCP>
#	G	D	E	R	K	N	Q	S	T	A	V	L	I	F	Y	W	H	M	C	P
0	0.09645	0.18719	0.15196	0.02864	0.08812	0.07885	0.02523	0.08147	0.02786	0.10298	0.02220	0.02406	0.01673	0.01109	0.00956	0.00314	0.01334	0.00815	0.00697	0.01600
1	0.03436	0.02661	0.03051	0.22247	0.04743	0.12043	0.02353	0.04193	0.07135	0.17839	0.02851	0.03131	0.02037	0.01313	0.01315	0.00362	0.05948	0.01012	0.00831	0.01499
2	0.15291	0.13022	0.07287	0.07493	0.08151	0.02525	0.02081	0.03848	0.02592	0.18327	0.06639	0.03173	0.02564	0.01237	0.00986	0.00331	0.01094	0.00965	0.00854	0.01541
3	0.02439	0.02249	0.08165	0.11990	0.08269	0.01911	0.02129	0.06601	0.02784	0.07166	0.15460	0.04303	0.04073	0.01664	0.01430	0.06387	0.01060	0.01216	0.00824	0.09879
4	0.03246	0.02259	0.02581	0.12713	0.03666	0.07770	0.01942	0.08013	0.06808	0.17572	0.04437	0.09047	0.07596	0.01772	0.01198	0.00375	0.01146	0.05388	0.01001	0.01470
5	0.02470	0.01834	0.01889	0.01835	0.02175	0.08286	0.01366	0.02755	0.02438	0.10352	0.04529	0.22322	0.04783	0.12953	0.02090	0.00523	0.01034	0.09339	0.00940	0.06086
6	0.03243	0.02107	0.02698	0.02512	0.08215	0.01968	0.01825	0.12038	0.03212	0.16023	0.07298	0.04626	0.03325	0.01489	0.01120	0.00319	0.00993	0.06835	0.01002	0.19152
7	0.02928	0.03137	0.10356	0.08595	0.16936	0.11838	0.02580	0.03513	0.02669	0.09826	0.03609	0.08880	0.07267	0.01519	0.01144	0.00351	0.01336	0.01284	0.00746	0.01486
8	0.02151	0.01340	0.01741	0.01523	0.01945	0.01188	0.01172	0.02666	0.03108	0.11420	0.41100	0.07175	0.08651	0.02031	0.01252	0.00335	0.00620	0.01776	0.01205	0.07601
9	0.02347	0.02280	0.03536	0.27758	0.10529	0.02943	0.02865	0.02863	0.02049	0.02887	0.01779	0.02737	0.01521	0.01490	0.02273	0.00423	0.26924	0.00994	0.00503	0.01299
10	0.01635	0.01961	0.11044	0.01736	0.02229	0.01299	0.01593	0.02207	0.02751	0.03820	0.28844	0.17983	0.13796	0.02396	0.01303	0.00379	0.00766	0.02096	0.01036	0.01127
11	0.01559	0.01149	0.01457	0.01380	0.01661	0.01048	0.01035	0.02058	0.03106	0.04323	0.47465	0.08721	0.16103	0.02372	0.01328	0.00357	0.00536	0.02080	0.01214	0.01048
12	0.02991	0.02513	0.02653	0.02329	0.03000	0.02889	0.01828	0.11638	0.45421	0.05017	0.04338	0.04005	0.03239	0.01504	0.01143	0.00376	0.00936	0.01239	0.01143	0.01799
13	0.03790	0.07651	0.06612	0.01952	0.02795	0.01871	0.01734	0.04306	0.02983	0.32167	0.12337	0.04206	0.03844	0.01438	0.01096	0.00323	0.00947	0.01177	0.01145	0.07623
14	0.02520	0.05454	0.49721	0.03095	0.04683	0.02524	0.03923	0.03745	0.02456	0.08328	0.02248	0.02513	0.01554	0.01100	0.01075	0.00356	0.01597	0.00860	0.00562	0.01687
15	0.02507	0.24145	0.38472	0.02783	0.04214	0.03223	0.03419	0.03500	0.02347	0.03261	0.01869	0.02187	0.01432	0.01034	0.00954	0.00318	0.01511	0.00756	0.00477	0.01591
16	0.03876	0.01640	0.02219	0.01828	0.02472	0.01439	0.01456	0.04299	0.03076	0.37527	0.14436	0.11990	0.04970	0.01853	0.01211	0.00364	0.00832	0.01582	0.01317	0.01614
17	0.04231	0.10156	0.06780	0.02663	0.08025	0.02542	0.02124	0.13651	0.03392	0.29978	0.03340	0.03148	0.02253	0.01270	0.01072	0.00331	0.01128	0.01008	0.01081	0.01825
18	0.03525	0.02553	0.07920	0.07793	0.08947	0.02297	0.02260	0.11346	0.09439	0.20865	0.03646	0.08466	0.02804	0.01501	0.01152	0.00363	0.01123	0.01265	0.01028	0.01708
19	0.43093	0.02554	0.02250	0.09044	0.03195	0.08288	0.01674	0.07186	0.02460	0.08380	0.01947	0.02221	0.01453	0.01118	0.00853	0.00345	0.01113	0.00744	0.00745	0.01339
20	0.03403	0.02177	0.02918	0.20580	0.04516	0.02367	0.02201	0.13553	0.07697	0.18394	0.07663	0.03769	0.02947	0.01390	0.01147	0.00359	0.01151	0.01158	0.01005	0.01605
21	0.01597	0.01143	0.01496	0.01496	0.01652	0.01202	0.01065	0.01789	0.01859	0.02506	0.04509	0.06298	0.11630	0.22480	0.27739	0.06606	0.01869	0.01513	0.00692	0.00859
22	0.09829	0.19004	0.04018	0.07115	0.08068	0.03511	0.02189	0.24387	0.03640	0.05014	0.02167	0.02400	0.01671	0.01164	0.00971	0.00315	0.01223	0.00858	0.00804	0.01651
23	0.01912	0.01517	0.01742	0.01592	0.02099	0.01367	0.01282	0.06418	0.02834	0.03734	0.11613	0.08671	0.25024	0.02341	0.01266	0.00363	0.00774	0.11018	0.00998	0.13434
24	0.03098	0.11442	0.12710	0.02593	0.03523	0.03069	0.05972	0.18936	0.12158	0.04675	0.02808	0.03255	0.02226	0.06806	0.01511	0.00410	0.01284	0.01054	0.00838	0.01633
25	0.02716	0.45567	0.09818	0.01949	0.02842	0.03685	0.01972	0.03166	0.02289	0.02879	0.02197	0.07323	0.02102	0.01234	0.00826	0.00273	0.01145	0.00896	0.05733	0.01386
26	0.01564	0.01128	0.01479	0.01436	0.01675	0.01043	0.01060	0.02052	0.03052	0.04301	0.46792	0.15050	0.10209	0.02460	0.01342	0.00367	0.00547	0.02186	0.01214	0.01043
27	0.01544	0.01113	0.01461	0.01449	0.01671	0.01029	0.01058	0.02001	0.02959	0.04152	0.42562	0.19705	0.09921	0.02571	0.01352	0.00377	0.00558	0.02292	0.01196	0.01029
28	0.01371	0.00979	0.01306	0.01567	0.01632	0.00914	0.01045	0.01567	0.02155	0.02873	0.06203	0.59710	0.07444	0.03526	0.01437	0.00457	0.00653	0.03200	0.01045	0.00914
29	0.02334	0.02001	0.02334	0.01667	0.02667	0.01500	0.01334	0.02834	0.02334	0.03668	0.02001	0.02334	0.01667	0.00834	0.00834	0.00167	0.00834	0.00667	0.00667	0.67325
30	0.01395	0.00998	0.01327	0.01551	0.01638	0.00930	0.01047	0.01627	0.02266	0.03050	0.11229	0.54181	0.07786	0.03394	0.01425	0.00446	0.00640	0.03074	0.01066	0.00930
31	0.02334	0.02001	0.02334	0.01667	0.02667	0.01500	0.01334	0.02834	0.02334	0.03668	0.02001	0.02334	0.01667	0.00834	0.00834	0.00167	0.00834	0.00667	0.00667	0.67325
32	0.68395	0.02177	0.01654	0.01480	0.02177	0.02525	0.01219	0.03309	0.01915	0.05050	0.01567	0.01828	0.01219	0.01045	0.00697	0.00348	0.00871	0.00609	0.00697	0.01219
33	0.03179	0.02607	0.02699	0.02269	0.02756	0.07556	0.01804	0.20239	0.07936	0.04713	0.02807	0.03417	0.02298	0.06820	0.01955	0.00422	0.11790	0.01069	0.12205	0.01458
34	0.03228	0.03413	0.16001	0.12417	0.09223	0.02782	0.07426	0.17443	0.03363	0.09978	0.02515	0.02835	0.01791	0.01180	0.01131	0.00353	0.01426	0.01010	0.00789	0.01694
35	0.01552	0.01149	0.01447	0.01373	0.01656	0.01044	0.01030	0.02044	0.03089	0.04283	0.46346	0.08787	0.17247	0.02387	0.01328	0.00358	0.00537	0.02089	0.01209	0.01044
36	0.01783	0.01939	0.07050	0.09100	0.03123	0.01627	0.05227	0.02555	0.06988	0.03392	0.11590	0.11519	0.25330	0.02197	0.01270	0.00381	0.00925	0.01906	0.00913	0.01183
37	0.01554	0.01155	0.01695	0.01754	0.01924	0.01295	0.01325	0.01910	0.01887	0.02672	0.03737	0.16937	0.03862	0.07329	0.43637	0.01503	0.02480	0.01657	0.00703	0.00984
38	0.02510	0.02105	0.02428	0.01751	0.02742	0.01681	0.01407	0.07074	0.02602	0.03978	0.02064	0.02367	0.01689	0.00880	0.00860	0.00182	0.00870	0.00698	0.00708	0.61403
39	0.02917	0.03626	0.19877	0.07348	0.04667	0.02697	0.14181	0.09082	0.11144	0.08860	0.02816	0.03065	0.02021	0.01183	0.01161	0.00365	0.01465	0.01087	0.00770	0.01668
40	0.03231	0.03472	0.03119	0.07710	0.03486	0.23881	0.02219	0.07549	0.02647	0.03058	0.01791	0.02465	0.01560	0.01726	0.02243	0.07583	0.19546	0.00885	0.00585	0.01244
41	0.08384	0.02410	0.12082	0.02050	0.02827	0.01704	0.01947	0.03730	0.02802	0.22914	0.12799	0.10009	0.04535	0.01797	0.01181	0.00374	0.00987	0.04897	0.01074	0.01496
42	0.14374	0.02353	0.02962	0.02735	0.07638	0.02511	0.06117	0.04982	0.24297	0.14702	0.03609	0.03488	0.02620	0.01318	0.01080	0.00365	0.01033	0.01112	0.01014	0.01690
43	0.17872	0.12180	0.03415	0.02560	0.07486	0.02601	0.06345	0.04022	0.07845	0.15150	0.07296	0.03323	0.02794	0.01261	0.01002	0.00336	0.01059	0.01030	0.00887	0.01537
44	0.02146	0.07784	0.18338	0.03107	0.08968	0.02231	0.10556	0.02902	0.02523	0.03445	0.08632	0.09669	0.11613	0.01669	0.01192	0.00362	0.01252	0.01503	0.00718	0.01390

[dist]
# distance from previous block
# <min> <max>
32	179

# created by:
# /st0/software/busco_prod/Augustus/scripts/msa2prfl.pl ./align_prep/3994.fa
