[name]
unknown

[dist]
# distance from previous block
# <min> <max>
3	104

[block]
# block no. 0 follows, 10 sequences, length 24
# corresponding to MSA columns:
# 119-142
name=unknown_A
#
# <colnr> <probs for GDERKNQSTAVLIFYWHMCP>
#	G	D	E	R	K	N	Q	S	T	A	V	L	I	F	Y	W	H	M	C	P
0	0.03205	0.01903	0.02347	0.01866	0.02576	0.01727	0.01471	0.08647	0.03008	0.17878	0.09042	0.04387	0.03561	0.08086	0.06368	0.00521	0.01138	0.01192	0.01023	0.20056
1	0.10784	0.02782	0.08811	0.02345	0.03408	0.02204	0.06372	0.08691	0.02853	0.09685	0.02403	0.02638	0.01798	0.01053	0.00991	0.00280	0.01136	0.00863	0.00797	0.30106
2	0.03331	0.09359	0.09242	0.02698	0.03376	0.17148	0.02373	0.12377	0.03244	0.04033	0.07907	0.03134	0.02735	0.01511	0.01625	0.00361	0.12285	0.01024	0.00753	0.01486
3	0.53379	0.08260	0.02285	0.01641	0.02410	0.02714	0.01389	0.03687	0.02176	0.10475	0.01964	0.02127	0.01472	0.01113	0.00775	0.00348	0.00946	0.00692	0.00780	0.01368
4	0.01417	0.01012	0.01350	0.01619	0.01687	0.00945	0.01080	0.01619	0.02227	0.02969	0.06410	0.58367	0.07692	0.03644	0.01484	0.00472	0.00675	0.03306	0.01080	0.00945
5	0.20610	0.03193	0.14022	0.08838	0.03960	0.02607	0.02443	0.11656	0.03024	0.15139	0.02619	0.02763	0.01815	0.01227	0.01033	0.00363	0.01248	0.00918	0.00875	0.01646
6	0.02168	0.01084	0.01084	0.01084	0.01355	0.01084	0.00813	0.02710	0.02439	0.04336	0.03794	0.04336	0.02981	0.01355	0.00813	0.00271	0.00542	0.01084	0.65583	0.01084
7	0.03154	0.30422	0.14536	0.03360	0.13857	0.03503	0.02744	0.03794	0.02554	0.08952	0.02176	0.02441	0.01725	0.01077	0.00952	0.00306	0.01336	0.00820	0.00623	0.01668
8	0.02586	0.02465	0.04193	0.28204	0.33088	0.02687	0.03424	0.03313	0.02510	0.03445	0.02136	0.02974	0.01717	0.01090	0.01156	0.00363	0.01454	0.01035	0.00550	0.01607
9	0.02763	0.17178	0.38419	0.02917	0.04406	0.03018	0.03566	0.03822	0.02516	0.07960	0.02215	0.02467	0.01606	0.01112	0.01034	0.00342	0.01550	0.00837	0.00579	0.01694
10	0.67341	0.02249	0.01709	0.01529	0.02249	0.02609	0.01260	0.03419	0.01979	0.05218	0.01619	0.01889	0.01260	0.01080	0.00720	0.00360	0.00900	0.00630	0.00720	0.01260
11	0.02627	0.01282	0.01772	0.01630	0.01857	0.01246	0.01156	0.02556	0.02004	0.13563	0.03083	0.04628	0.02794	0.15822	0.10090	0.29670	0.01284	0.01220	0.00773	0.00944
12	0.01650	0.01140	0.01289	0.01279	0.01355	0.01107	0.00768	0.01744	0.01977	0.02621	0.09798	0.08145	0.10446	0.46409	0.04896	0.00959	0.01002	0.01825	0.00811	0.00780
13	0.01543	0.01185	0.01412	0.01355	0.01674	0.01054	0.01016	0.01995	0.03049	0.04086	0.36269	0.09639	0.26323	0.02593	0.01373	0.00376	0.00564	0.02237	0.01204	0.01054
14	0.11212	0.02476	0.02802	0.02205	0.03023	0.02569	0.01807	0.23635	0.04119	0.21767	0.09087	0.03788	0.03279	0.01494	0.01142	0.00356	0.01055	0.01169	0.01220	0.01794
15	0.39631	0.03137	0.02456	0.02096	0.02845	0.12926	0.01685	0.14619	0.03093	0.05277	0.01943	0.02152	0.01483	0.01181	0.00893	0.00346	0.01226	0.00756	0.00805	0.01453
16	0.01749	0.01107	0.01311	0.01311	0.01311	0.01107	0.00758	0.01661	0.01661	0.02214	0.03379	0.06902	0.03844	0.49549	0.05681	0.12434	0.01107	0.01573	0.00670	0.00670
17	0.02333	0.06016	0.53100	0.03315	0.05034	0.02701	0.04297	0.03683	0.02455	0.03683	0.02087	0.02455	0.01473	0.01105	0.01105	0.00368	0.01719	0.00859	0.00491	0.01719
18	0.03181	0.02398	0.02789	0.15550	0.04123	0.08472	0.02127	0.04294	0.12747	0.14506	0.03378	0.03724	0.02536	0.02787	0.11519	0.00660	0.01659	0.01132	0.00898	0.01522
19	0.03349	0.02796	0.04648	0.03379	0.04436	0.02645	0.21972	0.13760	0.03357	0.10439	0.02660	0.03003	0.01938	0.01104	0.01191	0.00331	0.01455	0.01128	0.00842	0.15568
20	0.67341	0.02249	0.01709	0.01529	0.02249	0.02609	0.01260	0.03419	0.01979	0.05218	0.01619	0.01889	0.01260	0.01080	0.00720	0.00360	0.00900	0.00630	0.00720	0.01260
21	0.02681	0.03662	0.16456	0.04052	0.05250	0.02878	0.28984	0.04193	0.11814	0.03937	0.02756	0.03217	0.02046	0.01125	0.01276	0.00387	0.01704	0.01246	0.00682	0.01655
22	0.01819	0.01142	0.01713	0.01713	0.01830	0.01258	0.01258	0.01830	0.01713	0.02401	0.02633	0.04114	0.02517	0.06662	0.32521	0.30169	0.02189	0.01142	0.00571	0.00804
23	0.03597	0.01809	0.02349	0.02005	0.02632	0.01707	0.01649	0.09102	0.03442	0.26041	0.16162	0.06765	0.05506	0.02010	0.01303	0.00394	0.00931	0.09713	0.01297	0.01586

[dist]
# distance from previous block
# <min> <max>
2	7

[block]
# block no. 1 follows, 10 sequences, length 24
# corresponding to MSA columns:
# 150-173
name=unknown_B
#
# <colnr> <probs for GDERKNQSTAVLIFYWHMCP>
#	G	D	E	R	K	N	Q	S	T	A	V	L	I	F	Y	W	H	M	C	P
0	0.45321	0.09322	0.02595	0.01896	0.02649	0.10303	0.01570	0.07705	0.02531	0.04795	0.01753	0.01999	0.01386	0.01116	0.00810	0.00338	0.01144	0.00684	0.00718	0.01365
1	0.43795	0.02437	0.02698	0.09805	0.03620	0.02763	0.06284	0.08937	0.02539	0.05013	0.01902	0.02299	0.01441	0.01121	0.00903	0.00366	0.01145	0.00813	0.00733	0.01384
2	0.01682	0.01255	0.01660	0.01742	0.01910	0.01346	0.01249	0.02227	0.06399	0.02950	0.04628	0.26075	0.05012	0.12346	0.22705	0.01092	0.01706	0.02118	0.00864	0.01034
3	0.01585	0.01186	0.01470	0.01399	0.01700	0.01071	0.01049	0.02077	0.03148	0.04323	0.42405	0.09250	0.20040	0.02505	0.01372	0.00372	0.00558	0.02182	0.01235	0.01071
4	0.02412	0.02067	0.02412	0.01723	0.02756	0.01550	0.01378	0.02929	0.02412	0.03790	0.02067	0.02412	0.01723	0.00861	0.00861	0.00172	0.00861	0.00689	0.00689	0.66236
5	0.01417	0.01012	0.01350	0.01619	0.01687	0.00945	0.01080	0.01619	0.02227	0.02969	0.06410	0.58367	0.07692	0.03644	0.01484	0.00472	0.00675	0.03306	0.01080	0.00945
6	0.04421	0.03258	0.03490	0.02676	0.03607	0.03607	0.02211	0.47993	0.05468	0.07330	0.02792	0.02792	0.01978	0.01396	0.01163	0.00349	0.01280	0.01047	0.01163	0.01978
7	0.02280	0.02182	0.03506	0.43525	0.06819	0.02819	0.03065	0.02930	0.02195	0.02930	0.01937	0.02967	0.01545	0.01373	0.01801	0.00417	0.14877	0.01030	0.00515	0.01287
8	0.05218	0.01979	0.02699	0.02069	0.02969	0.01709	0.01709	0.05668	0.03329	0.52677	0.04588	0.03959	0.02879	0.01439	0.01170	0.00360	0.00990	0.01170	0.01439	0.01979
9	0.01491	0.01305	0.01507	0.09025	0.02487	0.01210	0.01217	0.01854	0.02605	0.03118	0.10400	0.10042	0.44307	0.02692	0.01344	0.00392	0.00726	0.02252	0.01000	0.01026
10	0.02168	0.01084	0.01084	0.01084	0.01355	0.01084	0.00813	0.02710	0.02439	0.04336	0.03794	0.04336	0.02981	0.01355	0.00813	0.00271	0.00542	0.01084	0.65583	0.01084
11	0.02168	0.01084	0.01084	0.01084	0.01355	0.01084	0.00813	0.02710	0.02439	0.04336	0.03794	0.04336	0.02981	0.01355	0.00813	0.00271	0.00542	0.01084	0.65583	0.01084
12	0.02070	0.01865	0.03043	0.43687	0.06565	0.02241	0.02739	0.02793	0.02548	0.03362	0.13403	0.04388	0.03722	0.01443	0.01211	0.00383	0.01320	0.01280	0.00693	0.01247
13	0.02674	0.02059	0.02439	0.01755	0.02776	0.01565	0.01409	0.03184	0.02497	0.08354	0.02303	0.02556	0.01831	0.00915	0.00890	0.00190	0.00873	0.00734	0.00759	0.60236
14	0.02168	0.01084	0.01084	0.01084	0.01355	0.01084	0.00813	0.02710	0.02439	0.04336	0.03794	0.04336	0.02981	0.01355	0.00813	0.00271	0.00542	0.01084	0.65583	0.01084
15	0.01990	0.01163	0.01532	0.01642	0.01820	0.01075	0.01125	0.02204	0.02321	0.09957	0.05829	0.44670	0.06601	0.09841	0.01960	0.00533	0.00773	0.02813	0.01087	0.01064
16	0.10894	0.02382	0.02641	0.01987	0.02940	0.02220	0.01618	0.14835	0.03256	0.10950	0.02514	0.02640	0.01878	0.01096	0.00960	0.00263	0.00989	0.00833	0.00907	0.34199
17	0.18550	0.07145	0.03035	0.02141	0.03051	0.02990	0.01785	0.24032	0.03728	0.05687	0.02265	0.02424	0.01715	0.01171	0.00960	0.00304	0.01094	0.00836	0.00902	0.16183
18	0.24855	0.03955	0.23051	0.03177	0.10585	0.02781	0.02920	0.08588	0.02661	0.04637	0.02021	0.02360	0.01510	0.01119	0.00987	0.00360	0.01341	0.00827	0.00657	0.01609
19	0.02497	0.13870	0.02691	0.01804	0.02299	0.02079	0.01435	0.03166	0.08384	0.10248	0.05553	0.26338	0.10301	0.02427	0.01232	0.00390	0.00861	0.02083	0.01020	0.01324
20	0.02927	0.09068	0.03012	0.02053	0.02901	0.02505	0.01675	0.14156	0.09023	0.04564	0.03013	0.09008	0.02660	0.01410	0.01032	0.00286	0.00994	0.01142	0.00887	0.27685
21	0.03060	0.16956	0.03817	0.17236	0.04413	0.02891	0.02190	0.08968	0.02847	0.08608	0.02294	0.02667	0.01763	0.01104	0.00985	0.00293	0.01217	0.00861	0.00726	0.17107
22	0.17418	0.23973	0.03421	0.01757	0.02487	0.02826	0.01518	0.02960	0.02252	0.03532	0.02766	0.14631	0.02867	0.01587	0.00924	0.00312	0.00975	0.01237	0.00710	0.11848
23	0.02482	0.02633	0.09821	0.02689	0.08572	0.01959	0.02148	0.07075	0.02740	0.03989	0.03036	0.08987	0.02865	0.01501	0.01102	0.00307	0.01088	0.06118	0.00773	0.30114

[dist]
# distance from previous block
# <min> <max>
3	21

[block]
# block no. 2 follows, 10 sequences, length 14
# corresponding to MSA columns:
# 274-287
name=unknown_C
#
# <colnr> <probs for GDERKNQSTAVLIFYWHMCP>
#	G	D	E	R	K	N	Q	S	T	A	V	L	I	F	Y	W	H	M	C	P
0	0.03139	0.03621	0.07312	0.02369	0.03136	0.20970	0.01983	0.07855	0.03222	0.03969	0.12524	0.03676	0.03614	0.01381	0.01090	0.00295	0.01363	0.01063	0.00810	0.16608
1	0.14286	0.02916	0.09205	0.02297	0.03222	0.02591	0.02087	0.19605	0.03747	0.17997	0.07727	0.03482	0.02911	0.01415	0.01106	0.00358	0.01128	0.01090	0.01088	0.01742
2	0.18531	0.09723	0.02876	0.02058	0.02826	0.02795	0.01696	0.05076	0.22552	0.14862	0.03570	0.03365	0.02605	0.01356	0.01015	0.00360	0.00972	0.01034	0.01041	0.01689
3	0.11327	0.02274	0.09389	0.01843	0.02553	0.01710	0.01661	0.03482	0.02549	0.19232	0.05003	0.05618	0.11935	0.13922	0.02153	0.00531	0.01039	0.01409	0.00983	0.01388
4	0.08890	0.03938	0.23562	0.08106	0.18591	0.02727	0.03389	0.03893	0.08559	0.03967	0.02411	0.02817	0.01835	0.01147	0.01096	0.00366	0.01424	0.00961	0.00630	0.01695
5	0.03251	0.21167	0.03935	0.02100	0.03090	0.03167	0.01831	0.16851	0.03328	0.04528	0.02142	0.02351	0.01726	0.01068	0.00916	0.00251	0.01113	0.00776	0.00772	0.25637
6	0.01567	0.01128	0.01484	0.01517	0.01720	0.01044	0.01091	0.01995	0.02923	0.04077	0.35721	0.25898	0.09837	0.02816	0.01411	0.00403	0.00592	0.02520	0.01211	0.01044
7	0.03087	0.01759	0.02514	0.19089	0.04155	0.01773	0.01957	0.03617	0.02862	0.21596	0.09893	0.05691	0.13589	0.01764	0.01231	0.00376	0.01040	0.01492	0.01054	0.01462
8	0.03410	0.01583	0.02094	0.01742	0.02339	0.01394	0.01385	0.03887	0.03254	0.28556	0.24450	0.06540	0.10460	0.01958	0.01271	0.00365	0.00773	0.01667	0.01342	0.01529
9	0.02095	0.01571	0.01806	0.01699	0.02077	0.01554	0.01274	0.11637	0.03253	0.04304	0.16584	0.23881	0.18327	0.02716	0.01364	0.00403	0.00755	0.02351	0.01140	0.01207
10	0.04405	0.03745	0.03449	0.02744	0.03604	0.14443	0.02218	0.38756	0.05005	0.06374	0.02580	0.02644	0.01876	0.01354	0.01139	0.00339	0.01454	0.00984	0.01043	0.01844
11	0.02027	0.01949	0.08192	0.01738	0.02230	0.01496	0.01525	0.06779	0.02879	0.04124	0.14161	0.18371	0.11896	0.02274	0.01225	0.00373	0.00805	0.01952	0.14795	0.01209
12	0.22191	0.19384	0.04349	0.02611	0.03506	0.09870	0.11517	0.03835	0.02527	0.07554	0.02028	0.02335	0.01590	0.01077	0.00944	0.00327	0.01386	0.00843	0.00668	0.01459
13	0.02818	0.01275	0.01428	0.01294	0.01699	0.01217	0.01004	0.03340	0.02629	0.14637	0.03963	0.04256	0.02959	0.01373	0.00889	0.00290	0.00637	0.01102	0.51914	0.01275

[dist]
# distance from previous block
# <min> <max>
3	38

[block]
# block no. 3 follows, 10 sequences, length 8
# corresponding to MSA columns:
# 326-333
name=unknown_D
#
# <colnr> <probs for GDERKNQSTAVLIFYWHMCP>
#	G	D	E	R	K	N	Q	S	T	A	V	L	I	F	Y	W	H	M	C	P
0	0.02782	0.09107	0.03227	0.15869	0.04185	0.02763	0.02133	0.11826	0.13179	0.04233	0.03300	0.10428	0.02886	0.01576	0.01132	0.00356	0.01146	0.01317	0.00869	0.07685
1	0.03570	0.15347	0.04664	0.09309	0.04442	0.03580	0.10497	0.24998	0.03930	0.05165	0.02372	0.02691	0.01783	0.01206	0.01111	0.00340	0.01427	0.01012	0.00838	0.01717
2	0.13391	0.02823	0.08789	0.02056	0.02695	0.08958	0.01805	0.08261	0.02891	0.04171	0.12008	0.04923	0.08036	0.07698	0.06157	0.00558	0.01333	0.01307	0.00850	0.01292
3	0.13420	0.02564	0.03046	0.12577	0.08233	0.09222	0.06399	0.03539	0.08686	0.03724	0.03231	0.14183	0.03057	0.01686	0.01161	0.00386	0.01277	0.01461	0.00776	0.01371
4	0.15379	0.12509	0.09891	0.02200	0.03215	0.02856	0.02075	0.12897	0.03119	0.13421	0.02516	0.02587	0.01827	0.01170	0.00966	0.00316	0.01155	0.00849	0.00869	0.10184
5	0.11097	0.01863	0.02448	0.02219	0.02742	0.01918	0.05900	0.03655	0.12161	0.10400	0.04769	0.19891	0.04633	0.02268	0.01290	0.00430	0.00985	0.08893	0.01053	0.01386
6	0.02748	0.02426	0.03577	0.14239	0.10698	0.02730	0.06731	0.11147	0.07556	0.04355	0.10645	0.04000	0.03447	0.01527	0.01567	0.00389	0.08586	0.01272	0.00834	0.01528
7	0.02168	0.01084	0.01084	0.01084	0.01355	0.01084	0.00813	0.02710	0.02439	0.04336	0.03794	0.04336	0.02981	0.01355	0.00813	0.00271	0.00542	0.01084	0.65583	0.01084

[dist]
# distance from previous block
# <min> <max>
0	2

[block]
# block no. 4 follows, 10 sequences, length 17
# corresponding to MSA columns:
# 336-352
name=unknown_E
#
# <colnr> <probs for GDERKNQSTAVLIFYWHMCP>
#	G	D	E	R	K	N	Q	S	T	A	V	L	I	F	Y	W	H	M	C	P
0	0.08574	0.02530	0.07300	0.02002	0.03039	0.01938	0.01777	0.07059	0.02802	0.14218	0.02605	0.02719	0.01917	0.01063	0.00959	0.00259	0.01004	0.00826	0.00863	0.36545
1	0.29503	0.02297	0.02441	0.01957	0.02791	0.02377	0.01615	0.11779	0.03152	0.26530	0.03125	0.02953	0.02094	0.01291	0.00992	0.00358	0.01002	0.00937	0.01111	0.01696
2	0.44533	0.11310	0.02750	0.01836	0.02641	0.03121	0.01567	0.12590	0.02755	0.05271	0.01860	0.02071	0.01443	0.01132	0.00815	0.00341	0.01031	0.00714	0.00777	0.01443
3	0.03629	0.02758	0.03033	0.02475	0.03226	0.03094	0.02004	0.31196	0.14630	0.06022	0.03273	0.03427	0.02478	0.02647	0.09985	0.00610	0.01504	0.01139	0.01079	0.01792
4	0.01657	0.01113	0.01279	0.01313	0.01321	0.01105	0.00752	0.01682	0.01759	0.02345	0.04010	0.13994	0.04664	0.52149	0.05362	0.01045	0.01071	0.01894	0.00752	0.00735
5	0.02169	0.01267	0.01683	0.01610	0.01926	0.01153	0.01193	0.02598	0.02983	0.12096	0.30257	0.22626	0.08664	0.02598	0.01372	0.00396	0.00659	0.02305	0.01247	0.01198
6	0.03275	0.02744	0.04303	0.03307	0.04215	0.02830	0.18991	0.09161	0.22143	0.10685	0.03641	0.03695	0.02649	0.01320	0.01251	0.00385	0.01352	0.01293	0.00991	0.01769
7	0.57075	0.02205	0.01873	0.01619	0.02368	0.02460	0.01334	0.03791	0.02202	0.13061	0.02110	0.02231	0.01527	0.01139	0.00794	0.00360	0.00915	0.00719	0.00839	0.01379
8	0.01686	0.01149	0.01376	0.01376	0.01413	0.01186	0.00838	0.01760	0.01723	0.02335	0.03566	0.07068	0.03992	0.50126	0.14597	0.01260	0.01482	0.01612	0.00690	0.00764
9	0.03490	0.03459	0.11409	0.03100	0.08843	0.08363	0.02495	0.20489	0.03749	0.08690	0.03203	0.11421	0.02787	0.01640	0.01190	0.00366	0.01336	0.01344	0.00934	0.01690
10	0.02435	0.03589	0.19138	0.15155	0.05221	0.02988	0.10284	0.03251	0.02257	0.03251	0.01946	0.02733	0.01553	0.01395	0.02025	0.00421	0.19355	0.01029	0.00518	0.01459
11	0.04315	0.11091	0.03283	0.02134	0.02988	0.02536	0.01804	0.14967	0.03683	0.29016	0.08811	0.03878	0.03338	0.01464	0.01125	0.00341	0.01049	0.01159	0.01212	0.01808
12	0.02938	0.03033	0.10190	0.02191	0.02866	0.13201	0.01952	0.03541	0.03168	0.12045	0.24961	0.05480	0.06063	0.01764	0.01225	0.00351	0.01146	0.01456	0.01033	0.01396
13	0.02484	0.03055	0.12466	0.26937	0.19905	0.02700	0.09090	0.03356	0.02493	0.03422	0.02141	0.02935	0.01649	0.01094	0.01176	0.00373	0.01581	0.01048	0.00538	0.01556
14	0.03572	0.01615	0.02172	0.01790	0.02402	0.01427	0.01427	0.04068	0.03312	0.30555	0.26091	0.06137	0.06609	0.01872	0.01263	0.00363	0.00786	0.01600	0.01366	0.01573
15	0.03201	0.03599	0.02995	0.02609	0.03096	0.26877	0.06699	0.03815	0.07899	0.02986	0.02752	0.04138	0.02586	0.18845	0.02581	0.00572	0.01657	0.01167	0.00695	0.01231
16	0.10315	0.02547	0.02701	0.02156	0.03017	0.02635	0.01733	0.16635	0.16863	0.05257	0.02990	0.03016	0.02270	0.01243	0.01024	0.00307	0.01001	0.00964	0.00969	0.22359

[dist]
# distance from previous block
# <min> <max>
1	7

[block]
# block no. 5 follows, 10 sequences, length 35
# corresponding to MSA columns:
# 360-394
name=unknown_F
#
# <colnr> <probs for GDERKNQSTAVLIFYWHMCP>
#	G	D	E	R	K	N	Q	S	T	A	V	L	I	F	Y	W	H	M	C	P
0	0.03237	0.17754	0.03827	0.02649	0.08317	0.02939	0.02004	0.12841	0.03080	0.08906	0.02523	0.02881	0.02024	0.02294	0.09195	0.00528	0.01469	0.00918	0.00790	0.11825
1	0.03131	0.31518	0.09206	0.02655	0.03737	0.03465	0.11168	0.03727	0.02559	0.08637	0.02178	0.02457	0.01724	0.01035	0.00959	0.00291	0.01354	0.00858	0.00640	0.08700
2	0.02165	0.02293	0.09777	0.02068	0.02575	0.01911	0.01790	0.06508	0.10762	0.03548	0.03903	0.13917	0.03836	0.15949	0.12887	0.00855	0.01512	0.01633	0.00841	0.01270
3	0.01933	0.01640	0.01860	0.01830	0.02025	0.06592	0.01345	0.02233	0.01965	0.02603	0.03123	0.05085	0.03098	0.20563	0.37121	0.01529	0.02519	0.01308	0.00641	0.00986
4	0.01667	0.01226	0.01767	0.01767	0.01939	0.01398	0.01326	0.02011	0.01839	0.02624	0.03209	0.05088	0.03133	0.17327	0.46222	0.01743	0.02776	0.01322	0.00637	0.00981
5	0.02412	0.02067	0.02412	0.01723	0.02756	0.01550	0.01378	0.02929	0.02412	0.03790	0.02067	0.02412	0.01723	0.00861	0.00861	0.00172	0.00861	0.00689	0.00689	0.66236
6	0.02235	0.01880	0.02482	0.02914	0.13070	0.01940	0.01785	0.03474	0.15404	0.04163	0.20013	0.06329	0.09474	0.07679	0.01735	0.00449	0.00894	0.01643	0.01025	0.01412
7	0.30518	0.21633	0.03528	0.02054	0.02831	0.16535	0.01748	0.03753	0.02440	0.03811	0.01664	0.01935	0.01396	0.01083	0.00813	0.00309	0.01317	0.00658	0.00617	0.01357
8	0.03455	0.02743	0.04166	0.03220	0.04071	0.07424	0.18896	0.04511	0.10321	0.16920	0.03688	0.09059	0.02923	0.01490	0.01268	0.00383	0.01418	0.01445	0.00962	0.01637
9	0.23687	0.02018	0.02735	0.02190	0.02885	0.02019	0.09216	0.03531	0.02783	0.14094	0.17778	0.04624	0.04687	0.01537	0.01122	0.00367	0.00989	0.01321	0.01013	0.01403
10	0.02589	0.03477	0.17120	0.08530	0.04781	0.02671	0.15287	0.07323	0.10859	0.04055	0.03733	0.04018	0.07448	0.01382	0.01233	0.00382	0.01474	0.01287	0.00757	0.01595
11	0.02168	0.01084	0.01084	0.01084	0.01355	0.01084	0.00813	0.02710	0.02439	0.04336	0.03794	0.04336	0.02981	0.01355	0.00813	0.00271	0.00542	0.01084	0.65583	0.01084
12	0.02168	0.01084	0.01084	0.01084	0.01355	0.01084	0.00813	0.02710	0.02439	0.04336	0.03794	0.04336	0.02981	0.01355	0.00813	0.00271	0.00542	0.01084	0.65583	0.01084
13	0.03312	0.02813	0.03687	0.04319	0.22289	0.03041	0.02620	0.16783	0.19026	0.05134	0.03198	0.03338	0.02445	0.01316	0.01165	0.00363	0.01201	0.01132	0.00940	0.01880
14	0.02243	0.01874	0.02223	0.01665	0.02532	0.01451	0.01316	0.02767	0.02606	0.03982	0.12907	0.03795	0.03761	0.01195	0.00974	0.00215	0.00792	0.01001	0.00819	0.51881
15	0.03625	0.02384	0.03368	0.14103	0.14822	0.02505	0.02494	0.08924	0.11117	0.19379	0.03405	0.03500	0.02412	0.01315	0.01166	0.00367	0.01204	0.01126	0.00994	0.01788
16	0.01507	0.01110	0.01325	0.01404	0.01575	0.01021	0.00951	0.01749	0.02402	0.03153	0.15026	0.26652	0.18442	0.15474	0.02415	0.00578	0.00731	0.02526	0.01032	0.00928
17	0.01467	0.01051	0.01395	0.01585	0.01698	0.00978	0.01084	0.01746	0.02462	0.03342	0.16293	0.47419	0.08415	0.03365	0.01460	0.00449	0.00647	0.03041	0.01124	0.00978
18	0.01666	0.01311	0.01925	0.02562	0.10253	0.01255	0.01505	0.01952	0.02299	0.03111	0.05689	0.48895	0.06694	0.03199	0.01428	0.00451	0.00795	0.02919	0.00994	0.01098
19	0.03313	0.07301	0.07142	0.07581	0.03748	0.02746	0.02160	0.15227	0.11351	0.09662	0.02927	0.03021	0.02162	0.01236	0.01063	0.00316	0.01155	0.00977	0.00922	0.15990
20	0.04048	0.19069	0.04135	0.02581	0.03437	0.18058	0.02162	0.23962	0.04029	0.04847	0.02200	0.02350	0.01714	0.01233	0.01020	0.00308	0.01498	0.00850	0.00827	0.01672
21	0.56377	0.12078	0.02458	0.01608	0.02375	0.02949	0.01384	0.03430	0.02045	0.04795	0.01619	0.01885	0.01299	0.01065	0.00724	0.00341	0.00958	0.00628	0.00682	0.01299
22	0.03440	0.23937	0.11759	0.02488	0.03439	0.14711	0.02347	0.04452	0.10773	0.08344	0.02563	0.02642	0.01983	0.01201	0.00986	0.00314	0.01424	0.00860	0.00732	0.01604
23	0.03696	0.02796	0.12906	0.03090	0.11539	0.01993	0.02448	0.04381	0.03033	0.27204	0.10846	0.04201	0.03665	0.01448	0.01185	0.00360	0.01134	0.01228	0.01079	0.01769
24	0.01711	0.01031	0.01404	0.01517	0.01545	0.01003	0.00987	0.01589	0.01844	0.02458	0.04143	0.27235	0.04777	0.13277	0.03496	0.27502	0.00889	0.02090	0.00780	0.00724
25	0.16582	0.03103	0.15747	0.02559	0.03556	0.02189	0.09153	0.03129	0.02347	0.03927	0.02759	0.11971	0.02582	0.01465	0.01077	0.00349	0.01226	0.01271	0.00696	0.14311
26	0.01788	0.01375	0.01673	0.01753	0.01992	0.01404	0.01251	0.02739	0.12916	0.03724	0.14972	0.36567	0.07433	0.02936	0.01396	0.00434	0.00704	0.02628	0.01142	0.01173
27	0.02709	0.04973	0.32281	0.04138	0.12245	0.08465	0.11359	0.03779	0.02627	0.03616	0.02116	0.02597	0.01582	0.01083	0.01152	0.00361	0.01750	0.00962	0.00533	0.01671
28	0.02652	0.02824	0.09336	0.35663	0.06718	0.02811	0.08059	0.10818	0.02923	0.03877	0.02225	0.02981	0.01638	0.01176	0.01180	0.00379	0.01568	0.01054	0.00632	0.01487
29	0.02168	0.01084	0.01084	0.01084	0.01355	0.01084	0.00813	0.02710	0.02439	0.04336	0.03794	0.04336	0.02981	0.01355	0.00813	0.00271	0.00542	0.01084	0.65583	0.01084
30	0.13462	0.11828	0.14455	0.02456	0.03463	0.02582	0.06822	0.03955	0.02556	0.16833	0.02795	0.03252	0.02119	0.06821	0.01503	0.00423	0.01287	0.01004	0.00814	0.01568
31	0.02168	0.01084	0.01084	0.01084	0.01355	0.01084	0.00813	0.02710	0.02439	0.04336	0.03794	0.04336	0.02981	0.01355	0.00813	0.00271	0.00542	0.01084	0.65583	0.01084
32	0.19628	0.02404	0.02647	0.02230	0.02880	0.02737	0.01814	0.08961	0.15644	0.15407	0.03225	0.03207	0.02355	0.01477	0.01478	0.00392	0.09811	0.01038	0.01015	0.01650
33	0.02775	0.11583	0.08306	0.08420	0.11803	0.02534	0.02333	0.03670	0.07787	0.08947	0.04082	0.04211	0.09621	0.01429	0.01095	0.00334	0.01143	0.01182	0.00800	0.07944
34	0.09973	0.04377	0.14524	0.03008	0.04026	0.17092	0.07018	0.17716	0.03604	0.04746	0.02208	0.02474	0.01645	0.01206	0.01096	0.00345	0.01628	0.00915	0.00762	0.01639

[dist]
# distance from previous block
# <min> <max>
0	5

[block]
# block no. 6 follows, 10 sequences, length 9
# corresponding to MSA columns:
# 400-408
name=unknown_G
#
# <colnr> <probs for GDERKNQSTAVLIFYWHMCP>
#	G	D	E	R	K	N	Q	S	T	A	V	L	I	F	Y	W	H	M	C	P
0	0.02771	0.02445	0.02919	0.02412	0.02960	0.08009	0.07250	0.12756	0.02940	0.03858	0.02841	0.04206	0.02594	0.15394	0.15864	0.00891	0.01864	0.01215	0.00758	0.06053
1	0.03581	0.24020	0.04071	0.02138	0.03069	0.03271	0.01876	0.12365	0.08963	0.12448	0.02788	0.02777	0.02105	0.01197	0.00966	0.00293	0.01112	0.00889	0.00893	0.11180
2	0.02731	0.01736	0.02556	0.02936	0.13833	0.01626	0.01816	0.03291	0.03148	0.15133	0.29313	0.06267	0.07021	0.01853	0.01275	0.00360	0.00843	0.01644	0.01150	0.01469
3	0.14737	0.16760	0.03775	0.02367	0.03229	0.11112	0.02003	0.23620	0.03828	0.05234	0.02171	0.02320	0.01672	0.01219	0.00973	0.00320	0.01327	0.00833	0.00849	0.01650
4	0.02377	0.14142	0.02198	0.01285	0.01717	0.01866	0.01075	0.02882	0.02422	0.03980	0.03310	0.03787	0.02650	0.01275	0.00798	0.00266	0.00698	0.00981	0.51115	0.01175
5	0.53338	0.02981	0.02062	0.01856	0.02548	0.14134	0.01479	0.03691	0.02272	0.04691	0.01659	0.01936	0.01313	0.01106	0.00793	0.00346	0.01166	0.00656	0.00693	0.01279
6	0.32659	0.15138	0.03642	0.02240	0.03122	0.02951	0.08610	0.03860	0.02410	0.12460	0.02233	0.02425	0.01663	0.01106	0.00902	0.00340	0.01154	0.00833	0.00772	0.01480
7	0.03072	0.02127	0.02415	0.02167	0.02751	0.02296	0.01672	0.08688	0.26820	0.12717	0.04934	0.16879	0.04276	0.02026	0.01250	0.00403	0.00906	0.01736	0.01200	0.01665
8	0.03888	0.04586	0.03087	0.02798	0.03416	0.38253	0.02120	0.05127	0.17900	0.03481	0.02720	0.02802	0.02143	0.01318	0.01091	0.00329	0.01728	0.00927	0.00783	0.01503

[dist]
# distance from previous block
# <min> <max>
0	19

[block]
# block no. 7 follows, 10 sequences, length 13
# corresponding to MSA columns:
# 428-440
name=unknown_H
#
# <colnr> <probs for GDERKNQSTAVLIFYWHMCP>
#	G	D	E	R	K	N	Q	S	T	A	V	L	I	F	Y	W	H	M	C	P
0	0.03511	0.03290	0.03291	0.03334	0.11231	0.12796	0.02283	0.14907	0.23278	0.04866	0.03324	0.03327	0.02528	0.01377	0.01148	0.00358	0.01300	0.01102	0.00969	0.01779
1	0.30087	0.08776	0.02969	0.02273	0.02888	0.15549	0.01859	0.07157	0.02578	0.04169	0.01740	0.02118	0.01441	0.01285	0.01354	0.00359	0.10611	0.00756	0.00669	0.01363
2	0.10985	0.02829	0.11439	0.16956	0.12494	0.02377	0.02777	0.04038	0.02655	0.18208	0.02783	0.03068	0.01944	0.01205	0.01101	0.00366	0.01307	0.00997	0.00820	0.01652
3	0.02181	0.01214	0.01592	0.01647	0.01861	0.01119	0.01138	0.02398	0.02348	0.12264	0.05617	0.39786	0.06216	0.12276	0.02148	0.00558	0.00808	0.02638	0.01087	0.01101
4	0.01427	0.01082	0.01316	0.01465	0.01655	0.00972	0.01020	0.01693	0.02467	0.03193	0.12589	0.38530	0.21796	0.03297	0.01439	0.00437	0.00635	0.02918	0.01100	0.00972
5	0.02684	0.01743	0.02320	0.10749	0.03162	0.01883	0.01686	0.11055	0.02703	0.08387	0.03168	0.09297	0.02930	0.09836	0.08219	0.15458	0.01353	0.01367	0.00816	0.01182
6	0.42632	0.02040	0.01960	0.01751	0.02438	0.02199	0.01461	0.03762	0.02398	0.15653	0.03030	0.04188	0.02512	0.01509	0.00966	0.00389	0.00948	0.07833	0.00940	0.01391
7	0.01685	0.01151	0.01386	0.01386	0.01427	0.01192	0.00852	0.01767	0.01726	0.02342	0.03557	0.07014	0.03969	0.49233	0.15458	0.01273	0.01518	0.01604	0.00689	0.00770
8	0.03157	0.18489	0.14527	0.02295	0.03277	0.02860	0.02302	0.07422	0.07187	0.12719	0.10820	0.03789	0.03524	0.01410	0.01075	0.00335	0.01162	0.01111	0.00907	0.01633
9	0.03253	0.08885	0.03880	0.02860	0.03456	0.14668	0.09161	0.11804	0.03016	0.03718	0.02320	0.03354	0.02086	0.10887	0.02348	0.00489	0.10631	0.01091	0.00697	0.01398
10	0.02753	0.02128	0.07611	0.07310	0.03021	0.01806	0.01804	0.08262	0.02828	0.11726	0.12137	0.05006	0.04110	0.11488	0.02516	0.10857	0.01100	0.01346	0.00915	0.01274
11	0.01755	0.01534	0.02213	0.24518	0.04318	0.01665	0.01919	0.02269	0.02532	0.03212	0.11259	0.13133	0.20857	0.02216	0.01298	0.00397	0.01000	0.01919	0.00864	0.01121
12	0.03339	0.02744	0.10776	0.02336	0.03142	0.02229	0.02141	0.16677	0.03583	0.15390	0.07720	0.13453	0.04113	0.01950	0.01260	0.00391	0.01114	0.04913	0.01102	0.01624

[dist]
# distance from previous block
# <min> <max>
0	8

[block]
# block no. 8 follows, 10 sequences, length 23
# corresponding to MSA columns:
# 449-471
name=unknown_I
#
# <colnr> <probs for GDERKNQSTAVLIFYWHMCP>
#	G	D	E	R	K	N	Q	S	T	A	V	L	I	F	Y	W	H	M	C	P
0	0.02808	0.02117	0.02343	0.02083	0.02561	0.02301	0.01568	0.18611	0.13164	0.04755	0.04361	0.19593	0.04287	0.11519	0.02037	0.00521	0.01009	0.01846	0.01069	0.01449
1	0.27371	0.02347	0.02403	0.01889	0.02765	0.02361	0.01547	0.12132	0.02983	0.12997	0.02452	0.02543	0.01788	0.01139	0.00917	0.00306	0.00976	0.00814	0.00914	0.19357
2	0.14929	0.02876	0.11900	0.03016	0.10985	0.02381	0.02326	0.11347	0.02898	0.04481	0.03334	0.17834	0.03295	0.01841	0.01154	0.00388	0.01139	0.01552	0.00836	0.01488
3	0.32639	0.02218	0.02305	0.02147	0.07186	0.02158	0.01531	0.03217	0.02233	0.04455	0.01870	0.02213	0.01519	0.00979	0.00823	0.00276	0.00929	0.00694	0.00693	0.29914
4	0.02175	0.03361	0.20734	0.02857	0.03705	0.02308	0.07666	0.02979	0.02510	0.03539	0.08090	0.05927	0.08081	0.01929	0.01727	0.00428	0.10570	0.09293	0.00740	0.01382
5	0.02141	0.07102	0.07141	0.02036	0.02531	0.01914	0.01794	0.07345	0.02796	0.03805	0.11940	0.16093	0.05396	0.03608	0.11438	0.00688	0.01399	0.08666	0.00926	0.01243
6	0.01594	0.01187	0.01483	0.01409	0.01706	0.01075	0.01057	0.02095	0.03170	0.04374	0.43748	0.09164	0.18665	0.02486	0.01372	0.00371	0.00556	0.02170	0.01242	0.01075
7	0.02286	0.01923	0.02271	0.01680	0.02589	0.01476	0.01332	0.02808	0.02556	0.03933	0.10120	0.03439	0.03237	0.01110	0.00945	0.00204	0.00810	0.00921	0.00786	0.55573
8	0.02370	0.01791	0.02093	0.01838	0.02298	0.01861	0.01428	0.11426	0.11308	0.05196	0.34564	0.06872	0.08074	0.02063	0.01302	0.00367	0.00746	0.01776	0.01243	0.01384
9	0.14652	0.02494	0.02716	0.02217	0.03027	0.02672	0.01799	0.16141	0.16757	0.19851	0.03683	0.03428	0.02572	0.01408	0.01097	0.00367	0.01029	0.01090	0.01178	0.01821
10	0.02412	0.02067	0.02412	0.01723	0.02756	0.01550	0.01378	0.02929	0.02412	0.03790	0.02067	0.02412	0.01723	0.00861	0.00861	0.00172	0.00861	0.00689	0.00689	0.66236
11	0.02548	0.01329	0.01745	0.01657	0.01980	0.01213	0.01194	0.02849	0.02638	0.16815	0.13718	0.25969	0.06408	0.11888	0.02103	0.00529	0.00812	0.02234	0.01154	0.01218
12	0.02448	0.10324	0.26785	0.17897	0.05796	0.02916	0.10936	0.03474	0.02458	0.03393	0.02075	0.02680	0.01545	0.01088	0.01126	0.00365	0.01661	0.00966	0.00515	0.01553
13	0.02168	0.01084	0.01084	0.01084	0.01355	0.01084	0.00813	0.02710	0.02439	0.04336	0.03794	0.04336	0.02981	0.01355	0.00813	0.00271	0.00542	0.01084	0.65583	0.01084
14	0.02168	0.01084	0.01084	0.01084	0.01355	0.01084	0.00813	0.02710	0.02439	0.04336	0.03794	0.04336	0.02981	0.01355	0.00813	0.00271	0.00542	0.01084	0.65583	0.01084
15	0.15929	0.02978	0.03478	0.03991	0.20233	0.07930	0.02456	0.15020	0.03367	0.10186	0.02454	0.02709	0.01844	0.01195	0.01064	0.00346	0.01292	0.00948	0.00847	0.01732
16	0.02857	0.01441	0.01915	0.01807	0.02253	0.01298	0.01415	0.03241	0.02827	0.20861	0.10166	0.22629	0.10450	0.02611	0.01372	0.00426	0.00832	0.09027	0.01223	0.01350
17	0.02168	0.01084	0.01084	0.01084	0.01355	0.01084	0.00813	0.02710	0.02439	0.04336	0.03794	0.04336	0.02981	0.01355	0.00813	0.00271	0.00542	0.01084	0.65583	0.01084
18	0.01449	0.01087	0.01345	0.01479	0.01667	0.00983	0.01033	0.01740	0.02534	0.03330	0.16169	0.37134	0.19358	0.03230	0.01436	0.00432	0.00629	0.02866	0.01117	0.00983
19	0.15962	0.03217	0.03119	0.12560	0.04171	0.11550	0.02227	0.23984	0.03860	0.05378	0.02271	0.02565	0.01683	0.01260	0.01060	0.00350	0.01392	0.00916	0.00866	0.01610
20	0.02881	0.13321	0.03732	0.13257	0.08824	0.02796	0.02215	0.10571	0.02915	0.04015	0.02114	0.02553	0.01699	0.01052	0.00978	0.00276	0.01191	0.00838	0.00686	0.24088
21	0.03160	0.13852	0.03901	0.03395	0.12418	0.12756	0.02349	0.04527	0.18140	0.03667	0.02776	0.02990	0.02242	0.01346	0.01358	0.00353	0.07395	0.00996	0.00758	0.01623
22	0.03368	0.02187	0.02162	0.01864	0.02416	0.10041	0.01429	0.03731	0.03010	0.21649	0.13131	0.06212	0.13372	0.08127	0.01740	0.00441	0.01037	0.01557	0.01127	0.01401

[dist]
# distance from previous block
# <min> <max>
0	7

[block]
# block no. 9 follows, 10 sequences, length 16
# corresponding to MSA columns:
# 479-494
name=unknown_J
#
# <colnr> <probs for GDERKNQSTAVLIFYWHMCP>
#	G	D	E	R	K	N	Q	S	T	A	V	L	I	F	Y	W	H	M	C	P
0	0.26860	0.14352	0.04226	0.02774	0.03651	0.11644	0.14105	0.03716	0.02479	0.03936	0.01847	0.02256	0.01481	0.01056	0.00956	0.00337	0.01452	0.00849	0.00621	0.01404
1	0.02360	0.13047	0.02104	0.01269	0.01687	0.01800	0.01053	0.02867	0.02424	0.04010	0.03351	0.03833	0.02678	0.01282	0.00799	0.00266	0.00685	0.00990	0.52328	0.01167
2	0.03722	0.19004	0.12378	0.02596	0.03674	0.03726	0.02495	0.28652	0.04132	0.05487	0.02358	0.02486	0.01763	0.01240	0.01041	0.00325	0.01342	0.00901	0.00873	0.01804
3	0.03020	0.28082	0.14557	0.02419	0.03391	0.03461	0.02466	0.03593	0.02393	0.08345	0.02054	0.02369	0.01662	0.01224	0.01380	0.00321	0.10449	0.00800	0.00616	0.07398
4	0.01687	0.01445	0.02472	0.02288	0.02581	0.01351	0.10563	0.02048	0.02332	0.03123	0.05584	0.47120	0.06485	0.03101	0.01462	0.00456	0.00937	0.02913	0.00980	0.01072
5	0.14568	0.09635	0.03076	0.02274	0.03059	0.23462	0.01813	0.04084	0.02798	0.09245	0.02129	0.02319	0.01664	0.01116	0.00937	0.00285	0.01423	0.00752	0.00725	0.14636
6	0.02772	0.14058	0.03117	0.02081	0.02533	0.08693	0.01656	0.09668	0.02634	0.03323	0.02629	0.04121	0.02560	0.18286	0.11899	0.00813	0.06096	0.01133	0.00691	0.01239
7	0.02168	0.01084	0.01084	0.01084	0.01355	0.01084	0.00813	0.02710	0.02439	0.04336	0.03794	0.04336	0.02981	0.01355	0.00813	0.00271	0.00542	0.01084	0.65583	0.01084
8	0.22656	0.03477	0.02912	0.08135	0.03673	0.17505	0.02050	0.17915	0.03498	0.04985	0.02091	0.02364	0.01586	0.01223	0.01001	0.00342	0.01427	0.00839	0.00806	0.01517
9	0.36233	0.03337	0.08584	0.03122	0.12902	0.11204	0.02247	0.03682	0.02388	0.04359	0.01819	0.02191	0.01443	0.01093	0.00907	0.00348	0.01291	0.00759	0.00644	0.01446
10	0.03155	0.03573	0.03457	0.09252	0.03828	0.21850	0.02517	0.03486	0.02392	0.02836	0.01688	0.02448	0.01519	0.01631	0.02506	0.00419	0.30675	0.00922	0.00542	0.01302
11	0.67341	0.02249	0.01709	0.01529	0.02249	0.02609	0.01260	0.03419	0.01979	0.05218	0.01619	0.01889	0.01260	0.01080	0.00720	0.00360	0.00900	0.00630	0.00720	0.01260
12	0.02384	0.22626	0.03351	0.01790	0.02423	0.02709	0.01536	0.03385	0.12316	0.03758	0.17347	0.05752	0.12707	0.01809	0.01108	0.00334	0.00882	0.01466	0.00945	0.01372
13	0.02627	0.01527	0.01574	0.01408	0.01814	0.01598	0.01098	0.11932	0.03056	0.04946	0.03590	0.04022	0.02777	0.01363	0.00884	0.00287	0.00692	0.01076	0.52464	0.01266
14	0.02635	0.02547	0.02412	0.06480	0.03054	0.12012	0.01754	0.04115	0.19930	0.04112	0.17293	0.09619	0.05455	0.01874	0.01235	0.00374	0.01069	0.01577	0.01038	0.01417
15	0.01905	0.01208	0.01564	0.01661	0.01920	0.01106	0.01238	0.02231	0.02579	0.08515	0.11109	0.33389	0.14512	0.03114	0.01441	0.00447	0.00744	0.09087	0.01135	0.01094

[dist]
# distance from previous block
# <min> <max>
0	5

[block]
# block no. 10 follows, 10 sequences, length 18
# corresponding to MSA columns:
# 500-517
name=unknown_K
#
# <colnr> <probs for GDERKNQSTAVLIFYWHMCP>
#	G	D	E	R	K	N	Q	S	T	A	V	L	I	F	Y	W	H	M	C	P
0	0.45677	0.02057	0.02038	0.10917	0.03203	0.02419	0.01626	0.03127	0.02021	0.04430	0.01936	0.02527	0.01574	0.02324	0.09453	0.00607	0.01367	0.00798	0.00670	0.01229
1	0.13571	0.02277	0.03039	0.11639	0.03747	0.02787	0.02249	0.03633	0.02286	0.15479	0.02386	0.02881	0.01820	0.01587	0.02216	0.00428	0.24759	0.00995	0.00773	0.01447
2	0.02168	0.01084	0.01084	0.01084	0.01355	0.01084	0.00813	0.02710	0.02439	0.04336	0.03794	0.04336	0.02981	0.01355	0.00813	0.00271	0.00542	0.01084	0.65583	0.01084
3	0.02852	0.09140	0.30091	0.03033	0.04351	0.02584	0.09015	0.03850	0.02705	0.11585	0.07127	0.03324	0.02636	0.01253	0.01145	0.00360	0.01482	0.01073	0.00731	0.01663
4	0.02168	0.01084	0.01084	0.01084	0.01355	0.01084	0.00813	0.02710	0.02439	0.04336	0.03794	0.04336	0.02981	0.01355	0.00813	0.00271	0.00542	0.01084	0.65583	0.01084
5	0.02166	0.02497	0.10724	0.07914	0.09442	0.02214	0.02259	0.02597	0.02016	0.02861	0.02643	0.04734	0.02686	0.25430	0.03658	0.00711	0.12388	0.01276	0.00597	0.01184
6	0.02484	0.18598	0.19871	0.02581	0.03649	0.02920	0.06419	0.03612	0.08709	0.03637	0.08262	0.04083	0.07582	0.01434	0.01096	0.00344	0.01282	0.01181	0.00728	0.01527
7	0.67341	0.02249	0.01709	0.01529	0.02249	0.02609	0.01260	0.03419	0.01979	0.05218	0.01619	0.01889	0.01260	0.01080	0.00720	0.00360	0.00900	0.00630	0.00720	0.01260
8	0.01905	0.01086	0.01629	0.01629	0.01696	0.01153	0.01153	0.01696	0.01629	0.02239	0.02372	0.03867	0.02305	0.05544	0.20597	0.45510	0.01686	0.01086	0.00543	0.00676
9	0.14056	0.01885	0.02091	0.01944	0.02458	0.02010	0.01543	0.04037	0.15306	0.12151	0.04320	0.06370	0.03863	0.11101	0.01959	0.00533	0.00996	0.10931	0.01043	0.01405
10	0.60954	0.02352	0.01890	0.01646	0.02387	0.02710	0.01356	0.07944	0.02334	0.05433	0.01739	0.01981	0.01332	0.01112	0.00765	0.00359	0.00938	0.00672	0.00765	0.01332
11	0.03197	0.14227	0.11408	0.02189	0.03218	0.02593	0.02107	0.09407	0.03043	0.12299	0.07142	0.03212	0.02737	0.01237	0.01017	0.00292	0.01122	0.00964	0.00862	0.17728
12	0.03696	0.37757	0.05008	0.02197	0.03164	0.04032	0.02027	0.16643	0.03360	0.08918	0.02247	0.02338	0.01768	0.01155	0.00909	0.00289	0.01230	0.00799	0.00783	0.01681
13	0.02168	0.01084	0.01084	0.01084	0.01355	0.01084	0.00813	0.02710	0.02439	0.04336	0.03794	0.04336	0.02981	0.01355	0.00813	0.00271	0.00542	0.01084	0.65583	0.01084
14	0.21121	0.03783	0.17432	0.02546	0.03648	0.03069	0.02556	0.22842	0.03632	0.05688	0.02265	0.02446	0.01634	0.01224	0.01024	0.00358	0.01303	0.00878	0.00846	0.01705
15	0.02863	0.13749	0.12723	0.02447	0.03325	0.02535	0.06090	0.03848	0.08787	0.11703	0.07451	0.12397	0.03774	0.01701	0.01163	0.00366	0.01162	0.01463	0.00906	0.01546
16	0.07666	0.01860	0.02750	0.11151	0.03553	0.01930	0.07620	0.02654	0.02650	0.03842	0.17997	0.05838	0.12349	0.01819	0.01432	0.00372	0.05442	0.01555	0.00872	0.06648
17	0.03827	0.23978	0.03963	0.02058	0.02918	0.03030	0.01817	0.11201	0.03303	0.20235	0.09240	0.03593	0.03261	0.01386	0.01035	0.00317	0.01075	0.01064	0.01018	0.01680

[dist]
# distance from previous block
# <min> <max>
4	12

[block]
# block no. 11 follows, 10 sequences, length 23
# corresponding to MSA columns:
# 530-552
name=unknown_L
#
# <colnr> <probs for GDERKNQSTAVLIFYWHMCP>
#	G	D	E	R	K	N	Q	S	T	A	V	L	I	F	Y	W	H	M	C	P
0	0.10063	0.02267	0.02768	0.16784	0.04216	0.02652	0.02144	0.10984	0.16537	0.04428	0.03083	0.03519	0.02394	0.02567	0.09981	0.00626	0.01510	0.01107	0.00855	0.01515
1	0.13439	0.15080	0.02792	0.01739	0.02343	0.02255	0.01473	0.03170	0.02668	0.11521	0.13314	0.10240	0.08437	0.01920	0.01116	0.00362	0.00895	0.04926	0.00980	0.01330
2	0.02427	0.02664	0.10758	0.02064	0.03028	0.01889	0.01892	0.03397	0.09789	0.03729	0.02486	0.02858	0.02006	0.01397	0.01396	0.08172	0.01031	0.00855	0.00712	0.37450
3	0.10275	0.01986	0.02285	0.01986	0.02597	0.02016	0.01590	0.08561	0.10569	0.10050	0.03481	0.04784	0.02977	0.02050	0.01718	0.11628	0.00996	0.07784	0.00947	0.11720
4	0.01999	0.01217	0.01637	0.01621	0.01751	0.01243	0.01132	0.02195	0.07676	0.02886	0.10611	0.10567	0.04251	0.03438	0.03298	0.40533	0.00889	0.01476	0.00773	0.00808
5	0.15200	0.03209	0.03387	0.02705	0.03536	0.16737	0.09413	0.04676	0.02992	0.22562	0.02933	0.02950	0.02033	0.01235	0.01093	0.00348	0.01444	0.00994	0.00941	0.01612
6	0.10249	0.01672	0.01888	0.01711	0.02225	0.01711	0.01342	0.03410	0.10686	0.11604	0.11186	0.06379	0.16951	0.03146	0.10058	0.00626	0.01162	0.01597	0.01058	0.01342
7	0.03850	0.01965	0.02492	0.02145	0.02819	0.01912	0.01757	0.09431	0.08611	0.27802	0.04884	0.10595	0.04056	0.02006	0.01287	0.00408	0.01002	0.10017	0.01273	0.01687
8	0.01631	0.01252	0.01789	0.02257	0.07728	0.01189	0.01382	0.01949	0.02454	0.03350	0.13352	0.43445	0.07534	0.03120	0.01426	0.00439	0.00739	0.02834	0.01052	0.01078
9	0.01500	0.01207	0.01353	0.01383	0.01737	0.01059	0.01082	0.01875	0.02757	0.03438	0.17081	0.11117	0.37590	0.02900	0.01413	0.00412	0.00663	0.09307	0.01110	0.01015
10	0.02146	0.01265	0.01678	0.01602	0.01918	0.01152	0.01189	0.02583	0.03002	0.11774	0.31432	0.21740	0.08784	0.02581	0.01371	0.00394	0.00653	0.02290	0.01250	0.01194
11	0.02532	0.01543	0.01784	0.01662	0.02099	0.01500	0.01259	0.06807	0.07072	0.11860	0.06489	0.20481	0.15442	0.02386	0.01247	0.00386	0.00759	0.02040	0.11340	0.01312
12	0.40449	0.02337	0.02262	0.01859	0.02661	0.02524	0.01533	0.11134	0.02902	0.18438	0.02612	0.02595	0.01814	0.01228	0.00913	0.00358	0.00985	0.00843	0.00986	0.01569
13	0.09988	0.01965	0.02180	0.01896	0.02406	0.02074	0.01481	0.17383	0.03694	0.05341	0.22517	0.13811	0.06379	0.02106	0.01247	0.00376	0.00850	0.01777	0.01146	0.01383
14	0.01961	0.01467	0.01719	0.01634	0.01983	0.01428	0.01220	0.09211	0.03192	0.04262	0.21838	0.22223	0.17995	0.02707	0.01371	0.00399	0.00710	0.02353	0.01159	0.01168
15	0.02175	0.01253	0.01633	0.01686	0.01902	0.01183	0.01215	0.02419	0.02335	0.10786	0.05337	0.28268	0.05820	0.18174	0.02651	0.00642	0.00915	0.09505	0.01034	0.01067
16	0.38134	0.01740	0.01559	0.01492	0.01934	0.01918	0.01117	0.02697	0.02119	0.04289	0.08370	0.12642	0.03896	0.11574	0.01806	0.00510	0.00863	0.01405	0.00838	0.01096
17	0.02865	0.01344	0.01541	0.01369	0.01832	0.01237	0.01070	0.03339	0.02718	0.17326	0.05378	0.05407	0.11243	0.01650	0.01006	0.00316	0.00672	0.01342	0.37032	0.01311
18	0.13025	0.01882	0.01931	0.01713	0.02181	0.02028	0.01312	0.15432	0.03111	0.04881	0.03561	0.12404	0.03304	0.08134	0.01574	0.00435	0.00895	0.01420	0.19472	0.01302
19	0.01944	0.01236	0.01453	0.01399	0.01678	0.01120	0.00980	0.02199	0.02500	0.08635	0.14236	0.14303	0.20890	0.19138	0.02688	0.00608	0.00794	0.02130	0.01042	0.01026
20	0.20571	0.02082	0.02437	0.16946	0.03906	0.02386	0.01912	0.10512	0.02673	0.04245	0.02703	0.04384	0.02472	0.12510	0.01992	0.00528	0.01203	0.04504	0.00765	0.01270
21	0.03205	0.02470	0.02570	0.08603	0.03381	0.08017	0.01833	0.11465	0.10719	0.12306	0.05653	0.05483	0.15760	0.01805	0.01212	0.00369	0.01110	0.01459	0.01049	0.01532
22	0.19285	0.01555	0.01489	0.01388	0.01909	0.01485	0.01067	0.02286	0.02393	0.03760	0.07265	0.12987	0.26950	0.02271	0.01149	0.00366	0.00715	0.01847	0.00936	0.08896

[dist]
# distance from previous block
# <min> <max>
2	5

[block]
# block no. 12 follows, 10 sequences, length 6
# corresponding to MSA columns:
# 558-563
name=unknown_M
#
# <colnr> <probs for GDERKNQSTAVLIFYWHMCP>
#	G	D	E	R	K	N	Q	S	T	A	V	L	I	F	Y	W	H	M	C	P
0	0.01918	0.02378	0.12155	0.21240	0.04501	0.01898	0.02401	0.02512	0.02213	0.02985	0.03556	0.19112	0.03708	0.11931	0.02069	0.00536	0.01266	0.01746	0.00701	0.01176
