[name]
unknown

[dist]
# distance from previous block
# <min> <max>
0	91

[block]
# block no. 0 follows, 14 sequences, length 60
# corresponding to MSA columns:
# 111-170
name=unknown_A
#
# <colnr> <probs for GDERKNQSTAVLIFYWHMCP>
#	G	D	E	R	K	N	Q	S	T	A	V	L	I	F	Y	W	H	M	C	P
0	0.02918	0.02865	0.03206	0.25299	0.15888	0.18178	0.02512	0.06909	0.02606	0.07076	0.01988	0.02487	0.01521	0.01044	0.00997	0.00309	0.01417	0.00853	0.00586	0.01341
1	0.01274	0.00934	0.01197	0.01358	0.01481	0.00857	0.00932	0.01507	0.02147	0.02852	0.13557	0.48398	0.13779	0.02976	0.01283	0.00394	0.00570	0.02669	0.00978	0.00857
2	0.04604	0.01746	0.02382	0.01826	0.02620	0.01508	0.01508	0.05001	0.02937	0.58244	0.04049	0.03493	0.02540	0.01270	0.01032	0.00318	0.00873	0.01032	0.01270	0.01746
3	0.01417	0.01048	0.01323	0.01254	0.01511	0.00953	0.00941	0.01868	0.02822	0.03918	0.50135	0.07991	0.16663	0.02172	0.01211	0.00326	0.00489	0.01901	0.01104	0.00953
4	0.01492	0.00995	0.01119	0.01119	0.01119	0.00995	0.00622	0.01492	0.01492	0.01990	0.03233	0.06716	0.03731	0.63935	0.05223	0.00995	0.00995	0.01492	0.00622	0.00622
5	0.01421	0.01048	0.01328	0.01258	0.01514	0.00955	0.00944	0.01876	0.02831	0.03940	0.50899	0.07955	0.15886	0.02163	0.01211	0.00326	0.00489	0.01896	0.01107	0.00955
6	0.03901	0.02874	0.03080	0.02361	0.03182	0.03182	0.01951	0.54111	0.04825	0.06468	0.02464	0.02464	0.01745	0.01232	0.01027	0.00308	0.01129	0.00924	0.01027	0.01745
7	0.71184	0.01985	0.01508	0.01350	0.01985	0.02302	0.01111	0.03017	0.01746	0.04604	0.01429	0.01667	0.01111	0.00953	0.00635	0.00318	0.00794	0.00556	0.00635	0.01111
8	0.66484	0.02047	0.01618	0.01420	0.02068	0.02364	0.01170	0.06586	0.01961	0.04734	0.01501	0.01723	0.01156	0.00972	0.00662	0.00317	0.00817	0.00581	0.00662	0.01156
9	0.71184	0.01985	0.01508	0.01350	0.01985	0.02302	0.01111	0.03017	0.01746	0.04604	0.01429	0.01667	0.01111	0.00953	0.00635	0.00318	0.00794	0.00556	0.00635	0.01111
10	0.03901	0.02874	0.03080	0.02361	0.03182	0.03182	0.01951	0.54111	0.04825	0.06468	0.02464	0.02464	0.01745	0.01232	0.01027	0.00308	0.01129	0.00924	0.01027	0.01745
11	0.03833	0.04891	0.02908	0.02644	0.03173	0.59815	0.01983	0.04098	0.02908	0.02512	0.01586	0.01851	0.01322	0.01058	0.00925	0.00264	0.01851	0.00661	0.00529	0.01190
12	0.01511	0.01041	0.01304	0.01415	0.01501	0.01033	0.01006	0.01691	0.01844	0.02433	0.04296	0.16325	0.04875	0.35348	0.03424	0.00742	0.00922	0.17757	0.00774	0.00757
13	0.02149	0.02040	0.03460	0.42105	0.24780	0.02336	0.02955	0.02807	0.02152	0.02878	0.01861	0.02667	0.01458	0.00987	0.01022	0.00329	0.01316	0.00913	0.00474	0.01310
14	0.04604	0.01746	0.02382	0.01826	0.02620	0.01508	0.01508	0.05001	0.02937	0.58244	0.04049	0.03493	0.02540	0.01270	0.01032	0.00318	0.00873	0.01032	0.01270	0.01746
15	0.01249	0.01020	0.01104	0.01128	0.01420	0.00875	0.00829	0.01527	0.02360	0.02926	0.15817	0.17159	0.43776	0.02621	0.01226	0.00353	0.00526	0.02232	0.00976	0.00875
16	0.02392	0.02366	0.03557	0.02904	0.03114	0.03067	0.09636	0.06361	0.01932	0.02879	0.01533	0.02336	0.01406	0.01621	0.02887	0.00424	0.48933	0.00945	0.00501	0.01206
17	0.04007	0.15499	0.07394	0.01896	0.02764	0.02124	0.01739	0.04451	0.02695	0.41992	0.03315	0.02994	0.02181	0.01163	0.00947	0.00297	0.00971	0.00907	0.01027	0.01636
18	0.04604	0.01746	0.02382	0.01826	0.02620	0.01508	0.01508	0.05001	0.02937	0.58244	0.04049	0.03493	0.02540	0.01270	0.01032	0.00318	0.00873	0.01032	0.01270	0.01746
19	0.01722	0.01096	0.01171	0.01188	0.01480	0.01070	0.00929	0.02300	0.05834	0.03453	0.05689	0.06633	0.18510	0.01837	0.00979	0.00310	0.00579	0.08356	0.35890	0.00974
20	0.02506	0.02990	0.21636	0.02467	0.03353	0.01971	0.08593	0.06655	0.06434	0.12691	0.03334	0.16646	0.02967	0.01574	0.01099	0.00348	0.01144	0.01397	0.00789	0.01405
21	0.02576	0.25854	0.11532	0.14948	0.04018	0.02957	0.05731	0.03476	0.09186	0.07215	0.02175	0.02455	0.01674	0.01020	0.00897	0.00293	0.01200	0.00817	0.00591	0.01384
22	0.71184	0.01985	0.01508	0.01350	0.01985	0.02302	0.01111	0.03017	0.01746	0.04604	0.01429	0.01667	0.01111	0.00953	0.00635	0.00318	0.00794	0.00556	0.00635	0.01111
23	0.02390	0.07402	0.18151	0.24686	0.08529	0.02247	0.02720	0.03126	0.02290	0.10358	0.06390	0.02971	0.02166	0.01109	0.00999	0.00321	0.01243	0.00933	0.00613	0.01357
24	0.01326	0.01052	0.01197	0.01184	0.01487	0.00923	0.00904	0.01678	0.02538	0.03260	0.26283	0.09221	0.37161	0.02440	0.01226	0.00347	0.00536	0.05317	0.01014	0.00907
25	0.02844	0.02825	0.03042	0.11574	0.15405	0.18571	0.02267	0.03264	0.02331	0.06572	0.01975	0.02496	0.01602	0.01194	0.01428	0.00322	0.13301	0.00851	0.06853	0.01282
26	0.51015	0.01912	0.01773	0.01494	0.02177	0.02062	0.01232	0.03618	0.02107	0.20853	0.02222	0.02220	0.01544	0.01049	0.00755	0.00318	0.00818	0.00700	0.00827	0.01304
27	0.02370	0.12840	0.18218	0.18664	0.04708	0.02724	0.09390	0.07070	0.08027	0.03303	0.02096	0.02516	0.01582	0.01023	0.00981	0.00317	0.01335	0.00881	0.00560	0.01394
28	0.01387	0.01046	0.01281	0.01222	0.01493	0.00940	0.00917	0.01810	0.02750	0.03748	0.44239	0.08271	0.22665	0.02235	0.01211	0.00329	0.00494	0.01941	0.01081	0.00940
29	0.04008	0.01782	0.02311	0.01810	0.02519	0.01641	0.01480	0.10933	0.03179	0.42817	0.12308	0.04026	0.03579	0.01398	0.01060	0.00317	0.00844	0.01150	0.01216	0.01622
30	0.02181	0.01183	0.01552	0.01409	0.01754	0.01074	0.01073	0.02605	0.02739	0.16337	0.34511	0.13719	0.07189	0.01993	0.01149	0.00328	0.00588	0.01745	0.05740	0.01129
31	0.01452	0.01049	0.01372	0.01291	0.01533	0.00968	0.00968	0.01937	0.02905	0.04115	0.56992	0.07666	0.09683	0.02098	0.01210	0.00323	0.00484	0.01856	0.01130	0.00968
32	0.01452	0.01049	0.01372	0.01291	0.01533	0.00968	0.00968	0.01937	0.02905	0.04115	0.56992	0.07666	0.09683	0.02098	0.01210	0.00323	0.00484	0.01856	0.01130	0.00968
33	0.03431	0.02641	0.02815	0.02266	0.03003	0.02963	0.01837	0.37144	0.22558	0.05709	0.03061	0.02940	0.02229	0.01288	0.01033	0.00322	0.01019	0.01006	0.01033	0.01703
34	0.03432	0.27070	0.03859	0.02273	0.02971	0.31436	0.01893	0.10252	0.02849	0.02992	0.01641	0.01854	0.01375	0.01013	0.00838	0.00253	0.01473	0.00653	0.00560	0.01310
35	0.02931	0.01635	0.02116	0.01960	0.06274	0.01544	0.01425	0.09868	0.03055	0.23212	0.21423	0.05412	0.11392	0.01668	0.01110	0.00321	0.00764	0.01413	0.01098	0.01379
36	0.02208	0.01724	0.02082	0.01557	0.02366	0.01366	0.01244	0.02648	0.02120	0.06906	0.02094	0.02469	0.01725	0.01701	0.08507	0.00359	0.01028	0.00701	0.00645	0.56549
37	0.07268	0.12235	0.03427	0.02377	0.03130	0.15635	0.05861	0.22147	0.06928	0.07978	0.02251	0.02348	0.01685	0.01110	0.00944	0.00292	0.01274	0.00835	0.00786	0.01488
38	0.02265	0.01060	0.01143	0.01070	0.01382	0.01029	0.00821	0.02732	0.02255	0.10942	0.03439	0.03782	0.02619	0.01205	0.00759	0.00249	0.00530	0.00966	0.60692	0.01060
39	0.71184	0.01985	0.01508	0.01350	0.01985	0.02302	0.01111	0.03017	0.01746	0.04604	0.01429	0.01667	0.01111	0.00953	0.00635	0.00318	0.00794	0.00556	0.00635	0.01111
40	0.71184	0.01985	0.01508	0.01350	0.01985	0.02302	0.01111	0.03017	0.01746	0.04604	0.01429	0.01667	0.01111	0.00953	0.00635	0.00318	0.00794	0.00556	0.00635	0.01111
41	0.02409	0.01226	0.01627	0.01425	0.01801	0.01114	0.01098	0.02783	0.02720	0.19255	0.33312	0.05808	0.06459	0.01936	0.01382	0.06686	0.00631	0.01473	0.05714	0.01141
42	0.02690	0.03642	0.25624	0.07487	0.09150	0.05409	0.10440	0.06430	0.05448	0.10301	0.02309	0.02589	0.01655	0.01036	0.01028	0.00324	0.01387	0.00911	0.00631	0.01510
43	0.01598	0.01007	0.01485	0.01485	0.01581	0.01102	0.01077	0.01605	0.01510	0.02109	0.02382	0.03832	0.02319	0.09705	0.33199	0.29883	0.01866	0.01039	0.00512	0.00703
44	0.04557	0.01823	0.02429	0.01862	0.02658	0.01621	0.01538	0.08317	0.03065	0.54748	0.03942	0.03423	0.02487	0.01268	0.01032	0.00317	0.00891	0.01025	0.01254	0.01746
45	0.02214	0.02122	0.07516	0.36543	0.05599	0.02113	0.09014	0.02906	0.02229	0.07888	0.02532	0.03921	0.02087	0.01261	0.01097	0.00356	0.01324	0.07449	0.00600	0.01230
46	0.02570	0.16060	0.25246	0.11609	0.04338	0.02616	0.09045	0.03361	0.02269	0.10462	0.02083	0.02401	0.01514	0.00990	0.00955	0.00308	0.01347	0.00832	0.00562	0.01434
47	0.02027	0.02135	0.06940	0.22388	0.04106	0.02462	0.02358	0.02493	0.01850	0.02686	0.02020	0.07257	0.01863	0.01543	0.02052	0.00386	0.27936	0.01053	0.05322	0.01124
48	0.62234	0.10166	0.02014	0.01403	0.02070	0.02532	0.01196	0.03024	0.01791	0.04318	0.01429	0.01664	0.01138	0.00943	0.00638	0.00305	0.00834	0.00555	0.00609	0.01138
49	0.01244	0.01041	0.01083	0.01072	0.01405	0.00880	0.00804	0.01533	0.02413	0.02948	0.16489	0.09587	0.50914	0.02533	0.01213	0.00343	0.00515	0.02125	0.00976	0.00880
50	0.02335	0.06503	0.02452	0.01614	0.02515	0.01730	0.01322	0.07321	0.02371	0.03561	0.01853	0.02123	0.01526	0.00812	0.00777	0.00171	0.00818	0.00632	0.00634	0.58928
51	0.01996	0.01620	0.01840	0.01685	0.02094	0.01751	0.01292	0.03674	0.28976	0.04203	0.30901	0.05770	0.06447	0.01749	0.01128	0.00335	0.00646	0.01512	0.01087	0.01292
52	0.01332	0.01314	0.06430	0.01532	0.01754	0.00984	0.01201	0.01625	0.02058	0.02767	0.08349	0.51210	0.09765	0.02911	0.01268	0.00399	0.00669	0.02614	0.00915	0.00905
53	0.02296	0.01738	0.01925	0.01769	0.02242	0.01873	0.01356	0.04054	0.32262	0.08770	0.09335	0.12716	0.11636	0.01844	0.01114	0.00352	0.00723	0.01573	0.01047	0.01375
54	0.01468	0.01090	0.01601	0.01601	0.01767	0.01256	0.01222	0.01801	0.01635	0.02346	0.02793	0.04276	0.02672	0.12828	0.54882	0.01590	0.02589	0.01135	0.00556	0.00889
55	0.02128	0.01824	0.02128	0.01520	0.02432	0.01368	0.01216	0.02584	0.02128	0.03344	0.01824	0.02128	0.01520	0.00760	0.00760	0.00152	0.00760	0.00608	0.00608	0.70208
56	0.11833	0.01763	0.02212	0.02255	0.10324	0.01691	0.01525	0.07139	0.02625	0.19670	0.07234	0.07624	0.12208	0.01524	0.01016	0.00315	0.00828	0.01263	0.00930	0.06021
57	0.11558	0.02019	0.02520	0.02611	0.13810	0.01961	0.01702	0.11480	0.02746	0.06957	0.11075	0.03189	0.02919	0.01143	0.00930	0.00268	0.00883	0.00945	0.00781	0.20506
58	0.02728	0.02375	0.04003	0.05891	0.52523	0.02353	0.03000	0.03318	0.02391	0.08361	0.02124	0.02627	0.01709	0.00947	0.01017	0.00306	0.01188	0.00925	0.00578	0.01637
59	0.12796	0.14776	0.03612	0.03524	0.23270	0.06523	0.02185	0.07397	0.02518	0.11166	0.02073	0.02319	0.01608	0.00996	0.00888	0.00289	0.01122	0.00791	0.00660	0.01488

[dist]
# distance from previous block
# <min> <max>
2	8

[block]
# block no. 1 follows, 14 sequences, length 12
# corresponding to MSA columns:
# 179-190
name=unknown_B
#
# <colnr> <probs for GDERKNQSTAVLIFYWHMCP>
#	G	D	E	R	K	N	Q	S	T	A	V	L	I	F	Y	W	H	M	C	P
0	0.53599	0.01934	0.01833	0.09999	0.02785	0.02207	0.01406	0.03189	0.01928	0.10513	0.01788	0.02031	0.01313	0.01000	0.00737	0.00321	0.00885	0.00662	0.00683	0.01189
1	0.01294	0.00919	0.01152	0.01338	0.01452	0.00847	0.00910	0.01507	0.02032	0.02731	0.06163	0.51225	0.13674	0.02977	0.01252	0.00394	0.00576	0.02665	0.06046	0.00847
2	0.08497	0.02697	0.02657	0.06364	0.03170	0.08832	0.01831	0.23139	0.23063	0.04825	0.02881	0.02862	0.02139	0.01237	0.00992	0.00321	0.01079	0.00954	0.00910	0.01549
3	0.03202	0.06640	0.02430	0.01709	0.02459	0.01731	0.01403	0.03908	0.08732	0.26715	0.08867	0.03453	0.02989	0.01200	0.00948	0.00268	0.00811	0.00979	0.00981	0.20574
4	0.02763	0.22478	0.28739	0.02402	0.03552	0.02991	0.02696	0.13034	0.02695	0.06759	0.01962	0.02143	0.01461	0.01012	0.00893	0.00290	0.01279	0.00743	0.00596	0.01513
5	0.02507	0.03751	0.28323	0.03444	0.04661	0.02383	0.26429	0.03461	0.02369	0.09367	0.02194	0.02589	0.01555	0.00957	0.01089	0.00334	0.01543	0.00996	0.00565	0.01481
6	0.01246	0.00909	0.01175	0.01388	0.01478	0.00837	0.00934	0.01434	0.02005	0.02636	0.06160	0.57594	0.12133	0.03150	0.01300	0.00409	0.00587	0.02838	0.00953	0.00837
7	0.01765	0.01597	0.01553	0.01455	0.01751	0.09369	0.01092	0.02192	0.02840	0.03731	0.43692	0.07090	0.13963	0.02007	0.01170	0.00317	0.00684	0.01721	0.01023	0.00988
8	0.02679	0.19831	0.19894	0.06416	0.03799	0.02756	0.09020	0.03655	0.08451	0.10476	0.02324	0.02511	0.01720	0.01026	0.00939	0.00302	0.01254	0.00853	0.00630	0.01464
9	0.13416	0.01896	0.02758	0.02141	0.02830	0.01825	0.11144	0.03916	0.05945	0.28427	0.03185	0.03571	0.02355	0.10114	0.01607	0.00422	0.01036	0.01070	0.00928	0.01416
10	0.01250	0.00893	0.01191	0.01429	0.01488	0.00834	0.00953	0.01429	0.01965	0.02620	0.05656	0.63265	0.06787	0.03215	0.01310	0.00417	0.00595	0.02917	0.00953	0.00834
11	0.02552	0.02210	0.03466	0.17589	0.32552	0.02358	0.02694	0.03574	0.11861	0.07214	0.02457	0.02881	0.01902	0.01050	0.01024	0.00322	0.01155	0.00966	0.00646	0.01525

[dist]
# distance from previous block
# <min> <max>
0	1

[block]
# block no. 2 follows, 14 sequences, length 26
# corresponding to MSA columns:
# 192-214,217-219
name=unknown_C
#
# <colnr> <probs for GDERKNQSTAVLIFYWHMCP>
#	G	D	E	R	K	N	Q	S	T	A	V	L	I	F	Y	W	H	M	C	P
0	0.02826	0.13278	0.22386	0.03009	0.12923	0.02507	0.02631	0.03819	0.08710	0.14351	0.02513	0.02614	0.01828	0.01058	0.00951	0.00306	0.01183	0.00855	0.00689	0.01563
1	0.02074	0.01650	0.02356	0.05599	0.02502	0.02088	0.01731	0.02376	0.01738	0.07097	0.02276	0.03398	0.02092	0.08734	0.24448	0.00926	0.26254	0.01032	0.00570	0.01060
2	0.31136	0.11379	0.03395	0.02945	0.14275	0.02710	0.08880	0.07924	0.02302	0.04021	0.01719	0.02072	0.01369	0.00948	0.00834	0.00304	0.01086	0.00754	0.00601	0.01346
3	0.02220	0.01209	0.01557	0.01375	0.01757	0.01088	0.01064	0.02664	0.02812	0.16953	0.36619	0.06579	0.11433	0.01878	0.01133	0.00318	0.00580	0.01621	0.05995	0.01145
4	0.08397	0.47324	0.11537	0.01893	0.02809	0.03592	0.01949	0.03262	0.05941	0.02840	0.01678	0.01871	0.01429	0.00934	0.00724	0.00250	0.01104	0.00620	0.00499	0.01347
5	0.01509	0.01146	0.01546	0.01507	0.01646	0.01282	0.01112	0.01769	0.01760	0.02459	0.07892	0.05368	0.07564	0.21380	0.31845	0.01178	0.06209	0.01334	0.00641	0.00853
6	0.01452	0.01049	0.01372	0.01291	0.01533	0.00968	0.00968	0.01937	0.02905	0.04115	0.56992	0.07666	0.09683	0.02098	0.01210	0.00323	0.00484	0.01856	0.01130	0.00968
7	0.01269	0.00950	0.01179	0.01316	0.01470	0.00860	0.00913	0.01509	0.02184	0.02861	0.13832	0.42697	0.19400	0.02913	0.01273	0.00387	0.00562	0.02590	0.00977	0.00860
8	0.01250	0.00893	0.01191	0.01429	0.01488	0.00834	0.00953	0.01429	0.01965	0.02620	0.05656	0.63265	0.06787	0.03215	0.01310	0.00417	0.00595	0.02917	0.00953	0.00834
9	0.04604	0.01746	0.02382	0.01826	0.02620	0.01508	0.01508	0.05001	0.02937	0.58244	0.04049	0.03493	0.02540	0.01270	0.01032	0.00318	0.00873	0.01032	0.01270	0.01746
10	0.71184	0.01985	0.01508	0.01350	0.01985	0.02302	0.01111	0.03017	0.01746	0.04604	0.01429	0.01667	0.01111	0.00953	0.00635	0.00318	0.00794	0.00556	0.00635	0.01111
11	0.01466	0.01100	0.01649	0.01649	0.01833	0.01283	0.01283	0.01833	0.01649	0.02382	0.02749	0.04032	0.02566	0.07697	0.59868	0.01649	0.02749	0.01100	0.00550	0.00916
12	0.01250	0.00893	0.01191	0.01429	0.01488	0.00834	0.00953	0.01429	0.01965	0.02620	0.05656	0.63265	0.06787	0.03215	0.01310	0.00417	0.00595	0.02917	0.00953	0.00834
13	0.02322	0.02216	0.03773	0.26224	0.39307	0.02381	0.03041	0.02959	0.02234	0.03089	0.01892	0.02611	0.01533	0.00955	0.01020	0.00318	0.01273	0.00914	0.00489	0.01450
14	0.01250	0.00893	0.01191	0.01429	0.01488	0.00834	0.00953	0.01429	0.01965	0.02620	0.05656	0.63265	0.06787	0.03215	0.01310	0.00417	0.00595	0.02917	0.00953	0.00834
15	0.01213	0.01040	0.01040	0.01040	0.01386	0.00866	0.00780	0.01473	0.02339	0.02772	0.10396	0.09876	0.57117	0.02599	0.01213	0.00347	0.00520	0.02166	0.00953	0.00866
16	0.02128	0.01824	0.02128	0.01520	0.02432	0.01368	0.01216	0.02584	0.02128	0.03344	0.01824	0.02128	0.01520	0.00760	0.00760	0.00152	0.00760	0.00608	0.00608	0.70208
17	0.11133	0.02085	0.02514	0.01867	0.02729	0.01893	0.05074	0.11745	0.02632	0.08507	0.02085	0.02286	0.01594	0.00914	0.00845	0.00226	0.00906	0.00733	0.00731	0.39502
18	0.07612	0.04260	0.37336	0.03061	0.04338	0.02500	0.14496	0.08053	0.02443	0.03666	0.01921	0.02290	0.01385	0.00973	0.01006	0.00327	0.01472	0.00859	0.00524	0.01478
19	0.01250	0.00893	0.01191	0.01429	0.01488	0.00834	0.00953	0.01429	0.01965	0.02620	0.05656	0.63265	0.06787	0.03215	0.01310	0.00417	0.00595	0.02917	0.00953	0.00834
20	0.01769	0.00985	0.01086	0.01061	0.01301	0.00960	0.00796	0.02249	0.02388	0.03916	0.20138	0.05028	0.04838	0.01478	0.00872	0.00265	0.00480	0.01238	0.48191	0.00960
21	0.02190	0.01817	0.03012	0.55825	0.06647	0.02207	0.02723	0.02847	0.02136	0.07885	0.02034	0.02808	0.01479	0.01049	0.01027	0.00340	0.01321	0.00923	0.00533	0.01197
22	0.04255	0.01868	0.02676	0.02051	0.02847	0.01684	0.05781	0.04899	0.07300	0.49259	0.03899	0.03462	0.02510	0.01247	0.01048	0.00322	0.00938	0.01057	0.01190	0.01707
23	0.01480	0.01042	0.01360	0.01360	0.01443	0.01126	0.00922	0.01647	0.01564	0.02168	0.03013	0.05498	0.03202	0.38414	0.30021	0.01292	0.01791	0.01314	0.00589	0.00755
24	0.02153	0.03180	0.22926	0.07420	0.12232	0.01975	0.02578	0.02917	0.02169	0.03256	0.01847	0.02254	0.01445	0.00883	0.00899	0.00253	0.01153	0.00734	0.00517	0.29208
25	0.02418	0.07765	0.03234	0.43644	0.05847	0.14953	0.02569	0.02981	0.02241	0.02580	0.01739	0.02452	0.01354	0.01020	0.00973	0.00315	0.01450	0.00827	0.00470	0.01166

[dist]
# distance from previous block
# <min> <max>
0	34

[block]
# block no. 3 follows, 14 sequences, length 96
# corresponding to MSA columns:
# 254-349
name=unknown_D
#
# <colnr> <probs for GDERKNQSTAVLIFYWHMCP>
#	G	D	E	R	K	N	Q	S	T	A	V	L	I	F	Y	W	H	M	C	P
0	0.03369	0.01986	0.02971	0.20677	0.13946	0.02044	0.02246	0.07896	0.02713	0.27361	0.02866	0.03009	0.01957	0.01129	0.01027	0.00322	0.01106	0.00966	0.00867	0.01541
1	0.01596	0.01163	0.01574	0.01779	0.02030	0.01140	0.01540	0.02041	0.02359	0.03032	0.06079	0.11355	0.12569	0.02804	0.01391	0.00456	0.00890	0.44321	0.00946	0.00935
2	0.01285	0.00920	0.01222	0.01405	0.01496	0.00857	0.00955	0.01516	0.02126	0.02876	0.14468	0.53721	0.07284	0.03023	0.01293	0.00401	0.00576	0.02735	0.00983	0.00857
3	0.03833	0.04891	0.02908	0.02644	0.03173	0.59815	0.01983	0.04098	0.02908	0.02512	0.01586	0.01851	0.01322	0.01058	0.00925	0.00264	0.01851	0.00661	0.00529	0.01190
4	0.01213	0.01040	0.01040	0.01040	0.01386	0.00866	0.00780	0.01473	0.02339	0.02772	0.10396	0.09876	0.57117	0.02599	0.01213	0.00347	0.00520	0.02166	0.00953	0.00866
5	0.02245	0.02245	0.03143	0.02694	0.02694	0.03143	0.02245	0.02470	0.01572	0.02470	0.01347	0.02245	0.01347	0.01796	0.03368	0.00449	0.62057	0.00898	0.00449	0.01123
6	0.02128	0.01824	0.02128	0.01520	0.02432	0.01368	0.01216	0.02584	0.02128	0.03344	0.01824	0.02128	0.01520	0.00760	0.00760	0.00152	0.00760	0.00608	0.00608	0.70208
7	0.33459	0.01850	0.02003	0.01619	0.02344	0.01852	0.01336	0.04141	0.02421	0.34997	0.02913	0.02702	0.01921	0.01133	0.00860	0.00318	0.00839	0.00826	0.00995	0.01471
8	0.01250	0.00893	0.01191	0.01429	0.01488	0.00834	0.00953	0.01429	0.01965	0.02620	0.05656	0.63265	0.06787	0.03215	0.01310	0.00417	0.00595	0.02917	0.00953	0.00834
9	0.01250	0.00893	0.01191	0.01429	0.01488	0.00834	0.00953	0.01429	0.01965	0.02620	0.05656	0.63265	0.06787	0.03215	0.01310	0.00417	0.00595	0.02917	0.00953	0.00834
10	0.02128	0.01824	0.02128	0.01520	0.02432	0.01368	0.01216	0.02584	0.02128	0.03344	0.01824	0.02128	0.01520	0.00760	0.00760	0.00152	0.00760	0.00608	0.00608	0.70208
11	0.04305	0.02361	0.02662	0.02070	0.02855	0.06196	0.01696	0.22080	0.03594	0.36248	0.03322	0.03018	0.02177	0.01242	0.01023	0.00310	0.01031	0.00968	0.01133	0.01707
12	0.01492	0.00995	0.01119	0.01119	0.01119	0.00995	0.00622	0.01492	0.01492	0.01990	0.03233	0.06716	0.03731	0.63935	0.05223	0.00995	0.00995	0.01492	0.00622	0.00622
13	0.71184	0.01985	0.01508	0.01350	0.01985	0.02302	0.01111	0.03017	0.01746	0.04604	0.01429	0.01667	0.01111	0.00953	0.00635	0.00318	0.00794	0.00556	0.00635	0.01111
14	0.71184	0.01985	0.01508	0.01350	0.01985	0.02302	0.01111	0.03017	0.01746	0.04604	0.01429	0.01667	0.01111	0.00953	0.00635	0.00318	0.00794	0.00556	0.00635	0.01111
15	0.02598	0.02417	0.03972	0.11155	0.48204	0.02486	0.03020	0.07397	0.02520	0.03547	0.01965	0.02552	0.01611	0.00952	0.01018	0.00309	0.01226	0.00915	0.00547	0.01590
16	0.71184	0.01985	0.01508	0.01350	0.01985	0.02302	0.01111	0.03017	0.01746	0.04604	0.01429	0.01667	0.01111	0.00953	0.00635	0.00318	0.00794	0.00556	0.00635	0.01111
17	0.01526	0.01108	0.01581	0.01735	0.01926	0.01163	0.01417	0.01917	0.02054	0.02763	0.04539	0.16961	0.04886	0.04577	0.21633	0.00871	0.01515	0.26102	0.00809	0.00918
18	0.01803	0.01596	0.02296	0.02102	0.02206	0.02088	0.01700	0.02108	0.01616	0.02420	0.02142	0.03258	0.02038	0.05141	0.35401	0.01130	0.28432	0.01012	0.00506	0.01006
19	0.71184	0.01985	0.01508	0.01350	0.01985	0.02302	0.01111	0.03017	0.01746	0.04604	0.01429	0.01667	0.01111	0.00953	0.00635	0.00318	0.00794	0.00556	0.00635	0.01111
20	0.11477	0.08368	0.27902	0.02245	0.03191	0.02259	0.02480	0.03029	0.02119	0.08382	0.02812	0.07858	0.05595	0.01361	0.01162	0.00335	0.06445	0.01029	0.00619	0.01333
21	0.02577	0.02771	0.03285	0.29164	0.17018	0.16893	0.02646	0.03099	0.02290	0.02745	0.01746	0.02426	0.01412	0.01076	0.01202	0.00323	0.06733	0.00848	0.00485	0.01260
22	0.01452	0.01049	0.01372	0.01291	0.01533	0.00968	0.00968	0.01937	0.02905	0.04115	0.56992	0.07666	0.09683	0.02098	0.01210	0.00323	0.00484	0.01856	0.01130	0.00968
23	0.02245	0.02245	0.03143	0.02694	0.02694	0.03143	0.02245	0.02470	0.01572	0.02470	0.01347	0.02245	0.01347	0.01796	0.03368	0.00449	0.62057	0.00898	0.00449	0.01123
24	0.02783	0.02953	0.13767	0.08074	0.28421	0.02469	0.06320	0.11176	0.02727	0.08178	0.02170	0.02565	0.01638	0.01007	0.01025	0.00315	0.01275	0.00917	0.00633	0.01587
25	0.04604	0.01746	0.02382	0.01826	0.02620	0.01508	0.01508	0.05001	0.02937	0.58244	0.04049	0.03493	0.02540	0.01270	0.01032	0.00318	0.00873	0.01032	0.01270	0.01746
26	0.01452	0.01049	0.01372	0.01291	0.01533	0.00968	0.00968	0.01937	0.02905	0.04115	0.56992	0.07666	0.09683	0.02098	0.01210	0.00323	0.00484	0.01856	0.01130	0.00968
27	0.01343	0.01032	0.01228	0.01207	0.01473	0.00917	0.00894	0.01714	0.02605	0.03467	0.34559	0.13414	0.27660	0.02389	0.01220	0.00340	0.00508	0.02069	0.01046	0.00917
28	0.08935	0.02426	0.02454	0.01993	0.02713	0.11935	0.01603	0.08029	0.07422	0.36733	0.03339	0.03037	0.02224	0.01218	0.00986	0.00310	0.01050	0.00937	0.01061	0.01594
29	0.03901	0.02874	0.03080	0.02361	0.03182	0.03182	0.01951	0.54111	0.04825	0.06468	0.02464	0.02464	0.01745	0.01232	0.01027	0.00308	0.01129	0.00924	0.01027	0.01745
30	0.71184	0.01985	0.01508	0.01350	0.01985	0.02302	0.01111	0.03017	0.01746	0.04604	0.01429	0.01667	0.01111	0.00953	0.00635	0.00318	0.00794	0.00556	0.00635	0.01111
31	0.03844	0.01578	0.02138	0.01697	0.02358	0.01378	0.01378	0.04262	0.02929	0.45190	0.16817	0.04499	0.04263	0.01470	0.01075	0.00319	0.00779	0.01231	0.01236	0.01559
32	0.01938	0.01824	0.03078	0.61468	0.07068	0.02280	0.02850	0.02622	0.02052	0.02622	0.01824	0.02736	0.01368	0.01026	0.01026	0.00342	0.01368	0.00912	0.00456	0.01140
33	0.01472	0.00986	0.01125	0.01145	0.01150	0.00981	0.00650	0.01487	0.01532	0.02043	0.03438	0.11484	0.03989	0.58815	0.04893	0.00946	0.00961	0.01613	0.00650	0.00640
34	0.03156	0.02504	0.02660	0.02210	0.02899	0.02834	0.01770	0.27231	0.32919	0.05266	0.03410	0.03218	0.02512	0.01320	0.01036	0.00330	0.00954	0.01054	0.01036	0.01678
35	0.71184	0.01985	0.01508	0.01350	0.01985	0.02302	0.01111	0.03017	0.01746	0.04604	0.01429	0.01667	0.01111	0.00953	0.00635	0.00318	0.00794	0.00556	0.00635	0.01111
36	0.02128	0.01824	0.02128	0.01520	0.02432	0.01368	0.01216	0.02584	0.02128	0.03344	0.01824	0.02128	0.01520	0.00760	0.00760	0.00152	0.00760	0.00608	0.00608	0.70208
37	0.02642	0.02249	0.02371	0.02106	0.02702	0.02594	0.01646	0.08670	0.52317	0.04437	0.04064	0.03739	0.03041	0.01382	0.01043	0.00345	0.00833	0.01145	0.01043	0.01632
38	0.01384	0.01046	0.01277	0.01220	0.01491	0.00939	0.00915	0.01805	0.02744	0.03734	0.43756	0.08294	0.23156	0.02240	0.01211	0.00330	0.00494	0.01944	0.01079	0.00939
39	0.02245	0.02245	0.03143	0.02694	0.02694	0.03143	0.02245	0.02470	0.01572	0.02470	0.01347	0.02245	0.01347	0.01796	0.03368	0.00449	0.62057	0.00898	0.00449	0.01123
40	0.01492	0.00995	0.01119	0.01119	0.01119	0.00995	0.00622	0.01492	0.01492	0.01990	0.03233	0.06716	0.03731	0.63935	0.05223	0.00995	0.00995	0.01492	0.00622	0.00622
41	0.01452	0.01049	0.01372	0.01291	0.01533	0.00968	0.00968	0.01937	0.02905	0.04115	0.56992	0.07666	0.09683	0.02098	0.01210	0.00323	0.00484	0.01856	0.01130	0.00968
42	0.03120	0.43973	0.04526	0.02062	0.02820	0.23292	0.01834	0.03426	0.02369	0.02448	0.01482	0.01717	0.01319	0.00940	0.00751	0.00235	0.01357	0.00587	0.00470	0.01273
43	0.02058	0.05308	0.58618	0.02925	0.04442	0.02383	0.03792	0.03250	0.02167	0.03250	0.01842	0.02167	0.01300	0.00975	0.00975	0.00325	0.01517	0.00758	0.00433	0.01517
44	0.13191	0.04084	0.32528	0.02913	0.08110	0.07715	0.05762	0.03434	0.02264	0.07995	0.01958	0.02234	0.01417	0.00993	0.00939	0.00317	0.01370	0.00779	0.00554	0.01444
45	0.01485	0.01025	0.01270	0.01270	0.01322	0.01077	0.00810	0.01589	0.01537	0.02102	0.03095	0.05951	0.03399	0.47917	0.20787	0.01181	0.01494	0.01380	0.00601	0.00706
46	0.02744	0.64552	0.05378	0.01756	0.02634	0.04061	0.01756	0.03073	0.02085	0.02414	0.01427	0.01646	0.01317	0.00878	0.00658	0.00219	0.01097	0.00549	0.00439	0.01317
47	0.02478	0.07809	0.12887	0.02947	0.12585	0.02624	0.02287	0.04467	0.32529	0.03792	0.03148	0.03132	0.02397	0.01193	0.00996	0.00326	0.01031	0.00997	0.00793	0.01581
48	0.71184	0.01985	0.01508	0.01350	0.01985	0.02302	0.01111	0.03017	0.01746	0.04604	0.01429	0.01667	0.01111	0.00953	0.00635	0.00318	0.00794	0.00556	0.00635	0.01111
49	0.02470	0.02085	0.03027	0.03610	0.26306	0.01841	0.02073	0.02989	0.02272	0.06977	0.02017	0.02397	0.01633	0.00861	0.00889	0.00229	0.00966	0.00769	0.00608	0.35983
50	0.01213	0.01040	0.01040	0.01040	0.01386	0.00866	0.00780	0.01473	0.02339	0.02772	0.10396	0.09876	0.57117	0.02599	0.01213	0.00347	0.00520	0.02166	0.00953	0.00866
51	0.01321	0.00948	0.01254	0.01381	0.01504	0.00881	0.00958	0.01606	0.02293	0.03142	0.23597	0.43834	0.07799	0.02825	0.01275	0.00384	0.00557	0.02546	0.01014	0.00881
52	0.04604	0.01746	0.02382	0.01826	0.02620	0.01508	0.01508	0.05001	0.02937	0.58244	0.04049	0.03493	0.02540	0.01270	0.01032	0.00318	0.00873	0.01032	0.01270	0.01746
53	0.02422	0.02768	0.06055	0.04325	0.05363	0.02595	0.53806	0.03287	0.02422	0.03287	0.02076	0.02768	0.01557	0.00865	0.01211	0.00346	0.01730	0.01211	0.00519	0.01384
54	0.02718	0.01768	0.02670	0.34220	0.04950	0.01969	0.02202	0.03487	0.06860	0.18940	0.07315	0.03461	0.02555	0.01217	0.01045	0.00334	0.01104	0.01047	0.00797	0.01341
55	0.01746	0.01298	0.01602	0.01450	0.01730	0.01333	0.01122	0.06379	0.02831	0.04019	0.38447	0.06625	0.12128	0.01966	0.01339	0.00327	0.05895	0.01644	0.07081	0.01037
56	0.01430	0.01048	0.01341	0.01267	0.01519	0.00959	0.00951	0.01893	0.02852	0.03989	0.52610	0.07873	0.14144	0.02145	0.01211	0.00325	0.00487	0.01885	0.01113	0.00959
57	0.08814	0.01833	0.02174	0.06742	0.02809	0.01547	0.01373	0.02832	0.02154	0.08029	0.01974	0.02253	0.01554	0.00844	0.00794	0.00198	0.00826	0.00665	0.00653	0.51932
58	0.01430	0.01048	0.01341	0.01267	0.01519	0.00959	0.00951	0.01893	0.02852	0.03989	0.52610	0.07873	0.14144	0.02145	0.01211	0.00325	0.00487	0.01885	0.01113	0.00959
59	0.02067	0.07235	0.02014	0.01604	0.01908	0.01605	0.01241	0.06537	0.02117	0.07566	0.03305	0.10115	0.03304	0.19017	0.20905	0.00922	0.01527	0.05266	0.00727	0.01019
60	0.02234	0.12592	0.02686	0.01560	0.02467	0.01830	0.01309	0.02668	0.02121	0.03184	0.01756	0.02045	0.01485	0.00780	0.00743	0.00164	0.00818	0.00598	0.00579	0.58382
61	0.02720	0.12918	0.02887	0.02025	0.02656	0.02780	0.01649	0.13512	0.32746	0.04223	0.03519	0.08219	0.02878	0.01429	0.00997	0.00325	0.00900	0.01161	0.00929	0.01527
62	0.02653	0.58566	0.04998	0.01717	0.02512	0.03763	0.01675	0.02910	0.02015	0.02355	0.01460	0.01785	0.01361	0.01131	0.00974	0.06795	0.01078	0.00581	0.00440	0.01235
63	0.02714	0.12961	0.03061	0.09800	0.03315	0.02873	0.01857	0.12204	0.31634	0.04089	0.03134	0.03101	0.02377	0.01232	0.00973	0.00319	0.00983	0.00986	0.00861	0.01527
64	0.02908	0.01837	0.02296	0.01718	0.02513	0.01568	0.01397	0.03325	0.02330	0.20321	0.02473	0.02562	0.01822	0.01010	0.01074	0.00230	0.06196	0.00765	0.00800	0.42855
65	0.02422	0.08650	0.20655	0.03925	0.22680	0.02511	0.07173	0.07297	0.02404	0.03374	0.02031	0.02729	0.01689	0.06505	0.01360	0.00368	0.01315	0.00912	0.00534	0.01467
66	0.02838	0.17255	0.10209	0.03165	0.04168	0.02731	0.27974	0.03528	0.02408	0.12514	0.02241	0.02574	0.01646	0.00948	0.01029	0.00310	0.01415	0.00983	0.00621	0.01443
67	0.01341	0.00978	0.01261	0.01331	0.01500	0.00899	0.00945	0.01668	0.02434	0.03328	0.29911	0.32745	0.12566	0.02642	0.01255	0.00367	0.00537	0.02358	0.01035	0.00899
68	0.04604	0.01746	0.02382	0.01826	0.02620	0.01508	0.01508	0.05001	0.02937	0.58244	0.04049	0.03493	0.02540	0.01270	0.01032	0.00318	0.00873	0.01032	0.01270	0.01746
69	0.04129	0.02068	0.07402	0.07532	0.03199	0.01658	0.01836	0.04623	0.02786	0.48168	0.03645	0.03305	0.02321	0.01221	0.01026	0.00320	0.00976	0.00997	0.01120	0.01669
70	0.02103	0.02091	0.03063	0.56354	0.06729	0.07282	0.02775	0.02750	0.02126	0.02612	0.01803	0.02659	0.01364	0.01029	0.01017	0.00335	0.01410	0.00890	0.00462	0.01144
71	0.01452	0.01049	0.01372	0.01291	0.01533	0.00968	0.00968	0.01937	0.02905	0.04115	0.56992	0.07666	0.09683	0.02098	0.01210	0.00323	0.00484	0.01856	0.01130	0.00968
72	0.01250	0.00893	0.01191	0.01429	0.01488	0.00834	0.00953	0.01429	0.01965	0.02620	0.05656	0.63265	0.06787	0.03215	0.01310	0.00417	0.00595	0.02917	0.00953	0.00834
73	0.02886	0.02376	0.08165	0.16033	0.24898	0.02178	0.02629	0.03671	0.06166	0.16886	0.02584	0.02875	0.01877	0.01065	0.01020	0.00320	0.01162	0.00947	0.00718	0.01545
74	0.02099	0.04150	0.37609	0.03222	0.04466	0.02313	0.18784	0.03103	0.02227	0.03206	0.02245	0.07662	0.01855	0.01136	0.01076	0.00339	0.01502	0.01084	0.00505	0.01417
75	0.02058	0.05308	0.58618	0.02925	0.04442	0.02383	0.03792	0.03250	0.02167	0.03250	0.01842	0.02167	0.01300	0.00975	0.00975	0.00325	0.01517	0.00758	0.00433	0.01517
76	0.02245	0.02245	0.03143	0.02694	0.02694	0.03143	0.02245	0.02470	0.01572	0.02470	0.01347	0.02245	0.01347	0.01796	0.03368	0.00449	0.62057	0.00898	0.00449	0.01123
77	0.02248	0.02486	0.13252	0.15920	0.08787	0.01975	0.11438	0.02955	0.02405	0.09077	0.10917	0.04022	0.07412	0.01293	0.01092	0.00331	0.01193	0.01193	0.00694	0.01309
78	0.01360	0.00978	0.01289	0.01354	0.01513	0.00907	0.00961	0.01705	0.02476	0.03433	0.33558	0.33046	0.08361	0.02608	0.01256	0.00366	0.00535	0.02340	0.01049	0.00907
79	0.01477	0.01054	0.01420	0.01420	0.01524	0.01158	0.00997	0.01685	0.01581	0.02212	0.02959	0.05194	0.03070	0.32050	0.36204	0.01366	0.01989	0.01270	0.00581	0.00789
80	0.02481	0.01909	0.02231	0.01618	0.02512	0.01537	0.01303	0.07258	0.02428	0.08029	0.02058	0.02267	0.01622	0.00842	0.00805	0.00179	0.00801	0.00670	0.00698	0.58752
81	0.02144	0.02722	0.15683	0.21085	0.04378	0.02432	0.02613	0.07152	0.02246	0.03151	0.05094	0.06560	0.02188	0.01421	0.01621	0.00365	0.16276	0.01054	0.00568	0.01247
82	0.02081	0.01104	0.01331	0.01220	0.01536	0.01037	0.00934	0.02551	0.02585	0.11379	0.26674	0.05443	0.05672	0.01597	0.00974	0.00286	0.00535	0.01356	0.30637	0.01069
83	0.01706	0.01105	0.01453	0.01334	0.01620	0.01012	0.01012	0.02183	0.02907	0.08467	0.52735	0.07330	0.09109	0.02031	0.01196	0.00322	0.00515	0.01790	0.01141	0.01031
84	0.04487	0.01935	0.02498	0.01915	0.02714	0.01788	0.01582	0.13219	0.03253	0.49580	0.03783	0.03321	0.02407	0.01264	0.01031	0.00316	0.00916	0.01014	0.01229	0.01746
85	0.04604	0.01746	0.02382	0.01826	0.02620	0.01508	0.01508	0.05001	0.02937	0.58244	0.04049	0.03493	0.02540	0.01270	0.01032	0.00318	0.00873	0.01032	0.01270	0.01746
86	0.01284	0.00917	0.01229	0.01467	0.01542	0.00863	0.01011	0.01487	0.01998	0.02657	0.05638	0.58946	0.06714	0.03183	0.01319	0.00421	0.00625	0.06904	0.00952	0.00843
87	0.01773	0.00985	0.01083	0.01058	0.01298	0.00960	0.00794	0.02253	0.02381	0.03914	0.19646	0.04993	0.04773	0.01470	0.00867	0.00265	0.00480	0.01230	0.48819	0.00960
88	0.02629	0.54607	0.14315	0.01952	0.02937	0.03779	0.02098	0.03103	0.02099	0.02555	0.01496	0.01734	0.01314	0.00894	0.00712	0.00237	0.01168	0.00584	0.00438	0.01350
89	0.43545	0.22785	0.02906	0.05716	0.02558	0.02885	0.01448	0.03008	0.01881	0.03736	0.01456	0.01735	0.01198	0.00933	0.00670	0.00287	0.00935	0.00578	0.00557	0.01182
90	0.01938	0.01824	0.03078	0.61468	0.07068	0.02280	0.02850	0.02622	0.02052	0.02622	0.01824	0.02736	0.01368	0.01026	0.01026	0.00342	0.01368	0.00912	0.00456	0.01140
91	0.01265	0.01042	0.01112	0.01094	0.01418	0.00889	0.00821	0.01574	0.02463	0.03065	0.20564	0.09394	0.46766	0.02490	0.01212	0.00341	0.00512	0.02098	0.00992	0.00889
92	0.10141	0.02631	0.12318	0.17505	0.04079	0.02367	0.02278	0.08125	0.16664	0.09655	0.02703	0.02869	0.01955	0.01150	0.00980	0.00332	0.01110	0.00926	0.00763	0.01447
93	0.01657	0.00936	0.01243	0.01243	0.01243	0.00936	0.00775	0.01404	0.01404	0.01872	0.02411	0.04677	0.02626	0.29708	0.04536	0.40199	0.00936	0.01152	0.00522	0.00522
94	0.01938	0.01824	0.03078	0.61468	0.07068	0.02280	0.02850	0.02622	0.02052	0.02622	0.01824	0.02736	0.01368	0.01026	0.01026	0.00342	0.01368	0.00912	0.00456	0.01140
95	0.02418	0.22901	0.37985	0.02527	0.03793	0.02954	0.03026	0.07446	0.02364	0.03268	0.01769	0.02035	0.01342	0.00967	0.00884	0.00292	0.01358	0.00709	0.00485	0.01476

[dist]
# distance from previous block
# <min> <max>
0	1

[block]
# block no. 4 follows, 14 sequences, length 6
# corresponding to MSA columns:
# 351-356
name=unknown_E
#
# <colnr> <probs for GDERKNQSTAVLIFYWHMCP>
#	G	D	E	R	K	N	Q	S	T	A	V	L	I	F	Y	W	H	M	C	P
0	0.02744	0.64552	0.05378	0.01756	0.02634	0.04061	0.01756	0.03073	0.02085	0.02414	0.01427	0.01646	0.01317	0.00878	0.00658	0.00219	0.01097	0.00549	0.00439	0.01317
1	0.71184	0.01985	0.01508	0.01350	0.01985	0.02302	0.01111	0.03017	0.01746	0.04604	0.01429	0.01667	0.01111	0.00953	0.00635	0.00318	0.00794	0.00556	0.00635	0.01111
2	0.01339	0.01045	0.01215	0.01172	0.01464	0.00920	0.00879	0.01718	0.02638	0.03481	0.35000	0.08709	0.32070	0.02334	0.01212	0.00334	0.00501	0.02002	0.01046	0.00920
3	0.11973	0.01847	0.02040	0.01496	0.02368	0.01501	0.01201	0.02646	0.02074	0.03524	0.01768	0.02062	0.01462	0.00787	0.00742	0.00176	0.00765	0.00601	0.00612	0.60358
4	0.01388	0.01030	0.01151	0.01124	0.01391	0.00922	0.00822	0.01719	0.02429	0.03250	0.24675	0.08241	0.30728	0.08237	0.01553	0.00391	0.00550	0.01879	0.07634	0.00886
5	0.01329	0.01030	0.01231	0.01357	0.01593	0.00932	0.01039	0.01616	0.02235	0.02799	0.07819	0.25950	0.30111	0.02836	0.01290	0.00397	0.00644	0.13965	0.00951	0.00875

[dist]
# distance from previous block
# <min> <max>
0	10

# created by:
# /st0/software/busco_prod/Augustus/scripts/msa2prfl.pl ./align_prep/4023.fa
