[name]
unknown

[dist]
# distance from previous block
# <min> <max>
0	106

[block]
# block no. 0 follows, 15 sequences, length 58
# corresponding to MSA columns:
# 130-187
name=unknown_A
#
# <colnr> <probs for GDERKNQSTAVLIFYWHMCP>
#	G	D	E	R	K	N	Q	S	T	A	V	L	I	F	Y	W	H	M	C	P
0	0.01771	0.01335	0.01728	0.01872	0.02165	0.01398	0.01601	0.02674	0.12585	0.03207	0.05048	0.09828	0.05230	0.02490	0.01309	0.00436	0.00894	0.42451	0.00936	0.01042
1	0.03019	0.02928	0.17164	0.02680	0.07084	0.02241	0.07410	0.14687	0.07847	0.16925	0.02843	0.05971	0.02122	0.01204	0.01019	0.00318	0.01140	0.01031	0.00825	0.01541
2	0.02451	0.03578	0.27703	0.03122	0.07492	0.02394	0.14562	0.07119	0.11283	0.06833	0.02379	0.02615	0.01727	0.01019	0.01018	0.00321	0.01329	0.00934	0.00627	0.01496
3	0.02786	0.01979	0.02187	0.01917	0.02482	0.02187	0.01491	0.04956	0.43030	0.14426	0.03972	0.03846	0.02974	0.05606	0.01285	0.00375	0.00812	0.01125	0.01028	0.01535
4	0.67346	0.06205	0.01718	0.01338	0.01970	0.02351	0.01122	0.02934	0.01719	0.04330	0.01388	0.01618	0.01093	0.00921	0.00618	0.00302	0.00791	0.00539	0.00604	0.01093
5	0.72007	0.01928	0.01465	0.01311	0.01928	0.02236	0.01080	0.02930	0.01697	0.04473	0.01388	0.01619	0.01080	0.00925	0.00617	0.00308	0.00771	0.00540	0.00617	0.01080
6	0.02831	0.56124	0.04865	0.01823	0.02639	0.09436	0.01738	0.06033	0.02253	0.02576	0.01458	0.01663	0.01303	0.00889	0.00685	0.00222	0.01139	0.00564	0.00467	0.01291
7	0.01999	0.05157	0.59800	0.02841	0.04315	0.02315	0.03683	0.03157	0.02105	0.03157	0.01789	0.02105	0.01263	0.00947	0.00947	0.00316	0.01473	0.00737	0.00421	0.01473
8	0.02827	0.01673	0.02439	0.02840	0.17231	0.01593	0.01741	0.06390	0.02502	0.22473	0.03799	0.23051	0.03534	0.01758	0.01086	0.00336	0.00865	0.01566	0.00920	0.01374
9	0.02649	0.04248	0.44707	0.02561	0.03850	0.02092	0.03101	0.03604	0.02301	0.17933	0.02352	0.02443	0.01579	0.01022	0.00962	0.00314	0.01309	0.00806	0.00634	0.01532
10	0.04239	0.02072	0.02546	0.01952	0.02732	0.02023	0.01612	0.22194	0.03482	0.41213	0.03405	0.03050	0.02203	0.01221	0.01001	0.00305	0.00934	0.00967	0.01153	0.01696
11	0.01411	0.01019	0.01333	0.01254	0.01489	0.00941	0.00941	0.01881	0.02822	0.03998	0.58221	0.07447	0.09406	0.02038	0.01176	0.00314	0.00470	0.01803	0.01097	0.00941
12	0.02532	0.02171	0.03643	0.18241	0.41758	0.02247	0.02840	0.03120	0.02265	0.08557	0.02052	0.02600	0.01610	0.00946	0.00991	0.00305	0.01184	0.00899	0.00554	0.01486
13	0.09513	0.12215	0.03114	0.02663	0.09230	0.30999	0.01905	0.06510	0.09086	0.03114	0.01888	0.02091	0.01530	0.01026	0.00866	0.00272	0.01376	0.00717	0.00594	0.01293
14	0.01424	0.01068	0.01602	0.01602	0.01780	0.01246	0.01246	0.01780	0.01602	0.02314	0.02670	0.03916	0.02492	0.07477	0.61015	0.01602	0.02670	0.01068	0.00534	0.00890
15	0.01450	0.00966	0.01087	0.01087	0.01087	0.00966	0.00604	0.01450	0.01450	0.01933	0.03141	0.06524	0.03624	0.64965	0.05074	0.00966	0.00966	0.01450	0.00604	0.00604
16	0.03274	0.30568	0.03843	0.02202	0.02860	0.36757	0.01833	0.03558	0.02486	0.02400	0.01475	0.01713	0.01282	0.00953	0.00789	0.00238	0.01487	0.00596	0.00477	0.01208
17	0.02479	0.02158	0.02381	0.02319	0.06581	0.02472	0.01683	0.05138	0.53062	0.04105	0.03902	0.03630	0.02939	0.01320	0.01012	0.00335	0.00817	0.01110	0.00977	0.01578
18	0.02773	0.01973	0.06465	0.02001	0.02648	0.01739	0.06720	0.06698	0.12226	0.20404	0.20072	0.04467	0.04459	0.01439	0.01070	0.00318	0.00862	0.01260	0.01012	0.01396
19	0.72007	0.01928	0.01465	0.01311	0.01928	0.02236	0.01080	0.02930	0.01697	0.04473	0.01388	0.01619	0.01080	0.00925	0.00617	0.00308	0.00771	0.00540	0.00617	0.01080
20	0.01692	0.01025	0.01186	0.01142	0.01204	0.01007	0.00673	0.01723	0.01562	0.06551	0.03205	0.06272	0.03531	0.59848	0.04747	0.00914	0.00957	0.01414	0.00655	0.00692
21	0.02175	0.09979	0.51379	0.02731	0.04086	0.06603	0.03400	0.03202	0.02149	0.03041	0.01739	0.02042	0.01266	0.00945	0.00919	0.00303	0.01464	0.00714	0.00428	0.01435
22	0.01883	0.01772	0.02990	0.62569	0.06866	0.02215	0.02769	0.02547	0.01993	0.02547	0.01772	0.02658	0.01329	0.00997	0.00997	0.00332	0.01329	0.00886	0.00443	0.01107
23	0.01732	0.00866	0.01299	0.01299	0.01299	0.00866	0.00866	0.01299	0.01299	0.01732	0.01732	0.03030	0.01732	0.03463	0.03896	0.70996	0.00866	0.00866	0.00433	0.00433
24	0.02908	0.03397	0.03438	0.18055	0.12697	0.30260	0.09050	0.03389	0.02477	0.02685	0.01709	0.02223	0.01369	0.00975	0.00971	0.00291	0.01575	0.00807	0.00492	0.01232
25	0.02411	0.02311	0.03944	0.11603	0.53707	0.02354	0.03031	0.03010	0.02243	0.03188	0.01865	0.02486	0.01555	0.00899	0.00988	0.00300	0.01198	0.00888	0.00489	0.01533
26	0.01178	0.01010	0.01010	0.01010	0.01347	0.00842	0.00757	0.01431	0.02272	0.02693	0.10099	0.09594	0.58342	0.02525	0.01178	0.00337	0.00505	0.02104	0.00926	0.00842
27	0.01424	0.01068	0.01602	0.01602	0.01780	0.01246	0.01246	0.01780	0.01602	0.02314	0.02670	0.03916	0.02492	0.07477	0.61015	0.01602	0.02670	0.01068	0.00534	0.00890
28	0.72007	0.01928	0.01465	0.01311	0.01928	0.02236	0.01080	0.02930	0.01697	0.04473	0.01388	0.01619	0.01080	0.00925	0.00617	0.00308	0.00771	0.00540	0.00617	0.01080
29	0.02090	0.04589	0.48964	0.02688	0.03990	0.02346	0.03287	0.03560	0.12431	0.03348	0.02216	0.02409	0.01598	0.01023	0.00960	0.00320	0.01344	0.00810	0.00533	0.01493
30	0.02480	0.02141	0.02254	0.02029	0.02592	0.02480	0.01578	0.05297	0.56946	0.04170	0.04057	0.03719	0.03043	0.01352	0.01014	0.00338	0.00789	0.01127	0.01014	0.01578
31	0.02704	0.51555	0.11556	0.01921	0.02828	0.06722	0.01967	0.05982	0.02226	0.02668	0.01499	0.01715	0.01301	0.00893	0.00710	0.00233	0.01156	0.00584	0.00462	0.01319
32	0.02247	0.12405	0.47681	0.02678	0.03983	0.08209	0.03274	0.03216	0.02165	0.02989	0.01716	0.02014	0.01267	0.00944	0.00905	0.00298	0.01456	0.00703	0.00431	0.01419
33	0.01390	0.01018	0.01303	0.01232	0.01476	0.00932	0.00924	0.01840	0.02772	0.03879	0.53834	0.07642	0.13867	0.02082	0.01176	0.00316	0.00473	0.01830	0.01082	0.00932
34	0.03730	0.04573	0.02840	0.02543	0.03083	0.55688	0.01923	0.08670	0.02995	0.02790	0.01619	0.01852	0.01322	0.01043	0.00908	0.00261	0.01734	0.00665	0.00558	0.01205
35	0.02551	0.02370	0.03884	0.09286	0.50442	0.02425	0.02935	0.07801	0.02473	0.03488	0.01916	0.02472	0.01574	0.00923	0.00988	0.00299	0.01185	0.00889	0.00536	0.01560
36	0.01411	0.01019	0.01333	0.01254	0.01489	0.00941	0.00941	0.01881	0.02822	0.03998	0.58221	0.07447	0.09406	0.02038	0.01176	0.00314	0.00470	0.01803	0.01097	0.00941
37	0.02353	0.02689	0.05882	0.04202	0.05210	0.02521	0.55126	0.03193	0.02353	0.03193	0.02017	0.02689	0.01513	0.00840	0.01176	0.00336	0.01681	0.01176	0.00504	0.01345
38	0.01297	0.00927	0.01251	0.01482	0.01576	0.00881	0.01069	0.01531	0.01990	0.02637	0.05449	0.53135	0.06413	0.03045	0.01294	0.00416	0.00650	0.13199	0.00924	0.00833
39	0.02665	0.65565	0.05224	0.01706	0.02559	0.03945	0.01706	0.02985	0.02026	0.02345	0.01386	0.01599	0.01279	0.00853	0.00640	0.00213	0.01066	0.00533	0.00426	0.01279
40	0.01178	0.01010	0.01010	0.01010	0.01347	0.00842	0.00757	0.01431	0.02272	0.02693	0.10099	0.09594	0.58342	0.02525	0.01178	0.00337	0.00505	0.02104	0.00926	0.00842
41	0.01883	0.01772	0.02990	0.62569	0.06866	0.02215	0.02769	0.02547	0.01993	0.02547	0.01772	0.02658	0.01329	0.00997	0.00997	0.00332	0.01329	0.00886	0.00443	0.01107
42	0.02630	0.03717	0.17876	0.03057	0.03976	0.17040	0.19228	0.03767	0.12423	0.03176	0.02216	0.02510	0.01674	0.01007	0.01020	0.00312	0.01495	0.00925	0.00579	0.01372
43	0.72007	0.01928	0.01465	0.01311	0.01928	0.02236	0.01080	0.02930	0.01697	0.04473	0.01388	0.01619	0.01080	0.00925	0.00617	0.00308	0.00771	0.00540	0.00617	0.01080
44	0.02181	0.02181	0.03053	0.02617	0.02617	0.03053	0.02181	0.02399	0.01527	0.02399	0.01309	0.02181	0.01309	0.01745	0.03272	0.00436	0.63141	0.00872	0.00436	0.01091
45	0.03746	0.02037	0.03537	0.02606	0.03459	0.01827	0.19863	0.04287	0.02682	0.40154	0.03276	0.03152	0.02140	0.01099	0.01062	0.00318	0.01134	0.01062	0.00984	0.01576
46	0.02153	0.02209	0.04363	0.03907	0.15747	0.02104	0.30417	0.02846	0.02420	0.03345	0.12776	0.04078	0.03280	0.01197	0.01149	0.00331	0.01299	0.04449	0.00640	0.01292
47	0.02480	0.02141	0.02254	0.02029	0.02592	0.02480	0.01578	0.05297	0.56946	0.04170	0.04057	0.03719	0.03043	0.01352	0.01014	0.00338	0.00789	0.01127	0.01014	0.01578
48	0.01411	0.01019	0.01333	0.01254	0.01489	0.00941	0.00941	0.01881	0.02822	0.03998	0.58221	0.07447	0.09406	0.02038	0.01176	0.00314	0.00470	0.01803	0.01097	0.00941
49	0.02654	0.48517	0.14900	0.01969	0.02929	0.03566	0.02083	0.08110	0.02298	0.02875	0.01557	0.01768	0.01317	0.00903	0.00730	0.00240	0.01143	0.00605	0.00481	0.01355
50	0.02467	0.02369	0.04046	0.06119	0.58747	0.02369	0.03059	0.03059	0.02270	0.03257	0.01875	0.02467	0.01579	0.00888	0.00987	0.00296	0.01184	0.00888	0.00493	0.01579
51	0.01378	0.01018	0.01287	0.01219	0.01469	0.00927	0.00915	0.01817	0.02744	0.03813	0.51392	0.07751	0.16351	0.02107	0.01176	0.00317	0.00475	0.01846	0.01073	0.00927
52	0.01212	0.00879	0.01145	0.01358	0.01438	0.00812	0.00912	0.01392	0.01938	0.02557	0.05864	0.59921	0.10749	0.03075	0.01265	0.00399	0.00572	0.02775	0.00925	0.00812
53	0.18965	0.15004	0.03047	0.19306	0.06969	0.08192	0.01933	0.03181	0.02134	0.10034	0.01856	0.02198	0.01412	0.00977	0.00826	0.00290	0.01123	0.00725	0.00588	0.01241
54	0.01732	0.00866	0.01299	0.01299	0.01299	0.00866	0.00866	0.01299	0.01299	0.01732	0.01732	0.03030	0.01732	0.03463	0.03896	0.70996	0.00866	0.00866	0.00433	0.00433
55	0.01431	0.01049	0.01340	0.01396	0.01574	0.01019	0.01014	0.01928	0.06194	0.03264	0.27177	0.28720	0.07270	0.06128	0.01444	0.00399	0.00598	0.06154	0.00984	0.00915
56	0.09633	0.27833	0.03623	0.02241	0.09260	0.02782	0.01723	0.07943	0.02367	0.11714	0.02029	0.02227	0.01603	0.01358	0.04534	0.00337	0.01098	0.00718	0.00645	0.06330
57	0.12884	0.08050	0.40617	0.02458	0.03662	0.05903	0.02924	0.03270	0.02129	0.06822	0.01825	0.02064	0.01314	0.00961	0.00879	0.00304	0.01323	0.00706	0.00508	0.01397

[dist]
# distance from previous block
# <min> <max>
0	2

[block]
# block no. 1 follows, 15 sequences, length 25
# corresponding to MSA columns:
# 190-214
name=unknown_B
#
# <colnr> <probs for GDERKNQSTAVLIFYWHMCP>
#	G	D	E	R	K	N	Q	S	T	A	V	L	I	F	Y	W	H	M	C	P
0	0.28061	0.17331	0.02936	0.01844	0.02548	0.11372	0.01562	0.16913	0.02724	0.04161	0.01674	0.01844	0.01318	0.00995	0.00763	0.00276	0.01074	0.00647	0.00658	0.01299
1	0.01409	0.01012	0.01358	0.01448	0.01632	0.00960	0.01115	0.01795	0.02428	0.03324	0.29427	0.24165	0.07643	0.02530	0.01257	0.00378	0.00621	0.15598	0.01002	0.00898
2	0.02753	0.08732	0.14876	0.02783	0.07477	0.06072	0.09542	0.06358	0.05651	0.12189	0.05802	0.02806	0.02162	0.01152	0.01201	0.00314	0.07097	0.00938	0.00684	0.01410
3	0.72007	0.01928	0.01465	0.01311	0.01928	0.02236	0.01080	0.02930	0.01697	0.04473	0.01388	0.01619	0.01080	0.00925	0.00617	0.00308	0.00771	0.00540	0.00617	0.01080
4	0.01864	0.01347	0.01697	0.01740	0.05142	0.01331	0.01250	0.02698	0.12070	0.07792	0.27044	0.09938	0.13555	0.01982	0.01148	0.00338	0.00648	0.06284	0.01008	0.01123
5	0.02694	0.02248	0.02375	0.02072	0.02674	0.02580	0.01630	0.13493	0.48401	0.04516	0.03785	0.03503	0.02823	0.01327	0.01012	0.00332	0.00839	0.01090	0.01012	0.01597
6	0.01346	0.01006	0.01250	0.01211	0.01455	0.00909	0.00900	0.01747	0.02635	0.03607	0.43861	0.12161	0.19792	0.02224	0.01184	0.00325	0.00486	0.01945	0.01047	0.00909
7	0.02467	0.01108	0.01251	0.01126	0.01483	0.01054	0.00876	0.02913	0.02268	0.16687	0.03411	0.03641	0.02535	0.01178	0.00768	0.00250	0.00554	0.00946	0.54377	0.01108
8	0.02665	0.65565	0.05224	0.01706	0.02559	0.03945	0.01706	0.02985	0.02026	0.02345	0.01386	0.01599	0.01279	0.00853	0.00640	0.00213	0.01066	0.00533	0.00426	0.01279
9	0.03800	0.01526	0.01999	0.01585	0.02240	0.01332	0.01292	0.04183	0.02693	0.46370	0.04425	0.04027	0.07787	0.01346	0.00977	0.00301	0.00763	0.01097	0.10748	0.01510
10	0.72007	0.01928	0.01465	0.01311	0.01928	0.02236	0.01080	0.02930	0.01697	0.04473	0.01388	0.01619	0.01080	0.00925	0.00617	0.00308	0.00771	0.00540	0.00617	0.01080
11	0.02099	0.01000	0.01056	0.01007	0.01289	0.00978	0.00767	0.02556	0.02161	0.08836	0.03315	0.03687	0.02547	0.01168	0.00725	0.00239	0.00500	0.00936	0.64135	0.01000
12	0.72007	0.01928	0.01465	0.01311	0.01928	0.02236	0.01080	0.02930	0.01697	0.04473	0.01388	0.01619	0.01080	0.00925	0.00617	0.00308	0.00771	0.00540	0.00617	0.01080
13	0.02480	0.02141	0.02254	0.02029	0.02592	0.02480	0.01578	0.05297	0.56946	0.04170	0.04057	0.03719	0.03043	0.01352	0.01014	0.00338	0.00789	0.01127	0.01014	0.01578
14	0.72007	0.01928	0.01465	0.01311	0.01928	0.02236	0.01080	0.02930	0.01697	0.04473	0.01388	0.01619	0.01080	0.00925	0.00617	0.00308	0.00771	0.00540	0.00617	0.01080
15	0.03790	0.02792	0.02992	0.02294	0.03091	0.03091	0.01895	0.55423	0.04687	0.06283	0.02393	0.02393	0.01695	0.01197	0.00997	0.00299	0.01097	0.00898	0.00997	0.01695
16	0.01215	0.00868	0.01157	0.01388	0.01446	0.00810	0.00925	0.01388	0.01909	0.02545	0.05495	0.64315	0.06593	0.03123	0.01272	0.00405	0.00578	0.02834	0.00925	0.00810
17	0.04339	0.01912	0.02447	0.01876	0.02652	0.01784	0.01550	0.14782	0.03213	0.49005	0.03631	0.03197	0.02316	0.01227	0.01001	0.00307	0.00897	0.00982	0.01187	0.01696
18	0.01199	0.01011	0.01038	0.01032	0.01359	0.00850	0.00774	0.01471	0.02321	0.02808	0.14357	0.09404	0.54012	0.02482	0.01178	0.00335	0.00502	0.02077	0.00941	0.00850
19	0.02067	0.01772	0.02067	0.01477	0.02362	0.01329	0.01181	0.02510	0.02067	0.03248	0.01772	0.02067	0.01477	0.00738	0.00738	0.00148	0.00738	0.00591	0.00591	0.71059
20	0.01215	0.00868	0.01157	0.01388	0.01446	0.00810	0.00925	0.01388	0.01909	0.02545	0.05495	0.64315	0.06593	0.03123	0.01272	0.00405	0.00578	0.02834	0.00925	0.00810
21	0.04473	0.01697	0.02313	0.01774	0.02545	0.01465	0.01465	0.04858	0.02853	0.59437	0.03933	0.03393	0.02468	0.01234	0.01003	0.00308	0.00848	0.01003	0.01234	0.01697
22	0.01415	0.01101	0.01428	0.01558	0.01655	0.01164	0.01098	0.01827	0.06743	0.02675	0.04983	0.53244	0.05794	0.02840	0.01433	0.00402	0.06345	0.02503	0.00888	0.00903
23	0.02188	0.02083	0.03591	0.39136	0.17526	0.02342	0.09566	0.06052	0.02268	0.03017	0.01865	0.02605	0.01429	0.00966	0.01018	0.00323	0.01329	0.00925	0.00496	0.01276
24	0.65592	0.01906	0.01546	0.01355	0.01986	0.02163	0.01116	0.03114	0.01806	0.09693	0.01630	0.01788	0.01211	0.00955	0.00654	0.00308	0.00778	0.00584	0.00676	0.01138

[dist]
# distance from previous block
# <min> <max>
0	6

[block]
# block no. 2 follows, 15 sequences, length 24
# corresponding to MSA columns:
# 221-244
name=unknown_C
#
# <colnr> <probs for GDERKNQSTAVLIFYWHMCP>
#	G	D	E	R	K	N	Q	S	T	A	V	L	I	F	Y	W	H	M	C	P
0	0.04473	0.01697	0.02313	0.01774	0.02545	0.01465	0.01465	0.04858	0.02853	0.59437	0.03933	0.03393	0.02468	0.01234	0.01003	0.00308	0.00848	0.01003	0.01234	0.01697
1	0.09034	0.02561	0.02676	0.02548	0.09451	0.09707	0.01818	0.17452	0.15635	0.14703	0.02813	0.02757	0.02034	0.01159	0.00958	0.00305	0.01051	0.00908	0.00893	0.01537
2	0.01411	0.01019	0.01333	0.01254	0.01489	0.00941	0.00941	0.01881	0.02822	0.03998	0.58221	0.07447	0.09406	0.02038	0.01176	0.00314	0.00470	0.01803	0.01097	0.00941
3	0.03391	0.02529	0.02761	0.02188	0.02891	0.02817	0.01789	0.44607	0.08888	0.05622	0.02572	0.02692	0.01909	0.01963	0.08194	0.00459	0.01259	0.00938	0.00943	0.01589
4	0.12569	0.01724	0.02212	0.01718	0.02471	0.01558	0.01419	0.04627	0.02715	0.52847	0.03628	0.03180	0.02301	0.01197	0.00956	0.00308	0.00839	0.00947	0.01160	0.01623
5	0.03790	0.02792	0.02992	0.02294	0.03091	0.03091	0.01895	0.55423	0.04687	0.06283	0.02393	0.02393	0.01695	0.01197	0.00997	0.00299	0.01097	0.00898	0.00997	0.01695
6	0.02665	0.65565	0.05224	0.01706	0.02559	0.03945	0.01706	0.02985	0.02026	0.02345	0.01386	0.01599	0.01279	0.00853	0.00640	0.00213	0.01066	0.00533	0.00426	0.01279
7	0.01178	0.01010	0.01010	0.01010	0.01347	0.00842	0.00757	0.01431	0.02272	0.02693	0.10099	0.09594	0.58342	0.02525	0.01178	0.00337	0.00505	0.02104	0.00926	0.00842
8	0.03790	0.02792	0.02992	0.02294	0.03091	0.03091	0.01895	0.55423	0.04687	0.06283	0.02393	0.02393	0.01695	0.01197	0.00997	0.00299	0.01097	0.00898	0.00997	0.01695
9	0.03672	0.02875	0.14519	0.02214	0.03142	0.02326	0.02106	0.25796	0.03470	0.25386	0.02840	0.02705	0.01893	0.01159	0.00989	0.00306	0.01083	0.00903	0.00966	0.01650
10	0.04214	0.02111	0.02570	0.01970	0.02752	0.02080	0.01628	0.23984	0.03547	0.39332	0.03351	0.03015	0.02176	0.01220	0.01001	0.00305	0.00942	0.00963	0.01144	0.01696
11	0.01606	0.01147	0.01606	0.01836	0.02065	0.01147	0.01606	0.02065	0.02295	0.02983	0.05278	0.11245	0.05737	0.02754	0.01377	0.00459	0.00918	0.52037	0.00918	0.00918
12	0.03150	0.01407	0.01869	0.01532	0.02084	0.01234	0.01227	0.03554	0.02795	0.35720	0.23112	0.05295	0.09430	0.01616	0.01076	0.00313	0.00690	0.01368	0.01162	0.01367
13	0.49092	0.02414	0.02047	0.02007	0.07183	0.09397	0.01458	0.09720	0.02261	0.04352	0.01576	0.01813	0.01226	0.00969	0.00731	0.00300	0.00972	0.00628	0.00642	0.01210
14	0.01999	0.05157	0.59800	0.02841	0.04315	0.02315	0.03683	0.03157	0.02105	0.03157	0.01789	0.02105	0.01263	0.00947	0.00947	0.00316	0.01473	0.00737	0.00421	0.01473
15	0.04473	0.01697	0.02313	0.01774	0.02545	0.01465	0.01465	0.04858	0.02853	0.59437	0.03933	0.03393	0.02468	0.01234	0.01003	0.00308	0.00848	0.01003	0.01234	0.01697
16	0.02526	0.04068	0.39420	0.02883	0.04142	0.02192	0.12422	0.03483	0.02289	0.13722	0.02232	0.02450	0.01533	0.00982	0.00998	0.00318	0.01393	0.00865	0.00588	0.01492
17	0.02013	0.01916	0.03277	0.34474	0.11982	0.02141	0.10148	0.02847	0.06683	0.03043	0.09047	0.03323	0.02534	0.01119	0.01046	0.00327	0.01211	0.01063	0.00587	0.01218
18	0.01883	0.01772	0.02990	0.62569	0.06866	0.02215	0.02769	0.02547	0.01993	0.02547	0.01772	0.02658	0.01329	0.00997	0.00997	0.00332	0.01329	0.00886	0.00443	0.01107
19	0.01428	0.01054	0.01533	0.01533	0.01687	0.01209	0.01160	0.01736	0.01582	0.02263	0.02733	0.04266	0.02644	0.15176	0.53523	0.01517	0.02442	0.01119	0.00543	0.00852
20	0.02707	0.07954	0.20974	0.03404	0.11847	0.20634	0.12192	0.03394	0.02392	0.02905	0.01740	0.02136	0.01361	0.00938	0.00960	0.00292	0.01544	0.00796	0.00475	0.01355
21	0.02827	0.03006	0.18710	0.02571	0.03489	0.06074	0.13040	0.03658	0.05633	0.18700	0.09301	0.03289	0.02724	0.01163	0.01037	0.00315	0.01208	0.01043	0.00782	0.01428
22	0.03112	0.02518	0.13557	0.02283	0.03114	0.01929	0.07980	0.08158	0.09134	0.25185	0.03368	0.09709	0.02588	0.01353	0.01042	0.00326	0.01045	0.01179	0.00917	0.01503
23	0.01962	0.01318	0.01663	0.01694	0.05588	0.01239	0.01179	0.06796	0.02648	0.10196	0.21094	0.16516	0.19975	0.02107	0.01144	0.00332	0.00647	0.01823	0.00989	0.01092

[dist]
# distance from previous block
# <min> <max>
2	7

[block]
# block no. 3 follows, 15 sequences, length 79
# corresponding to MSA columns:
# 252-330
name=unknown_D
#
# <colnr> <probs for GDERKNQSTAVLIFYWHMCP>
#	G	D	E	R	K	N	Q	S	T	A	V	L	I	F	Y	W	H	M	C	P
0	0.03570	0.02163	0.07370	0.02452	0.08241	0.01795	0.05471	0.04337	0.08536	0.36173	0.03311	0.03106	0.02221	0.01133	0.00993	0.00303	0.00975	0.00970	0.00984	0.05897
1	0.02284	0.01712	0.02044	0.01494	0.02322	0.01317	0.01196	0.02722	0.02204	0.09409	0.05876	0.02580	0.02128	0.00881	0.00797	0.00177	0.00732	0.00719	0.00695	0.58711
2	0.03242	0.02090	0.03132	0.13378	0.23438	0.02120	0.02305	0.10306	0.02738	0.23187	0.02645	0.02813	0.01864	0.01066	0.00995	0.00307	0.01079	0.00929	0.00809	0.01558
3	0.07434	0.01807	0.08068	0.02003	0.07448	0.01522	0.01534	0.02627	0.09478	0.03814	0.32158	0.08661	0.06122	0.01693	0.01072	0.00320	0.00719	0.01469	0.00907	0.01145
4	0.04078	0.02174	0.06060	0.01886	0.02690	0.06341	0.01626	0.04507	0.02746	0.47094	0.03443	0.03084	0.02222	0.01163	0.00971	0.00293	0.00958	0.00926	0.01076	0.06663
5	0.02262	0.01766	0.02087	0.01501	0.02377	0.01340	0.01204	0.02701	0.02131	0.07811	0.01947	0.02175	0.01557	0.00779	0.00760	0.00161	0.00747	0.00624	0.00643	0.65428
6	0.02383	0.02237	0.03655	0.05333	0.48726	0.02263	0.02746	0.03178	0.07545	0.03404	0.06659	0.02991	0.02355	0.01026	0.01005	0.00302	0.01089	0.00985	0.00592	0.01527
7	0.01450	0.00966	0.01087	0.01087	0.01087	0.00966	0.00604	0.01450	0.01450	0.01933	0.03141	0.06524	0.03624	0.64965	0.05074	0.00966	0.00966	0.01450	0.00604	0.00604
8	0.02076	0.08832	0.51108	0.02898	0.04287	0.02440	0.08476	0.03149	0.02123	0.03108	0.01785	0.02128	0.01288	0.00931	0.00949	0.00311	0.01467	0.00766	0.00429	0.01448
9	0.04213	0.01754	0.02306	0.01807	0.02551	0.01597	0.01480	0.04915	0.09888	0.52249	0.03949	0.03436	0.02543	0.01249	0.01004	0.00312	0.00841	0.01019	0.01205	0.01681
10	0.01804	0.01521	0.02415	0.02787	0.13023	0.01511	0.06849	0.02394	0.05288	0.03025	0.04299	0.20121	0.04582	0.02220	0.01240	0.00397	0.00959	0.23663	0.00805	0.01097
11	0.28265	0.42071	0.03836	0.01560	0.02326	0.03314	0.01475	0.02965	0.01904	0.03131	0.01387	0.01607	0.01206	0.00880	0.00631	0.00248	0.00957	0.00536	0.00497	0.01206
12	0.01215	0.00868	0.01157	0.01388	0.01446	0.00810	0.00925	0.01388	0.01909	0.02545	0.05495	0.64315	0.06593	0.03123	0.01272	0.00405	0.00578	0.02834	0.00925	0.00810
13	0.01999	0.05157	0.59800	0.02841	0.04315	0.02315	0.03683	0.03157	0.02105	0.03157	0.01789	0.02105	0.01263	0.00947	0.00947	0.00316	0.01473	0.00737	0.00421	0.01473
14	0.03301	0.07317	0.16395	0.02384	0.03343	0.02964	0.02300	0.39902	0.03916	0.05304	0.02189	0.02276	0.01568	0.01117	0.00963	0.00298	0.01183	0.00837	0.00827	0.01617
15	0.01913	0.01068	0.01207	0.01122	0.01454	0.00975	0.00859	0.02307	0.02380	0.10611	0.15795	0.06072	0.19843	0.01729	0.00965	0.00287	0.00526	0.01442	0.28439	0.01004
16	0.03125	0.02552	0.03205	0.02840	0.09280	0.02780	0.07548	0.30089	0.18855	0.05032	0.02764	0.02805	0.02042	0.01169	0.01020	0.00314	0.01082	0.00990	0.00895	0.01613
17	0.72007	0.01928	0.01465	0.01311	0.01928	0.02236	0.01080	0.02930	0.01697	0.04473	0.01388	0.01619	0.01080	0.00925	0.00617	0.00308	0.00771	0.00540	0.00617	0.01080
18	0.02296	0.02241	0.06689	0.20254	0.26333	0.02238	0.02566	0.06065	0.08248	0.03370	0.02240	0.02748	0.01750	0.01016	0.00963	0.00306	0.01125	0.00909	0.07257	0.01387
19	0.01428	0.01053	0.01524	0.01524	0.01675	0.01204	0.01149	0.01730	0.01579	0.02256	0.02742	0.04313	0.02664	0.16214	0.52512	0.01506	0.02411	0.01126	0.00545	0.00847
20	0.02629	0.35903	0.04169	0.02131	0.02644	0.10755	0.01899	0.02905	0.01952	0.02376	0.01378	0.01827	0.01290	0.01185	0.01588	0.00296	0.22769	0.00665	0.00441	0.01198
21	0.02163	0.01807	0.01987	0.01845	0.02300	0.02028	0.01431	0.04264	0.40793	0.03961	0.13365	0.08670	0.04516	0.01671	0.01081	0.00346	0.00730	0.04646	0.01017	0.01379
22	0.01411	0.01019	0.01333	0.01254	0.01489	0.00941	0.00941	0.01881	0.02822	0.03998	0.58221	0.07447	0.09406	0.02038	0.01176	0.00314	0.00470	0.01803	0.01097	0.00941
23	0.02604	0.01850	0.01990	0.01758	0.02277	0.02051	0.01377	0.07678	0.35406	0.09481	0.03749	0.03605	0.02787	0.01286	0.00936	0.00308	0.00736	0.01054	0.17626	0.01442
24	0.01858	0.00929	0.00929	0.00929	0.01161	0.00929	0.00697	0.02323	0.02091	0.03717	0.03252	0.03717	0.02555	0.01161	0.00697	0.00232	0.00465	0.00929	0.70499	0.00929
25	0.01193	0.00950	0.01071	0.01168	0.01388	0.00828	0.00828	0.01413	0.02120	0.02631	0.08176	0.32449	0.36728	0.02775	0.01218	0.00365	0.00536	0.02409	0.00926	0.00828
26	0.02665	0.65565	0.05224	0.01706	0.02559	0.03945	0.01706	0.02985	0.02026	0.02345	0.01386	0.01599	0.01279	0.00853	0.00640	0.00213	0.01066	0.00533	0.00426	0.01279
27	0.01411	0.01019	0.01333	0.01254	0.01489	0.00941	0.00941	0.01881	0.02822	0.03998	0.58221	0.07447	0.09406	0.02038	0.01176	0.00314	0.00470	0.01803	0.01097	0.00941
28	0.01564	0.01117	0.01558	0.01787	0.01998	0.01111	0.01532	0.01992	0.02253	0.02936	0.05302	0.17015	0.05830	0.02794	0.01366	0.00453	0.00881	0.46687	0.00919	0.00906
29	0.01178	0.01010	0.01010	0.01010	0.01347	0.00842	0.00757	0.01431	0.02272	0.02693	0.10099	0.09594	0.58342	0.02525	0.01178	0.00337	0.00505	0.02104	0.00926	0.00842
30	0.02181	0.02181	0.03053	0.02617	0.02617	0.03053	0.02181	0.02399	0.01527	0.02399	0.01309	0.02181	0.01309	0.01745	0.03272	0.00436	0.63141	0.00872	0.00436	0.01091
31	0.01424	0.01068	0.01602	0.01602	0.01780	0.01246	0.01246	0.01780	0.01602	0.02314	0.02670	0.03916	0.02492	0.07477	0.61015	0.01602	0.02670	0.01068	0.00534	0.00890
32	0.02067	0.01772	0.02067	0.01477	0.02362	0.01329	0.01181	0.02510	0.02067	0.03248	0.01772	0.02067	0.01477	0.00738	0.00738	0.00148	0.00738	0.00591	0.00591	0.71059
33	0.02377	0.06387	0.04583	0.03630	0.11151	0.02454	0.30275	0.03442	0.11446	0.03318	0.02275	0.02698	0.01759	0.00922	0.01044	0.00303	0.01327	0.01027	0.00593	0.08990
34	0.02593	0.58997	0.11158	0.01829	0.02750	0.03767	0.01921	0.03004	0.02034	0.02434	0.01430	0.01654	0.01278	0.00863	0.00673	0.00224	0.01110	0.00555	0.00426	0.01300
35	0.02188	0.02083	0.03542	0.33097	0.33952	0.02295	0.02920	0.02815	0.02138	0.02918	0.01826	0.02558	0.01460	0.00940	0.00992	0.00313	0.01253	0.00887	0.00469	0.01354
36	0.01693	0.01096	0.01459	0.01395	0.01673	0.01018	0.01097	0.02154	0.02735	0.08326	0.44800	0.07764	0.08218	0.02095	0.01196	0.00338	0.00577	0.10290	0.01078	0.00998
37	0.03224	0.34232	0.07424	0.02024	0.02808	0.19060	0.01847	0.03590	0.02391	0.12198	0.01889	0.01992	0.01483	0.00972	0.00792	0.00248	0.01255	0.00656	0.00588	0.01329
38	0.46193	0.02217	0.08037	0.01602	0.02354	0.02037	0.01467	0.03475	0.02053	0.19144	0.02118	0.02150	0.01474	0.01011	0.00757	0.00309	0.00868	0.00686	0.00762	0.01289
39	0.01606	0.01147	0.01606	0.01836	0.02065	0.01147	0.01606	0.02065	0.02295	0.02983	0.05278	0.11245	0.05737	0.02754	0.01377	0.00459	0.00918	0.52037	0.00918	0.00918
40	0.01248	0.01013	0.01107	0.01083	0.01390	0.00871	0.00813	0.01566	0.02438	0.03086	0.24598	0.08947	0.43598	0.02378	0.01177	0.00330	0.00495	0.02013	0.00977	0.00871
41	0.14843	0.07488	0.03207	0.02717	0.08368	0.16317	0.08731	0.10445	0.11705	0.03745	0.02127	0.02330	0.01653	0.01036	0.00908	0.00296	0.01236	0.00824	0.00668	0.01357
42	0.02181	0.02181	0.03053	0.02617	0.02617	0.03053	0.02181	0.02399	0.01527	0.02399	0.01309	0.02181	0.01309	0.01745	0.03272	0.00436	0.63141	0.00872	0.00436	0.01091
43	0.01215	0.00868	0.01157	0.01388	0.01446	0.00810	0.00925	0.01388	0.01909	0.02545	0.05495	0.64315	0.06593	0.03123	0.01272	0.00405	0.00578	0.02834	0.00925	0.00810
44	0.04328	0.01729	0.02309	0.01792	0.02548	0.01539	0.01473	0.04890	0.06772	0.55433	0.03942	0.03417	0.02509	0.01242	0.01003	0.00311	0.00844	0.01012	0.01218	0.01688
45	0.13956	0.02663	0.02764	0.02147	0.02918	0.02964	0.01773	0.47599	0.04241	0.06013	0.02244	0.02278	0.01604	0.01156	0.00941	0.00301	0.01048	0.00844	0.00941	0.01604
46	0.01215	0.00868	0.01157	0.01388	0.01446	0.00810	0.00925	0.01388	0.01909	0.02545	0.05495	0.64315	0.06593	0.03123	0.01272	0.00405	0.00578	0.02834	0.00925	0.00810
47	0.03955	0.02167	0.02539	0.01962	0.02707	0.02207	0.01616	0.28952	0.03678	0.29880	0.03144	0.02937	0.02103	0.01211	0.00978	0.00298	0.00940	0.00947	0.06138	0.01640
48	0.07137	0.46722	0.07663	0.02107	0.06193	0.06823	0.01885	0.06448	0.02242	0.02842	0.01513	0.01745	0.01312	0.00897	0.00715	0.00238	0.01121	0.00597	0.00484	0.01316
49	0.02573	0.09772	0.10962	0.11958	0.25652	0.12920	0.02672	0.03286	0.05382	0.02958	0.01862	0.02306	0.01503	0.00958	0.00932	0.00290	0.01315	0.00800	0.00503	0.01395
50	0.02056	0.01949	0.03303	0.45818	0.22261	0.02260	0.02855	0.02699	0.02075	0.02758	0.01803	0.02601	0.01403	0.00964	0.00994	0.00321	0.01286	0.00887	0.00458	0.01247
51	0.01215	0.00868	0.01157	0.01388	0.01446	0.00810	0.00925	0.01388	0.01909	0.02545	0.05495	0.64315	0.06593	0.03123	0.01272	0.00405	0.00578	0.02834	0.00925	0.00810
52	0.01197	0.01011	0.01036	0.01030	0.01358	0.00850	0.00772	0.01467	0.02317	0.02799	0.14006	0.09420	0.54369	0.02485	0.01178	0.00335	0.00502	0.02079	0.00940	0.00850
53	0.01229	0.00996	0.01090	0.01100	0.01386	0.00858	0.00812	0.01516	0.02342	0.02937	0.19186	0.15116	0.42966	0.02493	0.01188	0.00339	0.00506	0.02123	0.00960	0.00858
54	0.03790	0.02792	0.02992	0.02294	0.03091	0.03091	0.01895	0.55423	0.04687	0.06283	0.02393	0.02393	0.01695	0.01197	0.00997	0.00299	0.01097	0.00898	0.00997	0.01695
55	0.01450	0.00966	0.01087	0.01087	0.01087	0.00966	0.00604	0.01450	0.01450	0.01933	0.03141	0.06524	0.03624	0.64965	0.05074	0.00966	0.00966	0.01450	0.00604	0.00604
56	0.04473	0.01697	0.02313	0.01774	0.02545	0.01465	0.01465	0.04858	0.02853	0.59437	0.03933	0.03393	0.02468	0.01234	0.01003	0.00308	0.00848	0.01003	0.01234	0.01697
57	0.02067	0.01772	0.02067	0.01477	0.02362	0.01329	0.01181	0.02510	0.02067	0.03248	0.01772	0.02067	0.01477	0.00738	0.00738	0.00148	0.00738	0.00591	0.00591	0.71059
58	0.02692	0.02651	0.03712	0.04793	0.37941	0.09996	0.05949	0.08789	0.02562	0.03407	0.01955	0.02491	0.01615	0.01414	0.05337	0.00388	0.01394	0.00888	0.00554	0.01472
59	0.02480	0.02141	0.02254	0.02029	0.02592	0.02480	0.01578	0.05297	0.56946	0.04170	0.04057	0.03719	0.03043	0.01352	0.01014	0.00338	0.00789	0.01127	0.01014	0.01578
60	0.01394	0.01067	0.01304	0.01327	0.01573	0.00927	0.00922	0.01613	0.01942	0.02639	0.05155	0.39918	0.12001	0.08509	0.01522	0.00401	0.00636	0.02182	0.00831	0.14136
61	0.08422	0.01645	0.02074	0.01699	0.02276	0.01611	0.01361	0.09372	0.02599	0.33257	0.03264	0.03553	0.02397	0.08490	0.12761	0.00616	0.01227	0.01013	0.00970	0.01394
62	0.01410	0.01054	0.01572	0.01587	0.01757	0.01216	0.01224	0.01753	0.01623	0.02330	0.02864	0.08056	0.02773	0.07178	0.56920	0.01520	0.02527	0.01189	0.00561	0.00885
63	0.03142	0.02549	0.08722	0.02124	0.02859	0.02397	0.01856	0.27817	0.12386	0.12238	0.03204	0.10642	0.02600	0.01447	0.01031	0.00322	0.00988	0.01180	0.00960	0.01539
64	0.01267	0.00998	0.01087	0.01075	0.01364	0.00859	0.00796	0.01487	0.02264	0.02802	0.16692	0.08636	0.45408	0.02540	0.01438	0.07092	0.00534	0.01939	0.00905	0.00818
65	0.01215	0.00868	0.01157	0.01388	0.01446	0.00810	0.00925	0.01388	0.01909	0.02545	0.05495	0.64315	0.06593	0.03123	0.01272	0.00405	0.00578	0.02834	0.00925	0.00810
66	0.02456	0.02399	0.04222	0.05936	0.53625	0.02383	0.08040	0.03072	0.02278	0.03251	0.01889	0.02489	0.01573	0.00884	0.01005	0.00300	0.01232	0.00916	0.00494	0.01557
67	0.01883	0.01772	0.02990	0.62569	0.06866	0.02215	0.02769	0.02547	0.01993	0.02547	0.01772	0.02658	0.01329	0.00997	0.00997	0.00332	0.01329	0.00886	0.00443	0.01107
68	0.01243	0.01012	0.01100	0.01078	0.01386	0.00869	0.00809	0.01556	0.02426	0.03057	0.23536	0.08994	0.44678	0.02389	0.01178	0.00330	0.00495	0.02020	0.00974	0.00869
69	0.72007	0.01928	0.01465	0.01311	0.01928	0.02236	0.01080	0.02930	0.01697	0.04473	0.01388	0.01619	0.01080	0.00925	0.00617	0.00308	0.00771	0.00540	0.00617	0.01080
70	0.02164	0.05118	0.54350	0.02815	0.04197	0.07925	0.03515	0.03236	0.02174	0.03088	0.01765	0.02075	0.01265	0.00955	0.00943	0.00310	0.01504	0.00728	0.00430	0.01443
71	0.01240	0.00878	0.01149	0.01355	0.01407	0.00827	0.00890	0.01395	0.01859	0.02478	0.05239	0.58031	0.06271	0.09847	0.01686	0.00466	0.00621	0.02683	0.00890	0.00787
72	0.01450	0.00966	0.01087	0.01087	0.01087	0.00966	0.00604	0.01450	0.01450	0.01933	0.03141	0.06524	0.03624	0.64965	0.05074	0.00966	0.00966	0.01450	0.00604	0.00604
73	0.02067	0.01772	0.02067	0.01477	0.02362	0.01329	0.01181	0.02510	0.02067	0.03248	0.01772	0.02067	0.01477	0.00738	0.00738	0.00148	0.00738	0.00591	0.00591	0.71059
74	0.64446	0.01976	0.01746	0.01834	0.08106	0.02251	0.01295	0.02944	0.01759	0.04341	0.01441	0.01712	0.01134	0.00921	0.00657	0.00307	0.00816	0.00578	0.00604	0.01134
75	0.09672	0.01789	0.02002	0.01459	0.02315	0.01428	0.01170	0.02556	0.02027	0.03382	0.01730	0.02018	0.01433	0.00759	0.00725	0.00165	0.00742	0.00585	0.00593	0.63450
76	0.03790	0.02792	0.02992	0.02294	0.03091	0.03091	0.01895	0.55423	0.04687	0.06283	0.02393	0.02393	0.01695	0.01197	0.00997	0.00299	0.01097	0.00898	0.00997	0.01695
77	0.02467	0.02369	0.04046	0.06119	0.58747	0.02369	0.03059	0.03059	0.02270	0.03257	0.01875	0.02467	0.01579	0.00888	0.00987	0.00296	0.01184	0.00888	0.00493	0.01579
78	0.04473	0.01697	0.02313	0.01774	0.02545	0.01465	0.01465	0.04858	0.02853	0.59437	0.03933	0.03393	0.02468	0.01234	0.01003	0.00308	0.00848	0.01003	0.01234	0.01697

[dist]
# distance from previous block
# <min> <max>
0	2

[block]
# block no. 4 follows, 15 sequences, length 43
# corresponding to MSA columns:
# 333-375
name=unknown_E
#
# <colnr> <probs for GDERKNQSTAVLIFYWHMCP>
#	G	D	E	R	K	N	Q	S	T	A	V	L	I	F	Y	W	H	M	C	P
0	0.02480	0.02141	0.02254	0.02029	0.02592	0.02480	0.01578	0.05297	0.56946	0.04170	0.04057	0.03719	0.03043	0.01352	0.01014	0.00338	0.00789	0.01127	0.01014	0.01578
1	0.01883	0.01772	0.02990	0.62569	0.06866	0.02215	0.02769	0.02547	0.01993	0.02547	0.01772	0.02658	0.01329	0.00997	0.00997	0.00332	0.01329	0.00886	0.00443	0.01107
2	0.04473	0.01697	0.02313	0.01774	0.02545	0.01465	0.01465	0.04858	0.02853	0.59437	0.03933	0.03393	0.02468	0.01234	0.01003	0.00308	0.00848	0.01003	0.01234	0.01697
3	0.01424	0.01068	0.01602	0.01602	0.01780	0.01246	0.01246	0.01780	0.01602	0.02314	0.02670	0.03916	0.02492	0.07477	0.61015	0.01602	0.02670	0.01068	0.00534	0.00890
4	0.01215	0.00868	0.01157	0.01388	0.01446	0.00810	0.00925	0.01388	0.01909	0.02545	0.05495	0.64315	0.06593	0.03123	0.01272	0.00405	0.00578	0.02834	0.00925	0.00810
5	0.02181	0.02181	0.03053	0.02617	0.02617	0.03053	0.02181	0.02399	0.01527	0.02399	0.01309	0.02181	0.01309	0.01745	0.03272	0.00436	0.63141	0.00872	0.00436	0.01091
6	0.03197	0.16611	0.03496	0.11778	0.16501	0.02362	0.02091	0.03658	0.02397	0.24536	0.02538	0.02651	0.01814	0.01029	0.00914	0.00287	0.01049	0.00850	0.00755	0.01485
7	0.01999	0.05157	0.59800	0.02841	0.04315	0.02315	0.03683	0.03157	0.02105	0.03157	0.01789	0.02105	0.01263	0.00947	0.00947	0.00316	0.01473	0.00737	0.00421	0.01473
8	0.09856	0.22012	0.20948	0.02077	0.03077	0.02673	0.02218	0.07446	0.02398	0.15354	0.02134	0.02203	0.01541	0.00997	0.00838	0.00281	0.01118	0.00725	0.00661	0.01441
9	0.02599	0.59533	0.10673	0.01819	0.02734	0.03782	0.01903	0.03002	0.02033	0.02426	0.01426	0.01650	0.01278	0.00862	0.00670	0.00223	0.01107	0.00553	0.00426	0.01299
10	0.01392	0.01018	0.01306	0.01234	0.01477	0.00932	0.00925	0.01844	0.02776	0.03889	0.54204	0.07626	0.13491	0.02079	0.01176	0.00315	0.00473	0.01828	0.01083	0.00932
11	0.01999	0.05157	0.59800	0.02841	0.04315	0.02315	0.03683	0.03157	0.02105	0.03157	0.01789	0.02105	0.01263	0.00947	0.00947	0.00316	0.01473	0.00737	0.00421	0.01473
12	0.03887	0.02088	0.08012	0.01879	0.02685	0.01660	0.01676	0.07303	0.05853	0.44539	0.03997	0.03585	0.05562	0.01284	0.01007	0.00312	0.00901	0.01041	0.01110	0.01618
13	0.04473	0.01697	0.02313	0.01774	0.02545	0.01465	0.01465	0.04858	0.02853	0.59437	0.03933	0.03393	0.02468	0.01234	0.01003	0.00308	0.00848	0.01003	0.01234	0.01697
14	0.01215	0.00868	0.01157	0.01388	0.01446	0.00810	0.00925	0.01388	0.01909	0.02545	0.05495	0.64315	0.06593	0.03123	0.01272	0.00405	0.00578	0.02834	0.00925	0.00810
15	0.03102	0.02765	0.09303	0.03861	0.22459	0.08377	0.11333	0.03699	0.02492	0.19033	0.02437	0.02659	0.01756	0.00999	0.01010	0.00304	0.01267	0.00928	0.00700	0.01517
16	0.02814	0.02038	0.03324	0.27267	0.13510	0.02166	0.08402	0.07673	0.02511	0.16796	0.02390	0.02787	0.01695	0.01036	0.01017	0.00318	0.01211	0.00949	0.00695	0.01400
17	0.04415	0.01930	0.02353	0.01834	0.02586	0.06017	0.01500	0.04791	0.02851	0.55077	0.03750	0.03271	0.02377	0.01218	0.00995	0.00305	0.00921	0.00975	0.01179	0.01655
18	0.72007	0.01928	0.01465	0.01311	0.01928	0.02236	0.01080	0.02930	0.01697	0.04473	0.01388	0.01619	0.01080	0.00925	0.00617	0.00308	0.00771	0.00540	0.00617	0.01080
19	0.01447	0.00978	0.01146	0.01146	0.01166	0.00998	0.00677	0.01487	0.01467	0.01976	0.03087	0.06226	0.03495	0.58404	0.11458	0.01039	0.01161	0.01406	0.00596	0.00637
20	0.02366	0.02265	0.03864	0.15892	0.49765	0.02342	0.03009	0.02971	0.02222	0.03134	0.01857	0.02500	0.01536	0.00907	0.00989	0.00302	0.01209	0.00888	0.00485	0.01497
21	0.01393	0.01018	0.01308	0.01235	0.01478	0.00933	0.00927	0.01847	0.02780	0.03898	0.54539	0.07611	0.13150	0.02075	0.01176	0.00315	0.00473	0.01826	0.01084	0.00933
22	0.02329	0.02015	0.02361	0.02457	0.09795	0.02251	0.01683	0.04529	0.42248	0.04027	0.11313	0.04074	0.03737	0.01387	0.01033	0.00329	0.00796	0.01190	0.00958	0.01489
23	0.02219	0.02115	0.03597	0.30112	0.36696	0.02303	0.02936	0.02842	0.02152	0.02955	0.01831	0.02548	0.01473	0.00934	0.00991	0.00311	0.01246	0.00887	0.00472	0.01379
24	0.01968	0.01859	0.03144	0.54316	0.14451	0.02237	0.02811	0.02622	0.02034	0.02651	0.01787	0.02630	0.01365	0.00981	0.00995	0.00327	0.01308	0.00886	0.00450	0.01176
25	0.02035	0.04910	0.54417	0.02977	0.04404	0.02336	0.08820	0.03161	0.02129	0.03161	0.01812	0.02163	0.01288	0.00936	0.00970	0.00318	0.01494	0.00781	0.00429	0.01460
26	0.01562	0.01116	0.01555	0.01785	0.01995	0.01109	0.01529	0.01988	0.02251	0.02933	0.05303	0.17301	0.05835	0.02796	0.01365	0.00453	0.00879	0.46422	0.00919	0.00906
27	0.02480	0.02141	0.02254	0.02029	0.02592	0.02480	0.01578	0.05297	0.56946	0.04170	0.04057	0.03719	0.03043	0.01352	0.01014	0.00338	0.00789	0.01127	0.01014	0.01578
28	0.04429	0.01767	0.02357	0.01807	0.02580	0.01570	0.01493	0.08130	0.02972	0.55998	0.03833	0.03328	0.02418	0.01231	0.01002	0.00308	0.00864	0.00996	0.01219	0.01696
29	0.02629	0.02216	0.02338	0.02059	0.02649	0.02549	0.01614	0.11018	0.50982	0.04411	0.03868	0.03568	0.02889	0.01335	0.01012	0.00334	0.00824	0.01101	0.01012	0.01591
30	0.03352	0.02819	0.03536	0.03295	0.14341	0.06511	0.08506	0.35590	0.03813	0.05074	0.02192	0.02406	0.01625	0.01082	0.01011	0.00300	0.01228	0.00913	0.00808	0.01596
31	0.01450	0.00966	0.01087	0.01087	0.01087	0.00966	0.00604	0.01450	0.01450	0.01933	0.03141	0.06524	0.03624	0.64965	0.05074	0.00966	0.00966	0.01450	0.00604	0.00604
32	0.01424	0.01068	0.01602	0.01602	0.01780	0.01246	0.01246	0.01780	0.01602	0.02314	0.02670	0.03916	0.02492	0.07477	0.61015	0.01602	0.02670	0.01068	0.00534	0.00890
33	0.01448	0.00974	0.01125	0.01125	0.01138	0.00987	0.00651	0.01474	0.01461	0.01961	0.03107	0.06333	0.03541	0.60753	0.09173	0.01013	0.01091	0.01422	0.00599	0.00625
34	0.03790	0.02792	0.02992	0.02294	0.03091	0.03091	0.01895	0.55423	0.04687	0.06283	0.02393	0.02393	0.01695	0.01197	0.00997	0.00299	0.01097	0.00898	0.00997	0.01695
35	0.01936	0.01877	0.03320	0.55908	0.06677	0.02250	0.08744	0.02621	0.02034	0.02621	0.01800	0.02661	0.01350	0.00979	0.01017	0.00333	0.01369	0.00919	0.00450	0.01134
36	0.01211	0.00882	0.01142	0.01350	0.01436	0.00813	0.00909	0.01392	0.01945	0.02560	0.05954	0.58851	0.11760	0.03063	0.01263	0.00398	0.00571	0.02761	0.00925	0.00813
37	0.01276	0.00893	0.01139	0.01310	0.01353	0.00851	0.00842	0.01404	0.01789	0.02386	0.04882	0.49271	0.05820	0.19222	0.02262	0.00551	0.00679	0.02474	0.00842	0.00756
38	0.02055	0.04678	0.51644	0.02706	0.04032	0.02271	0.03376	0.06077	0.02213	0.03268	0.01898	0.02273	0.01391	0.01507	0.05963	0.00422	0.01551	0.00774	0.00464	0.01438
39	0.03580	0.01434	0.01841	0.01485	0.02072	0.01282	0.01203	0.03992	0.02593	0.40404	0.03700	0.03504	0.02498	0.01209	0.00898	0.00282	0.00717	0.00977	0.24893	0.01434
40	0.01792	0.02824	0.23608	0.02478	0.06653	0.01715	0.08241	0.02554	0.02439	0.03479	0.24813	0.04723	0.07562	0.01450	0.01079	0.00317	0.01026	0.01294	0.00732	0.01219
41	0.01904	0.01772	0.02885	0.55597	0.06352	0.02114	0.02587	0.02543	0.02002	0.02627	0.01772	0.02590	0.01346	0.00967	0.00967	0.00311	0.01261	0.00852	0.00460	0.09091
42	0.01924	0.01707	0.09031	0.01564	0.02042	0.01269	0.01388	0.05040	0.02712	0.10116	0.33976	0.10941	0.10522	0.01889	0.01126	0.00322	0.00686	0.01636	0.00994	0.01116

[dist]
# distance from previous block
# <min> <max>
0	1

# created by:
# /st0/software/busco_prod/Augustus/scripts/msa2prfl.pl ./align_prep/4047.fa
