[name]
unknown

[dist]
# distance from previous block
# <min> <max>
0	74

[block]
# block no. 0 follows, 13 sequences, length 38
# corresponding to MSA columns:
# 81-118
name=unknown_A
#
# <colnr> <probs for GDERKNQSTAVLIFYWHMCP>
#	G	D	E	R	K	N	Q	S	T	A	V	L	I	F	Y	W	H	M	C	P
0	0.08192	0.06867	0.01655	0.01399	0.01619	0.01390	0.01010	0.01863	0.01938	0.02736	0.04723	0.25961	0.09565	0.20180	0.02398	0.00572	0.00820	0.05430	0.00801	0.00880
1	0.06852	0.07973	0.03256	0.07183	0.06562	0.02257	0.08354	0.10615	0.02877	0.16672	0.07849	0.08972	0.03106	0.01420	0.01069	0.00331	0.01070	0.01243	0.00891	0.01448
2	0.13716	0.02256	0.02699	0.02189	0.02914	0.06439	0.06486	0.07590	0.07309	0.26678	0.03410	0.03864	0.02529	0.01364	0.01050	0.00343	0.01071	0.05553	0.01008	0.01531
3	0.01558	0.01574	0.06691	0.07323	0.02476	0.01321	0.01490	0.02162	0.07061	0.02937	0.05362	0.40859	0.09802	0.02648	0.01255	0.00400	0.00792	0.02362	0.00892	0.01035
4	0.06987	0.11282	0.07238	0.08148	0.07905	0.02576	0.06931	0.11855	0.02807	0.12021	0.02294	0.02528	0.01694	0.01040	0.00957	0.00293	0.01165	0.00862	0.00737	0.10681
5	0.13228	0.16595	0.06534	0.02234	0.07835	0.02409	0.01793	0.03534	0.02343	0.16065	0.02276	0.02380	0.01699	0.00995	0.00844	0.00265	0.00991	0.00747	0.00730	0.16501
6	0.08061	0.26582	0.07818	0.07288	0.03525	0.06440	0.05992	0.10984	0.02715	0.08473	0.02009	0.02239	0.01548	0.01033	0.00886	0.00288	0.01241	0.00778	0.00652	0.01446
7	0.02629	0.08946	0.14119	0.13982	0.04620	0.02851	0.12835	0.11996	0.07211	0.03775	0.02193	0.02626	0.01655	0.01114	0.01192	0.00339	0.04856	0.00960	0.00632	0.01468
8	0.07474	0.01592	0.02005	0.01705	0.02075	0.01654	0.01314	0.02657	0.01980	0.12933	0.02982	0.03836	0.05747	0.10276	0.02642	0.14146	0.11776	0.01051	0.00720	0.11438
9	0.02306	0.01169	0.01410	0.01275	0.01627	0.01094	0.00983	0.02785	0.02648	0.13763	0.22640	0.05322	0.05344	0.01585	0.00984	0.00293	0.00569	0.01338	0.31725	0.01139
10	0.01321	0.00963	0.01244	0.01409	0.01531	0.00886	0.00967	0.01568	0.02231	0.02984	0.15025	0.47649	0.12219	0.03050	0.01322	0.00405	0.00586	0.02740	0.01013	0.00886
11	0.01670	0.01102	0.01468	0.01481	0.01716	0.01025	0.01120	0.02082	0.02676	0.06948	0.33310	0.21967	0.08258	0.02501	0.01290	0.00377	0.00614	0.08287	0.01102	0.01008
12	0.02121	0.05469	0.57364	0.03014	0.04576	0.02455	0.03906	0.03348	0.02232	0.03348	0.01897	0.02232	0.01339	0.01005	0.01005	0.00335	0.01563	0.00781	0.00446	0.01563
13	0.01496	0.01007	0.01166	0.01207	0.01217	0.00997	0.00698	0.01527	0.01619	0.02159	0.03750	0.16171	0.04371	0.52870	0.04706	0.00925	0.00956	0.01784	0.00698	0.00677
14	0.01513	0.01123	0.01647	0.01647	0.01818	0.01293	0.01257	0.01855	0.01684	0.02416	0.02880	0.04417	0.02757	0.13153	0.53585	0.01635	0.02660	0.01171	0.00573	0.00915
15	0.03868	0.01612	0.02203	0.01856	0.02498	0.01428	0.01529	0.04271	0.02825	0.42116	0.04585	0.10526	0.03656	0.01789	0.01162	0.00366	0.00887	0.10045	0.01217	0.01561
16	0.02869	0.02381	0.02828	0.02207	0.02853	0.02575	0.01814	0.20244	0.03011	0.04328	0.01975	0.02348	0.01598	0.01250	0.01626	0.00298	0.17609	0.00824	0.00733	0.26631
17	0.01837	0.00918	0.01377	0.01377	0.01377	0.00918	0.00918	0.01377	0.01377	0.01837	0.01837	0.03214	0.01837	0.03673	0.04132	0.69238	0.00918	0.00918	0.00459	0.00459
18	0.01971	0.00985	0.00985	0.00985	0.01232	0.00985	0.00739	0.02464	0.02217	0.03942	0.03449	0.03942	0.02710	0.01232	0.00739	0.00246	0.00493	0.00985	0.68712	0.00985
19	0.08768	0.01895	0.02131	0.01549	0.02461	0.01502	0.01242	0.02705	0.02155	0.03571	0.01840	0.02147	0.01525	0.00802	0.00771	0.00173	0.00786	0.00621	0.00629	0.62726
20	0.04288	0.01896	0.02601	0.02049	0.02713	0.01870	0.01696	0.04664	0.02763	0.46779	0.03650	0.03358	0.02387	0.01410	0.01514	0.00353	0.12143	0.01037	0.01150	0.01679
21	0.01971	0.00985	0.00985	0.00985	0.01232	0.00985	0.00739	0.02464	0.02217	0.03942	0.03449	0.03942	0.02710	0.01232	0.00739	0.00246	0.00493	0.00985	0.68712	0.00985
22	0.02432	0.02615	0.05318	0.14621	0.15843	0.02585	0.34055	0.03239	0.02411	0.03280	0.02064	0.02800	0.01584	0.00930	0.01175	0.00347	0.01613	0.01134	0.00521	0.01431
23	0.02788	0.02733	0.03210	0.09797	0.07719	0.13001	0.02354	0.03129	0.02102	0.06917	0.01758	0.02425	0.01505	0.01502	0.02342	0.00392	0.33615	0.00895	0.00550	0.01264
24	0.01538	0.01025	0.01153	0.01153	0.01153	0.01025	0.00641	0.01538	0.01538	0.02050	0.03331	0.06919	0.03844	0.62842	0.05382	0.01025	0.01025	0.01538	0.00641	0.00641
25	0.09836	0.02060	0.03390	0.07602	0.03755	0.01973	0.15510	0.03979	0.02629	0.27518	0.03300	0.03951	0.02431	0.01297	0.01112	0.00353	0.01184	0.05687	0.00931	0.01502
26	0.02192	0.01879	0.02192	0.01566	0.02506	0.01409	0.01253	0.02662	0.02192	0.03445	0.01879	0.02192	0.01566	0.00783	0.00783	0.00157	0.00783	0.00626	0.00626	0.69305
27	0.02385	0.02877	0.14603	0.02821	0.08124	0.02388	0.06221	0.07909	0.16992	0.03933	0.08505	0.04012	0.07198	0.01441	0.01276	0.00351	0.05488	0.01199	0.00802	0.01475
28	0.01518	0.01103	0.01547	0.01547	0.01683	0.01239	0.01132	0.01790	0.01654	0.02342	0.02971	0.04924	0.02978	0.23230	0.43810	0.01511	0.02329	0.01246	0.00587	0.00859
29	0.02960	0.09234	0.33082	0.02703	0.03957	0.02366	0.06979	0.03850	0.02473	0.18569	0.02528	0.02626	0.01727	0.01073	0.01013	0.00325	0.01354	0.00881	0.00700	0.01601
30	0.02312	0.07780	0.14027	0.14348	0.20453	0.02501	0.07650	0.03195	0.05801	0.03219	0.02382	0.07292	0.02053	0.01186	0.01056	0.00334	0.01304	0.01089	0.00568	0.01449
31	0.02048	0.01180	0.01523	0.01425	0.01739	0.01067	0.01057	0.02413	0.02656	0.13616	0.28401	0.17826	0.11949	0.06391	0.01513	0.00400	0.00636	0.01970	0.01103	0.01088
32	0.11007	0.01908	0.02420	0.01874	0.02679	0.01759	0.01548	0.08449	0.03051	0.48252	0.03791	0.03340	0.02415	0.01274	0.01023	0.00326	0.00911	0.01008	0.01227	0.01736
33	0.03605	0.02137	0.02628	0.11614	0.07571	0.07259	0.01890	0.04197	0.05647	0.30676	0.04026	0.03887	0.07388	0.01357	0.01069	0.00330	0.01068	0.01117	0.00994	0.01540
34	0.02190	0.01292	0.01696	0.01571	0.01775	0.01354	0.01129	0.02385	0.01911	0.12830	0.03460	0.10412	0.03443	0.28830	0.15388	0.00934	0.06194	0.01446	0.00771	0.00991
35	0.01434	0.01016	0.01242	0.01302	0.01395	0.00992	0.00849	0.01593	0.01907	0.02549	0.09522	0.22440	0.10189	0.29638	0.08545	0.00795	0.00987	0.02009	0.00810	0.00787
36	0.03259	0.03055	0.03597	0.04058	0.22932	0.16992	0.06450	0.08403	0.02836	0.09787	0.02282	0.02672	0.01782	0.01564	0.05272	0.00410	0.01533	0.00928	0.00677	0.01511
37	0.20056	0.16160	0.11627	0.02714	0.12195	0.02707	0.02147	0.06097	0.02398	0.06843	0.06099	0.02590	0.02130	0.01089	0.00876	0.00304	0.01078	0.00823	0.00655	0.01413

[dist]
# distance from previous block
# <min> <max>
0	58

[block]
# block no. 1 follows, 13 sequences, length 47
# corresponding to MSA columns:
# 177-223
name=unknown_B
#
# <colnr> <probs for GDERKNQSTAVLIFYWHMCP>
#	G	D	E	R	K	N	Q	S	T	A	V	L	I	F	Y	W	H	M	C	P
0	0.08267	0.02356	0.06830	0.06889	0.07678	0.02334	0.01996	0.12129	0.10298	0.04190	0.09440	0.07126	0.03203	0.01469	0.01264	0.00340	0.06399	0.01171	0.00814	0.05809
1	0.01400	0.01035	0.01308	0.01329	0.01543	0.00943	0.00963	0.01776	0.02635	0.03599	0.34919	0.23181	0.16344	0.02559	0.01276	0.00363	0.00536	0.02263	0.01085	0.00943
2	0.02296	0.01716	0.02005	0.01832	0.02264	0.01894	0.01409	0.03931	0.27376	0.07849	0.12876	0.04839	0.04276	0.06795	0.13126	0.00668	0.01202	0.01319	0.00977	0.01351
3	0.02512	0.01429	0.01790	0.01535	0.01995	0.01328	0.01204	0.07245	0.03102	0.17648	0.32112	0.06625	0.13284	0.01932	0.01184	0.00333	0.00664	0.01653	0.01168	0.01259
4	0.03341	0.01578	0.02085	0.01768	0.02292	0.01505	0.01402	0.06756	0.02623	0.30512	0.03831	0.04943	0.03093	0.13065	0.11353	0.00687	0.01264	0.05493	0.01026	0.01385
5	0.03042	0.02048	0.02991	0.35477	0.05428	0.02311	0.02426	0.12048	0.02843	0.17075	0.02572	0.02967	0.01782	0.01158	0.01059	0.00340	0.01238	0.00973	0.00784	0.01441
6	0.01470	0.01060	0.01389	0.01348	0.01574	0.00980	0.00996	0.01928	0.02869	0.04042	0.49290	0.14860	0.09593	0.02309	0.01260	0.00345	0.00514	0.02052	0.01140	0.00980
7	0.02927	0.58281	0.05314	0.01890	0.02763	0.09023	0.01830	0.03260	0.02224	0.02496	0.01485	0.01715	0.01357	0.00921	0.00703	0.00230	0.01200	0.00576	0.00461	0.01345
8	0.01971	0.00985	0.00985	0.00985	0.01232	0.00985	0.00739	0.02464	0.02217	0.03942	0.03449	0.03942	0.02710	0.01232	0.00739	0.00246	0.00493	0.00985	0.68712	0.00985
9	0.03867	0.02185	0.07556	0.02169	0.03006	0.01760	0.06000	0.04594	0.06823	0.38924	0.08464	0.03829	0.03130	0.01333	0.01091	0.00333	0.00992	0.01141	0.01136	0.01665
10	0.03112	0.03157	0.12638	0.08650	0.17142	0.06176	0.02665	0.16232	0.07141	0.09044	0.02458	0.02696	0.01811	0.01127	0.01041	0.00324	0.01275	0.00931	0.00757	0.01625
11	0.02363	0.04538	0.36059	0.02717	0.03785	0.12116	0.03050	0.03209	0.02236	0.03005	0.01989	0.02643	0.01617	0.05600	0.06342	0.00492	0.05534	0.00851	0.00487	0.01366
12	0.34412	0.01983	0.02362	0.02169	0.07038	0.02032	0.05824	0.03252	0.02272	0.11733	0.08834	0.02983	0.02592	0.01147	0.00884	0.00314	0.00907	0.00906	0.00787	0.07569
13	0.08856	0.19127	0.03831	0.02728	0.09556	0.02817	0.06299	0.03280	0.02301	0.11460	0.06991	0.02887	0.02394	0.01258	0.01371	0.00324	0.11513	0.00936	0.00686	0.01384
14	0.01387	0.01008	0.01326	0.01520	0.01662	0.00947	0.01114	0.01668	0.02226	0.02940	0.10476	0.42466	0.11560	0.03076	0.01354	0.00426	0.00670	0.12280	0.00995	0.00897
15	0.01971	0.00985	0.00985	0.00985	0.01232	0.00985	0.00739	0.02464	0.02217	0.03942	0.03449	0.03942	0.02710	0.01232	0.00739	0.00246	0.00493	0.00985	0.68712	0.00985
16	0.26686	0.07728	0.07672	0.02287	0.06864	0.02612	0.01881	0.14980	0.02859	0.13757	0.02261	0.02344	0.01625	0.01097	0.00882	0.00316	0.01039	0.00791	0.00814	0.01505
17	0.02676	0.08111	0.15323	0.12864	0.15343	0.02652	0.02784	0.06615	0.06409	0.08182	0.02259	0.02645	0.01715	0.01145	0.01232	0.00336	0.06659	0.00904	0.00632	0.01513
18	0.01561	0.01025	0.01219	0.01219	0.01235	0.01041	0.00723	0.01554	0.01537	0.02066	0.03159	0.06362	0.03567	0.53029	0.09809	0.07005	0.01170	0.01449	0.00619	0.00651
19	0.13969	0.17597	0.11934	0.03464	0.19411	0.06374	0.02485	0.07131	0.02455	0.03618	0.01787	0.02142	0.01452	0.00984	0.00883	0.00296	0.01232	0.00752	0.00559	0.01477
20	0.01985	0.01178	0.01532	0.01417	0.01745	0.01063	0.01071	0.02408	0.02823	0.12636	0.36852	0.14369	0.12357	0.02214	0.01230	0.00346	0.00583	0.01940	0.01149	0.01103
21	0.07790	0.02354	0.02714	0.17224	0.03899	0.07260	0.02018	0.06307	0.09645	0.03476	0.02133	0.02580	0.01696	0.01181	0.01327	0.00316	0.10251	0.00854	0.00646	0.16330
22	0.47775	0.02205	0.02102	0.06913	0.02775	0.02590	0.01541	0.11385	0.02348	0.04714	0.01681	0.02000	0.01297	0.01104	0.00977	0.00338	0.05607	0.00697	0.00691	0.01259
23	0.01510	0.01133	0.01699	0.01699	0.01888	0.01322	0.01322	0.01888	0.01699	0.02454	0.02832	0.04154	0.02643	0.07930	0.58652	0.01699	0.02832	0.01133	0.00566	0.00944
24	0.02192	0.01879	0.02192	0.01566	0.02506	0.01409	0.01253	0.02662	0.02192	0.03445	0.01879	0.02192	0.01566	0.00783	0.00783	0.00157	0.00783	0.00626	0.00626	0.69305
25	0.03021	0.02181	0.02434	0.02104	0.02729	0.02427	0.01665	0.11094	0.35527	0.12497	0.03927	0.03736	0.02902	0.01993	0.06377	0.00472	0.01071	0.01139	0.01062	0.01641
26	0.01482	0.01065	0.01422	0.01496	0.01693	0.01005	0.01139	0.01892	0.02611	0.03594	0.31644	0.23654	0.08353	0.02635	0.01319	0.00391	0.00628	0.11948	0.01074	0.00954
27	0.01738	0.01402	0.01986	0.02536	0.12892	0.01418	0.01483	0.02257	0.06829	0.02900	0.04325	0.32429	0.04793	0.11918	0.05589	0.00571	0.00973	0.02071	0.00817	0.01075
28	0.01414	0.00980	0.01212	0.01323	0.01375	0.00943	0.00837	0.01548	0.01905	0.02563	0.09353	0.33507	0.05920	0.28692	0.03066	0.00675	0.00779	0.02276	0.00852	0.00778
29	0.70310	0.02045	0.01554	0.01390	0.02045	0.02372	0.01145	0.03108	0.01799	0.04744	0.01472	0.01718	0.01145	0.00981	0.00654	0.00327	0.00818	0.00573	0.00654	0.01145
30	0.02488	0.02197	0.06705	0.12580	0.07636	0.02099	0.02042	0.06811	0.16202	0.08492	0.06760	0.10806	0.03299	0.01515	0.01089	0.00341	0.00999	0.01308	0.00863	0.05766
31	0.03600	0.01685	0.02170	0.01677	0.02425	0.01421	0.01360	0.04039	0.02748	0.34735	0.07883	0.03650	0.02989	0.01246	0.00981	0.00279	0.00801	0.01021	0.07223	0.18069
32	0.20000	0.07443	0.07440	0.01775	0.02613	0.02133	0.01607	0.07746	0.02531	0.14955	0.03042	0.03049	0.06370	0.01180	0.00885	0.00289	0.00929	0.00880	0.00812	0.14321
33	0.03103	0.17763	0.08310	0.02522	0.07497	0.02372	0.06473	0.03593	0.02477	0.20590	0.03180	0.12043	0.02702	0.01426	0.01021	0.00320	0.01081	0.01224	0.00829	0.01475
34	0.01479	0.01017	0.01241	0.01286	0.01338	0.01015	0.00806	0.01595	0.01780	0.02412	0.08274	0.18482	0.04924	0.39969	0.09081	0.00902	0.01059	0.01844	0.00751	0.00745
35	0.13367	0.01812	0.02370	0.02163	0.07005	0.01684	0.01587	0.04369	0.02711	0.40209	0.03765	0.08649	0.02736	0.01417	0.01031	0.00335	0.00892	0.01164	0.01121	0.01611
36	0.09187	0.02492	0.07381	0.11764	0.03574	0.06798	0.01995	0.07038	0.07539	0.22021	0.07062	0.03343	0.02648	0.01268	0.01027	0.00330	0.01100	0.01014	0.00923	0.01495
37	0.07391	0.02562	0.12618	0.22893	0.14575	0.02285	0.02724	0.02780	0.02113	0.03104	0.02336	0.10161	0.02141	0.01377	0.01257	0.00359	0.06325	0.01147	0.00555	0.01294
38	0.02796	0.07655	0.07964	0.18340	0.13508	0.02513	0.09016	0.03421	0.02353	0.13224	0.02288	0.02751	0.01697	0.01119	0.01263	0.00339	0.06700	0.00958	0.00642	0.01454
39	0.02785	0.02222	0.06897	0.07443	0.07925	0.02149	0.02089	0.11987	0.02768	0.12886	0.03373	0.14716	0.03119	0.01796	0.01450	0.00376	0.08750	0.05018	0.00858	0.01393
40	0.08662	0.15132	0.03706	0.03287	0.17740	0.07691	0.02172	0.12656	0.02931	0.12927	0.02281	0.02449	0.01723	0.01072	0.00938	0.00296	0.01176	0.00836	0.00751	0.01573
41	0.02901	0.18349	0.04653	0.08956	0.18121	0.02954	0.12616	0.07925	0.02620	0.07974	0.02111	0.02520	0.01645	0.00994	0.00995	0.00305	0.01306	0.00918	0.00618	0.01518
42	0.07224	0.01169	0.01469	0.01558	0.01697	0.01226	0.01118	0.01799	0.02139	0.03128	0.13823	0.42124	0.06519	0.02782	0.01465	0.00407	0.06060	0.02421	0.00939	0.00934
43	0.02582	0.02621	0.07611	0.11136	0.21501	0.02695	0.02665	0.08053	0.13551	0.03706	0.02418	0.02841	0.01913	0.01238	0.01430	0.00353	0.10503	0.00982	0.00667	0.01533
44	0.08163	0.06826	0.16847	0.03200	0.16318	0.02237	0.02464	0.06101	0.02559	0.07219	0.10675	0.07064	0.03225	0.01344	0.01031	0.00326	0.01102	0.01137	0.00723	0.01439
45	0.01661	0.01341	0.01932	0.02305	0.11154	0.01373	0.01433	0.02027	0.02089	0.02872	0.10891	0.05782	0.12725	0.12621	0.24034	0.00959	0.01614	0.01444	0.00717	0.01028
46	0.08387	0.07112	0.14449	0.06293	0.07944	0.10211	0.02258	0.03487	0.06362	0.07882	0.02975	0.03141	0.06559	0.01196	0.00966	0.00304	0.01208	0.00932	0.00673	0.07661

[dist]
# distance from previous block
# <min> <max>
37	113

[block]
# block no. 2 follows, 13 sequences, length 35
# corresponding to MSA columns:
# 360-394
name=unknown_C
#
# <colnr> <probs for GDERKNQSTAVLIFYWHMCP>
#	G	D	E	R	K	N	Q	S	T	A	V	L	I	F	Y	W	H	M	C	P
0	0.03128	0.02430	0.03204	0.03142	0.12382	0.06307	0.06163	0.13453	0.02908	0.12584	0.02791	0.03854	0.02351	0.06486	0.01779	0.00411	0.09176	0.05193	0.00805	0.01454
1	0.08896	0.02380	0.06962	0.06747	0.12543	0.02192	0.02119	0.13391	0.03074	0.19590	0.08684	0.03385	0.02813	0.01264	0.01041	0.00326	0.01048	0.01045	0.00928	0.01573
2	0.21024	0.15443	0.02990	0.01989	0.05659	0.02390	0.01585	0.03924	0.02429	0.25092	0.02612	0.02551	0.01840	0.01082	0.00855	0.00294	0.00943	0.00793	0.00864	0.05643
3	0.22780	0.01957	0.06041	0.11845	0.03105	0.01936	0.01726	0.02888	0.07906	0.03729	0.07408	0.13879	0.03567	0.01702	0.01031	0.00367	0.00930	0.05261	0.00778	0.01165
4	0.08072	0.08085	0.02897	0.16856	0.08052	0.08591	0.02039	0.09645	0.02580	0.03428	0.02617	0.08027	0.02476	0.06498	0.01390	0.00395	0.01215	0.05227	0.00673	0.01237
5	0.08514	0.01754	0.02326	0.02297	0.09718	0.01610	0.01577	0.03448	0.02521	0.22484	0.07838	0.03972	0.06844	0.01942	0.06469	0.00429	0.01045	0.01096	0.00922	0.13194
6	0.07425	0.01814	0.06432	0.02065	0.07266	0.01441	0.01518	0.02310	0.02182	0.03328	0.10246	0.18016	0.04057	0.01903	0.01311	0.06278	0.00825	0.01460	0.00752	0.19371
7	0.08092	0.07056	0.02826	0.02647	0.13096	0.02113	0.01756	0.03475	0.10795	0.07688	0.06161	0.02986	0.02473	0.01082	0.00917	0.00265	0.00905	0.00894	0.00756	0.24015
8	0.08035	0.02221	0.07292	0.02344	0.03008	0.01979	0.11501	0.10811	0.02757	0.07939	0.08397	0.04985	0.06887	0.05438	0.01606	0.05065	0.01115	0.06535	0.00822	0.01261
9	0.20289	0.02125	0.02694	0.11937	0.03587	0.02265	0.06117	0.07266	0.10242	0.14336	0.02647	0.02791	0.01902	0.01122	0.00954	0.00325	0.01042	0.00911	0.00828	0.06619
10	0.08240	0.02591	0.11177	0.02568	0.06770	0.02052	0.07564	0.06151	0.07419	0.11809	0.02838	0.07854	0.02308	0.01242	0.01010	0.00308	0.01076	0.01079	0.00783	0.15160
11	0.07518	0.02312	0.11656	0.06407	0.02881	0.02044	0.01981	0.02710	0.06093	0.03295	0.11603	0.04904	0.03739	0.10093	0.02147	0.00471	0.12564	0.05715	0.00714	0.01151
12	0.03456	0.01453	0.02003	0.01660	0.02172	0.01298	0.01298	0.03654	0.02593	0.34001	0.12022	0.04205	0.03623	0.02063	0.01890	0.18223	0.00839	0.01165	0.01064	0.01320
13	0.03311	0.24035	0.03801	0.02152	0.02929	0.07139	0.01850	0.24935	0.07950	0.04494	0.02458	0.05960	0.02055	0.01269	0.00938	0.00293	0.01141	0.00945	0.00809	0.01537
14	0.01577	0.01212	0.01636	0.01936	0.06786	0.01185	0.01220	0.02057	0.05902	0.03195	0.16728	0.35274	0.06658	0.07611	0.01611	0.00440	0.00697	0.02308	0.00959	0.01007
15	0.03583	0.08431	0.07207	0.02075	0.02812	0.10571	0.01800	0.09380	0.03000	0.24633	0.07507	0.08357	0.03092	0.01451	0.01045	0.00318	0.01100	0.01160	0.00974	0.01505
16	0.02827	0.63478	0.05540	0.01809	0.02714	0.04184	0.01809	0.03166	0.02148	0.02488	0.01470	0.01696	0.01357	0.00905	0.00678	0.00226	0.01131	0.00565	0.00452	0.01357
17	0.01366	0.01021	0.01269	0.01322	0.01529	0.00924	0.00948	0.01701	0.02516	0.03378	0.27744	0.27742	0.19290	0.02688	0.01284	0.00373	0.00548	0.02374	0.01058	0.00924
18	0.02121	0.05469	0.57364	0.03014	0.04576	0.02455	0.03906	0.03348	0.02232	0.03348	0.01897	0.02232	0.01339	0.01005	0.01005	0.00335	0.01563	0.00781	0.00446	0.01563
19	0.30095	0.02141	0.02400	0.15451	0.03578	0.02521	0.01874	0.12697	0.02537	0.04338	0.02112	0.03029	0.01764	0.01287	0.01125	0.00355	0.05950	0.04776	0.00702	0.01268
20	0.04663	0.01928	0.02534	0.01942	0.02763	0.01745	0.01605	0.10433	0.03242	0.51394	0.03990	0.03481	0.02526	0.01304	0.01063	0.00326	0.00929	0.01051	0.01281	0.01799
21	0.02630	0.02271	0.02391	0.02152	0.02749	0.02630	0.01674	0.05618	0.54336	0.04423	0.04303	0.03945	0.03228	0.01434	0.01076	0.00359	0.00837	0.01195	0.01076	0.01674
22	0.01505	0.01170	0.01395	0.01436	0.01717	0.01109	0.01101	0.02076	0.06784	0.03350	0.19590	0.18378	0.23623	0.02597	0.01286	0.00385	0.00636	0.09839	0.01033	0.00990
23	0.02148	0.03382	0.24502	0.03110	0.08070	0.02218	0.11321	0.03351	0.10659	0.03412	0.03092	0.14197	0.02807	0.01494	0.01128	0.00359	0.01276	0.01371	0.00673	0.01430
24	0.02703	0.01646	0.02042	0.01873	0.02320	0.01650	0.01500	0.14302	0.03078	0.14319	0.08813	0.20849	0.04978	0.02265	0.01244	0.00389	0.00871	0.12787	0.01076	0.01297
25	0.01677	0.01014	0.01478	0.01478	0.01551	0.01087	0.01044	0.01594	0.01520	0.02100	0.02389	0.03991	0.02373	0.11895	0.25466	0.35411	0.01674	0.01070	0.00521	0.00668
26	0.03292	0.02830	0.07907	0.16627	0.04570	0.07759	0.10162	0.13862	0.03057	0.15627	0.02539	0.02804	0.01776	0.01129	0.01074	0.00331	0.01364	0.00980	0.00791	0.01517
27	0.01952	0.01899	0.03431	0.02696	0.03304	0.01873	0.21515	0.02750	0.06798	0.03201	0.08076	0.04946	0.12041	0.03225	0.16571	0.00714	0.01667	0.01433	0.00715	0.01194
28	0.01464	0.01115	0.01377	0.01468	0.01741	0.01028	0.01180	0.01848	0.02500	0.03217	0.16957	0.14265	0.25483	0.02716	0.01333	0.00405	0.00694	0.19258	0.01013	0.00939
29	0.07893	0.01844	0.02111	0.01870	0.02430	0.01952	0.01490	0.04388	0.25030	0.16425	0.13233	0.05087	0.04369	0.01629	0.01105	0.00356	0.00802	0.05398	0.01105	0.01483
30	0.03578	0.13757	0.03214	0.02081	0.02841	0.02771	0.01759	0.21795	0.09191	0.17450	0.02961	0.02949	0.02155	0.01861	0.06451	0.00438	0.01215	0.00951	0.00961	0.01621
31	0.03060	0.08443	0.10294	0.02095	0.02951	0.02447	0.01925	0.15738	0.12047	0.12683	0.03765	0.03646	0.08047	0.01349	0.01017	0.00311	0.01016	0.01067	0.00915	0.07184
32	0.10766	0.01866	0.02225	0.01672	0.02531	0.01574	0.01360	0.03700	0.02480	0.24838	0.02744	0.02698	0.01937	0.01014	0.00880	0.00243	0.00833	0.00794	0.00900	0.34945
33	0.02095	0.01808	0.07099	0.05231	0.02564	0.01503	0.01613	0.07898	0.02632	0.07635	0.11336	0.26436	0.05221	0.02235	0.01206	0.00371	0.00859	0.05999	0.00937	0.05324
34	0.09017	0.01095	0.01246	0.01344	0.01500	0.01077	0.00909	0.01712	0.02002	0.02915	0.09057	0.34211	0.10507	0.16023	0.02143	0.00535	0.00711	0.02255	0.00884	0.00856

[dist]
# distance from previous block
# <min> <max>
0	44

[block]
# block no. 3 follows, 13 sequences, length 37
# corresponding to MSA columns:
# 439-475
name=unknown_D
#
# <colnr> <probs for GDERKNQSTAVLIFYWHMCP>
#	G	D	E	R	K	N	Q	S	T	A	V	L	I	F	Y	W	H	M	C	P
0	0.38791	0.01917	0.01866	0.06790	0.02571	0.02173	0.01386	0.06878	0.06838	0.04576	0.13248	0.03372	0.03257	0.01298	0.00882	0.00332	0.00832	0.00970	0.00812	0.01212
1	0.03106	0.02383	0.09330	0.02279	0.06834	0.01794	0.01873	0.07790	0.02700	0.20227	0.02898	0.06372	0.02224	0.01182	0.00975	0.00274	0.00974	0.00978	0.00866	0.24941
2	0.02550	0.13405	0.33189	0.02552	0.03747	0.02685	0.02916	0.03952	0.13434	0.07787	0.02531	0.02627	0.01850	0.01106	0.00974	0.00323	0.01287	0.00860	0.00652	0.01574
3	0.03411	0.02354	0.03052	0.03558	0.21867	0.07063	0.02150	0.08018	0.02892	0.21832	0.03836	0.03823	0.08725	0.01325	0.01070	0.00320	0.01095	0.01122	0.00896	0.01590
4	0.02074	0.01958	0.03311	0.53595	0.13384	0.02369	0.02975	0.02769	0.02151	0.02795	0.01893	0.02794	0.01443	0.01043	0.01056	0.00348	0.01390	0.00940	0.00476	0.01237
5	0.03192	0.12212	0.04270	0.03155	0.08182	0.09460	0.17850	0.03728	0.02589	0.16047	0.02724	0.07131	0.02187	0.01204	0.01067	0.00320	0.01350	0.01130	0.00742	0.01460
6	0.08168	0.02136	0.07094	0.01921	0.02804	0.01667	0.01705	0.04654	0.02811	0.44497	0.03611	0.03244	0.02326	0.01216	0.01009	0.00313	0.00941	0.00971	0.01135	0.07775
7	0.01383	0.00986	0.01196	0.01304	0.01395	0.00930	0.00845	0.01539	0.01980	0.02614	0.09306	0.32947	0.12234	0.23288	0.02694	0.00615	0.00734	0.02331	0.00880	0.00800
8	0.10889	0.02048	0.06760	0.15623	0.12684	0.01906	0.02141	0.03012	0.02339	0.11617	0.07645	0.12693	0.03264	0.01523	0.01066	0.00348	0.01034	0.01319	0.00773	0.01316
9	0.08396	0.21739	0.08316	0.02339	0.03235	0.07983	0.05755	0.17879	0.03125	0.08698	0.02112	0.02254	0.01595	0.01074	0.00913	0.00291	0.01247	0.00799	0.00731	0.01518
10	0.01535	0.00979	0.01266	0.01320	0.01374	0.00950	0.00853	0.01549	0.01849	0.02502	0.11432	0.21302	0.05136	0.23368	0.03364	0.17086	0.00809	0.01847	0.00768	0.00710
11	0.01353	0.01019	0.01252	0.01312	0.01521	0.00918	0.00939	0.01673	0.02478	0.03297	0.25106	0.28488	0.21341	0.02726	0.01285	0.00375	0.00551	0.02402	0.01047	0.00918
12	0.08742	0.10184	0.14667	0.07765	0.07454	0.02557	0.02400	0.03701	0.05810	0.15399	0.02427	0.02639	0.01778	0.01194	0.01268	0.00337	0.08606	0.00873	0.00712	0.01486
13	0.07018	0.01242	0.01505	0.01538	0.01789	0.01224	0.01096	0.02429	0.06395	0.09809	0.08348	0.37706	0.05665	0.07248	0.01544	0.00443	0.00706	0.02248	0.00991	0.01056
14	0.02032	0.01097	0.01499	0.01538	0.01721	0.01029	0.01102	0.02119	0.02042	0.11347	0.04450	0.30820	0.04799	0.07055	0.02226	0.16295	0.00790	0.06233	0.00891	0.00916
15	0.04535	0.02134	0.02661	0.02040	0.02866	0.02050	0.01685	0.18835	0.03586	0.42506	0.03702	0.03294	0.02382	0.01297	0.01062	0.00324	0.00976	0.01031	0.01236	0.01799
16	0.03148	0.20145	0.12448	0.06971	0.14585	0.02703	0.02448	0.03732	0.02458	0.17996	0.02426	0.02580	0.01775	0.01051	0.00940	0.00298	0.01180	0.00843	0.00706	0.01567
17	0.04087	0.02067	0.02523	0.02021	0.02782	0.02052	0.01641	0.11009	0.17089	0.36753	0.04010	0.03564	0.02683	0.01338	0.01066	0.00334	0.00915	0.01085	0.01216	0.01765
18	0.02313	0.02313	0.03238	0.02776	0.02776	0.03238	0.02313	0.02545	0.01619	0.02545	0.01388	0.02313	0.01388	0.01851	0.03470	0.00463	0.60907	0.00925	0.00463	0.01157
19	0.02192	0.01879	0.02192	0.01566	0.02506	0.01409	0.01253	0.02662	0.02192	0.03445	0.01879	0.02192	0.01566	0.00783	0.00783	0.00157	0.00783	0.00626	0.00626	0.69305
20	0.02315	0.01751	0.01921	0.01655	0.02144	0.01783	0.01298	0.20325	0.03429	0.04511	0.16282	0.11396	0.22726	0.02114	0.01188	0.00344	0.00764	0.01767	0.01046	0.01242
21	0.03254	0.09920	0.14504	0.07111	0.03379	0.02060	0.02180	0.03846	0.02560	0.26567	0.03381	0.07603	0.02644	0.01430	0.01053	0.00338	0.01099	0.04656	0.00902	0.01516
22	0.02484	0.02843	0.14375	0.12373	0.04029	0.02322	0.06071	0.14129	0.06910	0.04107	0.07314	0.07145	0.02794	0.01338	0.01075	0.00328	0.01181	0.01152	0.00758	0.07270
23	0.01971	0.00985	0.00985	0.00985	0.01232	0.00985	0.00739	0.02464	0.02217	0.03942	0.03449	0.03942	0.02710	0.01232	0.00739	0.00246	0.00493	0.00985	0.68712	0.00985
24	0.02668	0.02223	0.03889	0.14736	0.20773	0.02328	0.12212	0.03277	0.02338	0.10909	0.02340	0.02951	0.01810	0.01677	0.06227	0.00462	0.06068	0.01033	0.00629	0.01449
25	0.03558	0.12705	0.03098	0.11434	0.03437	0.02325	0.01839	0.07809	0.06971	0.27792	0.03297	0.06077	0.02411	0.01306	0.01010	0.00321	0.01023	0.01057	0.00967	0.01562
26	0.51675	0.02199	0.02179	0.01789	0.02512	0.02441	0.05116	0.09477	0.02346	0.09110	0.01873	0.02057	0.01380	0.01037	0.00782	0.00328	0.00940	0.00710	0.00749	0.01300
27	0.03377	0.01634	0.02046	0.01728	0.02268	0.01556	0.01338	0.07806	0.06614	0.29703	0.04166	0.13521	0.03469	0.09304	0.01627	0.00427	0.00858	0.01435	0.05687	0.01437
28	0.03229	0.02464	0.06714	0.10213	0.08754	0.02325	0.11580	0.08402	0.11243	0.19352	0.03058	0.03159	0.02147	0.01166	0.01094	0.00339	0.01212	0.01067	0.00879	0.01606
29	0.11704	0.07683	0.02934	0.21417	0.04239	0.11446	0.02065	0.03759	0.02489	0.18836	0.02426	0.02665	0.01718	0.01114	0.00959	0.00318	0.01243	0.00856	0.00750	0.01378
30	0.01564	0.01034	0.01359	0.01481	0.01655	0.00954	0.01061	0.01845	0.02309	0.06339	0.14608	0.41960	0.10480	0.02919	0.01316	0.00406	0.00633	0.06093	0.01032	0.00951
31	0.02261	0.01519	0.02314	0.05000	0.02675	0.01471	0.07504	0.05931	0.02548	0.11903	0.08040	0.30388	0.05125	0.02333	0.01260	0.00391	0.00903	0.06287	0.00971	0.01177
32	0.03173	0.13354	0.09675	0.02114	0.03006	0.02622	0.01943	0.11789	0.14819	0.14331	0.02914	0.02840	0.02125	0.01159	0.00956	0.00295	0.01032	0.00901	0.00877	0.10076
33	0.11909	0.02362	0.02920	0.02572	0.07694	0.02482	0.05208	0.21509	0.07327	0.15783	0.02861	0.03118	0.02124	0.05787	0.01344	0.00379	0.01081	0.01009	0.00946	0.01585
34	0.01786	0.01090	0.01422	0.01470	0.01661	0.01040	0.01032	0.02004	0.02062	0.09341	0.05244	0.33372	0.09704	0.12916	0.10084	0.00683	0.01022	0.02200	0.00910	0.00957
35	0.02924	0.38053	0.08687	0.01973	0.02880	0.07066	0.01900	0.03549	0.06181	0.07497	0.02005	0.02140	0.01627	0.00986	0.00798	0.00249	0.01137	0.00687	0.00598	0.09064
36	0.11049	0.12225	0.14106	0.08170	0.15508	0.02801	0.02556	0.07515	0.09469	0.03774	0.02176	0.02481	0.01692	0.01057	0.00939	0.00316	0.01192	0.00842	0.00627	0.01505

[dist]
# distance from previous block
# <min> <max>
0	62

[block]
# block no. 4 follows, 13 sequences, length 7
# corresponding to MSA columns:
# 538-544
name=unknown_E
#
# <colnr> <probs for GDERKNQSTAVLIFYWHMCP>
#	G	D	E	R	K	N	Q	S	T	A	V	L	I	F	Y	W	H	M	C	P
0	0.01688	0.01277	0.01752	0.06021	0.06097	0.01329	0.01318	0.02152	0.06918	0.02830	0.07857	0.25537	0.04772	0.12482	0.05982	0.07363	0.00973	0.01890	0.00801	0.00961
1	0.01837	0.00918	0.01377	0.01377	0.01377	0.00918	0.00918	0.01377	0.01377	0.01837	0.01837	0.03214	0.01837	0.03673	0.04132	0.69238	0.00918	0.00918	0.00459	0.00459
2	0.02293	0.11635	0.02723	0.01605	0.02539	0.01849	0.01341	0.02742	0.02185	0.03294	0.01814	0.02114	0.01533	0.00802	0.00766	0.00168	0.00838	0.00617	0.00599	0.58544
3	0.06316	0.10104	0.20637	0.02765	0.11117	0.02247	0.02442	0.02990	0.02288	0.03462	0.07135	0.02746	0.02289	0.01040	0.00920	0.00273	0.01120	0.00840	0.00587	0.18681
4	0.07914	0.30283	0.16145	0.07700	0.03601	0.06958	0.02367	0.08112	0.02471	0.03289	0.01720	0.02020	0.01386	0.00995	0.00840	0.00282	0.01283	0.00695	0.00534	0.01404
5	0.17892	0.02515	0.06457	0.02380	0.03188	0.02439	0.10476	0.13267	0.11068	0.10585	0.03281	0.03317	0.06019	0.01261	0.01016	0.00338	0.01090	0.01057	0.00865	0.01486
6	0.03046	0.16367	0.14519	0.07135	0.08623	0.11727	0.02509	0.07030	0.02582	0.09285	0.02038	0.02330	0.01565	0.01111	0.01130	0.00309	0.05818	0.00801	0.00615	0.01460

[dist]
# distance from previous block
# <min> <max>
3	10

[block]
# block no. 5 follows, 13 sequences, length 11
# corresponding to MSA columns:
# 555-565
name=unknown_F
#
# <colnr> <probs for GDERKNQSTAVLIFYWHMCP>
#	G	D	E	R	K	N	Q	S	T	A	V	L	I	F	Y	W	H	M	C	P
0	0.03236	0.02356	0.07502	0.02892	0.11303	0.02025	0.06642	0.06909	0.07606	0.21775	0.03110	0.03442	0.02316	0.07071	0.01467	0.00385	0.01104	0.01055	0.00889	0.06916
1	0.13265	0.06823	0.02427	0.07287	0.02846	0.01916	0.01539	0.03704	0.05615	0.23443	0.03396	0.11969	0.02798	0.01473	0.00991	0.00324	0.00897	0.01206	0.00938	0.07139
2	0.01953	0.01295	0.01587	0.01591	0.01869	0.01264	0.01155	0.06401	0.06167	0.08494	0.09420	0.38669	0.10614	0.02675	0.01262	0.00391	0.00687	0.02369	0.01039	0.01098
3	0.07592	0.02154	0.02744	0.02845	0.11722	0.07086	0.05999	0.07789	0.02649	0.12356	0.03581	0.21842	0.03483	0.01810	0.01128	0.00354	0.01055	0.01603	0.00864	0.01344
4	0.08467	0.15919	0.07147	0.05969	0.03545	0.07483	0.10569	0.10007	0.07725	0.03816	0.07223	0.02932	0.02443	0.01159	0.00982	0.00310	0.01239	0.00968	0.00700	0.01397
5	0.02022	0.01489	0.01920	0.06505	0.02384	0.01613	0.01402	0.08222	0.02516	0.06112	0.12232	0.18608	0.09495	0.08464	0.06068	0.00537	0.06676	0.01770	0.00881	0.01085
6	0.02649	0.07617	0.09907	0.07203	0.08861	0.02818	0.10175	0.10859	0.07597	0.03735	0.02152	0.02586	0.01695	0.01182	0.01430	0.00336	0.11129	0.00941	0.00639	0.06487
7	0.01638	0.01314	0.01560	0.01410	0.01878	0.01110	0.01118	0.02052	0.02500	0.03408	0.18689	0.07745	0.21827	0.02079	0.01157	0.00318	0.00664	0.09273	0.00930	0.19330
8	0.01971	0.00985	0.00985	0.00985	0.01232	0.00985	0.00739	0.02464	0.02217	0.03942	0.03449	0.03942	0.02710	0.01232	0.00739	0.00246	0.00493	0.00985	0.68712	0.00985
9	0.54376	0.02006	0.01703	0.01432	0.02153	0.02147	0.01170	0.03004	0.01891	0.04440	0.01567	0.01829	0.01244	0.00935	0.00684	0.00287	0.00810	0.00585	0.00648	0.17089
10	0.18197	0.13207	0.08046	0.08018	0.10759	0.02431	0.01984	0.02913	0.02138	0.03451	0.02459	0.02779	0.05897	0.01078	0.00858	0.00283	0.01033	0.00826	0.00585	0.13059

[dist]
# distance from previous block
# <min> <max>
1	9

[block]
# block no. 6 follows, 13 sequences, length 12
# corresponding to MSA columns:
# 575-586
name=unknown_G
#
# <colnr> <probs for GDERKNQSTAVLIFYWHMCP>
#	G	D	E	R	K	N	Q	S	T	A	V	L	I	F	Y	W	H	M	C	P
0	0.08572	0.05923	0.10541	0.02282	0.06854	0.08287	0.01856	0.03093	0.08810	0.03212	0.03336	0.03805	0.08548	0.05774	0.04482	0.04846	0.01192	0.01046	0.00663	0.06879
1	0.07952	0.05933	0.08271	0.08480	0.02816	0.01760	0.01616	0.02773	0.02189	0.10556	0.09125	0.04372	0.03267	0.17897	0.02162	0.00498	0.01015	0.01137	0.00744	0.07437
2	0.14806	0.02023	0.02702	0.03176	0.20081	0.01909	0.01891	0.03032	0.02246	0.08060	0.02396	0.07898	0.02114	0.01149	0.00922	0.00279	0.00939	0.00977	0.00687	0.22713
3	0.02855	0.10271	0.13716	0.10580	0.03831	0.06053	0.05593	0.03465	0.02443	0.14538	0.07235	0.03092	0.02445	0.01264	0.01294	0.00334	0.07891	0.00982	0.00714	0.01406
4	0.01788	0.00950	0.01425	0.01425	0.01454	0.00978	0.00978	0.01454	0.01425	0.01929	0.01985	0.03354	0.01957	0.04308	0.12264	0.59164	0.01204	0.00950	0.00475	0.00531
5	0.06479	0.08961	0.02836	0.19948	0.03929	0.06835	0.01956	0.09690	0.05725	0.03710	0.12064	0.07312	0.03459	0.01435	0.01037	0.00327	0.01100	0.01181	0.00759	0.01259
6	0.11027	0.11006	0.06754	0.02321	0.03109	0.02897	0.06504	0.11333	0.25597	0.04350	0.02963	0.02953	0.02242	0.01205	0.00979	0.00329	0.01056	0.00977	0.00846	0.01554
7	0.01971	0.00985	0.00985	0.00985	0.01232	0.00985	0.00739	0.02464	0.02217	0.03942	0.03449	0.03942	0.02710	0.01232	0.00739	0.00246	0.00493	0.00985	0.68712	0.00985
8	0.12647	0.02275	0.07779	0.16730	0.14274	0.02149	0.02319	0.03350	0.06580	0.10358	0.02778	0.09359	0.02344	0.01333	0.01025	0.00345	0.01103	0.01138	0.00721	0.01391
9	0.50547	0.02152	0.01907	0.01593	0.02310	0.02375	0.01310	0.10611	0.02387	0.08473	0.01847	0.02006	0.01376	0.01031	0.00752	0.00312	0.00872	0.00667	0.00757	0.06714
10	0.03973	0.02711	0.02979	0.02319	0.03133	0.02949	0.01904	0.40383	0.10176	0.13919	0.02978	0.02853	0.02079	0.01294	0.01061	0.00323	0.01088	0.00996	0.01097	0.01784
11	0.02867	0.02085	0.03066	0.09903	0.09684	0.02137	0.07539	0.14550	0.03222	0.12288	0.16854	0.04213	0.04031	0.01408	0.01129	0.00331	0.01056	0.01256	0.00930	0.01451

[dist]
# distance from previous block
# <min> <max>
0	2

[block]
# block no. 7 follows, 13 sequences, length 24
# corresponding to MSA columns:
# 589-612
name=unknown_H
#
# <colnr> <probs for GDERKNQSTAVLIFYWHMCP>
#	G	D	E	R	K	N	Q	S	T	A	V	L	I	F	Y	W	H	M	C	P
0	0.02897	0.03382	0.24314	0.02287	0.03439	0.02015	0.02442	0.07690	0.02630	0.15844	0.02463	0.02557	0.01734	0.01031	0.00958	0.00280	0.01152	0.00815	0.00746	0.21326
1	0.22127	0.17690	0.14866	0.02555	0.08582	0.07257	0.02248	0.07424	0.02395	0.03773	0.01717	0.01999	0.01363	0.00996	0.00832	0.00298	0.01209	0.00694	0.00574	0.01400
2	0.09745	0.02154	0.02605	0.06260	0.09581	0.02386	0.01908	0.17094	0.12226	0.04433	0.03127	0.07671	0.02723	0.02169	0.06995	0.00491	0.01216	0.04926	0.00853	0.01436
3	0.02083	0.08294	0.03418	0.54210	0.06806	0.02540	0.02819	0.02750	0.02118	0.02679	0.01837	0.02702	0.01404	0.01041	0.01018	0.00339	0.01380	0.00901	0.00468	0.01194
4	0.70310	0.02045	0.01554	0.01390	0.02045	0.02372	0.01145	0.03108	0.01799	0.04744	0.01472	0.01718	0.01145	0.00981	0.00654	0.00327	0.00818	0.00573	0.00654	0.01145
5	0.01518	0.01102	0.01544	0.01544	0.01679	0.01237	0.01128	0.01788	0.01653	0.02339	0.02974	0.04940	0.02985	0.23544	0.43504	0.01508	0.02318	0.01248	0.00588	0.00858
6	0.02946	0.02428	0.02569	0.02216	0.02870	0.02777	0.01750	0.16331	0.43109	0.04933	0.03902	0.03625	0.02902	0.01397	0.01072	0.00349	0.00911	0.01140	0.01072	0.01702
7	0.01971	0.00985	0.00985	0.00985	0.01232	0.00985	0.00739	0.02464	0.02217	0.03942	0.03449	0.03942	0.02710	0.01232	0.00739	0.00246	0.00493	0.00985	0.68712	0.00985
8	0.70310	0.02045	0.01554	0.01390	0.02045	0.02372	0.01145	0.03108	0.01799	0.04744	0.01472	0.01718	0.01145	0.00981	0.00654	0.00327	0.00818	0.00573	0.00654	0.01145
9	0.01334	0.00956	0.01268	0.01441	0.01544	0.00889	0.00985	0.01588	0.02238	0.03039	0.16839	0.50170	0.07652	0.03058	0.01327	0.00408	0.00588	0.02764	0.01022	0.00889
10	0.01837	0.00918	0.01377	0.01377	0.01377	0.00918	0.00918	0.01377	0.01377	0.01837	0.01837	0.03214	0.01837	0.03673	0.04132	0.69238	0.00918	0.00918	0.00459	0.00459
11	0.01891	0.01748	0.03120	0.02601	0.03096	0.01687	0.18692	0.02616	0.06489	0.03299	0.09544	0.24131	0.05026	0.02160	0.01299	0.00398	0.01073	0.09127	0.00854	0.01148
12	0.01402	0.01002	0.01358	0.01603	0.01714	0.00957	0.01180	0.01669	0.02137	0.02827	0.05765	0.48364	0.06744	0.03205	0.01380	0.00445	0.00712	0.15668	0.00979	0.00890
13	0.01357	0.00967	0.01188	0.01336	0.01411	0.00911	0.00863	0.01496	0.01925	0.02527	0.05634	0.40401	0.11406	0.20571	0.02512	0.00595	0.00725	0.02494	0.00882	0.00799
14	0.02313	0.02313	0.03238	0.02776	0.02776	0.03238	0.02313	0.02545	0.01619	0.02545	0.01388	0.02313	0.01388	0.01851	0.03470	0.00463	0.60907	0.00925	0.00463	0.01157
15	0.03507	0.02353	0.02623	0.02167	0.02885	0.02560	0.01739	0.18584	0.28709	0.17259	0.03783	0.03474	0.02689	0.01359	0.01068	0.00340	0.00942	0.01097	0.01125	0.01737
16	0.01702	0.01260	0.01517	0.01626	0.01872	0.01289	0.01237	0.02520	0.11992	0.03269	0.05631	0.29692	0.09504	0.02606	0.01253	0.00405	0.00719	0.12887	0.07967	0.01054
17	0.04277	0.01938	0.02479	0.01926	0.02690	0.01813	0.01580	0.13548	0.03379	0.42329	0.09173	0.03847	0.03224	0.01389	0.01081	0.00326	0.00907	0.01130	0.01248	0.01717
18	0.02498	0.01861	0.07546	0.01798	0.02318	0.01496	0.01532	0.08679	0.02855	0.15365	0.17185	0.22627	0.05596	0.02110	0.01192	0.00360	0.00810	0.01838	0.01052	0.01281
19	0.02217	0.01997	0.03171	0.53984	0.06845	0.02451	0.02835	0.08162	0.02426	0.03134	0.01951	0.02788	0.01452	0.01080	0.01057	0.00349	0.01383	0.00941	0.00534	0.01243
20	0.02035	0.01390	0.01679	0.01562	0.01918	0.01371	0.01187	0.09770	0.02807	0.07842	0.16668	0.19668	0.16138	0.02968	0.07495	0.00507	0.00921	0.01940	0.01013	0.01122
21	0.07288	0.08635	0.02678	0.02054	0.06967	0.01952	0.01519	0.03239	0.06353	0.09137	0.05977	0.02819	0.02345	0.01024	0.00869	0.00235	0.00860	0.00821	0.00744	0.34486
22	0.07181	0.16284	0.14070	0.01994	0.02897	0.02445	0.01971	0.08441	0.02568	0.07373	0.06044	0.07337	0.02557	0.01254	0.00923	0.00283	0.01037	0.00984	0.00713	0.13644
23	0.03129	0.13055	0.07295	0.02094	0.02879	0.02667	0.01850	0.21462	0.06567	0.09982	0.03021	0.11256	0.02605	0.01465	0.01013	0.00312	0.01034	0.01177	0.00892	0.06245

[dist]
# distance from previous block
# <min> <max>
5	24

[block]
# block no. 8 follows, 13 sequences, length 30
# corresponding to MSA columns:
# 638-667
name=unknown_I
#
# <colnr> <probs for GDERKNQSTAVLIFYWHMCP>
#	G	D	E	R	K	N	Q	S	T	A	V	L	I	F	Y	W	H	M	C	P
0	0.02526	0.02355	0.09884	0.06238	0.02859	0.05581	0.01780	0.06563	0.07565	0.10805	0.11092	0.04732	0.08905	0.06857	0.01712	0.06153	0.01029	0.01263	0.00851	0.01251
1	0.01708	0.01024	0.01417	0.01467	0.01533	0.01040	0.01046	0.01628	0.01663	0.02216	0.03068	0.06012	0.03279	0.18455	0.08445	0.32529	0.01116	0.11082	0.00619	0.00651
2	0.01576	0.06290	0.01754	0.01632	0.01878	0.01284	0.01312	0.01905	0.02252	0.02888	0.06065	0.29816	0.13086	0.02866	0.01323	0.00425	0.00788	0.20976	0.00934	0.00951
3	0.03644	0.02560	0.08266	0.02168	0.02916	0.06092	0.01903	0.08070	0.10852	0.28319	0.06944	0.03511	0.02839	0.01374	0.01233	0.00338	0.05251	0.01066	0.01040	0.01615
4	0.10470	0.01645	0.01975	0.01644	0.02186	0.01589	0.01257	0.03932	0.07383	0.30498	0.03657	0.04401	0.02879	0.19185	0.02278	0.00533	0.00922	0.01163	0.01024	0.01382
5	0.01399	0.01019	0.01318	0.01366	0.01551	0.00937	0.00978	0.01761	0.02581	0.03552	0.33409	0.28852	0.12063	0.02639	0.01287	0.00371	0.00545	0.02354	0.01081	0.00937
6	0.02610	0.03310	0.14834	0.17916	0.11906	0.11248	0.02747	0.08075	0.06223	0.03429	0.02345	0.06376	0.01946	0.01226	0.01048	0.00333	0.01385	0.01017	0.00615	0.01411
7	0.37247	0.02026	0.02539	0.07583	0.03142	0.02163	0.08959	0.03361	0.02167	0.13513	0.02394	0.06533	0.01908	0.01196	0.00902	0.00341	0.01018	0.00964	0.00758	0.01286
8	0.01629	0.01001	0.01269	0.01269	0.01285	0.01017	0.00784	0.01517	0.01501	0.02017	0.02823	0.05532	0.03117	0.39785	0.09454	0.22360	0.01143	0.01310	0.00578	0.00609
9	0.02205	0.02313	0.01829	0.01705	0.02072	0.18940	0.01279	0.02580	0.02860	0.03407	0.28517	0.06551	0.17799	0.01946	0.01156	0.00319	0.00946	0.01601	0.00929	0.01045
10	0.07449	0.02609	0.08384	0.19736	0.07940	0.02601	0.06618	0.10747	0.15541	0.04009	0.02577	0.02913	0.01924	0.01149	0.01043	0.00343	0.01226	0.00989	0.00724	0.01476
11	0.02513	0.02346	0.03433	0.07349	0.07797	0.02910	0.06497	0.09724	0.02366	0.03405	0.05575	0.02852	0.02102	0.01575	0.02403	0.00403	0.33809	0.01029	0.00608	0.01303
12	0.01534	0.01040	0.01230	0.01230	0.01257	0.01067	0.00737	0.01587	0.01560	0.02107	0.03261	0.06529	0.03675	0.55096	0.12896	0.01120	0.01280	0.01480	0.00630	0.00683
13	0.01538	0.01025	0.01153	0.01153	0.01153	0.01025	0.00641	0.01538	0.01538	0.02050	0.03331	0.06919	0.03844	0.62842	0.05382	0.01025	0.01025	0.01538	0.00641	0.00641
14	0.02455	0.02236	0.03254	0.02790	0.07632	0.06494	0.14022	0.02963	0.02380	0.07147	0.02896	0.14547	0.02738	0.01397	0.01068	0.00296	0.01137	0.01321	0.00710	0.22518
15	0.01971	0.00985	0.00985	0.00985	0.01232	0.00985	0.00739	0.02464	0.02217	0.03942	0.03449	0.03942	0.02710	0.01232	0.00739	0.00246	0.00493	0.00985	0.68712	0.00985
16	0.02698	0.08391	0.27618	0.02776	0.03903	0.02714	0.08026	0.17625	0.03037	0.04204	0.02407	0.07357	0.01975	0.01256	0.01050	0.00332	0.01357	0.01050	0.00680	0.01543
17	0.02256	0.09950	0.35209	0.02508	0.03777	0.02423	0.02922	0.03426	0.07668	0.03398	0.02104	0.02352	0.01586	0.00994	0.00935	0.00290	0.01284	0.00772	0.00550	0.15596
18	0.01923	0.01001	0.01060	0.01060	0.01300	0.01021	0.00800	0.02403	0.02163	0.03786	0.03385	0.03964	0.02703	0.01933	0.06799	0.00398	0.00738	0.01001	0.61581	0.00981
19	0.02773	0.02205	0.03672	0.25646	0.05191	0.02356	0.14250	0.10735	0.02831	0.11235	0.06322	0.03268	0.02315	0.01166	0.01117	0.00343	0.01322	0.01104	0.00744	0.01404
