[name]
unknown

[dist]
# distance from previous block
# <min> <max>
0	47

[block]
# block no. 0 follows, 12 sequences, length 30
# corresponding to MSA columns:
# 47-76
name=unknown_A
#
# <colnr> <probs for GDERKNQSTAVLIFYWHMCP>
#	G	D	E	R	K	N	Q	S	T	A	V	L	I	F	Y	W	H	M	C	P
0	0.01705	0.01330	0.01859	0.01723	0.02081	0.01382	0.01348	0.02115	0.01859	0.02746	0.02714	0.03859	0.02492	0.06629	0.45478	0.01418	0.02477	0.01059	0.00597	0.15129
1	0.01694	0.01288	0.01626	0.01423	0.01830	0.01118	0.01084	0.02202	0.02913	0.04200	0.43301	0.06909	0.08466	0.01930	0.01185	0.00305	0.00576	0.01693	0.01084	0.15173
2	0.55676	0.02307	0.01953	0.01660	0.02376	0.02643	0.01368	0.13298	0.02543	0.05308	0.01749	0.01949	0.01322	0.01074	0.00762	0.00335	0.00918	0.00673	0.00762	0.01322
3	0.03311	0.02991	0.02788	0.02289	0.03050	0.12407	0.01812	0.19195	0.18338	0.04738	0.02848	0.02857	0.02161	0.01221	0.01018	0.00297	0.01154	0.00936	0.00908	0.15681
4	0.25463	0.02314	0.02334	0.01878	0.02667	0.02435	0.01527	0.15267	0.09751	0.08953	0.02483	0.02540	0.01843	0.01130	0.00895	0.00302	0.00931	0.00823	0.00880	0.15582
5	0.02915	0.16053	0.23181	0.07475	0.07325	0.02776	0.02843	0.03660	0.02402	0.13533	0.02296	0.02548	0.01679	0.01141	0.01171	0.00330	0.05613	0.00852	0.00647	0.01559
6	0.02915	0.62337	0.05714	0.01866	0.02799	0.04314	0.01866	0.03265	0.02215	0.02565	0.01516	0.01749	0.01399	0.00933	0.00700	0.00233	0.01166	0.00583	0.00466	0.01399
7	0.09557	0.02142	0.03152	0.03390	0.17605	0.02092	0.05565	0.07449	0.02930	0.20480	0.11000	0.03801	0.03336	0.01315	0.01095	0.00336	0.01046	0.01156	0.00955	0.01598
8	0.02593	0.02045	0.03437	0.10462	0.07336	0.01920	0.13668	0.03190	0.02479	0.11168	0.03150	0.09313	0.02788	0.01441	0.01150	0.00337	0.01197	0.06094	0.00772	0.15458
9	0.02781	0.02050	0.03345	0.36647	0.15935	0.02284	0.02792	0.03428	0.02438	0.14044	0.02457	0.03035	0.01770	0.01121	0.01089	0.00350	0.01312	0.00996	0.00677	0.01449
10	0.01454	0.01267	0.01573	0.13316	0.02750	0.01233	0.01306	0.01817	0.02388	0.02899	0.08714	0.13087	0.39386	0.02465	0.01255	0.00373	0.00748	0.02088	0.00902	0.00979
11	0.02427	0.02528	0.09911	0.31184	0.05441	0.02582	0.02807	0.03268	0.05892	0.07352	0.02214	0.02872	0.01681	0.01305	0.01608	0.00383	0.13622	0.00975	0.00598	0.01350
12	0.02808	0.02109	0.03540	0.33625	0.15309	0.02304	0.05938	0.03469	0.02461	0.14082	0.02473	0.03039	0.01780	0.01111	0.01102	0.00351	0.01339	0.01017	0.00681	0.01461
13	0.01848	0.01611	0.02829	0.02430	0.02822	0.01570	0.14800	0.02291	0.02179	0.02923	0.04048	0.16409	0.04318	0.15381	0.08149	0.00703	0.01379	0.12508	0.00765	0.01035
14	0.02590	0.14017	0.29855	0.02643	0.03727	0.14114	0.02893	0.03365	0.02426	0.03061	0.02347	0.09645	0.02135	0.01342	0.01017	0.00326	0.01490	0.01042	0.00553	0.01412
15	0.03126	0.08354	0.09575	0.04865	0.33780	0.02538	0.02913	0.03763	0.02573	0.14398	0.02464	0.02781	0.01864	0.01054	0.01043	0.00320	0.01239	0.00944	0.00695	0.01711
16	0.02517	0.16356	0.23808	0.03653	0.08527	0.02991	0.20234	0.03419	0.02395	0.03289	0.01960	0.02444	0.01509	0.00968	0.01058	0.00328	0.01574	0.00943	0.00500	0.01526
17	0.02059	0.01938	0.03270	0.59060	0.07510	0.02422	0.03028	0.02786	0.02180	0.02786	0.01938	0.02907	0.01453	0.01090	0.01090	0.00363	0.01453	0.00969	0.00484	0.01211
18	0.02932	0.07552	0.27585	0.03613	0.14242	0.02477	0.06860	0.03814	0.02526	0.14386	0.02460	0.02692	0.01749	0.01074	0.01056	0.00334	0.01395	0.00923	0.00670	0.01662
19	0.02378	0.03769	0.29866	0.03359	0.13882	0.02151	0.03061	0.03293	0.02571	0.07997	0.13168	0.03725	0.03431	0.01300	0.01102	0.00340	0.01261	0.01108	0.00705	0.01532
20	0.03484	0.02494	0.04772	0.03715	0.08116	0.02296	0.28316	0.04190	0.02780	0.23765	0.03009	0.03223	0.02066	0.01090	0.01198	0.00353	0.01445	0.01190	0.00861	0.01639
21	0.02875	0.02646	0.03427	0.14047	0.18384	0.07807	0.02614	0.13195	0.02939	0.03880	0.02427	0.03621	0.02114	0.01413	0.01439	0.00366	0.08803	0.05842	0.00688	0.01472
22	0.02431	0.03813	0.25587	0.09105	0.27108	0.02566	0.07094	0.03358	0.02392	0.03453	0.02015	0.02570	0.01559	0.01003	0.01078	0.00339	0.01477	0.00927	0.00504	0.01621
23	0.02469	0.08672	0.04403	0.16488	0.27941	0.02639	0.10366	0.03111	0.02377	0.03227	0.02281	0.06887	0.02020	0.01161	0.01097	0.00338	0.01352	0.01133	0.00556	0.01484
24	0.02932	0.01405	0.01846	0.01604	0.01987	0.01339	0.01181	0.03180	0.02245	0.24080	0.03691	0.05188	0.03209	0.26740	0.13673	0.00896	0.01362	0.01305	0.00928	0.01209
25	0.02187	0.05640	0.56031	0.03108	0.04719	0.02532	0.04029	0.03453	0.02302	0.03453	0.01957	0.02302	0.01381	0.01036	0.01036	0.00345	0.01611	0.00806	0.00460	0.01611
26	0.02729	0.08230	0.18301	0.08664	0.13184	0.02638	0.05611	0.04036	0.13046	0.08787	0.02705	0.02932	0.02007	0.01139	0.01057	0.00340	0.01291	0.00978	0.00708	0.01617
27	0.03778	0.02074	0.07908	0.01995	0.02761	0.01573	0.01790	0.04293	0.02913	0.37067	0.08983	0.07845	0.03883	0.01682	0.01167	0.00362	0.00954	0.06172	0.01188	0.01612
28	0.02524	0.02504	0.04476	0.17103	0.33226	0.02628	0.11642	0.03213	0.02388	0.03333	0.02019	0.02767	0.01640	0.01041	0.01262	0.00349	0.04790	0.01026	0.00527	0.01543
29	0.03433	0.02588	0.07369	0.08396	0.26539	0.02357	0.02709	0.08947	0.02919	0.19664	0.02779	0.02984	0.01991	0.01135	0.01083	0.00333	0.01208	0.00998	0.00834	0.01733

[dist]
# distance from previous block
# <min> <max>
2	7

[block]
# block no. 1 follows, 12 sequences, length 55
# corresponding to MSA columns:
# 94-148
name=unknown_B
#
# <colnr> <probs for GDERKNQSTAVLIFYWHMCP>
#	G	D	E	R	K	N	Q	S	T	A	V	L	I	F	Y	W	H	M	C	P
0	0.03525	0.02420	0.07281	0.02530	0.03367	0.02097	0.10766	0.12597	0.03239	0.24172	0.08362	0.08183	0.03335	0.01486	0.01167	0.00350	0.01133	0.01329	0.01048	0.01611
1	0.03497	0.18287	0.13075	0.02545	0.03537	0.09219	0.05703	0.15465	0.03203	0.11925	0.02352	0.02463	0.01724	0.01126	0.00987	0.00306	0.01352	0.00860	0.00769	0.01606
2	0.28755	0.02215	0.02501	0.02684	0.12029	0.02399	0.01790	0.04269	0.15593	0.13193	0.02855	0.02873	0.02103	0.01185	0.00934	0.00343	0.00945	0.00915	0.00879	0.01538
3	0.04068	0.02189	0.02691	0.02146	0.02852	0.02234	0.01747	0.19962	0.03570	0.29781	0.03734	0.09697	0.02837	0.01608	0.01301	0.00356	0.05089	0.01274	0.01165	0.01700
4	0.39670	0.02158	0.02345	0.20705	0.04047	0.02543	0.01895	0.08470	0.02331	0.04415	0.01781	0.02244	0.01347	0.01071	0.00860	0.00345	0.01086	0.00760	0.00658	0.01267
5	0.01321	0.00977	0.01236	0.01443	0.01562	0.00892	0.00979	0.01527	0.02160	0.02813	0.06927	0.51772	0.15816	0.03297	0.01373	0.00429	0.00618	0.02954	0.01012	0.00892
6	0.01888	0.01664	0.02668	0.39889	0.05555	0.01959	0.02364	0.02544	0.02481	0.03313	0.19340	0.04648	0.04389	0.01469	0.01155	0.00357	0.01141	0.01302	0.00722	0.01151
7	0.12895	0.03173	0.04788	0.04121	0.12370	0.12623	0.27174	0.03584	0.02546	0.03563	0.01984	0.02550	0.01549	0.00978	0.01107	0.00340	0.01628	0.01027	0.00570	0.01429
8	0.01586	0.01057	0.01189	0.01189	0.01189	0.01057	0.00661	0.01586	0.01586	0.02114	0.03436	0.07135	0.03964	0.61681	0.05550	0.01057	0.01057	0.01586	0.00661	0.00661
9	0.42598	0.06970	0.02369	0.01740	0.02496	0.02636	0.01460	0.12279	0.02670	0.12687	0.02136	0.02215	0.01549	0.01111	0.00816	0.00327	0.00946	0.00737	0.00835	0.01422
10	0.04457	0.02108	0.02632	0.02067	0.02881	0.02034	0.01691	0.12280	0.10807	0.40739	0.04069	0.03600	0.02666	0.01363	0.01098	0.00341	0.00959	0.01099	0.01275	0.01836
11	0.27537	0.02329	0.02439	0.01942	0.02735	0.02471	0.01603	0.19271	0.03314	0.22015	0.02775	0.02673	0.01890	0.01217	0.00945	0.00334	0.00985	0.00880	0.01027	0.01616
12	0.03276	0.02673	0.02812	0.02676	0.07538	0.07804	0.01937	0.11477	0.31775	0.10351	0.03709	0.03515	0.02738	0.01364	0.01091	0.00348	0.01057	0.01111	0.01032	0.01714
13	0.03038	0.03012	0.11757	0.02362	0.03200	0.02705	0.02156	0.23563	0.17133	0.05296	0.10751	0.03782	0.03435	0.01446	0.01116	0.00344	0.01077	0.01168	0.01005	0.01655
14	0.02187	0.05640	0.56031	0.03108	0.04719	0.02532	0.04029	0.03453	0.02302	0.03453	0.01957	0.02302	0.01381	0.01036	0.01036	0.00345	0.01611	0.00806	0.00460	0.01611
15	0.03480	0.01817	0.02435	0.10459	0.03291	0.01813	0.01733	0.04424	0.11569	0.29543	0.13081	0.04460	0.04004	0.01493	0.01132	0.00348	0.00920	0.01260	0.01151	0.01586
16	0.01746	0.01137	0.01373	0.01380	0.01681	0.01002	0.01009	0.02045	0.02511	0.09032	0.15054	0.26677	0.25804	0.02747	0.01302	0.00387	0.00616	0.02390	0.01078	0.01030
17	0.02366	0.19588	0.43653	0.02802	0.04247	0.02971	0.03496	0.03407	0.02281	0.03235	0.01848	0.02166	0.01386	0.01011	0.00953	0.00318	0.01502	0.00751	0.00462	0.01559
18	0.03777	0.02670	0.02885	0.02413	0.02920	0.12390	0.01953	0.04319	0.06474	0.25185	0.02921	0.02999	0.02108	0.01496	0.01867	0.00374	0.19821	0.00990	0.00910	0.01527
19	0.04892	0.01856	0.02530	0.01940	0.02783	0.01603	0.01603	0.05314	0.03121	0.55634	0.04302	0.03711	0.02699	0.01350	0.01096	0.00337	0.00928	0.01096	0.01350	0.01856
20	0.01586	0.01057	0.01189	0.01189	0.01189	0.01057	0.00661	0.01586	0.01586	0.02114	0.03436	0.07135	0.03964	0.61681	0.05550	0.01057	0.01057	0.01586	0.00661	0.00661
21	0.02699	0.02591	0.04426	0.06693	0.54879	0.02591	0.03346	0.03346	0.02483	0.03562	0.02051	0.02699	0.01727	0.00972	0.01079	0.00324	0.01295	0.00972	0.00540	0.01727
22	0.03788	0.04090	0.03130	0.02683	0.03320	0.38402	0.06502	0.04149	0.02988	0.10723	0.03025	0.03138	0.06708	0.01295	0.01058	0.00306	0.01663	0.00970	0.00722	0.01339
23	0.02481	0.05252	0.48112	0.03018	0.04518	0.02660	0.03735	0.10627	0.02726	0.03966	0.02056	0.02349	0.01452	0.01077	0.01044	0.00343	0.01550	0.00832	0.00555	0.01648
24	0.02973	0.02472	0.02612	0.02272	0.02935	0.02834	0.01789	0.14075	0.44203	0.04982	0.04106	0.03804	0.03060	0.01448	0.01106	0.00362	0.00924	0.01187	0.01106	0.01749
25	0.01507	0.01113	0.01407	0.01334	0.01607	0.01013	0.01000	0.01987	0.03001	0.04169	0.48135	0.08480	0.16584	0.02305	0.01286	0.00347	0.00520	0.02019	0.01173	0.01013
26	0.69383	0.02109	0.01603	0.01434	0.02109	0.02446	0.01181	0.03205	0.01856	0.04892	0.01518	0.01771	0.01181	0.01012	0.00675	0.00337	0.00843	0.00590	0.00675	0.01181
27	0.01328	0.00949	0.01265	0.01518	0.01581	0.00886	0.01012	0.01518	0.02088	0.02783	0.06010	0.60969	0.07212	0.03416	0.01392	0.00443	0.00633	0.03100	0.01012	0.00886
28	0.01766	0.01464	0.02389	0.02041	0.02431	0.01380	0.10200	0.02313	0.02791	0.03872	0.33622	0.07743	0.07627	0.06671	0.01646	0.00426	0.00871	0.08658	0.01011	0.01077
29	0.02712	0.02342	0.02465	0.02219	0.02835	0.02712	0.01726	0.05794	0.52909	0.04561	0.04438	0.04068	0.03328	0.01479	0.01109	0.00370	0.00863	0.01233	0.01109	0.01726
30	0.02335	0.02219	0.03768	0.36502	0.27915	0.02495	0.03165	0.03027	0.02311	0.03120	0.01987	0.02817	0.01571	0.01039	0.01086	0.00346	0.01385	0.00970	0.00508	0.01433
31	0.03171	0.03855	0.28633	0.02996	0.04253	0.02262	0.12086	0.04087	0.02629	0.21028	0.02793	0.02897	0.01877	0.01119	0.01104	0.00347	0.01424	0.00995	0.00777	0.01667
32	0.02418	0.13297	0.32797	0.03392	0.04740	0.02871	0.18529	0.03437	0.02375	0.03332	0.01969	0.02421	0.01470	0.00984	0.01065	0.00336	0.01616	0.00924	0.00490	0.01535
33	0.01586	0.01057	0.01189	0.01189	0.01189	0.01057	0.00661	0.01586	0.01586	0.02114	0.03436	0.07135	0.03964	0.61681	0.05550	0.01057	0.01057	0.01586	0.00661	0.00661
34	0.02151	0.01246	0.01594	0.01454	0.01829	0.01112	0.01108	0.02575	0.02895	0.14261	0.32285	0.12721	0.15979	0.02257	0.01259	0.00356	0.00615	0.01960	0.01180	0.01163
35	0.02548	0.04263	0.30897	0.03958	0.12364	0.02678	0.15394	0.08030	0.02668	0.03807	0.02096	0.02551	0.01546	0.01023	0.01110	0.00346	0.01581	0.00967	0.00555	0.01617
36	0.02531	0.02419	0.04122	0.20445	0.42439	0.02547	0.03263	0.03199	0.02403	0.03358	0.02021	0.02753	0.01655	0.01003	0.01082	0.00334	0.01337	0.00971	0.00525	0.01592
37	0.02136	0.02089	0.03745	0.50884	0.07238	0.02473	0.10217	0.02892	0.02239	0.02892	0.01978	0.02912	0.01484	0.01064	0.01120	0.00364	0.01511	0.01017	0.00495	0.01250
38	0.03637	0.16824	0.03464	0.02110	0.02899	0.02482	0.04809	0.04510	0.11258	0.26858	0.03624	0.07239	0.02735	0.01386	0.01034	0.00327	0.01013	0.01145	0.01017	0.01629
39	0.02881	0.03357	0.10620	0.02460	0.03216	0.12632	0.02141	0.05180	0.36235	0.04050	0.03564	0.03420	0.02686	0.01348	0.01075	0.00350	0.01176	0.01072	0.00912	0.01625
40	0.01708	0.01135	0.01320	0.01341	0.01658	0.00985	0.00979	0.01971	0.02420	0.08818	0.08552	0.27117	0.32349	0.02828	0.01303	0.00390	0.00622	0.02441	0.01050	0.01014
41	0.07510	0.10722	0.28805	0.08575	0.04814	0.02772	0.15126	0.03359	0.02314	0.03409	0.01934	0.02416	0.01443	0.00999	0.01038	0.00339	0.01544	0.00899	0.00502	0.01481
42	0.12433	0.18674	0.25611	0.12740	0.04353	0.02947	0.02876	0.03247	0.02191	0.03325	0.01777	0.02194	0.01369	0.01016	0.00907	0.00319	0.01356	0.00747	0.00498	0.01421
43	0.02580	0.02674	0.12903	0.34399	0.11621	0.02338	0.03032	0.03350	0.02378	0.10928	0.02309	0.02894	0.01658	0.01106	0.01080	0.00352	0.01386	0.00959	0.00616	0.01439
44	0.01460	0.01043	0.01416	0.01668	0.01789	0.00999	0.01240	0.01745	0.02217	0.02930	0.05937	0.46061	0.06925	0.03292	0.01427	0.00461	0.00746	0.16713	0.01010	0.00922
45	0.03065	0.09468	0.26436	0.03276	0.10822	0.02484	0.06691	0.03912	0.02554	0.17089	0.02562	0.02721	0.01796	0.01091	0.01045	0.00331	0.01364	0.00920	0.00712	0.01660
46	0.02071	0.04556	0.41950	0.11328	0.04785	0.02330	0.03539	0.03135	0.02260	0.03278	0.02410	0.08993	0.02048	0.01312	0.01084	0.00359	0.01478	0.01088	0.00526	0.01470
47	0.02751	0.04851	0.44881	0.02864	0.04316	0.02338	0.03523	0.03841	0.02473	0.14328	0.02445	0.02596	0.01656	0.01101	0.01049	0.00344	0.01469	0.00866	0.00646	0.01662
48	0.02776	0.02795	0.10688	0.09298	0.20459	0.02527	0.05691	0.08656	0.02669	0.08266	0.02542	0.07299	0.02149	0.01354	0.01389	0.00361	0.07699	0.01145	0.00688	0.01549
49	0.03642	0.02166	0.03197	0.17203	0.15003	0.02215	0.02377	0.09438	0.02978	0.26040	0.03050	0.03175	0.02090	0.01201	0.01091	0.00340	0.01167	0.01026	0.00935	0.01668
50	0.02732	0.02711	0.11609	0.25102	0.15917	0.02369	0.07599	0.03491	0.02455	0.11918	0.02384	0.02910	0.01726	0.01084	0.01100	0.00349	0.01394	0.00997	0.00643	0.01510
51	0.02672	0.02324	0.03957	0.23482	0.21518	0.02474	0.09891	0.03594	0.07199	0.08373	0.02475	0.03032	0.01866	0.01089	0.01118	0.00349	0.01353	0.01053	0.00654	0.01525
52	0.03040	0.02908	0.16176	0.14891	0.09407	0.02153	0.06499	0.03799	0.02616	0.19577	0.05866	0.03307	0.02397	0.01201	0.01105	0.00346	0.01287	0.01054	0.00801	0.01568
53	0.02837	0.03365	0.20492	0.08990	0.13588	0.02482	0.06809	0.03614	0.02415	0.13177	0.02365	0.02760	0.01729	0.01196	0.01421	0.00361	0.09207	0.00964	0.00655	0.01573
54	0.03460	0.10183	0.23524	0.02584	0.03749	0.02352	0.06425	0.04233	0.02665	0.25743	0.02933	0.02895	0.01970	0.01150	0.01044	0.00331	0.01286	0.00943	0.00850	0.01681

[dist]
# distance from previous block
# <min> <max>
0	1

[block]
# block no. 2 follows, 12 sequences, length 12
# corresponding to MSA columns:
# 150-161
name=unknown_C
#
# <colnr> <probs for GDERKNQSTAVLIFYWHMCP>
#	G	D	E	R	K	N	Q	S	T	A	V	L	I	F	Y	W	H	M	C	P
0	0.03181	0.03689	0.28392	0.10746	0.04397	0.02168	0.02976	0.04053	0.02591	0.22887	0.02832	0.02917	0.01885	0.01161	0.01066	0.00345	0.01333	0.00938	0.00797	0.01645
1	0.03092	0.19386	0.15392	0.02168	0.03119	0.02664	0.02185	0.04077	0.09869	0.16792	0.07935	0.03339	0.02879	0.01269	0.00994	0.00316	0.01098	0.00995	0.00856	0.01575
2	0.03373	0.02199	0.08233	0.10779	0.09409	0.01814	0.02165	0.03915	0.02659	0.28060	0.03736	0.12613	0.03002	0.01571	0.01135	0.00358	0.01069	0.01358	0.00985	0.01565
3	0.03903	0.08495	0.11572	0.02169	0.03110	0.02201	0.02045	0.04886	0.10968	0.33618	0.03667	0.03346	0.02458	0.01278	0.01050	0.00334	0.01052	0.01021	0.01079	0.01750
4	0.02269	0.02176	0.09621	0.01914	0.02416	0.04603	0.01661	0.05426	0.05245	0.08661	0.14723	0.22135	0.05386	0.02298	0.01435	0.05120	0.00917	0.01833	0.00952	0.01206
5	0.02435	0.09619	0.11567	0.15681	0.19818	0.02571	0.06202	0.03147	0.02333	0.03263	0.01945	0.02523	0.01559	0.00971	0.01003	0.00302	0.01318	0.00872	0.00526	0.12345
6	0.02422	0.03735	0.24662	0.03358	0.04515	0.02479	0.20963	0.07732	0.02781	0.03920	0.09667	0.03414	0.02813	0.01190	0.01171	0.00352	0.01500	0.01171	0.00660	0.01497
7	0.03201	0.02282	0.03716	0.13854	0.32835	0.02291	0.02813	0.03799	0.02610	0.17810	0.02654	0.03012	0.01951	0.01095	0.01086	0.00334	0.01219	0.01006	0.00754	0.01679
8	0.03007	0.09665	0.29405	0.02896	0.04155	0.02728	0.08502	0.11455	0.02901	0.11460	0.02390	0.02578	0.01681	0.01102	0.01051	0.00333	0.01430	0.00910	0.00702	0.01650
9	0.02338	0.02802	0.12289	0.28814	0.26213	0.02508	0.03319	0.03121	0.02322	0.03208	0.01987	0.02725	0.01552	0.01033	0.01077	0.00344	0.01415	0.00944	0.00503	0.01485
10	0.02648	0.12155	0.04439	0.23814	0.15040	0.02929	0.11139	0.08615	0.02648	0.03488	0.02015	0.02652	0.01578	0.01037	0.01059	0.00331	0.01415	0.00964	0.00573	0.01459
11	0.02476	0.02364	0.04024	0.24913	0.38398	0.02532	0.03236	0.03151	0.02377	0.03292	0.02012	0.02771	0.01632	0.01013	0.01083	0.00338	0.01350	0.00971	0.00521	0.01548

[dist]
# distance from previous block
# <min> <max>
2	4

[block]
# block no. 3 follows, 12 sequences, length 20
# corresponding to MSA columns:
# 166-185
name=unknown_D
#
# <colnr> <probs for GDERKNQSTAVLIFYWHMCP>
#	G	D	E	R	K	N	Q	S	T	A	V	L	I	F	Y	W	H	M	C	P
0	0.02767	0.02296	0.03805	0.10405	0.38810	0.02313	0.02944	0.03380	0.02527	0.09066	0.02718	0.03947	0.02338	0.01261	0.01132	0.00350	0.01236	0.06420	0.00676	0.01610
1	0.02568	0.02493	0.10326	0.03090	0.14122	0.02085	0.02254	0.03831	0.15267	0.09863	0.08674	0.05172	0.08180	0.01613	0.01159	0.00362	0.01026	0.05480	0.00910	0.01524
2	0.10745	0.03436	0.22359	0.08099	0.09698	0.02321	0.07236	0.03795	0.02476	0.15852	0.02488	0.02726	0.01736	0.01094	0.01040	0.00344	0.01334	0.00925	0.00714	0.01583
3	0.02713	0.02139	0.03729	0.17621	0.04761	0.02200	0.16722	0.03638	0.07950	0.12719	0.03316	0.08364	0.02747	0.01452	0.01207	0.00377	0.01313	0.04803	0.00807	0.01419
4	0.08121	0.02460	0.03663	0.09850	0.32419	0.02571	0.02737	0.08803	0.06563	0.08623	0.02440	0.02831	0.01881	0.01094	0.01054	0.00334	0.01200	0.00974	0.00719	0.01663
5	0.03079	0.02186	0.03073	0.02424	0.03032	0.02324	0.06282	0.03745	0.06962	0.17371	0.02667	0.02918	0.02009	0.01373	0.01832	0.00346	0.19549	0.00977	0.00816	0.17034
6	0.02684	0.02632	0.04660	0.06448	0.49139	0.02610	0.08898	0.03363	0.02493	0.03554	0.02069	0.02727	0.01719	0.00965	0.01104	0.00329	0.01359	0.01008	0.00541	0.01697
7	0.01328	0.00949	0.01265	0.01518	0.01581	0.00886	0.01012	0.01518	0.02088	0.02783	0.06010	0.60969	0.07212	0.03416	0.01392	0.00443	0.00633	0.03100	0.01012	0.00886
8	0.04145	0.03054	0.03272	0.02509	0.03381	0.03381	0.02072	0.51243	0.05127	0.06872	0.02618	0.02618	0.01854	0.01309	0.01091	0.00327	0.01200	0.00982	0.01091	0.01854
9	0.01586	0.01057	0.01189	0.01189	0.01189	0.01057	0.00661	0.01586	0.01586	0.02114	0.03436	0.07135	0.03964	0.61681	0.05550	0.01057	0.01057	0.01586	0.00661	0.00661
10	0.15172	0.15840	0.02716	0.01671	0.02262	0.02203	0.01405	0.03241	0.02417	0.15525	0.09121	0.08468	0.03693	0.06887	0.01391	0.00397	0.00915	0.04494	0.00890	0.01291
11	0.02675	0.32258	0.11522	0.02214	0.03097	0.03052	0.06459	0.03201	0.02388	0.07612	0.06228	0.09481	0.02856	0.01366	0.00957	0.00302	0.01158	0.01117	0.00668	0.01388
12	0.13383	0.42007	0.10138	0.01880	0.02775	0.03580	0.01899	0.03150	0.02120	0.03000	0.01707	0.02214	0.01554	0.05493	0.01094	0.00323	0.01154	0.00683	0.00514	0.01332
13	0.02233	0.16771	0.37684	0.02598	0.03841	0.02678	0.03121	0.03140	0.02219	0.03126	0.02270	0.06902	0.01999	0.05380	0.01304	0.00378	0.01407	0.00985	0.00517	0.01447
14	0.07322	0.17863	0.25804	0.02461	0.03584	0.02990	0.02706	0.12747	0.02796	0.03973	0.02261	0.06636	0.01907	0.01244	0.00970	0.00322	0.01298	0.00947	0.00644	0.01525
15	0.12025	0.18853	0.26902	0.02537	0.03674	0.02876	0.06954	0.03230	0.02185	0.03336	0.01918	0.02514	0.01580	0.05662	0.01268	0.00373	0.01366	0.00821	0.00516	0.01410
16	0.07281	0.14722	0.25298	0.02553	0.03656	0.06714	0.06365	0.03263	0.02423	0.03453	0.07952	0.02866	0.02447	0.01137	0.00978	0.00309	0.01339	0.00905	0.00590	0.05750
17	0.14411	0.19406	0.23443	0.02396	0.03476	0.02845	0.05972	0.03211	0.02303	0.03577	0.07418	0.02735	0.02329	0.01124	0.00926	0.00315	0.01253	0.00868	0.00587	0.01405
18	0.16751	0.13877	0.26560	0.02404	0.03545	0.06854	0.02669	0.03639	0.02342	0.09167	0.02024	0.02226	0.01486	0.01054	0.00907	0.00319	0.01331	0.00747	0.00610	0.01486
19	0.08646	0.20184	0.34306	0.02587	0.03885	0.03052	0.03068	0.06469	0.02421	0.03570	0.01842	0.02127	0.01398	0.01024	0.00917	0.00314	0.01397	0.00738	0.00522	0.01532

[dist]
# distance from previous block
# <min> <max>
4	83

[block]
# block no. 4 follows, 12 sequences, length 63
# corresponding to MSA columns:
# 269-294,297-333
name=unknown_E
#
# <colnr> <probs for GDERKNQSTAVLIFYWHMCP>
#	G	D	E	R	K	N	Q	S	T	A	V	L	I	F	Y	W	H	M	C	P
0	0.02717	0.02194	0.03250	0.03421	0.17478	0.02080	0.06594	0.06937	0.06587	0.08770	0.10524	0.03650	0.03233	0.01221	0.01073	0.00298	0.01040	0.01112	0.00825	0.16998
1	0.02916	0.01928	0.02914	0.18560	0.07163	0.01971	0.05196	0.03732	0.07280	0.18123	0.10926	0.03993	0.03376	0.01337	0.01117	0.00338	0.01080	0.01182	0.00913	0.05956
2	0.08862	0.02469	0.02745	0.13763	0.08798	0.10534	0.02025	0.03711	0.06058	0.13053	0.02752	0.06557	0.02209	0.01263	0.01019	0.00317	0.01180	0.01030	0.00780	0.10876
3	0.08800	0.02230	0.03466	0.12915	0.31115	0.02273	0.02648	0.03275	0.02399	0.08394	0.02446	0.06500	0.02076	0.01176	0.01048	0.00329	0.01167	0.01064	0.00658	0.06022
4	0.12329	0.01512	0.01670	0.01499	0.01844	0.01563	0.01091	0.06723	0.02298	0.03559	0.11448	0.05212	0.04018	0.23606	0.10434	0.00772	0.01182	0.01297	0.00782	0.07160
5	0.18043	0.01977	0.02362	0.12378	0.03350	0.02114	0.01696	0.10427	0.02719	0.19312	0.02870	0.03502	0.02205	0.10522	0.01688	0.00452	0.01066	0.01020	0.00896	0.01402
6	0.12894	0.02368	0.03388	0.08570	0.29977	0.02471	0.02537	0.03626	0.10545	0.03871	0.02338	0.02754	0.01873	0.01054	0.00998	0.00321	0.01122	0.00925	0.00659	0.07709
7	0.01442	0.01022	0.01336	0.01493	0.01601	0.00969	0.01037	0.01695	0.02246	0.03035	0.14639	0.39593	0.07271	0.10825	0.01930	0.00510	0.00700	0.06762	0.01000	0.00894
8	0.69383	0.02109	0.01603	0.01434	0.02109	0.02446	0.01181	0.03205	0.01856	0.04892	0.01518	0.01771	0.01181	0.01012	0.00675	0.00337	0.00843	0.00590	0.00675	0.01181
9	0.02699	0.02591	0.04426	0.06693	0.54879	0.02591	0.03346	0.03346	0.02483	0.03562	0.02051	0.02699	0.01727	0.00972	0.01079	0.00324	0.01295	0.00972	0.00540	0.01727
10	0.03208	0.47880	0.05050	0.02104	0.02943	0.17721	0.01927	0.03540	0.02437	0.02591	0.01559	0.01804	0.01401	0.00981	0.00771	0.00245	0.01369	0.00613	0.00491	0.01365
11	0.02261	0.01938	0.02261	0.01615	0.02584	0.01453	0.01292	0.02745	0.02261	0.03553	0.01938	0.02261	0.01615	0.00807	0.00807	0.00161	0.00807	0.00646	0.00646	0.68346
12	0.08822	0.03153	0.07855	0.02356	0.03091	0.11149	0.01996	0.09279	0.31391	0.04400	0.03347	0.03236	0.02517	0.01324	0.01043	0.00347	0.01136	0.01030	0.00921	0.01608
13	0.01857	0.01184	0.01558	0.01425	0.01737	0.01083	0.01083	0.02363	0.03090	0.09174	0.49620	0.07729	0.09577	0.02147	0.01268	0.00342	0.00553	0.01890	0.01214	0.01106
14	0.03339	0.02595	0.03367	0.20278	0.09727	0.10711	0.06603	0.04070	0.05932	0.18295	0.02778	0.03052	0.01972	0.01169	0.01093	0.00340	0.01360	0.01010	0.00798	0.01512
15	0.03020	0.02351	0.02532	0.02215	0.02872	0.02661	0.01741	0.09174	0.44747	0.09415	0.04288	0.03926	0.03160	0.01455	0.01107	0.00364	0.00894	0.01201	0.01130	0.01747
16	0.02704	0.42436	0.13029	0.02243	0.03107	0.03858	0.02296	0.03175	0.02127	0.02713	0.01568	0.01953	0.01402	0.01130	0.01287	0.00296	0.12128	0.00686	0.00467	0.01394
17	0.01586	0.01057	0.01189	0.01189	0.01189	0.01057	0.00661	0.01586	0.01586	0.02114	0.03436	0.07135	0.03964	0.61681	0.05550	0.01057	0.01057	0.01586	0.00661	0.00661
18	0.01328	0.00949	0.01265	0.01518	0.01581	0.00886	0.01012	0.01518	0.02088	0.02783	0.06010	0.60969	0.07212	0.03416	0.01392	0.00443	0.00633	0.03100	0.01012	0.00886
19	0.02261	0.01938	0.02261	0.01615	0.02584	0.01453	0.01292	0.02745	0.02261	0.03553	0.01938	0.02261	0.01615	0.00807	0.00807	0.00161	0.00807	0.00646	0.00646	0.68346
20	0.02915	0.62337	0.05714	0.01866	0.02799	0.04314	0.01866	0.03265	0.02215	0.02565	0.01516	0.01749	0.01399	0.00933	0.00700	0.00233	0.01166	0.00583	0.00466	0.01399
21	0.02418	0.02305	0.03919	0.29645	0.34117	0.02517	0.03207	0.03101	0.02350	0.03222	0.02001	0.02790	0.01607	0.01023	0.01084	0.00341	0.01365	0.00970	0.00516	0.01501
22	0.03034	0.38532	0.18074	0.02194	0.03287	0.03441	0.02378	0.03629	0.02377	0.10974	0.02058	0.02193	0.01595	0.01023	0.00847	0.00278	0.01243	0.00719	0.00601	0.01524
23	0.02059	0.01938	0.03270	0.59060	0.07510	0.02422	0.03028	0.02786	0.02180	0.02786	0.01938	0.02907	0.01453	0.01090	0.01090	0.00363	0.01453	0.00969	0.00484	0.01211
24	0.02337	0.14906	0.43954	0.03011	0.04471	0.02846	0.07142	0.03425	0.02308	0.03308	0.01902	0.02257	0.01404	0.01010	0.00998	0.00328	0.01554	0.00804	0.00468	0.01566
25	0.02209	0.02529	0.14539	0.25206	0.04858	0.01990	0.02626	0.02938	0.02406	0.08084	0.08047	0.09504	0.03376	0.01596	0.01162	0.00374	0.01232	0.05305	0.00725	0.01295
26	0.02936	0.03285	0.22444	0.02589	0.03594	0.02073	0.07045	0.07747	0.02747	0.17225	0.03418	0.13892	0.02898	0.01582	0.01148	0.00362	0.01233	0.01377	0.00860	0.01545
27	0.02187	0.05640	0.56031	0.03108	0.04719	0.02532	0.04029	0.03453	0.02302	0.03453	0.01957	0.02302	0.01381	0.01036	0.01036	0.00345	0.01611	0.00806	0.00460	0.01611
28	0.02379	0.06449	0.06719	0.12826	0.03754	0.01921	0.08744	0.02903	0.02399	0.11314	0.04301	0.19703	0.08228	0.01893	0.01188	0.00371	0.01102	0.01709	0.00824	0.01274
29	0.02841	0.14690	0.24862	0.11224	0.04301	0.02687	0.02861	0.03824	0.05967	0.12931	0.02480	0.02677	0.01776	0.01114	0.00998	0.00327	0.01325	0.00873	0.00675	0.01563
30	0.01666	0.02224	0.15250	0.01987	0.02513	0.01398	0.01920	0.02246	0.02403	0.03331	0.13679	0.27328	0.06115	0.02522	0.01304	0.00411	0.00929	0.10750	0.00905	0.01118
31	0.02059	0.01938	0.03270	0.59060	0.07510	0.02422	0.03028	0.02786	0.02180	0.02786	0.01938	0.02907	0.01453	0.01090	0.01090	0.00363	0.01453	0.00969	0.00484	0.01211
32	0.02813	0.04320	0.34030	0.11492	0.04687	0.06179	0.03279	0.03767	0.02494	0.13200	0.02380	0.02639	0.01644	0.01110	0.01052	0.00342	0.01482	0.00879	0.00640	0.01572
33	0.03199	0.02459	0.04576	0.09711	0.16200	0.02364	0.21634	0.03898	0.02667	0.18008	0.02730	0.03098	0.01943	0.01068	0.01167	0.00349	0.01423	0.01131	0.00765	0.01611
34	0.01322	0.00973	0.01240	0.01454	0.01565	0.00891	0.00984	0.01525	0.02149	0.02808	0.06786	0.53187	0.14492	0.03315	0.01376	0.00431	0.00620	0.02977	0.01012	0.00891
35	0.02440	0.02877	0.12057	0.20878	0.33814	0.02534	0.03362	0.03205	0.02370	0.03327	0.02005	0.02696	0.01597	0.01015	0.01076	0.00338	0.01389	0.00945	0.00512	0.01564
36	0.03125	0.03106	0.15702	0.04113	0.21870	0.02353	0.06500	0.04100	0.07229	0.16703	0.02825	0.03006	0.02034	0.01124	0.01092	0.00340	0.01276	0.01013	0.00778	0.01714
37	0.02225	0.05373	0.51129	0.03255	0.04816	0.02554	0.08663	0.03457	0.02329	0.03457	0.01981	0.02365	0.01408	0.01024	0.01061	0.00348	0.01634	0.00853	0.00469	0.01597
38	0.01711	0.01036	0.01419	0.01419	0.01464	0.01081	0.00946	0.01599	0.01554	0.02117	0.02658	0.04840	0.02792	0.24512	0.17061	0.29914	0.01444	0.01216	0.00563	0.00654
39	0.02289	0.02399	0.12026	0.02609	0.03340	0.01753	0.14560	0.02891	0.02429	0.10449	0.04538	0.23598	0.08277	0.02020	0.01254	0.00386	0.01145	0.01892	0.00846	0.01298
40	0.03054	0.01885	0.06090	0.01917	0.02499	0.01582	0.01589	0.03865	0.10359	0.24571	0.04768	0.24524	0.04341	0.02099	0.01201	0.00381	0.00862	0.01826	0.01123	0.01464
41	0.02896	0.02656	0.09214	0.17297	0.21264	0.02384	0.10497	0.03623	0.02530	0.13243	0.02467	0.02938	0.01802	0.01069	0.01113	0.00345	0.01379	0.01028	0.00675	0.01580
42	0.02816	0.02959	0.05946	0.04274	0.05341	0.02854	0.43388	0.10855	0.02967	0.04014	0.02269	0.02891	0.01685	0.00979	0.01257	0.00361	0.01740	0.01240	0.00635	0.01530
43	0.02972	0.24299	0.12625	0.16312	0.04330	0.03093	0.02488	0.07858	0.02614	0.10543	0.02181	0.02479	0.01632	0.01081	0.00942	0.00307	0.01280	0.00823	0.00650	0.01492
44	0.03556	0.01913	0.06818	0.01901	0.02580	0.01469	0.01631	0.04000	0.02791	0.34670	0.07749	0.18065	0.04192	0.01891	0.01177	0.00365	0.00888	0.01624	0.01179	0.01540
45	0.01451	0.01805	0.09606	0.01438	0.01988	0.01179	0.01341	0.01902	0.02513	0.03157	0.13696	0.09010	0.42122	0.02446	0.01249	0.00362	0.00712	0.02040	0.00945	0.01037
46	0.02492	0.02380	0.04052	0.23617	0.39570	0.02536	0.03243	0.03165	0.02385	0.03311	0.02014	0.02766	0.01639	0.01010	0.01083	0.00337	0.01346	0.00971	0.00522	0.01560
47	0.04231	0.02901	0.03072	0.03078	0.12666	0.15711	0.02084	0.07788	0.03129	0.29547	0.03121	0.03017	0.02141	0.01220	0.01065	0.00320	0.01272	0.00968	0.00986	0.01685
48	0.02187	0.05640	0.56031	0.03108	0.04719	0.02532	0.04029	0.03453	0.02302	0.03453	0.01957	0.02302	0.01381	0.01036	0.01036	0.00345	0.01611	0.00806	0.00460	0.01611
49	0.02310	0.02041	0.02702	0.08092	0.11303	0.01728	0.01787	0.02844	0.02288	0.03479	0.01956	0.02394	0.01617	0.00861	0.00878	0.00207	0.00948	0.00729	0.00613	0.51224
50	0.01362	0.00974	0.01295	0.01496	0.01589	0.00908	0.01015	0.01601	0.02242	0.03028	0.13455	0.52825	0.07686	0.03233	0.01375	0.00427	0.00614	0.02926	0.01041	0.00908
51	0.02435	0.08001	0.23874	0.03001	0.08508	0.02406	0.07497	0.03554	0.08637	0.06955	0.03820	0.03935	0.09949	0.01352	0.01092	0.00343	0.01270	0.01154	0.00702	0.01516
52	0.01289	0.01105	0.01105	0.01105	0.01473	0.00920	0.00828	0.01565	0.02485	0.02946	0.11046	0.10493	0.54437	0.02761	0.01289	0.00368	0.00552	0.02301	0.01013	0.00920
53	0.02514	0.02170	0.02276	0.02064	0.02646	0.02463	0.01601	0.05205	0.45893	0.04336	0.05357	0.04962	0.10439	0.01658	0.01134	0.00370	0.00820	0.01381	0.01096	0.01614
54	0.01565	0.01137	0.01596	0.01596	0.01737	0.01278	0.01168	0.01847	0.01706	0.02415	0.03064	0.05076	0.03070	0.23039	0.42969	0.01559	0.02403	0.01284	0.00605	0.00887
55	0.04145	0.03054	0.03272	0.02509	0.03381	0.03381	0.02072	0.51243	0.05127	0.06872	0.02618	0.02618	0.01854	0.01309	0.01091	0.00327	0.01200	0.00982	0.01091	0.01854
56	0.01558	0.01168	0.01752	0.01752	0.01947	0.01363	0.01363	0.01947	0.01752	0.02531	0.02921	0.04283	0.02726	0.08178	0.57360	0.01752	0.02921	0.01168	0.00584	0.00974
57	0.01739	0.01049	0.01573	0.01573	0.01663	0.01138	0.01138	0.01663	0.01573	0.02187	0.02366	0.03760	0.02277	0.05808	0.28701	0.37657	0.01855	0.01049	0.00524	0.00704
58	0.03489	0.34000	0.04412	0.02333	0.03082	0.30592	0.01985	0.03805	0.02649	0.02616	0.01600	0.01857	0.01402	0.01027	0.00840	0.00257	0.01563	0.00642	0.00514	0.01332
59	0.69383	0.02109	0.01603	0.01434	0.02109	0.02446	0.01181	0.03205	0.01856	0.04892	0.01518	0.01771	0.01181	0.01012	0.00675	0.00337	0.00843	0.00590	0.00675	0.01181
60	0.15320	0.02507	0.03079	0.02507	0.03253	0.02773	0.09734	0.11942	0.27795	0.04804	0.03248	0.03232	0.02427	0.01274	0.01055	0.00357	0.01071	0.01083	0.00934	0.01602
61	0.59003	0.02082	0.01860	0.10318	0.02941	0.02442	0.01466	0.03140	0.01906	0.04567	0.01583	0.01946	0.01223	0.01024	0.00739	0.00341	0.00938	0.00649	0.00645	0.01186
62	0.02335	0.02317	0.03329	0.11527	0.03579	0.03198	0.02485	0.02649	0.01749	0.02649	0.01509	0.02466	0.01435	0.01782	0.03195	0.00460	0.50707	0.00956	0.00478	0.01196

[dist]
# distance from previous block
# <min> <max>
0	1

[block]
# block no. 5 follows, 12 sequences, length 32
# corresponding to MSA columns:
# 335-366
name=unknown_F
#
# <colnr> <probs for GDERKNQSTAVLIFYWHMCP>
#	G	D	E	R	K	N	Q	S	T	A	V	L	I	F	Y	W	H	M	C	P
0	0.15139	0.01971	0.02946	0.47864	0.06460	0.02427	0.02669	0.02867	0.02117	0.03195	0.01856	0.02686	0.01401	0.01075	0.01009	0.00358	0.01335	0.00895	0.00521	0.01205
1	0.15139	0.01971	0.02946	0.47864	0.06460	0.02427	0.02669	0.02867	0.02117	0.03195	0.01856	0.02686	0.01401	0.01075	0.01009	0.00358	0.01335	0.00895	0.00521	0.01205
2	0.03392	0.02848	0.03341	0.03863	0.21596	0.11241	0.02356	0.12550	0.07099	0.11414	0.06925	0.03265	0.02667	0.01253	0.01088	0.00325	0.01236	0.01051	0.00855	0.01636
3	0.01385	0.01108	0.01238	0.01206	0.01532	0.00962	0.00904	0.01752	0.02713	0.03487	0.27451	0.09603	0.37694	0.02560	0.01288	0.00359	0.00538	0.02176	0.01084	0.00962
4	0.02796	0.03091	0.12198	0.03526	0.13634	0.02752	0.07714	0.10659	0.23128	0.04374	0.03088	0.03200	0.02324	0.01225	0.01108	0.00351	0.01219	0.01084	0.00830	0.01697
5	0.01635	0.01085	0.01265	0.01220	0.01497	0.01005	0.00915	0.02102	0.02744	0.04015	0.31636	0.07424	0.16494	0.02056	0.01137	0.00322	0.00520	0.01761	0.20164	0.01005
6	0.01960	0.01713	0.02735	0.15888	0.19546	0.01787	0.02192	0.02475	0.02426	0.03336	0.13252	0.19617	0.04818	0.01906	0.01207	0.00369	0.00999	0.01743	0.00784	0.01248
7	0.02699	0.02591	0.04426	0.06693	0.54879	0.02591	0.03346	0.03346	0.02483	0.03562	0.02051	0.02699	0.01727	0.00972	0.01079	0.00324	0.01295	0.00972	0.00540	0.01727
8	0.69383	0.02109	0.01603	0.01434	0.02109	0.02446	0.01181	0.03205	0.01856	0.04892	0.01518	0.01771	0.01181	0.01012	0.00675	0.00337	0.00843	0.00590	0.00675	0.01181
9	0.03007	0.57912	0.05531	0.01914	0.02842	0.04245	0.01881	0.06846	0.02433	0.02887	0.01598	0.01814	0.01433	0.00961	0.00729	0.00240	0.01169	0.00613	0.00513	0.01433
10	0.03275	0.02788	0.02772	0.02357	0.03051	0.07095	0.01866	0.20248	0.33794	0.05157	0.03644	0.03443	0.02709	0.01398	0.01094	0.00349	0.01055	0.01112	0.01062	0.01732
11	0.01401	0.01109	0.01260	0.01222	0.01542	0.00968	0.00917	0.01782	0.02750	0.03574	0.30089	0.09459	0.35001	0.02527	0.01287	0.00357	0.00536	0.02156	0.01095	0.00968
12	0.40049	0.02824	0.12468	0.01930	0.02832	0.02388	0.01877	0.07336	0.02416	0.13604	0.02173	0.02278	0.01536	0.01098	0.00851	0.00338	0.01035	0.00751	0.00783	0.01434
13	0.06690	0.02536	0.04112	0.03457	0.09354	0.05207	0.20879	0.07308	0.02824	0.13846	0.03415	0.06559	0.06012	0.01322	0.01169	0.00352	0.01349	0.01295	0.00812	0.01504
14	0.01586	0.01057	0.01189	0.01189	0.01189	0.01057	0.00661	0.01586	0.01586	0.02114	0.03436	0.07135	0.03964	0.61681	0.05550	0.01057	0.01057	0.01586	0.00661	0.00661
15	0.01351	0.00967	0.01286	0.01503	0.01587	0.00901	0.01014	0.01576	0.02194	0.02953	0.11163	0.55333	0.07540	0.03289	0.01380	0.00432	0.00620	0.02979	0.01032	0.00901
16	0.26861	0.02368	0.03377	0.04124	0.26300	0.02447	0.06327	0.03518	0.02333	0.09590	0.02113	0.02494	0.01629	0.01022	0.00953	0.00334	0.01139	0.00874	0.00676	0.01523
17	0.03843	0.02308	0.03447	0.04101	0.25868	0.02229	0.02423	0.09345	0.03053	0.27421	0.03127	0.03147	0.02179	0.01178	0.01088	0.00330	0.01119	0.01029	0.00964	0.01799
18	0.02452	0.01316	0.01749	0.01526	0.01942	0.01185	0.01185	0.02941	0.03096	0.18285	0.40733	0.06941	0.08228	0.01990	0.01235	0.00341	0.00627	0.01734	0.01241	0.01253
19	0.01987	0.01805	0.02905	0.36352	0.09639	0.02147	0.02513	0.02584	0.02284	0.03059	0.09636	0.09775	0.03319	0.01548	0.01334	0.00374	0.05568	0.01335	0.00644	0.01192
20	0.02835	0.14465	0.37153	0.02671	0.04019	0.02652	0.03193	0.03783	0.02447	0.13441	0.02338	0.02483	0.01640	0.01079	0.00991	0.00325	0.01404	0.00825	0.00634	0.01623
21	0.02332	0.03165	0.15263	0.03844	0.04892	0.02439	0.33657	0.03227	0.02479	0.03412	0.02762	0.07932	0.02431	0.01316	0.01266	0.00381	0.01630	0.05548	0.00609	0.01412
22	0.01328	0.00949	0.01265	0.01518	0.01581	0.00886	0.01012	0.01518	0.02088	0.02783	0.06010	0.60969	0.07212	0.03416	0.01392	0.00443	0.00633	0.03100	0.01012	0.00886
23	0.08493	0.01940	0.02348	0.02015	0.02574	0.02028	0.01617	0.11599	0.06796	0.21822	0.04006	0.14963	0.03487	0.01879	0.01353	0.00381	0.05780	0.04347	0.01077	0.01496
24	0.03230	0.02443	0.03325	0.02726	0.07115	0.06911	0.10601	0.03770	0.02643	0.17609	0.02614	0.02783	0.01906	0.01016	0.01009	0.00269	0.01169	0.00914	0.00804	0.27144
25	0.02484	0.20692	0.29886	0.03129	0.04428	0.03082	0.14961	0.03411	0.02345	0.03217	0.01896	0.02306	0.01453	0.00979	0.01004	0.00320	0.01544	0.00862	0.00484	0.01518
26	0.14758	0.01261	0.01270	0.01237	0.01368	0.01327	0.00762	0.01900	0.01638	0.02654	0.03063	0.06093	0.03423	0.49894	0.04603	0.00917	0.01016	0.01392	0.00663	0.00762
27	0.02084	0.02657	0.13521	0.48189	0.06968	0.02444	0.03222	0.02915	0.02204	0.02915	0.01942	0.02789	0.01439	0.01080	0.01080	0.00360	0.01484	0.00937	0.00480	0.01289
28	0.02162	0.04921	0.45781	0.13978	0.05261	0.02511	0.03834	0.03323	0.02278	0.03323	0.01953	0.02420	0.01395	0.01046	0.01046	0.00349	0.01581	0.00837	0.00465	0.01534
29	0.01653	0.01274	0.01554	0.01690	0.01910	0.01294	0.01239	0.02454	0.12050	0.03207	0.06056	0.39366	0.09935	0.02934	0.01345	0.00431	0.00722	0.08788	0.01030	0.01068
30	0.02017	0.01838	0.03024	0.43073	0.10691	0.02167	0.02669	0.02696	0.02384	0.03165	0.12122	0.03906	0.03195	0.01301	0.01127	0.00356	0.01257	0.01164	0.00629	0.01223
31	0.07557	0.02290	0.03413	0.07451	0.03603	0.02701	0.11489	0.03469	0.13013	0.03582	0.07915	0.03464	0.02808	0.01521	0.01930	0.00398	0.20173	0.01160	0.00720	0.01344

[dist]
# distance from previous block
# <min> <max>
0	14

[block]
# block no. 6 follows, 12 sequences, length 95
# corresponding to MSA columns:
# 381-475
name=unknown_G
#
# <colnr> <probs for GDERKNQSTAVLIFYWHMCP>
#	G	D	E	R	K	N	Q	S	T	A	V	L	I	F	Y	W	H	M	C	P
0	0.02719	0.01954	0.06310	0.01769	0.02352	0.01717	0.01518	0.07503	0.11023	0.13904	0.17551	0.04858	0.04727	0.01566	0.01072	0.00326	0.00791	0.01308	0.15628	0.01405
1	0.16743	0.10697	0.03268	0.02214	0.03055	0.03322	0.01871	0.35512	0.04102	0.05916	0.02257	0.02338	0.01662	0.01201	0.00958	0.00317	0.01126	0.00853	0.00927	0.01662
2	0.02073	0.01462	0.01788	0.01654	0.02081	0.01402	0.01291	0.02949	0.10938	0.08162	0.23464	0.11723	0.10040	0.02126	0.01229	0.00358	0.00709	0.07419	0.01087	0.08043
3	0.26443	0.28665	0.03756	0.01851	0.02681	0.03462	0.01670	0.13433	0.02708	0.04294	0.01751	0.01941	0.01419	0.01040	0.00774	0.00290	0.01060	0.00670	0.00672	0.01419
4	0.23190	0.03709	0.02492	0.02219	0.02819	0.30792	0.01715	0.08635	0.02864	0.03873	0.01891	0.02155	0.01503	0.01122	0.00884	0.00300	0.01432	0.00725	0.06403	0.01278
5	0.01385	0.00989	0.01330	0.01583	0.01671	0.00934	0.01110	0.01616	0.02143	0.02847	0.05978	0.54543	0.07088	0.03363	0.01407	0.00451	0.00682	0.08967	0.01011	0.00901
6	0.01757	0.01255	0.01757	0.02008	0.02259	0.01255	0.01757	0.02259	0.02510	0.03263	0.05773	0.12299	0.06275	0.03012	0.01506	0.00502	0.01004	0.47540	0.01004	0.01004
7	0.01558	0.01168	0.01752	0.01752	0.01947	0.01363	0.01363	0.01947	0.01752	0.02531	0.02921	0.04283	0.02726	0.08178	0.57360	0.01752	0.02921	0.01168	0.00584	0.00974
8	0.01432	0.01110	0.01303	0.01255	0.01561	0.00981	0.00941	0.01842	0.02823	0.03748	0.35374	0.09172	0.29607	0.02462	0.01287	0.00354	0.00531	0.02116	0.01118	0.00981
9	0.02699	0.02591	0.04426	0.06693	0.54879	0.02591	0.03346	0.03346	0.02483	0.03562	0.02051	0.02699	0.01727	0.00972	0.01079	0.00324	0.01295	0.00972	0.00540	0.01727
10	0.02187	0.05640	0.56031	0.03108	0.04719	0.02532	0.04029	0.03453	0.02302	0.03453	0.01957	0.02302	0.01381	0.01036	0.01036	0.00345	0.01611	0.00806	0.00460	0.01611
11	0.02915	0.62337	0.05714	0.01866	0.02799	0.04314	0.01866	0.03265	0.02215	0.02565	0.01516	0.01749	0.01399	0.00933	0.00700	0.00233	0.01166	0.00583	0.00466	0.01399
12	0.01338	0.01016	0.01233	0.01370	0.01551	0.00911	0.00955	0.01588	0.02317	0.02997	0.12548	0.39355	0.22714	0.03085	0.01348	0.00409	0.00595	0.02728	0.01031	0.00911
13	0.01289	0.01105	0.01105	0.01105	0.01473	0.00920	0.00828	0.01565	0.02485	0.02946	0.11046	0.10493	0.54437	0.02761	0.01289	0.00368	0.00552	0.02301	0.01013	0.00920
14	0.01465	0.01063	0.01413	0.01643	0.01794	0.01010	0.01240	0.01765	0.02260	0.02954	0.06363	0.40699	0.10950	0.03228	0.01420	0.00456	0.00747	0.17592	0.01010	0.00927
15	0.02138	0.01807	0.02129	0.01602	0.02452	0.01379	0.01255	0.02583	0.02238	0.03451	0.02476	0.10013	0.02354	0.01152	0.00885	0.00199	0.00784	0.00970	0.00694	0.59439
16	0.02387	0.02372	0.03596	0.02856	0.03264	0.02803	0.10109	0.02795	0.01957	0.02984	0.01677	0.02448	0.01511	0.01488	0.02554	0.00385	0.36405	0.00937	0.00529	0.16944
17	0.02637	0.10327	0.03474	0.02552	0.03083	0.03100	0.06139	0.04393	0.27847	0.03675	0.03036	0.03204	0.02410	0.01477	0.01748	0.00381	0.17124	0.01075	0.00803	0.01515
18	0.02350	0.01586	0.02002	0.01819	0.02160	0.01709	0.01403	0.03135	0.10793	0.11926	0.13666	0.12779	0.08951	0.06312	0.06228	0.00535	0.08749	0.01660	0.00991	0.01246
19	0.02945	0.02458	0.02597	0.02266	0.02924	0.02821	0.01782	0.13184	0.45140	0.04937	0.04142	0.03832	0.03089	0.01452	0.01106	0.00363	0.00918	0.01192	0.01106	0.01747
20	0.01586	0.01057	0.01189	0.01189	0.01189	0.01057	0.00661	0.01586	0.01586	0.02114	0.03436	0.07135	0.03964	0.61681	0.05550	0.01057	0.01057	0.01586	0.00661	0.00661
21	0.01667	0.01329	0.01962	0.01899	0.02068	0.01624	0.01498	0.02036	0.01741	0.02543	0.02724	0.04033	0.02555	0.07350	0.50259	0.01584	0.10416	0.01140	0.00570	0.01002
