[name]
unknown

[dist]
# distance from previous block
# <min> <max>
0	626

[block]
# block no. 0 follows, 11 sequences, length 7
# corresponding to MSA columns:
# 644-650
name=unknown_A
#
# <colnr> <probs for GDERKNQSTAVLIFYWHMCP>
#	G	D	E	R	K	N	Q	S	T	A	V	L	I	F	Y	W	H	M	C	P
0	0.12354	0.01483	0.01738	0.01649	0.02111	0.01437	0.01336	0.03024	0.02626	0.15000	0.09814	0.11497	0.11431	0.02186	0.01204	0.00394	0.00808	0.11802	0.06865	0.01241
1	0.12181	0.06613	0.07437	0.11408	0.03683	0.02138	0.01924	0.03017	0.02258	0.03655	0.01906	0.02339	0.01534	0.00946	0.00877	0.00252	0.01056	0.00726	0.00612	0.35439
2	0.01860	0.01405	0.01688	0.01771	0.01996	0.01472	0.01309	0.02762	0.13267	0.03244	0.05162	0.23894	0.05531	0.16200	0.02396	0.00602	0.00899	0.12476	0.00981	0.01085
3	0.08897	0.10292	0.02766	0.07390	0.03027	0.02181	0.01711	0.06398	0.02723	0.16108	0.03358	0.04468	0.02752	0.01473	0.01026	0.00334	0.00999	0.07604	0.10000	0.06493
4	0.02677	0.15812	0.20601	0.02787	0.03861	0.02820	0.09680	0.03812	0.09208	0.07356	0.02919	0.08433	0.02454	0.01362	0.01087	0.00348	0.01340	0.01178	0.00710	0.01556
5	0.01459	0.01035	0.01341	0.01485	0.01588	0.00973	0.00999	0.01706	0.02323	0.03159	0.16669	0.40566	0.07719	0.11098	0.02004	0.00521	0.00685	0.02713	0.01040	0.00916
6	0.08501	0.01258	0.01486	0.01477	0.01661	0.01287	0.01003	0.02153	0.01933	0.06875	0.03934	0.17748	0.04257	0.29346	0.11388	0.00923	0.01247	0.01778	0.00810	0.00935

[dist]
# distance from previous block
# <min> <max>
0	6

[block]
# block no. 1 follows, 11 sequences, length 17
# corresponding to MSA columns:
# 657-673
name=unknown_B
#
# <colnr> <probs for GDERKNQSTAVLIFYWHMCP>
#	G	D	E	R	K	N	Q	S	T	A	V	L	I	F	Y	W	H	M	C	P
0	0.17701	0.22146	0.11951	0.02157	0.03101	0.07233	0.02106	0.03978	0.07437	0.09260	0.02281	0.02391	0.01745	0.01119	0.00884	0.00314	0.01209	0.00778	0.00705	0.01506
1	0.28548	0.02552	0.07678	0.01995	0.02884	0.02284	0.01801	0.09361	0.02872	0.25261	0.02917	0.02802	0.01959	0.01224	0.00961	0.00348	0.01029	0.00891	0.01007	0.01627
2	0.02895	0.03174	0.14592	0.04237	0.16324	0.02418	0.17796	0.03712	0.02663	0.11790	0.03245	0.03577	0.05811	0.01205	0.01193	0.00359	0.01460	0.01200	0.00718	0.01631
3	0.02293	0.01938	0.02219	0.01805	0.02563	0.01726	0.01397	0.03406	0.14434	0.03796	0.03321	0.12115	0.03043	0.01442	0.01009	0.00267	0.00818	0.01228	0.00847	0.40332
4	0.01657	0.01308	0.01665	0.01699	0.01807	0.01417	0.01241	0.01862	0.02069	0.02756	0.05557	0.24694	0.12587	0.17196	0.02861	0.00614	0.10169	0.07049	0.00865	0.00927
5	0.08171	0.16124	0.15428	0.03078	0.11525	0.03031	0.02573	0.07369	0.10114	0.03961	0.02344	0.02575	0.01837	0.01107	0.00968	0.00315	0.01229	0.00860	0.00676	0.06716
6	0.02141	0.01424	0.01947	0.01869	0.02192	0.01567	0.01447	0.02888	0.08479	0.08937	0.03713	0.10003	0.03367	0.06211	0.36820	0.01313	0.02255	0.01411	0.00811	0.01203
7	0.10240	0.14756	0.23261	0.02677	0.03853	0.02906	0.07495	0.03758	0.08727	0.03727	0.02240	0.02507	0.01716	0.01074	0.00978	0.00324	0.01340	0.00858	0.00615	0.06949
8	0.03822	0.03198	0.11316	0.10186	0.09829	0.10852	0.02540	0.04441	0.02878	0.25183	0.03027	0.03076	0.02067	0.01223	0.01100	0.00342	0.01359	0.00986	0.00901	0.01674
9	0.03896	0.01888	0.02383	0.02003	0.02685	0.01817	0.01587	0.04971	0.14958	0.33627	0.04762	0.12999	0.03703	0.01773	0.01185	0.00374	0.00892	0.01503	0.01275	0.01720
10	0.02697	0.02882	0.03463	0.38954	0.11785	0.15336	0.02934	0.03328	0.02510	0.02935	0.01951	0.02744	0.01520	0.01120	0.01098	0.00350	0.01609	0.00934	0.00526	0.01322
11	0.03465	0.02760	0.11545	0.11525	0.04237	0.02279	0.06018	0.04705	0.12898	0.23372	0.03510	0.03473	0.02406	0.01290	0.01139	0.00363	0.01220	0.01106	0.00983	0.01708
12	0.01505	0.01105	0.01422	0.01494	0.01638	0.01121	0.01043	0.01734	0.01985	0.02650	0.05381	0.21358	0.12541	0.18728	0.20001	0.01032	0.01505	0.02047	0.00815	0.00893
13	0.01588	0.01071	0.01242	0.01290	0.01302	0.01059	0.00749	0.01624	0.01732	0.02310	0.04037	0.17030	0.04711	0.49936	0.04936	0.00974	0.01010	0.01925	0.00749	0.00725
14	0.02968	0.17138	0.10234	0.08262	0.18524	0.03228	0.02755	0.11166	0.07908	0.04011	0.02311	0.02651	0.01827	0.01121	0.01020	0.00323	0.01295	0.00915	0.00677	0.01665
15	0.11607	0.01999	0.02933	0.34503	0.05633	0.02262	0.02457	0.03676	0.02484	0.17797	0.02640	0.03085	0.01830	0.01191	0.01071	0.00364	0.01263	0.00987	0.00780	0.01436
16	0.03115	0.23054	0.03799	0.08292	0.03415	0.07104	0.02018	0.06134	0.08409	0.09989	0.03125	0.04313	0.02700	0.01486	0.01048	0.00340	0.01206	0.08173	0.00810	0.01470

[dist]
# distance from previous block
# <min> <max>
0	13

[block]
# block no. 2 follows, 11 sequences, length 21
# corresponding to MSA columns:
# 687-707
name=unknown_C
#
# <colnr> <probs for GDERKNQSTAVLIFYWHMCP>
#	G	D	E	R	K	N	Q	S	T	A	V	L	I	F	Y	W	H	M	C	P
0	0.03063	0.02711	0.08996	0.07172	0.11547	0.02516	0.02482	0.13526	0.06762	0.10493	0.03299	0.07910	0.02819	0.01631	0.01372	0.00384	0.05417	0.05409	0.00888	0.01602
1	0.03624	0.03223	0.03609	0.15936	0.04695	0.11591	0.06165	0.27614	0.04020	0.05116	0.02347	0.02692	0.01725	0.01235	0.01124	0.00342	0.01480	0.00989	0.00845	0.01627
2	0.01955	0.00978	0.01466	0.01466	0.01466	0.00978	0.00978	0.01466	0.01466	0.01955	0.01955	0.03421	0.01955	0.03910	0.04399	0.67253	0.00978	0.00978	0.00489	0.00489
3	0.04578	0.01777	0.02362	0.01850	0.02623	0.01557	0.01515	0.05027	0.03084	0.46204	0.04317	0.03889	0.02802	0.01380	0.01077	0.00335	0.00888	0.01119	0.11839	0.01777
4	0.04977	0.02032	0.02684	0.02058	0.02931	0.01828	0.01700	0.09656	0.03417	0.49756	0.04276	0.03724	0.02704	0.01389	0.01131	0.00347	0.00984	0.01121	0.01368	0.01915
5	0.01608	0.01206	0.01809	0.01809	0.02010	0.01407	0.01407	0.02010	0.01809	0.02613	0.03015	0.04422	0.02814	0.08441	0.55984	0.01809	0.03015	0.01206	0.00603	0.01005
6	0.01942	0.01242	0.01534	0.01407	0.01781	0.01102	0.01074	0.02388	0.03007	0.10207	0.34633	0.08559	0.22153	0.02351	0.01304	0.00361	0.00595	0.02024	0.01201	0.01134
7	0.03303	0.01503	0.01976	0.01650	0.02204	0.01343	0.01310	0.03787	0.03101	0.28154	0.23707	0.05707	0.05933	0.01746	0.01168	0.00340	0.00734	0.01483	0.09385	0.01467
8	0.68395	0.02177	0.01654	0.01480	0.02177	0.02525	0.01219	0.03309	0.01915	0.05050	0.01567	0.01828	0.01219	0.01045	0.00697	0.00348	0.00871	0.00609	0.00697	0.01219
9	0.08007	0.01630	0.01967	0.01601	0.02246	0.01462	0.01280	0.03724	0.02781	0.23351	0.11175	0.04240	0.03732	0.01400	0.01004	0.00300	0.00766	0.01141	0.16196	0.11997
10	0.01450	0.01068	0.01368	0.01533	0.01702	0.00987	0.01105	0.01749	0.02431	0.03211	0.14244	0.38539	0.15108	0.03180	0.01416	0.00436	0.00665	0.07776	0.01074	0.00957
11	0.17369	0.01302	0.01432	0.01514	0.01773	0.01330	0.01090	0.02103	0.02322	0.03748	0.15229	0.34791	0.06653	0.02670	0.01237	0.00409	0.00678	0.02330	0.01004	0.01019
12	0.01709	0.02261	0.14085	0.01798	0.02415	0.01413	0.01766	0.02385	0.02894	0.04052	0.34111	0.07360	0.15206	0.02096	0.01266	0.00359	0.00807	0.01803	0.01026	0.01187
13	0.01694	0.01181	0.01409	0.01535	0.01694	0.01189	0.01053	0.02288	0.08201	0.03232	0.05294	0.37983	0.05836	0.09450	0.01789	0.00489	0.00712	0.02439	0.11517	0.01016
14	0.03194	0.01604	0.02310	0.01944	0.02462	0.01459	0.04809	0.03566	0.02686	0.25610	0.08983	0.11985	0.04519	0.13837	0.02166	0.00527	0.00984	0.04871	0.01108	0.01375
15	0.02319	0.02250	0.03808	0.37707	0.14212	0.02694	0.06349	0.02995	0.02251	0.03031	0.01961	0.02889	0.01557	0.01219	0.01520	0.00386	0.09967	0.01022	0.00513	0.01352
16	0.03024	0.12369	0.35651	0.02748	0.04128	0.02634	0.03261	0.03995	0.02565	0.15491	0.02534	0.02645	0.01752	0.01132	0.01037	0.00339	0.01433	0.00872	0.00695	0.01694
17	0.11532	0.02757	0.07248	0.02413	0.06395	0.10627	0.01889	0.03316	0.06062	0.07283	0.04774	0.08594	0.14372	0.01803	0.01322	0.00368	0.05699	0.01399	0.00823	0.01325
18	0.28623	0.02614	0.02197	0.01884	0.02572	0.10764	0.01480	0.08499	0.02624	0.04358	0.02388	0.09206	0.02198	0.01360	0.00917	0.00313	0.01064	0.01006	0.00764	0.15171
19	0.02989	0.06362	0.09703	0.01938	0.02683	0.01919	0.01785	0.08664	0.03003	0.17389	0.08805	0.10145	0.11504	0.01814	0.01145	0.00350	0.00950	0.01500	0.05887	0.01466
20	0.02883	0.16414	0.04479	0.15036	0.08513	0.03074	0.09902	0.06828	0.02600	0.06902	0.02122	0.02645	0.01672	0.01144	0.01285	0.00333	0.06749	0.00945	0.00630	0.05845

[dist]
# distance from previous block
# <min> <max>
1	17

[block]
# block no. 3 follows, 11 sequences, length 38
# corresponding to MSA columns:
# 725-762
name=unknown_D
#
# <colnr> <probs for GDERKNQSTAVLIFYWHMCP>
#	G	D	E	R	K	N	Q	S	T	A	V	L	I	F	Y	W	H	M	C	P
0	0.18835	0.02555	0.06751	0.15125	0.04059	0.02698	0.02236	0.07321	0.11909	0.07472	0.02549	0.02869	0.01913	0.01307	0.01306	0.00377	0.07518	0.00952	0.00776	0.01469
1	0.09136	0.29416	0.03825	0.01800	0.02570	0.03174	0.01625	0.10220	0.02788	0.08006	0.02420	0.02620	0.01913	0.01138	0.00826	0.00278	0.01012	0.00803	0.14985	0.01446
2	0.23474	0.15586	0.03278	0.02112	0.02894	0.09979	0.01776	0.14860	0.08472	0.04690	0.02196	0.02322	0.01710	0.01169	0.00895	0.00319	0.01180	0.00793	0.00788	0.01507
3	0.01588	0.01062	0.01241	0.01315	0.01499	0.00994	0.00913	0.01895	0.02357	0.03343	0.13117	0.24983	0.14417	0.09971	0.01806	0.00467	0.00648	0.02221	0.15221	0.00942
4	0.03228	0.02942	0.13826	0.06467	0.03533	0.02331	0.02280	0.17309	0.03483	0.13454	0.09269	0.03738	0.03140	0.01396	0.01102	0.00340	0.01133	0.01127	0.08297	0.01606
5	0.01804	0.01229	0.01387	0.01299	0.01708	0.01054	0.00991	0.02162	0.02780	0.09072	0.20085	0.09499	0.37713	0.02563	0.01308	0.00371	0.00604	0.02159	0.01128	0.01083
6	0.01625	0.01673	0.07295	0.08004	0.02746	0.01400	0.01691	0.02079	0.02201	0.03034	0.08796	0.29528	0.05338	0.04060	0.14347	0.00750	0.01405	0.02125	0.00837	0.01066
7	0.01482	0.01146	0.01350	0.01299	0.01613	0.01015	0.00974	0.01909	0.02923	0.03890	0.35285	0.09434	0.28554	0.02534	0.01329	0.00365	0.00548	0.02179	0.01157	0.01015
8	0.03073	0.03631	0.19192	0.08828	0.04592	0.02795	0.09750	0.14986	0.09387	0.08439	0.02733	0.02963	0.01953	0.01208	0.01142	0.00360	0.01426	0.01046	0.00804	0.01693
9	0.04279	0.03153	0.03378	0.02590	0.03490	0.03490	0.02139	0.49671	0.05292	0.07093	0.02702	0.02702	0.01914	0.01351	0.01126	0.00338	0.01239	0.01013	0.01126	0.01914
10	0.03397	0.34827	0.04944	0.06318	0.03588	0.03601	0.06327	0.09565	0.02847	0.11463	0.02260	0.02438	0.01744	0.01091	0.00923	0.00292	0.01254	0.00833	0.00717	0.01571
11	0.01560	0.01149	0.01458	0.01381	0.01661	0.01048	0.01036	0.02059	0.03107	0.04327	0.47573	0.08715	0.15993	0.02371	0.01328	0.00357	0.00536	0.02079	0.01214	0.01048
12	0.02334	0.02001	0.02334	0.01667	0.02667	0.01500	0.01334	0.02834	0.02334	0.03668	0.02001	0.02334	0.01667	0.00834	0.00834	0.00167	0.00834	0.00667	0.00667	0.67325
13	0.02344	0.05220	0.44241	0.03540	0.05090	0.02664	0.13926	0.03573	0.02437	0.03573	0.02075	0.02519	0.01487	0.01043	0.01125	0.00361	0.01714	0.00939	0.00496	0.01632
14	0.68395	0.02177	0.01654	0.01480	0.02177	0.02525	0.01219	0.03309	0.01915	0.05050	0.01567	0.01828	0.01219	0.01045	0.00697	0.00348	0.00871	0.00609	0.00697	0.01219
15	0.02985	0.02536	0.04255	0.10450	0.44124	0.02547	0.03227	0.03634	0.02611	0.09237	0.02366	0.02919	0.01872	0.01056	0.01117	0.00339	0.01308	0.01017	0.00646	0.01755
16	0.68395	0.02177	0.01654	0.01480	0.02177	0.02525	0.01219	0.03309	0.01915	0.05050	0.01567	0.01828	0.01219	0.01045	0.00697	0.00348	0.00871	0.00609	0.00697	0.01219
17	0.01593	0.01150	0.01504	0.01416	0.01681	0.01062	0.01062	0.02124	0.03186	0.04513	0.52830	0.08407	0.10620	0.02301	0.01327	0.00354	0.00531	0.02035	0.01239	0.01062
18	0.04531	0.02747	0.03127	0.02397	0.03288	0.02889	0.01980	0.35199	0.04614	0.22523	0.03272	0.03072	0.02200	0.01365	0.01128	0.00341	0.01147	0.01052	0.01213	0.01915
19	0.04279	0.03153	0.03378	0.02590	0.03490	0.03490	0.02139	0.49671	0.05292	0.07093	0.02702	0.02702	0.01914	0.01351	0.01126	0.00338	0.01239	0.01013	0.01126	0.01914
20	0.04279	0.03153	0.03378	0.02590	0.03490	0.03490	0.02139	0.49671	0.05292	0.07093	0.02702	0.02702	0.01914	0.01351	0.01126	0.00338	0.01239	0.01013	0.01126	0.01914
21	0.05050	0.01915	0.02612	0.02003	0.02873	0.01654	0.01654	0.05485	0.03221	0.54203	0.04440	0.03831	0.02786	0.01393	0.01132	0.00348	0.00958	0.01132	0.01393	0.01915
22	0.05050	0.01915	0.02612	0.02003	0.02873	0.01654	0.01654	0.05485	0.03221	0.54203	0.04440	0.03831	0.02786	0.01393	0.01132	0.00348	0.00958	0.01132	0.01393	0.01915
23	0.01568	0.01131	0.01482	0.01433	0.01676	0.01046	0.01060	0.02062	0.03071	0.04331	0.47640	0.14118	0.10266	0.02437	0.01340	0.00365	0.00545	0.02165	0.01217	0.01046
24	0.02257	0.05822	0.54613	0.03208	0.04871	0.02614	0.04158	0.03564	0.02376	0.03564	0.02020	0.02376	0.01426	0.01069	0.01069	0.00356	0.01663	0.00832	0.00475	0.01663
25	0.01532	0.01148	0.01420	0.01352	0.01644	0.01036	0.01014	0.02006	0.03042	0.04171	0.43204	0.08971	0.20459	0.02429	0.01328	0.00360	0.00540	0.02114	0.01194	0.01036
26	0.04986	0.02018	0.02675	0.02051	0.02924	0.01806	0.01694	0.09131	0.03392	0.50316	0.04297	0.03738	0.02714	0.01390	0.01131	0.00347	0.00981	0.01122	0.01371	0.01915
27	0.03049	0.02116	0.02385	0.02026	0.02649	0.02246	0.01604	0.13667	0.20468	0.12236	0.15170	0.05296	0.08669	0.01748	0.01194	0.00362	0.00868	0.01455	0.01189	0.01604
28	0.03186	0.01734	0.02274	0.02115	0.02656	0.01692	0.01803	0.09371	0.03140	0.20490	0.05049	0.08524	0.04689	0.02324	0.01362	0.00440	0.01036	0.25514	0.01165	0.01436
29	0.02927	0.02243	0.03058	0.14424	0.04136	0.02450	0.05987	0.15417	0.10427	0.08341	0.03671	0.11250	0.03219	0.01735	0.01224	0.00388	0.01183	0.05457	0.00950	0.01511
30	0.05050	0.01915	0.02612	0.02003	0.02873	0.01654	0.01654	0.05485	0.03221	0.54203	0.04440	0.03831	0.02786	0.01393	0.01132	0.00348	0.00958	0.01132	0.01393	0.01915
31	0.01853	0.01129	0.01477	0.01545	0.01727	0.01046	0.01069	0.02112	0.02396	0.08771	0.14227	0.37467	0.07086	0.10287	0.01927	0.00507	0.00720	0.02559	0.01073	0.01023
32	0.03641	0.01642	0.02122	0.01820	0.02410	0.01516	0.01425	0.04280	0.07272	0.31918	0.04788	0.17215	0.03966	0.01904	0.01167	0.00368	0.00831	0.01628	0.08519	0.01569
33	0.13937	0.08918	0.03087	0.02110	0.02975	0.02698	0.01780	0.19490	0.03607	0.25701	0.03124	0.02939	0.02118	0.01280	0.01020	0.00333	0.01065	0.00957	0.01101	0.01760
34	0.03707	0.01762	0.02274	0.01892	0.02535	0.01648	0.01512	0.08832	0.03075	0.31314	0.05098	0.11647	0.08874	0.02602	0.07266	0.00526	0.01133	0.01528	0.01194	0.01580
35	0.02428	0.01453	0.01922	0.01784	0.02006	0.01541	0.01307	0.02641	0.02141	0.13750	0.04080	0.19181	0.04189	0.20216	0.07243	0.00734	0.09574	0.01801	0.00896	0.01116
36	0.48065	0.02228	0.01741	0.01612	0.02183	0.07071	0.01270	0.03102	0.02198	0.04551	0.07749	0.08680	0.02938	0.01456	0.00874	0.00355	0.00916	0.01051	0.00783	0.01177
37	0.02041	0.01535	0.02185	0.13838	0.03231	0.01691	0.01715	0.02504	0.02591	0.07554	0.20891	0.14348	0.09665	0.02167	0.01586	0.00394	0.08138	0.01815	0.00951	0.01161

[dist]
# distance from previous block
# <min> <max>
0	13

[block]
# block no. 4 follows, 11 sequences, length 35
# corresponding to MSA columns:
# 777-811
name=unknown_E
#
# <colnr> <probs for GDERKNQSTAVLIFYWHMCP>
#	G	D	E	R	K	N	Q	S	T	A	V	L	I	F	Y	W	H	M	C	P
0	0.03187	0.02345	0.03683	0.13874	0.12588	0.02425	0.09593	0.08688	0.08035	0.14813	0.03217	0.07102	0.02506	0.01364	0.01179	0.00366	0.01269	0.01259	0.00882	0.01624
1	0.02642	0.01651	0.02281	0.02588	0.10588	0.01574	0.01647	0.06540	0.02741	0.14681	0.05315	0.29250	0.08996	0.02409	0.01282	0.00397	0.00872	0.02137	0.01048	0.01360
2	0.02524	0.12093	0.18175	0.02490	0.03324	0.02833	0.02527	0.07894	0.02655	0.03772	0.10285	0.03336	0.03025	0.01468	0.01628	0.00353	0.13822	0.01037	0.00688	0.06070
3	0.35788	0.01903	0.01977	0.10768	0.03039	0.02091	0.01511	0.02926	0.02295	0.04428	0.12997	0.03527	0.03387	0.01313	0.00921	0.00335	0.00896	0.00995	0.00781	0.08125
4	0.02885	0.02277	0.03923	0.28571	0.18144	0.02431	0.08394	0.03581	0.02553	0.12481	0.02505	0.03101	0.01829	0.01122	0.01148	0.00360	0.01408	0.01063	0.00685	0.01537
5	0.02355	0.02796	0.15402	0.07507	0.03930	0.02083	0.08909	0.03307	0.05944	0.07385	0.03462	0.05381	0.03066	0.02783	0.10288	0.00638	0.01655	0.10966	0.00756	0.01389
6	0.01988	0.01184	0.01502	0.01532	0.01817	0.01057	0.01105	0.02273	0.02511	0.11522	0.11105	0.35252	0.16997	0.02919	0.01353	0.00413	0.00674	0.02576	0.01119	0.01100
7	0.03921	0.02078	0.02585	0.01935	0.02859	0.01788	0.01581	0.09098	0.03096	0.29770	0.03317	0.03135	0.02263	0.01173	0.01016	0.00277	0.00939	0.00940	0.01085	0.27143
8	0.01414	0.01053	0.01329	0.01531	0.01690	0.00967	0.01093	0.01668	0.02298	0.02969	0.07337	0.43236	0.17507	0.03326	0.01427	0.00447	0.00680	0.08048	0.01044	0.00937
9	0.02138	0.01239	0.01740	0.01740	0.02006	0.01240	0.01296	0.02458	0.02217	0.12205	0.04650	0.28118	0.04802	0.05030	0.22419	0.00958	0.01620	0.02051	0.00938	0.01133
10	0.02647	0.01579	0.01635	0.01437	0.01860	0.01664	0.01127	0.14467	0.03098	0.04926	0.03428	0.03820	0.02640	0.01321	0.00872	0.00281	0.00704	0.01040	0.50186	0.01267
11	0.02465	0.02647	0.05371	0.03953	0.04769	0.02628	0.35777	0.03175	0.02378	0.03265	0.02392	0.03683	0.02074	0.10886	0.02333	0.00510	0.08430	0.01339	0.00579	0.01346
12	0.02332	0.02116	0.03330	0.25913	0.21282	0.02356	0.02693	0.03181	0.07299	0.03214	0.02559	0.03773	0.02220	0.10914	0.01883	0.00480	0.01316	0.01134	0.00615	0.01387
13	0.03561	0.01586	0.02135	0.01750	0.02360	0.01399	0.01399	0.04038	0.03206	0.32809	0.25275	0.05801	0.06159	0.01784	0.01216	0.00351	0.00774	0.01521	0.01327	0.01548
14	0.02257	0.05822	0.54613	0.03208	0.04871	0.02614	0.04158	0.03564	0.02376	0.03564	0.02020	0.02376	0.01426	0.01069	0.01069	0.00356	0.01663	0.00832	0.00475	0.01663
15	0.04204	0.05364	0.03190	0.02900	0.03480	0.55926	0.02175	0.04494	0.03190	0.02755	0.01740	0.02030	0.01450	0.01160	0.01015	0.00290	0.02030	0.00725	0.00580	0.01305
16	0.02800	0.14680	0.02944	0.06226	0.02760	0.02199	0.01632	0.03193	0.02531	0.15033	0.08820	0.16217	0.04164	0.01885	0.01290	0.00356	0.05037	0.01545	0.05350	0.01338
17	0.01550	0.01149	0.01444	0.01370	0.01655	0.01044	0.01028	0.02040	0.03084	0.04270	0.45994	0.08807	0.17607	0.02392	0.01328	0.00358	0.00537	0.02092	0.01207	0.01044
18	0.02163	0.01277	0.01687	0.01513	0.01878	0.01160	0.01160	0.02679	0.03192	0.12712	0.44846	0.07652	0.09327	0.02151	0.01295	0.00353	0.00601	0.01886	0.01264	0.01203
19	0.68395	0.02177	0.01654	0.01480	0.02177	0.02525	0.01219	0.03309	0.01915	0.05050	0.01567	0.01828	0.01219	0.01045	0.00697	0.00348	0.00871	0.00609	0.00697	0.01219
20	0.04399	0.01919	0.02510	0.01967	0.02741	0.01749	0.01607	0.09566	0.03433	0.41062	0.12242	0.04468	0.03987	0.01538	0.01164	0.00348	0.00917	0.01269	0.01340	0.01774
21	0.02334	0.02001	0.02334	0.01667	0.02667	0.01500	0.01334	0.02834	0.02334	0.03668	0.02001	0.02334	0.01667	0.00834	0.00834	0.00167	0.00834	0.00667	0.00667	0.67325
22	0.02098	0.01049	0.01049	0.01049	0.01311	0.01049	0.00787	0.02623	0.02360	0.04196	0.03672	0.04196	0.02885	0.01311	0.00787	0.00262	0.00525	0.01049	0.66693	0.01049
23	0.68395	0.02177	0.01654	0.01480	0.02177	0.02525	0.01219	0.03309	0.01915	0.05050	0.01567	0.01828	0.01219	0.01045	0.00697	0.00348	0.00871	0.00609	0.00697	0.01219
24	0.01501	0.01133	0.01302	0.01267	0.01519	0.01025	0.00898	0.01819	0.02603	0.03427	0.25857	0.09120	0.25633	0.15346	0.02300	0.00527	0.00670	0.02080	0.01041	0.00935
25	0.01814	0.01296	0.01814	0.02073	0.02332	0.01296	0.01814	0.02332	0.02591	0.03368	0.05959	0.12696	0.06478	0.03109	0.01555	0.00518	0.01036	0.45848	0.01036	0.01036
26	0.03009	0.61122	0.05898	0.01926	0.02889	0.04454	0.01926	0.03370	0.02287	0.02648	0.01565	0.01805	0.01444	0.00963	0.00722	0.00241	0.01204	0.00602	0.00481	0.01444
27	0.02657	0.03036	0.06641	0.04744	0.05882	0.02846	0.49336	0.03605	0.02657	0.03605	0.02277	0.03036	0.01708	0.00949	0.01328	0.00380	0.01898	0.01328	0.00569	0.01518
28	0.01695	0.01224	0.01729	0.01931	0.02145	0.01257	0.01597	0.02135	0.02346	0.03120	0.05350	0.18627	0.05828	0.04355	0.13547	0.00793	0.01410	0.28959	0.00942	0.01009
29	0.04348	0.02072	0.02591	0.02092	0.02890	0.02011	0.01694	0.05640	0.18246	0.38765	0.04484	0.03946	0.02989	0.01435	0.01136	0.00359	0.00937	0.01176	0.01316	0.01874
30	0.02965	0.01671	0.01857	0.01579	0.02076	0.01703	0.01252	0.13923	0.03250	0.11896	0.08711	0.04239	0.03457	0.01436	0.00971	0.00301	0.00752	0.01156	0.35432	0.01373
31	0.03426	0.01666	0.02069	0.01743	0.02246	0.01594	0.01297	0.04069	0.09199	0.27369	0.04115	0.05245	0.03379	0.24187	0.02907	0.00639	0.01000	0.01346	0.01085	0.01421
32	0.01792	0.01551	0.02132	0.02102	0.02143	0.01891	0.01592	0.02007	0.01989	0.02810	0.04381	0.37630	0.05143	0.02926	0.02307	0.00471	0.22919	0.02346	0.00832	0.01036
33	0.54245	0.02392	0.02035	0.01725	0.02467	0.02738	0.01422	0.13540	0.02661	0.05501	0.01818	0.02021	0.01372	0.01112	0.00791	0.00346	0.00952	0.00699	0.00791	0.01372
34	0.02116	0.02700	0.14372	0.18987	0.12749	0.02114	0.02826	0.02904	0.02564	0.03559	0.13043	0.05093	0.04011	0.01571	0.01204	0.00377	0.01254	0.06470	0.00721	0.01366

[dist]
# distance from previous block
# <min> <max>
0	4

[block]
# block no. 5 follows, 11 sequences, length 14
# corresponding to MSA columns:
# 816-829
name=unknown_F
#
# <colnr> <probs for GDERKNQSTAVLIFYWHMCP>
#	G	D	E	R	K	N	Q	S	T	A	V	L	I	F	Y	W	H	M	C	P
0	0.02554	0.02601	0.11019	0.12312	0.09944	0.02056	0.07479	0.03285	0.02649	0.09576	0.11763	0.03883	0.03412	0.01288	0.01131	0.00329	0.01203	0.01167	0.00777	0.11569
1	0.34685	0.15299	0.03324	0.02745	0.11926	0.03078	0.01924	0.03284	0.02097	0.04013	0.01659	0.02069	0.01401	0.01119	0.01103	0.00338	0.07239	0.00721	0.00601	0.01375
2	0.03437	0.03629	0.09213	0.11190	0.04137	0.17201	0.02545	0.11708	0.03046	0.08887	0.02207	0.02600	0.01677	0.01351	0.01566	0.00363	0.12116	0.00919	0.00717	0.01492
3	0.01443	0.01010	0.01285	0.01475	0.01523	0.00962	0.00947	0.01586	0.02015	0.02687	0.05486	0.45574	0.06539	0.18898	0.02596	0.00628	0.00771	0.02778	0.00947	0.00851
4	0.01711	0.01324	0.01599	0.01680	0.01939	0.01330	0.01241	0.02556	0.11541	0.03535	0.13628	0.31014	0.12407	0.02846	0.01366	0.00425	0.00708	0.06944	0.01092	0.01115
5	0.03753	0.01902	0.02618	0.02420	0.08525	0.01653	0.01713	0.04242	0.02975	0.31344	0.11131	0.04133	0.03662	0.01383	0.01104	0.00314	0.00913	0.01169	0.01138	0.13906
6	0.01405	0.01062	0.01227	0.01339	0.01514	0.00961	0.00904	0.01599	0.02217	0.02810	0.07718	0.31120	0.24404	0.13826	0.02192	0.00545	0.00702	0.02591	0.00978	0.00885
7	0.02544	0.17913	0.03367	0.11413	0.03462	0.02787	0.01898	0.08682	0.11707	0.03644	0.03532	0.17563	0.03433	0.01804	0.01101	0.00357	0.01057	0.01515	0.00829	0.01391
8	0.02098	0.01049	0.01049	0.01049	0.01311	0.01049	0.00787	0.02623	0.02360	0.04196	0.03672	0.04196	0.02885	0.01311	0.00787	0.00262	0.00525	0.01049	0.66693	0.01049
9	0.02991	0.18624	0.05456	0.09739	0.04847	0.03360	0.22407	0.12004	0.02999	0.03909	0.02131	0.02638	0.01651	0.01048	0.01103	0.00334	0.01542	0.01036	0.00641	0.01541
10	0.01895	0.01535	0.01866	0.01622	0.02196	0.01233	0.01202	0.02257	0.02252	0.03306	0.03915	0.28475	0.04299	0.02060	0.01108	0.00299	0.00751	0.01821	0.00839	0.37068
11	0.03876	0.02014	0.03017	0.02262	0.03136	0.01746	0.08811	0.04412	0.02882	0.31943	0.03577	0.03469	0.02423	0.01213	0.01071	0.00311	0.01034	0.01067	0.07833	0.13902
12	0.02982	0.04505	0.26508	0.03782	0.11995	0.09039	0.08080	0.12215	0.03070	0.04146	0.02155	0.02527	0.01603	0.01110	0.01107	0.00344	0.01601	0.00930	0.00630	0.01671
13	0.01943	0.01489	0.01745	0.01653	0.01961	0.01553	0.01222	0.03072	0.15827	0.03982	0.25986	0.07320	0.06984	0.14865	0.02256	0.00533	0.00783	0.04576	0.01079	0.01172

[dist]
# distance from previous block
# <min> <max>
0	9

[block]
# block no. 6 follows, 11 sequences, length 23
# corresponding to MSA columns:
# 839-861
name=unknown_G
#
# <colnr> <probs for GDERKNQSTAVLIFYWHMCP>
#	G	D	E	R	K	N	Q	S	T	A	V	L	I	F	Y	W	H	M	C	P
0	0.02099	0.02003	0.03690	0.10768	0.12060	0.02029	0.15402	0.02688	0.02322	0.03170	0.03389	0.18511	0.03412	0.02832	0.09726	0.00613	0.01591	0.01719	0.00692	0.01283
1	0.42435	0.02275	0.02778	0.10699	0.03673	0.02494	0.09291	0.03253	0.02119	0.04374	0.01782	0.02243	0.01376	0.01025	0.00875	0.00343	0.01131	0.00790	0.00643	0.06400
2	0.02385	0.01689	0.01852	0.01682	0.02167	0.01728	0.01275	0.03737	0.19738	0.07907	0.05366	0.09758	0.11517	0.06187	0.01453	0.00400	0.00773	0.01535	0.12388	0.06465
3	0.13348	0.01531	0.01839	0.01591	0.02095	0.01464	0.01253	0.03257	0.02991	0.18523	0.30994	0.06063	0.06907	0.01844	0.01171	0.00351	0.00705	0.01552	0.01195	0.01326
4	0.02979	0.03067	0.12298	0.03006	0.09053	0.06717	0.05841	0.07114	0.02737	0.10952	0.02586	0.03000	0.01987	0.02280	0.09930	0.00550	0.01620	0.00969	0.00736	0.12579
5	0.01885	0.01411	0.01655	0.01642	0.01957	0.01381	0.01228	0.09459	0.02908	0.03810	0.12053	0.29325	0.18347	0.02841	0.01356	0.00411	0.00739	0.05403	0.01079	0.01109
6	0.02407	0.02109	0.02695	0.02513	0.10863	0.01690	0.01676	0.02934	0.02371	0.03669	0.02019	0.02407	0.01686	0.00861	0.00879	0.00194	0.00915	0.00721	0.00649	0.56743
7	0.06854	0.03044	0.13198	0.07767	0.15539	0.02363	0.02610	0.08415	0.02695	0.04060	0.02083	0.02511	0.01633	0.01014	0.00993	0.00291	0.01215	0.00840	0.00644	0.22232
8	0.02930	0.02325	0.03167	0.02920	0.06903	0.02862	0.02229	0.10457	0.02542	0.09251	0.02305	0.02996	0.01934	0.02774	0.11234	0.00652	0.29334	0.01043	0.00718	0.01424
9	0.01500	0.01055	0.01298	0.01403	0.01590	0.00971	0.00989	0.01828	0.02494	0.03445	0.18027	0.33140	0.15100	0.02872	0.01320	0.00398	0.00596	0.02543	0.08462	0.00971
10	0.03132	0.02163	0.03291	0.33763	0.09975	0.02417	0.02686	0.08697	0.02848	0.15935	0.02683	0.03152	0.01884	0.01205	0.01126	0.00361	0.01325	0.01034	0.00792	0.01531
11	0.01501	0.01080	0.01358	0.01414	0.01574	0.01006	0.00975	0.01805	0.02513	0.03425	0.24772	0.26331	0.12015	0.12538	0.02105	0.00516	0.00671	0.02403	0.01061	0.00937
12	0.01846	0.01015	0.01435	0.01425	0.01496	0.00984	0.00974	0.01556	0.01780	0.02361	0.08704	0.04794	0.08525	0.03613	0.03717	0.52404	0.00883	0.01250	0.00634	0.00604
13	0.68395	0.02177	0.01654	0.01480	0.02177	0.02525	0.01219	0.03309	0.01915	0.05050	0.01567	0.01828	0.01219	0.01045	0.00697	0.00348	0.00871	0.00609	0.00697	0.01219
14	0.01419	0.01144	0.01263	0.01233	0.01575	0.00988	0.00925	0.01787	0.02775	0.03538	0.25401	0.10013	0.38657	0.02665	0.01329	0.00371	0.00557	0.02261	0.01111	0.00988
15	0.03148	0.54761	0.05621	0.01999	0.02955	0.04348	0.01949	0.08451	0.02617	0.03136	0.01690	0.01904	0.01496	0.01006	0.00766	0.00251	0.01207	0.00647	0.00552	0.01496
16	0.04279	0.03153	0.03378	0.02590	0.03490	0.03490	0.02139	0.49671	0.05292	0.07093	0.02702	0.02702	0.01914	0.01351	0.01126	0.00338	0.01239	0.01013	0.01126	0.01914
17	0.57804	0.02216	0.01798	0.01611	0.02298	0.02569	0.01310	0.03740	0.09904	0.04995	0.02054	0.02211	0.01577	0.01123	0.00769	0.00354	0.00874	0.00717	0.00769	0.01310
18	0.01863	0.02440	0.13702	0.02655	0.11031	0.01644	0.02090	0.02517	0.02719	0.03729	0.20839	0.06838	0.19561	0.01971	0.01235	0.00359	0.00929	0.01695	0.00898	0.01284
19	0.02473	0.02069	0.03359	0.42646	0.12044	0.02366	0.02890	0.03166	0.02377	0.07530	0.02228	0.02996	0.01658	0.01112	0.01101	0.00351	0.01381	0.00985	0.00598	0.06670
20	0.02462	0.02462	0.03447	0.02955	0.02955	0.03447	0.02462	0.02709	0.01724	0.02709	0.01477	0.02462	0.01477	0.01970	0.03694	0.00492	0.58385	0.00985	0.00492	0.01231
21	0.03661	0.02635	0.02826	0.02235	0.02934	0.02889	0.01785	0.37790	0.04445	0.06046	0.02924	0.03586	0.02351	0.10889	0.01839	0.00453	0.01152	0.01117	0.06803	0.01639
22	0.02711	0.02954	0.02226	0.02051	0.02451	0.24542	0.01538	0.03138	0.03188	0.03761	0.30965	0.05678	0.06695	0.01813	0.01194	0.00327	0.01172	0.01475	0.00957	0.01166

[dist]
# distance from previous block
# <min> <max>
0	22

[block]
# block no. 7 follows, 11 sequences, length 25
# corresponding to MSA columns:
# 884-908
name=unknown_H
#
# <colnr> <probs for GDERKNQSTAVLIFYWHMCP>
#	G	D	E	R	K	N	Q	S	T	A	V	L	I	F	Y	W	H	M	C	P
0	0.52678	0.02319	0.01966	0.01711	0.02423	0.02671	0.01396	0.08972	0.08605	0.05241	0.02081	0.02231	0.01581	0.01141	0.00803	0.00351	0.00915	0.00740	0.00803	0.01370
1	0.68395	0.02177	0.01654	0.01480	0.02177	0.02525	0.01219	0.03309	0.01915	0.05050	0.01567	0.01828	0.01219	0.01045	0.00697	0.00348	0.00871	0.00609	0.00697	0.01219
2	0.04001	0.02945	0.03180	0.02492	0.03313	0.03244	0.02035	0.45078	0.04992	0.06690	0.03037	0.08145	0.02442	0.01559	0.01156	0.00349	0.01183	0.01222	0.01118	0.01819
3	0.03160	0.54083	0.05556	0.02049	0.02963	0.10951	0.01957	0.03512	0.02401	0.02662	0.01587	0.01834	0.01445	0.00988	0.00759	0.00247	0.01308	0.00617	0.00494	0.01427
4	0.01608	0.01206	0.01809	0.01809	0.02010	0.01407	0.01407	0.02010	0.01809	0.02613	0.03015	0.04422	0.02814	0.08441	0.55984	0.01809	0.03015	0.01206	0.00603	0.01005
5	0.35178	0.02174	0.02238	0.01817	0.02608	0.02268	0.01499	0.09229	0.02823	0.25662	0.02882	0.02754	0.01944	0.01222	0.00924	0.00347	0.00947	0.00870	0.01032	0.01583
6	0.03023	0.02230	0.02926	0.17404	0.04151	0.02625	0.02206	0.12942	0.07589	0.09940	0.02786	0.03202	0.02089	0.01421	0.01562	0.00373	0.11778	0.01047	0.09222	0.01483
7	0.01593	0.01150	0.01504	0.01416	0.01681	0.01062	0.01062	0.02124	0.03186	0.04513	0.52830	0.08407	0.10620	0.02301	0.01327	0.00354	0.00531	0.02035	0.01239	0.01062
8	0.02126	0.02001	0.03376	0.57739	0.07752	0.02501	0.03126	0.02876	0.02251	0.02876	0.02001	0.03001	0.01500	0.01125	0.01125	0.00375	0.01500	0.01000	0.00500	0.01250
9	0.02595	0.01446	0.01782	0.01576	0.02018	0.01390	0.01223	0.03408	0.08570	0.15492	0.27134	0.06102	0.06575	0.01821	0.01160	0.00338	0.00666	0.01558	0.13815	0.01331
10	0.45376	0.02240	0.02098	0.01744	0.02507	0.02444	0.01438	0.09724	0.02652	0.16835	0.02385	0.02409	0.01675	0.01165	0.00853	0.00347	0.00938	0.00783	0.00915	0.01471
11	0.04325	0.02077	0.02590	0.02095	0.02890	0.02023	0.01695	0.05645	0.18743	0.38254	0.04486	0.03950	0.02995	0.01436	0.01136	0.00359	0.00936	0.01177	0.01313	0.01872
12	0.01637	0.01091	0.01228	0.01228	0.01228	0.01091	0.00682	0.01637	0.01637	0.02182	0.03546	0.07365	0.04092	0.60445	0.05729	0.01091	0.01091	0.01637	0.00682	0.00682
13	0.01814	0.01296	0.01814	0.02073	0.02332	0.01296	0.01814	0.02332	0.02591	0.03368	0.05959	0.12696	0.06478	0.03109	0.01555	0.00518	0.01036	0.45848	0.01036	0.01036
14	0.60326	0.02143	0.01776	0.01547	0.02265	0.02414	0.01274	0.03586	0.02082	0.11311	0.01933	0.02083	0.01419	0.01089	0.00752	0.00348	0.00882	0.00676	0.00785	0.01308
15	0.01834	0.01563	0.02457	0.16837	0.13117	0.01654	0.02035	0.02261	0.02257	0.03028	0.04354	0.34411	0.04851	0.02433	0.01296	0.00413	0.00999	0.02221	0.00813	0.01166
16	0.02370	0.02265	0.03751	0.35239	0.21149	0.02673	0.03143	0.03032	0.02280	0.03100	0.01970	0.02867	0.01584	0.01194	0.01446	0.00377	0.08631	0.00999	0.00517	0.01411
17	0.01586	0.01362	0.01905	0.01787	0.02186	0.01228	0.06338	0.01985	0.02534	0.03155	0.08605	0.16016	0.31832	0.02780	0.01392	0.00420	0.00827	0.12044	0.00992	0.01027
18	0.02429	0.01274	0.01636	0.01572	0.01930	0.01144	0.01165	0.02764	0.02625	0.16872	0.11546	0.28437	0.11959	0.02559	0.01279	0.00391	0.00700	0.02244	0.06260	0.01213
19	0.03038	0.02505	0.03581	0.02798	0.03563	0.02582	0.13305	0.23377	0.03857	0.05161	0.09162	0.05341	0.07648	0.01704	0.01268	0.00376	0.01240	0.06974	0.00985	0.01535
20	0.09636	0.03434	0.07625	0.04019	0.16501	0.12928	0.10885	0.09977	0.03039	0.07990	0.02272	0.02635	0.01722	0.01109	0.01093	0.00338	0.01506	0.00969	0.00712	0.01610
21	0.02431	0.06825	0.19020	0.06038	0.03469	0.02129	0.02398	0.03460	0.08707	0.09322	0.07176	0.16742	0.03916	0.01829	0.01172	0.00376	0.01124	0.01563	0.00857	0.01446
22	0.11727	0.02057	0.05754	0.01871	0.02519	0.01863	0.01631	0.09184	0.02847	0.16040	0.04278	0.04935	0.08126	0.02508	0.08073	0.00541	0.01208	0.04897	0.08531	0.01411
23	0.03064	0.03942	0.14214	0.02979	0.03741	0.19482	0.08718	0.03649	0.02624	0.07043	0.02608	0.09716	0.02343	0.01538	0.01488	0.00369	0.09211	0.01206	0.00667	0.01397
24	0.02667	0.02300	0.09578	0.02523	0.06839	0.01717	0.06387	0.03287	0.02647	0.13408	0.09703	0.10959	0.03872	0.01578	0.01125	0.00332	0.01012	0.01405	0.08464	0.10196

[dist]
# distance from previous block
# <min> <max>
1	30

[block]
# block no. 8 follows, 11 sequences, length 9
# corresponding to MSA columns:
# 951-959
name=unknown_I
#
# <colnr> <probs for GDERKNQSTAVLIFYWHMCP>
#	G	D	E	R	K	N	Q	S	T	A	V	L	I	F	Y	W	H	M	C	P
0	0.11623	0.01856	0.02279	0.01882	0.02472	0.01840	0.04901	0.09983	0.02985	0.07267	0.14537	0.09487	0.04475	0.01636	0.01077	0.00327	0.00859	0.01391	0.09792	0.09331
1	0.03322	0.02386	0.03200	0.02392	0.03292	0.02250	0.08218	0.16966	0.03467	0.13038	0.07413	0.03354	0.02769	0.01230	0.01082	0.00293	0.01090	0.01064	0.00960	0.22212
2	0.02498	0.02245	0.05797	0.05820	0.08334	0.02049	0.02021	0.13380	0.03105	0.04199	0.04597	0.09958	0.10572	0.01917	0.01212	0.00365	0.01056	0.09491	0.00891	0.10493
3	0.12632	0.02568	0.03267	0.09795	0.09808	0.09352	0.08522	0.03437	0.02441	0.08957	0.02215	0.02748	0.01728	0.01416	0.01442	0.08457	0.01321	0.00928	0.00670	0.08296
4	0.23176	0.01746	0.01980	0.09082	0.02873	0.01808	0.01469	0.02892	0.02434	0.07907	0.14208	0.09821	0.04260	0.01604	0.01029	0.00340	0.00855	0.01311	0.00880	0.10327
5	0.28392	0.09655	0.08154	0.09591	0.03393	0.02674	0.01957	0.08190	0.02595	0.04453	0.08671	0.03023	0.02643	0.01250	0.00930	0.00339	0.01076	0.00921	0.00740	0.01352
6	0.01701	0.01250	0.01742	0.01756	0.01915	0.01435	0.01337	0.02058	0.01957	0.02900	0.03696	0.16954	0.03766	0.05717	0.30887	0.01160	0.07322	0.01623	0.09812	0.01011
7	0.01919	0.01583	0.01499	0.01626	0.01806	0.08320	0.01137	0.02203	0.02341	0.03162	0.05021	0.39178	0.05589	0.02698	0.01230	0.00390	0.00808	0.02372	0.16118	0.00998
8	0.12168	0.02333	0.02671	0.02130	0.02948	0.02399	0.01741	0.16056	0.11658	0.28465	0.03693	0.03375	0.02493	0.01363	0.01080	0.00351	0.01004	0.01063	0.01202	0.01808

[dist]
# distance from previous block
# <min> <max>
0	1

[block]
# block no. 9 follows, 11 sequences, length 9
# corresponding to MSA columns:
# 961-969
name=unknown_J
#
# <colnr> <probs for GDERKNQSTAVLIFYWHMCP>
#	G	D	E	R	K	N	Q	S	T	A	V	L	I	F	Y	W	H	M	C	P
0	0.13434	0.01304	0.01443	0.01468	0.01785	0.01288	0.01112	0.02128	0.02550	0.03850	0.20936	0.20005	0.15836	0.02536	0.01261	0.00396	0.00671	0.05921	0.01043	0.01032
1	0.03477	0.02685	0.03572	0.02684	0.03619	0.02692	0.10302	0.22450	0.08710	0.09846	0.02825	0.02939	0.02060	0.01186	0.01100	0.00313	0.01204	0.01030	0.00951	0.16354
2	0.02717	0.01833	0.02239	0.01686	0.02530	0.01451	0.01346	0.03210	0.02654	0.13402	0.11535	0.03702	0.03477	0.01202	0.00978	0.00235	0.00803	0.00999	0.00907	0.43095
3	0.03420	0.03465	0.07585	0.08400	0.03897	0.12601	0.02439	0.20675	0.08100	0.04606	0.02367	0.02686	0.01816	0.01394	0.01547	0.00366	0.11286	0.00965	0.00802	0.01585
4	0.02492	0.17547	0.08846	0.02488	0.03322	0.02511	0.12619	0.03073	0.02576	0.07534	0.08503	0.08569	0.12023	0.01638	0.01139	0.00342	0.01175	0.01457	0.00783	0.01363
5	0.01667	0.01015	0.01338	0.01421	0.01442	0.00994	0.00903	0.01553	0.01740	0.02319	0.03816	0.22526	0.04385	0.22082	0.03891	0.24688	0.00912	0.01895	0.00727	0.00686
6	0.03177	0.23373	0.04173	0.02338	0.03037	0.03127	0.06333	0.03824	0.06250	0.13167	0.02612	0.02846	0.02028	0.01302	0.01429	0.00333	0.11339	0.00937	0.06879	0.01495
7	0.02925	0.13528	0.14173	0.12672	0.04542	0.02872	0.09071	0.10042	0.02796	0.07922	0.02267	0.02729	0.01708	0.01334	0.01327	0.05569	0.01410	0.00952	0.00666	0.01495
8	0.20521	0.02025	0.02168	0.09313	0.03015	0.02209	0.01549	0.10583	0.05919	0.04251	0.03323	0.04162	0.06886	0.11891	0.01825	0.00472	0.01027	0.01127	0.00798	0.06939

[dist]
# distance from previous block
# <min> <max>
0	7

[block]
# block no. 10 follows, 11 sequences, length 7
# corresponding to MSA columns:
# 977-983
name=unknown_K
#
# <colnr> <probs for GDERKNQSTAVLIFYWHMCP>
#	G	D	E	R	K	N	Q	S	T	A	V	L	I	F	Y	W	H	M	C	P
0	0.01632	0.01091	0.01473	0.01502	0.01627	0.01112	0.01055	0.01734	0.01946	0.02639	0.08594	0.13407	0.08946	0.14116	0.18060	0.16364	0.01441	0.01690	0.00751	0.00820
1	0.12763	0.03233	0.16725	0.02315	0.03334	0.02413	0.02317	0.14633	0.03215	0.18441	0.02910	0.02922	0.02001	0.01239	0.01024	0.00341	0.01167	0.00942	0.06387	0.01677
2	0.07684	0.02791	0.09644	0.03099	0.04082	0.02344	0.18355	0.07842	0.02960	0.19291	0.03243	0.04016	0.02442	0.01342	0.01204	0.00375	0.01384	0.05373	0.00907	0.01622
3	0.02345	0.02567	0.06256	0.08750	0.03617	0.07506	0.07758	0.02881	0.02503	0.03422	0.16864	0.04301	0.04204	0.01723	0.02021	0.00398	0.19601	0.01304	0.00730	0.01250
4	0.01494	0.01028	0.01274	0.01428	0.01580	0.00954	0.00989	0.01785	0.02350	0.03268	0.11838	0.40332	0.12433	0.02995	0.01320	0.00409	0.00611	0.02668	0.10289	0.00954
5	0.02490	0.15668	0.03158	0.01727	0.02719	0.02183	0.01471	0.02958	0.02323	0.03432	0.01900	0.02212	0.01616	0.00863	0.00808	0.00184	0.00919	0.00652	0.00624	0.52095
6	0.02678	0.09502	0.33322	0.02624	0.03939	0.02410	0.03071	0.03632	0.02541	0.10675	0.05991	0.02961	0.02310	0.01168	0.01040	0.00324	0.01350	0.00922	0.00681	0.08860

[dist]
# distance from previous block
# <min> <max>
0	3

[block]
# block no. 11 follows, 11 sequences, length 13
# corresponding to MSA columns:
# 987-999
name=unknown_L
#
# <colnr> <probs for GDERKNQSTAVLIFYWHMCP>
#	G	D	E	R	K	N	Q	S	T	A	V	L	I	F	Y	W	H	M	C	P
0	0.03379	0.02793	0.12140	0.07448	0.03557	0.02262	0.02208	0.15424	0.03304	0.17841	0.06900	0.03988	0.02954	0.08732	0.01707	0.00443	0.01193	0.01166	0.00973	0.01588
1	0.01541	0.01156	0.01461	0.01615	0.01858	0.01076	0.01271	0.01910	0.02526	0.03254	0.11956	0.23998	0.20324	0.03069	0.01439	0.00448	0.00757	0.18300	0.01060	0.00983
2	0.02820	0.03150	0.13308	0.13070	0.04333	0.02826	0.02577	0.12509	0.24178	0.04545	0.03249	0.03345	0.02399	0.01328	0.01123	0.00368	0.01222	0.01087	0.00885	0.01680
3	0.68395	0.02177	0.01654	0.01480	0.02177	0.02525	0.01219	0.03309	0.01915	0.05050	0.01567	0.01828	0.01219	0.01045	0.00697	0.00348	0.00871	0.00609	0.00697	0.01219
4	0.04200	0.02857	0.07405	0.03249	0.13470	0.07577	0.02326	0.09079	0.03214	0.30023	0.03329	0.03208	0.02251	0.01259	0.01111	0.00339	0.01228	0.01029	0.01040	0.01806
5	0.02887	0.14030	0.13975	0.02396	0.03326	0.02570	0.06224	0.07266	0.06486	0.11602	0.04098	0.08471	0.08781	0.01570	0.01108	0.00347	0.01173	0.01313	0.00849	0.01527
6	0.01637	0.01091	0.01228	0.01228	0.01228	0.01091	0.00682	0.01637	0.01637	0.02182	0.03546	0.07365	0.04092	0.60445	0.05729	0.01091	0.01091	0.01637	0.00682	0.00682
7	0.01510	0.01158	0.01590	0.01970	0.06088	0.01084	0.01235	0.01788	0.02331	0.03118	0.10875	0.44938	0.11841	0.03123	0.01388	0.00429	0.00692	0.02815	0.01022	0.01007
8	0.03300	0.03379	0.17546	0.09073	0.08898	0.02519	0.10788	0.09716	0.03000	0.16477	0.02754	0.02989	0.01910	0.01164	0.01146	0.00356	0.01430	0.01045	0.00809	0.01700
9	0.02381	0.07358	0.03726	0.21126	0.04859	0.02746	0.09674	0.03498	0.11981	0.03327	0.03395	0.03859	0.07083	0.01442	0.01467	0.00381	0.08418	0.01207	0.00691	0.01381
10	0.01700	0.01322	0.01906	0.01855	0.02010	0.01579	0.01426	0.02036	0.01779	0.02569	0.02922	0.04586	0.02835	0.14256	0.44291	0.01583	0.08520	0.01237	0.00601	0.00988
11	0.31938	0.02171	0.02131	0.01812	0.02525	0.02356	0.01467	0.08165	0.11937	0.15162	0.03612	0.03483	0.06127	0.01378	0.00959	0.00356	0.00901	0.01019	0.00991	0.01509
12	0.08184	0.15139	0.08636	0.02186	0.02989	0.02994	0.02002	0.10808	0.12052	0.04139	0.03375	0.03463	0.07076	0.01416	0.01224	0.00334	0.06006	0.01034	0.00796	0.06148

[dist]
# distance from previous block
# <min> <max>
3	5

[block]
# block no. 12 follows, 11 sequences, length 37
# corresponding to MSA columns:
# 1005-1041
name=unknown_M
#
# <colnr> <probs for GDERKNQSTAVLIFYWHMCP>
#	G	D	E	R	K	N	Q	S	T	A	V	L	I	F	Y	W	H	M	C	P
0	0.02702	0.07175	0.02689	0.01928	0.02690	0.02316	0.01571	0.13950	0.10320	0.04350	0.04009	0.04102	0.09793	0.01987	0.05469	0.00410	0.01104	0.01133	0.00881	0.21424
1	0.02718	0.02111	0.02371	0.02078	0.02476	0.06663	0.01645	0.03529	0.10085	0.11830	0.18559	0.05423	0.09331	0.01918	0.01753	0.00384	0.13292	0.01466	0.01014	0.01355
2	0.02584	0.02201	0.02358	0.02182	0.02732	0.02515	0.01670	0.05316	0.43970	0.04432	0.04826	0.12565	0.04040	0.01828	0.01189	0.00393	0.00855	0.01563	0.01130	0.01651
3	0.08596	0.02592	0.03351	0.03090	0.09749	0.02823	0.05844	0.14290	0.11599	0.04608	0.02539	0.02838	0.01988	0.01293	0.01446	0.00347	0.09668	0.00992	0.00811	0.11539
4	0.01464	0.01145	0.01326	0.01281	0.01603	0.01007	0.00961	0.01875	0.02882	0.03793	0.32563	0.09593	0.31336	0.02570	0.01329	0.00367	0.00550	0.02202	0.01144	0.01007
5	0.03044	0.29689	0.04375	0.07022	0.03361	0.08369	0.02082	0.10218	0.02819	0.03509	0.06011	0.02694	0.02282	0.01294	0.01280	0.00313	0.08678	0.00877	0.00653	0.01427
6	0.03008	0.07042	0.03264	0.10519	0.03813	0.02188	0.05650	0.07125	0.02732	0.12457	0.02464	0.02735	0.01840	0.01035	0.00983	0.00266	0.01104	0.00873	0.00780	0.30121
