[name]
unknown

[dist]
# distance from previous block
# <min> <max>
9	171

[block]
# block no. 0 follows, 12 sequences, length 6
# corresponding to MSA columns:
# 173-178
name=unknown_A
#
# <colnr> <probs for GDERKNQSTAVLIFYWHMCP>
#	G	D	E	R	K	N	Q	S	T	A	V	L	I	F	Y	W	H	M	C	P
0	0.02294	0.13694	0.03942	0.37042	0.05932	0.02722	0.07199	0.02942	0.02233	0.02888	0.01882	0.02622	0.01478	0.01015	0.01005	0.00318	0.01370	0.00892	0.00504	0.08027
1	0.01911	0.01558	0.02458	0.02037	0.02542	0.01388	0.10681	0.02380	0.02571	0.06337	0.17389	0.18500	0.14417	0.02135	0.01249	0.00355	0.00857	0.01960	0.00948	0.08326
2	0.02893	0.03991	0.20954	0.18539	0.04980	0.12396	0.03002	0.13359	0.02995	0.03838	0.02041	0.02477	0.01504	0.01123	0.01053	0.00335	0.01545	0.00869	0.00616	0.01489
3	0.09935	0.12718	0.03471	0.03595	0.22257	0.02411	0.02152	0.03245	0.02383	0.10809	0.02984	0.13825	0.02808	0.01495	0.01031	0.00334	0.01044	0.01290	0.00748	0.01466
4	0.01646	0.01252	0.01543	0.01593	0.01820	0.01258	0.01144	0.02458	0.11440	0.03632	0.21946	0.33137	0.07556	0.02674	0.01306	0.00396	0.00634	0.02390	0.01093	0.01083
5	0.15064	0.02144	0.09609	0.17588	0.03665	0.01901	0.01941	0.02868	0.02176	0.03780	0.02483	0.03048	0.01907	0.01137	0.00876	0.00314	0.00994	0.00891	0.26426	0.01187

[dist]
# distance from previous block
# <min> <max>
20	89

[block]
# block no. 1 follows, 12 sequences, length 34
# corresponding to MSA columns:
# 275-308
name=unknown_B
#
# <colnr> <probs for GDERKNQSTAVLIFYWHMCP>
#	G	D	E	R	K	N	Q	S	T	A	V	L	I	F	Y	W	H	M	C	P
0	0.25628	0.10396	0.09295	0.07327	0.03439	0.02600	0.08254	0.05708	0.02363	0.04065	0.05338	0.02701	0.02058	0.01112	0.00905	0.00325	0.01135	0.00879	0.05155	0.01315
1	0.02976	0.02096	0.03402	0.24668	0.09586	0.02222	0.08705	0.06748	0.02685	0.15558	0.02730	0.03170	0.01947	0.01149	0.01085	0.00341	0.01261	0.01046	0.07161	0.01465
2	0.03032	0.02714	0.09615	0.14999	0.03994	0.09234	0.02284	0.03562	0.02512	0.17294	0.03126	0.11688	0.02650	0.01585	0.01341	0.00365	0.06532	0.01270	0.00807	0.01395
3	0.01722	0.01393	0.01755	0.08336	0.02545	0.01480	0.01391	0.02635	0.13604	0.03200	0.05636	0.36811	0.09931	0.02649	0.01284	0.00410	0.00773	0.02358	0.00973	0.01116
4	0.02623	0.02355	0.02384	0.01839	0.02655	0.08149	0.01454	0.09156	0.02838	0.03989	0.08840	0.03042	0.02755	0.01095	0.00927	0.00221	0.00955	0.00870	0.00767	0.43085
5	0.03027	0.08154	0.09794	0.09466	0.03531	0.02140	0.02048	0.07793	0.02712	0.16984	0.03045	0.09541	0.02495	0.01375	0.01032	0.00312	0.01077	0.01135	0.00848	0.13492
6	0.29688	0.08778	0.09708	0.09491	0.03526	0.09135	0.02079	0.09361	0.02545	0.04198	0.01788	0.02115	0.01374	0.01068	0.00867	0.00324	0.01230	0.00729	0.00641	0.01356
7	0.01948	0.02300	0.10188	0.13779	0.04252	0.01917	0.14669	0.02618	0.02373	0.03225	0.08055	0.19426	0.04119	0.01878	0.01256	0.00390	0.01242	0.04414	0.00735	0.01214
8	0.01387	0.01009	0.01213	0.01349	0.01457	0.00937	0.00883	0.01545	0.02037	0.02642	0.06359	0.36692	0.15939	0.18483	0.02455	0.00588	0.00727	0.02543	0.00921	0.00834
9	0.02768	0.16812	0.26608	0.02607	0.03675	0.17045	0.02794	0.03516	0.02565	0.03153	0.06794	0.02658	0.02242	0.01151	0.00977	0.00305	0.01507	0.00844	0.00559	0.01421
10	0.03230	0.01848	0.02174	0.01863	0.02410	0.01899	0.01418	0.04581	0.22087	0.22594	0.04141	0.04694	0.03255	0.16276	0.02200	0.00527	0.00934	0.01270	0.01086	0.01511
11	0.02867	0.02350	0.02480	0.02142	0.02787	0.02637	0.01691	0.16061	0.34944	0.04900	0.04868	0.04562	0.09656	0.01606	0.01128	0.00359	0.00903	0.01313	0.01092	0.01651
12	0.02059	0.01938	0.03270	0.59060	0.07510	0.02422	0.03028	0.02786	0.02180	0.02786	0.01938	0.02907	0.01453	0.01090	0.01090	0.00363	0.01453	0.00969	0.00484	0.01211
13	0.01476	0.01059	0.01414	0.01533	0.01700	0.00997	0.01129	0.01840	0.02543	0.03480	0.24985	0.32985	0.08284	0.02889	0.01367	0.00412	0.00641	0.09222	0.01085	0.00959
14	0.02433	0.02309	0.03838	0.16225	0.28812	0.02434	0.07401	0.03400	0.08983	0.03456	0.02712	0.08207	0.02368	0.01278	0.01134	0.00353	0.01263	0.01227	0.00647	0.01520
15	0.02915	0.62337	0.05714	0.01866	0.02799	0.04314	0.01866	0.03265	0.02215	0.02565	0.01516	0.01749	0.01399	0.00933	0.00700	0.00233	0.01166	0.00583	0.00466	0.01399
16	0.10235	0.01683	0.02111	0.01707	0.02326	0.01549	0.01330	0.04193	0.02621	0.37592	0.03822	0.04370	0.02866	0.16193	0.02154	0.00515	0.00952	0.01169	0.01115	0.01497
17	0.03788	0.19286	0.03737	0.02576	0.03230	0.44238	0.02047	0.04085	0.02874	0.02643	0.01644	0.01913	0.01403	0.01077	0.00913	0.00269	0.01769	0.00673	0.00538	0.01297
18	0.02765	0.02026	0.03278	0.02520	0.03154	0.01952	0.16041	0.09332	0.02802	0.12658	0.08397	0.04988	0.06223	0.16255	0.02279	0.00525	0.01206	0.01410	0.00875	0.01314
19	0.03683	0.09563	0.03607	0.02971	0.09879	0.07574	0.05261	0.08739	0.05841	0.21164	0.02851	0.02917	0.02056	0.01267	0.01317	0.00336	0.07480	0.00979	0.00886	0.01628
20	0.14547	0.26787	0.10090	0.02174	0.03130	0.03233	0.04609	0.09802	0.02681	0.10609	0.02111	0.02249	0.01603	0.01061	0.00868	0.00297	0.01171	0.00766	0.00702	0.01509
21	0.02665	0.02078	0.02502	0.06942	0.03146	0.01802	0.01571	0.09235	0.02685	0.07417	0.02185	0.02463	0.01704	0.00935	0.00889	0.00213	0.00925	0.00749	0.00737	0.49156
22	0.03114	0.02208	0.02730	0.02157	0.02782	0.02358	0.04836	0.19878	0.03283	0.09014	0.02737	0.03028	0.02069	0.01297	0.01311	0.00312	0.08610	0.00977	0.18031	0.09267
23	0.02748	0.04155	0.25657	0.03473	0.10473	0.09757	0.07058	0.03798	0.07007	0.06323	0.02259	0.02607	0.01705	0.01171	0.01308	0.00350	0.07076	0.00922	0.00601	0.01553
24	0.32687	0.02261	0.02311	0.01861	0.02638	0.02408	0.01536	0.15747	0.03067	0.21572	0.02678	0.02599	0.01832	0.01193	0.00912	0.00335	0.00958	0.00849	0.00993	0.01563
25	0.02506	0.01454	0.01848	0.01620	0.02065	0.01387	0.01258	0.03332	0.09581	0.16807	0.35707	0.06541	0.07545	0.01919	0.01217	0.00345	0.00660	0.01664	0.01225	0.01320
26	0.01858	0.01185	0.01487	0.01390	0.01724	0.01059	0.01049	0.02281	0.02872	0.09886	0.34739	0.12515	0.19114	0.02345	0.01273	0.00356	0.00581	0.02037	0.01160	0.01089
27	0.02095	0.01955	0.03137	0.24972	0.11185	0.02142	0.07515	0.03018	0.08913	0.03209	0.03898	0.11478	0.08671	0.01605	0.01175	0.00371	0.01186	0.01470	0.00710	0.01295
28	0.12494	0.02530	0.02691	0.02118	0.02888	0.02742	0.01740	0.33060	0.04097	0.12935	0.02813	0.02825	0.01991	0.01271	0.00999	0.00321	0.01036	0.00950	0.08828	0.01669
29	0.01525	0.01069	0.01384	0.01383	0.01594	0.00994	0.01008	0.01963	0.02800	0.03980	0.39681	0.20250	0.09078	0.02444	0.01277	0.00361	0.00542	0.02174	0.05499	0.00994
30	0.02624	0.11474	0.22117	0.06007	0.04193	0.03067	0.09490	0.09448	0.02558	0.03580	0.01910	0.02408	0.01497	0.01225	0.01562	0.00360	0.13527	0.00905	0.00560	0.01488
31	0.01583	0.01066	0.01236	0.01236	0.01252	0.01082	0.00719	0.01615	0.01599	0.02149	0.03393	0.06900	0.03862	0.57268	0.09823	0.01114	0.01211	0.01551	0.00654	0.00686
32	0.02615	0.02473	0.03331	0.02816	0.02930	0.03345	0.02345	0.08978	0.02122	0.03179	0.01586	0.02416	0.01487	0.01830	0.03253	0.00458	0.52042	0.00958	0.00557	0.01279
33	0.02278	0.02129	0.03117	0.02440	0.03066	0.02192	0.09241	0.02931	0.05502	0.03249	0.02151	0.02782	0.01836	0.02104	0.08975	0.00493	0.15764	0.00928	0.00613	0.28208

[dist]
# distance from previous block
# <min> <max>
0	1

[block]
# block no. 2 follows, 12 sequences, length 34
# corresponding to MSA columns:
# 310-343
name=unknown_C
#
# <colnr> <probs for GDERKNQSTAVLIFYWHMCP>
#	G	D	E	R	K	N	Q	S	T	A	V	L	I	F	Y	W	H	M	C	P
0	0.08443	0.07718	0.03482	0.03054	0.09160	0.26604	0.05782	0.06795	0.02954	0.12611	0.02259	0.02441	0.01699	0.01120	0.01002	0.00306	0.01520	0.00847	0.00729	0.01473
1	0.43613	0.02161	0.02074	0.08156	0.02901	0.02472	0.01534	0.11569	0.02592	0.04954	0.06864	0.02666	0.02212	0.01191	0.00855	0.00339	0.00944	0.00836	0.00778	0.01289
2	0.02944	0.04291	0.20577	0.07752	0.04720	0.16541	0.15372	0.08259	0.02835	0.03543	0.02015	0.02460	0.01509	0.01059	0.01097	0.00334	0.01708	0.00933	0.00572	0.01479
3	0.01415	0.01014	0.01351	0.01521	0.01646	0.00950	0.01075	0.01709	0.02366	0.03212	0.17869	0.44155	0.07895	0.03092	0.01375	0.00423	0.00633	0.06312	0.01058	0.00930
4	0.02365	0.01213	0.01633	0.01641	0.01931	0.01094	0.01184	0.02622	0.02388	0.18156	0.05513	0.44315	0.05899	0.02815	0.01306	0.00412	0.00718	0.02517	0.01110	0.01168
5	0.02014	0.01148	0.01551	0.01654	0.01879	0.01059	0.01209	0.02284	0.02323	0.12219	0.05677	0.44771	0.06295	0.02999	0.01354	0.00431	0.00731	0.08259	0.01071	0.01072
6	0.02907	0.02154	0.02304	0.02019	0.02616	0.02409	0.01586	0.10339	0.35023	0.08309	0.04066	0.03878	0.03022	0.01414	0.01045	0.00342	0.00843	0.01156	0.12944	0.01624
7	0.04298	0.01724	0.02340	0.01839	0.02579	0.01501	0.01501	0.04736	0.03115	0.46540	0.13172	0.04498	0.04045	0.01506	0.01130	0.00338	0.00854	0.01252	0.01323	0.01709
8	0.40581	0.02396	0.02190	0.01853	0.02569	0.02737	0.01509	0.16163	0.11764	0.05348	0.02322	0.02399	0.01737	0.01172	0.00860	0.00340	0.00940	0.00806	0.00860	0.01453
9	0.02390	0.01223	0.01626	0.01609	0.01893	0.01111	0.01150	0.02629	0.02340	0.18091	0.05264	0.39111	0.05585	0.08448	0.01708	0.00472	0.00759	0.02371	0.01076	0.01146
10	0.14707	0.51652	0.04984	0.01789	0.02676	0.03983	0.01744	0.03254	0.02152	0.02978	0.01516	0.01753	0.01361	0.00947	0.00695	0.00252	0.01109	0.00584	0.00503	0.01361
11	0.02965	0.02568	0.03812	0.18101	0.28481	0.02780	0.02899	0.17143	0.03179	0.04338	0.02189	0.02725	0.01698	0.01098	0.01085	0.00334	0.01306	0.00974	0.00687	0.01640
12	0.02381	0.02198	0.03525	0.39073	0.17033	0.02604	0.02974	0.06575	0.02429	0.03251	0.01974	0.02799	0.01541	0.01145	0.01283	0.00361	0.05973	0.00969	0.00542	0.01370
13	0.01402	0.01030	0.01314	0.01409	0.01584	0.00943	0.00994	0.01721	0.02506	0.03386	0.24326	0.34905	0.14668	0.02895	0.01339	0.00396	0.00579	0.02581	0.01081	0.00943
14	0.02360	0.02341	0.03098	0.35530	0.05515	0.08754	0.02608	0.02909	0.02175	0.02831	0.01914	0.02767	0.01543	0.01294	0.01622	0.00372	0.14734	0.00939	0.05497	0.01198
15	0.01373	0.01014	0.01206	0.01337	0.01468	0.00932	0.00888	0.01545	0.02085	0.02682	0.06793	0.35970	0.19059	0.15785	0.02259	0.00555	0.00703	0.02562	0.00937	0.00846
16	0.01540	0.01038	0.01203	0.01248	0.01259	0.01027	0.00723	0.01574	0.01675	0.02233	0.03892	0.16686	0.04540	0.51344	0.04812	0.00948	0.00982	0.01854	0.00723	0.00701
17	0.02787	0.12875	0.04173	0.19446	0.08677	0.02876	0.10875	0.07034	0.09768	0.07208	0.02490	0.02896	0.01883	0.01113	0.01059	0.00335	0.01319	0.01005	0.00690	0.01493
18	0.01661	0.01161	0.01379	0.01296	0.01640	0.01021	0.00982	0.02067	0.02831	0.07238	0.32373	0.08851	0.28694	0.02398	0.01274	0.00353	0.00559	0.02054	0.01130	0.01038
19	0.02915	0.62337	0.05714	0.01866	0.02799	0.04314	0.01866	0.03265	0.02215	0.02565	0.01516	0.01749	0.01399	0.00933	0.00700	0.00233	0.01166	0.00583	0.00466	0.01399
20	0.69383	0.02109	0.01603	0.01434	0.02109	0.02446	0.01181	0.03205	0.01856	0.04892	0.01518	0.01771	0.01181	0.01012	0.00675	0.00337	0.00843	0.00590	0.00675	0.01181
21	0.02154	0.06049	0.02615	0.02757	0.13201	0.01999	0.01750	0.03296	0.15403	0.03933	0.21222	0.11785	0.05732	0.01824	0.01169	0.00350	0.00827	0.01610	0.00964	0.01361
22	0.02911	0.02532	0.03227	0.26659	0.12367	0.08679	0.02547	0.11765	0.02985	0.07470	0.06191	0.03174	0.02318	0.01220	0.01092	0.00339	0.01335	0.01027	0.00724	0.01438
23	0.03929	0.04901	0.02943	0.02682	0.03222	0.53320	0.02012	0.04226	0.03033	0.02767	0.01818	0.02115	0.01503	0.01134	0.00968	0.00279	0.01863	0.00724	0.05315	0.01247
24	0.03044	0.02766	0.03083	0.02737	0.08981	0.11786	0.05463	0.08045	0.02801	0.07803	0.02177	0.02457	0.01702	0.00982	0.00955	0.00246	0.01193	0.00808	0.00710	0.32260
25	0.01773	0.01540	0.02343	0.14105	0.14635	0.01579	0.01903	0.02188	0.02265	0.02986	0.05206	0.27408	0.13215	0.02290	0.01243	0.00387	0.00930	0.02057	0.00801	0.01145
26	0.01832	0.01292	0.01694	0.01852	0.06771	0.01189	0.01203	0.02213	0.02645	0.07395	0.25844	0.11335	0.18828	0.08998	0.01743	0.00435	0.00700	0.01924	0.01027	0.01080
27	0.02871	0.02790	0.05386	0.03943	0.04844	0.02817	0.35443	0.08118	0.02729	0.07573	0.02289	0.02886	0.01719	0.01133	0.01588	0.00377	0.10151	0.01195	0.00652	0.01496
28	0.09156	0.02818	0.02999	0.02353	0.03179	0.03111	0.01931	0.39199	0.10155	0.09762	0.02852	0.02790	0.02026	0.01308	0.01061	0.00334	0.01115	0.00987	0.01078	0.01787
29	0.01739	0.01209	0.01524	0.01531	0.01738	0.01178	0.01097	0.06464	0.02590	0.03503	0.18853	0.28864	0.10018	0.02891	0.01741	0.10195	0.00694	0.02216	0.00994	0.00962
30	0.02396	0.01801	0.02139	0.01885	0.02173	0.02032	0.01411	0.16198	0.02698	0.03683	0.03134	0.10050	0.03185	0.23662	0.11104	0.00817	0.08286	0.01421	0.00787	0.01138
31	0.01380	0.01008	0.01235	0.01373	0.01497	0.00932	0.00918	0.01576	0.02146	0.02810	0.09891	0.38496	0.15739	0.13268	0.02083	0.00528	0.00683	0.02609	0.00965	0.00863
32	0.02472	0.19978	0.33284	0.02623	0.03879	0.03033	0.03051	0.03819	0.11257	0.03416	0.02281	0.02470	0.01731	0.01087	0.00960	0.00320	0.01361	0.00823	0.00577	0.01576
33	0.14918	0.41253	0.04507	0.01961	0.02780	0.13627	0.01788	0.03453	0.02311	0.02997	0.01547	0.01793	0.01361	0.00982	0.00747	0.00260	0.01254	0.00606	0.00521	0.01336

[dist]
# distance from previous block
# <min> <max>
0	1

[block]
# block no. 3 follows, 12 sequences, length 12
# corresponding to MSA columns:
# 345-356
name=unknown_D
#
# <colnr> <probs for GDERKNQSTAVLIFYWHMCP>
#	G	D	E	R	K	N	Q	S	T	A	V	L	I	F	Y	W	H	M	C	P
0	0.02613	0.02060	0.02527	0.09396	0.03344	0.01811	0.01632	0.08424	0.02630	0.07098	0.02164	0.02479	0.01689	0.00936	0.00896	0.00218	0.00946	0.00756	0.00719	0.47663
1	0.01395	0.01088	0.01266	0.01266	0.01549	0.00959	0.00932	0.01755	0.02672	0.03492	0.27612	0.16221	0.30617	0.02636	0.01301	0.00368	0.00548	0.02275	0.01087	0.00959
2	0.02419	0.02285	0.03470	0.11099	0.16424	0.02661	0.05849	0.03490	0.12901	0.03340	0.02494	0.03118	0.02056	0.02038	0.07342	0.00522	0.15347	0.01064	0.00644	0.01438
3	0.03103	0.02742	0.03984	0.09789	0.20181	0.08689	0.11606	0.04058	0.09359	0.11437	0.02688	0.03019	0.02011	0.01116	0.01115	0.00339	0.01376	0.01054	0.00738	0.01594
4	0.03623	0.01575	0.02124	0.01725	0.02346	0.01385	0.01385	0.04080	0.03108	0.36206	0.23252	0.05391	0.05575	0.01683	0.01168	0.00339	0.00771	0.01428	0.01293	0.01542
5	0.03243	0.03027	0.18867	0.08565	0.10581	0.02043	0.02632	0.03988	0.02620	0.23039	0.02992	0.03104	0.02057	0.01172	0.01045	0.00333	0.01197	0.00972	0.06900	0.01624
6	0.01586	0.01057	0.01189	0.01189	0.01189	0.01057	0.00661	0.01586	0.01586	0.02114	0.03436	0.07135	0.03964	0.61681	0.05550	0.01057	0.01057	0.01586	0.00661	0.00661
7	0.09821	0.02188	0.02510	0.02028	0.02764	0.02260	0.01645	0.16227	0.12436	0.24685	0.08673	0.03774	0.03227	0.01420	0.01078	0.00341	0.00934	0.01135	0.01166	0.01688
8	0.15999	0.02142	0.02741	0.16327	0.07515	0.02256	0.02028	0.09969	0.02786	0.17886	0.02583	0.02790	0.01819	0.01138	0.00985	0.00325	0.01092	0.00902	0.00850	0.07869
9	0.25233	0.13600	0.02722	0.01732	0.02409	0.02708	0.01471	0.14802	0.02933	0.04787	0.09019	0.03042	0.02755	0.01257	0.00871	0.00308	0.00917	0.00910	0.07172	0.01352
10	0.43560	0.02656	0.02170	0.01846	0.02555	0.09838	0.01495	0.11654	0.02691	0.09745	0.01990	0.02124	0.01468	0.01109	0.00826	0.00328	0.01061	0.00719	0.00794	0.01369
11	0.03382	0.17229	0.03989	0.05692	0.03519	0.02955	0.08351	0.18240	0.03296	0.12785	0.02837	0.07927	0.02317	0.01350	0.01048	0.00324	0.01194	0.01133	0.00866	0.01567

[dist]
# distance from previous block
# <min> <max>
0	11

[block]
# block no. 4 follows, 12 sequences, length 11
# corresponding to MSA columns:
# 368-378
name=unknown_E
#
# <colnr> <probs for GDERKNQSTAVLIFYWHMCP>
#	G	D	E	R	K	N	Q	S	T	A	V	L	I	F	Y	W	H	M	C	P
0	0.01680	0.01332	0.01536	0.01447	0.01800	0.01300	0.01096	0.02586	0.11863	0.03994	0.32833	0.08092	0.21808	0.02248	0.01255	0.00355	0.00588	0.01934	0.01130	0.01123
1	0.01387	0.01081	0.01259	0.01272	0.01547	0.00953	0.00932	0.01733	0.02631	0.03427	0.25631	0.18415	0.30461	0.02685	0.01306	0.00372	0.00553	0.02322	0.01080	0.00953
2	0.02385	0.01283	0.01659	0.01562	0.01949	0.01144	0.01193	0.02742	0.02680	0.17896	0.16400	0.22006	0.15015	0.02452	0.01276	0.00383	0.00699	0.04932	0.01145	0.01199
3	0.03105	0.02021	0.02210	0.01852	0.02437	0.02166	0.01477	0.18651	0.13728	0.10615	0.06978	0.03854	0.03111	0.01399	0.01008	0.00316	0.00842	0.01124	0.21592	0.01515
4	0.63322	0.02085	0.01690	0.01481	0.02172	0.02367	0.01220	0.03403	0.01974	0.09661	0.01780	0.01954	0.01324	0.01044	0.00714	0.00337	0.00851	0.00638	0.00738	0.01244
5	0.02328	0.02212	0.03756	0.37045	0.27423	0.02493	0.03162	0.03021	0.02307	0.03112	0.01985	0.02819	0.01569	0.01040	0.01086	0.00347	0.01387	0.00970	0.00508	0.01428
6	0.14790	0.02153	0.02979	0.30883	0.09228	0.02469	0.02438	0.09366	0.02628	0.09737	0.02226	0.02741	0.01618	0.01124	0.01015	0.00348	0.01239	0.00917	0.00698	0.01402
7	0.11576	0.08014	0.03243	0.06337	0.13852	0.21609	0.02129	0.03533	0.02536	0.03295	0.01786	0.02182	0.01483	0.01004	0.00915	0.00276	0.01382	0.00739	0.00575	0.13534
8	0.01681	0.01344	0.01805	0.01776	0.01833	0.01576	0.01293	0.01869	0.01791	0.02516	0.03676	0.22041	0.04151	0.19912	0.13975	0.00875	0.14439	0.01827	0.00712	0.00910
9	0.01506	0.01043	0.01193	0.01239	0.01292	0.01011	0.00743	0.01571	0.01778	0.02329	0.04761	0.17187	0.10268	0.44536	0.04320	0.00869	0.00924	0.01939	0.00764	0.00731
10	0.01520	0.01115	0.01593	0.01639	0.01785	0.01238	0.01210	0.01824	0.01791	0.02523	0.03541	0.14830	0.03689	0.14139	0.40705	0.01429	0.02272	0.01568	0.00671	0.00918

[dist]
# distance from previous block
# <min> <max>
0	1

[block]
# block no. 5 follows, 12 sequences, length 16
# corresponding to MSA columns:
# 380-395
name=unknown_F
#
# <colnr> <probs for GDERKNQSTAVLIFYWHMCP>
#	G	D	E	R	K	N	Q	S	T	A	V	L	I	F	Y	W	H	M	C	P
0	0.15043	0.01477	0.01796	0.01689	0.01975	0.01674	0.01302	0.02412	0.01991	0.06553	0.08028	0.08211	0.03511	0.10891	0.22273	0.00955	0.07131	0.01293	0.00741	0.01055
1	0.03062	0.45507	0.04983	0.02144	0.02907	0.13621	0.01966	0.03387	0.02310	0.02590	0.01537	0.01859	0.01404	0.01075	0.01071	0.00269	0.07825	0.00646	0.00485	0.01352
2	0.01445	0.01064	0.01363	0.01460	0.01657	0.00982	0.01073	0.01795	0.02542	0.03413	0.23517	0.29561	0.15311	0.02860	0.01352	0.00403	0.00621	0.07551	0.01077	0.00954
3	0.14007	0.04134	0.25812	0.08124	0.04308	0.10745	0.07426	0.03606	0.02412	0.06822	0.02012	0.02368	0.01467	0.01059	0.01000	0.00338	0.01499	0.00833	0.00579	0.01451
4	0.03659	0.02587	0.03323	0.09372	0.11468	0.02840	0.02319	0.25993	0.03722	0.14051	0.02639	0.02832	0.01898	0.01297	0.01324	0.00347	0.06703	0.00996	0.00927	0.01701
5	0.29505	0.02623	0.02785	0.06143	0.03295	0.08577	0.06616	0.10963	0.02805	0.13612	0.02292	0.02459	0.01642	0.01125	0.00937	0.00334	0.01179	0.00847	0.00819	0.01442
6	0.03611	0.02379	0.02863	0.08619	0.03505	0.02622	0.01982	0.18380	0.16928	0.18394	0.03402	0.03315	0.02403	0.01379	0.01255	0.00355	0.04769	0.01076	0.01058	0.01706
7	0.01494	0.01113	0.01389	0.01320	0.01599	0.01008	0.00990	0.01962	0.02969	0.04095	0.45885	0.08602	0.18880	0.02333	0.01287	0.00348	0.00522	0.02036	0.01164	0.01008
8	0.02195	0.10672	0.42778	0.02817	0.04155	0.02518	0.03468	0.03254	0.02325	0.03335	0.02489	0.03757	0.02122	0.01324	0.01073	0.00358	0.01475	0.07844	0.00543	0.01498
9	0.02464	0.02198	0.03433	0.43162	0.13538	0.02591	0.02928	0.10186	0.02668	0.03512	0.02057	0.02834	0.01552	0.01107	0.01089	0.00352	0.01393	0.00971	0.00584	0.01381
10	0.01768	0.01391	0.01784	0.10155	0.02637	0.01410	0.01378	0.06590	0.02827	0.03754	0.22878	0.16360	0.18307	0.02300	0.01257	0.00368	0.00750	0.01998	0.01005	0.01084
11	0.03408	0.01919	0.02432	0.01990	0.02577	0.01936	0.01601	0.12089	0.03140	0.24092	0.11277	0.10342	0.03989	0.01734	0.01415	0.00352	0.07416	0.01387	0.01101	0.05803
12	0.18358	0.11126	0.02752	0.05504	0.02856	0.02450	0.01654	0.11245	0.02735	0.09037	0.02881	0.08321	0.02600	0.01491	0.00980	0.00332	0.00997	0.06170	0.00827	0.07684
13	0.01707	0.01350	0.01768	0.07898	0.02471	0.01241	0.01278	0.02064	0.02246	0.03159	0.11558	0.26275	0.05283	0.07799	0.01583	0.00404	0.00791	0.01915	0.00854	0.18353
14	0.02381	0.01704	0.02286	0.17785	0.03613	0.01806	0.01723	0.05965	0.06624	0.09114	0.06147	0.09691	0.03376	0.14454	0.02065	0.00495	0.01052	0.01366	0.00815	0.07539
15	0.38791	0.02364	0.07814	0.01716	0.02417	0.02202	0.01537	0.07116	0.02364	0.08093	0.07334	0.03181	0.02542	0.06907	0.01300	0.00406	0.00952	0.00915	0.00784	0.01267

[dist]
# distance from previous block
# <min> <max>
1	4

[block]
# block no. 6 follows, 12 sequences, length 10
# corresponding to MSA columns:
# 400-409
name=unknown_G
#
# <colnr> <probs for GDERKNQSTAVLIFYWHMCP>
#	G	D	E	R	K	N	Q	S	T	A	V	L	I	F	Y	W	H	M	C	P
0	0.02570	0.01988	0.03037	0.14164	0.22142	0.02034	0.02343	0.05953	0.02617	0.09915	0.04083	0.11615	0.09646	0.01626	0.01154	0.00355	0.01085	0.01448	0.00790	0.01435
1	0.03242	0.02425	0.02661	0.02189	0.02839	0.02650	0.01748	0.32371	0.10393	0.05702	0.10136	0.11406	0.03876	0.01736	0.01160	0.00350	0.00991	0.01430	0.01097	0.01598
2	0.01647	0.08753	0.02053	0.09075	0.02456	0.01540	0.01319	0.01917	0.02110	0.02700	0.05290	0.32788	0.11721	0.09552	0.01740	0.00468	0.00847	0.02219	0.00833	0.00971
3	0.19503	0.04322	0.35095	0.03162	0.10821	0.02518	0.03206	0.03375	0.02212	0.03837	0.01857	0.02219	0.01376	0.01021	0.00949	0.00340	0.01372	0.00773	0.00526	0.01517
4	0.16153	0.02510	0.02745	0.08156	0.03377	0.02923	0.01937	0.20789	0.16135	0.05086	0.02693	0.02834	0.02021	0.01325	0.01236	0.00357	0.06295	0.00966	0.00896	0.01563
5	0.01586	0.01057	0.01189	0.01189	0.01189	0.01057	0.00661	0.01586	0.01586	0.02114	0.03436	0.07135	0.03964	0.61681	0.05550	0.01057	0.01057	0.01586	0.00661	0.00661
6	0.03293	0.06944	0.02359	0.01692	0.02294	0.01601	0.01382	0.03747	0.03025	0.29114	0.25297	0.05420	0.05807	0.01686	0.01142	0.00330	0.00773	0.01423	0.01207	0.01464
7	0.09632	0.02925	0.14033	0.02914	0.03866	0.02291	0.17637	0.03754	0.08495	0.10414	0.09835	0.03644	0.03076	0.01253	0.01129	0.00353	0.01278	0.01184	0.00802	0.01485
8	0.03573	0.02479	0.02732	0.02175	0.02954	0.02634	0.01762	0.26254	0.15623	0.12247	0.03259	0.03160	0.02349	0.01300	0.01045	0.00317	0.00999	0.01023	0.05408	0.08708
9	0.03008	0.02182	0.02919	0.02155	0.03085	0.01912	0.07284	0.08554	0.05845	0.13583	0.02630	0.02756	0.01950	0.01014	0.00965	0.00248	0.00995	0.00875	0.00840	0.37199

[dist]
# distance from previous block
# <min> <max>
8	17

[block]
# block no. 7 follows, 12 sequences, length 22
# corresponding to MSA columns:
# 429-450
name=unknown_H
#
# <colnr> <probs for GDERKNQSTAVLIFYWHMCP>
#	G	D	E	R	K	N	Q	S	T	A	V	L	I	F	Y	W	H	M	C	P
0	0.12571	0.18250	0.03493	0.02140	0.02884	0.11861	0.05759	0.08253	0.02757	0.08007	0.03481	0.03548	0.10061	0.01342	0.00961	0.00307	0.01194	0.01023	0.00746	0.01360
1	0.21505	0.17299	0.12400	0.02313	0.03285	0.03156	0.05733	0.15020	0.02868	0.04480	0.01910	0.02148	0.01466	0.01063	0.00888	0.00314	0.01209	0.00772	0.00682	0.01490
2	0.42629	0.02531	0.02260	0.10977	0.03285	0.08172	0.01699	0.10092	0.02499	0.04609	0.01759	0.02094	0.01343	0.01078	0.00832	0.00334	0.01107	0.00718	0.00692	0.01290
3	0.02703	0.03492	0.15874	0.02610	0.03396	0.11186	0.06374	0.06883	0.14107	0.03642	0.02759	0.03349	0.02242	0.07793	0.01691	0.00421	0.04744	0.01043	0.04263	0.01427
4	0.01423	0.01058	0.01326	0.01369	0.01583	0.00961	0.00985	0.01785	0.02641	0.03573	0.30043	0.26083	0.17711	0.02724	0.01322	0.00381	0.00561	0.02408	0.01102	0.00961
5	0.02798	0.02487	0.02414	0.01867	0.02690	0.09667	0.01479	0.10738	0.02842	0.04012	0.02176	0.02460	0.01744	0.00980	0.00873	0.00215	0.01005	0.00746	0.07550	0.41257
6	0.01353	0.01014	0.01257	0.01394	0.01563	0.00917	0.00970	0.01616	0.02345	0.03078	0.14992	0.40157	0.19244	0.03066	0.01350	0.00409	0.00594	0.02724	0.01042	0.00917
7	0.01488	0.01096	0.01339	0.01343	0.01563	0.01011	0.00975	0.01834	0.02574	0.03463	0.28512	0.14166	0.18250	0.12062	0.01997	0.00484	0.00655	0.05220	0.01040	0.00930
8	0.04145	0.03054	0.03272	0.02509	0.03381	0.03381	0.02072	0.51243	0.05127	0.06872	0.02618	0.02618	0.01854	0.01309	0.01091	0.00327	0.01200	0.00982	0.01091	0.01854
9	0.02085	0.01774	0.02850	0.02429	0.02876	0.01744	0.13377	0.09982	0.02694	0.03613	0.04536	0.37424	0.04994	0.02468	0.01318	0.00406	0.01018	0.02317	0.00912	0.01184
10	0.02557	0.02218	0.03426	0.26491	0.18834	0.02557	0.02758	0.03521	0.09489	0.06853	0.02429	0.03012	0.01877	0.01224	0.01372	0.00365	0.07889	0.01014	0.00647	0.01466
11	0.03507	0.12267	0.03325	0.02226	0.03009	0.03208	0.01865	0.31133	0.13108	0.05521	0.02852	0.02865	0.02129	0.01276	0.01003	0.00314	0.01074	0.00966	0.06664	0.01687
12	0.02026	0.01831	0.03031	0.39137	0.11544	0.02173	0.02690	0.02670	0.02174	0.02873	0.02431	0.03893	0.02094	0.02376	0.10156	0.00593	0.01633	0.04912	0.00550	0.01214
13	0.02670	0.02593	0.04354	0.12380	0.04852	0.02742	0.22925	0.08198	0.19253	0.04018	0.02931	0.03278	0.02189	0.01164	0.01180	0.00364	0.01402	0.01192	0.00770	0.01545
14	0.02093	0.01468	0.02055	0.07191	0.10700	0.01536	0.01616	0.02648	0.06406	0.03323	0.03353	0.08438	0.03079	0.02050	0.01667	0.13331	0.00893	0.06425	0.20636	0.01092
15	0.01503	0.01113	0.01402	0.01329	0.01604	0.01012	0.00997	0.01980	0.02991	0.04147	0.47455	0.08517	0.17278	0.02313	0.01286	0.00347	0.00520	0.02024	0.01171	0.01012
16	0.30334	0.01909	0.02041	0.01766	0.02440	0.01976	0.01463	0.04063	0.06225	0.23886	0.03397	0.04176	0.02642	0.01460	0.00985	0.00363	0.00900	0.07512	0.01010	0.01452
17	0.03416	0.05886	0.03201	0.02933	0.10431	0.05789	0.02079	0.19055	0.21590	0.09263	0.03230	0.03166	0.02393	0.01296	0.01070	0.00336	0.01107	0.01045	0.00980	0.01734
18	0.01387	0.00994	0.01317	0.01479	0.01594	0.00924	0.01017	0.01664	0.02358	0.03214	0.19101	0.46650	0.08046	0.03094	0.01363	0.00416	0.00601	0.02794	0.01063	0.00924
19	0.03074	0.03338	0.03948	0.08854	0.36261	0.19149	0.02951	0.03616	0.02647	0.03242	0.01933	0.02490	0.01612	0.01025	0.01051	0.00313	0.01509	0.00890	0.00543	0.01554
20	0.01859	0.01387	0.01810	0.01936	0.02240	0.01426	0.01636	0.02730	0.09775	0.03626	0.13373	0.10461	0.06500	0.02668	0.01414	0.00458	0.00905	0.33635	0.01051	0.01111
21	0.03916	0.03705	0.03093	0.02573	0.03300	0.22208	0.02035	0.28321	0.11212	0.05068	0.02550	0.02596	0.01906	0.01268	0.01056	0.00317	0.01421	0.00919	0.00908	0.01629

[dist]
# distance from previous block
# <min> <max>
0	1

[block]
# block no. 8 follows, 12 sequences, length 8
# corresponding to MSA columns:
# 452-459
name=unknown_I
#
# <colnr> <probs for GDERKNQSTAVLIFYWHMCP>
#	G	D	E	R	K	N	Q	S	T	A	V	L	I	F	Y	W	H	M	C	P
0	0.41309	0.02868	0.13665	0.01926	0.02821	0.02385	0.01899	0.03732	0.06388	0.10702	0.02196	0.02315	0.01589	0.01097	0.00841	0.00342	0.01023	0.00753	0.00746	0.01402
1	0.03265	0.15902	0.03452	0.02217	0.03013	0.09023	0.01846	0.17916	0.16427	0.04469	0.02670	0.02694	0.02063	0.01191	0.00964	0.00293	0.01140	0.00889	0.00848	0.09718
2	0.02184	0.01266	0.01604	0.01432	0.01835	0.01124	0.01104	0.02627	0.02962	0.14719	0.34467	0.07735	0.18345	0.02162	0.01247	0.00347	0.00609	0.01862	0.01190	0.01177
3	0.02045	0.01859	0.03054	0.38368	0.13556	0.02144	0.02641	0.02714	0.02425	0.03252	0.13383	0.04018	0.03424	0.01320	0.01131	0.00353	0.01224	0.01188	0.00649	0.01251
4	0.18063	0.02283	0.02682	0.02661	0.10740	0.02403	0.01844	0.14252	0.08449	0.17538	0.02956	0.02957	0.02110	0.01218	0.00982	0.00332	0.00992	0.00952	0.04962	0.01624
5	0.16810	0.01523	0.01724	0.01512	0.02024	0.01491	0.01190	0.03391	0.02569	0.20844	0.11493	0.10275	0.04067	0.01623	0.01002	0.00333	0.00728	0.01327	0.14765	0.01310
6	0.03807	0.02386	0.02729	0.02167	0.02916	0.02509	0.01763	0.26902	0.10112	0.19024	0.10421	0.03844	0.03420	0.01467	0.01122	0.00337	0.00993	0.01179	0.01176	0.01725
7	0.01754	0.01280	0.01510	0.01471	0.01609	0.01380	0.00979	0.02316	0.09564	0.02584	0.03478	0.06038	0.03595	0.40689	0.16169	0.01102	0.01434	0.01440	0.00713	0.00894

[dist]
# distance from previous block
# <min> <max>
0	6

[block]
# block no. 9 follows, 12 sequences, length 18
# corresponding to MSA columns:
# 466-483
name=unknown_J
#
# <colnr> <probs for GDERKNQSTAVLIFYWHMCP>
#	G	D	E	R	K	N	Q	S	T	A	V	L	I	F	Y	W	H	M	C	P
0	0.01414	0.01087	0.01328	0.01429	0.01658	0.00952	0.00997	0.01654	0.02200	0.02901	0.06798	0.42922	0.17927	0.02994	0.01308	0.00396	0.00631	0.02659	0.00975	0.07771
1	0.01715	0.01295	0.01537	0.01568	0.01808	0.01326	0.01138	0.02419	0.11707	0.02999	0.05787	0.20227	0.14938	0.09859	0.06494	0.07504	0.00943	0.04835	0.00902	0.01000
2	0.10724	0.01958	0.02044	0.01872	0.02370	0.02183	0.01441	0.10418	0.23300	0.04480	0.04064	0.15793	0.03633	0.01790	0.01074	0.00362	0.00816	0.01495	0.08769	0.01414
3	0.09424	0.02167	0.02506	0.02015	0.02748	0.02221	0.01637	0.16835	0.10368	0.25272	0.09788	0.03855	0.03368	0.01436	0.01084	0.00340	0.00932	0.01150	0.01174	0.01679
4	0.53703	0.02108	0.01816	0.01589	0.02276	0.02381	0.01297	0.03768	0.08275	0.10743	0.02200	0.02279	0.01621	0.01109	0.00777	0.00341	0.00856	0.00728	0.00807	0.01326
5	0.30612	0.17947	0.03138	0.01836	0.02639	0.03035	0.01599	0.13770	0.02798	0.10604	0.02077	0.02172	0.01558	0.01094	0.00819	0.00308	0.01014	0.00731	0.00788	0.01460
6	0.02915	0.62337	0.05714	0.01866	0.02799	0.04314	0.01866	0.03265	0.02215	0.02565	0.01516	0.01749	0.01399	0.00933	0.00700	0.00233	0.01166	0.00583	0.00466	0.01399
7	0.69383	0.02109	0.01603	0.01434	0.02109	0.02446	0.01181	0.03205	0.01856	0.04892	0.01518	0.01771	0.01181	0.01012	0.00675	0.00337	0.00843	0.00590	0.00675	0.01181
8	0.02441	0.01768	0.02490	0.02870	0.14180	0.01798	0.01801	0.03172	0.08117	0.11281	0.16080	0.12066	0.09147	0.01898	0.01375	0.00365	0.05188	0.01625	0.00969	0.01371
9	0.01450	0.01078	0.01351	0.01351	0.01589	0.00979	0.00987	0.01852	0.02765	0.03772	0.36074	0.19536	0.18044	0.02576	0.01308	0.00368	0.00546	0.02268	0.01126	0.00979
10	0.01809	0.01442	0.02049	0.01935	0.02090	0.01797	0.01540	0.02176	0.01793	0.02726	0.02636	0.03805	0.02424	0.05901	0.38126	0.01279	0.16225	0.01100	0.08118	0.01031
11	0.01901	0.01322	0.01476	0.01438	0.01753	0.01357	0.01074	0.02899	0.13325	0.03973	0.16870	0.13708	0.09409	0.01970	0.01094	0.00336	0.00607	0.01692	0.22650	0.01145
12	0.01894	0.00947	0.01420	0.01420	0.01420	0.00947	0.00947	0.01420	0.01420	0.01894	0.01894	0.03314	0.01894	0.03788	0.04261	0.68277	0.00947	0.00947	0.00473	0.00473
13	0.02915	0.62337	0.05714	0.01866	0.02799	0.04314	0.01866	0.03265	0.02215	0.02565	0.01516	0.01749	0.01399	0.00933	0.00700	0.00233	0.01166	0.00583	0.00466	0.01399
14	0.01460	0.01045	0.01403	0.01574	0.01719	0.00989	0.01155	0.01785	0.02405	0.03252	0.17507	0.39279	0.07772	0.03057	0.01388	0.00430	0.00674	0.11108	0.01056	0.00942
15	0.02059	0.01938	0.03270	0.59060	0.07510	0.02422	0.03028	0.02786	0.02180	0.02786	0.01938	0.02907	0.01453	0.01090	0.01090	0.00363	0.01453	0.00969	0.00484	0.01211
16	0.02671	0.02564	0.02925	0.02943	0.08863	0.09850	0.05843	0.04345	0.25115	0.03814	0.03917	0.05388	0.03415	0.01674	0.01192	0.00382	0.01171	0.11545	0.00903	0.01480
17	0.02275	0.02348	0.04635	0.26214	0.06040	0.02454	0.26119	0.03069	0.02408	0.03182	0.02500	0.03981	0.02094	0.01224	0.01232	0.00381	0.01590	0.06366	0.00575	0.01314

[dist]
# distance from previous block
# <min> <max>
0	1

[block]
# block no. 10 follows, 12 sequences, length 11
# corresponding to MSA columns:
# 485-495
name=unknown_K
#
# <colnr> <probs for GDERKNQSTAVLIFYWHMCP>
#	G	D	E	R	K	N	Q	S	T	A	V	L	I	F	Y	W	H	M	C	P
0	0.02256	0.02044	0.03271	0.53714	0.07119	0.02513	0.02938	0.07367	0.02459	0.03172	0.02002	0.02880	0.01491	0.01111	0.01090	0.00360	0.01430	0.00970	0.00542	0.01272
1	0.02033	0.01016	0.01016	0.01016	0.01270	0.01016	0.00762	0.02541	0.02287	0.04065	0.03557	0.04065	0.02795	0.01270	0.00762	0.00254	0.00508	0.01016	0.67734	0.01016
2	0.01966	0.01377	0.01992	0.15984	0.03308	0.01431	0.01703	0.02416	0.02438	0.08299	0.10378	0.20995	0.09955	0.02364	0.01288	0.00406	0.00919	0.10745	0.00932	0.01104
3	0.08154	0.09399	0.14092	0.08477	0.08366	0.02443	0.07996	0.05772	0.02486	0.08435	0.02794	0.11635	0.02492	0.01423	0.01071	0.00348	0.01243	0.01243	0.00702	0.01430
4	0.02505	0.02174	0.03840	0.18777	0.19651	0.02230	0.11722	0.03183	0.02577	0.08027	0.10986	0.03799	0.03158	0.01236	0.01158	0.00347	0.01277	0.01209	0.00709	0.01437
5	0.02534	0.01537	0.02128	0.02226	0.07807	0.01548	0.01507	0.02852	0.02248	0.15436	0.04204	0.05825	0.08046	0.17791	0.11439	0.00768	0.04867	0.05181	0.00852	0.01201
6	0.09653	0.01938	0.02614	0.02097	0.02746	0.01924	0.07120	0.08918	0.07488	0.18068	0.19915	0.04787	0.04865	0.01560	0.01139	0.00344	0.00914	0.01353	0.01093	0.01463
7	0.15405	0.37895	0.04117	0.01754	0.02534	0.03300	0.01616	0.03279	0.02230	0.08655	0.02305	0.08463	0.02134	0.01265	0.00813	0.00287	0.01022	0.00915	0.00659	0.01350
8	0.02049	0.03314	0.26816	0.02204	0.03067	0.01879	0.02400	0.05961	0.02426	0.03528	0.08513	0.09140	0.03502	0.12776	0.01921	0.00478	0.01182	0.01310	0.06260	0.01273
9	0.43682	0.19873	0.02968	0.01663	0.02432	0.03083	0.01466	0.07784	0.02272	0.04397	0.01622	0.01845	0.01309	0.01017	0.00722	0.00306	0.00972	0.00625	0.00653	0.01309
10	0.10583	0.08353	0.02886	0.02158	0.02836	0.15827	0.01747	0.22512	0.03558	0.04806	0.02340	0.02540	0.01794	0.01194	0.00931	0.00297	0.01225	0.00844	0.12109	0.01461

[dist]
# distance from previous block
# <min> <max>
1	4

[block]
# block no. 11 follows, 12 sequences, length 7
# corresponding to MSA columns:
# 500-506
name=unknown_L
#
# <colnr> <probs for GDERKNQSTAVLIFYWHMCP>
#	G	D	E	R	K	N	Q	S	T	A	V	L	I	F	Y	W	H	M	C	P
0	0.03138	0.02167	0.02728	0.02794	0.11189	0.02274	0.01895	0.08920	0.22503	0.15481	0.11036	0.04223	0.03800	0.01461	0.01126	0.00348	0.00928	0.01245	0.01079	0.01665
1	0.03714	0.02480	0.03220	0.02459	0.03259	0.02572	0.08807	0.27796	0.03919	0.15085	0.03028	0.03106	0.02138	0.01254	0.01066	0.00323	0.01128	0.01053	0.11931	0.01663
2	0.01397	0.01055	0.01309	0.01484	0.01676	0.00966	0.01097	0.01673	0.02290	0.02924	0.07512	0.36253	0.21539	0.03138	0.01382	0.00431	0.00678	0.11266	0.01011	0.00919
3	0.03874	0.02040	0.02177	0.01789	0.02423	0.07515	0.01431	0.07572	0.03002	0.30710	0.03675	0.03556	0.02531	0.01298	0.00981	0.00305	0.00929	0.01022	0.21636	0.01534
4	0.02164	0.01350	0.01621	0.01582	0.01874	0.01375	0.01175	0.09229	0.02606	0.06981	0.04448	0.28161	0.04532	0.02937	0.07163	0.00511	0.00946	0.01922	0.18295	0.01129
5	0.04010	0.02779	0.03042	0.02386	0.03213	0.03036	0.01954	0.37734	0.12653	0.12968	0.03138	0.02999	0.02207	0.01342	0.01095	0.00336	0.01109	0.01038	0.01128	0.01834
6	0.03075	0.02094	0.02598	0.06510	0.03147	0.01929	0.01666	0.09739	0.02788	0.15224	0.02514	0.02684	0.01859	0.01078	0.01091	0.00256	0.04337	0.00833	0.00836	0.35743

[dist]
# distance from previous block
# <min> <max>
0	2

[block]
# block no. 12 follows, 12 sequences, length 9
# corresponding to MSA columns:
# 509-517
name=unknown_M
#
# <colnr> <probs for GDERKNQSTAVLIFYWHMCP>
#	G	D	E	R	K	N	Q	S	T	A	V	L	I	F	Y	W	H	M	C	P
0	0.09026	0.07983	0.09006	0.13817	0.15046	0.02732	0.02553	0.09035	0.09499	0.07325	0.02456	0.02768	0.01854	0.01132	0.01012	0.00334	0.01212	0.00929	0.00718	0.01561
1	0.02165	0.02121	0.03061	0.02950	0.08369	0.07713	0.11322	0.02543	0.02217	0.02899	0.03388	0.22255	0.03595	0.02817	0.07668	0.04531	0.06815	0.01732	0.00697	0.01143
2	0.01407	0.01055	0.01254	0.01319	0.01500	0.00982	0.00910	0.01636	0.02198	0.02852	0.12039	0.23907	0.21940	0.15112	0.06336	0.00628	0.00849	0.02273	0.00930	0.00874
3	0.03771	0.01610	0.02083	0.01682	0.02333	0.01399	0.01337	0.04116	0.02820	0.38679	0.05639	0.05520	0.13812	0.08161	0.01618	0.00422	0.00862	0.01405	0.01204	0.01528
4	0.02863	0.02039	0.02294	0.02019	0.02609	0.02223	0.01579	0.05039	0.35624	0.13020	0.13429	0.04746	0.04482	0.01593	0.01139	0.00360	0.00811	0.01344	0.01166	0.01621
5	0.60638	0.02074	0.01728	0.01502	0.02200	0.02332	0.01238	0.03491	0.02027	0.11773	0.01896	0.02034	0.01387	0.01058	0.00732	0.00337	0.00855	0.00659	0.00766	0.01272
6	0.10413	0.07656	0.03345	0.10056	0.03739	0.02702	0.07092	0.19774	0.03299	0.10394	0.02815	0.08849	0.02330	0.01401	0.01065	0.00343	0.01170	0.01173	0.00872	0.01511
7	0.13798	0.14232	0.03050	0.02384	0.09121	0.06116	0.01721	0.10061	0.02788	0.06674	0.04228	0.04251	0.14459	0.01486	0.00985	0.00317	0.01024	0.01146	0.00788	0.01371
8	0.03497	0.14409	0.03392	0.02279	0.03020	0.08788	0.01926	0.22689	0.08267	0.08507	0.03026	0.03908	0.02517	0.01466	0.01062	0.00332	0.01196	0.07220	0.00923	0.01576

[dist]
# distance from previous block
# <min> <max>
2	43

[block]
# block no. 13 follows, 12 sequences, length 90
# corresponding to MSA columns:
# 561-650
name=unknown_N
#
# <colnr> <probs for GDERKNQSTAVLIFYWHMCP>
#	G	D	E	R	K	N	Q	S	T	A	V	L	I	F	Y	W	H	M	C	P
0	0.02476	0.08999	0.02793	0.09250	0.10241	0.02034	0.01866	0.03188	0.06883	0.09968	0.10217	0.08606	0.07066	0.01705	0.01118	0.00348	0.00953	0.05786	0.05165	0.01338
1	0.11043	0.02733	0.10312	0.12041	0.08329	0.02488	0.02388	0.12368	0.08917	0.10817	0.02854	0.03432	0.02183	0.01300	0.01060	0.00354	0.01178	0.03814	0.00833	0.01554
2	0.10468	0.01913	0.03079	0.12733	0.03858	0.01911	0.13424	0.02693	0.02395	0.03606	0.11972	0.11805	0.03893	0.01535	0.01126	0.00342	0.01100	0.01436	0.00749	0.09961
3	0.03140	0.07507	0.03460	0.03593	0.20591	0.02505	0.02232	0.14711	0.03235	0.10857	0.09765	0.03460	0.03047	0.01261	0.01062	0.00310	0.01072	0.01074	0.00865	0.06253
4	0.02665	0.02005	0.02657	0.07803	0.09393	0.01705	0.01751	0.03183	0.02401	0.10810	0.02284	0.02580	0.01766	0.00931	0.00908	0.00225	0.00945	0.00780	0.00717	0.44491
5	0.12273	0.01540	0.01917	0.05589	0.02499	0.01490	0.01376	0.03283	0.02568	0.22517	0.09557	0.18310	0.08687	0.01993	0.01143	0.00368	0.00808	0.01691	0.01069	0.01320
6	0.02525	0.03040	0.11102	0.22899	0.23571	0.07846	0.03151	0.03223	0.02359	0.03139	0.01922	0.02620	0.01536	0.01099	0.01240	0.00346	0.05494	0.00920	0.00508	0.01458
7	0.03018	0.03182	0.13072	0.09905	0.11253	0.02853	0.02655	0.19993	0.14212	0.04782	0.02728	0.02919	0.02019	0.01221	0.01083	0.00344	0.01247	0.01000	0.00828	0.01687
8	0.01593	0.01130	0.01298	0.01287	0.01612	0.00982	0.00953	0.01908	0.02570	0.06826	0.17763	0.18694	0.34078	0.02682	0.01293	0.00375	0.00586	0.02300	0.01071	0.00999
9	0.02275	0.01686	0.02019	0.01980	0.02350	0.01778	0.01573	0.14106	0.07844	0.04089	0.04968	0.25962	0.05253	0.02595	0.01329	0.00427	0.00909	0.16582	0.01038	0.01237
10	0.04100	0.04381	0.03159	0.02695	0.03375	0.36767	0.02094	0.22212	0.03866	0.04269	0.02041	0.02214	0.01576	0.01194	0.01024	0.00299	0.01674	0.00809	0.00763	0.01489
11	0.01359	0.00962	0.01256	0.01479	0.01534	0.00906	0.00970	0.01526	0.02027	0.02703	0.05699	0.54477	0.06820	0.10443	0.01893	0.00517	0.00684	0.02917	0.00970	0.00858
12	0.02711	0.02309	0.02867	0.09718	0.10733	0.02600	0.02155	0.10178	0.29132	0.04358	0.03711	0.04354	0.02984	0.01488	0.01139	0.00370	0.01049	0.05592	0.00942	0.01610
13	0.02914	0.02442	0.02579	0.02260	0.02912	0.02806	0.01775	0.12190	0.46184	0.04886	0.04182	0.03864	0.03121	0.01455	0.01107	0.00364	0.00910	0.01197	0.01107	0.01744
14	0.02812	0.06895	0.12634	0.09200	0.03734	0.05982	0.02320	0.15116	0.12841	0.04430	0.09912	0.03557	0.03133	0.01360	0.01080	0.00336	0.01189	0.01093	0.00850	0.01527
15	0.01463	0.01111	0.01346	0.01287	0.01580	0.00995	0.00966	0.01902	0.02897	0.03922	0.40663	0.08885	0.24210	0.02397	0.01287	0.00351	0.00526	0.02076	0.01141	0.00995
16	0.02866	0.47931	0.04934	0.01950	0.02807	0.03930	0.01832	0.03872	0.14388	0.03045	0.02217	0.02306	0.01862	0.01064	0.00798	0.00266	0.01093	0.00739	0.00621	0.01478
17	0.12894	0.03065	0.02757	0.02326	0.03027	0.12829	0.01869	0.24336	0.13026	0.05166	0.02833	0.03268	0.02234	0.01374	0.01043	0.00339	0.01214	0.03894	0.00934	0.01574
18	0.01355	0.00987	0.01277	0.01458	0.01578	0.00909	0.00997	0.01599	0.02266	0.03023	0.13291	0.48676	0.12191	0.03186	0.01367	0.00422	0.00608	0.02864	0.01039	0.00909
19	0.03733	0.02633	0.02759	0.05663	0.03208	0.09021	0.01853	0.20596	0.08544	0.17804	0.09540	0.03663	0.03186	0.01415	0.01105	0.00332	0.01121	0.01124	0.01071	0.01629
20	0.01882	0.01318	0.01550	0.01448	0.01611	0.01374	0.00973	0.07628	0.02213	0.03014	0.09400	0.06316	0.04300	0.39766	0.11794	0.00982	0.01271	0.01501	0.00766	0.00892
21	0.03826	0.17979	0.03800	0.02451	0.03238	0.20984	0.02034	0.24611	0.03771	0.04483	0.02053	0.02199	0.01600	0.01159	0.00962	0.00290	0.01439	0.00796	0.00770	0.01555
22	0.02654	0.02137	0.02319	0.01822	0.02521	0.06458	0.01455	0.03087	0.02345	0.08446	0.02308	0.02645	0.01844	0.01090	0.01192	0.00241	0.08271	0.00785	0.10127	0.38253
23	0.12103	0.39411	0.04557	0.08822	0.03277	0.03707	0.01972	0.03122	0.02095	0.02926	0.01557	0.01968	0.01379	0.01080	0.01087	0.00293	0.08149	0.00675	0.00499	0.01321
24	0.35912	0.02102	0.02070	0.01721	0.02435	0.02259	0.01409	0.09854	0.05487	0.18681	0.02696	0.02673	0.01896	0.01182	0.00870	0.00333	0.00890	0.00838	0.05228	0.01466
