[name]
unknown

[dist]
# distance from previous block
# <min> <max>
0	89

[block]
# block no. 0 follows, 15 sequences, length 12
# corresponding to MSA columns:
# 98-109
name=unknown_A
#
# <colnr> <probs for GDERKNQSTAVLIFYWHMCP>
#	G	D	E	R	K	N	Q	S	T	A	V	L	I	F	Y	W	H	M	C	P
0	0.01848	0.01521	0.01687	0.01557	0.01958	0.01613	0.01193	0.03332	0.27004	0.03837	0.25135	0.06166	0.15486	0.01819	0.01104	0.00329	0.00620	0.01555	0.01029	0.01208
1	0.01680	0.01246	0.01699	0.01889	0.07746	0.01370	0.01202	0.01935	0.01689	0.02502	0.02732	0.04541	0.02719	0.26487	0.19531	0.00913	0.06668	0.01151	0.11418	0.00883
2	0.01887	0.01124	0.01485	0.01335	0.01653	0.01022	0.01022	0.02344	0.02827	0.12611	0.49786	0.06817	0.08328	0.01913	0.01149	0.00313	0.00529	0.01679	0.01119	0.01058
3	0.01933	0.01860	0.02641	0.11636	0.03030	0.02464	0.01999	0.02228	0.01706	0.02459	0.02650	0.06696	0.07925	0.02072	0.05391	0.00464	0.40150	0.01131	0.00524	0.01040
4	0.03782	0.03028	0.02972	0.02327	0.03090	0.10056	0.01899	0.49232	0.04463	0.05820	0.02291	0.02322	0.01646	0.01176	0.00985	0.00294	0.01181	0.00867	0.00939	0.01630
5	0.01288	0.00992	0.01177	0.01178	0.01426	0.00881	0.00865	0.01625	0.02461	0.03253	0.30874	0.17137	0.28448	0.02400	0.01192	0.00337	0.00501	0.02083	0.01002	0.00881
6	0.03052	0.02148	0.05788	0.11843	0.09431	0.07140	0.02040	0.03551	0.02496	0.24398	0.03305	0.04568	0.02687	0.01436	0.01064	0.00337	0.01097	0.11396	0.00852	0.01370
7	0.01971	0.01587	0.01741	0.01632	0.01963	0.01752	0.01188	0.03535	0.31053	0.03419	0.10455	0.10053	0.04264	0.18445	0.02132	0.00507	0.00780	0.01439	0.00908	0.01178
8	0.67326	0.01912	0.01524	0.01343	0.01971	0.02183	0.01106	0.03064	0.01777	0.08283	0.01564	0.01742	0.01176	0.00947	0.00644	0.00308	0.00777	0.00572	0.00660	0.01122
9	0.11248	0.02645	0.13387	0.09045	0.06932	0.02215	0.04373	0.12715	0.05788	0.14857	0.02588	0.05535	0.01948	0.01170	0.00964	0.00317	0.01092	0.00961	0.00775	0.01444
10	0.26827	0.02825	0.02379	0.01991	0.02652	0.14006	0.01597	0.23362	0.07721	0.04742	0.02027	0.02127	0.01520	0.01085	0.00850	0.00297	0.01097	0.00746	0.00776	0.01371
11	0.02646	0.02996	0.23040	0.02082	0.03063	0.01851	0.02180	0.08888	0.02497	0.14853	0.02802	0.02909	0.05177	0.01232	0.01104	0.04309	0.01059	0.00871	0.00716	0.15724

[dist]
# distance from previous block
# <min> <max>
0	2

[block]
# block no. 1 follows, 15 sequences, length 17
# corresponding to MSA columns:
# 112-128
name=unknown_B
#
# <colnr> <probs for GDERKNQSTAVLIFYWHMCP>
#	G	D	E	R	K	N	Q	S	T	A	V	L	I	F	Y	W	H	M	C	P
0	0.02440	0.01444	0.01895	0.06373	0.02405	0.01463	0.01416	0.08916	0.02496	0.15833	0.06565	0.13128	0.03955	0.11032	0.05791	0.00531	0.01017	0.11255	0.00902	0.01143
1	0.06337	0.02293	0.07576	0.11179	0.07345	0.05082	0.02010	0.06008	0.07402	0.20858	0.02910	0.07400	0.02249	0.01309	0.01148	0.00327	0.05297	0.01047	0.00817	0.01405
2	0.02665	0.65565	0.05224	0.01706	0.02559	0.03945	0.01706	0.02985	0.02026	0.02345	0.01386	0.01599	0.01279	0.00853	0.00640	0.00213	0.01066	0.00533	0.00426	0.01279
3	0.01853	0.01312	0.01600	0.06102	0.02093	0.01323	0.01148	0.02606	0.11344	0.08242	0.22795	0.06387	0.15747	0.11083	0.01691	0.00419	0.00702	0.01557	0.00940	0.01056
4	0.01639	0.01237	0.04367	0.01487	0.01753	0.01037	0.01191	0.01866	0.02004	0.06794	0.05291	0.24201	0.15119	0.03129	0.06863	0.10430	0.00903	0.08986	0.00818	0.00886
5	0.03518	0.02663	0.02996	0.07623	0.03393	0.03012	0.01990	0.47354	0.04247	0.05704	0.02269	0.02403	0.01638	0.01214	0.01144	0.00311	0.05109	0.00895	0.00912	0.01605
6	0.40854	0.02271	0.02104	0.01738	0.02419	0.02579	0.01426	0.22983	0.07063	0.05135	0.01973	0.02073	0.01463	0.01061	0.00791	0.00307	0.00896	0.00720	0.00791	0.01351
7	0.01436	0.01020	0.01359	0.01359	0.01453	0.01114	0.00943	0.01624	0.01530	0.02134	0.02892	0.05146	0.03026	0.34586	0.34636	0.01302	0.01867	0.01248	0.00567	0.00755
8	0.01534	0.01073	0.01279	0.01270	0.01409	0.01076	0.00869	0.01822	0.06033	0.02464	0.09015	0.06555	0.11933	0.29825	0.06352	0.10182	0.00913	0.04918	0.00721	0.00757
9	0.72007	0.01928	0.01465	0.01311	0.01928	0.02236	0.01080	0.02930	0.01697	0.04473	0.01388	0.01619	0.01080	0.00925	0.00617	0.00308	0.00771	0.00540	0.00617	0.01080
10	0.03050	0.43796	0.04406	0.01964	0.02745	0.14322	0.01778	0.11980	0.02620	0.03024	0.01584	0.01769	0.01350	0.00943	0.00748	0.00236	0.01206	0.00614	0.00538	0.01326
11	0.02094	0.01170	0.01551	0.01370	0.01725	0.01058	0.01058	0.02545	0.02829	0.16365	0.46110	0.06542	0.07858	0.01859	0.01137	0.00312	0.00555	0.01624	0.01128	0.01109
12	0.03230	0.13459	0.02936	0.02220	0.02710	0.43493	0.01699	0.03458	0.02502	0.02351	0.01752	0.02460	0.01626	0.10364	0.01471	0.00354	0.01565	0.00744	0.00514	0.01094
13	0.03735	0.24386	0.03439	0.01826	0.02630	0.02578	0.01613	0.11602	0.02830	0.31515	0.02809	0.02614	0.01935	0.01094	0.00874	0.00274	0.00962	0.00822	0.00914	0.01549
14	0.02186	0.02422	0.05190	0.03790	0.04659	0.02270	0.47189	0.02929	0.02288	0.03098	0.02526	0.11713	0.02257	0.01175	0.01191	0.00346	0.01519	0.01419	0.00566	0.01266
15	0.01632	0.01068	0.01403	0.01292	0.01566	0.00979	0.00979	0.02096	0.02824	0.08004	0.54297	0.07154	0.08905	0.01980	0.01163	0.00313	0.00498	0.01745	0.01107	0.00995
16	0.08770	0.02442	0.11605	0.07240	0.11376	0.01970	0.02148	0.07789	0.02633	0.29802	0.02818	0.02787	0.01896	0.01094	0.00961	0.00309	0.01045	0.00892	0.00872	0.01551

[dist]
# distance from previous block
# <min> <max>
0	1

[block]
# block no. 2 follows, 15 sequences, length 12
# corresponding to MSA columns:
# 130-141
name=unknown_C
#
# <colnr> <probs for GDERKNQSTAVLIFYWHMCP>
#	G	D	E	R	K	N	Q	S	T	A	V	L	I	F	Y	W	H	M	C	P
0	0.02865	0.01886	0.02830	0.10434	0.03355	0.01920	0.10125	0.10991	0.02647	0.19392	0.03496	0.06537	0.06965	0.07478	0.01546	0.00390	0.03775	0.01210	0.00839	0.01317
1	0.09117	0.01466	0.02095	0.01715	0.02212	0.01375	0.06918	0.02915	0.02672	0.18709	0.32267	0.05296	0.05911	0.01588	0.01076	0.00314	0.00730	0.01401	0.01024	0.01199
2	0.01858	0.00929	0.00929	0.00929	0.01161	0.00929	0.00697	0.02323	0.02091	0.03717	0.03252	0.03717	0.02555	0.01161	0.00697	0.00232	0.00465	0.00929	0.70499	0.00929
3	0.08786	0.22221	0.20714	0.02065	0.03064	0.02620	0.02204	0.06040	0.02365	0.17758	0.02218	0.02258	0.01586	0.01003	0.00843	0.00281	0.01111	0.00735	0.00677	0.01450
4	0.02653	0.02669	0.11164	0.06683	0.04219	0.02296	0.25657	0.03858	0.13678	0.12547	0.02709	0.02942	0.01943	0.01033	0.01075	0.00329	0.01313	0.01065	0.00715	0.01452
5	0.01257	0.00915	0.01195	0.01403	0.01509	0.00853	0.00989	0.01472	0.01990	0.02611	0.05927	0.52623	0.11637	0.03020	0.01275	0.00404	0.00611	0.08557	0.00925	0.00826
6	0.02649	0.01723	0.02579	0.33597	0.04714	0.01911	0.02116	0.07442	0.02438	0.18042	0.02869	0.10596	0.02326	0.01344	0.01033	0.00332	0.01087	0.01163	0.00761	0.01276
7	0.08380	0.02579	0.02452	0.02310	0.07263	0.18005	0.01664	0.06628	0.02712	0.26311	0.03012	0.09249	0.02374	0.01328	0.00975	0.00303	0.01117	0.01053	0.00885	0.01400
8	0.02093	0.15792	0.02506	0.01704	0.02093	0.01961	0.01432	0.02529	0.05008	0.08146	0.04360	0.18620	0.09478	0.02063	0.01300	0.00356	0.07006	0.11662	0.00797	0.01094
9	0.02525	0.09658	0.06233	0.02347	0.08177	0.02097	0.05396	0.03455	0.12033	0.09339	0.02397	0.02535	0.01841	0.00949	0.00871	0.00244	0.00948	0.00802	0.00691	0.27465
10	0.02325	0.04056	0.39734	0.09317	0.04500	0.02232	0.10181	0.03297	0.02214	0.09726	0.02070	0.02394	0.01445	0.00972	0.00990	0.00319	0.01412	0.00843	0.00530	0.01443
11	0.01309	0.01307	0.06773	0.01453	0.01674	0.00974	0.01139	0.01569	0.01925	0.02560	0.05447	0.46140	0.11881	0.08992	0.01608	0.00444	0.00694	0.02409	0.00845	0.00857

[dist]
# distance from previous block
# <min> <max>
0	17

[block]
# block no. 3 follows, 15 sequences, length 26
# corresponding to MSA columns:
# 159-184
name=unknown_D
#
# <colnr> <probs for GDERKNQSTAVLIFYWHMCP>
#	G	D	E	R	K	N	Q	S	T	A	V	L	I	F	Y	W	H	M	C	P
0	0.03282	0.02187	0.03556	0.06433	0.22039	0.02124	0.10618	0.08685	0.02713	0.24057	0.02695	0.02843	0.01893	0.01041	0.01024	0.00309	0.01138	0.00977	0.00812	0.01574
1	0.37212	0.08194	0.02181	0.07589	0.02568	0.08394	0.01432	0.02825	0.02033	0.03688	0.09852	0.02631	0.02390	0.01143	0.00906	0.00304	0.04150	0.00788	0.00632	0.01089
2	0.54906	0.02491	0.10253	0.01635	0.02396	0.02332	0.01546	0.08147	0.02052	0.04457	0.01547	0.01768	0.01168	0.00955	0.00703	0.00309	0.00907	0.00604	0.00625	0.01199
3	0.01586	0.01196	0.01538	0.01497	0.01691	0.01326	0.01098	0.02225	0.09877	0.02656	0.08484	0.04915	0.03551	0.21011	0.31648	0.01122	0.01731	0.01249	0.00679	0.00922
4	0.02497	0.02813	0.02196	0.01997	0.02331	0.27243	0.01531	0.02803	0.02542	0.02884	0.17788	0.04508	0.11888	0.01627	0.01379	0.00311	0.10701	0.01201	0.00717	0.01042
5	0.03688	0.01507	0.02045	0.01665	0.02278	0.01316	0.01333	0.04051	0.02710	0.45539	0.09525	0.12813	0.03764	0.01593	0.01060	0.00323	0.00771	0.01353	0.01175	0.01491
6	0.01308	0.00985	0.01210	0.01217	0.01442	0.00887	0.00889	0.01658	0.02484	0.03345	0.34330	0.19988	0.21822	0.02396	0.01197	0.00339	0.00502	0.02100	0.01016	0.00887
7	0.72007	0.01928	0.01465	0.01311	0.01928	0.02236	0.01080	0.02930	0.01697	0.04473	0.01388	0.01619	0.01080	0.00925	0.00617	0.00308	0.00771	0.00540	0.00617	0.01080
8	0.01420	0.00964	0.01086	0.01098	0.01123	0.00950	0.00631	0.01445	0.01525	0.02013	0.03701	0.09790	0.07199	0.57777	0.04629	0.00897	0.00917	0.01564	0.00641	0.00630
9	0.03790	0.02792	0.02992	0.02294	0.03091	0.03091	0.01895	0.55423	0.04687	0.06283	0.02393	0.02393	0.01695	0.01197	0.00997	0.00299	0.01097	0.00898	0.00997	0.01695
10	0.02353	0.02689	0.05882	0.04202	0.05210	0.02521	0.55126	0.03193	0.02353	0.03193	0.02017	0.02689	0.01513	0.00840	0.01176	0.00336	0.01681	0.01176	0.00504	0.01345
11	0.72007	0.01928	0.01465	0.01311	0.01928	0.02236	0.01080	0.02930	0.01697	0.04473	0.01388	0.01619	0.01080	0.00925	0.00617	0.00308	0.00771	0.00540	0.00617	0.01080
12	0.64869	0.02018	0.01625	0.01414	0.02050	0.02326	0.01165	0.08423	0.02009	0.04662	0.01493	0.01700	0.01144	0.00954	0.00657	0.00307	0.00805	0.00577	0.00657	0.01144
13	0.01973	0.02057	0.04211	0.03171	0.03864	0.01926	0.35659	0.02618	0.02329	0.03175	0.11073	0.16406	0.03754	0.01500	0.01197	0.00347	0.01269	0.01619	0.00681	0.01172
14	0.01425	0.00956	0.01095	0.01119	0.01125	0.00950	0.00638	0.01443	0.01499	0.01998	0.03392	0.12679	0.03941	0.58378	0.04669	0.00907	0.00925	0.01597	0.00638	0.00626
15	0.01770	0.01060	0.01401	0.01493	0.01720	0.00976	0.01121	0.02039	0.02162	0.11070	0.05703	0.39177	0.11230	0.02709	0.01243	0.00394	0.00677	0.12120	0.00970	0.00966
16	0.01883	0.01772	0.02990	0.62569	0.06866	0.02215	0.02769	0.02547	0.01993	0.02547	0.01772	0.02658	0.01329	0.00997	0.00997	0.00332	0.01329	0.00886	0.00443	0.01107
17	0.11666	0.01721	0.02223	0.01724	0.02479	0.01547	0.01424	0.04653	0.02730	0.53583	0.03662	0.03204	0.02320	0.01201	0.00961	0.00308	0.00840	0.00953	0.01168	0.01631
18	0.01709	0.01069	0.01430	0.01430	0.01674	0.00992	0.01090	0.02092	0.02509	0.09270	0.30966	0.22399	0.07404	0.02343	0.01213	0.00358	0.00604	0.09425	0.01040	0.00982
19	0.02633	0.01373	0.01759	0.01530	0.01987	0.01278	0.01192	0.03274	0.08370	0.24507	0.24047	0.11715	0.08496	0.01808	0.01105	0.00325	0.00658	0.01559	0.01112	0.01270
20	0.02158	0.04049	0.35600	0.03452	0.04717	0.02408	0.26772	0.03173	0.02216	0.03173	0.01891	0.02367	0.01375	0.00899	0.01050	0.00325	0.01566	0.00934	0.00458	0.01416
21	0.01971	0.01827	0.02881	0.53606	0.06233	0.02254	0.02592	0.02954	0.10130	0.02787	0.02110	0.02815	0.01583	0.01049	0.00999	0.00333	0.01249	0.00922	0.00528	0.01177
22	0.01858	0.00929	0.00929	0.00929	0.01161	0.00929	0.00697	0.02323	0.02091	0.03717	0.03252	0.03717	0.02555	0.01161	0.00697	0.00232	0.00465	0.00929	0.70499	0.00929
23	0.13372	0.02724	0.12240	0.02944	0.03876	0.02277	0.25087	0.03632	0.08108	0.12289	0.02403	0.02658	0.01721	0.00985	0.01012	0.00325	0.01285	0.00981	0.00678	0.01403
24	0.09738	0.21633	0.03546	0.08117	0.02945	0.03158	0.01975	0.02651	0.01745	0.02618	0.01387	0.01989	0.01277	0.01309	0.01954	0.00344	0.31278	0.00734	0.00453	0.01149
25	0.01977	0.02963	0.22725	0.11992	0.03846	0.02078	0.05745	0.03251	0.14805	0.03213	0.03477	0.06798	0.07712	0.01387	0.01043	0.00338	0.01141	0.03532	0.00664	0.01311

[dist]
# distance from previous block
# <min> <max>
0	4

[block]
# block no. 4 follows, 15 sequences, length 16
# corresponding to MSA columns:
# 189-204
name=unknown_E
#
# <colnr> <probs for GDERKNQSTAVLIFYWHMCP>
#	G	D	E	R	K	N	Q	S	T	A	V	L	I	F	Y	W	H	M	C	P
0	0.01896	0.01167	0.01564	0.01564	0.01876	0.01096	0.01292	0.02336	0.02558	0.10978	0.24422	0.08708	0.10087	0.02276	0.01241	0.00378	0.00721	0.23787	0.01026	0.01027
1	0.02428	0.02599	0.03065	0.24570	0.08979	0.15095	0.02413	0.02847	0.02036	0.02534	0.01574	0.02295	0.01333	0.01249	0.01749	0.00348	0.22445	0.00829	0.00460	0.01152
2	0.02799	0.02070	0.02251	0.01944	0.02546	0.02286	0.01535	0.11044	0.38934	0.11653	0.04329	0.03992	0.07296	0.01413	0.01024	0.00329	0.00811	0.01162	0.01034	0.01548
3	0.01215	0.00868	0.01157	0.01388	0.01446	0.00810	0.00925	0.01388	0.01909	0.02545	0.05495	0.64315	0.06593	0.03123	0.01272	0.00405	0.00578	0.02834	0.00925	0.00810
4	0.01306	0.01015	0.01188	0.01144	0.01425	0.00896	0.00858	0.01679	0.02575	0.03411	0.36588	0.08412	0.31404	0.02257	0.01177	0.00324	0.00486	0.01938	0.01020	0.00896
5	0.02480	0.02141	0.02254	0.02029	0.02592	0.02480	0.01578	0.05297	0.56946	0.04170	0.04057	0.03719	0.03043	0.01352	0.01014	0.00338	0.00789	0.01127	0.01014	0.01578
6	0.01392	0.00986	0.01309	0.01469	0.01595	0.00951	0.01095	0.01668	0.02083	0.02783	0.11807	0.33046	0.06292	0.11090	0.01798	0.00485	0.00721	0.17697	0.00902	0.00832
7	0.72007	0.01928	0.01465	0.01311	0.01928	0.02236	0.01080	0.02930	0.01697	0.04473	0.01388	0.01619	0.01080	0.00925	0.00617	0.00308	0.00771	0.00540	0.00617	0.01080
8	0.35013	0.01973	0.02035	0.01645	0.02351	0.02070	0.01358	0.11917	0.02616	0.26154	0.02537	0.02431	0.01717	0.01088	0.00827	0.00307	0.00852	0.00776	0.00917	0.01416
9	0.02269	0.02421	0.04765	0.03404	0.04376	0.02172	0.39334	0.02993	0.02269	0.03209	0.01945	0.02507	0.01502	0.00810	0.01048	0.00281	0.01405	0.01005	0.00530	0.21753
10	0.02181	0.02181	0.03053	0.02617	0.02617	0.03053	0.02181	0.02399	0.01527	0.02399	0.01309	0.02181	0.01309	0.01745	0.03272	0.00436	0.63141	0.00872	0.00436	0.01091
11	0.02484	0.02578	0.05153	0.03757	0.04675	0.02486	0.43734	0.10044	0.02658	0.03587	0.02330	0.03340	0.01878	0.01042	0.01169	0.00341	0.01542	0.05242	0.00603	0.01357
12	0.72007	0.01928	0.01465	0.01311	0.01928	0.02236	0.01080	0.02930	0.01697	0.04473	0.01388	0.01619	0.01080	0.00925	0.00617	0.00308	0.00771	0.00540	0.00617	0.01080
13	0.01411	0.01019	0.01333	0.01254	0.01489	0.00941	0.00941	0.01881	0.02822	0.03998	0.58221	0.07447	0.09406	0.02038	0.01176	0.00314	0.00470	0.01803	0.01097	0.00941
14	0.02398	0.06510	0.02077	0.01768	0.02157	0.01511	0.01505	0.05677	0.02389	0.14046	0.04062	0.07320	0.03969	0.02306	0.01557	0.09775	0.00920	0.28094	0.00880	0.01081
15	0.03675	0.08084	0.03051	0.02748	0.10303	0.28699	0.01939	0.08340	0.02855	0.17513	0.02260	0.02332	0.01662	0.01063	0.00926	0.00276	0.01358	0.00781	0.00730	0.01406

[dist]
# distance from previous block
# <min> <max>
0	42

[block]
# block no. 5 follows, 15 sequences, length 30
# corresponding to MSA columns:
# 247-276
name=unknown_F
#
# <colnr> <probs for GDERKNQSTAVLIFYWHMCP>
#	G	D	E	R	K	N	Q	S	T	A	V	L	I	F	Y	W	H	M	C	P
0	0.02838	0.01385	0.01828	0.01619	0.02094	0.01295	0.01282	0.03315	0.05535	0.28842	0.04805	0.14515	0.09762	0.02674	0.09569	0.00522	0.01024	0.04793	0.01017	0.01284
1	0.02143	0.01423	0.01858	0.01896	0.02248	0.01447	0.01636	0.09825	0.02677	0.07937	0.04764	0.09370	0.04906	0.02413	0.01294	0.00424	0.00938	0.40756	0.00954	0.01090
2	0.02431	0.02962	0.09134	0.11988	0.04931	0.09428	0.33444	0.03344	0.06266	0.03080	0.02054	0.02606	0.01550	0.00930	0.01088	0.00325	0.01564	0.01033	0.00527	0.01316
3	0.11941	0.14168	0.03317	0.06158	0.19678	0.02402	0.02016	0.03613	0.05123	0.18712	0.02393	0.02522	0.01765	0.01011	0.00879	0.00289	0.01003	0.00819	0.00725	0.01466
4	0.02193	0.01159	0.01555	0.01522	0.01819	0.01062	0.01154	0.02497	0.02324	0.18180	0.12364	0.29145	0.05594	0.05683	0.01402	0.00403	0.00705	0.09150	0.01015	0.01073
5	0.02069	0.01124	0.01438	0.01399	0.01714	0.00996	0.01031	0.02334	0.02293	0.17494	0.09537	0.33002	0.16772	0.02432	0.01176	0.00359	0.00626	0.02133	0.01017	0.01056
6	0.28331	0.02475	0.06838	0.01892	0.02673	0.02435	0.01668	0.23435	0.03081	0.14772	0.02255	0.02268	0.01576	0.01086	0.00857	0.00305	0.00966	0.00774	0.00856	0.01456
7	0.02428	0.01900	0.05250	0.24482	0.11968	0.01985	0.02251	0.02940	0.02092	0.13776	0.02350	0.03059	0.01840	0.05155	0.08556	0.00515	0.06627	0.00952	0.00623	0.01253
8	0.49044	0.01849	0.01754	0.01468	0.02138	0.01974	0.01211	0.03586	0.02090	0.23161	0.02253	0.02223	0.01552	0.01030	0.00748	0.00308	0.00797	0.00697	0.00827	0.01289
9	0.04130	0.01770	0.02311	0.01791	0.02520	0.01614	0.01472	0.10635	0.03069	0.48376	0.08374	0.03619	0.02967	0.01298	0.01017	0.00308	0.00846	0.01058	0.01194	0.01632
10	0.01788	0.01143	0.01687	0.01623	0.01871	0.01272	0.01272	0.02147	0.01751	0.09127	0.02821	0.03854	0.02489	0.06732	0.53858	0.01448	0.02453	0.01060	0.00618	0.00986
11	0.02766	0.01854	0.02159	0.01853	0.02350	0.01964	0.01453	0.23884	0.06787	0.11254	0.06753	0.19460	0.03691	0.02306	0.06195	0.00443	0.01006	0.01506	0.00975	0.01341
12	0.06596	0.02347	0.10375	0.06202	0.03003	0.01837	0.01765	0.10817	0.02487	0.10320	0.02101	0.02357	0.01580	0.01096	0.01047	0.04662	0.00962	0.00742	0.00686	0.29018
13	0.01532	0.00961	0.01300	0.01359	0.01419	0.00976	0.00945	0.01521	0.01592	0.02134	0.03204	0.12421	0.03518	0.22227	0.10559	0.23447	0.01090	0.08521	0.00622	0.00652
14	0.01871	0.01235	0.01518	0.01440	0.01759	0.01197	0.01079	0.02599	0.10762	0.10182	0.27008	0.19481	0.11652	0.02131	0.01153	0.00340	0.00591	0.01867	0.01046	0.01088
15	0.02118	0.02153	0.04076	0.35688	0.13658	0.02336	0.19769	0.02829	0.02149	0.02857	0.01866	0.02641	0.01424	0.00931	0.01054	0.00328	0.01422	0.00980	0.00470	0.01251
16	0.07185	0.20511	0.06425	0.13255	0.03556	0.06048	0.02046	0.14596	0.02638	0.06723	0.01849	0.02161	0.01438	0.01072	0.01058	0.00292	0.06438	0.00751	0.00619	0.01338
17	0.02542	0.02529	0.03051	0.13860	0.11414	0.10666	0.02282	0.07296	0.08754	0.03073	0.01918	0.02456	0.01585	0.01300	0.01762	0.00350	0.22437	0.00878	0.00570	0.01278
18	0.01694	0.01248	0.01506	0.01392	0.01694	0.01215	0.01053	0.09326	0.02898	0.03974	0.37679	0.14748	0.13474	0.02123	0.01164	0.00327	0.00578	0.01850	0.01040	0.01018
19	0.01394	0.01006	0.01318	0.01266	0.01486	0.00929	0.00939	0.01839	0.02744	0.03874	0.53729	0.12291	0.09167	0.02130	0.01184	0.00321	0.00480	0.01891	0.01083	0.00929
20	0.02353	0.02689	0.05882	0.04202	0.05210	0.02521	0.55126	0.03193	0.02353	0.03193	0.02017	0.02689	0.01513	0.00840	0.01176	0.00336	0.01681	0.01176	0.00504	0.01345
21	0.04473	0.01697	0.02313	0.01774	0.02545	0.01465	0.01465	0.04858	0.02853	0.59437	0.03933	0.03393	0.02468	0.01234	0.01003	0.00308	0.00848	0.01003	0.01234	0.01697
22	0.02556	0.02704	0.05474	0.03932	0.04911	0.02602	0.47606	0.10571	0.02683	0.03630	0.02070	0.02647	0.01538	0.00891	0.01151	0.00331	0.01598	0.01137	0.00574	0.01394
23	0.01424	0.01068	0.01602	0.01602	0.01780	0.01246	0.01246	0.01780	0.01602	0.02314	0.02670	0.03916	0.02492	0.07477	0.61015	0.01602	0.02670	0.01068	0.00534	0.00890
24	0.01445	0.00973	0.01119	0.01109	0.01139	0.00963	0.00647	0.01505	0.01626	0.02198	0.10201	0.06642	0.04365	0.56899	0.04574	0.00883	0.00903	0.01495	0.00667	0.00647
25	0.02315	0.02213	0.03771	0.20825	0.45231	0.02329	0.02984	0.02926	0.02198	0.03072	0.01848	0.02517	0.01514	0.00916	0.00989	0.00305	0.01222	0.00888	0.00480	0.01456
26	0.02665	0.65565	0.05224	0.01706	0.02559	0.03945	0.01706	0.02985	0.02026	0.02345	0.01386	0.01599	0.01279	0.00853	0.00640	0.00213	0.01066	0.00533	0.00426	0.01279
27	0.02197	0.01704	0.02003	0.01532	0.02280	0.01421	0.01215	0.02923	0.08775	0.07506	0.10174	0.03120	0.02855	0.01031	0.00852	0.00205	0.00714	0.00855	0.00759	0.47878
28	0.02464	0.01896	0.02132	0.06654	0.02588	0.06083	0.01509	0.18747	0.02764	0.05791	0.02977	0.14589	0.02845	0.06272	0.13096	0.05024	0.01343	0.01306	0.00768	0.01150
29	0.02699	0.19157	0.03396	0.15735	0.03548	0.02746	0.01983	0.03386	0.08619	0.13049	0.02242	0.02536	0.01724	0.01194	0.01360	0.00317	0.13508	0.00838	0.00650	0.01314

[dist]
# distance from previous block
# <min> <max>
0	3

[block]
# block no. 6 follows, 15 sequences, length 18
# corresponding to MSA columns:
# 280-297
name=unknown_G
#
# <colnr> <probs for GDERKNQSTAVLIFYWHMCP>
#	G	D	E	R	K	N	Q	S	T	A	V	L	I	F	Y	W	H	M	C	P
0	0.01371	0.01035	0.01508	0.01561	0.01691	0.01004	0.04308	0.01592	0.01859	0.02492	0.04618	0.41662	0.05356	0.13880	0.07097	0.00604	0.00918	0.05812	0.00810	0.00822
1	0.02755	0.18869	0.12865	0.02009	0.02867	0.07571	0.01921	0.08903	0.05884	0.08925	0.02294	0.05732	0.01884	0.01100	0.00865	0.00261	0.01082	0.00840	0.00667	0.12705
2	0.02497	0.02691	0.14956	0.11692	0.04173	0.02140	0.16786	0.09162	0.02475	0.09734	0.02429	0.07092	0.01948	0.01322	0.01261	0.05308	0.01285	0.01089	0.00645	0.01314
3	0.01424	0.01068	0.01602	0.01602	0.01780	0.01246	0.01246	0.01780	0.01602	0.02314	0.02670	0.03916	0.02492	0.07477	0.61015	0.01602	0.02670	0.01068	0.00534	0.00890
4	0.01398	0.01301	0.05268	0.09493	0.02356	0.01122	0.01351	0.01768	0.02140	0.02915	0.16746	0.39224	0.06193	0.02455	0.01193	0.00369	0.00711	0.02207	0.00868	0.00922
5	0.02756	0.02638	0.13668	0.13404	0.14867	0.02166	0.06312	0.07992	0.04765	0.14983	0.04786	0.02893	0.02055	0.01079	0.01008	0.00314	0.01175	0.00953	0.00715	0.01469
6	0.03240	0.02271	0.02759	0.06809	0.06965	0.05693	0.01924	0.12744	0.11309	0.19642	0.02759	0.02837	0.01996	0.01289	0.01423	0.00334	0.12723	0.00943	0.00859	0.01482
7	0.15229	0.03486	0.02546	0.02227	0.02812	0.31278	0.01750	0.17166	0.03082	0.03836	0.02018	0.02630	0.01690	0.01184	0.00912	0.00292	0.01373	0.04535	0.00688	0.01267
8	0.07028	0.02007	0.06891	0.01644	0.02349	0.01639	0.01433	0.11309	0.02530	0.03673	0.03898	0.08497	0.12996	0.01463	0.00947	0.00270	0.00818	0.03641	0.00752	0.26214
9	0.01410	0.00950	0.01099	0.01139	0.01148	0.00940	0.00659	0.01439	0.01528	0.02037	0.03542	0.16380	0.04131	0.54418	0.04426	0.00871	0.00900	0.01686	0.00659	0.00639
10	0.01215	0.00868	0.01157	0.01388	0.01446	0.00810	0.00925	0.01388	0.01909	0.02545	0.05495	0.64315	0.06593	0.03123	0.01272	0.00405	0.00578	0.02834	0.00925	0.00810
11	0.03466	0.01911	0.02338	0.01752	0.02571	0.01692	0.01433	0.12613	0.02875	0.29579	0.02871	0.02732	0.01969	0.01044	0.00904	0.00247	0.00850	0.00832	0.00955	0.27364
12	0.02384	0.49031	0.04367	0.06900	0.02749	0.03282	0.01667	0.02759	0.02159	0.02645	0.11113	0.02688	0.02670	0.01067	0.00762	0.00241	0.00987	0.00780	0.00542	0.01207
13	0.01212	0.00991	0.01071	0.01094	0.01378	0.00849	0.00804	0.01480	0.02288	0.02832	0.15359	0.17145	0.44933	0.02550	0.01191	0.00344	0.00511	0.02171	0.00947	0.00849
14	0.03724	0.04751	0.02825	0.02568	0.03082	0.60963	0.01926	0.03981	0.02825	0.02440	0.01541	0.01798	0.01284	0.01027	0.00899	0.00257	0.01798	0.00642	0.00514	0.01156
15	0.15230	0.03984	0.02451	0.02231	0.02741	0.46458	0.01690	0.03678	0.02578	0.02882	0.01643	0.01911	0.01344	0.01020	0.00836	0.00264	0.01523	0.00646	0.05765	0.01126
16	0.02090	0.13360	0.52389	0.02687	0.04076	0.02536	0.03415	0.03134	0.02094	0.03047	0.01734	0.02036	0.01265	0.00934	0.00905	0.00302	0.01418	0.00709	0.00422	0.01447
17	0.07979	0.12495	0.02826	0.26911	0.04040	0.02258	0.01951	0.02436	0.02007	0.02828	0.08798	0.06788	0.02687	0.01760	0.05590	0.00414	0.05544	0.01039	0.00571	0.01078

[dist]
# distance from previous block
# <min> <max>
2	16

[block]
# block no. 7 follows, 15 sequences, length 38
# corresponding to MSA columns:
# 314-351
name=unknown_H
#
# <colnr> <probs for GDERKNQSTAVLIFYWHMCP>
#	G	D	E	R	K	N	Q	S	T	A	V	L	I	F	Y	W	H	M	C	P
0	0.02155	0.02322	0.08545	0.31308	0.21452	0.02309	0.02768	0.03158	0.10100	0.03053	0.02138	0.02704	0.01647	0.01012	0.00992	0.00321	0.01221	0.00908	0.00539	0.01351
1	0.13610	0.04045	0.02714	0.02581	0.06317	0.44431	0.01870	0.07670	0.02768	0.03077	0.01604	0.01858	0.01303	0.01017	0.00871	0.00270	0.01557	0.00662	0.00564	0.01211
2	0.02517	0.02436	0.11339	0.06146	0.06245	0.01872	0.09687	0.07088	0.02423	0.11311	0.02451	0.07151	0.01991	0.01094	0.00959	0.00273	0.01074	0.00983	0.00687	0.22271
3	0.01993	0.01756	0.02687	0.23431	0.04104	0.01946	0.08186	0.06833	0.10427	0.03307	0.08934	0.15464	0.03531	0.01576	0.01094	0.00343	0.01034	0.01439	0.00742	0.01174
4	0.01707	0.01517	0.01920	0.10584	0.02644	0.07009	0.01532	0.02099	0.01774	0.02360	0.02433	0.03533	0.02209	0.05925	0.46604	0.01290	0.02392	0.01001	0.00519	0.00947
5	0.05857	0.01875	0.02885	0.25018	0.15589	0.02101	0.02293	0.03040	0.02211	0.13644	0.06512	0.03026	0.02208	0.01181	0.01247	0.00329	0.08063	0.00961	0.00661	0.01300
6	0.02577	0.19185	0.24787	0.11181	0.03880	0.05422	0.02580	0.03386	0.04792	0.10215	0.02060	0.02289	0.01519	0.00991	0.00885	0.00290	0.01252	0.00756	0.00564	0.01389
7	0.03721	0.03667	0.02880	0.02894	0.11070	0.38063	0.01980	0.04058	0.02751	0.16311	0.02167	0.02280	0.01613	0.01057	0.00937	0.00275	0.01479	0.00765	0.00684	0.01348
8	0.01272	0.00908	0.01222	0.01453	0.01536	0.00859	0.01025	0.01487	0.01965	0.02609	0.05463	0.56576	0.06469	0.03069	0.01288	0.00413	0.00628	0.10009	0.00924	0.00826
9	0.06392	0.01621	0.01931	0.01649	0.02191	0.01610	0.01301	0.07455	0.11959	0.26775	0.03868	0.12715	0.03095	0.01517	0.00983	0.00317	0.00754	0.01266	0.11204	0.01399
10	0.03463	0.02915	0.02872	0.07003	0.03320	0.11384	0.01927	0.37349	0.10925	0.05159	0.02435	0.02498	0.01780	0.01176	0.00985	0.00301	0.01178	0.00889	0.00886	0.01556
11	0.01215	0.00868	0.01157	0.01388	0.01446	0.00810	0.00925	0.01388	0.01909	0.02545	0.05495	0.64315	0.06593	0.03123	0.01272	0.00405	0.00578	0.02834	0.00925	0.00810
12	0.07596	0.15081	0.21926	0.11455	0.04136	0.02641	0.11053	0.03056	0.02082	0.05571	0.01786	0.02212	0.01360	0.00980	0.01053	0.00309	0.05096	0.00797	0.00492	0.01319
13	0.02052	0.01833	0.02911	0.40267	0.13770	0.02121	0.02479	0.06632	0.02366	0.03158	0.10068	0.03306	0.02574	0.01147	0.01021	0.00321	0.01163	0.01021	0.00589	0.01201
14	0.01303	0.00905	0.01131	0.01275	0.01311	0.00869	0.00805	0.01411	0.01736	0.02315	0.04609	0.42578	0.05477	0.26384	0.02702	0.00616	0.00724	0.02313	0.00805	0.00732
15	0.01857	0.01118	0.01476	0.01330	0.01643	0.01017	0.01017	0.02315	0.02826	0.12082	0.50304	0.06855	0.08394	0.01921	0.01151	0.00313	0.00525	0.01686	0.01117	0.01051
16	0.01362	0.00973	0.01326	0.01557	0.01679	0.00937	0.01182	0.01643	0.02054	0.02710	0.05413	0.44354	0.06271	0.02984	0.01312	0.00425	0.00706	0.21340	0.00923	0.00850
17	0.01426	0.00992	0.01246	0.01249	0.01323	0.01023	0.00818	0.01578	0.01674	0.02303	0.09685	0.09047	0.04190	0.40185	0.18082	0.01015	0.01303	0.01471	0.00662	0.00725
18	0.02234	0.02034	0.03392	0.29557	0.09323	0.02240	0.12294	0.10314	0.02499	0.03310	0.02438	0.06580	0.02121	0.01262	0.01080	0.00341	0.01273	0.05857	0.00609	0.01241
19	0.01472	0.00959	0.01104	0.01104	0.01104	0.00959	0.00624	0.01438	0.01438	0.01917	0.03031	0.06251	0.03477	0.60166	0.04982	0.06431	0.00959	0.01404	0.00591	0.00591
20	0.02611	0.17696	0.19772	0.02202	0.03131	0.02774	0.02244	0.08837	0.20522	0.06570	0.02617	0.02618	0.01960	0.01098	0.00906	0.00298	0.01084	0.00848	0.00716	0.01496
21	0.02786	0.26563	0.19214	0.02732	0.11266	0.07360	0.02422	0.03376	0.02258	0.10522	0.01927	0.02123	0.01482	0.00949	0.00843	0.00269	0.01220	0.00713	0.00552	0.01423
22	0.02665	0.65565	0.05224	0.01706	0.02559	0.03945	0.01706	0.02985	0.02026	0.02345	0.01386	0.01599	0.01279	0.00853	0.00640	0.00213	0.01066	0.00533	0.00426	0.01279
23	0.02139	0.18247	0.20559	0.02352	0.07147	0.02472	0.02229	0.03195	0.12551	0.03064	0.03303	0.07942	0.08124	0.01334	0.00938	0.00303	0.01050	0.01082	0.00634	0.01335
24	0.01877	0.01483	0.01769	0.01738	0.02094	0.01587	0.01400	0.03224	0.22952	0.03726	0.20354	0.07307	0.05803	0.02018	0.01182	0.00371	0.00738	0.18198	0.01007	0.01172
25	0.01397	0.01018	0.01313	0.01239	0.01481	0.00935	0.00930	0.01854	0.02789	0.03919	0.55316	0.07576	0.12361	0.02067	0.01176	0.00315	0.00472	0.01821	0.01087	0.00935
26	0.01676	0.01474	0.05555	0.01462	0.01837	0.01239	0.01221	0.07010	0.02948	0.04154	0.49041	0.06599	0.08114	0.01883	0.01143	0.00312	0.00599	0.01643	0.01041	0.01049
27	0.02067	0.01772	0.02067	0.01477	0.02362	0.01329	0.01181	0.02510	0.02067	0.03248	0.01772	0.02067	0.01477	0.00738	0.00738	0.00148	0.00738	0.00591	0.00591	0.71059
28	0.02002	0.01894	0.03206	0.51033	0.17468	0.02246	0.02828	0.02652	0.02050	0.02692	0.01793	0.02619	0.01380	0.00975	0.00995	0.00325	0.01299	0.00886	0.00453	0.01204
29	0.02351	0.37074	0.30964	0.02241	0.03387	0.03176	0.02638	0.03066	0.02063	0.02728	0.01576	0.01838	0.01272	0.00897	0.00785	0.00262	0.01258	0.00629	0.00424	0.01371
30	0.03790	0.02792	0.02992	0.02294	0.03091	0.03091	0.01895	0.55423	0.04687	0.06283	0.02393	0.02393	0.01695	0.01197	0.00997	0.00299	0.01097	0.00898	0.00997	0.01695
31	0.04174	0.02176	0.02611	0.02001	0.02784	0.02177	0.01653	0.27004	0.03656	0.36157	0.03259	0.02955	0.02129	0.01218	0.01000	0.00304	0.00957	0.00957	0.01130	0.01696
32	0.01806	0.01242	0.01943	0.01730	0.01843	0.01358	0.05300	0.01708	0.01639	0.02283	0.09923	0.03511	0.02765	0.02774	0.03188	0.43810	0.10929	0.01028	0.00536	0.00684
33	0.01450	0.00966	0.01087	0.01087	0.01087	0.00966	0.00604	0.01450	0.01450	0.01933	0.03141	0.06524	0.03624	0.64965	0.05074	0.00966	0.00966	0.01450	0.00604	0.00604
34	0.35964	0.02385	0.02272	0.01830	0.02543	0.02688	0.01510	0.30665	0.03277	0.05429	0.01919	0.02028	0.01405	0.01069	0.00818	0.00304	0.00943	0.00729	0.00818	0.01405
35	0.02021	0.10724	0.02058	0.01446	0.01729	0.01816	0.01050	0.07311	0.10017	0.02717	0.02843	0.04738	0.02872	0.35563	0.03355	0.06009	0.00959	0.01172	0.00663	0.00936
36	0.01923	0.01183	0.01619	0.07148	0.02077	0.01251	0.01150	0.02161	0.01757	0.10505	0.02969	0.04825	0.02858	0.30286	0.22939	0.01025	0.01557	0.01203	0.00657	0.00907
37	0.02952	0.18180	0.07065	0.02038	0.02747	0.24371	0.01759	0.03344	0.02477	0.07180	0.07077	0.02468	0.02166	0.01049	0.00851	0.00244	0.01248	0.00753	0.00609	0.11423

[dist]
# distance from previous block
# <min> <max>
0	10

[block]
# block no. 8 follows, 15 sequences, length 13
# corresponding to MSA columns:
# 362-374
name=unknown_I
#
# <colnr> <probs for GDERKNQSTAVLIFYWHMCP>
#	G	D	E	R	K	N	Q	S	T	A	V	L	I	F	Y	W	H	M	C	P
0	0.48625	0.01986	0.01908	0.10726	0.02837	0.02257	0.01432	0.08543	0.02095	0.04284	0.01585	0.01895	0.01215	0.00951	0.00725	0.00299	0.00889	0.00635	0.00630	0.06483
1	0.12042	0.02555	0.07237	0.02570	0.08440	0.02570	0.04493	0.16388	0.24755	0.04494	0.02811	0.02822	0.02101	0.01156	0.00957	0.00319	0.00996	0.00942	0.00834	0.01520
2	0.02412	0.08771	0.09884	0.14214	0.12488	0.02500	0.10502	0.05093	0.02210	0.06258	0.01878	0.02394	0.01472	0.01036	0.01257	0.00310	0.09266	0.00862	0.00534	0.06658
3	0.01469	0.01159	0.01353	0.01431	0.01656	0.01156	0.01021	0.02201	0.13015	0.02969	0.08652	0.38091	0.16846	0.02593	0.01197	0.00373	0.00600	0.02292	0.00951	0.00976
4	0.01378	0.01400	0.07115	0.01393	0.01734	0.01029	0.01175	0.01806	0.02431	0.03316	0.30714	0.20088	0.18144	0.02272	0.01175	0.00339	0.00603	0.01989	0.00955	0.00944
5	0.02706	0.02233	0.02289	0.01770	0.02559	0.08131	0.01408	0.08553	0.08816	0.09130	0.02287	0.02392	0.01756	0.00936	0.00840	0.00213	0.00906	0.00730	0.00736	0.41610
6	0.01371	0.01005	0.01351	0.01491	0.01660	0.00985	0.01145	0.01690	0.02103	0.02802	0.11191	0.29102	0.11162	0.03506	0.10347	0.00585	0.00969	0.15785	0.00883	0.00869
7	0.02097	0.02318	0.08939	0.27587	0.04894	0.05552	0.12243	0.02748	0.02075	0.04815	0.02067	0.02836	0.01630	0.02270	0.13034	0.00580	0.01687	0.00952	0.00504	0.01170
8	0.02320	0.13556	0.42178	0.02724	0.04007	0.02510	0.08185	0.03265	0.02174	0.07330	0.01915	0.02185	0.01381	0.00945	0.00928	0.00302	0.01386	0.00769	0.00492	0.01449
9	0.02815	0.02896	0.04152	0.03167	0.03968	0.11470	0.26698	0.11992	0.15014	0.03783	0.02461	0.02738	0.01849	0.01039	0.01070	0.00319	0.01407	0.01040	0.00697	0.01423
10	0.02679	0.06134	0.14764	0.05864	0.09213	0.01880	0.02101	0.03282	0.02273	0.16216	0.02268	0.02435	0.01654	0.00935	0.00880	0.00251	0.01020	0.00763	0.00676	0.24711
11	0.02030	0.01321	0.01615	0.01579	0.01875	0.01306	0.01205	0.10077	0.02485	0.08874	0.05025	0.27000	0.10068	0.09230	0.01627	0.00444	0.00784	0.11489	0.00931	0.01035
12	0.01387	0.01059	0.01512	0.01512	0.01714	0.01185	0.01172	0.01727	0.01704	0.02372	0.03798	0.04778	0.10968	0.06725	0.51934	0.01410	0.02342	0.01225	0.00593	0.00883

[dist]
# distance from previous block
# <min> <max>
0	3

[block]
# block no. 9 follows, 15 sequences, length 22
# corresponding to MSA columns:
# 378-399
name=unknown_J
#
# <colnr> <probs for GDERKNQSTAVLIFYWHMCP>
#	G	D	E	R	K	N	Q	S	T	A	V	L	I	F	Y	W	H	M	C	P
0	0.02014	0.09488	0.41414	0.02716	0.03908	0.02328	0.08594	0.02956	0.02055	0.02975	0.01900	0.02374	0.01461	0.01831	0.09253	0.00487	0.01626	0.00811	0.00446	0.01363
1	0.02915	0.56731	0.04821	0.01715	0.02557	0.03602	0.01672	0.03244	0.02140	0.10242	0.01738	0.01847	0.01444	0.00906	0.00690	0.00226	0.01036	0.00598	0.00538	0.01337
2	0.11698	0.01203	0.01606	0.06597	0.02032	0.01251	0.01140	0.02120	0.01627	0.10156	0.01993	0.02856	0.01710	0.02599	0.02802	0.45555	0.00890	0.00842	0.00570	0.00753
3	0.01199	0.00927	0.01096	0.01231	0.01405	0.00823	0.00856	0.01406	0.02059	0.02606	0.07405	0.41612	0.28063	0.02875	0.01233	0.00377	0.00548	0.02531	0.00926	0.00823
4	0.62450	0.01792	0.01392	0.01259	0.01823	0.02058	0.01027	0.02848	0.01750	0.04370	0.01642	0.01905	0.01281	0.00958	0.00628	0.00298	0.00729	0.00593	0.10138	0.01059
5	0.01215	0.00868	0.01157	0.01388	0.01446	0.00810	0.00925	0.01388	0.01909	0.02545	0.05495	0.64315	0.06593	0.03123	0.01272	0.00405	0.00578	0.02834	0.00925	0.00810
6	0.02202	0.10811	0.03680	0.33772	0.24999	0.02510	0.02727	0.02793	0.02098	0.02775	0.01756	0.02443	0.01412	0.00938	0.00944	0.00303	0.01240	0.00838	0.00459	0.01301
7	0.03004	0.03013	0.20998	0.09499	0.03705	0.02164	0.02403	0.10092	0.10323	0.20413	0.02818	0.02817	0.01932	0.01125	0.00985	0.00317	0.01129	0.00908	0.00818	0.01537
8	0.01215	0.00868	0.01157	0.01388	0.01446	0.00810	0.00925	0.01388	0.01909	0.02545	0.05495	0.64315	0.06593	0.03123	0.01272	0.00405	0.00578	0.02834	0.00925	0.00810
9	0.02737	0.56553	0.05059	0.01931	0.02764	0.08726	0.04971	0.03083	0.02114	0.02405	0.01437	0.01682	0.01294	0.00867	0.00694	0.00224	0.01166	0.00581	0.00439	0.01273
10	0.06075	0.08113	0.39014	0.10957	0.04356	0.02422	0.05606	0.03180	0.05398	0.03159	0.01886	0.02247	0.01382	0.00966	0.00930	0.00313	0.01355	0.00778	0.00476	0.01388
11	0.03366	0.10984	0.03383	0.06773	0.17752	0.02496	0.02105	0.16541	0.02988	0.20046	0.02523	0.02608	0.01807	0.01066	0.00947	0.00291	0.01058	0.00874	0.00820	0.01571
12	0.53259	0.02703	0.01839	0.01656	0.02245	0.18360	0.01312	0.03219	0.02006	0.03915	0.01430	0.01668	0.01136	0.00953	0.00694	0.00294	0.01053	0.00568	0.00589	0.01101
13	0.06968	0.01839	0.03058	0.54567	0.06408	0.02235	0.05863	0.02614	0.01994	0.02726	0.01759	0.02585	0.01322	0.00982	0.00980	0.00331	0.01310	0.00879	0.00459	0.01120
14	0.01261	0.00934	0.01189	0.01374	0.01511	0.00862	0.00985	0.01489	0.02034	0.02634	0.06381	0.46197	0.16773	0.02954	0.01268	0.00399	0.00610	0.09392	0.00924	0.00831
15	0.01871	0.02741	0.21464	0.02702	0.12728	0.01780	0.02279	0.02778	0.07064	0.03505	0.21172	0.04605	0.08267	0.01444	0.01052	0.00315	0.00963	0.01247	0.00744	0.01280
16	0.01377	0.00988	0.01239	0.01377	0.01503	0.00946	0.01000	0.01591	0.01940	0.02520	0.05441	0.27371	0.12629	0.19302	0.02293	0.00559	0.00762	0.15534	0.00838	0.00789
17	0.02727	0.14602	0.13314	0.10546	0.06399	0.02156	0.02102	0.03258	0.02267	0.18857	0.02869	0.11628	0.02420	0.01334	0.00960	0.00308	0.01049	0.01111	0.00735	0.01357
18	0.02211	0.03457	0.25333	0.02321	0.03086	0.10617	0.02384	0.06547	0.02406	0.03228	0.09946	0.11421	0.03149	0.01510	0.01265	0.00331	0.07726	0.01184	0.00640	0.01238
19	0.02306	0.01237	0.01502	0.01342	0.01744	0.01143	0.01038	0.02837	0.05820	0.18162	0.18518	0.09541	0.14587	0.01783	0.01039	0.00309	0.00601	0.01513	0.13831	0.01149
20	0.02333	0.01982	0.05831	0.01598	0.02509	0.01408	0.01375	0.02816	0.02158	0.09549	0.02016	0.02218	0.01574	0.00807	0.00781	0.00177	0.00798	0.00646	0.00652	0.58771
21	0.62560	0.10598	0.01977	0.01365	0.02014	0.02469	0.01165	0.02938	0.01741	0.04183	0.01388	0.01617	0.01107	0.00916	0.00620	0.00295	0.00811	0.00539	0.00591	0.01107

[dist]
# distance from previous block
# <min> <max>
0	1

[block]
# block no. 10 follows, 15 sequences, length 20
# corresponding to MSA columns:
# 401-420
name=unknown_K
#
# <colnr> <probs for GDERKNQSTAVLIFYWHMCP>
#	G	D	E	R	K	N	Q	S	T	A	V	L	I	F	Y	W	H	M	C	P
0	0.12080	0.07420	0.10429	0.11649	0.03785	0.02253	0.13217	0.03099	0.02105	0.11664	0.02168	0.02792	0.01694	0.06579	0.01424	0.00375	0.04476	0.00919	0.00611	0.01259
1	0.02181	0.02181	0.03053	0.02617	0.02617	0.03053	0.02181	0.02399	0.01527	0.02399	0.01309	0.02181	0.01309	0.01745	0.03272	0.00436	0.63141	0.00872	0.00436	0.01091
2	0.01563	0.01116	0.01557	0.01786	0.01997	0.01110	0.01531	0.01990	0.02252	0.02935	0.05302	0.17115	0.05832	0.02795	0.01365	0.00453	0.00880	0.46594	0.00919	0.00906
3	0.02260	0.02372	0.04741	0.07133	0.04508	0.02383	0.38070	0.03072	0.06498	0.03025	0.02078	0.02760	0.01627	0.01219	0.01590	0.07179	0.06616	0.01100	0.00529	0.01240
4	0.01427	0.00970	0.01081	0.01081	0.01109	0.00956	0.00617	0.01448	0.01518	0.01996	0.03719	0.06779	0.08170	0.59778	0.04750	0.00914	0.00928	0.01504	0.00631	0.00624
5	0.03004	0.09407	0.02866	0.02095	0.02781	0.02877	0.01714	0.24319	0.30772	0.04781	0.03122	0.02975	0.02330	0.01237	0.00966	0.00309	0.00938	0.00973	0.00943	0.01590
6	0.01528	0.07320	0.01798	0.06246	0.02064	0.01302	0.01151	0.01800	0.02002	0.02681	0.08257	0.36591	0.07616	0.05763	0.01328	0.00373	0.00713	0.02024	0.00796	0.08649
7	0.02825	0.21293	0.23140	0.02421	0.03481	0.02758	0.07678	0.09569	0.02530	0.12134	0.02105	0.02255	0.01533	0.00984	0.00897	0.00285	0.01235	0.00783	0.00627	0.01467
8	0.01732	0.00866	0.01299	0.01299	0.01299	0.00866	0.00866	0.01299	0.01299	0.01732	0.01732	0.03030	0.01732	0.03463	0.03896	0.70996	0.00866	0.00866	0.00433	0.00433
9	0.01427	0.00957	0.01094	0.01116	0.01122	0.00951	0.00635	0.01444	0.01494	0.01992	0.03369	0.12113	0.03911	0.58984	0.04706	0.00912	0.00929	0.01584	0.00635	0.00624
10	0.05421	0.02308	0.08114	0.09941	0.09027	0.02133	0.12552	0.06226	0.11410	0.08549	0.10940	0.03500	0.02993	0.01195	0.01041	0.00321	0.01101	0.01105	0.00757	0.01366
11	0.02545	0.12412	0.18663	0.09553	0.04176	0.02647	0.14644	0.09330	0.06832	0.06508	0.02147	0.02460	0.01588	0.00991	0.00974	0.00307	0.01313	0.00889	0.00601	0.01420
12	0.03015	0.03982	0.14398	0.02763	0.03449	0.29507	0.08173	0.03515	0.02412	0.06092	0.01747	0.02118	0.01381	0.01125	0.01349	0.00311	0.12099	0.00781	0.00525	0.01261
13	0.01339	0.01016	0.01233	0.01179	0.01445	0.00910	0.00884	0.01743	0.02653	0.03596	0.43415	0.08107	0.24462	0.02188	0.01177	0.00321	0.00481	0.01895	0.01045	0.00910
14	0.01312	0.00995	0.01213	0.01233	0.01468	0.00897	0.00916	0.01659	0.02452	0.03264	0.30480	0.18780	0.24114	0.02430	0.01205	0.00346	0.00525	0.04824	0.01002	0.00884
15	0.02255	0.29536	0.10195	0.07568	0.07171	0.02741	0.05724	0.02786	0.02190	0.02893	0.09723	0.02766	0.02502	0.01037	0.00853	0.00258	0.01072	0.00844	0.00548	0.07336
16	0.02389	0.02026	0.03065	0.13211	0.24298	0.02023	0.02252	0.02899	0.02147	0.07529	0.01942	0.02428	0.01555	0.00963	0.01115	0.00271	0.06441	0.00807	0.00568	0.22071
17	0.01508	0.01127	0.01616	0.01574	0.01711	0.01305	0.01196	0.01768	0.01664	0.02384	0.07383	0.04312	0.03072	0.12624	0.41005	0.06218	0.06968	0.01144	0.00576	0.00847
18	0.01571	0.00974	0.01303	0.01439	0.01586	0.00905	0.01025	0.01751	0.02004	0.07488	0.05311	0.46606	0.08531	0.02916	0.01442	0.05454	0.00651	0.07254	0.00916	0.00872
19	0.02435	0.06858	0.02477	0.19196	0.03495	0.01850	0.01748	0.06500	0.02417	0.14640	0.10509	0.07966	0.03255	0.02264	0.09519	0.00498	0.01208	0.01175	0.00782	0.01209

[dist]
# distance from previous block
# <min> <max>
0	53

# created by:
# /st0/software/busco_prod/Augustus/scripts/msa2prfl.pl ./align_prep/4063.fa
