[name]
unknown

[dist]
# distance from previous block
# <min> <max>
0	103

[block]
# block no. 0 follows, 12 sequences, length 41
# corresponding to MSA columns:
# 128-168
name=unknown_A
#
# <colnr> <probs for GDERKNQSTAVLIFYWHMCP>
#	G	D	E	R	K	N	Q	S	T	A	V	L	I	F	Y	W	H	M	C	P
0	0.01918	0.01531	0.01904	0.01708	0.02277	0.01276	0.01367	0.02345	0.02296	0.03306	0.03909	0.17620	0.04148	0.01997	0.01133	0.00319	0.00827	0.14699	0.00827	0.34594
1	0.02834	0.02758	0.13431	0.02496	0.03397	0.02065	0.08514	0.07963	0.06880	0.13363	0.06402	0.07744	0.03148	0.01475	0.01134	0.00342	0.01147	0.04325	0.00885	0.09697
2	0.03092	0.01546	0.02039	0.01719	0.02155	0.01467	0.01303	0.08422	0.02431	0.18910	0.02711	0.03268	0.02111	0.02517	0.02652	0.34235	0.00959	0.00971	0.00824	0.06669
3	0.09775	0.01958	0.03079	0.52456	0.06891	0.02425	0.02816	0.02834	0.02143	0.03027	0.01890	0.02777	0.01422	0.01081	0.01043	0.00360	0.01384	0.00926	0.00506	0.01208
4	0.01902	0.02961	0.22184	0.02108	0.02892	0.01789	0.02201	0.02930	0.08631	0.03637	0.17564	0.09057	0.08240	0.07259	0.01568	0.00421	0.01033	0.01503	0.00834	0.01284
5	0.02204	0.01448	0.01749	0.01644	0.02019	0.01424	0.01235	0.05923	0.09517	0.10511	0.18630	0.22587	0.11989	0.02369	0.01257	0.00377	0.00698	0.02069	0.01123	0.01227
6	0.03223	0.01441	0.01949	0.01727	0.02218	0.01276	0.01324	0.03565	0.02723	0.30740	0.09545	0.25990	0.05119	0.02220	0.01227	0.00378	0.00777	0.01942	0.01207	0.01409
7	0.51442	0.02049	0.01941	0.08118	0.02835	0.02310	0.01459	0.03491	0.02093	0.12695	0.02008	0.02209	0.01453	0.01075	0.00789	0.00340	0.00927	0.00714	0.00760	0.01291
8	0.02922	0.03340	0.02844	0.02589	0.02845	0.26347	0.02008	0.03170	0.02365	0.02673	0.02396	0.13130	0.02498	0.01848	0.02042	0.00385	0.23573	0.01245	0.00614	0.01166
9	0.01964	0.01280	0.01587	0.01659	0.01940	0.01261	0.01262	0.02626	0.08524	0.07987	0.05801	0.29981	0.09562	0.02665	0.01287	0.00413	0.00743	0.11208	0.07137	0.01114
10	0.03426	0.01496	0.02024	0.01745	0.02286	0.01320	0.01357	0.03791	0.02810	0.33700	0.10917	0.21230	0.04964	0.02070	0.01207	0.00369	0.00790	0.01797	0.01231	0.01467
11	0.04585	0.02348	0.02835	0.02174	0.03029	0.02333	0.01796	0.24179	0.03945	0.35606	0.03610	0.03262	0.02352	0.01333	0.01094	0.00333	0.01040	0.01049	0.01243	0.01855
12	0.69383	0.02109	0.01603	0.01434	0.02109	0.02446	0.01181	0.03205	0.01856	0.04892	0.01518	0.01771	0.01181	0.01012	0.00675	0.00337	0.00843	0.00590	0.00675	0.01181
13	0.04206	0.01704	0.02310	0.01823	0.02547	0.01485	0.01485	0.04646	0.03114	0.45129	0.14549	0.04620	0.04254	0.01530	0.01135	0.00339	0.00843	0.01276	0.01319	0.01686
14	0.02084	0.01596	0.01783	0.01653	0.02026	0.01716	0.01238	0.03585	0.23113	0.04153	0.21961	0.05870	0.05813	0.08620	0.01639	0.00425	0.00718	0.01510	0.09230	0.01269
15	0.04823	0.01966	0.02598	0.01992	0.02838	0.01766	0.01646	0.09530	0.03305	0.51158	0.04147	0.03611	0.02621	0.01346	0.01096	0.00336	0.00953	0.01086	0.01326	0.01855
16	0.69383	0.02109	0.01603	0.01434	0.02109	0.02446	0.01181	0.03205	0.01856	0.04892	0.01518	0.01771	0.01181	0.01012	0.00675	0.00337	0.00843	0.00590	0.00675	0.01181
17	0.02204	0.01217	0.01363	0.01275	0.01607	0.01207	0.00973	0.02920	0.06733	0.08349	0.15706	0.05003	0.04605	0.01521	0.00942	0.00291	0.00573	0.01267	0.41097	0.01146
18	0.03783	0.01694	0.02207	0.01775	0.02403	0.01543	0.01407	0.07304	0.03061	0.35803	0.13857	0.04923	0.04280	0.08890	0.01677	0.00426	0.00881	0.01320	0.01219	0.01548
19	0.01543	0.01115	0.01457	0.01372	0.01629	0.01029	0.01029	0.02058	0.03086	0.04372	0.54304	0.08145	0.10288	0.02229	0.01286	0.00343	0.00514	0.01972	0.01200	0.01029
20	0.02187	0.05640	0.56031	0.03108	0.04719	0.02532	0.04029	0.03453	0.02302	0.03453	0.01957	0.02302	0.01381	0.01036	0.01036	0.00345	0.01611	0.00806	0.00460	0.01611
21	0.03931	0.01738	0.02276	0.01892	0.02555	0.01598	0.01502	0.04632	0.09002	0.39086	0.04651	0.14923	0.03656	0.01768	0.01156	0.00362	0.00862	0.01504	0.01254	0.01651
22	0.04457	0.01745	0.02376	0.01888	0.02637	0.01515	0.01530	0.04850	0.02995	0.49177	0.04510	0.10707	0.03250	0.01602	0.01133	0.00350	0.00892	0.01341	0.01308	0.01737
23	0.01383	0.00972	0.01249	0.01448	0.01498	0.00922	0.00937	0.01533	0.01980	0.02641	0.05460	0.49483	0.06519	0.15848	0.02279	0.00574	0.00723	0.02777	0.00937	0.00838
24	0.01558	0.01168	0.01752	0.01752	0.01947	0.01363	0.01363	0.01947	0.01752	0.02531	0.02921	0.04283	0.02726	0.08178	0.57360	0.01752	0.02921	0.01168	0.00584	0.00974
25	0.02261	0.01938	0.02261	0.01615	0.02584	0.01453	0.01292	0.02745	0.02261	0.03553	0.01938	0.02261	0.01615	0.00807	0.00807	0.00161	0.00807	0.00646	0.00646	0.68346
26	0.01311	0.01017	0.01195	0.01338	0.01534	0.00901	0.00932	0.01539	0.02261	0.02854	0.08209	0.38925	0.27836	0.03130	0.01347	0.00410	0.00598	0.02751	0.01012	0.00901
27	0.02915	0.62337	0.05714	0.01866	0.02799	0.04314	0.01866	0.03265	0.02215	0.02565	0.01516	0.01749	0.01399	0.00933	0.00700	0.00233	0.01166	0.00583	0.00466	0.01399
28	0.02712	0.02342	0.02465	0.02219	0.02835	0.02712	0.01726	0.05794	0.52909	0.04561	0.04438	0.04068	0.03328	0.01479	0.01109	0.00370	0.00863	0.01233	0.01109	0.01726
29	0.01292	0.01091	0.01119	0.01142	0.01483	0.00917	0.00845	0.01561	0.02449	0.02931	0.10592	0.15041	0.50182	0.02820	0.01298	0.00375	0.00560	0.02373	0.01012	0.00917
30	0.02699	0.02591	0.04426	0.06693	0.54879	0.02591	0.03346	0.03346	0.02483	0.03562	0.02051	0.02699	0.01727	0.00972	0.01079	0.00324	0.01295	0.00972	0.00540	0.01727
31	0.02712	0.02342	0.02465	0.02219	0.02835	0.02712	0.01726	0.05794	0.52909	0.04561	0.04438	0.04068	0.03328	0.01479	0.01109	0.00370	0.00863	0.01233	0.01109	0.01726
32	0.02059	0.01938	0.03270	0.59060	0.07510	0.02422	0.03028	0.02786	0.02180	0.02786	0.01938	0.02907	0.01453	0.01090	0.01090	0.00363	0.01453	0.00969	0.00484	0.01211
33	0.01368	0.00977	0.01310	0.01563	0.01644	0.00920	0.01081	0.01586	0.02126	0.02827	0.05988	0.56501	0.07126	0.03379	0.01402	0.00448	0.00667	0.07180	0.01011	0.00896
34	0.02574	0.02941	0.06434	0.04596	0.05699	0.02757	0.50919	0.03493	0.02574	0.03493	0.02206	0.02941	0.01654	0.00919	0.01287	0.00368	0.01838	0.01287	0.00551	0.01471
35	0.04282	0.01890	0.02452	0.01935	0.02695	0.01745	0.01578	0.08037	0.07277	0.42383	0.09931	0.04175	0.03563	0.01458	0.01119	0.00340	0.00893	0.01200	0.01296	0.01750
36	0.03322	0.01612	0.02274	0.07177	0.02995	0.01532	0.01797	0.03805	0.02780	0.28908	0.04702	0.07230	0.04081	0.02021	0.01267	0.00409	0.01008	0.20512	0.01126	0.01441
37	0.01898	0.01716	0.02534	0.26589	0.10288	0.01894	0.02144	0.02627	0.06396	0.03064	0.05137	0.10448	0.17360	0.01800	0.01175	0.00368	0.01054	0.01567	0.00741	0.01199
38	0.43773	0.02373	0.02193	0.01806	0.02556	0.02654	0.01489	0.17975	0.02962	0.10065	0.02103	0.02203	0.01522	0.01133	0.00839	0.00334	0.00959	0.00755	0.00862	0.01446
39	0.69383	0.02109	0.01603	0.01434	0.02109	0.02446	0.01181	0.03205	0.01856	0.04892	0.01518	0.01771	0.01181	0.01012	0.00675	0.00337	0.00843	0.00590	0.00675	0.01181
40	0.44136	0.02317	0.06704	0.01692	0.02413	0.02246	0.01507	0.03504	0.06742	0.08871	0.08101	0.02918	0.02562	0.01224	0.00852	0.00342	0.00885	0.00868	0.00810	0.01308

[dist]
# distance from previous block
# <min> <max>
2	9

[block]
# block no. 1 follows, 12 sequences, length 39
# corresponding to MSA columns:
# 178-216
name=unknown_B
#
# <colnr> <probs for GDERKNQSTAVLIFYWHMCP>
#	G	D	E	R	K	N	Q	S	T	A	V	L	I	F	Y	W	H	M	C	P
0	0.35091	0.02035	0.01915	0.01727	0.02290	0.02280	0.01358	0.12056	0.07186	0.04738	0.03045	0.16029	0.02918	0.01674	0.00961	0.00363	0.00863	0.01311	0.00872	0.01288
1	0.29479	0.01954	0.01855	0.06367	0.02459	0.06486	0.01329	0.02880	0.01980	0.08181	0.02182	0.03160	0.01915	0.10750	0.02183	0.13186	0.01048	0.00895	0.00671	0.01041
2	0.02385	0.02271	0.03860	0.32340	0.31680	0.02508	0.03190	0.03072	0.02335	0.03182	0.01996	0.02801	0.01593	0.01030	0.01085	0.00343	0.01373	0.00970	0.00513	0.01474
3	0.43224	0.02320	0.02214	0.01850	0.02516	0.02666	0.01528	0.13793	0.02657	0.09366	0.01983	0.02179	0.01480	0.01192	0.01084	0.00349	0.06659	0.00754	0.00803	0.01385
4	0.01686	0.01057	0.01410	0.01535	0.01698	0.00973	0.01069	0.01946	0.02333	0.07850	0.13154	0.47756	0.07264	0.03048	0.01349	0.00418	0.00642	0.02746	0.01071	0.00996
5	0.01562	0.01151	0.01667	0.01667	0.01832	0.01317	0.01257	0.01892	0.01727	0.02468	0.02998	0.04715	0.02913	0.16265	0.49528	0.01647	0.02639	0.01231	0.00596	0.00926
6	0.04000	0.02547	0.02990	0.12501	0.08817	0.10410	0.02136	0.08398	0.03059	0.29282	0.03135	0.03117	0.02121	0.01230	0.01076	0.00331	0.01235	0.00993	0.00980	0.01642
7	0.69383	0.02109	0.01603	0.01434	0.02109	0.02446	0.01181	0.03205	0.01856	0.04892	0.01518	0.01771	0.01181	0.01012	0.00675	0.00337	0.00843	0.00590	0.00675	0.01181
8	0.01400	0.01031	0.01311	0.01405	0.01583	0.00942	0.00991	0.01719	0.02505	0.03379	0.24140	0.34596	0.15190	0.02893	0.01339	0.00396	0.00578	0.02577	0.01080	0.00942
9	0.14721	0.01496	0.01697	0.01609	0.01903	0.01586	0.01184	0.09357	0.02355	0.03618	0.06776	0.18191	0.03736	0.02684	0.02152	0.22809	0.00853	0.01516	0.00796	0.00962
10	0.53414	0.02460	0.02163	0.02353	0.10199	0.07414	0.01592	0.03330	0.02062	0.04491	0.01614	0.01929	0.01284	0.01016	0.00764	0.00330	0.01013	0.00658	0.00644	0.01271
11	0.04073	0.05197	0.03090	0.02809	0.03371	0.57303	0.02107	0.04354	0.03090	0.02669	0.01685	0.01966	0.01404	0.01124	0.00983	0.00281	0.01966	0.00702	0.00562	0.01264
12	0.01322	0.00972	0.01241	0.01456	0.01565	0.00891	0.00984	0.01525	0.02148	0.02808	0.06771	0.53339	0.14350	0.03317	0.01376	0.00432	0.00620	0.02979	0.01012	0.00891
13	0.03455	0.01516	0.02048	0.01729	0.02293	0.01337	0.01360	0.03856	0.02925	0.33945	0.16412	0.15149	0.05309	0.01932	0.01195	0.00358	0.00777	0.01667	0.01253	0.01484
14	0.69383	0.02109	0.01603	0.01434	0.02109	0.02446	0.01181	0.03205	0.01856	0.04892	0.01518	0.01771	0.01181	0.01012	0.00675	0.00337	0.00843	0.00590	0.00675	0.01181
15	0.01617	0.01100	0.01391	0.01318	0.01575	0.01027	0.00989	0.02131	0.02966	0.04326	0.46633	0.07528	0.09155	0.02084	0.01207	0.00330	0.00513	0.01827	0.11257	0.01027
16	0.03476	0.01542	0.02077	0.01700	0.02295	0.01360	0.01360	0.03937	0.03106	0.33964	0.25440	0.05585	0.05907	0.01721	0.01177	0.00340	0.00753	0.01467	0.01286	0.01506
17	0.02261	0.01938	0.02261	0.01615	0.02584	0.01453	0.01292	0.02745	0.02261	0.03553	0.01938	0.02261	0.01615	0.00807	0.00807	0.00161	0.00807	0.00646	0.00646	0.68346
18	0.04892	0.01856	0.02530	0.01940	0.02783	0.01603	0.01603	0.05314	0.03121	0.55634	0.04302	0.03711	0.02699	0.01350	0.01096	0.00337	0.00928	0.01096	0.01350	0.01856
19	0.03723	0.02748	0.02931	0.02320	0.03093	0.03050	0.01892	0.39631	0.12073	0.06249	0.02984	0.02978	0.02169	0.01331	0.01062	0.00327	0.01082	0.01023	0.07584	0.01753
20	0.04892	0.01856	0.02530	0.01940	0.02783	0.01603	0.01603	0.05314	0.03121	0.55634	0.04302	0.03711	0.02699	0.01350	0.01096	0.00337	0.00928	0.01096	0.01350	0.01856
21	0.01306	0.01039	0.01173	0.01280	0.01519	0.00906	0.00906	0.01545	0.02317	0.02877	0.08914	0.31862	0.34444	0.03039	0.01332	0.00400	0.00586	0.02639	0.01012	0.00906
22	0.01586	0.01057	0.01189	0.01189	0.01189	0.01057	0.00661	0.01586	0.01586	0.02114	0.03436	0.07135	0.03964	0.61681	0.05550	0.01057	0.01057	0.01586	0.00661	0.00661
23	0.01632	0.01141	0.01414	0.01516	0.01648	0.01127	0.01121	0.01858	0.02033	0.02648	0.04989	0.09505	0.08891	0.33119	0.03565	0.00776	0.00996	0.20370	0.00828	0.00821
24	0.09714	0.01834	0.02320	0.01879	0.02592	0.01706	0.01515	0.08189	0.03017	0.39531	0.04193	0.12117	0.03187	0.01630	0.01105	0.00353	0.00898	0.01348	0.01221	0.01652
25	0.02643	0.01345	0.01758	0.01523	0.01924	0.01221	0.01148	0.03032	0.02820	0.20664	0.28600	0.06513	0.06645	0.12934	0.02013	0.00473	0.00749	0.01615	0.01149	0.01230
26	0.01558	0.01168	0.01752	0.01752	0.01947	0.01363	0.01363	0.01947	0.01752	0.02531	0.02921	0.04283	0.02726	0.08178	0.57360	0.01752	0.02921	0.01168	0.00584	0.00974
27	0.02187	0.05640	0.56031	0.03108	0.04719	0.02532	0.04029	0.03453	0.02302	0.03453	0.01957	0.02302	0.01381	0.01036	0.01036	0.00345	0.01611	0.00806	0.00460	0.01611
28	0.02261	0.01938	0.02261	0.01615	0.02584	0.01453	0.01292	0.02745	0.02261	0.03553	0.01938	0.02261	0.01615	0.00807	0.00807	0.00161	0.00807	0.00646	0.00646	0.68346
29	0.02624	0.01745	0.02046	0.01865	0.02368	0.01812	0.01461	0.04105	0.22965	0.13773	0.12972	0.10962	0.08928	0.01976	0.01207	0.00377	0.00787	0.05441	0.01144	0.01442
30	0.02699	0.02591	0.04426	0.06693	0.54879	0.02591	0.03346	0.03346	0.02483	0.03562	0.02051	0.02699	0.01727	0.00972	0.01079	0.00324	0.01295	0.00972	0.00540	0.01727
31	0.02490	0.02155	0.03714	0.17575	0.14687	0.02257	0.12327	0.03363	0.06706	0.07767	0.07293	0.03640	0.02732	0.01829	0.06222	0.00478	0.01454	0.01177	0.00708	0.01425
32	0.03590	0.01823	0.02383	0.06006	0.02856	0.01815	0.01603	0.11033	0.02926	0.28631	0.03542	0.04072	0.02669	0.11134	0.10248	0.00656	0.01327	0.01152	0.01032	0.01502
33	0.01433	0.01029	0.01359	0.01447	0.01605	0.00955	0.01020	0.01781	0.02573	0.03556	0.29504	0.35271	0.08708	0.02839	0.01340	0.00394	0.00575	0.02551	0.01104	0.00955
34	0.08253	0.02930	0.16113	0.07754	0.04291	0.02197	0.18720	0.02946	0.02316	0.03404	0.03013	0.14187	0.02880	0.01577	0.01190	0.00382	0.01380	0.04501	0.00652	0.01315
35	0.02724	0.02200	0.03207	0.34733	0.09316	0.02476	0.02599	0.12578	0.02855	0.07211	0.02237	0.02825	0.01650	0.01114	0.01062	0.00332	0.01294	0.00949	0.00681	0.07956
36	0.02875	0.07954	0.14709	0.07328	0.03896	0.02486	0.08542	0.07634	0.10343	0.12243	0.03646	0.03708	0.07138	0.01325	0.01094	0.00344	0.01229	0.01134	0.00821	0.01551
37	0.08118	0.06438	0.01973	0.01516	0.01961	0.01503	0.01188	0.02545	0.02674	0.08630	0.28172	0.14043	0.06722	0.01972	0.01134	0.00330	0.00683	0.01693	0.01023	0.07683
38	0.23786	0.16907	0.02968	0.01678	0.02539	0.02598	0.01449	0.06217	0.02311	0.03953	0.01746	0.02004	0.01440	0.00936	0.00758	0.00246	0.00933	0.00635	0.00640	0.26256

[dist]
# distance from previous block
# <min> <max>
1	12

[block]
# block no. 2 follows, 12 sequences, length 38
# corresponding to MSA columns:
# 229-266
name=unknown_C
#
# <colnr> <probs for GDERKNQSTAVLIFYWHMCP>
#	G	D	E	R	K	N	Q	S	T	A	V	L	I	F	Y	W	H	M	C	P
0	0.02394	0.08003	0.04241	0.21291	0.11729	0.02508	0.14671	0.03074	0.02339	0.03202	0.01980	0.02646	0.01568	0.00959	0.01043	0.00305	0.01370	0.00946	0.00540	0.15193
1	0.16004	0.02886	0.04292	0.03611	0.09472	0.09111	0.23016	0.03831	0.06333	0.07574	0.02315	0.02712	0.01743	0.01041	0.01082	0.00345	0.01461	0.01030	0.00676	0.01464
2	0.02763	0.01521	0.02016	0.01776	0.02175	0.01565	0.01369	0.07964	0.02430	0.17277	0.03264	0.04302	0.02748	0.13172	0.24647	0.05987	0.01780	0.01174	0.00848	0.01223
3	0.09147	0.01447	0.01968	0.07829	0.07435	0.01463	0.01526	0.02491	0.02309	0.09517	0.08200	0.32521	0.05170	0.02360	0.01213	0.00392	0.00827	0.02094	0.00933	0.01156
4	0.32142	0.02704	0.12587	0.01950	0.02871	0.02148	0.01895	0.04042	0.02416	0.23579	0.02644	0.02600	0.01788	0.01143	0.00903	0.00339	0.01025	0.00822	0.00885	0.01517
5	0.02403	0.02117	0.02691	0.02206	0.02716	0.02299	0.01824	0.06654	0.02305	0.03443	0.02262	0.03537	0.02123	0.01527	0.01958	0.00335	0.23031	0.06395	0.00662	0.29513
6	0.01398	0.01008	0.01280	0.01414	0.01535	0.00937	0.00958	0.01637	0.02259	0.03031	0.15662	0.39773	0.11490	0.10090	0.01859	0.00490	0.00653	0.02628	0.01007	0.00890
7	0.03151	0.01563	0.02011	0.01724	0.02255	0.01436	0.01347	0.07398	0.03029	0.26401	0.15738	0.16500	0.08672	0.02045	0.01209	0.00361	0.00777	0.01758	0.01206	0.01420
8	0.19126	0.01911	0.02326	0.01828	0.02634	0.01789	0.01509	0.04848	0.02842	0.44435	0.03687	0.03283	0.02364	0.01275	0.01003	0.00337	0.00909	0.00985	0.01201	0.01707
9	0.51217	0.02037	0.01864	0.01576	0.02299	0.02208	0.01300	0.03799	0.02212	0.19185	0.02302	0.02318	0.01608	0.01107	0.00794	0.00337	0.00867	0.00733	0.00865	0.01371
10	0.03456	0.01700	0.02219	0.01888	0.02488	0.01595	0.01556	0.08834	0.03204	0.28848	0.15451	0.06269	0.04990	0.01867	0.01219	0.00370	0.00880	0.10440	0.01221	0.01505
11	0.03095	0.01926	0.02280	0.01917	0.02491	0.01970	0.01516	0.16303	0.09494	0.16217	0.18646	0.10518	0.05220	0.01819	0.01182	0.00351	0.00842	0.01539	0.01174	0.01501
12	0.32003	0.01962	0.02140	0.01727	0.02500	0.01957	0.01425	0.04427	0.02589	0.34303	0.03132	0.02896	0.02061	0.01208	0.00919	0.00337	0.00892	0.00884	0.01066	0.01572
13	0.61332	0.01978	0.01532	0.01384	0.02008	0.02275	0.01131	0.03126	0.01907	0.04793	0.01762	0.02045	0.01374	0.01043	0.00685	0.00327	0.00803	0.00641	0.08691	0.01161
14	0.01601	0.01224	0.01502	0.01656	0.01829	0.01246	0.01153	0.02362	0.12114	0.03134	0.05700	0.49744	0.06445	0.03034	0.01336	0.00428	0.00678	0.02731	0.01031	0.01051
15	0.04238	0.01711	0.02321	0.01829	0.02558	0.01490	0.01490	0.04677	0.03114	0.45615	0.14074	0.04578	0.04182	0.01521	0.01134	0.00338	0.00847	0.01268	0.01320	0.01694
16	0.04285	0.02829	0.03133	0.02402	0.03269	0.03047	0.01984	0.42603	0.04749	0.16046	0.02935	0.02824	0.02013	0.01317	0.01092	0.00329	0.01149	0.01003	0.01139	0.01855
17	0.04145	0.03054	0.03272	0.02509	0.03381	0.03381	0.02072	0.51243	0.05127	0.06872	0.02618	0.02618	0.01854	0.01309	0.01091	0.00327	0.01200	0.00982	0.01091	0.01854
18	0.01403	0.01021	0.01291	0.01402	0.01549	0.00942	0.00966	0.01674	0.02362	0.03174	0.19374	0.36290	0.13414	0.07839	0.01695	0.00458	0.00626	0.02576	0.01034	0.00910
19	0.01444	0.01111	0.01320	0.01268	0.01568	0.00987	0.00951	0.01866	0.02853	0.03818	0.37491	0.09058	0.27447	0.02436	0.01287	0.00353	0.00529	0.02100	0.01127	0.00987
20	0.02059	0.01938	0.03270	0.59060	0.07510	0.02422	0.03028	0.02786	0.02180	0.02786	0.01938	0.02907	0.01453	0.01090	0.01090	0.00363	0.01453	0.00969	0.00484	0.01211
21	0.01543	0.01115	0.01457	0.01372	0.01629	0.01029	0.01029	0.02058	0.03086	0.04372	0.54304	0.08145	0.10288	0.02229	0.01286	0.00343	0.00514	0.01972	0.01200	0.01029
22	0.02261	0.01938	0.02261	0.01615	0.02584	0.01453	0.01292	0.02745	0.02261	0.03553	0.01938	0.02261	0.01615	0.00807	0.00807	0.00161	0.00807	0.00646	0.00646	0.68346
23	0.02712	0.02342	0.02465	0.02219	0.02835	0.02712	0.01726	0.05794	0.52909	0.04561	0.04438	0.04068	0.03328	0.01479	0.01109	0.00370	0.00863	0.01233	0.01109	0.01726
24	0.02187	0.05640	0.56031	0.03108	0.04719	0.02532	0.04029	0.03453	0.02302	0.03453	0.01957	0.02302	0.01381	0.01036	0.01036	0.00345	0.01611	0.00806	0.00460	0.01611
25	0.01543	0.01115	0.01457	0.01372	0.01629	0.01029	0.01029	0.02058	0.03086	0.04372	0.54304	0.08145	0.10288	0.02229	0.01286	0.00343	0.00514	0.01972	0.01200	0.01029
26	0.01414	0.01109	0.01279	0.01236	0.01550	0.00974	0.00927	0.01808	0.02782	0.03650	0.32400	0.09334	0.32643	0.02499	0.01287	0.00356	0.00534	0.02139	0.01105	0.00974
27	0.02699	0.02591	0.04426	0.06693	0.54879	0.02591	0.03346	0.03346	0.02483	0.03562	0.02051	0.02699	0.01727	0.00972	0.01079	0.00324	0.01295	0.00972	0.00540	0.01727
28	0.02796	0.02571	0.03646	0.02909	0.03684	0.02782	0.15530	0.09057	0.34707	0.04461	0.03656	0.03628	0.02733	0.01308	0.01158	0.00366	0.01165	0.01226	0.00952	0.01665
29	0.02059	0.01938	0.03270	0.59060	0.07510	0.02422	0.03028	0.02786	0.02180	0.02786	0.01938	0.02907	0.01453	0.01090	0.01090	0.00363	0.01453	0.00969	0.00484	0.01211
30	0.02069	0.01374	0.02006	0.13012	0.03156	0.01420	0.01776	0.02517	0.02399	0.09294	0.04915	0.23223	0.05171	0.02552	0.01343	0.00438	0.00978	0.20299	0.00946	0.01113
31	0.02574	0.02941	0.06434	0.04596	0.05699	0.02757	0.50919	0.03493	0.02574	0.03493	0.02206	0.02941	0.01654	0.00919	0.01287	0.00368	0.01838	0.01287	0.00551	0.01471
32	0.02713	0.02051	0.02275	0.02024	0.02594	0.02266	0.01577	0.05013	0.37924	0.09908	0.14170	0.04827	0.04622	0.01612	0.01143	0.00361	0.00802	0.01363	0.01153	0.01603
33	0.63650	0.02150	0.01845	0.01886	0.06645	0.02458	0.01367	0.03217	0.01910	0.04778	0.01564	0.01851	0.01228	0.01009	0.00710	0.00336	0.00882	0.00623	0.00663	0.01228
34	0.02654	0.04226	0.29833	0.02873	0.03942	0.08942	0.06641	0.03512	0.02507	0.08316	0.07377	0.03041	0.02431	0.01279	0.01347	0.00352	0.07617	0.00990	0.00640	0.01480
35	0.08557	0.01365	0.01672	0.01949	0.07801	0.01399	0.01138	0.02023	0.01808	0.02676	0.03299	0.06555	0.03636	0.42756	0.04141	0.00844	0.01059	0.05770	0.00680	0.00873
36	0.15852	0.02117	0.02419	0.02460	0.09395	0.02258	0.01698	0.10795	0.13569	0.09035	0.09925	0.04355	0.08641	0.01509	0.01057	0.00345	0.00898	0.01224	0.00967	0.01482
37	0.33845	0.08847	0.03054	0.02183	0.02916	0.06741	0.07454	0.07139	0.02432	0.09425	0.01970	0.02222	0.01497	0.01115	0.01035	0.00334	0.04925	0.00785	0.00716	0.01364

[dist]
# distance from previous block
# <min> <max>
0	3

[block]
# block no. 3 follows, 12 sequences, length 11
# corresponding to MSA columns:
# 270-280
name=unknown_D
#
# <colnr> <probs for GDERKNQSTAVLIFYWHMCP>
#	G	D	E	R	K	N	Q	S	T	A	V	L	I	F	Y	W	H	M	C	P
0	0.20200	0.02060	0.02398	0.01888	0.02694	0.02018	0.01558	0.10339	0.03060	0.37649	0.03434	0.03116	0.02235	0.01264	0.00995	0.00336	0.00940	0.00962	0.01157	0.01694
1	0.01753	0.01089	0.01427	0.01509	0.01713	0.00992	0.01067	0.02033	0.02411	0.08832	0.15048	0.41593	0.10504	0.02929	0.01333	0.00408	0.00637	0.02620	0.01083	0.01020
2	0.10244	0.01987	0.03211	0.36847	0.10599	0.02306	0.06126	0.02793	0.02116	0.03069	0.01913	0.02797	0.01509	0.01350	0.01398	0.07739	0.01338	0.00945	0.00516	0.01196
3	0.16078	0.02180	0.02321	0.01975	0.02595	0.02438	0.01588	0.11058	0.19731	0.12712	0.03304	0.03254	0.02426	0.01350	0.01142	0.00347	0.04681	0.01010	0.08261	0.01547
4	0.01325	0.01106	0.01154	0.01142	0.01495	0.00936	0.00857	0.01634	0.02570	0.03146	0.17136	0.10163	0.48221	0.02686	0.01288	0.00365	0.00547	0.02255	0.01039	0.00936
5	0.01659	0.01103	0.01425	0.01435	0.01672	0.01005	0.01041	0.02030	0.02677	0.06987	0.29830	0.26788	0.12934	0.02643	0.01311	0.00380	0.00587	0.02346	0.01125	0.01021
6	0.14926	0.02037	0.02568	0.18580	0.04055	0.02247	0.01973	0.04316	0.14118	0.19483	0.03153	0.03217	0.02213	0.01244	0.01023	0.00352	0.01051	0.01002	0.00923	0.01519
7	0.03145	0.02229	0.03232	0.24108	0.13661	0.02435	0.02513	0.10546	0.07708	0.15204	0.02809	0.03117	0.02009	0.01194	0.01092	0.00346	0.01219	0.01024	0.00828	0.01581
8	0.02718	0.04646	0.37091	0.02927	0.04188	0.02833	0.03357	0.15853	0.02978	0.04265	0.02078	0.02393	0.01510	0.01193	0.01299	0.00353	0.07193	0.00866	0.00627	0.01634
9	0.69383	0.02109	0.01603	0.01434	0.02109	0.02446	0.01181	0.03205	0.01856	0.04892	0.01518	0.01771	0.01181	0.01012	0.00675	0.00337	0.00843	0.00590	0.00675	0.01181
10	0.02058	0.01377	0.01927	0.14428	0.03066	0.01403	0.01528	0.02483	0.02499	0.10056	0.16714	0.13184	0.11339	0.08571	0.01706	0.00448	0.00885	0.04278	0.00944	0.01106

[dist]
# distance from previous block
# <min> <max>
0	2

[block]
# block no. 4 follows, 12 sequences, length 31
# corresponding to MSA columns:
# 283-313
name=unknown_E
#
# <colnr> <probs for GDERKNQSTAVLIFYWHMCP>
#	G	D	E	R	K	N	Q	S	T	A	V	L	I	F	Y	W	H	M	C	P
0	0.02833	0.02098	0.02999	0.34109	0.05499	0.02425	0.02467	0.08044	0.11967	0.12221	0.02851	0.03229	0.02041	0.01224	0.01095	0.00357	0.01235	0.01040	0.00797	0.01470
1	0.69383	0.02109	0.01603	0.01434	0.02109	0.02446	0.01181	0.03205	0.01856	0.04892	0.01518	0.01771	0.01181	0.01012	0.00675	0.00337	0.00843	0.00590	0.00675	0.01181
2	0.01379	0.01002	0.01308	0.01506	0.01630	0.00931	0.01056	0.01632	0.02250	0.02986	0.11028	0.47716	0.11564	0.03214	0.01382	0.00431	0.00643	0.06401	0.01029	0.00912
3	0.01577	0.01092	0.01365	0.01365	0.01426	0.01153	0.00880	0.01699	0.01638	0.02244	0.03275	0.06244	0.03577	0.44962	0.21739	0.01274	0.01639	0.01455	0.00637	0.00758
4	0.03969	0.01651	0.02235	0.01783	0.02465	0.01444	0.01444	0.04417	0.03111	0.41509	0.18080	0.04933	0.04790	0.01592	0.01149	0.00339	0.00814	0.01338	0.01308	0.01628
5	0.69383	0.02109	0.01603	0.01434	0.02109	0.02446	0.01181	0.03205	0.01856	0.04892	0.01518	0.01771	0.01181	0.01012	0.00675	0.00337	0.00843	0.00590	0.00675	0.01181
6	0.01562	0.01150	0.01661	0.01661	0.01823	0.01313	0.01248	0.01888	0.01725	0.02463	0.03005	0.04748	0.02928	0.16901	0.48912	0.01639	0.02617	0.01236	0.00597	0.00923
7	0.57112	0.02094	0.01745	0.01535	0.02168	0.02400	0.01245	0.07616	0.02128	0.04811	0.01657	0.01990	0.01309	0.01290	0.01037	0.06439	0.00887	0.00660	0.00696	0.01181
8	0.04378	0.02680	0.03040	0.02331	0.03194	0.02825	0.01926	0.36891	0.04500	0.22109	0.03144	0.02959	0.02118	0.01322	0.01093	0.00330	0.01115	0.01018	0.01172	0.01855
9	0.01586	0.01057	0.01189	0.01189	0.01189	0.01057	0.00661	0.01586	0.01586	0.02114	0.03436	0.07135	0.03964	0.61681	0.05550	0.01057	0.01057	0.01586	0.00661	0.00661
10	0.01423	0.01016	0.01374	0.01626	0.01731	0.00967	0.01176	0.01682	0.02181	0.02889	0.05957	0.50240	0.07005	0.03327	0.01417	0.00456	0.00714	0.12897	0.01010	0.00912
11	0.01324	0.00966	0.01248	0.01473	0.01570	0.00889	0.00992	0.01523	0.02131	0.02801	0.06564	0.55413	0.12410	0.03344	0.01380	0.00435	0.00624	0.03012	0.01012	0.00889
12	0.02059	0.01938	0.03270	0.59060	0.07510	0.02422	0.03028	0.02786	0.02180	0.02786	0.01938	0.02907	0.01453	0.01090	0.01090	0.00363	0.01453	0.00969	0.00484	0.01211
13	0.02915	0.62337	0.05714	0.01866	0.02799	0.04314	0.01866	0.03265	0.02215	0.02565	0.01516	0.01749	0.01399	0.00933	0.00700	0.00233	0.01166	0.00583	0.00466	0.01399
14	0.01328	0.00949	0.01265	0.01518	0.01581	0.00886	0.01012	0.01518	0.02088	0.02783	0.06010	0.60969	0.07212	0.03416	0.01392	0.00443	0.00633	0.03100	0.01012	0.00886
15	0.02261	0.01938	0.02261	0.01615	0.02584	0.01453	0.01292	0.02745	0.02261	0.03553	0.01938	0.02261	0.01615	0.00807	0.00807	0.00161	0.00807	0.00646	0.00646	0.68346
16	0.01586	0.01057	0.01189	0.01189	0.01189	0.01057	0.00661	0.01586	0.01586	0.02114	0.03436	0.07135	0.03964	0.61681	0.05550	0.01057	0.01057	0.01586	0.00661	0.00661
17	0.02915	0.62337	0.05714	0.01866	0.02799	0.04314	0.01866	0.03265	0.02215	0.02565	0.01516	0.01749	0.01399	0.00933	0.00700	0.00233	0.01166	0.00583	0.00466	0.01399
18	0.04892	0.01856	0.02530	0.01940	0.02783	0.01603	0.01603	0.05314	0.03121	0.55634	0.04302	0.03711	0.02699	0.01350	0.01096	0.00337	0.00928	0.01096	0.01350	0.01856
19	0.01292	0.01090	0.01119	0.01143	0.01483	0.00917	0.00845	0.01561	0.02449	0.02931	0.10582	0.15139	0.50091	0.02822	0.01298	0.00375	0.00560	0.02375	0.01012	0.00917
20	0.02187	0.05640	0.56031	0.03108	0.04719	0.02532	0.04029	0.03453	0.02302	0.03453	0.01957	0.02302	0.01381	0.01036	0.01036	0.00345	0.01611	0.00806	0.00460	0.01611
21	0.01586	0.01057	0.01189	0.01189	0.01189	0.01057	0.00661	0.01586	0.01586	0.02114	0.03436	0.07135	0.03964	0.61681	0.05550	0.01057	0.01057	0.01586	0.00661	0.00661
22	0.02731	0.01608	0.02006	0.01764	0.02243	0.01576	0.01390	0.08546	0.07591	0.16749	0.24389	0.11413	0.06364	0.02015	0.01228	0.00362	0.00764	0.04713	0.01185	0.01365
23	0.14778	0.02144	0.02417	0.01979	0.02694	0.02214	0.01597	0.16101	0.08038	0.24342	0.03620	0.09452	0.02793	0.01523	0.01059	0.00350	0.00943	0.01217	0.01113	0.01624
24	0.01558	0.01168	0.01752	0.01752	0.01947	0.01363	0.01363	0.01947	0.01752	0.02531	0.02921	0.04283	0.02726	0.08178	0.57360	0.01752	0.02921	0.01168	0.00584	0.00974
25	0.02187	0.05640	0.56031	0.03108	0.04719	0.02532	0.04029	0.03453	0.02302	0.03453	0.01957	0.02302	0.01381	0.01036	0.01036	0.00345	0.01611	0.00806	0.00460	0.01611
26	0.08471	0.02855	0.10370	0.03456	0.04405	0.02477	0.28847	0.06813	0.02645	0.03862	0.06770	0.03315	0.02447	0.01726	0.06146	0.00480	0.01655	0.01198	0.00653	0.01406
27	0.01734	0.01092	0.01362	0.01445	0.01655	0.00987	0.01006	0.01952	0.02245	0.08578	0.06707	0.38829	0.16842	0.08143	0.01700	0.00469	0.00685	0.02571	0.01019	0.00980
28	0.02699	0.02591	0.04426	0.06693	0.54879	0.02591	0.03346	0.03346	0.02483	0.03562	0.02051	0.02699	0.01727	0.00972	0.01079	0.00324	0.01295	0.00972	0.00540	0.01727
29	0.02511	0.02374	0.03218	0.09338	0.26818	0.07097	0.02436	0.07082	0.02677	0.03505	0.03693	0.13004	0.08380	0.01621	0.01147	0.00348	0.01172	0.01441	0.00714	0.01423
30	0.10740	0.02530	0.02706	0.02134	0.02944	0.07318	0.01743	0.18160	0.03571	0.31986	0.03314	0.03053	0.02194	0.01285	0.01044	0.00329	0.01093	0.00979	0.01139	0.01737

[dist]
# distance from previous block
# <min> <max>
2	12

[block]
# block no. 5 follows, 12 sequences, length 37
# corresponding to MSA columns:
# 326-353,358-366
name=unknown_F
#
# <colnr> <probs for GDERKNQSTAVLIFYWHMCP>
#	G	D	E	R	K	N	Q	S	T	A	V	L	I	F	Y	W	H	M	C	P
0	0.02705	0.14271	0.03673	0.31824	0.05374	0.08325	0.02507	0.08639	0.06340	0.03316	0.02090	0.02640	0.01621	0.01116	0.01004	0.00326	0.01376	0.00888	0.00602	0.01363
1	0.09910	0.09830	0.36776	0.02642	0.03976	0.02671	0.03138	0.07412	0.02481	0.03832	0.01923	0.02217	0.01419	0.01029	0.00952	0.00318	0.01388	0.00764	0.00553	0.06768
2	0.01749	0.01068	0.01427	0.01549	0.01721	0.00981	0.01080	0.02001	0.02314	0.08848	0.11184	0.48722	0.07051	0.03054	0.01347	0.00420	0.00652	0.02751	0.01071	0.01010
3	0.03486	0.03343	0.03349	0.03335	0.12336	0.16645	0.02307	0.19747	0.09029	0.04433	0.02335	0.02601	0.01829	0.01299	0.01384	0.00339	0.08900	0.00934	0.00784	0.01585
4	0.03004	0.02093	0.03182	0.08610	0.03734	0.01831	0.10324	0.03575	0.02539	0.17518	0.02623	0.02844	0.01897	0.01005	0.01001	0.00268	0.01094	0.00917	0.00801	0.31139
5	0.32747	0.01979	0.02141	0.01814	0.02369	0.02220	0.01489	0.03539	0.02299	0.18014	0.08128	0.03109	0.02646	0.01396	0.01368	0.00363	0.11210	0.00944	0.00879	0.01347
6	0.02187	0.05640	0.56031	0.03108	0.04719	0.02532	0.04029	0.03453	0.02302	0.03453	0.01957	0.02302	0.01381	0.01036	0.01036	0.00345	0.01611	0.00806	0.00460	0.01611
7	0.03649	0.02208	0.02713	0.02245	0.02862	0.02427	0.01822	0.08569	0.19704	0.25120	0.03697	0.03506	0.02615	0.01491	0.01549	0.00373	0.11560	0.01107	0.01091	0.01692
8	0.09741	0.02550	0.02827	0.02222	0.03040	0.02716	0.01823	0.28895	0.09580	0.20481	0.03211	0.03022	0.02204	0.01314	0.01059	0.00336	0.01054	0.01009	0.01132	0.01783
9	0.01805	0.01168	0.01439	0.01377	0.01703	0.01037	0.01029	0.02185	0.02749	0.09397	0.27929	0.16758	0.22355	0.02481	0.01282	0.00366	0.00591	0.02154	0.01130	0.01065
10	0.01756	0.01107	0.01406	0.01427	0.01622	0.01024	0.00992	0.02024	0.02381	0.07909	0.18569	0.28070	0.10271	0.13835	0.02112	0.00517	0.00702	0.02277	0.01027	0.00972
11	0.69383	0.02109	0.01603	0.01434	0.02109	0.02446	0.01181	0.03205	0.01856	0.04892	0.01518	0.01771	0.01181	0.01012	0.00675	0.00337	0.00843	0.00590	0.00675	0.01181
12	0.04809	0.01989	0.02613	0.02003	0.02850	0.01801	0.01655	0.10430	0.03344	0.50202	0.04114	0.03589	0.02605	0.01345	0.01096	0.00336	0.00958	0.01084	0.01321	0.01855
13	0.01542	0.01220	0.01319	0.01303	0.01580	0.01158	0.00921	0.02080	0.07902	0.03048	0.12053	0.12504	0.29560	0.16343	0.02269	0.00532	0.00707	0.02045	0.00958	0.00957
14	0.04892	0.01856	0.02530	0.01940	0.02783	0.01603	0.01603	0.05314	0.03121	0.55634	0.04302	0.03711	0.02699	0.01350	0.01096	0.00337	0.00928	0.01096	0.01350	0.01856
15	0.69383	0.02109	0.01603	0.01434	0.02109	0.02446	0.01181	0.03205	0.01856	0.04892	0.01518	0.01771	0.01181	0.01012	0.00675	0.00337	0.00843	0.00590	0.00675	0.01181
16	0.28615	0.01891	0.02108	0.01758	0.02480	0.01883	0.01461	0.04227	0.02589	0.31570	0.03409	0.03834	0.02485	0.01387	0.00980	0.00354	0.00904	0.05480	0.01064	0.01520
17	0.01798	0.01133	0.01366	0.01320	0.01501	0.01064	0.00883	0.02008	0.02230	0.07366	0.16957	0.12762	0.11319	0.29842	0.03254	0.00686	0.00816	0.01866	0.00924	0.00903
18	0.02712	0.02342	0.02465	0.02219	0.02835	0.02712	0.01726	0.05794	0.52909	0.04561	0.04438	0.04068	0.03328	0.01479	0.01109	0.00370	0.00863	0.01233	0.01109	0.01726
19	0.69383	0.02109	0.01603	0.01434	0.02109	0.02446	0.01181	0.03205	0.01856	0.04892	0.01518	0.01771	0.01181	0.01012	0.00675	0.00337	0.00843	0.00590	0.00675	0.01181
20	0.02725	0.01342	0.01756	0.01584	0.01988	0.01202	0.01185	0.03050	0.02640	0.22733	0.14962	0.19980	0.08787	0.08842	0.01716	0.00447	0.00761	0.01911	0.01136	0.01253
21	0.01798	0.01180	0.01485	0.01371	0.01703	0.01060	0.01041	0.02257	0.02971	0.08763	0.41188	0.08205	0.18330	0.02254	0.01269	0.00347	0.00560	0.01957	0.01177	0.01083
22	0.02712	0.02342	0.02465	0.02219	0.02835	0.02712	0.01726	0.05794	0.52909	0.04561	0.04438	0.04068	0.03328	0.01479	0.01109	0.00370	0.00863	0.01233	0.01109	0.01726
23	0.02712	0.02342	0.02465	0.02219	0.02835	0.02712	0.01726	0.05794	0.52909	0.04561	0.04438	0.04068	0.03328	0.01479	0.01109	0.00370	0.00863	0.01233	0.01109	0.01726
24	0.02261	0.01938	0.02261	0.01615	0.02584	0.01453	0.01292	0.02745	0.02261	0.03553	0.01938	0.02261	0.01615	0.00807	0.00807	0.00161	0.00807	0.00646	0.00646	0.68346
25	0.01328	0.00949	0.01265	0.01518	0.01581	0.00886	0.01012	0.01518	0.02088	0.02783	0.06010	0.60969	0.07212	0.03416	0.01392	0.00443	0.00633	0.03100	0.01012	0.00886
26	0.02915	0.62337	0.05714	0.01866	0.02799	0.04314	0.01866	0.03265	0.02215	0.02565	0.01516	0.01749	0.01399	0.00933	0.00700	0.00233	0.01166	0.00583	0.00466	0.01399
27	0.01543	0.01115	0.01457	0.01372	0.01629	0.01029	0.01029	0.02058	0.03086	0.04372	0.54304	0.08145	0.10288	0.02229	0.01286	0.00343	0.00514	0.01972	0.01200	0.01029
28	0.01401	0.01039	0.01307	0.01387	0.01579	0.00945	0.00984	0.01728	0.02533	0.03406	0.24941	0.31954	0.17083	0.02853	0.01333	0.00392	0.00574	0.02532	0.01082	0.00945
29	0.02699	0.02591	0.04426	0.06693	0.54879	0.02591	0.03346	0.03346	0.02483	0.03562	0.02051	0.02699	0.01727	0.00972	0.01079	0.00324	0.01295	0.00972	0.00540	0.01727
30	0.02927	0.02294	0.02472	0.02191	0.02830	0.02603	0.01714	0.05747	0.48008	0.09589	0.04424	0.04033	0.03266	0.01467	0.01108	0.00367	0.00869	0.01219	0.01133	0.01739
31	0.02059	0.01938	0.03270	0.59060	0.07510	0.02422	0.03028	0.02786	0.02180	0.02786	0.01938	0.02907	0.01453	0.01090	0.01090	0.00363	0.01453	0.00969	0.00484	0.01211
32	0.01406	0.01004	0.01354	0.01607	0.01704	0.00952	0.01147	0.01652	0.02164	0.02870	0.05967	0.52162	0.07042	0.03343	0.01412	0.00454	0.00700	0.11142	0.01011	0.00907
33	0.01757	0.01255	0.01757	0.02008	0.02259	0.01255	0.01757	0.02259	0.02510	0.03263	0.05773	0.12299	0.06275	0.03012	0.01506	0.00502	0.01004	0.47540	0.01004	0.01004
34	0.02458	0.02104	0.02234	0.02054	0.02599	0.02385	0.01580	0.05024	0.43749	0.04254	0.05181	0.09764	0.08336	0.01770	0.01151	0.00376	0.00814	0.01498	0.01092	0.01577
35	0.02982	0.20310	0.05603	0.03389	0.04397	0.03335	0.27003	0.12801	0.02970	0.03885	0.02085	0.02530	0.01619	0.01000	0.01077	0.00320	0.01517	0.01021	0.00633	0.01525
36	0.48798	0.02101	0.01828	0.01557	0.02283	0.02281	0.01263	0.03402	0.07607	0.04592	0.01925	0.02123	0.01505	0.01024	0.00749	0.00306	0.00839	0.00673	0.00717	0.14428

[dist]
# distance from previous block
# <min> <max>
0	18

[block]
# block no. 6 follows, 12 sequences, length 54
# corresponding to MSA columns:
# 385-438
name=unknown_G
#
# <colnr> <probs for GDERKNQSTAVLIFYWHMCP>
#	G	D	E	R	K	N	Q	S	T	A	V	L	I	F	Y	W	H	M	C	P
0	0.30244	0.08204	0.07598	0.12841	0.03713	0.02824	0.02047	0.13482	0.02695	0.04569	0.01874	0.02216	0.01416	0.01086	0.00878	0.00331	0.01136	0.00766	0.00689	0.01391
1	0.02227	0.02110	0.03512	0.29786	0.10186	0.02289	0.09786	0.03145	0.06961	0.03349	0.07089	0.03422	0.02517	0.01167	0.01111	0.00339	0.01292	0.01102	0.00639	0.07972
2	0.01535	0.01147	0.01704	0.01729	0.01911	0.01316	0.01328	0.01905	0.01786	0.02556	0.03226	0.09893	0.03170	0.07706	0.51821	0.01623	0.02694	0.01359	0.00626	0.00965
3	0.02930	0.08005	0.03903	0.15051	0.27241	0.02746	0.02748	0.09120	0.06510	0.07690	0.02392	0.02819	0.01851	0.01096	0.01051	0.00328	0.01243	0.00965	0.00690	0.01623
4	0.41557	0.03071	0.02267	0.01970	0.02648	0.16923	0.01570	0.11439	0.02718	0.04638	0.01743	0.01962	0.01350	0.01090	0.00824	0.00321	0.01195	0.00684	0.00714	0.01314
5	0.01434	0.01069	0.01334	0.01354	0.01584	0.00969	0.00983	0.01814	0.02701	0.03661	0.32694	0.22381	0.18718	0.02649	0.01314	0.00374	0.00553	0.02334	0.01112	0.00969
6	0.02368	0.01416	0.01725	0.01576	0.01910	0.01368	0.01148	0.08064	0.02719	0.12542	0.14214	0.18733	0.08677	0.15888	0.02231	0.00528	0.00819	0.01896	0.01035	0.01143
7	0.02835	0.51372	0.05565	0.02210	0.03074	0.04081	0.06478	0.03228	0.02199	0.02657	0.01572	0.01918	0.01426	0.01020	0.01015	0.00268	0.06536	0.00682	0.00475	0.01387
8	0.02777	0.01235	0.01410	0.01257	0.01664	0.01169	0.00981	0.03262	0.02504	0.17483	0.03751	0.03973	0.02770	0.01291	0.00849	0.00276	0.00617	0.01037	0.50461	0.01235
9	0.09381	0.01706	0.01964	0.01715	0.02220	0.01750	0.01322	0.03881	0.15763	0.16692	0.18028	0.05257	0.04994	0.08598	0.01628	0.00431	0.00801	0.01385	0.01098	0.01384
10	0.02649	0.01957	0.02633	0.22039	0.04262	0.02181	0.02056	0.12374	0.08018	0.09195	0.12576	0.08341	0.03907	0.01581	0.01152	0.00357	0.01060	0.01355	0.00919	0.01390
11	0.02493	0.02348	0.03705	0.21740	0.22838	0.02582	0.06398	0.03819	0.15516	0.03574	0.02648	0.03138	0.02053	0.01137	0.01106	0.00351	0.01273	0.01062	0.00672	0.01546
12	0.01625	0.01348	0.01459	0.01428	0.01818	0.01295	0.01107	0.02467	0.11823	0.03439	0.14336	0.09216	0.35223	0.02489	0.01277	0.00379	0.00649	0.06481	0.01051	0.01089
13	0.02702	0.01374	0.01812	0.01607	0.02066	0.01228	0.01266	0.03137	0.02924	0.22144	0.25333	0.11077	0.11182	0.02116	0.01244	0.00363	0.00710	0.05211	0.01207	0.01298
14	0.02918	0.02195	0.03516	0.32989	0.09563	0.02427	0.07135	0.08981	0.02754	0.13095	0.02485	0.03009	0.01768	0.01138	0.01109	0.00352	0.01351	0.01024	0.00724	0.01467
15	0.02443	0.14310	0.33007	0.02872	0.04137	0.02886	0.07600	0.03860	0.11712	0.03513	0.02367	0.02597	0.01771	0.01090	0.01016	0.00333	0.01419	0.00892	0.00590	0.01584
16	0.02187	0.05640	0.56031	0.03108	0.04719	0.02532	0.04029	0.03453	0.02302	0.03453	0.01957	0.02302	0.01381	0.01036	0.01036	0.00345	0.01611	0.00806	0.00460	0.01611
17	0.69383	0.02109	0.01603	0.01434	0.02109	0.02446	0.01181	0.03205	0.01856	0.04892	0.01518	0.01771	0.01181	0.01012	0.00675	0.00337	0.00843	0.00590	0.00675	0.01181
18	0.03274	0.01607	0.02113	0.01838	0.02394	0.01482	0.01462	0.03826	0.07279	0.27049	0.04270	0.11916	0.03630	0.02087	0.01535	0.08246	0.00888	0.07580	0.01084	0.06440
19	0.15330	0.01858	0.02369	0.08881	0.08092	0.01935	0.01765	0.06901	0.02563	0.16360	0.03369	0.09516	0.02980	0.07446	0.01514	0.00433	0.01022	0.05413	0.00894	0.01359
20	0.04616	0.02018	0.02597	0.02021	0.02847	0.01879	0.01660	0.09840	0.07949	0.46125	0.04150	0.03638	0.02675	0.01358	0.01097	0.00339	0.00948	0.01098	0.01302	0.01843
21	0.01491	0.01039	0.01321	0.01484	0.01557	0.01008	0.01013	0.01667	0.01981	0.02628	0.05061	0.33757	0.05907	0.23929	0.02880	0.00670	0.00845	0.10049	0.00887	0.00826
22	0.01566	0.01082	0.01356	0.01484	0.01565	0.01066	0.01033	0.01744	0.01951	0.02579	0.04682	0.21831	0.05371	0.31965	0.03466	0.00760	0.00938	0.13918	0.00837	0.00806
23	0.02760	0.02465	0.03837	0.22876	0.29973	0.02683	0.03007	0.12061	0.02876	0.03925	0.02120	0.02751	0.01662	0.01073	0.01085	0.00337	0.01329	0.00973	0.00624	0.01584
24	0.69383	0.02109	0.01603	0.01434	0.02109	0.02446	0.01181	0.03205	0.01856	0.04892	0.01518	0.01771	0.01181	0.01012	0.00675	0.00337	0.00843	0.00590	0.00675	0.01181
25	0.02026	0.01103	0.01511	0.01426	0.01623	0.01034	0.01025	0.02011	0.02192	0.08058	0.18737	0.05502	0.09617	0.02979	0.02766	0.34561	0.00777	0.01401	0.00831	0.00820
26	0.10445	0.03107	0.10175	0.03884	0.04962	0.02762	0.35951	0.08181	0.02718	0.03986	0.02144	0.02714	0.01594	0.00979	0.01173	0.00358	0.01639	0.01131	0.00611	0.01488
27	0.02261	0.01938	0.02261	0.01615	0.02584	0.01453	0.01292	0.02745	0.02261	0.03553	0.01938	0.02261	0.01615	0.00807	0.00807	0.00161	0.00807	0.00646	0.00646	0.68346
28	0.02059	0.01938	0.03270	0.59060	0.07510	0.02422	0.03028	0.02786	0.02180	0.02786	0.01938	0.02907	0.01453	0.01090	0.01090	0.00363	0.01453	0.00969	0.00484	0.01211
29	0.01487	0.01071	0.01407	0.01410	0.01617	0.00992	0.01024	0.01917	0.02827	0.03959	0.41738	0.21890	0.09488	0.02538	0.01314	0.00369	0.00545	0.02265	0.01151	0.00992
30	0.01643	0.01322	0.01505	0.01566	0.01864	0.01315	0.01159	0.02503	0.13109	0.03254	0.07345	0.28223	0.22146	0.02752	0.01305	0.00407	0.00683	0.05782	0.01032	0.01086
31	0.01864	0.00958	0.01398	0.01398	0.01398	0.00958	0.00919	0.01437	0.01437	0.01915	0.02044	0.03687	0.02096	0.09437	0.04387	0.61718	0.00958	0.01009	0.00492	0.00492
32	0.01289	0.01105	0.01105	0.01105	0.01473	0.00920	0.00828	0.01565	0.02485	0.02946	0.11046	0.10493	0.54437	0.02761	0.01289	0.00368	0.00552	0.02301	0.01013	0.00920
33	0.39882	0.02536	0.02358	0.01920	0.02684	0.02869	0.01584	0.24928	0.03335	0.05787	0.02015	0.02154	0.01485	0.01146	0.00863	0.00333	0.01005	0.00767	0.00863	0.01485
34	0.01391	0.01045	0.01296	0.01417	0.01612	0.00950	0.01022	0.01689	0.02416	0.03166	0.16562	0.33824	0.20290	0.02985	0.01353	0.00408	0.00616	0.05981	0.01048	0.00931
35	0.69383	0.02109	0.01603	0.01434	0.02109	0.02446	0.01181	0.03205	0.01856	0.04892	0.01518	0.01771	0.01181	0.01012	0.00675	0.00337	0.00843	0.00590	0.00675	0.01181
36	0.69383	0.02109	0.01603	0.01434	0.02109	0.02446	0.01181	0.03205	0.01856	0.04892	0.01518	0.01771	0.01181	0.01012	0.00675	0.00337	0.00843	0.00590	0.00675	0.01181
