[name]
unknown

[dist]
# distance from previous block
# <min> <max>
0	65

[block]
# block no. 0 follows, 14 sequences, length 15
# corresponding to MSA columns:
# 67-81
name=unknown_A
#
# <colnr> <probs for GDERKNQSTAVLIFYWHMCP>
#	G	D	E	R	K	N	Q	S	T	A	V	L	I	F	Y	W	H	M	C	P
0	0.01467	0.01056	0.01407	0.01437	0.01653	0.00995	0.01112	0.01907	0.02660	0.03687	0.38947	0.16176	0.08480	0.02409	0.01268	0.00368	0.00597	0.12365	0.01066	0.00945
1	0.71184	0.01985	0.01508	0.01350	0.01985	0.02302	0.01111	0.03017	0.01746	0.04604	0.01429	0.01667	0.01111	0.00953	0.00635	0.00318	0.00794	0.00556	0.00635	0.01111
2	0.01852	0.01127	0.01439	0.01350	0.01664	0.01011	0.01015	0.02239	0.02670	0.11741	0.33415	0.16002	0.16049	0.02230	0.01200	0.00340	0.00565	0.01948	0.01094	0.01047
3	0.01472	0.00952	0.01171	0.01235	0.01251	0.00936	0.00751	0.01452	0.01595	0.02127	0.03662	0.21309	0.04253	0.38514	0.03991	0.11338	0.00872	0.01783	0.00684	0.00652
4	0.60895	0.01948	0.01643	0.01423	0.02083	0.02179	0.01173	0.03323	0.01930	0.12894	0.01834	0.01949	0.01332	0.01002	0.00696	0.00318	0.00806	0.00629	0.00733	0.01210
5	0.03002	0.02824	0.02547	0.02237	0.02843	0.13721	0.01742	0.12454	0.37882	0.04273	0.03420	0.03242	0.02575	0.01304	0.01019	0.00326	0.01060	0.01028	0.00942	0.01558
6	0.02540	0.02438	0.04165	0.06299	0.57533	0.02438	0.03149	0.03149	0.02337	0.03353	0.01930	0.02540	0.01626	0.00914	0.01016	0.00305	0.01219	0.00914	0.00508	0.01626
7	0.04604	0.01746	0.02382	0.01826	0.02620	0.01508	0.01508	0.05001	0.02937	0.58244	0.04049	0.03493	0.02540	0.01270	0.01032	0.00318	0.00873	0.01032	0.01270	0.01746
8	0.71184	0.01985	0.01508	0.01350	0.01985	0.02302	0.01111	0.03017	0.01746	0.04604	0.01429	0.01667	0.01111	0.00953	0.00635	0.00318	0.00794	0.00556	0.00635	0.01111
9	0.01654	0.01181	0.01654	0.01890	0.02126	0.01181	0.01654	0.02126	0.02362	0.03071	0.05433	0.11576	0.05906	0.02835	0.01417	0.00472	0.00945	0.50626	0.00945	0.00945
10	0.02078	0.01684	0.01947	0.01915	0.02318	0.01855	0.01536	0.03796	0.30160	0.03755	0.08727	0.10934	0.04812	0.02054	0.01199	0.00392	0.00816	0.17719	0.01011	0.01293
11	0.03060	0.02732	0.04260	0.03180	0.04007	0.02892	0.23364	0.25479	0.07155	0.04675	0.02333	0.02668	0.01733	0.01138	0.01295	0.00338	0.06325	0.01057	0.00771	0.01537
12	0.01379	0.01035	0.01279	0.01287	0.01476	0.01016	0.00920	0.01637	0.02027	0.02688	0.13393	0.11846	0.19908	0.17215	0.17457	0.00831	0.01208	0.01758	0.00802	0.00839
13	0.01490	0.01005	0.01170	0.01170	0.01187	0.01022	0.00685	0.01525	0.01507	0.02027	0.03187	0.06459	0.03620	0.58560	0.10446	0.01057	0.01163	0.01455	0.00615	0.00650
14	0.02474	0.02156	0.02568	0.02764	0.11649	0.02418	0.01878	0.04793	0.42392	0.04035	0.03914	0.04272	0.03119	0.01436	0.01071	0.00351	0.00890	0.05305	0.00948	0.01567

[dist]
# distance from previous block
# <min> <max>
0	1

[block]
# block no. 1 follows, 14 sequences, length 32
# corresponding to MSA columns:
# 83-114
name=unknown_B
#
# <colnr> <probs for GDERKNQSTAVLIFYWHMCP>
#	G	D	E	R	K	N	Q	S	T	A	V	L	I	F	Y	W	H	M	C	P
0	0.02837	0.43465	0.15790	0.02046	0.03028	0.06360	0.02158	0.03345	0.02225	0.07886	0.01768	0.01938	0.01430	0.00944	0.00772	0.00253	0.01200	0.00643	0.00521	0.01392
1	0.71184	0.01985	0.01508	0.01350	0.01985	0.02302	0.01111	0.03017	0.01746	0.04604	0.01429	0.01667	0.01111	0.00953	0.00635	0.00318	0.00794	0.00556	0.00635	0.01111
2	0.01923	0.01533	0.01542	0.01636	0.01829	0.09174	0.01149	0.02134	0.02187	0.07751	0.04936	0.49116	0.05627	0.02732	0.01230	0.00386	0.00797	0.02426	0.00922	0.00968
3	0.02316	0.01240	0.01386	0.01300	0.01645	0.01246	0.01038	0.07387	0.02503	0.09127	0.03625	0.04756	0.03000	0.01436	0.00874	0.00286	0.00641	0.07932	0.47159	0.01103
4	0.01372	0.01001	0.01290	0.01312	0.01508	0.00919	0.00948	0.01746	0.02576	0.03555	0.37707	0.24551	0.12746	0.02475	0.01240	0.00353	0.00521	0.02200	0.01062	0.00919
5	0.02128	0.01824	0.02128	0.01520	0.02432	0.01368	0.01216	0.02584	0.02128	0.03344	0.01824	0.02128	0.01520	0.00760	0.00760	0.00152	0.00760	0.00608	0.00608	0.70208
6	0.03129	0.01420	0.01909	0.01575	0.02111	0.01255	0.01255	0.03566	0.02922	0.32902	0.28835	0.05446	0.05884	0.01658	0.01115	0.00320	0.00691	0.01418	0.01204	0.01382
7	0.02664	0.02260	0.02383	0.02111	0.02711	0.02605	0.01651	0.09487	0.51463	0.04473	0.04035	0.03716	0.03018	0.01379	0.01043	0.00345	0.00838	0.01141	0.01043	0.01634
8	0.01452	0.01049	0.01372	0.01291	0.01533	0.00968	0.00968	0.01937	0.02905	0.04115	0.56992	0.07666	0.09683	0.02098	0.01210	0.00323	0.00484	0.01856	0.01130	0.00968
9	0.01275	0.01032	0.01132	0.01128	0.01430	0.00889	0.00838	0.01585	0.02454	0.03095	0.21648	0.12933	0.41938	0.02516	0.01219	0.00345	0.00516	0.02140	0.00997	0.00889
10	0.04538	0.01853	0.02448	0.01877	0.02673	0.01667	0.01550	0.09660	0.03116	0.53332	0.03898	0.03395	0.02465	0.01267	0.01031	0.00317	0.00898	0.01022	0.01247	0.01746
11	0.01317	0.00944	0.01250	0.01384	0.01503	0.00878	0.00958	0.01595	0.02273	0.03110	0.22485	0.45038	0.07737	0.02849	0.01277	0.00386	0.00559	0.02569	0.01011	0.00878
12	0.02137	0.04348	0.40911	0.09580	0.09385	0.02406	0.10481	0.03180	0.02204	0.03198	0.01879	0.02341	0.01370	0.00960	0.01016	0.00328	0.01505	0.00850	0.00454	0.01468
13	0.09065	0.11818	0.21815	0.02521	0.07756	0.02445	0.02411	0.08128	0.02466	0.09897	0.02063	0.02254	0.01527	0.00983	0.00884	0.00281	0.01150	0.00750	0.00636	0.11149
14	0.71184	0.01985	0.01508	0.01350	0.01985	0.02302	0.01111	0.03017	0.01746	0.04604	0.01429	0.01667	0.01111	0.00953	0.00635	0.00318	0.00794	0.00556	0.00635	0.01111
15	0.03833	0.04891	0.02908	0.02644	0.03173	0.59815	0.01983	0.04098	0.02908	0.02512	0.01586	0.01851	0.01322	0.01058	0.00925	0.00264	0.01851	0.00661	0.00529	0.01190
16	0.01383	0.01055	0.01322	0.01280	0.01543	0.00994	0.00968	0.01778	0.02508	0.03399	0.33210	0.07674	0.22648	0.03258	0.11792	0.00569	0.00903	0.01813	0.00972	0.00928
17	0.01452	0.01049	0.01372	0.01291	0.01533	0.00968	0.00968	0.01937	0.02905	0.04115	0.56992	0.07666	0.09683	0.02098	0.01210	0.00323	0.00484	0.01856	0.01130	0.00968
18	0.02668	0.02262	0.02385	0.02112	0.02712	0.02606	0.01652	0.09614	0.51330	0.04479	0.04030	0.03712	0.03014	0.01379	0.01043	0.00345	0.00839	0.01140	0.01043	0.01635
19	0.02753	0.02439	0.04855	0.03575	0.04425	0.02364	0.36430	0.03450	0.02433	0.13112	0.02569	0.03386	0.01980	0.01144	0.01391	0.00358	0.07109	0.04156	0.00674	0.01399
20	0.01424	0.01027	0.01346	0.01310	0.01527	0.00949	0.00966	0.01865	0.02773	0.03905	0.49787	0.15469	0.09277	0.02255	0.01224	0.00336	0.00500	0.02005	0.01105	0.00949
21	0.02540	0.02438	0.04165	0.06299	0.57533	0.02438	0.03149	0.03149	0.02337	0.03353	0.01930	0.02540	0.01626	0.00914	0.01016	0.00305	0.01219	0.00914	0.00508	0.01626
22	0.02742	0.02298	0.02427	0.02127	0.02741	0.02641	0.01670	0.12282	0.48542	0.04598	0.03936	0.03637	0.02938	0.01370	0.01042	0.00342	0.00857	0.01127	0.01042	0.01641
23	0.02560	0.07274	0.28972	0.02689	0.07264	0.02130	0.05168	0.03374	0.02380	0.13080	0.06798	0.02878	0.02273	0.01085	0.00979	0.00300	0.01209	0.00904	0.00666	0.08018
24	0.16191	0.26826	0.17323	0.01979	0.02954	0.02861	0.02093	0.03440	0.02187	0.12707	0.01984	0.02099	0.01484	0.00984	0.00797	0.00282	0.01104	0.00686	0.00619	0.01401
25	0.02641	0.02134	0.02603	0.10789	0.08358	0.02414	0.01928	0.04804	0.38707	0.08585	0.03628	0.03527	0.02695	0.01286	0.01038	0.00341	0.00933	0.01092	0.00931	0.01567
26	0.02647	0.56238	0.12850	0.01920	0.02888	0.03825	0.02042	0.03098	0.02097	0.02532	0.01485	0.01719	0.01315	0.00892	0.00703	0.00234	0.01156	0.00578	0.00438	0.01345
27	0.71184	0.01985	0.01508	0.01350	0.01985	0.02302	0.01111	0.03017	0.01746	0.04604	0.01429	0.01667	0.01111	0.00953	0.00635	0.00318	0.00794	0.00556	0.00635	0.01111
28	0.01466	0.01100	0.01649	0.01649	0.01833	0.01283	0.01283	0.01833	0.01649	0.02382	0.02749	0.04032	0.02566	0.07697	0.59868	0.01649	0.02749	0.01100	0.00550	0.00916
29	0.03718	0.08302	0.02985	0.02435	0.03037	0.41335	0.01887	0.07616	0.07866	0.08224	0.02108	0.02217	0.01633	0.01108	0.00935	0.00277	0.01561	0.00752	0.00674	0.01329
30	0.04506	0.01905	0.02480	0.01901	0.02699	0.01743	0.01570	0.11894	0.03202	0.50977	0.03826	0.03348	0.02429	0.01265	0.01031	0.00316	0.00909	0.01017	0.01236	0.01746
31	0.01439	0.01038	0.01359	0.01301	0.01530	0.00959	0.00967	0.01902	0.02840	0.04013	0.53469	0.11481	0.09484	0.02175	0.01217	0.00329	0.00492	0.01929	0.01118	0.00959

[dist]
# distance from previous block
# <min> <max>
0	60

[block]
# block no. 2 follows, 14 sequences, length 38
# corresponding to MSA columns:
# 175-212
name=unknown_C
#
# <colnr> <probs for GDERKNQSTAVLIFYWHMCP>
#	G	D	E	R	K	N	Q	S	T	A	V	L	I	F	Y	W	H	M	C	P
0	0.02422	0.02768	0.06055	0.04325	0.05363	0.02595	0.53806	0.03287	0.02422	0.03287	0.02076	0.02768	0.01557	0.00865	0.01211	0.00346	0.01730	0.01211	0.00519	0.01384
1	0.01501	0.01143	0.01391	0.01313	0.01601	0.01082	0.00989	0.02146	0.07189	0.03891	0.44305	0.07740	0.17586	0.02129	0.01197	0.00329	0.00518	0.01853	0.01091	0.01005
2	0.60676	0.01947	0.01646	0.01425	0.02085	0.02177	0.01174	0.03330	0.01934	0.13070	0.01842	0.01955	0.01337	0.01003	0.00698	0.00318	0.00806	0.00631	0.00735	0.01212
3	0.01466	0.01100	0.01649	0.01649	0.01833	0.01283	0.01283	0.01833	0.01649	0.02382	0.02749	0.04032	0.02566	0.07697	0.59868	0.01649	0.02749	0.01100	0.00550	0.00916
4	0.02501	0.25294	0.04540	0.14282	0.25003	0.03019	0.05786	0.03036	0.02199	0.02872	0.01735	0.02259	0.01462	0.00918	0.00898	0.00282	0.01233	0.00798	0.00474	0.01410
5	0.03063	0.01895	0.06592	0.01896	0.02573	0.01543	0.04830	0.03758	0.06934	0.28558	0.17100	0.04911	0.08692	0.01542	0.01098	0.00326	0.00849	0.01326	0.01080	0.01435
6	0.01546	0.01106	0.01388	0.01324	0.01576	0.01060	0.00990	0.02165	0.06160	0.04009	0.46151	0.10635	0.08527	0.02053	0.01167	0.00324	0.00512	0.01808	0.06498	0.01001
7	0.03647	0.01883	0.02769	0.11366	0.12697	0.01770	0.01963	0.04128	0.02635	0.35964	0.03168	0.03102	0.02124	0.01130	0.01005	0.00305	0.00996	0.00958	0.00963	0.07427
8	0.02260	0.22739	0.42953	0.02581	0.03910	0.02877	0.03193	0.03198	0.02143	0.03004	0.01720	0.02013	0.01305	0.00946	0.00882	0.00294	0.01393	0.00697	0.00435	0.01458
9	0.02122	0.11118	0.03415	0.29673	0.14311	0.02500	0.02473	0.02659	0.02012	0.02675	0.01876	0.02683	0.01573	0.01985	0.09442	0.00510	0.06393	0.00884	0.00475	0.01220
10	0.02492	0.02425	0.04245	0.09670	0.50183	0.02441	0.07135	0.03127	0.02325	0.03301	0.01935	0.02570	0.01604	0.00918	0.01032	0.00310	0.01269	0.00938	0.00506	0.01575
11	0.01308	0.01021	0.01186	0.01191	0.01456	0.00900	0.00876	0.01640	0.02496	0.03253	0.27150	0.16946	0.31902	0.02502	0.01226	0.00348	0.00518	0.02161	0.01019	0.00900
12	0.02512	0.02199	0.02523	0.06273	0.07512	0.02525	0.01830	0.05079	0.47784	0.04107	0.03838	0.03651	0.02893	0.01329	0.01041	0.00344	0.00882	0.01124	0.00962	0.01593
13	0.02540	0.02438	0.04165	0.06299	0.57533	0.02438	0.03149	0.03149	0.02337	0.03353	0.01930	0.02540	0.01626	0.00914	0.01016	0.00305	0.01219	0.00914	0.00508	0.01626
14	0.02128	0.01824	0.02128	0.01520	0.02432	0.01368	0.01216	0.02584	0.02128	0.03344	0.01824	0.02128	0.01520	0.00760	0.00760	0.00152	0.00760	0.00608	0.00608	0.70208
15	0.02058	0.05308	0.58618	0.02925	0.04442	0.02383	0.03792	0.03250	0.02167	0.03250	0.01842	0.02167	0.01300	0.00975	0.00975	0.00325	0.01517	0.00758	0.00433	0.01517
16	0.01618	0.01074	0.01485	0.06508	0.02060	0.01039	0.01160	0.01925	0.02257	0.07348	0.16574	0.41108	0.06635	0.02629	0.01242	0.00382	0.00658	0.02364	0.00975	0.00961
17	0.59237	0.02500	0.01757	0.01579	0.02195	0.12503	0.01266	0.03208	0.01953	0.04233	0.01457	0.01700	0.01149	0.00971	0.00687	0.00308	0.00981	0.00574	0.00616	0.01125
18	0.02245	0.02245	0.03143	0.02694	0.02694	0.03143	0.02245	0.02470	0.01572	0.02470	0.01347	0.02245	0.01347	0.01796	0.03368	0.00449	0.62057	0.00898	0.00449	0.01123
19	0.01442	0.00911	0.01123	0.01293	0.01404	0.00869	0.00885	0.01707	0.02019	0.02968	0.04990	0.46105	0.05587	0.02632	0.01139	0.00365	0.00562	0.02351	0.20780	0.00869
20	0.03296	0.02208	0.03653	0.04486	0.33080	0.02106	0.06524	0.03847	0.02566	0.23691	0.02727	0.02911	0.01959	0.01042	0.01037	0.00313	0.01131	0.00981	0.00791	0.01651
21	0.02540	0.02438	0.04165	0.06299	0.57533	0.02438	0.03149	0.03149	0.02337	0.03353	0.01930	0.02540	0.01626	0.00914	0.01016	0.00305	0.01219	0.00914	0.00508	0.01626
22	0.04539	0.01851	0.02446	0.01876	0.02672	0.01664	0.01549	0.09559	0.03112	0.53439	0.03902	0.03397	0.02467	0.01267	0.01031	0.00317	0.00897	0.01022	0.01248	0.01746
23	0.71184	0.01985	0.01508	0.01350	0.01985	0.02302	0.01111	0.03017	0.01746	0.04604	0.01429	0.01667	0.01111	0.00953	0.00635	0.00318	0.00794	0.00556	0.00635	0.01111
24	0.02794	0.01317	0.01718	0.01458	0.01922	0.01185	0.01149	0.03242	0.02807	0.25936	0.27685	0.05413	0.05756	0.01630	0.01066	0.00308	0.00640	0.01390	0.11302	0.01281
25	0.02427	0.02334	0.07682	0.02912	0.13752	0.01811	0.07728	0.03016	0.02268	0.07566	0.02046	0.02389	0.01605	0.00859	0.00900	0.00231	0.01030	0.00781	0.00615	0.38049
26	0.02689	0.01806	0.02185	0.01589	0.02475	0.01400	0.01282	0.03132	0.02311	0.15782	0.02328	0.02437	0.01751	0.00876	0.00822	0.00190	0.00786	0.00704	0.00758	0.54698
27	0.01568	0.01120	0.01555	0.01792	0.01991	0.01107	0.01505	0.01978	0.02278	0.02975	0.05481	0.22560	0.06093	0.02916	0.01395	0.00461	0.00871	0.40488	0.00947	0.00921
28	0.02181	0.02072	0.03517	0.39199	0.27439	0.02344	0.02971	0.02835	0.02167	0.02917	0.01867	0.02657	0.01472	0.00981	0.01022	0.00327	0.01308	0.00913	0.00477	0.01336
29	0.02329	0.02385	0.02950	0.02556	0.02605	0.08221	0.02084	0.02538	0.01689	0.02433	0.01529	0.02587	0.01546	0.06983	0.03298	0.00478	0.51305	0.00926	0.00471	0.01086
30	0.01267	0.00906	0.01205	0.01418	0.01492	0.00844	0.00954	0.01470	0.02041	0.02740	0.09799	0.58779	0.07021	0.03125	0.01302	0.00409	0.00586	0.02832	0.00967	0.00844
31	0.01872	0.02935	0.23207	0.26186	0.04842	0.02020	0.02771	0.02698	0.02288	0.03193	0.14351	0.03644	0.03230	0.01250	0.01049	0.00331	0.01222	0.01069	0.00601	0.01240
32	0.02058	0.05308	0.58618	0.02925	0.04442	0.02383	0.03792	0.03250	0.02167	0.03250	0.01842	0.02167	0.01300	0.00975	0.00975	0.00325	0.01517	0.00758	0.00433	0.01517
33	0.01514	0.00996	0.01187	0.01187	0.01204	0.01013	0.00706	0.01511	0.01494	0.02009	0.03068	0.06168	0.03461	0.53700	0.10193	0.06801	0.01149	0.01406	0.00600	0.00634
34	0.02262	0.02154	0.03663	0.31797	0.34209	0.02365	0.03011	0.02906	0.02205	0.03015	0.01881	0.02631	0.01506	0.00966	0.01021	0.00322	0.01288	0.00913	0.00484	0.01401
35	0.01283	0.00919	0.01220	0.01406	0.01496	0.00856	0.00955	0.01512	0.02118	0.02864	0.14034	0.54192	0.07260	0.03033	0.01294	0.00401	0.00577	0.02744	0.00982	0.00856
36	0.02777	0.02238	0.03723	0.13754	0.41401	0.02268	0.02846	0.03364	0.02389	0.11908	0.02249	0.02719	0.01732	0.00987	0.01020	0.00312	0.01187	0.00933	0.00621	0.01573
37	0.02933	0.45225	0.08362	0.02090	0.03009	0.03553	0.05898	0.07993	0.02439	0.07416	0.01811	0.01991	0.01473	0.00948	0.00786	0.00252	0.01158	0.00687	0.00566	0.01409

[dist]
# distance from previous block
# <min> <max>
2	5

[block]
# block no. 3 follows, 14 sequences, length 85
# corresponding to MSA columns:
# 218-302
name=unknown_D
#
# <colnr> <probs for GDERKNQSTAVLIFYWHMCP>
#	G	D	E	R	K	N	Q	S	T	A	V	L	I	F	Y	W	H	M	C	P
0	0.24261	0.07019	0.11364	0.01937	0.02792	0.02363	0.01833	0.10342	0.06403	0.18534	0.02512	0.02482	0.01757	0.01102	0.00875	0.00313	0.00996	0.00803	0.00836	0.01476
1	0.01548	0.01242	0.01753	0.01705	0.01851	0.01473	0.01317	0.01845	0.01705	0.02417	0.03385	0.09107	0.06945	0.09892	0.38604	0.01229	0.11140	0.01322	0.00602	0.00917
2	0.02442	0.03715	0.28730	0.02997	0.04129	0.02412	0.15396	0.03892	0.14648	0.07400	0.02595	0.02792	0.01874	0.01065	0.01053	0.00335	0.01361	0.00982	0.00655	0.01525
3	0.02113	0.01575	0.01909	0.01487	0.02176	0.01250	0.01165	0.02548	0.02352	0.07926	0.14418	0.08243	0.03808	0.01288	0.00924	0.00224	0.00696	0.01097	0.00803	0.43999
4	0.71184	0.01985	0.01508	0.01350	0.01985	0.02302	0.01111	0.03017	0.01746	0.04604	0.01429	0.01667	0.01111	0.00953	0.00635	0.00318	0.00794	0.00556	0.00635	0.01111
5	0.02735	0.02621	0.05528	0.03966	0.04969	0.02439	0.46297	0.03533	0.02496	0.11178	0.02359	0.02872	0.01698	0.00923	0.01185	0.00342	0.01607	0.01185	0.00627	0.01436
6	0.02681	0.03081	0.16083	0.04105	0.16051	0.02363	0.25016	0.03493	0.02424	0.11093	0.02276	0.02696	0.01658	0.00956	0.01094	0.00329	0.01454	0.01027	0.00605	0.01515
7	0.01245	0.00914	0.01169	0.01373	0.01474	0.00838	0.00928	0.01435	0.02018	0.02642	0.06337	0.55600	0.14013	0.03127	0.01296	0.00407	0.00585	0.02809	0.00953	0.00838
8	0.03070	0.24056	0.07804	0.03153	0.15080	0.20413	0.02285	0.07291	0.02604	0.03016	0.01693	0.02003	0.01418	0.00974	0.00868	0.00266	0.01383	0.00706	0.00526	0.01393
9	0.01776	0.01258	0.01534	0.01343	0.01781	0.01066	0.01025	0.02178	0.02545	0.07666	0.27220	0.11098	0.16663	0.01932	0.01106	0.00297	0.00591	0.01667	0.00975	0.16280
10	0.03430	0.02601	0.06442	0.02095	0.02858	0.07213	0.01784	0.18296	0.10704	0.18827	0.07391	0.03249	0.02710	0.01266	0.01013	0.00303	0.01027	0.01003	0.00985	0.06804
11	0.03064	0.08822	0.31212	0.02452	0.03623	0.02395	0.02747	0.10865	0.02743	0.18557	0.02494	0.02526	0.01701	0.01083	0.00972	0.00312	0.01253	0.00839	0.00744	0.01595
12	0.01457	0.01057	0.01411	0.01586	0.01775	0.01012	0.01258	0.01815	0.02300	0.03033	0.12649	0.27901	0.11149	0.02843	0.01337	0.00424	0.00733	0.24382	0.00972	0.00905
13	0.01409	0.00974	0.01130	0.01188	0.01233	0.00944	0.00717	0.01475	0.01682	0.02212	0.04452	0.20861	0.09132	0.43698	0.03914	0.00797	0.00856	0.01901	0.00732	0.00695
14	0.02541	0.02420	0.04021	0.05969	0.53237	0.02447	0.03030	0.03330	0.06514	0.03426	0.02106	0.02641	0.01744	0.00952	0.01018	0.00308	0.01187	0.00934	0.00550	0.01625
15	0.02370	0.04071	0.40650	0.02493	0.03694	0.02021	0.02984	0.03323	0.02406	0.12169	0.10851	0.03242	0.02814	0.01198	0.01021	0.00323	0.01252	0.00974	0.00676	0.01467
16	0.65322	0.02062	0.01645	0.01438	0.02089	0.02379	0.01184	0.07468	0.02015	0.04767	0.01519	0.01736	0.01167	0.00977	0.00669	0.00317	0.00823	0.00588	0.00669	0.01167
17	0.02576	0.50022	0.18436	0.02043	0.03077	0.03649	0.02255	0.03116	0.02105	0.02619	0.01528	0.01774	0.01313	0.00902	0.00736	0.00245	0.01200	0.00600	0.00438	0.01366
18	0.02037	0.01578	0.02121	0.02320	0.09932	0.01647	0.01535	0.02683	0.08635	0.06398	0.07604	0.09800	0.07416	0.11414	0.06386	0.00544	0.06331	0.05388	0.00787	0.05443
19	0.01415	0.01048	0.01320	0.01252	0.01510	0.00952	0.00939	0.01865	0.02817	0.03907	0.49767	0.08008	0.17038	0.02176	0.01211	0.00326	0.00490	0.01904	0.01102	0.00952
20	0.02744	0.64552	0.05378	0.01756	0.02634	0.04061	0.01756	0.03073	0.02085	0.02414	0.01427	0.01646	0.01317	0.00878	0.00658	0.00219	0.01097	0.00549	0.00439	0.01317
21	0.01353	0.01045	0.01234	0.01186	0.01472	0.00926	0.00890	0.01744	0.02669	0.03557	0.37607	0.08585	0.29416	0.02306	0.01211	0.00333	0.00499	0.01985	0.01056	0.00926
22	0.03621	0.01775	0.02638	0.23822	0.04260	0.01793	0.02003	0.04124	0.02611	0.37730	0.03228	0.03214	0.02108	0.01180	0.01030	0.00327	0.01056	0.00988	0.00970	0.01523
23	0.71184	0.01985	0.01508	0.01350	0.01985	0.02302	0.01111	0.03017	0.01746	0.04604	0.01429	0.01667	0.01111	0.00953	0.00635	0.00318	0.00794	0.00556	0.00635	0.01111
24	0.02249	0.01751	0.02094	0.10311	0.02922	0.01922	0.01561	0.03849	0.27247	0.08047	0.14302	0.05135	0.11062	0.01616	0.01093	0.00340	0.00799	0.01373	0.00981	0.01346
25	0.03155	0.02504	0.02660	0.02210	0.02898	0.02834	0.01770	0.27192	0.32959	0.05264	0.03412	0.03219	0.02513	0.01321	0.01036	0.00330	0.00954	0.01055	0.01036	0.01678
26	0.01272	0.01042	0.01121	0.01101	0.01422	0.00891	0.00826	0.01587	0.02478	0.03102	0.21824	0.09334	0.45483	0.02476	0.01212	0.00341	0.00511	0.02090	0.00996	0.00891
27	0.71184	0.01985	0.01508	0.01350	0.01985	0.02302	0.01111	0.03017	0.01746	0.04604	0.01429	0.01667	0.01111	0.00953	0.00635	0.00318	0.00794	0.00556	0.00635	0.01111
28	0.02540	0.02438	0.04165	0.06299	0.57533	0.02438	0.03149	0.03149	0.02337	0.03353	0.01930	0.02540	0.01626	0.00914	0.01016	0.00305	0.01219	0.00914	0.00508	0.01626
29	0.71184	0.01985	0.01508	0.01350	0.01985	0.02302	0.01111	0.03017	0.01746	0.04604	0.01429	0.01667	0.01111	0.00953	0.00635	0.00318	0.00794	0.00556	0.00635	0.01111
30	0.01536	0.00979	0.01152	0.01152	0.01152	0.00979	0.00662	0.01469	0.01469	0.01959	0.03017	0.06179	0.03440	0.54926	0.05042	0.11314	0.00979	0.01403	0.00596	0.00596
31	0.02422	0.02768	0.06055	0.04325	0.05363	0.02595	0.53806	0.03287	0.02422	0.03287	0.02076	0.02768	0.01557	0.00865	0.01211	0.00346	0.01730	0.01211	0.00519	0.01384
32	0.71184	0.01985	0.01508	0.01350	0.01985	0.02302	0.01111	0.03017	0.01746	0.04604	0.01429	0.01667	0.01111	0.00953	0.00635	0.00318	0.00794	0.00556	0.00635	0.01111
33	0.08935	0.01972	0.02226	0.01864	0.02517	0.02074	0.01493	0.08545	0.24035	0.24012	0.03710	0.03427	0.02608	0.01284	0.00979	0.00323	0.00830	0.01030	0.06552	0.01583
34	0.01317	0.01044	0.01185	0.01149	0.01450	0.00911	0.00862	0.01675	0.02586	0.03359	0.30746	0.08911	0.36401	0.02380	0.01212	0.00336	0.00504	0.02030	0.01030	0.00911
35	0.02540	0.02438	0.04165	0.06299	0.57533	0.02438	0.03149	0.03149	0.02337	0.03353	0.01930	0.02540	0.01626	0.00914	0.01016	0.00305	0.01219	0.00914	0.00508	0.01626
36	0.02076	0.01965	0.03327	0.48843	0.18617	0.02316	0.02919	0.02743	0.02117	0.02789	0.01848	0.02691	0.01427	0.01000	0.01024	0.00333	0.01334	0.00913	0.00468	0.01251
37	0.01700	0.01072	0.01590	0.01556	0.01625	0.01208	0.01140	0.01608	0.01471	0.02058	0.02109	0.03393	0.02041	0.04969	0.24765	0.39337	0.06231	0.00969	0.00485	0.00672
38	0.44209	0.02483	0.02119	0.01873	0.02336	0.11105	0.01520	0.03044	0.01877	0.03768	0.01432	0.01836	0.01201	0.01175	0.01349	0.00342	0.15978	0.00655	0.00574	0.01126
39	0.01846	0.01583	0.02071	0.01860	0.01860	0.02005	0.01385	0.01952	0.01530	0.02215	0.02347	0.04614	0.02610	0.34719	0.04351	0.00738	0.29704	0.01213	0.00541	0.00857
40	0.03167	0.02375	0.03319	0.08709	0.20382	0.02601	0.02379	0.18216	0.03021	0.12709	0.02324	0.02641	0.01740	0.01205	0.01374	0.00333	0.10244	0.00933	0.00766	0.01562
41	0.01938	0.01824	0.03078	0.61468	0.07068	0.02280	0.02850	0.02622	0.02052	0.02622	0.01824	0.02736	0.01368	0.01026	0.01026	0.00342	0.01368	0.00912	0.00456	0.01140
42	0.71184	0.01985	0.01508	0.01350	0.01985	0.02302	0.01111	0.03017	0.01746	0.04604	0.01429	0.01667	0.01111	0.00953	0.00635	0.00318	0.00794	0.00556	0.00635	0.01111
43	0.02757	0.01640	0.01857	0.01724	0.02119	0.06023	0.01290	0.06509	0.02563	0.21302	0.04569	0.34223	0.04584	0.02257	0.01167	0.00364	0.00827	0.01970	0.01028	0.01229
44	0.01654	0.01181	0.01654	0.01890	0.02126	0.01181	0.01654	0.02126	0.02362	0.03071	0.05433	0.11576	0.05906	0.02835	0.01417	0.00472	0.00945	0.50626	0.00945	0.00945
45	0.02720	0.02287	0.02415	0.02122	0.02732	0.02631	0.01665	0.11483	0.49377	0.04562	0.03965	0.03660	0.02961	0.01372	0.01042	0.00343	0.00851	0.01131	0.01042	0.01639
46	0.02245	0.02245	0.03143	0.02694	0.02694	0.03143	0.02245	0.02470	0.01572	0.02470	0.01347	0.02245	0.01347	0.01796	0.03368	0.00449	0.62057	0.00898	0.00449	0.01123
47	0.71184	0.01985	0.01508	0.01350	0.01985	0.02302	0.01111	0.03017	0.01746	0.04604	0.01429	0.01667	0.01111	0.00953	0.00635	0.00318	0.00794	0.00556	0.00635	0.01111
48	0.03901	0.02874	0.03080	0.02361	0.03182	0.03182	0.01951	0.54111	0.04825	0.06468	0.02464	0.02464	0.01745	0.01232	0.01027	0.00308	0.01129	0.00924	0.01027	0.01745
49	0.02540	0.02438	0.04165	0.06299	0.57533	0.02438	0.03149	0.03149	0.02337	0.03353	0.01930	0.02540	0.01626	0.00914	0.01016	0.00305	0.01219	0.00914	0.00508	0.01626
50	0.03901	0.02874	0.03080	0.02361	0.03182	0.03182	0.01951	0.54111	0.04825	0.06468	0.02464	0.02464	0.01745	0.01232	0.01027	0.00308	0.01129	0.00924	0.01027	0.01745
51	0.02313	0.02290	0.03379	0.03526	0.15355	0.02980	0.02454	0.02627	0.01748	0.02674	0.01482	0.02313	0.01411	0.01593	0.02825	0.00416	0.48011	0.00902	0.00463	0.01239
52	0.01938	0.01824	0.03078	0.61468	0.07068	0.02280	0.02850	0.02622	0.02052	0.02622	0.01824	0.02736	0.01368	0.01026	0.01026	0.00342	0.01368	0.00912	0.00456	0.01140
53	0.02240	0.04037	0.32322	0.03625	0.04903	0.02489	0.28813	0.03269	0.02294	0.03269	0.01959	0.02468	0.01429	0.00920	0.01093	0.00336	0.01623	0.00985	0.00476	0.01450
54	0.02245	0.02245	0.03143	0.02694	0.02694	0.03143	0.02245	0.02470	0.01572	0.02470	0.01347	0.02245	0.01347	0.01796	0.03368	0.00449	0.62057	0.00898	0.00449	0.01123
55	0.71184	0.01985	0.01508	0.01350	0.01985	0.02302	0.01111	0.03017	0.01746	0.04604	0.01429	0.01667	0.01111	0.00953	0.00635	0.00318	0.00794	0.00556	0.00635	0.01111
56	0.03901	0.02874	0.03080	0.02361	0.03182	0.03182	0.01951	0.54111	0.04825	0.06468	0.02464	0.02464	0.01745	0.01232	0.01027	0.00308	0.01129	0.00924	0.01027	0.01745
57	0.01493	0.01238	0.01330	0.01273	0.01635	0.01173	0.00965	0.02248	0.11456	0.03331	0.19842	0.08359	0.37336	0.02283	0.01184	0.00341	0.00561	0.01927	0.01008	0.01017
58	0.71184	0.01985	0.01508	0.01350	0.01985	0.02302	0.01111	0.03017	0.01746	0.04604	0.01429	0.01667	0.01111	0.00953	0.00635	0.00318	0.00794	0.00556	0.00635	0.01111
59	0.03711	0.02214	0.02596	0.01962	0.02797	0.02138	0.01611	0.23901	0.03486	0.24062	0.02867	0.02746	0.01971	0.01128	0.00962	0.00273	0.00947	0.00884	0.01009	0.18735
60	0.45584	0.02049	0.01939	0.01606	0.02305	0.02229	0.01324	0.10543	0.02463	0.18017	0.02214	0.02225	0.01549	0.01069	0.00786	0.00316	0.00860	0.00723	0.00845	0.01354
61	0.02923	0.02285	0.02453	0.02116	0.02752	0.02586	0.01671	0.13622	0.43425	0.08428	0.03879	0.03575	0.02857	0.01357	0.01040	0.00339	0.00870	0.01111	0.01057	0.01653
62	0.02859	0.02608	0.02469	0.02176	0.02756	0.10773	0.01700	0.12395	0.36250	0.04223	0.03435	0.03352	0.02618	0.01799	0.05495	0.00429	0.01157	0.01048	0.00930	0.01527
63	0.02128	0.01824	0.02128	0.01520	0.02432	0.01368	0.01216	0.02584	0.02128	0.03344	0.01824	0.02128	0.01520	0.00760	0.00760	0.00152	0.00760	0.00608	0.00608	0.70208
64	0.49982	0.02265	0.02003	0.01668	0.02362	0.02580	0.01376	0.19117	0.02717	0.05191	0.01755	0.01918	0.01311	0.01041	0.00758	0.00315	0.00900	0.00672	0.00758	0.01311
65	0.01938	0.01824	0.03078	0.61468	0.07068	0.02280	0.02850	0.02622	0.02052	0.02622	0.01824	0.02736	0.01368	0.01026	0.01026	0.00342	0.01368	0.00912	0.00456	0.01140
66	0.01460	0.01146	0.01332	0.01268	0.01578	0.01069	0.00956	0.02072	0.07294	0.03635	0.35206	0.08147	0.26606	0.02221	0.01197	0.00334	0.00526	0.01910	0.01057	0.00988
67	0.01485	0.01025	0.01270	0.01270	0.01321	0.01077	0.00809	0.01589	0.01537	0.02101	0.03096	0.05955	0.03400	0.47990	0.20716	0.01180	0.01492	0.01381	0.00601	0.00705
68	0.02161	0.01873	0.02290	0.01900	0.06819	0.01453	0.01370	0.02629	0.02145	0.03345	0.01832	0.02161	0.01528	0.00772	0.00780	0.00164	0.00797	0.00632	0.00600	0.64748
69	0.71184	0.01985	0.01508	0.01350	0.01985	0.02302	0.01111	0.03017	0.01746	0.04604	0.01429	0.01667	0.01111	0.00953	0.00635	0.00318	0.00794	0.00556	0.00635	0.01111
70	0.01742	0.01475	0.02302	0.03214	0.22162	0.01436	0.01764	0.02104	0.02177	0.03009	0.08369	0.36443	0.05114	0.02278	0.01194	0.00368	0.00817	0.02094	0.00803	0.01136
71	0.02453	0.02350	0.04009	0.14220	0.50288	0.02416	0.03106	0.03074	0.02296	0.03248	0.01915	0.02568	0.01589	0.00930	0.01017	0.00310	0.01241	0.00914	0.00501	0.01556
72	0.02090	0.01375	0.01837	0.01926	0.02258	0.01382	0.01668	0.06889	0.02624	0.07859	0.05062	0.10124	0.05269	0.02568	0.01352	0.00446	0.00955	0.42259	0.00979	0.01080
73	0.03537	0.01937	0.02642	0.02122	0.02632	0.02100	0.01757	0.03875	0.02369	0.33303	0.02875	0.02924	0.02019	0.01424	0.01872	0.00353	0.23429	0.00949	0.00915	0.06967
74	0.61143	0.02117	0.01743	0.01500	0.02163	0.02434	0.01237	0.10642	0.02206	0.04882	0.01583	0.01786	0.01206	0.00994	0.00693	0.00316	0.00844	0.00611	0.00693	0.01206
75	0.02356	0.02572	0.04964	0.03714	0.04363	0.02800	0.34490	0.02981	0.02104	0.02981	0.01803	0.02572	0.01478	0.01214	0.02019	0.00385	0.24330	0.01094	0.00493	0.01286
76	0.01654	0.01181	0.01654	0.01890	0.02126	0.01181	0.01654	0.02126	0.02362	0.03071	0.05433	0.11576	0.05906	0.02835	0.01417	0.00472	0.00945	0.50626	0.00945	0.00945
77	0.71184	0.01985	0.01508	0.01350	0.01985	0.02302	0.01111	0.03017	0.01746	0.04604	0.01429	0.01667	0.01111	0.00953	0.00635	0.00318	0.00794	0.00556	0.00635	0.01111
78	0.03807	0.08978	0.03050	0.02524	0.03096	0.51835	0.01934	0.04085	0.02851	0.06291	0.01742	0.01947	0.01404	0.01059	0.00913	0.00265	0.01730	0.00678	0.00573	0.01237
79	0.01808	0.03546	0.34929	0.02249	0.03238	0.01798	0.02623	0.02706	0.02472	0.03608	0.24663	0.04442	0.04769	0.01440	0.01072	0.00324	0.01089	0.01212	0.00721	0.01290
80	0.02036	0.01817	0.02703	0.39540	0.05368	0.02184	0.02402	0.03188	0.14175	0.03063	0.02872	0.04251	0.02417	0.01368	0.01086	0.00362	0.01182	0.08106	0.00659	0.01221
81	0.02092	0.01586	0.02242	0.16102	0.07079	0.01694	0.01793	0.05807	0.06725	0.07038	0.23178	0.05767	0.05273	0.01697	0.01144	0.00345	0.00889	0.07452	0.00900	0.01196
82	0.02549	0.02262	0.02778	0.03133	0.16283	0.02524	0.02003	0.04881	0.42442	0.04060	0.03619	0.03509	0.02759	0.01274	0.01037	0.00337	0.00913	0.01099	0.00911	0.01625
83	0.02128	0.01268	0.01545	0.01401	0.01803	0.01158	0.01075	0.02674	0.06440	0.15362	0.23675	0.11669	0.21541	0.02108	0.01169	0.00338	0.00612	0.01806	0.01087	0.01143
84	0.02350	0.02244	0.03822	0.23731	0.41588	0.02388	0.03055	0.02983	0.02247	0.03122	0.01897	0.02602	0.01544	0.00950	0.01019	0.00317	0.01266	0.00914	0.00492	0.01472

[dist]
# distance from previous block
# <min> <max>
0	1

[block]
# block no. 4 follows, 14 sequences, length 6
# corresponding to MSA columns:
# 304-309
name=unknown_E
#
# <colnr> <probs for GDERKNQSTAVLIFYWHMCP>
#	G	D	E	R	K	N	Q	S	T	A	V	L	I	F	Y	W	H	M	C	P
0	0.02145	0.01964	0.02600	0.02256	0.02664	0.09994	0.12611	0.02524	0.02343	0.06909	0.07900	0.32659	0.04746	0.02163	0.01204	0.00365	0.01039	0.01999	0.00832	0.01082
1	0.02487	0.03291	0.19715	0.03583	0.15353	0.02532	0.10320	0.07611	0.17044	0.03801	0.02579	0.02811	0.01941	0.01079	0.01041	0.00329	0.01264	0.00981	0.00673	0.01567
2	0.01353	0.01013	0.01255	0.01262	0.01489	0.00915	0.00921	0.01718	0.02569	0.03477	0.34971	0.20242	0.20136	0.02457	0.01233	0.00349	0.00517	0.02159	0.01050	0.00915
3	0.01362	0.00975	0.01313	0.01508	0.01629	0.00925	0.01103	0.01644	0.02174	0.02914	0.12429	0.44960	0.06986	0.02986	0.01319	0.00416	0.00654	0.12854	0.00975	0.00875
4	0.02292	0.01982	0.03041	0.12730	0.26593	0.02079	0.02379	0.09278	0.02550	0.03481	0.03046	0.15009	0.03016	0.01604	0.01115	0.00349	0.01084	0.06327	0.00696	0.01349
5	0.01393	0.01047	0.01289	0.01228	0.01497	0.00943	0.00921	0.01821	0.02764	0.03781	0.45387	0.08216	0.21496	0.02223	0.01211	0.00329	0.00493	0.01933	0.01086	0.00943

[dist]
# distance from previous block
# <min> <max>
0	2

[block]
# block no. 5 follows, 14 sequences, length 31
# corresponding to MSA columns:
# 312-342
name=unknown_F
#
# <colnr> <probs for GDERKNQSTAVLIFYWHMCP>
#	G	D	E	R	K	N	Q	S	T	A	V	L	I	F	Y	W	H	M	C	P
0	0.02338	0.04917	0.52441	0.02804	0.04241	0.02287	0.03541	0.03442	0.02251	0.09291	0.02084	0.02312	0.01436	0.01007	0.00981	0.00324	0.01446	0.00788	0.00525	0.01542
1	0.02583	0.26432	0.04014	0.25471	0.08430	0.11835	0.02318	0.03061	0.02217	0.02578	0.01643	0.02167	0.01360	0.00966	0.00869	0.00280	0.01328	0.00734	0.00464	0.01251
2	0.18128	0.26108	0.03729	0.11907	0.09272	0.03091	0.01979	0.06143	0.02173	0.03302	0.01607	0.02010	0.01341	0.00996	0.00926	0.00289	0.04486	0.00692	0.00531	0.01292
3	0.03571	0.01443	0.01834	0.01492	0.02073	0.01296	0.01205	0.03999	0.02636	0.37345	0.03779	0.03621	0.02575	0.01242	0.00911	0.00287	0.00722	0.01003	0.27525	0.01443
4	0.01227	0.00985	0.01096	0.01184	0.01424	0.00854	0.00844	0.01456	0.02200	0.02716	0.08637	0.29692	0.38437	0.02828	0.01249	0.00373	0.00548	0.02445	0.00953	0.00854
5	0.01335	0.01044	0.01209	0.01168	0.01461	0.00918	0.00876	0.01710	0.02628	0.03458	0.34198	0.08747	0.32886	0.02343	0.01212	0.00334	0.00502	0.02007	0.01043	0.00918
6	0.01400	0.01033	0.01308	0.01268	0.01508	0.00941	0.00940	0.01824	0.02738	0.03786	0.45631	0.13077	0.16193	0.02272	0.01220	0.00335	0.00499	0.01997	0.01088	0.00941
7	0.02488	0.02385	0.04072	0.11059	0.53179	0.02425	0.03124	0.03104	0.02312	0.03290	0.01921	0.02557	0.01603	0.00924	0.01017	0.00308	0.01232	0.00914	0.00503	0.01584
8	0.71184	0.01985	0.01508	0.01350	0.01985	0.02302	0.01111	0.03017	0.01746	0.04604	0.01429	0.01667	0.01111	0.00953	0.00635	0.00318	0.00794	0.00556	0.00635	0.01111
9	0.10050	0.03318	0.02891	0.02342	0.03070	0.17839	0.01882	0.36413	0.04044	0.05267	0.02141	0.02231	0.01577	0.01161	0.00964	0.00298	0.01286	0.00822	0.00861	0.01543
10	0.01412	0.01018	0.01335	0.01319	0.01524	0.00941	0.00965	0.01834	0.02715	0.03814	0.46648	0.18869	0.09099	0.02323	0.01230	0.00342	0.00507	0.02070	0.01094	0.00941
11	0.02128	0.01824	0.02128	0.01520	0.02432	0.01368	0.01216	0.02584	0.02128	0.03344	0.01824	0.02128	0.01520	0.00760	0.00760	0.00152	0.00760	0.00608	0.00608	0.70208
12	0.71184	0.01985	0.01508	0.01350	0.01985	0.02302	0.01111	0.03017	0.01746	0.04604	0.01429	0.01667	0.01111	0.00953	0.00635	0.00318	0.00794	0.00556	0.00635	0.01111
13	0.02540	0.02438	0.04165	0.06299	0.57533	0.02438	0.03149	0.03149	0.02337	0.03353	0.01930	0.02540	0.01626	0.00914	0.01016	0.00305	0.01219	0.00914	0.00508	0.01626
14	0.02447	0.01888	0.02619	0.13602	0.12691	0.01938	0.01935	0.07625	0.08513	0.08790	0.14355	0.03857	0.03575	0.01285	0.01031	0.00301	0.00941	0.01116	0.00821	0.10669
15	0.71184	0.01985	0.01508	0.01350	0.01985	0.02302	0.01111	0.03017	0.01746	0.04604	0.01429	0.01667	0.01111	0.00953	0.00635	0.00318	0.00794	0.00556	0.00635	0.01111
16	0.03832	0.03902	0.02764	0.02420	0.03022	0.39270	0.01859	0.08036	0.08849	0.12689	0.02363	0.02398	0.01763	0.01144	0.00964	0.00286	0.01514	0.00799	0.00750	0.01375
17	0.01360	0.00989	0.01282	0.01328	0.01507	0.00910	0.00951	0.01713	0.02509	0.03457	0.34383	0.29156	0.11516	0.02558	0.01249	0.00360	0.00529	0.02283	0.01051	0.00910
18	0.01419	0.00960	0.01188	0.01275	0.01441	0.00895	0.00901	0.01742	0.02293	0.03261	0.20024	0.32765	0.11217	0.02498	0.01171	0.00354	0.00537	0.02214	0.12949	0.00895
19	0.02117	0.04077	0.37477	0.15812	0.14229	0.02371	0.03482	0.03101	0.02172	0.03136	0.01853	0.02351	0.01371	0.00975	0.00993	0.00325	0.01434	0.00818	0.00451	0.01456
20	0.01308	0.01027	0.01182	0.01178	0.01453	0.00901	0.00870	0.01644	0.02513	0.03266	0.27580	0.14901	0.33565	0.02476	0.01223	0.00345	0.00515	0.02131	0.01020	0.00901
21	0.03328	0.02010	0.02299	0.01927	0.02574	0.02126	0.01538	0.10366	0.27545	0.22536	0.03870	0.03566	0.02736	0.01316	0.01008	0.00323	0.00837	0.01073	0.07404	0.01617
22	0.02128	0.01824	0.02128	0.01520	0.02432	0.01368	0.01216	0.02584	0.02128	0.03344	0.01824	0.02128	0.01520	0.00760	0.00760	0.00152	0.00760	0.00608	0.00608	0.70208
23	0.04414	0.02522	0.02511	0.02028	0.02756	0.15885	0.01625	0.04778	0.02930	0.44502	0.03441	0.03088	0.02240	0.01218	0.01006	0.00304	0.01114	0.00940	0.01087	0.01609
24	0.02540	0.02438	0.04165	0.06299	0.57533	0.02438	0.03149	0.03149	0.02337	0.03353	0.01930	0.02540	0.01626	0.00914	0.01016	0.00305	0.01219	0.00914	0.00508	0.01626
25	0.01488	0.01236	0.01678	0.02116	0.11207	0.01143	0.01274	0.01813	0.02293	0.03005	0.13660	0.25774	0.24592	0.02440	0.01210	0.00359	0.00661	0.02152	0.00899	0.01001
26	0.01452	0.01049	0.01372	0.01291	0.01533	0.00968	0.00968	0.01937	0.02905	0.04115	0.56992	0.07666	0.09683	0.02098	0.01210	0.00323	0.00484	0.01856	0.01130	0.00968
27	0.71184	0.01985	0.01508	0.01350	0.01985	0.02302	0.01111	0.03017	0.01746	0.04604	0.01429	0.01667	0.01111	0.00953	0.00635	0.00318	0.00794	0.00556	0.00635	0.01111
28	0.02173	0.12702	0.03136	0.03186	0.21159	0.02187	0.01929	0.02939	0.08363	0.03576	0.22539	0.04430	0.04730	0.01400	0.01029	0.00301	0.00880	0.01227	0.00786	0.01328
29	0.03882	0.04165	0.02777	0.02464	0.03043	0.45849	0.01876	0.04345	0.06437	0.12325	0.02188	0.02268	0.01655	0.01117	0.00952	0.00279	0.01611	0.00759	0.00692	0.01316
30	0.01845	0.01167	0.01592	0.06774	0.06767	0.01189	0.01205	0.02153	0.02141	0.03298	0.14072	0.04276	0.03737	0.01862	0.01590	0.15469	0.00711	0.01125	0.28105	0.00923

[dist]
# distance from previous block
# <min> <max>
0	6

# created by:
# /st0/software/busco_prod/Augustus/scripts/msa2prfl.pl ./align_prep/4074.fa
