[name]
unknown

[dist]
# distance from previous block
# <min> <max>
17	65

[block]
# block no. 0 follows, 11 sequences, length 62
# corresponding to MSA columns:
# 97-158
name=unknown_A
#
# <colnr> <probs for GDERKNQSTAVLIFYWHMCP>
#	G	D	E	R	K	N	Q	S	T	A	V	L	I	F	Y	W	H	M	C	P
0	0.02942	0.06948	0.03210	0.16279	0.10252	0.02551	0.02234	0.12850	0.06529	0.09406	0.04153	0.04313	0.10591	0.01492	0.01128	0.00350	0.01145	0.01237	0.00866	0.01525
1	0.03299	0.01883	0.02606	0.17506	0.04034	0.01933	0.01995	0.08482	0.02985	0.22790	0.04570	0.08430	0.08532	0.01720	0.01197	0.00376	0.01080	0.04046	0.01033	0.01503
2	0.08195	0.02567	0.02761	0.10976	0.08816	0.09052	0.02045	0.08990	0.13457	0.07494	0.02994	0.03230	0.02260	0.01267	0.01030	0.00337	0.01156	0.01012	0.10849	0.01510
3	0.09541	0.02143	0.02611	0.06429	0.09232	0.02193	0.01834	0.10010	0.09600	0.04418	0.08259	0.08608	0.03392	0.01473	0.01068	0.00323	0.00965	0.01239	0.00873	0.15789
4	0.03822	0.02633	0.08826	0.06723	0.09710	0.02264	0.02281	0.13182	0.03254	0.25177	0.03294	0.03541	0.02351	0.06028	0.01491	0.00407	0.01189	0.01090	0.01013	0.01724
5	0.03396	0.01891	0.02605	0.06976	0.09217	0.01854	0.01848	0.08948	0.03079	0.23059	0.08396	0.11943	0.03851	0.01701	0.01166	0.00358	0.00967	0.01465	0.05719	0.01563
6	0.03663	0.02816	0.03504	0.03328	0.11957	0.09065	0.07183	0.09676	0.10472	0.17036	0.03111	0.03155	0.02245	0.01222	0.01113	0.00332	0.01268	0.01052	0.00937	0.06866
7	0.07804	0.02696	0.09467	0.08282	0.03886	0.02276	0.05955	0.09426	0.05922	0.21660	0.03079	0.03107	0.02117	0.01211	0.01080	0.00337	0.01187	0.01009	0.00952	0.08548
8	0.03781	0.09165	0.03502	0.02919	0.08556	0.15103	0.05072	0.08331	0.03087	0.18179	0.03131	0.08748	0.02555	0.01440	0.01103	0.00334	0.01334	0.01183	0.00900	0.01576
9	0.17406	0.08510	0.03152	0.02791	0.11509	0.02675	0.01937	0.14159	0.03123	0.10064	0.06275	0.02966	0.02442	0.01215	0.00979	0.00316	0.01051	0.00942	0.00863	0.07626
10	0.06490	0.02604	0.08800	0.14239	0.12611	0.02450	0.02488	0.08431	0.11234	0.04269	0.11391	0.03941	0.03493	0.01391	0.01130	0.00358	0.01151	0.01187	0.00825	0.01515
11	0.03357	0.22290	0.09174	0.06063	0.03388	0.02919	0.02131	0.08631	0.02794	0.16577	0.02688	0.02893	0.02014	0.02067	0.07799	0.00495	0.01437	0.00910	0.00801	0.01571
12	0.09876	0.25007	0.10310	0.02551	0.08348	0.03053	0.02162	0.03675	0.05672	0.09282	0.07546	0.03056	0.02692	0.01214	0.00941	0.00310	0.01122	0.00927	0.00737	0.01519
13	0.06963	0.01949	0.07390	0.01781	0.02287	0.01581	0.01504	0.06882	0.02678	0.10020	0.10370	0.19886	0.09960	0.09483	0.01788	0.00473	0.00900	0.01893	0.00987	0.01224
14	0.01534	0.01155	0.01473	0.01595	0.01826	0.01031	0.01146	0.01811	0.02262	0.03040	0.06132	0.43064	0.10799	0.03085	0.01365	0.00421	0.00709	0.07378	0.00997	0.09179
15	0.15848	0.02221	0.02724	0.12513	0.07675	0.02368	0.01994	0.13427	0.02995	0.10773	0.02834	0.08808	0.02372	0.01413	0.01049	0.00345	0.01088	0.01149	0.00865	0.07540
16	0.20245	0.01988	0.02307	0.01990	0.02380	0.02308	0.01581	0.08641	0.02304	0.09172	0.02108	0.02747	0.01741	0.02144	0.02511	0.19586	0.13454	0.00903	0.00720	0.01173
17	0.02038	0.01237	0.01607	0.01517	0.01845	0.01151	0.01186	0.02557	0.03022	0.09516	0.36407	0.07987	0.08414	0.02195	0.01274	0.00363	0.00638	0.07271	0.08629	0.01146
18	0.03042	0.25562	0.09378	0.02199	0.03100	0.07356	0.02078	0.03522	0.02420	0.08502	0.02019	0.02284	0.01638	0.01114	0.01164	0.00279	0.07259	0.00747	0.00628	0.15709
19	0.02817	0.02232	0.02880	0.02090	0.03081	0.01883	0.05862	0.08929	0.02800	0.08037	0.02304	0.02561	0.01789	0.00952	0.00939	0.00222	0.00991	0.00807	0.00772	0.48053
20	0.02861	0.03746	0.28035	0.02735	0.03873	0.02089	0.06602	0.03720	0.02580	0.16585	0.03393	0.12735	0.02844	0.01569	0.01170	0.00374	0.01324	0.01360	0.00820	0.01587
21	0.03140	0.03302	0.03017	0.02637	0.02965	0.20108	0.02066	0.08351	0.06060	0.03263	0.02167	0.03079	0.01977	0.08874	0.02628	0.00477	0.22929	0.01005	0.00657	0.01298
22	0.02182	0.02114	0.03680	0.39426	0.12023	0.02399	0.08662	0.02898	0.02370	0.03074	0.03042	0.03809	0.07001	0.01272	0.01171	0.00372	0.01433	0.01187	0.00573	0.01312
23	0.03127	0.13799	0.13631	0.10166	0.13709	0.02764	0.02729	0.04052	0.07056	0.14216	0.02703	0.02905	0.01982	0.01155	0.01041	0.00334	0.01274	0.00948	0.00752	0.01659
24	0.02958	0.23120	0.17133	0.02306	0.03326	0.03065	0.02386	0.07428	0.08288	0.09112	0.07761	0.03196	0.02800	0.01270	0.00998	0.00317	0.01194	0.00975	0.00781	0.01586
25	0.01593	0.01150	0.01504	0.01416	0.01681	0.01062	0.01062	0.02124	0.03186	0.04513	0.52830	0.08407	0.10620	0.02301	0.01327	0.00354	0.00531	0.02035	0.01239	0.01062
26	0.04024	0.02257	0.02840	0.02599	0.08161	0.02240	0.01891	0.14647	0.09528	0.27788	0.04474	0.04163	0.07174	0.01494	0.01149	0.00352	0.01015	0.01224	0.01185	0.01796
27	0.02409	0.01943	0.03101	0.40786	0.06146	0.02344	0.02688	0.03056	0.02405	0.08464	0.07656	0.03618	0.02611	0.01357	0.01383	0.00381	0.06557	0.01124	0.00673	0.01299
28	0.02693	0.01409	0.01772	0.01532	0.02039	0.01230	0.01201	0.03117	0.03009	0.21033	0.23686	0.07583	0.20844	0.02158	0.01262	0.00360	0.00689	0.01830	0.01233	0.01319
29	0.01814	0.01142	0.01478	0.01525	0.01764	0.01035	0.01092	0.02133	0.02585	0.08752	0.18858	0.34793	0.12932	0.02902	0.01364	0.00410	0.00644	0.02582	0.01133	0.01063
30	0.02338	0.11746	0.49394	0.03071	0.04659	0.02811	0.03919	0.03544	0.02367	0.03466	0.01971	0.02315	0.01428	0.01058	0.01032	0.00344	0.01614	0.00807	0.00476	0.01640
31	0.01869	0.01765	0.03030	0.20271	0.04455	0.01830	0.11556	0.02417	0.02377	0.03060	0.05169	0.19203	0.14216	0.02077	0.01291	0.00398	0.01163	0.01928	0.00772	0.01154
32	0.12210	0.01945	0.02504	0.01943	0.02794	0.01753	0.01605	0.05239	0.03074	0.48647	0.04116	0.03605	0.02609	0.01354	0.01083	0.00348	0.00948	0.01073	0.01314	0.01837
33	0.02497	0.09767	0.31250	0.03956	0.10987	0.02852	0.15807	0.03544	0.02465	0.03505	0.02058	0.02549	0.01546	0.01019	0.01112	0.00349	0.01643	0.00963	0.00511	0.01620
34	0.02492	0.02102	0.03645	0.46168	0.07036	0.02448	0.07921	0.03230	0.02397	0.08382	0.02288	0.03092	0.01659	0.01135	0.01148	0.00373	0.01486	0.01049	0.00602	0.01349
35	0.04689	0.01836	0.02497	0.01941	0.02749	0.01593	0.01593	0.05135	0.03218	0.49023	0.09485	0.04308	0.03603	0.01488	0.01152	0.00349	0.00913	0.01226	0.01377	0.01826
36	0.03374	0.02466	0.09014	0.07995	0.03488	0.02102	0.02087	0.11985	0.06058	0.20778	0.03949	0.14829	0.03322	0.01762	0.01186	0.00375	0.01085	0.01492	0.01053	0.01601
37	0.03043	0.23518	0.10764	0.03719	0.15311	0.03451	0.08980	0.11412	0.02928	0.03884	0.02036	0.02418	0.01637	0.01049	0.01004	0.00311	0.01386	0.00890	0.00621	0.01638
38	0.09302	0.01947	0.02834	0.35932	0.05632	0.02305	0.02483	0.06442	0.02596	0.03681	0.08640	0.04303	0.03035	0.01440	0.01139	0.00378	0.01255	0.04693	0.00705	0.01258
39	0.01955	0.00978	0.01466	0.01466	0.01466	0.00978	0.00978	0.01466	0.01466	0.01955	0.01955	0.03421	0.01955	0.03910	0.04399	0.67253	0.00978	0.00978	0.00489	0.00489
40	0.10429	0.15567	0.07134	0.02271	0.03166	0.03264	0.02034	0.19969	0.12428	0.08907	0.02770	0.02757	0.02054	0.01251	0.00993	0.00328	0.01136	0.00926	0.00920	0.01697
41	0.01832	0.01355	0.01587	0.01524	0.01847	0.01358	0.01141	0.02798	0.11889	0.04200	0.28948	0.12819	0.11866	0.02216	0.01238	0.00361	0.00614	0.01927	0.09312	0.01168
42	0.02138	0.03806	0.29157	0.02507	0.03563	0.02190	0.02790	0.03552	0.12222	0.03814	0.09961	0.08653	0.07588	0.01649	0.01166	0.00371	0.01201	0.01379	0.00794	0.01496
43	0.02151	0.01583	0.01884	0.01758	0.02051	0.01745	0.01320	0.03139	0.17304	0.03450	0.09421	0.05097	0.09702	0.02511	0.02342	0.20605	0.05303	0.01361	0.06163	0.01109
44	0.02920	0.02421	0.02553	0.02226	0.02885	0.02735	0.01751	0.13620	0.37759	0.04976	0.04944	0.04613	0.08318	0.01632	0.01161	0.00373	0.00922	0.01339	0.01131	0.01719
45	0.02672	0.36924	0.21365	0.08319	0.04050	0.03650	0.02776	0.03380	0.02312	0.02968	0.01758	0.02118	0.01444	0.01015	0.00878	0.00293	0.01384	0.00719	0.00481	0.01494
46	0.01637	0.01091	0.01228	0.01228	0.01228	0.01091	0.00682	0.01637	0.01637	0.02182	0.03546	0.07365	0.04092	0.60445	0.05729	0.01091	0.01091	0.01637	0.00682	0.00682
47	0.01647	0.01297	0.01787	0.01858	0.01973	0.01436	0.01403	0.01949	0.02203	0.03046	0.10026	0.32957	0.06154	0.03712	0.08571	0.00626	0.10130	0.07297	0.00922	0.01005
48	0.03245	0.21529	0.03852	0.02135	0.03041	0.03277	0.01847	0.18573	0.10058	0.04589	0.02443	0.02540	0.01920	0.01138	0.00935	0.00276	0.01092	0.00842	0.00821	0.15848
49	0.02334	0.02001	0.02334	0.01667	0.02667	0.01500	0.01334	0.02834	0.02334	0.03668	0.02001	0.02334	0.01667	0.00834	0.00834	0.00167	0.00834	0.00667	0.00667	0.67325
50	0.17361	0.02103	0.02315	0.01758	0.02659	0.01893	0.01429	0.06757	0.02626	0.14189	0.02438	0.02546	0.01808	0.01026	0.00883	0.00254	0.00895	0.00771	0.00849	0.35441
51	0.02236	0.01275	0.01621	0.01518	0.01894	0.01132	0.01142	0.02616	0.02822	0.14614	0.22616	0.19736	0.17364	0.02505	0.01311	0.00382	0.00660	0.02181	0.01186	0.01189
52	0.02369	0.01298	0.01665	0.01560	0.01943	0.01187	0.01218	0.02820	0.02859	0.14617	0.22464	0.12966	0.11076	0.02254	0.01256	0.00373	0.00694	0.06826	0.09340	0.01214
53	0.04272	0.09383	0.03100	0.02125	0.02890	0.02318	0.01787	0.04989	0.08394	0.36837	0.03790	0.03478	0.02556	0.01415	0.01350	0.00354	0.06968	0.01067	0.01158	0.01770
54	0.03154	0.41056	0.04800	0.02013	0.02843	0.03813	0.01854	0.13194	0.02838	0.03528	0.01860	0.02201	0.01610	0.01413	0.01267	0.08585	0.01183	0.00738	0.00622	0.01428
55	0.03686	0.01895	0.02338	0.01883	0.02567	0.01797	0.01521	0.12906	0.03537	0.27848	0.15480	0.05474	0.10550	0.01763	0.01198	0.00351	0.00872	0.01460	0.01264	0.01610
56	0.01841	0.02329	0.13912	0.08051	0.03282	0.01627	0.02261	0.02506	0.02492	0.03399	0.09984	0.17539	0.05444	0.02419	0.01351	0.00436	0.01101	0.17967	0.00876	0.01183
57	0.03875	0.02758	0.02906	0.02757	0.08359	0.12070	0.01992	0.13530	0.03516	0.20417	0.08573	0.04332	0.03370	0.01530	0.01161	0.00348	0.01215	0.04609	0.01055	0.01629
58	0.04056	0.01835	0.02352	0.01874	0.02581	0.01697	0.01521	0.09599	0.03370	0.35153	0.13072	0.04578	0.04137	0.01548	0.01136	0.00340	0.00871	0.01277	0.07324	0.01679
59	0.01474	0.01098	0.01379	0.01465	0.01682	0.01003	0.01072	0.01829	0.02629	0.03509	0.23213	0.28006	0.18142	0.02930	0.01386	0.00410	0.00625	0.06055	0.01111	0.00982
60	0.09813	0.08672	0.04345	0.15704	0.14899	0.02791	0.13301	0.03648	0.05897	0.06874	0.02335	0.02851	0.01789	0.01079	0.01083	0.00349	0.01381	0.01020	0.00650	0.01519
61	0.17810	0.02374	0.03588	0.13298	0.10498	0.02473	0.11024	0.06782	0.02699	0.15022	0.02546	0.02881	0.01818	0.01132	0.01068	0.00357	0.01280	0.01005	0.00798	0.01547

[dist]
# distance from previous block
# <min> <max>
0	2

[block]
# block no. 1 follows, 11 sequences, length 30
# corresponding to MSA columns:
# 161-190
name=unknown_B
#
# <colnr> <probs for GDERKNQSTAVLIFYWHMCP>
#	G	D	E	R	K	N	Q	S	T	A	V	L	I	F	Y	W	H	M	C	P
0	0.26051	0.01817	0.02312	0.12549	0.03434	0.02013	0.05214	0.02736	0.02201	0.03807	0.03384	0.15298	0.03454	0.01902	0.01121	0.00407	0.01054	0.09311	0.00778	0.01155
1	0.03700	0.15896	0.11095	0.02442	0.03414	0.06644	0.05291	0.04608	0.08825	0.22298	0.03135	0.03036	0.02206	0.01222	0.01039	0.00328	0.01246	0.00973	0.00915	0.01687
2	0.10371	0.29336	0.19679	0.02275	0.03406	0.03281	0.02483	0.03725	0.02407	0.10588	0.02115	0.02271	0.01606	0.01066	0.00883	0.00303	0.01270	0.00748	0.00634	0.01553
3	0.01587	0.01138	0.01383	0.01322	0.01611	0.01037	0.00992	0.02065	0.02975	0.04172	0.39318	0.08508	0.18785	0.02320	0.01275	0.00351	0.00539	0.02011	0.07572	0.01037
4	0.03007	0.02478	0.12497	0.02032	0.02823	0.01746	0.01935	0.07334	0.03169	0.19945	0.20798	0.05477	0.08448	0.01732	0.01199	0.00353	0.00949	0.01454	0.01114	0.01510
5	0.08151	0.01421	0.01644	0.01437	0.01926	0.01335	0.01131	0.03304	0.02744	0.18745	0.13233	0.05426	0.10052	0.01670	0.01039	0.00324	0.00685	0.01368	0.23059	0.01306
6	0.02057	0.02448	0.08345	0.12965	0.03479	0.09351	0.01953	0.02577	0.02588	0.03217	0.12211	0.15389	0.14852	0.02093	0.01232	0.00373	0.01103	0.01779	0.00831	0.01156
7	0.03276	0.02230	0.03188	0.10269	0.03927	0.02067	0.07497	0.08858	0.02925	0.17267	0.02756	0.02950	0.01971	0.01095	0.01046	0.00289	0.01134	0.00955	0.00874	0.25427
8	0.01874	0.01007	0.01405	0.01405	0.01405	0.01007	0.00902	0.01510	0.01510	0.02013	0.02361	0.04427	0.02500	0.18327	0.04738	0.50381	0.01007	0.01146	0.00538	0.00538
9	0.68395	0.02177	0.01654	0.01480	0.02177	0.02525	0.01219	0.03309	0.01915	0.05050	0.01567	0.01828	0.01219	0.01045	0.00697	0.00348	0.00871	0.00609	0.00697	0.01219
10	0.68395	0.02177	0.01654	0.01480	0.02177	0.02525	0.01219	0.03309	0.01915	0.05050	0.01567	0.01828	0.01219	0.01045	0.00697	0.00348	0.00871	0.00609	0.00697	0.01219
11	0.01618	0.01164	0.01598	0.01598	0.01726	0.01292	0.01143	0.01874	0.01746	0.02456	0.03208	0.05492	0.03278	0.27344	0.37717	0.01548	0.02316	0.01363	0.00632	0.00888
12	0.04148	0.08112	0.03145	0.02138	0.03049	0.02520	0.01792	0.19729	0.03683	0.25064	0.03177	0.03009	0.02179	0.01246	0.01041	0.00305	0.01056	0.00964	0.01096	0.12549
13	0.12483	0.02690	0.04798	0.08893	0.04933	0.02689	0.27490	0.08353	0.02843	0.10134	0.02449	0.02921	0.01767	0.01073	0.01174	0.00367	0.01533	0.01138	0.00735	0.01536
14	0.05050	0.01915	0.02612	0.02003	0.02873	0.01654	0.01654	0.05485	0.03221	0.54203	0.04440	0.03831	0.02786	0.01393	0.01132	0.00348	0.00958	0.01132	0.01393	0.01915
15	0.02257	0.05822	0.54613	0.03208	0.04871	0.02614	0.04158	0.03564	0.02376	0.03564	0.02020	0.02376	0.01426	0.01069	0.01069	0.00356	0.01663	0.00832	0.00475	0.01663
16	0.02202	0.02149	0.03844	0.50138	0.07484	0.02550	0.09754	0.02980	0.02309	0.02980	0.02040	0.03006	0.01530	0.01100	0.01154	0.00376	0.01557	0.01047	0.00510	0.01289
17	0.02213	0.01706	0.02574	0.14228	0.03601	0.01823	0.08403	0.03145	0.07930	0.03909	0.07993	0.04177	0.03226	0.01339	0.01032	0.00326	0.00978	0.01199	0.28954	0.01244
18	0.02126	0.02001	0.03376	0.57739	0.07752	0.02501	0.03126	0.02876	0.02251	0.02876	0.02001	0.03001	0.01500	0.01125	0.01125	0.00375	0.01500	0.01000	0.00500	0.01250
19	0.02202	0.01252	0.01579	0.01530	0.01883	0.01108	0.01132	0.02522	0.02645	0.14448	0.13860	0.27298	0.18755	0.02705	0.01326	0.00398	0.00681	0.02363	0.01149	0.01165
20	0.02753	0.01593	0.01960	0.01779	0.02218	0.01576	0.01335	0.03709	0.13406	0.17422	0.13446	0.17277	0.05495	0.08639	0.01749	0.00463	0.00815	0.01831	0.01156	0.01377
21	0.01373	0.01058	0.01256	0.01384	0.01592	0.00941	0.00970	0.01632	0.02403	0.03073	0.12060	0.36017	0.25896	0.03157	0.01385	0.00418	0.00610	0.02776	0.01061	0.00941
22	0.45278	0.02229	0.02094	0.01740	0.02504	0.02428	0.01435	0.09376	0.02637	0.17291	0.02404	0.02422	0.01684	0.01166	0.00854	0.00347	0.00936	0.00785	0.00918	0.01472
23	0.02185	0.02116	0.03740	0.51826	0.07543	0.02539	0.08282	0.02957	0.02296	0.02957	0.02031	0.03005	0.01524	0.01106	0.01148	0.00376	0.01545	0.01037	0.00508	0.01280
24	0.02810	0.08737	0.26917	0.16039	0.05036	0.02746	0.03233	0.09081	0.02772	0.08842	0.02303	0.02665	0.01641	0.01140	0.01067	0.00348	0.01465	0.00905	0.00652	0.01601
25	0.02525	0.25491	0.37286	0.02752	0.04166	0.03268	0.03364	0.03495	0.02345	0.03238	0.01858	0.02173	0.01432	0.01031	0.00946	0.00315	0.01500	0.00750	0.00477	0.01586
26	0.02566	0.02131	0.02038	0.01880	0.02326	0.09379	0.01422	0.07768	0.08820	0.07944	0.13026	0.17563	0.14109	0.02242	0.01249	0.00373	0.00928	0.01895	0.01057	0.01285
27	0.02056	0.01546	0.01878	0.01784	0.02204	0.01485	0.01421	0.08927	0.02975	0.04021	0.14187	0.17482	0.11363	0.02484	0.01320	0.00394	0.00828	0.13550	0.01044	0.09051
28	0.07799	0.15818	0.30625	0.02631	0.03927	0.02929	0.03034	0.07528	0.02665	0.09829	0.02241	0.02423	0.01617	0.01108	0.00985	0.00330	0.01395	0.00821	0.00656	0.01638
29	0.15346	0.03151	0.15257	0.02290	0.03337	0.02375	0.02256	0.12657	0.03107	0.20927	0.02850	0.02808	0.01937	0.01207	0.01018	0.00336	0.01158	0.00912	0.00946	0.06123

[dist]
# distance from previous block
# <min> <max>
3	23

[block]
# block no. 2 follows, 11 sequences, length 30
# corresponding to MSA columns:
# 214-243
name=unknown_C
#
# <colnr> <probs for GDERKNQSTAVLIFYWHMCP>
#	G	D	E	R	K	N	Q	S	T	A	V	L	I	F	Y	W	H	M	C	P
0	0.02787	0.02608	0.02449	0.11968	0.03459	0.16643	0.01854	0.06584	0.02778	0.07041	0.03827	0.25179	0.03964	0.02121	0.01218	0.00379	0.01251	0.01804	0.00853	0.01234
1	0.14834	0.19809	0.12648	0.01960	0.02846	0.02786	0.01970	0.03653	0.06090	0.08317	0.02509	0.02701	0.01926	0.01141	0.00862	0.00306	0.01061	0.00823	0.12319	0.01442
2	0.39143	0.02325	0.01978	0.01727	0.02395	0.07045	0.01387	0.03962	0.06598	0.13389	0.02561	0.02642	0.01875	0.01185	0.00850	0.00337	0.00957	0.00813	0.07449	0.01381
3	0.01547	0.01149	0.01440	0.01367	0.01653	0.01042	0.01026	0.02034	0.03077	0.04254	0.45530	0.08835	0.18081	0.02398	0.01328	0.00359	0.00538	0.02095	0.01205	0.01042
4	0.04342	0.01935	0.02774	0.07238	0.07752	0.01776	0.01901	0.04832	0.03075	0.41600	0.07535	0.03997	0.03153	0.01401	0.01144	0.00350	0.01008	0.01174	0.01229	0.01784
5	0.03551	0.01534	0.02010	0.01687	0.02263	0.01369	0.01336	0.03995	0.02957	0.31481	0.13028	0.10293	0.04653	0.01752	0.01136	0.00345	0.00776	0.01484	0.12837	0.01512
6	0.01429	0.01024	0.01357	0.01528	0.01645	0.00952	0.01049	0.01711	0.02422	0.03298	0.18281	0.46421	0.08267	0.03209	0.01408	0.00430	0.00621	0.02898	0.01095	0.00952
7	0.02770	0.09892	0.12774	0.17233	0.05447	0.12248	0.17063	0.03546	0.02564	0.03162	0.01995	0.02612	0.01537	0.01051	0.01115	0.00344	0.01709	0.00982	0.00529	0.01428
8	0.01518	0.01148	0.01401	0.01338	0.01636	0.01030	0.01003	0.01980	0.03010	0.04095	0.41063	0.09096	0.22648	0.02457	0.01328	0.00361	0.00542	0.02132	0.01184	0.01030
9	0.03242	0.02797	0.04038	0.09768	0.14965	0.03001	0.10135	0.20712	0.10833	0.04984	0.02713	0.03030	0.02035	0.01213	0.01159	0.00354	0.01343	0.01099	0.00849	0.01730
10	0.68395	0.02177	0.01654	0.01480	0.02177	0.02525	0.01219	0.03309	0.01915	0.05050	0.01567	0.01828	0.01219	0.01045	0.00697	0.00348	0.00871	0.00609	0.00697	0.01219
11	0.03954	0.04890	0.03433	0.03606	0.12280	0.46543	0.02400	0.04311	0.03079	0.02917	0.01806	0.02163	0.01508	0.01132	0.01032	0.00298	0.01908	0.00774	0.00576	0.01389
12	0.01637	0.01091	0.01228	0.01228	0.01228	0.01091	0.00682	0.01637	0.01637	0.02182	0.03546	0.07365	0.04092	0.60445	0.05729	0.01091	0.01091	0.01637	0.00682	0.00682
13	0.02384	0.01405	0.01954	0.02060	0.02427	0.01359	0.01786	0.02888	0.02702	0.12325	0.05692	0.11134	0.05827	0.02807	0.01480	0.00488	0.01023	0.37969	0.01099	0.01191
14	0.01637	0.01091	0.01228	0.01228	0.01228	0.01091	0.00682	0.01637	0.01637	0.02182	0.03546	0.07365	0.04092	0.60445	0.05729	0.01091	0.01091	0.01637	0.00682	0.00682
15	0.03009	0.61122	0.05898	0.01926	0.02889	0.04454	0.01926	0.03370	0.02287	0.02648	0.01565	0.01805	0.01444	0.00963	0.00722	0.00241	0.01204	0.00602	0.00481	0.01444
16	0.03290	0.01971	0.02432	0.01785	0.02740	0.01555	0.01447	0.03768	0.02646	0.21465	0.02860	0.02861	0.02061	0.01031	0.00939	0.00231	0.00877	0.00831	0.00923	0.44289
17	0.05050	0.01915	0.02612	0.02003	0.02873	0.01654	0.01654	0.05485	0.03221	0.54203	0.04440	0.03831	0.02786	0.01393	0.01132	0.00348	0.00958	0.01132	0.01393	0.01915
18	0.03351	0.08870	0.03734	0.03695	0.17317	0.08837	0.02401	0.16166	0.15622	0.04620	0.02794	0.02941	0.02164	0.01238	0.01075	0.00333	0.01260	0.01003	0.00848	0.01731
19	0.02462	0.02462	0.03447	0.02955	0.02955	0.03447	0.02462	0.02709	0.01724	0.02709	0.01477	0.02462	0.01477	0.01970	0.03694	0.00492	0.58385	0.00985	0.00492	0.01231
20	0.02221	0.02001	0.02900	0.32105	0.05427	0.02043	0.02306	0.02857	0.02289	0.03238	0.02001	0.02696	0.01577	0.00992	0.00992	0.00280	0.01196	0.00848	0.00576	0.31458
21	0.03009	0.61122	0.05898	0.01926	0.02889	0.04454	0.01926	0.03370	0.02287	0.02648	0.01565	0.01805	0.01444	0.00963	0.00722	0.00241	0.01204	0.00602	0.00481	0.01444
22	0.01637	0.01091	0.01228	0.01228	0.01228	0.01091	0.00682	0.01637	0.01637	0.02182	0.03546	0.07365	0.04092	0.60445	0.05729	0.01091	0.01091	0.01637	0.00682	0.00682
23	0.01371	0.00979	0.01306	0.01567	0.01632	0.00914	0.01045	0.01567	0.02155	0.02873	0.06203	0.59710	0.07444	0.03526	0.01437	0.00457	0.00653	0.03200	0.01045	0.00914
24	0.68395	0.02177	0.01654	0.01480	0.02177	0.02525	0.01219	0.03309	0.01915	0.05050	0.01567	0.01828	0.01219	0.01045	0.00697	0.00348	0.00871	0.00609	0.00697	0.01219
25	0.05050	0.01915	0.02612	0.02003	0.02873	0.01654	0.01654	0.05485	0.03221	0.54203	0.04440	0.03831	0.02786	0.01393	0.01132	0.00348	0.00958	0.01132	0.01393	0.01915
26	0.01817	0.01195	0.01362	0.01314	0.01679	0.01045	0.00986	0.02170	0.02679	0.08495	0.16804	0.14425	0.31430	0.02553	0.01276	0.00371	0.00607	0.02170	0.06551	0.01071
27	0.01395	0.00998	0.01327	0.01551	0.01638	0.00930	0.01047	0.01627	0.02266	0.03050	0.11231	0.54178	0.07787	0.03394	0.01425	0.00446	0.00640	0.03074	0.01066	0.00930
28	0.57085	0.02738	0.01925	0.01730	0.02406	0.11934	0.01387	0.03517	0.02140	0.04645	0.01598	0.01864	0.01260	0.01065	0.00753	0.00338	0.01075	0.00630	0.00676	0.01234
29	0.03421	0.02279	0.02564	0.02211	0.02912	0.02483	0.01746	0.05844	0.38085	0.18380	0.04542	0.04098	0.03256	0.01490	0.01142	0.00373	0.00909	0.01234	0.01214	0.01819

[dist]
# distance from previous block
# <min> <max>
0	1

[block]
# block no. 3 follows, 11 sequences, length 13
# corresponding to MSA columns:
# 245-257
name=unknown_D
#
# <colnr> <probs for GDERKNQSTAVLIFYWHMCP>
#	G	D	E	R	K	N	Q	S	T	A	V	L	I	F	Y	W	H	M	C	P
0	0.68395	0.02177	0.01654	0.01480	0.02177	0.02525	0.01219	0.03309	0.01915	0.05050	0.01567	0.01828	0.01219	0.01045	0.00697	0.00348	0.00871	0.00609	0.00697	0.01219
1	0.01438	0.01144	0.01289	0.01253	0.01586	0.00996	0.00940	0.01823	0.02819	0.03643	0.28355	0.09840	0.35638	0.02626	0.01329	0.00369	0.00554	0.02236	0.01124	0.00996
2	0.02128	0.03155	0.20642	0.03442	0.16032	0.02011	0.02745	0.02962	0.02747	0.03971	0.22286	0.04884	0.05180	0.01543	0.01184	0.00350	0.01129	0.01355	0.00800	0.01454
3	0.02126	0.02001	0.03376	0.57739	0.07752	0.02501	0.03126	0.02876	0.02251	0.02876	0.02001	0.03001	0.01500	0.01125	0.01125	0.00375	0.01500	0.01000	0.00500	0.01250
4	0.13729	0.18664	0.25719	0.02505	0.03715	0.03195	0.02800	0.10583	0.02727	0.04125	0.01936	0.02193	0.01471	0.01082	0.00929	0.00323	0.01351	0.00765	0.00614	0.01573
5	0.02541	0.02425	0.04127	0.25732	0.36511	0.02610	0.03333	0.03240	0.02447	0.03380	0.02074	0.02865	0.01678	0.01048	0.01118	0.00349	0.01398	0.01002	0.00536	0.01586
6	0.01525	0.01132	0.01421	0.01383	0.01648	0.01028	0.01024	0.01980	0.02976	0.04094	0.40970	0.13887	0.17734	0.02518	0.01339	0.00369	0.00550	0.02210	0.01186	0.01028
7	0.68395	0.02177	0.01654	0.01480	0.02177	0.02525	0.01219	0.03309	0.01915	0.05050	0.01567	0.01828	0.01219	0.01045	0.00697	0.00348	0.00871	0.00609	0.00697	0.01219
8	0.03009	0.61122	0.05898	0.01926	0.02889	0.04454	0.01926	0.03370	0.02287	0.02648	0.01565	0.01805	0.01444	0.00963	0.00722	0.00241	0.01204	0.00602	0.00481	0.01444
9	0.01358	0.01141	0.01179	0.01169	0.01537	0.00962	0.00877	0.01669	0.02631	0.03197	0.15793	0.10575	0.48478	0.02792	0.01330	0.00377	0.00566	0.02339	0.01066	0.00962
10	0.01422	0.01048	0.01331	0.01463	0.01628	0.00958	0.01020	0.01717	0.02482	0.03319	0.18932	0.39050	0.15276	0.03109	0.01392	0.00419	0.00609	0.02775	0.01095	0.00958
11	0.01559	0.01124	0.01474	0.01439	0.01674	0.01039	0.01059	0.02038	0.03027	0.04261	0.45640	0.16318	0.10130	0.02490	0.01344	0.00370	0.00550	0.02215	0.01209	0.01039
12	0.02611	0.02765	0.04557	0.08581	0.04703	0.07474	0.25461	0.03779	0.10690	0.03778	0.10372	0.03957	0.03320	0.01288	0.01250	0.00367	0.01498	0.01342	0.00761	0.01446

[dist]
# distance from previous block
# <min> <max>
0	2

[block]
# block no. 4 follows, 11 sequences, length 43
# corresponding to MSA columns:
# 260-278,282-305
name=unknown_E
#
# <colnr> <probs for GDERKNQSTAVLIFYWHMCP>
#	G	D	E	R	K	N	Q	S	T	A	V	L	I	F	Y	W	H	M	C	P
0	0.58719	0.02324	0.01914	0.01648	0.02375	0.02671	0.01358	0.10305	0.02425	0.05358	0.01738	0.01960	0.01324	0.01091	0.00761	0.00347	0.00926	0.00670	0.00761	0.01324
1	0.02257	0.05822	0.54613	0.03208	0.04871	0.02614	0.04158	0.03564	0.02376	0.03564	0.02020	0.02376	0.01426	0.01069	0.01069	0.00356	0.01663	0.00832	0.00475	0.01663
2	0.22189	0.02287	0.02937	0.19100	0.04453	0.02603	0.06049	0.06816	0.11722	0.07469	0.02584	0.02918	0.01909	0.01194	0.01020	0.00365	0.01181	0.00973	0.00783	0.01449
3	0.68395	0.02177	0.01654	0.01480	0.02177	0.02525	0.01219	0.03309	0.01915	0.05050	0.01567	0.01828	0.01219	0.01045	0.00697	0.00348	0.00871	0.00609	0.00697	0.01219
4	0.05050	0.01915	0.02612	0.02003	0.02873	0.01654	0.01654	0.05485	0.03221	0.54203	0.04440	0.03831	0.02786	0.01393	0.01132	0.00348	0.00958	0.01132	0.01393	0.01915
5	0.02739	0.13327	0.06196	0.04569	0.12523	0.03107	0.33968	0.03541	0.02577	0.03446	0.02126	0.02779	0.01672	0.00959	0.01188	0.00348	0.01689	0.01150	0.00552	0.01545
6	0.01455	0.01145	0.01313	0.01271	0.01597	0.01003	0.00953	0.01856	0.02859	0.03738	0.31013	0.09684	0.32921	0.02590	0.01329	0.00368	0.00552	0.02214	0.01137	0.01003
7	0.01450	0.01036	0.01396	0.01657	0.01757	0.00982	0.01182	0.01703	0.02233	0.02961	0.06160	0.51336	0.07272	0.03452	0.01458	0.00468	0.00721	0.10796	0.01043	0.00936
8	0.02595	0.01353	0.01769	0.01545	0.01977	0.01225	0.01201	0.03099	0.03121	0.18225	0.34997	0.06761	0.07753	0.01960	0.01224	0.00344	0.00648	0.01696	0.07209	0.01297
9	0.03418	0.23686	0.03847	0.02132	0.02953	0.03252	0.01842	0.08824	0.20687	0.13211	0.03294	0.03131	0.02460	0.01282	0.00988	0.00321	0.01047	0.00981	0.00948	0.01695
10	0.02510	0.02369	0.07624	0.08888	0.03538	0.01747	0.01861	0.03116	0.02396	0.07456	0.02191	0.02537	0.01709	0.00937	0.00916	0.00226	0.01008	0.00761	0.00683	0.47528
11	0.02969	0.13265	0.28329	0.02608	0.03869	0.07110	0.02913	0.03811	0.02553	0.11009	0.02289	0.02473	0.01666	0.01080	0.00991	0.00308	0.01412	0.00812	0.00648	0.09885
12	0.01499	0.01100	0.01435	0.01656	0.01828	0.01035	0.01250	0.01807	0.02349	0.03049	0.06914	0.38055	0.14020	0.03298	0.01456	0.00464	0.00757	0.16029	0.01042	0.00957
13	0.03131	0.01452	0.01921	0.01668	0.02168	0.01298	0.01297	0.03564	0.02957	0.26199	0.19313	0.14497	0.05937	0.02014	0.01211	0.00360	0.00739	0.01740	0.07120	0.01414
14	0.02582	0.10061	0.35279	0.02660	0.03944	0.02440	0.03157	0.03569	0.02596	0.09978	0.09947	0.03413	0.02986	0.01285	0.01082	0.00344	0.01359	0.01028	0.00706	0.01583
15	0.02087	0.01839	0.02438	0.02170	0.02170	0.02376	0.01653	0.02221	0.01684	0.02469	0.02418	0.04692	0.02666	0.28555	0.04619	0.00765	0.32337	0.01281	0.00579	0.00982
16	0.01494	0.01031	0.01270	0.01411	0.01446	0.00996	0.00878	0.01599	0.01916	0.02555	0.04978	0.35578	0.05899	0.29767	0.03415	0.00749	0.00855	0.02479	0.00878	0.00807
17	0.02953	0.04497	0.31194	0.02882	0.04158	0.02908	0.03187	0.17933	0.10658	0.04809	0.02614	0.02750	0.01877	0.01224	0.01098	0.00355	0.01418	0.00953	0.00774	0.01757
18	0.02888	0.01976	0.02502	0.10530	0.03458	0.02138	0.01943	0.09678	0.14756	0.12246	0.04398	0.11108	0.03916	0.01970	0.01257	0.00407	0.01046	0.11242	0.01051	0.01489
19	0.04583	0.02826	0.06847	0.02312	0.03222	0.07463	0.02004	0.14890	0.03605	0.34953	0.03609	0.03295	0.02359	0.01336	0.01114	0.00341	0.01179	0.01043	0.01184	0.01836
20	0.01427	0.01019	0.01370	0.01631	0.01720	0.00962	0.01141	0.01663	0.02210	0.02935	0.06173	0.53805	0.07323	0.03474	0.01451	0.00465	0.00701	0.08557	0.01044	0.00930
21	0.02482	0.02684	0.10199	0.02258	0.02977	0.02433	0.02000	0.04864	0.34591	0.04498	0.13606	0.04745	0.04534	0.01609	0.01169	0.00373	0.00937	0.01355	0.01062	0.01623
22	0.03394	0.03089	0.05158	0.03764	0.04795	0.03139	0.27879	0.24548	0.03855	0.05191	0.02470	0.02884	0.01802	0.01132	0.01236	0.00361	0.01598	0.01185	0.00822	0.01698
23	0.01593	0.01150	0.01504	0.01416	0.01681	0.01062	0.01062	0.02124	0.03186	0.04513	0.52830	0.08407	0.10620	0.02301	0.01327	0.00354	0.00531	0.02035	0.01239	0.01062
24	0.02126	0.02001	0.03376	0.57739	0.07752	0.02501	0.03126	0.02876	0.02251	0.02876	0.02001	0.03001	0.01500	0.01125	0.01125	0.00375	0.01500	0.01000	0.00500	0.01250
25	0.03057	0.02579	0.02945	0.02923	0.09369	0.02905	0.02054	0.13326	0.37172	0.04997	0.03942	0.03759	0.02961	0.01430	0.01138	0.00368	0.01008	0.01193	0.01068	0.01805
26	0.01593	0.01150	0.01504	0.01416	0.01681	0.01062	0.01062	0.02124	0.03186	0.04513	0.52830	0.08407	0.10620	0.02301	0.01327	0.00354	0.00531	0.02035	0.01239	0.01062
27	0.02483	0.02222	0.03069	0.03392	0.19367	0.01887	0.02031	0.03038	0.02409	0.03671	0.02039	0.02483	0.01705	0.00889	0.00926	0.00222	0.00999	0.00777	0.00631	0.45760
28	0.01593	0.01150	0.01504	0.01416	0.01681	0.01062	0.01062	0.02124	0.03186	0.04513	0.52830	0.08407	0.10620	0.02301	0.01327	0.00354	0.00531	0.02035	0.01239	0.01062
29	0.02797	0.03572	0.22707	0.07635	0.08561	0.02424	0.02894	0.07060	0.10161	0.10380	0.07757	0.03538	0.02875	0.01318	0.01127	0.00357	0.01275	0.01096	0.00820	0.01647
30	0.03167	0.01971	0.02327	0.01977	0.02588	0.02036	0.01564	0.08967	0.19504	0.17874	0.19087	0.05240	0.05309	0.01711	0.01195	0.00360	0.00833	0.01443	0.01237	0.01610
31	0.02724	0.02753	0.10968	0.32860	0.05933	0.02598	0.02912	0.09359	0.07184	0.08005	0.02531	0.03048	0.01825	0.01204	0.01119	0.00366	0.01391	0.01012	0.00709	0.01500
32	0.02143	0.02333	0.11590	0.18329	0.04189	0.01802	0.02264	0.02758	0.02380	0.07419	0.04349	0.16814	0.09431	0.01876	0.01186	0.00370	0.01113	0.01625	0.00779	0.07249
33	0.02013	0.01259	0.01573	0.01510	0.01835	0.01155	0.01158	0.02396	0.02723	0.09892	0.22510	0.08915	0.17214	0.11215	0.02005	0.00497	0.00761	0.09187	0.01098	0.01083
34	0.03032	0.12888	0.08166	0.01937	0.02968	0.02169	0.01786	0.03572	0.02521	0.14358	0.02450	0.02566	0.01845	0.01000	0.00901	0.00238	0.01008	0.00772	0.00771	0.35053
35	0.02027	0.01146	0.01539	0.01645	0.01853	0.01046	0.01153	0.02265	0.02345	0.12016	0.05889	0.49757	0.06614	0.03146	0.01382	0.00438	0.00707	0.02831	0.01107	0.01093
36	0.03929	0.08180	0.03678	0.02600	0.03489	0.03261	0.05667	0.32095	0.10404	0.10752	0.02973	0.02946	0.02132	0.01311	0.01108	0.00339	0.01215	0.01045	0.01053	0.01824
37	0.02400	0.12483	0.43962	0.03382	0.09019	0.02850	0.03814	0.03530	0.02382	0.03460	0.01971	0.02342	0.01460	0.01050	0.01030	0.00340	0.01576	0.00818	0.00483	0.01647
38	0.01371	0.00979	0.01306	0.01567	0.01632	0.00914	0.01045	0.01567	0.02155	0.02873	0.06203	0.59710	0.07444	0.03526	0.01437	0.00457	0.00653	0.03200	0.01045	0.00914
39	0.03179	0.03344	0.11528	0.14803	0.13616	0.07583	0.06830	0.14047	0.03197	0.07577	0.02347	0.02772	0.01732	0.01152	0.01123	0.00347	0.01482	0.00990	0.00721	0.01630
40	0.11674	0.01305	0.01527	0.01426	0.01756	0.01283	0.01086	0.02303	0.02994	0.04594	0.45094	0.07415	0.09201	0.02111	0.01232	0.00353	0.00582	0.01820	0.01157	0.01086
41	0.02646	0.01988	0.02864	0.27973	0.05079	0.01992	0.02221	0.03254	0.02429	0.10923	0.02369	0.02872	0.01758	0.01055	0.01015	0.00292	0.01165	0.00893	0.00698	0.26515
42	0.02598	0.02830	0.12319	0.02434	0.03562	0.01915	0.09108	0.03304	0.02465	0.07902	0.02251	0.02574	0.01725	0.00940	0.00975	0.00248	0.01152	0.00835	0.00679	0.40182

[dist]
# distance from previous block
# <min> <max>
0	2

[block]
# block no. 5 follows, 11 sequences, length 46
# corresponding to MSA columns:
# 308-353
name=unknown_F
#
# <colnr> <probs for GDERKNQSTAVLIFYWHMCP>
#	G	D	E	R	K	N	Q	S	T	A	V	L	I	F	Y	W	H	M	C	P
0	0.02785	0.02135	0.03103	0.08165	0.03703	0.01824	0.08419	0.03366	0.02511	0.11530	0.02424	0.02741	0.01831	0.00969	0.00982	0.00248	0.01076	0.00870	0.00749	0.40568
1	0.02359	0.02248	0.03916	0.24571	0.24174	0.02399	0.07907	0.03068	0.02547	0.03494	0.09320	0.03693	0.02931	0.01227	0.01172	0.00357	0.01342	0.01184	0.00635	0.01456
2	0.02267	0.02549	0.09171	0.02928	0.03717	0.02183	0.18212	0.03541	0.12302	0.04136	0.20528	0.05086	0.05157	0.01551	0.01265	0.00368	0.01194	0.01514	0.00908	0.01424
3	0.02373	0.10855	0.44777	0.03249	0.04789	0.02816	0.08783	0.03550	0.02398	0.03480	0.02004	0.02392	0.01458	0.01046	0.01064	0.00348	0.01644	0.00863	0.00486	0.01627
4	0.02449	0.10433	0.32252	0.02681	0.03983	0.02683	0.03074	0.03895	0.11588	0.03698	0.02452	0.02654	0.01841	0.01111	0.01014	0.00322	0.01351	0.00867	0.00629	0.11023
5	0.01530	0.01141	0.01368	0.01380	0.01620	0.01048	0.01012	0.01874	0.02607	0.03452	0.24199	0.12880	0.21371	0.12541	0.02109	0.00511	0.00698	0.06653	0.01053	0.00951
6	0.03238	0.02668	0.03526	0.16027	0.09787	0.07048	0.07169	0.15952	0.03258	0.09045	0.02607	0.03357	0.02055	0.07402	0.01619	0.00426	0.01402	0.01094	0.00795	0.01524
7	0.03916	0.02972	0.03173	0.02516	0.03352	0.03321	0.02051	0.38949	0.16604	0.06508	0.03163	0.03070	0.02288	0.01394	0.01131	0.00349	0.01153	0.01077	0.01131	0.01882
8	0.02131	0.01573	0.01907	0.01693	0.02091	0.01606	0.01318	0.11940	0.03375	0.04656	0.31865	0.06857	0.11230	0.03025	0.09077	0.00560	0.01035	0.01733	0.01109	0.01221
9	0.02257	0.05822	0.54613	0.03208	0.04871	0.02614	0.04158	0.03564	0.02376	0.03564	0.02020	0.02376	0.01426	0.01069	0.01069	0.00356	0.01663	0.00832	0.00475	0.01663
10	0.04619	0.02330	0.03012	0.02637	0.07917	0.02259	0.01962	0.17474	0.03729	0.36341	0.03737	0.03419	0.02449	0.01344	0.01129	0.00344	0.01072	0.01087	0.01239	0.01902
11	0.04279	0.03153	0.03378	0.02590	0.03490	0.03490	0.02139	0.49671	0.05292	0.07093	0.02702	0.02702	0.01914	0.01351	0.01126	0.00338	0.01239	0.01013	0.01126	0.01914
12	0.01820	0.01387	0.01738	0.01891	0.02141	0.01437	0.01462	0.02746	0.12530	0.03424	0.05783	0.32047	0.06280	0.02968	0.01417	0.00462	0.00834	0.17436	0.01063	0.01136
13	0.02126	0.02001	0.03376	0.57739	0.07752	0.02501	0.03126	0.02876	0.02251	0.02876	0.02001	0.03001	0.01500	0.01125	0.01125	0.00375	0.01500	0.01000	0.00500	0.01250
14	0.01390	0.00994	0.01323	0.01555	0.01637	0.00927	0.01046	0.01614	0.02241	0.03010	0.10091	0.55433	0.07709	0.03424	0.01427	0.00449	0.00643	0.03103	0.01061	0.00927
15	0.03009	0.61122	0.05898	0.01926	0.02889	0.04454	0.01926	0.03370	0.02287	0.02648	0.01565	0.01805	0.01444	0.00963	0.00722	0.00241	0.01204	0.00602	0.00481	0.01444
16	0.05050	0.01915	0.02612	0.02003	0.02873	0.01654	0.01654	0.05485	0.03221	0.54203	0.04440	0.03831	0.02786	0.01393	0.01132	0.00348	0.00958	0.01132	0.01393	0.01915
17	0.01461	0.01128	0.01333	0.01318	0.01610	0.01000	0.00975	0.01856	0.02822	0.03733	0.30836	0.14786	0.27773	0.02656	0.01340	0.00376	0.00560	0.02298	0.01139	0.01000
18	0.18205	0.01970	0.02413	0.01894	0.02729	0.01835	0.01564	0.05033	0.02950	0.43995	0.03844	0.03415	0.02461	0.01321	0.01041	0.00348	0.00940	0.01023	0.01248	0.01771
19	0.04279	0.03153	0.03378	0.02590	0.03490	0.03490	0.02139	0.49671	0.05292	0.07093	0.02702	0.02702	0.01914	0.01351	0.01126	0.00338	0.01239	0.01013	0.01126	0.01914
20	0.05050	0.01915	0.02612	0.02003	0.02873	0.01654	0.01654	0.05485	0.03221	0.54203	0.04440	0.03831	0.02786	0.01393	0.01132	0.00348	0.00958	0.01132	0.01393	0.01915
21	0.68395	0.02177	0.01654	0.01480	0.02177	0.02525	0.01219	0.03309	0.01915	0.05050	0.01567	0.01828	0.01219	0.01045	0.00697	0.00348	0.00871	0.00609	0.00697	0.01219
22	0.01637	0.01091	0.01228	0.01228	0.01228	0.01091	0.00682	0.01637	0.01637	0.02182	0.03546	0.07365	0.04092	0.60445	0.05729	0.01091	0.01091	0.01637	0.00682	0.00682
23	0.02126	0.02001	0.03376	0.57739	0.07752	0.02501	0.03126	0.02876	0.02251	0.02876	0.02001	0.03001	0.01500	0.01125	0.01125	0.00375	0.01500	0.01000	0.00500	0.01250
24	0.01777	0.01225	0.01597	0.01743	0.02015	0.01194	0.01467	0.02277	0.02644	0.03627	0.13115	0.10674	0.10852	0.02709	0.01391	0.00445	0.00845	0.28943	0.10427	0.01034
25	0.11257	0.02872	0.03084	0.02387	0.03262	0.03125	0.01972	0.38406	0.04635	0.13590	0.02828	0.02770	0.01964	0.01324	0.01081	0.00340	0.01159	0.00987	0.01118	0.01840
26	0.02126	0.02001	0.03376	0.57739	0.07752	0.02501	0.03126	0.02876	0.02251	0.02876	0.02001	0.03001	0.01500	0.01125	0.01125	0.00375	0.01500	0.01000	0.00500	0.01250
27	0.11015	0.02834	0.03008	0.02376	0.03216	0.03123	0.01947	0.34645	0.11071	0.10874	0.02998	0.02918	0.02129	0.01346	0.01083	0.00346	0.01126	0.01017	0.01107	0.01822
28	0.03028	0.02593	0.04359	0.06383	0.48009	0.02565	0.03261	0.03672	0.02633	0.09090	0.02366	0.02898	0.01890	0.01045	0.01116	0.00336	0.01296	0.01017	0.00647	0.01797
29	0.02038	0.01299	0.01715	0.01822	0.02092	0.01260	0.01493	0.02424	0.02449	0.07767	0.05722	0.10637	0.09086	0.14840	0.02366	0.00611	0.01006	0.29340	0.00996	0.01037
30	0.26165	0.01981	0.02157	0.01824	0.02511	0.02033	0.01505	0.08316	0.02901	0.22242	0.08509	0.04422	0.03361	0.01540	0.01045	0.00365	0.00918	0.05634	0.01074	0.01495
31	0.03326	0.40943	0.12160	0.02125	0.03168	0.03610	0.02188	0.03837	0.02494	0.13486	0.02227	0.02307	0.01720	0.01067	0.00857	0.00280	0.01218	0.00745	0.00670	0.01573
32	0.01864	0.09884	0.02443	0.01944	0.02138	0.01973	0.01522	0.02118	0.02116	0.02844	0.04543	0.36085	0.05278	0.02807	0.01812	0.00438	0.12749	0.05528	0.00849	0.01065
33	0.01385	0.01142	0.01216	0.01197	0.01554	0.00973	0.00898	0.01721	0.02694	0.03346	0.20006	0.10328	0.44172	0.02736	0.01330	0.00375	0.00562	0.02305	0.01085	0.00973
34	0.02802	0.08725	0.09326	0.04752	0.30887	0.02523	0.02856	0.03463	0.02667	0.08550	0.09503	0.03544	0.03067	0.01228	0.01101	0.00331	0.01206	0.01103	0.00719	0.01646
35	0.11068	0.02515	0.03381	0.03069	0.10460	0.02537	0.06385	0.17650	0.03538	0.23377	0.03097	0.03066	0.02122	0.01247	0.01099	0.00346	0.01171	0.01041	0.01046	0.01785
36	0.68395	0.02177	0.01654	0.01480	0.02177	0.02525	0.01219	0.03309	0.01915	0.05050	0.01567	0.01828	0.01219	0.01045	0.00697	0.00348	0.00871	0.00609	0.00697	0.01219
37	0.03376	0.47466	0.05195	0.02072	0.02971	0.11521	0.01935	0.03734	0.02506	0.07634	0.01867	0.02033	0.01575	0.01032	0.00803	0.00258	0.01298	0.00670	0.00583	0.01470
38	0.01593	0.01150	0.01504	0.01416	0.01681	0.01062	0.01062	0.02124	0.03186	0.04513	0.52830	0.08407	0.10620	0.02301	0.01327	0.00354	0.00531	0.02035	0.01239	0.01062
39	0.02420	0.02301	0.03909	0.35036	0.28151	0.02578	0.03272	0.03134	0.02390	0.03234	0.02053	0.02905	0.01627	0.01071	0.01120	0.00357	0.01427	0.01001	0.00526	0.01488
40	0.01516	0.01091	0.01436	0.01468	0.01665	0.01011	0.01056	0.01932	0.02830	0.03947	0.36721	0.26132	0.09523	0.02724	0.01365	0.00390	0.00573	0.02438	0.01172	0.01011
41	0.04204	0.05364	0.03190	0.02900	0.03480	0.55926	0.02175	0.04494	0.03190	0.02755	0.01740	0.02030	0.01450	0.01160	0.01015	0.00290	0.02030	0.00725	0.00580	0.01305
42	0.01906	0.01010	0.01515	0.01515	0.01544	0.01039	0.01039	0.01544	0.01515	0.02049	0.02106	0.03564	0.02077	0.04556	0.11752	0.57924	0.01268	0.01010	0.00505	0.00562
43	0.02486	0.02541	0.03392	0.34167	0.16056	0.10010	0.02850	0.03111	0.02478	0.03040	0.02851	0.03537	0.06279	0.01263	0.01126	0.00355	0.01456	0.01088	0.00573	0.01341
44	0.02411	0.03540	0.24128	0.02570	0.03742	0.02030	0.06887	0.03285	0.02563	0.07181	0.09446	0.03384	0.02924	0.01188	0.01067	0.00303	0.01238	0.01022	0.00710	0.20381
45	0.09237	0.01475	0.01806	0.01578	0.02069	0.01386	0.01233	0.03381	0.02872	0.20912	0.20896	0.09928	0.05740	0.01839	0.01134	0.00347	0.00715	0.01554	0.10552	0.01347

[dist]
# distance from previous block
# <min> <max>
0	1

[block]
# block no. 6 follows, 11 sequences, length 28
# corresponding to MSA columns:
# 355-382
name=unknown_G
#
# <colnr> <probs for GDERKNQSTAVLIFYWHMCP>
#	G	D	E	R	K	N	Q	S	T	A	V	L	I	F	Y	W	H	M	C	P
0	0.02786	0.02674	0.04568	0.06908	0.53424	0.02674	0.03454	0.03454	0.02563	0.03677	0.02117	0.02786	0.01783	0.01003	0.01114	0.00334	0.01337	0.01003	0.00557	0.01783
1	0.21625	0.02298	0.02590	0.02507	0.09370	0.02322	0.01746	0.08242	0.08979	0.08997	0.02512	0.02660	0.01908	0.01106	0.00927	0.00301	0.00968	0.00848	0.00832	0.19263
2	0.03711	0.03181	0.03479	0.13300	0.09586	0.10152	0.02466	0.30122	0.04161	0.05376	0.02383	0.02677	0.01762	0.01247	0.01110	0.00338	0.01402	0.00972	0.00877	0.01697
3	0.03382	0.01896	0.02424	0.02023	0.02591	0.01957	0.01628	0.08543	0.08269	0.23390	0.14952	0.04741	0.04448	0.02342	0.06698	0.00506	0.06168	0.01336	0.01149	0.01557
4	0.02504	0.24167	0.25497	0.02478	0.03604	0.03112	0.02759	0.03619	0.08803	0.03328	0.02612	0.08070	0.02291	0.01335	0.00995	0.00329	0.01301	0.01043	0.00622	0.01529
5	0.01564	0.01076	0.01382	0.01433	0.01624	0.01006	0.01026	0.01970	0.02715	0.03870	0.30280	0.27021	0.08618	0.02651	0.01311	0.00383	0.00576	0.02363	0.08125	0.01006
6	0.11717	0.02925	0.04129	0.05227	0.33201	0.07468	0.06975	0.08001	0.02804	0.04100	0.02082	0.02606	0.01685	0.01051	0.01070	0.00337	0.01377	0.00956	0.00634	0.01655
7	0.03651	0.03594	0.21851	0.02859	0.04052	0.02351	0.08906	0.09246	0.03064	0.24370	0.03103	0.03085	0.02064	0.01214	0.01135	0.00354	0.01365	0.01038	0.00927	0.01772
8	0.68395	0.02177	0.01654	0.01480	0.02177	0.02525	0.01219	0.03309	0.01915	0.05050	0.01567	0.01828	0.01219	0.01045	0.00697	0.00348	0.00871	0.00609	0.00697	0.01219
9	0.03009	0.61122	0.05898	0.01926	0.02889	0.04454	0.01926	0.03370	0.02287	0.02648	0.01565	0.01805	0.01444	0.00963	0.00722	0.00241	0.01204	0.00602	0.00481	0.01444
