[name]
unknown

[dist]
# distance from previous block
# <min> <max>
0	18

[block]
# block no. 0 follows, 14 sequences, length 7
# corresponding to MSA columns:
# 18-24
name=unknown_A
#
# <colnr> <probs for GDERKNQSTAVLIFYWHMCP>
#	G	D	E	R	K	N	Q	S	T	A	V	L	I	F	Y	W	H	M	C	P
0	0.01382	0.01020	0.01322	0.01514	0.01689	0.00960	0.01162	0.01678	0.02173	0.02805	0.06482	0.35263	0.16064	0.02967	0.01329	0.00423	0.00702	0.19239	0.00950	0.00878
1	0.02532	0.13793	0.23017	0.02828	0.03873	0.06894	0.15359	0.03305	0.02398	0.07246	0.07029	0.02809	0.02229	0.01063	0.01003	0.00307	0.01383	0.00950	0.00589	0.01393
2	0.02623	0.01894	0.02211	0.01694	0.02514	0.01649	0.01353	0.03603	0.13932	0.12485	0.02699	0.02721	0.02038	0.00981	0.00866	0.00222	0.00790	0.00797	0.00811	0.44118
3	0.02118	0.02314	0.10070	0.01718	0.02715	0.01511	0.01578	0.02678	0.02133	0.03331	0.01826	0.02133	0.01489	0.00790	0.00790	0.00176	0.00866	0.00629	0.00583	0.60551
4	0.02441	0.08058	0.02661	0.07518	0.07011	0.02081	0.01639	0.14171	0.02713	0.03696	0.06702	0.03388	0.06427	0.01550	0.01380	0.10091	0.00949	0.00978	0.00708	0.15837
5	0.02576	0.02627	0.18669	0.01993	0.02811	0.01659	0.01997	0.06478	0.02522	0.17409	0.04262	0.15352	0.09723	0.01693	0.01075	0.00332	0.00976	0.01426	0.00864	0.05554
6	0.02370	0.36165	0.25889	0.02175	0.03251	0.03151	0.02488	0.03049	0.02184	0.02881	0.06137	0.02343	0.01995	0.01016	0.00828	0.00269	0.01211	0.00738	0.00493	0.01367

[dist]
# distance from previous block
# <min> <max>
3	7

[block]
# block no. 1 follows, 14 sequences, length 158
# corresponding to MSA columns:
# 32-105,134-217
name=unknown_B
#
# <colnr> <probs for GDERKNQSTAVLIFYWHMCP>
#	G	D	E	R	K	N	Q	S	T	A	V	L	I	F	Y	W	H	M	C	P
0	0.03231	0.06557	0.02820	0.17164	0.03804	0.06338	0.01931	0.11744	0.07089	0.19890	0.03317	0.03356	0.05741	0.01260	0.01009	0.00316	0.01096	0.01012	0.00873	0.01451
1	0.03467	0.06280	0.06405	0.06125	0.02953	0.01920	0.01742	0.08062	0.06386	0.31232	0.11091	0.03766	0.03296	0.01330	0.01028	0.00315	0.00928	0.01091	0.01044	0.01538
2	0.09001	0.02177	0.02895	0.06818	0.10822	0.02232	0.05108	0.17741	0.03130	0.13208	0.09041	0.03214	0.02708	0.01202	0.01006	0.00305	0.01021	0.01015	0.00869	0.06487
3	0.34349	0.06845	0.07969	0.07265	0.03293	0.02438	0.09490	0.03353	0.05682	0.07693	0.01968	0.02243	0.01470	0.00995	0.00844	0.00320	0.01078	0.00777	0.00642	0.01286
4	0.23080	0.02884	0.11970	0.03235	0.04218	0.02478	0.31006	0.03201	0.02183	0.03679	0.01849	0.02353	0.01387	0.00907	0.01005	0.00335	0.01419	0.00951	0.00542	0.01320
5	0.53644	0.02118	0.01914	0.07048	0.02651	0.02446	0.01411	0.11463	0.02286	0.04731	0.01637	0.01898	0.01240	0.01006	0.00736	0.00318	0.00902	0.00650	0.00684	0.01219
6	0.01460	0.01058	0.01427	0.01376	0.01579	0.01059	0.01025	0.01866	0.02421	0.03431	0.36761	0.06554	0.07130	0.09364	0.18109	0.00758	0.01169	0.01609	0.00920	0.00922
7	0.01466	0.01213	0.01306	0.01253	0.01609	0.01138	0.00948	0.02167	0.10322	0.03309	0.20349	0.08470	0.38107	0.02304	0.01187	0.00341	0.00555	0.01946	0.01008	0.01002
8	0.01492	0.00995	0.01119	0.01119	0.01119	0.00995	0.00622	0.01492	0.01492	0.01990	0.03233	0.06716	0.03731	0.63935	0.05223	0.00995	0.00995	0.01492	0.00622	0.00622
9	0.01422	0.01048	0.01330	0.01259	0.01515	0.00955	0.00945	0.01878	0.02834	0.03946	0.51136	0.07943	0.15644	0.02161	0.01211	0.00326	0.00489	0.01895	0.01107	0.00955
10	0.01250	0.00893	0.01191	0.01429	0.01488	0.00834	0.00953	0.01429	0.01965	0.02620	0.05656	0.63265	0.06787	0.03215	0.01310	0.00417	0.00595	0.02917	0.00953	0.00834
11	0.02184	0.16186	0.48843	0.02710	0.04110	0.02691	0.03418	0.03217	0.02152	0.03097	0.01765	0.02071	0.01303	0.00957	0.00917	0.00306	0.01440	0.00720	0.00434	0.01480
12	0.18703	0.18179	0.03271	0.02773	0.15159	0.06666	0.01844	0.06283	0.02285	0.03450	0.02221	0.10631	0.02142	0.01270	0.00871	0.00299	0.01038	0.01003	0.00619	0.01291
13	0.04604	0.01746	0.02382	0.01826	0.02620	0.01508	0.01508	0.05001	0.02937	0.58244	0.04049	0.03493	0.02540	0.01270	0.01032	0.00318	0.00873	0.01032	0.01270	0.01746
14	0.02720	0.02533	0.03900	0.03005	0.03803	0.02671	0.22033	0.12496	0.26660	0.04253	0.03080	0.03194	0.02293	0.01161	0.01106	0.00341	0.01222	0.01142	0.00836	0.01550
15	0.01250	0.00893	0.01191	0.01429	0.01488	0.00834	0.00953	0.01429	0.01965	0.02620	0.05656	0.63265	0.06787	0.03215	0.01310	0.00417	0.00595	0.02917	0.00953	0.00834
16	0.02058	0.05308	0.58618	0.02925	0.04442	0.02383	0.03792	0.03250	0.02167	0.03250	0.01842	0.02167	0.01300	0.00975	0.00975	0.00325	0.01517	0.00758	0.00433	0.01517
17	0.02253	0.01700	0.01938	0.01744	0.02202	0.01830	0.01348	0.03985	0.30313	0.08139	0.25720	0.05370	0.05763	0.01671	0.01111	0.00336	0.00683	0.01435	0.01095	0.01365
18	0.04604	0.01746	0.02382	0.01826	0.02620	0.01508	0.01508	0.05001	0.02937	0.58244	0.04049	0.03493	0.02540	0.01270	0.01032	0.00318	0.00873	0.01032	0.01270	0.01746
19	0.02502	0.02545	0.04778	0.05659	0.40622	0.02489	0.19570	0.03194	0.02364	0.03331	0.01978	0.02614	0.01603	0.00898	0.01079	0.00318	0.01385	0.01011	0.00512	0.01547
20	0.01397	0.01047	0.01295	0.01233	0.01499	0.00945	0.00924	0.01829	0.02773	0.03803	0.46157	0.08180	0.20713	0.02214	0.01211	0.00328	0.00492	0.01928	0.01089	0.00945
21	0.71184	0.01985	0.01508	0.01350	0.01985	0.02302	0.01111	0.03017	0.01746	0.04604	0.01429	0.01667	0.01111	0.00953	0.00635	0.00318	0.00794	0.00556	0.00635	0.01111
22	0.02540	0.02438	0.04165	0.06299	0.57533	0.02438	0.03149	0.03149	0.02337	0.03353	0.01930	0.02540	0.01626	0.00914	0.01016	0.00305	0.01219	0.00914	0.00508	0.01626
23	0.34108	0.02418	0.02057	0.01784	0.02427	0.10958	0.01423	0.04052	0.12080	0.15662	0.02516	0.02481	0.01819	0.01117	0.00839	0.00315	0.00975	0.00784	0.00829	0.01353
24	0.01470	0.01085	0.01578	0.01578	0.01737	0.01244	0.01194	0.01787	0.01628	0.02330	0.02814	0.04392	0.02722	0.15251	0.52528	0.01561	0.02513	0.01152	0.00559	0.00877
25	0.02878	0.02949	0.16885	0.03085	0.04108	0.02126	0.23805	0.03660	0.02541	0.18686	0.06516	0.03183	0.02356	0.01092	0.01106	0.00332	0.01352	0.01102	0.00753	0.01486
26	0.01259	0.00925	0.01182	0.01363	0.01477	0.00848	0.00929	0.01471	0.02084	0.02746	0.09935	0.51691	0.14228	0.03048	0.01289	0.00400	0.00577	0.02735	0.00965	0.00848
27	0.01250	0.00893	0.01191	0.01429	0.01488	0.00834	0.00953	0.01429	0.01965	0.02620	0.05656	0.63265	0.06787	0.03215	0.01310	0.00417	0.00595	0.02917	0.00953	0.00834
28	0.03833	0.04891	0.02908	0.02644	0.03173	0.59815	0.01983	0.04098	0.02908	0.02512	0.01586	0.01851	0.01322	0.01058	0.00925	0.00264	0.01851	0.00661	0.00529	0.01190
29	0.01913	0.00956	0.00956	0.00956	0.01196	0.00956	0.00717	0.02391	0.02152	0.03826	0.03348	0.03826	0.02630	0.01196	0.00717	0.00239	0.00478	0.00956	0.69632	0.00956
30	0.02744	0.64552	0.05378	0.01756	0.02634	0.04061	0.01756	0.03073	0.02085	0.02414	0.01427	0.01646	0.01317	0.00878	0.00658	0.00219	0.01097	0.00549	0.00439	0.01317
31	0.02744	0.64552	0.05378	0.01756	0.02634	0.04061	0.01756	0.03073	0.02085	0.02414	0.01427	0.01646	0.01317	0.00878	0.00658	0.00219	0.01097	0.00549	0.00439	0.01317
32	0.02245	0.02245	0.03143	0.02694	0.02694	0.03143	0.02245	0.02470	0.01572	0.02470	0.01347	0.02245	0.01347	0.01796	0.03368	0.00449	0.62057	0.00898	0.00449	0.01123
33	0.04012	0.01796	0.02553	0.01980	0.02726	0.01622	0.05227	0.04648	0.07080	0.45325	0.08508	0.03829	0.03136	0.01323	0.01061	0.00322	0.00896	0.01126	0.01186	0.01643
34	0.12961	0.03659	0.02634	0.02315	0.02917	0.31915	0.01791	0.12499	0.12754	0.03786	0.02186	0.02290	0.01695	0.01133	0.00924	0.00294	0.01393	0.00782	0.00721	0.01351
35	0.01486	0.01021	0.01253	0.01253	0.01299	0.01068	0.00789	0.01578	0.01532	0.02089	0.03111	0.06038	0.03437	0.49744	0.19012	0.01160	0.01437	0.01393	0.00604	0.00696
36	0.01242	0.00924	0.01159	0.01347	0.01467	0.00840	0.00916	0.01438	0.02043	0.02652	0.06647	0.52098	0.17314	0.03086	0.01290	0.00402	0.00580	0.02760	0.00953	0.00840
37	0.02163	0.02054	0.03485	0.40810	0.25965	0.02339	0.02962	0.02819	0.02159	0.02896	0.01864	0.02663	0.01464	0.00984	0.01022	0.00328	0.01312	0.00913	0.00475	0.01322
38	0.02133	0.02023	0.03430	0.43585	0.23426	0.02331	0.02947	0.02793	0.02144	0.02859	0.01858	0.02672	0.01451	0.00990	0.01023	0.00330	0.01320	0.00913	0.00473	0.01297
39	0.02391	0.02489	0.03122	0.02690	0.02738	0.08357	0.02221	0.02619	0.01695	0.02474	0.01369	0.02209	0.01345	0.01728	0.03143	0.00432	0.56518	0.00876	0.00456	0.01129
40	0.39708	0.11171	0.02820	0.02741	0.16172	0.06378	0.01775	0.03129	0.02020	0.03840	0.01565	0.01896	0.01284	0.00939	0.00754	0.00297	0.01014	0.00652	0.00568	0.01275
41	0.02437	0.02333	0.03979	0.15749	0.48889	0.02411	0.03098	0.03059	0.02288	0.03227	0.01912	0.02573	0.01581	0.00933	0.01018	0.00311	0.01245	0.00914	0.00499	0.01542
42	0.02676	0.51630	0.05519	0.02293	0.03205	0.03754	0.12643	0.03118	0.02156	0.02597	0.01563	0.01881	0.01367	0.00875	0.00774	0.00246	0.01230	0.00687	0.00456	0.01331
43	0.02128	0.01824	0.02128	0.01520	0.02432	0.01368	0.01216	0.02584	0.02128	0.03344	0.01824	0.02128	0.01520	0.00760	0.00760	0.00152	0.00760	0.00608	0.00608	0.70208
44	0.18530	0.01796	0.02199	0.01726	0.02487	0.01674	0.01425	0.04586	0.02688	0.47025	0.03501	0.03111	0.02241	0.01204	0.00949	0.00318	0.00857	0.00932	0.01137	0.01614
45	0.02446	0.14996	0.02988	0.02022	0.02494	0.06366	0.05615	0.07342	0.02415	0.07789	0.03463	0.26149	0.03625	0.01935	0.01229	0.00342	0.05179	0.01637	0.00780	0.01187
46	0.01525	0.01167	0.01682	0.01650	0.01795	0.01375	0.01260	0.01831	0.01622	0.02334	0.02716	0.04276	0.02640	0.15070	0.48274	0.01473	0.06727	0.01140	0.00553	0.00890
47	0.01938	0.01824	0.03078	0.61468	0.07068	0.02280	0.02850	0.02622	0.02052	0.02622	0.01824	0.02736	0.01368	0.01026	0.01026	0.00342	0.01368	0.00912	0.00456	0.01140
48	0.02128	0.01824	0.02128	0.01520	0.02432	0.01368	0.01216	0.02584	0.02128	0.03344	0.01824	0.02128	0.01520	0.00760	0.00760	0.00152	0.00760	0.00608	0.00608	0.70208
49	0.02744	0.64552	0.05378	0.01756	0.02634	0.04061	0.01756	0.03073	0.02085	0.02414	0.01427	0.01646	0.01317	0.00878	0.00658	0.00219	0.01097	0.00549	0.00439	0.01317
50	0.01213	0.01040	0.01040	0.01040	0.01386	0.00866	0.00780	0.01473	0.02339	0.02772	0.10396	0.09876	0.57117	0.02599	0.01213	0.00347	0.00520	0.02166	0.00953	0.00866
51	0.02236	0.01089	0.01236	0.01140	0.01462	0.01040	0.00876	0.02703	0.02392	0.11929	0.12283	0.04409	0.03778	0.01355	0.00845	0.00264	0.00538	0.01116	0.48235	0.01075
52	0.02245	0.02245	0.03143	0.02694	0.02694	0.03143	0.02245	0.02470	0.01572	0.02470	0.01347	0.02245	0.01347	0.01796	0.03368	0.00449	0.62057	0.00898	0.00449	0.01123
53	0.02422	0.02768	0.06055	0.04325	0.05363	0.02595	0.53806	0.03287	0.02422	0.03287	0.02076	0.02768	0.01557	0.00865	0.01211	0.00346	0.01730	0.01211	0.00519	0.01384
54	0.04007	0.02373	0.11634	0.02030	0.02924	0.01743	0.01894	0.04752	0.07384	0.44512	0.03696	0.03304	0.02387	0.01232	0.01024	0.00321	0.00974	0.00998	0.01113	0.01698
55	0.01250	0.00893	0.01191	0.01429	0.01488	0.00834	0.00953	0.01429	0.01965	0.02620	0.05656	0.63265	0.06787	0.03215	0.01310	0.00417	0.00595	0.02917	0.00953	0.00834
56	0.01278	0.00913	0.01223	0.01461	0.01532	0.00857	0.01001	0.01477	0.01992	0.02651	0.05641	0.59713	0.06727	0.03189	0.01317	0.00421	0.00619	0.06196	0.00952	0.00841
57	0.03799	0.02359	0.02414	0.02046	0.02692	0.12373	0.01658	0.07890	0.07553	0.31538	0.03702	0.04345	0.02810	0.01471	0.01070	0.00333	0.01076	0.08308	0.01049	0.01515
58	0.01228	0.01040	0.01061	0.01055	0.01395	0.00873	0.00792	0.01502	0.02375	0.02857	0.13339	0.09736	0.54121	0.02567	0.01213	0.00345	0.00518	0.02146	0.00964	0.00873
59	0.01250	0.00893	0.01191	0.01429	0.01488	0.00834	0.00953	0.01429	0.01965	0.02620	0.05656	0.63265	0.06787	0.03215	0.01310	0.00417	0.00595	0.02917	0.00953	0.00834
60	0.02744	0.64552	0.05378	0.01756	0.02634	0.04061	0.01756	0.03073	0.02085	0.02414	0.01427	0.01646	0.01317	0.00878	0.00658	0.00219	0.01097	0.00549	0.00439	0.01317
61	0.03901	0.02874	0.03080	0.02361	0.03182	0.03182	0.01951	0.54111	0.04825	0.06468	0.02464	0.02464	0.01745	0.01232	0.01027	0.00308	0.01129	0.00924	0.01027	0.01745
62	0.02128	0.01824	0.02128	0.01520	0.02432	0.01368	0.01216	0.02584	0.02128	0.03344	0.01824	0.02128	0.01520	0.00760	0.00760	0.00152	0.00760	0.00608	0.00608	0.70208
63	0.01250	0.00893	0.01191	0.01429	0.01488	0.00834	0.00953	0.01429	0.01965	0.02620	0.05656	0.63265	0.06787	0.03215	0.01310	0.00417	0.00595	0.02917	0.00953	0.00834
64	0.03887	0.04670	0.02871	0.02586	0.03134	0.55727	0.01950	0.04161	0.02910	0.06419	0.01759	0.01966	0.01407	0.01072	0.00933	0.00268	0.01782	0.00687	0.00581	0.01229
65	0.02540	0.02438	0.04165	0.06299	0.57533	0.02438	0.03149	0.03149	0.02337	0.03353	0.01930	0.02540	0.01626	0.00914	0.01016	0.00305	0.01219	0.00914	0.00508	0.01626
66	0.04555	0.01826	0.02430	0.01863	0.02659	0.01626	0.01539	0.08445	0.03070	0.54614	0.03937	0.03421	0.02485	0.01267	0.01032	0.00317	0.00891	0.01024	0.01253	0.01746
67	0.62185	0.02178	0.01663	0.01472	0.02110	0.06383	0.01199	0.03218	0.01904	0.07807	0.01604	0.01794	0.01216	0.00980	0.00681	0.00314	0.00875	0.00593	0.00667	0.01157
68	0.02324	0.02203	0.03666	0.17167	0.38013	0.02381	0.02897	0.02904	0.02209	0.03099	0.02104	0.03197	0.01851	0.01155	0.01263	0.00338	0.06828	0.04451	0.00523	0.01429
69	0.01324	0.01014	0.01214	0.01228	0.01471	0.00904	0.00897	0.01665	0.02507	0.03322	0.29597	0.19852	0.26276	0.02508	0.01232	0.00351	0.00520	0.02186	0.01029	0.00904
70	0.02670	0.02757	0.03808	0.13309	0.41621	0.11862	0.02916	0.03233	0.02391	0.03113	0.01859	0.02453	0.01540	0.00953	0.01002	0.00303	0.01344	0.00872	0.00504	0.01487
71	0.18078	0.02406	0.11832	0.01915	0.02799	0.01824	0.01816	0.04287	0.02556	0.37618	0.03123	0.02884	0.02029	0.01153	0.00939	0.00319	0.00967	0.00886	0.00994	0.01574
72	0.01344	0.01014	0.01242	0.01249	0.01483	0.00912	0.00913	0.01703	0.02555	0.03435	0.33503	0.19667	0.22299	0.02466	0.01231	0.00349	0.00517	0.02160	0.01044	0.00912
73	0.01466	0.01100	0.01649	0.01649	0.01833	0.01283	0.01283	0.01833	0.01649	0.02382	0.02749	0.04032	0.02566	0.07697	0.59868	0.01649	0.02749	0.01100	0.00550	0.00916
74	0.01435	0.01048	0.01348	0.01273	0.01523	0.00961	0.00955	0.01903	0.02864	0.04019	0.53645	0.07824	0.13089	0.02134	0.01211	0.00324	0.00487	0.01878	0.01117	0.00961
75	0.02499	0.02691	0.03077	0.17696	0.03911	0.14776	0.02345	0.02849	0.01974	0.02517	0.01519	0.02288	0.01347	0.01445	0.02259	0.00383	0.33963	0.00852	0.00467	0.01141
76	0.02553	0.02204	0.02320	0.02088	0.02669	0.02553	0.01624	0.05453	0.55679	0.04293	0.04177	0.03829	0.03133	0.01392	0.01044	0.00348	0.00812	0.01160	0.01044	0.01624
77	0.03221	0.02603	0.03754	0.02899	0.03538	0.07822	0.16537	0.10402	0.02695	0.16412	0.02363	0.02680	0.01739	0.01266	0.01669	0.00353	0.16867	0.01000	0.00748	0.01434
78	0.02659	0.02664	0.04050	0.05963	0.52532	0.07717	0.03042	0.03237	0.02389	0.03275	0.01899	0.02476	0.01598	0.00928	0.01008	0.00301	0.01277	0.00891	0.00510	0.01585
79	0.03714	0.04665	0.03024	0.02980	0.08174	0.54536	0.02090	0.04011	0.02856	0.02589	0.01618	0.01914	0.01350	0.01044	0.00934	0.00268	0.01793	0.00684	0.00527	0.01230
80	0.01452	0.01049	0.01372	0.01291	0.01533	0.00968	0.00968	0.01937	0.02905	0.04115	0.56992	0.07666	0.09683	0.02098	0.01210	0.00323	0.00484	0.01856	0.01130	0.00968
81	0.01250	0.00893	0.01191	0.01429	0.01488	0.00834	0.00953	0.01429	0.01965	0.02620	0.05656	0.63265	0.06787	0.03215	0.01310	0.00417	0.00595	0.02917	0.00953	0.00834
82	0.01329	0.01021	0.01073	0.01073	0.01275	0.00920	0.00714	0.01481	0.01986	0.02446	0.07410	0.08559	0.34862	0.28167	0.02885	0.00617	0.00718	0.01885	0.00815	0.00764
83	0.02896	0.02839	0.08069	0.08082	0.16805	0.02722	0.17153	0.20594	0.03180	0.04341	0.02140	0.02567	0.01606	0.01021	0.01073	0.00322	0.01365	0.00991	0.00680	0.01556
84	0.01342	0.01045	0.01218	0.01175	0.01465	0.00921	0.00881	0.01722	0.02643	0.03493	0.35419	0.08689	0.31644	0.02330	0.01212	0.00334	0.00501	0.01999	0.01048	0.00921
85	0.03859	0.04137	0.02972	0.02538	0.03176	0.38646	0.01971	0.22792	0.03625	0.03990	0.01914	0.02080	0.01480	0.01123	0.00963	0.00281	0.01581	0.00759	0.00715	0.01397
86	0.02257	0.01900	0.02197	0.01581	0.02486	0.01500	0.01269	0.06327	0.02324	0.03571	0.01870	0.02152	0.01536	0.00794	0.00779	0.00163	0.00787	0.00631	0.00638	0.65236
87	0.02793	0.02660	0.04220	0.04918	0.33160	0.07717	0.13410	0.03380	0.02407	0.07962	0.02073	0.02587	0.01644	0.01008	0.01209	0.00321	0.05485	0.00962	0.00574	0.01511
88	0.02066	0.01693	0.01901	0.01735	0.02166	0.01851	0.01334	0.03897	0.32321	0.04214	0.27553	0.05527	0.06032	0.01705	0.01118	0.00337	0.00667	0.01468	0.01082	0.01334
89	0.01938	0.01824	0.03078	0.61468	0.07068	0.02280	0.02850	0.02622	0.02052	0.02622	0.01824	0.02736	0.01368	0.01026	0.01026	0.00342	0.01368	0.00912	0.00456	0.01140
90	0.01249	0.00965	0.01141	0.01257	0.01449	0.00857	0.00882	0.01483	0.02187	0.02790	0.11283	0.37091	0.27937	0.02879	0.01262	0.00381	0.00556	0.02529	0.00965	0.00857
91	0.02128	0.01824	0.02128	0.01520	0.02432	0.01368	0.01216	0.02584	0.02128	0.03344	0.01824	0.02128	0.01520	0.00760	0.00760	0.00152	0.00760	0.00608	0.00608	0.70208
92	0.01938	0.01824	0.03078	0.61468	0.07068	0.02280	0.02850	0.02622	0.02052	0.02622	0.01824	0.02736	0.01368	0.01026	0.01026	0.00342	0.01368	0.00912	0.00456	0.01140
93	0.02553	0.02204	0.02320	0.02088	0.02669	0.02553	0.01624	0.05453	0.55679	0.04293	0.04177	0.03829	0.03133	0.01392	0.01044	0.00348	0.00812	0.01160	0.01044	0.01624
94	0.01418	0.01003	0.01153	0.01174	0.01257	0.00980	0.00732	0.01510	0.01701	0.02219	0.04720	0.11987	0.13705	0.42949	0.08481	0.00878	0.01012	0.01708	0.00706	0.00708
95	0.02590	0.02297	0.03877	0.14413	0.46055	0.02350	0.02991	0.03196	0.02334	0.07014	0.02060	0.02635	0.01649	0.00956	0.01019	0.00311	0.01218	0.00922	0.00552	0.01560
96	0.01938	0.01824	0.03078	0.61468	0.07068	0.02280	0.02850	0.02622	0.02052	0.02622	0.01824	0.02736	0.01368	0.01026	0.01026	0.00342	0.01368	0.00912	0.00456	0.01140
97	0.01492	0.00995	0.01119	0.01119	0.01119	0.00995	0.00622	0.01492	0.01492	0.01990	0.03233	0.06716	0.03731	0.63935	0.05223	0.00995	0.00995	0.01492	0.00622	0.00622
98	0.02664	0.01538	0.01643	0.01405	0.01846	0.01602	0.01113	0.16579	0.02937	0.08855	0.03164	0.03431	0.02384	0.01211	0.00826	0.00264	0.00686	0.00954	0.45666	0.01232
99	0.71184	0.01985	0.01508	0.01350	0.01985	0.02302	0.01111	0.03017	0.01746	0.04604	0.01429	0.01667	0.01111	0.00953	0.00635	0.00318	0.00794	0.00556	0.00635	0.01111
100	0.01250	0.00893	0.01191	0.01429	0.01488	0.00834	0.00953	0.01429	0.01965	0.02620	0.05656	0.63265	0.06787	0.03215	0.01310	0.00417	0.00595	0.02917	0.00953	0.00834
101	0.01860	0.01180	0.01580	0.01674	0.01907	0.01154	0.01367	0.02223	0.02260	0.07692	0.08445	0.09536	0.05402	0.16029	0.02203	0.00563	0.00917	0.32147	0.00915	0.00945
102	0.01900	0.01148	0.01515	0.01367	0.01687	0.01045	0.01045	0.02371	0.02909	0.11796	0.49480	0.07074	0.08669	0.01980	0.01185	0.00322	0.00539	0.01739	0.01150	0.01079
103	0.02422	0.02768	0.06055	0.04325	0.05363	0.02595	0.53806	0.03287	0.02422	0.03287	0.02076	0.02768	0.01557	0.00865	0.01211	0.00346	0.01730	0.01211	0.00519	0.01384
104	0.01250	0.00893	0.01191	0.01429	0.01488	0.00834	0.00953	0.01429	0.01965	0.02620	0.05656	0.63265	0.06787	0.03215	0.01310	0.00417	0.00595	0.02917	0.00953	0.00834
105	0.01250	0.00893	0.01191	0.01429	0.01488	0.00834	0.00953	0.01429	0.01965	0.02620	0.05656	0.63265	0.06787	0.03215	0.01310	0.00417	0.00595	0.02917	0.00953	0.00834
106	0.02422	0.02768	0.06055	0.04325	0.05363	0.02595	0.53806	0.03287	0.02422	0.03287	0.02076	0.02768	0.01557	0.00865	0.01211	0.00346	0.01730	0.01211	0.00519	0.01384
107	0.02488	0.02385	0.04071	0.11083	0.53157	0.02425	0.03123	0.03104	0.02312	0.03289	0.01921	0.02557	0.01603	0.00924	0.01017	0.00308	0.01232	0.00914	0.00503	0.01583
108	0.01250	0.00893	0.01191	0.01429	0.01488	0.00834	0.00953	0.01429	0.01965	0.02620	0.05656	0.63265	0.06787	0.03215	0.01310	0.00417	0.00595	0.02917	0.00953	0.00834
109	0.03901	0.02874	0.03080	0.02361	0.03182	0.03182	0.01951	0.54111	0.04825	0.06468	0.02464	0.02464	0.01745	0.01232	0.01027	0.00308	0.01129	0.00924	0.01027	0.01745
110	0.01263	0.01042	0.01109	0.01092	0.01417	0.00888	0.00819	0.01570	0.02457	0.03053	0.20142	0.09414	0.47196	0.02494	0.01212	0.00342	0.00512	0.02101	0.00990	0.00888
111	0.01938	0.01824	0.03078	0.61468	0.07068	0.02280	0.02850	0.02622	0.02052	0.02622	0.01824	0.02736	0.01368	0.01026	0.01026	0.00342	0.01368	0.00912	0.00456	0.01140
112	0.04316	0.01948	0.02475	0.01926	0.02704	0.01841	0.01581	0.11980	0.08056	0.45967	0.03837	0.03378	0.02482	0.01276	0.01032	0.00319	0.00904	0.01029	0.01215	0.01735
113	0.03162	0.02272	0.02489	0.02104	0.02768	0.02518	0.01674	0.15558	0.36638	0.13345	0.03798	0.03490	0.02748	0.01339	0.01039	0.00335	0.00888	0.01090	0.01077	0.01669
114	0.03711	0.04707	0.03181	0.02790	0.03362	0.54853	0.06477	0.04028	0.02866	0.02579	0.01629	0.01930	0.01342	0.01041	0.00950	0.00271	0.01840	0.00709	0.00528	0.01207
115	0.71184	0.01985	0.01508	0.01350	0.01985	0.02302	0.01111	0.03017	0.01746	0.04604	0.01429	0.01667	0.01111	0.00953	0.00635	0.00318	0.00794	0.00556	0.00635	0.01111
116	0.02282	0.01915	0.02211	0.01593	0.02497	0.01525	0.01280	0.07052	0.02362	0.03615	0.01879	0.02157	0.01540	0.00801	0.00783	0.00166	0.00792	0.00635	0.00644	0.64271
117	0.02534	0.46430	0.21663	0.02114	0.03187	0.03548	0.02379	0.03127	0.02110	0.02670	0.01554	0.01805	0.01312	0.00908	0.00755	0.00252	0.01226	0.00613	0.00437	0.01378
118	0.02488	0.02385	0.04071	0.11083	0.53157	0.02425	0.03123	0.03104	0.02312	0.03289	0.01921	0.02557	0.01603	0.00924	0.01017	0.00308	0.01232	0.00914	0.00503	0.01583
119	0.01250	0.00893	0.01191	0.01429	0.01488	0.00834	0.00953	0.01429	0.01965	0.02620	0.05656	0.63265	0.06787	0.03215	0.01310	0.00417	0.00595	0.02917	0.00953	0.00834
120	0.01423	0.01027	0.01354	0.01552	0.01703	0.00985	0.01189	0.01712	0.02121	0.02766	0.05829	0.33902	0.10849	0.07419	0.01628	0.00474	0.00755	0.21522	0.00926	0.00865
121	0.02348	0.02275	0.03968	0.22975	0.38437	0.02401	0.06664	0.02998	0.02256	0.03125	0.01908	0.02616	0.01542	0.00945	0.01033	0.00319	0.01301	0.00935	0.00493	0.01460
122	0.01452	0.01049	0.01372	0.01291	0.01533	0.00968	0.00968	0.01937	0.02905	0.04115	0.56992	0.07666	0.09683	0.02098	0.01210	0.00323	0.00484	0.01856	0.01130	0.00968
123	0.01392	0.01047	0.01288	0.01228	0.01496	0.00943	0.00921	0.01820	0.02762	0.03776	0.45234	0.08223	0.21652	0.02224	0.01211	0.00329	0.00493	0.01934	0.01085	0.00943
124	0.02540	0.02438	0.04165	0.06299	0.57533	0.02438	0.03149	0.03149	0.02337	0.03353	0.01930	0.02540	0.01626	0.00914	0.01016	0.00305	0.01219	0.00914	0.00508	0.01626
125	0.50612	0.02230	0.02604	0.02065	0.02801	0.02444	0.12210	0.07774	0.02171	0.04500	0.01659	0.01971	0.01263	0.00960	0.00792	0.00323	0.01021	0.00727	0.00647	0.01227
126	0.02128	0.01824	0.02128	0.01520	0.02432	0.01368	0.01216	0.02584	0.02128	0.03344	0.01824	0.02128	0.01520	0.00760	0.00760	0.00152	0.00760	0.00608	0.00608	0.70208
127	0.01452	0.01049	0.01372	0.01291	0.01533	0.00968	0.00968	0.01937	0.02905	0.04115	0.56992	0.07666	0.09683	0.02098	0.01210	0.00323	0.00484	0.01856	0.01130	0.00968
128	0.02419	0.02073	0.02243	0.02003	0.02573	0.02342	0.01561	0.04892	0.46462	0.04042	0.03859	0.03713	0.02953	0.01922	0.06433	0.00452	0.00986	0.01111	0.00964	0.06998
129	0.02270	0.02173	0.03724	0.17839	0.33054	0.02220	0.07435	0.02878	0.02238	0.03130	0.02173	0.06830	0.01915	0.01084	0.01036	0.00313	0.01220	0.01057	0.00536	0.06877
130	0.01718	0.01479	0.02128	0.01993	0.02102	0.01890	0.01588	0.02019	0.01650	0.02433	0.02514	0.08548	0.02509	0.05259	0.35171	0.01126	0.23156	0.01187	0.00550	0.00981
131	0.01374	0.00945	0.01154	0.01271	0.01300	0.00916	0.00783	0.01461	0.01723	0.02297	0.04417	0.34338	0.05224	0.34276	0.03312	0.00713	0.00800	0.02188	0.00783	0.00725
132	0.02296	0.01819	0.02145	0.01541	0.02445	0.01378	0.01236	0.02748	0.02183	0.07072	0.01975	0.02221	0.01589	0.00795	0.00778	0.00163	0.00768	0.00637	0.00653	0.65560
133	0.03498	0.01473	0.01997	0.01682	0.02245	0.01293	0.01324	0.03846	0.02686	0.39744	0.08657	0.19091	0.04191	0.01833	0.01117	0.00343	0.00771	0.01579	0.01178	0.01452
134	0.37960	0.25254	0.03095	0.01655	0.02366	0.09911	0.01453	0.03168	0.02011	0.03549	0.01447	0.01682	0.01212	0.00938	0.00679	0.00275	0.01033	0.00566	0.00550	0.01196
135	0.08118	0.01505	0.01860	0.01511	0.02114	0.01381	0.01225	0.04021	0.02603	0.36992	0.03648	0.03481	0.02475	0.01225	0.00903	0.00292	0.00739	0.00976	0.23482	0.01447
136	0.02151	0.02062	0.03508	0.28676	0.23666	0.02316	0.06111	0.02741	0.02127	0.02906	0.02140	0.07427	0.01898	0.01217	0.01260	0.00345	0.06541	0.01090	0.00517	0.01299
137	0.01938	0.01824	0.03078	0.61468	0.07068	0.02280	0.02850	0.02622	0.02052	0.02622	0.01824	0.02736	0.01368	0.01026	0.01026	0.00342	0.01368	0.00912	0.00456	0.01140
138	0.01395	0.01047	0.01293	0.01231	0.01498	0.00944	0.00923	0.01826	0.02770	0.03796	0.45910	0.08191	0.20964	0.02217	0.01211	0.00328	0.00493	0.01930	0.01088	0.00944
139	0.66515	0.01968	0.01570	0.01383	0.02029	0.02246	0.01139	0.03156	0.01830	0.08365	0.01613	0.01795	0.01212	0.00975	0.00663	0.00318	0.00799	0.00589	0.00680	0.01156
140	0.01470	0.00986	0.01126	0.01148	0.01153	0.00980	0.00652	0.01487	0.01536	0.02048	0.03456	0.11918	0.04012	0.58349	0.04863	0.00942	0.00958	0.01623	0.00652	0.00641
141	0.03901	0.02874	0.03080	0.02361	0.03182	0.03182	0.01951	0.54111	0.04825	0.06468	0.02464	0.02464	0.01745	0.01232	0.01027	0.00308	0.01129	0.00924	0.01027	0.01745
142	0.01744	0.01385	0.01875	0.10936	0.02405	0.01649	0.01338	0.01867	0.01586	0.02177	0.02505	0.04877	0.02710	0.36438	0.04081	0.05742	0.14111	0.01231	0.00546	0.00798
143	0.04038	0.02481	0.03050	0.02316	0.03143	0.02568	0.05435	0.33746	0.04011	0.23959	0.02979	0.02837	0.02004	0.01219	0.01041	0.00314	0.01084	0.00981	0.01074	0.01720
144	0.04500	0.01913	0.02485	0.01905	0.02703	0.01756	0.01574	0.12271	0.03217	0.50580	0.03814	0.03341	0.02423	0.01264	0.01031	0.00316	0.00911	0.01016	0.01234	0.01746
145	0.02598	0.12001	0.14431	0.02242	0.06552	0.02155	0.02024	0.03364	0.06099	0.10673	0.02245	0.02397	0.01705	0.00946	0.00863	0.00244	0.01016	0.00747	0.00661	0.27036
146	0.02479	0.11781	0.15128	0.03562	0.20783	0.02628	0.02585	0.07431	0.10542	0.03498	0.02300	0.02662	0.01839	0.01644	0.06376	0.00427	0.01335	0.00885	0.00609	0.01503
147	0.01556	0.01251	0.01808	0.09804	0.05577	0.01317	0.01422	0.01944	0.02325	0.03212	0.23842	0.26980	0.06499	0.02281	0.01347	0.00367	0.04576	0.02008	0.00895	0.00989
148	0.02522	0.01734	0.02504	0.02932	0.17688	0.01691	0.01812	0.07601	0.02888	0.13028	0.23968	0.05331	0.05225	0.01600	0.01124	0.00326	0.00848	0.04871	0.00955	0.01352
149	0.03007	0.12294	0.03214	0.10642	0.10991	0.02254	0.01929	0.07053	0.02536	0.17017	0.02375	0.02555	0.01751	0.00999	0.00903	0.00263	0.01019	0.00812	0.00740	0.17645
150	0.01679	0.01093	0.01402	0.01485	0.01719	0.01016	0.01139	0.01983	0.02267	0.07668	0.10221	0.25581	0.15426	0.07151	0.01574	0.00445	0.00722	0.15519	0.00968	0.00945
151	0.02739	0.02199	0.03418	0.12508	0.11584	0.02340	0.09294	0.07573	0.02438	0.11459	0.02171	0.02625	0.01655	0.01146	0.01443	0.00323	0.12359	0.00927	0.00662	0.11138
152	0.02886	0.23548	0.19063	0.02392	0.03418	0.02889	0.07064	0.07336	0.06720	0.11844	0.02300	0.02411	0.01700	0.01031	0.00911	0.00292	0.01215	0.00818	0.00665	0.01500
153	0.01666	0.01244	0.01717	0.01659	0.01808	0.01452	0.01249	0.02061	0.05863	0.02406	0.02677	0.04108	0.02560	0.13890	0.35240	0.10576	0.07246	0.01113	0.00576	0.00886
154	0.01878	0.01146	0.01490	0.01348	0.01675	0.01037	0.01030	0.02334	0.02868	0.11625	0.46167	0.07240	0.12124	0.02018	0.01185	0.00324	0.00541	0.01763	0.01137	0.01070
155	0.03412	0.02393	0.06813	0.11099	0.12415	0.06160	0.02202	0.07360	0.02750	0.26295	0.03036	0.03479	0.02217	0.01242	0.01042	0.00325	0.01138	0.04212	0.00880	0.01532
156	0.07404	0.02799	0.14584	0.15945	0.04044	0.05980	0.02327	0.03928	0.07342	0.21407	0.02738	0.02837	0.01884	0.01127	0.00987	0.00324	0.01182	0.00902	0.00791	0.01467
157	0.01538	0.05437	0.01909	0.01669	0.01917	0.01249	0.04838	0.01799	0.02004	0.02680	0.04653	0.42990	0.05396	0.07517	0.01539	0.00430	0.00775	0.05351	0.00837	0.05471

[dist]
# distance from previous block
# <min> <max>
0	3

[block]
# block no. 2 follows, 14 sequences, length 54
# corresponding to MSA columns:
# 221-274
name=unknown_C
#
# <colnr> <probs for GDERKNQSTAVLIFYWHMCP>
#	G	D	E	R	K	N	Q	S	T	A	V	L	I	F	Y	W	H	M	C	P
0	0.02344	0.15617	0.14666	0.01879	0.02847	0.02119	0.01873	0.02906	0.02169	0.06629	0.02142	0.06173	0.01846	0.01026	0.00838	0.00231	0.00986	0.00808	0.00601	0.32299
1	0.02595	0.27658	0.15787	0.02084	0.03008	0.02986	0.02114	0.11097	0.06360	0.03452	0.02244	0.07000	0.01963	0.01169	0.00872	0.00276	0.01107	0.00890	0.00627	0.06709
2	0.12818	0.24561	0.08280	0.02622	0.11379	0.03052	0.02063	0.12762	0.02662	0.08155	0.01942	0.02131	0.01512	0.01000	0.00835	0.00280	0.01095	0.00732	0.00653	0.01466
3	0.07436	0.02325	0.06597	0.03442	0.21620	0.02166	0.02202	0.07822	0.09937	0.15778	0.07693	0.03300	0.02715	0.01196	0.01014	0.00317	0.01007	0.01026	0.00847	0.01561
4	0.02444	0.01857	0.02126	0.01616	0.02412	0.01607	0.01290	0.06476	0.09021	0.07386	0.02445	0.02606	0.01904	0.00943	0.00827	0.00206	0.00773	0.00757	0.06960	0.46346
5	0.01595	0.01067	0.01347	0.01298	0.01549	0.00971	0.00951	0.01966	0.02599	0.07072	0.35990	0.15613	0.15296	0.06272	0.01473	0.00383	0.00563	0.01976	0.01055	0.00962
6	0.01641	0.01097	0.01393	0.01290	0.01588	0.00991	0.00978	0.02084	0.02820	0.07781	0.45990	0.07709	0.16515	0.02116	0.01198	0.00326	0.00518	0.01845	0.01112	0.01008
7	0.01492	0.00995	0.01119	0.01119	0.01119	0.00995	0.00622	0.01492	0.01492	0.01990	0.03233	0.06716	0.03731	0.63935	0.05223	0.00995	0.00995	0.01492	0.00622	0.00622
8	0.01821	0.01398	0.01636	0.01514	0.01860	0.01455	0.01154	0.03048	0.19086	0.04151	0.37218	0.06233	0.07204	0.01822	0.01127	0.00325	0.00585	0.01583	0.05611	0.01169
9	0.01368	0.00996	0.01288	0.01321	0.01508	0.00916	0.00950	0.01734	0.02548	0.03519	0.36480	0.26651	0.11877	0.02510	0.01244	0.00356	0.00524	0.02236	0.01058	0.00916
10	0.71184	0.01985	0.01508	0.01350	0.01985	0.02302	0.01111	0.03017	0.01746	0.04604	0.01429	0.01667	0.01111	0.00953	0.00635	0.00318	0.00794	0.00556	0.00635	0.01111
11	0.09920	0.01765	0.02312	0.01788	0.02569	0.01572	0.01477	0.04843	0.02842	0.53962	0.03839	0.03347	0.02426	0.01245	0.01000	0.00318	0.00867	0.00994	0.01219	0.01696
12	0.01563	0.01077	0.01353	0.01457	0.01560	0.01077	0.01074	0.01770	0.01873	0.02463	0.04197	0.08845	0.04684	0.37168	0.03556	0.00766	0.00973	0.23017	0.00763	0.00763
13	0.04423	0.02037	0.02562	0.01964	0.02765	0.01940	0.01622	0.17661	0.03424	0.44897	0.03640	0.03228	0.02335	0.01260	0.01031	0.00315	0.00939	0.01004	0.01207	0.01746
14	0.02245	0.02245	0.03143	0.02694	0.02694	0.03143	0.02245	0.02470	0.01572	0.02470	0.01347	0.02245	0.01347	0.01796	0.03368	0.00449	0.62057	0.00898	0.00449	0.01123
15	0.71184	0.01985	0.01508	0.01350	0.01985	0.02302	0.01111	0.03017	0.01746	0.04604	0.01429	0.01667	0.01111	0.00953	0.00635	0.00318	0.00794	0.00556	0.00635	0.01111
16	0.02482	0.02270	0.03618	0.12326	0.36693	0.02429	0.02794	0.07556	0.02466	0.03444	0.02234	0.03349	0.01967	0.01202	0.01245	0.00337	0.06134	0.05398	0.00583	0.01472
17	0.01278	0.01042	0.01130	0.01108	0.01426	0.00894	0.00831	0.01600	0.02494	0.03140	0.23140	0.09272	0.44144	0.02462	0.01212	0.00340	0.00510	0.02081	0.01001	0.00894
18	0.02616	0.53511	0.15299	0.01974	0.02971	0.03748	0.02135	0.03106	0.02100	0.02570	0.01504	0.01743	0.01314	0.00896	0.00717	0.00239	0.01176	0.00588	0.00438	0.01354
19	0.03250	0.16179	0.07475	0.01892	0.02661	0.02349	0.01722	0.12722	0.03020	0.21554	0.13188	0.03590	0.03398	0.01311	0.00977	0.00295	0.00946	0.01041	0.00946	0.01482
20	0.08342	0.02165	0.02371	0.01854	0.02616	0.02168	0.01505	0.21508	0.08015	0.11546	0.03294	0.03242	0.06886	0.01232	0.00947	0.00277	0.00892	0.00962	0.00914	0.19264
21	0.01568	0.01032	0.01548	0.01548	0.01672	0.01156	0.01156	0.01672	0.01548	0.02188	0.02436	0.03736	0.02312	0.06359	0.41786	0.23822	0.02147	0.01032	0.00516	0.00764
22	0.01742	0.01375	0.01610	0.01494	0.01841	0.01407	0.01137	0.02889	0.17772	0.04044	0.37837	0.06781	0.12133	0.01944	0.01164	0.00332	0.00580	0.01687	0.01089	0.01144
23	0.02744	0.64552	0.05378	0.01756	0.02634	0.04061	0.01756	0.03073	0.02085	0.02414	0.01427	0.01646	0.01317	0.00878	0.00658	0.00219	0.01097	0.00549	0.00439	0.01317
24	0.02463	0.27064	0.30887	0.02565	0.03760	0.03078	0.06965	0.06478	0.02329	0.03149	0.01746	0.02040	0.01356	0.00946	0.00879	0.00286	0.01352	0.00727	0.00481	0.01446
25	0.01734	0.02076	0.12109	0.01754	0.02126	0.05491	0.01535	0.02061	0.01830	0.02450	0.03092	0.14914	0.03271	0.20205	0.15587	0.05335	0.01468	0.01427	0.00612	0.00922
26	0.01261	0.00990	0.01141	0.01213	0.01443	0.00870	0.00868	0.01525	0.02291	0.02915	0.15527	0.28243	0.32586	0.02742	0.01246	0.00368	0.00541	0.02384	0.00979	0.00870
27	0.03945	0.03173	0.02990	0.02372	0.03135	0.13994	0.01921	0.40465	0.04301	0.09898	0.02423	0.02429	0.01728	0.01201	0.01007	0.00300	0.01248	0.00882	0.00950	0.01638
28	0.01383	0.01046	0.01276	0.01218	0.01491	0.00939	0.00914	0.01802	0.02741	0.03727	0.43514	0.08305	0.23404	0.02243	0.01211	0.00330	0.00494	0.01946	0.01079	0.00939
29	0.03901	0.02874	0.03080	0.02361	0.03182	0.03182	0.01951	0.54111	0.04825	0.06468	0.02464	0.02464	0.01745	0.01232	0.01027	0.00308	0.01129	0.00924	0.01027	0.01745
30	0.02234	0.03660	0.26636	0.07557	0.07982	0.02529	0.22589	0.03146	0.02213	0.03158	0.01890	0.02463	0.01426	0.01007	0.01287	0.00344	0.07031	0.00963	0.00473	0.01412
31	0.01471	0.01078	0.01539	0.01539	0.01684	0.01223	0.01145	0.01762	0.01617	0.02301	0.02850	0.04589	0.02808	0.19386	0.48509	0.01513	0.02384	0.01181	0.00565	0.00855
32	0.02128	0.01824	0.02128	0.01520	0.02432	0.01368	0.01216	0.02584	0.02128	0.03344	0.01824	0.02128	0.01520	0.00760	0.00760	0.00152	0.00760	0.00608	0.00608	0.70208
33	0.01250	0.00893	0.01191	0.01429	0.01488	0.00834	0.00953	0.01429	0.01965	0.02620	0.05656	0.63265	0.06787	0.03215	0.01310	0.00417	0.00595	0.02917	0.00953	0.00834
34	0.03901	0.02874	0.03080	0.02361	0.03182	0.03182	0.01951	0.54111	0.04825	0.06468	0.02464	0.02464	0.01745	0.01232	0.01027	0.00308	0.01129	0.00924	0.01027	0.01745
35	0.16647	0.01790	0.02224	0.01740	0.02505	0.01652	0.01436	0.04642	0.02722	0.48542	0.03575	0.03163	0.02282	0.01213	0.00960	0.00318	0.00859	0.00946	0.01155	0.01632
36	0.04604	0.01746	0.02382	0.01826	0.02620	0.01508	0.01508	0.05001	0.02937	0.58244	0.04049	0.03493	0.02540	0.01270	0.01032	0.00318	0.00873	0.01032	0.01270	0.01746
37	0.01662	0.01037	0.01346	0.01346	0.01553	0.01140	0.01035	0.02077	0.01870	0.03015	0.03011	0.03941	0.02594	0.04849	0.33956	0.01032	0.01754	0.01037	0.30813	0.00934
38	0.02905	0.01248	0.01482	0.01277	0.01721	0.01160	0.01009	0.03353	0.02441	0.23885	0.03606	0.03703	0.02597	0.01223	0.00833	0.00268	0.00624	0.00984	0.44433	0.01248
39	0.01445	0.01131	0.01264	0.01299	0.01572	0.01041	0.00942	0.05720	0.02394	0.03012	0.07895	0.30202	0.32903	0.02730	0.01236	0.00371	0.00599	0.02360	0.00959	0.00925
40	0.30280	0.02095	0.02201	0.01763	0.02501	0.02197	0.01455	0.15388	0.02904	0.25667	0.02672	0.02551	0.01805	0.01138	0.00877	0.00315	0.00901	0.00823	0.00968	0.01500
41	0.01938	0.01824	0.03078	0.61468	0.07068	0.02280	0.02850	0.02622	0.02052	0.02622	0.01824	0.02736	0.01368	0.01026	0.01026	0.00342	0.01368	0.00912	0.00456	0.01140
42	0.01219	0.01016	0.01063	0.01101	0.01402	0.00861	0.00807	0.01466	0.02280	0.02748	0.09647	0.18308	0.49169	0.02696	0.01228	0.00358	0.00532	0.02285	0.00953	0.00861
43	0.02378	0.01863	0.01947	0.01779	0.02266	0.02116	0.01376	0.04616	0.41040	0.04165	0.03950	0.03828	0.02995	0.01338	0.00955	0.00318	0.00721	0.01105	0.19802	0.01442
44	0.03748	0.04570	0.03129	0.02728	0.03316	0.50955	0.05353	0.08580	0.03050	0.02921	0.01698	0.01966	0.01376	0.01061	0.00953	0.00274	0.01777	0.00721	0.00573	0.01253
45	0.04117	0.01604	0.02124	0.01669	0.02362	0.01408	0.01365	0.04529	0.02795	0.48401	0.03922	0.03553	0.02557	0.01257	0.00975	0.00303	0.00802	0.01018	0.13636	0.01604
46	0.01361	0.00949	0.01205	0.01366	0.01420	0.00913	0.00902	0.01505	0.01844	0.02452	0.04857	0.40893	0.05731	0.22775	0.02581	0.00608	0.00752	0.06267	0.00845	0.00774
47	0.02058	0.05308	0.58618	0.02925	0.04442	0.02383	0.03792	0.03250	0.02167	0.03250	0.01842	0.02167	0.01300	0.00975	0.00975	0.00325	0.01517	0.00758	0.00433	0.01517
48	0.02634	0.06260	0.02882	0.06220	0.03102	0.12236	0.09236	0.03062	0.02445	0.11490	0.03576	0.15988	0.03488	0.01808	0.01142	0.00356	0.01182	0.10902	0.00795	0.01194
49	0.02607	0.02596	0.08879	0.10054	0.44466	0.02349	0.03058	0.03259	0.02345	0.07507	0.02077	0.02595	0.01646	0.00956	0.01014	0.00311	0.01231	0.00909	0.00556	0.01586
50	0.01887	0.01284	0.01829	0.01702	0.01702	0.01538	0.01250	0.01672	0.01417	0.01996	0.01790	0.03196	0.01835	0.08509	0.03938	0.44171	0.18220	0.00947	0.00462	0.00653
51	0.19005	0.28322	0.03779	0.06606	0.09566	0.08319	0.01885	0.06427	0.02285	0.03332	0.01598	0.01909	0.01338	0.00950	0.00771	0.00272	0.01130	0.00655	0.00541	0.01309
52	0.01233	0.01029	0.01075	0.01088	0.01405	0.00871	0.00806	0.01503	0.02351	0.02857	0.13366	0.13824	0.49852	0.02611	0.01220	0.00350	0.00523	0.02201	0.00966	0.00871
53	0.01466	0.01086	0.01468	0.05290	0.01896	0.01043	0.01092	0.01936	0.02764	0.03881	0.48707	0.12354	0.08871	0.02128	0.01207	0.00333	0.00553	0.01889	0.01069	0.00968

[dist]
# distance from previous block
# <min> <max>
0	166

# created by:
# /st0/software/busco_prod/Augustus/scripts/msa2prfl.pl ./align_prep/4081.fa
