[name]
unknown

[dist]
# distance from previous block
# <min> <max>
0	35

[block]
# block no. 0 follows, 12 sequences, length 45
# corresponding to MSA columns:
# 35-79
name=unknown_A
#
# <colnr> <probs for GDERKNQSTAVLIFYWHMCP>
#	G	D	E	R	K	N	Q	S	T	A	V	L	I	F	Y	W	H	M	C	P
0	0.02098	0.01958	0.03708	0.03087	0.03694	0.01882	0.22264	0.02774	0.02537	0.03359	0.04285	0.08396	0.04348	0.02139	0.01415	0.00446	0.01352	0.28246	0.00815	0.01199
1	0.03380	0.29763	0.04296	0.02237	0.02972	0.07508	0.01983	0.13604	0.02901	0.09013	0.02037	0.02255	0.01636	0.01226	0.01306	0.00306	0.10589	0.00789	0.00699	0.01500
2	0.02304	0.08175	0.13949	0.01953	0.03055	0.01940	0.01923	0.02942	0.02266	0.03443	0.01904	0.02223	0.01546	0.00867	0.00846	0.00207	0.01010	0.00674	0.00591	0.48183
3	0.03823	0.02752	0.02938	0.02454	0.02936	0.14008	0.01989	0.04149	0.02596	0.25483	0.02722	0.02868	0.01972	0.01501	0.01959	0.00375	0.22148	0.00962	0.00871	0.01494
4	0.02102	0.01973	0.01793	0.01733	0.01922	0.13066	0.01218	0.02300	0.01963	0.02380	0.02881	0.05022	0.02980	0.29747	0.23101	0.01141	0.01915	0.01250	0.00612	0.00900
5	0.01586	0.01057	0.01189	0.01189	0.01189	0.01057	0.00661	0.01586	0.01586	0.02114	0.03436	0.07135	0.03964	0.61681	0.05550	0.01057	0.01057	0.01586	0.00661	0.00661
6	0.01466	0.01055	0.01389	0.01424	0.01612	0.00978	0.01023	0.01865	0.02729	0.03805	0.37043	0.27024	0.09189	0.02653	0.01324	0.00379	0.00557	0.02375	0.01133	0.00978
7	0.63995	0.02187	0.01740	0.01523	0.02214	0.02523	0.01254	0.07173	0.02126	0.05056	0.01609	0.01841	0.01236	0.01037	0.00709	0.00337	0.00873	0.00623	0.00709	0.01236
8	0.02247	0.02130	0.03610	0.43656	0.21444	0.02472	0.03122	0.02951	0.02269	0.03014	0.01971	0.02846	0.01534	0.01055	0.01087	0.00352	0.01407	0.00970	0.00501	0.01363
9	0.25488	0.02783	0.02780	0.02248	0.03012	0.12462	0.06310	0.09051	0.02859	0.19247	0.02535	0.02569	0.01777	0.01152	0.00955	0.00329	0.01207	0.00865	0.00881	0.01489
10	0.02222	0.09482	0.40426	0.02719	0.04022	0.02522	0.03282	0.03499	0.07212	0.03592	0.08239	0.03104	0.02603	0.01208	0.01044	0.00338	0.01376	0.00964	0.00609	0.01537
11	0.01313	0.01010	0.01202	0.01356	0.01539	0.00899	0.00940	0.01536	0.02243	0.02847	0.07979	0.41233	0.25677	0.03160	0.01351	0.00414	0.00601	0.02787	0.01012	0.00899
12	0.01367	0.00996	0.01289	0.01452	0.01581	0.00917	0.00999	0.01629	0.02322	0.03113	0.16047	0.45930	0.12086	0.03121	0.01361	0.00416	0.00602	0.02804	0.01050	0.00917
13	0.22309	0.10792	0.02814	0.01909	0.02652	0.02668	0.01599	0.17203	0.03110	0.14787	0.02797	0.07977	0.02269	0.01378	0.00947	0.00330	0.00988	0.01037	0.00927	0.01508
14	0.01894	0.00947	0.01420	0.01420	0.01420	0.00947	0.00947	0.01420	0.01420	0.01894	0.01894	0.03314	0.01894	0.03788	0.04261	0.68277	0.00947	0.00947	0.00473	0.00473
15	0.01422	0.01092	0.01302	0.01288	0.01564	0.00971	0.00951	0.01808	0.02743	0.03648	0.32327	0.15171	0.26633	0.02568	0.01299	0.00364	0.00542	0.02228	0.01107	0.00971
16	0.04073	0.05197	0.03090	0.02809	0.03371	0.57303	0.02107	0.04354	0.03090	0.02669	0.01685	0.01966	0.01404	0.01124	0.00983	0.00281	0.01966	0.00702	0.00562	0.01264
17	0.19100	0.15155	0.11327	0.02113	0.03000	0.09072	0.02003	0.04043	0.07208	0.13768	0.02422	0.02466	0.01780	0.01122	0.00895	0.00314	0.01177	0.00794	0.00758	0.01484
18	0.02577	0.01639	0.01962	0.01858	0.02284	0.01690	0.01392	0.03849	0.20470	0.14600	0.05087	0.28519	0.04869	0.02287	0.01228	0.00394	0.00777	0.02009	0.01118	0.01391
19	0.01328	0.00949	0.01265	0.01518	0.01581	0.00886	0.01012	0.01518	0.02088	0.02783	0.06010	0.60969	0.07212	0.03416	0.01392	0.00443	0.00633	0.03100	0.01012	0.00886
20	0.16616	0.09098	0.03767	0.07999	0.03890	0.10582	0.12259	0.11130	0.02879	0.08731	0.02151	0.02460	0.01604	0.01085	0.00993	0.00326	0.01368	0.00896	0.00719	0.01446
21	0.01427	0.01020	0.01372	0.01590	0.01706	0.00966	0.01146	0.01705	0.02266	0.03034	0.10990	0.46860	0.07366	0.03221	0.01401	0.00443	0.00686	0.10849	0.01030	0.00921
22	0.02329	0.02339	0.03361	0.48265	0.11552	0.08146	0.02962	0.03002	0.02303	0.02847	0.01922	0.02789	0.01474	0.01082	0.01078	0.00351	0.01492	0.00941	0.00498	0.01265
23	0.01338	0.01007	0.01240	0.01392	0.01557	0.00909	0.00964	0.01582	0.02291	0.02979	0.11982	0.42240	0.20315	0.03125	0.01354	0.00413	0.00600	0.02776	0.01030	0.00909
24	0.03087	0.03392	0.14359	0.02703	0.03631	0.06773	0.06935	0.12524	0.22141	0.08190	0.03184	0.03164	0.02323	0.01268	0.01097	0.00348	0.01256	0.01056	0.00893	0.01674
25	0.02563	0.02453	0.04181	0.17772	0.44857	0.02555	0.03279	0.03228	0.02419	0.03398	0.02027	0.02743	0.01669	0.00997	0.01082	0.00332	0.01329	0.00971	0.00528	0.01618
26	0.01514	0.01113	0.01416	0.01341	0.01611	0.01016	0.01006	0.02000	0.03017	0.04207	0.49278	0.08418	0.15418	0.02291	0.01286	0.00346	0.00519	0.02010	0.01178	0.01016
27	0.02187	0.05640	0.56031	0.03108	0.04719	0.02532	0.04029	0.03453	0.02302	0.03453	0.01957	0.02302	0.01381	0.01036	0.01036	0.00345	0.01611	0.00806	0.00460	0.01611
28	0.02714	0.32515	0.09770	0.03135	0.04191	0.03511	0.23170	0.03377	0.02376	0.03031	0.01846	0.02304	0.01508	0.00935	0.00978	0.00300	0.01489	0.00903	0.00503	0.01446
29	0.02350	0.01785	0.01904	0.01751	0.02212	0.01983	0.01348	0.04323	0.31203	0.04391	0.11280	0.04647	0.04165	0.01526	0.01034	0.00333	0.00711	0.01275	0.20358	0.01422
30	0.03655	0.01596	0.01958	0.01599	0.02201	0.01490	0.01289	0.07512	0.02922	0.30757	0.03871	0.03778	0.02677	0.01314	0.00958	0.00302	0.00774	0.01055	0.28784	0.01508
31	0.04119	0.03820	0.03207	0.02616	0.03378	0.22653	0.02085	0.34485	0.04399	0.05369	0.02285	0.02385	0.01694	0.01243	0.01052	0.00311	0.01474	0.00882	0.00902	0.01643
32	0.69383	0.02109	0.01603	0.01434	0.02109	0.02446	0.01181	0.03205	0.01856	0.04892	0.01518	0.01771	0.01181	0.01012	0.00675	0.00337	0.00843	0.00590	0.00675	0.01181
33	0.04892	0.01856	0.02530	0.01940	0.02783	0.01603	0.01603	0.05314	0.03121	0.55634	0.04302	0.03711	0.02699	0.01350	0.01096	0.00337	0.00928	0.01096	0.01350	0.01856
34	0.01493	0.01113	0.01387	0.01319	0.01598	0.01007	0.00989	0.01960	0.02967	0.04089	0.45720	0.08611	0.19048	0.02335	0.01287	0.00348	0.00522	0.02037	0.01163	0.01007
35	0.03573	0.01733	0.02421	0.02017	0.02553	0.01781	0.01645	0.03959	0.02519	0.32758	0.03494	0.03688	0.02526	0.03400	0.17694	0.00766	0.09865	0.01097	0.01004	0.01507
36	0.02033	0.01016	0.01016	0.01016	0.01270	0.01016	0.00762	0.02541	0.02287	0.04065	0.03557	0.04065	0.02795	0.01270	0.00762	0.00254	0.00508	0.01016	0.67734	0.01016
37	0.02574	0.02941	0.06434	0.04596	0.05699	0.02757	0.50919	0.03493	0.02574	0.03493	0.02206	0.02941	0.01654	0.00919	0.01287	0.00368	0.01838	0.01287	0.00551	0.01471
38	0.01303	0.01047	0.01164	0.01258	0.01513	0.00908	0.00896	0.01548	0.02338	0.02885	0.09181	0.29179	0.36955	0.03004	0.01327	0.00396	0.00582	0.02597	0.01012	0.00908
39	0.01514	0.01072	0.01435	0.01658	0.01782	0.01040	0.01241	0.01795	0.02182	0.02880	0.05625	0.37063	0.06495	0.10039	0.01916	0.00536	0.00817	0.19041	0.00968	0.00902
40	0.02915	0.62337	0.05714	0.01866	0.02799	0.04314	0.01866	0.03265	0.02215	0.02565	0.01516	0.01749	0.01399	0.00933	0.00700	0.00233	0.01166	0.00583	0.00466	0.01399
41	0.04094	0.01655	0.02205	0.01754	0.02447	0.01455	0.01425	0.04539	0.03019	0.42512	0.11171	0.04369	0.03766	0.01463	0.01084	0.00328	0.00822	0.01209	0.09042	0.01643
42	0.02458	0.01220	0.01595	0.01569	0.01884	0.01111	0.01147	0.02760	0.02414	0.18225	0.05167	0.36339	0.05280	0.02514	0.01217	0.00386	0.00700	0.02225	0.10605	0.01184
43	0.02385	0.02385	0.03340	0.02863	0.02863	0.03340	0.02385	0.02624	0.01670	0.02624	0.01431	0.02385	0.01431	0.01908	0.03578	0.00477	0.59685	0.00954	0.00477	0.01193
44	0.02207	0.01849	0.02290	0.07572	0.02991	0.01509	0.01441	0.02630	0.02177	0.03323	0.01934	0.02423	0.01623	0.01106	0.01149	0.06333	0.00887	0.00707	0.00614	0.55236

[dist]
# distance from previous block
# <min> <max>
0	5

[block]
# block no. 1 follows, 12 sequences, length 66
# corresponding to MSA columns:
# 85-150
name=unknown_B
#
# <colnr> <probs for GDERKNQSTAVLIFYWHMCP>
#	G	D	E	R	K	N	Q	S	T	A	V	L	I	F	Y	W	H	M	C	P
0	0.44100	0.15215	0.02720	0.01764	0.02473	0.12424	0.01486	0.03418	0.02146	0.04018	0.01547	0.01801	0.01265	0.01015	0.00734	0.00306	0.01107	0.00608	0.00612	0.01241
1	0.02202	0.01612	0.02075	0.01765	0.02237	0.01577	0.04255	0.09060	0.06538	0.07736	0.29889	0.06956	0.15641	0.02016	0.01236	0.00348	0.00743	0.01752	0.01116	0.01246
2	0.01511	0.01113	0.01413	0.01338	0.01609	0.01015	0.01003	0.01995	0.03010	0.04191	0.48802	0.08443	0.15903	0.02297	0.01286	0.00346	0.00519	0.02014	0.01176	0.01015
3	0.03004	0.03275	0.02601	0.02105	0.02907	0.24367	0.01626	0.03405	0.02601	0.03190	0.01834	0.02140	0.01529	0.00937	0.00880	0.00210	0.01283	0.00669	0.00611	0.40824
4	0.01743	0.01238	0.01709	0.01939	0.02168	0.01238	0.01664	0.02202	0.02432	0.03166	0.05575	0.11862	0.06079	0.07980	0.01848	0.00549	0.01009	0.43649	0.00975	0.00975
5	0.03465	0.02459	0.03134	0.11841	0.08174	0.02743	0.02232	0.20339	0.10090	0.14107	0.02896	0.03041	0.02089	0.01333	0.01331	0.00355	0.06743	0.01030	0.00938	0.01660
6	0.02596	0.02486	0.04240	0.15107	0.47268	0.02564	0.03295	0.03256	0.02434	0.03437	0.02033	0.02732	0.01683	0.00991	0.01081	0.00330	0.01321	0.00971	0.00531	0.01644
7	0.01543	0.01115	0.01457	0.01372	0.01629	0.01029	0.01029	0.02058	0.03086	0.04372	0.54304	0.08145	0.10288	0.02229	0.01286	0.00343	0.00514	0.01972	0.01200	0.01029
8	0.03392	0.38916	0.04665	0.02220	0.03032	0.20691	0.01960	0.08188	0.02765	0.03009	0.01674	0.01900	0.01444	0.01028	0.00825	0.00257	0.01418	0.00658	0.00556	0.01401
9	0.01577	0.01083	0.01318	0.01312	0.01369	0.01114	0.00824	0.01691	0.01732	0.02367	0.07221	0.06664	0.04209	0.46843	0.15195	0.01136	0.01374	0.01535	0.00687	0.00749
10	0.03541	0.09263	0.12110	0.02958	0.03768	0.39385	0.07062	0.04047	0.02850	0.02866	0.01766	0.02097	0.01424	0.01076	0.01000	0.00296	0.01838	0.00766	0.00537	0.01350
11	0.03995	0.01649	0.02266	0.01861	0.02519	0.01480	0.01496	0.04383	0.02807	0.41848	0.04335	0.11069	0.03276	0.02521	0.08619	0.00539	0.01155	0.01361	0.01205	0.01615
12	0.02844	0.03038	0.03738	0.21846	0.27483	0.16152	0.02940	0.03424	0.02541	0.03101	0.01925	0.02581	0.01563	0.01046	0.01059	0.00325	0.01511	0.00904	0.00528	0.01453
13	0.04178	0.04072	0.03105	0.02613	0.03319	0.31723	0.02046	0.22061	0.03858	0.09309	0.02286	0.02378	0.01697	0.01215	0.01034	0.00304	0.01579	0.00845	0.00836	0.01542
14	0.02280	0.12850	0.49632	0.02950	0.04475	0.02759	0.03753	0.03429	0.02291	0.03340	0.01901	0.02232	0.01384	0.01023	0.00993	0.00331	0.01555	0.00777	0.00461	0.01584
15	0.01768	0.01473	0.02120	0.01986	0.02139	0.01825	0.01581	0.02135	0.01909	0.02800	0.09375	0.04311	0.03400	0.05780	0.36119	0.01238	0.17146	0.01220	0.00639	0.01037
16	0.02495	0.21490	0.29028	0.03116	0.04403	0.03108	0.15065	0.03408	0.02344	0.03204	0.01890	0.02300	0.01454	0.00977	0.01000	0.00318	0.01538	0.00861	0.00485	0.01515
17	0.01666	0.01163	0.01518	0.01639	0.01779	0.01182	0.01258	0.01946	0.02049	0.02710	0.04517	0.09360	0.04963	0.28199	0.08545	0.00855	0.01209	0.23767	0.00819	0.00857
18	0.01430	0.01089	0.01314	0.01302	0.01571	0.00974	0.00960	0.01822	0.02753	0.03685	0.33453	0.15955	0.24602	0.02565	0.01301	0.00365	0.00543	0.02232	0.01113	0.00974
19	0.03405	0.03326	0.03754	0.10621	0.11035	0.21088	0.10926	0.04113	0.06124	0.11315	0.02449	0.02767	0.01827	0.01122	0.01089	0.00327	0.01554	0.00972	0.00706	0.01478
20	0.04073	0.05197	0.03090	0.02809	0.03371	0.57303	0.02107	0.04354	0.03090	0.02669	0.01685	0.01966	0.01404	0.01124	0.00983	0.00281	0.01966	0.00702	0.00562	0.01264
21	0.01558	0.01168	0.01752	0.01752	0.01947	0.01363	0.01363	0.01947	0.01752	0.02531	0.02921	0.04283	0.02726	0.08178	0.57360	0.01752	0.02921	0.01168	0.00584	0.00974
22	0.02699	0.02591	0.04426	0.06693	0.54879	0.02591	0.03346	0.03346	0.02483	0.03562	0.02051	0.02699	0.01727	0.00972	0.01079	0.00324	0.01295	0.00972	0.00540	0.01727
23	0.01777	0.02382	0.15704	0.01865	0.02510	0.01535	0.01845	0.02657	0.06506	0.04034	0.33581	0.06510	0.10955	0.01906	0.01208	0.00348	0.00829	0.01640	0.00986	0.01223
24	0.01328	0.00949	0.01265	0.01518	0.01581	0.00886	0.01012	0.01518	0.02088	0.02783	0.06010	0.60969	0.07212	0.03416	0.01392	0.00443	0.00633	0.03100	0.01012	0.00886
25	0.02574	0.02941	0.06434	0.04596	0.05699	0.02757	0.50919	0.03493	0.02574	0.03493	0.02206	0.02941	0.01654	0.00919	0.01287	0.00368	0.01838	0.01287	0.00551	0.01471
26	0.02884	0.17516	0.08288	0.03313	0.16463	0.02878	0.02336	0.07414	0.11156	0.07788	0.02858	0.07482	0.02421	0.01308	0.01014	0.00322	0.01126	0.01089	0.00756	0.01587
27	0.02536	0.01283	0.01627	0.01431	0.01840	0.01175	0.01112	0.03025	0.02896	0.17635	0.28666	0.05976	0.06449	0.01762	0.01106	0.00319	0.00620	0.01506	0.17793	0.01241
28	0.01586	0.01057	0.01189	0.01189	0.01189	0.01057	0.00661	0.01586	0.01586	0.02114	0.03436	0.07135	0.03964	0.61681	0.05550	0.01057	0.01057	0.01586	0.00661	0.00661
29	0.03158	0.26541	0.12511	0.02425	0.03303	0.21495	0.02276	0.03980	0.08968	0.02996	0.02015	0.02205	0.01643	0.01083	0.00900	0.00284	0.01466	0.00741	0.00579	0.01430
30	0.02774	0.02987	0.10741	0.09946	0.37790	0.02675	0.03238	0.09686	0.02787	0.03925	0.02105	0.02654	0.01678	0.01034	0.01076	0.00330	0.01336	0.00952	0.00598	0.01687
31	0.01508	0.01023	0.01329	0.01505	0.01645	0.00974	0.01089	0.01825	0.02306	0.03226	0.12089	0.39774	0.06926	0.02928	0.01314	0.00414	0.00654	0.09013	0.09521	0.00938
32	0.08581	0.02775	0.03701	0.04584	0.28627	0.07174	0.02695	0.09635	0.02660	0.03849	0.01923	0.02486	0.01610	0.01227	0.01560	0.00354	0.13480	0.00916	0.00613	0.01550
33	0.01408	0.01094	0.01122	0.01115	0.01459	0.00942	0.00836	0.01735	0.02508	0.03211	0.13574	0.09447	0.43970	0.02520	0.01218	0.00351	0.00543	0.02103	0.09904	0.00942
34	0.03472	0.24680	0.03682	0.01911	0.02770	0.02769	0.01679	0.04274	0.10137	0.21088	0.02960	0.02834	0.02161	0.01140	0.00911	0.00280	0.00992	0.00864	0.00888	0.10510
35	0.02603	0.02493	0.04252	0.14551	0.47771	0.02565	0.03299	0.03262	0.02437	0.03446	0.02034	0.02730	0.01686	0.00989	0.01081	0.00330	0.01319	0.00971	0.00531	0.01650
36	0.02529	0.03204	0.09471	0.02315	0.02830	0.20228	0.02013	0.02980	0.02412	0.02814	0.03499	0.04469	0.08836	0.03281	0.15314	0.00700	0.06793	0.04508	0.00637	0.01169
37	0.01450	0.01096	0.01243	0.01215	0.01451	0.00992	0.00851	0.01733	0.02450	0.03200	0.23353	0.08844	0.26722	0.17917	0.02397	0.00539	0.00671	0.02006	0.00983	0.00889
38	0.02463	0.05167	0.42287	0.03037	0.04304	0.09921	0.03564	0.03467	0.02326	0.03243	0.01854	0.02268	0.01391	0.01159	0.01352	0.00353	0.09044	0.00811	0.00476	0.01512
39	0.01730	0.01329	0.01667	0.01435	0.01877	0.01139	0.01097	0.02237	0.02872	0.04159	0.40678	0.06614	0.08031	0.01859	0.01161	0.00296	0.00591	0.01627	0.01056	0.18546
40	0.03866	0.02797	0.08359	0.02622	0.03532	0.06403	0.09848	0.08216	0.09432	0.28136	0.03434	0.03284	0.02324	0.01247	0.01114	0.00342	0.01231	0.01078	0.01027	0.01709
41	0.03110	0.02237	0.03645	0.18485	0.29537	0.02292	0.02813	0.03719	0.02573	0.16919	0.02608	0.03014	0.01912	0.01099	0.01087	0.00337	0.01239	0.01003	0.00737	0.01632
42	0.01328	0.00949	0.01265	0.01518	0.01581	0.00886	0.01012	0.01518	0.02088	0.02783	0.06010	0.60969	0.07212	0.03416	0.01392	0.00443	0.00633	0.03100	0.01012	0.00886
43	0.02205	0.01607	0.01802	0.01569	0.02013	0.01613	0.01226	0.14783	0.03395	0.04647	0.25514	0.06886	0.18084	0.02027	0.01186	0.00336	0.00701	0.01703	0.07484	0.01216
44	0.02699	0.02591	0.04426	0.06693	0.54879	0.02591	0.03346	0.03346	0.02483	0.03562	0.02051	0.02699	0.01727	0.00972	0.01079	0.00324	0.01295	0.00972	0.00540	0.01727
45	0.47725	0.02024	0.01914	0.01604	0.02335	0.02163	0.01322	0.03913	0.02280	0.21932	0.02453	0.02423	0.01691	0.01125	0.00816	0.00337	0.00872	0.00760	0.00901	0.01407
46	0.02280	0.02163	0.03669	0.40999	0.23847	0.02480	0.03138	0.02979	0.02285	0.03054	0.01977	0.02835	0.01548	0.01049	0.01086	0.00350	0.01399	0.00970	0.00504	0.01389
47	0.02018	0.01681	0.02002	0.01590	0.02323	0.01306	0.01219	0.02426	0.02216	0.03353	0.02997	0.17537	0.03071	0.01486	0.00960	0.00235	0.00762	0.01284	0.00741	0.50792
48	0.01652	0.01467	0.02610	0.02319	0.02653	0.01373	0.13998	0.02032	0.02214	0.02968	0.05020	0.45870	0.05766	0.02766	0.01364	0.00423	0.00946	0.02628	0.00892	0.01038
49	0.02915	0.62337	0.05714	0.01866	0.02799	0.04314	0.01866	0.03265	0.02215	0.02565	0.01516	0.01749	0.01399	0.00933	0.00700	0.00233	0.01166	0.00583	0.00466	0.01399
50	0.04073	0.05197	0.03090	0.02809	0.03371	0.57303	0.02107	0.04354	0.03090	0.02669	0.01685	0.01966	0.01404	0.01124	0.00983	0.00281	0.01966	0.00702	0.00562	0.01264
51	0.01955	0.01857	0.02274	0.02168	0.02502	0.08724	0.07674	0.02335	0.02421	0.02991	0.05318	0.29356	0.09498	0.02638	0.01344	0.00420	0.01049	0.13540	0.00892	0.01043
52	0.02187	0.05640	0.56031	0.03108	0.04719	0.02532	0.04029	0.03453	0.02302	0.03453	0.01957	0.02302	0.01381	0.01036	0.01036	0.00345	0.01611	0.00806	0.00460	0.01611
53	0.01586	0.01057	0.01189	0.01189	0.01189	0.01057	0.00661	0.01586	0.01586	0.02114	0.03436	0.07135	0.03964	0.61681	0.05550	0.01057	0.01057	0.01586	0.00661	0.00661
54	0.01583	0.01131	0.01557	0.01809	0.01984	0.01105	0.01454	0.01958	0.02338	0.03068	0.05869	0.32074	0.06656	0.03176	0.01460	0.00478	0.00853	0.29484	0.01007	0.00956
55	0.02574	0.02941	0.06434	0.04596	0.05699	0.02757	0.50919	0.03493	0.02574	0.03493	0.02206	0.02941	0.01654	0.00919	0.01287	0.00368	0.01838	0.01287	0.00551	0.01471
56	0.01894	0.00947	0.01420	0.01420	0.01420	0.00947	0.00947	0.01420	0.01420	0.01894	0.01894	0.03314	0.01894	0.03788	0.04261	0.68277	0.00947	0.00947	0.00473	0.00473
57	0.01599	0.01114	0.01436	0.01594	0.01709	0.01100	0.01183	0.01845	0.02070	0.02727	0.04946	0.20954	0.05610	0.25158	0.03001	0.00698	0.00943	0.20587	0.00877	0.00849
58	0.02402	0.02221	0.03730	0.05407	0.41106	0.02271	0.02830	0.02982	0.02293	0.03294	0.02277	0.03111	0.01987	0.02847	0.15724	0.00696	0.01718	0.01023	0.00551	0.01531
59	0.20627	0.01919	0.02303	0.11881	0.03311	0.02053	0.01700	0.07730	0.02624	0.20805	0.02852	0.03043	0.02022	0.01728	0.05256	0.00443	0.01141	0.00932	0.06199	0.01432
60	0.01558	0.01168	0.01752	0.01752	0.01947	0.01363	0.01363	0.01947	0.01752	0.02531	0.02921	0.04283	0.02726	0.08178	0.57360	0.01752	0.02921	0.01168	0.00584	0.00974
61	0.01734	0.01036	0.01482	0.01482	0.01542	0.01096	0.01025	0.01614	0.01553	0.02132	0.02491	0.04304	0.02526	0.15586	0.20994	0.35489	0.01580	0.01131	0.00542	0.00663
62	0.02718	0.46657	0.05279	0.02232	0.03096	0.03709	0.08090	0.03160	0.02300	0.02776	0.02170	0.03304	0.02080	0.01208	0.00882	0.00286	0.01230	0.06919	0.00549	0.01356
63	0.08123	0.02409	0.04205	0.03189	0.03996	0.02422	0.26580	0.03798	0.14337	0.03989	0.07752	0.03689	0.02919	0.01210	0.01153	0.00355	0.01297	0.01260	0.05886	0.01429
64	0.02849	0.01698	0.02497	0.02017	0.02610	0.01590	0.07880	0.03618	0.07698	0.20090	0.20882	0.05566	0.08484	0.01681	0.01176	0.00343	0.00854	0.01496	0.05569	0.01403
65	0.02463	0.02056	0.02184	0.01986	0.02527	0.02322	0.01537	0.04946	0.41503	0.04405	0.09573	0.04875	0.07277	0.01620	0.01115	0.00359	0.00786	0.01358	0.05548	0.01560

[dist]
# distance from previous block
# <min> <max>
4	8

[block]
# block no. 2 follows, 12 sequences, length 27
# corresponding to MSA columns:
# 160-186
name=unknown_C
#
# <colnr> <probs for GDERKNQSTAVLIFYWHMCP>
#	G	D	E	R	K	N	Q	S	T	A	V	L	I	F	Y	W	H	M	C	P
0	0.13684	0.10101	0.10536	0.02020	0.02882	0.02433	0.01884	0.09067	0.06488	0.16322	0.02777	0.03066	0.02101	0.06362	0.01337	0.00378	0.01073	0.00922	0.00854	0.05713
1	0.11362	0.16182	0.08109	0.02291	0.03188	0.07886	0.05762	0.08167	0.08202	0.07195	0.02282	0.02442	0.01757	0.01074	0.00919	0.00292	0.01199	0.00819	0.00716	0.10155
2	0.01558	0.01168	0.01752	0.01752	0.01947	0.01363	0.01363	0.01947	0.01752	0.02531	0.02921	0.04283	0.02726	0.08178	0.57360	0.01752	0.02921	0.01168	0.00584	0.00974
3	0.02915	0.62337	0.05714	0.01866	0.02799	0.04314	0.01866	0.03265	0.02215	0.02565	0.01516	0.01749	0.01399	0.00933	0.00700	0.00233	0.01166	0.00583	0.00466	0.01399
4	0.37561	0.02002	0.02000	0.01616	0.02397	0.02007	0.01324	0.03723	0.02300	0.19268	0.02404	0.02427	0.01704	0.01069	0.00823	0.00303	0.00861	0.00747	0.00864	0.14600
5	0.02000	0.03103	0.21883	0.02152	0.03098	0.01862	0.02281	0.02724	0.02368	0.03449	0.09881	0.04322	0.10950	0.01465	0.01246	0.00309	0.05661	0.01156	0.00691	0.19397
6	0.16648	0.03517	0.22600	0.02637	0.03764	0.02379	0.08597	0.07037	0.02628	0.16337	0.02498	0.02629	0.01718	0.01109	0.01012	0.00343	0.01294	0.00903	0.00768	0.01580
7	0.02351	0.01980	0.03294	0.50186	0.10684	0.02365	0.02929	0.03046	0.02284	0.07392	0.02150	0.02960	0.01581	0.01103	0.01090	0.00358	0.01396	0.00980	0.00563	0.01306
8	0.02059	0.01938	0.03270	0.59060	0.07510	0.02422	0.03028	0.02786	0.02180	0.02786	0.01938	0.02907	0.01453	0.01090	0.01090	0.00363	0.01453	0.00969	0.00484	0.01211
9	0.03610	0.01825	0.02849	0.02257	0.02971	0.01641	0.08966	0.04132	0.02956	0.32949	0.12252	0.05384	0.04215	0.01634	0.01207	0.00363	0.01008	0.07063	0.01162	0.01558
10	0.13733	0.01529	0.01805	0.01704	0.01993	0.01704	0.01314	0.02666	0.02139	0.09947	0.03760	0.22780	0.03773	0.02083	0.01506	0.00383	0.11213	0.01655	0.13177	0.01136
11	0.03295	0.01669	0.01911	0.01585	0.02136	0.01659	0.01270	0.13035	0.03097	0.19821	0.03590	0.03673	0.02580	0.01301	0.00926	0.00293	0.00769	0.01033	0.34927	0.01430
12	0.02523	0.02411	0.04109	0.21070	0.41874	0.02544	0.03259	0.03192	0.02400	0.03349	0.02020	0.02756	0.01652	0.01004	0.01082	0.00335	0.01339	0.00971	0.00525	0.01585
13	0.35835	0.02340	0.02167	0.01877	0.02563	0.02687	0.01512	0.11704	0.20162	0.05090	0.02709	0.02705	0.02036	0.01222	0.00892	0.00347	0.00907	0.00876	0.00892	0.01477
14	0.63433	0.02085	0.01688	0.01481	0.02171	0.02368	0.01220	0.03400	0.01972	0.09574	0.01775	0.01950	0.01321	0.01043	0.00714	0.00337	0.00851	0.00637	0.00737	0.01243
15	0.17727	0.32604	0.04082	0.02144	0.06494	0.03232	0.01773	0.03673	0.02340	0.13889	0.02120	0.02221	0.01639	0.01037	0.00803	0.00284	0.01057	0.00717	0.00696	0.01468
16	0.10710	0.02179	0.08061	0.02328	0.06369	0.01930	0.01868	0.11385	0.02649	0.03885	0.03387	0.13477	0.03400	0.02265	0.01660	0.11127	0.01042	0.10273	0.00802	0.01201
17	0.11473	0.02176	0.03081	0.03837	0.24466	0.02195	0.02210	0.03932	0.08035	0.16837	0.02943	0.03399	0.02287	0.06735	0.01449	0.00402	0.01077	0.01041	0.00835	0.01593
18	0.22034	0.02298	0.02721	0.02721	0.10927	0.02479	0.01892	0.10654	0.08330	0.17318	0.02759	0.02809	0.01989	0.01242	0.01142	0.00347	0.04913	0.00925	0.00913	0.01588
19	0.07757	0.02191	0.02897	0.07477	0.03370	0.02241	0.07762	0.12646	0.08356	0.08201	0.02770	0.03523	0.02265	0.10703	0.01745	0.00429	0.01130	0.01066	0.00816	0.12655
20	0.17101	0.02747	0.02670	0.07394	0.03322	0.09441	0.01839	0.17993	0.08779	0.09547	0.02515	0.02622	0.01844	0.01188	0.00972	0.00319	0.01153	0.00877	0.00874	0.06803
21	0.16156	0.01913	0.02330	0.02612	0.11288	0.01980	0.01734	0.03415	0.11678	0.07125	0.03606	0.13199	0.03398	0.01724	0.01080	0.00362	0.00913	0.07068	0.00866	0.07552
22	0.27395	0.02663	0.02841	0.02617	0.07733	0.09294	0.06273	0.07108	0.08162	0.12284	0.02474	0.02596	0.01817	0.01136	0.00947	0.00335	0.01155	0.00878	0.00816	0.01476
23	0.18614	0.02339	0.02584	0.02259	0.06131	0.02419	0.01705	0.16273	0.08657	0.14124	0.02723	0.02728	0.01967	0.01166	0.00953	0.00309	0.00977	0.00886	0.00938	0.12249
24	0.23702	0.01984	0.02173	0.02035	0.05689	0.02063	0.01511	0.04171	0.12693	0.19844	0.04174	0.03970	0.08755	0.01425	0.00992	0.00347	0.00865	0.01111	0.01001	0.01497
25	0.23284	0.02192	0.02305	0.01877	0.02613	0.02307	0.01526	0.14280	0.08601	0.16784	0.06899	0.03187	0.02657	0.01287	0.00967	0.00327	0.00914	0.00974	0.01007	0.06011
26	0.18468	0.02293	0.02584	0.02297	0.06679	0.02355	0.01714	0.14376	0.08593	0.17243	0.02845	0.02810	0.02028	0.01179	0.00963	0.00315	0.00973	0.00904	0.00962	0.10419

[dist]
# distance from previous block
# <min> <max>
19	60

[block]
# block no. 3 follows, 12 sequences, length 71
# corresponding to MSA columns:
# 268-321,323-339
name=unknown_D
#
# <colnr> <probs for GDERKNQSTAVLIFYWHMCP>
#	G	D	E	R	K	N	Q	S	T	A	V	L	I	F	Y	W	H	M	C	P
0	0.14505	0.03492	0.02651	0.02282	0.02927	0.26465	0.01781	0.11634	0.03222	0.11827	0.06842	0.02847	0.02419	0.01267	0.00995	0.00311	0.01378	0.00900	0.00840	0.01414
1	0.10435	0.07578	0.02901	0.02871	0.13576	0.07345	0.01865	0.06924	0.02685	0.08458	0.07411	0.12324	0.03333	0.01539	0.01042	0.00324	0.01044	0.01287	0.00809	0.06248
2	0.08713	0.03102	0.11309	0.07764	0.07314	0.07640	0.02296	0.12815	0.09997	0.04232	0.02664	0.06819	0.02202	0.01308	0.01033	0.00329	0.01213	0.01048	0.00766	0.07434
3	0.08378	0.02173	0.03043	0.02358	0.03192	0.02095	0.09478	0.04689	0.14664	0.25505	0.03525	0.03366	0.02447	0.01225	0.01066	0.00330	0.01039	0.01071	0.01035	0.09321
4	0.03584	0.02746	0.07609	0.02246	0.02999	0.07095	0.01925	0.17585	0.07949	0.19060	0.03657	0.12332	0.03001	0.01632	0.01128	0.00350	0.01108	0.01335	0.01047	0.01613
5	0.02747	0.02482	0.10873	0.01992	0.02854	0.01848	0.01836	0.07716	0.07417	0.12795	0.13533	0.03931	0.03742	0.01336	0.01045	0.00292	0.00935	0.01106	0.00931	0.20591
6	0.28656	0.02172	0.02398	0.08386	0.03176	0.02328	0.01690	0.12351	0.02893	0.21912	0.02688	0.02697	0.01837	0.01186	0.00936	0.00339	0.01004	0.00872	0.00951	0.01528
7	0.03808	0.19934	0.03656	0.02198	0.02999	0.12249	0.01860	0.12740	0.08908	0.17072	0.02782	0.02704	0.02032	0.01200	0.00965	0.00300	0.01212	0.00879	0.00891	0.01610
8	0.09007	0.02348	0.03027	0.18530	0.04282	0.07169	0.05997	0.07633	0.02748	0.12686	0.08318	0.03394	0.02700	0.01333	0.01283	0.00353	0.05941	0.01073	0.00798	0.01380
9	0.03691	0.19399	0.04511	0.02649	0.03589	0.02693	0.15232	0.04229	0.02712	0.26172	0.02931	0.02940	0.02041	0.01112	0.01036	0.00316	0.01246	0.01002	0.00878	0.01620
10	0.03285	0.02953	0.12527	0.08394	0.09010	0.02402	0.16376	0.08252	0.02875	0.18714	0.02768	0.03006	0.01917	0.01116	0.01138	0.00347	0.01401	0.01071	0.00808	0.01638
11	0.10151	0.01619	0.01926	0.01812	0.02281	0.01660	0.01479	0.03483	0.11862	0.12911	0.16798	0.07100	0.05537	0.02026	0.01214	0.00392	0.00826	0.14522	0.01093	0.01307
12	0.10601	0.24011	0.03784	0.12387	0.07574	0.02869	0.01997	0.03456	0.02424	0.12780	0.06362	0.02903	0.02358	0.01153	0.00916	0.00303	0.01095	0.00888	0.00719	0.01420
13	0.08342	0.10023	0.17132	0.03571	0.18088	0.02600	0.02732	0.03912	0.06932	0.12670	0.02525	0.02711	0.01867	0.01098	0.00998	0.00327	0.01223	0.00899	0.00713	0.01638
14	0.01407	0.01005	0.01356	0.01609	0.01706	0.00954	0.01149	0.01655	0.02165	0.02872	0.05966	0.51996	0.07039	0.03342	0.01413	0.00454	0.00701	0.11293	0.01011	0.00907
15	0.03107	0.02973	0.03694	0.12796	0.04443	0.14292	0.13752	0.04356	0.15641	0.09433	0.02862	0.03104	0.02116	0.01186	0.01120	0.00345	0.01443	0.01070	0.00777	0.01491
16	0.10116	0.03639	0.25843	0.02978	0.08091	0.02513	0.02886	0.03248	0.02181	0.07519	0.02270	0.06510	0.01912	0.01406	0.01575	0.00377	0.13869	0.01011	0.00604	0.01451
17	0.02758	0.08823	0.13969	0.03641	0.04746	0.02760	0.29661	0.03833	0.07094	0.08094	0.02486	0.02892	0.01828	0.01029	0.01157	0.00349	0.01569	0.01118	0.00649	0.01545
18	0.02406	0.02163	0.01840	0.01844	0.02154	0.15600	0.01359	0.02693	0.02510	0.07128	0.04989	0.28739	0.09114	0.02401	0.01211	0.00375	0.01011	0.05192	0.06186	0.01083
19	0.03334	0.03392	0.22507	0.02446	0.03520	0.02228	0.02540	0.04739	0.15305	0.23322	0.03460	0.03274	0.02364	0.01265	0.01077	0.00348	0.01167	0.01022	0.00957	0.01732
20	0.03235	0.20658	0.22499	0.02436	0.03582	0.03029	0.02622	0.12454	0.02939	0.13144	0.02371	0.02454	0.01708	0.01112	0.00961	0.00309	0.01287	0.00826	0.00736	0.01639
21	0.01736	0.01053	0.01410	0.01566	0.01719	0.00968	0.01080	0.01952	0.02206	0.08830	0.05814	0.54418	0.06695	0.03180	0.01358	0.00431	0.00666	0.02871	0.01051	0.00997
22	0.02581	0.02202	0.03684	0.32106	0.26792	0.02418	0.03032	0.03248	0.02391	0.07888	0.02199	0.02893	0.01680	0.01064	0.01086	0.00345	0.01340	0.00982	0.00586	0.01484
23	0.01733	0.01064	0.01399	0.01537	0.01711	0.00970	0.01067	0.01956	0.02234	0.08842	0.06172	0.50836	0.10047	0.03133	0.01351	0.00425	0.00661	0.02814	0.01051	0.00999
24	0.03101	0.03062	0.09069	0.08956	0.22952	0.08696	0.11448	0.03782	0.02634	0.12095	0.02396	0.02807	0.01785	0.01058	0.01105	0.00334	0.01450	0.01002	0.00668	0.01597
25	0.02473	0.01307	0.01741	0.01551	0.01953	0.01176	0.01190	0.02924	0.02982	0.18807	0.34521	0.12924	0.07772	0.02114	0.01244	0.00353	0.00646	0.01851	0.01221	0.01248
26	0.02478	0.28293	0.35927	0.02611	0.03952	0.03244	0.03164	0.03378	0.02267	0.03098	0.01781	0.02081	0.01388	0.00995	0.00902	0.00301	0.01433	0.00717	0.00463	0.01527
27	0.21336	0.02000	0.02545	0.22007	0.08992	0.02316	0.02092	0.03296	0.10244	0.03744	0.02696	0.09393	0.02361	0.01385	0.01008	0.00362	0.01076	0.01147	0.00705	0.01296
28	0.03390	0.01598	0.02101	0.01764	0.02310	0.01513	0.01379	0.03968	0.06632	0.30540	0.09712	0.04812	0.03799	0.10947	0.09860	0.00646	0.01181	0.01287	0.01106	0.01455
29	0.02187	0.05640	0.56031	0.03108	0.04719	0.02532	0.04029	0.03453	0.02302	0.03453	0.01957	0.02302	0.01381	0.01036	0.01036	0.00345	0.01611	0.00806	0.00460	0.01611
30	0.02493	0.02546	0.04827	0.19288	0.25809	0.02606	0.19729	0.03254	0.02437	0.03341	0.02076	0.02836	0.01632	0.00984	0.01154	0.00349	0.01523	0.01080	0.00530	0.01507
31	0.02187	0.05640	0.56031	0.03108	0.04719	0.02532	0.04029	0.03453	0.02302	0.03453	0.01957	0.02302	0.01381	0.01036	0.01036	0.00345	0.01611	0.00806	0.00460	0.01611
32	0.02315	0.02199	0.03732	0.38137	0.26436	0.02490	0.03155	0.03010	0.02301	0.03096	0.01983	0.02824	0.01563	0.01043	0.01086	0.00348	0.01390	0.00970	0.00507	0.01417
33	0.02453	0.22603	0.35028	0.02900	0.04246	0.03101	0.08734	0.03400	0.02307	0.03187	0.01851	0.02207	0.01418	0.00991	0.00962	0.00314	0.01502	0.00793	0.00473	0.01531
34	0.01586	0.01057	0.01189	0.01189	0.01189	0.01057	0.00661	0.01586	0.01586	0.02114	0.03436	0.07135	0.03964	0.61681	0.05550	0.01057	0.01057	0.01586	0.00661	0.00661
35	0.01558	0.01168	0.01752	0.01752	0.01947	0.01363	0.01363	0.01947	0.01752	0.02531	0.02921	0.04283	0.02726	0.08178	0.57360	0.01752	0.02921	0.01168	0.00584	0.00974
36	0.01574	0.01101	0.01414	0.01414	0.01492	0.01179	0.00941	0.01730	0.01652	0.02281	0.03230	0.05996	0.03469	0.40304	0.26250	0.01335	0.01802	0.01419	0.00630	0.00786
37	0.02969	0.04607	0.34952	0.02868	0.04185	0.02871	0.03247	0.22547	0.03431	0.04819	0.02221	0.02428	0.01570	0.01145	0.01058	0.00338	0.01447	0.00876	0.00712	0.01708
38	0.02699	0.02591	0.04426	0.06693	0.54879	0.02591	0.03346	0.03346	0.02483	0.03562	0.02051	0.02699	0.01727	0.00972	0.01079	0.00324	0.01295	0.00972	0.00540	0.01727
39	0.01328	0.00949	0.01265	0.01518	0.01581	0.00886	0.01012	0.01518	0.02088	0.02783	0.06010	0.60969	0.07212	0.03416	0.01392	0.00443	0.00633	0.03100	0.01012	0.00886
40	0.02285	0.02379	0.04662	0.35094	0.06713	0.02570	0.24101	0.03097	0.02353	0.03097	0.02056	0.02922	0.01542	0.01015	0.01177	0.00365	0.01623	0.01109	0.00514	0.01325
41	0.02915	0.62337	0.05714	0.01866	0.02799	0.04314	0.01866	0.03265	0.02215	0.02565	0.01516	0.01749	0.01399	0.00933	0.00700	0.00233	0.01166	0.00583	0.00466	0.01399
42	0.01441	0.01111	0.01315	0.01264	0.01566	0.00985	0.00948	0.01859	0.02844	0.03797	0.36860	0.09092	0.28090	0.02444	0.01287	0.00353	0.00530	0.02105	0.01125	0.00985
43	0.02187	0.05640	0.56031	0.03108	0.04719	0.02532	0.04029	0.03453	0.02302	0.03453	0.01957	0.02302	0.01381	0.01036	0.01036	0.00345	0.01611	0.00806	0.00460	0.01611
44	0.01433	0.01032	0.01257	0.01358	0.01460	0.00994	0.00892	0.01588	0.01946	0.02553	0.05638	0.28925	0.13247	0.24111	0.07890	0.00764	0.00975	0.02268	0.00851	0.00821
45	0.01363	0.00993	0.01284	0.01453	0.01580	0.00914	0.00998	0.01619	0.02303	0.03082	0.15109	0.46792	0.12198	0.03142	0.01363	0.00418	0.00604	0.02823	0.01046	0.00914
46	0.02033	0.01016	0.01016	0.01016	0.01270	0.01016	0.00762	0.02541	0.02287	0.04065	0.03557	0.04065	0.02795	0.01270	0.00762	0.00254	0.00508	0.01016	0.67734	0.01016
47	0.02574	0.02941	0.06434	0.04596	0.05699	0.02757	0.50919	0.03493	0.02574	0.03493	0.02206	0.02941	0.01654	0.00919	0.01287	0.00368	0.01838	0.01287	0.00551	0.01471
48	0.02774	0.02086	0.02830	0.27186	0.04884	0.02407	0.02279	0.04393	0.22599	0.11974	0.03316	0.03500	0.02402	0.01287	0.01099	0.00362	0.01133	0.01095	0.00873	0.01520
49	0.02261	0.01938	0.02261	0.01615	0.02584	0.01453	0.01292	0.02745	0.02261	0.03553	0.01938	0.02261	0.01615	0.00807	0.00807	0.00161	0.00807	0.00646	0.00646	0.68346
50	0.02148	0.04061	0.34415	0.02573	0.03710	0.02246	0.02960	0.03594	0.11929	0.03856	0.13550	0.03874	0.03639	0.01372	0.01103	0.00349	0.01238	0.01133	0.00739	0.01509
51	0.01492	0.01061	0.01259	0.01277	0.01406	0.01003	0.00836	0.01694	0.02181	0.02923	0.18076	0.16506	0.13233	0.28655	0.03179	0.00677	0.00777	0.02029	0.00906	0.00829
52	0.02892	0.03349	0.17574	0.02666	0.03594	0.08406	0.10114	0.06941	0.02883	0.11571	0.10866	0.03662	0.03187	0.01301	0.01103	0.00332	0.01302	0.01129	0.05661	0.01466
53	0.08968	0.16868	0.21936	0.02540	0.03607	0.13144	0.02635	0.11542	0.02861	0.03818	0.01885	0.02128	0.01451	0.01074	0.00932	0.00306	0.01445	0.00750	0.00605	0.01505
54	0.02139	0.02569	0.07595	0.02295	0.02899	0.11479	0.09839	0.02644	0.02606	0.03146	0.09326	0.10560	0.21210	0.02026	0.01233	0.00363	0.01155	0.04951	0.00815	0.01150
55	0.02505	0.01954	0.02336	0.01822	0.02574	0.01783	0.01457	0.03356	0.09989	0.08293	0.07398	0.03225	0.02767	0.01188	0.01169	0.00253	0.06013	0.00926	0.00815	0.40179
56	0.01903	0.01157	0.01429	0.01440	0.01742	0.01022	0.01048	0.02181	0.02455	0.11430	0.10849	0.31448	0.22191	0.02785	0.01303	0.00394	0.00645	0.02436	0.01080	0.01063
57	0.02477	0.01670	0.02325	0.02707	0.11673	0.01629	0.01862	0.03183	0.07070	0.12433	0.05582	0.08081	0.12310	0.02184	0.01289	0.00409	0.00958	0.19836	0.00992	0.01331
58	0.02537	0.02451	0.03525	0.13747	0.33164	0.07224	0.02732	0.03119	0.02472	0.03347	0.02926	0.03474	0.06397	0.01189	0.01063	0.00324	0.01246	0.01068	0.06525	0.01468
59	0.01754	0.01433	0.02084	0.24344	0.03920	0.01567	0.01770	0.02315	0.02553	0.03481	0.21674	0.06046	0.13137	0.01769	0.01159	0.00347	0.00895	0.01534	0.07135	0.01083
60	0.01497	0.01113	0.01393	0.01323	0.01600	0.01009	0.00992	0.01968	0.02977	0.04113	0.46425	0.08572	0.18329	0.02326	0.01286	0.00348	0.00521	0.02032	0.01166	0.01009
61	0.02297	0.04870	0.41890	0.03532	0.04998	0.02596	0.17398	0.03464	0.02379	0.03464	0.02028	0.02484	0.01459	0.01003	0.01107	0.00352	0.01676	0.00943	0.00486	0.01571
62	0.02685	0.07266	0.15007	0.19029	0.21823	0.02544	0.03101	0.03439	0.02417	0.09218	0.02220	0.02717	0.01668	0.01057	0.01048	0.00334	0.01354	0.00922	0.00595	0.01556
63	0.01289	0.01105	0.01105	0.01105	0.01473	0.00920	0.00828	0.01565	0.02485	0.02946	0.11046	0.10493	0.54437	0.02761	0.01289	0.00368	0.00552	0.02301	0.01013	0.00920
64	0.01328	0.00949	0.01265	0.01518	0.01581	0.00886	0.01012	0.01518	0.02088	0.02783	0.06010	0.60969	0.07212	0.03416	0.01392	0.00443	0.00633	0.03100	0.01012	0.00886
65	0.01558	0.01168	0.01752	0.01752	0.01947	0.01363	0.01363	0.01947	0.01752	0.02531	0.02921	0.04283	0.02726	0.08178	0.57360	0.01752	0.02921	0.01168	0.00584	0.00974
66	0.03651	0.01859	0.02515	0.02057	0.02529	0.01972	0.01649	0.03951	0.02468	0.32220	0.03385	0.03949	0.02579	0.11927	0.02529	0.00499	0.16649	0.01143	0.00997	0.01472
67	0.03632	0.02079	0.02471	0.02026	0.02783	0.02074	0.01621	0.05231	0.24931	0.27202	0.04091	0.03702	0.02852	0.01345	0.01069	0.00332	0.00885	0.01105	0.01163	0.09406
68	0.02644	0.23545	0.17569	0.02332	0.03315	0.03208	0.02375	0.04325	0.22492	0.03595	0.02799	0.02820	0.02165	0.01178	0.00951	0.00317	0.01161	0.00901	0.00722	0.01585
69	0.33044	0.02328	0.02346	0.01889	0.02667	0.02510	0.01559	0.18227	0.03169	0.18611	0.02569	0.02528	0.01776	0.01189	0.00909	0.00334	0.00973	0.00839	0.00975	0.01558
70	0.02846	0.03691	0.24740	0.04498	0.26480	0.02409	0.03339	0.03705	0.02513	0.11873	0.02374	0.02703	0.01745	0.01058	0.01065	0.00335	0.01363	0.00925	0.00638	0.01702

[dist]
# distance from previous block
# <min> <max>
0	1

[block]
# block no. 4 follows, 12 sequences, length 25
# corresponding to MSA columns:
# 341-365
name=unknown_E
#
# <colnr> <probs for GDERKNQSTAVLIFYWHMCP>
#	G	D	E	R	K	N	Q	S	T	A	V	L	I	F	Y	W	H	M	C	P
0	0.02925	0.43708	0.15357	0.02192	0.03251	0.03845	0.02319	0.09306	0.02597	0.03280	0.01741	0.01967	0.01453	0.01000	0.00815	0.00267	0.01258	0.00677	0.00543	0.01498
1	0.23801	0.01578	0.01716	0.01504	0.02010	0.01593	0.01191	0.03067	0.02701	0.14673	0.27614	0.05239	0.05888	0.01668	0.01054	0.00340	0.00701	0.01359	0.01062	0.01241
2	0.09051	0.09740	0.23749	0.09589	0.14310	0.05337	0.03045	0.03478	0.02364	0.06723	0.02022	0.02413	0.01525	0.01041	0.00983	0.00327	0.01387	0.00827	0.00561	0.01526
3	0.03408	0.21519	0.04141	0.14116	0.04094	0.02776	0.07403	0.03925	0.02572	0.21755	0.02679	0.02825	0.01905	0.01114	0.00988	0.00312	0.01214	0.00925	0.00796	0.01532
4	0.02001	0.01253	0.01386	0.01270	0.01732	0.01055	0.00981	0.02306	0.02611	0.13363	0.09712	0.09152	0.44207	0.02482	0.01251	0.00362	0.00627	0.02063	0.01079	0.01105
5	0.01470	0.01140	0.01368	0.01477	0.01764	0.01038	0.01180	0.01829	0.02488	0.03127	0.11431	0.16509	0.29940	0.02885	0.01374	0.00421	0.00714	0.17872	0.01021	0.00952
6	0.03511	0.01693	0.02441	0.13803	0.03561	0.01646	0.01843	0.03976	0.02728	0.32249	0.04184	0.11653	0.03397	0.01737	0.01177	0.00374	0.01009	0.06423	0.01089	0.01506
7	0.02267	0.11869	0.50503	0.02971	0.04508	0.02728	0.03791	0.03432	0.02293	0.03356	0.01908	0.02241	0.01383	0.01025	0.00999	0.00333	0.01562	0.00781	0.00461	0.01588
8	0.02921	0.01580	0.01780	0.01568	0.02065	0.01617	0.01229	0.04101	0.16118	0.16930	0.03978	0.03978	0.02915	0.01346	0.00938	0.00306	0.00707	0.01094	0.33412	0.01414
9	0.15426	0.02318	0.04122	0.03077	0.03868	0.02260	0.26800	0.03290	0.02316	0.09251	0.02530	0.03568	0.02101	0.12077	0.01927	0.00484	0.01405	0.01187	0.00683	0.01310
10	0.11078	0.02236	0.06387	0.08270	0.08508	0.02071	0.07323	0.03625	0.08130	0.13332	0.10805	0.04224	0.06541	0.01408	0.01099	0.00349	0.01060	0.01228	0.00884	0.01443
11	0.09498	0.03974	0.32754	0.03002	0.10082	0.02222	0.03017	0.03088	0.02371	0.03666	0.07983	0.03681	0.07538	0.01314	0.01051	0.00344	0.01274	0.01066	0.00622	0.01453
12	0.02417	0.06808	0.07565	0.01735	0.02282	0.01678	0.01482	0.02785	0.02097	0.11981	0.02993	0.04430	0.02732	0.21772	0.13563	0.00817	0.01436	0.01139	0.00729	0.09560
13	0.10103	0.08892	0.02852	0.02365	0.07864	0.07609	0.01729	0.04157	0.06825	0.23519	0.04090	0.03907	0.08706	0.01397	0.01023	0.00325	0.01033	0.01100	0.00964	0.01540
14	0.31653	0.02313	0.07542	0.02159	0.06809	0.02067	0.01737	0.03654	0.02440	0.17960	0.08946	0.03210	0.02786	0.01253	0.00932	0.00338	0.00939	0.00950	0.00886	0.01428
15	0.02915	0.02517	0.02807	0.20357	0.04385	0.09329	0.02174	0.04603	0.25043	0.09384	0.03283	0.03396	0.02421	0.01297	0.01086	0.00353	0.01196	0.01067	0.00868	0.01519
16	0.09496	0.02668	0.17421	0.02020	0.02723	0.01799	0.01985	0.03013	0.07371	0.06992	0.09119	0.16789	0.04183	0.07744	0.01560	0.00438	0.01012	0.01564	0.00833	0.01271
17	0.03081	0.09033	0.13149	0.02041	0.02818	0.01975	0.01958	0.03609	0.02405	0.22523	0.03148	0.03712	0.02440	0.09293	0.13259	0.00702	0.01519	0.01051	0.00841	0.01442
18	0.03533	0.02272	0.02769	0.02286	0.02946	0.07463	0.06475	0.07294	0.10212	0.24500	0.04071	0.14419	0.03368	0.01697	0.01162	0.00359	0.01074	0.01472	0.01075	0.01553
19	0.09457	0.03209	0.19633	0.02814	0.09765	0.02178	0.02501	0.07444	0.02731	0.13187	0.07663	0.03158	0.02596	0.01201	0.01023	0.00321	0.01152	0.00972	0.00793	0.08201
20	0.02388	0.02850	0.19360	0.02674	0.09447	0.01788	0.02359	0.03145	0.02766	0.11563	0.23702	0.04947	0.05258	0.01562	0.01153	0.00340	0.01023	0.01346	0.00904	0.01424
21	0.03164	0.12763	0.16832	0.02317	0.03295	0.02706	0.02321	0.14561	0.07290	0.12871	0.08389	0.03305	0.02848	0.01300	0.01038	0.00324	0.01152	0.01021	0.00885	0.01618
22	0.02625	0.03049	0.18955	0.02704	0.08411	0.02012	0.02407	0.08430	0.02683	0.10246	0.03175	0.14777	0.02883	0.01561	0.01094	0.00333	0.01126	0.01333	0.00792	0.11404
23	0.03069	0.08682	0.08368	0.02276	0.03133	0.02581	0.04406	0.14613	0.13578	0.10195	0.08005	0.03441	0.02955	0.01300	0.01048	0.00315	0.01059	0.01065	0.00932	0.08980
24	0.03676	0.08386	0.08669	0.01972	0.02944	0.01937	0.01811	0.04201	0.02705	0.30319	0.03117	0.02962	0.02127	0.01125	0.00971	0.00280	0.00994	0.00890	0.00971	0.19942

[dist]
# distance from previous block
# <min> <max>
2	136

# created by:
# /st0/software/busco_prod/Augustus/scripts/msa2prfl.pl ./align_prep/4086.fa
