[name]
unknown

[dist]
# distance from previous block
# <min> <max>
2	275

[block]
# block no. 0 follows, 14 sequences, length 90
# corresponding to MSA columns:
# 305-394
name=unknown_A
#
# <colnr> <probs for GDERKNQSTAVLIFYWHMCP>
#	G	D	E	R	K	N	Q	S	T	A	V	L	I	F	Y	W	H	M	C	P
0	0.07212	0.01159	0.01366	0.01411	0.01657	0.01138	0.01019	0.02183	0.05771	0.06631	0.13042	0.34543	0.09934	0.02453	0.01162	0.00368	0.00613	0.02157	0.05185	0.00995
1	0.01269	0.00908	0.01208	0.01416	0.01493	0.00846	0.00954	0.01477	0.02054	0.02762	0.10524	0.57992	0.07062	0.03109	0.01300	0.00408	0.00585	0.02817	0.00969	0.00846
2	0.01287	0.00961	0.01204	0.01364	0.01518	0.00878	0.00969	0.01529	0.02149	0.02793	0.10218	0.42741	0.18827	0.02964	0.01289	0.00398	0.00598	0.06488	0.00964	0.00859
3	0.01831	0.01096	0.01337	0.01339	0.01612	0.00974	0.00959	0.02057	0.02208	0.12068	0.06709	0.30211	0.22299	0.08440	0.01602	0.00432	0.00656	0.02215	0.00975	0.00979
4	0.01303	0.00947	0.01242	0.01458	0.01568	0.00885	0.01035	0.01531	0.02055	0.02697	0.06061	0.51104	0.11294	0.03105	0.01316	0.00418	0.00637	0.09539	0.00952	0.00852
5	0.01807	0.01144	0.01790	0.06543	0.07044	0.01213	0.01323	0.01694	0.01542	0.02102	0.01976	0.03203	0.01879	0.03877	0.13696	0.45770	0.01298	0.00933	0.00471	0.00694
6	0.01959	0.01389	0.02029	0.16700	0.07405	0.01470	0.01608	0.02287	0.01989	0.07788	0.03434	0.14301	0.03537	0.22297	0.02490	0.00576	0.01027	0.05999	0.00714	0.01000
7	0.02097	0.01476	0.01743	0.01603	0.01973	0.01529	0.01206	0.03300	0.20037	0.09003	0.25714	0.11051	0.06124	0.06717	0.01461	0.00392	0.00679	0.01619	0.01059	0.01218
8	0.01246	0.01027	0.01094	0.01106	0.01414	0.00876	0.00819	0.01526	0.02374	0.02923	0.15687	0.14516	0.46657	0.02594	0.01221	0.00350	0.00522	0.02197	0.00975	0.00876
9	0.02275	0.09207	0.30665	0.07942	0.13226	0.02560	0.03060	0.03542	0.11278	0.03321	0.02216	0.02513	0.01674	0.01031	0.00970	0.00318	0.01298	0.00847	0.00552	0.01506
10	0.02839	0.59322	0.05161	0.01834	0.02681	0.08949	0.01776	0.03163	0.02157	0.02423	0.01441	0.01664	0.01317	0.00894	0.00682	0.00223	0.01163	0.00559	0.00447	0.01306
11	0.02245	0.02245	0.03143	0.02694	0.02694	0.03143	0.02245	0.02470	0.01572	0.02470	0.01347	0.02245	0.01347	0.01796	0.03368	0.00449	0.62057	0.00898	0.00449	0.01123
12	0.02744	0.64552	0.05378	0.01756	0.02634	0.04061	0.01756	0.03073	0.02085	0.02414	0.01427	0.01646	0.01317	0.00878	0.00658	0.00219	0.01097	0.00549	0.00439	0.01317
13	0.02663	0.02294	0.02318	0.02033	0.02590	0.06239	0.01588	0.12405	0.35166	0.04484	0.12714	0.04134	0.03907	0.01465	0.01062	0.00332	0.00876	0.01208	0.01021	0.01502
14	0.01247	0.00907	0.01176	0.01392	0.01479	0.00837	0.00936	0.01433	0.02000	0.02634	0.06106	0.58202	0.11560	0.03157	0.01301	0.00410	0.00588	0.02846	0.00953	0.00837
15	0.01492	0.00995	0.01119	0.01119	0.01119	0.00995	0.00622	0.01492	0.01492	0.01990	0.03233	0.06716	0.03731	0.63935	0.05223	0.00995	0.00995	0.01492	0.00622	0.00622
16	0.01310	0.01018	0.01191	0.01201	0.01459	0.00899	0.00880	0.01640	0.02489	0.03253	0.27162	0.18120	0.30671	0.02515	0.01228	0.00350	0.00519	0.02177	0.01020	0.00899
17	0.01673	0.01053	0.01432	0.01596	0.01774	0.00994	0.01203	0.01955	0.02167	0.07865	0.05445	0.43091	0.06146	0.02928	0.01315	0.00423	0.00720	0.16289	0.00980	0.00949
18	0.04427	0.02030	0.02557	0.01961	0.02761	0.01930	0.01620	0.17368	0.03413	0.45206	0.03650	0.03234	0.02340	0.01261	0.01031	0.00315	0.00938	0.01005	0.01209	0.01746
19	0.02058	0.05308	0.58618	0.02925	0.04442	0.02383	0.03792	0.03250	0.02167	0.03250	0.01842	0.02167	0.01300	0.00975	0.00975	0.00325	0.01517	0.00758	0.00433	0.01517
20	0.11364	0.01774	0.01906	0.01692	0.02140	0.01906	0.01307	0.12737	0.11897	0.08140	0.03745	0.05228	0.06161	0.17645	0.02116	0.00515	0.00920	0.06717	0.00880	0.01212
21	0.02487	0.01278	0.01703	0.01467	0.01890	0.01146	0.01146	0.02943	0.02915	0.21886	0.39610	0.06296	0.07338	0.01826	0.01152	0.00321	0.00612	0.01585	0.01176	0.01224
22	0.02245	0.02245	0.03143	0.02694	0.02694	0.03143	0.02245	0.02470	0.01572	0.02470	0.01347	0.02245	0.01347	0.01796	0.03368	0.00449	0.62057	0.00898	0.00449	0.01123
23	0.01492	0.00995	0.01119	0.01119	0.01119	0.00995	0.00622	0.01492	0.01492	0.01990	0.03233	0.06716	0.03731	0.63935	0.05223	0.00995	0.00995	0.01492	0.00622	0.00622
24	0.01581	0.01176	0.01423	0.01426	0.01681	0.01125	0.01060	0.06632	0.02623	0.03501	0.22003	0.26646	0.17196	0.02539	0.01240	0.00367	0.00618	0.05175	0.01013	0.00975
25	0.71184	0.01985	0.01508	0.01350	0.01985	0.02302	0.01111	0.03017	0.01746	0.04604	0.01429	0.01667	0.01111	0.00953	0.00635	0.00318	0.00794	0.00556	0.00635	0.01111
26	0.01213	0.01040	0.01040	0.01040	0.01386	0.00866	0.00780	0.01473	0.02339	0.02772	0.10396	0.09876	0.57117	0.02599	0.01213	0.00347	0.00520	0.02166	0.00953	0.00866
27	0.65347	0.01964	0.01585	0.01391	0.02040	0.02233	0.01146	0.03191	0.01851	0.09307	0.01659	0.01827	0.01237	0.00980	0.00670	0.00318	0.00801	0.00597	0.00691	0.01167
28	0.01650	0.01044	0.01290	0.01272	0.01481	0.00971	0.00902	0.01963	0.02352	0.06909	0.24539	0.18546	0.11086	0.12746	0.01855	0.00450	0.00622	0.01900	0.07497	0.00923
29	0.01250	0.00893	0.01191	0.01429	0.01488	0.00834	0.00953	0.01429	0.01965	0.02620	0.05656	0.63265	0.06787	0.03215	0.01310	0.00417	0.00595	0.02917	0.00953	0.00834
30	0.20666	0.01713	0.02016	0.01660	0.02339	0.01636	0.01372	0.04041	0.02555	0.36775	0.03937	0.04117	0.06131	0.01406	0.00977	0.00332	0.00835	0.04961	0.01065	0.01465
31	0.01555	0.01048	0.01497	0.01497	0.01646	0.01174	0.01121	0.01789	0.01641	0.02404	0.02709	0.04099	0.02556	0.11006	0.42077	0.11035	0.02133	0.01088	0.07092	0.00831
32	0.02540	0.02438	0.04165	0.06299	0.57533	0.02438	0.03149	0.03149	0.02337	0.03353	0.01930	0.02540	0.01626	0.00914	0.01016	0.00305	0.01219	0.00914	0.00508	0.01626
33	0.01314	0.00963	0.01249	0.01454	0.01584	0.00898	0.01049	0.01555	0.02086	0.02719	0.06283	0.46882	0.13696	0.03063	0.01315	0.00416	0.00645	0.11021	0.00951	0.00857
34	0.01575	0.01449	0.02423	0.02067	0.02492	0.01344	0.14191	0.01988	0.02211	0.02851	0.06161	0.21514	0.22536	0.02738	0.05831	0.00475	0.01045	0.05301	0.00812	0.00997
35	0.09029	0.02207	0.03235	0.16296	0.20866	0.02390	0.05339	0.11134	0.06262	0.03935	0.07169	0.03059	0.02379	0.01131	0.01015	0.00322	0.01131	0.01002	0.00685	0.01416
36	0.02346	0.02902	0.13968	0.09356	0.30999	0.02546	0.06467	0.03019	0.02158	0.03121	0.01816	0.02453	0.01494	0.01081	0.01422	0.00339	0.11664	0.00903	0.00481	0.01465
37	0.02296	0.02190	0.03725	0.28625	0.37111	0.02374	0.03028	0.02936	0.02221	0.03057	0.01887	0.02619	0.01521	0.00960	0.01020	0.00320	0.01279	0.00913	0.00487	0.01429
38	0.03747	0.09147	0.03165	0.02345	0.03026	0.20024	0.01907	0.24807	0.03542	0.10996	0.02223	0.02314	0.01649	0.01188	0.01118	0.00297	0.05374	0.00821	0.00813	0.01497
39	0.02526	0.01193	0.01445	0.01275	0.01664	0.01109	0.00993	0.02984	0.02551	0.18609	0.16853	0.04689	0.04357	0.01440	0.00925	0.00281	0.00586	0.01200	0.34147	0.01173
40	0.25326	0.02082	0.02044	0.01737	0.02374	0.07313	0.01387	0.04004	0.06585	0.26752	0.03130	0.08021	0.02387	0.01329	0.00921	0.00324	0.00911	0.01020	0.00952	0.01401
41	0.64614	0.01887	0.01456	0.01312	0.01910	0.02175	0.01074	0.02957	0.01785	0.04530	0.01611	0.01872	0.01255	0.00976	0.00643	0.00310	0.00764	0.00594	0.07178	0.01097
42	0.01250	0.00893	0.01191	0.01429	0.01488	0.00834	0.00953	0.01429	0.01965	0.02620	0.05656	0.63265	0.06787	0.03215	0.01310	0.00417	0.00595	0.02917	0.00953	0.00834
43	0.03901	0.02874	0.03080	0.02361	0.03182	0.03182	0.01951	0.54111	0.04825	0.06468	0.02464	0.02464	0.01745	0.01232	0.01027	0.00308	0.01129	0.00924	0.01027	0.01745
44	0.01286	0.00918	0.01231	0.01469	0.01544	0.00864	0.01014	0.01490	0.02000	0.02659	0.05637	0.58734	0.06710	0.03182	0.01319	0.00422	0.00626	0.07100	0.00952	0.00843
45	0.02299	0.02379	0.04605	0.23086	0.19726	0.02453	0.24126	0.03038	0.02281	0.03092	0.01957	0.02697	0.01515	0.00929	0.01100	0.00334	0.01479	0.01037	0.00496	0.01370
46	0.03113	0.02483	0.02636	0.02202	0.02882	0.02814	0.01760	0.25687	0.34532	0.05197	0.03464	0.03261	0.02556	0.01326	0.01037	0.00331	0.00944	0.01062	0.01037	0.01675
47	0.02422	0.02768	0.06055	0.04325	0.05363	0.02595	0.53806	0.03287	0.02422	0.03287	0.02076	0.02768	0.01557	0.00865	0.01211	0.00346	0.01730	0.01211	0.00519	0.01384
48	0.01849	0.03450	0.30803	0.02610	0.03613	0.01916	0.11336	0.02665	0.02203	0.03073	0.03883	0.13884	0.11105	0.01594	0.01110	0.00348	0.01239	0.01425	0.00618	0.01275
49	0.01250	0.00893	0.01191	0.01429	0.01488	0.00834	0.00953	0.01429	0.01965	0.02620	0.05656	0.63265	0.06787	0.03215	0.01310	0.00417	0.00595	0.02917	0.00953	0.00834
50	0.02553	0.02204	0.02320	0.02088	0.02669	0.02553	0.01624	0.05453	0.55679	0.04293	0.04177	0.03829	0.03133	0.01392	0.01044	0.00348	0.00812	0.01160	0.01044	0.01624
51	0.09802	0.01765	0.02313	0.01789	0.02570	0.01570	0.01477	0.04846	0.02844	0.54056	0.03844	0.03350	0.02429	0.01245	0.01001	0.00318	0.00867	0.00995	0.01221	0.01697
52	0.14555	0.01692	0.01886	0.01698	0.02230	0.01752	0.01346	0.03783	0.16485	0.18341	0.04505	0.12202	0.08049	0.01739	0.01049	0.00353	0.00782	0.05200	0.01007	0.01347
53	0.01492	0.00995	0.01119	0.01119	0.01119	0.00995	0.00622	0.01492	0.01492	0.01990	0.03233	0.06716	0.03731	0.63935	0.05223	0.00995	0.00995	0.01492	0.00622	0.00622
54	0.01250	0.00893	0.01191	0.01429	0.01488	0.00834	0.00953	0.01429	0.01965	0.02620	0.05656	0.63265	0.06787	0.03215	0.01310	0.00417	0.00595	0.02917	0.00953	0.00834
55	0.15482	0.01520	0.01818	0.01544	0.02095	0.01446	0.01227	0.03553	0.02536	0.29577	0.11383	0.11142	0.03847	0.01566	0.00995	0.00324	0.00737	0.01291	0.06571	0.01344
56	0.01443	0.01118	0.01323	0.01259	0.01556	0.01034	0.00948	0.02005	0.06004	0.03691	0.38591	0.08144	0.24663	0.02217	0.01201	0.00332	0.00516	0.01913	0.01067	0.00976
57	0.01938	0.01824	0.03078	0.61468	0.07068	0.02280	0.02850	0.02622	0.02052	0.02622	0.01824	0.02736	0.01368	0.01026	0.01026	0.00342	0.01368	0.00912	0.00456	0.01140
58	0.01250	0.00893	0.01191	0.01429	0.01488	0.00834	0.00953	0.01429	0.01965	0.02620	0.05656	0.63265	0.06787	0.03215	0.01310	0.00417	0.00595	0.02917	0.00953	0.00834
59	0.01459	0.01044	0.01341	0.01341	0.01448	0.01109	0.00919	0.01637	0.01628	0.02221	0.03598	0.05813	0.07504	0.34806	0.28433	0.01225	0.01712	0.01377	0.00617	0.00768
60	0.01913	0.00956	0.00956	0.00956	0.01196	0.00956	0.00717	0.02391	0.02152	0.03826	0.03348	0.03826	0.02630	0.01196	0.00717	0.00239	0.00478	0.00956	0.69632	0.00956
61	0.03901	0.02874	0.03080	0.02361	0.03182	0.03182	0.01951	0.54111	0.04825	0.06468	0.02464	0.02464	0.01745	0.01232	0.01027	0.00308	0.01129	0.00924	0.01027	0.01745
62	0.01451	0.00978	0.01131	0.01172	0.01182	0.00967	0.00678	0.01482	0.01573	0.02097	0.03645	0.16331	0.04251	0.53610	0.04558	0.00897	0.00927	0.01735	0.00678	0.00658
63	0.01616	0.01156	0.01601	0.01778	0.02015	0.01141	0.01526	0.02091	0.02464	0.03266	0.15066	0.10845	0.06612	0.02697	0.01379	0.00445	0.00859	0.41515	0.00979	0.00949
64	0.01654	0.01181	0.01654	0.01890	0.02126	0.01181	0.01654	0.02126	0.02362	0.03071	0.05433	0.11576	0.05906	0.02835	0.01417	0.00472	0.00945	0.50626	0.00945	0.00945
65	0.02058	0.05308	0.58618	0.02925	0.04442	0.02383	0.03792	0.03250	0.02167	0.03250	0.01842	0.02167	0.01300	0.00975	0.00975	0.00325	0.01517	0.00758	0.00433	0.01517
66	0.01466	0.01100	0.01649	0.01649	0.01833	0.01283	0.01283	0.01833	0.01649	0.02382	0.02749	0.04032	0.02566	0.07697	0.59868	0.01649	0.02749	0.01100	0.00550	0.00916
67	0.02744	0.64552	0.05378	0.01756	0.02634	0.04061	0.01756	0.03073	0.02085	0.02414	0.01427	0.01646	0.01317	0.00878	0.00658	0.00219	0.01097	0.00549	0.00439	0.01317
68	0.01360	0.01001	0.01116	0.01116	0.01373	0.00873	0.00808	0.01438	0.02081	0.02517	0.08176	0.08135	0.42857	0.02848	0.01934	0.18333	0.00616	0.01837	0.00822	0.00758
69	0.02245	0.02245	0.03143	0.02694	0.02694	0.03143	0.02245	0.02470	0.01572	0.02470	0.01347	0.02245	0.01347	0.01796	0.03368	0.00449	0.62057	0.00898	0.00449	0.01123
70	0.02553	0.02204	0.02320	0.02088	0.02669	0.02553	0.01624	0.05453	0.55679	0.04293	0.04177	0.03829	0.03133	0.01392	0.01044	0.00348	0.00812	0.01160	0.01044	0.01624
71	0.01344	0.00989	0.01226	0.01277	0.01452	0.00907	0.00896	0.01638	0.02348	0.03162	0.26005	0.26945	0.16652	0.08433	0.01625	0.00423	0.00577	0.02239	0.00989	0.00871
72	0.01250	0.00893	0.01191	0.01429	0.01488	0.00834	0.00953	0.01429	0.01965	0.02620	0.05656	0.63265	0.06787	0.03215	0.01310	0.00417	0.00595	0.02917	0.00953	0.00834
73	0.02744	0.64552	0.05378	0.01756	0.02634	0.04061	0.01756	0.03073	0.02085	0.02414	0.01427	0.01646	0.01317	0.00878	0.00658	0.00219	0.01097	0.00549	0.00439	0.01317
74	0.15715	0.01372	0.01581	0.01462	0.01832	0.01346	0.01073	0.02783	0.02102	0.18983	0.03854	0.21878	0.03805	0.15348	0.01946	0.00494	0.00800	0.01609	0.00912	0.01106
75	0.01313	0.00938	0.01263	0.01501	0.01588	0.00888	0.01062	0.01538	0.02027	0.02690	0.05621	0.55175	0.06649	0.03156	0.01327	0.00425	0.00650	0.10384	0.00951	0.00851
76	0.02553	0.02204	0.02320	0.02088	0.02669	0.02553	0.01624	0.05453	0.55679	0.04293	0.04177	0.03829	0.03133	0.01392	0.01044	0.00348	0.00812	0.01160	0.01044	0.01624
77	0.01512	0.00960	0.01284	0.01460	0.01577	0.00886	0.00996	0.01708	0.02041	0.06962	0.05531	0.58598	0.06456	0.03063	0.01288	0.00409	0.00617	0.02770	0.00977	0.00905
78	0.02557	0.01268	0.01690	0.01569	0.01964	0.01137	0.01211	0.02895	0.02529	0.23517	0.13223	0.24498	0.08936	0.02249	0.01195	0.00366	0.00707	0.06188	0.01097	0.01205
79	0.04604	0.01746	0.02382	0.01826	0.02620	0.01508	0.01508	0.05001	0.02937	0.58244	0.04049	0.03493	0.02540	0.01270	0.01032	0.00318	0.00873	0.01032	0.01270	0.01746
80	0.02553	0.02204	0.02320	0.02088	0.02669	0.02553	0.01624	0.05453	0.55679	0.04293	0.04177	0.03829	0.03133	0.01392	0.01044	0.00348	0.00812	0.01160	0.01044	0.01624
81	0.19452	0.01378	0.01503	0.01424	0.01838	0.01368	0.01115	0.02545	0.02315	0.12224	0.13450	0.15674	0.13637	0.02019	0.01073	0.00354	0.00689	0.05907	0.00951	0.01085
82	0.19510	0.01364	0.01578	0.01447	0.01722	0.01445	0.01065	0.05563	0.01797	0.07209	0.01916	0.02741	0.01671	0.02577	0.02734	0.42562	0.00881	0.00820	0.00596	0.00800
83	0.01452	0.01049	0.01372	0.01291	0.01533	0.00968	0.00968	0.01937	0.02905	0.04115	0.56992	0.07666	0.09683	0.02098	0.01210	0.00323	0.00484	0.01856	0.01130	0.00968
84	0.01409	0.01014	0.01246	0.01240	0.01471	0.00926	0.00910	0.01800	0.02583	0.03589	0.35431	0.17002	0.17678	0.02308	0.01189	0.00336	0.00509	0.02021	0.06413	0.00926
85	0.02066	0.01445	0.01994	0.07425	0.06618	0.01559	0.01441	0.06738	0.02072	0.07188	0.02832	0.04461	0.02675	0.23186	0.22780	0.00994	0.01658	0.01171	0.00660	0.01039
86	0.02702	0.01734	0.01968	0.01767	0.02264	0.01846	0.01426	0.10037	0.19334	0.12046	0.03954	0.04929	0.03222	0.01551	0.01022	0.00333	0.00799	0.09473	0.18221	0.01374
87	0.01493	0.01066	0.01469	0.01706	0.01872	0.01042	0.01374	0.01848	0.02204	0.02891	0.05522	0.32212	0.06258	0.02987	0.01374	0.00450	0.00805	0.31579	0.00948	0.00900
88	0.02002	0.01869	0.03029	0.27402	0.13569	0.02059	0.07027	0.02842	0.08270	0.03007	0.03333	0.11515	0.06820	0.01454	0.01096	0.00347	0.01142	0.01337	0.00644	0.01235
89	0.31212	0.01807	0.01749	0.01574	0.02087	0.02001	0.01215	0.03574	0.16148	0.10159	0.02986	0.07283	0.02549	0.09824	0.01458	0.00424	0.00822	0.01057	0.00836	0.01234

[dist]
# distance from previous block
# <min> <max>
0	2

[block]
# block no. 1 follows, 14 sequences, length 8
# corresponding to MSA columns:
# 397-404
name=unknown_B
#
# <colnr> <probs for GDERKNQSTAVLIFYWHMCP>
#	G	D	E	R	K	N	Q	S	T	A	V	L	I	F	Y	W	H	M	C	P
0	0.02869	0.10461	0.07489	0.02246	0.03134	0.02516	0.07201	0.15044	0.10962	0.07858	0.02457	0.02565	0.01848	0.01040	0.00933	0.00270	0.01061	0.00859	0.00771	0.18415
1	0.01399	0.01003	0.01344	0.01477	0.01633	0.00949	0.01100	0.01738	0.02355	0.03204	0.22533	0.34445	0.07563	0.02770	0.01299	0.00397	0.00630	0.12252	0.01009	0.00901
2	0.02552	0.02159	0.03613	0.24418	0.34818	0.02288	0.02878	0.03164	0.02303	0.08819	0.02115	0.02705	0.01634	0.00989	0.01021	0.00319	0.01233	0.00926	0.00570	0.01475
3	0.07520	0.08485	0.11569	0.02655	0.07432	0.02527	0.05730	0.08558	0.07015	0.07799	0.05895	0.03386	0.02461	0.01342	0.01338	0.00341	0.09736	0.04104	0.00716	0.01392
4	0.03109	0.02771	0.02615	0.02243	0.02883	0.10834	0.01766	0.18782	0.34078	0.04645	0.03334	0.03169	0.02491	0.01300	0.01022	0.00325	0.01047	0.01024	0.00966	0.01596
5	0.01466	0.01100	0.01649	0.01649	0.01833	0.01283	0.01283	0.01833	0.01649	0.02382	0.02749	0.04032	0.02566	0.07697	0.59868	0.01649	0.02749	0.01100	0.00550	0.00916
6	0.02705	0.03631	0.12751	0.03729	0.04714	0.16122	0.34448	0.03474	0.02501	0.03098	0.01927	0.02466	0.01465	0.00926	0.01110	0.00324	0.01728	0.01017	0.00509	0.01357
7	0.03037	0.07386	0.07910	0.12972	0.14714	0.02352	0.02324	0.06822	0.10108	0.17905	0.02771	0.02898	0.01991	0.01115	0.00994	0.00316	0.01106	0.00938	0.00794	0.01548

[dist]
# distance from previous block
# <min> <max>
0	3

[block]
# block no. 2 follows, 14 sequences, length 57
# corresponding to MSA columns:
# 408-464
name=unknown_C
#
# <colnr> <probs for GDERKNQSTAVLIFYWHMCP>
#	G	D	E	R	K	N	Q	S	T	A	V	L	I	F	Y	W	H	M	C	P
0	0.08180	0.20073	0.25962	0.02477	0.03581	0.07255	0.07302	0.03199	0.02189	0.03096	0.01698	0.02016	0.01332	0.00926	0.00864	0.00280	0.01330	0.00708	0.00481	0.07052
1	0.01644	0.01523	0.02825	0.02402	0.02790	0.01425	0.18712	0.02053	0.02118	0.02844	0.04453	0.42937	0.05030	0.02425	0.01277	0.00393	0.00977	0.02344	0.00807	0.01019
2	0.02744	0.64552	0.05378	0.01756	0.02634	0.04061	0.01756	0.03073	0.02085	0.02414	0.01427	0.01646	0.01317	0.00878	0.00658	0.00219	0.01097	0.00549	0.00439	0.01317
3	0.06885	0.07588	0.02334	0.06103	0.02586	0.02082	0.01456	0.11443	0.11287	0.04079	0.16571	0.04693	0.10423	0.01527	0.01015	0.00305	0.00813	0.01251	0.00890	0.06671
4	0.01611	0.01315	0.01464	0.01467	0.01781	0.01327	0.01080	0.02588	0.16876	0.03255	0.11152	0.24329	0.23000	0.02415	0.01196	0.00366	0.00620	0.02094	0.00993	0.01072
5	0.07495	0.02676	0.03418	0.03509	0.17035	0.12513	0.10285	0.03093	0.02308	0.03175	0.02073	0.03041	0.01833	0.01150	0.01212	0.00307	0.06909	0.04935	0.00569	0.12462
6	0.01928	0.01471	0.01759	0.01570	0.01882	0.01491	0.01144	0.06514	0.06551	0.03115	0.08113	0.13946	0.03849	0.17751	0.02502	0.05676	0.05196	0.01436	0.00763	0.13344
7	0.02184	0.01192	0.01687	0.01592	0.01886	0.01194	0.01215	0.02468	0.02096	0.15565	0.08507	0.14770	0.03909	0.04537	0.25638	0.06639	0.01563	0.01462	0.00835	0.01061
8	0.01508	0.01179	0.01793	0.01672	0.01913	0.01211	0.05403	0.01801	0.01894	0.02578	0.07533	0.11779	0.11364	0.09419	0.28180	0.05980	0.01693	0.01530	0.00686	0.00886
9	0.01395	0.01047	0.01293	0.01231	0.01498	0.00944	0.00923	0.01826	0.02770	0.03796	0.45914	0.08191	0.20960	0.02217	0.01211	0.00328	0.00493	0.01930	0.01088	0.00944
10	0.01969	0.01106	0.01487	0.01520	0.01764	0.01012	0.01116	0.02259	0.02331	0.13781	0.13295	0.39084	0.06339	0.02632	0.01248	0.00387	0.00659	0.05928	0.01042	0.01042
11	0.16406	0.01311	0.01454	0.01338	0.01726	0.01285	0.01031	0.02406	0.02519	0.09989	0.29181	0.10224	0.13527	0.01915	0.01077	0.00331	0.00606	0.01610	0.01004	0.01062
12	0.02128	0.01824	0.02128	0.01520	0.02432	0.01368	0.01216	0.02584	0.02128	0.03344	0.01824	0.02128	0.01520	0.00760	0.00760	0.00152	0.00760	0.00608	0.00608	0.70208
13	0.01913	0.00956	0.00956	0.00956	0.01196	0.00956	0.00717	0.02391	0.02152	0.03826	0.03348	0.03826	0.02630	0.01196	0.00717	0.00239	0.00478	0.00956	0.69632	0.00956
14	0.02257	0.01265	0.01636	0.01555	0.01891	0.01194	0.01157	0.02816	0.07402	0.17013	0.17651	0.29290	0.06097	0.02289	0.01192	0.00363	0.00658	0.02026	0.01083	0.01167
15	0.01586	0.01022	0.01330	0.01390	0.01587	0.00932	0.00989	0.01878	0.02350	0.07704	0.20843	0.37712	0.11422	0.02677	0.01250	0.00375	0.00580	0.02390	0.01031	0.00952
16	0.01722	0.01058	0.01401	0.01497	0.01702	0.00994	0.01125	0.02049	0.02295	0.08178	0.13404	0.34326	0.06362	0.02629	0.01244	0.00390	0.00662	0.11702	0.06290	0.00970
17	0.04604	0.01746	0.02382	0.01826	0.02620	0.01508	0.01508	0.05001	0.02937	0.58244	0.04049	0.03493	0.02540	0.01270	0.01032	0.00318	0.00873	0.01032	0.01270	0.01746
18	0.01617	0.01068	0.01296	0.01270	0.01520	0.00963	0.00913	0.01909	0.02384	0.07712	0.22672	0.18480	0.20923	0.10527	0.01744	0.00436	0.00615	0.02029	0.00991	0.00934
19	0.01397	0.01050	0.01248	0.01236	0.01475	0.00958	0.00915	0.01731	0.02449	0.03243	0.28377	0.08624	0.24349	0.11774	0.01843	0.00447	0.00617	0.06413	0.00976	0.00879
20	0.04604	0.01746	0.02382	0.01826	0.02620	0.01508	0.01508	0.05001	0.02937	0.58244	0.04049	0.03493	0.02540	0.01270	0.01032	0.00318	0.00873	0.01032	0.01270	0.01746
21	0.02298	0.02280	0.03325	0.03335	0.12450	0.03018	0.02406	0.02591	0.01708	0.02627	0.01451	0.02298	0.01397	0.01639	0.02949	0.00423	0.51234	0.00901	0.00460	0.01212
22	0.02128	0.01824	0.02128	0.01520	0.02432	0.01368	0.01216	0.02584	0.02128	0.03344	0.01824	0.02128	0.01520	0.00760	0.00760	0.00152	0.00760	0.00608	0.00608	0.70208
23	0.07488	0.02379	0.02997	0.07578	0.07411	0.02638	0.06197	0.22014	0.16685	0.04660	0.02727	0.02931	0.02062	0.01680	0.05544	0.00428	0.01227	0.00995	0.00840	0.01519
24	0.02553	0.02204	0.02320	0.02088	0.02669	0.02553	0.01624	0.05453	0.55679	0.04293	0.04177	0.03829	0.03133	0.01392	0.01044	0.00348	0.00812	0.01160	0.01044	0.01624
25	0.02998	0.02590	0.03162	0.22178	0.08949	0.07028	0.02373	0.24884	0.03290	0.04314	0.02050	0.02496	0.01546	0.01172	0.01214	0.00327	0.06376	0.00897	0.00710	0.01443
26	0.02245	0.02245	0.03143	0.02694	0.02694	0.03143	0.02245	0.02470	0.01572	0.02470	0.01347	0.02245	0.01347	0.01796	0.03368	0.00449	0.62057	0.00898	0.00449	0.01123
27	0.02552	0.01511	0.01799	0.01595	0.01934	0.05376	0.01185	0.02630	0.01975	0.15747	0.02654	0.03601	0.02268	0.10096	0.12870	0.22463	0.01287	0.00989	0.00703	0.06764
28	0.01480	0.00991	0.01257	0.01288	0.01438	0.00977	0.00909	0.01637	0.01905	0.02620	0.09052	0.15110	0.13878	0.11702	0.13171	0.11963	0.01066	0.01654	0.07115	0.00787
29	0.01817	0.01175	0.01415	0.01312	0.01690	0.01013	0.00989	0.02151	0.02478	0.10794	0.19262	0.16913	0.25346	0.02257	0.01169	0.00334	0.00591	0.01942	0.01013	0.06339
30	0.02260	0.02298	0.01727	0.01658	0.01841	0.20778	0.01108	0.02364	0.02008	0.02218	0.02882	0.09818	0.03176	0.37683	0.03449	0.00701	0.01249	0.01332	0.00618	0.00831
31	0.01978	0.01865	0.03151	0.57775	0.10446	0.02291	0.02870	0.02657	0.02071	0.02671	0.01831	0.02723	0.01385	0.01019	0.01025	0.00340	0.01358	0.00912	0.00459	0.01172
32	0.01326	0.01022	0.01211	0.01209	0.01467	0.00907	0.00890	0.01674	0.02538	0.03353	0.30612	0.16669	0.28495	0.02464	0.01226	0.00346	0.00515	0.02136	0.01032	0.00907
33	0.01617	0.01022	0.01341	0.01475	0.01608	0.00968	0.01043	0.01826	0.02017	0.06935	0.05065	0.40706	0.05778	0.13807	0.02001	0.00520	0.00741	0.09730	0.00917	0.00884
34	0.01783	0.00891	0.01337	0.01337	0.01337	0.00891	0.00891	0.01337	0.01337	0.01783	0.01783	0.03119	0.01783	0.03565	0.04011	0.70143	0.00891	0.00891	0.00446	0.00446
35	0.04604	0.01746	0.02382	0.01826	0.02620	0.01508	0.01508	0.05001	0.02937	0.58244	0.04049	0.03493	0.02540	0.01270	0.01032	0.00318	0.00873	0.01032	0.01270	0.01746
36	0.02186	0.01317	0.01560	0.01438	0.01695	0.01320	0.00993	0.02775	0.10606	0.12466	0.07865	0.10498	0.04139	0.33019	0.03178	0.00672	0.00871	0.01505	0.00870	0.01025
37	0.01913	0.00956	0.00956	0.00956	0.01196	0.00956	0.00717	0.02391	0.02152	0.03826	0.03348	0.03826	0.02630	0.01196	0.00717	0.00239	0.00478	0.00956	0.69632	0.00956
38	0.01452	0.01049	0.01372	0.01291	0.01533	0.00968	0.00968	0.01937	0.02905	0.04115	0.56992	0.07666	0.09683	0.02098	0.01210	0.00323	0.00484	0.01856	0.01130	0.00968
39	0.01468	0.01091	0.01605	0.01605	0.01773	0.01259	0.01228	0.01804	0.01636	0.02350	0.02789	0.04255	0.02663	0.12385	0.55313	0.01595	0.02603	0.01132	0.00556	0.00892
40	0.01261	0.00932	0.01179	0.01349	0.01474	0.00851	0.00924	0.01479	0.02109	0.02772	0.10792	0.49219	0.15878	0.03013	0.01284	0.00397	0.00573	0.02696	0.00968	0.00851
41	0.02058	0.05308	0.58618	0.02925	0.04442	0.02383	0.03792	0.03250	0.02167	0.03250	0.01842	0.02167	0.01300	0.00975	0.00975	0.00325	0.01517	0.00758	0.00433	0.01517
42	0.04604	0.01746	0.02382	0.01826	0.02620	0.01508	0.01508	0.05001	0.02937	0.58244	0.04049	0.03493	0.02540	0.01270	0.01032	0.00318	0.00873	0.01032	0.01270	0.01746
43	0.01392	0.01047	0.01287	0.01227	0.01496	0.00942	0.00920	0.01819	0.02761	0.03774	0.45149	0.08227	0.21739	0.02225	0.01211	0.00329	0.00493	0.01935	0.01085	0.00942
44	0.03901	0.02874	0.03080	0.02361	0.03182	0.03182	0.01951	0.54111	0.04825	0.06468	0.02464	0.02464	0.01745	0.01232	0.01027	0.00308	0.01129	0.00924	0.01027	0.01745
45	0.01452	0.01049	0.01372	0.01291	0.01533	0.00968	0.00968	0.01937	0.02905	0.04115	0.56992	0.07666	0.09683	0.02098	0.01210	0.00323	0.00484	0.01856	0.01130	0.00968
46	0.01310	0.00926	0.01206	0.01384	0.01440	0.00893	0.00910	0.01467	0.01854	0.02484	0.05008	0.48687	0.05935	0.15124	0.05768	0.00606	0.00808	0.02529	0.00864	0.00798
47	0.02128	0.01824	0.02128	0.01520	0.02432	0.01368	0.01216	0.02584	0.02128	0.03344	0.01824	0.02128	0.01520	0.00760	0.00760	0.00152	0.00760	0.00608	0.00608	0.70208
48	0.02422	0.02768	0.06055	0.04325	0.05363	0.02595	0.53806	0.03287	0.02422	0.03287	0.02076	0.02768	0.01557	0.00865	0.01211	0.00346	0.01730	0.01211	0.00519	0.01384
49	0.01250	0.00893	0.01191	0.01429	0.01488	0.00834	0.00953	0.01429	0.01965	0.02620	0.05656	0.63265	0.06787	0.03215	0.01310	0.00417	0.00595	0.02917	0.00953	0.00834
50	0.02016	0.01977	0.03559	0.52227	0.06792	0.02331	0.11091	0.02730	0.02112	0.02730	0.01865	0.02741	0.01399	0.01000	0.01056	0.00343	0.01427	0.00960	0.00466	0.01179
51	0.01600	0.01144	0.01588	0.01798	0.02018	0.01132	0.01532	0.02046	0.02370	0.03115	0.09702	0.16032	0.06299	0.02809	0.01390	0.00455	0.00875	0.42197	0.00961	0.00937
52	0.01654	0.01181	0.01654	0.01890	0.02126	0.01181	0.01654	0.02126	0.02362	0.03071	0.05433	0.11576	0.05906	0.02835	0.01417	0.00472	0.00945	0.50626	0.00945	0.00945
53	0.02422	0.02768	0.06055	0.04325	0.05363	0.02595	0.53806	0.03287	0.02422	0.03287	0.02076	0.02768	0.01557	0.00865	0.01211	0.00346	0.01730	0.01211	0.00519	0.01384
54	0.02708	0.02619	0.03901	0.09639	0.45266	0.06900	0.02940	0.07384	0.02565	0.03492	0.01940	0.02495	0.01594	0.00960	0.01011	0.00305	0.01271	0.00895	0.00549	0.01567
55	0.04259	0.01769	0.02342	0.01818	0.02563	0.01587	0.01492	0.08494	0.03079	0.49259	0.08821	0.03799	0.03139	0.01344	0.01048	0.00317	0.00857	0.01100	0.01238	0.01674
56	0.02399	0.02295	0.03912	0.19167	0.45763	0.02401	0.03080	0.03026	0.02270	0.03182	0.01906	0.02586	0.01565	0.00940	0.01018	0.00313	0.01254	0.00914	0.00496	0.01512

[dist]
# distance from previous block
# <min> <max>
0	30

[block]
# block no. 3 follows, 14 sequences, length 81
# corresponding to MSA columns:
# 495-575
name=unknown_D
#
# <colnr> <probs for GDERKNQSTAVLIFYWHMCP>
#	G	D	E	R	K	N	Q	S	T	A	V	L	I	F	Y	W	H	M	C	P
0	0.01551	0.01153	0.01457	0.01363	0.01635	0.01111	0.01027	0.02253	0.07647	0.04131	0.52246	0.07321	0.09094	0.02035	0.01195	0.00325	0.00514	0.01793	0.01122	0.01027
1	0.01452	0.01049	0.01372	0.01291	0.01533	0.00968	0.00968	0.01937	0.02905	0.04115	0.56992	0.07666	0.09683	0.02098	0.01210	0.00323	0.00484	0.01856	0.01130	0.00968
2	0.02058	0.05308	0.58618	0.02925	0.04442	0.02383	0.03792	0.03250	0.02167	0.03250	0.01842	0.02167	0.01300	0.00975	0.00975	0.00325	0.01517	0.00758	0.00433	0.01517
3	0.02205	0.02107	0.03517	0.34213	0.26775	0.02421	0.02915	0.02818	0.02122	0.02899	0.01823	0.02614	0.01469	0.01051	0.01232	0.00337	0.06762	0.00912	0.00476	0.01332
4	0.01517	0.00986	0.01138	0.01138	0.01138	0.00986	0.00645	0.01479	0.01479	0.01972	0.03109	0.06406	0.03563	0.58738	0.05119	0.06947	0.00986	0.01441	0.00607	0.00607
5	0.02553	0.02204	0.02320	0.02088	0.02669	0.02553	0.01624	0.05453	0.55679	0.04293	0.04177	0.03829	0.03133	0.01392	0.01044	0.00348	0.00812	0.01160	0.01044	0.01624
6	0.04604	0.01746	0.02382	0.01826	0.02620	0.01508	0.01508	0.05001	0.02937	0.58244	0.04049	0.03493	0.02540	0.01270	0.01032	0.00318	0.00873	0.01032	0.01270	0.01746
7	0.02815	0.03194	0.03059	0.02676	0.02866	0.23458	0.02151	0.03053	0.02051	0.02485	0.01433	0.02104	0.01338	0.01531	0.02492	0.00383	0.40475	0.00813	0.00478	0.01147
8	0.01466	0.01100	0.01649	0.01649	0.01833	0.01283	0.01283	0.01833	0.01649	0.02382	0.02749	0.04032	0.02566	0.07697	0.59868	0.01649	0.02749	0.01100	0.00550	0.00916
9	0.01452	0.01049	0.01372	0.01291	0.01533	0.00968	0.00968	0.01937	0.02905	0.04115	0.56992	0.07666	0.09683	0.02098	0.01210	0.00323	0.00484	0.01856	0.01130	0.00968
10	0.01492	0.00995	0.01119	0.01119	0.01119	0.00995	0.00622	0.01492	0.01492	0.01990	0.03233	0.06716	0.03731	0.63935	0.05223	0.00995	0.00995	0.01492	0.00622	0.00622
11	0.03889	0.01677	0.02184	0.01745	0.02410	0.01526	0.01413	0.08569	0.02969	0.42124	0.07531	0.08235	0.03278	0.01464	0.01042	0.00319	0.00820	0.01215	0.06020	0.01570
12	0.01250	0.00893	0.01191	0.01429	0.01488	0.00834	0.00953	0.01429	0.01965	0.02620	0.05656	0.63265	0.06787	0.03215	0.01310	0.00417	0.00595	0.02917	0.00953	0.00834
13	0.71184	0.01985	0.01508	0.01350	0.01985	0.02302	0.01111	0.03017	0.01746	0.04604	0.01429	0.01667	0.01111	0.00953	0.00635	0.00318	0.00794	0.00556	0.00635	0.01111
14	0.01569	0.01019	0.01351	0.01396	0.01586	0.00938	0.00998	0.01895	0.02440	0.07094	0.27837	0.35013	0.07753	0.02596	0.01248	0.00369	0.00566	0.02327	0.01051	0.00955
15	0.04153	0.02470	0.02829	0.02169	0.02981	0.02582	0.01792	0.36507	0.04148	0.25028	0.03032	0.02833	0.02030	0.01246	0.01029	0.00311	0.01037	0.00963	0.01114	0.01746
16	0.01938	0.01824	0.03078	0.61468	0.07068	0.02280	0.02850	0.02622	0.02052	0.02622	0.01824	0.02736	0.01368	0.01026	0.01026	0.00342	0.01368	0.00912	0.00456	0.01140
17	0.01492	0.00995	0.01119	0.01119	0.01119	0.00995	0.00622	0.01492	0.01492	0.01990	0.03233	0.06716	0.03731	0.63935	0.05223	0.00995	0.00995	0.01492	0.00622	0.00622
18	0.01274	0.00955	0.01132	0.01258	0.01402	0.00868	0.00849	0.01452	0.02017	0.02577	0.06831	0.37787	0.22575	0.11883	0.01850	0.00479	0.00629	0.02467	0.00904	0.00813
19	0.03901	0.02874	0.03080	0.02361	0.03182	0.03182	0.01951	0.54111	0.04825	0.06468	0.02464	0.02464	0.01745	0.01232	0.01027	0.00308	0.01129	0.00924	0.01027	0.01745
20	0.01913	0.00956	0.00956	0.00956	0.01196	0.00956	0.00717	0.02391	0.02152	0.03826	0.03348	0.03826	0.02630	0.01196	0.00717	0.00239	0.00478	0.00956	0.69632	0.00956
21	0.04604	0.01746	0.02382	0.01826	0.02620	0.01508	0.01508	0.05001	0.02937	0.58244	0.04049	0.03493	0.02540	0.01270	0.01032	0.00318	0.00873	0.01032	0.01270	0.01746
22	0.02245	0.02245	0.03143	0.02694	0.02694	0.03143	0.02245	0.02470	0.01572	0.02470	0.01347	0.02245	0.01347	0.01796	0.03368	0.00449	0.62057	0.00898	0.00449	0.01123
23	0.01783	0.00891	0.01337	0.01337	0.01337	0.00891	0.00891	0.01337	0.01337	0.01783	0.01783	0.03119	0.01783	0.03565	0.04011	0.70143	0.00891	0.00891	0.00446	0.00446
24	0.01283	0.01042	0.01137	0.01113	0.01429	0.00896	0.00835	0.01609	0.02505	0.03166	0.24061	0.09228	0.43206	0.02452	0.01212	0.00340	0.00509	0.02075	0.01005	0.00896
25	0.01250	0.00893	0.01191	0.01429	0.01488	0.00834	0.00953	0.01429	0.01965	0.02620	0.05656	0.63265	0.06787	0.03215	0.01310	0.00417	0.00595	0.02917	0.00953	0.00834
26	0.02422	0.02768	0.06055	0.04325	0.05363	0.02595	0.53806	0.03287	0.02422	0.03287	0.02076	0.02768	0.01557	0.00865	0.01211	0.00346	0.01730	0.01211	0.00519	0.01384
27	0.01302	0.01033	0.01177	0.01218	0.01494	0.00909	0.00917	0.01610	0.02391	0.03022	0.17777	0.17269	0.36651	0.02617	0.01245	0.00364	0.00562	0.06571	0.00984	0.00887
28	0.01334	0.00940	0.01154	0.01290	0.01349	0.00894	0.00821	0.01455	0.01823	0.02405	0.05133	0.39102	0.09361	0.24936	0.02706	0.00619	0.00733	0.02352	0.00834	0.00760
29	0.02573	0.49817	0.18619	0.02047	0.03083	0.03643	0.02262	0.03117	0.02105	0.02622	0.01530	0.01776	0.01313	0.00902	0.00737	0.00246	0.01202	0.00601	0.00438	0.01367
30	0.63812	0.02069	0.01996	0.01669	0.02347	0.02334	0.06761	0.03046	0.01819	0.04463	0.01498	0.01785	0.01159	0.00943	0.00697	0.00321	0.00894	0.00626	0.00623	0.01141
31	0.02998	0.23313	0.04488	0.03320	0.13307	0.21292	0.11240	0.03452	0.02453	0.02770	0.01684	0.02072	0.01417	0.00940	0.00906	0.00272	0.01471	0.00768	0.00494	0.01344
32	0.03040	0.02538	0.03540	0.12573	0.26795	0.02736	0.02589	0.25057	0.03369	0.04591	0.02145	0.02535	0.01640	0.01067	0.01022	0.00312	0.01202	0.00918	0.00724	0.01607
33	0.01467	0.01088	0.01590	0.01583	0.01758	0.01238	0.01211	0.01816	0.01733	0.02485	0.06893	0.04502	0.03190	0.11372	0.51441	0.01501	0.02449	0.01185	0.00599	0.00899
34	0.01250	0.00893	0.01191	0.01429	0.01488	0.00834	0.00953	0.01429	0.01965	0.02620	0.05656	0.63265	0.06787	0.03215	0.01310	0.00417	0.00595	0.02917	0.00953	0.00834
35	0.01977	0.01568	0.02576	0.02473	0.07183	0.01545	0.10917	0.06680	0.02211	0.02976	0.03411	0.22601	0.03619	0.02468	0.01923	0.17795	0.01005	0.05363	0.00715	0.00996
36	0.02590	0.02535	0.04229	0.03217	0.04043	0.02621	0.27505	0.08066	0.25438	0.03959	0.03006	0.03200	0.02247	0.01119	0.01126	0.00344	0.01291	0.01168	0.00783	0.01514
37	0.04604	0.01746	0.02382	0.01826	0.02620	0.01508	0.01508	0.05001	0.02937	0.58244	0.04049	0.03493	0.02540	0.01270	0.01032	0.00318	0.00873	0.01032	0.01270	0.01746
38	0.01268	0.00907	0.01207	0.01417	0.01492	0.00846	0.00954	0.01475	0.02049	0.02754	0.10269	0.58269	0.07048	0.03115	0.01301	0.00408	0.00585	0.02822	0.00969	0.00846
39	0.65276	0.02004	0.01578	0.01413	0.02043	0.02324	0.01156	0.03226	0.06389	0.04577	0.01665	0.01853	0.01285	0.00990	0.00670	0.00320	0.00795	0.00608	0.00670	0.01156
40	0.03290	0.02535	0.02966	0.08907	0.07533	0.02814	0.02041	0.36942	0.08521	0.05369	0.02722	0.06797	0.02162	0.01336	0.01047	0.00322	0.01098	0.01079	0.00923	0.01598
41	0.71184	0.01985	0.01508	0.01350	0.01985	0.02302	0.01111	0.03017	0.01746	0.04604	0.01429	0.01667	0.01111	0.00953	0.00635	0.00318	0.00794	0.00556	0.00635	0.01111
42	0.01236	0.00949	0.01133	0.01280	0.01449	0.00846	0.00887	0.01446	0.02108	0.02678	0.07465	0.42893	0.25992	0.02980	0.01273	0.00390	0.00567	0.02631	0.00953	0.00846
43	0.01783	0.00891	0.01337	0.01337	0.01337	0.00891	0.00891	0.01337	0.01337	0.01783	0.01783	0.03119	0.01783	0.03565	0.04011	0.70143	0.00891	0.00891	0.00446	0.00446
44	0.02128	0.01824	0.02128	0.01520	0.02432	0.01368	0.01216	0.02584	0.02128	0.03344	0.01824	0.02128	0.01520	0.00760	0.00760	0.00152	0.00760	0.00608	0.00608	0.70208
45	0.01408	0.01043	0.01321	0.01317	0.01556	0.00955	0.00996	0.01820	0.02658	0.03631	0.38866	0.14357	0.17166	0.02370	0.01240	0.00350	0.00544	0.06405	0.01064	0.00934
46	0.01654	0.01181	0.01654	0.01890	0.02126	0.01181	0.01654	0.02126	0.02362	0.03071	0.05433	0.11576	0.05906	0.02835	0.01417	0.00472	0.00945	0.50626	0.00945	0.00945
47	0.01452	0.01049	0.01372	0.01291	0.01533	0.00968	0.00968	0.01937	0.02905	0.04115	0.56992	0.07666	0.09683	0.02098	0.01210	0.00323	0.00484	0.01856	0.01130	0.00968
48	0.01246	0.00909	0.01175	0.01387	0.01477	0.00837	0.00934	0.01434	0.02005	0.02636	0.06164	0.57541	0.12183	0.03149	0.01299	0.00409	0.00587	0.02837	0.00953	0.00837
49	0.01737	0.01070	0.01419	0.01404	0.01641	0.00979	0.01024	0.02096	0.02554	0.09745	0.31552	0.28179	0.07772	0.02425	0.01228	0.00358	0.00571	0.02162	0.01079	0.01006
50	0.03901	0.02874	0.03080	0.02361	0.03182	0.03182	0.01951	0.54111	0.04825	0.06468	0.02464	0.02464	0.01745	0.01232	0.01027	0.00308	0.01129	0.00924	0.01027	0.01745
51	0.02058	0.05308	0.58618	0.02925	0.04442	0.02383	0.03792	0.03250	0.02167	0.03250	0.01842	0.02167	0.01300	0.00975	0.00975	0.00325	0.01517	0.00758	0.00433	0.01517
52	0.01384	0.01060	0.01277	0.01261	0.01542	0.00953	0.00971	0.01783	0.02635	0.03500	0.34002	0.08913	0.27055	0.02365	0.01233	0.00348	0.00547	0.07201	0.01044	0.00928
53	0.01452	0.01049	0.01372	0.01291	0.01533	0.00968	0.00968	0.01937	0.02905	0.04115	0.56992	0.07666	0.09683	0.02098	0.01210	0.00323	0.00484	0.01856	0.01130	0.00968
54	0.02422	0.02768	0.06055	0.04325	0.05363	0.02595	0.53806	0.03287	0.02422	0.03287	0.02076	0.02768	0.01557	0.00865	0.01211	0.00346	0.01730	0.01211	0.00519	0.01384
55	0.02553	0.02204	0.02320	0.02088	0.02669	0.02553	0.01624	0.05453	0.55679	0.04293	0.04177	0.03829	0.03133	0.01392	0.01044	0.00348	0.00812	0.01160	0.01044	0.01624
56	0.14211	0.01179	0.01208	0.01173	0.01306	0.01232	0.00736	0.01802	0.01638	0.02616	0.06682	0.05861	0.03671	0.48093	0.04104	0.00824	0.00922	0.01347	0.00660	0.00736
57	0.01243	0.01041	0.01081	0.01071	0.01405	0.00879	0.00803	0.01531	0.02410	0.02941	0.16244	0.09599	0.51164	0.02536	0.01213	0.00344	0.00515	0.02127	0.00975	0.00879
58	0.01250	0.00893	0.01191	0.01429	0.01488	0.00834	0.00953	0.01429	0.01965	0.02620	0.05656	0.63265	0.06787	0.03215	0.01310	0.00417	0.00595	0.02917	0.00953	0.00834
59	0.04463	0.01778	0.02377	0.01844	0.02623	0.01580	0.01516	0.05032	0.06564	0.54534	0.04057	0.03516	0.02581	0.01279	0.01033	0.00320	0.00869	0.01041	0.01255	0.01738
60	0.02744	0.64552	0.05378	0.01756	0.02634	0.04061	0.01756	0.03073	0.02085	0.02414	0.01427	0.01646	0.01317	0.00878	0.00658	0.00219	0.01097	0.00549	0.00439	0.01317
61	0.01492	0.00995	0.01119	0.01119	0.01119	0.00995	0.00622	0.01492	0.01492	0.01990	0.03233	0.06716	0.03731	0.63935	0.05223	0.00995	0.00995	0.01492	0.00622	0.00622
62	0.01913	0.00956	0.00956	0.00956	0.01196	0.00956	0.00717	0.02391	0.02152	0.03826	0.03348	0.03826	0.02630	0.01196	0.00717	0.00239	0.00478	0.00956	0.69632	0.00956
63	0.01475	0.01065	0.01475	0.01475	0.01599	0.01188	0.01066	0.01721	0.01598	0.02254	0.02908	0.04912	0.02948	0.26146	0.41941	0.01435	0.02173	0.01228	0.00573	0.00820
64	0.01470	0.01083	0.01565	0.01565	0.01719	0.01237	0.01178	0.01778	0.01624	0.02320	0.02826	0.04458	0.02751	0.16637	0.51181	0.01545	0.02470	0.01162	0.00561	0.00869
65	0.01469	0.01088	0.01592	0.01592	0.01756	0.01252	0.01212	0.01796	0.01632	0.02340	0.02801	0.04319	0.02690	0.13726	0.54010	0.01579	0.02561	0.01142	0.00557	0.00885
66	0.01417	0.01038	0.01330	0.01278	0.01517	0.00950	0.00950	0.01861	0.02791	0.03894	0.49367	0.11588	0.13751	0.02218	0.01217	0.00331	0.00495	0.01955	0.01102	0.00950
67	0.02078	0.01884	0.03099	0.04553	0.37443	0.01863	0.02362	0.02533	0.02203	0.03090	0.03266	0.24308	0.03476	0.01739	0.01121	0.00345	0.00996	0.01632	0.00667	0.01342
68	0.03901	0.02874	0.03080	0.02361	0.03182	0.03182	0.01951	0.54111	0.04825	0.06468	0.02464	0.02464	0.01745	0.01232	0.01027	0.00308	0.01129	0.00924	0.01027	0.01745
69	0.01450	0.01051	0.01467	0.01492	0.01616	0.01162	0.01081	0.01704	0.01644	0.02309	0.03182	0.11056	0.03311	0.21347	0.39860	0.01353	0.02077	0.01393	0.00611	0.00833
70	0.04482	0.01943	0.02503	0.01919	0.02718	0.01800	0.01585	0.13555	0.03266	0.49225	0.03773	0.03314	0.02402	0.01263	0.01031	0.00316	0.00918	0.01013	0.01228	0.01746
71	0.02232	0.18494	0.36347	0.09035	0.04373	0.02777	0.06986	0.03144	0.02155	0.02991	0.01761	0.02152	0.01331	0.00950	0.00925	0.00304	0.01419	0.00760	0.00444	0.01420
72	0.71184	0.01985	0.01508	0.01350	0.01985	0.02302	0.01111	0.03017	0.01746	0.04604	0.01429	0.01667	0.01111	0.00953	0.00635	0.00318	0.00794	0.00556	0.00635	0.01111
73	0.08948	0.13791	0.03063	0.02056	0.02776	0.03018	0.01714	0.21144	0.24181	0.04707	0.02863	0.02786	0.02161	0.01207	0.00933	0.00309	0.00969	0.00917	0.00893	0.01565
74	0.46566	0.01885	0.01902	0.07189	0.07178	0.02112	0.01420	0.02979	0.01887	0.08079	0.01898	0.02517	0.01567	0.07732	0.01225	0.00391	0.00910	0.00755	0.00654	0.01154
75	0.01815	0.01747	0.01552	0.01462	0.01788	0.11679	0.01097	0.02192	0.02735	0.03419	0.32871	0.07269	0.22416	0.02059	0.01159	0.00319	0.00744	0.01731	0.00967	0.00978
76	0.01361	0.01035	0.01252	0.01220	0.01483	0.00926	0.00906	0.01751	0.02656	0.03577	0.38355	0.12286	0.24779	0.02338	0.01218	0.00337	0.00503	0.02030	0.01060	0.00926
77	0.02126	0.02032	0.03023	0.31718	0.04856	0.02653	0.02478	0.02865	0.07610	0.02741	0.01886	0.02658	0.01549	0.01372	0.01960	0.00385	0.25455	0.00933	0.00516	0.01185
78	0.01250	0.00893	0.01191	0.01429	0.01488	0.00834	0.00953	0.01429	0.01965	0.02620	0.05656	0.63265	0.06787	0.03215	0.01310	0.00417	0.00595	0.02917	0.00953	0.00834
79	0.02309	0.01818	0.02146	0.01542	0.02446	0.01378	0.01237	0.02760	0.02187	0.07346	0.01986	0.02227	0.01594	0.00797	0.00780	0.00164	0.00768	0.00639	0.00656	0.65217
80	0.03652	0.01605	0.02122	0.01711	0.02349	0.01451	0.01381	0.04261	0.06924	0.40473	0.17443	0.04573	0.04391	0.01489	0.01078	0.00321	0.00770	0.01250	0.01218	0.01540

[dist]
# distance from previous block
# <min> <max>
0	248

# created by:
# /st0/software/busco_prod/Augustus/scripts/msa2prfl.pl ./align_prep/4088.fa
