[name]
unknown

[dist]
# distance from previous block
# <min> <max>
0	217

[block]
# block no. 0 follows, 10 sequences, length 35
# corresponding to MSA columns:
# 228-262
name=unknown_A
#
# <colnr> <probs for GDERKNQSTAVLIFYWHMCP>
#	G	D	E	R	K	N	Q	S	T	A	V	L	I	F	Y	W	H	M	C	P
0	0.13121	0.01746	0.02003	0.09231	0.02982	0.01922	0.01603	0.03194	0.12921	0.03838	0.05368	0.19198	0.10956	0.02276	0.01236	0.00417	0.00904	0.04860	0.00964	0.01261
1	0.02542	0.09828	0.02645	0.01882	0.02457	0.02339	0.01519	0.12656	0.10189	0.04483	0.13576	0.11711	0.15337	0.02122	0.01226	0.00368	0.00878	0.01764	0.01068	0.01408
2	0.11789	0.18935	0.07238	0.01930	0.02948	0.02674	0.01794	0.03504	0.02440	0.08897	0.02148	0.02352	0.01698	0.01010	0.00860	0.00255	0.01055	0.00726	0.00704	0.27046
3	0.03279	0.09671	0.30628	0.02876	0.04237	0.02934	0.03256	0.13855	0.03245	0.11361	0.02557	0.02691	0.01787	0.01208	0.01095	0.00352	0.01475	0.00924	0.00777	0.01793
4	0.14231	0.02130	0.02739	0.02243	0.02926	0.02168	0.06449	0.10271	0.06626	0.15568	0.10458	0.11490	0.04208	0.01768	0.01186	0.00381	0.01010	0.01517	0.01095	0.01536
5	0.02683	0.02130	0.03512	0.43653	0.12005	0.02483	0.03058	0.03404	0.02497	0.09860	0.02425	0.03194	0.01763	0.01187	0.01163	0.00379	0.01456	0.01052	0.00649	0.01445
6	0.12603	0.02418	0.03225	0.02423	0.03373	0.02295	0.08174	0.11689	0.03221	0.20578	0.02995	0.03014	0.02087	0.01188	0.01067	0.00321	0.01136	0.00996	0.01005	0.16191
7	0.10812	0.01267	0.01413	0.01471	0.01753	0.01226	0.01066	0.02026	0.02545	0.03739	0.17841	0.27855	0.17215	0.02818	0.01324	0.00413	0.00657	0.02446	0.01078	0.01035
8	0.01647	0.01174	0.01577	0.01606	0.01717	0.01271	0.01119	0.01876	0.01837	0.02553	0.03684	0.11514	0.03939	0.28045	0.29700	0.01428	0.02071	0.01642	0.00704	0.00897
9	0.02506	0.18048	0.42589	0.03019	0.04576	0.03126	0.03781	0.03638	0.02435	0.03472	0.01982	0.02324	0.01478	0.01080	0.01025	0.00342	0.01613	0.00806	0.00493	0.01668
10	0.03194	0.20106	0.28733	0.02667	0.04001	0.03009	0.03076	0.04071	0.02625	0.14375	0.02515	0.02627	0.01793	0.01149	0.01019	0.00333	0.01423	0.00863	0.00705	0.01714
11	0.01526	0.01130	0.01382	0.01423	0.01636	0.01032	0.01003	0.01861	0.02678	0.03589	0.24719	0.23122	0.18369	0.08922	0.01890	0.00483	0.00655	0.02477	0.01118	0.00987
12	0.01798	0.01383	0.01681	0.01752	0.01997	0.01414	0.01254	0.02766	0.13093	0.03767	0.15922	0.35334	0.07490	0.02903	0.01392	0.00431	0.00702	0.02596	0.01147	0.01179
13	0.03818	0.03574	0.19458	0.02612	0.03753	0.02483	0.02657	0.11288	0.09940	0.23063	0.03519	0.03345	0.02378	0.01342	0.01149	0.00366	0.01263	0.01070	0.01049	0.01873
14	0.03533	0.02449	0.03806	0.03398	0.10271	0.02390	0.12211	0.08402	0.09811	0.18891	0.04387	0.04349	0.07684	0.01458	0.01236	0.00373	0.01234	0.01344	0.01031	0.01742
15	0.01837	0.01369	0.01660	0.01573	0.01573	0.01543	0.01018	0.01880	0.01707	0.02348	0.03300	0.06747	0.03768	0.49392	0.05561	0.01022	0.10654	0.01576	0.00671	0.00801
16	0.02412	0.02067	0.02412	0.01723	0.02756	0.01550	0.01378	0.02929	0.02412	0.03790	0.02067	0.02412	0.01723	0.00861	0.00861	0.00172	0.00861	0.00689	0.00689	0.66236
17	0.02737	0.02402	0.02822	0.14433	0.04139	0.02824	0.02151	0.05463	0.39161	0.04442	0.04137	0.04062	0.03103	0.01485	0.01179	0.00393	0.01061	0.01252	0.01034	0.01718
18	0.04524	0.02438	0.03322	0.03323	0.13892	0.02366	0.02232	0.14669	0.03657	0.31762	0.03658	0.03460	0.02449	0.01341	0.01164	0.00354	0.01141	0.01113	0.01187	0.01949
19	0.04398	0.02371	0.02849	0.02222	0.03046	0.02370	0.01820	0.21856	0.04167	0.27996	0.10499	0.04170	0.03672	0.01555	0.01196	0.00356	0.01041	0.01254	0.01308	0.01854
20	0.11481	0.14464	0.03001	0.11081	0.03310	0.02367	0.01761	0.03081	0.02396	0.10275	0.03699	0.21045	0.03716	0.01973	0.01118	0.00377	0.01025	0.01658	0.00857	0.01314
21	0.02481	0.01401	0.01932	0.01794	0.02191	0.01355	0.01431	0.02973	0.02867	0.14754	0.22698	0.07255	0.06592	0.03832	0.14307	0.00755	0.01347	0.07633	0.01126	0.01276
22	0.02020	0.01010	0.01515	0.01515	0.01515	0.01010	0.01010	0.01515	0.01515	0.02020	0.02020	0.03535	0.02020	0.04040	0.04545	0.66162	0.01010	0.01010	0.00505	0.00505
23	0.02320	0.01897	0.03260	0.19012	0.04575	0.02007	0.13199	0.03043	0.02480	0.03765	0.02905	0.03658	0.02239	0.01203	0.01060	0.00337	0.01205	0.01140	0.29428	0.01268
24	0.02632	0.02556	0.09965	0.16750	0.14966	0.02245	0.02707	0.03381	0.06585	0.07210	0.02529	0.03241	0.01996	0.01830	0.01911	0.15081	0.01314	0.01041	0.00658	0.01400
25	0.01661	0.01246	0.01869	0.01869	0.02077	0.01454	0.01454	0.02077	0.01869	0.02700	0.03115	0.04569	0.02908	0.08723	0.54517	0.01869	0.03115	0.01246	0.00623	0.01038
26	0.03815	0.01783	0.02286	0.01852	0.02542	0.01610	0.01492	0.07452	0.03383	0.31565	0.15911	0.05956	0.11503	0.01860	0.01243	0.00365	0.00856	0.01552	0.01333	0.01641
27	0.02909	0.25019	0.29123	0.02747	0.04093	0.03515	0.03170	0.09895	0.02849	0.03859	0.02018	0.02291	0.01552	0.01107	0.00984	0.00322	0.01485	0.00800	0.00589	0.01674
28	0.03540	0.01753	0.02403	0.02115	0.02619	0.01742	0.01708	0.03921	0.02782	0.27918	0.04794	0.17059	0.04296	0.02258	0.01663	0.00430	0.08594	0.07700	0.01181	0.01526
29	0.02239	0.05356	0.46048	0.03062	0.04583	0.02482	0.03859	0.03480	0.02570	0.03817	0.08814	0.03308	0.02773	0.01279	0.01141	0.00368	0.01559	0.01030	0.00599	0.01634
30	0.01457	0.01145	0.01330	0.01456	0.01724	0.01018	0.01084	0.01754	0.02514	0.03131	0.09234	0.27074	0.30813	0.03213	0.01443	0.00439	0.00683	0.08426	0.01079	0.00982
31	0.09182	0.02607	0.08491	0.08032	0.03757	0.02193	0.02186	0.09667	0.03258	0.33225	0.03613	0.03412	0.02356	0.01340	0.01127	0.00363	0.01157	0.01066	0.01149	0.01822
32	0.19087	0.02101	0.02596	0.08583	0.08604	0.02221	0.01907	0.04155	0.09156	0.16620	0.09945	0.03956	0.03455	0.01427	0.01087	0.00367	0.01002	0.01159	0.01005	0.01565
33	0.33170	0.12618	0.03261	0.02695	0.09714	0.08819	0.01928	0.08623	0.02679	0.04570	0.01852	0.02151	0.01489	0.01108	0.00872	0.00331	0.01202	0.00746	0.00698	0.01473
34	0.03773	0.18461	0.09509	0.02649	0.03505	0.27375	0.02334	0.04464	0.06714	0.07562	0.02273	0.02429	0.01783	0.01190	0.01002	0.00308	0.01649	0.00813	0.00685	0.01522

[dist]
# distance from previous block
# <min> <max>
0	6

[block]
# block no. 1 follows, 10 sequences, length 32
# corresponding to MSA columns:
# 269-300
name=unknown_B
#
# <colnr> <probs for GDERKNQSTAVLIFYWHMCP>
#	G	D	E	R	K	N	Q	S	T	A	V	L	I	F	Y	W	H	M	C	P
0	0.02414	0.24550	0.08448	0.02048	0.02752	0.02828	0.01913	0.03246	0.08327	0.03436	0.09421	0.14182	0.04487	0.01921	0.01121	0.00358	0.01047	0.05296	0.00833	0.01373
1	0.03424	0.10947	0.22814	0.02642	0.03889	0.02840	0.02826	0.13403	0.03247	0.13597	0.02650	0.02734	0.01870	0.01195	0.01064	0.00331	0.01354	0.00914	0.00831	0.07427
2	0.29289	0.02142	0.02398	0.01956	0.02695	0.02247	0.01617	0.04500	0.02645	0.29099	0.03119	0.03007	0.02109	0.01358	0.01258	0.00375	0.06551	0.00943	0.01065	0.01627
3	0.01942	0.01235	0.01526	0.01493	0.01825	0.01097	0.01103	0.02308	0.02815	0.09655	0.21464	0.22216	0.21384	0.02775	0.01378	0.00402	0.00649	0.02418	0.01185	0.01130
4	0.02739	0.02621	0.04469	0.17175	0.42922	0.02727	0.03500	0.03447	0.02582	0.03631	0.02163	0.02924	0.01783	0.01062	0.01154	0.00354	0.01416	0.01036	0.00564	0.01730
5	0.11271	0.02236	0.03096	0.02378	0.03239	0.02137	0.07321	0.10074	0.03370	0.31493	0.08040	0.03921	0.03195	0.01424	0.01163	0.00363	0.01095	0.01206	0.01208	0.01769
6	0.01463	0.01165	0.01313	0.01311	0.01634	0.01014	0.00970	0.01828	0.02808	0.03599	0.23552	0.15126	0.34429	0.02838	0.01385	0.00392	0.00585	0.02430	0.01142	0.01014
7	0.01691	0.01128	0.01268	0.01268	0.01268	0.01128	0.00705	0.01691	0.01691	0.02255	0.03665	0.07611	0.04228	0.59126	0.05920	0.01128	0.01128	0.01691	0.00705	0.00705
8	0.24554	0.02895	0.03814	0.02899	0.03827	0.03102	0.14109	0.21516	0.03595	0.05671	0.02291	0.02590	0.01686	0.01181	0.01074	0.00364	0.01338	0.00998	0.00864	0.01633
9	0.02336	0.02209	0.03740	0.46294	0.16959	0.02621	0.03299	0.03094	0.02391	0.03141	0.02092	0.03055	0.01610	0.01137	0.01160	0.00379	0.01516	0.01034	0.00529	0.01404
10	0.02445	0.01352	0.01380	0.01280	0.01632	0.01395	0.00985	0.08285	0.02812	0.04705	0.03671	0.04146	0.02858	0.01360	0.00856	0.00281	0.00633	0.01079	0.57652	0.01194
11	0.01417	0.01012	0.01350	0.01619	0.01687	0.00945	0.01080	0.01619	0.02227	0.02969	0.06410	0.58367	0.07692	0.03644	0.01484	0.00472	0.00675	0.03306	0.01080	0.00945
12	0.01531	0.01134	0.01456	0.01670	0.01857	0.01058	0.01253	0.01842	0.02434	0.03142	0.07438	0.36584	0.16341	0.03385	0.01495	0.00473	0.00764	0.14079	0.01077	0.00986
13	0.03316	0.02518	0.03121	0.02439	0.03285	0.02554	0.05888	0.17340	0.13952	0.09432	0.08032	0.03777	0.03231	0.01392	0.01146	0.00329	0.01078	0.01179	0.01055	0.14934
14	0.02028	0.01112	0.01210	0.01186	0.01458	0.01088	0.00889	0.02572	0.02668	0.04424	0.16548	0.05505	0.05129	0.01630	0.00963	0.00296	0.00544	0.01358	0.48304	0.01088
15	0.02193	0.01835	0.02178	0.01700	0.02521	0.01417	0.01312	0.02640	0.02371	0.03609	0.03024	0.14734	0.03037	0.01474	0.00999	0.00238	0.00820	0.01265	0.00775	0.51858
16	0.04421	0.03258	0.03490	0.02676	0.03607	0.03607	0.02211	0.47993	0.05468	0.07330	0.02792	0.02792	0.01978	0.01396	0.01163	0.00349	0.01280	0.01047	0.01163	0.01978
17	0.02998	0.01466	0.01983	0.01824	0.02284	0.01323	0.01426	0.03414	0.02944	0.22690	0.15549	0.20748	0.06425	0.02457	0.01352	0.00413	0.00818	0.07227	0.01262	0.01395
18	0.02525	0.16035	0.22792	0.02373	0.03403	0.02518	0.02587	0.03247	0.02492	0.08179	0.03930	0.14617	0.07081	0.01787	0.01133	0.00364	0.01233	0.01471	0.00757	0.01475
19	0.01417	0.01012	0.01350	0.01619	0.01687	0.00945	0.01080	0.01619	0.02227	0.02969	0.06410	0.58367	0.07692	0.03644	0.01484	0.00472	0.00675	0.03306	0.01080	0.00945
20	0.02020	0.01010	0.01515	0.01515	0.01515	0.01010	0.01010	0.01515	0.01515	0.02020	0.02020	0.03535	0.02020	0.04040	0.04545	0.66162	0.01010	0.01010	0.00505	0.00505
21	0.03021	0.02214	0.03243	0.35162	0.06100	0.02561	0.02696	0.07965	0.08632	0.12410	0.02909	0.03377	0.02071	0.01284	0.01167	0.00380	0.01349	0.01094	0.00822	0.01544
22	0.02843	0.02179	0.03147	0.13516	0.04160	0.02329	0.07614	0.11639	0.08865	0.08927	0.03976	0.18135	0.03681	0.01928	0.01278	0.00402	0.01184	0.01736	0.00967	0.01493
23	0.01661	0.01246	0.01869	0.01869	0.02077	0.01454	0.01454	0.02077	0.01869	0.02700	0.03115	0.04569	0.02908	0.08723	0.54517	0.01869	0.03115	0.01246	0.00623	0.01038
24	0.02542	0.01556	0.01939	0.01902	0.02313	0.01533	0.01473	0.03430	0.11315	0.13567	0.06168	0.24997	0.09698	0.02674	0.01377	0.00439	0.00847	0.09712	0.01171	0.01347
25	0.03252	0.03049	0.04180	0.11880	0.31936	0.07936	0.03122	0.12664	0.03247	0.04325	0.02258	0.02812	0.01801	0.01141	0.01145	0.00347	0.01451	0.01010	0.00691	0.01754
26	0.01680	0.01174	0.01502	0.01502	0.01582	0.01254	0.00995	0.01841	0.01760	0.02428	0.03451	0.06431	0.03716	0.39571	0.24774	0.01415	0.01899	0.01519	0.00673	0.00834
27	0.01602	0.01242	0.01495	0.01587	0.01917	0.01135	0.01294	0.02021	0.02740	0.03461	0.14460	0.11632	0.29078	0.02979	0.01464	0.00445	0.00771	0.18546	0.01101	0.01031
28	0.03059	0.02620	0.07918	0.23917	0.21790	0.02477	0.03126	0.03787	0.02652	0.13457	0.02625	0.03145	0.01915	0.01171	0.01155	0.00366	0.01392	0.01048	0.00723	0.01657
29	0.03117	0.02716	0.04131	0.23401	0.14400	0.02996	0.08425	0.17903	0.03465	0.04642	0.02362	0.02963	0.01770	0.01193	0.01187	0.00368	0.01481	0.01080	0.00748	0.01652
30	0.03497	0.02259	0.02595	0.02219	0.02874	0.02392	0.01743	0.16297	0.17038	0.15772	0.04549	0.15739	0.03890	0.01953	0.01241	0.00392	0.00978	0.01649	0.01212	0.01711
31	0.03902	0.04732	0.03413	0.02969	0.03591	0.42264	0.07027	0.04306	0.03130	0.03126	0.02104	0.02486	0.01710	0.01194	0.01055	0.00306	0.01891	0.00858	0.08595	0.01340

[dist]
# distance from previous block
# <min> <max>
2	20

[block]
# block no. 2 follows, 10 sequences, length 39
# corresponding to MSA columns:
# 386-389,391-425
name=unknown_C
#
# <colnr> <probs for GDERKNQSTAVLIFYWHMCP>
#	G	D	E	R	K	N	Q	S	T	A	V	L	I	F	Y	W	H	M	C	P
0	0.09727	0.02483	0.03384	0.14639	0.17620	0.02722	0.02570	0.08538	0.13347	0.08973	0.02957	0.03241	0.02214	0.01260	0.01119	0.00368	0.01217	0.01070	0.00853	0.01696
1	0.40625	0.02352	0.02091	0.01877	0.02571	0.02727	0.01501	0.04563	0.21790	0.05072	0.02910	0.02905	0.02209	0.01286	0.00912	0.00374	0.00908	0.00914	0.00912	0.01501
2	0.03311	0.03321	0.18587	0.02394	0.03518	0.02115	0.02452	0.08284	0.03078	0.18232	0.07915	0.03551	0.02950	0.01312	0.01109	0.00325	0.01179	0.01061	0.00949	0.14357
3	0.02917	0.15102	0.28976	0.02726	0.03969	0.08106	0.03076	0.03806	0.02697	0.08609	0.07018	0.03072	0.02551	0.01253	0.01065	0.00338	0.01479	0.00957	0.00679	0.01605
4	0.61192	0.02348	0.01883	0.01642	0.02382	0.02707	0.01353	0.07775	0.02320	0.05425	0.01734	0.01978	0.01330	0.01111	0.00763	0.00359	0.00937	0.00671	0.00763	0.01330
5	0.02309	0.01319	0.01764	0.01680	0.02031	0.01208	0.01289	0.02765	0.03017	0.13428	0.28492	0.18483	0.08310	0.02543	0.01380	0.00404	0.00712	0.06383	0.01248	0.01233
6	0.02684	0.08511	0.03506	0.02544	0.03215	0.13733	0.10402	0.03239	0.03003	0.03795	0.20764	0.04818	0.05184	0.01551	0.01184	0.00324	0.01267	0.01366	0.00856	0.08053
7	0.03011	0.04458	0.32192	0.02865	0.04190	0.02554	0.03254	0.04620	0.13160	0.13345	0.03156	0.03163	0.02206	0.01274	0.01135	0.00373	0.01401	0.01020	0.00827	0.01796
8	0.01593	0.01218	0.01482	0.01506	0.01824	0.01107	0.01189	0.02042	0.02911	0.03820	0.26148	0.10631	0.25449	0.02780	0.01425	0.00414	0.00680	0.11577	0.01157	0.01047
9	0.02549	0.02427	0.04126	0.30892	0.30692	0.02677	0.03405	0.03281	0.02492	0.03400	0.02129	0.02986	0.01701	0.01097	0.01157	0.00366	0.01463	0.01035	0.00547	0.01577
10	0.10679	0.03483	0.03576	0.03211	0.08445	0.17150	0.06886	0.14165	0.03529	0.13834	0.02633	0.02774	0.01908	0.01238	0.01108	0.00343	0.01494	0.00978	0.00895	0.01673
11	0.04423	0.01803	0.02444	0.01934	0.02695	0.01573	0.01573	0.04895	0.03321	0.41984	0.14982	0.05012	0.04682	0.01648	0.01215	0.00361	0.00891	0.01378	0.01404	0.01783
12	0.01577	0.01122	0.01492	0.01595	0.01687	0.01162	0.01087	0.01787	0.01952	0.02670	0.04535	0.25982	0.05126	0.21847	0.19785	0.01115	0.01591	0.02164	0.00821	0.00903
13	0.02600	0.11230	0.43779	0.03155	0.04697	0.07799	0.03877	0.03755	0.02526	0.03511	0.02014	0.02364	0.01478	0.01103	0.01065	0.00350	0.01708	0.00826	0.00502	0.01662
14	0.01679	0.01177	0.01517	0.01517	0.01604	0.01263	0.01015	0.01851	0.01765	0.02439	0.03437	0.06350	0.03681	0.38232	0.26065	0.01435	0.01952	0.01507	0.00671	0.00843
15	0.03233	0.02667	0.02821	0.02436	0.03154	0.03052	0.01923	0.15492	0.39904	0.05414	0.04301	0.03995	0.03200	0.01537	0.01179	0.00384	0.01000	0.01255	0.01179	0.01871
16	0.01479	0.01084	0.01389	0.01520	0.01688	0.00994	0.01061	0.01795	0.02592	0.03489	0.20268	0.38074	0.13899	0.03187	0.01438	0.00431	0.00627	0.02850	0.01139	0.00994
17	0.02814	0.39336	0.23993	0.02495	0.03765	0.03878	0.02869	0.03559	0.02398	0.03097	0.01796	0.02090	0.01485	0.01037	0.00883	0.00294	0.01425	0.00712	0.00495	0.01579
18	0.02013	0.01722	0.02484	0.17842	0.08674	0.01847	0.02003	0.02869	0.07263	0.03928	0.23077	0.06390	0.11496	0.01887	0.01272	0.00376	0.00960	0.01657	0.00957	0.01284
19	0.01997	0.01343	0.01675	0.01605	0.01938	0.01277	0.01195	0.02700	0.07422	0.08303	0.29608	0.18381	0.12955	0.02540	0.01360	0.00393	0.00652	0.02232	0.01223	0.01201
20	0.67341	0.02249	0.01709	0.01529	0.02249	0.02609	0.01260	0.03419	0.01979	0.05218	0.01619	0.01889	0.01260	0.01080	0.00720	0.00360	0.00900	0.00630	0.00720	0.01260
21	0.02822	0.04214	0.25612	0.03960	0.05333	0.02718	0.25064	0.03903	0.02684	0.08623	0.02467	0.02937	0.01756	0.01078	0.01241	0.00379	0.01763	0.01139	0.00633	0.01672
22	0.03109	0.59826	0.06095	0.01990	0.02985	0.04602	0.01990	0.03483	0.02363	0.02736	0.01617	0.01866	0.01493	0.00995	0.00746	0.00249	0.01244	0.00622	0.00498	0.01493
23	0.02573	0.01574	0.01793	0.01559	0.02110	0.01428	0.01226	0.07424	0.03155	0.14752	0.12974	0.08472	0.31639	0.02395	0.01307	0.00378	0.00746	0.01989	0.01188	0.01318
24	0.16407	0.16737	0.13081	0.02469	0.03402	0.17541	0.02340	0.04108	0.07426	0.03674	0.02078	0.02302	0.01654	0.01150	0.00939	0.00324	0.01469	0.00776	0.00640	0.01484
25	0.04604	0.02363	0.02826	0.02193	0.03039	0.02352	0.01803	0.21147	0.04034	0.30739	0.03836	0.03563	0.02554	0.01415	0.01130	0.00347	0.01051	0.01115	0.08003	0.01886
26	0.59894	0.02217	0.01828	0.01594	0.02336	0.02501	0.01313	0.03688	0.02141	0.10908	0.01975	0.02137	0.01454	0.01123	0.00774	0.00360	0.00910	0.00694	0.00806	0.01346
27	0.02837	0.14921	0.03372	0.07421	0.03368	0.02353	0.01739	0.03341	0.02487	0.08552	0.02229	0.02522	0.01774	0.00982	0.00899	0.00231	0.01031	0.00759	0.00707	0.38476
28	0.01513	0.01080	0.01330	0.01460	0.01564	0.01015	0.00957	0.01704	0.02231	0.02962	0.10805	0.34230	0.11607	0.18895	0.02697	0.00636	0.00779	0.02645	0.00996	0.00897
29	0.02020	0.01010	0.01515	0.01515	0.01515	0.01010	0.01010	0.01515	0.01515	0.02020	0.02020	0.03535	0.02020	0.04040	0.04545	0.66162	0.01010	0.01010	0.00505	0.00505
30	0.02242	0.02290	0.04631	0.03595	0.04332	0.02154	0.28425	0.02934	0.02577	0.03464	0.04009	0.21380	0.04119	0.02040	0.01431	0.00432	0.01468	0.06362	0.00791	0.01323
31	0.02952	0.48902	0.15637	0.02259	0.03401	0.04216	0.02458	0.03523	0.02382	0.02929	0.01712	0.01985	0.01489	0.01017	0.00819	0.00273	0.01340	0.00670	0.00496	0.01538
32	0.02036	0.01282	0.01831	0.01793	0.02062	0.01400	0.01386	0.02449	0.02097	0.07763	0.03607	0.09107	0.03323	0.06875	0.39651	0.01450	0.02454	0.01400	0.06908	0.01127
33	0.01607	0.01145	0.01244	0.01250	0.01565	0.01024	0.00926	0.01998	0.02690	0.03685	0.17114	0.13236	0.29108	0.02542	0.01258	0.00367	0.00578	0.02155	0.15483	0.01024
34	0.03695	0.02673	0.04455	0.03336	0.04305	0.02619	0.20448	0.09098	0.12094	0.19317	0.03533	0.03583	0.02466	0.01275	0.01254	0.00378	0.01399	0.01268	0.01018	0.01786
35	0.01722	0.01241	0.01501	0.01502	0.01515	0.01325	0.00948	0.01783	0.01798	0.02438	0.03966	0.16450	0.04608	0.43520	0.04906	0.00949	0.06347	0.01924	0.00755	0.00803
36	0.01417	0.01012	0.01350	0.01619	0.01687	0.00945	0.01080	0.01619	0.02227	0.02969	0.06410	0.58367	0.07692	0.03644	0.01484	0.00472	0.00675	0.03306	0.01080	0.00945
37	0.02648	0.02827	0.05700	0.16784	0.15293	0.02828	0.29300	0.03528	0.02633	0.03572	0.02258	0.03079	0.01732	0.01032	0.01283	0.00382	0.01758	0.01233	0.00570	0.01560
38	0.16411	0.08500	0.03457	0.02489	0.03335	0.09090	0.06311	0.12742	0.08078	0.14323	0.02842	0.02866	0.02052	0.01258	0.01046	0.00346	0.01272	0.00972	0.00945	0.01661

[dist]
# distance from previous block
# <min> <max>
10	29

[block]
# block no. 3 follows, 10 sequences, length 41
# corresponding to MSA columns:
# 464-504
name=unknown_D
#
# <colnr> <probs for GDERKNQSTAVLIFYWHMCP>
#	G	D	E	R	K	N	Q	S	T	A	V	L	I	F	Y	W	H	M	C	P
0	0.02458	0.01928	0.03160	0.02853	0.07277	0.01769	0.10769	0.03089	0.02901	0.08726	0.17861	0.06673	0.05571	0.01860	0.01313	0.00376	0.01083	0.09633	0.00982	0.09719
1	0.03290	0.09035	0.09224	0.02011	0.02861	0.01983	0.01866	0.03882	0.03000	0.21784	0.17062	0.04721	0.04743	0.01555	0.01139	0.00331	0.00974	0.01285	0.01085	0.08170
2	0.41942	0.03269	0.16170	0.02091	0.03111	0.02530	0.02160	0.03755	0.02270	0.10331	0.02097	0.02289	0.01508	0.01129	0.00880	0.00362	0.01139	0.00757	0.00740	0.01472
3	0.02722	0.03068	0.06477	0.04686	0.05725	0.03014	0.42381	0.03617	0.02633	0.03617	0.02256	0.03068	0.01737	0.01104	0.01658	0.00406	0.08387	0.01331	0.00579	0.01534
4	0.03475	0.04418	0.33146	0.02822	0.04216	0.02308	0.03273	0.04469	0.02801	0.23080	0.03077	0.03051	0.02030	0.01237	0.01131	0.00365	0.01430	0.00982	0.00867	0.01822
5	0.02686	0.25026	0.20334	0.02697	0.03950	0.03217	0.07932	0.03467	0.02446	0.03355	0.01939	0.02306	0.01563	0.01002	0.00955	0.00289	0.01404	0.00798	0.00543	0.14091
6	0.03961	0.03369	0.03958	0.03055	0.03967	0.08183	0.09971	0.31802	0.09597	0.06024	0.02834	0.02954	0.02067	0.01326	0.01191	0.00357	0.01434	0.01104	0.01014	0.01834
7	0.12946	0.02140	0.03023	0.02307	0.03213	0.01959	0.06629	0.05168	0.03092	0.41265	0.03964	0.03603	0.02550	0.01343	0.01134	0.00363	0.01083	0.01122	0.01255	0.01842
8	0.02364	0.02238	0.03791	0.44256	0.18777	0.02628	0.03313	0.03118	0.02405	0.03175	0.02097	0.03046	0.01622	0.01132	0.01160	0.00377	0.01509	0.01034	0.00531	0.01427
9	0.02478	0.12774	0.02704	0.01898	0.02369	0.02096	0.01571	0.03206	0.08110	0.08470	0.10513	0.12250	0.05315	0.08405	0.01771	0.00482	0.00979	0.12324	0.00999	0.01286
10	0.03456	0.02066	0.03259	0.02628	0.03371	0.01953	0.10998	0.04347	0.08112	0.23187	0.09201	0.06086	0.04287	0.01800	0.01317	0.00405	0.01150	0.09611	0.01152	0.01616
11	0.03164	0.02121	0.06952	0.02224	0.02975	0.01653	0.07005	0.03706	0.02932	0.22913	0.10447	0.11508	0.13354	0.01983	0.01282	0.00384	0.01009	0.01742	0.01134	0.01514
12	0.01596	0.01150	0.01510	0.01497	0.01726	0.01064	0.01094	0.02069	0.03059	0.04294	0.41460	0.19540	0.10257	0.02654	0.01396	0.00389	0.00576	0.02366	0.01236	0.01064
13	0.02196	0.02067	0.03488	0.56331	0.08010	0.02584	0.03230	0.02972	0.02326	0.02972	0.02067	0.03101	0.01550	0.01163	0.01163	0.00388	0.01550	0.01034	0.00517	0.01292
14	0.02263	0.02135	0.03609	0.51514	0.12305	0.02602	0.03263	0.03030	0.02357	0.03053	0.02079	0.03079	0.01579	0.01150	0.01162	0.00383	0.01534	0.01034	0.00523	0.01346
15	0.11816	0.01905	0.02255	0.01897	0.02560	0.01892	0.01515	0.04556	0.12125	0.24583	0.16619	0.05021	0.04949	0.01669	0.01168	0.00368	0.00848	0.01376	0.01255	0.01626
16	0.01661	0.01246	0.01869	0.01869	0.02077	0.01454	0.01454	0.02077	0.01869	0.02700	0.03115	0.04569	0.02908	0.08723	0.54517	0.01869	0.03115	0.01246	0.00623	0.01038
17	0.02745	0.03137	0.06863	0.04902	0.06078	0.02941	0.47647	0.03725	0.02745	0.03725	0.02353	0.03137	0.01765	0.00980	0.01373	0.00392	0.01961	0.01373	0.00588	0.01569
18	0.02676	0.02294	0.03966	0.36685	0.15816	0.02567	0.07311	0.03422	0.02526	0.08069	0.02364	0.03145	0.01757	0.01148	0.01181	0.00377	0.01501	0.01079	0.00625	0.01492
19	0.05218	0.01979	0.02699	0.02069	0.02969	0.01709	0.01709	0.05668	0.03329	0.52677	0.04588	0.03959	0.02879	0.01439	0.01170	0.00360	0.00990	0.01170	0.01439	0.01979
20	0.01462	0.01122	0.01339	0.01410	0.01656	0.00999	0.01010	0.01791	0.02671	0.03485	0.20357	0.27219	0.25208	0.03042	0.01413	0.00414	0.00609	0.02663	0.01133	0.00999
21	0.02686	0.01978	0.02222	0.01976	0.02464	0.02114	0.01524	0.16506	0.11404	0.05083	0.14209	0.16943	0.05514	0.02134	0.01248	0.00380	0.00858	0.01826	0.07480	0.01450
22	0.01621	0.01188	0.01519	0.01436	0.01722	0.01087	0.01077	0.02146	0.03232	0.04521	0.47556	0.08923	0.14764	0.02431	0.01372	0.00368	0.00552	0.02136	0.01262	0.01087
23	0.02412	0.02067	0.02412	0.01723	0.02756	0.01550	0.01378	0.02929	0.02412	0.03790	0.02067	0.02412	0.01723	0.00861	0.00861	0.00172	0.00861	0.00689	0.00689	0.66236
24	0.02722	0.02231	0.02674	0.02406	0.02807	0.02666	0.01970	0.09559	0.17100	0.04309	0.03806	0.05361	0.03357	0.01968	0.01921	0.00433	0.15836	0.09438	0.07957	0.01477
25	0.03352	0.03050	0.03143	0.02592	0.03140	0.13211	0.02092	0.07938	0.02762	0.08884	0.02162	0.02601	0.01757	0.01468	0.02029	0.00357	0.21421	0.00907	0.00734	0.16400
26	0.03132	0.02741	0.03955	0.03782	0.12872	0.03094	0.08257	0.17005	0.03210	0.04465	0.02372	0.03278	0.02033	0.07313	0.02376	0.00475	0.16157	0.01145	0.00755	0.01582
27	0.01404	0.01063	0.01297	0.01485	0.01652	0.00956	0.01020	0.01635	0.02356	0.03022	0.08045	0.44015	0.20989	0.03431	0.01451	0.00448	0.00649	0.03047	0.01080	0.00956
28	0.02925	0.47070	0.17237	0.02304	0.03471	0.04151	0.02537	0.03530	0.02385	0.02961	0.01728	0.02005	0.01488	0.01021	0.00831	0.00277	0.01356	0.00678	0.00496	0.01546
29	0.21019	0.01909	0.02241	0.01871	0.02599	0.01850	0.01544	0.04404	0.02904	0.30464	0.08697	0.04772	0.03640	0.01610	0.01113	0.00377	0.00929	0.05249	0.01197	0.01611
30	0.01461	0.01046	0.01389	0.01589	0.01697	0.00974	0.01083	0.01731	0.02433	0.03297	0.15081	0.48762	0.08327	0.03399	0.01463	0.00452	0.00650	0.03074	0.01118	0.00974
31	0.01842	0.01128	0.01691	0.01691	0.01795	0.01231	0.01231	0.01795	0.01691	0.02358	0.02565	0.04050	0.02462	0.06370	0.29411	0.34171	0.02058	0.01128	0.00564	0.00770
32	0.02328	0.02202	0.03727	0.46819	0.16491	0.02619	0.03296	0.03087	0.02388	0.03132	0.02090	0.03058	0.01607	0.01138	0.01161	0.00379	0.01518	0.01034	0.00528	0.01398
33	0.11308	0.18485	0.14155	0.02584	0.03626	0.03248	0.06965	0.12522	0.03097	0.04475	0.06847	0.02969	0.02506	0.01243	0.01025	0.00334	0.01309	0.00978	0.00746	0.01577
34	0.01661	0.01246	0.01869	0.01869	0.02077	0.01454	0.01454	0.02077	0.01869	0.02700	0.03115	0.04569	0.02908	0.08723	0.54517	0.01869	0.03115	0.01246	0.00623	0.01038
35	0.02678	0.21623	0.26529	0.03333	0.04688	0.03343	0.15099	0.03633	0.02504	0.03406	0.02015	0.02457	0.01556	0.01038	0.01067	0.00338	0.01639	0.00923	0.00519	0.01610
36	0.12144	0.02163	0.03232	0.16706	0.04551	0.02191	0.07032	0.04453	0.02826	0.28075	0.03295	0.03376	0.02197	0.01270	0.01132	0.00371	0.01232	0.01086	0.01010	0.01660
37	0.01656	0.01113	0.01279	0.01314	0.01322	0.01104	0.00753	0.01682	0.01760	0.02347	0.04018	0.14143	0.04674	0.51985	0.05349	0.01043	0.01069	0.01899	0.00753	0.00736
38	0.02333	0.06016	0.53100	0.03315	0.05034	0.02701	0.04297	0.03683	0.02455	0.03683	0.02087	0.02455	0.01473	0.01105	0.01105	0.00368	0.01719	0.00859	0.00491	0.01719
39	0.03051	0.03462	0.03708	0.03154	0.03656	0.21576	0.11435	0.03501	0.02693	0.03110	0.02865	0.09282	0.02828	0.01820	0.01790	0.00408	0.12919	0.06751	0.00686	0.01303
40	0.09165	0.13168	0.18050	0.02516	0.03662	0.03010	0.02590	0.14564	0.03304	0.15223	0.02682	0.02716	0.01885	0.01226	0.01040	0.00341	0.01306	0.00912	0.00878	0.01760

[dist]
# distance from previous block
# <min> <max>
0	1

[block]
# block no. 4 follows, 10 sequences, length 9
# corresponding to MSA columns:
# 506-514
name=unknown_E
#
# <colnr> <probs for GDERKNQSTAVLIFYWHMCP>
#	G	D	E	R	K	N	Q	S	T	A	V	L	I	F	Y	W	H	M	C	P
0	0.03193	0.03129	0.03044	0.03047	0.11223	0.14939	0.02046	0.11779	0.03277	0.04138	0.03536	0.03731	0.08780	0.01369	0.01086	0.00297	0.01290	0.01080	0.00793	0.18222
1	0.04374	0.04670	0.03370	0.02874	0.03600	0.35042	0.02233	0.21195	0.04125	0.04558	0.02177	0.02363	0.01681	0.01274	0.01093	0.00318	0.01785	0.00863	0.00815	0.01589
2	0.03139	0.02546	0.04083	0.05597	0.37472	0.02430	0.02973	0.03770	0.02709	0.10729	0.02510	0.02961	0.01971	0.01067	0.01110	0.00321	0.01247	0.01002	0.00715	0.11649
3	0.03477	0.02424	0.03970	0.03028	0.03919	0.02341	0.17402	0.04756	0.13897	0.20229	0.04514	0.04427	0.07089	0.01452	0.01261	0.00382	0.01270	0.01390	0.01055	0.01715
4	0.01488	0.01042	0.01329	0.01529	0.01579	0.00992	0.00983	0.01638	0.02089	0.02785	0.05703	0.45285	0.06800	0.17944	0.02628	0.00641	0.00791	0.02890	0.00983	0.00883
5	0.05218	0.01979	0.02699	0.02069	0.02969	0.01709	0.01709	0.05668	0.03329	0.52677	0.04588	0.03959	0.02879	0.01439	0.01170	0.00360	0.00990	0.01170	0.01439	0.01979
6	0.02690	0.02571	0.04381	0.20709	0.39772	0.02714	0.03476	0.03404	0.02559	0.03571	0.02154	0.02940	0.01762	0.01071	0.01155	0.00357	0.01428	0.01036	0.00559	0.01690
7	0.02925	0.02185	0.03388	0.14040	0.20879	0.02164	0.02624	0.03543	0.02673	0.11824	0.03156	0.04593	0.02682	0.01434	0.01185	0.00360	0.01226	0.07545	0.00801	0.10775
8	0.01800	0.01442	0.01783	0.01779	0.02017	0.01525	0.01315	0.02574	0.09729	0.03695	0.17783	0.27345	0.11875	0.02784	0.01614	0.00428	0.05867	0.02395	0.01094	0.01154

[dist]
# distance from previous block
# <min> <max>
13	85

[block]
# block no. 5 follows, 10 sequences, length 29
# corresponding to MSA columns:
# 600-628
name=unknown_F
#
# <colnr> <probs for GDERKNQSTAVLIFYWHMCP>
#	G	D	E	R	K	N	Q	S	T	A	V	L	I	F	Y	W	H	M	C	P
0	0.37119	0.08681	0.02662	0.08424	0.03212	0.02615	0.01692	0.03913	0.02390	0.16098	0.02389	0.02534	0.01712	0.01167	0.00885	0.00351	0.01040	0.00808	0.00843	0.01463
1	0.02352	0.01679	0.02427	0.02955	0.13762	0.01554	0.01744	0.02720	0.02431	0.08996	0.04423	0.27563	0.04708	0.07259	0.01678	0.00449	0.00941	0.02056	0.00922	0.09382
2	0.03208	0.09353	0.02945	0.02149	0.02774	0.02586	0.01723	0.19001	0.07641	0.09783	0.04205	0.21426	0.04049	0.02114	0.01221	0.00383	0.01013	0.01782	0.01083	0.01562
3	0.02462	0.02496	0.04609	0.03374	0.04362	0.02203	0.25554	0.03183	0.02563	0.03654	0.02757	0.09756	0.02488	0.01270	0.01206	0.00325	0.01413	0.01372	0.00685	0.24268
4	0.03488	0.17973	0.08145	0.03195	0.09639	0.03357	0.06341	0.14399	0.08783	0.09505	0.02730	0.02866	0.02054	0.01214	0.01070	0.00334	0.01303	0.00993	0.00847	0.01763
5	0.03691	0.02860	0.03849	0.02970	0.03787	0.08204	0.14042	0.12655	0.07095	0.15473	0.03241	0.03790	0.02477	0.08359	0.01792	0.00457	0.01438	0.01230	0.00957	0.01633
6	0.02606	0.02642	0.05470	0.03982	0.04940	0.02494	0.36362	0.03481	0.02671	0.03873	0.02700	0.03426	0.02058	0.01071	0.01238	0.00363	0.01619	0.01303	0.16250	0.01452
7	0.04802	0.01873	0.02551	0.02020	0.02828	0.01626	0.01640	0.05224	0.03208	0.47229	0.04788	0.09921	0.03406	0.01681	0.01204	0.00372	0.00955	0.01404	0.01400	0.01866
8	0.04059	0.02517	0.03789	0.09824	0.09705	0.02516	0.08787	0.13838	0.03501	0.24390	0.03305	0.03365	0.02247	0.01285	0.01194	0.00364	0.01304	0.01141	0.01048	0.01821
9	0.03004	0.01901	0.03083	0.09527	0.09608	0.01837	0.07270	0.03503	0.02686	0.18261	0.04327	0.21729	0.04059	0.02035	0.01295	0.00403	0.01115	0.01871	0.01000	0.01486
10	0.02020	0.01010	0.01515	0.01515	0.01515	0.01010	0.01010	0.01515	0.01515	0.02020	0.02020	0.03535	0.02020	0.04040	0.04545	0.66162	0.01010	0.01010	0.00505	0.00505
11	0.02985	0.02163	0.03668	0.37620	0.06584	0.02412	0.07731	0.03704	0.02613	0.15032	0.02706	0.03311	0.01894	0.01209	0.01187	0.00381	0.01460	0.01104	0.00747	0.01488
12	0.02897	0.22025	0.33009	0.02768	0.04173	0.03170	0.03298	0.03847	0.02526	0.08941	0.02226	0.02445	0.01638	0.01109	0.01003	0.00331	0.01491	0.00822	0.00600	0.01679
13	0.01620	0.01213	0.01686	0.01738	0.01966	0.01279	0.01345	0.02026	0.02273	0.03117	0.10865	0.13411	0.10576	0.06014	0.29224	0.01188	0.01971	0.06592	0.00865	0.01031
14	0.01421	0.01128	0.01277	0.01350	0.01627	0.00984	0.00971	0.01718	0.02598	0.03275	0.14950	0.25524	0.32886	0.03093	0.01408	0.00414	0.00611	0.02676	0.01104	0.00984
15	0.03558	0.09224	0.09413	0.02757	0.08441	0.02296	0.02250	0.04381	0.06682	0.22897	0.07330	0.04741	0.03482	0.01567	0.01172	0.00368	0.01123	0.05569	0.01047	0.01704
16	0.01781	0.01131	0.01543	0.01543	0.01612	0.01200	0.01047	0.01766	0.01697	0.02332	0.02982	0.05361	0.03118	0.25620	0.21674	0.21130	0.01753	0.01336	0.00617	0.00755
17	0.02333	0.06016	0.53100	0.03315	0.05034	0.02701	0.04297	0.03683	0.02455	0.03683	0.02087	0.02455	0.01473	0.01105	0.01105	0.00368	0.01719	0.00859	0.00491	0.01719
18	0.02519	0.02397	0.04071	0.33061	0.28758	0.02669	0.03391	0.03254	0.02478	0.03363	0.02124	0.02996	0.01688	0.01103	0.01157	0.00368	0.01471	0.01035	0.00545	0.01552
19	0.03739	0.02809	0.03417	0.02719	0.03565	0.03052	0.06711	0.22467	0.22232	0.10965	0.03701	0.03559	0.02668	0.01429	0.01194	0.00372	0.01178	0.01199	0.01142	0.01882
20	0.04345	0.05543	0.03296	0.02996	0.03596	0.54457	0.02247	0.04644	0.03296	0.02846	0.01798	0.02097	0.01498	0.01199	0.01049	0.00300	0.02097	0.00749	0.00599	0.01348
21	0.09732	0.01962	0.02310	0.01758	0.02638	0.01646	0.01415	0.03570	0.02696	0.16112	0.08375	0.03471	0.03038	0.01203	0.00982	0.00261	0.00861	0.00966	0.00946	0.36058
22	0.02745	0.03137	0.06863	0.04902	0.06078	0.02941	0.47647	0.03725	0.02745	0.03725	0.02353	0.03137	0.01765	0.00980	0.01373	0.00392	0.01961	0.01373	0.00588	0.01569
23	0.24872	0.02290	0.03157	0.26086	0.16096	0.02634	0.02627	0.03264	0.02280	0.03938	0.01940	0.02631	0.01517	0.01105	0.01007	0.00368	0.01287	0.00895	0.00600	0.01407
24	0.01417	0.01012	0.01350	0.01619	0.01687	0.00945	0.01080	0.01619	0.02227	0.02969	0.06410	0.58367	0.07692	0.03644	0.01484	0.00472	0.00675	0.03306	0.01080	0.00945
25	0.02923	0.23800	0.31459	0.02725	0.04105	0.03233	0.03222	0.03840	0.02523	0.08910	0.02211	0.02426	0.01639	0.01106	0.00991	0.00327	0.01475	0.00814	0.00601	0.01672
26	0.24952	0.02059	0.02146	0.01720	0.02568	0.01909	0.01407	0.03272	0.02359	0.08170	0.02471	0.03288	0.02089	0.01188	0.00902	0.00284	0.00903	0.04484	0.00793	0.33035
27	0.03614	0.09562	0.03040	0.02053	0.02913	0.08152	0.01691	0.09405	0.03161	0.17189	0.03820	0.03739	0.07458	0.01368	0.01046	0.00293	0.01105	0.01056	0.00961	0.18375
28	0.02847	0.02094	0.02352	0.02124	0.02695	0.02289	0.01640	0.05075	0.32513	0.10496	0.11547	0.10503	0.04959	0.01889	0.01240	0.00394	0.00850	0.01616	0.01218	0.01659

[dist]
# distance from previous block
# <min> <max>
0	9

[block]
# block no. 6 follows, 10 sequences, length 35
# corresponding to MSA columns:
# 650-684
name=unknown_G
#
# <colnr> <probs for GDERKNQSTAVLIFYWHMCP>
#	G	D	E	R	K	N	Q	S	T	A	V	L	I	F	Y	W	H	M	C	P
0	0.01470	0.01062	0.01461	0.01673	0.01771	0.01054	0.01160	0.01718	0.02150	0.02911	0.05703	0.46813	0.06665	0.04735	0.12874	0.00772	0.01199	0.02864	0.00982	0.00965
1	0.02125	0.01585	0.02485	0.02088	0.02550	0.01479	0.09095	0.02580	0.02651	0.08411	0.15778	0.11427	0.15190	0.09286	0.07369	0.00625	0.01185	0.01924	0.00986	0.01180
2	0.04534	0.02489	0.03299	0.02531	0.03440	0.02461	0.06175	0.17065	0.08542	0.30903	0.03904	0.03602	0.02597	0.01399	0.01188	0.00363	0.01153	0.01170	0.01259	0.01926
3	0.02196	0.02067	0.03488	0.56331	0.08010	0.02584	0.03230	0.02972	0.02326	0.02972	0.02067	0.03101	0.01550	0.01163	0.01163	0.00388	0.01550	0.01034	0.00517	0.01292
4	0.01616	0.01188	0.01512	0.01431	0.01719	0.01084	0.01073	0.02136	0.03220	0.04493	0.46833	0.08969	0.15505	0.02441	0.01372	0.00369	0.00553	0.02143	0.01258	0.01084
5	0.04260	0.02877	0.03586	0.03508	0.13873	0.03018	0.02396	0.29347	0.04402	0.16288	0.03047	0.03061	0.02142	0.01328	0.01162	0.00351	0.01240	0.01071	0.01096	0.01949
6	0.01660	0.01342	0.01826	0.01929	0.01981	0.01509	0.01395	0.01874	0.02131	0.02932	0.05358	0.46335	0.06363	0.03297	0.01987	0.00480	0.12814	0.02813	0.00957	0.01015
7	0.04987	0.02031	0.02692	0.02099	0.02974	0.01827	0.01722	0.05719	0.07946	0.47923	0.04603	0.03996	0.02946	0.01453	0.01171	0.00363	0.00983	0.01184	0.01414	0.01966
8	0.01672	0.01203	0.01653	0.01653	0.01786	0.01336	0.01184	0.01938	0.01805	0.02540	0.03313	0.05665	0.03384	0.26887	0.37004	0.01602	0.02399	0.01407	0.00652	0.00918
9	0.02783	0.37181	0.25876	0.02548	0.03847	0.03802	0.02961	0.03567	0.02402	0.03135	0.01815	0.02114	0.01484	0.01041	0.00897	0.00299	0.01444	0.00722	0.00495	0.01588
10	0.02459	0.02679	0.05674	0.04194	0.05132	0.02511	0.37610	0.03272	0.02633	0.03562	0.03227	0.15041	0.03042	0.01554	0.01397	0.00409	0.01684	0.01789	0.00694	0.01434
11	0.04849	0.01909	0.02608	0.02077	0.02907	0.01668	0.01728	0.05308	0.03257	0.47247	0.04762	0.04970	0.03300	0.01635	0.01218	0.00379	0.00999	0.05901	0.01399	0.01879
12	0.15773	0.01427	0.01554	0.01674	0.01941	0.01497	0.01194	0.02461	0.06900	0.03642	0.05211	0.40823	0.05894	0.02886	0.01290	0.00440	0.00748	0.02531	0.01012	0.01102
13	0.01593	0.01210	0.01506	0.01676	0.01947	0.01123	0.01340	0.01968	0.02571	0.03246	0.08273	0.22166	0.23285	0.03208	0.01495	0.00470	0.00809	0.20028	0.01076	0.01011
14	0.03046	0.02137	0.02350	0.01912	0.02543	0.02215	0.01530	0.22020	0.03917	0.05634	0.13384	0.04415	0.04141	0.01542	0.01088	0.00315	0.00892	0.01247	0.17630	0.08043
15	0.01517	0.01054	0.01320	0.01491	0.01534	0.01012	0.00942	0.01646	0.02031	0.02707	0.05404	0.39774	0.06423	0.23968	0.03109	0.00712	0.00841	0.02715	0.00942	0.00857
16	0.16267	0.01536	0.01854	0.07173	0.02596	0.01619	0.01437	0.02665	0.02213	0.08808	0.03929	0.18597	0.04051	0.08392	0.02075	0.07953	0.00971	0.05885	0.00880	0.01099
17	0.02616	0.03541	0.14423	0.08504	0.04286	0.08806	0.07842	0.03257	0.02266	0.03106	0.01957	0.02766	0.01657	0.02101	0.06661	0.00545	0.22725	0.01013	0.00534	0.01392
18	0.01941	0.01460	0.01751	0.01694	0.01901	0.01611	0.01185	0.02780	0.12110	0.02957	0.03722	0.05950	0.03667	0.30887	0.20167	0.01203	0.01707	0.01470	0.00782	0.01054
19	0.02412	0.02067	0.02412	0.01723	0.02756	0.01550	0.01378	0.02929	0.02412	0.03790	0.02067	0.02412	0.01723	0.00861	0.00861	0.00172	0.00861	0.00689	0.00689	0.66236
20	0.02564	0.22008	0.39130	0.02921	0.04425	0.03266	0.03611	0.03624	0.02428	0.03402	0.01947	0.02280	0.01479	0.01072	0.00998	0.00333	0.01578	0.00789	0.00493	0.01652
21	0.01604	0.01163	0.01365	0.01328	0.01524	0.01084	0.00903	0.01890	0.02548	0.03423	0.24689	0.08827	0.17233	0.23927	0.03089	0.00659	0.00776	0.02024	0.01019	0.00924
22	0.02020	0.01010	0.01515	0.01515	0.01515	0.01010	0.01010	0.01515	0.01515	0.02020	0.02020	0.03535	0.02020	0.04040	0.04545	0.66162	0.01010	0.01010	0.00505	0.00505
23	0.01417	0.01012	0.01350	0.01619	0.01687	0.00945	0.01080	0.01619	0.02227	0.02969	0.06410	0.58367	0.07692	0.03644	0.01484	0.00472	0.00675	0.03306	0.01080	0.00945
24	0.02406	0.11071	0.48684	0.03190	0.04841	0.02880	0.04080	0.03664	0.02447	0.03594	0.02043	0.02400	0.01475	0.01095	0.01071	0.00357	0.01674	0.00837	0.00492	0.01698
25	0.01673	0.01199	0.01631	0.01631	0.01756	0.01324	0.01157	0.01924	0.01799	0.02524	0.03333	0.05775	0.03431	0.28703	0.35253	0.01575	0.02327	0.01423	0.00655	0.00906
26	0.11704	0.02007	0.02596	0.02013	0.02894	0.01803	0.01662	0.05433	0.03188	0.47722	0.04278	0.03743	0.02710	0.01402	0.01123	0.00360	0.00980	0.01113	0.01364	0.01904
27	0.03376	0.08261	0.11545	0.08059	0.03841	0.02834	0.02581	0.03934	0.02491	0.18778	0.02652	0.02971	0.01946	0.01510	0.01981	0.00402	0.19441	0.01005	0.00801	0.01592
28	0.02020	0.01010	0.01515	0.01515	0.01515	0.01010	0.01010	0.01515	0.01515	0.02020	0.02020	0.03535	0.02020	0.04040	0.04545	0.66162	0.01010	0.01010	0.00505	0.00505
29	0.02588	0.02672	0.04270	0.03450	0.03702	0.03429	0.12211	0.02998	0.01988	0.02998	0.01704	0.02672	0.01578	0.01809	0.03293	0.00484	0.45202	0.01094	0.00526	0.01336
30	0.03203	0.03667	0.20121	0.03101	0.04261	0.02548	0.11943	0.09063	0.07073	0.13816	0.06749	0.03567	0.02775	0.01316	0.01206	0.00371	0.01419	0.01180	0.00890	0.01730
31	0.03845	0.08671	0.03075	0.02123	0.02917	0.02601	0.01769	0.20716	0.03957	0.18881	0.09623	0.04634	0.08794	0.01650	0.01166	0.00348	0.01033	0.01313	0.01172	0.01713
32	0.09566	0.03740	0.23025	0.02271	0.03242	0.07486	0.02469	0.03277	0.02509	0.03871	0.03542	0.03828	0.07502	0.01385	0.01012	0.00338	0.01239	0.01061	0.17256	0.01383
33	0.53539	0.09121	0.02371	0.01733	0.02472	0.08198	0.01445	0.03553	0.02159	0.04691	0.01638	0.01908	0.01311	0.01082	0.00757	0.00341	0.01063	0.00641	0.00682	0.01295
34	0.22799	0.02179	0.02935	0.32989	0.05630	0.02703	0.02530	0.03093	0.02155	0.03661	0.01865	0.02655	0.01456	0.01236	0.01324	0.00393	0.07635	0.00904	0.00580	0.01280

[dist]
# distance from previous block
# <min> <max>
1	4

[block]
# block no. 7 follows, 10 sequences, length 43
# corresponding to MSA columns:
# 690-732
name=unknown_H
#
# <colnr> <probs for GDERKNQSTAVLIFYWHMCP>
#	G	D	E	R	K	N	Q	S	T	A	V	L	I	F	Y	W	H	M	C	P
0	0.03756	0.14048	0.14103	0.02272	0.03274	0.02403	0.02253	0.04357	0.02828	0.26746	0.03672	0.09335	0.02845	0.01528	0.01108	0.00353	0.01162	0.01236	0.01010	0.01712
1	0.05218	0.01979	0.02699	0.02069	0.02969	0.01709	0.01709	0.05668	0.03329	0.52677	0.04588	0.03959	0.02879	0.01439	0.01170	0.00360	0.00990	0.01170	0.01439	0.01979
2	0.09146	0.01846	0.02385	0.02368	0.07618	0.01795	0.01647	0.07383	0.03195	0.18616	0.19201	0.10519	0.05643	0.01884	0.01222	0.00371	0.00874	0.01611	0.01169	0.01509
3	0.04480	0.08210	0.08785	0.02369	0.03376	0.02621	0.02161	0.17081	0.03740	0.29917	0.03532	0.03271	0.02342	0.01349	0.01121	0.00347	0.01175	0.01050	0.01170	0.01905
4	0.02207	0.01503	0.01858	0.01685	0.02088	0.01484	0.01291	0.03249	0.11821	0.09170	0.38380	0.07450	0.08859	0.02144	0.01318	0.00371	0.00658	0.01872	0.01277	0.01316
5	0.01417	0.01012	0.01350	0.01619	0.01687	0.00945	0.01080	0.01619	0.02227	0.02969	0.06410	0.58367	0.07692	0.03644	0.01484	0.00472	0.00675	0.03306	0.01080	0.00945
6	0.09941	0.08362	0.04294	0.02998	0.03934	0.02866	0.16003	0.08802	0.11480	0.14799	0.03155	0.03244	0.02267	0.01238	0.01147	0.00364	0.01323	0.01138	0.00937	0.01707
7	0.02508	0.02436	0.04289	0.32685	0.24328	0.02687	0.07787	0.03272	0.02489	0.03358	0.02141	0.03021	0.01682	0.01097	0.01179	0.00372	0.01528	0.01068	0.00546	0.01527
8	0.34629	0.02107	0.02231	0.01814	0.02628	0.02135	0.01496	0.04603	0.02690	0.30208	0.03183	0.02979	0.02112	0.01269	0.00957	0.00360	0.00947	0.00914	0.01099	0.01639
9	0.02426	0.02411	0.04325	0.36050	0.06916	0.02717	0.15356	0.03540	0.07770	0.03393	0.02446	0.03250	0.01834	0.01159	0.01223	0.00390	0.01593	0.01159	0.00611	0.01430
10	0.02917	0.14747	0.13745	0.08787	0.08594	0.02595	0.02531	0.03615	0.02763	0.12427	0.12109	0.03943	0.03642	0.01392	0.01106	0.00341	0.01207	0.01148	0.00829	0.01561
11	0.05218	0.01979	0.02699	0.02069	0.02969	0.01709	0.01709	0.05668	0.03329	0.52677	0.04588	0.03959	0.02879	0.01439	0.01170	0.00360	0.00990	0.01170	0.01439	0.01979
12	0.01440	0.01030	0.01370	0.01604	0.01692	0.00960	0.01081	0.01678	0.02335	0.03141	0.10966	0.53320	0.08026	0.03515	0.01473	0.00462	0.00662	0.03184	0.01100	0.00960
