[name]
unknown

[dist]
# distance from previous block
# <min> <max>
2	435

[block]
# block no. 0 follows, 12 sequences, length 18
# corresponding to MSA columns:
# 568-585
name=unknown_A
#
# <colnr> <probs for GDERKNQSTAVLIFYWHMCP>
#	G	D	E	R	K	N	Q	S	T	A	V	L	I	F	Y	W	H	M	C	P
0	0.23738	0.05592	0.06782	0.05099	0.08450	0.02191	0.01846	0.02804	0.02296	0.03912	0.12152	0.04441	0.07064	0.01534	0.01160	0.00354	0.04636	0.03964	0.00748	0.01235
1	0.02711	0.07877	0.31095	0.02423	0.03529	0.02186	0.02746	0.03502	0.02343	0.14398	0.02700	0.03445	0.02135	0.12104	0.01845	0.00465	0.01333	0.00995	0.00689	0.01477
2	0.01710	0.01349	0.01957	0.02367	0.11285	0.01283	0.01446	0.02183	0.02775	0.03905	0.35083	0.17805	0.08114	0.02240	0.01270	0.00360	0.00680	0.02018	0.01042	0.01127
3	0.02860	0.01356	0.01819	0.01676	0.02044	0.01247	0.01268	0.03072	0.02376	0.22876	0.04407	0.16550	0.04187	0.12964	0.02353	0.08100	0.00906	0.07735	0.01018	0.01187
4	0.06296	0.07999	0.24109	0.06854	0.07367	0.02447	0.05803	0.02960	0.02270	0.03276	0.03523	0.03831	0.11051	0.01404	0.01266	0.00353	0.06111	0.01112	0.00589	0.01379
5	0.02464	0.02435	0.03500	0.02925	0.03150	0.03166	0.07275	0.03289	0.11064	0.03065	0.02057	0.02748	0.01799	0.01728	0.02894	0.00446	0.43038	0.01039	0.00600	0.01318
6	0.01947	0.01517	0.01853	0.01949	0.02266	0.01617	0.01557	0.03178	0.18202	0.03547	0.05415	0.22177	0.05591	0.02635	0.01352	0.00445	0.00865	0.21647	0.01039	0.01200
7	0.10873	0.12869	0.03095	0.08258	0.03245	0.02273	0.01766	0.04442	0.02721	0.34858	0.03245	0.03065	0.02167	0.01210	0.00980	0.00321	0.01021	0.00937	0.01023	0.01631
8	0.14563	0.02077	0.03288	0.17317	0.04420	0.02221	0.13560	0.03262	0.05912	0.07511	0.02975	0.09922	0.02621	0.01461	0.01123	0.00376	0.01233	0.04118	0.00736	0.01304
9	0.02059	0.01938	0.03270	0.59060	0.07510	0.02422	0.03028	0.02786	0.02180	0.02786	0.01938	0.02907	0.01453	0.01090	0.01090	0.00363	0.01453	0.00969	0.00484	0.01211
10	0.01542	0.01838	0.11234	0.01756	0.02130	0.01223	0.01536	0.01970	0.02266	0.03136	0.13659	0.36841	0.06453	0.07204	0.01625	0.00454	0.00822	0.02368	0.00919	0.01026
11	0.09814	0.02520	0.09608	0.02570	0.08636	0.02181	0.02031	0.07288	0.13673	0.13979	0.12441	0.04017	0.03714	0.01416	0.01080	0.00344	0.00981	0.01172	0.00975	0.01561
12	0.01868	0.00956	0.01401	0.01401	0.01401	0.00956	0.00923	0.01434	0.01434	0.01912	0.02021	0.03630	0.02065	0.08565	0.04368	0.62730	0.00956	0.01000	0.00489	0.00489
13	0.02748	0.02248	0.02877	0.12587	0.03762	0.02493	0.05007	0.17452	0.15966	0.04800	0.14066	0.04245	0.03956	0.01486	0.01150	0.00350	0.01054	0.01275	0.00975	0.01503
14	0.02889	0.44988	0.04977	0.12353	0.03718	0.09893	0.02104	0.03300	0.02307	0.02617	0.01611	0.01984	0.01410	0.00983	0.00802	0.00262	0.01308	0.00666	0.00480	0.01350
15	0.02632	0.02278	0.08444	0.12249	0.03684	0.01746	0.01949	0.03239	0.02463	0.12714	0.06093	0.03060	0.02370	0.01082	0.00970	0.00263	0.01015	0.00897	0.00760	0.32090
16	0.17440	0.12817	0.02844	0.01860	0.02557	0.02645	0.01563	0.13217	0.08650	0.10425	0.11959	0.03569	0.03418	0.01369	0.00970	0.00321	0.00924	0.01047	0.00941	0.01464
17	0.08619	0.01542	0.05493	0.01534	0.01785	0.01406	0.01186	0.02006	0.01719	0.02632	0.02966	0.05325	0.03095	0.34072	0.21009	0.01149	0.01663	0.01294	0.00623	0.00884

[dist]
# distance from previous block
# <min> <max>
0	3

[block]
# block no. 1 follows, 12 sequences, length 15
# corresponding to MSA columns:
# 589-603
name=unknown_B
#
# <colnr> <probs for GDERKNQSTAVLIFYWHMCP>
#	G	D	E	R	K	N	Q	S	T	A	V	L	I	F	Y	W	H	M	C	P
0	0.09005	0.02407	0.04056	0.13453	0.04622	0.02576	0.20342	0.09938	0.02671	0.03832	0.02549	0.09764	0.02256	0.01397	0.01359	0.00376	0.06049	0.01310	0.00679	0.01358
1	0.01524	0.01092	0.01477	0.01651	0.01823	0.01045	0.01270	0.01896	0.02463	0.03315	0.17119	0.32148	0.07605	0.03003	0.01406	0.00440	0.00732	0.17979	0.01053	0.00959
2	0.02227	0.23079	0.08595	0.12913	0.03574	0.02694	0.02069	0.02919	0.05831	0.02956	0.03842	0.08907	0.09739	0.01617	0.01033	0.00334	0.01103	0.04623	0.00674	0.01270
3	0.01627	0.01169	0.01575	0.07725	0.02228	0.01160	0.01215	0.02116	0.02739	0.03921	0.35116	0.15002	0.07942	0.02165	0.01217	0.00349	0.00635	0.01915	0.09157	0.01026
4	0.02462	0.01462	0.01924	0.01701	0.01959	0.01551	0.01269	0.02721	0.02225	0.15015	0.11904	0.05519	0.04240	0.23388	0.08599	0.00751	0.09921	0.01402	0.00877	0.01111
5	0.02871	0.22868	0.03925	0.10485	0.09190	0.03013	0.02107	0.08114	0.07543	0.07318	0.02374	0.02710	0.01894	0.01670	0.05572	0.00413	0.01301	0.00872	0.00686	0.05075
6	0.03215	0.08478	0.07713	0.08686	0.03709	0.02671	0.05380	0.13528	0.07940	0.14272	0.06525	0.03298	0.02602	0.01335	0.01263	0.00345	0.05517	0.01063	0.00889	0.01572
7	0.03217	0.18951	0.14542	0.02408	0.03406	0.02818	0.05823	0.04348	0.12390	0.17035	0.02953	0.02913	0.02130	0.01168	0.00995	0.00320	0.01185	0.00941	0.00827	0.01630
8	0.03399	0.08396	0.07852	0.02510	0.03351	0.02422	0.08808	0.04260	0.08694	0.22615	0.03052	0.03075	0.02166	0.01257	0.01332	0.00337	0.07610	0.01014	0.00896	0.06954
9	0.01947	0.01470	0.01738	0.01635	0.02009	0.01402	0.01209	0.10171	0.02790	0.03785	0.11324	0.31585	0.11178	0.02509	0.01242	0.00367	0.00728	0.02202	0.01001	0.09709
10	0.20044	0.06754	0.07766	0.02342	0.07001	0.02305	0.01903	0.09253	0.02697	0.14521	0.03052	0.08998	0.02619	0.01494	0.01012	0.00351	0.01030	0.04531	0.00871	0.01458
11	0.13102	0.08588	0.10753	0.02675	0.09229	0.02505	0.02172	0.12808	0.02882	0.09242	0.02946	0.09633	0.02621	0.01508	0.01044	0.00348	0.01111	0.04530	0.00816	0.01486
12	0.20744	0.11889	0.14891	0.02427	0.06553	0.02674	0.02234	0.08431	0.02626	0.14533	0.02319	0.02421	0.01666	0.01100	0.00912	0.00322	0.01145	0.00803	0.00764	0.01547
13	0.08156	0.02239	0.07641	0.02476	0.08983	0.01836	0.01923	0.06497	0.02663	0.11754	0.04146	0.05280	0.09306	0.01609	0.01096	0.00337	0.00995	0.08947	0.00864	0.13252
14	0.15037	0.11551	0.09404	0.06441	0.06985	0.02568	0.02041	0.10416	0.02777	0.07551	0.07258	0.03609	0.07403	0.01343	0.00983	0.00325	0.01067	0.01044	0.00778	0.01418

[dist]
# distance from previous block
# <min> <max>
5	45

[block]
# block no. 2 follows, 12 sequences, length 10
# corresponding to MSA columns:
# 652-661
name=unknown_C
#
# <colnr> <probs for GDERKNQSTAVLIFYWHMCP>
#	G	D	E	R	K	N	Q	S	T	A	V	L	I	F	Y	W	H	M	C	P
0	0.02066	0.01650	0.07307	0.01508	0.01894	0.01260	0.01258	0.02490	0.02412	0.09095	0.19414	0.06082	0.05358	0.20451	0.02491	0.00552	0.00846	0.01481	0.11318	0.01064
1	0.01703	0.01351	0.01584	0.01495	0.01864	0.01284	0.01118	0.02513	0.10475	0.03776	0.25059	0.16137	0.16876	0.02286	0.01233	0.00352	0.00622	0.01989	0.01067	0.07216
2	0.15216	0.01650	0.01908	0.01664	0.02219	0.01631	0.01308	0.03785	0.07182	0.23419	0.09401	0.12809	0.04010	0.01709	0.01058	0.00350	0.00779	0.01416	0.07082	0.01406
3	0.01790	0.01558	0.02560	0.02088	0.02533	0.01448	0.14016	0.02221	0.02337	0.03165	0.09925	0.11032	0.17570	0.13415	0.02057	0.00492	0.00986	0.01794	0.07983	0.01033
4	0.23859	0.11019	0.08322	0.01870	0.02644	0.02518	0.01726	0.10655	0.02810	0.08701	0.12455	0.03380	0.03271	0.01319	0.00937	0.00323	0.00969	0.00989	0.00846	0.01387
5	0.02308	0.01279	0.01649	0.01486	0.01885	0.01139	0.01138	0.02731	0.02903	0.16632	0.30519	0.12729	0.14838	0.02213	0.01250	0.00355	0.00634	0.01920	0.01190	0.01202
6	0.09832	0.05153	0.02840	0.02377	0.05915	0.02090	0.07965	0.07941	0.05709	0.10144	0.03246	0.10165	0.03022	0.16311	0.02184	0.00525	0.01098	0.01366	0.00826	0.01292
7	0.02806	0.46935	0.10595	0.02054	0.03010	0.03874	0.02075	0.03678	0.10110	0.02971	0.02018	0.02169	0.01697	0.01029	0.00799	0.00266	0.01167	0.00708	0.00566	0.01473
8	0.08127	0.02901	0.10810	0.02956	0.08140	0.02481	0.09758	0.12941	0.08384	0.04456	0.05656	0.03008	0.02341	0.01149	0.01047	0.00315	0.01193	0.01006	0.00771	0.12560
9	0.03231	0.03008	0.16666	0.02279	0.03228	0.02199	0.02239	0.09145	0.13953	0.19965	0.04266	0.04036	0.07981	0.01443	0.01103	0.00349	0.01082	0.01167	0.00998	0.01661

[dist]
# distance from previous block
# <min> <max>
8	44

[block]
# block no. 3 follows, 12 sequences, length 7
# corresponding to MSA columns:
# 709-715
name=unknown_D
#
# <colnr> <probs for GDERKNQSTAVLIFYWHMCP>
#	G	D	E	R	K	N	Q	S	T	A	V	L	I	F	Y	W	H	M	C	P
0	0.02550	0.01675	0.02254	0.01986	0.02462	0.01679	0.05517	0.07266	0.09518	0.11530	0.09506	0.15616	0.04677	0.01986	0.01188	0.00371	0.00870	0.07236	0.10797	0.01318
1	0.18095	0.02140	0.02694	0.12512	0.03605	0.02355	0.05845	0.10914	0.07801	0.09324	0.02681	0.03421	0.02153	0.09999	0.01665	0.00451	0.01136	0.01041	0.00805	0.01363
2	0.18132	0.16782	0.03539	0.02169	0.02844	0.02774	0.07256	0.03150	0.02108	0.07700	0.01889	0.02329	0.01554	0.01354	0.01523	0.06006	0.09634	0.00799	0.00618	0.07840
3	0.02070	0.01507	0.02396	0.02136	0.02459	0.01501	0.08503	0.02432	0.02343	0.09483	0.09617	0.34505	0.05591	0.02533	0.01544	0.00412	0.06612	0.02268	0.00953	0.01134
4	0.10777	0.06893	0.02626	0.15390	0.03650	0.02216	0.01905	0.03607	0.11533	0.11114	0.03554	0.09292	0.03129	0.01654	0.01097	0.00374	0.01036	0.07933	0.00866	0.01353
5	0.09788	0.02131	0.02862	0.14983	0.07589	0.02281	0.02093	0.07592	0.02607	0.16881	0.02499	0.02800	0.01817	0.01217	0.01312	0.00333	0.08243	0.00916	0.00801	0.11258
6	0.02262	0.01878	0.02056	0.10188	0.02954	0.08288	0.01624	0.02902	0.07418	0.07582	0.07876	0.22987	0.08433	0.02271	0.01243	0.00390	0.00988	0.06566	0.00929	0.01167

[dist]
# distance from previous block
# <min> <max>
4	9

[block]
# block no. 4 follows, 12 sequences, length 34
# corresponding to MSA columns:
# 725-758
name=unknown_E
#
# <colnr> <probs for GDERKNQSTAVLIFYWHMCP>
#	G	D	E	R	K	N	Q	S	T	A	V	L	I	F	Y	W	H	M	C	P
0	0.02411	0.02430	0.04405	0.13090	0.11539	0.02293	0.21966	0.03134	0.02403	0.03402	0.02061	0.02702	0.01619	0.00922	0.01085	0.00300	0.01397	0.01002	0.00567	0.21271
1	0.03899	0.14980	0.03704	0.07876	0.03576	0.02591	0.05977	0.10509	0.03053	0.28354	0.03079	0.03006	0.02101	0.01194	0.01027	0.00319	0.01142	0.00975	0.00975	0.01662
2	0.18116	0.02974	0.07817	0.02161	0.03004	0.10990	0.01895	0.10561	0.03029	0.24820	0.02839	0.02737	0.01928	0.01205	0.00982	0.00328	0.01179	0.00882	0.00958	0.01593
3	0.02821	0.02575	0.08548	0.20017	0.29052	0.02384	0.03047	0.03511	0.02483	0.11530	0.02365	0.02879	0.01773	0.01070	0.01081	0.00339	0.01310	0.00975	0.00645	0.01595
4	0.17419	0.36630	0.04217	0.01837	0.02698	0.03483	0.01703	0.07526	0.02501	0.10391	0.01974	0.02084	0.01561	0.01036	0.00779	0.00277	0.01069	0.00685	0.00679	0.01451
5	0.02149	0.02072	0.07698	0.02870	0.08162	0.01700	0.12699	0.02712	0.02498	0.07739	0.11882	0.23969	0.05022	0.02047	0.01265	0.00381	0.01060	0.01937	0.00872	0.01267
6	0.02652	0.03231	0.18944	0.19982	0.10407	0.02415	0.11765	0.03517	0.02449	0.10658	0.02337	0.02833	0.01672	0.01069	0.01110	0.00351	0.01478	0.00998	0.00618	0.01515
7	0.01533	0.01165	0.01640	0.01983	0.06874	0.01100	0.01249	0.01873	0.02448	0.03371	0.21144	0.38217	0.07658	0.02792	0.01327	0.00399	0.00660	0.02526	0.01026	0.01015
8	0.02306	0.01415	0.01804	0.01748	0.02017	0.01429	0.01344	0.08594	0.02468	0.07811	0.03999	0.11884	0.04111	0.13549	0.02729	0.14980	0.00986	0.14949	0.00871	0.01004
9	0.02926	0.24877	0.11055	0.02243	0.02997	0.03123	0.02151	0.07276	0.02478	0.10048	0.02463	0.08133	0.02187	0.01454	0.01417	0.00335	0.11679	0.01030	0.00690	0.01438
10	0.02846	0.02671	0.04129	0.03190	0.04031	0.02818	0.21076	0.10861	0.26880	0.04445	0.03323	0.03435	0.02478	0.01237	0.01177	0.00363	0.01290	0.01221	0.00888	0.01643
11	0.01860	0.01259	0.01581	0.01517	0.01844	0.01190	0.01168	0.02491	0.06421	0.07997	0.32289	0.12633	0.14339	0.02353	0.01289	0.00372	0.00635	0.06499	0.01146	0.01115
12	0.02901	0.02941	0.09476	0.04635	0.21727	0.02618	0.19429	0.07007	0.06146	0.08414	0.02494	0.02922	0.01873	0.01050	0.01151	0.00345	0.01443	0.01094	0.00684	0.01648
13	0.11292	0.03128	0.20180	0.02263	0.03106	0.02227	0.02278	0.03742	0.18078	0.03854	0.03538	0.15266	0.03206	0.01678	0.01086	0.00373	0.01064	0.01399	0.00811	0.01434
14	0.01328	0.00949	0.01265	0.01518	0.01581	0.00886	0.01012	0.01518	0.02088	0.02783	0.06010	0.60969	0.07212	0.03416	0.01392	0.00443	0.00633	0.03100	0.01012	0.00886
15	0.01543	0.01038	0.01381	0.01455	0.01522	0.01067	0.00975	0.01633	0.01754	0.02386	0.03869	0.21879	0.04350	0.23664	0.16886	0.09876	0.01375	0.01848	0.00721	0.00780
16	0.22652	0.24536	0.08157	0.02525	0.07782	0.03111	0.06275	0.03451	0.02243	0.07680	0.01881	0.02146	0.01488	0.01000	0.00837	0.00301	0.01158	0.00741	0.00611	0.01424
17	0.02059	0.01938	0.03270	0.59060	0.07510	0.02422	0.03028	0.02786	0.02180	0.02786	0.01938	0.02907	0.01453	0.01090	0.01090	0.00363	0.01453	0.00969	0.00484	0.01211
18	0.13856	0.02273	0.03186	0.08373	0.19366	0.02677	0.02403	0.03194	0.06525	0.03483	0.02056	0.02708	0.01744	0.01809	0.05766	0.00479	0.17178	0.00939	0.00595	0.01391
19	0.03717	0.16621	0.03631	0.02488	0.03202	0.29179	0.02013	0.14549	0.07925	0.03743	0.02107	0.02256	0.01679	0.01156	0.00958	0.00289	0.01526	0.00787	0.00708	0.01465
20	0.03454	0.02792	0.03299	0.02648	0.03178	0.03365	0.02195	0.32164	0.03770	0.05205	0.02152	0.02527	0.01688	0.01544	0.02067	0.00386	0.24150	0.00971	0.00850	0.01595
21	0.02292	0.38247	0.03968	0.01729	0.02321	0.02969	0.01531	0.02579	0.02165	0.02651	0.03279	0.24988	0.03680	0.01907	0.00971	0.00315	0.00957	0.01571	0.00681	0.01198
22	0.03161	0.50180	0.05155	0.02066	0.02920	0.15588	0.01917	0.03497	0.02402	0.02587	0.01552	0.01795	0.01400	0.00973	0.00760	0.00243	0.01336	0.00608	0.00487	0.01370
23	0.01669	0.01220	0.01418	0.01472	0.01592	0.01255	0.00957	0.02224	0.09860	0.02745	0.04536	0.26362	0.05053	0.30858	0.03327	0.00724	0.00871	0.02084	0.00860	0.00911
24	0.01357	0.00971	0.01290	0.01499	0.01588	0.00904	0.01014	0.01589	0.02219	0.02992	0.12353	0.54030	0.07616	0.03260	0.01378	0.00430	0.00617	0.02952	0.01037	0.00904
25	0.01898	0.01315	0.01490	0.01403	0.01543	0.01347	0.00903	0.08140	0.02209	0.02970	0.07541	0.10864	0.04441	0.44472	0.04300	0.00857	0.01000	0.01656	0.00787	0.00864
26	0.01662	0.01245	0.01509	0.01543	0.01825	0.01188	0.01183	0.05696	0.02719	0.03572	0.17302	0.23177	0.19720	0.02753	0.01339	0.00403	0.00697	0.10386	0.01057	0.01023
27	0.01863	0.01444	0.01765	0.01658	0.01839	0.01597	0.01208	0.06683	0.02179	0.02933	0.04546	0.13234	0.11617	0.22961	0.11065	0.00817	0.09163	0.01692	0.00769	0.00967
28	0.01328	0.00949	0.01265	0.01518	0.01581	0.00886	0.01012	0.01518	0.02088	0.02783	0.06010	0.60969	0.07212	0.03416	0.01392	0.00443	0.00633	0.03100	0.01012	0.00886
29	0.01480	0.01066	0.01401	0.01415	0.01615	0.00987	0.01024	0.01899	0.02793	0.03906	0.40134	0.23643	0.09385	0.02577	0.01317	0.00372	0.00549	0.02303	0.01145	0.00987
30	0.01328	0.00949	0.01265	0.01518	0.01581	0.00886	0.01012	0.01518	0.02088	0.02783	0.06010	0.60969	0.07212	0.03416	0.01392	0.00443	0.00633	0.03100	0.01012	0.00886
31	0.02031	0.01243	0.01491	0.01353	0.01766	0.01083	0.01041	0.02420	0.02820	0.12953	0.25698	0.08411	0.28930	0.02312	0.01253	0.00353	0.00606	0.01964	0.01142	0.01129
32	0.03370	0.39894	0.04683	0.02236	0.03023	0.25127	0.01960	0.03693	0.02559	0.02606	0.01582	0.01834	0.01401	0.01008	0.00811	0.00252	0.01480	0.00630	0.00504	0.01346
33	0.04071	0.02393	0.03820	0.02829	0.03755	0.02265	0.16296	0.13042	0.03320	0.31411	0.03378	0.03286	0.02238	0.01215	0.01152	0.00345	0.01246	0.01132	0.01067	0.01741

[dist]
# distance from previous block
# <min> <max>
9	12

[block]
# block no. 5 follows, 12 sequences, length 45
# corresponding to MSA columns:
# 771-815
name=unknown_F
#
# <colnr> <probs for GDERKNQSTAVLIFYWHMCP>
#	G	D	E	R	K	N	Q	S	T	A	V	L	I	F	Y	W	H	M	C	P
0	0.02372	0.02026	0.02444	0.02704	0.12398	0.02113	0.01750	0.09772	0.18216	0.04076	0.06187	0.05994	0.21763	0.01834	0.01168	0.00355	0.00875	0.01545	0.00962	0.01445
1	0.03007	0.03330	0.03300	0.02801	0.03418	0.22707	0.11221	0.04252	0.18056	0.03419	0.03197	0.10604	0.02808	0.01496	0.01134	0.00346	0.01429	0.01294	0.00786	0.01394
2	0.02568	0.02634	0.05017	0.12847	0.30386	0.02630	0.20932	0.03326	0.02476	0.03434	0.02093	0.02816	0.01664	0.00968	0.01158	0.00345	0.01517	0.01088	0.00537	0.01564
3	0.23610	0.19898	0.08049	0.02036	0.02868	0.13403	0.01862	0.03744	0.02401	0.10398	0.01957	0.02107	0.01504	0.01058	0.00829	0.00298	0.01230	0.00696	0.00665	0.01386
4	0.02455	0.01470	0.01714	0.01537	0.01906	0.01414	0.01117	0.08860	0.02625	0.13307	0.05581	0.14468	0.15273	0.20367	0.02540	0.00578	0.00876	0.01793	0.00980	0.01139
5	0.24723	0.21239	0.03323	0.01995	0.02714	0.15955	0.01681	0.03844	0.09164	0.03614	0.01952	0.02121	0.01591	0.01077	0.00814	0.00297	0.01209	0.00701	0.00643	0.01341
6	0.01485	0.01122	0.01415	0.01469	0.01713	0.00988	0.01036	0.01777	0.02317	0.03171	0.14169	0.39650	0.11233	0.02809	0.01287	0.00382	0.00628	0.02511	0.00996	0.09842
7	0.32944	0.02393	0.07524	0.02302	0.06723	0.02205	0.04984	0.03182	0.05809	0.04125	0.02497	0.10023	0.02271	0.01338	0.00922	0.00339	0.00990	0.01072	0.00709	0.07648
8	0.03841	0.04186	0.13239	0.02660	0.03555	0.22963	0.02399	0.18612	0.03564	0.11112	0.02368	0.02460	0.01709	0.01193	0.01041	0.00315	0.01527	0.00860	0.00808	0.01589
9	0.01402	0.01035	0.01311	0.01398	0.01582	0.00944	0.00989	0.01726	0.02522	0.03398	0.24713	0.33291	0.15934	0.02871	0.01336	0.00394	0.00576	0.02554	0.01082	0.00944
10	0.02529	0.01536	0.02388	0.02311	0.07351	0.01457	0.06050	0.02700	0.02180	0.13707	0.03931	0.04675	0.09619	0.07220	0.07315	0.20705	0.01186	0.01269	0.00770	0.01100
11	0.02036	0.01138	0.01315	0.08699	0.02096	0.01202	0.01062	0.02573	0.02273	0.03896	0.03343	0.03912	0.02617	0.01246	0.00806	0.00269	0.00633	0.01010	0.58833	0.01042
12	0.01583	0.01199	0.01515	0.01673	0.01968	0.01131	0.01413	0.02002	0.02501	0.03145	0.07727	0.11630	0.24121	0.02919	0.01425	0.00452	0.00837	0.30778	0.01007	0.00973
13	0.02628	0.01368	0.01649	0.01454	0.01969	0.01170	0.01133	0.02949	0.02682	0.22453	0.08057	0.12893	0.30670	0.02302	0.01227	0.00364	0.00699	0.01933	0.01137	0.01264
14	0.16107	0.02546	0.03134	0.03479	0.18516	0.02737	0.02202	0.18027	0.09871	0.08970	0.02607	0.02756	0.01947	0.01176	0.01010	0.00335	0.01094	0.00946	0.00868	0.01670
15	0.03627	0.04351	0.03523	0.04069	0.20081	0.39554	0.02509	0.04027	0.02893	0.02958	0.01804	0.02204	0.01509	0.01074	0.01014	0.00295	0.01749	0.00790	0.00555	0.01414
16	0.02033	0.01016	0.01016	0.01016	0.01270	0.01016	0.00762	0.02541	0.02287	0.04065	0.03557	0.04065	0.02795	0.01270	0.00762	0.00254	0.00508	0.01016	0.67734	0.01016
17	0.51043	0.02976	0.02020	0.01820	0.02463	0.17851	0.01441	0.03528	0.02202	0.04268	0.01565	0.01826	0.01244	0.01043	0.00761	0.00322	0.01159	0.00622	0.00643	0.01204
18	0.09904	0.02758	0.03214	0.03433	0.17556	0.07348	0.02199	0.18258	0.03319	0.09563	0.02340	0.02558	0.01762	0.01107	0.01001	0.00302	0.01181	0.00883	0.00815	0.10502
19	0.02612	0.02833	0.05816	0.05240	0.20824	0.02706	0.36289	0.03448	0.02546	0.03514	0.02158	0.02867	0.01677	0.00935	0.01223	0.00354	0.01671	0.01190	0.00548	0.01549
20	0.01361	0.01049	0.01244	0.01319	0.01549	0.00932	0.00942	0.01660	0.02475	0.03210	0.19022	0.28662	0.26894	0.02883	0.01326	0.00390	0.00573	0.02522	0.01055	0.00932
21	0.01595	0.01174	0.01581	0.01880	0.06163	0.01139	0.01162	0.01833	0.02132	0.02894	0.11586	0.27238	0.06039	0.21907	0.02707	0.00622	0.00840	0.05710	0.00883	0.00915
22	0.18149	0.08023	0.06661	0.07597	0.03345	0.07204	0.01936	0.08557	0.02801	0.21676	0.02659	0.02677	0.01843	0.01167	0.00954	0.00325	0.01148	0.00862	0.00882	0.01536
23	0.02033	0.01016	0.01016	0.01016	0.01270	0.01016	0.00762	0.02541	0.02287	0.04065	0.03557	0.04065	0.02795	0.01270	0.00762	0.00254	0.00508	0.01016	0.67734	0.01016
24	0.01549	0.01134	0.01567	0.01513	0.01747	0.01153	0.01153	0.02017	0.02592	0.03690	0.35265	0.06714	0.07486	0.04433	0.22063	0.00865	0.01406	0.01674	0.00972	0.01008
25	0.02840	0.02991	0.04417	0.04182	0.16003	0.09925	0.19680	0.04215	0.16679	0.03698	0.02724	0.03071	0.02106	0.01115	0.01149	0.00347	0.01457	0.01121	0.00706	0.01574
26	0.03344	0.41164	0.04741	0.02215	0.03011	0.23949	0.01955	0.03668	0.02539	0.02604	0.01579	0.01830	0.01401	0.01004	0.00805	0.00251	0.01463	0.00627	0.00502	0.01349
27	0.02853	0.11073	0.07520	0.01896	0.02860	0.02109	0.01710	0.03621	0.07206	0.12603	0.02528	0.02615	0.01915	0.01004	0.00891	0.00238	0.00956	0.00785	0.00771	0.34847
28	0.02651	0.02944	0.10813	0.11559	0.09001	0.02709	0.13465	0.08620	0.18578	0.04047	0.02863	0.03155	0.02142	0.01177	0.01132	0.00357	0.01337	0.01103	0.00756	0.01591
29	0.02033	0.01016	0.01016	0.01016	0.01270	0.01016	0.00762	0.02541	0.02287	0.04065	0.03557	0.04065	0.02795	0.01270	0.00762	0.00254	0.00508	0.01016	0.67734	0.01016
30	0.02641	0.02532	0.04322	0.11391	0.50629	0.02576	0.03318	0.03296	0.02456	0.03493	0.02041	0.02717	0.01703	0.00982	0.01080	0.00327	0.01310	0.00971	0.00535	0.01681
31	0.03400	0.02145	0.02869	0.03078	0.14427	0.02167	0.01998	0.11037	0.11614	0.20465	0.03824	0.11717	0.03122	0.01581	0.01137	0.00354	0.00996	0.01366	0.01040	0.01663
32	0.10241	0.02322	0.02724	0.02107	0.02946	0.02335	0.01740	0.22148	0.03754	0.33140	0.03435	0.03137	0.02254	0.01305	0.01058	0.00334	0.01021	0.01010	0.01195	0.01796
33	0.01328	0.00949	0.01265	0.01518	0.01581	0.00886	0.01012	0.01518	0.02088	0.02783	0.06010	0.60969	0.07212	0.03416	0.01392	0.00443	0.00633	0.03100	0.01012	0.00886
34	0.02915	0.62337	0.05714	0.01866	0.02799	0.04314	0.01866	0.03265	0.02215	0.02565	0.01516	0.01749	0.01399	0.00933	0.00700	0.00233	0.01166	0.00583	0.00466	0.01399
35	0.02033	0.01016	0.01016	0.01016	0.01270	0.01016	0.00762	0.02541	0.02287	0.04065	0.03557	0.04065	0.02795	0.01270	0.00762	0.00254	0.00508	0.01016	0.67734	0.01016
36	0.01371	0.01009	0.01285	0.01425	0.01576	0.00923	0.00989	0.01646	0.02370	0.03165	0.17610	0.41738	0.14775	0.03054	0.01353	0.00409	0.00594	0.02730	0.01055	0.00923
37	0.03075	0.25300	0.05363	0.03117	0.04053	0.11623	0.20752	0.08061	0.02761	0.03345	0.01911	0.02322	0.01541	0.00992	0.01005	0.00301	0.01548	0.00909	0.00573	0.01449
38	0.15742	0.02150	0.02528	0.01973	0.02794	0.02120	0.01629	0.14594	0.03326	0.36739	0.03473	0.03151	0.02263	0.01283	0.01023	0.00335	0.00971	0.00986	0.01180	0.01740
39	0.02033	0.01016	0.01016	0.01016	0.01270	0.01016	0.00762	0.02541	0.02287	0.04065	0.03557	0.04065	0.02795	0.01270	0.00762	0.00254	0.00508	0.01016	0.67734	0.01016
40	0.27699	0.08416	0.07844	0.02045	0.02866	0.02895	0.01837	0.14347	0.13772	0.04894	0.02438	0.02507	0.01837	0.01174	0.00898	0.00333	0.01031	0.00836	0.00820	0.01510
41	0.01618	0.01161	0.01403	0.01411	0.01580	0.01079	0.00941	0.01781	0.01899	0.02596	0.04170	0.22071	0.04772	0.31999	0.03392	0.00716	0.00900	0.06010	0.00788	0.09713
42	0.03797	0.04618	0.02963	0.02689	0.03262	0.46243	0.02030	0.04646	0.13184	0.03052	0.02243	0.02392	0.01794	0.01196	0.01009	0.00299	0.01743	0.00810	0.00673	0.01358
43	0.02915	0.62337	0.05714	0.01866	0.02799	0.04314	0.01866	0.03265	0.02215	0.02565	0.01516	0.01749	0.01399	0.00933	0.00700	0.00233	0.01166	0.00583	0.00466	0.01399
44	0.02574	0.02941	0.06434	0.04596	0.05699	0.02757	0.50919	0.03493	0.02574	0.03493	0.02206	0.02941	0.01654	0.00919	0.01287	0.00368	0.01838	0.01287	0.00551	0.01471

[dist]
# distance from previous block
# <min> <max>
0	8

[block]
# block no. 6 follows, 12 sequences, length 57
# corresponding to MSA columns:
# 824-880
name=unknown_G
#
# <colnr> <probs for GDERKNQSTAVLIFYWHMCP>
#	G	D	E	R	K	N	Q	S	T	A	V	L	I	F	Y	W	H	M	C	P
0	0.01543	0.01115	0.01457	0.01372	0.01629	0.01029	0.01029	0.02058	0.03086	0.04372	0.54304	0.08145	0.10288	0.02229	0.01286	0.00343	0.00514	0.01972	0.01200	0.01029
1	0.02033	0.01016	0.01016	0.01016	0.01270	0.01016	0.00762	0.02541	0.02287	0.04065	0.03557	0.04065	0.02795	0.01270	0.00762	0.00254	0.00508	0.01016	0.67734	0.01016
2	0.03026	0.02739	0.04100	0.03149	0.04005	0.02898	0.19533	0.16508	0.22643	0.04763	0.03172	0.03294	0.02351	0.01234	0.01169	0.00358	0.01300	0.01188	0.00904	0.01667
3	0.01558	0.01168	0.01752	0.01752	0.01947	0.01363	0.01363	0.01947	0.01752	0.02531	0.02921	0.04283	0.02726	0.08178	0.57360	0.01752	0.02921	0.01168	0.00584	0.00974
4	0.02311	0.02094	0.02960	0.37129	0.05706	0.02534	0.02526	0.03946	0.21753	0.03471	0.02903	0.03355	0.02177	0.01240	0.01098	0.00366	0.01226	0.01071	0.00726	0.01410
5	0.02033	0.01016	0.01016	0.01016	0.01270	0.01016	0.00762	0.02541	0.02287	0.04065	0.03557	0.04065	0.02795	0.01270	0.00762	0.00254	0.00508	0.01016	0.67734	0.01016
6	0.01289	0.01105	0.01105	0.01105	0.01473	0.00920	0.00828	0.01565	0.02485	0.02946	0.11046	0.10493	0.54437	0.02761	0.01289	0.00368	0.00552	0.02301	0.01013	0.00920
7	0.01935	0.01635	0.02323	0.23770	0.04097	0.01844	0.01915	0.02955	0.10954	0.03791	0.25874	0.05451	0.05731	0.01666	0.01181	0.00355	0.00934	0.01463	0.00909	0.01214
8	0.04145	0.03054	0.03272	0.02509	0.03381	0.03381	0.02072	0.51243	0.05127	0.06872	0.02618	0.02618	0.01854	0.01309	0.01091	0.00327	0.01200	0.00982	0.01091	0.01854
9	0.01702	0.01381	0.02029	0.01946	0.02107	0.01708	0.01541	0.02065	0.01738	0.02547	0.02661	0.03952	0.02500	0.07083	0.47972	0.01530	0.12829	0.01131	0.00565	0.01012
10	0.02336	0.04599	0.36895	0.03682	0.05097	0.02619	0.22121	0.03468	0.02407	0.03468	0.02053	0.02549	0.01487	0.00991	0.01133	0.00354	0.01699	0.00991	0.00496	0.01557
11	0.03995	0.03820	0.03133	0.02600	0.03331	0.24129	0.02056	0.29265	0.08427	0.05052	0.02414	0.02490	0.01807	0.01252	0.01051	0.00313	0.01467	0.00895	0.00888	0.01616
12	0.02286	0.11753	0.07555	0.16109	0.04202	0.02311	0.06421	0.02910	0.02323	0.03254	0.05583	0.02817	0.02137	0.01024	0.00954	0.00268	0.01156	0.00878	0.00594	0.25463
13	0.01946	0.02645	0.15261	0.03080	0.07930	0.01865	0.14069	0.02599	0.02289	0.03176	0.03816	0.28409	0.04053	0.02053	0.01258	0.00392	0.01207	0.01951	0.00733	0.01267
14	0.01500	0.01032	0.01268	0.01388	0.01434	0.01007	0.00892	0.01617	0.01861	0.02475	0.04644	0.28660	0.05434	0.33845	0.03575	0.00769	0.00886	0.06108	0.00828	0.00778
15	0.02218	0.05423	0.52043	0.03227	0.04798	0.02550	0.07799	0.03456	0.02324	0.03456	0.01977	0.02353	0.01403	0.01027	0.01056	0.00347	0.01630	0.00844	0.00468	0.01600
16	0.02704	0.08145	0.12771	0.03739	0.15317	0.02401	0.13358	0.03399	0.02446	0.10429	0.02719	0.07554	0.02279	0.01794	0.05634	0.00455	0.01484	0.01184	0.00675	0.01511
17	0.01486	0.01015	0.01219	0.01316	0.01341	0.00991	0.00796	0.01560	0.01779	0.02372	0.04429	0.27906	0.05217	0.39200	0.03945	0.00820	0.00893	0.02170	0.00796	0.00747
18	0.04433	0.02592	0.02986	0.02289	0.03151	0.02695	0.01891	0.33522	0.04353	0.25686	0.03267	0.03040	0.02180	0.01325	0.01093	0.00331	0.01095	0.01026	0.01191	0.01855
19	0.01610	0.01331	0.02039	0.23720	0.03869	0.01479	0.01790	0.02007	0.02123	0.02784	0.04439	0.38566	0.04990	0.02519	0.01275	0.00412	0.00949	0.02278	0.00809	0.01011
20	0.02033	0.01016	0.01016	0.01016	0.01270	0.01016	0.00762	0.02541	0.02287	0.04065	0.03557	0.04065	0.02795	0.01270	0.00762	0.00254	0.00508	0.01016	0.67734	0.01016
21	0.01469	0.01163	0.01356	0.01453	0.01776	0.01050	0.01187	0.01833	0.02495	0.03068	0.09011	0.11190	0.35854	0.02858	0.01373	0.00420	0.00727	0.19756	0.01009	0.00953
22	0.01322	0.00975	0.01239	0.01450	0.01564	0.00891	0.00982	0.01526	0.02153	0.02810	0.06840	0.52644	0.15001	0.03308	0.01375	0.00431	0.00619	0.02968	0.01012	0.00891
23	0.02501	0.02727	0.05240	0.03927	0.04604	0.02982	0.32193	0.03158	0.02225	0.03158	0.01907	0.02727	0.01568	0.01301	0.02171	0.00410	0.24158	0.01158	0.00523	0.01363
24	0.02540	0.02210	0.03384	0.04641	0.32477	0.02242	0.02513	0.10064	0.02773	0.03847	0.03224	0.18692	0.03253	0.01694	0.01167	0.00357	0.01099	0.01558	0.00753	0.01515
25	0.02385	0.02385	0.03340	0.02863	0.02863	0.03340	0.02385	0.02624	0.01670	0.02624	0.01431	0.02385	0.01431	0.01908	0.03578	0.00477	0.59685	0.00954	0.00477	0.01193
26	0.04073	0.05197	0.03090	0.02809	0.03371	0.57303	0.02107	0.04354	0.03090	0.02669	0.01685	0.01966	0.01404	0.01124	0.00983	0.00281	0.01966	0.00702	0.00562	0.01264
27	0.02033	0.01016	0.01016	0.01016	0.01270	0.01016	0.00762	0.02541	0.02287	0.04065	0.03557	0.04065	0.02795	0.01270	0.00762	0.00254	0.00508	0.01016	0.67734	0.01016
28	0.01634	0.01323	0.01975	0.22190	0.03652	0.01467	0.01680	0.01986	0.02038	0.02674	0.04119	0.31177	0.04602	0.12188	0.01969	0.00516	0.00998	0.02083	0.00764	0.00966
29	0.54807	0.02798	0.01934	0.01741	0.02390	0.14689	0.01387	0.03462	0.02131	0.04396	0.01556	0.01815	0.01231	0.01037	0.00744	0.00325	0.01094	0.00615	0.00650	0.01199
30	0.02509	0.02734	0.02251	0.02477	0.07017	0.22806	0.01642	0.02775	0.02509	0.02808	0.03989	0.33015	0.04483	0.02314	0.01206	0.00370	0.01206	0.01985	0.00796	0.01107
31	0.03221	0.47467	0.05078	0.02055	0.02946	0.08763	0.01921	0.11376	0.02778	0.03294	0.01715	0.01913	0.01476	0.01012	0.00790	0.00253	0.01241	0.00660	0.00579	0.01464
32	0.04892	0.01856	0.02530	0.01940	0.02783	0.01603	0.01603	0.05314	0.03121	0.55634	0.04302	0.03711	0.02699	0.01350	0.01096	0.00337	0.00928	0.01096	0.01350	0.01856
33	0.02437	0.12473	0.08844	0.08598	0.25938	0.02628	0.06843	0.03083	0.02456	0.03344	0.06794	0.03530	0.06014	0.01203	0.01063	0.00322	0.01246	0.01093	0.00604	0.01488
34	0.01853	0.01655	0.02258	0.23606	0.04107	0.01646	0.01804	0.02360	0.02306	0.03051	0.05030	0.05305	0.19485	0.01580	0.01080	0.00310	0.00970	0.01333	0.00708	0.19553
35	0.02261	0.01938	0.02261	0.01615	0.02584	0.01453	0.01292	0.02745	0.02261	0.03553	0.01938	0.02261	0.01615	0.00807	0.00807	0.00161	0.00807	0.00646	0.00646	0.68346
36	0.02147	0.02898	0.19810	0.02655	0.03475	0.01844	0.09925	0.02888	0.02408	0.06840	0.03948	0.17106	0.03942	0.02025	0.01270	0.00408	0.01246	0.13078	0.00785	0.01304
37	0.01447	0.01069	0.01462	0.06388	0.02065	0.01054	0.01159	0.01721	0.02220	0.02992	0.13420	0.42967	0.06966	0.07702	0.01683	0.00469	0.00717	0.02610	0.00970	0.00919
38	0.02261	0.01938	0.02261	0.01615	0.02584	0.01453	0.01292	0.02745	0.02261	0.03553	0.01938	0.02261	0.01615	0.00807	0.00807	0.00161	0.00807	0.00646	0.00646	0.68346
39	0.12012	0.26255	0.11942	0.02232	0.03160	0.07904	0.05783	0.03423	0.02377	0.07263	0.02633	0.02802	0.05749	0.01155	0.00896	0.00298	0.01244	0.00860	0.00622	0.01392
40	0.11181	0.01644	0.01861	0.01496	0.02150	0.01426	0.01175	0.02543	0.02524	0.04053	0.22085	0.04464	0.04902	0.01384	0.00974	0.00256	0.00699	0.01150	0.00864	0.33170
41	0.12229	0.01680	0.02145	0.02095	0.06491	0.01565	0.01477	0.03479	0.02504	0.23715	0.04051	0.20727	0.03695	0.01856	0.01102	0.00353	0.00845	0.01589	0.01026	0.07377
42	0.02621	0.01927	0.02298	0.01660	0.02611	0.01474	0.01335	0.03097	0.02379	0.10689	0.02262	0.02460	0.01764	0.00882	0.00847	0.00186	0.00824	0.00708	0.00742	0.59236
43	0.01886	0.01438	0.02123	0.02650	0.09469	0.01438	0.01975	0.02408	0.02506	0.03304	0.05263	0.10984	0.05652	0.02732	0.01448	0.00478	0.01044	0.41160	0.00940	0.01103
44	0.08915	0.02256	0.02833	0.02565	0.07129	0.02336	0.05507	0.04697	0.25730	0.12268	0.03451	0.03364	0.02547	0.01242	0.01039	0.00329	0.00973	0.01057	0.00956	0.10806
45	0.03308	0.02630	0.02893	0.02326	0.03064	0.02909	0.01885	0.26807	0.19050	0.05370	0.02985	0.02993	0.02238	0.01340	0.01258	0.00330	0.05746	0.01010	0.00986	0.10872
46	0.01693	0.01135	0.01445	0.01437	0.01446	0.01211	0.00929	0.01630	0.01623	0.02200	0.03251	0.13199	0.03702	0.34902	0.04505	0.16566	0.06194	0.01588	0.00649	0.00695
47	0.02236	0.01853	0.03038	0.42168	0.10445	0.02163	0.02668	0.02858	0.02267	0.06977	0.02690	0.10907	0.02363	0.01419	0.01131	0.00369	0.01286	0.01271	0.00629	0.01262
48	0.60186	0.02085	0.01693	0.01459	0.02174	0.02310	0.01196	0.03142	0.01911	0.04709	0.01576	0.01838	0.01240	0.00984	0.00693	0.00313	0.00839	0.00598	0.00671	0.10383
49	0.11897	0.03719	0.24371	0.03223	0.04427	0.02469	0.19223	0.03689	0.02446	0.10847	0.02304	0.02640	0.01628	0.01036	0.01080	0.00351	0.01489	0.00980	0.00643	0.01538
50	0.02973	0.01861	0.02299	0.01738	0.02616	0.01481	0.01417	0.03441	0.02526	0.18410	0.02912	0.03457	0.02288	0.01134	0.00944	0.00238	0.00857	0.04428	0.00875	0.44105
51	0.01476	0.00999	0.01367	0.01585	0.01670	0.00954	0.01125	0.01626	0.02065	0.02740	0.05407	0.45103	0.06330	0.03401	0.01804	0.09747	0.00736	0.10079	0.00937	0.00849
52	0.12079	0.02426	0.02478	0.02158	0.02824	0.02784	0.01707	0.12816	0.38159	0.04982	0.03742	0.03518	0.02795	0.01388	0.01047	0.00358	0.00915	0.01104	0.01047	0.01672
53	0.02368	0.02324	0.03192	0.02692	0.02824	0.03081	0.02236	0.02641	0.01751	0.02751	0.01501	0.02368	0.01456	0.01758	0.03199	0.00434	0.51618	0.00912	0.00500	0.10394
54	0.16555	0.27417	0.20398	0.02172	0.03257	0.03159	0.02382	0.03471	0.02239	0.07458	0.01872	0.02080	0.01450	0.01014	0.00831	0.00298	0.01221	0.00694	0.00576	0.01456
55	0.12048	0.01684	0.01946	0.01703	0.02241	0.01671	0.01333	0.06781	0.07289	0.19292	0.12712	0.14138	0.08877	0.01915	0.01135	0.00360	0.00782	0.01605	0.01109	0.01379
56	0.04892	0.01856	0.02530	0.01940	0.02783	0.01603	0.01603	0.05314	0.03121	0.55634	0.04302	0.03711	0.02699	0.01350	0.01096	0.00337	0.00928	0.01096	0.01350	0.01856

[dist]
# distance from previous block
# <min> <max>
0	15

[block]
# block no. 7 follows, 12 sequences, length 10
# corresponding to MSA columns:
# 896-905
name=unknown_H
#
# <colnr> <probs for GDERKNQSTAVLIFYWHMCP>
#	G	D	E	R	K	N	Q	S	T	A	V	L	I	F	Y	W	H	M	C	P
0	0.02204	0.04805	0.43907	0.02771	0.04238	0.02289	0.03412	0.03294	0.02293	0.03476	0.01952	0.02293	0.01434	0.00984	0.00984	0.00304	0.01430	0.00770	0.00502	0.16659
1	0.02738	0.21432	0.07976	0.08194	0.03424	0.02571	0.06144	0.03228	0.02385	0.12442	0.03175	0.15728	0.02972	0.01592	0.01047	0.00334	0.01126	0.01363	0.00759	0.01370
2	0.01372	0.01052	0.01271	0.01426	0.01633	0.00950	0.01044	0.01639	0.02300	0.02913	0.07931	0.34630	0.25407	0.03106	0.01368	0.00422	0.00653	0.08955	0.01011	0.00916
3	0.01758	0.01305	0.01625	0.01596	0.01905	0.01187	0.01207	0.02056	0.02107	0.02904	0.04212	0.15178	0.04634	0.20866	0.02594	0.00590	0.00925	0.16471	0.00817	0.16065
4	0.17186	0.01910	0.02938	0.02304	0.02934	0.01884	0.17112	0.02696	0.02272	0.03650	0.04384	0.04919	0.14112	0.06295	0.01419	0.00401	0.01069	0.01351	0.10015	0.01150
5	0.54842	0.02052	0.01812	0.01548	0.02261	0.02256	0.01276	0.03681	0.02141	0.16333	0.02146	0.02209	0.01523	0.01088	0.00770	0.00337	0.00862	0.00705	0.00827	0.01333
6	0.01973	0.01178	0.01729	0.01652	0.01652	0.01332	0.01178	0.01614	0.01461	0.02011	0.01820	0.03165	0.01820	0.03486	0.04151	0.57371	0.10395	0.00948	0.00474	0.00589
7	0.16763	0.01282	0.01474	0.01598	0.01843	0.01352	0.01200	0.02058	0.02050	0.03292	0.04556	0.33388	0.05130	0.03446	0.08632	0.00600	0.01034	0.08444	0.00878	0.00980
8	0.27464	0.10759	0.03265	0.02145	0.02980	0.02458	0.10939	0.03092	0.02216	0.03954	0.05128	0.02514	0.01985	0.01015	0.00866	0.00289	0.01053	0.00825	0.00648	0.16403
9	0.21842	0.09690	0.14019	0.03084	0.12928	0.02653	0.05383	0.03432	0.06557	0.03850	0.02261	0.05739	0.01912	0.01174	0.00944	0.00335	0.01173	0.00949	0.00631	0.01444

[dist]
# distance from previous block
# <min> <max>
1	82

[block]
# block no. 8 follows, 12 sequences, length 7
# corresponding to MSA columns:
# 988-994
name=unknown_I
#
# <colnr> <probs for GDERKNQSTAVLIFYWHMCP>
#	G	D	E	R	K	N	Q	S	T	A	V	L	I	F	Y	W	H	M	C	P
0	0.15200	0.02599	0.10054	0.06119	0.07826	0.02034	0.04995	0.03032	0.02222	0.03744	0.01886	0.02294	0.01501	0.00918	0.00885	0.00260	0.01073	0.00746	0.00600	0.32011
1	0.15236	0.01474	0.01742	0.01584	0.01990	0.01533	0.01216	0.02273	0.01827	0.03106	0.02406	0.03556	0.02238	0.09580	0.26030	0.06965	0.01765	0.00969	0.00611	0.13897
2	0.16836	0.02634	0.02803	0.02189	0.03018	0.02847	0.01807	0.32858	0.04098	0.16205	0.02742	0.02673	0.01893	0.01260	0.01012	0.00331	0.01077	0.00929	0.01062	0.01725
3	0.01894	0.00947	0.01420	0.01420	0.01420	0.00947	0.00947	0.01420	0.01420	0.01894	0.01894	0.03314	0.01894	0.03788	0.04261	0.68277	0.00947	0.00947	0.00473	0.00473
4	0.15120	0.01351	0.01709	0.11438	0.02681	0.01474	0.01382	0.02055	0.01929	0.03033	0.03619	0.28046	0.03992	0.02606	0.01748	0.13450	0.00877	0.01817	0.00750	0.00922
5	0.02853	0.01723	0.02113	0.01743	0.02376	0.01599	0.01377	0.03829	0.12511	0.18673	0.20212	0.04941	0.05086	0.01554	0.01103	0.00310	0.00756	0.01319	0.01114	0.14806
6	0.16221	0.01564	0.01835	0.01565	0.02087	0.01512	0.01227	0.03374	0.02726	0.22038	0.22152	0.05254	0.05309	0.06731	0.01461	0.00401	0.00769	0.01361	0.01101	0.01314

[dist]
# distance from previous block
# <min> <max>
0	16

[block]
# block no. 9 follows, 12 sequences, length 6
# corresponding to MSA columns:
# 1011-1016
name=unknown_J
#
# <colnr> <probs for GDERKNQSTAVLIFYWHMCP>
#	G	D	E	R	K	N	Q	S	T	A	V	L	I	F	Y	W	H	M	C	P
0	0.31580	0.02116	0.02241	0.01803	0.02580	0.02183	0.01488	0.10373	0.02854	0.28259	0.02928	0.02764	0.01959	0.01204	0.00921	0.00336	0.00928	0.00871	0.01036	0.01575
1	0.58374	0.01938	0.01535	0.01394	0.01959	0.02220	0.01096	0.02942	0.01812	0.04441	0.01830	0.02642	0.01633	0.10863	0.01466	0.00454	0.00878	0.00752	0.00672	0.01096
2	0.03156	0.02887	0.11118	0.04501	0.22877	0.02375	0.14933	0.03894	0.02644	0.16702	0.02647	0.02964	0.01910	0.01062	0.01130	0.00341	0.01379	0.01061	0.00737	0.01680
3	0.03725	0.04537	0.03428	0.03791	0.16400	0.43464	0.02420	0.04099	0.02936	0.02895	0.01778	0.02152	0.01486	0.01085	0.01008	0.00292	0.01797	0.00770	0.00556	0.01381
4	0.03030	0.01914	0.02340	0.01710	0.02642	0.01497	0.01383	0.03496	0.02512	0.18781	0.02629	0.02685	0.01932	0.00966	0.00892	0.00213	0.00843	0.00778	0.00852	0.48905
5	0.04227	0.01876	0.02462	0.01858	0.02733	0.01565	0.01524	0.04664	0.02903	0.42461	0.03704	0.03344	0.02425	0.01212	0.01023	0.00293	0.00897	0.00983	0.01172	0.18674

[dist]
# distance from previous block
# <min> <max>
0	29

[block]
# block no. 10 follows, 12 sequences, length 7
# corresponding to MSA columns:
# 1046-1052
name=unknown_K
#
# <colnr> <probs for GDERKNQSTAVLIFYWHMCP>
#	G	D	E	R	K	N	Q	S	T	A	V	L	I	F	Y	W	H	M	C	P
0	0.01812	0.01447	0.01936	0.01703	0.02178	0.01396	0.01337	0.02236	0.01936	0.02901	0.02565	0.03552	0.02324	0.05510	0.36893	0.01177	0.02156	0.00979	0.00607	0.25356
1	0.02678	0.40478	0.04464	0.01775	0.02721	0.03279	0.01658	0.03077	0.02232	0.02923	0.01669	0.01934	0.01477	0.00887	0.00739	0.00207	0.01036	0.00606	0.00531	0.25628
2	0.01691	0.01403	0.02089	0.01969	0.02118	0.01576	0.04814	0.01960	0.01892	0.02641	0.03816	0.24826	0.04247	0.13205	0.15978	0.00857	0.11319	0.01904	0.00731	0.00965
3	0.01493	0.01018	0.01217	0.01308	0.01331	0.00995	0.00788	0.01561	0.01767	0.02356	0.04367	0.26618	0.05139	0.40594	0.04045	0.00835	0.00903	0.02134	0.00788	0.00742
4	0.02261	0.01938	0.02261	0.01615	0.02584	0.01453	0.01292	0.02745	0.02261	0.03553	0.01938	0.02261	0.01615	0.00807	0.00807	0.00161	0.00807	0.00646	0.00646	0.68346
5	0.26938	0.01857	0.01590	0.01430	0.01937	0.06153	0.01130	0.03283	0.02302	0.10860	0.02763	0.03020	0.02086	0.01175	0.00791	0.00297	0.00801	0.00847	0.29535	0.01203
6	0.03413	0.02548	0.05021	0.03634	0.04644	0.02339	0.33071	0.04152	0.02772	0.22363	0.02964	0.03220	0.02032	0.01075	0.01218	0.00357	0.01509	0.01218	0.00840	0.01610

[dist]
# distance from previous block
# <min> <max>
0	7

[block]
# block no. 11 follows, 12 sequences, length 8
# corresponding to MSA columns:
# 1060-1067
name=unknown_L
#
# <colnr> <probs for GDERKNQSTAVLIFYWHMCP>
#	G	D	E	R	K	N	Q	S	T	A	V	L	I	F	Y	W	H	M	C	P
0	0.01927	0.01694	0.02018	0.01866	0.02017	0.05595	0.01417	0.02225	0.02138	0.02952	0.15897	0.05278	0.04551	0.15853	0.15725	0.00846	0.14896	0.01381	0.00733	0.00993
1	0.02662	0.18313	0.06247	0.03889	0.04948	0.03160	0.38224	0.03434	0.02481	0.03253	0.02027	0.02633	0.01588	0.00923	0.01135	0.00333	0.01664	0.01105	0.00529	0.01452
2	0.18925	0.01309	0.01290	0.01336	0.01676	0.01303	0.00985	0.01973	0.02182	0.03392	0.06799	0.26089	0.23951	0.02540	0.01166	0.00387	0.00656	0.02141	0.00925	0.00976
3	0.02540	0.01246	0.01714	0.01561	0.01814	0.01215	0.01125	0.02558	0.01957	0.15964	0.03049	0.04457	0.02720	0.17094	0.13102	0.23676	0.01315	0.01170	0.00762	0.00962
4	0.01558	0.01168	0.01752	0.01752	0.01947	0.01363	0.01363	0.01947	0.01752	0.02531	0.02921	0.04283	0.02726	0.08178	0.57360	0.01752	0.02921	0.01168	0.00584	0.00974
5	0.02442	0.02074	0.03460	0.42687	0.17496	0.02389	0.02976	0.03125	0.02327	0.07477	0.02165	0.02930	0.01620	0.01086	0.01088	0.00352	0.01374	0.00980	0.00571	0.01380
6	0.45567	0.08635	0.02463	0.01757	0.02510	0.02883	0.01483	0.15644	0.02740	0.05162	0.01803	0.01988	0.01378	0.01081	0.00785	0.00324	0.00969	0.00691	0.00761	0.01378
7	0.03193	0.02325	0.03802	0.11488	0.35947	0.02316	0.02858	0.03791	0.02613	0.16949	0.02620	0.02985	0.01947	0.01083	0.01085	0.00332	0.01218	0.01004	0.00743	0.01701

[dist]
# distance from previous block
# <min> <max>
8	37

[block]
# block no. 12 follows, 12 sequences, length 6
# corresponding to MSA columns:
# 1106-1111
name=unknown_M
#
# <colnr> <probs for GDERKNQSTAVLIFYWHMCP>
#	G	D	E	R	K	N	Q	S	T	A	V	L	I	F	Y	W	H	M	C	P
0	0.02261	0.01938	0.02261	0.01615	0.02584	0.01453	0.01292	0.02745	0.02261	0.03553	0.01938	0.02261	0.01615	0.00807	0.00807	0.00161	0.00807	0.00646	0.00646	0.68346
