[name]
unknown

[dist]
# distance from previous block
# <min> <max>
1	26

[block]
# block no. 0 follows, 13 sequences, length 18
# corresponding to MSA columns:
# 28-45
name=unknown_A
#
# <colnr> <probs for GDERKNQSTAVLIFYWHMCP>
#	G	D	E	R	K	N	Q	S	T	A	V	L	I	F	Y	W	H	M	C	P
0	0.02920	0.02432	0.04899	0.03582	0.04503	0.02248	0.35812	0.03635	0.02579	0.16003	0.02947	0.08293	0.02322	0.01205	0.01213	0.00356	0.01470	0.01360	0.00757	0.01464
1	0.03284	0.03816	0.03447	0.14274	0.04338	0.32982	0.09107	0.06742	0.06162	0.03077	0.01976	0.02384	0.01550	0.01089	0.01028	0.00308	0.01679	0.00859	0.00593	0.01305
2	0.02680	0.02346	0.04360	0.16731	0.12441	0.02302	0.22350	0.03385	0.02441	0.10604	0.02313	0.02850	0.01706	0.00983	0.01106	0.00326	0.01406	0.01050	0.00634	0.07988
3	0.04620	0.01997	0.02576	0.01975	0.02798	0.01848	0.01632	0.13249	0.03357	0.48415	0.03893	0.03418	0.02478	0.01302	0.01062	0.00325	0.00945	0.01044	0.01266	0.01799
4	0.02852	0.28448	0.25526	0.02356	0.03507	0.03155	0.02635	0.08443	0.02552	0.08495	0.02007	0.02177	0.01516	0.01020	0.00883	0.00288	0.01283	0.00738	0.00594	0.01526
5	0.03418	0.02684	0.02943	0.02384	0.03065	0.03078	0.01940	0.33158	0.19579	0.05550	0.02952	0.02941	0.02188	0.01381	0.01317	0.00345	0.07361	0.01023	0.01000	0.01693
6	0.02630	0.02271	0.02391	0.02152	0.02749	0.02630	0.01674	0.05618	0.54336	0.04423	0.04303	0.03945	0.03228	0.01434	0.01076	0.00359	0.00837	0.01195	0.01076	0.01674
7	0.01502	0.01054	0.01316	0.01283	0.01524	0.00972	0.00950	0.01946	0.02757	0.03919	0.40810	0.13189	0.13320	0.02230	0.01204	0.00336	0.00513	0.01956	0.08247	0.00972
8	0.01730	0.01545	0.02591	0.29539	0.04605	0.01724	0.06471	0.02223	0.02109	0.02761	0.03634	0.28847	0.03876	0.02032	0.01202	0.00387	0.01093	0.01873	0.00700	0.01058
9	0.01288	0.00920	0.01227	0.01472	0.01534	0.00859	0.00981	0.01472	0.02024	0.02699	0.05828	0.62152	0.06993	0.03312	0.01350	0.00429	0.00613	0.03006	0.00981	0.00859
10	0.02080	0.01705	0.02335	0.13444	0.03118	0.02073	0.01811	0.05612	0.02246	0.03242	0.08984	0.04665	0.03314	0.08132	0.02217	0.00447	0.18065	0.05401	0.10021	0.01088
11	0.01447	0.01079	0.01345	0.01278	0.01549	0.00977	0.00959	0.01900	0.02876	0.03963	0.46698	0.08353	0.19140	0.02265	0.01248	0.00337	0.00506	0.01976	0.01128	0.00977
12	0.03194	0.02343	0.02554	0.02170	0.02847	0.02610	0.01723	0.14852	0.37548	0.12080	0.03937	0.03620	0.02862	0.01385	0.01071	0.00346	0.00910	0.01129	0.01104	0.01715
13	0.02313	0.02313	0.03238	0.02776	0.02776	0.03238	0.02313	0.02545	0.01619	0.02545	0.01388	0.02313	0.01388	0.01851	0.03470	0.00463	0.60907	0.00925	0.00463	0.01157
14	0.04005	0.03376	0.03138	0.02491	0.03277	0.14311	0.02016	0.43049	0.04577	0.05851	0.02358	0.02412	0.01711	0.01233	0.01037	0.00308	0.01312	0.00898	0.00955	0.01684
15	0.03725	0.04665	0.03030	0.02731	0.03201	0.50998	0.02080	0.03992	0.02807	0.02582	0.01600	0.01963	0.01366	0.01194	0.01299	0.00299	0.10006	0.00715	0.00533	0.01216
16	0.01288	0.00920	0.01227	0.01472	0.01534	0.00859	0.00981	0.01472	0.02024	0.02699	0.05828	0.62152	0.06993	0.03312	0.01350	0.00429	0.00613	0.03006	0.00981	0.00859
17	0.02507	0.02468	0.04303	0.11297	0.39528	0.02592	0.09057	0.03133	0.02305	0.03274	0.01933	0.02634	0.01609	0.01043	0.01327	0.00339	0.07622	0.00977	0.00513	0.01539

[dist]
# distance from previous block
# <min> <max>
0	1

[block]
# block no. 1 follows, 13 sequences, length 42
# corresponding to MSA columns:
# 47-88
name=unknown_B
#
# <colnr> <probs for GDERKNQSTAVLIFYWHMCP>
#	G	D	E	R	K	N	Q	S	T	A	V	L	I	F	Y	W	H	M	C	P
0	0.04307	0.01782	0.02381	0.01908	0.02657	0.01605	0.01577	0.04918	0.06851	0.48107	0.04311	0.04383	0.02979	0.01465	0.01100	0.00344	0.00902	0.05449	0.01261	0.01715
1	0.02592	0.02710	0.09695	0.26827	0.15052	0.02614	0.07412	0.13348	0.02811	0.03800	0.02062	0.02661	0.01549	0.01059	0.01067	0.00336	0.01381	0.00953	0.00605	0.01463
2	0.01538	0.01025	0.01153	0.01153	0.01153	0.01025	0.00641	0.01538	0.01538	0.02050	0.03331	0.06919	0.03844	0.62842	0.05382	0.01025	0.01025	0.01538	0.00641	0.00641
3	0.01583	0.01171	0.01519	0.01645	0.01897	0.01098	0.01313	0.01935	0.02246	0.02958	0.05737	0.22419	0.11290	0.07391	0.01654	0.00472	0.00828	0.25286	0.00922	0.06637
4	0.02216	0.13266	0.50398	0.02852	0.04326	0.02688	0.03625	0.03324	0.02221	0.03233	0.01840	0.02160	0.01342	0.00991	0.00961	0.00320	0.01505	0.00752	0.00447	0.01535
5	0.01254	0.01054	0.01088	0.01116	0.01440	0.00889	0.00823	0.01512	0.02367	0.02839	0.10167	0.15966	0.50378	0.02748	0.01261	0.00365	0.00544	0.02318	0.00982	0.00889
6	0.01997	0.01879	0.03171	0.60301	0.07282	0.02349	0.02936	0.02701	0.02114	0.02701	0.01879	0.02819	0.01409	0.01057	0.01057	0.00352	0.01409	0.00940	0.00470	0.01175
7	0.01439	0.00997	0.01249	0.01391	0.01447	0.00968	0.00919	0.01580	0.01866	0.02479	0.04756	0.33418	0.05573	0.28208	0.03051	0.00685	0.00826	0.07529	0.00838	0.00780
8	0.02827	0.63478	0.05540	0.01809	0.02714	0.04184	0.01809	0.03166	0.02148	0.02488	0.01470	0.01696	0.01357	0.00905	0.00678	0.00226	0.01131	0.00565	0.00452	0.01357
9	0.01999	0.01314	0.01937	0.16783	0.03230	0.01367	0.01614	0.02369	0.02218	0.10631	0.04551	0.35285	0.04857	0.02414	0.01239	0.00398	0.00883	0.04931	0.00896	0.01084
10	0.02206	0.02159	0.03083	0.07908	0.03100	0.02971	0.02274	0.02495	0.01672	0.02550	0.01573	0.02538	0.01512	0.02369	0.08611	0.00573	0.49848	0.00947	0.00473	0.01138
11	0.02476	0.01528	0.02245	0.02103	0.02529	0.01489	0.05456	0.05869	0.02608	0.13140	0.04544	0.08341	0.04459	0.02438	0.01590	0.06696	0.01028	0.29337	0.00960	0.01163
12	0.02871	0.02391	0.02527	0.02200	0.02841	0.02743	0.01732	0.13797	0.45764	0.04812	0.03997	0.03701	0.02979	0.01406	0.01073	0.00351	0.00893	0.01153	0.01073	0.01695
13	0.01445	0.01206	0.01276	0.01235	0.01601	0.01104	0.00933	0.02055	0.08293	0.03264	0.17594	0.09097	0.42216	0.02452	0.01230	0.00353	0.00563	0.02062	0.01023	0.00997
14	0.13392	0.21304	0.23083	0.02199	0.03215	0.02865	0.02400	0.07277	0.02351	0.03539	0.02140	0.07839	0.01902	0.01218	0.00890	0.00309	0.01190	0.00915	0.00586	0.01387
15	0.03676	0.02541	0.06894	0.07867	0.03481	0.02442	0.02034	0.20153	0.12473	0.22287	0.03275	0.03139	0.02247	0.01271	0.01059	0.00333	0.01073	0.01017	0.01041	0.01698
16	0.01496	0.01081	0.01413	0.01330	0.01580	0.00998	0.00998	0.01995	0.02993	0.04240	0.55689	0.07898	0.09976	0.02162	0.01247	0.00333	0.00499	0.01912	0.01164	0.00998
17	0.02617	0.02512	0.04292	0.06490	0.56246	0.02512	0.03245	0.03245	0.02407	0.03454	0.01989	0.02617	0.01675	0.00942	0.01047	0.00314	0.01256	0.00942	0.00523	0.01675
18	0.02122	0.11906	0.13044	0.14158	0.03600	0.02236	0.02108	0.06742	0.02493	0.03330	0.12128	0.04419	0.07353	0.08241	0.01518	0.00398	0.01105	0.01188	0.00692	0.01216
19	0.02617	0.02512	0.04292	0.06490	0.56246	0.02512	0.03245	0.03245	0.02407	0.03454	0.01989	0.02617	0.01675	0.00942	0.01047	0.00314	0.01256	0.00942	0.00523	0.01675
20	0.01336	0.00955	0.01277	0.01494	0.01585	0.00896	0.01035	0.01568	0.02135	0.02862	0.09988	0.53997	0.07178	0.03188	0.01349	0.00425	0.00630	0.06229	0.00996	0.00879
21	0.02720	0.01752	0.02107	0.01877	0.02317	0.01876	0.01554	0.15304	0.03061	0.10233	0.07353	0.05797	0.03759	0.01812	0.01310	0.00361	0.05895	0.13745	0.15873	0.01293
22	0.02367	0.01810	0.01950	0.01732	0.02094	0.01992	0.01248	0.12242	0.20511	0.03712	0.03525	0.05091	0.03259	0.30328	0.03101	0.00665	0.00985	0.01312	0.00868	0.01210
23	0.02313	0.02313	0.03238	0.02776	0.02776	0.03238	0.02313	0.02545	0.01619	0.02545	0.01388	0.02313	0.01388	0.01851	0.03470	0.00463	0.60907	0.00925	0.00463	0.01157
24	0.02036	0.01212	0.01264	0.01216	0.01522	0.01264	0.00922	0.02951	0.11096	0.04052	0.08669	0.04327	0.03503	0.01356	0.00845	0.00274	0.00551	0.01111	0.50725	0.01103
25	0.70310	0.02045	0.01554	0.01390	0.02045	0.02372	0.01145	0.03108	0.01799	0.04744	0.01472	0.01718	0.01145	0.00981	0.00654	0.00327	0.00818	0.00573	0.00654	0.01145
26	0.03085	0.02498	0.02647	0.02244	0.02923	0.02843	0.01784	0.21063	0.38150	0.05158	0.03725	0.03484	0.02759	0.01380	0.01070	0.00345	0.00944	0.01116	0.01070	0.01714
27	0.03504	0.03311	0.02693	0.02277	0.02927	0.24491	0.01768	0.17051	0.03323	0.08460	0.02598	0.08973	0.02243	0.01364	0.01012	0.00291	0.01323	0.01039	0.00810	0.10541
28	0.02834	0.01779	0.02189	0.01631	0.02469	0.01410	0.01312	0.03290	0.02502	0.18406	0.07744	0.03138	0.02675	0.01063	0.00906	0.00221	0.00788	0.00873	0.00868	0.43901
29	0.08011	0.07975	0.03271	0.02316	0.03155	0.03299	0.01939	0.45507	0.04539	0.06195	0.02383	0.02417	0.01721	0.01221	0.01001	0.00310	0.01139	0.00896	0.00982	0.01721
30	0.04135	0.02433	0.08675	0.02118	0.03002	0.02024	0.01898	0.12313	0.08222	0.38160	0.03680	0.03317	0.02408	0.01281	0.01057	0.00330	0.01008	0.01028	0.01151	0.01761
31	0.01810	0.01437	0.02313	0.02284	0.02639	0.01413	0.08519	0.02351	0.02442	0.03194	0.05133	0.10707	0.05483	0.02648	0.01432	0.00469	0.01082	0.42694	0.00915	0.01034
32	0.02022	0.01528	0.01974	0.12653	0.02978	0.01633	0.01534	0.03046	0.14443	0.07359	0.16267	0.15468	0.10863	0.01984	0.01177	0.00362	0.00801	0.01730	0.00971	0.01209
33	0.01288	0.00920	0.01227	0.01472	0.01534	0.00859	0.00981	0.01472	0.02024	0.02699	0.05828	0.62152	0.06993	0.03312	0.01350	0.00429	0.00613	0.03006	0.00981	0.00859
34	0.02597	0.02284	0.03851	0.02936	0.03614	0.02350	0.21191	0.10425	0.05703	0.07224	0.15351	0.04074	0.03789	0.01416	0.01447	0.00355	0.07863	0.01316	0.00831	0.01382
35	0.01288	0.00920	0.01227	0.01472	0.01534	0.00859	0.00981	0.01472	0.02024	0.02699	0.05828	0.62152	0.06993	0.03312	0.01350	0.00429	0.00613	0.03006	0.00981	0.00859
36	0.02038	0.01842	0.02965	0.17128	0.26165	0.01926	0.02354	0.02522	0.02194	0.02975	0.03425	0.14051	0.06883	0.07151	0.01512	0.00411	0.01103	0.01455	0.00637	0.01263
37	0.02990	0.58227	0.05278	0.01815	0.02712	0.03960	0.01787	0.03335	0.02223	0.07126	0.01700	0.01858	0.01464	0.00939	0.00711	0.00235	0.01111	0.00608	0.00525	0.01395
38	0.02599	0.17142	0.21143	0.02171	0.03096	0.02506	0.02298	0.08572	0.02613	0.08068	0.09891	0.03180	0.02809	0.01465	0.01280	0.07001	0.01145	0.00953	0.00695	0.01372
39	0.18641	0.17243	0.03314	0.09797	0.03355	0.03115	0.01860	0.18922	0.06946	0.04503	0.02080	0.02290	0.01597	0.01098	0.00874	0.00305	0.01084	0.00788	0.00740	0.01447
40	0.58971	0.02101	0.01840	0.01850	0.06255	0.02406	0.01354	0.03347	0.06629	0.04616	0.01769	0.01989	0.01375	0.01020	0.00723	0.00329	0.00853	0.00657	0.00683	0.01234
41	0.09110	0.02650	0.02922	0.15334	0.09786	0.11769	0.02161	0.10532	0.06505	0.15139	0.02562	0.02757	0.01845	0.01152	0.01007	0.00323	0.01244	0.00911	0.00804	0.01488

[dist]
# distance from previous block
# <min> <max>
1	42

[block]
# block no. 2 follows, 13 sequences, length 61
# corresponding to MSA columns:
# 131-191
name=unknown_C
#
# <colnr> <probs for GDERKNQSTAVLIFYWHMCP>
#	G	D	E	R	K	N	Q	S	T	A	V	L	I	F	Y	W	H	M	C	P
0	0.04446	0.02049	0.02581	0.02003	0.02809	0.01954	0.01647	0.13904	0.07399	0.43647	0.03882	0.03432	0.02515	0.01311	0.01063	0.00328	0.00943	0.01053	0.01244	0.01789
1	0.02439	0.02553	0.11242	0.02018	0.02670	0.05916	0.01824	0.06832	0.15403	0.07818	0.23426	0.04925	0.05250	0.01600	0.01119	0.00334	0.00929	0.01342	0.00982	0.01379
2	0.01344	0.00977	0.01281	0.01502	0.01618	0.00914	0.01069	0.01580	0.02120	0.02781	0.06260	0.49954	0.11521	0.03195	0.01356	0.00431	0.00658	0.09579	0.00980	0.00879
3	0.13524	0.12210	0.02783	0.01913	0.02431	0.05976	0.04906	0.06652	0.02259	0.07405	0.02425	0.08285	0.02214	0.02354	0.06328	0.14287	0.01210	0.01041	0.00673	0.01126
4	0.02628	0.32127	0.24161	0.02569	0.03699	0.07674	0.07414	0.03336	0.02278	0.02893	0.01701	0.02017	0.01375	0.00954	0.00872	0.00282	0.01410	0.00718	0.00465	0.01428
5	0.09801	0.34867	0.15140	0.02078	0.03058	0.08618	0.02144	0.03258	0.02213	0.02983	0.01605	0.01866	0.01348	0.00941	0.00777	0.00258	0.01232	0.00626	0.00495	0.06691
6	0.14819	0.13450	0.07356	0.02142	0.02846	0.02970	0.01917	0.11474	0.13179	0.07413	0.02407	0.02541	0.01853	0.01253	0.01268	0.00334	0.09687	0.00856	0.00765	0.01468
7	0.02418	0.02084	0.03488	0.37802	0.23235	0.02341	0.02931	0.03074	0.02283	0.07201	0.02095	0.02813	0.01592	0.01038	0.01054	0.00338	0.01318	0.00950	0.00553	0.01390
8	0.02537	0.02398	0.04064	0.06091	0.51501	0.02398	0.03110	0.03152	0.02410	0.03429	0.02306	0.03434	0.02062	0.01116	0.01083	0.00329	0.01231	0.05172	0.00563	0.01613
9	0.01288	0.00920	0.01227	0.01472	0.01534	0.00859	0.00981	0.01472	0.02024	0.02699	0.05828	0.62152	0.06993	0.03312	0.01350	0.00429	0.00613	0.03006	0.00981	0.00859
10	0.70310	0.02045	0.01554	0.01390	0.02045	0.02372	0.01145	0.03108	0.01799	0.04744	0.01472	0.01718	0.01145	0.00981	0.00654	0.00327	0.00818	0.00573	0.00654	0.01145
11	0.01518	0.01102	0.01543	0.01543	0.01678	0.01237	0.01127	0.01788	0.01653	0.02339	0.02975	0.04945	0.02987	0.23645	0.43406	0.01506	0.02315	0.01249	0.00588	0.00857
12	0.01513	0.01122	0.01642	0.01642	0.01811	0.01291	0.01250	0.01851	0.01682	0.02412	0.02884	0.04443	0.02769	0.13675	0.53079	0.01629	0.02643	0.01175	0.00574	0.00912
13	0.13239	0.03004	0.02875	0.02298	0.03069	0.08896	0.01869	0.37551	0.07590	0.05819	0.02411	0.02450	0.01755	0.01221	0.00991	0.00317	0.01171	0.00886	0.00949	0.01638
14	0.02551	0.01868	0.02229	0.01610	0.02533	0.01430	0.01295	0.03012	0.02310	0.10971	0.02201	0.02390	0.01714	0.00857	0.00822	0.00181	0.00799	0.00688	0.00722	0.59815
15	0.02396	0.02797	0.12748	0.24607	0.05386	0.02496	0.13975	0.10466	0.02618	0.03543	0.02119	0.02796	0.01602	0.01609	0.05837	0.00456	0.01599	0.01001	0.00577	0.01371
16	0.02944	0.57364	0.05274	0.01905	0.02772	0.09877	0.01834	0.03276	0.02237	0.02498	0.01487	0.01718	0.01357	0.00924	0.00707	0.00231	0.01212	0.00577	0.00462	0.01343
17	0.63792	0.02029	0.01708	0.07012	0.02544	0.02370	0.01316	0.03069	0.01829	0.04549	0.01511	0.01823	0.01170	0.00989	0.00693	0.00330	0.00874	0.00608	0.00637	0.01148
18	0.01803	0.07017	0.01857	0.01554	0.01752	0.01400	0.01212	0.01933	0.01831	0.02498	0.03147	0.05714	0.03218	0.11752	0.14722	0.19392	0.01341	0.11568	0.05467	0.00822
19	0.02325	0.02514	0.10013	0.06686	0.03178	0.02336	0.01973	0.04504	0.35316	0.04015	0.08246	0.04356	0.06977	0.01487	0.01090	0.00353	0.00936	0.01245	0.00940	0.01512
20	0.01285	0.00933	0.01213	0.01437	0.01524	0.00862	0.00966	0.01476	0.02058	0.02713	0.06256	0.57589	0.11279	0.03257	0.01341	0.00423	0.00607	0.02938	0.00982	0.00862
21	0.02332	0.02370	0.03552	0.02952	0.03064	0.03179	0.07554	0.02633	0.01711	0.02633	0.01467	0.02370	0.01411	0.01750	0.03237	0.00452	0.54721	0.00959	0.00470	0.01185
22	0.01390	0.01077	0.01266	0.01218	0.01514	0.00952	0.00914	0.01789	0.02741	0.03643	0.36274	0.08881	0.29763	0.02384	0.01248	0.00343	0.00515	0.02050	0.01085	0.00952
23	0.01662	0.01734	0.06780	0.01528	0.02026	0.01413	0.01315	0.02617	0.12956	0.03508	0.18008	0.07687	0.30438	0.02160	0.01191	0.00350	0.00686	0.01818	0.00988	0.01136
24	0.02827	0.63478	0.05540	0.01809	0.02714	0.04184	0.01809	0.03166	0.02148	0.02488	0.01470	0.01696	0.01357	0.00905	0.00678	0.00226	0.01131	0.00565	0.00452	0.01357
25	0.02620	0.02261	0.02295	0.02080	0.02601	0.06398	0.01621	0.10759	0.31167	0.04319	0.08619	0.10041	0.04045	0.01729	0.01131	0.00360	0.00916	0.04538	0.01027	0.01474
26	0.02915	0.58897	0.05341	0.01881	0.02757	0.08450	0.01827	0.03249	0.02215	0.02495	0.01483	0.01713	0.01357	0.00919	0.00700	0.00230	0.01192	0.00574	0.00460	0.01347
27	0.09358	0.01931	0.02143	0.01599	0.02479	0.01617	0.01278	0.02968	0.06729	0.03667	0.02049	0.02297	0.01668	0.00861	0.00795	0.00192	0.00791	0.00671	0.00669	0.56237
28	0.07394	0.02878	0.02854	0.02415	0.03085	0.12029	0.05466	0.13172	0.30169	0.04448	0.03217	0.03142	0.02420	0.01280	0.01038	0.00335	0.01139	0.01032	0.00918	0.01569
29	0.04019	0.02962	0.03173	0.02433	0.03279	0.03279	0.02010	0.52721	0.04971	0.06663	0.02538	0.02538	0.01798	0.01269	0.01058	0.00317	0.01163	0.00952	0.01058	0.01798
30	0.02455	0.01339	0.01707	0.01636	0.02023	0.01247	0.01247	0.02974	0.06720	0.18997	0.05857	0.28491	0.11971	0.02443	0.01238	0.00388	0.00738	0.06224	0.01086	0.01219
31	0.04019	0.02962	0.03173	0.02433	0.03279	0.03279	0.02010	0.52721	0.04971	0.06663	0.02538	0.02538	0.01798	0.01269	0.01058	0.00317	0.01163	0.00952	0.01058	0.01798
32	0.04197	0.01735	0.02421	0.07422	0.03040	0.01573	0.01639	0.04616	0.02857	0.47327	0.04089	0.08349	0.02863	0.01450	0.01086	0.00338	0.00925	0.01212	0.01202	0.01662
33	0.16988	0.03961	0.03059	0.07151	0.03573	0.37031	0.07202	0.03791	0.02634	0.03114	0.01674	0.02039	0.01347	0.01045	0.00932	0.00298	0.01636	0.00739	0.00560	0.01226
34	0.70310	0.02045	0.01554	0.01390	0.02045	0.02372	0.01145	0.03108	0.01799	0.04744	0.01472	0.01718	0.01145	0.00981	0.00654	0.00327	0.00818	0.00573	0.00654	0.01145
35	0.07479	0.01011	0.01392	0.01378	0.01432	0.01038	0.00937	0.01520	0.01412	0.02076	0.01807	0.03091	0.01780	0.03451	0.03846	0.63560	0.00910	0.00890	0.00475	0.00516
36	0.01288	0.00920	0.01227	0.01472	0.01534	0.00859	0.00981	0.01472	0.02024	0.02699	0.05828	0.62152	0.06993	0.03312	0.01350	0.00429	0.00613	0.03006	0.00981	0.00859
37	0.02195	0.11538	0.51942	0.02888	0.04381	0.02636	0.03687	0.03329	0.02223	0.03258	0.01853	0.02176	0.01341	0.00994	0.00970	0.00323	0.01517	0.00759	0.00447	0.01541
38	0.02827	0.63478	0.05540	0.01809	0.02714	0.04184	0.01809	0.03166	0.02148	0.02488	0.01470	0.01696	0.01357	0.00905	0.00678	0.00226	0.01131	0.00565	0.00452	0.01357
39	0.01905	0.01514	0.01765	0.01649	0.02015	0.01599	0.01250	0.03313	0.22165	0.04188	0.32522	0.10663	0.07213	0.01979	0.01191	0.00350	0.00634	0.01729	0.01117	0.01240
40	0.04019	0.02962	0.03173	0.02433	0.03279	0.03279	0.02010	0.52721	0.04971	0.06663	0.02538	0.02538	0.01798	0.01269	0.01058	0.00317	0.01163	0.00952	0.01058	0.01798
41	0.02240	0.02061	0.03423	0.05067	0.40737	0.02043	0.02603	0.02742	0.02299	0.03240	0.03077	0.19493	0.03182	0.01614	0.01133	0.00347	0.01074	0.01527	0.00653	0.01443
42	0.01496	0.01081	0.01413	0.01330	0.01580	0.00998	0.00998	0.01995	0.02993	0.04240	0.55689	0.07898	0.09976	0.02162	0.01247	0.00333	0.00499	0.01912	0.01164	0.00998
43	0.02389	0.07674	0.28121	0.03925	0.16283	0.02631	0.12317	0.03507	0.06608	0.03414	0.02134	0.02541	0.01621	0.00999	0.01044	0.00329	0.01446	0.00924	0.00532	0.01560
44	0.02617	0.02512	0.04292	0.06490	0.56246	0.02512	0.03245	0.03245	0.02407	0.03454	0.01989	0.02617	0.01675	0.00942	0.01047	0.00314	0.01256	0.00942	0.00523	0.01675
45	0.01510	0.01133	0.01699	0.01699	0.01888	0.01322	0.01322	0.01888	0.01699	0.02454	0.02832	0.04154	0.02643	0.07930	0.58652	0.01699	0.02832	0.01133	0.00566	0.00944
46	0.01949	0.02241	0.09868	0.09770	0.06819	0.06251	0.01966	0.02567	0.02681	0.03628	0.28463	0.05926	0.06007	0.01747	0.01169	0.00343	0.00978	0.05601	0.00860	0.01165
47	0.01564	0.01172	0.01510	0.01678	0.01957	0.01117	0.01427	0.01984	0.02427	0.03070	0.07168	0.11389	0.21351	0.02846	0.01396	0.00447	0.00839	0.34734	0.00976	0.00949
48	0.04019	0.02962	0.03173	0.02433	0.03279	0.03279	0.02010	0.52721	0.04971	0.06663	0.02538	0.02538	0.01798	0.01269	0.01058	0.00317	0.01163	0.00952	0.01058	0.01798
49	0.02827	0.63478	0.05540	0.01809	0.02714	0.04184	0.01809	0.03166	0.02148	0.02488	0.01470	0.01696	0.01357	0.00905	0.00678	0.00226	0.01131	0.00565	0.00452	0.01357
50	0.02575	0.09041	0.43707	0.02778	0.04161	0.02594	0.03375	0.08642	0.02575	0.07839	0.02112	0.02333	0.01489	0.01049	0.00992	0.00325	0.01438	0.00806	0.00578	0.01591
51	0.03487	0.42228	0.04477	0.01834	0.02709	0.03278	0.01721	0.03850	0.02451	0.21261	0.02401	0.02352	0.01791	0.01044	0.00811	0.00261	0.01051	0.00737	0.00747	0.01509
52	0.01510	0.01133	0.01699	0.01699	0.01888	0.01322	0.01322	0.01888	0.01699	0.02454	0.02832	0.04154	0.02643	0.07930	0.58652	0.01699	0.02832	0.01133	0.00566	0.00944
53	0.03190	0.27065	0.16921	0.02306	0.03293	0.12148	0.02331	0.07725	0.02653	0.10216	0.02042	0.02178	0.01556	0.01042	0.00883	0.00280	0.01332	0.00733	0.00628	0.01479
54	0.03010	0.02493	0.07426	0.10331	0.35767	0.02274	0.02874	0.03636	0.02509	0.15613	0.02471	0.02834	0.01842	0.01041	0.01049	0.00322	0.01210	0.00958	0.00692	0.01648
55	0.01997	0.01879	0.03171	0.60301	0.07282	0.02349	0.02936	0.02701	0.02114	0.02701	0.01879	0.02819	0.01409	0.01057	0.01057	0.00352	0.01409	0.00940	0.00470	0.01175
56	0.02281	0.18629	0.45607	0.02740	0.04154	0.02848	0.03431	0.03307	0.02213	0.03153	0.01800	0.02111	0.01343	0.00982	0.00931	0.00310	0.01465	0.00732	0.00448	0.01516
57	0.25520	0.03394	0.02795	0.03021	0.13519	0.24780	0.01987	0.07202	0.02628	0.03769	0.01718	0.02033	0.01385	0.01037	0.00881	0.00302	0.01363	0.00718	0.00614	0.01331
58	0.02630	0.02271	0.02391	0.02152	0.02749	0.02630	0.01674	0.05618	0.54336	0.04423	0.04303	0.03945	0.03228	0.01434	0.01076	0.00359	0.00837	0.01195	0.01076	0.01674
59	0.01510	0.01133	0.01699	0.01699	0.01888	0.01322	0.01322	0.01888	0.01699	0.02454	0.02832	0.04154	0.02643	0.07930	0.58652	0.01699	0.02832	0.01133	0.00566	0.00944
60	0.01997	0.01879	0.03171	0.60301	0.07282	0.02349	0.02936	0.02701	0.02114	0.02701	0.01879	0.02819	0.01409	0.01057	0.01057	0.00352	0.01409	0.00940	0.00470	0.01175

[dist]
# distance from previous block
# <min> <max>
0	8

[block]
# block no. 3 follows, 13 sequences, length 12
# corresponding to MSA columns:
# 200-211
name=unknown_D
#
# <colnr> <probs for GDERKNQSTAVLIFYWHMCP>
#	G	D	E	R	K	N	Q	S	T	A	V	L	I	F	Y	W	H	M	C	P
0	0.02525	0.02494	0.04480	0.12432	0.42218	0.02520	0.11271	0.03205	0.02388	0.03355	0.02001	0.02679	0.01632	0.00947	0.01081	0.00325	0.01360	0.00992	0.00519	0.01576
1	0.01794	0.01128	0.01589	0.01535	0.01558	0.01258	0.01075	0.01607	0.01476	0.02036	0.02199	0.03954	0.02278	0.15661	0.10851	0.39628	0.08165	0.01067	0.00508	0.00635
2	0.02753	0.02321	0.03867	0.05602	0.45816	0.02296	0.02931	0.03346	0.02474	0.08946	0.02542	0.03564	0.02173	0.01160	0.01086	0.00331	0.01194	0.05332	0.00645	0.01624
3	0.02699	0.02813	0.16252	0.16499	0.07370	0.04773	0.02505	0.03406	0.02563	0.15475	0.11662	0.03666	0.03155	0.01286	0.01072	0.00333	0.01191	0.01083	0.00781	0.01415
4	0.02882	0.03108	0.19152	0.13062	0.09886	0.02256	0.08588	0.03836	0.06045	0.16672	0.02663	0.02903	0.01865	0.01099	0.01066	0.00338	0.01315	0.00978	0.00727	0.01558
5	0.14189	0.02508	0.04421	0.08400	0.26205	0.02533	0.19858	0.03235	0.02314	0.03604	0.01945	0.02556	0.01542	0.00939	0.01049	0.00333	0.01373	0.00984	0.00546	0.01465
6	0.13307	0.01259	0.01547	0.07532	0.02267	0.01320	0.01264	0.02016	0.02182	0.03336	0.12842	0.33266	0.05838	0.02463	0.01190	0.00392	0.00737	0.05368	0.00902	0.00971
7	0.03253	0.03341	0.23141	0.03287	0.13034	0.02130	0.06214	0.04034	0.02590	0.24207	0.02814	0.02874	0.01913	0.01104	0.01052	0.00330	0.01266	0.00951	0.00801	0.01665
8	0.02794	0.03248	0.22220	0.16691	0.10552	0.02238	0.06385	0.03615	0.02430	0.15923	0.02459	0.02779	0.01714	0.01074	0.01052	0.00336	0.01351	0.00935	0.00671	0.01531
9	0.02598	0.52735	0.04830	0.01727	0.02518	0.03635	0.01669	0.02964	0.02294	0.02789	0.10805	0.02764	0.02841	0.01121	0.00776	0.00244	0.01022	0.00797	0.00575	0.01295
10	0.02320	0.01824	0.02074	0.01545	0.02357	0.01506	0.01233	0.07175	0.02449	0.03823	0.02209	0.02525	0.01784	0.00904	0.00800	0.00187	0.00768	0.00718	0.12388	0.51411
11	0.02516	0.02590	0.08696	0.02155	0.02803	0.05394	0.01870	0.08635	0.29085	0.04288	0.12643	0.04666	0.04110	0.01565	0.01112	0.00351	0.00960	0.04092	0.00981	0.01489

[dist]
# distance from previous block
# <min> <max>
15	52

[block]
# block no. 4 follows, 13 sequences, length 11
# corresponding to MSA columns:
# 264-274
name=unknown_E
#
# <colnr> <probs for GDERKNQSTAVLIFYWHMCP>
#	G	D	E	R	K	N	Q	S	T	A	V	L	I	F	Y	W	H	M	C	P
0	0.03186	0.08248	0.06429	0.02679	0.07844	0.02633	0.05441	0.16928	0.13410	0.12248	0.07448	0.03359	0.02805	0.01279	0.01052	0.00323	0.01075	0.01071	0.00932	0.01614
1	0.01774	0.01313	0.01633	0.01445	0.01807	0.01229	0.01107	0.06385	0.03090	0.04376	0.46353	0.06932	0.08528	0.01962	0.01190	0.00316	0.00581	0.01716	0.01107	0.07156
2	0.70310	0.02045	0.01554	0.01390	0.02045	0.02372	0.01145	0.03108	0.01799	0.04744	0.01472	0.01718	0.01145	0.00981	0.00654	0.00327	0.00818	0.00573	0.00654	0.01145
3	0.03162	0.02321	0.03064	0.08076	0.06774	0.02531	0.05196	0.20917	0.07992	0.11222	0.03145	0.04191	0.02565	0.01504	0.01296	0.00362	0.05263	0.07968	0.00917	0.01535
4	0.01997	0.01879	0.03171	0.60301	0.07282	0.02349	0.02936	0.02701	0.02114	0.02701	0.01879	0.02819	0.01409	0.01057	0.01057	0.00352	0.01409	0.00940	0.00470	0.01175
5	0.02372	0.01103	0.01198	0.01115	0.01444	0.01068	0.00857	0.02852	0.02334	0.11609	0.03554	0.03892	0.02697	0.01243	0.00786	0.00258	0.00552	0.00997	0.58967	0.01103
6	0.02643	0.04342	0.36786	0.02660	0.03897	0.02551	0.03075	0.17215	0.03005	0.04340	0.02224	0.02479	0.01597	0.01101	0.00995	0.00322	0.01350	0.00849	0.06997	0.01575
7	0.01461	0.01079	0.01364	0.01293	0.01558	0.00982	0.00970	0.01926	0.02909	0.04040	0.49186	0.08227	0.16603	0.02236	0.01247	0.00336	0.00504	0.01958	0.01138	0.00982
8	0.03143	0.26839	0.11808	0.02577	0.03445	0.25326	0.06748	0.03629	0.02527	0.02728	0.01655	0.01958	0.01379	0.00990	0.00884	0.00271	0.01556	0.00703	0.00495	0.01340
9	0.17763	0.01917	0.02047	0.01526	0.02400	0.01629	0.01228	0.02764	0.02103	0.03742	0.01786	0.02084	0.01470	0.00828	0.00754	0.00196	0.00791	0.00614	0.00633	0.53725
10	0.70310	0.02045	0.01554	0.01390	0.02045	0.02372	0.01145	0.03108	0.01799	0.04744	0.01472	0.01718	0.01145	0.00981	0.00654	0.00327	0.00818	0.00573	0.00654	0.01145

[dist]
# distance from previous block
# <min> <max>
0	1

[block]
# block no. 5 follows, 13 sequences, length 10
# corresponding to MSA columns:
# 276-285
name=unknown_F
#
# <colnr> <probs for GDERKNQSTAVLIFYWHMCP>
#	G	D	E	R	K	N	Q	S	T	A	V	L	I	F	Y	W	H	M	C	P
0	0.02377	0.02267	0.03858	0.27321	0.37292	0.02449	0.03125	0.03035	0.02294	0.03163	0.01946	0.02695	0.01572	0.00987	0.01051	0.00329	0.01315	0.00941	0.00503	0.01481
1	0.01997	0.01879	0.03171	0.60301	0.07282	0.02349	0.02936	0.02701	0.02114	0.02701	0.01879	0.02819	0.01409	0.01057	0.01057	0.00352	0.01409	0.00940	0.00470	0.01175
2	0.70310	0.02045	0.01554	0.01390	0.02045	0.02372	0.01145	0.03108	0.01799	0.04744	0.01472	0.01718	0.01145	0.00981	0.00654	0.00327	0.00818	0.00573	0.00654	0.01145
3	0.02023	0.02974	0.22902	0.02083	0.02901	0.01870	0.02203	0.03284	0.12579	0.03893	0.17693	0.04401	0.04328	0.01446	0.01049	0.00326	0.00970	0.01209	0.10526	0.01343
4	0.01461	0.01079	0.01364	0.01293	0.01558	0.00983	0.00970	0.01927	0.02910	0.04042	0.49261	0.08223	0.16528	0.02235	0.01247	0.00336	0.00504	0.01958	0.01138	0.00983
5	0.02132	0.01890	0.02997	0.23504	0.17494	0.02170	0.02517	0.02699	0.02196	0.03061	0.02695	0.04564	0.02486	0.01503	0.01407	0.00374	0.08624	0.10290	0.06153	0.01243
6	0.01528	0.01062	0.01340	0.01340	0.01404	0.01126	0.00873	0.01657	0.01593	0.02188	0.03161	0.05974	0.03434	0.44081	0.23582	0.01255	0.01642	0.01399	0.00615	0.00744
7	0.01496	0.01081	0.01413	0.01330	0.01580	0.00998	0.00998	0.01995	0.02993	0.04240	0.55689	0.07898	0.09976	0.02162	0.01247	0.00333	0.00499	0.01912	0.01164	0.00998
8	0.70310	0.02045	0.01554	0.01390	0.02045	0.02372	0.01145	0.03108	0.01799	0.04744	0.01472	0.01718	0.01145	0.00981	0.00654	0.00327	0.00818	0.00573	0.00654	0.01145
9	0.02257	0.02159	0.03579	0.33946	0.24181	0.02518	0.02969	0.02876	0.02157	0.02950	0.01857	0.02684	0.01501	0.01115	0.01354	0.00352	0.08767	0.00939	0.00488	0.01351

[dist]
# distance from previous block
# <min> <max>
1	33

[block]
# block no. 6 follows, 13 sequences, length 25
# corresponding to MSA columns:
# 319-343
name=unknown_G
#
# <colnr> <probs for GDERKNQSTAVLIFYWHMCP>
#	G	D	E	R	K	N	Q	S	T	A	V	L	I	F	Y	W	H	M	C	P
0	0.02374	0.04442	0.41713	0.02631	0.04006	0.02172	0.03180	0.03381	0.02297	0.08269	0.02102	0.02349	0.01500	0.00990	0.00967	0.00300	0.01352	0.00777	0.00560	0.14639
1	0.40257	0.02195	0.02096	0.01741	0.02457	0.02419	0.01428	0.13240	0.06819	0.14557	0.02393	0.02394	0.01704	0.01132	0.00840	0.00328	0.00901	0.00784	0.00884	0.01432
2	0.01288	0.00920	0.01227	0.01472	0.01534	0.00859	0.00981	0.01472	0.02024	0.02699	0.05828	0.62152	0.06993	0.03312	0.01350	0.00429	0.00613	0.03006	0.00981	0.00859
3	0.02417	0.01872	0.02215	0.01594	0.02523	0.01422	0.01279	0.02882	0.02266	0.08165	0.02081	0.02316	0.01659	0.00829	0.00808	0.00172	0.00793	0.00665	0.00687	0.63354
4	0.02280	0.01443	0.02036	0.02376	0.11318	0.01331	0.01475	0.02638	0.02303	0.12619	0.04276	0.30169	0.04376	0.02109	0.01133	0.00348	0.00778	0.01886	0.07981	0.07125
5	0.70310	0.02045	0.01554	0.01390	0.02045	0.02372	0.01145	0.03108	0.01799	0.04744	0.01472	0.01718	0.01145	0.00981	0.00654	0.00327	0.00818	0.00573	0.00654	0.01145
6	0.01620	0.01145	0.01566	0.01534	0.01617	0.01291	0.01091	0.01738	0.01592	0.02232	0.02774	0.04883	0.02874	0.26473	0.28432	0.10664	0.05886	0.01233	0.00571	0.00784
7	0.01837	0.00918	0.01377	0.01377	0.01377	0.00918	0.00918	0.01377	0.01377	0.01837	0.01837	0.03214	0.01837	0.03673	0.04132	0.69238	0.00918	0.00918	0.00459	0.00459
8	0.01716	0.01143	0.01401	0.01299	0.01634	0.01016	0.00988	0.02134	0.02813	0.08627	0.36903	0.08218	0.23651	0.02245	0.01231	0.00340	0.00547	0.01934	0.01120	0.01038
9	0.70310	0.02045	0.01554	0.01390	0.02045	0.02372	0.01145	0.03108	0.01799	0.04744	0.01472	0.01718	0.01145	0.00981	0.00654	0.00327	0.00818	0.00573	0.00654	0.01145
10	0.01439	0.01078	0.01333	0.01269	0.01544	0.00973	0.00952	0.01883	0.02856	0.03916	0.45148	0.08432	0.20720	0.02283	0.01248	0.00338	0.00507	0.01987	0.01121	0.00973
11	0.02801	0.02790	0.09577	0.07787	0.16277	0.02429	0.26547	0.03579	0.02510	0.11507	0.02378	0.02857	0.01739	0.00986	0.01142	0.00341	0.01490	0.01092	0.00638	0.01534
12	0.01457	0.01045	0.01422	0.01489	0.01592	0.01115	0.01044	0.01679	0.01745	0.02412	0.03788	0.20793	0.04160	0.21527	0.28534	0.01169	0.01735	0.01756	0.00700	0.00839
13	0.02827	0.63478	0.05540	0.01809	0.02714	0.04184	0.01809	0.03166	0.02148	0.02488	0.01470	0.01696	0.01357	0.00905	0.00678	0.00226	0.01131	0.00565	0.00452	0.01357
14	0.02121	0.05469	0.57364	0.03014	0.04576	0.02455	0.03906	0.03348	0.02232	0.03348	0.01897	0.02232	0.01339	0.01005	0.01005	0.00335	0.01563	0.00781	0.00446	0.01563
15	0.02192	0.01879	0.02192	0.01566	0.02506	0.01409	0.01253	0.02662	0.02192	0.03445	0.01879	0.02192	0.01566	0.00783	0.00783	0.00157	0.00783	0.00626	0.00626	0.69305
16	0.01508	0.01047	0.01358	0.01392	0.01596	0.00984	0.01038	0.01929	0.02639	0.03741	0.34351	0.20990	0.08250	0.02428	0.01247	0.00363	0.00571	0.06552	0.07057	0.00961
17	0.70310	0.02045	0.01554	0.01390	0.02045	0.02372	0.01145	0.03108	0.01799	0.04744	0.01472	0.01718	0.01145	0.00981	0.00654	0.00327	0.00818	0.00573	0.00654	0.01145
18	0.02395	0.02220	0.03720	0.10585	0.41972	0.02262	0.02937	0.03004	0.02385	0.03333	0.02633	0.04323	0.02450	0.01311	0.01123	0.00349	0.01219	0.09677	0.00600	0.01502
19	0.03950	0.05039	0.02996	0.02724	0.03269	0.58597	0.02043	0.04222	0.02996	0.02588	0.01634	0.01907	0.01362	0.01090	0.00953	0.00272	0.01907	0.00681	0.00545	0.01226
20	0.03030	0.52884	0.05079	0.01975	0.02814	0.14048	0.01852	0.03357	0.02302	0.02506	0.01500	0.01734	0.01358	0.00938	0.00728	0.00235	0.01271	0.00586	0.00469	0.01333
21	0.70310	0.02045	0.01554	0.01390	0.02045	0.02372	0.01145	0.03108	0.01799	0.04744	0.01472	0.01718	0.01145	0.00981	0.00654	0.00327	0.00818	0.00573	0.00654	0.01145
22	0.03621	0.02790	0.03148	0.02804	0.08698	0.03081	0.02077	0.39030	0.13653	0.05923	0.02801	0.02802	0.02044	0.01265	0.01060	0.00324	0.01114	0.00995	0.01005	0.01763
23	0.02196	0.01404	0.01783	0.01583	0.01956	0.01397	0.01232	0.02906	0.08217	0.12930	0.35131	0.06561	0.10612	0.01958	0.01341	0.00344	0.04466	0.01653	0.01122	0.01206
24	0.02518	0.02390	0.03974	0.10744	0.46313	0.02383	0.03010	0.03136	0.02359	0.03387	0.01968	0.02591	0.01640	0.00936	0.01020	0.00301	0.01220	0.00909	0.00529	0.08673

[dist]
# distance from previous block
# <min> <max>
0	2

[block]
# block no. 7 follows, 13 sequences, length 24
# corresponding to MSA columns:
# 346-369
name=unknown_H
#
# <colnr> <probs for GDERKNQSTAVLIFYWHMCP>
#	G	D	E	R	K	N	Q	S	T	A	V	L	I	F	Y	W	H	M	C	P
0	0.59849	0.02117	0.01977	0.02178	0.10421	0.02394	0.01470	0.03129	0.01893	0.04544	0.01552	0.01857	0.01227	0.00975	0.00715	0.00325	0.00886	0.00630	0.00634	0.01227
1	0.02039	0.01899	0.02999	0.18913	0.14028	0.02066	0.06371	0.02792	0.06441	0.03278	0.11412	0.04725	0.11295	0.01521	0.01300	0.00351	0.05268	0.01329	0.00714	0.01259
2	0.02131	0.01980	0.03312	0.30032	0.25663	0.02183	0.02756	0.02725	0.02216	0.02997	0.02533	0.11909	0.02377	0.01360	0.01098	0.00349	0.01226	0.01260	0.00570	0.01323
3	0.01470	0.01070	0.01422	0.01450	0.01646	0.01114	0.01079	0.01800	0.02013	0.02811	0.09824	0.14191	0.12308	0.08544	0.28464	0.01027	0.01649	0.01670	0.05533	0.00914
4	0.01639	0.01157	0.01314	0.01217	0.01362	0.01084	0.00735	0.01711	0.01639	0.02266	0.03107	0.06189	0.03492	0.53251	0.04671	0.00891	0.00988	0.01397	0.00638	0.11252
5	0.02212	0.09796	0.49444	0.02859	0.04302	0.02603	0.03585	0.03493	0.05878	0.03356	0.02033	0.02310	0.01473	0.01027	0.00984	0.00328	0.01478	0.00793	0.00491	0.01554
6	0.02353	0.01098	0.01188	0.01109	0.01434	0.01064	0.00851	0.02834	0.02329	0.11250	0.03549	0.03895	0.02697	0.01242	0.00784	0.00257	0.00549	0.00996	0.59424	0.01098
7	0.03050	0.06944	0.05897	0.01884	0.02795	0.06071	0.01627	0.06798	0.02623	0.15292	0.02380	0.02470	0.01769	0.00976	0.00881	0.00229	0.00990	0.00753	0.00776	0.35795
8	0.02403	0.14726	0.03412	0.02046	0.02927	0.02219	0.08238	0.05651	0.02371	0.03370	0.02153	0.06542	0.01934	0.01034	0.00880	0.00227	0.00998	0.00888	0.00629	0.37350
9	0.59708	0.01917	0.01577	0.01476	0.02067	0.02193	0.01231	0.02966	0.01897	0.04500	0.02110	0.03295	0.01908	0.01281	0.00779	0.00352	0.00842	0.08077	0.00704	0.01119
10	0.01714	0.01433	0.02090	0.01973	0.02114	0.01809	0.01574	0.02055	0.01679	0.02477	0.02465	0.03686	0.02324	0.06385	0.44634	0.01385	0.17585	0.01080	0.00540	0.00998
11	0.70310	0.02045	0.01554	0.01390	0.02045	0.02372	0.01145	0.03108	0.01799	0.04744	0.01472	0.01718	0.01145	0.00981	0.00654	0.00327	0.00818	0.00573	0.00654	0.01145
12	0.24932	0.02391	0.02426	0.01948	0.02671	0.02628	0.01598	0.28146	0.03612	0.09759	0.07615	0.02893	0.02468	0.01269	0.00949	0.00323	0.00967	0.00935	0.00960	0.01511
13	0.01501	0.01010	0.01164	0.01200	0.01210	0.01000	0.00691	0.01528	0.01610	0.02146	0.03701	0.15100	0.04310	0.54025	0.04784	0.00937	0.00964	0.01755	0.00691	0.00673
14	0.02084	0.01492	0.02434	0.01988	0.02449	0.01387	0.11631	0.02631	0.02703	0.09153	0.27816	0.09747	0.06176	0.01754	0.01158	0.00331	0.00811	0.01626	0.11474	0.01154
15	0.01997	0.01879	0.03171	0.60301	0.07282	0.02349	0.02936	0.02701	0.02114	0.02701	0.01879	0.02819	0.01409	0.01057	0.01057	0.00352	0.01409	0.00940	0.00470	0.01175
16	0.02192	0.01879	0.02192	0.01566	0.02506	0.01409	0.01253	0.02662	0.02192	0.03445	0.01879	0.02192	0.01566	0.00783	0.00783	0.00157	0.00783	0.00626	0.00626	0.69305
17	0.02820	0.41406	0.04547	0.02425	0.10474	0.03313	0.01880	0.03228	0.02314	0.07387	0.05076	0.02506	0.02105	0.01040	0.00803	0.00255	0.01050	0.00770	0.05205	0.01395
18	0.02502	0.02584	0.03172	0.12917	0.25616	0.13706	0.02448	0.02970	0.02399	0.02992	0.02749	0.15690	0.02747	0.01515	0.01096	0.00337	0.01272	0.01345	0.00621	0.01324
19	0.01472	0.01080	0.01379	0.01304	0.01565	0.00987	0.00978	0.01948	0.02935	0.04102	0.51214	0.08124	0.14537	0.02213	0.01247	0.00335	0.00502	0.01944	0.01146	0.00987
20	0.02543	0.02391	0.03384	0.07693	0.21820	0.06294	0.07697	0.10231	0.02878	0.03794	0.08744	0.04287	0.10838	0.01393	0.01115	0.00327	0.01170	0.01253	0.00736	0.01411
21	0.02047	0.01284	0.01507	0.01390	0.01733	0.01281	0.01062	0.02914	0.10535	0.07998	0.28365	0.05791	0.06222	0.01708	0.01054	0.00310	0.00577	0.01462	0.21605	0.01154
22	0.70310	0.02045	0.01554	0.01390	0.02045	0.02372	0.01145	0.03108	0.01799	0.04744	0.01472	0.01718	0.01145	0.00981	0.00654	0.00327	0.00818	0.00573	0.00654	0.01145
23	0.02768	0.58628	0.09873	0.01910	0.02869	0.04039	0.01984	0.03181	0.02155	0.02560	0.01506	0.01741	0.01355	0.00913	0.00706	0.00235	0.01167	0.00583	0.00452	0.01374

[dist]
# distance from previous block
# <min> <max>
7	23

# created by:
# /st0/software/busco_prod/Augustus/scripts/msa2prfl.pl ./align_prep/4109.fa
