[name]
unknown

[dist]
# distance from previous block
# <min> <max>
0	56

[block]
# block no. 0 follows, 11 sequences, length 11
# corresponding to MSA columns:
# 56-66
name=unknown_A
#
# <colnr> <probs for GDERKNQSTAVLIFYWHMCP>
#	G	D	E	R	K	N	Q	S	T	A	V	L	I	F	Y	W	H	M	C	P
0	0.01642	0.01387	0.01987	0.01761	0.02178	0.01242	0.07428	0.01934	0.02430	0.03001	0.08332	0.08973	0.34358	0.02769	0.01773	0.09538	0.00851	0.06540	0.00905	0.00972
1	0.68395	0.02177	0.01654	0.01480	0.02177	0.02525	0.01219	0.03309	0.01915	0.05050	0.01567	0.01828	0.01219	0.01045	0.00697	0.00348	0.00871	0.00609	0.00697	0.01219
2	0.03374	0.01790	0.02143	0.01800	0.02372	0.01763	0.01425	0.13685	0.03338	0.20712	0.09125	0.11581	0.04047	0.01744	0.01114	0.00342	0.00838	0.01456	0.15852	0.01500
3	0.04717	0.02449	0.02942	0.02256	0.03139	0.02446	0.01863	0.24546	0.04115	0.33881	0.03691	0.03344	0.02410	0.01375	0.01129	0.00344	0.01079	0.01081	0.01278	0.01915
4	0.02442	0.01839	0.01971	0.01762	0.02258	0.01976	0.01370	0.09841	0.20118	0.04645	0.12897	0.05640	0.11471	0.01775	0.01124	0.00346	0.00756	0.01474	0.14884	0.01409
5	0.05050	0.01915	0.02612	0.02003	0.02873	0.01654	0.01654	0.05485	0.03221	0.54203	0.04440	0.03831	0.02786	0.01393	0.01132	0.00348	0.00958	0.01132	0.01393	0.01915
6	0.01695	0.01334	0.01975	0.01925	0.02106	0.01614	0.01514	0.02081	0.01800	0.02623	0.02858	0.04222	0.02678	0.07783	0.50667	0.01675	0.08646	0.01183	0.00592	0.01028
7	0.01695	0.01267	0.01703	0.01660	0.01757	0.01450	0.01188	0.01911	0.01728	0.02436	0.03108	0.05514	0.03246	0.30204	0.29828	0.01385	0.07037	0.01372	0.00627	0.00886
8	0.01471	0.00989	0.01271	0.01496	0.01589	0.00933	0.01010	0.01712	0.02183	0.03054	0.05857	0.52120	0.06821	0.03223	0.01348	0.00430	0.00635	0.02906	0.10021	0.00933
9	0.03839	0.02143	0.03377	0.07321	0.03768	0.02045	0.11701	0.08062	0.03072	0.28678	0.03533	0.03550	0.02391	0.01262	0.01126	0.00345	0.01167	0.01141	0.09819	0.01659
10	0.03023	0.02896	0.13436	0.18820	0.04724	0.02419	0.02634	0.10008	0.08016	0.13602	0.06609	0.03517	0.02662	0.01324	0.01132	0.00360	0.01261	0.01098	0.00869	0.01590

[dist]
# distance from previous block
# <min> <max>
2	16

[block]
# block no. 1 follows, 11 sequences, length 10
# corresponding to MSA columns:
# 83-92
name=unknown_B
#
# <colnr> <probs for GDERKNQSTAVLIFYWHMCP>
#	G	D	E	R	K	N	Q	S	T	A	V	L	I	F	Y	W	H	M	C	P
0	0.02567	0.01745	0.04915	0.01812	0.02309	0.01545	0.01533	0.03488	0.09922	0.13311	0.13136	0.10232	0.05176	0.01986	0.01194	0.00375	0.00823	0.09056	0.13530	0.01344
1	0.02648	0.09104	0.08408	0.16476	0.17614	0.05901	0.07970	0.03533	0.06005	0.03386	0.02188	0.02745	0.01735	0.01060	0.01069	0.00328	0.01417	0.00957	0.00583	0.06873
2	0.02413	0.01531	0.01817	0.01528	0.02049	0.01400	0.01193	0.06565	0.02990	0.09253	0.22076	0.05275	0.05504	0.01605	0.01063	0.00293	0.00688	0.01354	0.17027	0.14376
3	0.02384	0.02012	0.02174	0.02016	0.02528	0.02244	0.01542	0.04699	0.36533	0.04338	0.10478	0.11357	0.09015	0.01947	0.01213	0.00387	0.00798	0.01664	0.01135	0.01536
4	0.01458	0.01083	0.01360	0.01423	0.01632	0.00984	0.01017	0.01814	0.02673	0.03606	0.27128	0.28611	0.17322	0.02875	0.01370	0.00399	0.00585	0.02547	0.01128	0.00984
5	0.01533	0.01127	0.01489	0.01488	0.01715	0.01084	0.01100	0.01959	0.02709	0.03763	0.32266	0.17425	0.12214	0.03621	0.10670	0.00623	0.00980	0.02138	0.01078	0.01016
6	0.02386	0.15254	0.46304	0.02989	0.04533	0.02928	0.03778	0.03531	0.02361	0.03408	0.01942	0.02279	0.01429	0.01051	0.01010	0.00337	0.01585	0.00792	0.00476	0.01626
7	0.02861	0.02225	0.03896	0.32741	0.10853	0.02408	0.10747	0.03574	0.02543	0.13275	0.02544	0.03151	0.01818	0.01137	0.01160	0.00367	0.01445	0.01083	0.00695	0.01479
8	0.08791	0.02216	0.06349	0.02726	0.11058	0.02159	0.01945	0.07815	0.02722	0.04310	0.11112	0.03928	0.03466	0.01475	0.01363	0.00344	0.08419	0.01139	0.17307	0.01354
9	0.14330	0.12060	0.14020	0.08060	0.03649	0.02688	0.02297	0.08764	0.02736	0.12713	0.02483	0.02682	0.01797	0.01159	0.00954	0.00329	0.01187	0.00864	0.05695	0.01535

[dist]
# distance from previous block
# <min> <max>
0	1

[block]
# block no. 2 follows, 11 sequences, length 6
# corresponding to MSA columns:
# 94-99
name=unknown_C
#
# <colnr> <probs for GDERKNQSTAVLIFYWHMCP>
#	G	D	E	R	K	N	Q	S	T	A	V	L	I	F	Y	W	H	M	C	P
0	0.02267	0.01459	0.01826	0.01557	0.02086	0.01237	0.01200	0.02723	0.02835	0.11781	0.24988	0.11120	0.10804	0.01967	0.01188	0.00320	0.00685	0.01701	0.01090	0.17166
1	0.14937	0.01956	0.02463	0.01921	0.02764	0.01790	0.01586	0.05145	0.03018	0.46531	0.03992	0.03518	0.02542	0.01339	0.01064	0.00348	0.00944	0.01050	0.01284	0.01807
2	0.08311	0.01646	0.01787	0.01506	0.02057	0.01630	0.01198	0.09278	0.02857	0.13705	0.03381	0.03594	0.02508	0.01271	0.00890	0.00287	0.00749	0.00993	0.35648	0.06706
3	0.04909	0.02141	0.02752	0.02110	0.02986	0.01989	0.01743	0.13550	0.03599	0.45604	0.04123	0.03625	0.02627	0.01385	0.01131	0.00346	0.01009	0.01110	0.01344	0.01915
4	0.04950	0.02076	0.02711	0.02079	0.02953	0.01892	0.01717	0.11203	0.03489	0.48107	0.04215	0.03685	0.02673	0.01388	0.01131	0.00347	0.00994	0.01117	0.01358	0.01915
5	0.04279	0.03153	0.03378	0.02590	0.03490	0.03490	0.02139	0.49671	0.05292	0.07093	0.02702	0.02702	0.01914	0.01351	0.01126	0.00338	0.01239	0.01013	0.01126	0.01914

[dist]
# distance from previous block
# <min> <max>
0	40

[block]
# block no. 3 follows, 11 sequences, length 9
# corresponding to MSA columns:
# 140-148
name=unknown_D
#
# <colnr> <probs for GDERKNQSTAVLIFYWHMCP>
#	G	D	E	R	K	N	Q	S	T	A	V	L	I	F	Y	W	H	M	C	P
0	0.68395	0.02177	0.01654	0.01480	0.02177	0.02525	0.01219	0.03309	0.01915	0.05050	0.01567	0.01828	0.01219	0.01045	0.00697	0.00348	0.00871	0.00609	0.00697	0.01219
1	0.02664	0.02550	0.04348	0.16306	0.44980	0.02642	0.03394	0.03347	0.02505	0.03529	0.02096	0.02825	0.01731	0.01025	0.01116	0.00342	0.01367	0.01002	0.00547	0.01684
2	0.16942	0.02122	0.02528	0.01978	0.02820	0.02052	0.01633	0.10687	0.03237	0.38914	0.03676	0.03308	0.02379	0.01322	0.01049	0.00347	0.00977	0.01018	0.01227	0.01783
3	0.68395	0.02177	0.01654	0.01480	0.02177	0.02525	0.01219	0.03309	0.01915	0.05050	0.01567	0.01828	0.01219	0.01045	0.00697	0.00348	0.00871	0.00609	0.00697	0.01219
4	0.68395	0.02177	0.01654	0.01480	0.02177	0.02525	0.01219	0.03309	0.01915	0.05050	0.01567	0.01828	0.01219	0.01045	0.00697	0.00348	0.00871	0.00609	0.00697	0.01219
5	0.01637	0.01091	0.01228	0.01228	0.01228	0.01091	0.00682	0.01637	0.01637	0.02182	0.03546	0.07365	0.04092	0.60445	0.05729	0.01091	0.01091	0.01637	0.00682	0.00682
6	0.01371	0.00979	0.01306	0.01567	0.01632	0.00914	0.01045	0.01567	0.02155	0.02873	0.06203	0.59710	0.07444	0.03526	0.01437	0.00457	0.00653	0.03200	0.01045	0.00914
7	0.04938	0.02094	0.02723	0.02087	0.02962	0.01920	0.01724	0.11876	0.03521	0.47389	0.04189	0.03668	0.02660	0.01387	0.01131	0.00347	0.00998	0.01115	0.01354	0.01915
8	0.10169	0.01473	0.01891	0.12203	0.03010	0.01504	0.01503	0.02219	0.02168	0.03265	0.04211	0.33323	0.04693	0.02367	0.01196	0.00386	0.00867	0.02088	0.00843	0.10622

[dist]
# distance from previous block
# <min> <max>
5	5

[block]
# block no. 4 follows, 11 sequences, length 22
# corresponding to MSA columns:
# 155-176
name=unknown_E
#
# <colnr> <probs for GDERKNQSTAVLIFYWHMCP>
#	G	D	E	R	K	N	Q	S	T	A	V	L	I	F	Y	W	H	M	C	P
0	0.09399	0.02738	0.03280	0.02991	0.08604	0.03019	0.05483	0.21405	0.21137	0.05431	0.03183	0.03195	0.02370	0.01320	0.01107	0.00357	0.01137	0.01091	0.00993	0.01759
1	0.02646	0.01958	0.02693	0.02000	0.02875	0.01593	0.06398	0.03189	0.02639	0.11244	0.10740	0.03626	0.03307	0.01169	0.01011	0.00247	0.00914	0.01030	0.00858	0.39864
2	0.02012	0.01601	0.01864	0.01775	0.02145	0.01695	0.01332	0.03490	0.21300	0.04298	0.26300	0.15852	0.07334	0.02223	0.01278	0.00383	0.00689	0.01951	0.01169	0.01309
3	0.31971	0.02240	0.03064	0.17922	0.04433	0.02475	0.09709	0.03474	0.02275	0.09597	0.02121	0.02577	0.01551	0.01090	0.00969	0.00361	0.01226	0.00895	0.00697	0.01353
4	0.02771	0.02825	0.13020	0.06685	0.03590	0.02169	0.02287	0.03396	0.02374	0.11718	0.02313	0.02664	0.01757	0.01196	0.01456	0.00308	0.11214	0.00858	0.00704	0.26695
5	0.01449	0.01035	0.01395	0.01656	0.01756	0.00981	0.01180	0.01702	0.02232	0.02960	0.06160	0.51424	0.07274	0.03453	0.01457	0.00468	0.00721	0.10716	0.01043	0.00936
6	0.03932	0.02341	0.03064	0.02467	0.03013	0.02658	0.02046	0.12219	0.03018	0.26356	0.03009	0.03113	0.02136	0.01605	0.02103	0.00401	0.22803	0.01055	0.01004	0.01656
7	0.02328	0.02200	0.03432	0.36656	0.11412	0.02718	0.02903	0.03237	0.07374	0.03128	0.02193	0.03009	0.01731	0.01303	0.01579	0.00392	0.11444	0.01027	0.00573	0.01361
8	0.01971	0.02076	0.07504	0.20290	0.13408	0.01907	0.02431	0.02562	0.02376	0.03238	0.08070	0.21382	0.04276	0.01968	0.01236	0.00390	0.01127	0.01778	0.00750	0.01263
9	0.04363	0.03017	0.03294	0.02525	0.03423	0.03289	0.02086	0.44819	0.05065	0.12266	0.02893	0.02826	0.02010	0.01356	0.01127	0.00339	0.01208	0.01026	0.01155	0.01914
10	0.01623	0.01145	0.01500	0.01500	0.01594	0.01239	0.01021	0.01811	0.01717	0.02384	0.03298	0.05988	0.03494	0.36116	0.29240	0.01427	0.01991	0.01435	0.00645	0.00833
11	0.03130	0.02861	0.14354	0.16301	0.08608	0.02188	0.06102	0.03892	0.02709	0.19497	0.06610	0.03519	0.02611	0.01263	0.01144	0.00358	0.01307	0.01107	0.00842	0.01597
12	0.01412	0.01009	0.01353	0.01614	0.01697	0.00950	0.01116	0.01638	0.02195	0.02919	0.06181	0.55350	0.07355	0.03488	0.01448	0.00463	0.00689	0.07155	0.01044	0.00926
13	0.02462	0.02462	0.03447	0.02955	0.02955	0.03447	0.02462	0.02709	0.01724	0.02709	0.01477	0.02462	0.01477	0.01970	0.03694	0.00492	0.58385	0.00985	0.00492	0.01231
14	0.02767	0.04361	0.31773	0.03718	0.08500	0.02551	0.15308	0.03820	0.02573	0.10252	0.02412	0.02767	0.01704	0.01076	0.01147	0.00360	0.01606	0.01011	0.00626	0.01668
15	0.02470	0.08784	0.29028	0.08631	0.10014	0.02805	0.09205	0.03744	0.07794	0.03571	0.02306	0.02715	0.01728	0.01094	0.01093	0.00352	0.01522	0.00958	0.00572	0.01615
16	0.01371	0.00979	0.01306	0.01567	0.01632	0.00914	0.01045	0.01567	0.02155	0.02873	0.06203	0.59710	0.07444	0.03526	0.01437	0.00457	0.00653	0.03200	0.01045	0.00914
17	0.04914	0.02134	0.02747	0.02106	0.02982	0.01978	0.01740	0.13273	0.03586	0.45900	0.04134	0.03632	0.02632	0.01386	0.01131	0.00346	0.01007	0.01111	0.01346	0.01915
18	0.07050	0.03083	0.16538	0.03592	0.13598	0.02211	0.09848	0.03471	0.02515	0.11252	0.03153	0.12848	0.02793	0.01518	0.01168	0.00372	0.01297	0.01390	0.00760	0.01542
19	0.03295	0.14731	0.12770	0.03350	0.12418	0.03006	0.05674	0.10815	0.07513	0.11670	0.02667	0.02815	0.01975	0.01161	0.01050	0.00330	0.01290	0.00962	0.00794	0.01717
20	0.01418	0.00999	0.01292	0.01507	0.01561	0.00945	0.00981	0.01579	0.02064	0.02751	0.05735	0.50484	0.06853	0.13558	0.02193	0.00569	0.00730	0.02924	0.00981	0.00873
21	0.37529	0.08670	0.07190	0.01837	0.02613	0.02587	0.01663	0.07604	0.02430	0.08140	0.02429	0.08457	0.02122	0.01364	0.00886	0.00349	0.00996	0.00989	0.00781	0.01365

[dist]
# distance from previous block
# <min> <max>
1	47

[block]
# block no. 5 follows, 11 sequences, length 16
# corresponding to MSA columns:
# 224-239
name=unknown_F
#
# <colnr> <probs for GDERKNQSTAVLIFYWHMCP>
#	G	D	E	R	K	N	Q	S	T	A	V	L	I	F	Y	W	H	M	C	P
0	0.02276	0.11067	0.10500	0.02294	0.06440	0.02341	0.01943	0.03544	0.15479	0.03645	0.05430	0.05347	0.16697	0.01694	0.01093	0.00344	0.00966	0.01382	0.06096	0.01421
1	0.37794	0.02472	0.02281	0.01937	0.02670	0.02825	0.01573	0.15378	0.13869	0.05479	0.02525	0.02577	0.01889	0.01229	0.00904	0.00353	0.00966	0.00858	0.00904	0.01517
2	0.01611	0.01194	0.01750	0.01750	0.01931	0.01375	0.01334	0.01972	0.01791	0.02569	0.03068	0.04719	0.02943	0.13697	0.50905	0.01736	0.02820	0.01249	0.00611	0.00972
3	0.02126	0.02001	0.03376	0.57739	0.07752	0.02501	0.03126	0.02876	0.02251	0.02876	0.02001	0.03001	0.01500	0.01125	0.01125	0.00375	0.01500	0.01000	0.00500	0.01250
4	0.02449	0.02614	0.08332	0.20198	0.20940	0.02387	0.02858	0.03365	0.06247	0.03508	0.02243	0.02830	0.01772	0.01052	0.01058	0.00318	0.01278	0.00938	0.00601	0.15012
5	0.01447	0.01101	0.01332	0.01367	0.01616	0.00985	0.00990	0.01807	0.02703	0.03588	0.26653	0.23149	0.23552	0.02813	0.01358	0.00391	0.00577	0.02463	0.01123	0.00985
6	0.02394	0.02648	0.09403	0.17133	0.04402	0.02507	0.02445	0.03628	0.13305	0.03528	0.02504	0.02958	0.01962	0.01276	0.01462	0.00346	0.10189	0.00963	0.00679	0.16268
7	0.02697	0.02218	0.02326	0.02109	0.02690	0.02543	0.01636	0.05489	0.44217	0.04633	0.04448	0.04199	0.03355	0.01495	0.01093	0.00364	0.00837	0.01240	0.10735	0.01674
8	0.01701	0.01970	0.09493	0.02004	0.02356	0.01633	0.01752	0.02114	0.02114	0.02925	0.04982	0.26995	0.10584	0.03700	0.11164	0.00672	0.09874	0.02071	0.00802	0.01092
9	0.04136	0.02953	0.03780	0.02843	0.03777	0.03120	0.09499	0.35953	0.04574	0.13437	0.02890	0.02920	0.02009	0.01294	0.01159	0.00346	0.01301	0.01080	0.01077	0.01852
10	0.01526	0.01127	0.01425	0.01394	0.01651	0.01027	0.01029	0.01978	0.02963	0.04086	0.40747	0.15218	0.16584	0.02537	0.01342	0.00371	0.00552	0.02233	0.01185	0.01027
11	0.03494	0.02338	0.03191	0.02841	0.07896	0.02364	0.06677	0.19918	0.03669	0.15967	0.07255	0.12238	0.03576	0.01694	0.01210	0.00364	0.01109	0.01485	0.01071	0.01644
12	0.28160	0.01905	0.01990	0.01684	0.02312	0.01985	0.01358	0.07835	0.02908	0.16228	0.17528	0.04316	0.04428	0.01525	0.01023	0.00349	0.00824	0.01189	0.01056	0.01396
13	0.24156	0.10568	0.02777	0.02425	0.09939	0.02337	0.01672	0.03262	0.02454	0.10378	0.10520	0.08730	0.03602	0.01503	0.00987	0.00342	0.00926	0.01203	0.00850	0.01371
14	0.07831	0.08285	0.24880	0.03162	0.04415	0.02747	0.14366	0.07289	0.02732	0.10248	0.02371	0.02662	0.01689	0.01092	0.01091	0.00350	0.01507	0.00971	0.00680	0.01629
15	0.17891	0.02377	0.02735	0.14564	0.03959	0.02607	0.01988	0.16044	0.06952	0.08651	0.02481	0.02731	0.01820	0.01184	0.00995	0.00331	0.01115	0.00906	0.00853	0.09817

[dist]
# distance from previous block
# <min> <max>
1	19

[block]
# block no. 6 follows, 11 sequences, length 15
# corresponding to MSA columns:
# 259-273
name=unknown_G
#
# <colnr> <probs for GDERKNQSTAVLIFYWHMCP>
#	G	D	E	R	K	N	Q	S	T	A	V	L	I	F	Y	W	H	M	C	P
0	0.12140	0.02045	0.03010	0.13850	0.11956	0.02072	0.05388	0.03364	0.02453	0.12783	0.03027	0.11064	0.02629	0.01447	0.01093	0.00351	0.01123	0.01275	0.00800	0.08130
1	0.08148	0.02340	0.08086	0.10122	0.15114	0.02010	0.02335	0.03372	0.02487	0.13544	0.03310	0.14138	0.02977	0.01595	0.01127	0.00359	0.01111	0.01392	0.00822	0.05610
2	0.09253	0.05984	0.06817	0.02531	0.09068	0.02097	0.01883	0.03436	0.08187	0.07858	0.03133	0.11968	0.02842	0.01468	0.01026	0.00313	0.00978	0.01233	0.00807	0.19117
3	0.09845	0.10090	0.11294	0.02079	0.03083	0.02322	0.01983	0.04069	0.07274	0.17047	0.02796	0.02797	0.02020	0.01124	0.00953	0.00294	0.01057	0.00860	0.00853	0.18161
4	0.10270	0.01483	0.01686	0.01722	0.02003	0.01535	0.01244	0.09595	0.02634	0.03832	0.05052	0.43178	0.05764	0.02861	0.01293	0.00424	0.00775	0.02519	0.01014	0.01115
5	0.01864	0.01519	0.01803	0.01506	0.02103	0.01227	0.01151	0.02299	0.02563	0.03678	0.16822	0.12453	0.12970	0.01868	0.01114	0.00285	0.00692	0.01606	0.00919	0.31557
6	0.21290	0.15272	0.14831	0.02189	0.03227	0.03019	0.02211	0.12075	0.02775	0.04468	0.01927	0.02163	0.01488	0.01070	0.00881	0.00308	0.01183	0.00740	0.00681	0.08206
7	0.01955	0.00978	0.01466	0.01466	0.01466	0.00978	0.00978	0.01466	0.01466	0.01955	0.01955	0.03421	0.01955	0.03910	0.04399	0.67253	0.00978	0.00978	0.00489	0.00489
8	0.02053	0.01196	0.01593	0.01581	0.01852	0.01090	0.01150	0.02414	0.02719	0.11828	0.23593	0.31190	0.07892	0.02715	0.01346	0.00400	0.00656	0.02423	0.01175	0.01133
9	0.03078	0.49331	0.05140	0.01884	0.02770	0.03842	0.01815	0.03463	0.02468	0.08042	0.06817	0.02649	0.02468	0.01136	0.00822	0.00263	0.01114	0.00794	0.00647	0.01455
10	0.44393	0.01974	0.01912	0.12559	0.03173	0.02264	0.01537	0.02948	0.02087	0.04293	0.03250	0.03522	0.09675	0.01354	0.00884	0.00359	0.00946	0.00973	0.00714	0.01182
11	0.18945	0.25836	0.12447	0.02235	0.03125	0.10068	0.02200	0.03476	0.02280	0.03405	0.01656	0.01987	0.01390	0.01106	0.01047	0.00313	0.05860	0.00688	0.00546	0.01391
12	0.08049	0.02203	0.01924	0.01773	0.02276	0.12117	0.01389	0.03065	0.02794	0.11604	0.10306	0.07214	0.22306	0.02114	0.01206	0.00366	0.00991	0.06088	0.00996	0.01217
13	0.02527	0.01820	0.02675	0.07743	0.03184	0.01800	0.07500	0.08736	0.03231	0.10674	0.24755	0.06138	0.10779	0.01834	0.01257	0.00359	0.00947	0.01634	0.01066	0.01342
14	0.21117	0.02066	0.02833	0.02297	0.02961	0.02101	0.10417	0.06576	0.02659	0.12366	0.07155	0.04831	0.03298	0.07481	0.01580	0.00449	0.01118	0.06449	0.00899	0.01348

[dist]
# distance from previous block
# <min> <max>
3	17

[block]
# block no. 7 follows, 11 sequences, length 24
# corresponding to MSA columns:
# 291-314
name=unknown_H
#
# <colnr> <probs for GDERKNQSTAVLIFYWHMCP>
#	G	D	E	R	K	N	Q	S	T	A	V	L	I	F	Y	W	H	M	C	P
0	0.02688	0.17127	0.07286	0.02196	0.02916	0.02894	0.01959	0.08476	0.20171	0.03988	0.03776	0.10337	0.03407	0.01725	0.01108	0.00363	0.01052	0.06102	0.00903	0.01525
1	0.02499	0.16957	0.29948	0.02692	0.03894	0.03023	0.03056	0.03616	0.07021	0.03402	0.02115	0.02432	0.01648	0.01156	0.01229	0.00331	0.06754	0.00825	0.00558	0.06843
2	0.13312	0.10356	0.22989	0.02496	0.03564	0.07516	0.02635	0.11566	0.02819	0.04139	0.02119	0.02662	0.01701	0.05962	0.01358	0.00393	0.01398	0.00860	0.00652	0.01502
3	0.14499	0.12310	0.03100	0.02158	0.02903	0.08801	0.01774	0.09099	0.19999	0.09825	0.03068	0.02983	0.02299	0.01281	0.00982	0.00335	0.01104	0.00950	0.00924	0.01606
4	0.02654	0.02291	0.02406	0.02176	0.02787	0.02616	0.01690	0.05547	0.46542	0.04543	0.05258	0.04858	0.08354	0.01658	0.01164	0.00382	0.00859	0.01382	0.01135	0.01699
5	0.05050	0.01915	0.02612	0.02003	0.02873	0.01654	0.01654	0.05485	0.03221	0.54203	0.04440	0.03831	0.02786	0.01393	0.01132	0.00348	0.00958	0.01132	0.01393	0.01915
6	0.02657	0.03036	0.06641	0.04744	0.05882	0.02846	0.49336	0.03605	0.02657	0.03605	0.02277	0.03036	0.01708	0.00949	0.01328	0.00380	0.01898	0.01328	0.00569	0.01518
7	0.01593	0.01150	0.01504	0.01416	0.01681	0.01062	0.01062	0.02124	0.03186	0.04513	0.52830	0.08407	0.10620	0.02301	0.01327	0.00354	0.00531	0.02035	0.01239	0.01062
8	0.02593	0.02445	0.03097	0.02697	0.02944	0.03196	0.02198	0.03979	0.21000	0.03485	0.02682	0.03137	0.02238	0.01798	0.02705	0.00450	0.36071	0.01097	0.00746	0.01445
9	0.02334	0.02001	0.02334	0.01667	0.02667	0.01500	0.01334	0.02834	0.02334	0.03668	0.02001	0.02334	0.01667	0.00834	0.00834	0.00167	0.00834	0.00667	0.00667	0.67325
10	0.02458	0.03100	0.15775	0.18792	0.13803	0.02572	0.03048	0.08132	0.02619	0.03637	0.02518	0.08898	0.02223	0.01443	0.01349	0.00377	0.05943	0.01199	0.00632	0.01482
11	0.02146	0.03387	0.23021	0.09126	0.16529	0.02174	0.03066	0.02947	0.02353	0.03344	0.03134	0.17504	0.03094	0.01699	0.01182	0.00379	0.01301	0.01509	0.00647	0.01457
12	0.01371	0.00979	0.01306	0.01567	0.01632	0.00914	0.01045	0.01567	0.02155	0.02873	0.06203	0.59710	0.07444	0.03526	0.01437	0.00457	0.00653	0.03200	0.01045	0.00914
13	0.02843	0.02266	0.02383	0.02113	0.02715	0.02579	0.01652	0.10210	0.38012	0.04883	0.04220	0.04034	0.03175	0.01471	0.01082	0.00357	0.00867	0.01206	0.12258	0.01672
14	0.02575	0.03617	0.21941	0.07651	0.12258	0.02587	0.02999	0.08826	0.11947	0.04068	0.02986	0.08262	0.02489	0.01411	0.01136	0.00366	0.01310	0.01199	0.00742	0.01630
15	0.04099	0.02137	0.03242	0.09431	0.17528	0.02031	0.02317	0.04634	0.02932	0.34506	0.03526	0.03449	0.02366	0.01255	0.01126	0.00347	0.01123	0.01082	0.01062	0.01806
16	0.01460	0.01029	0.01340	0.01555	0.01627	0.00981	0.01053	0.01651	0.02104	0.02798	0.05711	0.46032	0.06760	0.13554	0.02207	0.00575	0.00767	0.06932	0.00980	0.00885
17	0.01892	0.01585	0.02201	0.02145	0.02198	0.01940	0.01663	0.02075	0.01965	0.02771	0.03946	0.27664	0.04519	0.02918	0.02602	0.06756	0.23127	0.06246	0.00777	0.01009
18	0.09423	0.22940	0.15387	0.07058	0.03899	0.03063	0.06242	0.03769	0.02468	0.12554	0.02282	0.02500	0.01689	0.01085	0.00953	0.00318	0.01308	0.00841	0.00675	0.01546
19	0.09342	0.02624	0.08359	0.11320	0.03846	0.02407	0.02176	0.16198	0.03326	0.18512	0.02984	0.03094	0.02065	0.01264	0.01051	0.00342	0.01149	0.00992	0.07314	0.01633
20	0.04518	0.01813	0.02481	0.02014	0.02784	0.01595	0.01680	0.04967	0.03118	0.45842	0.04690	0.05289	0.03393	0.01675	0.01201	0.00376	0.00971	0.08487	0.01334	0.01771
21	0.02176	0.02677	0.11623	0.02344	0.02966	0.07122	0.05796	0.03089	0.08060	0.03722	0.16535	0.14761	0.05591	0.02065	0.01273	0.00388	0.01106	0.06505	0.00919	0.01282
22	0.03542	0.02986	0.11783	0.07951	0.14759	0.02515	0.02674	0.12243	0.07076	0.18478	0.03044	0.03128	0.02138	0.01236	0.01117	0.00350	0.01245	0.01034	0.00920	0.01780
23	0.07918	0.02262	0.02742	0.21157	0.09238	0.08024	0.02216	0.06888	0.02597	0.03493	0.03204	0.18876	0.03226	0.01813	0.01165	0.00379	0.01226	0.01564	0.00741	0.01269

[dist]
# distance from previous block
# <min> <max>
0	1

[block]
# block no. 8 follows, 11 sequences, length 16
# corresponding to MSA columns:
# 316-331
name=unknown_I
#
# <colnr> <probs for GDERKNQSTAVLIFYWHMCP>
#	G	D	E	R	K	N	Q	S	T	A	V	L	I	F	Y	W	H	M	C	P
0	0.58431	0.01999	0.01602	0.01493	0.02096	0.02285	0.01193	0.03050	0.01951	0.04726	0.02256	0.10433	0.02144	0.01414	0.00807	0.00364	0.00838	0.00995	0.00748	0.01174
1	0.13860	0.02454	0.02957	0.02841	0.10455	0.02553	0.02000	0.16810	0.08546	0.21356	0.03206	0.03107	0.02233	0.01285	0.01063	0.00347	0.01070	0.01016	0.01065	0.01776
2	0.03108	0.02922	0.08935	0.08369	0.13243	0.02762	0.06214	0.12360	0.17147	0.08550	0.03109	0.03259	0.02295	0.01260	0.01140	0.00359	0.01253	0.01100	0.00881	0.01736
3	0.01871	0.01353	0.01672	0.01754	0.02003	0.01372	0.01322	0.05864	0.06952	0.03705	0.10486	0.32695	0.06530	0.02835	0.01356	0.00429	0.00769	0.10608	0.05309	0.01114
4	0.01693	0.01412	0.02259	0.01981	0.02343	0.01347	0.08401	0.02186	0.02660	0.03666	0.25668	0.16499	0.11282	0.03279	0.09473	0.00595	0.01133	0.02046	0.00991	0.01086
5	0.02223	0.01897	0.02579	0.11620	0.10259	0.02066	0.01976	0.09323	0.02758	0.03641	0.05316	0.15454	0.16210	0.02125	0.01494	0.00392	0.06770	0.01770	0.00845	0.01280
6	0.42374	0.02155	0.02105	0.07349	0.02955	0.02431	0.01561	0.03992	0.09502	0.12222	0.02494	0.02602	0.01814	0.01177	0.00872	0.00356	0.00950	0.00827	0.00849	0.01411
7	0.02778	0.03439	0.22202	0.02908	0.08728	0.02260	0.02696	0.04141	0.12584	0.11606	0.07346	0.03663	0.02970	0.01328	0.01099	0.00350	0.01180	0.01104	0.05978	0.01639
8	0.02024	0.01214	0.01551	0.01422	0.01749	0.01121	0.01082	0.02545	0.03067	0.09589	0.40533	0.07310	0.08662	0.02060	0.01227	0.00340	0.00574	0.01796	0.10985	0.01148
9	0.02665	0.02786	0.12326	0.07177	0.03723	0.02332	0.06954	0.04355	0.20394	0.08545	0.07203	0.03932	0.03159	0.01375	0.01124	0.00359	0.01126	0.01197	0.07697	0.01570
10	0.68395	0.02177	0.01654	0.01480	0.02177	0.02525	0.01219	0.03309	0.01915	0.05050	0.01567	0.01828	0.01219	0.01045	0.00697	0.00348	0.00871	0.00609	0.00697	0.01219
11	0.01469	0.01103	0.01361	0.01387	0.01628	0.00995	0.01006	0.01849	0.02757	0.03710	0.30115	0.22635	0.20340	0.02763	0.01357	0.00388	0.00573	0.02429	0.01139	0.00995
12	0.02823	0.02368	0.06966	0.07257	0.03469	0.02194	0.05664	0.14058	0.06447	0.09588	0.12276	0.10576	0.04455	0.01817	0.01239	0.00379	0.01096	0.04846	0.01008	0.01477
13	0.02244	0.01631	0.02240	0.01973	0.02331	0.01635	0.06129	0.06460	0.07647	0.07058	0.08399	0.20029	0.04957	0.19053	0.02578	0.00598	0.00991	0.01932	0.00949	0.01165
14	0.03407	0.08503	0.15390	0.03289	0.11028	0.06929	0.02742	0.13206	0.03113	0.11816	0.02427	0.02661	0.01795	0.01259	0.01339	0.00348	0.07370	0.00929	0.00771	0.01680
15	0.23700	0.19424	0.08613	0.01884	0.02749	0.02777	0.01800	0.03651	0.02449	0.13563	0.07330	0.02926	0.02553	0.01217	0.00890	0.00319	0.01033	0.00874	0.00799	0.01448

[dist]
# distance from previous block
# <min> <max>
3	23

[block]
# block no. 9 follows, 11 sequences, length 25
# corresponding to MSA columns:
# 362-386
name=unknown_J
#
# <colnr> <probs for GDERKNQSTAVLIFYWHMCP>
#	G	D	E	R	K	N	Q	S	T	A	V	L	I	F	Y	W	H	M	C	P
0	0.22449	0.02689	0.11305	0.06655	0.03478	0.02293	0.06687	0.07158	0.02668	0.04419	0.10859	0.04344	0.03461	0.01480	0.01080	0.00371	0.01145	0.05322	0.00793	0.01343
1	0.08149	0.08995	0.16905	0.12018	0.04482	0.02799	0.08721	0.07555	0.02586	0.03713	0.02819	0.03249	0.06071	0.01306	0.01281	0.00362	0.05874	0.01048	0.00625	0.01443
2	0.02466	0.02527	0.11213	0.02147	0.02893	0.02007	0.01980	0.03980	0.18555	0.08118	0.14821	0.05483	0.04784	0.01704	0.01183	0.00361	0.00958	0.05851	0.01012	0.07955
3	0.01418	0.01056	0.01321	0.01439	0.01621	0.00959	0.01009	0.01717	0.02499	0.03319	0.18956	0.36574	0.17842	0.03077	0.01387	0.00415	0.00605	0.02735	0.01093	0.00959
4	0.02479	0.13772	0.16503	0.02503	0.03576	0.02624	0.06605	0.03170	0.02305	0.03358	0.01900	0.02325	0.01552	0.01037	0.01197	0.00279	0.06842	0.00787	0.00560	0.26626
5	0.04789	0.01839	0.02474	0.01918	0.02735	0.01601	0.01577	0.05232	0.03145	0.49777	0.04372	0.03863	0.02795	0.01386	0.01101	0.00341	0.00919	0.01125	0.07172	0.01839
6	0.09689	0.55100	0.05464	0.01880	0.02816	0.04257	0.01854	0.03364	0.02249	0.02893	0.01565	0.01808	0.01421	0.00971	0.00720	0.00252	0.01170	0.00603	0.00503	0.01421
7	0.03447	0.01815	0.02540	0.07699	0.03078	0.01877	0.01782	0.03909	0.02873	0.27919	0.16149	0.04702	0.04458	0.01692	0.01593	0.00376	0.10129	0.01327	0.01118	0.01518
8	0.01641	0.01141	0.01461	0.01381	0.01646	0.01061	0.01036	0.02171	0.03108	0.04483	0.48158	0.08007	0.09885	0.02207	0.01276	0.00345	0.00530	0.01942	0.07460	0.01061
9	0.01593	0.01150	0.01504	0.01416	0.01681	0.01062	0.01062	0.02124	0.03186	0.04513	0.52830	0.08407	0.10620	0.02301	0.01327	0.00354	0.00531	0.02035	0.01239	0.01062
10	0.01493	0.01136	0.01310	0.01272	0.01540	0.01021	0.00914	0.01835	0.02673	0.03522	0.27675	0.09221	0.26787	0.12279	0.02067	0.00488	0.00641	0.02107	0.01067	0.00953
11	0.05050	0.01915	0.02612	0.02003	0.02873	0.01654	0.01654	0.05485	0.03221	0.54203	0.04440	0.03831	0.02786	0.01393	0.01132	0.00348	0.00958	0.01132	0.01393	0.01915
12	0.01776	0.01268	0.01770	0.02030	0.02272	0.01263	0.01748	0.02266	0.02554	0.03326	0.05980	0.16721	0.06560	0.03145	0.01545	0.00513	0.01004	0.42197	0.01037	0.01026
13	0.68395	0.02177	0.01654	0.01480	0.02177	0.02525	0.01219	0.03309	0.01915	0.05050	0.01567	0.01828	0.01219	0.01045	0.00697	0.00348	0.00871	0.00609	0.00697	0.01219
14	0.02790	0.01986	0.02381	0.01723	0.02702	0.01526	0.01387	0.03279	0.02483	0.12145	0.02410	0.02585	0.01855	0.00927	0.00884	0.00197	0.00854	0.00745	0.00789	0.56353
15	0.01955	0.00978	0.01466	0.01466	0.01466	0.00978	0.00978	0.01466	0.01466	0.01955	0.01955	0.03421	0.01955	0.03910	0.04399	0.67253	0.00978	0.00978	0.00489	0.00489
16	0.03957	0.02860	0.03099	0.02464	0.03293	0.03160	0.02007	0.34691	0.17103	0.10339	0.03333	0.03184	0.02381	0.01400	0.01131	0.00350	0.01125	0.01090	0.01153	0.01880
17	0.15414	0.03010	0.09377	0.02385	0.03188	0.02955	0.02127	0.16536	0.19887	0.05112	0.02958	0.02994	0.02212	0.01363	0.01233	0.00369	0.05300	0.01001	0.00922	0.01655
18	0.02334	0.08294	0.04540	0.26158	0.05816	0.02636	0.18972	0.03086	0.02517	0.03320	0.08606	0.03588	0.02743	0.01198	0.01181	0.00360	0.01485	0.01208	0.00618	0.01340
19	0.03744	0.01694	0.02249	0.01829	0.02522	0.01452	0.01453	0.04157	0.02925	0.34210	0.09162	0.13460	0.04191	0.01768	0.01164	0.00344	0.00849	0.01507	0.01226	0.10096
20	0.04081	0.02702	0.03593	0.07708	0.04020	0.02826	0.08183	0.27659	0.04122	0.18877	0.03049	0.03075	0.02084	0.01290	0.01154	0.00349	0.01272	0.01084	0.01069	0.01803
21	0.02846	0.03694	0.20988	0.15500	0.04864	0.02848	0.03010	0.15943	0.10910	0.04517	0.02603	0.02896	0.01891	0.01229	0.01109	0.00360	0.01391	0.00989	0.00759	0.01653
22	0.10520	0.01132	0.01491	0.01468	0.01558	0.01177	0.01009	0.01704	0.01524	0.02354	0.01905	0.03216	0.01860	0.03541	0.03922	0.58628	0.00964	0.00930	0.00516	0.00583
23	0.02203	0.01223	0.01527	0.01497	0.01733	0.01128	0.01025	0.02389	0.02233	0.13037	0.05441	0.25599	0.09808	0.22619	0.02842	0.00646	0.00857	0.02163	0.00990	0.01040
24	0.13289	0.02381	0.07229	0.01827	0.02825	0.01791	0.01625	0.03321	0.02385	0.10394	0.02247	0.02450	0.01716	0.00962	0.00872	0.00237	0.00934	0.00733	0.00747	0.42033

[dist]
# distance from previous block
# <min> <max>
2	4

[block]
# block no. 10 follows, 11 sequences, length 6
# corresponding to MSA columns:
# 403-408
name=unknown_K
#
# <colnr> <probs for GDERKNQSTAVLIFYWHMCP>
#	G	D	E	R	K	N	Q	S	T	A	V	L	I	F	Y	W	H	M	C	P
0	0.10569	0.08054	0.02886	0.15115	0.08328	0.02192	0.01917	0.02845	0.02353	0.03578	0.09042	0.03565	0.02949	0.04856	0.01271	0.00345	0.01053	0.01011	0.00682	0.17389
1	0.02447	0.08074	0.14787	0.06244	0.03476	0.08843	0.02222	0.03120	0.02610	0.03553	0.11969	0.03509	0.03320	0.01251	0.01021	0.00285	0.01197	0.01001	0.00697	0.20374
2	0.02149	0.02151	0.02912	0.02479	0.03007	0.08438	0.12543	0.02669	0.02646	0.03286	0.09742	0.07409	0.16337	0.02781	0.07013	0.00542	0.01406	0.10485	0.00845	0.01159
3	0.08517	0.02196	0.02342	0.01940	0.02649	0.02245	0.01536	0.15425	0.12910	0.04736	0.04239	0.09193	0.09045	0.01631	0.01079	0.00324	0.00904	0.01325	0.00968	0.16796
4	0.52891	0.01951	0.01690	0.01556	0.02138	0.02265	0.01263	0.03007	0.01891	0.04484	0.01903	0.02430	0.01589	0.02762	0.13531	0.00687	0.01368	0.00748	0.00675	0.01169
5	0.02706	0.02011	0.03604	0.02790	0.03514	0.01828	0.19507	0.03261	0.02675	0.15101	0.05343	0.15398	0.13305	0.01916	0.01303	0.00387	0.01180	0.01843	0.00945	0.01383

[dist]
# distance from previous block
# <min> <max>
5	26

[block]
# block no. 11 follows, 11 sequences, length 10
# corresponding to MSA columns:
# 435-444
name=unknown_L
#
# <colnr> <probs for GDERKNQSTAVLIFYWHMCP>
#	G	D	E	R	K	N	Q	S	T	A	V	L	I	F	Y	W	H	M	C	P
0	0.02105	0.01853	0.01918	0.04946	0.02425	0.06758	0.01399	0.05725	0.08457	0.03931	0.21944	0.14476	0.15162	0.02252	0.01268	0.00371	0.00843	0.01927	0.01051	0.01191
1	0.10019	0.03122	0.10774	0.12613	0.04138	0.06199	0.02404	0.10117	0.20530	0.04405	0.02965	0.03112	0.02210	0.01284	0.01070	0.00362	0.01237	0.01014	0.00836	0.01590
2	0.09802	0.02470	0.09267	0.02261	0.03189	0.01875	0.08576	0.03452	0.02581	0.14901	0.04267	0.04281	0.11274	0.01397	0.01077	0.00320	0.01074	0.01194	0.00863	0.15879
3	0.03892	0.15415	0.03580	0.02243	0.03006	0.02959	0.01918	0.12843	0.08320	0.22395	0.03126	0.03041	0.02233	0.01376	0.01362	0.00344	0.08243	0.00989	0.01002	0.01711
4	0.03274	0.01644	0.01982	0.01692	0.02254	0.01602	0.01338	0.04254	0.11819	0.23303	0.11215	0.04665	0.04063	0.01525	0.01061	0.00330	0.00757	0.01264	0.20444	0.01514
5	0.01433	0.01014	0.01316	0.01502	0.01579	0.00955	0.00994	0.01636	0.02190	0.02948	0.10770	0.46720	0.07298	0.11599	0.02044	0.00538	0.00703	0.02851	0.01013	0.00896
6	0.02122	0.01470	0.01623	0.01478	0.01644	0.01532	0.00950	0.10466	0.02309	0.03085	0.03391	0.06508	0.03692	0.49582	0.04883	0.00953	0.01118	0.01522	0.00764	0.00908
7	0.02981	0.02125	0.02829	0.02314	0.02951	0.02212	0.08386	0.12382	0.14352	0.10064	0.03873	0.09993	0.03169	0.01576	0.01121	0.00352	0.01000	0.01387	0.15408	0.01524
8	0.20660	0.02258	0.02906	0.02243	0.03103	0.02233	0.06804	0.10261	0.03090	0.30402	0.03263	0.03098	0.02164	0.01252	0.01043	0.00350	0.01073	0.01007	0.01094	0.01696
9	0.13995	0.02341	0.13149	0.01904	0.02478	0.01728	0.01794	0.02490	0.02131	0.03460	0.08488	0.12269	0.03895	0.10599	0.13704	0.00780	0.01473	0.01446	0.00735	0.01141

[dist]
# distance from previous block
# <min> <max>
0	7

[block]
# block no. 12 follows, 11 sequences, length 21
# corresponding to MSA columns:
# 488-508
name=unknown_M
#
# <colnr> <probs for GDERKNQSTAVLIFYWHMCP>
#	G	D	E	R	K	N	Q	S	T	A	V	L	I	F	Y	W	H	M	C	P
0	0.10930	0.01548	0.01905	0.08008	0.06305	0.01655	0.01484	0.02799	0.06645	0.03952	0.11618	0.15748	0.04660	0.01866	0.01088	0.00357	0.00798	0.01602	0.15846	0.01187
1	0.02459	0.11979	0.27639	0.03095	0.04094	0.03145	0.07419	0.03273	0.02185	0.03176	0.01812	0.02386	0.01470	0.01327	0.01869	0.00386	0.19418	0.00894	0.00490	0.01485
2	0.02032	0.01680	0.02011	0.01636	0.02343	0.01316	0.01243	0.02437	0.02278	0.03418	0.03319	0.20334	0.03480	0.01678	0.01023	0.00258	0.00777	0.01461	0.00785	0.46490
3	0.02257	0.05822	0.54613	0.03208	0.04871	0.02614	0.04158	0.03564	0.02376	0.03564	0.02020	0.02376	0.01426	0.01069	0.01069	0.00356	0.01663	0.00832	0.00475	0.01663
4	0.01550	0.01126	0.01409	0.01374	0.01598	0.01040	0.00987	0.01952	0.02816	0.03889	0.37431	0.13180	0.14074	0.10320	0.01932	0.00466	0.00622	0.02124	0.01125	0.00985
5	0.01608	0.01206	0.01809	0.01809	0.02010	0.01407	0.01407	0.02010	0.01809	0.02613	0.03015	0.04422	0.02814	0.08441	0.55984	0.01809	0.03015	0.01206	0.00603	0.01005
6	0.02334	0.02001	0.02334	0.01667	0.02667	0.01500	0.01334	0.02834	0.02334	0.03668	0.02001	0.02334	0.01667	0.00834	0.00834	0.00167	0.00834	0.00667	0.00667	0.67325
7	0.02126	0.02001	0.03376	0.57739	0.07752	0.02501	0.03126	0.02876	0.02251	0.02876	0.02001	0.03001	0.01500	0.01125	0.01125	0.00375	0.01500	0.01000	0.00500	0.01250
8	0.11924	0.02203	0.02438	0.01866	0.02725	0.02069	0.01513	0.13759	0.03120	0.10222	0.06774	0.03039	0.02561	0.01168	0.00957	0.00266	0.00918	0.00907	0.00904	0.30668
9	0.09407	0.36008	0.04431	0.02072	0.02893	0.09517	0.01852	0.04080	0.13498	0.03359	0.02269	0.02376	0.01875	0.01120	0.00848	0.00289	0.01191	0.00768	0.00664	0.01484
10	0.68395	0.02177	0.01654	0.01480	0.02177	0.02525	0.01219	0.03309	0.01915	0.05050	0.01567	0.01828	0.01219	0.01045	0.00697	0.00348	0.00871	0.00609	0.00697	0.01219
11	0.03064	0.11359	0.15425	0.02762	0.03791	0.03159	0.07024	0.15873	0.17298	0.04666	0.02896	0.02972	0.02160	0.01247	0.01084	0.00346	0.01293	0.01022	0.00843	0.01717
12	0.01648	0.01139	0.01455	0.01376	0.01641	0.01061	0.01032	0.02178	0.03096	0.04479	0.47458	0.07947	0.09775	0.02193	0.01268	0.00344	0.00530	0.01928	0.08392	0.01061
13	0.01608	0.01206	0.01809	0.01809	0.02010	0.01407	0.01407	0.02010	0.01809	0.02613	0.03015	0.04422	0.02814	0.08441	0.55984	0.01809	0.03015	0.01206	0.00603	0.01005
14	0.01472	0.01119	0.01355	0.01352	0.01622	0.01002	0.00993	0.01869	0.02817	0.03771	0.31870	0.17624	0.23683	0.02679	0.01346	0.00379	0.00564	0.02336	0.01145	0.01002
15	0.02098	0.01049	0.01049	0.01049	0.01311	0.01049	0.00787	0.02623	0.02360	0.04196	0.03672	0.04196	0.02885	0.01311	0.00787	0.00262	0.00525	0.01049	0.66693	0.01049
16	0.59845	0.02141	0.01784	0.01551	0.02271	0.02407	0.01278	0.03602	0.02092	0.11684	0.01955	0.02099	0.01430	0.01092	0.00755	0.00348	0.00882	0.00680	0.00791	0.01313
17	0.01817	0.02758	0.19755	0.01982	0.02749	0.01617	0.02099	0.02539	0.02482	0.03543	0.13310	0.05904	0.15637	0.02727	0.08557	0.00547	0.01266	0.01481	0.07996	0.01234
18	0.23818	0.02505	0.02528	0.01968	0.02834	0.02598	0.01612	0.21250	0.03356	0.05437	0.02138	0.02319	0.01623	0.01102	0.00905	0.00290	0.01003	0.00784	0.00855	0.21075
19	0.23532	0.21591	0.09116	0.02437	0.03405	0.03306	0.09590	0.08462	0.02567	0.04130	0.01849	0.02164	0.01466	0.01039	0.00889	0.00319	0.01259	0.00789	0.00633	0.01458
20	0.04006	0.19298	0.04002	0.02339	0.03254	0.03560	0.02026	0.31844	0.04222	0.10987	0.02573	0.02574	0.01877	0.01247	0.01013	0.00312	0.01198	0.00911	0.00974	0.01782

[dist]
# distance from previous block
# <min> <max>
4	14

[block]
# block no. 13 follows, 11 sequences, length 10
# corresponding to MSA columns:
# 523-532
name=unknown_N
#
# <colnr> <probs for GDERKNQSTAVLIFYWHMCP>
#	G	D	E	R	K	N	Q	S	T	A	V	L	I	F	Y	W	H	M	C	P
0	0.03231	0.23202	0.13922	0.02212	0.03296	0.02970	0.02229	0.08536	0.02792	0.12503	0.02355	0.02461	0.01765	0.01076	0.00924	0.00279	0.01187	0.00794	0.00741	0.13524
1	0.03174	0.14168	0.09133	0.16036	0.04519	0.03283	0.02522	0.20914	0.07481	0.04643	0.02397	0.02694	0.01798	0.01207	0.01044	0.00334	0.01312	0.00934	0.00783	0.01624
2	0.03821	0.02177	0.02642	0.01976	0.02905	0.01931	0.01615	0.12567	0.03248	0.25293	0.03143	0.03024	0.02177	0.01161	0.01011	0.00274	0.00960	0.00924	0.01053	0.28097
3	0.10279	0.16264	0.08855	0.02297	0.03200	0.02551	0.06866	0.03982	0.02615	0.21457	0.03167	0.08437	0.02517	0.01387	0.01035	0.00338	0.01146	0.01147	0.00892	0.01566
4	0.02737	0.17243	0.14914	0.03374	0.12765	0.02754	0.07871	0.03422	0.02534	0.08366	0.05681	0.08110	0.02771	0.01348	0.01078	0.00335	0.01287	0.01182	0.00692	0.01536
5	0.01470	0.01146	0.01335	0.01287	0.01606	0.01010	0.00966	0.01887	0.02897	0.03827	0.33512	0.09538	0.30367	0.02557	0.01329	0.00366	0.00549	0.02194	0.01149	0.01010
6	0.02511	0.02669	0.08492	0.08752	0.08300	0.02618	0.05527	0.04351	0.24386	0.04043	0.08304	0.03960	0.03323	0.01466	0.01374	0.00380	0.05864	0.01231	0.00871	0.01577
7	0.02218	0.02010	0.07268	0.01740	0.02481	0.01420	0.01516	0.02749	0.02607	0.08292	0.14576	0.10594	0.09032	0.01696	0.01101	0.00293	0.00820	0.01447	0.00912	0.27228
8	0.02612	0.33971	0.10510	0.21805	0.04832	0.03555	0.02602	0.03217	0.02284	0.02832	0.01770	0.02293	0.01462	0.01032	0.00904	0.00301	0.01361	0.00769	0.00487	0.01401
9	0.09133	0.07135	0.03145	0.02103	0.03076	0.02182	0.06869	0.07337	0.02598	0.04029	0.02018	0.02354	0.01632	0.00926	0.00894	0.00231	0.01025	0.00763	0.00686	0.41865

[dist]
# distance from previous block
# <min> <max>
0	1

[block]
# block no. 14 follows, 11 sequences, length 10
# corresponding to MSA columns:
# 534-543
name=unknown_O
#
# <colnr> <probs for GDERKNQSTAVLIFYWHMCP>
#	G	D	E	R	K	N	Q	S	T	A	V	L	I	F	Y	W	H	M	C	P
0	0.11423	0.17992	0.03753	0.02488	0.07142	0.03193	0.01952	0.19397	0.03377	0.08769	0.02279	0.02417	0.01738	0.01130	0.00935	0.00295	0.01126	0.00827	0.00828	0.08939
1	0.03043	0.01798	0.02560	0.19651	0.04158	0.01900	0.02004	0.03858	0.08505	0.20662	0.04069	0.15855	0.03477	0.01792	0.01198	0.00385	0.01055	0.01560	0.01003	0.01469
2	0.01814	0.01382	0.01610	0.01523	0.01900	0.01313	0.01197	0.07112	0.03106	0.04094	0.25879	0.09245	0.25040	0.02507	0.01336	0.00383	0.00687	0.07635	0.01128	0.01109
3	0.11374	0.09160	0.08006	0.02753	0.03714	0.02592	0.13847	0.04425	0.08888	0.19477	0.03055	0.03095	0.02151	0.01183	0.01080	0.00349	0.01259	0.01053	0.00896	0.01642
4	0.04116	0.02693	0.02934	0.16475	0.04256	0.13762	0.02145	0.04600	0.02966	0.29784	0.03224	0.03224	0.02164	0.01273	0.01105	0.00342	0.01332	0.01009	0.00986	0.01611
5	0.08459	0.01339	0.01593	0.01558	0.01935	0.01239	0.01154	0.02619	0.02467	0.14620	0.06579	0.30444	0.16365	0.02659	0.01274	0.00405	0.00722	0.02303	0.01090	0.01175
6	0.02312	0.01826	0.03170	0.19055	0.04488	0.01900	0.11078	0.02863	0.02469	0.07944	0.07009	0.11834	0.03819	0.01993	0.01518	0.05223	0.01246	0.08233	0.00796	0.01222
7	0.12462	0.11710	0.16512	0.06854	0.08658	0.02870	0.06500	0.08654	0.02739	0.09602	0.02261	0.02548	0.01664	0.01105	0.01009	0.00337	0.01337	0.00888	0.00697	0.01594
8	0.03261	0.01967	0.02361	0.01927	0.02537	0.01973	0.01544	0.18023	0.03863	0.17050	0.25493	0.05516	0.06007	0.01785	0.01217	0.00347	0.00856	0.01498	0.01239	0.01534
9	0.12037	0.01687	0.02050	0.01690	0.02262	0.01586	0.01290	0.03985	0.02552	0.31412	0.03790	0.04699	0.03001	0.20110	0.02537	0.00584	0.00989	0.01226	0.01078	0.01435

[dist]
# distance from previous block
# <min> <max>
0	3

[block]
# block no. 15 follows, 11 sequences, length 8
# corresponding to MSA columns:
# 547-554
name=unknown_P
#
# <colnr> <probs for GDERKNQSTAVLIFYWHMCP>
#	G	D	E	R	K	N	Q	S	T	A	V	L	I	F	Y	W	H	M	C	P
0	0.04420	0.02926	0.03238	0.02482	0.03378	0.03155	0.02051	0.41590	0.04913	0.15709	0.03020	0.02909	0.02074	0.01359	0.01127	0.00340	0.01187	0.01035	0.01175	0.01914
1	0.03526	0.02873	0.06505	0.07305	0.08043	0.02824	0.02291	0.25043	0.09107	0.09575	0.02822	0.02929	0.02048	0.01248	0.01090	0.00328	0.01188	0.00998	0.00956	0.09300
2	0.03215	0.03124	0.15579	0.02293	0.03208	0.02406	0.02249	0.20405	0.03607	0.10552	0.07290	0.03519	0.02828	0.01361	0.01067	0.00331	0.01121	0.01077	0.13152	0.01616
3	0.01458	0.01076	0.01375	0.01522	0.01702	0.00993	0.01103	0.01772	0.02478	0.03284	0.16340	0.35982	0.15616	0.03122	0.01410	0.00430	0.00658	0.07631	0.01083	0.00963
4	0.38012	0.02145	0.02385	0.06562	0.08572	0.02294	0.01740	0.03907	0.02383	0.18621	0.02474	0.02592	0.01747	0.01145	0.00900	0.00349	0.00996	0.00831	0.00863	0.01482
5	0.19602	0.03219	0.08922	0.02691	0.03624	0.08635	0.10212	0.12649	0.03100	0.13244	0.02468	0.02630	0.01753	0.01162	0.01038	0.00346	0.01349	0.00937	0.00839	0.01580
6	0.16864	0.12054	0.03067	0.01956	0.02812	0.02503	0.01671	0.09763	0.03049	0.30651	0.03203	0.02974	0.02158	0.01249	0.00978	0.00329	0.01014	0.00928	0.01075	0.01702
7	0.19418	0.08514	0.19687	0.02252	0.03337	0.02541	0.02367	0.03870	0.07653	0.09489	0.02404	0.02538	0.01768	0.01112	0.00933	0.00324	0.01167	0.00817	0.00726	0.09083

[dist]
# distance from previous block
# <min> <max>
2	4

[block]
# block no. 16 follows, 11 sequences, length 11
# corresponding to MSA columns:
# 559-561,572-579
name=unknown_Q
#
# <colnr> <probs for GDERKNQSTAVLIFYWHMCP>
#	G	D	E	R	K	N	Q	S	T	A	V	L	I	F	Y	W	H	M	C	P
