[name]
unknown

[dist]
# distance from previous block
# <min> <max>
5	192

[block]
# block no. 0 follows, 10 sequences, length 18
# corresponding to MSA columns:
# 201-218
name=unknown_A
#
# <colnr> <probs for GDERKNQSTAVLIFYWHMCP>
#	G	D	E	R	K	N	Q	S	T	A	V	L	I	F	Y	W	H	M	C	P
0	0.02626	0.02502	0.04071	0.20136	0.20727	0.02658	0.08462	0.03819	0.10815	0.03732	0.02610	0.03195	0.02037	0.01148	0.01165	0.00358	0.01381	0.01098	0.00676	0.06785
1	0.02965	0.09093	0.39639	0.02970	0.04473	0.02640	0.03614	0.04065	0.02623	0.13402	0.02553	0.02713	0.01756	0.01164	0.01092	0.00358	0.01539	0.00904	0.00681	0.01755
2	0.02329	0.02128	0.03396	0.19418	0.19283	0.02401	0.02746	0.02946	0.02552	0.03546	0.11027	0.04828	0.03748	0.01638	0.01598	0.00400	0.08847	0.05045	0.00717	0.01405
3	0.01614	0.01188	0.01511	0.01430	0.01718	0.01084	0.01072	0.02134	0.03217	0.04487	0.46658	0.08980	0.15684	0.02444	0.01372	0.00369	0.00553	0.02144	0.01257	0.01084
4	0.02957	0.02728	0.05065	0.11916	0.28093	0.02706	0.17107	0.03728	0.02699	0.07907	0.02432	0.03079	0.01873	0.01069	0.01223	0.00366	0.01549	0.01152	0.00647	0.01703
5	0.02937	0.02909	0.12452	0.26552	0.11455	0.02482	0.06693	0.03755	0.02616	0.13010	0.02602	0.03133	0.01849	0.01178	0.01169	0.00374	0.01483	0.01057	0.00706	0.01588
6	0.01791	0.01341	0.01680	0.01568	0.01887	0.01307	0.01184	0.02659	0.08708	0.04687	0.45837	0.08181	0.10109	0.02284	0.01350	0.00369	0.00592	0.02011	0.01269	0.01184
7	0.01534	0.01184	0.01399	0.01346	0.01669	0.01050	0.01009	0.01978	0.03028	0.04037	0.34985	0.09720	0.27637	0.02612	0.01373	0.00377	0.00565	0.02248	0.01198	0.01050
8	0.02544	0.01660	0.02491	0.02636	0.08456	0.01813	0.01823	0.02912	0.02186	0.11561	0.03030	0.03990	0.02577	0.05523	0.30046	0.06410	0.07151	0.01168	0.00741	0.01282
9	0.10379	0.14434	0.30185	0.03539	0.12559	0.03034	0.03399	0.03596	0.02416	0.03722	0.01966	0.02358	0.01516	0.01071	0.01004	0.00342	0.01478	0.00821	0.00535	0.01646
10	0.02695	0.01424	0.01953	0.01965	0.02353	0.01327	0.01589	0.03107	0.02729	0.17424	0.05784	0.24051	0.05900	0.02834	0.01445	0.00466	0.00929	0.19552	0.01179	0.01293
11	0.03497	0.02716	0.02925	0.02411	0.03157	0.03029	0.01934	0.26342	0.22314	0.06058	0.09368	0.04098	0.03666	0.01584	0.01196	0.00369	0.01053	0.01277	0.01185	0.01819
12	0.02763	0.02877	0.12259	0.10969	0.23533	0.02311	0.02998	0.03526	0.02769	0.09703	0.11054	0.03981	0.03468	0.01348	0.01186	0.00360	0.01269	0.01208	0.00781	0.01638
13	0.31915	0.19226	0.03643	0.02777	0.11289	0.07821	0.01963	0.03573	0.02324	0.04043	0.01734	0.02075	0.01450	0.01058	0.00832	0.00320	0.01190	0.00709	0.00620	0.01437
14	0.11647	0.02842	0.02940	0.02416	0.03216	0.03210	0.01951	0.26478	0.21968	0.06126	0.03389	0.03272	0.02490	0.01426	0.01116	0.00368	0.01095	0.01098	0.01116	0.01836
15	0.03952	0.02153	0.03118	0.02302	0.03282	0.01808	0.07298	0.04490	0.02943	0.29889	0.03449	0.03328	0.02345	0.01185	0.01089	0.00300	0.01066	0.01031	0.01077	0.23893
16	0.03014	0.02445	0.03411	0.02881	0.03039	0.03237	0.02398	0.03302	0.02053	0.11552	0.02064	0.02793	0.01764	0.01931	0.03352	0.00483	0.47169	0.01044	0.00672	0.01396
17	0.13492	0.01803	0.02153	0.01953	0.02096	0.02219	0.01471	0.02392	0.01786	0.02991	0.02554	0.04688	0.02708	0.26028	0.08190	0.00847	0.19732	0.01247	0.00636	0.01017

[dist]
# distance from previous block
# <min> <max>
0	1

[block]
# block no. 1 follows, 10 sequences, length 80
# corresponding to MSA columns:
# 220-299
name=unknown_B
#
# <colnr> <probs for GDERKNQSTAVLIFYWHMCP>
#	G	D	E	R	K	N	Q	S	T	A	V	L	I	F	Y	W	H	M	C	P
0	0.03521	0.02878	0.09949	0.09327	0.16848	0.02413	0.11308	0.04269	0.02845	0.20345	0.03013	0.03268	0.02110	0.01183	0.01195	0.00366	0.01413	0.01124	0.00857	0.01769
1	0.03684	0.05381	0.16230	0.03020	0.03917	0.36118	0.02744	0.04537	0.07432	0.03254	0.02148	0.02401	0.01684	0.01210	0.01076	0.00326	0.01888	0.00831	0.00626	0.01491
2	0.02310	0.05369	0.44977	0.11995	0.05521	0.02682	0.04122	0.03567	0.02434	0.03567	0.02084	0.02561	0.01486	0.01114	0.01114	0.00371	0.01691	0.00888	0.00495	0.01649
3	0.03211	0.03147	0.08805	0.03591	0.08846	0.02951	0.13583	0.19502	0.09102	0.05071	0.03112	0.08069	0.02565	0.01456	0.01240	0.00378	0.01402	0.01344	0.00896	0.01730
4	0.02308	0.02181	0.03690	0.48276	0.15192	0.02613	0.03286	0.03069	0.02378	0.03107	0.02087	0.03064	0.01598	0.01142	0.01161	0.00381	0.01523	0.01034	0.00526	0.01382
5	0.02632	0.02504	0.04141	0.06163	0.43635	0.02472	0.03130	0.03258	0.02649	0.03692	0.03759	0.04240	0.09956	0.01349	0.01188	0.00353	0.01252	0.01268	0.00658	0.01701
6	0.02975	0.14849	0.27516	0.03225	0.04542	0.08088	0.11134	0.03908	0.02643	0.07364	0.02221	0.02555	0.01643	0.01099	0.01087	0.00344	0.01655	0.00921	0.00596	0.01636
7	0.03954	0.02168	0.03439	0.09446	0.11769	0.02056	0.06652	0.04541	0.03040	0.30234	0.07422	0.03980	0.03094	0.01371	0.01202	0.00364	0.01179	0.01227	0.01094	0.01766
8	0.03975	0.02915	0.04487	0.03677	0.08619	0.07529	0.18316	0.08194	0.03234	0.22231	0.03155	0.03291	0.02180	0.01213	0.01228	0.00363	0.01502	0.01179	0.00954	0.01759
9	0.02326	0.01954	0.02485	0.02765	0.10454	0.02073	0.01797	0.03960	0.21605	0.04467	0.21107	0.09987	0.06260	0.01941	0.01270	0.00382	0.00843	0.01711	0.01110	0.01503
10	0.02681	0.04115	0.25860	0.03008	0.04177	0.02732	0.07233	0.09310	0.14848	0.04353	0.03225	0.07670	0.02603	0.01458	0.01188	0.00384	0.01401	0.01248	0.00803	0.01702
11	0.03354	0.03472	0.17603	0.04526	0.21924	0.02474	0.06932	0.04184	0.02789	0.17058	0.02827	0.03078	0.02017	0.01160	0.01162	0.00360	0.01416	0.01052	0.00789	0.01823
12	0.02745	0.02605	0.04479	0.25216	0.22849	0.02806	0.10524	0.07685	0.02814	0.03813	0.02227	0.02998	0.01731	0.01111	0.01193	0.00370	0.01531	0.01091	0.00612	0.01599
13	0.01415	0.01191	0.01234	0.01255	0.01638	0.01010	0.00963	0.01728	0.02653	0.03169	0.11331	0.11347	0.47816	0.02967	0.01393	0.00404	0.00628	0.05788	0.01079	0.00989
14	0.03265	0.02519	0.11195	0.07267	0.03484	0.01908	0.02155	0.04173	0.07533	0.22299	0.11744	0.09528	0.04353	0.01729	0.01222	0.00379	0.01060	0.01470	0.01103	0.01615
15	0.03357	0.02212	0.03226	0.16370	0.13526	0.02207	0.02397	0.04201	0.07009	0.18760	0.03109	0.03322	0.02225	0.01212	0.01115	0.00336	0.01175	0.01045	0.00901	0.12292
16	0.02234	0.01995	0.02055	0.02230	0.02533	0.09997	0.01857	0.02698	0.02734	0.03327	0.05469	0.15756	0.05941	0.02925	0.01503	0.00491	0.01200	0.32955	0.00995	0.01104
17	0.02499	0.02424	0.04338	0.14238	0.28054	0.02466	0.10912	0.03176	0.02541	0.03509	0.02888	0.12048	0.02737	0.01475	0.01247	0.00382	0.01397	0.01467	0.00650	0.01553
18	0.03539	0.03905	0.25157	0.03321	0.08708	0.02342	0.06815	0.04447	0.02837	0.22729	0.03090	0.03136	0.02078	0.01218	0.01157	0.00365	0.01424	0.01039	0.00875	0.01819
19	0.02290	0.02166	0.03756	0.41054	0.12411	0.02514	0.06836	0.03049	0.02432	0.03180	0.02503	0.04052	0.02102	0.01332	0.01222	0.00397	0.01518	0.05244	0.00583	0.01358
20	0.11451	0.01989	0.02438	0.01995	0.02664	0.01984	0.01599	0.11276	0.03082	0.26607	0.03386	0.03518	0.02406	0.02524	0.06856	0.11279	0.01236	0.01068	0.01078	0.01562
21	0.03565	0.02307	0.03795	0.08585	0.20621	0.02231	0.07744	0.04196	0.02853	0.21074	0.03204	0.03453	0.02288	0.01214	0.01151	0.00352	0.01242	0.01127	0.07260	0.01739
22	0.10767	0.02041	0.02514	0.10885	0.03525	0.02143	0.01877	0.11978	0.03185	0.16367	0.04483	0.10205	0.07674	0.01862	0.01205	0.00392	0.01065	0.05276	0.01049	0.01505
23	0.01749	0.01339	0.01652	0.01809	0.02045	0.01349	0.01350	0.02534	0.10144	0.03402	0.06587	0.35732	0.10904	0.03151	0.01450	0.00465	0.00789	0.11334	0.01095	0.01121
24	0.03520	0.02802	0.03100	0.07565	0.03755	0.03187	0.02139	0.24821	0.25254	0.05804	0.03604	0.03522	0.02651	0.01457	0.01172	0.00373	0.01142	0.01167	0.01112	0.01852
25	0.03748	0.02532	0.07803	0.02717	0.08815	0.01987	0.02106	0.04567	0.06776	0.25645	0.03427	0.03319	0.02379	0.01223	0.01083	0.00314	0.01068	0.01012	0.01032	0.18448
26	0.03609	0.02347	0.03021	0.03089	0.11010	0.02426	0.02165	0.12809	0.13428	0.17419	0.04162	0.05233	0.03345	0.01703	0.01244	0.00393	0.01108	0.08592	0.01128	0.01769
27	0.02641	0.04948	0.39011	0.08712	0.09527	0.02603	0.03883	0.03789	0.02543	0.08217	0.02329	0.02699	0.01647	0.01135	0.01121	0.00367	0.01602	0.00922	0.00590	0.01713
28	0.01523	0.01084	0.01309	0.01405	0.01601	0.00974	0.00979	0.01620	0.02265	0.02848	0.07853	0.26368	0.25648	0.03420	0.02070	0.14036	0.00707	0.02458	0.00961	0.00870
29	0.03334	0.03465	0.21375	0.07838	0.04174	0.02224	0.02844	0.04393	0.06691	0.20889	0.03582	0.04249	0.02659	0.01474	0.01189	0.00386	0.01317	0.05262	0.00941	0.01715
30	0.09507	0.03360	0.16014	0.02959	0.08310	0.02577	0.02598	0.08675	0.12861	0.16482	0.03289	0.03240	0.02318	0.01304	0.01111	0.00367	0.01222	0.01044	0.00961	0.01801
31	0.02715	0.01724	0.02259	0.02003	0.02317	0.01888	0.01562	0.02989	0.02402	0.15477	0.05310	0.14284	0.12717	0.08968	0.02542	0.00515	0.16297	0.01784	0.00970	0.01276
32	0.21599	0.03390	0.16151	0.03044	0.08198	0.02658	0.06961	0.04201	0.10815	0.08279	0.02656	0.02852	0.01955	0.01190	0.01043	0.00370	0.01274	0.00965	0.00773	0.01625
33	0.09213	0.02844	0.11526	0.23644	0.14162	0.02484	0.03007	0.03719	0.02550	0.12256	0.02495	0.02988	0.01798	0.01171	0.01109	0.00369	0.01384	0.00990	0.00706	0.01582
34	0.04089	0.02630	0.03114	0.08700	0.03837	0.02840	0.02124	0.23411	0.12886	0.18622	0.03560	0.03436	0.02469	0.01415	0.01169	0.00365	0.01165	0.01129	0.01167	0.01873
35	0.02481	0.01505	0.01901	0.01825	0.02228	0.01480	0.01501	0.06910	0.03134	0.10018	0.17509	0.08478	0.06375	0.02311	0.01322	0.00409	0.00852	0.16753	0.11742	0.01268
36	0.02817	0.40118	0.18152	0.07620	0.04010	0.03908	0.02715	0.03485	0.02384	0.03007	0.01784	0.02140	0.01493	0.01040	0.00881	0.00294	0.01398	0.00724	0.00498	0.01532
37	0.03392	0.08866	0.21631	0.02524	0.03587	0.02469	0.02690	0.04158	0.02676	0.20235	0.03005	0.03103	0.02105	0.01324	0.01331	0.00359	0.06738	0.00980	0.07144	0.01681
38	0.02441	0.02271	0.03584	0.38048	0.15617	0.02669	0.03068	0.03612	0.10156	0.03441	0.02527	0.03261	0.01934	0.01206	0.01164	0.00381	0.01415	0.01080	0.00637	0.01488
39	0.01936	0.01233	0.01551	0.01579	0.01886	0.01110	0.01183	0.02287	0.02706	0.09164	0.15837	0.26158	0.19012	0.02930	0.01410	0.00425	0.00705	0.06613	0.01158	0.01115
40	0.09787	0.01961	0.02783	0.22075	0.04647	0.02061	0.02169	0.04109	0.02822	0.24921	0.07946	0.03904	0.03024	0.01394	0.01143	0.00371	0.01146	0.01158	0.01012	0.01568
41	0.08154	0.03304	0.16103	0.07422	0.03704	0.07042	0.02423	0.06931	0.02808	0.09491	0.04027	0.12650	0.07589	0.01776	0.01174	0.00380	0.01269	0.01455	0.00841	0.01458
42	0.01695	0.01172	0.01575	0.01821	0.02000	0.01142	0.01432	0.02082	0.02457	0.03323	0.06075	0.32574	0.06831	0.03251	0.01486	0.00485	0.00850	0.22313	0.06420	0.01016
43	0.02384	0.05711	0.48558	0.03674	0.09431	0.02707	0.04229	0.03673	0.02474	0.03694	0.02097	0.02495	0.01508	0.01099	0.01109	0.00366	0.01687	0.00876	0.00499	0.01730
44	0.09554	0.02524	0.03444	0.08889	0.04062	0.06867	0.09419	0.04756	0.03001	0.30409	0.03429	0.03383	0.02282	0.01280	0.01154	0.00363	0.01307	0.01104	0.01057	0.01715
45	0.09378	0.02917	0.08611	0.12410	0.12548	0.02744	0.10814	0.08154	0.08341	0.08663	0.02703	0.03084	0.01994	0.01191	0.01153	0.00372	0.01399	0.01086	0.00779	0.01659
46	0.02166	0.01999	0.03337	0.51243	0.07485	0.02467	0.03103	0.02919	0.02359	0.03019	0.02451	0.04041	0.02033	0.01355	0.01204	0.00401	0.01505	0.05071	0.00569	0.01271
47	0.03262	0.53240	0.05791	0.02070	0.03057	0.04486	0.02016	0.08665	0.02725	0.03271	0.01754	0.01974	0.01549	0.01042	0.00795	0.00260	0.01248	0.00671	0.00575	0.01549
48	0.09222	0.01307	0.01491	0.01633	0.01862	0.01319	0.01150	0.02247	0.06547	0.03420	0.06228	0.42266	0.10859	0.03090	0.01357	0.00444	0.00715	0.02731	0.01047	0.01066
49	0.03723	0.02716	0.02953	0.02445	0.03231	0.03016	0.01961	0.21429	0.28143	0.11334	0.04006	0.03729	0.02896	0.01495	0.01175	0.00374	0.01060	0.01200	0.01206	0.01907
50	0.02317	0.02211	0.03616	0.42997	0.11310	0.02761	0.03150	0.02999	0.02267	0.03021	0.01990	0.02989	0.01574	0.01294	0.01596	0.00404	0.10613	0.01031	0.00521	0.01340
51	0.02624	0.02276	0.02775	0.07663	0.08952	0.02556	0.02046	0.04933	0.32376	0.04537	0.11813	0.04769	0.04386	0.01608	0.01209	0.00383	0.00970	0.01386	0.01068	0.01670
52	0.02020	0.01010	0.01515	0.01515	0.01515	0.01010	0.01010	0.01515	0.01515	0.02020	0.02020	0.03535	0.02020	0.04040	0.04545	0.66162	0.01010	0.01010	0.00505	0.00505
53	0.01517	0.01113	0.01360	0.01432	0.01610	0.01024	0.00985	0.01801	0.02518	0.03357	0.19487	0.27018	0.16578	0.12239	0.02158	0.00534	0.00697	0.02541	0.01074	0.00955
54	0.02359	0.02264	0.03147	0.02724	0.02781	0.03052	0.02245	0.02674	0.02094	0.03185	0.11822	0.03816	0.03482	0.02106	0.03311	0.00479	0.45311	0.01243	0.00669	0.01236
55	0.01940	0.01242	0.01600	0.01480	0.01759	0.01151	0.01082	0.02391	0.03033	0.08117	0.39725	0.08132	0.09221	0.11594	0.02100	0.00490	0.00679	0.01961	0.01199	0.01104
56	0.03109	0.59826	0.06095	0.01990	0.02985	0.04602	0.01990	0.03483	0.02363	0.02736	0.01617	0.01866	0.01493	0.00995	0.00746	0.00249	0.01244	0.00622	0.00498	0.01493
57	0.01839	0.01324	0.01873	0.02097	0.02355	0.01358	0.01805	0.02355	0.02545	0.03353	0.05660	0.11719	0.06074	0.04115	0.10270	0.00754	0.01406	0.37036	0.00998	0.01066
58	0.03109	0.59826	0.06095	0.01990	0.02985	0.04602	0.01990	0.03483	0.02363	0.02736	0.01617	0.01866	0.01493	0.00995	0.00746	0.00249	0.01244	0.00622	0.00498	0.01493
59	0.16960	0.01904	0.02170	0.01866	0.02525	0.01911	0.01544	0.08154	0.02998	0.22667	0.03933	0.04982	0.03100	0.01638	0.01089	0.00373	0.00939	0.08052	0.11659	0.01536
60	0.01691	0.01128	0.01268	0.01268	0.01268	0.01128	0.00705	0.01691	0.01691	0.02255	0.03665	0.07611	0.04228	0.59126	0.05920	0.01128	0.01128	0.01691	0.00705	0.00705
61	0.01675	0.01191	0.01589	0.01589	0.01700	0.01302	0.01105	0.01897	0.01786	0.02493	0.03371	0.05987	0.03523	0.32223	0.31858	0.01523	0.02188	0.01454	0.00661	0.00883
62	0.05218	0.01979	0.02699	0.02069	0.02969	0.01709	0.01709	0.05668	0.03329	0.52677	0.04588	0.03959	0.02879	0.01439	0.01170	0.00360	0.00990	0.01170	0.01439	0.01979
63	0.04664	0.02409	0.03529	0.02647	0.03598	0.02267	0.09325	0.13290	0.03635	0.36154	0.03885	0.03605	0.02527	0.01356	0.01202	0.00363	0.01203	0.01180	0.01248	0.01912
64	0.02441	0.01276	0.01553	0.01410	0.01785	0.01192	0.01083	0.02971	0.02955	0.12393	0.24516	0.06162	0.06432	0.01813	0.01114	0.00327	0.00618	0.01540	0.27182	0.01236
65	0.02880	0.04126	0.27314	0.03018	0.03995	0.02844	0.03253	0.03695	0.02360	0.11392	0.02298	0.02733	0.01722	0.01489	0.02075	0.00417	0.21165	0.00966	0.00653	0.01603
66	0.02140	0.04428	0.34826	0.02673	0.03947	0.02277	0.03179	0.03407	0.07106	0.03659	0.04840	0.04888	0.14529	0.01625	0.01182	0.00377	0.01350	0.01314	0.00710	0.01541
67	0.01519	0.01128	0.01560	0.06127	0.02219	0.01105	0.01261	0.01826	0.02409	0.03247	0.13393	0.45654	0.07721	0.03231	0.01439	0.00448	0.00727	0.02921	0.01066	0.00998
68	0.02866	0.18130	0.21184	0.02422	0.03474	0.02701	0.02606	0.03587	0.02493	0.11772	0.02945	0.08300	0.02500	0.02271	0.07279	0.00521	0.01530	0.01137	0.00731	0.01551
69	0.03237	0.15617	0.04529	0.17560	0.05076	0.21353	0.10001	0.03794	0.02745	0.03003	0.01925	0.02493	0.01555	0.01110	0.01070	0.00328	0.01747	0.00903	0.00554	0.01400
70	0.02412	0.02067	0.02412	0.01723	0.02756	0.01550	0.01378	0.02929	0.02412	0.03790	0.02067	0.02412	0.01723	0.00861	0.00861	0.00172	0.00861	0.00689	0.00689	0.66236
71	0.03003	0.03955	0.25237	0.03062	0.07879	0.02502	0.03011	0.12171	0.03289	0.10258	0.10573	0.03751	0.03320	0.01403	0.01171	0.00361	0.01330	0.01150	0.00867	0.01707
72	0.01417	0.01012	0.01350	0.01619	0.01687	0.00945	0.01080	0.01619	0.02227	0.02969	0.06410	0.58367	0.07692	0.03644	0.01484	0.00472	0.00675	0.03306	0.01080	0.00945
73	0.02874	0.02450	0.04104	0.23406	0.32173	0.02600	0.03273	0.03570	0.02604	0.08269	0.02380	0.03059	0.01844	0.01119	0.01157	0.00361	0.01401	0.01048	0.00640	0.01668
74	0.14905	0.17500	0.03957	0.07146	0.07944	0.03525	0.02193	0.20883	0.03535	0.05092	0.02167	0.02427	0.01678	0.01185	0.00976	0.00328	0.01235	0.00862	0.00807	0.01657
75	0.01785	0.01388	0.02012	0.06716	0.07063	0.01377	0.01630	0.02273	0.02772	0.03805	0.23459	0.21377	0.07774	0.02618	0.01402	0.00421	0.00829	0.09095	0.01064	0.01139
76	0.02645	0.02060	0.02436	0.01752	0.02774	0.01564	0.01406	0.03157	0.02488	0.07860	0.02277	0.02541	0.01819	0.00909	0.00887	0.00188	0.00872	0.00729	0.00752	0.60886
77	0.01741	0.01228	0.01601	0.01663	0.01867	0.01193	0.01284	0.02149	0.02672	0.03637	0.23043	0.10039	0.07746	0.16699	0.02581	0.00616	0.00882	0.17308	0.01062	0.00991
78	0.11866	0.01881	0.02396	0.01907	0.02684	0.01714	0.01557	0.04837	0.03166	0.39290	0.11884	0.04492	0.04016	0.01551	0.01150	0.00361	0.00907	0.01260	0.01330	0.01751
79	0.01646	0.01189	0.01555	0.01463	0.01738	0.01097	0.01097	0.02195	0.03292	0.04664	0.51257	0.08688	0.10974	0.02378	0.01372	0.00366	0.00549	0.02103	0.01280	0.01097

[dist]
# distance from previous block
# <min> <max>
0	3

[block]
# block no. 2 follows, 10 sequences, length 31
# corresponding to MSA columns:
# 303-333
name=unknown_C
#
# <colnr> <probs for GDERKNQSTAVLIFYWHMCP>
#	G	D	E	R	K	N	Q	S	T	A	V	L	I	F	Y	W	H	M	C	P
0	0.54248	0.02213	0.01851	0.01568	0.02351	0.02396	0.01283	0.03320	0.02067	0.04930	0.01710	0.01995	0.01353	0.01036	0.00748	0.00322	0.00892	0.00642	0.00714	0.14362
1	0.02934	0.01809	0.02147	0.01917	0.02494	0.01757	0.01581	0.12050	0.03370	0.14594	0.06994	0.08458	0.19625	0.02382	0.01348	0.00414	0.00937	0.12599	0.01171	0.01417
2	0.29954	0.02370	0.02282	0.01839	0.02639	0.02506	0.01500	0.15399	0.03068	0.05403	0.02249	0.02488	0.01724	0.01147	0.00880	0.00308	0.00960	0.00801	0.07243	0.15238
3	0.01780	0.01277	0.01742	0.01861	0.02131	0.01239	0.01553	0.02321	0.02932	0.03971	0.24831	0.11284	0.08466	0.02867	0.01509	0.00465	0.00855	0.26678	0.01158	0.01082
4	0.01552	0.01125	0.01193	0.01247	0.01548	0.00996	0.00908	0.01880	0.02520	0.03361	0.09002	0.19249	0.32302	0.02749	0.01277	0.00383	0.00596	0.02335	0.14779	0.00996
5	0.03575	0.02737	0.02906	0.02397	0.03152	0.03072	0.01925	0.26389	0.23524	0.06026	0.03691	0.03579	0.02724	0.01468	0.01139	0.00360	0.01061	0.01161	0.07278	0.01836
6	0.02893	0.02498	0.02630	0.02367	0.03024	0.02893	0.01841	0.06180	0.49770	0.04865	0.04734	0.04339	0.03550	0.01578	0.01183	0.00394	0.00920	0.01315	0.01183	0.01841
7	0.05218	0.01979	0.02699	0.02069	0.02969	0.01709	0.01709	0.05668	0.03329	0.52677	0.04588	0.03959	0.02879	0.01439	0.01170	0.00360	0.00990	0.01170	0.01439	0.01979
8	0.04367	0.04866	0.03354	0.02901	0.03599	0.39384	0.02236	0.17494	0.03940	0.04175	0.02093	0.02303	0.01640	0.01257	0.01083	0.00314	0.01855	0.00837	0.00766	0.01535
9	0.01661	0.01246	0.01869	0.01869	0.02077	0.01454	0.01454	0.02077	0.01869	0.02700	0.03115	0.04569	0.02908	0.08723	0.54517	0.01869	0.03115	0.01246	0.00623	0.01038
10	0.02550	0.01389	0.01844	0.01617	0.02049	0.01252	0.01252	0.03074	0.03301	0.16820	0.39441	0.07490	0.08924	0.02140	0.01321	0.00364	0.00660	0.01867	0.01321	0.01321
11	0.05218	0.01979	0.02699	0.02069	0.02969	0.01709	0.01709	0.05668	0.03329	0.52677	0.04588	0.03959	0.02879	0.01439	0.01170	0.00360	0.00990	0.01170	0.01439	0.01979
12	0.02196	0.02067	0.03488	0.56331	0.08010	0.02584	0.03230	0.02972	0.02326	0.02972	0.02067	0.03101	0.01550	0.01163	0.01163	0.00388	0.01550	0.01034	0.00517	0.01292
13	0.02791	0.02782	0.05068	0.10966	0.38309	0.02785	0.12901	0.03550	0.02641	0.03711	0.02212	0.02953	0.01800	0.01035	0.01199	0.00359	0.01519	0.01107	0.00573	0.01736
14	0.02025	0.01221	0.01467	0.01407	0.01514	0.01217	0.00878	0.02111	0.01866	0.07115	0.03696	0.06949	0.03964	0.48435	0.10464	0.01131	0.01319	0.01596	0.00766	0.00861
15	0.67341	0.02249	0.01709	0.01529	0.02249	0.02609	0.01260	0.03419	0.01979	0.05218	0.01619	0.01889	0.01260	0.01080	0.00720	0.00360	0.00900	0.00630	0.00720	0.01260
16	0.01588	0.01187	0.01475	0.01403	0.01702	0.01073	0.01052	0.02083	0.03156	0.04341	0.42873	0.09220	0.19560	0.02498	0.01372	0.00372	0.00557	0.02178	0.01238	0.01073
17	0.02196	0.02067	0.03488	0.56331	0.08010	0.02584	0.03230	0.02972	0.02326	0.02972	0.02067	0.03101	0.01550	0.01163	0.01163	0.00388	0.01550	0.01034	0.00517	0.01292
18	0.04582	0.03000	0.03331	0.02554	0.03478	0.03224	0.02110	0.39458	0.05037	0.16474	0.03155	0.03028	0.02160	0.01405	0.01165	0.00351	0.01221	0.01072	0.01219	0.01978
19	0.18412	0.02037	0.02489	0.01955	0.02816	0.01900	0.01614	0.05190	0.03042	0.42597	0.03958	0.03519	0.02535	0.01363	0.01074	0.00360	0.00971	0.01055	0.01287	0.01826
20	0.01874	0.01339	0.01874	0.02142	0.02410	0.01339	0.01874	0.02410	0.02677	0.03481	0.06158	0.13119	0.06693	0.03213	0.01606	0.00535	0.01071	0.44043	0.01071	0.01071
21	0.02412	0.02067	0.02412	0.01723	0.02756	0.01550	0.01378	0.02929	0.02412	0.03790	0.02067	0.02412	0.01723	0.00861	0.00861	0.00172	0.00861	0.00689	0.00689	0.66236
22	0.53654	0.02302	0.01905	0.01707	0.02414	0.02669	0.01383	0.04005	0.12129	0.05143	0.02281	0.02410	0.01746	0.01185	0.00818	0.00367	0.00904	0.00775	0.00818	0.01383
23	0.01873	0.01428	0.01756	0.01648	0.01648	0.01645	0.01095	0.01927	0.01710	0.02371	0.03211	0.06535	0.03655	0.47001	0.05473	0.00996	0.12993	0.01548	0.00663	0.00825
24	0.01723	0.01460	0.01522	0.01458	0.01896	0.01399	0.01107	0.02677	0.12720	0.03653	0.14054	0.09498	0.37377	0.02601	0.01334	0.00391	0.00656	0.02179	0.01121	0.01175
25	0.16540	0.02028	0.02519	0.01971	0.02838	0.01873	0.01627	0.05258	0.03083	0.44027	0.04047	0.03581	0.02584	0.01374	0.01088	0.00360	0.00973	0.01071	0.01308	0.01848
26	0.02356	0.02111	0.03399	0.09698	0.28195	0.02135	0.02715	0.02975	0.02686	0.03681	0.08511	0.06328	0.07881	0.01799	0.01289	0.00396	0.01186	0.10391	0.00785	0.01483
27	0.02609	0.02463	0.04160	0.19168	0.36813	0.02587	0.03289	0.03310	0.02617	0.03658	0.06009	0.03391	0.02485	0.01174	0.01172	0.00358	0.01359	0.01119	0.00616	0.01644
28	0.01417	0.01012	0.01350	0.01619	0.01687	0.00945	0.01080	0.01619	0.02227	0.02969	0.06410	0.58367	0.07692	0.03644	0.01484	0.00472	0.00675	0.03306	0.01080	0.00945
29	0.02060	0.01118	0.01251	0.01251	0.01508	0.01163	0.00949	0.02576	0.02318	0.03989	0.03650	0.04386	0.02965	0.02920	0.12219	0.00610	0.01089	0.01118	0.51786	0.01074
30	0.02511	0.02215	0.02902	0.02873	0.13187	0.01808	0.01844	0.03065	0.02462	0.03792	0.02093	0.02511	0.01748	0.00898	0.00923	0.00209	0.00972	0.00763	0.00665	0.52560

[dist]
# distance from previous block
# <min> <max>
0	53

[block]
# block no. 3 follows, 10 sequences, length 50
# corresponding to MSA columns:
# 387-436
name=unknown_D
#
# <colnr> <probs for GDERKNQSTAVLIFYWHMCP>
#	G	D	E	R	K	N	Q	S	T	A	V	L	I	F	Y	W	H	M	C	P
0	0.02922	0.09079	0.25262	0.03858	0.09394	0.02818	0.15825	0.03910	0.02654	0.09635	0.02437	0.02820	0.01764	0.01095	0.01161	0.00361	0.01623	0.01037	0.00643	0.01701
1	0.01417	0.01012	0.01350	0.01619	0.01687	0.00945	0.01080	0.01619	0.02227	0.02969	0.06410	0.58367	0.07692	0.03644	0.01484	0.00472	0.00675	0.03306	0.01080	0.00945
2	0.01682	0.01248	0.01583	0.01597	0.01837	0.01208	0.01158	0.02362	0.07122	0.04117	0.32107	0.24869	0.09211	0.02728	0.01392	0.00404	0.00624	0.02434	0.01205	0.01113
3	0.01684	0.01138	0.01316	0.01301	0.01346	0.01123	0.00769	0.01774	0.01955	0.02652	0.11501	0.07788	0.05339	0.49782	0.05171	0.01002	0.01032	0.01759	0.00799	0.00769
4	0.01851	0.01404	0.01732	0.01612	0.01949	0.01393	0.01220	0.02851	0.10945	0.04697	0.43597	0.07972	0.09752	0.02246	0.01341	0.00371	0.00610	0.01974	0.01264	0.01220
5	0.02729	0.17502	0.04305	0.10351	0.20313	0.02896	0.02518	0.03299	0.02470	0.03416	0.01990	0.02513	0.01682	0.00994	0.00968	0.00278	0.01225	0.00833	0.00579	0.19140
6	0.02434	0.02075	0.02826	0.02154	0.02983	0.01794	0.07063	0.07223	0.02882	0.04200	0.10668	0.08662	0.03819	0.01431	0.01095	0.00276	0.00969	0.01279	0.00856	0.35311
7	0.03156	0.50386	0.05646	0.02165	0.03039	0.08440	0.02060	0.03513	0.02384	0.02751	0.01623	0.01945	0.01496	0.01105	0.01047	0.00276	0.06332	0.00668	0.00507	0.01461
8	0.01691	0.01128	0.01268	0.01268	0.01268	0.01128	0.00705	0.01691	0.01691	0.02255	0.03665	0.07611	0.04228	0.59126	0.05920	0.01128	0.01128	0.01691	0.00705	0.00705
9	0.03294	0.22629	0.10525	0.02851	0.07707	0.03099	0.05889	0.04128	0.06475	0.13005	0.02655	0.02784	0.02000	0.01133	0.01003	0.00310	0.01260	0.00915	0.00767	0.07570
10	0.02393	0.02213	0.03689	0.18540	0.29983	0.02331	0.02953	0.03002	0.02476	0.03411	0.03055	0.14740	0.03012	0.01623	0.01225	0.00383	0.01274	0.01519	0.00668	0.01511
11	0.01661	0.01246	0.01869	0.01869	0.02077	0.01454	0.01454	0.02077	0.01869	0.02700	0.03115	0.04569	0.02908	0.08723	0.54517	0.01869	0.03115	0.01246	0.00623	0.01038
12	0.03121	0.02327	0.03340	0.07835	0.08484	0.02426	0.07642	0.08344	0.15636	0.12511	0.11576	0.04466	0.03979	0.01509	0.01229	0.00374	0.01131	0.01354	0.01047	0.01668
13	0.02855	0.03456	0.16925	0.09709	0.26454	0.02714	0.03458	0.03660	0.02545	0.08043	0.02304	0.02854	0.01783	0.01201	0.01404	0.00373	0.06924	0.01000	0.00620	0.01717
14	0.03481	0.01609	0.02136	0.01806	0.02388	0.01481	0.01426	0.03857	0.02747	0.28929	0.05364	0.05614	0.10996	0.08493	0.13427	0.00768	0.01406	0.01445	0.01134	0.01492
15	0.04941	0.02425	0.02975	0.02281	0.03191	0.02370	0.01884	0.20410	0.04074	0.36882	0.03963	0.03552	0.02565	0.01424	0.01167	0.00356	0.01091	0.01127	0.01343	0.01979
16	0.03894	0.03454	0.12523	0.03737	0.15545	0.07089	0.02777	0.12682	0.03404	0.18908	0.02964	0.03039	0.02080	0.01251	0.01142	0.00351	0.01369	0.01021	0.00930	0.01843
17	0.02403	0.02200	0.10607	0.07054	0.03200	0.01617	0.02094	0.02997	0.02659	0.11759	0.09235	0.20346	0.05377	0.02405	0.01353	0.00431	0.01055	0.10878	0.01008	0.01323
18	0.13468	0.02218	0.02333	0.02045	0.02636	0.02448	0.01604	0.14750	0.16430	0.05262	0.12649	0.10995	0.04681	0.01854	0.01174	0.00382	0.00906	0.01528	0.01108	0.01530
19	0.02254	0.02146	0.03501	0.47558	0.07194	0.02745	0.03117	0.02943	0.02236	0.02943	0.01978	0.03009	0.01546	0.01307	0.01600	0.00408	0.10680	0.01031	0.00515	0.01289
20	0.15146	0.04053	0.26565	0.02613	0.03872	0.02500	0.02899	0.07753	0.02840	0.16995	0.02709	0.02770	0.01841	0.01211	0.01056	0.00363	0.01344	0.00913	0.00834	0.01724
21	0.01989	0.01265	0.01665	0.01521	0.01856	0.01156	0.01156	0.02528	0.03296	0.09276	0.46774	0.08233	0.10196	0.02288	0.01352	0.00365	0.00591	0.02014	0.01296	0.01182
22	0.01727	0.01133	0.01398	0.01398	0.01432	0.01167	0.00866	0.01733	0.01699	0.02300	0.03372	0.06610	0.03740	0.44069	0.13753	0.09228	0.01440	0.01534	0.00667	0.00735
23	0.03110	0.02102	0.03334	0.28343	0.14710	0.02274	0.02711	0.03766	0.02657	0.16122	0.02880	0.03377	0.02064	0.01225	0.01135	0.00363	0.01293	0.01073	0.05899	0.01561
24	0.02417	0.02714	0.09158	0.03923	0.11939	0.02393	0.18458	0.03167	0.02612	0.03761	0.08675	0.08119	0.03434	0.01512	0.01488	0.00385	0.06395	0.01451	0.06548	0.01451
25	0.01643	0.01203	0.01717	0.01743	0.01902	0.01349	0.01291	0.01967	0.01873	0.02650	0.03525	0.10254	0.03592	0.16796	0.41168	0.01609	0.02543	0.01520	0.00681	0.00973
26	0.03317	0.50697	0.05624	0.02159	0.03088	0.12987	0.02033	0.03678	0.02520	0.02755	0.01647	0.01905	0.01493	0.01029	0.00797	0.00257	0.01387	0.00643	0.00515	0.01468
27	0.02469	0.02153	0.02695	0.02387	0.08782	0.01699	0.01647	0.03007	0.02441	0.03791	0.02082	0.02469	0.01737	0.00883	0.00897	0.00194	0.00925	0.00732	0.00675	0.58336
28	0.03137	0.37276	0.11697	0.02709	0.03818	0.03793	0.10854	0.03752	0.02534	0.07583	0.02084	0.02368	0.01668	0.01046	0.00947	0.00301	0.01414	0.00842	0.00600	0.01579
29	0.01686	0.01147	0.01370	0.01370	0.01404	0.01182	0.00831	0.01756	0.01721	0.02330	0.03572	0.07099	0.04006	0.50649	0.14093	0.01252	0.01462	0.01616	0.00691	0.00761
30	0.02230	0.16018	0.21288	0.02526	0.03541	0.02565	0.06588	0.02964	0.02456	0.03269	0.04349	0.13062	0.10924	0.01797	0.01158	0.00365	0.01274	0.01524	0.00697	0.01404
31	0.04442	0.02117	0.02623	0.02031	0.02871	0.01973	0.01663	0.12975	0.03537	0.33861	0.03928	0.03647	0.02619	0.01369	0.01097	0.00330	0.00977	0.01093	0.09189	0.07657
32	0.56650	0.02219	0.01825	0.01561	0.02333	0.02435	0.01279	0.03338	0.02051	0.04983	0.01693	0.01975	0.01336	0.01044	0.00743	0.00329	0.00893	0.00640	0.00715	0.11958
33	0.16190	0.03069	0.03157	0.02462	0.03353	0.03420	0.02033	0.39656	0.04816	0.06935	0.02573	0.02623	0.01844	0.01337	0.01080	0.00351	0.01209	0.00969	0.01080	0.01844
34	0.01912	0.01382	0.01702	0.01793	0.02003	0.01383	0.01266	0.09255	0.02760	0.03687	0.05815	0.49216	0.06751	0.03274	0.01432	0.00452	0.00774	0.02934	0.01093	0.01115
35	0.03109	0.59826	0.06095	0.01990	0.02985	0.04602	0.01990	0.03483	0.02363	0.02736	0.01617	0.01866	0.01493	0.00995	0.00746	0.00249	0.01244	0.00622	0.00498	0.01493
36	0.02333	0.06016	0.53100	0.03315	0.05034	0.02701	0.04297	0.03683	0.02455	0.03683	0.02087	0.02455	0.01473	0.01105	0.01105	0.00368	0.01719	0.00859	0.00491	0.01719
37	0.04630	0.01849	0.02511	0.01969	0.02766	0.01609	0.01609	0.05096	0.03323	0.44771	0.12273	0.04737	0.04212	0.01594	0.01203	0.00361	0.00917	0.01323	0.01413	0.01834
38	0.01910	0.01427	0.02015	0.01942	0.02215	0.01648	0.01522	0.06213	0.02193	0.03117	0.03086	0.04409	0.02824	0.08063	0.49711	0.01732	0.02950	0.01228	0.00672	0.01123
39	0.01410	0.01040	0.01321	0.01545	0.01667	0.00951	0.01047	0.01628	0.02298	0.02998	0.07314	0.50433	0.15043	0.03526	0.01466	0.00459	0.00660	0.03163	0.01080	0.00951
40	0.03036	0.31694	0.22400	0.02628	0.03816	0.12133	0.02855	0.03745	0.02550	0.03092	0.01814	0.02114	0.01487	0.01068	0.00924	0.00300	0.01554	0.00728	0.00512	0.01550
41	0.01586	0.01210	0.01472	0.01473	0.01789	0.01096	0.01149	0.02042	0.02961	0.03924	0.29686	0.10315	0.24755	0.02719	0.01411	0.00403	0.00649	0.09135	0.01174	0.01052
42	0.03043	0.02573	0.02715	0.02397	0.03082	0.02963	0.01877	0.10296	0.45409	0.05108	0.04543	0.04187	0.03396	0.01560	0.01181	0.00390	0.00956	0.01289	0.01181	0.01854
43	0.09252	0.18995	0.26516	0.02619	0.03902	0.03170	0.02963	0.07791	0.02743	0.08736	0.02230	0.02426	0.01642	0.01133	0.00986	0.00334	0.01405	0.00823	0.00669	0.01665
44	0.01665	0.01232	0.01795	0.01795	0.01978	0.01414	0.01362	0.02030	0.01847	0.02645	0.03183	0.04942	0.03070	0.14906	0.48555	0.01778	0.02871	0.01301	0.00633	0.00997
45	0.02053	0.01122	0.01211	0.01244	0.01470	0.01122	0.00925	0.02505	0.02345	0.03888	0.04063	0.05953	0.03642	0.11095	0.01751	0.00444	0.00703	0.06454	0.46986	0.01020
46	0.03215	0.02657	0.07678	0.12703	0.16000	0.02481	0.02667	0.09398	0.07540	0.13324	0.03310	0.08210	0.02664	0.01471	0.01187	0.00374	0.01245	0.01278	0.00897	0.01700
47	0.09119	0.02656	0.11468	0.19295	0.08780	0.02235	0.02577	0.03435	0.02407	0.11667	0.02726	0.03739	0.02199	0.10725	0.01893	0.00495	0.01336	0.01095	0.00724	0.01430
48	0.03021	0.11932	0.03727	0.02979	0.07831	0.03280	0.02261	0.04293	0.16922	0.08063	0.02876	0.03148	0.02300	0.01570	0.01995	0.00401	0.19930	0.01060	0.00807	0.01605
49	0.22871	0.13220	0.15375	0.02339	0.03375	0.07649	0.02348	0.08208	0.02752	0.08980	0.02150	0.02330	0.01599	0.01148	0.00935	0.00337	0.01311	0.00788	0.00729	0.01558

[dist]
# distance from previous block
# <min> <max>
3	12

[block]
# block no. 4 follows, 10 sequences, length 14
# corresponding to MSA columns:
# 449-462
name=unknown_E
#
# <colnr> <probs for GDERKNQSTAVLIFYWHMCP>
#	G	D	E	R	K	N	Q	S	T	A	V	L	I	F	Y	W	H	M	C	P
0	0.11695	0.04602	0.34862	0.02795	0.04196	0.02465	0.03307	0.04095	0.02588	0.14922	0.02588	0.02718	0.01761	0.01177	0.01068	0.00365	0.01445	0.00898	0.00735	0.01716
1	0.03243	0.10074	0.23101	0.03638	0.11572	0.02707	0.08354	0.04127	0.02719	0.15395	0.02684	0.02897	0.01904	0.01149	0.01120	0.00353	0.01468	0.00995	0.00744	0.01758
2	0.02410	0.01524	0.01852	0.01657	0.02119	0.01457	0.01280	0.03315	0.10269	0.12783	0.29189	0.07638	0.15460	0.02191	0.01308	0.00374	0.00689	0.01882	0.01258	0.01344
3	0.04709	0.01882	0.02573	0.02080	0.02884	0.01653	0.01735	0.05172	0.03230	0.45180	0.04828	0.05355	0.03460	0.01710	0.01236	0.00387	0.01002	0.07703	0.01383	0.01841
4	0.03609	0.03277	0.16127	0.03781	0.16642	0.02370	0.02885	0.04650	0.07771	0.22022	0.03319	0.03324	0.02311	0.01260	0.01150	0.00362	0.01274	0.01070	0.00938	0.01861
5	0.02803	0.04645	0.33755	0.04274	0.18224	0.02611	0.03807	0.03867	0.02606	0.09052	0.02388	0.02740	0.01732	0.01122	0.01125	0.00361	0.01543	0.00944	0.00619	0.01783
6	0.01397	0.01090	0.01270	0.01413	0.01633	0.00962	0.00988	0.01643	0.02425	0.03050	0.08918	0.36346	0.28095	0.03318	0.01433	0.00435	0.00635	0.02909	0.01080	0.00962
7	0.02196	0.02067	0.03488	0.56331	0.08010	0.02584	0.03230	0.02972	0.02326	0.02972	0.02067	0.03101	0.01550	0.01163	0.01163	0.00388	0.01550	0.01034	0.00517	0.01292
8	0.10282	0.03315	0.15496	0.25423	0.05665	0.02835	0.03045	0.12834	0.02990	0.04341	0.02175	0.02735	0.01589	0.01189	0.01097	0.00371	0.01458	0.00947	0.00672	0.01540
9	0.02392	0.10851	0.16791	0.20935	0.13522	0.02745	0.03177	0.03189	0.02410	0.03270	0.02486	0.08497	0.02214	0.01362	0.01123	0.00365	0.01433	0.01171	0.00576	0.01490
10	0.01646	0.01189	0.01555	0.01463	0.01738	0.01097	0.01097	0.02195	0.03292	0.04664	0.51257	0.08688	0.10974	0.02378	0.01372	0.00366	0.00549	0.02103	0.01280	0.01097
11	0.02447	0.02807	0.10534	0.17637	0.23744	0.02475	0.06397	0.03163	0.02405	0.03340	0.02382	0.03617	0.02079	0.09924	0.01891	0.00481	0.01472	0.01137	0.00570	0.01497
12	0.02599	0.04604	0.35613	0.02856	0.04187	0.02447	0.03353	0.04031	0.08976	0.08552	0.08395	0.03574	0.02988	0.01348	0.01153	0.00371	0.01407	0.01094	0.00765	0.01687
13	0.03179	0.03244	0.16328	0.04330	0.22702	0.02317	0.03046	0.03966	0.02832	0.15755	0.07869	0.03639	0.02953	0.01292	0.01167	0.00357	0.01286	0.01135	0.00838	0.01766

[dist]
# distance from previous block
# <min> <max>
0	1

[block]
# block no. 5 follows, 10 sequences, length 16
# corresponding to MSA columns:
# 464-479
name=unknown_F
#
# <colnr> <probs for GDERKNQSTAVLIFYWHMCP>
#	G	D	E	R	K	N	Q	S	T	A	V	L	I	F	Y	W	H	M	C	P
0	0.20740	0.02346	0.02392	0.02091	0.02805	0.02623	0.01662	0.05348	0.29254	0.12747	0.03866	0.03613	0.02820	0.01420	0.01055	0.00379	0.00926	0.01106	0.01099	0.01706
1	0.25511	0.02290	0.03033	0.08670	0.19775	0.02552	0.02330	0.03160	0.02251	0.04037	0.02411	0.09050	0.02268	0.01463	0.01284	0.00384	0.06273	0.01157	0.00675	0.01426
2	0.01417	0.01012	0.01350	0.01619	0.01687	0.00945	0.01080	0.01619	0.02227	0.02969	0.06410	0.58367	0.07692	0.03644	0.01484	0.00472	0.00675	0.03306	0.01080	0.00945
3	0.02893	0.02498	0.02630	0.02367	0.03024	0.02893	0.01841	0.06180	0.49770	0.04865	0.04734	0.04339	0.03550	0.01578	0.01183	0.00394	0.00920	0.01315	0.01183	0.01841
4	0.02083	0.01101	0.01161	0.01146	0.01417	0.01086	0.00859	0.02626	0.02578	0.04389	0.11523	0.05045	0.04283	0.01522	0.00904	0.00286	0.00543	0.01250	0.55111	0.01086
5	0.04421	0.03258	0.03490	0.02676	0.03607	0.03607	0.02211	0.47993	0.05468	0.07330	0.02792	0.02792	0.01978	0.01396	0.01163	0.00349	0.01280	0.01047	0.01163	0.01978
6	0.13387	0.01545	0.01778	0.01551	0.02061	0.01500	0.01223	0.03410	0.02906	0.17209	0.20890	0.05420	0.05578	0.01704	0.01094	0.00343	0.00719	0.01403	0.14927	0.01351
7	0.67341	0.02249	0.01709	0.01529	0.02249	0.02609	0.01260	0.03419	0.01979	0.05218	0.01619	0.01889	0.01260	0.01080	0.00720	0.00360	0.00900	0.00630	0.00720	0.01260
8	0.24160	0.01551	0.01529	0.01426	0.01878	0.01593	0.01108	0.02505	0.02706	0.04535	0.25914	0.06878	0.16125	0.02051	0.01148	0.00369	0.00678	0.01671	0.01046	0.01129
9	0.28447	0.02080	0.02329	0.01867	0.02700	0.02046	0.01541	0.04827	0.02824	0.34931	0.03478	0.03185	0.02273	0.01305	0.01001	0.00360	0.00956	0.00968	0.01170	0.01710
10	0.02849	0.01785	0.02103	0.01612	0.02415	0.01453	0.01284	0.03361	0.02584	0.12710	0.02988	0.03211	0.02271	0.01099	0.00904	0.00233	0.00798	0.00882	0.18413	0.37047
11	0.04114	0.04220	0.03245	0.02775	0.03498	0.27875	0.02163	0.19809	0.12254	0.04744	0.02658	0.02732	0.02026	0.01333	0.01112	0.00333	0.01609	0.00951	0.00896	0.01652
12	0.02271	0.02078	0.03454	0.38377	0.15238	0.02414	0.03072	0.02991	0.02443	0.03208	0.02756	0.04691	0.02442	0.01473	0.01233	0.00404	0.01441	0.08038	0.00618	0.01358
13	0.01988	0.01679	0.02652	0.30273	0.05238	0.01940	0.02486	0.02609	0.02441	0.03156	0.04059	0.13234	0.04135	0.02197	0.01361	0.00451	0.01274	0.16871	0.00784	0.01171
14	0.01417	0.01012	0.01350	0.01619	0.01687	0.00945	0.01080	0.01619	0.02227	0.02969	0.06410	0.58367	0.07692	0.03644	0.01484	0.00472	0.00675	0.03306	0.01080	0.00945
15	0.05218	0.01979	0.02699	0.02069	0.02969	0.01709	0.01709	0.05668	0.03329	0.52677	0.04588	0.03959	0.02879	0.01439	0.01170	0.00360	0.00990	0.01170	0.01439	0.01979

[dist]
# distance from previous block
# <min> <max>
0	7

[block]
# block no. 6 follows, 10 sequences, length 46
# corresponding to MSA columns:
# 487-532
name=unknown_G
#
# <colnr> <probs for GDERKNQSTAVLIFYWHMCP>
#	G	D	E	R	K	N	Q	S	T	A	V	L	I	F	Y	W	H	M	C	P
0	0.09480	0.02711	0.04412	0.06564	0.46790	0.02748	0.03333	0.03554	0.02580	0.03945	0.02129	0.02777	0.01783	0.01041	0.01107	0.00347	0.01332	0.00995	0.00590	0.01783
1	0.01488	0.01183	0.01335	0.01297	0.01640	0.01030	0.00973	0.01888	0.02918	0.03776	0.28230	0.10149	0.34555	0.02709	0.01373	0.00382	0.00572	0.02308	0.01163	0.01030
2	0.02566	0.01201	0.01295	0.01213	0.01566	0.01166	0.00930	0.03096	0.02555	0.10643	0.03898	0.04287	0.02968	0.01366	0.00860	0.00283	0.00600	0.01095	0.57214	0.01201
3	0.04421	0.03258	0.03490	0.02676	0.03607	0.03607	0.02211	0.47993	0.05468	0.07330	0.02792	0.02792	0.01978	0.01396	0.01163	0.00349	0.01280	0.01047	0.01163	0.01978
4	0.03109	0.59826	0.06095	0.01990	0.02985	0.04602	0.01990	0.03483	0.02363	0.02736	0.01617	0.01866	0.01493	0.00995	0.00746	0.00249	0.01244	0.00622	0.00498	0.01493
5	0.02154	0.01406	0.01895	0.02118	0.06839	0.01324	0.01394	0.02436	0.02495	0.08496	0.11328	0.12618	0.13645	0.12752	0.02459	0.06276	0.00910	0.07374	0.00974	0.01106
6	0.03897	0.04810	0.03346	0.09960	0.04121	0.42945	0.02403	0.04254	0.03028	0.02858	0.01808	0.02270	0.01508	0.01272	0.01322	0.00331	0.07144	0.00811	0.00580	0.01334
7	0.02879	0.02763	0.04721	0.07139	0.51871	0.02763	0.03569	0.03569	0.02648	0.03800	0.02188	0.02879	0.01842	0.01036	0.01151	0.00345	0.01382	0.01036	0.00576	0.01842
8	0.02412	0.02067	0.02412	0.01723	0.02756	0.01550	0.01378	0.02929	0.02412	0.03790	0.02067	0.02412	0.01723	0.00861	0.00861	0.00172	0.00861	0.00689	0.00689	0.66236
9	0.03607	0.37967	0.04968	0.02395	0.03231	0.24678	0.02094	0.03950	0.02739	0.02781	0.01690	0.01959	0.01495	0.01077	0.00868	0.00269	0.01588	0.00673	0.00538	0.01434
10	0.67341	0.02249	0.01709	0.01529	0.02249	0.02609	0.01260	0.03419	0.01979	0.05218	0.01619	0.01889	0.01260	0.01080	0.00720	0.00360	0.00900	0.00630	0.00720	0.01260
11	0.02745	0.03137	0.06863	0.04902	0.06078	0.02941	0.47647	0.03725	0.02745	0.03725	0.02353	0.03137	0.01765	0.00980	0.01373	0.00392	0.01961	0.01373	0.00588	0.01569
12	0.01841	0.01408	0.02049	0.02373	0.07961	0.01510	0.01547	0.02187	0.02001	0.02793	0.03484	0.06136	0.03556	0.21335	0.28677	0.01332	0.02126	0.05951	0.00688	0.01046
13	0.02388	0.01368	0.01705	0.01517	0.01971	0.01204	0.01174	0.02838	0.03108	0.15277	0.28630	0.08350	0.21259	0.02332	0.01326	0.00373	0.00663	0.01994	0.01257	0.01266
14	0.01407	0.01052	0.01309	0.01514	0.01659	0.00954	0.01033	0.01631	0.02328	0.03010	0.07689	0.47136	0.18098	0.03478	0.01458	0.00453	0.00654	0.03104	0.01080	0.00954
15	0.08500	0.03638	0.21646	0.02389	0.03608	0.02250	0.02533	0.03658	0.08166	0.04014	0.02358	0.02615	0.01808	0.01062	0.00980	0.00291	0.01198	0.00825	0.00677	0.27784
16	0.11515	0.02374	0.02546	0.06783	0.03139	0.07019	0.01745	0.03784	0.06861	0.12353	0.02822	0.03478	0.02289	0.08346	0.01891	0.00433	0.06851	0.01017	0.00833	0.13919
17	0.03502	0.03296	0.09598	0.02629	0.03547	0.03187	0.02326	0.24523	0.23817	0.05811	0.03522	0.03403	0.02577	0.01435	0.01164	0.00371	0.01185	0.01136	0.01084	0.01886
18	0.02513	0.02275	0.03498	0.42834	0.06826	0.02836	0.03016	0.08442	0.02638	0.03481	0.02085	0.02991	0.01599	0.01305	0.01509	0.00399	0.08751	0.01033	0.00595	0.01373
19	0.03380	0.20803	0.18749	0.02583	0.03673	0.03293	0.02699	0.09680	0.02916	0.12647	0.02437	0.02602	0.01804	0.01257	0.01269	0.00341	0.06540	0.00883	0.00754	0.01690
20	0.04764	0.14435	0.03430	0.02052	0.02972	0.02332	0.01770	0.05197	0.03121	0.41923	0.03949	0.03508	0.02580	0.01344	0.01078	0.00336	0.01044	0.01052	0.01237	0.01874
21	0.01831	0.01252	0.01487	0.01390	0.01769	0.01099	0.01056	0.02260	0.03014	0.08090	0.29948	0.09384	0.28031	0.02547	0.01356	0.00377	0.00604	0.02178	0.01206	0.01122
22	0.02267	0.01483	0.01802	0.01748	0.02115	0.01426	0.01322	0.08230	0.02983	0.09118	0.10922	0.28139	0.14945	0.02829	0.01387	0.00424	0.00791	0.05700	0.01147	0.01222
23	0.03675	0.02598	0.03437	0.10458	0.14338	0.02778	0.02467	0.16302	0.12234	0.14651	0.03288	0.03372	0.02365	0.01331	0.01166	0.00364	0.01212	0.01117	0.01012	0.01834
24	0.01662	0.01115	0.01277	0.01306	0.01314	0.01108	0.00745	0.01684	0.01749	0.02332	0.03960	0.13073	0.04601	0.53156	0.05442	0.01057	0.01079	0.01865	0.00745	0.00731
