[name]
unknown

[dist]
# distance from previous block
# <min> <max>
17	190

[block]
# block no. 0 follows, 13 sequences, length 30
# corresponding to MSA columns:
# 191-220
name=unknown_A
#
# <colnr> <probs for GDERKNQSTAVLIFYWHMCP>
#	G	D	E	R	K	N	Q	S	T	A	V	L	I	F	Y	W	H	M	C	P
0	0.01740	0.01368	0.01607	0.01496	0.01844	0.01380	0.01137	0.02812	0.15352	0.04109	0.37557	0.07229	0.14140	0.02051	0.01206	0.00342	0.00585	0.01779	0.01120	0.01148
1	0.02273	0.02278	0.03038	0.16807	0.08886	0.09405	0.06676	0.02695	0.02063	0.02653	0.02155	0.03471	0.02002	0.12973	0.07855	0.00610	0.11441	0.01059	0.00529	0.01130
2	0.03300	0.02420	0.02358	0.01995	0.02604	0.08970	0.01579	0.16035	0.17313	0.12581	0.03355	0.03309	0.02456	0.01291	0.00982	0.00309	0.00979	0.01010	0.15633	0.01520
3	0.01464	0.01087	0.01403	0.01437	0.01665	0.00970	0.01019	0.01784	0.02358	0.03287	0.21504	0.37400	0.07309	0.02637	0.01248	0.00365	0.00597	0.02367	0.00998	0.09100
4	0.16031	0.12142	0.03162	0.02026	0.02852	0.02243	0.06359	0.04288	0.02609	0.33457	0.03045	0.02874	0.02047	0.01143	0.00943	0.00313	0.01007	0.00910	0.00976	0.01573
5	0.01744	0.00951	0.01308	0.01308	0.01308	0.00951	0.00832	0.01427	0.01427	0.01903	0.02300	0.04363	0.02459	0.22015	0.04520	0.48092	0.00951	0.01110	0.00515	0.00515
6	0.03664	0.10698	0.03052	0.02248	0.02904	0.25263	0.01802	0.16747	0.03323	0.08762	0.02306	0.02451	0.01755	0.01152	0.00932	0.00280	0.01353	0.00811	0.09082	0.01415
7	0.10337	0.01993	0.06048	0.04688	0.02552	0.01847	0.01561	0.07871	0.02450	0.03888	0.07667	0.09786	0.03091	0.01472	0.01172	0.00307	0.06293	0.01156	0.11466	0.14356
8	0.09551	0.11497	0.08784	0.02256	0.02978	0.18935	0.01977	0.09235	0.07425	0.06210	0.02241	0.02506	0.01774	0.01927	0.07831	0.00465	0.01542	0.00817	0.00679	0.01372
9	0.70310	0.02045	0.01554	0.01390	0.02045	0.02372	0.01145	0.03108	0.01799	0.04744	0.01472	0.01718	0.01145	0.00981	0.00654	0.00327	0.00818	0.00573	0.00654	0.01145
10	0.02506	0.08031	0.07061	0.21849	0.18888	0.02300	0.02577	0.03092	0.02307	0.09576	0.02625	0.09817	0.02289	0.01308	0.01050	0.00335	0.01193	0.01156	0.00645	0.01395
11	0.02091	0.01861	0.03117	0.36390	0.17770	0.02143	0.02653	0.02613	0.02065	0.02757	0.01965	0.02910	0.01608	0.01816	0.05339	0.08866	0.01410	0.00951	0.00488	0.01190
12	0.01472	0.08411	0.01743	0.01513	0.01675	0.01257	0.01081	0.01675	0.02039	0.02674	0.05306	0.54913	0.06318	0.03024	0.01269	0.00405	0.00675	0.02714	0.00918	0.00918
13	0.04330	0.01694	0.02307	0.01832	0.02559	0.01471	0.01485	0.04712	0.02906	0.50479	0.04370	0.10610	0.03141	0.01549	0.01098	0.00339	0.00865	0.01296	0.01269	0.01687
14	0.03772	0.02652	0.02896	0.02297	0.03080	0.02911	0.01873	0.35501	0.16678	0.12280	0.03165	0.03009	0.02244	0.01314	0.01063	0.00329	0.01052	0.01024	0.01093	0.01768
15	0.56322	0.01992	0.01746	0.01495	0.02184	0.02197	0.01232	0.03544	0.02061	0.15888	0.02048	0.02119	0.01459	0.01051	0.00742	0.00327	0.00835	0.00677	0.00794	0.01285
16	0.16232	0.02340	0.02475	0.01962	0.02694	0.02519	0.01611	0.28781	0.03694	0.15026	0.02745	0.02748	0.01936	0.01218	0.00945	0.00312	0.00970	0.00905	0.09309	0.01577
17	0.10916	0.02052	0.02336	0.01983	0.02478	0.07344	0.05027	0.03399	0.08864	0.11947	0.22052	0.04666	0.04910	0.01584	0.01261	0.00340	0.05308	0.01294	0.00956	0.01282
18	0.02760	0.57961	0.10469	0.01924	0.02891	0.04019	0.02009	0.03183	0.02156	0.02569	0.01511	0.01747	0.01355	0.00914	0.00709	0.00236	0.01172	0.00586	0.00452	0.01376
19	0.10558	0.02835	0.12914	0.13536	0.04740	0.02500	0.20866	0.03037	0.02159	0.03277	0.01949	0.02646	0.01523	0.01541	0.05386	0.00454	0.07258	0.00994	0.00519	0.01309
20	0.02725	0.08327	0.09291	0.02061	0.02799	0.02488	0.01846	0.09019	0.26796	0.07912	0.03870	0.03738	0.05757	0.01363	0.01007	0.00327	0.00940	0.01096	0.07100	0.01541
21	0.01871	0.07239	0.01827	0.01392	0.01793	0.01344	0.01120	0.02272	0.02687	0.08564	0.27486	0.07907	0.22761	0.02178	0.01191	0.00341	0.00645	0.05273	0.01036	0.01074
22	0.02135	0.01989	0.03185	0.47937	0.11501	0.02399	0.02812	0.03111	0.08535	0.02986	0.02187	0.02937	0.01658	0.01092	0.01058	0.00349	0.01324	0.00971	0.00549	0.01284
23	0.01771	0.01369	0.01571	0.01435	0.01806	0.01337	0.01099	0.07127	0.07680	0.04078	0.32337	0.07699	0.22322	0.02163	0.01214	0.00341	0.00605	0.01849	0.01091	0.01106
24	0.01954	0.01665	0.07160	0.01792	0.02031	0.01521	0.01472	0.02196	0.07175	0.02403	0.02185	0.03226	0.01993	0.03522	0.10111	0.40362	0.06912	0.00961	0.00537	0.00822
25	0.03008	0.25808	0.03975	0.08704	0.08518	0.08241	0.02063	0.07446	0.11907	0.07136	0.02359	0.02526	0.01852	0.01092	0.00906	0.00290	0.01176	0.00830	0.00687	0.01477
26	0.01858	0.01279	0.01664	0.01507	0.01799	0.01268	0.01159	0.02301	0.02687	0.07474	0.36282	0.10278	0.07388	0.02004	0.01393	0.00335	0.06440	0.01690	0.06026	0.05168
27	0.02248	0.15925	0.48023	0.02796	0.04240	0.02767	0.03528	0.03316	0.02217	0.03193	0.01820	0.02136	0.01343	0.00987	0.00946	0.00315	0.01485	0.00742	0.00448	0.01526
28	0.02447	0.08638	0.06768	0.05981	0.02960	0.02143	0.01879	0.02897	0.02187	0.09572	0.02746	0.08782	0.02545	0.01537	0.01470	0.00326	0.12372	0.05708	0.00702	0.18340
29	0.15870	0.02268	0.07688	0.02063	0.02668	0.02191	0.01829	0.07856	0.02404	0.17757	0.02568	0.02903	0.01938	0.02566	0.12363	0.00611	0.11357	0.00923	0.00795	0.01381

[dist]
# distance from previous block
# <min> <max>
1	31

[block]
# block no. 1 follows, 13 sequences, length 19
# corresponding to MSA columns:
# 252-270
name=unknown_B
#
# <colnr> <probs for GDERKNQSTAVLIFYWHMCP>
#	G	D	E	R	K	N	Q	S	T	A	V	L	I	F	Y	W	H	M	C	P
0	0.46248	0.02313	0.02290	0.02322	0.09755	0.02593	0.01626	0.14185	0.02590	0.04995	0.01781	0.02024	0.01363	0.01040	0.00798	0.00323	0.00955	0.00708	0.00726	0.01363
1	0.02191	0.02175	0.03258	0.02762	0.02876	0.02856	0.07061	0.02480	0.01761	0.02649	0.02071	0.10574	0.02178	0.01957	0.02960	0.00448	0.46817	0.01242	0.00541	0.01142
2	0.10531	0.02512	0.02935	0.06977	0.03414	0.05641	0.04611	0.22675	0.03540	0.22303	0.02844	0.02811	0.01937	0.01206	0.01024	0.00324	0.01139	0.00951	0.00995	0.01631
3	0.14891	0.37544	0.11664	0.01972	0.02916	0.03519	0.02002	0.08939	0.02426	0.03493	0.01653	0.01871	0.01368	0.00974	0.00763	0.00270	0.01138	0.00641	0.00558	0.01399
4	0.11532	0.02205	0.02678	0.10014	0.03437	0.02300	0.01841	0.19603	0.03377	0.27758	0.03037	0.02945	0.02027	0.01225	0.01015	0.00328	0.01044	0.00956	0.01041	0.01639
5	0.01845	0.01142	0.01509	0.01414	0.01703	0.01043	0.01060	0.02290	0.02864	0.10157	0.42863	0.14841	0.08712	0.02220	0.01240	0.00345	0.00561	0.01964	0.01156	0.01072
6	0.02324	0.10107	0.17787	0.02127	0.02949	0.02333	0.02137	0.09197	0.11773	0.04107	0.19152	0.04272	0.04422	0.01460	0.01060	0.00323	0.01006	0.01201	0.00853	0.01409
7	0.02668	0.02250	0.03691	0.05986	0.03754	0.05239	0.21609	0.07007	0.02597	0.08835	0.02672	0.03218	0.02039	0.01869	0.07757	0.00479	0.01496	0.01092	0.14421	0.01321
8	0.01352	0.00992	0.01269	0.01375	0.01536	0.00909	0.00965	0.01651	0.02393	0.03229	0.22954	0.37708	0.14059	0.02852	0.01303	0.00388	0.00566	0.02547	0.01042	0.00909
9	0.02619	0.02674	0.14984	0.11932	0.06887	0.02053	0.06216	0.06146	0.05517	0.12616	0.03115	0.11069	0.02602	0.01423	0.01083	0.00345	0.01165	0.01251	0.04879	0.01425
10	0.01751	0.00960	0.01379	0.01379	0.01401	0.00982	0.00920	0.01463	0.01441	0.01943	0.02193	0.03920	0.02253	0.13692	0.10668	0.50410	0.01158	0.01043	0.00501	0.00545
11	0.02568	0.21522	0.03947	0.10599	0.03436	0.03413	0.02219	0.06838	0.02128	0.02883	0.01577	0.02209	0.01415	0.01394	0.02055	0.00361	0.28837	0.00816	0.00509	0.01274
12	0.02192	0.01879	0.02192	0.01566	0.02506	0.01409	0.01253	0.02662	0.02192	0.03445	0.01879	0.02192	0.01566	0.00783	0.00783	0.00157	0.00783	0.00626	0.00626	0.69305
13	0.08470	0.06322	0.02907	0.02494	0.08034	0.02659	0.01840	0.20436	0.15158	0.11068	0.07243	0.03308	0.02792	0.01306	0.01021	0.00324	0.00985	0.01043	0.00977	0.01614
14	0.02814	0.02503	0.03559	0.13114	0.04060	0.03026	0.08216	0.18417	0.02862	0.03964	0.01925	0.02537	0.01546	0.01414	0.02022	0.00385	0.24611	0.00974	0.00659	0.01393
15	0.07096	0.02471	0.08353	0.02323	0.03265	0.02010	0.09673	0.06596	0.06814	0.16469	0.02676	0.02767	0.01922	0.01039	0.00976	0.00282	0.01073	0.00904	0.00819	0.22470
16	0.08283	0.47324	0.08916	0.01975	0.02868	0.10229	0.01945	0.03298	0.02226	0.02745	0.01522	0.01764	0.01339	0.00940	0.00734	0.00248	0.01229	0.00596	0.00479	0.01341
17	0.15688	0.02342	0.07294	0.06414	0.12071	0.02201	0.06996	0.09642	0.02661	0.04107	0.09059	0.08220	0.03228	0.01452	0.01061	0.00347	0.01084	0.04042	0.00755	0.01336
18	0.01624	0.13191	0.02062	0.01494	0.01713	0.01533	0.01097	0.01813	0.01982	0.02569	0.04631	0.42731	0.05457	0.11007	0.01771	0.00471	0.00771	0.02326	0.00831	0.00926

[dist]
# distance from previous block
# <min> <max>
3	7

[block]
# block no. 2 follows, 13 sequences, length 12
# corresponding to MSA columns:
# 278-289
name=unknown_C
#
# <colnr> <probs for GDERKNQSTAVLIFYWHMCP>
#	G	D	E	R	K	N	Q	S	T	A	V	L	I	F	Y	W	H	M	C	P
0	0.08263	0.02371	0.02869	0.02558	0.06643	0.02601	0.04922	0.19207	0.19609	0.08198	0.03090	0.03181	0.02321	0.01940	0.06956	0.00476	0.01232	0.01043	0.00929	0.01589
1	0.02609	0.45578	0.21532	0.02181	0.03288	0.03650	0.02456	0.03222	0.02174	0.02753	0.01602	0.01862	0.01351	0.00935	0.00779	0.00260	0.01264	0.00632	0.00450	0.01420
2	0.02610	0.02499	0.04130	0.05619	0.43515	0.02544	0.06801	0.03646	0.10953	0.03608	0.02381	0.02853	0.01925	0.01019	0.01067	0.00325	0.01228	0.01007	0.00615	0.01655
3	0.02990	0.02621	0.02459	0.02125	0.02692	0.11632	0.01668	0.17819	0.18925	0.04548	0.08466	0.03634	0.03128	0.01902	0.05568	0.00428	0.01203	0.01096	0.05637	0.01461
4	0.01927	0.01169	0.01469	0.01423	0.01752	0.01044	0.01080	0.02279	0.02592	0.12034	0.20989	0.20006	0.20107	0.02465	0.01255	0.00370	0.00631	0.05255	0.01086	0.01068
5	0.02144	0.02030	0.03438	0.47502	0.18928	0.02388	0.03010	0.02831	0.02184	0.02880	0.01905	0.02771	0.01473	0.01030	0.01055	0.00343	0.01373	0.00940	0.00483	0.01294
6	0.01692	0.01088	0.01238	0.01214	0.01371	0.01019	0.00778	0.01805	0.01909	0.06518	0.05442	0.11820	0.17027	0.38360	0.03698	0.00757	0.00860	0.01790	0.00804	0.00810
7	0.01881	0.01170	0.01716	0.01640	0.01660	0.01341	0.01189	0.01622	0.01450	0.02016	0.01865	0.03162	0.01846	0.03810	0.09620	0.50996	0.10978	0.00941	0.00471	0.00624
8	0.02827	0.63478	0.05540	0.01809	0.02714	0.04184	0.01809	0.03166	0.02148	0.02488	0.01470	0.01696	0.01357	0.00905	0.00678	0.00226	0.01131	0.00565	0.00452	0.01357
9	0.02950	0.01766	0.02117	0.01820	0.02382	0.01803	0.01433	0.04385	0.22881	0.20790	0.19698	0.05024	0.05064	0.01614	0.01123	0.00341	0.00755	0.01369	0.01175	0.01510
10	0.02098	0.01982	0.03353	0.51552	0.15243	0.02376	0.02987	0.02790	0.02162	0.02824	0.01897	0.02786	0.01453	0.01038	0.01055	0.00346	0.01385	0.00940	0.00479	0.01256
11	0.03878	0.02515	0.03074	0.02385	0.03199	0.02645	0.05620	0.27980	0.12359	0.20098	0.03255	0.03089	0.02247	0.01279	0.01077	0.00330	0.01083	0.01045	0.01091	0.01750

[dist]
# distance from previous block
# <min> <max>
7	10

[block]
# block no. 3 follows, 13 sequences, length 15
# corresponding to MSA columns:
# 300-314
name=unknown_D
#
# <colnr> <probs for GDERKNQSTAVLIFYWHMCP>
#	G	D	E	R	K	N	Q	S	T	A	V	L	I	F	Y	W	H	M	C	P
0	0.02313	0.05807	0.13200	0.02074	0.02802	0.05110	0.01949	0.09487	0.05454	0.03762	0.09115	0.13006	0.03837	0.01700	0.01088	0.00328	0.01033	0.06003	0.00808	0.11124
1	0.02729	0.02176	0.02394	0.02079	0.02688	0.02365	0.01653	0.17056	0.25807	0.04623	0.03878	0.10136	0.03345	0.01661	0.01107	0.00347	0.00908	0.05838	0.01007	0.08201
2	0.02919	0.02530	0.02840	0.02892	0.13284	0.10600	0.01918	0.08544	0.02791	0.08953	0.08213	0.03061	0.02624	0.01189	0.01143	0.00279	0.04932	0.00940	0.00757	0.19589
3	0.40001	0.03219	0.21177	0.02007	0.02995	0.02321	0.02152	0.03393	0.02071	0.09387	0.01886	0.02083	0.01358	0.01022	0.00817	0.00330	0.01087	0.00694	0.00646	0.01355
4	0.15836	0.02577	0.11952	0.02942	0.14483	0.02113	0.02193	0.06549	0.02447	0.12055	0.03043	0.03303	0.06117	0.01969	0.07497	0.00482	0.01283	0.00987	0.00735	0.01435
5	0.10364	0.03821	0.02628	0.02374	0.02920	0.35549	0.01804	0.08768	0.08781	0.03428	0.02409	0.07933	0.02131	0.01347	0.00985	0.00307	0.01477	0.00977	0.00708	0.01289
6	0.01731	0.01373	0.01840	0.01744	0.02073	0.01347	0.04651	0.07521	0.02499	0.03256	0.06193	0.26608	0.18677	0.03182	0.07175	0.00528	0.00996	0.06657	0.00916	0.01032
7	0.02861	0.02495	0.02272	0.02022	0.02417	0.16929	0.01581	0.07098	0.02630	0.08831	0.06999	0.03438	0.02715	0.02605	0.12037	0.00571	0.08236	0.01008	0.12044	0.01211
8	0.01787	0.01083	0.01427	0.01530	0.01737	0.01019	0.01143	0.02115	0.02326	0.08272	0.11159	0.35263	0.06318	0.02704	0.01268	0.00400	0.00680	0.10787	0.07984	0.00998
9	0.04374	0.01918	0.02480	0.01921	0.02697	0.01771	0.01579	0.12125	0.03319	0.45111	0.08051	0.03782	0.03082	0.01371	0.01077	0.00326	0.00908	0.01114	0.01259	0.01735
10	0.01837	0.00918	0.01377	0.01377	0.01377	0.00918	0.00918	0.01377	0.01377	0.01837	0.01837	0.03214	0.01837	0.03673	0.04132	0.69238	0.00918	0.00918	0.00459	0.00459
11	0.03792	0.02755	0.03124	0.02444	0.03145	0.03127	0.02023	0.40263	0.04242	0.10189	0.02481	0.02589	0.01798	0.01371	0.01465	0.00343	0.11224	0.00957	0.00978	0.01690
12	0.02192	0.01879	0.02192	0.01566	0.02506	0.01409	0.01253	0.02662	0.02192	0.03445	0.01879	0.02192	0.01566	0.00783	0.00783	0.00157	0.00783	0.00626	0.00626	0.69305
13	0.03021	0.37047	0.10613	0.02193	0.03076	0.07243	0.02135	0.13031	0.02736	0.03423	0.01735	0.01979	0.01445	0.01064	0.00996	0.00275	0.05266	0.00698	0.00578	0.01446
14	0.52617	0.06216	0.02051	0.01554	0.02259	0.02446	0.01302	0.06701	0.02198	0.11659	0.01902	0.02021	0.01399	0.01039	0.00737	0.00320	0.00873	0.00663	0.00755	0.01290

[dist]
# distance from previous block
# <min> <max>
0	1

[block]
# block no. 4 follows, 13 sequences, length 6
# corresponding to MSA columns:
# 316-321
name=unknown_E
#
# <colnr> <probs for GDERKNQSTAVLIFYWHMCP>
#	G	D	E	R	K	N	Q	S	T	A	V	L	I	F	Y	W	H	M	C	P
0	0.06060	0.02718	0.03062	0.10918	0.07984	0.14458	0.06550	0.08592	0.02647	0.03423	0.07375	0.03367	0.02557	0.07190	0.01735	0.00402	0.08010	0.01048	0.00657	0.01248
1	0.02045	0.01827	0.02580	0.02282	0.02649	0.02082	0.07314	0.03141	0.16148	0.03230	0.04021	0.11209	0.06857	0.02939	0.10968	0.00615	0.12058	0.06014	0.00795	0.01224
2	0.01482	0.01057	0.01308	0.01398	0.01623	0.00984	0.01067	0.01850	0.02437	0.03315	0.18314	0.22132	0.17662	0.02615	0.01264	0.00384	0.00630	0.11652	0.07892	0.00935
3	0.03761	0.01699	0.02187	0.01747	0.02401	0.01565	0.01416	0.09093	0.03149	0.36434	0.14694	0.04417	0.04077	0.01476	0.01074	0.00321	0.00809	0.01223	0.06894	0.01564
4	0.01598	0.01212	0.01488	0.01395	0.01694	0.01168	0.01053	0.02350	0.08634	0.04122	0.45490	0.07687	0.13808	0.02132	0.01228	0.00338	0.00540	0.01864	0.01136	0.01062
5	0.41048	0.02437	0.02068	0.01788	0.02457	0.07523	0.01439	0.09356	0.10940	0.08501	0.02265	0.02327	0.01685	0.01121	0.00825	0.00326	0.00964	0.00762	0.00806	0.01360

[dist]
# distance from previous block
# <min> <max>
2	5

[block]
# block no. 5 follows, 13 sequences, length 17
# corresponding to MSA columns:
# 327-343
name=unknown_F
#
# <colnr> <probs for GDERKNQSTAVLIFYWHMCP>
#	G	D	E	R	K	N	Q	S	T	A	V	L	I	F	Y	W	H	M	C	P
0	0.03054	0.41789	0.10354	0.02150	0.03057	0.13133	0.02089	0.08009	0.02565	0.02987	0.01643	0.01867	0.01397	0.00981	0.00795	0.00254	0.01311	0.00644	0.00524	0.01398
1	0.02399	0.02560	0.15083	0.02040	0.02761	0.01881	0.01953	0.07975	0.11614	0.09729	0.19931	0.09191	0.05013	0.01681	0.01132	0.00343	0.00921	0.01429	0.00970	0.01394
2	0.01406	0.01041	0.01312	0.01321	0.01544	0.00947	0.00962	0.01792	0.02667	0.03646	0.36441	0.21109	0.16867	0.02519	0.01272	0.00360	0.00532	0.02224	0.01091	0.00947
3	0.03317	0.02407	0.02825	0.02599	0.08470	0.02589	0.01889	0.26989	0.13459	0.10252	0.10586	0.03677	0.03302	0.01397	0.01088	0.00328	0.00992	0.01144	0.01043	0.01647
4	0.01436	0.01041	0.01124	0.01124	0.01250	0.00978	0.00698	0.01530	0.01845	0.02334	0.05930	0.08066	0.22148	0.41653	0.03926	0.00790	0.00853	0.01782	0.00761	0.00729
5	0.01342	0.01064	0.01207	0.01195	0.01491	0.00928	0.00887	0.01688	0.02594	0.03350	0.26763	0.13142	0.35526	0.02536	0.01256	0.00353	0.00528	0.02172	0.01048	0.00928
6	0.02827	0.63478	0.05540	0.01809	0.02714	0.04184	0.01809	0.03166	0.02148	0.02488	0.01470	0.01696	0.01357	0.00905	0.00678	0.00226	0.01131	0.00565	0.00452	0.01357
7	0.02461	0.01455	0.01760	0.01575	0.02014	0.01424	0.01216	0.03386	0.12897	0.15914	0.21864	0.10087	0.09611	0.01867	0.01133	0.00338	0.00667	0.01601	0.07441	0.01291
8	0.02168	0.01985	0.02960	0.44566	0.06056	0.02425	0.02595	0.03491	0.16245	0.03167	0.02535	0.03124	0.01901	0.01159	0.01062	0.00354	0.01254	0.01009	0.00634	0.01310
9	0.02480	0.02304	0.03524	0.17477	0.30705	0.02507	0.02750	0.03764	0.16393	0.03546	0.02590	0.03022	0.02035	0.01101	0.01057	0.00335	0.01177	0.01010	0.00661	0.01561
10	0.08494	0.01996	0.01979	0.02048	0.02349	0.11182	0.01695	0.02589	0.02381	0.03134	0.04265	0.12545	0.04566	0.02385	0.01430	0.00429	0.05266	0.29393	0.00836	0.01036
11	0.02760	0.02513	0.03631	0.22615	0.30238	0.08288	0.02863	0.03355	0.02435	0.08118	0.02120	0.02697	0.01646	0.01028	0.01042	0.00323	0.01340	0.00925	0.00582	0.01481
12	0.01919	0.01351	0.01867	0.02079	0.09500	0.01250	0.01340	0.02390	0.02817	0.08812	0.35840	0.07112	0.15591	0.01992	0.01202	0.00333	0.00651	0.01746	0.01056	0.01152
13	0.02006	0.01491	0.02223	0.01899	0.02340	0.01409	0.08461	0.02699	0.07490	0.09039	0.23138	0.15878	0.13384	0.02093	0.01230	0.00358	0.00780	0.01894	0.01023	0.01166
14	0.08885	0.02143	0.03082	0.11833	0.20967	0.02383	0.02310	0.10249	0.02434	0.03573	0.01920	0.02625	0.01606	0.01589	0.01807	0.12569	0.07227	0.00903	0.00591	0.01304
15	0.02652	0.03042	0.13446	0.03591	0.13075	0.02571	0.14357	0.11987	0.11332	0.04184	0.06693	0.03222	0.02524	0.01173	0.01109	0.00337	0.01292	0.01105	0.00743	0.01564
16	0.02207	0.01689	0.02783	0.06841	0.03061	0.01813	0.10551	0.02765	0.05711	0.07907	0.06636	0.03767	0.02751	0.03578	0.18349	0.10627	0.06006	0.01149	0.00680	0.01128

[dist]
# distance from previous block
# <min> <max>
6	23

[block]
# block no. 6 follows, 13 sequences, length 7
# corresponding to MSA columns:
# 367-373
name=unknown_G
#
# <colnr> <probs for GDERKNQSTAVLIFYWHMCP>
#	G	D	E	R	K	N	Q	S	T	A	V	L	I	F	Y	W	H	M	C	P
0	0.03507	0.04035	0.02878	0.09595	0.03575	0.39617	0.02024	0.09958	0.03011	0.03072	0.01929	0.02540	0.01642	0.06548	0.01369	0.00354	0.01674	0.00822	0.00609	0.01241
1	0.02585	0.09144	0.36681	0.02586	0.03802	0.02291	0.03053	0.03505	0.02388	0.12584	0.02710	0.03612	0.02144	0.01284	0.01043	0.00343	0.01339	0.06729	0.00661	0.01515
2	0.01489	0.01091	0.01409	0.01555	0.01759	0.01035	0.01220	0.01837	0.02346	0.03066	0.12747	0.22921	0.15164	0.06610	0.01615	0.00465	0.00755	0.21019	0.00980	0.00914
3	0.03096	0.06854	0.02673	0.16627	0.03682	0.01968	0.01853	0.03789	0.07140	0.24278	0.04261	0.04566	0.08974	0.01484	0.01077	0.00341	0.01002	0.03957	0.00945	0.01434
4	0.01709	0.00972	0.01332	0.01332	0.01349	0.00989	0.00862	0.01475	0.01459	0.01961	0.02417	0.04517	0.02569	0.23537	0.09355	0.40810	0.01122	0.01141	0.00528	0.00562
5	0.19745	0.20117	0.03168	0.01863	0.02572	0.03005	0.01593	0.13928	0.11025	0.04266	0.02526	0.07423	0.02181	0.01293	0.00874	0.00309	0.00968	0.00960	0.00777	0.01406
6	0.02350	0.02287	0.03197	0.16859	0.16190	0.06683	0.05846	0.02928	0.02383	0.03266	0.06652	0.02966	0.02282	0.01039	0.00997	0.00279	0.01180	0.00936	0.00600	0.21081

[dist]
# distance from previous block
# <min> <max>
0	2

[block]
# block no. 7 follows, 13 sequences, length 11
# corresponding to MSA columns:
# 376-386
name=unknown_H
#
# <colnr> <probs for GDERKNQSTAVLIFYWHMCP>
#	G	D	E	R	K	N	Q	S	T	A	V	L	I	F	Y	W	H	M	C	P
0	0.02937	0.28998	0.09158	0.02081	0.02939	0.03227	0.01959	0.07135	0.19211	0.08282	0.02728	0.02692	0.02096	0.01143	0.00895	0.00294	0.01060	0.00857	0.00765	0.01545
1	0.42343	0.02317	0.02484	0.01973	0.02741	0.02513	0.07082	0.13743	0.02593	0.04886	0.01812	0.02064	0.01375	0.01015	0.00819	0.00313	0.00997	0.00734	0.00725	0.07471
2	0.16796	0.07849	0.08588	0.03372	0.18658	0.02712	0.02326	0.14935	0.02899	0.09122	0.02154	0.02389	0.01621	0.01062	0.00936	0.00313	0.01134	0.00833	0.00731	0.01570
3	0.02300	0.02121	0.03261	0.08525	0.15453	0.02338	0.07749	0.05979	0.07776	0.03395	0.03472	0.08079	0.07038	0.01650	0.01559	0.00379	0.11286	0.05592	0.00708	0.01341
4	0.01419	0.00983	0.01216	0.01319	0.01375	0.00946	0.00837	0.01559	0.01924	0.02593	0.10340	0.32341	0.05974	0.28764	0.03071	0.00675	0.00777	0.02252	0.00855	0.00781
5	0.01728	0.01286	0.01628	0.01677	0.01886	0.01382	0.01244	0.02486	0.12484	0.02915	0.04264	0.21413	0.04439	0.09716	0.14369	0.06514	0.01249	0.07485	0.00833	0.01001
6	0.01528	0.01178	0.01712	0.01695	0.01948	0.01107	0.04474	0.01940	0.02507	0.03389	0.23035	0.24753	0.10903	0.02627	0.01325	0.00399	0.00725	0.12770	0.01014	0.00971
7	0.10507	0.01722	0.02052	0.01728	0.02348	0.01688	0.01378	0.04336	0.11550	0.30775	0.03988	0.09208	0.03007	0.01482	0.01012	0.00333	0.00803	0.01215	0.09349	0.01519
8	0.02290	0.01865	0.02010	0.01893	0.02346	0.02101	0.01437	0.04452	0.38348	0.04024	0.04523	0.15719	0.03936	0.01793	0.01096	0.00361	0.00756	0.01540	0.08072	0.01437
9	0.37569	0.22166	0.03114	0.01696	0.02463	0.03109	0.01502	0.11211	0.02430	0.04323	0.01645	0.01844	0.01320	0.01003	0.00728	0.00293	0.00976	0.00632	0.00654	0.01320
10	0.02985	0.24662	0.07351	0.02349	0.03171	0.07011	0.07514	0.11802	0.07135	0.06687	0.02542	0.07677	0.02188	0.01265	0.00960	0.00301	0.01206	0.01026	0.00718	0.01450

[dist]
# distance from previous block
# <min> <max>
0	3

[block]
# block no. 8 follows, 13 sequences, length 12
# corresponding to MSA columns:
# 390-401
name=unknown_I
#
# <colnr> <probs for GDERKNQSTAVLIFYWHMCP>
#	G	D	E	R	K	N	Q	S	T	A	V	L	I	F	Y	W	H	M	C	P
0	0.08919	0.12871	0.07217	0.03343	0.16537	0.02944	0.04767	0.12624	0.12983	0.04168	0.02412	0.02617	0.01877	0.01097	0.00965	0.00313	0.01143	0.00903	0.00724	0.01577
1	0.01502	0.01082	0.01433	0.01432	0.01660	0.01013	0.01095	0.01964	0.02807	0.03918	0.43132	0.14492	0.09100	0.02396	0.01288	0.00365	0.00578	0.08646	0.01117	0.00979
2	0.02187	0.08489	0.37446	0.14281	0.05082	0.02579	0.09023	0.03214	0.02233	0.03167	0.01891	0.02379	0.01384	0.00995	0.01020	0.00333	0.01528	0.00850	0.00461	0.01457
3	0.02080	0.01372	0.01846	0.02078	0.09358	0.01274	0.01372	0.02530	0.02641	0.10385	0.20709	0.07061	0.17473	0.01967	0.01158	0.00339	0.00706	0.05859	0.08625	0.01166
4	0.02377	0.01894	0.02025	0.01857	0.02144	0.08024	0.01397	0.08020	0.02526	0.07761	0.10082	0.17330	0.04339	0.11107	0.07158	0.00579	0.07813	0.01608	0.00849	0.01112
5	0.02838	0.02363	0.05522	0.09837	0.08169	0.02272	0.02018	0.17385	0.07154	0.07750	0.08455	0.03274	0.02749	0.01220	0.01023	0.00296	0.01033	0.01011	0.00849	0.14781
6	0.01496	0.00976	0.01251	0.01328	0.01381	0.00944	0.00855	0.01545	0.01867	0.02521	0.10615	0.25944	0.05388	0.23737	0.03211	0.12622	0.00794	0.01997	0.00796	0.00732
7	0.02489	0.17744	0.03346	0.09331	0.03260	0.07246	0.01792	0.02913	0.02175	0.02937	0.01701	0.02136	0.01456	0.00993	0.01104	0.00243	0.07727	0.00689	0.00537	0.30181
8	0.02706	0.25935	0.14418	0.02991	0.13559	0.03075	0.02439	0.08732	0.02538	0.03431	0.01825	0.02135	0.01492	0.00956	0.00868	0.00265	0.01196	0.00731	0.00555	0.10152
9	0.02274	0.09583	0.02514	0.01959	0.02356	0.02218	0.01594	0.09132	0.12333	0.03536	0.03967	0.16565	0.04018	0.06042	0.01650	0.00430	0.06281	0.11447	0.00871	0.01230
10	0.07071	0.14320	0.08158	0.11531	0.12820	0.02632	0.02201	0.03383	0.12045	0.03238	0.02439	0.03171	0.02078	0.08929	0.01502	0.00404	0.01142	0.00952	0.00624	0.01359
11	0.12485	0.02133	0.03069	0.10299	0.20175	0.02248	0.02264	0.03514	0.02337	0.16606	0.02366	0.02695	0.01762	0.01143	0.01252	0.00330	0.07799	0.00897	0.00728	0.05899

[dist]
# distance from previous block
# <min> <max>
0	4

[block]
# block no. 9 follows, 13 sequences, length 21
# corresponding to MSA columns:
# 406-426
name=unknown_J
#
# <colnr> <probs for GDERKNQSTAVLIFYWHMCP>
#	G	D	E	R	K	N	Q	S	T	A	V	L	I	F	Y	W	H	M	C	P
0	0.07844	0.01815	0.07526	0.01860	0.02393	0.01437	0.05475	0.02574	0.02429	0.10433	0.12443	0.18320	0.13490	0.02125	0.01187	0.00370	0.00855	0.05336	0.00933	0.01157
1	0.08215	0.01945	0.02676	0.12648	0.03391	0.02238	0.05248	0.12892	0.02462	0.03526	0.02217	0.07123	0.01999	0.01994	0.02136	0.16958	0.09482	0.01079	0.00648	0.01122
2	0.03348	0.02535	0.06821	0.12018	0.03787	0.02518	0.02121	0.18301	0.16307	0.16272	0.03185	0.03151	0.02240	0.01264	0.01059	0.00337	0.01094	0.01023	0.00973	0.01645
3	0.01506	0.01165	0.01548	0.01670	0.01770	0.01236	0.01239	0.01741	0.02035	0.02724	0.05367	0.38281	0.09121	0.07417	0.01927	0.00483	0.08287	0.10691	0.00890	0.00903
4	0.02774	0.02594	0.03405	0.03992	0.23971	0.11523	0.06521	0.03232	0.02448	0.07772	0.06229	0.03515	0.02566	0.08932	0.01770	0.00412	0.05233	0.01081	0.00654	0.01375
5	0.36838	0.02115	0.02133	0.01733	0.02475	0.02246	0.01430	0.12150	0.02751	0.22848	0.02570	0.02496	0.01756	0.01141	0.00861	0.00326	0.00904	0.00803	0.00945	0.01478
6	0.02313	0.02313	0.03238	0.02776	0.02776	0.03238	0.02313	0.02545	0.01619	0.02545	0.01388	0.02313	0.01388	0.01851	0.03470	0.00463	0.60907	0.00925	0.00463	0.01157
7	0.02920	0.02318	0.02267	0.02003	0.02576	0.09177	0.01558	0.04650	0.29641	0.12882	0.09685	0.04559	0.08042	0.01549	0.01090	0.00340	0.00922	0.01269	0.01049	0.01504
8	0.22844	0.02309	0.02770	0.02174	0.02915	0.02469	0.05937	0.17043	0.03054	0.20049	0.02588	0.02621	0.01802	0.01209	0.01136	0.00337	0.05382	0.00899	0.00928	0.01534
9	0.25619	0.02370	0.06988	0.07885	0.03105	0.02431	0.01877	0.03492	0.10233	0.07462	0.02198	0.02490	0.01691	0.01215	0.01303	0.00345	0.11055	0.00823	0.00695	0.06723
10	0.01979	0.01343	0.01484	0.01396	0.01732	0.01406	0.01062	0.03106	0.15673	0.04163	0.21098	0.05263	0.05266	0.01593	0.00994	0.00304	0.00582	0.01348	0.29044	0.01164
11	0.02046	0.01587	0.01946	0.01851	0.02190	0.01783	0.01435	0.07937	0.15433	0.03428	0.03683	0.09670	0.03430	0.08572	0.25205	0.00970	0.01699	0.05127	0.00818	0.01189
12	0.03019	0.01676	0.01876	0.01595	0.02119	0.01725	0.01266	0.11218	0.11099	0.16521	0.03611	0.03651	0.02632	0.01287	0.00915	0.00293	0.00742	0.01031	0.32319	0.01404
13	0.01358	0.01036	0.01262	0.01391	0.01605	0.00940	0.01034	0.01646	0.02308	0.02954	0.11533	0.30764	0.24924	0.02926	0.01323	0.00405	0.00634	0.10065	0.00995	0.00901
14	0.10877	0.06711	0.06204	0.01924	0.02762	0.01984	0.01697	0.04718	0.07143	0.39633	0.03558	0.03206	0.02342	0.01236	0.00990	0.00323	0.00947	0.00969	0.01102	0.01674
15	0.01443	0.01029	0.01320	0.01408	0.01516	0.01024	0.00971	0.01651	0.01941	0.02612	0.08552	0.24835	0.08378	0.22354	0.12230	0.00819	0.01124	0.05146	0.00819	0.00826
16	0.03027	0.53297	0.05142	0.01914	0.02809	0.04031	0.01843	0.11503	0.02623	0.03190	0.01650	0.01838	0.01431	0.00966	0.00742	0.00241	0.01136	0.00630	0.00554	0.01431
17	0.02370	0.02072	0.02835	0.15880	0.12235	0.01959	0.02020	0.07016	0.02445	0.03550	0.01953	0.02433	0.01567	0.00912	0.00911	0.00240	0.01034	0.00776	0.00611	0.37179
18	0.09516	0.12839	0.07502	0.07354	0.03593	0.02806	0.09405	0.11384	0.12620	0.03980	0.02674	0.07082	0.02225	0.01270	0.01003	0.00329	0.01161	0.01079	0.00741	0.01439
19	0.20618	0.07972	0.07083	0.02353	0.02979	0.11325	0.09205	0.03055	0.02103	0.03266	0.01891	0.02661	0.01660	0.07004	0.06234	0.00501	0.07471	0.00869	0.00559	0.01189
20	0.07486	0.02212	0.03435	0.21911	0.28317	0.02400	0.02727	0.03434	0.07564	0.06950	0.02296	0.02813	0.01774	0.01054	0.01025	0.00332	0.01205	0.00948	0.00624	0.01491

[dist]
# distance from previous block
# <min> <max>
0	2

[block]
# block no. 10 follows, 13 sequences, length 17
# corresponding to MSA columns:
# 429-445
name=unknown_K
#
# <colnr> <probs for GDERKNQSTAVLIFYWHMCP>
#	G	D	E	R	K	N	Q	S	T	A	V	L	I	F	Y	W	H	M	C	P
0	0.01842	0.01579	0.02286	0.07044	0.06278	0.01910	0.01720	0.02116	0.01802	0.02541	0.03074	0.07461	0.06687	0.08889	0.18349	0.05422	0.18146	0.01263	0.00583	0.01007
1	0.01465	0.01095	0.01394	0.01499	0.01580	0.01123	0.01044	0.01637	0.01934	0.02572	0.05230	0.34603	0.09829	0.18431	0.02556	0.00584	0.05531	0.06205	0.00852	0.00839
2	0.04744	0.01799	0.02454	0.01881	0.02699	0.01554	0.01554	0.05153	0.03026	0.56979	0.04171	0.03599	0.02617	0.01309	0.01063	0.00327	0.00900	0.01063	0.01309	0.01799
3	0.02544	0.01990	0.02208	0.01956	0.02490	0.02160	0.01573	0.16739	0.20030	0.04632	0.12213	0.06041	0.10106	0.01859	0.01173	0.00363	0.00862	0.08587	0.01058	0.01416
4	0.64017	0.01947	0.01502	0.01353	0.01970	0.02244	0.01108	0.03049	0.01838	0.04670	0.01654	0.01922	0.01289	0.01005	0.00662	0.00320	0.00788	0.00611	0.06922	0.01130
5	0.48094	0.02178	0.01991	0.01658	0.02373	0.02417	0.01367	0.12635	0.02574	0.12987	0.02078	0.02154	0.01489	0.01084	0.00791	0.00325	0.00894	0.00717	0.00828	0.01365
6	0.09189	0.01877	0.02323	0.01914	0.02597	0.01850	0.01572	0.09669	0.07348	0.33360	0.03783	0.04101	0.02751	0.02032	0.06367	0.00468	0.01101	0.04998	0.01113	0.01589
7	0.02827	0.63478	0.05540	0.01809	0.02714	0.04184	0.01809	0.03166	0.02148	0.02488	0.01470	0.01696	0.01357	0.00905	0.00678	0.00226	0.01131	0.00565	0.00452	0.01357
8	0.04339	0.02001	0.02524	0.01984	0.02771	0.01911	0.01623	0.10514	0.11114	0.43321	0.04010	0.03534	0.02620	0.01324	0.01065	0.00331	0.00919	0.01071	0.01245	0.01780
9	0.01328	0.00992	0.01235	0.01348	0.01520	0.00899	0.00945	0.01605	0.02339	0.03097	0.18643	0.37598	0.18795	0.02898	0.01303	0.00390	0.00569	0.02573	0.01024	0.00899
10	0.02171	0.01374	0.01700	0.01521	0.01923	0.01323	0.01173	0.03009	0.10623	0.12686	0.36076	0.06794	0.11451	0.01956	0.01192	0.00338	0.00617	0.01693	0.01160	0.01220
11	0.03635	0.02508	0.02713	0.02144	0.02874	0.02738	0.01751	0.37101	0.08950	0.09887	0.02964	0.02963	0.02131	0.01282	0.01011	0.00311	0.01011	0.00988	0.11375	0.01663
12	0.01320	0.01007	0.01219	0.01351	0.01546	0.00907	0.00970	0.01579	0.02265	0.02906	0.11369	0.35840	0.24636	0.02970	0.01314	0.00400	0.00602	0.05913	0.00995	0.00890
13	0.01837	0.00918	0.01377	0.01377	0.01377	0.00918	0.00918	0.01377	0.01377	0.01837	0.01837	0.03214	0.01837	0.03673	0.04132	0.69238	0.00918	0.00918	0.00459	0.00459
14	0.02997	0.45018	0.11779	0.02073	0.03017	0.09821	0.02090	0.03449	0.02316	0.06511	0.01737	0.01925	0.01445	0.00967	0.00779	0.00253	0.01257	0.00642	0.00523	0.01401
15	0.02178	0.01580	0.01826	0.01762	0.02144	0.01649	0.01332	0.07085	0.17812	0.07616	0.05523	0.27192	0.10521	0.02354	0.01220	0.00387	0.00757	0.04768	0.01039	0.01254
16	0.02387	0.04110	0.35006	0.07255	0.04542	0.02292	0.10732	0.03374	0.02323	0.07614	0.02113	0.02475	0.01513	0.00991	0.01026	0.00319	0.01445	0.00869	0.00551	0.09065

[dist]
# distance from previous block
# <min> <max>
0	1

[block]
# block no. 11 follows, 13 sequences, length 34
# corresponding to MSA columns:
# 447-480
name=unknown_L
#
# <colnr> <probs for GDERKNQSTAVLIFYWHMCP>
#	G	D	E	R	K	N	Q	S	T	A	V	L	I	F	Y	W	H	M	C	P
0	0.07040	0.11791	0.26900	0.02496	0.03613	0.02883	0.02706	0.14500	0.10611	0.04214	0.02316	0.02454	0.01713	0.01113	0.00962	0.00320	0.01262	0.00839	0.00689	0.01578
1	0.07266	0.01605	0.01799	0.01698	0.02040	0.05209	0.01306	0.05480	0.02453	0.09407	0.12731	0.13294	0.04614	0.06919	0.15276	0.00721	0.01344	0.04850	0.00881	0.01107
2	0.02167	0.01636	0.01822	0.01679	0.02148	0.01681	0.01330	0.07316	0.17656	0.07022	0.11984	0.07328	0.22029	0.02096	0.01198	0.00366	0.00746	0.07476	0.01053	0.01268
3	0.02284	0.01077	0.01151	0.01086	0.01397	0.01050	0.00831	0.02767	0.02309	0.09923	0.03531	0.03903	0.02700	0.01240	0.00776	0.00255	0.00539	0.00994	0.61110	0.01077
4	0.01749	0.01484	0.02170	0.01955	0.02318	0.01501	0.07848	0.02619	0.11717	0.03349	0.13683	0.22909	0.09646	0.02986	0.08464	0.00544	0.01059	0.01960	0.00920	0.01118
5	0.09706	0.09626	0.03289	0.29804	0.04938	0.02409	0.05945	0.03046	0.02173	0.09039	0.02161	0.02790	0.01654	0.01763	0.06990	0.00472	0.01430	0.00910	0.00597	0.01259
6	0.02630	0.02271	0.02391	0.02152	0.02749	0.02630	0.01674	0.05618	0.54336	0.04423	0.04303	0.03945	0.03228	0.01434	0.01076	0.00359	0.00837	0.01195	0.01076	0.01674
7	0.01528	0.01075	0.01375	0.01333	0.01541	0.01059	0.00977	0.01916	0.02421	0.03451	0.30231	0.06827	0.10073	0.11954	0.13329	0.00701	0.01045	0.01646	0.06590	0.00928
8	0.02556	0.01694	0.01979	0.01667	0.02248	0.01643	0.01316	0.06864	0.12550	0.12829	0.10867	0.04811	0.10370	0.02011	0.05310	0.00404	0.00903	0.01264	0.05656	0.13056
9	0.06340	0.06564	0.03233	0.30795	0.05084	0.02404	0.06442	0.08511	0.02551	0.07314	0.03035	0.03489	0.07360	0.01243	0.01043	0.00337	0.01227	0.01065	0.00667	0.01293
10	0.01893	0.01468	0.01828	0.01776	0.02129	0.01458	0.01423	0.07289	0.02504	0.03374	0.05129	0.21799	0.10553	0.02457	0.01399	0.00392	0.04633	0.17041	0.00905	0.10551
11	0.09701	0.43397	0.17338	0.02049	0.03083	0.03587	0.02234	0.03203	0.02132	0.02926	0.01571	0.01825	0.01331	0.00936	0.00753	0.00262	0.01200	0.00617	0.00472	0.01383
12	0.15044	0.01864	0.02917	0.02719	0.08360	0.01970	0.12365	0.02758	0.05269	0.03245	0.02313	0.03127	0.01977	0.03459	0.19232	0.08922	0.01707	0.01009	0.00592	0.01150
13	0.02918	0.02314	0.06979	0.01866	0.02822	0.01784	0.01636	0.10158	0.02739	0.13890	0.02401	0.02507	0.01776	0.00967	0.00892	0.00226	0.00923	0.00766	0.00799	0.41636
14	0.01408	0.01077	0.01291	0.01238	0.01526	0.00960	0.00928	0.01825	0.02785	0.03746	0.39642	0.08710	0.26331	0.02346	0.01248	0.00341	0.00512	0.02026	0.01099	0.00960
15	0.02013	0.01721	0.02870	0.42864	0.10068	0.02048	0.02519	0.02456	0.01977	0.02574	0.01879	0.02889	0.01525	0.01622	0.01732	0.15487	0.01289	0.00935	0.00472	0.01059
16	0.07964	0.15511	0.02920	0.01849	0.02515	0.02603	0.01551	0.10043	0.17118	0.10971	0.08534	0.03480	0.03073	0.01309	0.00947	0.00307	0.00888	0.01023	0.05919	0.01475
17	0.01405	0.01008	0.01338	0.01445	0.01598	0.00942	0.01038	0.01742	0.02461	0.03380	0.26821	0.35832	0.08187	0.02801	0.01314	0.00393	0.00590	0.05722	0.01058	0.00925
18	0.13560	0.02443	0.02770	0.08190	0.03382	0.02645	0.01874	0.29132	0.03757	0.17819	0.02700	0.02699	0.01856	0.01215	0.01001	0.00325	0.01077	0.00922	0.00997	0.01639
19	0.01447	0.01053	0.01197	0.01197	0.01329	0.01022	0.00776	0.01576	0.01822	0.02345	0.05506	0.07559	0.19449	0.37700	0.10825	0.00907	0.01104	0.01697	0.00735	0.00755
20	0.04019	0.02962	0.03173	0.02433	0.03279	0.03279	0.02010	0.52721	0.04971	0.06663	0.02538	0.02538	0.01798	0.01269	0.01058	0.00317	0.01163	0.00952	0.01058	0.01798
21	0.02505	0.02085	0.02886	0.02808	0.08291	0.02599	0.02106	0.06185	0.02170	0.06378	0.02368	0.03624	0.02159	0.01723	0.02384	0.00407	0.33782	0.05973	0.08310	0.01256
22	0.17088	0.50496	0.04698	0.01721	0.02572	0.03801	0.01669	0.03154	0.02075	0.02964	0.01470	0.01701	0.01312	0.00921	0.00673	0.00247	0.01065	0.00567	0.00495	0.01312
23	0.43181	0.02339	0.02167	0.01779	0.02510	0.02622	0.01467	0.20100	0.02963	0.09074	0.02024	0.02129	0.01470	0.01102	0.00820	0.00324	0.00941	0.00736	0.00837	0.01413
24	0.03094	0.09122	0.04068	0.14260	0.04496	0.10182	0.15427	0.09263	0.05875	0.10341	0.02384	0.02723	0.01755	0.01080	0.01056	0.00323	0.01419	0.00980	0.00705	0.01447
25	0.01615	0.01169	0.01729	0.08171	0.02302	0.01332	0.01333	0.01850	0.01674	0.02328	0.02670	0.04337	0.02593	0.15781	0.35619	0.10842	0.02102	0.01149	0.00553	0.00852
26	0.01324	0.00987	0.01242	0.01431	0.01580	0.00905	0.01018	0.01559	0.02157	0.02785	0.06926	0.44822	0.18128	0.03125	0.01338	0.00419	0.00634	0.07762	0.00981	0.00879
27	0.04691	0.01885	0.02507	0.01922	0.02742	0.01681	0.01588	0.08651	0.03169	0.53278	0.04051	0.03521	0.02557	0.01306	0.01063	0.00326	0.00919	0.01055	0.01290	0.01799
28	0.02246	0.01616	0.01961	0.01764	0.02191	0.01742	0.01393	0.11671	0.08020	0.07139	0.04633	0.05033	0.13428	0.04524	0.26582	0.00942	0.01722	0.01327	0.00843	0.01222
29	0.10848	0.01789	0.02185	0.01747	0.02429	0.01704	0.01423	0.09388	0.03045	0.34870	0.11031	0.03928	0.03435	0.01387	0.01023	0.00321	0.00833	0.01116	0.05939	0.01559
30	0.18026	0.02753	0.03173	0.02438	0.03268	0.03017	0.07508	0.36546	0.04014	0.05883	0.02265	0.02398	0.01637	0.01165	0.00993	0.00324	0.01159	0.00904	0.00912	0.01616
31	0.02196	0.11675	0.51819	0.02885	0.04377	0.02640	0.03682	0.03329	0.02223	0.03256	0.01852	0.02175	0.01341	0.00994	0.00970	0.00323	0.01516	0.00758	0.00447	0.01541
32	0.02734	0.26810	0.14543	0.03185	0.09745	0.03267	0.13189	0.08556	0.02569	0.03389	0.01862	0.02233	0.01490	0.00963	0.00941	0.00293	0.01365	0.00834	0.00542	0.01491
33	0.19389	0.10712	0.02370	0.01729	0.02199	0.02111	0.01429	0.02688	0.02077	0.07269	0.03185	0.17212	0.03276	0.01838	0.01247	0.00356	0.07107	0.06851	0.00764	0.06190

[dist]
# distance from previous block
# <min> <max>
0	11

[block]
# block no. 12 follows, 13 sequences, length 8
# corresponding to MSA columns:
# 492-499
name=unknown_M
#
# <colnr> <probs for GDERKNQSTAVLIFYWHMCP>
#	G	D	E	R	K	N	Q	S	T	A	V	L	I	F	Y	W	H	M	C	P
0	0.02204	0.01518	0.01944	0.01981	0.06485	0.01471	0.01354	0.02890	0.08996	0.09286	0.13836	0.06111	0.04683	0.17379	0.02225	0.00512	0.00872	0.07095	0.00902	0.08254
1	0.01333	0.01039	0.01210	0.01242	0.01498	0.00916	0.00903	0.01650	0.02495	0.03234	0.23058	0.21564	0.30738	0.02670	0.01272	0.00366	0.00543	0.02316	0.01036	0.00916
2	0.09621	0.43122	0.10389	0.01842	0.02715	0.03419	0.01875	0.03039	0.02223	0.03029	0.08040	0.02504	0.02370	0.01075	0.00781	0.00262	0.01070	0.00752	0.00558	0.01314
3	0.01385	0.01076	0.01259	0.01213	0.01511	0.00950	0.00910	0.01779	0.02729	0.03615	0.35362	0.08927	0.30693	0.02395	0.01248	0.00344	0.00515	0.02056	0.01082	0.00950
4	0.02483	0.02305	0.15130	0.01837	0.02541	0.01484	0.01810	0.03135	0.02742	0.16820	0.25118	0.05102	0.05398	0.01585	0.01095	0.00323	0.00852	0.01343	0.07570	0.01328
5	0.08415	0.18966	0.08066	0.02247	0.03081	0.16016	0.02007	0.15316	0.03097	0.10283	0.02120	0.02218	0.01597	0.01096	0.00903	0.00287	0.01304	0.00762	0.00733	0.01485
6	0.01835	0.01402	0.01704	0.01607	0.01961	0.01375	0.01222	0.05614	0.09346	0.03902	0.25241	0.19361	0.06799	0.02202	0.01208	0.00352	0.00674	0.05440	0.01037	0.07718
7	0.02486	0.02482	0.10123	0.09616	0.10553	0.02040	0.14285	0.03191	0.02486	0.09843	0.07757	0.04013	0.02863	0.01261	0.01119	0.00332	0.01247	0.05100	0.00716	0.08485

[dist]
# distance from previous block
# <min> <max>
0	1

[block]
# block no. 13 follows, 13 sequences, length 13
# corresponding to MSA columns:
# 501-513
name=unknown_N
#
# <colnr> <probs for GDERKNQSTAVLIFYWHMCP>
#	G	D	E	R	K	N	Q	S	T	A	V	L	I	F	Y	W	H	M	C	P
0	0.02957	0.02876	0.09654	0.02341	0.03133	0.02791	0.02054	0.18621	0.33729	0.04918	0.03497	0.03329	0.02582	0.01333	0.01062	0.00344	0.01022	0.01074	0.00990	0.01694
1	0.56155	0.02142	0.02126	0.02457	0.13379	0.02401	0.01584	0.03137	0.01927	0.04474	0.01580	0.01906	0.01256	0.00973	0.00736	0.00324	0.00910	0.00650	0.00627	0.01256
2	0.02707	0.10609	0.17127	0.21673	0.04954	0.02595	0.06758	0.07243	0.02528	0.10641	0.02220	0.02620	0.01597	0.01063	0.01013	0.00326	0.01354	0.00896	0.00628	0.01449
3	0.02279	0.01810	0.02022	0.02208	0.08870	0.06394	0.01450	0.09476	0.02813	0.03959	0.13990	0.15767	0.04651	0.01789	0.01065	0.00321	0.00830	0.01538	0.17582	0.01186
4	0.02312	0.01675	0.06484	0.01637	0.02173	0.01267	0.01402	0.02758	0.02425	0.14375	0.08041	0.18104	0.09130	0.01969	0.01110	0.00335	0.00776	0.05355	0.08752	0.09918
5	0.24192	0.02321	0.08420	0.01895	0.02582	0.02116	0.01691	0.06417	0.07211	0.16890	0.02547	0.02712	0.01859	0.01511	0.01445	0.09165	0.03998	0.00858	0.00817	0.01352
6	0.02481	0.02230	0.03372	0.11391	0.13772	0.02315	0.09411	0.08101	0.12535	0.03788	0.02939	0.04069	0.02489	0.01311	0.01106	0.00338	0.01174	0.07172	0.00743	0.09263
7	0.01447	0.01176	0.01639	0.01542	0.01816	0.01070	0.05283	0.01768	0.02346	0.03076	0.17502	0.24174	0.21964	0.08269	0.01668	0.00436	0.00703	0.02243	0.00951	0.00927
8	0.02720	0.02365	0.02579	0.02573	0.10193	0.08004	0.01731	0.14646	0.08771	0.04185	0.11378	0.03987	0.03454	0.08384	0.01540	0.00380	0.01044	0.01134	0.00844	0.10089
9	0.02068	0.01474	0.01750	0.01722	0.02053	0.01537	0.01268	0.03261	0.20008	0.08174	0.10896	0.31044	0.05676	0.02368	0.01220	0.00385	0.00701	0.02096	0.01063	0.01233
10	0.06302	0.02663	0.07461	0.26514	0.13859	0.06965	0.02662	0.09608	0.02673	0.08195	0.02142	0.02640	0.01586	0.01081	0.01023	0.00330	0.01329	0.00900	0.00641	0.01426
11	0.03528	0.02304	0.06261	0.02623	0.09663	0.02112	0.01966	0.13840	0.07576	0.24754	0.07400	0.03574	0.02883	0.01708	0.04518	0.00409	0.01120	0.01089	0.01027	0.01643
12	0.03179	0.02001	0.02423	0.01914	0.02588	0.01997	0.01558	0.15223	0.02971	0.17246	0.02795	0.02985	0.02076	0.01901	0.07180	0.00431	0.05933	0.00920	0.06685	0.17994

[dist]
# distance from previous block
# <min> <max>
0	4

[block]
# block no. 14 follows, 13 sequences, length 9
# corresponding to MSA columns:
# 518-526
name=unknown_O
#
# <colnr> <probs for GDERKNQSTAVLIFYWHMCP>
#	G	D	E	R	K	N	Q	S	T	A	V	L	I	F	Y	W	H	M	C	P
