[name]
unknown

[dist]
# distance from previous block
# <min> <max>
0	84

[block]
# block no. 0 follows, 11 sequences, length 22
# corresponding to MSA columns:
# 84-105
name=unknown_A
#
# <colnr> <probs for GDERKNQSTAVLIFYWHMCP>
#	G	D	E	R	K	N	Q	S	T	A	V	L	I	F	Y	W	H	M	C	P
0	0.01571	0.01134	0.01485	0.01431	0.01677	0.01048	0.01060	0.02070	0.03086	0.04354	0.48289	0.13404	0.10311	0.02420	0.01338	0.00364	0.00543	0.02149	0.01220	0.01048
1	0.01565	0.01144	0.01488	0.01542	0.01778	0.01066	0.01180	0.02004	0.02812	0.03832	0.30807	0.19419	0.13455	0.02746	0.01392	0.00408	0.00654	0.10549	0.01144	0.01017
2	0.01593	0.01150	0.01504	0.01416	0.01681	0.01062	0.01062	0.02124	0.03186	0.04513	0.52830	0.08407	0.10620	0.02301	0.01327	0.00354	0.00531	0.02035	0.01239	0.01062
3	0.01371	0.00979	0.01306	0.01567	0.01632	0.00914	0.01045	0.01567	0.02155	0.02873	0.06203	0.59710	0.07444	0.03526	0.01437	0.00457	0.00653	0.03200	0.01045	0.00914
4	0.68395	0.02177	0.01654	0.01480	0.02177	0.02525	0.01219	0.03309	0.01915	0.05050	0.01567	0.01828	0.01219	0.01045	0.00697	0.00348	0.00871	0.00609	0.00697	0.01219
5	0.03009	0.61122	0.05898	0.01926	0.02889	0.04454	0.01926	0.03370	0.02287	0.02648	0.01565	0.01805	0.01444	0.00963	0.00722	0.00241	0.01204	0.00602	0.00481	0.01444
6	0.01629	0.01102	0.01280	0.01263	0.01313	0.01086	0.00754	0.01729	0.01929	0.02621	0.12830	0.07562	0.05322	0.49492	0.04900	0.00952	0.00986	0.01712	0.00787	0.00754
7	0.68395	0.02177	0.01654	0.01480	0.02177	0.02525	0.01219	0.03309	0.01915	0.05050	0.01567	0.01828	0.01219	0.01045	0.00697	0.00348	0.00871	0.00609	0.00697	0.01219
8	0.02190	0.02089	0.03390	0.47251	0.06834	0.02682	0.02999	0.02844	0.02150	0.02844	0.01900	0.02898	0.01496	0.01287	0.01617	0.00398	0.12391	0.00997	0.00499	0.01247
9	0.04279	0.03153	0.03378	0.02590	0.03490	0.03490	0.02139	0.49671	0.05292	0.07093	0.02702	0.02702	0.01914	0.01351	0.01126	0.00338	0.01239	0.01013	0.01126	0.01914
10	0.02334	0.02001	0.02334	0.01667	0.02667	0.01500	0.01334	0.02834	0.02334	0.03668	0.02001	0.02334	0.01667	0.00834	0.00834	0.00167	0.00834	0.00667	0.00667	0.67325
11	0.02126	0.02001	0.03376	0.57739	0.07752	0.02501	0.03126	0.02876	0.02251	0.02876	0.02001	0.03001	0.01500	0.01125	0.01125	0.00375	0.01500	0.01000	0.00500	0.01250
12	0.01814	0.01296	0.01814	0.02073	0.02332	0.01296	0.01814	0.02332	0.02591	0.03368	0.05959	0.12696	0.06478	0.03109	0.01555	0.00518	0.01036	0.45848	0.01036	0.01036
13	0.02657	0.03036	0.06641	0.04744	0.05882	0.02846	0.49336	0.03605	0.02657	0.03605	0.02277	0.03036	0.01708	0.00949	0.01328	0.00380	0.01898	0.01328	0.00569	0.01518
14	0.02109	0.02008	0.02075	0.02019	0.02293	0.11927	0.01555	0.02489	0.02075	0.02640	0.02769	0.03960	0.02551	0.07036	0.45377	0.01516	0.02825	0.01113	0.00599	0.01063
15	0.02462	0.02462	0.03447	0.02955	0.02955	0.03447	0.02462	0.02709	0.01724	0.02709	0.01477	0.02462	0.01477	0.01970	0.03694	0.00492	0.58385	0.00985	0.00492	0.01231
16	0.04429	0.02054	0.02594	0.02082	0.02888	0.01970	0.01689	0.05622	0.16509	0.40550	0.04479	0.03933	0.02965	0.01430	0.01136	0.00358	0.00939	0.01171	0.01325	0.01879
17	0.02381	0.02069	0.06693	0.01992	0.02461	0.01847	0.01641	0.16010	0.03147	0.04269	0.09098	0.27894	0.05129	0.02575	0.01551	0.06028	0.00931	0.02039	0.00991	0.01255
18	0.04279	0.03153	0.03378	0.02590	0.03490	0.03490	0.02139	0.49671	0.05292	0.07093	0.02702	0.02702	0.01914	0.01351	0.01126	0.00338	0.01239	0.01013	0.01126	0.01914
19	0.01371	0.00979	0.01306	0.01567	0.01632	0.00914	0.01045	0.01567	0.02155	0.02873	0.06203	0.59710	0.07444	0.03526	0.01437	0.00457	0.00653	0.03200	0.01045	0.00914
20	0.03887	0.01993	0.02389	0.01938	0.02616	0.01967	0.01559	0.16715	0.03516	0.26286	0.04005	0.09578	0.03063	0.01595	0.01098	0.00341	0.00921	0.01305	0.13583	0.01645
21	0.03067	0.12777	0.04519	0.14638	0.14051	0.17888	0.10711	0.03644	0.02649	0.03082	0.01927	0.02501	0.01566	0.01055	0.01062	0.00323	0.01639	0.00916	0.00542	0.01443

[dist]
# distance from previous block
# <min> <max>
1	2

[block]
# block no. 1 follows, 11 sequences, length 12
# corresponding to MSA columns:
# 108-119
name=unknown_B
#
# <colnr> <probs for GDERKNQSTAVLIFYWHMCP>
#	G	D	E	R	K	N	Q	S	T	A	V	L	I	F	Y	W	H	M	C	P
0	0.49686	0.09484	0.02286	0.01675	0.02348	0.07725	0.01383	0.03306	0.02098	0.04389	0.01911	0.05936	0.01708	0.01221	0.00782	0.00337	0.01006	0.00803	0.00684	0.01233
1	0.02398	0.01827	0.02456	0.08785	0.03100	0.02137	0.01842	0.07482	0.08881	0.06846	0.06312	0.04069	0.03023	0.04398	0.23991	0.00972	0.08178	0.01198	0.00793	0.01311
2	0.03183	0.18570	0.18558	0.02490	0.03574	0.02794	0.05592	0.06619	0.02820	0.15294	0.07352	0.03200	0.02667	0.01242	0.01038	0.00325	0.01263	0.00999	0.00807	0.01613
3	0.01593	0.01150	0.01504	0.01416	0.01681	0.01062	0.01062	0.02124	0.03186	0.04513	0.52830	0.08407	0.10620	0.02301	0.01327	0.00354	0.00531	0.02035	0.01239	0.01062
4	0.02495	0.19498	0.03661	0.09139	0.03333	0.03100	0.02031	0.03469	0.12106	0.03258	0.06676	0.03374	0.02764	0.02121	0.06756	0.00495	0.12615	0.01041	0.00695	0.01372
5	0.01987	0.01218	0.01610	0.01513	0.01822	0.01112	0.01133	0.02451	0.03023	0.10421	0.39270	0.16144	0.09133	0.02387	0.01321	0.00370	0.00604	0.02112	0.01227	0.01144
6	0.01454	0.01125	0.01325	0.01318	0.01607	0.00996	0.00972	0.01838	0.02794	0.03683	0.29418	0.15861	0.28185	0.02688	0.01342	0.00378	0.00563	0.02325	0.01132	0.00996
7	0.14865	0.01990	0.02353	0.01868	0.02641	0.01924	0.01533	0.09651	0.03134	0.35048	0.03692	0.03426	0.02448	0.01322	0.01019	0.00337	0.00922	0.01024	0.09103	0.01698
8	0.01942	0.01450	0.02005	0.01907	0.02195	0.01668	0.01499	0.07979	0.02245	0.03174	0.02976	0.04206	0.02701	0.07553	0.49114	0.01625	0.02792	0.01182	0.00668	0.01119
9	0.22248	0.02290	0.02936	0.07367	0.09565	0.02363	0.05548	0.08991	0.02767	0.10031	0.05576	0.02957	0.02276	0.01170	0.00991	0.00328	0.01088	0.00953	0.00813	0.09744
10	0.53142	0.02974	0.07673	0.01847	0.02635	0.09169	0.01661	0.03484	0.02124	0.04601	0.01638	0.01914	0.01270	0.01062	0.00777	0.00342	0.01102	0.00648	0.00658	0.01279
11	0.12319	0.02538	0.02813	0.02223	0.03057	0.02686	0.01823	0.24176	0.09737	0.21992	0.03357	0.03144	0.02297	0.01348	0.01077	0.00348	0.01059	0.01033	0.01162	0.01812

[dist]
# distance from previous block
# <min> <max>
0	1

[block]
# block no. 2 follows, 11 sequences, length 9
# corresponding to MSA columns:
# 121-129
name=unknown_C
#
# <colnr> <probs for GDERKNQSTAVLIFYWHMCP>
#	G	D	E	R	K	N	Q	S	T	A	V	L	I	F	Y	W	H	M	C	P
0	0.02965	0.02410	0.09233	0.02741	0.09608	0.01872	0.02131	0.03785	0.06944	0.16545	0.03754	0.09509	0.03229	0.01624	0.01151	0.00349	0.01052	0.06835	0.00937	0.13327
1	0.02193	0.01822	0.02150	0.01787	0.02512	0.01563	0.01412	0.03007	0.08836	0.03655	0.03438	0.12035	0.03328	0.01595	0.01051	0.00281	0.00841	0.06805	0.00830	0.40856
2	0.02068	0.01993	0.02247	0.09500	0.09226	0.08680	0.01782	0.02489	0.02597	0.03186	0.09833	0.15237	0.18307	0.02257	0.01272	0.00384	0.01031	0.05891	0.00867	0.01152
3	0.02888	0.08605	0.17642	0.10238	0.08829	0.02490	0.09952	0.03606	0.02479	0.12293	0.02449	0.02896	0.01803	0.01360	0.01404	0.06476	0.01418	0.00990	0.00666	0.01516
4	0.03139	0.03950	0.27331	0.02634	0.03865	0.02403	0.02874	0.08309	0.09002	0.15420	0.02946	0.02959	0.02049	0.01204	0.01078	0.00340	0.01298	0.00957	0.00840	0.07403
5	0.01390	0.01037	0.01294	0.01452	0.01614	0.00941	0.01005	0.01649	0.02378	0.03120	0.13320	0.42212	0.18047	0.03218	0.01399	0.00427	0.00619	0.02866	0.01070	0.00941
6	0.03028	0.02289	0.03264	0.12663	0.12426	0.02431	0.05097	0.12215	0.09573	0.10737	0.06610	0.08417	0.03184	0.01509	0.01180	0.00365	0.01160	0.01335	0.00925	0.01593
7	0.02923	0.08294	0.19001	0.08101	0.10500	0.02436	0.02749	0.06692	0.02761	0.13126	0.03690	0.03814	0.08349	0.01364	0.01099	0.00346	0.01265	0.01116	0.00778	0.01595
8	0.03397	0.02944	0.07818	0.02592	0.03151	0.09314	0.02258	0.03822	0.02450	0.17687	0.02456	0.02783	0.01861	0.01526	0.02142	0.00386	0.24799	0.00954	0.00775	0.06885

[dist]
# distance from previous block
# <min> <max>
11	14

[block]
# block no. 3 follows, 11 sequences, length 6
# corresponding to MSA columns:
# 145-150
name=unknown_D
#
# <colnr> <probs for GDERKNQSTAVLIFYWHMCP>
#	G	D	E	R	K	N	Q	S	T	A	V	L	I	F	Y	W	H	M	C	P
0	0.02128	0.01716	0.02177	0.09645	0.02994	0.01510	0.01427	0.02464	0.02095	0.03085	0.02298	0.03528	0.02148	0.12865	0.02204	0.07348	0.00995	0.00937	0.00627	0.37808
1	0.03275	0.02214	0.03385	0.08739	0.09416	0.02173	0.08840	0.10370	0.03040	0.17528	0.03458	0.11838	0.02894	0.01540	0.01182	0.00356	0.01178	0.01400	0.00943	0.06231
2	0.01926	0.01176	0.01629	0.06964	0.02214	0.01165	0.01213	0.01961	0.02013	0.06280	0.04606	0.21061	0.09552	0.08775	0.02760	0.22283	0.00897	0.01862	0.00800	0.00863
3	0.02470	0.01413	0.01765	0.01633	0.02027	0.01330	0.01219	0.03089	0.07451	0.15848	0.17044	0.19053	0.11567	0.06838	0.01628	0.00439	0.00745	0.02022	0.01157	0.01262
4	0.03184	0.02729	0.03913	0.11565	0.13077	0.07718	0.11817	0.04390	0.13303	0.12119	0.03018	0.03275	0.02221	0.01204	0.01159	0.00358	0.01380	0.01121	0.00821	0.01629
5	0.02738	0.02072	0.03348	0.24666	0.20173	0.02206	0.02685	0.03379	0.02643	0.11880	0.09770	0.03852	0.03116	0.01301	0.01152	0.00355	0.01220	0.01172	0.00772	0.01498

[dist]
# distance from previous block
# <min> <max>
0	5

[block]
# block no. 4 follows, 11 sequences, length 21
# corresponding to MSA columns:
# 156-176
name=unknown_E
#
# <colnr> <probs for GDERKNQSTAVLIFYWHMCP>
#	G	D	E	R	K	N	Q	S	T	A	V	L	I	F	Y	W	H	M	C	P
0	0.01523	0.01034	0.01392	0.01505	0.01625	0.00970	0.01041	0.01732	0.02392	0.03274	0.20595	0.35513	0.07711	0.03185	0.01808	0.09587	0.00658	0.02521	0.01031	0.00903
1	0.02334	0.02001	0.02334	0.01667	0.02667	0.01500	0.01334	0.02834	0.02334	0.03668	0.02001	0.02334	0.01667	0.00834	0.00834	0.00167	0.00834	0.00667	0.00667	0.67325
2	0.09071	0.02122	0.02837	0.23470	0.04647	0.02448	0.02247	0.09637	0.06705	0.10823	0.02986	0.08748	0.02461	0.01518	0.01296	0.00381	0.05109	0.01226	0.00832	0.01435
3	0.02549	0.01471	0.01811	0.01631	0.02080	0.01362	0.01249	0.06910	0.03023	0.15898	0.17723	0.18366	0.16626	0.02385	0.01287	0.00379	0.00730	0.02055	0.01181	0.01284
4	0.01574	0.01067	0.01372	0.01489	0.01658	0.01008	0.01075	0.01944	0.02536	0.03600	0.20240	0.32580	0.07724	0.02811	0.01323	0.00403	0.00628	0.05872	0.10110	0.00988
5	0.03205	0.01947	0.02928	0.10230	0.08235	0.01965	0.05192	0.07337	0.02765	0.20286	0.03476	0.08175	0.02835	0.06822	0.08842	0.00611	0.01417	0.01315	0.00927	0.01492
6	0.01407	0.00994	0.01296	0.01522	0.01578	0.00938	0.00996	0.01576	0.02086	0.02781	0.05848	0.52715	0.06996	0.11133	0.02010	0.00542	0.00712	0.02991	0.00996	0.00883
7	0.09205	0.01426	0.01690	0.01561	0.02020	0.01311	0.01190	0.02930	0.02623	0.18094	0.10080	0.21110	0.17593	0.02391	0.01238	0.00387	0.00732	0.02038	0.01125	0.01255
8	0.02399	0.01386	0.01702	0.01586	0.01956	0.01320	0.01177	0.03036	0.07578	0.14031	0.16123	0.17534	0.10158	0.07751	0.01665	0.00442	0.00736	0.01931	0.06256	0.01232
9	0.02483	0.02365	0.04022	0.30206	0.32491	0.02595	0.03304	0.03189	0.02420	0.03310	0.02064	0.02884	0.01653	0.01059	0.01119	0.00353	0.01412	0.01002	0.00531	0.01539
10	0.03085	0.01481	0.01982	0.01669	0.02196	0.01318	0.01318	0.03574	0.03201	0.25953	0.31951	0.06433	0.07240	0.01909	0.01243	0.00352	0.00715	0.01646	0.01305	0.01430
11	0.02680	0.01336	0.01750	0.01664	0.02061	0.01184	0.01237	0.02974	0.02592	0.21243	0.06286	0.33032	0.12024	0.02671	0.01313	0.00408	0.00751	0.02348	0.01169	0.01277
12	0.02633	0.01623	0.02114	0.01918	0.02210	0.01765	0.01448	0.03127	0.06460	0.15059	0.04023	0.16431	0.03898	0.15072	0.06733	0.00667	0.10969	0.01676	0.00931	0.01240
13	0.02657	0.03036	0.06641	0.04744	0.05882	0.02846	0.49336	0.03605	0.02657	0.03605	0.02277	0.03036	0.01708	0.00949	0.01328	0.00380	0.01898	0.01328	0.00569	0.01518
14	0.02265	0.01300	0.01588	0.01560	0.01813	0.01265	0.01088	0.02740	0.06479	0.11701	0.04788	0.25630	0.04938	0.18182	0.02456	0.00584	0.00831	0.02041	0.07641	0.01110
15	0.02717	0.01451	0.01817	0.01688	0.02106	0.01353	0.01254	0.03267	0.07158	0.19655	0.05956	0.25000	0.11503	0.07601	0.01676	0.00460	0.00802	0.02095	0.01135	0.01305
16	0.07272	0.02089	0.03204	0.02669	0.03104	0.02350	0.12160	0.03127	0.08272	0.03484	0.03072	0.08554	0.02851	0.01937	0.02039	0.05628	0.14767	0.05233	0.06947	0.01244
17	0.01547	0.01107	0.01501	0.01714	0.01871	0.01060	0.01302	0.01895	0.02437	0.03256	0.12354	0.37293	0.07549	0.03224	0.01461	0.00464	0.00764	0.17160	0.01068	0.00974
18	0.01636	0.01218	0.01516	0.01680	0.01835	0.01227	0.01182	0.02252	0.08898	0.03102	0.05690	0.42374	0.06465	0.08958	0.01841	0.00517	0.00766	0.06803	0.01021	0.01021
19	0.01805	0.01003	0.01391	0.01426	0.01435	0.00995	0.00920	0.01518	0.01597	0.02129	0.02882	0.11835	0.03171	0.16629	0.04303	0.43382	0.00960	0.01423	0.00607	0.00589
20	0.02013	0.01322	0.01596	0.01645	0.01984	0.01277	0.01307	0.02647	0.06759	0.07566	0.06747	0.17332	0.16662	0.02599	0.01310	0.00416	0.00775	0.15059	0.09853	0.01134

[dist]
# distance from previous block
# <min> <max>
4	7

[block]
# block no. 5 follows, 11 sequences, length 47
# corresponding to MSA columns:
# 184-230
name=unknown_F
#
# <colnr> <probs for GDERKNQSTAVLIFYWHMCP>
#	G	D	E	R	K	N	Q	S	T	A	V	L	I	F	Y	W	H	M	C	P
0	0.02311	0.02127	0.03218	0.02343	0.03279	0.01753	0.12365	0.02918	0.02521	0.03765	0.08761	0.03296	0.02856	0.01053	0.01013	0.00240	0.01039	0.01000	0.00720	0.43423
1	0.02870	0.02334	0.03560	0.33241	0.15971	0.02643	0.02904	0.11414	0.02925	0.07840	0.02341	0.02970	0.01733	0.01161	0.01124	0.00358	0.01378	0.01013	0.00692	0.01528
2	0.02210	0.01783	0.02083	0.01566	0.02388	0.01393	0.01237	0.02717	0.02449	0.03837	0.08882	0.03340	0.02981	0.01080	0.00893	0.00202	0.00760	0.00889	0.08036	0.51274
3	0.12219	0.17458	0.09260	0.02717	0.09086	0.03044	0.02191	0.04339	0.16827	0.08112	0.02810	0.02864	0.02150	0.01193	0.00963	0.00330	0.01111	0.00918	0.00792	0.01616
4	0.03142	0.03207	0.08671	0.09221	0.03747	0.13789	0.02370	0.03941	0.07852	0.11154	0.06108	0.03249	0.02534	0.01485	0.01691	0.00377	0.14196	0.01044	0.00773	0.01450
5	0.01503	0.01161	0.01392	0.01461	0.01754	0.01050	0.01141	0.01885	0.02661	0.03416	0.18520	0.16002	0.28216	0.02864	0.01393	0.00415	0.00678	0.12413	0.01085	0.00990
6	0.01398	0.01000	0.01330	0.01549	0.01638	0.00932	0.01047	0.01634	0.02279	0.03070	0.11803	0.53549	0.07826	0.03379	0.01423	0.00445	0.00638	0.03060	0.01068	0.00932
7	0.01524	0.01113	0.01455	0.01598	0.01793	0.01043	0.01205	0.01889	0.02560	0.03419	0.18464	0.30567	0.13050	0.03047	0.01425	0.00437	0.00701	0.12634	0.01092	0.00984
8	0.02657	0.03036	0.06641	0.04744	0.05882	0.02846	0.49336	0.03605	0.02657	0.03605	0.02277	0.03036	0.01708	0.00949	0.01328	0.00380	0.01898	0.01328	0.00569	0.01518
9	0.03401	0.04037	0.02685	0.02498	0.02976	0.37702	0.01860	0.03946	0.07084	0.03125	0.08117	0.11140	0.03460	0.01652	0.01120	0.00328	0.01576	0.01266	0.00765	0.01263
10	0.02334	0.02001	0.02334	0.01667	0.02667	0.01500	0.01334	0.02834	0.02334	0.03668	0.02001	0.02334	0.01667	0.00834	0.00834	0.00167	0.00834	0.00667	0.00667	0.67325
11	0.02334	0.02001	0.02334	0.01667	0.02667	0.01500	0.01334	0.02834	0.02334	0.03668	0.02001	0.02334	0.01667	0.00834	0.00834	0.00167	0.00834	0.00667	0.00667	0.67325
12	0.03733	0.01529	0.01915	0.01577	0.02176	0.01384	0.01267	0.04208	0.02837	0.31891	0.04097	0.03994	0.02830	0.01357	0.00978	0.00310	0.00764	0.01095	0.30528	0.01529
13	0.01421	0.01111	0.01288	0.01314	0.01594	0.00978	0.00959	0.01765	0.02677	0.03470	0.23372	0.19992	0.30411	0.02815	0.01351	0.00388	0.00575	0.02436	0.01106	0.00978
14	0.02334	0.02001	0.02334	0.01667	0.02667	0.01500	0.01334	0.02834	0.02334	0.03668	0.02001	0.02334	0.01667	0.00834	0.00834	0.00167	0.00834	0.00667	0.00667	0.67325
15	0.02823	0.02374	0.02528	0.02243	0.02870	0.02713	0.01752	0.09324	0.43509	0.04892	0.08442	0.04424	0.03906	0.01577	0.01159	0.00376	0.00890	0.01314	0.01151	0.01733
16	0.01671	0.01160	0.01475	0.01594	0.01717	0.01147	0.01172	0.01925	0.02161	0.02868	0.08266	0.15073	0.05814	0.28678	0.03388	0.00756	0.00983	0.18392	0.00894	0.00867
17	0.02546	0.01300	0.01745	0.01673	0.02024	0.01170	0.01236	0.02878	0.02676	0.18991	0.14369	0.32915	0.06602	0.02640	0.01322	0.00404	0.00724	0.02345	0.01188	0.01250
18	0.02470	0.01345	0.01801	0.01646	0.02048	0.01225	0.01291	0.02949	0.03049	0.16774	0.31909	0.11775	0.07950	0.02256	0.01311	0.00378	0.00703	0.06618	0.01241	0.01262
19	0.02038	0.01043	0.01070	0.01092	0.01338	0.01038	0.00808	0.02535	0.02343	0.04086	0.03883	0.08820	0.03265	0.01496	0.00841	0.00278	0.00535	0.01228	0.61225	0.01038
20	0.17705	0.01524	0.01933	0.09581	0.02714	0.01641	0.01429	0.02622	0.01913	0.09684	0.02200	0.03048	0.01830	0.02520	0.02647	0.33457	0.01025	0.00916	0.00657	0.00954
21	0.01423	0.01040	0.01338	0.01482	0.01632	0.00955	0.01028	0.01713	0.02460	0.03305	0.18520	0.41391	0.13272	0.03143	0.01397	0.00423	0.00613	0.02815	0.01094	0.00955
22	0.03963	0.01675	0.02264	0.01818	0.02498	0.01468	0.01468	0.04428	0.03210	0.38580	0.19655	0.05270	0.05249	0.01679	0.01193	0.00350	0.00824	0.01416	0.01345	0.01647
23	0.03506	0.01650	0.02210	0.02246	0.08874	0.01533	0.01525	0.04009	0.02771	0.26438	0.03810	0.03847	0.02696	0.01307	0.00984	0.00310	0.00825	0.01080	0.28846	0.01532
24	0.01763	0.01400	0.02163	0.23690	0.04031	0.01563	0.01859	0.02131	0.02221	0.02941	0.09057	0.25063	0.04783	0.02494	0.01658	0.08435	0.01013	0.01940	0.00784	0.01012
25	0.02256	0.01612	0.02464	0.26671	0.04563	0.01779	0.02112	0.02742	0.02464	0.08735	0.10226	0.05671	0.07807	0.01993	0.01574	0.07588	0.01123	0.06650	0.00805	0.01166
26	0.02271	0.02163	0.03210	0.20064	0.04381	0.02866	0.02586	0.02712	0.02004	0.02848	0.02232	0.03980	0.02143	0.01854	0.02604	0.00459	0.32943	0.06901	0.00567	0.01212
27	0.24093	0.02109	0.02814	0.33222	0.05390	0.02611	0.02423	0.03001	0.02083	0.03577	0.01801	0.02555	0.01405	0.01190	0.01260	0.00379	0.07417	0.00869	0.00564	0.01238
28	0.12700	0.01912	0.02302	0.01862	0.02625	0.01811	0.01515	0.04788	0.08291	0.36116	0.04913	0.04448	0.08677	0.01537	0.01100	0.00356	0.00892	0.01228	0.01232	0.01693
29	0.02863	0.02829	0.09801	0.18095	0.22425	0.02616	0.03022	0.07418	0.07990	0.08050	0.02581	0.03024	0.01940	0.01158	0.01117	0.00354	0.01330	0.01022	0.00711	0.01655
30	0.01457	0.01016	0.01281	0.01457	0.01502	0.00971	0.00927	0.01590	0.01987	0.02650	0.05344	0.42787	0.06360	0.21928	0.02824	0.00662	0.00795	0.02694	0.00927	0.00839
31	0.01757	0.01332	0.01648	0.01582	0.01904	0.01308	0.01223	0.02617	0.09428	0.04308	0.38400	0.08492	0.12320	0.02326	0.01328	0.00377	0.00636	0.06678	0.01191	0.01146
32	0.01403	0.01134	0.01193	0.01183	0.01496	0.00983	0.00853	0.01675	0.02501	0.03081	0.14856	0.10069	0.41305	0.11019	0.01958	0.00479	0.00640	0.02232	0.01015	0.00924
33	0.03009	0.61122	0.05898	0.01926	0.02889	0.04454	0.01926	0.03370	0.02287	0.02648	0.01565	0.01805	0.01444	0.00963	0.00722	0.00241	0.01204	0.00602	0.00481	0.01444
34	0.01955	0.00978	0.01466	0.01466	0.01466	0.00978	0.00978	0.01466	0.01466	0.01955	0.01955	0.03421	0.01955	0.03910	0.04399	0.67253	0.00978	0.00978	0.00489	0.00489
35	0.02462	0.02462	0.03447	0.02955	0.02955	0.03447	0.02462	0.02709	0.01724	0.02709	0.01477	0.02462	0.01477	0.01970	0.03694	0.00492	0.58385	0.00985	0.00492	0.01231
36	0.04204	0.05364	0.03190	0.02900	0.03480	0.55926	0.02175	0.04494	0.03190	0.02755	0.01740	0.02030	0.01450	0.01160	0.01015	0.00290	0.02030	0.00725	0.00580	0.01305
37	0.01544	0.01070	0.01336	0.01423	0.01473	0.01076	0.00906	0.01666	0.01835	0.02475	0.04362	0.24493	0.05035	0.34044	0.11370	0.00980	0.01215	0.02100	0.00792	0.00805
38	0.27330	0.02007	0.02275	0.01819	0.02628	0.01960	0.01501	0.04720	0.02762	0.36915	0.03430	0.03127	0.02235	0.01271	0.00979	0.00348	0.00927	0.00948	0.01148	0.01670
39	0.01771	0.01427	0.02045	0.01953	0.02092	0.01750	0.01517	0.02096	0.01772	0.02579	0.02791	0.04409	0.02718	0.13478	0.40183	0.01477	0.13126	0.01216	0.00592	0.01008
40	0.03335	0.02684	0.02846	0.02399	0.03131	0.03050	0.01911	0.21795	0.34704	0.05572	0.03901	0.03657	0.02885	0.01463	0.01138	0.00366	0.01017	0.01179	0.01138	0.01830
41	0.01353	0.01049	0.01234	0.01381	0.01584	0.00930	0.00962	0.01588	0.02333	0.02946	0.08465	0.38448	0.27247	0.03232	0.01390	0.00424	0.00617	0.02841	0.01045	0.00930
42	0.01650	0.01151	0.01488	0.01653	0.01775	0.01136	0.01231	0.01909	0.02148	0.02828	0.05140	0.21304	0.05830	0.23975	0.03040	0.00712	0.00970	0.20270	0.00910	0.00881
43	0.19552	0.02139	0.02492	0.01959	0.02794	0.02097	0.01618	0.10805	0.03193	0.36664	0.03549	0.03221	0.02310	0.01307	0.01031	0.00347	0.00975	0.00996	0.01197	0.01755
44	0.01526	0.01117	0.01466	0.01689	0.01870	0.01057	0.01296	0.01851	0.02372	0.03076	0.06858	0.35693	0.13599	0.03279	0.01464	0.00468	0.00780	0.18533	0.01042	0.00964
45	0.12407	0.02716	0.04068	0.04752	0.27385	0.02828	0.08827	0.11750	0.06528	0.04539	0.02342	0.02770	0.01836	0.01101	0.01087	0.00346	0.01294	0.01011	0.00721	0.01690
46	0.02074	0.01873	0.03088	0.15973	0.04115	0.02152	0.08788	0.02607	0.02203	0.02985	0.03198	0.05884	0.03148	0.07589	0.08652	0.00663	0.10825	0.12360	0.00671	0.01154

[dist]
# distance from previous block
# <min> <max>
0	2

[block]
# block no. 6 follows, 11 sequences, length 19
# corresponding to MSA columns:
# 233-251
name=unknown_G
#
# <colnr> <probs for GDERKNQSTAVLIFYWHMCP>
#	G	D	E	R	K	N	Q	S	T	A	V	L	I	F	Y	W	H	M	C	P
0	0.56420	0.02304	0.01912	0.01664	0.02379	0.02653	0.01363	0.08697	0.05908	0.05254	0.01915	0.02100	0.01459	0.01114	0.00777	0.00350	0.00913	0.00703	0.00777	0.01338
1	0.12223	0.09519	0.03396	0.12919	0.03960	0.02712	0.05046	0.09615	0.02693	0.07310	0.02122	0.02530	0.01640	0.01134	0.01157	0.00315	0.05350	0.00859	0.00708	0.14792
2	0.10844	0.02831	0.10268	0.14583	0.14982	0.02576	0.02690	0.08042	0.08193	0.10275	0.02628	0.02938	0.01929	0.01180	0.01067	0.00355	0.01254	0.00979	0.00771	0.01619
3	0.03152	0.10967	0.03643	0.06601	0.03466	0.03446	0.02236	0.18519	0.09814	0.04411	0.02352	0.02725	0.01885	0.01504	0.01901	0.00383	0.19669	0.00980	0.00787	0.01560
4	0.02557	0.01842	0.02354	0.09419	0.03191	0.01702	0.01604	0.03316	0.07984	0.09859	0.09795	0.03759	0.03270	0.01453	0.01275	0.05168	0.00914	0.01054	0.00855	0.28628
5	0.01595	0.01232	0.01475	0.01531	0.01781	0.01190	0.01101	0.02260	0.08532	0.03553	0.19032	0.29844	0.16982	0.02830	0.01351	0.00406	0.00634	0.02498	0.01107	0.01066
6	0.02215	0.01411	0.01784	0.01604	0.01997	0.01356	0.01231	0.03057	0.09094	0.11353	0.40284	0.07264	0.08666	0.02082	0.01278	0.00357	0.00634	0.01818	0.01249	0.01267
7	0.02820	0.02056	0.03383	0.30702	0.12286	0.02240	0.05448	0.03437	0.02467	0.13778	0.02687	0.03543	0.02057	0.06514	0.01553	0.00429	0.01351	0.01106	0.00717	0.01428
8	0.01514	0.01100	0.01451	0.01638	0.01811	0.01037	0.01230	0.01849	0.02451	0.03250	0.13224	0.35810	0.11757	0.03183	0.01442	0.00451	0.00728	0.14033	0.01070	0.00970
9	0.03735	0.01594	0.02124	0.01828	0.02430	0.01430	0.01483	0.04165	0.02883	0.33847	0.04766	0.11982	0.03894	0.01887	0.01182	0.00374	0.00872	0.07716	0.10257	0.01549
10	0.02464	0.03300	0.17050	0.18457	0.26238	0.02665	0.03489	0.03289	0.02382	0.03385	0.02022	0.02714	0.01601	0.01113	0.01272	0.00360	0.05142	0.00957	0.00518	0.01583
11	0.03126	0.02363	0.02763	0.13393	0.06640	0.08144	0.02028	0.12644	0.03112	0.11083	0.07361	0.07620	0.03092	0.01829	0.01555	0.08546	0.01206	0.01242	0.00872	0.01382
12	0.01821	0.01519	0.02217	0.02094	0.02245	0.01915	0.01670	0.02184	0.01788	0.02637	0.02632	0.03933	0.02481	0.06829	0.42954	0.01481	0.16812	0.01151	0.00575	0.01061
13	0.02257	0.05822	0.54613	0.03208	0.04871	0.02614	0.04158	0.03564	0.02376	0.03564	0.02020	0.02376	0.01426	0.01069	0.01069	0.00356	0.01663	0.00832	0.00475	0.01663
14	0.02569	0.02117	0.03464	0.40678	0.13368	0.02493	0.02964	0.03239	0.02369	0.08728	0.02256	0.03028	0.01683	0.01194	0.01294	0.00374	0.05163	0.01014	0.00608	0.01399
15	0.02370	0.01711	0.02498	0.02650	0.09342	0.01754	0.04448	0.03098	0.08253	0.08853	0.03807	0.09407	0.03610	0.15082	0.13252	0.00823	0.01486	0.05452	0.00837	0.01269
16	0.02371	0.01821	0.03055	0.02493	0.02927	0.01809	0.13709	0.08876	0.02430	0.03262	0.02839	0.12417	0.02782	0.02716	0.02653	0.29485	0.01200	0.01437	0.00691	0.01028
17	0.58888	0.02007	0.01605	0.01492	0.02099	0.02296	0.01194	0.03062	0.01949	0.04741	0.02225	0.10039	0.02102	0.01397	0.00802	0.00364	0.00840	0.00977	0.00746	0.01176
18	0.02383	0.02263	0.03841	0.37915	0.25564	0.02568	0.03254	0.03101	0.02372	0.03188	0.02046	0.02917	0.01611	0.01078	0.01121	0.00359	0.01437	0.01001	0.00522	0.01458

[dist]
# distance from previous block
# <min> <max>
0	1

[block]
# block no. 7 follows, 11 sequences, length 17
# corresponding to MSA columns:
# 253-269
name=unknown_H
#
# <colnr> <probs for GDERKNQSTAVLIFYWHMCP>
#	G	D	E	R	K	N	Q	S	T	A	V	L	I	F	Y	W	H	M	C	P
0	0.02253	0.01453	0.02003	0.10658	0.02865	0.01559	0.01556	0.05892	0.02330	0.07021	0.03468	0.10814	0.03332	0.08547	0.09797	0.12040	0.01302	0.05240	0.06808	0.01061
1	0.32645	0.01916	0.01995	0.01663	0.02335	0.01962	0.01326	0.03984	0.02422	0.25166	0.03042	0.03436	0.02274	0.09474	0.01580	0.00452	0.00938	0.00971	0.00985	0.01435
2	0.03243	0.30324	0.04501	0.02347	0.03002	0.07601	0.02086	0.07517	0.02546	0.07780	0.01916	0.02267	0.01618	0.01329	0.01638	0.00332	0.17059	0.00801	0.00632	0.01459
3	0.09600	0.02217	0.03166	0.03396	0.16284	0.02252	0.02208	0.04368	0.02724	0.29290	0.03158	0.03187	0.02200	0.01339	0.01447	0.00365	0.09060	0.01032	0.00984	0.01724
4	0.02895	0.02627	0.03431	0.02868	0.03083	0.03458	0.02385	0.13901	0.02574	0.03754	0.01769	0.02520	0.01582	0.01822	0.03082	0.00456	0.44766	0.00992	0.00643	0.01394
5	0.01518	0.01059	0.01340	0.01484	0.01561	0.01020	0.00991	0.01704	0.02103	0.02818	0.09143	0.33615	0.06487	0.22669	0.02892	0.00669	0.00825	0.06308	0.00937	0.00858
6	0.02580	0.01459	0.01564	0.01439	0.01854	0.01519	0.01111	0.03709	0.13779	0.09737	0.03965	0.04157	0.03001	0.01370	0.00907	0.00299	0.00656	0.01110	0.44472	0.01312
7	0.01593	0.01150	0.01504	0.01416	0.01681	0.01062	0.01062	0.02124	0.03186	0.04513	0.52830	0.08407	0.10620	0.02301	0.01327	0.00354	0.00531	0.02035	0.01239	0.01062
8	0.02935	0.02485	0.02621	0.02318	0.02978	0.02863	0.01814	0.09987	0.47163	0.04927	0.04409	0.04062	0.03296	0.01511	0.01143	0.00378	0.00923	0.01249	0.01143	0.01794
9	0.02585	0.14356	0.11502	0.12409	0.21165	0.02862	0.06965	0.03306	0.02426	0.03377	0.02127	0.02714	0.01713	0.01045	0.01023	0.00323	0.01359	0.00932	0.06278	0.01532
10	0.04734	0.02021	0.02885	0.02687	0.09923	0.01797	0.01905	0.05202	0.03130	0.47157	0.04116	0.03685	0.02646	0.01339	0.01129	0.00346	0.01011	0.01114	0.01276	0.01897
11	0.01814	0.01296	0.01814	0.02073	0.02332	0.01296	0.01814	0.02332	0.02591	0.03368	0.05959	0.12696	0.06478	0.03109	0.01555	0.00518	0.01036	0.45848	0.01036	0.01036
12	0.08293	0.02576	0.04737	0.14157	0.16351	0.02590	0.21516	0.03620	0.02563	0.09097	0.02367	0.02959	0.01764	0.01049	0.01170	0.00362	0.01513	0.01115	0.00654	0.01548
13	0.02927	0.16384	0.12072	0.06678	0.03795	0.07287	0.06402	0.04099	0.12387	0.08178	0.06532	0.03281	0.02692	0.01262	0.01054	0.00332	0.01292	0.01034	0.00772	0.01541
14	0.02096	0.12258	0.19620	0.02019	0.02722	0.02120	0.02061	0.02532	0.01967	0.02688	0.02553	0.04400	0.02556	0.25190	0.03245	0.07887	0.01286	0.01134	0.00561	0.01107
15	0.01371	0.00979	0.01306	0.01567	0.01632	0.00914	0.01045	0.01567	0.02155	0.02873	0.06203	0.59710	0.07444	0.03526	0.01437	0.00457	0.00653	0.03200	0.01045	0.00914
16	0.02860	0.09546	0.17172	0.07781	0.04192	0.02539	0.10045	0.07517	0.02808	0.11305	0.03744	0.03905	0.08916	0.01366	0.01129	0.00350	0.01340	0.01178	0.00768	0.01539

[dist]
# distance from previous block
# <min> <max>
0	1

[block]
# block no. 8 follows, 11 sequences, length 6
# corresponding to MSA columns:
# 271-276
name=unknown_I
#
# <colnr> <probs for GDERKNQSTAVLIFYWHMCP>
#	G	D	E	R	K	N	Q	S	T	A	V	L	I	F	Y	W	H	M	C	P
0	0.02369	0.02367	0.07051	0.23219	0.12925	0.02325	0.02596	0.03434	0.11308	0.03370	0.02493	0.03122	0.01966	0.01462	0.01465	0.07918	0.01250	0.01003	0.00641	0.07714
1	0.08183	0.03786	0.23673	0.12878	0.11085	0.02779	0.03238	0.08051	0.02565	0.03853	0.01999	0.02534	0.01523	0.01199	0.01356	0.00370	0.07902	0.00900	0.00578	0.01546
2	0.01915	0.00992	0.01437	0.01437	0.01437	0.00992	0.00941	0.01487	0.01487	0.01983	0.02153	0.03912	0.02221	0.10938	0.04564	0.59029	0.00992	0.01059	0.00513	0.00513
3	0.32034	0.02264	0.02629	0.12405	0.07475	0.02608	0.01992	0.07225	0.02432	0.10039	0.02098	0.02479	0.01575	0.01216	0.01200	0.00366	0.06973	0.00842	0.00743	0.01406
4	0.01510	0.01162	0.01389	0.01376	0.01688	0.01042	0.01061	0.01938	0.02865	0.03782	0.30619	0.09879	0.27540	0.02616	0.01354	0.00383	0.00603	0.07043	0.01137	0.01013
5	0.02768	0.08094	0.13782	0.10264	0.09194	0.06564	0.02601	0.08056	0.08148	0.03835	0.02315	0.02655	0.01794	0.01099	0.01016	0.00306	0.01306	0.00879	0.00670	0.14655

[dist]
# distance from previous block
# <min> <max>
0	3

[block]
# block no. 9 follows, 11 sequences, length 19
# corresponding to MSA columns:
# 280-298
name=unknown_J
#
# <colnr> <probs for GDERKNQSTAVLIFYWHMCP>
#	G	D	E	R	K	N	Q	S	T	A	V	L	I	F	Y	W	H	M	C	P
0	0.04080	0.01708	0.02260	0.01804	0.02528	0.01478	0.01464	0.04505	0.03120	0.40600	0.11368	0.05421	0.11141	0.01719	0.01185	0.00354	0.00849	0.01425	0.01323	0.01669
1	0.03242	0.02416	0.02775	0.08093	0.03474	0.02696	0.01946	0.17049	0.25061	0.09926	0.07887	0.03992	0.03370	0.01490	0.01152	0.00364	0.01024	0.01225	0.01104	0.01713
2	0.01593	0.01150	0.01504	0.01416	0.01681	0.01062	0.01062	0.02124	0.03186	0.04513	0.52830	0.08407	0.10620	0.02301	0.01327	0.00354	0.00531	0.02035	0.01239	0.01062
3	0.01509	0.01067	0.01364	0.01441	0.01567	0.01006	0.00976	0.01790	0.02434	0.03345	0.23114	0.29711	0.07942	0.14800	0.02280	0.00549	0.00698	0.02442	0.01043	0.00922
4	0.01985	0.02111	0.08092	0.09625	0.10672	0.02027	0.02297	0.02551	0.02026	0.02910	0.02524	0.03626	0.02242	0.05129	0.30996	0.01152	0.07142	0.01093	0.00561	0.01238
5	0.03009	0.61122	0.05898	0.01926	0.02889	0.04454	0.01926	0.03370	0.02287	0.02648	0.01565	0.01805	0.01444	0.00963	0.00722	0.00241	0.01204	0.00602	0.00481	0.01444
6	0.02805	0.01981	0.03198	0.44788	0.06618	0.02304	0.02784	0.03482	0.02476	0.14803	0.02567	0.03194	0.01799	0.01188	0.01127	0.00369	0.01374	0.01031	0.00708	0.01405
7	0.02950	0.01981	0.02397	0.01743	0.02714	0.01535	0.01406	0.03436	0.02535	0.15138	0.02554	0.02674	0.01921	0.00961	0.00901	0.00208	0.00862	0.00772	0.00832	0.52479
8	0.12691	0.02007	0.02297	0.01716	0.02642	0.01686	0.01390	0.03506	0.02474	0.15342	0.02490	0.02599	0.01855	0.00992	0.00881	0.00235	0.00867	0.00764	0.00836	0.42731
9	0.02912	0.11752	0.32088	0.02807	0.04043	0.02872	0.03202	0.07367	0.02643	0.10490	0.02288	0.02535	0.01656	0.01214	0.01308	0.00353	0.07296	0.00873	0.00654	0.01645
10	0.02096	0.01932	0.03365	0.14127	0.04080	0.02063	0.14547	0.02577	0.02138	0.02866	0.02953	0.05420	0.02935	0.21922	0.03023	0.00648	0.05930	0.05644	0.00633	0.01103
11	0.01637	0.01091	0.01228	0.01228	0.01228	0.01091	0.00682	0.01637	0.01637	0.02182	0.03546	0.07365	0.04092	0.60445	0.05729	0.01091	0.01091	0.01637	0.00682	0.00682
12	0.02165	0.01909	0.03109	0.31851	0.16781	0.02158	0.02655	0.02791	0.02320	0.03197	0.02819	0.11436	0.02584	0.01470	0.01134	0.00366	0.01237	0.01330	0.07385	0.01304
13	0.02440	0.02395	0.08443	0.17965	0.04546	0.01986	0.07035	0.03109	0.02462	0.08235	0.03413	0.03780	0.07963	0.01253	0.01081	0.00311	0.01198	0.01100	0.00706	0.20579
14	0.03438	0.01846	0.02272	0.01988	0.02587	0.01837	0.01546	0.04686	0.18237	0.25976	0.04915	0.17589	0.04129	0.01956	0.01211	0.00385	0.00862	0.01681	0.01229	0.01629
15	0.08725	0.08911	0.03161	0.02222	0.03075	0.10552	0.01831	0.18217	0.03538	0.16056	0.02656	0.02651	0.01910	0.01197	0.00997	0.00300	0.01204	0.00877	0.00944	0.10976
16	0.01888	0.01554	0.02095	0.14405	0.03322	0.01637	0.01657	0.02742	0.09647	0.03529	0.13347	0.23487	0.05541	0.02196	0.01244	0.00380	0.00875	0.01953	0.00936	0.07566
17	0.09148	0.03415	0.11888	0.02960	0.07420	0.10459	0.05269	0.03984	0.12550	0.03763	0.02430	0.02726	0.01909	0.01223	0.01298	0.00339	0.07177	0.00923	0.00691	0.10430
18	0.03325	0.03013	0.16444	0.09279	0.04104	0.02160	0.05559	0.04349	0.07785	0.22731	0.06923	0.03671	0.02844	0.01327	0.01143	0.00360	0.01231	0.01131	0.00954	0.01667

[dist]
# distance from previous block
# <min> <max>
3	80

[block]
# block no. 10 follows, 11 sequences, length 44
# corresponding to MSA columns:
# 382-425
name=unknown_K
#
# <colnr> <probs for GDERKNQSTAVLIFYWHMCP>
#	G	D	E	R	K	N	Q	S	T	A	V	L	I	F	Y	W	H	M	C	P
0	0.09151	0.02291	0.03457	0.17503	0.11113	0.02357	0.07357	0.07609	0.02805	0.16360	0.02668	0.02998	0.01900	0.01145	0.01086	0.00342	0.01256	0.01008	0.00819	0.06775
1	0.36767	0.07386	0.02738	0.07391	0.09625	0.02558	0.01825	0.03680	0.02295	0.13178	0.02188	0.02413	0.01617	0.01101	0.00870	0.00339	0.01034	0.00788	0.00765	0.01440
2	0.29692	0.02404	0.03208	0.03001	0.09759	0.02619	0.09535	0.03806	0.06959	0.09638	0.02341	0.02652	0.01777	0.01196	0.01232	0.00369	0.06654	0.00933	0.00755	0.01471
3	0.17906	0.02146	0.02673	0.10921	0.03512	0.02448	0.01959	0.04110	0.07647	0.20002	0.02864	0.03032	0.02054	0.01398	0.01527	0.00384	0.12028	0.00982	0.00898	0.01510
4	0.08245	0.02262	0.11856	0.01842	0.02484	0.01596	0.01722	0.03023	0.02720	0.12682	0.23659	0.05738	0.05805	0.09466	0.01769	0.00450	0.00926	0.01469	0.00998	0.01289
5	0.08669	0.09010	0.03274	0.27202	0.05055	0.12923	0.02379	0.07155	0.02667	0.03476	0.02056	0.02652	0.01603	0.01141	0.00996	0.00330	0.01416	0.00875	0.05802	0.01318
6	0.02275	0.07315	0.09802	0.02596	0.09162	0.01806	0.01986	0.02618	0.02241	0.06969	0.03667	0.19051	0.03781	0.02489	0.01850	0.13565	0.01058	0.05813	0.00768	0.01188
7	0.02568	0.02166	0.03393	0.35527	0.12422	0.02568	0.02847	0.03463	0.07012	0.07689	0.02428	0.03108	0.01834	0.01253	0.01374	0.00379	0.06856	0.01037	0.00648	0.01428
8	0.03089	0.03108	0.14872	0.08167	0.08663	0.02377	0.02561	0.08963	0.09302	0.13014	0.02863	0.03001	0.02064	0.01178	0.01068	0.00325	0.01210	0.00968	0.00837	0.12368
9	0.18381	0.23974	0.03846	0.07044	0.03348	0.13579	0.01945	0.09636	0.02768	0.03828	0.01788	0.02078	0.01460	0.01085	0.00861	0.00300	0.01316	0.00717	0.00637	0.01410
10	0.02302	0.09838	0.03754	0.35653	0.15325	0.02651	0.02846	0.02936	0.02307	0.02999	0.02338	0.07827	0.02074	0.01293	0.01098	0.00357	0.01355	0.01143	0.00557	0.01348
11	0.02236	0.01888	0.02225	0.01634	0.02537	0.01443	0.01298	0.02740	0.02446	0.03779	0.08706	0.03135	0.02848	0.01027	0.00899	0.00191	0.00794	0.00847	0.00742	0.58584
12	0.04033	0.01831	0.02612	0.12612	0.03651	0.01738	0.01858	0.04541	0.03031	0.37807	0.10356	0.04275	0.03573	0.01461	0.01156	0.00354	0.01005	0.01226	0.01202	0.01675
13	0.01822	0.01644	0.01570	0.01591	0.01830	0.08234	0.01129	0.02119	0.02595	0.03264	0.18874	0.24258	0.15611	0.08186	0.01741	0.00454	0.00828	0.02258	0.01001	0.00990
14	0.01545	0.01149	0.01438	0.01365	0.01652	0.01041	0.01024	0.02031	0.03072	0.04243	0.45221	0.08853	0.18398	0.02402	0.01328	0.00359	0.00538	0.02098	0.01203	0.01041
15	0.01593	0.01150	0.01504	0.01416	0.01681	0.01062	0.01062	0.02124	0.03186	0.04513	0.52830	0.08407	0.10620	0.02301	0.01327	0.00354	0.00531	0.02035	0.01239	0.01062
16	0.04279	0.03153	0.03378	0.02590	0.03490	0.03490	0.02139	0.49671	0.05292	0.07093	0.02702	0.02702	0.01914	0.01351	0.01126	0.00338	0.01239	0.01013	0.01126	0.01914
17	0.04279	0.03153	0.03378	0.02590	0.03490	0.03490	0.02139	0.49671	0.05292	0.07093	0.02702	0.02702	0.01914	0.01351	0.01126	0.00338	0.01239	0.01013	0.01126	0.01914
18	0.02800	0.02418	0.02545	0.02291	0.02927	0.02800	0.01782	0.05981	0.51390	0.04708	0.04581	0.04199	0.03436	0.01527	0.01145	0.00382	0.00891	0.01273	0.01145	0.01782
19	0.04279	0.03153	0.03378	0.02590	0.03490	0.03490	0.02139	0.49671	0.05292	0.07093	0.02702	0.02702	0.01914	0.01351	0.01126	0.00338	0.01239	0.01013	0.01126	0.01914
20	0.01955	0.00978	0.01466	0.01466	0.01466	0.00978	0.00978	0.01466	0.01466	0.01955	0.01955	0.03421	0.01955	0.03910	0.04399	0.67253	0.00978	0.00978	0.00489	0.00489
21	0.02800	0.02418	0.02545	0.02291	0.02927	0.02800	0.01782	0.05981	0.51390	0.04708	0.04581	0.04199	0.03436	0.01527	0.01145	0.00382	0.00891	0.01273	0.01145	0.01782
22	0.02334	0.02001	0.02334	0.01667	0.02667	0.01500	0.01334	0.02834	0.02334	0.03668	0.02001	0.02334	0.01667	0.00834	0.00834	0.00167	0.00834	0.00667	0.00667	0.67325
23	0.03009	0.61122	0.05898	0.01926	0.02889	0.04454	0.01926	0.03370	0.02287	0.02648	0.01565	0.01805	0.01444	0.00963	0.00722	0.00241	0.01204	0.00602	0.00481	0.01444
24	0.02257	0.05822	0.54613	0.03208	0.04871	0.02614	0.04158	0.03564	0.02376	0.03564	0.02020	0.02376	0.01426	0.01069	0.01069	0.00356	0.01663	0.00832	0.00475	0.01663
25	0.03124	0.55747	0.05637	0.02020	0.02946	0.09415	0.01950	0.03479	0.02374	0.02658	0.01582	0.01827	0.01445	0.00982	0.00750	0.00245	0.01283	0.00614	0.00491	0.01431
26	0.01637	0.01091	0.01228	0.01228	0.01228	0.01091	0.00682	0.01637	0.01637	0.02182	0.03546	0.07365	0.04092	0.60445	0.05729	0.01091	0.01091	0.01637	0.00682	0.00682
27	0.48623	0.10110	0.02798	0.01920	0.02707	0.02888	0.05639	0.07205	0.02311	0.04776	0.01724	0.02005	0.01350	0.01051	0.00791	0.00336	0.01036	0.00706	0.00693	0.01333
28	0.01419	0.01121	0.01279	0.01288	0.01587	0.00981	0.00947	0.01770	0.02705	0.03484	0.23816	0.16918	0.33148	0.02771	0.01344	0.00383	0.00569	0.02383	0.01107	0.00981
29	0.01371	0.00979	0.01306	0.01567	0.01632	0.00914	0.01045	0.01567	0.02155	0.02873	0.06203	0.59710	0.07444	0.03526	0.01437	0.00457	0.00653	0.03200	0.01045	0.00914
30	0.01371	0.00979	0.01306	0.01567	0.01632	0.00914	0.01045	0.01567	0.02155	0.02873	0.06203	0.59710	0.07444	0.03526	0.01437	0.00457	0.00653	0.03200	0.01045	0.00914
31	0.02766	0.34908	0.14443	0.02999	0.10353	0.03729	0.02626	0.03331	0.02268	0.02971	0.01715	0.02136	0.01493	0.01121	0.01234	0.00309	0.08851	0.00751	0.00492	0.01504
32	0.05050	0.01915	0.02612	0.02003	0.02873	0.01654	0.01654	0.05485	0.03221	0.54203	0.04440	0.03831	0.02786	0.01393	0.01132	0.00348	0.00958	0.01132	0.01393	0.01915
33	0.04325	0.01731	0.02355	0.01917	0.02629	0.01508	0.01534	0.04713	0.03011	0.44090	0.04788	0.14841	0.03704	0.01813	0.01192	0.00370	0.00898	0.01539	0.01324	0.01718
34	0.02108	0.02144	0.09513	0.02030	0.02673	0.01618	0.05829	0.02965	0.07240	0.07936	0.24654	0.06841	0.15894	0.01979	0.01260	0.00364	0.00884	0.01733	0.01037	0.01296
35	0.02869	0.01582	0.02419	0.06683	0.02963	0.01483	0.05702	0.03264	0.02590	0.21375	0.04873	0.29909	0.04769	0.02332	0.01292	0.00404	0.00943	0.02108	0.01083	0.01355
36	0.01608	0.01206	0.01809	0.01809	0.02010	0.01407	0.01407	0.02010	0.01809	0.02613	0.03015	0.04422	0.02814	0.08441	0.55984	0.01809	0.03015	0.01206	0.00603	0.01005
37	0.02929	0.55202	0.11112	0.02063	0.03101	0.04257	0.02165	0.03391	0.02297	0.02746	0.01613	0.01867	0.01442	0.00974	0.00759	0.00253	0.01253	0.00626	0.00481	0.01468
38	0.12852	0.02880	0.10491	0.02879	0.03905	0.02389	0.14802	0.08397	0.02961	0.22771	0.02979	0.03043	0.02018	0.01178	0.01115	0.00357	0.01317	0.01061	0.00929	0.01677
39	0.02443	0.08260	0.03520	0.21264	0.11120	0.02301	0.06469	0.03021	0.02486	0.07717	0.07465	0.12602	0.03448	0.01595	0.01168	0.00365	0.01209	0.01448	0.00746	0.01352
40	0.03207	0.01759	0.02561	0.02770	0.12141	0.01629	0.01834	0.03725	0.03017	0.23799	0.19033	0.05986	0.05397	0.01781	0.01234	0.00366	0.00908	0.06171	0.01147	0.01534
41	0.08682	0.02606	0.07700	0.26467	0.12061	0.02579	0.07813	0.07252	0.02654	0.08209	0.02283	0.02870	0.01677	0.01121	0.01103	0.00361	0.01408	0.01000	0.00662	0.01493
42	0.03593	0.02865	0.13978	0.10191	0.04000	0.02248	0.02483	0.04508	0.07414	0.26787	0.03329	0.03316	0.02260	0.01350	0.01345	0.00370	0.06251	0.01049	0.00967	0.01695
43	0.04079	0.07940	0.03838	0.02996	0.08268	0.02881	0.07152	0.22939	0.03859	0.20098	0.03019	0.03003	0.02098	0.01252	0.01112	0.00336	0.01231	0.01045	0.01034	0.01817

[dist]
# distance from previous block
# <min> <max>
0	27

[block]
# block no. 11 follows, 11 sequences, length 77
# corresponding to MSA columns:
# 468-544
name=unknown_L
#
# <colnr> <probs for GDERKNQSTAVLIFYWHMCP>
#	G	D	E	R	K	N	Q	S	T	A	V	L	I	F	Y	W	H	M	C	P
0	0.03059	0.02761	0.07293	0.12121	0.11711	0.07259	0.02454	0.06950	0.02818	0.11752	0.06937	0.03310	0.02599	0.01320	0.01338	0.00342	0.06528	0.01044	0.00784	0.07620
1	0.03545	0.02207	0.02835	0.11769	0.03772	0.02357	0.02016	0.08708	0.14643	0.21730	0.03501	0.03464	0.02464	0.01375	0.01295	0.00357	0.05186	0.01087	0.01036	0.06652
2	0.09108	0.02325	0.02807	0.02747	0.10684	0.02326	0.01881	0.12173	0.10761	0.09321	0.06573	0.03316	0.02747	0.01245	0.01032	0.00306	0.00987	0.01019	0.00922	0.17723
3	0.13598	0.07806	0.03670	0.03214	0.11888	0.02652	0.09359	0.11260	0.02811	0.04243	0.02476	0.06871	0.02171	0.01898	0.05957	0.00464	0.01380	0.01109	0.00723	0.06450
4	0.02914	0.02399	0.07526	0.23691	0.04890	0.02319	0.02496	0.11869	0.03092	0.11917	0.07538	0.04408	0.03065	0.01494	0.01179	0.00374	0.01250	0.05231	0.00870	0.01477
