[name]
unknown

[dist]
# distance from previous block
# <min> <max>
0	19

[block]
# block no. 0 follows, 12 sequences, length 28
# corresponding to MSA columns:
# 19-46
name=unknown_A
#
# <colnr> <probs for GDERKNQSTAVLIFYWHMCP>
#	G	D	E	R	K	N	Q	S	T	A	V	L	I	F	Y	W	H	M	C	P
0	0.02122	0.01940	0.06388	0.07359	0.03091	0.01812	0.02072	0.06544	0.09228	0.03675	0.04711	0.08853	0.04733	0.02353	0.01348	0.00447	0.01089	0.30071	0.00934	0.01229
1	0.14428	0.02229	0.02499	0.01991	0.02782	0.02240	0.01647	0.18632	0.03353	0.19386	0.03094	0.03614	0.02348	0.01350	0.01019	0.00322	0.00987	0.05141	0.01019	0.11917
2	0.08800	0.43495	0.17191	0.02119	0.03188	0.03724	0.02313	0.03304	0.02203	0.02986	0.01620	0.01881	0.01375	0.00964	0.00777	0.00269	0.01242	0.00636	0.00484	0.01429
3	0.03000	0.01987	0.02503	0.02337	0.07666	0.01883	0.01654	0.13758	0.03112	0.14240	0.07216	0.14077	0.03580	0.01633	0.01097	0.00314	0.00911	0.01397	0.00979	0.16658
4	0.01328	0.00949	0.01265	0.01518	0.01581	0.00886	0.01012	0.01518	0.02088	0.02783	0.06010	0.60969	0.07212	0.03416	0.01392	0.00443	0.00633	0.03100	0.01012	0.00886
5	0.01586	0.01057	0.01189	0.01189	0.01189	0.01057	0.00661	0.01586	0.01586	0.02114	0.03436	0.07135	0.03964	0.61681	0.05550	0.01057	0.01057	0.01586	0.00661	0.00661
6	0.08211	0.02507	0.02749	0.09542	0.03462	0.08207	0.01887	0.10870	0.02839	0.12962	0.02343	0.02598	0.01746	0.01181	0.01239	0.00303	0.07296	0.00853	0.00792	0.18411
7	0.01602	0.01065	0.01292	0.01286	0.01523	0.00994	0.00945	0.02044	0.02690	0.03926	0.30985	0.15519	0.12073	0.02234	0.01179	0.00340	0.00535	0.01950	0.16825	0.00994
8	0.02055	0.02777	0.15740	0.31640	0.05787	0.02307	0.07358	0.02872	0.02175	0.02966	0.02126	0.02990	0.01661	0.02209	0.10206	0.00584	0.01763	0.00992	0.00501	0.01291
9	0.04073	0.05197	0.03090	0.02809	0.03371	0.57303	0.02107	0.04354	0.03090	0.02669	0.01685	0.01966	0.01404	0.01124	0.00983	0.00281	0.01966	0.00702	0.00562	0.01264
10	0.03368	0.02997	0.02676	0.02375	0.02900	0.19476	0.01890	0.10009	0.07911	0.11141	0.03097	0.04133	0.02615	0.02265	0.07231	0.00503	0.06142	0.07020	0.00851	0.01401
11	0.01582	0.01072	0.01263	0.01263	0.01288	0.01097	0.00752	0.01633	0.01607	0.02169	0.03368	0.06764	0.03803	0.54708	0.12302	0.01148	0.01300	0.01531	0.00651	0.00701
12	0.01894	0.01639	0.02298	0.02107	0.02192	0.02107	0.01660	0.02160	0.01692	0.02501	0.02406	0.03983	0.02407	0.14323	0.27383	0.01128	0.25405	0.01150	0.00554	0.01011
13	0.01343	0.01024	0.01235	0.01358	0.01550	0.00916	0.00952	0.01604	0.02354	0.03046	0.14025	0.36829	0.23758	0.03038	0.01343	0.00404	0.00590	0.02680	0.01037	0.00916
14	0.69383	0.02109	0.01603	0.01434	0.02109	0.02446	0.01181	0.03205	0.01856	0.04892	0.01518	0.01771	0.01181	0.01012	0.00675	0.00337	0.00843	0.00590	0.00675	0.01181
15	0.11141	0.02173	0.02488	0.01966	0.02769	0.06556	0.01605	0.05023	0.02994	0.46030	0.03800	0.03369	0.02437	0.01297	0.01045	0.00332	0.01010	0.01012	0.01215	0.01738
16	0.01562	0.01151	0.01667	0.01667	0.01832	0.01317	0.01257	0.01892	0.01727	0.02468	0.02998	0.04715	0.02913	0.16273	0.49521	0.01647	0.02639	0.01231	0.00596	0.00926
17	0.03027	0.03112	0.04994	0.11084	0.05198	0.12658	0.30481	0.03751	0.02675	0.08735	0.02295	0.02838	0.01692	0.01024	0.01185	0.00348	0.01716	0.01117	0.00629	0.01439
18	0.02949	0.10284	0.08434	0.02101	0.02859	0.02497	0.01877	0.08931	0.19759	0.12214	0.12501	0.04111	0.03874	0.01459	0.01076	0.00335	0.00962	0.01190	0.01009	0.01579
19	0.03230	0.01412	0.01780	0.01498	0.02018	0.01283	0.01190	0.03700	0.02810	0.27345	0.13257	0.04659	0.04134	0.01483	0.01009	0.00308	0.00698	0.01229	0.25561	0.01397
20	0.01371	0.01096	0.01226	0.01219	0.01529	0.00951	0.00905	0.01714	0.02641	0.03375	0.24070	0.13629	0.37135	0.02646	0.01296	0.00366	0.00547	0.02260	0.01071	0.00951
21	0.03883	0.17860	0.03709	0.02444	0.03192	0.27055	0.02002	0.15798	0.03391	0.07869	0.02083	0.02214	0.01617	0.01142	0.00952	0.00286	0.01506	0.00775	0.00733	0.01489
22	0.02879	0.09010	0.39648	0.02739	0.04119	0.02447	0.03295	0.03877	0.02488	0.15677	0.02476	0.02592	0.01693	0.01102	0.01025	0.00335	0.01417	0.00857	0.00670	0.01653
23	0.04612	0.01773	0.02382	0.01849	0.02635	0.01545	0.01520	0.05042	0.03039	0.50580	0.04229	0.03746	0.02708	0.01342	0.01064	0.00329	0.00887	0.01089	0.07855	0.01773
24	0.03632	0.02298	0.02936	0.15607	0.04065	0.02492	0.02107	0.22954	0.03589	0.18870	0.02945	0.03131	0.02067	0.01869	0.06012	0.00463	0.01336	0.01026	0.00974	0.01626
25	0.03523	0.24088	0.12669	0.02344	0.03365	0.02935	0.05811	0.07602	0.02777	0.20803	0.02651	0.02647	0.01883	0.01116	0.00960	0.00303	0.01211	0.00873	0.00813	0.01625
26	0.01872	0.01088	0.01355	0.01446	0.01668	0.01017	0.01053	0.02190	0.02298	0.08313	0.05632	0.34466	0.09274	0.02628	0.01215	0.00387	0.00654	0.05661	0.16760	0.01023
27	0.03108	0.26970	0.08092	0.02142	0.03011	0.03290	0.01982	0.08506	0.18915	0.09239	0.02882	0.02823	0.02196	0.01194	0.00934	0.00305	0.01081	0.00899	0.00821	0.01609

[dist]
# distance from previous block
# <min> <max>
0	6

[block]
# block no. 1 follows, 12 sequences, length 30
# corresponding to MSA columns:
# 53-82
name=unknown_B
#
# <colnr> <probs for GDERKNQSTAVLIFYWHMCP>
#	G	D	E	R	K	N	Q	S	T	A	V	L	I	F	Y	W	H	M	C	P
0	0.01881	0.01089	0.01461	0.01584	0.01768	0.00997	0.01104	0.02107	0.02248	0.10975	0.05745	0.52094	0.06512	0.03096	0.01346	0.00426	0.00678	0.02789	0.01064	0.01036
1	0.03742	0.12265	0.03523	0.02385	0.03211	0.06574	0.01992	0.34482	0.11485	0.05624	0.02657	0.02655	0.01971	0.01265	0.01027	0.00316	0.01190	0.00940	0.00966	0.01731
2	0.22570	0.11960	0.19039	0.02120	0.03184	0.02641	0.02236	0.06852	0.02363	0.04032	0.01808	0.02080	0.01401	0.00995	0.00843	0.00293	0.01145	0.00694	0.00606	0.13138
3	0.03520	0.06823	0.02526	0.01847	0.02500	0.01879	0.01505	0.07692	0.07108	0.28597	0.14744	0.08626	0.04526	0.01661	0.01126	0.00339	0.00853	0.01389	0.01180	0.01560
4	0.02535	0.29994	0.30066	0.02694	0.03968	0.03324	0.07015	0.03375	0.02287	0.03071	0.01786	0.02116	0.01412	0.00981	0.00911	0.00299	0.01437	0.00749	0.00471	0.01508
5	0.03558	0.02004	0.03008	0.07015	0.13018	0.01935	0.05524	0.06819	0.02863	0.26255	0.03322	0.03403	0.02316	0.01211	0.01048	0.00324	0.01045	0.01057	0.12667	0.01610
6	0.01489	0.01886	0.10776	0.01531	0.02074	0.01216	0.01434	0.01967	0.02513	0.03242	0.15740	0.12921	0.34365	0.02432	0.01253	0.00367	0.00738	0.02055	0.00945	0.01055
7	0.02310	0.08679	0.35150	0.12316	0.13781	0.02656	0.03596	0.03317	0.02308	0.03304	0.01938	0.02425	0.01454	0.01026	0.01027	0.00336	0.01499	0.00844	0.00478	0.01554
8	0.02108	0.01987	0.03358	0.55089	0.11102	0.02435	0.03052	0.02828	0.02203	0.02845	0.01947	0.02891	0.01474	0.01081	0.01089	0.00360	0.01441	0.00969	0.00489	0.01250
9	0.02788	0.52424	0.14511	0.02083	0.03134	0.04003	0.02244	0.03298	0.02231	0.02721	0.01593	0.01846	0.01396	0.00951	0.00758	0.00253	0.01244	0.00622	0.00465	0.01436
10	0.03167	0.01799	0.02056	0.01715	0.02276	0.01837	0.01369	0.14578	0.07465	0.16554	0.09851	0.04156	0.03527	0.01433	0.01008	0.00311	0.00793	0.01163	0.23483	0.01461
11	0.01532	0.01071	0.01367	0.01411	0.01479	0.01116	0.00927	0.01679	0.01722	0.02353	0.03735	0.15715	0.04170	0.35867	0.19954	0.01153	0.01527	0.01728	0.00700	0.00791
12	0.01596	0.01242	0.01739	0.11502	0.02679	0.01257	0.01408	0.02080	0.02695	0.03678	0.31527	0.15701	0.11247	0.02300	0.01282	0.00374	0.00731	0.04915	0.01020	0.01029
13	0.02034	0.01236	0.01788	0.01740	0.02013	0.01317	0.01339	0.02394	0.02023	0.10806	0.03675	0.14106	0.03506	0.06287	0.38853	0.01304	0.02212	0.01495	0.00778	0.01095
14	0.02059	0.01938	0.03270	0.59060	0.07510	0.02422	0.03028	0.02786	0.02180	0.02786	0.01938	0.02907	0.01453	0.01090	0.01090	0.00363	0.01453	0.00969	0.00484	0.01211
15	0.04323	0.02768	0.03095	0.02373	0.03238	0.02956	0.01960	0.40267	0.04647	0.18525	0.03020	0.02879	0.02056	0.01319	0.01092	0.00330	0.01135	0.01009	0.01153	0.01855
16	0.01789	0.01520	0.02380	0.20744	0.03855	0.01871	0.01994	0.02278	0.01887	0.02623	0.02477	0.03677	0.02202	0.05337	0.34485	0.01192	0.06990	0.01085	0.00543	0.01070
17	0.01356	0.01080	0.01217	0.01241	0.01529	0.00940	0.00908	0.01674	0.02559	0.03258	0.20490	0.18758	0.35642	0.02749	0.01306	0.00375	0.00557	0.02362	0.01057	0.00940
18	0.04183	0.02848	0.16554	0.02246	0.03291	0.01846	0.02238	0.04826	0.02906	0.41956	0.03687	0.03342	0.02354	0.01267	0.01081	0.00339	0.01107	0.01020	0.01116	0.01792
19	0.01465	0.01109	0.01633	0.01768	0.01919	0.01048	0.03941	0.01744	0.02180	0.02898	0.05759	0.50154	0.06753	0.03213	0.01404	0.00448	0.00758	0.09886	0.00985	0.00937
20	0.69383	0.02109	0.01603	0.01434	0.02109	0.02446	0.01181	0.03205	0.01856	0.04892	0.01518	0.01771	0.01181	0.01012	0.00675	0.00337	0.00843	0.00590	0.00675	0.01181
21	0.03255	0.03802	0.20622	0.02714	0.03742	0.03050	0.02718	0.28314	0.07351	0.05237	0.02435	0.02599	0.01770	0.01279	0.01274	0.00348	0.06003	0.00939	0.00835	0.01712
22	0.12062	0.01291	0.01557	0.01531	0.01835	0.01426	0.01193	0.02123	0.01939	0.03093	0.04175	0.04962	0.11533	0.05566	0.34229	0.01171	0.01991	0.01265	0.06060	0.01000
23	0.02535	0.25536	0.26925	0.02986	0.04241	0.03226	0.13572	0.03394	0.02331	0.03141	0.01852	0.02243	0.01448	0.00973	0.00970	0.00310	0.01500	0.00831	0.00483	0.01504
24	0.01663	0.11752	0.02091	0.01587	0.01878	0.01545	0.01243	0.01940	0.02234	0.02841	0.05970	0.35596	0.13377	0.02821	0.01272	0.00403	0.00768	0.09106	0.00916	0.00998
25	0.01543	0.01115	0.01457	0.01372	0.01629	0.01029	0.01029	0.02058	0.03086	0.04372	0.54304	0.08145	0.10288	0.02229	0.01286	0.00343	0.00514	0.01972	0.01200	0.01029
26	0.01911	0.01215	0.01432	0.01412	0.01790	0.01062	0.01092	0.02224	0.02523	0.11126	0.08546	0.17717	0.32937	0.02678	0.01302	0.00392	0.00679	0.07828	0.01064	0.01070
27	0.03673	0.15964	0.03660	0.11067	0.03787	0.09130	0.02097	0.19917	0.03451	0.13348	0.02460	0.02590	0.01790	0.01179	0.00994	0.00309	0.01269	0.00881	0.00846	0.01589
28	0.02529	0.05188	0.46807	0.03003	0.04485	0.02681	0.03687	0.11809	0.02796	0.04051	0.02072	0.02357	0.01464	0.01084	0.01045	0.00342	0.01539	0.00836	0.00571	0.01654
29	0.01568	0.01299	0.01397	0.01339	0.01720	0.01223	0.01014	0.02334	0.10439	0.03524	0.19962	0.08958	0.36369	0.02440	0.01260	0.00363	0.00592	0.02060	0.01071	0.01070

[dist]
# distance from previous block
# <min> <max>
0	3

[block]
# block no. 2 follows, 12 sequences, length 21
# corresponding to MSA columns:
# 86-106
name=unknown_C
#
# <colnr> <probs for GDERKNQSTAVLIFYWHMCP>
#	G	D	E	R	K	N	Q	S	T	A	V	L	I	F	Y	W	H	M	C	P
0	0.13759	0.06349	0.02808	0.08576	0.06119	0.06479	0.01838	0.07490	0.11419	0.07988	0.02502	0.02678	0.01905	0.01111	0.00935	0.00298	0.01071	0.00854	0.00778	0.15042
1	0.08275	0.32654	0.08202	0.02036	0.02935	0.03396	0.01939	0.07066	0.10718	0.09609	0.02421	0.02455	0.01875	0.01109	0.00862	0.00290	0.01101	0.00792	0.00730	0.01535
2	0.03549	0.24526	0.09638	0.02350	0.03269	0.12235	0.02176	0.18070	0.03313	0.08075	0.02137	0.02256	0.01636	0.01120	0.00930	0.00289	0.01335	0.00786	0.00738	0.01572
3	0.04590	0.02340	0.02830	0.02170	0.03025	0.02321	0.01792	0.23868	0.03931	0.35936	0.03621	0.03270	0.02358	0.01333	0.01094	0.00333	0.01038	0.01050	0.01245	0.01855
4	0.13904	0.01973	0.02243	0.01719	0.02580	0.01748	0.01391	0.03745	0.06171	0.18031	0.02698	0.02710	0.01966	0.01038	0.00887	0.00253	0.00850	0.00803	0.00877	0.34413
5	0.02731	0.02140	0.02657	0.02188	0.02924	0.02128	0.05037	0.08150	0.20168	0.08141	0.03610	0.04509	0.02980	0.01447	0.01092	0.00324	0.00969	0.07653	0.00943	0.20209
6	0.21909	0.02247	0.02716	0.02096	0.02936	0.02241	0.05776	0.12697	0.02995	0.22247	0.02775	0.02744	0.01912	0.01149	0.00963	0.00318	0.01019	0.00901	0.00967	0.09393
7	0.01907	0.01096	0.01471	0.01587	0.01777	0.01002	0.01108	0.02134	0.02255	0.11361	0.05732	0.51677	0.06479	0.03081	0.01344	0.00426	0.00681	0.02775	0.01067	0.01043
8	0.02582	0.02352	0.04646	0.16964	0.05332	0.02334	0.28150	0.03316	0.02489	0.09326	0.02811	0.09496	0.02348	0.01289	0.01229	0.00371	0.01506	0.01391	0.00680	0.01388
9	0.04771	0.02050	0.02651	0.02032	0.02880	0.01891	0.01679	0.12768	0.03446	0.47720	0.04028	0.03534	0.02562	0.01343	0.01096	0.00336	0.00972	0.01078	0.01308	0.01855
10	0.01596	0.01098	0.01348	0.01286	0.01554	0.01015	0.00964	0.02084	0.02893	0.04171	0.41485	0.07731	0.13750	0.02130	0.01201	0.00331	0.00517	0.01852	0.11978	0.01015
11	0.02624	0.02515	0.04291	0.12801	0.49354	0.02571	0.03309	0.03281	0.02447	0.03472	0.02038	0.02723	0.01695	0.00985	0.01081	0.00328	0.01314	0.00971	0.00533	0.01667
12	0.02143	0.01746	0.06769	0.02013	0.02488	0.01381	0.07161	0.02620	0.02487	0.10822	0.12630	0.28205	0.05591	0.02274	0.01243	0.00380	0.00871	0.02068	0.05919	0.01188
13	0.01328	0.00949	0.01265	0.01518	0.01581	0.00886	0.01012	0.01518	0.02088	0.02783	0.06010	0.60969	0.07212	0.03416	0.01392	0.00443	0.00633	0.03100	0.01012	0.00886
14	0.04892	0.01856	0.02530	0.01940	0.02783	0.01603	0.01603	0.05314	0.03121	0.55634	0.04302	0.03711	0.02699	0.01350	0.01096	0.00337	0.00928	0.01096	0.01350	0.01856
15	0.02332	0.02049	0.03186	0.07511	0.03607	0.02138	0.13321	0.08782	0.11772	0.03825	0.04046	0.17363	0.03932	0.01968	0.01274	0.00401	0.01155	0.09119	0.00884	0.01335
16	0.01645	0.01297	0.01921	0.01870	0.02044	0.01572	0.01471	0.02019	0.01744	0.02541	0.02763	0.04082	0.02589	0.07513	0.51661	0.01617	0.08935	0.01146	0.00573	0.00997
17	0.02270	0.02586	0.15094	0.02562	0.06704	0.01923	0.02261	0.02991	0.05106	0.08760	0.04262	0.16169	0.07185	0.02062	0.01501	0.00403	0.07895	0.08119	0.00823	0.01325
18	0.07904	0.02530	0.03330	0.12626	0.17229	0.02752	0.02429	0.20187	0.07233	0.09227	0.02569	0.02832	0.01895	0.01182	0.01061	0.00337	0.01192	0.00979	0.00844	0.01661
19	0.11065	0.12260	0.03283	0.12585	0.07245	0.09630	0.02041	0.04026	0.02613	0.21228	0.02611	0.02730	0.01855	0.01141	0.00967	0.00317	0.01213	0.00873	0.00815	0.01503
20	0.10352	0.02633	0.11223	0.06461	0.12751	0.02123	0.09233	0.03282	0.02524	0.09294	0.10699	0.03531	0.03068	0.01215	0.01068	0.00328	0.01169	0.01095	0.00744	0.07207

[dist]
# distance from previous block
# <min> <max>
1	8

[block]
# block no. 3 follows, 12 sequences, length 27
# corresponding to MSA columns:
# 115-141
name=unknown_D
#
# <colnr> <probs for GDERKNQSTAVLIFYWHMCP>
#	G	D	E	R	K	N	Q	S	T	A	V	L	I	F	Y	W	H	M	C	P
0	0.03034	0.08064	0.29357	0.02944	0.04154	0.10641	0.07575	0.08946	0.02828	0.09059	0.02228	0.02460	0.01599	0.01093	0.01044	0.00328	0.01542	0.00872	0.00644	0.01586
1	0.03574	0.18367	0.03766	0.02203	0.03086	0.02700	0.06071	0.08703	0.08077	0.21235	0.02967	0.02893	0.02125	0.01150	0.00976	0.00295	0.01078	0.00930	0.00916	0.08888
2	0.02310	0.01236	0.01554	0.01430	0.01799	0.01121	0.01086	0.02730	0.02748	0.15263	0.23002	0.14406	0.11441	0.02098	0.01170	0.00344	0.00626	0.01812	0.12646	0.01177
3	0.01916	0.01353	0.01638	0.01569	0.01906	0.01294	0.01190	0.07147	0.02733	0.03909	0.16596	0.22828	0.06068	0.02276	0.01191	0.00354	0.00698	0.06225	0.10752	0.08359
4	0.03588	0.09718	0.19186	0.02589	0.03699	0.02406	0.07483	0.07304	0.02852	0.25888	0.02980	0.02931	0.02005	0.01164	0.01055	0.00331	0.01268	0.00967	0.00891	0.01694
5	0.03241	0.10996	0.03505	0.07474	0.08793	0.02625	0.05446	0.04635	0.19634	0.17170	0.03364	0.03320	0.02444	0.01242	0.01054	0.00336	0.01086	0.01057	0.00928	0.01651
6	0.02354	0.01270	0.01647	0.01596	0.01963	0.01137	0.01218	0.02682	0.02569	0.17392	0.10476	0.26688	0.14782	0.02592	0.01295	0.00398	0.00727	0.06912	0.01119	0.01180
7	0.09351	0.02740	0.08547	0.02748	0.08399	0.07068	0.04655	0.07000	0.10450	0.13628	0.03370	0.11406	0.02842	0.01520	0.01093	0.00353	0.01137	0.01285	0.00890	0.01518
8	0.03119	0.15023	0.30151	0.02547	0.03796	0.02674	0.02902	0.06586	0.02653	0.16741	0.02508	0.02576	0.01746	0.01112	0.00992	0.00322	0.01332	0.00848	0.00723	0.01648
9	0.09459	0.01441	0.01764	0.01705	0.01960	0.01520	0.01302	0.09051	0.02279	0.03289	0.03070	0.09639	0.03121	0.02941	0.02626	0.31944	0.00958	0.10306	0.00735	0.00891
10	0.01395	0.01030	0.01420	0.05549	0.02001	0.01004	0.01155	0.01646	0.02165	0.02897	0.09163	0.53129	0.07026	0.03168	0.01363	0.00430	0.00682	0.02870	0.00988	0.00919
11	0.07966	0.03071	0.15918	0.02326	0.03326	0.02317	0.02272	0.12211	0.09465	0.25005	0.03283	0.03103	0.02216	0.01260	0.01055	0.00342	0.01129	0.00990	0.01012	0.01735
12	0.02809	0.54072	0.13049	0.02047	0.03078	0.04055	0.02181	0.03292	0.02228	0.02695	0.01580	0.01830	0.01397	0.00948	0.00749	0.00250	0.01231	0.00615	0.00466	0.01430
13	0.10142	0.08013	0.07858	0.02080	0.02998	0.02604	0.01856	0.16040	0.10350	0.04616	0.02399	0.02523	0.01839	0.01091	0.00923	0.00278	0.01030	0.00823	0.00800	0.21735
14	0.03939	0.02047	0.02566	0.02036	0.02723	0.02051	0.01669	0.14466	0.03360	0.31783	0.07776	0.04262	0.07518	0.01580	0.01360	0.00351	0.06463	0.01226	0.01171	0.01652
15	0.12227	0.01366	0.01532	0.01418	0.01839	0.01320	0.01087	0.02910	0.02461	0.15242	0.09171	0.15598	0.09394	0.01901	0.01045	0.00341	0.00679	0.01589	0.17688	0.01192
16	0.03787	0.02719	0.02760	0.07276	0.03354	0.12075	0.01891	0.14061	0.10694	0.20540	0.06866	0.03475	0.02819	0.01360	0.01090	0.00333	0.01176	0.01074	0.01034	0.01615
17	0.14119	0.02498	0.03021	0.12519	0.03928	0.07028	0.07065	0.14592	0.03067	0.08915	0.02804	0.04017	0.02333	0.01417	0.01094	0.00362	0.01263	0.07720	0.00824	0.01415
18	0.03423	0.24739	0.03828	0.02329	0.03003	0.33844	0.01909	0.03727	0.02732	0.02657	0.02457	0.02647	0.06106	0.01202	0.00911	0.00272	0.01562	0.00803	0.00569	0.01281
19	0.03596	0.02056	0.02502	0.01886	0.02773	0.01808	0.01535	0.09630	0.05665	0.25594	0.03131	0.03001	0.02184	0.01127	0.00977	0.00265	0.00906	0.00903	0.01014	0.29447
20	0.02467	0.01957	0.02183	0.02023	0.02476	0.02220	0.01549	0.04578	0.38066	0.03871	0.03935	0.04391	0.03177	0.02101	0.01856	0.15950	0.00891	0.03956	0.00957	0.01395
21	0.01891	0.01489	0.01787	0.01689	0.02035	0.01577	0.01281	0.03164	0.18366	0.04099	0.29182	0.10871	0.07046	0.02739	0.07314	0.00512	0.00893	0.01749	0.01090	0.01228
22	0.01847	0.01736	0.03172	0.16178	0.04140	0.01771	0.15256	0.02367	0.02244	0.02980	0.03984	0.31033	0.04297	0.02169	0.01290	0.00403	0.01162	0.02088	0.00758	0.01125
23	0.01971	0.01204	0.01588	0.01655	0.01886	0.01172	0.01187	0.02422	0.05822	0.10587	0.05314	0.42429	0.05791	0.03493	0.07391	0.00564	0.00940	0.02465	0.01022	0.01096
24	0.02128	0.01573	0.01857	0.01662	0.02075	0.01577	0.01317	0.13291	0.03414	0.04639	0.31611	0.07623	0.13877	0.02171	0.01264	0.00359	0.00727	0.06504	0.01130	0.01201
25	0.10567	0.02496	0.02565	0.02086	0.02849	0.10036	0.01680	0.07979	0.08519	0.34464	0.03564	0.03242	0.02381	0.01296	0.01041	0.00332	0.01082	0.00999	0.01128	0.01692
26	0.29136	0.01951	0.02182	0.01750	0.02530	0.01920	0.01444	0.04521	0.02645	0.36559	0.03255	0.02982	0.02128	0.01223	0.00938	0.00337	0.00896	0.00906	0.01096	0.01602

[dist]
# distance from previous block
# <min> <max>
0	22

[block]
# block no. 4 follows, 12 sequences, length 156
# corresponding to MSA columns:
# 164-319
name=unknown_E
#
# <colnr> <probs for GDERKNQSTAVLIFYWHMCP>
#	G	D	E	R	K	N	Q	S	T	A	V	L	I	F	Y	W	H	M	C	P
0	0.02095	0.05137	0.50155	0.02937	0.04383	0.02356	0.03705	0.03245	0.02279	0.03381	0.02392	0.08597	0.02007	0.01291	0.01074	0.00356	0.01506	0.01052	0.00520	0.01534
1	0.01451	0.01037	0.01400	0.01618	0.01745	0.00987	0.01189	0.01746	0.02287	0.03056	0.10823	0.44224	0.07302	0.03202	0.01408	0.00447	0.00708	0.13414	0.01029	0.00928
2	0.02246	0.01977	0.02594	0.02425	0.02854	0.06886	0.08395	0.06764	0.02753	0.03498	0.04658	0.14446	0.04910	0.02447	0.01379	0.00442	0.01185	0.28081	0.00909	0.01152
3	0.14982	0.01895	0.02385	0.01861	0.02678	0.01735	0.01537	0.04984	0.02923	0.47695	0.03866	0.03408	0.02462	0.01297	0.01031	0.00337	0.00915	0.01017	0.01244	0.01750
4	0.01413	0.01004	0.01324	0.01521	0.01616	0.00950	0.01054	0.01648	0.02185	0.02931	0.10634	0.46418	0.07154	0.08278	0.01750	0.00491	0.00692	0.07045	0.01000	0.00892
5	0.02658	0.01596	0.01878	0.01747	0.02186	0.01637	0.01449	0.12638	0.03024	0.09565	0.04187	0.06509	0.03766	0.01873	0.01113	0.00361	0.00858	0.16690	0.24997	0.01267
6	0.01563	0.01106	0.01395	0.01323	0.01588	0.01019	0.00992	0.02058	0.02977	0.04238	0.46939	0.08000	0.13081	0.02194	0.01244	0.00338	0.00517	0.01921	0.06487	0.01019
7	0.02973	0.03273	0.05028	0.03792	0.04601	0.12753	0.29595	0.08326	0.02783	0.03549	0.02032	0.02646	0.01595	0.01150	0.01571	0.00365	0.10848	0.01099	0.00596	0.01429
8	0.01450	0.01043	0.01374	0.01435	0.01608	0.00967	0.01022	0.01824	0.02654	0.03684	0.33386	0.31024	0.08956	0.02743	0.01332	0.00386	0.00566	0.02460	0.01119	0.00967
9	0.01479	0.01082	0.01540	0.01677	0.01821	0.01142	0.01252	0.01793	0.01980	0.02720	0.04579	0.29954	0.05070	0.05539	0.26870	0.01045	0.01714	0.06989	0.00817	0.00938
10	0.01476	0.01001	0.01205	0.01340	0.01506	0.00928	0.00934	0.01767	0.02269	0.03182	0.10074	0.37442	0.14418	0.02798	0.01244	0.00386	0.00586	0.02474	0.14043	0.00928
11	0.03156	0.02562	0.03933	0.08956	0.36453	0.02633	0.02903	0.12772	0.03038	0.09399	0.02380	0.02799	0.01831	0.01083	0.01084	0.00329	0.01251	0.00986	0.00724	0.01730
12	0.01629	0.01196	0.01589	0.01797	0.02048	0.01157	0.01514	0.02057	0.02460	0.03156	0.06726	0.17203	0.14848	0.03011	0.01456	0.00472	0.00885	0.34813	0.01006	0.00977
13	0.02858	0.55904	0.05459	0.01973	0.02805	0.04210	0.01921	0.03196	0.02157	0.02572	0.01507	0.01817	0.01403	0.01038	0.01008	0.00259	0.07445	0.00623	0.00468	0.01377
14	0.02059	0.01938	0.03270	0.59060	0.07510	0.02422	0.03028	0.02786	0.02180	0.02786	0.01938	0.02907	0.01453	0.01090	0.01090	0.00363	0.01453	0.00969	0.00484	0.01211
15	0.02521	0.01735	0.02100	0.01671	0.02391	0.01463	0.01311	0.03192	0.06814	0.12079	0.11130	0.09220	0.03833	0.01426	0.01011	0.00263	0.00769	0.01212	0.00921	0.34938
16	0.02659	0.42406	0.23402	0.02302	0.03474	0.03688	0.02626	0.03331	0.02246	0.02877	0.01671	0.01943	0.01393	0.00969	0.00818	0.00273	0.01323	0.00661	0.00464	0.01474
17	0.02527	0.01818	0.03069	0.03253	0.14246	0.01712	0.09967	0.02985	0.02456	0.13297	0.04172	0.27371	0.04203	0.02061	0.01248	0.00384	0.01037	0.01941	0.00896	0.01356
18	0.04892	0.01856	0.02530	0.01940	0.02783	0.01603	0.01603	0.05314	0.03121	0.55634	0.04302	0.03711	0.02699	0.01350	0.01096	0.00337	0.00928	0.01096	0.01350	0.01856
19	0.02464	0.10154	0.47494	0.02909	0.04402	0.02610	0.03652	0.03585	0.02360	0.07536	0.02106	0.02367	0.01488	0.01052	0.01012	0.00335	0.01519	0.00810	0.00532	0.01613
20	0.02448	0.02339	0.04057	0.11423	0.38405	0.02365	0.07038	0.03087	0.02471	0.03474	0.05811	0.07107	0.02640	0.01232	0.01133	0.00341	0.01261	0.01211	0.00611	0.01546
21	0.02537	0.02747	0.05296	0.03945	0.04722	0.02903	0.34195	0.03467	0.06678	0.03361	0.02199	0.02895	0.01741	0.01222	0.01861	0.00396	0.16636	0.01197	0.00580	0.01421
22	0.02082	0.01171	0.01565	0.01560	0.01829	0.01065	0.01132	0.02406	0.02563	0.13529	0.18901	0.35334	0.07174	0.02688	0.01305	0.00395	0.00658	0.02400	0.01129	0.01114
23	0.02880	0.02283	0.03782	0.20823	0.32746	0.02379	0.02966	0.03513	0.02502	0.11976	0.02392	0.02926	0.01810	0.01068	0.01085	0.00337	0.01279	0.00992	0.00658	0.01601
24	0.03951	0.01919	0.02583	0.02369	0.07177	0.01806	0.01763	0.07705	0.06559	0.35513	0.07982	0.04726	0.03522	0.01547	0.01149	0.00354	0.00949	0.05533	0.01202	0.01692
25	0.01757	0.01255	0.01757	0.02008	0.02259	0.01255	0.01757	0.02259	0.02510	0.03263	0.05773	0.12299	0.06275	0.03012	0.01506	0.00502	0.01004	0.47540	0.01004	0.01004
26	0.03449	0.02719	0.04148	0.03083	0.03981	0.02768	0.19104	0.25292	0.03838	0.10700	0.07107	0.03325	0.02601	0.01256	0.01177	0.00344	0.01336	0.01187	0.00938	0.01648
27	0.08800	0.02369	0.03276	0.02497	0.03356	0.06617	0.11237	0.04732	0.02925	0.37478	0.03479	0.03280	0.02281	0.01223	0.01095	0.00338	0.01188	0.01065	0.01081	0.01684
28	0.02274	0.01645	0.01719	0.01583	0.01993	0.06036	0.01202	0.02829	0.06159	0.11720	0.22281	0.12365	0.19506	0.02204	0.01229	0.00355	0.00749	0.01874	0.01094	0.01182
29	0.02915	0.62337	0.05714	0.01866	0.02799	0.04314	0.01866	0.03265	0.02215	0.02565	0.01516	0.01749	0.01399	0.00933	0.00700	0.00233	0.01166	0.00583	0.00466	0.01399
30	0.02915	0.62337	0.05714	0.01866	0.02799	0.04314	0.01866	0.03265	0.02215	0.02565	0.01516	0.01749	0.01399	0.00933	0.00700	0.00233	0.01166	0.00583	0.00466	0.01399
31	0.02915	0.62337	0.05714	0.01866	0.02799	0.04314	0.01866	0.03265	0.02215	0.02565	0.01516	0.01749	0.01399	0.00933	0.00700	0.00233	0.01166	0.00583	0.00466	0.01399
32	0.04746	0.02089	0.02675	0.02051	0.02900	0.01950	0.01694	0.14274	0.03512	0.46122	0.03973	0.03498	0.02534	0.01342	0.01095	0.00335	0.00981	0.01074	0.01299	0.01855
33	0.02712	0.02342	0.02465	0.02219	0.02835	0.02712	0.01726	0.05794	0.52909	0.04561	0.04438	0.04068	0.03328	0.01479	0.01109	0.00370	0.00863	0.01233	0.01109	0.01726
34	0.01346	0.00980	0.01269	0.01464	0.01576	0.00903	0.00997	0.01577	0.02226	0.02959	0.11353	0.50885	0.11974	0.03235	0.01371	0.00426	0.00613	0.02911	0.01031	0.00903
35	0.03238	0.02298	0.02535	0.02185	0.02864	0.02543	0.01726	0.08908	0.39824	0.14688	0.04283	0.03896	0.03102	0.01442	0.01106	0.00360	0.00899	0.01188	0.01155	0.01760
36	0.02574	0.02941	0.06434	0.04596	0.05699	0.02757	0.50919	0.03493	0.02574	0.03493	0.02206	0.02941	0.01654	0.00919	0.01287	0.00368	0.01838	0.01287	0.00551	0.01471
37	0.01328	0.00949	0.01265	0.01518	0.01581	0.00886	0.01012	0.01518	0.02088	0.02783	0.06010	0.60969	0.07212	0.03416	0.01392	0.00443	0.00633	0.03100	0.01012	0.00886
38	0.04892	0.01856	0.02530	0.01940	0.02783	0.01603	0.01603	0.05314	0.03121	0.55634	0.04302	0.03711	0.02699	0.01350	0.01096	0.00337	0.00928	0.01096	0.01350	0.01856
39	0.10247	0.02197	0.02327	0.02012	0.02658	0.02438	0.01594	0.09725	0.30951	0.11852	0.03839	0.03626	0.02812	0.01374	0.01026	0.00347	0.00870	0.01099	0.07375	0.01631
40	0.04892	0.01856	0.02530	0.01940	0.02783	0.01603	0.01603	0.05314	0.03121	0.55634	0.04302	0.03711	0.02699	0.01350	0.01096	0.00337	0.00928	0.01096	0.01350	0.01856
41	0.01894	0.00947	0.01420	0.01420	0.01420	0.00947	0.00947	0.01420	0.01420	0.01894	0.01894	0.03314	0.01894	0.03788	0.04261	0.68277	0.00947	0.00947	0.00473	0.00473
42	0.02197	0.01259	0.01667	0.01483	0.01854	0.01141	0.01141	0.02693	0.03093	0.14373	0.44549	0.07280	0.08808	0.02057	0.01249	0.00342	0.00595	0.01801	0.01229	0.01190
43	0.33885	0.03217	0.02371	0.02060	0.02735	0.20930	0.01628	0.08661	0.02737	0.09787	0.01984	0.02130	0.01487	0.01116	0.00866	0.00317	0.01267	0.00722	0.00751	0.01349
44	0.02042	0.01445	0.02182	0.01975	0.02336	0.01388	0.07866	0.02657	0.06674	0.08375	0.09126	0.32851	0.05543	0.02410	0.01257	0.00390	0.00822	0.02209	0.07297	0.01154
45	0.04227	0.01852	0.02513	0.01995	0.02641	0.01791	0.01620	0.04583	0.02772	0.43146	0.03821	0.03857	0.02645	0.07233	0.01869	0.00426	0.09073	0.01124	0.01162	0.01649
46	0.02747	0.02224	0.03050	0.02522	0.03090	0.06348	0.12109	0.12277	0.02976	0.09395	0.04002	0.26254	0.04024	0.02063	0.01246	0.00380	0.01141	0.01890	0.00929	0.01335
47	0.69383	0.02109	0.01603	0.01434	0.02109	0.02446	0.01181	0.03205	0.01856	0.04892	0.01518	0.01771	0.01181	0.01012	0.00675	0.00337	0.00843	0.00590	0.00675	0.01181
48	0.69383	0.02109	0.01603	0.01434	0.02109	0.02446	0.01181	0.03205	0.01856	0.04892	0.01518	0.01771	0.01181	0.01012	0.00675	0.00337	0.00843	0.00590	0.00675	0.01181
49	0.14207	0.02151	0.02790	0.02802	0.12871	0.02065	0.01884	0.08281	0.02879	0.27748	0.03028	0.02960	0.02083	0.01161	0.00996	0.00315	0.00997	0.00935	0.00988	0.08859
50	0.02630	0.02521	0.04302	0.12311	0.49797	0.02573	0.03312	0.03286	0.02450	0.03479	0.02039	0.02721	0.01698	0.00984	0.01081	0.00328	0.01312	0.00971	0.00534	0.01672
51	0.01454	0.01111	0.01333	0.01278	0.01574	0.00991	0.00958	0.01884	0.02875	0.03871	0.39097	0.08970	0.25808	0.02416	0.01287	0.00352	0.00528	0.02088	0.01134	0.00991
52	0.02741	0.02729	0.05719	0.10184	0.05612	0.02610	0.41034	0.03592	0.02584	0.08435	0.02379	0.03012	0.01733	0.00979	0.01247	0.00364	0.01709	0.01234	0.00621	0.01480
53	0.02567	0.35271	0.29734	0.02459	0.03715	0.03464	0.02898	0.03355	0.02257	0.02989	0.01726	0.02013	0.01391	0.00982	0.00860	0.00287	0.01379	0.00689	0.00464	0.01501
54	0.04892	0.01856	0.02530	0.01940	0.02783	0.01603	0.01603	0.05314	0.03121	0.55634	0.04302	0.03711	0.02699	0.01350	0.01096	0.00337	0.00928	0.01096	0.01350	0.01856
55	0.03304	0.01894	0.02545	0.02061	0.02632	0.01857	0.05619	0.12757	0.02960	0.21400	0.03667	0.05182	0.03127	0.19238	0.02460	0.00564	0.01103	0.05236	0.00998	0.01397
56	0.01834	0.01365	0.01887	0.01797	0.02070	0.01547	0.01407	0.07247	0.02243	0.03174	0.07833	0.04476	0.03360	0.06868	0.45926	0.01464	0.02504	0.01226	0.00698	0.01073
57	0.01385	0.01108	0.01238	0.01206	0.01532	0.00961	0.00904	0.01751	0.02713	0.03485	0.27399	0.09605	0.37747	0.02560	0.01288	0.00359	0.00538	0.02177	0.01083	0.00961
58	0.01562	0.01153	0.01674	0.01674	0.01842	0.01321	0.01266	0.01897	0.01729	0.02473	0.02992	0.04678	0.02897	0.15583	0.50189	0.01656	0.02663	0.01226	0.00595	0.00930
59	0.02574	0.02941	0.06434	0.04596	0.05699	0.02757	0.50919	0.03493	0.02574	0.03493	0.02206	0.02941	0.01654	0.00919	0.01287	0.00368	0.01838	0.01287	0.00551	0.01471
60	0.02187	0.05640	0.56031	0.03108	0.04719	0.02532	0.04029	0.03453	0.02302	0.03453	0.01957	0.02302	0.01381	0.01036	0.01036	0.00345	0.01611	0.00806	0.00460	0.01611
61	0.01365	0.00975	0.01307	0.01560	0.01639	0.00917	0.01075	0.01581	0.02123	0.02824	0.05990	0.56835	0.07132	0.03382	0.01401	0.00448	0.00664	0.06874	0.01011	0.00896
62	0.69383	0.02109	0.01603	0.01434	0.02109	0.02446	0.01181	0.03205	0.01856	0.04892	0.01518	0.01771	0.01181	0.01012	0.00675	0.00337	0.00843	0.00590	0.00675	0.01181
63	0.02746	0.49202	0.17371	0.02153	0.03243	0.03901	0.02367	0.03309	0.02236	0.02771	0.01618	0.01877	0.01395	0.00957	0.00778	0.00259	0.01269	0.00635	0.00465	0.01448
64	0.02568	0.02458	0.04191	0.17351	0.45238	0.02556	0.03282	0.03232	0.02421	0.03404	0.02028	0.02741	0.01671	0.00996	0.01082	0.00332	0.01328	0.00971	0.00528	0.01622
65	0.01644	0.01258	0.01767	0.01721	0.01849	0.01478	0.01289	0.01923	0.01703	0.02438	0.02904	0.04802	0.02905	0.20720	0.39454	0.01459	0.07926	0.01250	0.00593	0.00918
66	0.10229	0.02991	0.03158	0.02850	0.08084	0.14501	0.05847	0.11378	0.07473	0.18429	0.02842	0.02853	0.02023	0.01203	0.01045	0.00327	0.01290	0.00959	0.00912	0.01606
67	0.01822	0.00986	0.01446	0.01446	0.01472	0.01013	0.00979	0.01506	0.01479	0.01999	0.02164	0.03770	0.02182	0.09300	0.11562	0.53558	0.01224	0.01031	0.00504	0.00557
68	0.02712	0.02342	0.02465	0.02219	0.02835	0.02712	0.01726	0.05794	0.52909	0.04561	0.04438	0.04068	0.03328	0.01479	0.01109	0.00370	0.00863	0.01233	0.01109	0.01726
69	0.03228	0.01902	0.02324	0.01803	0.02557	0.01707	0.01453	0.10992	0.03167	0.20746	0.14552	0.04097	0.03943	0.01377	0.01051	0.00284	0.00841	0.01139	0.01063	0.21775
70	0.02778	0.02423	0.03961	0.18372	0.27071	0.02561	0.07504	0.06763	0.06920	0.07247	0.02433	0.02954	0.01864	0.01087	0.01106	0.00343	0.01318	0.01033	0.00668	0.01593
71	0.01325	0.00962	0.01252	0.01483	0.01572	0.00889	0.00997	0.01522	0.02121	0.02797	0.06437	0.56682	0.11223	0.03360	0.01383	0.00436	0.00626	0.03032	0.01012	0.00889
72	0.01829	0.01555	0.02220	0.02065	0.02180	0.01980	0.01635	0.02136	0.01711	0.02525	0.02480	0.03912	0.02411	0.10747	0.35397	0.01277	0.21230	0.01135	0.00556	0.01018
73	0.04161	0.04838	0.03030	0.02716	0.03308	0.51327	0.02053	0.04457	0.03093	0.08351	0.01966	0.02154	0.01543	0.01148	0.00995	0.00287	0.01855	0.00745	0.00646	0.01328
74	0.62881	0.02083	0.01696	0.01485	0.02177	0.02361	0.01223	0.03418	0.01983	0.10007	0.01799	0.01967	0.01334	0.01046	0.00717	0.00337	0.00852	0.00641	0.00743	0.01249
75	0.03130	0.02072	0.02643	0.14624	0.03740	0.02232	0.01937	0.19970	0.03365	0.13861	0.03608	0.17218	0.03236	0.01786	0.01166	0.00365	0.01067	0.01520	0.00985	0.01475
76	0.04892	0.01856	0.02530	0.01940	0.02783	0.01603	0.01603	0.05314	0.03121	0.55634	0.04302	0.03711	0.02699	0.01350	0.01096	0.00337	0.00928	0.01096	0.01350	0.01856
77	0.02709	0.01602	0.01991	0.01700	0.02192	0.01561	0.01335	0.08421	0.07606	0.16685	0.32729	0.06160	0.07003	0.01859	0.01205	0.00342	0.00715	0.01597	0.01216	0.01371
78	0.02339	0.01106	0.01179	0.01115	0.01433	0.01079	0.00852	0.02838	0.02376	0.09598	0.03637	0.04027	0.02784	0.01279	0.00798	0.00263	0.00553	0.01025	0.60611	0.01106
79	0.03079	0.02375	0.04073	0.03078	0.03888	0.02361	0.21474	0.12800	0.02990	0.13450	0.02826	0.03314	0.02120	0.02673	0.13570	0.00659	0.01786	0.01166	0.00809	0.01506
80	0.02093	0.01319	0.01840	0.02001	0.02315	0.01292	0.01740	0.02587	0.02576	0.08882	0.05615	0.11378	0.05891	0.02834	0.01462	0.00484	0.00996	0.42557	0.01041	0.01095
81	0.02875	0.01926	0.03113	0.11063	0.14934	0.01914	0.06870	0.03462	0.02589	0.16077	0.03484	0.05016	0.02920	0.01505	0.01154	0.00364	0.01139	0.10121	0.08030	0.01445
82	0.01817	0.01405	0.02182	0.02203	0.02537	0.01380	0.06427	0.02361	0.02565	0.03379	0.09552	0.11046	0.06171	0.02744	0.01466	0.00476	0.01043	0.39218	0.00977	0.01051
83	0.63226	0.02400	0.01743	0.01564	0.02228	0.07618	0.01268	0.03313	0.01972	0.04682	0.01534	0.01790	0.01202	0.01023	0.00704	0.00332	0.00949	0.00601	0.00664	0.01189
84	0.02733	0.07599	0.03461	0.37756	0.05906	0.08052	0.02654	0.12431	0.02846	0.03553	0.02010	0.02662	0.01522	0.01123	0.01047	0.00337	0.01429	0.00913	0.00609	0.01358
85	0.01721	0.01053	0.01545	0.01545	0.01630	0.01138	0.01104	0.01665	0.01580	0.02191	0.02475	0.04067	0.02435	0.10691	0.27549	0.33449	0.01818	0.01099	0.00538	0.00708
86	0.02374	0.20226	0.43086	0.02788	0.04225	0.02991	0.03472	0.03405	0.02280	0.03225	0.01843	0.02160	0.01386	0.01009	0.00949	0.00316	0.01497	0.00748	0.00462	0.01557
87	0.02783	0.52065	0.14830	0.02091	0.03146	0.03991	0.02258	0.03299	0.02231	0.02726	0.01596	0.01849	0.01396	0.00952	0.00761	0.00254	0.01247	0.00623	0.00465	0.01438
88	0.04892	0.01856	0.02530	0.01940	0.02783	0.01603	0.01603	0.05314	0.03121	0.55634	0.04302	0.03711	0.02699	0.01350	0.01096	0.00337	0.00928	0.01096	0.01350	0.01856
89	0.02286	0.13318	0.49217	0.02940	0.04459	0.02774	0.03736	0.03428	0.02290	0.03333	0.01897	0.02227	0.01384	0.01022	0.00990	0.00330	0.01551	0.00776	0.00461	0.01583
90	0.07325	0.02335	0.03672	0.19474	0.17033	0.02601	0.07282	0.06688	0.02509	0.09122	0.02196	0.02778	0.01680	0.01194	0.01416	0.00362	0.09223	0.00987	0.00652	0.01471
91	0.02521	0.37614	0.21984	0.02244	0.03319	0.03393	0.02501	0.03159	0.02232	0.02881	0.02095	0.07632	0.01953	0.01206	0.00878	0.00291	0.01263	0.00899	0.00517	0.01420
92	0.01328	0.00949	0.01265	0.01518	0.01581	0.00886	0.01012	0.01518	0.02088	0.02783	0.06010	0.60969	0.07212	0.03416	0.01392	0.00443	0.00633	0.03100	0.01012	0.00886
93	0.01790	0.01577	0.02614	0.02279	0.02669	0.01526	0.12649	0.02491	0.07480	0.03376	0.12526	0.33525	0.06014	0.02457	0.01322	0.00402	0.00917	0.02315	0.00945	0.01128
94	0.02352	0.10433	0.39002	0.03354	0.04775	0.02759	0.15341	0.03445	0.02360	0.03377	0.01976	0.02406	0.01450	0.00997	0.01065	0.00340	0.01624	0.00902	0.00483	0.01556
95	0.04892	0.01856	0.02530	0.01940	0.02783	0.01603	0.01603	0.05314	0.03121	0.55634	0.04302	0.03711	0.02699	0.01350	0.01096	0.00337	0.00928	0.01096	0.01350	0.01856
96	0.01505	0.01071	0.01330	0.01345	0.01482	0.01039	0.00910	0.01750	0.02209	0.03012	0.19793	0.16205	0.10308	0.24367	0.08230	0.00753	0.00963	0.01966	0.00902	0.00859
97	0.03348	0.04182	0.21641	0.03012	0.04097	0.15118	0.10616	0.07313	0.02882	0.13692	0.02437	0.02625	0.01721	0.01117	0.01080	0.00331	0.01569	0.00929	0.00715	0.01572
98	0.02422	0.02266	0.03755	0.09714	0.40903	0.02286	0.02924	0.03026	0.02462	0.03414	0.03265	0.04417	0.07134	0.01355	0.01143	0.00349	0.01208	0.05791	0.00627	0.01539
99	0.03200	0.48297	0.05069	0.02097	0.02939	0.17334	0.01925	0.03532	0.02430	0.02591	0.01558	0.01802	0.01401	0.00980	0.00769	0.00245	0.01363	0.00612	0.00490	0.01366
100	0.03500	0.02265	0.02643	0.01974	0.02882	0.02091	0.01612	0.18479	0.03366	0.17498	0.02736	0.02732	0.01958	0.01098	0.00967	0.00257	0.00959	0.00862	0.00959	0.31163
101	0.02699	0.02591	0.04426	0.06693	0.54879	0.02591	0.03346	0.03346	0.02483	0.03562	0.02051	0.02699	0.01727	0.00972	0.01079	0.00324	0.01295	0.00972	0.00540	0.01727
102	0.03242	0.46224	0.04974	0.02132	0.02960	0.19256	0.01934	0.03572	0.02462	0.02594	0.01564	0.01810	0.01401	0.00987	0.00780	0.00247	0.01392	0.00617	0.00493	0.01361
103	0.13982	0.01946	0.02220	0.01666	0.02555	0.01654	0.01351	0.03461	0.02408	0.16742	0.02457	0.02541	0.01813	0.00976	0.00858	0.00234	0.00843	0.00749	0.00826	0.40717
104	0.02711	0.46461	0.19804	0.02213	0.03336	0.03815	0.02471	0.03318	0.02240	0.02814	0.01639	0.01904	0.01394	0.00962	0.00794	0.00265	0.01291	0.00645	0.00465	0.01459
105	0.02866	0.02419	0.02552	0.02250	0.02894	0.02784	0.01763	0.10670	0.47783	0.04809	0.04243	0.03912	0.03170	0.01461	0.01107	0.00365	0.00899	0.01206	0.01107	0.01740
106	0.01328	0.00949	0.01265	0.01518	0.01581	0.00886	0.01012	0.01518	0.02088	0.02783	0.06010	0.60969	0.07212	0.03416	0.01392	0.00443	0.00633	0.03100	0.01012	0.00886
107	0.04036	0.02371	0.03194	0.06955	0.03580	0.02469	0.05719	0.19282	0.03514	0.27415	0.03172	0.03128	0.02143	0.01331	0.01323	0.00351	0.06188	0.01052	0.01062	0.01717
108	0.04073	0.05197	0.03090	0.02809	0.03371	0.57303	0.02107	0.04354	0.03090	0.02669	0.01685	0.01966	0.01404	0.01124	0.00983	0.00281	0.01966	0.00702	0.00562	0.01264
109	0.01328	0.00949	0.01265	0.01518	0.01581	0.00886	0.01012	0.01518	0.02088	0.02783	0.06010	0.60969	0.07212	0.03416	0.01392	0.00443	0.00633	0.03100	0.01012	0.00886
110	0.03312	0.01516	0.01964	0.01623	0.02224	0.01318	0.01297	0.03724	0.02973	0.31995	0.17521	0.06246	0.15881	0.01867	0.01183	0.00345	0.00748	0.01567	0.01240	0.01456
111	0.02810	0.01799	0.02128	0.01858	0.02401	0.01865	0.01453	0.04375	0.23891	0.16379	0.21854	0.05411	0.05617	0.01711	0.01168	0.00353	0.00756	0.01460	0.01197	0.01512
112	0.02121	0.01134	0.01330	0.01241	0.01553	0.01077	0.00945	0.02623	0.02672	0.09145	0.22970	0.05586	0.05641	0.01643	0.00994	0.00296	0.00551	0.01388	0.35987	0.01102
113	0.25069	0.02322	0.02476	0.01963	0.02763	0.02443	0.01621	0.19457	0.03367	0.23844	0.02877	0.02744	0.01946	0.01230	0.00961	0.00334	0.00989	0.00899	0.01052	0.01642
114	0.01328	0.00949	0.01265	0.01518	0.01581	0.00886	0.01012	0.01518	0.02088	0.02783	0.06010	0.60969	0.07212	0.03416	0.01392	0.00443	0.00633	0.03100	0.01012	0.00886
115	0.02385	0.02385	0.03340	0.02863	0.02863	0.03340	0.02385	0.02624	0.01670	0.02624	0.01431	0.02385	0.01431	0.01908	0.03578	0.00477	0.59685	0.00954	0.00477	0.01193
116	0.01328	0.00949	0.01265	0.01518	0.01581	0.00886	0.01012	0.01518	0.02088	0.02783	0.06010	0.60969	0.07212	0.03416	0.01392	0.00443	0.00633	0.03100	0.01012	0.00886
117	0.63104	0.02200	0.01763	0.01537	0.02231	0.02536	0.01267	0.07828	0.02170	0.05083	0.01624	0.01853	0.01246	0.01041	0.00715	0.00336	0.00878	0.00628	0.00715	0.01246
118	0.02699	0.02591	0.04426	0.06693	0.54879	0.02591	0.03346	0.03346	0.02483	0.03562	0.02051	0.02699	0.01727	0.00972	0.01079	0.00324	0.01295	0.00972	0.00540	0.01727
119	0.03145	0.03154	0.02690	0.02140	0.02965	0.19454	0.01679	0.11250	0.02996	0.03820	0.01970	0.02227	0.01588	0.00990	0.00910	0.00227	0.01239	0.00719	0.00693	0.36146
120	0.03303	0.02058	0.02409	0.01980	0.02618	0.02128	0.01586	0.17348	0.12434	0.17704	0.18710	0.04784	0.04827	0.01622	0.01153	0.00342	0.00870	0.01348	0.01190	0.01587
121	0.21889	0.02251	0.02662	0.02148	0.02915	0.02374	0.05750	0.09114	0.14997	0.20121	0.03227	0.03092	0.02263	0.01247	0.00999	0.00347	0.00992	0.00995	0.01012	0.01605
122	0.02059	0.01938	0.03270	0.59060	0.07510	0.02422	0.03028	0.02786	0.02180	0.02786	0.01938	0.02907	0.01453	0.01090	0.01090	0.00363	0.01453	0.00969	0.00484	0.01211
123	0.01573	0.01109	0.01452	0.01452	0.01542	0.01200	0.00988	0.01754	0.01663	0.02309	0.03196	0.05806	0.03387	0.36745	0.29697	0.01381	0.01926	0.01391	0.00625	0.00806
124	0.01744	0.01465	0.02140	0.01885	0.02269	0.01408	0.07833	0.02436	0.07423	0.03563	0.21425	0.13358	0.15491	0.07383	0.01664	0.00437	0.00828	0.05173	0.00988	0.01087
125	0.10790	0.03940	0.02818	0.02490	0.03119	0.31924	0.01919	0.11038	0.14218	0.03906	0.02403	0.02499	0.01867	0.01216	0.00993	0.00313	0.01497	0.00846	0.00768	0.01439
126	0.02915	0.02533	0.05138	0.03732	0.04693	0.02347	0.35945	0.03694	0.02735	0.13759	0.08204	0.03650	0.02785	0.01144	0.01250	0.00359	0.01519	0.01323	0.00777	0.01498
127	0.01365	0.00993	0.01295	0.01523	0.01634	0.00924	0.01064	0.01593	0.02167	0.02845	0.06495	0.51292	0.11884	0.03312	0.01392	0.00441	0.00660	0.07209	0.01011	0.00900
128	0.02634	0.02525	0.04309	0.11972	0.50104	0.02574	0.03314	0.03290	0.02452	0.03484	0.02040	0.02720	0.01700	0.00983	0.01081	0.00328	0.01311	0.00971	0.00534	0.01675
129	0.02319	0.08403	0.02866	0.02262	0.02801	0.02314	0.06287	0.03935	0.24584	0.03714	0.04426	0.13402	0.04150	0.01974	0.01209	0.00394	0.00987	0.11631	0.00951	0.01391
130	0.02070	0.01190	0.01584	0.01524	0.01820	0.01082	0.01126	0.02456	0.02750	0.13013	0.28758	0.25491	0.07872	0.02479	0.01288	0.00376	0.00629	0.02202	0.01162	0.01128
