[name]
unknown

[dist]
# distance from previous block
# <min> <max>
0	15

[block]
# block no. 0 follows, 13 sequences, length 116
# corresponding to MSA columns:
# 15-130
name=unknown_A
#
# <colnr> <probs for GDERKNQSTAVLIFYWHMCP>
#	G	D	E	R	K	N	Q	S	T	A	V	L	I	F	Y	W	H	M	C	P
0	0.01724	0.01301	0.01815	0.01984	0.02182	0.01392	0.01691	0.02151	0.02305	0.03050	0.05180	0.16256	0.05687	0.02850	0.01660	0.00478	0.07240	0.39154	0.00921	0.00981
1	0.70310	0.02045	0.01554	0.01390	0.02045	0.02372	0.01145	0.03108	0.01799	0.04744	0.01472	0.01718	0.01145	0.00981	0.00654	0.00327	0.00818	0.00573	0.00654	0.01145
2	0.03979	0.02714	0.02962	0.02285	0.03092	0.02949	0.01883	0.44391	0.04589	0.12148	0.02776	0.02741	0.01944	0.01271	0.01039	0.00314	0.01094	0.00966	0.05113	0.01750
3	0.02121	0.05469	0.57364	0.03014	0.04576	0.02455	0.03906	0.03348	0.02232	0.03348	0.01897	0.02232	0.01339	0.01005	0.01005	0.00335	0.01563	0.00781	0.00446	0.01563
4	0.12713	0.02798	0.02451	0.02043	0.02728	0.18454	0.01622	0.07109	0.02921	0.28394	0.02947	0.02822	0.02020	0.01196	0.00959	0.00306	0.01175	0.00877	0.04964	0.01499
5	0.01345	0.00953	0.01255	0.01474	0.01543	0.00903	0.01000	0.01533	0.02004	0.02666	0.05548	0.52588	0.06594	0.09545	0.01782	0.00496	0.00684	0.06298	0.00945	0.00844
6	0.02967	0.02684	0.02565	0.02255	0.02880	0.09208	0.01761	0.11710	0.41828	0.04508	0.03759	0.03522	0.02821	0.01373	0.01059	0.00343	0.01004	0.01103	0.01012	0.01638
7	0.01680	0.01383	0.02025	0.01927	0.02076	0.01727	0.01531	0.02027	0.01682	0.02474	0.02527	0.03764	0.02378	0.06644	0.46979	0.01438	0.15117	0.01089	0.00544	0.00989
8	0.08600	0.01923	0.02561	0.02130	0.02626	0.02109	0.01774	0.03908	0.02440	0.31034	0.03235	0.03838	0.02449	0.01605	0.01821	0.00384	0.19630	0.05495	0.00964	0.01472
9	0.02121	0.05469	0.57364	0.03014	0.04576	0.02455	0.03906	0.03348	0.02232	0.03348	0.01897	0.02232	0.01339	0.01005	0.01005	0.00335	0.01563	0.00781	0.00446	0.01563
10	0.02120	0.01978	0.03324	0.43336	0.18370	0.02303	0.02916	0.02791	0.02207	0.02912	0.02183	0.03452	0.01821	0.01169	0.01085	0.00353	0.01341	0.04542	0.00520	0.01277
11	0.02506	0.02399	0.04092	0.16070	0.47529	0.02483	0.03190	0.03148	0.02355	0.03320	0.01969	0.02653	0.01628	0.00963	0.01049	0.00321	0.01283	0.00942	0.00514	0.01586
12	0.09644	0.01818	0.02386	0.01844	0.02650	0.01615	0.01523	0.05000	0.02935	0.53075	0.03970	0.03458	0.02507	0.01284	0.01033	0.00327	0.00894	0.01027	0.01260	0.01750
13	0.01288	0.00920	0.01227	0.01472	0.01534	0.00859	0.00981	0.01472	0.02024	0.02699	0.05828	0.62152	0.06993	0.03312	0.01350	0.00429	0.00613	0.03006	0.00981	0.00859
14	0.70310	0.02045	0.01554	0.01390	0.02045	0.02372	0.01145	0.03108	0.01799	0.04744	0.01472	0.01718	0.01145	0.00981	0.00654	0.00327	0.00818	0.00573	0.00654	0.01145
15	0.01574	0.01139	0.01465	0.01437	0.01502	0.01259	0.00974	0.01718	0.01598	0.02218	0.03044	0.05696	0.03286	0.40368	0.23547	0.01223	0.05210	0.01362	0.00605	0.00775
16	0.70310	0.02045	0.01554	0.01390	0.02045	0.02372	0.01145	0.03108	0.01799	0.04744	0.01472	0.01718	0.01145	0.00981	0.00654	0.00327	0.00818	0.00573	0.00654	0.01145
17	0.02511	0.02146	0.02288	0.02065	0.02626	0.02458	0.01602	0.05237	0.48935	0.04404	0.09709	0.04361	0.03937	0.01511	0.01094	0.00356	0.00801	0.01271	0.01085	0.01602
18	0.01635	0.01120	0.01408	0.01313	0.01615	0.01010	0.00993	0.02085	0.02885	0.06980	0.44317	0.08081	0.18161	0.02210	0.01237	0.00337	0.00529	0.01924	0.01138	0.01024
19	0.02680	0.02413	0.03764	0.11166	0.37870	0.02524	0.02870	0.09713	0.05666	0.03831	0.02395	0.03258	0.02013	0.01143	0.01076	0.00331	0.01220	0.03826	0.00646	0.01596
20	0.02121	0.05469	0.57364	0.03014	0.04576	0.02455	0.03906	0.03348	0.02232	0.03348	0.01897	0.02232	0.01339	0.01005	0.01005	0.00335	0.01563	0.00781	0.00446	0.01563
21	0.01997	0.01879	0.03171	0.60301	0.07282	0.02349	0.02936	0.02701	0.02114	0.02701	0.01879	0.02819	0.01409	0.01057	0.01057	0.00352	0.01409	0.00940	0.00470	0.01175
22	0.01288	0.00920	0.01227	0.01472	0.01534	0.00859	0.00981	0.01472	0.02024	0.02699	0.05828	0.62152	0.06993	0.03312	0.01350	0.00429	0.00613	0.03006	0.00981	0.00859
23	0.70310	0.02045	0.01554	0.01390	0.02045	0.02372	0.01145	0.03108	0.01799	0.04744	0.01472	0.01718	0.01145	0.00981	0.00654	0.00327	0.00818	0.00573	0.00654	0.01145
24	0.02551	0.02445	0.04172	0.12212	0.51040	0.02495	0.03212	0.03187	0.02376	0.03374	0.01977	0.02638	0.01647	0.00954	0.01048	0.00318	0.01272	0.00942	0.00518	0.01622
25	0.02510	0.37467	0.28778	0.02349	0.03549	0.03409	0.02750	0.03248	0.02186	0.02874	0.01662	0.01937	0.01349	0.00949	0.00825	0.00275	0.01324	0.00662	0.00450	0.01449
26	0.03372	0.02526	0.02724	0.02250	0.02968	0.02822	0.01806	0.25385	0.29749	0.09293	0.03552	0.03328	0.02581	0.01356	0.01067	0.00339	0.00979	0.01083	0.01086	0.01735
27	0.01432	0.01061	0.01342	0.01355	0.01589	0.00971	0.01012	0.01835	0.02681	0.03653	0.35552	0.18159	0.17060	0.02508	0.01281	0.00365	0.00559	0.05545	0.01087	0.00953
28	0.36134	0.02281	0.02936	0.03965	0.29410	0.02443	0.02205	0.03177	0.02106	0.04093	0.01733	0.02172	0.01412	0.00962	0.00852	0.00321	0.01039	0.00759	0.00588	0.01412
29	0.03383	0.34543	0.04281	0.02262	0.02988	0.31125	0.01925	0.03689	0.02568	0.02537	0.01551	0.01800	0.01359	0.00996	0.00815	0.00249	0.01515	0.00623	0.00498	0.01292
30	0.01527	0.01066	0.01360	0.01360	0.01432	0.01137	0.00899	0.01670	0.01599	0.02203	0.03142	0.05871	0.03389	0.42025	0.25576	0.01281	0.01710	0.01384	0.00613	0.00756
31	0.02409	0.26883	0.03563	0.01976	0.02475	0.09322	0.01706	0.02744	0.02023	0.02493	0.01991	0.02707	0.01843	0.03660	0.22747	0.00809	0.08147	0.00829	0.00507	0.01166
32	0.03473	0.32244	0.03812	0.01742	0.02536	0.02790	0.01586	0.03857	0.02498	0.23847	0.02750	0.02696	0.02004	0.01100	0.00835	0.00268	0.00967	0.00808	0.08703	0.01486
33	0.01971	0.00985	0.00985	0.00985	0.01232	0.00985	0.00739	0.02464	0.02217	0.03942	0.03449	0.03942	0.02710	0.01232	0.00739	0.00246	0.00493	0.00985	0.68712	0.00985
34	0.08853	0.01688	0.02315	0.19391	0.03753	0.01754	0.01783	0.03723	0.02492	0.25981	0.03112	0.03271	0.02146	0.01190	0.00965	0.00319	0.00969	0.00970	0.13925	0.01399
35	0.01288	0.00920	0.01227	0.01472	0.01534	0.00859	0.00981	0.01472	0.02024	0.02699	0.05828	0.62152	0.06993	0.03312	0.01350	0.00429	0.00613	0.03006	0.00981	0.00859
36	0.22483	0.02205	0.02145	0.01928	0.02543	0.02554	0.01519	0.04882	0.38925	0.04517	0.03473	0.03291	0.02617	0.01302	0.00952	0.00349	0.00831	0.01013	0.00952	0.01519
37	0.01288	0.00920	0.01227	0.01472	0.01534	0.00859	0.00981	0.01472	0.02024	0.02699	0.05828	0.62152	0.06993	0.03312	0.01350	0.00429	0.00613	0.03006	0.00981	0.00859
38	0.02353	0.02149	0.03464	0.15378	0.04300	0.02384	0.13730	0.08313	0.07425	0.03533	0.03059	0.04997	0.02769	0.01610	0.01478	0.00395	0.08214	0.12430	0.00722	0.01296
39	0.02335	0.02708	0.14811	0.05484	0.03222	0.02115	0.02171	0.03214	0.07793	0.07256	0.08460	0.03207	0.02702	0.01305	0.01430	0.00316	0.11638	0.00973	0.00707	0.18154
40	0.03932	0.01873	0.02313	0.01867	0.02574	0.01817	0.01512	0.07746	0.13901	0.36740	0.04019	0.03649	0.02709	0.01324	0.01028	0.00324	0.00855	0.01076	0.09063	0.01678
41	0.02249	0.14521	0.02705	0.02102	0.08495	0.01897	0.01484	0.02671	0.02612	0.09634	0.23411	0.10197	0.10356	0.01795	0.01090	0.00318	0.00783	0.01534	0.00921	0.01226
42	0.02827	0.63478	0.05540	0.01809	0.02714	0.04184	0.01809	0.03166	0.02148	0.02488	0.01470	0.01696	0.01357	0.00905	0.00678	0.00226	0.01131	0.00565	0.00452	0.01357
43	0.09704	0.01888	0.02152	0.01581	0.02477	0.01527	0.01273	0.02972	0.02238	0.09215	0.02077	0.02290	0.01632	0.00859	0.00799	0.00193	0.00799	0.00667	0.00701	0.54956
44	0.01479	0.01072	0.01429	0.01386	0.01611	0.01022	0.01034	0.01934	0.02752	0.03888	0.44878	0.12555	0.08846	0.02939	0.07915	0.00500	0.00780	0.01924	0.01077	0.00978
45	0.02070	0.01113	0.01248	0.01167	0.01501	0.01036	0.00892	0.02511	0.02486	0.09938	0.14190	0.05799	0.14172	0.01683	0.00965	0.00292	0.00549	0.01398	0.35926	0.01064
46	0.02630	0.02271	0.02391	0.02152	0.02749	0.02630	0.01674	0.05618	0.54336	0.04423	0.04303	0.03945	0.03228	0.01434	0.01076	0.00359	0.00837	0.01195	0.01076	0.01674
47	0.02245	0.09024	0.02684	0.07773	0.03032	0.01830	0.01494	0.02725	0.02179	0.03256	0.01832	0.02201	0.01525	0.00826	0.00800	0.00185	0.00889	0.00652	0.00590	0.54257
48	0.02622	0.22791	0.19776	0.08916	0.09909	0.02823	0.02638	0.03293	0.02285	0.08620	0.02230	0.05697	0.01845	0.01133	0.00936	0.00304	0.01248	0.00903	0.00581	0.01453
49	0.70310	0.02045	0.01554	0.01390	0.02045	0.02372	0.01145	0.03108	0.01799	0.04744	0.01472	0.01718	0.01145	0.00981	0.00654	0.00327	0.00818	0.00573	0.00654	0.01145
50	0.01508	0.01088	0.01461	0.01419	0.01606	0.01107	0.01041	0.01882	0.02325	0.03286	0.29604	0.06520	0.06552	0.14468	0.20501	0.00893	0.01343	0.01596	0.00881	0.00919
51	0.01355	0.00981	0.01287	0.01449	0.01577	0.00912	0.01019	0.01629	0.02276	0.03062	0.16637	0.44671	0.10328	0.03009	0.01329	0.00408	0.00607	0.05547	0.01020	0.00897
52	0.01517	0.01107	0.01566	0.01566	0.01709	0.01249	0.01156	0.01803	0.01660	0.02356	0.02954	0.04828	0.02936	0.21317	0.45665	0.01535	0.02392	0.01232	0.00585	0.00870
53	0.03335	0.26786	0.10379	0.02258	0.03210	0.03535	0.02152	0.27723	0.03556	0.04655	0.02049	0.02175	0.01573	0.01097	0.00904	0.00284	0.01197	0.00782	0.00751	0.01599
54	0.02174	0.02060	0.03491	0.44931	0.21267	0.02396	0.03024	0.02857	0.02198	0.02916	0.01911	0.02761	0.01485	0.01024	0.01054	0.00341	0.01366	0.00940	0.00485	0.01317
55	0.16545	0.04745	0.45558	0.02670	0.04041	0.02438	0.03322	0.03298	0.02141	0.03644	0.01807	0.02123	0.01298	0.01000	0.00930	0.00333	0.01405	0.00737	0.00490	0.01474
56	0.03941	0.01801	0.02442	0.01955	0.02533	0.01791	0.01583	0.04271	0.02604	0.40954	0.03580	0.03756	0.02542	0.08542	0.01991	0.00432	0.11556	0.01094	0.01081	0.01551
57	0.01250	0.01071	0.01071	0.01071	0.01428	0.00893	0.00803	0.01517	0.02410	0.02856	0.10711	0.10175	0.55817	0.02678	0.01250	0.00357	0.00536	0.02231	0.00982	0.00893
58	0.01380	0.00983	0.01281	0.01396	0.01513	0.00920	0.00955	0.01650	0.02296	0.03143	0.21924	0.39199	0.07675	0.08522	0.01694	0.00454	0.00615	0.02510	0.01009	0.00884
59	0.02356	0.04321	0.36287	0.09878	0.04949	0.02562	0.12823	0.07914	0.02526	0.03592	0.02001	0.02447	0.01441	0.01014	0.01062	0.00339	0.01549	0.00904	0.00523	0.01514
60	0.03401	0.03515	0.02458	0.02178	0.02693	0.32300	0.01667	0.12450	0.03131	0.03705	0.02312	0.02598	0.01823	0.01162	0.00911	0.00273	0.01372	0.00816	0.19975	0.01261
61	0.01288	0.00920	0.01227	0.01472	0.01534	0.00859	0.00981	0.01472	0.02024	0.02699	0.05828	0.62152	0.06993	0.03312	0.01350	0.00429	0.00613	0.03006	0.00981	0.00859
62	0.01669	0.01047	0.01358	0.01454	0.01649	0.00951	0.01023	0.01920	0.02277	0.08591	0.11522	0.44194	0.12513	0.02906	0.01297	0.00400	0.00622	0.02595	0.01035	0.00976
63	0.03057	0.09514	0.16010	0.02556	0.03409	0.02662	0.06108	0.07387	0.07996	0.15926	0.02607	0.02755	0.01898	0.01270	0.01450	0.00347	0.11799	0.00940	0.00767	0.01542
64	0.02496	0.02852	0.06239	0.04456	0.05526	0.02674	0.52406	0.03387	0.02496	0.03387	0.02139	0.02852	0.01604	0.00891	0.01248	0.00357	0.01783	0.01248	0.00535	0.01426
65	0.02486	0.02378	0.04055	0.17873	0.45889	0.02478	0.03180	0.03130	0.02345	0.03295	0.01966	0.02660	0.01619	0.00966	0.01049	0.00322	0.01289	0.00942	0.00512	0.01569
66	0.02411	0.02277	0.03850	0.11684	0.45284	0.02321	0.02974	0.03001	0.02336	0.03295	0.02381	0.08901	0.02206	0.01204	0.01080	0.00330	0.01205	0.01159	0.00566	0.01536
67	0.03670	0.13802	0.14795	0.02244	0.03242	0.02638	0.02210	0.16197	0.03184	0.23512	0.02807	0.02710	0.01921	0.01163	0.00981	0.00308	0.01146	0.00888	0.00912	0.01670
68	0.02230	0.02457	0.02207	0.01937	0.02388	0.18599	0.06590	0.02537	0.02504	0.02745	0.06271	0.06550	0.28068	0.08406	0.01599	0.00402	0.01135	0.01584	0.00766	0.01023
69	0.02832	0.03354	0.21348	0.04534	0.29827	0.02324	0.03162	0.03617	0.02460	0.12912	0.02346	0.02665	0.01732	0.01028	0.01036	0.00323	0.01293	0.00911	0.00637	0.01660
70	0.02069	0.01953	0.03301	0.54059	0.12962	0.02368	0.02972	0.02764	0.02148	0.02789	0.01892	0.02795	0.01440	0.01044	0.01056	0.00348	0.01392	0.00940	0.00476	0.01233
71	0.02613	0.02606	0.03731	0.10561	0.39020	0.09081	0.02893	0.03189	0.02454	0.03246	0.02355	0.03630	0.02124	0.01200	0.01084	0.00333	0.01316	0.06500	0.00573	0.01493
72	0.02012	0.01384	0.01926	0.02247	0.08239	0.01377	0.01500	0.02593	0.07120	0.08769	0.04806	0.31962	0.05101	0.02937	0.05557	0.00502	0.00957	0.08918	0.00940	0.01153
73	0.03034	0.02068	0.06260	0.20280	0.08716	0.01917	0.05195	0.03604	0.02500	0.23201	0.03222	0.09943	0.02539	0.01390	0.01101	0.00348	0.01144	0.01234	0.00851	0.01453
74	0.03738	0.02385	0.08487	0.02532	0.08519	0.01999	0.02003	0.10081	0.07384	0.31479	0.07372	0.03577	0.02888	0.01307	0.01069	0.00328	0.01003	0.01082	0.01075	0.01691
75	0.01778	0.01131	0.01648	0.01589	0.01659	0.01260	0.01162	0.01682	0.01659	0.02323	0.08248	0.03863	0.02906	0.04215	0.15390	0.39484	0.07658	0.01080	0.00564	0.00699
76	0.02450	0.04758	0.45525	0.03173	0.07311	0.02376	0.06506	0.03537	0.02342	0.09060	0.02159	0.02436	0.01510	0.01027	0.01028	0.00334	0.01488	0.00848	0.00548	0.01586
77	0.09139	0.07635	0.02903	0.20967	0.04147	0.02129	0.01997	0.03993	0.02543	0.29726	0.02942	0.03008	0.01980	0.01161	0.00991	0.00326	0.01081	0.00935	0.00899	0.01499
78	0.02955	0.02808	0.14176	0.03070	0.04041	0.02088	0.22131	0.03684	0.02549	0.19276	0.03127	0.09836	0.02481	0.01318	0.01159	0.00352	0.01342	0.01309	0.00801	0.01497
79	0.02694	0.02953	0.10829	0.04515	0.16437	0.02510	0.31602	0.03517	0.02498	0.08427	0.02271	0.02805	0.01687	0.00954	0.01160	0.00342	0.01559	0.01113	0.00596	0.01531
80	0.03357	0.02591	0.12653	0.02453	0.03338	0.01953	0.08800	0.08523	0.02926	0.26078	0.06653	0.04385	0.03029	0.01434	0.01134	0.00350	0.01145	0.06655	0.00980	0.01562
81	0.09993	0.02956	0.16699	0.12935	0.04404	0.02260	0.11243	0.03775	0.05346	0.16271	0.02571	0.02814	0.01790	0.01089	0.01038	0.00340	0.01296	0.00960	0.00730	0.01489
82	0.02355	0.24775	0.19926	0.12663	0.09592	0.02947	0.02710	0.03061	0.02258	0.03010	0.05773	0.02607	0.02038	0.01058	0.00921	0.00297	0.01271	0.00833	0.00514	0.01393
83	0.03577	0.02658	0.08299	0.02550	0.03396	0.06137	0.10766	0.09876	0.06061	0.25604	0.03361	0.07492	0.02498	0.01344	0.01104	0.00337	0.01195	0.01182	0.00970	0.01592
84	0.02582	0.03082	0.19401	0.23486	0.09047	0.02302	0.08960	0.03409	0.02363	0.11805	0.02294	0.02762	0.01627	0.01054	0.01065	0.00341	0.01406	0.00950	0.00610	0.01455
85	0.03009	0.02704	0.10059	0.05112	0.38926	0.02303	0.02964	0.03660	0.02518	0.14764	0.02440	0.02780	0.01835	0.01027	0.01045	0.00319	0.01216	0.00949	0.00681	0.01688
86	0.02954	0.09956	0.25991	0.02605	0.03730	0.02299	0.08439	0.03759	0.02538	0.18855	0.06395	0.03049	0.02361	0.01152	0.01033	0.00323	0.01274	0.00975	0.00758	0.01553
87	0.03062	0.09553	0.18197	0.02788	0.09422	0.02405	0.02475	0.11348	0.02853	0.15672	0.02928	0.06803	0.02362	0.01350	0.01044	0.00331	0.01178	0.03856	0.00808	0.01566
88	0.02791	0.18962	0.34263	0.02504	0.03764	0.02707	0.02947	0.03646	0.02362	0.13319	0.02225	0.02361	0.01586	0.01038	0.00936	0.00307	0.01331	0.00782	0.00612	0.01557
89	0.02316	0.02820	0.13320	0.24319	0.30299	0.02446	0.03256	0.03077	0.02276	0.03177	0.01935	0.02618	0.01524	0.00993	0.01043	0.00331	0.01363	0.00913	0.00491	0.01483
90	0.03551	0.09491	0.18294	0.02493	0.03555	0.02215	0.08332	0.04235	0.02651	0.30042	0.03016	0.02932	0.02011	0.01132	0.01028	0.00322	0.01212	0.00955	0.00888	0.01643
91	0.03343	0.02758	0.16684	0.08109	0.09159	0.01910	0.02423	0.03996	0.02600	0.28633	0.03263	0.07270	0.02391	0.01312	0.01066	0.00337	0.01134	0.01106	0.00903	0.01600
92	0.02118	0.01717	0.02472	0.03029	0.18453	0.01730	0.01815	0.02538	0.02454	0.07724	0.13006	0.06073	0.21815	0.01862	0.01429	0.00350	0.07783	0.01542	0.00836	0.01253
93	0.02928	0.14239	0.13915	0.15257	0.13523	0.02558	0.02640	0.03580	0.02408	0.15595	0.02360	0.02643	0.01715	0.01057	0.00976	0.00313	0.01240	0.00869	0.00668	0.01517
94	0.02674	0.02089	0.03563	0.32269	0.11590	0.02313	0.09032	0.03309	0.02340	0.13178	0.02331	0.02917	0.01693	0.01119	0.01229	0.00350	0.04976	0.01002	0.00643	0.01382
95	0.02302	0.03108	0.22075	0.14901	0.04520	0.02080	0.09995	0.03098	0.02337	0.09338	0.03348	0.08354	0.07126	0.01384	0.01110	0.00351	0.01310	0.01238	0.00659	0.01366
96	0.03546	0.08674	0.08030	0.02476	0.08973	0.02048	0.01948	0.04252	0.06619	0.30469	0.08909	0.03639	0.03084	0.01295	0.01036	0.00319	0.00980	0.01071	0.01014	0.01621
97	0.03228	0.07934	0.27783	0.02459	0.03562	0.02280	0.02702	0.03992	0.02496	0.24538	0.02732	0.02743	0.01852	0.01181	0.01189	0.00334	0.05703	0.00889	0.00791	0.01612
98	0.01678	0.01054	0.01366	0.01447	0.01651	0.00957	0.01023	0.01943	0.02319	0.08658	0.13677	0.41849	0.12642	0.02856	0.01292	0.00396	0.00617	0.02548	0.01043	0.00982
99	0.02151	0.07968	0.12747	0.02422	0.08732	0.01774	0.01977	0.02668	0.02337	0.08798	0.07372	0.22059	0.07313	0.02027	0.01152	0.00362	0.00960	0.05105	0.00823	0.01252
100	0.04062	0.01949	0.02888	0.08283	0.13811	0.01820	0.02021	0.04542	0.02817	0.41207	0.03521	0.03330	0.02316	0.01212	0.01059	0.00327	0.01019	0.01027	0.01073	0.01716
101	0.01538	0.01025	0.01153	0.01153	0.01153	0.01025	0.00641	0.01538	0.01538	0.02050	0.03331	0.06919	0.03844	0.62842	0.05382	0.01025	0.01025	0.01538	0.00641	0.00641
102	0.02533	0.33157	0.13977	0.02339	0.03064	0.03568	0.02346	0.02995	0.01990	0.02659	0.01519	0.01993	0.01364	0.01232	0.01651	0.00323	0.20786	0.00722	0.00455	0.01328
103	0.02837	0.01773	0.02774	0.36255	0.05301	0.01964	0.02320	0.03402	0.02405	0.20479	0.02960	0.08028	0.02271	0.01328	0.01084	0.00351	0.01176	0.01153	0.00787	0.01353
104	0.02492	0.02663	0.13803	0.09757	0.04209	0.02031	0.17585	0.03242	0.02555	0.12135	0.11060	0.04137	0.06842	0.01320	0.01149	0.00344	0.01270	0.01263	0.00763	0.01380
105	0.03950	0.05039	0.02996	0.02724	0.03269	0.58597	0.02043	0.04222	0.02996	0.02588	0.01634	0.01907	0.01362	0.01090	0.00953	0.00272	0.01907	0.00681	0.00545	0.01226
106	0.02492	0.02586	0.03304	0.03081	0.07287	0.08373	0.02366	0.02760	0.01814	0.02625	0.01461	0.02300	0.01409	0.01703	0.03031	0.00432	0.50389	0.00904	0.00475	0.01206
107	0.29608	0.01698	0.01964	0.01799	0.02324	0.01772	0.04235	0.03015	0.02230	0.12411	0.03552	0.12024	0.03408	0.01819	0.01049	0.00383	0.00902	0.13744	0.00876	0.01187
108	0.70310	0.02045	0.01554	0.01390	0.02045	0.02372	0.01145	0.03108	0.01799	0.04744	0.01472	0.01718	0.01145	0.00981	0.00654	0.00327	0.00818	0.00573	0.00654	0.01145
109	0.17767	0.01508	0.01714	0.01477	0.01976	0.01467	0.01155	0.03128	0.02574	0.20069	0.20410	0.05301	0.08555	0.06744	0.01405	0.00389	0.00738	0.01348	0.01038	0.01236
110	0.16704	0.02455	0.02832	0.08690	0.09455	0.02720	0.01993	0.27553	0.03573	0.05288	0.06630	0.02860	0.02295	0.01226	0.00991	0.00324	0.01075	0.00954	0.00862	0.01521
111	0.02590	0.07570	0.15935	0.02796	0.08208	0.06911	0.05900	0.03478	0.07871	0.09194	0.02902	0.09107	0.02483	0.02116	0.07734	0.00491	0.01442	0.01156	0.00703	0.01412
112	0.14568	0.02835	0.12104	0.02700	0.03582	0.02458	0.14479	0.08341	0.11914	0.07085	0.02586	0.02872	0.01937	0.01671	0.05838	0.00455	0.01385	0.00996	0.00735	0.01459
113	0.02502	0.08807	0.09053	0.02429	0.08238	0.02193	0.01914	0.11749	0.06619	0.06982	0.13433	0.13934	0.04325	0.01707	0.01099	0.00335	0.00953	0.01456	0.00889	0.01384
114	0.03557	0.02248	0.08200	0.02059	0.02826	0.01878	0.01843	0.09449	0.09048	0.29842	0.07632	0.04656	0.03396	0.01535	0.01117	0.00350	0.00970	0.06673	0.01114	0.01606
115	0.10024	0.17094	0.03460	0.06590	0.06271	0.02639	0.04648	0.10362	0.02747	0.09981	0.07838	0.02949	0.02516	0.01147	0.00928	0.00288	0.01042	0.00917	0.00762	0.07797

[dist]
# distance from previous block
# <min> <max>
8	20

[block]
# block no. 1 follows, 13 sequences, length 18
# corresponding to MSA columns:
# 151-168
name=unknown_B
#
# <colnr> <probs for GDERKNQSTAVLIFYWHMCP>
#	G	D	E	R	K	N	Q	S	T	A	V	L	I	F	Y	W	H	M	C	P
0	0.21125	0.01898	0.02065	0.04783	0.02568	0.02042	0.01452	0.08391	0.11830	0.13746	0.15122	0.04004	0.03889	0.01423	0.00997	0.00334	0.00826	0.01133	0.00989	0.01382
1	0.11880	0.01990	0.02531	0.02380	0.08807	0.01950	0.01703	0.09003	0.06320	0.31527	0.08041	0.03563	0.02948	0.01307	0.01029	0.00327	0.00917	0.01064	0.01087	0.01626
2	0.03514	0.09801	0.03228	0.09321	0.08821	0.07525	0.02037	0.10598	0.10230	0.19871	0.02938	0.02939	0.02097	0.01187	0.01006	0.00315	0.01138	0.00947	0.00895	0.01592
3	0.15956	0.08906	0.09614	0.02250	0.03152	0.03099	0.02058	0.32837	0.03783	0.05508	0.02161	0.02269	0.01580	0.01149	0.00940	0.00312	0.01144	0.00824	0.00851	0.01606
4	0.11079	0.02118	0.08521	0.06823	0.02948	0.01772	0.01764	0.03719	0.06959	0.21978	0.16575	0.04276	0.04122	0.01441	0.01055	0.00334	0.00903	0.01189	0.01002	0.01424
5	0.01957	0.01454	0.02262	0.01904	0.02336	0.01339	0.09702	0.02411	0.02578	0.08542	0.22208	0.07353	0.15235	0.09096	0.01733	0.00437	0.00870	0.06544	0.00958	0.01083
6	0.11823	0.10528	0.02936	0.02150	0.02851	0.24624	0.01731	0.04306	0.02766	0.22749	0.02525	0.02479	0.01796	0.01135	0.00926	0.00293	0.01318	0.00794	0.00826	0.01442
7	0.01885	0.01959	0.08315	0.01714	0.02277	0.01579	0.01552	0.08200	0.07678	0.03561	0.07225	0.08029	0.29562	0.02234	0.01217	0.00372	0.00835	0.09705	0.00934	0.01167
8	0.02596	0.03307	0.19669	0.08920	0.24599	0.02424	0.11173	0.03426	0.02404	0.08130	0.02173	0.02647	0.01630	0.00994	0.01069	0.00331	0.01409	0.00955	0.00569	0.01575
9	0.08418	0.15226	0.15548	0.01952	0.02718	0.02330	0.01934	0.03192	0.07816	0.07441	0.07292	0.08368	0.03126	0.08534	0.01477	0.00402	0.01045	0.01154	0.00729	0.01299
10	0.03288	0.16497	0.03561	0.09410	0.03531	0.29168	0.02111	0.03629	0.02516	0.05653	0.01737	0.02125	0.01441	0.01167	0.01272	0.00302	0.10029	0.00744	0.00548	0.01270
11	0.07994	0.03493	0.24205	0.03667	0.19195	0.02346	0.02944	0.03773	0.07019	0.11643	0.02448	0.02664	0.01784	0.01068	0.01005	0.00329	0.01250	0.00892	0.00671	0.01609
12	0.02257	0.14140	0.33017	0.14379	0.04659	0.02737	0.03169	0.03380	0.06643	0.03165	0.02028	0.02408	0.01518	0.01035	0.00967	0.00322	0.01397	0.00813	0.00506	0.01459
13	0.02086	0.01971	0.03333	0.52524	0.14358	0.02373	0.02981	0.02780	0.02157	0.02810	0.01895	0.02790	0.01448	0.01040	0.01056	0.00347	0.01387	0.00940	0.00478	0.01247
14	0.02731	0.01607	0.02185	0.02319	0.08735	0.01530	0.01661	0.03386	0.06947	0.19653	0.08311	0.07114	0.12155	0.01989	0.01213	0.00378	0.00879	0.14809	0.01042	0.01356
15	0.02864	0.02985	0.14569	0.05046	0.37225	0.02345	0.03101	0.03576	0.02473	0.12153	0.02326	0.02700	0.01761	0.01014	0.01041	0.00320	0.01259	0.00930	0.00636	0.01673
16	0.15549	0.03788	0.27413	0.02561	0.03663	0.02579	0.05557	0.09458	0.11936	0.04199	0.02341	0.02516	0.01713	0.01102	0.00970	0.00337	0.01254	0.00863	0.00677	0.01522
17	0.01478	0.01055	0.01444	0.01689	0.01833	0.01022	0.01311	0.01800	0.02211	0.02911	0.05723	0.39255	0.06579	0.03134	0.01400	0.00456	0.00778	0.24033	0.00978	0.00911

[dist]
# distance from previous block
# <min> <max>
0	3

[block]
# block no. 2 follows, 13 sequences, length 14
# corresponding to MSA columns:
# 172-185
name=unknown_C
#
# <colnr> <probs for GDERKNQSTAVLIFYWHMCP>
#	G	D	E	R	K	N	Q	S	T	A	V	L	I	F	Y	W	H	M	C	P
0	0.02800	0.16730	0.03893	0.09078	0.20729	0.12411	0.02367	0.03520	0.07347	0.03105	0.02010	0.02395	0.01662	0.01003	0.00929	0.00282	0.01274	0.00809	0.00567	0.07088
1	0.19265	0.02484	0.11660	0.01963	0.02871	0.01895	0.01864	0.04377	0.02610	0.35860	0.03165	0.02935	0.02062	0.01182	0.00960	0.00328	0.00995	0.00903	0.01011	0.01609
2	0.01535	0.01034	0.01198	0.01198	0.01214	0.01050	0.00697	0.01567	0.01551	0.02084	0.03290	0.06690	0.03744	0.58287	0.09800	0.01081	0.01175	0.01504	0.00634	0.00666
3	0.01837	0.00918	0.01377	0.01377	0.01377	0.00918	0.00918	0.01377	0.01377	0.01837	0.01837	0.03214	0.01837	0.03673	0.04132	0.69238	0.00918	0.00918	0.00459	0.00459
4	0.01829	0.01501	0.02080	0.08738	0.08861	0.01580	0.01654	0.02688	0.11255	0.03400	0.13463	0.24250	0.05544	0.02222	0.01227	0.00384	0.00829	0.06412	0.00919	0.01165
5	0.02359	0.02254	0.02186	0.01783	0.02497	0.11143	0.01413	0.02800	0.02448	0.03354	0.08256	0.03918	0.02996	0.01239	0.00943	0.00235	0.00966	0.06461	0.00713	0.42037
6	0.12935	0.16531	0.03349	0.02094	0.02884	0.03245	0.01783	0.26278	0.12337	0.05053	0.02445	0.02470	0.01849	0.01173	0.00917	0.00305	0.01051	0.00851	0.00865	0.01583
7	0.17850	0.01856	0.02550	0.03291	0.21694	0.01887	0.01893	0.02881	0.02360	0.08125	0.11845	0.12588	0.03874	0.01556	0.01040	0.00339	0.00898	0.01352	0.00798	0.01322
8	0.18199	0.02046	0.02311	0.11861	0.03292	0.02309	0.01720	0.07987	0.19178	0.09799	0.07976	0.03469	0.02903	0.01309	0.00990	0.00341	0.00932	0.01044	0.00907	0.01426
9	0.08742	0.01868	0.02068	0.01666	0.02355	0.01768	0.01318	0.07135	0.11501	0.04180	0.14596	0.03779	0.03750	0.01268	0.00949	0.00261	0.00762	0.01039	0.00864	0.30131
10	0.02484	0.13347	0.23180	0.09979	0.13134	0.02803	0.02938	0.06453	0.09174	0.03488	0.02193	0.02521	0.01681	0.01055	0.00978	0.00318	0.01304	0.00857	0.00581	0.01532
11	0.03787	0.16622	0.12638	0.02111	0.03079	0.02473	0.02059	0.08919	0.02875	0.30554	0.03009	0.02829	0.02032	0.01160	0.00965	0.00304	0.01091	0.00891	0.00941	0.01658
12	0.13869	0.13436	0.14907	0.03140	0.13910	0.14781	0.02473	0.03534	0.02387	0.05879	0.01831	0.02136	0.01445	0.01005	0.00896	0.00298	0.01353	0.00737	0.00559	0.01423
13	0.02263	0.01661	0.01845	0.04452	0.02285	0.06685	0.01359	0.02867	0.06883	0.10988	0.22306	0.18798	0.06269	0.02138	0.01207	0.00360	0.00812	0.04628	0.01033	0.01162

[dist]
# distance from previous block
# <min> <max>
0	8

[block]
# block no. 3 follows, 13 sequences, length 35
# corresponding to MSA columns:
# 194-228
name=unknown_D
#
# <colnr> <probs for GDERKNQSTAVLIFYWHMCP>
#	G	D	E	R	K	N	Q	S	T	A	V	L	I	F	Y	W	H	M	C	P
0	0.02709	0.02550	0.06559	0.03187	0.16784	0.08221	0.02105	0.08831	0.06940	0.08161	0.10895	0.07950	0.07494	0.01530	0.01102	0.00329	0.01071	0.01306	0.00844	0.01432
1	0.07188	0.01328	0.01740	0.01873	0.06214	0.01268	0.01262	0.02567	0.02477	0.12586	0.17874	0.24599	0.05875	0.02160	0.01156	0.00357	0.00691	0.01901	0.05733	0.01151
2	0.02558	0.16707	0.32748	0.03309	0.13441	0.02756	0.03171	0.03430	0.02307	0.07286	0.01999	0.02295	0.01502	0.00996	0.00949	0.00308	0.01366	0.00787	0.00528	0.01558
3	0.02850	0.02434	0.04090	0.05985	0.50381	0.02407	0.03060	0.03454	0.02475	0.09317	0.02228	0.02724	0.01778	0.00982	0.01049	0.00315	0.01217	0.00955	0.00609	0.01688
4	0.02390	0.02234	0.02283	0.01696	0.02591	0.07831	0.01342	0.02837	0.02283	0.03349	0.01852	0.02160	0.01543	0.00817	0.00802	0.00170	0.00909	0.00633	0.00617	0.61661
5	0.03100	0.41952	0.09102	0.02080	0.03022	0.03792	0.02036	0.16941	0.02939	0.03717	0.01801	0.01974	0.01478	0.01014	0.00810	0.00260	0.01175	0.00690	0.00620	0.01496
6	0.09594	0.01735	0.02076	0.02251	0.06665	0.01871	0.01647	0.06141	0.15837	0.03810	0.04378	0.16563	0.04357	0.02136	0.01195	0.00402	0.00890	0.16258	0.00935	0.01258
7	0.02419	0.14723	0.22541	0.02541	0.03510	0.06853	0.07454	0.06418	0.02510	0.03357	0.07863	0.03027	0.02494	0.01904	0.07468	0.00464	0.01530	0.00955	0.00597	0.01370
8	0.02630	0.02271	0.02391	0.02152	0.02749	0.02630	0.01674	0.05618	0.54336	0.04423	0.04303	0.03945	0.03228	0.01434	0.01076	0.00359	0.00837	0.01195	0.01076	0.01674
9	0.02036	0.01778	0.02877	0.16241	0.24351	0.01881	0.02307	0.02547	0.02184	0.03073	0.03038	0.16762	0.03012	0.02091	0.05626	0.00453	0.01205	0.01441	0.05831	0.01265
10	0.01971	0.00985	0.00985	0.00985	0.01232	0.00985	0.00739	0.02464	0.02217	0.03942	0.03449	0.03942	0.02710	0.01232	0.00739	0.00246	0.00493	0.00985	0.68712	0.00985
11	0.02192	0.01879	0.02192	0.01566	0.02506	0.01409	0.01253	0.02662	0.02192	0.03445	0.01879	0.02192	0.01566	0.00783	0.00783	0.00157	0.00783	0.00626	0.00626	0.69305
12	0.03896	0.02051	0.02861	0.02247	0.03031	0.01983	0.07298	0.05086	0.17425	0.36152	0.03980	0.03612	0.02675	0.01297	0.01088	0.00339	0.00981	0.01121	0.01156	0.01722
13	0.03378	0.02643	0.02812	0.02303	0.03034	0.02979	0.01854	0.30968	0.27769	0.05629	0.03354	0.03188	0.02458	0.01346	0.01066	0.00336	0.01013	0.01064	0.01066	0.01741
14	0.50892	0.01750	0.01497	0.01449	0.01949	0.01972	0.01152	0.02700	0.01893	0.04202	0.02682	0.15032	0.02726	0.01609	0.00858	0.00360	0.00787	0.04670	0.00746	0.01073
15	0.07100	0.07242	0.12322	0.04885	0.33046	0.05965	0.07917	0.03318	0.02367	0.03400	0.01899	0.02418	0.01542	0.00955	0.01004	0.00314	0.01356	0.00883	0.00518	0.01550
16	0.02474	0.02345	0.03888	0.14311	0.42753	0.02366	0.02979	0.03097	0.02338	0.03336	0.01960	0.02602	0.01622	0.00943	0.01019	0.00303	0.01228	0.00907	0.00526	0.09005
17	0.01288	0.00920	0.01227	0.01472	0.01534	0.00859	0.00981	0.01472	0.02024	0.02699	0.05828	0.62152	0.06993	0.03312	0.01350	0.00429	0.00613	0.03006	0.00981	0.00859
18	0.02401	0.02006	0.03338	0.43067	0.17233	0.02305	0.02865	0.03060	0.02267	0.08249	0.02130	0.02853	0.01586	0.01058	0.01055	0.00342	0.01326	0.00952	0.00564	0.01343
19	0.01817	0.01119	0.01526	0.01679	0.01886	0.01058	0.01290	0.02128	0.02275	0.08951	0.05564	0.38610	0.06195	0.02955	0.01355	0.00437	0.00767	0.18369	0.01016	0.01003
20	0.02549	0.02443	0.04169	0.12384	0.50883	0.02494	0.03211	0.03185	0.02375	0.03372	0.01977	0.02639	0.01646	0.00955	0.01048	0.00318	0.01273	0.00942	0.00518	0.01620
21	0.02771	0.58916	0.09616	0.01904	0.02860	0.04048	0.01974	0.03180	0.02155	0.02555	0.01504	0.01738	0.01355	0.00912	0.00704	0.00235	0.01165	0.00582	0.00452	0.01373
22	0.01288	0.00920	0.01227	0.01472	0.01534	0.00859	0.00981	0.01472	0.02024	0.02699	0.05828	0.62152	0.06993	0.03312	0.01350	0.00429	0.00613	0.03006	0.00981	0.00859
23	0.01648	0.01302	0.01494	0.01476	0.01766	0.01306	0.01077	0.02542	0.13932	0.03472	0.19323	0.19942	0.17515	0.06490	0.01513	0.00413	0.00644	0.02050	0.01027	0.01068
24	0.03222	0.02333	0.03026	0.02649	0.09006	0.02257	0.05152	0.17271	0.07388	0.13251	0.02667	0.02754	0.01954	0.01082	0.00989	0.00277	0.01031	0.00911	0.00877	0.21903
25	0.01435	0.01078	0.01328	0.01265	0.01542	0.00971	0.00949	0.01876	0.02847	0.03894	0.44435	0.08468	0.21446	0.02291	0.01248	0.00339	0.00508	0.01992	0.01118	0.00971
26	0.02713	0.02276	0.03623	0.15708	0.32446	0.02431	0.02789	0.03543	0.07526	0.09214	0.02401	0.02877	0.01864	0.01107	0.01198	0.00336	0.04759	0.00979	0.00650	0.01561
27	0.01636	0.00950	0.01281	0.01332	0.01345	0.00937	0.00851	0.01443	0.01559	0.02078	0.03102	0.16590	0.03493	0.20692	0.03912	0.35164	0.00885	0.01533	0.00621	0.00595
28	0.02630	0.02271	0.02391	0.02152	0.02749	0.02630	0.01674	0.05618	0.54336	0.04423	0.04303	0.03945	0.03228	0.01434	0.01076	0.00359	0.00837	0.01195	0.01076	0.01674
29	0.02324	0.02076	0.03130	0.12550	0.25674	0.01983	0.02306	0.02897	0.02273	0.03373	0.02045	0.02600	0.01675	0.00926	0.00932	0.00259	0.01055	0.00834	0.05760	0.25327
30	0.01840	0.01149	0.01538	0.01444	0.01731	0.01077	0.01090	0.02282	0.02762	0.09816	0.39196	0.12986	0.08095	0.02764	0.06935	0.00478	0.00788	0.01859	0.01101	0.01067
31	0.02132	0.01844	0.02341	0.13815	0.03434	0.01701	0.01625	0.02936	0.08111	0.03479	0.07492	0.03086	0.02555	0.01050	0.00919	0.00237	0.00891	0.00883	0.00698	0.40772
32	0.09163	0.25053	0.22416	0.02441	0.06258	0.02977	0.02481	0.03328	0.06076	0.03328	0.05627	0.02533	0.02086	0.01075	0.00878	0.00296	0.01190	0.00802	0.00570	0.01423
33	0.52361	0.09194	0.06459	0.01603	0.02369	0.02519	0.01468	0.03290	0.01966	0.08371	0.01712	0.01899	0.01297	0.01000	0.00716	0.00316	0.00918	0.00626	0.00665	0.01252
34	0.11781	0.04020	0.34360	0.02503	0.03712	0.02296	0.02883	0.03873	0.07492	0.13483	0.02497	0.02584	0.01735	0.01100	0.00975	0.00335	0.01269	0.00846	0.00695	0.01561

[dist]
# distance from previous block
# <min> <max>
0	9

[block]
# block no. 4 follows, 13 sequences, length 48
# corresponding to MSA columns:
# 238-285
name=unknown_E
#
# <colnr> <probs for GDERKNQSTAVLIFYWHMCP>
#	G	D	E	R	K	N	Q	S	T	A	V	L	I	F	Y	W	H	M	C	P
0	0.32777	0.02520	0.07133	0.02182	0.02891	0.02556	0.06436	0.07641	0.07494	0.08174	0.02129	0.02369	0.01605	0.01176	0.01194	0.00350	0.08458	0.00826	0.00726	0.01363
1	0.02027	0.02945	0.20163	0.16733	0.15102	0.02104	0.02860	0.02798	0.02243	0.03168	0.06790	0.07524	0.02679	0.01871	0.06059	0.00460	0.01414	0.01141	0.00578	0.01342
2	0.01899	0.01324	0.01867	0.01758	0.01943	0.01538	0.01350	0.02194	0.01775	0.07112	0.02849	0.04356	0.02691	0.16271	0.37115	0.01301	0.09865	0.01171	0.00630	0.00992
3	0.01620	0.01190	0.01587	0.01786	0.02050	0.01157	0.01538	0.02067	0.02430	0.03108	0.06538	0.11604	0.15231	0.02876	0.01422	0.00463	0.00893	0.40505	0.00975	0.00959
4	0.02490	0.38921	0.03751	0.01485	0.02131	0.02927	0.01389	0.02890	0.02175	0.03059	0.02248	0.02579	0.01889	0.01033	0.00702	0.00234	0.00880	0.00730	0.27276	0.01211
5	0.02192	0.01879	0.02192	0.01566	0.02506	0.01409	0.01253	0.02662	0.02192	0.03445	0.01879	0.02192	0.01566	0.00783	0.00783	0.00157	0.00783	0.00626	0.00626	0.69305
6	0.01446	0.01067	0.01351	0.01304	0.01555	0.00972	0.00969	0.01888	0.02838	0.03928	0.45576	0.12239	0.16301	0.02320	0.01255	0.00343	0.00513	0.02039	0.01124	0.00972
7	0.02759	0.02335	0.02463	0.02178	0.02799	0.02690	0.01705	0.09993	0.49751	0.04631	0.04139	0.03814	0.03095	0.01419	0.01074	0.00355	0.00867	0.01173	0.01074	0.01685
8	0.02123	0.01901	0.03098	0.19814	0.25799	0.02045	0.02494	0.02647	0.02144	0.02935	0.02526	0.04215	0.02370	0.10963	0.06097	0.00551	0.01359	0.05082	0.00567	0.01267
9	0.02653	0.32010	0.11759	0.03804	0.23991	0.03303	0.02645	0.03221	0.02261	0.02979	0.01729	0.02127	0.01480	0.00932	0.00865	0.00275	0.01236	0.00741	0.00479	0.01508
10	0.06376	0.02024	0.02139	0.01900	0.02482	0.02225	0.01479	0.04566	0.37876	0.04231	0.09473	0.04452	0.07048	0.01501	0.01052	0.00335	0.00777	0.01245	0.01012	0.07806
11	0.01518	0.01017	0.01159	0.01178	0.01183	0.01012	0.00667	0.01533	0.01575	0.02100	0.03524	0.11177	0.04087	0.58253	0.05071	0.00979	0.00993	0.01651	0.00667	0.00657
12	0.02660	0.02253	0.02373	0.02106	0.02709	0.02573	0.01646	0.09426	0.46687	0.04515	0.04568	0.04228	0.06525	0.01501	0.01086	0.00355	0.00845	0.01242	0.01068	0.01634
13	0.03950	0.05039	0.02996	0.02724	0.03269	0.58597	0.02043	0.04222	0.02996	0.02588	0.01634	0.01907	0.01362	0.01090	0.00953	0.00272	0.01907	0.00681	0.00545	0.01226
14	0.04250	0.02123	0.02597	0.02042	0.02831	0.02094	0.01670	0.15371	0.11671	0.37819	0.03844	0.03428	0.02540	0.01320	0.01064	0.00330	0.00946	0.01061	0.01218	0.01779
15	0.03235	0.02755	0.02720	0.02301	0.02982	0.07701	0.01824	0.22154	0.32438	0.05056	0.03448	0.03271	0.02561	0.01346	0.01059	0.00337	0.01045	0.01065	0.01023	0.01679
16	0.02600	0.02184	0.03438	0.27130	0.23847	0.02341	0.02730	0.06935	0.02516	0.07450	0.02143	0.02731	0.01639	0.01028	0.01031	0.00318	0.01244	0.00925	0.00611	0.07158
17	0.01291	0.00993	0.01182	0.01302	0.01496	0.00884	0.00913	0.01535	0.02260	0.02894	0.12060	0.37033	0.26437	0.02963	0.01301	0.00393	0.00573	0.02607	0.00997	0.00884
18	0.01516	0.01093	0.01440	0.01387	0.01636	0.01018	0.01063	0.02013	0.02941	0.04140	0.51036	0.08272	0.09615	0.02232	0.01267	0.00347	0.00543	0.06298	0.01146	0.00995
19	0.01801	0.01152	0.01489	0.01364	0.01679	0.01045	0.01037	0.02271	0.02947	0.09405	0.46762	0.07658	0.13080	0.02119	0.01229	0.00334	0.00542	0.01854	0.01163	0.01069
20	0.01278	0.00960	0.01185	0.01365	0.01505	0.00868	0.00934	0.01484	0.02127	0.02741	0.07132	0.48273	0.20031	0.03143	0.01323	0.00410	0.00593	0.02799	0.00982	0.00868
21	0.02778	0.02304	0.03848	0.15764	0.40332	0.02358	0.02969	0.03392	0.02434	0.10246	0.02251	0.02781	0.01748	0.01011	0.01051	0.00323	0.01238	0.00957	0.00615	0.01599
22	0.02252	0.01933	0.02220	0.01646	0.02539	0.01576	0.01310	0.03066	0.09306	0.03579	0.02210	0.02432	0.01793	0.00872	0.00823	0.00184	0.00790	0.00704	0.00688	0.60078
23	0.02950	0.02430	0.02571	0.02216	0.02871	0.02779	0.01751	0.16471	0.42963	0.04939	0.03897	0.03621	0.02898	0.01396	0.01072	0.00349	0.00912	0.01139	0.01072	0.01702
24	0.70310	0.02045	0.01554	0.01390	0.02045	0.02372	0.01145	0.03108	0.01799	0.04744	0.01472	0.01718	0.01145	0.00981	0.00654	0.00327	0.00818	0.00573	0.00654	0.01145
25	0.02551	0.42942	0.04406	0.01880	0.02574	0.03434	0.01758	0.03111	0.06160	0.02852	0.06609	0.03452	0.02692	0.01320	0.01038	0.00288	0.05408	0.05614	0.00612	0.01298
26	0.02773	0.01363	0.01822	0.01547	0.02019	0.01216	0.01216	0.03236	0.03006	0.24965	0.35444	0.06208	0.07084	0.01826	0.01175	0.00330	0.00656	0.01579	0.01221	0.01313
27	0.01470	0.01084	0.01392	0.01441	0.01678	0.01007	0.01114	0.01882	0.02635	0.03558	0.30334	0.17316	0.16010	0.02579	0.01308	0.00384	0.00623	0.12164	0.01067	0.00955
28	0.02736	0.02105	0.02674	0.02238	0.02781	0.02216	0.06630	0.26563	0.03503	0.04694	0.03860	0.27251	0.03929	0.02077	0.01198	0.00368	0.00998	0.01832	0.00974	0.01372
29	0.02339	0.03541	0.25339	0.04580	0.29977	0.02330	0.03278	0.03100	0.02234	0.03250	0.01937	0.02522	0.01556	0.01241	0.01339	0.07224	0.01345	0.00875	0.00486	0.01508
30	0.02179	0.10302	0.53046	0.02913	0.04421	0.02599	0.03732	0.03333	0.02225	0.03277	0.01862	0.02188	0.01341	0.00996	0.00977	0.00326	0.01527	0.00763	0.00447	0.01545
31	0.13480	0.02123	0.02278	0.01970	0.02630	0.02332	0.01564	0.05123	0.33986	0.17093	0.03839	0.03521	0.02763	0.01335	0.01008	0.00346	0.00849	0.01068	0.01067	0.01623
32	0.01640	0.01041	0.01532	0.01532	0.01633	0.01142	0.01113	0.01662	0.01561	0.02183	0.02482	0.03997	0.02419	0.10427	0.33350	0.27995	0.01949	0.01080	0.00530	0.00732
33	0.02588	0.08275	0.18205	0.09211	0.21817	0.02575	0.02930	0.03693	0.09991	0.07007	0.02397	0.02716	0.01825	0.01063	0.01011	0.00323	0.01257	0.00912	0.00626	0.01580
34	0.02562	0.02465	0.03400	0.11958	0.21470	0.07930	0.06560	0.07494	0.07416	0.03502	0.02830	0.12288	0.02611	0.01424	0.01108	0.00342	0.01236	0.01297	0.00690	0.01418
35	0.01984	0.01073	0.01252	0.01199	0.01477	0.01024	0.00902	0.02450	0.02510	0.08033	0.20182	0.09474	0.05315	0.01685	0.00970	0.00293	0.00535	0.01434	0.37165	0.01043
36	0.01376	0.01076	0.01246	0.01204	0.01506	0.00946	0.00903	0.01762	0.02709	0.03565	0.33759	0.09008	0.32327	0.02413	0.01248	0.00344	0.00517	0.02068	0.01075	0.00946
37	0.02238	0.02649	0.11913	0.07987	0.30515	0.02189	0.07144	0.02899	0.02297	0.03242	0.02722	0.14081	0.02628	0.01412	0.01117	0.00345	0.01233	0.01342	0.00598	0.01449
38	0.06835	0.06620	0.03080	0.03187	0.19699	0.02109	0.01952	0.03113	0.05729	0.03528	0.02020	0.02379	0.01670	0.00899	0.00871	0.00237	0.00966	0.00758	0.00613	0.33736
39	0.02338	0.23304	0.41430	0.02643	0.04004	0.02987	0.03262	0.03292	0.02206	0.03084	0.01766	0.02067	0.01345	0.00974	0.00904	0.00301	0.01430	0.00715	0.00448	0.01499
40	0.70310	0.02045	0.01554	0.01390	0.02045	0.02372	0.01145	0.03108	0.01799	0.04744	0.01472	0.01718	0.01145	0.00981	0.00654	0.00327	0.00818	0.00573	0.00654	0.01145
41	0.03597	0.02259	0.02948	0.02325	0.03070	0.02303	0.06792	0.21859	0.07377	0.20873	0.07319	0.04201	0.03107	0.01464	0.01129	0.00343	0.01056	0.05272	0.01083	0.01622
42	0.01517	0.01088	0.01503	0.01503	0.01656	0.01187	0.01103	0.01740	0.01712	0.02364	0.03636	0.05219	0.08135	0.17779	0.37954	0.07060	0.02090	0.01304	0.00614	0.00839
43	0.12059	0.23599	0.08188	0.07563	0.03369	0.19603	0.02055	0.03568	0.02412	0.06308	0.01761	0.02029	0.01412	0.01017	0.00843	0.00280	0.01367	0.00685	0.00561	0.01318
44	0.70310	0.02045	0.01554	0.01390	0.02045	0.02372	0.01145	0.03108	0.01799	0.04744	0.01472	0.01718	0.01145	0.00981	0.00654	0.00327	0.00818	0.00573	0.00654	0.01145
45	0.02069	0.01804	0.02698	0.03419	0.22027	0.01864	0.01985	0.02812	0.07117	0.03841	0.27376	0.05191	0.05689	0.01624	0.01320	0.00337	0.05223	0.01419	0.00868	0.01319
46	0.02774	0.02196	0.03345	0.12148	0.27751	0.02188	0.02484	0.03592	0.07622	0.11231	0.02505	0.02854	0.01913	0.01036	0.01012	0.00301	0.01109	0.00935	0.00702	0.12304
47	0.01401	0.01063	0.01291	0.01264	0.01529	0.00953	0.00937	0.01800	0.02724	0.03673	0.37277	0.13635	0.23744	0.02427	0.01257	0.00349	0.00521	0.02112	0.01091	0.00953

[dist]
# distance from previous block
# <min> <max>
0	3

[block]
# block no. 5 follows, 13 sequences, length 19
# corresponding to MSA columns:
# 289-307
name=unknown_F
#
# <colnr> <probs for GDERKNQSTAVLIFYWHMCP>
#	G	D	E	R	K	N	Q	S	T	A	V	L	I	F	Y	W	H	M	C	P
0	0.02754	0.12225	0.13694	0.04617	0.31820	0.02858	0.02977	0.10059	0.02691	0.03732	0.01971	0.02400	0.01585	0.00992	0.00986	0.00305	0.01279	0.00859	0.00573	0.01624
1	0.14847	0.52535	0.04830	0.01735	0.02595	0.03861	0.01691	0.03156	0.02086	0.02889	0.01470	0.01700	0.01319	0.00918	0.00674	0.00244	0.01075	0.00567	0.00488	0.01319
2	0.02070	0.01208	0.01597	0.01427	0.01777	0.01096	0.01096	0.02553	0.02999	0.13550	0.46594	0.07139	0.08677	0.02011	0.01215	0.00332	0.00570	0.01762	0.01189	0.01139
3	0.01330	0.01073	0.01190	0.01212	0.01520	0.00933	0.00919	0.01648	0.02483	0.03105	0.17646	0.13699	0.40604	0.02654	0.01273	0.00368	0.00569	0.05847	0.01012	0.00914
4	0.02191	0.04141	0.35517	0.13777	0.13264	0.02498	0.03520	0.03162	0.02198	0.03196	0.01875	0.02404	0.01409	0.01061	0.01186	0.00343	0.05463	0.00845	0.00464	0.01484
