[name]
unknown

[dist]
# distance from previous block
# <min> <max>
6	110

[block]
# block no. 0 follows, 12 sequences, length 60
# corresponding to MSA columns:
# 119-178
name=unknown_A
#
# <colnr> <probs for GDERKNQSTAVLIFYWHMCP>
#	G	D	E	R	K	N	Q	S	T	A	V	L	I	F	Y	W	H	M	C	P
0	0.02809	0.03114	0.03476	0.13081	0.11165	0.19337	0.06568	0.03255	0.02421	0.02885	0.02170	0.07827	0.02019	0.01451	0.01611	0.00364	0.13486	0.01108	0.00569	0.01287
1	0.08253	0.02356	0.02575	0.01924	0.02835	0.02230	0.01566	0.20339	0.03266	0.04860	0.02151	0.02351	0.01667	0.01005	0.00900	0.00235	0.00952	0.00763	0.00809	0.38961
2	0.02584	0.01841	0.02761	0.18601	0.12220	0.01980	0.02164	0.07591	0.02542	0.10563	0.03108	0.12751	0.02807	0.02311	0.06174	0.05270	0.01283	0.01358	0.00768	0.01321
3	0.01490	0.01076	0.01255	0.01308	0.01449	0.01016	0.00884	0.01673	0.02085	0.02707	0.10174	0.16280	0.17134	0.28825	0.03203	0.00693	0.00825	0.06235	0.00873	0.00818
4	0.01355	0.00992	0.01274	0.01447	0.01575	0.00911	0.00992	0.01602	0.02280	0.03033	0.13603	0.47250	0.13342	0.03165	0.01364	0.00419	0.00606	0.02840	0.01039	0.00911
5	0.02762	0.02574	0.04243	0.17092	0.19093	0.02733	0.13886	0.11376	0.07804	0.04011	0.02388	0.02923	0.01825	0.01092	0.01135	0.00348	0.01399	0.01071	0.00676	0.01570
6	0.01411	0.00975	0.01339	0.01537	0.01610	0.00949	0.01048	0.01560	0.01982	0.02666	0.05235	0.48503	0.06151	0.04026	0.08410	0.07239	0.00939	0.02657	0.00908	0.00856
7	0.01412	0.00991	0.01266	0.01424	0.01491	0.00941	0.00929	0.01587	0.02064	0.02777	0.10114	0.42792	0.06728	0.17378	0.02386	0.00581	0.00724	0.02623	0.00946	0.00845
8	0.01420	0.01009	0.01328	0.01503	0.01607	0.00953	0.01041	0.01669	0.02234	0.03012	0.13434	0.43766	0.07328	0.08555	0.01766	0.00488	0.00682	0.06297	0.01009	0.00897
9	0.69383	0.02109	0.01603	0.01434	0.02109	0.02446	0.01181	0.03205	0.01856	0.04892	0.01518	0.01771	0.01181	0.01012	0.00675	0.00337	0.00843	0.00590	0.00675	0.01181
10	0.13975	0.11301	0.03057	0.02021	0.02866	0.07054	0.01690	0.18279	0.03216	0.08885	0.02196	0.02316	0.01662	0.01084	0.00896	0.00275	0.01088	0.00774	0.00814	0.16551
11	0.03867	0.01970	0.02751	0.06678	0.11614	0.01895	0.01916	0.08351	0.03004	0.31926	0.03514	0.03442	0.02391	0.01254	0.01046	0.00325	0.00991	0.01046	0.10348	0.01672
12	0.01954	0.01417	0.01668	0.01492	0.01863	0.01388	0.01149	0.09874	0.03274	0.04545	0.36511	0.07338	0.14844	0.02097	0.01221	0.00338	0.00629	0.01800	0.05454	0.01144
13	0.03473	0.20099	0.12190	0.02612	0.03437	0.34839	0.02350	0.03928	0.02738	0.02766	0.01685	0.01963	0.01399	0.01060	0.00918	0.00279	0.01702	0.00688	0.00521	0.01354
14	0.01449	0.01057	0.01362	0.01399	0.01600	0.00971	0.01006	0.01833	0.02696	0.03712	0.34249	0.26274	0.12982	0.02677	0.01322	0.00379	0.00558	0.02383	0.01121	0.00971
15	0.02140	0.01803	0.01894	0.01715	0.02102	0.06240	0.01310	0.06514	0.11296	0.04445	0.37941	0.06551	0.07783	0.01946	0.01217	0.00341	0.00745	0.01671	0.01123	0.01223
16	0.04258	0.02595	0.02955	0.02295	0.03135	0.02736	0.01886	0.31995	0.08864	0.22655	0.03338	0.03110	0.02267	0.01338	0.01094	0.00334	0.01080	0.01042	0.01177	0.01843
17	0.01948	0.01536	0.02512	0.08962	0.03123	0.01515	0.09433	0.02419	0.02394	0.06998	0.09263	0.20033	0.11619	0.02795	0.06451	0.00519	0.01165	0.05313	0.00875	0.01125
18	0.02136	0.02017	0.03409	0.52756	0.13212	0.02443	0.03066	0.02853	0.02217	0.02879	0.01952	0.02882	0.01486	0.01076	0.01089	0.00359	0.01434	0.00969	0.00491	0.01273
19	0.02701	0.02621	0.04561	0.12673	0.21248	0.02707	0.18247	0.08013	0.08782	0.03852	0.02424	0.02964	0.01869	0.01064	0.01152	0.00349	0.01432	0.01105	0.00655	0.01582
20	0.02594	0.37326	0.27910	0.02414	0.03646	0.03528	0.02820	0.03348	0.02254	0.02957	0.01710	0.01993	0.01391	0.00978	0.00848	0.00283	0.01363	0.00681	0.00464	0.01493
21	0.02934	0.03283	0.10578	0.03281	0.04196	0.11250	0.22355	0.07125	0.02935	0.08148	0.09837	0.03501	0.02934	0.01221	0.01177	0.00342	0.01516	0.01195	0.00744	0.01451
22	0.03085	0.02492	0.03192	0.27427	0.05149	0.02893	0.02460	0.25420	0.08503	0.04843	0.02496	0.02887	0.01822	0.01229	0.01092	0.00347	0.01279	0.01001	0.00825	0.01558
23	0.01779	0.01675	0.02983	0.02491	0.02989	0.01552	0.17431	0.02266	0.02390	0.03111	0.05896	0.24423	0.16177	0.02397	0.01347	0.00408	0.01054	0.07671	0.00860	0.01100
24	0.12236	0.02211	0.03636	0.29059	0.12977	0.02429	0.10326	0.03274	0.02327	0.08180	0.02154	0.02791	0.01601	0.01058	0.01060	0.00352	0.01355	0.00977	0.00610	0.01383
25	0.01388	0.01066	0.01288	0.01438	0.01658	0.00965	0.01070	0.01669	0.02323	0.02934	0.08003	0.31925	0.26136	0.03080	0.01370	0.00423	0.00666	0.10665	0.01011	0.00921
26	0.02544	0.02432	0.04146	0.19394	0.43390	0.02550	0.03269	0.03210	0.02409	0.03374	0.02024	0.02749	0.01661	0.01000	0.01082	0.00333	0.01334	0.00971	0.00526	0.01602
27	0.02323	0.05000	0.46202	0.02901	0.04324	0.02487	0.03581	0.08010	0.02645	0.03866	0.06497	0.02833	0.02189	0.01165	0.01063	0.00343	0.01477	0.00923	0.00585	0.01585
28	0.02285	0.10240	0.47166	0.03138	0.04645	0.02705	0.08157	0.03441	0.02320	0.03381	0.01942	0.02314	0.01408	0.01016	0.01030	0.00338	0.01594	0.00831	0.00469	0.01580
29	0.01558	0.01168	0.01752	0.01752	0.01947	0.01363	0.01363	0.01947	0.01752	0.02531	0.02921	0.04283	0.02726	0.08178	0.57360	0.01752	0.02921	0.01168	0.00584	0.00974
30	0.01942	0.01730	0.02458	0.02225	0.02336	0.02246	0.01800	0.02276	0.01874	0.02796	0.08411	0.03862	0.03032	0.04535	0.25500	0.00987	0.29133	0.01165	0.00608	0.01083
31	0.03020	0.02823	0.07723	0.24767	0.05130	0.09079	0.06191	0.07328	0.02677	0.12087	0.02338	0.02815	0.01696	0.01207	0.01299	0.00355	0.06378	0.00968	0.00690	0.01428
32	0.01586	0.01057	0.01189	0.01189	0.01189	0.01057	0.00661	0.01586	0.01586	0.02114	0.03436	0.07135	0.03964	0.61681	0.05550	0.01057	0.01057	0.01586	0.00661	0.00661
33	0.02059	0.01938	0.03270	0.59060	0.07510	0.02422	0.03028	0.02786	0.02180	0.02786	0.01938	0.02907	0.01453	0.01090	0.01090	0.00363	0.01453	0.00969	0.00484	0.01211
34	0.03208	0.36891	0.10944	0.02290	0.03215	0.15896	0.02200	0.08227	0.02707	0.03117	0.01715	0.01949	0.01443	0.01025	0.00842	0.00267	0.01402	0.00676	0.00548	0.01439
35	0.02478	0.02426	0.03407	0.30881	0.09723	0.06615	0.06695	0.03806	0.15753	0.03372	0.02614	0.03131	0.01986	0.01171	0.01103	0.00356	0.01355	0.01046	0.00666	0.01416
36	0.03772	0.03088	0.03525	0.02748	0.03576	0.07713	0.07932	0.37883	0.04452	0.05841	0.02724	0.03322	0.02121	0.01373	0.01136	0.00341	0.01327	0.04457	0.00975	0.01695
37	0.03930	0.02070	0.02502	0.02063	0.02806	0.02092	0.01657	0.05526	0.25084	0.33104	0.04362	0.03869	0.02977	0.01407	0.01102	0.00352	0.00899	0.01157	0.01244	0.01798
38	0.02003	0.01189	0.01604	0.01553	0.01812	0.01172	0.01150	0.02246	0.02162	0.10367	0.08903	0.14836	0.10350	0.09045	0.19116	0.07499	0.01422	0.01695	0.00865	0.01011
39	0.02455	0.01729	0.01963	0.01706	0.02178	0.01773	0.01315	0.11912	0.11422	0.08642	0.20235	0.06377	0.13675	0.07769	0.01623	0.00418	0.00792	0.01612	0.01093	0.01311
40	0.01669	0.01217	0.01755	0.01895	0.02121	0.01303	0.01583	0.02121	0.02176	0.02940	0.04515	0.08763	0.04709	0.05291	0.26145	0.01054	0.01849	0.27084	0.00819	0.00991
41	0.01571	0.01148	0.01376	0.01392	0.01561	0.01120	0.00948	0.02023	0.06043	0.03207	0.20148	0.20232	0.10769	0.20557	0.02593	0.00588	0.00736	0.02094	0.00970	0.00926
42	0.02470	0.01256	0.01655	0.01581	0.01889	0.01143	0.01138	0.02730	0.02414	0.18862	0.09530	0.30284	0.05616	0.11825	0.01945	0.00498	0.00778	0.02150	0.01077	0.01158
43	0.12023	0.01307	0.01499	0.01380	0.01661	0.01304	0.00979	0.02463	0.01954	0.11216	0.03408	0.04762	0.05981	0.18903	0.03066	0.17770	0.00891	0.01192	0.07311	0.00930
44	0.03109	0.01911	0.02348	0.01720	0.02648	0.01502	0.01392	0.03573	0.02538	0.20333	0.02700	0.02728	0.01964	0.00982	0.00901	0.00218	0.00846	0.00791	0.00873	0.46923
45	0.18168	0.01610	0.01712	0.01639	0.02048	0.01701	0.01236	0.07239	0.06438	0.08424	0.04162	0.27491	0.04233	0.02146	0.01095	0.00377	0.00768	0.01820	0.06487	0.01205
46	0.03414	0.01673	0.02150	0.01813	0.02394	0.01569	0.01429	0.07450	0.06307	0.29379	0.14764	0.14084	0.04990	0.01879	0.01185	0.00357	0.00810	0.01610	0.01228	0.01516
47	0.01325	0.00960	0.01253	0.01488	0.01573	0.00888	0.00999	0.01522	0.02117	0.02795	0.06383	0.57222	0.10717	0.03367	0.01384	0.00437	0.00627	0.03040	0.01012	0.00888
48	0.01989	0.01484	0.02422	0.07619	0.02889	0.01442	0.09196	0.02393	0.02353	0.07908	0.11524	0.26627	0.05399	0.09442	0.01804	0.00473	0.00967	0.02072	0.00903	0.01094
49	0.02076	0.01192	0.01575	0.01520	0.01791	0.01131	0.01113	0.02319	0.02294	0.11940	0.11936	0.18659	0.11068	0.08979	0.10993	0.06470	0.01093	0.01867	0.00949	0.01035
50	0.50252	0.01781	0.01526	0.01446	0.01941	0.02013	0.01125	0.02717	0.01841	0.04190	0.02290	0.11530	0.02242	0.01735	0.01222	0.08533	0.00822	0.01039	0.00705	0.01048
51	0.01965	0.01789	0.01845	0.01940	0.02177	0.10254	0.01512	0.02320	0.02283	0.02839	0.04376	0.20925	0.04737	0.04254	0.16998	0.00800	0.01599	0.15561	0.00817	0.01007
52	0.03194	0.02560	0.03012	0.11759	0.03834	0.08973	0.06054	0.17885	0.03360	0.09124	0.03044	0.04200	0.02501	0.01455	0.01120	0.00349	0.01267	0.07449	0.07416	0.01446
53	0.02391	0.02937	0.15836	0.20590	0.04863	0.02468	0.06743	0.08623	0.02437	0.03350	0.01990	0.02739	0.01563	0.01560	0.01796	0.10192	0.07117	0.00953	0.00555	0.01297
54	0.03285	0.01957	0.02911	0.20815	0.10490	0.02037	0.02238	0.04066	0.06997	0.24246	0.06993	0.03691	0.02799	0.01297	0.01108	0.00347	0.01104	0.01117	0.00943	0.01561
55	0.02782	0.06799	0.07780	0.03584	0.14825	0.02553	0.10352	0.07680	0.02769	0.08888	0.10539	0.03562	0.03099	0.01346	0.01420	0.00349	0.08259	0.01154	0.00758	0.01502
56	0.03615	0.02182	0.03157	0.15367	0.12322	0.02303	0.02320	0.09743	0.02930	0.25279	0.02974	0.03127	0.02060	0.01274	0.01302	0.00351	0.06110	0.01022	0.00924	0.01637
57	0.15413	0.01790	0.02252	0.07703	0.06575	0.01942	0.01662	0.02554	0.02203	0.03610	0.10674	0.13068	0.03793	0.01709	0.01403	0.00350	0.09357	0.01355	0.00752	0.11834
58	0.03179	0.02300	0.03512	0.12411	0.08426	0.02468	0.09256	0.12261	0.02942	0.15386	0.02895	0.07550	0.02308	0.01435	0.01443	0.00368	0.08278	0.01213	0.00842	0.01525
59	0.12693	0.03392	0.23453	0.02285	0.03309	0.02173	0.02426	0.07618	0.02595	0.17187	0.02728	0.03195	0.02041	0.08436	0.01547	0.00426	0.01224	0.00958	0.00796	0.01517

[dist]
# distance from previous block
# <min> <max>
4	16

[block]
# block no. 1 follows, 12 sequences, length 116
# corresponding to MSA columns:
# 195-272,279-316
name=unknown_B
#
# <colnr> <probs for GDERKNQSTAVLIFYWHMCP>
#	G	D	E	R	K	N	Q	S	T	A	V	L	I	F	Y	W	H	M	C	P
0	0.17145	0.06921	0.02054	0.01594	0.01936	0.02021	0.01218	0.02684	0.06842	0.03498	0.12645	0.04916	0.04046	0.19821	0.02593	0.00564	0.06407	0.01256	0.00777	0.01065
1	0.08830	0.02184	0.02408	0.02056	0.02669	0.02421	0.01641	0.16510	0.19828	0.09040	0.08180	0.03874	0.03273	0.02418	0.09175	0.00550	0.01218	0.01160	0.01019	0.01548
2	0.01445	0.00990	0.01321	0.01528	0.01599	0.00944	0.01049	0.01591	0.02025	0.02691	0.05383	0.45939	0.06346	0.08886	0.02046	0.06451	0.00738	0.07258	0.00931	0.00840
3	0.09185	0.01989	0.02453	0.10159	0.03333	0.02105	0.01766	0.04671	0.18767	0.23380	0.07566	0.03877	0.03165	0.01391	0.01077	0.00352	0.00944	0.01144	0.01078	0.01599
4	0.03191	0.01976	0.02382	0.01818	0.02689	0.01704	0.01463	0.04072	0.10673	0.20684	0.03109	0.03024	0.02243	0.01092	0.00950	0.00252	0.00856	0.00887	0.00950	0.35987
5	0.14419	0.01508	0.01704	0.01597	0.01951	0.01555	0.01210	0.07002	0.02509	0.08174	0.12555	0.13526	0.04787	0.10771	0.02032	0.05999	0.00850	0.05845	0.00925	0.01083
6	0.01761	0.01108	0.01473	0.01527	0.01674	0.01106	0.01058	0.01970	0.01971	0.07184	0.04470	0.28764	0.04922	0.19181	0.15754	0.00902	0.01311	0.02079	0.00850	0.00934
7	0.01784	0.01394	0.01699	0.01535	0.02015	0.01157	0.01162	0.02075	0.02195	0.03081	0.04726	0.20685	0.11206	0.02277	0.01406	0.06270	0.00753	0.05997	0.00818	0.27764
8	0.07915	0.01477	0.01654	0.01510	0.01943	0.01471	0.01165	0.02971	0.11576	0.08441	0.26406	0.07056	0.18144	0.02043	0.01186	0.00353	0.00648	0.01726	0.01106	0.01208
9	0.37197	0.01847	0.01916	0.06618	0.02658	0.01993	0.01416	0.03400	0.02223	0.16455	0.02939	0.11837	0.02535	0.01485	0.00927	0.00357	0.00883	0.01147	0.00873	0.01297
10	0.01562	0.01061	0.01348	0.01356	0.01566	0.00993	0.00987	0.01998	0.02734	0.03950	0.35515	0.20141	0.08479	0.02374	0.01236	0.00354	0.00542	0.02103	0.10708	0.00993
11	0.02574	0.02941	0.06434	0.04596	0.05699	0.02757	0.50919	0.03493	0.02574	0.03493	0.02206	0.02941	0.01654	0.00919	0.01287	0.00368	0.01838	0.01287	0.00551	0.01471
12	0.02004	0.01127	0.01480	0.01545	0.01738	0.01039	0.01066	0.02207	0.02198	0.12133	0.05323	0.42759	0.05924	0.11677	0.01955	0.00515	0.00748	0.02517	0.01020	0.01026
13	0.01564	0.01141	0.01615	0.01615	0.01762	0.01288	0.01191	0.01859	0.01712	0.02429	0.03047	0.04981	0.03029	0.21264	0.44688	0.01582	0.02465	0.01270	0.00603	0.00897
14	0.01587	0.01004	0.01371	0.01489	0.01564	0.00970	0.01031	0.01619	0.01978	0.02655	0.09370	0.28445	0.05510	0.08867	0.02657	0.21146	0.00791	0.06351	0.00833	0.00765
15	0.02392	0.01445	0.01654	0.01513	0.01908	0.01470	0.01193	0.07531	0.07584	0.08572	0.15393	0.05553	0.04764	0.01672	0.01038	0.00321	0.00686	0.05335	0.28744	0.01232
16	0.01894	0.00947	0.01420	0.01420	0.01420	0.00947	0.00947	0.01420	0.01420	0.01894	0.01894	0.03314	0.01894	0.03788	0.04261	0.68277	0.00947	0.00947	0.00473	0.00473
17	0.01461	0.01044	0.01412	0.01633	0.01763	0.00996	0.01209	0.01763	0.02292	0.03058	0.10472	0.43290	0.07255	0.03199	0.01412	0.00449	0.00719	0.14618	0.01028	0.00930
18	0.01871	0.01311	0.01581	0.01638	0.01856	0.01320	0.01168	0.10017	0.02620	0.03595	0.05206	0.45758	0.05891	0.02858	0.01282	0.00406	0.00717	0.02546	0.07299	0.01062
19	0.01560	0.01157	0.01695	0.01695	0.01870	0.01332	0.01292	0.01911	0.01735	0.02489	0.02973	0.04572	0.02851	0.13582	0.52126	0.01682	0.02732	0.01210	0.00592	0.00942
20	0.01583	0.01068	0.01246	0.01246	0.01266	0.01088	0.00732	0.01622	0.01602	0.02156	0.03383	0.06847	0.03839	0.56276	0.10783	0.01127	0.01245	0.01543	0.00653	0.00692
21	0.01558	0.01168	0.01752	0.01752	0.01947	0.01363	0.01363	0.01947	0.01752	0.02531	0.02921	0.04283	0.02726	0.08178	0.57360	0.01752	0.02921	0.01168	0.00584	0.00974
22	0.02471	0.01659	0.01964	0.01825	0.02262	0.01726	0.01383	0.03865	0.21849	0.12257	0.14538	0.19770	0.05604	0.02114	0.01216	0.00379	0.00745	0.01846	0.01140	0.01390
23	0.04822	0.01969	0.02600	0.01994	0.02840	0.01770	0.01647	0.09646	0.03310	0.51035	0.04143	0.03608	0.02619	0.01346	0.01096	0.00336	0.00953	0.01086	0.01325	0.01855
24	0.02354	0.01713	0.02027	0.01936	0.02305	0.01792	0.01497	0.18464	0.03187	0.04247	0.04822	0.33007	0.05241	0.02635	0.01309	0.00414	0.00887	0.09893	0.01037	0.01233
25	0.10904	0.01992	0.02513	0.01946	0.02776	0.01849	0.01607	0.09433	0.03190	0.46264	0.03881	0.03425	0.02476	0.01314	0.01056	0.00336	0.00945	0.01038	0.01262	0.01792
26	0.01390	0.00993	0.01336	0.01589	0.01679	0.00939	0.01119	0.01625	0.02148	0.02852	0.05976	0.53982	0.07077	0.03358	0.01408	0.00451	0.00686	0.09480	0.01011	0.00903
27	0.02059	0.01938	0.03270	0.59060	0.07510	0.02422	0.03028	0.02786	0.02180	0.02786	0.01938	0.02907	0.01453	0.01090	0.01090	0.00363	0.01453	0.00969	0.00484	0.01211
28	0.02187	0.05640	0.56031	0.03108	0.04719	0.02532	0.04029	0.03453	0.02302	0.03453	0.01957	0.02302	0.01381	0.01036	0.01036	0.00345	0.01611	0.00806	0.00460	0.01611
29	0.04097	0.04472	0.03152	0.02707	0.03374	0.39064	0.02095	0.20215	0.03779	0.04090	0.02001	0.02187	0.01557	0.01186	0.01020	0.00297	0.01707	0.00797	0.00741	0.01464
30	0.01483	0.01112	0.01373	0.01308	0.01592	0.01003	0.00981	0.01940	0.02943	0.04033	0.44000	0.08704	0.20804	0.02356	0.01287	0.00349	0.00523	0.02050	0.01156	0.01003
31	0.01328	0.00949	0.01265	0.01518	0.01581	0.00886	0.01012	0.01518	0.02088	0.02783	0.06010	0.60969	0.07212	0.03416	0.01392	0.00443	0.00633	0.03100	0.01012	0.00886
32	0.02163	0.01965	0.03263	0.26264	0.22130	0.02191	0.02735	0.02785	0.02241	0.03051	0.02503	0.03952	0.02215	0.02428	0.10634	0.00598	0.01606	0.05382	0.00569	0.01326
33	0.02177	0.01236	0.01624	0.01521	0.01862	0.01137	0.01178	0.02641	0.02877	0.13249	0.32079	0.12767	0.07674	0.02192	0.01244	0.00360	0.00646	0.06125	0.06252	0.01159
34	0.04073	0.05197	0.03090	0.02809	0.03371	0.57303	0.02107	0.04354	0.03090	0.02669	0.01685	0.01966	0.01404	0.01124	0.00983	0.00281	0.01966	0.00702	0.00562	0.01264
35	0.69383	0.02109	0.01603	0.01434	0.02109	0.02446	0.01181	0.03205	0.01856	0.04892	0.01518	0.01771	0.01181	0.01012	0.00675	0.00337	0.00843	0.00590	0.00675	0.01181
36	0.04145	0.03054	0.03272	0.02509	0.03381	0.03381	0.02072	0.51243	0.05127	0.06872	0.02618	0.02618	0.01854	0.01309	0.01091	0.00327	0.01200	0.00982	0.01091	0.01854
37	0.02746	0.02485	0.03098	0.16451	0.04038	0.07952	0.02348	0.03535	0.09436	0.07912	0.02281	0.02840	0.01826	0.01520	0.02136	0.00402	0.26004	0.00987	0.00660	0.01343
38	0.01289	0.01105	0.01105	0.01105	0.01473	0.00920	0.00828	0.01565	0.02485	0.02946	0.11046	0.10493	0.54437	0.02761	0.01289	0.00368	0.00552	0.02301	0.01013	0.00920
39	0.02119	0.01999	0.03379	0.54136	0.11964	0.02438	0.03058	0.02839	0.02209	0.02859	0.01949	0.02887	0.01479	0.01079	0.01089	0.00360	0.01439	0.00969	0.00490	0.01260
40	0.09097	0.02136	0.02470	0.06147	0.03066	0.01959	0.01572	0.11204	0.02774	0.08580	0.02213	0.02447	0.01694	0.00979	0.00889	0.00236	0.00936	0.00760	0.00771	0.40071
41	0.01894	0.00947	0.01420	0.01420	0.01420	0.00947	0.00947	0.01420	0.01420	0.01894	0.01894	0.03314	0.01894	0.03788	0.04261	0.68277	0.00947	0.00947	0.00473	0.00473
42	0.01894	0.00947	0.01420	0.01420	0.01420	0.00947	0.00947	0.01420	0.01420	0.01894	0.01894	0.03314	0.01894	0.03788	0.04261	0.68277	0.00947	0.00947	0.00473	0.00473
43	0.01351	0.01119	0.01192	0.01206	0.01555	0.00959	0.00927	0.01667	0.02538	0.03094	0.14237	0.10453	0.46487	0.02738	0.01307	0.00378	0.00589	0.06238	0.01028	0.00937
44	0.02769	0.03065	0.04561	0.04024	0.11441	0.11688	0.19821	0.03316	0.02338	0.03077	0.01838	0.02562	0.01549	0.01294	0.01983	0.00384	0.21348	0.01035	0.00526	0.01380
45	0.02385	0.02385	0.03340	0.02863	0.02863	0.03340	0.02385	0.02624	0.01670	0.02624	0.01431	0.02385	0.01431	0.01908	0.03578	0.00477	0.59685	0.00954	0.00477	0.01193
46	0.02385	0.02385	0.03340	0.02863	0.02863	0.03340	0.02385	0.02624	0.01670	0.02624	0.01431	0.02385	0.01431	0.01908	0.03578	0.00477	0.59685	0.00954	0.00477	0.01193
47	0.01558	0.01168	0.01752	0.01752	0.01947	0.01363	0.01363	0.01947	0.01752	0.02531	0.02921	0.04283	0.02726	0.08178	0.57360	0.01752	0.02921	0.01168	0.00584	0.00974
48	0.01760	0.01035	0.01553	0.01553	0.01630	0.01113	0.01113	0.01630	0.01553	0.02148	0.02303	0.03701	0.02226	0.05538	0.25433	0.41751	0.01734	0.01035	0.00518	0.00673
49	0.04290	0.02821	0.03128	0.02398	0.03265	0.03035	0.01981	0.42301	0.04736	0.16365	0.02946	0.02831	0.02019	0.01317	0.01092	0.00329	0.01147	0.01004	0.01141	0.01855
50	0.02930	0.01433	0.01798	0.01596	0.02130	0.01269	0.01301	0.03326	0.02734	0.24911	0.06652	0.07390	0.19962	0.02080	0.01197	0.00368	0.00781	0.09391	0.07424	0.01331
51	0.32004	0.02048	0.02193	0.01767	0.02542	0.02085	0.01459	0.07711	0.02731	0.30772	0.03009	0.02816	0.01999	0.01205	0.00918	0.00337	0.00912	0.00875	0.01047	0.01571
52	0.02834	0.01893	0.02270	0.02115	0.02648	0.02007	0.01750	0.08577	0.19907	0.12891	0.04776	0.07153	0.04258	0.02053	0.01264	0.00413	0.00962	0.19650	0.01106	0.01472
53	0.10219	0.02154	0.02454	0.01938	0.02681	0.02195	0.01589	0.20354	0.03553	0.25951	0.03346	0.03213	0.02284	0.01291	0.01001	0.00321	0.00945	0.00997	0.11856	0.01657
54	0.01501	0.01028	0.01357	0.01584	0.01711	0.00986	0.01164	0.01797	0.02208	0.03027	0.05706	0.43674	0.06543	0.03103	0.01355	0.00438	0.00708	0.13432	0.07750	0.00927
55	0.01857	0.01099	0.01348	0.01361	0.01614	0.01017	0.00991	0.02229	0.02505	0.08120	0.17432	0.24874	0.10949	0.02375	0.01181	0.00357	0.00593	0.02080	0.16979	0.01040
56	0.01550	0.01127	0.01489	0.01585	0.01812	0.01066	0.01246	0.01978	0.02656	0.03586	0.25599	0.19971	0.11976	0.02758	0.01378	0.00416	0.00700	0.17038	0.01085	0.00984
57	0.01328	0.00949	0.01265	0.01518	0.01581	0.00886	0.01012	0.01518	0.02088	0.02783	0.06010	0.60969	0.07212	0.03416	0.01392	0.00443	0.00633	0.03100	0.01012	0.00886
58	0.20732	0.02522	0.02511	0.02110	0.02829	0.02868	0.01700	0.20487	0.23319	0.05430	0.03054	0.02973	0.02265	0.01299	0.00989	0.00347	0.00972	0.00979	0.00989	0.01626
59	0.01499	0.01071	0.01461	0.01714	0.01852	0.01033	0.01309	0.01814	0.02256	0.02975	0.05915	0.41563	0.06838	0.03255	0.01437	0.00466	0.00781	0.20820	0.01009	0.00933
60	0.02497	0.21776	0.03689	0.01910	0.02877	0.02483	0.05026	0.02969	0.02268	0.03225	0.01819	0.02142	0.01547	0.00856	0.00806	0.00200	0.00998	0.00671	0.00580	0.41657
61	0.01490	0.01090	0.01399	0.01369	0.01608	0.00999	0.01009	0.01937	0.02890	0.04019	0.43565	0.15950	0.13714	0.02446	0.01301	0.00360	0.00535	0.02163	0.01157	0.00999
62	0.02698	0.36912	0.04908	0.02353	0.03190	0.03516	0.09670	0.03605	0.10796	0.03048	0.02252	0.02571	0.01891	0.01704	0.06191	0.00421	0.01388	0.00861	0.00600	0.01426
63	0.04145	0.03054	0.03272	0.02509	0.03381	0.03381	0.02072	0.51243	0.05127	0.06872	0.02618	0.02618	0.01854	0.01309	0.01091	0.00327	0.01200	0.00982	0.01091	0.01854
64	0.02552	0.02461	0.02394	0.01807	0.02710	0.10420	0.01423	0.03004	0.02394	0.03411	0.01897	0.02214	0.01581	0.00858	0.00836	0.00181	0.00994	0.00655	0.00632	0.57576
65	0.04290	0.02235	0.02694	0.02130	0.02936	0.02242	0.01738	0.16333	0.13291	0.34091	0.03928	0.03521	0.02621	0.01365	0.01098	0.00341	0.00980	0.01096	0.01241	0.01830
66	0.01747	0.01064	0.01229	0.01194	0.01400	0.01029	0.00851	0.02158	0.02475	0.03810	0.24166	0.06321	0.06069	0.13422	0.01907	0.00447	0.00618	0.01516	0.27624	0.00952
67	0.02260	0.02122	0.09890	0.07803	0.02988	0.01825	0.01935	0.02714	0.02253	0.10528	0.08309	0.18500	0.04151	0.07654	0.02018	0.00460	0.10906	0.01656	0.00822	0.01206
68	0.02626	0.07120	0.02870	0.15947	0.08902	0.06280	0.02034	0.03316	0.07179	0.10607	0.03541	0.18213	0.03343	0.01753	0.01130	0.00360	0.01105	0.01520	0.00817	0.01339
69	0.02592	0.01517	0.01840	0.01615	0.01936	0.01546	0.01159	0.09499	0.02420	0.13284	0.03404	0.05362	0.03216	0.32677	0.12361	0.00924	0.01352	0.01337	0.00844	0.01115
70	0.01703	0.01282	0.01468	0.01483	0.01785	0.01265	0.01132	0.02445	0.09703	0.03457	0.13695	0.13067	0.19913	0.07251	0.01604	0.00438	0.00708	0.09254	0.07297	0.01050
71	0.09050	0.02609	0.03318	0.12186	0.04054	0.08054	0.10108	0.10398	0.06991	0.03903	0.02487	0.06872	0.02104	0.01323	0.01248	0.00343	0.05470	0.01106	0.00716	0.07659
72	0.09047	0.01971	0.02693	0.30057	0.04928	0.02334	0.02248	0.07370	0.09739	0.03739	0.07299	0.03536	0.02661	0.01841	0.05647	0.00470	0.01316	0.01080	0.00722	0.01302
73	0.01586	0.01057	0.01189	0.01189	0.01189	0.01057	0.00661	0.01586	0.01586	0.02114	0.03436	0.07135	0.03964	0.61681	0.05550	0.01057	0.01057	0.01586	0.00661	0.00661
74	0.01369	0.00978	0.01311	0.01564	0.01645	0.00920	0.01082	0.01588	0.02127	0.02829	0.05987	0.56393	0.07123	0.03378	0.01402	0.00448	0.00668	0.07278	0.01011	0.00897
75	0.01999	0.01177	0.01553	0.01502	0.01693	0.01151	0.01062	0.02257	0.05791	0.07420	0.16565	0.13872	0.05241	0.08418	0.02682	0.23406	0.00790	0.01635	0.00881	0.00904
76	0.01771	0.00991	0.01328	0.01328	0.01328	0.00991	0.00833	0.01486	0.01486	0.01982	0.02509	0.04838	0.02719	0.26872	0.04775	0.41474	0.00991	0.01202	0.00548	0.00548
77	0.03561	0.02373	0.02672	0.02168	0.02941	0.02498	0.01744	0.17326	0.23414	0.17184	0.03674	0.03419	0.02618	0.01336	0.01071	0.00330	0.00961	0.01075	0.01115	0.08520
78	0.02348	0.01400	0.01671	0.01546	0.01931	0.01378	0.01196	0.03149	0.09867	0.12144	0.16761	0.06574	0.08840	0.07525	0.01556	0.00414	0.00733	0.06136	0.13615	0.01214
79	0.01462	0.00984	0.01222	0.01384	0.01449	0.00943	0.00896	0.01632	0.01974	0.02728	0.05101	0.41443	0.05941	0.18538	0.02426	0.00587	0.00732	0.02505	0.07213	0.00839
80	0.02574	0.02941	0.06434	0.04596	0.05699	0.02757	0.50919	0.03493	0.02574	0.03493	0.02206	0.02941	0.01654	0.00919	0.01287	0.00368	0.01838	0.01287	0.00551	0.01471
81	0.45831	0.02138	0.02015	0.01676	0.02415	0.02319	0.01382	0.08612	0.02519	0.18438	0.02361	0.02367	0.01648	0.01131	0.00828	0.00336	0.00902	0.00763	0.00894	0.01426
82	0.02831	0.01407	0.01825	0.01553	0.02061	0.01239	0.01223	0.03269	0.03000	0.24488	0.27281	0.06774	0.14594	0.01968	0.01211	0.00345	0.00685	0.01679	0.01228	0.01339
83	0.01543	0.01115	0.01457	0.01372	0.01629	0.01029	0.01029	0.02058	0.03086	0.04372	0.54304	0.08145	0.10288	0.02229	0.01286	0.00343	0.00514	0.01972	0.01200	0.01029
84	0.01599	0.01204	0.01536	0.01702	0.01993	0.01142	0.01443	0.02024	0.02502	0.03156	0.07557	0.11688	0.22566	0.02927	0.01432	0.00457	0.00851	0.32238	0.01007	0.00976
85	0.01449	0.01029	0.01294	0.01438	0.01538	0.00978	0.00978	0.01648	0.02096	0.02778	0.09149	0.34803	0.09868	0.18587	0.02482	0.00598	0.00765	0.06741	0.00932	0.00850
86	0.02044	0.01399	0.01751	0.01675	0.02026	0.01394	0.01304	0.02972	0.11736	0.08427	0.29727	0.12627	0.07548	0.02246	0.01280	0.00379	0.00692	0.08416	0.01151	0.01205
87	0.02574	0.02941	0.06434	0.04596	0.05699	0.02757	0.50919	0.03493	0.02574	0.03493	0.02206	0.02941	0.01654	0.00919	0.01287	0.00368	0.01838	0.01287	0.00551	0.01471
88	0.04073	0.05197	0.03090	0.02809	0.03371	0.57303	0.02107	0.04354	0.03090	0.02669	0.01685	0.01966	0.01404	0.01124	0.00983	0.00281	0.01966	0.00702	0.00562	0.01264
89	0.02150	0.02041	0.03385	0.48871	0.11510	0.02524	0.02997	0.02823	0.02161	0.02843	0.01901	0.02838	0.01477	0.01156	0.01323	0.00370	0.06914	0.00968	0.00489	0.01258
90	0.01560	0.01158	0.01700	0.01700	0.01876	0.01334	0.01297	0.01913	0.01737	0.02492	0.02969	0.04551	0.02842	0.13189	0.52507	0.01687	0.02746	0.01207	0.00591	0.00944
91	0.02574	0.02941	0.06434	0.04596	0.05699	0.02757	0.50919	0.03493	0.02574	0.03493	0.02206	0.02941	0.01654	0.00919	0.01287	0.00368	0.01838	0.01287	0.00551	0.01471
92	0.02254	0.02043	0.03271	0.53763	0.07123	0.02512	0.02939	0.07325	0.02456	0.03169	0.02002	0.02880	0.01491	0.01111	0.01090	0.00360	0.01430	0.00970	0.00541	0.01271
93	0.01930	0.01648	0.02549	0.31080	0.09427	0.01894	0.02114	0.02360	0.01971	0.02591	0.02546	0.04573	0.02480	0.25238	0.02867	0.00636	0.01281	0.01215	0.00560	0.01040
94	0.02059	0.01938	0.03270	0.59060	0.07510	0.02422	0.03028	0.02786	0.02180	0.02786	0.01938	0.02907	0.01453	0.01090	0.01090	0.00363	0.01453	0.00969	0.00484	0.01211
95	0.01690	0.01207	0.01680	0.01931	0.02153	0.01197	0.01640	0.02143	0.02444	0.03188	0.05810	0.19934	0.06422	0.03075	0.01488	0.00493	0.00946	0.40569	0.01005	0.00985
96	0.01558	0.01168	0.01752	0.01752	0.01947	0.01363	0.01363	0.01947	0.01752	0.02531	0.02921	0.04283	0.02726	0.08178	0.57360	0.01752	0.02921	0.01168	0.00584	0.00974
97	0.02712	0.02342	0.02465	0.02219	0.02835	0.02712	0.01726	0.05794	0.52909	0.04561	0.04438	0.04068	0.03328	0.01479	0.01109	0.00370	0.00863	0.01233	0.01109	0.01726
98	0.02059	0.01938	0.03270	0.59060	0.07510	0.02422	0.03028	0.02786	0.02180	0.02786	0.01938	0.02907	0.01453	0.01090	0.01090	0.00363	0.01453	0.00969	0.00484	0.01211
99	0.01390	0.01109	0.01245	0.01211	0.01535	0.00964	0.00908	0.01761	0.02725	0.03514	0.28294	0.09557	0.36833	0.02549	0.01288	0.00358	0.00537	0.02170	0.01087	0.00964
100	0.04892	0.01856	0.02530	0.01940	0.02783	0.01603	0.01603	0.05314	0.03121	0.55634	0.04302	0.03711	0.02699	0.01350	0.01096	0.00337	0.00928	0.01096	0.01350	0.01856
101	0.01455	0.01057	0.01400	0.01628	0.01777	0.01001	0.01222	0.01748	0.02254	0.02945	0.06413	0.41393	0.11381	0.03231	0.01417	0.00454	0.00738	0.16553	0.01010	0.00925
102	0.69383	0.02109	0.01603	0.01434	0.02109	0.02446	0.01181	0.03205	0.01856	0.04892	0.01518	0.01771	0.01181	0.01012	0.00675	0.00337	0.00843	0.00590	0.00675	0.01181
103	0.02726	0.02524	0.04122	0.15150	0.42051	0.02636	0.03173	0.07738	0.02679	0.03741	0.02085	0.02726	0.01693	0.01023	0.01082	0.00331	0.01313	0.00972	0.00582	0.01652
104	0.04175	0.07994	0.03420	0.02510	0.03310	0.17932	0.06454	0.11299	0.03275	0.24460	0.02897	0.02829	0.02008	0.01206	0.01049	0.00314	0.01365	0.00945	0.00943	0.01615
105	0.04022	0.03177	0.03191	0.02511	0.03336	0.07881	0.02047	0.43585	0.08842	0.06329	0.02687	0.02681	0.01936	0.01307	0.01083	0.00327	0.01237	0.00978	0.01048	0.01794
106	0.03623	0.01938	0.02416	0.01839	0.02709	0.01655	0.01491	0.04338	0.07807	0.29709	0.03373	0.03169	0.02330	0.01147	0.00983	0.00271	0.00873	0.00931	0.01045	0.28354
107	0.01757	0.01255	0.01757	0.02008	0.02259	0.01255	0.01757	0.02259	0.02510	0.03263	0.05773	0.12299	0.06275	0.03012	0.01506	0.00502	0.01004	0.47540	0.01004	0.01004
108	0.03076	0.57416	0.05455	0.01872	0.02797	0.04094	0.01844	0.03432	0.02289	0.06883	0.01742	0.01909	0.01505	0.00967	0.00732	0.00242	0.01147	0.00625	0.00538	0.01436
109	0.01543	0.01115	0.01457	0.01372	0.01629	0.01029	0.01029	0.02058	0.03086	0.04372	0.54304	0.08145	0.10288	0.02229	0.01286	0.00343	0.00514	0.01972	0.01200	0.01029
110	0.02808	0.01523	0.01955	0.01652	0.02146	0.01425	0.01302	0.07688	0.03289	0.20213	0.34208	0.06274	0.07182	0.01875	0.01210	0.00340	0.00705	0.01612	0.01235	0.01358
111	0.24397	0.02105	0.02355	0.01868	0.02664	0.02115	0.01542	0.11280	0.03025	0.33187	0.03213	0.02964	0.02116	0.01241	0.00967	0.00336	0.00941	0.00926	0.01107	0.01650
112	0.58164	0.02058	0.01648	0.01484	0.02131	0.02361	0.01207	0.03331	0.06716	0.04720	0.02483	0.02619	0.05239	0.01183	0.00760	0.00343	0.00824	0.00775	0.00740	0.01213
113	0.02260	0.11367	0.50948	0.02982	0.04525	0.02712	0.03810	0.03434	0.02293	0.03363	0.01912	0.02246	0.01383	0.01025	0.01002	0.00334	0.01566	0.00783	0.00461	0.01590
114	0.09620	0.02147	0.02372	0.02109	0.02669	0.02339	0.01725	0.23510	0.07136	0.05000	0.03928	0.13493	0.03787	0.02027	0.01199	0.00392	0.01008	0.13101	0.01017	0.01421
115	0.20509	0.02617	0.02663	0.02120	0.02880	0.02905	0.01740	0.34032	0.04087	0.06115	0.07559	0.02960	0.02535	0.01326	0.01004	0.00331	0.01040	0.00982	0.00996	0.01599

[dist]
# distance from previous block
# <min> <max>
0	3

[block]
# block no. 2 follows, 12 sequences, length 14
# corresponding to MSA columns:
# 320-333
name=unknown_C
#
# <colnr> <probs for GDERKNQSTAVLIFYWHMCP>
#	G	D	E	R	K	N	Q	S	T	A	V	L	I	F	Y	W	H	M	C	P
0	0.51039	0.09633	0.02367	0.01655	0.02392	0.02821	0.01404	0.10725	0.02411	0.04917	0.01690	0.01901	0.01313	0.01049	0.00743	0.00323	0.00939	0.00651	0.00714	0.01313
1	0.02341	0.02540	0.05306	0.12737	0.05478	0.02476	0.37317	0.03140	0.02453	0.03295	0.02630	0.10043	0.02304	0.01252	0.01269	0.00376	0.01630	0.01459	0.00597	0.01358
2	0.01328	0.00949	0.01265	0.01518	0.01581	0.00886	0.01012	0.01518	0.02088	0.02783	0.06010	0.60969	0.07212	0.03416	0.01392	0.00443	0.00633	0.03100	0.01012	0.00886
3	0.02390	0.01730	0.02705	0.03566	0.22619	0.01671	0.01996	0.02777	0.02465	0.09730	0.11569	0.17164	0.04492	0.02050	0.01490	0.06846	0.00940	0.01634	0.00847	0.01318
4	0.01400	0.00995	0.01300	0.01455	0.01554	0.00933	0.00982	0.01642	0.02257	0.03066	0.16290	0.44297	0.07571	0.08739	0.01767	0.00480	0.00647	0.02709	0.01019	0.00895
5	0.01328	0.00949	0.01265	0.01518	0.01581	0.00886	0.01012	0.01518	0.02088	0.02783	0.06010	0.60969	0.07212	0.03416	0.01392	0.00443	0.00633	0.03100	0.01012	0.00886
6	0.01610	0.01134	0.01700	0.01700	0.01865	0.01298	0.01298	0.01865	0.01700	0.02431	0.02760	0.04132	0.02596	0.07491	0.49055	0.12156	0.02612	0.01134	0.00567	0.00895
7	0.02261	0.01938	0.02261	0.01615	0.02584	0.01453	0.01292	0.02745	0.02261	0.03553	0.01938	0.02261	0.01615	0.00807	0.00807	0.00161	0.00807	0.00646	0.00646	0.68346
8	0.01468	0.01049	0.01425	0.01678	0.01802	0.01006	0.01255	0.01759	0.02225	0.02940	0.05933	0.45118	0.06907	0.03284	0.01429	0.00462	0.00754	0.17573	0.01009	0.00924
9	0.01328	0.00949	0.01265	0.01518	0.01581	0.00886	0.01012	0.01518	0.02088	0.02783	0.06010	0.60969	0.07212	0.03416	0.01392	0.00443	0.00633	0.03100	0.01012	0.00886
10	0.01543	0.01050	0.01250	0.01290	0.01317	0.01057	0.00777	0.01607	0.01679	0.02255	0.03793	0.15305	0.04364	0.47890	0.09430	0.01022	0.01154	0.01786	0.00709	0.00723
11	0.26582	0.01980	0.01950	0.01765	0.02324	0.02209	0.01369	0.04088	0.21061	0.09200	0.03453	0.08898	0.02920	0.06104	0.01320	0.00415	0.00855	0.01196	0.00933	0.01381
12	0.01328	0.00949	0.01265	0.01518	0.01581	0.00886	0.01012	0.01518	0.02088	0.02783	0.06010	0.60969	0.07212	0.03416	0.01392	0.00443	0.00633	0.03100	0.01012	0.00886
13	0.02574	0.02941	0.06434	0.04596	0.05699	0.02757	0.50919	0.03493	0.02574	0.03493	0.02206	0.02941	0.01654	0.00919	0.01287	0.00368	0.01838	0.01287	0.00551	0.01471

[dist]
# distance from previous block
# <min> <max>
0	43

[block]
# block no. 3 follows, 12 sequences, length 11
# corresponding to MSA columns:
# 377-387
name=unknown_D
#
# <colnr> <probs for GDERKNQSTAVLIFYWHMCP>
#	G	D	E	R	K	N	Q	S	T	A	V	L	I	F	Y	W	H	M	C	P
0	0.33525	0.01794	0.01767	0.01593	0.02166	0.01917	0.01294	0.03352	0.06377	0.12009	0.11048	0.04765	0.07008	0.01586	0.00982	0.00358	0.00804	0.05445	0.00941	0.01267
1	0.01681	0.01203	0.01576	0.01690	0.01893	0.01200	0.01296	0.02237	0.07121	0.03327	0.15096	0.25258	0.06688	0.02912	0.01648	0.06811	0.00770	0.15597	0.01006	0.00989
2	0.02574	0.02941	0.06434	0.04596	0.05699	0.02757	0.50919	0.03493	0.02574	0.03493	0.02206	0.02941	0.01654	0.00919	0.01287	0.00368	0.01838	0.01287	0.00551	0.01471
3	0.02595	0.01533	0.01872	0.01664	0.02088	0.01479	0.01262	0.10248	0.03007	0.15007	0.16370	0.18473	0.10280	0.07069	0.01587	0.00423	0.00785	0.01886	0.01111	0.01262
4	0.02290	0.01372	0.01844	0.01692	0.02021	0.01398	0.01298	0.06558	0.02559	0.11189	0.15904	0.09619	0.04787	0.04194	0.19415	0.08884	0.01460	0.01475	0.00915	0.01126
5	0.01830	0.01170	0.01362	0.01302	0.01594	0.01047	0.00927	0.02085	0.02396	0.09214	0.14340	0.13226	0.25201	0.16762	0.02301	0.00534	0.00720	0.02011	0.00996	0.00982
6	0.69383	0.02109	0.01603	0.01434	0.02109	0.02446	0.01181	0.03205	0.01856	0.04892	0.01518	0.01771	0.01181	0.01012	0.00675	0.00337	0.00843	0.00590	0.00675	0.01181
7	0.09223	0.01551	0.01857	0.01622	0.02104	0.01504	0.01235	0.03597	0.06794	0.22999	0.08764	0.11359	0.04068	0.11101	0.01782	0.00459	0.00827	0.01452	0.06367	0.01335
8	0.12716	0.02161	0.03122	0.02457	0.03141	0.02191	0.13097	0.13410	0.03107	0.09411	0.12581	0.10651	0.04001	0.01600	0.01148	0.00356	0.01076	0.01444	0.00937	0.01394
9	0.01622	0.01166	0.01568	0.01606	0.01861	0.01112	0.01297	0.02132	0.02874	0.03963	0.36410	0.09677	0.08808	0.02518	0.01367	0.00402	0.00695	0.18773	0.01128	0.01020
10	0.02218	0.01228	0.01568	0.01510	0.01857	0.01089	0.01119	0.02533	0.02579	0.15888	0.14227	0.28100	0.16614	0.02590	0.01282	0.00386	0.00669	0.02268	0.01124	0.01151

[dist]
# distance from previous block
# <min> <max>
0	38

[block]
# block no. 4 follows, 12 sequences, length 44
# corresponding to MSA columns:
# 426-469
name=unknown_E
#
# <colnr> <probs for GDERKNQSTAVLIFYWHMCP>
#	G	D	E	R	K	N	Q	S	T	A	V	L	I	F	Y	W	H	M	C	P
0	0.10218	0.08782	0.03000	0.02107	0.02830	0.02955	0.01735	0.32284	0.03979	0.05558	0.07240	0.03360	0.02708	0.06789	0.01429	0.00386	0.01084	0.01046	0.00954	0.01554
1	0.02929	0.41997	0.05010	0.02564	0.08189	0.03910	0.02112	0.07613	0.02432	0.03074	0.01660	0.02019	0.01480	0.01114	0.01195	0.00287	0.09724	0.00714	0.00533	0.01445
2	0.08350	0.01111	0.01289	0.01409	0.01560	0.01090	0.00954	0.01748	0.02076	0.03009	0.09119	0.37519	0.09521	0.13692	0.02064	0.00532	0.00717	0.02424	0.00928	0.00888
3	0.01797	0.01237	0.01830	0.14525	0.02896	0.01340	0.01491	0.01892	0.01850	0.02427	0.03173	0.11130	0.03356	0.13616	0.03083	0.23772	0.01058	0.08090	0.00643	0.00794
4	0.40625	0.02208	0.02426	0.15756	0.08303	0.02549	0.01908	0.08032	0.02324	0.04472	0.01779	0.02213	0.01364	0.01057	0.00853	0.00341	0.01066	0.00755	0.00660	0.01306
5	0.02818	0.09118	0.21104	0.02573	0.03529	0.08321	0.02652	0.14637	0.03096	0.04062	0.02910	0.04556	0.02606	0.01548	0.01119	0.00360	0.01373	0.11398	0.00745	0.01476
6	0.01988	0.01511	0.02473	0.34207	0.04884	0.01786	0.02131	0.02197	0.01853	0.02401	0.01919	0.03083	0.01643	0.02253	0.02457	0.29646	0.01235	0.00959	0.00480	0.00893
7	0.40576	0.02468	0.03686	0.02797	0.03657	0.02580	0.22627	0.03329	0.02165	0.04289	0.01815	0.02276	0.01385	0.00972	0.00939	0.00350	0.01272	0.00891	0.00622	0.01306
8	0.02995	0.01423	0.01869	0.01582	0.02044	0.01282	0.01207	0.03373	0.02818	0.26050	0.23150	0.06043	0.05823	0.13062	0.02008	0.00475	0.00795	0.01522	0.01163	0.01316
9	0.02431	0.01656	0.01885	0.01617	0.02060	0.01618	0.01180	0.09724	0.06421	0.07572	0.03459	0.10353	0.03322	0.21796	0.02549	0.00553	0.00921	0.01371	0.06071	0.13441
10	0.02107	0.01198	0.01562	0.01485	0.01759	0.01101	0.01072	0.02441	0.02601	0.12988	0.24780	0.20812	0.07122	0.11621	0.01942	0.00479	0.00705	0.02043	0.01095	0.01086
11	0.03593	0.01549	0.02060	0.01680	0.02288	0.01371	0.01348	0.04051	0.03035	0.35040	0.19769	0.05121	0.05066	0.01616	0.01125	0.00332	0.00761	0.01361	0.07312	0.01523
12	0.69383	0.02109	0.01603	0.01434	0.02109	0.02446	0.01181	0.03205	0.01856	0.04892	0.01518	0.01771	0.01181	0.01012	0.00675	0.00337	0.00843	0.00590	0.00675	0.01181
13	0.02123	0.01310	0.01571	0.01499	0.01820	0.01266	0.01117	0.07272	0.02785	0.08694	0.16214	0.23254	0.09781	0.02289	0.01183	0.00358	0.00662	0.01991	0.13677	0.01134
14	0.01686	0.01425	0.01532	0.01662	0.01856	0.05423	0.01192	0.02145	0.05927	0.03074	0.09698	0.40614	0.10301	0.02927	0.01333	0.00416	0.00765	0.06028	0.00998	0.00998
15	0.01644	0.01125	0.01384	0.01470	0.01556	0.01125	0.01036	0.01816	0.01902	0.02508	0.04236	0.08903	0.04755	0.41592	0.04165	0.00867	0.01039	0.17321	0.00778	0.00778
16	0.02122	0.01372	0.01658	0.01569	0.01945	0.01318	0.01178	0.02893	0.10391	0.11393	0.19257	0.19891	0.15956	0.02369	0.01256	0.00375	0.00665	0.02060	0.01127	0.01204
17	0.01506	0.01074	0.01428	0.01475	0.01597	0.01102	0.01029	0.01765	0.02035	0.02820	0.13223	0.19818	0.05551	0.20087	0.19477	0.00985	0.01419	0.01905	0.00823	0.00879
18	0.01757	0.01255	0.01757	0.02008	0.02259	0.01255	0.01757	0.02259	0.02510	0.03263	0.05773	0.12299	0.06275	0.03012	0.01506	0.00502	0.01004	0.47540	0.01004	0.01004
19	0.21715	0.01922	0.02288	0.01808	0.02607	0.01823	0.01493	0.04764	0.02791	0.42398	0.03576	0.03205	0.02303	0.01262	0.00986	0.00337	0.00906	0.00964	0.01174	0.01680
20	0.01511	0.01057	0.01401	0.01437	0.01597	0.01027	0.01022	0.01762	0.02296	0.03149	0.21569	0.20694	0.10381	0.08215	0.10318	0.07723	0.00994	0.02029	0.00928	0.00889
21	0.31639	0.02902	0.02628	0.10682	0.03536	0.16957	0.05549	0.03397	0.02338	0.03754	0.02007	0.02897	0.01711	0.01201	0.00930	0.00341	0.01321	0.04363	0.00632	0.01216
22	0.04073	0.05197	0.03090	0.02809	0.03371	0.57303	0.02107	0.04354	0.03090	0.02669	0.01685	0.01966	0.01404	0.01124	0.00983	0.00281	0.01966	0.00702	0.00562	0.01264
23	0.01586	0.01057	0.01189	0.01189	0.01189	0.01057	0.00661	0.01586	0.01586	0.02114	0.03436	0.07135	0.03964	0.61681	0.05550	0.01057	0.01057	0.01586	0.00661	0.00661
24	0.02113	0.01967	0.02382	0.21131	0.03989	0.07512	0.01946	0.02984	0.09753	0.03243	0.10849	0.13282	0.04103	0.02435	0.07030	0.00511	0.01300	0.01495	0.00786	0.01187
25	0.14189	0.02360	0.02505	0.02072	0.02755	0.07855	0.01675	0.04734	0.10228	0.30218	0.03379	0.03172	0.02318	0.01341	0.01231	0.00348	0.05965	0.00986	0.01054	0.01615
26	0.02712	0.02342	0.02465	0.02219	0.02835	0.02712	0.01726	0.05794	0.52909	0.04561	0.04438	0.04068	0.03328	0.01479	0.01109	0.00370	0.00863	0.01233	0.01109	0.01726
27	0.01468	0.01028	0.01298	0.01384	0.01561	0.00952	0.00980	0.01811	0.02499	0.03488	0.23605	0.32427	0.11891	0.02735	0.01287	0.00383	0.00572	0.02434	0.07245	0.00952
28	0.09839	0.07475	0.03287	0.06849	0.03465	0.10181	0.10713	0.03374	0.02519	0.11276	0.03234	0.12306	0.02994	0.01626	0.01123	0.00360	0.01262	0.06017	0.00791	0.01308
29	0.03082	0.02526	0.02674	0.02294	0.02976	0.02885	0.01815	0.17526	0.40575	0.05158	0.03968	0.03694	0.02948	0.01435	0.01105	0.00359	0.00950	0.01168	0.01105	0.01759
30	0.01482	0.01063	0.01352	0.01472	0.01636	0.01016	0.01070	0.01677	0.02103	0.02721	0.06252	0.25728	0.17087	0.09633	0.07241	0.06758	0.00952	0.09011	0.00887	0.00859
31	0.01605	0.01269	0.01791	0.14694	0.02964	0.01324	0.01487	0.02018	0.02394	0.03186	0.17798	0.20069	0.11138	0.07860	0.01677	0.00452	0.00851	0.05529	0.00906	0.00989
32	0.20060	0.03332	0.14624	0.08124	0.03677	0.07271	0.02322	0.10801	0.11910	0.04392	0.02369	0.02568	0.01764	0.01164	0.00965	0.00342	0.01230	0.00862	0.00737	0.01486
33	0.02556	0.02419	0.04096	0.06153	0.49319	0.02413	0.03103	0.03156	0.02442	0.03481	0.02464	0.08778	0.02299	0.01227	0.01112	0.00336	0.01226	0.01194	0.00589	0.01639
34	0.02272	0.01877	0.02962	0.44278	0.06173	0.02237	0.02610	0.03136	0.06272	0.07128	0.07775	0.03605	0.02615	0.01259	0.01113	0.00360	0.01270	0.01104	0.00674	0.01281
35	0.08295	0.08462	0.03316	0.11627	0.12716	0.02698	0.02198	0.14614	0.06937	0.09781	0.06521	0.03173	0.02523	0.01242	0.01033	0.00329	0.01117	0.01014	0.00841	0.01560
