[name]
unknown

[dist]
# distance from previous block
# <min> <max>
2	142

[block]
# block no. 0 follows, 10 sequences, length 12
# corresponding to MSA columns:
# 142-153
name=unknown_A
#
# <colnr> <probs for GDERKNQSTAVLIFYWHMCP>
#	G	D	E	R	K	N	Q	S	T	A	V	L	I	F	Y	W	H	M	C	P
0	0.08722	0.02555	0.10414	0.12730	0.04019	0.01993	0.02227	0.03576	0.02552	0.14913	0.03123	0.09462	0.02579	0.01439	0.01090	0.00341	0.01141	0.01197	0.00846	0.15078
1	0.03080	0.04390	0.23188	0.11634	0.05157	0.11980	0.10204	0.03987	0.02736	0.09205	0.02368	0.02775	0.01701	0.01151	0.01153	0.00362	0.01713	0.00983	0.00642	0.01592
2	0.02688	0.12011	0.13311	0.09525	0.07160	0.02648	0.02500	0.07260	0.02692	0.03818	0.02074	0.02488	0.01646	0.01028	0.00976	0.00277	0.01249	0.00811	0.00634	0.25205
3	0.01601	0.01154	0.01514	0.01494	0.01728	0.01067	0.01094	0.02082	0.03083	0.04332	0.42463	0.18430	0.10330	0.02626	0.01394	0.00387	0.00573	0.02339	0.01241	0.01067
4	0.02392	0.01364	0.01737	0.01543	0.01980	0.01212	0.01192	0.02868	0.03175	0.15103	0.33079	0.08121	0.17091	0.02279	0.01327	0.00370	0.00655	0.01963	0.01277	0.01272
5	0.03396	0.13586	0.07543	0.16983	0.04404	0.02527	0.02333	0.03970	0.02693	0.20753	0.03278	0.08159	0.02569	0.01451	0.01108	0.00357	0.01224	0.01195	0.00892	0.01580
6	0.01569	0.01285	0.01438	0.01375	0.01794	0.01074	0.01018	0.01903	0.02588	0.03346	0.12760	0.18848	0.31440	0.02706	0.01316	0.00372	0.00645	0.02314	0.01037	0.11172
7	0.20972	0.07975	0.07769	0.09205	0.04399	0.02748	0.14976	0.03830	0.02518	0.11599	0.02378	0.02748	0.01727	0.01112	0.01058	0.00363	0.01383	0.00988	0.00734	0.01519
8	0.02067	0.01600	0.02251	0.10365	0.03115	0.01814	0.01750	0.07654	0.02644	0.03673	0.12355	0.04939	0.04168	0.05437	0.29496	0.01164	0.02152	0.01358	0.00799	0.01200
9	0.13333	0.22580	0.03735	0.02067	0.02872	0.03307	0.01788	0.09406	0.13271	0.08712	0.03011	0.06160	0.02474	0.01387	0.00972	0.00334	0.01065	0.01041	0.00884	0.01602
10	0.10200	0.08686	0.20627	0.10815	0.04284	0.02500	0.02738	0.03436	0.02477	0.06911	0.05464	0.02947	0.02232	0.01172	0.01021	0.00329	0.01297	0.00916	0.00667	0.11280
11	0.12449	0.03959	0.27122	0.02586	0.03684	0.02451	0.02840	0.03810	0.11624	0.04043	0.03206	0.11443	0.02816	0.01589	0.01119	0.00388	0.01272	0.01294	0.00754	0.01551

[dist]
# distance from previous block
# <min> <max>
0	1

[block]
# block no. 1 follows, 10 sequences, length 12
# corresponding to MSA columns:
# 155-166
name=unknown_B
#
# <colnr> <probs for GDERKNQSTAVLIFYWHMCP>
#	G	D	E	R	K	N	Q	S	T	A	V	L	I	F	Y	W	H	M	C	P
0	0.02059	0.09139	0.02738	0.02117	0.02381	0.02266	0.01744	0.02444	0.02220	0.03103	0.09967	0.09414	0.04281	0.04288	0.18601	0.00882	0.15055	0.05394	0.00752	0.01157
1	0.09272	0.10986	0.13636	0.05781	0.03461	0.02359	0.02251	0.03904	0.02731	0.18988	0.08064	0.07435	0.03308	0.01505	0.01096	0.00356	0.01142	0.01213	0.00933	0.01578
2	0.02914	0.19813	0.34052	0.02801	0.04221	0.03078	0.03347	0.03887	0.02544	0.09787	0.02286	0.02494	0.01661	0.01119	0.01018	0.00335	0.01498	0.00836	0.00616	0.01692
3	0.03810	0.14164	0.03177	0.02013	0.02757	0.02345	0.01677	0.04569	0.08957	0.27259	0.04292	0.12988	0.03505	0.01745	0.01136	0.00360	0.00980	0.01442	0.01144	0.01679
4	0.01779	0.01349	0.01948	0.09635	0.02922	0.01407	0.01739	0.02287	0.02624	0.03517	0.14978	0.17787	0.06767	0.03207	0.05231	0.00562	0.01107	0.19064	0.01006	0.01085
5	0.14046	0.26115	0.11325	0.13685	0.04259	0.03490	0.02471	0.06347	0.02508	0.03658	0.01858	0.02278	0.01494	0.01088	0.00909	0.00321	0.01319	0.00773	0.00584	0.01474
6	0.02384	0.01366	0.01946	0.01838	0.02181	0.01406	0.01423	0.02792	0.02370	0.13548	0.08753	0.11837	0.04343	0.05872	0.30902	0.01215	0.02086	0.01584	0.00923	0.01232
7	0.01685	0.01084	0.01325	0.01382	0.01396	0.01070	0.00833	0.01648	0.01777	0.02370	0.03988	0.17746	0.04615	0.38640	0.04761	0.11264	0.01013	0.01927	0.00753	0.00724
8	0.02240	0.02785	0.13692	0.28666	0.05610	0.02463	0.02983	0.02848	0.02142	0.02936	0.01993	0.02967	0.01612	0.01762	0.02081	0.11792	0.08685	0.00990	0.00508	0.01244
9	0.04491	0.03019	0.13516	0.02421	0.03499	0.02191	0.02331	0.11296	0.03449	0.35791	0.03801	0.03473	0.02452	0.01362	0.01155	0.00360	0.01186	0.01086	0.01199	0.01924
10	0.02815	0.01764	0.02110	0.01785	0.02324	0.01720	0.01409	0.12447	0.03669	0.13329	0.27239	0.06975	0.13439	0.02088	0.01293	0.00365	0.00786	0.01767	0.01254	0.01421
11	0.01821	0.09542	0.02227	0.01782	0.02074	0.01629	0.01420	0.02200	0.02490	0.03311	0.13105	0.26605	0.06676	0.03471	0.06780	0.00577	0.01067	0.11156	0.00983	0.01086

[dist]
# distance from previous block
# <min> <max>
0	14

[block]
# block no. 2 follows, 10 sequences, length 13
# corresponding to MSA columns:
# 181-193
name=unknown_C
#
# <colnr> <probs for GDERKNQSTAVLIFYWHMCP>
#	G	D	E	R	K	N	Q	S	T	A	V	L	I	F	Y	W	H	M	C	P
0	0.07064	0.01882	0.02945	0.19452	0.04447	0.01976	0.06958	0.03255	0.02839	0.11813	0.19260	0.05066	0.04984	0.01596	0.01227	0.00374	0.01118	0.01430	0.00948	0.01364
1	0.03995	0.17213	0.04052	0.06464	0.03724	0.07130	0.02191	0.26945	0.04130	0.09511	0.02535	0.02640	0.01871	0.01270	0.01053	0.00325	0.01322	0.00931	0.00936	0.01763
2	0.34477	0.02322	0.02365	0.07206	0.03083	0.06776	0.04945	0.03202	0.02509	0.04546	0.14015	0.03800	0.03750	0.01412	0.01001	0.00361	0.01059	0.01099	0.00818	0.01253
3	0.02882	0.04462	0.32162	0.03036	0.04188	0.02743	0.03418	0.03806	0.02439	0.11902	0.02379	0.02736	0.01729	0.01393	0.01787	0.00402	0.15271	0.00952	0.00659	0.01653
4	0.02636	0.01524	0.02184	0.07508	0.07296	0.01476	0.01654	0.03030	0.02567	0.15466	0.04914	0.29631	0.04946	0.02414	0.01286	0.00407	0.00892	0.02151	0.06688	0.01331
5	0.03415	0.02571	0.02812	0.02361	0.03031	0.02825	0.01867	0.29317	0.12296	0.05826	0.04022	0.16810	0.03663	0.01984	0.01246	0.00387	0.01068	0.01652	0.01146	0.01699
6	0.07122	0.03196	0.16926	0.17020	0.04865	0.02387	0.02827	0.04300	0.07090	0.18266	0.03046	0.03219	0.02094	0.01263	0.01124	0.00373	0.01332	0.01027	0.00859	0.01665
7	0.02314	0.02187	0.03701	0.47859	0.15564	0.02615	0.03288	0.03075	0.02381	0.03114	0.02088	0.03062	0.01601	0.01141	0.01161	0.00380	0.01521	0.01034	0.00527	0.01387
8	0.17901	0.01451	0.01593	0.01480	0.01864	0.01471	0.01138	0.02498	0.02967	0.04801	0.38975	0.07006	0.08570	0.02056	0.01210	0.00364	0.00636	0.01739	0.01142	0.01138
9	0.01530	0.01093	0.01479	0.01749	0.01866	0.01042	0.01276	0.01815	0.02338	0.03096	0.06348	0.47171	0.07445	0.03537	0.01515	0.00488	0.00773	0.13386	0.01077	0.00976
10	0.03532	0.09662	0.28907	0.02701	0.04031	0.02499	0.03065	0.04437	0.02787	0.22677	0.03016	0.02984	0.02023	0.01225	0.01095	0.00353	0.01389	0.00957	0.00861	0.01798
11	0.01916	0.01562	0.02035	0.11227	0.03107	0.01709	0.01638	0.02981	0.14008	0.03439	0.05247	0.35481	0.05610	0.02705	0.01355	0.00438	0.00886	0.02422	0.01008	0.01226
12	0.03314	0.02438	0.02719	0.02377	0.03057	0.02691	0.01926	0.15829	0.26341	0.09721	0.04485	0.05433	0.03640	0.01802	0.01250	0.00404	0.01042	0.08594	0.01183	0.01755

[dist]
# distance from previous block
# <min> <max>
4	32

[block]
# block no. 3 follows, 10 sequences, length 10
# corresponding to MSA columns:
# 226-235
name=unknown_D
#
# <colnr> <probs for GDERKNQSTAVLIFYWHMCP>
#	G	D	E	R	K	N	Q	S	T	A	V	L	I	F	Y	W	H	M	C	P
0	0.12311	0.13788	0.09546	0.15368	0.04354	0.02731	0.02387	0.04032	0.02603	0.18309	0.02680	0.02873	0.01890	0.01195	0.01015	0.00346	0.01252	0.00917	0.00816	0.01586
1	0.01688	0.01272	0.01548	0.01688	0.01885	0.01263	0.01213	0.02298	0.08055	0.03203	0.06461	0.33834	0.11713	0.10044	0.01995	0.00543	0.00805	0.08401	0.01045	0.01046
2	0.03811	0.04437	0.02904	0.02647	0.03217	0.38420	0.01998	0.04693	0.11795	0.03401	0.02584	0.02785	0.02058	0.01288	0.01045	0.00314	0.01690	0.00895	0.08611	0.01407
3	0.31852	0.02406	0.03097	0.07213	0.03679	0.02583	0.09868	0.08351	0.02719	0.10386	0.02560	0.03300	0.02000	0.01286	0.01033	0.00379	0.01208	0.03784	0.00832	0.01465
4	0.13562	0.02414	0.02808	0.02183	0.03068	0.02424	0.01803	0.18521	0.03808	0.32010	0.03619	0.03310	0.02375	0.01376	0.01105	0.00357	0.01067	0.01057	0.01254	0.01879
5	0.03786	0.17662	0.03952	0.02635	0.03246	0.24296	0.02173	0.04114	0.02754	0.09701	0.02083	0.02392	0.01694	0.01358	0.01574	0.00340	0.13282	0.00833	0.00672	0.01455
6	0.01661	0.01246	0.01869	0.01869	0.02077	0.01454	0.01454	0.02077	0.01869	0.02700	0.03115	0.04569	0.02908	0.08723	0.54517	0.01869	0.03115	0.01246	0.00623	0.01038
7	0.03095	0.02853	0.02957	0.12462	0.04075	0.08913	0.02184	0.09837	0.30885	0.04541	0.03693	0.03685	0.02775	0.01438	0.01162	0.00377	0.01212	0.01169	0.00990	0.01696
8	0.03470	0.01732	0.02464	0.11912	0.03492	0.01668	0.01787	0.04013	0.03131	0.27491	0.19659	0.05374	0.05328	0.01701	0.01236	0.00367	0.00947	0.01455	0.01216	0.01558
9	0.02222	0.11898	0.02363	0.01603	0.01787	0.01675	0.01192	0.01879	0.01672	0.02153	0.01946	0.03226	0.01923	0.03477	0.03842	0.53960	0.01053	0.00938	0.00504	0.00688

[dist]
# distance from previous block
# <min> <max>
0	2

[block]
# block no. 4 follows, 10 sequences, length 12
# corresponding to MSA columns:
# 238-249
name=unknown_E
#
# <colnr> <probs for GDERKNQSTAVLIFYWHMCP>
#	G	D	E	R	K	N	Q	S	T	A	V	L	I	F	Y	W	H	M	C	P
0	0.02839	0.03746	0.22811	0.14584	0.05159	0.02661	0.07637	0.03730	0.02501	0.11314	0.02433	0.02915	0.01753	0.01291	0.01538	0.00393	0.09420	0.01019	0.00662	0.01592
1	0.01986	0.01667	0.02413	0.14359	0.03432	0.01980	0.01894	0.02331	0.02340	0.03224	0.14727	0.10370	0.08295	0.02397	0.02308	0.08702	0.14088	0.01612	0.00792	0.01084
2	0.02018	0.01826	0.03000	0.43843	0.06567	0.02210	0.02739	0.02663	0.02303	0.02971	0.03058	0.15715	0.02952	0.01729	0.01236	0.00407	0.01351	0.01552	0.00645	0.01213
3	0.02060	0.01251	0.01966	0.14026	0.02998	0.01369	0.01517	0.01848	0.01700	0.02237	0.02031	0.03436	0.01913	0.03384	0.03773	0.51149	0.01133	0.01015	0.00508	0.00685
4	0.02004	0.03199	0.21173	0.19661	0.04938	0.02116	0.02954	0.02813	0.02343	0.03234	0.03429	0.20094	0.03437	0.01915	0.01242	0.00407	0.01340	0.01678	0.00683	0.01342
5	0.02062	0.01074	0.01122	0.01160	0.01402	0.01064	0.00851	0.02556	0.02409	0.04142	0.04165	0.11990	0.03648	0.01679	0.00908	0.00300	0.00561	0.01399	0.56445	0.01064
6	0.02058	0.01209	0.01519	0.01459	0.01756	0.01125	0.01086	0.02538	0.02922	0.08761	0.28556	0.15604	0.07847	0.02270	0.01244	0.00362	0.00609	0.01986	0.15938	0.01151
7	0.02782	0.04557	0.28915	0.03813	0.05219	0.02918	0.20087	0.09976	0.02990	0.04216	0.02286	0.02756	0.01653	0.01100	0.01213	0.00374	0.01746	0.01076	0.00622	0.01700
8	0.03813	0.02296	0.03763	0.03906	0.17754	0.02144	0.08860	0.04367	0.02879	0.26026	0.03459	0.03882	0.02543	0.06995	0.01667	0.00437	0.01261	0.01212	0.00986	0.01752
9	0.01469	0.01052	0.01396	0.01584	0.01698	0.00980	0.01084	0.01751	0.02470	0.03356	0.16646	0.47028	0.08441	0.03355	0.01459	0.00448	0.00646	0.03032	0.01125	0.00980
10	0.33969	0.07789	0.02706	0.14152	0.03753	0.02609	0.01834	0.03483	0.02264	0.08726	0.02042	0.02408	0.01545	0.01102	0.00879	0.00337	0.01086	0.00777	0.00715	0.07824
11	0.17102	0.03365	0.13934	0.02294	0.03220	0.07456	0.02201	0.08166	0.06139	0.07874	0.09343	0.03441	0.03082	0.01354	0.01050	0.00343	0.01196	0.01032	0.00858	0.06549

[dist]
# distance from previous block
# <min> <max>
2	10

[block]
# block no. 5 follows, 10 sequences, length 31
# corresponding to MSA columns:
# 261-291
name=unknown_F
#
# <colnr> <probs for GDERKNQSTAVLIFYWHMCP>
#	G	D	E	R	K	N	Q	S	T	A	V	L	I	F	Y	W	H	M	C	P
0	0.08935	0.16121	0.12455	0.09170	0.03911	0.02733	0.02368	0.04068	0.02638	0.18351	0.02692	0.02806	0.01914	0.01168	0.00998	0.00325	0.01233	0.00889	0.00817	0.06410
1	0.02906	0.04305	0.29452	0.03649	0.10521	0.02484	0.08586	0.03919	0.02646	0.11359	0.02519	0.02819	0.01794	0.01113	0.01131	0.00350	0.01517	0.00975	0.00678	0.07276
2	0.02397	0.10446	0.49230	0.03206	0.04865	0.02858	0.04107	0.03667	0.02448	0.03605	0.02048	0.02407	0.01475	0.01096	0.01075	0.00358	0.01680	0.00840	0.00492	0.01700
3	0.02579	0.01457	0.02054	0.02180	0.06010	0.01407	0.01468	0.02903	0.02406	0.15524	0.04631	0.23425	0.04641	0.10344	0.12579	0.00791	0.01355	0.01981	0.00996	0.01269
4	0.03784	0.16583	0.10333	0.08321	0.04073	0.02745	0.06664	0.04414	0.02822	0.24418	0.03071	0.03093	0.02118	0.01216	0.01078	0.00340	0.01296	0.01003	0.00912	0.01716
5	0.01631	0.01133	0.01426	0.01479	0.01541	0.01169	0.00955	0.01768	0.01838	0.02499	0.04071	0.16800	0.04593	0.36396	0.16528	0.01175	0.01508	0.01901	0.00759	0.00830
6	0.03502	0.02134	0.02493	0.02171	0.02837	0.02244	0.01700	0.05432	0.27923	0.20971	0.04895	0.10995	0.03841	0.01790	0.01217	0.00392	0.00913	0.01515	0.01258	0.01776
7	0.10177	0.10230	0.13445	0.06780	0.03728	0.02886	0.02540	0.03845	0.02433	0.15441	0.02452	0.02761	0.01815	0.01400	0.01694	0.00386	0.14735	0.00933	0.00755	0.01563
8	0.08917	0.08429	0.09537	0.09615	0.04296	0.02879	0.08058	0.11332	0.08164	0.13147	0.02881	0.03046	0.02061	0.01242	0.01108	0.00360	0.01324	0.01039	0.00880	0.01686
9	0.02125	0.01339	0.01730	0.01711	0.02088	0.01233	0.01394	0.02602	0.02953	0.10106	0.21610	0.10113	0.17048	0.02661	0.01426	0.00428	0.00791	0.16276	0.01187	0.01177
10	0.03314	0.01708	0.02242	0.02075	0.02626	0.01640	0.01703	0.04126	0.08935	0.23696	0.05365	0.13931	0.04857	0.02332	0.01358	0.00438	0.00969	0.15920	0.01237	0.01525
11	0.02764	0.01993	0.02617	0.08424	0.07893	0.02119	0.02000	0.08371	0.12670	0.09740	0.04565	0.18015	0.04323	0.02151	0.01300	0.00417	0.01038	0.07060	0.01042	0.01499
12	0.03099	0.03136	0.15007	0.08286	0.03950	0.02542	0.02604	0.09558	0.07411	0.13145	0.03328	0.09532	0.02737	0.01668	0.01523	0.00399	0.08254	0.01308	0.00894	0.01621
13	0.04201	0.11847	0.03621	0.02879	0.03525	0.48667	0.02217	0.04509	0.03188	0.02834	0.01777	0.02070	0.01497	0.01175	0.01014	0.00294	0.01998	0.00734	0.00587	0.01365
14	0.04045	0.02016	0.02579	0.01924	0.02880	0.01643	0.01571	0.04523	0.02945	0.32238	0.03534	0.03312	0.02396	0.01198	0.01041	0.00281	0.00936	0.00969	0.01126	0.28844
15	0.02879	0.02763	0.04721	0.07139	0.51871	0.02763	0.03569	0.03569	0.02648	0.03800	0.02188	0.02879	0.01842	0.01036	0.01151	0.00345	0.01382	0.01036	0.00576	0.01842
16	0.04345	0.05543	0.03296	0.02996	0.03596	0.54457	0.02247	0.04644	0.03296	0.02846	0.01798	0.02097	0.01498	0.01199	0.01049	0.00300	0.02097	0.00749	0.00599	0.01348
17	0.01661	0.01246	0.01869	0.01869	0.02077	0.01454	0.01454	0.02077	0.01869	0.02700	0.03115	0.04569	0.02908	0.08723	0.54517	0.01869	0.03115	0.01246	0.00623	0.01038
18	0.02745	0.03137	0.06863	0.04902	0.06078	0.02941	0.47647	0.03725	0.02745	0.03725	0.02353	0.03137	0.01765	0.00980	0.01373	0.00392	0.01961	0.01373	0.00588	0.01569
19	0.01954	0.01174	0.01567	0.01644	0.01862	0.01075	0.01164	0.02262	0.02596	0.09715	0.15748	0.40777	0.07775	0.03090	0.01420	0.00435	0.00688	0.02775	0.01169	0.01110
20	0.02020	0.01010	0.01515	0.01515	0.01515	0.01010	0.01010	0.01515	0.01515	0.02020	0.02020	0.03535	0.02020	0.04040	0.04545	0.66162	0.01010	0.01010	0.00505	0.00505
21	0.04345	0.05543	0.03296	0.02996	0.03596	0.54457	0.02247	0.04644	0.03296	0.02846	0.01798	0.02097	0.01498	0.01199	0.01049	0.00300	0.02097	0.00749	0.00599	0.01348
22	0.02331	0.02231	0.03153	0.02767	0.02817	0.03053	0.02281	0.02624	0.01802	0.02775	0.01911	0.03034	0.01861	0.03652	0.16072	0.00838	0.43973	0.01073	0.00536	0.01216
23	0.02467	0.01866	0.02987	0.37742	0.06091	0.02164	0.02661	0.03114	0.02482	0.09410	0.03291	0.10134	0.02924	0.01681	0.01245	0.00409	0.01334	0.05923	0.00754	0.01320
24	0.02196	0.02067	0.03488	0.56331	0.08010	0.02584	0.03230	0.02972	0.02326	0.02972	0.02067	0.03101	0.01550	0.01163	0.01163	0.00388	0.01550	0.01034	0.00517	0.01292
25	0.02047	0.01878	0.03216	0.27072	0.09797	0.02066	0.07208	0.02636	0.02366	0.03130	0.03626	0.22388	0.03746	0.01998	0.01296	0.00414	0.01272	0.01864	0.00727	0.01253
26	0.01850	0.01285	0.01417	0.01428	0.01700	0.01275	0.01022	0.02561	0.08498	0.03663	0.10078	0.17048	0.14570	0.09494	0.01794	0.00466	0.00700	0.01987	0.18077	0.01087
27	0.04288	0.01943	0.02545	0.02074	0.02823	0.01795	0.01713	0.09404	0.03471	0.35900	0.10016	0.05559	0.04212	0.01772	0.01249	0.00382	0.00980	0.06771	0.01344	0.01760
28	0.07507	0.02161	0.08745	0.02218	0.02727	0.01757	0.06556	0.02756	0.07251	0.03445	0.04486	0.28321	0.04832	0.09561	0.01883	0.00515	0.01049	0.02142	0.00884	0.01203
29	0.03572	0.02270	0.03499	0.03111	0.08019	0.02306	0.09113	0.04441	0.08826	0.22696	0.03836	0.09351	0.03031	0.01655	0.01567	0.00399	0.08171	0.01414	0.01036	0.01686
30	0.02179	0.07560	0.02373	0.08647	0.02906	0.01718	0.01678	0.02607	0.02580	0.07965	0.08891	0.21859	0.09549	0.02586	0.01347	0.00428	0.00952	0.11989	0.00995	0.01190

[dist]
# distance from previous block
# <min> <max>
5	46

[block]
# block no. 6 follows, 10 sequences, length 10
# corresponding to MSA columns:
# 338-347
name=unknown_G
#
# <colnr> <probs for GDERKNQSTAVLIFYWHMCP>
#	G	D	E	R	K	N	Q	S	T	A	V	L	I	F	Y	W	H	M	C	P
0	0.02883	0.12216	0.21004	0.02394	0.03481	0.02550	0.02558	0.04016	0.09279	0.12356	0.04479	0.04381	0.10494	0.01527	0.01118	0.00356	0.01212	0.01213	0.00859	0.01623
1	0.02062	0.02618	0.13492	0.29268	0.05537	0.02151	0.02822	0.02823	0.02342	0.03231	0.03107	0.14505	0.02919	0.01679	0.01189	0.00392	0.01325	0.01471	0.05770	0.01295
2	0.03263	0.05045	0.32722	0.03029	0.04380	0.09439	0.03395	0.11547	0.03171	0.09556	0.02443	0.02631	0.01716	0.01203	0.01115	0.00355	0.01613	0.00911	0.00723	0.01743
3	0.02417	0.06739	0.09219	0.02924	0.10916	0.09969	0.02066	0.02827	0.02367	0.02989	0.03411	0.16518	0.03653	0.16184	0.02370	0.00559	0.01300	0.01624	0.00711	0.01237
4	0.03167	0.07591	0.20112	0.02496	0.03535	0.02374	0.02593	0.04281	0.08715	0.17485	0.03278	0.03440	0.02385	0.02546	0.10174	0.00615	0.01611	0.01054	0.00872	0.01676
5	0.01891	0.01483	0.01901	0.01779	0.01808	0.01755	0.01249	0.02010	0.01738	0.02447	0.03077	0.05974	0.03398	0.38413	0.12246	0.01084	0.14746	0.01468	0.00646	0.00887
6	0.02781	0.02024	0.02314	0.02011	0.02568	0.02156	0.01575	0.10809	0.19957	0.08847	0.23955	0.05900	0.06376	0.01875	0.01258	0.00373	0.00824	0.01594	0.01241	0.01560
7	0.03313	0.09527	0.11988	0.21469	0.05181	0.09914	0.02789	0.04001	0.02718	0.14426	0.02561	0.02911	0.01828	0.01203	0.01093	0.00350	0.01494	0.00950	0.00733	0.01552
8	0.03350	0.03547	0.14443	0.07006	0.04182	0.11031	0.08842	0.04054	0.02882	0.16187	0.03979	0.04062	0.08346	0.01433	0.01189	0.00362	0.01468	0.01213	0.00848	0.01574
9	0.03722	0.01584	0.02034	0.01679	0.02289	0.01423	0.01344	0.04216	0.03063	0.30428	0.12279	0.04872	0.04283	0.01574	0.01100	0.00335	0.00784	0.01303	0.20118	0.01568

[dist]
# distance from previous block
# <min> <max>
0	3

[block]
# block no. 7 follows, 10 sequences, length 19
# corresponding to MSA columns:
# 351-369
name=unknown_H
#
# <colnr> <probs for GDERKNQSTAVLIFYWHMCP>
#	G	D	E	R	K	N	Q	S	T	A	V	L	I	F	Y	W	H	M	C	P
0	0.12430	0.01255	0.01372	0.01508	0.01756	0.01231	0.01067	0.01931	0.02278	0.03383	0.06781	0.38630	0.16154	0.03063	0.01333	0.00436	0.00694	0.02673	0.01020	0.01005
1	0.03200	0.21811	0.08453	0.02536	0.03411	0.10434	0.07064	0.03737	0.02741	0.09999	0.03466	0.04415	0.05988	0.01504	0.01097	0.00342	0.01382	0.06177	0.00764	0.01479
2	0.07690	0.11576	0.02981	0.07933	0.03077	0.02573	0.01832	0.08906	0.02603	0.03641	0.03162	0.09137	0.03176	0.10600	0.05999	0.00608	0.06078	0.06402	0.00766	0.01258
3	0.13849	0.50199	0.05361	0.01913	0.02862	0.04269	0.01868	0.03472	0.02299	0.03151	0.01617	0.01870	0.01454	0.01009	0.00742	0.00267	0.01186	0.00623	0.00535	0.01454
4	0.12352	0.03062	0.17407	0.02292	0.03272	0.02003	0.02315	0.04085	0.02696	0.23121	0.03733	0.12319	0.03038	0.01658	0.01140	0.00381	0.01143	0.01359	0.00996	0.01628
5	0.02879	0.02763	0.04721	0.07139	0.51871	0.02763	0.03569	0.03569	0.02648	0.03800	0.02188	0.02879	0.01842	0.01036	0.01151	0.00345	0.01382	0.01036	0.00576	0.01842
6	0.04345	0.05543	0.03296	0.02996	0.03596	0.54457	0.02247	0.04644	0.03296	0.02846	0.01798	0.02097	0.01498	0.01199	0.01049	0.00300	0.02097	0.00749	0.00599	0.01348
7	0.01539	0.01217	0.01574	0.01574	0.01861	0.01253	0.01211	0.01903	0.02203	0.02888	0.06811	0.07394	0.23587	0.06259	0.31854	0.01240	0.02038	0.01761	0.00818	0.01014
8	0.02545	0.02545	0.03562	0.03053	0.03053	0.03562	0.02545	0.02799	0.01781	0.02799	0.01527	0.02545	0.01527	0.02036	0.03817	0.00509	0.56997	0.01018	0.00509	0.01272
9	0.04829	0.01893	0.02574	0.02003	0.02835	0.01643	0.01643	0.05290	0.03325	0.47447	0.09671	0.04474	0.03761	0.01542	0.01192	0.00361	0.00942	0.01271	0.01422	0.01883
10	0.02020	0.01010	0.01515	0.01515	0.01515	0.01010	0.01010	0.01515	0.01515	0.02020	0.02020	0.03535	0.02020	0.04040	0.04545	0.66162	0.01010	0.01010	0.00505	0.00505
11	0.04206	0.02289	0.03258	0.02548	0.03417	0.02221	0.08130	0.05545	0.16600	0.32128	0.04320	0.03954	0.02917	0.01415	0.01202	0.00374	0.01105	0.01240	0.01248	0.01882
12	0.02597	0.02698	0.04418	0.03533	0.03838	0.03401	0.14238	0.03039	0.02031	0.03039	0.01741	0.02698	0.01588	0.01762	0.03183	0.00479	0.42728	0.01110	0.00529	0.01349
13	0.02107	0.01930	0.03218	0.47225	0.07018	0.02395	0.02933	0.02822	0.02249	0.02926	0.02242	0.03346	0.01777	0.02427	0.10084	0.00635	0.01812	0.01069	0.00535	0.01250
14	0.03044	0.02210	0.04068	0.03094	0.03902	0.02036	0.20528	0.03744	0.03026	0.16629	0.15333	0.05529	0.04729	0.01625	0.01339	0.00389	0.01288	0.04949	0.01019	0.01518
15	0.03854	0.01566	0.02194	0.01833	0.02349	0.01411	0.01411	0.03897	0.02555	0.31074	0.03493	0.03778	0.02513	0.02549	0.02609	0.28422	0.00998	0.01102	0.01041	0.01351
16	0.01959	0.01256	0.01546	0.01469	0.01827	0.01114	0.01102	0.02369	0.02948	0.09730	0.27082	0.15804	0.22169	0.02618	0.01364	0.00388	0.00632	0.02268	0.01209	0.01146
17	0.02485	0.01350	0.01798	0.01643	0.02032	0.01219	0.01245	0.02942	0.03094	0.16207	0.30997	0.17178	0.08334	0.02392	0.01344	0.00385	0.00682	0.02106	0.01281	0.01286
18	0.02752	0.03113	0.12001	0.11029	0.22970	0.02666	0.06955	0.09489	0.02933	0.04075	0.02715	0.08891	0.02397	0.01392	0.01202	0.00373	0.01415	0.01285	0.00693	0.01654

[dist]
# distance from previous block
# <min> <max>
0	25

[block]
# block no. 8 follows, 10 sequences, length 38
# corresponding to MSA columns:
# 395-432
name=unknown_I
#
# <colnr> <probs for GDERKNQSTAVLIFYWHMCP>
#	G	D	E	R	K	N	Q	S	T	A	V	L	I	F	Y	W	H	M	C	P
0	0.02879	0.11104	0.07584	0.15180	0.04169	0.02444	0.02312	0.03738	0.07026	0.12861	0.04165	0.05298	0.06988	0.01677	0.01180	0.00382	0.01199	0.07448	0.00881	0.01485
1	0.02577	0.01820	0.02126	0.01801	0.02331	0.01784	0.01340	0.06472	0.10000	0.08123	0.03407	0.04785	0.03071	0.20357	0.08950	0.00741	0.01265	0.01242	0.00869	0.16939
2	0.38244	0.03040	0.02287	0.06745	0.03078	0.16703	0.01689	0.03603	0.02493	0.04318	0.06295	0.02681	0.02248	0.01240	0.00909	0.00346	0.01253	0.00834	0.00721	0.01272
3	0.01667	0.01314	0.01919	0.14701	0.03218	0.01380	0.01600	0.02102	0.02543	0.03435	0.17682	0.31469	0.07120	0.02701	0.01376	0.00423	0.00850	0.02431	0.01000	0.01070
4	0.02020	0.01010	0.01515	0.01515	0.01515	0.01010	0.01010	0.01515	0.01515	0.02020	0.02020	0.03535	0.02020	0.04040	0.04545	0.66162	0.01010	0.01010	0.00505	0.00505
5	0.02816	0.10628	0.22311	0.02756	0.03850	0.02695	0.06108	0.07848	0.07184	0.08217	0.03243	0.11339	0.02813	0.01572	0.01158	0.00371	0.01340	0.01331	0.00799	0.01620
6	0.11556	0.16309	0.03758	0.02232	0.03115	0.02604	0.07115	0.04223	0.02790	0.23804	0.03954	0.03823	0.07093	0.01383	0.01056	0.00340	0.01117	0.01123	0.00983	0.01623
7	0.02228	0.05276	0.45203	0.03031	0.04529	0.02455	0.03807	0.03455	0.02584	0.03833	0.09620	0.03410	0.02929	0.01300	0.01146	0.00368	0.01540	0.01050	0.00612	0.01624
8	0.01761	0.08236	0.02024	0.01721	0.01934	0.01500	0.01301	0.02024	0.02257	0.02940	0.05354	0.34136	0.06197	0.11731	0.02100	0.00559	0.00897	0.11374	0.00950	0.01001
9	0.03173	0.02644	0.14390	0.02220	0.03052	0.01758	0.02155	0.03820	0.02780	0.22541	0.09508	0.09732	0.03995	0.02809	0.09383	0.00605	0.01406	0.01433	0.01032	0.01563
10	0.02391	0.08290	0.02249	0.01663	0.01984	0.01732	0.01244	0.02634	0.02077	0.10175	0.03392	0.05424	0.03286	0.27738	0.19639	0.01135	0.01736	0.01346	0.00767	0.01097
11	0.03132	0.02069	0.02385	0.02118	0.02723	0.02205	0.01645	0.05117	0.28638	0.15725	0.09583	0.11127	0.04635	0.01872	0.01235	0.00393	0.00870	0.01598	0.01240	0.01691
12	0.02996	0.09303	0.29809	0.09422	0.04794	0.02953	0.03379	0.12308	0.03079	0.07768	0.02362	0.02657	0.01684	0.01183	0.01097	0.00356	0.01520	0.00919	0.00694	0.01717
13	0.02559	0.03260	0.19664	0.23792	0.05549	0.02326	0.03193	0.03450	0.02544	0.09318	0.03007	0.04525	0.02474	0.01491	0.01212	0.00400	0.01465	0.07582	0.00705	0.01484
14	0.01733	0.01159	0.01505	0.01710	0.01880	0.01134	0.01315	0.02099	0.02388	0.03316	0.05677	0.28230	0.06288	0.07862	0.01807	0.00522	0.00847	0.18607	0.10927	0.00994
15	0.01429	0.01130	0.01287	0.01354	0.01631	0.00988	0.00975	0.01735	0.02622	0.03323	0.16221	0.24939	0.32114	0.03068	0.01407	0.00412	0.00609	0.02656	0.01111	0.00988
16	0.13072	0.13819	0.09780	0.20428	0.05018	0.02913	0.05934	0.03609	0.02447	0.09453	0.02239	0.02700	0.01661	0.01130	0.01022	0.00351	0.01371	0.00911	0.00659	0.01481
17	0.02551	0.13925	0.16390	0.21447	0.12913	0.03045	0.07215	0.03395	0.02450	0.03292	0.02032	0.02686	0.01585	0.01082	0.01088	0.00351	0.01544	0.00946	0.00522	0.01540
18	0.03109	0.59826	0.06095	0.01990	0.02985	0.04602	0.01990	0.03483	0.02363	0.02736	0.01617	0.01866	0.01493	0.00995	0.00746	0.00249	0.01244	0.00622	0.00498	0.01493
19	0.01709	0.01301	0.01624	0.01493	0.01871	0.01137	0.01117	0.02186	0.02966	0.04175	0.34403	0.13899	0.13235	0.02353	0.01307	0.00352	0.00616	0.02065	0.01146	0.11047
20	0.02157	0.01979	0.03292	0.49755	0.07331	0.02433	0.03065	0.02903	0.02368	0.03033	0.02564	0.04317	0.02175	0.01412	0.01217	0.00406	0.01492	0.06253	0.00584	0.01265
21	0.04345	0.05543	0.03296	0.02996	0.03596	0.54457	0.02247	0.04644	0.03296	0.02846	0.01798	0.02097	0.01498	0.01199	0.01049	0.00300	0.02097	0.00749	0.00599	0.01348
22	0.04345	0.05543	0.03296	0.02996	0.03596	0.54457	0.02247	0.04644	0.03296	0.02846	0.01798	0.02097	0.01498	0.01199	0.01049	0.00300	0.02097	0.00749	0.00599	0.01348
23	0.04177	0.03136	0.03353	0.02627	0.03514	0.03493	0.02151	0.41306	0.12553	0.06936	0.03103	0.03040	0.02229	0.01425	0.01167	0.00356	0.01222	0.01090	0.01167	0.01956
24	0.05218	0.01979	0.02699	0.02069	0.02969	0.01709	0.01709	0.05668	0.03329	0.52677	0.04588	0.03959	0.02879	0.01439	0.01170	0.00360	0.00990	0.01170	0.01439	0.01979
25	0.02020	0.01010	0.01515	0.01515	0.01515	0.01010	0.01010	0.01515	0.01515	0.02020	0.02020	0.03535	0.02020	0.04040	0.04545	0.66162	0.01010	0.01010	0.00505	0.00505
26	0.04129	0.04865	0.03212	0.02870	0.03509	0.41857	0.02182	0.08886	0.10617	0.03570	0.02339	0.02505	0.01857	0.01275	0.01080	0.00319	0.01842	0.00863	0.00741	0.01482
27	0.03400	0.02749	0.05326	0.03904	0.04864	0.02677	0.29659	0.04148	0.02791	0.17055	0.02868	0.03292	0.02042	0.01232	0.01608	0.00397	0.08253	0.01275	0.00813	0.01646
28	0.02196	0.02067	0.03488	0.56331	0.08010	0.02584	0.03230	0.02972	0.02326	0.02972	0.02067	0.03101	0.01550	0.01163	0.01163	0.00388	0.01550	0.01034	0.00517	0.01292
29	0.02064	0.01288	0.01646	0.01710	0.01945	0.01238	0.01307	0.02360	0.02370	0.07947	0.05686	0.14373	0.09511	0.21696	0.02969	0.00697	0.01003	0.18182	0.00988	0.01021
30	0.02089	0.01826	0.01686	0.01629	0.01779	0.09334	0.01079	0.02251	0.02150	0.02687	0.08983	0.06525	0.04454	0.37372	0.10529	0.01000	0.01448	0.01542	0.00747	0.00891
31	0.02141	0.01259	0.01653	0.01540	0.01857	0.01201	0.01166	0.02503	0.02719	0.09580	0.23959	0.06716	0.11013	0.03402	0.09824	0.08574	0.01054	0.01669	0.07062	0.01109
32	0.02607	0.01348	0.01831	0.01753	0.02108	0.01232	0.01330	0.02924	0.02740	0.16947	0.15023	0.23655	0.06482	0.02760	0.01648	0.06032	0.00803	0.06369	0.01171	0.01236
33	0.02641	0.02491	0.04204	0.15483	0.39300	0.02576	0.03278	0.03334	0.02650	0.03731	0.06727	0.03459	0.02638	0.01184	0.01174	0.00355	0.01335	0.01135	0.00631	0.01674
34	0.14930	0.02462	0.02696	0.02287	0.02714	0.06375	0.01827	0.07934	0.02559	0.12480	0.02562	0.03446	0.02176	0.10379	0.02641	0.00519	0.18751	0.01061	0.00815	0.01385
35	0.08650	0.01720	0.02510	0.02350	0.02865	0.01685	0.06395	0.03224	0.02737	0.12540	0.05070	0.09418	0.05004	0.02470	0.01422	0.00473	0.01130	0.27979	0.01056	0.01302
36	0.07849	0.01618	0.01853	0.01589	0.02169	0.01404	0.01192	0.02700	0.02398	0.09293	0.04853	0.15362	0.10892	0.08878	0.01699	0.00418	0.00834	0.01640	0.00919	0.22441
37	0.08747	0.09233	0.03949	0.10988	0.09842	0.02519	0.10568	0.03401	0.02659	0.08097	0.09797	0.03686	0.03168	0.01268	0.01113	0.00338	0.01242	0.01153	0.00768	0.07463

[dist]
# distance from previous block
# <min> <max>
1	44

[block]
# block no. 9 follows, 10 sequences, length 10
# corresponding to MSA columns:
# 478-487
name=unknown_J
#
# <colnr> <probs for GDERKNQSTAVLIFYWHMCP>
#	G	D	E	R	K	N	Q	S	T	A	V	L	I	F	Y	W	H	M	C	P
0	0.08720	0.29390	0.04329	0.02573	0.08783	0.03348	0.01978	0.03853	0.07849	0.08276	0.07823	0.03223	0.02928	0.01268	0.00952	0.00310	0.01093	0.00967	0.00779	0.01556
1	0.10800	0.11945	0.02877	0.01831	0.02601	0.02296	0.01518	0.07317	0.02815	0.09574	0.08384	0.09384	0.03498	0.01507	0.01014	0.00301	0.00929	0.01209	0.00898	0.19305
2	0.02443	0.03102	0.17741	0.07736	0.04014	0.02135	0.07559	0.03542	0.07182	0.08213	0.18357	0.04895	0.04874	0.01577	0.01239	0.00374	0.01219	0.01401	0.00902	0.01495
3	0.08112	0.10063	0.24194	0.02745	0.03878	0.02535	0.07167	0.03522	0.02622	0.07926	0.08224	0.04230	0.03170	0.01447	0.01140	0.00371	0.01365	0.05014	0.00744	0.01531
4	0.02622	0.01449	0.01916	0.01803	0.02153	0.01412	0.01377	0.03137	0.07793	0.13571	0.12933	0.12101	0.05238	0.02777	0.02180	0.17599	0.00880	0.06821	0.01051	0.01186
5	0.01962	0.01230	0.01626	0.01678	0.01920	0.01193	0.01235	0.02256	0.02317	0.08588	0.05894	0.26542	0.11098	0.09682	0.12826	0.00807	0.01281	0.05802	0.00990	0.01074
6	0.10033	0.13368	0.09654	0.16698	0.04823	0.03154	0.06916	0.08656	0.08519	0.04049	0.02373	0.02788	0.01812	0.01175	0.01054	0.00354	0.01373	0.00962	0.00693	0.01544
7	0.03032	0.02514	0.03489	0.36176	0.06356	0.02968	0.02847	0.19883	0.03506	0.04609	0.02340	0.02985	0.01711	0.01250	0.01163	0.00373	0.01449	0.01039	0.00760	0.01550
8	0.02333	0.06016	0.53100	0.03315	0.05034	0.02701	0.04297	0.03683	0.02455	0.03683	0.02087	0.02455	0.01473	0.01105	0.01105	0.00368	0.01719	0.00859	0.00491	0.01719
9	0.01797	0.01378	0.01681	0.01729	0.01983	0.01401	0.01245	0.02753	0.12547	0.03882	0.19654	0.31945	0.07816	0.02825	0.01387	0.00424	0.00688	0.02523	0.01162	0.01179

[dist]
# distance from previous block
# <min> <max>
0	82

[block]
# block no. 10 follows, 10 sequences, length 21
# corresponding to MSA columns:
# 570-590
name=unknown_K
#
# <colnr> <probs for GDERKNQSTAVLIFYWHMCP>
#	G	D	E	R	K	N	Q	S	T	A	V	L	I	F	Y	W	H	M	C	P
0	0.03697	0.03160	0.15557	0.11816	0.04414	0.02371	0.02674	0.08188	0.07315	0.23782	0.03392	0.03373	0.02284	0.01317	0.01153	0.00369	0.01287	0.01071	0.00996	0.01783
1	0.13000	0.01376	0.01621	0.01590	0.01810	0.01533	0.01145	0.02167	0.01823	0.02971	0.03059	0.05224	0.03108	0.25915	0.27392	0.01337	0.02003	0.01303	0.00670	0.00954
2	0.03227	0.01620	0.02045	0.01738	0.02268	0.01504	0.01332	0.03858	0.07028	0.24116	0.16481	0.06354	0.08979	0.11749	0.02056	0.00499	0.00867	0.01603	0.01223	0.01452
3	0.14915	0.02364	0.03044	0.13978	0.08868	0.02511	0.02230	0.12508	0.03223	0.20649	0.02970	0.03094	0.02048	0.01271	0.01088	0.00362	0.01185	0.01012	0.00984	0.01697
4	0.03882	0.08781	0.18113	0.02719	0.03817	0.12562	0.02691	0.12589	0.03385	0.16297	0.02747	0.02776	0.01923	0.01251	0.01092	0.00340	0.01489	0.00931	0.00873	0.01743
5	0.03585	0.12167	0.04071	0.08667	0.12964	0.02580	0.06667	0.04158	0.02822	0.20936	0.03295	0.04028	0.02538	0.01370	0.01150	0.00359	0.01263	0.04789	0.00909	0.01683
6	0.02300	0.01958	0.01777	0.01742	0.02108	0.10273	0.01279	0.02602	0.02745	0.08034	0.10753	0.23689	0.20959	0.02673	0.01333	0.00397	0.00913	0.02277	0.01048	0.01141
7	0.02840	0.08264	0.09957	0.07922	0.04110	0.02317	0.12789	0.03544	0.02791	0.12900	0.11430	0.08846	0.03996	0.01574	0.01229	0.00371	0.01282	0.01459	0.00884	0.01495
8	0.02680	0.02043	0.03049	0.11791	0.16379	0.02165	0.02333	0.08483	0.02790	0.08179	0.03440	0.14063	0.03227	0.02968	0.10424	0.00641	0.01522	0.01526	0.00823	0.01473
9	0.04539	0.09131	0.03085	0.02062	0.02916	0.02194	0.01735	0.09261	0.03419	0.37463	0.08508	0.04038	0.03394	0.01470	0.01136	0.00346	0.01007	0.01180	0.01281	0.01835
10	0.02756	0.02056	0.02447	0.01765	0.02782	0.01570	0.01419	0.03265	0.02524	0.09790	0.02377	0.02602	0.01865	0.00932	0.00899	0.00195	0.00877	0.00748	0.00781	0.58349
11	0.02503	0.12694	0.10055	0.20193	0.04893	0.03318	0.02886	0.03081	0.02141	0.02953	0.01786	0.02597	0.01522	0.01459	0.02093	0.00407	0.22602	0.00935	0.00507	0.01371
12	0.04365	0.04924	0.03349	0.02909	0.03599	0.40679	0.02237	0.16389	0.03884	0.04061	0.02067	0.02286	0.01628	0.01252	0.01080	0.00313	0.01876	0.00830	0.00752	0.01519
13	0.02333	0.06016	0.53100	0.03315	0.05034	0.02701	0.04297	0.03683	0.02455	0.03683	0.02087	0.02455	0.01473	0.01105	0.01105	0.00368	0.01719	0.00859	0.00491	0.01719
14	0.04761	0.02713	0.03153	0.02417	0.03335	0.02798	0.01997	0.29953	0.04556	0.26658	0.03558	0.03289	0.02362	0.01415	0.01166	0.00354	0.01156	0.01099	0.01281	0.01978
15	0.03436	0.01858	0.02305	0.01819	0.02560	0.01647	0.01461	0.07686	0.03212	0.22427	0.13961	0.04562	0.04307	0.01498	0.01109	0.00308	0.00848	0.01243	0.07013	0.16741
16	0.01995	0.01067	0.01577	0.01623	0.01669	0.01067	0.01159	0.01669	0.01716	0.02272	0.02734	0.05188	0.02826	0.03898	0.04039	0.54844	0.01021	0.08431	0.00603	0.00603
17	0.03420	0.04476	0.12889	0.11435	0.04444	0.25921	0.02713	0.09329	0.03244	0.03714	0.05683	0.02901	0.02262	0.01286	0.01116	0.00338	0.01721	0.00953	0.00685	0.01470
18	0.02352	0.01388	0.02030	0.01908	0.02250	0.01503	0.01503	0.02774	0.02153	0.12401	0.03401	0.04451	0.02902	0.07309	0.44162	0.01576	0.02703	0.01231	0.00782	0.01221
19	0.01479	0.01060	0.01405	0.01577	0.01701	0.00986	0.01084	0.01776	0.02516	0.03429	0.18587	0.44878	0.08583	0.03300	0.01454	0.00443	0.00641	0.02980	0.01134	0.00986
20	0.02154	0.01891	0.02725	0.29314	0.05181	0.02225	0.02339	0.03367	0.13401	0.03414	0.03833	0.17926	0.03634	0.01912	0.01252	0.00411	0.01173	0.01697	0.00821	0.01329

[dist]
# distance from previous block
# <min> <max>
0	533

# created by:
# /st0/software/busco_prod/Augustus/scripts/msa2prfl.pl ./align_prep/4155.fa
