[name]
unknown

[dist]
# distance from previous block
# <min> <max>
0	547

[block]
# block no. 0 follows, 12 sequences, length 45
# corresponding to MSA columns:
# 740-784
name=unknown_A
#
# <colnr> <probs for GDERKNQSTAVLIFYWHMCP>
#	G	D	E	R	K	N	Q	S	T	A	V	L	I	F	Y	W	H	M	C	P
0	0.03228	0.02217	0.02881	0.02787	0.09515	0.06383	0.05984	0.08116	0.02985	0.19183	0.04687	0.05703	0.10375	0.01728	0.01198	0.00365	0.01121	0.09082	0.00983	0.01479
1	0.02866	0.20307	0.03728	0.02202	0.02880	0.03228	0.01897	0.11480	0.09912	0.03758	0.02176	0.02457	0.01798	0.01268	0.01475	0.00310	0.13924	0.00836	0.00697	0.12800
2	0.17874	0.10576	0.02961	0.02078	0.02851	0.14564	0.01707	0.11788	0.02985	0.13780	0.02293	0.02356	0.01691	0.01120	0.00905	0.00295	0.01201	0.00778	0.00816	0.07381
3	0.02085	0.01682	0.02136	0.02062	0.02366	0.01889	0.01722	0.06826	0.06741	0.03617	0.09183	0.08359	0.11224	0.02436	0.01778	0.00441	0.11852	0.21499	0.00939	0.01164
4	0.02893	0.34825	0.17810	0.02800	0.09934	0.03393	0.02570	0.03516	0.02357	0.07933	0.01958	0.02194	0.01560	0.01003	0.00870	0.00283	0.01271	0.00737	0.00558	0.01537
5	0.02915	0.62337	0.05714	0.01866	0.02799	0.04314	0.01866	0.03265	0.02215	0.02565	0.01516	0.01749	0.01399	0.00933	0.00700	0.00233	0.01166	0.00583	0.00466	0.01399
6	0.69383	0.02109	0.01603	0.01434	0.02109	0.02446	0.01181	0.03205	0.01856	0.04892	0.01518	0.01771	0.01181	0.01012	0.00675	0.00337	0.00843	0.00590	0.00675	0.01181
7	0.01561	0.01154	0.01680	0.01680	0.01850	0.01324	0.01273	0.01901	0.01731	0.02478	0.02986	0.04648	0.02884	0.15017	0.50737	0.01663	0.02682	0.01222	0.00594	0.00934
8	0.02193	0.02075	0.03512	0.48092	0.17431	0.02458	0.03095	0.02903	0.02244	0.02948	0.01962	0.02863	0.01511	0.01065	0.01088	0.00355	0.01420	0.00970	0.00496	0.01319
9	0.01894	0.00947	0.01420	0.01420	0.01420	0.00947	0.00947	0.01420	0.01420	0.01894	0.01894	0.03314	0.01894	0.03788	0.04261	0.68277	0.00947	0.00947	0.00473	0.00473
10	0.02059	0.01938	0.03270	0.59060	0.07510	0.02422	0.03028	0.02786	0.02180	0.02786	0.01938	0.02907	0.01453	0.01090	0.01090	0.00363	0.01453	0.00969	0.00484	0.01211
11	0.02699	0.02591	0.04426	0.06693	0.54879	0.02591	0.03346	0.03346	0.02483	0.03562	0.02051	0.02699	0.01727	0.00972	0.01079	0.00324	0.01295	0.00972	0.00540	0.01727
12	0.01558	0.01168	0.01752	0.01752	0.01947	0.01363	0.01363	0.01947	0.01752	0.02531	0.02921	0.04283	0.02726	0.08178	0.57360	0.01752	0.02921	0.01168	0.00584	0.00974
13	0.69383	0.02109	0.01603	0.01434	0.02109	0.02446	0.01181	0.03205	0.01856	0.04892	0.01518	0.01771	0.01181	0.01012	0.00675	0.00337	0.00843	0.00590	0.00675	0.01181
14	0.02574	0.02941	0.06434	0.04596	0.05699	0.02757	0.50919	0.03493	0.02574	0.03493	0.02206	0.02941	0.01654	0.00919	0.01287	0.00368	0.01838	0.01287	0.00551	0.01471
15	0.02699	0.02591	0.04426	0.06693	0.54879	0.02591	0.03346	0.03346	0.02483	0.03562	0.02051	0.02699	0.01727	0.00972	0.01079	0.00324	0.01295	0.00972	0.00540	0.01727
16	0.02549	0.02941	0.03326	0.02687	0.03336	0.19190	0.16247	0.03019	0.02702	0.03023	0.05454	0.05549	0.21946	0.01694	0.01192	0.00341	0.01382	0.01495	0.00733	0.01193
17	0.01420	0.01110	0.01287	0.01243	0.01553	0.00976	0.00932	0.01819	0.02796	0.03683	0.33393	0.09280	0.31629	0.02486	0.01287	0.00355	0.00533	0.02131	0.01110	0.00976
18	0.02699	0.02591	0.04426	0.06693	0.54879	0.02591	0.03346	0.03346	0.02483	0.03562	0.02051	0.02699	0.01727	0.00972	0.01079	0.00324	0.01295	0.00972	0.00540	0.01727
19	0.61043	0.02229	0.01816	0.01571	0.02271	0.02566	0.01295	0.09346	0.02274	0.05145	0.01659	0.01879	0.01267	0.01050	0.00728	0.00336	0.00889	0.00640	0.00728	0.01267
20	0.04345	0.03338	0.02998	0.02429	0.03201	0.18945	0.01943	0.23611	0.03923	0.20098	0.02840	0.02748	0.01971	0.01266	0.01060	0.00316	0.01348	0.00932	0.01010	0.01679
21	0.02893	0.02179	0.02602	0.07120	0.03231	0.01984	0.01652	0.13761	0.02967	0.08808	0.02297	0.02527	0.01749	0.00993	0.00922	0.00232	0.00965	0.00790	0.00792	0.41534
22	0.01828	0.01484	0.01941	0.01793	0.01824	0.01809	0.01302	0.01962	0.01638	0.02336	0.02737	0.05226	0.02990	0.34914	0.12994	0.00986	0.19444	0.01326	0.00592	0.00874
23	0.02261	0.01938	0.02261	0.01615	0.02584	0.01453	0.01292	0.02745	0.02261	0.03553	0.01938	0.02261	0.01615	0.00807	0.00807	0.00161	0.00807	0.00646	0.00646	0.68346
24	0.02059	0.01938	0.03270	0.59060	0.07510	0.02422	0.03028	0.02786	0.02180	0.02786	0.01938	0.02907	0.01453	0.01090	0.01090	0.00363	0.01453	0.00969	0.00484	0.01211
25	0.04308	0.02793	0.03110	0.02385	0.03251	0.02993	0.01970	0.41222	0.04689	0.17511	0.02985	0.02856	0.02039	0.01318	0.01092	0.00329	0.01140	0.01007	0.01147	0.01855
26	0.01558	0.01168	0.01752	0.01752	0.01947	0.01363	0.01363	0.01947	0.01752	0.02531	0.02921	0.04283	0.02726	0.08178	0.57360	0.01752	0.02921	0.01168	0.00584	0.00974
27	0.01558	0.01168	0.01752	0.01752	0.01947	0.01363	0.01363	0.01947	0.01752	0.02531	0.02921	0.04283	0.02726	0.08178	0.57360	0.01752	0.02921	0.01168	0.00584	0.00974
28	0.02389	0.02275	0.03867	0.32006	0.31981	0.02509	0.03192	0.03075	0.02337	0.03187	0.01996	0.02799	0.01595	0.01029	0.01085	0.00343	0.01372	0.00970	0.00513	0.01478
29	0.02033	0.01016	0.01016	0.01016	0.01270	0.01016	0.00762	0.02541	0.02287	0.04065	0.03557	0.04065	0.02795	0.01270	0.00762	0.00254	0.00508	0.01016	0.67734	0.01016
30	0.02712	0.02342	0.02465	0.02219	0.02835	0.02712	0.01726	0.05794	0.52909	0.04561	0.04438	0.04068	0.03328	0.01479	0.01109	0.00370	0.00863	0.01233	0.01109	0.01726
31	0.02707	0.02915	0.12995	0.03110	0.09787	0.02698	0.02552	0.07259	0.06601	0.08218	0.06662	0.03169	0.02507	0.01520	0.01970	0.00388	0.21688	0.01052	0.00721	0.01481
32	0.02518	0.01755	0.02341	0.12373	0.03374	0.01583	0.01664	0.03043	0.02525	0.12118	0.10130	0.04215	0.03357	0.01318	0.01029	0.00280	0.00920	0.04473	0.00839	0.30146
33	0.49840	0.10330	0.02380	0.01722	0.02410	0.11963	0.01425	0.03407	0.02110	0.04219	0.01546	0.01801	0.01247	0.01021	0.00730	0.00315	0.01075	0.00608	0.00629	0.01223
34	0.02033	0.01016	0.01016	0.01016	0.01270	0.01016	0.00762	0.02541	0.02287	0.04065	0.03557	0.04065	0.02795	0.01270	0.00762	0.00254	0.00508	0.01016	0.67734	0.01016
35	0.02611	0.02414	0.02390	0.01884	0.02695	0.09061	0.01474	0.06746	0.06843	0.03712	0.02467	0.06735	0.02163	0.01136	0.00921	0.00228	0.00982	0.00909	0.00734	0.43896
36	0.03162	0.01473	0.01976	0.01646	0.02187	0.01306	0.01306	0.03632	0.03103	0.29152	0.30133	0.06002	0.06620	0.01804	0.01194	0.00340	0.00714	0.01549	0.01272	0.01428
37	0.02059	0.01938	0.03270	0.59060	0.07510	0.02422	0.03028	0.02786	0.02180	0.02786	0.01938	0.02907	0.01453	0.01090	0.01090	0.00363	0.01453	0.00969	0.00484	0.01211
38	0.02699	0.02591	0.04426	0.06693	0.54879	0.02591	0.03346	0.03346	0.02483	0.03562	0.02051	0.02699	0.01727	0.00972	0.01079	0.00324	0.01295	0.00972	0.00540	0.01727
39	0.02493	0.02568	0.04348	0.04028	0.13298	0.03048	0.15199	0.02985	0.02057	0.03025	0.01748	0.02589	0.01545	0.01476	0.02516	0.00420	0.33741	0.01044	0.00508	0.01365
40	0.01761	0.01343	0.01645	0.01530	0.01854	0.01343	0.01159	0.02754	0.12375	0.04408	0.45007	0.07385	0.08991	0.02089	0.01253	0.00348	0.00579	0.01834	0.01183	0.01159
41	0.07854	0.05342	0.51441	0.02967	0.04499	0.02525	0.03788	0.03432	0.02264	0.03574	0.01920	0.02257	0.01364	0.01034	0.01005	0.00345	0.01547	0.00788	0.00478	0.01575
42	0.13566	0.02199	0.02591	0.31396	0.04962	0.09156	0.02222	0.02821	0.02224	0.03127	0.02594	0.13419	0.02475	0.01515	0.01062	0.00363	0.01263	0.01268	0.00625	0.01152
43	0.11975	0.12577	0.03219	0.07436	0.03283	0.02972	0.01864	0.24211	0.03521	0.09755	0.02458	0.02609	0.01808	0.01187	0.00945	0.00311	0.01091	0.00876	0.06338	0.01562
44	0.22223	0.01944	0.02194	0.07139	0.02904	0.01969	0.01531	0.07768	0.02574	0.15983	0.02941	0.10050	0.02460	0.01397	0.00963	0.00323	0.00920	0.01108	0.00888	0.12722

[dist]
# distance from previous block
# <min> <max>
0	13

[block]
# block no. 1 follows, 12 sequences, length 12
# corresponding to MSA columns:
# 798-809
name=unknown_B
#
# <colnr> <probs for GDERKNQSTAVLIFYWHMCP>
#	G	D	E	R	K	N	Q	S	T	A	V	L	I	F	Y	W	H	M	C	P
0	0.02194	0.01477	0.01779	0.01627	0.02035	0.01469	0.01243	0.03244	0.14468	0.10596	0.29059	0.10901	0.11330	0.02083	0.01230	0.00358	0.00659	0.01807	0.01167	0.01273
1	0.03093	0.02339	0.02731	0.02700	0.09312	0.02568	0.01894	0.13211	0.29277	0.09239	0.03726	0.03608	0.02764	0.01356	0.01070	0.00343	0.00951	0.01124	0.06999	0.01697
2	0.01558	0.01168	0.01752	0.01752	0.01947	0.01363	0.01363	0.01947	0.01752	0.02531	0.02921	0.04283	0.02726	0.08178	0.57360	0.01752	0.02921	0.01168	0.00584	0.00974
3	0.02187	0.05640	0.56031	0.03108	0.04719	0.02532	0.04029	0.03453	0.02302	0.03453	0.01957	0.02302	0.01381	0.01036	0.01036	0.00345	0.01611	0.00806	0.00460	0.01611
4	0.61196	0.02496	0.01789	0.01606	0.02267	0.09322	0.01297	0.03349	0.02010	0.04613	0.01539	0.01796	0.01209	0.01026	0.00713	0.00330	0.00984	0.00604	0.00661	0.01191
5	0.02537	0.03017	0.12755	0.08387	0.04503	0.02597	0.18887	0.07370	0.15673	0.04005	0.06527	0.03476	0.02663	0.01222	0.01167	0.00359	0.01372	0.01191	0.00760	0.01531
6	0.02385	0.02385	0.03340	0.02863	0.02863	0.03340	0.02385	0.02624	0.01670	0.02624	0.01431	0.02385	0.01431	0.01908	0.03578	0.00477	0.59685	0.00954	0.00477	0.01193
7	0.03737	0.03801	0.02864	0.02518	0.03153	0.30118	0.01940	0.09430	0.18632	0.08555	0.02865	0.02838	0.02160	0.01272	0.01043	0.00318	0.01456	0.00929	0.00855	0.01518
8	0.02385	0.02385	0.03340	0.02863	0.02863	0.03340	0.02385	0.02624	0.01670	0.02624	0.01431	0.02385	0.01431	0.01908	0.03578	0.00477	0.59685	0.00954	0.00477	0.01193
9	0.02515	0.07761	0.22277	0.11620	0.07722	0.02298	0.02765	0.03316	0.02351	0.07969	0.02132	0.02499	0.01593	0.01003	0.00971	0.00292	0.01270	0.00812	0.00596	0.18236
10	0.02356	0.02165	0.03306	0.03706	0.21776	0.01923	0.06221	0.02908	0.02351	0.03477	0.02396	0.08167	0.02201	0.01129	0.01004	0.00265	0.01055	0.01057	0.00635	0.31900
11	0.02261	0.01938	0.02261	0.01615	0.02584	0.01453	0.01292	0.02745	0.02261	0.03553	0.01938	0.02261	0.01615	0.00807	0.00807	0.00161	0.00807	0.00646	0.00646	0.68346

[dist]
# distance from previous block
# <min> <max>
0	663

# created by:
# /st0/software/busco_prod/Augustus/scripts/msa2prfl.pl ./align_prep/4156.fa
