[name]
unknown

[dist]
# distance from previous block
# <min> <max>
0	506

[block]
# block no. 0 follows, 11 sequences, length 140
# corresponding to MSA columns:
# 524-663
name=unknown_A
#
# <colnr> <probs for GDERKNQSTAVLIFYWHMCP>
#	G	D	E	R	K	N	Q	S	T	A	V	L	I	F	Y	W	H	M	C	P
0	0.01810	0.01324	0.01803	0.01976	0.02281	0.01270	0.01680	0.02289	0.02516	0.03338	0.05621	0.17223	0.06145	0.02947	0.01474	0.00479	0.00973	0.36686	0.01003	0.07161
1	0.02491	0.05250	0.44270	0.03330	0.04861	0.02722	0.09244	0.07839	0.02679	0.03896	0.02113	0.02483	0.01504	0.01081	0.01105	0.00357	0.01651	0.00906	0.00546	0.01670
2	0.01379	0.01142	0.01207	0.01191	0.01550	0.00971	0.00893	0.01709	0.02679	0.03311	0.19013	0.10386	0.45187	0.02750	0.01330	0.00375	0.00563	0.02313	0.01081	0.00971
3	0.02918	0.01830	0.02354	0.02042	0.02544	0.01981	0.01638	0.14737	0.02952	0.13228	0.03197	0.03877	0.02581	0.05348	0.31993	0.01167	0.02186	0.01143	0.00881	0.01403
4	0.02276	0.02188	0.03089	0.02704	0.02748	0.03001	0.02232	0.02556	0.01742	0.02688	0.01814	0.02891	0.01770	0.03385	0.15128	0.00780	0.46277	0.01033	0.00517	0.01182
5	0.02375	0.02465	0.04986	0.13896	0.05449	0.02444	0.30455	0.03193	0.02568	0.03419	0.03031	0.05142	0.02713	0.01454	0.01340	0.00409	0.01636	0.11003	0.00659	0.01364
6	0.01608	0.01206	0.01809	0.01809	0.02010	0.01407	0.01407	0.02010	0.01809	0.02613	0.03015	0.04422	0.02814	0.08441	0.55984	0.01809	0.03015	0.01206	0.00603	0.01005
7	0.01733	0.01412	0.01568	0.01502	0.01883	0.01386	0.01132	0.02720	0.13401	0.03837	0.22021	0.11810	0.26474	0.02440	0.01296	0.00378	0.00634	0.02085	0.01125	0.01163
8	0.02728	0.02615	0.04464	0.11343	0.49439	0.02659	0.03426	0.03404	0.02536	0.03607	0.02107	0.02804	0.01758	0.01014	0.01115	0.00338	0.01351	0.01003	0.00552	0.01736
9	0.02093	0.02040	0.03778	0.03038	0.03636	0.01970	0.22248	0.02953	0.07888	0.03399	0.04305	0.28707	0.04486	0.02175	0.01357	0.00415	0.01224	0.02165	0.00848	0.01275
10	0.09546	0.02020	0.03183	0.51440	0.07128	0.02503	0.02912	0.02924	0.02213	0.03119	0.01952	0.02869	0.01469	0.01116	0.01077	0.00372	0.01430	0.00956	0.00522	0.01247
11	0.02816	0.02837	0.04202	0.15820	0.39704	0.08323	0.03257	0.03459	0.02572	0.03431	0.02055	0.02745	0.01695	0.01042	0.01106	0.00337	0.01441	0.00973	0.00549	0.01634
12	0.02659	0.18378	0.16942	0.03693	0.04902	0.03203	0.27432	0.03537	0.02502	0.03354	0.02040	0.02580	0.01579	0.00979	0.01118	0.00339	0.01670	0.01035	0.00526	0.01531
13	0.01637	0.01091	0.01228	0.01228	0.01228	0.01091	0.00682	0.01637	0.01637	0.02182	0.03546	0.07365	0.04092	0.60445	0.05729	0.01091	0.01091	0.01637	0.00682	0.00682
14	0.68395	0.02177	0.01654	0.01480	0.02177	0.02525	0.01219	0.03309	0.01915	0.05050	0.01567	0.01828	0.01219	0.01045	0.00697	0.00348	0.00871	0.00609	0.00697	0.01219
15	0.02175	0.02096	0.03678	0.52831	0.07579	0.02533	0.07405	0.02943	0.02288	0.02943	0.02026	0.03004	0.01520	0.01109	0.01144	0.00376	0.01537	0.01031	0.00507	0.01275
16	0.02298	0.08227	0.02992	0.02297	0.02400	0.02722	0.01850	0.02378	0.01721	0.02477	0.01890	0.03315	0.01959	0.11024	0.03819	0.13490	0.32555	0.01041	0.00519	0.01028
17	0.02928	0.01982	0.02395	0.01740	0.02712	0.01534	0.01404	0.03414	0.02528	0.14718	0.02534	0.02661	0.01912	0.00956	0.00899	0.00206	0.00861	0.00769	0.00826	0.53023
18	0.03007	0.02714	0.04148	0.10808	0.21320	0.03018	0.07801	0.14770	0.03062	0.04248	0.02149	0.02757	0.01718	0.01276	0.01615	0.00374	0.11873	0.01037	0.00681	0.01624
19	0.01637	0.01091	0.01228	0.01228	0.01228	0.01091	0.00682	0.01637	0.01637	0.02182	0.03546	0.07365	0.04092	0.60445	0.05729	0.01091	0.01091	0.01637	0.00682	0.00682
20	0.07194	0.15493	0.03415	0.09805	0.03593	0.09229	0.01999	0.04611	0.22072	0.06997	0.03038	0.03085	0.02322	0.01267	0.01006	0.00335	0.01179	0.00974	0.00834	0.01553
21	0.03173	0.53487	0.05527	0.02059	0.02970	0.11502	0.01960	0.03524	0.02411	0.02663	0.01589	0.01836	0.01445	0.00990	0.00762	0.00247	0.01317	0.00619	0.00495	0.01425
22	0.11647	0.04214	0.27710	0.03360	0.04654	0.02764	0.16900	0.08460	0.02707	0.04156	0.02107	0.02531	0.01533	0.01060	0.01101	0.00360	0.01579	0.00967	0.00603	0.01586
23	0.45194	0.02105	0.01926	0.01582	0.02373	0.02177	0.01294	0.03423	0.02159	0.09950	0.01982	0.02168	0.01498	0.01029	0.00777	0.00303	0.00871	0.00679	0.00763	0.17748
24	0.04008	0.02315	0.02681	0.02130	0.02918	0.02353	0.01735	0.21068	0.09278	0.24535	0.04778	0.04421	0.09413	0.01592	0.01158	0.00353	0.00999	0.01275	0.01221	0.01768
25	0.02312	0.05440	0.48044	0.03418	0.05010	0.02646	0.10345	0.03570	0.02415	0.03570	0.02055	0.02467	0.01464	0.01053	0.01105	0.00360	0.01695	0.00900	0.00488	0.01643
26	0.01654	0.01186	0.01610	0.01746	0.01972	0.01142	0.01405	0.02117	0.02722	0.03685	0.22671	0.19809	0.08128	0.02898	0.01452	0.00449	0.00786	0.22433	0.01110	0.01023
27	0.01451	0.01041	0.01293	0.01429	0.01535	0.00974	0.00945	0.01650	0.02198	0.02920	0.11384	0.37016	0.11905	0.16077	0.02375	0.00579	0.00729	0.02631	0.00985	0.00883
28	0.03566	0.01827	0.02295	0.01937	0.02554	0.01761	0.01527	0.09074	0.08635	0.27400	0.11221	0.14645	0.04694	0.01920	0.01216	0.00372	0.00866	0.01639	0.01252	0.01599
29	0.03009	0.61122	0.05898	0.01926	0.02889	0.04454	0.01926	0.03370	0.02287	0.02648	0.01565	0.01805	0.01444	0.00963	0.00722	0.00241	0.01204	0.00602	0.00481	0.01444
30	0.01519	0.01370	0.01924	0.01712	0.02138	0.01203	0.07528	0.01879	0.02502	0.03087	0.09197	0.18745	0.37584	0.02714	0.01350	0.00394	0.00767	0.02383	0.00980	0.01021
31	0.02126	0.02001	0.03376	0.57739	0.07752	0.02501	0.03126	0.02876	0.02251	0.02876	0.02001	0.03001	0.01500	0.01125	0.01125	0.00375	0.01500	0.01000	0.00500	0.01250
32	0.02334	0.02001	0.02334	0.01667	0.02667	0.01500	0.01334	0.02834	0.02334	0.03668	0.02001	0.02334	0.01667	0.00834	0.00834	0.00167	0.00834	0.00667	0.00667	0.67325
33	0.03615	0.13099	0.14805	0.02834	0.03703	0.37221	0.02574	0.04137	0.02888	0.02917	0.01777	0.02075	0.01444	0.01113	0.00987	0.00298	0.01837	0.00731	0.00544	0.01402
34	0.02274	0.04986	0.43182	0.02871	0.04389	0.02370	0.03541	0.03405	0.02367	0.03587	0.02016	0.02367	0.01479	0.01018	0.01018	0.00315	0.01482	0.00796	0.00517	0.16021
35	0.02535	0.26212	0.36651	0.02735	0.04140	0.03292	0.03335	0.03493	0.02343	0.03227	0.01852	0.02166	0.01433	0.01030	0.00941	0.00314	0.01494	0.00747	0.00478	0.01583
36	0.02074	0.01935	0.02686	0.02461	0.02485	0.02547	0.01958	0.02303	0.01877	0.02767	0.03158	0.22819	0.03599	0.02523	0.02891	0.00480	0.37856	0.01773	0.00689	0.01118
37	0.20730	0.02112	0.02882	0.08402	0.03562	0.02100	0.06794	0.04434	0.02717	0.30438	0.03199	0.03139	0.02125	0.01226	0.01040	0.00355	0.01096	0.01004	0.01026	0.01620
38	0.03023	0.09409	0.09713	0.08485	0.32787	0.02716	0.03091	0.03698	0.02583	0.10418	0.02356	0.02789	0.01826	0.01067	0.01069	0.00331	0.01315	0.00957	0.00651	0.01717
39	0.10428	0.14704	0.16381	0.02284	0.03212	0.08773	0.02278	0.03686	0.02527	0.12668	0.02866	0.10282	0.02483	0.01452	0.01016	0.00338	0.01260	0.01129	0.00760	0.01473
40	0.01723	0.01119	0.01631	0.01631	0.01744	0.01232	0.01185	0.01792	0.01679	0.02352	0.02737	0.04444	0.02688	0.13057	0.33578	0.22710	0.02137	0.01183	0.00576	0.00802
41	0.01400	0.01129	0.01247	0.01247	0.01571	0.00975	0.00924	0.01740	0.02687	0.03400	0.21456	0.14481	0.38255	0.02770	0.01339	0.00380	0.00567	0.02361	0.01094	0.00975
42	0.02095	0.02581	0.13516	0.01929	0.02853	0.01612	0.01870	0.02780	0.02599	0.03899	0.17275	0.04168	0.04304	0.01326	0.01033	0.00264	0.00924	0.01114	0.00797	0.33060
43	0.02174	0.02008	0.03339	0.40688	0.15312	0.02336	0.02904	0.02879	0.02436	0.03247	0.08982	0.03702	0.02801	0.01264	0.01151	0.00365	0.01338	0.01142	0.00612	0.01322
44	0.03705	0.04129	0.03219	0.03099	0.09160	0.32532	0.02165	0.10254	0.03247	0.03624	0.01963	0.02266	0.01592	0.01108	0.01008	0.00279	0.01621	0.00786	0.00668	0.13574
45	0.02465	0.02303	0.03302	0.02481	0.03328	0.02166	0.10360	0.03326	0.08035	0.03646	0.02281	0.02698	0.01855	0.01091	0.01352	0.00276	0.08916	0.00903	0.00681	0.38535
46	0.01761	0.01381	0.01621	0.01520	0.01877	0.01358	0.01152	0.02729	0.11916	0.04249	0.35516	0.08129	0.17937	0.02271	0.01295	0.00364	0.00605	0.01965	0.01182	0.01171
47	0.02846	0.02318	0.02480	0.02155	0.02783	0.02588	0.01695	0.14313	0.32083	0.05040	0.10186	0.04936	0.08243	0.01692	0.01178	0.00369	0.00895	0.01400	0.01143	0.01656
48	0.02486	0.02128	0.02468	0.09722	0.03359	0.02439	0.01833	0.04847	0.35805	0.04422	0.13092	0.04808	0.04491	0.01614	0.01176	0.00376	0.00908	0.01375	0.01074	0.01577
49	0.12110	0.02272	0.02247	0.01929	0.02514	0.07984	0.01519	0.09130	0.08407	0.13841	0.20202	0.04837	0.05084	0.01641	0.01127	0.00346	0.00945	0.01327	0.01096	0.01444
50	0.02272	0.01823	0.02035	0.01830	0.02311	0.01945	0.01415	0.07731	0.22273	0.04643	0.24628	0.06536	0.11974	0.01978	0.01238	0.00367	0.00739	0.01686	0.01170	0.01407
51	0.02657	0.03036	0.06641	0.04744	0.05882	0.02846	0.49336	0.03605	0.02657	0.03605	0.02277	0.03036	0.01708	0.00949	0.01328	0.00380	0.01898	0.01328	0.00569	0.01518
52	0.02823	0.01519	0.01759	0.01519	0.01981	0.01497	0.01194	0.09477	0.03109	0.13853	0.14922	0.04888	0.04503	0.01558	0.01020	0.00309	0.00703	0.01285	0.30749	0.01330
53	0.19558	0.01637	0.01870	0.01606	0.02159	0.01608	0.01277	0.03418	0.02874	0.19343	0.25519	0.05385	0.05919	0.01714	0.01110	0.00351	0.00743	0.01407	0.01147	0.01354
54	0.02623	0.02113	0.02862	0.02057	0.03062	0.01672	0.06965	0.03170	0.02454	0.08340	0.02259	0.02554	0.01775	0.00899	0.00919	0.00208	0.00969	0.00787	0.00723	0.53588
55	0.02803	0.21484	0.27594	0.02923	0.04214	0.03305	0.08494	0.09825	0.02782	0.03781	0.02009	0.02329	0.01531	0.01062	0.01005	0.00322	0.01497	0.00847	0.00577	0.01616
56	0.01904	0.01481	0.02329	0.02358	0.02711	0.01461	0.06883	0.02468	0.02598	0.03394	0.05566	0.11665	0.05969	0.02879	0.01530	0.00503	0.01128	0.41098	0.00987	0.01088
57	0.04279	0.03153	0.03378	0.02590	0.03490	0.03490	0.02139	0.49671	0.05292	0.07093	0.02702	0.02702	0.01914	0.01351	0.01126	0.00338	0.01239	0.01013	0.01126	0.01914
58	0.02257	0.05822	0.54613	0.03208	0.04871	0.02614	0.04158	0.03564	0.02376	0.03564	0.02020	0.02376	0.01426	0.01069	0.01069	0.00356	0.01663	0.00832	0.00475	0.01663
59	0.02462	0.02462	0.03447	0.02955	0.02955	0.03447	0.02462	0.02709	0.01724	0.02709	0.01477	0.02462	0.01477	0.01970	0.03694	0.00492	0.58385	0.00985	0.00492	0.01231
60	0.02307	0.09482	0.51389	0.03123	0.04740	0.02736	0.04011	0.03552	0.02370	0.03504	0.01990	0.02339	0.01427	0.01062	0.01046	0.00349	0.01633	0.00816	0.00476	0.01649
61	0.03853	0.01651	0.02229	0.01799	0.02461	0.01449	0.01449	0.04321	0.03209	0.36998	0.21195	0.05416	0.05499	0.01707	0.01200	0.00350	0.00810	0.01445	0.01340	0.01620
62	0.04204	0.05364	0.03190	0.02900	0.03480	0.55926	0.02175	0.04494	0.03190	0.02755	0.01740	0.02030	0.01450	0.01160	0.01015	0.00290	0.02030	0.00725	0.00580	0.01305
63	0.02800	0.02418	0.02545	0.02291	0.02927	0.02800	0.01782	0.05981	0.51390	0.04708	0.04581	0.04199	0.03436	0.01527	0.01145	0.00382	0.00891	0.01273	0.01145	0.01782
64	0.02941	0.10284	0.08398	0.02901	0.03710	0.16388	0.12406	0.04036	0.11752	0.03599	0.09379	0.03526	0.03124	0.01307	0.01121	0.00335	0.01458	0.01132	0.00751	0.01453
65	0.03736	0.02066	0.03309	0.02482	0.03344	0.01816	0.11962	0.04304	0.02989	0.30438	0.10309	0.04109	0.03492	0.01355	0.01167	0.00335	0.01090	0.01244	0.01107	0.09345
66	0.01535	0.01126	0.01438	0.01407	0.01658	0.01030	0.01038	0.01993	0.02979	0.04132	0.42026	0.15691	0.14703	0.02527	0.01343	0.00371	0.00552	0.02231	0.01192	0.01030
67	0.01718	0.01551	0.02261	0.01920	0.02327	0.01523	0.07736	0.02163	0.02670	0.03523	0.21487	0.08099	0.27460	0.02326	0.01594	0.00385	0.07214	0.01974	0.00976	0.01093
68	0.01754	0.01346	0.01635	0.01721	0.01924	0.01419	0.01212	0.02635	0.13361	0.03189	0.05193	0.35208	0.05655	0.09965	0.07670	0.00655	0.01009	0.02370	0.00980	0.01097
69	0.02098	0.01876	0.07659	0.01761	0.02276	0.01473	0.01537	0.02990	0.08241	0.08763	0.37771	0.06884	0.08140	0.02001	0.01262	0.00357	0.00733	0.01740	0.01157	0.01281
70	0.04228	0.04664	0.03249	0.02801	0.03483	0.39315	0.02163	0.18806	0.03856	0.04129	0.02045	0.02243	0.01597	0.01220	0.01050	0.00305	0.01779	0.00816	0.00753	0.01498
71	0.02621	0.02479	0.04233	0.27973	0.22818	0.02698	0.09476	0.07438	0.02691	0.03636	0.02142	0.02904	0.01664	0.01080	0.01149	0.00358	0.01475	0.01047	0.00586	0.01531
72	0.37932	0.02051	0.02115	0.01731	0.02512	0.02106	0.01428	0.04355	0.02544	0.28688	0.02949	0.02791	0.01973	0.01212	0.00906	0.00348	0.00913	0.00861	0.01031	0.01554
73	0.01688	0.01213	0.01565	0.01689	0.01907	0.01179	0.01351	0.02068	0.02461	0.03228	0.12485	0.10726	0.11949	0.15505	0.02410	0.00605	0.00925	0.25108	0.00988	0.00952
74	0.03991	0.10851	0.03210	0.02253	0.02998	0.12184	0.01838	0.15904	0.03495	0.19805	0.03320	0.09461	0.02682	0.01530	0.01089	0.00333	0.01221	0.01197	0.01013	0.01624
75	0.02817	0.02388	0.03333	0.02825	0.02944	0.03202	0.02352	0.03089	0.01929	0.09760	0.01883	0.02650	0.01657	0.01891	0.03343	0.00473	0.50521	0.01005	0.00616	0.01325
76	0.02118	0.01760	0.02162	0.02311	0.07638	0.01846	0.01561	0.03581	0.20596	0.04218	0.21916	0.11155	0.10456	0.02039	0.01248	0.00374	0.00763	0.01782	0.01097	0.01379
77	0.02136	0.05159	0.47314	0.02983	0.04428	0.02381	0.03732	0.03291	0.02346	0.03470	0.02593	0.10227	0.02250	0.01406	0.01120	0.00370	0.01525	0.01156	0.00553	0.01561
78	0.68395	0.02177	0.01654	0.01480	0.02177	0.02525	0.01219	0.03309	0.01915	0.05050	0.01567	0.01828	0.01219	0.01045	0.00697	0.00348	0.00871	0.00609	0.00697	0.01219
79	0.59321	0.02153	0.01890	0.09184	0.02940	0.02522	0.01480	0.03249	0.01961	0.04752	0.01627	0.01989	0.01257	0.01056	0.00755	0.00352	0.00957	0.00663	0.00670	0.01223
80	0.01955	0.00978	0.01466	0.01466	0.01466	0.00978	0.00978	0.01466	0.01466	0.01955	0.01955	0.03421	0.01955	0.03910	0.04399	0.67253	0.00978	0.00978	0.00489	0.00489
81	0.02334	0.02001	0.02334	0.01667	0.02667	0.01500	0.01334	0.02834	0.02334	0.03668	0.02001	0.02334	0.01667	0.00834	0.00834	0.00167	0.00834	0.00667	0.00667	0.67325
82	0.02786	0.02674	0.04568	0.06908	0.53424	0.02674	0.03454	0.03454	0.02563	0.03677	0.02117	0.02786	0.01783	0.01003	0.01114	0.00334	0.01337	0.01003	0.00557	0.01783
83	0.02619	0.32416	0.31186	0.02591	0.03918	0.03499	0.03085	0.03471	0.02333	0.03124	0.01801	0.02102	0.01435	0.01018	0.00902	0.00301	0.01442	0.00721	0.00478	0.01558
84	0.01539	0.01148	0.01430	0.01360	0.01649	0.01039	0.01020	0.02020	0.03059	0.04213	0.44380	0.08902	0.19257	0.02413	0.01328	0.00359	0.00539	0.02105	0.01199	0.01039
85	0.03009	0.61122	0.05898	0.01926	0.02889	0.04454	0.01926	0.03370	0.02287	0.02648	0.01565	0.01805	0.01444	0.00963	0.00722	0.00241	0.01204	0.00602	0.00481	0.01444
86	0.02098	0.01586	0.02005	0.01748	0.02130	0.01694	0.01390	0.02534	0.02095	0.03385	0.02684	0.03472	0.02305	0.03144	0.15503	0.00678	0.11871	0.00982	0.21128	0.17568
87	0.03074	0.02449	0.02622	0.02298	0.02972	0.02786	0.01805	0.09761	0.44257	0.08113	0.04408	0.04045	0.03261	0.01503	0.01143	0.00376	0.00925	0.01241	0.01160	0.01802
88	0.02360	0.13394	0.47942	0.03032	0.04600	0.02866	0.03853	0.03538	0.02364	0.03439	0.01958	0.02298	0.01428	0.01055	0.01022	0.00341	0.01600	0.00800	0.00476	0.01633
89	0.03854	0.01672	0.02190	0.01813	0.02506	0.01455	0.01489	0.04264	0.03004	0.37080	0.06194	0.06378	0.14656	0.01909	0.01222	0.00374	0.00877	0.06187	0.01275	0.01601
90	0.02312	0.05440	0.48044	0.03418	0.05010	0.02646	0.10345	0.03570	0.02415	0.03570	0.02055	0.02467	0.01464	0.01053	0.01105	0.00360	0.01695	0.00900	0.00488	0.01643
91	0.02564	0.02763	0.05123	0.03893	0.04491	0.03132	0.27053	0.03179	0.02213	0.03179	0.01897	0.02763	0.01598	0.01434	0.02453	0.00433	0.28751	0.01165	0.00533	0.01382
92	0.02008	0.01586	0.01862	0.01717	0.02110	0.01660	0.01309	0.03451	0.19767	0.04580	0.36233	0.06960	0.08149	0.02035	0.01265	0.00364	0.00655	0.01773	0.01207	0.01309
93	0.01918	0.01265	0.01450	0.01388	0.01811	0.01095	0.01091	0.02272	0.02715	0.10217	0.13614	0.09861	0.37031	0.02630	0.01328	0.00389	0.00672	0.07042	0.01109	0.01102
94	0.02126	0.02001	0.03376	0.57739	0.07752	0.02501	0.03126	0.02876	0.02251	0.02876	0.02001	0.03001	0.01500	0.01125	0.01125	0.00375	0.01500	0.01000	0.00500	0.01250
95	0.01649	0.01147	0.01582	0.01582	0.01697	0.01262	0.01124	0.01835	0.01720	0.02408	0.03097	0.05320	0.03165	0.25513	0.34387	0.07531	0.02182	0.01330	0.00619	0.00849
96	0.02126	0.02001	0.03376	0.57739	0.07752	0.02501	0.03126	0.02876	0.02251	0.02876	0.02001	0.03001	0.01500	0.01125	0.01125	0.00375	0.01500	0.01000	0.00500	0.01250
97	0.02726	0.02613	0.04460	0.11540	0.49262	0.02658	0.03424	0.03402	0.02534	0.03604	0.02106	0.02805	0.01757	0.01014	0.01115	0.00338	0.01352	0.01003	0.00552	0.01734
98	0.02728	0.02615	0.04464	0.11343	0.49439	0.02659	0.03426	0.03404	0.02536	0.03607	0.02107	0.02804	0.01758	0.01014	0.01115	0.00338	0.01351	0.01003	0.00552	0.01736
99	0.01566	0.01168	0.01467	0.01446	0.01735	0.01070	0.01120	0.02041	0.02969	0.04035	0.37353	0.09525	0.19312	0.02532	0.01359	0.00382	0.00609	0.08109	0.01169	0.01034
100	0.02257	0.05822	0.54613	0.03208	0.04871	0.02614	0.04158	0.03564	0.02376	0.03564	0.02020	0.02376	0.01426	0.01069	0.01069	0.00356	0.01663	0.00832	0.00475	0.01663
101	0.02786	0.02674	0.04568	0.06908	0.53424	0.02674	0.03454	0.03454	0.02563	0.03677	0.02117	0.02786	0.01783	0.01003	0.01114	0.00334	0.01337	0.01003	0.00557	0.01783
102	0.03009	0.61122	0.05898	0.01926	0.02889	0.04454	0.01926	0.03370	0.02287	0.02648	0.01565	0.01805	0.01444	0.00963	0.00722	0.00241	0.01204	0.00602	0.00481	0.01444
103	0.02257	0.05822	0.54613	0.03208	0.04871	0.02614	0.04158	0.03564	0.02376	0.03564	0.02020	0.02376	0.01426	0.01069	0.01069	0.00356	0.01663	0.00832	0.00475	0.01663
104	0.02861	0.48083	0.11067	0.02190	0.03119	0.04130	0.02238	0.03315	0.02231	0.02758	0.01606	0.01946	0.01446	0.01092	0.01108	0.00283	0.07928	0.00672	0.00482	0.01444
105	0.01608	0.01206	0.01809	0.01809	0.02010	0.01407	0.01407	0.02010	0.01809	0.02613	0.03015	0.04422	0.02814	0.08441	0.55984	0.01809	0.03015	0.01206	0.00603	0.01005
106	0.01330	0.01140	0.01140	0.01140	0.01520	0.00950	0.00855	0.01615	0.02565	0.03041	0.11402	0.10832	0.52967	0.02850	0.01330	0.00380	0.00570	0.02375	0.01045	0.00950
107	0.02459	0.02311	0.03750	0.31628	0.25094	0.02602	0.03104	0.03450	0.07875	0.03395	0.02335	0.03051	0.01828	0.01122	0.01123	0.00360	0.01368	0.01032	0.00595	0.01518
108	0.03119	0.02310	0.02814	0.02344	0.03032	0.02508	0.06003	0.10139	0.29453	0.10581	0.04020	0.03882	0.02957	0.01409	0.01109	0.00356	0.00979	0.01202	0.10095	0.01688
109	0.01701	0.01322	0.01567	0.01475	0.01817	0.01275	0.01115	0.02541	0.09651	0.04218	0.37164	0.08361	0.18896	0.02315	0.01303	0.00363	0.00589	0.02005	0.01184	0.01136
110	0.02650	0.01385	0.01843	0.01595	0.02046	0.01243	0.01243	0.03152	0.03197	0.19714	0.38027	0.07007	0.08224	0.02023	0.01268	0.00352	0.00662	0.01759	0.01286	0.01323
111	0.16190	0.02342	0.03522	0.20360	0.04943	0.02524	0.11253	0.08567	0.02762	0.13204	0.02485	0.02893	0.01761	0.01148	0.01080	0.00362	0.01325	0.01011	0.00781	0.01487
112	0.01501	0.01124	0.01584	0.07616	0.02364	0.01126	0.01353	0.01792	0.02214	0.02929	0.05728	0.48396	0.06702	0.03223	0.01417	0.00455	0.00786	0.07741	0.00986	0.00964
113	0.42147	0.01966	0.01742	0.01521	0.02163	0.02147	0.01235	0.06339	0.02403	0.10104	0.03296	0.03384	0.07421	0.01336	0.00853	0.00341	0.00830	0.00941	0.08540	0.01289
114	0.24286	0.01985	0.02239	0.01843	0.02582	0.01979	0.01520	0.07170	0.02903	0.29446	0.06735	0.03998	0.02994	0.01450	0.01036	0.00359	0.00925	0.03837	0.01127	0.01587
115	0.10458	0.02980	0.13779	0.02219	0.03059	0.02407	0.02128	0.18932	0.03585	0.05256	0.18494	0.04358	0.04518	0.01558	0.01128	0.00348	0.01062	0.01254	0.00970	0.01505
116	0.01996	0.01240	0.01634	0.01484	0.01821	0.01131	0.01131	0.02516	0.03190	0.10312	0.47183	0.07873	0.09706	0.02195	0.01305	0.00353	0.00581	0.01930	0.01257	0.01162
117	0.02257	0.05822	0.54613	0.03208	0.04871	0.02614	0.04158	0.03564	0.02376	0.03564	0.02020	0.02376	0.01426	0.01069	0.01069	0.00356	0.01663	0.00832	0.00475	0.01663
118	0.02553	0.24586	0.33413	0.02909	0.04283	0.03268	0.07574	0.03501	0.02372	0.03253	0.01887	0.02241	0.01458	0.01022	0.00974	0.00319	0.01527	0.00799	0.00486	0.01575
119	0.01397	0.00999	0.01329	0.01550	0.01638	0.00931	0.01047	0.01632	0.02275	0.03065	0.11645	0.53723	0.07815	0.03383	0.01424	0.00445	0.00639	0.03064	0.01067	0.00931
120	0.01437	0.01144	0.01288	0.01252	0.01586	0.00996	0.00939	0.01822	0.02818	0.03640	0.28265	0.09845	0.35730	0.02627	0.01329	0.00369	0.00554	0.02237	0.01124	0.00996
121	0.02786	0.02674	0.04568	0.06908	0.53424	0.02674	0.03454	0.03454	0.02563	0.03677	0.02117	0.02786	0.01783	0.01003	0.01114	0.00334	0.01337	0.01003	0.00557	0.01783
122	0.02555	0.03743	0.18809	0.04354	0.05626	0.02787	0.37877	0.03595	0.02585	0.03595	0.02212	0.02869	0.01636	0.00979	0.01263	0.00374	0.01838	0.01202	0.00545	0.01555
123	0.04204	0.05364	0.03190	0.02900	0.03480	0.55926	0.02175	0.04494	0.03190	0.02755	0.01740	0.02030	0.01450	0.01160	0.01015	0.00290	0.02030	0.00725	0.00580	0.01305
124	0.04204	0.05364	0.03190	0.02900	0.03480	0.55926	0.02175	0.04494	0.03190	0.02755	0.01740	0.02030	0.01450	0.01160	0.01015	0.00290	0.02030	0.00725	0.00580	0.01305
125	0.04748	0.01849	0.02515	0.01951	0.02769	0.01603	0.01603	0.05192	0.03218	0.49868	0.08662	0.04230	0.03470	0.01472	0.01149	0.00349	0.00920	0.01211	0.01380	0.01841
126	0.01456	0.01123	0.01329	0.01324	0.01609	0.00996	0.00975	0.01841	0.02792	0.03689	0.29579	0.16419	0.27425	0.02692	0.01344	0.00379	0.00564	0.02333	0.01133	0.00996
127	0.03009	0.61122	0.05898	0.01926	0.02889	0.04454	0.01926	0.03370	0.02287	0.02648	0.01565	0.01805	0.01444	0.00963	0.00722	0.00241	0.01204	0.00602	0.00481	0.01444
128	0.01330	0.01140	0.01140	0.01140	0.01520	0.00950	0.00855	0.01615	0.02565	0.03041	0.11402	0.10832	0.52967	0.02850	0.01330	0.00380	0.00570	0.02375	0.01045	0.00950
129	0.01608	0.01206	0.01809	0.01809	0.02010	0.01407	0.01407	0.02010	0.01809	0.02613	0.03015	0.04422	0.02814	0.08441	0.55984	0.01809	0.03015	0.01206	0.00603	0.01005
130	0.02334	0.05287	0.45396	0.03503	0.05066	0.02659	0.12839	0.03572	0.02430	0.03572	0.02069	0.02503	0.01480	0.01046	0.01119	0.00361	0.01708	0.00927	0.00493	0.01635
131	0.02353	0.05187	0.44270	0.03304	0.04812	0.02658	0.09214	0.03789	0.06875	0.03673	0.02283	0.02619	0.01642	0.01097	0.01106	0.00361	0.01620	0.00930	0.00547	0.01657
132	0.01608	0.01206	0.01809	0.01809	0.02010	0.01407	0.01407	0.02010	0.01809	0.02613	0.03015	0.04422	0.02814	0.08441	0.55984	0.01809	0.03015	0.01206	0.00603	0.01005
133	0.01674	0.01078	0.01255	0.01255	0.01255	0.01078	0.00716	0.01617	0.01617	0.02156	0.03361	0.06905	0.03843	0.53847	0.05574	0.08813	0.01078	0.01560	0.00659	0.00659
134	0.03695	0.02900	0.13396	0.02352	0.03307	0.02248	0.02218	0.05256	0.19615	0.26654	0.03986	0.03655	0.02727	0.01372	0.01123	0.00361	0.01081	0.01118	0.01117	0.01817
135	0.30949	0.21896	0.03409	0.01987	0.02739	0.16853	0.01691	0.03633	0.02362	0.03690	0.01611	0.01873	0.01350	0.01048	0.00786	0.00299	0.01275	0.00637	0.00598	0.01313
136	0.02146	0.14739	0.02627	0.01665	0.02131	0.02055	0.01354	0.07580	0.02977	0.03956	0.23584	0.15931	0.10707	0.02169	0.01190	0.00348	0.00786	0.01844	0.01005	0.01206
137	0.03018	0.02030	0.02376	0.01928	0.02692	0.01933	0.01529	0.04429	0.19502	0.15409	0.09125	0.03990	0.03528	0.01361	0.01063	0.00302	0.00847	0.01132	0.01058	0.22748
138	0.03210	0.02015	0.02639	0.02513	0.08644	0.01824	0.01798	0.04054	0.08923	0.19222	0.03601	0.04421	0.02870	0.01407	0.01090	0.00315	0.00964	0.06762	0.00985	0.22743
139	0.02527	0.35126	0.04530	0.02096	0.02866	0.03193	0.06010	0.02936	0.02251	0.02856	0.02474	0.10201	0.02470	0.02173	0.07335	0.00459	0.01369	0.01100	0.00598	0.07428

[dist]
# distance from previous block
# <min> <max>
0	1

[block]
# block no. 1 follows, 11 sequences, length 16
# corresponding to MSA columns:
# 665-680
name=unknown_B
#
# <colnr> <probs for GDERKNQSTAVLIFYWHMCP>
#	G	D	E	R	K	N	Q	S	T	A	V	L	I	F	Y	W	H	M	C	P
0	0.03223	0.03339	0.15901	0.02526	0.03476	0.02693	0.02419	0.19502	0.14291	0.09586	0.03450	0.08653	0.02751	0.01536	0.01147	0.00365	0.01186	0.01250	0.00982	0.01723
1	0.02825	0.01959	0.02213	0.01983	0.02478	0.02089	0.01522	0.16547	0.12874	0.08359	0.04506	0.22914	0.04284	0.02136	0.01204	0.00381	0.00877	0.01832	0.07559	0.01458
2	0.02448	0.19834	0.42269	0.02883	0.04369	0.03080	0.03593	0.03515	0.02354	0.03332	0.01905	0.02232	0.01430	0.01042	0.00981	0.00327	0.01547	0.00773	0.00477	0.01608
3	0.03279	0.02042	0.02930	0.02166	0.03085	0.01697	0.07661	0.03817	0.02752	0.21550	0.06651	0.03402	0.02728	0.01154	0.01040	0.00272	0.00993	0.01018	0.00953	0.30809
4	0.02689	0.01989	0.02370	0.01711	0.02694	0.01520	0.01376	0.03181	0.02450	0.10274	0.02319	0.02530	0.01813	0.00907	0.00873	0.00190	0.00850	0.00728	0.00762	0.58774
5	0.03629	0.02585	0.03089	0.02493	0.03099	0.02970	0.02053	0.27276	0.03777	0.11696	0.02698	0.03020	0.02048	0.02415	0.08822	0.00565	0.14122	0.01048	0.00952	0.01645
6	0.02657	0.01588	0.01899	0.01665	0.02188	0.01518	0.01301	0.03604	0.12202	0.17127	0.20550	0.07029	0.17943	0.02056	0.01243	0.00364	0.00721	0.01741	0.01212	0.01393
7	0.03189	0.02233	0.03471	0.09246	0.24702	0.02341	0.02576	0.03737	0.02571	0.16330	0.02764	0.03167	0.02079	0.01270	0.01425	0.00355	0.08634	0.01037	0.07248	0.01623
8	0.03174	0.02604	0.02756	0.02366	0.03070	0.02975	0.01872	0.17051	0.39710	0.05313	0.04105	0.03820	0.03050	0.01482	0.01140	0.00371	0.00979	0.01207	0.01140	0.01815
9	0.01439	0.01045	0.01358	0.01490	0.01641	0.00964	0.01037	0.01749	0.02513	0.03409	0.21469	0.39978	0.11556	0.03088	0.01394	0.00419	0.00608	0.02771	0.01107	0.00964
10	0.03370	0.02290	0.02562	0.02218	0.02913	0.02509	0.01749	0.05855	0.39185	0.17250	0.04545	0.04106	0.03271	0.01493	0.01142	0.00373	0.00908	0.01237	0.01208	0.01815
11	0.01988	0.01716	0.02370	0.02020	0.02516	0.01714	0.07516	0.03198	0.15213	0.04164	0.26120	0.07100	0.15685	0.02033	0.01282	0.00369	0.00808	0.01814	0.01091	0.01283
12	0.01484	0.01027	0.01273	0.01423	0.01460	0.00990	0.00890	0.01597	0.01934	0.02579	0.05072	0.37423	0.06017	0.27761	0.03264	0.00727	0.00840	0.02534	0.00890	0.00815
13	0.02031	0.01808	0.02934	0.21122	0.18916	0.01943	0.02424	0.02544	0.02306	0.03112	0.03649	0.24720	0.03867	0.02011	0.01242	0.00395	0.01127	0.01846	0.00726	0.01279
14	0.02838	0.46141	0.04995	0.01860	0.02833	0.03705	0.01776	0.03234	0.02299	0.02906	0.01675	0.01939	0.01501	0.00930	0.00750	0.00222	0.01110	0.00618	0.00528	0.18138
15	0.02315	0.02969	0.15581	0.02058	0.03226	0.01783	0.02049	0.03019	0.02345	0.03641	0.02005	0.02345	0.01606	0.00893	0.00893	0.00215	0.01044	0.00709	0.00618	0.50687

[dist]
# distance from previous block
# <min> <max>
0	1

[block]
# block no. 2 follows, 11 sequences, length 18
# corresponding to MSA columns:
# 686-703
name=unknown_C
#
# <colnr> <probs for GDERKNQSTAVLIFYWHMCP>
#	G	D	E	R	K	N	Q	S	T	A	V	L	I	F	Y	W	H	M	C	P
0	0.16389	0.02461	0.02741	0.07156	0.03298	0.05597	0.01893	0.11102	0.02891	0.16560	0.02531	0.02720	0.01836	0.01306	0.01382	0.00348	0.09509	0.00904	0.00877	0.08498
1	0.02437	0.01518	0.01758	0.01571	0.02080	0.01396	0.01252	0.07521	0.03040	0.13679	0.12467	0.08548	0.29670	0.02380	0.01290	0.00379	0.00755	0.05862	0.01139	0.01259
2	0.15544	0.02422	0.03577	0.15306	0.29801	0.02623	0.02797	0.03547	0.06892	0.03886	0.02214	0.02770	0.01770	0.01083	0.01037	0.00349	0.01236	0.00950	0.00628	0.01568
3	0.02207	0.02859	0.13780	0.41478	0.06990	0.02559	0.08170	0.03087	0.02318	0.03087	0.02033	0.02882	0.01507	0.01096	0.01136	0.00372	0.01574	0.01002	0.00502	0.01359
4	0.21420	0.02530	0.02623	0.02045	0.02906	0.02643	0.01679	0.23189	0.03574	0.10845	0.02439	0.02512	0.01769	0.01171	0.00952	0.00308	0.01029	0.00848	0.00947	0.14571
5	0.04371	0.01765	0.02394	0.01887	0.02639	0.01538	0.01538	0.04825	0.03214	0.44445	0.13944	0.04730	0.04325	0.01571	0.01170	0.00349	0.00874	0.01309	0.01363	0.01748
6	0.03310	0.02728	0.03898	0.02945	0.03786	0.02838	0.14767	0.27801	0.04161	0.05638	0.12431	0.03914	0.03568	0.01428	0.01221	0.00352	0.01279	0.01300	0.00997	0.01639
7	0.02331	0.01466	0.02181	0.12755	0.03217	0.01630	0.01728	0.02818	0.02183	0.11441	0.03115	0.04023	0.02558	0.05166	0.30929	0.01140	0.02143	0.01139	0.06828	0.01210
8	0.01430	0.01083	0.01319	0.01390	0.01614	0.00972	0.00993	0.01759	0.02608	0.03447	0.22646	0.28564	0.22226	0.02931	0.01370	0.00401	0.00589	0.02579	0.01107	0.00972
9	0.04255	0.03858	0.03318	0.02689	0.03487	0.20214	0.02151	0.35262	0.04621	0.05710	0.02395	0.02488	0.01766	0.01290	0.01091	0.00323	0.01491	0.00921	0.00952	0.01720
10	0.01955	0.00978	0.01466	0.01466	0.01466	0.00978	0.00978	0.01466	0.01466	0.01955	0.01955	0.03421	0.01955	0.03910	0.04399	0.67253	0.00978	0.00978	0.00489	0.00489
11	0.02775	0.02755	0.03398	0.13670	0.04010	0.08877	0.02528	0.07897	0.02361	0.03210	0.01738	0.02547	0.01525	0.01652	0.02631	0.00431	0.35146	0.00963	0.00570	0.01315
12	0.02334	0.02001	0.02334	0.01667	0.02667	0.01500	0.01334	0.02834	0.02334	0.03668	0.02001	0.02334	0.01667	0.00834	0.00834	0.00167	0.00834	0.00667	0.00667	0.67325
13	0.03009	0.61122	0.05898	0.01926	0.02889	0.04454	0.01926	0.03370	0.02287	0.02648	0.01565	0.01805	0.01444	0.00963	0.00722	0.00241	0.01204	0.00602	0.00481	0.01444
14	0.36174	0.02095	0.02097	0.01741	0.02464	0.02219	0.01425	0.08712	0.02786	0.19409	0.07998	0.03203	0.02750	0.01312	0.00935	0.00348	0.00898	0.00956	0.01001	0.01477
15	0.04468	0.03072	0.03161	0.02472	0.03331	0.08626	0.02019	0.33519	0.04537	0.18700	0.03045	0.02920	0.02088	0.01341	0.01116	0.00335	0.01251	0.01013	0.01136	0.01849
16	0.08457	0.02069	0.02326	0.07710	0.03015	0.07424	0.01641	0.03865	0.03004	0.23671	0.19106	0.04856	0.04886	0.01603	0.01147	0.00347	0.00986	0.01322	0.01109	0.01454
17	0.02624	0.01936	0.02738	0.12939	0.13237	0.01841	0.02003	0.03201	0.02462	0.08970	0.02609	0.03069	0.02016	0.01073	0.00964	0.00276	0.01007	0.00918	0.13658	0.22458

[dist]
# distance from previous block
# <min> <max>
0	1

[block]
# block no. 3 follows, 11 sequences, length 6
# corresponding to MSA columns:
# 705-710
name=unknown_D
#
# <colnr> <probs for GDERKNQSTAVLIFYWHMCP>
#	G	D	E	R	K	N	Q	S	T	A	V	L	I	F	Y	W	H	M	C	P
0	0.02530	0.01301	0.01687	0.01546	0.01929	0.01186	0.01173	0.02967	0.02863	0.17171	0.23365	0.16973	0.06769	0.02164	0.01218	0.00360	0.00667	0.01887	0.10990	0.01254
1	0.02930	0.01563	0.02009	0.01721	0.02240	0.01470	0.01351	0.03738	0.08838	0.21729	0.30442	0.06332	0.07069	0.01896	0.01238	0.00355	0.00721	0.01634	0.01281	0.01441
2	0.02405	0.01347	0.01663	0.01470	0.01936	0.01177	0.01143	0.02822	0.02971	0.17018	0.25153	0.08083	0.23877	0.02261	0.01277	0.00362	0.00657	0.01921	0.01209	0.01245
3	0.21468	0.02308	0.02561	0.02019	0.02852	0.02364	0.01667	0.16496	0.03422	0.28958	0.03231	0.03010	0.02146	0.01291	0.01016	0.00346	0.01008	0.00964	0.01140	0.01732
4	0.02511	0.01392	0.02020	0.01860	0.02236	0.01472	0.01472	0.02922	0.02179	0.16149	0.03389	0.04267	0.02807	0.06592	0.41592	0.01426	0.02475	0.01186	0.00810	0.01244
5	0.04279	0.03153	0.03378	0.02590	0.03490	0.03490	0.02139	0.49671	0.05292	0.07093	0.02702	0.02702	0.01914	0.01351	0.01126	0.00338	0.01239	0.01013	0.01126	0.01914

[dist]
# distance from previous block
# <min> <max>
0	13

[block]
# block no. 4 follows, 11 sequences, length 7
# corresponding to MSA columns:
# 724-730
name=unknown_E
#
# <colnr> <probs for GDERKNQSTAVLIFYWHMCP>
#	G	D	E	R	K	N	Q	S	T	A	V	L	I	F	Y	W	H	M	C	P
0	0.03444	0.08719	0.03433	0.17338	0.04426	0.03005	0.02275	0.20570	0.10461	0.10811	0.02868	0.03037	0.02074	0.01279	0.01087	0.00345	0.01222	0.01017	0.00923	0.01666
1	0.03723	0.02738	0.02990	0.02347	0.03116	0.02988	0.01916	0.39827	0.04856	0.06559	0.13080	0.03883	0.03717	0.01548	0.01168	0.00341	0.01092	0.01225	0.01149	0.01738
2	0.02264	0.01760	0.02331	0.02108	0.02430	0.02084	0.01686	0.11961	0.02520	0.03552	0.02765	0.03830	0.02467	0.06195	0.38335	0.01346	0.09310	0.01139	0.00698	0.01220
3	0.01492	0.01114	0.01393	0.01448	0.01684	0.01016	0.01071	0.01875	0.02719	0.03644	0.27064	0.23163	0.19009	0.02822	0.01376	0.00401	0.00614	0.05975	0.01126	0.00995
4	0.01955	0.00978	0.01466	0.01466	0.01466	0.00978	0.00978	0.01466	0.01466	0.01955	0.01955	0.03421	0.01955	0.03910	0.04399	0.67253	0.00978	0.00978	0.00489	0.00489
5	0.03179	0.53188	0.05513	0.02064	0.02973	0.11777	0.01961	0.03530	0.02415	0.02663	0.01590	0.01837	0.01445	0.00991	0.00764	0.00248	0.01321	0.00619	0.00495	0.01425
6	0.01524	0.01097	0.01442	0.01463	0.01666	0.01016	0.01057	0.01950	0.02863	0.04000	0.38244	0.24456	0.09627	0.02684	0.01362	0.00386	0.00569	0.02400	0.01178	0.01016

[dist]
# distance from previous block
# <min> <max>
0	2

[block]
# block no. 5 follows, 11 sequences, length 46
# corresponding to MSA columns:
# 733-778
name=unknown_F
#
# <colnr> <probs for GDERKNQSTAVLIFYWHMCP>
#	G	D	E	R	K	N	Q	S	T	A	V	L	I	F	Y	W	H	M	C	P
0	0.23165	0.03790	0.02633	0.02317	0.02985	0.30210	0.01798	0.04331	0.02822	0.12975	0.02190	0.02305	0.01630	0.01169	0.00943	0.00318	0.01491	0.00767	0.00765	0.01393
1	0.03798	0.04059	0.02900	0.02507	0.03204	0.34433	0.01919	0.04428	0.07761	0.08650	0.02359	0.02495	0.01830	0.01158	0.01005	0.00282	0.01573	0.00811	0.00739	0.14089
2	0.02334	0.02001	0.02334	0.01667	0.02667	0.01500	0.01334	0.02834	0.02334	0.03668	0.02001	0.02334	0.01667	0.00834	0.00834	0.00167	0.00834	0.00667	0.00667	0.67325
3	0.03905	0.03960	0.03202	0.13277	0.04240	0.30459	0.02298	0.12668	0.03403	0.08779	0.02241	0.02523	0.01681	0.01212	0.01068	0.00321	0.01673	0.00872	0.00748	0.01469
4	0.02968	0.02196	0.03188	0.03267	0.13359	0.02232	0.06767	0.04389	0.18236	0.13533	0.13076	0.04530	0.04180	0.01485	0.01190	0.00360	0.01028	0.01343	0.01030	0.01642
5	0.02855	0.01984	0.02387	0.01731	0.02707	0.01530	0.01395	0.03343	0.02504	0.13367	0.02469	0.02621	0.01882	0.00941	0.00891	0.00202	0.00857	0.00756	0.00806	0.54770
6	0.03005	0.20603	0.30951	0.02617	0.03931	0.02946	0.03051	0.03879	0.02513	0.13027	0.02357	0.02495	0.01692	0.01102	0.00984	0.00322	0.01399	0.00825	0.00653	0.01650
7	0.03261	0.01522	0.02074	0.01782	0.02262	0.01460	0.01376	0.03596	0.02449	0.27212	0.03806	0.04744	0.03063	0.15761	0.19402	0.00962	0.01635	0.01259	0.00997	0.01374
8	0.02195	0.03364	0.23761	0.02420	0.03314	0.02103	0.02546	0.07555	0.06980	0.03869	0.08355	0.14403	0.03884	0.02525	0.07079	0.00532	0.01391	0.01505	0.00798	0.01423
9	0.01533	0.01095	0.01491	0.01752	0.01888	0.01053	0.01325	0.01846	0.02314	0.03054	0.06114	0.42558	0.07092	0.03374	0.01480	0.00479	0.00793	0.18759	0.01042	0.00959
10	0.02943	0.01983	0.02562	0.13344	0.03649	0.01973	0.01825	0.11386	0.03169	0.13600	0.12241	0.04425	0.06662	0.01476	0.01119	0.00320	0.00995	0.01233	0.00974	0.14121
11	0.09532	0.02126	0.02431	0.01810	0.02746	0.01843	0.01468	0.08405	0.02775	0.13550	0.02486	0.02602	0.01857	0.01014	0.00907	0.00237	0.00904	0.00785	0.00854	0.41668
12	0.03129	0.02345	0.02629	0.02075	0.02928	0.02308	0.01662	0.13085	0.18486	0.09758	0.03197	0.03145	0.02386	0.01208	0.01018	0.00286	0.00942	0.00972	0.00979	0.27462
13	0.03928	0.02544	0.02883	0.02259	0.03036	0.02687	0.01846	0.32365	0.04504	0.15657	0.12339	0.03978	0.03697	0.01535	0.01164	0.00343	0.01053	0.01226	0.01198	0.01756
14	0.02502	0.02541	0.04580	0.03272	0.04344	0.02202	0.26365	0.03236	0.02502	0.03635	0.02145	0.02700	0.01688	0.00894	0.01092	0.00278	0.01388	0.01012	0.00616	0.33009
15	0.01358	0.01030	0.01254	0.01432	0.01597	0.00926	0.00985	0.01582	0.02285	0.02926	0.07845	0.44272	0.21823	0.03313	0.01403	0.00433	0.00627	0.02939	0.01045	0.00926
16	0.02088	0.01341	0.01467	0.01392	0.01727	0.01389	0.01057	0.03124	0.12008	0.04385	0.17934	0.05404	0.05207	0.01636	0.01011	0.00311	0.00597	0.01375	0.35353	0.01193
17	0.02795	0.01469	0.01627	0.01462	0.01911	0.01490	0.01138	0.03795	0.11625	0.13889	0.03988	0.04127	0.02968	0.01367	0.00920	0.00301	0.00676	0.01106	0.41994	0.01351
18	0.02521	0.01403	0.01817	0.01718	0.02081	0.01316	0.01277	0.06243	0.02860	0.15879	0.15103	0.31427	0.06560	0.02597	0.01317	0.00401	0.00745	0.02298	0.01175	0.01261
19	0.10220	0.03238	0.03314	0.03776	0.18958	0.18702	0.02340	0.04329	0.02877	0.17702	0.02600	0.02754	0.01907	0.01165	0.01048	0.00326	0.01398	0.00916	0.00812	0.01619
20	0.01787	0.01388	0.01825	0.01730	0.01789	0.01636	0.01237	0.01952	0.01704	0.02410	0.02993	0.05558	0.03214	0.33921	0.20124	0.01187	0.12654	0.01385	0.00622	0.00882
21	0.04219	0.04940	0.03226	0.02840	0.03482	0.45862	0.02168	0.13165	0.03593	0.03587	0.01924	0.02159	0.01539	0.01197	0.01036	0.00299	0.01878	0.00780	0.00685	0.01422
22	0.01754	0.01385	0.01715	0.01607	0.02044	0.01147	0.01160	0.02071	0.02226	0.03189	0.04533	0.36900	0.05147	0.02456	0.01197	0.00342	0.00725	0.02193	0.00895	0.27316
23	0.02659	0.02545	0.04340	0.16665	0.44657	0.02641	0.03391	0.03343	0.02503	0.03523	0.02095	0.02827	0.01729	0.01026	0.01116	0.00342	0.01368	0.01002	0.00546	0.01681
24	0.03009	0.61122	0.05898	0.01926	0.02889	0.04454	0.01926	0.03370	0.02287	0.02648	0.01565	0.01805	0.01444	0.00963	0.00722	0.00241	0.01204	0.00602	0.00481	0.01444
25	0.15765	0.03118	0.02758	0.02368	0.02950	0.15581	0.01883	0.08577	0.11151	0.04062	0.02276	0.02548	0.01825	0.01336	0.01465	0.00346	0.11860	0.00869	0.00749	0.08513
26	0.04036	0.04119	0.03246	0.03138	0.08351	0.34492	0.02235	0.04388	0.02975	0.12718	0.02268	0.02498	0.01743	0.01276	0.01335	0.00327	0.07809	0.00859	0.00724	0.01462
27	0.01696	0.01327	0.01568	0.01595	0.01875	0.01321	0.01159	0.02568	0.11943	0.03682	0.18941	0.27451	0.15148	0.02709	0.01334	0.00403	0.00653	0.02387	0.01115	0.01125
28	0.01408	0.01050	0.01311	0.01442	0.01618	0.00953	0.01007	0.01693	0.02458	0.03249	0.16986	0.38376	0.18090	0.03125	0.01391	0.00419	0.00610	0.02778	0.01085	0.00953
29	0.42486	0.02161	0.01892	0.01626	0.02281	0.02440	0.01325	0.12710	0.02695	0.05306	0.02205	0.02463	0.01682	0.01159	0.00802	0.00330	0.00880	0.00777	0.13452	0.01329
30	0.17179	0.01882	0.02271	0.01807	0.02583	0.01766	0.01484	0.04777	0.02881	0.39658	0.03802	0.03474	0.02489	0.01317	0.01013	0.00340	0.00898	0.01021	0.07667	0.01694
31	0.68395	0.02177	0.01654	0.01480	0.02177	0.02525	0.01219	0.03309	0.01915	0.05050	0.01567	0.01828	0.01219	0.01045	0.00697	0.00348	0.00871	0.00609	0.00697	0.01219
32	0.02436	0.02644	0.05594	0.04140	0.05077	0.02486	0.39482	0.03261	0.02596	0.03503	0.03060	0.10074	0.02792	0.01438	0.01362	0.00401	0.01679	0.05900	0.00666	0.01406
33	0.02269	0.01342	0.01963	0.01846	0.02176	0.01454	0.01454	0.02677	0.02080	0.12515	0.03288	0.04308	0.02808	0.07089	0.45456	0.01529	0.02620	0.01192	0.00755	0.01180
34	0.04204	0.05364	0.03190	0.02900	0.03480	0.55926	0.02175	0.04494	0.03190	0.02755	0.01740	0.02030	0.01450	0.01160	0.01015	0.00290	0.02030	0.00725	0.00580	0.01305
35	0.68395	0.02177	0.01654	0.01480	0.02177	0.02525	0.01219	0.03309	0.01915	0.05050	0.01567	0.01828	0.01219	0.01045	0.00697	0.00348	0.00871	0.00609	0.00697	0.01219
36	0.02657	0.03036	0.06641	0.04744	0.05882	0.02846	0.49336	0.03605	0.02657	0.03605	0.02277	0.03036	0.01708	0.00949	0.01328	0.00380	0.01898	0.01328	0.00569	0.01518
37	0.01585	0.01123	0.01462	0.01540	0.01707	0.01072	0.01127	0.01936	0.02546	0.03483	0.23932	0.21911	0.07921	0.13002	0.02172	0.00540	0.00752	0.10183	0.01055	0.00953
38	0.09626	0.01815	0.02138	0.01884	0.02460	0.01837	0.01468	0.04309	0.15448	0.21598	0.09421	0.14918	0.04487	0.01895	0.01171	0.00378	0.00830	0.01605	0.01178	0.01534
39	0.01608	0.01164	0.01589	0.01556	0.01744	0.01221	0.01145	0.01983	0.02284	0.03233	0.21454	0.06435	0.05925	0.15832	0.26535	0.01140	0.01743	0.01591	0.00852	0.00966
40	0.01631	0.01112	0.01334	0.01334	0.01370	0.01149	0.00814	0.01705	0.01668	0.02261	0.03449	0.06828	0.03858	0.50945	0.14909	0.01222	0.01443	0.01558	0.00668	0.00741
41	0.03009	0.61122	0.05898	0.01926	0.02889	0.04454	0.01926	0.03370	0.02287	0.02648	0.01565	0.01805	0.01444	0.00963	0.00722	0.00241	0.01204	0.00602	0.00481	0.01444
42	0.02483	0.01541	0.01920	0.01788	0.02210	0.01528	0.01379	0.03485	0.13005	0.13701	0.21305	0.16496	0.06718	0.02254	0.01289	0.00390	0.00749	0.05215	0.01198	0.01346
43	0.02123	0.01908	0.03150	0.52241	0.07127	0.02360	0.02899	0.02851	0.02261	0.03004	0.02163	0.03117	0.01635	0.01143	0.01092	0.00364	0.01406	0.01005	0.06921	0.01231
44	0.02646	0.02581	0.04549	0.16446	0.39856	0.02658	0.08025	0.03358	0.02512	0.03516	0.02111	0.02852	0.01721	0.01021	0.01138	0.00347	0.01425	0.01035	0.00547	0.01654
45	0.68395	0.02177	0.01654	0.01480	0.02177	0.02525	0.01219	0.03309	0.01915	0.05050	0.01567	0.01828	0.01219	0.01045	0.00697	0.00348	0.00871	0.00609	0.00697	0.01219

[dist]
# distance from previous block
# <min> <max>
0	1

[block]
# block no. 6 follows, 11 sequences, length 9
# corresponding to MSA columns:
# 780-788
name=unknown_G
#
# <colnr> <probs for GDERKNQSTAVLIFYWHMCP>
#	G	D	E	R	K	N	Q	S	T	A	V	L	I	F	Y	W	H	M	C	P
0	0.19428	0.03172	0.02784	0.02389	0.02963	0.16371	0.01911	0.10234	0.06997	0.08758	0.02268	0.02504	0.01753	0.01364	0.01483	0.00362	0.12151	0.00869	0.00788	0.01449
