[name]
unknown

[dist]
# distance from previous block
# <min> <max>
0	62

[block]
# block no. 0 follows, 13 sequences, length 55
# corresponding to MSA columns:
# 71-125
name=unknown_A
#
# <colnr> <probs for GDERKNQSTAVLIFYWHMCP>
#	G	D	E	R	K	N	Q	S	T	A	V	L	I	F	Y	W	H	M	C	P
0	0.01668	0.01593	0.07178	0.01741	0.02036	0.01275	0.01438	0.05356	0.02262	0.03043	0.04844	0.36000	0.05498	0.10310	0.01818	0.00497	0.00865	0.10700	0.00888	0.00989
1	0.02843	0.03351	0.14209	0.08345	0.14196	0.11423	0.09923	0.06687	0.02650	0.07913	0.02423	0.06825	0.01996	0.01203	0.01077	0.00330	0.01428	0.01072	0.00644	0.01463
2	0.34143	0.34970	0.03691	0.01615	0.02403	0.03343	0.01501	0.03139	0.01986	0.03535	0.01471	0.01706	0.01259	0.00940	0.00667	0.00273	0.00986	0.00569	0.00546	0.01259
3	0.01533	0.01184	0.01587	0.01743	0.06184	0.01096	0.01157	0.01976	0.02757	0.03808	0.39280	0.13341	0.15858	0.02253	0.01241	0.00345	0.00580	0.01990	0.01064	0.01025
4	0.02551	0.02669	0.09064	0.13453	0.28386	0.02446	0.02815	0.07741	0.06950	0.03692	0.02196	0.02672	0.01730	0.01021	0.01020	0.00310	0.01219	0.00915	0.00612	0.08537
5	0.01455	0.01054	0.01254	0.01219	0.01435	0.00963	0.00863	0.01707	0.02402	0.03192	0.27166	0.08043	0.22696	0.13684	0.02257	0.06306	0.00643	0.01860	0.00950	0.00853
6	0.02735	0.01811	0.02483	0.06400	0.02989	0.01857	0.05286	0.07393	0.12541	0.15208	0.13588	0.05888	0.04546	0.01752	0.01189	0.00368	0.00949	0.10587	0.01036	0.01393
7	0.02268	0.01374	0.01846	0.06777	0.06893	0.01369	0.01238	0.02460	0.01940	0.12419	0.03244	0.05571	0.03216	0.40651	0.03826	0.00775	0.01055	0.01346	0.00740	0.00993
8	0.01321	0.01061	0.01179	0.01176	0.01479	0.00919	0.00872	0.01646	0.02539	0.03226	0.22762	0.13849	0.39079	0.02587	0.01257	0.00356	0.00532	0.02207	0.01032	0.00919
9	0.09641	0.01663	0.02097	0.01668	0.02363	0.01512	0.01364	0.04467	0.02769	0.42459	0.03809	0.03509	0.02513	0.01267	0.00967	0.00312	0.00815	0.01008	0.14210	0.01589
10	0.28004	0.02023	0.02142	0.01731	0.02452	0.02096	0.01423	0.12210	0.02852	0.25801	0.02872	0.02769	0.01957	0.01179	0.00891	0.00320	0.00884	0.00862	0.06029	0.01503
11	0.70310	0.02045	0.01554	0.01390	0.02045	0.02372	0.01145	0.03108	0.01799	0.04744	0.01472	0.01718	0.01145	0.00981	0.00654	0.00327	0.00818	0.00573	0.00654	0.01145
12	0.03904	0.02366	0.02744	0.02081	0.02936	0.02344	0.01712	0.27231	0.03787	0.22704	0.02951	0.02822	0.02024	0.01188	0.01006	0.00289	0.01002	0.00926	0.01057	0.14925
13	0.04601	0.02029	0.02596	0.01990	0.02814	0.01895	0.01644	0.14557	0.03411	0.47031	0.03848	0.03389	0.02455	0.01301	0.01062	0.00325	0.00952	0.01041	0.01259	0.01799
14	0.04692	0.01883	0.02505	0.01921	0.02741	0.01678	0.01587	0.08564	0.03166	0.53371	0.04054	0.03523	0.02559	0.01306	0.01063	0.00326	0.00919	0.01055	0.01291	0.01799
15	0.02676	0.01486	0.01660	0.01482	0.01917	0.01528	0.01139	0.03755	0.15731	0.14789	0.03808	0.04099	0.02910	0.05992	0.01246	0.00351	0.00705	0.01097	0.32327	0.01303
16	0.02313	0.02313	0.03238	0.02776	0.02776	0.03238	0.02313	0.02545	0.01619	0.02545	0.01388	0.02313	0.01388	0.01851	0.03470	0.00463	0.60907	0.00925	0.00463	0.01157
17	0.03015	0.02021	0.01936	0.01649	0.02147	0.07559	0.01301	0.16582	0.03129	0.09987	0.03090	0.03317	0.02315	0.01235	0.00881	0.00277	0.00861	0.00953	0.36431	0.01314
18	0.01976	0.01199	0.01436	0.01347	0.01683	0.01077	0.01013	0.02276	0.02450	0.12042	0.15747	0.08191	0.24165	0.14077	0.02040	0.00489	0.00724	0.06044	0.01002	0.01022
19	0.03318	0.01499	0.01907	0.01565	0.02185	0.01288	0.01258	0.03685	0.02812	0.34726	0.09992	0.06156	0.21405	0.01838	0.01140	0.00338	0.00747	0.01523	0.01186	0.01432
20	0.24546	0.01543	0.01521	0.01347	0.01898	0.01516	0.01074	0.02805	0.02341	0.14912	0.06311	0.06023	0.26715	0.01834	0.01016	0.00341	0.00705	0.01443	0.00944	0.01167
21	0.03195	0.51623	0.04947	0.01823	0.02711	0.03678	0.01760	0.03548	0.02317	0.12961	0.01989	0.02062	0.01599	0.00982	0.00752	0.00246	0.01086	0.00661	0.00617	0.01442
22	0.03154	0.07593	0.08292	0.02050	0.02808	0.02319	0.01827	0.14333	0.12430	0.16647	0.13343	0.03966	0.03737	0.01422	0.01061	0.00324	0.00954	0.01156	0.01025	0.01560
23	0.03078	0.15496	0.23876	0.02865	0.08950	0.09428	0.02717	0.03787	0.02493	0.14326	0.02269	0.02415	0.01647	0.01053	0.00952	0.00303	0.01351	0.00803	0.00648	0.01543
24	0.70310	0.02045	0.01554	0.01390	0.02045	0.02372	0.01145	0.03108	0.01799	0.04744	0.01472	0.01718	0.01145	0.00981	0.00654	0.00327	0.00818	0.00573	0.00654	0.01145
25	0.02353	0.02469	0.03151	0.37797	0.05678	0.13146	0.06195	0.02962	0.02421	0.02917	0.08391	0.03261	0.02456	0.01185	0.01074	0.00335	0.01423	0.01030	0.00574	0.01182
26	0.01563	0.00973	0.01180	0.01278	0.01439	0.00929	0.00901	0.01913	0.02277	0.03422	0.14594	0.31726	0.06095	0.02376	0.01120	0.00348	0.00550	0.02101	0.24285	0.00929
27	0.01599	0.01058	0.01512	0.01512	0.01617	0.01162	0.01088	0.01691	0.01586	0.02220	0.02675	0.04446	0.02669	0.17401	0.34540	0.18755	0.01998	0.01156	0.00553	0.00762
28	0.03333	0.02309	0.02556	0.02151	0.02842	0.02536	0.01714	0.14682	0.34224	0.15628	0.03933	0.03600	0.02825	0.01377	0.01070	0.00344	0.00913	0.01121	0.01120	0.01724
29	0.01837	0.00918	0.01377	0.01377	0.01377	0.00918	0.00918	0.01377	0.01377	0.01837	0.01837	0.03214	0.01837	0.03673	0.04132	0.69238	0.00918	0.00918	0.00459	0.00459
30	0.70310	0.02045	0.01554	0.01390	0.02045	0.02372	0.01145	0.03108	0.01799	0.04744	0.01472	0.01718	0.01145	0.00981	0.00654	0.00327	0.00818	0.00573	0.00654	0.01145
31	0.01997	0.01879	0.03171	0.60301	0.07282	0.02349	0.02936	0.02701	0.02114	0.02701	0.01879	0.02819	0.01409	0.01057	0.01057	0.00352	0.01409	0.00940	0.00470	0.01175
32	0.03950	0.05039	0.02996	0.02724	0.03269	0.58597	0.02043	0.04222	0.02996	0.02588	0.01634	0.01907	0.01362	0.01090	0.00953	0.00272	0.01907	0.00681	0.00545	0.01226
33	0.02227	0.14188	0.49575	0.02833	0.04296	0.02715	0.03591	0.03321	0.02220	0.03219	0.01833	0.02152	0.01342	0.00989	0.00956	0.00319	0.01498	0.00749	0.00447	0.01532
34	0.02710	0.02823	0.03528	0.21075	0.26272	0.13967	0.02768	0.03499	0.07093	0.03143	0.02091	0.02649	0.01672	0.01050	0.01033	0.00321	0.01397	0.00911	0.00562	0.01436
35	0.70310	0.02045	0.01554	0.01390	0.02045	0.02372	0.01145	0.03108	0.01799	0.04744	0.01472	0.01718	0.01145	0.00981	0.00654	0.00327	0.00818	0.00573	0.00654	0.01145
36	0.02496	0.02852	0.06239	0.04456	0.05526	0.02674	0.52406	0.03387	0.02496	0.03387	0.02139	0.02852	0.01604	0.00891	0.01248	0.00357	0.01783	0.01248	0.00535	0.01426
37	0.01288	0.00920	0.01227	0.01472	0.01534	0.00859	0.00981	0.01472	0.02024	0.02699	0.05828	0.62152	0.06993	0.03312	0.01350	0.00429	0.00613	0.03006	0.00981	0.00859
38	0.70310	0.02045	0.01554	0.01390	0.02045	0.02372	0.01145	0.03108	0.01799	0.04744	0.01472	0.01718	0.01145	0.00981	0.00654	0.00327	0.00818	0.00573	0.00654	0.01145
39	0.01870	0.01662	0.02218	0.02107	0.02197	0.02072	0.01630	0.02361	0.07198	0.02808	0.03746	0.30248	0.04177	0.02486	0.02241	0.00437	0.26785	0.01918	0.00766	0.01071
40	0.70310	0.02045	0.01554	0.01390	0.02045	0.02372	0.01145	0.03108	0.01799	0.04744	0.01472	0.01718	0.01145	0.00981	0.00654	0.00327	0.00818	0.00573	0.00654	0.01145
41	0.02827	0.63478	0.05540	0.01809	0.02714	0.04184	0.01809	0.03166	0.02148	0.02488	0.01470	0.01696	0.01357	0.00905	0.00678	0.00226	0.01131	0.00565	0.00452	0.01357
42	0.02022	0.01626	0.02075	0.06970	0.07907	0.01777	0.01529	0.03169	0.17762	0.03377	0.08200	0.08839	0.03825	0.14028	0.06797	0.00591	0.01061	0.01388	0.05857	0.01200
43	0.02432	0.13275	0.02433	0.01576	0.02090	0.01829	0.01293	0.03038	0.06949	0.13895	0.21974	0.09712	0.11691	0.01840	0.01096	0.00323	0.00739	0.01547	0.01013	0.01256
44	0.03146	0.09635	0.03994	0.02933	0.03692	0.20394	0.15334	0.08326	0.14912	0.03563	0.02451	0.02665	0.01898	0.01113	0.01041	0.00314	0.01482	0.00963	0.00700	0.01445
45	0.01997	0.01879	0.03171	0.60301	0.07282	0.02349	0.02936	0.02701	0.02114	0.02701	0.01879	0.02819	0.01409	0.01057	0.01057	0.00352	0.01409	0.00940	0.00470	0.01175
46	0.21951	0.03940	0.02558	0.02288	0.02887	0.38297	0.01757	0.04004	0.02676	0.08041	0.01818	0.02007	0.01416	0.01080	0.00882	0.00292	0.01522	0.00686	0.00643	0.01255
47	0.02814	0.01937	0.01979	0.01729	0.02242	0.08379	0.01345	0.03595	0.10628	0.18309	0.19395	0.05791	0.13885	0.01778	0.01136	0.00332	0.00837	0.01477	0.01083	0.01329
48	0.02192	0.01879	0.02192	0.01566	0.02506	0.01409	0.01253	0.02662	0.02192	0.03445	0.01879	0.02192	0.01566	0.00783	0.00783	0.00157	0.00783	0.00626	0.00626	0.69305
49	0.03058	0.02278	0.02479	0.02144	0.02797	0.02551	0.01692	0.10372	0.42354	0.11755	0.04105	0.03754	0.02999	0.01401	0.01072	0.00350	0.00879	0.01153	0.01105	0.01703
50	0.02071	0.02224	0.11805	0.07653	0.13278	0.01681	0.02126	0.02691	0.02560	0.07497	0.20574	0.09441	0.08662	0.01693	0.01145	0.00340	0.00948	0.01489	0.00841	0.01283
51	0.01471	0.01080	0.01378	0.01304	0.01564	0.00987	0.00978	0.01946	0.02933	0.04098	0.51072	0.08132	0.14682	0.02215	0.01247	0.00335	0.00503	0.01945	0.01145	0.00987
52	0.02905	0.11594	0.11571	0.08488	0.22376	0.02464	0.02626	0.03530	0.02424	0.13642	0.02307	0.02602	0.01733	0.01014	0.00971	0.00298	0.01190	0.00863	0.00658	0.06746
53	0.38253	0.02302	0.07627	0.01745	0.02555	0.02068	0.01585	0.03914	0.02313	0.24563	0.02547	0.02489	0.01728	0.01109	0.00847	0.00328	0.00926	0.00781	0.00883	0.01438
54	0.01284	0.00936	0.01211	0.01431	0.01523	0.00862	0.00963	0.01477	0.02064	0.02715	0.06327	0.56837	0.11986	0.03248	0.01339	0.00422	0.00605	0.02927	0.00982	0.00862

[dist]
# distance from previous block
# <min> <max>
2	13

[block]
# block no. 1 follows, 13 sequences, length 35
# corresponding to MSA columns:
# 139-173
name=unknown_B
#
# <colnr> <probs for GDERKNQSTAVLIFYWHMCP>
#	G	D	E	R	K	N	Q	S	T	A	V	L	I	F	Y	W	H	M	C	P
0	0.02434	0.01986	0.03010	0.03894	0.26879	0.02027	0.02211	0.03170	0.07091	0.08343	0.15694	0.04520	0.07153	0.01475	0.01273	0.00336	0.04961	0.01284	0.00818	0.01442
1	0.02204	0.01973	0.03185	0.09457	0.33874	0.02006	0.02395	0.02679	0.02233	0.03133	0.07367	0.04143	0.02945	0.15590	0.02084	0.00486	0.01144	0.01173	0.00607	0.01324
2	0.01806	0.01126	0.01358	0.01264	0.01587	0.01021	0.00961	0.02245	0.02738	0.08528	0.32516	0.07370	0.18304	0.02047	0.01147	0.00323	0.00541	0.01755	0.12319	0.01043
3	0.01701	0.01140	0.01394	0.01295	0.01629	0.01012	0.00984	0.02117	0.02808	0.08406	0.36669	0.08257	0.24125	0.02254	0.01232	0.00340	0.00546	0.01941	0.01118	0.01034
4	0.34808	0.11174	0.02463	0.01673	0.02318	0.02544	0.01402	0.11223	0.02407	0.07526	0.01929	0.02250	0.01529	0.01701	0.04529	0.06782	0.01056	0.00730	0.00708	0.01249
5	0.27637	0.01830	0.02055	0.01665	0.02381	0.01799	0.01366	0.04184	0.02590	0.34420	0.07241	0.03270	0.02672	0.01260	0.00933	0.00328	0.00840	0.00956	0.01066	0.01506
6	0.09276	0.02412	0.02754	0.02126	0.02946	0.02496	0.01756	0.29306	0.03928	0.27364	0.03135	0.02916	0.02089	0.01264	0.01030	0.00322	0.01028	0.00970	0.01131	0.01750
7	0.23243	0.01481	0.01474	0.01301	0.01794	0.01527	0.01037	0.03238	0.02265	0.15612	0.03007	0.03195	0.02217	0.01173	0.00783	0.00288	0.00679	0.00877	0.33599	0.01209
8	0.70310	0.02045	0.01554	0.01390	0.02045	0.02372	0.01145	0.03108	0.01799	0.04744	0.01472	0.01718	0.01145	0.00981	0.00654	0.00327	0.00818	0.00573	0.00654	0.01145
9	0.02371	0.02261	0.03847	0.27822	0.36836	0.02448	0.03123	0.03029	0.02291	0.03156	0.01945	0.02697	0.01570	0.00988	0.01051	0.00329	0.01317	0.00941	0.00502	0.01476
10	0.09236	0.03474	0.02984	0.02566	0.03003	0.24591	0.02046	0.13297	0.02839	0.03579	0.01721	0.02149	0.01439	0.01364	0.01767	0.00348	0.20851	0.00805	0.00630	0.01311
11	0.02313	0.02313	0.03238	0.02776	0.02776	0.03238	0.02313	0.02545	0.01619	0.02545	0.01388	0.02313	0.01388	0.01851	0.03470	0.00463	0.60907	0.00925	0.00463	0.01157
12	0.03255	0.02582	0.02743	0.02278	0.02988	0.02922	0.01825	0.26818	0.32118	0.05431	0.03509	0.03312	0.02584	0.01360	0.01068	0.00340	0.00984	0.01086	0.01068	0.01730
13	0.02939	0.01457	0.01882	0.01614	0.02126	0.01327	0.01265	0.03517	0.06349	0.26851	0.20975	0.11102	0.10295	0.01899	0.01166	0.00343	0.00710	0.01628	0.01187	0.01368
14	0.02325	0.01339	0.01631	0.01449	0.01873	0.01255	0.01123	0.03001	0.07672	0.15536	0.26568	0.06525	0.14404	0.01889	0.01136	0.00328	0.00624	0.01610	0.08492	0.01218
15	0.01462	0.01056	0.01321	0.01289	0.01489	0.00980	0.00918	0.01827	0.02607	0.03605	0.38266	0.12722	0.12926	0.12580	0.01956	0.00461	0.00601	0.01975	0.01042	0.00915
16	0.02465	0.07452	0.02144	0.01648	0.02143	0.02125	0.01315	0.07261	0.24191	0.04193	0.03561	0.03640	0.02739	0.01289	0.00896	0.00296	0.00741	0.01032	0.29506	0.01363
17	0.03377	0.07457	0.12996	0.09849	0.04053	0.02542	0.07791	0.15543	0.03113	0.18819	0.02671	0.02784	0.01841	0.01139	0.01042	0.00325	0.01256	0.00954	0.00844	0.01605
18	0.08800	0.30128	0.14088	0.02191	0.03100	0.12521	0.02166	0.03667	0.08588	0.03098	0.01920	0.02105	0.01562	0.01025	0.00831	0.00279	0.01277	0.00702	0.00560	0.01393
19	0.70310	0.02045	0.01554	0.01390	0.02045	0.02372	0.01145	0.03108	0.01799	0.04744	0.01472	0.01718	0.01145	0.00981	0.00654	0.00327	0.00818	0.00573	0.00654	0.01145
20	0.09129	0.19235	0.17762	0.02248	0.03209	0.06380	0.02290	0.14796	0.02926	0.04064	0.06619	0.02596	0.02196	0.01146	0.00918	0.00298	0.01215	0.00839	0.00680	0.01455
21	0.03385	0.02193	0.02491	0.02004	0.02645	0.02313	0.01600	0.26537	0.08309	0.15042	0.11872	0.04154	0.03621	0.07148	0.01493	0.00391	0.00963	0.01207	0.01085	0.01548
22	0.01541	0.01113	0.01669	0.01669	0.01840	0.01284	0.01284	0.01840	0.01669	0.02396	0.02738	0.04065	0.02567	0.07528	0.53501	0.08080	0.02651	0.01113	0.00556	0.00898
23	0.15171	0.02173	0.02468	0.01963	0.02734	0.02229	0.01609	0.16152	0.09493	0.30039	0.03353	0.03078	0.02253	0.01260	0.00996	0.00329	0.00941	0.00972	0.01113	0.01676
24	0.01666	0.00990	0.01204	0.01204	0.01227	0.00990	0.00732	0.01576	0.01553	0.02162	0.02901	0.05548	0.03146	0.39645	0.04582	0.21110	0.00944	0.01303	0.06899	0.00619
25	0.70310	0.02045	0.01554	0.01390	0.02045	0.02372	0.01145	0.03108	0.01799	0.04744	0.01472	0.01718	0.01145	0.00981	0.00654	0.00327	0.00818	0.00573	0.00654	0.01145
26	0.02641	0.01932	0.02092	0.01789	0.02310	0.02029	0.01405	0.25928	0.03533	0.04737	0.05186	0.16133	0.15575	0.01996	0.01130	0.00342	0.00845	0.01657	0.07416	0.01325
27	0.03950	0.05039	0.02996	0.02724	0.03269	0.58597	0.02043	0.04222	0.02996	0.02588	0.01634	0.01907	0.01362	0.01090	0.00953	0.00272	0.01907	0.00681	0.00545	0.01226
28	0.02727	0.02522	0.04409	0.04860	0.28967	0.02515	0.17053	0.03815	0.11263	0.07186	0.02570	0.02975	0.01980	0.01035	0.01111	0.00335	0.01313	0.01081	0.00673	0.01611
29	0.02409	0.02347	0.06653	0.02506	0.02891	0.02580	0.05936	0.11841	0.02365	0.03375	0.02149	0.03155	0.01939	0.08134	0.13647	0.00710	0.24469	0.01040	0.00614	0.01239
30	0.62839	0.01940	0.01539	0.01384	0.01994	0.02223	0.01129	0.02987	0.01929	0.04689	0.07359	0.02389	0.02104	0.01110	0.00719	0.00328	0.00783	0.00718	0.00710	0.01129
31	0.02532	0.09435	0.06163	0.04169	0.05221	0.02838	0.46913	0.03363	0.02458	0.03289	0.02066	0.02727	0.01577	0.00893	0.01186	0.00342	0.01712	0.01174	0.00526	0.01419
32	0.01440	0.00962	0.01188	0.01331	0.01472	0.00901	0.00922	0.01725	0.02197	0.03120	0.11161	0.40912	0.10299	0.02734	0.01212	0.00378	0.00571	0.02435	0.14138	0.00901
33	0.63191	0.02018	0.01652	0.01444	0.02116	0.02283	0.01189	0.03330	0.01933	0.10415	0.01765	0.01922	0.01305	0.01017	0.00699	0.00327	0.00827	0.00626	0.00725	0.01216
34	0.02195	0.01560	0.01665	0.01521	0.01934	0.01669	0.01174	0.07059	0.18974	0.04247	0.12314	0.04995	0.08598	0.01569	0.00992	0.00310	0.00656	0.01301	0.26011	0.01257

[dist]
# distance from previous block
# <min> <max>
8	11

[block]
# block no. 2 follows, 13 sequences, length 10
# corresponding to MSA columns:
# 185-194
name=unknown_C
#
# <colnr> <probs for GDERKNQSTAVLIFYWHMCP>
#	G	D	E	R	K	N	Q	S	T	A	V	L	I	F	Y	W	H	M	C	P
0	0.09620	0.02871	0.11129	0.02678	0.09517	0.10061	0.02126	0.03674	0.02612	0.17969	0.10434	0.03403	0.03002	0.01313	0.01172	0.00328	0.04795	0.01021	0.00831	0.01443
1	0.02588	0.22812	0.36282	0.02537	0.03828	0.02896	0.03041	0.03466	0.02283	0.08236	0.01985	0.02200	0.01467	0.01003	0.00911	0.00301	0.01367	0.00743	0.00531	0.01523
2	0.02726	0.55191	0.12943	0.01981	0.02980	0.03937	0.02109	0.03192	0.02160	0.02611	0.01531	0.01773	0.01354	0.00919	0.00725	0.00242	0.01192	0.00596	0.00451	0.01386
3	0.01866	0.07158	0.10470	0.01988	0.02550	0.05522	0.05359	0.02357	0.02384	0.03045	0.09736	0.17814	0.15839	0.02158	0.01191	0.00365	0.00986	0.07298	0.00811	0.01104
4	0.02193	0.01764	0.02702	0.20108	0.08210	0.01909	0.05069	0.05921	0.02519	0.07231	0.10205	0.12632	0.08645	0.01725	0.01272	0.00360	0.04015	0.01508	0.00787	0.01222
5	0.01609	0.01338	0.02072	0.01937	0.02217	0.01293	0.08390	0.02186	0.06804	0.03178	0.12602	0.40509	0.06339	0.02631	0.01296	0.00398	0.00783	0.02434	0.00953	0.01032
6	0.02642	0.02829	0.10566	0.02213	0.02924	0.06369	0.01959	0.11259	0.26659	0.04420	0.12730	0.04054	0.03821	0.01453	0.01085	0.00338	0.01007	0.01191	0.00958	0.01522
7	0.02095	0.01752	0.02038	0.01504	0.02304	0.01352	0.01162	0.02495	0.02095	0.03237	0.02096	0.02897	0.01906	0.10036	0.01469	0.00286	0.00819	0.00762	0.00629	0.59067
8	0.01886	0.01591	0.02304	0.01948	0.02389	0.01592	0.08334	0.02989	0.14249	0.04161	0.36867	0.06320	0.07317	0.01824	0.01209	0.00342	0.00753	0.01661	0.01057	0.01207
9	0.02275	0.02203	0.03920	0.17341	0.29887	0.02270	0.10527	0.02899	0.02303	0.03172	0.02525	0.11022	0.02349	0.01291	0.01123	0.00345	0.01282	0.01278	0.00577	0.01412

[dist]
# distance from previous block
# <min> <max>
0	3

[block]
# block no. 3 follows, 13 sequences, length 19
# corresponding to MSA columns:
# 198-216
name=unknown_D
#
# <colnr> <probs for GDERKNQSTAVLIFYWHMCP>
#	G	D	E	R	K	N	Q	S	T	A	V	L	I	F	Y	W	H	M	C	P
0	0.03487	0.01663	0.02035	0.01667	0.02268	0.01595	0.01340	0.08687	0.06779	0.29478	0.08706	0.04020	0.03305	0.01375	0.00996	0.00308	0.00776	0.01122	0.18893	0.01501
1	0.01908	0.01562	0.02010	0.01842	0.02224	0.01596	0.04985	0.06438	0.14221	0.03685	0.13157	0.25283	0.12185	0.02303	0.01230	0.00376	0.00763	0.02050	0.01003	0.01179
2	0.01580	0.01309	0.01976	0.01688	0.02064	0.01196	0.07639	0.02086	0.02819	0.03870	0.40305	0.07669	0.17479	0.02093	0.01248	0.00340	0.00672	0.01886	0.01048	0.01034
3	0.09864	0.02883	0.12820	0.02233	0.03139	0.02427	0.02090	0.16247	0.13158	0.19625	0.03120	0.02975	0.02158	0.01236	0.01015	0.00332	0.01068	0.00963	0.00979	0.01669
4	0.07099	0.03585	0.03335	0.03841	0.21139	0.27097	0.02363	0.08490	0.02922	0.07424	0.02020	0.02323	0.01591	0.01067	0.00987	0.00298	0.01483	0.00818	0.00649	0.01471
5	0.14306	0.01303	0.01381	0.01262	0.01624	0.01313	0.00954	0.02721	0.02308	0.10843	0.13059	0.04637	0.03942	0.09376	0.01466	0.00389	0.00674	0.01169	0.26195	0.01078
6	0.06798	0.02215	0.02811	0.02586	0.08086	0.02349	0.05464	0.15905	0.15687	0.08911	0.13800	0.04038	0.03813	0.01418	0.01091	0.00334	0.00963	0.01214	0.00989	0.01528
7	0.03673	0.02377	0.03740	0.03590	0.16441	0.02304	0.11578	0.12790	0.03120	0.24911	0.02967	0.03030	0.02051	0.01134	0.01093	0.00328	0.01199	0.01048	0.00927	0.01699
8	0.02239	0.01245	0.01651	0.01456	0.01836	0.01125	0.01125	0.02717	0.03001	0.16301	0.43907	0.06915	0.08293	0.01966	0.01205	0.00331	0.00590	0.01718	0.01197	0.01181
9	0.18072	0.02118	0.02385	0.01911	0.02671	0.02171	0.01565	0.13220	0.09779	0.30290	0.03334	0.03062	0.02243	0.01249	0.00978	0.00329	0.00921	0.00958	0.01097	0.01646
10	0.02188	0.01071	0.01165	0.01103	0.01404	0.01040	0.00841	0.02674	0.02367	0.08989	0.08455	0.04283	0.03388	0.01327	0.00818	0.00262	0.00532	0.01080	0.55949	0.01064
11	0.70310	0.02045	0.01554	0.01390	0.02045	0.02372	0.01145	0.03108	0.01799	0.04744	0.01472	0.01718	0.01145	0.00981	0.00654	0.00327	0.00818	0.00573	0.00654	0.01145
12	0.13278	0.01524	0.01803	0.01520	0.02087	0.01418	0.01215	0.03387	0.02716	0.25972	0.17598	0.05597	0.14163	0.01724	0.01081	0.00334	0.00721	0.01415	0.01112	0.01334
13	0.02426	0.30541	0.34966	0.02493	0.03771	0.03202	0.03000	0.03270	0.02196	0.02976	0.01713	0.02001	0.01347	0.00961	0.00864	0.00288	0.01376	0.00688	0.00449	0.01474
14	0.01538	0.01025	0.01153	0.01153	0.01153	0.01025	0.00641	0.01538	0.01538	0.02050	0.03331	0.06919	0.03844	0.62842	0.05382	0.01025	0.01025	0.01538	0.00641	0.00641
15	0.02996	0.02453	0.02597	0.02226	0.02889	0.02801	0.01762	0.18028	0.41331	0.05013	0.03838	0.03574	0.02851	0.01391	0.01071	0.00348	0.00923	0.01131	0.01071	0.01706
16	0.02134	0.01247	0.01692	0.01668	0.02003	0.01168	0.01358	0.02590	0.02719	0.13077	0.24211	0.12627	0.07001	0.02378	0.01302	0.00396	0.00755	0.19447	0.01105	0.01121
17	0.01705	0.00947	0.01364	0.01381	0.01434	0.00925	0.00941	0.01499	0.01748	0.02375	0.11904	0.11701	0.03950	0.03358	0.03259	0.48081	0.00804	0.01366	0.00652	0.00607
18	0.01477	0.01134	0.01373	0.01487	0.01680	0.01108	0.01047	0.02069	0.08972	0.03098	0.11279	0.41535	0.14027	0.02861	0.01289	0.00400	0.00620	0.02548	0.01012	0.00983

[dist]
# distance from previous block
# <min> <max>
1	3

[block]
# block no. 4 follows, 13 sequences, length 45
# corresponding to MSA columns:
# 220-264
name=unknown_E
#
# <colnr> <probs for GDERKNQSTAVLIFYWHMCP>
#	G	D	E	R	K	N	Q	S	T	A	V	L	I	F	Y	W	H	M	C	P
0	0.08802	0.40495	0.12296	0.02210	0.03166	0.08319	0.05720	0.03293	0.02227	0.02883	0.01593	0.01875	0.01354	0.00940	0.00787	0.00264	0.01277	0.00655	0.00483	0.01361
1	0.70310	0.02045	0.01554	0.01390	0.02045	0.02372	0.01145	0.03108	0.01799	0.04744	0.01472	0.01718	0.01145	0.00981	0.00654	0.00327	0.00818	0.00573	0.00654	0.01145
2	0.02622	0.02750	0.11273	0.14974	0.36016	0.02394	0.03138	0.03328	0.02385	0.07881	0.02144	0.02683	0.01663	0.01002	0.01044	0.00325	0.01295	0.00930	0.00571	0.01583
3	0.01405	0.01024	0.01331	0.01428	0.01605	0.00950	0.01041	0.01747	0.02471	0.03352	0.25460	0.31844	0.12350	0.02775	0.01312	0.00391	0.00597	0.06941	0.01051	0.00926
4	0.01646	0.01060	0.01493	0.01575	0.01686	0.01098	0.01181	0.01735	0.01797	0.02417	0.03548	0.10571	0.03789	0.12587	0.15713	0.21475	0.01357	0.13831	0.00682	0.00758
5	0.03447	0.02543	0.02752	0.02256	0.02985	0.02830	0.01816	0.26973	0.27400	0.10063	0.03490	0.03276	0.02525	0.01348	0.01066	0.00337	0.00991	0.01073	0.01088	0.01741
6	0.03989	0.01633	0.02225	0.01786	0.02439	0.01471	0.01434	0.04355	0.02700	0.44175	0.03906	0.03994	0.02739	0.08126	0.09435	0.00584	0.01179	0.01118	0.01142	0.01570
7	0.70310	0.02045	0.01554	0.01390	0.02045	0.02372	0.01145	0.03108	0.01799	0.04744	0.01472	0.01718	0.01145	0.00981	0.00654	0.00327	0.00818	0.00573	0.00654	0.01145
8	0.02052	0.01787	0.01638	0.01657	0.01855	0.11313	0.01209	0.02349	0.02220	0.03042	0.03990	0.28815	0.04226	0.02166	0.01275	0.00349	0.05928	0.01807	0.21334	0.00987
9	0.20030	0.01923	0.02025	0.01520	0.02385	0.01661	0.01225	0.02779	0.02090	0.03785	0.01773	0.02068	0.01456	0.00835	0.00749	0.00201	0.00792	0.00612	0.00634	0.51457
10	0.02496	0.02852	0.06239	0.04456	0.05526	0.02674	0.52406	0.03387	0.02496	0.03387	0.02139	0.02852	0.01604	0.00891	0.01248	0.00357	0.01783	0.01248	0.00535	0.01426
11	0.01579	0.01233	0.01830	0.01791	0.01963	0.01484	0.01406	0.01944	0.01692	0.02462	0.02709	0.03997	0.02537	0.07413	0.53964	0.01594	0.07766	0.01115	0.00558	0.00962
12	0.70310	0.02045	0.01554	0.01390	0.02045	0.02372	0.01145	0.03108	0.01799	0.04744	0.01472	0.01718	0.01145	0.00981	0.00654	0.00327	0.00818	0.00573	0.00654	0.01145
13	0.02234	0.02388	0.04975	0.03638	0.04492	0.02235	0.38944	0.03022	0.02626	0.03610	0.16162	0.04173	0.03797	0.01224	0.01248	0.00350	0.01446	0.01422	0.00700	0.01314
14	0.01285	0.00934	0.01213	0.01437	0.01524	0.00862	0.00966	0.01476	0.02059	0.02713	0.06262	0.57528	0.11336	0.03256	0.01341	0.00423	0.00606	0.02937	0.00982	0.00862
15	0.70310	0.02045	0.01554	0.01390	0.02045	0.02372	0.01145	0.03108	0.01799	0.04744	0.01472	0.01718	0.01145	0.00981	0.00654	0.00327	0.00818	0.00573	0.00654	0.01145
16	0.02448	0.18330	0.03841	0.02523	0.02760	0.03486	0.02181	0.02707	0.01758	0.02530	0.01409	0.02152	0.01380	0.01603	0.02739	0.00401	0.45254	0.00831	0.00460	0.01209
17	0.65352	0.06558	0.01847	0.01421	0.02094	0.02505	0.01194	0.03112	0.01825	0.04578	0.01472	0.01716	0.01161	0.00976	0.00656	0.00320	0.00841	0.00572	0.00639	0.01161
18	0.02566	0.08090	0.02548	0.01969	0.02522	0.06450	0.01565	0.08357	0.27959	0.04248	0.17144	0.04497	0.04558	0.01535	0.01072	0.00329	0.00882	0.01265	0.00999	0.01444
19	0.02827	0.63478	0.05540	0.01809	0.02714	0.04184	0.01809	0.03166	0.02148	0.02488	0.01470	0.01696	0.01357	0.00905	0.00678	0.00226	0.01131	0.00565	0.00452	0.01357
20	0.16865	0.02457	0.02863	0.02478	0.02657	0.07122	0.02045	0.02787	0.01759	0.03014	0.01424	0.02157	0.01334	0.01610	0.02687	0.00420	0.43818	0.00832	0.00509	0.01159
21	0.03131	0.04134	0.28514	0.02704	0.03885	0.02894	0.02897	0.29633	0.03690	0.05113	0.02239	0.02395	0.01584	0.01145	0.01033	0.00326	0.01350	0.00872	0.00772	0.01688
22	0.01510	0.01133	0.01699	0.01699	0.01888	0.01322	0.01322	0.01888	0.01699	0.02454	0.02832	0.04154	0.02643	0.07930	0.58652	0.01699	0.02832	0.01133	0.00566	0.00944
23	0.03950	0.05039	0.02996	0.02724	0.03269	0.58597	0.02043	0.04222	0.02996	0.02588	0.01634	0.01907	0.01362	0.01090	0.00953	0.00272	0.01907	0.00681	0.00545	0.01226
24	0.03676	0.01716	0.02254	0.01935	0.02576	0.01617	0.01609	0.04461	0.09965	0.35984	0.04554	0.05772	0.03586	0.01737	0.01166	0.00372	0.00910	0.13347	0.01191	0.01571
25	0.03543	0.02329	0.03504	0.04342	0.30488	0.02288	0.02492	0.10738	0.02975	0.22329	0.02816	0.02944	0.02016	0.01113	0.01054	0.00319	0.01121	0.00985	0.00868	0.01735
26	0.02949	0.39916	0.14280	0.02063	0.03052	0.03392	0.02144	0.03655	0.06138	0.10316	0.02130	0.02222	0.01666	0.01018	0.00820	0.00270	0.01155	0.00720	0.00616	0.01479
27	0.16042	0.02795	0.02879	0.02244	0.03055	0.03114	0.01853	0.43723	0.04396	0.06315	0.02345	0.02390	0.01680	0.01217	0.00985	0.00319	0.01101	0.00883	0.00985	0.01680
28	0.03886	0.02895	0.03098	0.02406	0.03228	0.03217	0.01977	0.48203	0.09707	0.06449	0.02708	0.02673	0.01935	0.01285	0.01059	0.00321	0.01132	0.00975	0.01059	0.01786
29	0.01398	0.01077	0.01276	0.01227	0.01519	0.00956	0.00920	0.01804	0.02760	0.03686	0.37696	0.08809	0.28315	0.02368	0.01248	0.00342	0.00514	0.02040	0.01091	0.00956
30	0.02585	0.02601	0.04802	0.05957	0.42965	0.02554	0.16118	0.03282	0.02431	0.03437	0.02028	0.02678	0.01656	0.00929	0.01099	0.00325	0.01394	0.01022	0.00526	0.01610
31	0.01319	0.01052	0.01194	0.01289	0.01556	0.00927	0.00968	0.01595	0.02315	0.02857	0.08789	0.23670	0.36788	0.02872	0.01303	0.00393	0.00613	0.08624	0.00981	0.00895
32	0.02286	0.01232	0.01652	0.01554	0.01899	0.01120	0.01188	0.02679	0.02706	0.17215	0.25766	0.21307	0.07028	0.02302	0.01243	0.00368	0.00666	0.05488	0.01139	0.01164
33	0.01520	0.01094	0.01503	0.01503	0.01625	0.01215	0.01078	0.01762	0.01641	0.02310	0.03011	0.05145	0.03074	0.27614	0.39556	0.01458	0.02184	0.01278	0.00593	0.00835
34	0.02372	0.04800	0.45536	0.03148	0.04581	0.02422	0.11084	0.03488	0.02331	0.07336	0.02103	0.02428	0.01474	0.01010	0.01046	0.00338	0.01547	0.00873	0.00524	0.01559
35	0.03238	0.01847	0.02300	0.01695	0.02585	0.01469	0.01376	0.03683	0.02534	0.25391	0.02819	0.02769	0.01997	0.00998	0.00898	0.00227	0.00831	0.00806	0.00906	0.41632
36	0.02234	0.02388	0.04975	0.03638	0.04492	0.02235	0.38944	0.03022	0.02626	0.03610	0.16162	0.04173	0.03797	0.01224	0.01248	0.00350	0.01446	0.01422	0.00700	0.01314
37	0.02549	0.01762	0.02170	0.01640	0.02454	0.01423	0.01316	0.02996	0.02272	0.12778	0.02417	0.02713	0.01901	0.01865	0.08843	0.00400	0.01087	0.00774	0.00739	0.47901
38	0.02677	0.02456	0.03367	0.02737	0.03370	0.02778	0.12238	0.08758	0.32159	0.04141	0.03304	0.03374	0.02517	0.01366	0.01441	0.00369	0.09360	0.01148	0.00878	0.01562
39	0.02192	0.01879	0.02192	0.01566	0.02506	0.01409	0.01253	0.02662	0.02192	0.03445	0.01879	0.02192	0.01566	0.00783	0.00783	0.00157	0.00783	0.00626	0.00626	0.69305
40	0.02168	0.02303	0.07394	0.30486	0.20963	0.02374	0.02902	0.02808	0.02161	0.02962	0.02162	0.07051	0.01894	0.01255	0.01284	0.00355	0.06549	0.01080	0.00521	0.01329
41	0.01966	0.01509	0.02195	0.25012	0.04046	0.01596	0.01865	0.02444	0.02276	0.07469	0.04791	0.13548	0.13875	0.01885	0.01156	0.00360	0.00987	0.06104	0.00778	0.06137
42	0.01384	0.01076	0.01258	0.01212	0.01511	0.00950	0.00909	0.01778	0.02728	0.03611	0.35258	0.08932	0.30799	0.02396	0.01248	0.00344	0.00516	0.02057	0.01081	0.00950
43	0.03681	0.01876	0.02563	0.07809	0.07005	0.01820	0.01776	0.07807	0.06424	0.33398	0.10799	0.03991	0.03429	0.01381	0.01087	0.00331	0.00935	0.01160	0.01116	0.01611
44	0.26517	0.02096	0.02258	0.01821	0.02572	0.02173	0.01496	0.11851	0.06621	0.27848	0.03021	0.02828	0.02040	0.01202	0.00926	0.00328	0.00908	0.00891	0.01033	0.01570

[dist]
# distance from previous block
# <min> <max>
1	6

[block]
# block no. 5 follows, 13 sequences, length 54
# corresponding to MSA columns:
# 271-324
name=unknown_F
#
# <colnr> <probs for GDERKNQSTAVLIFYWHMCP>
#	G	D	E	R	K	N	Q	S	T	A	V	L	I	F	Y	W	H	M	C	P
0	0.13522	0.17318	0.03382	0.02328	0.07246	0.06726	0.01806	0.11789	0.02892	0.19621	0.02493	0.02487	0.01795	0.01110	0.00900	0.00296	0.01088	0.00815	0.00844	0.01544
1	0.08085	0.33504	0.27467	0.02292	0.03458	0.03292	0.02655	0.03240	0.02156	0.03043	0.01654	0.01928	0.01332	0.00954	0.00816	0.00281	0.01290	0.00659	0.00466	0.01428
2	0.02109	0.01903	0.03117	0.17142	0.27172	0.02006	0.02466	0.02702	0.02423	0.03389	0.15099	0.04077	0.03715	0.01853	0.05945	0.00444	0.01240	0.01194	0.00671	0.01334
3	0.02526	0.02589	0.07532	0.09597	0.27810	0.02537	0.02681	0.04087	0.21731	0.03738	0.02835	0.03101	0.02204	0.01141	0.01055	0.00336	0.01137	0.01024	0.00719	0.01619
4	0.01400	0.01077	0.01280	0.01229	0.01521	0.00957	0.00922	0.01809	0.02766	0.03701	0.38170	0.08785	0.27831	0.02363	0.01248	0.00342	0.00513	0.02036	0.01093	0.00957
5	0.01890	0.01550	0.01865	0.07121	0.02515	0.01679	0.01407	0.03225	0.21402	0.03695	0.16728	0.19335	0.09102	0.02108	0.01192	0.00369	0.00737	0.01848	0.01011	0.01220
6	0.02258	0.02183	0.03862	0.26368	0.25426	0.02331	0.09673	0.02940	0.02361	0.03229	0.06951	0.03217	0.02334	0.01092	0.01097	0.00336	0.01317	0.01073	0.00564	0.01386
7	0.01372	0.01042	0.01264	0.01280	0.01522	0.00934	0.00933	0.01729	0.02594	0.03462	0.30444	0.20698	0.23722	0.02580	0.01271	0.00362	0.00536	0.02256	0.01066	0.00934
8	0.04456	0.01819	0.02385	0.01848	0.02620	0.01637	0.01520	0.08536	0.03106	0.48699	0.03987	0.03547	0.02563	0.01299	0.01036	0.00320	0.00885	0.01048	0.06961	0.01731
9	0.02749	0.01359	0.01582	0.01370	0.01805	0.01314	0.01078	0.07195	0.02748	0.17110	0.10727	0.04286	0.03611	0.01381	0.00914	0.00284	0.00648	0.01129	0.37457	0.01252
10	0.70310	0.02045	0.01554	0.01390	0.02045	0.02372	0.01145	0.03108	0.01799	0.04744	0.01472	0.01718	0.01145	0.00981	0.00654	0.00327	0.00818	0.00573	0.00654	0.01145
11	0.02177	0.02096	0.03058	0.02603	0.02771	0.02719	0.05858	0.02694	0.05517	0.02858	0.05969	0.03146	0.02358	0.02607	0.10545	0.00607	0.39594	0.01072	0.00579	0.01172
12	0.03815	0.04836	0.03297	0.02885	0.03478	0.53411	0.06714	0.04145	0.02950	0.02662	0.01681	0.01994	0.01384	0.01071	0.00981	0.00280	0.01895	0.00734	0.00544	0.01244
13	0.02313	0.02313	0.03238	0.02776	0.02776	0.03238	0.02313	0.02545	0.01619	0.02545	0.01388	0.02313	0.01388	0.01851	0.03470	0.00463	0.60907	0.00925	0.00463	0.01157
14	0.02314	0.01737	0.01883	0.01700	0.02151	0.01903	0.01316	0.07613	0.26052	0.04435	0.15805	0.04748	0.04548	0.01540	0.01032	0.00322	0.00700	0.01291	0.17549	0.01360
15	0.02121	0.01190	0.01516	0.01449	0.01789	0.01056	0.01078	0.02444	0.02549	0.15578	0.17312	0.25635	0.17209	0.02464	0.01240	0.00369	0.00638	0.02153	0.01097	0.01113
16	0.03713	0.01497	0.01908	0.01548	0.02154	0.01343	0.01251	0.04153	0.02725	0.37260	0.03903	0.03726	0.02652	0.01280	0.00943	0.00297	0.00748	0.01034	0.26368	0.01497
17	0.01466	0.01060	0.01347	0.01334	0.01509	0.01030	0.00945	0.01781	0.02319	0.03195	0.26865	0.12355	0.11434	0.17171	0.10851	0.00709	0.00985	0.01840	0.00920	0.00885
18	0.03114	0.40706	0.04186	0.01701	0.02488	0.03132	0.01593	0.03491	0.02349	0.14518	0.02353	0.02446	0.01834	0.01041	0.00771	0.00251	0.00985	0.00736	0.10908	0.01397
19	0.03186	0.37356	0.09070	0.02129	0.03069	0.03721	0.02056	0.20575	0.03146	0.04026	0.01881	0.02037	0.01510	0.01041	0.00839	0.00267	0.01179	0.00719	0.00664	0.01529
20	0.03087	0.24743	0.04749	0.02656	0.03549	0.02847	0.18172	0.03634	0.02529	0.15932	0.06016	0.02949	0.02324	0.01082	0.00995	0.00300	0.01245	0.00998	0.00732	0.01461
21	0.64225	0.02022	0.01638	0.01436	0.02105	0.02296	0.01183	0.03298	0.01913	0.09592	0.01723	0.01892	0.01282	0.01012	0.00692	0.00327	0.00825	0.00618	0.00715	0.01206
22	0.22319	0.02423	0.03074	0.03631	0.23047	0.02570	0.02193	0.15420	0.02916	0.09568	0.02179	0.02434	0.01642	0.01067	0.00940	0.00320	0.01076	0.00851	0.00763	0.01566
23	0.02077	0.01168	0.01432	0.01326	0.01651	0.01065	0.00990	0.02458	0.02583	0.12642	0.23161	0.11327	0.13471	0.07035	0.01481	0.00386	0.00624	0.01722	0.12325	0.01075
24	0.01717	0.01138	0.01688	0.01650	0.01742	0.01306	0.01230	0.01723	0.01554	0.02197	0.02286	0.03598	0.02193	0.05601	0.30691	0.30601	0.06796	0.01024	0.00512	0.00753
25	0.02968	0.02439	0.02581	0.02220	0.02878	0.02788	0.01755	0.17077	0.42327	0.04968	0.03874	0.03603	0.02880	0.01394	0.01071	0.00349	0.00916	0.01136	0.01071	0.01704
26	0.01837	0.00918	0.01377	0.01377	0.01377	0.00918	0.00918	0.01377	0.01377	0.01837	0.01837	0.03214	0.01837	0.03673	0.04132	0.69238	0.00918	0.00918	0.00459	0.00459
27	0.70310	0.02045	0.01554	0.01390	0.02045	0.02372	0.01145	0.03108	0.01799	0.04744	0.01472	0.01718	0.01145	0.00981	0.00654	0.00327	0.00818	0.00573	0.00654	0.01145
28	0.02721	0.02995	0.02058	0.01924	0.02191	0.29276	0.01329	0.02855	0.02253	0.02314	0.02499	0.04459	0.02626	0.32539	0.03209	0.00656	0.01458	0.01117	0.00594	0.00928
29	0.70310	0.02045	0.01554	0.01390	0.02045	0.02372	0.01145	0.03108	0.01799	0.04744	0.01472	0.01718	0.01145	0.00981	0.00654	0.00327	0.00818	0.00573	0.00654	0.01145
30	0.70310	0.02045	0.01554	0.01390	0.02045	0.02372	0.01145	0.03108	0.01799	0.04744	0.01472	0.01718	0.01145	0.00981	0.00654	0.00327	0.00818	0.00573	0.00654	0.01145
31	0.01510	0.01133	0.01699	0.01699	0.01888	0.01322	0.01322	0.01888	0.01699	0.02454	0.02832	0.04154	0.02643	0.07930	0.58652	0.01699	0.02832	0.01133	0.00566	0.00944
32	0.70310	0.02045	0.01554	0.01390	0.02045	0.02372	0.01145	0.03108	0.01799	0.04744	0.01472	0.01718	0.01145	0.00981	0.00654	0.00327	0.00818	0.00573	0.00654	0.01145
33	0.01997	0.01879	0.03171	0.60301	0.07282	0.02349	0.02936	0.02701	0.02114	0.02701	0.01879	0.02819	0.01409	0.01057	0.01057	0.00352	0.01409	0.00940	0.00470	0.01175
34	0.01288	0.00920	0.01227	0.01472	0.01534	0.00859	0.00981	0.01472	0.02024	0.02699	0.05828	0.62152	0.06993	0.03312	0.01350	0.00429	0.00613	0.03006	0.00981	0.00859
35	0.70310	0.02045	0.01554	0.01390	0.02045	0.02372	0.01145	0.03108	0.01799	0.04744	0.01472	0.01718	0.01145	0.00981	0.00654	0.00327	0.00818	0.00573	0.00654	0.01145
36	0.02313	0.02313	0.03238	0.02776	0.02776	0.03238	0.02313	0.02545	0.01619	0.02545	0.01388	0.02313	0.01388	0.01851	0.03470	0.00463	0.60907	0.00925	0.00463	0.01157
37	0.02427	0.02318	0.03948	0.23003	0.41221	0.02462	0.03150	0.03078	0.02317	0.03223	0.01955	0.02679	0.01593	0.00977	0.01050	0.00326	0.01303	0.00941	0.00507	0.01521
38	0.01517	0.01487	0.06555	0.01447	0.01835	0.01117	0.01238	0.02049	0.02835	0.03949	0.43925	0.07715	0.16075	0.02132	0.01225	0.00336	0.00603	0.01855	0.01070	0.01034
39	0.02496	0.02852	0.06239	0.04456	0.05526	0.02674	0.52406	0.03387	0.02496	0.03387	0.02139	0.02852	0.01604	0.00891	0.01248	0.00357	0.01783	0.01248	0.00535	0.01426
40	0.02553	0.02691	0.05317	0.05419	0.29549	0.02597	0.29122	0.03320	0.02454	0.03419	0.02068	0.02741	0.01638	0.00915	0.01153	0.00336	0.01533	0.01103	0.00529	0.01544
41	0.02761	0.58098	0.10347	0.01921	0.02886	0.04023	0.02004	0.03183	0.02156	0.02567	0.01510	0.01746	0.01355	0.00914	0.00709	0.00236	0.01171	0.00585	0.00452	0.01376
42	0.02121	0.05469	0.57364	0.03014	0.04576	0.02455	0.03906	0.03348	0.02232	0.03348	0.01897	0.02232	0.01339	0.01005	0.01005	0.00335	0.01563	0.00781	0.00446	0.01563
43	0.01928	0.16307	0.02425	0.01485	0.01720	0.01961	0.01116	0.02017	0.01691	0.02204	0.02583	0.04813	0.02812	0.34476	0.08071	0.06465	0.05330	0.01177	0.00562	0.00859
44	0.03279	0.02375	0.03466	0.08157	0.27598	0.02441	0.02513	0.12566	0.07253	0.15518	0.02737	0.02937	0.02008	0.01127	0.01055	0.00324	0.01139	0.00990	0.00828	0.01689
45	0.02192	0.01879	0.02192	0.01566	0.02506	0.01409	0.01253	0.02662	0.02192	0.03445	0.01879	0.02192	0.01566	0.00783	0.00783	0.00157	0.00783	0.00626	0.00626	0.69305
46	0.02290	0.02179	0.03702	0.34814	0.30473	0.02426	0.03082	0.02959	0.02253	0.03058	0.01931	0.02723	0.01535	0.01003	0.01052	0.00334	0.01337	0.00941	0.00495	0.01411
47	0.01936	0.01711	0.02927	0.03321	0.15691	0.01665	0.10023	0.02436	0.02321	0.03139	0.04229	0.22421	0.04549	0.02224	0.01294	0.00408	0.01070	0.16654	0.00796	0.01184
48	0.01405	0.01065	0.01295	0.01262	0.01530	0.00955	0.00937	0.01810	0.02741	0.03701	0.38190	0.12775	0.23660	0.02407	0.01256	0.00347	0.00519	0.02093	0.01095	0.00955
49	0.02121	0.05469	0.57364	0.03014	0.04576	0.02455	0.03906	0.03348	0.02232	0.03348	0.01897	0.02232	0.01339	0.01005	0.01005	0.00335	0.01563	0.00781	0.00446	0.01563
50	0.02051	0.01351	0.01620	0.01466	0.01869	0.01288	0.01128	0.02848	0.10344	0.11196	0.30834	0.07252	0.18469	0.02057	0.01197	0.00341	0.00612	0.01764	0.01129	0.01182
51	0.01809	0.01681	0.03118	0.02531	0.02961	0.01590	0.20482	0.02217	0.02085	0.02803	0.03816	0.26132	0.04175	0.16873	0.02292	0.00547	0.01159	0.01979	0.00728	0.01022
52	0.28474	0.02091	0.02185	0.02188	0.07362	0.02331	0.01563	0.04158	0.22304	0.08178	0.06563	0.03223	0.02715	0.01258	0.00924	0.00338	0.00850	0.00975	0.00887	0.01434
53	0.53691	0.02004	0.01947	0.15722	0.03319	0.02366	0.01581	0.03009	0.01876	0.04247	0.01571	0.01986	0.01209	0.01000	0.00752	0.00333	0.00962	0.00662	0.00609	0.01152

[dist]
# distance from previous block
# <min> <max>
0	1

[block]
# block no. 6 follows, 13 sequences, length 67
# corresponding to MSA columns:
# 326-346,348-393
name=unknown_G
#
# <colnr> <probs for GDERKNQSTAVLIFYWHMCP>
#	G	D	E	R	K	N	Q	S	T	A	V	L	I	F	Y	W	H	M	C	P
0	0.01997	0.01879	0.03171	0.60301	0.07282	0.02349	0.02936	0.02701	0.02114	0.02701	0.01879	0.02819	0.01409	0.01057	0.01057	0.00352	0.01409	0.00940	0.00470	0.01175
1	0.02925	0.03428	0.02325	0.02203	0.02630	0.35088	0.01675	0.03235	0.02780	0.02833	0.07909	0.08713	0.10698	0.01769	0.01107	0.00326	0.01403	0.07111	0.00736	0.01106
2	0.01817	0.01400	0.01675	0.01646	0.01965	0.01376	0.01194	0.06248	0.09748	0.03446	0.08124	0.38324	0.05580	0.02500	0.01212	0.00371	0.00701	0.02224	0.00969	0.09480
3	0.01588	0.01057	0.01278	0.01223	0.01482	0.00985	0.00917	0.02063	0.02751	0.04038	0.38878	0.07157	0.12518	0.01986	0.01125	0.00314	0.00501	0.01719	0.17436	0.00985
4	0.02271	0.09460	0.02605	0.01596	0.02531	0.01751	0.01321	0.02724	0.02187	0.03327	0.01829	0.02131	0.01540	0.00798	0.00770	0.00165	0.00826	0.00619	0.00605	0.60943
5	0.03503	0.01965	0.02707	0.02549	0.10822	0.01766	0.01772	0.03952	0.02593	0.29372	0.02977	0.02948	0.02081	0.01131	0.01133	0.00283	0.04796	0.00906	0.00931	0.21812
6	0.03116	0.48450	0.04886	0.02044	0.02856	0.18176	0.01869	0.03438	0.02366	0.02513	0.01512	0.01750	0.01358	0.00952	0.00749	0.00238	0.01330	0.00595	0.00476	0.01323
7	0.04211	0.01812	0.02307	0.01806	0.02536	0.01675	0.01480	0.10577	0.03136	0.42306	0.03855	0.03523	0.02531	0.01292	0.01011	0.00313	0.00867	0.01037	0.12056	0.01669
8	0.01750	0.01232	0.01472	0.01312	0.01728	0.01055	0.01005	0.02158	0.02694	0.07785	0.29396	0.07652	0.24308	0.02105	0.01176	0.00319	0.00578	0.01799	0.01046	0.09430
9	0.01403	0.01024	0.01320	0.01359	0.01551	0.00940	0.00976	0.01773	0.02606	0.03587	0.34551	0.27106	0.12655	0.02607	0.01283	0.00368	0.00542	0.02322	0.01085	0.00940
10	0.19271	0.01854	0.02254	0.01772	0.02554	0.01735	0.01463	0.04700	0.02754	0.45405	0.03573	0.03182	0.02291	0.01236	0.00973	0.00327	0.00882	0.00955	0.01164	0.01654
11	0.04143	0.01623	0.02135	0.01687	0.02381	0.01431	0.01377	0.04570	0.02851	0.45483	0.04015	0.03673	0.02637	0.01292	0.00993	0.00310	0.00811	0.01046	0.15918	0.01623
12	0.70310	0.02045	0.01554	0.01390	0.02045	0.02372	0.01145	0.03108	0.01799	0.04744	0.01472	0.01718	0.01145	0.00981	0.00654	0.00327	0.00818	0.00573	0.00654	0.01145
13	0.21366	0.02542	0.03543	0.02674	0.03531	0.02649	0.16360	0.19292	0.03166	0.11392	0.02339	0.02541	0.01668	0.01087	0.01006	0.00333	0.01219	0.00950	0.00829	0.01516
14	0.02543	0.02180	0.02316	0.02089	0.02660	0.02505	0.01622	0.05341	0.50413	0.04409	0.08230	0.04247	0.03743	0.01490	0.01089	0.00357	0.00811	0.01250	0.01083	0.01622
15	0.03963	0.02586	0.02884	0.02262	0.03062	0.02781	0.01852	0.34326	0.12421	0.17796	0.03194	0.03005	0.02214	0.01305	0.01062	0.00326	0.01051	0.01016	0.01118	0.01778
