[name]
unknown

[dist]
# distance from previous block
# <min> <max>
2	449

[block]
# block no. 0 follows, 11 sequences, length 44
# corresponding to MSA columns:
# 594-637
name=unknown_A
#
# <colnr> <probs for GDERKNQSTAVLIFYWHMCP>
#	G	D	E	R	K	N	Q	S	T	A	V	L	I	F	Y	W	H	M	C	P
0	0.03372	0.02973	0.04547	0.03713	0.08789	0.03097	0.19112	0.23371	0.10038	0.05228	0.02739	0.03022	0.02024	0.01198	0.01200	0.00358	0.01439	0.01159	0.00878	0.01743
1	0.10081	0.01278	0.01365	0.01304	0.01675	0.01202	0.00992	0.02054	0.02751	0.03940	0.28142	0.08619	0.27897	0.02379	0.01247	0.00365	0.00592	0.02000	0.01085	0.01033
2	0.04434	0.02553	0.09358	0.02226	0.03180	0.02012	0.02023	0.08470	0.07554	0.39874	0.04016	0.03595	0.02606	0.01360	0.01125	0.00352	0.01063	0.01097	0.01234	0.01871
3	0.03050	0.01638	0.01853	0.01627	0.02147	0.01672	0.01277	0.04259	0.15651	0.17292	0.04113	0.04102	0.03006	0.01390	0.00972	0.00316	0.00734	0.01130	0.32301	0.01469
4	0.68395	0.02177	0.01654	0.01480	0.02177	0.02525	0.01219	0.03309	0.01915	0.05050	0.01567	0.01828	0.01219	0.01045	0.00697	0.00348	0.00871	0.00609	0.00697	0.01219
5	0.04483	0.02217	0.02715	0.02109	0.02905	0.02166	0.01710	0.18736	0.03707	0.34664	0.03818	0.03824	0.02643	0.07073	0.01573	0.00417	0.01057	0.01144	0.01242	0.01796
6	0.03965	0.04977	0.03211	0.09210	0.03971	0.49778	0.02284	0.04308	0.03082	0.02769	0.01770	0.02141	0.01456	0.01156	0.01028	0.00300	0.01969	0.00757	0.00571	0.01299
7	0.02462	0.02462	0.03447	0.02955	0.02955	0.03447	0.02462	0.02709	0.01724	0.02709	0.01477	0.02462	0.01477	0.01970	0.03694	0.00492	0.58385	0.00985	0.00492	0.01231
8	0.02800	0.02418	0.02545	0.02291	0.02927	0.02800	0.01782	0.05981	0.51390	0.04708	0.04581	0.04199	0.03436	0.01527	0.01145	0.00382	0.00891	0.01273	0.01145	0.01782
9	0.01425	0.01036	0.01352	0.01561	0.01689	0.00963	0.01097	0.01685	0.02315	0.03065	0.10435	0.46890	0.11784	0.03328	0.01429	0.00447	0.00670	0.06830	0.01060	0.00940
10	0.04453	0.01783	0.02421	0.01901	0.02668	0.01552	0.01552	0.04905	0.03215	0.45628	0.12791	0.04621	0.04138	0.01550	0.01166	0.00349	0.00884	0.01288	0.01366	0.01768
11	0.01425	0.01144	0.01271	0.01239	0.01578	0.00990	0.00929	0.01798	0.02788	0.03570	0.26291	0.09961	0.37747	0.02653	0.01329	0.00371	0.00556	0.02253	0.01115	0.00990
12	0.11417	0.13520	0.03443	0.02213	0.03073	0.03188	0.01880	0.24391	0.08167	0.13713	0.02822	0.02760	0.02031	0.01267	0.01004	0.00327	0.01111	0.00934	0.01003	0.01735
13	0.02173	0.04681	0.40180	0.13297	0.05124	0.02452	0.03684	0.03305	0.02426	0.03521	0.06610	0.03039	0.02271	0.01191	0.01103	0.00360	0.01530	0.00972	0.00549	0.01531
14	0.14138	0.07330	0.02424	0.01858	0.02440	0.02350	0.01471	0.09012	0.14374	0.09053	0.04139	0.11247	0.06575	0.06956	0.01485	0.00428	0.00928	0.01410	0.00968	0.01416
15	0.68395	0.02177	0.01654	0.01480	0.02177	0.02525	0.01219	0.03309	0.01915	0.05050	0.01567	0.01828	0.01219	0.01045	0.00697	0.00348	0.00871	0.00609	0.00697	0.01219
16	0.14699	0.02536	0.03704	0.13027	0.04502	0.02684	0.12960	0.14967	0.03191	0.13049	0.02569	0.02873	0.01816	0.01171	0.01099	0.00358	0.01328	0.01034	0.00852	0.01580
17	0.01371	0.00979	0.01306	0.01567	0.01632	0.00914	0.01045	0.01567	0.02155	0.02873	0.06203	0.59710	0.07444	0.03526	0.01437	0.00457	0.00653	0.03200	0.01045	0.00914
18	0.01835	0.01030	0.01432	0.01432	0.01450	0.01048	0.00935	0.01563	0.01545	0.02078	0.02491	0.04601	0.02623	0.19924	0.09489	0.43005	0.01195	0.01180	0.00553	0.00589
19	0.04266	0.02637	0.02993	0.02354	0.03199	0.02794	0.01925	0.28244	0.12596	0.21488	0.03573	0.03315	0.02451	0.01395	0.01131	0.00349	0.01090	0.01095	0.01213	0.01892
20	0.02098	0.01049	0.01049	0.01049	0.01311	0.01049	0.00787	0.02623	0.02360	0.04196	0.03672	0.04196	0.02885	0.01311	0.00787	0.00262	0.00525	0.01049	0.66693	0.01049
21	0.68395	0.02177	0.01654	0.01480	0.02177	0.02525	0.01219	0.03309	0.01915	0.05050	0.01567	0.01828	0.01219	0.01045	0.00697	0.00348	0.00871	0.00609	0.00697	0.01219
22	0.02245	0.02138	0.03522	0.44835	0.12390	0.02643	0.03078	0.02921	0.02219	0.02946	0.01947	0.02907	0.01530	0.01220	0.01455	0.00386	0.08807	0.00999	0.00506	0.01309
23	0.52742	0.02954	0.02029	0.01826	0.02494	0.15547	0.01452	0.03598	0.02226	0.04490	0.01609	0.01877	0.01275	0.01073	0.00774	0.00334	0.01153	0.00638	0.00668	0.01240
24	0.02709	0.02341	0.03482	0.39799	0.10749	0.02757	0.02914	0.14338	0.03020	0.03975	0.02182	0.02909	0.01626	0.01170	0.01124	0.00362	0.01422	0.01004	0.00658	0.01459
25	0.02940	0.07588	0.04032	0.03499	0.09820	0.09418	0.06626	0.07669	0.02472	0.03336	0.01786	0.02476	0.01573	0.01523	0.02361	0.00404	0.29522	0.00960	0.00578	0.01419
26	0.68395	0.02177	0.01654	0.01480	0.02177	0.02525	0.01219	0.03309	0.01915	0.05050	0.01567	0.01828	0.01219	0.01045	0.00697	0.00348	0.00871	0.00609	0.00697	0.01219
27	0.02657	0.03036	0.06641	0.04744	0.05882	0.02846	0.49336	0.03605	0.02657	0.03605	0.02277	0.03036	0.01708	0.00949	0.01328	0.00380	0.01898	0.01328	0.00569	0.01518
28	0.01371	0.00979	0.01306	0.01567	0.01632	0.00914	0.01045	0.01567	0.02155	0.02873	0.06203	0.59710	0.07444	0.03526	0.01437	0.00457	0.00653	0.03200	0.01045	0.00914
29	0.68395	0.02177	0.01654	0.01480	0.02177	0.02525	0.01219	0.03309	0.01915	0.05050	0.01567	0.01828	0.01219	0.01045	0.00697	0.00348	0.00871	0.00609	0.00697	0.01219
30	0.02139	0.01846	0.02383	0.02187	0.02363	0.02233	0.01716	0.07568	0.02396	0.03314	0.04571	0.23857	0.10273	0.02564	0.02294	0.00448	0.23902	0.01952	0.00832	0.01161
31	0.68395	0.02177	0.01654	0.01480	0.02177	0.02525	0.01219	0.03309	0.01915	0.05050	0.01567	0.01828	0.01219	0.01045	0.00697	0.00348	0.00871	0.00609	0.00697	0.01219
32	0.03048	0.02876	0.02746	0.02437	0.02866	0.15512	0.01917	0.04139	0.15503	0.07956	0.07466	0.03659	0.03063	0.02220	0.06651	0.00507	0.14044	0.01127	0.00845	0.01419
33	0.01971	0.01709	0.01907	0.08828	0.02471	0.05875	0.01335	0.02144	0.01931	0.02453	0.03660	0.06123	0.07567	0.36291	0.04140	0.00804	0.07765	0.01473	0.00661	0.00891
34	0.02663	0.09854	0.03279	0.12667	0.03670	0.07032	0.02207	0.03054	0.02263	0.07357	0.02768	0.09962	0.02674	0.01836	0.01962	0.00407	0.19642	0.04739	0.00686	0.01277
35	0.03009	0.61122	0.05898	0.01926	0.02889	0.04454	0.01926	0.03370	0.02287	0.02648	0.01565	0.01805	0.01444	0.00963	0.00722	0.00241	0.01204	0.00602	0.00481	0.01444
36	0.15855	0.03077	0.09925	0.02337	0.03169	0.07258	0.02111	0.10249	0.08547	0.17539	0.02884	0.02883	0.02043	0.01318	0.01235	0.00358	0.05713	0.00946	0.00928	0.01626
37	0.29729	0.02257	0.02374	0.01921	0.02647	0.02422	0.01581	0.09534	0.02641	0.13930	0.02309	0.02470	0.01704	0.01220	0.01200	0.00333	0.07546	0.00811	0.00853	0.12518
38	0.02491	0.09475	0.02982	0.17556	0.04010	0.02105	0.01907	0.03018	0.02431	0.07940	0.05924	0.07143	0.02719	0.01278	0.01006	0.00285	0.01047	0.01071	0.00728	0.24883
39	0.01421	0.01000	0.01291	0.01504	0.01557	0.00947	0.00977	0.01580	0.02059	0.02745	0.05711	0.50000	0.06822	0.14085	0.02233	0.00575	0.00734	0.02910	0.00977	0.00871
40	0.02834	0.02307	0.03510	0.14958	0.04531	0.02483	0.11426	0.08165	0.15421	0.08885	0.03573	0.04728	0.02898	0.01518	0.01231	0.00392	0.01280	0.07430	0.00897	0.01533
41	0.01960	0.01740	0.02714	0.36187	0.05536	0.01967	0.02364	0.02536	0.02237	0.02977	0.03073	0.17384	0.03038	0.01700	0.01167	0.00369	0.01198	0.01518	0.00661	0.09673
42	0.01523	0.01103	0.01325	0.01342	0.01595	0.01000	0.00979	0.01918	0.02731	0.03752	0.27667	0.19429	0.20434	0.02614	0.01302	0.00374	0.00566	0.02280	0.07065	0.01000
43	0.02712	0.12975	0.20442	0.02563	0.03520	0.02837	0.02667	0.03387	0.02277	0.08106	0.02044	0.02438	0.01613	0.01263	0.01619	0.00338	0.15213	0.00833	0.00601	0.12551

[dist]
# distance from previous block
# <min> <max>
0	1

[block]
# block no. 1 follows, 11 sequences, length 44
# corresponding to MSA columns:
# 639-682
name=unknown_B
#
# <colnr> <probs for GDERKNQSTAVLIFYWHMCP>
#	G	D	E	R	K	N	Q	S	T	A	V	L	I	F	Y	W	H	M	C	P
0	0.04179	0.02427	0.02645	0.02191	0.02951	0.07339	0.01750	0.05562	0.20099	0.31849	0.04227	0.03785	0.02884	0.01417	0.01125	0.00354	0.01039	0.01142	0.01227	0.01809
1	0.01364	0.01007	0.01277	0.01493	0.01613	0.00920	0.01012	0.01576	0.02226	0.02902	0.07102	0.51261	0.15313	0.03409	0.01418	0.00444	0.00639	0.03057	0.01045	0.00920
2	0.02320	0.02902	0.13010	0.33668	0.15349	0.02586	0.07868	0.03174	0.02369	0.03215	0.02052	0.02854	0.01559	0.01076	0.01133	0.00365	0.01538	0.01003	0.00513	0.01446
3	0.56998	0.02226	0.01964	0.01735	0.02311	0.02684	0.01434	0.03205	0.01882	0.04645	0.01552	0.01938	0.01264	0.01205	0.01215	0.00373	0.10812	0.00674	0.00661	0.01221
4	0.02069	0.02223	0.11037	0.02175	0.02734	0.01707	0.02074	0.07082	0.02839	0.03888	0.12971	0.08295	0.05505	0.03011	0.07195	0.00581	0.01286	0.21159	0.00938	0.01231
5	0.02614	0.02544	0.03369	0.37256	0.06070	0.08321	0.02816	0.07688	0.02563	0.03256	0.01955	0.02779	0.01533	0.01294	0.01548	0.00382	0.11154	0.00970	0.00570	0.01319
6	0.01544	0.01149	0.01437	0.01365	0.01652	0.01041	0.01024	0.02029	0.03071	0.04240	0.45125	0.08858	0.18496	0.02403	0.01328	0.00359	0.00538	0.02099	0.01203	0.01041
7	0.01802	0.01376	0.01684	0.01599	0.01915	0.01380	0.01198	0.02807	0.12318	0.04387	0.38931	0.12723	0.08926	0.02275	0.01303	0.00370	0.00612	0.02006	0.01202	0.01185
8	0.03739	0.02665	0.03243	0.08567	0.08089	0.02912	0.02232	0.31284	0.04168	0.10933	0.02795	0.03033	0.02042	0.02010	0.06603	0.00489	0.01422	0.01043	0.00987	0.01743
9	0.04150	0.01716	0.02324	0.01850	0.02563	0.01500	0.01500	0.04610	0.03212	0.41266	0.17039	0.05022	0.04826	0.01629	0.01183	0.00350	0.00847	0.01367	0.01353	0.01693
10	0.03675	0.01861	0.02351	0.01897	0.02556	0.01768	0.01528	0.12129	0.03576	0.28046	0.21457	0.05269	0.05436	0.01711	0.01201	0.00348	0.00855	0.01434	0.01290	0.01610
11	0.04521	0.01760	0.02332	0.01832	0.02594	0.01546	0.01499	0.04973	0.03067	0.45249	0.04303	0.03896	0.02804	0.01378	0.01070	0.00333	0.00880	0.01117	0.13085	0.01760
12	0.68395	0.02177	0.01654	0.01480	0.02177	0.02525	0.01219	0.03309	0.01915	0.05050	0.01567	0.01828	0.01219	0.01045	0.00697	0.00348	0.00871	0.00609	0.00697	0.01219
13	0.31875	0.02029	0.02520	0.11569	0.03502	0.02201	0.06678	0.03224	0.02353	0.09087	0.07640	0.03726	0.06680	0.01351	0.00993	0.00359	0.01040	0.01086	0.00797	0.01287
14	0.03897	0.02933	0.03625	0.02824	0.03680	0.08392	0.10685	0.17740	0.12259	0.17116	0.03281	0.03235	0.02311	0.01298	0.01156	0.00351	0.01314	0.01116	0.01034	0.01753
15	0.02462	0.02462	0.03447	0.02955	0.02955	0.03447	0.02462	0.02709	0.01724	0.02709	0.01477	0.02462	0.01477	0.01970	0.03694	0.00492	0.58385	0.00985	0.00492	0.01231
16	0.04125	0.03076	0.03291	0.02559	0.03432	0.03418	0.02102	0.45123	0.10090	0.06845	0.02898	0.02858	0.02072	0.01369	0.01128	0.00342	0.01202	0.01040	0.01128	0.01900
17	0.01578	0.01147	0.01504	0.01556	0.01791	0.01074	0.01195	0.02027	0.02833	0.03876	0.31872	0.18853	0.12272	0.02728	0.01393	0.00408	0.00658	0.11067	0.01149	0.01022
18	0.03735	0.01529	0.01916	0.01578	0.02177	0.01385	0.01268	0.04210	0.02838	0.31924	0.04098	0.03994	0.02830	0.01357	0.00978	0.00310	0.00765	0.01095	0.30486	0.01529
19	0.01361	0.01018	0.01266	0.01464	0.01605	0.00923	0.00999	0.01579	0.02254	0.02914	0.07459	0.47901	0.18442	0.03363	0.01411	0.00438	0.00633	0.03001	0.01045	0.00923
20	0.03965	0.02271	0.02664	0.02193	0.02963	0.02360	0.01763	0.10419	0.24903	0.27127	0.04318	0.03875	0.02983	0.01448	0.01137	0.00362	0.00958	0.01182	0.01254	0.01856
21	0.04179	0.19613	0.03844	0.02190	0.03099	0.03128	0.01907	0.20693	0.03691	0.22307	0.02980	0.02836	0.02083	0.01253	0.01010	0.00313	0.01130	0.00935	0.01032	0.01778
22	0.02823	0.48871	0.04909	0.01747	0.02567	0.03759	0.01694	0.03218	0.02302	0.02964	0.01994	0.02293	0.01738	0.01034	0.00735	0.00245	0.01065	0.00693	0.13984	0.01364
23	0.68395	0.02177	0.01654	0.01480	0.02177	0.02525	0.01219	0.03309	0.01915	0.05050	0.01567	0.01828	0.01219	0.01045	0.00697	0.00348	0.00871	0.00609	0.00697	0.01219
24	0.03821	0.03310	0.03554	0.08209	0.12493	0.11343	0.02458	0.30626	0.04230	0.05465	0.02391	0.02639	0.01784	0.01242	0.01107	0.00333	0.01400	0.00966	0.00889	0.01739
25	0.01463	0.01083	0.01366	0.01426	0.01635	0.00986	0.01020	0.01824	0.02685	0.03633	0.27875	0.28404	0.16728	0.02864	0.01370	0.00398	0.00584	0.02539	0.01131	0.00986
26	0.01779	0.01041	0.01334	0.01334	0.01334	0.01041	0.00814	0.01561	0.01561	0.02081	0.02837	0.05608	0.03140	0.35257	0.05136	0.30568	0.01041	0.01343	0.00596	0.00596
27	0.03521	0.02644	0.02853	0.02376	0.03127	0.02957	0.01901	0.21836	0.30683	0.09620	0.03886	0.03625	0.02829	0.01452	0.01137	0.00363	0.01023	0.01167	0.01158	0.01841
28	0.01955	0.00978	0.01466	0.01466	0.01466	0.00978	0.00978	0.01466	0.01466	0.01955	0.01955	0.03421	0.01955	0.03910	0.04399	0.67253	0.00978	0.00978	0.00489	0.00489
29	0.68395	0.02177	0.01654	0.01480	0.02177	0.02525	0.01219	0.03309	0.01915	0.05050	0.01567	0.01828	0.01219	0.01045	0.00697	0.00348	0.00871	0.00609	0.00697	0.01219
30	0.03441	0.37397	0.04456	0.01940	0.02773	0.08360	0.01772	0.03827	0.02570	0.13337	0.02392	0.02495	0.01872	0.01106	0.00840	0.00270	0.01159	0.00769	0.07739	0.01485
31	0.27908	0.01629	0.01550	0.01378	0.01912	0.01717	0.01102	0.03379	0.02339	0.13166	0.03001	0.03229	0.02232	0.01224	0.00812	0.00310	0.00731	0.00896	0.30220	0.01264
32	0.03194	0.02504	0.03648	0.21982	0.10042	0.02754	0.06963	0.16197	0.07545	0.09799	0.02714	0.03095	0.01966	0.01221	0.01146	0.00359	0.01339	0.01073	0.00833	0.01625
33	0.02134	0.01897	0.02936	0.08742	0.16054	0.02205	0.02235	0.02566	0.02013	0.02888	0.02441	0.03792	0.02295	0.10085	0.20859	0.00954	0.12960	0.01136	0.00568	0.01241
34	0.68395	0.02177	0.01654	0.01480	0.02177	0.02525	0.01219	0.03309	0.01915	0.05050	0.01567	0.01828	0.01219	0.01045	0.00697	0.00348	0.00871	0.00609	0.00697	0.01219
35	0.02657	0.03036	0.06641	0.04744	0.05882	0.02846	0.49336	0.03605	0.02657	0.03605	0.02277	0.03036	0.01708	0.00949	0.01328	0.00380	0.01898	0.01328	0.00569	0.01518
36	0.01371	0.00979	0.01306	0.01567	0.01632	0.00914	0.01045	0.01567	0.02155	0.02873	0.06203	0.59710	0.07444	0.03526	0.01437	0.00457	0.00653	0.03200	0.01045	0.00914
37	0.68395	0.02177	0.01654	0.01480	0.02177	0.02525	0.01219	0.03309	0.01915	0.05050	0.01567	0.01828	0.01219	0.01045	0.00697	0.00348	0.00871	0.00609	0.00697	0.01219
38	0.01997	0.01863	0.02834	0.02527	0.02678	0.02255	0.06831	0.02296	0.02015	0.02878	0.03668	0.28029	0.04160	0.02554	0.02436	0.00465	0.26638	0.02008	0.00747	0.01121
39	0.32505	0.02296	0.02578	0.02662	0.11578	0.02386	0.01793	0.08174	0.02630	0.13354	0.02318	0.02484	0.01705	0.01105	0.00902	0.00325	0.01000	0.00815	0.00831	0.08559
40	0.03166	0.28832	0.05667	0.03057	0.04072	0.03523	0.19791	0.07989	0.02787	0.07735	0.02180	0.02523	0.01700	0.01030	0.01023	0.00311	0.01448	0.00959	0.00651	0.01556
41	0.01564	0.07257	0.01804	0.01589	0.01768	0.01297	0.01138	0.01810	0.02272	0.03014	0.10376	0.48561	0.07137	0.03137	0.01351	0.00424	0.00698	0.02813	0.01006	0.00984
42	0.03154	0.02531	0.08257	0.07579	0.03903	0.02332	0.10680	0.04098	0.10035	0.17238	0.03055	0.03346	0.02225	0.01603	0.01776	0.07342	0.07359	0.01118	0.00851	0.01520
43	0.09350	0.02159	0.07799	0.02043	0.02705	0.01743	0.05526	0.03610	0.02422	0.22320	0.03432	0.04632	0.02853	0.21452	0.02670	0.00605	0.01147	0.01240	0.00920	0.01369

[dist]
# distance from previous block
# <min> <max>
18	218

[block]
# block no. 2 follows, 11 sequences, length 17
# corresponding to MSA columns:
# 916-932
name=unknown_C
#
# <colnr> <probs for GDERKNQSTAVLIFYWHMCP>
#	G	D	E	R	K	N	Q	S	T	A	V	L	I	F	Y	W	H	M	C	P
0	0.02116	0.01632	0.02143	0.18457	0.03638	0.01819	0.01730	0.06390	0.07122	0.03568	0.04241	0.13722	0.07571	0.07453	0.01577	0.00435	0.00989	0.01576	0.12641	0.01182
1	0.01941	0.01250	0.01628	0.09760	0.02513	0.01329	0.01353	0.02488	0.02452	0.03809	0.11698	0.05661	0.04337	0.02328	0.06311	0.00471	0.00966	0.06116	0.32514	0.01076
2	0.02211	0.02087	0.03529	0.51196	0.13632	0.02523	0.03168	0.02950	0.02291	0.02979	0.02016	0.02973	0.01537	0.01110	0.01124	0.00370	0.01479	0.01001	0.00507	0.01319
3	0.02997	0.01472	0.01891	0.01602	0.02150	0.01288	0.01266	0.03432	0.03062	0.25211	0.23040	0.07016	0.16823	0.02040	0.01245	0.00357	0.00720	0.01729	0.01261	0.01398
4	0.02776	0.01563	0.02020	0.01788	0.02269	0.01486	0.01441	0.07589	0.03299	0.17355	0.27856	0.07388	0.07087	0.02109	0.01295	0.00378	0.00792	0.08914	0.01234	0.01359
5	0.02387	0.02524	0.05034	0.10824	0.05122	0.02552	0.30633	0.03171	0.02607	0.03583	0.10869	0.03902	0.03194	0.01301	0.01526	0.00385	0.06966	0.01375	0.00668	0.01378
6	0.02932	0.01452	0.01903	0.01618	0.02135	0.01284	0.01274	0.03398	0.03132	0.24014	0.29154	0.06862	0.12149	0.02002	0.01250	0.00355	0.00704	0.01715	0.01279	0.01387
7	0.04333	0.02279	0.03115	0.02415	0.03219	0.02273	0.05640	0.11741	0.07458	0.34555	0.03770	0.03515	0.02514	0.01411	0.01363	0.00364	0.05902	0.01130	0.01190	0.01814
8	0.03266	0.01392	0.01667	0.01426	0.01929	0.01289	0.01130	0.03755	0.02701	0.23983	0.03976	0.04052	0.02846	0.01344	0.00923	0.00296	0.00696	0.01082	0.40855	0.01392
9	0.68395	0.02177	0.01654	0.01480	0.02177	0.02525	0.01219	0.03309	0.01915	0.05050	0.01567	0.01828	0.01219	0.01045	0.00697	0.00348	0.00871	0.00609	0.00697	0.01219
10	0.24599	0.01996	0.02316	0.01841	0.02658	0.01923	0.01520	0.04813	0.02818	0.39034	0.03554	0.03213	0.02302	0.01286	0.00998	0.00348	0.00931	0.00971	0.01178	0.01700
11	0.10804	0.03488	0.03464	0.02821	0.03591	0.19262	0.09716	0.12003	0.11610	0.08273	0.02671	0.02800	0.01991	0.01226	0.01082	0.00339	0.01470	0.00986	0.00843	0.01561
12	0.02462	0.02462	0.03447	0.02955	0.02955	0.03447	0.02462	0.02709	0.01724	0.02709	0.01477	0.02462	0.01477	0.01970	0.03694	0.00492	0.58385	0.00985	0.00492	0.01231
13	0.03511	0.02771	0.02945	0.02434	0.03198	0.03132	0.01954	0.26986	0.29227	0.05855	0.03678	0.03480	0.02704	0.01442	0.01136	0.00361	0.01058	0.01148	0.01136	0.01845
14	0.02063	0.01137	0.01427	0.01468	0.01712	0.01062	0.01056	0.02414	0.02460	0.10014	0.10397	0.32089	0.05975	0.02526	0.01212	0.00380	0.00645	0.02232	0.18636	0.01095
15	0.02641	0.01362	0.01782	0.01551	0.01991	0.01232	0.01207	0.03144	0.03118	0.18868	0.34178	0.06685	0.07621	0.01945	0.01220	0.00344	0.00654	0.01681	0.07468	0.01308
16	0.01371	0.00979	0.01306	0.01567	0.01632	0.00914	0.01045	0.01567	0.02155	0.02873	0.06203	0.59710	0.07444	0.03526	0.01437	0.00457	0.00653	0.03200	0.01045	0.00914

[dist]
# distance from previous block
# <min> <max>
0	231

# created by:
# /st0/software/busco_prod/Augustus/scripts/msa2prfl.pl ./align_prep/4194.fa
