[name]
unknown

[dist]
# distance from previous block
# <min> <max>
0	17

[block]
# block no. 0 follows, 12 sequences, length 143
# corresponding to MSA columns:
# 17-159
name=unknown_A
#
# <colnr> <probs for GDERKNQSTAVLIFYWHMCP>
#	G	D	E	R	K	N	Q	S	T	A	V	L	I	F	Y	W	H	M	C	P
0	0.01815	0.01182	0.01553	0.01687	0.01949	0.01107	0.01340	0.02169	0.02421	0.07705	0.06616	0.27257	0.14452	0.02955	0.01395	0.00445	0.00798	0.21088	0.01039	0.01027
1	0.02464	0.02392	0.04066	0.23136	0.21615	0.02584	0.11382	0.03593	0.10810	0.03456	0.02439	0.03040	0.01890	0.01087	0.01125	0.00353	0.01372	0.01070	0.00618	0.01509
2	0.01335	0.01106	0.01169	0.01153	0.01501	0.00940	0.00865	0.01654	0.02594	0.03204	0.18896	0.10067	0.46425	0.02665	0.01288	0.00364	0.00545	0.02241	0.01047	0.00940
3	0.04892	0.01856	0.02530	0.01940	0.02783	0.01603	0.01603	0.05314	0.03121	0.55634	0.04302	0.03711	0.02699	0.01350	0.01096	0.00337	0.00928	0.01096	0.01350	0.01856
4	0.01463	0.01111	0.01346	0.01288	0.01580	0.00995	0.00966	0.01902	0.02897	0.03923	0.40681	0.08884	0.24191	0.02397	0.01287	0.00351	0.00526	0.02076	0.01141	0.00995
5	0.02187	0.05640	0.56031	0.03108	0.04719	0.02532	0.04029	0.03453	0.02302	0.03453	0.01957	0.02302	0.01381	0.01036	0.01036	0.00345	0.01611	0.00806	0.00460	0.01611
6	0.69383	0.02109	0.01603	0.01434	0.02109	0.02446	0.01181	0.03205	0.01856	0.04892	0.01518	0.01771	0.01181	0.01012	0.00675	0.00337	0.00843	0.00590	0.00675	0.01181
7	0.02033	0.01016	0.01016	0.01016	0.01270	0.01016	0.00762	0.02541	0.02287	0.04065	0.03557	0.04065	0.02795	0.01270	0.00762	0.00254	0.00508	0.01016	0.67734	0.01016
8	0.17473	0.01267	0.01151	0.01112	0.01463	0.01344	0.00858	0.02693	0.02188	0.04255	0.03090	0.03539	0.02425	0.01211	0.00742	0.00273	0.00585	0.00919	0.52360	0.01054
9	0.02385	0.02385	0.03340	0.02863	0.02863	0.03340	0.02385	0.02624	0.01670	0.02624	0.01431	0.02385	0.01431	0.01908	0.03578	0.00477	0.59685	0.00954	0.00477	0.01193
10	0.69383	0.02109	0.01603	0.01434	0.02109	0.02446	0.01181	0.03205	0.01856	0.04892	0.01518	0.01771	0.01181	0.01012	0.00675	0.00337	0.00843	0.00590	0.00675	0.01181
11	0.02251	0.10627	0.51605	0.02998	0.04550	0.02689	0.03838	0.03436	0.02294	0.03375	0.01918	0.02253	0.01383	0.01027	0.01006	0.00335	0.01572	0.00786	0.00461	0.01593
12	0.01328	0.00949	0.01265	0.01518	0.01581	0.00886	0.01012	0.01518	0.02088	0.02783	0.06010	0.60969	0.07212	0.03416	0.01392	0.00443	0.00633	0.03100	0.01012	0.00886
13	0.02854	0.57598	0.09919	0.01969	0.02959	0.04165	0.02046	0.03281	0.02223	0.02639	0.01553	0.01795	0.01398	0.00941	0.00728	0.00243	0.01203	0.00602	0.00466	0.01417
14	0.03449	0.02461	0.03342	0.12357	0.21539	0.07144	0.02476	0.04205	0.06916	0.20627	0.02943	0.03113	0.02111	0.01170	0.01081	0.00334	0.01222	0.01010	0.00848	0.01650
15	0.01289	0.01105	0.01105	0.01105	0.01473	0.00920	0.00828	0.01565	0.02485	0.02946	0.11046	0.10493	0.54437	0.02761	0.01289	0.00368	0.00552	0.02301	0.01013	0.00920
16	0.01558	0.01168	0.01752	0.01752	0.01947	0.01363	0.01363	0.01947	0.01752	0.02531	0.02921	0.04283	0.02726	0.08178	0.57360	0.01752	0.02921	0.01168	0.00584	0.00974
17	0.10184	0.02560	0.10640	0.02123	0.03070	0.01977	0.01975	0.08924	0.03061	0.38835	0.03547	0.03226	0.02288	0.01268	0.01049	0.00338	0.01048	0.00997	0.01131	0.01758
18	0.03610	0.02142	0.02492	0.02104	0.02814	0.02255	0.01675	0.05596	0.32404	0.25595	0.04382	0.03921	0.03069	0.01426	0.01104	0.00356	0.00890	0.01177	0.01208	0.01779
19	0.01499	0.01098	0.01444	0.01659	0.01845	0.01043	0.01292	0.01831	0.02321	0.03005	0.06660	0.33405	0.13836	0.03152	0.01424	0.00456	0.00774	0.21308	0.01009	0.00940
20	0.03086	0.03050	0.13061	0.04106	0.13777	0.02416	0.23053	0.03893	0.02644	0.15912	0.02637	0.02978	0.01873	0.01050	0.01164	0.00349	0.01487	0.01107	0.00725	0.01631
21	0.02488	0.02462	0.07960	0.02957	0.07232	0.02704	0.02397	0.02889	0.02021	0.07551	0.02464	0.07672	0.02370	0.01898	0.02590	0.00439	0.35265	0.04702	0.00639	0.01298
22	0.01325	0.00962	0.01252	0.01484	0.01572	0.00889	0.00997	0.01522	0.02121	0.02797	0.06430	0.56751	0.11158	0.03361	0.01383	0.00437	0.00626	0.03033	0.01012	0.00889
23	0.02576	0.05107	0.47260	0.02958	0.04445	0.02514	0.03664	0.07257	0.02590	0.08351	0.02215	0.02451	0.01534	0.01085	0.01045	0.00343	0.01519	0.00845	0.00587	0.01652
24	0.02545	0.02744	0.08822	0.13441	0.18081	0.02556	0.14439	0.07078	0.07353	0.03810	0.06104	0.03271	0.02410	0.01148	0.01146	0.00349	0.01377	0.01130	0.00669	0.01528
25	0.02536	0.02154	0.03666	0.18148	0.25486	0.02221	0.06962	0.03186	0.02571	0.08129	0.10763	0.03750	0.03136	0.01235	0.01136	0.00342	0.01223	0.01173	0.00707	0.01474
26	0.02286	0.10441	0.47197	0.03128	0.04635	0.02710	0.07961	0.03440	0.02318	0.03378	0.01939	0.02309	0.01407	0.01016	0.01028	0.00337	0.01592	0.00828	0.00469	0.01580
27	0.41740	0.02812	0.02461	0.02629	0.11134	0.12350	0.01771	0.07091	0.02429	0.04426	0.01720	0.02024	0.01362	0.01048	0.00828	0.00324	0.01146	0.00703	0.00664	0.01337
28	0.02075	0.01852	0.02781	0.12637	0.20586	0.01912	0.02163	0.02854	0.07014	0.03610	0.16299	0.05501	0.12966	0.01645	0.01169	0.00347	0.00968	0.01463	0.00820	0.01336
29	0.02927	0.02277	0.03649	0.04966	0.36704	0.02184	0.02663	0.03510	0.02624	0.12420	0.07069	0.03315	0.02643	0.01133	0.01077	0.00313	0.01120	0.01053	0.00745	0.07607
30	0.01312	0.01105	0.01137	0.01129	0.01487	0.00930	0.00847	0.01610	0.02540	0.03075	0.14976	0.10280	0.50426	0.02713	0.01288	0.00366	0.00549	0.02271	0.01030	0.00930
31	0.02915	0.62337	0.05714	0.01866	0.02799	0.04314	0.01866	0.03265	0.02215	0.02565	0.01516	0.01749	0.01399	0.00933	0.00700	0.00233	0.01166	0.00583	0.00466	0.01399
32	0.01328	0.00949	0.01265	0.01518	0.01581	0.00886	0.01012	0.01518	0.02088	0.02783	0.06010	0.60969	0.07212	0.03416	0.01392	0.00443	0.00633	0.03100	0.01012	0.00886
33	0.01328	0.00949	0.01265	0.01518	0.01581	0.00886	0.01012	0.01518	0.02088	0.02783	0.06010	0.60969	0.07212	0.03416	0.01392	0.00443	0.00633	0.03100	0.01012	0.00886
34	0.01289	0.01105	0.01105	0.01105	0.01473	0.00920	0.00828	0.01565	0.02485	0.02946	0.11046	0.10493	0.54437	0.02761	0.01289	0.00368	0.00552	0.02301	0.01013	0.00920
35	0.02221	0.01199	0.01218	0.01150	0.01459	0.01228	0.00879	0.06898	0.02541	0.04316	0.03473	0.03936	0.02711	0.01274	0.00792	0.00261	0.00570	0.01013	0.61772	0.01091
36	0.02033	0.01016	0.01016	0.01016	0.01270	0.01016	0.00762	0.02541	0.02287	0.04065	0.03557	0.04065	0.02795	0.01270	0.00762	0.00254	0.00508	0.01016	0.67734	0.01016
37	0.69383	0.02109	0.01603	0.01434	0.02109	0.02446	0.01181	0.03205	0.01856	0.04892	0.01518	0.01771	0.01181	0.01012	0.00675	0.00337	0.00843	0.00590	0.00675	0.01181
38	0.02915	0.62337	0.05714	0.01866	0.02799	0.04314	0.01866	0.03265	0.02215	0.02565	0.01516	0.01749	0.01399	0.00933	0.00700	0.00233	0.01166	0.00583	0.00466	0.01399
39	0.01586	0.01057	0.01189	0.01189	0.01189	0.01057	0.00661	0.01586	0.01586	0.02114	0.03436	0.07135	0.03964	0.61681	0.05550	0.01057	0.01057	0.01586	0.00661	0.00661
40	0.02574	0.02941	0.06434	0.04596	0.05699	0.02757	0.50919	0.03493	0.02574	0.03493	0.02206	0.02941	0.01654	0.00919	0.01287	0.00368	0.01838	0.01287	0.00551	0.01471
41	0.04892	0.01856	0.02530	0.01940	0.02783	0.01603	0.01603	0.05314	0.03121	0.55634	0.04302	0.03711	0.02699	0.01350	0.01096	0.00337	0.00928	0.01096	0.01350	0.01856
42	0.01499	0.01113	0.01397	0.01326	0.01602	0.01010	0.00994	0.01973	0.02983	0.04126	0.46840	0.08550	0.17905	0.02321	0.01286	0.00347	0.00521	0.02029	0.01168	0.01010
43	0.02059	0.01938	0.03270	0.59060	0.07510	0.02422	0.03028	0.02786	0.02180	0.02786	0.01938	0.02907	0.01453	0.01090	0.01090	0.00363	0.01453	0.00969	0.00484	0.01211
44	0.03968	0.10388	0.03328	0.02723	0.03319	0.52489	0.02085	0.04255	0.03010	0.02659	0.01670	0.01947	0.01404	0.01106	0.00957	0.00277	0.01894	0.00691	0.00553	0.01276
45	0.01851	0.01230	0.01736	0.02050	0.06252	0.01162	0.01375	0.02176	0.02367	0.07864	0.09784	0.38805	0.06475	0.02857	0.01347	0.00423	0.00761	0.09390	0.01019	0.01075
46	0.02766	0.51802	0.05287	0.11842	0.03620	0.03984	0.02068	0.03181	0.02209	0.02604	0.01589	0.01951	0.01409	0.00960	0.00768	0.00256	0.01216	0.00650	0.00470	0.01366
47	0.02915	0.62337	0.05714	0.01866	0.02799	0.04314	0.01866	0.03265	0.02215	0.02565	0.01516	0.01749	0.01399	0.00933	0.00700	0.00233	0.01166	0.00583	0.00466	0.01399
48	0.01348	0.00964	0.01282	0.01505	0.01586	0.00898	0.01014	0.01566	0.02176	0.02925	0.10306	0.56270	0.07485	0.03310	0.01382	0.00434	0.00622	0.02999	0.01029	0.00898
49	0.02187	0.05640	0.56031	0.03108	0.04719	0.02532	0.04029	0.03453	0.02302	0.03453	0.01957	0.02302	0.01381	0.01036	0.01036	0.00345	0.01611	0.00806	0.00460	0.01611
50	0.02146	0.01237	0.01258	0.01217	0.01531	0.01299	0.00923	0.03083	0.10732	0.04148	0.03704	0.04066	0.02884	0.01305	0.00820	0.00273	0.00567	0.01052	0.56618	0.01135
51	0.01719	0.01228	0.01714	0.01965	0.02199	0.01223	0.01692	0.02194	0.02473	0.03221	0.05794	0.16580	0.06357	0.03048	0.01496	0.00497	0.00971	0.43631	0.01005	0.00994
52	0.04517	0.02456	0.02902	0.02225	0.03083	0.02494	0.01838	0.28339	0.04126	0.31189	0.03458	0.03163	0.02276	0.01329	0.01094	0.00332	0.01064	0.01039	0.01220	0.01855
53	0.01808	0.01056	0.01166	0.01138	0.01404	0.01012	0.00854	0.02297	0.02561	0.04062	0.20527	0.05959	0.09892	0.01714	0.00978	0.00293	0.00514	0.01440	0.40315	0.01012
54	0.02261	0.01938	0.02261	0.01615	0.02584	0.01453	0.01292	0.02745	0.02261	0.03553	0.01938	0.02261	0.01615	0.00807	0.00807	0.00161	0.00807	0.00646	0.00646	0.68346
55	0.02433	0.16538	0.02992	0.01717	0.02527	0.07024	0.01439	0.02853	0.02416	0.03260	0.07260	0.03327	0.06735	0.01156	0.00880	0.00223	0.00949	0.00893	0.00676	0.34700
56	0.02699	0.02591	0.04426	0.06693	0.54879	0.02591	0.03346	0.03346	0.02483	0.03562	0.02051	0.02699	0.01727	0.00972	0.01079	0.00324	0.01295	0.00972	0.00540	0.01727
57	0.01558	0.01168	0.01752	0.01752	0.01947	0.01363	0.01363	0.01947	0.01752	0.02531	0.02921	0.04283	0.02726	0.08178	0.57360	0.01752	0.02921	0.01168	0.00584	0.00974
58	0.02269	0.02152	0.03650	0.41869	0.23060	0.02478	0.03133	0.02970	0.02280	0.03041	0.01975	0.02839	0.01543	0.01051	0.01087	0.00350	0.01402	0.00970	0.00503	0.01381
59	0.03054	0.03587	0.20641	0.02663	0.03603	0.02822	0.02671	0.16255	0.11461	0.09065	0.02672	0.02817	0.01954	0.01341	0.01454	0.00364	0.10140	0.00971	0.00814	0.01652
60	0.01498	0.01114	0.01432	0.01623	0.01838	0.01048	0.01279	0.01839	0.02360	0.03023	0.07123	0.28490	0.18190	0.03090	0.01415	0.00450	0.00768	0.21468	0.01009	0.00943
61	0.30586	0.02604	0.03375	0.02915	0.07895	0.07319	0.14392	0.03715	0.02399	0.11921	0.02181	0.02468	0.01602	0.01046	0.00960	0.00339	0.01254	0.00891	0.00723	0.01414
62	0.02972	0.02471	0.02612	0.02272	0.02934	0.02833	0.01789	0.14041	0.44238	0.04980	0.04108	0.03805	0.03061	0.01448	0.01106	0.00362	0.00924	0.01187	0.01106	0.01749
63	0.01586	0.01057	0.01189	0.01189	0.01189	0.01057	0.00661	0.01586	0.01586	0.02114	0.03436	0.07135	0.03964	0.61681	0.05550	0.01057	0.01057	0.01586	0.00661	0.00661
64	0.01706	0.01387	0.02038	0.01952	0.02112	0.01718	0.01547	0.02069	0.01738	0.02548	0.02653	0.03942	0.02493	0.07050	0.47689	0.01523	0.13128	0.01130	0.00565	0.01013
65	0.02656	0.02457	0.04014	0.20338	0.37618	0.02616	0.03148	0.07457	0.02637	0.03649	0.02071	0.02747	0.01665	0.01033	0.01083	0.00335	0.01329	0.00972	0.00574	0.01600
66	0.01558	0.01168	0.01752	0.01752	0.01947	0.01363	0.01363	0.01947	0.01752	0.02531	0.02921	0.04283	0.02726	0.08178	0.57360	0.01752	0.02921	0.01168	0.00584	0.00974
67	0.01560	0.01158	0.01701	0.01701	0.01878	0.01335	0.01299	0.01914	0.01737	0.02493	0.02967	0.04543	0.02838	0.13039	0.52653	0.01689	0.02751	0.01206	0.00591	0.00945
68	0.04019	0.02991	0.03201	0.02483	0.03333	0.03322	0.02042	0.47246	0.09330	0.06668	0.02778	0.02745	0.01984	0.01324	0.01092	0.00331	0.01170	0.01004	0.01092	0.01843
69	0.69383	0.02109	0.01603	0.01434	0.02109	0.02446	0.01181	0.03205	0.01856	0.04892	0.01518	0.01771	0.01181	0.01012	0.00675	0.00337	0.00843	0.00590	0.00675	0.01181
70	0.02735	0.04322	0.34483	0.03294	0.04648	0.02435	0.15604	0.03772	0.02507	0.12123	0.02410	0.02699	0.01670	0.01058	0.01110	0.00350	0.01556	0.00977	0.00631	0.01616
71	0.02846	0.02253	0.07693	0.17992	0.16368	0.02030	0.02509	0.03463	0.02563	0.16641	0.06832	0.08254	0.02973	0.01403	0.01124	0.00351	0.01157	0.01241	0.00814	0.01493
72	0.02136	0.01874	0.02808	0.17627	0.16520	0.02024	0.02220	0.03119	0.10101	0.03792	0.20503	0.04845	0.04864	0.01514	0.01158	0.00347	0.01001	0.01357	0.00839	0.01352
73	0.04492	0.01868	0.02489	0.01891	0.02753	0.01580	0.01555	0.04924	0.02990	0.47724	0.03943	0.03491	0.02534	0.01267	0.01053	0.00311	0.00910	0.01028	0.01243	0.11955
74	0.02261	0.01938	0.02261	0.01615	0.02584	0.01453	0.01292	0.02745	0.02261	0.03553	0.01938	0.02261	0.01615	0.00807	0.00807	0.00161	0.00807	0.00646	0.00646	0.68346
75	0.01514	0.01140	0.01555	0.01541	0.01759	0.01212	0.01167	0.01876	0.02080	0.02873	0.12851	0.06150	0.12420	0.10451	0.34949	0.01240	0.01993	0.01517	0.00762	0.00950
76	0.02261	0.01938	0.02261	0.01615	0.02584	0.01453	0.01292	0.02745	0.02261	0.03553	0.01938	0.02261	0.01615	0.00807	0.00807	0.00161	0.00807	0.00646	0.00646	0.68346
77	0.02712	0.02342	0.02465	0.02219	0.02835	0.02712	0.01726	0.05794	0.52909	0.04561	0.04438	0.04068	0.03328	0.01479	0.01109	0.00370	0.00863	0.01233	0.01109	0.01726
78	0.01322	0.00973	0.01241	0.01455	0.01565	0.00891	0.00984	0.01525	0.02149	0.02808	0.06783	0.53221	0.14461	0.03316	0.01376	0.00431	0.00620	0.02977	0.01012	0.00891
79	0.01586	0.01057	0.01189	0.01189	0.01189	0.01057	0.00661	0.01586	0.01586	0.02114	0.03436	0.07135	0.03964	0.61681	0.05550	0.01057	0.01057	0.01586	0.00661	0.00661
80	0.01289	0.01105	0.01105	0.01105	0.01473	0.00920	0.00828	0.01565	0.02485	0.02946	0.11046	0.10493	0.54437	0.02761	0.01289	0.00368	0.00552	0.02301	0.01013	0.00920
81	0.69383	0.02109	0.01603	0.01434	0.02109	0.02446	0.01181	0.03205	0.01856	0.04892	0.01518	0.01771	0.01181	0.01012	0.00675	0.00337	0.00843	0.00590	0.00675	0.01181
82	0.69383	0.02109	0.01603	0.01434	0.02109	0.02446	0.01181	0.03205	0.01856	0.04892	0.01518	0.01771	0.01181	0.01012	0.00675	0.00337	0.00843	0.00590	0.00675	0.01181
83	0.04073	0.05197	0.03090	0.02809	0.03371	0.57303	0.02107	0.04354	0.03090	0.02669	0.01685	0.01966	0.01404	0.01124	0.00983	0.00281	0.01966	0.00702	0.00562	0.01264
84	0.02385	0.02385	0.03340	0.02863	0.02863	0.03340	0.02385	0.02624	0.01670	0.02624	0.01431	0.02385	0.01431	0.01908	0.03578	0.00477	0.59685	0.00954	0.00477	0.01193
85	0.02187	0.05640	0.56031	0.03108	0.04719	0.02532	0.04029	0.03453	0.02302	0.03453	0.01957	0.02302	0.01381	0.01036	0.01036	0.00345	0.01611	0.00806	0.00460	0.01611
86	0.04892	0.01856	0.02530	0.01940	0.02783	0.01603	0.01603	0.05314	0.03121	0.55634	0.04302	0.03711	0.02699	0.01350	0.01096	0.00337	0.00928	0.01096	0.01350	0.01856
87	0.04506	0.02474	0.02913	0.02234	0.03092	0.02521	0.01845	0.29026	0.04156	0.30460	0.03432	0.03147	0.02263	0.01329	0.01094	0.00332	0.01068	0.01037	0.01216	0.01855
88	0.04073	0.05197	0.03090	0.02809	0.03371	0.57303	0.02107	0.04354	0.03090	0.02669	0.01685	0.01966	0.01404	0.01124	0.00983	0.00281	0.01966	0.00702	0.00562	0.01264
89	0.01768	0.01478	0.02156	0.02035	0.02180	0.01865	0.01623	0.02119	0.01731	0.02555	0.02542	0.03801	0.02397	0.06584	0.43688	0.01428	0.17350	0.01114	0.00557	0.01029
90	0.01406	0.01005	0.01355	0.01607	0.01705	0.00953	0.01148	0.01653	0.02164	0.02871	0.05967	0.52108	0.07041	0.03342	0.01413	0.00454	0.00700	0.11191	0.01011	0.00907
91	0.01939	0.01080	0.01598	0.01554	0.01554	0.01169	0.01080	0.01532	0.01444	0.01962	0.01851	0.03228	0.01851	0.03614	0.04198	0.61998	0.06386	0.00948	0.00474	0.00540
92	0.02187	0.05640	0.56031	0.03108	0.04719	0.02532	0.04029	0.03453	0.02302	0.03453	0.01957	0.02302	0.01381	0.01036	0.01036	0.00345	0.01611	0.00806	0.00460	0.01611
93	0.01328	0.00949	0.01265	0.01518	0.01581	0.00886	0.01012	0.01518	0.02088	0.02783	0.06010	0.60969	0.07212	0.03416	0.01392	0.00443	0.00633	0.03100	0.01012	0.00886
94	0.01942	0.01331	0.01922	0.01825	0.02047	0.01537	0.01422	0.02291	0.01859	0.07424	0.02956	0.04281	0.02704	0.11108	0.43381	0.01454	0.07637	0.01175	0.00651	0.01051
95	0.01853	0.01631	0.02011	0.01944	0.02154	0.06459	0.01519	0.02219	0.01863	0.02552	0.02679	0.03911	0.02494	0.06999	0.47616	0.01509	0.07887	0.01108	0.00573	0.01019
96	0.69383	0.02109	0.01603	0.01434	0.02109	0.02446	0.01181	0.03205	0.01856	0.04892	0.01518	0.01771	0.01181	0.01012	0.00675	0.00337	0.00843	0.00590	0.00675	0.01181
97	0.69383	0.02109	0.01603	0.01434	0.02109	0.02446	0.01181	0.03205	0.01856	0.04892	0.01518	0.01771	0.01181	0.01012	0.00675	0.00337	0.00843	0.00590	0.00675	0.01181
98	0.01760	0.01019	0.01459	0.01459	0.01505	0.01065	0.00996	0.01574	0.01528	0.02084	0.02407	0.04211	0.02453	0.14928	0.17092	0.40758	0.01435	0.01111	0.00532	0.00625
99	0.09182	0.01633	0.02101	0.01711	0.02348	0.01485	0.01379	0.04069	0.03004	0.34566	0.20483	0.05004	0.05063	0.01610	0.01123	0.00339	0.00785	0.01342	0.01244	0.01528
100	0.04892	0.01856	0.02530	0.01940	0.02783	0.01603	0.01603	0.05314	0.03121	0.55634	0.04302	0.03711	0.02699	0.01350	0.01096	0.00337	0.00928	0.01096	0.01350	0.01856
101	0.02242	0.01938	0.02354	0.06934	0.03040	0.01543	0.01453	0.02749	0.02254	0.03482	0.01938	0.02321	0.01600	0.00834	0.00834	0.00180	0.00867	0.00676	0.00631	0.62130
102	0.03792	0.19067	0.03727	0.02580	0.03232	0.44441	0.02048	0.04090	0.02878	0.02643	0.01644	0.01914	0.01403	0.01077	0.00914	0.00269	0.01772	0.00673	0.00539	0.01297
103	0.01334	0.01106	0.01168	0.01153	0.01501	0.00940	0.00864	0.01653	0.02593	0.03202	0.18824	0.10071	0.46498	0.02666	0.01288	0.00364	0.00545	0.02242	0.01046	0.00940
104	0.01542	0.01132	0.01624	0.01646	0.01799	0.01274	0.01225	0.01854	0.01757	0.02490	0.03273	0.09754	0.03313	0.15881	0.44516	0.01530	0.02434	0.01403	0.00634	0.00918
105	0.01567	0.01133	0.01573	0.01573	0.01706	0.01265	0.01139	0.01832	0.01699	0.02398	0.03085	0.05192	0.03121	0.25230	0.40847	0.01531	0.02327	0.01301	0.00609	0.00874
106	0.01420	0.01015	0.01367	0.01595	0.01706	0.00962	0.01146	0.01689	0.02235	0.02984	0.09460	0.48465	0.07267	0.03258	0.01404	0.00446	0.00690	0.10947	0.01024	0.00917
107	0.69383	0.02109	0.01603	0.01434	0.02109	0.02446	0.01181	0.03205	0.01856	0.04892	0.01518	0.01771	0.01181	0.01012	0.00675	0.00337	0.00843	0.00590	0.00675	0.01181
108	0.02579	0.01893	0.02643	0.02298	0.02498	0.02371	0.01863	0.02868	0.01947	0.12182	0.02467	0.03452	0.02170	0.07945	0.16261	0.00804	0.30786	0.01081	0.00675	0.01219
109	0.04456	0.02286	0.02764	0.02149	0.02981	0.02276	0.01765	0.20187	0.08223	0.35321	0.03770	0.03390	0.02483	0.01348	0.01096	0.00337	0.01010	0.01072	0.01244	0.01844
110	0.69383	0.02109	0.01603	0.01434	0.02109	0.02446	0.01181	0.03205	0.01856	0.04892	0.01518	0.01771	0.01181	0.01012	0.00675	0.00337	0.00843	0.00590	0.00675	0.01181
111	0.01887	0.01155	0.01464	0.01354	0.01656	0.01071	0.01027	0.02393	0.02951	0.08286	0.41654	0.07096	0.08404	0.01995	0.01181	0.00327	0.00545	0.01739	0.12725	0.01091
112	0.01458	0.01111	0.01339	0.01282	0.01576	0.00992	0.00961	0.01892	0.02884	0.03892	0.39742	0.08935	0.25150	0.02408	0.01287	0.00351	0.00527	0.02083	0.01137	0.00992
113	0.08946	0.03092	0.03454	0.17583	0.21084	0.16497	0.02650	0.07667	0.02740	0.03556	0.01933	0.02474	0.01541	0.01072	0.01023	0.00324	0.01456	0.00870	0.00592	0.01447
114	0.01586	0.01057	0.01189	0.01189	0.01189	0.01057	0.00661	0.01586	0.01586	0.02114	0.03436	0.07135	0.03964	0.61681	0.05550	0.01057	0.01057	0.01586	0.00661	0.00661
115	0.63411	0.02085	0.01688	0.01481	0.02171	0.02368	0.01220	0.03400	0.01973	0.09591	0.01776	0.01951	0.01321	0.01043	0.00714	0.00337	0.00851	0.00637	0.00737	0.01243
116	0.42114	0.21722	0.03057	0.01697	0.02445	0.08030	0.01485	0.03329	0.02083	0.03943	0.01533	0.01782	0.01271	0.00997	0.00711	0.00299	0.01049	0.00598	0.00598	0.01259
117	0.01674	0.01068	0.01396	0.01499	0.01687	0.00975	0.01053	0.01944	0.02373	0.07706	0.14184	0.43364	0.10957	0.02989	0.01340	0.00411	0.00633	0.02677	0.01073	0.00997
118	0.02059	0.01938	0.03270	0.59060	0.07510	0.02422	0.03028	0.02786	0.02180	0.02786	0.01938	0.02907	0.01453	0.01090	0.01090	0.00363	0.01453	0.00969	0.00484	0.01211
119	0.01334	0.01106	0.01168	0.01153	0.01501	0.00940	0.00864	0.01653	0.02593	0.03202	0.18824	0.10071	0.46498	0.02666	0.01288	0.00364	0.00545	0.02242	0.01046	0.00940
120	0.47502	0.02023	0.01917	0.01606	0.02338	0.02160	0.01324	0.03921	0.02285	0.22108	0.02463	0.02429	0.01696	0.01127	0.00818	0.00337	0.00872	0.00762	0.00904	0.01410
121	0.69383	0.02109	0.01603	0.01434	0.02109	0.02446	0.01181	0.03205	0.01856	0.04892	0.01518	0.01771	0.01181	0.01012	0.00675	0.00337	0.00843	0.00590	0.00675	0.01181
122	0.01325	0.00963	0.01250	0.01480	0.01571	0.00889	0.00995	0.01523	0.02124	0.02798	0.06476	0.56295	0.11584	0.03355	0.01382	0.00436	0.00625	0.03026	0.01012	0.00889
123	0.04145	0.03054	0.03272	0.02509	0.03381	0.03381	0.02072	0.51243	0.05127	0.06872	0.02618	0.02618	0.01854	0.01309	0.01091	0.00327	0.01200	0.00982	0.01091	0.01854
124	0.69383	0.02109	0.01603	0.01434	0.02109	0.02446	0.01181	0.03205	0.01856	0.04892	0.01518	0.01771	0.01181	0.01012	0.00675	0.00337	0.00843	0.00590	0.00675	0.01181
125	0.01674	0.01440	0.01473	0.01406	0.01842	0.01406	0.01072	0.02711	0.16147	0.03383	0.09255	0.08753	0.40590	0.02414	0.01240	0.00369	0.00636	0.02012	0.01039	0.01139
126	0.01569	0.01123	0.01525	0.01525	0.01642	0.01240	0.01080	0.01801	0.01685	0.02363	0.03128	0.05433	0.03225	0.29748	0.36472	0.01472	0.02169	0.01337	0.00615	0.00847
127	0.03278	0.02839	0.03930	0.05167	0.36343	0.07459	0.02850	0.12330	0.03074	0.08714	0.02322	0.02709	0.01808	0.01080	0.01075	0.00322	0.01304	0.00961	0.00714	0.01721
128	0.14891	0.07447	0.12483	0.02710	0.03657	0.02470	0.14293	0.03788	0.06046	0.12891	0.02574	0.02852	0.01891	0.01626	0.05312	0.00448	0.01420	0.00980	0.00736	0.01485
129	0.08919	0.02445	0.03135	0.02847	0.07524	0.07430	0.05765	0.03406	0.02272	0.12692	0.02261	0.02754	0.01803	0.01939	0.06523	0.00482	0.19765	0.00947	0.00694	0.06398
130	0.02869	0.31667	0.04429	0.02292	0.02824	0.03661	0.02061	0.03178	0.02067	0.07338	0.01729	0.02193	0.01529	0.01381	0.01948	0.00345	0.25800	0.00785	0.00550	0.01353
131	0.01558	0.01168	0.01752	0.01752	0.01947	0.01363	0.01363	0.01947	0.01752	0.02531	0.02921	0.04283	0.02726	0.08178	0.57360	0.01752	0.02921	0.01168	0.00584	0.00974
132	0.12314	0.01923	0.02808	0.27872	0.12355	0.02142	0.02371	0.02784	0.02205	0.03332	0.02549	0.07979	0.02344	0.01387	0.01061	0.00354	0.01176	0.05214	0.00623	0.07206
133	0.01957	0.01731	0.02796	0.18007	0.20217	0.01829	0.02281	0.02432	0.02238	0.03034	0.03690	0.27303	0.03967	0.02032	0.01214	0.00384	0.01057	0.01868	0.00725	0.01240
134	0.69383	0.02109	0.01603	0.01434	0.02109	0.02446	0.01181	0.03205	0.01856	0.04892	0.01518	0.01771	0.01181	0.01012	0.00675	0.00337	0.00843	0.00590	0.00675	0.01181
135	0.02542	0.02646	0.03317	0.02858	0.02910	0.08337	0.02360	0.02784	0.01801	0.02628	0.01455	0.02347	0.01429	0.01836	0.03338	0.00459	0.54341	0.00931	0.00485	0.01199
136	0.01951	0.06977	0.02372	0.01877	0.01995	0.02122	0.01437	0.02127	0.01698	0.02390	0.02541	0.04648	0.02716	0.27863	0.13760	0.00925	0.19856	0.01223	0.00572	0.00950
137	0.02187	0.05640	0.56031	0.03108	0.04719	0.02532	0.04029	0.03453	0.02302	0.03453	0.01957	0.02302	0.01381	0.01036	0.01036	0.00345	0.01611	0.00806	0.00460	0.01611
138	0.07588	0.02002	0.03176	0.44627	0.10892	0.02363	0.02782	0.03103	0.02269	0.07912	0.02134	0.02875	0.01572	0.01097	0.01058	0.00355	0.01343	0.00952	0.00584	0.01315
139	0.02339	0.01766	0.02119	0.01628	0.02434	0.01372	0.01273	0.02769	0.02309	0.08058	0.02828	0.12185	0.02645	0.01291	0.00931	0.00224	0.00789	0.01095	0.00770	0.51176
140	0.02261	0.01938	0.02261	0.01615	0.02584	0.01453	0.01292	0.02745	0.02261	0.03553	0.01938	0.02261	0.01615	0.00807	0.00807	0.00161	0.00807	0.00646	0.00646	0.68346
141	0.01558	0.01168	0.01752	0.01752	0.01947	0.01363	0.01363	0.01947	0.01752	0.02531	0.02921	0.04283	0.02726	0.08178	0.57360	0.01752	0.02921	0.01168	0.00584	0.00974
142	0.03276	0.02935	0.03359	0.07330	0.08346	0.11795	0.06457	0.11974	0.15777	0.08700	0.02846	0.03015	0.02137	0.01288	0.01281	0.00348	0.05681	0.01032	0.00841	0.01580

[dist]
# distance from previous block
# <min> <max>
0	1

[block]
# block no. 1 follows, 12 sequences, length 14
# corresponding to MSA columns:
# 161-174
name=unknown_B
#
# <colnr> <probs for GDERKNQSTAVLIFYWHMCP>
#	G	D	E	R	K	N	Q	S	T	A	V	L	I	F	Y	W	H	M	C	P
0	0.23213	0.08604	0.13515	0.02069	0.02963	0.06948	0.02026	0.03516	0.02348	0.10712	0.02404	0.03118	0.01948	0.01220	0.00918	0.00323	0.01148	0.04814	0.00718	0.07474
1	0.17951	0.07831	0.03239	0.02683	0.07752	0.03173	0.02044	0.21395	0.03151	0.04826	0.01968	0.02312	0.01562	0.01309	0.01504	0.00353	0.13825	0.00853	0.00759	0.01510
2	0.03580	0.07499	0.08121	0.02575	0.03488	0.02949	0.06667	0.24294	0.12730	0.12377	0.03002	0.02969	0.02144	0.01256	0.01079	0.00335	0.01194	0.01026	0.00977	0.01739
3	0.01619	0.01182	0.01564	0.01652	0.01919	0.01127	0.01362	0.02100	0.02737	0.03669	0.25692	0.10441	0.13330	0.02672	0.01394	0.00424	0.00758	0.24272	0.01083	0.01004
4	0.02314	0.02198	0.03730	0.38211	0.26369	0.02489	0.03155	0.03009	0.02301	0.03095	0.01983	0.02824	0.01562	0.01043	0.01086	0.00348	0.01391	0.00970	0.00506	0.01417
5	0.03700	0.02833	0.03022	0.02419	0.03212	0.03173	0.01965	0.37125	0.19969	0.06154	0.03183	0.03068	0.02312	0.01362	0.01097	0.00340	0.01095	0.01060	0.01097	0.01814
6	0.04203	0.01718	0.02311	0.01870	0.02603	0.01500	0.01548	0.04621	0.02993	0.44823	0.05093	0.05312	0.07894	0.01669	0.01161	0.00359	0.00902	0.06470	0.01279	0.01673
7	0.01558	0.01168	0.01752	0.01752	0.01947	0.01363	0.01363	0.01947	0.01752	0.02531	0.02921	0.04283	0.02726	0.08178	0.57360	0.01752	0.02921	0.01168	0.00584	0.00974
8	0.02385	0.02385	0.03340	0.02863	0.02863	0.03340	0.02385	0.02624	0.01670	0.02624	0.01431	0.02385	0.01431	0.01908	0.03578	0.00477	0.59685	0.00954	0.00477	0.01193
9	0.01451	0.01111	0.01330	0.01275	0.01573	0.00990	0.00957	0.01880	0.02870	0.03858	0.38708	0.08991	0.26205	0.02421	0.01287	0.00352	0.00528	0.02091	0.01133	0.00990
10	0.02059	0.01938	0.03270	0.59060	0.07510	0.02422	0.03028	0.02786	0.02180	0.02786	0.01938	0.02907	0.01453	0.01090	0.01090	0.00363	0.01453	0.00969	0.00484	0.01211
11	0.02535	0.16859	0.36892	0.02932	0.04297	0.02990	0.07522	0.07440	0.02546	0.03561	0.01943	0.02271	0.01449	0.01027	0.00993	0.00323	0.01505	0.00817	0.00523	0.01576
12	0.01550	0.01104	0.01401	0.06547	0.01883	0.01129	0.00983	0.01674	0.01793	0.02379	0.04085	0.23178	0.04727	0.38397	0.03876	0.00807	0.00964	0.01992	0.00752	0.00779
13	0.02543	0.33364	0.31427	0.02500	0.03780	0.03404	0.02971	0.03361	0.02260	0.03019	0.01741	0.02032	0.01390	0.00986	0.00871	0.00290	0.01394	0.00697	0.00463	0.01508

[dist]
# distance from previous block
# <min> <max>
0	7

[block]
# block no. 2 follows, 12 sequences, length 82
# corresponding to MSA columns:
# 182-263
name=unknown_C
#
# <colnr> <probs for GDERKNQSTAVLIFYWHMCP>
#	G	D	E	R	K	N	Q	S	T	A	V	L	I	F	Y	W	H	M	C	P
0	0.01939	0.01202	0.01584	0.01439	0.01765	0.01097	0.01097	0.02442	0.03090	0.10427	0.48398	0.07621	0.09392	0.02125	0.01264	0.00342	0.00563	0.01868	0.01218	0.01126
1	0.01959	0.06357	0.02578	0.02016	0.02226	0.01982	0.05672	0.02158	0.01760	0.02443	0.02540	0.04483	0.02624	0.23747	0.14993	0.06297	0.13434	0.01215	0.00568	0.00948
2	0.02278	0.02161	0.03666	0.41128	0.23730	0.02480	0.03137	0.02978	0.02284	0.03052	0.01977	0.02836	0.01547	0.01049	0.01086	0.00350	0.01399	0.00970	0.00503	0.01388
3	0.01328	0.00949	0.01265	0.01518	0.01581	0.00886	0.01012	0.01518	0.02088	0.02783	0.06010	0.60969	0.07212	0.03416	0.01392	0.00443	0.00633	0.03100	0.01012	0.00886
4	0.02731	0.01966	0.02979	0.08132	0.21601	0.01976	0.02273	0.06926	0.02693	0.12059	0.03692	0.16086	0.03522	0.01805	0.01196	0.00374	0.01070	0.06598	0.00861	0.01462
5	0.07829	0.02532	0.04747	0.15030	0.05297	0.02582	0.29060	0.06998	0.02633	0.03707	0.02441	0.03634	0.01996	0.01175	0.01202	0.00373	0.01557	0.05190	0.00630	0.01384
6	0.01361	0.01049	0.01243	0.01318	0.01548	0.00932	0.00942	0.01658	0.02472	0.03205	0.18878	0.28720	0.26988	0.02885	0.01326	0.00390	0.00574	0.02524	0.01054	0.00932
7	0.02540	0.02289	0.04091	0.30712	0.19881	0.02466	0.11457	0.03256	0.02404	0.07117	0.02195	0.02916	0.01658	0.01047	0.01122	0.00351	0.01438	0.01035	0.00577	0.01448
8	0.12463	0.03493	0.18921	0.03137	0.04221	0.02688	0.18036	0.07515	0.11210	0.04131	0.02448	0.02755	0.01809	0.01092	0.01080	0.00354	0.01411	0.01014	0.00681	0.01541
9	0.02718	0.06361	0.06778	0.01907	0.02819	0.01920	0.01686	0.03223	0.02343	0.11469	0.02233	0.02465	0.01734	0.01014	0.01105	0.00235	0.06064	0.00751	0.00714	0.42463
10	0.01493	0.01125	0.01405	0.01393	0.01662	0.01001	0.01012	0.01869	0.02627	0.03606	0.28954	0.24074	0.15599	0.02565	0.01282	0.00363	0.00578	0.02265	0.01072	0.06055
11	0.02915	0.62337	0.05714	0.01866	0.02799	0.04314	0.01866	0.03265	0.02215	0.02565	0.01516	0.01749	0.01399	0.00933	0.00700	0.00233	0.01166	0.00583	0.00466	0.01399
12	0.01475	0.01112	0.01363	0.01300	0.01587	0.01000	0.00975	0.01926	0.02926	0.03991	0.42752	0.08772	0.22078	0.02371	0.01287	0.00350	0.00525	0.02060	0.01150	0.01000
13	0.01612	0.01088	0.01277	0.01316	0.01355	0.01088	0.00831	0.01690	0.01729	0.02292	0.03798	0.07936	0.04322	0.52587	0.04923	0.00971	0.01049	0.08708	0.00714	0.00714
14	0.01328	0.00949	0.01265	0.01518	0.01581	0.00886	0.01012	0.01518	0.02088	0.02783	0.06010	0.60969	0.07212	0.03416	0.01392	0.00443	0.00633	0.03100	0.01012	0.00886
15	0.04145	0.03054	0.03272	0.02509	0.03381	0.03381	0.02072	0.51243	0.05127	0.06872	0.02618	0.02618	0.01854	0.01309	0.01091	0.00327	0.01200	0.00982	0.01091	0.01854
16	0.02385	0.02385	0.03340	0.02863	0.02863	0.03340	0.02385	0.02624	0.01670	0.02624	0.01431	0.02385	0.01431	0.01908	0.03578	0.00477	0.59685	0.00954	0.00477	0.01193
17	0.02915	0.62337	0.05714	0.01866	0.02799	0.04314	0.01866	0.03265	0.02215	0.02565	0.01516	0.01749	0.01399	0.00933	0.00700	0.00233	0.01166	0.00583	0.00466	0.01399
18	0.01894	0.00947	0.01420	0.01420	0.01420	0.00947	0.00947	0.01420	0.01420	0.01894	0.01894	0.03314	0.01894	0.03788	0.04261	0.68277	0.00947	0.00947	0.00473	0.00473
19	0.02261	0.01938	0.02261	0.01615	0.02584	0.01453	0.01292	0.02745	0.02261	0.03553	0.01938	0.02261	0.01615	0.00807	0.00807	0.00161	0.00807	0.00646	0.00646	0.68346
20	0.02330	0.02299	0.04011	0.32772	0.06102	0.02573	0.16323	0.03562	0.12006	0.03326	0.02492	0.03139	0.01869	0.01116	0.01149	0.00366	0.01449	0.01109	0.00623	0.01383
21	0.50622	0.02996	0.02030	0.01829	0.02471	0.18204	0.01447	0.03535	0.02210	0.04253	0.01566	0.01827	0.01245	0.01044	0.00763	0.00321	0.01166	0.00623	0.00642	0.01205
22	0.01311	0.01105	0.01135	0.01128	0.01486	0.00930	0.00846	0.01608	0.02538	0.03070	0.14831	0.10288	0.50574	0.02715	0.01288	0.00366	0.00549	0.02272	0.01029	0.00930
23	0.04513	0.02397	0.08908	0.02123	0.03059	0.01853	0.01926	0.08729	0.03183	0.45611	0.03891	0.03458	0.02477	0.01309	0.01089	0.00338	0.01030	0.01053	0.01224	0.01827
24	0.02483	0.02574	0.03938	0.34573	0.16146	0.08587	0.09941	0.03173	0.02398	0.03029	0.01971	0.02767	0.01531	0.01046	0.01105	0.00347	0.01535	0.00986	0.00514	0.01357
25	0.01885	0.01610	0.02218	0.02033	0.02102	0.02047	0.01573	0.02114	0.01677	0.02457	0.02480	0.04300	0.02551	0.19840	0.22925	0.01076	0.24377	0.01195	0.00563	0.00976
26	0.69383	0.02109	0.01603	0.01434	0.02109	0.02446	0.01181	0.03205	0.01856	0.04892	0.01518	0.01771	0.01181	0.01012	0.00675	0.00337	0.00843	0.00590	0.00675	0.01181
27	0.03240	0.38209	0.09236	0.02291	0.03159	0.21933	0.02136	0.03647	0.02516	0.02678	0.01611	0.01870	0.01399	0.01006	0.00824	0.00259	0.01473	0.00643	0.00498	0.01372
28	0.02161	0.01921	0.02812	0.03238	0.15904	0.01958	0.05777	0.03286	0.14636	0.03655	0.08727	0.13331	0.10172	0.01919	0.01225	0.00377	0.00967	0.05666	0.00892	0.01376
29	0.03121	0.12959	0.10313	0.03081	0.03942	0.09858	0.16558	0.03726	0.02507	0.11438	0.02222	0.02594	0.01685	0.01173	0.01427	0.00343	0.09972	0.00965	0.00646	0.01469
30	0.02603	0.20074	0.16111	0.19853	0.04983	0.02961	0.08122	0.03341	0.02332	0.06944	0.02030	0.02506	0.01538	0.01034	0.00989	0.00321	0.01410	0.00867	0.00547	0.01432
31	0.01328	0.00949	0.01265	0.01518	0.01581	0.00886	0.01012	0.01518	0.02088	0.02783	0.06010	0.60969	0.07212	0.03416	0.01392	0.00443	0.00633	0.03100	0.01012	0.00886
32	0.01380	0.01006	0.01246	0.01387	0.01511	0.00930	0.00932	0.01587	0.02177	0.02865	0.11100	0.39684	0.14905	0.11651	0.01968	0.00510	0.00670	0.02639	0.00979	0.00872
33	0.02585	0.02183	0.03615	0.41223	0.06439	0.02505	0.08929	0.08451	0.02633	0.07592	0.02238	0.02944	0.01624	0.01113	0.01116	0.00358	0.01432	0.01021	0.00630	0.01368
34	0.02657	0.02263	0.03789	0.26852	0.31243	0.02430	0.03054	0.03314	0.02425	0.08243	0.02222	0.02878	0.01712	0.01054	0.01085	0.00341	0.01322	0.00982	0.00596	0.01536
35	0.02699	0.02591	0.04426	0.06693	0.54879	0.02591	0.03346	0.03346	0.02483	0.03562	0.02051	0.02699	0.01727	0.00972	0.01079	0.00324	0.01295	0.00972	0.00540	0.01727
36	0.03134	0.02544	0.03793	0.12117	0.18681	0.02622	0.07875	0.16983	0.03229	0.08516	0.02380	0.02772	0.01781	0.01093	0.01083	0.00321	0.01276	0.00988	0.00764	0.08048
37	0.01586	0.01057	0.01189	0.01189	0.01189	0.01057	0.00661	0.01586	0.01586	0.02114	0.03436	0.07135	0.03964	0.61681	0.05550	0.01057	0.01057	0.01586	0.00661	0.00661
38	0.01328	0.00949	0.01265	0.01518	0.01581	0.00886	0.01012	0.01518	0.02088	0.02783	0.06010	0.60969	0.07212	0.03416	0.01392	0.00443	0.00633	0.03100	0.01012	0.00886
39	0.02656	0.02052	0.03373	0.39318	0.15970	0.02319	0.02853	0.03317	0.02396	0.11745	0.02354	0.03000	0.01714	0.01110	0.01089	0.00351	0.01335	0.00991	0.00639	0.01419
40	0.03247	0.17907	0.13890	0.06246	0.03901	0.03349	0.05539	0.24502	0.03539	0.04708	0.02156	0.02386	0.01617	0.01128	0.00998	0.00313	0.01325	0.00870	0.00748	0.01632
41	0.02273	0.12337	0.50088	0.02961	0.04492	0.02743	0.03773	0.03431	0.02292	0.03348	0.01905	0.02237	0.01383	0.01024	0.00996	0.00332	0.01559	0.00779	0.00461	0.01586
42	0.01316	0.01079	0.01160	0.01195	0.01503	0.00923	0.00875	0.01597	0.02467	0.03034	0.13695	0.18716	0.43006	0.02828	0.01306	0.00379	0.00563	0.02408	0.01028	0.00923
43	0.02881	0.09100	0.21426	0.12180	0.04572	0.02532	0.08516	0.03891	0.06299	0.14160	0.02614	0.02851	0.01848	0.01120	0.01060	0.00340	0.01371	0.00961	0.00709	0.01567
44	0.03118	0.36999	0.08976	0.02684	0.09238	0.03753	0.02260	0.14452	0.02931	0.03755	0.01870	0.02107	0.01542	0.01033	0.00862	0.00275	0.01224	0.00739	0.00620	0.01561
45	0.16586	0.04400	0.02823	0.02517	0.03130	0.41635	0.01926	0.08624	0.03049	0.03497	0.01743	0.01991	0.01405	0.01120	0.00934	0.00296	0.01678	0.00708	0.00634	0.01305
46	0.03626	0.02875	0.03458	0.02688	0.03528	0.03152	0.07761	0.35029	0.15942	0.05935	0.02993	0.02993	0.02174	0.01303	0.01118	0.00342	0.01197	0.01076	0.01031	0.01779
47	0.01328	0.00949	0.01265	0.01518	0.01581	0.00886	0.01012	0.01518	0.02088	0.02783	0.06010	0.60969	0.07212	0.03416	0.01392	0.00443	0.00633	0.03100	0.01012	0.00886
48	0.69383	0.02109	0.01603	0.01434	0.02109	0.02446	0.01181	0.03205	0.01856	0.04892	0.01518	0.01771	0.01181	0.01012	0.00675	0.00337	0.00843	0.00590	0.00675	0.01181
49	0.04137	0.03292	0.03252	0.02542	0.03380	0.09358	0.02076	0.46046	0.04901	0.06406	0.02514	0.02546	0.01804	0.01288	0.01079	0.00322	0.01285	0.00951	0.01032	0.01789
50	0.02176	0.01841	0.02166	0.01586	0.02471	0.01403	0.01261	0.02664	0.02358	0.03650	0.08123	0.02956	0.02639	0.00975	0.00864	0.00183	0.00773	0.00803	0.00711	0.60395
51	0.02553	0.01929	0.02291	0.01651	0.02606	0.01470	0.01326	0.03030	0.02356	0.09326	0.02200	0.02422	0.01735	0.00868	0.00840	0.00181	0.00821	0.00696	0.00724	0.60977
52	0.22806	0.01926	0.02273	0.01799	0.02596	0.01837	0.01485	0.04728	0.02769	0.41539	0.03528	0.03172	0.02277	0.01256	0.00979	0.00337	0.00904	0.00956	0.01162	0.01668
53	0.03162	0.03447	0.24677	0.02718	0.03834	0.02068	0.08076	0.03993	0.02654	0.22402	0.03287	0.04066	0.02469	0.01370	0.01141	0.00363	0.01316	0.06485	0.00858	0.01613
54	0.02309	0.04126	0.31150	0.03353	0.04587	0.02503	0.18532	0.03522	0.06760	0.03456	0.02371	0.03045	0.01844	0.05855	0.01481	0.00411	0.01574	0.01059	0.00562	0.01501
55	0.01324	0.00967	0.01246	0.01469	0.01569	0.00890	0.00990	0.01524	0.02135	0.02803	0.06604	0.55007	0.12790	0.03339	0.01380	0.00434	0.00623	0.03005	0.01012	0.00890
56	0.01376	0.00983	0.01320	0.01573	0.01657	0.00927	0.01095	0.01600	0.02134	0.02837	0.05983	0.55575	0.07108	0.03371	0.01404	0.00449	0.00674	0.08025	0.01011	0.00899
57	0.07331	0.02515	0.03540	0.04009	0.21574	0.02880	0.02535	0.11603	0.02693	0.08122	0.02097	0.02606	0.01697	0.01365	0.01860	0.00376	0.20001	0.00953	0.00690	0.01552
58	0.03635	0.02141	0.03304	0.11019	0.07963	0.02174	0.07844	0.04418	0.07527	0.28771	0.03328	0.03357	0.02282	0.01286	0.01305	0.00357	0.05574	0.01093	0.00976	0.01644
59	0.01328	0.00949	0.01265	0.01518	0.01581	0.00886	0.01012	0.01518	0.02088	0.02783	0.06010	0.60969	0.07212	0.03416	0.01392	0.00443	0.00633	0.03100	0.01012	0.00886
60	0.02397	0.02381	0.04342	0.28858	0.24277	0.02553	0.13037	0.03135	0.02371	0.03213	0.02034	0.02839	0.01594	0.01012	0.01127	0.00350	0.01476	0.01036	0.00518	0.01451
61	0.02261	0.01938	0.02261	0.01615	0.02584	0.01453	0.01292	0.02745	0.02261	0.03553	0.01938	0.02261	0.01615	0.00807	0.00807	0.00161	0.00807	0.00646	0.00646	0.68346
62	0.03610	0.02191	0.02984	0.17174	0.08126	0.02318	0.02198	0.12234	0.09044	0.23809	0.03253	0.03285	0.02236	0.01262	0.01094	0.00345	0.01130	0.01051	0.00992	0.01664
63	0.01560	0.01159	0.01707	0.01707	0.01886	0.01338	0.01306	0.01918	0.01739	0.02498	0.02962	0.04514	0.02826	0.12493	0.53181	0.01696	0.02770	0.01202	0.00590	0.00948
64	0.02160	0.01196	0.01639	0.01549	0.01652	0.01235	0.01080	0.07305	0.01858	0.02482	0.01979	0.03232	0.01889	0.03495	0.03887	0.60251	0.00977	0.00951	0.00546	0.00637
65	0.01586	0.01057	0.01189	0.01189	0.01189	0.01057	0.00661	0.01586	0.01586	0.02114	0.03436	0.07135	0.03964	0.61681	0.05550	0.01057	0.01057	0.01586	0.00661	0.00661
66	0.04145	0.03054	0.03272	0.02509	0.03381	0.03381	0.02072	0.51243	0.05127	0.06872	0.02618	0.02618	0.01854	0.01309	0.01091	0.00327	0.01200	0.00982	0.01091	0.01854
67	0.04892	0.01856	0.02530	0.01940	0.02783	0.01603	0.01603	0.05314	0.03121	0.55634	0.04302	0.03711	0.02699	0.01350	0.01096	0.00337	0.00928	0.01096	0.01350	0.01856
68	0.02385	0.02385	0.03340	0.02863	0.02863	0.03340	0.02385	0.02624	0.01670	0.02624	0.01431	0.02385	0.01431	0.01908	0.03578	0.00477	0.59685	0.00954	0.00477	0.01193
69	0.01376	0.00983	0.01320	0.01573	0.01657	0.00927	0.01095	0.01600	0.02134	0.02837	0.05983	0.55575	0.07108	0.03371	0.01404	0.00449	0.00674	0.08025	0.01011	0.00899
70	0.02385	0.02385	0.03340	0.02863	0.02863	0.03340	0.02385	0.02624	0.01670	0.02624	0.01431	0.02385	0.01431	0.01908	0.03578	0.00477	0.59685	0.00954	0.00477	0.01193
71	0.02098	0.01697	0.01936	0.01774	0.02201	0.01827	0.01359	0.03830	0.26718	0.04462	0.30652	0.06211	0.06987	0.01873	0.01202	0.00356	0.00680	0.01621	0.01157	0.01359
72	0.02699	0.02591	0.04426	0.06693	0.54879	0.02591	0.03346	0.03346	0.02483	0.03562	0.02051	0.02699	0.01727	0.00972	0.01079	0.00324	0.01295	0.00972	0.00540	0.01727
73	0.08076	0.01166	0.01272	0.01256	0.01336	0.01214	0.00765	0.01769	0.01624	0.02412	0.03212	0.06402	0.03602	0.51746	0.09078	0.01042	0.01180	0.01458	0.00656	0.00735
74	0.04092	0.08103	0.09125	0.02035	0.02991	0.01956	0.01880	0.04613	0.02842	0.38616	0.03496	0.03196	0.02299	0.01213	0.01019	0.00309	0.01018	0.00963	0.01082	0.09153
75	0.04892	0.01856	0.02530	0.01940	0.02783	0.01603	0.01603	0.05314	0.03121	0.55634	0.04302	0.03711	0.02699	0.01350	0.01096	0.00337	0.00928	0.01096	0.01350	0.01856
76	0.01787	0.01140	0.01509	0.01652	0.01877	0.01063	0.01260	0.02098	0.02351	0.07999	0.06337	0.36032	0.11747	0.03031	0.01385	0.00441	0.00758	0.15474	0.01042	0.01016
77	0.01755	0.01504	0.01572	0.01478	0.01777	0.06405	0.01108	0.02219	0.03016	0.04041	0.44156	0.07830	0.14652	0.02186	0.01257	0.00340	0.00658	0.01889	0.01117	0.01039
78	0.08859	0.02157	0.03110	0.16563	0.11546	0.02227	0.06061	0.08587	0.02704	0.03989	0.08710	0.03283	0.02691	0.01169	0.01036	0.00310	0.01130	0.01027	0.00710	0.14131
79	0.08801	0.02359	0.03173	0.02726	0.02790	0.03254	0.02270	0.02680	0.01688	0.02841	0.01440	0.02327	0.01407	0.01823	0.03300	0.00464	0.54050	0.00919	0.00496	0.01192
80	0.14484	0.10819	0.16971	0.02241	0.03218	0.02667	0.02272	0.08637	0.02526	0.07856	0.02025	0.02281	0.01542	0.01112	0.01126	0.00309	0.06276	0.00768	0.00667	0.12202
81	0.19605	0.22593	0.03523	0.02276	0.06788	0.09349	0.01797	0.03591	0.02402	0.10722	0.02313	0.02981	0.01947	0.01204	0.00878	0.00308	0.01145	0.04489	0.00702	0.01388

[dist]
# distance from previous block
# <min> <max>
0	52

[block]
# block no. 3 follows, 12 sequences, length 15
# corresponding to MSA columns:
# 322-336
name=unknown_D
#
# <colnr> <probs for GDERKNQSTAVLIFYWHMCP>
