[name]
unknown

[dist]
# distance from previous block
# <min> <max>
1	28

[block]
# block no. 0 follows, 15 sequences, length 67
# corresponding to MSA columns:
# 40-106
name=unknown_A
#
# <colnr> <probs for GDERKNQSTAVLIFYWHMCP>
#	G	D	E	R	K	N	Q	S	T	A	V	L	I	F	Y	W	H	M	C	P
0	0.27222	0.01832	0.01995	0.09603	0.02803	0.01883	0.01414	0.07121	0.02186	0.07892	0.02150	0.07218	0.01826	0.01109	0.00814	0.00275	0.00853	0.00851	0.00689	0.20262
1	0.18521	0.02258	0.02378	0.13522	0.03355	0.06882	0.01690	0.13992	0.02623	0.06965	0.01912	0.02198	0.01441	0.00977	0.00842	0.00269	0.01026	0.00727	0.00682	0.17738
2	0.11772	0.02007	0.02844	0.13062	0.23231	0.01970	0.02098	0.02771	0.02077	0.03305	0.01756	0.02245	0.01435	0.00860	0.00853	0.00253	0.00999	0.00738	0.00535	0.25190
3	0.02437	0.02387	0.03431	0.09337	0.37756	0.06939	0.02534	0.02975	0.02249	0.03131	0.01817	0.02341	0.01513	0.00876	0.00926	0.00263	0.01149	0.00803	0.00512	0.16625
4	0.20782	0.01881	0.01932	0.01620	0.02160	0.02032	0.01302	0.20970	0.03150	0.04849	0.20802	0.04264	0.07397	0.01478	0.00966	0.00309	0.00772	0.01170	0.00926	0.01237
5	0.03181	0.29998	0.03783	0.02164	0.02824	0.32414	0.01806	0.03669	0.06823	0.02539	0.01678	0.01868	0.01423	0.00980	0.00800	0.00245	0.01411	0.00635	0.00517	0.01241
6	0.03392	0.19098	0.03404	0.02269	0.02922	0.32209	0.01843	0.13417	0.06682	0.03252	0.01834	0.01992	0.01480	0.01038	0.00862	0.00260	0.01419	0.00696	0.00617	0.01315
7	0.02852	0.07053	0.06727	0.02480	0.06964	0.10603	0.01940	0.13247	0.29232	0.04040	0.02938	0.02888	0.02227	0.01187	0.00964	0.00307	0.01073	0.00938	0.00826	0.01514
8	0.02105	0.01999	0.03391	0.41124	0.26575	0.02273	0.02879	0.02742	0.02098	0.02817	0.01811	0.02585	0.01424	0.00955	0.00993	0.00318	0.01274	0.00887	0.00462	0.01287
9	0.01376	0.01005	0.01424	0.01480	0.01605	0.01101	0.01081	0.01640	0.01657	0.02319	0.03425	0.19057	0.03649	0.14174	0.38832	0.01223	0.01928	0.01552	0.00639	0.00832
10	0.01424	0.01068	0.01602	0.01602	0.01780	0.01246	0.01246	0.01780	0.01602	0.02314	0.02670	0.03916	0.02492	0.07477	0.61015	0.01602	0.02670	0.01068	0.00534	0.00890
11	0.02452	0.19557	0.32033	0.02921	0.10269	0.10641	0.02887	0.03214	0.02202	0.02873	0.01667	0.01983	0.01308	0.00928	0.00870	0.00280	0.01383	0.00692	0.00444	0.01396
12	0.01245	0.00961	0.01137	0.01203	0.01415	0.00853	0.00860	0.01520	0.02268	0.02941	0.19574	0.28808	0.28380	0.02628	0.01212	0.00356	0.00523	0.02297	0.00965	0.00853
13	0.01215	0.00868	0.01157	0.01388	0.01446	0.00810	0.00925	0.01388	0.01909	0.02545	0.05495	0.64315	0.06593	0.03123	0.01272	0.00405	0.00578	0.02834	0.00925	0.00810
14	0.72007	0.01928	0.01465	0.01311	0.01928	0.02236	0.01080	0.02930	0.01697	0.04473	0.01388	0.01619	0.01080	0.00925	0.00617	0.00308	0.00771	0.00540	0.00617	0.01080
15	0.01392	0.01018	0.01306	0.01234	0.01478	0.00932	0.00926	0.01844	0.02777	0.03891	0.54271	0.07623	0.13422	0.02078	0.01176	0.00315	0.00473	0.01828	0.01083	0.00932
16	0.07709	0.06196	0.02865	0.02064	0.02858	0.02726	0.01719	0.38050	0.03892	0.12990	0.02436	0.02412	0.01723	0.01129	0.00934	0.00284	0.01013	0.00845	0.00941	0.07216
17	0.02434	0.02355	0.04059	0.05693	0.51360	0.02316	0.06749	0.03035	0.02263	0.03252	0.01879	0.02459	0.01568	0.00875	0.00985	0.00290	0.01193	0.00891	0.00500	0.05843
18	0.08464	0.24632	0.07635	0.02017	0.02802	0.07101	0.01833	0.15658	0.13704	0.03859	0.02196	0.02261	0.01713	0.01057	0.00836	0.00276	0.01074	0.00760	0.00697	0.01425
19	0.04473	0.01697	0.02313	0.01774	0.02545	0.01465	0.01465	0.04858	0.02853	0.59437	0.03933	0.03393	0.02468	0.01234	0.01003	0.00308	0.00848	0.01003	0.01234	0.01697
20	0.07498	0.18969	0.03174	0.01965	0.02669	0.03008	0.01661	0.17573	0.25234	0.04260	0.02745	0.02677	0.02098	0.01152	0.00885	0.00293	0.00941	0.00872	0.00829	0.01497
21	0.02628	0.10623	0.11046	0.01936	0.02803	0.01877	0.05214	0.03157	0.02299	0.16071	0.05459	0.06088	0.02357	0.01106	0.00898	0.00253	0.00952	0.00927	0.00733	0.23574
22	0.02994	0.28209	0.03750	0.01995	0.02731	0.06751	0.05891	0.03742	0.10373	0.15454	0.06556	0.02835	0.02413	0.01108	0.00875	0.00273	0.01033	0.00876	0.00752	0.01387
23	0.02030	0.04963	0.56114	0.02789	0.04204	0.02326	0.03548	0.03294	0.05618	0.03222	0.01934	0.02208	0.01377	0.00973	0.00951	0.00317	0.01429	0.00762	0.00459	0.01480
24	0.01183	0.00992	0.01028	0.01057	0.01359	0.00838	0.00778	0.01425	0.02227	0.02675	0.09524	0.16423	0.51884	0.02599	0.01190	0.00345	0.00514	0.02195	0.00926	0.00838
25	0.02420	0.02321	0.03961	0.10661	0.54572	0.02356	0.03036	0.03018	0.02248	0.03200	0.01867	0.02483	0.01559	0.00897	0.00988	0.00299	0.01196	0.00888	0.00489	0.01541
26	0.02467	0.02369	0.04046	0.06119	0.58747	0.02369	0.03059	0.03059	0.02270	0.03257	0.01875	0.02467	0.01579	0.00888	0.00987	0.00296	0.01184	0.00888	0.00493	0.01579
27	0.04473	0.01697	0.02313	0.01774	0.02545	0.01465	0.01465	0.04858	0.02853	0.59437	0.03933	0.03393	0.02468	0.01234	0.01003	0.00308	0.00848	0.01003	0.01234	0.01697
28	0.01893	0.01758	0.02502	0.02232	0.02299	0.02367	0.01826	0.02164	0.01555	0.02367	0.01826	0.02840	0.01758	0.03922	0.25208	0.00879	0.40168	0.00947	0.00473	0.01014
29	0.01883	0.01772	0.02990	0.62569	0.06866	0.02215	0.02769	0.02547	0.01993	0.02547	0.01772	0.02658	0.01329	0.00997	0.00997	0.00332	0.01329	0.00886	0.00443	0.01107
30	0.02467	0.02369	0.04046	0.06119	0.58747	0.02369	0.03059	0.03059	0.02270	0.03257	0.01875	0.02467	0.01579	0.00888	0.00987	0.00296	0.01184	0.00888	0.00493	0.01579
31	0.02433	0.01207	0.01640	0.01598	0.01936	0.01097	0.01227	0.02728	0.02306	0.22771	0.04906	0.34094	0.04992	0.02394	0.01194	0.00380	0.00729	0.10195	0.01033	0.01142
32	0.04473	0.01697	0.02313	0.01774	0.02545	0.01465	0.01465	0.04858	0.02853	0.59437	0.03933	0.03393	0.02468	0.01234	0.01003	0.00308	0.00848	0.01003	0.01234	0.01697
33	0.01239	0.00923	0.01153	0.01284	0.01431	0.00838	0.00891	0.01478	0.02136	0.02814	0.15077	0.43177	0.18287	0.02817	0.01236	0.00375	0.00545	0.02508	0.00953	0.00838
34	0.02467	0.02369	0.04046	0.06119	0.58747	0.02369	0.03059	0.03059	0.02270	0.03257	0.01875	0.02467	0.01579	0.00888	0.00987	0.00296	0.01184	0.00888	0.00493	0.01579
35	0.02202	0.02552	0.06967	0.02237	0.02506	0.14837	0.01871	0.02518	0.01987	0.02527	0.02636	0.16359	0.02791	0.02302	0.06246	0.00467	0.23267	0.04086	0.00593	0.01050
36	0.02181	0.02181	0.03053	0.02617	0.02617	0.03053	0.02181	0.02399	0.01527	0.02399	0.01309	0.02181	0.01309	0.01745	0.03272	0.00436	0.63141	0.00872	0.00436	0.01091
37	0.02067	0.01772	0.02067	0.01477	0.02362	0.01329	0.01181	0.02510	0.02067	0.03248	0.01772	0.02067	0.01477	0.00738	0.00738	0.00148	0.00738	0.00591	0.00591	0.71059
38	0.02665	0.65565	0.05224	0.01706	0.02559	0.03945	0.01706	0.02985	0.02026	0.02345	0.01386	0.01599	0.01279	0.00853	0.00640	0.00213	0.01066	0.00533	0.00426	0.01279
39	0.02467	0.02369	0.04046	0.06119	0.58747	0.02369	0.03059	0.03059	0.02270	0.03257	0.01875	0.02467	0.01579	0.00888	0.00987	0.00296	0.01184	0.00888	0.00493	0.01579
40	0.72007	0.01928	0.01465	0.01311	0.01928	0.02236	0.01080	0.02930	0.01697	0.04473	0.01388	0.01619	0.01080	0.00925	0.00617	0.00308	0.00771	0.00540	0.00617	0.01080
41	0.72007	0.01928	0.01465	0.01311	0.01928	0.02236	0.01080	0.02930	0.01697	0.04473	0.01388	0.01619	0.01080	0.00925	0.00617	0.00308	0.00771	0.00540	0.00617	0.01080
42	0.02621	0.61574	0.08830	0.01781	0.02675	0.03837	0.01836	0.02996	0.02031	0.02399	0.01413	0.01633	0.01278	0.00859	0.00660	0.00220	0.01093	0.00547	0.00426	0.01292
43	0.02033	0.03489	0.31355	0.02169	0.03353	0.01829	0.02451	0.02838	0.02086	0.03202	0.01781	0.02086	0.01368	0.00844	0.00844	0.00233	0.01111	0.00665	0.00505	0.35758
44	0.02558	0.17633	0.30107	0.02520	0.03592	0.02629	0.06908	0.03312	0.02170	0.11283	0.01997	0.02237	0.01469	0.01026	0.01098	0.00303	0.06408	0.00777	0.00551	0.01421
45	0.02381	0.02243	0.03711	0.05464	0.50550	0.02257	0.02793	0.03100	0.05685	0.03374	0.06671	0.02956	0.02317	0.01012	0.01004	0.00300	0.01101	0.00979	0.00576	0.01526
46	0.01450	0.00966	0.01087	0.01087	0.01087	0.00966	0.00604	0.01450	0.01450	0.01933	0.03141	0.06524	0.03624	0.64965	0.05074	0.00966	0.00966	0.01450	0.00604	0.00604
47	0.02467	0.02369	0.04046	0.06119	0.58747	0.02369	0.03059	0.03059	0.02270	0.03257	0.01875	0.02467	0.01579	0.00888	0.00987	0.00296	0.01184	0.00888	0.00493	0.01579
48	0.01999	0.05157	0.59800	0.02841	0.04315	0.02315	0.03683	0.03157	0.02105	0.03157	0.01789	0.02105	0.01263	0.00947	0.00947	0.00316	0.01473	0.00737	0.00421	0.01473
49	0.01282	0.01005	0.01070	0.01054	0.01361	0.00869	0.00791	0.01598	0.02372	0.03049	0.19553	0.08665	0.43579	0.02312	0.01138	0.00323	0.00494	0.01945	0.06671	0.00869
50	0.03464	0.03866	0.02728	0.02406	0.02977	0.38845	0.01845	0.12641	0.14879	0.03441	0.02226	0.02312	0.01733	0.01125	0.00940	0.00281	0.01465	0.00789	0.00701	0.01335
51	0.02751	0.03882	0.38022	0.02505	0.03648	0.02123	0.02899	0.03602	0.02280	0.19857	0.02388	0.02495	0.01625	0.01098	0.01154	0.00323	0.06348	0.00827	0.00664	0.01508
52	0.04473	0.01697	0.02313	0.01774	0.02545	0.01465	0.01465	0.04858	0.02853	0.59437	0.03933	0.03393	0.02468	0.01234	0.01003	0.00308	0.00848	0.01003	0.01234	0.01697
53	0.01517	0.01195	0.01740	0.01687	0.01831	0.01444	0.01312	0.01831	0.01582	0.02297	0.02540	0.03897	0.02432	0.10986	0.49957	0.01415	0.09844	0.01072	0.00527	0.00893
54	0.02412	0.42616	0.25957	0.02137	0.03226	0.03326	0.02457	0.03050	0.02056	0.02654	0.01539	0.01791	0.01273	0.00889	0.00756	0.00252	0.01221	0.00610	0.00424	0.01353
55	0.01518	0.01086	0.01361	0.01279	0.01536	0.01041	0.00963	0.02142	0.06339	0.03986	0.50220	0.06900	0.08435	0.01922	0.01127	0.00309	0.00491	0.01688	0.06676	0.00982
56	0.01215	0.00868	0.01157	0.01388	0.01446	0.00810	0.00925	0.01388	0.01909	0.02545	0.05495	0.64315	0.06593	0.03123	0.01272	0.00405	0.00578	0.02834	0.00925	0.00810
57	0.02808	0.02365	0.03354	0.20265	0.23267	0.02601	0.02537	0.22811	0.03112	0.04210	0.02044	0.02492	0.01554	0.01035	0.00994	0.00307	0.01191	0.00891	0.00671	0.01493
58	0.02665	0.65565	0.05224	0.01706	0.02559	0.03945	0.01706	0.02985	0.02026	0.02345	0.01386	0.01599	0.01279	0.00853	0.00640	0.00213	0.01066	0.00533	0.00426	0.01279
59	0.02413	0.07219	0.07175	0.01684	0.02601	0.01744	0.01499	0.06180	0.02298	0.07884	0.01956	0.02160	0.01537	0.00834	0.00786	0.00189	0.00857	0.00651	0.00641	0.49692
60	0.02326	0.09209	0.35213	0.03638	0.19187	0.07313	0.03206	0.03184	0.02204	0.03060	0.01760	0.02139	0.01354	0.00930	0.00929	0.00297	0.01387	0.00755	0.00449	0.01461
61	0.02467	0.02369	0.04046	0.06119	0.58747	0.02369	0.03059	0.03059	0.02270	0.03257	0.01875	0.02467	0.01579	0.00888	0.00987	0.00296	0.01184	0.00888	0.00493	0.01579
62	0.01949	0.01840	0.03111	0.56112	0.12801	0.02232	0.02802	0.02606	0.02025	0.02628	0.01784	0.02636	0.01358	0.00984	0.00996	0.00328	0.01312	0.00886	0.00449	0.01161
63	0.02356	0.06871	0.28593	0.10855	0.16413	0.02348	0.07263	0.03195	0.02205	0.07719	0.01980	0.02379	0.01461	0.00950	0.00968	0.00309	0.01335	0.00835	0.00514	0.01449
64	0.01324	0.01089	0.01183	0.01222	0.01522	0.00994	0.00921	0.01787	0.06614	0.02812	0.08468	0.18130	0.41151	0.02546	0.01197	0.00358	0.00574	0.06274	0.00932	0.00902
65	0.01424	0.01068	0.01602	0.01602	0.01780	0.01246	0.01246	0.01780	0.01602	0.02314	0.02670	0.03916	0.02492	0.07477	0.61015	0.01602	0.02670	0.01068	0.00534	0.00890
66	0.02665	0.65565	0.05224	0.01706	0.02559	0.03945	0.01706	0.02985	0.02026	0.02345	0.01386	0.01599	0.01279	0.00853	0.00640	0.00213	0.01066	0.00533	0.00426	0.01279

[dist]
# distance from previous block
# <min> <max>
0	23

[block]
# block no. 1 follows, 15 sequences, length 12
# corresponding to MSA columns:
# 130-141
name=unknown_B
#
# <colnr> <probs for GDERKNQSTAVLIFYWHMCP>
#	G	D	E	R	K	N	Q	S	T	A	V	L	I	F	Y	W	H	M	C	P
0	0.02347	0.03316	0.17136	0.07763	0.04969	0.06854	0.36408	0.03201	0.02310	0.03085	0.01915	0.02493	0.01429	0.00888	0.01094	0.00325	0.01621	0.01021	0.00483	0.01342
1	0.01431	0.01040	0.01460	0.01460	0.01589	0.01169	0.01069	0.01689	0.01560	0.02209	0.02800	0.04635	0.02804	0.23319	0.45599	0.01427	0.02201	0.01173	0.00553	0.00811
2	0.72007	0.01928	0.01465	0.01311	0.01928	0.02236	0.01080	0.02930	0.01697	0.04473	0.01388	0.01619	0.01080	0.00925	0.00617	0.00308	0.00771	0.00540	0.00617	0.01080
3	0.01999	0.05157	0.59800	0.02841	0.04315	0.02315	0.03683	0.03157	0.02105	0.03157	0.01789	0.02105	0.01263	0.00947	0.00947	0.00316	0.01473	0.00737	0.00421	0.01473
4	0.02190	0.22428	0.44196	0.02517	0.03813	0.02781	0.03118	0.03108	0.02082	0.02925	0.01674	0.01960	0.01268	0.00920	0.00859	0.00286	0.01357	0.00678	0.00423	0.01418
5	0.14493	0.01731	0.02188	0.01705	0.02453	0.01580	0.01408	0.04572	0.02682	0.51281	0.03555	0.03130	0.02262	0.01188	0.00945	0.00308	0.00837	0.00934	0.01142	0.01605
6	0.01266	0.00949	0.01143	0.01222	0.01391	0.00860	0.00849	0.01506	0.02153	0.02821	0.17205	0.31411	0.21869	0.08731	0.01594	0.00421	0.00573	0.02281	0.00929	0.00825
7	0.02467	0.02369	0.04046	0.06119	0.58747	0.02369	0.03059	0.03059	0.02270	0.03257	0.01875	0.02467	0.01579	0.00888	0.00987	0.00296	0.01184	0.00888	0.00493	0.01579
8	0.02189	0.22368	0.44251	0.02518	0.03814	0.02779	0.03120	0.03108	0.02082	0.02926	0.01674	0.01961	0.01268	0.00920	0.00860	0.00287	0.01357	0.00679	0.00423	0.01418
9	0.72007	0.01928	0.01465	0.01311	0.01928	0.02236	0.01080	0.02930	0.01697	0.04473	0.01388	0.01619	0.01080	0.00925	0.00617	0.00308	0.00771	0.00540	0.00617	0.01080
10	0.32748	0.01480	0.01517	0.01547	0.01949	0.01609	0.01309	0.02430	0.02081	0.03741	0.08693	0.06616	0.04032	0.01875	0.01021	0.00378	0.00810	0.24370	0.00802	0.00992
11	0.51402	0.01751	0.01545	0.01435	0.01993	0.01932	0.01199	0.02714	0.01853	0.04058	0.02236	0.03676	0.02090	0.01293	0.00786	0.00327	0.00799	0.11346	0.00678	0.06887

[dist]
# distance from previous block
# <min> <max>
2	6

[block]
# block no. 2 follows, 15 sequences, length 11
# corresponding to MSA columns:
# 148-158
name=unknown_C
#
# <colnr> <probs for GDERKNQSTAVLIFYWHMCP>
#	G	D	E	R	K	N	Q	S	T	A	V	L	I	F	Y	W	H	M	C	P
0	0.58697	0.01973	0.01687	0.01445	0.02094	0.02219	0.01191	0.07466	0.02074	0.10889	0.01761	0.01885	0.01289	0.00983	0.00692	0.00308	0.00807	0.00622	0.00719	0.01201
1	0.72007	0.01928	0.01465	0.01311	0.01928	0.02236	0.01080	0.02930	0.01697	0.04473	0.01388	0.01619	0.01080	0.00925	0.00617	0.00308	0.00771	0.00540	0.00617	0.01080
2	0.45857	0.02259	0.02050	0.01688	0.02374	0.02564	0.01392	0.23052	0.02843	0.05167	0.01773	0.01916	0.01316	0.01029	0.00763	0.00305	0.00896	0.00677	0.00763	0.01316
3	0.01798	0.01407	0.01798	0.01687	0.02189	0.01223	0.01430	0.02250	0.02200	0.03094	0.03821	0.07430	0.03966	0.01916	0.01111	0.00330	0.00843	0.30654	0.00782	0.30072
4	0.03238	0.01997	0.02641	0.02054	0.02667	0.02011	0.07513	0.20948	0.03064	0.20520	0.02993	0.03763	0.02388	0.17233	0.02046	0.00474	0.01057	0.01099	0.00912	0.01381
5	0.02665	0.65565	0.05224	0.01706	0.02559	0.03945	0.01706	0.02985	0.02026	0.02345	0.01386	0.01599	0.01279	0.00853	0.00640	0.00213	0.01066	0.00533	0.00426	0.01279
6	0.01187	0.00974	0.01047	0.01104	0.01371	0.00834	0.00799	0.01420	0.02181	0.02656	0.08948	0.23275	0.45404	0.02674	0.01202	0.00354	0.00523	0.02286	0.00926	0.00834
7	0.01429	0.00958	0.01094	0.01114	0.01120	0.00952	0.00633	0.01444	0.01491	0.01988	0.03353	0.11734	0.03892	0.59390	0.04731	0.00916	0.00931	0.01575	0.00633	0.00623
8	0.11437	0.26476	0.32491	0.02232	0.03369	0.02891	0.02629	0.03065	0.02023	0.03038	0.01591	0.01859	0.01245	0.00910	0.00793	0.00278	0.01234	0.00638	0.00449	0.01352
9	0.02370	0.02189	0.10595	0.02570	0.03269	0.01703	0.18081	0.02953	0.02306	0.14382	0.03602	0.18885	0.03404	0.01714	0.01158	0.00359	0.01127	0.07291	0.00792	0.01252
10	0.01499	0.01046	0.01360	0.01508	0.01632	0.01038	0.01156	0.01755	0.01940	0.02548	0.04537	0.16518	0.05089	0.25195	0.02694	0.00635	0.00891	0.27363	0.00806	0.00791

[dist]
# distance from previous block
# <min> <max>
6	15

[block]
# block no. 3 follows, 15 sequences, length 134
# corresponding to MSA columns:
# 176-309
name=unknown_D
#
# <colnr> <probs for GDERKNQSTAVLIFYWHMCP>
#	G	D	E	R	K	N	Q	S	T	A	V	L	I	F	Y	W	H	M	C	P
0	0.39770	0.01913	0.02134	0.22646	0.03746	0.02237	0.01736	0.06065	0.02045	0.07011	0.01725	0.02126	0.01281	0.00984	0.00793	0.00316	0.00989	0.00707	0.00614	0.01161
1	0.53989	0.01951	0.01860	0.13396	0.02970	0.02285	0.01462	0.06128	0.01941	0.04208	0.01526	0.01872	0.01167	0.00956	0.00715	0.00313	0.00901	0.00630	0.00606	0.01123
2	0.02404	0.02056	0.03389	0.40810	0.05776	0.02340	0.10583	0.10500	0.02498	0.06962	0.02043	0.02673	0.01486	0.01018	0.01025	0.00326	0.01317	0.00940	0.00586	0.01268
3	0.02871	0.02370	0.03972	0.02885	0.03792	0.02226	0.25209	0.13694	0.02825	0.11629	0.02304	0.02591	0.01674	0.00944	0.01020	0.00284	0.01242	0.00968	0.00723	0.16775
4	0.01931	0.01822	0.03078	0.57868	0.11187	0.02228	0.02793	0.02590	0.02016	0.02606	0.01780	0.02642	0.01350	0.00988	0.00996	0.00329	0.01317	0.00886	0.00447	0.01147
5	0.01925	0.04029	0.41539	0.02691	0.03861	0.02066	0.09430	0.02907	0.02278	0.03329	0.13075	0.03242	0.02918	0.01152	0.01021	0.00318	0.01299	0.01003	0.00566	0.01351
6	0.01883	0.01772	0.02990	0.62569	0.06866	0.02215	0.02769	0.02547	0.01993	0.02547	0.01772	0.02658	0.01329	0.00997	0.00997	0.00332	0.01329	0.00886	0.00443	0.01107
7	0.02216	0.02112	0.03593	0.30348	0.36479	0.02303	0.02935	0.02840	0.02151	0.02952	0.01831	0.02549	0.01472	0.00935	0.00991	0.00312	0.01246	0.00887	0.00472	0.01377
8	0.31343	0.02443	0.02375	0.01897	0.02622	0.02746	0.01566	0.34220	0.03479	0.05552	0.01987	0.02081	0.01447	0.01087	0.00844	0.00303	0.00965	0.00753	0.00844	0.01447
9	0.02106	0.14806	0.51082	0.02660	0.04034	0.02575	0.03367	0.03130	0.02092	0.03027	0.01725	0.02024	0.01265	0.00932	0.00898	0.00299	0.01408	0.00704	0.00422	0.01442
10	0.02752	0.60575	0.05027	0.01777	0.02602	0.08623	0.01724	0.03067	0.02091	0.02353	0.01399	0.01615	0.01280	0.00867	0.00661	0.00217	0.01126	0.00542	0.00434	0.01269
11	0.01411	0.01019	0.01333	0.01254	0.01489	0.00941	0.00941	0.01881	0.02822	0.03998	0.58221	0.07447	0.09406	0.02038	0.01176	0.00314	0.00470	0.01803	0.01097	0.00941
12	0.01489	0.01158	0.01711	0.01500	0.01799	0.01072	0.05454	0.01991	0.02783	0.03931	0.53540	0.07050	0.08749	0.01938	0.01176	0.00315	0.00571	0.01751	0.01048	0.00974
13	0.02181	0.02181	0.03053	0.02617	0.02617	0.03053	0.02181	0.02399	0.01527	0.02399	0.01309	0.02181	0.01309	0.01745	0.03272	0.00436	0.63141	0.00872	0.00436	0.01091
14	0.16225	0.02148	0.03237	0.09262	0.36280	0.02216	0.02447	0.03221	0.02210	0.10570	0.02033	0.02435	0.01574	0.00948	0.00918	0.00303	0.01073	0.00835	0.00607	0.01458
15	0.01293	0.00924	0.01247	0.01478	0.01570	0.00877	0.01062	0.01523	0.01986	0.02632	0.05451	0.53705	0.06422	0.03049	0.01293	0.00416	0.00646	0.12671	0.00924	0.00831
16	0.02409	0.02498	0.04301	0.04895	0.33616	0.06084	0.19099	0.03022	0.02302	0.03125	0.02199	0.07644	0.01957	0.01068	0.01064	0.00315	0.01329	0.01125	0.00534	0.01414
17	0.01409	0.00981	0.01264	0.01254	0.01453	0.00914	0.00917	0.01820	0.02579	0.03684	0.43123	0.18481	0.08274	0.02182	0.01155	0.00325	0.00491	0.01936	0.06843	0.00914
18	0.12028	0.02441	0.02433	0.01934	0.02677	0.06035	0.01560	0.24184	0.11593	0.04710	0.02309	0.02378	0.01742	0.01058	0.00878	0.00265	0.00959	0.00792	0.00817	0.19206
19	0.01215	0.00868	0.01157	0.01388	0.01446	0.00810	0.00925	0.01388	0.01909	0.02545	0.05495	0.64315	0.06593	0.03123	0.01272	0.00405	0.00578	0.02834	0.00925	0.00810
20	0.02086	0.13022	0.52694	0.02693	0.04086	0.02527	0.03426	0.03135	0.02094	0.03051	0.01737	0.02039	0.01265	0.00935	0.00907	0.00302	0.01420	0.00710	0.00422	0.01448
21	0.02434	0.44615	0.24151	0.02100	0.03168	0.03379	0.02392	0.03045	0.02053	0.02627	0.01526	0.01774	0.01274	0.00886	0.00746	0.00249	0.01207	0.00604	0.00425	0.01347
22	0.01309	0.00936	0.01261	0.01467	0.01573	0.00888	0.01063	0.01564	0.02061	0.02752	0.09778	0.49038	0.06653	0.02960	0.01285	0.00408	0.00637	0.12586	0.00938	0.00842
23	0.01424	0.01068	0.01602	0.01602	0.01780	0.01246	0.01246	0.01780	0.01602	0.02314	0.02670	0.03916	0.02492	0.07477	0.61015	0.01602	0.02670	0.01068	0.00534	0.00890
24	0.07699	0.03287	0.02838	0.03003	0.13652	0.27123	0.01992	0.07063	0.13800	0.06536	0.02295	0.02433	0.01778	0.01082	0.00933	0.00290	0.01312	0.00817	0.00688	0.01381
25	0.72007	0.01928	0.01465	0.01311	0.01928	0.02236	0.01080	0.02930	0.01697	0.04473	0.01388	0.01619	0.01080	0.00925	0.00617	0.00308	0.00771	0.00540	0.00617	0.01080
26	0.16190	0.01813	0.01938	0.01646	0.02193	0.01928	0.01314	0.13675	0.11591	0.11336	0.17630	0.04338	0.07410	0.01474	0.00984	0.00314	0.00754	0.01187	0.00977	0.01308
27	0.02181	0.01844	0.01989	0.01808	0.02291	0.02066	0.01397	0.04363	0.42576	0.04040	0.15278	0.04846	0.07904	0.01566	0.01057	0.00333	0.00707	0.01326	0.01025	0.01403
28	0.02302	0.02200	0.03749	0.22037	0.44117	0.02325	0.02977	0.02915	0.02192	0.03057	0.01846	0.02521	0.01509	0.00919	0.00990	0.00306	0.01225	0.00888	0.00479	0.01446
29	0.02467	0.02369	0.04046	0.06119	0.58747	0.02369	0.03059	0.03059	0.02270	0.03257	0.01875	0.02467	0.01579	0.00888	0.00987	0.00296	0.01184	0.00888	0.00493	0.01579
30	0.01215	0.00868	0.01157	0.01388	0.01446	0.00810	0.00925	0.01388	0.01909	0.02545	0.05495	0.64315	0.06593	0.03123	0.01272	0.00405	0.00578	0.02834	0.00925	0.00810
31	0.03502	0.02772	0.03570	0.02675	0.03515	0.02977	0.12537	0.44981	0.04220	0.05665	0.02318	0.02453	0.01659	0.01125	0.01033	0.00307	0.01214	0.00953	0.00899	0.01625
32	0.01386	0.00990	0.01353	0.01583	0.01716	0.00957	0.01223	0.01684	0.02077	0.02736	0.05400	0.41158	0.06220	0.02962	0.01318	0.00428	0.00727	0.24303	0.00922	0.00857
33	0.03861	0.02323	0.02658	0.02077	0.02835	0.02441	0.01703	0.31194	0.10765	0.24702	0.03149	0.02916	0.02140	0.01230	0.01001	0.00307	0.00970	0.00964	0.01083	0.01681
34	0.02071	0.01964	0.03330	0.44401	0.23564	0.02264	0.02862	0.02712	0.02082	0.02776	0.01805	0.02596	0.01409	0.00962	0.00994	0.00321	0.01282	0.00887	0.00459	0.01259
35	0.03214	0.03683	0.03881	0.03307	0.07994	0.31056	0.18378	0.10286	0.02877	0.03229	0.01823	0.02200	0.01430	0.00981	0.01004	0.00290	0.01625	0.00858	0.00571	0.01316
36	0.01298	0.00969	0.01206	0.01244	0.01444	0.00877	0.00896	0.01626	0.02410	0.03249	0.30890	0.26095	0.19158	0.02491	0.01207	0.00348	0.00512	0.02198	0.01005	0.00877
37	0.01857	0.01685	0.02551	0.02902	0.18114	0.01521	0.06068	0.02284	0.02158	0.02996	0.04223	0.16108	0.13871	0.01620	0.01039	0.00294	0.00864	0.01471	0.00689	0.17686
38	0.01858	0.00929	0.00929	0.00929	0.01161	0.00929	0.00697	0.02323	0.02091	0.03717	0.03252	0.03717	0.02555	0.01161	0.00697	0.00232	0.00465	0.00929	0.70499	0.00929
39	0.07814	0.26414	0.08292	0.01859	0.02761	0.02562	0.05048	0.02976	0.02097	0.06712	0.01756	0.01985	0.01421	0.00853	0.00754	0.00222	0.00994	0.00642	0.00553	0.24284
40	0.06584	0.02144	0.02856	0.03482	0.24058	0.02287	0.02070	0.07386	0.21925	0.07531	0.02892	0.03010	0.02208	0.01118	0.00957	0.00308	0.00941	0.00965	0.05757	0.01519
41	0.01858	0.00929	0.00929	0.00929	0.01161	0.00929	0.00697	0.02323	0.02091	0.03717	0.03252	0.03717	0.02555	0.01161	0.00697	0.00232	0.00465	0.00929	0.70499	0.00929
42	0.02893	0.18481	0.03787	0.09469	0.06650	0.07891	0.06381	0.17657	0.06719	0.03718	0.01985	0.02283	0.01563	0.01073	0.01062	0.00292	0.05232	0.00820	0.00646	0.01395
43	0.72007	0.01928	0.01465	0.01311	0.01928	0.02236	0.01080	0.02930	0.01697	0.04473	0.01388	0.01619	0.01080	0.00925	0.00617	0.00308	0.00771	0.00540	0.00617	0.01080
44	0.03049	0.02566	0.03088	0.03484	0.21462	0.07394	0.02172	0.16952	0.17293	0.08190	0.02696	0.02787	0.02031	0.01123	0.00990	0.00305	0.01086	0.00941	0.00810	0.01581
45	0.72007	0.01928	0.01465	0.01311	0.01928	0.02236	0.01080	0.02930	0.01697	0.04473	0.01388	0.01619	0.01080	0.00925	0.00617	0.00308	0.00771	0.00540	0.00617	0.01080
46	0.03573	0.02685	0.02870	0.02250	0.03009	0.02990	0.01842	0.47135	0.13328	0.05933	0.02669	0.02613	0.01918	0.01222	0.01000	0.00306	0.01046	0.00935	0.01000	0.01676
47	0.02381	0.02280	0.03890	0.14458	0.51082	0.02346	0.03016	0.02984	0.02229	0.03152	0.01860	0.02495	0.01542	0.00904	0.00988	0.00301	0.01206	0.00888	0.00486	0.01509
48	0.03554	0.02675	0.02859	0.02246	0.03002	0.02981	0.01838	0.46411	0.14082	0.05903	0.02693	0.02632	0.01938	0.01225	0.01000	0.00306	0.01042	0.00939	0.01000	0.01674
49	0.72007	0.01928	0.01465	0.01311	0.01928	0.02236	0.01080	0.02930	0.01697	0.04473	0.01388	0.01619	0.01080	0.00925	0.00617	0.00308	0.00771	0.00540	0.00617	0.01080
50	0.03065	0.02103	0.03402	0.09353	0.36401	0.02065	0.02522	0.03596	0.02435	0.21280	0.02529	0.02781	0.01845	0.01008	0.00993	0.00303	0.01088	0.00925	0.00728	0.01578
51	0.02401	0.02089	0.03186	0.33614	0.09720	0.02373	0.06739	0.15837	0.02716	0.03597	0.02220	0.06942	0.01829	0.01176	0.01030	0.00326	0.01234	0.01051	0.00626	0.01293
52	0.24141	0.01345	0.01558	0.01508	0.01828	0.01565	0.01193	0.02150	0.01633	0.03009	0.02258	0.03177	0.02038	0.05368	0.41575	0.01186	0.02059	0.00898	0.00561	0.00951
53	0.07208	0.03326	0.25093	0.02372	0.03230	0.02467	0.02450	0.03926	0.24502	0.03574	0.02632	0.02742	0.01986	0.01209	0.01236	0.00339	0.08687	0.00899	0.00680	0.01441
54	0.01858	0.00929	0.00929	0.00929	0.01161	0.00929	0.00697	0.02323	0.02091	0.03717	0.03252	0.03717	0.02555	0.01161	0.00697	0.00232	0.00465	0.00929	0.70499	0.00929
55	0.11111	0.03721	0.19239	0.06986	0.03898	0.17705	0.11913	0.03487	0.06848	0.03178	0.01904	0.02244	0.01444	0.00984	0.00944	0.00306	0.01442	0.00810	0.00535	0.01302
56	0.11298	0.01975	0.02039	0.01841	0.02371	0.02258	0.01435	0.04571	0.43153	0.04188	0.10399	0.03909	0.03576	0.01382	0.00983	0.00331	0.00747	0.01135	0.00973	0.01435
57	0.01858	0.00929	0.00929	0.00929	0.01161	0.00929	0.00697	0.02323	0.02091	0.03717	0.03252	0.03717	0.02555	0.01161	0.00697	0.00232	0.00465	0.00929	0.70499	0.00929
58	0.02307	0.02281	0.03826	0.16109	0.11032	0.02669	0.14910	0.06452	0.02136	0.02998	0.01720	0.02452	0.01422	0.01229	0.01853	0.00364	0.23534	0.00951	0.00500	0.01257
59	0.72007	0.01928	0.01465	0.01311	0.01928	0.02236	0.01080	0.02930	0.01697	0.04473	0.01388	0.01619	0.01080	0.00925	0.00617	0.00308	0.00771	0.00540	0.00617	0.01080
60	0.03459	0.02443	0.02669	0.02142	0.02862	0.02686	0.01738	0.32888	0.21158	0.12450	0.03124	0.02946	0.02226	0.01251	0.01003	0.00313	0.00966	0.00984	0.01033	0.01658
61	0.72007	0.01928	0.01465	0.01311	0.01928	0.02236	0.01080	0.02930	0.01697	0.04473	0.01388	0.01619	0.01080	0.00925	0.00617	0.00308	0.00771	0.00540	0.00617	0.01080
62	0.01393	0.01018	0.01308	0.01235	0.01478	0.00933	0.00927	0.01847	0.02780	0.03898	0.54541	0.07611	0.13148	0.02075	0.01176	0.00315	0.00473	0.01826	0.01084	0.00933
63	0.02248	0.03006	0.15942	0.11453	0.15915	0.02412	0.28048	0.03080	0.02243	0.03120	0.01913	0.02524	0.01453	0.00890	0.01071	0.00324	0.01497	0.00995	0.00478	0.01388
64	0.01422	0.01025	0.01355	0.01338	0.01560	0.00958	0.01025	0.01870	0.02689	0.03764	0.47678	0.11960	0.08735	0.02207	0.01208	0.00339	0.00536	0.08338	0.01062	0.00928
65	0.02037	0.01795	0.02576	0.02796	0.13458	0.02082	0.01894	0.05440	0.02340	0.03360	0.20128	0.04689	0.04355	0.01719	0.01852	0.00363	0.21846	0.05375	0.00733	0.01161
66	0.01340	0.00973	0.01276	0.01390	0.01555	0.00910	0.01030	0.01662	0.02294	0.03096	0.22781	0.33053	0.11314	0.02667	0.01251	0.00379	0.00594	0.10582	0.00980	0.00872
67	0.01883	0.01772	0.02990	0.62569	0.06866	0.02215	0.02769	0.02547	0.01993	0.02547	0.01772	0.02658	0.01329	0.00997	0.00997	0.00332	0.01329	0.00886	0.00443	0.01107
68	0.02469	0.02057	0.03327	0.02392	0.03302	0.01730	0.18580	0.03032	0.02260	0.10459	0.02129	0.02438	0.01616	0.00835	0.00913	0.00229	0.01056	0.00832	0.00646	0.39698
69	0.01198	0.00933	0.01089	0.01214	0.01400	0.00824	0.00848	0.01408	0.02076	0.02613	0.07616	0.39107	0.30432	0.02847	0.01229	0.00373	0.00545	0.02498	0.00926	0.00824
70	0.50271	0.01853	0.01738	0.01460	0.02126	0.01988	0.01204	0.03551	0.02069	0.22163	0.02207	0.02190	0.01526	0.01025	0.00741	0.00308	0.00796	0.00689	0.00815	0.01278
71	0.02067	0.01772	0.02067	0.01477	0.02362	0.01329	0.01181	0.02510	0.02067	0.03248	0.01772	0.02067	0.01477	0.00738	0.00738	0.00148	0.00738	0.00591	0.00591	0.71059
72	0.72007	0.01928	0.01465	0.01311	0.01928	0.02236	0.01080	0.02930	0.01697	0.04473	0.01388	0.01619	0.01080	0.00925	0.00617	0.00308	0.00771	0.00540	0.00617	0.01080
73	0.01606	0.01147	0.01606	0.01836	0.02065	0.01147	0.01606	0.02065	0.02295	0.02983	0.05278	0.11245	0.05737	0.02754	0.01377	0.00459	0.00918	0.52037	0.00918	0.00918
74	0.01454	0.01059	0.01393	0.01419	0.01661	0.00998	0.01137	0.01902	0.02608	0.03566	0.37352	0.08835	0.12313	0.02307	0.01240	0.00362	0.00616	0.17826	0.01026	0.00925
75	0.02353	0.02689	0.05882	0.04202	0.05210	0.02521	0.55126	0.03193	0.02353	0.03193	0.02017	0.02689	0.01513	0.00840	0.01176	0.00336	0.01681	0.01176	0.00504	0.01345
76	0.02353	0.02689	0.05882	0.04202	0.05210	0.02521	0.55126	0.03193	0.02353	0.03193	0.02017	0.02689	0.01513	0.00840	0.01176	0.00336	0.01681	0.01176	0.00504	0.01345
77	0.01316	0.01054	0.01202	0.01276	0.01578	0.00940	0.01031	0.01635	0.02280	0.02786	0.08547	0.10125	0.41411	0.02598	0.01242	0.00376	0.00638	0.18175	0.00923	0.00866
78	0.02353	0.02689	0.05882	0.04202	0.05210	0.02521	0.55126	0.03193	0.02353	0.03193	0.02017	0.02689	0.01513	0.00840	0.01176	0.00336	0.01681	0.01176	0.00504	0.01345
79	0.03072	0.02379	0.03461	0.02663	0.03441	0.02474	0.16735	0.16484	0.20556	0.13223	0.03069	0.03063	0.02201	0.01152	0.01054	0.00324	0.01123	0.01067	0.00902	0.01559
80	0.01784	0.01568	0.02449	0.34158	0.08133	0.01742	0.02069	0.02363	0.02284	0.03118	0.19947	0.04138	0.03957	0.01304	0.01032	0.00309	0.00995	0.01157	0.00669	0.06825
81	0.01858	0.00929	0.00929	0.00929	0.01161	0.00929	0.00697	0.02323	0.02091	0.03717	0.03252	0.03717	0.02555	0.01161	0.00697	0.00232	0.00465	0.00929	0.70499	0.00929
82	0.08079	0.03156	0.02785	0.02241	0.02962	0.17442	0.01799	0.35355	0.03840	0.04986	0.02070	0.02171	0.01537	0.01104	0.00930	0.00278	0.01226	0.00788	0.00822	0.06429
83	0.11412	0.15758	0.14444	0.14888	0.03832	0.13167	0.02272	0.03292	0.06710	0.02990	0.01798	0.02138	0.01409	0.00984	0.00851	0.00289	0.01273	0.00718	0.00518	0.01259
84	0.01858	0.00929	0.00929	0.00929	0.01161	0.00929	0.00697	0.02323	0.02091	0.03717	0.03252	0.03717	0.02555	0.01161	0.00697	0.00232	0.00465	0.00929	0.70499	0.00929
85	0.16010	0.02568	0.02568	0.13695	0.06876	0.16305	0.01901	0.03567	0.02340	0.17210	0.02162	0.02397	0.01572	0.01097	0.01065	0.00309	0.05584	0.00791	0.00694	0.01290
86	0.66291	0.01990	0.01828	0.01548	0.02197	0.02260	0.05515	0.02952	0.01750	0.04368	0.01440	0.01707	0.01115	0.00918	0.00663	0.00311	0.00846	0.00592	0.00608	0.01101
87	0.12326	0.02829	0.02561	0.02125	0.02796	0.13481	0.01698	0.24949	0.14842	0.08680	0.02566	0.02534	0.01879	0.01166	0.00934	0.00301	0.01103	0.00860	0.00879	0.01491
88	0.72007	0.01928	0.01465	0.01311	0.01928	0.02236	0.01080	0.02930	0.01697	0.04473	0.01388	0.01619	0.01080	0.00925	0.00617	0.00308	0.00771	0.00540	0.00617	0.01080
89	0.02101	0.01865	0.03202	0.02549	0.03094	0.01951	0.18691	0.10804	0.02337	0.03231	0.02416	0.03278	0.02050	0.04338	0.32168	0.00987	0.02100	0.01076	0.00598	0.01165
90	0.03384	0.02316	0.02483	0.02015	0.02675	0.05626	0.01622	0.24853	0.14377	0.17038	0.09846	0.03462	0.03054	0.01329	0.01018	0.00308	0.00944	0.01063	0.01037	0.01549
91	0.01892	0.01508	0.01791	0.01585	0.02024	0.01558	0.05182	0.03129	0.21101	0.03504	0.05639	0.05531	0.20599	0.01642	0.00998	0.00310	0.00682	0.01394	0.18774	0.01157
92	0.02622	0.02100	0.02365	0.01740	0.02597	0.01896	0.01411	0.19540	0.02910	0.04225	0.01972	0.02172	0.01547	0.00886	0.00822	0.00196	0.00854	0.00689	0.00722	0.48734
93	0.02158	0.02906	0.20997	0.02241	0.03198	0.01851	0.06555	0.02826	0.02096	0.06270	0.02126	0.06255	0.01786	0.01074	0.01085	0.00265	0.05820	0.00877	0.00575	0.29038
94	0.11550	0.02428	0.03106	0.03398	0.20788	0.02644	0.02166	0.24501	0.03166	0.08294	0.02118	0.02372	0.01603	0.01112	0.01135	0.00311	0.06160	0.00856	0.00759	0.01534
95	0.02665	0.65565	0.05224	0.01706	0.02559	0.03945	0.01706	0.02985	0.02026	0.02345	0.01386	0.01599	0.01279	0.00853	0.00640	0.00213	0.01066	0.00533	0.00426	0.01279
96	0.02437	0.02325	0.03864	0.13221	0.29020	0.02433	0.12066	0.06343	0.11421	0.03463	0.02276	0.02738	0.01779	0.00990	0.01028	0.00316	0.01225	0.00980	0.00603	0.01474
97	0.01858	0.00929	0.00929	0.00929	0.01161	0.00929	0.00697	0.02323	0.02091	0.03717	0.03252	0.03717	0.02555	0.01161	0.00697	0.00232	0.00465	0.00929	0.70499	0.00929
98	0.30308	0.02291	0.09479	0.01833	0.02587	0.02005	0.04686	0.03409	0.08320	0.12146	0.06913	0.02759	0.02276	0.01096	0.00849	0.00303	0.00901	0.00846	0.00759	0.06234
99	0.07794	0.07990	0.07992	0.03028	0.07209	0.05942	0.18788	0.14243	0.06968	0.07072	0.02211	0.02475	0.01645	0.01004	0.00989	0.00307	0.01290	0.00927	0.00682	0.01444
100	0.01858	0.00929	0.00929	0.00929	0.01161	0.00929	0.00697	0.02323	0.02091	0.03717	0.03252	0.03717	0.02555	0.01161	0.00697	0.00232	0.00465	0.00929	0.70499	0.00929
101	0.07431	0.10427	0.03827	0.11493	0.25266	0.02695	0.06782	0.06908	0.02262	0.03256	0.01745	0.02296	0.01443	0.01026	0.01217	0.00312	0.08880	0.00840	0.00520	0.01374
102	0.58533	0.01882	0.01634	0.01403	0.02051	0.02083	0.01157	0.03315	0.01927	0.15438	0.01896	0.01973	0.01357	0.00987	0.00694	0.00308	0.00787	0.00632	0.00740	0.01203
103	0.02801	0.02378	0.04103	0.04901	0.36922	0.02339	0.12914	0.07317	0.02545	0.10610	0.02204	0.02622	0.01688	0.00946	0.01027	0.00306	0.01232	0.00960	0.00628	0.01557
104	0.22035	0.01733	0.02189	0.02772	0.20017	0.01802	0.01624	0.02925	0.02096	0.08042	0.02335	0.02698	0.01818	0.01012	0.00791	0.00280	0.00812	0.00812	0.22966	0.01239
105	0.01278	0.00916	0.01213	0.01345	0.01460	0.00852	0.00930	0.01547	0.02203	0.03012	0.22465	0.46011	0.07499	0.02774	0.01241	0.00375	0.00544	0.02502	0.00981	0.00852
106	0.02039	0.01165	0.01551	0.01406	0.01748	0.01062	0.01100	0.02492	0.02785	0.14998	0.43023	0.06948	0.07718	0.01936	0.01158	0.00324	0.00583	0.05765	0.01110	0.01090
107	0.03052	0.02545	0.03622	0.02686	0.03545	0.06740	0.18821	0.16644	0.02992	0.11594	0.02286	0.02510	0.01664	0.00978	0.00994	0.00277	0.01229	0.00917	0.00748	0.16157
108	0.02204	0.23744	0.43007	0.02492	0.03774	0.02817	0.03075	0.03104	0.02080	0.02907	0.01665	0.01949	0.01268	0.00918	0.00853	0.00284	0.01348	0.00674	0.00423	0.01414
109	0.02467	0.02369	0.04046	0.06119	0.58747	0.02369	0.03059	0.03059	0.02270	0.03257	0.01875	0.02467	0.01579	0.00888	0.00987	0.00296	0.01184	0.00888	0.00493	0.01579
110	0.02467	0.02369	0.04046	0.06119	0.58747	0.02369	0.03059	0.03059	0.02270	0.03257	0.01875	0.02467	0.01579	0.00888	0.00987	0.00296	0.01184	0.00888	0.00493	0.01579
111	0.01834	0.01464	0.01698	0.01561	0.01926	0.01550	0.01193	0.03235	0.24264	0.04066	0.36763	0.05970	0.06885	0.01766	0.01112	0.00323	0.00597	0.01535	0.01065	0.01193
112	0.01374	0.00935	0.01110	0.01184	0.01203	0.00916	0.00707	0.01430	0.01597	0.02130	0.03899	0.25124	0.04580	0.45061	0.03850	0.00786	0.00842	0.01895	0.00707	0.00670
113	0.02082	0.12613	0.53064	0.02701	0.04098	0.02516	0.03439	0.03136	0.02095	0.03057	0.01739	0.02042	0.01265	0.00935	0.00909	0.00303	0.01423	0.00712	0.00422	0.01449
114	0.01411	0.01019	0.01333	0.01254	0.01489	0.00941	0.00941	0.01881	0.02822	0.03998	0.58221	0.07447	0.09406	0.02038	0.01176	0.00314	0.00470	0.01803	0.01097	0.00941
115	0.02356	0.02144	0.02997	0.02553	0.02612	0.02932	0.02126	0.02587	0.01628	0.06760	0.01509	0.02274	0.01397	0.01706	0.03098	0.00426	0.58378	0.00882	0.00497	0.01137
116	0.01214	0.01011	0.01060	0.01048	0.01369	0.00857	0.00786	0.01500	0.02357	0.02895	0.17537	0.09262	0.50778	0.02449	0.01178	0.00333	0.00500	0.02057	0.00952	0.00857
117	0.02090	0.13383	0.52368	0.02687	0.04076	0.02537	0.03414	0.03134	0.02094	0.03047	0.01734	0.02036	0.01265	0.00934	0.00905	0.00302	0.01418	0.00709	0.00422	0.01447
118	0.02847	0.02097	0.03397	0.03496	0.21027	0.01895	0.10777	0.03389	0.02377	0.17349	0.02388	0.02632	0.01764	0.00928	0.00957	0.00267	0.01065	0.00887	0.00707	0.19756
119	0.72007	0.01928	0.01465	0.01311	0.01928	0.02236	0.01080	0.02930	0.01697	0.04473	0.01388	0.01619	0.01080	0.00925	0.00617	0.00308	0.00771	0.00540	0.00617	0.01080
120	0.01988	0.01481	0.02069	0.02051	0.02258	0.01709	0.01758	0.02373	0.02121	0.07135	0.04056	0.08089	0.04238	0.02353	0.01883	0.00441	0.18459	0.33707	0.00806	0.01026
121	0.02078	0.01913	0.03181	0.24482	0.30028	0.02055	0.02598	0.02670	0.02245	0.03086	0.08974	0.03763	0.02746	0.01198	0.01041	0.00322	0.01127	0.04619	0.00580	0.01293
122	0.02499	0.02364	0.02845	0.02458	0.02599	0.09858	0.02014	0.02747	0.01802	0.07148	0.01667	0.02377	0.01499	0.02085	0.07531	0.00499	0.45485	0.00871	0.00520	0.01133
123	0.44343	0.03072	0.02016	0.01820	0.02395	0.26029	0.01423	0.03356	0.02154	0.03649	0.01450	0.01692	0.01162	0.00967	0.00731	0.00288	0.01187	0.00581	0.00575	0.01110
124	0.08136	0.02600	0.03979	0.02941	0.03808	0.02670	0.23004	0.26729	0.03394	0.09285	0.02298	0.02538	0.01642	0.01038	0.01042	0.00315	0.01286	0.00992	0.00793	0.01512
125	0.02330	0.02228	0.03798	0.19409	0.46532	0.02332	0.02991	0.02939	0.02205	0.03090	0.01851	0.02512	0.01520	0.00914	0.00989	0.00305	0.01218	0.00888	0.00482	0.01468
126	0.01257	0.01013	0.01119	0.01093	0.01395	0.00875	0.00820	0.01584	0.02459	0.03136	0.26438	0.08865	0.41727	0.02359	0.01177	0.00329	0.00493	0.02002	0.00984	0.00875
127	0.01824	0.01249	0.01557	0.01423	0.01740	0.01219	0.01082	0.05457	0.07376	0.07636	0.43165	0.10631	0.07775	0.01957	0.01148	0.00321	0.00566	0.01715	0.01081	0.01078
128	0.01337	0.00919	0.01120	0.01231	0.01259	0.00892	0.00758	0.01420	0.01669	0.02226	0.04267	0.34160	0.05044	0.35391	0.03256	0.00698	0.00781	0.02112	0.00758	0.00702
129	0.02131	0.02213	0.03705	0.43668	0.06182	0.06449	0.15855	0.02811	0.02142	0.02702	0.01817	0.02605	0.01372	0.00960	0.01035	0.00328	0.01450	0.00942	0.00463	0.01170
130	0.72007	0.01928	0.01465	0.01311	0.01928	0.02236	0.01080	0.02930	0.01697	0.04473	0.01388	0.01619	0.01080	0.00925	0.00617	0.00308	0.00771	0.00540	0.00617	0.01080
131	0.01999	0.05157	0.59800	0.02841	0.04315	0.02315	0.03683	0.03157	0.02105	0.03157	0.01789	0.02105	0.01263	0.00947	0.00947	0.00316	0.01473	0.00737	0.00421	0.01473
132	0.04473	0.01697	0.02313	0.01774	0.02545	0.01465	0.01465	0.04858	0.02853	0.59437	0.03933	0.03393	0.02468	0.01234	0.01003	0.00308	0.00848	0.01003	0.01234	0.01697
133	0.49689	0.22410	0.02675	0.01438	0.02131	0.02786	0.01281	0.02948	0.01802	0.03788	0.01387	0.01613	0.01144	0.00902	0.00624	0.00278	0.00866	0.00538	0.00556	0.01144

[dist]
# distance from previous block
# <min> <max>
0	1

[block]
# block no. 4 follows, 15 sequences, length 25
# corresponding to MSA columns:
# 311-335
name=unknown_E
#
# <colnr> <probs for GDERKNQSTAVLIFYWHMCP>
#	G	D	E	R	K	N	Q	S	T	A	V	L	I	F	Y	W	H	M	C	P
0	0.02908	0.17855	0.20659	0.02308	0.03309	0.03014	0.02373	0.24455	0.06550	0.04302	0.02083	0.02207	0.01553	0.01052	0.00901	0.00287	0.01185	0.00780	0.00693	0.01525
1	0.03159	0.03567	0.29372	0.02393	0.03498	0.02236	0.02602	0.15652	0.02923	0.20915	0.02577	0.02561	0.01727	0.01091	0.00975	0.00310	0.01198	0.00854	0.00799	0.01592
2	0.02233	0.01685	0.02012	0.01498	0.02300	0.01297	0.01187	0.02646	0.02132	0.08798	0.02314	0.07653	0.02024	0.00997	0.00811	0.00186	0.00735	0.00828	0.00684	0.57978
3	0.43215	0.28351	0.03026	0.01475	0.02190	0.02946	0.01340	0.02953	0.01833	0.03589	0.01387	0.01611	0.01163	0.00895	0.00626	0.00269	0.00894	0.00537	0.00538	0.01163
4	0.01660	0.01301	0.01545	0.01540	0.01807	0.01357	0.01128	0.02728	0.18863	0.03497	0.21764	0.27950	0.06409	0.02243	0.01164	0.00356	0.00608	0.01990	0.01007	0.01084
5	0.02252	0.01574	0.07370	0.01585	0.02045	0.01177	0.01345	0.02659	0.02435	0.18923	0.17621	0.23928	0.08838	0.02078	0.01135	0.00343	0.00713	0.01818	0.01003	0.01158
6	0.02067	0.01772	0.02067	0.01477	0.02362	0.01329	0.01181	0.02510	0.02067	0.03248	0.01772	0.02067	0.01477	0.00738	0.00738	0.00148	0.00738	0.00591	0.00591	0.71059
7	0.72007	0.01928	0.01465	0.01311	0.01928	0.02236	0.01080	0.02930	0.01697	0.04473	0.01388	0.01619	0.01080	0.00925	0.00617	0.00308	0.00771	0.00540	0.00617	0.01080
8	0.02665	0.65565	0.05224	0.01706	0.02559	0.03945	0.01706	0.02985	0.02026	0.02345	0.01386	0.01599	0.01279	0.00853	0.00640	0.00213	0.01066	0.00533	0.00426	0.01279
9	0.01247	0.00980	0.01127	0.01160	0.01406	0.00860	0.00843	0.01538	0.02331	0.02997	0.21526	0.21579	0.33787	0.02536	0.01199	0.00346	0.00513	0.02193	0.00970	0.00860
10	0.01247	0.01013	0.01105	0.01082	0.01388	0.00871	0.00811	0.01563	0.02434	0.03076	0.24223	0.08964	0.43979	0.02382	0.01177	0.00330	0.00495	0.02016	0.00976	0.00871
11	0.01360	0.00929	0.01114	0.01202	0.01224	0.00907	0.00726	0.01426	0.01624	0.02166	0.04036	0.28507	0.04754	0.41441	0.03628	0.00753	0.00819	0.01976	0.00726	0.00682
12	0.01374	0.01018	0.01282	0.01216	0.01467	0.00925	0.00912	0.01811	0.02736	0.03793	0.50677	0.07783	0.17078	0.02114	0.01176	0.00317	0.00476	0.01850	0.01070	0.00925
