[name]
unknown

[dist]
# distance from previous block
# <min> <max>
3	95

[block]
# block no. 0 follows, 11 sequences, length 19
# corresponding to MSA columns:
# 104-122
name=unknown_A
#
# <colnr> <probs for GDERKNQSTAVLIFYWHMCP>
#	G	D	E	R	K	N	Q	S	T	A	V	L	I	F	Y	W	H	M	C	P
0	0.30274	0.02554	0.02913	0.02282	0.03121	0.02747	0.06795	0.19074	0.03317	0.13111	0.02462	0.02556	0.01743	0.01190	0.00974	0.00348	0.01117	0.00901	0.00932	0.01589
1	0.03292	0.09358	0.12035	0.02941	0.03968	0.02714	0.13673	0.09354	0.02916	0.14628	0.02592	0.02824	0.01871	0.01167	0.01264	0.00336	0.05113	0.01006	0.00792	0.08155
2	0.24441	0.02626	0.08094	0.19182	0.04449	0.02581	0.02301	0.10548	0.02725	0.09836	0.02231	0.02596	0.01603	0.01157	0.00980	0.00356	0.01213	0.00871	0.00754	0.01457
3	0.14554	0.02804	0.03040	0.29224	0.05325	0.11923	0.02462	0.10929	0.02854	0.03933	0.01994	0.02576	0.01510	0.01154	0.01030	0.00349	0.01438	0.00886	0.00652	0.01363
4	0.34661	0.26109	0.03565	0.07745	0.03069	0.03306	0.01712	0.03287	0.02103	0.03839	0.01613	0.01946	0.01341	0.01020	0.00753	0.00307	0.01074	0.00649	0.00588	0.01314
5	0.01955	0.00978	0.01466	0.01466	0.01466	0.00978	0.00978	0.01466	0.01466	0.01955	0.01955	0.03421	0.01955	0.03910	0.04399	0.67253	0.00978	0.00978	0.00489	0.00489
6	0.02313	0.02198	0.03649	0.41946	0.11546	0.02580	0.06594	0.03362	0.08197	0.03231	0.02343	0.03126	0.01776	0.01148	0.01142	0.00372	0.01442	0.01059	0.00588	0.01387
7	0.02309	0.04482	0.35439	0.16013	0.12965	0.02598	0.03819	0.03393	0.02377	0.03427	0.02030	0.02579	0.01497	0.01072	0.01089	0.00357	0.01577	0.00896	0.00493	0.01589
8	0.01509	0.01114	0.01411	0.01408	0.01648	0.01015	0.01029	0.01936	0.02884	0.03963	0.37248	0.19358	0.16041	0.02633	0.01350	0.00379	0.00562	0.02325	0.01171	0.01015
9	0.02843	0.26291	0.30586	0.02593	0.03906	0.03205	0.03044	0.03699	0.02434	0.08694	0.02110	0.02318	0.01580	0.01064	0.00945	0.00312	0.01413	0.00777	0.00577	0.01608
10	0.43615	0.18657	0.08356	0.01783	0.02653	0.03061	0.01720	0.03352	0.02065	0.04238	0.01614	0.01879	0.01302	0.01025	0.00743	0.00320	0.01045	0.00631	0.00615	0.01327
11	0.03969	0.02158	0.02509	0.02011	0.02740	0.02198	0.01633	0.18066	0.08849	0.24558	0.03781	0.03611	0.02618	0.01378	0.01060	0.00331	0.00944	0.01095	0.14770	0.01722
12	0.01808	0.01065	0.01557	0.01557	0.01624	0.01132	0.01092	0.01665	0.01598	0.02197	0.02467	0.04146	0.02453	0.11017	0.21772	0.38835	0.01670	0.01119	0.00546	0.00680
13	0.01979	0.01241	0.01598	0.01457	0.01807	0.01121	0.01111	0.02472	0.03123	0.10305	0.42572	0.08121	0.14245	0.02251	0.01304	0.00356	0.00586	0.01964	0.01237	0.01152
14	0.01412	0.00997	0.01294	0.01515	0.01570	0.00941	0.00989	0.01578	0.02075	0.02767	0.05796	0.51682	0.06930	0.12256	0.02095	0.00554	0.00720	0.02960	0.00989	0.00879
15	0.03253	0.11055	0.02719	0.01876	0.02411	0.07779	0.01485	0.03556	0.02461	0.19671	0.03250	0.04241	0.02740	0.16104	0.11807	0.00754	0.01506	0.01136	0.00862	0.01333
16	0.02334	0.02001	0.02334	0.01667	0.02667	0.01500	0.01334	0.02834	0.02334	0.03668	0.02001	0.02334	0.01667	0.00834	0.00834	0.00167	0.00834	0.00667	0.00667	0.67325
17	0.02428	0.02135	0.02725	0.09025	0.08628	0.01942	0.01839	0.03387	0.09872	0.03733	0.02409	0.02747	0.01931	0.00993	0.00946	0.00242	0.00975	0.00835	0.00709	0.42500
18	0.17335	0.09372	0.12387	0.02950	0.10940	0.02785	0.02394	0.11798	0.02951	0.13327	0.02434	0.02574	0.01763	0.01148	0.00980	0.00334	0.01197	0.00870	0.00810	0.01651

[dist]
# distance from previous block
# <min> <max>
0	35

[block]
# block no. 1 follows, 11 sequences, length 35
# corresponding to MSA columns:
# 158-192
name=unknown_B
#
# <colnr> <probs for GDERKNQSTAVLIFYWHMCP>
#	G	D	E	R	K	N	Q	S	T	A	V	L	I	F	Y	W	H	M	C	P
0	0.03295	0.02226	0.03032	0.23968	0.09553	0.06430	0.02378	0.03872	0.02778	0.20471	0.07836	0.03716	0.02859	0.01323	0.01137	0.00353	0.01248	0.01125	0.00887	0.01512
1	0.02685	0.03296	0.18195	0.07814	0.15566	0.02296	0.02856	0.03691	0.06466	0.08248	0.02465	0.02791	0.01856	0.01072	0.01043	0.00311	0.01261	0.00911	0.00677	0.16501
2	0.02973	0.01980	0.02399	0.01746	0.02716	0.01537	0.01409	0.03458	0.02543	0.15558	0.02575	0.02686	0.01930	0.00965	0.00904	0.00209	0.00863	0.00776	0.00838	0.51935
3	0.03137	0.03318	0.16311	0.09148	0.09031	0.02660	0.02745	0.11805	0.14385	0.11363	0.03070	0.03165	0.02205	0.01266	0.01116	0.00358	0.01266	0.01041	0.00875	0.01733
4	0.03758	0.01685	0.02302	0.09368	0.03119	0.01596	0.01627	0.04262	0.02907	0.32787	0.07880	0.04165	0.03268	0.01413	0.01075	0.00335	0.00907	0.01170	0.14800	0.01576
5	0.01568	0.01132	0.01482	0.01433	0.01676	0.01046	0.01060	0.02062	0.03071	0.04331	0.47652	0.14105	0.10267	0.02437	0.01340	0.00365	0.00545	0.02165	0.01217	0.01046
6	0.02367	0.01308	0.01655	0.01472	0.01886	0.01176	0.01138	0.02842	0.03030	0.15218	0.31789	0.07326	0.13933	0.02081	0.01233	0.00347	0.00630	0.01788	0.07550	0.01233
7	0.02484	0.02526	0.03802	0.03154	0.03280	0.03381	0.07668	0.02808	0.01827	0.02808	0.01566	0.02526	0.01503	0.01857	0.03431	0.00480	0.52111	0.01023	0.00501	0.01263
8	0.01637	0.01091	0.01228	0.01228	0.01228	0.01091	0.00682	0.01637	0.01637	0.02182	0.03546	0.07365	0.04092	0.60445	0.05729	0.01091	0.01091	0.01637	0.00682	0.00682
9	0.01615	0.01062	0.01191	0.01264	0.01500	0.00980	0.00908	0.01970	0.02423	0.03486	0.10652	0.23474	0.19225	0.02511	0.01185	0.00363	0.00578	0.02168	0.22464	0.00980
10	0.68395	0.02177	0.01654	0.01480	0.02177	0.02525	0.01219	0.03309	0.01915	0.05050	0.01567	0.01828	0.01219	0.01045	0.00697	0.00348	0.00871	0.00609	0.00697	0.01219
11	0.63012	0.02473	0.05964	0.01621	0.02396	0.02532	0.01458	0.03329	0.01953	0.04929	0.01604	0.01873	0.01236	0.01047	0.00727	0.00349	0.00935	0.00628	0.00679	0.01255
12	0.04765	0.02059	0.02677	0.02043	0.02927	0.01847	0.01685	0.10198	0.03386	0.45265	0.04068	0.03596	0.02607	0.01347	0.01109	0.00334	0.00980	0.01085	0.01310	0.06713
13	0.01637	0.01091	0.01228	0.01228	0.01228	0.01091	0.00682	0.01637	0.01637	0.02182	0.03546	0.07365	0.04092	0.60445	0.05729	0.01091	0.01091	0.01637	0.00682	0.00682
14	0.01593	0.01150	0.01504	0.01416	0.01681	0.01062	0.01062	0.02124	0.03186	0.04513	0.52830	0.08407	0.10620	0.02301	0.01327	0.00354	0.00531	0.02035	0.01239	0.01062
15	0.68395	0.02177	0.01654	0.01480	0.02177	0.02525	0.01219	0.03309	0.01915	0.05050	0.01567	0.01828	0.01219	0.01045	0.00697	0.00348	0.00871	0.00609	0.00697	0.01219
16	0.05050	0.01915	0.02612	0.02003	0.02873	0.01654	0.01654	0.05485	0.03221	0.54203	0.04440	0.03831	0.02786	0.01393	0.01132	0.00348	0.00958	0.01132	0.01393	0.01915
17	0.04724	0.02438	0.02935	0.02250	0.03134	0.02430	0.01859	0.24147	0.04096	0.34307	0.03706	0.03354	0.02418	0.01375	0.01129	0.00344	0.01076	0.01082	0.01280	0.01915
18	0.02334	0.02001	0.02334	0.01667	0.02667	0.01500	0.01334	0.02834	0.02334	0.03668	0.02001	0.02334	0.01667	0.00834	0.00834	0.00167	0.00834	0.00667	0.00667	0.67325
19	0.02657	0.03036	0.06641	0.04744	0.05882	0.02846	0.49336	0.03605	0.02657	0.03605	0.02277	0.03036	0.01708	0.00949	0.01328	0.00380	0.01898	0.01328	0.00569	0.01518
20	0.01536	0.01119	0.01467	0.01591	0.01792	0.01049	0.01202	0.01919	0.02620	0.03526	0.21641	0.28401	0.12385	0.02978	0.01418	0.00430	0.00691	0.12136	0.01106	0.00992
21	0.03758	0.02204	0.02574	0.02168	0.02904	0.02312	0.01727	0.05770	0.30875	0.25788	0.04521	0.04042	0.03159	0.01470	0.01140	0.00367	0.00919	0.01213	0.01251	0.01839
22	0.01608	0.01206	0.01809	0.01809	0.02010	0.01407	0.01407	0.02010	0.01809	0.02613	0.03015	0.04422	0.02814	0.08441	0.55984	0.01809	0.03015	0.01206	0.00603	0.01005
23	0.22337	0.02211	0.02859	0.33301	0.05494	0.02643	0.02418	0.09395	0.02565	0.04105	0.01966	0.02608	0.01472	0.01132	0.00997	0.00362	0.01275	0.00885	0.00645	0.01332
24	0.02014	0.02502	0.14228	0.02038	0.02744	0.01643	0.01920	0.06106	0.02587	0.03678	0.08627	0.25774	0.04789	0.02142	0.01199	0.00358	0.00960	0.01872	0.00863	0.13955
25	0.01611	0.01098	0.01322	0.01407	0.01455	0.01086	0.00905	0.01719	0.01865	0.02475	0.04379	0.18011	0.05053	0.41831	0.04346	0.00893	0.01001	0.07970	0.00799	0.00774
26	0.01542	0.00996	0.01246	0.01445	0.01557	0.00946	0.00984	0.01816	0.02203	0.03184	0.05608	0.46648	0.06371	0.03005	0.01284	0.00411	0.00623	0.02694	0.16492	0.00946
27	0.02257	0.05822	0.54613	0.03208	0.04871	0.02614	0.04158	0.03564	0.02376	0.03564	0.02020	0.02376	0.01426	0.01069	0.01069	0.00356	0.01663	0.00832	0.00475	0.01663
28	0.03970	0.02073	0.02936	0.13076	0.08674	0.02069	0.02124	0.04863	0.09551	0.32853	0.03773	0.03623	0.02535	0.01323	0.01131	0.00357	0.01088	0.01114	0.01110	0.01758
29	0.01368	0.00993	0.01292	0.01530	0.01623	0.00917	0.01028	0.01571	0.02191	0.02888	0.06655	0.55465	0.11397	0.03468	0.01427	0.00450	0.00646	0.03128	0.01045	0.00917
30	0.03902	0.01764	0.02276	0.01829	0.02505	0.01619	0.01478	0.08272	0.03315	0.33883	0.15606	0.04843	0.04563	0.01596	0.01146	0.00341	0.00842	0.01327	0.07259	0.01636
31	0.04055	0.03468	0.08089	0.10053	0.03971	0.18666	0.02300	0.08100	0.03158	0.22709	0.02903	0.02933	0.01998	0.01250	0.01088	0.00334	0.01453	0.00950	0.00910	0.01612
32	0.02144	0.02522	0.10372	0.50294	0.07359	0.02516	0.03267	0.02970	0.02268	0.02970	0.02003	0.02915	0.01490	0.01118	0.01118	0.00373	0.01523	0.00977	0.00497	0.01307
33	0.36507	0.15497	0.02974	0.01856	0.02636	0.07601	0.01586	0.08088	0.02552	0.08979	0.01952	0.02107	0.01498	0.01098	0.00811	0.00319	0.01088	0.00704	0.00744	0.01406
34	0.02929	0.02602	0.07462	0.07071	0.03161	0.09160	0.01879	0.07772	0.03095	0.13511	0.12973	0.05554	0.14607	0.01772	0.01185	0.00350	0.01094	0.01446	0.00983	0.01393

[dist]
# distance from previous block
# <min> <max>
0	1

[block]
# block no. 2 follows, 11 sequences, length 33
# corresponding to MSA columns:
# 194-226
name=unknown_C
#
# <colnr> <probs for GDERKNQSTAVLIFYWHMCP>
#	G	D	E	R	K	N	Q	S	T	A	V	L	I	F	Y	W	H	M	C	P
0	0.01600	0.01216	0.01491	0.01557	0.01785	0.01182	0.01114	0.02254	0.08226	0.03603	0.20751	0.32193	0.13072	0.02846	0.01358	0.00408	0.00634	0.02530	0.01115	0.01064
1	0.01540	0.01148	0.01432	0.01361	0.01649	0.01040	0.01021	0.02022	0.03062	0.04219	0.44553	0.08892	0.19080	0.02411	0.01328	0.00359	0.00539	0.02103	0.01200	0.01040
2	0.01444	0.01145	0.01298	0.01259	0.01590	0.00998	0.00945	0.01835	0.02834	0.03677	0.29301	0.09784	0.34671	0.02613	0.01329	0.00369	0.00553	0.02229	0.01129	0.00998
3	0.04796	0.01972	0.02604	0.02035	0.02879	0.01783	0.01669	0.05541	0.08656	0.48619	0.04456	0.03872	0.02859	0.01408	0.01133	0.00352	0.00950	0.01148	0.01365	0.01900
4	0.02697	0.02310	0.02457	0.02216	0.02821	0.02652	0.01721	0.05654	0.47305	0.04692	0.08670	0.04556	0.04045	0.01593	0.01161	0.00379	0.00860	0.01337	0.01153	0.01721
5	0.02334	0.02001	0.02334	0.01667	0.02667	0.01500	0.01334	0.02834	0.02334	0.03668	0.02001	0.02334	0.01667	0.00834	0.00834	0.00167	0.00834	0.00667	0.00667	0.67325
6	0.01585	0.01155	0.01512	0.01503	0.01664	0.01218	0.01071	0.01853	0.01968	0.02700	0.08888	0.06500	0.09633	0.24469	0.27949	0.01271	0.01865	0.01560	0.00740	0.00897
7	0.14705	0.02904	0.08629	0.02577	0.03447	0.02750	0.06622	0.17677	0.03324	0.16367	0.02670	0.02786	0.01880	0.01305	0.01332	0.00364	0.07091	0.00980	0.00928	0.01663
8	0.02231	0.01854	0.02051	0.01987	0.02437	0.02037	0.01530	0.04177	0.30343	0.03995	0.05853	0.17070	0.10330	0.02260	0.01271	0.00412	0.00822	0.06810	0.01101	0.01427
9	0.38872	0.02811	0.02432	0.02017	0.02781	0.07361	0.01646	0.20868	0.03294	0.05627	0.02009	0.02174	0.01500	0.01170	0.00885	0.00339	0.01106	0.00771	0.00848	0.01488
10	0.01559	0.01059	0.01250	0.01327	0.01346	0.01040	0.00788	0.01616	0.01788	0.02384	0.04322	0.22641	0.05070	0.43835	0.04476	0.00906	0.00963	0.02093	0.00788	0.00750
11	0.02922	0.54706	0.11550	0.02075	0.03119	0.04240	0.02185	0.03393	0.02297	0.02754	0.01618	0.01872	0.01442	0.00975	0.00762	0.00254	0.01257	0.00628	0.00481	0.01470
12	0.02462	0.02462	0.03447	0.02955	0.02955	0.03447	0.02462	0.02709	0.01724	0.02709	0.01477	0.02462	0.01477	0.01970	0.03694	0.00492	0.58385	0.00985	0.00492	0.01231
13	0.01518	0.01127	0.01433	0.01642	0.01765	0.01108	0.01120	0.02021	0.07213	0.03062	0.06037	0.54007	0.07032	0.03321	0.01407	0.00449	0.00677	0.03002	0.01055	0.01003
14	0.02126	0.02001	0.03376	0.57739	0.07752	0.02501	0.03126	0.02876	0.02251	0.02876	0.02001	0.03001	0.01500	0.01125	0.01125	0.00375	0.01500	0.01000	0.00500	0.01250
15	0.02128	0.01401	0.01676	0.01497	0.01919	0.01298	0.01156	0.06332	0.03179	0.09891	0.30639	0.08147	0.21817	0.02285	0.01289	0.00360	0.00650	0.01951	0.01188	0.01196
16	0.04686	0.01835	0.02495	0.01941	0.02748	0.01592	0.01592	0.05131	0.03218	0.48968	0.09539	0.04313	0.03611	0.01489	0.01152	0.00349	0.00913	0.01227	0.01377	0.01826
17	0.03009	0.61122	0.05898	0.01926	0.02889	0.04454	0.01926	0.03370	0.02287	0.02648	0.01565	0.01805	0.01444	0.00963	0.00722	0.00241	0.01204	0.00602	0.00481	0.01444
18	0.02424	0.18064	0.43829	0.02924	0.04432	0.03021	0.03664	0.03521	0.02357	0.03362	0.01919	0.02250	0.01430	0.01046	0.00992	0.00331	0.01562	0.00781	0.00477	0.01615
19	0.03373	0.01602	0.01993	0.01653	0.02242	0.01469	0.01321	0.06766	0.03113	0.26577	0.14039	0.05474	0.09878	0.01710	0.01125	0.00336	0.00770	0.01418	0.13657	0.01483
20	0.02474	0.02500	0.04966	0.03727	0.04415	0.02570	0.30486	0.02992	0.02234	0.03094	0.02060	0.03009	0.01716	0.01756	0.02411	0.14315	0.12296	0.01191	0.00538	0.01250
21	0.01815	0.01496	0.02429	0.02064	0.02331	0.01471	0.10929	0.02080	0.01928	0.02607	0.03531	0.12205	0.03841	0.35595	0.09986	0.00951	0.01425	0.01705	0.00692	0.00919
22	0.02834	0.02328	0.03852	0.14648	0.34398	0.02384	0.03020	0.03474	0.02588	0.09368	0.02761	0.03962	0.02333	0.01286	0.01163	0.00362	0.01290	0.05624	0.00693	0.01629
23	0.01628	0.01127	0.01408	0.01408	0.01471	0.01189	0.00907	0.01753	0.01690	0.02316	0.03381	0.06451	0.03695	0.44282	0.21348	0.01314	0.01689	0.01503	0.00657	0.00782
24	0.02666	0.32546	0.25890	0.02740	0.04007	0.03536	0.07709	0.03474	0.02361	0.03121	0.01824	0.02165	0.01464	0.01005	0.00926	0.00302	0.01463	0.00770	0.00488	0.01541
25	0.02126	0.02001	0.03376	0.57739	0.07752	0.02501	0.03126	0.02876	0.02251	0.02876	0.02001	0.03001	0.01500	0.01125	0.01125	0.00375	0.01500	0.01000	0.00500	0.01250
26	0.04077	0.01658	0.02178	0.01748	0.02430	0.01468	0.01416	0.04541	0.03047	0.38724	0.09748	0.04419	0.03690	0.01479	0.01086	0.00332	0.00824	0.01217	0.14267	0.01648
27	0.02562	0.01464	0.01838	0.01708	0.02089	0.01392	0.01285	0.07177	0.02842	0.15055	0.12247	0.22710	0.08889	0.08588	0.01775	0.00472	0.00824	0.04720	0.01120	0.01242
28	0.03140	0.02238	0.03431	0.29648	0.14754	0.02457	0.02750	0.08842	0.02867	0.14865	0.02642	0.03111	0.01885	0.01187	0.01125	0.00357	0.01320	0.01031	0.00779	0.01572
29	0.04107	0.02349	0.08552	0.02589	0.08290	0.01803	0.02059	0.04676	0.03053	0.37568	0.09383	0.04073	0.03411	0.01418	0.01145	0.00348	0.01029	0.01186	0.01184	0.01777
30	0.01371	0.00979	0.01306	0.01567	0.01632	0.00914	0.01045	0.01567	0.02155	0.02873	0.06203	0.59710	0.07444	0.03526	0.01437	0.00457	0.00653	0.03200	0.01045	0.00914
31	0.25245	0.08258	0.02799	0.13418	0.03659	0.02414	0.01845	0.03997	0.02488	0.21782	0.02676	0.02780	0.01857	0.01176	0.00943	0.00343	0.01068	0.00875	0.00880	0.01496
32	0.03261	0.02036	0.02757	0.08597	0.08151	0.01776	0.01845	0.03784	0.02643	0.20469	0.02827	0.02952	0.02033	0.01070	0.00993	0.00267	0.00998	0.00892	0.00880	0.31768

[dist]
# distance from previous block
# <min> <max>
2	6

[block]
# block no. 3 follows, 11 sequences, length 26
# corresponding to MSA columns:
# 235-260
name=unknown_D
#
# <colnr> <probs for GDERKNQSTAVLIFYWHMCP>
#	G	D	E	R	K	N	Q	S	T	A	V	L	I	F	Y	W	H	M	C	P
0	0.08825	0.11747	0.03712	0.02437	0.03256	0.02421	0.11962	0.03950	0.06493	0.17997	0.07244	0.04225	0.08033	0.01420	0.01106	0.00344	0.01121	0.01245	0.00939	0.01523
1	0.08374	0.13835	0.07828	0.12866	0.03922	0.02957	0.02215	0.10384	0.13126	0.04078	0.02894	0.07710	0.02442	0.01407	0.01038	0.00349	0.01163	0.01125	0.00786	0.01501
2	0.01796	0.01088	0.01457	0.01618	0.01776	0.01000	0.01115	0.02020	0.02278	0.08806	0.06000	0.53252	0.06906	0.03280	0.01401	0.00445	0.00688	0.02961	0.01085	0.01030
3	0.02368	0.02109	0.02785	0.01989	0.03004	0.01641	0.06364	0.02915	0.02368	0.03661	0.02029	0.02407	0.01671	0.00846	0.00885	0.00189	0.00945	0.00736	0.00657	0.60429
4	0.02271	0.01893	0.02237	0.07769	0.02959	0.02108	0.01649	0.04190	0.27929	0.04442	0.22639	0.05672	0.05962	0.01779	0.01212	0.00371	0.00818	0.01534	0.01113	0.01453
5	0.01612	0.01176	0.01652	0.01640	0.01809	0.01298	0.01216	0.01950	0.01955	0.02775	0.09651	0.05538	0.04095	0.18124	0.38686	0.01473	0.02301	0.01402	0.00702	0.00947
6	0.59991	0.02305	0.01880	0.01626	0.02349	0.02651	0.01340	0.09385	0.02358	0.05318	0.01716	0.01943	0.01310	0.01085	0.00753	0.00347	0.00919	0.00662	0.00753	0.01310
7	0.01539	0.01134	0.01440	0.01393	0.01656	0.01035	0.01033	0.02009	0.03016	0.04179	0.43386	0.13141	0.15897	0.02478	0.01337	0.00366	0.00547	0.02180	0.01197	0.01035
8	0.68395	0.02177	0.01654	0.01480	0.02177	0.02525	0.01219	0.03309	0.01915	0.05050	0.01567	0.01828	0.01219	0.01045	0.00697	0.00348	0.00871	0.00609	0.00697	0.01219
9	0.02462	0.02462	0.03447	0.02955	0.02955	0.03447	0.02462	0.02709	0.01724	0.02709	0.01477	0.02462	0.01477	0.01970	0.03694	0.00492	0.58385	0.00985	0.00492	0.01231
10	0.09516	0.03073	0.03237	0.02499	0.03383	0.03412	0.02064	0.45883	0.05016	0.06926	0.02610	0.02631	0.01857	0.01326	0.01091	0.00339	0.01208	0.00980	0.01091	0.01857
11	0.01504	0.01067	0.01424	0.01662	0.01770	0.01024	0.01203	0.01762	0.02217	0.02935	0.05911	0.43546	0.06913	0.08390	0.01840	0.00528	0.00786	0.13582	0.01011	0.00924
12	0.68395	0.02177	0.01654	0.01480	0.02177	0.02525	0.01219	0.03309	0.01915	0.05050	0.01567	0.01828	0.01219	0.01045	0.00697	0.00348	0.00871	0.00609	0.00697	0.01219
13	0.09604	0.02500	0.02887	0.02230	0.03101	0.02560	0.01842	0.25482	0.04065	0.28897	0.03425	0.03161	0.02267	0.01347	0.01095	0.00343	0.01079	0.01037	0.01217	0.01861
14	0.01552	0.01203	0.01621	0.01723	0.01814	0.01272	0.01234	0.01812	0.02275	0.03133	0.13593	0.43395	0.07208	0.03112	0.01714	0.00444	0.08199	0.02709	0.01006	0.00981
15	0.01404	0.01065	0.01295	0.01403	0.01608	0.00956	0.00989	0.01697	0.02497	0.03265	0.17476	0.33824	0.22323	0.03062	0.01381	0.00412	0.00602	0.02701	0.01085	0.00956
16	0.02567	0.02601	0.04115	0.03303	0.03697	0.03188	0.14309	0.03471	0.10064	0.03264	0.02188	0.02892	0.01856	0.01637	0.02674	0.00446	0.34595	0.01119	0.00619	0.01394
17	0.02949	0.01523	0.01975	0.01783	0.02236	0.01419	0.01356	0.07156	0.02967	0.21541	0.12890	0.26819	0.05851	0.02390	0.01285	0.00392	0.00790	0.02096	0.01206	0.01376
18	0.01367	0.00998	0.01287	0.01518	0.01620	0.00918	0.01023	0.01573	0.02202	0.02893	0.06804	0.54061	0.12706	0.03448	0.01424	0.00448	0.00643	0.03104	0.01045	0.00918
19	0.01334	0.01126	0.01155	0.01177	0.01530	0.00947	0.00872	0.01611	0.02530	0.03026	0.10948	0.15101	0.48991	0.02910	0.01340	0.00387	0.00577	0.02447	0.01045	0.00947
20	0.22844	0.02404	0.02119	0.01809	0.02440	0.09138	0.01444	0.10376	0.02912	0.13411	0.02789	0.02931	0.02046	0.01233	0.00899	0.00317	0.01003	0.00886	0.17592	0.01409
21	0.04542	0.02730	0.03116	0.02389	0.03279	0.02863	0.01973	0.34563	0.04584	0.23201	0.03297	0.03088	0.02212	0.01365	0.01128	0.00341	0.01143	0.01054	0.01217	0.01915
22	0.02126	0.02001	0.03376	0.57739	0.07752	0.02501	0.03126	0.02876	0.02251	0.02876	0.02001	0.03001	0.01500	0.01125	0.01125	0.00375	0.01500	0.01000	0.00500	0.01250
23	0.01608	0.01206	0.01809	0.01809	0.02010	0.01407	0.01407	0.02010	0.01809	0.02613	0.03015	0.04422	0.02814	0.08441	0.55984	0.01809	0.03015	0.01206	0.00603	0.01005
24	0.03304	0.03017	0.17873	0.08713	0.03899	0.01967	0.02476	0.04047	0.02764	0.23737	0.07417	0.03550	0.02804	0.01288	0.01099	0.00335	0.01178	0.01059	0.00930	0.08544
25	0.01771	0.01387	0.01658	0.01589	0.01940	0.01335	0.01177	0.02623	0.10657	0.03914	0.24762	0.20108	0.12335	0.02409	0.01283	0.00371	0.00650	0.02117	0.01106	0.06808

[dist]
# distance from previous block
# <min> <max>
0	4

[block]
# block no. 4 follows, 11 sequences, length 42
# corresponding to MSA columns:
# 265-268,272-299,303-311,325
name=unknown_E
#
# <colnr> <probs for GDERKNQSTAVLIFYWHMCP>
#	G	D	E	R	K	N	Q	S	T	A	V	L	I	F	Y	W	H	M	C	P
0	0.03224	0.03230	0.09372	0.09210	0.13040	0.09213	0.18363	0.03964	0.02747	0.12727	0.02530	0.02948	0.01840	0.01094	0.01173	0.00352	0.01588	0.01084	0.00704	0.01597
1	0.02317	0.02091	0.03264	0.47412	0.06873	0.02471	0.02857	0.06537	0.02498	0.03291	0.02055	0.02906	0.01551	0.01112	0.01094	0.00350	0.01408	0.00966	0.00567	0.08381
2	0.04095	0.02606	0.09388	0.11542	0.04031	0.02192	0.02287	0.11446	0.03264	0.32200	0.03468	0.03340	0.02270	0.01301	0.01122	0.00352	0.01179	0.01054	0.01089	0.01773
3	0.60436	0.02144	0.01775	0.01546	0.02264	0.02416	0.01274	0.03582	0.02080	0.11225	0.01928	0.02080	0.01416	0.01089	0.00751	0.00348	0.00882	0.00675	0.00784	0.01306
4	0.03848	0.04813	0.02953	0.02732	0.03247	0.49014	0.02033	0.04127	0.03060	0.02770	0.02301	0.09277	0.02203	0.01457	0.01068	0.00311	0.01857	0.01036	0.00638	0.01256
5	0.02218	0.01294	0.01675	0.01497	0.01890	0.01162	0.01152	0.02705	0.03126	0.13750	0.39243	0.07802	0.13675	0.02188	0.01291	0.00356	0.00616	0.01901	0.01247	0.01211
6	0.01438	0.01019	0.01342	0.01576	0.01651	0.00966	0.01074	0.01642	0.02139	0.02844	0.05902	0.50066	0.07006	0.09480	0.01899	0.00529	0.00733	0.06786	0.01006	0.00901
7	0.01699	0.01239	0.01661	0.01851	0.02113	0.01201	0.01561	0.02167	0.02620	0.03413	0.11593	0.15283	0.12822	0.03021	0.01494	0.00479	0.00898	0.32806	0.01059	0.01020
8	0.04183	0.02872	0.03125	0.02414	0.03263	0.03127	0.01988	0.41827	0.04868	0.11344	0.02942	0.02925	0.02072	0.01352	0.01100	0.00333	0.01157	0.01027	0.06233	0.01847
9	0.01626	0.01133	0.01438	0.01438	0.01511	0.01205	0.00944	0.01772	0.01699	0.02338	0.03354	0.06300	0.03629	0.41615	0.23926	0.01351	0.01788	0.01481	0.00653	0.00799
10	0.04204	0.05364	0.03190	0.02900	0.03480	0.55926	0.02175	0.04494	0.03190	0.02755	0.01740	0.02030	0.01450	0.01160	0.01015	0.00290	0.02030	0.00725	0.00580	0.01305
11	0.04204	0.05364	0.03190	0.02900	0.03480	0.55926	0.02175	0.04494	0.03190	0.02755	0.01740	0.02030	0.01450	0.01160	0.01015	0.00290	0.02030	0.00725	0.00580	0.01305
12	0.02451	0.02333	0.03965	0.32645	0.30300	0.02586	0.03288	0.03161	0.02405	0.03271	0.02058	0.02895	0.01640	0.01065	0.01120	0.00355	0.01420	0.01002	0.00528	0.01513
13	0.02539	0.02122	0.02444	0.01764	0.02754	0.01710	0.01418	0.07764	0.02645	0.04028	0.02074	0.02373	0.01693	0.00888	0.00864	0.00185	0.00876	0.00703	0.00715	0.60441
14	0.04680	0.01834	0.02493	0.01940	0.02746	0.01591	0.01591	0.05125	0.03218	0.48880	0.09624	0.04321	0.03625	0.01490	0.01153	0.00349	0.00912	0.01229	0.01377	0.01824
15	0.03344	0.02799	0.02743	0.02377	0.03065	0.08406	0.01867	0.12349	0.35659	0.08697	0.03989	0.03717	0.02948	0.01452	0.01128	0.00363	0.01068	0.01165	0.01102	0.01762
16	0.03009	0.61122	0.05898	0.01926	0.02889	0.04454	0.01926	0.03370	0.02287	0.02648	0.01565	0.01805	0.01444	0.00963	0.00722	0.00241	0.01204	0.00602	0.00481	0.01444
17	0.03718	0.01904	0.02378	0.01948	0.02626	0.01844	0.01563	0.08174	0.11683	0.29280	0.16691	0.04975	0.04831	0.01645	0.01184	0.00355	0.00859	0.01378	0.01290	0.01674
18	0.01388	0.01142	0.01220	0.01201	0.01556	0.00975	0.00901	0.01727	0.02702	0.03364	0.20504	0.10299	0.43663	0.02730	0.01330	0.00374	0.00562	0.02301	0.01088	0.00975
19	0.02334	0.02001	0.02334	0.01667	0.02667	0.01500	0.01334	0.02834	0.02334	0.03668	0.02001	0.02334	0.01667	0.00834	0.00834	0.00167	0.00834	0.00667	0.00667	0.67325
20	0.01397	0.00990	0.01299	0.01535	0.01594	0.00931	0.01010	0.01574	0.02106	0.02808	0.05951	0.54738	0.07126	0.08933	0.01844	0.00517	0.00695	0.03051	0.01010	0.00892
21	0.01549	0.01068	0.01321	0.01453	0.01506	0.01042	0.00947	0.01682	0.01945	0.02584	0.04866	0.28920	0.05687	0.31582	0.03568	0.00777	0.00910	0.06917	0.00865	0.00812
22	0.04539	0.02485	0.02934	0.02277	0.03141	0.02532	0.01872	0.24418	0.07989	0.30070	0.03709	0.03378	0.02466	0.01386	0.01130	0.00346	0.01072	0.01093	0.01259	0.01904
23	0.09447	0.08360	0.18186	0.02130	0.03292	0.02202	0.02217	0.03150	0.02298	0.03695	0.01922	0.02246	0.01527	0.00938	0.00879	0.00249	0.01118	0.00704	0.00597	0.34842
24	0.01490	0.01067	0.01413	0.01514	0.01650	0.01029	0.01054	0.01793	0.02386	0.03284	0.19954	0.33031	0.07607	0.09083	0.07654	0.00630	0.00910	0.02479	0.01023	0.00947
25	0.01400	0.01101	0.01188	0.01236	0.01481	0.00972	0.00854	0.01611	0.02301	0.02835	0.08849	0.19020	0.34684	0.14754	0.02249	0.00540	0.00692	0.02374	0.00971	0.00889
26	0.03828	0.01645	0.02221	0.01795	0.02452	0.01445	0.01445	0.04297	0.03209	0.36645	0.21539	0.05448	0.05554	0.01714	0.01201	0.00350	0.00807	0.01451	0.01339	0.01614
27	0.02334	0.02001	0.02334	0.01667	0.02667	0.01500	0.01334	0.02834	0.02334	0.03668	0.02001	0.02334	0.01667	0.00834	0.00834	0.00167	0.00834	0.00667	0.00667	0.67325
28	0.35926	0.02844	0.02512	0.02066	0.02841	0.07122	0.01688	0.23243	0.03460	0.05745	0.02066	0.02218	0.01535	0.01185	0.00905	0.00339	0.01119	0.00791	0.00871	0.01523
29	0.03257	0.01613	0.02087	0.01863	0.02363	0.01507	0.01423	0.08397	0.02947	0.25293	0.05074	0.29689	0.04858	0.02380	0.01273	0.00398	0.00846	0.02081	0.01203	0.01450
30	0.02495	0.02338	0.03984	0.40952	0.06869	0.02689	0.11598	0.08891	0.02708	0.03541	0.02140	0.02970	0.01591	0.01121	0.01163	0.00371	0.01541	0.01063	0.00592	0.01384
31	0.13717	0.01498	0.01778	0.01623	0.02059	0.01447	0.01220	0.03125	0.02541	0.18768	0.11990	0.19627	0.05156	0.08378	0.01665	0.00458	0.00808	0.01798	0.01083	0.01263
32	0.01358	0.01030	0.01254	0.01433	0.01597	0.00925	0.00985	0.01582	0.02284	0.02926	0.07833	0.44393	0.21710	0.03314	0.01403	0.00433	0.00627	0.02941	0.01045	0.00925
33	0.37593	0.02529	0.02411	0.01959	0.02751	0.02815	0.01616	0.21437	0.03345	0.10509	0.02279	0.02356	0.01637	0.01196	0.00904	0.00344	0.01021	0.00815	0.00929	0.01554
34	0.02334	0.02001	0.02334	0.01667	0.02667	0.01500	0.01334	0.02834	0.02334	0.03668	0.02001	0.02334	0.01667	0.00834	0.00834	0.00167	0.00834	0.00667	0.00667	0.67325
35	0.01755	0.01159	0.01421	0.01435	0.01724	0.01030	0.01045	0.02080	0.02626	0.08135	0.18481	0.26835	0.22429	0.02825	0.01348	0.00398	0.00627	0.02470	0.01123	0.01054
36	0.01379	0.01032	0.01282	0.01452	0.01609	0.00935	0.01000	0.01624	0.02337	0.03046	0.11215	0.43786	0.18680	0.03264	0.01402	0.00430	0.00623	0.02907	0.01061	0.00935
37	0.03699	0.13477	0.04067	0.02825	0.03634	0.20965	0.08012	0.17005	0.08096	0.04244	0.02315	0.02511	0.01798	0.01189	0.01049	0.00315	0.01546	0.00913	0.00768	0.01571
38	0.03240	0.02614	0.05049	0.03642	0.04693	0.02366	0.30864	0.03999	0.02763	0.16815	0.02807	0.03155	0.01984	0.01050	0.01215	0.00345	0.01519	0.01194	0.00796	0.09890
39	0.01998	0.01181	0.01512	0.01548	0.01824	0.01058	0.01113	0.02282	0.02505	0.11622	0.11246	0.36628	0.15285	0.02932	0.01356	0.00415	0.00677	0.02595	0.01121	0.01102
40	0.04494	0.02485	0.03055	0.02387	0.03234	0.06822	0.05525	0.09947	0.07923	0.36072	0.03862	0.03526	0.02553	0.01346	0.01138	0.00348	0.01149	0.01112	0.01205	0.01818
41	0.03989	0.02307	0.03001	0.02960	0.11387	0.02324	0.02040	0.09929	0.16210	0.27579	0.03907	0.03636	0.02701	0.01359	0.01132	0.00354	0.01033	0.01135	0.01159	0.01857

[dist]
# distance from previous block
# <min> <max>
0	1

[block]
# block no. 5 follows, 11 sequences, length 8
# corresponding to MSA columns:
# 327-334
name=unknown_F
#
# <colnr> <probs for GDERKNQSTAVLIFYWHMCP>
#	G	D	E	R	K	N	Q	S	T	A	V	L	I	F	Y	W	H	M	C	P
0	0.10376	0.03598	0.03168	0.02559	0.03362	0.16175	0.02060	0.34241	0.04458	0.05841	0.02359	0.02455	0.01735	0.01275	0.01058	0.00327	0.01396	0.00905	0.00952	0.01699
1	0.02334	0.02001	0.02334	0.01667	0.02667	0.01500	0.01334	0.02834	0.02334	0.03668	0.02001	0.02334	0.01667	0.00834	0.00834	0.00167	0.00834	0.00667	0.00667	0.67325
2	0.02296	0.01244	0.01640	0.01619	0.01933	0.01118	0.01181	0.02605	0.02594	0.15628	0.12849	0.34996	0.10260	0.02779	0.01339	0.00410	0.00703	0.02466	0.01157	0.01182
3	0.02650	0.02281	0.03376	0.44302	0.06714	0.02742	0.02885	0.14278	0.02992	0.03903	0.02171	0.02928	0.01601	0.01180	0.01125	0.00366	0.01437	0.01003	0.00653	0.01412
4	0.03394	0.02597	0.07559	0.02270	0.03013	0.02395	0.01950	0.22086	0.07660	0.13934	0.03954	0.16885	0.03495	0.01876	0.01199	0.00374	0.01058	0.01571	0.01093	0.01636
5	0.07957	0.02172	0.02440	0.02099	0.02749	0.02317	0.01653	0.12116	0.20899	0.16892	0.04284	0.12446	0.03505	0.01747	0.01153	0.00376	0.00925	0.01453	0.01155	0.01660
6	0.02379	0.01908	0.02738	0.02251	0.02776	0.01911	0.08929	0.13851	0.03447	0.04731	0.25032	0.14553	0.06575	0.02057	0.01296	0.00371	0.00939	0.01865	0.01074	0.01317
7	0.02192	0.03924	0.29164	0.30293	0.06302	0.02558	0.03646	0.03222	0.02314	0.03222	0.02010	0.02686	0.01463	0.01097	0.01097	0.00366	0.01582	0.00915	0.00488	0.01458

[dist]
# distance from previous block
# <min> <max>
10	174

[block]
# block no. 6 follows, 11 sequences, length 17
# corresponding to MSA columns:
# 540-556
name=unknown_G
#
# <colnr> <probs for GDERKNQSTAVLIFYWHMCP>
#	G	D	E	R	K	N	Q	S	T	A	V	L	I	F	Y	W	H	M	C	P
0	0.34044	0.01936	0.01922	0.01709	0.02307	0.02068	0.01350	0.07837	0.02551	0.14079	0.03334	0.16143	0.03074	0.01735	0.00998	0.00373	0.00871	0.01368	0.00954	0.01346
1	0.09891	0.01342	0.01544	0.01417	0.01697	0.01321	0.00994	0.02479	0.02384	0.09833	0.19808	0.06617	0.05760	0.26718	0.03097	0.00666	0.00862	0.01585	0.00958	0.01026
2	0.02604	0.20869	0.09206	0.02122	0.02888	0.02868	0.01998	0.07702	0.11984	0.03958	0.12047	0.04869	0.04105	0.01609	0.01084	0.00342	0.01058	0.06363	0.00865	0.01458
3	0.30682	0.09704	0.03307	0.12834	0.03941	0.06191	0.07182	0.07512	0.02490	0.04222	0.01842	0.02275	0.01432	0.01074	0.00910	0.00339	0.01251	0.00807	0.00650	0.01354
4	0.02574	0.01365	0.01717	0.01554	0.01979	0.01218	0.01185	0.02920	0.02727	0.18695	0.15253	0.12329	0.17032	0.09622	0.01845	0.00470	0.00779	0.04364	0.01140	0.01231
5	0.03743	0.02250	0.03207	0.20093	0.10153	0.02364	0.02403	0.12412	0.03218	0.24009	0.03104	0.03251	0.02115	0.01258	0.01127	0.00353	0.01220	0.01055	0.00972	0.01692
6	0.33573	0.02632	0.08545	0.01971	0.02838	0.02388	0.01800	0.06929	0.07136	0.18015	0.02734	0.02700	0.01909	0.01204	0.00925	0.00352	0.01014	0.00861	0.00922	0.01552
7	0.02610	0.02457	0.08824	0.02628	0.03391	0.02098	0.10993	0.03905	0.14368	0.10188	0.07693	0.06118	0.08251	0.01801	0.01272	0.00397	0.01153	0.09403	0.00969	0.01481
8	0.02182	0.01259	0.01548	0.01444	0.01759	0.01141	0.01037	0.02473	0.02558	0.12928	0.17180	0.14148	0.15920	0.16583	0.02378	0.00551	0.00772	0.01981	0.01068	0.01091
9	0.34418	0.02316	0.02303	0.07684	0.07636	0.07043	0.01730	0.03430	0.02306	0.10010	0.02579	0.09336	0.02262	0.01402	0.00947	0.00358	0.01064	0.01072	0.00778	0.01327
10	0.18507	0.03678	0.19427	0.08840	0.04265	0.07269	0.08114	0.03425	0.02351	0.03792	0.01911	0.02354	0.01449	0.01035	0.00982	0.00330	0.01412	0.00825	0.00575	0.09458
11	0.11380	0.02388	0.03912	0.09105	0.04339	0.02386	0.17630	0.04362	0.08423	0.19856	0.03116	0.03273	0.02170	0.01189	0.01145	0.00366	0.01312	0.01135	0.00906	0.01609
12	0.02050	0.01575	0.02129	0.12401	0.03143	0.01662	0.01682	0.08085	0.03189	0.04371	0.31122	0.07219	0.07297	0.02062	0.01293	0.00377	0.00866	0.07221	0.01059	0.01199
13	0.47597	0.07878	0.02186	0.01638	0.02300	0.02601	0.01352	0.07422	0.02297	0.04732	0.02256	0.09184	0.02088	0.01377	0.00832	0.00350	0.00910	0.00972	0.00759	0.01268
14	0.25918	0.02303	0.02480	0.01972	0.02792	0.02390	0.01627	0.15505	0.03291	0.26410	0.03063	0.02891	0.02053	0.01267	0.00986	0.00346	0.00997	0.00929	0.01097	0.01684
15	0.03437	0.02500	0.02627	0.02001	0.02911	0.07862	0.01606	0.09541	0.03014	0.16087	0.02643	0.02704	0.01942	0.01069	0.00962	0.00245	0.01048	0.00828	0.00889	0.36085
16	0.28421	0.02091	0.02028	0.01805	0.02393	0.02342	0.01427	0.09092	0.14799	0.04969	0.11865	0.07423	0.03923	0.01584	0.01018	0.00363	0.00844	0.01242	0.00977	0.01392

[dist]
# distance from previous block
# <min> <max>
0	49

[block]
# block no. 7 follows, 11 sequences, length 17
# corresponding to MSA columns:
# 606-622
name=unknown_H
#
# <colnr> <probs for GDERKNQSTAVLIFYWHMCP>
#	G	D	E	R	K	N	Q	S	T	A	V	L	I	F	Y	W	H	M	C	P
0	0.02382	0.02205	0.07843	0.15758	0.03923	0.01999	0.02104	0.03438	0.12696	0.07209	0.03417	0.12485	0.03035	0.01889	0.01499	0.07537	0.01092	0.01377	0.00805	0.07308
1	0.02525	0.15269	0.15672	0.02310	0.03205	0.02361	0.06408	0.03167	0.02575	0.09653	0.09272	0.10144	0.09506	0.01681	0.01124	0.00346	0.01139	0.01429	0.00810	0.01406
2	0.06871	0.14521	0.08890	0.09220	0.03666	0.11527	0.02215	0.11307	0.02900	0.03738	0.02538	0.09394	0.02323	0.01816	0.04002	0.00412	0.01442	0.01117	0.00700	0.01401
3	0.01958	0.01268	0.01634	0.01730	0.02056	0.01178	0.01412	0.02351	0.02581	0.08648	0.07310	0.18907	0.18828	0.02923	0.01429	0.00453	0.00839	0.22329	0.01078	0.01087
4	0.03075	0.24164	0.05206	0.09885	0.04494	0.09905	0.15813	0.08337	0.02812	0.03429	0.01964	0.02430	0.01577	0.01043	0.01025	0.00314	0.01545	0.00919	0.00588	0.01473
5	0.18139	0.02229	0.02511	0.02013	0.02794	0.02272	0.01644	0.16458	0.03411	0.27257	0.03497	0.07347	0.02573	0.01469	0.01060	0.00354	0.00991	0.01146	0.01146	0.01690
6	0.01371	0.00979	0.01306	0.01567	0.01632	0.00914	0.01045	0.01567	0.02155	0.02873	0.06203	0.59710	0.07444	0.03526	0.01437	0.00457	0.00653	0.03200	0.01045	0.00914
7	0.03635	0.01602	0.02159	0.01762	0.02385	0.01412	0.01412	0.04109	0.03207	0.33863	0.24248	0.05704	0.05993	0.01765	0.01212	0.00351	0.00783	0.01502	0.01330	0.01566
8	0.10129	0.37781	0.04622	0.10988	0.03603	0.03579	0.02012	0.03547	0.02358	0.09370	0.01995	0.02255	0.01597	0.01052	0.00836	0.00288	0.01186	0.00734	0.00621	0.01447
9	0.02443	0.19442	0.42615	0.02892	0.04383	0.03067	0.03609	0.03517	0.02354	0.03339	0.01908	0.02236	0.01430	0.01043	0.00984	0.00328	0.01550	0.00775	0.00477	0.01609
10	0.01551	0.01136	0.01326	0.01278	0.01585	0.01020	0.00959	0.01992	0.02876	0.03949	0.32758	0.08844	0.25096	0.02396	0.01272	0.00354	0.00544	0.02055	0.07988	0.01020
11	0.16178	0.11410	0.02664	0.01763	0.02440	0.02116	0.01466	0.03819	0.02677	0.23779	0.09516	0.10634	0.03795	0.01631	0.01042	0.00345	0.00891	0.01311	0.01047	0.01474
12	0.14171	0.02133	0.02172	0.01839	0.02453	0.08207	0.01457	0.03936	0.02993	0.24057	0.19103	0.04747	0.04871	0.01598	0.01109	0.00343	0.00938	0.01286	0.01131	0.01455
13	0.01841	0.01018	0.01381	0.01381	0.01381	0.01018	0.00872	0.01527	0.01527	0.02036	0.02525	0.04833	0.02720	0.24142	0.04875	0.43576	0.01018	0.01213	0.00558	0.00558
14	0.01784	0.01207	0.01616	0.01836	0.02064	0.01196	0.01534	0.02251	0.02485	0.03412	0.05655	0.19083	0.06095	0.02907	0.01420	0.00470	0.00897	0.32155	0.10915	0.01018
15	0.34627	0.09344	0.02516	0.10726	0.03166	0.02497	0.01625	0.03437	0.02223	0.10282	0.02213	0.02514	0.01662	0.01119	0.00832	0.00330	0.00988	0.00783	0.07797	0.01319
16	0.02218	0.01797	0.02171	0.10910	0.03135	0.01938	0.01648	0.10251	0.11641	0.04033	0.09389	0.16565	0.15402	0.02187	0.01252	0.00386	0.00899	0.01875	0.01002	0.01302

[dist]
# distance from previous block
# <min> <max>
0	117

# created by:
# /st0/software/busco_prod/Augustus/scripts/msa2prfl.pl ./align_prep/4217.fa
