[name]
unknown

[dist]
# distance from previous block
# <min> <max>
0	56

[block]
# block no. 0 follows, 15 sequences, length 17
# corresponding to MSA columns:
# 56-72
name=unknown_A
#
# <colnr> <probs for GDERKNQSTAVLIFYWHMCP>
#	G	D	E	R	K	N	Q	S	T	A	V	L	I	F	Y	W	H	M	C	P
0	0.01606	0.01147	0.01606	0.01836	0.02065	0.01147	0.01606	0.02065	0.02295	0.02983	0.05278	0.11245	0.05737	0.02754	0.01377	0.00459	0.00918	0.52037	0.00918	0.00918
1	0.02665	0.65565	0.05224	0.01706	0.02559	0.03945	0.01706	0.02985	0.02026	0.02345	0.01386	0.01599	0.01279	0.00853	0.00640	0.00213	0.01066	0.00533	0.00426	0.01279
2	0.02480	0.02141	0.02254	0.02029	0.02592	0.02480	0.01578	0.05297	0.56946	0.04170	0.04057	0.03719	0.03043	0.01352	0.01014	0.00338	0.00789	0.01127	0.01014	0.01578
3	0.01999	0.05157	0.59800	0.02841	0.04315	0.02315	0.03683	0.03157	0.02105	0.03157	0.01789	0.02105	0.01263	0.00947	0.00947	0.00316	0.01473	0.00737	0.00421	0.01473
4	0.01450	0.00966	0.01087	0.01087	0.01087	0.00966	0.00604	0.01450	0.01450	0.01933	0.03141	0.06524	0.03624	0.64965	0.05074	0.00966	0.00966	0.01450	0.00604	0.00604
5	0.02067	0.01772	0.02067	0.01477	0.02362	0.01329	0.01181	0.02510	0.02067	0.03248	0.01772	0.02067	0.01477	0.00738	0.00738	0.00148	0.00738	0.00591	0.00591	0.71059
6	0.72007	0.01928	0.01465	0.01311	0.01928	0.02236	0.01080	0.02930	0.01697	0.04473	0.01388	0.01619	0.01080	0.00925	0.00617	0.00308	0.00771	0.00540	0.00617	0.01080
7	0.01391	0.01018	0.01305	0.01234	0.01477	0.00932	0.00925	0.01843	0.02775	0.03887	0.54151	0.07628	0.13545	0.02079	0.01176	0.00315	0.00473	0.01828	0.01083	0.00932
8	0.01411	0.01019	0.01333	0.01254	0.01489	0.00941	0.00941	0.01881	0.02822	0.03998	0.58221	0.07447	0.09406	0.02038	0.01176	0.00314	0.00470	0.01803	0.01097	0.00941
9	0.04473	0.01697	0.02313	0.01774	0.02545	0.01465	0.01465	0.04858	0.02853	0.59437	0.03933	0.03393	0.02468	0.01234	0.01003	0.00308	0.00848	0.01003	0.01234	0.01697
10	0.02079	0.01972	0.03345	0.43598	0.24301	0.02267	0.02866	0.02719	0.02086	0.02786	0.01807	0.02594	0.01413	0.00960	0.00993	0.00320	0.01280	0.00887	0.00460	0.01266
11	0.02067	0.01772	0.02067	0.01477	0.02362	0.01329	0.01181	0.02510	0.02067	0.03248	0.01772	0.02067	0.01477	0.00738	0.00738	0.00148	0.00738	0.00591	0.00591	0.71059
12	0.01350	0.01005	0.01255	0.01217	0.01458	0.00911	0.00904	0.01754	0.02641	0.03626	0.44573	0.12470	0.18715	0.02221	0.01184	0.00325	0.00486	0.01945	0.01050	0.00911
13	0.72007	0.01928	0.01465	0.01311	0.01928	0.02236	0.01080	0.02930	0.01697	0.04473	0.01388	0.01619	0.01080	0.00925	0.00617	0.00308	0.00771	0.00540	0.00617	0.01080
14	0.03193	0.02865	0.02560	0.02134	0.02804	0.16703	0.01681	0.17404	0.18995	0.07811	0.02685	0.02655	0.02008	0.01139	0.00942	0.00279	0.01111	0.00866	0.00842	0.11322
15	0.01445	0.00983	0.01173	0.01173	0.01203	0.01013	0.00711	0.01505	0.01475	0.01997	0.03063	0.06089	0.03436	0.55380	0.14401	0.01072	0.01251	0.01386	0.00592	0.00652
16	0.02411	0.02311	0.03944	0.11596	0.53713	0.02354	0.03031	0.03010	0.02243	0.03188	0.01865	0.02486	0.01555	0.00899	0.00988	0.00300	0.01198	0.00888	0.00489	0.01533

[dist]
# distance from previous block
# <min> <max>
0	2

[block]
# block no. 1 follows, 15 sequences, length 34
# corresponding to MSA columns:
# 75-108
name=unknown_B
#
# <colnr> <probs for GDERKNQSTAVLIFYWHMCP>
#	G	D	E	R	K	N	Q	S	T	A	V	L	I	F	Y	W	H	M	C	P
0	0.18983	0.02083	0.02578	0.26547	0.04310	0.02399	0.02024	0.17415	0.02739	0.08806	0.02035	0.02404	0.01468	0.01055	0.00909	0.00316	0.01094	0.00818	0.00703	0.01313
1	0.02100	0.14299	0.51540	0.02669	0.04049	0.02562	0.03384	0.03131	0.02093	0.03034	0.01728	0.02028	0.01265	0.00933	0.00901	0.00300	0.01412	0.00706	0.00422	0.01444
2	0.01488	0.01122	0.01564	0.01531	0.01645	0.01302	0.01133	0.01732	0.01553	0.02212	0.02703	0.04531	0.02727	0.23468	0.40708	0.01333	0.06716	0.01162	0.00547	0.00823
3	0.01986	0.01997	0.03409	0.02774	0.03088	0.02324	0.17563	0.02377	0.01869	0.02672	0.02585	0.18165	0.02716	0.01828	0.02141	0.00399	0.28972	0.01462	0.00581	0.01094
4	0.01424	0.01068	0.01602	0.01602	0.01780	0.01246	0.01246	0.01780	0.01602	0.02314	0.02670	0.03916	0.02492	0.07477	0.61015	0.01602	0.02670	0.01068	0.00534	0.00890
5	0.02354	0.02549	0.05225	0.08294	0.19297	0.02462	0.38304	0.03119	0.02309	0.03170	0.01965	0.02629	0.01519	0.00862	0.01116	0.00325	0.01529	0.01083	0.00498	0.01391
6	0.02855	0.01877	0.02171	0.01934	0.02500	0.02018	0.01554	0.04694	0.34850	0.18073	0.04211	0.04781	0.03306	0.01535	0.01066	0.00349	0.00824	0.08838	0.01056	0.01508
7	0.01215	0.00868	0.01157	0.01388	0.01446	0.00810	0.00925	0.01388	0.01909	0.02545	0.05495	0.64315	0.06593	0.03123	0.01272	0.00405	0.00578	0.02834	0.00925	0.00810
8	0.02108	0.02002	0.03398	0.40778	0.26893	0.02274	0.02881	0.02745	0.02100	0.02821	0.01812	0.02584	0.01425	0.00955	0.00993	0.00318	0.01273	0.00887	0.00462	0.01289
9	0.01610	0.00984	0.01207	0.01341	0.01527	0.00969	0.01050	0.01997	0.02109	0.03175	0.04489	0.21910	0.04633	0.02186	0.01066	0.00350	0.00641	0.17919	0.29943	0.00894
10	0.03724	0.04751	0.02825	0.02568	0.03082	0.60963	0.01926	0.03981	0.02825	0.02440	0.01541	0.01798	0.01284	0.01027	0.00899	0.00257	0.01798	0.00642	0.00514	0.01156
11	0.01411	0.01019	0.01333	0.01254	0.01489	0.00941	0.00941	0.01881	0.02822	0.03998	0.58221	0.07447	0.09406	0.02038	0.01176	0.00314	0.00470	0.01803	0.01097	0.00941
12	0.02754	0.60447	0.05022	0.01778	0.02603	0.08744	0.01724	0.03069	0.02093	0.02353	0.01399	0.01616	0.01280	0.00868	0.00661	0.00217	0.01128	0.00542	0.00434	0.01269
13	0.01541	0.01101	0.01531	0.01761	0.01962	0.01091	0.01492	0.01952	0.02230	0.02910	0.05314	0.20131	0.05881	0.02816	0.01359	0.00450	0.00861	0.43798	0.00919	0.00900
14	0.01215	0.00868	0.01157	0.01388	0.01446	0.00810	0.00925	0.01388	0.01909	0.02545	0.05495	0.64315	0.06593	0.03123	0.01272	0.00405	0.00578	0.02834	0.00925	0.00810
15	0.02467	0.02369	0.04046	0.06119	0.58747	0.02369	0.03059	0.03059	0.02270	0.03257	0.01875	0.02467	0.01579	0.00888	0.00987	0.00296	0.01184	0.00888	0.00493	0.01579
16	0.01273	0.00922	0.01215	0.01429	0.01534	0.00864	0.01018	0.01496	0.01996	0.02624	0.05806	0.51997	0.10339	0.03021	0.01282	0.00408	0.00625	0.10397	0.00924	0.00829
17	0.01178	0.01010	0.01010	0.01010	0.01347	0.00842	0.00757	0.01431	0.02272	0.02693	0.10099	0.09594	0.58342	0.02525	0.01178	0.00337	0.00505	0.02104	0.00926	0.00842
18	0.02353	0.02689	0.05882	0.04202	0.05210	0.02521	0.55126	0.03193	0.02353	0.03193	0.02017	0.02689	0.01513	0.00840	0.01176	0.00336	0.01681	0.01176	0.00504	0.01345
19	0.01215	0.00868	0.01157	0.01388	0.01446	0.00810	0.00925	0.01388	0.01909	0.02545	0.05495	0.64315	0.06593	0.03123	0.01272	0.00405	0.00578	0.02834	0.00925	0.00810
20	0.72007	0.01928	0.01465	0.01311	0.01928	0.02236	0.01080	0.02930	0.01697	0.04473	0.01388	0.01619	0.01080	0.00925	0.00617	0.00308	0.00771	0.00540	0.00617	0.01080
21	0.01212	0.00879	0.01144	0.01357	0.01438	0.00812	0.00911	0.01392	0.01939	0.02557	0.05879	0.59750	0.10911	0.03073	0.01265	0.00399	0.00572	0.02773	0.00925	0.00812
22	0.02480	0.02141	0.02254	0.02029	0.02592	0.02480	0.01578	0.05297	0.56946	0.04170	0.04057	0.03719	0.03043	0.01352	0.01014	0.00338	0.00789	0.01127	0.01014	0.01578
23	0.01384	0.00939	0.01107	0.01172	0.01188	0.00922	0.00694	0.01432	0.01579	0.02105	0.03802	0.22764	0.04459	0.47586	0.04006	0.00809	0.00857	0.01839	0.00694	0.00662
24	0.02775	0.02288	0.02420	0.02088	0.02705	0.02618	0.01649	0.16599	0.45163	0.04646	0.03682	0.03420	0.02739	0.01317	0.01011	0.00329	0.00858	0.01075	0.01011	0.01604
25	0.02740	0.61269	0.05054	0.01767	0.02596	0.07973	0.01721	0.03055	0.02082	0.02352	0.01397	0.01613	0.01280	0.00865	0.00658	0.00216	0.01118	0.00541	0.00433	0.01271
26	0.15048	0.02239	0.10487	0.01880	0.02638	0.01817	0.01743	0.03893	0.02407	0.34146	0.03316	0.03150	0.05052	0.01255	0.01131	0.00322	0.06150	0.00936	0.00929	0.01463
27	0.02511	0.11478	0.13474	0.08178	0.24481	0.06065	0.02576	0.03097	0.02240	0.07669	0.02241	0.07539	0.01941	0.01128	0.00953	0.00299	0.01189	0.00970	0.00568	0.01402
28	0.72007	0.01928	0.01465	0.01311	0.01928	0.02236	0.01080	0.02930	0.01697	0.04473	0.01388	0.01619	0.01080	0.00925	0.00617	0.00308	0.00771	0.00540	0.00617	0.01080
29	0.03355	0.04200	0.09906	0.02496	0.03174	0.38266	0.02097	0.10938	0.10021	0.03269	0.02013	0.02166	0.01565	0.01082	0.00933	0.00280	0.01532	0.00751	0.00632	0.01323
30	0.01215	0.00868	0.01157	0.01388	0.01446	0.00810	0.00925	0.01388	0.01909	0.02545	0.05495	0.64315	0.06593	0.03123	0.01272	0.00405	0.00578	0.02834	0.00925	0.00810
31	0.02252	0.01766	0.02086	0.01499	0.02377	0.01339	0.01203	0.02691	0.02128	0.07569	0.01938	0.02169	0.01553	0.00776	0.00759	0.00160	0.00747	0.00622	0.00640	0.65726
32	0.01656	0.01468	0.02336	0.40519	0.04913	0.01722	0.02096	0.02174	0.02063	0.02678	0.07833	0.16604	0.06734	0.01633	0.01082	0.00346	0.01045	0.01454	0.00631	0.01013
33	0.01930	0.01205	0.01462	0.01326	0.01663	0.01134	0.01022	0.02136	0.02243	0.12756	0.11322	0.06918	0.32816	0.02312	0.01648	0.09183	0.05425	0.01633	0.00896	0.00970

[dist]
# distance from previous block
# <min> <max>
0	1

[block]
# block no. 2 follows, 15 sequences, length 63
# corresponding to MSA columns:
# 110-172
name=unknown_C
#
# <colnr> <probs for GDERKNQSTAVLIFYWHMCP>
#	G	D	E	R	K	N	Q	S	T	A	V	L	I	F	Y	W	H	M	C	P
0	0.12576	0.17825	0.03252	0.02434	0.07271	0.31139	0.01821	0.03601	0.02449	0.06807	0.01682	0.01896	0.01364	0.00977	0.00817	0.00261	0.01376	0.00649	0.00557	0.01246
1	0.61805	0.02350	0.01668	0.01499	0.02100	0.11011	0.01206	0.03087	0.01865	0.04169	0.01411	0.01646	0.01110	0.00941	0.00659	0.00301	0.00925	0.00555	0.00601	0.01091
2	0.01910	0.03789	0.38004	0.12147	0.04170	0.02170	0.03017	0.02775	0.01959	0.02850	0.01921	0.02677	0.01550	0.06604	0.05542	0.00467	0.05873	0.00850	0.00448	0.01278
3	0.01348	0.01012	0.01386	0.01500	0.01578	0.01077	0.01063	0.01554	0.01776	0.02435	0.04366	0.41477	0.05042	0.08693	0.15815	0.00732	0.05361	0.02179	0.00776	0.00832
4	0.01858	0.00929	0.00929	0.00929	0.01161	0.00929	0.00697	0.02323	0.02091	0.03717	0.03252	0.03717	0.02555	0.01161	0.00697	0.00232	0.00465	0.00929	0.70499	0.00929
5	0.01345	0.00993	0.01257	0.01241	0.01462	0.00905	0.00912	0.01735	0.02592	0.03571	0.42622	0.17155	0.15940	0.02287	0.01192	0.00332	0.00493	0.02016	0.01044	0.00905
6	0.01732	0.00866	0.01299	0.01299	0.01299	0.00866	0.00866	0.01299	0.01299	0.01732	0.01732	0.03030	0.01732	0.03463	0.03896	0.70996	0.00866	0.00866	0.00433	0.00433
7	0.02353	0.02689	0.05882	0.04202	0.05210	0.02521	0.55126	0.03193	0.02353	0.03193	0.02017	0.02689	0.01513	0.00840	0.01176	0.00336	0.01681	0.01176	0.00504	0.01345
8	0.01450	0.00966	0.01087	0.01087	0.01087	0.00966	0.00604	0.01450	0.01450	0.01933	0.03141	0.06524	0.03624	0.64965	0.05074	0.00966	0.00966	0.01450	0.00604	0.00604
9	0.03724	0.04751	0.02825	0.02568	0.03082	0.60963	0.01926	0.03981	0.02825	0.02440	0.01541	0.01798	0.01284	0.01027	0.00899	0.00257	0.01798	0.00642	0.00514	0.01156
10	0.01450	0.00966	0.01087	0.01087	0.01087	0.00966	0.00604	0.01450	0.01450	0.01933	0.03141	0.06524	0.03624	0.64965	0.05074	0.00966	0.00966	0.01450	0.00604	0.00604
11	0.08036	0.01988	0.03220	0.38154	0.24106	0.02269	0.02724	0.02754	0.02062	0.02952	0.01774	0.02505	0.01393	0.00954	0.00961	0.00318	0.01232	0.00857	0.00475	0.01266
12	0.21927	0.04238	0.43195	0.02406	0.03635	0.02293	0.02942	0.03093	0.01989	0.03532	0.01675	0.01967	0.01211	0.00941	0.00853	0.00314	0.01273	0.00681	0.00477	0.01361
13	0.01450	0.00966	0.01087	0.01087	0.01087	0.00966	0.00604	0.01450	0.01450	0.01933	0.03141	0.06524	0.03624	0.64965	0.05074	0.00966	0.00966	0.01450	0.00604	0.00604
14	0.02881	0.07348	0.03328	0.20145	0.15650	0.16658	0.02377	0.13544	0.02788	0.03397	0.01834	0.02284	0.01439	0.01011	0.00946	0.00292	0.01347	0.00805	0.00579	0.01346
15	0.01353	0.01048	0.01588	0.01641	0.01803	0.00985	0.05363	0.01625	0.02044	0.02741	0.09147	0.50842	0.06325	0.02828	0.01266	0.00397	0.00686	0.06543	0.00904	0.00871
16	0.03240	0.02512	0.03273	0.08484	0.24420	0.06483	0.02340	0.19789	0.03137	0.12986	0.02332	0.02560	0.01716	0.01058	0.00987	0.00299	0.01158	0.00892	0.00766	0.01567
17	0.02406	0.42079	0.26442	0.02147	0.03241	0.03311	0.02475	0.03052	0.02056	0.02661	0.01543	0.01796	0.01273	0.00890	0.00759	0.00253	0.01224	0.00612	0.00424	0.01355
18	0.02570	0.56925	0.13029	0.01868	0.02810	0.03712	0.01989	0.03010	0.02037	0.02461	0.01444	0.01671	0.01277	0.00866	0.00684	0.00228	0.01124	0.00562	0.00426	0.01307
19	0.01402	0.01017	0.01351	0.01478	0.01664	0.00965	0.01152	0.01764	0.02326	0.03119	0.20746	0.26135	0.10671	0.02646	0.01274	0.00393	0.00659	0.19379	0.00972	0.00886
20	0.01426	0.01060	0.01561	0.01561	0.01724	0.01223	0.01194	0.01753	0.01590	0.02283	0.02708	0.04127	0.02584	0.12125	0.56492	0.01551	0.02532	0.01099	0.00540	0.00867
21	0.04473	0.01697	0.02313	0.01774	0.02545	0.01465	0.01465	0.04858	0.02853	0.59437	0.03933	0.03393	0.02468	0.01234	0.01003	0.00308	0.00848	0.01003	0.01234	0.01697
22	0.02427	0.02619	0.05406	0.09005	0.05182	0.02540	0.46439	0.07300	0.02508	0.03385	0.02026	0.02663	0.01512	0.00882	0.01147	0.00333	0.01604	0.01130	0.00538	0.01352
23	0.02665	0.65565	0.05224	0.01706	0.02559	0.03945	0.01706	0.02985	0.02026	0.02345	0.01386	0.01599	0.01279	0.00853	0.00640	0.00213	0.01066	0.00533	0.00426	0.01279
24	0.03790	0.02792	0.02992	0.02294	0.03091	0.03091	0.01895	0.55423	0.04687	0.06283	0.02393	0.02393	0.01695	0.01197	0.00997	0.00299	0.01097	0.00898	0.00997	0.01695
25	0.01178	0.01010	0.01010	0.01010	0.01347	0.00842	0.00757	0.01431	0.02272	0.02693	0.10099	0.09594	0.58342	0.02525	0.01178	0.00337	0.00505	0.02104	0.00926	0.00842
26	0.02051	0.09795	0.55610	0.02754	0.04180	0.02440	0.03531	0.03144	0.02099	0.03095	0.01758	0.02066	0.01264	0.00940	0.00924	0.00308	0.01442	0.00721	0.00421	0.01458
27	0.01215	0.00868	0.01157	0.01388	0.01446	0.00810	0.00925	0.01388	0.01909	0.02545	0.05495	0.64315	0.06593	0.03123	0.01272	0.00405	0.00578	0.02834	0.00925	0.00810
28	0.01215	0.00868	0.01157	0.01388	0.01446	0.00810	0.00925	0.01388	0.01909	0.02545	0.05495	0.64315	0.06593	0.03123	0.01272	0.00405	0.00578	0.02834	0.00925	0.00810
29	0.02421	0.02321	0.03962	0.10617	0.54613	0.02356	0.03036	0.03019	0.02248	0.03200	0.01867	0.02482	0.01559	0.00897	0.00988	0.00299	0.01196	0.00888	0.00489	0.01541
30	0.02275	0.07706	0.08854	0.03289	0.04037	0.02611	0.30991	0.02930	0.02106	0.02989	0.01892	0.02527	0.01513	0.01074	0.01538	0.00338	0.15012	0.01005	0.06054	0.01260
31	0.03790	0.02792	0.02992	0.02294	0.03091	0.03091	0.01895	0.55423	0.04687	0.06283	0.02393	0.02393	0.01695	0.01197	0.00997	0.00299	0.01097	0.00898	0.00997	0.01695
32	0.72007	0.01928	0.01465	0.01311	0.01928	0.02236	0.01080	0.02930	0.01697	0.04473	0.01388	0.01619	0.01080	0.00925	0.00617	0.00308	0.00771	0.00540	0.00617	0.01080
33	0.01178	0.01010	0.01010	0.01010	0.01347	0.00842	0.00757	0.01431	0.02272	0.02693	0.10099	0.09594	0.58342	0.02525	0.01178	0.00337	0.00505	0.02104	0.00926	0.00842
34	0.02750	0.60675	0.05031	0.01775	0.02601	0.08529	0.01723	0.03065	0.02090	0.02353	0.01398	0.01615	0.01280	0.00867	0.00661	0.00217	0.01125	0.00542	0.00433	0.01269
35	0.01431	0.00959	0.01093	0.01111	0.01116	0.00954	0.00630	0.01445	0.01486	0.01982	0.03329	0.11128	0.03861	0.60038	0.04771	0.00922	0.00936	0.01560	0.00630	0.00620
36	0.03600	0.06947	0.07196	0.02127	0.02880	0.10245	0.05987	0.04041	0.02613	0.33554	0.03224	0.08054	0.02395	0.01284	0.00995	0.00305	0.01092	0.01067	0.00926	0.01469
37	0.02164	0.01622	0.02571	0.11631	0.03258	0.01637	0.10871	0.02893	0.08877	0.11487	0.04277	0.22530	0.08209	0.01835	0.01132	0.00353	0.00950	0.01689	0.00833	0.01181
38	0.02831	0.03332	0.02492	0.02309	0.02612	0.35215	0.01751	0.03061	0.02346	0.02455	0.02394	0.16127	0.02499	0.01654	0.01477	0.00328	0.14271	0.01190	0.00591	0.01063
39	0.02152	0.04642	0.46363	0.07045	0.04255	0.07347	0.03348	0.03123	0.02111	0.02992	0.01728	0.02124	0.01273	0.01022	0.01133	0.00322	0.06449	0.00750	0.00432	0.01390
40	0.03266	0.02984	0.20007	0.02166	0.03075	0.06031	0.02165	0.04134	0.08449	0.28984	0.03199	0.06176	0.02295	0.01245	0.00994	0.00315	0.01088	0.01006	0.00892	0.01529
41	0.01959	0.01850	0.03128	0.55203	0.13636	0.02235	0.02807	0.02614	0.02029	0.02640	0.01785	0.02633	0.01362	0.00983	0.00995	0.00328	0.01310	0.00886	0.00450	0.01169
42	0.72007	0.01928	0.01465	0.01311	0.01928	0.02236	0.01080	0.02930	0.01697	0.04473	0.01388	0.01619	0.01080	0.00925	0.00617	0.00308	0.00771	0.00540	0.00617	0.01080
43	0.01178	0.01010	0.01010	0.01010	0.01347	0.00842	0.00757	0.01431	0.02272	0.02693	0.10099	0.09594	0.58342	0.02525	0.01178	0.00337	0.00505	0.02104	0.00926	0.00842
44	0.02611	0.60681	0.09637	0.01798	0.02701	0.03813	0.01866	0.02999	0.02032	0.02411	0.01419	0.01640	0.01278	0.00860	0.00665	0.00222	0.01099	0.00550	0.00426	0.01295
45	0.01377	0.01018	0.01286	0.01219	0.01469	0.00926	0.00914	0.01816	0.02743	0.03810	0.51294	0.07756	0.16450	0.02108	0.01176	0.00317	0.00475	0.01846	0.01073	0.00926
46	0.02078	0.02007	0.02950	0.08874	0.03105	0.02572	0.06080	0.02648	0.06530	0.02855	0.09785	0.03154	0.02632	0.01604	0.02377	0.00392	0.37586	0.01052	0.00586	0.01132
47	0.02081	0.06394	0.03646	0.39307	0.09863	0.02479	0.10143	0.02693	0.02019	0.02664	0.01739	0.02524	0.01369	0.01036	0.01239	0.00333	0.07928	0.00902	0.00454	0.01188
48	0.01450	0.00966	0.01087	0.01087	0.01087	0.00966	0.00604	0.01450	0.01450	0.01933	0.03141	0.06524	0.03624	0.64965	0.05074	0.00966	0.00966	0.01450	0.00604	0.00604
49	0.72007	0.01928	0.01465	0.01311	0.01928	0.02236	0.01080	0.02930	0.01697	0.04473	0.01388	0.01619	0.01080	0.00925	0.00617	0.00308	0.00771	0.00540	0.00617	0.01080
50	0.02170	0.04918	0.55833	0.02768	0.04193	0.02257	0.03530	0.03274	0.02156	0.07041	0.01937	0.02194	0.01346	0.00967	0.00951	0.00315	0.01430	0.00755	0.00477	0.01489
51	0.01528	0.01157	0.01537	0.01800	0.05898	0.01122	0.01194	0.05290	0.02258	0.03017	0.09611	0.42397	0.10016	0.02661	0.01226	0.00381	0.00672	0.06373	0.00911	0.00949
52	0.01265	0.00897	0.01185	0.01397	0.01463	0.00849	0.00950	0.01445	0.01899	0.02527	0.05278	0.55333	0.06276	0.08346	0.01603	0.00457	0.00637	0.06494	0.00898	0.00801
53	0.01657	0.01205	0.01644	0.01847	0.02096	0.01224	0.01605	0.02251	0.05441	0.03052	0.05208	0.10812	0.05582	0.02673	0.01356	0.00452	0.00911	0.49106	0.00924	0.00956
54	0.02008	0.01532	0.01786	0.01579	0.01971	0.01600	0.01224	0.11032	0.14366	0.04394	0.38161	0.05875	0.06868	0.01763	0.01114	0.00316	0.00635	0.01520	0.01064	0.01192
55	0.03790	0.02792	0.02992	0.02294	0.03091	0.03091	0.01895	0.55423	0.04687	0.06283	0.02393	0.02393	0.01695	0.01197	0.00997	0.00299	0.01097	0.00898	0.00997	0.01695
56	0.72007	0.01928	0.01465	0.01311	0.01928	0.02236	0.01080	0.02930	0.01697	0.04473	0.01388	0.01619	0.01080	0.00925	0.00617	0.00308	0.00771	0.00540	0.00617	0.01080
57	0.01344	0.01016	0.01239	0.01184	0.01448	0.00912	0.00888	0.01751	0.02663	0.03621	0.44327	0.08067	0.23535	0.02179	0.01176	0.00320	0.00480	0.01890	0.01048	0.00912
58	0.01411	0.01019	0.01333	0.01254	0.01489	0.00941	0.00941	0.01881	0.02822	0.03998	0.58221	0.07447	0.09406	0.02038	0.01176	0.00314	0.00470	0.01803	0.01097	0.00941
59	0.01215	0.00868	0.01157	0.01388	0.01446	0.00810	0.00925	0.01388	0.01909	0.02545	0.05495	0.64315	0.06593	0.03123	0.01272	0.00405	0.00578	0.02834	0.00925	0.00810
60	0.03735	0.04427	0.02853	0.02523	0.03083	0.51396	0.01921	0.12485	0.03133	0.03075	0.01682	0.01896	0.01352	0.01055	0.00915	0.00264	0.01682	0.00684	0.00594	0.01245
61	0.02308	0.31273	0.27132	0.07510	0.03822	0.03038	0.06391	0.03032	0.02078	0.02751	0.01626	0.01971	0.01293	0.00902	0.00832	0.00273	0.01297	0.00691	0.00431	0.01348
62	0.02557	0.46099	0.09511	0.02665	0.11423	0.03461	0.06327	0.03027	0.02095	0.02617	0.01543	0.01858	0.01342	0.00865	0.00760	0.00244	0.01166	0.00655	0.00442	0.01346

[dist]
# distance from previous block
# <min> <max>
0	1

[block]
# block no. 3 follows, 15 sequences, length 99
# corresponding to MSA columns:
# 174-272
name=unknown_D
#
# <colnr> <probs for GDERKNQSTAVLIFYWHMCP>
#	G	D	E	R	K	N	Q	S	T	A	V	L	I	F	Y	W	H	M	C	P
0	0.01343	0.01016	0.01239	0.01183	0.01448	0.00912	0.00888	0.01751	0.02663	0.03620	0.44277	0.08069	0.23586	0.02179	0.01176	0.00320	0.00480	0.01890	0.01048	0.00912
1	0.02089	0.02047	0.03666	0.40719	0.18745	0.02296	0.10602	0.02763	0.02111	0.02809	0.01832	0.02618	0.01415	0.00948	0.01021	0.00324	0.01347	0.00930	0.00464	0.01253
2	0.01732	0.00866	0.01299	0.01299	0.01299	0.00866	0.00866	0.01299	0.01299	0.01732	0.01732	0.03030	0.01732	0.03463	0.03896	0.70996	0.00866	0.00866	0.00433	0.00433
3	0.01208	0.00954	0.01089	0.01175	0.01395	0.00836	0.00836	0.01444	0.02165	0.02721	0.11462	0.31041	0.34692	0.02729	0.01215	0.00362	0.00532	0.02372	0.00937	0.00836
4	0.02480	0.02141	0.02254	0.02029	0.02592	0.02480	0.01578	0.05297	0.56946	0.04170	0.04057	0.03719	0.03043	0.01352	0.01014	0.00338	0.00789	0.01127	0.01014	0.01578
5	0.01450	0.00966	0.01087	0.01087	0.01087	0.00966	0.00604	0.01450	0.01450	0.01933	0.03141	0.06524	0.03624	0.64965	0.05074	0.00966	0.00966	0.01450	0.00604	0.00604
6	0.02181	0.02181	0.03053	0.02617	0.02617	0.03053	0.02181	0.02399	0.01527	0.02399	0.01309	0.02181	0.01309	0.01745	0.03272	0.00436	0.63141	0.00872	0.00436	0.01091
7	0.03846	0.02702	0.02936	0.02251	0.03047	0.02958	0.01859	0.51264	0.04536	0.10654	0.02520	0.02476	0.01759	0.01200	0.00998	0.00300	0.01077	0.00906	0.01017	0.01695
8	0.47859	0.02641	0.01971	0.01716	0.02338	0.14573	0.01375	0.10804	0.02367	0.04314	0.01566	0.01769	0.01212	0.00986	0.00731	0.00296	0.01032	0.00613	0.00651	0.01185
9	0.01481	0.01152	0.01712	0.01679	0.01843	0.01382	0.01317	0.01827	0.01596	0.02321	0.02568	0.03785	0.02403	0.07044	0.56660	0.01514	0.07231	0.01053	0.00527	0.00905
10	0.02665	0.65565	0.05224	0.01706	0.02559	0.03945	0.01706	0.02985	0.02026	0.02345	0.01386	0.01599	0.01279	0.00853	0.00640	0.00213	0.01066	0.00533	0.00426	0.01279
11	0.01450	0.00966	0.01087	0.01087	0.01087	0.00966	0.00604	0.01450	0.01450	0.01933	0.03141	0.06524	0.03624	0.64965	0.05074	0.00966	0.00966	0.01450	0.00604	0.00604
12	0.72007	0.01928	0.01465	0.01311	0.01928	0.02236	0.01080	0.02930	0.01697	0.04473	0.01388	0.01619	0.01080	0.00925	0.00617	0.00308	0.00771	0.00540	0.00617	0.01080
13	0.01424	0.01068	0.01602	0.01602	0.01780	0.01246	0.01246	0.01780	0.01602	0.02314	0.02670	0.03916	0.02492	0.07477	0.61015	0.01602	0.02670	0.01068	0.00534	0.00890
14	0.01215	0.00868	0.01157	0.01388	0.01446	0.00810	0.00925	0.01388	0.01909	0.02545	0.05495	0.64315	0.06593	0.03123	0.01272	0.00405	0.00578	0.02834	0.00925	0.00810
15	0.01211	0.00880	0.01144	0.01355	0.01437	0.00812	0.00911	0.01392	0.01940	0.02558	0.05892	0.59589	0.11063	0.03072	0.01264	0.00399	0.00572	0.02771	0.00925	0.00812
16	0.02426	0.02326	0.03971	0.10140	0.55051	0.02358	0.03039	0.03023	0.02250	0.03206	0.01868	0.02481	0.01561	0.00896	0.00988	0.00299	0.01195	0.00888	0.00490	0.01545
17	0.01409	0.01122	0.01286	0.01347	0.01590	0.01086	0.00968	0.02035	0.10541	0.02941	0.10349	0.32350	0.24115	0.02573	0.01194	0.00365	0.00578	0.02252	0.00951	0.00947
18	0.01229	0.00878	0.01169	0.01379	0.01449	0.00819	0.00926	0.01423	0.01974	0.02648	0.09250	0.60264	0.06794	0.03046	0.01266	0.00398	0.00571	0.02761	0.00938	0.00819
19	0.02387	0.02044	0.02174	0.01961	0.02496	0.02346	0.01523	0.05000	0.52242	0.04155	0.08765	0.04043	0.03596	0.01412	0.01028	0.00336	0.00761	0.01186	0.01022	0.01523
20	0.02160	0.01546	0.01235	0.01194	0.01472	0.10626	0.00895	0.02591	0.02209	0.03510	0.02976	0.03407	0.02350	0.01140	0.00729	0.00236	0.00680	0.00883	0.59195	0.00966
21	0.03067	0.02109	0.03506	0.02659	0.03422	0.02029	0.20238	0.09698	0.06743	0.21392	0.07867	0.03894	0.02889	0.01265	0.01102	0.00329	0.01135	0.04302	0.00904	0.01451
22	0.02587	0.01972	0.02271	0.01663	0.02522	0.01694	0.01345	0.13340	0.02652	0.07901	0.02053	0.02228	0.01592	0.00866	0.00809	0.00190	0.00818	0.00682	0.00719	0.52095
23	0.01215	0.00868	0.01157	0.01388	0.01446	0.00810	0.00925	0.01388	0.01909	0.02545	0.05495	0.64315	0.06593	0.03123	0.01272	0.00405	0.00578	0.02834	0.00925	0.00810
24	0.02067	0.01772	0.02067	0.01477	0.02362	0.01329	0.01181	0.02510	0.02067	0.03248	0.01772	0.02067	0.01477	0.00738	0.00738	0.00148	0.00738	0.00591	0.00591	0.71059
25	0.06413	0.08136	0.17254	0.02486	0.03328	0.16029	0.08849	0.03519	0.05594	0.09883	0.02409	0.07412	0.01982	0.01182	0.00962	0.00304	0.01318	0.00972	0.00640	0.01326
26	0.03242	0.02990	0.02582	0.02451	0.06905	0.23315	0.01771	0.07074	0.18433	0.12295	0.06457	0.03057	0.02557	0.01219	0.00979	0.00297	0.01187	0.00947	0.00834	0.01409
27	0.01999	0.05157	0.59800	0.02841	0.04315	0.02315	0.03683	0.03157	0.02105	0.03157	0.01789	0.02105	0.01263	0.00947	0.00947	0.00316	0.01473	0.00737	0.00421	0.01473
28	0.07606	0.02010	0.02837	0.02183	0.02924	0.01960	0.09896	0.11691	0.07674	0.30202	0.07731	0.03393	0.02743	0.01225	0.01022	0.00314	0.00975	0.01064	0.01018	0.01532
29	0.02204	0.23739	0.43011	0.02492	0.03774	0.02816	0.03075	0.03104	0.02080	0.02907	0.01665	0.01949	0.01268	0.00918	0.00853	0.00284	0.01348	0.00674	0.00423	0.01414
30	0.01450	0.00966	0.01087	0.01087	0.01087	0.00966	0.00604	0.01450	0.01450	0.01933	0.03141	0.06524	0.03624	0.64965	0.05074	0.00966	0.00966	0.01450	0.00604	0.00604
31	0.01450	0.00966	0.01087	0.01087	0.01087	0.00966	0.00604	0.01450	0.01450	0.01933	0.03141	0.06524	0.03624	0.64965	0.05074	0.00966	0.00966	0.01450	0.00604	0.00604
32	0.07430	0.03526	0.30972	0.02793	0.08333	0.02140	0.05834	0.03426	0.06262	0.11056	0.02313	0.02571	0.01684	0.01496	0.05483	0.00412	0.01363	0.00852	0.00611	0.01441
33	0.01224	0.00902	0.01147	0.01318	0.01433	0.00825	0.00900	0.01432	0.02035	0.02678	0.10200	0.51364	0.14997	0.02947	0.01250	0.00387	0.00559	0.02641	0.00938	0.00825
34	0.01215	0.00868	0.01157	0.01388	0.01446	0.00810	0.00925	0.01388	0.01909	0.02545	0.05495	0.64315	0.06593	0.03123	0.01272	0.00405	0.00578	0.02834	0.00925	0.00810
35	0.07713	0.03125	0.08660	0.08942	0.17743	0.14614	0.14229	0.07184	0.02507	0.03318	0.01825	0.02296	0.01427	0.00947	0.00982	0.00303	0.01424	0.00864	0.00536	0.01361
36	0.01680	0.01116	0.01248	0.01242	0.01548	0.01041	0.00919	0.02180	0.06922	0.07616	0.06817	0.21264	0.27065	0.02246	0.01095	0.00335	0.00569	0.01921	0.12196	0.00982
37	0.01483	0.01129	0.01611	0.01579	0.01711	0.01324	0.01194	0.01763	0.01568	0.02249	0.02660	0.04277	0.02618	0.17777	0.46437	0.01400	0.06702	0.01125	0.00540	0.00851
38	0.01450	0.00966	0.01087	0.01087	0.01087	0.00966	0.00604	0.01450	0.01450	0.01933	0.03141	0.06524	0.03624	0.64965	0.05074	0.00966	0.00966	0.01450	0.00604	0.00604
39	0.02067	0.01772	0.02067	0.01477	0.02362	0.01329	0.01181	0.02510	0.02067	0.03248	0.01772	0.02067	0.01477	0.00738	0.00738	0.00148	0.00738	0.00591	0.00591	0.71059
40	0.02796	0.02876	0.02498	0.02147	0.02622	0.26414	0.07610	0.06852	0.02571	0.03183	0.02282	0.02719	0.01837	0.01620	0.06100	0.00378	0.01399	0.00847	0.22126	0.01123
41	0.01251	0.00996	0.01093	0.01096	0.01361	0.00869	0.00795	0.01519	0.02281	0.02875	0.18718	0.13401	0.39599	0.07870	0.01522	0.00392	0.00544	0.02047	0.00932	0.00838
42	0.01416	0.01009	0.01276	0.01276	0.01373	0.01062	0.00862	0.01574	0.01579	0.02144	0.03567	0.05798	0.07949	0.37663	0.26022	0.01154	0.01575	0.01361	0.00605	0.00734
43	0.02665	0.65565	0.05224	0.01706	0.02559	0.03945	0.01706	0.02985	0.02026	0.02345	0.01386	0.01599	0.01279	0.00853	0.00640	0.00213	0.01066	0.00533	0.00426	0.01279
44	0.01246	0.01032	0.01104	0.01141	0.01460	0.00890	0.00892	0.01531	0.02276	0.02739	0.09336	0.09855	0.50015	0.02561	0.01210	0.00356	0.00570	0.10008	0.00925	0.00854
45	0.02467	0.02369	0.04046	0.06119	0.58747	0.02369	0.03059	0.03059	0.02270	0.03257	0.01875	0.02467	0.01579	0.00888	0.00987	0.00296	0.01184	0.00888	0.00493	0.01579
46	0.01549	0.01239	0.01792	0.01722	0.01856	0.01514	0.01342	0.01852	0.01577	0.02295	0.02491	0.03861	0.02399	0.11516	0.46857	0.01359	0.12290	0.01069	0.00524	0.00898
47	0.01239	0.00885	0.01185	0.01416	0.01484	0.00831	0.00968	0.01430	0.01933	0.02572	0.05481	0.61016	0.06540	0.03100	0.01279	0.00408	0.00599	0.05892	0.00925	0.00816
48	0.01589	0.01136	0.01583	0.01785	0.02015	0.01129	0.01549	0.02049	0.02341	0.03072	0.09879	0.10915	0.06056	0.02692	0.01359	0.00446	0.00879	0.47671	0.00934	0.00920
49	0.02285	0.02253	0.04047	0.21608	0.35580	0.02350	0.11388	0.02938	0.02206	0.03048	0.01869	0.02556	0.01498	0.00911	0.01020	0.00313	0.01305	0.00934	0.00481	0.01409
50	0.01480	0.00984	0.01181	0.01181	0.01238	0.01021	0.00746	0.01594	0.01537	0.02167	0.03053	0.05738	0.03296	0.47465	0.16326	0.01035	0.01277	0.01325	0.06664	0.00692
51	0.01931	0.01227	0.01304	0.01239	0.01549	0.01293	0.00942	0.02947	0.15028	0.03868	0.12319	0.04320	0.03776	0.01348	0.00848	0.00270	0.00541	0.01117	0.43051	0.01083
52	0.18364	0.40693	0.09136	0.01919	0.02785	0.03298	0.06127	0.03005	0.01984	0.02969	0.01473	0.01737	0.01252	0.00876	0.00705	0.00254	0.01085	0.00605	0.00476	0.01256
53	0.03592	0.04384	0.02773	0.02461	0.03023	0.52462	0.01863	0.07057	0.02878	0.02745	0.01613	0.01857	0.01325	0.01014	0.00892	0.00250	0.01667	0.00654	0.00550	0.06938
54	0.01278	0.00913	0.01229	0.01460	0.01546	0.00864	0.01035	0.01497	0.01971	0.02616	0.05460	0.55743	0.06455	0.03064	0.01289	0.00414	0.00633	0.10781	0.00924	0.00827
55	0.02181	0.02181	0.03053	0.02617	0.02617	0.03053	0.02181	0.02399	0.01527	0.02399	0.01309	0.02181	0.01309	0.01745	0.03272	0.00436	0.63141	0.00872	0.00436	0.01091
56	0.72007	0.01928	0.01465	0.01311	0.01928	0.02236	0.01080	0.02930	0.01697	0.04473	0.01388	0.01619	0.01080	0.00925	0.00617	0.00308	0.00771	0.00540	0.00617	0.01080
57	0.72007	0.01928	0.01465	0.01311	0.01928	0.02236	0.01080	0.02930	0.01697	0.04473	0.01388	0.01619	0.01080	0.00925	0.00617	0.00308	0.00771	0.00540	0.00617	0.01080
58	0.01215	0.00868	0.01157	0.01388	0.01446	0.00810	0.00925	0.01388	0.01909	0.02545	0.05495	0.64315	0.06593	0.03123	0.01272	0.00405	0.00578	0.02834	0.00925	0.00810
59	0.03745	0.04123	0.02878	0.02480	0.03085	0.42409	0.01916	0.20474	0.03422	0.03672	0.01814	0.01989	0.01416	0.01082	0.00930	0.00270	0.01573	0.00724	0.00669	0.01329
60	0.02467	0.02369	0.04046	0.06119	0.58747	0.02369	0.03059	0.03059	0.02270	0.03257	0.01875	0.02467	0.01579	0.00888	0.00987	0.00296	0.01184	0.00888	0.00493	0.01579
61	0.01215	0.00868	0.01157	0.01388	0.01446	0.00810	0.00925	0.01388	0.01909	0.02545	0.05495	0.64315	0.06593	0.03123	0.01272	0.00405	0.00578	0.02834	0.00925	0.00810
62	0.04473	0.01697	0.02313	0.01774	0.02545	0.01465	0.01465	0.04858	0.02853	0.59437	0.03933	0.03393	0.02468	0.01234	0.01003	0.00308	0.00848	0.01003	0.01234	0.01697
63	0.01999	0.05157	0.59800	0.02841	0.04315	0.02315	0.03683	0.03157	0.02105	0.03157	0.01789	0.02105	0.01263	0.00947	0.00947	0.00316	0.01473	0.00737	0.00421	0.01473
64	0.02070	0.01863	0.02676	0.02339	0.02741	0.02112	0.09513	0.03308	0.20385	0.03233	0.03520	0.08647	0.03257	0.02203	0.05997	0.00478	0.11878	0.11779	0.00778	0.01223
65	0.01215	0.00868	0.01157	0.01388	0.01446	0.00810	0.00925	0.01388	0.01909	0.02545	0.05495	0.64315	0.06593	0.03123	0.01272	0.00405	0.00578	0.02834	0.00925	0.00810
66	0.02636	0.47143	0.12310	0.01980	0.02849	0.03582	0.02027	0.07522	0.02230	0.02802	0.01523	0.01781	0.01315	0.00962	0.00909	0.00251	0.05756	0.00618	0.00476	0.01328
67	0.01411	0.01019	0.01333	0.01254	0.01489	0.00941	0.00941	0.01881	0.02822	0.03998	0.58221	0.07447	0.09406	0.02038	0.01176	0.00314	0.00470	0.01803	0.01097	0.00941
68	0.03142	0.03026	0.20903	0.02757	0.03807	0.02011	0.16639	0.03887	0.02489	0.26989	0.02758	0.02808	0.01840	0.01040	0.01033	0.00318	0.01265	0.00968	0.00788	0.01533
69	0.01883	0.01772	0.02990	0.62569	0.06866	0.02215	0.02769	0.02547	0.01993	0.02547	0.01772	0.02658	0.01329	0.00997	0.00997	0.00332	0.01329	0.00886	0.00443	0.01107
70	0.01201	0.01006	0.01016	0.01016	0.01325	0.00852	0.00745	0.01432	0.02205	0.02631	0.09527	0.09341	0.53842	0.07660	0.01499	0.00388	0.00543	0.02050	0.00899	0.00822
71	0.72007	0.01928	0.01465	0.01311	0.01928	0.02236	0.01080	0.02930	0.01697	0.04473	0.01388	0.01619	0.01080	0.00925	0.00617	0.00308	0.00771	0.00540	0.00617	0.01080
72	0.02067	0.01772	0.02067	0.01477	0.02362	0.01329	0.01181	0.02510	0.02067	0.03248	0.01772	0.02067	0.01477	0.00738	0.00738	0.00148	0.00738	0.00591	0.00591	0.71059
73	0.02353	0.02689	0.05882	0.04202	0.05210	0.02521	0.55126	0.03193	0.02353	0.03193	0.02017	0.02689	0.01513	0.00840	0.01176	0.00336	0.01681	0.01176	0.00504	0.01345
74	0.02181	0.02181	0.03053	0.02617	0.02617	0.03053	0.02181	0.02399	0.01527	0.02399	0.01309	0.02181	0.01309	0.01745	0.03272	0.00436	0.63141	0.00872	0.00436	0.01091
75	0.02353	0.02689	0.05882	0.04202	0.05210	0.02521	0.55126	0.03193	0.02353	0.03193	0.02017	0.02689	0.01513	0.00840	0.01176	0.00336	0.01681	0.01176	0.00504	0.01345
76	0.04473	0.01697	0.02313	0.01774	0.02545	0.01465	0.01465	0.04858	0.02853	0.59437	0.03933	0.03393	0.02468	0.01234	0.01003	0.00308	0.00848	0.01003	0.01234	0.01697
77	0.72007	0.01928	0.01465	0.01311	0.01928	0.02236	0.01080	0.02930	0.01697	0.04473	0.01388	0.01619	0.01080	0.00925	0.00617	0.00308	0.00771	0.00540	0.00617	0.01080
78	0.03790	0.02792	0.02992	0.02294	0.03091	0.03091	0.01895	0.55423	0.04687	0.06283	0.02393	0.02393	0.01695	0.01197	0.00997	0.00299	0.01097	0.00898	0.00997	0.01695
79	0.02665	0.65565	0.05224	0.01706	0.02559	0.03945	0.01706	0.02985	0.02026	0.02345	0.01386	0.01599	0.01279	0.00853	0.00640	0.00213	0.01066	0.00533	0.00426	0.01279
80	0.03790	0.02792	0.02992	0.02294	0.03091	0.03091	0.01895	0.55423	0.04687	0.06283	0.02393	0.02393	0.01695	0.01197	0.00997	0.00299	0.01097	0.00898	0.00997	0.01695
81	0.01215	0.00868	0.01157	0.01388	0.01446	0.00810	0.00925	0.01388	0.01909	0.02545	0.05495	0.64315	0.06593	0.03123	0.01272	0.00405	0.00578	0.02834	0.00925	0.00810
82	0.01215	0.00868	0.01157	0.01388	0.01446	0.00810	0.00925	0.01388	0.01909	0.02545	0.05495	0.64315	0.06593	0.03123	0.01272	0.00405	0.00578	0.02834	0.00925	0.00810
83	0.02480	0.02141	0.02254	0.02029	0.02592	0.02480	0.01578	0.05297	0.56946	0.04170	0.04057	0.03719	0.03043	0.01352	0.01014	0.00338	0.00789	0.01127	0.01014	0.01578
84	0.04116	0.02269	0.02668	0.02045	0.02830	0.02315	0.01690	0.31280	0.03812	0.31662	0.03128	0.02871	0.02064	0.01214	0.01000	0.00304	0.00978	0.00948	0.01110	0.01696
85	0.02394	0.01474	0.01900	0.01847	0.05570	0.01585	0.01299	0.05554	0.02141	0.13297	0.03083	0.08848	0.02790	0.15323	0.02206	0.00461	0.10860	0.01199	0.17068	0.01100
86	0.02630	0.02108	0.02259	0.02010	0.02589	0.02403	0.01569	0.05264	0.52866	0.08338	0.04048	0.03695	0.03000	0.01344	0.01013	0.00336	0.00793	0.01118	0.01031	0.01587
87	0.01450	0.00966	0.01087	0.01087	0.01087	0.00966	0.00604	0.01450	0.01450	0.01933	0.03141	0.06524	0.03624	0.64965	0.05074	0.00966	0.00966	0.01450	0.00604	0.00604
88	0.01510	0.01210	0.01673	0.01563	0.01753	0.01212	0.05395	0.01727	0.01866	0.02436	0.04930	0.13842	0.15300	0.27112	0.02893	0.00616	0.04987	0.08432	0.00731	0.00812
89	0.02378	0.02277	0.03884	0.14782	0.50785	0.02345	0.03015	0.02981	0.02227	0.03148	0.01859	0.02497	0.01541	0.00905	0.00988	0.00302	0.01206	0.00888	0.00486	0.01507
90	0.01248	0.00892	0.01196	0.01427	0.01499	0.00839	0.00984	0.01447	0.01942	0.02583	0.05476	0.59731	0.06519	0.03091	0.01281	0.00410	0.00608	0.07083	0.00925	0.00819
91	0.03351	0.01874	0.03042	0.12066	0.07819	0.01781	0.10412	0.03861	0.02554	0.33361	0.03534	0.03503	0.05758	0.01192	0.01040	0.00318	0.01061	0.01076	0.00915	0.01481
92	0.02906	0.10958	0.12902	0.03320	0.12599	0.11790	0.13300	0.09309	0.02640	0.07951	0.02006	0.02313	0.01519	0.00968	0.00966	0.00293	0.01377	0.00852	0.00597	0.01434
93	0.02508	0.02285	0.03291	0.08669	0.18977	0.02476	0.08282	0.07933	0.26752	0.03820	0.02892	0.03061	0.02210	0.01122	0.01023	0.00323	0.01072	0.01028	0.00760	0.01519
94	0.01697	0.01461	0.02104	0.08846	0.02504	0.01841	0.01597	0.01986	0.01624	0.02330	0.02403	0.07590	0.02423	0.12536	0.24936	0.00935	0.20569	0.01156	0.00529	0.00932
95	0.01450	0.00966	0.01087	0.01087	0.01087	0.00966	0.00604	0.01450	0.01450	0.01933	0.03141	0.06524	0.03624	0.64965	0.05074	0.00966	0.00966	0.01450	0.00604	0.00604
96	0.07551	0.02825	0.08212	0.02904	0.07267	0.11027	0.13711	0.09515	0.02536	0.03416	0.02731	0.03583	0.06083	0.01328	0.01296	0.00335	0.08374	0.05413	0.00628	0.01265
97	0.44670	0.02684	0.06421	0.02139	0.07251	0.11798	0.01663	0.03090	0.01947	0.03791	0.01479	0.01798	0.01186	0.00999	0.00910	0.00309	0.05511	0.00625	0.00562	0.01166
98	0.01567	0.05787	0.01587	0.01292	0.01650	0.01274	0.01018	0.05759	0.02546	0.03263	0.20008	0.11948	0.31243	0.02242	0.01144	0.00331	0.00611	0.04829	0.00937	0.00964

[dist]
# distance from previous block
# <min> <max>
0	1

[block]
# block no. 4 follows, 15 sequences, length 20
# corresponding to MSA columns:
# 274-293
name=unknown_E
#
# <colnr> <probs for GDERKNQSTAVLIFYWHMCP>
#	G	D	E	R	K	N	Q	S	T	A	V	L	I	F	Y	W	H	M	C	P
0	0.47114	0.08256	0.02184	0.01921	0.07494	0.08704	0.01397	0.03025	0.01929	0.03888	0.01564	0.01845	0.01258	0.00940	0.00690	0.00288	0.00931	0.00607	0.04819	0.01145
1	0.02522	0.01369	0.01763	0.01628	0.02036	0.01313	0.01267	0.03213	0.10053	0.21502	0.13774	0.20686	0.05151	0.02040	0.01144	0.00355	0.00713	0.07166	0.01066	0.01238
2	0.06858	0.12646	0.10343	0.02226	0.02905	0.08150	0.05824	0.13849	0.02669	0.03673	0.05707	0.05586	0.02235	0.01260	0.01171	0.00304	0.07861	0.00948	0.04499	0.01287
3	0.02371	0.02423	0.04630	0.05104	0.34140	0.02356	0.23625	0.03053	0.02304	0.03215	0.02134	0.03077	0.01800	0.00980	0.01085	0.00322	0.01365	0.04045	0.00523	0.01447
4	0.01909	0.01753	0.02417	0.02141	0.02170	0.02335	0.01708	0.02105	0.01523	0.02290	0.01903	0.03347	0.01972	0.15539	0.13041	0.00734	0.40645	0.01022	0.00486	0.00959
5	0.02389	0.01643	0.06182	0.12001	0.02976	0.01426	0.01702	0.02886	0.02391	0.17968	0.09300	0.08996	0.07524	0.01754	0.01099	0.00347	0.00892	0.11902	0.05433	0.01189
6	0.60274	0.02041	0.01514	0.01367	0.01940	0.06440	0.01105	0.02950	0.01817	0.04251	0.01577	0.01833	0.01236	0.00955	0.00645	0.00297	0.00818	0.00585	0.07284	0.01071
7	0.01705	0.01315	0.01509	0.01372	0.01728	0.01292	0.01053	0.07889	0.08007	0.03896	0.33505	0.07148	0.21711	0.02018	0.01142	0.00321	0.00578	0.01725	0.01030	0.01055
8	0.01215	0.00868	0.01157	0.01388	0.01446	0.00810	0.00925	0.01388	0.01909	0.02545	0.05495	0.64315	0.06593	0.03123	0.01272	0.00405	0.00578	0.02834	0.00925	0.00810
9	0.01429	0.01047	0.01494	0.01494	0.01635	0.01188	0.01112	0.01711	0.01570	0.02234	0.02769	0.04463	0.02729	0.19521	0.49294	0.01469	0.02313	0.01148	0.00549	0.00830
10	0.72007	0.01928	0.01465	0.01311	0.01928	0.02236	0.01080	0.02930	0.01697	0.04473	0.01388	0.01619	0.01080	0.00925	0.00617	0.00308	0.00771	0.00540	0.00617	0.01080
11	0.01215	0.00868	0.01157	0.01388	0.01446	0.00810	0.00925	0.01388	0.01909	0.02545	0.05495	0.64315	0.06593	0.03123	0.01272	0.00405	0.00578	0.02834	0.00925	0.00810
12	0.72007	0.01928	0.01465	0.01311	0.01928	0.02236	0.01080	0.02930	0.01697	0.04473	0.01388	0.01619	0.01080	0.00925	0.00617	0.00308	0.00771	0.00540	0.00617	0.01080
13	0.02557	0.02688	0.10347	0.02989	0.07748	0.06104	0.17882	0.08994	0.06285	0.07844	0.12839	0.03524	0.03148	0.01196	0.01072	0.00315	0.01214	0.01137	0.00747	0.01369
14	0.02522	0.54068	0.10846	0.01798	0.02653	0.03533	0.01856	0.02875	0.01979	0.02387	0.01456	0.01763	0.01312	0.01063	0.00922	0.05631	0.01095	0.00581	0.00426	0.01236
15	0.42785	0.02060	0.02030	0.07386	0.02713	0.02310	0.01456	0.13851	0.02483	0.11697	0.01955	0.02103	0.01407	0.01027	0.00780	0.00309	0.00900	0.00705	0.00757	0.01287
16	0.02418	0.06271	0.15483	0.14140	0.03805	0.09196	0.05670	0.02997	0.02243	0.10274	0.02789	0.15050	0.02544	0.01437	0.01023	0.00325	0.01210	0.01235	0.00654	0.01238
17	0.07171	0.03190	0.07921	0.02154	0.02843	0.19986	0.01814	0.15665	0.07074	0.03791	0.02355	0.08074	0.02031	0.01239	0.00933	0.00281	0.01205	0.00944	0.00713	0.10614
18	0.02212	0.10165	0.22072	0.07020	0.03590	0.02100	0.08153	0.02921	0.02213	0.08323	0.02927	0.07971	0.02673	0.01467	0.01055	0.00342	0.01207	0.11670	0.00645	0.01274
19	0.05721	0.02115	0.07635	0.02061	0.05582	0.01828	0.01690	0.12275	0.06851	0.07265	0.06961	0.08750	0.05875	0.01526	0.01016	0.00308	0.00891	0.07246	0.00829	0.13576

[dist]
# distance from previous block
# <min> <max>
0	43

# created by:
# /st0/software/busco_prod/Augustus/scripts/msa2prfl.pl ./align_prep/4230.fa
