[name]
unknown

[dist]
# distance from previous block
# <min> <max>
4	583

[block]
# block no. 0 follows, 13 sequences, length 58
# corresponding to MSA columns:
# 721-753,755-779
name=unknown_A
#
# <colnr> <probs for GDERKNQSTAVLIFYWHMCP>
#	G	D	E	R	K	N	Q	S	T	A	V	L	I	F	Y	W	H	M	C	P
0	0.37421	0.02531	0.09877	0.01835	0.02678	0.02221	0.01716	0.07322	0.02435	0.19304	0.02366	0.02377	0.01632	0.01097	0.00848	0.00328	0.00972	0.00767	0.00837	0.01435
1	0.14312	0.06382	0.03117	0.02276	0.03075	0.02637	0.07157	0.18189	0.11170	0.16795	0.02897	0.02843	0.02050	0.01193	0.00993	0.00326	0.01063	0.00961	0.00957	0.01606
2	0.01368	0.01059	0.01247	0.01235	0.01510	0.00938	0.00913	0.01734	0.02639	0.03481	0.31042	0.14744	0.29273	0.02507	0.01259	0.00354	0.00527	0.02167	0.01066	0.00938
3	0.07840	0.17772	0.03928	0.06443	0.03528	0.03008	0.08833	0.16836	0.06407	0.11787	0.02444	0.02577	0.01798	0.01108	0.00964	0.00307	0.01176	0.00901	0.00802	0.01541
4	0.01837	0.00918	0.01377	0.01377	0.01377	0.00918	0.00918	0.01377	0.01377	0.01837	0.01837	0.03214	0.01837	0.03673	0.04132	0.69238	0.00918	0.00918	0.00459	0.00459
5	0.07394	0.44551	0.12383	0.02020	0.02995	0.03718	0.02084	0.08551	0.02442	0.03214	0.01646	0.01865	0.01388	0.00963	0.00764	0.00258	0.01175	0.00638	0.00531	0.01420
6	0.03095	0.49874	0.05008	0.01949	0.02841	0.03980	0.01854	0.14306	0.02783	0.03426	0.01710	0.01885	0.01456	0.00987	0.00764	0.00247	0.01138	0.00652	0.00588	0.01456
7	0.01250	0.01071	0.01071	0.01071	0.01428	0.00893	0.00803	0.01517	0.02410	0.02856	0.10711	0.10175	0.55817	0.02678	0.01250	0.00357	0.00536	0.02231	0.00982	0.00893
8	0.04477	0.01740	0.02368	0.01836	0.02607	0.01508	0.01508	0.04893	0.03023	0.52640	0.08410	0.03952	0.03223	0.01379	0.01078	0.00328	0.00867	0.01133	0.01297	0.01733
9	0.70310	0.02045	0.01554	0.01390	0.02045	0.02372	0.01145	0.03108	0.01799	0.04744	0.01472	0.01718	0.01145	0.00981	0.00654	0.00327	0.00818	0.00573	0.00654	0.01145
10	0.01944	0.01970	0.03949	0.03093	0.03702	0.01845	0.28914	0.02512	0.02280	0.03073	0.03824	0.29941	0.04066	0.01997	0.01294	0.00390	0.01248	0.02051	0.00739	0.01167
11	0.02368	0.16549	0.34740	0.03395	0.11651	0.02833	0.07727	0.03300	0.02264	0.03193	0.01846	0.02234	0.01414	0.00965	0.00966	0.00312	0.01451	0.00802	0.00466	0.01525
12	0.03222	0.02116	0.02983	0.02387	0.02916	0.02335	0.05509	0.03838	0.06971	0.22590	0.02765	0.02951	0.02033	0.01432	0.01932	0.00363	0.22990	0.00991	0.00847	0.08830
13	0.04380	0.01811	0.02416	0.01836	0.02671	0.01533	0.01511	0.04798	0.02907	0.49349	0.03845	0.03398	0.02467	0.01234	0.01023	0.00303	0.00883	0.01001	0.01211	0.11420
14	0.02617	0.02512	0.04292	0.06490	0.56246	0.02512	0.03245	0.03245	0.02407	0.03454	0.01989	0.02617	0.01675	0.00942	0.01047	0.00314	0.01256	0.00942	0.00523	0.01675
15	0.03266	0.07682	0.03221	0.24453	0.09584	0.06874	0.02300	0.03790	0.02542	0.22021	0.02647	0.02901	0.01855	0.01124	0.01016	0.00322	0.01230	0.00929	0.00777	0.01465
16	0.02558	0.01243	0.01678	0.01622	0.01962	0.01114	0.01192	0.02824	0.02392	0.22639	0.05219	0.40642	0.05386	0.02576	0.01244	0.00392	0.00719	0.02292	0.01102	0.01204
17	0.01424	0.01078	0.01313	0.01254	0.01535	0.00967	0.00941	0.01855	0.02822	0.03834	0.42509	0.08565	0.23409	0.02313	0.01248	0.00340	0.00510	0.02006	0.01111	0.00967
18	0.02410	0.03048	0.11497	0.09296	0.05580	0.02621	0.42732	0.03321	0.02433	0.03321	0.02090	0.02782	0.01558	0.00918	0.01204	0.00354	0.01725	0.01170	0.00519	0.01418
19	0.02121	0.05469	0.57364	0.03014	0.04576	0.02455	0.03906	0.03348	0.02232	0.03348	0.01897	0.02232	0.01339	0.01005	0.01005	0.00335	0.01563	0.00781	0.00446	0.01563
20	0.01408	0.01036	0.01337	0.01477	0.01659	0.00965	0.01103	0.01731	0.02364	0.03131	0.16687	0.32939	0.14971	0.02901	0.01336	0.00410	0.00651	0.11964	0.01017	0.00915
21	0.02666	0.01344	0.01763	0.01508	0.01976	0.01192	0.01183	0.03110	0.02950	0.23482	0.32475	0.06536	0.11644	0.01897	0.01180	0.00333	0.00650	0.01631	0.01200	0.01282
22	0.01496	0.01081	0.01413	0.01330	0.01580	0.00998	0.00998	0.01995	0.02993	0.04240	0.55689	0.07898	0.09976	0.02162	0.01247	0.00333	0.00499	0.01912	0.01164	0.00998
23	0.01837	0.00918	0.01377	0.01377	0.01377	0.00918	0.00918	0.01377	0.01377	0.01837	0.01837	0.03214	0.01837	0.03673	0.04132	0.69238	0.00918	0.00918	0.00459	0.00459
24	0.02192	0.01879	0.02192	0.01566	0.02506	0.01409	0.01253	0.02662	0.02192	0.03445	0.01879	0.02192	0.01566	0.00783	0.00783	0.00157	0.00783	0.00626	0.00626	0.69305
25	0.01613	0.01164	0.01591	0.01818	0.02043	0.01143	0.01538	0.02041	0.02374	0.03076	0.05989	0.18964	0.09699	0.02960	0.01430	0.00470	0.00892	0.39268	0.00975	0.00952
26	0.01718	0.01329	0.01856	0.02272	0.07832	0.01335	0.01588	0.02309	0.06543	0.03119	0.05190	0.29705	0.05724	0.02736	0.01341	0.00435	0.00853	0.22116	0.00936	0.01063
27	0.03760	0.04679	0.03181	0.03261	0.10821	0.50601	0.02214	0.04083	0.02912	0.02711	0.01685	0.02008	0.01407	0.01069	0.00967	0.00278	0.01814	0.00718	0.00542	0.01290
28	0.02192	0.01879	0.02192	0.01566	0.02506	0.01409	0.01253	0.02662	0.02192	0.03445	0.01879	0.02192	0.01566	0.00783	0.00783	0.00157	0.00783	0.00626	0.00626	0.69305
29	0.02607	0.10183	0.24021	0.03066	0.04155	0.02687	0.16084	0.03656	0.06986	0.08417	0.02311	0.02629	0.01706	0.01092	0.01225	0.00340	0.05762	0.00957	0.00610	0.01507
30	0.01281	0.00948	0.01198	0.01398	0.01514	0.00865	0.00949	0.01481	0.02096	0.02728	0.06730	0.52546	0.16016	0.03195	0.01331	0.00416	0.00599	0.02863	0.00982	0.00865
31	0.01538	0.01025	0.01153	0.01153	0.01153	0.01025	0.00641	0.01538	0.01538	0.02050	0.03331	0.06919	0.03844	0.62842	0.05382	0.01025	0.01025	0.01538	0.00641	0.00641
32	0.02277	0.02065	0.02975	0.18844	0.08006	0.02314	0.06882	0.03900	0.23684	0.03746	0.10574	0.03992	0.03413	0.01345	0.01109	0.00350	0.01070	0.01213	0.00827	0.01414
33	0.70310	0.02045	0.01554	0.01390	0.02045	0.02372	0.01145	0.03108	0.01799	0.04744	0.01472	0.01718	0.01145	0.00981	0.00654	0.00327	0.00818	0.00573	0.00654	0.01145
34	0.04206	0.01738	0.02331	0.01800	0.02575	0.01488	0.01474	0.04629	0.02948	0.47161	0.08878	0.03883	0.03225	0.01343	0.01056	0.00312	0.00851	0.01105	0.01234	0.07762
35	0.01997	0.01879	0.03171	0.60301	0.07282	0.02349	0.02936	0.02701	0.02114	0.02701	0.01879	0.02819	0.01409	0.01057	0.01057	0.00352	0.01409	0.00940	0.00470	0.01175
36	0.04744	0.01799	0.02454	0.01881	0.02699	0.01554	0.01554	0.05153	0.03026	0.56979	0.04171	0.03599	0.02617	0.01309	0.01063	0.00327	0.00900	0.01063	0.01309	0.01799
37	0.01937	0.01586	0.01906	0.01479	0.02165	0.01258	0.01159	0.02417	0.02487	0.03737	0.21647	0.04288	0.04656	0.01289	0.00953	0.00221	0.00679	0.01099	0.00824	0.44212
38	0.02192	0.01879	0.02192	0.01566	0.02506	0.01409	0.01253	0.02662	0.02192	0.03445	0.01879	0.02192	0.01566	0.00783	0.00783	0.00157	0.00783	0.00626	0.00626	0.69305
39	0.02347	0.02237	0.03805	0.29884	0.34959	0.02441	0.03111	0.03009	0.02280	0.03127	0.01941	0.02705	0.01559	0.00992	0.01051	0.00331	0.01323	0.00941	0.00500	0.01457
40	0.70310	0.02045	0.01554	0.01390	0.02045	0.02372	0.01145	0.03108	0.01799	0.04744	0.01472	0.01718	0.01145	0.00981	0.00654	0.00327	0.00818	0.00573	0.00654	0.01145
41	0.01304	0.00952	0.01228	0.01415	0.01527	0.00876	0.00964	0.01527	0.02158	0.02863	0.11110	0.51354	0.12561	0.03134	0.01329	0.00412	0.00594	0.02818	0.00999	0.00876
42	0.01288	0.00920	0.01227	0.01472	0.01534	0.00859	0.00981	0.01472	0.02024	0.02699	0.05828	0.62152	0.06993	0.03312	0.01350	0.00429	0.00613	0.03006	0.00981	0.00859
43	0.01333	0.00952	0.01278	0.01524	0.01605	0.00898	0.01060	0.01550	0.02069	0.02749	0.05803	0.56717	0.06895	0.03270	0.01362	0.00436	0.00652	0.07997	0.00981	0.00871
44	0.01538	0.01025	0.01153	0.01153	0.01153	0.01025	0.00641	0.01538	0.01538	0.02050	0.03331	0.06919	0.03844	0.62842	0.05382	0.01025	0.01025	0.01538	0.00641	0.00641
45	0.70310	0.02045	0.01554	0.01390	0.02045	0.02372	0.01145	0.03108	0.01799	0.04744	0.01472	0.01718	0.01145	0.00981	0.00654	0.00327	0.00818	0.00573	0.00654	0.01145
46	0.02192	0.01879	0.02192	0.01566	0.02506	0.01409	0.01253	0.02662	0.02192	0.03445	0.01879	0.02192	0.01566	0.00783	0.00783	0.00157	0.00783	0.00626	0.00626	0.69305
47	0.02192	0.01879	0.02192	0.01566	0.02506	0.01409	0.01253	0.02662	0.02192	0.03445	0.01879	0.02192	0.01566	0.00783	0.00783	0.00157	0.00783	0.00626	0.00626	0.69305
48	0.70310	0.02045	0.01554	0.01390	0.02045	0.02372	0.01145	0.03108	0.01799	0.04744	0.01472	0.01718	0.01145	0.00981	0.00654	0.00327	0.00818	0.00573	0.00654	0.01145
49	0.02630	0.02271	0.02391	0.02152	0.02749	0.02630	0.01674	0.05618	0.54336	0.04423	0.04303	0.03945	0.03228	0.01434	0.01076	0.00359	0.00837	0.01195	0.01076	0.01674
50	0.70310	0.02045	0.01554	0.01390	0.02045	0.02372	0.01145	0.03108	0.01799	0.04744	0.01472	0.01718	0.01145	0.00981	0.00654	0.00327	0.00818	0.00573	0.00654	0.01145
51	0.02617	0.02512	0.04292	0.06490	0.56246	0.02512	0.03245	0.03245	0.02407	0.03454	0.01989	0.02617	0.01675	0.00942	0.01047	0.00314	0.01256	0.00942	0.00523	0.01675
52	0.02630	0.02271	0.02391	0.02152	0.02749	0.02630	0.01674	0.05618	0.54336	0.04423	0.04303	0.03945	0.03228	0.01434	0.01076	0.00359	0.00837	0.01195	0.01076	0.01674
53	0.01367	0.00977	0.01318	0.01563	0.01659	0.00927	0.01119	0.01609	0.02102	0.02788	0.05784	0.52584	0.06820	0.03238	0.01371	0.00440	0.00682	0.11792	0.00980	0.00881
54	0.01257	0.01040	0.01103	0.01153	0.01450	0.00886	0.00840	0.01508	0.02331	0.02824	0.09717	0.20756	0.45879	0.02807	0.01270	0.00372	0.00551	0.02389	0.00982	0.00886
55	0.70310	0.02045	0.01554	0.01390	0.02045	0.02372	0.01145	0.03108	0.01799	0.04744	0.01472	0.01718	0.01145	0.00981	0.00654	0.00327	0.00818	0.00573	0.00654	0.01145
56	0.02381	0.02271	0.03865	0.26961	0.37619	0.02450	0.03128	0.03038	0.02296	0.03168	0.01947	0.02694	0.01574	0.00986	0.01051	0.00329	0.01314	0.00941	0.00503	0.01484
57	0.04744	0.01799	0.02454	0.01881	0.02699	0.01554	0.01554	0.05153	0.03026	0.56979	0.04171	0.03599	0.02617	0.01309	0.01063	0.00327	0.00900	0.01063	0.01309	0.01799

[dist]
# distance from previous block
# <min> <max>
0	28

[block]
# block no. 1 follows, 13 sequences, length 54
# corresponding to MSA columns:
# 808-861
name=unknown_B
#
# <colnr> <probs for GDERKNQSTAVLIFYWHMCP>
#	G	D	E	R	K	N	Q	S	T	A	V	L	I	F	Y	W	H	M	C	P
0	0.01496	0.01081	0.01413	0.01330	0.01580	0.00998	0.00998	0.01995	0.02993	0.04240	0.55689	0.07898	0.09976	0.02162	0.01247	0.00333	0.00499	0.01912	0.01164	0.00998
1	0.02053	0.01937	0.03274	0.55388	0.11752	0.02364	0.02965	0.02751	0.02141	0.02770	0.01889	0.02800	0.01434	0.01047	0.01056	0.00349	0.01395	0.00940	0.00475	0.01220
2	0.04412	0.01873	0.02444	0.01924	0.02707	0.01723	0.01573	0.05226	0.11082	0.48728	0.04192	0.03653	0.02713	0.01328	0.01065	0.00332	0.00890	0.01084	0.01272	0.01780
3	0.01288	0.00920	0.01227	0.01472	0.01534	0.00859	0.00981	0.01472	0.02024	0.02699	0.05828	0.62152	0.06993	0.03312	0.01350	0.00429	0.00613	0.03006	0.00981	0.00859
4	0.01538	0.01025	0.01153	0.01153	0.01153	0.01025	0.00641	0.01538	0.01538	0.02050	0.03331	0.06919	0.03844	0.62842	0.05382	0.01025	0.01025	0.01538	0.00641	0.00641
5	0.04551	0.01842	0.02448	0.01906	0.02704	0.01652	0.01565	0.05195	0.07710	0.52181	0.04183	0.03630	0.02673	0.01320	0.01064	0.00330	0.00894	0.01075	0.01287	0.01788
6	0.01422	0.01040	0.01336	0.01342	0.01554	0.00954	0.00976	0.01822	0.02699	0.03731	0.39206	0.21573	0.13421	0.02494	0.01273	0.00359	0.00531	0.02213	0.01102	0.00954
7	0.04744	0.01799	0.02454	0.01881	0.02699	0.01554	0.01554	0.05153	0.03026	0.56979	0.04171	0.03599	0.02617	0.01309	0.01063	0.00327	0.00900	0.01063	0.01309	0.01799
8	0.34856	0.01945	0.02286	0.22708	0.04041	0.02229	0.01858	0.03299	0.02115	0.12634	0.02065	0.02425	0.01484	0.01063	0.00867	0.00336	0.01045	0.00786	0.00696	0.01264
9	0.02123	0.01437	0.01877	0.01711	0.01889	0.01669	0.01339	0.02424	0.02137	0.07228	0.11280	0.09805	0.03822	0.01976	0.01984	0.06081	0.18211	0.01316	0.20650	0.01042
10	0.01482	0.00970	0.01228	0.01392	0.01523	0.00925	0.00985	0.01782	0.02183	0.03136	0.09833	0.41226	0.06292	0.02740	0.01220	0.00386	0.00604	0.05888	0.15298	0.00907
11	0.03341	0.02995	0.11888	0.03157	0.04183	0.02511	0.21468	0.15259	0.03161	0.17144	0.02690	0.02872	0.01857	0.01096	0.01124	0.00337	0.01393	0.01068	0.00831	0.01622
12	0.02192	0.01879	0.02192	0.01566	0.02506	0.01409	0.01253	0.02662	0.02192	0.03445	0.01879	0.02192	0.01566	0.00783	0.00783	0.00157	0.00783	0.00626	0.00626	0.69305
13	0.04279	0.02546	0.02916	0.02235	0.03071	0.02661	0.01847	0.35695	0.04275	0.24673	0.03123	0.02918	0.02091	0.01283	0.01060	0.00321	0.01069	0.00992	0.01148	0.01799
14	0.01496	0.01081	0.01413	0.01330	0.01580	0.00998	0.00998	0.01995	0.02993	0.04240	0.55689	0.07898	0.09976	0.02162	0.01247	0.00333	0.00499	0.01912	0.01164	0.00998
15	0.01250	0.01071	0.01071	0.01071	0.01428	0.00893	0.00803	0.01517	0.02410	0.02856	0.10711	0.10175	0.55817	0.02678	0.01250	0.00357	0.00536	0.02231	0.00982	0.00893
16	0.01538	0.01025	0.01153	0.01153	0.01153	0.01025	0.00641	0.01538	0.01538	0.02050	0.03331	0.06919	0.03844	0.62842	0.05382	0.01025	0.01025	0.01538	0.00641	0.00641
17	0.01334	0.01074	0.01189	0.01160	0.01480	0.00929	0.00870	0.01682	0.02610	0.03332	0.26165	0.09393	0.40066	0.02500	0.01249	0.00349	0.00523	0.02122	0.01044	0.00929
18	0.02827	0.63478	0.05540	0.01809	0.02714	0.04184	0.01809	0.03166	0.02148	0.02488	0.01470	0.01696	0.01357	0.00905	0.00678	0.00226	0.01131	0.00565	0.00452	0.01357
19	0.02121	0.05469	0.57364	0.03014	0.04576	0.02455	0.03906	0.03348	0.02232	0.03348	0.01897	0.02232	0.01339	0.01005	0.01005	0.00335	0.01563	0.00781	0.00446	0.01563
20	0.01293	0.01073	0.01131	0.01116	0.01454	0.00911	0.00837	0.01600	0.02511	0.03097	0.18530	0.09779	0.47848	0.02588	0.01249	0.00353	0.00529	0.02176	0.01013	0.00911
21	0.02827	0.63478	0.05540	0.01809	0.02714	0.04184	0.01809	0.03166	0.02148	0.02488	0.01470	0.01696	0.01357	0.00905	0.00678	0.00226	0.01131	0.00565	0.00452	0.01357
22	0.04019	0.02962	0.03173	0.02433	0.03279	0.03279	0.02010	0.52721	0.04971	0.06663	0.02538	0.02538	0.01798	0.01269	0.01058	0.00317	0.01163	0.00952	0.01058	0.01798
23	0.01296	0.00958	0.01213	0.01392	0.01518	0.00874	0.00952	0.01516	0.02159	0.02833	0.10127	0.49336	0.15714	0.03122	0.01325	0.00410	0.00592	0.02795	0.00994	0.00874
24	0.01350	0.00982	0.01287	0.01508	0.01627	0.00919	0.01078	0.01591	0.02128	0.02788	0.06278	0.49018	0.11712	0.03187	0.01357	0.00431	0.00663	0.10236	0.00980	0.00880
25	0.03902	0.02903	0.03107	0.02409	0.03234	0.03224	0.01981	0.48740	0.09144	0.06474	0.02688	0.02657	0.01919	0.01283	0.01059	0.00321	0.01136	0.00973	0.01059	0.01788
26	0.04554	0.01888	0.02774	0.02099	0.02938	0.01649	0.05852	0.05003	0.02981	0.52449	0.03999	0.03536	0.02532	0.01273	0.01079	0.00330	0.00974	0.01079	0.01243	0.01768
27	0.01997	0.01879	0.03171	0.60301	0.07282	0.02349	0.02936	0.02701	0.02114	0.02701	0.01879	0.02819	0.01409	0.01057	0.01057	0.00352	0.01409	0.00940	0.00470	0.01175
28	0.02617	0.02512	0.04292	0.06490	0.56246	0.02512	0.03245	0.03245	0.02407	0.03454	0.01989	0.02617	0.01675	0.00942	0.01047	0.00314	0.01256	0.00942	0.00523	0.01675
29	0.04253	0.02586	0.02941	0.02255	0.03092	0.02722	0.01862	0.37356	0.04343	0.22915	0.03066	0.02881	0.02063	0.01282	0.01059	0.00320	0.01078	0.00988	0.01139	0.01799
30	0.02378	0.26647	0.38444	0.02574	0.03896	0.03086	0.03141	0.03282	0.02202	0.03034	0.01741	0.02037	0.01346	0.00968	0.00885	0.00295	0.01405	0.00702	0.00449	0.01487
31	0.70310	0.02045	0.01554	0.01390	0.02045	0.02372	0.01145	0.03108	0.01799	0.04744	0.01472	0.01718	0.01145	0.00981	0.00654	0.00327	0.00818	0.00573	0.00654	0.01145
32	0.02121	0.05469	0.57364	0.03014	0.04576	0.02455	0.03906	0.03348	0.02232	0.03348	0.01897	0.02232	0.01339	0.01005	0.01005	0.00335	0.01563	0.00781	0.00446	0.01563
33	0.02313	0.02313	0.03238	0.02776	0.02776	0.03238	0.02313	0.02545	0.01619	0.02545	0.01388	0.02313	0.01388	0.01851	0.03470	0.00463	0.60907	0.00925	0.00463	0.01157
34	0.02121	0.05469	0.57364	0.03014	0.04576	0.02455	0.03906	0.03348	0.02232	0.03348	0.01897	0.02232	0.01339	0.01005	0.01005	0.00335	0.01563	0.00781	0.00446	0.01563
35	0.04363	0.02410	0.02832	0.02171	0.03004	0.02461	0.01793	0.30157	0.04049	0.30531	0.03313	0.03041	0.02187	0.01288	0.01060	0.00322	0.01038	0.01005	0.01177	0.01799
36	0.03809	0.02803	0.03040	0.02389	0.03180	0.03092	0.01982	0.48135	0.04741	0.06346	0.02816	0.03390	0.02187	0.01419	0.01094	0.00333	0.01146	0.05324	0.01050	0.01723
37	0.01997	0.01879	0.03171	0.60301	0.07282	0.02349	0.02936	0.02701	0.02114	0.02701	0.01879	0.02819	0.01409	0.01057	0.01057	0.00352	0.01409	0.00940	0.00470	0.01175
38	0.01997	0.01879	0.03171	0.60301	0.07282	0.02349	0.02936	0.02701	0.02114	0.02701	0.01879	0.02819	0.01409	0.01057	0.01057	0.00352	0.01409	0.00940	0.00470	0.01175
39	0.01466	0.01047	0.01431	0.01676	0.01815	0.01012	0.01291	0.01780	0.02200	0.02898	0.05729	0.40649	0.06604	0.03145	0.01397	0.00454	0.00768	0.22753	0.00978	0.00908
40	0.02617	0.02512	0.04292	0.06490	0.56246	0.02512	0.03245	0.03245	0.02407	0.03454	0.01989	0.02617	0.01675	0.00942	0.01047	0.00314	0.01256	0.00942	0.00523	0.01675
41	0.02630	0.02271	0.02391	0.02152	0.02749	0.02630	0.01674	0.05618	0.54336	0.04423	0.04303	0.03945	0.03228	0.01434	0.01076	0.00359	0.00837	0.01195	0.01076	0.01674
42	0.02158	0.05208	0.52271	0.03157	0.04671	0.02477	0.08737	0.03352	0.02258	0.03352	0.01921	0.02294	0.01366	0.00993	0.01029	0.00337	0.01584	0.00828	0.00455	0.01549
43	0.01571	0.01113	0.01418	0.01555	0.01710	0.01092	0.01197	0.01845	0.02090	0.02715	0.05302	0.14221	0.09904	0.23520	0.02779	0.00655	0.00922	0.24688	0.00861	0.00842
44	0.01288	0.00920	0.01227	0.01472	0.01534	0.00859	0.00981	0.01472	0.02024	0.02699	0.05828	0.62152	0.06993	0.03312	0.01350	0.00429	0.00613	0.03006	0.00981	0.00859
45	0.01434	0.01078	0.01327	0.01265	0.01541	0.00971	0.00949	0.01875	0.02846	0.03891	0.44361	0.08471	0.21521	0.02292	0.01248	0.00339	0.00508	0.01993	0.01118	0.00971
46	0.02458	0.03113	0.11331	0.04313	0.05431	0.02652	0.47576	0.03383	0.02469	0.03383	0.02115	0.02790	0.01578	0.00903	0.01224	0.00354	0.01761	0.01201	0.00526	0.01440
47	0.01662	0.01187	0.01656	0.01900	0.02125	0.01181	0.01632	0.02119	0.02393	0.03118	0.05621	0.16929	0.06175	0.02960	0.01449	0.00481	0.00938	0.44536	0.00974	0.00962
48	0.02517	0.38033	0.28272	0.02337	0.03531	0.03426	0.02729	0.03246	0.02185	0.02865	0.01657	0.01931	0.01349	0.00948	0.00821	0.00274	0.01320	0.00660	0.00450	0.01447
49	0.70310	0.02045	0.01554	0.01390	0.02045	0.02372	0.01145	0.03108	0.01799	0.04744	0.01472	0.01718	0.01145	0.00981	0.00654	0.00327	0.00818	0.00573	0.00654	0.01145
50	0.01671	0.00971	0.01076	0.01160	0.01353	0.00934	0.00828	0.02037	0.02168	0.03416	0.04925	0.24509	0.09001	0.02078	0.00995	0.00319	0.00538	0.01793	0.39293	0.00934
51	0.26014	0.42369	0.04171	0.01665	0.02484	0.03561	0.01581	0.03146	0.02028	0.03263	0.01471	0.01703	0.01284	0.00931	0.00670	0.00261	0.01023	0.00568	0.00522	0.01284
52	0.25598	0.01936	0.01973	0.01506	0.02347	0.01740	0.01216	0.02815	0.02057	0.03891	0.01739	0.02029	0.01421	0.00851	0.00739	0.00215	0.00795	0.00608	0.00636	0.45885
53	0.26810	0.07276	0.06613	0.02433	0.07731	0.02903	0.01936	0.23805	0.03232	0.05162	0.01993	0.02175	0.01495	0.01094	0.00884	0.00315	0.01076	0.00778	0.00781	0.01510

[dist]
# distance from previous block
# <min> <max>
1	3

[block]
# block no. 2 follows, 13 sequences, length 46
# corresponding to MSA columns:
# 865-910
name=unknown_C
#
# <colnr> <probs for GDERKNQSTAVLIFYWHMCP>
#	G	D	E	R	K	N	Q	S	T	A	V	L	I	F	Y	W	H	M	C	P
0	0.13460	0.10334	0.07355	0.28533	0.09726	0.02510	0.02419	0.02912	0.02112	0.03231	0.01896	0.02514	0.01483	0.01024	0.00910	0.00318	0.01199	0.00821	0.05988	0.01256
1	0.02015	0.01879	0.03079	0.54769	0.06832	0.02261	0.02778	0.02698	0.02122	0.02771	0.01879	0.02760	0.01424	0.01031	0.01031	0.00334	0.01350	0.00910	0.00485	0.07591
2	0.01418	0.01032	0.01343	0.01422	0.01608	0.00957	0.01043	0.01778	0.02527	0.03445	0.28519	0.29085	0.12034	0.02711	0.01306	0.00386	0.00590	0.06800	0.01062	0.00934
3	0.01288	0.00920	0.01227	0.01472	0.01534	0.00859	0.00981	0.01472	0.02024	0.02699	0.05828	0.62152	0.06993	0.03312	0.01350	0.00429	0.00613	0.03006	0.00981	0.00859
4	0.01321	0.00945	0.01256	0.01450	0.01541	0.00881	0.00984	0.01554	0.02177	0.02941	0.13670	0.53618	0.07462	0.03131	0.01333	0.00414	0.00595	0.02834	0.01010	0.00881
5	0.01288	0.01073	0.01125	0.01112	0.01452	0.00909	0.00834	0.01592	0.02502	0.03074	0.17779	0.09817	0.48613	0.02597	0.01249	0.00353	0.00530	0.02181	0.01010	0.00909
6	0.70310	0.02045	0.01554	0.01390	0.02045	0.02372	0.01145	0.03108	0.01799	0.04744	0.01472	0.01718	0.01145	0.00981	0.00654	0.00327	0.00818	0.00573	0.00654	0.01145
7	0.04585	0.01835	0.02449	0.01902	0.02703	0.01635	0.01563	0.05188	0.06891	0.53020	0.04181	0.03625	0.02663	0.01318	0.01064	0.00330	0.00895	0.01073	0.01291	0.01790
8	0.02630	0.02271	0.02391	0.02152	0.02749	0.02630	0.01674	0.05618	0.54336	0.04423	0.04303	0.03945	0.03228	0.01434	0.01076	0.00359	0.00837	0.01195	0.01076	0.01674
9	0.03950	0.05039	0.02996	0.02724	0.03269	0.58597	0.02043	0.04222	0.02996	0.02588	0.01634	0.01907	0.01362	0.01090	0.00953	0.00272	0.01907	0.00681	0.00545	0.01226
10	0.01997	0.01879	0.03171	0.60301	0.07282	0.02349	0.02936	0.02701	0.02114	0.02701	0.01879	0.02819	0.01409	0.01057	0.01057	0.00352	0.01409	0.00940	0.00470	0.01175
11	0.02192	0.01879	0.02192	0.01566	0.02506	0.01409	0.01253	0.02662	0.02192	0.03445	0.01879	0.02192	0.01566	0.00783	0.00783	0.00157	0.00783	0.00626	0.00626	0.69305
12	0.02268	0.04443	0.37328	0.03579	0.04948	0.02541	0.22914	0.03363	0.02335	0.03363	0.01992	0.02475	0.01443	0.00960	0.01100	0.00343	0.01649	0.00964	0.00481	0.01509
13	0.02121	0.05469	0.57364	0.03014	0.04576	0.02455	0.03906	0.03348	0.02232	0.03348	0.01897	0.02232	0.01339	0.01005	0.01005	0.00335	0.01563	0.00781	0.00446	0.01563
14	0.01288	0.00920	0.01227	0.01472	0.01534	0.00859	0.00981	0.01472	0.02024	0.02699	0.05828	0.62152	0.06993	0.03312	0.01350	0.00429	0.00613	0.03006	0.00981	0.00859
15	0.02827	0.63478	0.05540	0.01809	0.02714	0.04184	0.01809	0.03166	0.02148	0.02488	0.01470	0.01696	0.01357	0.00905	0.00678	0.00226	0.01131	0.00565	0.00452	0.01357
16	0.02454	0.32867	0.32887	0.02445	0.03697	0.03272	0.02916	0.03262	0.02193	0.02942	0.01696	0.01979	0.01348	0.00957	0.00851	0.00284	0.01359	0.00679	0.00449	0.01465
17	0.30439	0.01896	0.02101	0.01689	0.02443	0.01875	0.01394	0.04351	0.02545	0.36508	0.03114	0.02862	0.02040	0.01180	0.00903	0.00327	0.00868	0.00871	0.01052	0.01543
18	0.04744	0.01799	0.02454	0.01881	0.02699	0.01554	0.01554	0.05153	0.03026	0.56979	0.04171	0.03599	0.02617	0.01309	0.01063	0.00327	0.00900	0.01063	0.01309	0.01799
19	0.01997	0.01879	0.03171	0.60301	0.07282	0.02349	0.02936	0.02701	0.02114	0.02701	0.01879	0.02819	0.01409	0.01057	0.01057	0.00352	0.01409	0.00940	0.00470	0.01175
20	0.01997	0.01879	0.03171	0.60301	0.07282	0.02349	0.02936	0.02701	0.02114	0.02701	0.01879	0.02819	0.01409	0.01057	0.01057	0.00352	0.01409	0.00940	0.00470	0.01175
21	0.01997	0.01879	0.03171	0.60301	0.07282	0.02349	0.02936	0.02701	0.02114	0.02701	0.01879	0.02819	0.01409	0.01057	0.01057	0.00352	0.01409	0.00940	0.00470	0.01175
22	0.01528	0.01092	0.01502	0.01747	0.01913	0.01066	0.01399	0.01887	0.02261	0.02968	0.05695	0.33139	0.06468	0.03086	0.01414	0.00463	0.00821	0.29649	0.00977	0.00925
23	0.02854	0.01859	0.02260	0.01648	0.02556	0.01447	0.01331	0.03308	0.02409	0.17332	0.02474	0.02557	0.01839	0.00919	0.00856	0.00201	0.00813	0.00740	0.00803	0.51794
24	0.02617	0.02512	0.04292	0.06490	0.56246	0.02512	0.03245	0.03245	0.02407	0.03454	0.01989	0.02617	0.01675	0.00942	0.01047	0.00314	0.01256	0.00942	0.00523	0.01675
25	0.02496	0.02852	0.06239	0.04456	0.05526	0.02674	0.52406	0.03387	0.02496	0.03387	0.02139	0.02852	0.01604	0.00891	0.01248	0.00357	0.01783	0.01248	0.00535	0.01426
26	0.01288	0.00920	0.01227	0.01472	0.01534	0.00859	0.00981	0.01472	0.02024	0.02699	0.05828	0.62152	0.06993	0.03312	0.01350	0.00429	0.00613	0.03006	0.00981	0.00859
27	0.01510	0.01133	0.01699	0.01699	0.01888	0.01322	0.01322	0.01888	0.01699	0.02454	0.02832	0.04154	0.02643	0.07930	0.58652	0.01699	0.02832	0.01133	0.00566	0.00944
28	0.01250	0.01071	0.01071	0.01071	0.01428	0.00893	0.00803	0.01517	0.02410	0.02856	0.10711	0.10175	0.55817	0.02678	0.01250	0.00357	0.00536	0.02231	0.00982	0.00893
29	0.02192	0.01879	0.02192	0.01566	0.02506	0.01409	0.01253	0.02662	0.02192	0.03445	0.01879	0.02192	0.01566	0.00783	0.00783	0.00157	0.00783	0.00626	0.00626	0.69305
30	0.01288	0.00920	0.01227	0.01472	0.01534	0.00859	0.00981	0.01472	0.02024	0.02699	0.05828	0.62152	0.06993	0.03312	0.01350	0.00429	0.00613	0.03006	0.00981	0.00859
31	0.02192	0.01879	0.02192	0.01566	0.02506	0.01409	0.01253	0.02662	0.02192	0.03445	0.01879	0.02192	0.01566	0.00783	0.00783	0.00157	0.00783	0.00626	0.00626	0.69305
32	0.02041	0.06132	0.01361	0.01053	0.01354	0.01249	0.00827	0.02521	0.02212	0.03822	0.03286	0.03757	0.02599	0.01205	0.00734	0.00245	0.00545	0.00951	0.63090	0.01016
33	0.14465	0.02420	0.10899	0.01956	0.02875	0.01813	0.01834	0.04347	0.02641	0.36031	0.03205	0.02975	0.02100	0.01167	0.00967	0.00315	0.00981	0.00907	0.01015	0.07087
34	0.03574	0.12438	0.10496	0.01968	0.02853	0.02046	0.01853	0.04072	0.02621	0.31729	0.03352	0.07686	0.02496	0.01317	0.00991	0.00306	0.00998	0.01062	0.00965	0.07177
35	0.04744	0.01799	0.02454	0.01881	0.02699	0.01554	0.01554	0.05153	0.03026	0.56979	0.04171	0.03599	0.02617	0.01309	0.01063	0.00327	0.00900	0.01063	0.01309	0.01799
36	0.01997	0.01879	0.03171	0.60301	0.07282	0.02349	0.02936	0.02701	0.02114	0.02701	0.01879	0.02819	0.01409	0.01057	0.01057	0.00352	0.01409	0.00940	0.00470	0.01175
37	0.02167	0.02251	0.07466	0.37996	0.10011	0.02381	0.02766	0.06240	0.02307	0.03085	0.02225	0.07583	0.01912	0.01303	0.01256	0.00360	0.05774	0.01097	0.00556	0.01264
38	0.03191	0.21124	0.04488	0.02607	0.03482	0.02666	0.17255	0.03734	0.02589	0.19275	0.06963	0.03136	0.02523	0.01126	0.01016	0.00305	0.01210	0.01036	0.00794	0.01481
39	0.01629	0.01193	0.01599	0.01802	0.02065	0.01163	0.01555	0.02079	0.02430	0.03113	0.06443	0.11637	0.14302	0.02881	0.01426	0.00465	0.00901	0.41381	0.00975	0.00960
40	0.01370	0.01040	0.01262	0.01282	0.01521	0.00932	0.00933	0.01722	0.02582	0.03443	0.29846	0.21359	0.23676	0.02594	0.01272	0.00363	0.00537	0.02269	0.01064	0.00932
41	0.01885	0.02105	0.10635	0.02278	0.02818	0.01620	0.09144	0.06171	0.02501	0.03411	0.08698	0.27272	0.05066	0.02292	0.01269	0.00397	0.01017	0.09416	0.00856	0.01150
42	0.02685	0.02958	0.03220	0.36663	0.10599	0.20506	0.02677	0.03243	0.02426	0.02736	0.01811	0.02506	0.01419	0.01057	0.01023	0.00323	0.01555	0.00856	0.00499	0.01238
43	0.02929	0.01980	0.03016	0.02403	0.03106	0.01918	0.13101	0.04016	0.14386	0.19538	0.04932	0.05263	0.11593	0.01598	0.01171	0.00359	0.01033	0.05193	0.00998	0.01469
44	0.01347	0.00945	0.01210	0.01397	0.01444	0.00898	0.00901	0.01488	0.01910	0.02547	0.05241	0.49176	0.06253	0.17297	0.02297	0.00569	0.00710	0.02661	0.00901	0.00808
45	0.23604	0.07726	0.02954	0.19597	0.08410	0.07948	0.02106	0.09682	0.02506	0.03888	0.01792	0.02243	0.01392	0.01042	0.00890	0.00318	0.01205	0.00772	0.00614	0.01310

[dist]
# distance from previous block
# <min> <max>
0	5

[block]
# block no. 3 follows, 13 sequences, length 23
# corresponding to MSA columns:
# 916-938
name=unknown_D
#
# <colnr> <probs for GDERKNQSTAVLIFYWHMCP>
#	G	D	E	R	K	N	Q	S	T	A	V	L	I	F	Y	W	H	M	C	P
0	0.30768	0.07623	0.09810	0.02242	0.06556	0.02659	0.01910	0.14148	0.02665	0.04608	0.01835	0.02069	0.01405	0.01023	0.00830	0.00303	0.01045	0.00714	0.00689	0.07098
1	0.01456	0.01079	0.01357	0.01288	0.01555	0.00980	0.00966	0.01917	0.02898	0.04014	0.48336	0.08270	0.17470	0.02246	0.01247	0.00337	0.00505	0.01964	0.01134	0.00980
2	0.09969	0.02515	0.07117	0.13691	0.12007	0.02452	0.02319	0.14493	0.06548	0.14634	0.02615	0.02801	0.01864	0.01149	0.01014	0.00330	0.01146	0.00936	0.00829	0.01571
3	0.02953	0.02294	0.02934	0.02469	0.02814	0.02851	0.02029	0.09099	0.12872	0.12075	0.02549	0.02873	0.02001	0.01616	0.02336	0.00404	0.32604	0.01005	0.00787	0.01434
4	0.03039	0.02326	0.03106	0.12782	0.03870	0.05944	0.09917	0.13963	0.06676	0.11243	0.02805	0.03092	0.02044	0.01169	0.01026	0.00318	0.01176	0.01017	0.13053	0.01435
5	0.01288	0.00920	0.01227	0.01472	0.01534	0.00859	0.00981	0.01472	0.02024	0.02699	0.05828	0.62152	0.06993	0.03312	0.01350	0.00429	0.00613	0.03006	0.00981	0.00859
6	0.03497	0.09420	0.03213	0.02285	0.03068	0.03196	0.01893	0.34005	0.18566	0.05573	0.02918	0.02842	0.02152	0.01276	0.01021	0.00319	0.01068	0.00978	0.00996	0.01714
7	0.07789	0.23631	0.15501	0.01972	0.02955	0.02646	0.02035	0.03223	0.02297	0.08617	0.05754	0.02541	0.02113	0.01039	0.00848	0.00262	0.01069	0.00771	0.00636	0.14302
8	0.09430	0.02392	0.06793	0.02349	0.06614	0.02159	0.01891	0.16723	0.03318	0.27577	0.07312	0.03338	0.02707	0.01290	0.01037	0.00325	0.01004	0.01031	0.01057	0.01654
9	0.02678	0.51287	0.16432	0.02062	0.03105	0.03820	0.02250	0.03204	0.02166	0.02668	0.01560	0.01809	0.01353	0.00926	0.00747	0.00249	0.01221	0.00611	0.00451	0.01400
10	0.01304	0.00956	0.01225	0.01404	0.01524	0.00877	0.00959	0.01531	0.02173	0.02875	0.11480	0.49738	0.13845	0.03112	0.01326	0.00410	0.00591	0.02792	0.01000	0.00877
11	0.03596	0.34956	0.04206	0.01956	0.02804	0.07068	0.01769	0.08799	0.02752	0.19185	0.02395	0.02363	0.01778	0.01075	0.00850	0.00269	0.01119	0.00761	0.00775	0.01524
12	0.02159	0.01943	0.03174	0.10660	0.31877	0.01973	0.02475	0.02729	0.02479	0.03473	0.14092	0.08291	0.04082	0.01505	0.01138	0.00341	0.01048	0.04472	0.00716	0.01373
13	0.01338	0.01058	0.01205	0.01203	0.01491	0.00925	0.00889	0.01675	0.02566	0.03309	0.25460	0.15116	0.34870	0.02572	0.01260	0.00357	0.00532	0.02208	0.01044	0.00925
14	0.01712	0.01147	0.01373	0.01300	0.01575	0.01120	0.00980	0.02401	0.06739	0.04173	0.37576	0.06521	0.07488	0.01854	0.01096	0.00311	0.00523	0.01606	0.19458	0.01046
15	0.03177	0.07828	0.29437	0.02781	0.07736	0.02244	0.02843	0.03996	0.02534	0.23138	0.02717	0.02731	0.01839	0.01105	0.01007	0.00323	0.01264	0.00883	0.00772	0.01645
16	0.02366	0.02256	0.03838	0.28271	0.36427	0.02446	0.03120	0.03025	0.02289	0.03150	0.01944	0.02699	0.01567	0.00989	0.01051	0.00330	0.01318	0.00941	0.00502	0.01472
17	0.02630	0.02271	0.02391	0.02152	0.02749	0.02630	0.01674	0.05618	0.54336	0.04423	0.04303	0.03945	0.03228	0.01434	0.01076	0.00359	0.00837	0.01195	0.01076	0.01674
18	0.03461	0.29652	0.12949	0.02038	0.03018	0.02865	0.02058	0.03975	0.02506	0.23992	0.02600	0.02531	0.01848	0.01080	0.00884	0.00284	0.01112	0.00796	0.00787	0.01565
19	0.70310	0.02045	0.01554	0.01390	0.02045	0.02372	0.01145	0.03108	0.01799	0.04744	0.01472	0.01718	0.01145	0.00981	0.00654	0.00327	0.00818	0.00573	0.00654	0.01145
20	0.01510	0.01133	0.01699	0.01699	0.01888	0.01322	0.01322	0.01888	0.01699	0.02454	0.02832	0.04154	0.02643	0.07930	0.58652	0.01699	0.02832	0.01133	0.00566	0.00944
21	0.04019	0.02962	0.03173	0.02433	0.03279	0.03279	0.02010	0.52721	0.04971	0.06663	0.02538	0.02538	0.01798	0.01269	0.01058	0.00317	0.01163	0.00952	0.01058	0.01798
22	0.70310	0.02045	0.01554	0.01390	0.02045	0.02372	0.01145	0.03108	0.01799	0.04744	0.01472	0.01718	0.01145	0.00981	0.00654	0.00327	0.00818	0.00573	0.00654	0.01145

[dist]
# distance from previous block
# <min> <max>
0	5

[block]
# block no. 4 follows, 13 sequences, length 10
# corresponding to MSA columns:
# 944-953
name=unknown_E
#
# <colnr> <probs for GDERKNQSTAVLIFYWHMCP>
#	G	D	E	R	K	N	Q	S	T	A	V	L	I	F	Y	W	H	M	C	P
0	0.04019	0.02962	0.03173	0.02433	0.03279	0.03279	0.02010	0.52721	0.04971	0.06663	0.02538	0.02538	0.01798	0.01269	0.01058	0.00317	0.01163	0.00952	0.01058	0.01798
1	0.02827	0.63478	0.05540	0.01809	0.02714	0.04184	0.01809	0.03166	0.02148	0.02488	0.01470	0.01696	0.01357	0.00905	0.00678	0.00226	0.01131	0.00565	0.00452	0.01357
2	0.01662	0.01187	0.01656	0.01900	0.02125	0.01181	0.01631	0.02119	0.02393	0.03118	0.05621	0.16959	0.06176	0.02960	0.01449	0.00481	0.00938	0.44508	0.00974	0.00962
3	0.02295	0.02184	0.03711	0.34380	0.30869	0.02428	0.03085	0.02963	0.02255	0.03064	0.01932	0.02722	0.01537	0.01002	0.01052	0.00334	0.01336	0.00941	0.00496	0.01416
4	0.18041	0.03506	0.02696	0.02379	0.02845	0.29147	0.01871	0.03669	0.02423	0.07373	0.01744	0.02094	0.01421	0.01258	0.01475	0.00332	0.15135	0.00744	0.00610	0.01238
5	0.01314	0.00931	0.01219	0.01439	0.01494	0.00876	0.00946	0.01479	0.01974	0.02632	0.05568	0.56410	0.06666	0.09501	0.01769	0.00491	0.00656	0.02853	0.00946	0.00836
6	0.01402	0.01077	0.01283	0.01231	0.01522	0.00958	0.00924	0.01813	0.02771	0.03712	0.38535	0.08767	0.27459	0.02358	0.01248	0.00342	0.00513	0.02034	0.01094	0.00958
7	0.02984	0.02624	0.05417	0.03897	0.04912	0.02431	0.41369	0.03770	0.02611	0.15019	0.02580	0.03014	0.01824	0.00982	0.01208	0.00350	0.01591	0.01208	0.00703	0.01507
8	0.02690	0.04673	0.45445	0.02768	0.04169	0.02260	0.03396	0.03740	0.02405	0.14989	0.02391	0.02529	0.01617	0.01071	0.01017	0.00333	0.01419	0.00842	0.00634	0.01614
9	0.04148	0.01817	0.02609	0.14561	0.03694	0.01727	0.01854	0.04621	0.02828	0.45198	0.03674	0.03429	0.02355	0.01254	0.01062	0.00333	0.01010	0.01036	0.01127	0.01664

[dist]
# distance from previous block
# <min> <max>
0	332

# created by:
# /st0/software/busco_prod/Augustus/scripts/msa2prfl.pl ./align_prep/4242.fa
