[name]
unknown

[dist]
# distance from previous block
# <min> <max>
2	53

[block]
# block no. 0 follows, 11 sequences, length 7
# corresponding to MSA columns:
# 56-62
name=unknown_A
#
# <colnr> <probs for GDERKNQSTAVLIFYWHMCP>
#	G	D	E	R	K	N	Q	S	T	A	V	L	I	F	Y	W	H	M	C	P
0	0.01855	0.01381	0.01596	0.01550	0.01851	0.01346	0.01143	0.08265	0.02819	0.03698	0.14431	0.20219	0.19086	0.10554	0.01938	0.00493	0.00773	0.04904	0.01038	0.01060
1	0.01657	0.01258	0.01505	0.01584	0.01802	0.01248	0.01135	0.02309	0.08984	0.03276	0.11517	0.28470	0.13172	0.10722	0.01963	0.00516	0.00752	0.06066	0.01030	0.01032
2	0.11775	0.29254	0.08845	0.10210	0.09494	0.07521	0.02382	0.03408	0.02341	0.03212	0.01741	0.02151	0.01459	0.01025	0.00871	0.00298	0.01318	0.00733	0.00529	0.01435
3	0.02436	0.02616	0.16953	0.02110	0.02859	0.01620	0.02089	0.03036	0.02456	0.14065	0.04867	0.19471	0.09447	0.02830	0.07311	0.00546	0.01262	0.01759	0.00907	0.01358
4	0.02338	0.01252	0.01572	0.01477	0.01831	0.01123	0.01100	0.02583	0.02534	0.14382	0.11529	0.16606	0.17327	0.02604	0.01675	0.09461	0.00718	0.01912	0.06862	0.01114
5	0.10404	0.20452	0.11146	0.02786	0.09979	0.03100	0.02293	0.07453	0.06888	0.03889	0.02126	0.02381	0.01707	0.01058	0.00908	0.00293	0.01174	0.00792	0.00654	0.10517
6	0.08146	0.02381	0.03273	0.08976	0.08209	0.02456	0.07467	0.08226	0.14513	0.11592	0.03045	0.03188	0.02238	0.01203	0.01081	0.00336	0.01145	0.01049	0.00890	0.10586

[dist]
# distance from previous block
# <min> <max>
1	8

[block]
# block no. 1 follows, 11 sequences, length 11
# corresponding to MSA columns:
# 71-81
name=unknown_B
#
# <colnr> <probs for GDERKNQSTAVLIFYWHMCP>
#	G	D	E	R	K	N	Q	S	T	A	V	L	I	F	Y	W	H	M	C	P
0	0.11120	0.14641	0.03211	0.01961	0.02752	0.02763	0.01647	0.16102	0.03161	0.13553	0.02672	0.03119	0.02119	0.08029	0.01495	0.00390	0.01078	0.00938	0.00890	0.08360
1	0.03360	0.09131	0.14745	0.02798	0.03826	0.02501	0.11345	0.08805	0.02956	0.18611	0.03195	0.08273	0.02495	0.01390	0.01142	0.00354	0.01315	0.01232	0.00885	0.01643
2	0.10230	0.14963	0.13121	0.23919	0.05129	0.03029	0.02745	0.08104	0.02564	0.03654	0.01939	0.02474	0.01486	0.01096	0.00983	0.00337	0.01369	0.00844	0.00581	0.01433
3	0.07967	0.08559	0.02612	0.18175	0.03742	0.02181	0.01817	0.03001	0.07655	0.03710	0.13635	0.04856	0.08618	0.01566	0.01072	0.00343	0.00967	0.01297	0.06986	0.01240
4	0.02449	0.01657	0.02416	0.09085	0.12615	0.01605	0.01832	0.02904	0.02652	0.12999	0.11085	0.15515	0.14448	0.02072	0.01246	0.00375	0.00911	0.01822	0.00976	0.01336
5	0.02452	0.02505	0.11682	0.07495	0.03326	0.02022	0.02082	0.03822	0.16931	0.09541	0.04814	0.16595	0.08074	0.01950	0.01209	0.00389	0.01016	0.01674	0.00959	0.01459
6	0.02758	0.09702	0.12912	0.07439	0.06539	0.02586	0.02370	0.04229	0.17624	0.08952	0.03331	0.07449	0.02689	0.01406	0.01080	0.00347	0.01139	0.01167	0.00840	0.05441
7	0.03086	0.02298	0.11434	0.01943	0.02719	0.01568	0.01834	0.03689	0.02983	0.24362	0.19227	0.05749	0.10726	0.01775	0.01202	0.00355	0.00912	0.01492	0.01142	0.01504
8	0.02612	0.02112	0.08012	0.01875	0.02487	0.01707	0.01625	0.06790	0.08501	0.13583	0.10199	0.12263	0.13941	0.07176	0.01623	0.00437	0.00912	0.01722	0.01051	0.01373
9	0.09312	0.02230	0.02884	0.02391	0.02963	0.02402	0.06708	0.17829	0.03244	0.09005	0.03622	0.19595	0.03497	0.01984	0.01439	0.00394	0.06426	0.01662	0.00966	0.01446
10	0.02991	0.03238	0.22036	0.08104	0.03887	0.01982	0.02628	0.03806	0.02796	0.19690	0.13155	0.04132	0.03740	0.01429	0.01148	0.00355	0.01192	0.01190	0.00924	0.01578

[dist]
# distance from previous block
# <min> <max>
6	51

[block]
# block no. 2 follows, 11 sequences, length 17
# corresponding to MSA columns:
# 141-157
name=unknown_C
#
# <colnr> <probs for GDERKNQSTAVLIFYWHMCP>
#	G	D	E	R	K	N	Q	S	T	A	V	L	I	F	Y	W	H	M	C	P
0	0.03035	0.09135	0.10341	0.07987	0.03496	0.02495	0.02144	0.11468	0.08729	0.11682	0.03366	0.09367	0.02762	0.01507	0.01078	0.00346	0.01107	0.01233	0.07174	0.01548
1	0.38739	0.09478	0.07012	0.02107	0.02986	0.02665	0.06909	0.03695	0.02273	0.11848	0.02111	0.02302	0.01550	0.01079	0.00864	0.00340	0.01099	0.00784	0.00744	0.01418
2	0.15806	0.02466	0.02663	0.16645	0.04051	0.08269	0.02058	0.11420	0.02942	0.09745	0.02893	0.07940	0.02478	0.01513	0.01086	0.00368	0.01231	0.04193	0.00836	0.01398
3	0.08900	0.02685	0.13494	0.08328	0.03477	0.02079	0.02192	0.09718	0.02858	0.10040	0.07843	0.16239	0.03839	0.01823	0.01162	0.00377	0.01094	0.01539	0.00899	0.01416
4	0.03094	0.11391	0.08608	0.02512	0.03454	0.02466	0.09633	0.08978	0.02873	0.12937	0.02969	0.09020	0.02486	0.01353	0.01075	0.00316	0.01192	0.01185	0.00832	0.13625
5	0.03619	0.07087	0.03994	0.09187	0.08864	0.02442	0.11566	0.07746	0.02964	0.22232	0.02979	0.03125	0.02078	0.01161	0.01115	0.00334	0.01275	0.01060	0.00905	0.06266
6	0.02871	0.09115	0.07373	0.02375	0.03169	0.02706	0.05221	0.15913	0.13313	0.04660	0.07662	0.09349	0.03458	0.01568	0.01124	0.00342	0.01089	0.01323	0.00935	0.06433
7	0.02921	0.37876	0.20430	0.02389	0.03558	0.03787	0.02628	0.08566	0.02648	0.03420	0.01829	0.02079	0.01491	0.01038	0.00873	0.00287	0.01347	0.00717	0.00551	0.01563
8	0.32858	0.01868	0.01875	0.01624	0.02280	0.01884	0.01284	0.03294	0.02271	0.13452	0.03066	0.13491	0.02787	0.01555	0.00943	0.00339	0.00838	0.01217	0.00887	0.12187
9	0.01575	0.01260	0.01386	0.01374	0.01686	0.01185	0.00997	0.02182	0.07942	0.03365	0.16213	0.15094	0.29831	0.08711	0.01782	0.00459	0.00663	0.02216	0.01051	0.01029
10	0.02980	0.02706	0.08516	0.03081	0.03986	0.02398	0.18516	0.04418	0.15841	0.13264	0.08847	0.04027	0.03326	0.01345	0.01220	0.00370	0.01284	0.01311	0.00940	0.01624
11	0.01526	0.01148	0.01412	0.01346	0.01641	0.01034	0.01009	0.01995	0.03028	0.04139	0.42298	0.09024	0.21385	0.02441	0.01328	0.00361	0.00541	0.02122	0.01190	0.01034
12	0.01583	0.01122	0.01226	0.01200	0.01520	0.01006	0.00900	0.01994	0.02700	0.03736	0.21779	0.08606	0.29115	0.02338	0.01205	0.00346	0.00548	0.01973	0.16097	0.01006
13	0.03180	0.43213	0.04979	0.02062	0.02983	0.09415	0.01906	0.07838	0.02673	0.03196	0.01740	0.01973	0.01514	0.01006	0.00804	0.00247	0.01252	0.00661	0.00574	0.08784
14	0.05050	0.01915	0.02612	0.02003	0.02873	0.01654	0.01654	0.05485	0.03221	0.54203	0.04440	0.03831	0.02786	0.01393	0.01132	0.00348	0.00958	0.01132	0.01393	0.01915
15	0.01734	0.01253	0.01490	0.01431	0.01431	0.01369	0.00892	0.01763	0.01647	0.02244	0.03302	0.06787	0.03783	0.53542	0.05488	0.01021	0.07855	0.01560	0.00660	0.00747
16	0.03557	0.16807	0.04396	0.06759	0.03939	0.02906	0.12153	0.07887	0.07256	0.18770	0.02966	0.03046	0.02120	0.01181	0.01074	0.00333	0.01277	0.01038	0.00883	0.01653

[dist]
# distance from previous block
# <min> <max>
0	1

[block]
# block no. 3 follows, 11 sequences, length 16
# corresponding to MSA columns:
# 159-174
name=unknown_D
#
# <colnr> <probs for GDERKNQSTAVLIFYWHMCP>
#	G	D	E	R	K	N	Q	S	T	A	V	L	I	F	Y	W	H	M	C	P
0	0.02315	0.01599	0.01897	0.01741	0.02195	0.01613	0.01362	0.03529	0.16308	0.10142	0.24521	0.07381	0.13107	0.02120	0.01273	0.00378	0.00726	0.05264	0.01189	0.01343
1	0.02311	0.02001	0.02450	0.07908	0.03233	0.01612	0.01533	0.02839	0.02325	0.03579	0.02001	0.02408	0.01649	0.00866	0.00866	0.00190	0.00908	0.00704	0.00648	0.59971
2	0.02245	0.02105	0.03477	0.38302	0.16670	0.02481	0.02975	0.02924	0.02360	0.03174	0.06297	0.03376	0.02332	0.01257	0.01318	0.00373	0.05324	0.01087	0.00574	0.01347
3	0.01503	0.01114	0.01474	0.01529	0.01716	0.01114	0.01109	0.01830	0.02279	0.03104	0.15309	0.21823	0.12576	0.08680	0.18566	0.00888	0.01378	0.02124	0.00923	0.00961
4	0.02964	0.02538	0.07609	0.06935	0.03740	0.02326	0.10209	0.13479	0.06711	0.10220	0.12255	0.04169	0.03707	0.01430	0.01169	0.00351	0.01165	0.01276	0.06214	0.01535
5	0.01614	0.01183	0.01694	0.01694	0.01856	0.01345	0.01264	0.01936	0.01775	0.02528	0.03120	0.05002	0.03066	0.18696	0.46074	0.01667	0.02635	0.01291	0.00619	0.00941
6	0.03009	0.61122	0.05898	0.01926	0.02889	0.04454	0.01926	0.03370	0.02287	0.02648	0.01565	0.01805	0.01444	0.00963	0.00722	0.00241	0.01204	0.00602	0.00481	0.01444
7	0.03267	0.02949	0.08715	0.02185	0.03123	0.09209	0.01921	0.04221	0.10003	0.15225	0.02911	0.02919	0.02130	0.01137	0.01001	0.00279	0.01130	0.00891	0.00870	0.25914
8	0.01970	0.01791	0.02909	0.02343	0.02899	0.01715	0.13714	0.02883	0.08636	0.04058	0.27163	0.06905	0.14372	0.01947	0.01307	0.00368	0.00937	0.01816	0.01021	0.01248
9	0.11135	0.02145	0.03525	0.43943	0.06780	0.02544	0.08275	0.03020	0.02253	0.03255	0.01974	0.02847	0.01487	0.01094	0.01091	0.00372	0.01462	0.00986	0.00535	0.01277
10	0.02660	0.02693	0.03877	0.28979	0.27273	0.08882	0.03158	0.03320	0.02498	0.03213	0.02021	0.02792	0.01618	0.01076	0.01107	0.00347	0.01491	0.00969	0.00535	0.01490
11	0.02108	0.01826	0.02828	0.03251	0.15262	0.01813	0.05894	0.02961	0.08172	0.03950	0.20800	0.12833	0.06108	0.01991	0.01285	0.00380	0.00946	0.05290	0.00959	0.01342
12	0.01570	0.01063	0.01247	0.01313	0.01330	0.01047	0.00773	0.01619	0.01767	0.02356	0.04216	0.20557	0.04937	0.46101	0.04647	0.00931	0.00981	0.02031	0.00773	0.00741
13	0.02454	0.08368	0.02811	0.02150	0.02400	0.02409	0.01733	0.02721	0.02015	0.08713	0.02914	0.10222	0.02892	0.10895	0.11385	0.00733	0.21949	0.01342	0.00705	0.01188
14	0.02760	0.03101	0.16649	0.10027	0.10058	0.02297	0.06386	0.03883	0.09184	0.11941	0.03892	0.04030	0.08025	0.01383	0.01153	0.00363	0.01274	0.01202	0.00804	0.01588
15	0.03000	0.21452	0.03574	0.02058	0.02800	0.07356	0.01752	0.13334	0.12448	0.04062	0.04331	0.04247	0.12066	0.01540	0.01031	0.00319	0.01092	0.01176	0.00863	0.01499

[dist]
# distance from previous block
# <min> <max>
0	14

[block]
# block no. 4 follows, 11 sequences, length 25
# corresponding to MSA columns:
# 212-236
name=unknown_E
#
# <colnr> <probs for GDERKNQSTAVLIFYWHMCP>
#	G	D	E	R	K	N	Q	S	T	A	V	L	I	F	Y	W	H	M	C	P
0	0.02555	0.14146	0.28154	0.03087	0.07729	0.02675	0.06579	0.03417	0.02431	0.07066	0.02669	0.09630	0.02330	0.01367	0.01082	0.00348	0.01398	0.01160	0.00629	0.01548
1	0.04141	0.03310	0.08882	0.02594	0.03574	0.03197	0.02307	0.39883	0.04751	0.11784	0.02815	0.02788	0.01955	0.01325	0.01120	0.00341	0.01255	0.01006	0.01084	0.01887
2	0.02786	0.02674	0.04568	0.06908	0.53424	0.02674	0.03454	0.03454	0.02563	0.03677	0.02117	0.02786	0.01783	0.01003	0.01114	0.00334	0.01337	0.01003	0.00557	0.01783
3	0.01686	0.01522	0.02171	0.01857	0.02262	0.01485	0.07141	0.02114	0.02647	0.03457	0.19919	0.08328	0.30048	0.02376	0.01584	0.00385	0.06955	0.02007	0.00976	0.01080
4	0.03169	0.07820	0.12365	0.03966	0.10738	0.08394	0.21172	0.03943	0.02719	0.11131	0.02437	0.02830	0.01792	0.01064	0.01155	0.00346	0.01613	0.01066	0.00674	0.01604
5	0.01443	0.01032	0.01383	0.01606	0.01714	0.00972	0.01130	0.01710	0.02312	0.03102	0.11153	0.49109	0.07678	0.03350	0.01438	0.00453	0.00682	0.07726	0.01065	0.00943
6	0.01608	0.01206	0.01809	0.01809	0.02010	0.01407	0.01407	0.02010	0.01809	0.02613	0.03015	0.04422	0.02814	0.08441	0.55984	0.01809	0.03015	0.01206	0.00603	0.01005
7	0.01872	0.01570	0.02435	0.20569	0.09164	0.01700	0.02079	0.02415	0.02516	0.03390	0.14889	0.17703	0.05498	0.02146	0.01291	0.00402	0.01023	0.07316	0.00858	0.01164
8	0.03184	0.22215	0.17429	0.02843	0.03909	0.15330	0.07677	0.08550	0.02868	0.03473	0.01915	0.02227	0.01518	0.01073	0.00984	0.00306	0.01585	0.00809	0.00579	0.01525
9	0.02126	0.02001	0.03376	0.57739	0.07752	0.02501	0.03126	0.02876	0.02251	0.02876	0.02001	0.03001	0.01500	0.01125	0.01125	0.00375	0.01500	0.01000	0.00500	0.01250
10	0.01589	0.01108	0.01415	0.01504	0.01583	0.01129	0.01021	0.01764	0.01892	0.02550	0.04332	0.19597	0.04901	0.31558	0.13349	0.01011	0.01331	0.06743	0.00791	0.00833
11	0.02187	0.02123	0.02429	0.02263	0.02416	0.08811	0.01767	0.02487	0.02176	0.02927	0.08373	0.16068	0.04026	0.03447	0.12287	0.00688	0.22093	0.01596	0.00726	0.01110
12	0.01418	0.01013	0.01359	0.01620	0.01706	0.00954	0.01125	0.01647	0.02201	0.02925	0.06178	0.54784	0.07343	0.03482	0.01449	0.00464	0.00693	0.07668	0.01044	0.00927
13	0.01407	0.01072	0.01295	0.01389	0.01606	0.00960	0.00985	0.01709	0.02526	0.03300	0.18480	0.31637	0.23524	0.03022	0.01376	0.00408	0.00597	0.02659	0.01089	0.00960
14	0.02392	0.02534	0.03837	0.08980	0.04112	0.08973	0.17500	0.02914	0.02395	0.03075	0.03199	0.19252	0.03282	0.01894	0.01653	0.00407	0.09959	0.01709	0.00690	0.01245
15	0.02657	0.03036	0.06641	0.04744	0.05882	0.02846	0.49336	0.03605	0.02657	0.03605	0.02277	0.03036	0.01708	0.00949	0.01328	0.00380	0.01898	0.01328	0.00569	0.01518
16	0.02126	0.02001	0.03376	0.57739	0.07752	0.02501	0.03126	0.02876	0.02251	0.02876	0.02001	0.03001	0.01500	0.01125	0.01125	0.00375	0.01500	0.01000	0.00500	0.01250
17	0.01431	0.01047	0.01355	0.01556	0.01697	0.00971	0.01104	0.01698	0.02333	0.03075	0.10473	0.44573	0.13278	0.03301	0.01427	0.00446	0.00674	0.07557	0.01059	0.00943
18	0.03456	0.02511	0.03868	0.14882	0.17396	0.02605	0.07656	0.13578	0.03233	0.15402	0.02748	0.03069	0.01968	0.01182	0.01146	0.00351	0.01326	0.01068	0.00852	0.01704
19	0.02126	0.02001	0.03376	0.57739	0.07752	0.02501	0.03126	0.02876	0.02251	0.02876	0.02001	0.03001	0.01500	0.01125	0.01125	0.00375	0.01500	0.01000	0.00500	0.01250
20	0.03786	0.03950	0.03313	0.02818	0.03350	0.26524	0.02237	0.17934	0.03465	0.04077	0.01969	0.02346	0.01600	0.01424	0.01727	0.00356	0.16045	0.00879	0.00726	0.01474
21	0.02345	0.02561	0.08809	0.31496	0.13155	0.02471	0.02929	0.03420	0.08461	0.03381	0.02343	0.02982	0.01794	0.01121	0.01090	0.00346	0.01347	0.00982	0.00604	0.08364
22	0.02504	0.02151	0.02478	0.02295	0.02722	0.07699	0.05206	0.12407	0.03079	0.03933	0.04621	0.25182	0.04946	0.02509	0.01347	0.00423	0.01117	0.13162	0.00974	0.01244
23	0.01637	0.01091	0.01228	0.01228	0.01228	0.01091	0.00682	0.01637	0.01637	0.02182	0.03546	0.07365	0.04092	0.60445	0.05729	0.01091	0.01091	0.01637	0.00682	0.00682
24	0.03037	0.02247	0.03353	0.20832	0.04845	0.02437	0.08128	0.09030	0.11474	0.13244	0.06983	0.03756	0.02858	0.01339	0.01171	0.00366	0.01240	0.01195	0.00911	0.01556

[dist]
# distance from previous block
# <min> <max>
0	22

[block]
# block no. 5 follows, 11 sequences, length 66
# corresponding to MSA columns:
# 259-312,362-373
name=unknown_F
#
# <colnr> <probs for GDERKNQSTAVLIFYWHMCP>
#	G	D	E	R	K	N	Q	S	T	A	V	L	I	F	Y	W	H	M	C	P
0	0.02561	0.04979	0.39505	0.03439	0.04915	0.02757	0.12765	0.08728	0.02757	0.03967	0.02146	0.02542	0.01536	0.01077	0.01126	0.00359	0.01662	0.00949	0.00566	0.01663
1	0.01368	0.00993	0.01292	0.01532	0.01623	0.00917	0.01029	0.01571	0.02189	0.02887	0.06634	0.55664	0.11213	0.03470	0.01428	0.00451	0.00646	0.03131	0.01045	0.00917
2	0.02833	0.02388	0.02743	0.02726	0.08312	0.02671	0.01923	0.10291	0.35429	0.04849	0.09494	0.04345	0.03886	0.01537	0.01160	0.00368	0.00939	0.01299	0.01090	0.01716
3	0.02487	0.15217	0.25081	0.02438	0.03669	0.02696	0.02691	0.03608	0.07974	0.03544	0.02220	0.02463	0.01725	0.01038	0.00947	0.00286	0.01262	0.00793	0.00605	0.19257
4	0.01362	0.01015	0.01269	0.01472	0.01607	0.00922	0.01003	0.01578	0.02246	0.02910	0.07362	0.48814	0.17592	0.03376	0.01413	0.00440	0.00635	0.03016	0.01045	0.00922
5	0.02854	0.02940	0.04363	0.10810	0.25367	0.08822	0.11975	0.03944	0.10419	0.03635	0.02486	0.02997	0.01963	0.01107	0.01151	0.00350	0.01473	0.01077	0.00650	0.01618
6	0.14759	0.02614	0.02865	0.02231	0.03090	0.02768	0.01842	0.28590	0.04112	0.21347	0.03059	0.02912	0.02073	0.01315	0.01059	0.00343	0.01093	0.00986	0.01140	0.01803
7	0.01438	0.01027	0.01383	0.01644	0.01738	0.00972	0.01161	0.01683	0.02221	0.02948	0.06167	0.52612	0.07298	0.03463	0.01454	0.00466	0.00711	0.09638	0.01044	0.00933
8	0.01672	0.01329	0.01965	0.02595	0.11764	0.01274	0.01518	0.01997	0.02347	0.03209	0.10470	0.43007	0.06682	0.02900	0.01362	0.00422	0.00773	0.02644	0.00971	0.01100
9	0.68395	0.02177	0.01654	0.01480	0.02177	0.02525	0.01219	0.03309	0.01915	0.05050	0.01567	0.01828	0.01219	0.01045	0.00697	0.00348	0.00871	0.00609	0.00697	0.01219
10	0.01879	0.01506	0.02315	0.08160	0.02847	0.01573	0.06598	0.02401	0.02605	0.03766	0.21969	0.14694	0.06151	0.02044	0.01418	0.00372	0.05260	0.01799	0.11523	0.01119
11	0.02458	0.01575	0.01851	0.01612	0.01996	0.01581	0.01212	0.11476	0.03194	0.08623	0.24054	0.06270	0.06161	0.13518	0.02091	0.00487	0.00813	0.01578	0.08231	0.01219
12	0.35830	0.02429	0.02314	0.02415	0.08213	0.08356	0.01694	0.03176	0.02203	0.04136	0.05744	0.02801	0.02228	0.02030	0.07084	0.00511	0.06022	0.00873	0.00682	0.01259
13	0.15175	0.03709	0.23041	0.03022	0.04225	0.02466	0.14025	0.03902	0.02524	0.13750	0.02471	0.02718	0.01721	0.01099	0.01075	0.00359	0.01435	0.00969	0.00718	0.01595
14	0.02626	0.02364	0.03425	0.09005	0.09582	0.02393	0.09172	0.07516	0.14827	0.04172	0.06718	0.03529	0.02824	0.01229	0.01111	0.00322	0.01147	0.01126	0.00821	0.16089
15	0.02684	0.02227	0.03708	0.33703	0.23203	0.02467	0.03076	0.03370	0.02468	0.08896	0.02314	0.03018	0.01743	0.01112	0.01122	0.00358	0.01383	0.01016	0.00620	0.01511
16	0.01620	0.01149	0.01484	0.01475	0.01652	0.01205	0.01062	0.01923	0.02038	0.02870	0.09560	0.06360	0.09625	0.20835	0.25997	0.01177	0.01756	0.01533	0.05758	0.00920
17	0.01563	0.01149	0.01463	0.01384	0.01663	0.01049	0.01038	0.02066	0.03115	0.04344	0.48074	0.08686	0.15481	0.02364	0.01328	0.00357	0.00535	0.02075	0.01217	0.01049
18	0.01962	0.01245	0.01630	0.01767	0.02053	0.01194	0.01454	0.02395	0.02537	0.07160	0.06219	0.18768	0.10988	0.02821	0.01393	0.00452	0.00858	0.25623	0.08407	0.01074
19	0.68395	0.02177	0.01654	0.01480	0.02177	0.02525	0.01219	0.03309	0.01915	0.05050	0.01567	0.01828	0.01219	0.01045	0.00697	0.00348	0.00871	0.00609	0.00697	0.01219
20	0.01856	0.01056	0.01140	0.01170	0.01319	0.01048	0.00780	0.02163	0.02088	0.03353	0.03919	0.11656	0.03823	0.21862	0.02558	0.00569	0.00734	0.01498	0.36500	0.00908
21	0.01360	0.01023	0.01261	0.01450	0.01602	0.00924	0.00993	0.01580	0.02267	0.02919	0.07626	0.46338	0.19899	0.03341	0.01407	0.00436	0.00630	0.02974	0.01045	0.00924
22	0.04055	0.03042	0.03252	0.02544	0.03405	0.03386	0.02085	0.43075	0.12251	0.06733	0.02986	0.02928	0.02144	0.01378	0.01129	0.00344	0.01186	0.01052	0.01129	0.01894
23	0.02553	0.02834	0.06003	0.15105	0.06248	0.02779	0.40301	0.03463	0.02577	0.03463	0.02223	0.03029	0.01667	0.00983	0.01289	0.00379	0.01820	0.01264	0.00556	0.01466
24	0.07897	0.01688	0.01935	0.01688	0.02241	0.01551	0.01279	0.07416	0.02647	0.03971	0.09043	0.23221	0.04664	0.02017	0.01119	0.00324	0.00784	0.01741	0.00915	0.23859
25	0.02334	0.04937	0.41062	0.07695	0.05064	0.02645	0.08942	0.03702	0.06224	0.03603	0.02247	0.02643	0.01620	0.01096	0.01109	0.00362	0.01616	0.00935	0.00540	0.01623
26	0.02760	0.41714	0.16773	0.02194	0.03323	0.03698	0.02376	0.03355	0.02313	0.02974	0.01719	0.01997	0.01465	0.00973	0.00815	0.00259	0.01269	0.00662	0.00501	0.08862
27	0.50639	0.18184	0.02807	0.01601	0.02370	0.03049	0.01411	0.03325	0.02016	0.04398	0.01567	0.01822	0.01280	0.01023	0.00704	0.00319	0.00961	0.00607	0.00638	0.01280
28	0.02075	0.02617	0.12898	0.29144	0.10763	0.02208	0.02876	0.02847	0.02450	0.03301	0.08873	0.04329	0.08155	0.01424	0.01159	0.00365	0.01302	0.01236	0.00646	0.01333
29	0.01622	0.01149	0.01521	0.01521	0.01623	0.01251	0.01048	0.01825	0.01724	0.02400	0.03278	0.05879	0.03446	0.34183	0.31108	0.01454	0.02063	0.01419	0.00642	0.00845
30	0.02905	0.01539	0.02057	0.01808	0.02168	0.01562	0.01372	0.03193	0.02402	0.21033	0.07566	0.10977	0.04050	0.16607	0.08848	0.00720	0.07400	0.01536	0.00986	0.01271
31	0.01419	0.01028	0.01352	0.01593	0.01704	0.00961	0.01119	0.01659	0.02236	0.02943	0.06570	0.50604	0.10788	0.03427	0.01442	0.00458	0.00691	0.08033	0.01044	0.00931
32	0.02257	0.05822	0.54613	0.03208	0.04871	0.02614	0.04158	0.03564	0.02376	0.03564	0.02020	0.02376	0.01426	0.01069	0.01069	0.00356	0.01663	0.00832	0.00475	0.01663
33	0.03009	0.61122	0.05898	0.01926	0.02889	0.04454	0.01926	0.03370	0.02287	0.02648	0.01565	0.01805	0.01444	0.00963	0.00722	0.00241	0.01204	0.00602	0.00481	0.01444
34	0.02146	0.01432	0.01795	0.01766	0.02109	0.01351	0.01308	0.07308	0.02641	0.07940	0.05195	0.38759	0.05736	0.02779	0.01320	0.00408	0.00792	0.05837	0.01042	0.08335
35	0.03752	0.02891	0.03082	0.02483	0.03290	0.03245	0.02012	0.34127	0.21692	0.06245	0.03371	0.03235	0.02455	0.01414	0.01133	0.00353	0.01115	0.01106	0.01133	0.01867
36	0.41548	0.06689	0.02314	0.01694	0.02471	0.02377	0.01424	0.04060	0.02393	0.21733	0.02553	0.02514	0.01774	0.01158	0.00848	0.00340	0.00927	0.00788	0.00919	0.01476
37	0.03018	0.02467	0.03646	0.21745	0.05156	0.02733	0.09895	0.12650	0.13922	0.08673	0.02964	0.03290	0.02155	0.01252	0.01163	0.00368	0.01332	0.01127	0.00850	0.01594
38	0.01428	0.01094	0.01320	0.01442	0.01671	0.00986	0.01058	0.01731	0.02475	0.03174	0.13380	0.30161	0.25114	0.03085	0.01397	0.00423	0.00649	0.07388	0.01066	0.00958
39	0.02316	0.02166	0.03371	0.20957	0.04886	0.02051	0.09602	0.02971	0.02358	0.03392	0.02045	0.02670	0.01618	0.00950	0.01010	0.00271	0.01227	0.00884	0.00595	0.34661
40	0.01458	0.01082	0.01359	0.01423	0.01632	0.00984	0.01017	0.01813	0.02670	0.03602	0.27014	0.28754	0.17296	0.02879	0.01370	0.00399	0.00586	0.02550	0.01127	0.00984
41	0.03138	0.55093	0.05605	0.02031	0.02953	0.10019	0.01953	0.03492	0.02385	0.02660	0.01584	0.01830	0.01445	0.00984	0.00754	0.00246	0.01293	0.00615	0.00492	0.01429
42	0.01403	0.01020	0.01324	0.01509	0.01631	0.00941	0.01032	0.01660	0.02353	0.03149	0.14070	0.47583	0.11613	0.03276	0.01411	0.00434	0.00627	0.02947	0.01076	0.00941
43	0.03509	0.02645	0.03146	0.02551	0.03337	0.02895	0.05706	0.19606	0.27447	0.10911	0.03783	0.03589	0.02741	0.01410	0.01152	0.00364	0.01090	0.01179	0.01120	0.01817
44	0.03068	0.12688	0.17219	0.02684	0.03646	0.07042	0.07549	0.03760	0.02668	0.13326	0.08218	0.03313	0.02787	0.01321	0.01282	0.00344	0.05743	0.01049	0.00764	0.01530
45	0.04337	0.01733	0.02313	0.01830	0.02565	0.01521	0.01491	0.04793	0.03119	0.43090	0.09585	0.04368	0.03645	0.01482	0.01113	0.00339	0.00862	0.01220	0.08872	0.01724
46	0.03081	0.04255	0.31724	0.03170	0.04523	0.02400	0.11899	0.04088	0.02655	0.17163	0.02717	0.02890	0.01843	0.01134	0.01134	0.00359	0.01518	0.01005	0.00739	0.01704
47	0.02839	0.02328	0.03309	0.13385	0.04280	0.02479	0.09159	0.04610	0.23720	0.09445	0.03426	0.03541	0.02529	0.01269	0.01133	0.00352	0.01163	0.01145	0.00906	0.08982
48	0.03897	0.02465	0.02794	0.02284	0.03065	0.02637	0.01841	0.17823	0.23931	0.20574	0.04022	0.03675	0.02818	0.01438	0.01136	0.00359	0.01007	0.01158	0.01216	0.01859
49	0.03354	0.08741	0.02856	0.02006	0.02730	0.02399	0.01643	0.19308	0.03527	0.14429	0.04386	0.12333	0.08707	0.01775	0.01129	0.00338	0.00982	0.01449	0.01048	0.06862
50	0.68395	0.02177	0.01654	0.01480	0.02177	0.02525	0.01219	0.03309	0.01915	0.05050	0.01567	0.01828	0.01219	0.01045	0.00697	0.00348	0.00871	0.00609	0.00697	0.01219
51	0.01607	0.01099	0.01415	0.01556	0.01669	0.01098	0.01109	0.01856	0.02070	0.02846	0.04885	0.26363	0.05489	0.19405	0.08683	0.00778	0.01098	0.10258	0.05824	0.00893
52	0.01627	0.01132	0.01434	0.01434	0.01505	0.01203	0.00940	0.01769	0.01698	0.02335	0.03357	0.06320	0.03638	0.41970	0.23582	0.01346	0.01775	0.01484	0.00654	0.00797
53	0.02723	0.02269	0.02382	0.02156	0.02751	0.02609	0.01673	0.05616	0.46063	0.04653	0.04482	0.04199	0.03376	0.01504	0.01106	0.00369	0.00851	0.01248	0.08267	0.01702
54	0.02318	0.05401	0.47371	0.03440	0.05024	0.02649	0.10979	0.03571	0.02419	0.03571	0.02059	0.02476	0.01468	0.01051	0.01108	0.00360	0.01699	0.00907	0.00489	0.01641
55	0.04204	0.05364	0.03190	0.02900	0.03480	0.55926	0.02175	0.04494	0.03190	0.02755	0.01740	0.02030	0.01450	0.01160	0.01015	0.00290	0.02030	0.00725	0.00580	0.01305
56	0.02517	0.01453	0.01497	0.01345	0.01730	0.01518	0.01047	0.11668	0.02924	0.04753	0.03485	0.03909	0.02698	0.01319	0.00852	0.00277	0.00662	0.01042	0.54087	0.01215
57	0.01412	0.01143	0.01253	0.01226	0.01570	0.00985	0.00919	0.01773	0.02758	0.03498	0.24279	0.10078	0.39805	0.02680	0.01329	0.00372	0.00558	0.02270	0.01105	0.00985
58	0.01593	0.01150	0.01504	0.01416	0.01681	0.01062	0.01062	0.02124	0.03186	0.04513	0.52830	0.08407	0.10620	0.02301	0.01327	0.00354	0.00531	0.02035	0.01239	0.01062
59	0.01488	0.01128	0.01371	0.01349	0.01627	0.01011	0.00997	0.01905	0.02879	0.03877	0.34877	0.15034	0.23136	0.02609	0.01341	0.00374	0.00557	0.02273	0.01158	0.01011
60	0.05050	0.01915	0.02612	0.02003	0.02873	0.01654	0.01654	0.05485	0.03221	0.54203	0.04440	0.03831	0.02786	0.01393	0.01132	0.00348	0.00958	0.01132	0.01393	0.01915
61	0.02637	0.05004	0.42987	0.02970	0.04431	0.02524	0.03613	0.04047	0.07799	0.09502	0.02576	0.02741	0.01800	0.01156	0.01085	0.00358	0.01498	0.00914	0.00653	0.01705
62	0.68395	0.02177	0.01654	0.01480	0.02177	0.02525	0.01219	0.03309	0.01915	0.05050	0.01567	0.01828	0.01219	0.01045	0.00697	0.00348	0.00871	0.00609	0.00697	0.01219
63	0.02552	0.04320	0.31054	0.03156	0.04425	0.02647	0.11014	0.08715	0.08283	0.04155	0.06390	0.03197	0.02468	0.01227	0.01148	0.00361	0.01482	0.01078	0.00696	0.01632
64	0.01456	0.01045	0.01382	0.01509	0.01651	0.00971	0.01051	0.01781	0.02550	0.03502	0.24070	0.40052	0.08661	0.03057	0.01395	0.00418	0.00606	0.02754	0.01119	0.00971
65	0.08213	0.02495	0.04496	0.24491	0.05944	0.02681	0.22107	0.03565	0.07886	0.03575	0.02367	0.03047	0.01779	0.01089	0.01175	0.00375	0.01543	0.01134	0.00618	0.01419

[dist]
# distance from previous block
# <min> <max>
0	1

[block]
# block no. 6 follows, 11 sequences, length 16
# corresponding to MSA columns:
# 375-390
name=unknown_G
#
# <colnr> <probs for GDERKNQSTAVLIFYWHMCP>
#	G	D	E	R	K	N	Q	S	T	A	V	L	I	F	Y	W	H	M	C	P
0	0.03117	0.02101	0.02617	0.05363	0.03049	0.02102	0.01739	0.07738	0.06974	0.16094	0.03674	0.03734	0.06819	0.01435	0.01416	0.00321	0.08849	0.01084	0.00926	0.20846
1	0.03529	0.37298	0.04840	0.02225	0.03137	0.08151	0.02017	0.19008	0.03367	0.04149	0.01960	0.02124	0.01603	0.01109	0.00881	0.00277	0.01280	0.00750	0.00706	0.01591
2	0.61688	0.02510	0.01815	0.01628	0.02313	0.08105	0.01319	0.03432	0.02049	0.04810	0.01585	0.01849	0.01243	0.01057	0.00730	0.00342	0.00992	0.00622	0.00684	0.01228
3	0.02213	0.01411	0.01955	0.10616	0.02843	0.01381	0.01474	0.02743	0.02987	0.12119	0.33228	0.07004	0.11534	0.02012	0.01263	0.00359	0.00760	0.01752	0.01127	0.01220
4	0.01613	0.01081	0.01234	0.01257	0.01263	0.01076	0.00714	0.01631	0.01682	0.02243	0.03780	0.11965	0.04387	0.55443	0.05352	0.01035	0.01053	0.01774	0.00714	0.00702
5	0.02472	0.03718	0.22521	0.10233	0.22815	0.02759	0.03517	0.03314	0.02327	0.03396	0.01966	0.02607	0.01574	0.01196	0.01514	0.00372	0.10656	0.00937	0.00511	0.01595
6	0.02473	0.01345	0.01786	0.01565	0.01985	0.01213	0.01213	0.02980	0.03195	0.17161	0.40513	0.07243	0.08626	0.02070	0.01278	0.00353	0.00640	0.01805	0.01278	0.01279
7	0.03026	0.01929	0.02626	0.17871	0.04028	0.02053	0.01991	0.12111	0.03194	0.15792	0.11487	0.11436	0.04132	0.01735	0.01200	0.00369	0.01057	0.01489	0.01017	0.01456
8	0.04684	0.02427	0.09420	0.02160	0.03135	0.01780	0.01982	0.05234	0.03111	0.47574	0.04123	0.03640	0.02608	0.01351	0.01124	0.00349	0.01050	0.01093	0.01273	0.01882
9	0.01371	0.00979	0.01306	0.01567	0.01632	0.00914	0.01045	0.01567	0.02155	0.02873	0.06203	0.59710	0.07444	0.03526	0.01437	0.00457	0.00653	0.03200	0.01045	0.00914
10	0.59808	0.02208	0.01771	0.01586	0.02275	0.02561	0.01293	0.03658	0.08392	0.05005	0.01962	0.02139	0.01509	0.01108	0.00755	0.00353	0.00873	0.00696	0.00755	0.01293
11	0.01875	0.01433	0.01727	0.01725	0.01875	0.01569	0.01233	0.02518	0.09931	0.02921	0.04329	0.16223	0.04670	0.28068	0.03490	0.00736	0.05918	0.07910	0.00853	0.00997
12	0.02774	0.01987	0.02379	0.01721	0.02701	0.01525	0.01386	0.03264	0.02478	0.11859	0.02396	0.02577	0.01848	0.00924	0.00882	0.00196	0.00854	0.00742	0.00785	0.56723
13	0.02334	0.02001	0.02334	0.01667	0.02667	0.01500	0.01334	0.02834	0.02334	0.03668	0.02001	0.02334	0.01667	0.00834	0.00834	0.00167	0.00834	0.00667	0.00667	0.67325
14	0.03621	0.01970	0.02408	0.01850	0.02665	0.01751	0.01500	0.09976	0.03144	0.24787	0.06760	0.03584	0.02887	0.01275	0.01023	0.00285	0.00888	0.01032	0.07165	0.21430
15	0.12978	0.05231	0.46029	0.02928	0.04435	0.02599	0.03682	0.03523	0.02302	0.03805	0.01946	0.02287	0.01392	0.01065	0.01009	0.00355	0.01535	0.00796	0.00511	0.01591

[dist]
# distance from previous block
# <min> <max>
0	10

[block]
# block no. 7 follows, 11 sequences, length 9
# corresponding to MSA columns:
# 401-409
name=unknown_H
#
# <colnr> <probs for GDERKNQSTAVLIFYWHMCP>
#	G	D	E	R	K	N	Q	S	T	A	V	L	I	F	Y	W	H	M	C	P
0	0.23563	0.02241	0.02475	0.14379	0.03645	0.06169	0.01870	0.03537	0.02309	0.14060	0.02445	0.03090	0.01912	0.06728	0.01649	0.00432	0.06459	0.00943	0.00768	0.01327
1	0.01555	0.01178	0.01454	0.01600	0.01778	0.01151	0.01116	0.02139	0.08042	0.03255	0.10796	0.44097	0.11344	0.03119	0.01383	0.00432	0.00662	0.02793	0.01075	0.01032
2	0.03128	0.42361	0.04831	0.02090	0.02894	0.15603	0.01891	0.03491	0.02583	0.02868	0.06987	0.02549	0.02409	0.01147	0.00851	0.00264	0.01318	0.00780	0.00583	0.01373
3	0.01813	0.01318	0.01479	0.01467	0.01592	0.01379	0.00931	0.02420	0.10789	0.02736	0.04091	0.13799	0.04421	0.42066	0.04317	0.00877	0.00996	0.01780	0.00815	0.00914
4	0.01696	0.01105	0.01354	0.01376	0.01431	0.01097	0.00889	0.01740	0.01869	0.02506	0.08178	0.07557	0.04689	0.40787	0.04655	0.09818	0.01018	0.06753	0.00749	0.00733
5	0.68395	0.02177	0.01654	0.01480	0.02177	0.02525	0.01219	0.03309	0.01915	0.05050	0.01567	0.01828	0.01219	0.01045	0.00697	0.00348	0.00871	0.00609	0.00697	0.01219
6	0.38680	0.02054	0.02104	0.01725	0.02503	0.02116	0.01423	0.04330	0.02528	0.28108	0.02915	0.02768	0.01954	0.01208	0.00901	0.00348	0.00912	0.00855	0.01023	0.01546
7	0.21629	0.02706	0.06198	0.02268	0.03181	0.02591	0.04913	0.18169	0.03337	0.14929	0.02594	0.02649	0.01826	0.01184	0.00992	0.00331	0.01117	0.00903	0.00940	0.07541
8	0.11418	0.07084	0.08738	0.12725	0.04103	0.02552	0.07731	0.03476	0.05998	0.08235	0.08898	0.03504	0.02912	0.01357	0.01313	0.00365	0.06329	0.01102	0.00752	0.01408

[dist]
# distance from previous block
# <min> <max>
4	13

[block]
# block no. 8 follows, 11 sequences, length 41
# corresponding to MSA columns:
# 428-468
name=unknown_I
#
# <colnr> <probs for GDERKNQSTAVLIFYWHMCP>
#	G	D	E	R	K	N	Q	S	T	A	V	L	I	F	Y	W	H	M	C	P
0	0.02590	0.09598	0.17221	0.16433	0.05173	0.02637	0.13042	0.03435	0.02488	0.07576	0.02585	0.03672	0.02083	0.01258	0.01151	0.00367	0.01507	0.05082	0.00631	0.01472
1	0.02635	0.01477	0.02234	0.02032	0.02455	0.01346	0.05769	0.02998	0.02557	0.18481	0.05288	0.33996	0.05431	0.02611	0.01343	0.00422	0.00890	0.05648	0.01105	0.01282
2	0.03079	0.02049	0.07788	0.01953	0.02627	0.01584	0.01729	0.03781	0.06443	0.23543	0.09125	0.12706	0.10664	0.02047	0.01243	0.00385	0.00917	0.05712	0.01142	0.01483
3	0.03267	0.06792	0.15677	0.09001	0.10330	0.02346	0.02645	0.06664	0.02886	0.19122	0.07454	0.03477	0.02770	0.01289	0.01105	0.00344	0.01230	0.01070	0.00877	0.01656
4	0.02574	0.07169	0.16152	0.02699	0.08448	0.02139	0.02305	0.03292	0.08463	0.07391	0.02509	0.03095	0.02022	0.02116	0.02206	0.23310	0.01199	0.00966	0.00653	0.01294
5	0.02791	0.11674	0.34387	0.02686	0.03979	0.02526	0.03152	0.03724	0.02502	0.12703	0.02762	0.07427	0.02188	0.01323	0.01068	0.00349	0.01390	0.01058	0.00693	0.01619
6	0.03955	0.02016	0.03131	0.02843	0.09527	0.01823	0.07011	0.04491	0.03069	0.34376	0.11483	0.04326	0.03766	0.01436	0.01182	0.00351	0.01043	0.01278	0.01171	0.01721
7	0.03301	0.08396	0.13521	0.14936	0.10902	0.02644	0.02775	0.09672	0.02939	0.16122	0.02662	0.02906	0.01882	0.01177	0.01078	0.00343	0.01318	0.00965	0.00797	0.01663
8	0.09143	0.07294	0.03309	0.08507	0.03427	0.02984	0.02187	0.06977	0.02423	0.13741	0.02246	0.02705	0.01753	0.01544	0.02171	0.00404	0.26049	0.00952	0.00742	0.01441
9	0.03132	0.07860	0.07440	0.02658	0.09430	0.02250	0.02034	0.07250	0.06602	0.14874	0.08313	0.03503	0.03015	0.01260	0.01043	0.00300	0.01031	0.01040	0.00909	0.16057
10	0.10892	0.21214	0.10834	0.02134	0.03127	0.02904	0.02077	0.07678	0.02824	0.21969	0.02752	0.02686	0.01937	0.01171	0.00946	0.00315	0.01145	0.00857	0.00882	0.01656
11	0.02830	0.47947	0.17504	0.02231	0.03361	0.04015	0.02458	0.03417	0.02308	0.02866	0.01673	0.01941	0.01440	0.00988	0.00805	0.00268	0.01313	0.00657	0.00480	0.01497
12	0.02768	0.01874	0.02960	0.36216	0.05785	0.02120	0.02581	0.03409	0.02531	0.15046	0.03172	0.04657	0.02553	0.01487	0.01192	0.00390	0.01303	0.07789	0.00791	0.01375
13	0.01700	0.01285	0.01442	0.01388	0.01624	0.01266	0.00956	0.02301	0.08522	0.03283	0.17779	0.08044	0.17185	0.24947	0.03017	0.00650	0.00804	0.01864	0.00965	0.00979
14	0.01565	0.01129	0.01479	0.01435	0.01675	0.01043	0.01060	0.02054	0.03056	0.04306	0.46944	0.14884	0.10219	0.02456	0.01341	0.00367	0.00546	0.02182	0.01214	0.01043
15	0.01558	0.01121	0.01483	0.01515	0.01730	0.01047	0.01127	0.02004	0.02873	0.03996	0.36803	0.21654	0.09440	0.02683	0.01376	0.00395	0.00608	0.06393	0.01172	0.01023
16	0.01366	0.01000	0.01285	0.01512	0.01618	0.00919	0.01020	0.01573	0.02208	0.02895	0.06873	0.53414	0.13308	0.03439	0.01423	0.00447	0.00642	0.03094	0.01045	0.00919
17	0.04406	0.02948	0.03251	0.02492	0.03388	0.03186	0.02059	0.42351	0.04949	0.14898	0.02990	0.02889	0.02059	0.01358	0.01127	0.00340	0.01192	0.01033	0.01170	0.01914
18	0.03118	0.56042	0.05651	0.02015	0.02943	0.09143	0.01949	0.03473	0.02369	0.02658	0.01581	0.01826	0.01445	0.00981	0.00749	0.00245	0.01279	0.00613	0.00490	0.01432
19	0.01639	0.01123	0.01429	0.01382	0.01630	0.01048	0.01025	0.02141	0.02992	0.04334	0.42550	0.12209	0.09355	0.02277	0.01267	0.00351	0.00540	0.02007	0.09654	0.01048
20	0.01957	0.01144	0.01693	0.01647	0.01673	0.01260	0.01170	0.01651	0.01534	0.02109	0.02048	0.03462	0.02022	0.04315	0.10979	0.52678	0.06525	0.01008	0.00504	0.00624
21	0.01371	0.00979	0.01306	0.01567	0.01632	0.00914	0.01045	0.01567	0.02155	0.02873	0.06203	0.59710	0.07444	0.03526	0.01437	0.00457	0.00653	0.03200	0.01045	0.00914
22	0.03009	0.61122	0.05898	0.01926	0.02889	0.04454	0.01926	0.03370	0.02287	0.02648	0.01565	0.01805	0.01444	0.00963	0.00722	0.00241	0.01204	0.00602	0.00481	0.01444
23	0.02560	0.17307	0.04651	0.19471	0.12810	0.02961	0.11966	0.03217	0.02402	0.03215	0.02119	0.02780	0.01701	0.01046	0.01030	0.00325	0.01388	0.00970	0.06661	0.01420
24	0.02950	0.03131	0.15439	0.02686	0.08008	0.02155	0.02361	0.09437	0.02858	0.10464	0.02414	0.02622	0.01792	0.01044	0.00992	0.00273	0.01150	0.00841	0.00761	0.28621
25	0.03149	0.03208	0.18792	0.09028	0.10382	0.02237	0.02744	0.07350	0.02820	0.16615	0.02901	0.03119	0.02044	0.01200	0.01066	0.00340	0.01250	0.00989	0.09128	0.01639
26	0.02473	0.01654	0.01902	0.01741	0.02199	0.01713	0.01334	0.03858	0.19569	0.10565	0.16752	0.10754	0.08597	0.01941	0.01181	0.00362	0.00722	0.01661	0.09627	0.01395
27	0.01537	0.01078	0.01396	0.01589	0.01680	0.01043	0.01118	0.01752	0.02115	0.02802	0.05459	0.35832	0.06361	0.18240	0.02579	0.00635	0.00851	0.12103	0.00949	0.00880
28	0.03092	0.26564	0.08839	0.09572	0.07349	0.03021	0.02263	0.03643	0.02584	0.13443	0.07043	0.03107	0.02598	0.01208	0.00974	0.00308	0.01182	0.00944	0.00744	0.01524
29	0.02906	0.02837	0.03342	0.37444	0.06177	0.12613	0.02768	0.11747	0.02982	0.03626	0.02081	0.02766	0.01567	0.01173	0.01105	0.00352	0.01551	0.00951	0.00630	0.01382
30	0.01371	0.00979	0.01306	0.01567	0.01632	0.00914	0.01045	0.01567	0.02155	0.02873	0.06203	0.59710	0.07444	0.03526	0.01437	0.00457	0.00653	0.03200	0.01045	0.00914
31	0.02615	0.02712	0.10085	0.23000	0.05207	0.02745	0.07180	0.03265	0.02248	0.08596	0.02135	0.02851	0.01644	0.01391	0.01927	0.00406	0.18983	0.01019	0.00599	0.01394
32	0.03098	0.02616	0.02847	0.07910	0.08859	0.09310	0.02063	0.04836	0.25116	0.10405	0.07774	0.03964	0.03346	0.01434	0.01137	0.00358	0.01121	0.01194	0.00987	0.01627
33	0.01498	0.01111	0.01406	0.01481	0.01706	0.01020	0.01099	0.01876	0.02682	0.03596	0.25265	0.25218	0.17372	0.02875	0.01387	0.00409	0.00632	0.07256	0.01119	0.00992
34	0.01516	0.01040	0.01263	0.01382	0.01412	0.01011	0.00847	0.01605	0.01872	0.02496	0.04754	0.31154	0.05615	0.34577	0.03778	0.00803	0.00892	0.02347	0.00847	0.00788
35	0.03143	0.04068	0.27212	0.02688	0.03829	0.07125	0.02914	0.04238	0.07194	0.16260	0.03202	0.03835	0.02422	0.01390	0.01132	0.00366	0.01391	0.05115	0.00828	0.01647
36	0.44176	0.01944	0.01709	0.01584	0.02148	0.02195	0.01251	0.03303	0.08351	0.04699	0.09058	0.09309	0.03391	0.01539	0.00915	0.00365	0.00806	0.01160	0.00861	0.01236
37	0.01592	0.01120	0.01457	0.01490	0.01575	0.01188	0.01002	0.01769	0.01767	0.02432	0.03681	0.12860	0.04032	0.33591	0.24195	0.01283	0.01763	0.01671	0.00698	0.00833
38	0.03776	0.25857	0.08511	0.02284	0.03237	0.08216	0.02124	0.13922	0.03229	0.14985	0.02494	0.02511	0.01838	0.01168	0.00955	0.00300	0.01272	0.00837	0.00828	0.01654
39	0.14922	0.08375	0.10445	0.02838	0.03859	0.02764	0.14056	0.10848	0.02968	0.14524	0.02556	0.02738	0.01811	0.01133	0.01059	0.00346	0.01334	0.00985	0.00822	0.01617
40	0.02438	0.01625	0.02316	0.02040	0.02468	0.01577	0.06525	0.08630	0.02861	0.10249	0.09113	0.29286	0.05382	0.02378	0.01276	0.00392	0.00880	0.02147	0.07157	0.01261

[dist]
# distance from previous block
# <min> <max>
0	4

[block]
# block no. 9 follows, 11 sequences, length 20
# corresponding to MSA columns:
# 473-492
name=unknown_J
#
# <colnr> <probs for GDERKNQSTAVLIFYWHMCP>
#	G	D	E	R	K	N	Q	S	T	A	V	L	I	F	Y	W	H	M	C	P
0	0.11252	0.17654	0.20431	0.02511	0.03690	0.02845	0.07181	0.03340	0.02313	0.03565	0.01872	0.02223	0.01480	0.00981	0.00914	0.00291	0.01303	0.00763	0.00554	0.14838
1	0.03234	0.07376	0.03816	0.08432	0.08860	0.02683	0.09159	0.10248	0.11768	0.12131	0.02961	0.03126	0.02178	0.01189	0.01096	0.00332	0.01221	0.01054	0.00872	0.08264
2	0.01891	0.01542	0.01833	0.01511	0.02127	0.01243	0.01161	0.02341	0.02594	0.03746	0.18223	0.10546	0.12075	0.01787	0.01101	0.00277	0.00693	0.01534	0.00919	0.32856
3	0.02334	0.02001	0.02334	0.01667	0.02667	0.01500	0.01334	0.02834	0.02334	0.03668	0.02001	0.02334	0.01667	0.00834	0.00834	0.00167	0.00834	0.00667	0.00667	0.67325
4	0.20807	0.02704	0.02776	0.02214	0.03035	0.02987	0.01818	0.29078	0.08435	0.11239	0.02762	0.02731	0.01965	0.01292	0.01017	0.00346	0.01082	0.00945	0.01044	0.01722
5	0.01597	0.01082	0.01415	0.01604	0.01763	0.01039	0.01197	0.01949	0.02394	0.03338	0.10653	0.35723	0.06938	0.03005	0.01368	0.00435	0.00716	0.13051	0.09756	0.00977
6	0.01615	0.01121	0.01304	0.01314	0.01409	0.01090	0.00844	0.01757	0.02015	0.02676	0.11060	0.08296	0.10049	0.42188	0.04357	0.00874	0.00960	0.05458	0.00822	0.00789
7	0.02051	0.01252	0.01651	0.01494	0.01839	0.01140	0.01140	0.02569	0.03191	0.11093	0.46422	0.07801	0.09583	0.02181	0.01302	0.00353	0.00588	0.01916	0.01259	0.01175
8	0.01440	0.01008	0.01286	0.01479	0.01528	0.00960	0.00951	0.01585	0.02021	0.02694	0.05516	0.46171	0.06577	0.18249	0.02547	0.00621	0.00766	0.02795	0.00951	0.00854
9	0.02227	0.01322	0.01793	0.01912	0.02233	0.01281	0.01615	0.02704	0.02609	0.10134	0.05553	0.15266	0.05723	0.02743	0.01410	0.00464	0.00937	0.31273	0.07658	0.01142
10	0.68395	0.02177	0.01654	0.01480	0.02177	0.02525	0.01219	0.03309	0.01915	0.05050	0.01567	0.01828	0.01219	0.01045	0.00697	0.00348	0.00871	0.00609	0.00697	0.01219
11	0.03763	0.28797	0.04295	0.02415	0.03180	0.29748	0.02028	0.04095	0.02808	0.06780	0.01879	0.02077	0.01553	0.01095	0.00900	0.00274	0.01594	0.00705	0.00602	0.01412
12	0.01637	0.01091	0.01228	0.01228	0.01228	0.01091	0.00682	0.01637	0.01637	0.02182	0.03546	0.07365	0.04092	0.60445	0.05729	0.01091	0.01091	0.01637	0.00682	0.00682
13	0.02588	0.02355	0.03569	0.02903	0.03445	0.02603	0.13531	0.10279	0.11286	0.03976	0.03501	0.16256	0.03330	0.01910	0.01754	0.00414	0.12386	0.01639	0.00849	0.01427
14	0.04066	0.03039	0.03378	0.08033	0.03911	0.03393	0.02237	0.45052	0.04992	0.06677	0.02633	0.02732	0.01873	0.01329	0.01126	0.00341	0.01264	0.01012	0.01064	0.01849
15	0.02088	0.02149	0.06869	0.13130	0.03922	0.01864	0.08967	0.02678	0.02295	0.03246	0.07399	0.04181	0.03003	0.11666	0.06215	0.00557	0.01373	0.01184	0.00659	0.16554
16	0.03589	0.06215	0.02789	0.01901	0.02840	0.01959	0.01574	0.08443	0.02952	0.22877	0.02953	0.02894	0.02095	0.01103	0.00966	0.00257	0.00946	0.00870	0.00971	0.31804
17	0.22389	0.01640	0.01726	0.01503	0.01980	0.01670	0.01125	0.03311	0.02236	0.17868	0.03225	0.04423	0.02757	0.20476	0.02464	0.00581	0.00933	0.01133	0.07338	0.01224
18	0.24680	0.02985	0.02691	0.15069	0.03988	0.15695	0.02028	0.07982	0.02753	0.09271	0.02113	0.02439	0.01568	0.01156	0.00959	0.00339	0.01346	0.00820	0.00734	0.01384
19	0.09877	0.01996	0.02580	0.14777	0.03854	0.01881	0.01825	0.03605	0.02509	0.17203	0.02611	0.02839	0.01882	0.01074	0.00967	0.00283	0.01026	0.00863	0.00826	0.27522

[dist]
# distance from previous block
# <min> <max>
1	46

[block]
# block no. 10 follows, 11 sequences, length 34
# corresponding to MSA columns:
# 547-580
name=unknown_K
#
# <colnr> <probs for GDERKNQSTAVLIFYWHMCP>
#	G	D	E	R	K	N	Q	S	T	A	V	L	I	F	Y	W	H	M	C	P
