[name]
unknown

[dist]
# distance from previous block
# <min> <max>
12	110

[block]
# block no. 0 follows, 11 sequences, length 24
# corresponding to MSA columns:
# 110-133
name=unknown_A
#
# <colnr> <probs for GDERKNQSTAVLIFYWHMCP>
#	G	D	E	R	K	N	Q	S	T	A	V	L	I	F	Y	W	H	M	C	P
0	0.07973	0.10983	0.08529	0.09030	0.20501	0.02752	0.02665	0.03444	0.02397	0.07799	0.02115	0.02577	0.01683	0.01109	0.01194	0.00325	0.05581	0.00877	0.00621	0.07845
1	0.09438	0.07125	0.07392	0.03136	0.10937	0.07367	0.06375	0.08098	0.02870	0.11381	0.02713	0.03496	0.02191	0.01273	0.01067	0.00332	0.01281	0.04749	0.00791	0.07989
2	0.02807	0.02755	0.07875	0.10563	0.03741	0.10165	0.06542	0.06597	0.02686	0.07874	0.03011	0.04521	0.02639	0.11270	0.01899	0.00477	0.01367	0.04932	0.06980	0.01299
3	0.02545	0.01777	0.02635	0.02248	0.02753	0.01735	0.08623	0.07077	0.07314	0.11667	0.11485	0.25282	0.05465	0.02264	0.01304	0.00397	0.00943	0.02069	0.01070	0.01346
4	0.03341	0.07717	0.03259	0.15815	0.08920	0.02337	0.02179	0.08135	0.02947	0.19082	0.06758	0.03452	0.02681	0.01266	0.01077	0.00326	0.01130	0.01054	0.00907	0.07616
5	0.14426	0.07047	0.02591	0.10078	0.06865	0.02270	0.01799	0.02903	0.06969	0.03500	0.03943	0.17407	0.07520	0.01932	0.01307	0.00386	0.05453	0.01579	0.00783	0.01244
6	0.24104	0.01619	0.01704	0.06366	0.02454	0.01791	0.01370	0.02837	0.06012	0.03991	0.03761	0.18444	0.03761	0.01961	0.01052	0.00384	0.00832	0.05571	0.10842	0.01144
7	0.02786	0.10481	0.03386	0.07344	0.03397	0.02539	0.06300	0.10602	0.02875	0.08212	0.03989	0.08239	0.09961	0.01645	0.01366	0.00347	0.06684	0.01331	0.00824	0.07694
8	0.02320	0.02429	0.08027	0.03934	0.23605	0.01976	0.02414	0.02943	0.02537	0.03709	0.09626	0.08633	0.03487	0.01380	0.01097	0.00307	0.01061	0.01247	0.00719	0.18549
9	0.01473	0.01087	0.01392	0.01542	0.01729	0.01006	0.01132	0.01797	0.02486	0.03287	0.15866	0.34547	0.15664	0.03116	0.01416	0.00434	0.00674	0.09305	0.01080	0.00967
10	0.03196	0.02449	0.02842	0.02334	0.02848	0.02825	0.01869	0.27781	0.03647	0.04981	0.02669	0.03612	0.02298	0.11417	0.10015	0.00686	0.11038	0.01130	0.00879	0.01484
11	0.02974	0.18228	0.17638	0.07730	0.03896	0.03008	0.02616	0.04060	0.09861	0.11375	0.02635	0.02802	0.01961	0.01230	0.01189	0.00341	0.05220	0.00914	0.00727	0.01596
12	0.58675	0.02325	0.01916	0.01648	0.02376	0.02671	0.01358	0.10337	0.02427	0.05360	0.01739	0.01961	0.01324	0.01091	0.00762	0.00347	0.00926	0.00671	0.00762	0.01324
13	0.03671	0.02557	0.02601	0.02088	0.02911	0.10044	0.01657	0.04607	0.11759	0.21731	0.03303	0.03163	0.02357	0.01209	0.01024	0.00289	0.01070	0.00952	0.01000	0.22006
14	0.03096	0.03381	0.21712	0.02872	0.03960	0.02110	0.11176	0.03902	0.02666	0.19632	0.03431	0.11072	0.02763	0.01498	0.01189	0.00372	0.01338	0.01353	0.00866	0.01611
15	0.04493	0.02809	0.03165	0.02426	0.03319	0.02980	0.02004	0.37384	0.04716	0.20193	0.03186	0.03016	0.02157	0.01363	0.01128	0.00341	0.01160	0.01046	0.01200	0.01914
16	0.02998	0.02168	0.03038	0.02451	0.03071	0.02298	0.08862	0.08410	0.14325	0.12783	0.11738	0.04356	0.03886	0.01554	0.01416	0.00367	0.06602	0.01313	0.06827	0.01538
17	0.01593	0.01150	0.01504	0.01416	0.01681	0.01062	0.01062	0.02124	0.03186	0.04513	0.52830	0.08407	0.10620	0.02301	0.01327	0.00354	0.00531	0.02035	0.01239	0.01062
18	0.01623	0.01136	0.01454	0.01445	0.01540	0.01197	0.00967	0.01811	0.01844	0.02552	0.08060	0.06453	0.04275	0.37027	0.22585	0.01268	0.01699	0.01527	0.00708	0.00829
19	0.02628	0.02114	0.07538	0.16490	0.03982	0.01926	0.02149	0.07133	0.02627	0.12830	0.03618	0.16175	0.03307	0.02771	0.08953	0.00586	0.01414	0.01539	0.00858	0.01362
20	0.47097	0.02277	0.02091	0.01744	0.02503	0.02512	0.01438	0.10735	0.02666	0.14343	0.02264	0.02327	0.01611	0.01155	0.00841	0.00347	0.00942	0.00766	0.00889	0.01452
21	0.02280	0.02197	0.03827	0.33870	0.10346	0.02462	0.11293	0.03229	0.06293	0.03381	0.07220	0.03610	0.02603	0.01229	0.01183	0.00371	0.01417	0.01183	0.00640	0.01368
22	0.01637	0.01092	0.01476	0.01588	0.01680	0.01108	0.01126	0.01758	0.01927	0.02590	0.04300	0.21582	0.04818	0.17825	0.12223	0.11792	0.01269	0.08593	0.00792	0.00823
23	0.18739	0.02226	0.02500	0.15105	0.03789	0.07315	0.01912	0.03730	0.02466	0.17611	0.02705	0.03075	0.01986	0.02293	0.09332	0.00570	0.01482	0.00949	0.00818	0.01396

[dist]
# distance from previous block
# <min> <max>
0	22

[block]
# block no. 1 follows, 11 sequences, length 30
# corresponding to MSA columns:
# 156-185
name=unknown_B
#
# <colnr> <probs for GDERKNQSTAVLIFYWHMCP>
#	G	D	E	R	K	N	Q	S	T	A	V	L	I	F	Y	W	H	M	C	P
0	0.32098	0.17877	0.08784	0.01939	0.02846	0.03041	0.01852	0.07968	0.02508	0.09186	0.02000	0.02158	0.01516	0.01089	0.00826	0.00320	0.01087	0.00720	0.00725	0.01459
1	0.02200	0.02565	0.09427	0.14568	0.08676	0.02246	0.19236	0.02954	0.02488	0.03397	0.06861	0.13727	0.03390	0.01578	0.01264	0.00385	0.01416	0.01584	0.00684	0.01353
2	0.04397	0.12267	0.03156	0.01953	0.02853	0.02126	0.01667	0.04827	0.02961	0.39685	0.03672	0.03314	0.02430	0.01257	0.01028	0.00310	0.00987	0.00989	0.01155	0.08968
3	0.01540	0.01148	0.01432	0.01361	0.01649	0.01040	0.01021	0.02022	0.03062	0.04219	0.44548	0.08892	0.19085	0.02411	0.01328	0.00359	0.00539	0.02103	0.01200	0.01040
4	0.05050	0.01915	0.02612	0.02003	0.02873	0.01654	0.01654	0.05485	0.03221	0.54203	0.04440	0.03831	0.02786	0.01393	0.01132	0.00348	0.00958	0.01132	0.01393	0.01915
5	0.01490	0.01146	0.01362	0.01308	0.01619	0.01018	0.00981	0.01925	0.02944	0.03939	0.36661	0.09354	0.27147	0.02515	0.01329	0.00364	0.00546	0.02168	0.01163	0.01018
6	0.02786	0.02674	0.04568	0.06908	0.53424	0.02674	0.03454	0.03454	0.02563	0.03677	0.02117	0.02786	0.01783	0.01003	0.01114	0.00334	0.01337	0.01003	0.00557	0.01783
7	0.02372	0.02225	0.03744	0.26291	0.29836	0.02414	0.03062	0.03021	0.02396	0.03275	0.02517	0.09080	0.02289	0.01326	0.01154	0.00364	0.01327	0.01241	0.00588	0.01479
8	0.02619	0.01735	0.02114	0.01668	0.02398	0.01397	0.01281	0.03008	0.02398	0.12756	0.03249	0.11801	0.03001	0.07604	0.01494	0.00341	0.00856	0.01237	0.00860	0.38180
9	0.02375	0.02232	0.03477	0.22755	0.22474	0.02508	0.02796	0.03257	0.07511	0.03358	0.03293	0.03857	0.07417	0.01386	0.01371	0.00372	0.06273	0.01178	0.00647	0.01462
10	0.01353	0.01053	0.01231	0.01373	0.01581	0.00931	0.00958	0.01589	0.02342	0.02949	0.08569	0.37469	0.28158	0.03219	0.01388	0.00422	0.00615	0.02825	0.01045	0.00931
11	0.02889	0.02134	0.03169	0.34056	0.05720	0.02447	0.02584	0.07876	0.02682	0.12300	0.02454	0.03024	0.01776	0.01238	0.01305	0.00360	0.05785	0.00998	0.00729	0.06474
12	0.03020	0.02907	0.07644	0.08227	0.03662	0.07306	0.02171	0.05246	0.32642	0.09059	0.03803	0.03674	0.02804	0.01396	0.01123	0.00367	0.01135	0.01140	0.00988	0.01686
13	0.03511	0.02709	0.03384	0.03593	0.16444	0.02922	0.02341	0.21002	0.18000	0.09319	0.03243	0.03258	0.02399	0.01315	0.01129	0.00351	0.01139	0.01097	0.01003	0.01840
14	0.03413	0.02362	0.08106	0.13268	0.03952	0.02081	0.02178	0.04527	0.11963	0.24505	0.08441	0.04027	0.03272	0.01419	0.01146	0.00361	0.01086	0.01188	0.01057	0.01648
15	0.02743	0.41513	0.23171	0.02380	0.03592	0.03801	0.02718	0.03439	0.02319	0.02973	0.01726	0.02008	0.01438	0.01001	0.00845	0.00282	0.01367	0.00683	0.00479	0.01522
16	0.01356	0.01039	0.01245	0.01410	0.01591	0.00927	0.00975	0.01585	0.02306	0.02935	0.08114	0.41745	0.24176	0.03278	0.01398	0.00429	0.00623	0.02897	0.01045	0.00927
17	0.02880	0.49705	0.10271	0.02156	0.03084	0.04173	0.02194	0.03319	0.02236	0.02742	0.01599	0.01929	0.01446	0.01079	0.01067	0.00278	0.07253	0.00664	0.00482	0.01443
18	0.02126	0.02001	0.03376	0.57739	0.07752	0.02501	0.03126	0.02876	0.02251	0.02876	0.02001	0.03001	0.01500	0.01125	0.01125	0.00375	0.01500	0.01000	0.00500	0.01250
19	0.01623	0.01144	0.01497	0.01497	0.01590	0.01238	0.01018	0.01810	0.01717	0.02382	0.03300	0.06001	0.03499	0.36333	0.29030	0.01424	0.01983	0.01437	0.00645	0.00832
20	0.02346	0.02280	0.03525	0.27384	0.09979	0.02957	0.02850	0.02855	0.02037	0.02876	0.01769	0.02730	0.01517	0.01505	0.02315	0.00426	0.27860	0.00993	0.00502	0.01293
21	0.09635	0.02060	0.02513	0.12101	0.03501	0.02206	0.01819	0.15275	0.03347	0.14825	0.10670	0.03943	0.03398	0.01431	0.01079	0.00342	0.01007	0.01157	0.08193	0.01499
22	0.02257	0.05822	0.54613	0.03208	0.04871	0.02614	0.04158	0.03564	0.02376	0.03564	0.02020	0.02376	0.01426	0.01069	0.01069	0.00356	0.01663	0.00832	0.00475	0.01663
23	0.01715	0.01078	0.01440	0.01591	0.01746	0.00993	0.01100	0.01964	0.02347	0.07538	0.10480	0.49926	0.07337	0.03222	0.01399	0.00438	0.00668	0.02907	0.01094	0.01016
24	0.10269	0.01910	0.02668	0.21937	0.04447	0.01992	0.02074	0.04006	0.02683	0.26470	0.03830	0.03894	0.06241	0.01379	0.01100	0.00361	0.01112	0.01131	0.00971	0.01525
25	0.01399	0.01067	0.01296	0.01463	0.01660	0.00964	0.01051	0.01658	0.02344	0.02981	0.08039	0.37717	0.23626	0.03245	0.01410	0.00435	0.00660	0.07004	0.01044	0.00939
26	0.01599	0.01143	0.01561	0.01783	0.01959	0.01106	0.01400	0.01979	0.02468	0.03280	0.11177	0.32506	0.07346	0.03201	0.01479	0.00474	0.00816	0.22674	0.01062	0.00986
27	0.03602	0.01814	0.02292	0.01958	0.02548	0.01734	0.01529	0.12329	0.03229	0.27224	0.04742	0.23434	0.04275	0.02142	0.01239	0.00385	0.00902	0.01843	0.01220	0.01560
28	0.03044	0.03723	0.18758	0.08509	0.04690	0.02955	0.11418	0.19110	0.08099	0.04791	0.02539	0.02842	0.01841	0.01191	0.01148	0.00359	0.01474	0.01042	0.00776	0.01691
29	0.01753	0.01077	0.01442	0.01612	0.01761	0.00991	0.01108	0.01974	0.02266	0.08200	0.06020	0.53911	0.06961	0.03305	0.01405	0.00446	0.00685	0.02985	0.01081	0.01018

[dist]
# distance from previous block
# <min> <max>
0	1

[block]
# block no. 2 follows, 11 sequences, length 26
# corresponding to MSA columns:
# 187-212
name=unknown_C
#
# <colnr> <probs for GDERKNQSTAVLIFYWHMCP>
#	G	D	E	R	K	N	Q	S	T	A	V	L	I	F	Y	W	H	M	C	P
0	0.02883	0.08799	0.10054	0.22701	0.10188	0.08106	0.06288	0.10885	0.02916	0.03742	0.02081	0.02650	0.01591	0.01118	0.01083	0.00342	0.01513	0.00941	0.00616	0.01503
1	0.02462	0.02462	0.03447	0.02955	0.02955	0.03447	0.02462	0.02709	0.01724	0.02709	0.01477	0.02462	0.01477	0.01970	0.03694	0.00492	0.58385	0.00985	0.00492	0.01231
2	0.02311	0.03169	0.18324	0.02138	0.03341	0.01841	0.02198	0.03057	0.02347	0.03636	0.02006	0.02347	0.01593	0.00906	0.00906	0.00225	0.01087	0.00717	0.00608	0.47242
3	0.04102	0.03824	0.03117	0.02668	0.03245	0.28778	0.02100	0.08756	0.03139	0.15291	0.02422	0.02596	0.01814	0.01377	0.01528	0.00344	0.11700	0.00895	0.00809	0.01494
4	0.01446	0.01145	0.01300	0.01261	0.01591	0.00999	0.00946	0.01839	0.02838	0.03687	0.29589	0.09768	0.34376	0.02609	0.01329	0.00369	0.00553	0.02226	0.01130	0.00999
5	0.01958	0.01157	0.01469	0.01444	0.01711	0.01076	0.01061	0.02387	0.02751	0.08744	0.26130	0.21191	0.07535	0.02361	0.01236	0.00364	0.00604	0.02080	0.13639	0.01101
6	0.08376	0.02207	0.02825	0.23872	0.04749	0.02420	0.02189	0.08081	0.11621	0.04008	0.02508	0.02932	0.01913	0.01146	0.01022	0.00321	0.01149	0.00939	0.00738	0.16986
7	0.01864	0.01152	0.01498	0.01537	0.01782	0.01045	0.01103	0.02187	0.02598	0.09437	0.18984	0.34522	0.12217	0.02878	0.01361	0.00409	0.00648	0.02561	0.01138	0.01076
8	0.01573	0.01044	0.01319	0.01426	0.01588	0.00984	0.01002	0.01931	0.02506	0.03616	0.19895	0.33871	0.07566	0.02745	0.01283	0.00390	0.00592	0.02449	0.13235	0.00984
9	0.57048	0.02130	0.01826	0.01574	0.02301	0.02369	0.01297	0.03698	0.02149	0.13855	0.02082	0.02187	0.01500	0.01107	0.00775	0.00348	0.00886	0.00703	0.00821	0.01344
10	0.05050	0.01915	0.02612	0.02003	0.02873	0.01654	0.01654	0.05485	0.03221	0.54203	0.04440	0.03831	0.02786	0.01393	0.01132	0.00348	0.00958	0.01132	0.01393	0.01915
11	0.02476	0.02245	0.03497	0.41265	0.11198	0.02722	0.02979	0.08485	0.02594	0.03439	0.02047	0.02895	0.01575	0.01218	0.01360	0.00377	0.06669	0.01001	0.00579	0.01379
12	0.04127	0.01774	0.02320	0.01897	0.02583	0.01609	0.01517	0.07718	0.03116	0.38098	0.04574	0.13692	0.03558	0.01763	0.01160	0.00361	0.00892	0.01484	0.06083	0.01674
13	0.02301	0.01605	0.02215	0.02452	0.08186	0.01668	0.01609	0.06911	0.02498	0.07818	0.04389	0.31898	0.04758	0.02727	0.01830	0.06994	0.05899	0.02130	0.00922	0.01189
14	0.02334	0.02001	0.02334	0.01667	0.02667	0.01500	0.01334	0.02834	0.02334	0.03668	0.02001	0.02334	0.01667	0.00834	0.00834	0.00167	0.00834	0.00667	0.00667	0.67325
15	0.02334	0.02001	0.02334	0.01667	0.02667	0.01500	0.01334	0.02834	0.02334	0.03668	0.02001	0.02334	0.01667	0.00834	0.00834	0.00167	0.00834	0.00667	0.00667	0.67325
16	0.09397	0.22957	0.18494	0.02509	0.03560	0.14341	0.02562	0.07897	0.02740	0.03566	0.01834	0.02098	0.01462	0.01077	0.00916	0.00303	0.01477	0.00731	0.00580	0.01499
17	0.01608	0.01206	0.01809	0.01809	0.02010	0.01407	0.01407	0.02010	0.01809	0.02613	0.03015	0.04422	0.02814	0.08441	0.55984	0.01809	0.03015	0.01206	0.00603	0.01005
18	0.02118	0.02327	0.13084	0.02284	0.02884	0.01615	0.06416	0.02666	0.02306	0.08086	0.04227	0.23518	0.04376	0.07986	0.07014	0.00610	0.01308	0.05111	0.00840	0.01223
19	0.01711	0.01102	0.01446	0.01610	0.01790	0.01015	0.01150	0.01966	0.02323	0.07149	0.06536	0.45939	0.11348	0.03246	0.01413	0.00447	0.00707	0.07018	0.01073	0.01011
20	0.01580	0.01122	0.01428	0.01392	0.01583	0.01054	0.00981	0.01969	0.02764	0.03870	0.38064	0.13185	0.08956	0.14485	0.02251	0.00517	0.00659	0.02066	0.01105	0.00969
21	0.01539	0.01077	0.01383	0.01516	0.01591	0.01074	0.01024	0.01716	0.01961	0.02631	0.04814	0.29366	0.05559	0.25227	0.09534	0.00859	0.01132	0.06291	0.00857	0.00850
22	0.02766	0.02658	0.09089	0.02260	0.03332	0.01965	0.06352	0.07717	0.02727	0.08126	0.02297	0.02564	0.01758	0.00968	0.00961	0.00241	0.01083	0.00821	0.00738	0.41576
23	0.01558	0.01024	0.01368	0.01501	0.01554	0.01011	0.00992	0.01606	0.01886	0.02534	0.04552	0.33007	0.05278	0.15887	0.08188	0.13132	0.01034	0.02268	0.00823	0.00796
24	0.03150	0.02602	0.12264	0.02644	0.03518	0.01911	0.10858	0.03861	0.02752	0.20401	0.03851	0.05301	0.03121	0.01602	0.01211	0.00382	0.01230	0.10386	0.07427	0.01530
25	0.03463	0.10766	0.21764	0.02622	0.03698	0.06507	0.02731	0.08499	0.02882	0.17568	0.02631	0.02721	0.01854	0.01253	0.01262	0.00345	0.06055	0.00909	0.00799	0.01670

[dist]
# distance from previous block
# <min> <max>
3	4

[block]
# block no. 3 follows, 11 sequences, length 32
# corresponding to MSA columns:
# 217-248
name=unknown_D
#
# <colnr> <probs for GDERKNQSTAVLIFYWHMCP>
#	G	D	E	R	K	N	Q	S	T	A	V	L	I	F	Y	W	H	M	C	P
0	0.03194	0.07024	0.03355	0.17248	0.04262	0.02818	0.02327	0.07922	0.06753	0.14976	0.02667	0.03031	0.01981	0.01439	0.01740	0.00385	0.15534	0.01018	0.00809	0.01516
1	0.09309	0.03109	0.12457	0.08106	0.04453	0.02792	0.15330	0.06975	0.05970	0.07705	0.02369	0.02832	0.01775	0.01257	0.01533	0.00385	0.10383	0.01051	0.00691	0.01520
2	0.03175	0.02373	0.10292	0.08153	0.09450	0.01830	0.02236	0.03766	0.02739	0.22882	0.07778	0.13197	0.03757	0.01705	0.01187	0.00369	0.01075	0.01481	0.00997	0.01559
3	0.01575	0.01190	0.01475	0.01561	0.01790	0.01140	0.01144	0.02137	0.06416	0.03527	0.19403	0.30128	0.14817	0.02901	0.01378	0.00417	0.00659	0.06201	0.01104	0.01038
4	0.02159	0.02016	0.02865	0.02548	0.02619	0.02722	0.02087	0.02460	0.01754	0.02675	0.02024	0.03159	0.01952	0.04270	0.22279	0.00960	0.38705	0.01064	0.00532	0.01151
5	0.02736	0.08375	0.25700	0.08024	0.04142	0.02561	0.02901	0.10232	0.02982	0.08354	0.10005	0.03480	0.03018	0.01322	0.01100	0.00345	0.01317	0.01065	0.00768	0.01572
6	0.03291	0.03272	0.10249	0.11307	0.04742	0.10611	0.15163	0.03978	0.02693	0.14751	0.02546	0.02930	0.01829	0.01208	0.01374	0.00365	0.06375	0.01055	0.00730	0.01530
7	0.44736	0.02103	0.02186	0.15133	0.03608	0.02414	0.01732	0.03467	0.02154	0.10461	0.02019	0.02353	0.01476	0.01106	0.00853	0.00355	0.01033	0.00767	0.00733	0.01311
8	0.01955	0.00978	0.01466	0.01466	0.01466	0.00978	0.00978	0.01466	0.01466	0.01955	0.01955	0.03421	0.01955	0.03910	0.04399	0.67253	0.00978	0.00978	0.00489	0.00489
9	0.02418	0.01933	0.02886	0.35026	0.05595	0.02256	0.02458	0.03508	0.10598	0.08029	0.10367	0.04095	0.03321	0.01394	0.01160	0.00371	0.01204	0.01214	0.00799	0.01369
10	0.02334	0.02001	0.02334	0.01667	0.02667	0.01500	0.01334	0.02834	0.02334	0.03668	0.02001	0.02334	0.01667	0.00834	0.00834	0.00167	0.00834	0.00667	0.00667	0.67325
11	0.07938	0.02911	0.02796	0.06570	0.03421	0.10868	0.01958	0.13008	0.25312	0.08266	0.03403	0.03323	0.02518	0.01367	0.01088	0.00355	0.01175	0.01067	0.00994	0.01663
12	0.01933	0.01091	0.01527	0.01547	0.01607	0.01112	0.01051	0.01838	0.05510	0.02312	0.02808	0.12034	0.02906	0.03664	0.03692	0.51830	0.00921	0.01338	0.00625	0.00655
13	0.18428	0.09387	0.03503	0.11637	0.03982	0.02596	0.09644	0.03393	0.06082	0.03816	0.02090	0.02521	0.01648	0.01022	0.00942	0.00306	0.01180	0.00858	0.00645	0.16321
14	0.13557	0.02321	0.07809	0.06200	0.03399	0.01945	0.05576	0.04158	0.02697	0.27923	0.03635	0.10011	0.02800	0.01512	0.01111	0.00367	0.01089	0.01278	0.01026	0.01585
15	0.02324	0.01278	0.01663	0.01574	0.01934	0.01143	0.01174	0.02692	0.02782	0.15802	0.20887	0.24375	0.12804	0.02549	0.01316	0.00389	0.00679	0.02239	0.01189	0.01206
16	0.01412	0.00996	0.01294	0.01516	0.01571	0.00941	0.00990	0.01578	0.02076	0.02768	0.05800	0.51758	0.06935	0.12173	0.02089	0.00553	0.00720	0.02962	0.00990	0.00879
17	0.07928	0.06331	0.03513	0.18877	0.19857	0.02545	0.02573	0.06822	0.02679	0.08680	0.03110	0.03521	0.06335	0.01268	0.01080	0.00346	0.01223	0.01080	0.00716	0.01517
18	0.01443	0.01054	0.01358	0.01473	0.01638	0.00968	0.01032	0.01762	0.02548	0.03451	0.22668	0.37335	0.13024	0.03040	0.01389	0.00414	0.00603	0.02720	0.01111	0.00968
19	0.14951	0.01821	0.02080	0.01764	0.02380	0.01811	0.01402	0.09347	0.02933	0.23681	0.03909	0.12819	0.03207	0.01674	0.01054	0.00352	0.00859	0.01362	0.11100	0.01493
20	0.02777	0.01794	0.02940	0.23924	0.04688	0.01900	0.06328	0.03212	0.02395	0.15446	0.03127	0.10122	0.02623	0.01888	0.01680	0.10538	0.01221	0.01324	0.00790	0.01282
21	0.02760	0.03855	0.22255	0.03961	0.05248	0.02651	0.29552	0.03777	0.02619	0.08585	0.02405	0.02894	0.01720	0.01033	0.01222	0.00369	0.01727	0.01143	0.00619	0.01606
22	0.01793	0.01400	0.01663	0.01630	0.01942	0.01417	0.01205	0.02831	0.14002	0.04022	0.26493	0.20292	0.11976	0.02473	0.01313	0.00388	0.00648	0.02177	0.01152	0.01182
23	0.04539	0.01906	0.02477	0.01960	0.02753	0.01744	0.01599	0.05313	0.08970	0.44175	0.04395	0.03905	0.02873	0.01403	0.01106	0.00345	0.00915	0.01142	0.06652	0.01829
24	0.04140	0.15215	0.03748	0.02821	0.10651	0.02706	0.02062	0.11501	0.03234	0.27975	0.03189	0.03054	0.02205	0.01233	0.01038	0.00321	0.01112	0.00978	0.01025	0.01792
25	0.24839	0.01997	0.02313	0.01839	0.02656	0.01926	0.01518	0.04805	0.02813	0.38847	0.03543	0.03205	0.02297	0.01284	0.00996	0.00348	0.00931	0.00969	0.01175	0.01698
26	0.01487	0.01064	0.01427	0.01619	0.01755	0.01005	0.01173	0.01801	0.02428	0.03276	0.15337	0.42002	0.07912	0.03218	0.01434	0.00447	0.00691	0.09879	0.01082	0.00963
27	0.03573	0.02251	0.06981	0.10749	0.03860	0.01955	0.05720	0.04358	0.06736	0.28267	0.03935	0.10307	0.03015	0.01561	0.01179	0.00371	0.01127	0.01365	0.01059	0.01632
28	0.02615	0.01732	0.02468	0.02189	0.02478	0.02063	0.01772	0.02979	0.02094	0.13964	0.02874	0.03714	0.02414	0.04986	0.28527	0.01100	0.18889	0.01125	0.00744	0.01271
29	0.01474	0.01072	0.01396	0.01520	0.01691	0.00994	0.01091	0.01813	0.02563	0.03472	0.22226	0.35412	0.11898	0.03034	0.01400	0.00421	0.00633	0.05805	0.01109	0.00975
30	0.02512	0.02495	0.03618	0.03556	0.10622	0.03330	0.02613	0.02822	0.01851	0.02856	0.01575	0.02512	0.01524	0.01823	0.03302	0.00468	0.49719	0.00988	0.00502	0.01315
31	0.08686	0.12700	0.11054	0.06861	0.03543	0.02555	0.02186	0.04503	0.08568	0.23590	0.03170	0.03083	0.02199	0.01237	0.01020	0.00337	0.01138	0.00961	0.00939	0.01670

[dist]
# distance from previous block
# <min> <max>
0	1

[block]
# block no. 4 follows, 11 sequences, length 19
# corresponding to MSA columns:
# 250-268
name=unknown_E
#
# <colnr> <probs for GDERKNQSTAVLIFYWHMCP>
#	G	D	E	R	K	N	Q	S	T	A	V	L	I	F	Y	W	H	M	C	P
0	0.03459	0.02228	0.03436	0.12305	0.09176	0.02318	0.07329	0.07961	0.02961	0.21619	0.07105	0.03642	0.02791	0.01387	0.01416	0.00368	0.06778	0.01168	0.00943	0.01609
1	0.54894	0.08016	0.02609	0.01877	0.02648	0.02748	0.06505	0.03347	0.02032	0.04659	0.01644	0.01957	0.01294	0.01026	0.00768	0.00341	0.01014	0.00687	0.00662	0.01273
2	0.01591	0.01145	0.01430	0.01371	0.01650	0.01070	0.01032	0.02070	0.02904	0.04087	0.37864	0.08156	0.16514	0.02804	0.05648	0.00467	0.00735	0.01946	0.06478	0.01038
3	0.01551	0.01118	0.01467	0.01445	0.01672	0.01034	0.01059	0.02017	0.02989	0.04200	0.43909	0.18223	0.10012	0.02535	0.01348	0.00374	0.00554	0.02258	0.01202	0.01034
4	0.02462	0.02462	0.03447	0.02955	0.02955	0.03447	0.02462	0.02709	0.01724	0.02709	0.01477	0.02462	0.01477	0.01970	0.03694	0.00492	0.58385	0.00985	0.00492	0.01231
5	0.02126	0.02001	0.03376	0.57739	0.07752	0.02501	0.03126	0.02876	0.02251	0.02876	0.02001	0.03001	0.01500	0.01125	0.01125	0.00375	0.01500	0.01000	0.00500	0.01250
6	0.03009	0.61122	0.05898	0.01926	0.02889	0.04454	0.01926	0.03370	0.02287	0.02648	0.01565	0.01805	0.01444	0.00963	0.00722	0.00241	0.01204	0.00602	0.00481	0.01444
7	0.01455	0.01129	0.01324	0.01310	0.01605	0.00998	0.00969	0.01843	0.02808	0.03698	0.29851	0.14660	0.28973	0.02667	0.01340	0.00376	0.00561	0.02303	0.01134	0.00998
8	0.02786	0.02674	0.04568	0.06908	0.53424	0.02674	0.03454	0.03454	0.02563	0.03677	0.02117	0.02786	0.01783	0.01003	0.01114	0.00334	0.01337	0.01003	0.00557	0.01783
9	0.02534	0.02119	0.02441	0.01762	0.02752	0.01705	0.01416	0.07642	0.02638	0.04019	0.02073	0.02372	0.01692	0.00887	0.00864	0.00184	0.00875	0.00702	0.00714	0.60610
10	0.04843	0.02247	0.02817	0.02160	0.03038	0.02146	0.01784	0.17313	0.03776	0.41593	0.03975	0.03529	0.02553	0.01382	0.01130	0.00345	0.01033	0.01100	0.01322	0.01915
11	0.04204	0.05364	0.03190	0.02900	0.03480	0.55926	0.02175	0.04494	0.03190	0.02755	0.01740	0.02030	0.01450	0.01160	0.01015	0.00290	0.02030	0.00725	0.00580	0.01305
12	0.01460	0.01084	0.01362	0.01422	0.01633	0.00985	0.01017	0.01818	0.02680	0.03618	0.27458	0.28331	0.17258	0.02868	0.01369	0.00398	0.00585	0.02540	0.01129	0.00985
13	0.01371	0.00979	0.01306	0.01567	0.01632	0.00914	0.01045	0.01567	0.02155	0.02873	0.06203	0.59710	0.07444	0.03526	0.01437	0.00457	0.00653	0.03200	0.01045	0.00914
14	0.01470	0.01020	0.01354	0.01566	0.01667	0.00957	0.01090	0.01627	0.02152	0.02831	0.06143	0.45523	0.10456	0.03476	0.01759	0.07698	0.00715	0.06631	0.00984	0.00882
15	0.13696	0.22628	0.03278	0.01869	0.02463	0.07137	0.01578	0.03255	0.07282	0.03311	0.02969	0.09510	0.02959	0.07952	0.01475	0.00416	0.01100	0.05142	0.00723	0.01257
16	0.08753	0.14740	0.17851	0.07269	0.03872	0.08489	0.02557	0.04027	0.02610	0.16027	0.02469	0.02603	0.01762	0.01143	0.00987	0.00326	0.01359	0.00848	0.00738	0.01573
17	0.03174	0.18933	0.09314	0.02769	0.08178	0.02809	0.05928	0.07463	0.02854	0.12943	0.06877	0.03128	0.02605	0.01193	0.01016	0.00304	0.01185	0.00985	0.00798	0.07545
18	0.15979	0.01527	0.01917	0.10621	0.02842	0.01625	0.01490	0.02305	0.01936	0.03136	0.02620	0.08803	0.02589	0.02441	0.02213	0.23693	0.01001	0.05006	0.00651	0.07605

[dist]
# distance from previous block
# <min> <max>
0	22

[block]
# block no. 5 follows, 11 sequences, length 16
# corresponding to MSA columns:
# 316-331
name=unknown_F
#
# <colnr> <probs for GDERKNQSTAVLIFYWHMCP>
#	G	D	E	R	K	N	Q	S	T	A	V	L	I	F	Y	W	H	M	C	P
0	0.03000	0.02313	0.02719	0.19205	0.04263	0.08047	0.02099	0.04153	0.13833	0.13670	0.11100	0.04187	0.03634	0.01459	0.01151	0.00359	0.01160	0.01222	0.00949	0.01478
1	0.03684	0.01690	0.02240	0.01785	0.02484	0.01455	0.01436	0.04156	0.03111	0.33280	0.19041	0.05070	0.05069	0.01610	0.01159	0.00330	0.00813	0.01358	0.01265	0.08966
2	0.02262	0.02179	0.03913	0.21726	0.17814	0.02286	0.12084	0.02946	0.02501	0.03402	0.07923	0.09863	0.03242	0.01451	0.01220	0.00372	0.01341	0.01422	0.00668	0.01384
3	0.01357	0.01036	0.01248	0.01418	0.01593	0.00927	0.00979	0.01584	0.02298	0.02932	0.08020	0.42632	0.23350	0.03290	0.01399	0.00430	0.00624	0.02912	0.01045	0.00927
4	0.09616	0.02260	0.02696	0.02121	0.02958	0.02248	0.01739	0.14974	0.08865	0.34655	0.03852	0.03469	0.02545	0.01371	0.01098	0.00350	0.01005	0.01080	0.01253	0.01846
5	0.03009	0.61122	0.05898	0.01926	0.02889	0.04454	0.01926	0.03370	0.02287	0.02648	0.01565	0.01805	0.01444	0.00963	0.00722	0.00241	0.01204	0.00602	0.00481	0.01444
6	0.01593	0.01073	0.01240	0.01284	0.01294	0.01062	0.00742	0.01625	0.01722	0.02296	0.03984	0.15985	0.04644	0.51072	0.05022	0.00987	0.01019	0.01894	0.00742	0.00720
7	0.68395	0.02177	0.01654	0.01480	0.02177	0.02525	0.01219	0.03309	0.01915	0.05050	0.01567	0.01828	0.01219	0.01045	0.00697	0.00348	0.00871	0.00609	0.00697	0.01219
8	0.01371	0.00979	0.01306	0.01567	0.01632	0.00914	0.01045	0.01567	0.02155	0.02873	0.06203	0.59710	0.07444	0.03526	0.01437	0.00457	0.00653	0.03200	0.01045	0.00914
9	0.04806	0.02307	0.02854	0.02188	0.03068	0.02235	0.01808	0.19465	0.03877	0.39298	0.03890	0.03474	0.02510	0.01380	0.01130	0.00345	0.01047	0.01094	0.01309	0.01915
10	0.02825	0.03306	0.23913	0.02324	0.03339	0.01872	0.02514	0.03653	0.02859	0.17856	0.18306	0.04632	0.04628	0.01537	0.01166	0.00353	0.01120	0.01285	0.00964	0.01548
11	0.02488	0.06674	0.07820	0.22025	0.04941	0.02305	0.07133	0.03165	0.02355	0.07507	0.02318	0.02963	0.01797	0.01862	0.07088	0.00480	0.01525	0.00960	0.00623	0.13968
12	0.02788	0.02869	0.18259	0.08335	0.03650	0.01844	0.02399	0.03521	0.02741	0.17614	0.13598	0.09879	0.04315	0.01667	0.01183	0.00366	0.01115	0.01421	0.00947	0.01488
13	0.16881	0.03090	0.12848	0.02534	0.03514	0.02590	0.06947	0.11081	0.10679	0.14480	0.02933	0.02951	0.02068	0.01230	0.01051	0.00357	0.01200	0.00991	0.00912	0.01662
14	0.02723	0.14097	0.26350	0.02432	0.03535	0.02454	0.02711	0.03518	0.02552	0.12227	0.07158	0.09451	0.03122	0.01486	0.01081	0.00345	0.01249	0.01210	0.00765	0.01533
15	0.02071	0.12287	0.02313	0.01662	0.01997	0.01663	0.01272	0.02357	0.02396	0.08181	0.10085	0.37879	0.06193	0.02705	0.01261	0.00395	0.00773	0.02385	0.00996	0.01129

[dist]
# distance from previous block
# <min> <max>
1	28

[block]
# block no. 6 follows, 11 sequences, length 32
# corresponding to MSA columns:
# 362-393
name=unknown_G
#
# <colnr> <probs for GDERKNQSTAVLIFYWHMCP>
#	G	D	E	R	K	N	Q	S	T	A	V	L	I	F	Y	W	H	M	C	P
0	0.02908	0.02132	0.06859	0.02171	0.02783	0.01848	0.06582	0.07234	0.07156	0.14120	0.07258	0.04280	0.03196	0.08136	0.02170	0.11505	0.01081	0.01226	0.06020	0.01335
1	0.13779	0.02019	0.02256	0.06145	0.02843	0.02125	0.01577	0.15543	0.03374	0.11020	0.14085	0.05200	0.12058	0.01725	0.01130	0.00354	0.00912	0.01389	0.01048	0.01419
2	0.08633	0.02059	0.02468	0.02016	0.02688	0.06018	0.05128	0.03690	0.02824	0.21647	0.10402	0.09289	0.08974	0.01702	0.01145	0.00342	0.00981	0.01442	0.01054	0.07496
3	0.19131	0.02241	0.02432	0.14553	0.03682	0.07772	0.01841	0.03701	0.02674	0.16851	0.10894	0.03718	0.03264	0.01373	0.01044	0.00349	0.01104	0.01081	0.00908	0.01388
4	0.09514	0.09724	0.11755	0.02455	0.03391	0.08596	0.02272	0.17403	0.11223	0.08880	0.02708	0.02736	0.01988	0.01247	0.01026	0.00334	0.01275	0.00923	0.00878	0.01673
5	0.10029	0.02591	0.02980	0.13905	0.03946	0.07286	0.02223	0.08096	0.11675	0.07773	0.02538	0.02922	0.01959	0.01444	0.01707	0.00390	0.15311	0.00994	0.00773	0.01458
6	0.40244	0.02544	0.02210	0.01861	0.02606	0.08120	0.01512	0.08223	0.02679	0.16933	0.02388	0.02417	0.01688	0.01170	0.00876	0.00341	0.01050	0.00786	0.00893	0.01461
7	0.03614	0.02115	0.03268	0.08288	0.21087	0.02040	0.02430	0.04168	0.02832	0.25915	0.03606	0.04480	0.02779	0.01444	0.01177	0.00366	0.01146	0.06558	0.00981	0.01707
8	0.02334	0.02001	0.02334	0.01667	0.02667	0.01500	0.01334	0.02834	0.02334	0.03668	0.02001	0.02334	0.01667	0.00834	0.00834	0.00167	0.00834	0.00667	0.00667	0.67325
9	0.03879	0.02954	0.03153	0.02509	0.03338	0.03304	0.02043	0.37869	0.17744	0.06449	0.03210	0.03107	0.02325	0.01399	0.01131	0.00350	0.01145	0.01083	0.01131	0.01878
10	0.68395	0.02177	0.01654	0.01480	0.02177	0.02525	0.01219	0.03309	0.01915	0.05050	0.01567	0.01828	0.01219	0.01045	0.00697	0.00348	0.00871	0.00609	0.00697	0.01219
11	0.68395	0.02177	0.01654	0.01480	0.02177	0.02525	0.01219	0.03309	0.01915	0.05050	0.01567	0.01828	0.01219	0.01045	0.00697	0.00348	0.00871	0.00609	0.00697	0.01219
12	0.01637	0.01091	0.01228	0.01228	0.01228	0.01091	0.00682	0.01637	0.01637	0.02182	0.03546	0.07365	0.04092	0.60445	0.05729	0.01091	0.01091	0.01637	0.00682	0.00682
13	0.02387	0.02479	0.04551	0.03530	0.04071	0.02797	0.22989	0.02973	0.02152	0.03087	0.02121	0.03085	0.01831	0.02738	0.12505	0.00691	0.22971	0.01178	0.00547	0.01315
14	0.02656	0.02542	0.04334	0.16907	0.44439	0.02640	0.03390	0.03340	0.02501	0.03519	0.02094	0.02828	0.01727	0.01027	0.01116	0.00342	0.01369	0.01002	0.00546	0.01678
15	0.02468	0.02920	0.09508	0.21278	0.10252	0.02705	0.27406	0.03363	0.02499	0.03381	0.02156	0.02949	0.01626	0.01018	0.01226	0.00373	0.01709	0.01158	0.00539	0.01469
16	0.02392	0.02389	0.03843	0.07732	0.03829	0.02992	0.11274	0.02845	0.02050	0.02972	0.02221	0.03870	0.02136	0.01847	0.02772	0.00465	0.35983	0.06551	0.00574	0.01263
17	0.01739	0.01244	0.01721	0.01938	0.02177	0.01226	0.01639	0.02225	0.02617	0.03456	0.11732	0.17204	0.07089	0.03055	0.01514	0.00492	0.00933	0.35910	0.01062	0.01026
18	0.01566	0.01130	0.01480	0.01435	0.01675	0.01044	0.01060	0.02056	0.03060	0.04312	0.47113	0.14697	0.10231	0.02451	0.01341	0.00367	0.00546	0.02178	0.01215	0.01044
19	0.68395	0.02177	0.01654	0.01480	0.02177	0.02525	0.01219	0.03309	0.01915	0.05050	0.01567	0.01828	0.01219	0.01045	0.00697	0.00348	0.00871	0.00609	0.00697	0.01219
20	0.03180	0.02607	0.02759	0.02368	0.03072	0.02977	0.01874	0.17227	0.39524	0.05322	0.04097	0.03814	0.03044	0.01482	0.01140	0.00370	0.00980	0.01206	0.01140	0.01816
21	0.01445	0.01032	0.01390	0.01651	0.01748	0.00977	0.01172	0.01694	0.02227	0.02955	0.06163	0.51926	0.07284	0.03457	0.01456	0.00467	0.00716	0.10261	0.01043	0.00934
22	0.02883	0.03940	0.31404	0.02603	0.03782	0.02067	0.02950	0.03765	0.02573	0.17457	0.03382	0.12271	0.02798	0.01566	0.01147	0.00371	0.01301	0.01307	0.00823	0.01609
23	0.01608	0.01206	0.01809	0.01809	0.02010	0.01407	0.01407	0.02010	0.01809	0.02613	0.03015	0.04422	0.02814	0.08441	0.55984	0.01809	0.03015	0.01206	0.00603	0.01005
24	0.01762	0.01279	0.01742	0.01973	0.02245	0.01259	0.01711	0.02255	0.02588	0.03333	0.06542	0.12496	0.11455	0.03082	0.01531	0.00503	0.00986	0.41193	0.01037	0.01027
25	0.11535	0.02195	0.02668	0.02067	0.02926	0.02120	0.01707	0.14258	0.03506	0.39452	0.03785	0.03391	0.02444	0.01348	0.01085	0.00346	0.01006	0.01053	0.01266	0.01842
26	0.02334	0.02001	0.02334	0.01667	0.02667	0.01500	0.01334	0.02834	0.02334	0.03668	0.02001	0.02334	0.01667	0.00834	0.00834	0.00167	0.00834	0.00667	0.00667	0.67325
27	0.02257	0.05822	0.54613	0.03208	0.04871	0.02614	0.04158	0.03564	0.02376	0.03564	0.02020	0.02376	0.01426	0.01069	0.01069	0.00356	0.01663	0.00832	0.00475	0.01663
28	0.01551	0.01118	0.01467	0.01444	0.01672	0.01034	0.01059	0.02019	0.02992	0.04204	0.44041	0.18078	0.10021	0.02532	0.01348	0.00373	0.00554	0.02255	0.01202	0.01034
29	0.01371	0.00979	0.01306	0.01567	0.01632	0.00914	0.01045	0.01567	0.02155	0.02873	0.06203	0.59710	0.07444	0.03526	0.01437	0.00457	0.00653	0.03200	0.01045	0.00914
30	0.01603	0.01145	0.01572	0.01832	0.01999	0.01114	0.01447	0.01968	0.02383	0.03132	0.06076	0.35092	0.06938	0.03308	0.01498	0.00489	0.00854	0.25532	0.01040	0.00978
31	0.13158	0.02112	0.03238	0.42210	0.12430	0.02526	0.02851	0.03018	0.02233	0.03333	0.01943	0.02781	0.01488	0.01097	0.01053	0.00366	0.01376	0.00936	0.00540	0.01310

[dist]
# distance from previous block
# <min> <max>
0	1

[block]
# block no. 7 follows, 11 sequences, length 17
# corresponding to MSA columns:
# 395-411
name=unknown_H
#
# <colnr> <probs for GDERKNQSTAVLIFYWHMCP>
#	G	D	E	R	K	N	Q	S	T	A	V	L	I	F	Y	W	H	M	C	P
0	0.02991	0.02418	0.07951	0.24016	0.05123	0.02260	0.06432	0.07524	0.02892	0.15600	0.08506	0.03738	0.02897	0.01323	0.01162	0.00362	0.01287	0.01163	0.00852	0.01502
1	0.01941	0.01549	0.01894	0.01534	0.02144	0.01268	0.01190	0.02457	0.02786	0.04116	0.28971	0.05557	0.06417	0.01612	0.01096	0.00266	0.00673	0.01393	0.00970	0.32166
2	0.08799	0.02469	0.02780	0.02172	0.02979	0.02558	0.01774	0.19237	0.07852	0.11481	0.02708	0.02792	0.02004	0.01258	0.01232	0.00310	0.05911	0.00921	0.00946	0.19816
3	0.17047	0.02713	0.02752	0.02263	0.03036	0.03067	0.01833	0.25937	0.19529	0.05898	0.03076	0.03007	0.02263	0.01345	0.01043	0.00354	0.01050	0.01014	0.01043	0.01728
4	0.01789	0.01384	0.01870	0.06589	0.02412	0.01416	0.01335	0.02142	0.01984	0.02832	0.06066	0.04951	0.03327	0.19678	0.24671	0.01109	0.01831	0.01258	0.00666	0.12689
5	0.14814	0.09625	0.02846	0.01866	0.02736	0.02140	0.01579	0.04530	0.02778	0.33297	0.03299	0.03058	0.02219	0.01212	0.00971	0.00312	0.00960	0.00921	0.01072	0.09765
6	0.04599	0.02638	0.03060	0.02346	0.03234	0.02727	0.01938	0.31309	0.04431	0.26671	0.03425	0.03171	0.02276	0.01369	0.01128	0.00342	0.01122	0.01063	0.01237	0.01915
7	0.03009	0.61122	0.05898	0.01926	0.02889	0.04454	0.01926	0.03370	0.02287	0.02648	0.01565	0.01805	0.01444	0.00963	0.00722	0.00241	0.01204	0.00602	0.00481	0.01444
8	0.02016	0.01248	0.01614	0.01467	0.01821	0.01128	0.01120	0.02512	0.03134	0.10804	0.42776	0.08038	0.13487	0.02234	0.01302	0.00356	0.00590	0.01950	0.01241	0.01162
9	0.01613	0.01187	0.01712	0.01712	0.01879	0.01354	0.01286	0.01947	0.01780	0.02541	0.03104	0.04914	0.03028	0.17140	0.47578	0.01689	0.02693	0.01278	0.00616	0.00951
10	0.04961	0.02058	0.02700	0.02070	0.02944	0.01865	0.01710	0.10568	0.03460	0.48784	0.04240	0.03701	0.02686	0.01388	0.01131	0.00347	0.00990	0.01118	0.01362	0.01915
11	0.01863	0.01294	0.01621	0.01630	0.01791	0.01341	0.01133	0.07182	0.02267	0.03060	0.04231	0.25903	0.04717	0.18457	0.11669	0.06775	0.01246	0.02030	0.00841	0.00948
12	0.31377	0.02024	0.02214	0.01785	0.02584	0.02016	0.01473	0.04581	0.02679	0.33774	0.03246	0.02999	0.02135	0.01248	0.00951	0.00348	0.00922	0.00915	0.01104	0.01626
13	0.01494	0.01147	0.01368	0.01313	0.01621	0.01020	0.00984	0.01933	0.02953	0.03961	0.37299	0.09316	0.26495	0.02507	0.01329	0.00364	0.00546	0.02163	0.01166	0.01020
14	0.02370	0.01977	0.02212	0.02057	0.02540	0.02238	0.01579	0.04601	0.34679	0.04250	0.10442	0.09689	0.04594	0.02694	0.08285	0.00570	0.01100	0.01529	0.01078	0.01516
15	0.02076	0.01380	0.01590	0.01486	0.01871	0.01301	0.01104	0.02739	0.08608	0.10006	0.15566	0.12291	0.23663	0.09085	0.01796	0.00460	0.00719	0.02002	0.01094	0.01163
16	0.03691	0.03677	0.02492	0.02248	0.02770	0.33195	0.01704	0.04068	0.02951	0.09488	0.02637	0.02885	0.02034	0.01233	0.00962	0.00289	0.01457	0.00870	0.20044	0.01305

[dist]
# distance from previous block
# <min> <max>
0	3

[block]
# block no. 8 follows, 11 sequences, length 47
# corresponding to MSA columns:
# 415-443,475-492
name=unknown_I
#
# <colnr> <probs for GDERKNQSTAVLIFYWHMCP>
#	G	D	E	R	K	N	Q	S	T	A	V	L	I	F	Y	W	H	M	C	P
0	0.02196	0.05356	0.49353	0.03013	0.04512	0.02464	0.03816	0.03374	0.02303	0.03428	0.02170	0.02868	0.01688	0.06920	0.01528	0.00429	0.01607	0.00911	0.00496	0.01567
1	0.01837	0.01173	0.01486	0.01511	0.01762	0.01075	0.01102	0.02156	0.02553	0.08262	0.17680	0.25381	0.14640	0.08494	0.01796	0.00477	0.00714	0.05774	0.01089	0.01039
2	0.04777	0.01835	0.02468	0.01914	0.02729	0.01598	0.01574	0.05221	0.03142	0.49586	0.04369	0.03865	0.02795	0.01386	0.01100	0.00340	0.00918	0.01124	0.07422	0.01835
3	0.03234	0.02476	0.02673	0.02306	0.03004	0.02789	0.01821	0.12296	0.39983	0.09878	0.04294	0.03945	0.03151	0.01488	0.01141	0.00372	0.00948	0.01221	0.01167	0.01814
4	0.52883	0.02127	0.01994	0.09723	0.03053	0.02441	0.01537	0.03447	0.02085	0.09280	0.01896	0.02184	0.01405	0.01089	0.00799	0.00352	0.00970	0.00715	0.00732	0.01288
5	0.02267	0.01940	0.02411	0.02102	0.02633	0.02074	0.05259	0.04151	0.27453	0.04424	0.21176	0.06042	0.09593	0.01845	0.01236	0.00372	0.00825	0.01620	0.01123	0.01453
6	0.02583	0.02028	0.09523	0.01864	0.02482	0.01460	0.01688	0.03143	0.02813	0.17317	0.20591	0.10190	0.09474	0.02616	0.06571	0.00505	0.01066	0.01656	0.01077	0.01353
7	0.02334	0.02001	0.02334	0.01667	0.02667	0.01500	0.01334	0.02834	0.02334	0.03668	0.02001	0.02334	0.01667	0.00834	0.00834	0.00167	0.00834	0.00667	0.00667	0.67325
8	0.01622	0.01148	0.01515	0.01515	0.01614	0.01247	0.01040	0.01821	0.01722	0.02395	0.03283	0.05910	0.03460	0.34728	0.30581	0.01446	0.02042	0.01424	0.00643	0.00842
9	0.04462	0.02858	0.03196	0.02450	0.03344	0.03053	0.02024	0.39155	0.04799	0.18305	0.03116	0.02971	0.02122	0.01361	0.01127	0.00340	0.01172	0.01042	0.01190	0.01914
10	0.03009	0.61122	0.05898	0.01926	0.02889	0.04454	0.01926	0.03370	0.02287	0.02648	0.01565	0.01805	0.01444	0.00963	0.00722	0.00241	0.01204	0.00602	0.00481	0.01444
11	0.02112	0.01522	0.02205	0.29217	0.04511	0.01770	0.01949	0.02748	0.02306	0.03540	0.02841	0.03602	0.02197	0.01219	0.00955	0.00318	0.01009	0.01025	0.33804	0.01149
12	0.03100	0.03004	0.15146	0.02335	0.03258	0.02294	0.02244	0.04862	0.22734	0.16781	0.04551	0.04275	0.07362	0.01504	0.01140	0.00367	0.01067	0.01231	0.01035	0.01710
13	0.02353	0.02233	0.03787	0.40197	0.23514	0.02561	0.03239	0.03075	0.02358	0.03152	0.02041	0.02927	0.01598	0.01083	0.01121	0.00361	0.01444	0.01001	0.00520	0.01434
14	0.03603	0.33417	0.04552	0.02410	0.03182	0.30029	0.02049	0.03929	0.02735	0.02701	0.01652	0.01917	0.01447	0.01061	0.00868	0.00265	0.01614	0.00663	0.00530	0.01375
15	0.02907	0.03271	0.02352	0.02162	0.02586	0.28666	0.01622	0.03317	0.03188	0.03629	0.27125	0.05199	0.06006	0.01727	0.01170	0.00322	0.01285	0.01376	0.00907	0.01184
16	0.03683	0.01958	0.02472	0.01834	0.02770	0.01577	0.01493	0.04151	0.02775	0.28777	0.03213	0.03078	0.02223	0.01112	0.00982	0.00257	0.00895	0.00898	0.01028	0.34825
17	0.01750	0.08038	0.14957	0.02009	0.02557	0.01680	0.01902	0.02238	0.02223	0.03022	0.04715	0.39868	0.05369	0.02668	0.01276	0.00411	0.00957	0.02360	0.00849	0.01151
18	0.03831	0.01650	0.02194	0.01773	0.02446	0.01439	0.01430	0.04276	0.03149	0.36911	0.17104	0.05647	0.09615	0.01760	0.01200	0.00353	0.00814	0.01477	0.01321	0.01610
19	0.02462	0.02462	0.03447	0.02955	0.02955	0.03447	0.02462	0.02709	0.01724	0.02709	0.01477	0.02462	0.01477	0.01970	0.03694	0.00492	0.58385	0.00985	0.00492	0.01231
20	0.02800	0.02418	0.02545	0.02291	0.02927	0.02800	0.01782	0.05981	0.51390	0.04708	0.04581	0.04199	0.03436	0.01527	0.01145	0.00382	0.00891	0.01273	0.01145	0.01782
21	0.01620	0.01134	0.01373	0.01313	0.01599	0.01040	0.00985	0.02106	0.02955	0.04205	0.38284	0.08226	0.17043	0.02255	0.01249	0.00345	0.00537	0.01952	0.10738	0.01040
22	0.01479	0.01057	0.01430	0.01691	0.01803	0.01007	0.01233	0.01754	0.02261	0.02994	0.06144	0.48230	0.07208	0.03424	0.01465	0.00472	0.00747	0.13614	0.01043	0.00944
23	0.02631	0.33299	0.30408	0.02571	0.03886	0.03528	0.03049	0.03468	0.02332	0.03109	0.01794	0.02093	0.01435	0.01016	0.00897	0.00299	0.01435	0.00717	0.00478	0.01555
24	0.02247	0.01402	0.01930	0.01977	0.02244	0.01434	0.01593	0.02617	0.02461	0.11289	0.05361	0.26098	0.05724	0.02863	0.01655	0.00468	0.06482	0.19955	0.01043	0.01155
25	0.36537	0.02662	0.02511	0.02031	0.02829	0.03005	0.01676	0.26345	0.03593	0.06065	0.02131	0.02263	0.01564	0.01197	0.00910	0.00343	0.01053	0.00810	0.00910	0.01564
26	0.01608	0.01206	0.01809	0.01809	0.02010	0.01407	0.01407	0.02010	0.01809	0.02613	0.03015	0.04422	0.02814	0.08441	0.55984	0.01809	0.03015	0.01206	0.00603	0.01005
27	0.36501	0.03760	0.02417	0.02185	0.02824	0.29058	0.01694	0.03898	0.02549	0.03909	0.01653	0.01928	0.01334	0.01102	0.00855	0.00319	0.01447	0.00667	0.00639	0.01262
28	0.02301	0.11954	0.21739	0.30458	0.06032	0.02825	0.03314	0.03190	0.02300	0.03084	0.01944	0.02607	0.01466	0.01082	0.01047	0.00349	0.01514	0.00883	0.00489	0.01424
29	0.12589	0.02539	0.04736	0.03501	0.04441	0.02423	0.29514	0.03764	0.02618	0.13416	0.02888	0.07370	0.02284	0.01246	0.01207	0.00375	0.01473	0.01330	0.00782	0.01504
30	0.02631	0.33299	0.30408	0.02571	0.03886	0.03528	0.03049	0.03468	0.02332	0.03109	0.01794	0.02093	0.01435	0.01016	0.00897	0.00299	0.01435	0.00717	0.00478	0.01555
31	0.01371	0.00979	0.01306	0.01567	0.01632	0.00914	0.01045	0.01567	0.02155	0.02873	0.06203	0.59710	0.07444	0.03526	0.01437	0.00457	0.00653	0.03200	0.01045	0.00914
32	0.05050	0.01915	0.02612	0.02003	0.02873	0.01654	0.01654	0.05485	0.03221	0.54203	0.04440	0.03831	0.02786	0.01393	0.01132	0.00348	0.00958	0.01132	0.01393	0.01915
33	0.03569	0.01896	0.02726	0.02969	0.14566	0.01724	0.01892	0.04041	0.02945	0.29052	0.09035	0.05199	0.12119	0.01633	0.01179	0.00351	0.00945	0.01396	0.01120	0.01643
34	0.05050	0.01915	0.02612	0.02003	0.02873	0.01654	0.01654	0.05485	0.03221	0.54203	0.04440	0.03831	0.02786	0.01393	0.01132	0.00348	0.00958	0.01132	0.01393	0.01915
