[name]
unknown

[dist]
# distance from previous block
# <min> <max>
0	114

[block]
# block no. 0 follows, 13 sequences, length 59
# corresponding to MSA columns:
# 203-261
name=unknown_A
#
# <colnr> <probs for GDERKNQSTAVLIFYWHMCP>
#	G	D	E	R	K	N	Q	S	T	A	V	L	I	F	Y	W	H	M	C	P
0	0.03620	0.02172	0.02796	0.02266	0.02987	0.02208	0.05237	0.18989	0.08819	0.23195	0.03798	0.04710	0.02966	0.01561	0.01145	0.00357	0.01047	0.09415	0.01097	0.01617
1	0.02930	0.03293	0.03894	0.03118	0.03824	0.22038	0.20697	0.03831	0.09646	0.03269	0.02594	0.03398	0.02138	0.01204	0.01102	0.00329	0.01551	0.04475	0.05344	0.01326
2	0.01997	0.01879	0.03171	0.60301	0.07282	0.02349	0.02936	0.02701	0.02114	0.02701	0.01879	0.02819	0.01409	0.01057	0.01057	0.00352	0.01409	0.00940	0.00470	0.01175
3	0.02172	0.09664	0.53616	0.02926	0.04441	0.02580	0.03755	0.03335	0.02226	0.03286	0.01867	0.02193	0.01341	0.00997	0.00981	0.00327	0.01531	0.00766	0.00447	0.01548
4	0.02452	0.02752	0.17348	0.02125	0.02898	0.01927	0.02097	0.13654	0.02904	0.08632	0.04546	0.16174	0.10784	0.01926	0.01158	0.00363	0.01038	0.04989	0.00878	0.01357
5	0.02888	0.02004	0.02973	0.12816	0.09021	0.02359	0.02214	0.03306	0.02185	0.17757	0.02445	0.02964	0.01882	0.02044	0.07362	0.00508	0.22198	0.00987	0.00715	0.01372
6	0.01613	0.01336	0.01831	0.01880	0.01941	0.01554	0.01420	0.01838	0.01951	0.02700	0.04571	0.40754	0.05349	0.02869	0.01950	0.00444	0.17410	0.06800	0.00836	0.00952
7	0.01887	0.01420	0.02009	0.21985	0.03675	0.01490	0.01719	0.02331	0.02327	0.07944	0.06039	0.12546	0.22238	0.02069	0.01194	0.00372	0.00923	0.05918	0.00833	0.01081
8	0.02480	0.03315	0.18892	0.05171	0.37532	0.02506	0.03301	0.03467	0.06581	0.03504	0.02152	0.02618	0.01708	0.00999	0.01037	0.00323	0.01307	0.00918	0.00547	0.01643
9	0.02212	0.02299	0.04494	0.36227	0.06525	0.02489	0.24262	0.02997	0.02279	0.02997	0.01991	0.02833	0.01493	0.00986	0.01139	0.00354	0.01570	0.01072	0.00498	0.01283
10	0.02121	0.05469	0.57364	0.03014	0.04576	0.02455	0.03906	0.03348	0.02232	0.03348	0.01897	0.02232	0.01339	0.01005	0.01005	0.00335	0.01563	0.00781	0.00446	0.01563
11	0.02547	0.06922	0.11384	0.21415	0.04811	0.02521	0.09171	0.07125	0.02453	0.08325	0.02365	0.06433	0.01920	0.01272	0.01282	0.00351	0.06631	0.01074	0.00633	0.01365
12	0.08827	0.41500	0.04424	0.01875	0.02718	0.03584	0.01741	0.08700	0.07122	0.07716	0.02053	0.02140	0.01654	0.01029	0.00782	0.00264	0.01063	0.00703	0.00658	0.01449
13	0.70310	0.02045	0.01554	0.01390	0.02045	0.02372	0.01145	0.03108	0.01799	0.04744	0.01472	0.01718	0.01145	0.00981	0.00654	0.00327	0.00818	0.00573	0.00654	0.01145
14	0.02326	0.22344	0.42289	0.02663	0.04034	0.02958	0.03296	0.03295	0.02208	0.03098	0.01773	0.02076	0.01344	0.00975	0.00910	0.00303	0.01437	0.00718	0.00448	0.01503
15	0.01299	0.00979	0.01203	0.01346	0.01509	0.00883	0.00934	0.01539	0.02232	0.02903	0.12374	0.42085	0.20847	0.03017	0.01311	0.00399	0.00580	0.02677	0.01001	0.00883
16	0.02949	0.02324	0.03797	0.03579	0.14953	0.02299	0.15403	0.10161	0.07367	0.12537	0.10295	0.03690	0.03137	0.01246	0.01135	0.00334	0.01183	0.01203	0.00860	0.01548
17	0.02487	0.01234	0.01639	0.01480	0.01734	0.01192	0.01049	0.02559	0.01941	0.17335	0.03184	0.04834	0.02916	0.25644	0.11512	0.15068	0.01226	0.01220	0.00778	0.00968
18	0.02079	0.02648	0.15352	0.19197	0.11813	0.02177	0.02699	0.02792	0.02241	0.03212	0.07026	0.03802	0.02633	0.01358	0.01315	0.00354	0.07431	0.04466	0.06117	0.01288
19	0.01506	0.01115	0.01599	0.01570	0.01780	0.01208	0.01208	0.01926	0.02152	0.03079	0.21321	0.05463	0.05208	0.05912	0.38572	0.01221	0.02016	0.01405	0.00775	0.00963
20	0.01367	0.01076	0.01234	0.01194	0.01500	0.00943	0.00896	0.01745	0.02688	0.03515	0.32134	0.09091	0.33983	0.02432	0.01248	0.00345	0.00518	0.02079	0.01069	0.00943
21	0.02213	0.08018	0.07317	0.03131	0.17384	0.02213	0.02057	0.03305	0.15004	0.03340	0.04002	0.11770	0.08478	0.05498	0.01353	0.00383	0.00991	0.01401	0.00762	0.01380
22	0.03950	0.05039	0.02996	0.02724	0.03269	0.58597	0.02043	0.04222	0.02996	0.02588	0.01634	0.01907	0.01362	0.01090	0.00953	0.00272	0.01907	0.00681	0.00545	0.01226
23	0.03147	0.46825	0.04815	0.02070	0.02872	0.19690	0.01876	0.03467	0.02390	0.02516	0.01517	0.01756	0.01358	0.00957	0.00757	0.00239	0.01352	0.00598	0.00479	0.01319
24	0.50786	0.14375	0.02472	0.01599	0.02292	0.08058	0.01360	0.03225	0.01981	0.04097	0.01487	0.01731	0.01207	0.00977	0.00687	0.00302	0.00982	0.00581	0.00604	0.01194
25	0.03181	0.14772	0.07284	0.02484	0.06726	0.06919	0.02026	0.16490	0.12284	0.08795	0.06427	0.03032	0.02544	0.01239	0.00988	0.00306	0.01119	0.00965	0.00852	0.01565
26	0.02245	0.02987	0.21320	0.02016	0.03061	0.01699	0.02131	0.02939	0.02323	0.08384	0.03639	0.03728	0.11021	0.01240	0.00968	0.00270	0.01024	0.01001	0.00690	0.27313
27	0.02550	0.03177	0.13840	0.07558	0.04677	0.07655	0.27077	0.03323	0.02455	0.06588	0.02544	0.08874	0.02147	0.01220	0.01163	0.00350	0.01552	0.01262	0.00611	0.01377
28	0.03457	0.03804	0.03105	0.02685	0.03118	0.31029	0.02120	0.12877	0.02944	0.03345	0.01729	0.02152	0.01452	0.01359	0.01751	0.00340	0.19997	0.00808	0.00616	0.01313
29	0.21552	0.02236	0.02099	0.01908	0.02426	0.07481	0.01524	0.16530	0.02935	0.04429	0.03271	0.15379	0.03251	0.01826	0.01055	0.00364	0.01001	0.08613	0.00869	0.01252
30	0.01744	0.01785	0.06093	0.21979	0.07701	0.01673	0.02083	0.02293	0.02300	0.02935	0.05550	0.06872	0.20771	0.01925	0.01189	0.00374	0.01035	0.09855	0.00735	0.01106
31	0.01593	0.01078	0.01548	0.01599	0.01672	0.01176	0.01151	0.01635	0.01705	0.02353	0.03444	0.23540	0.03789	0.04600	0.18257	0.22087	0.05632	0.01691	0.00668	0.00780
32	0.01288	0.00920	0.01227	0.01472	0.01534	0.00859	0.00981	0.01472	0.02024	0.02699	0.05828	0.62152	0.06993	0.03312	0.01350	0.00429	0.00613	0.03006	0.00981	0.00859
33	0.01479	0.01173	0.01340	0.01282	0.01607	0.01084	0.00966	0.02077	0.06908	0.03639	0.31490	0.08590	0.29833	0.02332	0.01234	0.00346	0.00543	0.01996	0.01076	0.01006
34	0.47148	0.02229	0.01963	0.01686	0.02320	0.06316	0.01377	0.03573	0.02127	0.15262	0.02037	0.02163	0.01483	0.01118	0.00959	0.00333	0.05144	0.00707	0.00769	0.01287
35	0.01288	0.00920	0.01227	0.01472	0.01534	0.00859	0.00981	0.01472	0.02024	0.02699	0.05828	0.62152	0.06993	0.03312	0.01350	0.00429	0.00613	0.03006	0.00981	0.00859
36	0.02617	0.02512	0.04292	0.06490	0.56246	0.02512	0.03245	0.03245	0.02407	0.03454	0.01989	0.02617	0.01675	0.00942	0.01047	0.00314	0.01256	0.00942	0.00523	0.01675
37	0.03950	0.05039	0.02996	0.02724	0.03269	0.58597	0.02043	0.04222	0.02996	0.02588	0.01634	0.01907	0.01362	0.01090	0.00953	0.00272	0.01907	0.00681	0.00545	0.01226
38	0.01318	0.01074	0.01166	0.01143	0.01470	0.00922	0.00857	0.01650	0.02572	0.03241	0.23216	0.09542	0.43073	0.02534	0.01249	0.00350	0.00525	0.02143	0.01032	0.00922
39	0.01538	0.01025	0.01153	0.01153	0.01153	0.01025	0.00641	0.01538	0.01538	0.02050	0.03331	0.06919	0.03844	0.62842	0.05382	0.01025	0.01025	0.01538	0.00641	0.00641
40	0.04019	0.02962	0.03173	0.02433	0.03279	0.03279	0.02010	0.52721	0.04971	0.06663	0.02538	0.02538	0.01798	0.01269	0.01058	0.00317	0.01163	0.00952	0.01058	0.01798
41	0.02617	0.02512	0.04292	0.06490	0.56246	0.02512	0.03245	0.03245	0.02407	0.03454	0.01989	0.02617	0.01675	0.00942	0.01047	0.00314	0.01256	0.00942	0.00523	0.01675
42	0.02350	0.02333	0.04778	0.03491	0.04332	0.02204	0.38042	0.03130	0.02418	0.03541	0.02503	0.03155	0.01912	0.00986	0.01106	0.00326	0.01424	0.01175	0.19489	0.01304
43	0.01288	0.00920	0.01227	0.01472	0.01534	0.00859	0.00981	0.01472	0.02024	0.02699	0.05828	0.62152	0.06993	0.03312	0.01350	0.00429	0.00613	0.03006	0.00981	0.00859
44	0.02192	0.01879	0.02192	0.01566	0.02506	0.01409	0.01253	0.02662	0.02192	0.03445	0.01879	0.02192	0.01566	0.00783	0.00783	0.00157	0.00783	0.00626	0.00626	0.69305
45	0.03950	0.05039	0.02996	0.02724	0.03269	0.58597	0.02043	0.04222	0.02996	0.02588	0.01634	0.01907	0.01362	0.01090	0.00953	0.00272	0.01907	0.00681	0.00545	0.01226
46	0.01704	0.01217	0.01704	0.01947	0.02191	0.01217	0.01704	0.02191	0.02434	0.03164	0.05598	0.11926	0.06085	0.02921	0.01460	0.00487	0.00974	0.49130	0.00974	0.00974
47	0.02192	0.01879	0.02192	0.01566	0.02506	0.01409	0.01253	0.02662	0.02192	0.03445	0.01879	0.02192	0.01566	0.00783	0.00783	0.00157	0.00783	0.00626	0.00626	0.69305
48	0.02617	0.02512	0.04292	0.06490	0.56246	0.02512	0.03245	0.03245	0.02407	0.03454	0.01989	0.02617	0.01675	0.00942	0.01047	0.00314	0.01256	0.00942	0.00523	0.01675
49	0.02121	0.05469	0.57364	0.03014	0.04576	0.02455	0.03906	0.03348	0.02232	0.03348	0.01897	0.02232	0.01339	0.01005	0.01005	0.00335	0.01563	0.00781	0.00446	0.01563
50	0.01510	0.01133	0.01699	0.01699	0.01888	0.01322	0.01322	0.01888	0.01699	0.02454	0.02832	0.04154	0.02643	0.07930	0.58652	0.01699	0.02832	0.01133	0.00566	0.00944
51	0.01250	0.01071	0.01071	0.01071	0.01428	0.00893	0.00803	0.01517	0.02410	0.02856	0.10711	0.10175	0.55817	0.02678	0.01250	0.00357	0.00536	0.02231	0.00982	0.00893
52	0.02043	0.01249	0.01505	0.01380	0.01719	0.01217	0.01055	0.02791	0.08144	0.09183	0.32123	0.06069	0.06722	0.01768	0.01082	0.00313	0.00570	0.01521	0.18406	0.01141
53	0.01997	0.01879	0.03171	0.60301	0.07282	0.02349	0.02936	0.02701	0.02114	0.02701	0.01879	0.02819	0.01409	0.01057	0.01057	0.00352	0.01409	0.00940	0.00470	0.01175
54	0.01288	0.00920	0.01227	0.01472	0.01534	0.00859	0.00981	0.01472	0.02024	0.02699	0.05828	0.62152	0.06993	0.03312	0.01350	0.00429	0.00613	0.03006	0.00981	0.00859
55	0.01457	0.01066	0.01367	0.01319	0.01562	0.00976	0.00979	0.01908	0.02859	0.03986	0.47452	0.12713	0.13797	0.02305	0.01256	0.00343	0.00512	0.02033	0.01132	0.00976
56	0.01794	0.01253	0.01493	0.01473	0.01617	0.01295	0.01021	0.06981	0.02081	0.02782	0.03765	0.12181	0.04148	0.37872	0.08327	0.00874	0.01140	0.08295	0.00757	0.00853
57	0.02565	0.46894	0.14123	0.01969	0.02919	0.03551	0.02089	0.03076	0.02251	0.02820	0.07190	0.02435	0.02251	0.01053	0.00794	0.00256	0.01140	0.00743	0.00525	0.01355
58	0.02260	0.01942	0.02778	0.33733	0.05122	0.02132	0.02248	0.09372	0.02608	0.03556	0.07571	0.03175	0.02388	0.01142	0.01018	0.00304	0.01147	0.00975	0.00655	0.15874

[dist]
# distance from previous block
# <min> <max>
4	11

[block]
# block no. 1 follows, 13 sequences, length 15
# corresponding to MSA columns:
# 273-287
name=unknown_B
#
# <colnr> <probs for GDERKNQSTAVLIFYWHMCP>
#	G	D	E	R	K	N	Q	S	T	A	V	L	I	F	Y	W	H	M	C	P
0	0.20836	0.04080	0.02646	0.02357	0.02958	0.39046	0.01811	0.08541	0.02879	0.03523	0.01679	0.01919	0.01348	0.01079	0.00887	0.00291	0.01559	0.00679	0.00621	0.01260
1	0.36686	0.11063	0.02558	0.01827	0.02509	0.10532	0.01508	0.07713	0.09750	0.04245	0.01985	0.02125	0.01555	0.01074	0.00792	0.00309	0.01043	0.00706	0.00704	0.01315
2	0.03166	0.02645	0.03121	0.02529	0.03235	0.09187	0.09718	0.11477	0.22403	0.11373	0.07068	0.03565	0.02947	0.01319	0.01096	0.00336	0.01145	0.01141	0.00961	0.01567
3	0.01461	0.01079	0.01365	0.01293	0.01558	0.00983	0.00970	0.01927	0.02910	0.04043	0.49289	0.08222	0.16499	0.02235	0.01247	0.00336	0.00504	0.01958	0.01138	0.00983
4	0.01253	0.01057	0.01086	0.01110	0.01438	0.00889	0.00820	0.01513	0.02373	0.02841	0.10240	0.15183	0.51113	0.02739	0.01259	0.00364	0.00543	0.02306	0.00982	0.00889
5	0.60981	0.02010	0.01682	0.01460	0.02138	0.02256	0.01203	0.03399	0.01974	0.12176	0.01856	0.01985	0.01355	0.01028	0.00713	0.00327	0.00830	0.00642	0.00747	0.01238
6	0.70310	0.02045	0.01554	0.01390	0.02045	0.02372	0.01145	0.03108	0.01799	0.04744	0.01472	0.01718	0.01145	0.00981	0.00654	0.00327	0.00818	0.00573	0.00654	0.01145
7	0.01250	0.01071	0.01071	0.01071	0.01428	0.00893	0.00803	0.01517	0.02410	0.02856	0.10711	0.10175	0.55817	0.02678	0.01250	0.00357	0.00536	0.02231	0.00982	0.00893
8	0.02630	0.02271	0.02391	0.02152	0.02749	0.02630	0.01674	0.05618	0.54336	0.04423	0.04303	0.03945	0.03228	0.01434	0.01076	0.00359	0.00837	0.01195	0.01076	0.01674
9	0.01510	0.01133	0.01699	0.01699	0.01888	0.01322	0.01322	0.01888	0.01699	0.02454	0.02832	0.04154	0.02643	0.07930	0.58652	0.01699	0.02832	0.01133	0.00566	0.00944
10	0.01997	0.01879	0.03171	0.60301	0.07282	0.02349	0.02936	0.02701	0.02114	0.02701	0.01879	0.02819	0.01409	0.01057	0.01057	0.00352	0.01409	0.00940	0.00470	0.01175
11	0.02912	0.02029	0.02366	0.01800	0.02654	0.01807	0.01447	0.08346	0.10852	0.13921	0.02754	0.02765	0.02047	0.01030	0.00908	0.00236	0.00849	0.00829	0.00866	0.39582
12	0.01538	0.01025	0.01153	0.01153	0.01153	0.01025	0.00641	0.01538	0.01538	0.02050	0.03331	0.06919	0.03844	0.62842	0.05382	0.01025	0.01025	0.01538	0.00641	0.00641
13	0.02172	0.01871	0.02474	0.02043	0.02394	0.02089	0.01637	0.02354	0.01784	0.02738	0.01661	0.02449	0.01545	0.01819	0.02601	0.14193	0.26407	0.00812	0.00523	0.26433
14	0.13215	0.08475	0.09789	0.14459	0.10335	0.02575	0.05713	0.10000	0.02541	0.03781	0.02277	0.08035	0.01984	0.01243	0.00990	0.00332	0.01204	0.01045	0.00637	0.01370

[dist]
# distance from previous block
# <min> <max>
0	3

[block]
# block no. 2 follows, 13 sequences, length 130
# corresponding to MSA columns:
# 293-422
name=unknown_C
#
# <colnr> <probs for GDERKNQSTAVLIFYWHMCP>
#	G	D	E	R	K	N	Q	S	T	A	V	L	I	F	Y	W	H	M	C	P
0	0.02863	0.02680	0.05620	0.04036	0.05064	0.02491	0.44098	0.03675	0.02582	0.12143	0.02471	0.02974	0.01770	0.00959	0.01218	0.00352	0.01638	0.01218	0.00661	0.01487
1	0.08591	0.02555	0.02849	0.30687	0.05017	0.14273	0.02304	0.03583	0.02472	0.14380	0.02280	0.02698	0.01634	0.01111	0.01003	0.00328	0.01360	0.00880	0.00679	0.01316
2	0.01521	0.01058	0.01346	0.01469	0.01571	0.01037	0.01051	0.01740	0.02016	0.02683	0.08369	0.21952	0.05694	0.26891	0.02984	0.00677	0.00872	0.15402	0.00856	0.00814
3	0.58173	0.01938	0.01606	0.01411	0.02052	0.02180	0.01157	0.03275	0.01961	0.10201	0.01908	0.02086	0.01420	0.01035	0.00704	0.00321	0.00802	0.00656	0.05913	0.01202
4	0.02121	0.05469	0.57364	0.03014	0.04576	0.02455	0.03906	0.03348	0.02232	0.03348	0.01897	0.02232	0.01339	0.01005	0.01005	0.00335	0.01563	0.00781	0.00446	0.01563
5	0.01250	0.01071	0.01071	0.01071	0.01428	0.00893	0.00803	0.01517	0.02410	0.02856	0.10711	0.10175	0.55817	0.02678	0.01250	0.00357	0.00536	0.02231	0.00982	0.00893
6	0.04744	0.01799	0.02454	0.01881	0.02699	0.01554	0.01554	0.05153	0.03026	0.56979	0.04171	0.03599	0.02617	0.01309	0.01063	0.00327	0.00900	0.01063	0.01309	0.01799
7	0.01538	0.01025	0.01153	0.01153	0.01153	0.01025	0.00641	0.01538	0.01538	0.02050	0.03331	0.06919	0.03844	0.62842	0.05382	0.01025	0.01025	0.01538	0.00641	0.00641
8	0.01971	0.00985	0.00985	0.00985	0.01232	0.00985	0.00739	0.02464	0.02217	0.03942	0.03449	0.03942	0.02710	0.01232	0.00739	0.00246	0.00493	0.00985	0.68712	0.00985
9	0.04744	0.01799	0.02454	0.01881	0.02699	0.01554	0.01554	0.05153	0.03026	0.56979	0.04171	0.03599	0.02617	0.01309	0.01063	0.00327	0.00900	0.01063	0.01309	0.01799
10	0.01460	0.01079	0.01363	0.01292	0.01557	0.00982	0.00969	0.01925	0.02907	0.04035	0.49031	0.08235	0.16762	0.02238	0.01247	0.00336	0.00504	0.01959	0.01137	0.00982
11	0.03692	0.02390	0.02686	0.02179	0.02924	0.02571	0.01761	0.22235	0.22986	0.19358	0.03641	0.03352	0.02555	0.01342	0.01066	0.00335	0.00970	0.01073	0.01132	0.01752
12	0.03926	0.02425	0.03684	0.02736	0.03630	0.02363	0.15369	0.18680	0.03456	0.27750	0.03144	0.03086	0.02104	0.01185	0.01111	0.00332	0.01215	0.01080	0.01027	0.01699
13	0.03181	0.03431	0.02745	0.02426	0.02923	0.26470	0.01887	0.09230	0.15551	0.03484	0.03086	0.03202	0.06289	0.01430	0.01376	0.00332	0.09848	0.00996	0.00753	0.01359
14	0.01897	0.04245	0.42261	0.02599	0.03758	0.02026	0.03120	0.02844	0.02176	0.03174	0.02955	0.18352	0.02860	0.01625	0.01097	0.00360	0.01307	0.01380	0.00590	0.01373
15	0.02496	0.02852	0.06239	0.04456	0.05526	0.02674	0.52406	0.03387	0.02496	0.03387	0.02139	0.02852	0.01604	0.00891	0.01248	0.00357	0.01783	0.01248	0.00535	0.01426
16	0.01496	0.01081	0.01413	0.01330	0.01580	0.00998	0.00998	0.01995	0.02993	0.04240	0.55689	0.07898	0.09976	0.02162	0.01247	0.00333	0.00499	0.01912	0.01164	0.00998
17	0.02767	0.02520	0.03863	0.05352	0.41910	0.02612	0.02858	0.08859	0.11163	0.03952	0.02425	0.02826	0.01942	0.01057	0.01053	0.00322	0.01178	0.00984	0.00670	0.01688
18	0.70310	0.02045	0.01554	0.01390	0.02045	0.02372	0.01145	0.03108	0.01799	0.04744	0.01472	0.01718	0.01145	0.00981	0.00654	0.00327	0.00818	0.00573	0.00654	0.01145
19	0.01557	0.01091	0.01492	0.01492	0.01635	0.01214	0.01090	0.01842	0.01699	0.02471	0.03018	0.04879	0.02971	0.22117	0.39465	0.01396	0.02150	0.01229	0.06325	0.00866
20	0.70310	0.02045	0.01554	0.01390	0.02045	0.02372	0.01145	0.03108	0.01799	0.04744	0.01472	0.01718	0.01145	0.00981	0.00654	0.00327	0.00818	0.00573	0.00654	0.01145
21	0.02801	0.02233	0.02396	0.02130	0.02745	0.02543	0.01664	0.05581	0.50172	0.08689	0.04293	0.03917	0.03178	0.01424	0.01075	0.00356	0.00842	0.01185	0.01095	0.01684
22	0.01997	0.01879	0.03171	0.60301	0.07282	0.02349	0.02936	0.02701	0.02114	0.02701	0.01879	0.02819	0.01409	0.01057	0.01057	0.00352	0.01409	0.00940	0.00470	0.01175
23	0.01288	0.00920	0.01227	0.01472	0.01534	0.00859	0.00981	0.01472	0.02024	0.02699	0.05828	0.62152	0.06993	0.03312	0.01350	0.00429	0.00613	0.03006	0.00981	0.00859
24	0.01704	0.01217	0.01704	0.01947	0.02191	0.01217	0.01704	0.02191	0.02434	0.03164	0.05598	0.11926	0.06085	0.02921	0.01460	0.00487	0.00974	0.49130	0.00974	0.00974
25	0.03957	0.04820	0.03015	0.02693	0.03270	0.52753	0.02039	0.09345	0.03205	0.03018	0.01730	0.01973	0.01408	0.01109	0.00964	0.00277	0.01828	0.00710	0.00599	0.01286
26	0.02159	0.01957	0.03251	0.02669	0.02912	0.02339	0.12504	0.02356	0.01747	0.02526	0.01785	0.02819	0.01656	0.02630	0.07655	0.19043	0.27489	0.01009	0.00485	0.01009
27	0.02148	0.01812	0.01955	0.01854	0.02302	0.02005	0.01403	0.04151	0.35797	0.03832	0.05531	0.17332	0.11424	0.02013	0.01159	0.00374	0.00746	0.01730	0.01042	0.01389
28	0.02617	0.02512	0.04292	0.06490	0.56246	0.02512	0.03245	0.03245	0.02407	0.03454	0.01989	0.02617	0.01675	0.00942	0.01047	0.00314	0.01256	0.00942	0.00523	0.01675
29	0.02114	0.08549	0.38948	0.02727	0.03830	0.02536	0.03190	0.03006	0.02104	0.03088	0.02199	0.08538	0.01946	0.01380	0.01421	0.00358	0.11128	0.01025	0.00506	0.01407
30	0.01605	0.01217	0.01657	0.01608	0.01706	0.01413	0.01171	0.01826	0.01630	0.02312	0.02867	0.04998	0.02962	0.27909	0.32818	0.01315	0.08288	0.01263	0.00583	0.00853
31	0.04046	0.01645	0.02230	0.01763	0.02458	0.01434	0.01434	0.04474	0.03019	0.45642	0.15246	0.04523	0.04199	0.01492	0.01103	0.00328	0.00814	0.01246	0.01278	0.01627
32	0.02128	0.01892	0.03111	0.40411	0.17055	0.02195	0.02698	0.02786	0.02192	0.03037	0.02121	0.02931	0.01647	0.01056	0.01011	0.00329	0.01249	0.00947	0.09947	0.01257
33	0.02656	0.18404	0.24062	0.02374	0.03431	0.02856	0.02546	0.04118	0.17614	0.07807	0.02686	0.02716	0.02003	0.01131	0.00951	0.00315	0.01190	0.00873	0.00703	0.01564
34	0.02127	0.02202	0.07262	0.03578	0.18312	0.02040	0.07569	0.02871	0.06062	0.03342	0.07253	0.12796	0.03804	0.01791	0.01388	0.00381	0.05955	0.09209	0.00738	0.01320
35	0.02576	0.42860	0.23960	0.02237	0.03376	0.03569	0.02555	0.03231	0.02178	0.02794	0.01622	0.01887	0.01351	0.00940	0.00794	0.00265	0.01284	0.00642	0.00450	0.01430
36	0.21040	0.07424	0.02892	0.14520	0.03670	0.14346	0.02015	0.06750	0.02340	0.03472	0.01655	0.02146	0.01349	0.01176	0.01292	0.00335	0.11012	0.00757	0.00575	0.01233
37	0.01508	0.01033	0.01371	0.01590	0.01735	0.00999	0.01213	0.01832	0.02190	0.02996	0.05495	0.38151	0.06218	0.02953	0.01324	0.00430	0.00729	0.19187	0.08134	0.00913
38	0.02646	0.02912	0.11843	0.02559	0.03384	0.02659	0.07425	0.08866	0.36307	0.04321	0.03537	0.03434	0.02631	0.01293	0.01081	0.00351	0.01082	0.01113	0.00914	0.01639
39	0.02288	0.01952	0.02758	0.02413	0.02529	0.02584	0.01984	0.02573	0.01752	0.06830	0.02001	0.02915	0.01826	0.03459	0.18271	0.00788	0.40377	0.00993	0.00558	0.01150
40	0.01449	0.00988	0.01179	0.01267	0.01288	0.00966	0.00762	0.01514	0.01711	0.02281	0.04219	0.26551	0.04963	0.41683	0.03948	0.00813	0.00879	0.02059	0.00762	0.00718
41	0.01274	0.00974	0.01171	0.01330	0.01496	0.00871	0.00918	0.01488	0.02161	0.02755	0.07563	0.43678	0.24347	0.03087	0.01314	0.00404	0.00586	0.02731	0.00982	0.00871
42	0.02630	0.02271	0.02391	0.02152	0.02749	0.02630	0.01674	0.05618	0.54336	0.04423	0.04303	0.03945	0.03228	0.01434	0.01076	0.00359	0.00837	0.01195	0.01076	0.01674
43	0.01520	0.01095	0.01505	0.01505	0.01627	0.01216	0.01080	0.01763	0.01642	0.02311	0.03010	0.05137	0.03070	0.27448	0.39718	0.01460	0.02190	0.01277	0.00593	0.00836
44	0.04744	0.01799	0.02454	0.01881	0.02699	0.01554	0.01554	0.05153	0.03026	0.56979	0.04171	0.03599	0.02617	0.01309	0.01063	0.00327	0.00900	0.01063	0.01309	0.01799
45	0.02827	0.63478	0.05540	0.01809	0.02714	0.04184	0.01809	0.03166	0.02148	0.02488	0.01470	0.01696	0.01357	0.00905	0.00678	0.00226	0.01131	0.00565	0.00452	0.01357
46	0.03950	0.05039	0.02996	0.02724	0.03269	0.58597	0.02043	0.04222	0.02996	0.02588	0.01634	0.01907	0.01362	0.01090	0.00953	0.00272	0.01907	0.00681	0.00545	0.01226
47	0.03950	0.05039	0.02996	0.02724	0.03269	0.58597	0.02043	0.04222	0.02996	0.02588	0.01634	0.01907	0.01362	0.01090	0.00953	0.00272	0.01907	0.00681	0.00545	0.01226
48	0.04744	0.01799	0.02454	0.01881	0.02699	0.01554	0.01554	0.05153	0.03026	0.56979	0.04171	0.03599	0.02617	0.01309	0.01063	0.00327	0.00900	0.01063	0.01309	0.01799
49	0.01496	0.01081	0.01413	0.01330	0.01580	0.00998	0.00998	0.01995	0.02993	0.04240	0.55689	0.07898	0.09976	0.02162	0.01247	0.00333	0.00499	0.01912	0.01164	0.00998
50	0.70310	0.02045	0.01554	0.01390	0.02045	0.02372	0.01145	0.03108	0.01799	0.04744	0.01472	0.01718	0.01145	0.00981	0.00654	0.00327	0.00818	0.00573	0.00654	0.01145
51	0.01510	0.01133	0.01699	0.01699	0.01888	0.01322	0.01322	0.01888	0.01699	0.02454	0.02832	0.04154	0.02643	0.07930	0.58652	0.01699	0.02832	0.01133	0.00566	0.00944
52	0.01538	0.01025	0.01153	0.01153	0.01153	0.01025	0.00641	0.01538	0.01538	0.02050	0.03331	0.06919	0.03844	0.62842	0.05382	0.01025	0.01025	0.01538	0.00641	0.00641
53	0.03308	0.03274	0.15429	0.03031	0.04087	0.02654	0.16408	0.20701	0.03381	0.13246	0.02557	0.02734	0.01780	0.01114	0.01100	0.00334	0.01378	0.01016	0.00823	0.01644
54	0.02617	0.02512	0.04292	0.06490	0.56246	0.02512	0.03245	0.03245	0.02407	0.03454	0.01989	0.02617	0.01675	0.00942	0.01047	0.00314	0.01256	0.00942	0.00523	0.01675
55	0.02496	0.02852	0.06239	0.04456	0.05526	0.02674	0.52406	0.03387	0.02496	0.03387	0.02139	0.02852	0.01604	0.00891	0.01248	0.00357	0.01783	0.01248	0.00535	0.01426
56	0.59359	0.02186	0.02061	0.01721	0.02424	0.02472	0.05277	0.07308	0.02122	0.04798	0.01615	0.01877	0.01236	0.00999	0.00735	0.00329	0.00923	0.00658	0.00679	0.01222
57	0.01538	0.01025	0.01153	0.01153	0.01153	0.01025	0.00641	0.01538	0.01538	0.02050	0.03331	0.06919	0.03844	0.62842	0.05382	0.01025	0.01025	0.01538	0.00641	0.00641
58	0.02777	0.02344	0.02473	0.02181	0.02805	0.02698	0.01709	0.10594	0.49121	0.04660	0.04117	0.03796	0.03077	0.01417	0.01074	0.00354	0.00871	0.01170	0.01074	0.01687
59	0.02570	0.02465	0.04208	0.10518	0.52581	0.02500	0.03222	0.03204	0.02386	0.03398	0.01981	0.02632	0.01655	0.00951	0.01048	0.00317	0.01268	0.00942	0.00519	0.01637
60	0.02577	0.17041	0.31439	0.02501	0.03680	0.02789	0.02845	0.03883	0.12169	0.07614	0.02442	0.02550	0.01803	0.01089	0.00953	0.00315	0.01279	0.00836	0.00635	0.01558
61	0.01324	0.01062	0.01183	0.01179	0.01481	0.00920	0.00874	0.01652	0.02548	0.03245	0.23369	0.13768	0.38513	0.02580	0.01257	0.00356	0.00531	0.02202	0.01035	0.00920
62	0.02545	0.02016	0.02271	0.02085	0.02603	0.02233	0.01693	0.13216	0.26676	0.04478	0.08252	0.06211	0.04272	0.01874	0.01193	0.00385	0.00910	0.14587	0.01051	0.01450
63	0.01645	0.01265	0.01941	0.02015	0.02273	0.01231	0.05755	0.02074	0.02315	0.03042	0.05376	0.26361	0.05982	0.02868	0.01409	0.00458	0.00933	0.31140	0.00939	0.00977
64	0.02317	0.05194	0.53253	0.02929	0.04436	0.02388	0.03730	0.03483	0.02292	0.07363	0.02068	0.02335	0.01435	0.01027	0.01009	0.00334	0.01513	0.00802	0.00511	0.01580
65	0.02203	0.02036	0.03443	0.37485	0.24031	0.02310	0.02908	0.02802	0.02167	0.02907	0.01915	0.02775	0.01531	0.01193	0.01261	0.04982	0.01323	0.00939	0.00488	0.01301
66	0.02237	0.15062	0.48794	0.02814	0.04268	0.02741	0.03560	0.03318	0.02218	0.03206	0.01827	0.02144	0.01342	0.00988	0.00951	0.00317	0.01491	0.00746	0.00447	0.01529
67	0.02318	0.02208	0.03753	0.32382	0.32686	0.02434	0.03096	0.02983	0.02266	0.03092	0.01936	0.02714	0.01547	0.00997	0.01052	0.00332	0.01330	0.00941	0.00498	0.01434
68	0.01837	0.00918	0.01377	0.01377	0.01377	0.00918	0.00918	0.01377	0.01377	0.01837	0.01837	0.03214	0.01837	0.03673	0.04132	0.69238	0.00918	0.00918	0.00459	0.00459
69	0.02300	0.02028	0.02975	0.02420	0.02838	0.05976	0.12282	0.02758	0.02421	0.07491	0.18128	0.04668	0.04366	0.07195	0.05920	0.00509	0.12434	0.01345	0.00781	0.01165
70	0.70310	0.02045	0.01554	0.01390	0.02045	0.02372	0.01145	0.03108	0.01799	0.04744	0.01472	0.01718	0.01145	0.00981	0.00654	0.00327	0.00818	0.00573	0.00654	0.01145
71	0.01520	0.01095	0.01508	0.01508	0.01631	0.01218	0.01083	0.01765	0.01643	0.02313	0.03007	0.05122	0.03064	0.27160	0.39997	0.01463	0.02199	0.01275	0.00592	0.00838
72	0.01250	0.01071	0.01071	0.01071	0.01428	0.00893	0.00803	0.01517	0.02410	0.02856	0.10711	0.10175	0.55817	0.02678	0.01250	0.00357	0.00536	0.02231	0.00982	0.00893
73	0.02617	0.02512	0.04292	0.06490	0.56246	0.02512	0.03245	0.03245	0.02407	0.03454	0.01989	0.02617	0.01675	0.00942	0.01047	0.00314	0.01256	0.00942	0.00523	0.01675
74	0.02576	0.42860	0.23960	0.02237	0.03376	0.03569	0.02555	0.03231	0.02178	0.02794	0.01622	0.01887	0.01351	0.00940	0.00794	0.00265	0.01284	0.00642	0.00450	0.01430
75	0.01510	0.01133	0.01699	0.01699	0.01888	0.01322	0.01322	0.01888	0.01699	0.02454	0.02832	0.04154	0.02643	0.07930	0.58652	0.01699	0.02832	0.01133	0.00566	0.00944
76	0.02827	0.63478	0.05540	0.01809	0.02714	0.04184	0.01809	0.03166	0.02148	0.02488	0.01470	0.01696	0.01357	0.00905	0.00678	0.00226	0.01131	0.00565	0.00452	0.01357
77	0.70310	0.02045	0.01554	0.01390	0.02045	0.02372	0.01145	0.03108	0.01799	0.04744	0.01472	0.01718	0.01145	0.00981	0.00654	0.00327	0.00818	0.00573	0.00654	0.01145
78	0.70310	0.02045	0.01554	0.01390	0.02045	0.02372	0.01145	0.03108	0.01799	0.04744	0.01472	0.01718	0.01145	0.00981	0.00654	0.00327	0.00818	0.00573	0.00654	0.01145
79	0.02630	0.02271	0.02391	0.02152	0.02749	0.02630	0.01674	0.05618	0.54336	0.04423	0.04303	0.03945	0.03228	0.01434	0.01076	0.00359	0.00837	0.01195	0.01076	0.01674
80	0.01274	0.00974	0.01171	0.01330	0.01496	0.00871	0.00918	0.01488	0.02161	0.02755	0.07563	0.43678	0.24347	0.03087	0.01314	0.00404	0.00586	0.02731	0.00982	0.00871
81	0.01704	0.01217	0.01704	0.01947	0.02191	0.01217	0.01704	0.02191	0.02434	0.03164	0.05598	0.11926	0.06085	0.02921	0.01460	0.00487	0.00974	0.49130	0.00974	0.00974
82	0.02121	0.05469	0.57364	0.03014	0.04576	0.02455	0.03906	0.03348	0.02232	0.03348	0.01897	0.02232	0.01339	0.01005	0.01005	0.00335	0.01563	0.00781	0.00446	0.01563
83	0.01935	0.00989	0.00999	0.00999	0.01225	0.00989	0.00731	0.02388	0.02162	0.03787	0.03439	0.04186	0.02803	0.06274	0.01119	0.00310	0.00536	0.01031	0.63141	0.00957
84	0.02696	0.01887	0.02904	0.11739	0.03554	0.01972	0.08857	0.06700	0.02737	0.15594	0.14579	0.04602	0.07971	0.01556	0.01396	0.00353	0.07350	0.01322	0.00898	0.01333
85	0.01360	0.01048	0.01261	0.01400	0.01628	0.00950	0.01058	0.01644	0.02278	0.02866	0.07889	0.29022	0.27894	0.02955	0.01330	0.00410	0.00656	0.12474	0.00980	0.00898
86	0.02746	0.11288	0.07675	0.02583	0.03015	0.03320	0.02297	0.13725	0.02477	0.03503	0.01691	0.02270	0.01470	0.01525	0.02359	0.00388	0.34849	0.00870	0.00591	0.01357
87	0.12361	0.06885	0.02431	0.01629	0.02499	0.01801	0.01348	0.03301	0.02313	0.15058	0.02282	0.02388	0.01716	0.00934	0.00817	0.00223	0.00841	0.00708	0.00763	0.39704
88	0.02493	0.02400	0.03999	0.20311	0.09299	0.02644	0.16790	0.07446	0.12354	0.03589	0.02441	0.02969	0.01861	0.01143	0.01280	0.00356	0.05463	0.01077	0.00654	0.01430
89	0.01368	0.01022	0.01271	0.01321	0.01529	0.00925	0.00948	0.01704	0.02522	0.03388	0.28085	0.27411	0.19269	0.02681	0.01284	0.00372	0.00547	0.02367	0.01059	0.00925
90	0.02930	0.02149	0.02349	0.01812	0.02559	0.02121	0.01466	0.24159	0.03394	0.04939	0.02508	0.02725	0.01917	0.01091	0.00892	0.00245	0.00883	0.00845	0.15757	0.25260
91	0.01517	0.01107	0.01566	0.01566	0.01709	0.01249	0.01156	0.01803	0.01660	0.02356	0.02954	0.04827	0.02935	0.21291	0.45690	0.01535	0.02392	0.01231	0.00584	0.00870
92	0.02633	0.01852	0.02096	0.01854	0.02395	0.01978	0.01446	0.04469	0.31176	0.12860	0.15869	0.05183	0.08286	0.01659	0.01123	0.00348	0.00753	0.01402	0.01126	0.01493
93	0.03061	0.32299	0.11926	0.02280	0.03250	0.03261	0.06212	0.07837	0.06218	0.10920	0.02257	0.02365	0.01723	0.01043	0.00885	0.00283	0.01193	0.00799	0.00675	0.01513
94	0.01464	0.00994	0.01175	0.01247	0.01265	0.00976	0.00741	0.01518	0.01681	0.02241	0.04065	0.23141	0.04769	0.45358	0.04197	0.00850	0.00904	0.01969	0.00741	0.00705
95	0.02364	0.01759	0.02111	0.01566	0.02396	0.01367	0.01249	0.02832	0.02393	0.09212	0.09680	0.03142	0.02859	0.01032	0.00878	0.00199	0.00755	0.00853	0.00774	0.52579
96	0.20656	0.20739	0.07794	0.02199	0.06684	0.10623	0.01825	0.03123	0.02276	0.03391	0.05840	0.02872	0.05832	0.01174	0.00845	0.00292	0.01117	0.00840	0.00609	0.01266
97	0.01864	0.01651	0.02299	0.02219	0.02548	0.05692	0.08639	0.02302	0.02365	0.03015	0.04877	0.24673	0.05363	0.02611	0.01359	0.00435	0.01052	0.25132	0.00882	0.01023
98	0.01319	0.01037	0.01192	0.01232	0.01491	0.00910	0.00894	0.01623	0.02457	0.03154	0.20460	0.22332	0.32723	0.02707	0.01273	0.00369	0.00546	0.02343	0.01026	0.00910
99	0.02313	0.01857	0.02906	0.44585	0.05972	0.02198	0.02540	0.06739	0.02408	0.07585	0.02542	0.09130	0.02132	0.01333	0.01089	0.00356	0.01263	0.01169	0.00641	0.01243
100	0.02792	0.02743	0.11112	0.07411	0.12445	0.02467	0.09418	0.03999	0.14026	0.11924	0.02788	0.03030	0.02065	0.01216	0.01335	0.00353	0.07534	0.01036	0.00751	0.01554
101	0.02476	0.02795	0.05922	0.04279	0.05235	0.02733	0.47115	0.03298	0.02403	0.03298	0.02060	0.02795	0.01581	0.00993	0.01483	0.00368	0.08028	0.01214	0.00527	0.01398
102	0.02062	0.01946	0.03290	0.54616	0.12455	0.02366	0.02969	0.02759	0.02145	0.02781	0.01891	0.02798	0.01437	0.01045	0.01056	0.00348	0.01393	0.00940	0.00475	0.01227
103	0.03169	0.02107	0.06837	0.02896	0.13988	0.01828	0.02022	0.03652	0.02598	0.25626	0.07362	0.08316	0.06781	0.01556	0.01299	0.00346	0.05863	0.01289	0.00949	0.01514
104	0.04332	0.01678	0.02236	0.01748	0.02481	0.01470	0.01433	0.04753	0.02906	0.49102	0.04064	0.03650	0.02631	0.01297	0.01015	0.00315	0.00839	0.01052	0.11319	0.01678
105	0.01362	0.00977	0.01293	0.01422	0.01550	0.00908	0.00987	0.01658	0.02369	0.03247	0.23550	0.42868	0.08053	0.02903	0.01313	0.00395	0.00573	0.02617	0.01046	0.00908
106	0.02484	0.35300	0.30714	0.02394	0.03618	0.03344	0.02828	0.03255	0.02189	0.02906	0.01678	0.01957	0.01348	0.00953	0.00837	0.00279	0.01340	0.00670	0.00449	0.01457
107	0.14309	0.11234	0.10329	0.06656	0.03131	0.02202	0.01916	0.03780	0.02432	0.24250	0.02972	0.07554	0.02277	0.01298	0.00955	0.00324	0.01030	0.01021	0.00863	0.01468
108	0.02286	0.02777	0.12637	0.16469	0.23749	0.02435	0.08243	0.03014	0.02304	0.03253	0.05798	0.02979	0.02133	0.01133	0.01274	0.00343	0.06181	0.01016	0.00542	0.01433
109	0.01422	0.01078	0.01310	0.01252	0.01534	0.00966	0.00939	0.01852	0.02818	0.03824	0.42165	0.08583	0.23760	0.02317	0.01248	0.00340	0.00510	0.02008	0.01109	0.00966
110	0.02143	0.02028	0.03435	0.47620	0.18821	0.02388	0.03009	0.02829	0.02183	0.02879	0.01905	0.02771	0.01472	0.01030	0.01055	0.00343	0.01373	0.00940	0.00482	0.01292
111	0.02677	0.03152	0.18854	0.12649	0.10054	0.02368	0.10023	0.03855	0.10382	0.11428	0.02648	0.02925	0.01905	0.01101	0.01073	0.00341	0.01327	0.00997	0.00696	0.01544
112	0.01522	0.01118	0.01537	0.01649	0.01860	0.01133	0.01317	0.01918	0.02252	0.03031	0.12433	0.16725	0.09920	0.04200	0.16782	0.00772	0.01316	0.18677	0.00893	0.00945
113	0.03372	0.02561	0.02724	0.02217	0.02929	0.02867	0.01790	0.32344	0.21791	0.05667	0.03222	0.03139	0.02366	0.01323	0.01038	0.00326	0.00996	0.01039	0.06601	0.01689
114	0.03090	0.03308	0.03114	0.03518	0.17303	0.22256	0.02225	0.04490	0.22353	0.03518	0.02744	0.02872	0.02155	0.01181	0.01025	0.00316	0.01325	0.00947	0.00741	0.01517
115	0.22222	0.02124	0.02372	0.01872	0.02652	0.02158	0.01545	0.15185	0.03129	0.31733	0.03082	0.02857	0.02039	0.01212	0.00952	0.00325	0.00936	0.00906	0.01077	0.01623
116	0.02313	0.02313	0.03238	0.02776	0.02776	0.03238	0.02313	0.02545	0.01619	0.02545	0.01388	0.02313	0.01388	0.01851	0.03470	0.00463	0.60907	0.00925	0.00463	0.01157
117	0.01654	0.01282	0.01818	0.02055	0.09259	0.01210	0.01313	0.02171	0.02911	0.04130	0.48145	0.07156	0.08810	0.01990	0.01219	0.00330	0.00605	0.01776	0.01074	0.01093
118	0.01582	0.01267	0.01895	0.01639	0.01984	0.01166	0.06413	0.02103	0.02893	0.04038	0.46381	0.07550	0.12813	0.02069	0.01247	0.00337	0.00637	0.01868	0.01083	0.01034
119	0.01850	0.01641	0.02509	0.19213	0.03693	0.02093	0.02039	0.02288	0.01802	0.02549	0.02198	0.03311	0.01973	0.04420	0.28203	0.01000	0.16616	0.01025	0.00513	0.01064
120	0.02333	0.02062	0.02166	0.01645	0.02474	0.05570	0.01299	0.02979	0.06156	0.03498	0.02172	0.02446	0.01769	0.00891	0.00814	0.00187	0.00844	0.00702	0.06226	0.53766
121	0.70310	0.02045	0.01554	0.01390	0.02045	0.02372	0.01145	0.03108	0.01799	0.04744	0.01472	0.01718	0.01145	0.00981	0.00654	0.00327	0.00818	0.00573	0.00654	0.01145
122	0.01288	0.00920	0.01227	0.01472	0.01534	0.00859	0.00981	0.01472	0.02024	0.02699	0.05828	0.62152	0.06993	0.03312	0.01350	0.00429	0.00613	0.03006	0.00981	0.00859
123	0.02816	0.13609	0.03634	0.07672	0.18854	0.02733	0.02236	0.07278	0.14216	0.07218	0.02579	0.02784	0.02007	0.01088	0.00966	0.00299	0.01080	0.00911	0.00729	0.07290
124	0.02265	0.10711	0.03558	0.06950	0.03246	0.02785	0.08928	0.02850	0.06130	0.02758	0.02101	0.03109	0.01927	0.08431	0.07109	0.00558	0.23818	0.01024	0.00549	0.01194
125	0.01727	0.01177	0.01506	0.01441	0.01441	0.01307	0.00950	0.01636	0.01506	0.02062	0.02656	0.05275	0.02959	0.38356	0.04777	0.19297	0.09408	0.01285	0.00567	0.00664
126	0.02548	0.02276	0.07281	0.19015	0.20581	0.02136	0.06292	0.03141	0.02286	0.10413	0.02453	0.03400	0.02009	0.09719	0.01673	0.00431	0.01277	0.01053	0.00629	0.01387
127	0.07140	0.17366	0.20798	0.03281	0.11251	0.02972	0.10426	0.08498	0.02539	0.03616	0.01890	0.02258	0.01467	0.00982	0.00956	0.00308	0.01363	0.00831	0.00551	0.01508
128	0.36017	0.02260	0.06111	0.01709	0.02469	0.02123	0.01506	0.03099	0.02013	0.07767	0.01800	0.02070	0.01400	0.01022	0.00976	0.00291	0.05787	0.00667	0.00661	0.20252
129	0.19181	0.06750	0.02858	0.05901	0.03113	0.02296	0.05681	0.10241	0.02619	0.11401	0.02178	0.02378	0.01618	0.01007	0.00877	0.00278	0.01010	0.00786	0.00756	0.19071

[dist]
# distance from previous block
# <min> <max>
1	52

[block]
# block no. 3 follows, 13 sequences, length 19
# corresponding to MSA columns:
# 475-493
name=unknown_D
#
# <colnr> <probs for GDERKNQSTAVLIFYWHMCP>
#	G	D	E	R	K	N	Q	S	T	A	V	L	I	F	Y	W	H	M	C	P
0	0.02484	0.01790	0.02231	0.06885	0.02874	0.01589	0.01494	0.03233	0.07831	0.11128	0.07790	0.03811	0.02968	0.01221	0.00966	0.00258	0.00846	0.04096	0.00830	0.35675
1	0.01502	0.07528	0.01700	0.01409	0.01679	0.01261	0.01071	0.01799	0.02334	0.03020	0.15434	0.29646	0.19482	0.02669	0.01243	0.00376	0.00650	0.05290	0.00958	0.00951
2	0.02327	0.15014	0.07862	0.01838	0.02753	0.02219	0.01686	0.02819	0.02143	0.03168	0.01758	0.02102	0.01489	0.00910	0.00988	0.00210	0.05567	0.00651	0.00562	0.43933
3	0.01420	0.01130	0.01302	0.01244	0.01585	0.00970	0.00927	0.01775	0.02548	0.03361	0.24670	0.14119	0.30411	0.02402	0.01218	0.00339	0.00553	0.02063	0.01012	0.06949
4	0.17217	0.15554	0.08159	0.02626	0.10428	0.02837	0.02061	0.13337	0.02816	0.12349	0.02208	0.02337	0.01637	0.01069	0.00889	0.00303	0.01093	0.00792	0.00755	0.01532
5	0.07319	0.16673	0.03600	0.05282	0.03143	0.02948	0.05964	0.11597	0.08118	0.07299	0.06957	0.02981	0.02479	0.01303	0.01318	0.00328	0.09545	0.00973	0.00758	0.01414
6	0.01253	0.01059	0.01084	0.01104	0.01437	0.00890	0.00818	0.01514	0.02378	0.02843	0.10312	0.14425	0.51825	0.02730	0.01258	0.00363	0.00542	0.02295	0.00982	0.00890
7	0.02356	0.02124	0.03003	0.03466	0.23246	0.01835	0.02022	0.02887	0.02275	0.03449	0.01922	0.02356	0.01608	0.00844	0.00885	0.00217	0.00966	0.00748	0.00587	0.43204
8	0.70310	0.02045	0.01554	0.01390	0.02045	0.02372	0.01145	0.03108	0.01799	0.04744	0.01472	0.01718	0.01145	0.00981	0.00654	0.00327	0.00818	0.00573	0.00654	0.01145
9	0.01424	0.01040	0.01337	0.01342	0.01555	0.00954	0.00977	0.01825	0.02703	0.03739	0.39471	0.21435	0.13280	0.02490	0.01272	0.00359	0.00530	0.02209	0.01103	0.00954
10	0.02320	0.01874	0.03020	0.17399	0.24129	0.01942	0.02374	0.02885	0.02486	0.08130	0.13727	0.08488	0.03851	0.01442	0.01116	0.00337	0.01052	0.01316	0.00750	0.01361
11	0.02121	0.05469	0.57364	0.03014	0.04576	0.02455	0.03906	0.03348	0.02232	0.03348	0.01897	0.02232	0.01339	0.01005	0.01005	0.00335	0.01563	0.00781	0.00446	0.01563
12	0.04675	0.01909	0.02522	0.01933	0.02754	0.01717	0.01597	0.09651	0.03210	0.52221	0.04017	0.03498	0.02540	0.01305	0.01063	0.00326	0.00925	0.01053	0.01285	0.01799
13	0.48324	0.02080	0.02196	0.02625	0.15299	0.02302	0.01622	0.03020	0.01929	0.04217	0.01744	0.02343	0.01485	0.05780	0.01118	0.00378	0.00942	0.00738	0.00621	0.01236
14	0.01837	0.00918	0.01377	0.01377	0.01377	0.00918	0.00918	0.01377	0.01377	0.01837	0.01837	0.03214	0.01837	0.03673	0.04132	0.69238	0.00918	0.00918	0.00459	0.00459
15	0.08007	0.03147	0.15300	0.02798	0.08794	0.02684	0.02375	0.13798	0.23321	0.04535	0.02948	0.02968	0.02194	0.01217	0.01020	0.00338	0.01109	0.00979	0.00838	0.01632
16	0.02726	0.06569	0.07916	0.06169	0.03135	0.02063	0.01876	0.03229	0.02265	0.13514	0.02223	0.02495	0.01696	0.01089	0.01261	0.00270	0.09687	0.00787	0.00694	0.30337
17	0.02777	0.11192	0.07982	0.02149	0.03003	0.02334	0.05065	0.03681	0.10301	0.11841	0.02535	0.02668	0.01926	0.01093	0.01114	0.00277	0.05636	0.00851	0.00744	0.22833
18	0.21811	0.08275	0.02594	0.01940	0.02547	0.02158	0.05403	0.07750	0.02498	0.11642	0.03272	0.12302	0.03072	0.01672	0.01024	0.00357	0.00965	0.08586	0.00853	0.01279

[dist]
# distance from previous block
# <min> <max>
14	20

[block]
# block no. 4 follows, 13 sequences, length 112
# corresponding to MSA columns:
# 514-625
name=unknown_E
#
# <colnr> <probs for GDERKNQSTAVLIFYWHMCP>
#	G	D	E	R	K	N	Q	S	T	A	V	L	I	F	Y	W	H	M	C	P
0	0.02341	0.18642	0.20450	0.02112	0.03057	0.02456	0.02239	0.03129	0.05419	0.06438	0.03051	0.06961	0.06022	0.01784	0.05145	0.00399	0.01251	0.01034	0.00640	0.07430
1	0.02481	0.01902	0.02232	0.01647	0.02508	0.01555	0.01321	0.07374	0.02579	0.07662	0.06901	0.02834	0.02413	0.00988	0.00870	0.00199	0.00801	0.00802	0.00763	0.52168
2	0.07731	0.02370	0.02461	0.02144	0.02787	0.02720	0.01692	0.13318	0.42299	0.04821	0.03804	0.03549	0.02839	0.01374	0.01042	0.00349	0.00890	0.01110	0.01042	0.01656
3	0.02315	0.02601	0.11632	0.06991	0.10687	0.01978	0.02142	0.06558	0.05643	0.03623	0.02737	0.03019	0.05599	0.01075	0.00949	0.00261	0.01037	0.00895	0.00655	0.29605
4	0.02535	0.23474	0.37014	0.02551	0.03852	0.02934	0.03073	0.03423	0.02264	0.07008	0.01929	0.02164	0.01439	0.00995	0.00906	0.00300	0.01378	0.00734	0.00511	0.01515
5	0.03755	0.03596	0.02607	0.02290	0.02856	0.35128	0.01753	0.04098	0.03003	0.16440	0.10920	0.03288	0.03054	0.01316	0.01028	0.00296	0.01430	0.00974	0.00835	0.01333
6	0.01316	0.00940	0.01258	0.01504	0.01577	0.00882	0.01029	0.01520	0.02051	0.02730	0.05812	0.58836	0.06933	0.03287	0.01357	0.00433	0.00637	0.06051	0.00981	0.00866
7	0.02397	0.02514	0.03815	0.03066	0.03374	0.06394	0.15000	0.02781	0.01924	0.02721	0.01761	0.02818	0.01651	0.06744	0.02904	0.00471	0.36934	0.01045	0.00501	0.01186
8	0.02206	0.02680	0.12542	0.25657	0.20862	0.02341	0.07221	0.02974	0.02320	0.03207	0.06004	0.03049	0.02141	0.01084	0.01076	0.00337	0.01352	0.01014	0.00540	0.01395
9	0.01552	0.01012	0.01145	0.01168	0.01195	0.01006	0.00680	0.01611	0.01641	0.02273	0.03571	0.11729	0.04035	0.52073	0.04612	0.00903	0.00941	0.01625	0.06537	0.00690
10	0.01569	0.01121	0.01549	0.01793	0.01978	0.01101	0.01470	0.01958	0.02301	0.03014	0.05672	0.28185	0.06379	0.03048	0.01425	0.00468	0.00857	0.34199	0.00976	0.00936
11	0.02444	0.02330	0.11434	0.18075	0.04021	0.01967	0.02216	0.03502	0.11333	0.12202	0.10212	0.09163	0.03562	0.01508	0.01105	0.00351	0.01059	0.01297	0.00847	0.01374
12	0.08436	0.01611	0.02112	0.11384	0.03033	0.01665	0.01633	0.06637	0.02524	0.17499	0.03880	0.14472	0.03626	0.07131	0.01511	0.00434	0.00972	0.09256	0.00931	0.01252
13	0.01905	0.01111	0.01416	0.01461	0.01722	0.00992	0.01047	0.02147	0.02287	0.12550	0.06564	0.40537	0.16557	0.02815	0.01277	0.00396	0.00649	0.02490	0.01041	0.01036
