[name]
unknown

[dist]
# distance from previous block
# <min> <max>
0	1505

[block]
# block no. 0 follows, 12 sequences, length 16
# corresponding to MSA columns:
# 1562-1577
name=unknown_A
#
# <colnr> <probs for GDERKNQSTAVLIFYWHMCP>
#	G	D	E	R	K	N	Q	S	T	A	V	L	I	F	Y	W	H	M	C	P
0	0.03015	0.03415	0.19017	0.04539	0.27549	0.02509	0.03162	0.08463	0.02788	0.11467	0.02409	0.02723	0.01781	0.01079	0.01070	0.00332	0.01324	0.00943	0.00690	0.01725
1	0.02493	0.01751	0.02855	0.02289	0.02879	0.01623	0.13019	0.03161	0.05571	0.14461	0.17866	0.12287	0.11181	0.01897	0.01250	0.00364	0.00953	0.01759	0.01027	0.01315
2	0.02426	0.02423	0.13921	0.02163	0.02732	0.01825	0.02028	0.02944	0.02385	0.13513	0.09712	0.20535	0.04417	0.02088	0.01616	0.00395	0.10982	0.01701	0.00888	0.01306
3	0.04228	0.09172	0.03049	0.02089	0.02799	0.02223	0.01768	0.04609	0.02765	0.40236	0.03478	0.03250	0.02327	0.01395	0.01473	0.00349	0.10996	0.01011	0.01095	0.01688
4	0.04190	0.01790	0.02339	0.01859	0.02576	0.01654	0.01519	0.08386	0.03060	0.40756	0.03952	0.03717	0.02645	0.01952	0.06123	0.00454	0.01079	0.01084	0.09191	0.01676
5	0.01839	0.01492	0.01915	0.01861	0.01990	0.01724	0.01403	0.02351	0.07105	0.02967	0.08521	0.18591	0.04903	0.16572	0.02853	0.00587	0.14208	0.07273	0.00833	0.01013
6	0.02860	0.24598	0.22308	0.02565	0.03589	0.09848	0.02712	0.07717	0.02557	0.03278	0.01779	0.02108	0.01438	0.01123	0.01173	0.00310	0.07280	0.00747	0.00533	0.01477
7	0.02194	0.02109	0.03668	0.47138	0.14800	0.02472	0.06354	0.02922	0.02254	0.02956	0.01974	0.02877	0.01510	0.01060	0.01102	0.00357	0.01455	0.00991	0.00498	0.01310
8	0.01726	0.01049	0.01538	0.01538	0.01620	0.01131	0.01095	0.01655	0.01574	0.02180	0.02462	0.04064	0.02428	0.10843	0.26569	0.34412	0.01782	0.01097	0.00537	0.00699
9	0.58533	0.02266	0.01880	0.01613	0.02320	0.02602	0.01329	0.11194	0.02400	0.05221	0.01701	0.01912	0.01293	0.01061	0.00744	0.00336	0.00903	0.00655	0.00744	0.01293
10	0.02758	0.23197	0.06349	0.11460	0.03550	0.07639	0.01988	0.03214	0.02373	0.08117	0.02527	0.09810	0.02306	0.01326	0.00948	0.00294	0.01174	0.01050	0.00657	0.09265
11	0.03617	0.04490	0.02786	0.02594	0.03073	0.47920	0.01925	0.03882	0.02923	0.02688	0.02405	0.11779	0.02370	0.01505	0.01051	0.00308	0.01744	0.01101	0.00637	0.01201
12	0.02767	0.02262	0.08060	0.12929	0.12599	0.02009	0.02251	0.07596	0.02835	0.12803	0.11327	0.03931	0.03372	0.01339	0.01077	0.00331	0.01060	0.01148	0.08847	0.01456
13	0.02009	0.01142	0.01468	0.01485	0.01674	0.01063	0.01013	0.02207	0.02189	0.11498	0.08447	0.32509	0.05766	0.19404	0.02507	0.00591	0.00793	0.02259	0.00983	0.00994
14	0.02328	0.07484	0.18510	0.13829	0.09138	0.02579	0.06755	0.03090	0.02229	0.03193	0.01884	0.02468	0.01494	0.01090	0.01312	0.00326	0.08344	0.00866	0.00513	0.12568
15	0.01629	0.01251	0.01759	0.10966	0.02607	0.01261	0.01361	0.02179	0.02936	0.04109	0.45595	0.07274	0.08819	0.02040	0.01253	0.00346	0.00671	0.01805	0.01081	0.01059

[dist]
# distance from previous block
# <min> <max>
0	8

[block]
# block no. 1 follows, 12 sequences, length 14
# corresponding to MSA columns:
# 1586-1599
name=unknown_B
#
# <colnr> <probs for GDERKNQSTAVLIFYWHMCP>
#	G	D	E	R	K	N	Q	S	T	A	V	L	I	F	Y	W	H	M	C	P
0	0.02501	0.02753	0.07765	0.01927	0.02905	0.09176	0.01677	0.03036	0.02378	0.03422	0.01905	0.02225	0.01563	0.00873	0.00854	0.00196	0.01046	0.00670	0.00616	0.52510
1	0.01523	0.01133	0.01487	0.06374	0.02031	0.01112	0.01111	0.01856	0.02419	0.03286	0.24401	0.20725	0.11045	0.14109	0.02130	0.00511	0.00735	0.02114	0.00971	0.00929
2	0.02261	0.01938	0.02261	0.01615	0.02584	0.01453	0.01292	0.02745	0.02261	0.03553	0.01938	0.02261	0.01615	0.00807	0.00807	0.00161	0.00807	0.00646	0.00646	0.68346
3	0.09280	0.02212	0.02770	0.05799	0.03263	0.02291	0.04803	0.08921	0.18379	0.21288	0.03523	0.03365	0.02474	0.01279	0.01057	0.00339	0.01007	0.01060	0.01045	0.05844
4	0.01718	0.01230	0.01399	0.01273	0.01462	0.01135	0.00784	0.01813	0.01718	0.02396	0.03142	0.06181	0.03504	0.49759	0.04621	0.00882	0.01008	0.01402	0.00658	0.13916
5	0.07219	0.01926	0.02330	0.05208	0.02779	0.02048	0.01672	0.16126	0.06204	0.12012	0.03261	0.04657	0.02779	0.02141	0.01846	0.15544	0.01039	0.08978	0.00918	0.01313
6	0.03426	0.08817	0.21523	0.02755	0.03879	0.06755	0.09100	0.04183	0.02688	0.22096	0.02774	0.02820	0.01895	0.01131	0.01058	0.00331	0.01385	0.00947	0.00801	0.01634
7	0.02085	0.01169	0.01576	0.01639	0.01888	0.01073	0.01204	0.02374	0.02404	0.13296	0.09103	0.41100	0.06454	0.02886	0.01338	0.00421	0.00719	0.07082	0.01091	0.01098
8	0.01434	0.01028	0.01396	0.01571	0.01669	0.01030	0.01106	0.01670	0.01999	0.02700	0.05092	0.40130	0.05883	0.10217	0.13448	0.00781	0.01179	0.05890	0.00887	0.00890
9	0.02898	0.02437	0.04190	0.04863	0.29725	0.02407	0.12109	0.07489	0.02660	0.08259	0.02312	0.02903	0.01830	0.01362	0.01504	0.08487	0.01319	0.01042	0.00654	0.01549
10	0.02266	0.09948	0.41034	0.02705	0.04131	0.02479	0.03301	0.03298	0.02286	0.03394	0.01914	0.02245	0.01429	0.00982	0.00961	0.00299	0.01414	0.00755	0.00497	0.14662
11	0.03002	0.02652	0.05243	0.03837	0.04737	0.02611	0.34578	0.03730	0.02556	0.13585	0.02510	0.03015	0.01828	0.01140	0.01565	0.00377	0.09625	0.01204	0.00698	0.01508
12	0.02026	0.01126	0.01513	0.01601	0.01817	0.01026	0.01128	0.02262	0.02290	0.13134	0.05675	0.49756	0.06328	0.03011	0.01334	0.00422	0.00690	0.02707	0.01078	0.01076
13	0.01828	0.01406	0.01728	0.01741	0.02046	0.01451	0.01353	0.02888	0.14563	0.03880	0.22882	0.17749	0.07186	0.02443	0.01313	0.00403	0.00727	0.12151	0.01101	0.01162

[dist]
# distance from previous block
# <min> <max>
0	4

[block]
# block no. 2 follows, 12 sequences, length 16
# corresponding to MSA columns:
# 1604-1619
name=unknown_C
#
# <colnr> <probs for GDERKNQSTAVLIFYWHMCP>
#	G	D	E	R	K	N	Q	S	T	A	V	L	I	F	Y	W	H	M	C	P
0	0.01608	0.01069	0.01339	0.01323	0.01550	0.01004	0.00973	0.02071	0.02771	0.04064	0.36643	0.15525	0.08310	0.02221	0.01197	0.00341	0.00531	0.01955	0.14499	0.01004
1	0.01690	0.01194	0.01356	0.01255	0.01406	0.01119	0.00759	0.01766	0.01690	0.02337	0.03203	0.06379	0.03600	0.52234	0.04814	0.00918	0.01018	0.01440	0.00658	0.11165
2	0.02380	0.02632	0.05632	0.04118	0.05060	0.02467	0.43174	0.03186	0.02498	0.03383	0.02796	0.11947	0.02517	0.01307	0.01303	0.00379	0.01651	0.01568	0.00623	0.01380
3	0.01656	0.01262	0.01547	0.01487	0.01799	0.01221	0.01146	0.02420	0.08471	0.04084	0.37992	0.08421	0.15489	0.02296	0.01287	0.00364	0.00605	0.06219	0.01145	0.01088
4	0.01586	0.01057	0.01189	0.01189	0.01189	0.01057	0.00661	0.01586	0.01586	0.02114	0.03436	0.07135	0.03964	0.61681	0.05550	0.01057	0.01057	0.01586	0.00661	0.00661
5	0.02239	0.01419	0.01457	0.01382	0.01746	0.01532	0.01055	0.03529	0.17668	0.04216	0.03825	0.04066	0.02957	0.01334	0.00868	0.00289	0.00616	0.01082	0.47490	0.01232
6	0.01643	0.01094	0.01367	0.01299	0.01555	0.01026	0.00974	0.02157	0.02923	0.04309	0.43908	0.07309	0.08753	0.02033	0.01179	0.00325	0.00513	0.01776	0.14830	0.01026
7	0.20738	0.01488	0.01616	0.01574	0.01989	0.01508	0.01232	0.02711	0.02263	0.11617	0.04829	0.17688	0.09678	0.06686	0.01470	0.00446	0.00824	0.09573	0.00944	0.01125
8	0.01328	0.00949	0.01265	0.01518	0.01581	0.00886	0.01012	0.01518	0.02088	0.02783	0.06010	0.60969	0.07212	0.03416	0.01392	0.00443	0.00633	0.03100	0.01012	0.00886
9	0.01894	0.00947	0.01420	0.01420	0.01420	0.00947	0.00947	0.01420	0.01420	0.01894	0.01894	0.03314	0.01894	0.03788	0.04261	0.68277	0.00947	0.00947	0.00473	0.00473
10	0.02715	0.01324	0.01772	0.01706	0.02090	0.01207	0.01318	0.03059	0.02535	0.21743	0.05181	0.28810	0.05130	0.02457	0.01257	0.00400	0.00785	0.09087	0.06165	0.01259
11	0.01854	0.01142	0.01555	0.01714	0.01921	0.01077	0.01304	0.02164	0.02330	0.08790	0.05748	0.39832	0.06427	0.03064	0.01394	0.00449	0.00778	0.16381	0.01047	0.01029
12	0.02915	0.62337	0.05714	0.01866	0.02799	0.04314	0.01866	0.03265	0.02215	0.02565	0.01516	0.01749	0.01399	0.00933	0.00700	0.00233	0.01166	0.00583	0.00466	0.01399
13	0.02396	0.21915	0.41587	0.02751	0.04168	0.03044	0.03408	0.03399	0.02277	0.03198	0.01830	0.02143	0.01386	0.01006	0.00939	0.00313	0.01484	0.00742	0.00462	0.01551
14	0.01558	0.01168	0.01752	0.01752	0.01947	0.01363	0.01363	0.01947	0.01752	0.02531	0.02921	0.04283	0.02726	0.08178	0.57360	0.01752	0.02921	0.01168	0.00584	0.00974
15	0.01822	0.00973	0.01366	0.01366	0.01366	0.00973	0.00880	0.01459	0.01459	0.01945	0.02255	0.04209	0.02378	0.17337	0.04563	0.52545	0.00973	0.01096	0.00517	0.00517

[dist]
# distance from previous block
# <min> <max>
0	7

[block]
# block no. 3 follows, 12 sequences, length 66
# corresponding to MSA columns:
# 1627-1692
name=unknown_D
#
# <colnr> <probs for GDERKNQSTAVLIFYWHMCP>
#	G	D	E	R	K	N	Q	S	T	A	V	L	I	F	Y	W	H	M	C	P
0	0.02015	0.01738	0.02823	0.03731	0.23147	0.01855	0.02157	0.02507	0.02045	0.02944	0.02572	0.03649	0.02326	0.05291	0.34819	0.01180	0.02270	0.01089	0.00566	0.01275
1	0.01558	0.01168	0.01752	0.01752	0.01947	0.01363	0.01363	0.01947	0.01752	0.02531	0.02921	0.04283	0.02726	0.08178	0.57360	0.01752	0.02921	0.01168	0.00584	0.00974
2	0.04444	0.02574	0.02975	0.02281	0.03142	0.02669	0.01884	0.32848	0.04323	0.26402	0.03292	0.03056	0.02193	0.01325	0.01093	0.00331	0.01091	0.01028	0.01194	0.01855
3	0.01551	0.01024	0.01328	0.01500	0.01646	0.00935	0.01030	0.01765	0.02196	0.06168	0.06446	0.51853	0.12040	0.03213	0.01362	0.00428	0.00643	0.02886	0.01034	0.00951
4	0.01586	0.01057	0.01189	0.01189	0.01189	0.01057	0.00661	0.01586	0.01586	0.02114	0.03436	0.07135	0.03964	0.61681	0.05550	0.01057	0.01057	0.01586	0.00661	0.00661
5	0.03277	0.02898	0.02766	0.02373	0.03053	0.09796	0.01869	0.18070	0.33514	0.04955	0.03591	0.03405	0.02681	0.01388	0.01088	0.00347	0.01095	0.01097	0.01035	0.01703
6	0.02359	0.01236	0.01674	0.01696	0.01997	0.01129	0.01268	0.02652	0.02424	0.17331	0.05512	0.39122	0.05856	0.02798	0.01325	0.00421	0.00760	0.08168	0.01104	0.01166
7	0.06694	0.01275	0.01553	0.01480	0.01747	0.01217	0.01031	0.02529	0.02191	0.14478	0.07706	0.21823	0.04880	0.23296	0.02741	0.00623	0.00854	0.01881	0.00953	0.01050
8	0.02713	0.01976	0.02364	0.02209	0.02709	0.02107	0.01883	0.21878	0.03558	0.04708	0.04509	0.08422	0.04505	0.02330	0.01340	0.00432	0.01082	0.28893	0.01039	0.01345
9	0.01383	0.00988	0.01327	0.01580	0.01667	0.00932	0.01106	0.01612	0.02141	0.02844	0.05980	0.54817	0.07093	0.03365	0.01406	0.00450	0.00680	0.08717	0.01011	0.00901
10	0.02147	0.01211	0.01612	0.01531	0.01845	0.01099	0.01138	0.02541	0.02781	0.14141	0.29174	0.23791	0.07805	0.02424	0.01281	0.00373	0.00634	0.02150	0.01171	0.01150
11	0.02170	0.01728	0.01900	0.01752	0.02211	0.01807	0.01363	0.10357	0.16470	0.04141	0.11972	0.12890	0.19436	0.02223	0.01236	0.00376	0.00768	0.04836	0.01071	0.01293
12	0.01586	0.01057	0.01189	0.01189	0.01189	0.01057	0.00661	0.01586	0.01586	0.02114	0.03436	0.07135	0.03964	0.61681	0.05550	0.01057	0.01057	0.01586	0.00661	0.00661
13	0.02187	0.05640	0.56031	0.03108	0.04719	0.02532	0.04029	0.03453	0.02302	0.03453	0.01957	0.02302	0.01381	0.01036	0.01036	0.00345	0.01611	0.00806	0.00460	0.01611
14	0.21355	0.01904	0.01902	0.01600	0.02190	0.02041	0.01293	0.14587	0.02945	0.11474	0.02870	0.03049	0.02118	0.01219	0.00858	0.00305	0.00817	0.00901	0.25206	0.01366
15	0.02712	0.02342	0.02465	0.02219	0.02835	0.02712	0.01726	0.05794	0.52909	0.04561	0.04438	0.04068	0.03328	0.01479	0.01109	0.00370	0.00863	0.01233	0.01109	0.01726
16	0.01989	0.01605	0.01830	0.01688	0.02098	0.01693	0.01290	0.03511	0.22988	0.04322	0.30522	0.06719	0.11389	0.01976	0.01216	0.00356	0.00657	0.01705	0.01147	0.01298
17	0.02839	0.01401	0.01873	0.01592	0.02076	0.01251	0.01251	0.03317	0.03100	0.24204	0.34960	0.06430	0.07352	0.01889	0.01213	0.00341	0.00674	0.01633	0.01258	0.01349
18	0.23876	0.01989	0.01745	0.01573	0.01958	0.06717	0.01143	0.07985	0.02320	0.03767	0.06507	0.04525	0.03095	0.25448	0.02749	0.00620	0.01043	0.01150	0.00747	0.01044
19	0.03203	0.02986	0.05168	0.03760	0.04770	0.03007	0.31355	0.22617	0.03596	0.04846	0.02371	0.02812	0.01734	0.01075	0.01208	0.00351	0.01583	0.01165	0.00767	0.01624
20	0.02128	0.02009	0.03396	0.53387	0.12642	0.02441	0.03063	0.02847	0.02213	0.02870	0.01950	0.02884	0.01483	0.01077	0.01089	0.00359	0.01436	0.00969	0.00490	0.01267
21	0.01704	0.01504	0.02504	0.02638	0.08989	0.01415	0.09561	0.02082	0.02261	0.03017	0.05424	0.38516	0.10713	0.02622	0.01324	0.00407	0.00908	0.02444	0.00876	0.01093
22	0.02318	0.02202	0.03738	0.37844	0.26701	0.02491	0.03157	0.03013	0.02303	0.03100	0.01984	0.02823	0.01564	0.01042	0.01086	0.00347	0.01389	0.00970	0.00507	0.01420
23	0.04079	0.05008	0.03106	0.02783	0.03372	0.52554	0.02104	0.08484	0.03269	0.03039	0.01768	0.02024	0.01444	0.01140	0.00993	0.00285	0.01899	0.00727	0.00608	0.01316
24	0.01359	0.01031	0.01253	0.01359	0.01557	0.00925	0.00958	0.01641	0.02412	0.03152	0.17257	0.34592	0.22609	0.02973	0.01338	0.00399	0.00584	0.02624	0.01050	0.00925
25	0.03274	0.09323	0.03552	0.13058	0.14769	0.06942	0.02366	0.10274	0.09275	0.12441	0.02692	0.02901	0.01998	0.01171	0.01039	0.00326	0.01232	0.00962	0.00803	0.01602
26	0.02825	0.16124	0.24055	0.02457	0.03556	0.02837	0.02638	0.04291	0.16259	0.10167	0.02841	0.02849	0.02085	0.01176	0.00993	0.00328	0.01227	0.00913	0.00752	0.01629
27	0.01373	0.00984	0.01305	0.01488	0.01591	0.00916	0.01016	0.01631	0.02297	0.03116	0.16117	0.49913	0.07855	0.03168	0.01370	0.00422	0.00608	0.02864	0.01052	0.00916
28	0.02025	0.01861	0.03100	0.52627	0.06918	0.02291	0.02885	0.02726	0.02217	0.02840	0.02370	0.03966	0.01997	0.01307	0.01137	0.00379	0.01403	0.06220	0.00543	0.01188
29	0.30056	0.02435	0.02546	0.09497	0.03370	0.02743	0.01805	0.22057	0.03273	0.09310	0.02218	0.02401	0.01597	0.01164	0.00925	0.00337	0.01070	0.00832	0.00864	0.01500
30	0.01479	0.01079	0.01423	0.01643	0.01813	0.01024	0.01259	0.01792	0.02291	0.02978	0.06561	0.36962	0.12842	0.03187	0.01420	0.00455	0.00757	0.19094	0.01009	0.00933
31	0.21205	0.02469	0.03908	0.02969	0.03835	0.02518	0.22272	0.04055	0.11429	0.10658	0.02681	0.02919	0.01955	0.01099	0.01063	0.00356	0.01276	0.01062	0.00786	0.01485
32	0.02763	0.02241	0.03411	0.02658	0.03432	0.02223	0.15057	0.04284	0.20533	0.10870	0.09829	0.04024	0.03473	0.01328	0.01145	0.00338	0.01089	0.01257	0.00947	0.09096
33	0.02989	0.02460	0.03158	0.03090	0.13621	0.08096	0.06184	0.03513	0.02628	0.12463	0.05719	0.03003	0.02360	0.01071	0.01005	0.00268	0.01130	0.00938	0.00763	0.25542
34	0.10535	0.02312	0.03311	0.04196	0.28049	0.02303	0.02386	0.03901	0.08868	0.12470	0.02653	0.02888	0.02017	0.01085	0.01011	0.00316	0.01076	0.00947	0.00773	0.08904
35	0.23683	0.03003	0.12657	0.03061	0.04085	0.02493	0.22061	0.03601	0.02366	0.09803	0.02186	0.02556	0.01579	0.01016	0.01032	0.00351	0.01387	0.00968	0.00665	0.01447
36	0.02935	0.07567	0.03172	0.24863	0.04741	0.05680	0.02219	0.08739	0.02720	0.10930	0.02300	0.02705	0.01701	0.01085	0.00995	0.00300	0.01229	0.00875	0.00711	0.14532
37	0.01354	0.01046	0.01236	0.01317	0.01546	0.00928	0.00939	0.01644	0.02449	0.03163	0.17589	0.29605	0.27453	0.02911	0.01328	0.00392	0.00576	0.02546	0.01049	0.00928
38	0.02494	0.02513	0.02783	0.02444	0.02886	0.15056	0.09141	0.06497	0.02581	0.03133	0.03363	0.15102	0.03422	0.06882	0.11958	0.00672	0.01668	0.05514	0.00736	0.01154
39	0.02020	0.01198	0.01545	0.01405	0.01736	0.01100	0.01072	0.02522	0.03004	0.10819	0.42486	0.07142	0.08517	0.02014	0.01205	0.00333	0.00566	0.01758	0.08427	0.01132
40	0.01713	0.01395	0.02059	0.11281	0.02837	0.01671	0.01627	0.02070	0.01829	0.02558	0.02990	0.10343	0.03011	0.12543	0.29356	0.01149	0.08594	0.01373	0.00612	0.00989
41	0.02059	0.01938	0.03270	0.59060	0.07510	0.02422	0.03028	0.02786	0.02180	0.02786	0.01938	0.02907	0.01453	0.01090	0.01090	0.00363	0.01453	0.00969	0.00484	0.01211
42	0.21274	0.09510	0.03126	0.02257	0.03000	0.13524	0.04949	0.17988	0.03200	0.04667	0.02051	0.02278	0.01580	0.01125	0.00909	0.00309	0.01250	0.00801	0.04768	0.01434
43	0.61128	0.02499	0.01791	0.01608	0.02268	0.09380	0.01298	0.03350	0.02012	0.04611	0.01539	0.01796	0.01209	0.01026	0.00714	0.00330	0.00985	0.00605	0.00660	0.01191
44	0.02144	0.01970	0.03180	0.20236	0.25613	0.02072	0.02552	0.02746	0.02496	0.03394	0.11817	0.04647	0.09730	0.01440	0.01143	0.00344	0.01118	0.01305	0.00693	0.01360
45	0.01894	0.00947	0.01420	0.01420	0.01420	0.00947	0.00947	0.01420	0.01420	0.01894	0.01894	0.03314	0.01894	0.03788	0.04261	0.68277	0.00947	0.00947	0.00473	0.00473
46	0.11314	0.03974	0.30717	0.02713	0.03896	0.02390	0.07138	0.03740	0.08088	0.07867	0.05822	0.02980	0.02286	0.01175	0.01040	0.00348	0.01321	0.00967	0.00687	0.01536
47	0.02535	0.21455	0.09442	0.09995	0.14940	0.03033	0.12926	0.03182	0.02343	0.03089	0.02148	0.06154	0.01897	0.01123	0.01022	0.00319	0.01374	0.01038	0.00536	0.01448
48	0.01817	0.01612	0.02343	0.19543	0.03739	0.01914	0.01977	0.02235	0.02149	0.02838	0.04620	0.16694	0.11947	0.02231	0.01743	0.00420	0.13004	0.07366	0.00739	0.01069
49	0.03399	0.02737	0.02779	0.02128	0.03006	0.08295	0.01717	0.22732	0.03569	0.08336	0.02346	0.02472	0.01763	0.01082	0.00961	0.00253	0.01100	0.00819	0.00865	0.29642
50	0.35409	0.02174	0.02053	0.01805	0.02476	0.02457	0.01447	0.04480	0.22446	0.10481	0.03001	0.02910	0.02212	0.01237	0.00896	0.00350	0.00861	0.00905	0.00925	0.01475
51	0.02370	0.20580	0.36453	0.09080	0.04514	0.03003	0.03330	0.03327	0.02265	0.03137	0.01835	0.02220	0.01394	0.01014	0.00951	0.00317	0.01473	0.00764	0.00465	0.01509
52	0.09249	0.17298	0.18202	0.02283	0.03351	0.02823	0.02369	0.10607	0.02852	0.17297	0.02512	0.02533	0.01774	0.01129	0.00949	0.00314	0.01205	0.00834	0.00799	0.01621
53	0.01328	0.00949	0.01265	0.01518	0.01581	0.00886	0.01012	0.01518	0.02088	0.02783	0.06010	0.60969	0.07212	0.03416	0.01392	0.00443	0.00633	0.03100	0.01012	0.00886
54	0.01441	0.01043	0.01413	0.01506	0.01659	0.01015	0.01076	0.01777	0.02379	0.03294	0.22279	0.33216	0.07537	0.03793	0.10633	0.00625	0.00971	0.02388	0.01007	0.00950
55	0.02198	0.01865	0.02190	0.01594	0.02500	0.01416	0.01269	0.02685	0.02334	0.03625	0.06550	0.02779	0.02379	0.00933	0.00850	0.00177	0.00782	0.00763	0.00695	0.62417
56	0.69383	0.02109	0.01603	0.01434	0.02109	0.02446	0.01181	0.03205	0.01856	0.04892	0.01518	0.01771	0.01181	0.01012	0.00675	0.00337	0.00843	0.00590	0.00675	0.01181
57	0.02915	0.62337	0.05714	0.01866	0.02799	0.04314	0.01866	0.03265	0.02215	0.02565	0.01516	0.01749	0.01399	0.00933	0.00700	0.00233	0.01166	0.00583	0.00466	0.01399
58	0.01445	0.01097	0.01330	0.01301	0.01576	0.00982	0.00965	0.01856	0.02810	0.03786	0.36511	0.13532	0.23836	0.02500	0.01296	0.00360	0.00537	0.02174	0.01125	0.00982
59	0.01430	0.01110	0.01301	0.01253	0.01560	0.00981	0.00940	0.01839	0.02820	0.03740	0.35131	0.09186	0.29856	0.02465	0.01287	0.00354	0.00531	0.02118	0.01117	0.00981
60	0.04145	0.03054	0.03272	0.02509	0.03381	0.03381	0.02072	0.51243	0.05127	0.06872	0.02618	0.02618	0.01854	0.01309	0.01091	0.00327	0.01200	0.00982	0.01091	0.01854
61	0.01423	0.01106	0.01300	0.01310	0.01601	0.00983	0.00991	0.01797	0.02675	0.03485	0.26251	0.14179	0.30196	0.02641	0.01314	0.00376	0.00580	0.05747	0.01082	0.00964
62	0.20818	0.01947	0.02464	0.03050	0.17453	0.02057	0.01825	0.03132	0.08109	0.04178	0.15035	0.08410	0.04237	0.01531	0.01044	0.00347	0.00882	0.01300	0.00837	0.01343
63	0.02379	0.01929	0.03187	0.52620	0.06977	0.02330	0.02867	0.03071	0.02286	0.08744	0.02204	0.02998	0.01594	0.01119	0.01091	0.00360	0.01394	0.00983	0.00582	0.01284
64	0.02850	0.07416	0.03348	0.07358	0.03577	0.12801	0.07991	0.09516	0.02916	0.03760	0.07654	0.02992	0.02520	0.01137	0.01007	0.00275	0.01263	0.00949	0.00709	0.19960
65	0.21468	0.11059	0.06092	0.01876	0.02672	0.02514	0.01654	0.06849	0.10103	0.09743	0.02685	0.06027	0.02176	0.01247	0.00900	0.00311	0.00958	0.00939	0.00814	0.09912

[dist]
# distance from previous block
# <min> <max>
0	6

[block]
# block no. 4 follows, 12 sequences, length 39
# corresponding to MSA columns:
# 1714-1752
name=unknown_E
#
# <colnr> <probs for GDERKNQSTAVLIFYWHMCP>
#	G	D	E	R	K	N	Q	S	T	A	V	L	I	F	Y	W	H	M	C	P
0	0.52276	0.07814	0.07411	0.01863	0.02680	0.02642	0.05202	0.03255	0.01982	0.04448	0.01610	0.01906	0.01254	0.01000	0.00756	0.00331	0.01018	0.00662	0.00627	0.01262
1	0.18360	0.18026	0.21811	0.02276	0.03350	0.06821	0.02452	0.03612	0.02322	0.09032	0.01977	0.02171	0.01480	0.01045	0.00874	0.00311	0.01280	0.00725	0.00613	0.01461
2	0.02458	0.26766	0.37282	0.02645	0.04003	0.03196	0.03223	0.03383	0.02270	0.03122	0.01792	0.02096	0.01388	0.00998	0.00911	0.00304	0.01445	0.00723	0.00463	0.01532
3	0.02211	0.02369	0.09581	0.07065	0.10605	0.02027	0.05340	0.07953	0.07389	0.03760	0.07934	0.17479	0.07914	0.01878	0.01198	0.00370	0.01060	0.01676	0.00836	0.01356
4	0.01875	0.01476	0.01777	0.01562	0.02010	0.01396	0.01197	0.02827	0.11522	0.04256	0.36193	0.06373	0.07512	0.01841	0.01169	0.00315	0.00628	0.01604	0.01084	0.13384
5	0.01521	0.01073	0.01299	0.01296	0.01544	0.00982	0.00952	0.01934	0.02702	0.03792	0.31350	0.16626	0.17619	0.02404	0.01236	0.00353	0.00540	0.02097	0.09696	0.00982
6	0.02334	0.02173	0.03239	0.02313	0.03314	0.01759	0.12919	0.02921	0.02334	0.03539	0.02001	0.02420	0.01624	0.00834	0.00920	0.00210	0.01049	0.00796	0.00624	0.52678
7	0.03880	0.01558	0.01994	0.01613	0.02248	0.01395	0.01305	0.04332	0.02825	0.37374	0.04038	0.03836	0.02733	0.01321	0.00978	0.00308	0.00779	0.01068	0.24855	0.01558
8	0.02915	0.62337	0.05714	0.01866	0.02799	0.04314	0.01866	0.03265	0.02215	0.02565	0.01516	0.01749	0.01399	0.00933	0.00700	0.00233	0.01166	0.00583	0.00466	0.01399
9	0.02074	0.01116	0.01312	0.01335	0.01608	0.01082	0.01036	0.02534	0.02418	0.07624	0.08011	0.12987	0.04466	0.01903	0.01026	0.00331	0.00636	0.08844	0.38595	0.01061
10	0.01820	0.01091	0.01458	0.01550	0.01744	0.01000	0.01091	0.02090	0.02375	0.09832	0.13271	0.45416	0.07107	0.02966	0.01337	0.00414	0.00652	0.02667	0.01085	0.01033
11	0.01342	0.01001	0.01250	0.01411	0.01562	0.00909	0.00973	0.01586	0.02282	0.02987	0.12234	0.44171	0.18029	0.03145	0.01358	0.00416	0.00602	0.02803	0.01032	0.00909
12	0.01372	0.00982	0.01304	0.01489	0.01591	0.00914	0.01015	0.01627	0.02288	0.03103	0.15722	0.50346	0.07830	0.03177	0.01370	0.00423	0.00609	0.02873	0.01050	0.00914
13	0.04221	0.02215	0.03127	0.08344	0.03680	0.02166	0.06460	0.14411	0.03387	0.35052	0.03506	0.03327	0.02294	0.01273	0.01112	0.00341	0.01125	0.01077	0.01130	0.01751
14	0.69383	0.02109	0.01603	0.01434	0.02109	0.02446	0.01181	0.03205	0.01856	0.04892	0.01518	0.01771	0.01181	0.01012	0.00675	0.00337	0.00843	0.00590	0.00675	0.01181
15	0.03548	0.10467	0.03339	0.02337	0.03139	0.03296	0.01940	0.31150	0.19384	0.05610	0.03033	0.02950	0.02247	0.01313	0.01046	0.00328	0.01092	0.01007	0.01016	0.01756
16	0.03183	0.01473	0.01740	0.01492	0.02006	0.01417	0.01181	0.03930	0.07953	0.23563	0.03931	0.03932	0.02815	0.01322	0.00925	0.00298	0.00704	0.01069	0.35658	0.01408
17	0.01562	0.01267	0.01405	0.01343	0.01703	0.01189	0.01015	0.02284	0.09188	0.03659	0.25512	0.08835	0.32226	0.02408	0.01265	0.00359	0.00579	0.02047	0.01091	0.01062
18	0.02006	0.01217	0.01606	0.01450	0.01789	0.01108	0.01108	0.02508	0.03091	0.11464	0.47387	0.07531	0.09238	0.02107	0.01260	0.00342	0.00572	0.01851	0.01221	0.01143
19	0.03093	0.18342	0.18602	0.02597	0.03549	0.22366	0.02545	0.04029	0.09075	0.03110	0.02077	0.02281	0.01644	0.01100	0.00948	0.00299	0.01536	0.00772	0.00581	0.01453
20	0.02187	0.05640	0.56031	0.03108	0.04719	0.02532	0.04029	0.03453	0.02302	0.03453	0.01957	0.02302	0.01381	0.01036	0.01036	0.00345	0.01611	0.00806	0.00460	0.01611
21	0.04826	0.01961	0.02596	0.01990	0.02836	0.01759	0.01644	0.09365	0.03298	0.51333	0.04153	0.03615	0.02625	0.01346	0.01096	0.00336	0.00952	0.01086	0.01327	0.01855
22	0.02492	0.01819	0.02139	0.01856	0.02331	0.01891	0.01492	0.19499	0.03735	0.05115	0.29756	0.06722	0.06785	0.02004	0.01245	0.00358	0.00820	0.07486	0.01136	0.01318
23	0.01328	0.00949	0.01265	0.01518	0.01581	0.00886	0.01012	0.01518	0.02088	0.02783	0.06010	0.60969	0.07212	0.03416	0.01392	0.00443	0.00633	0.03100	0.01012	0.00886
24	0.02712	0.02342	0.02465	0.02219	0.02835	0.02712	0.01726	0.05794	0.52909	0.04561	0.04438	0.04068	0.03328	0.01479	0.01109	0.00370	0.00863	0.01233	0.01109	0.01726
25	0.69383	0.02109	0.01603	0.01434	0.02109	0.02446	0.01181	0.03205	0.01856	0.04892	0.01518	0.01771	0.01181	0.01012	0.00675	0.00337	0.00843	0.00590	0.00675	0.01181
26	0.02187	0.05640	0.56031	0.03108	0.04719	0.02532	0.04029	0.03453	0.02302	0.03453	0.01957	0.02302	0.01381	0.01036	0.01036	0.00345	0.01611	0.00806	0.00460	0.01611
27	0.04145	0.03054	0.03272	0.02509	0.03381	0.03381	0.02072	0.51243	0.05127	0.06872	0.02618	0.02618	0.01854	0.01309	0.01091	0.00327	0.01200	0.00982	0.01091	0.01854
28	0.02298	0.01908	0.02109	0.01919	0.02408	0.02116	0.01479	0.04471	0.35268	0.04494	0.22095	0.05512	0.05793	0.01745	0.01172	0.00360	0.00740	0.01494	0.01142	0.01479
29	0.02261	0.01938	0.02261	0.01615	0.02584	0.01453	0.01292	0.02745	0.02261	0.03553	0.01938	0.02261	0.01615	0.00807	0.00807	0.00161	0.00807	0.00646	0.00646	0.68346
30	0.02574	0.02941	0.06434	0.04596	0.05699	0.02757	0.50919	0.03493	0.02574	0.03493	0.02206	0.02941	0.01654	0.00919	0.01287	0.00368	0.01838	0.01287	0.00551	0.01471
31	0.01867	0.01184	0.01778	0.09047	0.02501	0.01246	0.01502	0.01893	0.01904	0.02494	0.03273	0.06443	0.03389	0.03166	0.02878	0.35537	0.01032	0.17448	0.00663	0.00756
32	0.02699	0.02591	0.04426	0.06693	0.54879	0.02591	0.03346	0.03346	0.02483	0.03562	0.02051	0.02699	0.01727	0.00972	0.01079	0.00324	0.01295	0.00972	0.00540	0.01727
33	0.03060	0.10189	0.16463	0.09859	0.04058	0.15702	0.02594	0.13545	0.03114	0.03874	0.05663	0.02720	0.02124	0.01194	0.01024	0.00317	0.01464	0.00898	0.00673	0.01466
34	0.03689	0.02396	0.02538	0.02021	0.02746	0.09484	0.01625	0.07381	0.02879	0.24494	0.02987	0.02978	0.02116	0.01224	0.01175	0.00291	0.05497	0.00910	0.06226	0.17344
35	0.01334	0.01090	0.01179	0.01191	0.01509	0.00934	0.00880	0.01640	0.02540	0.03159	0.17506	0.15450	0.42308	0.02745	0.01299	0.00372	0.00555	0.02332	0.01043	0.00934
36	0.28261	0.07587	0.09535	0.02143	0.02991	0.11218	0.01948	0.13135	0.02871	0.08155	0.02015	0.02173	0.01498	0.01110	0.00883	0.00320	0.01217	0.00748	0.00745	0.01447
37	0.02348	0.15365	0.15547	0.02075	0.03088	0.02388	0.02092	0.03171	0.05976	0.03303	0.02132	0.02487	0.01746	0.01626	0.06146	0.00384	0.01272	0.00763	0.00594	0.27499
38	0.16437	0.09053	0.20346	0.02437	0.03449	0.06410	0.05899	0.03618	0.02397	0.11996	0.02489	0.06516	0.01987	0.01237	0.00980	0.00336	0.01277	0.00977	0.00701	0.01457

[dist]
# distance from previous block
# <min> <max>
6	37

[block]
# block no. 5 follows, 12 sequences, length 21
# corresponding to MSA columns:
# 1791-1811
name=unknown_F
#
# <colnr> <probs for GDERKNQSTAVLIFYWHMCP>
#	G	D	E	R	K	N	Q	S	T	A	V	L	I	F	Y	W	H	M	C	P
0	0.02618	0.08988	0.07676	0.02101	0.02755	0.14289	0.01826	0.06395	0.11897	0.03452	0.05059	0.05437	0.16358	0.01749	0.01109	0.00341	0.01155	0.04648	0.00827	0.01320
1	0.20449	0.08034	0.03471	0.04002	0.26730	0.02538	0.02325	0.03659	0.02410	0.13272	0.02270	0.02551	0.01730	0.01047	0.00941	0.00321	0.01099	0.00858	0.00715	0.01577
2	0.02006	0.02054	0.08104	0.17464	0.04098	0.01778	0.08551	0.02605	0.02421	0.06324	0.09018	0.14428	0.12905	0.01869	0.01215	0.00373	0.01106	0.01688	0.00790	0.01203
3	0.02662	0.33716	0.04580	0.02342	0.02829	0.03849	0.02114	0.02959	0.01955	0.02593	0.01475	0.02053	0.01415	0.01399	0.02074	0.00350	0.29103	0.00760	0.00472	0.01301
4	0.02614	0.02505	0.04273	0.13602	0.48629	0.02568	0.03304	0.03272	0.02443	0.03460	0.02036	0.02726	0.01691	0.00987	0.01081	0.00329	0.01316	0.00971	0.00532	0.01659
5	0.02587	0.02236	0.02306	0.02109	0.02518	0.09482	0.01672	0.03739	0.16646	0.07595	0.16824	0.05697	0.04987	0.01871	0.01491	0.00379	0.08125	0.07419	0.00985	0.01331
6	0.03012	0.02574	0.03167	0.02690	0.02900	0.08486	0.02215	0.03288	0.02077	0.12258	0.01978	0.02584	0.01659	0.01727	0.02865	0.00432	0.43169	0.00955	0.00644	0.01320
7	0.01701	0.01344	0.01565	0.01495	0.01846	0.01320	0.01148	0.02618	0.11941	0.03957	0.30672	0.08291	0.20527	0.02284	0.01268	0.00365	0.00619	0.04793	0.01121	0.01125
8	0.01328	0.00949	0.01265	0.01518	0.01581	0.00886	0.01012	0.01518	0.02088	0.02783	0.06010	0.60969	0.07212	0.03416	0.01392	0.00443	0.00633	0.03100	0.01012	0.00886
9	0.01823	0.01277	0.01534	0.01462	0.01595	0.01358	0.00978	0.06419	0.01967	0.02677	0.03224	0.05963	0.03441	0.42013	0.18590	0.01168	0.01555	0.01420	0.00682	0.00856
10	0.25637	0.02527	0.02591	0.02054	0.02856	0.02752	0.01695	0.27174	0.03691	0.15082	0.02564	0.02539	0.01787	0.01219	0.00956	0.00332	0.01034	0.00874	0.01002	0.01634
11	0.69383	0.02109	0.01603	0.01434	0.02109	0.02446	0.01181	0.03205	0.01856	0.04892	0.01518	0.01771	0.01181	0.01012	0.00675	0.00337	0.00843	0.00590	0.00675	0.01181
12	0.02712	0.02342	0.02465	0.02219	0.02835	0.02712	0.01726	0.05794	0.52909	0.04561	0.04438	0.04068	0.03328	0.01479	0.01109	0.00370	0.00863	0.01233	0.01109	0.01726
13	0.02666	0.02398	0.03506	0.18449	0.24384	0.02649	0.02720	0.08035	0.16160	0.03921	0.02712	0.03112	0.02098	0.01167	0.01091	0.00347	0.01211	0.01042	0.00726	0.01607
14	0.01354	0.01031	0.01247	0.01355	0.01554	0.00923	0.00954	0.01632	0.02401	0.03126	0.16450	0.34662	0.23405	0.02984	0.01338	0.00400	0.00585	0.02630	0.01046	0.00923
15	0.01481	0.01058	0.01440	0.01692	0.01822	0.01017	0.01277	0.01781	0.02238	0.02954	0.05926	0.43675	0.06879	0.03272	0.01432	0.00464	0.00765	0.18891	0.01009	0.00928
16	0.02480	0.02759	0.05859	0.14490	0.06028	0.02697	0.42219	0.03364	0.02502	0.03364	0.02157	0.02935	0.01618	0.00950	0.01251	0.00367	0.01768	0.01229	0.00539	0.01423
17	0.03134	0.02484	0.03728	0.02942	0.03472	0.02869	0.11698	0.09931	0.06327	0.13127	0.02482	0.02890	0.01900	0.01502	0.02167	0.00403	0.25603	0.01070	0.00778	0.01494
18	0.03205	0.03234	0.12528	0.02499	0.03402	0.02954	0.02287	0.24038	0.24088	0.05309	0.03240	0.03152	0.02369	0.01329	0.01088	0.00348	0.01137	0.01052	0.00984	0.01758
19	0.33950	0.02318	0.02365	0.01996	0.02590	0.02718	0.01640	0.11566	0.07646	0.09200	0.02224	0.02426	0.01688	0.01301	0.01352	0.00364	0.11602	0.00831	0.00811	0.01409
20	0.21773	0.27261	0.07807	0.02606	0.11008	0.03184	0.02046	0.03424	0.02228	0.07305	0.01836	0.02089	0.01483	0.00999	0.00806	0.00293	0.01111	0.00700	0.00601	0.01438

[dist]
# distance from previous block
# <min> <max>
0	7

[block]
# block no. 6 follows, 12 sequences, length 128
# corresponding to MSA columns:
# 1819-1946
name=unknown_G
#
# <colnr> <probs for GDERKNQSTAVLIFYWHMCP>
#	G	D	E	R	K	N	Q	S	T	A	V	L	I	F	Y	W	H	M	C	P
0	0.03116	0.02600	0.03332	0.08153	0.21473	0.07169	0.02384	0.13361	0.03153	0.08790	0.07108	0.03181	0.02564	0.01197	0.01069	0.00311	0.01195	0.01021	0.00794	0.08028
1	0.11860	0.02408	0.02583	0.02059	0.02816	0.05974	0.01676	0.18744	0.03581	0.26224	0.08091	0.03457	0.02904	0.01367	0.01056	0.00331	0.01032	0.01059	0.01123	0.01656
2	0.11552	0.02101	0.02440	0.02324	0.07552	0.06604	0.01659	0.04149	0.02811	0.30486	0.08267	0.08835	0.03418	0.01522	0.01079	0.00341	0.00980	0.01252	0.01078	0.01548
3	0.02294	0.09138	0.03676	0.19892	0.15820	0.02469	0.06819	0.03125	0.07018	0.03312	0.07563	0.08471	0.03057	0.01381	0.01107	0.00345	0.01202	0.01262	0.00674	0.01373
4	0.09492	0.01365	0.01421	0.01294	0.01775	0.01205	0.00988	0.02016	0.02394	0.03403	0.11781	0.11655	0.30758	0.02198	0.01136	0.00330	0.00636	0.01827	0.00922	0.13404
5	0.02421	0.02263	0.03611	0.25211	0.27566	0.02430	0.02884	0.03303	0.06926	0.03364	0.02215	0.02858	0.01760	0.01046	0.01060	0.00327	0.01268	0.00963	0.00581	0.07943
6	0.02659	0.02295	0.02441	0.02148	0.02806	0.02564	0.01675	0.05436	0.46961	0.04443	0.04144	0.03856	0.03127	0.01400	0.01074	0.00345	0.00856	0.01164	0.01055	0.09550
7	0.02261	0.01938	0.02261	0.01615	0.02584	0.01453	0.01292	0.02745	0.02261	0.03553	0.01938	0.02261	0.01615	0.00807	0.00807	0.00161	0.00807	0.00646	0.00646	0.68346
8	0.02915	0.62337	0.05714	0.01866	0.02799	0.04314	0.01866	0.03265	0.02215	0.02565	0.01516	0.01749	0.01399	0.00933	0.00700	0.00233	0.01166	0.00583	0.00466	0.01399
9	0.44941	0.08441	0.02562	0.02308	0.08570	0.11225	0.01646	0.03407	0.02157	0.04164	0.01607	0.01909	0.01301	0.01017	0.00773	0.00317	0.01103	0.00652	0.00621	0.01279
10	0.69383	0.02109	0.01603	0.01434	0.02109	0.02446	0.01181	0.03205	0.01856	0.04892	0.01518	0.01771	0.01181	0.01012	0.00675	0.00337	0.00843	0.00590	0.00675	0.01181
11	0.02033	0.01016	0.01016	0.01016	0.01270	0.01016	0.00762	0.02541	0.02287	0.04065	0.03557	0.04065	0.02795	0.01270	0.00762	0.00254	0.00508	0.01016	0.67734	0.01016
12	0.01374	0.00984	0.01306	0.01487	0.01592	0.00916	0.01016	0.01633	0.02301	0.03123	0.16326	0.49685	0.07869	0.03162	0.01369	0.00421	0.00607	0.02859	0.01052	0.00916
13	0.03507	0.01449	0.01797	0.01492	0.02050	0.01319	0.01195	0.03970	0.02717	0.30649	0.03941	0.03883	0.02745	0.01311	0.00935	0.00297	0.00724	0.01058	0.33512	0.01449
14	0.01549	0.01134	0.01566	0.01511	0.01746	0.01151	0.01151	0.02017	0.02597	0.03697	0.35443	0.06727	0.07512	0.04412	0.21868	0.00860	0.01398	0.01677	0.00974	0.01009
15	0.01645	0.01221	0.01545	0.01446	0.01734	0.01175	0.01090	0.02383	0.07427	0.04389	0.49960	0.07790	0.09682	0.02164	0.01271	0.00345	0.00545	0.01907	0.01192	0.01090
16	0.01367	0.00979	0.01300	0.01492	0.01590	0.00911	0.01015	0.01615	0.02266	0.03068	0.14646	0.51523	0.07762	0.03204	0.01373	0.00425	0.00611	0.02898	0.01046	0.00911
17	0.02198	0.02210	0.04127	0.44307	0.07019	0.02513	0.16001	0.02977	0.02287	0.02977	0.02011	0.02916	0.01508	0.01044	0.01143	0.00365	0.01558	0.01055	0.00503	0.01281
18	0.02712	0.02342	0.02465	0.02219	0.02835	0.02712	0.01726	0.05794	0.52909	0.04561	0.04438	0.04068	0.03328	0.01479	0.01109	0.00370	0.00863	0.01233	0.01109	0.01726
19	0.69383	0.02109	0.01603	0.01434	0.02109	0.02446	0.01181	0.03205	0.01856	0.04892	0.01518	0.01771	0.01181	0.01012	0.00675	0.00337	0.00843	0.00590	0.00675	0.01181
20	0.01586	0.01057	0.01189	0.01189	0.01189	0.01057	0.00661	0.01586	0.01586	0.02114	0.03436	0.07135	0.03964	0.61681	0.05550	0.01057	0.01057	0.01586	0.00661	0.00661
21	0.25190	0.03415	0.18603	0.02283	0.03311	0.02654	0.02326	0.16744	0.03009	0.09609	0.02207	0.02342	0.01565	0.01132	0.00937	0.00337	0.01182	0.00810	0.00786	0.01558
22	0.03238	0.02604	0.02762	0.02325	0.03036	0.02958	0.01853	0.22476	0.35370	0.05409	0.03770	0.03536	0.02787	0.01417	0.01103	0.00354	0.00987	0.01141	0.01103	0.01773
23	0.03968	0.02233	0.02630	0.02137	0.02902	0.02305	0.01726	0.13111	0.21729	0.28797	0.04072	0.03661	0.02790	0.01390	0.01100	0.00348	0.00949	0.01127	0.01218	0.01808
24	0.02574	0.02941	0.06434	0.04596	0.05699	0.02757	0.50919	0.03493	0.02574	0.03493	0.02206	0.02941	0.01654	0.00919	0.01287	0.00368	0.01838	0.01287	0.00551	0.01471
25	0.69383	0.02109	0.01603	0.01434	0.02109	0.02446	0.01181	0.03205	0.01856	0.04892	0.01518	0.01771	0.01181	0.01012	0.00675	0.00337	0.00843	0.00590	0.00675	0.01181
26	0.02394	0.02779	0.10416	0.24230	0.24269	0.02553	0.11208	0.03187	0.02371	0.03266	0.02026	0.02765	0.01579	0.01012	0.01112	0.00347	0.01478	0.01003	0.00513	0.01491
27	0.01328	0.00949	0.01265	0.01518	0.01581	0.00886	0.01012	0.01518	0.02088	0.02783	0.06010	0.60969	0.07212	0.03416	0.01392	0.00443	0.00633	0.03100	0.01012	0.00886
28	0.01732	0.01239	0.01722	0.01933	0.02185	0.01228	0.01672	0.02235	0.02578	0.03393	0.11473	0.11811	0.06746	0.02920	0.01480	0.00483	0.00947	0.42188	0.01027	0.01007
29	0.02059	0.01938	0.03270	0.59060	0.07510	0.02422	0.03028	0.02786	0.02180	0.02786	0.01938	0.02907	0.01453	0.01090	0.01090	0.00363	0.01453	0.00969	0.00484	0.01211
30	0.02361	0.01943	0.02205	0.02142	0.02624	0.02177	0.01737	0.04496	0.34410	0.04085	0.04928	0.07089	0.04410	0.02042	0.01255	0.00418	0.00915	0.18230	0.01071	0.01461
31	0.01461	0.01160	0.01344	0.01436	0.01761	0.01043	0.01169	0.01820	0.02494	0.03062	0.09110	0.11156	0.36759	0.02853	0.01368	0.00417	0.00718	0.18906	0.01009	0.00951
32	0.01644	0.02671	0.21367	0.02102	0.02733	0.01490	0.02119	0.02228	0.02166	0.03029	0.04522	0.39435	0.05072	0.02542	0.01261	0.00407	0.00992	0.02258	0.00810	0.01152
33	0.01671	0.01246	0.01606	0.01550	0.01607	0.01414	0.01068	0.01813	0.01644	0.02296	0.03050	0.05745	0.03305	0.39039	0.20446	0.01192	0.08487	0.01390	0.00617	0.00815
34	0.04233	0.02913	0.03185	0.02442	0.03311	0.03172	0.02017	0.45849	0.04891	0.12599	0.02816	0.02746	0.01953	0.01314	0.01091	0.00328	0.01168	0.00995	0.01121	0.01854
35	0.11193	0.02638	0.02731	0.02258	0.02998	0.02985	0.01819	0.26132	0.25212	0.05649	0.03268	0.03140	0.02407	0.01347	0.01050	0.00347	0.01014	0.01043	0.01050	0.01720
36	0.02250	0.10579	0.51648	0.03000	0.04552	0.02687	0.03840	0.03437	0.02294	0.03376	0.01918	0.02254	0.01383	0.01027	0.01007	0.00336	0.01573	0.00786	0.00461	0.01593
37	0.02298	0.02357	0.04521	0.35003	0.10523	0.02558	0.20631	0.03089	0.02348	0.03106	0.02045	0.02903	0.01548	0.01018	0.01161	0.00362	0.01582	0.01086	0.00513	0.01346
38	0.01543	0.01115	0.01457	0.01372	0.01629	0.01029	0.01029	0.02058	0.03086	0.04372	0.54304	0.08145	0.10288	0.02229	0.01286	0.00343	0.00514	0.01972	0.01200	0.01029
39	0.02921	0.02446	0.02583	0.02261	0.02915	0.02810	0.01776	0.12436	0.45927	0.04899	0.04172	0.03856	0.03113	0.01454	0.01107	0.00364	0.00912	0.01196	0.01107	0.01745
40	0.28563	0.01948	0.02190	0.01754	0.02536	0.01912	0.01448	0.04540	0.02656	0.37009	0.03280	0.02999	0.02142	0.01226	0.00942	0.00337	0.00897	0.00911	0.01102	0.01608
41	0.03512	0.32881	0.04361	0.02352	0.03094	0.31630	0.01990	0.03826	0.02666	0.02619	0.01603	0.01861	0.01402	0.01031	0.00846	0.00258	0.01579	0.00644	0.00516	0.01330
42	0.03788	0.03666	0.02904	0.02505	0.03172	0.26134	0.01949	0.14430	0.17227	0.08907	0.02874	0.02838	0.02145	0.01280	0.01050	0.00320	0.01410	0.00942	0.00893	0.01566
43	0.02613	0.01603	0.02463	0.03007	0.16635	0.01535	0.01765	0.02814	0.02296	0.13629	0.07137	0.12564	0.03490	0.02328	0.02053	0.19690	0.00958	0.01399	0.00810	0.01211
44	0.02187	0.05640	0.56031	0.03108	0.04719	0.02532	0.04029	0.03453	0.02302	0.03453	0.01957	0.02302	0.01381	0.01036	0.01036	0.00345	0.01611	0.00806	0.00460	0.01611
45	0.03403	0.02071	0.02409	0.02052	0.02722	0.02181	0.01627	0.05327	0.31106	0.22884	0.08319	0.04261	0.03651	0.01492	0.01119	0.00356	0.00859	0.01242	0.01203	0.01718
46	0.29992	0.01488	0.01438	0.01460	0.01784	0.01613	0.01080	0.02312	0.01924	0.03572	0.03553	0.19963	0.03898	0.14789	0.01988	0.00535	0.00847	0.05998	0.00795	0.00973
47	0.01826	0.01150	0.01468	0.01485	0.01761	0.01040	0.01102	0.02167	0.02578	0.09477	0.19599	0.27367	0.16309	0.02707	0.01317	0.00394	0.00646	0.05453	0.01101	0.01052
48	0.01491	0.01017	0.01217	0.01310	0.01333	0.00994	0.00790	0.01561	0.01770	0.02360	0.04380	0.26895	0.05156	0.40295	0.04023	0.00832	0.00901	0.02141	0.00790	0.00743
49	0.01303	0.01047	0.01164	0.01256	0.01513	0.00908	0.00896	0.01548	0.02339	0.02886	0.09197	0.29021	0.37103	0.03002	0.01326	0.00396	0.00582	0.02594	0.01012	0.00908
50	0.02604	0.01289	0.01657	0.01537	0.01836	0.01186	0.01079	0.02801	0.02246	0.20058	0.04499	0.22228	0.04524	0.24117	0.02820	0.00633	0.00886	0.01880	0.00995	0.01125
51	0.01472	0.01081	0.01190	0.01180	0.01345	0.01004	0.00765	0.01633	0.02092	0.02685	0.12203	0.08486	0.23233	0.33072	0.03485	0.00720	0.00808	0.01894	0.00853	0.00799
52	0.01328	0.00949	0.01265	0.01518	0.01581	0.00886	0.01012	0.01518	0.02088	0.02783	0.06010	0.60969	0.07212	0.03416	0.01392	0.00443	0.00633	0.03100	0.01012	0.00886
53	0.01366	0.00976	0.01308	0.01561	0.01641	0.00918	0.01077	0.01583	0.02124	0.02825	0.05989	0.56729	0.07130	0.03381	0.01402	0.00448	0.00665	0.06971	0.01011	0.00896
54	0.01940	0.01162	0.01429	0.01358	0.01676	0.01056	0.01018	0.02358	0.02728	0.09886	0.26617	0.14588	0.15298	0.02229	0.01197	0.00346	0.00585	0.01930	0.11513	0.01086
55	0.01651	0.01034	0.01239	0.01239	0.01239	0.01034	0.00722	0.01550	0.01550	0.02067	0.03107	0.06321	0.03523	0.49339	0.05275	0.15387	0.01034	0.01449	0.00621	0.00621
56	0.04892	0.01856	0.02530	0.01940	0.02783	0.01603	0.01603	0.05314	0.03121	0.55634	0.04302	0.03711	0.02699	0.01350	0.01096	0.00337	0.00928	0.01096	0.01350	0.01856
57	0.01794	0.01268	0.01422	0.01406	0.01707	0.01225	0.01037	0.07603	0.02679	0.03674	0.10477	0.24292	0.20191	0.02482	0.01201	0.00364	0.00643	0.02138	0.13352	0.01045
58	0.03850	0.01727	0.02286	0.01868	0.02536	0.01572	0.01531	0.07469	0.03191	0.36733	0.14622	0.05376	0.04548	0.01688	0.01175	0.00354	0.00869	0.05736	0.01268	0.01603
59	0.04892	0.01856	0.02530	0.01940	0.02783	0.01603	0.01603	0.05314	0.03121	0.55634	0.04302	0.03711	0.02699	0.01350	0.01096	0.00337	0.00928	0.01096	0.01350	0.01856
60	0.04371	0.02692	0.03048	0.02337	0.03201	0.02844	0.01930	0.37358	0.04520	0.21614	0.03127	0.02948	0.02110	0.01321	0.01092	0.00330	0.01118	0.01016	0.01169	0.01855
61	0.22411	0.01644	0.01852	0.01726	0.02166	0.01867	0.01370	0.03044	0.07899	0.07666	0.02785	0.03455	0.02329	0.04692	0.29224	0.01052	0.01895	0.00996	0.00733	0.01194
