[name]
unknown

[dist]
# distance from previous block
# <min> <max>
0	58

[block]
# block no. 0 follows, 14 sequences, length 24
# corresponding to MSA columns:
# 59-82
name=unknown_A
#
# <colnr> <probs for GDERKNQSTAVLIFYWHMCP>
#	G	D	E	R	K	N	Q	S	T	A	V	L	I	F	Y	W	H	M	C	P
0	0.04223	0.01634	0.02179	0.01703	0.02418	0.01430	0.01396	0.04631	0.02826	0.50527	0.03949	0.03540	0.02553	0.01260	0.00987	0.00306	0.00817	0.01021	0.10964	0.01634
1	0.71184	0.01985	0.01508	0.01350	0.01985	0.02302	0.01111	0.03017	0.01746	0.04604	0.01429	0.01667	0.01111	0.00953	0.00635	0.00318	0.00794	0.00556	0.00635	0.01111
2	0.71184	0.01985	0.01508	0.01350	0.01985	0.02302	0.01111	0.03017	0.01746	0.04604	0.01429	0.01667	0.01111	0.00953	0.00635	0.00318	0.00794	0.00556	0.00635	0.01111
3	0.16657	0.01746	0.01926	0.01728	0.02234	0.01848	0.01382	0.07076	0.12408	0.15282	0.03577	0.05093	0.03109	0.10407	0.01620	0.00448	0.00894	0.10353	0.00929	0.01284
4	0.04505	0.01906	0.02481	0.01902	0.02699	0.01746	0.01571	0.11965	0.03205	0.50902	0.03824	0.03347	0.02428	0.01265	0.01031	0.00316	0.00910	0.01017	0.01236	0.01746
5	0.71184	0.01985	0.01508	0.01350	0.01985	0.02302	0.01111	0.03017	0.01746	0.04604	0.01429	0.01667	0.01111	0.00953	0.00635	0.00318	0.00794	0.00556	0.00635	0.01111
6	0.03501	0.01513	0.01963	0.01585	0.02223	0.01304	0.01281	0.03869	0.02782	0.40007	0.09616	0.05438	0.17050	0.01672	0.01092	0.00325	0.00754	0.01384	0.01178	0.01463
7	0.01280	0.01042	0.01133	0.01110	0.01427	0.00895	0.00833	0.01603	0.02498	0.03150	0.23492	0.09255	0.43785	0.02458	0.01212	0.00340	0.00510	0.02079	0.01003	0.00895
8	0.04604	0.01746	0.02382	0.01826	0.02620	0.01508	0.01508	0.05001	0.02937	0.58244	0.04049	0.03493	0.02540	0.01270	0.01032	0.00318	0.00873	0.01032	0.01270	0.01746
9	0.01938	0.01824	0.03078	0.61468	0.07068	0.02280	0.02850	0.02622	0.02052	0.02622	0.01824	0.02736	0.01368	0.01026	0.01026	0.00342	0.01368	0.00912	0.00456	0.01140
10	0.02553	0.02204	0.02320	0.02088	0.02669	0.02553	0.01624	0.05453	0.55679	0.04293	0.04177	0.03829	0.03133	0.01392	0.01044	0.00348	0.00812	0.01160	0.01044	0.01624
11	0.03739	0.01493	0.01924	0.01546	0.02162	0.01331	0.01254	0.04162	0.02685	0.40755	0.03823	0.03600	0.02569	0.01246	0.00931	0.00292	0.00746	0.01008	0.23241	0.01493
12	0.02998	0.02426	0.02571	0.02179	0.02838	0.02761	0.01732	0.21538	0.38868	0.05012	0.03611	0.03378	0.02674	0.01339	0.01038	0.00335	0.00917	0.01082	0.01038	0.01664
13	0.04604	0.01746	0.02382	0.01826	0.02620	0.01508	0.01508	0.05001	0.02937	0.58244	0.04049	0.03493	0.02540	0.01270	0.01032	0.00318	0.00873	0.01032	0.01270	0.01746
14	0.02128	0.01824	0.02128	0.01520	0.02432	0.01368	0.01216	0.02584	0.02128	0.03344	0.01824	0.02128	0.01520	0.00760	0.00760	0.00152	0.00760	0.00608	0.00608	0.70208
15	0.01250	0.00893	0.01191	0.01429	0.01488	0.00834	0.00953	0.01429	0.01965	0.02620	0.05656	0.63265	0.06787	0.03215	0.01310	0.00417	0.00595	0.02917	0.00953	0.00834
16	0.02646	0.56151	0.12927	0.01922	0.02890	0.03823	0.02045	0.03098	0.02097	0.02533	0.01486	0.01720	0.01315	0.00892	0.00703	0.00234	0.01157	0.00578	0.00438	0.01345
17	0.01938	0.01824	0.03078	0.61468	0.07068	0.02280	0.02850	0.02622	0.02052	0.02622	0.01824	0.02736	0.01368	0.01026	0.01026	0.00342	0.01368	0.00912	0.00456	0.01140
18	0.01233	0.01040	0.01067	0.01060	0.01398	0.00875	0.00795	0.01511	0.02386	0.02883	0.14245	0.09694	0.53199	0.02558	0.01213	0.00345	0.00517	0.02140	0.00968	0.00875
19	0.02540	0.02438	0.04165	0.06299	0.57533	0.02438	0.03149	0.03149	0.02337	0.03353	0.01930	0.02540	0.01626	0.00914	0.01016	0.00305	0.01219	0.00914	0.00508	0.01626
20	0.01250	0.00893	0.01191	0.01429	0.01488	0.00834	0.00953	0.01429	0.01965	0.02620	0.05656	0.63265	0.06787	0.03215	0.01310	0.00417	0.00595	0.02917	0.00953	0.00834
21	0.01250	0.00893	0.01191	0.01429	0.01488	0.00834	0.00953	0.01429	0.01965	0.02620	0.05656	0.63265	0.06787	0.03215	0.01310	0.00417	0.00595	0.02917	0.00953	0.00834
22	0.01834	0.01261	0.01397	0.01295	0.01412	0.01305	0.00810	0.08954	0.01965	0.02625	0.03124	0.06113	0.03449	0.55043	0.04628	0.00897	0.01014	0.01412	0.00679	0.00781
23	0.02422	0.02768	0.06055	0.04325	0.05363	0.02595	0.53806	0.03287	0.02422	0.03287	0.02076	0.02768	0.01557	0.00865	0.01211	0.00346	0.01730	0.01211	0.00519	0.01384

[dist]
# distance from previous block
# <min> <max>
0	2

[block]
# block no. 1 follows, 14 sequences, length 7
# corresponding to MSA columns:
# 85-91
name=unknown_B
#
# <colnr> <probs for GDERKNQSTAVLIFYWHMCP>
#	G	D	E	R	K	N	Q	S	T	A	V	L	I	F	Y	W	H	M	C	P
0	0.04604	0.01746	0.02382	0.01826	0.02620	0.01508	0.01508	0.05001	0.02937	0.58244	0.04049	0.03493	0.02540	0.01270	0.01032	0.00318	0.00873	0.01032	0.01270	0.01746
1	0.01467	0.01091	0.01393	0.01437	0.01700	0.01017	0.01157	0.01898	0.02598	0.03469	0.29436	0.09464	0.18864	0.02455	0.01280	0.00378	0.00647	0.18282	0.01029	0.00938
2	0.03738	0.02347	0.11600	0.01952	0.02886	0.01627	0.01832	0.04276	0.02664	0.39270	0.03283	0.03028	0.02152	0.01129	0.00973	0.00289	0.00959	0.00910	0.01013	0.14073
3	0.29866	0.02285	0.02323	0.01855	0.02599	0.02476	0.01531	0.23694	0.03228	0.17157	0.02416	0.02385	0.01677	0.01133	0.00878	0.00314	0.00944	0.00806	0.00930	0.01502
4	0.03965	0.02142	0.02577	0.01958	0.02780	0.02053	0.01611	0.21268	0.03447	0.31801	0.03151	0.02923	0.02106	0.01175	0.00986	0.00288	0.00942	0.00927	0.01080	0.12822
5	0.56519	0.01932	0.01701	0.01454	0.02124	0.02127	0.01199	0.03454	0.02009	0.16419	0.02006	0.02069	0.01426	0.01023	0.00722	0.00318	0.00811	0.00661	0.00775	0.01251
6	0.02919	0.02112	0.02337	0.02020	0.02629	0.02307	0.01622	0.15504	0.28950	0.11214	0.04362	0.04669	0.07003	0.01568	0.01087	0.00347	0.00881	0.05869	0.01052	0.01546

[dist]
# distance from previous block
# <min> <max>
0	1

[block]
# block no. 2 follows, 14 sequences, length 149
# corresponding to MSA columns:
# 93-241
name=unknown_C
#
# <colnr> <probs for GDERKNQSTAVLIFYWHMCP>
#	G	D	E	R	K	N	Q	S	T	A	V	L	I	F	Y	W	H	M	C	P
0	0.03410	0.02865	0.07068	0.10071	0.03741	0.02959	0.02177	0.40042	0.08102	0.05569	0.02464	0.02580	0.01768	0.01198	0.01024	0.00317	0.01165	0.00928	0.00910	0.01641
1	0.13113	0.01816	0.02140	0.01618	0.02443	0.01559	0.01318	0.03617	0.02398	0.25567	0.02660	0.02609	0.01870	0.00993	0.00851	0.00242	0.00810	0.00771	0.00878	0.32725
2	0.02934	0.02219	0.02526	0.02380	0.06647	0.02462	0.01747	0.09402	0.40625	0.11430	0.03852	0.03575	0.02828	0.01328	0.01039	0.00338	0.00877	0.01106	0.01034	0.01651
3	0.04134	0.01752	0.02310	0.01802	0.02527	0.01582	0.01476	0.08814	0.03095	0.46762	0.10800	0.03947	0.03401	0.01375	0.01055	0.00317	0.00845	0.01130	0.01231	0.01645
4	0.01466	0.01100	0.01649	0.01649	0.01833	0.01283	0.01283	0.01833	0.01649	0.02382	0.02749	0.04032	0.02566	0.07697	0.59868	0.01649	0.02749	0.01100	0.00550	0.00916
5	0.02551	0.02235	0.02560	0.02636	0.09806	0.02538	0.01823	0.05153	0.48740	0.04171	0.03885	0.03661	0.02937	0.01330	0.01041	0.00342	0.00865	0.01128	0.00974	0.01624
6	0.66816	0.02042	0.01610	0.01415	0.02062	0.02359	0.01166	0.06333	0.01946	0.04725	0.01496	0.01719	0.01153	0.00971	0.00660	0.00317	0.00816	0.00580	0.00660	0.01153
7	0.01377	0.01026	0.01281	0.01259	0.01498	0.00930	0.00928	0.01775	0.02666	0.03645	0.40758	0.15504	0.18876	0.02348	0.01224	0.00340	0.00506	0.02060	0.01070	0.00930
8	0.56351	0.01769	0.01446	0.01337	0.01856	0.02009	0.01056	0.02713	0.01814	0.04225	0.05110	0.07644	0.02272	0.05575	0.01044	0.00373	0.00773	0.00898	0.00690	0.01045
9	0.02384	0.02645	0.05544	0.03960	0.04982	0.02436	0.46965	0.03196	0.02384	0.03295	0.02043	0.02685	0.01552	0.00851	0.01152	0.00321	0.01604	0.01133	0.00531	0.10337
10	0.04337	0.01806	0.02374	0.01860	0.02626	0.01644	0.01523	0.05060	0.09798	0.51226	0.04065	0.03537	0.02617	0.01286	0.01034	0.00322	0.00865	0.01049	0.01241	0.01731
11	0.11577	0.01473	0.01765	0.01482	0.01937	0.01400	0.01102	0.03342	0.02208	0.28948	0.03396	0.04566	0.02843	0.26482	0.02672	0.00590	0.00912	0.01159	0.00930	0.01215
12	0.03017	0.01864	0.02559	0.13922	0.07394	0.01953	0.01909	0.13529	0.02869	0.19463	0.03320	0.10625	0.02778	0.01930	0.04956	0.00428	0.01142	0.04029	0.00902	0.01410
13	0.02499	0.02397	0.04092	0.10043	0.54109	0.02428	0.03129	0.03114	0.02317	0.03303	0.01923	0.02553	0.01608	0.00922	0.01017	0.00307	0.01229	0.00914	0.00504	0.01593
14	0.01213	0.01040	0.01040	0.01040	0.01386	0.00866	0.00780	0.01473	0.02339	0.02772	0.10396	0.09876	0.57117	0.02599	0.01213	0.00347	0.00520	0.02166	0.00953	0.00866
15	0.01395	0.01043	0.01431	0.01471	0.01641	0.01107	0.01090	0.01692	0.01855	0.02546	0.07409	0.16189	0.10732	0.10136	0.34093	0.01130	0.01805	0.01645	0.00714	0.00875
16	0.02546	0.01879	0.02971	0.41823	0.09581	0.02158	0.02528	0.03314	0.05777	0.13713	0.02424	0.02942	0.01733	0.01090	0.01028	0.00335	0.01223	0.00952	0.00658	0.01326
17	0.02058	0.05308	0.58618	0.02925	0.04442	0.02383	0.03792	0.03250	0.02167	0.03250	0.01842	0.02167	0.01300	0.00975	0.00975	0.00325	0.01517	0.00758	0.00433	0.01517
18	0.02058	0.05308	0.58618	0.02925	0.04442	0.02383	0.03792	0.03250	0.02167	0.03250	0.01842	0.02167	0.01300	0.00975	0.00975	0.00325	0.01517	0.00758	0.00433	0.01517
19	0.71184	0.01985	0.01508	0.01350	0.01985	0.02302	0.01111	0.03017	0.01746	0.04604	0.01429	0.01667	0.01111	0.00953	0.00635	0.00318	0.00794	0.00556	0.00635	0.01111
20	0.01429	0.01078	0.01270	0.01268	0.01501	0.00969	0.00897	0.01674	0.02130	0.02822	0.13560	0.18811	0.19438	0.17102	0.02160	0.00503	0.00690	0.05062	0.00870	0.06768
21	0.01565	0.01235	0.01780	0.17181	0.03027	0.01345	0.01495	0.02038	0.05991	0.02688	0.04274	0.38784	0.04747	0.02529	0.01403	0.05222	0.00834	0.02120	0.00794	0.00946
22	0.04461	0.01976	0.02524	0.01935	0.02734	0.01849	0.01598	0.14999	0.03322	0.47703	0.03726	0.03283	0.02378	0.01262	0.01031	0.00316	0.00925	0.01010	0.01221	0.01746
23	0.01492	0.00995	0.01119	0.01119	0.01119	0.00995	0.00622	0.01492	0.01492	0.01990	0.03233	0.06716	0.03731	0.63935	0.05223	0.00995	0.00995	0.01492	0.00622	0.00622
24	0.01783	0.00891	0.01337	0.01337	0.01337	0.00891	0.00891	0.01337	0.01337	0.01783	0.01783	0.03119	0.01783	0.03565	0.04011	0.70143	0.00891	0.00891	0.00446	0.00446
25	0.02540	0.02438	0.04165	0.06299	0.57533	0.02438	0.03149	0.03149	0.02337	0.03353	0.01930	0.02540	0.01626	0.00914	0.01016	0.00305	0.01219	0.00914	0.00508	0.01626
26	0.71184	0.01985	0.01508	0.01350	0.01985	0.02302	0.01111	0.03017	0.01746	0.04604	0.01429	0.01667	0.01111	0.00953	0.00635	0.00318	0.00794	0.00556	0.00635	0.01111
27	0.03833	0.04891	0.02908	0.02644	0.03173	0.59815	0.01983	0.04098	0.02908	0.02512	0.01586	0.01851	0.01322	0.01058	0.00925	0.00264	0.01851	0.00661	0.00529	0.01190
28	0.66665	0.01968	0.01568	0.01382	0.02028	0.02248	0.01138	0.03151	0.01827	0.08244	0.01607	0.01791	0.01208	0.00974	0.00662	0.00318	0.00799	0.00588	0.00678	0.01154
29	0.01569	0.01179	0.01471	0.01413	0.01675	0.01157	0.01052	0.02327	0.09647	0.03942	0.43368	0.14481	0.08450	0.02153	0.01202	0.00338	0.00541	0.01905	0.01095	0.01036
30	0.03833	0.04891	0.02908	0.02644	0.03173	0.59815	0.01983	0.04098	0.02908	0.02512	0.01586	0.01851	0.01322	0.01058	0.00925	0.00264	0.01851	0.00661	0.00529	0.01190
31	0.01364	0.01046	0.01249	0.01198	0.01479	0.00931	0.00899	0.01765	0.02696	0.03619	0.39772	0.08483	0.27212	0.02283	0.01211	0.00332	0.00497	0.01970	0.01064	0.00931
32	0.01281	0.01042	0.01134	0.01111	0.01428	0.00895	0.00833	0.01605	0.02500	0.03155	0.23681	0.09246	0.43593	0.02456	0.01212	0.00340	0.00510	0.02077	0.01003	0.00895
33	0.01938	0.01824	0.03078	0.61468	0.07068	0.02280	0.02850	0.02622	0.02052	0.02622	0.01824	0.02736	0.01368	0.01026	0.01026	0.00342	0.01368	0.00912	0.00456	0.01140
34	0.01294	0.01043	0.01152	0.01125	0.01436	0.00901	0.00844	0.01630	0.02531	0.03228	0.26204	0.09126	0.41024	0.02429	0.01212	0.00338	0.00508	0.02061	0.01013	0.00901
35	0.02548	0.01250	0.01548	0.01359	0.01628	0.01169	0.00923	0.02683	0.01983	0.21075	0.03510	0.05622	0.03327	0.42675	0.03801	0.00765	0.00954	0.01336	0.00842	0.01003
36	0.02128	0.01824	0.02128	0.01520	0.02432	0.01368	0.01216	0.02584	0.02128	0.03344	0.01824	0.02128	0.01520	0.00760	0.00760	0.00152	0.00760	0.00608	0.00608	0.70208
37	0.01466	0.01100	0.01649	0.01649	0.01833	0.01283	0.01283	0.01833	0.01649	0.02382	0.02749	0.04032	0.02566	0.07697	0.59868	0.01649	0.02749	0.01100	0.00550	0.00916
38	0.04140	0.02492	0.02843	0.02180	0.02992	0.02614	0.01800	0.37450	0.04185	0.24033	0.03001	0.02813	0.02015	0.01245	0.01028	0.00311	0.01042	0.00961	0.01109	0.01746
39	0.04604	0.01746	0.02382	0.01826	0.02620	0.01508	0.01508	0.05001	0.02937	0.58244	0.04049	0.03493	0.02540	0.01270	0.01032	0.00318	0.00873	0.01032	0.01270	0.01746
40	0.04194	0.01656	0.02250	0.01756	0.02478	0.01438	0.01438	0.04603	0.02933	0.51202	0.10936	0.04036	0.03469	0.01378	0.01055	0.00318	0.00823	0.01139	0.01252	0.01645
41	0.02422	0.02768	0.06055	0.04325	0.05363	0.02595	0.53806	0.03287	0.02422	0.03287	0.02076	0.02768	0.01557	0.00865	0.01211	0.00346	0.01730	0.01211	0.00519	0.01384
42	0.01282	0.00906	0.01181	0.01389	0.01440	0.00855	0.00910	0.01437	0.01903	0.02538	0.05341	0.55909	0.06390	0.11114	0.01819	0.00492	0.00647	0.02732	0.00910	0.00806
43	0.04175	0.02228	0.02654	0.02058	0.02847	0.02250	0.01692	0.24547	0.07530	0.33742	0.03428	0.03108	0.02268	0.01264	0.01031	0.00316	0.00970	0.00998	0.01157	0.01737
44	0.04142	0.02488	0.02841	0.02178	0.02990	0.02609	0.01799	0.37287	0.04178	0.24206	0.03007	0.02816	0.02018	0.01245	0.01028	0.00311	0.01042	0.00961	0.01110	0.01746
45	0.03833	0.04891	0.02908	0.02644	0.03173	0.59815	0.01983	0.04098	0.02908	0.02512	0.01586	0.01851	0.01322	0.01058	0.00925	0.00264	0.01851	0.00661	0.00529	0.01190
46	0.02654	0.56845	0.12304	0.01908	0.02869	0.03842	0.02021	0.03096	0.02096	0.02523	0.01481	0.01714	0.01315	0.00891	0.00700	0.00233	0.01152	0.00576	0.00438	0.01343
47	0.02234	0.02003	0.03094	0.02889	0.10015	0.02091	0.12949	0.06209	0.15971	0.03483	0.06379	0.04041	0.02945	0.11124	0.09381	0.00602	0.01341	0.01210	0.00739	0.01300
48	0.01468	0.01091	0.01604	0.01604	0.01771	0.01258	0.01226	0.01803	0.01636	0.02349	0.02790	0.04262	0.02665	0.12519	0.55182	0.01593	0.02598	0.01133	0.00556	0.00891
49	0.02540	0.02438	0.04165	0.06299	0.57533	0.02438	0.03149	0.03149	0.02337	0.03353	0.01930	0.02540	0.01626	0.00914	0.01016	0.00305	0.01219	0.00914	0.00508	0.01626
50	0.02466	0.02047	0.03180	0.41914	0.13087	0.02375	0.02678	0.09943	0.02531	0.06912	0.02073	0.02722	0.01532	0.01055	0.01025	0.00331	0.01282	0.00922	0.00595	0.01329
51	0.01413	0.01056	0.01483	0.01837	0.05661	0.01007	0.01209	0.01684	0.02111	0.02838	0.08910	0.47977	0.06492	0.02918	0.01296	0.00410	0.00681	0.09171	0.00931	0.00916
52	0.01250	0.00893	0.01191	0.01429	0.01488	0.00834	0.00953	0.01429	0.01965	0.02620	0.05656	0.63265	0.06787	0.03215	0.01310	0.00417	0.00595	0.02917	0.00953	0.00834
53	0.04298	0.01854	0.02645	0.02027	0.02823	0.01662	0.05327	0.04909	0.06688	0.50365	0.03914	0.03464	0.02511	0.01249	0.01046	0.00322	0.00931	0.01054	0.01199	0.01711
54	0.08544	0.46570	0.04415	0.01747	0.02568	0.03520	0.01645	0.03343	0.09031	0.02913	0.01813	0.01967	0.01550	0.00943	0.00714	0.00240	0.01010	0.00633	0.00547	0.06288
55	0.08049	0.04650	0.46637	0.03229	0.11138	0.02383	0.03478	0.03217	0.02153	0.03379	0.01818	0.02172	0.01326	0.00965	0.00951	0.00322	0.01416	0.00761	0.00460	0.01496
56	0.08695	0.15172	0.03613	0.10141	0.06608	0.19153	0.05452	0.03208	0.02226	0.02776	0.01579	0.02079	0.01346	0.01126	0.01339	0.00312	0.12697	0.00756	0.00494	0.01227
57	0.49596	0.02106	0.02240	0.01894	0.02408	0.02524	0.05351	0.02907	0.01756	0.03997	0.01458	0.01888	0.01201	0.01147	0.01329	0.00351	0.15445	0.00687	0.00582	0.01135
58	0.02304	0.03913	0.32841	0.11380	0.18912	0.02442	0.03365	0.06795	0.02388	0.03427	0.01908	0.02362	0.01428	0.00984	0.00996	0.00321	0.01390	0.00832	0.00499	0.01513
59	0.01250	0.00893	0.01191	0.01429	0.01488	0.00834	0.00953	0.01429	0.01965	0.02620	0.05656	0.63265	0.06787	0.03215	0.01310	0.00417	0.00595	0.02917	0.00953	0.00834
60	0.26281	0.07844	0.02538	0.01918	0.02598	0.07066	0.01569	0.16289	0.16301	0.04638	0.02392	0.02423	0.01813	0.01134	0.00859	0.00311	0.00987	0.00807	0.00810	0.01421
61	0.01411	0.01017	0.01335	0.01319	0.01524	0.00941	0.00965	0.01833	0.02712	0.03809	0.46471	0.19061	0.09089	0.02327	0.01231	0.00342	0.00507	0.02073	0.01093	0.00941
62	0.11555	0.01962	0.02509	0.02539	0.13891	0.01733	0.01648	0.03108	0.02239	0.11449	0.02116	0.02351	0.01636	0.00891	0.00836	0.00229	0.00877	0.00726	0.00686	0.37017
63	0.02128	0.02836	0.15506	0.30842	0.09290	0.02394	0.16356	0.02960	0.02191	0.02973	0.01900	0.02613	0.01420	0.00966	0.01063	0.00337	0.01484	0.00958	0.00471	0.01313
64	0.01938	0.01824	0.03078	0.61468	0.07068	0.02280	0.02850	0.02622	0.02052	0.02622	0.01824	0.02736	0.01368	0.01026	0.01026	0.00342	0.01368	0.00912	0.00456	0.01140
65	0.01250	0.00893	0.01191	0.01429	0.01488	0.00834	0.00953	0.01429	0.01965	0.02620	0.05656	0.63265	0.06787	0.03215	0.01310	0.00417	0.00595	0.02917	0.00953	0.00834
66	0.02059	0.01281	0.01574	0.01583	0.01868	0.01278	0.01150	0.02820	0.12543	0.11462	0.04960	0.38408	0.05136	0.02422	0.01174	0.00376	0.00671	0.02150	0.05952	0.01134
67	0.04398	0.02077	0.02586	0.01982	0.02784	0.01998	0.01638	0.19373	0.03490	0.43092	0.03585	0.03192	0.02308	0.01259	0.01030	0.00315	0.00948	0.01000	0.01199	0.01746
68	0.71184	0.01985	0.01508	0.01350	0.01985	0.02302	0.01111	0.03017	0.01746	0.04604	0.01429	0.01667	0.01111	0.00953	0.00635	0.00318	0.00794	0.00556	0.00635	0.01111
69	0.04604	0.01746	0.02382	0.01826	0.02620	0.01508	0.01508	0.05001	0.02937	0.58244	0.04049	0.03493	0.02540	0.01270	0.01032	0.00318	0.00873	0.01032	0.01270	0.01746
70	0.01894	0.01029	0.01213	0.01246	0.01454	0.00992	0.00904	0.02222	0.02099	0.07877	0.04160	0.20573	0.04112	0.10021	0.01539	0.00408	0.00645	0.05174	0.31491	0.00947
71	0.04604	0.01746	0.02382	0.01826	0.02620	0.01508	0.01508	0.05001	0.02937	0.58244	0.04049	0.03493	0.02540	0.01270	0.01032	0.00318	0.00873	0.01032	0.01270	0.01746
72	0.71184	0.01985	0.01508	0.01350	0.01985	0.02302	0.01111	0.03017	0.01746	0.04604	0.01429	0.01667	0.01111	0.00953	0.00635	0.00318	0.00794	0.00556	0.00635	0.01111
73	0.01654	0.01181	0.01654	0.01890	0.02126	0.01181	0.01654	0.02126	0.02362	0.03071	0.05433	0.11576	0.05906	0.02835	0.01417	0.00472	0.00945	0.50626	0.00945	0.00945
74	0.02904	0.02252	0.02424	0.02101	0.02731	0.02545	0.01657	0.11744	0.44541	0.09202	0.03943	0.03622	0.02901	0.01361	0.01041	0.00340	0.00859	0.01118	0.01061	0.01651
75	0.27192	0.01827	0.02085	0.01664	0.02404	0.01778	0.01374	0.04328	0.02533	0.40046	0.03160	0.02873	0.02056	0.01162	0.00897	0.00318	0.00846	0.00870	0.01055	0.01531
76	0.02409	0.02054	0.02197	0.01985	0.02521	0.02346	0.01539	0.04996	0.48814	0.04270	0.11047	0.04328	0.03985	0.01484	0.01066	0.00345	0.00769	0.01251	0.01055	0.01539
77	0.04604	0.01746	0.02382	0.01826	0.02620	0.01508	0.01508	0.05001	0.02937	0.58244	0.04049	0.03493	0.02540	0.01270	0.01032	0.00318	0.00873	0.01032	0.01270	0.01746
78	0.01272	0.00932	0.01195	0.01361	0.01481	0.00855	0.00932	0.01501	0.02135	0.02834	0.12945	0.49158	0.13644	0.02990	0.01284	0.00395	0.00571	0.02683	0.00976	0.00855
79	0.02553	0.02204	0.02320	0.02088	0.02669	0.02553	0.01624	0.05453	0.55679	0.04293	0.04177	0.03829	0.03133	0.01392	0.01044	0.00348	0.00812	0.01160	0.01044	0.01624
80	0.02245	0.02245	0.03143	0.02694	0.02694	0.03143	0.02245	0.02470	0.01572	0.02470	0.01347	0.02245	0.01347	0.01796	0.03368	0.00449	0.62057	0.00898	0.00449	0.01123
81	0.02128	0.01824	0.02128	0.01520	0.02432	0.01368	0.01216	0.02584	0.02128	0.03344	0.01824	0.02128	0.01520	0.00760	0.00760	0.00152	0.00760	0.00608	0.00608	0.70208
82	0.01250	0.00893	0.01191	0.01429	0.01488	0.00834	0.00953	0.01429	0.01965	0.02620	0.05656	0.63265	0.06787	0.03215	0.01310	0.00417	0.00595	0.02917	0.00953	0.00834
83	0.02744	0.64552	0.05378	0.01756	0.02634	0.04061	0.01756	0.03073	0.02085	0.02414	0.01427	0.01646	0.01317	0.00878	0.00658	0.00219	0.01097	0.00549	0.00439	0.01317
84	0.02315	0.01955	0.02116	0.01916	0.02423	0.02211	0.01483	0.04694	0.44288	0.04255	0.15577	0.04657	0.04546	0.01545	0.01080	0.00343	0.00741	0.01310	0.01063	0.01483
85	0.01383	0.01051	0.01283	0.01295	0.01558	0.00952	0.00993	0.01766	0.02571	0.03410	0.30563	0.13118	0.25030	0.02449	0.01246	0.00358	0.00565	0.08457	0.01032	0.00921
86	0.01938	0.01824	0.03078	0.61468	0.07068	0.02280	0.02850	0.02622	0.02052	0.02622	0.01824	0.02736	0.01368	0.01026	0.01026	0.00342	0.01368	0.00912	0.00456	0.01140
87	0.01250	0.00893	0.01191	0.01429	0.01488	0.00834	0.00953	0.01429	0.01965	0.02620	0.05656	0.63265	0.06787	0.03215	0.01310	0.00417	0.00595	0.02917	0.00953	0.00834
88	0.01938	0.01824	0.03078	0.61468	0.07068	0.02280	0.02850	0.02622	0.02052	0.02622	0.01824	0.02736	0.01368	0.01026	0.01026	0.00342	0.01368	0.00912	0.00456	0.01140
89	0.01250	0.00893	0.01191	0.01429	0.01488	0.00834	0.00953	0.01429	0.01965	0.02620	0.05656	0.63265	0.06787	0.03215	0.01310	0.00417	0.00595	0.02917	0.00953	0.00834
90	0.04513	0.01893	0.02472	0.01895	0.02693	0.01726	0.01566	0.11390	0.03183	0.51508	0.03842	0.03359	0.02437	0.01265	0.01031	0.00316	0.00907	0.01018	0.01238	0.01746
91	0.01278	0.00913	0.01223	0.01461	0.01533	0.00858	0.01001	0.01477	0.01992	0.02651	0.05641	0.59685	0.06726	0.03189	0.01317	0.00421	0.00620	0.06222	0.00952	0.00841
92	0.02128	0.01824	0.02128	0.01520	0.02432	0.01368	0.01216	0.02584	0.02128	0.03344	0.01824	0.02128	0.01520	0.00760	0.00760	0.00152	0.00760	0.00608	0.00608	0.70208
93	0.09363	0.04243	0.02810	0.10185	0.03577	0.47398	0.02021	0.03813	0.02697	0.02705	0.01604	0.01950	0.01310	0.01044	0.00914	0.00279	0.01697	0.00685	0.00528	0.01177
94	0.02552	0.02180	0.03044	0.02581	0.02685	0.02931	0.02149	0.02799	0.01749	0.09725	0.01699	0.02407	0.01502	0.01728	0.03064	0.00432	0.54097	0.00915	0.00556	0.01204
95	0.34277	0.02192	0.05878	0.01771	0.02594	0.01971	0.05325	0.03088	0.02046	0.08624	0.01852	0.02083	0.01407	0.00915	0.00774	0.00269	0.00908	0.00676	0.00659	0.22692
96	0.01466	0.01100	0.01649	0.01649	0.01833	0.01283	0.01283	0.01833	0.01649	0.02382	0.02749	0.04032	0.02566	0.07697	0.59868	0.01649	0.02749	0.01100	0.00550	0.00916
97	0.02812	0.02562	0.03454	0.13182	0.27976	0.06306	0.02584	0.13874	0.09779	0.03947	0.02293	0.02677	0.01787	0.01068	0.01017	0.00314	0.01212	0.00931	0.00677	0.01547
98	0.71184	0.01985	0.01508	0.01350	0.01985	0.02302	0.01111	0.03017	0.01746	0.04604	0.01429	0.01667	0.01111	0.00953	0.00635	0.00318	0.00794	0.00556	0.00635	0.01111
99	0.02800	0.01397	0.01900	0.01803	0.02270	0.01289	0.01533	0.03227	0.02590	0.25069	0.05237	0.08228	0.08241	0.02193	0.01249	0.00402	0.00886	0.27352	0.01075	0.01259
100	0.07059	0.01447	0.01656	0.01539	0.01971	0.01446	0.01222	0.03014	0.12855	0.10849	0.17963	0.06979	0.17653	0.01986	0.01141	0.00352	0.00690	0.07969	0.01030	0.01181
101	0.02990	0.29025	0.03992	0.02287	0.02831	0.22715	0.01953	0.03272	0.02238	0.02461	0.01461	0.01863	0.01326	0.01165	0.01415	0.00291	0.16346	0.00673	0.00472	0.01226
102	0.13011	0.01675	0.02080	0.01650	0.02350	0.01541	0.01353	0.04399	0.02678	0.44074	0.03612	0.03296	0.02364	0.01219	0.00939	0.00307	0.00811	0.00959	0.10124	0.01560
103	0.02465	0.01229	0.01556	0.01401	0.01684	0.01138	0.00978	0.02654	0.02128	0.20444	0.07863	0.13100	0.04191	0.31089	0.03055	0.00650	0.00865	0.01556	0.00913	0.01040
104	0.11260	0.01686	0.01956	0.06829	0.02574	0.01833	0.01465	0.06943	0.15353	0.07739	0.14014	0.12476	0.04535	0.01769	0.01082	0.00352	0.00803	0.05127	0.00952	0.01251
105	0.02231	0.01910	0.02282	0.07315	0.06434	0.02141	0.01738	0.04165	0.34099	0.03837	0.08184	0.05231	0.06776	0.01628	0.01109	0.00358	0.00862	0.07343	0.00947	0.01408
106	0.01468	0.01090	0.01395	0.01433	0.01695	0.01016	0.01151	0.01903	0.02613	0.03501	0.30727	0.09386	0.18205	0.02439	0.01278	0.00376	0.00641	0.17709	0.01034	0.00940
107	0.02678	0.01334	0.01840	0.01657	0.02085	0.01258	0.01328	0.03082	0.02527	0.24307	0.15431	0.09605	0.04804	0.03092	0.13117	0.00617	0.01162	0.07802	0.01029	0.01244
108	0.01938	0.01824	0.03078	0.61468	0.07068	0.02280	0.02850	0.02622	0.02052	0.02622	0.01824	0.02736	0.01368	0.01026	0.01026	0.00342	0.01368	0.00912	0.00456	0.01140
109	0.02883	0.02397	0.02467	0.02160	0.02734	0.06507	0.01700	0.08229	0.40807	0.08818	0.03697	0.03475	0.02754	0.01374	0.01182	0.00344	0.04820	0.01083	0.00989	0.01580
110	0.02058	0.05308	0.58618	0.02925	0.04442	0.02383	0.03792	0.03250	0.02167	0.03250	0.01842	0.02167	0.01300	0.00975	0.00975	0.00325	0.01517	0.00758	0.00433	0.01517
111	0.71184	0.01985	0.01508	0.01350	0.01985	0.02302	0.01111	0.03017	0.01746	0.04604	0.01429	0.01667	0.01111	0.00953	0.00635	0.00318	0.00794	0.00556	0.00635	0.01111
112	0.02029	0.01381	0.01680	0.01521	0.01894	0.01315	0.01158	0.08870	0.02757	0.07872	0.22329	0.16485	0.09286	0.06366	0.01442	0.00379	0.00705	0.04528	0.00993	0.07010
113	0.10422	0.01278	0.01584	0.13924	0.02654	0.01356	0.01288	0.01903	0.01983	0.02830	0.05118	0.22529	0.16496	0.10215	0.01649	0.00447	0.00818	0.01827	0.00764	0.00914
114	0.04377	0.02112	0.02608	0.01999	0.02802	0.02050	0.01651	0.20901	0.03548	0.41481	0.03536	0.03160	0.02283	0.01258	0.01030	0.00314	0.00956	0.00997	0.01191	0.01746
115	0.01281	0.00915	0.01226	0.01464	0.01536	0.00860	0.01005	0.01481	0.01995	0.02654	0.05639	0.59371	0.06721	0.03186	0.01318	0.00421	0.00622	0.06512	0.00952	0.00842
116	0.01466	0.01100	0.01649	0.01649	0.01833	0.01283	0.01283	0.01833	0.01649	0.02382	0.02749	0.04032	0.02566	0.07697	0.59868	0.01649	0.02749	0.01100	0.00550	0.00916
117	0.02488	0.02386	0.04072	0.11030	0.53206	0.02425	0.03124	0.03104	0.02312	0.03290	0.01921	0.02557	0.01603	0.00924	0.01017	0.00308	0.01232	0.00914	0.00504	0.01584
118	0.71184	0.01985	0.01508	0.01350	0.01985	0.02302	0.01111	0.03017	0.01746	0.04604	0.01429	0.01667	0.01111	0.00953	0.00635	0.00318	0.00794	0.00556	0.00635	0.01111
119	0.01282	0.00906	0.01181	0.01389	0.01440	0.00855	0.00910	0.01437	0.01903	0.02538	0.05341	0.55909	0.06390	0.11114	0.01819	0.00492	0.00647	0.02732	0.00910	0.00806
120	0.11218	0.01311	0.01572	0.01405	0.01813	0.01243	0.01089	0.02673	0.02659	0.15669	0.31628	0.09692	0.10291	0.01877	0.01103	0.00329	0.00618	0.01598	0.01071	0.01139
121	0.02128	0.01824	0.02128	0.01520	0.02432	0.01368	0.01216	0.02584	0.02128	0.03344	0.01824	0.02128	0.01520	0.00760	0.00760	0.00152	0.00760	0.00608	0.00608	0.70208
122	0.02819	0.02145	0.02328	0.02054	0.02662	0.02417	0.01609	0.05394	0.48818	0.11311	0.04160	0.03785	0.03056	0.01376	0.01043	0.00344	0.00820	0.01144	0.01074	0.01640
123	0.01250	0.00893	0.01191	0.01429	0.01488	0.00834	0.00953	0.01429	0.01965	0.02620	0.05656	0.63265	0.06787	0.03215	0.01310	0.00417	0.00595	0.02917	0.00953	0.00834
124	0.02403	0.01270	0.01557	0.01374	0.01835	0.01097	0.01069	0.02738	0.02601	0.21787	0.15043	0.11393	0.27522	0.02118	0.01158	0.00338	0.00640	0.01790	0.01088	0.01178
125	0.71184	0.01985	0.01508	0.01350	0.01985	0.02302	0.01111	0.03017	0.01746	0.04604	0.01429	0.01667	0.01111	0.00953	0.00635	0.00318	0.00794	0.00556	0.00635	0.01111
126	0.01405	0.01192	0.01231	0.01195	0.01564	0.01093	0.00904	0.02025	0.09321	0.03071	0.13098	0.08923	0.46520	0.02404	0.01191	0.00345	0.00555	0.02012	0.00978	0.00973
127	0.04604	0.01746	0.02382	0.01826	0.02620	0.01508	0.01508	0.05001	0.02937	0.58244	0.04049	0.03493	0.02540	0.01270	0.01032	0.00318	0.00873	0.01032	0.01270	0.01746
128	0.02128	0.01824	0.02128	0.01520	0.02432	0.01368	0.01216	0.02584	0.02128	0.03344	0.01824	0.02128	0.01520	0.00760	0.00760	0.00152	0.00760	0.00608	0.00608	0.70208
129	0.01469	0.01086	0.01580	0.01580	0.01740	0.01245	0.01197	0.01788	0.01629	0.02331	0.02812	0.04381	0.02717	0.15013	0.52759	0.01564	0.02521	0.01151	0.00559	0.00878
130	0.04604	0.01746	0.02382	0.01826	0.02620	0.01508	0.01508	0.05001	0.02937	0.58244	0.04049	0.03493	0.02540	0.01270	0.01032	0.00318	0.00873	0.01032	0.01270	0.01746
131	0.04604	0.01746	0.02382	0.01826	0.02620	0.01508	0.01508	0.05001	0.02937	0.58244	0.04049	0.03493	0.02540	0.01270	0.01032	0.00318	0.00873	0.01032	0.01270	0.01746
132	0.01371	0.01037	0.01193	0.01297	0.01508	0.00967	0.00917	0.01780	0.05649	0.02873	0.07105	0.35712	0.24447	0.02725	0.01214	0.00374	0.00574	0.02387	0.05962	0.00906
133	0.03833	0.04891	0.02908	0.02644	0.03173	0.59815	0.01983	0.04098	0.02908	0.02512	0.01586	0.01851	0.01322	0.01058	0.00925	0.00264	0.01851	0.00661	0.00529	0.01190
134	0.01492	0.00995	0.01119	0.01119	0.01119	0.00995	0.00622	0.01492	0.01492	0.01990	0.03233	0.06716	0.03731	0.63935	0.05223	0.00995	0.00995	0.01492	0.00622	0.00622
135	0.04604	0.01746	0.02382	0.01826	0.02620	0.01508	0.01508	0.05001	0.02937	0.58244	0.04049	0.03493	0.02540	0.01270	0.01032	0.00318	0.00873	0.01032	0.01270	0.01746
136	0.03629	0.02739	0.02926	0.02306	0.03079	0.03055	0.01885	0.44278	0.15102	0.06028	0.02810	0.02740	0.02026	0.01264	0.01030	0.00316	0.01065	0.00972	0.01030	0.01721
137	0.01466	0.01100	0.01649	0.01649	0.01833	0.01283	0.01283	0.01833	0.01649	0.02382	0.02749	0.04032	0.02566	0.07697	0.59868	0.01649	0.02749	0.01100	0.00550	0.00916
138	0.02744	0.64552	0.05378	0.01756	0.02634	0.04061	0.01756	0.03073	0.02085	0.02414	0.01427	0.01646	0.01317	0.00878	0.00658	0.00219	0.01097	0.00549	0.00439	0.01317
139	0.01358	0.00972	0.01307	0.01499	0.01619	0.00921	0.01091	0.01638	0.02178	0.02924	0.13040	0.45163	0.07035	0.02979	0.01316	0.00414	0.00647	0.12047	0.00977	0.00875
140	0.02578	0.01369	0.01699	0.01535	0.01974	0.01248	0.01172	0.06621	0.02605	0.21820	0.06076	0.24819	0.17775	0.02249	0.01170	0.00357	0.00711	0.01936	0.01066	0.01220
141	0.02540	0.02438	0.04165	0.06299	0.57533	0.02438	0.03149	0.03149	0.02337	0.03353	0.01930	0.02540	0.01626	0.00914	0.01016	0.00305	0.01219	0.00914	0.00508	0.01626
142	0.02461	0.02357	0.04022	0.13557	0.50894	0.02417	0.03110	0.03080	0.02299	0.03257	0.01916	0.02566	0.01592	0.00929	0.01017	0.00310	0.01239	0.00914	0.00501	0.01562
143	0.02025	0.01273	0.01819	0.06788	0.02329	0.01362	0.01429	0.05370	0.02026	0.06629	0.02988	0.05032	0.02843	0.03966	0.17437	0.22578	0.01443	0.11085	0.00672	0.00906
144	0.01421	0.01029	0.01422	0.01488	0.01625	0.01078	0.01088	0.01711	0.01919	0.02662	0.10876	0.21092	0.04970	0.12803	0.26091	0.00994	0.01545	0.04556	0.00765	0.00864
145	0.01469	0.01086	0.01580	0.01580	0.01740	0.01245	0.01197	0.01788	0.01629	0.02331	0.02812	0.04381	0.02717	0.15013	0.52759	0.01564	0.02521	0.01151	0.00559	0.00878
146	0.31676	0.18437	0.03033	0.01877	0.02377	0.03026	0.01635	0.02860	0.01780	0.03362	0.01403	0.01843	0.01239	0.01197	0.01497	0.00333	0.20069	0.00661	0.00525	0.01169
147	0.24752	0.07018	0.13153	0.06340	0.02961	0.02163	0.01879	0.03264	0.05726	0.11022	0.02630	0.10251	0.02252	0.01324	0.00902	0.00329	0.00986	0.01034	0.00723	0.01292
148	0.20972	0.16325	0.25265	0.02230	0.03252	0.10208	0.02425	0.03262	0.02134	0.03348	0.01614	0.01886	0.01256	0.00960	0.00813	0.00294	0.01282	0.00649	0.00501	0.01325

[dist]
# distance from previous block
# <min> <max>
1	4

[block]
# block no. 3 follows, 14 sequences, length 87
# corresponding to MSA columns:
# 246-332
name=unknown_D
#
# <colnr> <probs for GDERKNQSTAVLIFYWHMCP>
#	G	D	E	R	K	N	Q	S	T	A	V	L	I	F	Y	W	H	M	C	P
0	0.02444	0.02198	0.03276	0.11503	0.28678	0.02135	0.02385	0.07187	0.02442	0.03518	0.01927	0.02426	0.01568	0.00906	0.00935	0.00260	0.01082	0.00816	0.00577	0.23737
1	0.02335	0.02993	0.12701	0.03775	0.04862	0.02409	0.40254	0.03192	0.02350	0.03289	0.02012	0.02604	0.01517	0.00867	0.01121	0.00318	0.01577	0.01072	0.00519	0.10234
2	0.03159	0.23313	0.03855	0.06414	0.03212	0.03406	0.01988	0.26663	0.03288	0.04319	0.01926	0.02182	0.01523	0.01173	0.01209	0.00299	0.09084	0.00794	0.00714	0.01478
3	0.02950	0.01948	0.02422	0.09927	0.03207	0.01890	0.01646	0.06938	0.13871	0.18070	0.02947	0.02951	0.02124	0.01093	0.00944	0.00272	0.00906	0.00897	0.00879	0.24117
4	0.07035	0.01350	0.01709	0.01568	0.02014	0.01250	0.01266	0.02944	0.02578	0.21333	0.15345	0.11658	0.11963	0.02059	0.01165	0.00362	0.00738	0.11394	0.01068	0.01203
5	0.12743	0.01943	0.02324	0.01826	0.02559	0.01899	0.01500	0.14282	0.03158	0.36482	0.07851	0.03404	0.02799	0.01291	0.00995	0.00316	0.00881	0.01019	0.01128	0.01599
6	0.03669	0.04546	0.02833	0.02572	0.03108	0.52467	0.01937	0.04272	0.09680	0.02740	0.01919	0.02104	0.01554	0.01100	0.00941	0.00275	0.01717	0.00725	0.00595	0.01245
7	0.01271	0.00902	0.01185	0.01403	0.01457	0.00847	0.00925	0.01434	0.01925	0.02567	0.05452	0.58507	0.06530	0.08324	0.01639	0.00465	0.00629	0.02797	0.00925	0.00816
8	0.10343	0.01105	0.01283	0.01355	0.01523	0.01106	0.00951	0.01793	0.02050	0.03069	0.14887	0.28720	0.05928	0.15690	0.02049	0.00513	0.00707	0.05194	0.00876	0.00858
9	0.01458	0.01059	0.01395	0.01450	0.01670	0.00996	0.01131	0.01878	0.02584	0.03528	0.32746	0.17220	0.11480	0.02491	0.01279	0.00377	0.00623	0.14658	0.01043	0.00935
10	0.71184	0.01985	0.01508	0.01350	0.01985	0.02302	0.01111	0.03017	0.01746	0.04604	0.01429	0.01667	0.01111	0.00953	0.00635	0.00318	0.00794	0.00556	0.00635	0.01111
11	0.47765	0.01901	0.01815	0.01517	0.02208	0.02023	0.01251	0.03715	0.02165	0.23471	0.02350	0.02309	0.01614	0.01064	0.00775	0.00318	0.00822	0.00723	0.00858	0.01335
12	0.04082	0.01741	0.02268	0.01800	0.02500	0.01597	0.01448	0.04763	0.09499	0.46674	0.03996	0.03807	0.02716	0.06558	0.01386	0.00378	0.00876	0.01087	0.01187	0.01636
13	0.03993	0.02727	0.02989	0.02291	0.03109	0.02964	0.01893	0.47705	0.04579	0.13222	0.02671	0.02598	0.01849	0.01237	0.01027	0.00309	0.01096	0.00938	0.01058	0.01745
14	0.71184	0.01985	0.01508	0.01350	0.01985	0.02302	0.01111	0.03017	0.01746	0.04604	0.01429	0.01667	0.01111	0.00953	0.00635	0.00318	0.00794	0.00556	0.00635	0.01111
15	0.02385	0.02036	0.02175	0.02004	0.02517	0.02332	0.01538	0.04937	0.48786	0.04078	0.04367	0.11456	0.03602	0.01626	0.01078	0.00357	0.00784	0.01386	0.01032	0.01523
16	0.01352	0.00972	0.01145	0.01223	0.01326	0.00912	0.00790	0.01496	0.01912	0.02498	0.08967	0.27101	0.15425	0.26957	0.02827	0.00625	0.00731	0.02142	0.00834	0.00765
17	0.04369	0.02123	0.02615	0.02005	0.02808	0.02067	0.01656	0.21400	0.03568	0.40955	0.03519	0.03149	0.02275	0.01257	0.01030	0.00314	0.00959	0.00996	0.01189	0.01746
18	0.04514	0.01891	0.02471	0.01895	0.02692	0.01723	0.01565	0.11303	0.03179	0.51600	0.03845	0.03361	0.02438	0.01265	0.01031	0.00316	0.00906	0.01018	0.01239	0.01746
19	0.03095	0.02474	0.02626	0.02198	0.02875	0.02806	0.01755	0.25019	0.35230	0.05167	0.03488	0.03280	0.02575	0.01328	0.01037	0.00332	0.00940	0.01065	0.01037	0.01673
20	0.01642	0.01093	0.01403	0.01345	0.01625	0.00995	0.01024	0.02064	0.02721	0.07608	0.39660	0.12576	0.14834	0.02244	0.01219	0.00343	0.00555	0.04963	0.01090	0.00998
21	0.01913	0.00956	0.00956	0.00956	0.01196	0.00956	0.00717	0.02391	0.02152	0.03826	0.03348	0.03826	0.02630	0.01196	0.00717	0.00239	0.00478	0.00956	0.69632	0.00956
22	0.01469	0.01086	0.01581	0.01581	0.01741	0.01246	0.01198	0.01789	0.01629	0.02332	0.02811	0.04376	0.02715	0.14913	0.52856	0.01565	0.02524	0.01150	0.00559	0.00878
23	0.02128	0.01824	0.02128	0.01520	0.02432	0.01368	0.01216	0.02584	0.02128	0.03344	0.01824	0.02128	0.01520	0.00760	0.00760	0.00152	0.00760	0.00608	0.00608	0.70208
24	0.01250	0.00893	0.01191	0.01429	0.01488	0.00834	0.00953	0.01429	0.01965	0.02620	0.05656	0.63265	0.06787	0.03215	0.01310	0.00417	0.00595	0.02917	0.00953	0.00834
25	0.02744	0.64552	0.05378	0.01756	0.02634	0.04061	0.01756	0.03073	0.02085	0.02414	0.01427	0.01646	0.01317	0.00878	0.00658	0.00219	0.01097	0.00549	0.00439	0.01317
26	0.02553	0.02204	0.02320	0.02088	0.02669	0.02553	0.01624	0.05453	0.55679	0.04293	0.04177	0.03829	0.03133	0.01392	0.01044	0.00348	0.00812	0.01160	0.01044	0.01624
27	0.01296	0.01043	0.01155	0.01127	0.01437	0.00902	0.00845	0.01634	0.02535	0.03238	0.26569	0.09109	0.40653	0.02425	0.01212	0.00338	0.00507	0.02058	0.01014	0.00902
28	0.01938	0.01824	0.03078	0.61468	0.07068	0.02280	0.02850	0.02622	0.02052	0.02622	0.01824	0.02736	0.01368	0.01026	0.01026	0.00342	0.01368	0.00912	0.00456	0.01140
29	0.01938	0.01824	0.03078	0.61468	0.07068	0.02280	0.02850	0.02622	0.02052	0.02622	0.01824	0.02736	0.01368	0.01026	0.01026	0.00342	0.01368	0.00912	0.00456	0.01140
30	0.02000	0.01945	0.03460	0.54135	0.06849	0.02320	0.09389	0.02707	0.02099	0.02707	0.01856	0.02740	0.01392	0.01005	0.01050	0.00343	0.01414	0.00950	0.00464	0.01171
31	0.01654	0.01181	0.01654	0.01890	0.02126	0.01181	0.01654	0.02126	0.02362	0.03071	0.05433	0.11576	0.05906	0.02835	0.01417	0.00472	0.00945	0.50626	0.00945	0.00945
32	0.02422	0.02768	0.06055	0.04325	0.05363	0.02595	0.53806	0.03287	0.02422	0.03287	0.02076	0.02768	0.01557	0.00865	0.01211	0.00346	0.01730	0.01211	0.00519	0.01384
33	0.01654	0.01181	0.01654	0.01890	0.02126	0.01181	0.01654	0.02126	0.02362	0.03071	0.05433	0.11576	0.05906	0.02835	0.01417	0.00472	0.00945	0.50626	0.00945	0.00945
34	0.02369	0.02264	0.03857	0.21952	0.43215	0.02393	0.03064	0.03000	0.02256	0.03145	0.01900	0.02596	0.01552	0.00946	0.01019	0.00315	0.01261	0.00914	0.00493	0.01488
35	0.62640	0.01954	0.01620	0.01411	0.02066	0.02200	0.01162	0.03271	0.01899	0.11488	0.01765	0.01901	0.01295	0.00993	0.00686	0.00318	0.00804	0.00617	0.00717	0.01193
36	0.02377	0.02127	0.03447	0.03739	0.21198	0.02198	0.11759	0.07277	0.05985	0.03664	0.06114	0.07082	0.02690	0.01288	0.01216	0.00326	0.05432	0.01182	0.09524	0.01374
37	0.02992	0.01933	0.02230	0.01950	0.02545	0.02047	0.01571	0.08738	0.27362	0.18149	0.04567	0.05031	0.06731	0.01614	0.01099	0.00353	0.00853	0.07626	0.01082	0.01528
38	0.01466	0.01100	0.01649	0.01649	0.01833	0.01283	0.01283	0.01833	0.01649	0.02382	0.02749	0.04032	0.02566	0.07697	0.59868	0.01649	0.02749	0.01100	0.00550	0.00916
39	0.02899	0.15407	0.03433	0.14711	0.07277	0.14474	0.02118	0.10304	0.12983	0.03429	0.02241	0.02499	0.01755	0.01093	0.00934	0.00296	0.01263	0.00837	0.00659	0.01390
40	0.39921	0.02945	0.02192	0.01896	0.02538	0.18064	0.01510	0.13185	0.02656	0.04397	0.01672	0.01871	0.01291	0.01035	0.00789	0.00301	0.01145	0.00655	0.00682	0.01255
41	0.02166	0.02238	0.04586	0.03512	0.04282	0.02123	0.36392	0.02900	0.02402	0.03215	0.03197	0.05709	0.03009	0.01523	0.01280	0.00388	0.01468	0.17712	0.00661	0.01237
42	0.07313	0.01400	0.01837	0.01657	0.02121	0.01300	0.01294	0.03296	0.02416	0.29134	0.04414	0.23658	0.04070	0.02430	0.05125	0.00451	0.00909	0.04826	0.01055	0.01297
43	0.02919	0.48574	0.04741	0.01994	0.02742	0.14778	0.01835	0.03228	0.02208	0.02437	0.01452	0.01728	0.01320	0.00978	0.00903	0.00245	0.05587	0.00595	0.00457	0.01278
44	0.04604	0.01746	0.02382	0.01826	0.02620	0.01508	0.01508	0.05001	0.02937	0.58244	0.04049	0.03493	0.02540	0.01270	0.01032	0.00318	0.00873	0.01032	0.01270	0.01746
45	0.01373	0.01003	0.01164	0.01223	0.01365	0.00937	0.00826	0.01547	0.01979	0.02552	0.09474	0.19454	0.19869	0.26159	0.02780	0.00616	0.00743	0.05321	0.00838	0.00778
46	0.02741	0.02000	0.02665	0.13492	0.03565	0.02166	0.04955	0.13691	0.13817	0.11280	0.11293	0.04309	0.03510	0.01440	0.01094	0.00339	0.01004	0.04292	0.00932	0.01415
47	0.02544	0.02243	0.02574	0.02241	0.02852	0.02555	0.05173	0.05306	0.52057	0.04224	0.04034	0.03757	0.03025	0.01356	0.01056	0.00348	0.00875	0.01164	0.01008	0.01608
48	0.01213	0.01040	0.01040	0.01040	0.01386	0.00866	0.00780	0.01473	0.02339	0.02772	0.10396	0.09876	0.57117	0.02599	0.01213	0.00347	0.00520	0.02166	0.00953	0.00866
49	0.02754	0.01229	0.01745	0.01581	0.01891	0.01146	0.01208	0.02725	0.02033	0.21734	0.03059	0.04368	0.02593	0.02665	0.02624	0.36471	0.00892	0.07514	0.00800	0.00967
50	0.02690	0.01900	0.02985	0.35149	0.08819	0.02207	0.02455	0.03238	0.02233	0.16664	0.02330	0.02850	0.01678	0.01179	0.01327	0.00347	0.09021	0.00941	0.00664	0.01324
51	0.02704	0.06523	0.03096	0.06922	0.20497	0.06287	0.02138	0.03998	0.19801	0.07446	0.02871	0.03042	0.02211	0.01134	0.00971	0.00308	0.01043	0.00965	0.06547	0.01498
52	0.02058	0.05308	0.58618	0.02925	0.04442	0.02383	0.03792	0.03250	0.02167	0.03250	0.01842	0.02167	0.01300	0.00975	0.00975	0.00325	0.01517	0.00758	0.00433	0.01517
53	0.71184	0.01985	0.01508	0.01350	0.01985	0.02302	0.01111	0.03017	0.01746	0.04604	0.01429	0.01667	0.01111	0.00953	0.00635	0.00318	0.00794	0.00556	0.00635	0.01111
54	0.01886	0.01135	0.01530	0.01513	0.01748	0.01110	0.01138	0.02202	0.02203	0.10560	0.14551	0.17450	0.05373	0.12604	0.13276	0.00718	0.01137	0.07979	0.00903	0.00986
55	0.06728	0.01950	0.03146	0.43012	0.16368	0.02264	0.02712	0.02899	0.02143	0.06357	0.01958	0.02675	0.01475	0.01014	0.00999	0.00332	0.01271	0.00897	0.00529	0.01271
56	0.71184	0.01985	0.01508	0.01350	0.01985	0.02302	0.01111	0.03017	0.01746	0.04604	0.01429	0.01667	0.01111	0.00953	0.00635	0.00318	0.00794	0.00556	0.00635	0.01111
57	0.01492	0.00995	0.01119	0.01119	0.01119	0.00995	0.00622	0.01492	0.01492	0.01990	0.03233	0.06716	0.03731	0.63935	0.05223	0.00995	0.00995	0.01492	0.00622	0.00622
