[name]
unknown

[dist]
# distance from previous block
# <min> <max>
0	8

[block]
# block no. 0 follows, 10 sequences, length 12
# corresponding to MSA columns:
# 8-19
name=unknown_A
#
# <colnr> <probs for GDERKNQSTAVLIFYWHMCP>
#	G	D	E	R	K	N	Q	S	T	A	V	L	I	F	Y	W	H	M	C	P
0	0.09536	0.06019	0.02437	0.02044	0.02611	0.06959	0.01718	0.03342	0.02772	0.11296	0.08133	0.07319	0.04575	0.02079	0.01244	0.00399	0.01090	0.18128	0.00988	0.07312
1	0.02747	0.11358	0.02855	0.01869	0.02631	0.02279	0.01538	0.03894	0.14339	0.09321	0.09239	0.04713	0.09396	0.01541	0.01073	0.00308	0.00886	0.01252	0.00973	0.17789
2	0.03279	0.13529	0.03567	0.03007	0.10864	0.08143	0.02088	0.04497	0.15789	0.11272	0.03585	0.09336	0.03024	0.01547	0.01112	0.00352	0.01162	0.01277	0.00922	0.01646
3	0.03097	0.28344	0.12870	0.03564	0.13504	0.03485	0.07708	0.03760	0.02567	0.07822	0.02161	0.02496	0.01718	0.01060	0.00992	0.00313	0.01401	0.00876	0.00609	0.01652
4	0.03019	0.24684	0.20780	0.02975	0.04219	0.03577	0.09834	0.10824	0.02957	0.03939	0.02072	0.02401	0.01608	0.01093	0.01026	0.00325	0.01512	0.00883	0.00618	0.01655
5	0.03689	0.07311	0.04528	0.03637	0.08857	0.11529	0.14028	0.16857	0.06540	0.07670	0.02609	0.02882	0.01952	0.01208	0.01171	0.00348	0.01556	0.01077	0.00838	0.01715
6	0.01901	0.01572	0.02222	0.02086	0.02205	0.01961	0.01622	0.02206	0.01817	0.02654	0.02782	0.04526	0.02755	0.15143	0.33132	0.01387	0.17119	0.01258	0.00606	0.01046
7	0.27445	0.02050	0.02494	0.02121	0.02646	0.02286	0.05390	0.03217	0.02391	0.09647	0.10181	0.09238	0.03697	0.01734	0.01509	0.00399	0.10046	0.01321	0.00878	0.01310
8	0.03495	0.02147	0.02973	0.22211	0.04848	0.02341	0.02306	0.04804	0.15065	0.21833	0.03694	0.03741	0.02563	0.01373	0.01171	0.00379	0.01179	0.01157	0.01032	0.01689
9	0.02020	0.01010	0.01515	0.01515	0.01515	0.01010	0.01010	0.01515	0.01515	0.02020	0.02020	0.03535	0.02020	0.04040	0.04545	0.66162	0.01010	0.01010	0.00505	0.00505
10	0.02751	0.02716	0.04878	0.14394	0.37629	0.02765	0.10686	0.03502	0.02614	0.03659	0.02196	0.02955	0.01784	0.01047	0.01189	0.00360	0.01502	0.01091	0.00569	0.01713
11	0.03551	0.03210	0.04185	0.04547	0.21635	0.07869	0.07139	0.19702	0.07698	0.05050	0.02598	0.02924	0.01995	0.01219	0.01171	0.00351	0.01429	0.01070	0.00839	0.01818

[dist]
# distance from previous block
# <min> <max>
0	1

[block]
# block no. 1 follows, 10 sequences, length 46
# corresponding to MSA columns:
# 21-48,50-67
name=unknown_B
#
# <colnr> <probs for GDERKNQSTAVLIFYWHMCP>
#	G	D	E	R	K	N	Q	S	T	A	V	L	I	F	Y	W	H	M	C	P
0	0.01945	0.01777	0.01731	0.01910	0.02089	0.09500	0.01374	0.02208	0.02458	0.03020	0.05643	0.43223	0.06571	0.03196	0.01432	0.00454	0.00955	0.08486	0.01002	0.01026
1	0.01586	0.01160	0.01489	0.01463	0.01715	0.01063	0.01076	0.02057	0.03066	0.04260	0.40637	0.16802	0.14032	0.02629	0.01390	0.00385	0.00572	0.02326	0.01231	0.01063
2	0.02412	0.02067	0.02412	0.01723	0.02756	0.01550	0.01378	0.02929	0.02412	0.03790	0.02067	0.02412	0.01723	0.00861	0.00861	0.00172	0.00861	0.00689	0.00689	0.66236
3	0.01596	0.01149	0.01412	0.01449	0.01572	0.01159	0.00968	0.01772	0.01961	0.02603	0.05196	0.14394	0.11874	0.30239	0.16500	0.01103	0.01467	0.01925	0.00796	0.00863
4	0.01622	0.01163	0.01567	0.01727	0.01916	0.01108	0.01320	0.02028	0.02684	0.03636	0.19973	0.29867	0.08395	0.03131	0.01486	0.00459	0.00754	0.14998	0.01138	0.01028
5	0.01661	0.01246	0.01869	0.01869	0.02077	0.01454	0.01454	0.02077	0.01869	0.02700	0.03115	0.04569	0.02908	0.08723	0.54517	0.01869	0.03115	0.01246	0.00623	0.01038
6	0.03109	0.59826	0.06095	0.01990	0.02985	0.04602	0.01990	0.03483	0.02363	0.02736	0.01617	0.01866	0.01493	0.00995	0.00746	0.00249	0.01244	0.00622	0.00498	0.01493
7	0.02040	0.01020	0.01456	0.01456	0.01493	0.01020	0.00983	0.01679	0.01642	0.02338	0.02263	0.03645	0.02152	0.03672	0.04034	0.57127	0.00946	0.01020	0.09429	0.00584
8	0.01619	0.01126	0.01261	0.01283	0.01351	0.01089	0.00764	0.01682	0.01887	0.02454	0.05178	0.12317	0.12005	0.45679	0.04836	0.00957	0.01005	0.01944	0.00795	0.00768
9	0.04094	0.02207	0.02526	0.02165	0.02833	0.07981	0.01765	0.04534	0.03021	0.31994	0.04299	0.05273	0.03322	0.02691	0.08539	0.00587	0.01428	0.07941	0.01168	0.01630
10	0.03501	0.03760	0.03453	0.02973	0.03340	0.22304	0.02383	0.10553	0.02916	0.03526	0.01825	0.02419	0.01587	0.01627	0.02382	0.00407	0.28066	0.00923	0.00645	0.01411
11	0.02505	0.02365	0.03114	0.02712	0.02833	0.03146	0.02193	0.03285	0.10572	0.03112	0.02373	0.03485	0.02224	0.08841	0.03588	0.00563	0.39970	0.01154	0.00656	0.01308
12	0.03630	0.04010	0.03391	0.20986	0.05091	0.28951	0.02574	0.10865	0.03308	0.03591	0.02045	0.02546	0.01591	0.01217	0.01105	0.00337	0.01784	0.00892	0.00660	0.01428
13	0.01839	0.01474	0.01949	0.10430	0.02943	0.01581	0.01563	0.02740	0.11091	0.03522	0.10825	0.33683	0.06353	0.02718	0.01365	0.00432	0.00844	0.02435	0.01033	0.01183
14	0.13017	0.02240	0.02468	0.02079	0.02640	0.02490	0.01651	0.11579	0.10722	0.04721	0.10239	0.04122	0.03603	0.06160	0.01836	0.00424	0.08624	0.01193	0.00931	0.09261
15	0.02020	0.01010	0.01515	0.01515	0.01515	0.01010	0.01010	0.01515	0.01515	0.02020	0.02020	0.03535	0.02020	0.04040	0.04545	0.66162	0.01010	0.01010	0.00505	0.00505
16	0.02412	0.02067	0.02412	0.01723	0.02756	0.01550	0.01378	0.02929	0.02412	0.03790	0.02067	0.02412	0.01723	0.00861	0.00861	0.00172	0.00861	0.00689	0.00689	0.66236
17	0.04212	0.03154	0.03372	0.02634	0.03527	0.03509	0.02160	0.42260	0.11543	0.06992	0.03059	0.03004	0.02194	0.01421	0.01166	0.00355	0.01231	0.01084	0.01166	0.01959
18	0.01810	0.01641	0.02981	0.02591	0.02987	0.01536	0.14863	0.02243	0.02380	0.03193	0.05209	0.42020	0.05938	0.02855	0.01451	0.00449	0.01055	0.02734	0.00934	0.01129
19	0.04134	0.02413	0.02729	0.02149	0.02922	0.02512	0.01757	0.26050	0.04192	0.19226	0.03516	0.03464	0.02454	0.01399	0.01086	0.00334	0.01033	0.01089	0.15763	0.01777
20	0.02626	0.01269	0.01472	0.01338	0.01725	0.01201	0.01033	0.03153	0.02768	0.13265	0.13148	0.05111	0.04513	0.01569	0.00987	0.00306	0.00625	0.01297	0.41343	0.01251
21	0.02196	0.02067	0.03488	0.56331	0.08010	0.02584	0.03230	0.02972	0.02326	0.02972	0.02067	0.03101	0.01550	0.01163	0.01163	0.00388	0.01550	0.01034	0.00517	0.01292
22	0.02020	0.01010	0.01515	0.01515	0.01515	0.01010	0.01010	0.01515	0.01515	0.02020	0.02020	0.03535	0.02020	0.04040	0.04545	0.66162	0.01010	0.01010	0.00505	0.00505
23	0.67341	0.02249	0.01709	0.01529	0.02249	0.02609	0.01260	0.03419	0.01979	0.05218	0.01619	0.01889	0.01260	0.01080	0.00720	0.00360	0.00900	0.00630	0.00720	0.01260
24	0.03245	0.03631	0.20314	0.02715	0.03954	0.02339	0.06318	0.09267	0.03016	0.14464	0.02715	0.02857	0.01915	0.01141	0.01088	0.00318	0.01322	0.00947	0.00828	0.17606
25	0.02180	0.01292	0.01651	0.01522	0.01851	0.01178	0.01122	0.02591	0.02945	0.11707	0.30660	0.11804	0.11806	0.10153	0.01972	0.00480	0.00711	0.02019	0.01195	0.01163
26	0.01432	0.01055	0.01342	0.01534	0.01673	0.00965	0.01050	0.01682	0.02395	0.03158	0.11528	0.46149	0.14948	0.03412	0.01456	0.00450	0.00649	0.03057	0.01099	0.00965
27	0.02544	0.20650	0.40317	0.02955	0.04477	0.03218	0.03670	0.03629	0.02430	0.03426	0.01959	0.02295	0.01479	0.01075	0.01007	0.00336	0.01590	0.00795	0.00493	0.01657
28	0.03143	0.19510	0.19286	0.07008	0.04258	0.03075	0.06445	0.04121	0.06073	0.12437	0.02629	0.02812	0.01919	0.01165	0.01049	0.00339	0.01400	0.00939	0.00728	0.01666
29	0.18760	0.03206	0.02812	0.02800	0.08734	0.15929	0.01918	0.13536	0.03140	0.04444	0.02323	0.03175	0.02025	0.10398	0.01783	0.00462	0.01387	0.00972	0.00769	0.01427
30	0.02972	0.12456	0.07715	0.03250	0.11223	0.02713	0.07723	0.03982	0.09065	0.08392	0.02651	0.02895	0.02050	0.01097	0.01041	0.00302	0.01225	0.00959	0.00751	0.17536
31	0.01898	0.01607	0.02590	0.02598	0.06268	0.01814	0.05367	0.02346	0.02023	0.02899	0.03135	0.08910	0.03036	0.06475	0.37007	0.01391	0.07433	0.01402	0.00647	0.01155
32	0.03013	0.02719	0.04288	0.15409	0.35700	0.02872	0.03278	0.10940	0.03064	0.04242	0.02267	0.02905	0.01812	0.01120	0.01156	0.00354	0.01395	0.01038	0.00664	0.01764
33	0.03255	0.02939	0.03218	0.07958	0.11183	0.10823	0.02273	0.17481	0.03412	0.04381	0.02784	0.07817	0.02548	0.08484	0.01938	0.00460	0.05466	0.01257	0.00814	0.01507
34	0.02718	0.02470	0.03947	0.31567	0.23786	0.02774	0.03233	0.08627	0.02825	0.03805	0.02199	0.02981	0.01710	0.01144	0.01159	0.00367	0.01455	0.01036	0.00617	0.01579
35	0.02565	0.02784	0.05654	0.04192	0.05049	0.02836	0.34148	0.03352	0.02472	0.03438	0.02326	0.03239	0.01884	0.02210	0.09048	0.00613	0.10863	0.01299	0.00580	0.01449
36	0.02160	0.02031	0.03530	0.43125	0.06897	0.02436	0.06881	0.02896	0.02290	0.02995	0.02259	0.03337	0.01785	0.02348	0.09658	0.00623	0.01835	0.01097	0.00540	0.01276
37	0.01590	0.01076	0.01375	0.01499	0.01657	0.01010	0.01048	0.01944	0.02580	0.03672	0.19689	0.35852	0.08044	0.02945	0.01358	0.00412	0.00618	0.02636	0.09985	0.01010
38	0.01661	0.01246	0.01869	0.01869	0.02077	0.01454	0.01454	0.02077	0.01869	0.02700	0.03115	0.04569	0.02908	0.08723	0.54517	0.01869	0.03115	0.01246	0.00623	0.01038
39	0.01471	0.01065	0.01337	0.01503	0.01620	0.00989	0.01006	0.01690	0.02306	0.03053	0.10946	0.40991	0.12804	0.11047	0.02069	0.00542	0.00715	0.02868	0.01047	0.00931
40	0.03956	0.03027	0.03229	0.02582	0.03430	0.03390	0.02098	0.35278	0.18940	0.06580	0.03383	0.03263	0.02456	0.01451	0.01170	0.00363	0.01171	0.01129	0.01170	0.01936
41	0.02456	0.14565	0.45632	0.03104	0.04708	0.03003	0.03931	0.03651	0.02441	0.03533	0.02012	0.02362	0.01476	0.01088	0.01048	0.00349	0.01643	0.00822	0.00492	0.01683
42	0.02658	0.02967	0.06327	0.13072	0.06385	0.02884	0.40591	0.03606	0.02678	0.03606	0.02308	0.03131	0.01731	0.01009	0.01339	0.00391	0.01896	0.01319	0.00577	0.01525
43	0.02893	0.02498	0.02630	0.02367	0.03024	0.02893	0.01841	0.06180	0.49770	0.04865	0.04734	0.04339	0.03550	0.01578	0.01183	0.00394	0.00920	0.01315	0.01183	0.01841
44	0.10719	0.43009	0.14186	0.02177	0.03272	0.04013	0.02325	0.03512	0.02334	0.03210	0.01703	0.01977	0.01461	0.01025	0.00809	0.00284	0.01289	0.00666	0.00523	0.01506
45	0.40721	0.10083	0.02542	0.01688	0.02518	0.02606	0.01433	0.03621	0.02264	0.10378	0.02049	0.02219	0.01561	0.01077	0.00800	0.00315	0.00952	0.00703	0.00771	0.11701

[dist]
# distance from previous block
# <min> <max>
0	7

[block]
# block no. 2 follows, 10 sequences, length 24
# corresponding to MSA columns:
# 75-98
name=unknown_C
#
# <colnr> <probs for GDERKNQSTAVLIFYWHMCP>
#	G	D	E	R	K	N	Q	S	T	A	V	L	I	F	Y	W	H	M	C	P
0	0.03382	0.02485	0.02736	0.02238	0.03001	0.02629	0.01770	0.16984	0.21676	0.09913	0.03681	0.03832	0.02816	0.05970	0.01503	0.00402	0.01035	0.01159	0.01089	0.11697
1	0.02347	0.15711	0.22728	0.02391	0.03370	0.02633	0.02595	0.03295	0.06016	0.03421	0.07062	0.04640	0.03298	0.10333	0.01838	0.00474	0.01312	0.04423	0.00692	0.01419
2	0.02689	0.02058	0.02440	0.01757	0.02777	0.01566	0.01411	0.03200	0.02502	0.08626	0.02317	0.02565	0.01837	0.00919	0.00892	0.00191	0.00874	0.00737	0.00763	0.59879
3	0.04027	0.05066	0.04004	0.03374	0.04088	0.44234	0.11256	0.04462	0.03187	0.03021	0.01908	0.02304	0.01551	0.01155	0.01113	0.00318	0.02070	0.00873	0.00597	0.01392
4	0.02753	0.02522	0.03633	0.14658	0.23572	0.02782	0.02801	0.04516	0.21749	0.04074	0.03200	0.03515	0.02481	0.01281	0.01167	0.00373	0.01227	0.01149	0.00812	0.01736
5	0.01398	0.01086	0.01273	0.01423	0.01635	0.00961	0.00992	0.01642	0.02415	0.03046	0.08800	0.37380	0.27137	0.03333	0.01436	0.00437	0.00637	0.02927	0.01080	0.00961
6	0.01926	0.01462	0.01713	0.01667	0.01998	0.01445	0.01232	0.07452	0.06525	0.04106	0.19118	0.25091	0.16291	0.02749	0.01373	0.00408	0.00711	0.02402	0.01152	0.01179
7	0.02427	0.01770	0.02091	0.01854	0.02284	0.01814	0.01425	0.15703	0.03734	0.05131	0.28221	0.16488	0.07668	0.02329	0.01331	0.00381	0.00790	0.02021	0.01207	0.01330
8	0.03030	0.01437	0.01912	0.01665	0.02121	0.01336	0.01295	0.03409	0.02829	0.21041	0.17096	0.05353	0.05066	0.02708	0.06837	0.08053	0.01010	0.01407	0.11063	0.01332
9	0.03805	0.04557	0.03709	0.03162	0.03861	0.36095	0.09141	0.04814	0.12627	0.03391	0.02478	0.02711	0.01955	0.01242	0.01126	0.00333	0.01838	0.00960	0.00716	0.01482
10	0.02712	0.01420	0.01823	0.01619	0.02094	0.01253	0.01249	0.03139	0.03054	0.19569	0.23304	0.13373	0.16022	0.02335	0.01320	0.00381	0.00713	0.02012	0.01269	0.01340
11	0.02802	0.38544	0.24685	0.02514	0.03795	0.03850	0.02903	0.03562	0.02400	0.03111	0.01803	0.02099	0.01485	0.01039	0.00888	0.00296	0.01432	0.00716	0.00495	0.01582
12	0.01646	0.01189	0.01555	0.01463	0.01738	0.01097	0.01097	0.02195	0.03292	0.04664	0.51257	0.08688	0.10974	0.02378	0.01372	0.00366	0.00549	0.02103	0.01280	0.01097
13	0.02207	0.01534	0.01880	0.01851	0.02231	0.01545	0.01444	0.03246	0.12860	0.08250	0.16799	0.17655	0.10425	0.02570	0.01381	0.00427	0.00797	0.10427	0.01179	0.01291
14	0.02650	0.02553	0.04200	0.18229	0.31895	0.02874	0.03290	0.03277	0.02404	0.03407	0.02031	0.02868	0.01711	0.01259	0.01667	0.00387	0.12117	0.01032	0.00549	0.01600
15	0.02935	0.02050	0.02635	0.10206	0.03608	0.01741	0.01729	0.03479	0.02580	0.13365	0.02567	0.02825	0.01926	0.01023	0.00969	0.00243	0.00993	0.00838	0.00811	0.43478
16	0.02265	0.02162	0.03503	0.45759	0.07027	0.02778	0.03094	0.02937	0.02218	0.02937	0.01960	0.02990	0.01546	0.01336	0.01689	0.00412	0.12553	0.01030	0.00515	0.01288
17	0.01781	0.01331	0.01671	0.01561	0.01877	0.01292	0.01178	0.02627	0.08333	0.04686	0.46211	0.08216	0.10169	0.02291	0.01351	0.00369	0.00589	0.02018	0.01270	0.01178
18	0.04613	0.01802	0.02379	0.01874	0.02649	0.01585	0.01532	0.05081	0.03152	0.43084	0.04431	0.04034	0.02899	0.01423	0.01099	0.00342	0.00901	0.01153	0.14168	0.01802
19	0.04651	0.02382	0.02909	0.02216	0.03140	0.02273	0.01825	0.18343	0.03880	0.33146	0.03748	0.03423	0.02470	0.01360	0.01132	0.00335	0.01064	0.01077	0.01269	0.09358
20	0.05060	0.02233	0.02856	0.02190	0.03096	0.02086	0.01809	0.14067	0.03753	0.43678	0.04232	0.03727	0.02700	0.01431	0.01168	0.00358	0.01047	0.01145	0.01385	0.01979
21	0.02482	0.16363	0.44061	0.03060	0.04640	0.03067	0.03853	0.03645	0.02438	0.03501	0.01997	0.02342	0.01477	0.01084	0.01036	0.00345	0.01627	0.00814	0.00492	0.01675
22	0.02582	0.02357	0.03156	0.02695	0.02856	0.03078	0.02219	0.07869	0.02504	0.03689	0.11540	0.03792	0.03453	0.02030	0.03027	0.00462	0.39398	0.01237	0.00737	0.01319
23	0.01610	0.01170	0.01549	0.01723	0.01927	0.01109	0.01330	0.02000	0.02625	0.03490	0.15697	0.29349	0.11848	0.03188	0.01493	0.00465	0.00774	0.16515	0.01117	0.01020

[dist]
# distance from previous block
# <min> <max>
0	1

[block]
# block no. 3 follows, 10 sequences, length 7
# corresponding to MSA columns:
# 100-106
name=unknown_D
#
# <colnr> <probs for GDERKNQSTAVLIFYWHMCP>
#	G	D	E	R	K	N	Q	S	T	A	V	L	I	F	Y	W	H	M	C	P
0	0.19185	0.01784	0.02055	0.02349	0.08232	0.01877	0.01583	0.02968	0.07479	0.04103	0.09272	0.15831	0.09956	0.02180	0.01201	0.00407	0.00870	0.06449	0.00952	0.01266
1	0.01753	0.01119	0.01391	0.01391	0.01417	0.01145	0.00857	0.01704	0.01678	0.02264	0.03272	0.06432	0.03630	0.42041	0.11635	0.14060	0.01349	0.01502	0.00655	0.00706
2	0.03610	0.27534	0.09115	0.02391	0.03362	0.09106	0.02236	0.12395	0.07216	0.08997	0.02472	0.02546	0.01901	0.01198	0.00971	0.00308	0.01333	0.00853	0.00788	0.01669
3	0.02479	0.16128	0.44267	0.03066	0.04649	0.03058	0.03864	0.03646	0.02438	0.03505	0.01999	0.02345	0.01477	0.01084	0.01038	0.00346	0.01630	0.00815	0.00492	0.01676
4	0.14645	0.03117	0.13408	0.03313	0.09425	0.02776	0.07199	0.03160	0.02150	0.03589	0.02062	0.03071	0.01831	0.07813	0.02345	0.00490	0.16599	0.01027	0.00583	0.01397
5	0.08418	0.02713	0.07994	0.02287	0.03133	0.02477	0.02011	0.12270	0.16618	0.17751	0.08618	0.04037	0.03474	0.01505	0.01153	0.00369	0.01045	0.01212	0.01149	0.01768
6	0.02657	0.13217	0.04501	0.25260	0.25664	0.03039	0.03141	0.03321	0.02469	0.03279	0.02034	0.02774	0.01663	0.01078	0.01080	0.00344	0.01421	0.00957	0.00538	0.01563

[dist]
# distance from previous block
# <min> <max>
4	34

[block]
# block no. 4 follows, 10 sequences, length 20
# corresponding to MSA columns:
# 142-161
name=unknown_E
#
# <colnr> <probs for GDERKNQSTAVLIFYWHMCP>
#	G	D	E	R	K	N	Q	S	T	A	V	L	I	F	Y	W	H	M	C	P
0	0.02670	0.02524	0.04171	0.10822	0.36747	0.02695	0.03239	0.03301	0.02517	0.03568	0.02507	0.03918	0.02278	0.01393	0.01518	0.00389	0.08012	0.05477	0.00613	0.01642
1	0.08769	0.09602	0.03599	0.08387	0.17871	0.02494	0.02269	0.03240	0.02427	0.03719	0.02004	0.02496	0.01669	0.00979	0.00948	0.00271	0.01132	0.00810	0.00618	0.26695
2	0.02222	0.02532	0.11709	0.02411	0.03085	0.01939	0.07691	0.08011	0.02940	0.04103	0.16859	0.10812	0.05304	0.07944	0.06634	0.00589	0.01329	0.01667	0.00901	0.01316
3	0.03174	0.02601	0.04073	0.11865	0.30253	0.02787	0.03058	0.07743	0.02846	0.09742	0.02437	0.02988	0.01904	0.01252	0.01472	0.00372	0.07932	0.01051	0.00718	0.01734
4	0.03416	0.01982	0.02343	0.01998	0.02666	0.01997	0.01582	0.04943	0.20991	0.22393	0.11132	0.05585	0.10244	0.01795	0.01225	0.00378	0.00860	0.01499	0.01277	0.01695
5	0.01421	0.01133	0.01274	0.01339	0.01625	0.00986	0.00966	0.01722	0.02612	0.03286	0.15257	0.24235	0.33906	0.03071	0.01405	0.00412	0.00608	0.02651	0.01105	0.00986
6	0.01589	0.01166	0.01448	0.01438	0.01703	0.01115	0.01069	0.01796	0.02321	0.02989	0.11972	0.07927	0.26409	0.04505	0.15021	0.12583	0.01282	0.01861	0.00885	0.00922
7	0.02545	0.02545	0.03562	0.03053	0.03053	0.03562	0.02545	0.02799	0.01781	0.02799	0.01527	0.02545	0.01527	0.02036	0.03817	0.00509	0.56997	0.01018	0.00509	0.01272
8	0.02412	0.02067	0.02412	0.01723	0.02756	0.01550	0.01378	0.02929	0.02412	0.03790	0.02067	0.02412	0.01723	0.00861	0.00861	0.00172	0.00861	0.00689	0.00689	0.66236
9	0.67341	0.02249	0.01709	0.01529	0.02249	0.02609	0.01260	0.03419	0.01979	0.05218	0.01619	0.01889	0.01260	0.01080	0.00720	0.00360	0.00900	0.00630	0.00720	0.01260
10	0.02333	0.06016	0.53100	0.03315	0.05034	0.02701	0.04297	0.03683	0.02455	0.03683	0.02087	0.02455	0.01473	0.01105	0.01105	0.00368	0.01719	0.00859	0.00491	0.01719
11	0.01646	0.01189	0.01555	0.01463	0.01738	0.01097	0.01097	0.02195	0.03292	0.04664	0.51257	0.08688	0.10974	0.02378	0.01372	0.00366	0.00549	0.02103	0.01280	0.01097
12	0.04345	0.05543	0.03296	0.02996	0.03596	0.54457	0.02247	0.04644	0.03296	0.02846	0.01798	0.02097	0.01498	0.01199	0.01049	0.00300	0.02097	0.00749	0.00599	0.01348
13	0.02727	0.02761	0.03965	0.30068	0.25273	0.08799	0.03251	0.03412	0.02571	0.03293	0.02084	0.02892	0.01663	0.01116	0.01145	0.00360	0.01547	0.01001	0.00550	0.01522
14	0.01631	0.01226	0.01557	0.01742	0.02010	0.01152	0.01413	0.02027	0.02582	0.03277	0.07955	0.21249	0.20780	0.03213	0.01511	0.00479	0.00845	0.23259	0.01075	0.01019
15	0.02196	0.02067	0.03488	0.56331	0.08010	0.02584	0.03230	0.02972	0.02326	0.02972	0.02067	0.03101	0.01550	0.01163	0.01163	0.00388	0.01550	0.01034	0.00517	0.01292
16	0.02550	0.04802	0.37870	0.02838	0.04203	0.02517	0.03423	0.08755	0.02809	0.04232	0.02478	0.02834	0.01804	0.01184	0.01059	0.00349	0.01455	0.00922	0.12278	0.01635
17	0.01646	0.01138	0.01352	0.01351	0.01532	0.01072	0.00922	0.01953	0.02516	0.03503	0.22003	0.14212	0.12903	0.19831	0.02723	0.00606	0.00745	0.02072	0.06975	0.00943
18	0.10124	0.02554	0.07422	0.02148	0.03221	0.01914	0.06015	0.03132	0.02396	0.03943	0.02043	0.02423	0.01649	0.00921	0.00915	0.00233	0.01049	0.00762	0.00665	0.46471
19	0.15087	0.02570	0.03786	0.02897	0.03767	0.02603	0.15098	0.14347	0.03311	0.13922	0.03163	0.08691	0.02545	0.01458	0.01179	0.00378	0.01294	0.01323	0.00959	0.01623

[dist]
# distance from previous block
# <min> <max>
0	1

[block]
# block no. 5 follows, 10 sequences, length 25
# corresponding to MSA columns:
# 163-187
name=unknown_F
#
# <colnr> <probs for GDERKNQSTAVLIFYWHMCP>
#	G	D	E	R	K	N	Q	S	T	A	V	L	I	F	Y	W	H	M	C	P
0	0.03047	0.02942	0.03664	0.10452	0.10205	0.08597	0.02680	0.10773	0.02746	0.03725	0.01926	0.02656	0.01644	0.01597	0.02388	0.00423	0.27421	0.00999	0.00639	0.01477
1	0.02391	0.03095	0.15611	0.02137	0.03349	0.01850	0.02138	0.03125	0.02423	0.03762	0.02072	0.02423	0.01658	0.00925	0.00925	0.00223	0.01085	0.00733	0.00638	0.49436
2	0.03184	0.10089	0.12267	0.02969	0.03573	0.20975	0.02687	0.03655	0.02477	0.02961	0.01726	0.02306	0.01504	0.01481	0.02083	0.00386	0.22887	0.00857	0.00536	0.01398
3	0.01535	0.01123	0.01442	0.01491	0.01702	0.01030	0.01069	0.01932	0.02838	0.03891	0.30888	0.27057	0.13890	0.02897	0.01413	0.00407	0.00599	0.02578	0.01187	0.01030
4	0.01489	0.01060	0.01386	0.01556	0.01661	0.00993	0.01051	0.01747	0.02406	0.03265	0.15659	0.43443	0.08085	0.08201	0.01846	0.00507	0.00687	0.02911	0.01089	0.00956
5	0.02038	0.01272	0.01695	0.01638	0.01954	0.01176	0.01263	0.02529	0.03077	0.09562	0.34421	0.15213	0.09100	0.02548	0.01395	0.00401	0.00682	0.07618	0.01244	0.01171
6	0.03031	0.02567	0.02708	0.02395	0.03077	0.02957	0.01874	0.09965	0.45760	0.05088	0.04558	0.04199	0.03408	0.01561	0.01182	0.00390	0.00953	0.01291	0.01182	0.01853
7	0.02545	0.02545	0.03562	0.03053	0.03053	0.03562	0.02545	0.02799	0.01781	0.02799	0.01527	0.02545	0.01527	0.02036	0.03817	0.00509	0.56997	0.01018	0.00509	0.01272
8	0.02893	0.02498	0.02630	0.02367	0.03024	0.02893	0.01841	0.06180	0.49770	0.04865	0.04734	0.04339	0.03550	0.01578	0.01183	0.00394	0.00920	0.01315	0.01183	0.01841
9	0.03109	0.59826	0.06095	0.01990	0.02985	0.04602	0.01990	0.03483	0.02363	0.02736	0.01617	0.01866	0.01493	0.00995	0.00746	0.00249	0.01244	0.00622	0.00498	0.01493
10	0.04845	0.02578	0.03070	0.02353	0.03268	0.02598	0.01944	0.25491	0.04331	0.31438	0.03747	0.03412	0.02457	0.01419	0.01167	0.00355	0.01126	0.01112	0.01310	0.01979
11	0.02451	0.02546	0.07884	0.02438	0.07988	0.01793	0.01903	0.03072	0.02440	0.03780	0.02082	0.02464	0.01709	0.00904	0.00916	0.00210	0.01003	0.00742	0.00657	0.53019
12	0.02315	0.04795	0.38794	0.02925	0.04250	0.02421	0.03487	0.06788	0.02649	0.03830	0.03009	0.13683	0.02759	0.01637	0.01186	0.00388	0.01475	0.01365	0.00662	0.01584
13	0.01502	0.01078	0.01425	0.01562	0.01706	0.01001	0.01086	0.01832	0.02621	0.03596	0.23014	0.39975	0.08907	0.03175	0.01443	0.00433	0.00628	0.02861	0.01154	0.01001
14	0.01655	0.01173	0.01552	0.01574	0.01675	0.01263	0.01080	0.01863	0.01817	0.02519	0.03638	0.10400	0.03906	0.31347	0.27922	0.01415	0.02005	0.01620	0.00698	0.00878
15	0.01601	0.01154	0.01515	0.01494	0.01728	0.01068	0.01094	0.02083	0.03084	0.04333	0.42506	0.18382	0.10334	0.02625	0.01394	0.00387	0.00573	0.02338	0.01241	0.01068
16	0.01935	0.01041	0.01451	0.01451	0.01451	0.01041	0.00931	0.01561	0.01561	0.02081	0.02448	0.04597	0.02595	0.18385	0.04903	0.49227	0.01041	0.01187	0.00557	0.00557
17	0.03634	0.36770	0.04906	0.02417	0.03244	0.25777	0.02099	0.03976	0.02759	0.02783	0.01694	0.01964	0.01495	0.01081	0.00875	0.00270	0.01606	0.00676	0.00541	0.01431
18	0.03193	0.01806	0.02213	0.01931	0.02531	0.01772	0.01542	0.04372	0.14921	0.21137	0.15438	0.06580	0.10035	0.01979	0.01274	0.00388	0.00844	0.05193	0.01273	0.01577
19	0.03439	0.18639	0.17548	0.03108	0.08747	0.09943	0.02807	0.09732	0.03049	0.09198	0.02306	0.02510	0.01740	0.01156	0.01025	0.00323	0.01474	0.00861	0.00707	0.01688
20	0.19901	0.02588	0.03039	0.08678	0.12589	0.02903	0.02229	0.12870	0.14892	0.05047	0.02789	0.02996	0.02118	0.01268	0.01051	0.00367	0.01137	0.01003	0.00876	0.01660
21	0.02658	0.02859	0.05704	0.04074	0.05213	0.02579	0.35599	0.03518	0.02658	0.03742	0.02279	0.02948	0.01754	0.00949	0.01239	0.00335	0.01674	0.01195	0.00614	0.18408
22	0.19319	0.02115	0.02229	0.01672	0.02624	0.01826	0.01347	0.03056	0.02299	0.04162	0.01951	0.02276	0.01602	0.00918	0.00824	0.00221	0.00871	0.00674	0.00697	0.49316
23	0.26507	0.12678	0.03261	0.08159	0.03395	0.12804	0.02003	0.03505	0.02295	0.03696	0.01686	0.02168	0.01421	0.01259	0.01359	0.00358	0.10763	0.00761	0.00601	0.01321
24	0.02374	0.02248	0.03809	0.43521	0.19432	0.02631	0.03318	0.03127	0.02410	0.03187	0.02099	0.03043	0.01626	0.01130	0.01160	0.00377	0.01506	0.01034	0.00532	0.01435

[dist]
# distance from previous block
# <min> <max>
5	27

[block]
# block no. 6 follows, 10 sequences, length 53
# corresponding to MSA columns:
# 215-228,232-270
name=unknown_G
#
# <colnr> <probs for GDERKNQSTAVLIFYWHMCP>
#	G	D	E	R	K	N	Q	S	T	A	V	L	I	F	Y	W	H	M	C	P
0	0.02742	0.02690	0.03383	0.03415	0.11919	0.08692	0.07610	0.04060	0.15843	0.03790	0.03338	0.08400	0.02895	0.02168	0.06369	0.00500	0.01457	0.01310	0.00814	0.08603
1	0.03064	0.02708	0.04838	0.04684	0.19275	0.02580	0.19359	0.04040	0.06838	0.09817	0.02750	0.03183	0.02075	0.01093	0.01207	0.00350	0.01453	0.01164	0.00751	0.08771
2	0.02204	0.01970	0.02970	0.02305	0.03086	0.01706	0.09595	0.02746	0.02343	0.03467	0.02850	0.09763	0.02686	0.02747	0.11445	0.00577	0.01472	0.01237	0.00706	0.34125
3	0.04115	0.03389	0.03300	0.02655	0.03492	0.09661	0.02143	0.34596	0.13804	0.06305	0.03048	0.03008	0.02225	0.01407	0.01153	0.00352	0.01310	0.01063	0.01099	0.01875
4	0.02169	0.01820	0.02158	0.06777	0.02876	0.01840	0.01546	0.03501	0.17065	0.04032	0.13296	0.11345	0.10604	0.01935	0.01209	0.00354	0.00833	0.01664	0.01020	0.13958
5	0.02911	0.02052	0.02463	0.01784	0.02794	0.01579	0.01437	0.03416	0.02575	0.12495	0.02516	0.02687	0.01929	0.00964	0.00916	0.00206	0.00884	0.00775	0.00823	0.54795
6	0.03306	0.48643	0.05429	0.02033	0.02987	0.04149	0.01948	0.03954	0.06796	0.08061	0.02207	0.02307	0.01823	0.01094	0.00830	0.00273	0.01188	0.00742	0.00657	0.01574
7	0.01811	0.01134	0.01527	0.01714	0.01878	0.01055	0.01219	0.02071	0.02374	0.07566	0.06218	0.48745	0.07150	0.03398	0.01468	0.00469	0.00744	0.07295	0.01112	0.01052
8	0.01924	0.01417	0.01779	0.08143	0.02551	0.01460	0.01362	0.02772	0.08009	0.04268	0.27141	0.06933	0.11401	0.01999	0.01218	0.00356	0.00714	0.01723	0.13641	0.01188
9	0.01417	0.01012	0.01350	0.01619	0.01687	0.00945	0.01080	0.01619	0.02227	0.02969	0.06410	0.58367	0.07692	0.03644	0.01484	0.00472	0.00675	0.03306	0.01080	0.00945
10	0.02650	0.02885	0.11815	0.17809	0.04657	0.02543	0.02596	0.12614	0.08977	0.04581	0.12803	0.04238	0.03833	0.01505	0.01199	0.00373	0.01239	0.01263	0.00886	0.01536
11	0.67341	0.02249	0.01709	0.01529	0.02249	0.02609	0.01260	0.03419	0.01979	0.05218	0.01619	0.01889	0.01260	0.01080	0.00720	0.00360	0.00900	0.00630	0.00720	0.01260
12	0.02545	0.02545	0.03562	0.03053	0.03053	0.03562	0.02545	0.02799	0.01781	0.02799	0.01527	0.02545	0.01527	0.02036	0.03817	0.00509	0.56997	0.01018	0.00509	0.01272
13	0.08838	0.03608	0.19440	0.03061	0.08629	0.02661	0.02762	0.04780	0.19883	0.09606	0.03298	0.03302	0.02407	0.01306	0.01110	0.00374	0.01237	0.01058	0.00878	0.01763
14	0.02836	0.14870	0.33564	0.03135	0.04569	0.02963	0.08873	0.03869	0.02569	0.08855	0.02308	0.02596	0.01665	0.01107	0.01080	0.00349	0.01584	0.00913	0.00607	0.01688
15	0.03046	0.25171	0.10011	0.02300	0.03087	0.17619	0.02110	0.03503	0.02684	0.03070	0.07960	0.03391	0.02911	0.06893	0.01455	0.00377	0.01446	0.00971	0.00641	0.01355
16	0.05218	0.01979	0.02699	0.02069	0.02969	0.01709	0.01709	0.05668	0.03329	0.52677	0.04588	0.03959	0.02879	0.01439	0.01170	0.00360	0.00990	0.01170	0.01439	0.01979
17	0.02884	0.03837	0.26355	0.03018	0.08163	0.02160	0.02979	0.03755	0.02623	0.13887	0.03145	0.09614	0.02586	0.01452	0.01142	0.00356	0.01315	0.01220	0.00791	0.08718
18	0.01686	0.01151	0.01385	0.01385	0.01425	0.01191	0.00850	0.01766	0.01726	0.02341	0.03558	0.07020	0.03972	0.49341	0.15354	0.01272	0.01513	0.01605	0.00689	0.00770
19	0.04876	0.01990	0.02664	0.02027	0.02943	0.01690	0.01669	0.05334	0.03217	0.46722	0.04281	0.03770	0.02738	0.01369	0.01132	0.00337	0.00974	0.01111	0.01348	0.09805
20	0.01438	0.01028	0.01368	0.01605	0.01691	0.00958	0.01081	0.01671	0.02323	0.03122	0.10449	0.53893	0.07988	0.03530	0.01474	0.00463	0.00663	0.03198	0.01098	0.00958
21	0.12114	0.18241	0.03594	0.02035	0.02942	0.02792	0.01777	0.08511	0.03084	0.29001	0.03241	0.03021	0.02217	0.01268	0.00996	0.00328	0.01075	0.00941	0.01065	0.01756
22	0.02214	0.01440	0.01731	0.01631	0.02041	0.01389	0.01281	0.03035	0.08677	0.09452	0.22874	0.08236	0.15599	0.02288	0.01301	0.00385	0.00713	0.06973	0.07482	0.01257
23	0.03904	0.03061	0.03510	0.02780	0.03454	0.03595	0.02303	0.35542	0.04453	0.06082	0.02444	0.02724	0.01854	0.01572	0.01894	0.00393	0.16629	0.01039	0.00983	0.01783
24	0.03515	0.14708	0.04227	0.12232	0.04399	0.03315	0.06930	0.18145	0.07819	0.09409	0.02724	0.02943	0.02009	0.01249	0.01100	0.00345	0.01329	0.01025	0.00878	0.01699
25	0.03289	0.02969	0.12110	0.08116	0.13516	0.02433	0.02682	0.08214	0.08794	0.15500	0.07563	0.03773	0.03045	0.01374	0.01173	0.00365	0.01225	0.01168	0.00946	0.01747
26	0.22019	0.02708	0.07734	0.07444	0.09427	0.02498	0.02252	0.09498	0.02949	0.18578	0.02768	0.02874	0.01929	0.01226	0.01031	0.00360	0.01167	0.00942	0.00923	0.01672
27	0.02498	0.02784	0.12154	0.02160	0.03003	0.02103	0.01990	0.08656	0.08370	0.03952	0.02870	0.03837	0.02489	0.12206	0.07109	0.00594	0.01353	0.01075	0.00765	0.20034
28	0.01950	0.01653	0.02514	0.08745	0.12014	0.01785	0.01960	0.02404	0.02442	0.03407	0.13021	0.20835	0.05439	0.03115	0.08027	0.00592	0.06073	0.01947	0.00857	0.01221
29	0.01936	0.01239	0.01633	0.01534	0.01840	0.01135	0.01149	0.02438	0.03179	0.08705	0.42265	0.13683	0.09904	0.02433	0.01366	0.00377	0.00601	0.02152	0.01272	0.01158
30	0.05218	0.01979	0.02699	0.02069	0.02969	0.01709	0.01709	0.05668	0.03329	0.52677	0.04588	0.03959	0.02879	0.01439	0.01170	0.00360	0.00990	0.01170	0.01439	0.01979
31	0.04421	0.03258	0.03490	0.02676	0.03607	0.03607	0.02211	0.47993	0.05468	0.07330	0.02792	0.02792	0.01978	0.01396	0.01163	0.00349	0.01280	0.01047	0.01163	0.01978
32	0.67341	0.02249	0.01709	0.01529	0.02249	0.02609	0.01260	0.03419	0.01979	0.05218	0.01619	0.01889	0.01260	0.01080	0.00720	0.00360	0.00900	0.00630	0.00720	0.01260
33	0.67341	0.02249	0.01709	0.01529	0.02249	0.02609	0.01260	0.03419	0.01979	0.05218	0.01619	0.01889	0.01260	0.01080	0.00720	0.00360	0.00900	0.00630	0.00720	0.01260
34	0.02954	0.08290	0.10457	0.10455	0.31626	0.03007	0.03317	0.08928	0.02911	0.04039	0.02186	0.02747	0.01754	0.01097	0.01112	0.00344	0.01414	0.00979	0.00624	0.01759
35	0.03109	0.59826	0.06095	0.01990	0.02985	0.04602	0.01990	0.03483	0.02363	0.02736	0.01617	0.01866	0.01493	0.00995	0.00746	0.00249	0.01244	0.00622	0.00498	0.01493
36	0.09619	0.02864	0.08372	0.08367	0.10163	0.02683	0.11880	0.04490	0.15604	0.09461	0.03106	0.03332	0.02289	0.01240	0.01161	0.00378	0.01329	0.01139	0.00841	0.01678
37	0.02975	0.03243	0.04047	0.04372	0.18361	0.16672	0.11408	0.03540	0.02797	0.03389	0.03035	0.10524	0.02943	0.01611	0.01254	0.00377	0.01575	0.05717	0.00697	0.01464
38	0.01646	0.01189	0.01555	0.01463	0.01738	0.01097	0.01097	0.02195	0.03292	0.04664	0.51257	0.08688	0.10974	0.02378	0.01372	0.00366	0.00549	0.02103	0.01280	0.01097
39	0.01601	0.01204	0.01711	0.08373	0.02596	0.01220	0.01495	0.01937	0.02326	0.03069	0.05833	0.42863	0.06752	0.03258	0.01469	0.00474	0.00858	0.10938	0.01010	0.01011
40	0.01468	0.01131	0.01341	0.01395	0.01655	0.01005	0.01006	0.01810	0.02713	0.03541	0.21863	0.24650	0.26264	0.02987	0.01407	0.00409	0.00603	0.02607	0.01139	0.01005
41	0.01975	0.01032	0.01520	0.01509	0.01542	0.01021	0.01021	0.01598	0.01731	0.02342	0.08007	0.04162	0.03109	0.03838	0.04160	0.58161	0.00954	0.01143	0.00599	0.00577
42	0.03086	0.25171	0.13965	0.02489	0.03490	0.07974	0.02467	0.08910	0.02790	0.03623	0.01913	0.02246	0.01580	0.01168	0.01206	0.00305	0.06796	0.00778	0.00611	0.09434
43	0.01790	0.01594	0.01590	0.01734	0.01914	0.07468	0.01206	0.02044	0.02491	0.03124	0.10407	0.42893	0.11038	0.03170	0.01412	0.00435	0.00829	0.02812	0.01040	0.01011
44	0.16106	0.07767	0.07609	0.02322	0.03254	0.02457	0.07380	0.07717	0.02847	0.13479	0.03699	0.03746	0.07875	0.01365	0.01055	0.00339	0.01142	0.01108	0.00881	0.07852
45	0.10340	0.43482	0.05153	0.02062	0.03016	0.04208	0.01950	0.11401	0.02874	0.03825	0.01826	0.02033	0.01554	0.01076	0.00818	0.00279	0.01213	0.00698	0.00640	0.01554
46	0.03435	0.02554	0.03292	0.02691	0.03199	0.08695	0.07461	0.03832	0.02551	0.17971	0.02941	0.03669	0.02351	0.07792	0.07209	0.00608	0.16292	0.01161	0.00841	0.01455
47	0.11607	0.13074	0.03435	0.02316	0.03115	0.08403	0.01964	0.20029	0.03695	0.10265	0.02944	0.03831	0.02427	0.01492	0.01078	0.00351	0.01254	0.06140	0.00952	0.01629
48	0.08492	0.03214	0.15273	0.03077	0.08555	0.02500	0.06619	0.04412	0.15294	0.08992	0.03224	0.03371	0.02380	0.01272	0.01096	0.00363	0.01221	0.01082	0.07898	0.01667
49	0.27324	0.02768	0.02470	0.02128	0.02820	0.07809	0.01692	0.17035	0.09001	0.05332	0.02889	0.08631	0.02478	0.01526	0.01025	0.00367	0.01108	0.01141	0.00937	0.01520
50	0.15533	0.01936	0.02436	0.08236	0.07303	0.02015	0.01806	0.07402	0.02763	0.14759	0.03911	0.19578	0.03691	0.01961	0.01174	0.00394	0.00999	0.01668	0.00991	0.01442
51	0.30459	0.01804	0.01874	0.01705	0.02279	0.01862	0.01329	0.03499	0.02425	0.17614	0.03874	0.19399	0.03635	0.01948	0.01073	0.00394	0.00857	0.01581	0.01026	0.01363
52	0.03411	0.01756	0.02407	0.02296	0.07462	0.01566	0.01603	0.03838	0.02902	0.23902	0.12485	0.04543	0.04084	0.01722	0.01429	0.06049	0.00893	0.01251	0.06999	0.09403

[dist]
# distance from previous block
# <min> <max>
2	31

[block]
# block no. 7 follows, 10 sequences, length 54
# corresponding to MSA columns:
# 309-362
name=unknown_H
#
# <colnr> <probs for GDERKNQSTAVLIFYWHMCP>
#	G	D	E	R	K	N	Q	S	T	A	V	L	I	F	Y	W	H	M	C	P
0	0.09047	0.13676	0.13507	0.02844	0.08420	0.02853	0.02471	0.09600	0.02923	0.13684	0.02653	0.02885	0.01977	0.01915	0.06191	0.00484	0.01458	0.00937	0.00808	0.01669
1	0.17948	0.01964	0.02072	0.01800	0.02344	0.02038	0.01367	0.12096	0.02851	0.08667	0.03492	0.14603	0.03419	0.12397	0.01976	0.00505	0.00980	0.01497	0.00940	0.07042
2	0.26999	0.07763	0.02577	0.01818	0.02596	0.02435	0.01515	0.08562	0.02881	0.14446	0.08828	0.03331	0.02990	0.01325	0.00959	0.00330	0.00944	0.00979	0.00960	0.07762
3	0.15209	0.02661	0.09401	0.13429	0.09191	0.02273	0.02427	0.03974	0.02607	0.17822	0.02719	0.02948	0.01913	0.01177	0.01045	0.00347	0.01208	0.00942	0.00837	0.07870
4	0.17703	0.02406	0.02777	0.02227	0.02929	0.02622	0.01838	0.12462	0.03039	0.18344	0.02712	0.02834	0.01958	0.01408	0.01564	0.00367	0.12162	0.00946	0.00962	0.08739
5	0.02492	0.02115	0.02382	0.01930	0.02724	0.01994	0.01515	0.04051	0.20261	0.04306	0.09453	0.03948	0.03608	0.01327	0.01048	0.00281	0.00843	0.01107	0.00951	0.33663
6	0.03485	0.02753	0.08275	0.14137	0.04309	0.02658	0.02439	0.16697	0.03419	0.14244	0.02905	0.03188	0.02072	0.01376	0.01357	0.00368	0.06172	0.01050	0.07446	0.01650
7	0.01436	0.01046	0.01353	0.01560	0.01681	0.00964	0.01062	0.01682	0.02376	0.03157	0.11461	0.48723	0.12317	0.03447	0.01462	0.00454	0.00654	0.03101	0.01100	0.00964
8	0.03983	0.07590	0.03286	0.02382	0.03100	0.08980	0.05719	0.08764	0.03051	0.22715	0.03070	0.03255	0.02215	0.01842	0.01806	0.13444	0.01275	0.01040	0.00958	0.01525
9	0.03872	0.02021	0.02561	0.01903	0.02867	0.01633	0.01551	0.04354	0.02889	0.29232	0.03379	0.03217	0.02324	0.01162	0.01022	0.00270	0.00928	0.00939	0.01080	0.32795
10	0.02538	0.02129	0.03508	0.24594	0.09937	0.02318	0.08368	0.03479	0.07693	0.07701	0.03391	0.12989	0.03020	0.01632	0.01248	0.00397	0.01315	0.01519	0.00784	0.01441
11	0.02069	0.01647	0.02049	0.01951	0.02178	0.01910	0.01477	0.02980	0.11772	0.03522	0.08664	0.15452	0.04666	0.08610	0.09069	0.00677	0.10939	0.01737	0.07429	0.01201
12	0.02483	0.03025	0.13080	0.13938	0.13242	0.02571	0.02822	0.04100	0.17418	0.03881	0.03949	0.04167	0.07423	0.01445	0.01178	0.00379	0.01254	0.01237	0.00792	0.01619
13	0.01530	0.01060	0.01316	0.01475	0.01514	0.01020	0.00925	0.01649	0.02006	0.02674	0.05276	0.37409	0.06262	0.26554	0.03316	0.00743	0.00862	0.02639	0.00925	0.00846
14	0.02882	0.02538	0.07933	0.08974	0.14530	0.02286	0.02458	0.11511	0.03163	0.09201	0.07628	0.14402	0.03855	0.01795	0.01237	0.00381	0.01162	0.01575	0.00919	0.01570
15	0.67341	0.02249	0.01709	0.01529	0.02249	0.02609	0.01260	0.03419	0.01979	0.05218	0.01619	0.01889	0.01260	0.01080	0.00720	0.00360	0.00900	0.00630	0.00720	0.01260
16	0.02751	0.02623	0.03554	0.03012	0.03114	0.03567	0.02508	0.07763	0.02186	0.03297	0.01666	0.02572	0.01576	0.01965	0.03525	0.00491	0.50878	0.01021	0.00581	0.01350
17	0.03326	0.02984	0.07266	0.02490	0.03312	0.02995	0.02133	0.21785	0.24453	0.05698	0.07817	0.03957	0.03410	0.01536	0.01185	0.00372	0.01097	0.01241	0.01124	0.01818
18	0.03483	0.39091	0.09322	0.02307	0.03280	0.13762	0.02213	0.03935	0.02644	0.07665	0.01980	0.02164	0.01626	0.01087	0.00877	0.00280	0.01425	0.00720	0.00608	0.01532
19	0.02893	0.02498	0.02630	0.02367	0.03024	0.02893	0.01841	0.06180	0.49770	0.04865	0.04734	0.04339	0.03550	0.01578	0.01183	0.00394	0.00920	0.01315	0.01183	0.01841
20	0.01537	0.01185	0.01404	0.01349	0.01671	0.01051	0.01012	0.01984	0.03036	0.04055	0.35464	0.09690	0.27147	0.02605	0.01373	0.00377	0.00565	0.02244	0.01200	0.01051
21	0.02333	0.06016	0.53100	0.03315	0.05034	0.02701	0.04297	0.03683	0.02455	0.03683	0.02087	0.02455	0.01473	0.01105	0.01105	0.00368	0.01719	0.00859	0.00491	0.01719
22	0.03109	0.59826	0.06095	0.01990	0.02985	0.04602	0.01990	0.03483	0.02363	0.02736	0.01617	0.01866	0.01493	0.00995	0.00746	0.00249	0.01244	0.00622	0.00498	0.01493
23	0.01646	0.01189	0.01555	0.01463	0.01738	0.01097	0.01097	0.02195	0.03292	0.04664	0.51257	0.08688	0.10974	0.02378	0.01372	0.00366	0.00549	0.02103	0.01280	0.01097
24	0.03280	0.01610	0.01941	0.01638	0.02179	0.01537	0.01300	0.07987	0.03197	0.20503	0.13496	0.04937	0.04456	0.01592	0.01076	0.00327	0.00762	0.01313	0.25401	0.01467
25	0.01817	0.01083	0.01363	0.01363	0.01363	0.01083	0.00821	0.01624	0.01624	0.02165	0.03037	0.06055	0.03385	0.38091	0.05395	0.25962	0.01083	0.01431	0.00628	0.00628
26	0.02714	0.02694	0.02945	0.08113	0.08287	0.12794	0.02194	0.03118	0.02390	0.03218	0.02636	0.08989	0.02489	0.01738	0.01948	0.00393	0.18817	0.01231	0.12012	0.01280
27	0.02412	0.02067	0.02412	0.01723	0.02756	0.01550	0.01378	0.02929	0.02412	0.03790	0.02067	0.02412	0.01723	0.00861	0.00861	0.00172	0.00861	0.00689	0.00689	0.66236
28	0.34429	0.02540	0.02853	0.07574	0.03553	0.02861	0.06382	0.12003	0.08941	0.05191	0.02359	0.02619	0.01769	0.01201	0.00971	0.00368	0.01144	0.00910	0.00829	0.01502
29	0.10368	0.10960	0.03616	0.02539	0.03391	0.13762	0.02097	0.29239	0.04293	0.05635	0.02327	0.02446	0.01749	0.01274	0.01043	0.00327	0.01401	0.00892	0.00921	0.01720
30	0.03771	0.09519	0.13265	0.02501	0.03532	0.02876	0.02391	0.14368	0.12850	0.17937	0.03402	0.03252	0.02385	0.01342	0.01112	0.00354	0.01212	0.01050	0.01036	0.01846
31	0.03271	0.03306	0.13021	0.08231	0.08692	0.09017	0.02541	0.08080	0.02949	0.13333	0.03136	0.08184	0.02634	0.06554	0.01585	0.00432	0.01388	0.01247	0.00839	0.01561
32	0.02151	0.04538	0.35849	0.03017	0.04326	0.02310	0.08025	0.03199	0.02486	0.03539	0.03849	0.09802	0.08669	0.01610	0.01210	0.00385	0.01483	0.01389	0.00642	0.01522
33	0.01417	0.01012	0.01350	0.01619	0.01687	0.00945	0.01080	0.01619	0.02227	0.02969	0.06410	0.58367	0.07692	0.03644	0.01484	0.00472	0.00675	0.03306	0.01080	0.00945
34	0.03651	0.01519	0.01869	0.01563	0.02140	0.01388	0.01249	0.04148	0.02872	0.27841	0.04180	0.04153	0.02931	0.01396	0.00986	0.00314	0.00760	0.01126	0.34394	0.01519
35	0.04421	0.03258	0.03490	0.02676	0.03607	0.03607	0.02211	0.47993	0.05468	0.07330	0.02792	0.02792	0.01978	0.01396	0.01163	0.00349	0.01280	0.01047	0.01163	0.01978
36	0.01646	0.01189	0.01555	0.01463	0.01738	0.01097	0.01097	0.02195	0.03292	0.04664	0.51257	0.08688	0.10974	0.02378	0.01372	0.00366	0.00549	0.02103	0.01280	0.01097
37	0.59171	0.02380	0.01941	0.01678	0.02425	0.02739	0.01383	0.09207	0.02432	0.05492	0.01772	0.02007	0.01353	0.01121	0.00777	0.00358	0.00949	0.00684	0.00777	0.01353
38	0.03109	0.59826	0.06095	0.01990	0.02985	0.04602	0.01990	0.03483	0.02363	0.02736	0.01617	0.01866	0.01493	0.00995	0.00746	0.00249	0.01244	0.00622	0.00498	0.01493
39	0.03109	0.59826	0.06095	0.01990	0.02985	0.04602	0.01990	0.03483	0.02363	0.02736	0.01617	0.01866	0.01493	0.00995	0.00746	0.00249	0.01244	0.00622	0.00498	0.01493
40	0.02658	0.02506	0.03073	0.19165	0.04501	0.07748	0.02405	0.07286	0.08667	0.03503	0.02541	0.03302	0.02089	0.02806	0.11528	0.00674	0.12405	0.01080	0.00686	0.01378
41	0.04007	0.02603	0.03126	0.09824	0.08478	0.07444	0.02256	0.13060	0.03485	0.22486	0.03563	0.04285	0.02690	0.01517	0.01199	0.00372	0.01275	0.05548	0.01061	0.01720
42	0.01905	0.01178	0.01595	0.01770	0.01965	0.01103	0.01304	0.02199	0.02431	0.08259	0.06170	0.43680	0.06991	0.03328	0.01476	0.00473	0.00787	0.11193	0.01115	0.01078
43	0.01549	0.01182	0.01537	0.07477	0.02277	0.01168	0.01205	0.01791	0.02209	0.02859	0.06380	0.33473	0.14407	0.14288	0.02312	0.00579	0.00845	0.02578	0.00943	0.00942
44	0.08827	0.01219	0.01339	0.01393	0.01490	0.01241	0.00868	0.01862	0.01869	0.02775	0.04187	0.20790	0.04845	0.37658	0.04142	0.00865	0.00979	0.02014	0.00808	0.00831
45	0.02020	0.01010	0.01515	0.01515	0.01515	0.01010	0.01010	0.01515	0.01515	0.02020	0.02020	0.03535	0.02020	0.04040	0.04545	0.66162	0.01010	0.01010	0.00505	0.00505
