[name]
unknown

[dist]
# distance from previous block
# <min> <max>
0	125

[block]
# block no. 0 follows, 14 sequences, length 25
# corresponding to MSA columns:
# 132-156
name=unknown_A
#
# <colnr> <probs for GDERKNQSTAVLIFYWHMCP>
#	G	D	E	R	K	N	Q	S	T	A	V	L	I	F	Y	W	H	M	C	P
0	0.03139	0.46077	0.04624	0.01917	0.02756	0.07389	0.01784	0.11481	0.02642	0.07207	0.01798	0.01928	0.01477	0.00976	0.00763	0.00244	0.01135	0.00652	0.00601	0.01409
1	0.15264	0.12128	0.03082	0.02119	0.02817	0.02515	0.07274	0.09776	0.11578	0.10839	0.02955	0.03803	0.02433	0.01331	0.00973	0.00330	0.01019	0.07541	0.00829	0.01395
2	0.39393	0.06331	0.01862	0.01474	0.02021	0.01968	0.01186	0.02976	0.02013	0.12604	0.02818	0.16075	0.02657	0.01517	0.00855	0.00333	0.00784	0.01173	0.00795	0.01165
3	0.04604	0.01746	0.02382	0.01826	0.02620	0.01508	0.01508	0.05001	0.02937	0.58244	0.04049	0.03493	0.02540	0.01270	0.01032	0.00318	0.00873	0.01032	0.01270	0.01746
4	0.02634	0.02245	0.02366	0.02105	0.02700	0.02591	0.01644	0.08395	0.52605	0.04424	0.04073	0.03746	0.03049	0.01383	0.01043	0.00346	0.00831	0.01146	0.01043	0.01632
5	0.02672	0.01844	0.02968	0.42320	0.09222	0.02089	0.02520	0.03276	0.02301	0.17151	0.02410	0.02920	0.01690	0.01082	0.01027	0.00333	0.01229	0.00943	0.00671	0.01330
6	0.02309	0.02657	0.17309	0.02208	0.02921	0.04123	0.05757	0.02909	0.02390	0.11974	0.10322	0.11024	0.09343	0.01722	0.01288	0.00351	0.05568	0.03761	0.00800	0.01263
7	0.01721	0.01634	0.01496	0.01628	0.01791	0.11639	0.01131	0.01920	0.02160	0.02609	0.05200	0.48754	0.08861	0.02782	0.01233	0.00385	0.00821	0.02458	0.00875	0.00901
8	0.02087	0.05109	0.54506	0.03034	0.04514	0.02400	0.07704	0.03253	0.02187	0.03253	0.01860	0.02214	0.01320	0.00966	0.00993	0.00327	0.01533	0.00794	0.00440	0.01506
9	0.01991	0.01740	0.02090	0.01877	0.02374	0.01835	0.05207	0.03581	0.27840	0.03570	0.06266	0.06645	0.21615	0.01920	0.01154	0.00361	0.00796	0.06901	0.00964	0.01276
10	0.02369	0.21097	0.40395	0.02593	0.03868	0.06962	0.03118	0.03264	0.02198	0.02974	0.01712	0.02005	0.01306	0.00955	0.00887	0.00292	0.01429	0.00695	0.00442	0.01440
11	0.02553	0.02204	0.02320	0.02088	0.02669	0.02553	0.01624	0.05453	0.55679	0.04293	0.04177	0.03829	0.03133	0.01392	0.01044	0.00348	0.00812	0.01160	0.01044	0.01624
12	0.03083	0.03884	0.35070	0.02497	0.03712	0.02120	0.02861	0.07032	0.02607	0.23107	0.02669	0.02659	0.01771	0.01096	0.00999	0.00321	0.01263	0.00866	0.00769	0.01613
13	0.02035	0.01874	0.02953	0.16404	0.18612	0.02207	0.02318	0.02481	0.01920	0.02718	0.02164	0.05906	0.02023	0.05429	0.12411	0.00627	0.15142	0.01067	0.00518	0.01191
14	0.02483	0.41664	0.11966	0.11578	0.03593	0.03478	0.02243	0.02977	0.02051	0.02564	0.01540	0.01938	0.01325	0.00987	0.00972	0.00271	0.05966	0.00662	0.00442	0.01300
15	0.01924	0.01817	0.03218	0.39610	0.05696	0.02070	0.10727	0.02569	0.02146	0.02789	0.02648	0.08661	0.02430	0.01414	0.01130	0.00366	0.01309	0.07778	0.00570	0.01129
16	0.03043	0.54464	0.04896	0.01767	0.02632	0.03651	0.01716	0.03383	0.02222	0.11382	0.01848	0.01943	0.01513	0.00941	0.00718	0.00235	0.01061	0.00626	0.00572	0.01386
17	0.37788	0.01988	0.02021	0.01646	0.02364	0.02087	0.01358	0.09367	0.02548	0.25800	0.02567	0.02469	0.01740	0.01107	0.00833	0.00316	0.00861	0.00782	0.00926	0.01429
18	0.13061	0.01850	0.02826	0.51811	0.06251	0.02284	0.02571	0.02685	0.02003	0.02940	0.01761	0.02564	0.01327	0.01014	0.00963	0.00338	0.01276	0.00855	0.00485	0.01135
19	0.03601	0.01837	0.02656	0.02030	0.02792	0.01631	0.07127	0.04173	0.06420	0.35154	0.03309	0.03190	0.02253	0.01331	0.01241	0.05732	0.00946	0.00982	0.01001	0.12594
20	0.01979	0.01456	0.02317	0.14290	0.03301	0.01475	0.06999	0.02448	0.02318	0.08979	0.08576	0.19143	0.08001	0.02098	0.01219	0.00383	0.00964	0.12112	0.00852	0.01090
21	0.02238	0.01638	0.02613	0.40664	0.05310	0.01886	0.02280	0.02781	0.02178	0.11556	0.02898	0.14173	0.02569	0.01474	0.01080	0.00352	0.01144	0.01306	0.00680	0.01180
22	0.02224	0.14154	0.39478	0.02530	0.03731	0.02546	0.03012	0.06982	0.02338	0.03297	0.02240	0.08771	0.01936	0.01224	0.00965	0.00317	0.01319	0.00973	0.00537	0.01428
23	0.02667	0.02210	0.03950	0.09045	0.17674	0.02109	0.18256	0.03301	0.02413	0.12061	0.02567	0.03440	0.02050	0.01099	0.01083	0.00319	0.01264	0.04862	0.00674	0.08955
24	0.12830	0.01361	0.01615	0.01605	0.05099	0.01315	0.01132	0.02290	0.02541	0.04041	0.34508	0.05486	0.06374	0.01625	0.01019	0.00296	0.00608	0.01383	0.06288	0.08584

[dist]
# distance from previous block
# <min> <max>
2	22

[block]
# block no. 1 follows, 14 sequences, length 99
# corresponding to MSA columns:
# 179-277
name=unknown_B
#
# <colnr> <probs for GDERKNQSTAVLIFYWHMCP>
#	G	D	E	R	K	N	Q	S	T	A	V	L	I	F	Y	W	H	M	C	P
0	0.47974	0.02212	0.06024	0.01583	0.02251	0.02225	0.01396	0.09016	0.02312	0.04656	0.09450	0.02650	0.02415	0.01150	0.00789	0.00318	0.00845	0.00799	0.00737	0.01198
1	0.11296	0.01604	0.05556	0.01485	0.01853	0.01414	0.01187	0.05484	0.02320	0.06729	0.18077	0.12297	0.05021	0.18756	0.02199	0.00516	0.00817	0.01521	0.00855	0.01012
2	0.07261	0.03144	0.22695	0.02511	0.03532	0.02046	0.09546	0.03822	0.05801	0.20407	0.06674	0.03130	0.02428	0.01157	0.01025	0.00326	0.01184	0.00997	0.00804	0.01510
3	0.07218	0.45412	0.18498	0.02022	0.03044	0.03520	0.02224	0.03114	0.02083	0.02773	0.01531	0.01778	0.01299	0.00907	0.00736	0.00253	0.01182	0.00602	0.00451	0.01353
4	0.15610	0.52790	0.04650	0.01680	0.02512	0.03730	0.01635	0.03062	0.02021	0.02826	0.01427	0.01650	0.01278	0.00892	0.00654	0.00238	0.01040	0.00550	0.00476	0.01278
5	0.34496	0.02234	0.02689	0.03240	0.21663	0.02402	0.01954	0.09333	0.02404	0.08033	0.01907	0.02193	0.01465	0.00994	0.00843	0.00312	0.00989	0.00758	0.00681	0.01411
6	0.02385	0.02129	0.02826	0.02981	0.13686	0.02308	0.05622	0.04337	0.33667	0.04007	0.11051	0.04037	0.03644	0.01358	0.01074	0.00336	0.00914	0.01213	0.00911	0.01514
7	0.01466	0.01100	0.01649	0.01649	0.01833	0.01283	0.01283	0.01833	0.01649	0.02382	0.02749	0.04032	0.02566	0.07697	0.59868	0.01649	0.02749	0.01100	0.00550	0.00916
8	0.02336	0.02200	0.03572	0.24647	0.33700	0.02398	0.02864	0.03246	0.08644	0.03216	0.02164	0.02762	0.01718	0.01010	0.01023	0.00323	0.01221	0.00943	0.00555	0.01459
9	0.71184	0.01985	0.01508	0.01350	0.01985	0.02302	0.01111	0.03017	0.01746	0.04604	0.01429	0.01667	0.01111	0.00953	0.00635	0.00318	0.00794	0.00556	0.00635	0.01111
10	0.01791	0.01392	0.01813	0.06168	0.02482	0.01488	0.01604	0.02741	0.13622	0.03215	0.04945	0.18870	0.05150	0.02467	0.01290	0.00426	0.00883	0.27638	0.00932	0.01083
11	0.03742	0.04127	0.02760	0.02466	0.03034	0.44569	0.01874	0.04401	0.10510	0.09459	0.02255	0.02333	0.01729	0.01131	0.00955	0.00283	0.01584	0.00777	0.00692	0.01319
12	0.21855	0.06879	0.02527	0.01877	0.02602	0.10301	0.01544	0.10396	0.02796	0.25745	0.02624	0.02519	0.01804	0.01124	0.00885	0.00302	0.01038	0.00806	0.00908	0.01470
13	0.01466	0.01100	0.01649	0.01649	0.01833	0.01283	0.01283	0.01833	0.01649	0.02382	0.02749	0.04032	0.02566	0.07697	0.59868	0.01649	0.02749	0.01100	0.00550	0.00916
14	0.01744	0.01450	0.01967	0.13007	0.06271	0.01527	0.01533	0.02599	0.10348	0.03647	0.29692	0.06125	0.12479	0.01780	0.01139	0.00332	0.00749	0.01555	0.00929	0.01126
15	0.02744	0.64552	0.05378	0.01756	0.02634	0.04061	0.01756	0.03073	0.02085	0.02414	0.01427	0.01646	0.01317	0.00878	0.00658	0.00219	0.01097	0.00549	0.00439	0.01317
16	0.01504	0.01075	0.01612	0.01612	0.01773	0.01236	0.01236	0.01773	0.01612	0.02310	0.02633	0.03922	0.02472	0.07201	0.53162	0.09873	0.02526	0.01075	0.00537	0.00860
17	0.01938	0.01824	0.03078	0.61468	0.07068	0.02280	0.02850	0.02622	0.02052	0.02622	0.01824	0.02736	0.01368	0.01026	0.01026	0.00342	0.01368	0.00912	0.00456	0.01140
18	0.03923	0.01975	0.02970	0.03301	0.20732	0.01815	0.02050	0.04390	0.02739	0.40139	0.03350	0.03179	0.02239	0.01153	0.01027	0.00313	0.00987	0.00993	0.01019	0.01707
19	0.71184	0.01985	0.01508	0.01350	0.01985	0.02302	0.01111	0.03017	0.01746	0.04604	0.01429	0.01667	0.01111	0.00953	0.00635	0.00318	0.00794	0.00556	0.00635	0.01111
20	0.01492	0.00995	0.01119	0.01119	0.01119	0.00995	0.00622	0.01492	0.01492	0.01990	0.03233	0.06716	0.03731	0.63935	0.05223	0.00995	0.00995	0.01492	0.00622	0.00622
21	0.01938	0.01824	0.03078	0.61468	0.07068	0.02280	0.02850	0.02622	0.02052	0.02622	0.01824	0.02736	0.01368	0.01026	0.01026	0.00342	0.01368	0.00912	0.00456	0.01140
22	0.02240	0.02159	0.03808	0.38861	0.13742	0.02420	0.12651	0.06034	0.02337	0.03095	0.01928	0.02697	0.01465	0.00992	0.01060	0.00335	0.01401	0.00971	0.00511	0.01294
23	0.02058	0.05308	0.58618	0.02925	0.04442	0.02383	0.03792	0.03250	0.02167	0.03250	0.01842	0.02167	0.01300	0.00975	0.00975	0.00325	0.01517	0.00758	0.00433	0.01517
24	0.02506	0.02503	0.04151	0.03223	0.03684	0.02957	0.20195	0.08955	0.02259	0.03235	0.01735	0.02454	0.01468	0.01404	0.02334	0.00396	0.33699	0.01010	0.00543	0.01289
25	0.02704	0.02363	0.02356	0.02073	0.02641	0.06807	0.01618	0.11638	0.38314	0.04436	0.10085	0.03951	0.03590	0.01429	0.01053	0.00333	0.00896	0.01173	0.01013	0.01529
26	0.01614	0.01263	0.01393	0.01280	0.01650	0.01178	0.00982	0.07944	0.02822	0.03654	0.24648	0.08265	0.34990	0.02271	0.01190	0.00334	0.00581	0.01916	0.01019	0.01005
27	0.27393	0.01963	0.02120	0.01730	0.02445	0.02026	0.01416	0.07811	0.08989	0.29538	0.03045	0.02828	0.02060	0.01172	0.00895	0.00321	0.00856	0.00875	0.01006	0.01512
28	0.04121	0.02807	0.02825	0.02228	0.02997	0.11106	0.01811	0.30550	0.03920	0.22829	0.02851	0.02709	0.01942	0.01218	0.01013	0.00305	0.01153	0.00920	0.01032	0.01663
29	0.02118	0.04936	0.51859	0.02824	0.04229	0.02404	0.03531	0.03514	0.08591	0.03375	0.02122	0.02366	0.01520	0.01025	0.00983	0.00328	0.01432	0.00807	0.00507	0.01530
30	0.02490	0.02365	0.03921	0.05725	0.50918	0.02310	0.02917	0.03082	0.02312	0.03352	0.01918	0.02490	0.01613	0.00896	0.00985	0.00286	0.01164	0.00878	0.00520	0.09860
31	0.71184	0.01985	0.01508	0.01350	0.01985	0.02302	0.01111	0.03017	0.01746	0.04604	0.01429	0.01667	0.01111	0.00953	0.00635	0.00318	0.00794	0.00556	0.00635	0.01111
32	0.13121	0.02223	0.02501	0.10016	0.03283	0.02489	0.01779	0.16759	0.20510	0.12230	0.03014	0.02979	0.02171	0.01222	0.00976	0.00329	0.00972	0.00962	0.00932	0.01531
33	0.71184	0.01985	0.01508	0.01350	0.01985	0.02302	0.01111	0.03017	0.01746	0.04604	0.01429	0.01667	0.01111	0.00953	0.00635	0.00318	0.00794	0.00556	0.00635	0.01111
34	0.04141	0.02044	0.02518	0.01968	0.02718	0.01992	0.01609	0.20360	0.03468	0.37810	0.03660	0.07435	0.02591	0.01397	0.01050	0.00322	0.00935	0.01132	0.01170	0.01681
35	0.02155	0.02095	0.02900	0.02505	0.02505	0.02885	0.02050	0.02352	0.01562	0.02412	0.01574	0.02782	0.01633	0.09257	0.03591	0.00515	0.54725	0.00969	0.00470	0.01062
36	0.71184	0.01985	0.01508	0.01350	0.01985	0.02302	0.01111	0.03017	0.01746	0.04604	0.01429	0.01667	0.01111	0.00953	0.00635	0.00318	0.00794	0.00556	0.00635	0.01111
37	0.02128	0.01824	0.02128	0.01520	0.02432	0.01368	0.01216	0.02584	0.02128	0.03344	0.01824	0.02128	0.01520	0.00760	0.00760	0.00152	0.00760	0.00608	0.00608	0.70208
38	0.01763	0.01263	0.01994	0.01933	0.02216	0.01193	0.07533	0.02121	0.02204	0.07172	0.05040	0.37232	0.05587	0.02677	0.01306	0.00416	0.00849	0.15576	0.00923	0.01001
39	0.01938	0.01824	0.03078	0.61468	0.07068	0.02280	0.02850	0.02622	0.02052	0.02622	0.01824	0.02736	0.01368	0.01026	0.01026	0.00342	0.01368	0.00912	0.00456	0.01140
40	0.16496	0.01845	0.02215	0.01771	0.02510	0.01778	0.01450	0.04694	0.09052	0.41987	0.03586	0.03200	0.02351	0.01227	0.00961	0.00321	0.00851	0.00961	0.01127	0.01616
41	0.03988	0.02964	0.02965	0.02323	0.03105	0.09753	0.01895	0.41489	0.04340	0.12973	0.02572	0.02529	0.01802	0.01216	0.01015	0.00304	0.01181	0.00907	0.01000	0.01679
42	0.03490	0.02036	0.02399	0.02006	0.02679	0.02118	0.01625	0.11730	0.23522	0.26070	0.03985	0.04096	0.02916	0.01431	0.01065	0.00340	0.00890	0.04841	0.01125	0.01638
43	0.03061	0.03654	0.02497	0.02319	0.02735	0.40715	0.01754	0.03359	0.02497	0.02469	0.01966	0.02562	0.01728	0.03224	0.20159	0.00716	0.02144	0.00804	0.00536	0.01100
44	0.01519	0.01136	0.01421	0.01334	0.01609	0.01082	0.01005	0.02172	0.06881	0.04035	0.49706	0.07529	0.12510	0.02079	0.01198	0.00326	0.00512	0.01825	0.01111	0.01011
45	0.01938	0.01824	0.03078	0.61468	0.07068	0.02280	0.02850	0.02622	0.02052	0.02622	0.01824	0.02736	0.01368	0.01026	0.01026	0.00342	0.01368	0.00912	0.00456	0.01140
46	0.01961	0.01446	0.01806	0.01774	0.02117	0.01489	0.01468	0.09332	0.07040	0.03965	0.21759	0.08466	0.06361	0.02266	0.01268	0.00392	0.00809	0.24144	0.01024	0.01114
47	0.02810	0.02332	0.02465	0.02140	0.02767	0.02673	0.01687	0.14734	0.45979	0.04708	0.03850	0.03568	0.02868	0.01362	0.01041	0.00340	0.00873	0.01115	0.01041	0.01647
48	0.02493	0.01266	0.01654	0.01447	0.01798	0.01176	0.01075	0.02807	0.02432	0.21063	0.20814	0.05761	0.05173	0.19129	0.06832	0.00608	0.00927	0.01429	0.00992	0.01124
49	0.01735	0.01551	0.02433	0.40318	0.05106	0.01806	0.02164	0.02318	0.02273	0.02961	0.14756	0.04771	0.10827	0.01471	0.01091	0.00339	0.01063	0.01286	0.00668	0.01066
50	0.01541	0.01070	0.01354	0.01422	0.01550	0.01055	0.01049	0.01798	0.02063	0.02769	0.14112	0.08600	0.05613	0.30870	0.03133	0.00685	0.00881	0.18801	0.00831	0.00800
51	0.02744	0.64552	0.05378	0.01756	0.02634	0.04061	0.01756	0.03073	0.02085	0.02414	0.01427	0.01646	0.01317	0.00878	0.00658	0.00219	0.01097	0.00549	0.00439	0.01317
52	0.01466	0.01100	0.01649	0.01649	0.01833	0.01283	0.01283	0.01833	0.01649	0.02382	0.02749	0.04032	0.02566	0.07697	0.59868	0.01649	0.02749	0.01100	0.00550	0.00916
53	0.02463	0.02652	0.05392	0.05018	0.23669	0.02540	0.36031	0.03239	0.02392	0.03310	0.02025	0.02688	0.01581	0.00882	0.01143	0.00332	0.01551	0.01107	0.00515	0.01469
54	0.02128	0.01824	0.02128	0.01520	0.02432	0.01368	0.01216	0.02584	0.02128	0.03344	0.01824	0.02128	0.01520	0.00760	0.00760	0.00152	0.00760	0.00608	0.00608	0.70208
55	0.02744	0.64552	0.05378	0.01756	0.02634	0.04061	0.01756	0.03073	0.02085	0.02414	0.01427	0.01646	0.01317	0.00878	0.00658	0.00219	0.01097	0.00549	0.00439	0.01317
56	0.01306	0.01033	0.01176	0.01161	0.01449	0.00903	0.00863	0.01645	0.02528	0.03270	0.27710	0.12664	0.35747	0.02451	0.01218	0.00342	0.00511	0.02100	0.01020	0.00903
57	0.01913	0.00956	0.00956	0.00956	0.01196	0.00956	0.00717	0.02391	0.02152	0.03826	0.03348	0.03826	0.02630	0.01196	0.00717	0.00239	0.00478	0.00956	0.69632	0.00956
58	0.02540	0.02438	0.04165	0.06299	0.57533	0.02438	0.03149	0.03149	0.02337	0.03353	0.01930	0.02540	0.01626	0.00914	0.01016	0.00305	0.01219	0.00914	0.00508	0.01626
59	0.02744	0.64552	0.05378	0.01756	0.02634	0.04061	0.01756	0.03073	0.02085	0.02414	0.01427	0.01646	0.01317	0.00878	0.00658	0.00219	0.01097	0.00549	0.00439	0.01317
60	0.01466	0.01100	0.01649	0.01649	0.01833	0.01283	0.01283	0.01833	0.01649	0.02382	0.02749	0.04032	0.02566	0.07697	0.59868	0.01649	0.02749	0.01100	0.00550	0.00916
61	0.02540	0.02438	0.04165	0.06299	0.57533	0.02438	0.03149	0.03149	0.02337	0.03353	0.01930	0.02540	0.01626	0.00914	0.01016	0.00305	0.01219	0.00914	0.00508	0.01626
62	0.02161	0.09597	0.47370	0.03022	0.04424	0.02543	0.10375	0.03241	0.02195	0.03190	0.01841	0.02207	0.01336	0.00953	0.00982	0.00320	0.01513	0.00803	0.00445	0.01483
63	0.02553	0.02204	0.02320	0.02088	0.02669	0.02553	0.01624	0.05453	0.55679	0.04293	0.04177	0.03829	0.03133	0.01392	0.01044	0.00348	0.00812	0.01160	0.01044	0.01624
64	0.71184	0.01985	0.01508	0.01350	0.01985	0.02302	0.01111	0.03017	0.01746	0.04604	0.01429	0.01667	0.01111	0.00953	0.00635	0.00318	0.00794	0.00556	0.00635	0.01111
65	0.01475	0.01063	0.01464	0.01464	0.01583	0.01182	0.01051	0.01713	0.01594	0.02245	0.02919	0.04972	0.02974	0.27393	0.40730	0.01420	0.02135	0.01237	0.00575	0.00813
66	0.01913	0.00956	0.00956	0.00956	0.01196	0.00956	0.00717	0.02391	0.02152	0.03826	0.03348	0.03826	0.02630	0.01196	0.00717	0.00239	0.00478	0.00956	0.69632	0.00956
67	0.49228	0.02275	0.02021	0.01680	0.02375	0.02589	0.01385	0.19690	0.02751	0.05212	0.01767	0.01927	0.01318	0.01044	0.00763	0.00314	0.00903	0.00676	0.00763	0.01318
68	0.01512	0.01057	0.01536	0.01536	0.01671	0.01192	0.01142	0.01720	0.01586	0.02249	0.02683	0.04266	0.02615	0.14636	0.45054	0.10796	0.02265	0.01124	0.00545	0.00814
69	0.71184	0.01985	0.01508	0.01350	0.01985	0.02302	0.01111	0.03017	0.01746	0.04604	0.01429	0.01667	0.01111	0.00953	0.00635	0.00318	0.00794	0.00556	0.00635	0.01111
70	0.02744	0.64552	0.05378	0.01756	0.02634	0.04061	0.01756	0.03073	0.02085	0.02414	0.01427	0.01646	0.01317	0.00878	0.00658	0.00219	0.01097	0.00549	0.00439	0.01317
71	0.08960	0.02007	0.02406	0.01915	0.02662	0.01993	0.01563	0.11888	0.12734	0.37192	0.03658	0.03276	0.02432	0.01264	0.01005	0.00322	0.00893	0.01006	0.01148	0.01678
72	0.01913	0.00956	0.00956	0.00956	0.01196	0.00956	0.00717	0.02391	0.02152	0.03826	0.03348	0.03826	0.02630	0.01196	0.00717	0.00239	0.00478	0.00956	0.69632	0.00956
73	0.02540	0.02438	0.04165	0.06299	0.57533	0.02438	0.03149	0.03149	0.02337	0.03353	0.01930	0.02540	0.01626	0.00914	0.01016	0.00305	0.01219	0.00914	0.00508	0.01626
74	0.01492	0.00995	0.01119	0.01119	0.01119	0.00995	0.00622	0.01492	0.01492	0.01990	0.03233	0.06716	0.03731	0.63935	0.05223	0.00995	0.00995	0.01492	0.00622	0.00622
75	0.01467	0.01050	0.01432	0.01621	0.01790	0.01014	0.01279	0.01827	0.02289	0.03052	0.13233	0.31055	0.06813	0.02872	0.01345	0.00428	0.00740	0.24811	0.00976	0.00905
76	0.02245	0.02245	0.03143	0.02694	0.02694	0.03143	0.02245	0.02470	0.01572	0.02470	0.01347	0.02245	0.01347	0.01796	0.03368	0.00449	0.62057	0.00898	0.00449	0.01123
77	0.02744	0.64552	0.05378	0.01756	0.02634	0.04061	0.01756	0.03073	0.02085	0.02414	0.01427	0.01646	0.01317	0.00878	0.00658	0.00219	0.01097	0.00549	0.00439	0.01317
78	0.01938	0.01824	0.03078	0.61468	0.07068	0.02280	0.02850	0.02622	0.02052	0.02622	0.01824	0.02736	0.01368	0.01026	0.01026	0.00342	0.01368	0.00912	0.00456	0.01140
79	0.66378	0.02048	0.01621	0.01422	0.02070	0.02365	0.01171	0.06666	0.01966	0.04737	0.01503	0.01724	0.01157	0.00973	0.00663	0.00317	0.00818	0.00582	0.00663	0.01157
80	0.02744	0.64552	0.05378	0.01756	0.02634	0.04061	0.01756	0.03073	0.02085	0.02414	0.01427	0.01646	0.01317	0.00878	0.00658	0.00219	0.01097	0.00549	0.00439	0.01317
81	0.01466	0.01100	0.01649	0.01649	0.01833	0.01283	0.01283	0.01833	0.01649	0.02382	0.02749	0.04032	0.02566	0.07697	0.59868	0.01649	0.02749	0.01100	0.00550	0.00916
82	0.02540	0.02438	0.04165	0.06299	0.57533	0.02438	0.03149	0.03149	0.02337	0.03353	0.01930	0.02540	0.01626	0.00914	0.01016	0.00305	0.01219	0.00914	0.00508	0.01626
83	0.03501	0.02587	0.03781	0.02831	0.03648	0.02701	0.16323	0.26986	0.03565	0.15026	0.02573	0.02726	0.01813	0.01178	0.01249	0.00331	0.05668	0.01022	0.00889	0.01600
84	0.71184	0.01985	0.01508	0.01350	0.01985	0.02302	0.01111	0.03017	0.01746	0.04604	0.01429	0.01667	0.01111	0.00953	0.00635	0.00318	0.00794	0.00556	0.00635	0.01111
85	0.01723	0.00930	0.01396	0.01396	0.01430	0.00965	0.00965	0.01430	0.01396	0.01895	0.01964	0.03291	0.01930	0.04342	0.14511	0.57266	0.01240	0.00930	0.00465	0.00534
86	0.02186	0.04417	0.40174	0.03416	0.04765	0.02458	0.21341	0.03263	0.02256	0.03263	0.01924	0.02378	0.01390	0.00936	0.01058	0.00332	0.01592	0.00917	0.00463	0.01470
87	0.01250	0.00893	0.01191	0.01429	0.01488	0.00834	0.00953	0.01429	0.01965	0.02620	0.05656	0.63265	0.06787	0.03215	0.01310	0.00417	0.00595	0.02917	0.00953	0.00834
88	0.02645	0.56021	0.13044	0.01924	0.02894	0.03819	0.02049	0.03098	0.02097	0.02535	0.01486	0.01721	0.01315	0.00892	0.00704	0.00235	0.01158	0.00579	0.00438	0.01346
89	0.02227	0.02118	0.03599	0.35020	0.31261	0.02356	0.02994	0.02875	0.02188	0.02972	0.01875	0.02642	0.01491	0.00972	0.01021	0.00324	0.01297	0.00913	0.00481	0.01373
90	0.02308	0.32551	0.23074	0.02184	0.03165	0.02957	0.02440	0.02961	0.02164	0.02823	0.02300	0.03636	0.02148	0.01268	0.00906	0.00302	0.01214	0.09751	0.00529	0.01318
91	0.01783	0.00891	0.01337	0.01337	0.01337	0.00891	0.00891	0.01337	0.01337	0.01783	0.01783	0.03119	0.01783	0.03565	0.04011	0.70143	0.00891	0.00891	0.00446	0.00446
92	0.02641	0.17132	0.36588	0.02529	0.03751	0.06997	0.02958	0.03488	0.02299	0.09623	0.02001	0.02194	0.01454	0.00997	0.00912	0.00298	0.01378	0.00740	0.00542	0.01478
93	0.02400	0.03489	0.28700	0.07288	0.04100	0.02065	0.10052	0.03244	0.02280	0.10590	0.02416	0.06424	0.01891	0.01122	0.01016	0.00313	0.01298	0.00993	0.00615	0.09702
94	0.02496	0.03404	0.21846	0.08540	0.26772	0.02508	0.06404	0.09272	0.02565	0.03637	0.01967	0.02437	0.01511	0.00977	0.01017	0.00317	0.01348	0.00883	0.00543	0.01554
95	0.02065	0.03271	0.23180	0.03269	0.04278	0.02173	0.26117	0.02906	0.02244	0.03142	0.02705	0.14554	0.02505	0.01369	0.01149	0.00353	0.01432	0.01394	0.00575	0.01321
96	0.02734	0.02623	0.08375	0.05212	0.39163	0.02346	0.10513	0.03400	0.02409	0.09926	0.02200	0.02660	0.01700	0.00954	0.01044	0.00314	0.01276	0.00961	0.00595	0.01596
97	0.02824	0.02113	0.07339	0.25621	0.08771	0.01970	0.05713	0.03425	0.02382	0.20472	0.02836	0.07310	0.02161	0.01239	0.01056	0.00336	0.01178	0.01103	0.00757	0.01393
98	0.02225	0.09797	0.07575	0.23813	0.22065	0.02473	0.06727	0.02855	0.02178	0.02927	0.02105	0.06829	0.01842	0.01113	0.01010	0.00320	0.01271	0.01025	0.00510	0.01340

[dist]
# distance from previous block
# <min> <max>
13	33

[block]
# block no. 2 follows, 14 sequences, length 22
# corresponding to MSA columns:
# 311-332
name=unknown_C
#
# <colnr> <probs for GDERKNQSTAVLIFYWHMCP>
#	G	D	E	R	K	N	Q	S	T	A	V	L	I	F	Y	W	H	M	C	P
0	0.05705	0.09454	0.31292	0.02554	0.03681	0.02404	0.06360	0.07121	0.02409	0.10333	0.02203	0.02487	0.01609	0.01590	0.06004	0.00428	0.01456	0.00838	0.00609	0.01465
1	0.06600	0.17686	0.22642	0.08299	0.03668	0.02646	0.02467	0.03462	0.08433	0.06988	0.02143	0.02357	0.01615	0.01010	0.00883	0.00292	0.01180	0.00769	0.00591	0.06267
2	0.02257	0.11375	0.22818	0.06232	0.03288	0.02226	0.02322	0.07150	0.02276	0.06232	0.02535	0.08140	0.02283	0.09188	0.06847	0.00517	0.01353	0.01071	0.00611	0.01279
3	0.02504	0.48245	0.14456	0.01921	0.02854	0.03481	0.02045	0.03001	0.02174	0.02718	0.06573	0.02288	0.02078	0.01007	0.00765	0.00248	0.01116	0.00705	0.00501	0.01321
4	0.10859	0.38193	0.12129	0.02033	0.02912	0.13449	0.02013	0.03272	0.02202	0.02808	0.01515	0.01759	0.01291	0.00932	0.00748	0.00254	0.01255	0.00599	0.00477	0.01299
5	0.21554	0.26854	0.22533	0.02043	0.03072	0.02997	0.02274	0.03118	0.02019	0.03310	0.01569	0.01830	0.01254	0.00932	0.00760	0.00283	0.01157	0.00622	0.00492	0.01328
6	0.01271	0.00961	0.01174	0.01290	0.01465	0.00864	0.00903	0.01521	0.02224	0.02899	0.15091	0.38532	0.22377	0.02855	0.01265	0.00381	0.00555	0.02526	0.00980	0.00864
7	0.02128	0.01824	0.02128	0.01520	0.02432	0.01368	0.01216	0.02584	0.02128	0.03344	0.01824	0.02128	0.01520	0.00760	0.00760	0.00152	0.00760	0.00608	0.00608	0.70208
8	0.09873	0.02019	0.11487	0.01536	0.02040	0.01459	0.01344	0.02175	0.01754	0.02760	0.02526	0.04505	0.02602	0.34204	0.03142	0.00647	0.01022	0.01096	0.00588	0.13220
9	0.04006	0.02402	0.09091	0.02072	0.02937	0.01996	0.01864	0.13498	0.07699	0.38042	0.03521	0.03185	0.02305	0.01239	0.01025	0.00319	0.00989	0.00992	0.01110	0.01709
10	0.01913	0.00956	0.00956	0.00956	0.01196	0.00956	0.00717	0.02391	0.02152	0.03826	0.03348	0.03826	0.02630	0.01196	0.00717	0.00239	0.00478	0.00956	0.69632	0.00956
11	0.08116	0.01609	0.02190	0.01805	0.02237	0.01607	0.07250	0.06786	0.02122	0.08070	0.02746	0.04319	0.02587	0.25426	0.11791	0.00766	0.01318	0.01145	0.00692	0.07419
12	0.01751	0.01393	0.01507	0.01411	0.01821	0.01347	0.01116	0.09452	0.05948	0.03527	0.11499	0.08485	0.36575	0.02321	0.01200	0.00354	0.00673	0.07584	0.00980	0.01056
13	0.01913	0.00956	0.00956	0.00956	0.01196	0.00956	0.00717	0.02391	0.02152	0.03826	0.03348	0.03826	0.02630	0.01196	0.00717	0.00239	0.00478	0.00956	0.69632	0.00956
14	0.02483	0.13631	0.08596	0.33564	0.05254	0.07607	0.02564	0.08920	0.02466	0.03085	0.01810	0.02383	0.01393	0.01022	0.00948	0.00308	0.01347	0.00814	0.00524	0.01281
15	0.02141	0.03654	0.30750	0.09866	0.11549	0.02300	0.03013	0.03424	0.11603	0.03332	0.02532	0.06874	0.02062	0.01204	0.01022	0.00335	0.01269	0.01020	0.00591	0.01459
16	0.02660	0.02195	0.02626	0.01959	0.02823	0.02035	0.04457	0.16731	0.07811	0.04267	0.02227	0.02412	0.01731	0.00951	0.00884	0.00223	0.00919	0.00778	0.00756	0.41554
17	0.01783	0.00891	0.01337	0.01337	0.01337	0.00891	0.00891	0.01337	0.01337	0.01783	0.01783	0.03119	0.01783	0.03565	0.04011	0.70143	0.00891	0.00891	0.00446	0.00446
18	0.05295	0.13768	0.18596	0.06300	0.03170	0.02265	0.02249	0.02748	0.02110	0.05943	0.02926	0.14051	0.02878	0.01651	0.01199	0.00349	0.05653	0.06974	0.00644	0.01232
19	0.02922	0.15825	0.21537	0.03149	0.14865	0.02619	0.02672	0.07037	0.02519	0.14048	0.02250	0.02419	0.01645	0.01018	0.00934	0.00297	0.01217	0.00814	0.00654	0.01560
20	0.02310	0.01173	0.01394	0.01249	0.01615	0.01076	0.00953	0.02704	0.02464	0.16179	0.15396	0.05612	0.11941	0.06280	0.01298	0.00346	0.00615	0.01370	0.24922	0.01104
21	0.02521	0.02229	0.03699	0.25832	0.29359	0.02397	0.05643	0.06863	0.02454	0.06126	0.02048	0.02667	0.01583	0.00994	0.01032	0.00322	0.01277	0.00936	0.00567	0.01450

[dist]
# distance from previous block
# <min> <max>
1	2

[block]
# block no. 3 follows, 14 sequences, length 19
# corresponding to MSA columns:
# 335-353
name=unknown_D
#
# <colnr> <probs for GDERKNQSTAVLIFYWHMCP>
#	G	D	E	R	K	N	Q	S	T	A	V	L	I	F	Y	W	H	M	C	P
0	0.02365	0.01817	0.02152	0.01549	0.02450	0.01381	0.01244	0.02816	0.02206	0.08607	0.02037	0.02259	0.01618	0.00809	0.00786	0.00168	0.00771	0.00649	0.00671	0.63645
1	0.01452	0.01049	0.01372	0.01291	0.01533	0.00968	0.00968	0.01937	0.02905	0.04115	0.56992	0.07666	0.09683	0.02098	0.01210	0.00323	0.00484	0.01856	0.01130	0.00968
2	0.02103	0.01286	0.01614	0.01441	0.01825	0.01210	0.01111	0.02786	0.08009	0.13724	0.37860	0.06754	0.12308	0.01928	0.01162	0.00327	0.00589	0.01670	0.01130	0.01162
3	0.02553	0.02204	0.02320	0.02088	0.02669	0.02553	0.01624	0.05453	0.55679	0.04293	0.04177	0.03829	0.03133	0.01392	0.01044	0.00348	0.00812	0.01160	0.01044	0.01624
4	0.02510	0.02049	0.03236	0.24431	0.24538	0.02209	0.02575	0.07539	0.02478	0.08233	0.02495	0.08617	0.02132	0.01239	0.01051	0.00330	0.01171	0.01121	0.00648	0.01399
5	0.01913	0.00956	0.00956	0.00956	0.01196	0.00956	0.00717	0.02391	0.02152	0.03826	0.03348	0.03826	0.02630	0.01196	0.00717	0.00239	0.00478	0.00956	0.69632	0.00956
6	0.25943	0.02164	0.03044	0.15318	0.28699	0.02361	0.02393	0.03001	0.02079	0.03640	0.01738	0.02279	0.01399	0.00949	0.00887	0.00316	0.01102	0.00791	0.00541	0.01355
7	0.02245	0.02245	0.03143	0.02694	0.02694	0.03143	0.02245	0.02470	0.01572	0.02470	0.01347	0.02245	0.01347	0.01796	0.03368	0.00449	0.62057	0.00898	0.00449	0.01123
8	0.01509	0.01077	0.01539	0.01539	0.01711	0.01228	0.01173	0.01852	0.01680	0.02477	0.02846	0.04254	0.02676	0.12163	0.49650	0.01464	0.02387	0.01122	0.06759	0.00893
9	0.01492	0.00995	0.01119	0.01119	0.01119	0.00995	0.00622	0.01492	0.01492	0.01990	0.03233	0.06716	0.03731	0.63935	0.05223	0.00995	0.00995	0.01492	0.00622	0.00622
10	0.01913	0.00956	0.00956	0.00956	0.01196	0.00956	0.00717	0.02391	0.02152	0.03826	0.03348	0.03826	0.02630	0.01196	0.00717	0.00239	0.00478	0.00956	0.69632	0.00956
11	0.02058	0.05308	0.58618	0.02925	0.04442	0.02383	0.03792	0.03250	0.02167	0.03250	0.01842	0.02167	0.01300	0.00975	0.00975	0.00325	0.01517	0.00758	0.00433	0.01517
12	0.02739	0.02391	0.03969	0.14404	0.17981	0.02566	0.13964	0.10855	0.02639	0.07870	0.02122	0.02655	0.01621	0.01101	0.01337	0.00339	0.08372	0.00989	0.00632	0.01454
13	0.01913	0.00956	0.00956	0.00956	0.01196	0.00956	0.00717	0.02391	0.02152	0.03826	0.03348	0.03826	0.02630	0.01196	0.00717	0.00239	0.00478	0.00956	0.69632	0.00956
14	0.04604	0.01746	0.02382	0.01826	0.02620	0.01508	0.01508	0.05001	0.02937	0.58244	0.04049	0.03493	0.02540	0.01270	0.01032	0.00318	0.00873	0.01032	0.01270	0.01746
15	0.01250	0.00893	0.01191	0.01429	0.01488	0.00834	0.00953	0.01429	0.01965	0.02620	0.05656	0.63265	0.06787	0.03215	0.01310	0.00417	0.00595	0.02917	0.00953	0.00834
16	0.02364	0.02583	0.07912	0.16322	0.31834	0.02442	0.15253	0.03086	0.02291	0.03188	0.01939	0.02609	0.01538	0.00928	0.01062	0.00323	0.01389	0.00975	0.00496	0.01466
17	0.02754	0.02898	0.06884	0.02743	0.03093	0.12758	0.06256	0.03115	0.02043	0.08038	0.01742	0.02334	0.01473	0.01490	0.02389	0.00388	0.36929	0.00885	0.00548	0.01241
18	0.03580	0.09442	0.08554	0.02580	0.03255	0.45422	0.02139	0.07841	0.02921	0.02885	0.01667	0.01913	0.01352	0.01049	0.00917	0.00270	0.01703	0.00682	0.00551	0.01275

[dist]
# distance from previous block
# <min> <max>
0	2

[block]
# block no. 4 follows, 14 sequences, length 29
# corresponding to MSA columns:
# 356-384
name=unknown_E
#
# <colnr> <probs for GDERKNQSTAVLIFYWHMCP>
#	G	D	E	R	K	N	Q	S	T	A	V	L	I	F	Y	W	H	M	C	P
0	0.04197	0.01743	0.02436	0.02122	0.06691	0.01536	0.01590	0.04617	0.02889	0.49785	0.08097	0.03752	0.03039	0.01309	0.01045	0.00317	0.00868	0.01089	0.01201	0.01675
1	0.02482	0.02354	0.03868	0.11315	0.46907	0.02434	0.02963	0.03334	0.07794	0.03377	0.02151	0.02692	0.01755	0.00975	0.01020	0.00313	0.01192	0.00939	0.00558	0.01577
2	0.02811	0.07046	0.15104	0.02488	0.03388	0.02784	0.06105	0.17736	0.23116	0.04458	0.02882	0.02887	0.02132	0.01187	0.01013	0.00324	0.01136	0.00975	0.00830	0.01596
3	0.30764	0.02249	0.02480	0.02726	0.14251	0.02505	0.01784	0.10057	0.15800	0.04490	0.02356	0.02497	0.01809	0.01090	0.00869	0.00321	0.00932	0.00831	0.00760	0.01430
4	0.02771	0.02231	0.03414	0.10223	0.33146	0.02318	0.02565	0.03849	0.13818	0.11129	0.02696	0.02968	0.02050	0.01077	0.01025	0.00320	0.01098	0.00983	0.00724	0.01594
5	0.01913	0.00956	0.00956	0.00956	0.01196	0.00956	0.00717	0.02391	0.02152	0.03826	0.03348	0.03826	0.02630	0.01196	0.00717	0.00239	0.00478	0.00956	0.69632	0.00956
6	0.09703	0.01748	0.06210	0.01539	0.02054	0.01431	0.01250	0.02953	0.02070	0.19428	0.03043	0.04412	0.02691	0.27348	0.02711	0.00585	0.00956	0.01112	0.00802	0.07955
7	0.02472	0.01593	0.01907	0.01677	0.02149	0.01630	0.01306	0.03782	0.21335	0.15090	0.27881	0.05485	0.05956	0.01685	0.01116	0.00331	0.00677	0.01447	0.01128	0.01354
8	0.01913	0.00956	0.00956	0.00956	0.01196	0.00956	0.00717	0.02391	0.02152	0.03826	0.03348	0.03826	0.02630	0.01196	0.00717	0.00239	0.00478	0.00956	0.69632	0.00956
9	0.42101	0.07616	0.17618	0.01909	0.02760	0.02517	0.01978	0.03046	0.01875	0.03915	0.01536	0.01844	0.01196	0.01014	0.00926	0.00322	0.05403	0.00635	0.00552	0.01239
10	0.02419	0.02605	0.10001	0.08148	0.15493	0.02243	0.23938	0.03167	0.02411	0.07218	0.05448	0.03648	0.02382	0.01145	0.01136	0.00341	0.01387	0.04846	0.00623	0.01400
11	0.03229	0.06091	0.06730	0.01808	0.02712	0.01773	0.01600	0.06549	0.02598	0.24877	0.02705	0.02652	0.01902	0.01010	0.00891	0.00243	0.00903	0.00799	0.00866	0.30063
12	0.02424	0.02075	0.02209	0.02023	0.02552	0.02383	0.01558	0.05056	0.50374	0.04128	0.04323	0.09699	0.03494	0.01572	0.01070	0.00355	0.00791	0.01334	0.01035	0.01546
13	0.30831	0.02347	0.03867	0.08970	0.04140	0.02441	0.26757	0.03107	0.02104	0.03764	0.01782	0.02309	0.01353	0.00918	0.00954	0.00334	0.01305	0.00909	0.00561	0.01246
14	0.71184	0.01985	0.01508	0.01350	0.01985	0.02302	0.01111	0.03017	0.01746	0.04604	0.01429	0.01667	0.01111	0.00953	0.00635	0.00318	0.00794	0.00556	0.00635	0.01111
15	0.01686	0.01451	0.01492	0.01410	0.01839	0.01462	0.01078	0.02880	0.21196	0.03310	0.08197	0.07738	0.38032	0.02172	0.01153	0.00347	0.00623	0.01810	0.00985	0.01134
16	0.01492	0.00995	0.01119	0.01119	0.01119	0.00995	0.00622	0.01492	0.01492	0.01990	0.03233	0.06716	0.03731	0.63935	0.05223	0.00995	0.00995	0.01492	0.00622	0.00622
17	0.03833	0.04891	0.02908	0.02644	0.03173	0.59815	0.01983	0.04098	0.02908	0.02512	0.01586	0.01851	0.01322	0.01058	0.00925	0.00264	0.01851	0.00661	0.00529	0.01190
18	0.02216	0.01444	0.01764	0.01600	0.02002	0.01433	0.01252	0.06756	0.10269	0.11554	0.27966	0.10332	0.09392	0.01982	0.01172	0.00344	0.00679	0.05540	0.01093	0.01210
19	0.04604	0.01746	0.02382	0.01826	0.02620	0.01508	0.01508	0.05001	0.02937	0.58244	0.04049	0.03493	0.02540	0.01270	0.01032	0.00318	0.00873	0.01032	0.01270	0.01746
20	0.02716	0.02662	0.03539	0.03965	0.22287	0.10219	0.05312	0.03306	0.05774	0.05943	0.01960	0.02500	0.01638	0.01280	0.01813	0.00354	0.21858	0.00915	0.00568	0.01391
21	0.02597	0.51849	0.16793	0.02007	0.03021	0.03701	0.02192	0.03111	0.02103	0.02594	0.01516	0.01758	0.01313	0.00899	0.00726	0.00242	0.01187	0.00594	0.00438	0.01360
22	0.01296	0.01043	0.01155	0.01127	0.01437	0.00902	0.00845	0.01634	0.02536	0.03240	0.26625	0.09106	0.40596	0.02424	0.01212	0.00338	0.00507	0.02058	0.01015	0.00902
23	0.01454	0.01165	0.01464	0.01677	0.05561	0.01098	0.01104	0.01925	0.05906	0.03088	0.15528	0.28610	0.22505	0.02542	0.01223	0.00366	0.00612	0.02237	0.00957	0.00977
24	0.02358	0.02252	0.03836	0.22992	0.42264	0.02390	0.03059	0.02990	0.02251	0.03132	0.01898	0.02599	0.01548	0.00948	0.01019	0.00316	0.01264	0.00914	0.00492	0.01479
25	0.02069	0.01958	0.03315	0.49421	0.18088	0.02315	0.02915	0.02737	0.02114	0.02782	0.01847	0.02693	0.01424	0.01002	0.01024	0.00334	0.01335	0.00913	0.00467	0.01246
26	0.01659	0.01557	0.05588	0.01964	0.02357	0.01306	0.09953	0.02101	0.02417	0.03352	0.26262	0.16471	0.06265	0.02223	0.01505	0.07250	0.00845	0.05057	0.00874	0.00993
27	0.02752	0.02367	0.03982	0.05839	0.51886	0.02343	0.02981	0.03340	0.02398	0.08997	0.02148	0.02638	0.01720	0.00951	0.01018	0.00306	0.01184	0.00926	0.00586	0.01638
28	0.02217	0.07897	0.24225	0.22469	0.04960	0.02342	0.06598	0.03044	0.02202	0.06283	0.02240	0.03190	0.01784	0.01143	0.01024	0.00336	0.01366	0.04807	0.00539	0.01334

[dist]
# distance from previous block
# <min> <max>
0	41

# created by:
# /st0/software/busco_prod/Augustus/scripts/msa2prfl.pl ./align_prep/4292.fa
