[name]
unknown

[dist]
# distance from previous block
# <min> <max>
0	1287

[block]
# block no. 0 follows, 16 sequences, length 26
# corresponding to MSA columns:
# 1297-1322
name=unknown_A
#
# <colnr> <probs for GDERKNQSTAVLIFYWHMCP>
#	G	D	E	R	K	N	Q	S	T	A	V	L	I	F	Y	W	H	M	C	P
0	0.03228	0.02432	0.02509	0.02073	0.02730	0.06395	0.01659	0.24658	0.26887	0.12084	0.03153	0.02961	0.02275	0.01222	0.00971	0.00305	0.00953	0.00964	0.00976	0.01566
1	0.02099	0.02165	0.03665	0.02916	0.03230	0.02640	0.18490	0.02508	0.01735	0.02559	0.01610	0.02435	0.01445	0.01973	0.08306	0.00505	0.39193	0.00956	0.00453	0.01116
2	0.72785	0.01874	0.01425	0.01275	0.01874	0.02174	0.01050	0.02849	0.01649	0.04348	0.01350	0.01574	0.01050	0.00900	0.00600	0.00300	0.00750	0.00525	0.00600	0.01050
3	0.72785	0.01874	0.01425	0.01275	0.01874	0.02174	0.01050	0.02849	0.01649	0.04348	0.01350	0.01574	0.01050	0.00900	0.00600	0.00300	0.00750	0.00525	0.00600	0.01050
4	0.03388	0.03589	0.07001	0.02349	0.03034	0.26983	0.01947	0.25428	0.09635	0.04131	0.02127	0.02214	0.01601	0.01095	0.00929	0.00279	0.01338	0.00785	0.00739	0.01406
5	0.02092	0.01917	0.02604	0.08186	0.02768	0.02477	0.01896	0.07858	0.02068	0.02975	0.10161	0.03330	0.05794	0.01654	0.02329	0.00378	0.38774	0.01049	0.00600	0.01088
6	0.01357	0.00990	0.01276	0.01204	0.01439	0.00908	0.00903	0.01801	0.02710	0.03807	0.56254	0.07371	0.12322	0.02011	0.01143	0.00306	0.00459	0.01771	0.01056	0.00908
7	0.01977	0.04779	0.55536	0.02891	0.04280	0.02270	0.08727	0.03073	0.02070	0.03073	0.01761	0.02102	0.01251	0.00911	0.00943	0.00309	0.01452	0.00758	0.00417	0.01420
8	0.01312	0.00944	0.01242	0.01260	0.01435	0.00874	0.00910	0.01678	0.02464	0.03441	0.42346	0.25544	0.08283	0.02314	0.01173	0.00333	0.00490	0.02069	0.01014	0.00874
9	0.01944	0.05013	0.60917	0.02762	0.04195	0.02251	0.03581	0.03069	0.02046	0.03069	0.01739	0.02046	0.01228	0.00921	0.00921	0.00307	0.01432	0.00716	0.00409	0.01432
10	0.72785	0.01874	0.01425	0.01275	0.01874	0.02174	0.01050	0.02849	0.01649	0.04348	0.01350	0.01574	0.01050	0.00900	0.00600	0.00300	0.00750	0.00525	0.00600	0.01050
11	0.03684	0.02715	0.02909	0.02230	0.03006	0.03006	0.01842	0.56661	0.04557	0.06108	0.02327	0.02327	0.01648	0.01163	0.00970	0.00291	0.01067	0.00873	0.00970	0.01648
12	0.01433	0.00931	0.01075	0.01075	0.01075	0.00931	0.00610	0.01397	0.01397	0.01862	0.02934	0.06045	0.03362	0.60459	0.04833	0.07145	0.00931	0.01360	0.00573	0.00573
13	0.02591	0.66522	0.05079	0.01658	0.02488	0.03835	0.01658	0.02902	0.01969	0.02280	0.01347	0.01555	0.01244	0.00829	0.00622	0.00207	0.01036	0.00518	0.00415	0.01244
14	0.08928	0.04267	0.02657	0.02383	0.02911	0.53050	0.01807	0.07733	0.02798	0.02802	0.01549	0.01778	0.01263	0.01003	0.00860	0.00257	0.01620	0.00635	0.00542	0.01157
15	0.01684	0.00842	0.01263	0.01263	0.01263	0.00842	0.00842	0.01263	0.01263	0.01684	0.01684	0.02946	0.01684	0.03367	0.03788	0.71801	0.00842	0.00842	0.00421	0.00421
16	0.07628	0.02284	0.03268	0.02585	0.03288	0.02458	0.18162	0.08872	0.32377	0.03968	0.03012	0.03050	0.02253	0.01120	0.01004	0.00323	0.01055	0.01049	0.00806	0.01440
17	0.02585	0.02314	0.03401	0.02642	0.03354	0.02449	0.18845	0.15940	0.24339	0.04208	0.07004	0.03273	0.02645	0.01172	0.01044	0.00318	0.01086	0.01108	0.00832	0.01443
18	0.01830	0.01723	0.02907	0.63609	0.06675	0.02153	0.02692	0.02476	0.01938	0.02476	0.01723	0.02584	0.01292	0.00969	0.00969	0.00323	0.01292	0.00861	0.00431	0.01077
19	0.02177	0.02301	0.04275	0.03251	0.03831	0.02518	0.31034	0.02917	0.06264	0.02871	0.01944	0.02625	0.01594	0.01613	0.06321	0.00449	0.21253	0.01040	0.00510	0.01214
20	0.02339	0.02103	0.08014	0.01936	0.02657	0.01777	0.05737	0.03573	0.19472	0.10588	0.11370	0.03499	0.03165	0.01178	0.00948	0.00274	0.00847	0.01019	0.00829	0.18675
21	0.01292	0.00923	0.01252	0.01476	0.01581	0.00883	0.01092	0.01541	0.01965	0.02598	0.05281	0.49493	0.06168	0.02932	0.01267	0.00409	0.00658	0.17475	0.00898	0.00818
22	0.02237	0.02465	0.04885	0.03618	0.04301	0.02608	0.39914	0.02870	0.02044	0.02870	0.01752	0.02465	0.01410	0.01084	0.01762	0.00356	0.20604	0.01054	0.00470	0.01232
23	0.02260	0.01919	0.03077	0.30548	0.21700	0.02106	0.02477	0.02811	0.02069	0.07828	0.01906	0.02503	0.01475	0.00982	0.01092	0.00300	0.05413	0.00843	0.00526	0.08165
24	0.03598	0.02672	0.02860	0.02213	0.02973	0.02965	0.01821	0.53171	0.08188	0.05969	0.02437	0.02414	0.01737	0.01174	0.00971	0.00293	0.01046	0.00888	0.00971	0.01641
25	0.72785	0.01874	0.01425	0.01275	0.01874	0.02174	0.01050	0.02849	0.01649	0.04348	0.01350	0.01574	0.01050	0.00900	0.00600	0.00300	0.00750	0.00525	0.00600	0.01050

[dist]
# distance from previous block
# <min> <max>
0	1

[block]
# block no. 1 follows, 16 sequences, length 101
# corresponding to MSA columns:
# 1324-1424
name=unknown_B
#
# <colnr> <probs for GDERKNQSTAVLIFYWHMCP>
#	G	D	E	R	K	N	Q	S	T	A	V	L	I	F	Y	W	H	M	C	P
0	0.02162	0.02062	0.03507	0.29918	0.37770	0.02241	0.02857	0.02767	0.02095	0.02880	0.01781	0.02476	0.01434	0.00907	0.00963	0.00302	0.01210	0.00863	0.00459	0.01345
1	0.02337	0.42346	0.27025	0.02092	0.03159	0.03212	0.02414	0.02968	0.02000	0.02590	0.01501	0.01748	0.01237	0.00865	0.00739	0.00246	0.01192	0.00596	0.00412	0.01318
2	0.01673	0.01133	0.01306	0.01233	0.01329	0.01177	0.00783	0.07441	0.01753	0.02353	0.02855	0.05512	0.03125	0.50812	0.08360	0.05480	0.01061	0.01289	0.00613	0.00711
3	0.03020	0.02021	0.02265	0.01929	0.02548	0.02202	0.01531	0.09240	0.39332	0.18960	0.03781	0.03428	0.02706	0.01272	0.00982	0.00318	0.00807	0.01046	0.01040	0.01573
4	0.01186	0.00946	0.01064	0.01114	0.01354	0.00823	0.00805	0.01441	0.02188	0.02756	0.15511	0.24095	0.38212	0.02545	0.01170	0.00342	0.00505	0.02196	0.00923	0.00823
5	0.01277	0.00987	0.01164	0.01120	0.01390	0.00874	0.00840	0.01645	0.02519	0.03354	0.38589	0.08116	0.30270	0.02180	0.01144	0.00314	0.00471	0.01876	0.00997	0.00874
6	0.02283	0.02138	0.03605	0.05371	0.51863	0.02138	0.02779	0.02840	0.02210	0.03129	0.02282	0.03583	0.02096	0.01115	0.01012	0.00310	0.01115	0.08147	0.00537	0.01446
7	0.01779	0.01289	0.01571	0.01597	0.01832	0.01316	0.01188	0.13613	0.02496	0.03327	0.04652	0.44795	0.05260	0.02580	0.01191	0.00377	0.00714	0.08520	0.00914	0.00990
8	0.01199	0.00851	0.01119	0.01326	0.01377	0.00800	0.00874	0.01354	0.01819	0.02426	0.05155	0.60497	0.06175	0.08166	0.01538	0.00438	0.00593	0.02646	0.00874	0.00771
9	0.02184	0.01742	0.02164	0.10118	0.02933	0.01498	0.01409	0.02799	0.05917	0.07336	0.02030	0.02294	0.01591	0.00829	0.00790	0.00193	0.00809	0.00679	0.00629	0.52056
10	0.02010	0.01723	0.02010	0.01436	0.02297	0.01292	0.01148	0.02440	0.02010	0.03158	0.01723	0.02010	0.01436	0.00718	0.00718	0.00144	0.00718	0.00574	0.00574	0.71863
11	0.72785	0.01874	0.01425	0.01275	0.01874	0.02174	0.01050	0.02849	0.01649	0.04348	0.01350	0.01574	0.01050	0.00900	0.00600	0.00300	0.00750	0.00525	0.00600	0.01050
12	0.01356	0.00990	0.01274	0.01203	0.01438	0.00908	0.00902	0.01799	0.02707	0.03799	0.55972	0.07383	0.12609	0.02014	0.01143	0.00306	0.00460	0.01773	0.01055	0.00908
13	0.01385	0.01038	0.01558	0.01558	0.01731	0.01211	0.01211	0.01731	0.01558	0.02250	0.02596	0.03808	0.02423	0.07269	0.62098	0.01558	0.02596	0.01038	0.00519	0.00865
14	0.02288	0.02614	0.05719	0.04085	0.05065	0.02451	0.56373	0.03105	0.02288	0.03105	0.01961	0.02614	0.01471	0.00817	0.01144	0.00327	0.01634	0.01144	0.00490	0.01307
15	0.01386	0.01032	0.01525	0.01525	0.01687	0.01194	0.01171	0.01710	0.01548	0.02226	0.02626	0.03971	0.02494	0.11052	0.58412	0.01518	0.02489	0.01062	0.00524	0.00847
16	0.02399	0.02303	0.03934	0.05949	0.59893	0.02303	0.02974	0.02974	0.02207	0.03166	0.01823	0.02399	0.01535	0.00864	0.00960	0.00288	0.01151	0.00864	0.00480	0.01535
17	0.01409	0.00940	0.01057	0.01057	0.01057	0.00940	0.00587	0.01409	0.01409	0.01879	0.03054	0.06342	0.03524	0.65938	0.04933	0.00940	0.00940	0.01409	0.00587	0.00587
18	0.01162	0.00982	0.01005	0.00999	0.01319	0.00825	0.00749	0.01423	0.02248	0.02711	0.13454	0.09174	0.55806	0.02420	0.01145	0.00326	0.00488	0.02024	0.00912	0.00825
19	0.01372	0.00991	0.01296	0.01219	0.01448	0.00914	0.00914	0.01829	0.02743	0.03887	0.59381	0.07240	0.09145	0.01981	0.01143	0.00305	0.00457	0.01753	0.01067	0.00914
20	0.02591	0.66522	0.05079	0.01658	0.02488	0.03835	0.01658	0.02902	0.01969	0.02280	0.01347	0.01555	0.01244	0.00829	0.00622	0.00207	0.01036	0.00518	0.00415	0.01244
21	0.72785	0.01874	0.01425	0.01275	0.01874	0.02174	0.01050	0.02849	0.01649	0.04348	0.01350	0.01574	0.01050	0.00900	0.00600	0.00300	0.00750	0.00525	0.00600	0.01050
22	0.02076	0.07898	0.34526	0.03072	0.04229	0.02343	0.21209	0.02998	0.02136	0.03019	0.02022	0.02818	0.01610	0.01001	0.01006	0.00317	0.01438	0.04471	0.00470	0.01341
23	0.01684	0.00842	0.01263	0.01263	0.01263	0.00842	0.00842	0.01263	0.01263	0.01684	0.01684	0.02946	0.01684	0.03367	0.03788	0.71801	0.00842	0.00842	0.00421	0.00421
24	0.02141	0.02013	0.03398	0.24837	0.37426	0.02156	0.02765	0.02730	0.02119	0.02915	0.02059	0.03156	0.01784	0.01047	0.00994	0.00312	0.01177	0.05145	0.00497	0.01330
25	0.01583	0.01329	0.01937	0.01823	0.01950	0.01684	0.01456	0.01893	0.01538	0.02272	0.02240	0.03354	0.02113	0.05770	0.46250	0.01253	0.19157	0.00987	0.00494	0.00918
26	0.03326	0.39397	0.03896	0.01686	0.02482	0.02827	0.01561	0.03664	0.02306	0.26650	0.02383	0.02284	0.01727	0.00984	0.00769	0.00246	0.00948	0.00709	0.00743	0.01413
27	0.02010	0.01723	0.02010	0.01436	0.02297	0.01292	0.01148	0.02440	0.02010	0.03158	0.01723	0.02010	0.01436	0.00718	0.00718	0.00144	0.00718	0.00574	0.00574	0.71863
28	0.03190	0.30502	0.03722	0.02146	0.02784	0.37707	0.01783	0.03465	0.02422	0.02334	0.01435	0.01667	0.01246	0.00928	0.00769	0.00232	0.01450	0.00580	0.00464	0.01174
29	0.01990	0.02138	0.04483	0.03349	0.04081	0.02003	0.41451	0.02632	0.02171	0.02935	0.02870	0.19478	0.02799	0.01414	0.01169	0.00345	0.01346	0.01577	0.00600	0.01167
30	0.02152	0.01816	0.02084	0.01527	0.02361	0.01487	0.01223	0.06356	0.06036	0.03423	0.01917	0.02142	0.01555	0.00789	0.00754	0.00166	0.00745	0.00631	0.00630	0.62208
31	0.03892	0.01834	0.02275	0.01781	0.02483	0.01767	0.01459	0.14735	0.07070	0.41649	0.03491	0.03155	0.02299	0.01196	0.00953	0.00295	0.00840	0.00958	0.06282	0.01586
32	0.01548	0.01106	0.01542	0.01743	0.01967	0.01101	0.01514	0.01995	0.02269	0.02973	0.09111	0.10662	0.05839	0.02626	0.01324	0.00436	0.00861	0.49583	0.00905	0.00894
33	0.01449	0.01087	0.01495	0.01462	0.01564	0.01252	0.01068	0.01667	0.01502	0.02130	0.02651	0.04540	0.02709	0.26764	0.38227	0.01262	0.06699	0.01150	0.00535	0.00786
34	0.02591	0.66522	0.05079	0.01658	0.02488	0.03835	0.01658	0.02902	0.01969	0.02280	0.01347	0.01555	0.01244	0.00829	0.00622	0.00207	0.01036	0.00518	0.00415	0.01244
35	0.02026	0.12816	0.53834	0.02622	0.03978	0.02452	0.03337	0.03048	0.02036	0.02969	0.01690	0.01984	0.01230	0.00909	0.00883	0.00294	0.01382	0.00691	0.00410	0.01408
36	0.01550	0.01416	0.05938	0.06427	0.02407	0.01227	0.01663	0.02035	0.02210	0.02908	0.08679	0.12044	0.08804	0.02375	0.01249	0.00406	0.00889	0.36003	0.00835	0.00937
37	0.54319	0.02067	0.01946	0.10639	0.02814	0.06046	0.04169	0.02873	0.01795	0.03883	0.01445	0.01787	0.01119	0.00912	0.00699	0.00301	0.00939	0.00612	0.00563	0.01072
38	0.03433	0.04344	0.02613	0.02382	0.02868	0.57408	0.01787	0.03682	0.02706	0.02391	0.02129	0.02322	0.05662	0.01109	0.00894	0.00256	0.01653	0.00732	0.00530	0.01100
39	0.01310	0.00988	0.01210	0.01155	0.01410	0.00888	0.00866	0.01710	0.02598	0.03542	0.45929	0.07806	0.22812	0.02110	0.01144	0.00311	0.00466	0.01832	0.01022	0.00888
40	0.03620	0.04619	0.02747	0.02497	0.02996	0.62047	0.01873	0.03870	0.02747	0.02372	0.01498	0.01748	0.01248	0.00999	0.00874	0.00250	0.01748	0.00624	0.00499	0.01124
41	0.03620	0.04619	0.02747	0.02497	0.02996	0.62047	0.01873	0.03870	0.02747	0.02372	0.01498	0.01748	0.01248	0.00999	0.00874	0.00250	0.01748	0.00624	0.00499	0.01124
42	0.01372	0.00991	0.01296	0.01219	0.01448	0.00914	0.00914	0.01829	0.02743	0.03887	0.59381	0.07240	0.09145	0.01981	0.01143	0.00305	0.00457	0.01753	0.01067	0.00914
43	0.01206	0.00914	0.01118	0.01250	0.01414	0.00826	0.00888	0.01437	0.02055	0.02651	0.10825	0.40225	0.23180	0.02754	0.01207	0.00369	0.00551	0.05405	0.00912	0.00813
44	0.01944	0.05013	0.60917	0.02762	0.04195	0.02251	0.03581	0.03069	0.02046	0.03069	0.01739	0.02046	0.01228	0.00921	0.00921	0.00307	0.01432	0.00716	0.00409	0.01432
45	0.01372	0.00991	0.01296	0.01219	0.01448	0.00914	0.00914	0.01829	0.02743	0.03887	0.59381	0.07240	0.09145	0.01981	0.01143	0.00305	0.00457	0.01753	0.01067	0.00914
46	0.02246	0.02492	0.05036	0.03702	0.04439	0.02580	0.42896	0.02913	0.02088	0.02913	0.01790	0.02492	0.01421	0.01035	0.01650	0.00351	0.17167	0.01070	0.00474	0.01246
47	0.01944	0.05013	0.60917	0.02762	0.04195	0.02251	0.03581	0.03069	0.02046	0.03069	0.01739	0.02046	0.01228	0.00921	0.00921	0.00307	0.01432	0.00716	0.00409	0.01432
48	0.01385	0.01038	0.01558	0.01558	0.01731	0.01211	0.01211	0.01731	0.01558	0.02250	0.02596	0.03808	0.02423	0.07269	0.62098	0.01558	0.02596	0.01038	0.00519	0.00865
49	0.01549	0.01033	0.01337	0.01237	0.01505	0.00941	0.00936	0.01987	0.02711	0.07459	0.52603	0.07120	0.11957	0.01962	0.01132	0.00306	0.00483	0.01721	0.01065	0.00956
50	0.02010	0.01723	0.02010	0.01436	0.02297	0.01292	0.01148	0.02440	0.02010	0.03158	0.01723	0.02010	0.01436	0.00718	0.00718	0.00144	0.00718	0.00574	0.00574	0.71863
51	0.01993	0.09674	0.56686	0.02679	0.04065	0.02371	0.03435	0.03057	0.02040	0.03010	0.01710	0.02009	0.01229	0.00914	0.00898	0.00299	0.01402	0.00701	0.00410	0.01418
52	0.02659	0.03185	0.02159	0.01982	0.02384	0.36609	0.01502	0.02905	0.02467	0.02453	0.04329	0.04371	0.21193	0.01550	0.01142	0.00289	0.06047	0.01128	0.00631	0.01014
53	0.01181	0.00843	0.01125	0.01350	0.01406	0.00787	0.00900	0.01350	0.01856	0.02474	0.05342	0.65306	0.06410	0.03036	0.01237	0.00394	0.00562	0.02755	0.00900	0.00787
54	0.07529	0.41816	0.22934	0.01989	0.02997	0.03199	0.02238	0.02953	0.01971	0.02688	0.01475	0.01716	0.01224	0.00864	0.00717	0.00246	0.01144	0.00583	0.00426	0.01291
55	0.20840	0.02784	0.02516	0.02032	0.02723	0.11421	0.01650	0.35585	0.03570	0.05125	0.01963	0.02055	0.01441	0.01074	0.00864	0.00287	0.01087	0.00750	0.00809	0.01423
56	0.01231	0.00882	0.01169	0.01315	0.01417	0.00821	0.00904	0.01475	0.02088	0.02844	0.19511	0.50081	0.07127	0.02760	0.01212	0.00370	0.00535	0.02492	0.00944	0.00821
57	0.02824	0.24209	0.03301	0.01812	0.02502	0.02859	0.01578	0.27113	0.03263	0.04251	0.09797	0.03216	0.06844	0.01251	0.00886	0.00267	0.00935	0.00952	0.00787	0.01354
58	0.49092	0.01966	0.01846	0.01557	0.02150	0.02237	0.01286	0.09637	0.02147	0.12197	0.01806	0.01950	0.01328	0.01038	0.00907	0.00309	0.05970	0.00656	0.00714	0.01207
59	0.01409	0.00940	0.01057	0.01057	0.01057	0.00940	0.00587	0.01409	0.01409	0.01879	0.03054	0.06342	0.03524	0.65938	0.04933	0.00940	0.00940	0.01409	0.00587	0.00587
60	0.02333	0.24842	0.21605	0.02018	0.02898	0.02568	0.02137	0.03226	0.09837	0.07552	0.02521	0.09922	0.02202	0.01225	0.00871	0.00286	0.01049	0.00971	0.00615	0.01321
61	0.02568	0.01644	0.02014	0.01493	0.02274	0.01296	0.01201	0.02986	0.02269	0.18189	0.06973	0.02772	0.02316	0.00946	0.00819	0.00197	0.00724	0.00775	0.00777	0.47765
62	0.02010	0.01723	0.02010	0.01436	0.02297	0.01292	0.01148	0.02440	0.02010	0.03158	0.01723	0.02010	0.01436	0.00718	0.00718	0.00144	0.00718	0.00574	0.00574	0.71863
63	0.02675	0.01915	0.02226	0.01637	0.02466	0.01659	0.01328	0.13799	0.02634	0.11722	0.02137	0.02253	0.01613	0.00875	0.00805	0.00195	0.00804	0.00691	0.00741	0.47825
64	0.03684	0.02715	0.02909	0.02230	0.03006	0.03006	0.01842	0.56661	0.04557	0.06108	0.02327	0.02327	0.01648	0.01163	0.00970	0.00291	0.01067	0.00873	0.00970	0.01648
65	0.02010	0.01723	0.02010	0.01436	0.02297	0.01292	0.01148	0.02440	0.02010	0.03158	0.01723	0.02010	0.01436	0.00718	0.00718	0.00144	0.00718	0.00574	0.00574	0.71863
66	0.02067	0.01793	0.02178	0.01838	0.07008	0.01447	0.01322	0.02659	0.05646	0.03217	0.01874	0.02145	0.01542	0.00768	0.00755	0.00167	0.00756	0.00631	0.00593	0.61592
67	0.03163	0.03378	0.23280	0.02348	0.03351	0.02520	0.02398	0.30552	0.03424	0.12590	0.02327	0.02363	0.01604	0.01083	0.00953	0.00298	0.01162	0.00832	0.00804	0.01572
68	0.03557	0.02647	0.02909	0.06441	0.03257	0.02947	0.01900	0.52943	0.04377	0.05859	0.02285	0.02345	0.01624	0.01150	0.00970	0.00293	0.01082	0.00872	0.00933	0.01609
69	0.01415	0.01085	0.01650	0.05815	0.02070	0.01276	0.01313	0.01782	0.01584	0.02265	0.02536	0.03724	0.02345	0.06837	0.57904	0.01473	0.02507	0.01026	0.00513	0.00880
70	0.02988	0.28662	0.03444	0.01909	0.02554	0.18384	0.01617	0.03602	0.09668	0.10559	0.02327	0.06227	0.01963	0.01131	0.00824	0.00259	0.01128	0.00829	0.00651	0.01277
71	0.02660	0.07459	0.02111	0.01630	0.02094	0.14186	0.01294	0.13740	0.06529	0.03781	0.02560	0.02806	0.01995	0.01098	0.00793	0.00249	0.00910	0.00822	0.32115	0.01169
72	0.02433	0.01678	0.02013	0.01524	0.02269	0.01402	0.01225	0.06633	0.02303	0.13292	0.02727	0.02876	0.05444	0.01480	0.05814	0.00309	0.00900	0.00798	0.00729	0.44149
73	0.02478	0.01854	0.02035	0.06343	0.02573	0.07451	0.01378	0.03069	0.07692	0.14046	0.03060	0.15323	0.02754	0.01388	0.00934	0.00267	0.00858	0.01173	0.00783	0.24540
74	0.01825	0.01522	0.01965	0.01507	0.02082	0.01259	0.05141	0.02138	0.01825	0.02716	0.02196	0.03539	0.02153	0.23054	0.02193	0.00430	0.00863	0.00903	0.00572	0.42116
75	0.02503	0.01712	0.01964	0.01689	0.02101	0.05579	0.01335	0.09084	0.05962	0.15248	0.25724	0.04655	0.04922	0.02036	0.06180	0.00411	0.05484	0.01258	0.00949	0.01203
76	0.08857	0.02003	0.02640	0.02018	0.02784	0.01928	0.08116	0.11160	0.09736	0.22381	0.02768	0.02714	0.01943	0.01038	0.00912	0.00273	0.00922	0.00877	0.00876	0.16052
77	0.02241	0.33216	0.35314	0.02256	0.03412	0.02977	0.02699	0.02993	0.02011	0.02708	0.01560	0.01821	0.01235	0.00879	0.00784	0.00261	0.01251	0.00625	0.00412	0.01346
78	0.02591	0.66522	0.05079	0.01658	0.02488	0.03835	0.01658	0.02902	0.01969	0.02280	0.01347	0.01555	0.01244	0.00829	0.00622	0.00207	0.01036	0.00518	0.00415	0.01244
79	0.01471	0.01049	0.01292	0.01277	0.01369	0.01126	0.00848	0.01767	0.05359	0.02145	0.02972	0.05362	0.03140	0.43136	0.22547	0.01091	0.01446	0.01272	0.00593	0.00739
80	0.03844	0.01711	0.02208	0.01755	0.02420	0.01587	0.01422	0.12285	0.02932	0.44818	0.03786	0.11015	0.02792	0.01427	0.01007	0.00310	0.00829	0.01185	0.01126	0.01540
81	0.02399	0.02303	0.03934	0.05949	0.59893	0.02303	0.02974	0.02974	0.02207	0.03166	0.01823	0.02399	0.01535	0.00864	0.00960	0.00288	0.01151	0.00864	0.00480	0.01535
82	0.02082	0.18086	0.49049	0.02528	0.03832	0.02588	0.03172	0.03034	0.02030	0.02902	0.01656	0.01942	0.01231	0.00901	0.00857	0.00286	0.01348	0.00674	0.00410	0.01392
83	0.02010	0.01723	0.02010	0.01436	0.02297	0.01292	0.01148	0.02440	0.02010	0.03158	0.01723	0.02010	0.01436	0.00718	0.00718	0.00144	0.00718	0.00574	0.00574	0.71863
84	0.02098	0.01775	0.02057	0.01478	0.02334	0.01383	0.01185	0.05305	0.02144	0.03314	0.01755	0.02027	0.01447	0.00741	0.00731	0.00151	0.00736	0.00590	0.00595	0.68154
85	0.03026	0.01430	0.01872	0.01522	0.02105	0.01222	0.01210	0.03393	0.02533	0.34006	0.13039	0.10833	0.06814	0.01526	0.01004	0.00291	0.00704	0.01296	0.01043	0.11132
86	0.01536	0.01062	0.01410	0.01590	0.01810	0.01046	0.01350	0.01950	0.02180	0.02939	0.05244	0.13535	0.09153	0.02496	0.01237	0.00407	0.00788	0.39891	0.09492	0.00881
87	0.02010	0.01723	0.02010	0.01436	0.02297	0.01292	0.01148	0.02440	0.02010	0.03158	0.01723	0.02010	0.01436	0.00718	0.00718	0.00144	0.00718	0.00574	0.00574	0.71863
88	0.02082	0.01665	0.01970	0.01434	0.02244	0.01271	0.01145	0.02512	0.02103	0.06143	0.06059	0.02459	0.02050	0.00835	0.00762	0.00163	0.00704	0.00681	0.00642	0.63074
89	0.02211	0.02387	0.04454	0.03376	0.03906	0.02689	0.31413	0.02749	0.01918	0.02749	0.01644	0.02387	0.01379	0.01222	0.02081	0.00372	0.30402	0.01008	0.00460	0.01194
90	0.01181	0.00843	0.01125	0.01350	0.01406	0.00787	0.00900	0.01350	0.01856	0.02474	0.05342	0.65306	0.06410	0.03036	0.01237	0.00394	0.00562	0.02755	0.00900	0.00787
91	0.02361	0.02641	0.04840	0.03832	0.08912	0.06844	0.37851	0.03004	0.02163	0.02911	0.01786	0.02441	0.01422	0.01000	0.01493	0.00336	0.13392	0.01028	0.00478	0.01266
92	0.01234	0.00881	0.01185	0.01410	0.01489	0.00833	0.00992	0.01441	0.01908	0.02533	0.05313	0.57764	0.06295	0.02987	0.01251	0.00401	0.00608	0.09776	0.00899	0.00802
93	0.02753	0.02252	0.02384	0.02042	0.02651	0.02571	0.01617	0.19006	0.43728	0.04607	0.03510	0.03269	0.02606	0.01274	0.00982	0.00319	0.00848	0.01036	0.00982	0.01565
94	0.01181	0.00843	0.01125	0.01350	0.01406	0.00787	0.00900	0.01350	0.01856	0.02474	0.05342	0.65306	0.06410	0.03036	0.01237	0.00394	0.00562	0.02755	0.00900	0.00787
95	0.01181	0.00843	0.01125	0.01350	0.01406	0.00787	0.00900	0.01350	0.01856	0.02474	0.05342	0.65306	0.06410	0.03036	0.01237	0.00394	0.00562	0.02755	0.00900	0.00787
96	0.03620	0.04619	0.02747	0.02497	0.02996	0.62047	0.01873	0.03870	0.02747	0.02372	0.01498	0.01748	0.01248	0.00999	0.00874	0.00250	0.01748	0.00624	0.00499	0.01124
97	0.01406	0.01024	0.01344	0.01355	0.01589	0.00962	0.01076	0.01845	0.02566	0.03527	0.41094	0.08390	0.11875	0.02204	0.01196	0.00345	0.00577	0.15715	0.01008	0.00901
98	0.02010	0.01723	0.02010	0.01436	0.02297	0.01292	0.01148	0.02440	0.02010	0.03158	0.01723	0.02010	0.01436	0.00718	0.00718	0.00144	0.00718	0.00574	0.00574	0.71863
99	0.02280	0.01836	0.02493	0.01914	0.02671	0.01604	0.08038	0.06854	0.05162	0.07086	0.02518	0.03510	0.02170	0.01097	0.00905	0.00239	0.00890	0.08042	0.00699	0.39993
100	0.03233	0.01503	0.01909	0.01541	0.02135	0.01350	0.01245	0.07579	0.02790	0.36776	0.12637	0.05000	0.14906	0.01561	0.01032	0.00305	0.00724	0.01293	0.01103	0.01378

[dist]
# distance from previous block
# <min> <max>
0	2

[block]
# block no. 2 follows, 16 sequences, length 22
# corresponding to MSA columns:
# 1427-1448
name=unknown_C
#
# <colnr> <probs for GDERKNQSTAVLIFYWHMCP>
#	G	D	E	R	K	N	Q	S	T	A	V	L	I	F	Y	W	H	M	C	P
0	0.02422	0.55015	0.09668	0.01746	0.02567	0.03452	0.01786	0.02808	0.01938	0.02347	0.01498	0.01808	0.01352	0.01436	0.06366	0.00342	0.01216	0.00584	0.00424	0.01225
1	0.03918	0.02240	0.07454	0.01903	0.02675	0.06872	0.01662	0.04537	0.07141	0.45893	0.03447	0.03078	0.02240	0.01167	0.00962	0.00298	0.00954	0.00931	0.01052	0.01575
2	0.07580	0.01863	0.02960	0.02237	0.02933	0.01708	0.18472	0.02441	0.02062	0.03064	0.03251	0.07425	0.10854	0.01238	0.01072	0.00273	0.04286	0.01136	0.00614	0.24530
3	0.03726	0.02967	0.07575	0.02093	0.02803	0.21661	0.01772	0.04332	0.07538	0.31292	0.02881	0.02703	0.01964	0.01119	0.00938	0.00286	0.01179	0.00846	0.00879	0.01446
4	0.02388	0.01441	0.01768	0.01587	0.01980	0.01428	0.01213	0.11710	0.06353	0.15678	0.16657	0.24584	0.05164	0.01986	0.01100	0.00332	0.00692	0.01731	0.01018	0.01190
5	0.01181	0.00843	0.01125	0.01350	0.01406	0.00787	0.00900	0.01350	0.01856	0.02474	0.05342	0.65306	0.06410	0.03036	0.01237	0.00394	0.00562	0.02755	0.00900	0.00787
6	0.02010	0.01723	0.02010	0.01436	0.02297	0.01292	0.01148	0.02440	0.02010	0.03158	0.01723	0.02010	0.01436	0.00718	0.00718	0.00144	0.00718	0.00574	0.00574	0.71863
7	0.01830	0.01723	0.02907	0.63609	0.06675	0.02153	0.02692	0.02476	0.01938	0.02476	0.01723	0.02584	0.01292	0.00969	0.00969	0.00323	0.01292	0.00861	0.00431	0.01077
8	0.02010	0.01723	0.02010	0.01436	0.02297	0.01292	0.01148	0.02440	0.02010	0.03158	0.01723	0.02010	0.01436	0.00718	0.00718	0.00144	0.00718	0.00574	0.00574	0.71863
9	0.02288	0.02614	0.05719	0.04085	0.05065	0.02451	0.56373	0.03105	0.02288	0.03105	0.01961	0.02614	0.01471	0.00817	0.01144	0.00327	0.01634	0.01144	0.00490	0.01307
10	0.02120	0.02120	0.02969	0.02545	0.02545	0.02969	0.02120	0.02332	0.01484	0.02332	0.01272	0.02120	0.01272	0.01696	0.03181	0.00424	0.64165	0.00848	0.00424	0.01060
11	0.01372	0.00991	0.01296	0.01219	0.01448	0.00914	0.00914	0.01829	0.02743	0.03887	0.59381	0.07240	0.09145	0.01981	0.01143	0.00305	0.00457	0.01753	0.01067	0.00914
12	0.01252	0.00986	0.01130	0.01094	0.01375	0.00864	0.00820	0.01598	0.02461	0.03217	0.33225	0.08342	0.35719	0.02231	0.01144	0.00317	0.00475	0.01907	0.00979	0.00864
13	0.01181	0.00843	0.01125	0.01350	0.01406	0.00787	0.00900	0.01350	0.01856	0.02474	0.05342	0.65306	0.06410	0.03036	0.01237	0.00394	0.00562	0.02755	0.00900	0.00787
14	0.09164	0.04233	0.02655	0.02376	0.02907	0.52096	0.01804	0.08400	0.02817	0.02857	0.01559	0.01785	0.01267	0.01005	0.00860	0.00257	0.01608	0.00638	0.00548	0.01164
15	0.02120	0.02120	0.02969	0.02545	0.02545	0.02969	0.02120	0.02332	0.01484	0.02332	0.01272	0.02120	0.01272	0.01696	0.03181	0.00424	0.64165	0.00848	0.00424	0.01060
16	0.01998	0.01300	0.01567	0.01465	0.01831	0.01275	0.01128	0.02825	0.13657	0.12396	0.20218	0.14693	0.14584	0.01995	0.01111	0.00334	0.00625	0.04871	0.01009	0.01120
17	0.01385	0.01038	0.01558	0.01558	0.01731	0.01211	0.01211	0.01731	0.01558	0.02250	0.02596	0.03808	0.02423	0.07269	0.62098	0.01558	0.02596	0.01038	0.00519	0.00865
18	0.01802	0.01355	0.01236	0.01265	0.01474	0.08462	0.00915	0.02144	0.02134	0.03141	0.08842	0.22354	0.04136	0.01768	0.00914	0.00287	0.00647	0.01507	0.34720	0.00897
19	0.02388	0.23780	0.05507	0.03281	0.04212	0.02909	0.38252	0.03038	0.02182	0.02832	0.01758	0.02263	0.01395	0.00821	0.00971	0.00287	0.01436	0.00937	0.00465	0.01286
20	0.10047	0.01910	0.03153	0.42325	0.13955	0.02206	0.07540	0.02652	0.01978	0.02852	0.01717	0.02444	0.01317	0.00931	0.00942	0.00315	0.01241	0.00850	0.00463	0.01164
21	0.28101	0.02297	0.02008	0.01776	0.02347	0.11110	0.01430	0.08547	0.12202	0.10678	0.02603	0.03202	0.02099	0.01232	0.00864	0.00312	0.00956	0.06192	0.00788	0.01256

[dist]
# distance from previous block
# <min> <max>
0	1

[block]
# block no. 3 follows, 16 sequences, length 23
# corresponding to MSA columns:
# 1450-1472
name=unknown_D
#
# <colnr> <probs for GDERKNQSTAVLIFYWHMCP>
#	G	D	E	R	K	N	Q	S	T	A	V	L	I	F	Y	W	H	M	C	P
0	0.02892	0.02200	0.03644	0.06421	0.03762	0.02208	0.22538	0.07571	0.16198	0.17664	0.02916	0.03007	0.02065	0.01065	0.01041	0.00318	0.01164	0.01055	0.00815	0.01456
1	0.03157	0.07321	0.06969	0.02346	0.03059	0.15877	0.05877	0.28973	0.03410	0.04280	0.02278	0.07716	0.01912	0.01229	0.00959	0.00289	0.01238	0.00970	0.00750	0.01389
2	0.02303	0.01741	0.02271	0.06387	0.02682	0.01830	0.05691	0.10366	0.17196	0.08994	0.20848	0.04721	0.07785	0.01494	0.01052	0.00313	0.00806	0.01301	0.00943	0.01274
3	0.28925	0.02776	0.03025	0.02430	0.03106	0.16980	0.16724	0.03407	0.07893	0.03486	0.01823	0.02116	0.01412	0.00944	0.00858	0.00298	0.01243	0.00780	0.00584	0.01189
4	0.03382	0.01608	0.02284	0.01823	0.02449	0.01469	0.05362	0.03993	0.07556	0.39268	0.11214	0.08640	0.03592	0.01429	0.01031	0.00312	0.00810	0.01240	0.01088	0.01449
5	0.01817	0.01589	0.02537	0.02174	0.02549	0.01628	0.13450	0.06461	0.05625	0.03164	0.09501	0.27438	0.04568	0.02057	0.01323	0.00365	0.05542	0.06355	0.00801	0.01057
6	0.01372	0.00991	0.01296	0.01219	0.01448	0.00914	0.00914	0.01829	0.02743	0.03887	0.59381	0.07240	0.09145	0.01981	0.01143	0.00305	0.00457	0.01753	0.01067	0.00914
7	0.01305	0.00965	0.01232	0.01309	0.01501	0.00891	0.00984	0.01636	0.02297	0.03076	0.25498	0.25860	0.16544	0.02498	0.01204	0.00359	0.00566	0.10463	0.00959	0.00855
8	0.72785	0.01874	0.01425	0.01275	0.01874	0.02174	0.01050	0.02849	0.01649	0.04348	0.01350	0.01574	0.01050	0.00900	0.00600	0.00300	0.00750	0.00525	0.00600	0.01050
9	0.02534	0.01859	0.02033	0.01823	0.02345	0.02071	0.01435	0.04637	0.42871	0.10650	0.03913	0.03964	0.02982	0.01354	0.00972	0.00321	0.00748	0.03818	0.08223	0.01449
10	0.02411	0.02082	0.02192	0.01972	0.02520	0.02411	0.01534	0.05150	0.58142	0.04054	0.03945	0.03616	0.02959	0.01315	0.00986	0.00329	0.00767	0.01096	0.00986	0.01534
11	0.02230	0.02149	0.03030	0.06720	0.03009	0.02802	0.05575	0.05478	0.09735	0.02823	0.01778	0.02406	0.01544	0.01509	0.02478	0.00391	0.43731	0.00904	0.00535	0.01173
12	0.01830	0.01723	0.02907	0.63609	0.06675	0.02153	0.02692	0.02476	0.01938	0.02476	0.01723	0.02584	0.01292	0.00969	0.00969	0.00323	0.01292	0.00861	0.00431	0.01077
13	0.01460	0.01149	0.01702	0.01659	0.01814	0.01392	0.01305	0.01792	0.01550	0.02258	0.02460	0.03634	0.02305	0.06697	0.56053	0.01441	0.08913	0.01019	0.00509	0.00885
14	0.02040	0.01936	0.03285	0.42379	0.26270	0.02208	0.02796	0.02660	0.02037	0.02730	0.01760	0.02516	0.01382	0.00930	0.00966	0.00310	0.01240	0.00862	0.00449	0.01245
15	0.08323	0.02395	0.02648	0.02042	0.02800	0.02558	0.01687	0.40247	0.03925	0.19551	0.02636	0.02520	0.01796	0.01155	0.00947	0.00294	0.00986	0.00875	0.01003	0.01610
16	0.02399	0.02303	0.03934	0.05949	0.59893	0.02303	0.02974	0.02974	0.02207	0.03166	0.01823	0.02399	0.01535	0.00864	0.00960	0.00288	0.01151	0.00864	0.00480	0.01535
17	0.01385	0.01038	0.01558	0.01558	0.01731	0.01211	0.01211	0.01731	0.01558	0.02250	0.02596	0.03808	0.02423	0.07269	0.62098	0.01558	0.02596	0.01038	0.00519	0.00865
18	0.01284	0.00987	0.01174	0.01127	0.01394	0.00877	0.00845	0.01659	0.02536	0.03393	0.40110	0.08052	0.28724	0.02165	0.01144	0.00314	0.00470	0.01867	0.01002	0.00877
19	0.02411	0.02082	0.02192	0.01972	0.02520	0.02411	0.01534	0.05150	0.58142	0.04054	0.03945	0.03616	0.02959	0.01315	0.00986	0.00329	0.00767	0.01096	0.00986	0.01534
20	0.02133	0.01555	0.01778	0.01596	0.02031	0.01642	0.01235	0.03606	0.27969	0.09679	0.24533	0.05346	0.09561	0.01634	0.01054	0.00317	0.00639	0.01396	0.01031	0.01265
21	0.01352	0.00990	0.01268	0.01198	0.01436	0.00906	0.00899	0.01790	0.02696	0.03775	0.55001	0.07424	0.13595	0.02023	0.01143	0.00307	0.00460	0.01779	0.01052	0.00906
22	0.01389	0.00986	0.01326	0.01484	0.01617	0.00974	0.01136	0.01673	0.01981	0.02639	0.08449	0.27712	0.05602	0.11958	0.05799	0.00562	0.00871	0.22189	0.00839	0.00814

[dist]
# distance from previous block
# <min> <max>
0	74

# created by:
# /st0/software/busco_prod/Augustus/scripts/msa2prfl.pl ./align_prep/4295.fa
