[name]
unknown

[dist]
# distance from previous block
# <min> <max>
0	238

[block]
# block no. 0 follows, 12 sequences, length 31
# corresponding to MSA columns:
# 264-294
name=unknown_A
#
# <colnr> <probs for GDERKNQSTAVLIFYWHMCP>
#	G	D	E	R	K	N	Q	S	T	A	V	L	I	F	Y	W	H	M	C	P
0	0.01481	0.01051	0.01405	0.01634	0.01747	0.01012	0.01202	0.01746	0.02167	0.02864	0.05698	0.41385	0.06628	0.08742	0.01815	0.00518	0.00783	0.16245	0.00977	0.00900
1	0.02915	0.62337	0.05714	0.01866	0.02799	0.04314	0.01866	0.03265	0.02215	0.02565	0.01516	0.01749	0.01399	0.00933	0.00700	0.00233	0.01166	0.00583	0.00466	0.01399
2	0.07473	0.01834	0.02268	0.01729	0.02556	0.01542	0.01402	0.03877	0.02704	0.27395	0.07882	0.03441	0.02892	0.01199	0.00976	0.00269	0.00837	0.00971	0.01019	0.27732
3	0.02187	0.05640	0.56031	0.03108	0.04719	0.02532	0.04029	0.03453	0.02302	0.03453	0.01957	0.02302	0.01381	0.01036	0.01036	0.00345	0.01611	0.00806	0.00460	0.01611
4	0.02696	0.02198	0.02476	0.06853	0.03103	0.02488	0.01773	0.14040	0.29595	0.04559	0.04149	0.14153	0.03587	0.01769	0.01156	0.00374	0.00938	0.01503	0.01036	0.01555
5	0.04669	0.02213	0.02752	0.02110	0.02962	0.02133	0.01743	0.19013	0.03719	0.41090	0.03799	0.03385	0.02447	0.01337	0.01095	0.00334	0.01009	0.01062	0.01272	0.01855
6	0.02385	0.02385	0.03340	0.02863	0.02863	0.03340	0.02385	0.02624	0.01670	0.02624	0.01431	0.02385	0.01431	0.01908	0.03578	0.00477	0.59685	0.00954	0.00477	0.01193
7	0.03207	0.14925	0.03445	0.06459	0.08086	0.30767	0.02060	0.03564	0.02725	0.02779	0.03005	0.03241	0.08808	0.01299	0.00988	0.00293	0.01523	0.00945	0.00599	0.01282
8	0.01449	0.01078	0.01332	0.01379	0.01597	0.00986	0.01006	0.01794	0.02561	0.03422	0.25574	0.21917	0.19094	0.06613	0.01609	0.00432	0.00623	0.05533	0.01061	0.00942
9	0.54927	0.02052	0.01811	0.01547	0.02260	0.02257	0.01275	0.03678	0.02139	0.16266	0.02142	0.02206	0.01521	0.01088	0.00769	0.00337	0.00862	0.00704	0.00826	0.01332
10	0.01344	0.01107	0.01182	0.01163	0.01507	0.00944	0.00872	0.01673	0.02617	0.03258	0.20519	0.09979	0.44768	0.02645	0.01288	0.00363	0.00544	0.02229	0.01054	0.00944
11	0.03270	0.02175	0.06740	0.02332	0.03026	0.01869	0.08512	0.10118	0.02854	0.21674	0.03532	0.12413	0.02943	0.01940	0.01619	0.10112	0.01098	0.01383	0.00958	0.01431
12	0.03489	0.01520	0.02069	0.01821	0.02368	0.01351	0.01443	0.03850	0.02746	0.34195	0.04971	0.21755	0.04433	0.02146	0.01229	0.00387	0.00848	0.06695	0.01211	0.01474
13	0.03229	0.01456	0.01946	0.01732	0.02203	0.01309	0.01331	0.03538	0.02585	0.29834	0.04757	0.19912	0.04366	0.10386	0.01826	0.00479	0.00875	0.05738	0.01136	0.01362
14	0.03583	0.02701	0.13302	0.03215	0.15058	0.01964	0.02429	0.04229	0.02812	0.29237	0.07465	0.03570	0.02847	0.01274	0.01096	0.00336	0.01111	0.01084	0.00978	0.01710
15	0.02159	0.02068	0.02473	0.19166	0.03841	0.09547	0.02030	0.02512	0.02186	0.02727	0.03220	0.18358	0.03388	0.02174	0.01773	0.05219	0.09599	0.05823	0.00676	0.01061
16	0.64234	0.02096	0.01730	0.05841	0.02522	0.02444	0.01322	0.03173	0.01880	0.04731	0.01550	0.01858	0.01202	0.01018	0.00707	0.00339	0.00890	0.00619	0.00660	0.01183
17	0.01361	0.00990	0.01283	0.01458	0.01580	0.00913	0.00999	0.01612	0.02289	0.03063	0.14507	0.47754	0.11842	0.03161	0.01365	0.00420	0.00606	0.02842	0.01044	0.00913
18	0.14828	0.01387	0.01613	0.01557	0.01876	0.01423	0.01153	0.02566	0.02074	0.11507	0.03855	0.17350	0.03925	0.16679	0.09921	0.00732	0.01157	0.04468	0.00862	0.01065
19	0.02261	0.01938	0.02261	0.01615	0.02584	0.01453	0.01292	0.02745	0.02261	0.03553	0.01938	0.02261	0.01615	0.00807	0.00807	0.00161	0.00807	0.00646	0.00646	0.68346
20	0.02242	0.01833	0.02854	0.25233	0.16000	0.01954	0.02342	0.02809	0.02464	0.07720	0.08026	0.04992	0.13991	0.01539	0.01147	0.00352	0.01104	0.01349	0.00742	0.01306
21	0.02319	0.12932	0.39447	0.07604	0.04782	0.02795	0.08695	0.03377	0.02309	0.03280	0.01921	0.02343	0.01419	0.01013	0.01021	0.00334	0.01561	0.00840	0.00473	0.01535
22	0.02623	0.02293	0.02961	0.21181	0.08717	0.02666	0.02316	0.08571	0.27999	0.04100	0.03265	0.03449	0.02455	0.01295	0.01099	0.00360	0.01121	0.01103	0.00857	0.01569
23	0.02129	0.01981	0.03184	0.52941	0.07007	0.02454	0.02888	0.03110	0.07641	0.02977	0.02207	0.03032	0.01655	0.01132	0.01092	0.00364	0.01390	0.00997	0.00552	0.01267
24	0.02383	0.06827	0.10385	0.21949	0.04679	0.02303	0.02382	0.06908	0.02472	0.03476	0.01967	0.02485	0.01531	0.00988	0.00953	0.00276	0.01202	0.00804	0.00588	0.25441
25	0.02797	0.53976	0.05375	0.09783	0.03451	0.04052	0.02027	0.03199	0.02211	0.02596	0.01574	0.01909	0.01407	0.00955	0.00754	0.00251	0.01206	0.00636	0.00469	0.01373
26	0.08020	0.15699	0.03096	0.01753	0.02680	0.02386	0.01496	0.08120	0.02527	0.03795	0.01882	0.02144	0.01557	0.00906	0.00803	0.00210	0.00934	0.00663	0.00656	0.40673
27	0.02877	0.03157	0.12593	0.02155	0.03170	0.09538	0.02004	0.06782	0.02667	0.08516	0.02176	0.02389	0.01660	0.00980	0.00922	0.00241	0.01158	0.00750	0.00697	0.35567
28	0.03575	0.10389	0.02831	0.01884	0.02620	0.02346	0.01581	0.17826	0.03415	0.20898	0.04383	0.04191	0.10229	0.01489	0.01038	0.00317	0.00945	0.01169	0.07304	0.01570
29	0.01430	0.01086	0.01543	0.09483	0.02402	0.01098	0.01291	0.01694	0.02100	0.02784	0.05446	0.52932	0.06414	0.03094	0.01350	0.00432	0.00746	0.02805	0.00939	0.00931
30	0.02661	0.02489	0.03114	0.33153	0.05441	0.10118	0.02566	0.03490	0.07765	0.06816	0.02275	0.02888	0.01737	0.01269	0.01424	0.00367	0.09516	0.00968	0.00625	0.01319

[dist]
# distance from previous block
# <min> <max>
0	20

[block]
# block no. 1 follows, 12 sequences, length 39
# corresponding to MSA columns:
# 315-353
name=unknown_B
#
# <colnr> <probs for GDERKNQSTAVLIFYWHMCP>
#	G	D	E	R	K	N	Q	S	T	A	V	L	I	F	Y	W	H	M	C	P
0	0.02201	0.01794	0.01989	0.01823	0.02251	0.01973	0.01375	0.04090	0.30752	0.04209	0.20385	0.05746	0.05646	0.08882	0.01695	0.00443	0.00774	0.01513	0.01085	0.01375
1	0.02750	0.08067	0.12228	0.07803	0.16080	0.09253	0.02653	0.04214	0.18535	0.03617	0.02700	0.02921	0.02094	0.01168	0.01041	0.00333	0.01292	0.00964	0.00700	0.01587
2	0.02543	0.08643	0.02373	0.06493	0.02544	0.01675	0.01435	0.03034	0.02914	0.16159	0.31713	0.05887	0.06679	0.01769	0.01155	0.00330	0.00770	0.01514	0.01087	0.01284
3	0.09809	0.01109	0.01379	0.01379	0.01465	0.01144	0.00917	0.01677	0.01562	0.02370	0.02518	0.08616	0.02691	0.16089	0.03885	0.40024	0.00933	0.01218	0.00582	0.00632
4	0.55415	0.07291	0.01926	0.01482	0.02107	0.02425	0.01221	0.03010	0.01915	0.04436	0.02052	0.08811	0.01917	0.01291	0.00762	0.00341	0.00847	0.00888	0.00696	0.01165
5	0.01949	0.01665	0.02435	0.21600	0.07972	0.01868	0.02076	0.02847	0.10159	0.03180	0.04050	0.22090	0.04117	0.02088	0.01235	0.00402	0.01042	0.07207	0.00811	0.01207
6	0.02741	0.17963	0.08003	0.07002	0.03604	0.03184	0.05773	0.07668	0.20719	0.03765	0.02765	0.02924	0.02154	0.01253	0.01199	0.00337	0.05672	0.00976	0.00753	0.01542
7	0.01586	0.01057	0.01189	0.01189	0.01189	0.01057	0.00661	0.01586	0.01586	0.02114	0.03436	0.07135	0.03964	0.61681	0.05550	0.01057	0.01057	0.01586	0.00661	0.00661
8	0.03088	0.02184	0.02636	0.07489	0.03281	0.02018	0.01691	0.14380	0.03051	0.12378	0.02464	0.02633	0.01824	0.01036	0.00946	0.00247	0.00980	0.00826	0.00843	0.36006
9	0.04073	0.05197	0.03090	0.02809	0.03371	0.57303	0.02107	0.04354	0.03090	0.02669	0.01685	0.01966	0.01404	0.01124	0.00983	0.00281	0.01966	0.00702	0.00562	0.01264
10	0.02261	0.01938	0.02261	0.01615	0.02584	0.01453	0.01292	0.02745	0.02261	0.03553	0.01938	0.02261	0.01615	0.00807	0.00807	0.00161	0.00807	0.00646	0.00646	0.68346
11	0.01301	0.01055	0.01155	0.01235	0.01507	0.00909	0.00886	0.01550	0.02360	0.02894	0.09458	0.26409	0.39546	0.02968	0.01321	0.00392	0.00578	0.02553	0.01012	0.00909
12	0.69383	0.02109	0.01603	0.01434	0.02109	0.02446	0.01181	0.03205	0.01856	0.04892	0.01518	0.01771	0.01181	0.01012	0.00675	0.00337	0.00843	0.00590	0.00675	0.01181
13	0.01361	0.00974	0.01295	0.01496	0.01589	0.00908	0.01015	0.01601	0.02240	0.03027	0.13401	0.52885	0.07682	0.03234	0.01376	0.00428	0.00615	0.02927	0.01041	0.00908
14	0.04892	0.01856	0.02530	0.01940	0.02783	0.01603	0.01603	0.05314	0.03121	0.55634	0.04302	0.03711	0.02699	0.01350	0.01096	0.00337	0.00928	0.01096	0.01350	0.01856
15	0.04892	0.01856	0.02530	0.01940	0.02783	0.01603	0.01603	0.05314	0.03121	0.55634	0.04302	0.03711	0.02699	0.01350	0.01096	0.00337	0.00928	0.01096	0.01350	0.01856
16	0.69383	0.02109	0.01603	0.01434	0.02109	0.02446	0.01181	0.03205	0.01856	0.04892	0.01518	0.01771	0.01181	0.01012	0.00675	0.00337	0.00843	0.00590	0.00675	0.01181
17	0.01586	0.01057	0.01189	0.01189	0.01189	0.01057	0.00661	0.01586	0.01586	0.02114	0.03436	0.07135	0.03964	0.61681	0.05550	0.01057	0.01057	0.01586	0.00661	0.00661
18	0.02915	0.62337	0.05714	0.01866	0.02799	0.04314	0.01866	0.03265	0.02215	0.02565	0.01516	0.01749	0.01399	0.00933	0.00700	0.00233	0.01166	0.00583	0.00466	0.01399
19	0.02699	0.02591	0.04426	0.06693	0.54879	0.02591	0.03346	0.03346	0.02483	0.03562	0.02051	0.02699	0.01727	0.00972	0.01079	0.00324	0.01295	0.00972	0.00540	0.01727
20	0.03302	0.43358	0.04867	0.02149	0.02988	0.16975	0.01942	0.07765	0.02683	0.02971	0.01654	0.01878	0.01441	0.01012	0.00802	0.00253	0.01361	0.00647	0.00545	0.01407
21	0.11197	0.01880	0.02440	0.01890	0.02717	0.01685	0.01561	0.05108	0.02997	0.50674	0.04030	0.03522	0.02551	0.01317	0.01055	0.00337	0.00920	0.01047	0.01284	0.01790
22	0.02288	0.03929	0.29168	0.17479	0.15457	0.02535	0.07261	0.03273	0.02329	0.03316	0.01990	0.02577	0.01489	0.01027	0.01077	0.00347	0.01528	0.00915	0.00489	0.01527
23	0.09465	0.01749	0.02137	0.01760	0.02425	0.01655	0.01416	0.04320	0.08864	0.32080	0.12384	0.04924	0.08859	0.01608	0.01109	0.00345	0.00813	0.01320	0.01206	0.01563
24	0.01529	0.01153	0.01323	0.01267	0.01522	0.01032	0.00873	0.01779	0.02275	0.03028	0.16785	0.12061	0.20296	0.21507	0.02626	0.00572	0.00735	0.01914	0.00907	0.06814
25	0.02631	0.04166	0.33593	0.02871	0.04206	0.02248	0.08807	0.03606	0.02444	0.10922	0.02318	0.02572	0.01641	0.01029	0.01037	0.00316	0.01408	0.00878	0.00629	0.12679
26	0.26452	0.02065	0.02267	0.01799	0.02598	0.02050	0.01481	0.08887	0.02821	0.29576	0.03008	0.02833	0.02017	0.01189	0.00930	0.00323	0.00916	0.00878	0.01040	0.06870
27	0.01453	0.01038	0.01408	0.01661	0.01779	0.00993	0.01229	0.01734	0.02210	0.02923	0.05941	0.46811	0.06939	0.03298	0.01425	0.00460	0.00741	0.16028	0.01010	0.00920
28	0.07051	0.01322	0.01802	0.13347	0.02945	0.01422	0.01566	0.02081	0.02131	0.02992	0.04514	0.28451	0.05029	0.08356	0.01704	0.00491	0.00940	0.12034	0.00841	0.00980
29	0.29361	0.02763	0.08784	0.06924	0.07140	0.07105	0.02018	0.03828	0.02401	0.16656	0.02340	0.02488	0.01659	0.01110	0.00912	0.00334	0.01138	0.00809	0.00779	0.01448
30	0.01445	0.01055	0.01380	0.01576	0.01736	0.00991	0.01172	0.01746	0.02317	0.03047	0.10446	0.38949	0.12851	0.03145	0.01399	0.00440	0.00703	0.13648	0.01025	0.00930
31	0.69383	0.02109	0.01603	0.01434	0.02109	0.02446	0.01181	0.03205	0.01856	0.04892	0.01518	0.01771	0.01181	0.01012	0.00675	0.00337	0.00843	0.00590	0.00675	0.01181
32	0.01586	0.01057	0.01189	0.01189	0.01189	0.01057	0.00661	0.01586	0.01586	0.02114	0.03436	0.07135	0.03964	0.61681	0.05550	0.01057	0.01057	0.01586	0.00661	0.00661
33	0.69383	0.02109	0.01603	0.01434	0.02109	0.02446	0.01181	0.03205	0.01856	0.04892	0.01518	0.01771	0.01181	0.01012	0.00675	0.00337	0.00843	0.00590	0.00675	0.01181
34	0.01804	0.01228	0.01367	0.01302	0.01376	0.01256	0.00781	0.05828	0.01888	0.02521	0.03366	0.06749	0.03784	0.56524	0.05169	0.00995	0.01069	0.01534	0.00697	0.00763
35	0.01543	0.01115	0.01457	0.01372	0.01629	0.01029	0.01029	0.02058	0.03086	0.04372	0.54304	0.08145	0.10288	0.02229	0.01286	0.00343	0.00514	0.01972	0.01200	0.01029
36	0.02187	0.05640	0.56031	0.03108	0.04719	0.02532	0.04029	0.03453	0.02302	0.03453	0.01957	0.02302	0.01381	0.01036	0.01036	0.00345	0.01611	0.00806	0.00460	0.01611
37	0.01370	0.01108	0.01217	0.01190	0.01523	0.00955	0.00892	0.01722	0.02677	0.03401	0.24860	0.09743	0.40338	0.02591	0.01288	0.00360	0.00540	0.02196	0.01072	0.00955
38	0.69383	0.02109	0.01603	0.01434	0.02109	0.02446	0.01181	0.03205	0.01856	0.04892	0.01518	0.01771	0.01181	0.01012	0.00675	0.00337	0.00843	0.00590	0.00675	0.01181

[dist]
# distance from previous block
# <min> <max>
0	18

[block]
# block no. 2 follows, 12 sequences, length 49
# corresponding to MSA columns:
# 372-420
name=unknown_C
#
# <colnr> <probs for GDERKNQSTAVLIFYWHMCP>
#	G	D	E	R	K	N	Q	S	T	A	V	L	I	F	Y	W	H	M	C	P
0	0.04145	0.03054	0.03272	0.02509	0.03381	0.03381	0.02072	0.51243	0.05127	0.06872	0.02618	0.02618	0.01854	0.01309	0.01091	0.00327	0.01200	0.00982	0.01091	0.01854
1	0.01460	0.01111	0.01342	0.01284	0.01578	0.00993	0.00963	0.01896	0.02890	0.03906	0.40151	0.08913	0.24732	0.02403	0.01287	0.00351	0.00527	0.02080	0.01139	0.00993
2	0.02712	0.02342	0.02465	0.02219	0.02835	0.02712	0.01726	0.05794	0.52909	0.04561	0.04438	0.04068	0.03328	0.01479	0.01109	0.00370	0.00863	0.01233	0.01109	0.01726
3	0.02261	0.01938	0.02261	0.01615	0.02584	0.01453	0.01292	0.02745	0.02261	0.03553	0.01938	0.02261	0.01615	0.00807	0.00807	0.00161	0.00807	0.00646	0.00646	0.68346
4	0.02118	0.02002	0.03543	0.14329	0.20435	0.02039	0.10792	0.02680	0.02315	0.03156	0.03332	0.21545	0.03430	0.01772	0.01218	0.00377	0.01205	0.01711	0.00684	0.01316
5	0.02261	0.01938	0.02261	0.01615	0.02584	0.01453	0.01292	0.02745	0.02261	0.03553	0.01938	0.02261	0.01615	0.00807	0.00807	0.00161	0.00807	0.00646	0.00646	0.68346
6	0.02574	0.02941	0.06434	0.04596	0.05699	0.02757	0.50919	0.03493	0.02574	0.03493	0.02206	0.02941	0.01654	0.00919	0.01287	0.00368	0.01838	0.01287	0.00551	0.01471
7	0.02323	0.07709	0.02591	0.01639	0.02604	0.01727	0.01347	0.02795	0.02257	0.03459	0.01898	0.02212	0.01594	0.00819	0.00797	0.00168	0.00842	0.00640	0.00629	0.61949
8	0.69383	0.02109	0.01603	0.01434	0.02109	0.02446	0.01181	0.03205	0.01856	0.04892	0.01518	0.01771	0.01181	0.01012	0.00675	0.00337	0.00843	0.00590	0.00675	0.01181
9	0.04073	0.05197	0.03090	0.02809	0.03371	0.57303	0.02107	0.04354	0.03090	0.02669	0.01685	0.01966	0.01404	0.01124	0.00983	0.00281	0.01966	0.00702	0.00562	0.01264
10	0.02724	0.07069	0.02519	0.01689	0.02548	0.01677	0.01374	0.03158	0.02402	0.13135	0.02718	0.07886	0.02314	0.01160	0.00906	0.00226	0.00845	0.00950	0.00796	0.43905
11	0.02690	0.02581	0.04286	0.05795	0.42286	0.02625	0.07212	0.03751	0.10561	0.03716	0.02446	0.02939	0.01977	0.01048	0.01102	0.00335	0.01273	0.01041	0.00632	0.01705
12	0.02261	0.01938	0.02261	0.01615	0.02584	0.01453	0.01292	0.02745	0.02261	0.03553	0.01938	0.02261	0.01615	0.00807	0.00807	0.00161	0.00807	0.00646	0.00646	0.68346
13	0.02059	0.01938	0.03270	0.59060	0.07510	0.02422	0.03028	0.02786	0.02180	0.02786	0.01938	0.02907	0.01453	0.01090	0.01090	0.00363	0.01453	0.00969	0.00484	0.01211
14	0.02861	0.01406	0.01880	0.01595	0.02083	0.01255	0.01255	0.03339	0.03100	0.24539	0.34633	0.06401	0.07303	0.01883	0.01211	0.00341	0.00677	0.01628	0.01259	0.01354
15	0.01586	0.01057	0.01189	0.01189	0.01189	0.01057	0.00661	0.01586	0.01586	0.02114	0.03436	0.07135	0.03964	0.61681	0.05550	0.01057	0.01057	0.01586	0.00661	0.00661
16	0.02059	0.01938	0.03270	0.59060	0.07510	0.02422	0.03028	0.02786	0.02180	0.02786	0.01938	0.02907	0.01453	0.01090	0.01090	0.00363	0.01453	0.00969	0.00484	0.01211
17	0.01309	0.01027	0.01185	0.01312	0.01527	0.00903	0.00920	0.01541	0.02286	0.02864	0.08522	0.35789	0.30770	0.03089	0.01340	0.00406	0.00593	0.02701	0.01012	0.00903
18	0.02165	0.02208	0.06839	0.15701	0.03889	0.01834	0.01936	0.02960	0.06222	0.03390	0.02845	0.03205	0.05811	0.01100	0.00956	0.00258	0.01015	0.00913	0.00656	0.36098
19	0.02385	0.05593	0.50471	0.03076	0.04578	0.08284	0.03827	0.03548	0.02385	0.03371	0.01928	0.02267	0.01384	0.01045	0.01030	0.00339	0.01649	0.00795	0.00471	0.01575
20	0.01813	0.02267	0.12142	0.02228	0.02561	0.01946	0.01997	0.02219	0.02000	0.02860	0.03848	0.32033	0.04349	0.02509	0.01996	0.00435	0.18926	0.02013	0.00745	0.01116
21	0.33375	0.08009	0.03127	0.09308	0.20615	0.02671	0.02174	0.03215	0.02136	0.03998	0.01743	0.02203	0.01415	0.00999	0.00858	0.00326	0.01091	0.00759	0.00589	0.01390
22	0.04892	0.01856	0.02530	0.01940	0.02783	0.01603	0.01603	0.05314	0.03121	0.55634	0.04302	0.03711	0.02699	0.01350	0.01096	0.00337	0.00928	0.01096	0.01350	0.01856
23	0.01838	0.01424	0.01711	0.01585	0.01933	0.01453	0.01204	0.02999	0.15641	0.04420	0.41738	0.07117	0.08534	0.02040	0.01242	0.00350	0.00602	0.01786	0.01177	0.01204
24	0.01315	0.01106	0.01142	0.01133	0.01489	0.00932	0.00849	0.01617	0.02548	0.03095	0.15589	0.10247	0.49800	0.02706	0.01288	0.00366	0.00548	0.02267	0.01032	0.00932
25	0.04073	0.05197	0.03090	0.02809	0.03371	0.57303	0.02107	0.04354	0.03090	0.02669	0.01685	0.01966	0.01404	0.01124	0.00983	0.00281	0.01966	0.00702	0.00562	0.01264
26	0.02059	0.01938	0.03270	0.59060	0.07510	0.02422	0.03028	0.02786	0.02180	0.02786	0.01938	0.02907	0.01453	0.01090	0.01090	0.00363	0.01453	0.00969	0.00484	0.01211
27	0.01558	0.01168	0.01752	0.01752	0.01947	0.01363	0.01363	0.01947	0.01752	0.02531	0.02921	0.04283	0.02726	0.08178	0.57360	0.01752	0.02921	0.01168	0.00584	0.00974
28	0.69383	0.02109	0.01603	0.01434	0.02109	0.02446	0.01181	0.03205	0.01856	0.04892	0.01518	0.01771	0.01181	0.01012	0.00675	0.00337	0.00843	0.00590	0.00675	0.01181
29	0.01586	0.01057	0.01189	0.01189	0.01189	0.01057	0.00661	0.01586	0.01586	0.02114	0.03436	0.07135	0.03964	0.61681	0.05550	0.01057	0.01057	0.01586	0.00661	0.00661
30	0.04073	0.05197	0.03090	0.02809	0.03371	0.57303	0.02107	0.04354	0.03090	0.02669	0.01685	0.01966	0.01404	0.01124	0.00983	0.00281	0.01966	0.00702	0.00562	0.01264
31	0.04121	0.03770	0.03211	0.02609	0.03378	0.21389	0.02084	0.35585	0.04446	0.05468	0.02306	0.02400	0.01704	0.01247	0.01055	0.00312	0.01456	0.00888	0.00914	0.01657
32	0.02129	0.08444	0.26030	0.03088	0.07832	0.02308	0.10619	0.02952	0.02336	0.03241	0.03453	0.12533	0.07266	0.01543	0.01133	0.00356	0.01333	0.01383	0.00621	0.01401
33	0.69383	0.02109	0.01603	0.01434	0.02109	0.02446	0.01181	0.03205	0.01856	0.04892	0.01518	0.01771	0.01181	0.01012	0.00675	0.00337	0.00843	0.00590	0.00675	0.01181
34	0.02857	0.01749	0.02365	0.02049	0.02392	0.01946	0.01643	0.03174	0.02407	0.20168	0.08378	0.13726	0.08590	0.02082	0.01999	0.00404	0.20224	0.01567	0.00961	0.01320
35	0.02512	0.34328	0.26192	0.02370	0.03528	0.03357	0.02721	0.03244	0.02216	0.02929	0.01804	0.02168	0.01492	0.01520	0.05098	0.00394	0.01482	0.00719	0.00473	0.01455
36	0.04027	0.01989	0.02602	0.07413	0.03212	0.01893	0.01739	0.11647	0.03273	0.34909	0.07983	0.03747	0.03030	0.01356	0.01091	0.00326	0.00975	0.01110	0.01164	0.06515
37	0.03221	0.01486	0.01995	0.01656	0.02208	0.01316	0.01316	0.03689	0.03104	0.30062	0.29245	0.05923	0.06485	0.01788	0.01191	0.00340	0.00722	0.01533	0.01275	0.01443
38	0.02538	0.02490	0.08633	0.25651	0.14278	0.02338	0.10590	0.03282	0.02431	0.08683	0.02550	0.03639	0.02034	0.01215	0.01148	0.00364	0.01412	0.04660	0.00634	0.01431
39	0.08404	0.12570	0.13258	0.02379	0.03289	0.06587	0.06110	0.03990	0.06346	0.17165	0.02974	0.07291	0.02343	0.01317	0.01020	0.00331	0.01212	0.01073	0.00820	0.01523
40	0.02471	0.02592	0.03249	0.40016	0.06027	0.12375	0.02761	0.03040	0.02261	0.02739	0.01812	0.02655	0.01441	0.01227	0.01469	0.00367	0.10864	0.00919	0.00497	0.01218
41	0.01328	0.00949	0.01265	0.01518	0.01581	0.00886	0.01012	0.01518	0.02088	0.02783	0.06010	0.60969	0.07212	0.03416	0.01392	0.00443	0.00633	0.03100	0.01012	0.00886
42	0.03217	0.02150	0.06758	0.02973	0.12134	0.01778	0.06461	0.03736	0.02679	0.24881	0.04396	0.13031	0.07538	0.01671	0.01170	0.00358	0.01047	0.01493	0.00986	0.01545
43	0.08923	0.02049	0.02636	0.06662	0.08011	0.02040	0.01832	0.09289	0.07123	0.28559	0.04145	0.03940	0.07114	0.01404	0.01080	0.00342	0.00985	0.01145	0.01076	0.01645
44	0.01913	0.02014	0.06925	0.06060	0.02442	0.07267	0.01506	0.02226	0.01936	0.02502	0.03077	0.09346	0.03220	0.27738	0.16246	0.00972	0.01643	0.01391	0.00627	0.00948
45	0.02019	0.02415	0.11450	0.33752	0.10427	0.02168	0.02823	0.02753	0.02315	0.03133	0.07826	0.08679	0.02925	0.01404	0.01129	0.00362	0.01290	0.01244	0.00610	0.01275
46	0.03399	0.07077	0.03233	0.07547	0.07532	0.11850	0.05595	0.03858	0.02688	0.19259	0.02995	0.08158	0.02409	0.01326	0.01056	0.00314	0.01234	0.01118	0.00839	0.08515
47	0.03354	0.07173	0.03720	0.17408	0.08414	0.11976	0.07460	0.11655	0.03038	0.11795	0.02382	0.02729	0.01744	0.01134	0.01065	0.00327	0.01424	0.00951	0.00743	0.01507
48	0.02386	0.02317	0.07569	0.02730	0.03471	0.02025	0.17490	0.03503	0.11035	0.08173	0.21240	0.04988	0.05061	0.01520	0.01223	0.00355	0.01117	0.01469	0.00931	0.01397

[dist]
# distance from previous block
# <min> <max>
0	26

[block]
# block no. 3 follows, 12 sequences, length 18
# corresponding to MSA columns:
# 447-464
name=unknown_D
#
# <colnr> <probs for GDERKNQSTAVLIFYWHMCP>
#	G	D	E	R	K	N	Q	S	T	A	V	L	I	F	Y	W	H	M	C	P
0	0.09326	0.07022	0.02810	0.06323	0.03127	0.02518	0.01776	0.14895	0.13126	0.17520	0.03442	0.07802	0.02669	0.01452	0.01052	0.00344	0.01003	0.01165	0.01021	0.01606
1	0.02135	0.02574	0.11029	0.01960	0.02541	0.07951	0.01721	0.03001	0.10226	0.03276	0.08152	0.14169	0.08209	0.10310	0.01760	0.00444	0.01045	0.01559	0.00816	0.07124
2	0.13654	0.02037	0.02699	0.08407	0.15988	0.01953	0.01927	0.02900	0.02334	0.03801	0.07847	0.03019	0.02540	0.01072	0.00935	0.00272	0.00965	0.00900	0.00672	0.26078
3	0.09378	0.01828	0.02529	0.15768	0.08040	0.01854	0.01915	0.03413	0.02460	0.18780	0.03722	0.03934	0.07959	0.01890	0.05623	0.00445	0.01185	0.01109	0.00846	0.07321
4	0.55792	0.02055	0.01798	0.01541	0.02251	0.02268	0.01270	0.03650	0.02122	0.15586	0.02105	0.02180	0.01501	0.01083	0.00764	0.00337	0.00861	0.00697	0.00817	0.01323
5	0.01710	0.01344	0.01667	0.01532	0.01964	0.01120	0.01119	0.02059	0.02305	0.03314	0.11860	0.30951	0.05588	0.02259	0.01157	0.00322	0.00680	0.02010	0.00904	0.26134
6	0.01380	0.01010	0.01297	0.01433	0.01581	0.00927	0.00996	0.01664	0.02393	0.03216	0.19159	0.41475	0.13381	0.03032	0.01352	0.00408	0.00593	0.02715	0.01061	0.00927
7	0.69383	0.02109	0.01603	0.01434	0.02109	0.02446	0.01181	0.03205	0.01856	0.04892	0.01518	0.01771	0.01181	0.01012	0.00675	0.00337	0.00843	0.00590	0.00675	0.01181
8	0.01543	0.01115	0.01457	0.01372	0.01629	0.01029	0.01029	0.02058	0.03086	0.04372	0.54304	0.08145	0.10288	0.02229	0.01286	0.00343	0.00514	0.01972	0.01200	0.01029
9	0.04073	0.05197	0.03090	0.02809	0.03371	0.57303	0.02107	0.04354	0.03090	0.02669	0.01685	0.01966	0.01404	0.01124	0.00983	0.00281	0.01966	0.00702	0.00562	0.01264
10	0.01328	0.00949	0.01265	0.01518	0.01581	0.00886	0.01012	0.01518	0.02088	0.02783	0.06010	0.60969	0.07212	0.03416	0.01392	0.00443	0.00633	0.03100	0.01012	0.00886
11	0.69383	0.02109	0.01603	0.01434	0.02109	0.02446	0.01181	0.03205	0.01856	0.04892	0.01518	0.01771	0.01181	0.01012	0.00675	0.00337	0.00843	0.00590	0.00675	0.01181
12	0.02699	0.02591	0.04426	0.06693	0.54879	0.02591	0.03346	0.03346	0.02483	0.03562	0.02051	0.02699	0.01727	0.00972	0.01079	0.00324	0.01295	0.00972	0.00540	0.01727
13	0.04073	0.05197	0.03090	0.02809	0.03371	0.57303	0.02107	0.04354	0.03090	0.02669	0.01685	0.01966	0.01404	0.01124	0.00983	0.00281	0.01966	0.00702	0.00562	0.01264
14	0.02699	0.02591	0.04426	0.06693	0.54879	0.02591	0.03346	0.03346	0.02483	0.03562	0.02051	0.02699	0.01727	0.00972	0.01079	0.00324	0.01295	0.00972	0.00540	0.01727
15	0.02658	0.02147	0.02200	0.02043	0.02514	0.06564	0.01545	0.08064	0.24615	0.07841	0.04559	0.22205	0.04260	0.02054	0.01188	0.00380	0.00912	0.01764	0.01049	0.01436
16	0.03401	0.02684	0.02853	0.02358	0.03098	0.03034	0.01892	0.27635	0.29947	0.05671	0.03563	0.03371	0.02620	0.01397	0.01100	0.00349	0.01025	0.01112	0.01100	0.01788
17	0.02535	0.03166	0.19016	0.02939	0.11919	0.01983	0.02492	0.03279	0.02383	0.07953	0.02163	0.02469	0.01655	0.00950	0.00947	0.00259	0.01143	0.00787	0.00632	0.31328

[dist]
# distance from previous block
# <min> <max>
0	2

[block]
# block no. 4 follows, 12 sequences, length 42
# corresponding to MSA columns:
# 467-508
name=unknown_E
#
# <colnr> <probs for GDERKNQSTAVLIFYWHMCP>
#	G	D	E	R	K	N	Q	S	T	A	V	L	I	F	Y	W	H	M	C	P
0	0.03194	0.41110	0.10805	0.02171	0.03113	0.12626	0.02132	0.03644	0.02449	0.07293	0.01837	0.02019	0.01511	0.01012	0.00820	0.00263	0.01329	0.00673	0.00558	0.01441
1	0.04892	0.01856	0.02530	0.01940	0.02783	0.01603	0.01603	0.05314	0.03121	0.55634	0.04302	0.03711	0.02699	0.01350	0.01096	0.00337	0.00928	0.01096	0.01350	0.01856
2	0.04581	0.01787	0.02431	0.01887	0.02676	0.01549	0.01549	0.05011	0.03118	0.50875	0.08944	0.04123	0.03404	0.01431	0.01114	0.00338	0.00889	0.01178	0.01336	0.01779
3	0.03334	0.17581	0.08690	0.02747	0.09091	0.02596	0.05368	0.04054	0.06272	0.20613	0.03107	0.06818	0.02418	0.01292	0.01023	0.00322	0.01130	0.01084	0.00857	0.01602
4	0.03057	0.55502	0.05432	0.01940	0.02866	0.04207	0.01890	0.08797	0.02551	0.03062	0.01643	0.01849	0.01452	0.00976	0.00745	0.00244	0.01170	0.00629	0.00538	0.01452
5	0.01558	0.01168	0.01752	0.01752	0.01947	0.01363	0.01363	0.01947	0.01752	0.02531	0.02921	0.04283	0.02726	0.08178	0.57360	0.01752	0.02921	0.01168	0.00584	0.00974
6	0.02788	0.01621	0.02051	0.09071	0.02782	0.01657	0.01482	0.09932	0.03051	0.14800	0.16457	0.04690	0.04400	0.01516	0.01054	0.00318	0.00816	0.01268	0.18911	0.01334
7	0.01521	0.01546	0.06414	0.01581	0.01936	0.01193	0.01293	0.02077	0.05861	0.03220	0.13214	0.30717	0.19889	0.02725	0.01297	0.00395	0.00702	0.02389	0.00992	0.01039
8	0.69383	0.02109	0.01603	0.01434	0.02109	0.02446	0.01181	0.03205	0.01856	0.04892	0.01518	0.01771	0.01181	0.01012	0.00675	0.00337	0.00843	0.00590	0.00675	0.01181
9	0.01882	0.01177	0.01530	0.01437	0.01744	0.01068	0.01078	0.02324	0.02912	0.09965	0.38877	0.14918	0.12223	0.02326	0.01279	0.00358	0.00581	0.02047	0.01178	0.01097
10	0.02914	0.07527	0.07446	0.12498	0.03900	0.02791	0.02201	0.11013	0.25458	0.07848	0.03285	0.03300	0.02427	0.01295	0.01063	0.00347	0.01107	0.01053	0.00905	0.01624
11	0.03261	0.03241	0.09814	0.04784	0.31227	0.11444	0.02907	0.03879	0.02677	0.12759	0.02384	0.02714	0.01809	0.01072	0.01062	0.00322	0.01377	0.00930	0.00680	0.01660
12	0.01322	0.00975	0.01239	0.01450	0.01564	0.00891	0.00982	0.01526	0.02153	0.02810	0.06841	0.52632	0.15012	0.03308	0.01375	0.00430	0.00619	0.02968	0.01012	0.00891
13	0.47292	0.02022	0.01920	0.01607	0.02340	0.02157	0.01325	0.03927	0.02289	0.22273	0.02472	0.02436	0.01701	0.01128	0.00819	0.00337	0.00872	0.00764	0.00906	0.01412
14	0.02419	0.02610	0.11506	0.15550	0.04150	0.02119	0.02298	0.03240	0.05682	0.06832	0.02225	0.02650	0.01711	0.01089	0.01192	0.00293	0.06217	0.00845	0.00641	0.26733
15	0.01811	0.01446	0.01911	0.07023	0.02337	0.01690	0.01383	0.02277	0.06180	0.02595	0.03180	0.08952	0.03290	0.27053	0.15507	0.00964	0.09349	0.01427	0.00666	0.00960
16	0.15544	0.01897	0.02377	0.01856	0.02672	0.01742	0.01533	0.04965	0.02912	0.47253	0.03842	0.03391	0.02448	0.01294	0.01027	0.00337	0.00914	0.01013	0.01238	0.01744
17	0.02915	0.62337	0.05714	0.01866	0.02799	0.04314	0.01866	0.03265	0.02215	0.02565	0.01516	0.01749	0.01399	0.00933	0.00700	0.00233	0.01166	0.00583	0.00466	0.01399
18	0.01558	0.01168	0.01752	0.01752	0.01947	0.01363	0.01363	0.01947	0.01752	0.02531	0.02921	0.04283	0.02726	0.08178	0.57360	0.01752	0.02921	0.01168	0.00584	0.00974
19	0.01318	0.00988	0.01225	0.01414	0.01554	0.00894	0.00966	0.01530	0.02188	0.02824	0.07279	0.48249	0.19113	0.03251	0.01366	0.00424	0.00612	0.02898	0.01012	0.00894
20	0.01543	0.01115	0.01457	0.01372	0.01629	0.01029	0.01029	0.02058	0.03086	0.04372	0.54304	0.08145	0.10288	0.02229	0.01286	0.00343	0.00514	0.01972	0.01200	0.01029
21	0.01411	0.01109	0.01274	0.01233	0.01548	0.00972	0.00925	0.01801	0.02774	0.03630	0.31788	0.09367	0.33267	0.02506	0.01287	0.00356	0.00534	0.02143	0.01103	0.00972
22	0.04073	0.05197	0.03090	0.02809	0.03371	0.57303	0.02107	0.04354	0.03090	0.02669	0.01685	0.01966	0.01404	0.01124	0.00983	0.00281	0.01966	0.00702	0.00562	0.01264
23	0.01449	0.01111	0.01327	0.01273	0.01571	0.00989	0.00955	0.01876	0.02864	0.03845	0.38322	0.09012	0.26599	0.02426	0.01287	0.00352	0.00528	0.02094	0.01131	0.00989
24	0.04145	0.03054	0.03272	0.02509	0.03381	0.03381	0.02072	0.51243	0.05127	0.06872	0.02618	0.02618	0.01854	0.01309	0.01091	0.00327	0.01200	0.00982	0.01091	0.01854
25	0.04145	0.03054	0.03272	0.02509	0.03381	0.03381	0.02072	0.51243	0.05127	0.06872	0.02618	0.02618	0.01854	0.01309	0.01091	0.00327	0.01200	0.00982	0.01091	0.01854
26	0.02261	0.01938	0.02261	0.01615	0.02584	0.01453	0.01292	0.02745	0.02261	0.03553	0.01938	0.02261	0.01615	0.00807	0.00807	0.00161	0.00807	0.00646	0.00646	0.68346
27	0.04073	0.05197	0.03090	0.02809	0.03371	0.57303	0.02107	0.04354	0.03090	0.02669	0.01685	0.01966	0.01404	0.01124	0.00983	0.00281	0.01966	0.00702	0.00562	0.01264
28	0.02712	0.02342	0.02465	0.02219	0.02835	0.02712	0.01726	0.05794	0.52909	0.04561	0.04438	0.04068	0.03328	0.01479	0.01109	0.00370	0.00863	0.01233	0.01109	0.01726
29	0.02261	0.01938	0.02261	0.01615	0.02584	0.01453	0.01292	0.02745	0.02261	0.03553	0.01938	0.02261	0.01615	0.00807	0.00807	0.00161	0.00807	0.00646	0.00646	0.68346
30	0.69383	0.02109	0.01603	0.01434	0.02109	0.02446	0.01181	0.03205	0.01856	0.04892	0.01518	0.01771	0.01181	0.01012	0.00675	0.00337	0.00843	0.00590	0.00675	0.01181
31	0.01509	0.01130	0.01422	0.01610	0.01745	0.01124	0.01105	0.02075	0.08711	0.03015	0.05805	0.53554	0.06705	0.03164	0.01355	0.00433	0.00663	0.02856	0.01025	0.00995
32	0.02056	0.01818	0.02977	0.51496	0.06697	0.02239	0.02733	0.02754	0.02194	0.02953	0.02149	0.03058	0.01628	0.01114	0.01047	0.00349	0.01330	0.00975	0.09248	0.01186
33	0.04032	0.09785	0.03189	0.09639	0.03594	0.16517	0.01981	0.07676	0.03025	0.25591	0.02881	0.02854	0.01994	0.01207	0.01020	0.00313	0.01311	0.00911	0.00914	0.01566
34	0.01491	0.01209	0.01939	0.01919	0.02118	0.01130	0.07516	0.01776	0.02151	0.02876	0.05514	0.53407	0.06487	0.03091	0.01378	0.00433	0.00790	0.02863	0.00952	0.00962
35	0.02533	0.02810	0.05890	0.04207	0.05293	0.02587	0.44452	0.03395	0.02533	0.03501	0.02171	0.02853	0.01649	0.00905	0.01224	0.00341	0.01704	0.01203	0.00564	0.10186
36	0.51508	0.02312	0.02189	0.02208	0.08392	0.02609	0.01570	0.10722	0.02439	0.05048	0.01751	0.02010	0.01349	0.01054	0.00786	0.00334	0.00951	0.00695	0.00724	0.01349
37	0.10021	0.02128	0.03181	0.35599	0.14789	0.02493	0.02703	0.03327	0.08808	0.03400	0.02236	0.02890	0.01716	0.01111	0.01043	0.00354	0.01278	0.00960	0.00598	0.01367
38	0.02830	0.02282	0.03450	0.13359	0.26073	0.02404	0.02671	0.08986	0.06480	0.08373	0.02953	0.04162	0.02491	0.01365	0.01142	0.00358	0.01209	0.07071	0.00767	0.01575
39	0.02369	0.03608	0.24640	0.02747	0.03516	0.02694	0.02843	0.08425	0.02382	0.03474	0.02380	0.10013	0.02213	0.01678	0.01965	0.00401	0.21464	0.01176	0.00611	0.01400
40	0.01328	0.00949	0.01265	0.01518	0.01581	0.00886	0.01012	0.01518	0.02088	0.02783	0.06010	0.60969	0.07212	0.03416	0.01392	0.00443	0.00633	0.03100	0.01012	0.00886
41	0.02439	0.03342	0.20968	0.02880	0.07968	0.02326	0.05925	0.11151	0.07616	0.04173	0.09542	0.04338	0.09630	0.01471	0.01135	0.00347	0.01198	0.01252	0.00795	0.01505

[dist]
# distance from previous block
# <min> <max>
0	1

[block]
# block no. 5 follows, 12 sequences, length 13
# corresponding to MSA columns:
# 510-522
name=unknown_F
#
# <colnr> <probs for GDERKNQSTAVLIFYWHMCP>
#	G	D	E	R	K	N	Q	S	T	A	V	L	I	F	Y	W	H	M	C	P
0	0.01323	0.00969	0.01244	0.01464	0.01567	0.00890	0.00988	0.01524	0.02139	0.02805	0.06667	0.54381	0.13375	0.03331	0.01378	0.00433	0.00622	0.02995	0.01012	0.00890
1	0.01418	0.01018	0.01345	0.01457	0.01601	0.00945	0.01019	0.01743	0.02504	0.03446	0.26160	0.38929	0.08495	0.02921	0.01348	0.00401	0.00583	0.02629	0.01091	0.00945
2	0.02284	0.02201	0.03126	0.31616	0.15197	0.06370	0.02623	0.03080	0.06512	0.03076	0.02735	0.11255	0.02488	0.01437	0.01125	0.00361	0.01294	0.01278	0.00629	0.01312
3	0.02511	0.10168	0.04205	0.13313	0.18968	0.02643	0.11582	0.06934	0.02631	0.03471	0.03333	0.03771	0.09227	0.01262	0.01102	0.00334	0.01292	0.01172	0.00636	0.01444
4	0.01647	0.01233	0.01573	0.01407	0.01767	0.01090	0.01067	0.02157	0.02968	0.04254	0.46761	0.07297	0.09039	0.02024	0.01217	0.00317	0.00557	0.01781	0.01120	0.10725
5	0.02441	0.01786	0.02791	0.03719	0.23999	0.01719	0.02073	0.02898	0.02532	0.10928	0.10415	0.21515	0.04675	0.01944	0.01205	0.00365	0.00936	0.01776	0.00888	0.01395
6	0.12395	0.07021	0.02936	0.06851	0.03224	0.09390	0.05698	0.07043	0.02768	0.18514	0.02786	0.02921	0.01995	0.01172	0.00961	0.00314	0.01146	0.00924	0.10496	0.01447
7	0.03624	0.02408	0.07034	0.02172	0.02972	0.02210	0.01867	0.05385	0.26776	0.26874	0.04168	0.03762	0.02887	0.01385	0.01098	0.00354	0.00955	0.01137	0.01160	0.01773
8	0.02059	0.01938	0.03270	0.59060	0.07510	0.02422	0.03028	0.02786	0.02180	0.02786	0.01938	0.02907	0.01453	0.01090	0.01090	0.00363	0.01453	0.00969	0.00484	0.01211
9	0.02915	0.62337	0.05714	0.01866	0.02799	0.04314	0.01866	0.03265	0.02215	0.02565	0.01516	0.01749	0.01399	0.00933	0.00700	0.00233	0.01166	0.00583	0.00466	0.01399
10	0.12613	0.02463	0.07314	0.24407	0.08748	0.02448	0.02491	0.10348	0.02749	0.12666	0.02382	0.02771	0.01696	0.01140	0.01026	0.00346	0.01241	0.00924	0.00747	0.01480
11	0.02156	0.01875	0.01925	0.02018	0.02308	0.09345	0.01611	0.06349	0.02681	0.03330	0.05000	0.24551	0.05495	0.02723	0.01363	0.00438	0.01047	0.23759	0.00950	0.01076
12	0.02636	0.01857	0.02561	0.13783	0.07747	0.01783	0.01857	0.06049	0.02624	0.12245	0.06839	0.10795	0.03167	0.01447	0.01065	0.00306	0.00978	0.01254	0.00839	0.20167

[dist]
# distance from previous block
# <min> <max>
1	11

[block]
# block no. 6 follows, 12 sequences, length 51
# corresponding to MSA columns:
# 534-556,561-588
name=unknown_G
#
# <colnr> <probs for GDERKNQSTAVLIFYWHMCP>
#	G	D	E	R	K	N	Q	S	T	A	V	L	I	F	Y	W	H	M	C	P
0	0.14408	0.02240	0.03029	0.03113	0.13720	0.02305	0.05815	0.07646	0.11039	0.16079	0.03222	0.07362	0.02536	0.01353	0.01061	0.00349	0.01050	0.01164	0.00920	0.01591
1	0.32120	0.02164	0.02489	0.02454	0.08932	0.02409	0.01756	0.03423	0.02142	0.12577	0.02064	0.02364	0.01584	0.01215	0.01355	0.00347	0.12034	0.00795	0.00730	0.07047
2	0.02810	0.02238	0.03065	0.08594	0.16674	0.02091	0.02112	0.09122	0.02738	0.08300	0.02251	0.02603	0.01750	0.00985	0.00964	0.00258	0.01054	0.00841	0.00718	0.30831
3	0.02219	0.01904	0.02344	0.02096	0.07080	0.01581	0.01472	0.02882	0.06179	0.03537	0.02645	0.09703	0.02450	0.01197	0.00927	0.00227	0.00833	0.01024	0.00718	0.48983
4	0.02261	0.01938	0.02261	0.01615	0.02584	0.01453	0.01292	0.02745	0.02261	0.03553	0.01938	0.02261	0.01615	0.00807	0.00807	0.00161	0.00807	0.00646	0.00646	0.68346
5	0.01431	0.01028	0.01357	0.01448	0.01604	0.00954	0.01020	0.01776	0.02565	0.03543	0.29101	0.35711	0.08683	0.02848	0.01341	0.00395	0.00576	0.02560	0.01102	0.00954
6	0.01328	0.00949	0.01265	0.01518	0.01581	0.00886	0.01012	0.01518	0.02088	0.02783	0.06010	0.60969	0.07212	0.03416	0.01392	0.00443	0.00633	0.03100	0.01012	0.00886
7	0.01444	0.01081	0.01339	0.01338	0.01584	0.00977	0.00979	0.01842	0.02758	0.03742	0.35162	0.18675	0.19924	0.02577	0.01307	0.00368	0.00546	0.02261	0.01121	0.00977
8	0.02699	0.02591	0.04426	0.06693	0.54879	0.02591	0.03346	0.03346	0.02483	0.03562	0.02051	0.02699	0.01727	0.00972	0.01079	0.00324	0.01295	0.00972	0.00540	0.01727
9	0.01326	0.01106	0.01156	0.01144	0.01496	0.00936	0.00858	0.01637	0.02574	0.03155	0.17396	0.10149	0.47956	0.02683	0.01288	0.00364	0.00547	0.02253	0.01040	0.00936
10	0.04892	0.01856	0.02530	0.01940	0.02783	0.01603	0.01603	0.05314	0.03121	0.55634	0.04302	0.03711	0.02699	0.01350	0.01096	0.00337	0.00928	0.01096	0.01350	0.01856
11	0.02261	0.01938	0.02261	0.01615	0.02584	0.01453	0.01292	0.02745	0.02261	0.03553	0.01938	0.02261	0.01615	0.00807	0.00807	0.00161	0.00807	0.00646	0.00646	0.68346
12	0.02915	0.62337	0.05714	0.01866	0.02799	0.04314	0.01866	0.03265	0.02215	0.02565	0.01516	0.01749	0.01399	0.00933	0.00700	0.00233	0.01166	0.00583	0.00466	0.01399
13	0.01352	0.00981	0.01277	0.01471	0.01580	0.00906	0.01001	0.01588	0.02240	0.02992	0.12345	0.50825	0.10968	0.03222	0.01371	0.00425	0.00612	0.02903	0.01035	0.00906
14	0.03056	0.10087	0.03036	0.02263	0.02953	0.07105	0.01824	0.12238	0.35684	0.04521	0.03595	0.03404	0.02723	0.01359	0.01046	0.00340	0.01034	0.01075	0.00986	0.01670
15	0.02802	0.23817	0.30980	0.02555	0.03822	0.03104	0.02964	0.07114	0.02554	0.07832	0.02059	0.02263	0.01534	0.01049	0.00934	0.00306	0.01376	0.00770	0.00585	0.01580
16	0.09409	0.12601	0.07632	0.02534	0.09232	0.02369	0.01973	0.03936	0.06507	0.19249	0.03060	0.07169	0.02415	0.01300	0.00985	0.00316	0.01028	0.01050	0.00866	0.06370
17	0.11228	0.45216	0.09386	0.01927	0.02881	0.03717	0.01951	0.03433	0.02249	0.07038	0.01771	0.01952	0.01471	0.00984	0.00757	0.00264	0.01147	0.00643	0.00560	0.01426
18	0.01809	0.01524	0.02264	0.03037	0.17519	0.01465	0.01779	0.02226	0.02432	0.03264	0.10358	0.22624	0.14282	0.02400	0.01286	0.00393	0.00856	0.08421	0.00889	0.01173
19	0.08353	0.02571	0.07564	0.12779	0.24629	0.02429	0.06193	0.06717	0.02655	0.07233	0.06321	0.03131	0.02359	0.01142	0.01077	0.00338	0.01251	0.01037	0.00682	0.01537
20	0.02792	0.49604	0.12009	0.02282	0.03315	0.03944	0.06855	0.03310	0.02261	0.02764	0.01637	0.01932	0.01422	0.00944	0.00798	0.00260	0.01286	0.00678	0.00474	0.01432
21	0.01335	0.01106	0.01168	0.01153	0.01501	0.00940	0.00865	0.01654	0.02594	0.03203	0.18865	0.10069	0.46456	0.02665	0.01288	0.00364	0.00545	0.02242	0.01046	0.00940
22	0.04581	0.01787	0.02431	0.01887	0.02676	0.01549	0.01549	0.05012	0.03118	0.50878	0.08941	0.04123	0.03403	0.01431	0.01114	0.00338	0.00889	0.01178	0.01336	0.01779
23	0.04324	0.02183	0.02882	0.02644	0.09332	0.02107	0.01906	0.12704	0.07319	0.37080	0.03755	0.03433	0.02489	0.01306	0.01094	0.00337	0.01013	0.01073	0.01188	0.01829
24	0.02591	0.01346	0.01793	0.01549	0.01990	0.01208	0.01208	0.03076	0.03097	0.20406	0.38664	0.06758	0.07914	0.01954	0.01227	0.00341	0.00644	0.01698	0.01247	0.01287
25	0.03659	0.01583	0.02135	0.01731	0.02358	0.01391	0.01391	0.04114	0.03108	0.36752	0.22720	0.05344	0.05494	0.01674	0.01166	0.00339	0.00776	0.01419	0.01295	0.01551
26	0.01963	0.01663	0.02385	0.03135	0.17205	0.01693	0.01810	0.02782	0.10945	0.03314	0.04595	0.34334	0.04958	0.02376	0.01253	0.00396	0.00864	0.02163	0.00892	0.01273
27	0.03828	0.07389	0.03732	0.03284	0.13407	0.02867	0.05380	0.24815	0.03770	0.16460	0.02766	0.02828	0.01967	0.01197	0.01072	0.00324	0.01197	0.00993	0.00956	0.01769
28	0.02509	0.02758	0.15996	0.02431	0.03248	0.01976	0.08889	0.03637	0.10912	0.10103	0.03578	0.12002	0.03026	0.01531	0.01099	0.00351	0.01100	0.01362	0.12062	0.01432
29	0.37640	0.02208	0.02665	0.08549	0.17947	0.02407	0.02024	0.03401	0.02186	0.09013	0.01971	0.02329	0.01506	0.01039	0.00871	0.00336	0.01041	0.00784	0.00680	0.01404
30	0.01475	0.01112	0.01362	0.01300	0.01587	0.01000	0.00975	0.01925	0.02924	0.03987	0.42632	0.08778	0.22200	0.02373	0.01287	0.00350	0.00525	0.02061	0.01150	0.01000
31	0.02915	0.62337	0.05714	0.01866	0.02799	0.04314	0.01866	0.03265	0.02215	0.02565	0.01516	0.01749	0.01399	0.00933	0.00700	0.00233	0.01166	0.00583	0.00466	0.01399
32	0.69383	0.02109	0.01603	0.01434	0.02109	0.02446	0.01181	0.03205	0.01856	0.04892	0.01518	0.01771	0.01181	0.01012	0.00675	0.00337	0.00843	0.00590	0.00675	0.01181
33	0.01408	0.01027	0.01324	0.01423	0.01590	0.00944	0.01002	0.01730	0.02509	0.03411	0.25088	0.35929	0.12779	0.02898	0.01341	0.00397	0.00580	0.02591	0.01085	0.00944
34	0.01335	0.01106	0.01168	0.01153	0.01501	0.00940	0.00865	0.01654	0.02594	0.03204	0.18871	0.10068	0.46450	0.02665	0.01288	0.00364	0.00545	0.02242	0.01046	0.00940
35	0.01454	0.01111	0.01334	0.01278	0.01574	0.00991	0.00959	0.01885	0.02876	0.03873	0.39174	0.08966	0.25730	0.02415	0.01287	0.00352	0.00528	0.02087	0.01135	0.00991
36	0.04145	0.03054	0.03272	0.02509	0.03381	0.03381	0.02072	0.51243	0.05127	0.06872	0.02618	0.02618	0.01854	0.01309	0.01091	0.00327	0.01200	0.00982	0.01091	0.01854
37	0.04073	0.05197	0.03090	0.02809	0.03371	0.57303	0.02107	0.04354	0.03090	0.02669	0.01685	0.01966	0.01404	0.01124	0.00983	0.00281	0.01966	0.00702	0.00562	0.01264
38	0.02712	0.02342	0.02465	0.02219	0.02835	0.02712	0.01726	0.05794	0.52909	0.04561	0.04438	0.04068	0.03328	0.01479	0.01109	0.00370	0.00863	0.01233	0.01109	0.01726
39	0.02712	0.02342	0.02465	0.02219	0.02835	0.02712	0.01726	0.05794	0.52909	0.04561	0.04438	0.04068	0.03328	0.01479	0.01109	0.00370	0.00863	0.01233	0.01109	0.01726
40	0.01339	0.01093	0.01183	0.01189	0.01511	0.00937	0.00881	0.01652	0.02562	0.03195	0.18590	0.14333	0.42305	0.02719	0.01297	0.00370	0.00552	0.02308	0.01047	0.00937
41	0.03295	0.02897	0.14443	0.02756	0.03745	0.02170	0.13213	0.04383	0.09721	0.22155	0.03305	0.03319	0.02283	0.01199	0.01105	0.00344	0.01237	0.01092	0.05696	0.01640
