[name]
unknown

[dist]
# distance from previous block
# <min> <max>
0	1400

[block]
# block no. 0 follows, 15 sequences, length 110
# corresponding to MSA columns:
# 1400-1509
name=unknown_A
#
# <colnr> <probs for GDERKNQSTAVLIFYWHMCP>
#	G	D	E	R	K	N	Q	S	T	A	V	L	I	F	Y	W	H	M	C	P
0	0.02487	0.01945	0.02808	0.06235	0.13847	0.01936	0.06049	0.10285	0.06765	0.08725	0.12957	0.04083	0.03462	0.01310	0.01037	0.00302	0.00958	0.04263	0.00815	0.09732
1	0.08542	0.02469	0.04335	0.18442	0.05031	0.06319	0.30214	0.03164	0.02268	0.06598	0.01987	0.02571	0.01472	0.00925	0.01052	0.00326	0.01468	0.01000	0.00545	0.01271
2	0.02271	0.01695	0.02027	0.01761	0.02189	0.05892	0.05178	0.03144	0.12492	0.10935	0.24006	0.09568	0.05337	0.01652	0.01069	0.00315	0.00774	0.01447	0.07060	0.01190
3	0.02212	0.02032	0.02133	0.01572	0.02425	0.06537	0.01246	0.02639	0.02133	0.03178	0.01752	0.02044	0.01460	0.00764	0.00752	0.00157	0.00831	0.00595	0.00584	0.64954
4	0.01756	0.01269	0.01719	0.01611	0.01928	0.01194	0.05069	0.06509	0.02346	0.07159	0.06012	0.35957	0.18562	0.02493	0.01197	0.00366	0.00708	0.02221	0.00923	0.01001
5	0.07559	0.01098	0.01320	0.01241	0.01517	0.01046	0.00939	0.01939	0.02682	0.03941	0.49651	0.07099	0.12346	0.01977	0.01127	0.00315	0.00499	0.01715	0.01043	0.00945
6	0.01902	0.01083	0.01362	0.01215	0.01515	0.01068	0.05450	0.02399	0.02114	0.03671	0.03144	0.03627	0.02464	0.01133	0.00739	0.00241	0.00571	0.00951	0.64386	0.00965
7	0.02206	0.02197	0.03140	0.02923	0.07519	0.02994	0.02258	0.02457	0.01592	0.02474	0.01358	0.02206	0.01332	0.01670	0.03072	0.00424	0.57730	0.00874	0.00441	0.01133
8	0.66109	0.01908	0.01539	0.01351	0.01982	0.02169	0.01113	0.03099	0.01798	0.09273	0.01610	0.01774	0.01201	0.00952	0.00651	0.00308	0.00778	0.00580	0.00671	0.01134
9	0.02196	0.02225	0.03300	0.02756	0.02844	0.03007	0.06805	0.02468	0.01599	0.02468	0.01370	0.02225	0.01326	0.01666	0.03089	0.00427	0.57773	0.00899	0.00442	0.01113
10	0.03256	0.02513	0.02695	0.02145	0.02882	0.02758	0.01740	0.36132	0.19752	0.05399	0.02826	0.02753	0.02071	0.01202	0.00980	0.00297	0.00976	0.00938	0.00967	0.07719
11	0.01883	0.01772	0.02990	0.62569	0.06866	0.02215	0.02769	0.02547	0.01993	0.02547	0.01772	0.02658	0.01329	0.00997	0.00997	0.00332	0.01329	0.00886	0.00443	0.01107
12	0.02067	0.01772	0.02067	0.01477	0.02362	0.01329	0.01181	0.02510	0.02067	0.03248	0.01772	0.02067	0.01477	0.00738	0.00738	0.00148	0.00738	0.00591	0.00591	0.71059
13	0.01178	0.01010	0.01010	0.01010	0.01347	0.00842	0.00757	0.01431	0.02272	0.02693	0.10099	0.09594	0.58342	0.02525	0.01178	0.00337	0.00505	0.02104	0.00926	0.00842
14	0.01568	0.01272	0.01434	0.01343	0.01597	0.05014	0.01008	0.02024	0.02822	0.03892	0.54374	0.07063	0.08855	0.01969	0.01157	0.00310	0.00560	0.01724	0.01058	0.00955
15	0.02674	0.08646	0.33524	0.02570	0.03643	0.09733	0.02837	0.10782	0.02563	0.06764	0.01912	0.02155	0.01404	0.01057	0.01088	0.00307	0.05578	0.00759	0.00565	0.01440
16	0.01237	0.00920	0.01153	0.01290	0.01432	0.00836	0.00893	0.01472	0.02122	0.02796	0.14439	0.44445	0.17652	0.02836	0.01238	0.00377	0.00547	0.02528	0.00952	0.00836
17	0.02883	0.08138	0.22061	0.02728	0.03617	0.22956	0.08367	0.03512	0.02394	0.07021	0.01828	0.02132	0.01393	0.01035	0.01105	0.00299	0.05912	0.00769	0.00525	0.01325
18	0.01448	0.01037	0.01489	0.01489	0.01623	0.01171	0.01105	0.01689	0.01555	0.02208	0.02696	0.04333	0.02649	0.17666	0.47193	0.05928	0.02245	0.01124	0.00540	0.00809
19	0.03790	0.02792	0.02992	0.02294	0.03091	0.03091	0.01895	0.55423	0.04687	0.06283	0.02393	0.02393	0.01695	0.01197	0.00997	0.00299	0.01097	0.00898	0.00997	0.01695
20	0.02358	0.02477	0.03572	0.18697	0.08856	0.10316	0.15999	0.02949	0.02245	0.02938	0.01812	0.02379	0.01429	0.00885	0.00963	0.00272	0.01324	0.00852	0.00511	0.19167
21	0.02022	0.02142	0.06312	0.01677	0.02109	0.11714	0.01387	0.06925	0.02781	0.03564	0.28174	0.10319	0.13241	0.01853	0.01101	0.00313	0.00850	0.01558	0.00896	0.01062
22	0.02480	0.02141	0.02254	0.02029	0.02592	0.02480	0.01578	0.05297	0.56946	0.04170	0.04057	0.03719	0.03043	0.01352	0.01014	0.00338	0.00789	0.01127	0.01014	0.01578
23	0.02145	0.10079	0.02478	0.01506	0.02388	0.01670	0.01250	0.02572	0.02062	0.03131	0.01722	0.02006	0.01451	0.00753	0.00725	0.00156	0.00781	0.00583	0.00569	0.61972
24	0.02491	0.49721	0.19538	0.02004	0.03019	0.03517	0.02224	0.03030	0.02046	0.02558	0.01492	0.01732	0.01275	0.00878	0.00720	0.00240	0.01173	0.00586	0.00425	0.01330
25	0.72007	0.01928	0.01465	0.01311	0.01928	0.02236	0.01080	0.02930	0.01697	0.04473	0.01388	0.01619	0.01080	0.00925	0.00617	0.00308	0.00771	0.00540	0.00617	0.01080
26	0.01492	0.01129	0.01507	0.01469	0.01686	0.01219	0.01111	0.02035	0.06318	0.02871	0.17153	0.05345	0.07644	0.10361	0.32893	0.01050	0.01695	0.01351	0.00742	0.00929
27	0.01450	0.00966	0.01087	0.01087	0.01087	0.00966	0.00604	0.01450	0.01450	0.01933	0.03141	0.06524	0.03624	0.64965	0.05074	0.00966	0.00966	0.01450	0.00604	0.00604
28	0.01215	0.00868	0.01157	0.01388	0.01446	0.00810	0.00925	0.01388	0.01909	0.02545	0.05495	0.64315	0.06593	0.03123	0.01272	0.00405	0.00578	0.02834	0.00925	0.00810
29	0.02797	0.01406	0.01740	0.01468	0.02002	0.01261	0.01166	0.03335	0.06715	0.28589	0.14233	0.06029	0.21513	0.01780	0.01086	0.00321	0.00676	0.01488	0.01098	0.01297
30	0.03790	0.02792	0.02992	0.02294	0.03091	0.03091	0.01895	0.55423	0.04687	0.06283	0.02393	0.02393	0.01695	0.01197	0.00997	0.00299	0.01097	0.00898	0.00997	0.01695
31	0.04248	0.02057	0.02537	0.01945	0.02725	0.02001	0.01607	0.21513	0.03457	0.41930	0.03426	0.03064	0.02213	0.01222	0.01001	0.00305	0.00930	0.00968	0.01156	0.01696
32	0.03790	0.02792	0.02992	0.02294	0.03091	0.03091	0.01895	0.55423	0.04687	0.06283	0.02393	0.02393	0.01695	0.01197	0.00997	0.00299	0.01097	0.00898	0.00997	0.01695
33	0.02467	0.02369	0.04046	0.06119	0.58747	0.02369	0.03059	0.03059	0.02270	0.03257	0.01875	0.02467	0.01579	0.00888	0.00987	0.00296	0.01184	0.00888	0.00493	0.01579
34	0.02665	0.65565	0.05224	0.01706	0.02559	0.03945	0.01706	0.02985	0.02026	0.02345	0.01386	0.01599	0.01279	0.00853	0.00640	0.00213	0.01066	0.00533	0.00426	0.01279
35	0.61754	0.02024	0.01774	0.01755	0.06433	0.02307	0.01292	0.06664	0.01953	0.04506	0.01497	0.01740	0.01162	0.00942	0.00673	0.00307	0.00826	0.00592	0.00634	0.01162
36	0.02418	0.02408	0.04414	0.04341	0.22857	0.02378	0.25339	0.06881	0.06707	0.03462	0.02415	0.07290	0.02048	0.01093	0.01094	0.00325	0.01318	0.01179	0.00607	0.01428
37	0.02067	0.01772	0.02067	0.01477	0.02362	0.01329	0.01181	0.02510	0.02067	0.03248	0.01772	0.02067	0.01477	0.00738	0.00738	0.00148	0.00738	0.00591	0.00591	0.71059
38	0.01659	0.01257	0.01910	0.02004	0.02289	0.01245	0.05403	0.02145	0.02299	0.02998	0.05047	0.10638	0.05438	0.02618	0.01363	0.00450	0.00972	0.48428	0.00889	0.00948
39	0.01215	0.00868	0.01157	0.01388	0.01446	0.00810	0.00925	0.01388	0.01909	0.02545	0.05495	0.64315	0.06593	0.03123	0.01272	0.00405	0.00578	0.02834	0.00925	0.00810
40	0.01883	0.01772	0.02990	0.62569	0.06866	0.02215	0.02769	0.02547	0.01993	0.02547	0.01772	0.02658	0.01329	0.00997	0.00997	0.00332	0.01329	0.00886	0.00443	0.01107
41	0.02813	0.12729	0.03043	0.02256	0.02613	0.25339	0.01832	0.03092	0.02173	0.02565	0.01643	0.02128	0.01444	0.01261	0.01642	0.00308	0.22390	0.00738	0.08866	0.01125
42	0.62073	0.01894	0.01590	0.01379	0.02019	0.02123	0.01136	0.03214	0.01867	0.12558	0.01762	0.01880	0.01284	0.00971	0.00674	0.00308	0.00783	0.00608	0.00708	0.01170
43	0.02298	0.11696	0.40412	0.02632	0.03898	0.02390	0.07171	0.03219	0.02168	0.07286	0.01918	0.02184	0.01391	0.00933	0.00917	0.00292	0.01340	0.00756	0.00502	0.06596
44	0.03160	0.03151	0.02594	0.02263	0.02857	0.22323	0.01758	0.14836	0.28288	0.04007	0.02877	0.02807	0.02182	0.01212	0.00972	0.00303	0.01190	0.00918	0.00842	0.01459
45	0.72007	0.01928	0.01465	0.01311	0.01928	0.02236	0.01080	0.02930	0.01697	0.04473	0.01388	0.01619	0.01080	0.00925	0.00617	0.00308	0.00771	0.00540	0.00617	0.01080
46	0.02665	0.65565	0.05224	0.01706	0.02559	0.03945	0.01706	0.02985	0.02026	0.02345	0.01386	0.01599	0.01279	0.00853	0.00640	0.00213	0.01066	0.00533	0.00426	0.01279
47	0.01732	0.00866	0.01299	0.01299	0.01299	0.00866	0.00866	0.01299	0.01299	0.01732	0.01732	0.03030	0.01732	0.03463	0.03896	0.70996	0.00866	0.00866	0.00433	0.00433
48	0.01303	0.01031	0.01269	0.01255	0.01520	0.00997	0.00956	0.01630	0.02143	0.02797	0.16169	0.07279	0.30604	0.04122	0.21530	0.00763	0.01235	0.01698	0.00823	0.00876
49	0.72007	0.01928	0.01465	0.01311	0.01928	0.02236	0.01080	0.02930	0.01697	0.04473	0.01388	0.01619	0.01080	0.00925	0.00617	0.00308	0.00771	0.00540	0.00617	0.01080
50	0.02480	0.02141	0.02254	0.02029	0.02592	0.02480	0.01578	0.05297	0.56946	0.04170	0.04057	0.03719	0.03043	0.01352	0.01014	0.00338	0.00789	0.01127	0.01014	0.01578
51	0.01450	0.00966	0.01087	0.01087	0.01087	0.00966	0.00604	0.01450	0.01450	0.01933	0.03141	0.06524	0.03624	0.64965	0.05074	0.00966	0.00966	0.01450	0.00604	0.00604
52	0.02109	0.03686	0.30675	0.03155	0.04299	0.02297	0.22675	0.03210	0.06480	0.03215	0.02665	0.03004	0.05711	0.01055	0.01056	0.00327	0.01427	0.01034	0.00536	0.01386
53	0.72007	0.01928	0.01465	0.01311	0.01928	0.02236	0.01080	0.02930	0.01697	0.04473	0.01388	0.01619	0.01080	0.00925	0.00617	0.00308	0.00771	0.00540	0.00617	0.01080
54	0.02181	0.02181	0.03053	0.02617	0.02617	0.03053	0.02181	0.02399	0.01527	0.02399	0.01309	0.02181	0.01309	0.01745	0.03272	0.00436	0.63141	0.00872	0.00436	0.01091
55	0.02421	0.02321	0.03963	0.10591	0.54636	0.02356	0.03036	0.03019	0.02248	0.03201	0.01867	0.02482	0.01559	0.00897	0.00988	0.00299	0.01196	0.00888	0.00489	0.01542
56	0.72007	0.01928	0.01465	0.01311	0.01928	0.02236	0.01080	0.02930	0.01697	0.04473	0.01388	0.01619	0.01080	0.00925	0.00617	0.00308	0.00771	0.00540	0.00617	0.01080
57	0.03819	0.01505	0.01967	0.01562	0.02199	0.01331	0.01273	0.04224	0.02663	0.45499	0.03763	0.03474	0.02490	0.01216	0.00926	0.00289	0.00752	0.00984	0.18560	0.01505
58	0.01446	0.01012	0.01301	0.01228	0.01463	0.00940	0.00921	0.01916	0.02764	0.03975	0.53865	0.07151	0.08863	0.01969	0.01138	0.00307	0.00470	0.01734	0.06596	0.00940
59	0.01732	0.00866	0.01299	0.01299	0.01299	0.00866	0.00866	0.01299	0.01299	0.01732	0.01732	0.03030	0.01732	0.03463	0.03896	0.70996	0.00866	0.00866	0.00433	0.00433
60	0.08047	0.14874	0.03115	0.01942	0.02731	0.02666	0.01663	0.24857	0.03360	0.23098	0.02643	0.02520	0.01831	0.01124	0.00904	0.00286	0.00988	0.00838	0.00939	0.01574
61	0.03055	0.01381	0.01644	0.01373	0.01865	0.01312	0.01098	0.07471	0.02598	0.26222	0.03458	0.03484	0.02453	0.01193	0.00843	0.00268	0.00667	0.00956	0.37361	0.01296
62	0.02103	0.01534	0.01877	0.06158	0.02364	0.01619	0.01345	0.06297	0.17439	0.08168	0.32041	0.05481	0.06111	0.01665	0.01095	0.00320	0.00686	0.01439	0.01030	0.01226
63	0.01215	0.00868	0.01157	0.01388	0.01446	0.00810	0.00925	0.01388	0.01909	0.02545	0.05495	0.64315	0.06593	0.03123	0.01272	0.00405	0.00578	0.02834	0.00925	0.00810
64	0.03368	0.25193	0.03631	0.02278	0.02906	0.41797	0.01852	0.03646	0.02556	0.02408	0.01489	0.01731	0.01282	0.00969	0.00812	0.00242	0.01552	0.00605	0.00484	0.01197
65	0.07242	0.13558	0.02866	0.01883	0.02556	0.02463	0.01582	0.07942	0.16797	0.18716	0.02872	0.02780	0.02099	0.01178	0.01073	0.00296	0.05727	0.00874	0.00865	0.06629
66	0.02539	0.02399	0.09180	0.01890	0.02762	0.01949	0.01684	0.11158	0.13529	0.07174	0.02452	0.02530	0.01856	0.00984	0.00873	0.00238	0.00896	0.00786	0.00754	0.34367
67	0.04473	0.01697	0.02313	0.01774	0.02545	0.01465	0.01465	0.04858	0.02853	0.59437	0.03933	0.03393	0.02468	0.01234	0.01003	0.00308	0.00848	0.01003	0.01234	0.01697
68	0.01792	0.01426	0.01647	0.01644	0.01934	0.01534	0.01218	0.03074	0.24199	0.03351	0.10572	0.25505	0.05199	0.06649	0.01435	0.00412	0.00704	0.05620	0.00957	0.01127
69	0.01873	0.01703	0.02550	0.03026	0.16863	0.01965	0.01900	0.02188	0.01931	0.02769	0.06263	0.24288	0.03703	0.02019	0.01850	0.00381	0.21337	0.01617	0.00661	0.01112
70	0.07587	0.01389	0.01680	0.01391	0.01926	0.01288	0.01119	0.03675	0.02461	0.32643	0.03489	0.03418	0.02418	0.01184	0.00850	0.00277	0.00683	0.00943	0.30242	0.01336
71	0.04473	0.01697	0.02313	0.01774	0.02545	0.01465	0.01465	0.04858	0.02853	0.59437	0.03933	0.03393	0.02468	0.01234	0.01003	0.00308	0.00848	0.01003	0.01234	0.01697
72	0.02480	0.02141	0.02254	0.02029	0.02592	0.02480	0.01578	0.05297	0.56946	0.04170	0.04057	0.03719	0.03043	0.01352	0.01014	0.00338	0.00789	0.01127	0.01014	0.01578
73	0.26152	0.01771	0.02041	0.01625	0.02347	0.01713	0.01341	0.04239	0.02482	0.41793	0.03116	0.02824	0.02022	0.01135	0.00879	0.00308	0.00824	0.00854	0.01036	0.01499
74	0.03790	0.02792	0.02992	0.02294	0.03091	0.03091	0.01895	0.55423	0.04687	0.06283	0.02393	0.02393	0.01695	0.01197	0.00997	0.00299	0.01097	0.00898	0.00997	0.01695
75	0.08795	0.01711	0.02259	0.01744	0.02505	0.01515	0.01441	0.04735	0.02779	0.55919	0.03770	0.03280	0.02379	0.01214	0.00978	0.00308	0.00843	0.00973	0.01194	0.01657
76	0.02665	0.65565	0.05224	0.01706	0.02559	0.03945	0.01706	0.02985	0.02026	0.02345	0.01386	0.01599	0.01279	0.00853	0.00640	0.00213	0.01066	0.00533	0.00426	0.01279
77	0.01450	0.00966	0.01087	0.01087	0.01087	0.00966	0.00604	0.01450	0.01450	0.01933	0.03141	0.06524	0.03624	0.64965	0.05074	0.00966	0.00966	0.01450	0.00604	0.00604
78	0.03379	0.02588	0.02760	0.02211	0.02935	0.02900	0.01795	0.39700	0.21079	0.05620	0.02915	0.02809	0.02118	0.01246	0.01003	0.00311	0.01000	0.00970	0.01003	0.01659
79	0.04473	0.01697	0.02313	0.01774	0.02545	0.01465	0.01465	0.04858	0.02853	0.59437	0.03933	0.03393	0.02468	0.01234	0.01003	0.00308	0.00848	0.01003	0.01234	0.01697
80	0.02016	0.01908	0.03231	0.49697	0.18696	0.02250	0.02835	0.02664	0.02056	0.02709	0.01795	0.02614	0.01386	0.00972	0.00994	0.00324	0.01296	0.00886	0.00454	0.01215
81	0.01334	0.00959	0.01263	0.01307	0.01472	0.00889	0.00935	0.01687	0.02463	0.03426	0.37479	0.29817	0.08300	0.02465	0.01214	0.00349	0.00513	0.02208	0.01030	0.00889
82	0.01709	0.00874	0.01282	0.01282	0.01282	0.00874	0.00845	0.01311	0.01311	0.01748	0.01843	0.03307	0.01882	0.08336	0.03989	0.65447	0.00874	0.00912	0.00446	0.00446
83	0.03206	0.34484	0.03998	0.02147	0.02826	0.33086	0.01818	0.03494	0.02434	0.02394	0.01465	0.01701	0.01282	0.00942	0.00772	0.00236	0.01440	0.00589	0.00471	0.01216
84	0.04473	0.01697	0.02313	0.01774	0.02545	0.01465	0.01465	0.04858	0.02853	0.59437	0.03933	0.03393	0.02468	0.01234	0.01003	0.00308	0.00848	0.01003	0.01234	0.01697
85	0.01573	0.01098	0.01154	0.01141	0.01439	0.01057	0.00853	0.02191	0.08279	0.03286	0.10175	0.10833	0.25948	0.01941	0.01003	0.00305	0.00526	0.01629	0.24611	0.00958
86	0.20817	0.02136	0.02105	0.01861	0.02457	0.02463	0.01472	0.08578	0.38387	0.04414	0.03228	0.03065	0.02423	0.01228	0.00909	0.00327	0.00808	0.00955	0.00909	0.01456
87	0.72007	0.01928	0.01465	0.01311	0.01928	0.02236	0.01080	0.02930	0.01697	0.04473	0.01388	0.01619	0.01080	0.00925	0.00617	0.00308	0.00771	0.00540	0.00617	0.01080
88	0.02770	0.39480	0.04064	0.01851	0.02589	0.07048	0.01670	0.10682	0.09692	0.03275	0.06312	0.02456	0.02202	0.01070	0.00798	0.00252	0.01035	0.00768	0.00642	0.01343
89	0.02109	0.03982	0.36797	0.03153	0.04369	0.02275	0.20944	0.03103	0.02188	0.03214	0.01982	0.02431	0.01450	0.00928	0.01005	0.00316	0.01464	0.00901	0.06002	0.01386
90	0.01338	0.01000	0.01405	0.01772	0.05726	0.00951	0.01136	0.01564	0.01965	0.02632	0.05210	0.55616	0.06156	0.02929	0.01259	0.00401	0.00650	0.06520	0.00893	0.00875
91	0.02109	0.02071	0.02969	0.06313	0.06167	0.02796	0.02176	0.02373	0.01628	0.02470	0.01680	0.06816	0.01716	0.01750	0.02851	0.00419	0.51099	0.01019	0.00476	0.01100
92	0.02358	0.03173	0.22250	0.02507	0.03378	0.02359	0.08218	0.10960	0.13432	0.03851	0.06239	0.03002	0.02344	0.01199	0.01167	0.00324	0.05795	0.00981	0.05049	0.01413
93	0.01432	0.00959	0.01092	0.01110	0.01114	0.00955	0.00628	0.01445	0.01484	0.01979	0.03317	0.10854	0.03847	0.60331	0.04789	0.00924	0.00937	0.01553	0.00628	0.00619
94	0.02895	0.02653	0.08835	0.03544	0.07454	0.02317	0.32764	0.07602	0.02618	0.15388	0.02428	0.02759	0.01715	0.00962	0.01098	0.00324	0.01415	0.01068	0.00691	0.01470
95	0.02181	0.02181	0.03053	0.02617	0.02617	0.03053	0.02181	0.02399	0.01527	0.02399	0.01309	0.02181	0.01309	0.01745	0.03272	0.00436	0.63141	0.00872	0.00436	0.01091
96	0.13113	0.02882	0.03188	0.04111	0.31304	0.17636	0.02321	0.03239	0.02314	0.03223	0.01707	0.02134	0.01419	0.00919	0.00889	0.00276	0.01249	0.00749	0.00525	0.06802
97	0.02181	0.02181	0.03053	0.02617	0.02617	0.03053	0.02181	0.02399	0.01527	0.02399	0.01309	0.02181	0.01309	0.01745	0.03272	0.00436	0.63141	0.00872	0.00436	0.01091
98	0.01178	0.01010	0.01010	0.01010	0.01347	0.00842	0.00757	0.01431	0.02272	0.02693	0.10099	0.09594	0.58342	0.02525	0.01178	0.00337	0.00505	0.02104	0.00926	0.00842
99	0.01441	0.01013	0.01305	0.01232	0.01467	0.00940	0.00924	0.01911	0.02772	0.03979	0.54490	0.07193	0.08941	0.01979	0.01143	0.00308	0.00470	0.01744	0.05808	0.00940
100	0.02075	0.01968	0.03338	0.43976	0.23954	0.02265	0.02864	0.02716	0.02084	0.02781	0.01806	0.02595	0.01411	0.00961	0.00993	0.00320	0.01281	0.00887	0.00460	0.01263
101	0.02783	0.02046	0.02160	0.01825	0.02383	0.02278	0.01453	0.22579	0.23157	0.04809	0.03238	0.03240	0.02424	0.01244	0.00922	0.00295	0.00812	0.00990	0.19918	0.01444
102	0.01744	0.01148	0.01444	0.01327	0.01626	0.01097	0.01009	0.02391	0.06983	0.07923	0.46093	0.06593	0.07913	0.01863	0.01116	0.00309	0.00522	0.01629	0.06227	0.01043
103	0.03319	0.02961	0.02690	0.02213	0.02819	0.21127	0.05621	0.20643	0.03259	0.08067	0.02373	0.02562	0.01778	0.01111	0.00919	0.00275	0.01221	0.00850	0.14851	0.01341
104	0.01450	0.00966	0.01087	0.01087	0.01087	0.00966	0.00604	0.01450	0.01450	0.01933	0.03141	0.06524	0.03624	0.64965	0.05074	0.00966	0.00966	0.01450	0.00604	0.00604
105	0.04015	0.02430	0.02768	0.02122	0.02911	0.02554	0.01753	0.38711	0.04081	0.23850	0.02902	0.02724	0.01951	0.01209	0.00999	0.00302	0.01015	0.00932	0.01075	0.01696
106	0.02127	0.11168	0.06610	0.13234	0.03568	0.05765	0.09204	0.02796	0.06356	0.02699	0.02406	0.03719	0.02191	0.09283	0.06845	0.00512	0.04889	0.04935	0.00561	0.01132
107	0.15317	0.14358	0.03588	0.02357	0.03011	0.06188	0.13676	0.06932	0.02271	0.06580	0.01895	0.02267	0.01499	0.01063	0.01171	0.00304	0.09329	0.00816	0.06125	0.01252
108	0.26342	0.09227	0.02532	0.01829	0.02458	0.06183	0.05170	0.10165	0.10735	0.04108	0.02224	0.02400	0.01718	0.01049	0.00798	0.00290	0.00939	0.00778	0.09792	0.01262
109	0.07161	0.12009	0.06839	0.02343	0.03156	0.02822	0.08766	0.21046	0.14515	0.07677	0.02538	0.02587	0.01875	0.01103	0.00946	0.00301	0.01092	0.00903	0.00808	0.01513

[dist]
# distance from previous block
# <min> <max>
0	2

[block]
# block no. 1 follows, 15 sequences, length 6
# corresponding to MSA columns:
# 1512-1517
name=unknown_B
#
# <colnr> <probs for GDERKNQSTAVLIFYWHMCP>
#	G	D	E	R	K	N	Q	S	T	A	V	L	I	F	Y	W	H	M	C	P
0	0.02244	0.02224	0.04029	0.25210	0.30756	0.02344	0.12794	0.02908	0.02190	0.03000	0.01866	0.02575	0.01480	0.00917	0.01026	0.00316	0.01328	0.00942	0.00478	0.01372
1	0.01252	0.00896	0.01190	0.01363	0.01454	0.00834	0.00928	0.01481	0.02081	0.02819	0.15454	0.53573	0.07125	0.02918	0.01254	0.00388	0.00558	0.02639	0.00958	0.00834
2	0.02293	0.01146	0.01431	0.01323	0.01671	0.01043	0.01003	0.02656	0.02397	0.18546	0.13937	0.18244	0.09049	0.01878	0.01029	0.00314	0.00598	0.01617	0.18718	0.01106
3	0.02480	0.02141	0.02254	0.02029	0.02592	0.02480	0.01578	0.05297	0.56946	0.04170	0.04057	0.03719	0.03043	0.01352	0.01014	0.00338	0.00789	0.01127	0.01014	0.01578
4	0.72007	0.01928	0.01465	0.01311	0.01928	0.02236	0.01080	0.02930	0.01697	0.04473	0.01388	0.01619	0.01080	0.00925	0.00617	0.00308	0.00771	0.00540	0.00617	0.01080
5	0.72007	0.01928	0.01465	0.01311	0.01928	0.02236	0.01080	0.02930	0.01697	0.04473	0.01388	0.01619	0.01080	0.00925	0.00617	0.00308	0.00771	0.00540	0.00617	0.01080

[dist]
# distance from previous block
# <min> <max>
0	1

[block]
# block no. 2 follows, 15 sequences, length 15
# corresponding to MSA columns:
# 1519-1533
name=unknown_C
#
# <colnr> <probs for GDERKNQSTAVLIFYWHMCP>
#	G	D	E	R	K	N	Q	S	T	A	V	L	I	F	Y	W	H	M	C	P
0	0.02620	0.01765	0.02157	0.01886	0.02327	0.01864	0.01540	0.16147	0.02770	0.11210	0.03395	0.05658	0.03201	0.10982	0.01906	0.00446	0.07025	0.15833	0.00864	0.06402
1	0.02116	0.10696	0.46599	0.02929	0.04274	0.02504	0.10999	0.03146	0.02133	0.03083	0.01783	0.02141	0.01301	0.00922	0.00951	0.00309	0.01464	0.00781	0.00434	0.01436
2	0.02451	0.02415	0.04314	0.05839	0.50932	0.02391	0.10660	0.03079	0.02282	0.03248	0.01896	0.02500	0.01569	0.00881	0.01015	0.00302	0.01257	0.00930	0.00495	0.01545
3	0.01411	0.01104	0.01504	0.10310	0.02302	0.01131	0.01223	0.01856	0.05200	0.02867	0.13165	0.39668	0.09449	0.02509	0.01197	0.00372	0.00679	0.02249	0.00886	0.00919
4	0.01271	0.00939	0.01188	0.01284	0.01443	0.00856	0.00903	0.01551	0.02256	0.03027	0.22872	0.37445	0.15933	0.02683	0.01227	0.00365	0.00532	0.02390	0.00980	0.00856
5	0.01883	0.01772	0.02990	0.62569	0.06866	0.02215	0.02769	0.02547	0.01993	0.02547	0.01772	0.02658	0.01329	0.00997	0.00997	0.00332	0.01329	0.00886	0.00443	0.01107
6	0.01210	0.01011	0.01054	0.01043	0.01366	0.00855	0.00782	0.01492	0.02347	0.02870	0.16622	0.09303	0.51709	0.02459	0.01178	0.00333	0.00500	0.02063	0.00949	0.00855
7	0.01436	0.01023	0.01372	0.01372	0.01470	0.01121	0.00959	0.01632	0.01534	0.02144	0.02881	0.05084	0.02999	0.33214	0.35971	0.01318	0.01907	0.01239	0.00565	0.00762
8	0.02665	0.65565	0.05224	0.01706	0.02559	0.03945	0.01706	0.02985	0.02026	0.02345	0.01386	0.01599	0.01279	0.00853	0.00640	0.00213	0.01066	0.00533	0.00426	0.01279
9	0.01215	0.00868	0.01157	0.01388	0.01446	0.00810	0.00925	0.01388	0.01909	0.02545	0.05495	0.64315	0.06593	0.03123	0.01272	0.00405	0.00578	0.02834	0.00925	0.00810
10	0.13816	0.03105	0.16110	0.08110	0.03950	0.07513	0.14707	0.07245	0.02439	0.10646	0.02073	0.02373	0.01486	0.00985	0.00959	0.00313	0.01319	0.00860	0.00628	0.01364
11	0.02697	0.02472	0.03508	0.16959	0.35657	0.09455	0.02704	0.03242	0.02338	0.08496	0.02014	0.02515	0.01578	0.00962	0.00980	0.00300	0.01257	0.00869	0.00558	0.01441
12	0.01828	0.01506	0.01808	0.01479	0.02120	0.01202	0.01179	0.02239	0.02145	0.03158	0.06603	0.09821	0.06545	0.01438	0.00934	0.00238	0.00719	0.08470	0.00720	0.45847
13	0.02514	0.37410	0.26833	0.02163	0.03259	0.03137	0.02480	0.03172	0.02109	0.06275	0.01708	0.01914	0.01348	0.00915	0.00785	0.00260	0.01215	0.00644	0.00475	0.01383
14	0.04079	0.01782	0.02308	0.01815	0.02525	0.01643	0.01479	0.11926	0.03036	0.46541	0.03849	0.08748	0.02728	0.01399	0.01026	0.00316	0.00860	0.01153	0.01171	0.01616

[dist]
# distance from previous block
# <min> <max>
4	20

[block]
# block no. 3 follows, 15 sequences, length 83
# corresponding to MSA columns:
# 1561-1643
name=unknown_D
#
# <colnr> <probs for GDERKNQSTAVLIFYWHMCP>
#	G	D	E	R	K	N	Q	S	T	A	V	L	I	F	Y	W	H	M	C	P
0	0.07530	0.02048	0.02703	0.07076	0.03169	0.01971	0.07038	0.11606	0.06449	0.14999	0.02459	0.02581	0.01782	0.00996	0.00909	0.00262	0.00968	0.00840	0.00793	0.23822
1	0.28606	0.07271	0.02643	0.02072	0.06551	0.02093	0.06261	0.03268	0.02121	0.14665	0.02051	0.02207	0.01518	0.00935	0.00794	0.00272	0.00917	0.00722	0.00698	0.14333
2	0.03384	0.01840	0.02273	0.01868	0.02461	0.01873	0.01502	0.12272	0.11494	0.29529	0.08228	0.08790	0.03304	0.01505	0.01171	0.00328	0.04374	0.01222	0.01078	0.01504
3	0.03075	0.01915	0.02795	0.02098	0.02846	0.01755	0.08604	0.03520	0.02351	0.25454	0.02606	0.02691	0.01854	0.01073	0.01214	0.00272	0.08607	0.00867	0.00816	0.25587
4	0.03202	0.16422	0.03350	0.02343	0.07537	0.02877	0.01819	0.30168	0.03567	0.08166	0.08483	0.02852	0.02506	0.01191	0.00937	0.00282	0.01012	0.00924	0.00853	0.01508
5	0.24976	0.02632	0.03173	0.02729	0.07806	0.10493	0.13855	0.10824	0.02583	0.09032	0.01968	0.02230	0.01462	0.00984	0.00904	0.00305	0.01209	0.00821	0.00677	0.01336
6	0.01199	0.01011	0.01039	0.01032	0.01359	0.00851	0.00774	0.01471	0.02322	0.02811	0.14455	0.09400	0.53912	0.02481	0.01178	0.00335	0.00502	0.02077	0.00941	0.00851
7	0.01989	0.01881	0.03183	0.52253	0.16348	0.02243	0.02822	0.02641	0.02044	0.02677	0.01791	0.02623	0.01375	0.00977	0.00995	0.00326	0.01302	0.00886	0.00452	0.01194
8	0.08934	0.02595	0.02330	0.01994	0.02571	0.12716	0.01571	0.19264	0.18663	0.04468	0.06703	0.03073	0.02579	0.01245	0.00940	0.00299	0.01007	0.00955	0.06698	0.01396
9	0.02951	0.01483	0.01906	0.01598	0.02122	0.01392	0.01267	0.03708	0.10327	0.29237	0.26032	0.05087	0.05370	0.01577	0.01075	0.00315	0.00686	0.01345	0.01148	0.01373
10	0.02968	0.02579	0.02851	0.06515	0.03128	0.15645	0.07223	0.09186	0.02754	0.12888	0.12072	0.03336	0.02994	0.01338	0.01340	0.00319	0.09769	0.01040	0.00777	0.01278
11	0.01584	0.00925	0.01225	0.01225	0.01238	0.00937	0.00775	0.01400	0.01387	0.01862	0.02426	0.04651	0.02629	0.31187	0.08392	0.34923	0.01036	0.01140	0.00516	0.00541
12	0.01419	0.01212	0.01349	0.01304	0.01602	0.01200	0.00991	0.01943	0.07834	0.02919	0.12459	0.13141	0.39018	0.02352	0.01345	0.00349	0.05771	0.01941	0.00909	0.00944
13	0.12257	0.02188	0.03713	0.02826	0.03458	0.02325	0.23226	0.03179	0.02134	0.12159	0.02158	0.02608	0.01630	0.01144	0.01517	0.00344	0.15398	0.00974	0.05485	0.01277
14	0.08948	0.22071	0.14401	0.02265	0.03070	0.28202	0.02129	0.03445	0.02359	0.02726	0.01531	0.01785	0.01261	0.00953	0.00809	0.00260	0.01437	0.00620	0.00480	0.01246
15	0.02903	0.51923	0.04686	0.01899	0.02676	0.16736	0.01755	0.03208	0.02205	0.02367	0.01421	0.01644	0.01280	0.00892	0.00698	0.00223	0.01230	0.00558	0.00446	0.01252
16	0.02980	0.03472	0.13633	0.03356	0.15381	0.17470	0.06226	0.08199	0.08255	0.08071	0.02224	0.02444	0.01675	0.01034	0.00976	0.00298	0.01355	0.00853	0.00645	0.01453
17	0.01643	0.01104	0.01374	0.01464	0.01669	0.01069	0.01035	0.02158	0.08616	0.07641	0.05605	0.46867	0.10498	0.02695	0.01210	0.00382	0.00620	0.02406	0.00963	0.00981
18	0.01263	0.00970	0.01164	0.01259	0.01467	0.00870	0.00920	0.01536	0.02219	0.02855	0.15050	0.29976	0.27167	0.02697	0.01230	0.00369	0.00563	0.06624	0.00950	0.00851
19	0.01247	0.00927	0.01167	0.01320	0.01462	0.00847	0.00928	0.01481	0.02095	0.02743	0.11658	0.44471	0.17629	0.02871	0.01249	0.00384	0.00570	0.05174	0.00942	0.00835
20	0.02394	0.01686	0.01805	0.01557	0.02016	0.01803	0.01227	0.17841	0.12240	0.04477	0.11340	0.04361	0.08134	0.01442	0.00944	0.00290	0.00704	0.01176	0.23313	0.01252
21	0.03602	0.02608	0.02819	0.02214	0.02969	0.02881	0.01812	0.43388	0.13788	0.09268	0.02784	0.02690	0.01982	0.01227	0.01001	0.00307	0.01027	0.00945	0.01015	0.01675
22	0.01609	0.01149	0.01737	0.01614	0.01868	0.01226	0.05686	0.02021	0.01834	0.02811	0.03036	0.09222	0.02797	0.04711	0.33258	0.00994	0.01767	0.01198	0.20532	0.00933
23	0.02564	0.01653	0.02220	0.01851	0.02361	0.01625	0.05892	0.11134	0.07415	0.15942	0.16712	0.14432	0.08312	0.01782	0.01113	0.00331	0.00800	0.01566	0.01014	0.01281
24	0.02590	0.58724	0.11405	0.01834	0.02758	0.03760	0.01930	0.03005	0.02035	0.02437	0.01432	0.01656	0.01277	0.00864	0.00674	0.00225	0.01112	0.00556	0.00426	0.01301
25	0.02590	0.16162	0.04053	0.04038	0.28372	0.06814	0.06777	0.03513	0.11906	0.03159	0.02143	0.02473	0.01747	0.00968	0.00927	0.00286	0.01173	0.00861	0.00573	0.01465
26	0.02134	0.01871	0.02396	0.02247	0.11721	0.01501	0.01493	0.02601	0.02101	0.03250	0.01789	0.02134	0.01494	0.00763	0.00780	0.00172	0.00812	0.00640	0.00574	0.59527
27	0.48410	0.06940	0.02025	0.01618	0.02209	0.15466	0.01306	0.03118	0.02028	0.03846	0.04207	0.01944	0.01547	0.00998	0.00709	0.00291	0.01007	0.00624	0.00604	0.01104
28	0.01238	0.00962	0.01126	0.01190	0.01410	0.00850	0.00853	0.01507	0.02257	0.02905	0.18202	0.28144	0.30526	0.02634	0.01210	0.00356	0.00523	0.02297	0.00960	0.00850
29	0.24307	0.21878	0.03189	0.19028	0.03637	0.08077	0.01832	0.02933	0.01985	0.03079	0.01511	0.01926	0.01231	0.00932	0.00758	0.00281	0.01115	0.00646	0.00499	0.01156
30	0.01411	0.01019	0.01333	0.01254	0.01489	0.00941	0.00941	0.01881	0.02822	0.03998	0.58221	0.07447	0.09406	0.02038	0.01176	0.00314	0.00470	0.01803	0.01097	0.00941
31	0.01588	0.00931	0.01384	0.01404	0.01466	0.00983	0.00993	0.01461	0.01448	0.01988	0.02356	0.08580	0.02393	0.04722	0.22001	0.42660	0.01420	0.01100	0.00508	0.00612
32	0.02665	0.65565	0.05224	0.01706	0.02559	0.03945	0.01706	0.02985	0.02026	0.02345	0.01386	0.01599	0.01279	0.00853	0.00640	0.00213	0.01066	0.00533	0.00426	0.01279
33	0.01689	0.01154	0.01455	0.01406	0.01692	0.01103	0.01075	0.02297	0.07264	0.07478	0.34212	0.14667	0.11773	0.02168	0.01181	0.00342	0.00581	0.06394	0.01047	0.01021
34	0.01883	0.01772	0.02990	0.62569	0.06866	0.02215	0.02769	0.02547	0.01993	0.02547	0.01772	0.02658	0.01329	0.00997	0.00997	0.00332	0.01329	0.00886	0.00443	0.01107
35	0.02831	0.02276	0.02441	0.02099	0.02712	0.02578	0.01680	0.20917	0.36504	0.04753	0.03619	0.03839	0.02810	0.01404	0.01035	0.00334	0.00896	0.04702	0.01002	0.01568
36	0.22930	0.02224	0.02036	0.01866	0.02320	0.14404	0.04632	0.02863	0.02185	0.07921	0.03071	0.18714	0.03093	0.01693	0.00980	0.00337	0.01019	0.05886	0.00745	0.01081
37	0.08481	0.02519	0.07519	0.02682	0.03496	0.02384	0.18862	0.12583	0.14493	0.07760	0.03143	0.03256	0.05834	0.01170	0.01036	0.00325	0.01160	0.01086	0.00780	0.01431
38	0.01466	0.01235	0.01832	0.01643	0.01931	0.01186	0.07048	0.01848	0.02366	0.03203	0.26255	0.20464	0.17581	0.02244	0.01318	0.00349	0.04187	0.01986	0.00917	0.00943
39	0.02471	0.01330	0.01727	0.01473	0.01903	0.01230	0.01156	0.06067	0.02946	0.20684	0.38581	0.05926	0.06861	0.01746	0.01113	0.00311	0.00622	0.01508	0.01132	0.01213
40	0.02343	0.02352	0.04136	0.11985	0.13765	0.02441	0.23775	0.03682	0.17867	0.03393	0.02541	0.02941	0.01935	0.01016	0.01073	0.00329	0.01293	0.01073	0.00639	0.01418
41	0.02779	0.02290	0.02423	0.02089	0.02707	0.02620	0.01650	0.16773	0.44982	0.04654	0.03677	0.03416	0.02735	0.01317	0.01010	0.00329	0.00859	0.01075	0.01010	0.01605
42	0.01223	0.00892	0.01152	0.01340	0.01438	0.00821	0.00909	0.01423	0.02003	0.02650	0.09228	0.55032	0.12233	0.02993	0.01257	0.00392	0.00564	0.02693	0.00936	0.00821
43	0.14925	0.06484	0.17750	0.02579	0.10406	0.02255	0.02230	0.09244	0.02467	0.13249	0.02138	0.02287	0.01546	0.00988	0.00874	0.00288	0.01075	0.00761	0.00683	0.07770
44	0.02661	0.02232	0.02356	0.02065	0.02661	0.02564	0.01622	0.12235	0.49713	0.04463	0.03827	0.03536	0.02857	0.01331	0.01012	0.00333	0.00832	0.01095	0.01012	0.01594
45	0.08668	0.09370	0.18340	0.02499	0.06896	0.02277	0.06010	0.06553	0.05830	0.16960	0.05189	0.02765	0.02110	0.01085	0.00939	0.00303	0.01106	0.00890	0.00746	0.01465
46	0.18991	0.02371	0.02486	0.02261	0.07297	0.06414	0.01676	0.18328	0.09082	0.17506	0.02610	0.02565	0.01849	0.01124	0.00907	0.00305	0.00988	0.00849	0.00893	0.01497
47	0.02496	0.02094	0.06965	0.01744	0.02593	0.01609	0.01528	0.06315	0.06285	0.11134	0.02491	0.02969	0.01989	0.01023	0.00868	0.00226	0.00852	0.03966	0.00740	0.42113
48	0.01604	0.01062	0.01395	0.01287	0.01556	0.00974	0.00974	0.02069	0.02824	0.07500	0.54791	0.07191	0.08968	0.01987	0.01165	0.00313	0.00494	0.01752	0.01106	0.00988
49	0.02381	0.02029	0.02181	0.02007	0.02533	0.02329	0.01581	0.04931	0.50756	0.04036	0.04196	0.04572	0.03348	0.01511	0.01055	0.00352	0.00804	0.06893	0.01003	0.01503
50	0.03790	0.02792	0.02992	0.02294	0.03091	0.03091	0.01895	0.55423	0.04687	0.06283	0.02393	0.02393	0.01695	0.01197	0.00997	0.00299	0.01097	0.00898	0.00997	0.01695
51	0.01213	0.01011	0.01058	0.01046	0.01368	0.00856	0.00785	0.01498	0.02354	0.02887	0.17270	0.09274	0.51050	0.02452	0.01178	0.00333	0.00500	0.02059	0.00951	0.00856
52	0.02117	0.15816	0.50170	0.02641	0.04005	0.02603	0.03334	0.03127	0.02091	0.03014	0.01718	0.02016	0.01266	0.00930	0.00893	0.00298	0.01401	0.00701	0.00422	0.01439
53	0.01321	0.01003	0.01217	0.01189	0.01441	0.00898	0.00882	0.01698	0.02572	0.03466	0.38667	0.12999	0.24446	0.02283	0.01185	0.00329	0.00490	0.01985	0.01029	0.00898
54	0.03130	0.02465	0.02621	0.02160	0.02840	0.02784	0.01735	0.30194	0.30989	0.05219	0.03231	0.03061	0.02374	0.01275	0.01006	0.00319	0.00942	0.01013	0.01006	0.01636
55	0.02185	0.10770	0.09392	0.01821	0.02425	0.01802	0.05915	0.02575	0.01941	0.08971	0.02500	0.03786	0.02310	0.21765	0.07644	0.00601	0.01210	0.01011	0.00612	0.10765
56	0.02537	0.48032	0.04141	0.01575	0.02271	0.06112	0.01490	0.02886	0.02080	0.02658	0.01812	0.02084	0.01566	0.00931	0.00665	0.00220	0.00968	0.00627	0.16150	0.01195
57	0.49653	0.02172	0.02883	0.02239	0.02981	0.02328	0.18424	0.03015	0.01907	0.04062	0.01590	0.01963	0.01219	0.00898	0.00796	0.00317	0.01063	0.00744	0.00581	0.01165
58	0.02140	0.02175	0.04111	0.33521	0.15816	0.02341	0.19624	0.02848	0.02159	0.02884	0.01869	0.02633	0.01434	0.00927	0.01053	0.00327	0.01415	0.00980	0.00472	0.01270
59	0.01726	0.01503	0.01883	0.01764	0.01896	0.04935	0.01356	0.01995	0.01738	0.02427	0.07411	0.04176	0.02979	0.15211	0.29660	0.01039	0.15688	0.01132	0.00574	0.00905
60	0.01298	0.01027	0.01184	0.01241	0.01519	0.00914	0.00968	0.01613	0.02314	0.02902	0.14725	0.14360	0.37075	0.02562	0.01226	0.00365	0.00591	0.12305	0.00946	0.00867
61	0.02240	0.01890	0.02047	0.01855	0.02345	0.02134	0.01435	0.04531	0.44804	0.04131	0.16208	0.04555	0.04471	0.01506	0.01051	0.00333	0.00717	0.01279	0.01033	0.01435
62	0.02589	0.02196	0.02316	0.02051	0.02634	0.02531	0.01604	0.09485	0.52579	0.04347	0.03918	0.03609	0.02931	0.01339	0.01013	0.00335	0.00815	0.01108	0.01013	0.01588
63	0.04302	0.01735	0.02308	0.01796	0.02549	0.01552	0.01475	0.04896	0.07497	0.54693	0.03944	0.03421	0.02517	0.01244	0.01004	0.00311	0.00843	0.01013	0.01215	0.01686
64	0.02452	0.46179	0.22739	0.02070	0.03122	0.03422	0.02340	0.03040	0.02051	0.02606	0.01515	0.01761	0.01274	0.00883	0.00738	0.00246	0.01197	0.00598	0.00425	0.01342
65	0.72007	0.01928	0.01465	0.01311	0.01928	0.02236	0.01080	0.02930	0.01697	0.04473	0.01388	0.01619	0.01080	0.00925	0.00617	0.00308	0.00771	0.00540	0.00617	0.01080
66	0.03035	0.02221	0.03123	0.03725	0.26391	0.02290	0.02205	0.16610	0.07449	0.12333	0.02482	0.02742	0.01877	0.01290	0.01258	0.06703	0.01050	0.00926	0.00769	0.01522
67	0.02427	0.09895	0.08302	0.02634	0.03290	0.09552	0.13857	0.03490	0.14677	0.03036	0.02327	0.02724	0.01874	0.01842	0.07987	0.00465	0.08780	0.00944	0.00602	0.01298
68	0.01391	0.01018	0.01305	0.01233	0.01477	0.00932	0.00925	0.01843	0.02775	0.03886	0.54090	0.07631	0.13607	0.02080	0.01176	0.00316	0.00473	0.01829	0.01083	0.00932
69	0.02104	0.10629	0.02932	0.31613	0.04585	0.02409	0.02123	0.03293	0.17671	0.02982	0.02691	0.08112	0.02264	0.01261	0.00976	0.00324	0.01074	0.01073	0.00645	0.01240
70	0.01408	0.00966	0.01099	0.01111	0.01157	0.00943	0.00659	0.01468	0.01630	0.02158	0.07021	0.10857	0.08860	0.51739	0.04254	0.00836	0.00872	0.01622	0.00682	0.00658
71	0.01672	0.01147	0.01594	0.09803	0.02093	0.01283	0.01131	0.01630	0.01478	0.01987	0.02298	0.04385	0.02441	0.29021	0.03940	0.25494	0.06323	0.01116	0.00507	0.00655
72	0.02682	0.52919	0.11458	0.01918	0.02814	0.08914	0.01959	0.03096	0.02107	0.02450	0.01448	0.01677	0.01278	0.00880	0.00699	0.00229	0.01180	0.00567	0.00434	0.01291
73	0.14720	0.01539	0.01825	0.01565	0.02096	0.01502	0.01238	0.03547	0.07441	0.26924	0.15197	0.10881	0.04223	0.01577	0.01006	0.00323	0.00719	0.01312	0.01046	0.01321
74	0.17688	0.02256	0.07321	0.02131	0.02871	0.02085	0.07716	0.08475	0.10663	0.17870	0.03015	0.03593	0.02316	0.01270	0.00976	0.00331	0.00999	0.06147	0.00866	0.01410
75	0.03104	0.07990	0.02836	0.07168	0.03130	0.09282	0.01802	0.17942	0.23039	0.08985	0.02901	0.02852	0.02143	0.01192	0.00962	0.00305	0.01059	0.00930	0.00874	0.01506
76	0.01334	0.00918	0.01121	0.01235	0.01263	0.00890	0.00762	0.01419	0.01675	0.02233	0.04295	0.34859	0.05080	0.34643	0.03210	0.00691	0.00776	0.02128	0.00762	0.00705
77	0.02859	0.11452	0.08406	0.11897	0.03976	0.05984	0.11336	0.14108	0.08377	0.08492	0.02296	0.02540	0.01694	0.01045	0.00971	0.00303	0.01248	0.00898	0.00693	0.01424
78	0.01921	0.02070	0.07855	0.02708	0.09287	0.01654	0.13958	0.02474	0.02188	0.03132	0.07544	0.16972	0.03331	0.01454	0.01045	0.00295	0.01009	0.01390	0.00665	0.19048
79	0.01738	0.01193	0.01626	0.01793	0.06566	0.01111	0.01247	0.02140	0.02497	0.08159	0.26632	0.14970	0.14063	0.02194	0.01190	0.00350	0.00655	0.09871	0.00982	0.01026
80	0.02333	0.02468	0.07894	0.10270	0.41414	0.02290	0.08859	0.02945	0.02193	0.03101	0.01869	0.02513	0.01536	0.01032	0.01160	0.04033	0.01256	0.00909	0.00482	0.01444
81	0.02576	0.02571	0.07384	0.03573	0.15578	0.02448	0.17406	0.13566	0.11299	0.04026	0.07058	0.03104	0.02444	0.01107	0.01061	0.00317	0.01207	0.01077	0.00722	0.01474
82	0.01952	0.01694	0.02565	0.05356	0.02510	0.02098	0.06432	0.02062	0.01560	0.02245	0.01806	0.03186	0.01819	0.12737	0.03413	0.16926	0.29294	0.00997	0.00470	0.00879

[dist]
# distance from previous block
# <min> <max>
0	1

[block]
# block no. 4 follows, 15 sequences, length 34
# corresponding to MSA columns:
# 1645,1646,1648-1679
name=unknown_E
#
# <colnr> <probs for GDERKNQSTAVLIFYWHMCP>
#	G	D	E	R	K	N	Q	S	T	A	V	L	I	F	Y	W	H	M	C	P
0	0.02271	0.02211	0.07292	0.06643	0.17490	0.02055	0.02056	0.06808	0.15693	0.03667	0.06023	0.06423	0.02691	0.01225	0.00972	0.00298	0.00944	0.01066	0.05629	0.08545
1	0.02077	0.01926	0.09511	0.02081	0.02591	0.01550	0.05336	0.07836	0.02490	0.07602	0.04252	0.17967	0.04374	0.02186	0.01221	0.00394	0.00990	0.23619	0.00860	0.01137
2	0.24233	0.02304	0.07990	0.02097	0.07120	0.02058	0.01684	0.06206	0.09510	0.11236	0.02282	0.02375	0.01689	0.01000	0.00827	0.00281	0.00899	0.00755	0.00735	0.14719
3	0.02152	0.01296	0.01876	0.01723	0.02016	0.01442	0.01370	0.02503	0.01869	0.14795	0.02835	0.03660	0.02390	0.05645	0.43194	0.01224	0.07211	0.01038	0.00679	0.01083
4	0.02558	0.03440	0.20404	0.02216	0.03162	0.11644	0.02193	0.11840	0.02637	0.03560	0.02064	0.05751	0.01716	0.01069	0.00905	0.00259	0.01193	0.00829	0.00613	0.21948
5	0.02243	0.01256	0.01646	0.01471	0.01855	0.01167	0.01158	0.02812	0.05563	0.17714	0.37617	0.06557	0.07054	0.01861	0.01141	0.00325	0.00617	0.05669	0.01112	0.01159
6	0.01999	0.05157	0.59800	0.02841	0.04315	0.02315	0.03683	0.03157	0.02105	0.03157	0.01789	0.02105	0.01263	0.00947	0.00947	0.00316	0.01473	0.00737	0.00421	0.01473
7	0.03968	0.02507	0.02815	0.02158	0.02949	0.02667	0.01783	0.42236	0.04209	0.20145	0.02795	0.02654	0.01897	0.01206	0.00999	0.00302	0.01032	0.00925	0.01059	0.01696
8	0.04473	0.01697	0.02313	0.01774	0.02545	0.01465	0.01465	0.04858	0.02853	0.59437	0.03933	0.03393	0.02468	0.01234	0.01003	0.00308	0.00848	0.01003	0.01234	0.01697
9	0.03860	0.02680	0.02922	0.02240	0.03035	0.02925	0.01851	0.50241	0.04499	0.11730	0.02551	0.02496	0.01774	0.01201	0.00998	0.00300	0.01071	0.00908	0.01022	0.01695
10	0.01413	0.01018	0.01375	0.01363	0.01514	0.01059	0.00987	0.01717	0.01984	0.02792	0.21004	0.09298	0.05236	0.18012	0.25708	0.00972	0.01456	0.01498	0.00756	0.00839
11	0.02659	0.01295	0.01458	0.01263	0.01677	0.01272	0.00996	0.08283	0.02530	0.16875	0.03323	0.03508	0.02448	0.01182	0.00798	0.00257	0.00617	0.00943	0.47432	0.01184
12	0.02191	0.01455	0.01800	0.01482	0.02074	0.01192	0.01167	0.02532	0.02211	0.11929	0.07028	0.10317	0.07483	0.01611	0.01140	0.04548	0.00726	0.05294	0.00802	0.33018
13	0.02818	0.09183	0.14668	0.03559	0.21326	0.02238	0.06798	0.03456	0.02390	0.16802	0.05277	0.02811	0.02107	0.01036	0.00973	0.00299	0.01150	0.00921	0.00685	0.01503
14	0.02265	0.02502	0.07856	0.17375	0.24209	0.06927	0.02610	0.02783	0.02048	0.02774	0.01828	0.02712	0.01596	0.06303	0.01690	0.00381	0.11493	0.00899	0.00477	0.01270
15	0.34040	0.07146	0.06234	0.18502	0.11019	0.02387	0.02011	0.02864	0.01904	0.03544	0.01581	0.02040	0.01240	0.00935	0.00791	0.00306	0.01044	0.00691	0.00526	0.01194
16	0.02174	0.02048	0.03454	0.26005	0.35625	0.02201	0.02789	0.02783	0.02214	0.03060	0.06261	0.02927	0.02104	0.01017	0.01005	0.00310	0.01180	0.00959	0.00523	0.01360
17	0.01426	0.00956	0.01094	0.01118	0.01124	0.00950	0.00637	0.01443	0.01497	0.01996	0.03382	0.12446	0.03929	0.58628	0.04684	0.00909	0.00927	0.01592	0.00637	0.00625
18	0.01646	0.01071	0.01408	0.01294	0.01570	0.00981	0.00981	0.02109	0.02824	0.08246	0.54060	0.07136	0.08875	0.01976	0.01163	0.00313	0.00499	0.01742	0.01108	0.00999
19	0.03919	0.01606	0.02090	0.01658	0.02329	0.01452	0.01352	0.04488	0.06530	0.46739	0.03834	0.03467	0.02522	0.01231	0.00955	0.00298	0.00783	0.01000	0.12180	0.01567
20	0.72007	0.01928	0.01465	0.01311	0.01928	0.02236	0.01080	0.02930	0.01697	0.04473	0.01388	0.01619	0.01080	0.00925	0.00617	0.00308	0.00771	0.00540	0.00617	0.01080
21	0.72007	0.01928	0.01465	0.01311	0.01928	0.02236	0.01080	0.02930	0.01697	0.04473	0.01388	0.01619	0.01080	0.00925	0.00617	0.00308	0.00771	0.00540	0.00617	0.01080
22	0.12545	0.03242	0.21350	0.02315	0.03295	0.02418	0.05116	0.15465	0.10456	0.04225	0.02205	0.02359	0.01625	0.01033	0.00912	0.00298	0.01125	0.00810	0.00689	0.08518
