[name]
unknown

[dist]
# distance from previous block
# <min> <max>
0	132

[block]
# block no. 0 follows, 13 sequences, length 37
# corresponding to MSA columns:
# 157-193
name=unknown_A
#
# <colnr> <probs for GDERKNQSTAVLIFYWHMCP>
#	G	D	E	R	K	N	Q	S	T	A	V	L	I	F	Y	W	H	M	C	P
0	0.02409	0.01966	0.06220	0.01758	0.02321	0.01725	0.01489	0.15880	0.03143	0.08827	0.11394	0.15342	0.19026	0.02094	0.01179	0.00351	0.00827	0.01763	0.01009	0.01276
1	0.01453	0.01001	0.01220	0.01283	0.01344	0.00968	0.00807	0.01594	0.01933	0.02619	0.12863	0.24398	0.05856	0.34040	0.03427	0.00723	0.00808	0.02060	0.00835	0.00769
2	0.07112	0.01167	0.01422	0.01425	0.01703	0.01096	0.01042	0.02158	0.02432	0.09311	0.19791	0.29832	0.12497	0.02514	0.01223	0.00375	0.00620	0.02207	0.01043	0.01028
3	0.01457	0.00991	0.01177	0.01256	0.01276	0.00971	0.00750	0.01517	0.01694	0.02259	0.04136	0.24715	0.04859	0.43662	0.04082	0.00833	0.00892	0.02011	0.00750	0.00711
4	0.04290	0.02527	0.02904	0.02227	0.03062	0.02634	0.01839	0.34946	0.04244	0.25465	0.03149	0.02935	0.02104	0.01284	0.01060	0.00321	0.01065	0.00994	0.01151	0.01799
5	0.04744	0.01799	0.02454	0.01881	0.02699	0.01554	0.01554	0.05153	0.03026	0.56979	0.04171	0.03599	0.02617	0.01309	0.01063	0.00327	0.00900	0.01063	0.01309	0.01799
6	0.02079	0.01139	0.01481	0.01500	0.01751	0.01032	0.01064	0.02304	0.02239	0.14781	0.05667	0.39623	0.10036	0.08061	0.01633	0.00453	0.00707	0.02374	0.01025	0.01053
7	0.02192	0.01879	0.02192	0.01566	0.02506	0.01409	0.01253	0.02662	0.02192	0.03445	0.01879	0.02192	0.01566	0.00783	0.00783	0.00157	0.00783	0.00626	0.00626	0.69305
8	0.01394	0.01061	0.01183	0.01161	0.01391	0.00957	0.00809	0.01647	0.02319	0.02992	0.20346	0.08679	0.29475	0.19252	0.02396	0.00536	0.00662	0.01956	0.00934	0.00850
9	0.02179	0.01500	0.01807	0.01626	0.02037	0.01525	0.01252	0.03379	0.17652	0.10126	0.35323	0.06294	0.07236	0.01860	0.01178	0.00339	0.00640	0.01614	0.01155	0.01279
10	0.09128	0.01465	0.01877	0.01672	0.02169	0.01344	0.01286	0.03480	0.02512	0.30368	0.04604	0.27166	0.04261	0.02092	0.01143	0.00369	0.00776	0.01807	0.01118	0.01360
11	0.01346	0.00965	0.01279	0.01433	0.01546	0.00897	0.00986	0.01617	0.02293	0.03127	0.19675	0.47085	0.07822	0.02993	0.01321	0.00402	0.00582	0.02702	0.01032	0.00897
12	0.02593	0.02433	0.03459	0.02792	0.03520	0.02642	0.15763	0.04999	0.39939	0.04135	0.03702	0.03641	0.02777	0.01284	0.01124	0.00358	0.01099	0.01210	0.00926	0.01605
13	0.03626	0.01511	0.02010	0.01670	0.02259	0.01336	0.01327	0.04017	0.02775	0.38195	0.08498	0.13103	0.03902	0.01681	0.01085	0.00334	0.00776	0.01425	0.08974	0.01495
14	0.01303	0.00974	0.01212	0.01362	0.01514	0.00883	0.00942	0.01543	0.02226	0.02912	0.12687	0.43771	0.18758	0.03032	0.01314	0.00401	0.00582	0.02699	0.01002	0.00883
15	0.04220	0.02639	0.02973	0.02280	0.03118	0.02800	0.01883	0.39510	0.04431	0.20637	0.02992	0.02833	0.02026	0.01280	0.01059	0.00320	0.01090	0.00983	0.01127	0.01798
16	0.02761	0.19607	0.04555	0.04947	0.37960	0.06596	0.02769	0.03286	0.02374	0.03130	0.01822	0.02315	0.01566	0.00941	0.00938	0.00287	0.01263	0.00821	0.00505	0.01558
17	0.03694	0.02800	0.02990	0.02367	0.03155	0.03127	0.01931	0.41701	0.16521	0.06139	0.02951	0.02867	0.02133	0.01308	0.01062	0.00327	0.01087	0.01009	0.01062	0.01769
18	0.03173	0.26612	0.08511	0.02914	0.12011	0.03438	0.02286	0.21332	0.03231	0.04245	0.01981	0.02200	0.01570	0.01052	0.00904	0.00283	0.01197	0.00787	0.00685	0.01588
19	0.01420	0.00997	0.01273	0.01368	0.01449	0.00974	0.00904	0.01610	0.01987	0.02705	0.12408	0.30928	0.06053	0.22723	0.07677	0.00718	0.00924	0.02200	0.00863	0.00817
20	0.70310	0.02045	0.01554	0.01390	0.02045	0.02372	0.01145	0.03108	0.01799	0.04744	0.01472	0.01718	0.01145	0.00981	0.00654	0.00327	0.00818	0.00573	0.00654	0.01145
21	0.02864	0.09598	0.08462	0.09577	0.29989	0.02549	0.06165	0.03498	0.02439	0.11473	0.02257	0.02665	0.01728	0.01006	0.01018	0.00314	0.01261	0.00925	0.00626	0.01587
22	0.15691	0.12888	0.08211	0.08435	0.13172	0.02843	0.13383	0.07184	0.02434	0.03711	0.01863	0.02324	0.01465	0.00973	0.00953	0.00316	0.01296	0.00864	0.00572	0.01422
23	0.01348	0.00966	0.01280	0.01432	0.01547	0.00898	0.00986	0.01622	0.02301	0.03139	0.20060	0.46666	0.07845	0.02984	0.01320	0.00402	0.00581	0.02694	0.01034	0.00898
24	0.02292	0.02338	0.08600	0.09683	0.04293	0.02031	0.22051	0.03000	0.02418	0.07380	0.03382	0.09754	0.03157	0.01639	0.01250	0.00389	0.01362	0.12976	0.00722	0.01283
25	0.03037	0.03196	0.20666	0.09699	0.12589	0.02196	0.07962	0.03824	0.02520	0.19918	0.02639	0.02845	0.01824	0.01083	0.01060	0.00333	0.01314	0.00960	0.00738	0.01597
26	0.08452	0.09999	0.04281	0.07387	0.04165	0.17245	0.18759	0.10684	0.02862	0.03615	0.01921	0.02344	0.01492	0.01018	0.01020	0.00312	0.01548	0.00907	0.00609	0.01380
27	0.01672	0.01070	0.01317	0.01390	0.01633	0.00949	0.00990	0.01909	0.02263	0.08973	0.07211	0.38692	0.22222	0.02878	0.01285	0.00394	0.00621	0.02534	0.01019	0.00978
28	0.02240	0.13396	0.30856	0.09169	0.04085	0.06281	0.02942	0.03064	0.02252	0.03019	0.02397	0.08107	0.02157	0.01328	0.01016	0.00334	0.01379	0.04076	0.00538	0.01363
29	0.03541	0.12306	0.11798	0.07004	0.09509	0.02374	0.02283	0.06711	0.02728	0.27053	0.02878	0.02856	0.01975	0.01134	0.00990	0.00312	0.01133	0.00911	0.00872	0.01631
30	0.02774	0.02846	0.08115	0.19271	0.14606	0.08598	0.15062	0.03468	0.02473	0.09268	0.02201	0.02735	0.01634	0.01024	0.01088	0.00333	0.01482	0.00990	0.00598	0.01435
31	0.02038	0.01854	0.03056	0.22395	0.24853	0.01988	0.02499	0.02564	0.02204	0.02996	0.03049	0.19675	0.03107	0.01656	0.01136	0.00359	0.01122	0.01530	0.00637	0.01281
32	0.02386	0.02411	0.08626	0.01828	0.02829	0.01736	0.01641	0.08278	0.02504	0.03790	0.01954	0.02235	0.01566	0.00862	0.00839	0.00195	0.00914	0.00680	0.00653	0.54072
33	0.02948	0.03216	0.24832	0.02447	0.03458	0.01880	0.05847	0.03685	0.02500	0.22484	0.03386	0.12777	0.02760	0.01492	0.01100	0.00349	0.01181	0.01286	0.00851	0.01521
34	0.01489	0.08116	0.01774	0.01536	0.01708	0.01291	0.01114	0.01712	0.02003	0.02648	0.04997	0.48805	0.05866	0.03547	0.07611	0.00547	0.00918	0.02519	0.00875	0.00925
35	0.02236	0.11852	0.22687	0.15639	0.10474	0.02586	0.08147	0.03066	0.02303	0.03176	0.06204	0.02848	0.02118	0.01076	0.01020	0.00323	0.01372	0.00943	0.00528	0.01403
36	0.11553	0.01905	0.02648	0.13312	0.08207	0.01883	0.01918	0.04285	0.02658	0.35983	0.03235	0.03149	0.02136	0.01191	0.01014	0.00331	0.01018	0.00973	0.01005	0.01595

[dist]
# distance from previous block
# <min> <max>
0	4

[block]
# block no. 1 follows, 13 sequences, length 12
# corresponding to MSA columns:
# 198-209
name=unknown_B
#
# <colnr> <probs for GDERKNQSTAVLIFYWHMCP>
#	G	D	E	R	K	N	Q	S	T	A	V	L	I	F	Y	W	H	M	C	P
0	0.08755	0.03591	0.25507	0.03537	0.14063	0.02330	0.09834	0.03630	0.02404	0.12943	0.02311	0.02587	0.01648	0.01028	0.01026	0.00332	0.01352	0.00908	0.00644	0.01570
1	0.03576	0.02305	0.08781	0.15615	0.10774	0.01951	0.02333	0.04167	0.02658	0.32238	0.03135	0.03152	0.02089	0.01173	0.01053	0.00332	0.01131	0.00990	0.00928	0.01619
2	0.03063	0.13659	0.25551	0.02654	0.03815	0.02628	0.08079	0.08219	0.02681	0.16051	0.02443	0.02558	0.01711	0.01071	0.00996	0.00316	0.01324	0.00878	0.00714	0.01591
3	0.08955	0.02477	0.08571	0.16797	0.08007	0.02234	0.14700	0.03668	0.02458	0.17951	0.02541	0.02876	0.01774	0.01066	0.01065	0.00340	0.01314	0.01003	0.00732	0.01471
4	0.02177	0.01801	0.02827	0.17647	0.07203	0.01894	0.08361	0.03053	0.09269	0.07435	0.10966	0.10464	0.09121	0.01642	0.01159	0.00355	0.01040	0.01496	0.00823	0.01267
5	0.02133	0.04087	0.35653	0.20640	0.10619	0.02429	0.03547	0.03143	0.02214	0.03164	0.01901	0.02448	0.01394	0.01014	0.01025	0.00338	0.01485	0.00845	0.00461	0.01457
6	0.02847	0.02207	0.03428	0.20327	0.10266	0.05775	0.10791	0.03452	0.02555	0.15331	0.06335	0.03832	0.02616	0.01267	0.01121	0.00345	0.01284	0.04069	0.00760	0.01392
7	0.02555	0.03320	0.25709	0.08499	0.04089	0.02034	0.07892	0.03372	0.02404	0.13844	0.03054	0.08913	0.02559	0.01437	0.01118	0.00359	0.01300	0.05375	0.00724	0.01440
8	0.02048	0.01950	0.02988	0.30779	0.04846	0.02546	0.02474	0.02505	0.01905	0.02638	0.02108	0.09025	0.02004	0.01620	0.02060	0.00405	0.25284	0.01157	0.00522	0.01133
9	0.03582	0.02689	0.13599	0.06133	0.03729	0.02056	0.08996	0.04218	0.02638	0.31953	0.03107	0.03090	0.02067	0.01220	0.01260	0.00345	0.05765	0.01016	0.00922	0.01616
10	0.03114	0.02999	0.20080	0.06235	0.03685	0.01988	0.05735	0.04011	0.06513	0.23998	0.03320	0.08264	0.02498	0.01354	0.01083	0.00345	0.01172	0.01160	0.00881	0.01566
11	0.04473	0.02178	0.08126	0.01998	0.02893	0.01647	0.01797	0.04966	0.02944	0.51439	0.03936	0.03458	0.02485	0.01277	0.01057	0.00328	0.00968	0.01034	0.01220	0.01775

[dist]
# distance from previous block
# <min> <max>
2	3

[block]
# block no. 2 follows, 13 sequences, length 15
# corresponding to MSA columns:
# 213-227
name=unknown_C
#
# <colnr> <probs for GDERKNQSTAVLIFYWHMCP>
#	G	D	E	R	K	N	Q	S	T	A	V	L	I	F	Y	W	H	M	C	P
0	0.02234	0.02104	0.06752	0.17082	0.04377	0.01964	0.15581	0.02845	0.02261	0.07285	0.03030	0.05133	0.02778	0.11335	0.01875	0.00483	0.01339	0.09675	0.00671	0.01195
1	0.03538	0.02676	0.02915	0.02204	0.03075	0.02786	0.01810	0.39530	0.04239	0.05815	0.02365	0.02447	0.01737	0.01141	0.00985	0.00275	0.01063	0.00866	0.00944	0.19586
2	0.02890	0.02017	0.02779	0.02527	0.08085	0.01889	0.05549	0.11467	0.02881	0.13538	0.03271	0.07776	0.02864	0.01480	0.01084	0.00315	0.01010	0.08812	0.00882	0.18883
3	0.01726	0.01104	0.01579	0.01569	0.01609	0.01219	0.01114	0.01606	0.01565	0.02157	0.02676	0.12534	0.02863	0.08743	0.12541	0.35512	0.07311	0.01320	0.00571	0.00684
4	0.01519	0.01098	0.01525	0.01525	0.01653	0.01227	0.01104	0.01776	0.01648	0.02325	0.02992	0.05038	0.03027	0.25492	0.41614	0.01484	0.02254	0.01262	0.00590	0.00847
5	0.70310	0.02045	0.01554	0.01390	0.02045	0.02372	0.01145	0.03108	0.01799	0.04744	0.01472	0.01718	0.01145	0.00981	0.00654	0.00327	0.00818	0.00573	0.00654	0.01145
6	0.03314	0.02463	0.10558	0.02700	0.11560	0.01798	0.02081	0.03893	0.02580	0.25744	0.02855	0.02853	0.01989	0.01060	0.00974	0.00279	0.01020	0.00882	0.00868	0.20531
7	0.09576	0.08004	0.18412	0.06502	0.03635	0.06969	0.02420	0.11195	0.08075	0.11583	0.02469	0.02575	0.01773	0.01132	0.00970	0.00321	0.01246	0.00856	0.00755	0.01533
8	0.01997	0.01879	0.03171	0.60301	0.07282	0.02349	0.02936	0.02701	0.02114	0.02701	0.01879	0.02819	0.01409	0.01057	0.01057	0.00352	0.01409	0.00940	0.00470	0.01175
9	0.13041	0.01787	0.02196	0.14912	0.03383	0.01718	0.01582	0.02643	0.02231	0.03604	0.09864	0.03112	0.02721	0.01084	0.00894	0.00255	0.00889	0.00882	0.00676	0.32526
10	0.02168	0.02093	0.03725	0.26239	0.21582	0.02238	0.10489	0.02804	0.02253	0.03045	0.02519	0.11242	0.02322	0.01317	0.01125	0.00352	0.01306	0.01284	0.00570	0.01326
11	0.01541	0.00946	0.01260	0.01359	0.01384	0.00921	0.00874	0.01456	0.01678	0.02237	0.03816	0.27822	0.04413	0.18419	0.03329	0.24430	0.00823	0.01913	0.00715	0.00665
12	0.01719	0.01353	0.01692	0.01587	0.02030	0.01138	0.01207	0.02066	0.02158	0.03074	0.04204	0.29957	0.04666	0.02233	0.01140	0.00329	0.00740	0.09497	0.00838	0.28373
13	0.46056	0.01978	0.01809	0.01484	0.02229	0.02040	0.01213	0.03187	0.02021	0.09425	0.01839	0.02024	0.01398	0.00961	0.00728	0.00282	0.00817	0.00634	0.00710	0.19168
14	0.02628	0.17391	0.03202	0.11166	0.03319	0.02373	0.01714	0.06722	0.02476	0.08428	0.02759	0.02975	0.05987	0.01098	0.00886	0.00250	0.00992	0.00858	0.00684	0.24093

[dist]
# distance from previous block
# <min> <max>
3	21

[block]
# block no. 3 follows, 13 sequences, length 21
# corresponding to MSA columns:
# 249-269
name=unknown_D
#
# <colnr> <probs for GDERKNQSTAVLIFYWHMCP>
#	G	D	E	R	K	N	Q	S	T	A	V	L	I	F	Y	W	H	M	C	P
0	0.02961	0.01932	0.02584	0.01883	0.02798	0.01550	0.05328	0.03446	0.02460	0.19079	0.02569	0.02655	0.01876	0.00945	0.00901	0.00222	0.00895	0.00802	0.00819	0.44294
1	0.03396	0.02603	0.10665	0.02431	0.03421	0.01990	0.09948	0.08607	0.02835	0.24520	0.02876	0.02882	0.01971	0.01081	0.01023	0.00295	0.01131	0.00947	0.00893	0.16485
2	0.02140	0.02059	0.02906	0.02544	0.02584	0.02825	0.02099	0.02403	0.01637	0.02525	0.01700	0.02710	0.01659	0.03162	0.15377	0.00729	0.48376	0.00970	0.00485	0.01111
3	0.01288	0.00920	0.01227	0.01472	0.01534	0.00859	0.00981	0.01472	0.02024	0.02699	0.05828	0.62152	0.06993	0.03312	0.01350	0.00429	0.00613	0.03006	0.00981	0.00859
4	0.02589	0.23944	0.03583	0.13249	0.03510	0.07299	0.01906	0.07265	0.09943	0.03195	0.03067	0.07499	0.06123	0.01367	0.00954	0.00306	0.01123	0.01076	0.00680	0.01321
5	0.70310	0.02045	0.01554	0.01390	0.02045	0.02372	0.01145	0.03108	0.01799	0.04744	0.01472	0.01718	0.01145	0.00981	0.00654	0.00327	0.00818	0.00573	0.00654	0.01145
6	0.11122	0.02919	0.15123	0.02206	0.03063	0.02369	0.02106	0.10621	0.18195	0.12322	0.02992	0.02994	0.02167	0.01384	0.01202	0.04788	0.01061	0.00954	0.00872	0.01541
7	0.02022	0.01475	0.05867	0.01617	0.01987	0.01136	0.01306	0.02384	0.02403	0.13047	0.13214	0.34462	0.09808	0.02537	0.01246	0.00383	0.00717	0.02247	0.01028	0.01112
8	0.03504	0.01663	0.02097	0.01621	0.02361	0.01404	0.01313	0.03946	0.02640	0.31968	0.03401	0.03279	0.02346	0.01149	0.00923	0.00265	0.00789	0.00928	0.14209	0.20194
9	0.70310	0.02045	0.01554	0.01390	0.02045	0.02372	0.01145	0.03108	0.01799	0.04744	0.01472	0.01718	0.01145	0.00981	0.00654	0.00327	0.00818	0.00573	0.00654	0.01145
10	0.02827	0.63478	0.05540	0.01809	0.02714	0.04184	0.01809	0.03166	0.02148	0.02488	0.01470	0.01696	0.01357	0.00905	0.00678	0.00226	0.01131	0.00565	0.00452	0.01357
11	0.03128	0.01604	0.02212	0.05655	0.02675	0.01613	0.01556	0.07187	0.02642	0.26495	0.07231	0.03981	0.03029	0.03688	0.21392	0.00813	0.01605	0.01134	0.00962	0.01397
12	0.55949	0.02092	0.02109	0.01742	0.02455	0.02302	0.06076	0.03381	0.02014	0.10911	0.01861	0.02052	0.01366	0.01012	0.00760	0.00330	0.00920	0.00696	0.00722	0.01251
13	0.01580	0.01022	0.01254	0.01254	0.01276	0.01044	0.00766	0.01555	0.01532	0.02066	0.03041	0.06014	0.03390	0.47094	0.11610	0.11630	0.01226	0.01393	0.00604	0.00649
14	0.02827	0.63478	0.05540	0.01809	0.02714	0.04184	0.01809	0.03166	0.02148	0.02488	0.01470	0.01696	0.01357	0.00905	0.00678	0.00226	0.01131	0.00565	0.00452	0.01357
15	0.02192	0.01879	0.02192	0.01566	0.02506	0.01409	0.01253	0.02662	0.02192	0.03445	0.01879	0.02192	0.01566	0.00783	0.00783	0.00157	0.00783	0.00626	0.00626	0.69305
16	0.01821	0.01056	0.01416	0.01535	0.01713	0.00966	0.01070	0.02040	0.02179	0.11073	0.05572	0.53118	0.06318	0.03003	0.01305	0.00414	0.00658	0.02706	0.01032	0.01004
17	0.40900	0.02605	0.06856	0.11465	0.03596	0.06565	0.07895	0.03177	0.02056	0.03983	0.01663	0.02086	0.01274	0.00993	0.00840	0.00331	0.01168	0.00737	0.00586	0.01222
18	0.01288	0.00920	0.01227	0.01472	0.01534	0.00859	0.00981	0.01472	0.02024	0.02699	0.05828	0.62152	0.06993	0.03312	0.01350	0.00429	0.00613	0.03006	0.00981	0.00859
19	0.32721	0.02192	0.02245	0.01807	0.02561	0.02332	0.01491	0.16030	0.02980	0.22113	0.02609	0.02529	0.01783	0.01158	0.00886	0.00325	0.00930	0.00825	0.00966	0.01518
20	0.02891	0.08140	0.04049	0.16869	0.22700	0.02561	0.08634	0.06605	0.02585	0.11375	0.02294	0.02744	0.01725	0.01034	0.01041	0.00322	0.01283	0.00961	0.00658	0.01529

[dist]
# distance from previous block
# <min> <max>
0	3

[block]
# block no. 4 follows, 13 sequences, length 34
# corresponding to MSA columns:
# 273-306
name=unknown_E
#
# <colnr> <probs for GDERKNQSTAVLIFYWHMCP>
#	G	D	E	R	K	N	Q	S	T	A	V	L	I	F	Y	W	H	M	C	P
0	0.12833	0.13684	0.19293	0.02165	0.03175	0.02507	0.02256	0.04021	0.07666	0.18629	0.02647	0.02624	0.01866	0.01113	0.00921	0.00315	0.01120	0.00835	0.00784	0.01545
1	0.03332	0.15605	0.03805	0.03438	0.19805	0.02789	0.02225	0.11106	0.08129	0.15492	0.02668	0.02755	0.01987	0.01112	0.00975	0.00303	0.01095	0.00914	0.00813	0.01651
2	0.01472	0.01055	0.01362	0.06484	0.01853	0.01071	0.00987	0.01612	0.01795	0.02383	0.04265	0.30042	0.04969	0.32105	0.03287	0.00713	0.00884	0.02109	0.00771	0.00780
3	0.07700	0.16212	0.11108	0.07177	0.03378	0.02634	0.02074	0.08757	0.06350	0.15690	0.02520	0.02588	0.01824	0.01094	0.00919	0.00296	0.01099	0.00831	0.00779	0.06971
4	0.02089	0.02017	0.03540	0.51108	0.10739	0.02391	0.07577	0.02806	0.02171	0.02821	0.01912	0.02807	0.01447	0.01033	0.01074	0.00350	0.01433	0.00969	0.00480	0.01235
5	0.06930	0.01768	0.01982	0.01886	0.02145	0.06690	0.01472	0.05649	0.02103	0.02967	0.02938	0.08471	0.02920	0.09380	0.27019	0.01015	0.07934	0.05033	0.00662	0.01035
6	0.01762	0.01501	0.02403	0.23230	0.03929	0.01655	0.05487	0.02273	0.02268	0.03078	0.18176	0.05122	0.04480	0.12012	0.07667	0.00592	0.01250	0.01366	0.00718	0.01031
7	0.02121	0.05469	0.57364	0.03014	0.04576	0.02455	0.03906	0.03348	0.02232	0.03348	0.01897	0.02232	0.01339	0.01005	0.01005	0.00335	0.01563	0.00781	0.00446	0.01563
8	0.02415	0.01219	0.01621	0.01560	0.01868	0.01104	0.01131	0.02677	0.02371	0.19828	0.09023	0.34288	0.05559	0.08148	0.01628	0.00445	0.00733	0.02171	0.01067	0.01145
9	0.02121	0.05469	0.57364	0.03014	0.04576	0.02455	0.03906	0.03348	0.02232	0.03348	0.01897	0.02232	0.01339	0.01005	0.01005	0.00335	0.01563	0.00781	0.00446	0.01563
10	0.01288	0.00920	0.01227	0.01472	0.01534	0.00859	0.00981	0.01472	0.02024	0.02699	0.05828	0.62152	0.06993	0.03312	0.01350	0.00429	0.00613	0.03006	0.00981	0.00859
11	0.01309	0.00936	0.01246	0.01458	0.01538	0.00873	0.00983	0.01525	0.02123	0.02855	0.10886	0.56647	0.07296	0.03196	0.01339	0.00420	0.00602	0.02895	0.01000	0.00873
12	0.02313	0.02313	0.03238	0.02776	0.02776	0.03238	0.02313	0.02545	0.01619	0.02545	0.01388	0.02313	0.01388	0.01851	0.03470	0.00463	0.60907	0.00925	0.00463	0.01157
13	0.19451	0.01854	0.02252	0.01771	0.02552	0.01737	0.01462	0.04694	0.02751	0.45262	0.03566	0.03177	0.02287	0.01235	0.00972	0.00327	0.00881	0.00953	0.01162	0.01653
14	0.01997	0.01879	0.03171	0.60301	0.07282	0.02349	0.02936	0.02701	0.02114	0.02701	0.01879	0.02819	0.01409	0.01057	0.01057	0.00352	0.01409	0.00940	0.00470	0.01175
15	0.01837	0.00918	0.01377	0.01377	0.01377	0.00918	0.00918	0.01377	0.01377	0.01837	0.01837	0.03214	0.01837	0.03673	0.04132	0.69238	0.00918	0.00918	0.00459	0.00459
16	0.04744	0.01799	0.02454	0.01881	0.02699	0.01554	0.01554	0.05153	0.03026	0.56979	0.04171	0.03599	0.02617	0.01309	0.01063	0.00327	0.00900	0.01063	0.01309	0.01799
17	0.01704	0.01217	0.01704	0.01947	0.02191	0.01217	0.01704	0.02191	0.02434	0.03164	0.05598	0.11926	0.06085	0.02921	0.01460	0.00487	0.00974	0.49130	0.00974	0.00974
18	0.01288	0.00920	0.01227	0.01472	0.01534	0.00859	0.00981	0.01472	0.02024	0.02699	0.05828	0.62152	0.06993	0.03312	0.01350	0.00429	0.00613	0.03006	0.00981	0.00859
19	0.59831	0.02006	0.01698	0.01469	0.02149	0.02241	0.01210	0.03435	0.01995	0.13092	0.01904	0.02018	0.01380	0.01034	0.00720	0.00327	0.00831	0.00651	0.00759	0.01250
20	0.03007	0.01414	0.01855	0.01555	0.02060	0.01253	0.01215	0.03406	0.02847	0.28763	0.23703	0.05981	0.09704	0.06608	0.01488	0.00387	0.00732	0.01509	0.01176	0.01338
21	0.01424	0.01043	0.01336	0.01337	0.01554	0.00955	0.00974	0.01827	0.02711	0.03745	0.39663	0.20601	0.13941	0.02478	0.01271	0.00357	0.00529	0.02196	0.01103	0.00955
22	0.70310	0.02045	0.01554	0.01390	0.02045	0.02372	0.01145	0.03108	0.01799	0.04744	0.01472	0.01718	0.01145	0.00981	0.00654	0.00327	0.00818	0.00573	0.00654	0.01145
23	0.03060	0.01362	0.01725	0.01457	0.01952	0.01235	0.01155	0.03518	0.02754	0.27028	0.16300	0.04742	0.04414	0.01488	0.01002	0.00302	0.00671	0.01242	0.23252	0.01342
24	0.08835	0.01318	0.01640	0.01568	0.01946	0.01249	0.01199	0.02865	0.02404	0.18802	0.07922	0.27030	0.04928	0.02229	0.01151	0.00373	0.00726	0.05623	0.07006	0.01186
25	0.01456	0.01079	0.01357	0.01287	0.01555	0.00980	0.00966	0.01917	0.02897	0.04012	0.48276	0.08273	0.17531	0.02247	0.01247	0.00337	0.00505	0.01965	0.01134	0.00980
26	0.02192	0.01879	0.02192	0.01566	0.02506	0.01409	0.01253	0.02662	0.02192	0.03445	0.01879	0.02192	0.01566	0.00783	0.00783	0.00157	0.00783	0.00626	0.00626	0.69305
27	0.02121	0.05469	0.57364	0.03014	0.04576	0.02455	0.03906	0.03348	0.02232	0.03348	0.01897	0.02232	0.01339	0.01005	0.01005	0.00335	0.01563	0.00781	0.00446	0.01563
28	0.02094	0.01251	0.01530	0.01481	0.01832	0.01148	0.01099	0.02572	0.06173	0.14055	0.10362	0.27404	0.19844	0.02506	0.01236	0.00376	0.00658	0.02181	0.01068	0.01129
29	0.01288	0.00920	0.01227	0.01472	0.01534	0.00859	0.00981	0.01472	0.02024	0.02699	0.05828	0.62152	0.06993	0.03312	0.01350	0.00429	0.00613	0.03006	0.00981	0.00859
30	0.03640	0.07157	0.08185	0.02740	0.03691	0.02640	0.13601	0.20103	0.03417	0.19890	0.02790	0.02832	0.01922	0.01146	0.01071	0.00324	0.01259	0.01011	0.00917	0.01662
31	0.01663	0.01439	0.02264	0.19617	0.03678	0.01543	0.05393	0.02131	0.02179	0.02819	0.04894	0.18391	0.12840	0.02717	0.06600	0.00515	0.01184	0.08353	0.00754	0.01026
32	0.02867	0.01911	0.02575	0.20935	0.04026	0.02113	0.01953	0.12251	0.06478	0.14501	0.02916	0.03675	0.02289	0.10157	0.06268	0.00541	0.01281	0.01083	0.00822	0.01360
33	0.70310	0.02045	0.01554	0.01390	0.02045	0.02372	0.01145	0.03108	0.01799	0.04744	0.01472	0.01718	0.01145	0.00981	0.00654	0.00327	0.00818	0.00573	0.00654	0.01145

[dist]
# distance from previous block
# <min> <max>
0	5

[block]
# block no. 5 follows, 13 sequences, length 17
# corresponding to MSA columns:
# 312-315,318-330
name=unknown_F
#
# <colnr> <probs for GDERKNQSTAVLIFYWHMCP>
#	G	D	E	R	K	N	Q	S	T	A	V	L	I	F	Y	W	H	M	C	P
0	0.03042	0.01570	0.02006	0.01721	0.02227	0.01481	0.01343	0.09737	0.03046	0.24723	0.17441	0.17776	0.05371	0.01973	0.01174	0.00350	0.00768	0.01703	0.01165	0.01383
1	0.02730	0.21417	0.24254	0.02400	0.03466	0.06770	0.02579	0.03915	0.12303	0.06967	0.02374	0.02477	0.01796	0.01085	0.00924	0.00303	0.01276	0.00811	0.00635	0.01517
2	0.01369	0.00954	0.01203	0.01369	0.01411	0.00912	0.00872	0.01493	0.01867	0.02490	0.05023	0.44343	0.05978	0.22507	0.02650	0.00621	0.00746	0.02532	0.00872	0.00788
3	0.31952	0.01825	0.01793	0.01633	0.02140	0.01986	0.01271	0.11376	0.02510	0.08037	0.03249	0.21477	0.03247	0.01806	0.00977	0.00358	0.00818	0.01457	0.00875	0.01212
4	0.02121	0.05469	0.57364	0.03014	0.04576	0.02455	0.03906	0.03348	0.02232	0.03348	0.01897	0.02232	0.01339	0.01005	0.01005	0.00335	0.01563	0.00781	0.00446	0.01563
5	0.02592	0.08322	0.02577	0.01633	0.02553	0.01719	0.01350	0.03041	0.02297	0.10344	0.02136	0.02324	0.01682	0.00864	0.00809	0.00186	0.00835	0.00677	0.00697	0.53361
6	0.01615	0.01337	0.01920	0.20299	0.03392	0.01415	0.01589	0.02140	0.02608	0.03503	0.30494	0.06657	0.15210	0.01895	0.01186	0.00343	0.00799	0.01654	0.00908	0.01036
7	0.01837	0.00918	0.01377	0.01377	0.01377	0.00918	0.00918	0.01377	0.01377	0.01837	0.01837	0.03214	0.01837	0.03673	0.04132	0.69238	0.00918	0.00918	0.00459	0.00459
8	0.01837	0.00918	0.01377	0.01377	0.01377	0.00918	0.00918	0.01377	0.01377	0.01837	0.01837	0.03214	0.01837	0.03673	0.04132	0.69238	0.00918	0.00918	0.00459	0.00459
9	0.03150	0.02903	0.03803	0.05165	0.39090	0.13138	0.02793	0.03682	0.02601	0.10286	0.02206	0.02609	0.01738	0.01018	0.01031	0.00308	0.01334	0.00908	0.00630	0.01605
10	0.01453	0.01079	0.01354	0.01285	0.01553	0.00979	0.00964	0.01912	0.02891	0.03999	0.47844	0.08295	0.17972	0.02252	0.01247	0.00337	0.00505	0.01968	0.01132	0.00979
11	0.70310	0.02045	0.01554	0.01390	0.02045	0.02372	0.01145	0.03108	0.01799	0.04744	0.01472	0.01718	0.01145	0.00981	0.00654	0.00327	0.00818	0.00573	0.00654	0.01145
12	0.12239	0.02344	0.11769	0.01980	0.02785	0.01774	0.01866	0.03945	0.02473	0.30343	0.03165	0.03221	0.02207	0.02482	0.12039	0.00592	0.01375	0.00963	0.00930	0.01509
13	0.04229	0.02155	0.02917	0.02795	0.12154	0.02064	0.01940	0.14282	0.03305	0.37635	0.03466	0.03217	0.02290	0.01237	0.01059	0.00323	0.01014	0.01020	0.01122	0.01777
14	0.02421	0.02263	0.03790	0.05590	0.46711	0.02248	0.02853	0.03027	0.02510	0.03591	0.11355	0.03538	0.03123	0.01155	0.01082	0.00317	0.01124	0.01111	0.00635	0.01557
15	0.01341	0.00958	0.01288	0.01533	0.01618	0.00905	0.01074	0.01564	0.02077	0.02759	0.05798	0.55722	0.06877	0.03262	0.01364	0.00437	0.00660	0.08911	0.00980	0.00873
16	0.03033	0.04066	0.12799	0.03083	0.06587	0.27526	0.08951	0.03876	0.08094	0.03115	0.02390	0.03211	0.02013	0.01236	0.01063	0.00324	0.01601	0.05053	0.00618	0.01361

[dist]
# distance from previous block
# <min> <max>
1	3

[block]
# block no. 6 follows, 13 sequences, length 53
# corresponding to MSA columns:
# 334-386
name=unknown_G
#
# <colnr> <probs for GDERKNQSTAVLIFYWHMCP>
#	G	D	E	R	K	N	Q	S	T	A	V	L	I	F	Y	W	H	M	C	P
0	0.01665	0.02655	0.20937	0.02127	0.02835	0.01546	0.05364	0.02294	0.02263	0.03111	0.08807	0.25073	0.12736	0.02166	0.01200	0.00373	0.00997	0.01914	0.00781	0.01155
1	0.03132	0.13871	0.12986	0.02241	0.03142	0.02793	0.02130	0.11619	0.19704	0.13024	0.03079	0.02967	0.02239	0.01216	0.00987	0.00319	0.01079	0.00950	0.00887	0.01636
2	0.01303	0.00945	0.01231	0.01430	0.01530	0.00873	0.00970	0.01520	0.02136	0.02842	0.10447	0.53669	0.10864	0.03167	0.01333	0.00416	0.00598	0.02855	0.00997	0.00873
3	0.03819	0.18707	0.03519	0.02349	0.03031	0.35050	0.01898	0.04132	0.02795	0.12362	0.02051	0.02160	0.01587	0.01084	0.00906	0.00271	0.01536	0.00722	0.00660	0.01361
4	0.01617	0.01063	0.01595	0.01595	0.01722	0.01190	0.01190	0.01722	0.01595	0.02253	0.02508	0.03848	0.02381	0.06545	0.40915	0.23671	0.02209	0.01063	0.00532	0.00786
5	0.28656	0.01374	0.01351	0.01415	0.01707	0.01471	0.01020	0.02125	0.01898	0.03460	0.03912	0.33998	0.04436	0.06924	0.01381	0.00434	0.00726	0.01930	0.00826	0.00956
6	0.70310	0.02045	0.01554	0.01390	0.02045	0.02372	0.01145	0.03108	0.01799	0.04744	0.01472	0.01718	0.01145	0.00981	0.00654	0.00327	0.00818	0.00573	0.00654	0.01145
7	0.01327	0.01033	0.01179	0.01223	0.01462	0.00914	0.00871	0.01599	0.02363	0.03021	0.17514	0.21970	0.31522	0.07236	0.01582	0.00420	0.00584	0.02305	0.00991	0.00886
8	0.13676	0.03444	0.21436	0.02606	0.03712	0.02425	0.09943	0.11545	0.02657	0.04161	0.01969	0.02286	0.01466	0.00989	0.00953	0.00302	0.01266	0.00818	0.00630	0.13718
9	0.70310	0.02045	0.01554	0.01390	0.02045	0.02372	0.01145	0.03108	0.01799	0.04744	0.01472	0.01718	0.01145	0.00981	0.00654	0.00327	0.00818	0.00573	0.00654	0.01145
10	0.01469	0.00996	0.01173	0.01241	0.01258	0.00979	0.00734	0.01520	0.01671	0.02228	0.04017	0.22080	0.04708	0.46501	0.04275	0.00862	0.00912	0.01941	0.00734	0.00701
11	0.02065	0.01966	0.03069	0.37178	0.05394	0.02546	0.02594	0.02600	0.02014	0.02759	0.05533	0.03012	0.02010	0.01397	0.01865	0.00387	0.20936	0.01004	0.00517	0.01156
12	0.01273	0.01072	0.01104	0.01096	0.01443	0.00903	0.00822	0.01563	0.02465	0.02988	0.14995	0.09958	0.51451	0.02629	0.01249	0.00355	0.00532	0.02201	0.00999	0.00903
13	0.04744	0.01799	0.02454	0.01881	0.02699	0.01554	0.01554	0.05153	0.03026	0.56979	0.04171	0.03599	0.02617	0.01309	0.01063	0.00327	0.00900	0.01063	0.01309	0.01799
14	0.70310	0.02045	0.01554	0.01390	0.02045	0.02372	0.01145	0.03108	0.01799	0.04744	0.01472	0.01718	0.01145	0.00981	0.00654	0.00327	0.00818	0.00573	0.00654	0.01145
15	0.31735	0.02294	0.02866	0.03550	0.23691	0.02442	0.02092	0.07943	0.02440	0.08872	0.02006	0.02311	0.01541	0.01021	0.00882	0.00321	0.01031	0.00796	0.00696	0.01471
16	0.02997	0.02888	0.05229	0.03790	0.04786	0.02873	0.35812	0.19631	0.03311	0.04466	0.02271	0.02749	0.01668	0.01016	0.01185	0.00344	0.01579	0.01150	0.00707	0.01549
17	0.70310	0.02045	0.01554	0.01390	0.02045	0.02372	0.01145	0.03108	0.01799	0.04744	0.01472	0.01718	0.01145	0.00981	0.00654	0.00327	0.00818	0.00573	0.00654	0.01145
18	0.01315	0.01060	0.01171	0.01173	0.01476	0.00916	0.00869	0.01633	0.02521	0.03189	0.21550	0.14429	0.39776	0.02607	0.01258	0.00358	0.00534	0.02223	0.01028	0.00916
19	0.25776	0.01817	0.02043	0.01652	0.02378	0.01764	0.01357	0.04177	0.02574	0.35363	0.03852	0.03548	0.06682	0.01319	0.00946	0.00330	0.00842	0.01003	0.01068	0.01509
20	0.07213	0.01129	0.01223	0.01234	0.01536	0.01038	0.00912	0.01759	0.02425	0.03318	0.19749	0.18533	0.31171	0.02527	0.01217	0.00362	0.00565	0.02157	0.00997	0.00933
21	0.01250	0.01071	0.01071	0.01071	0.01428	0.00893	0.00803	0.01517	0.02410	0.02856	0.10711	0.10175	0.55817	0.02678	0.01250	0.00357	0.00536	0.02231	0.00982	0.00893
22	0.04744	0.01799	0.02454	0.01881	0.02699	0.01554	0.01554	0.05153	0.03026	0.56979	0.04171	0.03599	0.02617	0.01309	0.01063	0.00327	0.00900	0.01063	0.01309	0.01799
23	0.03563	0.01525	0.01978	0.01611	0.02169	0.01351	0.01241	0.03850	0.02573	0.37286	0.04565	0.05101	0.07962	0.17779	0.02228	0.00515	0.00899	0.01299	0.01100	0.01406
24	0.01971	0.00985	0.00985	0.00985	0.01232	0.00985	0.00739	0.02464	0.02217	0.03942	0.03449	0.03942	0.02710	0.01232	0.00739	0.00246	0.00493	0.00985	0.68712	0.00985
25	0.02496	0.02852	0.06239	0.04456	0.05526	0.02674	0.52406	0.03387	0.02496	0.03387	0.02139	0.02852	0.01604	0.00891	0.01248	0.00357	0.01783	0.01248	0.00535	0.01426
26	0.02770	0.01335	0.01792	0.01589	0.02025	0.01191	0.01220	0.03156	0.02772	0.25362	0.22638	0.19262	0.06256	0.02092	0.01197	0.00354	0.00690	0.01831	0.01179	0.01291
27	0.01439	0.01037	0.01362	0.01369	0.01567	0.00960	0.00993	0.01852	0.02727	0.03817	0.42002	0.22790	0.09157	0.02477	0.01275	0.00359	0.00530	0.02212	0.01114	0.00960
28	0.01288	0.00920	0.01227	0.01472	0.01534	0.00859	0.00981	0.01472	0.02024	0.02699	0.05828	0.62152	0.06993	0.03312	0.01350	0.00429	0.00613	0.03006	0.00981	0.00859
29	0.01704	0.01217	0.01704	0.01947	0.02191	0.01217	0.01704	0.02191	0.02434	0.03164	0.05598	0.11926	0.06085	0.02921	0.01460	0.00487	0.00974	0.49130	0.00974	0.00974
30	0.51433	0.01765	0.01444	0.01325	0.01800	0.02002	0.01007	0.02677	0.01728	0.04004	0.01983	0.03145	0.01886	0.17962	0.01952	0.00519	0.00875	0.00837	0.00651	0.01007
31	0.70310	0.02045	0.01554	0.01390	0.02045	0.02372	0.01145	0.03108	0.01799	0.04744	0.01472	0.01718	0.01145	0.00981	0.00654	0.00327	0.00818	0.00573	0.00654	0.01145
32	0.02192	0.01879	0.02192	0.01566	0.02506	0.01409	0.01253	0.02662	0.02192	0.03445	0.01879	0.02192	0.01566	0.00783	0.00783	0.00157	0.00783	0.00626	0.00626	0.69305
33	0.02121	0.05469	0.57364	0.03014	0.04576	0.02455	0.03906	0.03348	0.02232	0.03348	0.01897	0.02232	0.01339	0.01005	0.01005	0.00335	0.01563	0.00781	0.00446	0.01563
34	0.01510	0.01133	0.01699	0.01699	0.01888	0.01322	0.01322	0.01888	0.01699	0.02454	0.02832	0.04154	0.02643	0.07930	0.58652	0.01699	0.02832	0.01133	0.00566	0.00944
35	0.04744	0.01799	0.02454	0.01881	0.02699	0.01554	0.01554	0.05153	0.03026	0.56979	0.04171	0.03599	0.02617	0.01309	0.01063	0.00327	0.00900	0.01063	0.01309	0.01799
36	0.01997	0.01879	0.03171	0.60301	0.07282	0.02349	0.02936	0.02701	0.02114	0.02701	0.01879	0.02819	0.01409	0.01057	0.01057	0.00352	0.01409	0.00940	0.00470	0.01175
37	0.02501	0.01444	0.02147	0.02194	0.07157	0.01496	0.01564	0.02910	0.02129	0.17514	0.03121	0.03859	0.02546	0.05464	0.37496	0.01194	0.02155	0.01096	0.00766	0.01247
38	0.01627	0.01055	0.01296	0.01236	0.01484	0.00994	0.00927	0.02124	0.02780	0.04158	0.41349	0.06812	0.07982	0.01906	0.01108	0.00309	0.00497	0.01658	0.19705	0.00994
39	0.70310	0.02045	0.01554	0.01390	0.02045	0.02372	0.01145	0.03108	0.01799	0.04744	0.01472	0.01718	0.01145	0.00981	0.00654	0.00327	0.00818	0.00573	0.00654	0.01145
40	0.01250	0.01071	0.01071	0.01071	0.01428	0.00893	0.00803	0.01517	0.02410	0.02856	0.10711	0.10175	0.55817	0.02678	0.01250	0.00357	0.00536	0.02231	0.00982	0.00893
41	0.02772	0.13311	0.13312	0.21778	0.08190	0.06921	0.02668	0.08018	0.02576	0.07809	0.02060	0.02482	0.01542	0.01058	0.00976	0.00314	0.01350	0.00840	0.00599	0.01424
42	0.04218	0.02643	0.02976	0.02281	0.03120	0.02805	0.01885	0.39664	0.04437	0.20475	0.02987	0.02830	0.02023	0.01280	0.01059	0.00320	0.01091	0.00982	0.01127	0.01798
43	0.01288	0.00920	0.01227	0.01472	0.01534	0.00859	0.00981	0.01472	0.02024	0.02699	0.05828	0.62152	0.06993	0.03312	0.01350	0.00429	0.00613	0.03006	0.00981	0.00859
44	0.02063	0.05062	0.52169	0.02857	0.04298	0.02320	0.03636	0.03223	0.02303	0.03431	0.06891	0.02758	0.02141	0.01112	0.01027	0.00335	0.01464	0.00886	0.00513	0.01510
45	0.02192	0.01879	0.02192	0.01566	0.02506	0.01409	0.01253	0.02662	0.02192	0.03445	0.01879	0.02192	0.01566	0.00783	0.00783	0.00157	0.00783	0.00626	0.00626	0.69305
46	0.01439	0.01037	0.01362	0.01369	0.01567	0.00960	0.00993	0.01852	0.02727	0.03817	0.42002	0.22790	0.09157	0.02477	0.01275	0.00359	0.00530	0.02212	0.01114	0.00960
47	0.70310	0.02045	0.01554	0.01390	0.02045	0.02372	0.01145	0.03108	0.01799	0.04744	0.01472	0.01718	0.01145	0.00981	0.00654	0.00327	0.00818	0.00573	0.00654	0.01145
48	0.01477	0.01066	0.01396	0.01344	0.01575	0.00985	0.00996	0.01946	0.02902	0.04095	0.50985	0.13016	0.09695	0.02270	0.01257	0.00342	0.00510	0.02015	0.01147	0.00985
49	0.01582	0.01174	0.01578	0.01543	0.01637	0.01336	0.01101	0.01785	0.01624	0.02287	0.02941	0.05210	0.03068	0.31169	0.31583	0.01317	0.06354	0.01292	0.00591	0.00829
50	0.01288	0.00920	0.01227	0.01472	0.01534	0.00859	0.00981	0.01472	0.02024	0.02699	0.05828	0.62152	0.06993	0.03312	0.01350	0.00429	0.00613	0.03006	0.00981	0.00859
51	0.02192	0.01879	0.02192	0.01566	0.02506	0.01409	0.01253	0.02662	0.02192	0.03445	0.01879	0.02192	0.01566	0.00783	0.00783	0.00157	0.00783	0.00626	0.00626	0.69305
52	0.70310	0.02045	0.01554	0.01390	0.02045	0.02372	0.01145	0.03108	0.01799	0.04744	0.01472	0.01718	0.01145	0.00981	0.00654	0.00327	0.00818	0.00573	0.00654	0.01145

[dist]
# distance from previous block
# <min> <max>
0	2

[block]
# block no. 7 follows, 13 sequences, length 7
# corresponding to MSA columns:
# 389-395
name=unknown_H
#
# <colnr> <probs for GDERKNQSTAVLIFYWHMCP>
#	G	D	E	R	K	N	Q	S	T	A	V	L	I	F	Y	W	H	M	C	P
0	0.02656	0.55461	0.05010	0.01748	0.02568	0.03774	0.01705	0.03016	0.02257	0.02713	0.08436	0.02493	0.02464	0.01066	0.00751	0.00240	0.01050	0.00738	0.00544	0.01311
1	0.02580	0.02365	0.04238	0.09931	0.22279	0.02349	0.18362	0.03443	0.06656	0.07717	0.03095	0.03509	0.06206	0.01147	0.01132	0.00339	0.01317	0.01173	0.00667	0.01494
2	0.03664	0.19911	0.03644	0.02491	0.03127	0.44750	0.01983	0.03953	0.02780	0.02562	0.01592	0.01853	0.01361	0.01042	0.00883	0.00261	0.01709	0.00652	0.00521	0.01259
3	0.01510	0.01133	0.01699	0.01699	0.01888	0.01322	0.01322	0.01888	0.01699	0.02454	0.02832	0.04154	0.02643	0.07930	0.58652	0.01699	0.02832	0.01133	0.00566	0.00944
4	0.02192	0.01879	0.02192	0.01566	0.02506	0.01409	0.01253	0.02662	0.02192	0.03445	0.01879	0.02192	0.01566	0.00783	0.00783	0.00157	0.00783	0.00626	0.00626	0.69305
5	0.70310	0.02045	0.01554	0.01390	0.02045	0.02372	0.01145	0.03108	0.01799	0.04744	0.01472	0.01718	0.01145	0.00981	0.00654	0.00327	0.00818	0.00573	0.00654	0.01145
6	0.70310	0.02045	0.01554	0.01390	0.02045	0.02372	0.01145	0.03108	0.01799	0.04744	0.01472	0.01718	0.01145	0.00981	0.00654	0.00327	0.00818	0.00573	0.00654	0.01145

[dist]
# distance from previous block
# <min> <max>
0	1

[block]
# block no. 8 follows, 13 sequences, length 25
# corresponding to MSA columns:
# 397-421
name=unknown_I
#
# <colnr> <probs for GDERKNQSTAVLIFYWHMCP>
#	G	D	E	R	K	N	Q	S	T	A	V	L	I	F	Y	W	H	M	C	P
0	0.01907	0.01576	0.01887	0.01536	0.02198	0.01235	0.01167	0.02286	0.02139	0.03209	0.03128	0.21154	0.03282	0.01583	0.00962	0.00243	0.00729	0.01379	0.00739	0.47660
1	0.01538	0.01025	0.01153	0.01153	0.01153	0.01025	0.00641	0.01538	0.01538	0.02050	0.03331	0.06919	0.03844	0.62842	0.05382	0.01025	0.01025	0.01538	0.00641	0.00641
2	0.02827	0.63478	0.05540	0.01809	0.02714	0.04184	0.01809	0.03166	0.02148	0.02488	0.01470	0.01696	0.01357	0.00905	0.00678	0.00226	0.01131	0.00565	0.00452	0.01357
3	0.02192	0.01879	0.02192	0.01566	0.02506	0.01409	0.01253	0.02662	0.02192	0.03445	0.01879	0.02192	0.01566	0.00783	0.00783	0.00157	0.00783	0.00626	0.00626	0.69305
4	0.01378	0.00958	0.01200	0.01357	0.01396	0.00919	0.00858	0.01496	0.01849	0.02465	0.04927	0.42215	0.05856	0.24800	0.02805	0.00644	0.00762	0.02476	0.00858	0.00780
5	0.29272	0.03369	0.02875	0.02851	0.10041	0.24887	0.05935	0.03594	0.02415	0.03600	0.01660	0.02005	0.01340	0.01012	0.00874	0.00306	0.01390	0.00720	0.00583	0.01271
6	0.01371	0.01006	0.01287	0.01395	0.01528	0.00976	0.00966	0.01599	0.02037	0.02714	0.09673	0.32674	0.13387	0.12130	0.11504	0.00706	0.01022	0.02285	0.00879	0.00859
7	0.04254	0.02586	0.02940	0.02254	0.03091	0.02721	0.01862	0.37336	0.04342	0.22937	0.03067	0.02881	0.02063	0.01282	0.01059	0.00320	0.01078	0.00988	0.01139	0.01799
8	0.09073	0.14982	0.08255	0.02629	0.10607	0.02483	0.02057	0.06986	0.02702	0.25986	0.02780	0.02728	0.01939	0.01116	0.00943	0.00305	0.01067	0.00872	0.00874	0.01616
9	0.02928	0.58230	0.05312	0.01891	0.02764	0.09071	0.01830	0.03261	0.02225	0.02497	0.01485	0.01715	0.01357	0.00921	0.00703	0.00230	0.01200	0.00576	0.00461	0.01345
10	0.03914	0.01825	0.02369	0.01779	0.02636	0.01507	0.01456	0.04343	0.02755	0.39577	0.03426	0.03142	0.02276	0.01138	0.00972	0.00272	0.00862	0.00921	0.01087	0.23743
11	0.02818	0.27266	0.24830	0.02270	0.03417	0.02918	0.02542	0.03520	0.02323	0.11554	0.02091	0.02238	0.01564	0.01000	0.00872	0.00280	0.01238	0.00732	0.00598	0.05931
12	0.18063	0.02742	0.14746	0.24496	0.04686	0.02345	0.02508	0.06871	0.02365	0.03760	0.06116	0.02813	0.02044	0.01132	0.00967	0.00338	0.01214	0.00897	0.00610	0.01290
13	0.01628	0.05819	0.01652	0.01368	0.01494	0.01355	0.00935	0.01767	0.01633	0.02205	0.03039	0.05687	0.03292	0.41556	0.21091	0.01167	0.01578	0.01341	0.00604	0.00787
14	0.02269	0.03161	0.26708	0.02170	0.03096	0.01737	0.02389	0.03082	0.02656	0.11839	0.23708	0.04700	0.04980	0.01512	0.01110	0.00333	0.01038	0.01275	0.00864	0.01373
15	0.02468	0.18178	0.10846	0.20522	0.11390	0.02658	0.02528	0.03067	0.02243	0.07227	0.02331	0.07818	0.02021	0.01219	0.00978	0.00317	0.01225	0.01018	0.00583	0.01362
16	0.02120	0.02164	0.04385	0.03397	0.04114	0.02046	0.32394	0.02805	0.02407	0.03227	0.03532	0.14247	0.03504	0.01749	0.01314	0.00399	0.01409	0.12847	0.00708	0.01231
17	0.02764	0.02222	0.03744	0.21863	0.19792	0.02334	0.09843	0.03629	0.07096	0.12282	0.02551	0.02998	0.01879	0.01076	0.01084	0.00338	0.01283	0.01029	0.00690	0.01503
18	0.01574	0.01205	0.01687	0.10503	0.02467	0.01208	0.01299	0.02105	0.02856	0.04001	0.47319	0.07108	0.08644	0.01990	0.01217	0.00336	0.00640	0.01761	0.01056	0.01025
19	0.02346	0.01844	0.02790	0.14434	0.18833	0.01917	0.02224	0.06523	0.02540	0.07606	0.03889	0.13773	0.07020	0.01776	0.01168	0.00367	0.01061	0.07789	0.00780	0.01321
20	0.02101	0.04911	0.48934	0.11924	0.04997	0.02439	0.03756	0.03248	0.02214	0.03248	0.01895	0.02324	0.01350	0.01013	0.01013	0.00338	0.01539	0.00806	0.00450	0.01502
21	0.01764	0.01379	0.01514	0.01402	0.01806	0.01310	0.01100	0.09627	0.02922	0.03738	0.17657	0.08690	0.34675	0.02379	0.01236	0.00356	0.00661	0.05697	0.01028	0.01060
22	0.02374	0.02477	0.07635	0.05459	0.44017	0.02251	0.02940	0.02977	0.02335	0.03329	0.02579	0.11850	0.02478	0.01315	0.01091	0.00333	0.01178	0.01251	0.00589	0.01540
23	0.03482	0.03551	0.02999	0.02612	0.03002	0.29742	0.02064	0.03761	0.02504	0.11032	0.01940	0.02317	0.01567	0.01398	0.01879	0.00350	0.23046	0.00829	0.00634	0.01290
24	0.54737	0.02009	0.01774	0.01576	0.02099	0.02405	0.01297	0.02973	0.01802	0.04343	0.01604	0.01973	0.01297	0.01135	0.01098	0.00342	0.10141	0.00658	0.05601	0.01135

[dist]
# distance from previous block
# <min> <max>
0	5

[block]
# block no. 9 follows, 13 sequences, length 12
# corresponding to MSA columns:
# 427-438
name=unknown_J
#
# <colnr> <probs for GDERKNQSTAVLIFYWHMCP>
#	G	D	E	R	K	N	Q	S	T	A	V	L	I	F	Y	W	H	M	C	P
0	0.01879	0.01692	0.02759	0.46469	0.05945	0.02032	0.02482	0.02536	0.02320	0.03062	0.14500	0.04010	0.03419	0.01316	0.01102	0.00348	0.01196	0.01168	0.00633	0.01133
1	0.01284	0.00935	0.01212	0.01433	0.01523	0.00862	0.00964	0.01477	0.02062	0.02715	0.06309	0.57032	0.11802	0.03250	0.01340	0.00422	0.00606	0.02929	0.00982	0.00862
2	0.03933	0.01593	0.02166	0.01785	0.02426	0.01391	0.01420	0.04289	0.02791	0.44247	0.04560	0.17332	0.03644	0.01779	0.01130	0.00351	0.00833	0.01519	0.01232	0.01579
3	0.02371	0.01321	0.01827	0.01880	0.02238	0.01257	0.01589	0.02806	0.02528	0.15735	0.05289	0.15491	0.05371	0.02586	0.01355	0.00443	0.00917	0.32789	0.01053	0.01155
4	0.01451	0.01078	0.01358	0.01337	0.01593	0.00985	0.01012	0.01885	0.02777	0.03797	0.40184	0.12308	0.18063	0.02392	0.01270	0.00355	0.00549	0.05535	0.01103	0.00967
5	0.24966	0.01875	0.02176	0.01730	0.02497	0.01806	0.01428	0.04522	0.02648	0.40868	0.03339	0.03019	0.02163	0.01208	0.00937	0.00327	0.00874	0.00912	0.01107	0.01598
6	0.02015	0.01134	0.01590	0.01640	0.01817	0.01112	0.01278	0.02077	0.01987	0.07422	0.03775	0.07272	0.03889	0.08971	0.02855	0.27395	0.00950	0.21235	0.00770	0.00815
7	0.01311	0.00938	0.01247	0.01457	0.01539	0.00874	0.00983	0.01530	0.02131	0.02868	0.11305	0.56191	0.07321	0.03186	0.01338	0.00419	0.00601	0.02886	0.01002	0.00874
8	0.54932	0.01987	0.01765	0.01506	0.02198	0.02180	0.01241	0.03588	0.02087	0.16995	0.02105	0.02159	0.01490	0.01058	0.00750	0.00327	0.00837	0.00688	0.00808	0.01299
