[name]
unknown

[dist]
# distance from previous block
# <min> <max>
2	410

[block]
# block no. 0 follows, 13 sequences, length 30
# corresponding to MSA columns:
# 453-482
name=unknown_A
#
# <colnr> <probs for GDERKNQSTAVLIFYWHMCP>
#	G	D	E	R	K	N	Q	S	T	A	V	L	I	F	Y	W	H	M	C	P
0	0.02465	0.18961	0.10994	0.02089	0.02797	0.06204	0.01952	0.06821	0.05636	0.03337	0.07655	0.09933	0.03042	0.01479	0.01194	0.00310	0.06500	0.01134	0.00690	0.06809
1	0.03690	0.01969	0.02430	0.01852	0.02694	0.01751	0.01509	0.08711	0.07082	0.31028	0.03300	0.03080	0.02256	0.01147	0.00974	0.00274	0.00881	0.00924	0.01049	0.23399
2	0.02506	0.03404	0.23987	0.02808	0.03882	0.02190	0.12752	0.03635	0.08889	0.09721	0.02837	0.07677	0.02267	0.01241	0.01078	0.00333	0.01290	0.01131	0.00705	0.07668
3	0.02336	0.02090	0.02764	0.02394	0.08162	0.01836	0.05659	0.03297	0.11373	0.03613	0.02336	0.02595	0.01871	0.00922	0.00898	0.00224	0.00920	0.00808	0.00687	0.45216
4	0.01697	0.01054	0.01265	0.01311	0.01514	0.00971	0.00911	0.01937	0.02172	0.07327	0.08195	0.28862	0.15420	0.12180	0.01869	0.00475	0.00667	0.02168	0.09075	0.00930
5	0.70310	0.02045	0.01554	0.01390	0.02045	0.02372	0.01145	0.03108	0.01799	0.04744	0.01472	0.01718	0.01145	0.00981	0.00654	0.00327	0.00818	0.00573	0.00654	0.01145
6	0.02106	0.01947	0.03036	0.50220	0.06496	0.02398	0.02717	0.03207	0.11167	0.03000	0.02300	0.03014	0.01725	0.01123	0.01060	0.00353	0.01310	0.00984	0.00575	0.01261
7	0.01456	0.01204	0.01452	0.01403	0.01648	0.01201	0.01065	0.01777	0.02441	0.03212	0.22413	0.15068	0.29490	0.02504	0.01527	0.00371	0.07766	0.02077	0.00974	0.00951
8	0.01845	0.02078	0.10229	0.02432	0.07890	0.01609	0.06010	0.02649	0.06632	0.03791	0.28126	0.12323	0.06319	0.01848	0.01191	0.00347	0.00876	0.01672	0.00915	0.01218
9	0.01412	0.01600	0.07895	0.01365	0.01841	0.01105	0.01221	0.01849	0.02526	0.03241	0.20257	0.08687	0.38487	0.02356	0.01220	0.00349	0.00650	0.01982	0.00961	0.00998
10	0.43594	0.08225	0.12265	0.08780	0.03193	0.02549	0.01922	0.03108	0.01948	0.04040	0.01598	0.01941	0.01231	0.00988	0.00768	0.00322	0.01053	0.00654	0.00576	0.01244
11	0.01285	0.00933	0.01214	0.01439	0.01525	0.00862	0.00967	0.01476	0.02056	0.02712	0.06231	0.57860	0.11025	0.03260	0.01341	0.00423	0.00607	0.02942	0.00982	0.00862
12	0.01642	0.07231	0.02030	0.01664	0.01907	0.01577	0.01312	0.01984	0.01730	0.02424	0.02741	0.04145	0.02618	0.11854	0.48498	0.01498	0.02514	0.01111	0.00561	0.00959
13	0.63631	0.02380	0.07021	0.01549	0.02293	0.02380	0.01416	0.03132	0.01842	0.04607	0.01514	0.01768	0.01164	0.00984	0.00689	0.00328	0.00891	0.00593	0.00634	0.01186
14	0.03066	0.18250	0.03896	0.13695	0.13966	0.24383	0.02378	0.03501	0.02516	0.02749	0.01706	0.02157	0.01429	0.01010	0.00923	0.00284	0.01503	0.00750	0.00504	0.01334
15	0.09830	0.01769	0.02531	0.02343	0.07892	0.01649	0.05710	0.03660	0.02669	0.27207	0.10348	0.08823	0.07813	0.01573	0.01096	0.00339	0.00901	0.01364	0.01033	0.01450
16	0.03279	0.01455	0.01926	0.01590	0.02143	0.01294	0.01269	0.03729	0.02933	0.32386	0.22946	0.05206	0.05319	0.01613	0.01098	0.00321	0.00712	0.01366	0.07990	0.01425
17	0.02192	0.01879	0.02192	0.01566	0.02506	0.01409	0.01253	0.02662	0.02192	0.03445	0.01879	0.02192	0.01566	0.00783	0.00783	0.00157	0.00783	0.00626	0.00626	0.69305
18	0.14852	0.18037	0.03150	0.10144	0.03197	0.06918	0.01745	0.03629	0.05704	0.14118	0.06740	0.02913	0.02411	0.01172	0.00899	0.00303	0.01059	0.00880	0.00767	0.01363
19	0.02933	0.02382	0.02519	0.02151	0.02803	0.02687	0.01705	0.19176	0.35786	0.04962	0.04278	0.04012	0.06868	0.01482	0.01084	0.00346	0.00910	0.01204	0.01063	0.01650
20	0.02210	0.01905	0.07379	0.01750	0.02278	0.01608	0.01514	0.07794	0.09263	0.08765	0.34699	0.05978	0.06896	0.01801	0.01169	0.00334	0.00744	0.01549	0.01083	0.01280
21	0.08870	0.02216	0.05796	0.20925	0.09600	0.02171	0.02294	0.08155	0.02705	0.22763	0.02737	0.02931	0.01877	0.01145	0.01022	0.00333	0.01149	0.00946	0.00842	0.01522
22	0.03614	0.04157	0.02833	0.02559	0.03115	0.41157	0.01972	0.09955	0.07837	0.03300	0.02381	0.03169	0.02055	0.01325	0.01028	0.00307	0.01627	0.05601	0.00697	0.01310
23	0.01436	0.01016	0.01149	0.01191	0.01274	0.00970	0.00732	0.01522	0.01799	0.02326	0.05263	0.17059	0.14975	0.40368	0.03848	0.00787	0.00855	0.01931	0.00769	0.00729
24	0.01411	0.01056	0.01468	0.07314	0.02120	0.01043	0.01181	0.01727	0.02277	0.03088	0.17998	0.42552	0.07187	0.02797	0.01294	0.00397	0.00664	0.02524	0.00976	0.00925
25	0.03494	0.02796	0.14180	0.08544	0.09151	0.02134	0.06479	0.07888	0.02822	0.27246	0.02978	0.03006	0.02001	0.01149	0.01064	0.00331	0.01211	0.00988	0.00892	0.01648
26	0.02161	0.01345	0.01675	0.01680	0.01981	0.01336	0.01220	0.02947	0.12692	0.12532	0.05232	0.40243	0.05473	0.02586	0.01245	0.00397	0.00708	0.02303	0.01058	0.01187
27	0.02084	0.01191	0.01473	0.01331	0.01699	0.01074	0.01024	0.02524	0.02785	0.13163	0.31227	0.07017	0.16085	0.01979	0.01145	0.00324	0.00575	0.01694	0.10488	0.01117
28	0.02567	0.03567	0.27663	0.18952	0.04874	0.02285	0.03024	0.06379	0.02472	0.10752	0.02243	0.02603	0.01577	0.01063	0.01017	0.00326	0.01354	0.00865	0.00620	0.05796
29	0.10662	0.02498	0.02674	0.02088	0.02893	0.05801	0.01710	0.24046	0.03641	0.24729	0.02944	0.02792	0.01997	0.01214	0.00996	0.00309	0.01053	0.00919	0.01053	0.05982

[dist]
# distance from previous block
# <min> <max>
0	5

[block]
# block no. 1 follows, 13 sequences, length 14
# corresponding to MSA columns:
# 488-501
name=unknown_B
#
# <colnr> <probs for GDERKNQSTAVLIFYWHMCP>
#	G	D	E	R	K	N	Q	S	T	A	V	L	I	F	Y	W	H	M	C	P
0	0.47958	0.06715	0.05655	0.01562	0.02348	0.02327	0.01396	0.03044	0.01928	0.04241	0.01577	0.01840	0.01253	0.00940	0.00704	0.00288	0.00883	0.00596	0.00621	0.14124
1	0.13188	0.02606	0.02768	0.02650	0.09819	0.09854	0.01876	0.13118	0.06764	0.22562	0.02883	0.02814	0.02016	0.01187	0.00989	0.00319	0.01114	0.00917	0.00950	0.01606
2	0.01409	0.01036	0.01484	0.01596	0.01727	0.01111	0.01167	0.01699	0.01847	0.02566	0.04196	0.30556	0.04623	0.05828	0.32566	0.01121	0.01822	0.01985	0.00755	0.00905
3	0.02944	0.21456	0.03571	0.08902	0.03230	0.06376	0.04861	0.03405	0.02598	0.15288	0.13427	0.03633	0.03452	0.01287	0.00983	0.00297	0.01074	0.01052	0.00808	0.01356
4	0.38052	0.02505	0.02713	0.11346	0.03563	0.08089	0.08321	0.07634	0.02344	0.04200	0.01736	0.02133	0.01327	0.01018	0.00862	0.00329	0.01177	0.00764	0.00635	0.01253
5	0.02812	0.02362	0.02493	0.02189	0.02819	0.02715	0.01718	0.11799	0.47859	0.04717	0.04072	0.03760	0.03040	0.01413	0.01073	0.00353	0.00880	0.01163	0.01073	0.01690
6	0.02306	0.01601	0.01898	0.01711	0.02134	0.01653	0.01313	0.07701	0.16052	0.09553	0.26240	0.13107	0.06410	0.01964	0.01182	0.00350	0.00699	0.01704	0.01123	0.01302
7	0.01429	0.01028	0.01137	0.01161	0.01271	0.00970	0.00722	0.01525	0.01839	0.02348	0.05719	0.13364	0.19222	0.39475	0.03782	0.00772	0.00842	0.01885	0.00773	0.00735
8	0.03179	0.02904	0.03107	0.02588	0.03022	0.10462	0.02110	0.21356	0.07744	0.04222	0.02101	0.02488	0.01699	0.01501	0.02045	0.00375	0.25979	0.00927	0.00746	0.01446
9	0.02384	0.07467	0.03945	0.27851	0.31870	0.02589	0.02997	0.03018	0.02267	0.03067	0.01900	0.02620	0.01540	0.00985	0.01019	0.00322	0.01307	0.00909	0.00496	0.01445
10	0.01411	0.01077	0.01295	0.01241	0.01527	0.00961	0.00931	0.01831	0.02792	0.03763	0.40200	0.08682	0.25762	0.02339	0.01248	0.00341	0.00511	0.02022	0.01101	0.00961
11	0.02032	0.13262	0.02781	0.07289	0.09971	0.02030	0.01682	0.05741	0.02433	0.03201	0.09170	0.24598	0.07664	0.02038	0.01119	0.00346	0.00891	0.01781	0.00797	0.01175
12	0.02864	0.02006	0.02851	0.09747	0.15442	0.01808	0.01980	0.03384	0.02428	0.15891	0.02441	0.02693	0.01818	0.00975	0.00942	0.00256	0.00993	0.00838	0.00744	0.29900
13	0.62209	0.02452	0.08184	0.01583	0.02345	0.02382	0.01473	0.03137	0.01851	0.04578	0.01523	0.01779	0.01168	0.00984	0.00696	0.00328	0.00906	0.00597	0.00630	0.01195

[dist]
# distance from previous block
# <min> <max>
0	1

[block]
# block no. 2 follows, 13 sequences, length 21
# corresponding to MSA columns:
# 503-523
name=unknown_C
#
# <colnr> <probs for GDERKNQSTAVLIFYWHMCP>
#	G	D	E	R	K	N	Q	S	T	A	V	L	I	F	Y	W	H	M	C	P
0	0.12690	0.04101	0.34821	0.11759	0.04705	0.02450	0.08592	0.03216	0.02176	0.03469	0.01855	0.02310	0.01349	0.00997	0.00985	0.00339	0.01448	0.00824	0.00492	0.01423
1	0.01517	0.01107	0.01569	0.01569	0.01713	0.01251	0.01160	0.01805	0.01661	0.02358	0.02951	0.04812	0.02929	0.21001	0.45972	0.01539	0.02402	0.01229	0.00584	0.00872
2	0.01332	0.01045	0.01205	0.01227	0.01495	0.00918	0.00897	0.01654	0.02513	0.03248	0.23481	0.19475	0.32458	0.02642	0.01268	0.00363	0.00539	0.02283	0.01037	0.00918
3	0.02045	0.01704	0.03119	0.02515	0.03033	0.01581	0.18963	0.02566	0.02491	0.07830	0.15634	0.24354	0.05420	0.02041	0.01267	0.00374	0.01019	0.01984	0.00894	0.01167
4	0.13988	0.01628	0.02010	0.01705	0.02299	0.01533	0.01365	0.03886	0.02553	0.33903	0.03983	0.10637	0.03257	0.06762	0.01426	0.00410	0.00873	0.05264	0.01088	0.01430
5	0.70310	0.02045	0.01554	0.01390	0.02045	0.02372	0.01145	0.03108	0.01799	0.04744	0.01472	0.01718	0.01145	0.00981	0.00654	0.00327	0.00818	0.00573	0.00654	0.01145
6	0.03022	0.02315	0.03854	0.08354	0.20133	0.02390	0.11646	0.03807	0.06813	0.16111	0.02656	0.02988	0.01965	0.01169	0.01354	0.00348	0.07718	0.01046	0.00748	0.01564
7	0.03035	0.02808	0.04845	0.03541	0.04502	0.07131	0.32699	0.07328	0.02774	0.11421	0.02403	0.02804	0.01744	0.00988	0.01143	0.00325	0.01534	0.01099	0.00696	0.07181
8	0.70310	0.02045	0.01554	0.01390	0.02045	0.02372	0.01145	0.03108	0.01799	0.04744	0.01472	0.01718	0.01145	0.00981	0.00654	0.00327	0.00818	0.00573	0.00654	0.01145
9	0.03295	0.02533	0.03168	0.02385	0.03261	0.02552	0.07701	0.26876	0.07783	0.08517	0.02566	0.02666	0.01882	0.01113	0.01010	0.00284	0.01093	0.00928	0.00900	0.19487
10	0.02345	0.02257	0.03167	0.12099	0.26522	0.06746	0.02398	0.02861	0.02290	0.03119	0.02436	0.09647	0.02286	0.01689	0.04854	0.00397	0.01288	0.01127	0.00590	0.11883
11	0.02070	0.01954	0.03303	0.53951	0.13060	0.02368	0.02973	0.02766	0.02149	0.02790	0.01892	0.02795	0.01441	0.01044	0.01056	0.00348	0.01391	0.00940	0.00476	0.01234
12	0.01759	0.01270	0.01583	0.01676	0.01880	0.01275	0.01225	0.09465	0.02527	0.03366	0.05293	0.47026	0.06084	0.02951	0.01318	0.00419	0.00741	0.08131	0.00992	0.01017
13	0.70310	0.02045	0.01554	0.01390	0.02045	0.02372	0.01145	0.03108	0.01799	0.04744	0.01472	0.01718	0.01145	0.00981	0.00654	0.00327	0.00818	0.00573	0.00654	0.01145
14	0.10523	0.02309	0.07734	0.02827	0.03595	0.02022	0.21329	0.03166	0.02316	0.11612	0.03000	0.12078	0.02631	0.02112	0.07375	0.00504	0.01449	0.01363	0.00734	0.01321
15	0.01567	0.01162	0.01473	0.01416	0.01672	0.01118	0.01052	0.02237	0.07182	0.04073	0.45498	0.13968	0.09059	0.02236	0.01245	0.00346	0.00541	0.01981	0.01135	0.01038
16	0.03074	0.03274	0.16832	0.03317	0.04418	0.02508	0.23650	0.11515	0.02927	0.14011	0.02530	0.02800	0.01765	0.01056	0.01127	0.00340	0.01467	0.01059	0.00743	0.01587
17	0.15482	0.01682	0.01915	0.01631	0.02212	0.01675	0.01301	0.03787	0.10258	0.22532	0.16508	0.04877	0.08646	0.01584	0.01049	0.00336	0.00749	0.01292	0.01092	0.01393
18	0.02276	0.01661	0.02012	0.01568	0.02306	0.01309	0.01224	0.02698	0.02318	0.09199	0.06842	0.12055	0.03161	0.01336	0.00936	0.00231	0.00748	0.01140	0.00796	0.46184
19	0.12774	0.02563	0.07388	0.02238	0.03132	0.02302	0.07230	0.13041	0.09508	0.07842	0.02439	0.02582	0.01817	0.01054	0.00942	0.00286	0.01050	0.00864	0.00791	0.20155
20	0.27051	0.06542	0.02174	0.01723	0.02297	0.06671	0.01373	0.06880	0.15470	0.04198	0.02609	0.02935	0.02096	0.05246	0.01134	0.00361	0.00929	0.00872	0.08149	0.01292

[dist]
# distance from previous block
# <min> <max>
1	16

[block]
# block no. 3 follows, 13 sequences, length 26
# corresponding to MSA columns:
# 540-565
name=unknown_D
#
# <colnr> <probs for GDERKNQSTAVLIFYWHMCP>
#	G	D	E	R	K	N	Q	S	T	A	V	L	I	F	Y	W	H	M	C	P
0	0.02880	0.02577	0.06917	0.07210	0.03389	0.02300	0.01901	0.22188	0.03269	0.04624	0.02137	0.02386	0.01625	0.01013	0.00931	0.00250	0.01047	0.00793	0.00766	0.31796
1	0.03950	0.05039	0.02996	0.02724	0.03269	0.58597	0.02043	0.04222	0.02996	0.02588	0.01634	0.01907	0.01362	0.01090	0.00953	0.00272	0.01907	0.00681	0.00545	0.01226
2	0.12567	0.02064	0.02324	0.06139	0.02927	0.02003	0.01529	0.08444	0.10234	0.08784	0.02450	0.02590	0.01856	0.01025	0.00881	0.00257	0.00892	0.00798	0.00789	0.31446
3	0.02587	0.43815	0.23107	0.02217	0.03345	0.03598	0.02520	0.03228	0.02177	0.02779	0.01615	0.01878	0.01351	0.00938	0.00789	0.00263	0.01277	0.00639	0.00450	0.01427
4	0.01926	0.01167	0.01479	0.01449	0.01769	0.01048	0.01103	0.02276	0.02567	0.11876	0.19627	0.21483	0.18720	0.02504	0.01264	0.00376	0.00645	0.06578	0.01080	0.01064
5	0.02584	0.01969	0.02216	0.02007	0.02482	0.02143	0.01565	0.20219	0.15321	0.04515	0.04313	0.23306	0.04233	0.02131	0.01195	0.00379	0.00889	0.06120	0.01029	0.01385
6	0.03178	0.03321	0.12689	0.11493	0.08935	0.08515	0.07191	0.20026	0.03305	0.07769	0.02260	0.02566	0.01643	0.01114	0.01055	0.00325	0.01392	0.00927	0.00736	0.01563
7	0.11013	0.02288	0.02615	0.02014	0.02839	0.02299	0.01659	0.23307	0.03576	0.26454	0.03020	0.02846	0.02038	0.01206	0.00990	0.00306	0.00983	0.00925	0.01074	0.08547
8	0.03913	0.02358	0.02919	0.12580	0.03790	0.02504	0.02014	0.26997	0.03774	0.23710	0.02997	0.02963	0.02018	0.01245	0.01060	0.00327	0.01114	0.00989	0.01041	0.01687
9	0.11229	0.02041	0.02497	0.01934	0.02741	0.01958	0.01598	0.13815	0.03265	0.42323	0.03594	0.03211	0.02316	0.01268	0.01021	0.00325	0.00941	0.00993	0.01196	0.01733
10	0.01512	0.01014	0.01161	0.01186	0.01193	0.01008	0.00676	0.01531	0.01588	0.02118	0.03591	0.12656	0.04171	0.56659	0.04963	0.00963	0.00982	0.01690	0.00676	0.00663
11	0.02777	0.02415	0.07228	0.27856	0.13551	0.02388	0.07301	0.08463	0.02639	0.11589	0.02339	0.02839	0.01688	0.01080	0.01070	0.00338	0.01327	0.00978	0.00671	0.01463
12	0.17591	0.01712	0.06803	0.07709	0.02537	0.01518	0.01499	0.02160	0.02001	0.03239	0.04027	0.36193	0.04511	0.02315	0.01124	0.00389	0.00834	0.02012	0.00801	0.01025
13	0.02652	0.02580	0.02844	0.17949	0.08141	0.11408	0.02104	0.06738	0.11138	0.03480	0.02292	0.02658	0.01790	0.01058	0.00971	0.00284	0.01204	0.00859	0.00666	0.19185
14	0.02313	0.02313	0.03238	0.02776	0.02776	0.03238	0.02313	0.02545	0.01619	0.02545	0.01388	0.02313	0.01388	0.01851	0.03470	0.00463	0.60907	0.00925	0.00463	0.01157
15	0.02026	0.01554	0.02063	0.14672	0.03083	0.01735	0.01569	0.10842	0.02386	0.03193	0.03241	0.14866	0.03315	0.18083	0.11966	0.00757	0.01366	0.01501	0.00726	0.01054
16	0.02242	0.02037	0.03271	0.50080	0.11236	0.02451	0.02876	0.07469	0.02410	0.03142	0.01951	0.02775	0.01470	0.01067	0.01056	0.00346	0.01373	0.00941	0.00530	0.01278
17	0.02192	0.01879	0.02192	0.01566	0.02506	0.01409	0.01253	0.02662	0.02192	0.03445	0.01879	0.02192	0.01566	0.00783	0.00783	0.00157	0.00783	0.00626	0.00626	0.69305
18	0.70310	0.02045	0.01554	0.01390	0.02045	0.02372	0.01145	0.03108	0.01799	0.04744	0.01472	0.01718	0.01145	0.00981	0.00654	0.00327	0.00818	0.00573	0.00654	0.01145
19	0.02630	0.02271	0.02391	0.02152	0.02749	0.02630	0.01674	0.05618	0.54336	0.04423	0.04303	0.03945	0.03228	0.01434	0.01076	0.00359	0.00837	0.01195	0.01076	0.01674
20	0.01496	0.01081	0.01413	0.01330	0.01580	0.00998	0.00998	0.01995	0.02993	0.04240	0.55689	0.07898	0.09976	0.02162	0.01247	0.00333	0.00499	0.01912	0.01164	0.00998
21	0.04019	0.02962	0.03173	0.02433	0.03279	0.03279	0.02010	0.52721	0.04971	0.06663	0.02538	0.02538	0.01798	0.01269	0.01058	0.00317	0.01163	0.00952	0.01058	0.01798
22	0.01288	0.00920	0.01227	0.01472	0.01534	0.00859	0.00981	0.01472	0.02024	0.02699	0.05828	0.62152	0.06993	0.03312	0.01350	0.00429	0.00613	0.03006	0.00981	0.00859
23	0.04513	0.02425	0.02651	0.02088	0.02875	0.09279	0.01698	0.13395	0.03364	0.41056	0.03554	0.03192	0.02310	0.01273	0.01048	0.00318	0.01077	0.00994	0.01165	0.01725
24	0.01323	0.00965	0.01246	0.01405	0.01531	0.00888	0.00966	0.01574	0.02244	0.03002	0.15617	0.46788	0.12479	0.03034	0.01320	0.00404	0.00584	0.02724	0.01016	0.00888
25	0.28009	0.02926	0.10392	0.02108	0.02965	0.02766	0.01937	0.22940	0.07951	0.05268	0.02215	0.02321	0.01623	0.01140	0.00903	0.00327	0.01064	0.00810	0.00822	0.01512

[dist]
# distance from previous block
# <min> <max>
0	1

[block]
# block no. 4 follows, 13 sequences, length 6
# corresponding to MSA columns:
# 567-572
name=unknown_E
#
# <colnr> <probs for GDERKNQSTAVLIFYWHMCP>
#	G	D	E	R	K	N	Q	S	T	A	V	L	I	F	Y	W	H	M	C	P
0	0.02866	0.07121	0.22183	0.02335	0.03293	0.02287	0.02436	0.11758	0.02731	0.14070	0.02621	0.02929	0.01947	0.02594	0.13426	0.00617	0.01612	0.00927	0.00744	0.01502
1	0.03997	0.16452	0.03347	0.02220	0.02942	0.26115	0.01815	0.04333	0.02824	0.22358	0.02522	0.02477	0.01818	0.01129	0.00934	0.00282	0.01373	0.00795	0.00803	0.01463
2	0.17151	0.15379	0.10745	0.02063	0.02871	0.02501	0.06080	0.03371	0.06843	0.08276	0.11668	0.03329	0.03125	0.01237	0.00935	0.00313	0.01022	0.00990	0.00755	0.01347
3	0.15994	0.15928	0.14975	0.02911	0.12191	0.02989	0.02410	0.13885	0.02751	0.04171	0.01879	0.02151	0.01461	0.01026	0.00887	0.00303	0.01189	0.00760	0.00633	0.01508
4	0.09729	0.28027	0.18500	0.14691	0.04126	0.03130	0.02543	0.03109	0.02126	0.03008	0.01673	0.02084	0.01341	0.00973	0.00845	0.00293	0.01273	0.00705	0.00476	0.01350
5	0.27266	0.06446	0.02590	0.01910	0.02673	0.02435	0.05019	0.07024	0.13497	0.04281	0.02289	0.02434	0.01775	0.01045	0.00844	0.00292	0.00929	0.00792	0.00745	0.15715

[dist]
# distance from previous block
# <min> <max>
4	21

[block]
# block no. 5 follows, 13 sequences, length 27
# corresponding to MSA columns:
# 594-620
name=unknown_F
#
# <colnr> <probs for GDERKNQSTAVLIFYWHMCP>
#	G	D	E	R	K	N	Q	S	T	A	V	L	I	F	Y	W	H	M	C	P
0	0.07499	0.02661	0.02402	0.06589	0.03012	0.16035	0.01647	0.03452	0.10201	0.03307	0.02258	0.02612	0.01840	0.01761	0.07095	0.00409	0.01344	0.00801	0.00657	0.24417
1	0.02349	0.01504	0.01835	0.01689	0.02077	0.01507	0.01278	0.08251	0.09950	0.12024	0.19401	0.23246	0.06117	0.02200	0.01208	0.00364	0.00713	0.01927	0.01105	0.01254
2	0.02652	0.04446	0.36066	0.03087	0.04395	0.02695	0.10775	0.15706	0.02957	0.04184	0.02094	0.02403	0.01494	0.01054	0.01055	0.00334	0.01496	0.00895	0.00613	0.01601
3	0.01514	0.01036	0.01249	0.01301	0.01362	0.01018	0.00839	0.01645	0.01858	0.02496	0.09552	0.15620	0.05196	0.41395	0.03941	0.00808	0.00903	0.06740	0.00781	0.00745
4	0.01284	0.00936	0.01210	0.01429	0.01522	0.00862	0.00962	0.01477	0.02066	0.02716	0.06352	0.56572	0.12234	0.03244	0.01339	0.00422	0.00605	0.02923	0.00982	0.00862
5	0.01272	0.01072	0.01102	0.01094	0.01442	0.00902	0.00821	0.01561	0.02463	0.02981	0.14769	0.09970	0.51681	0.02631	0.01249	0.00355	0.00532	0.02203	0.00998	0.00902
6	0.02630	0.02271	0.02391	0.02152	0.02749	0.02630	0.01674	0.05618	0.54336	0.04423	0.04303	0.03945	0.03228	0.01434	0.01076	0.00359	0.00837	0.01195	0.01076	0.01674
7	0.02630	0.02271	0.02391	0.02152	0.02749	0.02630	0.01674	0.05618	0.54336	0.04423	0.04303	0.03945	0.03228	0.01434	0.01076	0.00359	0.00837	0.01195	0.01076	0.01674
8	0.70310	0.02045	0.01554	0.01390	0.02045	0.02372	0.01145	0.03108	0.01799	0.04744	0.01472	0.01718	0.01145	0.00981	0.00654	0.00327	0.00818	0.00573	0.00654	0.01145
9	0.02192	0.01879	0.02192	0.01566	0.02506	0.01409	0.01253	0.02662	0.02192	0.03445	0.01879	0.02192	0.01566	0.00783	0.00783	0.00157	0.00783	0.00626	0.00626	0.69305
10	0.43901	0.01946	0.01916	0.01588	0.02308	0.02042	0.01310	0.03932	0.02294	0.25783	0.02559	0.02475	0.01738	0.01113	0.00819	0.00327	0.00851	0.00770	0.00918	0.01409
11	0.02192	0.01879	0.02192	0.01566	0.02506	0.01409	0.01253	0.02662	0.02192	0.03445	0.01879	0.02192	0.01566	0.00783	0.00783	0.00157	0.00783	0.00626	0.00626	0.69305
12	0.01942	0.01179	0.01556	0.01406	0.01733	0.01074	0.01074	0.02429	0.02997	0.11477	0.48619	0.07308	0.08966	0.02044	0.01222	0.00332	0.00554	0.01796	0.01184	0.01108
13	0.02192	0.01879	0.02192	0.01566	0.02506	0.01409	0.01253	0.02662	0.02192	0.03445	0.01879	0.02192	0.01566	0.00783	0.00783	0.00157	0.00783	0.00626	0.00626	0.69305
14	0.03304	0.02579	0.03172	0.22909	0.04695	0.02950	0.02338	0.35021	0.03960	0.05262	0.02305	0.02638	0.01661	0.01194	0.01057	0.00330	0.01251	0.00948	0.00850	0.01577
15	0.01288	0.00920	0.01227	0.01472	0.01534	0.00859	0.00981	0.01472	0.02024	0.02699	0.05828	0.62152	0.06993	0.03312	0.01350	0.00429	0.00613	0.03006	0.00981	0.00859
16	0.03034	0.52692	0.05071	0.01978	0.02816	0.14227	0.01852	0.03361	0.02305	0.02506	0.01500	0.01735	0.01358	0.00939	0.00729	0.00235	0.01274	0.00587	0.00469	0.01333
17	0.64621	0.02301	0.01678	0.01505	0.02150	0.07192	0.01222	0.03204	0.01902	0.04559	0.01486	0.01734	0.01164	0.00991	0.00680	0.00322	0.00911	0.00582	0.00645	0.01152
18	0.02410	0.03339	0.19575	0.04174	0.17876	0.02445	0.18047	0.06351	0.02515	0.03543	0.02390	0.07946	0.02046	0.01179	0.01124	0.00343	0.01439	0.01176	0.00581	0.01502
19	0.03950	0.05039	0.02996	0.02724	0.03269	0.58597	0.02043	0.04222	0.02996	0.02588	0.01634	0.01907	0.01362	0.01090	0.00953	0.00272	0.01907	0.00681	0.00545	0.01226
20	0.01313	0.01060	0.01168	0.01170	0.01474	0.00915	0.00866	0.01629	0.02516	0.03176	0.21118	0.14316	0.40356	0.02611	0.01258	0.00358	0.00534	0.02224	0.01026	0.00915
21	0.01525	0.01143	0.01438	0.01321	0.01637	0.01019	0.00997	0.01997	0.02867	0.04029	0.46606	0.07691	0.14232	0.02108	0.01211	0.00321	0.00525	0.01845	0.01102	0.06387
22	0.01502	0.01038	0.01183	0.01171	0.01244	0.01007	0.00710	0.01602	0.01841	0.02454	0.11754	0.07401	0.10144	0.47715	0.04347	0.00854	0.00897	0.01664	0.00753	0.00719
23	0.70310	0.02045	0.01554	0.01390	0.02045	0.02372	0.01145	0.03108	0.01799	0.04744	0.01472	0.01718	0.01145	0.00981	0.00654	0.00327	0.00818	0.00573	0.00654	0.01145
24	0.02132	0.02445	0.09342	0.41926	0.10615	0.02421	0.10295	0.02912	0.02205	0.02928	0.01928	0.02747	0.01452	0.01018	0.01079	0.00348	0.01468	0.00968	0.00481	0.01291
25	0.01475	0.01064	0.01394	0.01345	0.01575	0.00983	0.00996	0.01941	0.02892	0.04080	0.50505	0.13538	0.09666	0.02281	0.01258	0.00343	0.00511	0.02026	0.01145	0.00983
26	0.01971	0.08416	0.06859	0.01804	0.02254	0.01837	0.01512	0.06345	0.10896	0.03501	0.10850	0.29784	0.05285	0.02254	0.01169	0.00367	0.00813	0.01968	0.00923	0.01192

[dist]
# distance from previous block
# <min> <max>
0	1

[block]
# block no. 6 follows, 13 sequences, length 19
# corresponding to MSA columns:
# 622-640
name=unknown_G
#
# <colnr> <probs for GDERKNQSTAVLIFYWHMCP>
#	G	D	E	R	K	N	Q	S	T	A	V	L	I	F	Y	W	H	M	C	P
0	0.02476	0.10522	0.34087	0.06506	0.07742	0.02749	0.08255	0.09012	0.02572	0.03617	0.01957	0.02333	0.01446	0.01013	0.01007	0.00323	0.01466	0.00845	0.00533	0.01539
1	0.59002	0.02201	0.01830	0.01568	0.02255	0.02527	0.01293	0.11572	0.02340	0.05071	0.01654	0.01858	0.01256	0.01031	0.00723	0.00325	0.00877	0.00637	0.00723	0.01256
2	0.01444	0.01024	0.01368	0.01587	0.01699	0.00988	0.01172	0.01703	0.02102	0.02777	0.05498	0.40765	0.06384	0.09349	0.01801	0.00509	0.00768	0.17247	0.00944	0.00872
3	0.09270	0.36686	0.08491	0.02001	0.02888	0.03558	0.01926	0.11146	0.08609	0.03639	0.01998	0.02131	0.01621	0.01038	0.00807	0.00274	0.01106	0.00716	0.00637	0.01458
4	0.01628	0.01219	0.01527	0.01425	0.01715	0.01187	0.01076	0.02415	0.08944	0.04261	0.49732	0.07440	0.09194	0.02077	0.01227	0.00336	0.00538	0.01829	0.01154	0.01076
5	0.01397	0.01061	0.01285	0.01263	0.01527	0.00950	0.00934	0.01789	0.02708	0.03641	0.36256	0.14234	0.24215	0.02444	0.01258	0.00350	0.00522	0.02127	0.01087	0.00950
6	0.14136	0.02476	0.02928	0.06830	0.03401	0.07178	0.06854	0.13272	0.06305	0.21845	0.02853	0.02849	0.01970	0.01178	0.01008	0.00327	0.01148	0.00951	0.00936	0.01554
7	0.03511	0.02048	0.03390	0.17323	0.09227	0.02015	0.09944	0.04089	0.02659	0.30145	0.03081	0.03197	0.02071	0.01147	0.01089	0.00337	0.01197	0.01050	0.00906	0.01574
8	0.01349	0.01046	0.01228	0.01243	0.01505	0.00926	0.00909	0.01688	0.02556	0.03345	0.26641	0.19051	0.29511	0.02603	0.01267	0.00361	0.00536	0.02257	0.01050	0.00926
9	0.03851	0.02156	0.02900	0.02278	0.03064	0.02142	0.06894	0.09889	0.17416	0.31773	0.03833	0.03511	0.02599	0.01296	0.01085	0.00338	0.01000	0.01108	0.01139	0.01726
10	0.03550	0.06207	0.03693	0.08969	0.08836	0.08195	0.09995	0.15176	0.03184	0.17729	0.02623	0.02784	0.01857	0.01128	0.01055	0.00319	0.01300	0.00975	0.00843	0.01581
11	0.01718	0.02012	0.11976	0.01721	0.02248	0.01421	0.01604	0.02583	0.07590	0.04090	0.40877	0.06473	0.07737	0.01878	0.01186	0.00335	0.00729	0.01634	0.01021	0.01166
12	0.02272	0.01998	0.02585	0.02488	0.12565	0.01616	0.01626	0.02771	0.02233	0.03447	0.01900	0.02272	0.01586	0.00813	0.00832	0.00186	0.00872	0.00686	0.00607	0.56647
13	0.02510	0.02057	0.02240	0.01981	0.02521	0.02301	0.01545	0.10182	0.35911	0.04637	0.16813	0.04760	0.04732	0.01595	0.01116	0.00347	0.00791	0.01345	0.01096	0.01521
14	0.01538	0.01025	0.01153	0.01153	0.01153	0.01025	0.00641	0.01538	0.01538	0.02050	0.03331	0.06919	0.03844	0.62842	0.05382	0.01025	0.01025	0.01538	0.00641	0.00641
15	0.13023	0.02247	0.03296	0.12468	0.16747	0.02447	0.08050	0.07893	0.09251	0.03848	0.02350	0.02862	0.01858	0.01778	0.06975	0.00476	0.01373	0.00974	0.00663	0.01421
16	0.02432	0.01872	0.02217	0.01596	0.02524	0.01423	0.01281	0.02896	0.02271	0.08472	0.02094	0.02325	0.01665	0.00832	0.00809	0.00173	0.00794	0.00667	0.00690	0.62967
17	0.03745	0.10384	0.03340	0.02402	0.03165	0.15777	0.01965	0.31989	0.08469	0.05068	0.02364	0.02420	0.01772	0.01201	0.00992	0.00300	0.01299	0.00867	0.00874	0.01607
18	0.11018	0.10982	0.13567	0.02103	0.03098	0.02621	0.02043	0.17045	0.02931	0.04366	0.01966	0.02175	0.01509	0.01003	0.00874	0.00266	0.01092	0.00734	0.00694	0.19912

[dist]
# distance from previous block
# <min> <max>
0	2

[block]
# block no. 7 follows, 13 sequences, length 26
# corresponding to MSA columns:
# 643-668
name=unknown_H
#
# <colnr> <probs for GDERKNQSTAVLIFYWHMCP>
#	G	D	E	R	K	N	Q	S	T	A	V	L	I	F	Y	W	H	M	C	P
0	0.03181	0.03706	0.03245	0.14753	0.04233	0.32090	0.07042	0.04060	0.11397	0.02997	0.02183	0.02530	0.01709	0.01122	0.01024	0.00312	0.01612	0.00876	0.00618	0.01310
1	0.03600	0.02255	0.02724	0.09119	0.03382	0.02398	0.01863	0.23826	0.08694	0.19875	0.08235	0.03526	0.02912	0.01357	0.01079	0.00330	0.01023	0.01098	0.01069	0.01634
2	0.02095	0.01894	0.03024	0.25947	0.09734	0.02058	0.07734	0.07344	0.02494	0.03258	0.03871	0.12469	0.10410	0.01617	0.01148	0.00358	0.01166	0.01467	0.00690	0.01224
3	0.04239	0.02070	0.02936	0.02243	0.03072	0.01940	0.07221	0.09629	0.07687	0.41527	0.03800	0.03444	0.02480	0.01270	0.01084	0.00332	0.01017	0.01084	0.01178	0.01747
4	0.01555	0.00995	0.01315	0.01366	0.01411	0.01014	0.00894	0.01544	0.01626	0.02200	0.03398	0.17015	0.03803	0.26701	0.13194	0.17782	0.01217	0.01622	0.00654	0.00692
5	0.03950	0.05039	0.02996	0.02724	0.03269	0.58597	0.02043	0.04222	0.02996	0.02588	0.01634	0.01907	0.01362	0.01090	0.00953	0.00272	0.01907	0.00681	0.00545	0.01226
6	0.03087	0.02525	0.09923	0.02662	0.03487	0.02087	0.15078	0.10657	0.02832	0.18586	0.03208	0.09106	0.02624	0.07309	0.01550	0.00412	0.01233	0.01296	0.00869	0.01469
7	0.01392	0.00996	0.01242	0.01331	0.01451	0.00933	0.00894	0.01619	0.02188	0.02947	0.17957	0.31895	0.11334	0.16265	0.02216	0.00532	0.00670	0.02341	0.00950	0.00847
8	0.12648	0.01829	0.02345	0.01822	0.02620	0.01653	0.01505	0.04906	0.02878	0.50682	0.03846	0.03372	0.02440	0.01269	0.01014	0.00327	0.00890	0.01004	0.01230	0.01720
9	0.09800	0.03263	0.11596	0.03340	0.12519	0.07195	0.08471	0.19941	0.03267	0.07299	0.02210	0.02468	0.01629	0.01089	0.01024	0.00322	0.01325	0.00908	0.00746	0.01588
10	0.02149	0.01338	0.01920	0.07613	0.07482	0.01327	0.01390	0.02361	0.02127	0.10550	0.09690	0.14475	0.04189	0.15779	0.02553	0.10769	0.00918	0.01553	0.00803	0.01014
11	0.01374	0.01037	0.01206	0.01229	0.01438	0.00938	0.00859	0.01639	0.02335	0.03048	0.20385	0.18647	0.25189	0.13544	0.02015	0.00485	0.00629	0.02165	0.00968	0.00869
12	0.64257	0.02030	0.01697	0.06610	0.02509	0.02370	0.01304	0.03072	0.01827	0.04563	0.01508	0.01815	0.01168	0.00988	0.00690	0.00329	0.00870	0.00605	0.00638	0.01148
13	0.02827	0.63478	0.05540	0.01809	0.02714	0.04184	0.01809	0.03166	0.02148	0.02488	0.01470	0.01696	0.01357	0.00905	0.00678	0.00226	0.01131	0.00565	0.00452	0.01357
14	0.02791	0.28647	0.20453	0.02838	0.09817	0.03314	0.02642	0.11562	0.02679	0.03563	0.01840	0.02109	0.01464	0.01000	0.00884	0.00284	0.01280	0.00740	0.00561	0.01531
15	0.01997	0.01879	0.03171	0.60301	0.07282	0.02349	0.02936	0.02701	0.02114	0.02701	0.01879	0.02819	0.01409	0.01057	0.01057	0.00352	0.01409	0.00940	0.00470	0.01175
16	0.04744	0.01799	0.02454	0.01881	0.02699	0.01554	0.01554	0.05153	0.03026	0.56979	0.04171	0.03599	0.02617	0.01309	0.01063	0.00327	0.00900	0.01063	0.01309	0.01799
17	0.09183	0.12930	0.10999	0.02098	0.02993	0.09062	0.01967	0.04285	0.02663	0.29400	0.02871	0.02730	0.01953	0.01145	0.00945	0.00305	0.01150	0.00854	0.00897	0.01570
18	0.09049	0.02217	0.03196	0.04340	0.31444	0.02328	0.02388	0.03592	0.14854	0.03723	0.02961	0.10027	0.02640	0.01351	0.01052	0.00340	0.01035	0.01216	0.00725	0.01525
19	0.03290	0.01712	0.02149	0.01771	0.02366	0.01646	0.01415	0.08697	0.08997	0.27578	0.22193	0.05051	0.05202	0.01620	0.01129	0.00332	0.00777	0.01367	0.01207	0.01502
20	0.10191	0.02051	0.03161	0.29101	0.18859	0.02253	0.02573	0.03328	0.02320	0.12827	0.02273	0.02783	0.01666	0.01063	0.01011	0.00335	0.01212	0.00922	0.00654	0.01415
21	0.02633	0.02236	0.07626	0.20065	0.10544	0.02106	0.02330	0.10125	0.02785	0.11198	0.08630	0.09117	0.03146	0.01444	0.01101	0.00343	0.01120	0.01252	0.00802	0.01396
22	0.02762	0.01955	0.02974	0.10467	0.21999	0.01985	0.02204	0.07482	0.02682	0.12593	0.10816	0.03695	0.03135	0.01540	0.01424	0.07930	0.01050	0.01113	0.00790	0.01406
23	0.01693	0.00987	0.01422	0.01422	0.01507	0.01013	0.01003	0.01517	0.01569	0.02099	0.03057	0.04210	0.07989	0.04594	0.17021	0.45276	0.01340	0.01115	0.00543	0.00624
24	0.42207	0.01999	0.01778	0.01572	0.02175	0.02253	0.01264	0.07673	0.10493	0.04668	0.07536	0.03361	0.06676	0.01318	0.00856	0.00334	0.00801	0.00955	0.00827	0.01253
25	0.02646	0.02224	0.03718	0.23782	0.34140	0.02352	0.02956	0.03276	0.02379	0.09112	0.02193	0.02792	0.01691	0.01021	0.01052	0.00328	0.01267	0.00955	0.00592	0.01523

[dist]
# distance from previous block
# <min> <max>
0	26

# created by:
# /st0/software/busco_prod/Augustus/scripts/msa2prfl.pl ./align_prep/4312.fa
