[name]
unknown

[dist]
# distance from previous block
# <min> <max>
0	7

[block]
# block no. 0 follows, 12 sequences, length 148
# corresponding to MSA columns:
# 7-154
name=unknown_A
#
# <colnr> <probs for GDERKNQSTAVLIFYWHMCP>
#	G	D	E	R	K	N	Q	S	T	A	V	L	I	F	Y	W	H	M	C	P
0	0.01874	0.01334	0.01678	0.01763	0.01982	0.01354	0.01364	0.07492	0.02504	0.03309	0.05011	0.23788	0.05570	0.14712	0.02239	0.00577	0.00933	0.20569	0.00947	0.00999
1	0.14032	0.02328	0.02649	0.13331	0.03742	0.02656	0.01952	0.13829	0.20955	0.08811	0.03089	0.03142	0.02260	0.01281	0.01029	0.00352	0.01049	0.01014	0.00930	0.01571
2	0.01901	0.01442	0.01730	0.01702	0.02017	0.01428	0.01236	0.07789	0.07885	0.03638	0.09007	0.38468	0.05913	0.02628	0.01264	0.00387	0.00728	0.02338	0.01012	0.07486
3	0.20924	0.02007	0.02248	0.02142	0.06661	0.02082	0.01527	0.04066	0.13567	0.16171	0.03115	0.03462	0.02410	0.08081	0.01469	0.00411	0.00926	0.01001	0.00915	0.06815
4	0.02556	0.02330	0.03740	0.31347	0.26285	0.02600	0.03049	0.08529	0.02638	0.03566	0.02061	0.02789	0.01610	0.01067	0.01086	0.00343	0.01360	0.00971	0.00576	0.01494
5	0.01558	0.01168	0.01752	0.01752	0.01947	0.01363	0.01363	0.01947	0.01752	0.02531	0.02921	0.04283	0.02726	0.08178	0.57360	0.01752	0.02921	0.01168	0.00584	0.00974
6	0.01589	0.01192	0.01485	0.01442	0.01710	0.01139	0.01068	0.02250	0.07044	0.04041	0.39609	0.15670	0.12858	0.02382	0.01287	0.00362	0.00564	0.02101	0.01150	0.01057
7	0.19858	0.01788	0.01937	0.01690	0.02230	0.01861	0.01317	0.06770	0.08371	0.16074	0.11447	0.09590	0.04053	0.06637	0.01419	0.00411	0.00835	0.01344	0.01020	0.01348
8	0.12564	0.01399	0.01584	0.01585	0.01892	0.01433	0.01148	0.02680	0.07975	0.08400	0.08772	0.30873	0.05379	0.07378	0.01557	0.00451	0.00745	0.02083	0.00989	0.01113
9	0.04145	0.03054	0.03272	0.02509	0.03381	0.03381	0.02072	0.51243	0.05127	0.06872	0.02618	0.02618	0.01854	0.01309	0.01091	0.00327	0.01200	0.00982	0.01091	0.01854
10	0.02503	0.01403	0.01728	0.01521	0.01943	0.01307	0.01149	0.03082	0.06821	0.17571	0.21791	0.06844	0.13853	0.11367	0.01892	0.00460	0.00745	0.01669	0.01118	0.01232
11	0.07400	0.01252	0.01553	0.01558	0.01868	0.01182	0.01168	0.02411	0.02476	0.11596	0.14291	0.29664	0.10418	0.02602	0.01270	0.00399	0.00699	0.06022	0.01071	0.01100
12	0.03263	0.01488	0.01964	0.01657	0.02217	0.01305	0.01308	0.03667	0.02931	0.31153	0.17849	0.11632	0.10976	0.01950	0.01197	0.00353	0.00750	0.01665	0.01238	0.01439
13	0.04443	0.01837	0.02439	0.01918	0.02695	0.01649	0.01567	0.05093	0.07266	0.47281	0.08311	0.04095	0.03358	0.01431	0.01113	0.00341	0.00889	0.01178	0.01318	0.01779
14	0.20000	0.02159	0.02277	0.01917	0.02576	0.02328	0.01537	0.15612	0.11339	0.13928	0.07514	0.08046	0.03212	0.01518	0.01031	0.00349	0.00905	0.01199	0.01037	0.01516
15	0.24355	0.01596	0.01728	0.01576	0.02082	0.01610	0.01221	0.03265	0.02334	0.19184	0.03862	0.20434	0.03583	0.01860	0.01023	0.00363	0.00778	0.01533	0.06338	0.01278
16	0.01480	0.01087	0.01387	0.01364	0.01604	0.00994	0.01003	0.01917	0.02861	0.03960	0.41786	0.16719	0.14830	0.02476	0.01303	0.00362	0.00537	0.02187	0.01149	0.00994
17	0.01495	0.01113	0.01391	0.01321	0.01599	0.01008	0.00991	0.01965	0.02973	0.04103	0.46143	0.08588	0.18617	0.02330	0.01287	0.00348	0.00522	0.02034	0.01165	0.01008
18	0.02549	0.01314	0.01902	0.01738	0.02073	0.01346	0.01346	0.02775	0.02065	0.17118	0.03098	0.03931	0.02552	0.05407	0.31147	0.14669	0.01974	0.01104	0.00774	0.01118
19	0.02385	0.02385	0.03340	0.02863	0.02863	0.03340	0.02385	0.02624	0.01670	0.02624	0.01431	0.02385	0.01431	0.01908	0.03578	0.00477	0.59685	0.00954	0.00477	0.01193
20	0.11685	0.01882	0.02433	0.01887	0.02712	0.01691	0.01558	0.05092	0.02988	0.50289	0.04008	0.03507	0.02539	0.01314	0.01052	0.00337	0.00919	0.01043	0.01278	0.01785
21	0.01526	0.01049	0.01278	0.01361	0.01420	0.01025	0.00877	0.01660	0.01917	0.02569	0.08311	0.22331	0.05537	0.36248	0.03745	0.00787	0.00894	0.05858	0.00827	0.00779
22	0.03324	0.02193	0.02828	0.02816	0.10920	0.02286	0.01942	0.20781	0.03411	0.14969	0.03302	0.09764	0.02756	0.02625	0.10311	0.00575	0.01377	0.01275	0.00964	0.01580
23	0.02712	0.02342	0.02465	0.02219	0.02835	0.02712	0.01726	0.05794	0.52909	0.04561	0.04438	0.04068	0.03328	0.01479	0.01109	0.00370	0.00863	0.01233	0.01109	0.01726
24	0.02059	0.01938	0.03270	0.59060	0.07510	0.02422	0.03028	0.02786	0.02180	0.02786	0.01938	0.02907	0.01453	0.01090	0.01090	0.00363	0.01453	0.00969	0.00484	0.01211
25	0.02301	0.04842	0.41374	0.03547	0.05009	0.02599	0.17886	0.03465	0.02382	0.03465	0.02030	0.02491	0.01462	0.01001	0.01110	0.00352	0.01678	0.00948	0.00487	0.01570
26	0.02385	0.02952	0.10825	0.03943	0.04904	0.02587	0.36098	0.03224	0.02374	0.03302	0.02223	0.03015	0.01753	0.01965	0.08886	0.00557	0.05867	0.01198	0.00541	0.01400
27	0.01573	0.01105	0.01434	0.01434	0.01518	0.01190	0.00966	0.01743	0.01658	0.02295	0.03212	0.05897	0.03426	0.38442	0.28053	0.01359	0.01866	0.01404	0.00627	0.00797
28	0.01575	0.01100	0.01409	0.01409	0.01484	0.01176	0.00934	0.01726	0.01651	0.02277	0.03235	0.06025	0.03482	0.40843	0.25728	0.01328	0.01783	0.01423	0.00631	0.00783
29	0.02435	0.02065	0.02579	0.13252	0.03664	0.01867	0.01729	0.08274	0.02571	0.03777	0.02015	0.02431	0.01610	0.00921	0.00896	0.00221	0.00982	0.00749	0.00664	0.47297
30	0.04661	0.02226	0.02760	0.02116	0.02968	0.02153	0.01748	0.19526	0.03741	0.40545	0.03781	0.03373	0.02438	0.01337	0.01095	0.00334	0.01012	0.01061	0.01269	0.01855
31	0.02136	0.01505	0.01907	0.01930	0.02302	0.01552	0.01604	0.03193	0.13574	0.07290	0.14451	0.09160	0.06145	0.02422	0.01351	0.00433	0.00877	0.25861	0.01087	0.01223
32	0.01515	0.01104	0.01470	0.01562	0.01768	0.01059	0.01195	0.01912	0.02542	0.03455	0.23596	0.23207	0.10969	0.03241	0.05931	0.00521	0.00851	0.12086	0.01044	0.00973
33	0.01645	0.01296	0.01920	0.01869	0.02043	0.01571	0.01471	0.02018	0.01744	0.02541	0.02764	0.04084	0.02589	0.07517	0.51695	0.01618	0.08900	0.01146	0.00573	0.00997
34	0.01328	0.00949	0.01265	0.01518	0.01581	0.00886	0.01012	0.01518	0.02088	0.02783	0.06010	0.60969	0.07212	0.03416	0.01392	0.00443	0.00633	0.03100	0.01012	0.00886
35	0.04145	0.03054	0.03272	0.02509	0.03381	0.03381	0.02072	0.51243	0.05127	0.06872	0.02618	0.02618	0.01854	0.01309	0.01091	0.00327	0.01200	0.00982	0.01091	0.01854
36	0.03135	0.02553	0.02704	0.02305	0.02997	0.02910	0.01828	0.19225	0.38788	0.05244	0.03900	0.03639	0.02893	0.01429	0.01104	0.00357	0.00962	0.01159	0.01104	0.01764
37	0.04145	0.03054	0.03272	0.02509	0.03381	0.03381	0.02072	0.51243	0.05127	0.06872	0.02618	0.02618	0.01854	0.01309	0.01091	0.00327	0.01200	0.00982	0.01091	0.01854
38	0.02699	0.02591	0.04426	0.06693	0.54879	0.02591	0.03346	0.03346	0.02483	0.03562	0.02051	0.02699	0.01727	0.00972	0.01079	0.00324	0.01295	0.00972	0.00540	0.01727
39	0.01694	0.01150	0.01366	0.01365	0.01660	0.01029	0.01015	0.02001	0.02493	0.07324	0.15936	0.17320	0.26547	0.08263	0.01711	0.00450	0.00674	0.05975	0.01037	0.00991
40	0.04318	0.02206	0.02642	0.02051	0.02843	0.02191	0.01686	0.21823	0.03767	0.32365	0.03607	0.03349	0.02400	0.01326	0.01059	0.00325	0.00983	0.01046	0.08248	0.01767
41	0.01440	0.01070	0.01342	0.01360	0.01588	0.00972	0.00987	0.01826	0.02716	0.03696	0.33763	0.22212	0.17742	0.02635	0.01314	0.00373	0.00552	0.02324	0.01117	0.00972
42	0.03438	0.01534	0.02064	0.01693	0.02282	0.01353	0.01353	0.03899	0.03106	0.33369	0.26019	0.05637	0.05995	0.01732	0.01179	0.00340	0.00748	0.01477	0.01285	0.01496
43	0.03059	0.01605	0.02055	0.01708	0.02249	0.01505	0.01356	0.08842	0.03331	0.23319	0.30217	0.05902	0.06565	0.01804	0.01195	0.00339	0.00743	0.01540	0.01242	0.01424
44	0.01467	0.01056	0.01384	0.01595	0.01730	0.01006	0.01177	0.01735	0.02196	0.02875	0.06132	0.38829	0.10455	0.08105	0.01762	0.00505	0.00765	0.15346	0.00981	0.00903
45	0.62042	0.02080	0.01708	0.01491	0.02185	0.02350	0.01229	0.03445	0.02000	0.10668	0.01835	0.01992	0.01354	0.01051	0.00723	0.00337	0.00853	0.00648	0.00752	0.01258
46	0.04073	0.05197	0.03090	0.02809	0.03371	0.57303	0.02107	0.04354	0.03090	0.02669	0.01685	0.01966	0.01404	0.01124	0.00983	0.00281	0.01966	0.00702	0.00562	0.01264
47	0.01394	0.00985	0.01275	0.01448	0.01524	0.00930	0.00957	0.01590	0.02120	0.02856	0.11091	0.46266	0.07038	0.12686	0.02051	0.00531	0.00688	0.02727	0.00977	0.00866
48	0.17308	0.01789	0.02157	0.01767	0.02481	0.01695	0.01460	0.04419	0.02750	0.37046	0.03799	0.04031	0.02686	0.01407	0.01017	0.00343	0.00882	0.04659	0.06719	0.01583
49	0.01586	0.01057	0.01189	0.01189	0.01189	0.01057	0.00661	0.01586	0.01586	0.02114	0.03436	0.07135	0.03964	0.61681	0.05550	0.01057	0.01057	0.01586	0.00661	0.00661
50	0.10265	0.01877	0.02453	0.01898	0.02727	0.01673	0.01567	0.05138	0.03015	0.51407	0.04070	0.03550	0.02573	0.01321	0.01061	0.00337	0.00921	0.01054	0.01293	0.01799
51	0.02629	0.01298	0.01759	0.01714	0.02070	0.01174	0.01291	0.02930	0.02493	0.21509	0.05384	0.36121	0.05528	0.02647	0.01298	0.00411	0.00772	0.06601	0.01131	0.01240
52	0.04069	0.01935	0.02451	0.02019	0.02755	0.01866	0.01647	0.05196	0.16146	0.38036	0.04455	0.04492	0.03150	0.01517	0.01133	0.00359	0.00917	0.04845	0.01259	0.01753
53	0.01358	0.00961	0.01257	0.01481	0.01537	0.00905	0.00972	0.01526	0.02030	0.02707	0.05717	0.54841	0.06842	0.10048	0.01865	0.00513	0.00681	0.02927	0.00972	0.00860
54	0.02155	0.01270	0.01487	0.01404	0.01736	0.01255	0.01060	0.02916	0.08354	0.08967	0.19687	0.11288	0.05630	0.01824	0.01062	0.00323	0.00603	0.01564	0.26248	0.01167
55	0.01880	0.01520	0.01733	0.01765	0.02075	0.01621	0.01283	0.03236	0.22492	0.03509	0.05790	0.34047	0.09503	0.02586	0.01270	0.00407	0.00718	0.02286	0.01051	0.01225
56	0.18801	0.01963	0.02169	0.01931	0.02366	0.05732	0.01552	0.03156	0.02122	0.13411	0.02569	0.03159	0.02087	0.03819	0.21846	0.00868	0.09512	0.00955	0.00739	0.01243
57	0.02463	0.02410	0.04080	0.09415	0.27557	0.02652	0.09319	0.03005	0.02204	0.03148	0.02028	0.03036	0.01807	0.06143	0.02065	0.00429	0.15213	0.01060	0.00532	0.01436
58	0.02029	0.01139	0.01486	0.01504	0.01755	0.01046	0.01086	0.02358	0.02486	0.11878	0.15544	0.34610	0.06651	0.02605	0.01255	0.00385	0.00643	0.02318	0.08135	0.01088
59	0.01469	0.01058	0.01391	0.01422	0.01613	0.00980	0.01023	0.01872	0.02743	0.03826	0.37688	0.26319	0.09230	0.02637	0.01322	0.00377	0.00555	0.02360	0.01136	0.00980
60	0.02171	0.01966	0.02817	0.03779	0.24934	0.01977	0.02107	0.03124	0.11866	0.03500	0.05427	0.10689	0.17522	0.01806	0.01174	0.00356	0.00941	0.01600	0.00825	0.01418
61	0.03035	0.02358	0.03585	0.15029	0.18734	0.02495	0.06550	0.07823	0.12427	0.12356	0.02912	0.03182	0.02143	0.01177	0.01108	0.00347	0.01222	0.01069	0.00815	0.01633
62	0.01642	0.01320	0.01502	0.01499	0.01848	0.01281	0.01162	0.02450	0.10813	0.03526	0.17385	0.12673	0.27160	0.02528	0.01298	0.00388	0.00667	0.08711	0.01064	0.01083
63	0.01586	0.01057	0.01189	0.01189	0.01189	0.01057	0.00661	0.01586	0.01586	0.02114	0.03436	0.07135	0.03964	0.61681	0.05550	0.01057	0.01057	0.01586	0.00661	0.00661
64	0.01328	0.00949	0.01265	0.01518	0.01581	0.00886	0.01012	0.01518	0.02088	0.02783	0.06010	0.60969	0.07212	0.03416	0.01392	0.00443	0.00633	0.03100	0.01012	0.00886
65	0.69383	0.02109	0.01603	0.01434	0.02109	0.02446	0.01181	0.03205	0.01856	0.04892	0.01518	0.01771	0.01181	0.01012	0.00675	0.00337	0.00843	0.00590	0.00675	0.01181
66	0.03262	0.02790	0.03825	0.08315	0.04193	0.07254	0.15105	0.13844	0.15216	0.10227	0.02993	0.03149	0.02175	0.01214	0.01139	0.00349	0.01347	0.01112	0.00879	0.01611
67	0.01328	0.00949	0.01265	0.01518	0.01581	0.00886	0.01012	0.01518	0.02088	0.02783	0.06010	0.60969	0.07212	0.03416	0.01392	0.00443	0.00633	0.03100	0.01012	0.00886
68	0.02059	0.01938	0.03270	0.59060	0.07510	0.02422	0.03028	0.02786	0.02180	0.02786	0.01938	0.02907	0.01453	0.01090	0.01090	0.00363	0.01453	0.00969	0.00484	0.01211
69	0.02540	0.33092	0.31668	0.02506	0.03789	0.03395	0.02981	0.03362	0.02260	0.03023	0.01743	0.02034	0.01390	0.00986	0.00873	0.00291	0.01396	0.00698	0.00463	0.01509
70	0.03716	0.01879	0.02293	0.01856	0.02545	0.01777	0.01496	0.13823	0.03325	0.30481	0.05447	0.09616	0.13288	0.01797	0.01158	0.00350	0.00885	0.01481	0.01200	0.01587
71	0.02187	0.05640	0.56031	0.03108	0.04719	0.02532	0.04029	0.03453	0.02302	0.03453	0.01957	0.02302	0.01381	0.01036	0.01036	0.00345	0.01611	0.00806	0.00460	0.01611
72	0.01727	0.01464	0.02436	0.02035	0.02441	0.01361	0.11045	0.02289	0.02878	0.04028	0.38756	0.12664	0.08230	0.02091	0.01297	0.00358	0.00793	0.01953	0.01050	0.01102
73	0.02187	0.05640	0.56031	0.03108	0.04719	0.02532	0.04029	0.03453	0.02302	0.03453	0.01957	0.02302	0.01381	0.01036	0.01036	0.00345	0.01611	0.00806	0.00460	0.01611
74	0.01973	0.01744	0.02840	0.42850	0.06018	0.02091	0.02667	0.02636	0.02274	0.02921	0.03028	0.05576	0.02823	0.01636	0.01208	0.00403	0.01326	0.14201	0.00632	0.01152
75	0.01330	0.01038	0.01208	0.01310	0.01535	0.00916	0.00927	0.01591	0.02369	0.03010	0.12956	0.32194	0.29743	0.02995	0.01333	0.00398	0.00584	0.02617	0.01030	0.00916
76	0.02510	0.02434	0.02760	0.18427	0.04034	0.11958	0.02158	0.07879	0.02456	0.03096	0.02222	0.03093	0.01892	0.03484	0.19390	0.00803	0.08616	0.00985	0.00593	0.01210
77	0.02467	0.15409	0.43016	0.02869	0.04277	0.07303	0.03498	0.03494	0.02351	0.03236	0.01858	0.02179	0.01386	0.01025	0.00973	0.00321	0.01563	0.00759	0.00470	0.01546
78	0.02120	0.02000	0.03380	0.54099	0.11997	0.02438	0.03058	0.02839	0.02209	0.02859	0.01949	0.02887	0.01479	0.01079	0.01089	0.00360	0.01439	0.00969	0.00490	0.01260
79	0.01991	0.01560	0.01797	0.01716	0.02076	0.01632	0.01283	0.06787	0.16720	0.04055	0.19155	0.21778	0.10416	0.02329	0.01252	0.00380	0.00702	0.02036	0.01098	0.01238
80	0.09519	0.02582	0.03295	0.18735	0.12503	0.02903	0.02453	0.25734	0.03585	0.05032	0.02236	0.02630	0.01659	0.01167	0.01049	0.00338	0.01251	0.00939	0.00797	0.01592
81	0.03085	0.22317	0.10950	0.02958	0.03999	0.03408	0.15981	0.16982	0.03153	0.04151	0.02073	0.02394	0.01598	0.01048	0.01014	0.00311	0.01416	0.00920	0.00667	0.01573
82	0.04710	0.01896	0.02525	0.01963	0.02788	0.01695	0.01613	0.05354	0.07270	0.51378	0.04313	0.03741	0.02751	0.01360	0.01098	0.00340	0.00922	0.01108	0.01330	0.01845
83	0.01503	0.01113	0.01402	0.01330	0.01604	0.01012	0.00997	0.01980	0.02992	0.04148	0.47502	0.08514	0.17230	0.02313	0.01286	0.00347	0.00520	0.02024	0.01171	0.01012
84	0.01714	0.01227	0.01697	0.01881	0.02133	0.01210	0.01611	0.02219	0.02625	0.03485	0.15482	0.11468	0.07078	0.02855	0.01462	0.00470	0.00906	0.38424	0.01043	0.01009
85	0.02187	0.05640	0.56031	0.03108	0.04719	0.02532	0.04029	0.03453	0.02302	0.03453	0.01957	0.02302	0.01381	0.01036	0.01036	0.00345	0.01611	0.00806	0.00460	0.01611
86	0.03119	0.02544	0.02695	0.02301	0.02990	0.02902	0.01824	0.18707	0.39333	0.05218	0.03921	0.03656	0.02910	0.01431	0.01104	0.00358	0.00959	0.01161	0.01104	0.01762
87	0.01832	0.00997	0.01087	0.01159	0.01359	0.00979	0.00833	0.02250	0.02230	0.03701	0.04254	0.20233	0.04050	0.01880	0.00941	0.00308	0.00543	0.01608	0.48776	0.00979
88	0.01328	0.00949	0.01265	0.01518	0.01581	0.00886	0.01012	0.01518	0.02088	0.02783	0.06010	0.60969	0.07212	0.03416	0.01392	0.00443	0.00633	0.03100	0.01012	0.00886
89	0.04892	0.01856	0.02530	0.01940	0.02783	0.01603	0.01603	0.05314	0.03121	0.55634	0.04302	0.03711	0.02699	0.01350	0.01096	0.00337	0.00928	0.01096	0.01350	0.01856
90	0.01635	0.01168	0.01617	0.01869	0.02067	0.01150	0.01545	0.02049	0.02390	0.03127	0.05840	0.26128	0.06541	0.03127	0.01474	0.00485	0.00898	0.34913	0.01006	0.00970
91	0.02712	0.02342	0.02465	0.02219	0.02835	0.02712	0.01726	0.05794	0.52909	0.04561	0.04438	0.04068	0.03328	0.01479	0.01109	0.00370	0.00863	0.01233	0.01109	0.01726
92	0.01289	0.01105	0.01105	0.01105	0.01473	0.00920	0.00828	0.01565	0.02485	0.02946	0.11046	0.10493	0.54437	0.02761	0.01289	0.00368	0.00552	0.02301	0.01013	0.00920
93	0.01586	0.01057	0.01189	0.01189	0.01189	0.01057	0.00661	0.01586	0.01586	0.02114	0.03436	0.07135	0.03964	0.61681	0.05550	0.01057	0.01057	0.01586	0.00661	0.00661
94	0.02059	0.01938	0.03270	0.59060	0.07510	0.02422	0.03028	0.02786	0.02180	0.02786	0.01938	0.02907	0.01453	0.01090	0.01090	0.00363	0.01453	0.00969	0.00484	0.01211
95	0.02246	0.10259	0.51932	0.03007	0.04563	0.02677	0.03852	0.03438	0.02295	0.03381	0.01921	0.02257	0.01383	0.01028	0.01009	0.00336	0.01575	0.00788	0.00461	0.01594
96	0.02333	0.16983	0.45965	0.02859	0.04335	0.02889	0.03596	0.03415	0.02285	0.03275	0.01869	0.02191	0.01385	0.01015	0.00969	0.00323	0.01522	0.00761	0.00462	0.01569
97	0.01581	0.01063	0.01217	0.01208	0.01236	0.01054	0.00699	0.01635	0.01744	0.02352	0.08794	0.07242	0.04630	0.55418	0.05101	0.00982	0.01000	0.01626	0.00718	0.00699
98	0.03972	0.04092	0.03102	0.02636	0.03324	0.31132	0.02057	0.22752	0.08602	0.04485	0.02309	0.02419	0.01762	0.01229	0.01037	0.00307	0.01563	0.00861	0.00820	0.01538
99	0.03015	0.01856	0.02238	0.01902	0.02504	0.01824	0.01516	0.11413	0.09802	0.17059	0.12091	0.11332	0.04539	0.01810	0.01163	0.00347	0.00857	0.05087	0.01112	0.08532
100	0.02309	0.01884	0.02481	0.22451	0.08081	0.06265	0.01987	0.02717	0.02230	0.07708	0.03219	0.14693	0.03180	0.13713	0.02034	0.00505	0.01199	0.01485	0.00712	0.01145
101	0.01586	0.01057	0.01189	0.01189	0.01189	0.01057	0.00661	0.01586	0.01586	0.02114	0.03436	0.07135	0.03964	0.61681	0.05550	0.01057	0.01057	0.01586	0.00661	0.00661
102	0.01545	0.01114	0.01471	0.01453	0.01691	0.01039	0.01104	0.02028	0.02931	0.04105	0.44617	0.13586	0.09574	0.02424	0.01319	0.00369	0.00577	0.06879	0.01162	0.01013
103	0.04210	0.01989	0.02516	0.01969	0.02727	0.01883	0.01610	0.14380	0.03534	0.37404	0.11813	0.04180	0.03716	0.01479	0.01125	0.00336	0.00920	0.01210	0.01272	0.01725
104	0.01640	0.01172	0.01623	0.01875	0.02075	0.01155	0.01554	0.02058	0.02395	0.03133	0.05837	0.25537	0.06530	0.03122	0.01475	0.00486	0.00903	0.35453	0.01006	0.00972
105	0.01586	0.01057	0.01189	0.01189	0.01189	0.01057	0.00661	0.01586	0.01586	0.02114	0.03436	0.07135	0.03964	0.61681	0.05550	0.01057	0.01057	0.01586	0.00661	0.00661
106	0.08412	0.01626	0.01935	0.01666	0.02210	0.01586	0.01314	0.03728	0.10894	0.20439	0.22113	0.05790	0.10212	0.01782	0.01148	0.00347	0.00731	0.01495	0.01171	0.01403
107	0.08570	0.02312	0.02429	0.02005	0.02666	0.02513	0.01613	0.25927	0.11932	0.05377	0.09751	0.04753	0.12191	0.01665	0.01115	0.00344	0.00929	0.01327	0.01057	0.01526
108	0.01348	0.00979	0.01272	0.01468	0.01577	0.00904	0.00999	0.01579	0.02226	0.02964	0.11516	0.51199	0.11471	0.03236	0.01372	0.00426	0.00613	0.02914	0.01032	0.00904
109	0.02044	0.01530	0.01790	0.01710	0.02044	0.01565	0.01270	0.11927	0.07070	0.04079	0.15320	0.29846	0.10376	0.02544	0.01279	0.00387	0.00734	0.02231	0.01074	0.01180
110	0.01586	0.01057	0.01189	0.01189	0.01189	0.01057	0.00661	0.01586	0.01586	0.02114	0.03436	0.07135	0.03964	0.61681	0.05550	0.01057	0.01057	0.01586	0.00661	0.00661
111	0.01403	0.01075	0.01286	0.01306	0.01561	0.00958	0.00952	0.01759	0.02648	0.03502	0.27904	0.20580	0.25755	0.02684	0.01310	0.00374	0.00554	0.02339	0.01090	0.00958
112	0.02699	0.02591	0.04426	0.06693	0.54879	0.02591	0.03346	0.03346	0.02483	0.03562	0.02051	0.02699	0.01727	0.00972	0.01079	0.00324	0.01295	0.00972	0.00540	0.01727
113	0.02380	0.01316	0.01629	0.01434	0.01893	0.01149	0.01116	0.02784	0.02881	0.18067	0.24992	0.07755	0.23960	0.02176	0.01234	0.00350	0.00642	0.01847	0.01175	0.01219
114	0.01599	0.01088	0.01310	0.01381	0.01437	0.01083	0.00910	0.01715	0.01813	0.02401	0.04119	0.12658	0.04699	0.45045	0.04391	0.00894	0.01011	0.10939	0.00759	0.00748
115	0.02385	0.02385	0.03340	0.02863	0.02863	0.03340	0.02385	0.02624	0.01670	0.02624	0.01431	0.02385	0.01431	0.01908	0.03578	0.00477	0.59685	0.00954	0.00477	0.01193
116	0.09576	0.01079	0.01441	0.01422	0.01499	0.01118	0.00974	0.01624	0.01470	0.02235	0.01851	0.03139	0.01813	0.03472	0.03853	0.60543	0.00935	0.00906	0.00496	0.00554
117	0.01328	0.00949	0.01265	0.01518	0.01581	0.00886	0.01012	0.01518	0.02088	0.02783	0.06010	0.60969	0.07212	0.03416	0.01392	0.00443	0.00633	0.03100	0.01012	0.00886
118	0.01678	0.01097	0.01386	0.01338	0.01584	0.01080	0.01011	0.02171	0.02652	0.03988	0.32159	0.06408	0.07022	0.02940	0.10299	0.00549	0.00906	0.01582	0.19135	0.01016
119	0.03149	0.02661	0.04908	0.03984	0.10340	0.02572	0.28493	0.07776	0.07059	0.13427	0.02791	0.03123	0.02010	0.01082	0.01198	0.00354	0.01478	0.01187	0.00786	0.01622
120	0.02915	0.62337	0.05714	0.01866	0.02799	0.04314	0.01866	0.03265	0.02215	0.02565	0.01516	0.01749	0.01399	0.00933	0.00700	0.00233	0.01166	0.00583	0.00466	0.01399
121	0.02059	0.01938	0.03270	0.59060	0.07510	0.02422	0.03028	0.02786	0.02180	0.02786	0.01938	0.02907	0.01453	0.01090	0.01090	0.00363	0.01453	0.00969	0.00484	0.01211
122	0.01924	0.01199	0.01580	0.01436	0.01760	0.01094	0.01094	0.02428	0.03090	0.10207	0.48612	0.07640	0.09424	0.02129	0.01264	0.00342	0.00561	0.01872	0.01217	0.01123
123	0.02874	0.36975	0.15287	0.02557	0.03641	0.03504	0.10271	0.03499	0.02361	0.07039	0.01931	0.02204	0.01539	0.00983	0.00891	0.00285	0.01343	0.00781	0.00548	0.01488
124	0.01657	0.01285	0.01820	0.01766	0.01900	0.01527	0.01339	0.01952	0.01710	0.02458	0.02854	0.04638	0.02826	0.18168	0.40873	0.01468	0.09009	0.01227	0.00587	0.00936
125	0.01848	0.01287	0.01535	0.01463	0.01837	0.01198	0.01143	0.02473	0.06791	0.08019	0.25065	0.08767	0.24525	0.02376	0.01282	0.00372	0.00646	0.07145	0.01116	0.01112
126	0.02264	0.11612	0.50731	0.02977	0.04517	0.02720	0.03801	0.03433	0.02293	0.03360	0.01910	0.02244	0.01383	0.01025	0.01000	0.00333	0.01565	0.00782	0.00461	0.01589
127	0.02380	0.01993	0.02179	0.01978	0.02493	0.02234	0.01528	0.04732	0.38753	0.04508	0.18606	0.05226	0.05306	0.01692	0.01160	0.00362	0.00764	0.01443	0.01135	0.01528
128	0.03573	0.02564	0.02613	0.02227	0.02920	0.08208	0.01759	0.09101	0.30089	0.18696	0.03966	0.03633	0.02835	0.01392	0.01091	0.00348	0.01024	0.01119	0.01117	0.01723
129	0.02261	0.01938	0.02261	0.01615	0.02584	0.01453	0.01292	0.02745	0.02261	0.03553	0.01938	0.02261	0.01615	0.00807	0.00807	0.00161	0.00807	0.00646	0.00646	0.68346
130	0.03354	0.03040	0.02935	0.08890	0.03643	0.12620	0.02056	0.20217	0.22472	0.04786	0.03062	0.03082	0.02285	0.01315	0.01079	0.00339	0.01238	0.01025	0.00935	0.01627
131	0.01641	0.01279	0.01514	0.01475	0.01780	0.01248	0.01095	0.02458	0.10637	0.03856	0.29892	0.16600	0.17556	0.02412	0.01276	0.00369	0.00596	0.02106	0.01118	0.01093
132	0.03348	0.02630	0.02962	0.08779	0.03630	0.02900	0.02012	0.29167	0.16529	0.05475	0.02927	0.02979	0.02155	0.01274	0.01066	0.00325	0.01102	0.01008	0.00980	0.08753
133	0.02139	0.01589	0.02444	0.30165	0.04725	0.01772	0.02144	0.02662	0.02329	0.08864	0.04187	0.16279	0.07674	0.01928	0.01212	0.00391	0.01106	0.06428	0.00788	0.01173
134	0.01380	0.00996	0.01252	0.01410	0.01515	0.00927	0.00941	0.01578	0.02142	0.02836	0.10227	0.42882	0.12364	0.11837	0.01985	0.00517	0.00676	0.02692	0.00976	0.00868
135	0.16483	0.09260	0.03245	0.02324	0.03042	0.02917	0.06393	0.11724	0.16284	0.08543	0.02756	0.02836	0.02076	0.01269	0.01194	0.00347	0.05946	0.00961	0.00859	0.01541
136	0.02348	0.02335	0.03332	0.09259	0.03392	0.03235	0.02459	0.02642	0.01728	0.02642	0.01489	0.02445	0.01434	0.01815	0.03295	0.00464	0.53057	0.00956	0.00478	0.01195
137	0.02457	0.01284	0.01612	0.01486	0.01838	0.01155	0.01080	0.02716	0.02436	0.18544	0.09694	0.18896	0.13809	0.15358	0.02188	0.00525	0.00790	0.01938	0.01051	0.01143
138	0.02059	0.01938	0.03270	0.59060	0.07510	0.02422	0.03028	0.02786	0.02180	0.02786	0.01938	0.02907	0.01453	0.01090	0.01090	0.00363	0.01453	0.00969	0.00484	0.01211
139	0.01343	0.01051	0.01217	0.01292	0.01536	0.00925	0.00925	0.01626	0.02440	0.03113	0.16076	0.27888	0.30875	0.02908	0.01325	0.00390	0.00575	0.02530	0.01042	0.00925
140	0.02282	0.01346	0.01662	0.01517	0.01894	0.01300	0.01159	0.03047	0.08556	0.12585	0.28550	0.10619	0.06828	0.01946	0.01161	0.00339	0.00630	0.01686	0.11661	0.01229
141	0.09121	0.02258	0.02533	0.02052	0.02762	0.02384	0.01661	0.20863	0.11632	0.17935	0.11483	0.03929	0.03587	0.01468	0.01092	0.00340	0.00940	0.01175	0.01140	0.01646
142	0.01524	0.01031	0.01207	0.01268	0.01284	0.01016	0.00745	0.01569	0.01706	0.02275	0.04055	0.20086	0.04745	0.47664	0.04549	0.00909	0.00955	0.01950	0.00745	0.00715
143	0.02339	0.01821	0.02026	0.02107	0.02472	0.07324	0.01779	0.03056	0.07394	0.07463	0.05100	0.09752	0.05200	0.02537	0.01381	0.00453	0.01086	0.34549	0.00995	0.01167
144	0.18784	0.01482	0.01632	0.01498	0.01961	0.01454	0.01156	0.02856	0.02503	0.14966	0.14567	0.16551	0.12378	0.02059	0.01117	0.00364	0.00713	0.01721	0.01038	0.01199
145	0.02215	0.01643	0.01669	0.01629	0.01965	0.05983	0.01204	0.03002	0.10715	0.07609	0.09771	0.22193	0.09028	0.02168	0.01149	0.00357	0.00763	0.01865	0.13903	0.01172
146	0.01328	0.00949	0.01265	0.01518	0.01581	0.00886	0.01012	0.01518	0.02088	0.02783	0.06010	0.60969	0.07212	0.03416	0.01392	0.00443	0.00633	0.03100	0.01012	0.00886
147	0.01345	0.00962	0.01280	0.01507	0.01585	0.00897	0.01013	0.01560	0.02166	0.02908	0.09787	0.56838	0.07452	0.03323	0.01383	0.00435	0.00623	0.03011	0.01027	0.00897

[dist]
# distance from previous block
# <min> <max>
0	3

[block]
# block no. 1 follows, 12 sequences, length 16
# corresponding to MSA columns:
# 158-173
name=unknown_B
#
# <colnr> <probs for GDERKNQSTAVLIFYWHMCP>
#	G	D	E	R	K	N	Q	S	T	A	V	L	I	F	Y	W	H	M	C	P
0	0.09511	0.01716	0.02020	0.01774	0.02293	0.01707	0.01377	0.11734	0.02935	0.19964	0.04259	0.22891	0.03950	0.02008	0.01129	0.00365	0.00834	0.01704	0.06434	0.01393
1	0.01816	0.01160	0.01468	0.01412	0.01715	0.01042	0.01050	0.02209	0.02773	0.09356	0.30833	0.18808	0.17259	0.02475	0.01287	0.00367	0.00591	0.02168	0.01143	0.01069
2	0.02915	0.62337	0.05714	0.01866	0.02799	0.04314	0.01866	0.03265	0.02215	0.02565	0.01516	0.01749	0.01399	0.00933	0.00700	0.00233	0.01166	0.00583	0.00466	0.01399
3	0.02175	0.01497	0.01765	0.01623	0.02027	0.01482	0.01235	0.06805	0.10274	0.09094	0.21935	0.16145	0.15075	0.02255	0.01244	0.00367	0.00689	0.01948	0.01127	0.01236
4	0.03711	0.01824	0.02246	0.01834	0.02447	0.01783	0.01449	0.10619	0.07946	0.28906	0.03705	0.03872	0.02681	0.06408	0.01721	0.06915	0.00925	0.01110	0.08375	0.01523
5	0.01598	0.01092	0.01331	0.01417	0.01483	0.01085	0.00956	0.01736	0.01857	0.02457	0.04264	0.14205	0.04860	0.41572	0.04148	0.00860	0.00998	0.12535	0.00779	0.00766
6	0.01361	0.00974	0.01295	0.01496	0.01589	0.00908	0.01015	0.01601	0.02241	0.03028	0.13433	0.52850	0.07684	0.03234	0.01375	0.00427	0.00614	0.02926	0.01041	0.00908
7	0.02930	0.03063	0.05083	0.04299	0.12451	0.08034	0.27698	0.09947	0.02868	0.03800	0.02114	0.02714	0.01648	0.01094	0.01420	0.00358	0.07238	0.01110	0.00617	0.01516
8	0.01706	0.01364	0.01943	0.01860	0.01990	0.01661	0.01434	0.02010	0.01712	0.02483	0.02740	0.04390	0.02690	0.15306	0.40005	0.01423	0.12546	0.01195	0.00577	0.00964
9	0.03300	0.01959	0.02282	0.01941	0.02581	0.01997	0.01536	0.09067	0.19986	0.22157	0.05242	0.09376	0.10223	0.01752	0.01151	0.00360	0.00857	0.01460	0.01170	0.01605
10	0.01337	0.01089	0.01183	0.01195	0.01511	0.00935	0.00883	0.01644	0.02545	0.03173	0.17928	0.15582	0.41715	0.02741	0.01299	0.00372	0.00555	0.02332	0.01045	0.00935
11	0.25961	0.02713	0.10557	0.02095	0.02912	0.02428	0.01945	0.07935	0.07544	0.17009	0.02638	0.02673	0.01871	0.01241	0.01143	0.00352	0.05720	0.00872	0.00868	0.01522
12	0.17880	0.02882	0.08189	0.23020	0.08904	0.09985	0.02544	0.03192	0.02218	0.03368	0.01771	0.02392	0.01398	0.01139	0.01209	0.00352	0.06896	0.00829	0.00540	0.01292
13	0.02532	0.02154	0.02311	0.02089	0.02650	0.02453	0.01619	0.05220	0.45251	0.04532	0.12102	0.04695	0.04398	0.01595	0.01137	0.00366	0.00809	0.01346	0.01123	0.01619
14	0.01435	0.01094	0.01337	0.01445	0.01688	0.00996	0.01100	0.01770	0.02473	0.03185	0.15223	0.24445	0.24738	0.02912	0.01361	0.00412	0.00661	0.11740	0.01040	0.00945
15	0.03197	0.03399	0.22321	0.08738	0.09175	0.02229	0.07881	0.04023	0.02618	0.21416	0.02799	0.02952	0.01904	0.01131	0.01092	0.00345	0.01353	0.00988	0.00787	0.01652

[dist]
# distance from previous block
# <min> <max>
1	6

[block]
# block no. 2 follows, 12 sequences, length 107
# corresponding to MSA columns:
# 180-286
name=unknown_C
#
# <colnr> <probs for GDERKNQSTAVLIFYWHMCP>
#	G	D	E	R	K	N	Q	S	T	A	V	L	I	F	Y	W	H	M	C	P
0	0.57963	0.02170	0.01798	0.01538	0.02255	0.02431	0.01263	0.07059	0.02158	0.04930	0.01646	0.01885	0.01275	0.01018	0.00721	0.00321	0.00869	0.00627	0.00706	0.07367
1	0.02373	0.02032	0.03231	0.02389	0.03244	0.01724	0.15120	0.02951	0.02522	0.07758	0.08136	0.04146	0.09181	0.01259	0.01070	0.00276	0.01047	0.01192	0.00774	0.29575
2	0.10101	0.02968	0.03120	0.02411	0.03265	0.03296	0.01991	0.46858	0.04828	0.06691	0.02517	0.02541	0.01793	0.01282	0.01053	0.00328	0.01167	0.00946	0.01053	0.01793
3	0.01516	0.01094	0.01433	0.01390	0.01623	0.01011	0.01027	0.01989	0.02960	0.04172	0.48201	0.14820	0.09899	0.02379	0.01299	0.00356	0.00529	0.02114	0.01177	0.01011
4	0.01805	0.06933	0.02225	0.01917	0.02106	0.01800	0.01533	0.02118	0.02203	0.02992	0.09495	0.27814	0.05596	0.02671	0.01796	0.00433	0.12999	0.11660	0.00869	0.01036
5	0.01361	0.00963	0.01256	0.01477	0.01532	0.00907	0.00968	0.01527	0.02024	0.02699	0.05684	0.54166	0.06801	0.10779	0.01917	0.00520	0.00686	0.02908	0.00968	0.00857
6	0.01328	0.00949	0.01265	0.01518	0.01581	0.00886	0.01012	0.01518	0.02088	0.02783	0.06010	0.60969	0.07212	0.03416	0.01392	0.00443	0.00633	0.03100	0.01012	0.00886
7	0.01586	0.01057	0.01189	0.01189	0.01189	0.01057	0.00661	0.01586	0.01586	0.02114	0.03436	0.07135	0.03964	0.61681	0.05550	0.01057	0.01057	0.01586	0.00661	0.00661
8	0.32070	0.01962	0.02139	0.01727	0.02499	0.01958	0.01425	0.04425	0.02588	0.34250	0.03129	0.02894	0.02059	0.01207	0.00919	0.00337	0.00892	0.00883	0.01065	0.01571
9	0.01586	0.01057	0.01189	0.01189	0.01189	0.01057	0.00661	0.01586	0.01586	0.02114	0.03436	0.07135	0.03964	0.61681	0.05550	0.01057	0.01057	0.01586	0.00661	0.00661
10	0.02187	0.05640	0.56031	0.03108	0.04719	0.02532	0.04029	0.03453	0.02302	0.03453	0.01957	0.02302	0.01381	0.01036	0.01036	0.00345	0.01611	0.00806	0.00460	0.01611
11	0.01971	0.01521	0.02058	0.01913	0.02157	0.01793	0.01497	0.08215	0.02156	0.03054	0.02775	0.04120	0.02588	0.11167	0.40448	0.01385	0.08300	0.01158	0.00644	0.01081
12	0.02008	0.01318	0.01595	0.01453	0.01845	0.01227	0.01114	0.02685	0.07487	0.10505	0.32436	0.07809	0.19917	0.02185	0.01247	0.00351	0.00608	0.01877	0.01163	0.01169
13	0.01344	0.01107	0.01181	0.01163	0.01507	0.00944	0.00872	0.01672	0.02616	0.03256	0.20461	0.09982	0.44827	0.02646	0.01288	0.00363	0.00544	0.02230	0.01053	0.00944
14	0.01993	0.01407	0.02316	0.02102	0.02443	0.01299	0.09691	0.02338	0.02302	0.09584	0.05138	0.43729	0.05683	0.02724	0.01336	0.00417	0.00878	0.02534	0.00975	0.01109
15	0.04544	0.01951	0.02543	0.01969	0.02771	0.01784	0.01618	0.10871	0.03372	0.45584	0.07882	0.03909	0.03168	0.01411	0.01110	0.00337	0.00931	0.01148	0.01306	0.01793
16	0.03928	0.02946	0.03150	0.02465	0.03299	0.03280	0.02020	0.44368	0.12355	0.06522	0.02893	0.02837	0.02077	0.01335	0.01094	0.00334	0.01149	0.01020	0.01094	0.01835
17	0.02618	0.02477	0.03067	0.12925	0.16719	0.07080	0.02330	0.04244	0.23382	0.03835	0.07226	0.03680	0.03010	0.01316	0.01102	0.00347	0.01136	0.01138	0.00821	0.01544
18	0.01479	0.01087	0.01243	0.01293	0.01570	0.00980	0.00976	0.01835	0.02504	0.03336	0.16105	0.17103	0.28433	0.02608	0.01259	0.00374	0.00598	0.06789	0.09475	0.00954
19	0.01814	0.01138	0.01424	0.01363	0.01632	0.01048	0.01001	0.02221	0.02718	0.07934	0.31605	0.14174	0.11766	0.06740	0.01553	0.00402	0.00606	0.01946	0.07875	0.01038
20	0.02271	0.01651	0.02270	0.17737	0.03611	0.01782	0.01778	0.06789	0.06880	0.08570	0.22621	0.10334	0.05620	0.01806	0.01194	0.00358	0.00908	0.01577	0.00980	0.01263
21	0.19234	0.01945	0.02001	0.01843	0.02340	0.02242	0.01428	0.04033	0.25684	0.04042	0.03319	0.03788	0.02721	0.07728	0.12388	0.00690	0.01277	0.01087	0.00859	0.01351
22	0.03190	0.01683	0.02021	0.01681	0.02129	0.01651	0.01236	0.11492	0.02738	0.21742	0.03598	0.05150	0.03154	0.30033	0.03213	0.00678	0.01036	0.01309	0.00977	0.01287
23	0.02313	0.01234	0.01547	0.01480	0.01842	0.01100	0.01103	0.02634	0.02533	0.16607	0.10112	0.26220	0.16173	0.02462	0.01229	0.00375	0.00671	0.02141	0.07060	0.01164
24	0.02699	0.02591	0.04426	0.06693	0.54879	0.02591	0.03346	0.03346	0.02483	0.03562	0.02051	0.02699	0.01727	0.00972	0.01079	0.00324	0.01295	0.00972	0.00540	0.01727
25	0.01558	0.01168	0.01752	0.01752	0.01947	0.01363	0.01363	0.01947	0.01752	0.02531	0.02921	0.04283	0.02726	0.08178	0.57360	0.01752	0.02921	0.01168	0.00584	0.00974
26	0.14887	0.01242	0.01316	0.01323	0.01589	0.01272	0.00959	0.02210	0.02279	0.03796	0.16155	0.18606	0.05493	0.08093	0.01510	0.00419	0.00661	0.01725	0.15479	0.00984
27	0.01532	0.01141	0.01461	0.01591	0.01839	0.01070	0.01274	0.01928	0.02536	0.03305	0.15867	0.19504	0.18741	0.02880	0.01394	0.00431	0.00743	0.20754	0.01043	0.00968
28	0.03334	0.02680	0.02662	0.02173	0.02841	0.07030	0.01726	0.30960	0.09092	0.05285	0.04076	0.04307	0.10110	0.06912	0.01511	0.00399	0.01116	0.01238	0.01000	0.01547
29	0.02333	0.01554	0.01965	0.01935	0.02346	0.01556	0.01639	0.09855	0.03004	0.08533	0.09565	0.09555	0.10489	0.02518	0.01367	0.00435	0.00942	0.28142	0.01064	0.01202
30	0.02578	0.01478	0.01800	0.01572	0.02070	0.01377	0.01229	0.03330	0.09239	0.18603	0.22794	0.06966	0.18475	0.02020	0.01211	0.00351	0.00686	0.01713	0.01183	0.01324
31	0.02915	0.62337	0.05714	0.01866	0.02799	0.04314	0.01866	0.03265	0.02215	0.02565	0.01516	0.01749	0.01399	0.00933	0.00700	0.00233	0.01166	0.00583	0.00466	0.01399
32	0.07322	0.01809	0.02079	0.16147	0.03378	0.06170	0.01674	0.02702	0.06950	0.03450	0.14750	0.16008	0.09418	0.01969	0.01168	0.00367	0.00953	0.01691	0.00864	0.01130
33	0.03415	0.01589	0.02208	0.01877	0.02365	0.01549	0.01506	0.03680	0.02552	0.29966	0.07446	0.04563	0.03304	0.02554	0.06448	0.11945	0.06001	0.04634	0.01029	0.01368
34	0.01649	0.01219	0.01737	0.06939	0.02514	0.01243	0.01636	0.02073	0.02348	0.03069	0.05506	0.26789	0.06140	0.02968	0.01433	0.00471	0.00927	0.29394	0.00960	0.00985
35	0.11063	0.35137	0.22579	0.02240	0.03375	0.03463	0.02526	0.03322	0.02200	0.03166	0.01668	0.01943	0.01365	0.00978	0.00813	0.00285	0.01279	0.00661	0.00491	0.01445
36	0.69383	0.02109	0.01603	0.01434	0.02109	0.02446	0.01181	0.03205	0.01856	0.04892	0.01518	0.01771	0.01181	0.01012	0.00675	0.00337	0.00843	0.00590	0.00675	0.01181
37	0.02961	0.03052	0.03636	0.29554	0.05629	0.18717	0.09885	0.03560	0.02585	0.07068	0.02092	0.02697	0.01569	0.01095	0.01089	0.00337	0.01622	0.00948	0.00587	0.01318
38	0.01894	0.00947	0.01420	0.01420	0.01420	0.00947	0.00947	0.01420	0.01420	0.01894	0.01894	0.03314	0.01894	0.03788	0.04261	0.68277	0.00947	0.00947	0.00473	0.00473
39	0.02604	0.09332	0.28532	0.03179	0.04423	0.02706	0.15222	0.03871	0.08817	0.07146	0.02457	0.02735	0.01789	0.01075	0.01083	0.00344	0.01487	0.00982	0.00628	0.01588
40	0.47284	0.02601	0.06868	0.01875	0.02611	0.02679	0.01678	0.11041	0.02416	0.04904	0.01730	0.02007	0.01329	0.01136	0.01011	0.00348	0.05743	0.00703	0.00708	0.01330
41	0.02699	0.02591	0.04426	0.06693	0.54879	0.02591	0.03346	0.03346	0.02483	0.03562	0.02051	0.02699	0.01727	0.00972	0.01079	0.00324	0.01295	0.00972	0.00540	0.01727
42	0.69383	0.02109	0.01603	0.01434	0.02109	0.02446	0.01181	0.03205	0.01856	0.04892	0.01518	0.01771	0.01181	0.01012	0.00675	0.00337	0.00843	0.00590	0.00675	0.01181
43	0.02883	0.02047	0.02303	0.02025	0.02618	0.02232	0.01585	0.05068	0.35818	0.13250	0.13012	0.04710	0.04421	0.01586	0.01138	0.00360	0.00814	0.01337	0.01166	0.01628
44	0.03010	0.01414	0.01882	0.01631	0.02088	0.01352	0.01273	0.03401	0.02488	0.24825	0.07734	0.04610	0.03453	0.09258	0.15815	0.00758	0.01351	0.01222	0.11115	0.01317
45	0.01691	0.01270	0.01585	0.01479	0.01781	0.01242	0.01117	0.02530	0.09382	0.04396	0.48002	0.07630	0.09409	0.02134	0.01264	0.00346	0.00558	0.01878	0.01189	0.01117
46	0.01586	0.01057	0.01189	0.01189	0.01189	0.01057	0.00661	0.01586	0.01586	0.02114	0.03436	0.07135	0.03964	0.61681	0.05550	0.01057	0.01057	0.01586	0.00661	0.00661
47	0.01561	0.01154	0.01681	0.01681	0.01851	0.01324	0.01274	0.01901	0.01731	0.02478	0.02986	0.04644	0.02882	0.14939	0.50813	0.01664	0.02685	0.01221	0.00594	0.00934
48	0.01328	0.00949	0.01265	0.01518	0.01581	0.00886	0.01012	0.01518	0.02088	0.02783	0.06010	0.60969	0.07212	0.03416	0.01392	0.00443	0.00633	0.03100	0.01012	0.00886
49	0.02187	0.05640	0.56031	0.03108	0.04719	0.02532	0.04029	0.03453	0.02302	0.03453	0.01957	0.02302	0.01381	0.01036	0.01036	0.00345	0.01611	0.00806	0.00460	0.01611
50	0.01328	0.00949	0.01265	0.01518	0.01581	0.00886	0.01012	0.01518	0.02088	0.02783	0.06010	0.60969	0.07212	0.03416	0.01392	0.00443	0.00633	0.03100	0.01012	0.00886
51	0.01780	0.01357	0.01548	0.01479	0.01821	0.01361	0.01113	0.02780	0.13653	0.03976	0.25988	0.11512	0.16414	0.02168	0.01203	0.00353	0.00606	0.01868	0.07872	0.01147
52	0.03007	0.01978	0.02275	0.02023	0.02588	0.02108	0.01566	0.07909	0.27190	0.15968	0.04623	0.16271	0.03928	0.01859	0.01167	0.00375	0.00851	0.01591	0.01142	0.01581
53	0.02915	0.62337	0.05714	0.01866	0.02799	0.04314	0.01866	0.03265	0.02215	0.02565	0.01516	0.01749	0.01399	0.00933	0.00700	0.00233	0.01166	0.00583	0.00466	0.01399
54	0.01402	0.01002	0.01350	0.01603	0.01698	0.00949	0.01141	0.01646	0.02160	0.02866	0.05969	0.52578	0.07050	0.03346	0.01411	0.00453	0.00697	0.10761	0.01011	0.00906
55	0.01350	0.00966	0.01285	0.01503	0.01586	0.00900	0.01014	0.01573	0.02189	0.02944	0.10904	0.55615	0.07523	0.03296	0.01381	0.00433	0.00621	0.02985	0.01031	0.00900
56	0.02414	0.02470	0.03808	0.03125	0.03292	0.03252	0.09727	0.02755	0.01807	0.02755	0.01548	0.02470	0.01465	0.01759	0.03232	0.00461	0.50934	0.01005	0.00488	0.01235
57	0.01328	0.00949	0.01265	0.01518	0.01581	0.00886	0.01012	0.01518	0.02088	0.02783	0.06010	0.60969	0.07212	0.03416	0.01392	0.00443	0.00633	0.03100	0.01012	0.00886
58	0.01549	0.01040	0.01174	0.01218	0.01301	0.01006	0.00753	0.01668	0.01857	0.02532	0.04853	0.16530	0.10783	0.38067	0.03809	0.00783	0.00864	0.01879	0.07564	0.00768
59	0.01543	0.01115	0.01457	0.01372	0.01629	0.01029	0.01029	0.02058	0.03086	0.04372	0.54304	0.08145	0.10288	0.02229	0.01286	0.00343	0.00514	0.01972	0.01200	0.01029
60	0.01558	0.01168	0.01752	0.01752	0.01947	0.01363	0.01363	0.01947	0.01752	0.02531	0.02921	0.04283	0.02726	0.08178	0.57360	0.01752	0.02921	0.01168	0.00584	0.00974
61	0.02485	0.01406	0.01673	0.01528	0.01866	0.01385	0.01114	0.05943	0.06019	0.13393	0.09208	0.14207	0.04505	0.16267	0.02176	0.00515	0.00809	0.01613	0.12717	0.01172
62	0.02884	0.01583	0.01958	0.01687	0.02202	0.01540	0.01325	0.03871	0.12783	0.20735	0.24064	0.05568	0.05836	0.01716	0.01144	0.00339	0.00714	0.01463	0.07160	0.01428
63	0.01586	0.01057	0.01189	0.01189	0.01189	0.01057	0.00661	0.01586	0.01586	0.02114	0.03436	0.07135	0.03964	0.61681	0.05550	0.01057	0.01057	0.01586	0.00661	0.00661
64	0.01586	0.01057	0.01189	0.01189	0.01189	0.01057	0.00661	0.01586	0.01586	0.02114	0.03436	0.07135	0.03964	0.61681	0.05550	0.01057	0.01057	0.01586	0.00661	0.00661
65	0.03101	0.01564	0.01993	0.01744	0.02255	0.01450	0.01349	0.08175	0.02939	0.25194	0.09325	0.22596	0.09261	0.02193	0.01221	0.00373	0.00795	0.01894	0.01175	0.01400
66	0.01347	0.01094	0.01195	0.01197	0.01516	0.00941	0.00887	0.01668	0.02583	0.03242	0.20038	0.14221	0.40861	0.02701	0.01297	0.00369	0.00551	0.02297	0.01053	0.00941
67	0.01436	0.01110	0.01309	0.01259	0.01563	0.00983	0.00944	0.01850	0.02833	0.03771	0.36074	0.09135	0.28894	0.02453	0.01287	0.00354	0.00530	0.02111	0.01121	0.00983
68	0.01586	0.01057	0.01189	0.01189	0.01189	0.01057	0.00661	0.01586	0.01586	0.02114	0.03436	0.07135	0.03964	0.61681	0.05550	0.01057	0.01057	0.01586	0.00661	0.00661
69	0.03756	0.02079	0.02530	0.02123	0.02819	0.02105	0.01755	0.14792	0.11657	0.26334	0.04246	0.05214	0.03319	0.01688	0.01178	0.00373	0.00991	0.10189	0.01186	0.01667
70	0.02386	0.02327	0.02439	0.02246	0.02555	0.11278	0.01765	0.03314	0.13092	0.03014	0.02755	0.03482	0.02385	0.04327	0.25278	0.00959	0.13431	0.01063	0.00674	0.01228
71	0.01662	0.01322	0.01953	0.01893	0.02063	0.01613	0.01492	0.02033	0.01742	0.02543	0.02732	0.04044	0.02562	0.07385	0.50564	0.01591	0.10094	0.01141	0.00571	0.01001
72	0.69383	0.02109	0.01603	0.01434	0.02109	0.02446	0.01181	0.03205	0.01856	0.04892	0.01518	0.01771	0.01181	0.01012	0.00675	0.00337	0.00843	0.00590	0.00675	0.01181
73	0.01352	0.01006	0.01267	0.01465	0.01609	0.00921	0.01028	0.01584	0.02206	0.02855	0.07088	0.46312	0.17420	0.03243	0.01378	0.00431	0.00643	0.06278	0.01012	0.00902
74	0.02261	0.01938	0.02261	0.01615	0.02584	0.01453	0.01292	0.02745	0.02261	0.03553	0.01938	0.02261	0.01615	0.00807	0.00807	0.00161	0.00807	0.00646	0.00646	0.68346
75	0.01370	0.01017	0.01279	0.01406	0.01572	0.00925	0.00981	0.01652	0.02394	0.03181	0.18122	0.39155	0.16918	0.03017	0.01348	0.00406	0.00590	0.02687	0.01056	0.00925
