[name]
unknown

[dist]
# distance from previous block
# <min> <max>
0	16

[block]
# block no. 0 follows, 14 sequences, length 32
# corresponding to MSA columns:
# 16-47
name=unknown_A
#
# <colnr> <probs for GDERKNQSTAVLIFYWHMCP>
#	G	D	E	R	K	N	Q	S	T	A	V	L	I	F	Y	W	H	M	C	P
0	0.01783	0.00891	0.01337	0.01337	0.01337	0.00891	0.00891	0.01337	0.01337	0.01783	0.01783	0.03119	0.01783	0.03565	0.04011	0.70143	0.00891	0.00891	0.00446	0.00446
1	0.02636	0.02014	0.02156	0.01927	0.02482	0.02272	0.01503	0.05038	0.44872	0.08506	0.04064	0.03802	0.03023	0.01358	0.01003	0.00332	0.00776	0.01125	0.09560	0.01551
2	0.02391	0.02042	0.02180	0.02007	0.02522	0.02340	0.01541	0.04954	0.49024	0.04086	0.04360	0.11193	0.03585	0.01618	0.01077	0.00357	0.00785	0.01378	0.01033	0.01526
3	0.01213	0.01040	0.01040	0.01040	0.01386	0.00866	0.00780	0.01473	0.02339	0.02772	0.10396	0.09876	0.57117	0.02599	0.01213	0.00347	0.00520	0.02166	0.00953	0.00866
4	0.02058	0.05308	0.58618	0.02925	0.04442	0.02383	0.03792	0.03250	0.02167	0.03250	0.01842	0.02167	0.01300	0.00975	0.00975	0.00325	0.01517	0.00758	0.00433	0.01517
5	0.03901	0.02874	0.03080	0.02361	0.03182	0.03182	0.01951	0.54111	0.04825	0.06468	0.02464	0.02464	0.01745	0.01232	0.01027	0.00308	0.01129	0.00924	0.01027	0.01745
6	0.02744	0.64552	0.05378	0.01756	0.02634	0.04061	0.01756	0.03073	0.02085	0.02414	0.01427	0.01646	0.01317	0.00878	0.00658	0.00219	0.01097	0.00549	0.00439	0.01317
7	0.02128	0.01824	0.02128	0.01520	0.02432	0.01368	0.01216	0.02584	0.02128	0.03344	0.01824	0.02128	0.01520	0.00760	0.00760	0.00152	0.00760	0.00608	0.00608	0.70208
8	0.64947	0.01962	0.01590	0.01394	0.02044	0.02228	0.01149	0.03203	0.01858	0.09629	0.01674	0.01838	0.01245	0.00982	0.00672	0.00318	0.00801	0.00600	0.00695	0.01171
9	0.01452	0.01049	0.01372	0.01291	0.01533	0.00968	0.00968	0.01937	0.02905	0.04115	0.56992	0.07666	0.09683	0.02098	0.01210	0.00323	0.00484	0.01856	0.01130	0.00968
10	0.01492	0.00995	0.01119	0.01119	0.01119	0.00995	0.00622	0.01492	0.01492	0.01990	0.03233	0.06716	0.03731	0.63935	0.05223	0.00995	0.00995	0.01492	0.00622	0.00622
11	0.11049	0.02116	0.02165	0.01932	0.02484	0.02428	0.01496	0.07782	0.41324	0.04269	0.03652	0.03721	0.02848	0.06608	0.01345	0.00396	0.00845	0.01099	0.00957	0.01483
12	0.02262	0.04866	0.48977	0.02990	0.04401	0.02476	0.07842	0.08018	0.02437	0.03554	0.01920	0.02245	0.01363	0.00990	0.01000	0.00325	0.01498	0.00812	0.00496	0.01527
13	0.01250	0.00893	0.01191	0.01429	0.01488	0.00834	0.00953	0.01429	0.01965	0.02620	0.05656	0.63265	0.06787	0.03215	0.01310	0.00417	0.00595	0.02917	0.00953	0.00834
14	0.01615	0.01088	0.01310	0.01306	0.01606	0.00964	0.00986	0.01936	0.02445	0.08123	0.18649	0.19483	0.28063	0.02508	0.01230	0.00362	0.00591	0.05748	0.01020	0.00968
15	0.02510	0.06746	0.21722	0.13062	0.04310	0.02476	0.08212	0.03431	0.06177	0.10303	0.02242	0.02609	0.01646	0.01138	0.01300	0.00340	0.08853	0.00905	0.00604	0.01414
16	0.02421	0.03114	0.18408	0.25007	0.05385	0.05472	0.13818	0.03230	0.02290	0.08005	0.02073	0.02612	0.01495	0.01002	0.01047	0.00332	0.01466	0.00932	0.00542	0.01350
17	0.01374	0.01059	0.01250	0.01353	0.01599	0.00967	0.01051	0.01665	0.02225	0.02776	0.07679	0.17157	0.30623	0.07929	0.01626	0.00448	0.00697	0.16736	0.00923	0.00865
18	0.71184	0.01985	0.01508	0.01350	0.01985	0.02302	0.01111	0.03017	0.01746	0.04604	0.01429	0.01667	0.01111	0.00953	0.00635	0.00318	0.00794	0.00556	0.00635	0.01111
19	0.01843	0.01135	0.01497	0.01357	0.01668	0.01035	0.01035	0.02316	0.02909	0.10822	0.50432	0.07149	0.08798	0.01995	0.01188	0.00322	0.00532	0.01754	0.01147	0.01065
20	0.02361	0.02289	0.03998	0.21764	0.39372	0.02405	0.06832	0.03010	0.02262	0.03141	0.01911	0.02612	0.01548	0.00942	0.01033	0.00318	0.01299	0.00936	0.00494	0.01470
21	0.65852	0.02215	0.01619	0.01452	0.02079	0.06855	0.01180	0.03102	0.01838	0.04439	0.01441	0.01682	0.01128	0.00961	0.00658	0.00313	0.00878	0.00564	0.00627	0.01118
22	0.01452	0.01049	0.01372	0.01291	0.01533	0.00968	0.00968	0.01937	0.02905	0.04115	0.56992	0.07666	0.09683	0.02098	0.01210	0.00323	0.00484	0.01856	0.01130	0.00968
23	0.02892	0.02548	0.05265	0.03787	0.04773	0.02361	0.42550	0.03656	0.02533	0.15116	0.02501	0.02924	0.01769	0.00952	0.01173	0.00340	0.01546	0.01173	0.00681	0.01462
24	0.01500	0.01063	0.01372	0.01369	0.01558	0.01015	0.01026	0.01877	0.02496	0.03457	0.35485	0.08215	0.07674	0.15549	0.02114	0.00496	0.00683	0.11176	0.00985	0.00889
25	0.02177	0.09925	0.47148	0.02723	0.04069	0.02546	0.03351	0.03508	0.08790	0.03309	0.02096	0.02329	0.01528	0.01018	0.00957	0.00319	0.01394	0.00790	0.00509	0.01513
26	0.02058	0.05308	0.58618	0.02925	0.04442	0.02383	0.03792	0.03250	0.02167	0.03250	0.01842	0.02167	0.01300	0.00975	0.00975	0.00325	0.01517	0.00758	0.00433	0.01517
27	0.01264	0.00904	0.01203	0.01420	0.01491	0.00843	0.00954	0.01463	0.02028	0.02721	0.09134	0.59498	0.06984	0.03139	0.01303	0.00410	0.00588	0.02845	0.00965	0.00843
28	0.01615	0.01001	0.01502	0.01502	0.01599	0.01098	0.01098	0.01599	0.01502	0.02100	0.02293	0.03601	0.02196	0.05749	0.33532	0.33942	0.01873	0.01001	0.00501	0.00694
29	0.03761	0.08445	0.03135	0.02210	0.03011	0.02990	0.01845	0.38528	0.08968	0.12593	0.02728	0.02645	0.01935	0.01218	0.00994	0.00305	0.01064	0.00924	0.01005	0.01694
30	0.01250	0.00893	0.01191	0.01429	0.01488	0.00834	0.00953	0.01429	0.01965	0.02620	0.05656	0.63265	0.06787	0.03215	0.01310	0.00417	0.00595	0.02917	0.00953	0.00834
31	0.02789	0.53364	0.10025	0.01919	0.02850	0.03825	0.01960	0.07870	0.02349	0.02870	0.01562	0.01770	0.01356	0.00920	0.00722	0.00237	0.01139	0.00603	0.00494	0.01375

[dist]
# distance from previous block
# <min> <max>
0	3

[block]
# block no. 1 follows, 14 sequences, length 25
# corresponding to MSA columns:
# 51-75
name=unknown_B
#
# <colnr> <probs for GDERKNQSTAVLIFYWHMCP>
#	G	D	E	R	K	N	Q	S	T	A	V	L	I	F	Y	W	H	M	C	P
0	0.02925	0.02969	0.11553	0.02760	0.03641	0.02686	0.13232	0.24512	0.11961	0.04715	0.02774	0.06655	0.02192	0.01271	0.01080	0.00332	0.01229	0.01129	0.00829	0.01556
1	0.01250	0.00893	0.01191	0.01429	0.01488	0.00834	0.00953	0.01429	0.01965	0.02620	0.05656	0.63265	0.06787	0.03215	0.01310	0.00417	0.00595	0.02917	0.00953	0.00834
2	0.02748	0.08401	0.03563	0.15550	0.15162	0.13081	0.05607	0.03234	0.02312	0.06676	0.01886	0.02392	0.01510	0.01063	0.01209	0.00305	0.07686	0.00837	0.00549	0.06230
3	0.03093	0.02906	0.14875	0.18608	0.04418	0.02462	0.02513	0.20237	0.03154	0.14026	0.02439	0.02660	0.01689	0.01127	0.01016	0.00323	0.01232	0.00905	0.00786	0.01530
4	0.01583	0.01357	0.01591	0.09248	0.02371	0.05255	0.01316	0.01869	0.02110	0.02648	0.05284	0.34351	0.11684	0.06502	0.01495	0.00431	0.00844	0.08320	0.00837	0.00903
5	0.02925	0.02900	0.14732	0.03190	0.14684	0.02333	0.05237	0.16961	0.02945	0.10903	0.02499	0.03113	0.01973	0.09182	0.01566	0.00403	0.01213	0.00990	0.00744	0.01507
6	0.02143	0.01878	0.02259	0.01671	0.02466	0.01597	0.01349	0.02569	0.02056	0.03231	0.01762	0.02143	0.01498	0.00894	0.01096	0.00190	0.08665	0.00645	0.00587	0.61298
7	0.01329	0.01025	0.01214	0.01207	0.01468	0.00910	0.00890	0.01683	0.02554	0.03378	0.31473	0.15733	0.28548	0.02445	0.01224	0.00345	0.00513	0.02118	0.01035	0.00910
8	0.01570	0.01232	0.01766	0.01708	0.01841	0.01481	0.01312	0.01866	0.01617	0.02337	0.02638	0.04187	0.02576	0.15011	0.44735	0.01401	0.10146	0.01130	0.00547	0.00901
9	0.71184	0.01985	0.01508	0.01350	0.01985	0.02302	0.01111	0.03017	0.01746	0.04604	0.01429	0.01667	0.01111	0.00953	0.00635	0.00318	0.00794	0.00556	0.00635	0.01111
10	0.01250	0.00893	0.01191	0.01429	0.01488	0.00834	0.00953	0.01429	0.01965	0.02620	0.05656	0.63265	0.06787	0.03215	0.01310	0.00417	0.00595	0.02917	0.00953	0.00834
11	0.01248	0.01041	0.01089	0.01077	0.01408	0.00881	0.00808	0.01541	0.02423	0.02971	0.17277	0.09550	0.50112	0.02525	0.01212	0.00343	0.00515	0.02120	0.00979	0.00881
12	0.01492	0.00995	0.01119	0.01119	0.01119	0.00995	0.00622	0.01492	0.01492	0.01990	0.03233	0.06716	0.03731	0.63935	0.05223	0.00995	0.00995	0.01492	0.00622	0.00622
13	0.01250	0.00893	0.01191	0.01429	0.01488	0.00834	0.00953	0.01429	0.01965	0.02620	0.05656	0.63265	0.06787	0.03215	0.01310	0.00417	0.00595	0.02917	0.00953	0.00834
14	0.01490	0.01005	0.01168	0.01168	0.01185	0.01021	0.00683	0.01524	0.01507	0.02026	0.03189	0.06468	0.03623	0.58748	0.10263	0.01055	0.01157	0.01456	0.00615	0.00649
15	0.02540	0.02438	0.04165	0.06299	0.57533	0.02438	0.03149	0.03149	0.02337	0.03353	0.01930	0.02540	0.01626	0.00914	0.01016	0.00305	0.01219	0.00914	0.00508	0.01626
16	0.01699	0.00946	0.01420	0.01420	0.01468	0.00995	0.00995	0.01468	0.01420	0.01941	0.02038	0.03361	0.01990	0.04658	0.18789	0.52022	0.01383	0.00946	0.00473	0.00570
17	0.02086	0.02341	0.08742	0.34146	0.13608	0.02275	0.11404	0.02822	0.02226	0.03003	0.05718	0.03002	0.02009	0.01052	0.01064	0.00334	0.01359	0.01014	0.00519	0.01275
18	0.13174	0.02370	0.03007	0.03364	0.20214	0.02513	0.02110	0.17613	0.09891	0.11801	0.02574	0.02685	0.01899	0.01116	0.00969	0.00315	0.01034	0.00912	0.00839	0.01599
19	0.15925	0.24811	0.24212	0.02342	0.03421	0.02964	0.07177	0.03147	0.02080	0.03232	0.01639	0.01945	0.01292	0.00927	0.00821	0.00289	0.01250	0.00688	0.00483	0.01356
20	0.02497	0.11300	0.12337	0.02433	0.06767	0.02376	0.04899	0.07808	0.06256	0.07093	0.03240	0.03382	0.08826	0.01262	0.01130	0.00297	0.05373	0.00998	0.00691	0.11037
21	0.12535	0.24530	0.07220	0.01755	0.02540	0.02631	0.01640	0.06797	0.02485	0.11921	0.09735	0.02901	0.02689	0.01144	0.00845	0.00272	0.00944	0.00852	0.00743	0.05823
22	0.11362	0.02397	0.06130	0.07122	0.07077	0.05239	0.10321	0.06948	0.02518	0.14114	0.02551	0.06772	0.02026	0.01162	0.00986	0.00306	0.01139	0.01020	0.00745	0.10065
23	0.02608	0.02437	0.07055	0.27768	0.04827	0.02514	0.02377	0.17908	0.09784	0.04051	0.02314	0.02709	0.01711	0.01109	0.01004	0.00317	0.01192	0.00913	0.00707	0.06697
24	0.03231	0.01936	0.02550	0.01911	0.02727	0.01706	0.04921	0.10112	0.02849	0.23869	0.06856	0.03127	0.02534	0.01114	0.00958	0.00258	0.00893	0.00937	0.00937	0.26574

[dist]
# distance from previous block
# <min> <max>
2	7

[block]
# block no. 2 follows, 14 sequences, length 20
# corresponding to MSA columns:
# 83-102
name=unknown_C
#
# <colnr> <probs for GDERKNQSTAVLIFYWHMCP>
#	G	D	E	R	K	N	Q	S	T	A	V	L	I	F	Y	W	H	M	C	P
0	0.07617	0.11234	0.02568	0.01832	0.02369	0.10250	0.01483	0.03465	0.06321	0.16628	0.02761	0.03220	0.02212	0.06572	0.16303	0.00681	0.01525	0.00930	0.00758	0.01271
1	0.07320	0.08431	0.27882	0.02363	0.03430	0.05881	0.02572	0.09539	0.02524	0.07744	0.02073	0.02340	0.01545	0.01484	0.05082	0.00391	0.01389	0.00777	0.00611	0.06621
2	0.02902	0.02537	0.12926	0.02107	0.02866	0.02007	0.01972	0.10234	0.02681	0.17768	0.06424	0.07244	0.02674	0.01394	0.01313	0.00317	0.08880	0.01074	0.00842	0.11839
3	0.17346	0.02724	0.07660	0.11090	0.18499	0.05982	0.09788	0.08649	0.02477	0.03796	0.01860	0.02332	0.01442	0.00977	0.00956	0.00318	0.01272	0.00854	0.00582	0.01397
4	0.46308	0.07044	0.02546	0.02120	0.06388	0.06419	0.05434	0.06995	0.02177	0.04251	0.01602	0.01884	0.01259	0.00966	0.00757	0.00307	0.01015	0.00665	0.00625	0.01237
5	0.01379	0.01005	0.01297	0.01312	0.01510	0.00923	0.00950	0.01761	0.02601	0.03600	0.39281	0.23407	0.12253	0.02447	0.01238	0.00351	0.00518	0.02176	0.01067	0.00923
6	0.01492	0.00995	0.01119	0.01119	0.01119	0.00995	0.00622	0.01492	0.01492	0.01990	0.03233	0.06716	0.03731	0.63935	0.05223	0.00995	0.00995	0.01492	0.00622	0.00622
7	0.01492	0.00995	0.01119	0.01119	0.01119	0.00995	0.00622	0.01492	0.01492	0.01990	0.03233	0.06716	0.03731	0.63935	0.05223	0.00995	0.00995	0.01492	0.00622	0.00622
8	0.04604	0.01746	0.02382	0.01826	0.02620	0.01508	0.01508	0.05001	0.02937	0.58244	0.04049	0.03493	0.02540	0.01270	0.01032	0.00318	0.00873	0.01032	0.01270	0.01746
9	0.02973	0.02514	0.03587	0.13004	0.29147	0.02700	0.02644	0.22640	0.03250	0.04440	0.02119	0.02540	0.01633	0.01053	0.01022	0.00312	0.01207	0.00918	0.00699	0.01599
10	0.02422	0.02768	0.06055	0.04325	0.05363	0.02595	0.53806	0.03287	0.02422	0.03287	0.02076	0.02768	0.01557	0.00865	0.01211	0.00346	0.01730	0.01211	0.00519	0.01384
11	0.01547	0.01611	0.08799	0.01551	0.01957	0.01168	0.01389	0.02122	0.02766	0.03919	0.45698	0.07270	0.08294	0.02012	0.01197	0.00335	0.00655	0.05649	0.01025	0.01037
12	0.01244	0.01041	0.01083	0.01072	0.01405	0.00880	0.00804	0.01533	0.02412	0.02946	0.16423	0.09590	0.50981	0.02534	0.01213	0.00343	0.00515	0.02126	0.00976	0.00880
13	0.03038	0.02599	0.02873	0.02408	0.02988	0.10056	0.05974	0.08350	0.26658	0.10882	0.03149	0.03128	0.02351	0.01331	0.01345	0.00343	0.09106	0.01030	0.00884	0.01507
14	0.03692	0.12608	0.03228	0.02529	0.03103	0.52603	0.01953	0.03965	0.02802	0.02499	0.01566	0.01824	0.01321	0.01034	0.00891	0.00259	0.01753	0.00646	0.00517	0.01206
15	0.04604	0.01746	0.02382	0.01826	0.02620	0.01508	0.01508	0.05001	0.02937	0.58244	0.04049	0.03493	0.02540	0.01270	0.01032	0.00318	0.00873	0.01032	0.01270	0.01746
16	0.01913	0.00956	0.00956	0.00956	0.01196	0.00956	0.00717	0.02391	0.02152	0.03826	0.03348	0.03826	0.02630	0.01196	0.00717	0.00239	0.00478	0.00956	0.69632	0.00956
17	0.04604	0.01746	0.02382	0.01826	0.02620	0.01508	0.01508	0.05001	0.02937	0.58244	0.04049	0.03493	0.02540	0.01270	0.01032	0.00318	0.00873	0.01032	0.01270	0.01746
18	0.02553	0.02204	0.02320	0.02088	0.02669	0.02553	0.01624	0.05453	0.55679	0.04293	0.04177	0.03829	0.03133	0.01392	0.01044	0.00348	0.00812	0.01160	0.01044	0.01624
19	0.02422	0.02768	0.06055	0.04325	0.05363	0.02595	0.53806	0.03287	0.02422	0.03287	0.02076	0.02768	0.01557	0.00865	0.01211	0.00346	0.01730	0.01211	0.00519	0.01384

[dist]
# distance from previous block
# <min> <max>
0	14

[block]
# block no. 3 follows, 14 sequences, length 9
# corresponding to MSA columns:
# 117-125
name=unknown_D
#
# <colnr> <probs for GDERKNQSTAVLIFYWHMCP>
#	G	D	E	R	K	N	Q	S	T	A	V	L	I	F	Y	W	H	M	C	P
0	0.04604	0.01746	0.02382	0.01826	0.02620	0.01508	0.01508	0.05001	0.02937	0.58244	0.04049	0.03493	0.02540	0.01270	0.01032	0.00318	0.00873	0.01032	0.01270	0.01746
1	0.01254	0.01020	0.01112	0.01134	0.01423	0.00877	0.00833	0.01537	0.02371	0.02953	0.16752	0.17253	0.42681	0.02612	0.01226	0.00353	0.00525	0.02228	0.00980	0.00877
2	0.01287	0.00921	0.01223	0.01404	0.01496	0.00858	0.00955	0.01520	0.02133	0.02888	0.14868	0.53288	0.07307	0.03015	0.01292	0.00400	0.00575	0.02727	0.00984	0.00858
3	0.10241	0.03140	0.02902	0.02315	0.03068	0.12907	0.01877	0.40627	0.04202	0.05607	0.02214	0.02282	0.01612	0.01175	0.00972	0.00301	0.01223	0.00844	0.00903	0.01589
4	0.01343	0.01045	0.01221	0.01177	0.01466	0.00922	0.00882	0.01725	0.02647	0.03504	0.35776	0.08672	0.31281	0.02326	0.01211	0.00334	0.00500	0.01997	0.01049	0.00922
5	0.01250	0.00893	0.01191	0.01429	0.01488	0.00834	0.00953	0.01429	0.01965	0.02620	0.05656	0.63265	0.06787	0.03215	0.01310	0.00417	0.00595	0.02917	0.00953	0.00834
6	0.01399	0.00999	0.01362	0.01599	0.01724	0.00962	0.01211	0.01686	0.02112	0.02786	0.05574	0.44189	0.06462	0.03075	0.01350	0.00437	0.00724	0.20524	0.00950	0.00875
7	0.03833	0.04891	0.02908	0.02644	0.03173	0.59815	0.01983	0.04098	0.02908	0.02512	0.01586	0.01851	0.01322	0.01058	0.00925	0.00264	0.01851	0.00661	0.00529	0.01190
8	0.02531	0.01672	0.02299	0.22913	0.03842	0.01828	0.01814	0.10094	0.02741	0.12041	0.11920	0.03849	0.03243	0.01305	0.01003	0.00312	0.00948	0.01101	0.13292	0.01255

[dist]
# distance from previous block
# <min> <max>
0	17

[block]
# block no. 4 follows, 14 sequences, length 50
# corresponding to MSA columns:
# 143-192
name=unknown_E
#
# <colnr> <probs for GDERKNQSTAVLIFYWHMCP>
#	G	D	E	R	K	N	Q	S	T	A	V	L	I	F	Y	W	H	M	C	P
0	0.02602	0.06364	0.02883	0.10855	0.03428	0.01827	0.06051	0.03108	0.02280	0.12769	0.02206	0.02479	0.01664	0.00907	0.00879	0.00231	0.00978	0.00775	0.00681	0.37032
1	0.10474	0.08239	0.34148	0.02799	0.07586	0.02640	0.02954	0.12740	0.02623	0.03961	0.01889	0.02156	0.01386	0.01010	0.00927	0.00312	0.01311	0.00763	0.00574	0.01507
2	0.01423	0.01128	0.01694	0.01629	0.01858	0.01044	0.05885	0.01769	0.02336	0.03175	0.22211	0.36081	0.10611	0.02594	0.01262	0.00375	0.00660	0.02365	0.00969	0.00931
3	0.02500	0.29897	0.16948	0.02555	0.03560	0.03173	0.12033	0.03524	0.10514	0.03059	0.02071	0.02315	0.01641	0.00977	0.00894	0.00287	0.01266	0.00816	0.00547	0.01422
4	0.01260	0.00955	0.01163	0.01293	0.01461	0.00858	0.00900	0.01497	0.02182	0.02827	0.12621	0.40654	0.22813	0.02903	0.01269	0.00385	0.00560	0.02569	0.00972	0.00858
5	0.71184	0.01985	0.01508	0.01350	0.01985	0.02302	0.01111	0.03017	0.01746	0.04604	0.01429	0.01667	0.01111	0.00953	0.00635	0.00318	0.00794	0.00556	0.00635	0.01111
6	0.03030	0.03327	0.25681	0.02430	0.03518	0.02041	0.05426	0.04074	0.08633	0.22590	0.02895	0.02854	0.01974	0.01106	0.01002	0.00315	0.01172	0.00916	0.00813	0.06204
7	0.02182	0.04531	0.44526	0.02716	0.03998	0.02426	0.03249	0.03801	0.15561	0.03511	0.02426	0.02583	0.01759	0.01079	0.00992	0.00331	0.01340	0.00859	0.00586	0.01544
8	0.01250	0.00893	0.01191	0.01429	0.01488	0.00834	0.00953	0.01429	0.01965	0.02620	0.05656	0.63265	0.06787	0.03215	0.01310	0.00417	0.00595	0.02917	0.00953	0.00834
9	0.08032	0.02446	0.03255	0.02515	0.03308	0.02573	0.11720	0.21475	0.14884	0.14519	0.02975	0.02949	0.02110	0.01184	0.01040	0.00326	0.01107	0.01025	0.00950	0.01606
10	0.03073	0.03663	0.09231	0.03208	0.04047	0.23491	0.21922	0.03889	0.07170	0.07004	0.02195	0.02518	0.01652	0.01020	0.01057	0.00312	0.01615	0.00950	0.00613	0.01372
11	0.01409	0.00975	0.01220	0.01353	0.01409	0.00950	0.00899	0.01548	0.01809	0.02402	0.04561	0.31652	0.05328	0.29872	0.03045	0.00678	0.00817	0.08512	0.00806	0.00755
12	0.02156	0.02047	0.03472	0.41482	0.25350	0.02337	0.02958	0.02813	0.02155	0.02887	0.01863	0.02665	0.01461	0.00986	0.01022	0.00329	0.01314	0.00913	0.00475	0.01316
13	0.02455	0.21180	0.35180	0.02658	0.03905	0.02806	0.07748	0.03324	0.02221	0.06769	0.01899	0.02170	0.01413	0.00958	0.00914	0.00297	0.01377	0.00761	0.00500	0.01465
14	0.01492	0.00995	0.01119	0.01119	0.01119	0.00995	0.00622	0.01492	0.01492	0.01990	0.03233	0.06716	0.03731	0.63935	0.05223	0.00995	0.00995	0.01492	0.00622	0.00622
15	0.02366	0.02009	0.02160	0.01953	0.02476	0.02284	0.01513	0.04857	0.46738	0.04263	0.13125	0.04479	0.04242	0.01512	0.01072	0.00344	0.00757	0.01278	0.01059	0.01513
16	0.03691	0.01830	0.02380	0.05896	0.02874	0.01782	0.01649	0.13459	0.03088	0.34133	0.03887	0.09226	0.03035	0.01580	0.01096	0.00342	0.00938	0.06464	0.01108	0.01542
17	0.24893	0.32227	0.14857	0.01859	0.02787	0.03150	0.01957	0.03090	0.01991	0.03296	0.01511	0.01758	0.01247	0.00922	0.00715	0.00273	0.01083	0.00593	0.00502	0.01290
18	0.01492	0.00995	0.01119	0.01119	0.01119	0.00995	0.00622	0.01492	0.01492	0.01990	0.03233	0.06716	0.03731	0.63935	0.05223	0.00995	0.00995	0.01492	0.00622	0.00622
19	0.09787	0.30489	0.03546	0.01610	0.02476	0.02697	0.01451	0.02853	0.02068	0.03054	0.01600	0.01859	0.01384	0.00834	0.00700	0.00201	0.00918	0.00575	0.00534	0.31364
20	0.03069	0.01795	0.02224	0.01636	0.02503	0.01421	0.01327	0.03502	0.02435	0.24197	0.02669	0.02646	0.01908	0.00954	0.00863	0.00215	0.00803	0.00769	0.00860	0.44204
21	0.02528	0.31830	0.24947	0.02285	0.03350	0.06504	0.02521	0.03464	0.08127	0.02944	0.01898	0.02097	0.01513	0.00982	0.00836	0.00276	0.01267	0.00702	0.00509	0.01419
22	0.01654	0.01245	0.01611	0.01759	0.01990	0.01293	0.01402	0.02408	0.10552	0.03074	0.05127	0.26210	0.05526	0.03055	0.05248	0.00514	0.00935	0.24446	0.00936	0.01014
23	0.02486	0.02356	0.03868	0.10957	0.47000	0.02436	0.02959	0.03347	0.08009	0.03385	0.02160	0.02696	0.01763	0.00976	0.01020	0.00313	0.01189	0.00940	0.00560	0.01580
24	0.71184	0.01985	0.01508	0.01350	0.01985	0.02302	0.01111	0.03017	0.01746	0.04604	0.01429	0.01667	0.01111	0.00953	0.00635	0.00318	0.00794	0.00556	0.00635	0.01111
25	0.01360	0.01326	0.06547	0.01607	0.01816	0.01007	0.01275	0.01657	0.02017	0.02717	0.05284	0.53187	0.06204	0.02975	0.01288	0.00413	0.00711	0.06799	0.00904	0.00906
26	0.04544	0.01843	0.02441	0.01872	0.02668	0.01652	0.01546	0.09203	0.03099	0.53814	0.03913	0.03405	0.02472	0.01267	0.01032	0.00317	0.00895	0.01023	0.01249	0.01746
27	0.01216	0.01026	0.01054	0.01076	0.01396	0.00863	0.00796	0.01469	0.02304	0.02758	0.09953	0.14865	0.52414	0.02657	0.01222	0.00353	0.00527	0.02236	0.00953	0.00863
28	0.25812	0.02585	0.02568	0.02032	0.02792	0.02896	0.01677	0.37473	0.03822	0.05861	0.02127	0.02204	0.01539	0.01141	0.00899	0.00311	0.01020	0.00804	0.00899	0.01539
29	0.03833	0.04891	0.02908	0.02644	0.03173	0.59815	0.01983	0.04098	0.02908	0.02512	0.01586	0.01851	0.01322	0.01058	0.00925	0.00264	0.01851	0.00661	0.00529	0.01190
30	0.03901	0.02874	0.03080	0.02361	0.03182	0.03182	0.01951	0.54111	0.04825	0.06468	0.02464	0.02464	0.01745	0.01232	0.01027	0.00308	0.01129	0.00924	0.01027	0.01745
31	0.02355	0.30969	0.35558	0.02419	0.03659	0.03110	0.02910	0.03173	0.02131	0.02888	0.01662	0.01941	0.01307	0.00933	0.00838	0.00279	0.01335	0.00668	0.00436	0.01430
32	0.02128	0.01691	0.02017	0.02120	0.07256	0.01793	0.01449	0.09397	0.18041	0.03842	0.08412	0.20750	0.08885	0.01973	0.01120	0.00350	0.00762	0.01717	0.05027	0.01270
33	0.01217	0.01024	0.01056	0.01081	0.01397	0.00863	0.00798	0.01468	0.02299	0.02756	0.09890	0.15580	0.51740	0.02665	0.01223	0.00354	0.00528	0.02246	0.00953	0.00863
34	0.01938	0.01824	0.03078	0.61468	0.07068	0.02280	0.02850	0.02622	0.02052	0.02622	0.01824	0.02736	0.01368	0.01026	0.01026	0.00342	0.01368	0.00912	0.00456	0.01140
35	0.02917	0.12495	0.08650	0.06816	0.10518	0.05808	0.05155	0.10289	0.14533	0.08830	0.02591	0.02720	0.01945	0.01106	0.00972	0.00307	0.01167	0.00913	0.00744	0.01523
36	0.03731	0.01553	0.02102	0.01678	0.02319	0.01359	0.01359	0.04152	0.02928	0.43252	0.18713	0.04649	0.04519	0.01499	0.01081	0.00319	0.00765	0.01260	0.01231	0.01531
37	0.02245	0.02245	0.03143	0.02694	0.02694	0.03143	0.02245	0.02470	0.01572	0.02470	0.01347	0.02245	0.01347	0.01796	0.03368	0.00449	0.62057	0.00898	0.00449	0.01123
38	0.03833	0.04891	0.02908	0.02644	0.03173	0.59815	0.01983	0.04098	0.02908	0.02512	0.01586	0.01851	0.01322	0.01058	0.00925	0.00264	0.01851	0.00661	0.00529	0.01190
39	0.03967	0.02769	0.03015	0.02311	0.03130	0.03026	0.01909	0.49522	0.04649	0.11306	0.02612	0.02560	0.01820	0.01235	0.01027	0.00309	0.01105	0.00934	0.01049	0.01745
40	0.01492	0.00995	0.01119	0.01119	0.01119	0.00995	0.00622	0.01492	0.01492	0.01990	0.03233	0.06716	0.03731	0.63935	0.05223	0.00995	0.00995	0.01492	0.00622	0.00622
41	0.04203	0.02127	0.02585	0.02011	0.02793	0.02108	0.01652	0.19785	0.08387	0.37707	0.03585	0.03215	0.02356	0.01270	0.01032	0.00317	0.00944	0.01011	0.01176	0.01735
42	0.02170	0.01734	0.02648	0.37927	0.05168	0.01892	0.02209	0.02762	0.02240	0.08071	0.07924	0.03215	0.02394	0.01112	0.00995	0.00301	0.01110	0.00965	0.00633	0.14532
43	0.02393	0.01816	0.02155	0.01553	0.02452	0.01383	0.01247	0.02842	0.02214	0.09209	0.02062	0.02274	0.01629	0.00814	0.00789	0.00170	0.00772	0.00653	0.00679	0.62894
44	0.02166	0.04206	0.37392	0.03150	0.04271	0.02576	0.13153	0.03102	0.02097	0.03102	0.01788	0.02299	0.01359	0.01117	0.01498	0.00354	0.13631	0.00874	0.00453	0.01412
45	0.02357	0.01817	0.02151	0.01548	0.02449	0.01381	0.01243	0.02808	0.02203	0.08427	0.02030	0.02254	0.01614	0.00807	0.00785	0.00167	0.00770	0.00647	0.00669	0.63870
46	0.01248	0.01002	0.01115	0.01168	0.01429	0.00869	0.00845	0.01511	0.02301	0.02876	0.14132	0.23628	0.38862	0.02707	0.01238	0.00362	0.00536	0.02330	0.00972	0.00869
47	0.01446	0.01041	0.01380	0.01391	0.01603	0.00975	0.01055	0.01880	0.02684	0.03740	0.42076	0.17048	0.08728	0.02372	0.01253	0.00357	0.00562	0.08385	0.01077	0.00944
48	0.01945	0.07895	0.09551	0.01701	0.02464	0.01611	0.01533	0.02412	0.02086	0.03054	0.02800	0.18210	0.02861	0.01446	0.00924	0.00251	0.00847	0.01231	0.00660	0.36519
49	0.02203	0.11243	0.36973	0.02829	0.04119	0.02477	0.11071	0.03149	0.02192	0.03172	0.01829	0.02196	0.01371	0.00919	0.00948	0.00294	0.01404	0.00786	0.00470	0.10354

[dist]
# distance from previous block
# <min> <max>
0	1

[block]
# block no. 5 follows, 14 sequences, length 6
# corresponding to MSA columns:
# 194-199
name=unknown_F
#
# <colnr> <probs for GDERKNQSTAVLIFYWHMCP>
#	G	D	E	R	K	N	Q	S	T	A	V	L	I	F	Y	W	H	M	C	P
0	0.02895	0.14084	0.13320	0.02945	0.08803	0.10548	0.08819	0.13726	0.02845	0.03690	0.01900	0.02204	0.01482	0.00983	0.00938	0.00280	0.01338	0.00801	0.00603	0.07797
1	0.02085	0.01930	0.03050	0.38295	0.14747	0.02100	0.02530	0.02705	0.02119	0.02913	0.01842	0.02564	0.01447	0.00946	0.00964	0.00292	0.01204	0.00843	0.00500	0.16923
2	0.02752	0.25660	0.16698	0.01992	0.02958	0.02592	0.02064	0.03307	0.02264	0.13333	0.02345	0.06077	0.01919	0.01106	0.00860	0.00266	0.01075	0.00848	0.00652	0.11232
3	0.03379	0.18442	0.07854	0.02241	0.03113	0.02512	0.08351	0.04216	0.09731	0.25436	0.02973	0.02870	0.02087	0.01112	0.00955	0.00300	0.01079	0.00926	0.00867	0.01556
4	0.02792	0.23131	0.15630	0.07126	0.11361	0.02879	0.06143	0.06244	0.02422	0.10064	0.02048	0.02318	0.01557	0.00982	0.00909	0.00289	0.01240	0.00800	0.00593	0.01473
5	0.02685	0.03332	0.16408	0.04017	0.25489	0.07982	0.02780	0.10090	0.02663	0.03667	0.01935	0.02323	0.01522	0.00966	0.00967	0.00287	0.01280	0.00816	0.00575	0.10216

[dist]
# distance from previous block
# <min> <max>
0	1

[block]
# block no. 6 follows, 14 sequences, length 34
# corresponding to MSA columns:
# 201-234
name=unknown_G
#
# <colnr> <probs for GDERKNQSTAVLIFYWHMCP>
#	G	D	E	R	K	N	Q	S	T	A	V	L	I	F	Y	W	H	M	C	P
0	0.28176	0.35203	0.03715	0.01666	0.02449	0.03322	0.01537	0.08187	0.02236	0.03632	0.01532	0.01736	0.01284	0.00941	0.00687	0.00265	0.00988	0.00589	0.00571	0.01284
1	0.02373	0.32556	0.34131	0.02387	0.03610	0.03155	0.02855	0.03168	0.02129	0.02866	0.01651	0.01927	0.01308	0.00930	0.00829	0.00276	0.01324	0.00662	0.00436	0.01425
2	0.03137	0.01422	0.01912	0.01577	0.02114	0.01257	0.01257	0.03575	0.02922	0.33052	0.28689	0.05435	0.05865	0.01655	0.01115	0.00320	0.00692	0.01415	0.01205	0.01384
3	0.01483	0.01030	0.01299	0.01299	0.01362	0.01093	0.00846	0.01608	0.01546	0.02123	0.03069	0.05803	0.03335	0.44817	0.23799	0.01217	0.01591	0.01359	0.00597	0.00722
4	0.02245	0.02245	0.03143	0.02694	0.02694	0.03143	0.02245	0.02470	0.01572	0.02470	0.01347	0.02245	0.01347	0.01796	0.03368	0.00449	0.62057	0.00898	0.00449	0.01123
5	0.01492	0.00995	0.01119	0.01119	0.01119	0.00995	0.00622	0.01492	0.01492	0.01990	0.03233	0.06716	0.03731	0.63935	0.05223	0.00995	0.00995	0.01492	0.00622	0.00622
6	0.01304	0.01043	0.01166	0.01135	0.01442	0.00905	0.00852	0.01649	0.02555	0.03284	0.28141	0.09034	0.39052	0.02408	0.01212	0.00337	0.00506	0.02048	0.01020	0.00905
7	0.11495	0.02097	0.02490	0.01929	0.02714	0.02076	0.01594	0.18950	0.03355	0.37601	0.03313	0.03002	0.02159	0.01225	0.00988	0.00315	0.00939	0.00950	0.01132	0.01678
8	0.01469	0.01087	0.01588	0.01588	0.01750	0.01249	0.01206	0.01793	0.01631	0.02337	0.02805	0.04342	0.02700	0.14202	0.53547	0.01574	0.02546	0.01145	0.00558	0.00882
9	0.01562	0.01158	0.01478	0.01440	0.01701	0.01127	0.01105	0.02243	0.07529	0.03918	0.43094	0.11237	0.08478	0.02189	0.01226	0.00348	0.00574	0.07487	0.01090	0.01016
10	0.02160	0.01938	0.02402	0.01837	0.02503	0.01847	0.01494	0.02553	0.01978	0.03108	0.01695	0.02160	0.01473	0.01039	0.01463	0.00232	0.17290	0.00686	0.00565	0.51577
11	0.01723	0.01458	0.02125	0.11517	0.08503	0.01578	0.01636	0.02208	0.02521	0.03526	0.33146	0.05843	0.09384	0.01797	0.01410	0.00340	0.07828	0.01514	0.00867	0.01077
12	0.37703	0.11923	0.02844	0.01988	0.02677	0.12931	0.06697	0.03398	0.05435	0.03750	0.01693	0.01942	0.01351	0.00979	0.00774	0.00298	0.01124	0.00677	0.00601	0.01215
13	0.63870	0.02033	0.01791	0.01877	0.07903	0.02317	0.01329	0.03031	0.01809	0.04471	0.01482	0.01760	0.01166	0.00949	0.00676	0.00316	0.00839	0.00594	0.00622	0.01166
14	0.02599	0.01900	0.02671	0.21339	0.10212	0.02074	0.02071	0.11192	0.06218	0.10493	0.11753	0.03722	0.03183	0.01289	0.01042	0.00321	0.01021	0.01106	0.04436	0.01358
15	0.01329	0.00967	0.01262	0.01423	0.01561	0.00900	0.01021	0.01602	0.02209	0.02948	0.15053	0.42742	0.11718	0.02920	0.01296	0.00400	0.00610	0.08183	0.00983	0.00873
16	0.01534	0.01044	0.01519	0.01519	0.01642	0.01167	0.01120	0.01688	0.01566	0.02210	0.02610	0.04177	0.02549	0.13832	0.41596	0.15650	0.02149	0.01105	0.00537	0.00783
17	0.02058	0.05308	0.58618	0.02925	0.04442	0.02383	0.03792	0.03250	0.02167	0.03250	0.01842	0.02167	0.01300	0.00975	0.00975	0.00325	0.01517	0.00758	0.00433	0.01517
18	0.01291	0.00922	0.01237	0.01475	0.01553	0.00869	0.01023	0.01499	0.02005	0.02665	0.05634	0.58065	0.06699	0.03177	0.01321	0.00422	0.00631	0.07717	0.00952	0.00845
19	0.02744	0.64552	0.05378	0.01756	0.02634	0.04061	0.01756	0.03073	0.02085	0.02414	0.01427	0.01646	0.01317	0.00878	0.00658	0.00219	0.01097	0.00549	0.00439	0.01317
20	0.71184	0.01985	0.01508	0.01350	0.01985	0.02302	0.01111	0.03017	0.01746	0.04604	0.01429	0.01667	0.01111	0.00953	0.00635	0.00318	0.00794	0.00556	0.00635	0.01111
21	0.01381	0.01025	0.01304	0.01495	0.01607	0.01006	0.01020	0.01834	0.07369	0.02788	0.05507	0.57285	0.06420	0.03032	0.01283	0.00410	0.00617	0.02741	0.00962	0.00913
22	0.02438	0.02480	0.04661	0.11538	0.35266	0.02472	0.19518	0.03138	0.02334	0.03254	0.01966	0.02635	0.01576	0.00910	0.01080	0.00322	0.01400	0.01010	0.00506	0.01496
23	0.02179	0.07091	0.20976	0.09880	0.07394	0.02172	0.07993	0.02942	0.02173	0.03161	0.01838	0.02277	0.01429	0.00889	0.00918	0.00265	0.01228	0.00772	0.00507	0.23915
24	0.63243	0.02037	0.01816	0.01922	0.08411	0.02318	0.01347	0.03032	0.01815	0.04459	0.01487	0.01768	0.01171	0.00948	0.00679	0.00316	0.00843	0.00597	0.00620	0.01171
25	0.02128	0.01824	0.02128	0.01520	0.02432	0.01368	0.01216	0.02584	0.02128	0.03344	0.01824	0.02128	0.01520	0.00760	0.00760	0.00152	0.00760	0.00608	0.00608	0.70208
26	0.01262	0.01042	0.01108	0.01091	0.01416	0.00887	0.00818	0.01568	0.02455	0.03048	0.19976	0.09422	0.47364	0.02496	0.01212	0.00342	0.00512	0.02102	0.00989	0.00887
27	0.03022	0.09293	0.12208	0.06118	0.09483	0.12325	0.02199	0.06677	0.02593	0.12551	0.02310	0.02524	0.01718	0.01048	0.00918	0.00281	0.01215	0.00812	0.06872	0.05834
28	0.01664	0.01446	0.02008	0.01949	0.02000	0.01789	0.01496	0.01883	0.01774	0.02534	0.03634	0.32540	0.04171	0.03178	0.08889	0.00572	0.24890	0.01917	0.00709	0.00956
29	0.43737	0.01711	0.01541	0.01347	0.01921	0.01858	0.01094	0.03231	0.02050	0.14027	0.02328	0.02478	0.01708	0.01064	0.00725	0.00300	0.00737	0.00731	0.16222	0.01190
30	0.02605	0.14178	0.27077	0.02417	0.03465	0.02699	0.02634	0.09932	0.02486	0.06887	0.01937	0.02205	0.01466	0.01077	0.01165	0.00300	0.07727	0.00761	0.00584	0.08396
31	0.02240	0.01081	0.01197	0.01115	0.01394	0.01045	0.00818	0.02623	0.02153	0.11614	0.03432	0.04283	0.02810	0.12201	0.01554	0.00383	0.00628	0.01062	0.47351	0.01016
32	0.21234	0.08649	0.02674	0.01953	0.02661	0.02855	0.01614	0.21322	0.18477	0.04935	0.02582	0.02566	0.01936	0.01169	0.00891	0.00313	0.00945	0.00857	0.00869	0.01499
33	0.02600	0.21402	0.17592	0.03164	0.09995	0.09044	0.12335	0.03417	0.05497	0.03011	0.01889	0.02240	0.01504	0.00953	0.00932	0.00291	0.01395	0.00816	0.00507	0.01418

[dist]
# distance from previous block
# <min> <max>
0	4

[block]
# block no. 7 follows, 14 sequences, length 49
# corresponding to MSA columns:
# 239-287
name=unknown_H
#
# <colnr> <probs for GDERKNQSTAVLIFYWHMCP>
#	G	D	E	R	K	N	Q	S	T	A	V	L	I	F	Y	W	H	M	C	P
0	0.12929	0.32804	0.13957	0.02331	0.07253	0.03272	0.02155	0.08851	0.02378	0.03420	0.01658	0.01905	0.01356	0.00949	0.00781	0.00270	0.01140	0.00658	0.00539	0.01395
1	0.02703	0.28882	0.14172	0.02239	0.03059	0.11631	0.02185	0.03615	0.11386	0.02911	0.01993	0.02198	0.01629	0.01087	0.01048	0.00287	0.06310	0.00738	0.00556	0.01372
2	0.01783	0.00891	0.01337	0.01337	0.01337	0.00891	0.00891	0.01337	0.01337	0.01783	0.01783	0.03119	0.01783	0.03565	0.04011	0.70143	0.00891	0.00891	0.00446	0.00446
3	0.01502	0.01170	0.01509	0.01637	0.01759	0.01241	0.01178	0.02001	0.07865	0.02817	0.05111	0.48491	0.05868	0.02871	0.01463	0.00415	0.05908	0.05324	0.00919	0.00952
4	0.10405	0.20001	0.16112	0.02350	0.03335	0.02919	0.07849	0.10921	0.06039	0.03737	0.01954	0.02186	0.01513	0.00986	0.00874	0.00285	0.01190	0.00770	0.00608	0.05965
5	0.02396	0.01935	0.02982	0.10393	0.26833	0.01982	0.02255	0.03215	0.08371	0.08663	0.16007	0.04063	0.03844	0.01306	0.01070	0.00319	0.00977	0.01185	0.00786	0.01419
6	0.03471	0.01496	0.02018	0.01634	0.02229	0.01314	0.01314	0.03899	0.02926	0.38781	0.23085	0.04993	0.05109	0.01568	0.01096	0.00319	0.00733	0.01328	0.01220	0.01467
7	0.18366	0.01529	0.01688	0.01470	0.01967	0.01551	0.01164	0.03303	0.07465	0.17288	0.20489	0.04491	0.04586	0.01468	0.00964	0.00313	0.00679	0.01192	0.08778	0.01249
8	0.02687	0.01986	0.02455	0.02097	0.07659	0.01686	0.01515	0.08624	0.02551	0.10911	0.02197	0.02383	0.01689	0.00893	0.00849	0.00205	0.00858	0.00727	0.00732	0.47296
9	0.03232	0.02304	0.11779	0.02052	0.02723	0.01837	0.01900	0.03719	0.02486	0.30053	0.09152	0.03730	0.03011	0.05266	0.01693	0.00383	0.11209	0.01085	0.00936	0.01446
10	0.01261	0.01055	0.01107	0.01133	0.01468	0.00901	0.00876	0.01545	0.02342	0.02805	0.09850	0.10063	0.51482	0.02625	0.01235	0.00360	0.00567	0.07498	0.00952	0.00875
11	0.09022	0.02721	0.08859	0.03477	0.09931	0.02498	0.23443	0.06656	0.12437	0.06824	0.02503	0.02810	0.01860	0.01030	0.01064	0.00334	0.01315	0.01043	0.00690	0.01482
12	0.06810	0.02875	0.14513	0.17861	0.10277	0.02452	0.02591	0.15989	0.02890	0.10630	0.02245	0.02559	0.01604	0.01080	0.00993	0.00322	0.01230	0.00878	0.00708	0.01494
13	0.01988	0.01875	0.03168	0.56877	0.11267	0.02293	0.02875	0.02666	0.02076	0.02683	0.01833	0.02720	0.01389	0.01017	0.01025	0.00339	0.01356	0.00912	0.00460	0.01180
14	0.01349	0.01083	0.01229	0.01302	0.01615	0.00964	0.01050	0.01675	0.02346	0.02865	0.08863	0.10401	0.41296	0.02672	0.01276	0.00385	0.00651	0.17137	0.00950	0.00891
15	0.07516	0.03405	0.27162	0.06407	0.03898	0.02085	0.07047	0.03805	0.02421	0.22410	0.02600	0.02684	0.01745	0.01070	0.00996	0.00325	0.01254	0.00889	0.00746	0.01534
16	0.02535	0.02519	0.08913	0.24894	0.16929	0.02390	0.11222	0.07378	0.02487	0.07658	0.02119	0.02682	0.01573	0.01007	0.01050	0.00328	0.01350	0.00958	0.00587	0.01420
17	0.01626	0.01323	0.01908	0.01817	0.01948	0.01636	0.01423	0.01934	0.01620	0.02367	0.02505	0.03892	0.02415	0.11179	0.43855	0.01351	0.14639	0.01091	0.00535	0.00934
18	0.04319	0.01843	0.02413	0.01840	0.02647	0.01627	0.01516	0.08651	0.03011	0.49059	0.03717	0.03285	0.02383	0.01220	0.01006	0.00301	0.00883	0.00984	0.01189	0.08107
19	0.03775	0.02661	0.07179	0.02343	0.03203	0.02535	0.05128	0.28608	0.07923	0.21355	0.03003	0.02876	0.02047	0.01214	0.01037	0.00318	0.01094	0.00980	0.01025	0.01697
20	0.03369	0.08376	0.03614	0.02871	0.07377	0.12323	0.06880	0.27386	0.03511	0.04509	0.02034	0.02304	0.01570	0.01177	0.01253	0.00312	0.08010	0.00872	0.00746	0.01507
21	0.08556	0.11518	0.47453	0.02650	0.04014	0.02560	0.03319	0.03209	0.02119	0.03284	0.01758	0.02063	0.01284	0.00962	0.00909	0.00313	0.01403	0.00716	0.00453	0.01457
22	0.01262	0.01042	0.01108	0.01092	0.01417	0.00887	0.00819	0.01569	0.02456	0.03050	0.20036	0.09419	0.47303	0.02495	0.01212	0.00342	0.00512	0.02102	0.00990	0.00887
23	0.02405	0.02219	0.03618	0.29005	0.31796	0.02436	0.02922	0.07297	0.02431	0.03314	0.01932	0.02615	0.01528	0.00988	0.01021	0.00321	0.01274	0.00914	0.00531	0.01433
24	0.01492	0.00995	0.01119	0.01119	0.01119	0.00995	0.00622	0.01492	0.01492	0.01990	0.03233	0.06716	0.03731	0.63935	0.05223	0.00995	0.00995	0.01492	0.00622	0.00622
25	0.03833	0.04891	0.02908	0.02644	0.03173	0.59815	0.01983	0.04098	0.02908	0.02512	0.01586	0.01851	0.01322	0.01058	0.00925	0.00264	0.01851	0.00661	0.00529	0.01190
26	0.01247	0.00904	0.01179	0.01400	0.01481	0.00836	0.00940	0.01432	0.01993	0.02631	0.06013	0.59243	0.10579	0.03169	0.01303	0.00411	0.00590	0.02861	0.00953	0.00836
27	0.01520	0.01086	0.01500	0.01737	0.01914	0.01066	0.01421	0.01895	0.02230	0.02921	0.05507	0.28734	0.06199	0.02961	0.01382	0.00454	0.00829	0.34789	0.00947	0.00908
28	0.04604	0.01746	0.02382	0.01826	0.02620	0.01508	0.01508	0.05001	0.02937	0.58244	0.04049	0.03493	0.02540	0.01270	0.01032	0.00318	0.00873	0.01032	0.01270	0.01746
29	0.01475	0.01005	0.01293	0.01341	0.01531	0.00949	0.00995	0.01872	0.02492	0.03560	0.30735	0.23130	0.07591	0.02361	0.01193	0.00352	0.00557	0.06567	0.10075	0.00927
30	0.01750	0.01459	0.01579	0.01476	0.01881	0.01495	0.01128	0.03010	0.21564	0.03643	0.19498	0.07175	0.26267	0.02045	0.01152	0.00341	0.00616	0.01731	0.01029	0.01162
31	0.19227	0.02909	0.10684	0.07557	0.24427	0.07321	0.07327	0.03192	0.02210	0.03520	0.01774	0.02253	0.01409	0.00946	0.00929	0.00313	0.01266	0.00812	0.00529	0.01396
32	0.02974	0.31824	0.08629	0.02040	0.02816	0.16267	0.01890	0.09012	0.02598	0.03121	0.01827	0.02070	0.01509	0.01002	0.00795	0.00251	0.01242	0.00680	0.08139	0.01314
33	0.02089	0.01987	0.03338	0.40751	0.13552	0.02202	0.06687	0.02745	0.02133	0.02879	0.01859	0.02626	0.01441	0.00961	0.01002	0.00311	0.01291	0.00894	0.00489	0.10762
34	0.01924	0.01949	0.07311	0.29572	0.07506	0.01902	0.02258	0.05611	0.02464	0.03342	0.16540	0.08505	0.03975	0.01473	0.01091	0.00337	0.01069	0.01297	0.00705	0.01168
35	0.02406	0.17062	0.10940	0.02391	0.03231	0.02669	0.11554	0.07734	0.13311	0.03473	0.03703	0.03770	0.10810	0.01302	0.01003	0.00311	0.01121	0.01118	0.00710	0.01382
36	0.02955	0.01624	0.02221	0.02240	0.09432	0.01522	0.01527	0.07298	0.02857	0.24609	0.16897	0.11373	0.07561	0.01712	0.01114	0.00329	0.00795	0.01481	0.01064	0.01392
37	0.01636	0.01119	0.01459	0.01481	0.01648	0.01144	0.01067	0.01854	0.01944	0.06692	0.05078	0.28481	0.12217	0.12238	0.12411	0.00703	0.05086	0.02009	0.00825	0.00911
38	0.10292	0.03128	0.18998	0.16338	0.04646	0.02444	0.11668	0.10230	0.02553	0.07100	0.02054	0.02470	0.01478	0.01019	0.01001	0.00329	0.01345	0.00890	0.00610	0.01407
39	0.02472	0.09952	0.17933	0.20079	0.04962	0.02709	0.11792	0.11586	0.02615	0.03521	0.01936	0.02432	0.01442	0.01003	0.01005	0.00319	0.01400	0.00888	0.00555	0.01399
40	0.02321	0.03157	0.23735	0.28981	0.09404	0.02245	0.03075	0.03157	0.02213	0.09031	0.02083	0.02593	0.01491	0.01025	0.01007	0.00330	0.01358	0.00868	0.00541	0.01383
41	0.02020	0.01108	0.01460	0.01479	0.01739	0.00998	0.01066	0.02274	0.02276	0.15322	0.09045	0.41863	0.09987	0.02653	0.01233	0.00383	0.00645	0.02361	0.01036	0.01052
42	0.03564	0.02166	0.07392	0.12745	0.03731	0.01897	0.04990	0.04381	0.08488	0.34602	0.03367	0.03242	0.02236	0.01192	0.01038	0.00328	0.01058	0.01012	0.00987	0.01584
43	0.02695	0.16116	0.25006	0.02852	0.06724	0.02717	0.09431	0.06671	0.05552	0.09424	0.02211	0.02422	0.01626	0.01010	0.00958	0.00305	0.01307	0.00848	0.00614	0.01510
44	0.02362	0.01765	0.02257	0.01993	0.02405	0.07698	0.08121	0.02705	0.02394	0.13809	0.07518	0.30702	0.07575	0.02188	0.01189	0.00362	0.00928	0.01971	0.00922	0.01135
45	0.02582	0.02931	0.18258	0.11544	0.04267	0.02182	0.13791	0.06237	0.05326	0.11001	0.02360	0.02784	0.01721	0.01323	0.01383	0.08014	0.01321	0.00966	0.00643	0.01365
46	0.12657	0.06012	0.07310	0.05814	0.02914	0.02088	0.01779	0.07887	0.02661	0.25147	0.08708	0.03257	0.02727	0.01284	0.01122	0.00322	0.04970	0.00978	0.00917	0.01447
47	0.01865	0.01622	0.02516	0.30632	0.04530	0.01827	0.04852	0.06495	0.02300	0.02990	0.03716	0.21425	0.07432	0.01815	0.01136	0.00362	0.01070	0.01630	0.00695	0.01090
48	0.13671	0.02002	0.02986	0.16470	0.13993	0.02161	0.08816	0.07112	0.02355	0.03738	0.02175	0.02726	0.01687	0.01023	0.00922	0.00308	0.01093	0.00903	0.14590	0.01272

[dist]
# distance from previous block
# <min> <max>
0	43

[block]
# block no. 8 follows, 14 sequences, length 54
# corresponding to MSA columns:
# 332-385
name=unknown_I
#
# <colnr> <probs for GDERKNQSTAVLIFYWHMCP>
#	G	D	E	R	K	N	Q	S	T	A	V	L	I	F	Y	W	H	M	C	P
0	0.02486	0.07166	0.02170	0.05646	0.02430	0.01766	0.01381	0.06087	0.10686	0.14011	0.04688	0.17948	0.10094	0.01844	0.01061	0.00335	0.00792	0.01565	0.06584	0.01264
1	0.03049	0.12155	0.22601	0.07285	0.03767	0.13707	0.02570	0.07066	0.02602	0.12621	0.02156	0.02330	0.01555	0.01050	0.00940	0.00298	0.01376	0.00782	0.00638	0.01450
2	0.10883	0.07527	0.07704	0.02421	0.07642	0.05996	0.01923	0.08660	0.08196	0.08037	0.05933	0.07364	0.02778	0.01448	0.01184	0.00334	0.06032	0.03815	0.00771	0.01352
3	0.02310	0.04385	0.43799	0.02643	0.03895	0.02233	0.03174	0.07734	0.02435	0.07174	0.02448	0.08724	0.02002	0.01254	0.01019	0.00333	0.01341	0.01019	0.00598	0.01481
4	0.07253	0.01130	0.01238	0.01221	0.01542	0.01041	0.00911	0.01948	0.02339	0.06625	0.15553	0.17885	0.28417	0.02319	0.01138	0.00344	0.00569	0.01970	0.05599	0.00958
5	0.03662	0.05299	0.02377	0.01743	0.02446	0.01658	0.01431	0.04300	0.07628	0.38144	0.11861	0.03964	0.03548	0.01351	0.01021	0.00304	0.00813	0.01113	0.01136	0.06201
