[name]
unknown

[dist]
# distance from previous block
# <min> <max>
3	306

[block]
# block no. 0 follows, 12 sequences, length 42
# corresponding to MSA columns:
# 377-418
name=unknown_A
#
# <colnr> <probs for GDERKNQSTAVLIFYWHMCP>
#	G	D	E	R	K	N	Q	S	T	A	V	L	I	F	Y	W	H	M	C	P
0	0.08077	0.02599	0.02671	0.08530	0.03428	0.06519	0.01914	0.13050	0.31697	0.04661	0.03434	0.03369	0.02569	0.01347	0.01062	0.00353	0.01061	0.01075	0.00966	0.01618
1	0.01894	0.00947	0.01420	0.01420	0.01420	0.00947	0.00947	0.01420	0.01420	0.01894	0.01894	0.03314	0.01894	0.03788	0.04261	0.68277	0.00947	0.00947	0.00473	0.00473
2	0.09784	0.09407	0.08781	0.05285	0.39113	0.02761	0.03012	0.03332	0.02371	0.03584	0.01927	0.02460	0.01602	0.00977	0.00991	0.00317	0.01261	0.00873	0.00539	0.01623
3	0.02895	0.03389	0.21689	0.07346	0.17349	0.02307	0.02988	0.06758	0.02668	0.13496	0.02747	0.06774	0.02159	0.01264	0.01090	0.00345	0.01294	0.01084	0.00731	0.01628
4	0.54851	0.09103	0.02220	0.01633	0.02324	0.08690	0.01358	0.03338	0.02031	0.04390	0.01536	0.01790	0.01230	0.01016	0.00711	0.00320	0.01003	0.00602	0.00639	0.01214
5	0.02734	0.11335	0.17065	0.03651	0.13884	0.02792	0.11170	0.03974	0.11774	0.07144	0.02578	0.02839	0.01948	0.01093	0.01061	0.00334	0.01345	0.00990	0.00673	0.01619
6	0.02732	0.01923	0.02309	0.01673	0.02620	0.01480	0.01348	0.03205	0.02415	0.12872	0.02361	0.02520	0.01809	0.00904	0.00859	0.00193	0.00829	0.00727	0.00772	0.56449
7	0.01801	0.01414	0.01665	0.01549	0.01907	0.01428	0.01177	0.02917	0.15203	0.04261	0.37331	0.07407	0.13464	0.02105	0.01243	0.00352	0.00604	0.01828	0.01157	0.01187
8	0.02261	0.01938	0.02261	0.01615	0.02584	0.01453	0.01292	0.02745	0.02261	0.03553	0.01938	0.02261	0.01615	0.00807	0.00807	0.00161	0.00807	0.00646	0.00646	0.68346
9	0.01572	0.01111	0.01462	0.01462	0.01556	0.01205	0.01000	0.01760	0.01666	0.02316	0.03187	0.05756	0.03365	0.35808	0.30603	0.01393	0.01958	0.01384	0.00624	0.00812
10	0.09720	0.02288	0.08236	0.08395	0.06678	0.02083	0.01978	0.13392	0.02808	0.04065	0.03597	0.24630	0.03706	0.01998	0.01152	0.00378	0.01025	0.01719	0.00843	0.01309
11	0.01496	0.01055	0.01271	0.01324	0.01403	0.01048	0.00846	0.01618	0.01811	0.02400	0.04736	0.18244	0.10023	0.35964	0.11189	0.00948	0.01164	0.01921	0.00762	0.00778
12	0.01352	0.00967	0.01286	0.01502	0.01587	0.00901	0.01014	0.01578	0.02197	0.02958	0.11325	0.55156	0.07550	0.03285	0.01380	0.00432	0.00620	0.02976	0.01033	0.00901
13	0.04892	0.01856	0.02530	0.01940	0.02783	0.01603	0.01603	0.05314	0.03121	0.55634	0.04302	0.03711	0.02699	0.01350	0.01096	0.00337	0.00928	0.01096	0.01350	0.01856
14	0.03396	0.32615	0.07874	0.02342	0.03184	0.22592	0.02114	0.08544	0.02823	0.03099	0.01716	0.01950	0.01446	0.01045	0.00861	0.00267	0.01478	0.00680	0.00563	0.01412
15	0.02354	0.02001	0.02139	0.01948	0.02480	0.02231	0.01506	0.04693	0.39029	0.04316	0.12412	0.05514	0.11213	0.01759	0.01159	0.00366	0.00772	0.01482	0.01109	0.01518
16	0.01586	0.01057	0.01189	0.01189	0.01189	0.01057	0.00661	0.01586	0.01586	0.02114	0.03436	0.07135	0.03964	0.61681	0.05550	0.01057	0.01057	0.01586	0.00661	0.00661
17	0.02251	0.10600	0.51630	0.02999	0.04551	0.02688	0.03839	0.03437	0.02294	0.03375	0.01918	0.02254	0.01383	0.01027	0.01006	0.00335	0.01572	0.00786	0.00461	0.01593
18	0.03733	0.03064	0.12248	0.02347	0.03233	0.06502	0.02158	0.18768	0.03485	0.21466	0.03341	0.09088	0.02583	0.01484	0.01107	0.00343	0.01183	0.01192	0.01014	0.01663
19	0.01289	0.01105	0.01105	0.01105	0.01473	0.00920	0.00828	0.01565	0.02485	0.02946	0.11046	0.10493	0.54437	0.02761	0.01289	0.00368	0.00552	0.02301	0.01013	0.00920
20	0.04654	0.02237	0.02767	0.02121	0.02974	0.02169	0.01752	0.19946	0.03760	0.40100	0.03765	0.03363	0.02430	0.01337	0.01095	0.00334	0.01014	0.01060	0.01267	0.01855
21	0.11655	0.05107	0.43126	0.02846	0.04221	0.08098	0.03440	0.03511	0.02321	0.03572	0.01869	0.02195	0.01356	0.01042	0.00981	0.00338	0.01542	0.00765	0.00500	0.01517
22	0.02642	0.02755	0.08578	0.02556	0.03328	0.02697	0.06981	0.05310	0.42390	0.04334	0.03946	0.03765	0.02950	0.01375	0.01120	0.00367	0.01042	0.01193	0.00983	0.01688
23	0.03009	0.02452	0.02643	0.02172	0.02932	0.02632	0.01730	0.17546	0.29330	0.04981	0.03421	0.03296	0.02570	0.01293	0.01041	0.00315	0.00943	0.01042	0.01008	0.15646
24	0.02699	0.02591	0.04426	0.06693	0.54879	0.02591	0.03346	0.03346	0.02483	0.03562	0.02051	0.02699	0.01727	0.00972	0.01079	0.00324	0.01295	0.00972	0.00540	0.01727
25	0.02059	0.01938	0.03270	0.59060	0.07510	0.02422	0.03028	0.02786	0.02180	0.02786	0.01938	0.02907	0.01453	0.01090	0.01090	0.00363	0.01453	0.00969	0.00484	0.01211
26	0.01328	0.00949	0.01265	0.01518	0.01581	0.00886	0.01012	0.01518	0.02088	0.02783	0.06010	0.60969	0.07212	0.03416	0.01392	0.00443	0.00633	0.03100	0.01012	0.00886
27	0.02238	0.11147	0.39605	0.02937	0.04277	0.02592	0.08245	0.03288	0.02404	0.03457	0.07512	0.02929	0.02360	0.01140	0.01051	0.00335	0.01468	0.00954	0.00549	0.01512
28	0.01336	0.01120	0.01171	0.01197	0.01553	0.00955	0.00923	0.01636	0.02488	0.02978	0.10509	0.10677	0.49532	0.02787	0.01311	0.00382	0.00598	0.06908	0.01012	0.00929
29	0.03071	0.01880	0.02234	0.01898	0.02486	0.01930	0.01501	0.08452	0.19141	0.18849	0.20053	0.05135	0.05232	0.01666	0.01160	0.00349	0.00800	0.01407	0.01203	0.01552
30	0.09066	0.03782	0.17867	0.08769	0.04191	0.14423	0.07523	0.03947	0.02621	0.14120	0.02366	0.02602	0.01677	0.01112	0.01037	0.00333	0.01488	0.00891	0.00697	0.01491
31	0.01590	0.01259	0.01722	0.01842	0.01925	0.01391	0.01383	0.01840	0.02081	0.02833	0.05141	0.42378	0.06011	0.03077	0.01807	0.00459	0.11392	0.09995	0.00914	0.00961
32	0.01328	0.00949	0.01265	0.01518	0.01581	0.00886	0.01012	0.01518	0.02088	0.02783	0.06010	0.60969	0.07212	0.03416	0.01392	0.00443	0.00633	0.03100	0.01012	0.00886
33	0.02194	0.01827	0.02004	0.01834	0.02313	0.01995	0.01412	0.04174	0.31970	0.04324	0.20549	0.06035	0.11122	0.01852	0.01184	0.00361	0.00721	0.01579	0.01127	0.01422
34	0.03825	0.04074	0.03035	0.02650	0.03220	0.34719	0.02056	0.10578	0.08283	0.07363	0.02257	0.02441	0.01759	0.01285	0.01295	0.00321	0.07826	0.00849	0.00737	0.01426
35	0.04336	0.01816	0.02356	0.01869	0.02622	0.01660	0.01523	0.05060	0.08508	0.44316	0.04234	0.03790	0.02779	0.01355	0.01061	0.00332	0.00874	0.01103	0.08658	0.01749
36	0.01558	0.01046	0.01197	0.01224	0.01231	0.01039	0.00698	0.01578	0.01639	0.02185	0.03710	0.12872	0.04310	0.55471	0.05107	0.00992	0.01012	0.01747	0.00698	0.00685
37	0.02059	0.01938	0.03270	0.59060	0.07510	0.02422	0.03028	0.02786	0.02180	0.02786	0.01938	0.02907	0.01453	0.01090	0.01090	0.00363	0.01453	0.00969	0.00484	0.01211
38	0.03984	0.02172	0.02587	0.02108	0.02869	0.02219	0.01701	0.10550	0.22202	0.30921	0.04168	0.03726	0.02844	0.01394	0.01101	0.00349	0.00933	0.01135	0.01230	0.01806
39	0.01376	0.01108	0.01226	0.01197	0.01527	0.00958	0.00898	0.01735	0.02693	0.03438	0.25973	0.09683	0.39202	0.02578	0.01288	0.00359	0.00539	0.02188	0.01077	0.00958
40	0.01313	0.01008	0.01204	0.01361	0.01540	0.00899	0.00942	0.01536	0.02239	0.02845	0.07926	0.41762	0.25182	0.03167	0.01352	0.00414	0.00602	0.02796	0.01012	0.00899
41	0.03936	0.06374	0.02760	0.08208	0.03222	0.01974	0.01749	0.04687	0.08448	0.36298	0.07670	0.03855	0.03115	0.01371	0.01082	0.00336	0.00965	0.01126	0.01151	0.01673

[dist]
# distance from previous block
# <min> <max>
0	1

[block]
# block no. 1 follows, 12 sequences, length 138
# corresponding to MSA columns:
# 420-557
name=unknown_B
#
# <colnr> <probs for GDERKNQSTAVLIFYWHMCP>
#	G	D	E	R	K	N	Q	S	T	A	V	L	I	F	Y	W	H	M	C	P
0	0.13277	0.02460	0.02507	0.02161	0.02841	0.02816	0.01717	0.15202	0.34746	0.05111	0.03596	0.03402	0.02680	0.01371	0.01039	0.00356	0.00933	0.01080	0.01039	0.01670
1	0.02964	0.03078	0.02750	0.06705	0.06803	0.18964	0.01988	0.04637	0.26782	0.03655	0.03393	0.07797	0.02815	0.01464	0.01091	0.00345	0.01248	0.01185	0.00853	0.01483
2	0.02411	0.02027	0.02342	0.01686	0.02648	0.01607	0.01354	0.06614	0.02490	0.03818	0.01992	0.02289	0.01634	0.00847	0.00830	0.00175	0.00839	0.00673	0.00681	0.63043
3	0.12732	0.08039	0.23429	0.02631	0.07251	0.02422	0.02588	0.03619	0.05785	0.08521	0.02248	0.02454	0.01669	0.01045	0.00935	0.00307	0.01202	0.00801	0.00654	0.11669
4	0.02915	0.62337	0.05714	0.01866	0.02799	0.04314	0.01866	0.03265	0.02215	0.02565	0.01516	0.01749	0.01399	0.00933	0.00700	0.00233	0.01166	0.00583	0.00466	0.01399
5	0.01328	0.00949	0.01265	0.01518	0.01581	0.00886	0.01012	0.01518	0.02088	0.02783	0.06010	0.60969	0.07212	0.03416	0.01392	0.00443	0.00633	0.03100	0.01012	0.00886
6	0.01328	0.00949	0.01265	0.01518	0.01581	0.00886	0.01012	0.01518	0.02088	0.02783	0.06010	0.60969	0.07212	0.03416	0.01392	0.00443	0.00633	0.03100	0.01012	0.00886
7	0.03233	0.01908	0.02361	0.01735	0.02658	0.01509	0.01407	0.03695	0.02579	0.22802	0.02812	0.02797	0.02016	0.01008	0.00914	0.00227	0.00852	0.00812	0.00906	0.43772
8	0.04270	0.01731	0.02327	0.01869	0.02614	0.01507	0.01545	0.04685	0.03006	0.45931	0.05060	0.05131	0.07807	0.01633	0.01152	0.00355	0.00900	0.05499	0.01286	0.01691
9	0.01496	0.01113	0.01393	0.01323	0.01600	0.01009	0.00992	0.01967	0.02976	0.04110	0.46360	0.08576	0.18396	0.02327	0.01286	0.00348	0.00521	0.02032	0.01166	0.01009
10	0.01558	0.01168	0.01752	0.01752	0.01947	0.01363	0.01363	0.01947	0.01752	0.02531	0.02921	0.04283	0.02726	0.08178	0.57360	0.01752	0.02921	0.01168	0.00584	0.00974
11	0.01328	0.00949	0.01265	0.01518	0.01581	0.00886	0.01012	0.01518	0.02088	0.02783	0.06010	0.60969	0.07212	0.03416	0.01392	0.00443	0.00633	0.03100	0.01012	0.00886
12	0.03089	0.01326	0.01576	0.01358	0.01830	0.01233	0.01073	0.03566	0.02595	0.23124	0.03832	0.03934	0.02759	0.01300	0.00886	0.00285	0.00663	0.01046	0.43199	0.01326
13	0.03137	0.02408	0.02626	0.02167	0.02826	0.02654	0.01735	0.26781	0.18741	0.05628	0.14792	0.04289	0.04188	0.01566	0.01140	0.00343	0.00946	0.01279	0.01121	0.01631
14	0.04073	0.05197	0.03090	0.02809	0.03371	0.57303	0.02107	0.04354	0.03090	0.02669	0.01685	0.01966	0.01404	0.01124	0.00983	0.00281	0.01966	0.00702	0.00562	0.01264
15	0.02357	0.02198	0.03323	0.32023	0.05582	0.02567	0.07848	0.03976	0.20973	0.03520	0.02892	0.03340	0.02169	0.01215	0.01119	0.00366	0.01278	0.01102	0.00723	0.01430
16	0.01449	0.01111	0.01327	0.01273	0.01571	0.00989	0.00955	0.01875	0.02864	0.03845	0.38316	0.09013	0.26605	0.02426	0.01287	0.00352	0.00528	0.02094	0.01131	0.00989
17	0.04541	0.01930	0.02644	0.02069	0.02794	0.01846	0.01712	0.04937	0.02918	0.48211	0.03900	0.03526	0.02522	0.01428	0.01444	0.00357	0.09155	0.01077	0.01227	0.01763
18	0.02261	0.01938	0.02261	0.01615	0.02584	0.01453	0.01292	0.02745	0.02261	0.03553	0.01938	0.02261	0.01615	0.00807	0.00807	0.00161	0.00807	0.00646	0.00646	0.68346
19	0.03897	0.02478	0.04110	0.03027	0.03971	0.02358	0.19916	0.13130	0.03289	0.27351	0.03216	0.03225	0.02157	0.01183	0.01166	0.00347	0.01315	0.01146	0.01007	0.01713
20	0.02385	0.02385	0.03340	0.02863	0.02863	0.03340	0.02385	0.02624	0.01670	0.02624	0.01431	0.02385	0.01431	0.01908	0.03578	0.00477	0.59685	0.00954	0.00477	0.01193
21	0.02580	0.08361	0.25372	0.02808	0.07239	0.02505	0.02772	0.03964	0.13719	0.08356	0.02809	0.03032	0.02115	0.01936	0.07220	0.00494	0.01465	0.00963	0.00708	0.01581
22	0.69383	0.02109	0.01603	0.01434	0.02109	0.02446	0.01181	0.03205	0.01856	0.04892	0.01518	0.01771	0.01181	0.01012	0.00675	0.00337	0.00843	0.00590	0.00675	0.01181
23	0.01363	0.01090	0.01220	0.01224	0.01528	0.00947	0.00904	0.01696	0.02607	0.03322	0.22437	0.15432	0.37014	0.02687	0.01299	0.00369	0.00551	0.02299	0.01064	0.00947
24	0.02456	0.26594	0.37434	0.02649	0.04009	0.03191	0.03229	0.03384	0.02270	0.03125	0.01794	0.02098	0.01388	0.00998	0.00912	0.00304	0.01447	0.00723	0.00463	0.01533
25	0.01328	0.00949	0.01265	0.01518	0.01581	0.00886	0.01012	0.01518	0.02088	0.02783	0.06010	0.60969	0.07212	0.03416	0.01392	0.00443	0.00633	0.03100	0.01012	0.00886
26	0.69383	0.02109	0.01603	0.01434	0.02109	0.02446	0.01181	0.03205	0.01856	0.04892	0.01518	0.01771	0.01181	0.01012	0.00675	0.00337	0.00843	0.00590	0.00675	0.01181
27	0.01289	0.01105	0.01105	0.01105	0.01473	0.00920	0.00828	0.01565	0.02485	0.02946	0.11046	0.10493	0.54437	0.02761	0.01289	0.00368	0.00552	0.02301	0.01013	0.00920
28	0.69383	0.02109	0.01603	0.01434	0.02109	0.02446	0.01181	0.03205	0.01856	0.04892	0.01518	0.01771	0.01181	0.01012	0.00675	0.00337	0.00843	0.00590	0.00675	0.01181
29	0.02671	0.43344	0.22570	0.02282	0.03442	0.03717	0.02590	0.03328	0.02244	0.02863	0.01664	0.01934	0.01393	0.00967	0.00812	0.00271	0.01315	0.00658	0.00464	0.01470
30	0.11892	0.02016	0.02511	0.01947	0.02775	0.01892	0.01608	0.10166	0.03204	0.44664	0.03810	0.03377	0.02439	0.01308	0.01050	0.00336	0.00949	0.01028	0.01247	0.01781
31	0.02398	0.02069	0.02165	0.01973	0.02535	0.02317	0.01528	0.04861	0.41790	0.04205	0.05895	0.05485	0.14598	0.01762	0.01149	0.00369	0.00794	0.01468	0.01088	0.01548
32	0.01328	0.00949	0.01265	0.01518	0.01581	0.00886	0.01012	0.01518	0.02088	0.02783	0.06010	0.60969	0.07212	0.03416	0.01392	0.00443	0.00633	0.03100	0.01012	0.00886
33	0.01392	0.01117	0.01213	0.01234	0.01540	0.00981	0.00928	0.01681	0.02435	0.02997	0.12903	0.10147	0.40219	0.09219	0.01780	0.00457	0.00655	0.07205	0.00987	0.00909
34	0.02699	0.02591	0.04426	0.06693	0.54879	0.02591	0.03346	0.03346	0.02483	0.03562	0.02051	0.02699	0.01727	0.00972	0.01079	0.00324	0.01295	0.00972	0.00540	0.01727
35	0.04159	0.01687	0.02244	0.01808	0.02525	0.01478	0.01488	0.04582	0.02961	0.43652	0.04862	0.04889	0.06890	0.01573	0.01115	0.00345	0.00872	0.04621	0.06593	0.01655
36	0.01362	0.00973	0.01303	0.01556	0.01634	0.00914	0.01070	0.01575	0.02120	0.02820	0.05991	0.57211	0.07139	0.03385	0.01401	0.00447	0.00661	0.06531	0.01012	0.00895
37	0.03850	0.01705	0.02103	0.01692	0.02341	0.01601	0.01372	0.09426	0.03061	0.32959	0.03867	0.03710	0.02638	0.01318	0.00984	0.00308	0.00817	0.01057	0.23617	0.01574
38	0.02573	0.04380	0.35136	0.03204	0.04532	0.02512	0.13072	0.03890	0.07990	0.08404	0.02496	0.02756	0.01772	0.01090	0.01101	0.00352	0.01512	0.00977	0.00632	0.01618
39	0.04892	0.01856	0.02530	0.01940	0.02783	0.01603	0.01603	0.05314	0.03121	0.55634	0.04302	0.03711	0.02699	0.01350	0.01096	0.00337	0.00928	0.01096	0.01350	0.01856
40	0.02712	0.02342	0.02465	0.02219	0.02835	0.02712	0.01726	0.05794	0.52909	0.04561	0.04438	0.04068	0.03328	0.01479	0.01109	0.00370	0.00863	0.01233	0.01109	0.01726
41	0.69383	0.02109	0.01603	0.01434	0.02109	0.02446	0.01181	0.03205	0.01856	0.04892	0.01518	0.01771	0.01181	0.01012	0.00675	0.00337	0.00843	0.00590	0.00675	0.01181
42	0.02333	0.02218	0.03765	0.36633	0.27796	0.02495	0.03164	0.03026	0.02310	0.03118	0.01986	0.02818	0.01571	0.01039	0.01086	0.00346	0.01386	0.00970	0.00508	0.01432
43	0.03328	0.03257	0.03689	0.04482	0.27117	0.15096	0.02637	0.14361	0.07861	0.04183	0.02314	0.02642	0.01830	0.01127	0.01063	0.00319	0.01385	0.00937	0.00719	0.01651
44	0.02309	0.18332	0.38329	0.02697	0.04000	0.02805	0.03274	0.03277	0.02305	0.03226	0.02277	0.03280	0.01927	0.01231	0.01010	0.00337	0.01441	0.05927	0.00522	0.01495
45	0.09779	0.02938	0.10977	0.02780	0.03780	0.02496	0.12892	0.15578	0.03254	0.20334	0.02846	0.02900	0.01939	0.01170	0.01090	0.00343	0.01282	0.01023	0.00924	0.01674
46	0.08761	0.02889	0.03065	0.09017	0.09294	0.11971	0.02144	0.17865	0.03432	0.16994	0.02646	0.02748	0.01873	0.01203	0.01041	0.00326	0.01278	0.00930	0.00904	0.01618
47	0.01289	0.01105	0.01105	0.01105	0.01473	0.00920	0.00828	0.01565	0.02485	0.02946	0.11046	0.10493	0.54437	0.02761	0.01289	0.00368	0.00552	0.02301	0.01013	0.00920
48	0.02650	0.02541	0.04338	0.10659	0.51291	0.02578	0.03322	0.03304	0.02460	0.03503	0.02042	0.02714	0.01706	0.00980	0.01080	0.00327	0.01307	0.00971	0.00536	0.01688
49	0.03590	0.15982	0.03968	0.03597	0.19457	0.10446	0.02320	0.07505	0.02863	0.16368	0.02482	0.02632	0.01860	0.01103	0.00987	0.00301	0.01263	0.00880	0.00768	0.01631
50	0.03635	0.31346	0.09057	0.02056	0.03016	0.03128	0.01989	0.07704	0.02765	0.21563	0.02617	0.02554	0.01888	0.01117	0.00900	0.00287	0.01126	0.00814	0.00823	0.01614
51	0.01532	0.01144	0.01699	0.01727	0.01907	0.01311	0.01324	0.01900	0.01789	0.02559	0.03260	0.10509	0.03218	0.07655	0.51213	0.01609	0.02669	0.01380	0.00631	0.00964
52	0.08841	0.03316	0.20023	0.12126	0.17297	0.02433	0.03002	0.03682	0.06127	0.09371	0.02381	0.02732	0.01752	0.01093	0.01034	0.00343	0.01305	0.00916	0.00650	0.01576
53	0.02559	0.08640	0.35250	0.03296	0.08122	0.02633	0.08623	0.03747	0.06136	0.07352	0.02317	0.02597	0.01680	0.01067	0.01053	0.00339	0.01475	0.00908	0.00591	0.01616
54	0.03444	0.02978	0.12677	0.02474	0.03319	0.06287	0.05850	0.07748	0.07486	0.20991	0.03116	0.03147	0.02188	0.01287	0.01253	0.00342	0.05711	0.01014	0.07088	0.01597
55	0.69383	0.02109	0.01603	0.01434	0.02109	0.02446	0.01181	0.03205	0.01856	0.04892	0.01518	0.01771	0.01181	0.01012	0.00675	0.00337	0.00843	0.00590	0.00675	0.01181
56	0.02915	0.62337	0.05714	0.01866	0.02799	0.04314	0.01866	0.03265	0.02215	0.02565	0.01516	0.01749	0.01399	0.00933	0.00700	0.00233	0.01166	0.00583	0.00466	0.01399
57	0.01328	0.00949	0.01265	0.01518	0.01581	0.00886	0.01012	0.01518	0.02088	0.02783	0.06010	0.60969	0.07212	0.03416	0.01392	0.00443	0.00633	0.03100	0.01012	0.00886
58	0.69383	0.02109	0.01603	0.01434	0.02109	0.02446	0.01181	0.03205	0.01856	0.04892	0.01518	0.01771	0.01181	0.01012	0.00675	0.00337	0.00843	0.00590	0.00675	0.01181
59	0.02186	0.01926	0.01992	0.02037	0.05833	0.07664	0.01413	0.09476	0.03006	0.03833	0.16927	0.16620	0.18336	0.02238	0.01229	0.00357	0.00864	0.01907	0.00983	0.01173
60	0.01543	0.01115	0.01457	0.01372	0.01629	0.01029	0.01029	0.02058	0.03086	0.04372	0.54304	0.08145	0.10288	0.02229	0.01286	0.00343	0.00514	0.01972	0.01200	0.01029
61	0.04633	0.01798	0.02448	0.01896	0.02694	0.01558	0.01558	0.05062	0.03118	0.51676	0.08162	0.04054	0.03285	0.01417	0.01111	0.00338	0.00896	0.01164	0.01338	0.01792
62	0.02528	0.01444	0.01860	0.01727	0.02148	0.01389	0.01414	0.06548	0.03005	0.14615	0.21288	0.07670	0.06237	0.02122	0.01249	0.00379	0.00794	0.15021	0.07312	0.01251
63	0.18425	0.02280	0.02640	0.02877	0.13139	0.07086	0.01930	0.03895	0.02613	0.20943	0.03199	0.04195	0.02577	0.01425	0.01049	0.00354	0.01090	0.07878	0.00909	0.01495
64	0.04087	0.02420	0.02803	0.02209	0.02983	0.02510	0.01798	0.30356	0.04119	0.22800	0.03556	0.09393	0.02726	0.01554	0.01126	0.00343	0.01046	0.01253	0.01169	0.01748
65	0.02177	0.02058	0.03483	0.49443	0.16209	0.02453	0.03087	0.02889	0.02236	0.02928	0.01959	0.02869	0.01504	0.01068	0.01088	0.00356	0.01424	0.00969	0.00495	0.01306
66	0.16279	0.02747	0.02882	0.02247	0.03080	0.03012	0.01856	0.37285	0.04300	0.11904	0.02601	0.02582	0.01823	0.01259	0.01015	0.00330	0.01104	0.00922	0.01043	0.01730
67	0.03044	0.02390	0.02763	0.02715	0.08642	0.02658	0.01926	0.09675	0.38315	0.09383	0.03993	0.03750	0.02957	0.01395	0.01103	0.00358	0.00948	0.01168	0.01067	0.01750
68	0.02574	0.02941	0.06434	0.04596	0.05699	0.02757	0.50919	0.03493	0.02574	0.03493	0.02206	0.02941	0.01654	0.00919	0.01287	0.00368	0.01838	0.01287	0.00551	0.01471
69	0.02521	0.02335	0.03826	0.29684	0.29988	0.02574	0.03110	0.06644	0.02544	0.03462	0.02043	0.02785	0.01615	0.01049	0.01085	0.00342	0.01359	0.00971	0.00556	0.01507
70	0.02395	0.01992	0.02243	0.02102	0.02646	0.02176	0.01695	0.04495	0.33722	0.04094	0.04591	0.06271	0.04019	0.01859	0.01196	0.00389	0.00898	0.14511	0.01036	0.07669
71	0.01699	0.01205	0.01649	0.01873	0.02079	0.01199	0.01568	0.02117	0.02369	0.03093	0.05538	0.16229	0.06108	0.09492	0.01940	0.00557	0.00976	0.38388	0.00967	0.00955
72	0.09064	0.01170	0.01222	0.01203	0.01296	0.01207	0.00725	0.01834	0.01667	0.02563	0.03234	0.06320	0.03572	0.50558	0.04661	0.00919	0.00993	0.01434	0.05614	0.00744
73	0.03294	0.02153	0.03139	0.03038	0.13536	0.01932	0.05804	0.04018	0.06375	0.21168	0.02964	0.03027	0.02133	0.01082	0.01021	0.00286	0.01033	0.00958	0.00888	0.22151
74	0.09546	0.01865	0.02097	0.01586	0.02439	0.01510	0.01254	0.02683	0.02200	0.03629	0.02268	0.07631	0.02084	0.01071	0.00847	0.00207	0.00795	0.00867	0.00683	0.54737
75	0.02726	0.02126	0.02633	0.02301	0.08476	0.01803	0.01630	0.08343	0.02669	0.08072	0.02214	0.02464	0.01740	0.00924	0.00892	0.00212	0.00914	0.00755	0.00739	0.48367
76	0.02375	0.02107	0.02823	0.02933	0.16161	0.01749	0.01825	0.02901	0.02319	0.03555	0.01967	0.02375	0.01644	0.00850	0.00878	0.00204	0.00934	0.00731	0.00618	0.51050
77	0.01328	0.00949	0.01265	0.01518	0.01581	0.00886	0.01012	0.01518	0.02088	0.02783	0.06010	0.60969	0.07212	0.03416	0.01392	0.00443	0.00633	0.03100	0.01012	0.00886
78	0.02712	0.02342	0.02465	0.02219	0.02835	0.02712	0.01726	0.05794	0.52909	0.04561	0.04438	0.04068	0.03328	0.01479	0.01109	0.00370	0.00863	0.01233	0.01109	0.01726
79	0.01463	0.01107	0.01357	0.01354	0.01626	0.01000	0.01022	0.01876	0.02771	0.03715	0.33222	0.14043	0.22911	0.02557	0.01313	0.00372	0.00574	0.05626	0.01112	0.00981
80	0.03166	0.02306	0.03649	0.14469	0.08492	0.02377	0.12078	0.10825	0.06479	0.15732	0.06684	0.03503	0.02639	0.01248	0.01147	0.00349	0.01253	0.01157	0.00882	0.01567
81	0.47187	0.02477	0.02182	0.02177	0.07240	0.06623	0.01569	0.07252	0.06974	0.04727	0.01934	0.02149	0.01498	0.01083	0.00807	0.00334	0.00998	0.00723	0.00726	0.01340
82	0.01543	0.01115	0.01457	0.01372	0.01629	0.01029	0.01029	0.02058	0.03086	0.04372	0.54304	0.08145	0.10288	0.02229	0.01286	0.00343	0.00514	0.01972	0.01200	0.01029
83	0.01433	0.00993	0.01234	0.01385	0.01423	0.00955	0.00870	0.01546	0.01884	0.02512	0.04966	0.39154	0.05896	0.27027	0.03077	0.00692	0.00805	0.02486	0.00870	0.00794
84	0.03094	0.02483	0.04236	0.05647	0.41333	0.02421	0.06819	0.03721	0.02608	0.13176	0.02479	0.02905	0.01901	0.01037	0.01099	0.00330	0.01271	0.01020	0.00690	0.01730
85	0.14632	0.03296	0.22149	0.02287	0.03386	0.02087	0.02429	0.04275	0.02607	0.27899	0.02971	0.02867	0.01959	0.01177	0.01004	0.00340	0.01166	0.00905	0.00909	0.01653
86	0.01586	0.01057	0.01189	0.01189	0.01189	0.01057	0.00661	0.01586	0.01586	0.02114	0.03436	0.07135	0.03964	0.61681	0.05550	0.01057	0.01057	0.01586	0.00661	0.00661
87	0.02382	0.02393	0.04439	0.29380	0.20988	0.02560	0.15656	0.03136	0.02372	0.03200	0.02041	0.02855	0.01587	0.01010	0.01138	0.00353	0.01508	0.01053	0.00518	0.01431
88	0.03518	0.13911	0.08411	0.02385	0.03235	0.10740	0.06471	0.04226	0.06374	0.20503	0.06982	0.03265	0.02696	0.01249	0.01034	0.00316	0.01238	0.01013	0.00883	0.01549
89	0.01289	0.01105	0.01105	0.01105	0.01473	0.00920	0.00828	0.01565	0.02485	0.02946	0.11046	0.10493	0.54437	0.02761	0.01289	0.00368	0.00552	0.02301	0.01013	0.00920
90	0.04892	0.01856	0.02530	0.01940	0.02783	0.01603	0.01603	0.05314	0.03121	0.55634	0.04302	0.03711	0.02699	0.01350	0.01096	0.00337	0.00928	0.01096	0.01350	0.01856
91	0.02941	0.02472	0.03674	0.09378	0.07898	0.02640	0.13088	0.08914	0.23213	0.08982	0.03301	0.03417	0.02431	0.01245	0.01142	0.00358	0.01217	0.01161	0.00893	0.01635
92	0.02836	0.02180	0.02391	0.02089	0.02691	0.02423	0.01639	0.10128	0.35689	0.08554	0.12532	0.04561	0.04279	0.01576	0.01136	0.00358	0.00847	0.01318	0.01140	0.01633
93	0.03458	0.07444	0.15283	0.02718	0.03760	0.02863	0.07799	0.21516	0.07400	0.12772	0.02750	0.02804	0.01940	0.01199	0.01076	0.00334	0.01291	0.00986	0.00890	0.01717
94	0.69383	0.02109	0.01603	0.01434	0.02109	0.02446	0.01181	0.03205	0.01856	0.04892	0.01518	0.01771	0.01181	0.01012	0.00675	0.00337	0.00843	0.00590	0.00675	0.01181
95	0.03000	0.08545	0.10675	0.02872	0.08942	0.02982	0.02322	0.15885	0.24120	0.04667	0.03121	0.03108	0.02347	0.01270	0.01054	0.00338	0.01124	0.01024	0.00892	0.01711
96	0.02959	0.03085	0.04172	0.05956	0.45114	0.12963	0.03111	0.03537	0.02598	0.03393	0.01982	0.02560	0.01666	0.01000	0.01061	0.00316	0.01423	0.00920	0.00544	0.01639
97	0.04145	0.03054	0.03272	0.02509	0.03381	0.03381	0.02072	0.51243	0.05127	0.06872	0.02618	0.02618	0.01854	0.01309	0.01091	0.00327	0.01200	0.00982	0.01091	0.01854
98	0.07275	0.02066	0.03853	0.02921	0.03616	0.01966	0.24941	0.02834	0.02746	0.03991	0.25270	0.05160	0.05449	0.01508	0.01239	0.00354	0.01174	0.01537	0.00849	0.01252
99	0.02811	0.49500	0.11142	0.02533	0.08731	0.03928	0.02268	0.03295	0.02254	0.02773	0.01623	0.01915	0.01433	0.00948	0.00779	0.00256	0.01230	0.00650	0.00474	0.01459
100	0.02317	0.02085	0.03819	0.27498	0.05506	0.02198	0.17138	0.03022	0.02494	0.07190	0.08625	0.04116	0.06507	0.01307	0.01187	0.00361	0.01361	0.01284	0.00688	0.01298
101	0.02699	0.02591	0.04426	0.06693	0.54879	0.02591	0.03346	0.03346	0.02483	0.03562	0.02051	0.02699	0.01727	0.00972	0.01079	0.00324	0.01295	0.00972	0.00540	0.01727
102	0.02264	0.02479	0.09230	0.17010	0.27893	0.02229	0.02879	0.02970	0.02517	0.03540	0.12624	0.03808	0.03366	0.01261	0.01119	0.00339	0.01207	0.01156	0.00653	0.01456
103	0.46321	0.08722	0.02348	0.06877	0.02783	0.02527	0.01489	0.03483	0.02112	0.11905	0.01966	0.02159	0.01454	0.01060	0.00778	0.00328	0.00948	0.00699	0.00733	0.01307
104	0.02617	0.01873	0.02566	0.07266	0.10712	0.01943	0.02010	0.12514	0.02988	0.08751	0.04179	0.16222	0.04156	0.02129	0.01266	0.00403	0.01048	0.15055	0.00944	0.01358
105	0.01289	0.01105	0.01105	0.01105	0.01473	0.00920	0.00828	0.01565	0.02485	0.02946	0.11046	0.10493	0.54437	0.02761	0.01289	0.00368	0.00552	0.02301	0.01013	0.00920
106	0.02345	0.02281	0.03195	0.03795	0.21878	0.07995	0.06614	0.02921	0.02816	0.03803	0.24354	0.04967	0.05343	0.01521	0.01176	0.00331	0.01086	0.01398	0.00826	0.01354
107	0.08856	0.02546	0.04165	0.06207	0.50006	0.02577	0.03146	0.03333	0.02425	0.03685	0.02002	0.02613	0.01677	0.00975	0.01042	0.00325	0.01254	0.00936	0.00552	0.01677
108	0.01407	0.01005	0.01356	0.01608	0.01706	0.00954	0.01149	0.01654	0.02165	0.02872	0.05966	0.52016	0.07039	0.03342	0.01413	0.00454	0.00701	0.11275	0.01011	0.00907
109	0.01328	0.00949	0.01265	0.01518	0.01581	0.00886	0.01012	0.01518	0.02088	0.02783	0.06010	0.60969	0.07212	0.03416	0.01392	0.00443	0.00633	0.03100	0.01012	0.00886
110	0.02328	0.01378	0.01767	0.01565	0.01974	0.01300	0.01209	0.03061	0.07697	0.14753	0.39588	0.06872	0.08111	0.01982	0.01231	0.00344	0.00630	0.01727	0.01222	0.01260
111	0.04623	0.02288	0.02798	0.02145	0.02999	0.02244	0.01772	0.21873	0.03844	0.38053	0.03695	0.03317	0.02394	0.01335	0.01094	0.00334	0.01026	0.01055	0.01256	0.01855
112	0.04727	0.02120	0.02694	0.02065	0.02915	0.01995	0.01706	0.15442	0.03563	0.44882	0.03930	0.03470	0.02513	0.01341	0.01095	0.00335	0.00988	0.01071	0.01292	0.01855
113	0.02535	0.07891	0.03993	0.20929	0.30580	0.02715	0.02938	0.03447	0.07952	0.03356	0.02233	0.02823	0.01795	0.01059	0.01051	0.00332	0.01281	0.00964	0.00580	0.01547
114	0.36333	0.09783	0.17987	0.07288	0.03440	0.02676	0.02253	0.03245	0.02055	0.04023	0.01684	0.02028	0.01288	0.01017	0.00821	0.00331	0.01158	0.00687	0.00572	0.01333
115	0.02780	0.03011	0.07043	0.02015	0.02529	0.20190	0.01671	0.06969	0.02854	0.03680	0.08551	0.08793	0.03361	0.01507	0.01004	0.00305	0.01166	0.01187	0.20175	0.01210
116	0.02187	0.05640	0.56031	0.03108	0.04719	0.02532	0.04029	0.03453	0.02302	0.03453	0.01957	0.02302	0.01381	0.01036	0.01036	0.00345	0.01611	0.00806	0.00460	0.01611
117	0.03769	0.01937	0.02433	0.01861	0.02722	0.01674	0.01512	0.04504	0.08300	0.32533	0.03523	0.03263	0.02404	0.01182	0.01001	0.00282	0.00880	0.00960	0.01087	0.24173
118	0.69383	0.02109	0.01603	0.01434	0.02109	0.02446	0.01181	0.03205	0.01856	0.04892	0.01518	0.01771	0.01181	0.01012	0.00675	0.00337	0.00843	0.00590	0.00675	0.01181
119	0.01561	0.01156	0.01690	0.01690	0.01863	0.01329	0.01285	0.01907	0.01734	0.02485	0.02978	0.04599	0.02863	0.14100	0.51625	0.01675	0.02714	0.01214	0.00593	0.00939
120	0.01418	0.01110	0.01284	0.01240	0.01552	0.00976	0.00930	0.01815	0.02791	0.03671	0.33048	0.09299	0.31981	0.02491	0.01287	0.00355	0.00533	0.02134	0.01108	0.00976
121	0.01610	0.01244	0.01506	0.01536	0.01854	0.01185	0.01231	0.02234	0.06412	0.03596	0.22259	0.09831	0.22890	0.02577	0.01339	0.00400	0.00697	0.15486	0.01075	0.01038
122	0.02059	0.01938	0.03270	0.59060	0.07510	0.02422	0.03028	0.02786	0.02180	0.02786	0.01938	0.02907	0.01453	0.01090	0.01090	0.00363	0.01453	0.00969	0.00484	0.01211
123	0.04211	0.02705	0.03354	0.02541	0.03426	0.02821	0.06450	0.33844	0.04323	0.20352	0.03056	0.02957	0.02075	0.01284	0.01110	0.00334	0.01182	0.01042	0.01114	0.01819
124	0.01328	0.00949	0.01265	0.01518	0.01581	0.00886	0.01012	0.01518	0.02088	0.02783	0.06010	0.60969	0.07212	0.03416	0.01392	0.00443	0.00633	0.03100	0.01012	0.00886
125	0.02574	0.02941	0.06434	0.04596	0.05699	0.02757	0.50919	0.03493	0.02574	0.03493	0.02206	0.02941	0.01654	0.00919	0.01287	0.00368	0.01838	0.01287	0.00551	0.01471
126	0.47779	0.02024	0.01913	0.01603	0.02335	0.02163	0.01322	0.03912	0.02279	0.21890	0.02451	0.02421	0.01689	0.01125	0.00816	0.00337	0.00872	0.00760	0.00901	0.01407
127	0.02699	0.02591	0.04426	0.06693	0.54879	0.02591	0.03346	0.03346	0.02483	0.03562	0.02051	0.02699	0.01727	0.00972	0.01079	0.00324	0.01295	0.00972	0.00540	0.01727
128	0.01328	0.00949	0.01265	0.01518	0.01581	0.00886	0.01012	0.01518	0.02088	0.02783	0.06010	0.60969	0.07212	0.03416	0.01392	0.00443	0.00633	0.03100	0.01012	0.00886
129	0.02059	0.01938	0.03270	0.59060	0.07510	0.02422	0.03028	0.02786	0.02180	0.02786	0.01938	0.02907	0.01453	0.01090	0.01090	0.00363	0.01453	0.00969	0.00484	0.01211
130	0.01289	0.01105	0.01105	0.01105	0.01473	0.00920	0.00828	0.01565	0.02485	0.02946	0.11046	0.10493	0.54437	0.02761	0.01289	0.00368	0.00552	0.02301	0.01013	0.00920
131	0.69383	0.02109	0.01603	0.01434	0.02109	0.02446	0.01181	0.03205	0.01856	0.04892	0.01518	0.01771	0.01181	0.01012	0.00675	0.00337	0.00843	0.00590	0.00675	0.01181
132	0.01328	0.00949	0.01265	0.01518	0.01581	0.00886	0.01012	0.01518	0.02088	0.02783	0.06010	0.60969	0.07212	0.03416	0.01392	0.00443	0.00633	0.03100	0.01012	0.00886
133	0.12031	0.01884	0.02428	0.01884	0.02709	0.01696	0.01556	0.05080	0.02981	0.50018	0.03994	0.03496	0.02531	0.01312	0.01050	0.00337	0.00918	0.01040	0.01275	0.01781
134	0.02410	0.10918	0.32131	0.03520	0.04869	0.02813	0.21119	0.03447	0.02393	0.03369	0.02000	0.02477	0.01484	0.00981	0.01091	0.00341	0.01646	0.00959	0.00495	0.01536
135	0.02531	0.03240	0.11924	0.04431	0.05590	0.02732	0.45729	0.03488	0.02543	0.03488	0.02178	0.02870	0.01624	0.00932	0.01259	0.00365	0.01813	0.01234	0.00541	0.01486
136	0.03192	0.02581	0.02736	0.02316	0.03018	0.02936	0.01842	0.21019	0.36902	0.05335	0.03828	0.03582	0.02835	0.01422	0.01103	0.00356	0.00976	0.01149	0.01103	0.01769
137	0.01543	0.01115	0.01457	0.01372	0.01629	0.01029	0.01029	0.02058	0.03086	0.04372	0.54304	0.08145	0.10288	0.02229	0.01286	0.00343	0.00514	0.01972	0.01200	0.01029

[dist]
# distance from previous block
# <min> <max>
0	30

[block]
# block no. 2 follows, 12 sequences, length 15
# corresponding to MSA columns:
# 588-602
name=unknown_C
#
# <colnr> <probs for GDERKNQSTAVLIFYWHMCP>
#	G	D	E	R	K	N	Q	S	T	A	V	L	I	F	Y	W	H	M	C	P
0	0.02337	0.02313	0.02148	0.07391	0.02839	0.13807	0.01617	0.03309	0.14821	0.03196	0.04295	0.28609	0.04445	0.02220	0.01205	0.00382	0.01058	0.01916	0.00888	0.01206
1	0.02401	0.01808	0.02758	0.02268	0.02830	0.01779	0.10781	0.03491	0.12864	0.10513	0.24896	0.06084	0.06041	0.01776	0.01243	0.00363	0.00921	0.04764	0.01064	0.01352
2	0.04821	0.01970	0.02601	0.01994	0.02841	0.01773	0.01647	0.09704	0.03313	0.50973	0.04141	0.03607	0.02618	0.01346	0.01096	0.00336	0.00954	0.01086	0.01325	0.01855
3	0.01328	0.00949	0.01265	0.01518	0.01581	0.00886	0.01012	0.01518	0.02088	0.02783	0.06010	0.60969	0.07212	0.03416	0.01392	0.00443	0.00633	0.03100	0.01012	0.00886
4	0.04219	0.01944	0.02449	0.01943	0.02715	0.01823	0.01584	0.08827	0.09393	0.40278	0.04817	0.04307	0.07604	0.01496	0.01116	0.00343	0.00907	0.01218	0.01266	0.01751
5	0.02385	0.02385	0.03340	0.02863	0.02863	0.03340	0.02385	0.02624	0.01670	0.02624	0.01431	0.02385	0.01431	0.01908	0.03578	0.00477	0.59685	0.00954	0.00477	0.01193
6	0.04804	0.01997	0.02618	0.02007	0.02854	0.01813	0.01658	0.10742	0.03358	0.49871	0.04103	0.03582	0.02599	0.01345	0.01096	0.00336	0.00960	0.01083	0.01319	0.01855
7	0.02031	0.01379	0.01940	0.01654	0.02073	0.01242	0.05704	0.02441	0.02692	0.10646	0.24014	0.07606	0.20453	0.09165	0.01765	0.00436	0.00771	0.01837	0.01042	0.01109
8	0.02173	0.01590	0.02085	0.01839	0.02139	0.01758	0.01457	0.07001	0.02860	0.07526	0.30163	0.05798	0.06442	0.02727	0.08308	0.00533	0.11887	0.01535	0.00993	0.01186
9	0.01328	0.00949	0.01265	0.01518	0.01581	0.00886	0.01012	0.01518	0.02088	0.02783	0.06010	0.60969	0.07212	0.03416	0.01392	0.00443	0.00633	0.03100	0.01012	0.00886
10	0.02319	0.02936	0.13814	0.03021	0.03511	0.02806	0.10404	0.02783	0.01909	0.02839	0.01713	0.02569	0.01512	0.01801	0.02795	0.08447	0.32120	0.00979	0.00486	0.01234
11	0.14012	0.02101	0.02924	0.28842	0.08563	0.02361	0.02363	0.07998	0.02619	0.14386	0.02424	0.02842	0.01720	0.01143	0.01022	0.00348	0.01210	0.00934	0.00754	0.01435
12	0.08201	0.19726	0.26918	0.02586	0.03662	0.09847	0.02837	0.03417	0.02281	0.03166	0.01723	0.02081	0.01377	0.01100	0.01151	0.00320	0.06944	0.00731	0.00494	0.01438
13	0.38975	0.02121	0.02263	0.02280	0.08878	0.02266	0.01603	0.03980	0.06384	0.17893	0.02544	0.02576	0.01817	0.01133	0.00870	0.00338	0.00923	0.00821	0.00869	0.01468
14	0.23396	0.01982	0.02262	0.02120	0.06656	0.02004	0.01546	0.04028	0.08777	0.20157	0.08244	0.03423	0.02930	0.01279	0.00965	0.00326	0.00871	0.01003	0.00977	0.07054

[dist]
# distance from previous block
# <min> <max>
1	7

[block]
# block no. 3 follows, 12 sequences, length 35
# corresponding to MSA columns:
# 610-644
name=unknown_D
#
# <colnr> <probs for GDERKNQSTAVLIFYWHMCP>
#	G	D	E	R	K	N	Q	S	T	A	V	L	I	F	Y	W	H	M	C	P
0	0.19456	0.15465	0.03660	0.03180	0.15164	0.08235	0.05917	0.03197	0.02291	0.03496	0.02231	0.08882	0.02109	0.01264	0.00939	0.00321	0.01189	0.01034	0.00615	0.01356
1	0.16768	0.02286	0.03013	0.07393	0.19020	0.02363	0.02178	0.07914	0.06467	0.13233	0.02547	0.02762	0.01889	0.01109	0.00982	0.00322	0.01070	0.00910	0.00804	0.06969
2	0.14189	0.26416	0.03873	0.02068	0.02835	0.08246	0.01819	0.11265	0.02767	0.09729	0.02022	0.02185	0.01589	0.01145	0.01047	0.00300	0.05587	0.00746	0.00711	0.01462
3	0.30287	0.02891	0.10747	0.01976	0.02795	0.08429	0.01834	0.03786	0.02469	0.16433	0.06515	0.02853	0.02332	0.01207	0.00918	0.00333	0.01089	0.00869	0.00830	0.01408
4	0.03099	0.07774	0.15660	0.15390	0.13669	0.02392	0.02808	0.03817	0.02540	0.18459	0.02617	0.02870	0.01845	0.01119	0.01046	0.00334	0.01285	0.00938	0.00739	0.01600
5	0.01366	0.00978	0.01299	0.01492	0.01590	0.00911	0.01015	0.01614	0.02264	0.03064	0.14547	0.51631	0.07755	0.03206	0.01373	0.00425	0.00612	0.02900	0.01045	0.00911
6	0.04892	0.01856	0.02530	0.01940	0.02783	0.01603	0.01603	0.05314	0.03121	0.55634	0.04302	0.03711	0.02699	0.01350	0.01096	0.00337	0.00928	0.01096	0.01350	0.01856
7	0.13576	0.34598	0.15710	0.02160	0.03162	0.08944	0.02249	0.03405	0.02264	0.03143	0.01629	0.01894	0.01361	0.00987	0.00797	0.00279	0.01291	0.00645	0.00508	0.01397
8	0.02832	0.02038	0.03440	0.26195	0.12483	0.02148	0.08033	0.03447	0.02489	0.15805	0.02925	0.08302	0.02337	0.01326	0.01140	0.00359	0.01273	0.01228	0.00758	0.01443
9	0.01328	0.00949	0.01265	0.01518	0.01581	0.00886	0.01012	0.01518	0.02088	0.02783	0.06010	0.60969	0.07212	0.03416	0.01392	0.00443	0.00633	0.03100	0.01012	0.00886
10	0.24119	0.03945	0.31913	0.02377	0.03504	0.02315	0.02749	0.03150	0.02131	0.03848	0.02277	0.08848	0.01983	0.01301	0.00958	0.00354	0.01248	0.00998	0.00594	0.01387
11	0.03727	0.02265	0.03510	0.08136	0.09710	0.02225	0.10162	0.08017	0.08018	0.27514	0.03372	0.03350	0.02303	0.01221	0.01126	0.00346	0.01182	0.01107	0.01003	0.01706
12	0.15882	0.01899	0.02372	0.01854	0.02668	0.01746	0.01531	0.04954	0.02905	0.46987	0.03827	0.03381	0.02440	0.01292	0.01025	0.00337	0.00913	0.01010	0.01235	0.01741
13	0.03259	0.01710	0.02124	0.01747	0.02289	0.01643	0.01361	0.11385	0.03195	0.23967	0.18406	0.05373	0.04969	0.11388	0.01873	0.00454	0.00874	0.01411	0.01151	0.01421
14	0.02725	0.29218	0.06115	0.03388	0.04416	0.03446	0.29218	0.03392	0.02415	0.03082	0.01901	0.02414	0.01542	0.00925	0.01027	0.00308	0.01541	0.00975	0.00514	0.01439
15	0.01935	0.01274	0.01601	0.01486	0.01825	0.01202	0.01124	0.02601	0.06989	0.09282	0.37675	0.11756	0.12551	0.02220	0.01261	0.00355	0.00597	0.01942	0.01177	0.01147
16	0.01473	0.01060	0.01394	0.01420	0.01613	0.00982	0.01023	0.01881	0.02759	0.03851	0.38471	0.25463	0.09279	0.02618	0.01321	0.00376	0.00553	0.02342	0.01139	0.00982
17	0.02699	0.02591	0.04426	0.06693	0.54879	0.02591	0.03346	0.03346	0.02483	0.03562	0.02051	0.02699	0.01727	0.00972	0.01079	0.00324	0.01295	0.00972	0.00540	0.01727
18	0.02431	0.02713	0.05842	0.04243	0.05227	0.02543	0.45202	0.03266	0.02518	0.03411	0.02642	0.09588	0.02291	0.01205	0.01299	0.00376	0.01700	0.01494	0.00604	0.01404
19	0.02871	0.01408	0.01883	0.01597	0.02087	0.01256	0.01256	0.03349	0.03100	0.24701	0.34474	0.06387	0.07278	0.01880	0.01211	0.00341	0.00678	0.01625	0.01259	0.01357
20	0.01570	0.01119	0.01503	0.01503	0.01612	0.01228	0.01052	0.01787	0.01679	0.02347	0.03148	0.05545	0.03274	0.31847	0.34439	0.01445	0.02096	0.01353	0.00618	0.00835
21	0.04145	0.03054	0.03272	0.02509	0.03381	0.03381	0.02072	0.51243	0.05127	0.06872	0.02618	0.02618	0.01854	0.01309	0.01091	0.00327	0.01200	0.00982	0.01091	0.01854
22	0.02226	0.05369	0.51054	0.03257	0.04817	0.02555	0.08734	0.03457	0.02329	0.03457	0.01982	0.02366	0.01409	0.01024	0.01061	0.00348	0.01634	0.00854	0.00470	0.01597
23	0.02033	0.01016	0.01016	0.01016	0.01270	0.01016	0.00762	0.02541	0.02287	0.04065	0.03557	0.04065	0.02795	0.01270	0.00762	0.00254	0.00508	0.01016	0.67734	0.01016
24	0.02261	0.01938	0.02261	0.01615	0.02584	0.01453	0.01292	0.02745	0.02261	0.03553	0.01938	0.02261	0.01615	0.00807	0.00807	0.00161	0.00807	0.00646	0.00646	0.68346
25	0.03927	0.02946	0.03149	0.02465	0.03298	0.03279	0.02020	0.44320	0.12405	0.06520	0.02895	0.02839	0.02079	0.01335	0.01094	0.00334	0.01149	0.01020	0.01094	0.01835
26	0.01567	0.01132	0.01570	0.01570	0.01701	0.01264	0.01135	0.01830	0.01698	0.02396	0.03088	0.05209	0.03128	0.25546	0.40541	0.01527	0.02316	0.01304	0.00609	0.00872
27	0.02915	0.62337	0.05714	0.01866	0.02799	0.04314	0.01866	0.03265	0.02215	0.02565	0.01516	0.01749	0.01399	0.00933	0.00700	0.00233	0.01166	0.00583	0.00466	0.01399
28	0.02255	0.07373	0.20451	0.02323	0.03187	0.01956	0.06206	0.02994	0.02608	0.08823	0.18150	0.10905	0.04843	0.01676	0.01152	0.00348	0.01091	0.01466	0.00840	0.01353
29	0.01374	0.01043	0.01273	0.01405	0.01605	0.00943	0.01013	0.01654	0.02366	0.03057	0.13174	0.34516	0.22973	0.03033	0.01355	0.00412	0.00622	0.06227	0.01033	0.00923
30	0.01459	0.01111	0.01340	0.01283	0.01577	0.00993	0.00962	0.01894	0.02887	0.03899	0.39943	0.08924	0.24944	0.02406	0.01287	0.00351	0.00527	0.02081	0.01138	0.00993
31	0.02261	0.01938	0.02261	0.01615	0.02584	0.01453	0.01292	0.02745	0.02261	0.03553	0.01938	0.02261	0.01615	0.00807	0.00807	0.00161	0.00807	0.00646	0.00646	0.68346
32	0.04892	0.01856	0.02530	0.01940	0.02783	0.01603	0.01603	0.05314	0.03121	0.55634	0.04302	0.03711	0.02699	0.01350	0.01096	0.00337	0.00928	0.01096	0.01350	0.01856
33	0.01328	0.00949	0.01265	0.01518	0.01581	0.00886	0.01012	0.01518	0.02088	0.02783	0.06010	0.60969	0.07212	0.03416	0.01392	0.00443	0.00633	0.03100	0.01012	0.00886
34	0.01328	0.00949	0.01265	0.01518	0.01581	0.00886	0.01012	0.01518	0.02088	0.02783	0.06010	0.60969	0.07212	0.03416	0.01392	0.00443	0.00633	0.03100	0.01012	0.00886

[dist]
# distance from previous block
# <min> <max>
0	1

[block]
# block no. 4 follows, 12 sequences, length 61
# corresponding to MSA columns:
# 646-706
name=unknown_E
#
# <colnr> <probs for GDERKNQSTAVLIFYWHMCP>
#	G	D	E	R	K	N	Q	S	T	A	V	L	I	F	Y	W	H	M	C	P
0	0.02988	0.14022	0.28524	0.02795	0.04041	0.02794	0.07702	0.08760	0.02743	0.12048	0.02353	0.02532	0.01673	0.01086	0.01020	0.00325	0.01406	0.00881	0.00680	0.01627
1	0.12616	0.02176	0.02673	0.02296	0.02614	0.06687	0.05560	0.02713	0.02241	0.03470	0.14732	0.03911	0.03723	0.02328	0.07489	0.00524	0.21206	0.01176	0.00709	0.01156
2	0.44899	0.02046	0.01843	0.01500	0.02282	0.02084	0.01221	0.03037	0.02003	0.04404	0.01671	0.01950	0.01339	0.00937	0.00723	0.00273	0.00830	0.00611	0.00664	0.25680
3	0.01931	0.01521	0.01670	0.01546	0.01982	0.01494	0.01220	0.09735	0.06957	0.03934	0.15348	0.08596	0.30382	0.02380	0.01266	0.00372	0.00719	0.06729	0.01060	0.01154
4	0.02859	0.18389	0.27287	0.02489	0.03663	0.02853	0.02774	0.04054	0.10238	0.11381	0.02591	0.02656	0.01888	0.01127	0.00974	0.00321	0.01282	0.00862	0.00698	0.01615
5	0.19159	0.27334	0.14153	0.02745	0.11059	0.03244	0.02341	0.03299	0.02185	0.03465	0.01684	0.02008	0.01393	0.00978	0.00817	0.00294	0.01192	0.00688	0.00528	0.01437
6	0.01347	0.00963	0.01282	0.01506	0.01586	0.00898	0.01014	0.01565	0.02174	0.02921	0.10187	0.56400	0.07478	0.03313	0.01383	0.00434	0.00622	0.03002	0.01028	0.00898
