[name]
unknown

[dist]
# distance from previous block
# <min> <max>
2	230

[block]
# block no. 0 follows, 13 sequences, length 84
# corresponding to MSA columns:
# 286-369
name=unknown_A
#
# <colnr> <probs for GDERKNQSTAVLIFYWHMCP>
#	G	D	E	R	K	N	Q	S	T	A	V	L	I	F	Y	W	H	M	C	P
0	0.01933	0.01164	0.01471	0.01392	0.01720	0.01038	0.01043	0.02302	0.02675	0.12271	0.27301	0.18598	0.18284	0.02367	0.01238	0.00357	0.00596	0.02063	0.01111	0.01078
1	0.01652	0.01022	0.01365	0.01502	0.01654	0.00940	0.01040	0.01885	0.02204	0.08277	0.09727	0.51847	0.06797	0.03017	0.01312	0.00411	0.00633	0.02721	0.01029	0.00965
2	0.01494	0.01132	0.01412	0.01573	0.01777	0.01099	0.01184	0.01999	0.06517	0.02984	0.06517	0.35733	0.15175	0.02948	0.01336	0.00425	0.00706	0.14040	0.00987	0.00960
3	0.12300	0.02697	0.12574	0.02124	0.03025	0.02164	0.02000	0.09083	0.11315	0.26975	0.03270	0.03060	0.02214	0.01227	0.01001	0.00333	0.01026	0.00959	0.01003	0.01650
4	0.02741	0.02318	0.12810	0.02080	0.02778	0.01668	0.01969	0.03279	0.02428	0.19553	0.03804	0.13793	0.03457	0.01827	0.01310	0.00365	0.05301	0.09416	0.00903	0.08199
5	0.01872	0.01015	0.01459	0.01396	0.01491	0.00968	0.00952	0.01506	0.01459	0.01998	0.01841	0.03111	0.01809	0.03383	0.03796	0.62299	0.00905	0.00889	0.00476	0.07374
6	0.02370	0.10012	0.47637	0.02856	0.04292	0.02681	0.03543	0.08292	0.02500	0.03610	0.01926	0.02219	0.01387	0.01023	0.00983	0.00324	0.01487	0.00781	0.00508	0.01569
7	0.02888	0.52605	0.09586	0.01971	0.02924	0.03950	0.02003	0.08159	0.02439	0.02978	0.01613	0.01825	0.01400	0.00949	0.00743	0.00244	0.01170	0.00622	0.00513	0.01418
8	0.02192	0.01800	0.02939	0.51195	0.06452	0.02179	0.02655	0.02858	0.02188	0.06709	0.02174	0.02968	0.01604	0.01090	0.01031	0.00342	0.01297	0.00952	0.06170	0.01204
9	0.03482	0.01500	0.01966	0.01611	0.02129	0.01344	0.01227	0.03773	0.02568	0.35607	0.08396	0.04987	0.03632	0.20185	0.02399	0.00541	0.00903	0.01282	0.01092	0.01376
10	0.03765	0.17652	0.13859	0.02083	0.03067	0.02374	0.02073	0.04315	0.02657	0.33202	0.03067	0.02867	0.02060	0.01150	0.00957	0.00304	0.01085	0.00886	0.00931	0.01645
11	0.15258	0.02286	0.07386	0.16727	0.07899	0.02111	0.05438	0.03785	0.02439	0.22566	0.02650	0.02839	0.01819	0.01110	0.00995	0.00335	0.01148	0.00925	0.00808	0.01476
12	0.57662	0.13559	0.02301	0.01469	0.02170	0.02711	0.01270	0.03119	0.01865	0.04321	0.01472	0.01714	0.01185	0.00967	0.00659	0.00308	0.00877	0.00571	0.00616	0.01185
13	0.08291	0.01083	0.01340	0.01544	0.01696	0.01071	0.01120	0.01758	0.02071	0.02983	0.05351	0.47617	0.06253	0.03012	0.01298	0.00429	0.00695	0.10535	0.00947	0.00907
14	0.01566	0.01103	0.01361	0.07117	0.01796	0.01146	0.00896	0.01650	0.01631	0.02162	0.03365	0.10482	0.03826	0.52353	0.04657	0.00915	0.01034	0.01583	0.00648	0.00710
15	0.01997	0.01879	0.03171	0.60301	0.07282	0.02349	0.02936	0.02701	0.02114	0.02701	0.01879	0.02819	0.01409	0.01057	0.01057	0.00352	0.01409	0.00940	0.00470	0.01175
16	0.01510	0.01133	0.01699	0.01699	0.01888	0.01322	0.01322	0.01888	0.01699	0.02454	0.02832	0.04154	0.02643	0.07930	0.58652	0.01699	0.02832	0.01133	0.00566	0.00944
17	0.02827	0.63478	0.05540	0.01809	0.02714	0.04184	0.01809	0.03166	0.02148	0.02488	0.01470	0.01696	0.01357	0.00905	0.00678	0.00226	0.01131	0.00565	0.00452	0.01357
18	0.01479	0.01067	0.01398	0.01342	0.01576	0.00986	0.00996	0.01952	0.02913	0.04113	0.51568	0.12382	0.09730	0.02257	0.01256	0.00341	0.00508	0.02003	0.01149	0.00986
19	0.02931	0.02378	0.02548	0.02211	0.02849	0.02700	0.01765	0.17837	0.37538	0.04925	0.03929	0.04147	0.03055	0.01498	0.01099	0.00357	0.00933	0.04580	0.01064	0.01656
20	0.04099	0.01909	0.02997	0.02284	0.03086	0.01689	0.10080	0.04572	0.02860	0.43770	0.03956	0.07979	0.02783	0.01392	0.01116	0.00340	0.01026	0.01244	0.01153	0.01664
21	0.01886	0.01002	0.01062	0.01047	0.01294	0.00988	0.00785	0.02380	0.02356	0.03995	0.12775	0.04648	0.04007	0.01398	0.00830	0.00262	0.00494	0.01151	0.56653	0.00988
22	0.02385	0.06282	0.07066	0.02126	0.06019	0.01973	0.01711	0.07615	0.06762	0.03694	0.02458	0.07459	0.02161	0.01133	0.00909	0.00240	0.00924	0.00934	0.00702	0.37448
23	0.02751	0.02331	0.02459	0.02176	0.02795	0.02686	0.01703	0.09716	0.50042	0.04618	0.04150	0.03822	0.03103	0.01420	0.01074	0.00355	0.00865	0.01174	0.01074	0.01684
24	0.02350	0.02239	0.03809	0.29674	0.35150	0.02442	0.03112	0.03011	0.02281	0.03130	0.01942	0.02704	0.01560	0.00992	0.01051	0.00331	0.01322	0.00941	0.00500	0.01459
25	0.01528	0.01164	0.01589	0.01770	0.06078	0.01086	0.01167	0.01955	0.02699	0.03755	0.37650	0.19216	0.11643	0.02341	0.01253	0.00353	0.00588	0.02087	0.01060	0.01017
26	0.01370	0.01027	0.01271	0.01312	0.01528	0.00928	0.00945	0.01713	0.02543	0.03414	0.28897	0.25675	0.20204	0.02653	0.01280	0.00369	0.00544	0.02337	0.01062	0.00928
27	0.02246	0.07949	0.07192	0.01712	0.02701	0.01758	0.01530	0.02768	0.02192	0.03347	0.01842	0.02149	0.01527	0.00813	0.00792	0.00178	0.00882	0.00634	0.00595	0.57193
28	0.70310	0.02045	0.01554	0.01390	0.02045	0.02372	0.01145	0.03108	0.01799	0.04744	0.01472	0.01718	0.01145	0.00981	0.00654	0.00327	0.00818	0.00573	0.00654	0.01145
29	0.13196	0.02256	0.02852	0.06557	0.12430	0.02349	0.01980	0.13546	0.02836	0.13042	0.02317	0.02550	0.01721	0.01122	0.01124	0.00306	0.05336	0.00855	0.00792	0.12831
30	0.02109	0.01470	0.02093	0.06625	0.07437	0.01555	0.01575	0.06520	0.02249	0.07374	0.03654	0.13241	0.06463	0.04137	0.20912	0.07731	0.01581	0.01427	0.00739	0.01107
31	0.58173	0.02074	0.01948	0.06871	0.07562	0.02383	0.01494	0.03086	0.01883	0.04450	0.01555	0.01895	0.01217	0.00984	0.00725	0.00328	0.00909	0.00638	0.00626	0.01197
32	0.01533	0.01044	0.01251	0.01251	0.01284	0.01078	0.00762	0.01600	0.01566	0.02122	0.03242	0.06425	0.03630	0.53039	0.14891	0.01145	0.01348	0.01465	0.00627	0.00695
33	0.01403	0.01062	0.01294	0.01269	0.01531	0.00953	0.00939	0.01803	0.02725	0.03680	0.37505	0.14014	0.23105	0.02428	0.01258	0.00349	0.00521	0.02116	0.01092	0.00953
34	0.04744	0.01799	0.02454	0.01881	0.02699	0.01554	0.01554	0.05153	0.03026	0.56979	0.04171	0.03599	0.02617	0.01309	0.01063	0.00327	0.00900	0.01063	0.01309	0.01799
35	0.02496	0.02852	0.06239	0.04456	0.05526	0.02674	0.52406	0.03387	0.02496	0.03387	0.02139	0.02852	0.01604	0.00891	0.01248	0.00357	0.01783	0.01248	0.00535	0.01426
36	0.01465	0.00984	0.01250	0.01373	0.01464	0.00981	0.00926	0.01677	0.01893	0.02680	0.04521	0.33765	0.05094	0.16852	0.10764	0.00728	0.01022	0.02140	0.09580	0.00840
37	0.03950	0.05039	0.02996	0.02724	0.03269	0.58597	0.02043	0.04222	0.02996	0.02588	0.01634	0.01907	0.01362	0.01090	0.00953	0.00272	0.01907	0.00681	0.00545	0.01226
38	0.02039	0.05057	0.52095	0.02832	0.04282	0.02309	0.03616	0.03177	0.02249	0.03302	0.02722	0.02976	0.06438	0.01161	0.01027	0.00337	0.01466	0.00917	0.00497	0.01500
39	0.70310	0.02045	0.01554	0.01390	0.02045	0.02372	0.01145	0.03108	0.01799	0.04744	0.01472	0.01718	0.01145	0.00981	0.00654	0.00327	0.00818	0.00573	0.00654	0.01145
40	0.01997	0.01879	0.03171	0.60301	0.07282	0.02349	0.02936	0.02701	0.02114	0.02701	0.01879	0.02819	0.01409	0.01057	0.01057	0.00352	0.01409	0.00940	0.00470	0.01175
41	0.08555	0.01702	0.02237	0.01797	0.02506	0.01517	0.01454	0.04545	0.02817	0.46586	0.04210	0.11029	0.03086	0.01546	0.01074	0.00340	0.00857	0.01282	0.01224	0.01636
42	0.02899	0.02405	0.02542	0.02206	0.02852	0.02756	0.01739	0.14752	0.44764	0.04857	0.03961	0.03672	0.02950	0.01402	0.01072	0.00351	0.00900	0.01148	0.01072	0.01698
43	0.02742	0.02749	0.04170	0.06137	0.51288	0.07761	0.03132	0.03336	0.02463	0.03373	0.01956	0.02550	0.01646	0.00956	0.01038	0.00310	0.01317	0.00918	0.00525	0.01633
44	0.02617	0.02512	0.04292	0.06490	0.56246	0.02512	0.03245	0.03245	0.02407	0.03454	0.01989	0.02617	0.01675	0.00942	0.01047	0.00314	0.01256	0.00942	0.00523	0.01675
45	0.01997	0.01879	0.03171	0.60301	0.07282	0.02349	0.02936	0.02701	0.02114	0.02701	0.01879	0.02819	0.01409	0.01057	0.01057	0.00352	0.01409	0.00940	0.00470	0.01175
46	0.02474	0.01954	0.02562	0.01843	0.02782	0.01531	0.05628	0.02974	0.02302	0.08817	0.02132	0.02390	0.01675	0.00845	0.00851	0.00191	0.00880	0.00723	0.00687	0.56760
47	0.02630	0.02271	0.02391	0.02152	0.02749	0.02630	0.01674	0.05618	0.54336	0.04423	0.04303	0.03945	0.03228	0.01434	0.01076	0.00359	0.00837	0.01195	0.01076	0.01674
48	0.02121	0.05469	0.57364	0.03014	0.04576	0.02455	0.03906	0.03348	0.02232	0.03348	0.01897	0.02232	0.01339	0.01005	0.01005	0.00335	0.01563	0.00781	0.00446	0.01563
49	0.01534	0.01029	0.01173	0.01167	0.01186	0.01023	0.00668	0.01573	0.01650	0.02219	0.07360	0.06994	0.04316	0.58172	0.05063	0.00972	0.00985	0.01566	0.00681	0.00668
50	0.02963	0.02163	0.02953	0.19227	0.12055	0.02379	0.02248	0.12410	0.12065	0.11970	0.02884	0.03128	0.02104	0.01193	0.01039	0.00331	0.01106	0.01009	0.05244	0.01528
51	0.02050	0.01214	0.01606	0.01532	0.01868	0.01115	0.01209	0.02493	0.02783	0.12722	0.31031	0.12240	0.10693	0.02280	0.01264	0.00369	0.00666	0.10626	0.01127	0.01111
52	0.02827	0.63478	0.05540	0.01809	0.02714	0.04184	0.01809	0.03166	0.02148	0.02488	0.01470	0.01696	0.01357	0.00905	0.00678	0.00226	0.01131	0.00565	0.00452	0.01357
53	0.02129	0.02355	0.07401	0.23426	0.10221	0.02260	0.19957	0.02846	0.02268	0.03050	0.02575	0.11704	0.02338	0.01325	0.01163	0.00361	0.01415	0.01348	0.00573	0.01285
54	0.01496	0.01081	0.01413	0.01330	0.01580	0.00998	0.00998	0.01995	0.02993	0.04240	0.55689	0.07898	0.09976	0.02162	0.01247	0.00333	0.00499	0.01912	0.01164	0.00998
55	0.02105	0.01134	0.01386	0.01325	0.01632	0.01072	0.01023	0.02565	0.02568	0.10718	0.20312	0.10271	0.05586	0.01832	0.01046	0.00318	0.00596	0.05368	0.28062	0.01084
56	0.02496	0.02852	0.06239	0.04456	0.05526	0.02674	0.52406	0.03387	0.02496	0.03387	0.02139	0.02852	0.01604	0.00891	0.01248	0.00357	0.01783	0.01248	0.00535	0.01426
57	0.02502	0.08247	0.10933	0.05694	0.03207	0.02015	0.01879	0.06144	0.02417	0.06805	0.02027	0.02302	0.01582	0.00909	0.00859	0.00223	0.01005	0.00712	0.00642	0.39896
58	0.01536	0.01032	0.01189	0.01189	0.01201	0.01044	0.00685	0.01561	0.01548	0.02077	0.03299	0.06738	0.03765	0.59242	0.08874	0.01069	0.01144	0.01511	0.00636	0.00661
59	0.02924	0.58395	0.05319	0.01889	0.02762	0.08917	0.01829	0.03258	0.02222	0.02496	0.01484	0.01714	0.01357	0.00921	0.00702	0.00230	0.01198	0.00575	0.00460	0.01345
60	0.13305	0.06370	0.07084	0.01920	0.02794	0.05717	0.01699	0.07579	0.02672	0.21148	0.02574	0.02559	0.01818	0.01066	0.00899	0.00276	0.01015	0.00798	0.00854	0.17852
61	0.20883	0.07887	0.02883	0.02361	0.07282	0.07851	0.01777	0.16341	0.03077	0.16429	0.02408	0.02441	0.01725	0.01128	0.00912	0.00310	0.01091	0.00820	0.00865	0.01529
62	0.02566	0.02461	0.04200	0.10878	0.52254	0.02499	0.03220	0.03201	0.02384	0.03393	0.01980	0.02633	0.01653	0.00951	0.01048	0.00317	0.01269	0.00942	0.00519	0.01634
63	0.01538	0.01025	0.01153	0.01153	0.01153	0.01025	0.00641	0.01538	0.01538	0.02050	0.03331	0.06919	0.03844	0.62842	0.05382	0.01025	0.01025	0.01538	0.00641	0.00641
64	0.03816	0.04817	0.03016	0.02728	0.03228	0.54083	0.02065	0.04085	0.02884	0.02584	0.01614	0.01940	0.01364	0.01152	0.01159	0.00288	0.06718	0.00701	0.00538	0.01220
65	0.01538	0.01025	0.01153	0.01153	0.01153	0.01025	0.00641	0.01538	0.01538	0.02050	0.03331	0.06919	0.03844	0.62842	0.05382	0.01025	0.01025	0.01538	0.00641	0.00641
66	0.02649	0.02593	0.02885	0.08989	0.15110	0.11012	0.02147	0.04221	0.25078	0.03602	0.03267	0.08286	0.02740	0.01397	0.01072	0.00341	0.01133	0.01192	0.00802	0.01484
67	0.02617	0.02512	0.04292	0.06490	0.56246	0.02512	0.03245	0.03245	0.02407	0.03454	0.01989	0.02617	0.01675	0.00942	0.01047	0.00314	0.01256	0.00942	0.00523	0.01675
68	0.04744	0.01799	0.02454	0.01881	0.02699	0.01554	0.01554	0.05153	0.03026	0.56979	0.04171	0.03599	0.02617	0.01309	0.01063	0.00327	0.00900	0.01063	0.01309	0.01799
69	0.03169	0.20504	0.03148	0.01805	0.02452	0.02328	0.01535	0.06985	0.02594	0.21676	0.03439	0.14341	0.03024	0.02118	0.05761	0.00429	0.01093	0.01286	0.00904	0.01411
70	0.01926	0.01774	0.03155	0.03057	0.09802	0.01696	0.15828	0.02472	0.02378	0.03155	0.04727	0.16352	0.09421	0.02144	0.01309	0.00406	0.01131	0.17310	0.00796	0.01162
71	0.14582	0.02384	0.03632	0.03981	0.23351	0.02394	0.09708	0.08602	0.02702	0.14902	0.02424	0.02693	0.01780	0.01049	0.01015	0.00326	0.01178	0.00951	0.00761	0.01586
72	0.02121	0.05469	0.57364	0.03014	0.04576	0.02455	0.03906	0.03348	0.02232	0.03348	0.01897	0.02232	0.01339	0.01005	0.01005	0.00335	0.01563	0.00781	0.00446	0.01563
73	0.02275	0.01259	0.01629	0.01435	0.01839	0.01123	0.01112	0.02722	0.02927	0.17215	0.37129	0.07115	0.13965	0.02014	0.01202	0.00334	0.00603	0.01741	0.01177	0.01184
74	0.01288	0.00920	0.01227	0.01472	0.01534	0.00859	0.00981	0.01472	0.02024	0.02699	0.05828	0.62152	0.06993	0.03312	0.01350	0.00429	0.00613	0.03006	0.00981	0.00859
75	0.01509	0.01026	0.01206	0.01212	0.01262	0.01006	0.00734	0.01613	0.01838	0.02495	0.12837	0.11897	0.05206	0.46899	0.04297	0.00850	0.00896	0.01732	0.00763	0.00723
76	0.08598	0.01972	0.02702	0.10734	0.03503	0.02017	0.05101	0.08627	0.07226	0.25338	0.03535	0.04295	0.02682	0.01434	0.01095	0.00355	0.01055	0.07220	0.00998	0.01515
77	0.01538	0.01025	0.01153	0.01153	0.01153	0.01025	0.00641	0.01538	0.01538	0.02050	0.03331	0.06919	0.03844	0.62842	0.05382	0.01025	0.01025	0.01538	0.00641	0.00641
78	0.02283	0.03570	0.26303	0.03076	0.07634	0.02310	0.11156	0.06506	0.07367	0.03669	0.07725	0.03474	0.02675	0.05913	0.01420	0.00391	0.01335	0.01093	0.00653	0.01446
79	0.02588	0.02232	0.07173	0.05826	0.08034	0.01681	0.01813	0.03142	0.02333	0.11233	0.02227	0.02480	0.01701	0.00911	0.00884	0.00224	0.00949	0.00752	0.00692	0.43125
80	0.11643	0.12011	0.08512	0.02116	0.02892	0.02288	0.06036	0.07736	0.02599	0.17825	0.03149	0.13085	0.02716	0.01487	0.01010	0.00332	0.01040	0.01242	0.00858	0.01425
81	0.18083	0.19740	0.03137	0.01803	0.02570	0.02688	0.01560	0.04219	0.11900	0.20253	0.02828	0.02703	0.02045	0.01144	0.00865	0.00304	0.00937	0.00837	0.00876	0.01506
82	0.13319	0.02080	0.06934	0.15056	0.03631	0.01931	0.01975	0.03337	0.06592	0.12342	0.06449	0.04444	0.02968	0.01440	0.01043	0.00348	0.01029	0.08062	0.00815	0.06207
83	0.17647	0.07557	0.07756	0.09435	0.03287	0.02358	0.01880	0.10988	0.02669	0.16961	0.02538	0.02919	0.01896	0.06223	0.01293	0.00379	0.01080	0.00896	0.00814	0.01423

[dist]
# distance from previous block
# <min> <max>
7	35

[block]
# block no. 1 follows, 13 sequences, length 52
# corresponding to MSA columns:
# 405-456
name=unknown_B
#
# <colnr> <probs for GDERKNQSTAVLIFYWHMCP>
#	G	D	E	R	K	N	Q	S	T	A	V	L	I	F	Y	W	H	M	C	P
0	0.08619	0.01735	0.02304	0.12303	0.03248	0.01745	0.01671	0.07184	0.02825	0.26847	0.11929	0.08239	0.03743	0.01521	0.01080	0.00339	0.00918	0.01275	0.01040	0.01435
1	0.15105	0.01736	0.02268	0.07182	0.07357	0.01714	0.01623	0.03662	0.02589	0.26472	0.10673	0.08635	0.03571	0.01485	0.01039	0.00338	0.00880	0.01238	0.01005	0.01428
2	0.14412	0.02242	0.07700	0.02019	0.02834	0.01863	0.04967	0.03874	0.06933	0.22323	0.03170	0.07837	0.02442	0.01296	0.00984	0.00315	0.00961	0.01074	0.00914	0.11838
3	0.02408	0.06652	0.06836	0.01600	0.02230	0.01517	0.01410	0.02865	0.02512	0.14636	0.12229	0.09916	0.13442	0.01718	0.01050	0.00306	0.00780	0.01436	0.06279	0.10179
4	0.17149	0.02524	0.07262	0.09706	0.03462	0.02440	0.01991	0.19570	0.03110	0.08905	0.02489	0.03172	0.01954	0.01251	0.00978	0.00326	0.01090	0.04635	0.00821	0.07164
5	0.28449	0.07741	0.06571	0.02283	0.07810	0.02466	0.01803	0.08044	0.05910	0.15912	0.02422	0.02469	0.01744	0.01099	0.00872	0.00319	0.00990	0.00804	0.00815	0.01479
6	0.09079	0.02791	0.02988	0.02306	0.03135	0.03060	0.01905	0.44828	0.04562	0.10912	0.02601	0.02569	0.01820	0.01251	0.01028	0.00319	0.01114	0.00933	0.01049	0.01749
7	0.02192	0.01879	0.02192	0.01566	0.02506	0.01409	0.01253	0.02662	0.02192	0.03445	0.01879	0.02192	0.01566	0.00783	0.00783	0.00157	0.00783	0.00626	0.00626	0.69305
8	0.03614	0.04246	0.02931	0.02618	0.03148	0.41661	0.02003	0.07494	0.11191	0.03144	0.02099	0.02305	0.01690	0.01217	0.01180	0.00304	0.06372	0.00800	0.00656	0.01329
9	0.01339	0.00960	0.01273	0.01437	0.01545	0.00893	0.00985	0.01601	0.02262	0.03078	0.18075	0.48825	0.07726	0.03030	0.01324	0.00406	0.00585	0.02737	0.01026	0.00893
10	0.01514	0.01093	0.01438	0.01383	0.01632	0.01017	0.01059	0.02012	0.02945	0.04147	0.51360	0.08246	0.09640	0.02227	0.01265	0.00346	0.00540	0.05992	0.01147	0.00996
11	0.01371	0.00989	0.01280	0.01409	0.01515	0.00960	0.00959	0.01582	0.02009	0.02696	0.09330	0.37460	0.09831	0.13357	0.09504	0.00679	0.00956	0.02379	0.00887	0.00848
12	0.01268	0.01072	0.01096	0.01090	0.01439	0.00900	0.00818	0.01553	0.02453	0.02959	0.14042	0.10007	0.52422	0.02640	0.01249	0.00355	0.00533	0.02208	0.00995	0.00900
13	0.03950	0.05039	0.02996	0.02724	0.03269	0.58597	0.02043	0.04222	0.02996	0.02588	0.01634	0.01907	0.01362	0.01090	0.00953	0.00272	0.01907	0.00681	0.00545	0.01226
14	0.01496	0.01081	0.01413	0.01330	0.01580	0.00998	0.00998	0.01995	0.02993	0.04240	0.55689	0.07898	0.09976	0.02162	0.01247	0.00333	0.00499	0.01912	0.01164	0.00998
15	0.04019	0.02962	0.03173	0.02433	0.03279	0.03279	0.02010	0.52721	0.04971	0.06663	0.02538	0.02538	0.01798	0.01269	0.01058	0.00317	0.01163	0.00952	0.01058	0.01798
16	0.02192	0.01879	0.02192	0.01566	0.02506	0.01409	0.01253	0.02662	0.02192	0.03445	0.01879	0.02192	0.01566	0.00783	0.00783	0.00157	0.00783	0.00626	0.00626	0.69305
17	0.01250	0.01071	0.01071	0.01071	0.01428	0.00893	0.00803	0.01517	0.02410	0.02856	0.10711	0.10175	0.55817	0.02678	0.01250	0.00357	0.00536	0.02231	0.00982	0.00893
18	0.02385	0.27180	0.37967	0.02563	0.03879	0.03102	0.03121	0.03280	0.02201	0.03026	0.01737	0.02032	0.01346	0.00967	0.00882	0.00294	0.01401	0.00700	0.00449	0.01486
19	0.01578	0.01232	0.01828	0.01790	0.01963	0.01483	0.01405	0.01943	0.01693	0.02462	0.02711	0.03999	0.02538	0.07419	0.54018	0.01595	0.07709	0.01115	0.00558	0.00962
20	0.64572	0.01956	0.01506	0.01356	0.01976	0.02255	0.01111	0.03054	0.01834	0.04676	0.01638	0.01904	0.01276	0.01002	0.00661	0.00320	0.00791	0.00607	0.06369	0.01132
21	0.02313	0.02313	0.03238	0.02776	0.02776	0.03238	0.02313	0.02545	0.01619	0.02545	0.01388	0.02313	0.01388	0.01851	0.03470	0.00463	0.60907	0.00925	0.00463	0.01157
22	0.01496	0.01081	0.01413	0.01330	0.01580	0.00998	0.00998	0.01995	0.02993	0.04240	0.55689	0.07898	0.09976	0.02162	0.01247	0.00333	0.00499	0.01912	0.01164	0.00998
23	0.01288	0.00920	0.01227	0.01472	0.01534	0.00859	0.00981	0.01472	0.02024	0.02699	0.05828	0.62152	0.06993	0.03312	0.01350	0.00429	0.00613	0.03006	0.00981	0.00859
24	0.01288	0.00920	0.01227	0.01472	0.01534	0.00859	0.00981	0.01472	0.02024	0.02699	0.05828	0.62152	0.06993	0.03312	0.01350	0.00429	0.00613	0.03006	0.00981	0.00859
25	0.01735	0.01141	0.01343	0.01300	0.01564	0.01125	0.00970	0.02424	0.07144	0.04036	0.30064	0.10559	0.06761	0.01884	0.01073	0.00314	0.00535	0.01632	0.23355	0.01042
26	0.02192	0.01879	0.02192	0.01566	0.02506	0.01409	0.01253	0.02662	0.02192	0.03445	0.01879	0.02192	0.01566	0.00783	0.00783	0.00157	0.00783	0.00626	0.00626	0.69305
27	0.01997	0.01879	0.03171	0.60301	0.07282	0.02349	0.02936	0.02701	0.02114	0.02701	0.01879	0.02819	0.01409	0.01057	0.01057	0.00352	0.01409	0.00940	0.00470	0.01175
28	0.01948	0.01181	0.01558	0.01407	0.01735	0.01075	0.01075	0.02435	0.02998	0.11581	0.48517	0.07299	0.08952	0.02043	0.01221	0.00332	0.00555	0.01794	0.01184	0.01109
29	0.01881	0.01449	0.01700	0.01732	0.02001	0.01527	0.01251	0.07434	0.15158	0.03505	0.05136	0.42104	0.05567	0.02654	0.01254	0.00401	0.00721	0.02363	0.01012	0.01150
30	0.02903	0.53234	0.10307	0.01931	0.02892	0.03819	0.01992	0.03333	0.02223	0.06678	0.01715	0.01891	0.01450	0.00945	0.00739	0.00244	0.01155	0.00624	0.00516	0.01410
31	0.07608	0.06296	0.06337	0.10757	0.03107	0.09775	0.01809	0.03037	0.02365	0.06834	0.02970	0.04365	0.02576	0.01417	0.00970	0.00323	0.01085	0.08973	0.18218	0.01179
32	0.01288	0.00920	0.01227	0.01472	0.01534	0.00859	0.00981	0.01472	0.02024	0.02699	0.05828	0.62152	0.06993	0.03312	0.01350	0.00429	0.00613	0.03006	0.00981	0.00859
33	0.02362	0.02148	0.02454	0.01849	0.02696	0.05767	0.04667	0.03044	0.06382	0.03488	0.02172	0.02468	0.01760	0.00893	0.00846	0.00200	0.00916	0.00740	0.05119	0.50029
34	0.02496	0.02852	0.06239	0.04456	0.05526	0.02674	0.52406	0.03387	0.02496	0.03387	0.02139	0.02852	0.01604	0.00891	0.01248	0.00357	0.01783	0.01248	0.00535	0.01426
35	0.02652	0.01676	0.02777	0.12318	0.03554	0.01632	0.10151	0.03113	0.02420	0.19111	0.04023	0.24281	0.03802	0.01911	0.01196	0.00373	0.01034	0.01768	0.00916	0.01292
36	0.01334	0.01017	0.01226	0.01295	0.01511	0.00910	0.00925	0.01636	0.02431	0.03190	0.21640	0.28983	0.24542	0.02769	0.01286	0.00377	0.00554	0.02431	0.01033	0.00910
37	0.03002	0.21236	0.03764	0.02206	0.02951	0.03156	0.05450	0.18771	0.14215	0.04211	0.02637	0.03028	0.02153	0.07104	0.01376	0.00369	0.01115	0.00964	0.00797	0.01497
38	0.02799	0.01799	0.02382	0.06373	0.07453	0.01555	0.01577	0.03288	0.02480	0.17114	0.06625	0.03172	0.02536	0.01083	0.00930	0.00247	0.00861	0.00907	0.05005	0.31815
39	0.17199	0.32142	0.20806	0.02093	0.03149	0.03254	0.02318	0.03210	0.02099	0.03243	0.01603	0.01868	0.01306	0.00952	0.00775	0.00282	0.01197	0.00634	0.00494	0.01375
40	0.03315	0.02425	0.02524	0.02149	0.02794	0.06452	0.01695	0.15853	0.25398	0.14313	0.03815	0.08443	0.02980	0.01511	0.01084	0.00343	0.00981	0.01235	0.01068	0.01623
41	0.01672	0.01064	0.01422	0.01503	0.01697	0.00986	0.01091	0.01990	0.02422	0.07741	0.20145	0.37527	0.07420	0.02779	0.01304	0.00397	0.00633	0.06160	0.01061	0.00987
42	0.01762	0.01228	0.01626	0.01889	0.05736	0.01178	0.01231	0.02226	0.06292	0.07215	0.05765	0.43523	0.10667	0.02770	0.01273	0.00400	0.00694	0.02482	0.00981	0.01061
43	0.01598	0.01248	0.01557	0.01504	0.01866	0.01047	0.01074	0.01879	0.02082	0.02954	0.04477	0.41640	0.05136	0.02447	0.01156	0.00336	0.00671	0.02192	0.00860	0.24274
44	0.04277	0.01814	0.02406	0.01824	0.02664	0.01528	0.01499	0.04697	0.02874	0.47189	0.03752	0.03342	0.02425	0.01213	0.01012	0.00296	0.00878	0.00983	0.01184	0.14144
45	0.01288	0.00920	0.01227	0.01472	0.01534	0.00859	0.00981	0.01472	0.02024	0.02699	0.05828	0.62152	0.06993	0.03312	0.01350	0.00429	0.00613	0.03006	0.00981	0.00859
46	0.02156	0.02212	0.04317	0.13122	0.04651	0.02305	0.27415	0.02805	0.02152	0.02939	0.02249	0.03365	0.01914	0.07519	0.10840	0.00635	0.06478	0.01177	0.00532	0.01217
47	0.01592	0.01099	0.01382	0.01465	0.01563	0.01113	0.01055	0.01787	0.01856	0.02461	0.04070	0.08427	0.04522	0.38276	0.07986	0.00891	0.01141	0.17789	0.00749	0.00777
48	0.04476	0.01721	0.02312	0.01795	0.02558	0.01499	0.01475	0.04893	0.02948	0.51863	0.04102	0.03632	0.02626	0.01301	0.01032	0.00319	0.00860	0.01056	0.07810	0.01721
49	0.07642	0.01931	0.02806	0.18990	0.08195	0.02031	0.02113	0.03984	0.02538	0.30021	0.02973	0.03088	0.02017	0.01228	0.01212	0.00343	0.05482	0.00978	0.00904	0.01523
50	0.02121	0.05469	0.57364	0.03014	0.04576	0.02455	0.03906	0.03348	0.02232	0.03348	0.01897	0.02232	0.01339	0.01005	0.01005	0.00335	0.01563	0.00781	0.00446	0.01563
51	0.03492	0.01957	0.02369	0.01985	0.02600	0.01964	0.01595	0.20378	0.03423	0.23508	0.04092	0.16827	0.03579	0.01866	0.01156	0.00359	0.00933	0.05270	0.01124	0.01526

[dist]
# distance from previous block
# <min> <max>
0	8

[block]
# block no. 2 follows, 13 sequences, length 44
# corresponding to MSA columns:
# 465-508
name=unknown_C
#
# <colnr> <probs for GDERKNQSTAVLIFYWHMCP>
#	G	D	E	R	K	N	Q	S	T	A	V	L	I	F	Y	W	H	M	C	P
0	0.26398	0.15564	0.03092	0.13056	0.07250	0.02638	0.01853	0.03403	0.02189	0.12676	0.02047	0.02307	0.01531	0.01032	0.00834	0.00309	0.01045	0.00751	0.00677	0.01348
1	0.09808	0.04413	0.02900	0.02556	0.03163	0.44001	0.01958	0.12578	0.03235	0.03488	0.01778	0.02000	0.01419	0.01111	0.00945	0.00285	0.01681	0.00719	0.00644	0.01318
2	0.07867	0.01977	0.02249	0.01653	0.02552	0.01655	0.01335	0.07150	0.02470	0.08534	0.02105	0.02309	0.01646	0.00886	0.00821	0.00198	0.00828	0.00688	0.00725	0.52350
3	0.02456	0.01602	0.02164	0.01922	0.02252	0.01838	0.01544	0.07492	0.02262	0.12033	0.02836	0.03587	0.02356	0.04671	0.29988	0.01023	0.11710	0.01058	0.05999	0.01206
4	0.01498	0.01009	0.01165	0.01203	0.01213	0.00999	0.00694	0.01527	0.01614	0.02152	0.03724	0.15599	0.04339	0.53486	0.04748	0.00931	0.00960	0.01768	0.00694	0.00675
5	0.01997	0.01879	0.03171	0.60301	0.07282	0.02349	0.02936	0.02701	0.02114	0.02701	0.01879	0.02819	0.01409	0.01057	0.01057	0.00352	0.01409	0.00940	0.00470	0.01175
6	0.01448	0.01043	0.01370	0.01363	0.01569	0.00965	0.00994	0.01873	0.02766	0.03879	0.44015	0.20600	0.09278	0.02431	0.01271	0.00355	0.00526	0.02168	0.01121	0.00965
7	0.54960	0.01987	0.01765	0.01505	0.02198	0.02180	0.01241	0.03587	0.02087	0.16973	0.02104	0.02158	0.01490	0.01058	0.00750	0.00327	0.00837	0.00687	0.00808	0.01298
8	0.01517	0.01108	0.01571	0.01571	0.01716	0.01252	0.01162	0.01806	0.01661	0.02360	0.02949	0.04801	0.02924	0.20786	0.46180	0.01541	0.02409	0.01228	0.00584	0.00873
9	0.03950	0.05039	0.02996	0.02724	0.03269	0.58597	0.02043	0.04222	0.02996	0.02588	0.01634	0.01907	0.01362	0.01090	0.00953	0.00272	0.01907	0.00681	0.00545	0.01226
10	0.04019	0.02962	0.03173	0.02433	0.03279	0.03279	0.02010	0.52721	0.04971	0.06663	0.02538	0.02538	0.01798	0.01269	0.01058	0.00317	0.01163	0.00952	0.01058	0.01798
11	0.01288	0.00920	0.01227	0.01472	0.01534	0.00859	0.00981	0.01472	0.02024	0.02699	0.05828	0.62152	0.06993	0.03312	0.01350	0.00429	0.00613	0.03006	0.00981	0.00859
12	0.70310	0.02045	0.01554	0.01390	0.02045	0.02372	0.01145	0.03108	0.01799	0.04744	0.01472	0.01718	0.01145	0.00981	0.00654	0.00327	0.00818	0.00573	0.00654	0.01145
13	0.04744	0.01799	0.02454	0.01881	0.02699	0.01554	0.01554	0.05153	0.03026	0.56979	0.04171	0.03599	0.02617	0.01309	0.01063	0.00327	0.00900	0.01063	0.01309	0.01799
14	0.01518	0.01105	0.01556	0.01556	0.01695	0.01244	0.01143	0.01796	0.01657	0.02348	0.02963	0.04879	0.02958	0.22339	0.44673	0.01522	0.02358	0.01239	0.00586	0.00864
15	0.26427	0.01881	0.02156	0.01719	0.02483	0.01824	0.01419	0.04477	0.02620	0.39705	0.03279	0.02977	0.02130	0.01200	0.00928	0.00327	0.00873	0.00901	0.01092	0.01583
16	0.02630	0.02271	0.02391	0.02152	0.02749	0.02630	0.01674	0.05618	0.54336	0.04423	0.04303	0.03945	0.03228	0.01434	0.01076	0.00359	0.00837	0.01195	0.01076	0.01674
17	0.01272	0.01072	0.01102	0.01095	0.01442	0.00902	0.00821	0.01561	0.02463	0.02982	0.14798	0.09968	0.51651	0.02631	0.01249	0.00355	0.00532	0.02202	0.00998	0.00902
18	0.03950	0.05039	0.02996	0.02724	0.03269	0.58597	0.02043	0.04222	0.02996	0.02588	0.01634	0.01907	0.01362	0.01090	0.00953	0.00272	0.01907	0.00681	0.00545	0.01226
19	0.02313	0.02313	0.03238	0.02776	0.02776	0.03238	0.02313	0.02545	0.01619	0.02545	0.01388	0.02313	0.01388	0.01851	0.03470	0.00463	0.60907	0.00925	0.00463	0.01157
20	0.01288	0.00920	0.01227	0.01472	0.01534	0.00859	0.00981	0.01472	0.02024	0.02699	0.05828	0.62152	0.06993	0.03312	0.01350	0.00429	0.00613	0.03006	0.00981	0.00859
21	0.02313	0.02313	0.03238	0.02776	0.02776	0.03238	0.02313	0.02545	0.01619	0.02545	0.01388	0.02313	0.01388	0.01851	0.03470	0.00463	0.60907	0.00925	0.00463	0.01157
22	0.01538	0.01025	0.01153	0.01153	0.01153	0.01025	0.00641	0.01538	0.01538	0.02050	0.03331	0.06919	0.03844	0.62842	0.05382	0.01025	0.01025	0.01538	0.00641	0.00641
23	0.02464	0.02758	0.05716	0.04163	0.05046	0.02772	0.43674	0.03240	0.02343	0.03240	0.02008	0.02758	0.01567	0.01058	0.01635	0.00375	0.12089	0.01192	0.00522	0.01379
24	0.04357	0.02138	0.02629	0.02046	0.02850	0.02093	0.01681	0.17203	0.08473	0.39205	0.03772	0.03365	0.02469	0.01311	0.01063	0.00328	0.00960	0.01048	0.01223	0.01787
25	0.01510	0.01133	0.01699	0.01699	0.01888	0.01322	0.01322	0.01888	0.01699	0.02454	0.02832	0.04154	0.02643	0.07930	0.58652	0.01699	0.02832	0.01133	0.00566	0.00944
26	0.01653	0.01329	0.01921	0.01841	0.01981	0.01631	0.01437	0.01973	0.01672	0.02436	0.02623	0.04067	0.02526	0.11515	0.44527	0.01427	0.12803	0.01131	0.00555	0.00955
27	0.01363	0.00973	0.01312	0.01557	0.01651	0.00923	0.01111	0.01601	0.02098	0.02782	0.05786	0.53163	0.06830	0.03242	0.01369	0.00440	0.00678	0.11261	0.00980	0.00879
28	0.03003	0.01932	0.02288	0.06408	0.02916	0.06036	0.01660	0.03460	0.02579	0.20307	0.03564	0.05214	0.03055	0.01556	0.01084	0.00322	0.01008	0.13489	0.00916	0.19203
29	0.02922	0.07473	0.16988	0.02508	0.07509	0.02032	0.02236	0.03723	0.06602	0.19981	0.03499	0.13852	0.02962	0.01547	0.01071	0.00342	0.01063	0.01310	0.00871	0.01509
30	0.03115	0.01889	0.02271	0.01803	0.02561	0.01735	0.01441	0.04202	0.15697	0.21926	0.07437	0.03554	0.02994	0.01233	0.00988	0.00279	0.00814	0.01018	0.01013	0.24030
31	0.01513	0.01063	0.01389	0.01512	0.01616	0.01074	0.01092	0.01736	0.01910	0.02553	0.04460	0.21693	0.05030	0.24866	0.11007	0.00836	0.01167	0.13860	0.00800	0.00823
32	0.02790	0.01861	0.02254	0.01640	0.02551	0.01443	0.01323	0.03245	0.02388	0.15978	0.02416	0.02522	0.01812	0.00906	0.00849	0.00197	0.00810	0.00729	0.00786	0.53501
33	0.01532	0.01073	0.01202	0.01222	0.01517	0.00980	0.00952	0.01926	0.02472	0.03408	0.16287	0.08524	0.27756	0.02273	0.01157	0.00345	0.00581	0.08593	0.17253	0.00945
34	0.02121	0.05469	0.57364	0.03014	0.04576	0.02455	0.03906	0.03348	0.02232	0.03348	0.01897	0.02232	0.01339	0.01005	0.01005	0.00335	0.01563	0.00781	0.00446	0.01563
35	0.02229	0.01873	0.03111	0.55360	0.06894	0.02282	0.02819	0.02909	0.02191	0.07292	0.02073	0.02885	0.01512	0.01078	0.01058	0.00350	0.01366	0.00950	0.00541	0.01227
36	0.04744	0.01799	0.02454	0.01881	0.02699	0.01554	0.01554	0.05153	0.03026	0.56979	0.04171	0.03599	0.02617	0.01309	0.01063	0.00327	0.00900	0.01063	0.01309	0.01799
37	0.13651	0.02080	0.02405	0.01878	0.02659	0.05315	0.04655	0.03463	0.02414	0.17950	0.02722	0.06899	0.02169	0.01167	0.00921	0.00270	0.00944	0.00953	0.00829	0.26657
38	0.03046	0.02331	0.02516	0.02168	0.02825	0.02625	0.01713	0.12766	0.41842	0.09841	0.04021	0.03697	0.02950	0.01397	0.01072	0.00349	0.00893	0.01145	0.01096	0.01705
39	0.02831	0.01923	0.07026	0.05589	0.06589	0.01603	0.01739	0.03547	0.06100	0.21174	0.19652	0.04746	0.04699	0.01507	0.01089	0.00326	0.00854	0.01289	0.06305	0.01411
40	0.02295	0.07979	0.11350	0.05593	0.03083	0.01854	0.01817	0.02869	0.02259	0.06445	0.02760	0.02982	0.06343	0.01046	0.00885	0.00232	0.00966	0.00834	0.00644	0.37766
41	0.01654	0.01035	0.01345	0.01451	0.01615	0.00951	0.01002	0.01877	0.02187	0.08027	0.09773	0.44801	0.09715	0.07333	0.01602	0.00451	0.00657	0.02574	0.01003	0.00947
42	0.13128	0.06516	0.06222	0.01758	0.02426	0.02060	0.01533	0.07257	0.02413	0.07710	0.06378	0.03133	0.02454	0.05140	0.01357	0.00330	0.05670	0.00900	0.06910	0.16708
43	0.24417	0.01900	0.05885	0.01705	0.02292	0.01692	0.04590	0.02576	0.02130	0.03829	0.07927	0.15301	0.03462	0.01573	0.00946	0.00321	0.00827	0.01313	0.06930	0.10384

[dist]
# distance from previous block
# <min> <max>
1	46

[block]
# block no. 3 follows, 13 sequences, length 24
# corresponding to MSA columns:
# 555-578
name=unknown_D
#
# <colnr> <probs for GDERKNQSTAVLIFYWHMCP>
#	G	D	E	R	K	N	Q	S	T	A	V	L	I	F	Y	W	H	M	C	P
0	0.11716	0.02124	0.02829	0.07532	0.16399	0.02319	0.02084	0.06490	0.11546	0.10869	0.02957	0.08517	0.02473	0.01407	0.01224	0.00351	0.05733	0.01149	0.00807	0.01472
1	0.08140	0.02224	0.03021	0.06950	0.03399	0.02394	0.07445	0.14492	0.07734	0.18247	0.02888	0.03060	0.02082	0.01809	0.05969	0.00457	0.06237	0.01021	0.00902	0.01526
2	0.17165	0.06976	0.02663	0.06751	0.02968	0.05884	0.01728	0.12731	0.09224	0.08099	0.08283	0.03116	0.02682	0.01321	0.01152	0.00332	0.05737	0.00969	0.00833	0.01387
3	0.28128	0.07143	0.02450	0.01877	0.02400	0.02514	0.01551	0.06161	0.05797	0.10843	0.02467	0.07849	0.02123	0.01448	0.01370	0.00356	0.12461	0.00993	0.00768	0.01298
4	0.01897	0.01153	0.01493	0.01363	0.01675	0.01059	0.01038	0.02386	0.02932	0.10082	0.45609	0.07090	0.08553	0.01989	0.01184	0.00325	0.00543	0.01741	0.06803	0.01086
5	0.02461	0.02550	0.08836	0.29129	0.04984	0.07400	0.02467	0.03505	0.10682	0.07470	0.07550	0.03394	0.02598	0.01239	0.01063	0.00340	0.01254	0.01041	0.00703	0.01334
6	0.01526	0.01069	0.01334	0.01268	0.01527	0.00987	0.00951	0.02003	0.02853	0.04079	0.45730	0.07668	0.13394	0.02106	0.01191	0.00325	0.00502	0.01838	0.08662	0.00987
7	0.03235	0.06460	0.06409	0.02627	0.08011	0.07005	0.02028	0.24233	0.03468	0.08901	0.02833	0.09279	0.02412	0.01970	0.05849	0.00437	0.01310	0.01148	0.00862	0.01524
8	0.02260	0.02323	0.03656	0.38721	0.06127	0.07678	0.12778	0.02943	0.02302	0.02867	0.02213	0.03484	0.01827	0.01179	0.01119	0.00357	0.01497	0.04923	0.00531	0.01214
9	0.01365	0.00979	0.01296	0.01420	0.01551	0.00910	0.00987	0.01665	0.02381	0.03267	0.24210	0.42150	0.08093	0.02888	0.01312	0.00394	0.00571	0.02603	0.01049	0.00910
10	0.02351	0.01733	0.01962	0.05313	0.02440	0.06226	0.01422	0.03163	0.10635	0.11264	0.20216	0.12397	0.05428	0.02558	0.07557	0.00496	0.01056	0.01570	0.00987	0.01224
11	0.33614	0.28194	0.10129	0.01767	0.02638	0.03141	0.01765	0.03162	0.01999	0.03626	0.01524	0.01772	0.01258	0.00952	0.00708	0.00286	0.01041	0.00595	0.00544	0.01285
12	0.01510	0.01133	0.01699	0.01699	0.01888	0.01322	0.01322	0.01888	0.01699	0.02454	0.02832	0.04154	0.02643	0.07930	0.58652	0.01699	0.02832	0.01133	0.00566	0.00944
13	0.02192	0.01879	0.02192	0.01566	0.02506	0.01409	0.01253	0.02662	0.02192	0.03445	0.01879	0.02192	0.01566	0.00783	0.00783	0.00157	0.00783	0.00626	0.00626	0.69305
14	0.01806	0.01149	0.01512	0.01383	0.01686	0.01051	0.01051	0.02296	0.02996	0.09262	0.50783	0.07489	0.09276	0.02080	0.01230	0.00332	0.00537	0.01831	0.01178	0.01074
15	0.02420	0.02489	0.02961	0.39573	0.05646	0.13912	0.02529	0.02985	0.02270	0.02769	0.01923	0.02687	0.01505	0.01133	0.01177	0.00335	0.05558	0.00889	0.06072	0.01168
16	0.14916	0.01710	0.01837	0.01548	0.02116	0.01759	0.01244	0.09488	0.05962	0.19059	0.03249	0.03293	0.02336	0.01227	0.00873	0.00298	0.00763	0.00944	0.26000	0.01377
17	0.01390	0.00982	0.01178	0.01292	0.01360	0.00933	0.00817	0.01505	0.01860	0.02440	0.05308	0.32856	0.11084	0.28585	0.03055	0.00675	0.00780	0.02295	0.00836	0.00770
18	0.01603	0.01044	0.01289	0.01252	0.01487	0.00984	0.00930	0.02076	0.02720	0.04046	0.38449	0.11005	0.07879	0.02010	0.01124	0.00318	0.00506	0.01757	0.18539	0.00984
19	0.01464	0.01033	0.01196	0.01203	0.01308	0.00985	0.00762	0.01614	0.01982	0.02636	0.14391	0.12673	0.12939	0.37192	0.03631	0.00743	0.00817	0.01845	0.00820	0.00764
20	0.02121	0.05469	0.57364	0.03014	0.04576	0.02455	0.03906	0.03348	0.02232	0.03348	0.01897	0.02232	0.01339	0.01005	0.01005	0.00335	0.01563	0.00781	0.00446	0.01563
21	0.07917	0.01562	0.02101	0.11832	0.03039	0.01529	0.01548	0.03217	0.02540	0.21351	0.12728	0.13945	0.04258	0.01694	0.01093	0.00338	0.00855	0.01454	0.00984	0.06016
22	0.29492	0.02346	0.08501	0.02125	0.06736	0.02088	0.01728	0.07282	0.02432	0.12908	0.03257	0.07321	0.06963	0.01381	0.00931	0.00336	0.00941	0.01065	0.00814	0.01353
23	0.03412	0.35319	0.04260	0.01974	0.02829	0.03399	0.01793	0.13792	0.06613	0.13614	0.02392	0.02382	0.01815	0.01092	0.00856	0.00273	0.01073	0.00782	0.00779	0.01552

[dist]
# distance from previous block
# <min> <max>
0	21

[block]
# block no. 4 follows, 13 sequences, length 81
# corresponding to MSA columns:
# 600-680
name=unknown_E
#
# <colnr> <probs for GDERKNQSTAVLIFYWHMCP>
#	G	D	E	R	K	N	Q	S	T	A	V	L	I	F	Y	W	H	M	C	P
0	0.03463	0.08969	0.23659	0.02390	0.03502	0.02403	0.02540	0.11708	0.02949	0.23858	0.02810	0.02743	0.01891	0.01151	0.01005	0.00319	0.01213	0.00894	0.00865	0.01669
1	0.01346	0.00965	0.01279	0.01433	0.01546	0.00898	0.00986	0.01618	0.02295	0.03129	0.19755	0.46998	0.07826	0.02991	0.01321	0.00402	0.00581	0.02700	0.01032	0.00898
2	0.04551	0.02068	0.06480	0.01964	0.02837	0.01620	0.01727	0.05020	0.02968	0.53046	0.04005	0.03499	0.02524	0.01286	0.01059	0.00328	0.00948	0.01043	0.01245	0.01782
3	0.03400	0.12609	0.10393	0.07268	0.08276	0.02620	0.02250	0.12299	0.06742	0.19583	0.02788	0.02807	0.01970	0.01153	0.00991	0.00313	0.01136	0.00916	0.00859	0.01626
4	0.02162	0.01372	0.01719	0.01611	0.01919	0.01351	0.01197	0.09971	0.02813	0.08974	0.19745	0.25546	0.06184	0.02487	0.01498	0.06617	0.00720	0.01979	0.01032	0.01102
5	0.01428	0.01044	0.01341	0.01338	0.01556	0.00957	0.00976	0.01836	0.02725	0.03773	0.40563	0.20122	0.13476	0.02463	0.01270	0.00356	0.00528	0.02183	0.01107	0.00957
6	0.48553	0.01962	0.01785	0.01563	0.02203	0.02193	0.01273	0.03579	0.07086	0.12621	0.02264	0.02403	0.01685	0.01586	0.05012	0.00431	0.00980	0.00750	0.00790	0.01283
7	0.08190	0.07142	0.11885	0.11542	0.03587	0.05888	0.02127	0.03665	0.09204	0.12623	0.10553	0.03526	0.03091	0.01290	0.01013	0.00326	0.01103	0.01038	0.00809	0.01399
8	0.04088	0.01607	0.02106	0.01669	0.02352	0.01419	0.01361	0.04516	0.02835	0.44429	0.04000	0.03680	0.02639	0.01290	0.00987	0.00308	0.00803	0.01045	0.17258	0.01607
9	0.03254	0.01362	0.01665	0.01400	0.01911	0.01249	0.01116	0.03708	0.02592	0.28482	0.03783	0.03783	0.02667	0.01267	0.00889	0.00284	0.00681	0.01021	0.37524	0.01362
10	0.02296	0.07331	0.15968	0.02968	0.03884	0.02342	0.20152	0.07429	0.02671	0.03682	0.11079	0.09179	0.03421	0.01392	0.01145	0.00342	0.01310	0.01347	0.00702	0.01361
11	0.02733	0.01910	0.03082	0.41360	0.10086	0.02164	0.02616	0.03358	0.02366	0.16327	0.02461	0.02997	0.01733	0.01111	0.01058	0.00343	0.01270	0.00971	0.00684	0.01371
12	0.01410	0.01007	0.01366	0.01611	0.01726	0.00964	0.01193	0.01682	0.02144	0.02835	0.05760	0.47467	0.06728	0.03198	0.01382	0.00446	0.00719	0.16491	0.00979	0.00892
13	0.02648	0.02787	0.05471	0.03980	0.04969	0.02722	0.41398	0.08034	0.09413	0.03810	0.02454	0.02966	0.01831	0.00995	0.01209	0.00353	0.01606	0.01215	0.00651	0.01491
14	0.15676	0.06638	0.06341	0.07002	0.07937	0.02101	0.01919	0.04155	0.02562	0.30972	0.02963	0.02884	0.01997	0.01148	0.00957	0.00321	0.01019	0.00900	0.00935	0.01574
15	0.03933	0.06803	0.02875	0.15833	0.03795	0.01956	0.01905	0.04407	0.02737	0.39608	0.03405	0.03259	0.02227	0.01216	0.01031	0.00325	0.01040	0.00993	0.01039	0.01614
16	0.03857	0.09868	0.03207	0.02648	0.03223	0.54101	0.02024	0.04135	0.02926	0.02579	0.01621	0.01889	0.01362	0.01074	0.00931	0.00269	0.01843	0.00671	0.00537	0.01237
17	0.01681	0.01581	0.02649	0.02116	0.02642	0.01433	0.15565	0.02198	0.02614	0.03435	0.22167	0.07385	0.26207	0.02009	0.01248	0.00349	0.00879	0.01853	0.00911	0.01077
18	0.02192	0.01879	0.02192	0.01566	0.02506	0.01409	0.01253	0.02662	0.02192	0.03445	0.01879	0.02192	0.01566	0.00783	0.00783	0.00157	0.00783	0.00626	0.00626	0.69305
19	0.01844	0.01535	0.01978	0.01795	0.01795	0.01901	0.01302	0.01936	0.01570	0.02246	0.02563	0.05097	0.02873	0.38718	0.04625	0.00803	0.24710	0.01295	0.00570	0.00845
20	0.03950	0.05039	0.02996	0.02724	0.03269	0.58597	0.02043	0.04222	0.02996	0.02588	0.01634	0.01907	0.01362	0.01090	0.00953	0.00272	0.01907	0.00681	0.00545	0.01226
21	0.01323	0.00972	0.01249	0.01457	0.01581	0.00899	0.01024	0.01549	0.02123	0.02768	0.06551	0.49339	0.14357	0.03178	0.01345	0.00424	0.00637	0.07368	0.00981	0.00875
22	0.01337	0.00966	0.01187	0.01342	0.01435	0.00900	0.00880	0.01493	0.01977	0.02582	0.06031	0.42194	0.13767	0.16167	0.02211	0.00548	0.00691	0.02568	0.00907	0.00816
23	0.01601	0.01139	0.01309	0.01271	0.01625	0.00995	0.00985	0.01954	0.02595	0.07108	0.20476	0.09319	0.36570	0.02478	0.01255	0.00361	0.00593	0.06328	0.01048	0.00990
24	0.03888	0.02148	0.02556	0.02036	0.02774	0.02181	0.01655	0.18506	0.12380	0.28968	0.08280	0.03736	0.03139	0.01394	0.01080	0.00330	0.00929	0.01129	0.01184	0.01707
25	0.02775	0.59262	0.09307	0.01897	0.02849	0.04058	0.01962	0.03179	0.02154	0.02550	0.01501	0.01735	0.01356	0.00912	0.00702	0.00234	0.01162	0.00581	0.00452	0.01372
26	0.12333	0.01696	0.02052	0.01820	0.02126	0.02004	0.01493	0.02938	0.02097	0.10987	0.02779	0.03697	0.02321	0.01541	0.01703	0.00358	0.19943	0.04808	0.22129	0.01176
27	0.70310	0.02045	0.01554	0.01390	0.02045	0.02372	0.01145	0.03108	0.01799	0.04744	0.01472	0.01718	0.01145	0.00981	0.00654	0.00327	0.00818	0.00573	0.00654	0.01145
28	0.03473	0.01924	0.03068	0.24902	0.04737	0.01963	0.06586	0.04040	0.02623	0.31067	0.03097	0.03228	0.02057	0.01174	0.01077	0.00340	0.01177	0.01031	0.00913	0.01523
29	0.02057	0.01941	0.03280	0.55073	0.12039	0.02365	0.02966	0.02754	0.02143	0.02775	0.01890	0.02799	0.01435	0.01046	0.01056	0.00349	0.01395	0.00940	0.00475	0.01223
30	0.01458	0.01079	0.01360	0.01290	0.01556	0.00981	0.00967	0.01921	0.02902	0.04024	0.48668	0.08253	0.17132	0.02242	0.01247	0.00336	0.00505	0.01962	0.01135	0.00981
31	0.01535	0.01036	0.01206	0.01206	0.01225	0.01054	0.00707	0.01572	0.01553	0.02089	0.03283	0.06650	0.03727	0.57507	0.10557	0.01091	0.01201	0.01498	0.00633	0.00670
32	0.01314	0.00955	0.01240	0.01420	0.01531	0.00881	0.00969	0.01549	0.02191	0.02927	0.13183	0.50378	0.11355	0.03101	0.01327	0.00410	0.00591	0.02791	0.01007	0.00881
