[name]
unknown

[dist]
# distance from previous block
# <min> <max>
0	169

[block]
# block no. 0 follows, 10 sequences, length 25
# corresponding to MSA columns:
# 191-215
name=unknown_A
#
# <colnr> <probs for GDERKNQSTAVLIFYWHMCP>
#	G	D	E	R	K	N	Q	S	T	A	V	L	I	F	Y	W	H	M	C	P
0	0.01646	0.01189	0.01555	0.01463	0.01738	0.01097	0.01097	0.02195	0.03292	0.04664	0.51257	0.08688	0.10974	0.02378	0.01372	0.00366	0.00549	0.02103	0.01280	0.01097
1	0.01596	0.01143	0.01390	0.01394	0.01655	0.01043	0.01021	0.02025	0.02873	0.03990	0.29804	0.18076	0.18219	0.02636	0.01339	0.00382	0.00580	0.02303	0.07487	0.01043
2	0.01457	0.01181	0.01293	0.01265	0.01622	0.01017	0.00949	0.01829	0.02846	0.03605	0.23796	0.10431	0.39096	0.02773	0.01374	0.00385	0.00577	0.02348	0.01141	0.01017
3	0.02652	0.01370	0.01787	0.01605	0.02023	0.01244	0.01229	0.03129	0.03069	0.17515	0.27388	0.13178	0.07430	0.02164	0.01267	0.00367	0.00684	0.01883	0.08698	0.01317
4	0.67341	0.02249	0.01709	0.01529	0.02249	0.02609	0.01260	0.03419	0.01979	0.05218	0.01619	0.01889	0.01260	0.01080	0.00720	0.00360	0.00900	0.00630	0.00720	0.01260
5	0.35737	0.02112	0.02213	0.01804	0.02615	0.02151	0.01488	0.04563	0.02666	0.29362	0.03130	0.02942	0.02083	0.01263	0.00949	0.00360	0.00945	0.00904	0.01086	0.01626
6	0.67341	0.02249	0.01709	0.01529	0.02249	0.02609	0.01260	0.03419	0.01979	0.05218	0.01619	0.01889	0.01260	0.01080	0.00720	0.00360	0.00900	0.00630	0.00720	0.01260
7	0.02412	0.02067	0.02412	0.01723	0.02756	0.01550	0.01378	0.02929	0.02412	0.03790	0.02067	0.02412	0.01723	0.00861	0.00861	0.00172	0.00861	0.00689	0.00689	0.66236
8	0.02660	0.02254	0.02429	0.02198	0.02784	0.02557	0.01702	0.05436	0.41089	0.04828	0.13423	0.05151	0.04937	0.01727	0.01219	0.00389	0.00851	0.01462	0.01202	0.01702
9	0.67341	0.02249	0.01709	0.01529	0.02249	0.02609	0.01260	0.03419	0.01979	0.05218	0.01619	0.01889	0.01260	0.01080	0.00720	0.00360	0.00900	0.00630	0.00720	0.01260
10	0.01412	0.01032	0.01329	0.01566	0.01673	0.00949	0.01056	0.01625	0.02278	0.02990	0.07060	0.52663	0.12977	0.03559	0.01471	0.00463	0.00664	0.03203	0.01080	0.00949
11	0.03738	0.02127	0.02536	0.02136	0.02853	0.02183	0.01699	0.05504	0.24672	0.25174	0.10026	0.04678	0.04119	0.01611	0.01199	0.00376	0.00907	0.01344	0.01303	0.01814
12	0.01674	0.01271	0.01573	0.01750	0.01920	0.01284	0.01212	0.02414	0.10512	0.03299	0.06118	0.48952	0.06970	0.03284	0.01432	0.00459	0.00718	0.02959	0.01098	0.01101
13	0.03982	0.02687	0.03116	0.02463	0.03192	0.02953	0.02023	0.29362	0.04374	0.14347	0.09080	0.03711	0.03218	0.01605	0.01512	0.00372	0.07874	0.01198	0.01147	0.01781
14	0.03166	0.01559	0.02197	0.07235	0.02905	0.01488	0.01602	0.03553	0.02679	0.24496	0.04868	0.24036	0.04529	0.02943	0.06529	0.00553	0.01138	0.01953	0.01135	0.01437
15	0.01522	0.01588	0.07305	0.01815	0.02072	0.01147	0.01450	0.01857	0.02253	0.03051	0.05913	0.51933	0.06977	0.03352	0.01441	0.00460	0.00795	0.03025	0.01012	0.01034
16	0.01417	0.01012	0.01350	0.01619	0.01687	0.00945	0.01080	0.01619	0.02227	0.02969	0.06410	0.58367	0.07692	0.03644	0.01484	0.00472	0.00675	0.03306	0.01080	0.00945
17	0.04521	0.02723	0.03354	0.03016	0.09474	0.02799	0.02197	0.26738	0.04321	0.23637	0.03379	0.03234	0.02294	0.01367	0.01164	0.00353	0.01185	0.01091	0.01191	0.01961
18	0.02779	0.02582	0.04291	0.26037	0.23991	0.02811	0.07617	0.08717	0.02870	0.03888	0.02229	0.02982	0.01734	0.01125	0.01179	0.00367	0.01494	0.01070	0.00624	0.01612
19	0.02061	0.01361	0.01817	0.01756	0.01915	0.01480	0.01264	0.02285	0.02012	0.07524	0.03909	0.15452	0.04113	0.23324	0.18020	0.01076	0.07048	0.01753	0.00805	0.01024
20	0.51609	0.09627	0.02440	0.01771	0.02508	0.09406	0.01473	0.03581	0.02192	0.04618	0.01642	0.01913	0.01318	0.01084	0.00765	0.00339	0.01093	0.00644	0.00678	0.01299
21	0.01646	0.01189	0.01555	0.01463	0.01738	0.01097	0.01097	0.02195	0.03292	0.04664	0.51257	0.08688	0.10974	0.02378	0.01372	0.00366	0.00549	0.02103	0.01280	0.01097
22	0.03451	0.13428	0.03957	0.12202	0.14600	0.09281	0.02459	0.03980	0.02747	0.13747	0.02512	0.02815	0.01895	0.01140	0.01043	0.00316	0.01344	0.00919	0.00748	0.07414
23	0.04189	0.03478	0.03360	0.02733	0.03430	0.14523	0.02212	0.25505	0.04099	0.11316	0.02588	0.02745	0.01910	0.01466	0.01586	0.00367	0.10815	0.00992	0.00964	0.01721
24	0.02219	0.01512	0.01858	0.01745	0.02123	0.01512	0.01313	0.03277	0.13014	0.09084	0.28376	0.16593	0.07984	0.02352	0.01333	0.00391	0.00695	0.02069	0.01238	0.01314

[dist]
# distance from previous block
# <min> <max>
5	7

[block]
# block no. 1 follows, 10 sequences, length 22
# corresponding to MSA columns:
# 223-244
name=unknown_B
#
# <colnr> <probs for GDERKNQSTAVLIFYWHMCP>
#	G	D	E	R	K	N	Q	S	T	A	V	L	I	F	Y	W	H	M	C	P
0	0.03423	0.13897	0.03988	0.07963	0.03892	0.08942	0.06900	0.12893	0.03335	0.09183	0.06585	0.03189	0.02600	0.01269	0.01083	0.00319	0.01339	0.01035	0.00839	0.07327
1	0.28383	0.02147	0.02394	0.07429	0.03214	0.02268	0.01707	0.04589	0.07664	0.24387	0.03213	0.03122	0.02197	0.01289	0.00999	0.00366	0.01005	0.00965	0.01043	0.01620
2	0.02359	0.01747	0.02257	0.08420	0.03104	0.01513	0.01548	0.02808	0.02434	0.08110	0.03593	0.19204	0.03579	0.01777	0.01112	0.00305	0.00903	0.01552	0.00855	0.32822
3	0.03375	0.02738	0.02902	0.02464	0.03208	0.03118	0.01958	0.19384	0.35780	0.05643	0.04121	0.03851	0.03054	0.01521	0.01177	0.00380	0.01034	0.01230	0.01177	0.01884
4	0.02908	0.14572	0.04753	0.04283	0.19534	0.03213	0.10238	0.04348	0.16507	0.03881	0.02849	0.03144	0.02260	0.01178	0.01115	0.00348	0.01316	0.01090	0.00741	0.01723
5	0.02545	0.02545	0.03562	0.03053	0.03053	0.03562	0.02545	0.02799	0.01781	0.02799	0.01527	0.02545	0.01527	0.02036	0.03817	0.00509	0.56997	0.01018	0.00509	0.01272
6	0.02412	0.02067	0.02412	0.01723	0.02756	0.01550	0.01378	0.02929	0.02412	0.03790	0.02067	0.02412	0.01723	0.00861	0.00861	0.00172	0.00861	0.00689	0.00689	0.66236
7	0.02640	0.02858	0.05871	0.16487	0.11823	0.02842	0.32745	0.03541	0.02641	0.03568	0.02271	0.03099	0.01727	0.01027	0.01301	0.00386	0.01803	0.01259	0.00571	0.01539
8	0.05218	0.01979	0.02699	0.02069	0.02969	0.01709	0.01709	0.05668	0.03329	0.52677	0.04588	0.03959	0.02879	0.01439	0.01170	0.00360	0.00990	0.01170	0.01439	0.01979
9	0.02545	0.02545	0.03562	0.03053	0.03053	0.03562	0.02545	0.02799	0.01781	0.02799	0.01527	0.02545	0.01527	0.02036	0.03817	0.00509	0.56997	0.01018	0.00509	0.01272
10	0.01688	0.01142	0.01342	0.01342	0.01368	0.01168	0.00797	0.01739	0.01713	0.02310	0.03597	0.07238	0.04066	0.52947	0.11877	0.01218	0.01371	0.01637	0.00695	0.00746
11	0.01488	0.01183	0.01335	0.01297	0.01641	0.01030	0.00973	0.01889	0.02919	0.03777	0.28267	0.10147	0.34518	0.02708	0.01373	0.00381	0.00572	0.02308	0.01164	0.01030
12	0.04345	0.05543	0.03296	0.02996	0.03596	0.54457	0.02247	0.04644	0.03296	0.02846	0.01798	0.02097	0.01498	0.01199	0.01049	0.00300	0.02097	0.00749	0.00599	0.01348
13	0.03491	0.03547	0.02884	0.08847	0.03731	0.25955	0.02182	0.04275	0.08756	0.08105	0.03365	0.04954	0.02967	0.01682	0.01206	0.00376	0.01569	0.09862	0.00841	0.01406
14	0.02196	0.02067	0.03488	0.56331	0.08010	0.02584	0.03230	0.02972	0.02326	0.02972	0.02067	0.03101	0.01550	0.01163	0.01163	0.00388	0.01550	0.01034	0.00517	0.01292
15	0.02743	0.02205	0.02310	0.02101	0.02678	0.02518	0.01628	0.05461	0.39964	0.04756	0.04539	0.04339	0.03432	0.01532	0.01107	0.00369	0.00842	0.01267	0.14526	0.01684
16	0.01874	0.01339	0.01874	0.02142	0.02410	0.01339	0.01874	0.02410	0.02677	0.03481	0.06158	0.13119	0.06693	0.03213	0.01606	0.00535	0.01071	0.44043	0.01071	0.01071
17	0.02333	0.06016	0.53100	0.03315	0.05034	0.02701	0.04297	0.03683	0.02455	0.03683	0.02087	0.02455	0.01473	0.01105	0.01105	0.00368	0.01719	0.00859	0.00491	0.01719
18	0.01514	0.01184	0.01371	0.01324	0.01656	0.01041	0.00993	0.01938	0.02979	0.03922	0.32007	0.09909	0.30687	0.02655	0.01373	0.00379	0.00568	0.02275	0.01183	0.01041
19	0.01609	0.01093	0.01293	0.01374	0.01395	0.01072	0.00818	0.01670	0.01853	0.02470	0.04493	0.22922	0.05273	0.42390	0.04582	0.00930	0.00991	0.02179	0.00818	0.00777
20	0.02196	0.02067	0.03488	0.56331	0.08010	0.02584	0.03230	0.02972	0.02326	0.02972	0.02067	0.03101	0.01550	0.01163	0.01163	0.00388	0.01550	0.01034	0.00517	0.01292
21	0.29264	0.09219	0.03266	0.02267	0.03064	0.03045	0.05779	0.11902	0.02787	0.04826	0.01946	0.02286	0.01542	0.01191	0.01176	0.00343	0.06454	0.00818	0.00744	0.08080

[dist]
# distance from previous block
# <min> <max>
4	13

[block]
# block no. 2 follows, 10 sequences, length 23
# corresponding to MSA columns:
# 263-285
name=unknown_C
#
# <colnr> <probs for GDERKNQSTAVLIFYWHMCP>
#	G	D	E	R	K	N	Q	S	T	A	V	L	I	F	Y	W	H	M	C	P
0	0.09613	0.08527	0.09315	0.14813	0.04493	0.02951	0.02497	0.16788	0.03400	0.12801	0.02616	0.02842	0.01855	0.01246	0.01075	0.00353	0.01306	0.00961	0.00874	0.01674
1	0.03109	0.03002	0.13509	0.10849	0.04487	0.02293	0.08945	0.07455	0.03005	0.14738	0.08060	0.03679	0.02930	0.01308	0.01177	0.00352	0.01324	0.01161	0.00877	0.07741
2	0.01660	0.01174	0.01430	0.01366	0.01661	0.01075	0.01024	0.02162	0.03073	0.04349	0.38366	0.08611	0.17300	0.02356	0.01304	0.00359	0.00555	0.02043	0.09056	0.01075
3	0.02707	0.01875	0.02727	0.15792	0.09570	0.01964	0.02104	0.03607	0.08027	0.12836	0.19922	0.05305	0.05317	0.01665	0.01238	0.00371	0.01013	0.01461	0.01028	0.01473
4	0.02966	0.09817	0.11083	0.18244	0.08829	0.02804	0.02752	0.04268	0.12768	0.10604	0.02960	0.03225	0.02177	0.01252	0.01108	0.00362	0.01308	0.01038	0.00791	0.01643
5	0.02620	0.09726	0.10851	0.16729	0.04488	0.02779	0.02563	0.11468	0.02893	0.03871	0.02994	0.13923	0.02853	0.01740	0.01353	0.00386	0.05156	0.01418	0.00747	0.01440
6	0.03210	0.02336	0.03413	0.02821	0.03538	0.02370	0.10712	0.16720	0.03606	0.10658	0.04231	0.07001	0.03874	0.02026	0.01376	0.00431	0.01294	0.17784	0.01051	0.01548
7	0.02714	0.02247	0.02574	0.01866	0.02884	0.01860	0.01504	0.09717	0.02872	0.04323	0.02176	0.02469	0.01761	0.00942	0.00907	0.00199	0.00924	0.00743	0.00761	0.56557
8	0.02873	0.10813	0.03138	0.01963	0.02852	0.02267	0.01649	0.03329	0.02441	0.09453	0.02242	0.02533	0.01805	0.01091	0.01231	0.00246	0.07578	0.00776	0.00730	0.40990
9	0.01452	0.01039	0.01380	0.01596	0.01695	0.00968	0.01082	0.01706	0.02387	0.03224	0.13166	0.50884	0.08187	0.03453	0.01467	0.00456	0.00656	0.03125	0.01110	0.00968
10	0.03244	0.08723	0.11190	0.07569	0.09127	0.08570	0.05784	0.03913	0.02892	0.14177	0.09982	0.03769	0.03281	0.01358	0.01147	0.00347	0.01350	0.01149	0.00847	0.01582
11	0.02824	0.04249	0.19553	0.03786	0.04813	0.10748	0.19187	0.03674	0.02557	0.03403	0.02032	0.02663	0.01592	0.01252	0.01711	0.00393	0.12438	0.01057	0.00546	0.01524
12	0.02020	0.01010	0.01515	0.01515	0.01515	0.01010	0.01010	0.01515	0.01515	0.02020	0.02020	0.03535	0.02020	0.04040	0.04545	0.66162	0.01010	0.01010	0.00505	0.00505
13	0.02196	0.02067	0.03488	0.56331	0.08010	0.02584	0.03230	0.02972	0.02326	0.02972	0.02067	0.03101	0.01550	0.01163	0.01163	0.00388	0.01550	0.01034	0.00517	0.01292
14	0.02720	0.02398	0.03621	0.15991	0.18043	0.02808	0.02767	0.08251	0.02556	0.03566	0.02048	0.02915	0.01736	0.01720	0.02230	0.08391	0.15172	0.01029	0.00607	0.01430
15	0.01691	0.01128	0.01268	0.01268	0.01268	0.01128	0.00705	0.01691	0.01691	0.02255	0.03665	0.07611	0.04228	0.59126	0.05920	0.01128	0.01128	0.01691	0.00705	0.00705
16	0.01770	0.01492	0.02171	0.21712	0.04018	0.01607	0.01841	0.02313	0.02690	0.03547	0.20227	0.12516	0.15302	0.02180	0.01307	0.00391	0.00941	0.01909	0.00936	0.01129
17	0.01661	0.01246	0.01869	0.01869	0.02077	0.01454	0.01454	0.02077	0.01869	0.02700	0.03115	0.04569	0.02908	0.08723	0.54517	0.01869	0.03115	0.01246	0.00623	0.01038
18	0.02486	0.01401	0.01792	0.01955	0.07125	0.01345	0.01291	0.03035	0.02782	0.10232	0.15501	0.05213	0.04830	0.01585	0.01032	0.00313	0.00689	0.01342	0.34773	0.01278
19	0.02711	0.03074	0.11726	0.08922	0.03972	0.02822	0.02443	0.05355	0.35723	0.04430	0.03947	0.03857	0.02943	0.01444	0.01167	0.00389	0.01137	0.01200	0.00981	0.01754
20	0.27954	0.02968	0.03093	0.02460	0.03303	0.07947	0.06738	0.18206	0.03447	0.09992	0.02376	0.02533	0.01723	0.01217	0.01009	0.00354	0.01263	0.00908	0.00905	0.01602
21	0.01586	0.01183	0.01507	0.01675	0.01912	0.01104	0.01306	0.01958	0.02588	0.03348	0.11895	0.26376	0.18511	0.03202	0.01489	0.00464	0.00778	0.17011	0.01096	0.01012
22	0.07711	0.01984	0.02262	0.01991	0.02560	0.02083	0.01551	0.09327	0.16061	0.13334	0.14094	0.12944	0.05232	0.01972	0.01229	0.00386	0.00860	0.01670	0.01197	0.01551

[dist]
# distance from previous block
# <min> <max>
0	3

[block]
# block no. 3 follows, 10 sequences, length 16
# corresponding to MSA columns:
# 289-304
name=unknown_D
#
# <colnr> <probs for GDERKNQSTAVLIFYWHMCP>
#	G	D	E	R	K	N	Q	S	T	A	V	L	I	F	Y	W	H	M	C	P
0	0.57591	0.02759	0.01955	0.01756	0.02458	0.10634	0.01412	0.03608	0.02183	0.04851	0.01647	0.01922	0.01296	0.01098	0.00771	0.00351	0.01085	0.00648	0.00701	0.01273
1	0.02593	0.03285	0.17245	0.08783	0.03840	0.06554	0.02564	0.03317	0.02730	0.08993	0.13069	0.04793	0.08528	0.01684	0.01455	0.00379	0.06609	0.01328	0.00826	0.01425
2	0.02630	0.03711	0.25259	0.02463	0.03561	0.02168	0.02711	0.08551	0.03056	0.09556	0.10929	0.05093	0.12010	0.01683	0.01204	0.00369	0.01222	0.01374	0.00889	0.01560
3	0.01446	0.01040	0.01411	0.01649	0.01733	0.01005	0.01124	0.01673	0.02185	0.02937	0.06022	0.52034	0.07129	0.04242	0.07728	0.00637	0.00962	0.03064	0.01026	0.00956
4	0.67341	0.02249	0.01709	0.01529	0.02249	0.02609	0.01260	0.03419	0.01979	0.05218	0.01619	0.01889	0.01260	0.01080	0.00720	0.00360	0.00900	0.00630	0.00720	0.01260
5	0.02855	0.02956	0.13355	0.13471	0.04591	0.02385	0.06985	0.10299	0.03134	0.09587	0.07962	0.04950	0.03413	0.01602	0.01254	0.00393	0.01354	0.07042	0.00872	0.01537
6	0.01646	0.01189	0.01555	0.01463	0.01738	0.01097	0.01097	0.02195	0.03292	0.04664	0.51257	0.08688	0.10974	0.02378	0.01372	0.00366	0.00549	0.02103	0.01280	0.01097
7	0.03109	0.59826	0.06095	0.01990	0.02985	0.04602	0.01990	0.03483	0.02363	0.02736	0.01617	0.01866	0.01493	0.00995	0.00746	0.00249	0.01244	0.00622	0.00498	0.01493
8	0.02587	0.02669	0.04256	0.03442	0.03689	0.03432	0.12027	0.02994	0.01984	0.02994	0.01700	0.02669	0.01577	0.01814	0.03303	0.00484	0.45426	0.01092	0.00526	0.01335
9	0.01691	0.01128	0.01268	0.01268	0.01268	0.01128	0.00705	0.01691	0.01691	0.02255	0.03665	0.07611	0.04228	0.59126	0.05920	0.01128	0.01128	0.01691	0.00705	0.00705
10	0.03431	0.20518	0.04163	0.03094	0.13766	0.02826	0.02140	0.03924	0.02676	0.15560	0.02575	0.02725	0.01962	0.01086	0.00965	0.00281	0.01130	0.00864	0.00789	0.15526
11	0.50500	0.08443	0.02321	0.01708	0.02448	0.02866	0.01428	0.03853	0.09417	0.04898	0.02101	0.02266	0.01639	0.01148	0.00794	0.00353	0.00940	0.00735	0.00768	0.01374
12	0.16100	0.03162	0.12115	0.03387	0.04498	0.02579	0.22017	0.04066	0.02670	0.14309	0.02635	0.02955	0.01853	0.01116	0.01158	0.00375	0.01507	0.01102	0.00778	0.01617
13	0.08810	0.02453	0.03243	0.11282	0.08807	0.02722	0.06028	0.09498	0.19627	0.04673	0.07812	0.03908	0.03234	0.01418	0.01166	0.00377	0.01157	0.01229	0.00933	0.01624
14	0.14665	0.02610	0.03160	0.02610	0.03294	0.02931	0.06345	0.19331	0.08651	0.05257	0.03142	0.04408	0.02685	0.01670	0.01459	0.00406	0.07162	0.07685	0.00947	0.01580
15	0.09325	0.08844	0.10670	0.02082	0.03149	0.02200	0.01982	0.03958	0.02644	0.18214	0.02724	0.02768	0.01958	0.01104	0.00965	0.00284	0.01076	0.00844	0.00862	0.24347

[dist]
# distance from previous block
# <min> <max>
2	19

[block]
# block no. 4 follows, 10 sequences, length 27
# corresponding to MSA columns:
# 324-350
name=unknown_E
#
# <colnr> <probs for GDERKNQSTAVLIFYWHMCP>
#	G	D	E	R	K	N	Q	S	T	A	V	L	I	F	Y	W	H	M	C	P
0	0.11447	0.03168	0.12890	0.02986	0.08542	0.02680	0.02517	0.10117	0.08340	0.16069	0.02977	0.03054	0.02127	0.01352	0.01343	0.00376	0.06333	0.01014	0.00922	0.01744
1	0.02808	0.01578	0.01957	0.01731	0.02241	0.01482	0.01341	0.03613	0.09190	0.18574	0.20865	0.11670	0.13745	0.02201	0.01298	0.00382	0.00747	0.01889	0.01265	0.01425
2	0.04421	0.03258	0.03490	0.02676	0.03607	0.03607	0.02211	0.47993	0.05468	0.07330	0.02792	0.02792	0.01978	0.01396	0.01163	0.00349	0.01280	0.01047	0.01163	0.01978
3	0.02466	0.02116	0.02437	0.01796	0.02787	0.01703	0.01431	0.03298	0.07799	0.03912	0.02371	0.02631	0.01931	0.00943	0.00898	0.00198	0.00868	0.00760	0.00745	0.58911
4	0.02780	0.04530	0.32481	0.02900	0.04207	0.02668	0.03281	0.04656	0.17427	0.08659	0.03155	0.03190	0.02259	0.01285	0.01136	0.00376	0.01399	0.01032	0.00798	0.01782
5	0.10525	0.02332	0.02677	0.02051	0.02904	0.02258	0.01674	0.11091	0.02943	0.10860	0.02414	0.02634	0.01845	0.01178	0.01249	0.00284	0.06876	0.00842	0.00854	0.32511
6	0.02383	0.01492	0.01888	0.01687	0.02091	0.01426	0.01293	0.07421	0.03417	0.11059	0.35417	0.12560	0.08627	0.02282	0.01335	0.00374	0.00697	0.01993	0.01268	0.01290
7	0.09825	0.02179	0.02590	0.02123	0.02925	0.02189	0.01715	0.05646	0.18973	0.32328	0.04380	0.03908	0.02966	0.01455	0.01135	0.00372	0.00958	0.01172	0.01290	0.01870
8	0.02545	0.02545	0.03562	0.03053	0.03053	0.03562	0.02545	0.02799	0.01781	0.02799	0.01527	0.02545	0.01527	0.02036	0.03817	0.00509	0.56997	0.01018	0.00509	0.01272
9	0.01560	0.01072	0.01307	0.01436	0.01468	0.01040	0.00884	0.01657	0.01947	0.02596	0.04976	0.31851	0.05883	0.32628	0.03801	0.00815	0.00911	0.02463	0.00884	0.00819
10	0.14702	0.02475	0.02691	0.02058	0.02982	0.02433	0.01684	0.18241	0.03487	0.13001	0.02630	0.02694	0.01911	0.01167	0.00985	0.00293	0.01026	0.00873	0.00970	0.23699
11	0.02745	0.03137	0.06863	0.04902	0.06078	0.02941	0.47647	0.03725	0.02745	0.03725	0.02353	0.03137	0.01765	0.00980	0.01373	0.00392	0.01961	0.01373	0.00588	0.01569
12	0.02730	0.02853	0.03535	0.03048	0.03109	0.08801	0.02514	0.02989	0.01937	0.02804	0.01555	0.02499	0.01524	0.01949	0.03532	0.00487	0.51346	0.00990	0.00518	0.01280
13	0.02444	0.02285	0.03674	0.38047	0.17766	0.02664	0.03139	0.03508	0.08251	0.03401	0.02424	0.03201	0.01866	0.01184	0.01163	0.00378	0.01433	0.01069	0.00613	0.01490
14	0.01417	0.01012	0.01350	0.01619	0.01687	0.00945	0.01080	0.01619	0.02227	0.02969	0.06410	0.58367	0.07692	0.03644	0.01484	0.00472	0.00675	0.03306	0.01080	0.00945
15	0.01911	0.01809	0.05781	0.01974	0.02352	0.01602	0.01603	0.03003	0.13637	0.03691	0.09861	0.31402	0.06421	0.02789	0.01387	0.00443	0.00848	0.07165	0.01076	0.01246
16	0.02730	0.02056	0.02696	0.14260	0.03986	0.01808	0.01845	0.03297	0.02512	0.10005	0.02397	0.02772	0.01835	0.01006	0.00971	0.00246	0.01036	0.00831	0.00748	0.42965
17	0.02522	0.02155	0.10625	0.02037	0.02638	0.01476	0.01855	0.03027	0.02617	0.14919	0.05699	0.26398	0.09380	0.02572	0.01348	0.00428	0.00966	0.06935	0.01062	0.01340
18	0.01473	0.01052	0.01414	0.01684	0.01776	0.00993	0.01178	0.01717	0.02282	0.03032	0.06379	0.52789	0.07569	0.03591	0.01500	0.00480	0.00724	0.08328	0.01079	0.00960
19	0.01602	0.01107	0.01428	0.01546	0.01685	0.01046	0.01089	0.01797	0.02337	0.03110	0.13236	0.27925	0.11511	0.10636	0.02397	0.08012	0.00785	0.06851	0.00996	0.00905
20	0.02936	0.12323	0.20792	0.09447	0.14001	0.02888	0.07449	0.03804	0.02600	0.09531	0.02367	0.02766	0.01757	0.01111	0.01099	0.00349	0.01497	0.00963	0.00637	0.01682
21	0.03042	0.02906	0.09176	0.22979	0.05104	0.08238	0.02632	0.07634	0.02888	0.11378	0.03077	0.10254	0.02591	0.01550	0.01186	0.00378	0.01404	0.01300	0.00803	0.01478
22	0.04211	0.01899	0.02588	0.02076	0.02746	0.01822	0.01696	0.04655	0.03131	0.37415	0.13069	0.04682	0.04249	0.01691	0.01534	0.00379	0.07810	0.01328	0.01295	0.01725
23	0.02626	0.02437	0.02780	0.13079	0.08706	0.09013	0.02132	0.08658	0.07191	0.03739	0.04047	0.14101	0.06983	0.02534	0.06239	0.00523	0.01422	0.01579	0.00834	0.01378
24	0.03119	0.03010	0.14412	0.10089	0.12743	0.02247	0.06701	0.03908	0.02839	0.16682	0.09225	0.03882	0.03188	0.01344	0.01195	0.00366	0.01314	0.01201	0.00871	0.01662
25	0.03566	0.02710	0.07442	0.03402	0.09243	0.02482	0.10911	0.09816	0.03112	0.19075	0.03364	0.08401	0.02658	0.01538	0.01473	0.00388	0.06420	0.01341	0.00955	0.01705
26	0.03167	0.07996	0.09776	0.02407	0.03208	0.02578	0.02219	0.03692	0.02455	0.14991	0.02476	0.02771	0.01889	0.01369	0.01776	0.00343	0.16628	0.00910	0.00773	0.18575

[dist]
# distance from previous block
# <min> <max>
26	107

[block]
# block no. 5 follows, 10 sequences, length 33
# corresponding to MSA columns:
# 462-494
name=unknown_F
#
# <colnr> <probs for GDERKNQSTAVLIFYWHMCP>
#	G	D	E	R	K	N	Q	S	T	A	V	L	I	F	Y	W	H	M	C	P
0	0.09261	0.12635	0.03594	0.15675	0.04310	0.02945	0.02212	0.13873	0.03268	0.17143	0.02772	0.02932	0.01959	0.01250	0.01052	0.00345	0.01232	0.00964	0.00918	0.01659
1	0.14140	0.07178	0.06635	0.01751	0.02419	0.01936	0.01567	0.03423	0.02794	0.14090	0.17837	0.04786	0.04855	0.01585	0.01060	0.00340	0.00862	0.01274	0.10079	0.01390
2	0.02937	0.13638	0.07662	0.09700	0.03592	0.07005	0.02128	0.03485	0.02769	0.12019	0.08232	0.05375	0.08774	0.01711	0.01159	0.00361	0.01207	0.05954	0.00873	0.01420
3	0.25229	0.08241	0.02453	0.02145	0.06658	0.02336	0.01536	0.03223	0.07643	0.04275	0.10361	0.10351	0.07900	0.01750	0.01045	0.00367	0.00882	0.01403	0.00883	0.01320
4	0.15055	0.02679	0.03039	0.02392	0.03262	0.07018	0.06845	0.08066	0.09501	0.12781	0.02862	0.02939	0.02100	0.01190	0.01034	0.00321	0.01169	0.00962	0.00914	0.15872
5	0.20635	0.02675	0.02622	0.08253	0.03413	0.08243	0.01872	0.15983	0.03298	0.09225	0.02955	0.10395	0.02566	0.01582	0.01078	0.00369	0.01187	0.01229	0.00923	0.01495
6	0.32399	0.08955	0.03217	0.02840	0.09720	0.08573	0.05903	0.03448	0.02354	0.04142	0.02222	0.07314	0.02026	0.01303	0.00948	0.00352	0.01214	0.01010	0.00683	0.01376
7	0.14313	0.03156	0.07618	0.13565	0.04577	0.07421	0.07388	0.14565	0.03201	0.04654	0.02180	0.02612	0.01635	0.01157	0.01067	0.00345	0.01416	0.00933	0.00742	0.07456
8	0.16818	0.02309	0.06551	0.01899	0.02653	0.02031	0.01672	0.03466	0.11688	0.04164	0.04648	0.05402	0.11212	0.01698	0.01087	0.00354	0.00934	0.05926	0.00886	0.14602
9	0.01787	0.01439	0.02185	0.07336	0.09396	0.01509	0.01730	0.02209	0.02310	0.03196	0.09450	0.24661	0.05310	0.04380	0.16672	0.00838	0.01541	0.02059	0.00849	0.01145
10	0.02842	0.07503	0.07581	0.16742	0.04474	0.02845	0.02415	0.13610	0.12669	0.04598	0.09613	0.03902	0.03353	0.01449	0.01156	0.00364	0.01213	0.01193	0.00897	0.01581
11	0.01522	0.01097	0.01386	0.01484	0.01634	0.01020	0.01016	0.01810	0.02515	0.03403	0.20232	0.31938	0.12014	0.10963	0.02061	0.00525	0.00692	0.02638	0.01089	0.00961
12	0.02880	0.09857	0.20328	0.17086	0.05077	0.02888	0.03077	0.07741	0.07989	0.08200	0.02607	0.02935	0.01895	0.01216	0.01101	0.00361	0.01431	0.00974	0.00718	0.01639
13	0.22365	0.01874	0.02086	0.01714	0.02434	0.01839	0.01398	0.04421	0.02761	0.29239	0.03577	0.03444	0.02437	0.01319	0.00968	0.00342	0.00873	0.00998	0.14321	0.01591
14	0.03199	0.09975	0.13010	0.08658	0.11375	0.08967	0.10794	0.12564	0.03209	0.04174	0.02203	0.02656	0.01689	0.01136	0.01130	0.00346	0.01602	0.00989	0.00670	0.01656
15	0.01759	0.01386	0.02026	0.01958	0.02150	0.01653	0.01538	0.02171	0.02015	0.02926	0.08201	0.04791	0.03634	0.07275	0.42988	0.01551	0.08911	0.01314	0.00682	0.01071
16	0.01608	0.01062	0.01324	0.01467	0.01591	0.01010	0.00995	0.01895	0.02353	0.03361	0.11937	0.36538	0.06961	0.09220	0.01845	0.00496	0.00685	0.02579	0.12110	0.00963
17	0.02668	0.01415	0.01882	0.01637	0.02090	0.01272	0.01272	0.03188	0.03303	0.18397	0.37909	0.07335	0.08659	0.02109	0.01314	0.00364	0.00675	0.01836	0.01326	0.01350
18	0.04607	0.01844	0.02503	0.01966	0.02758	0.01605	0.01605	0.05073	0.03323	0.44456	0.12579	0.04768	0.04265	0.01600	0.01204	0.00361	0.00914	0.01329	0.01412	0.01828
19	0.04257	0.01833	0.02321	0.01877	0.02605	0.01700	0.01519	0.05048	0.08362	0.36209	0.04423	0.04088	0.02978	0.01436	0.01089	0.00343	0.00879	0.01166	0.16108	0.01759
20	0.03109	0.59826	0.06095	0.01990	0.02985	0.04602	0.01990	0.03483	0.02363	0.02736	0.01617	0.01866	0.01493	0.00995	0.00746	0.00249	0.01244	0.00622	0.00498	0.01493
21	0.67341	0.02249	0.01709	0.01529	0.02249	0.02609	0.01260	0.03419	0.01979	0.05218	0.01619	0.01889	0.01260	0.01080	0.00720	0.00360	0.00900	0.00630	0.00720	0.01260
22	0.05218	0.01979	0.02699	0.02069	0.02969	0.01709	0.01709	0.05668	0.03329	0.52677	0.04588	0.03959	0.02879	0.01439	0.01170	0.00360	0.00990	0.01170	0.01439	0.01979
23	0.10799	0.03771	0.03223	0.12113	0.04173	0.23314	0.02329	0.13990	0.03340	0.04155	0.02029	0.02450	0.01594	0.01301	0.01311	0.00352	0.06691	0.00879	0.00719	0.01466
24	0.15448	0.03081	0.03178	0.02475	0.03369	0.03432	0.02044	0.40181	0.04857	0.06960	0.02587	0.02634	0.01852	0.01341	0.01086	0.00351	0.01213	0.00974	0.01086	0.01852
25	0.13874	0.02826	0.11322	0.18992	0.04661	0.02544	0.02527	0.08433	0.07107	0.04388	0.09205	0.03638	0.03036	0.01373	0.01106	0.00373	0.01237	0.01110	0.00789	0.01460
26	0.01900	0.01498	0.01756	0.01694	0.02045	0.01525	0.01264	0.03073	0.15144	0.04248	0.26823	0.16544	0.13023	0.02455	0.01343	0.00395	0.00672	0.02148	0.01197	0.01251
27	0.02619	0.02055	0.03378	0.48733	0.07304	0.02462	0.03017	0.03349	0.02466	0.09931	0.02420	0.03221	0.01736	0.01202	0.01164	0.00384	0.01472	0.01053	0.00646	0.01388
28	0.08748	0.09522	0.12877	0.10977	0.10008	0.03052	0.10686	0.08746	0.06911	0.04154	0.02358	0.02798	0.01796	0.01143	0.01104	0.00359	0.01455	0.01007	0.00679	0.01620
29	0.02809	0.02220	0.03436	0.16721	0.04644	0.02370	0.10101	0.08499	0.09477	0.09351	0.03735	0.14618	0.03315	0.01751	0.01269	0.00399	0.01264	0.01613	0.00910	0.01498
30	0.01838	0.01324	0.01690	0.01841	0.02043	0.01315	0.01364	0.06850	0.02672	0.03549	0.05964	0.43148	0.06866	0.03311	0.01474	0.00472	0.00821	0.11289	0.01087	0.01083
31	0.44171	0.02632	0.02226	0.02366	0.07873	0.09704	0.01634	0.03410	0.02265	0.04483	0.02231	0.08204	0.02061	0.01372	0.00897	0.00362	0.01096	0.00984	0.00726	0.01302
32	0.07933	0.01557	0.01715	0.01570	0.01994	0.01541	0.01205	0.08520	0.03203	0.04508	0.24840	0.12145	0.20148	0.02391	0.01293	0.00380	0.00705	0.02023	0.01138	0.01189

[dist]
# distance from previous block
# <min> <max>
3	11

[block]
# block no. 6 follows, 10 sequences, length 20
# corresponding to MSA columns:
# 506-525
name=unknown_G
#
# <colnr> <probs for GDERKNQSTAVLIFYWHMCP>
#	G	D	E	R	K	N	Q	S	T	A	V	L	I	F	Y	W	H	M	C	P
0	0.58284	0.02321	0.02133	0.02318	0.09221	0.02631	0.01584	0.03440	0.02073	0.05019	0.01699	0.02028	0.01341	0.01074	0.00780	0.00358	0.00967	0.00687	0.00700	0.01341
1	0.02960	0.07818	0.09253	0.02787	0.08325	0.02743	0.02239	0.14338	0.11584	0.04651	0.03782	0.03839	0.07656	0.01410	0.01098	0.00327	0.01132	0.01135	0.00882	0.12042
2	0.19114	0.02066	0.02554	0.12666	0.09353	0.02108	0.01870	0.02967	0.02211	0.03789	0.02190	0.03195	0.01937	0.09183	0.01628	0.00417	0.01103	0.00922	0.00653	0.20074
3	0.03981	0.08575	0.07422	0.02159	0.03175	0.02290	0.01943	0.09728	0.03192	0.26053	0.03242	0.03099	0.02227	0.01221	0.01045	0.00303	0.01084	0.00956	0.01046	0.17261
4	0.01805	0.01382	0.01717	0.01868	0.02153	0.01386	0.01481	0.02593	0.09160	0.03473	0.06931	0.24652	0.13697	0.03065	0.01475	0.00475	0.00858	0.19610	0.01091	0.01128
5	0.02745	0.03137	0.06863	0.04902	0.06078	0.02941	0.47647	0.03725	0.02745	0.03725	0.02353	0.03137	0.01765	0.00980	0.01373	0.00392	0.01961	0.01373	0.00588	0.01569
6	0.02557	0.02488	0.03424	0.08550	0.03570	0.03366	0.02518	0.03292	0.08581	0.03107	0.02034	0.02855	0.01814	0.01880	0.03168	0.00480	0.43297	0.01061	0.00605	0.01354
7	0.01417	0.01012	0.01350	0.01619	0.01687	0.00945	0.01080	0.01619	0.02227	0.02969	0.06410	0.58367	0.07692	0.03644	0.01484	0.00472	0.00675	0.03306	0.01080	0.00945
8	0.10757	0.01317	0.01421	0.01386	0.01745	0.01253	0.01042	0.02122	0.02773	0.04030	0.25733	0.13521	0.23760	0.02523	0.01292	0.00385	0.00625	0.02141	0.01110	0.01064
9	0.04345	0.05543	0.03296	0.02996	0.03596	0.54457	0.02247	0.04644	0.03296	0.02846	0.01798	0.02097	0.01498	0.01199	0.01049	0.00300	0.02097	0.00749	0.00599	0.01348
10	0.01853	0.01261	0.01466	0.01371	0.01770	0.01096	0.01044	0.02256	0.02953	0.08579	0.25587	0.09560	0.31759	0.02588	0.01353	0.00380	0.00614	0.02199	0.01189	0.01123
11	0.02545	0.02545	0.03562	0.03053	0.03053	0.03562	0.02545	0.02799	0.01781	0.02799	0.01527	0.02545	0.01527	0.02036	0.03817	0.00509	0.56997	0.01018	0.00509	0.01272
12	0.01691	0.01128	0.01268	0.01268	0.01268	0.01128	0.00705	0.01691	0.01691	0.02255	0.03665	0.07611	0.04228	0.59126	0.05920	0.01128	0.01128	0.01691	0.00705	0.00705
13	0.02167	0.01839	0.02727	0.07978	0.17521	0.01885	0.02049	0.02933	0.06965	0.03846	0.18517	0.09966	0.05638	0.08755	0.01829	0.00465	0.01001	0.01664	0.00906	0.01348
14	0.04511	0.03114	0.03401	0.02608	0.03535	0.03393	0.02154	0.43234	0.05228	0.12428	0.02994	0.02923	0.02079	0.01401	0.01164	0.00350	0.01247	0.01061	0.01195	0.01978
15	0.02446	0.02308	0.03757	0.26614	0.15454	0.02372	0.06839	0.03152	0.02454	0.03434	0.02118	0.02870	0.01677	0.01038	0.01097	0.00321	0.01365	0.00971	0.00582	0.19130
16	0.10432	0.08937	0.08108	0.08563	0.08483	0.02993	0.11577	0.10184	0.07261	0.08515	0.02600	0.02915	0.01930	0.01178	0.01109	0.00359	0.01383	0.01039	0.00786	0.01651
17	0.01472	0.01052	0.01413	0.01683	0.01774	0.00992	0.01176	0.01715	0.02281	0.03031	0.06380	0.52899	0.07572	0.03592	0.01499	0.00480	0.00723	0.08229	0.01079	0.00960
18	0.22408	0.02143	0.02648	0.02488	0.08265	0.02081	0.01792	0.04800	0.02873	0.33848	0.03484	0.03256	0.02307	0.01293	0.01041	0.00358	0.01008	0.01003	0.01140	0.01762
19	0.03404	0.03210	0.08530	0.12641	0.11696	0.08084	0.13261	0.08052	0.03048	0.12650	0.02644	0.03044	0.01907	0.01172	0.01194	0.00363	0.01569	0.01094	0.00773	0.01662

[dist]
# distance from previous block
# <min> <max>
3	8

[block]
# block no. 7 follows, 10 sequences, length 24
# corresponding to MSA columns:
# 534-557
name=unknown_H
#
# <colnr> <probs for GDERKNQSTAVLIFYWHMCP>
#	G	D	E	R	K	N	Q	S	T	A	V	L	I	F	Y	W	H	M	C	P
0	0.16432	0.23433	0.10354	0.07447	0.03951	0.03478	0.07310	0.08482	0.02682	0.04015	0.01929	0.02300	0.01532	0.01085	0.00938	0.00326	0.01341	0.00821	0.00630	0.01516
1	0.09428	0.08244	0.03504	0.33324	0.05932	0.14813	0.02686	0.03453	0.02519	0.03150	0.01917	0.02630	0.01503	0.01147	0.01052	0.00351	0.01583	0.00888	0.00555	0.01320
2	0.02878	0.03661	0.23117	0.02433	0.03722	0.02047	0.02626	0.03723	0.02592	0.12429	0.02523	0.02704	0.01826	0.01063	0.01015	0.00285	0.01234	0.00844	0.00742	0.28535
3	0.18171	0.02036	0.02493	0.01957	0.02819	0.01897	0.01616	0.05199	0.03047	0.42782	0.03969	0.03527	0.02541	0.01364	0.01076	0.00360	0.00971	0.01057	0.01289	0.01829
4	0.01874	0.01339	0.01874	0.02142	0.02410	0.01339	0.01874	0.02410	0.02677	0.03481	0.06158	0.13119	0.06693	0.03213	0.01606	0.00535	0.01071	0.44043	0.01071	0.01071
5	0.01417	0.01012	0.01350	0.01619	0.01687	0.00945	0.01080	0.01619	0.02227	0.02969	0.06410	0.58367	0.07692	0.03644	0.01484	0.00472	0.00675	0.03306	0.01080	0.00945
6	0.01661	0.01246	0.01869	0.01869	0.02077	0.01454	0.01454	0.02077	0.01869	0.02700	0.03115	0.04569	0.02908	0.08723	0.54517	0.01869	0.03115	0.01246	0.00623	0.01038
7	0.01691	0.01128	0.01268	0.01268	0.01268	0.01128	0.00705	0.01691	0.01691	0.02255	0.03665	0.07611	0.04228	0.59126	0.05920	0.01128	0.01128	0.01691	0.00705	0.00705
8	0.01646	0.01189	0.01555	0.01463	0.01738	0.01097	0.01097	0.02195	0.03292	0.04664	0.51257	0.08688	0.10974	0.02378	0.01372	0.00366	0.00549	0.02103	0.01280	0.01097
9	0.01691	0.01128	0.01268	0.01268	0.01268	0.01128	0.00705	0.01691	0.01691	0.02255	0.03665	0.07611	0.04228	0.59126	0.05920	0.01128	0.01128	0.01691	0.00705	0.00705
10	0.04354	0.05270	0.03319	0.02958	0.03597	0.48376	0.02243	0.09828	0.03556	0.03383	0.01917	0.02180	0.01555	0.01222	0.01062	0.00306	0.02000	0.00785	0.00667	0.01424
11	0.03151	0.02371	0.03021	0.07882	0.08986	0.02211	0.02006	0.12207	0.03135	0.09825	0.02503	0.02778	0.01898	0.01080	0.01017	0.00268	0.01084	0.00886	0.00836	0.32853
12	0.03117	0.26093	0.19190	0.02880	0.04053	0.09376	0.07777	0.08241	0.02854	0.03601	0.01975	0.02298	0.01567	0.01089	0.00996	0.00315	0.01560	0.00832	0.00585	0.01600
13	0.02343	0.01349	0.01745	0.01555	0.01970	0.01209	0.01198	0.02843	0.03227	0.14272	0.37310	0.08006	0.13874	0.02250	0.01331	0.00368	0.00643	0.01953	0.01290	0.01264
14	0.01534	0.01184	0.01399	0.01345	0.01668	0.01049	0.01009	0.01977	0.03026	0.04033	0.34894	0.09726	0.27731	0.02613	0.01373	0.00377	0.00565	0.02249	0.01197	0.01049
15	0.11551	0.02104	0.02542	0.02038	0.02835	0.02049	0.01660	0.08809	0.08503	0.33671	0.08440	0.04105	0.03443	0.01498	0.01139	0.00363	0.00956	0.01201	0.01292	0.01801
16	0.01646	0.01189	0.01555	0.01463	0.01738	0.01097	0.01097	0.02195	0.03292	0.04664	0.51257	0.08688	0.10974	0.02378	0.01372	0.00366	0.00549	0.02103	0.01280	0.01097
17	0.01567	0.01152	0.01468	0.01461	0.01707	0.01053	0.01068	0.02015	0.03000	0.04138	0.37447	0.19057	0.15143	0.02702	0.01395	0.00391	0.00579	0.02389	0.01216	0.01053
18	0.01646	0.01189	0.01555	0.01463	0.01738	0.01097	0.01097	0.02195	0.03292	0.04664	0.51257	0.08688	0.10974	0.02378	0.01372	0.00366	0.00549	0.02103	0.01280	0.01097
19	0.05218	0.01979	0.02699	0.02069	0.02969	0.01709	0.01709	0.05668	0.03329	0.52677	0.04588	0.03959	0.02879	0.01439	0.01170	0.00360	0.00990	0.01170	0.01439	0.01979
20	0.02545	0.02545	0.03562	0.03053	0.03053	0.03562	0.02545	0.02799	0.01781	0.02799	0.01527	0.02545	0.01527	0.02036	0.03817	0.00509	0.56997	0.01018	0.00509	0.01272
21	0.03343	0.42158	0.05127	0.02242	0.03117	0.14807	0.02027	0.04024	0.07809	0.02995	0.02000	0.02188	0.01722	0.01102	0.00858	0.00276	0.01386	0.00725	0.00595	0.01501
22	0.01427	0.01082	0.01317	0.01465	0.01656	0.00972	0.01020	0.01694	0.02469	0.03196	0.12672	0.38499	0.21738	0.03295	0.01438	0.00436	0.00635	0.02916	0.01100	0.00972
23	0.02594	0.08292	0.12862	0.29257	0.05919	0.03022	0.03117	0.08127	0.02637	0.03544	0.02045	0.02768	0.01576	0.01267	0.01431	0.00382	0.08154	0.00963	0.00581	0.01463

[dist]
# distance from previous block
# <min> <max>
0	1

[block]
# block no. 8 follows, 10 sequences, length 7
# corresponding to MSA columns:
# 559-565
name=unknown_I
#
# <colnr> <probs for GDERKNQSTAVLIFYWHMCP>
#	G	D	E	R	K	N	Q	S	T	A	V	L	I	F	Y	W	H	M	C	P
0	0.03121	0.10744	0.33106	0.02957	0.04325	0.08143	0.03380	0.08463	0.02926	0.08850	0.02336	0.02546	0.01672	0.01167	0.01075	0.00346	0.01590	0.00875	0.00667	0.01711
1	0.67341	0.02249	0.01709	0.01529	0.02249	0.02609	0.01260	0.03419	0.01979	0.05218	0.01619	0.01889	0.01260	0.01080	0.00720	0.00360	0.00900	0.00630	0.00720	0.01260
2	0.02333	0.06016	0.53100	0.03315	0.05034	0.02701	0.04297	0.03683	0.02455	0.03683	0.02087	0.02455	0.01473	0.01105	0.01105	0.00368	0.01719	0.00859	0.00491	0.01719
3	0.01691	0.01128	0.01268	0.01268	0.01268	0.01128	0.00705	0.01691	0.01691	0.02255	0.03665	0.07611	0.04228	0.59126	0.05920	0.01128	0.01128	0.01691	0.00705	0.00705
4	0.02378	0.01351	0.01789	0.01587	0.01990	0.01223	0.01223	0.02906	0.03300	0.14495	0.41701	0.07719	0.09316	0.02186	0.01330	0.00365	0.00639	0.01912	0.01313	0.01278
5	0.04440	0.01781	0.02423	0.01977	0.02706	0.01553	0.01580	0.04839	0.03103	0.42498	0.04961	0.15099	0.03865	0.01891	0.01234	0.00383	0.00925	0.01607	0.01366	0.01767
6	0.02745	0.03137	0.06863	0.04902	0.06078	0.02941	0.47647	0.03725	0.02745	0.03725	0.02353	0.03137	0.01765	0.00980	0.01373	0.00392	0.01961	0.01373	0.00588	0.01569

[dist]
# distance from previous block
# <min> <max>
0	9

[block]
# block no. 9 follows, 10 sequences, length 10
# corresponding to MSA columns:
# 575-584
name=unknown_J
#
# <colnr> <probs for GDERKNQSTAVLIFYWHMCP>
#	G	D	E	R	K	N	Q	S	T	A	V	L	I	F	Y	W	H	M	C	P
0	0.01495	0.01150	0.01367	0.01382	0.01662	0.01022	0.01010	0.01876	0.02831	0.03734	0.26974	0.19439	0.26164	0.02849	0.01395	0.00397	0.00589	0.02478	0.01162	0.01022
1	0.02412	0.02067	0.02412	0.01723	0.02756	0.01550	0.01378	0.02929	0.02412	0.03790	0.02067	0.02412	0.01723	0.00861	0.00861	0.00172	0.00861	0.00689	0.00689	0.66236
2	0.01673	0.01201	0.01640	0.01640	0.01768	0.01329	0.01167	0.01929	0.01801	0.02530	0.03325	0.05732	0.03412	0.27989	0.35941	0.01586	0.02355	0.01416	0.00654	0.00911
3	0.01803	0.01383	0.01736	0.01691	0.01704	0.01569	0.01143	0.01895	0.01818	0.02507	0.03802	0.16921	0.04400	0.36632	0.04606	0.00873	0.12023	0.01887	0.00742	0.00865
4	0.02964	0.02050	0.02468	0.01791	0.02798	0.01582	0.01443	0.03467	0.02592	0.13404	0.02563	0.02716	0.01950	0.00975	0.00922	0.00209	0.00887	0.00784	0.00837	0.53599
5	0.02412	0.02067	0.02412	0.01723	0.02756	0.01550	0.01378	0.02929	0.02412	0.03790	0.02067	0.02412	0.01723	0.00861	0.00861	0.00172	0.00861	0.00689	0.00689	0.66236
6	0.01871	0.01488	0.01871	0.01828	0.02071	0.01599	0.01363	0.02735	0.10593	0.03948	0.23559	0.23761	0.07682	0.02627	0.01626	0.00420	0.06390	0.02258	0.01119	0.01190
7	0.02745	0.03137	0.06863	0.04902	0.06078	0.02941	0.47647	0.03725	0.02745	0.03725	0.02353	0.03137	0.01765	0.00980	0.01373	0.00392	0.01961	0.01373	0.00588	0.01569
8	0.03897	0.25869	0.04531	0.02402	0.03358	0.04005	0.02122	0.30201	0.04227	0.05494	0.02322	0.02422	0.01784	0.01236	0.00997	0.00309	0.01265	0.00877	0.00897	0.01784
9	0.12790	0.01606	0.01849	0.01634	0.02138	0.01510	0.01221	0.03177	0.02450	0.17358	0.04718	0.15159	0.08049	0.13230	0.02086	0.00519	0.00896	0.01666	0.01019	0.06926

[dist]
# distance from previous block
# <min> <max>
0	1

[block]
# block no. 10 follows, 10 sequences, length 19
# corresponding to MSA columns:
# 586-604
name=unknown_K
#
# <colnr> <probs for GDERKNQSTAVLIFYWHMCP>
#	G	D	E	R	K	N	Q	S	T	A	V	L	I	F	Y	W	H	M	C	P
0	0.03417	0.10275	0.14943	0.13005	0.10016	0.02720	0.02861	0.07455	0.02912	0.17145	0.02776	0.02988	0.01956	0.01208	0.01099	0.00351	0.01357	0.00982	0.00818	0.01717
1	0.02854	0.45614	0.11385	0.02174	0.03165	0.03946	0.02261	0.03369	0.02415	0.02950	0.02260	0.03388	0.02160	0.01294	0.00902	0.00301	0.01280	0.06244	0.00571	0.01466
2	0.01691	0.01128	0.01268	0.01268	0.01268	0.01128	0.00705	0.01691	0.01691	0.02255	0.03665	0.07611	0.04228	0.59126	0.05920	0.01128	0.01128	0.01691	0.00705	0.00705
3	0.09209	0.02462	0.02585	0.02180	0.02954	0.02652	0.01724	0.09683	0.30178	0.04931	0.03649	0.03520	0.02766	0.01356	0.01067	0.00338	0.00944	0.01085	0.01030	0.15688
4	0.02518	0.03121	0.15032	0.12944	0.10623	0.02311	0.02810	0.06664	0.02701	0.03862	0.02541	0.03678	0.02149	0.01267	0.01108	0.00330	0.01312	0.05074	0.00670	0.19284
5	0.10470	0.10244	0.13710	0.08976	0.10416	0.02799	0.06694	0.04055	0.06257	0.11647	0.02618	0.02890	0.01921	0.01165	0.01069	0.00354	0.01347	0.00976	0.00747	0.01646
6	0.02389	0.01916	0.03128	0.17616	0.10478	0.01963	0.07014	0.03025	0.02816	0.08475	0.17185	0.05643	0.10073	0.01697	0.01267	0.00374	0.01129	0.01544	0.00899	0.01369
7	0.02115	0.01095	0.01132	0.01122	0.01394	0.01085	0.00842	0.02658	0.02525	0.04369	0.08598	0.04776	0.03790	0.01459	0.00870	0.00281	0.00543	0.01187	0.59075	0.01085
8	0.02952	0.02937	0.16825	0.02827	0.08749	0.01895	0.02456	0.03674	0.02859	0.17503	0.13084	0.11099	0.04564	0.01758	0.01228	0.00376	0.01115	0.01517	0.00996	0.01586
9	0.09116	0.03211	0.16611	0.17048	0.04829	0.02491	0.02867	0.09014	0.02870	0.09308	0.02916	0.04150	0.02359	0.01461	0.01162	0.00391	0.01378	0.06503	0.00780	0.01536
10	0.01436	0.01089	0.01275	0.01409	0.01590	0.00982	0.00958	0.01647	0.02316	0.02942	0.08063	0.34211	0.23570	0.10529	0.02015	0.00527	0.00701	0.02780	0.01031	0.00928
11	0.01863	0.01211	0.01520	0.01504	0.01804	0.01085	0.01103	0.02242	0.02834	0.08477	0.24462	0.23604	0.18319	0.02792	0.01386	0.00403	0.00638	0.02450	0.01191	0.01111
12	0.02190	0.02502	0.08969	0.38015	0.06728	0.02453	0.08611	0.02986	0.02380	0.03141	0.02602	0.09362	0.02272	0.01418	0.01219	0.00396	0.01519	0.01317	0.00587	0.01332
13	0.04555	0.02836	0.03617	0.02772	0.03685	0.09010	0.09788	0.11748	0.03555	0.30791	0.03565	0.03397	0.02369	0.01322	0.01188	0.00356	0.01345	0.01132	0.01142	0.01827
14	0.04601	0.01843	0.02501	0.01965	0.02756	0.01604	0.01604	0.05068	0.03323	0.44386	0.12647	0.04775	0.04277	0.01601	0.01204	0.00361	0.00914	0.01331	0.01412	0.01827
15	0.03402	0.01890	0.02242	0.01865	0.02533	0.01812	0.01491	0.09494	0.08714	0.22673	0.11145	0.06387	0.17419	0.01972	0.01249	0.00372	0.00860	0.01630	0.01258	0.01591
16	0.41020	0.02482	0.02215	0.06728	0.07164	0.07970	0.01678	0.03434	0.02268	0.04536	0.02007	0.02416	0.01583	0.01131	0.00842	0.00343	0.01079	0.00771	0.09031	0.01301
17	0.23752	0.02222	0.07409	0.06856	0.03122	0.02017	0.05557	0.02774	0.02232	0.03901	0.08106	0.10201	0.03377	0.02006	0.01614	0.10560	0.01078	0.01311	0.00743	0.01161
18	0.18998	0.02515	0.03329	0.06952	0.07492	0.02616	0.07230	0.13553	0.03269	0.18609	0.02870	0.02978	0.01995	0.01240	0.01084	0.00362	0.01215	0.01019	0.00975	0.01699

[dist]
# distance from previous block
# <min> <max>
0	11

[block]
# block no. 11 follows, 10 sequences, length 23
# corresponding to MSA columns:
# 633-655
name=unknown_L
#
# <colnr> <probs for GDERKNQSTAVLIFYWHMCP>
#	G	D	E	R	K	N	Q	S	T	A	V	L	I	F	Y	W	H	M	C	P
