[name]
unknown

[dist]
# distance from previous block
# <min> <max>
0	14

[block]
# block no. 0 follows, 11 sequences, length 11
# corresponding to MSA columns:
# 14-24
name=unknown_A
#
# <colnr> <probs for GDERKNQSTAVLIFYWHMCP>
#	G	D	E	R	K	N	Q	S	T	A	V	L	I	F	Y	W	H	M	C	P
0	0.15477	0.02591	0.08071	0.02662	0.08512	0.02299	0.02121	0.12114	0.03021	0.12727	0.03115	0.04316	0.02593	0.01479	0.01085	0.00358	0.01111	0.08310	0.00905	0.07131
1	0.01637	0.01091	0.01228	0.01228	0.01228	0.01091	0.00682	0.01637	0.01637	0.02182	0.03546	0.07365	0.04092	0.60445	0.05729	0.01091	0.01091	0.01637	0.00682	0.00682
2	0.03047	0.02052	0.03290	0.35850	0.11510	0.02275	0.02737	0.03697	0.02567	0.17825	0.02720	0.03217	0.01905	0.01189	0.01126	0.00363	0.01325	0.01039	0.00765	0.01503
3	0.01637	0.01091	0.01228	0.01228	0.01228	0.01091	0.00682	0.01637	0.01637	0.02182	0.03546	0.07365	0.04092	0.60445	0.05729	0.01091	0.01091	0.01637	0.00682	0.00682
4	0.14772	0.10066	0.03147	0.02474	0.03142	0.36275	0.01938	0.04290	0.02892	0.08502	0.01976	0.02162	0.01551	0.01145	0.00945	0.00301	0.01643	0.00736	0.00674	0.01368
5	0.01637	0.01091	0.01228	0.01228	0.01228	0.01091	0.00682	0.01637	0.01637	0.02182	0.03546	0.07365	0.04092	0.60445	0.05729	0.01091	0.01091	0.01637	0.00682	0.00682
6	0.33329	0.01897	0.01891	0.01586	0.02234	0.01937	0.01244	0.03500	0.02237	0.16657	0.02688	0.03379	0.02176	0.11779	0.01724	0.00462	0.00928	0.00931	0.00865	0.08558
7	0.03334	0.12428	0.09328	0.02897	0.10308	0.02747	0.02274	0.11846	0.08517	0.14097	0.08139	0.03510	0.03009	0.01332	0.01076	0.00332	0.01128	0.01082	0.00930	0.01686
8	0.03182	0.07830	0.10369	0.02251	0.03181	0.02601	0.02073	0.17514	0.08320	0.09552	0.08420	0.03421	0.02984	0.01322	0.01061	0.00311	0.01088	0.01048	0.00943	0.12529
9	0.03216	0.14039	0.11567	0.09537	0.13786	0.02880	0.07103	0.07733	0.02814	0.13043	0.02482	0.02776	0.01827	0.01115	0.01059	0.00331	0.01350	0.00958	0.00730	0.01654
10	0.15419	0.08821	0.08749	0.07710	0.03461	0.02742	0.02078	0.10981	0.11609	0.08270	0.06966	0.03274	0.02717	0.01314	0.01017	0.00345	0.01096	0.01014	0.00874	0.01542

[dist]
# distance from previous block
# <min> <max>
17	67

[block]
# block no. 1 follows, 11 sequences, length 7
# corresponding to MSA columns:
# 92-98
name=unknown_B
#
# <colnr> <probs for GDERKNQSTAVLIFYWHMCP>
#	G	D	E	R	K	N	Q	S	T	A	V	L	I	F	Y	W	H	M	C	P
0	0.02739	0.04794	0.39196	0.03271	0.04733	0.02507	0.10962	0.03859	0.02547	0.11161	0.02424	0.02699	0.01674	0.01099	0.01120	0.00359	0.01595	0.00956	0.00628	0.01678
1	0.02495	0.03499	0.23737	0.10917	0.04266	0.02377	0.02907	0.03566	0.07442	0.08776	0.03034	0.10355	0.02586	0.01575	0.01410	0.00388	0.07187	0.01262	0.00723	0.01498
2	0.02109	0.01732	0.07225	0.01679	0.02168	0.01276	0.01448	0.02621	0.02854	0.11393	0.26945	0.15574	0.13924	0.02306	0.01288	0.00373	0.00740	0.02005	0.01123	0.01215
3	0.09283	0.02697	0.11345	0.02553	0.03346	0.02252	0.09519	0.03385	0.09661	0.03794	0.06452	0.06357	0.02925	0.02123	0.06910	0.00502	0.05077	0.01194	0.00740	0.09887
4	0.03461	0.06207	0.03352	0.15572	0.04298	0.10703	0.06926	0.03981	0.02801	0.20105	0.03753	0.03867	0.07286	0.01371	0.01127	0.00345	0.01329	0.01152	0.00874	0.01490
5	0.02848	0.02383	0.08213	0.06927	0.11168	0.02003	0.02139	0.08518	0.02759	0.12278	0.03305	0.11878	0.02983	0.07657	0.01608	0.00419	0.01118	0.01361	0.00851	0.09581
6	0.02885	0.16388	0.15554	0.11559	0.04558	0.03093	0.08830	0.08566	0.07768	0.06678	0.02423	0.02740	0.01815	0.01134	0.01052	0.00337	0.01401	0.00954	0.00683	0.01582

[dist]
# distance from previous block
# <min> <max>
2	29

[block]
# block no. 2 follows, 11 sequences, length 18
# corresponding to MSA columns:
# 128-145
name=unknown_C
#
# <colnr> <probs for GDERKNQSTAVLIFYWHMCP>
#	G	D	E	R	K	N	Q	S	T	A	V	L	I	F	Y	W	H	M	C	P
0	0.02575	0.08445	0.07380	0.10355	0.07792	0.02078	0.02051	0.03162	0.02574	0.09654	0.09477	0.03948	0.06295	0.01316	0.01041	0.00296	0.01042	0.01098	0.00785	0.18635
1	0.03465	0.02594	0.08722	0.02139	0.02903	0.06478	0.01888	0.04475	0.11157	0.23915	0.15086	0.04615	0.04419	0.01565	0.01162	0.00351	0.01026	0.01292	0.01135	0.01613
2	0.13303	0.01898	0.01983	0.01741	0.02298	0.01958	0.01306	0.03581	0.17862	0.03874	0.03419	0.08751	0.03130	0.12992	0.01921	0.00472	0.00893	0.01259	0.00861	0.16497
3	0.02606	0.01567	0.01976	0.01824	0.02180	0.01621	0.01360	0.07032	0.09504	0.11817	0.03935	0.15588	0.03688	0.06891	0.09533	0.13958	0.01199	0.01581	0.00932	0.01206
4	0.02560	0.02062	0.02588	0.02227	0.02744	0.02202	0.05732	0.13425	0.16798	0.04478	0.09335	0.16877	0.04663	0.07022	0.01635	0.00447	0.00981	0.01763	0.01038	0.01423
5	0.15618	0.17829	0.32836	0.02568	0.03878	0.03020	0.03058	0.03469	0.02264	0.03650	0.01825	0.02136	0.01389	0.01040	0.00915	0.00328	0.01399	0.00734	0.00521	0.01524
6	0.02680	0.02750	0.13702	0.02161	0.02972	0.02113	0.02053	0.04310	0.20553	0.11360	0.08905	0.04911	0.09506	0.01621	0.01143	0.00361	0.00979	0.01341	0.05010	0.01567
7	0.02014	0.01445	0.02273	0.01963	0.02360	0.01389	0.07055	0.02535	0.02769	0.08292	0.28799	0.10587	0.07036	0.03377	0.12217	0.00655	0.01240	0.01796	0.01029	0.01170
8	0.02776	0.03163	0.21450	0.02196	0.03161	0.01911	0.02342	0.06638	0.02843	0.14321	0.08440	0.04523	0.09034	0.01516	0.01100	0.00343	0.01091	0.01232	0.10418	0.01504
9	0.02010	0.01723	0.02136	0.02324	0.09476	0.01658	0.01516	0.03004	0.12400	0.03844	0.16066	0.06814	0.20752	0.01961	0.01201	0.00342	0.00769	0.01679	0.00988	0.09335
10	0.11603	0.02563	0.02606	0.02185	0.02794	0.10004	0.01757	0.11545	0.03111	0.18372	0.07134	0.03465	0.02809	0.02186	0.07104	0.00506	0.06722	0.01061	0.00965	0.01509
11	0.15896	0.07063	0.09733	0.02365	0.03295	0.10185	0.06012	0.03748	0.08373	0.03852	0.02188	0.02447	0.01719	0.01056	0.00936	0.00295	0.01244	0.00811	0.00673	0.18110
12	0.22682	0.22020	0.08436	0.02314	0.03214	0.10963	0.05690	0.06743	0.02551	0.03843	0.01765	0.02054	0.01429	0.01051	0.00863	0.00308	0.01321	0.00728	0.00611	0.01415
13	0.01545	0.01758	0.09023	0.01670	0.02087	0.01204	0.01456	0.02004	0.02534	0.03414	0.18240	0.27710	0.17695	0.02716	0.01333	0.00400	0.00750	0.02384	0.01010	0.01067
14	0.03221	0.03545	0.17040	0.10186	0.11702	0.02855	0.06059	0.19213	0.03452	0.08187	0.02447	0.02766	0.01764	0.01176	0.01123	0.00350	0.01419	0.00992	0.00780	0.01723
15	0.01527	0.01160	0.01456	0.01522	0.01775	0.01017	0.01068	0.01808	0.02321	0.03160	0.10523	0.41442	0.11709	0.02951	0.01328	0.00397	0.00659	0.02637	0.01008	0.10532
16	0.02316	0.01650	0.02448	0.06768	0.02840	0.01707	0.05584	0.02789	0.02711	0.10945	0.23352	0.06231	0.10063	0.06532	0.01916	0.00434	0.07879	0.01626	0.00989	0.01221
17	0.02654	0.02540	0.04331	0.17044	0.44317	0.02640	0.03389	0.03339	0.02501	0.03517	0.02094	0.02829	0.01727	0.01027	0.01116	0.00342	0.01370	0.01002	0.00546	0.01677

[dist]
# distance from previous block
# <min> <max>
0	5

[block]
# block no. 3 follows, 11 sequences, length 48
# corresponding to MSA columns:
# 151-198
name=unknown_D
#
# <colnr> <probs for GDERKNQSTAVLIFYWHMCP>
#	G	D	E	R	K	N	Q	S	T	A	V	L	I	F	Y	W	H	M	C	P
0	0.04019	0.02720	0.02971	0.02332	0.03140	0.02953	0.01909	0.35603	0.08724	0.12355	0.03178	0.03125	0.02253	0.01367	0.01093	0.00335	0.01100	0.01054	0.07956	0.01813
1	0.10409	0.03099	0.03153	0.02932	0.09336	0.11862	0.02108	0.21828	0.03805	0.16398	0.02750	0.02769	0.01949	0.01256	0.01066	0.00333	0.01287	0.00951	0.00982	0.01727
2	0.09679	0.19894	0.08138	0.02118	0.02975	0.02855	0.01979	0.03866	0.02469	0.18213	0.02484	0.02588	0.01842	0.01217	0.01247	0.00316	0.08116	0.00832	0.00790	0.08382
3	0.17848	0.03422	0.18966	0.02757	0.03848	0.02489	0.10502	0.04144	0.08469	0.12882	0.02697	0.02842	0.01911	0.01156	0.01050	0.00360	0.01306	0.00973	0.00784	0.01596
4	0.03778	0.01823	0.02267	0.01815	0.02563	0.01646	0.01464	0.04553	0.08870	0.31852	0.04747	0.04402	0.07553	0.01472	0.01080	0.00324	0.00852	0.01203	0.08008	0.09725
5	0.04612	0.02237	0.02765	0.02161	0.03010	0.02181	0.01772	0.14840	0.09566	0.38222	0.04092	0.03639	0.02682	0.01401	0.01132	0.00350	0.01009	0.01124	0.01306	0.01899
6	0.04197	0.03498	0.07946	0.02517	0.03385	0.15384	0.02163	0.17267	0.07337	0.20271	0.03091	0.02975	0.02143	0.01304	0.01097	0.00335	0.01355	0.00983	0.01017	0.01734
7	0.02512	0.01638	0.01954	0.01831	0.02249	0.01627	0.01406	0.13008	0.03096	0.10182	0.05966	0.28381	0.12478	0.02633	0.01323	0.00410	0.00844	0.06075	0.01105	0.01279
8	0.02378	0.01368	0.01753	0.01754	0.02072	0.01313	0.01273	0.02994	0.08436	0.14703	0.05606	0.40267	0.05899	0.02799	0.01332	0.00423	0.00751	0.02496	0.01136	0.01247
9	0.09088	0.02670	0.02961	0.02430	0.03111	0.07637	0.05922	0.22507	0.03674	0.09376	0.03419	0.15593	0.03119	0.01767	0.01167	0.00366	0.01183	0.01484	0.00993	0.01534
10	0.03036	0.37441	0.19971	0.02316	0.03476	0.03564	0.02556	0.03687	0.02428	0.09233	0.02052	0.02223	0.01603	0.01047	0.00875	0.00288	0.01310	0.00735	0.00591	0.01567
11	0.17507	0.08312	0.16917	0.02747	0.06868	0.02583	0.05952	0.03629	0.06526	0.07109	0.02405	0.02783	0.01859	0.02004	0.07711	0.00524	0.01491	0.00914	0.00672	0.01487
12	0.08254	0.02031	0.02981	0.28625	0.05121	0.02325	0.06307	0.08649	0.02653	0.03945	0.02450	0.03135	0.01858	0.01173	0.01029	0.00343	0.01226	0.01007	0.15581	0.01306
13	0.02077	0.07478	0.02091	0.01614	0.02023	0.01467	0.01235	0.02449	0.02595	0.08353	0.18700	0.26276	0.06597	0.02367	0.01227	0.00358	0.00726	0.02080	0.01030	0.09256
14	0.03948	0.03279	0.18319	0.02650	0.03780	0.02216	0.06564	0.08997	0.03123	0.30420	0.03375	0.03226	0.02209	0.01255	0.01130	0.00352	0.01273	0.01049	0.01026	0.01807
15	0.03105	0.21930	0.17235	0.02489	0.03561	0.03449	0.02531	0.15748	0.11497	0.04378	0.02491	0.02593	0.01901	0.01187	0.00988	0.00320	0.01277	0.00882	0.00759	0.01679
16	0.04211	0.03379	0.03163	0.02584	0.03282	0.17080	0.02079	0.21850	0.03825	0.16059	0.02689	0.02749	0.01934	0.01385	0.01412	0.00346	0.08383	0.00960	0.00963	0.01668
17	0.03009	0.61122	0.05898	0.01926	0.02889	0.04454	0.01926	0.03370	0.02287	0.02648	0.01565	0.01805	0.01444	0.00963	0.00722	0.00241	0.01204	0.00602	0.00481	0.01444
18	0.01421	0.01018	0.01351	0.01533	0.01644	0.00948	0.01049	0.01693	0.02388	0.03244	0.16756	0.48099	0.08163	0.03249	0.01412	0.00434	0.00625	0.02936	0.01089	0.00948
19	0.01500	0.01147	0.01375	0.01318	0.01624	0.01022	0.00989	0.01943	0.02966	0.03990	0.38119	0.09268	0.25657	0.02496	0.01328	0.00363	0.00545	0.02156	0.01170	0.01022
20	0.02583	0.02412	0.07350	0.09351	0.09716	0.01877	0.02088	0.03200	0.02429	0.07778	0.02220	0.02600	0.01733	0.00957	0.00949	0.00245	0.01060	0.00802	0.00677	0.39971
21	0.68395	0.02177	0.01654	0.01480	0.02177	0.02525	0.01219	0.03309	0.01915	0.05050	0.01567	0.01828	0.01219	0.01045	0.00697	0.00348	0.00871	0.00609	0.00697	0.01219
22	0.02197	0.01922	0.03056	0.04198	0.27889	0.01879	0.02274	0.02798	0.02870	0.04090	0.27144	0.05560	0.06144	0.01643	0.01219	0.00344	0.00939	0.01512	0.00894	0.01427
23	0.01608	0.01206	0.01809	0.01809	0.02010	0.01407	0.01407	0.02010	0.01809	0.02613	0.03015	0.04422	0.02814	0.08441	0.55984	0.01809	0.03015	0.01206	0.00603	0.01005
24	0.02257	0.05822	0.54613	0.03208	0.04871	0.02614	0.04158	0.03564	0.02376	0.03564	0.02020	0.02376	0.01426	0.01069	0.01069	0.00356	0.01663	0.00832	0.00475	0.01663
25	0.68395	0.02177	0.01654	0.01480	0.02177	0.02525	0.01219	0.03309	0.01915	0.05050	0.01567	0.01828	0.01219	0.01045	0.00697	0.00348	0.00871	0.00609	0.00697	0.01219
26	0.68395	0.02177	0.01654	0.01480	0.02177	0.02525	0.01219	0.03309	0.01915	0.05050	0.01567	0.01828	0.01219	0.01045	0.00697	0.00348	0.00871	0.00609	0.00697	0.01219
27	0.01544	0.01052	0.01255	0.01346	0.01369	0.01029	0.00809	0.01613	0.01817	0.02423	0.04473	0.25621	0.05261	0.40594	0.04232	0.00870	0.00938	0.02182	0.00809	0.00763
28	0.02786	0.02674	0.04568	0.06908	0.53424	0.02674	0.03454	0.03454	0.02563	0.03677	0.02117	0.02786	0.01783	0.01003	0.01114	0.00334	0.01337	0.01003	0.00557	0.01783
29	0.02345	0.01554	0.01880	0.01846	0.02190	0.01584	0.01354	0.07098	0.11771	0.09884	0.05376	0.37464	0.05637	0.02700	0.01317	0.00419	0.00786	0.02393	0.01113	0.01287
30	0.01955	0.00978	0.01466	0.01466	0.01466	0.00978	0.00978	0.01466	0.01466	0.01955	0.01955	0.03421	0.01955	0.03910	0.04399	0.67253	0.00978	0.00978	0.00489	0.00489
31	0.02257	0.05822	0.54613	0.03208	0.04871	0.02614	0.04158	0.03564	0.02376	0.03564	0.02020	0.02376	0.01426	0.01069	0.01069	0.00356	0.01663	0.00832	0.00475	0.01663
32	0.25550	0.01448	0.01263	0.01202	0.01617	0.01571	0.00940	0.02865	0.02203	0.04498	0.02927	0.03359	0.02296	0.01217	0.00755	0.00293	0.00647	0.00894	0.43348	0.01109
33	0.15736	0.02219	0.02608	0.02036	0.02883	0.02188	0.01681	0.14374	0.03432	0.35912	0.03584	0.03251	0.02335	0.01325	0.01056	0.00346	0.01002	0.01018	0.01218	0.01796
34	0.01561	0.01203	0.01631	0.08336	0.02392	0.01181	0.01285	0.01991	0.02693	0.03652	0.27860	0.23073	0.13755	0.02583	0.01335	0.00390	0.00690	0.02291	0.01068	0.01028
35	0.03009	0.61122	0.05898	0.01926	0.02889	0.04454	0.01926	0.03370	0.02287	0.02648	0.01565	0.01805	0.01444	0.00963	0.00722	0.00241	0.01204	0.00602	0.00481	0.01444
36	0.01371	0.00979	0.01306	0.01567	0.01632	0.00914	0.01045	0.01567	0.02155	0.02873	0.06203	0.59710	0.07444	0.03526	0.01437	0.00457	0.00653	0.03200	0.01045	0.00914
37	0.03872	0.01712	0.02126	0.01746	0.02403	0.01610	0.01405	0.04671	0.08856	0.32864	0.04223	0.03988	0.02896	0.01384	0.01028	0.00326	0.00817	0.01124	0.21315	0.01634
38	0.03133	0.02409	0.03862	0.12771	0.15828	0.02490	0.10503	0.04382	0.13705	0.14339	0.03169	0.03402	0.02307	0.01214	0.01163	0.00362	0.01279	0.01146	0.00858	0.01678
39	0.02135	0.01544	0.02343	0.02115	0.02389	0.01647	0.05982	0.02466	0.02130	0.08105	0.03926	0.17689	0.04070	0.13617	0.13815	0.00838	0.08482	0.04795	0.00812	0.01102
40	0.01475	0.01094	0.01384	0.01481	0.01689	0.01003	0.01082	0.01826	0.02610	0.03487	0.22489	0.29427	0.17061	0.02959	0.01391	0.00414	0.00631	0.06409	0.01108	0.00980
41	0.11084	0.01498	0.01798	0.01600	0.02095	0.01422	0.01241	0.03459	0.02675	0.22137	0.10241	0.15925	0.04547	0.01894	0.01103	0.00356	0.00751	0.01597	0.13221	0.01356
42	0.02661	0.02575	0.08463	0.23644	0.05330	0.02470	0.09936	0.07088	0.08662	0.08107	0.02980	0.07874	0.02403	0.01382	0.01181	0.00376	0.01365	0.01265	0.00759	0.01478
43	0.09669	0.02911	0.14021	0.10663	0.04248	0.02334	0.09420	0.03587	0.02491	0.14159	0.03370	0.03633	0.06693	0.01375	0.01346	0.00374	0.06325	0.01132	0.00765	0.01483
44	0.02200	0.01918	0.07521	0.08777	0.02989	0.01730	0.01829	0.02619	0.02115	0.09046	0.03473	0.13803	0.03418	0.14076	0.13741	0.00826	0.06471	0.01534	0.00755	0.01160
45	0.07081	0.07042	0.07277	0.06357	0.11949	0.02123	0.02016	0.02615	0.02323	0.03348	0.09675	0.09671	0.08809	0.08948	0.01868	0.00454	0.05001	0.01463	0.00738	0.01243
46	0.02308	0.15006	0.03067	0.01982	0.02504	0.02136	0.05598	0.02961	0.06681	0.07334	0.16504	0.19617	0.05711	0.02078	0.01190	0.00360	0.00898	0.01832	0.00960	0.01273
47	0.02344	0.08311	0.13245	0.02692	0.03553	0.02161	0.14257	0.03050	0.02660	0.07376	0.13302	0.09597	0.09229	0.01686	0.01216	0.00361	0.01209	0.01557	0.00824	0.01370

[dist]
# distance from previous block
# <min> <max>
3	45

[block]
# block no. 4 follows, 11 sequences, length 24
# corresponding to MSA columns:
# 244-267
name=unknown_E
#
# <colnr> <probs for GDERKNQSTAVLIFYWHMCP>
#	G	D	E	R	K	N	Q	S	T	A	V	L	I	F	Y	W	H	M	C	P
0	0.08609	0.02544	0.03883	0.03427	0.10906	0.02572	0.14598	0.15230	0.03278	0.11138	0.02760	0.03070	0.02021	0.01169	0.01100	0.00341	0.01271	0.01083	0.09379	0.01622
1	0.08422	0.07448	0.12702	0.02185	0.02969	0.02325	0.02049	0.10171	0.07697	0.10518	0.03723	0.17979	0.03459	0.01841	0.01131	0.00372	0.01061	0.01534	0.00925	0.01489
2	0.15724	0.01841	0.02326	0.02075	0.02537	0.01921	0.06431	0.10950	0.02734	0.04169	0.04197	0.31408	0.04549	0.02346	0.01217	0.00405	0.00937	0.02071	0.00938	0.01224
3	0.27776	0.07676	0.07677	0.02894	0.08392	0.02623	0.11177	0.03552	0.02334	0.08293	0.02069	0.02407	0.01571	0.01030	0.00941	0.00331	0.01214	0.00854	0.00677	0.06510
4	0.25829	0.11074	0.07402	0.19770	0.04416	0.02901	0.02267	0.07831	0.02452	0.04087	0.01856	0.02332	0.01428	0.01091	0.00911	0.00341	0.01223	0.00792	0.00627	0.01368
5	0.02416	0.01961	0.02693	0.03139	0.16293	0.01932	0.01883	0.10071	0.03017	0.04232	0.16516	0.09566	0.04914	0.07547	0.01633	0.00408	0.00965	0.01501	0.00900	0.08413
6	0.02356	0.02253	0.03715	0.35775	0.19649	0.02686	0.03120	0.03011	0.02260	0.03072	0.01957	0.02863	0.01575	0.01214	0.01495	0.00381	0.09709	0.00999	0.00515	0.01394
7	0.02403	0.01330	0.01764	0.01553	0.01961	0.01201	0.01201	0.02911	0.03194	0.16151	0.41497	0.07336	0.08785	0.02088	0.01282	0.00353	0.00631	0.01824	0.01275	0.01262
8	0.01498	0.01070	0.01452	0.01713	0.01834	0.01024	0.01266	0.01787	0.02280	0.03015	0.06133	0.46197	0.07166	0.03406	0.01471	0.00475	0.00763	0.15458	0.01042	0.00949
9	0.02257	0.05822	0.54613	0.03208	0.04871	0.02614	0.04158	0.03564	0.02376	0.03564	0.02020	0.02376	0.01426	0.01069	0.01069	0.00356	0.01663	0.00832	0.00475	0.01663
10	0.01371	0.00979	0.01306	0.01567	0.01632	0.00914	0.01045	0.01567	0.02155	0.02873	0.06203	0.59710	0.07444	0.03526	0.01437	0.00457	0.00653	0.03200	0.01045	0.00914
11	0.68395	0.02177	0.01654	0.01480	0.02177	0.02525	0.01219	0.03309	0.01915	0.05050	0.01567	0.01828	0.01219	0.01045	0.00697	0.00348	0.00871	0.00609	0.00697	0.01219
12	0.02903	0.01285	0.01475	0.01309	0.01737	0.01214	0.01023	0.03403	0.02595	0.17830	0.03881	0.04097	0.02858	0.01334	0.00881	0.00286	0.00643	0.01072	0.48889	0.01285
13	0.68395	0.02177	0.01654	0.01480	0.02177	0.02525	0.01219	0.03309	0.01915	0.05050	0.01567	0.01828	0.01219	0.01045	0.00697	0.00348	0.00871	0.00609	0.00697	0.01219
14	0.02536	0.02680	0.04659	0.03633	0.04065	0.03219	0.20241	0.03049	0.02078	0.03049	0.01781	0.02680	0.01565	0.01583	0.02797	0.00450	0.36960	0.01115	0.00522	0.01340
15	0.51124	0.02105	0.01915	0.01623	0.02367	0.02288	0.01338	0.03902	0.02272	0.18451	0.02351	0.02374	0.01646	0.01140	0.00815	0.00348	0.00894	0.00752	0.00886	0.01409
16	0.09970	0.01191	0.01381	0.01474	0.01702	0.01160	0.01051	0.01931	0.02421	0.03570	0.17589	0.34547	0.12283	0.02837	0.01304	0.00410	0.00642	0.02496	0.01048	0.00993
17	0.02334	0.02001	0.02334	0.01667	0.02667	0.01500	0.01334	0.02834	0.02334	0.03668	0.02001	0.02334	0.01667	0.00834	0.00834	0.00167	0.00834	0.00667	0.00667	0.67325
18	0.59204	0.02139	0.01793	0.01556	0.02278	0.02399	0.01282	0.03624	0.02105	0.12181	0.01984	0.02119	0.01446	0.01095	0.00760	0.00348	0.00883	0.00685	0.00798	0.01320
19	0.01388	0.01072	0.01267	0.01367	0.01593	0.00951	0.00968	0.01671	0.02482	0.03191	0.15410	0.31606	0.26882	0.03060	0.01376	0.00409	0.00600	0.02681	0.01074	0.00951
20	0.02304	0.01267	0.01689	0.01601	0.01936	0.01147	0.01191	0.02700	0.02845	0.15260	0.26055	0.24717	0.07764	0.02509	0.01320	0.00388	0.00669	0.02224	0.01208	0.01206
21	0.04091	0.01796	0.02290	0.01857	0.02544	0.01658	0.01494	0.09006	0.03172	0.35735	0.04327	0.09738	0.03212	0.01603	0.01107	0.00345	0.00881	0.01327	0.12153	0.01665
22	0.02295	0.01371	0.01740	0.01757	0.02062	0.01332	0.01270	0.02971	0.09506	0.13142	0.05625	0.40767	0.05955	0.02820	0.01335	0.00425	0.00747	0.02517	0.01127	0.01235
23	0.01881	0.01460	0.02267	0.23006	0.04133	0.01639	0.02050	0.02273	0.02210	0.02873	0.03858	0.15329	0.04027	0.02554	0.01827	0.11122	0.01139	0.14595	0.00747	0.01010

[dist]
# distance from previous block
# <min> <max>
3	14

[block]
# block no. 5 follows, 11 sequences, length 24
# corresponding to MSA columns:
# 282-289,291-306
name=unknown_F
#
# <colnr> <probs for GDERKNQSTAVLIFYWHMCP>
#	G	D	E	R	K	N	Q	S	T	A	V	L	I	F	Y	W	H	M	C	P
0	0.02368	0.17434	0.23612	0.08959	0.04070	0.02833	0.02803	0.03465	0.08269	0.03313	0.02779	0.10187	0.02486	0.01434	0.01052	0.00348	0.01306	0.01167	0.00637	0.01477
1	0.01607	0.01096	0.01396	0.01403	0.01620	0.01025	0.01021	0.02058	0.02830	0.04080	0.35141	0.20090	0.08830	0.02461	0.01281	0.00366	0.00559	0.02182	0.09928	0.01025
2	0.02588	0.02446	0.03112	0.02708	0.02944	0.03206	0.02209	0.03926	0.20206	0.03453	0.02632	0.03109	0.02206	0.01805	0.02745	0.00451	0.36990	0.01092	0.00735	0.01436
3	0.01538	0.01050	0.01257	0.01354	0.01378	0.01025	0.00817	0.01611	0.01830	0.02439	0.04535	0.26844	0.05339	0.39264	0.04132	0.00855	0.00928	0.02218	0.00817	0.00768
4	0.03010	0.02739	0.05126	0.03792	0.04775	0.02676	0.31623	0.04423	0.14363	0.10621	0.03116	0.03420	0.02264	0.01146	0.01258	0.00376	0.01532	0.01289	0.00817	0.01634
5	0.03009	0.61122	0.05898	0.01926	0.02889	0.04454	0.01926	0.03370	0.02287	0.02648	0.01565	0.01805	0.01444	0.00963	0.00722	0.00241	0.01204	0.00602	0.00481	0.01444
6	0.01611	0.01194	0.01750	0.01750	0.01930	0.01375	0.01333	0.01972	0.01791	0.02569	0.03069	0.04721	0.02944	0.13734	0.50869	0.01736	0.02819	0.01250	0.00611	0.00972
7	0.04204	0.05364	0.03190	0.02900	0.03480	0.55926	0.02175	0.04494	0.03190	0.02755	0.01740	0.02030	0.01450	0.01160	0.01015	0.00290	0.02030	0.00725	0.00580	0.01305
8	0.06975	0.02558	0.10071	0.28512	0.05534	0.02282	0.06667	0.03006	0.02353	0.03430	0.05259	0.03068	0.02102	0.01122	0.01067	0.00334	0.01333	0.00987	0.00593	0.12748
9	0.02803	0.18375	0.31002	0.02908	0.04239	0.03216	0.06508	0.11229	0.02862	0.03939	0.02044	0.02342	0.01532	0.01082	0.01014	0.00327	0.01499	0.00843	0.00592	0.01643
10	0.01593	0.01150	0.01504	0.01416	0.01681	0.01062	0.01062	0.02124	0.03186	0.04513	0.52830	0.08407	0.10620	0.02301	0.01327	0.00354	0.00531	0.02035	0.01239	0.01062
11	0.01421	0.01034	0.01339	0.01494	0.01635	0.00953	0.01033	0.01704	0.02436	0.03279	0.17780	0.43252	0.12127	0.03176	0.01401	0.00426	0.00617	0.02851	0.01091	0.00953
12	0.02515	0.03120	0.15363	0.24471	0.05342	0.02689	0.02908	0.07456	0.16789	0.03889	0.02808	0.03178	0.02076	0.01246	0.01118	0.00370	0.01342	0.01040	0.00729	0.01553
13	0.02642	0.03635	0.22643	0.19336	0.05416	0.02609	0.07919	0.06724	0.07132	0.07355	0.02495	0.02923	0.01792	0.01158	0.01127	0.00365	0.01489	0.01006	0.00662	0.01571
14	0.01454	0.01043	0.01380	0.01511	0.01651	0.00969	0.01051	0.01774	0.02539	0.03484	0.23554	0.40619	0.08626	0.03070	0.01396	0.00419	0.00608	0.02766	0.01117	0.00969
15	0.02800	0.02418	0.02545	0.02291	0.02927	0.02800	0.01782	0.05981	0.51390	0.04708	0.04581	0.04199	0.03436	0.01527	0.01145	0.00382	0.00891	0.01273	0.01145	0.01782
16	0.03095	0.01523	0.01967	0.01767	0.02331	0.01352	0.01461	0.03508	0.02861	0.25644	0.06895	0.08245	0.18556	0.02278	0.01302	0.00403	0.00864	0.13354	0.01196	0.01398
17	0.02364	0.02096	0.02731	0.01950	0.02963	0.01624	0.05755	0.02905	0.02364	0.03662	0.02026	0.02399	0.01671	0.00844	0.00879	0.00186	0.00932	0.00728	0.00658	0.61265
18	0.04204	0.05364	0.03190	0.02900	0.03480	0.55926	0.02175	0.04494	0.03190	0.02755	0.01740	0.02030	0.01450	0.01160	0.01015	0.00290	0.02030	0.00725	0.00580	0.01305
19	0.02879	0.01435	0.01917	0.01634	0.02125	0.01282	0.01282	0.03375	0.03199	0.23004	0.34823	0.06704	0.07705	0.01963	0.01255	0.00352	0.00690	0.01699	0.01296	0.01380
20	0.03029	0.01898	0.02779	0.09578	0.03489	0.01848	0.07232	0.08080	0.02961	0.19051	0.05442	0.11857	0.14090	0.01883	0.01234	0.00375	0.01046	0.01652	0.01031	0.01444
21	0.04267	0.02337	0.07864	0.02185	0.03058	0.01862	0.01972	0.08678	0.03230	0.38204	0.04247	0.04769	0.03065	0.01586	0.01181	0.00371	0.01064	0.07059	0.01229	0.01772
22	0.03869	0.04661	0.03036	0.02754	0.03348	0.43247	0.02081	0.04849	0.14693	0.03221	0.02418	0.02548	0.01924	0.01247	0.01046	0.00312	0.01758	0.00856	0.00715	0.01419
23	0.10947	0.01528	0.01893	0.06944	0.02643	0.01618	0.01575	0.02800	0.05851	0.07234	0.04542	0.16269	0.04692	0.09447	0.01827	0.00519	0.00983	0.16616	0.00935	0.01137

[dist]
# distance from previous block
# <min> <max>
0	39

[block]
# block no. 6 follows, 11 sequences, length 21
# corresponding to MSA columns:
# 346-366
name=unknown_G
#
# <colnr> <probs for GDERKNQSTAVLIFYWHMCP>
#	G	D	E	R	K	N	Q	S	T	A	V	L	I	F	Y	W	H	M	C	P
0	0.02481	0.08093	0.03070	0.06454	0.03251	0.02293	0.05547	0.06496	0.12719	0.04107	0.13094	0.04054	0.03868	0.01358	0.01070	0.00302	0.00986	0.01170	0.00873	0.18713
1	0.02689	0.01969	0.02645	0.21205	0.04347	0.01989	0.01990	0.07498	0.02677	0.08937	0.02546	0.03011	0.01915	0.01107	0.00986	0.00287	0.01074	0.00916	0.09854	0.22359
2	0.15019	0.02592	0.09614	0.09026	0.03568	0.02111	0.02004	0.03596	0.06959	0.09060	0.02413	0.02657	0.01809	0.01065	0.00937	0.00292	0.01058	0.00825	0.00744	0.24650
3	0.03023	0.02875	0.10055	0.17179	0.04875	0.02645	0.09030	0.17055	0.03393	0.08400	0.07615	0.03453	0.02670	0.01301	0.01168	0.00358	0.01358	0.01144	0.00835	0.01568
4	0.03356	0.01704	0.02099	0.01837	0.02396	0.01660	0.01477	0.08240	0.06792	0.23117	0.04508	0.11084	0.03754	0.01833	0.01145	0.00365	0.00862	0.06993	0.15280	0.01498
5	0.02151	0.01951	0.03024	0.42954	0.06318	0.02360	0.02679	0.03210	0.09162	0.03336	0.08782	0.03850	0.02921	0.01329	0.01154	0.00373	0.01294	0.01169	0.00683	0.01300
6	0.01595	0.01131	0.01500	0.01528	0.01627	0.01215	0.01051	0.01798	0.01772	0.02453	0.03597	0.11774	0.03880	0.30617	0.28048	0.01347	0.01915	0.01613	0.00686	0.00854
7	0.01535	0.01058	0.01301	0.01399	0.01439	0.01049	0.00873	0.01639	0.01844	0.02474	0.04501	0.26737	0.05249	0.35165	0.07960	0.00909	0.01074	0.02189	0.00812	0.00794
8	0.04138	0.02056	0.02456	0.01941	0.02676	0.02023	0.01585	0.17120	0.03595	0.29270	0.03775	0.03603	0.02566	0.01362	0.01049	0.00325	0.00934	0.01079	0.16738	0.01710
9	0.68395	0.02177	0.01654	0.01480	0.02177	0.02525	0.01219	0.03309	0.01915	0.05050	0.01567	0.01828	0.01219	0.01045	0.00697	0.00348	0.00871	0.00609	0.00697	0.01219
10	0.03242	0.50473	0.05435	0.02048	0.02999	0.04277	0.01965	0.11875	0.02839	0.03465	0.01774	0.01970	0.01531	0.01034	0.00796	0.00259	0.01210	0.00677	0.00600	0.01531
11	0.01955	0.00978	0.01466	0.01466	0.01466	0.00978	0.00978	0.01466	0.01466	0.01955	0.01955	0.03421	0.01955	0.03910	0.04399	0.67253	0.00978	0.00978	0.00489	0.00489
12	0.03308	0.16698	0.07898	0.13372	0.04079	0.02957	0.02292	0.14459	0.03148	0.12709	0.02774	0.06659	0.02211	0.01347	0.01047	0.00334	0.01229	0.01069	0.00833	0.01579
13	0.25029	0.10113	0.02653	0.01840	0.02498	0.02377	0.01535	0.03771	0.02412	0.20448	0.03082	0.09725	0.02560	0.01529	0.01169	0.00358	0.05405	0.01132	0.00923	0.01443
14	0.01487	0.01079	0.01478	0.01583	0.01735	0.01070	0.01135	0.01822	0.02351	0.03254	0.18030	0.32814	0.07208	0.04356	0.14287	0.00748	0.01178	0.02415	0.00993	0.00975
15	0.25367	0.15904	0.02824	0.01628	0.02413	0.02493	0.01396	0.03028	0.02295	0.04025	0.08774	0.02873	0.02696	0.01140	0.00828	0.00273	0.00892	0.00821	0.00712	0.19616
16	0.10398	0.03124	0.17127	0.07572	0.03861	0.02217	0.02480	0.07540	0.02905	0.26995	0.03123	0.03065	0.02066	0.01239	0.01069	0.00352	0.01216	0.00974	0.00964	0.01712
17	0.02093	0.01348	0.01824	0.01781	0.01976	0.01425	0.01313	0.02360	0.02233	0.09975	0.08492	0.27944	0.05366	0.09804	0.09032	0.00678	0.08204	0.02120	0.00945	0.01090
18	0.01557	0.01161	0.01495	0.01545	0.01787	0.01030	0.01089	0.01874	0.02423	0.03370	0.16632	0.39664	0.07395	0.02865	0.01327	0.00393	0.00649	0.02575	0.01038	0.10130
19	0.03088	0.11071	0.18675	0.03034	0.08407	0.03140	0.02757	0.17175	0.13047	0.04696	0.02680	0.02801	0.02004	0.01222	0.01061	0.00339	0.01298	0.00959	0.00804	0.01742
20	0.17742	0.02734	0.08072	0.02821	0.10011	0.02532	0.02154	0.10938	0.10923	0.16552	0.03022	0.03002	0.02150	0.01246	0.01030	0.00351	0.01092	0.00976	0.00954	0.01698

[dist]
# distance from previous block
# <min> <max>
0	9

[block]
# block no. 7 follows, 11 sequences, length 32
# corresponding to MSA columns:
# 376-407
name=unknown_H
#
# <colnr> <probs for GDERKNQSTAVLIFYWHMCP>
#	G	D	E	R	K	N	Q	S	T	A	V	L	I	F	Y	W	H	M	C	P
0	0.40037	0.17601	0.03004	0.01770	0.02491	0.03033	0.01550	0.03463	0.02110	0.08512	0.01810	0.02052	0.01437	0.01134	0.01001	0.00333	0.05952	0.00686	0.00683	0.01340
1	0.10417	0.03186	0.10856	0.02621	0.03351	0.03162	0.02386	0.20428	0.08794	0.04925	0.02370	0.02664	0.01823	0.01455	0.01738	0.00387	0.16048	0.00963	0.00818	0.01607
2	0.01609	0.01176	0.01654	0.01634	0.01819	0.01283	0.01221	0.01979	0.02088	0.02969	0.14135	0.05750	0.04737	0.14942	0.36275	0.01378	0.02174	0.01455	0.00756	0.00969
3	0.03009	0.61122	0.05898	0.01926	0.02889	0.04454	0.01926	0.03370	0.02287	0.02648	0.01565	0.01805	0.01444	0.00963	0.00722	0.00241	0.01204	0.00602	0.00481	0.01444
4	0.01424	0.01054	0.01337	0.01510	0.01673	0.00968	0.01072	0.01699	0.02382	0.03127	0.12350	0.40989	0.16342	0.03229	0.01414	0.00436	0.00654	0.06327	0.01066	0.00947
5	0.01417	0.01094	0.01294	0.01349	0.01600	0.00971	0.00972	0.01743	0.02613	0.03403	0.21444	0.25220	0.27029	0.02904	0.01362	0.00396	0.00585	0.02534	0.01100	0.00971
6	0.01371	0.00979	0.01306	0.01567	0.01632	0.00914	0.01045	0.01567	0.02155	0.02873	0.06203	0.59710	0.07444	0.03526	0.01437	0.00457	0.00653	0.03200	0.01045	0.00914
7	0.03290	0.02555	0.02742	0.02341	0.03054	0.02884	0.01856	0.16066	0.37541	0.08521	0.04137	0.03828	0.03041	0.01477	0.01140	0.00369	0.00976	0.01203	0.01157	0.01821
8	0.04562	0.02698	0.03096	0.02374	0.03263	0.02815	0.01961	0.33420	0.04530	0.24420	0.03342	0.03117	0.02235	0.01367	0.01128	0.00342	0.01135	0.01057	0.01224	0.01915
9	0.02371	0.14182	0.47249	0.03014	0.04572	0.02892	0.03821	0.03535	0.02363	0.03426	0.01951	0.02290	0.01429	0.01053	0.01017	0.00339	0.01594	0.00797	0.00476	0.01630
10	0.03239	0.02636	0.02793	0.02379	0.03094	0.03005	0.01888	0.18969	0.37686	0.05417	0.04022	0.03754	0.02983	0.01475	0.01140	0.00369	0.00994	0.01195	0.01140	0.01821
11	0.01360	0.01141	0.01182	0.01172	0.01539	0.00963	0.00879	0.01673	0.02636	0.03208	0.16113	0.10556	0.48151	0.02788	0.01330	0.00377	0.00566	0.02337	0.01067	0.00963
12	0.01608	0.01206	0.01809	0.01809	0.02010	0.01407	0.01407	0.02010	0.01809	0.02613	0.03015	0.04422	0.02814	0.08441	0.55984	0.01809	0.03015	0.01206	0.00603	0.01005
13	0.03980	0.16501	0.03894	0.02513	0.03355	0.15599	0.02100	0.29162	0.04149	0.05124	0.02232	0.02351	0.01705	0.01222	0.01011	0.00305	0.01410	0.00857	0.00859	0.01672
14	0.02045	0.01394	0.02021	0.01806	0.02201	0.01251	0.04799	0.02480	0.02725	0.09303	0.23394	0.24376	0.07220	0.02386	0.01300	0.00374	0.00749	0.02158	0.01089	0.06929
15	0.10062	0.18774	0.16088	0.02303	0.03322	0.03056	0.02350	0.08369	0.02559	0.03821	0.01873	0.02200	0.01511	0.01105	0.01128	0.00300	0.06209	0.00749	0.00610	0.13611
16	0.09657	0.11278	0.04005	0.02620	0.03552	0.02626	0.12279	0.09583	0.03076	0.25546	0.03078	0.03045	0.02108	0.01194	0.01075	0.00338	0.01228	0.01036	0.00981	0.01695
17	0.02854	0.02073	0.03804	0.02994	0.03714	0.01984	0.19418	0.03488	0.02593	0.15415	0.03570	0.05143	0.03005	0.03075	0.13431	0.00712	0.01777	0.08677	0.00851	0.01419
18	0.17171	0.02985	0.12816	0.12465	0.11831	0.02564	0.07949	0.07250	0.02499	0.03987	0.02015	0.02603	0.01561	0.01289	0.01289	0.05418	0.01349	0.00920	0.00609	0.01431
19	0.03122	0.02668	0.03928	0.22612	0.12789	0.02951	0.08047	0.21218	0.03525	0.04718	0.02322	0.02856	0.01727	0.01174	0.01147	0.00355	0.01419	0.01043	0.00760	0.01619
20	0.01371	0.00979	0.01306	0.01567	0.01632	0.00914	0.01045	0.01567	0.02155	0.02873	0.06203	0.59710	0.07444	0.03526	0.01437	0.00457	0.00653	0.03200	0.01045	0.00914
21	0.02128	0.01174	0.01530	0.01558	0.01812	0.01138	0.01140	0.02467	0.02304	0.10883	0.04844	0.29742	0.04958	0.03532	0.10341	0.00623	0.01064	0.02078	0.15572	0.01111
22	0.03156	0.03791	0.21134	0.12557	0.12090	0.08454	0.03099	0.03964	0.02663	0.14596	0.02536	0.02825	0.01796	0.01151	0.01093	0.00347	0.01472	0.00940	0.00707	0.01628
23	0.02175	0.01149	0.01293	0.01227	0.01484	0.01113	0.00880	0.02577	0.02399	0.08134	0.11142	0.05503	0.04313	0.14572	0.01994	0.00467	0.00689	0.01336	0.36507	0.01045
24	0.01330	0.01140	0.01140	0.01140	0.01520	0.00950	0.00855	0.01615	0.02565	0.03041	0.11402	0.10832	0.52967	0.02850	0.01330	0.00380	0.00570	0.02375	0.01045	0.00950
25	0.03163	0.02397	0.03830	0.11004	0.29398	0.02545	0.02868	0.03726	0.02546	0.14637	0.02522	0.02993	0.01927	0.01249	0.01509	0.00366	0.09896	0.01028	0.00726	0.01668
26	0.02983	0.02635	0.04779	0.03620	0.04289	0.02872	0.23913	0.03584	0.02403	0.11707	0.02340	0.02955	0.01802	0.01404	0.02177	0.00416	0.22798	0.01168	0.00678	0.01477
27	0.02536	0.01245	0.01517	0.01415	0.01777	0.01160	0.01071	0.02982	0.02648	0.15087	0.12322	0.15002	0.04962	0.01898	0.01071	0.00332	0.00645	0.01623	0.29488	0.01218
28	0.01371	0.00979	0.01306	0.01567	0.01632	0.00914	0.01045	0.01567	0.02155	0.02873	0.06203	0.59710	0.07444	0.03526	0.01437	0.00457	0.00653	0.03200	0.01045	0.00914
29	0.02915	0.02703	0.04539	0.18305	0.18420	0.02856	0.14982	0.13588	0.03113	0.04212	0.02259	0.02887	0.01721	0.01097	0.01175	0.00357	0.01502	0.01089	0.00672	0.01608
30	0.02477	0.08673	0.03068	0.02488	0.10365	0.02006	0.01720	0.02987	0.02363	0.03556	0.01970	0.02343	0.01660	0.00874	0.00864	0.00200	0.00951	0.00710	0.00630	0.50095
31	0.13760	0.15832	0.03266	0.08075	0.03320	0.10673	0.01773	0.03289	0.02374	0.03443	0.01791	0.02158	0.01491	0.00979	0.00845	0.00255	0.01177	0.00688	0.00599	0.24210

[dist]
# distance from previous block
# <min> <max>
0	4

[block]
# block no. 8 follows, 11 sequences, length 26
# corresponding to MSA columns:
# 412-437
name=unknown_I
#
# <colnr> <probs for GDERKNQSTAVLIFYWHMCP>
#	G	D	E	R	K	N	Q	S	T	A	V	L	I	F	Y	W	H	M	C	P
0	0.53519	0.02115	0.01879	0.01603	0.02340	0.02320	0.01321	0.03820	0.02222	0.16593	0.02242	0.02299	0.01587	0.01127	0.00799	0.00348	0.00891	0.00732	0.00860	0.01383
1	0.02012	0.01370	0.01862	0.01966	0.06733	0.01261	0.01324	0.02518	0.03056	0.09094	0.38331	0.07712	0.14054	0.02154	0.01288	0.00355	0.00654	0.01889	0.01166	0.01201
2	0.04106	0.01667	0.02196	0.01759	0.02448	0.01474	0.01426	0.04569	0.03059	0.39240	0.09900	0.04428	0.03711	0.01483	0.01091	0.00333	0.00829	0.01221	0.13404	0.01657
3	0.01494	0.01043	0.01463	0.01626	0.01723	0.01059	0.01140	0.01682	0.01991	0.02712	0.04899	0.38748	0.05614	0.04947	0.17083	0.07234	0.01349	0.02425	0.00867	0.00899
4	0.01479	0.01113	0.01368	0.01374	0.01629	0.01003	0.01004	0.01877	0.02814	0.03794	0.32482	0.19441	0.21118	0.02694	0.01350	0.00382	0.00566	0.02361	0.01149	0.01003
5	0.05050	0.01915	0.02612	0.02003	0.02873	0.01654	0.01654	0.05485	0.03221	0.54203	0.04440	0.03831	0.02786	0.01393	0.01132	0.00348	0.00958	0.01132	0.01393	0.01915
6	0.04981	0.02025	0.02680	0.02055	0.02928	0.01817	0.01697	0.09409	0.03405	0.50020	0.04286	0.03731	0.02709	0.01389	0.01131	0.00347	0.00983	0.01121	0.01369	0.01915
7	0.02786	0.02674	0.04568	0.06908	0.53424	0.02674	0.03454	0.03454	0.02563	0.03677	0.02117	0.02786	0.01783	0.01003	0.01114	0.00334	0.01337	0.01003	0.00557	0.01783
8	0.03513	0.02743	0.03377	0.22212	0.05007	0.03138	0.02490	0.33021	0.04210	0.05593	0.02453	0.02808	0.01767	0.01271	0.01126	0.00351	0.01332	0.01009	0.00903	0.01678
9	0.01699	0.01340	0.01983	0.01931	0.02110	0.01624	0.01519	0.02084	0.01800	0.02623	0.02851	0.04213	0.02672	0.07753	0.50424	0.01669	0.08903	0.01182	0.00591	0.01029
10	0.01608	0.01206	0.01809	0.01809	0.02010	0.01407	0.01407	0.02010	0.01809	0.02613	0.03015	0.04422	0.02814	0.08441	0.55984	0.01809	0.03015	0.01206	0.00603	0.01005
11	0.01637	0.01091	0.01228	0.01228	0.01228	0.01091	0.00682	0.01637	0.01637	0.02182	0.03546	0.07365	0.04092	0.60445	0.05729	0.01091	0.01091	0.01637	0.00682	0.00682
12	0.68395	0.02177	0.01654	0.01480	0.02177	0.02525	0.01219	0.03309	0.01915	0.05050	0.01567	0.01828	0.01219	0.01045	0.00697	0.00348	0.00871	0.00609	0.00697	0.01219
13	0.01593	0.01150	0.01504	0.01416	0.01681	0.01062	0.01062	0.02124	0.03186	0.04513	0.52830	0.08407	0.10620	0.02301	0.01327	0.00354	0.00531	0.02035	0.01239	0.01062
14	0.68395	0.02177	0.01654	0.01480	0.02177	0.02525	0.01219	0.03309	0.01915	0.05050	0.01567	0.01828	0.01219	0.01045	0.00697	0.00348	0.00871	0.00609	0.00697	0.01219
15	0.68395	0.02177	0.01654	0.01480	0.02177	0.02525	0.01219	0.03309	0.01915	0.05050	0.01567	0.01828	0.01219	0.01045	0.00697	0.00348	0.00871	0.00609	0.00697	0.01219
16	0.60759	0.02293	0.01860	0.01612	0.02333	0.02640	0.01329	0.08830	0.02318	0.05293	0.01702	0.01932	0.01302	0.01081	0.00748	0.00347	0.00914	0.00658	0.00748	0.01302
17	0.02401	0.01986	0.02228	0.02155	0.02636	0.02225	0.01704	0.04606	0.34140	0.04179	0.05095	0.12636	0.04620	0.02133	0.01276	0.00423	0.00898	0.12047	0.01108	0.01505
18	0.04096	0.02818	0.03408	0.03897	0.20802	0.12011	0.02385	0.04587	0.02983	0.26918	0.03124	0.03131	0.02186	0.01213	0.01104	0.00333	0.01289	0.01011	0.00949	0.01756
19	0.11001	0.02473	0.02749	0.02210	0.03017	0.02626	0.01799	0.20060	0.15083	0.21691	0.03590	0.03329	0.02482	0.01374	0.01087	0.00353	0.01026	0.01070	0.01172	0.01809
20	0.01637	0.01091	0.01228	0.01228	0.01228	0.01091	0.00682	0.01637	0.01637	0.02182	0.03546	0.07365	0.04092	0.60445	0.05729	0.01091	0.01091	0.01637	0.00682	0.00682
21	0.02716	0.01888	0.02719	0.25470	0.04756	0.02104	0.02257	0.03768	0.10890	0.13322	0.08327	0.05045	0.03557	0.01596	0.01201	0.00386	0.01143	0.06513	0.00918	0.01425
22	0.03628	0.02701	0.04074	0.08984	0.13687	0.02781	0.11250	0.19626	0.03607	0.14098	0.02766	0.03018	0.01972	0.01196	0.01163	0.00350	0.01354	0.01091	0.00903	0.01752
23	0.01832	0.01141	0.01560	0.01641	0.01840	0.01101	0.01178	0.02130	0.02324	0.08473	0.10826	0.37645	0.06463	0.04063	0.11440	0.00683	0.01106	0.02478	0.01023	0.01054
24	0.01746	0.01120	0.01366	0.01305	0.01569	0.01058	0.00979	0.02275	0.02936	0.04417	0.37920	0.07130	0.08274	0.02001	0.01163	0.00326	0.00529	0.01736	0.21091	0.01058
25	0.02777	0.10826	0.25160	0.07843	0.14983	0.02754	0.06950	0.03675	0.02508	0.08816	0.02262	0.02647	0.01676	0.01072	0.01069	0.00340	0.01471	0.00924	0.00600	0.01648

[dist]
# distance from previous block
# <min> <max>
0	2

[block]
# block no. 9 follows, 11 sequences, length 14
# corresponding to MSA columns:
# 440-453
name=unknown_J
#
# <colnr> <probs for GDERKNQSTAVLIFYWHMCP>
#	G	D	E	R	K	N	Q	S	T	A	V	L	I	F	Y	W	H	M	C	P
0	0.02935	0.39265	0.11678	0.02168	0.03071	0.11262	0.02137	0.03378	0.02361	0.02740	0.01859	0.02497	0.01719	0.07219	0.01335	0.00352	0.01374	0.00759	0.00516	0.01375
1	0.49814	0.02070	0.01798	0.01638	0.02255	0.02401	0.01323	0.03487	0.08662	0.04652	0.02188	0.02526	0.01752	0.02176	0.08718	0.00563	0.01182	0.00786	0.00744	0.01265
2	0.02638	0.10364	0.02672	0.06115	0.02808	0.02244	0.01582	0.09545	0.09274	0.09215	0.10141	0.06013	0.19198	0.01868	0.01154	0.00348	0.00903	0.01525	0.00999	0.01394
3	0.01554	0.01056	0.01252	0.01333	0.01354	0.01036	0.00795	0.01615	0.01798	0.02398	0.04375	0.23685	0.05137	0.42699	0.04391	0.00893	0.00955	0.02124	0.00795	0.00754
4	0.03001	0.04050	0.26450	0.09197	0.11689	0.02713	0.03294	0.13534	0.03090	0.08763	0.02393	0.02700	0.01711	0.01155	0.01099	0.00350	0.01446	0.00940	0.00711	0.01714
5	0.02183	0.01368	0.01605	0.01480	0.01845	0.01365	0.01131	0.03107	0.10233	0.08108	0.27055	0.06156	0.06610	0.01817	0.01122	0.00330	0.00615	0.01554	0.21086	0.01230
6	0.02884	0.11960	0.24236	0.08302	0.11957	0.03062	0.03200	0.13835	0.03037	0.04189	0.02124	0.02490	0.01599	0.01113	0.01046	0.00335	0.01441	0.00882	0.00637	0.01671
7	0.02231	0.01755	0.02649	0.19744	0.04147	0.01862	0.05567	0.03074	0.07331	0.08153	0.18211	0.05787	0.11366	0.01741	0.01229	0.00368	0.01024	0.01544	0.00930	0.01286
8	0.01540	0.01110	0.01457	0.01452	0.01670	0.01027	0.01058	0.01991	0.02940	0.04122	0.41700	0.20653	0.09862	0.02593	0.01354	0.00379	0.00560	0.02313	0.01193	0.01027
9	0.03642	0.09331	0.03750	0.03900	0.22302	0.02508	0.02378	0.08352	0.02928	0.20434	0.02862	0.03051	0.02098	0.01365	0.01306	0.05055	0.01161	0.00997	0.00873	0.01707
10	0.02334	0.02709	0.10759	0.03812	0.15543	0.02242	0.12994	0.03375	0.07843	0.04000	0.17365	0.04593	0.04498	0.01438	0.01222	0.00358	0.01223	0.01386	0.00811	0.01494
11	0.01475	0.01137	0.01293	0.01259	0.01540	0.01013	0.00910	0.01814	0.02670	0.03483	0.26199	0.09401	0.29649	0.10931	0.01962	0.00472	0.00630	0.02138	0.01067	0.00955
12	0.07918	0.15489	0.12077	0.02626	0.03557	0.07196	0.06780	0.14867	0.03167	0.04274	0.02602	0.03744	0.02255	0.01390	0.01070	0.00346	0.01369	0.07004	0.00748	0.01520
13	0.02942	0.56155	0.10273	0.02041	0.03067	0.04288	0.02126	0.03388	0.02295	0.02730	0.01606	0.01857	0.01443	0.00972	0.00753	0.00251	0.01245	0.00622	0.00481	0.01464

[dist]
# distance from previous block
# <min> <max>
0	1

[block]
# block no. 10 follows, 11 sequences, length 14
# corresponding to MSA columns:
# 455-468
name=unknown_K
#
# <colnr> <probs for GDERKNQSTAVLIFYWHMCP>
#	G	D	E	R	K	N	Q	S	T	A	V	L	I	F	Y	W	H	M	C	P
0	0.52539	0.02111	0.01894	0.01611	0.02351	0.02307	0.01328	0.03853	0.02242	0.17353	0.02286	0.02330	0.01611	0.01132	0.00805	0.00348	0.00892	0.00740	0.00871	0.01393
1	0.04002	0.02416	0.03155	0.03118	0.12972	0.02429	0.02119	0.19926	0.03798	0.23215	0.08076	0.03680	0.03048	0.01389	0.01145	0.00342	0.01088	0.01153	0.01121	0.01806
2	0.26290	0.02818	0.02786	0.02209	0.03039	0.03159	0.01823	0.33755	0.04133	0.06392	0.02313	0.02402	0.01675	0.01246	0.00979	0.00341	0.01112	0.00875	0.00979	0.01675
