[name]
unknown

[dist]
# distance from previous block
# <min> <max>
0	841

[block]
# block no. 0 follows, 10 sequences, length 15
# corresponding to MSA columns:
# 841-855
name=unknown_A
#
# <colnr> <probs for GDERKNQSTAVLIFYWHMCP>
#	G	D	E	R	K	N	Q	S	T	A	V	L	I	F	Y	W	H	M	C	P
0	0.02221	0.01734	0.02132	0.02219	0.02619	0.01868	0.01863	0.03694	0.18715	0.03952	0.05673	0.10129	0.05623	0.02656	0.01462	0.00487	0.01020	0.29492	0.01109	0.01333
1	0.01872	0.01230	0.01792	0.01756	0.01847	0.01392	0.01285	0.01865	0.01703	0.02391	0.02603	0.04264	0.02561	0.10626	0.26423	0.27988	0.05848	0.01172	0.00574	0.00808
2	0.01517	0.01184	0.01376	0.01328	0.01659	0.01043	0.00996	0.01946	0.02988	0.03943	0.32550	0.09875	0.30131	0.02647	0.01373	0.00379	0.00568	0.02270	0.01185	0.01043
3	0.02400	0.03590	0.20115	0.25603	0.10426	0.02703	0.11859	0.03391	0.02473	0.03410	0.02137	0.02882	0.01590	0.01100	0.01182	0.00379	0.01666	0.01041	0.00527	0.01527
4	0.02566	0.04519	0.31117	0.03157	0.04458	0.02791	0.07956	0.04538	0.18599	0.04090	0.03016	0.03168	0.02211	0.01253	0.01159	0.00380	0.01472	0.01068	0.00737	0.01745
5	0.01478	0.01108	0.01371	0.01463	0.01674	0.01001	0.01037	0.01811	0.02662	0.03539	0.21684	0.31371	0.19398	0.03079	0.01423	0.00420	0.00615	0.02724	0.01142	0.01001
6	0.02739	0.08100	0.02613	0.02016	0.02614	0.02630	0.01606	0.05057	0.33345	0.04516	0.04182	0.04082	0.03198	0.01463	0.01048	0.00349	0.00862	0.01187	0.16771	0.01621
7	0.01470	0.01169	0.01320	0.01309	0.01637	0.01018	0.00972	0.01844	0.02837	0.03647	0.24811	0.13983	0.34257	0.02806	0.01382	0.00390	0.00582	0.02401	0.01148	0.01018
8	0.03764	0.35702	0.08803	0.02126	0.03148	0.03461	0.02084	0.04243	0.02700	0.19822	0.02668	0.02627	0.01963	0.01155	0.00920	0.00296	0.01196	0.00828	0.00818	0.01677
9	0.45202	0.03532	0.19211	0.02138	0.03198	0.02640	0.02294	0.03509	0.02141	0.04695	0.01779	0.02082	0.01332	0.01088	0.00851	0.00363	0.01179	0.00708	0.00642	0.01416
10	0.01803	0.01088	0.01352	0.01352	0.01352	0.01088	0.00809	0.01631	0.01631	0.02175	0.03105	0.06223	0.03476	0.40366	0.05452	0.23275	0.01088	0.01459	0.00637	0.00637
11	0.03675	0.02496	0.04032	0.05412	0.35217	0.02404	0.02936	0.04284	0.02880	0.20445	0.03005	0.03246	0.02195	0.01174	0.01158	0.00350	0.01248	0.01082	0.00870	0.01889
12	0.03710	0.04197	0.20385	0.02894	0.04093	0.03298	0.02921	0.32903	0.04442	0.06088	0.02552	0.02678	0.01806	0.01297	0.01144	0.00356	0.01429	0.00983	0.00934	0.01890
13	0.01890	0.02871	0.19316	0.02362	0.03084	0.01879	0.02422	0.02624	0.02069	0.03035	0.02765	0.03849	0.02419	0.06128	0.36327	0.01358	0.02640	0.01114	0.00578	0.01270
14	0.04376	0.02374	0.04117	0.03034	0.04028	0.02129	0.17354	0.05006	0.03130	0.36006	0.03827	0.03679	0.02500	0.01283	0.01239	0.00371	0.01320	0.01239	0.01150	0.01839

[dist]
# distance from previous block
# <min> <max>
0	5

[block]
# block no. 1 follows, 10 sequences, length 16
# corresponding to MSA columns:
# 861-876
name=unknown_B
#
# <colnr> <probs for GDERKNQSTAVLIFYWHMCP>
#	G	D	E	R	K	N	Q	S	T	A	V	L	I	F	Y	W	H	M	C	P
0	0.02777	0.02981	0.04878	0.20633	0.11464	0.08438	0.20582	0.03753	0.06070	0.03488	0.02357	0.03070	0.01808	0.01110	0.01233	0.00375	0.01707	0.01157	0.00609	0.01510
1	0.02342	0.02267	0.03519	0.34072	0.05939	0.02993	0.02944	0.02899	0.02098	0.02899	0.01841	0.02868	0.01540	0.01527	0.02272	0.00438	0.24715	0.01027	0.00513	0.01284
2	0.02684	0.02034	0.02626	0.02105	0.02850	0.01910	0.04963	0.03955	0.15052	0.09677	0.15153	0.04681	0.04603	0.01493	0.01143	0.00315	0.00897	0.01304	0.01038	0.21518
3	0.02705	0.02064	0.02314	0.01976	0.02533	0.02188	0.01557	0.17001	0.12352	0.05389	0.24373	0.06300	0.10413	0.01980	0.01274	0.00368	0.00845	0.01665	0.01209	0.01494
4	0.01503	0.01113	0.01403	0.01479	0.01687	0.01013	0.01053	0.01863	0.02735	0.03690	0.25630	0.29880	0.16660	0.03006	0.01419	0.00415	0.00608	0.02667	0.01161	0.01013
5	0.30035	0.02517	0.02236	0.01807	0.02652	0.07789	0.01448	0.03528	0.02397	0.07980	0.02041	0.02275	0.01592	0.01033	0.00846	0.00279	0.01022	0.00707	0.00749	0.27068
6	0.12243	0.06862	0.03499	0.02620	0.03477	0.15645	0.05967	0.17573	0.03593	0.07514	0.02306	0.02502	0.01740	0.01189	0.01038	0.00317	0.01426	0.00890	0.00839	0.08760
7	0.01847	0.01417	0.01953	0.18254	0.03348	0.01577	0.01484	0.02086	0.01887	0.02476	0.03172	0.06220	0.03402	0.41245	0.04452	0.00899	0.01258	0.01488	0.00647	0.00886
8	0.02935	0.42156	0.05313	0.02318	0.03006	0.04281	0.02161	0.03272	0.02184	0.02756	0.01589	0.02075	0.01503	0.01316	0.01693	0.00329	0.18443	0.00744	0.00501	0.01425
9	0.02573	0.02293	0.03373	0.24923	0.05338	0.02332	0.06322	0.07993	0.02743	0.03833	0.02172	0.02806	0.01683	0.01057	0.01066	0.00301	0.01292	0.00933	0.00661	0.26307
10	0.02269	0.01878	0.02893	0.02551	0.03026	0.01912	0.10165	0.07662	0.05796	0.03790	0.04586	0.16179	0.04719	0.07102	0.06443	0.00629	0.01366	0.14840	0.00934	0.01261
11	0.02058	0.01632	0.02333	0.03079	0.16878	0.01632	0.01588	0.02271	0.01987	0.02732	0.03209	0.06151	0.03492	0.41206	0.04449	0.00886	0.01206	0.01489	0.00665	0.01056
12	0.03682	0.04471	0.03355	0.19449	0.04957	0.38455	0.02550	0.04128	0.02997	0.02885	0.01881	0.02407	0.01514	0.01187	0.01084	0.00327	0.01929	0.00837	0.00574	0.01331
13	0.04455	0.02337	0.03983	0.02943	0.03928	0.02089	0.15880	0.05069	0.03149	0.37576	0.03899	0.03705	0.02535	0.01298	0.01232	0.00370	0.01289	0.01232	0.01177	0.01853
14	0.02590	0.01427	0.01689	0.01485	0.02021	0.01219	0.01162	0.02961	0.02931	0.18591	0.13922	0.08685	0.31968	0.02418	0.01311	0.00380	0.00708	0.02019	0.01213	0.01302
15	0.03610	0.02338	0.02651	0.02275	0.03007	0.02528	0.01800	0.06022	0.35444	0.19614	0.04689	0.04222	0.03343	0.01535	0.01179	0.00384	0.00942	0.01270	0.01262	0.01884

[dist]
# distance from previous block
# <min> <max>
0	2

[block]
# block no. 2 follows, 10 sequences, length 24
# corresponding to MSA columns:
# 879-902
name=unknown_C
#
# <colnr> <probs for GDERKNQSTAVLIFYWHMCP>
#	G	D	E	R	K	N	Q	S	T	A	V	L	I	F	Y	W	H	M	C	P
0	0.30105	0.04196	0.02647	0.02396	0.03045	0.33256	0.01843	0.04143	0.02758	0.03816	0.01725	0.02012	0.01401	0.01150	0.00914	0.00324	0.01608	0.00700	0.00649	0.01312
1	0.67341	0.02249	0.01709	0.01529	0.02249	0.02609	0.01260	0.03419	0.01979	0.05218	0.01619	0.01889	0.01260	0.01080	0.00720	0.00360	0.00900	0.00630	0.00720	0.01260
2	0.04286	0.03191	0.03415	0.02649	0.03555	0.03544	0.02178	0.44307	0.09374	0.07113	0.02963	0.02929	0.02117	0.01412	0.01165	0.00353	0.01248	0.01071	0.01165	0.01966
3	0.40988	0.02351	0.02086	0.01872	0.02566	0.02725	0.01497	0.04548	0.21521	0.05074	0.02893	0.02891	0.02196	0.01283	0.00909	0.00374	0.00908	0.00910	0.00909	0.01497
4	0.29238	0.02553	0.03489	0.04845	0.31580	0.02700	0.02625	0.03508	0.02375	0.04380	0.01955	0.02474	0.01604	0.01054	0.00975	0.00351	0.01185	0.00870	0.00635	0.01604
5	0.04747	0.02735	0.03167	0.02428	0.03346	0.02831	0.02006	0.30686	0.04593	0.25873	0.03527	0.03269	0.02346	0.01414	0.01166	0.00353	0.01161	0.01097	0.01276	0.01978
6	0.03522	0.05736	0.23661	0.03127	0.04184	0.33293	0.03085	0.04251	0.02952	0.03189	0.01916	0.02244	0.01488	0.01160	0.01072	0.00328	0.01943	0.00794	0.00555	0.01500
7	0.02946	0.01506	0.01800	0.01543	0.02143	0.01279	0.01221	0.03304	0.02928	0.23397	0.08840	0.08235	0.31559	0.02330	0.01291	0.00379	0.00753	0.01929	0.01227	0.01390
8	0.01736	0.01444	0.02224	0.23992	0.04273	0.01615	0.01959	0.02172	0.02267	0.02970	0.04634	0.35768	0.05181	0.02629	0.01353	0.00438	0.01033	0.02377	0.00849	0.01087
9	0.02511	0.35848	0.04238	0.01775	0.02475	0.03169	0.01625	0.02956	0.02743	0.03525	0.21916	0.04655	0.05370	0.01560	0.01002	0.00297	0.00960	0.01228	0.00818	0.01331
10	0.03622	0.04298	0.23722	0.02896	0.04147	0.03107	0.03030	0.26986	0.04090	0.08933	0.02627	0.02734	0.01833	0.01280	0.01140	0.00358	0.01440	0.00979	0.00907	0.01872
11	0.01486	0.01183	0.01332	0.01295	0.01639	0.01029	0.00971	0.01884	0.02913	0.03764	0.27924	0.10169	0.34869	0.02713	0.01373	0.00382	0.00573	0.02311	0.01162	0.01029
12	0.03415	0.01450	0.01744	0.01487	0.02015	0.01340	0.01180	0.03920	0.02803	0.24103	0.04119	0.04182	0.02939	0.01390	0.00959	0.00307	0.00725	0.01119	0.39354	0.01450
13	0.01826	0.01080	0.01369	0.01369	0.01369	0.01080	0.00830	0.01619	0.01619	0.02159	0.02992	0.05944	0.03325	0.36601	0.05358	0.27721	0.01080	0.01413	0.00623	0.00623
14	0.02156	0.01724	0.01994	0.01833	0.02264	0.01832	0.01401	0.03824	0.22297	0.04746	0.32233	0.06910	0.07938	0.02051	0.01295	0.00378	0.00701	0.01781	0.01241	0.01401
15	0.02000	0.01910	0.03650	0.03008	0.03546	0.01796	0.20192	0.02550	0.02478	0.03323	0.04729	0.31794	0.05180	0.02517	0.01449	0.00445	0.01236	0.06107	0.00878	0.01211
16	0.40982	0.02459	0.02941	0.03823	0.22540	0.02672	0.02204	0.03480	0.02253	0.04638	0.01852	0.02294	0.01498	0.01062	0.00896	0.00354	0.01097	0.00796	0.00661	0.01498
17	0.02620	0.02029	0.02124	0.01791	0.02403	0.02055	0.01426	0.20612	0.03803	0.04854	0.08106	0.07758	0.31190	0.02312	0.01288	0.00375	0.00872	0.01879	0.01114	0.01389
18	0.02875	0.02540	0.03497	0.03214	0.11192	0.02422	0.07482	0.09576	0.11432	0.04438	0.02696	0.02971	0.02110	0.01103	0.01067	0.00290	0.01142	0.00986	0.00810	0.28158
19	0.03448	0.03921	0.03037	0.02775	0.06740	0.29089	0.01987	0.03865	0.02888	0.03301	0.01936	0.02282	0.01615	0.01049	0.00979	0.00251	0.01540	0.00745	0.00634	0.27917
20	0.01604	0.01146	0.01564	0.01833	0.01982	0.01106	0.01405	0.01943	0.02411	0.03178	0.06307	0.39865	0.07284	0.03468	0.01534	0.00498	0.00837	0.19964	0.01076	0.00996
21	0.03016	0.04472	0.27653	0.03211	0.04515	0.02998	0.08627	0.15914	0.09455	0.04822	0.02653	0.02873	0.01914	0.01230	0.01163	0.00369	0.01526	0.01031	0.00773	0.01786
22	0.29133	0.02697	0.04326	0.03282	0.04119	0.02886	0.22811	0.03480	0.02307	0.04215	0.01946	0.02550	0.01527	0.01158	0.01424	0.00394	0.08687	0.01023	0.00632	0.01404
23	0.02095	0.01986	0.03725	0.02869	0.03513	0.01851	0.20132	0.02821	0.03068	0.04280	0.31260	0.06418	0.07208	0.01806	0.01372	0.00377	0.01126	0.01805	0.00997	0.01290

[dist]
# distance from previous block
# <min> <max>
0	27

[block]
# block no. 3 follows, 10 sequences, length 26
# corresponding to MSA columns:
# 930-955
name=unknown_D
#
# <colnr> <probs for GDERKNQSTAVLIFYWHMCP>
#	G	D	E	R	K	N	Q	S	T	A	V	L	I	F	Y	W	H	M	C	P
0	0.25053	0.02131	0.02864	0.37103	0.05989	0.02593	0.02539	0.03128	0.02204	0.03760	0.01910	0.02676	0.01448	0.01134	0.01007	0.00378	0.01322	0.00892	0.00588	0.01281
1	0.03925	0.01600	0.02014	0.01652	0.02285	0.01444	0.01329	0.04414	0.02952	0.32187	0.04252	0.04119	0.02922	0.01404	0.01018	0.00322	0.00800	0.01133	0.28627	0.01600
2	0.03779	0.23327	0.04523	0.02612	0.03498	0.13849	0.06452	0.10585	0.06607	0.10401	0.02520	0.02630	0.01926	0.01194	0.01016	0.00313	0.01433	0.00905	0.00799	0.01631
3	0.04381	0.04447	0.03389	0.02843	0.03601	0.30074	0.02230	0.25430	0.04338	0.04996	0.02275	0.02431	0.01728	0.01293	0.01104	0.00323	0.01705	0.00892	0.00870	0.01650
4	0.24547	0.01446	0.01476	0.01588	0.01884	0.01529	0.01143	0.02251	0.02140	0.03758	0.04729	0.38552	0.05435	0.02744	0.01216	0.00433	0.00754	0.02367	0.00953	0.01055
5	0.02873	0.23027	0.06593	0.03880	0.04993	0.03524	0.31628	0.03640	0.02611	0.03378	0.02095	0.02691	0.01669	0.00986	0.01153	0.00342	0.01709	0.01109	0.00556	0.01542
6	0.03065	0.05048	0.35694	0.03091	0.04533	0.03019	0.03565	0.19230	0.03513	0.04963	0.02335	0.02574	0.01650	0.01207	0.01125	0.00362	0.01565	0.00925	0.00727	0.01810
7	0.02471	0.01800	0.02101	0.01990	0.02360	0.01879	0.01476	0.17890	0.03364	0.04499	0.05141	0.38868	0.05687	0.02855	0.01372	0.00429	0.00887	0.02514	0.01109	0.01307
8	0.01551	0.01185	0.01423	0.01363	0.01679	0.01057	0.01022	0.02010	0.03067	0.04130	0.37407	0.09567	0.25157	0.02577	0.01373	0.00375	0.00563	0.02227	0.01210	0.01057
9	0.01736	0.01279	0.01871	0.01965	0.02194	0.01413	0.01601	0.02194	0.02153	0.02974	0.04183	0.07569	0.04236	0.06790	0.35953	0.01401	0.02398	0.16262	0.00780	0.01050
10	0.02687	0.03905	0.21695	0.05797	0.35438	0.02742	0.03825	0.03609	0.02581	0.03759	0.02152	0.02730	0.01713	0.01060	0.01135	0.00353	0.01500	0.00974	0.00546	0.01799
11	0.02745	0.03137	0.06863	0.04902	0.06078	0.02941	0.47647	0.03725	0.02745	0.03725	0.02353	0.03137	0.01765	0.00980	0.01373	0.00392	0.01961	0.01373	0.00588	0.01569
12	0.67341	0.02249	0.01709	0.01529	0.02249	0.02609	0.01260	0.03419	0.01979	0.05218	0.01619	0.01889	0.01260	0.01080	0.00720	0.00360	0.00900	0.00630	0.00720	0.01260
13	0.02553	0.02762	0.05679	0.22946	0.06756	0.02816	0.32063	0.03461	0.02598	0.03461	0.02253	0.03124	0.01690	0.01044	0.01299	0.00391	0.01817	0.01254	0.00563	0.01472
14	0.05218	0.01979	0.02699	0.02069	0.02969	0.01709	0.01709	0.05668	0.03329	0.52677	0.04588	0.03959	0.02879	0.01439	0.01170	0.00360	0.00990	0.01170	0.01439	0.01979
15	0.45545	0.02155	0.02057	0.01719	0.02502	0.02293	0.01417	0.04208	0.02453	0.21869	0.02661	0.02615	0.01828	0.01206	0.00878	0.00360	0.00931	0.00819	0.00972	0.01512
16	0.01483	0.01124	0.01368	0.01431	0.01669	0.01009	0.01026	0.01833	0.02723	0.03605	0.23483	0.26882	0.22152	0.02995	0.01412	0.00411	0.00605	0.02633	0.01149	0.01009
17	0.02879	0.02560	0.03040	0.02613	0.03320	0.02898	0.06283	0.05942	0.45210	0.04755	0.04503	0.04223	0.03377	0.01520	0.01202	0.00394	0.01021	0.01321	0.01126	0.01814
18	0.02573	0.02452	0.04169	0.29168	0.32229	0.02683	0.03417	0.03302	0.02504	0.03429	0.02134	0.02978	0.01712	0.01093	0.01157	0.00364	0.01457	0.01035	0.00549	0.01596
19	0.27014	0.02074	0.02352	0.01880	0.02716	0.02025	0.01552	0.04879	0.02855	0.36026	0.03547	0.03233	0.02311	0.01313	0.01012	0.00360	0.00958	0.00980	0.01187	0.01727
20	0.03297	0.02632	0.02876	0.02257	0.03148	0.02689	0.01817	0.20703	0.16559	0.05411	0.03071	0.03083	0.02320	0.01258	0.01063	0.00299	0.01034	0.00995	0.01003	0.24486
21	0.01646	0.01189	0.01555	0.01463	0.01738	0.01097	0.01097	0.02195	0.03292	0.04664	0.51257	0.08688	0.10974	0.02378	0.01372	0.00366	0.00549	0.02103	0.01280	0.01097
22	0.26497	0.02904	0.02866	0.02274	0.03130	0.03257	0.01877	0.32354	0.04244	0.06589	0.02381	0.02476	0.01726	0.01285	0.01008	0.00353	0.01146	0.00901	0.01008	0.01726
23	0.02021	0.21756	0.02956	0.01503	0.02090	0.02268	0.01302	0.02379	0.02639	0.03212	0.13721	0.07571	0.28251	0.02182	0.01154	0.00338	0.00813	0.01763	0.00904	0.01177
24	0.03177	0.02500	0.02715	0.02293	0.02969	0.02781	0.01821	0.20046	0.24844	0.05689	0.13445	0.04674	0.04497	0.01676	0.01214	0.00373	0.00971	0.01380	0.01196	0.01739
25	0.01675	0.01149	0.01369	0.01337	0.01433	0.01117	0.00842	0.01868	0.02253	0.03100	0.20363	0.07989	0.06595	0.39216	0.04324	0.00860	0.00924	0.01836	0.00907	0.00842

[dist]
# distance from previous block
# <min> <max>
0	8

[block]
# block no. 4 follows, 10 sequences, length 19
# corresponding to MSA columns:
# 964-982
name=unknown_E
#
# <colnr> <probs for GDERKNQSTAVLIFYWHMCP>
#	G	D	E	R	K	N	Q	S	T	A	V	L	I	F	Y	W	H	M	C	P
0	0.03024	0.02430	0.02740	0.02013	0.03015	0.02177	0.01632	0.16659	0.03343	0.04868	0.02288	0.02528	0.01800	0.01024	0.00953	0.00226	0.00989	0.00798	0.00834	0.46658
1	0.02324	0.01820	0.02143	0.01767	0.02385	0.01694	0.01382	0.08336	0.07253	0.04739	0.26400	0.05687	0.06427	0.01728	0.01175	0.00307	0.00765	0.01477	0.01078	0.21114
2	0.60957	0.02619	0.06756	0.01705	0.02523	0.02618	0.01558	0.03445	0.02026	0.05067	0.01665	0.01945	0.01281	0.01082	0.00758	0.00361	0.00980	0.00652	0.00697	0.01305
3	0.01587	0.01175	0.01711	0.01793	0.01958	0.01299	0.01340	0.01937	0.01978	0.02782	0.04119	0.20960	0.04365	0.07175	0.38359	0.01444	0.02372	0.01874	0.00762	0.01010
4	0.02332	0.04530	0.33443	0.19624	0.06043	0.02689	0.08229	0.03471	0.02444	0.03471	0.02107	0.02719	0.01525	0.01110	0.01149	0.00377	0.01691	0.00963	0.00508	0.01574
5	0.03409	0.15321	0.04175	0.02876	0.03408	0.19113	0.05409	0.03766	0.02537	0.06324	0.01898	0.02407	0.01621	0.01451	0.01985	0.00373	0.21025	0.00889	0.00604	0.01411
6	0.03067	0.01688	0.02392	0.02765	0.12386	0.01589	0.01720	0.03531	0.02703	0.18629	0.04323	0.16720	0.03830	0.01857	0.01151	0.00361	0.00884	0.01627	0.17297	0.01481
7	0.03591	0.31059	0.14793	0.02289	0.03404	0.03327	0.02382	0.04190	0.02677	0.18148	0.02620	0.02625	0.01911	0.01153	0.00950	0.00307	0.01265	0.00838	0.00783	0.01688
8	0.03305	0.02823	0.10682	0.09105	0.04493	0.02359	0.13065	0.04384	0.08487	0.18599	0.03320	0.03557	0.02354	0.01891	0.05759	0.00505	0.01556	0.01183	0.00901	0.01671
9	0.01546	0.01228	0.01417	0.01492	0.01838	0.01099	0.01201	0.01932	0.02704	0.03353	0.12863	0.11602	0.34916	0.02987	0.01445	0.00434	0.00733	0.15101	0.01091	0.01017
10	0.02534	0.02265	0.02686	0.02387	0.02780	0.02751	0.01901	0.04364	0.26345	0.04096	0.09893	0.04779	0.07031	0.01906	0.02021	0.00426	0.17939	0.01396	0.00983	0.01520
11	0.01646	0.01189	0.01555	0.01463	0.01738	0.01097	0.01097	0.02195	0.03292	0.04664	0.51257	0.08688	0.10974	0.02378	0.01372	0.00366	0.00549	0.02103	0.01280	0.01097
12	0.22529	0.02422	0.02349	0.02112	0.02788	0.02806	0.01664	0.05339	0.35209	0.04973	0.03785	0.03593	0.02852	0.01426	0.01042	0.00384	0.00914	0.01106	0.01042	0.01664
13	0.02196	0.02067	0.03488	0.56331	0.08010	0.02584	0.03230	0.02972	0.02326	0.02972	0.02067	0.03101	0.01550	0.01163	0.01163	0.00388	0.01550	0.01034	0.00517	0.01292
14	0.02410	0.02544	0.05245	0.03854	0.04756	0.02379	0.33464	0.03259	0.02912	0.04011	0.17253	0.04828	0.04571	0.01406	0.01372	0.00384	0.01531	0.01595	0.00799	0.01425
15	0.02556	0.01383	0.01682	0.01554	0.02024	0.01195	0.01182	0.02876	0.02757	0.18193	0.08318	0.20165	0.26261	0.02652	0.01338	0.00402	0.00731	0.02265	0.01189	0.01277
16	0.03169	0.01526	0.02043	0.01722	0.02263	0.01358	0.01358	0.03676	0.03308	0.25139	0.31355	0.06671	0.07522	0.01978	0.01286	0.00363	0.00737	0.01705	0.01348	0.01473
17	0.02579	0.01424	0.01687	0.01484	0.02017	0.01218	0.01161	0.02952	0.02936	0.18419	0.14398	0.08684	0.31693	0.02418	0.01312	0.00379	0.00706	0.02020	0.01214	0.01300
18	0.47559	0.02194	0.01923	0.01588	0.02404	0.02287	0.01296	0.03269	0.02111	0.04783	0.01756	0.02048	0.01401	0.01013	0.00763	0.00303	0.00888	0.00648	0.00710	0.21056

[dist]
# distance from previous block
# <min> <max>
5	9

[block]
# block no. 5 follows, 10 sequences, length 12
# corresponding to MSA columns:
# 992-1003
name=unknown_F
#
# <colnr> <probs for GDERKNQSTAVLIFYWHMCP>
#	G	D	E	R	K	N	Q	S	T	A	V	L	I	F	Y	W	H	M	C	P
0	0.02774	0.01539	0.02005	0.01955	0.02375	0.01486	0.01530	0.03495	0.08385	0.17375	0.05635	0.26200	0.05604	0.02673	0.01387	0.00445	0.00883	0.11688	0.01192	0.01374
1	0.01451	0.01181	0.01285	0.01259	0.01618	0.01015	0.00944	0.01818	0.02832	0.03572	0.22948	0.10484	0.39964	0.02785	0.01374	0.00385	0.00578	0.02355	0.01137	0.01015
2	0.04592	0.04535	0.03127	0.02734	0.03418	0.39536	0.02095	0.04934	0.03305	0.16942	0.02587	0.02624	0.01889	0.01267	0.01083	0.00317	0.01784	0.00868	0.00837	0.01527
3	0.49543	0.02534	0.02213	0.01854	0.02633	0.02891	0.01529	0.16028	0.02966	0.05816	0.01951	0.02145	0.01463	0.01169	0.00845	0.00357	0.01007	0.00748	0.00845	0.01463
4	0.03262	0.02602	0.03730	0.03503	0.10584	0.02903	0.07794	0.07786	0.16109	0.11557	0.03190	0.03406	0.02413	0.01494	0.01786	0.00404	0.13681	0.01173	0.00909	0.01712
5	0.03629	0.01785	0.02293	0.01905	0.02551	0.01677	0.01518	0.04544	0.10371	0.28801	0.20758	0.05653	0.05782	0.01785	0.01242	0.00367	0.00827	0.01515	0.01346	0.01653
6	0.05218	0.01979	0.02699	0.02069	0.02969	0.01709	0.01709	0.05668	0.03329	0.52677	0.04588	0.03959	0.02879	0.01439	0.01170	0.00360	0.00990	0.01170	0.01439	0.01979
7	0.03177	0.03515	0.12165	0.03734	0.04857	0.03088	0.22915	0.16538	0.09155	0.04877	0.02726	0.03085	0.01998	0.01188	0.01251	0.00377	0.01607	0.01198	0.00809	0.01739
8	0.02963	0.03270	0.13828	0.02341	0.03496	0.02384	0.02253	0.15841	0.03286	0.04768	0.02277	0.02529	0.01740	0.01066	0.01000	0.00265	0.01168	0.00828	0.00780	0.33916
9	0.10074	0.02892	0.03013	0.02455	0.03268	0.03258	0.01987	0.28908	0.20699	0.06256	0.03359	0.03247	0.02460	0.01429	0.01127	0.00366	0.01116	0.01100	0.01127	0.01859
10	0.02196	0.02067	0.03488	0.56331	0.08010	0.02584	0.03230	0.02972	0.02326	0.02972	0.02067	0.03101	0.01550	0.01163	0.01163	0.00388	0.01550	0.01034	0.00517	0.01292
11	0.01863	0.01437	0.01797	0.01537	0.02026	0.01226	0.01177	0.02402	0.03043	0.04417	0.37343	0.06912	0.08357	0.01949	0.01227	0.00311	0.00637	0.01703	0.01113	0.19523

[dist]
# distance from previous block
# <min> <max>
0	7

[block]
# block no. 6 follows, 10 sequences, length 29
# corresponding to MSA columns:
# 1011-1039
name=unknown_G
#
# <colnr> <probs for GDERKNQSTAVLIFYWHMCP>
#	G	D	E	R	K	N	Q	S	T	A	V	L	I	F	Y	W	H	M	C	P
0	0.02712	0.02691	0.04754	0.03407	0.04507	0.02394	0.25050	0.06257	0.02780	0.03987	0.02260	0.02807	0.01761	0.00957	0.01142	0.00296	0.01450	0.01061	0.00668	0.29060
1	0.01417	0.01012	0.01350	0.01619	0.01687	0.00945	0.01080	0.01619	0.02227	0.02969	0.06410	0.58367	0.07692	0.03644	0.01484	0.00472	0.00675	0.03306	0.01080	0.00945
2	0.04377	0.04572	0.03378	0.02860	0.03600	0.32860	0.02232	0.23055	0.04219	0.04751	0.02220	0.02393	0.01702	0.01282	0.01097	0.00321	0.01750	0.00876	0.00839	0.01616
3	0.01880	0.01562	0.02376	0.24766	0.04402	0.01729	0.02003	0.02525	0.02882	0.03945	0.30366	0.06315	0.06972	0.01862	0.01283	0.00375	0.00974	0.01649	0.00956	0.01180
4	0.04716	0.04029	0.03042	0.02603	0.03329	0.32054	0.02019	0.05079	0.03310	0.24010	0.02983	0.02888	0.02085	0.01301	0.01100	0.00325	0.01627	0.00928	0.00956	0.01616
5	0.04716	0.04029	0.03042	0.02603	0.03329	0.32054	0.02019	0.05079	0.03310	0.24010	0.02983	0.02888	0.02085	0.01301	0.01100	0.00325	0.01627	0.00928	0.00956	0.01616
6	0.03604	0.02030	0.02534	0.01870	0.02847	0.01618	0.01519	0.04092	0.02801	0.24553	0.03138	0.03069	0.02214	0.01107	0.00992	0.00252	0.00916	0.00893	0.01008	0.38945
7	0.03707	0.02301	0.03123	0.02582	0.03015	0.02723	0.02135	0.04281	0.06180	0.24144	0.03077	0.03285	0.02259	0.01747	0.02487	0.00437	0.28838	0.01105	0.00957	0.01617
8	0.02851	0.02032	0.02212	0.01866	0.02262	0.02180	0.01344	0.21356	0.03295	0.04410	0.03294	0.05564	0.03273	0.34607	0.03900	0.00797	0.01192	0.01418	0.00900	0.01245
9	0.01611	0.01151	0.01572	0.01841	0.01994	0.01112	0.01417	0.01955	0.02418	0.03186	0.06303	0.39150	0.07268	0.03461	0.01536	0.00499	0.00843	0.20608	0.01076	0.00998
10	0.01490	0.01183	0.01338	0.01299	0.01642	0.01031	0.00974	0.01892	0.02923	0.03788	0.28548	0.10129	0.34230	0.02704	0.01373	0.00381	0.00572	0.02305	0.01165	0.01031
11	0.01662	0.01271	0.01579	0.01733	0.02053	0.01187	0.01453	0.02095	0.02666	0.03337	0.08547	0.12301	0.25681	0.03099	0.01508	0.00475	0.00866	0.26380	0.01075	0.01033
12	0.02660	0.02886	0.05461	0.04117	0.04794	0.03205	0.28491	0.03332	0.02336	0.03332	0.02002	0.02886	0.01664	0.01429	0.02411	0.00442	0.25336	0.01222	0.00555	0.01443
13	0.39963	0.02468	0.02988	0.03912	0.23324	0.02675	0.02241	0.03483	0.02263	0.04616	0.01861	0.02309	0.01507	0.01061	0.00903	0.00354	0.01104	0.00802	0.00659	0.01507
14	0.01969	0.01718	0.02801	0.33200	0.05490	0.02104	0.02476	0.02592	0.02132	0.02856	0.02512	0.03724	0.02127	0.04374	0.23823	0.01017	0.02215	0.01124	0.00562	0.01184
15	0.01712	0.01138	0.01138	0.01138	0.01479	0.01025	0.00854	0.02111	0.02561	0.03649	0.08389	0.08281	0.30835	0.02270	0.01136	0.00341	0.00569	0.01872	0.28475	0.01025
16	0.02506	0.02241	0.02239	0.02045	0.02534	0.07188	0.01565	0.04337	0.25472	0.04582	0.24205	0.05966	0.06502	0.01880	0.01250	0.00373	0.00878	0.01594	0.01167	0.01477
17	0.02885	0.02651	0.03833	0.05112	0.31125	0.02818	0.02835	0.04678	0.22661	0.04252	0.03269	0.03499	0.02568	0.01266	0.01165	0.00366	0.01186	0.01155	0.00834	0.01842
18	0.01868	0.01144	0.01355	0.01302	0.01575	0.01092	0.00977	0.02414	0.02930	0.04525	0.31099	0.06839	0.07579	0.01943	0.01134	0.00326	0.00546	0.01670	0.28590	0.01092
19	0.02734	0.02944	0.02150	0.02152	0.02465	0.23686	0.01549	0.03011	0.02702	0.03051	0.04195	0.29169	0.04599	0.02381	0.01234	0.00379	0.01266	0.02002	0.07202	0.01130
20	0.03083	0.03689	0.02396	0.02224	0.02736	0.31745	0.01668	0.03381	0.03022	0.02972	0.06038	0.05960	0.22692	0.01940	0.01187	0.00339	0.01457	0.01473	0.00803	0.01193
21	0.01936	0.01199	0.01722	0.01876	0.02030	0.01199	0.01507	0.02030	0.02184	0.02860	0.04401	0.09049	0.04709	0.03564	0.02855	0.28408	0.01045	0.25766	0.00831	0.00831
22	0.02589	0.02468	0.04197	0.28031	0.33243	0.02687	0.03425	0.03315	0.02511	0.03448	0.02137	0.02973	0.01718	0.01090	0.01156	0.00363	0.01453	0.01035	0.00551	0.01609
23	0.02412	0.02067	0.02412	0.01723	0.02756	0.01550	0.01378	0.02929	0.02412	0.03790	0.02067	0.02412	0.01723	0.00861	0.00861	0.00172	0.00861	0.00689	0.00689	0.66236
24	0.02601	0.03719	0.23983	0.02504	0.03696	0.02177	0.02711	0.03431	0.02486	0.08423	0.02869	0.03124	0.04721	0.01239	0.01257	0.00314	0.05599	0.00941	0.00688	0.23518
25	0.02275	0.04339	0.32029	0.25831	0.06298	0.02651	0.03844	0.03381	0.02400	0.03381	0.02079	0.02730	0.01506	0.01130	0.01130	0.00377	0.01647	0.00933	0.00502	0.01538
26	0.03007	0.01518	0.01824	0.01557	0.02165	0.01291	0.01234	0.03368	0.02939	0.24180	0.08727	0.08120	0.30792	0.02306	0.01288	0.00379	0.00759	0.01909	0.01233	0.01405
27	0.01941	0.01695	0.02341	0.02280	0.02338	0.02095	0.01780	0.02198	0.02082	0.02947	0.04311	0.30220	0.04976	0.02918	0.02487	0.00494	0.24635	0.06330	0.00836	0.01096
28	0.28806	0.02453	0.02748	0.02331	0.02780	0.03042	0.01934	0.07703	0.02343	0.08098	0.01927	0.02418	0.01570	0.01545	0.02114	0.00422	0.24769	0.00878	0.00730	0.01392

[dist]
# distance from previous block
# <min> <max>
0	2

[block]
# block no. 7 follows, 10 sequences, length 11
# corresponding to MSA columns:
# 1042-1052
name=unknown_H
#
# <colnr> <probs for GDERKNQSTAVLIFYWHMCP>
#	G	D	E	R	K	N	Q	S	T	A	V	L	I	F	Y	W	H	M	C	P
0	0.02273	0.04218	0.34140	0.02502	0.03693	0.02112	0.03027	0.03329	0.02449	0.03921	0.02709	0.03141	0.02023	0.01196	0.00999	0.00333	0.01290	0.00941	0.24217	0.01487
1	0.02283	0.04577	0.35016	0.22639	0.06119	0.02658	0.03908	0.03424	0.02408	0.03424	0.02080	0.02691	0.01501	0.01126	0.01126	0.00375	0.01657	0.00923	0.00500	0.01563
2	0.03916	0.01691	0.02282	0.01848	0.02520	0.01486	0.01486	0.04402	0.03315	0.35176	0.21599	0.05682	0.05830	0.01781	0.01243	0.00362	0.00829	0.01510	0.01381	0.01658
3	0.03983	0.01852	0.02233	0.01804	0.02480	0.01776	0.01461	0.11168	0.03337	0.28009	0.04020	0.03915	0.02776	0.01402	0.01039	0.00326	0.00872	0.01119	0.24777	0.01653
4	0.67341	0.02249	0.01709	0.01529	0.02249	0.02609	0.01260	0.03419	0.01979	0.05218	0.01619	0.01889	0.01260	0.01080	0.00720	0.00360	0.00900	0.00630	0.00720	0.01260
5	0.02444	0.02042	0.02353	0.02185	0.02679	0.02368	0.01700	0.04684	0.32310	0.04076	0.04144	0.04423	0.03316	0.04182	0.20624	0.00932	0.01720	0.01290	0.00979	0.01548
6	0.02344	0.01870	0.02898	0.24779	0.15762	0.02079	0.02428	0.03015	0.02442	0.03661	0.02725	0.03499	0.02140	0.01203	0.01033	0.00335	0.01144	0.01053	0.24247	0.01344
7	0.01874	0.01339	0.01874	0.02142	0.02410	0.01339	0.01874	0.02410	0.02677	0.03481	0.06158	0.13119	0.06693	0.03213	0.01606	0.00535	0.01071	0.44043	0.01071	0.01071
8	0.02189	0.22599	0.03409	0.01913	0.02408	0.02601	0.01649	0.02589	0.02049	0.02713	0.02569	0.03584	0.02392	0.05906	0.34918	0.01279	0.02433	0.01019	0.00577	0.01204
9	0.02410	0.04751	0.35043	0.03220	0.04312	0.03015	0.03658	0.03361	0.02210	0.03361	0.01883	0.02488	0.01493	0.01444	0.02093	0.00420	0.21868	0.00917	0.00498	0.01556
10	0.02722	0.07104	0.06699	0.02854	0.10240	0.09032	0.01972	0.06509	0.08612	0.03412	0.02995	0.04576	0.02843	0.22328	0.02847	0.00626	0.01330	0.01230	0.00733	0.01338

[dist]
# distance from previous block
# <min> <max>
0	5

[block]
# block no. 8 follows, 10 sequences, length 9
# corresponding to MSA columns:
# 1058-1066
name=unknown_I
#
# <colnr> <probs for GDERKNQSTAVLIFYWHMCP>
#	G	D	E	R	K	N	Q	S	T	A	V	L	I	F	Y	W	H	M	C	P
0	0.02883	0.02681	0.04073	0.05661	0.36742	0.02803	0.03034	0.04378	0.17243	0.04130	0.02976	0.03331	0.02371	0.01204	0.01161	0.00361	0.01239	0.01123	0.00764	0.01842
1	0.02567	0.02322	0.03839	0.05591	0.36552	0.02322	0.03044	0.03210	0.02657	0.03701	0.03417	0.06050	0.03345	0.01710	0.01292	0.00404	0.01285	0.14356	0.00729	0.01603
2	0.22689	0.11566	0.19822	0.03281	0.11094	0.02963	0.06217	0.03560	0.02347	0.04049	0.01913	0.02315	0.01488	0.01062	0.00964	0.00348	0.01367	0.00821	0.00583	0.01553
3	0.12917	0.03598	0.03325	0.03689	0.16015	0.22453	0.02345	0.04406	0.02949	0.13953	0.02465	0.02668	0.01847	0.01190	0.01056	0.00333	0.01508	0.00897	0.00787	0.01600
4	0.04273	0.01702	0.02199	0.01764	0.02469	0.01516	0.01432	0.04752	0.03053	0.37704	0.04342	0.04076	0.02911	0.01413	0.01059	0.00332	0.00851	0.01143	0.21306	0.01702
5	0.01582	0.01224	0.01466	0.01582	0.01834	0.01156	0.01165	0.02106	0.05976	0.03363	0.11750	0.30511	0.21095	0.03120	0.01432	0.00440	0.00700	0.07346	0.01103	0.01049
6	0.03484	0.02475	0.04062	0.08531	0.20762	0.02564	0.07736	0.04073	0.02713	0.18713	0.02840	0.03208	0.02084	0.01317	0.01588	0.00383	0.09801	0.01112	0.00830	0.01725
7	0.02677	0.02365	0.02896	0.19081	0.04569	0.02797	0.02271	0.05186	0.35075	0.04279	0.03908	0.03956	0.02931	0.01449	0.01177	0.00392	0.01116	0.01228	0.00977	0.01671
8	0.01505	0.01075	0.01450	0.01720	0.01826	0.01020	0.01232	0.01771	0.02313	0.03067	0.06362	0.49689	0.07501	0.03561	0.01508	0.00484	0.00751	0.11119	0.01078	0.00969

[dist]
# distance from previous block
# <min> <max>
0	1

[block]
# block no. 9 follows, 10 sequences, length 62
# corresponding to MSA columns:
# 1068-1129
name=unknown_J
#
# <colnr> <probs for GDERKNQSTAVLIFYWHMCP>
#	G	D	E	R	K	N	Q	S	T	A	V	L	I	F	Y	W	H	M	C	P
0	0.08545	0.08170	0.27993	0.02800	0.03868	0.02895	0.03099	0.03595	0.06390	0.03764	0.05419	0.02955	0.02277	0.01393	0.01572	0.00387	0.11730	0.00973	0.00628	0.01546
1	0.02752	0.02634	0.04492	0.16277	0.43724	0.02730	0.03506	0.03458	0.02588	0.03646	0.02165	0.02920	0.01788	0.01060	0.01154	0.00353	0.01413	0.01036	0.00565	0.01740
2	0.02658	0.02460	0.04079	0.06048	0.42471	0.02460	0.03037	0.03221	0.02470	0.03513	0.02462	0.03758	0.02285	0.11827	0.02037	0.00491	0.01334	0.01158	0.00600	0.01631
3	0.02521	0.10698	0.14285	0.03553	0.04588	0.02777	0.24939	0.03308	0.02446	0.03315	0.02451	0.03676	0.02133	0.11806	0.02086	0.00506	0.01668	0.01239	0.00580	0.01426
4	0.03013	0.01921	0.02736	0.02283	0.02911	0.01865	0.07488	0.04100	0.13101	0.17832	0.09656	0.14835	0.09056	0.02034	0.01294	0.00395	0.00966	0.01819	0.01159	0.01534
5	0.03165	0.02855	0.04492	0.06310	0.42906	0.02920	0.03317	0.11821	0.03172	0.04455	0.02300	0.02863	0.01867	0.01103	0.01154	0.00346	0.01363	0.01038	0.00685	0.01867
6	0.01602	0.01137	0.01454	0.01463	0.01639	0.01068	0.01020	0.01969	0.02750	0.03827	0.32100	0.19916	0.08966	0.13210	0.02242	0.00532	0.00685	0.02304	0.01127	0.00989
7	0.02758	0.25697	0.04869	0.02755	0.03597	0.03309	0.12445	0.03820	0.10964	0.03482	0.03186	0.04690	0.02888	0.01508	0.01128	0.00361	0.01319	0.08984	0.00747	0.01494
8	0.02205	0.05119	0.43525	0.02971	0.04421	0.02403	0.03703	0.03407	0.02611	0.03865	0.11221	0.03613	0.03238	0.01341	0.01155	0.00368	0.01501	0.01090	0.00638	0.01603
9	0.01382	0.01147	0.01210	0.01260	0.01592	0.00975	0.00920	0.01660	0.02572	0.03110	0.10784	0.19956	0.43280	0.03075	0.01395	0.00408	0.00605	0.02613	0.01080	0.00975
10	0.03560	0.26860	0.15429	0.02490	0.03554	0.13018	0.02501	0.04152	0.02739	0.12245	0.02308	0.02430	0.01747	0.01140	0.00962	0.00306	0.01463	0.00801	0.00690	0.01606
11	0.03100	0.02714	0.04952	0.09323	0.29977	0.02661	0.15268	0.03844	0.02741	0.10103	0.02538	0.03105	0.01936	0.01083	0.01215	0.00363	0.01500	0.01145	0.00688	0.01747
12	0.01511	0.01085	0.01434	0.01555	0.01708	0.01007	0.01087	0.01856	0.02665	0.03666	0.24856	0.37934	0.09042	0.03123	0.01438	0.00429	0.00623	0.02812	0.01162	0.01007
13	0.01459	0.01042	0.01398	0.01668	0.01754	0.00981	0.01153	0.01693	0.02268	0.03016	0.06387	0.54175	0.07600	0.03604	0.01496	0.00478	0.00711	0.07080	0.01079	0.00956
14	0.03046	0.04473	0.18413	0.03632	0.12755	0.19270	0.02948	0.04018	0.07233	0.03495	0.03173	0.03417	0.06438	0.01340	0.01128	0.00347	0.01597	0.01049	0.00662	0.01564
15	0.02538	0.12388	0.37588	0.02966	0.04393	0.02985	0.03540	0.04121	0.11232	0.03779	0.02517	0.02728	0.01862	0.01178	0.01073	0.00358	0.01509	0.00913	0.00621	0.01712
16	0.02734	0.27981	0.24857	0.03056	0.04371	0.03540	0.11385	0.03607	0.02471	0.03295	0.01940	0.02336	0.01535	0.01036	0.01005	0.00323	0.01565	0.00855	0.00512	0.01596
17	0.01382	0.01147	0.01210	0.01260	0.01592	0.00975	0.00920	0.01660	0.02572	0.03110	0.10784	0.19956	0.43280	0.03075	0.01395	0.00408	0.00605	0.02613	0.01080	0.00975
18	0.02151	0.02879	0.16752	0.02923	0.09374	0.01933	0.02429	0.06822	0.02652	0.03691	0.04286	0.29951	0.04617	0.02368	0.01303	0.00415	0.01122	0.02100	0.00854	0.01380
19	0.02412	0.02067	0.02412	0.01723	0.02756	0.01550	0.01378	0.02929	0.02412	0.03790	0.02067	0.02412	0.01723	0.00861	0.00861	0.00172	0.00861	0.00689	0.00689	0.66236
20	0.04077	0.02776	0.07839	0.02396	0.03310	0.02520	0.02100	0.13488	0.17733	0.24870	0.04050	0.03708	0.02775	0.01440	0.01166	0.00369	0.01095	0.01160	0.01216	0.01911
21	0.01504	0.01092	0.01300	0.01416	0.01628	0.00989	0.00998	0.01811	0.02514	0.03369	0.13653	0.32559	0.20948	0.03055	0.01374	0.00416	0.00620	0.02685	0.07082	0.00989
22	0.02309	0.15208	0.34646	0.02751	0.04027	0.02732	0.03266	0.03262	0.02396	0.03372	0.02802	0.12731	0.02632	0.01556	0.01108	0.00365	0.01436	0.01269	0.00602	0.01532
23	0.02790	0.13229	0.04739	0.15633	0.34363	0.03070	0.03211	0.03438	0.02533	0.03443	0.02059	0.02733	0.01721	0.01053	0.01078	0.00336	0.01388	0.00959	0.00550	0.01672
24	0.01417	0.01012	0.01350	0.01619	0.01687	0.00945	0.01080	0.01619	0.02227	0.02969	0.06410	0.58367	0.07692	0.03644	0.01484	0.00472	0.00675	0.03306	0.01080	0.00945
25	0.02285	0.02158	0.03649	0.49908	0.13737	0.02607	0.03274	0.03050	0.02368	0.03080	0.02083	0.03072	0.01588	0.01146	0.01161	0.00382	0.01528	0.01034	0.00524	0.01364
26	0.02687	0.02568	0.04375	0.20949	0.39558	0.02713	0.03474	0.03402	0.02558	0.03567	0.02154	0.02941	0.01760	0.01072	0.01155	0.00357	0.01429	0.01036	0.00559	0.01688
27	0.02529	0.04750	0.33477	0.04390	0.13974	0.02768	0.14134	0.03672	0.02558	0.03715	0.02167	0.02691	0.01609	0.01064	0.01175	0.00370	0.01712	0.01010	0.00529	0.01707
28	0.02376	0.01854	0.02835	0.19550	0.17556	0.02011	0.02320	0.03031	0.02463	0.03771	0.02819	0.03552	0.02227	0.01207	0.01014	0.00327	0.01084	0.01055	0.27587	0.01360
29	0.34694	0.02881	0.11459	0.01998	0.02847	0.02472	0.01917	0.09057	0.02770	0.05104	0.11196	0.03391	0.03220	0.01370	0.00972	0.00361	0.01035	0.01004	0.00841	0.01408
30	0.03006	0.16414	0.20668	0.03353	0.04616	0.03351	0.15577	0.11882	0.03076	0.04166	0.02190	0.02581	0.01653	0.01100	0.01113	0.00345	0.01602	0.00987	0.00645	0.01676
31	0.01661	0.01246	0.01869	0.01869	0.02077	0.01454	0.01454	0.02077	0.01869	0.02700	0.03115	0.04569	0.02908	0.08723	0.54517	0.01869	0.03115	0.01246	0.00623	0.01038
32	0.02901	0.03087	0.02465	0.02497	0.02903	0.23425	0.02029	0.03339	0.02935	0.03217	0.04345	0.08536	0.04533	0.02375	0.01375	0.00437	0.01498	0.26042	0.00875	0.01186
33	0.02498	0.05029	0.38418	0.04475	0.19247	0.02720	0.04076	0.03649	0.02514	0.03719	0.02118	0.02584	0.01585	0.01084	0.01119	0.00361	0.01617	0.00913	0.00517	0.01756
34	0.01918	0.01077	0.01616	0.01616	0.01675	0.01137	0.01137	0.01675	0.01616	0.02214	0.02333	0.03830	0.02273	0.05376	0.18799	0.47823	0.01611	0.01077	0.00539	0.00657
35	0.03818	0.02814	0.04049	0.03451	0.08470	0.07605	0.14250	0.04944	0.11732	0.21150	0.03514	0.03523	0.02471	0.01281	0.01213	0.00368	0.01384	0.01197	0.00999	0.01768
36	0.03785	0.03236	0.09625	0.02954	0.07970	0.07472	0.02371	0.16329	0.08259	0.15917	0.03448	0.07600	0.02679	0.01515	0.01173	0.00364	0.01272	0.01231	0.01026	0.01775
37	0.08654	0.01599	0.02058	0.01839	0.02378	0.01464	0.01411	0.03803	0.02762	0.28176	0.05106	0.26414	0.04750	0.02327	0.01264	0.00407	0.00851	0.02014	0.01232	0.01491
38	0.03372	0.03668	0.03547	0.02924	0.03628	0.23061	0.10394	0.09751	0.07781	0.03985	0.07953	0.04117	0.07659	0.01504	0.01199	0.00348	0.01559	0.01254	0.00838	0.01458
39	0.03828	0.25577	0.04568	0.02767	0.07842	0.03747	0.02204	0.22200	0.03771	0.09373	0.02435	0.02540	0.01856	0.01207	0.00997	0.00310	0.01248	0.00888	0.00869	0.01772
40	0.03953	0.03399	0.03228	0.02654	0.03387	0.19261	0.06435	0.12197	0.07498	0.13341	0.03057	0.03152	0.02234	0.01309	0.01104	0.00333	0.01431	0.01034	0.09387	0.01605
41	0.02218	0.01740	0.02882	0.24718	0.04848	0.01885	0.06410	0.02755	0.02419	0.07646	0.04054	0.25155	0.04135	0.02158	0.01311	0.00419	0.01189	0.01982	0.00833	0.01244
42	0.02622	0.26060	0.35591	0.02821	0.04271	0.03409	0.03438	0.03608	0.02421	0.03331	0.01912	0.02236	0.01480	0.01064	0.00971	0.00324	0.01542	0.00771	0.00493	0.01635
43	0.02325	0.02198	0.03720	0.47078	0.16260	0.02618	0.03294	0.03084	0.02386	0.03127	0.02090	0.03059	0.01605	0.01139	0.01161	0.00380	0.01519	0.01034	0.00528	0.01395
44	0.01417	0.01012	0.01350	0.01619	0.01687	0.00945	0.01080	0.01619	0.02227	0.02969	0.06410	0.58367	0.07692	0.03644	0.01484	0.00472	0.00675	0.03306	0.01080	0.00945
45	0.01938	0.01675	0.02656	0.23997	0.10748	0.01846	0.02258	0.02464	0.02421	0.03238	0.08358	0.24556	0.04804	0.02201	0.01303	0.00412	0.01102	0.01997	0.00810	0.01214
46	0.02196	0.02067	0.03488	0.56331	0.08010	0.02584	0.03230	0.02972	0.02326	0.02972	0.02067	0.03101	0.01550	0.01163	0.01163	0.00388	0.01550	0.01034	0.00517	0.01292
47	0.01691	0.01128	0.01268	0.01268	0.01268	0.01128	0.00705	0.01691	0.01691	0.02255	0.03665	0.07611	0.04228	0.59126	0.05920	0.01128	0.01128	0.01691	0.00705	0.00705
48	0.02070	0.01075	0.01119	0.01154	0.01398	0.01066	0.00848	0.02568	0.02411	0.04158	0.04136	0.11390	0.03596	0.01654	0.00901	0.00297	0.00559	0.01374	0.57161	0.01066
49	0.01544	0.01137	0.01445	0.01469	0.01700	0.01038	0.01063	0.01959	0.02900	0.03972	0.33057	0.23201	0.15577	0.02817	0.01404	0.00400	0.00590	0.02495	0.01196	0.01038
50	0.05218	0.01979	0.02699	0.02069	0.02969	0.01709	0.01709	0.05668	0.03329	0.52677	0.04588	0.03959	0.02879	0.01439	0.01170	0.00360	0.00990	0.01170	0.01439	0.01979
51	0.01779	0.01317	0.01835	0.01779	0.01908	0.01511	0.01318	0.02021	0.01913	0.02720	0.07130	0.05348	0.03701	0.18766	0.29978	0.06633	0.07338	0.01381	0.00678	0.00946
52	0.02724	0.34654	0.13187	0.17466	0.04737	0.03719	0.02722	0.03373	0.02368	0.02960	0.01822	0.02311	0.01506	0.01060	0.00923	0.00308	0.01409	0.00777	0.00502	0.01474
53	0.01922	0.01580	0.02170	0.02025	0.02110	0.01956	0.01538	0.02166	0.01790	0.02593	0.02829	0.04915	0.02915	0.22111	0.25308	0.01256	0.17881	0.01316	0.00615	0.01004
54	0.02078	0.01518	0.01811	0.01647	0.02024	0.01533	0.01260	0.06457	0.09463	0.04877	0.37202	0.07271	0.08593	0.02106	0.01282	0.00360	0.00656	0.01828	0.06769	0.01264
55	0.02793	0.04086	0.24167	0.07955	0.08156	0.02815	0.11933	0.11768	0.03089	0.04305	0.02560	0.03478	0.02020	0.01283	0.01210	0.00381	0.01602	0.04050	0.00683	0.01666
56	0.03704	0.01535	0.01897	0.01580	0.02168	0.01399	0.01264	0.04199	0.02887	0.28674	0.04194	0.04146	0.02930	0.01398	0.00993	0.00316	0.00767	0.01127	0.33289	0.01535
57	0.02584	0.02916	0.08703	0.03737	0.08227	0.02637	0.21202	0.04141	0.16113	0.03977	0.04227	0.04453	0.08736	0.01423	0.01278	0.00387	0.01417	0.01426	0.00813	0.01605
58	0.02391	0.03422	0.18821	0.29195	0.16956	0.02660	0.03630	0.03322	0.02437	0.03374	0.02100	0.02855	0.01593	0.01117	0.01143	0.00372	0.01564	0.00981	0.00522	0.01545
59	0.02736	0.01973	0.06371	0.01994	0.02497	0.01691	0.01652	0.03597	0.11219	0.14067	0.04513	0.15418	0.04233	0.09806	0.02222	0.07050	0.01008	0.05596	0.01020	0.01339
60	0.01863	0.01996	0.07266	0.02302	0.02881	0.01577	0.10175	0.02484	0.02834	0.03844	0.21844	0.12853	0.15178	0.02300	0.01379	0.00401	0.00988	0.05630	0.01002	0.01205
61	0.03100	0.09327	0.24327	0.03526	0.10499	0.02743	0.07373	0.04236	0.06716	0.12816	0.02773	0.02960	0.01990	0.01177	0.01121	0.00357	0.01449	0.01005	0.00747	0.01758

[dist]
# distance from previous block
# <min> <max>
6	6

[block]
# block no. 10 follows, 10 sequences, length 39
# corresponding to MSA columns:
# 1139-1177
name=unknown_K
#
# <colnr> <probs for GDERKNQSTAVLIFYWHMCP>
#	G	D	E	R	K	N	Q	S	T	A	V	L	I	F	Y	W	H	M	C	P
0	0.08741	0.03466	0.16104	0.07643	0.08591	0.02735	0.11710	0.07816	0.08556	0.09181	0.02738	0.03035	0.01985	0.01192	0.01153	0.00373	0.01445	0.01071	0.00776	0.01688
1	0.08380	0.02510	0.03319	0.08141	0.11066	0.06853	0.06703	0.07502	0.03048	0.14919	0.07803	0.08237	0.03349	0.01529	0.01186	0.00367	0.01246	0.01337	0.00937	0.01569
2	0.01716	0.01649	0.06346	0.01826	0.02210	0.01281	0.01591	0.02261	0.02825	0.03853	0.23824	0.17182	0.11771	0.02737	0.01431	0.00432	0.00827	0.14024	0.01101	0.01114
3	0.02539	0.03524	0.17964	0.09764	0.22610	0.02622	0.11416	0.03458	0.02637	0.03750	0.06287	0.03316	0.02465	0.01169	0.01198	0.00366	0.01523	0.01137	0.00608	0.01646
4	0.03194	0.13973	0.29563	0.02870	0.04184	0.08235	0.03213	0.09314	0.02975	0.08629	0.02309	0.02510	0.01676	0.01164	0.01054	0.00339	0.01556	0.00863	0.00676	0.01701
