[name]
unknown

[dist]
# distance from previous block
# <min> <max>
0	8

[block]
# block no. 0 follows, 14 sequences, length 15
# corresponding to MSA columns:
# 8-22
name=unknown_A
#
# <colnr> <probs for GDERKNQSTAVLIFYWHMCP>
#	G	D	E	R	K	N	Q	S	T	A	V	L	I	F	Y	W	H	M	C	P
0	0.35208	0.01786	0.01884	0.01612	0.02262	0.01837	0.01342	0.03717	0.02311	0.26373	0.03004	0.03657	0.02298	0.01319	0.00896	0.00337	0.00845	0.07028	0.00934	0.01351
1	0.02769	0.19280	0.17888	0.10712	0.03842	0.07776	0.02498	0.09615	0.02530	0.06610	0.01888	0.02211	0.01451	0.01074	0.01081	0.00302	0.05735	0.00766	0.00573	0.01398
2	0.02563	0.24754	0.34716	0.02415	0.03639	0.02850	0.02863	0.03380	0.02223	0.08917	0.01941	0.02136	0.01440	0.00974	0.00875	0.00289	0.01307	0.00718	0.00526	0.01475
3	0.01453	0.00952	0.01296	0.01391	0.01450	0.00963	0.00938	0.01499	0.01678	0.02273	0.03799	0.28051	0.04313	0.15963	0.13859	0.15687	0.01149	0.01858	0.00703	0.00725
4	0.01679	0.01247	0.01802	0.13251	0.06331	0.01314	0.01566	0.02102	0.02126	0.02994	0.04191	0.25360	0.04433	0.02180	0.01147	0.00373	0.00837	0.12218	0.13858	0.00992
5	0.03340	0.07511	0.03598	0.04146	0.30743	0.02320	0.02400	0.07405	0.02693	0.21730	0.02629	0.02775	0.01912	0.01052	0.00992	0.00302	0.01087	0.00923	0.00792	0.01648
6	0.02718	0.02490	0.04696	0.05060	0.31630	0.02398	0.22358	0.03402	0.02434	0.09263	0.02215	0.02730	0.01698	0.00934	0.01092	0.00322	0.01377	0.01041	0.00595	0.01546
7	0.14217	0.01781	0.02255	0.01757	0.02528	0.01623	0.01451	0.04715	0.02765	0.50500	0.03670	0.03229	0.02334	0.01224	0.00975	0.00318	0.00862	0.00963	0.01178	0.01655
8	0.02430	0.12126	0.32609	0.12489	0.04501	0.02511	0.06477	0.03313	0.02237	0.08982	0.02037	0.02375	0.01465	0.00995	0.00963	0.00314	0.01380	0.00816	0.00534	0.01443
9	0.02702	0.02746	0.04008	0.05841	0.50718	0.09632	0.03003	0.03268	0.02408	0.03247	0.01887	0.02453	0.01587	0.00932	0.01005	0.00300	0.01298	0.00883	0.00511	0.01571
10	0.02373	0.02268	0.03865	0.21560	0.43573	0.02394	0.03067	0.03004	0.02258	0.03151	0.01901	0.02594	0.01554	0.00945	0.01019	0.00315	0.01260	0.00914	0.00494	0.01491
11	0.01279	0.00913	0.01223	0.01461	0.01533	0.00858	0.01002	0.01478	0.01993	0.02651	0.05641	0.59642	0.06726	0.03188	0.01317	0.00421	0.00620	0.06262	0.00952	0.00841
12	0.02809	0.02945	0.07898	0.14650	0.25432	0.13054	0.02684	0.03557	0.06144	0.07779	0.02176	0.02587	0.01678	0.01030	0.01001	0.00310	0.01331	0.00881	0.00598	0.01458
13	0.08036	0.02495	0.02890	0.02670	0.09755	0.02697	0.01931	0.29533	0.12518	0.12679	0.02831	0.02789	0.02028	0.01206	0.01003	0.00316	0.01031	0.00953	0.00972	0.01668
14	0.06684	0.01546	0.01857	0.01941	0.06384	0.01603	0.01289	0.12819	0.02590	0.03660	0.09470	0.24233	0.04635	0.14299	0.01941	0.00482	0.00839	0.01781	0.00865	0.01081

[dist]
# distance from previous block
# <min> <max>
4	10

[block]
# block no. 1 follows, 14 sequences, length 64
# corresponding to MSA columns:
# 33-96
name=unknown_B
#
# <colnr> <probs for GDERKNQSTAVLIFYWHMCP>
#	G	D	E	R	K	N	Q	S	T	A	V	L	I	F	Y	W	H	M	C	P
0	0.03856	0.04205	0.02967	0.02548	0.03176	0.40547	0.01972	0.21114	0.03560	0.03857	0.01885	0.02059	0.01466	0.01117	0.00960	0.00279	0.01605	0.00750	0.00698	0.01379
1	0.02417	0.02313	0.03944	0.17517	0.47272	0.02406	0.03089	0.03042	0.02279	0.03204	0.01909	0.02580	0.01573	0.00937	0.01018	0.00312	0.01249	0.00914	0.00497	0.01527
2	0.02079	0.08946	0.02505	0.01974	0.02235	0.09709	0.01587	0.02382	0.01842	0.02401	0.02192	0.03255	0.02077	0.07714	0.31425	0.01034	0.14144	0.00959	0.00518	0.01024
3	0.02058	0.05308	0.58618	0.02925	0.04442	0.02383	0.03792	0.03250	0.02167	0.03250	0.01842	0.02167	0.01300	0.00975	0.00975	0.00325	0.01517	0.00758	0.00433	0.01517
4	0.02381	0.33223	0.33532	0.02374	0.03590	0.03174	0.02832	0.03166	0.02128	0.02856	0.01646	0.01921	0.01308	0.00929	0.00826	0.00275	0.01319	0.00660	0.00436	0.01423
5	0.04604	0.01746	0.02382	0.01826	0.02620	0.01508	0.01508	0.05001	0.02937	0.58244	0.04049	0.03493	0.02540	0.01270	0.01032	0.00318	0.00873	0.01032	0.01270	0.01746
6	0.04560	0.01818	0.02426	0.01860	0.02655	0.01614	0.01536	0.08111	0.03057	0.54965	0.03948	0.03428	0.02490	0.01268	0.01032	0.00317	0.00889	0.01025	0.01255	0.01746
7	0.02058	0.05308	0.58618	0.02925	0.04442	0.02383	0.03792	0.03250	0.02167	0.03250	0.01842	0.02167	0.01300	0.00975	0.00975	0.00325	0.01517	0.00758	0.00433	0.01517
8	0.01375	0.00921	0.01187	0.01389	0.01487	0.00875	0.00964	0.01617	0.02019	0.02828	0.05300	0.51076	0.06115	0.02891	0.01229	0.00394	0.00601	0.05764	0.11110	0.00859
9	0.01370	0.00975	0.01295	0.01408	0.01485	0.00995	0.00955	0.01553	0.01758	0.02394	0.04254	0.32839	0.04870	0.20095	0.17961	0.00895	0.01274	0.02064	0.00760	0.00801
10	0.02058	0.05308	0.58618	0.02925	0.04442	0.02383	0.03792	0.03250	0.02167	0.03250	0.01842	0.02167	0.01300	0.00975	0.00975	0.00325	0.01517	0.00758	0.00433	0.01517
11	0.02372	0.02267	0.03863	0.21657	0.43485	0.02394	0.03066	0.03003	0.02257	0.03149	0.01901	0.02594	0.01554	0.00945	0.01019	0.00315	0.01261	0.00914	0.00494	0.01490
12	0.04604	0.01746	0.02382	0.01826	0.02620	0.01508	0.01508	0.05001	0.02937	0.58244	0.04049	0.03493	0.02540	0.01270	0.01032	0.00318	0.00873	0.01032	0.01270	0.01746
13	0.04269	0.01648	0.02204	0.01717	0.02442	0.01440	0.01410	0.04676	0.02839	0.51461	0.03961	0.03534	0.02552	0.01261	0.00993	0.00308	0.00824	0.01023	0.09791	0.01648
14	0.03308	0.03956	0.02600	0.02369	0.02890	0.42222	0.01788	0.04108	0.13581	0.02900	0.03002	0.03063	0.07322	0.01281	0.00979	0.00290	0.01505	0.00914	0.00676	0.01245
15	0.03087	0.03905	0.10182	0.03182	0.03972	0.26319	0.18504	0.08192	0.02755	0.03196	0.01833	0.02258	0.01434	0.01054	0.01198	0.00314	0.05843	0.00885	0.00555	0.01334
16	0.01483	0.01030	0.01300	0.01300	0.01362	0.01093	0.00847	0.01608	0.01546	0.02123	0.03069	0.05802	0.03334	0.44801	0.23815	0.01218	0.01592	0.01359	0.00597	0.00722
17	0.02540	0.02438	0.04165	0.06299	0.57533	0.02438	0.03149	0.03149	0.02337	0.03353	0.01930	0.02540	0.01626	0.00914	0.01016	0.00305	0.01219	0.00914	0.00508	0.01626
18	0.01250	0.00893	0.01191	0.01429	0.01488	0.00834	0.00953	0.01429	0.01965	0.02620	0.05656	0.63265	0.06787	0.03215	0.01310	0.00417	0.00595	0.02917	0.00953	0.00834
19	0.08832	0.02003	0.02473	0.01909	0.02698	0.01917	0.01576	0.15339	0.03261	0.43681	0.03539	0.03153	0.02277	0.01241	0.01005	0.00315	0.00923	0.00978	0.01176	0.01704
20	0.02540	0.02438	0.04165	0.06299	0.57533	0.02438	0.03149	0.03149	0.02337	0.03353	0.01930	0.02540	0.01626	0.00914	0.01016	0.00305	0.01219	0.00914	0.00508	0.01626
21	0.03068	0.02578	0.02485	0.02349	0.05481	0.14365	0.01814	0.18801	0.03257	0.07694	0.03276	0.05137	0.02968	0.01641	0.01095	0.00342	0.01170	0.15237	0.05909	0.01332
22	0.01729	0.00927	0.01390	0.01390	0.01421	0.00958	0.00958	0.01421	0.01390	0.01884	0.01947	0.03274	0.01915	0.04266	0.13492	0.58517	0.01207	0.00927	0.00463	0.00526
23	0.10744	0.02758	0.02501	0.14868	0.03587	0.20171	0.01853	0.06003	0.02556	0.11274	0.02453	0.08510	0.02073	0.01280	0.00965	0.00306	0.01258	0.00996	0.00707	0.05135
24	0.02054	0.08627	0.39152	0.14665	0.04669	0.02395	0.03291	0.03025	0.02152	0.03048	0.02077	0.02950	0.01661	0.01118	0.00995	0.00332	0.01413	0.04517	0.00477	0.01383
25	0.04024	0.01576	0.02074	0.01638	0.02313	0.01389	0.01338	0.04439	0.02768	0.46513	0.03897	0.03565	0.02560	0.01254	0.00964	0.00301	0.00788	0.01016	0.16008	0.01576
26	0.29809	0.01915	0.02052	0.01665	0.02361	0.01964	0.01367	0.09608	0.02693	0.27829	0.06740	0.02981	0.02425	0.01205	0.00892	0.00317	0.00843	0.00897	0.00989	0.01446
27	0.02415	0.34707	0.19869	0.02439	0.03465	0.03185	0.09762	0.03062	0.02124	0.02768	0.01731	0.02125	0.01438	0.01402	0.05159	0.00371	0.01425	0.00742	0.00457	0.01352
28	0.07388	0.01747	0.02085	0.01822	0.02410	0.01775	0.01485	0.04349	0.18495	0.25714	0.04104	0.04841	0.03192	0.01540	0.01052	0.00347	0.00833	0.09227	0.06114	0.01481
29	0.01455	0.01064	0.01513	0.01531	0.01670	0.01194	0.01131	0.01737	0.01642	0.02324	0.03054	0.08865	0.03098	0.18241	0.45039	0.01433	0.02253	0.01308	0.00593	0.00853
30	0.02739	0.03706	0.33231	0.02478	0.03592	0.02065	0.02816	0.07212	0.02570	0.16486	0.02915	0.03827	0.02275	0.01325	0.01055	0.00343	0.01256	0.07857	0.00747	0.01507
31	0.02536	0.09132	0.03825	0.08771	0.31777	0.02335	0.06256	0.03066	0.02302	0.08097	0.02534	0.10127	0.02293	0.01234	0.01029	0.00316	0.01145	0.01155	0.00622	0.01449
32	0.01627	0.00989	0.01324	0.01473	0.01615	0.00909	0.01015	0.01830	0.02074	0.08862	0.05476	0.56557	0.06311	0.02997	0.01279	0.00406	0.00627	0.02706	0.00988	0.00936
33	0.04397	0.01793	0.02375	0.01852	0.02625	0.01614	0.01520	0.05047	0.08261	0.52799	0.04062	0.03527	0.02600	0.01282	0.01033	0.00321	0.00867	0.01045	0.01247	0.01734
34	0.13295	0.11241	0.25077	0.03006	0.09737	0.02627	0.09094	0.03385	0.07016	0.03473	0.01976	0.02291	0.01508	0.00977	0.00922	0.00313	0.01278	0.00811	0.00541	0.01433
35	0.01739	0.01005	0.01120	0.01127	0.01374	0.00975	0.00869	0.02202	0.02345	0.03734	0.15308	0.05853	0.08407	0.01652	0.00927	0.00288	0.00530	0.06246	0.43347	0.00951
36	0.02118	0.01948	0.02951	0.14469	0.03592	0.02449	0.05871	0.06271	0.01996	0.02838	0.01944	0.02862	0.01712	0.03057	0.17192	0.00720	0.25367	0.00978	0.00525	0.01139
37	0.02096	0.05503	0.08117	0.01604	0.02095	0.01359	0.01398	0.02495	0.02373	0.13584	0.12267	0.24147	0.14544	0.02188	0.01148	0.00350	0.00755	0.01892	0.00947	0.01139
38	0.02462	0.02381	0.04066	0.11908	0.41606	0.02447	0.08090	0.03314	0.07173	0.03350	0.02138	0.02702	0.01727	0.00965	0.01039	0.00317	0.01250	0.00966	0.00552	0.01547
39	0.01976	0.01521	0.02003	0.01895	0.02270	0.01552	0.04974	0.09304	0.07454	0.03575	0.05105	0.19420	0.09945	0.02306	0.01229	0.00391	0.00864	0.17811	0.05288	0.01114
40	0.09464	0.32950	0.16115	0.02888	0.14117	0.03195	0.02409	0.03121	0.02120	0.03005	0.01618	0.01941	0.01355	0.00914	0.00796	0.00269	0.01181	0.00669	0.00472	0.01402
41	0.03526	0.03369	0.14372	0.02476	0.03438	0.03020	0.02325	0.43770	0.04284	0.05813	0.02337	0.02403	0.01655	0.01180	0.01016	0.00311	0.01208	0.00890	0.00906	0.01699
42	0.02557	0.02505	0.03359	0.12654	0.29624	0.08152	0.02538	0.03597	0.13184	0.03353	0.02329	0.02731	0.01857	0.01031	0.00995	0.00304	0.01188	0.00916	0.00619	0.06508
43	0.02177	0.02152	0.03009	0.02607	0.02611	0.02985	0.02156	0.02398	0.01599	0.02480	0.01643	0.06435	0.01721	0.01894	0.03226	0.00447	0.57837	0.01037	0.00484	0.01103
44	0.02436	0.37981	0.29256	0.02280	0.03445	0.03308	0.02669	0.03152	0.02122	0.02789	0.01613	0.01880	0.01309	0.00921	0.00800	0.00267	0.01285	0.00643	0.00436	0.01407
45	0.04286	0.01676	0.02280	0.01772	0.02510	0.01454	0.01454	0.04692	0.02934	0.52781	0.09392	0.03914	0.03261	0.01354	0.01050	0.00318	0.00834	0.01115	0.01256	0.01668
46	0.04604	0.01746	0.02382	0.01826	0.02620	0.01508	0.01508	0.05001	0.02937	0.58244	0.04049	0.03493	0.02540	0.01270	0.01032	0.00318	0.00873	0.01032	0.01270	0.01746
47	0.10424	0.02519	0.02700	0.02235	0.02890	0.06849	0.04997	0.24379	0.13042	0.04888	0.06215	0.03837	0.02791	0.01409	0.01042	0.00333	0.01070	0.05999	0.00916	0.01462
48	0.04392	0.02280	0.02569	0.02011	0.02783	0.07715	0.01641	0.14335	0.03297	0.42682	0.03496	0.03130	0.02265	0.01241	0.01020	0.00310	0.01021	0.00974	0.01149	0.01690
49	0.01759	0.01411	0.01951	0.01817	0.01867	0.01749	0.01377	0.01874	0.01563	0.02253	0.02428	0.07260	0.02557	0.17565	0.18025	0.10532	0.21428	0.01195	0.00541	0.00848
50	0.01806	0.01127	0.01485	0.01351	0.01655	0.01029	0.01029	0.02281	0.02908	0.10190	0.51050	0.07197	0.08881	0.02005	0.01190	0.00322	0.00528	0.01763	0.01145	0.01056
51	0.02171	0.15021	0.49889	0.02733	0.04145	0.02658	0.03458	0.03221	0.02153	0.03113	0.01774	0.02081	0.01303	0.00959	0.00923	0.00308	0.01448	0.00724	0.00434	0.01484
52	0.04288	0.01788	0.02322	0.01801	0.02547	0.01627	0.01481	0.09720	0.03056	0.48060	0.03825	0.03419	0.02468	0.01259	0.01003	0.00309	0.00863	0.01014	0.07474	0.01674
53	0.22063	0.02048	0.02298	0.01813	0.02571	0.02073	0.01497	0.14878	0.03022	0.33092	0.03020	0.02792	0.01994	0.01178	0.00926	0.00316	0.00906	0.00883	0.01051	0.01578
54	0.02788	0.03000	0.03939	0.04890	0.34363	0.15475	0.07400	0.03300	0.02388	0.03058	0.01801	0.02372	0.01520	0.01041	0.01277	0.00316	0.08236	0.00882	0.00507	0.01449
55	0.03300	0.01522	0.01938	0.01667	0.02215	0.01430	0.01378	0.07361	0.02767	0.30041	0.04045	0.05142	0.03189	0.01567	0.01034	0.00329	0.00811	0.11090	0.17784	0.01392
56	0.01859	0.01366	0.01596	0.01606	0.01827	0.04891	0.01180	0.02282	0.04989	0.06714	0.03891	0.23928	0.04016	0.08313	0.22246	0.00862	0.01492	0.01700	0.04252	0.00989
57	0.13392	0.01980	0.03020	0.03746	0.26022	0.01973	0.05623	0.03050	0.02319	0.10677	0.06787	0.11343	0.02979	0.01371	0.01027	0.00328	0.01000	0.01242	0.00737	0.01384
58	0.02427	0.02323	0.03962	0.16631	0.48082	0.02409	0.03093	0.03051	0.02283	0.03216	0.01910	0.02577	0.01577	0.00935	0.01018	0.00312	0.01247	0.00914	0.00498	0.01535
59	0.02133	0.01777	0.01868	0.01670	0.02030	0.07738	0.03822	0.05979	0.06180	0.03595	0.11516	0.09074	0.10928	0.01675	0.01138	0.00310	0.04311	0.01376	0.21788	0.01091
60	0.09148	0.43976	0.04675	0.02026	0.02867	0.06901	0.05542	0.08870	0.02434	0.03138	0.01600	0.01834	0.01364	0.00934	0.00753	0.00250	0.01163	0.00646	0.00534	0.01344
61	0.02413	0.02023	0.03246	0.07126	0.07161	0.01956	0.13584	0.05746	0.02420	0.08366	0.05862	0.09010	0.02650	0.01293	0.01213	0.00304	0.05522	0.01177	0.00709	0.18221
62	0.02658	0.06193	0.06912	0.11034	0.12766	0.07272	0.02087	0.03339	0.06103	0.12209	0.06397	0.03757	0.08449	0.01284	0.01007	0.00305	0.01081	0.01069	0.00746	0.05332
63	0.07225	0.02747	0.14652	0.20934	0.17193	0.02267	0.06649	0.03245	0.02258	0.10038	0.02121	0.02598	0.01557	0.01003	0.01001	0.00325	0.01290	0.00894	0.00582	0.01421

[dist]
# distance from previous block
# <min> <max>
0	10

[block]
# block no. 2 follows, 14 sequences, length 38
# corresponding to MSA columns:
# 107-144
name=unknown_C
#
# <colnr> <probs for GDERKNQSTAVLIFYWHMCP>
#	G	D	E	R	K	N	Q	S	T	A	V	L	I	F	Y	W	H	M	C	P
0	0.07987	0.01926	0.02286	0.01809	0.02495	0.01908	0.01478	0.17648	0.03298	0.30601	0.08459	0.03532	0.02928	0.01312	0.00993	0.00308	0.00863	0.01045	0.07565	0.01558
1	0.01608	0.01449	0.02250	0.01882	0.02327	0.01342	0.11789	0.02197	0.05488	0.03328	0.21044	0.12562	0.24445	0.02092	0.01212	0.00347	0.00782	0.01897	0.00919	0.01041
2	0.13243	0.07198	0.14688	0.08031	0.03633	0.08340	0.07890	0.03494	0.02340	0.14450	0.02408	0.05761	0.01864	0.01149	0.00958	0.00318	0.01242	0.00942	0.00685	0.01366
3	0.02531	0.01654	0.02102	0.01905	0.02239	0.01826	0.01538	0.10646	0.02578	0.12181	0.03767	0.16880	0.03649	0.02026	0.01569	0.00379	0.12636	0.09815	0.08872	0.01209
4	0.01347	0.00964	0.01302	0.01467	0.01556	0.00962	0.01026	0.01561	0.01876	0.02532	0.04800	0.41790	0.05559	0.11067	0.13076	0.00725	0.01081	0.05639	0.00836	0.00833
5	0.02262	0.02269	0.04036	0.24969	0.14100	0.02504	0.17153	0.03149	0.07189	0.03073	0.02088	0.02768	0.01628	0.01070	0.01303	0.00348	0.07203	0.01019	0.00537	0.01333
6	0.02379	0.03017	0.12118	0.12949	0.13521	0.11256	0.12737	0.03067	0.02460	0.03192	0.10467	0.03251	0.02730	0.01139	0.01066	0.00319	0.01375	0.01056	0.00591	0.01311
7	0.04604	0.01746	0.02382	0.01826	0.02620	0.01508	0.01508	0.05001	0.02937	0.58244	0.04049	0.03493	0.02540	0.01270	0.01032	0.00318	0.00873	0.01032	0.01270	0.01746
8	0.02271	0.01481	0.01792	0.01540	0.01966	0.01450	0.01206	0.12329	0.03236	0.10716	0.36742	0.06350	0.10998	0.01874	0.01154	0.00321	0.00656	0.01605	0.01112	0.01200
9	0.13164	0.03534	0.13527	0.03047	0.12497	0.14101	0.02387	0.18306	0.03063	0.04263	0.01928	0.02181	0.01463	0.01053	0.00937	0.00303	0.01313	0.00784	0.00669	0.01478
10	0.01895	0.01347	0.01910	0.02186	0.08298	0.01371	0.01495	0.02227	0.02154	0.08286	0.04946	0.25036	0.10424	0.02941	0.07021	0.00516	0.05711	0.10313	0.00854	0.01069
11	0.01476	0.01061	0.01456	0.01456	0.01572	0.01178	0.01041	0.01708	0.01592	0.02239	0.02926	0.05012	0.02991	0.28244	0.39902	0.01410	0.02108	0.01243	0.00576	0.00809
12	0.03094	0.02238	0.02714	0.02245	0.02930	0.02427	0.05744	0.10815	0.35434	0.14882	0.03789	0.03523	0.02734	0.01309	0.01053	0.00337	0.00933	0.01112	0.01044	0.01643
13	0.02455	0.40254	0.21389	0.08040	0.03625	0.03372	0.02485	0.03082	0.02107	0.02690	0.01593	0.01913	0.01317	0.00922	0.00791	0.00264	0.01252	0.00649	0.00439	0.01360
14	0.01845	0.01190	0.01606	0.01740	0.02025	0.01142	0.01469	0.02257	0.02375	0.08273	0.05896	0.15737	0.11585	0.02696	0.01346	0.00438	0.00854	0.35546	0.00978	0.01002
15	0.71184	0.01985	0.01508	0.01350	0.01985	0.02302	0.01111	0.03017	0.01746	0.04604	0.01429	0.01667	0.01111	0.00953	0.00635	0.00318	0.00794	0.00556	0.00635	0.01111
16	0.01938	0.01824	0.03078	0.61468	0.07068	0.02280	0.02850	0.02622	0.02052	0.02622	0.01824	0.02736	0.01368	0.01026	0.01026	0.00342	0.01368	0.00912	0.00456	0.01140
17	0.01250	0.00893	0.01191	0.01429	0.01488	0.00834	0.00953	0.01429	0.01965	0.02620	0.05656	0.63265	0.06787	0.03215	0.01310	0.00417	0.00595	0.02917	0.00953	0.00834
18	0.17794	0.03107	0.02642	0.02174	0.02878	0.17661	0.01742	0.25632	0.03502	0.10188	0.02178	0.02242	0.01583	0.01133	0.00920	0.00299	0.01224	0.00790	0.00840	0.01470
19	0.01682	0.01449	0.02337	0.02129	0.02550	0.01369	0.11486	0.02173	0.02368	0.03032	0.06133	0.09414	0.18973	0.02390	0.01322	0.00414	0.00981	0.27925	0.00865	0.01008
20	0.04483	0.01941	0.02502	0.01918	0.02717	0.01797	0.01585	0.13471	0.03263	0.49314	0.03775	0.03315	0.02403	0.01264	0.01031	0.00316	0.00917	0.01013	0.01228	0.01746
21	0.04604	0.01746	0.02382	0.01826	0.02620	0.01508	0.01508	0.05001	0.02937	0.58244	0.04049	0.03493	0.02540	0.01270	0.01032	0.00318	0.00873	0.01032	0.01270	0.01746
22	0.02275	0.02168	0.03687	0.30553	0.35347	0.02369	0.03018	0.02918	0.02212	0.03031	0.01884	0.02626	0.01512	0.00963	0.01020	0.00321	0.01285	0.00913	0.00485	0.01412
23	0.02475	0.02728	0.04401	0.03406	0.03913	0.08327	0.24888	0.02985	0.02073	0.02833	0.01691	0.02437	0.01437	0.01316	0.02186	0.00386	0.29772	0.01013	0.00487	0.01244
24	0.01250	0.00893	0.01191	0.01429	0.01488	0.00834	0.00953	0.01429	0.01965	0.02620	0.05656	0.63265	0.06787	0.03215	0.01310	0.00417	0.00595	0.02917	0.00953	0.00834
25	0.02313	0.02207	0.03755	0.27110	0.38497	0.02379	0.03036	0.02950	0.02229	0.03077	0.01890	0.02614	0.01528	0.00956	0.01020	0.00319	0.01275	0.00913	0.00488	0.01442
26	0.02249	0.21819	0.43780	0.02599	0.03938	0.02851	0.03224	0.03201	0.02144	0.03017	0.01726	0.02022	0.01305	0.00948	0.00887	0.00296	0.01400	0.00700	0.00435	0.01461
27	0.01263	0.01042	0.01110	0.01093	0.01417	0.00888	0.00820	0.01571	0.02459	0.03056	0.20238	0.09409	0.47098	0.02493	0.01212	0.00342	0.00512	0.02100	0.00990	0.00888
28	0.45872	0.01894	0.01840	0.01531	0.02226	0.02000	0.01262	0.03771	0.02199	0.24996	0.02425	0.02361	0.01655	0.01073	0.00786	0.00318	0.00824	0.00737	0.00877	0.01353
29	0.02184	0.16170	0.48857	0.02711	0.04110	0.02691	0.03418	0.03217	0.02152	0.03097	0.01766	0.02071	0.01303	0.00957	0.00917	0.00306	0.01440	0.00720	0.00434	0.01480
30	0.02051	0.01867	0.02989	0.02437	0.02996	0.01886	0.16171	0.03303	0.17147	0.03809	0.21054	0.05682	0.05156	0.01641	0.01189	0.00354	0.00980	0.07115	0.00912	0.01263
31	0.01750	0.01591	0.01592	0.01669	0.01836	0.10134	0.01202	0.01988	0.02007	0.02507	0.04043	0.30625	0.04529	0.09701	0.16575	0.00765	0.01396	0.04443	0.00753	0.00896
32	0.02058	0.05308	0.58618	0.02925	0.04442	0.02383	0.03792	0.03250	0.02167	0.03250	0.01842	0.02167	0.01300	0.00975	0.00975	0.00325	0.01517	0.00758	0.00433	0.01517
33	0.02759	0.02674	0.03872	0.08986	0.43909	0.07885	0.02902	0.08264	0.02620	0.03538	0.01944	0.02480	0.01593	0.00966	0.01009	0.00304	0.01279	0.00891	0.00558	0.01566
34	0.03002	0.07634	0.19265	0.07954	0.03623	0.02031	0.05220	0.03659	0.02435	0.23845	0.03034	0.08781	0.02336	0.01300	0.01023	0.00326	0.01147	0.01100	0.00809	0.01477
35	0.52468	0.02556	0.10728	0.02167	0.08783	0.02331	0.01765	0.03068	0.01880	0.04248	0.01551	0.01846	0.01200	0.00952	0.00732	0.00317	0.00956	0.00629	0.00589	0.01234
36	0.02649	0.03135	0.09822	0.03376	0.13832	0.14922	0.10031	0.06816	0.07863	0.03339	0.02692	0.11739	0.02453	0.01365	0.01069	0.00326	0.01329	0.01215	0.00662	0.01368
37	0.02670	0.02235	0.07454	0.04204	0.31911	0.01956	0.02430	0.03186	0.02330	0.13752	0.02865	0.10036	0.02539	0.06210	0.01381	0.00376	0.01086	0.01202	0.00710	0.01470

[dist]
# distance from previous block
# <min> <max>
0	11

[block]
# block no. 3 follows, 14 sequences, length 20
# corresponding to MSA columns:
# 156-175
name=unknown_D
#
# <colnr> <probs for GDERKNQSTAVLIFYWHMCP>
#	G	D	E	R	K	N	Q	S	T	A	V	L	I	F	Y	W	H	M	C	P
0	0.02302	0.16759	0.44908	0.02663	0.04013	0.02759	0.03284	0.06228	0.02308	0.03277	0.01797	0.02082	0.01330	0.00971	0.00916	0.00303	0.01412	0.00727	0.00470	0.01491
1	0.02330	0.09530	0.34454	0.14230	0.04712	0.02461	0.07041	0.03255	0.02218	0.07481	0.01996	0.02383	0.01434	0.00991	0.00979	0.00320	0.01414	0.00826	0.00512	0.01434
2	0.04444	0.02003	0.02540	0.01948	0.02748	0.01889	0.01609	0.16176	0.03367	0.46462	0.03688	0.03259	0.02359	0.01261	0.01031	0.00315	0.00931	0.01007	0.01215	0.01746
3	0.01366	0.01008	0.01181	0.01244	0.01479	0.00910	0.00921	0.01685	0.02340	0.03114	0.17253	0.22476	0.26367	0.02547	0.01207	0.00359	0.00560	0.05868	0.07223	0.00892
4	0.02416	0.03593	0.25887	0.02935	0.03999	0.02483	0.14002	0.09007	0.14067	0.03811	0.02664	0.03217	0.02057	0.01172	0.01072	0.00341	0.01339	0.03760	0.00675	0.01503
5	0.02910	0.01351	0.01760	0.01506	0.01891	0.01264	0.01107	0.03136	0.02171	0.27726	0.03547	0.04918	0.03046	0.28488	0.09946	0.00765	0.01152	0.01234	0.00909	0.01171
6	0.01454	0.01065	0.01519	0.01537	0.01678	0.01197	0.01138	0.01740	0.01645	0.02329	0.03057	0.09018	0.03097	0.17504	0.45557	0.01438	0.02269	0.01309	0.00593	0.00857
7	0.03131	0.03018	0.17691	0.02273	0.03159	0.05059	0.02230	0.08713	0.13390	0.19989	0.03331	0.03757	0.02493	0.01342	0.01048	0.00336	0.01116	0.05458	0.00908	0.01558
8	0.02662	0.02868	0.10973	0.09762	0.04995	0.02493	0.33515	0.07927	0.02617	0.08486	0.02237	0.02737	0.01615	0.00964	0.01133	0.00337	0.01537	0.01087	0.00617	0.01438
9	0.04604	0.01746	0.02382	0.01826	0.02620	0.01508	0.01508	0.05001	0.02937	0.58244	0.04049	0.03493	0.02540	0.01270	0.01032	0.00318	0.00873	0.01032	0.01270	0.01746
10	0.09976	0.01766	0.02311	0.01787	0.02568	0.01572	0.01476	0.04841	0.02841	0.53916	0.03837	0.03346	0.02425	0.01245	0.01000	0.00318	0.00867	0.00994	0.01219	0.01695
11	0.02628	0.54558	0.14359	0.01953	0.02939	0.03778	0.02099	0.03103	0.02099	0.02555	0.01497	0.01734	0.01314	0.00894	0.00712	0.00237	0.01168	0.00584	0.00438	0.01351
12	0.01247	0.00905	0.01179	0.01398	0.01480	0.00836	0.00939	0.01432	0.01995	0.02632	0.06038	0.58968	0.10838	0.03165	0.01302	0.00411	0.00589	0.02857	0.00953	0.00836
13	0.01480	0.01043	0.01361	0.01361	0.01445	0.01126	0.00924	0.01648	0.01564	0.02169	0.03012	0.05490	0.03199	0.38253	0.30177	0.01294	0.01796	0.01313	0.00589	0.00756
14	0.09145	0.08782	0.24109	0.02205	0.03205	0.02219	0.02356	0.07614	0.02521	0.18027	0.02746	0.07994	0.02146	0.01266	0.00965	0.00320	0.01129	0.01003	0.00768	0.01479
15	0.30217	0.02009	0.01957	0.01785	0.02353	0.02281	0.01457	0.09001	0.19390	0.04436	0.03106	0.04151	0.02651	0.01447	0.00942	0.00353	0.00861	0.09431	0.00860	0.01313
16	0.02058	0.05308	0.58618	0.02925	0.04442	0.02383	0.03792	0.03250	0.02167	0.03250	0.01842	0.02167	0.01300	0.00975	0.00975	0.00325	0.01517	0.00758	0.00433	0.01517
17	0.19903	0.04309	0.20821	0.02416	0.03295	0.26772	0.02360	0.03553	0.02378	0.03271	0.01631	0.01909	0.01263	0.01005	0.00870	0.00297	0.01480	0.00667	0.00524	0.01277
18	0.10435	0.08081	0.03050	0.02180	0.02924	0.02880	0.04399	0.32400	0.08573	0.05334	0.07349	0.02919	0.02477	0.01245	0.00980	0.00308	0.01035	0.00973	0.00918	0.01540
19	0.03424	0.03344	0.07851	0.02381	0.03135	0.16341	0.02019	0.22709	0.16609	0.07681	0.02714	0.02688	0.01993	0.01209	0.01002	0.00310	0.01243	0.00911	0.00873	0.01562

[dist]
# distance from previous block
# <min> <max>
0	2

[block]
# block no. 4 follows, 14 sequences, length 12
# corresponding to MSA columns:
# 178-189
name=unknown_E
#
# <colnr> <probs for GDERKNQSTAVLIFYWHMCP>
#	G	D	E	R	K	N	Q	S	T	A	V	L	I	F	Y	W	H	M	C	P
0	0.03855	0.02376	0.02702	0.02134	0.02898	0.02517	0.01742	0.28493	0.14475	0.22690	0.03319	0.03070	0.02281	0.01277	0.01032	0.00319	0.00983	0.01006	0.01109	0.01721
1	0.02532	0.09874	0.24948	0.02365	0.03364	0.02563	0.02488	0.04299	0.24922	0.07766	0.02956	0.02918	0.02173	0.01164	0.00976	0.00323	0.01126	0.00928	0.00756	0.01559
2	0.12997	0.01776	0.02271	0.01766	0.02540	0.01608	0.01458	0.04751	0.02787	0.51483	0.03718	0.03263	0.02360	0.01230	0.00982	0.00318	0.00863	0.00972	0.01190	0.01666
3	0.03431	0.04047	0.02723	0.02469	0.03014	0.41822	0.01870	0.04524	0.19489	0.03071	0.02400	0.02472	0.01891	0.01163	0.00963	0.00291	0.01524	0.00818	0.00691	0.01326
4	0.02943	0.03246	0.03850	0.04623	0.30568	0.20871	0.08355	0.03623	0.06102	0.03138	0.01987	0.02431	0.01621	0.00987	0.01011	0.00299	0.01452	0.00883	0.00552	0.01459
5	0.01858	0.00967	0.01006	0.00996	0.01236	0.00958	0.00747	0.02337	0.02242	0.03860	0.09737	0.04283	0.03470	0.01303	0.00776	0.00249	0.00479	0.01064	0.61473	0.00958
6	0.02564	0.02563	0.03710	0.09439	0.43371	0.08865	0.02800	0.03092	0.02317	0.03099	0.01984	0.02796	0.01734	0.05786	0.01330	0.00356	0.01285	0.00930	0.00515	0.01464
7	0.01250	0.00893	0.01191	0.01429	0.01488	0.00834	0.00953	0.01429	0.01965	0.02620	0.05656	0.63265	0.06787	0.03215	0.01310	0.00417	0.00595	0.02917	0.00953	0.00834
8	0.02472	0.02369	0.04043	0.12487	0.51873	0.02421	0.03116	0.03090	0.02305	0.03271	0.01918	0.02562	0.01597	0.00927	0.01017	0.00309	0.01236	0.00914	0.00502	0.01571
9	0.01909	0.01272	0.01513	0.01378	0.01761	0.01195	0.01058	0.02603	0.09025	0.10557	0.30071	0.07345	0.22210	0.02060	0.01169	0.00332	0.00583	0.01762	0.01084	0.01114
10	0.04604	0.01746	0.02382	0.01826	0.02620	0.01508	0.01508	0.05001	0.02937	0.58244	0.04049	0.03493	0.02540	0.01270	0.01032	0.00318	0.00873	0.01032	0.01270	0.01746
11	0.02258	0.03288	0.24060	0.02576	0.03440	0.02300	0.08320	0.08837	0.09099	0.03491	0.02634	0.07407	0.02297	0.08767	0.01730	0.00424	0.05937	0.01132	0.00648	0.01355

[dist]
# distance from previous block
# <min> <max>
0	1

[block]
# block no. 5 follows, 14 sequences, length 123
# corresponding to MSA columns:
# 191-313
name=unknown_F
#
# <colnr> <probs for GDERKNQSTAVLIFYWHMCP>
#	G	D	E	R	K	N	Q	S	T	A	V	L	I	F	Y	W	H	M	C	P
0	0.01573	0.01164	0.01330	0.01364	0.01500	0.01191	0.00895	0.02116	0.10507	0.02607	0.04606	0.23334	0.08248	0.31394	0.03098	0.00672	0.00813	0.01910	0.00812	0.00865
1	0.04110	0.02539	0.02872	0.02202	0.03015	0.02685	0.01819	0.39505	0.04264	0.21867	0.02935	0.02770	0.01982	0.01243	0.01028	0.00311	0.01053	0.00956	0.01099	0.01746
2	0.15029	0.01870	0.02298	0.01792	0.02563	0.01762	0.01480	0.08453	0.02894	0.45834	0.03515	0.03127	0.02254	0.01217	0.00969	0.00317	0.00880	0.00949	0.01152	0.01646
3	0.02221	0.04198	0.38470	0.03433	0.12713	0.02350	0.07219	0.06250	0.02364	0.03424	0.02177	0.06528	0.01780	0.01128	0.01026	0.00329	0.01398	0.00978	0.00524	0.01491
4	0.01367	0.00977	0.01321	0.01537	0.01654	0.00931	0.01132	0.01642	0.02131	0.02838	0.09160	0.46259	0.06764	0.03041	0.01330	0.00424	0.00677	0.14981	0.00963	0.00871
5	0.23719	0.13738	0.32306	0.02247	0.03387	0.02626	0.02631	0.03149	0.02023	0.03539	0.01647	0.01928	0.01244	0.00953	0.00818	0.00306	0.01224	0.00662	0.00497	0.01358
6	0.02290	0.02235	0.03288	0.47506	0.06302	0.07167	0.06541	0.06945	0.02375	0.02973	0.01875	0.02643	0.01409	0.01033	0.01032	0.00333	0.01416	0.00915	0.00513	0.01211
7	0.01574	0.06367	0.01919	0.01618	0.01844	0.01492	0.01271	0.01910	0.01673	0.02355	0.02676	0.04039	0.02551	0.11440	0.50758	0.01480	0.02477	0.01084	0.00546	0.00927
8	0.02601	0.07795	0.16725	0.02465	0.07558	0.02331	0.02220	0.14744	0.02775	0.03972	0.01954	0.02211	0.01511	0.00944	0.00888	0.00248	0.01095	0.00738	0.00641	0.26584
9	0.02241	0.07435	0.07643	0.17632	0.16603	0.02297	0.06288	0.06972	0.02400	0.03226	0.02668	0.11149	0.02522	0.01415	0.01070	0.00339	0.01196	0.04974	0.00620	0.01309
10	0.04604	0.01746	0.02382	0.01826	0.02620	0.01508	0.01508	0.05001	0.02937	0.58244	0.04049	0.03493	0.02540	0.01270	0.01032	0.00318	0.00873	0.01032	0.01270	0.01746
11	0.01569	0.01238	0.01442	0.01379	0.01705	0.01204	0.01057	0.02373	0.11139	0.03687	0.31844	0.07930	0.22407	0.02175	0.01196	0.00342	0.00574	0.04643	0.01053	0.01042
12	0.08359	0.04324	0.40952	0.03073	0.08129	0.02332	0.07502	0.03357	0.02222	0.07519	0.01998	0.02301	0.01423	0.00982	0.00972	0.00324	0.01401	0.00811	0.00527	0.01496
13	0.01390	0.01148	0.01337	0.05423	0.01913	0.01092	0.01043	0.01876	0.06357	0.02924	0.11021	0.22068	0.33650	0.02520	0.01211	0.00362	0.00618	0.02170	0.00936	0.00942
14	0.01482	0.01035	0.01322	0.01322	0.01393	0.01105	0.00875	0.01623	0.01552	0.02140	0.03048	0.05687	0.03284	0.42389	0.26158	0.01246	0.01667	0.01342	0.00594	0.00735
15	0.02058	0.05308	0.58618	0.02925	0.04442	0.02383	0.03792	0.03250	0.02167	0.03250	0.01842	0.02167	0.01300	0.00975	0.00975	0.00325	0.01517	0.00758	0.00433	0.01517
16	0.07734	0.41852	0.16088	0.02002	0.02971	0.03441	0.02127	0.03314	0.06762	0.02920	0.01755	0.01949	0.01457	0.00949	0.00757	0.00260	0.01138	0.00647	0.00505	0.01371
17	0.02728	0.01320	0.01718	0.01460	0.01930	0.01175	0.01150	0.03160	0.02817	0.25599	0.28231	0.05871	0.09861	0.01736	0.01101	0.00316	0.00642	0.01481	0.06433	0.01270
18	0.15242	0.01784	0.02242	0.01750	0.02518	0.01635	0.01445	0.04684	0.02747	0.49674	0.03630	0.03201	0.02312	0.01219	0.00969	0.00318	0.00861	0.00956	0.01169	0.01645
19	0.02146	0.02036	0.03454	0.42390	0.24520	0.02335	0.02954	0.02804	0.02150	0.02875	0.01861	0.02668	0.01457	0.00987	0.01023	0.00329	0.01317	0.00913	0.00474	0.01308
20	0.03220	0.01800	0.02493	0.15687	0.03567	0.01913	0.01846	0.04027	0.10453	0.28383	0.03480	0.08249	0.02620	0.01434	0.01235	0.00346	0.05654	0.01170	0.00959	0.01464
21	0.04087	0.02194	0.02589	0.02002	0.02766	0.02219	0.01648	0.26876	0.03727	0.30915	0.03284	0.03055	0.02190	0.01247	0.01006	0.00307	0.00959	0.00978	0.06263	0.01687
22	0.01710	0.01109	0.01488	0.01498	0.01752	0.01039	0.01172	0.02136	0.02627	0.07782	0.32349	0.17167	0.07765	0.02390	0.01262	0.00373	0.00642	0.13668	0.01068	0.01001
23	0.02677	0.23565	0.29550	0.02454	0.03593	0.07428	0.02746	0.10628	0.02583	0.03397	0.01782	0.02022	0.01371	0.00988	0.00879	0.00285	0.01354	0.00709	0.00528	0.01462
24	0.03833	0.04891	0.02908	0.02644	0.03173	0.59815	0.01983	0.04098	0.02908	0.02512	0.01586	0.01851	0.01322	0.01058	0.00925	0.00264	0.01851	0.00661	0.00529	0.01190
25	0.03833	0.04891	0.02908	0.02644	0.03173	0.59815	0.01983	0.04098	0.02908	0.02512	0.01586	0.01851	0.01322	0.01058	0.00925	0.00264	0.01851	0.00661	0.00529	0.01190
26	0.01250	0.00893	0.01191	0.01429	0.01488	0.00834	0.00953	0.01429	0.01965	0.02620	0.05656	0.63265	0.06787	0.03215	0.01310	0.00417	0.00595	0.02917	0.00953	0.00834
27	0.01250	0.00893	0.01191	0.01429	0.01488	0.00834	0.00953	0.01429	0.01965	0.02620	0.05656	0.63265	0.06787	0.03215	0.01310	0.00417	0.00595	0.02917	0.00953	0.00834
28	0.02312	0.02206	0.03754	0.27168	0.38444	0.02378	0.03036	0.02950	0.02229	0.03076	0.01890	0.02614	0.01528	0.00957	0.01020	0.00319	0.01275	0.00913	0.00488	0.01442
29	0.01476	0.01061	0.01452	0.01452	0.01568	0.01176	0.01037	0.01706	0.01591	0.02236	0.02929	0.05029	0.02998	0.28586	0.39570	0.01406	0.02097	0.01245	0.00577	0.00807
30	0.03960	0.02781	0.03022	0.02317	0.03136	0.03043	0.01914	0.50023	0.04668	0.10778	0.02596	0.02549	0.01811	0.01235	0.01027	0.00309	0.01108	0.00933	0.01047	0.01745
31	0.03688	0.01544	0.02088	0.01670	0.02304	0.01351	0.01351	0.04110	0.02928	0.42500	0.19448	0.04707	0.04618	0.01511	0.01084	0.00319	0.00760	0.01272	0.01229	0.01520
32	0.02352	0.02247	0.03826	0.23499	0.41800	0.02389	0.03056	0.02985	0.02248	0.03125	0.01897	0.02601	0.01545	0.00949	0.01019	0.00316	0.01266	0.00914	0.00492	0.01474
33	0.71184	0.01985	0.01508	0.01350	0.01985	0.02302	0.01111	0.03017	0.01746	0.04604	0.01429	0.01667	0.01111	0.00953	0.00635	0.00318	0.00794	0.00556	0.00635	0.01111
34	0.01589	0.01280	0.01885	0.01814	0.01969	0.01577	0.01435	0.01933	0.01637	0.02396	0.02527	0.03749	0.02373	0.06765	0.50947	0.01460	0.12113	0.01068	0.00534	0.00949
35	0.01289	0.00909	0.01179	0.01379	0.01429	0.00859	0.00900	0.01439	0.01889	0.02519	0.05269	0.54230	0.06299	0.12917	0.01935	0.00509	0.00659	0.02690	0.00900	0.00800
36	0.01250	0.00893	0.01191	0.01429	0.01488	0.00834	0.00953	0.01429	0.01965	0.02620	0.05656	0.63265	0.06787	0.03215	0.01310	0.00417	0.00595	0.02917	0.00953	0.00834
37	0.02959	0.03157	0.03438	0.02746	0.03389	0.23836	0.17639	0.07610	0.02742	0.03384	0.02219	0.02642	0.01733	0.01045	0.00973	0.00287	0.01435	0.00921	0.16601	0.01242
38	0.04604	0.01746	0.02382	0.01826	0.02620	0.01508	0.01508	0.05001	0.02937	0.58244	0.04049	0.03493	0.02540	0.01270	0.01032	0.00318	0.00873	0.01032	0.01270	0.01746
39	0.71184	0.01985	0.01508	0.01350	0.01985	0.02302	0.01111	0.03017	0.01746	0.04604	0.01429	0.01667	0.01111	0.00953	0.00635	0.00318	0.00794	0.00556	0.00635	0.01111
40	0.01232	0.01018	0.01081	0.01112	0.01410	0.00867	0.00816	0.01492	0.02315	0.02825	0.12300	0.17715	0.46953	0.02663	0.01227	0.00356	0.00529	0.02261	0.00963	0.00867
41	0.01881	0.00963	0.00985	0.00980	0.01219	0.00957	0.00735	0.02360	0.02204	0.03846	0.07068	0.04092	0.03119	0.01258	0.00752	0.00245	0.00479	0.01019	0.64881	0.00957
42	0.02267	0.01605	0.02577	0.28712	0.04437	0.01774	0.05853	0.02824	0.02187	0.10925	0.02791	0.07660	0.02272	0.01780	0.05751	0.00432	0.01223	0.01124	0.12633	0.01174
43	0.01281	0.00929	0.01217	0.01436	0.01533	0.00865	0.00997	0.01490	0.02028	0.02669	0.06020	0.54665	0.10770	0.03134	0.01311	0.00416	0.00618	0.06823	0.00952	0.00845
44	0.02323	0.01091	0.01213	0.01118	0.01448	0.01047	0.00861	0.02788	0.02325	0.12696	0.06693	0.04003	0.03040	0.01262	0.00798	0.00257	0.00543	0.01023	0.54385	0.01086
45	0.08366	0.01565	0.01923	0.01708	0.02088	0.01703	0.01338	0.13173	0.02483	0.07779	0.07035	0.03609	0.02730	0.04119	0.23910	0.11980	0.01606	0.01039	0.00745	0.01102
46	0.08576	0.02085	0.02416	0.02058	0.02591	0.10369	0.08227	0.03303	0.02460	0.16392	0.03429	0.10791	0.03000	0.01551	0.01032	0.00330	0.01040	0.06993	0.12125	0.01234
47	0.02683	0.32707	0.11529	0.12632	0.06886	0.03301	0.02323	0.10977	0.02532	0.03246	0.01741	0.02082	0.01408	0.00974	0.00842	0.00273	0.01211	0.00719	0.00537	0.01397
48	0.02554	0.01675	0.02307	0.01795	0.02501	0.01387	0.05603	0.02987	0.02378	0.16475	0.07121	0.12869	0.03235	0.01391	0.00986	0.00264	0.00821	0.01229	0.00855	0.31568
49	0.01985	0.17501	0.02847	0.06918	0.02569	0.02222	0.01577	0.02388	0.02279	0.03059	0.17713	0.05017	0.08644	0.01653	0.01348	0.00318	0.09645	0.05295	0.00728	0.06296
50	0.33181	0.21507	0.02919	0.01636	0.02351	0.02825	0.01428	0.03594	0.10691	0.08337	0.02092	0.02163	0.01622	0.01027	0.00742	0.00292	0.00898	0.00691	0.00693	0.01311
51	0.01407	0.01046	0.01318	0.01304	0.01551	0.00956	0.00988	0.01824	0.02677	0.03653	0.39730	0.12891	0.18126	0.02344	0.01236	0.00347	0.00538	0.06061	0.01067	0.00936
52	0.02356	0.10632	0.06494	0.16773	0.10994	0.02176	0.06488	0.02897	0.02247	0.09284	0.02952	0.12640	0.02752	0.01489	0.01063	0.00339	0.01139	0.05333	0.00676	0.01277
53	0.03282	0.13440	0.03243	0.02672	0.09117	0.26884	0.01923	0.07924	0.06003	0.07210	0.02723	0.02836	0.06088	0.01187	0.00939	0.00281	0.01353	0.00873	0.00674	0.01348
54	0.03691	0.01858	0.02751	0.06309	0.16721	0.01741	0.01934	0.04165	0.02665	0.36332	0.03321	0.03236	0.02248	0.01159	0.01000	0.00309	0.00955	0.00989	0.07005	0.01612
55	0.01391	0.00959	0.01178	0.01316	0.01476	0.00893	0.00939	0.01674	0.02158	0.02984	0.10293	0.37617	0.14174	0.02690	0.01203	0.00375	0.00581	0.05720	0.11504	0.00876
56	0.02532	0.27306	0.20381	0.02452	0.03478	0.02874	0.10175	0.03213	0.02300	0.07438	0.06715	0.02643	0.02178	0.01042	0.00913	0.00286	0.01244	0.00864	0.00577	0.01389
57	0.02176	0.02067	0.03507	0.39681	0.26997	0.02342	0.02968	0.02830	0.02164	0.02911	0.01866	0.02659	0.01470	0.00982	0.01022	0.00327	0.01309	0.00913	0.00477	0.01332
58	0.01534	0.01200	0.01780	0.01741	0.01908	0.01445	0.01367	0.01888	0.01642	0.02390	0.02626	0.03875	0.02459	0.07181	0.54929	0.01544	0.07933	0.01082	0.00541	0.00934
59	0.02610	0.08562	0.19431	0.20864	0.09021	0.11152	0.02808	0.03317	0.02319	0.07692	0.01963	0.02395	0.01460	0.01016	0.00965	0.00310	0.01407	0.00810	0.00534	0.01364
60	0.14404	0.40676	0.13084	0.01910	0.02845	0.03439	0.01983	0.06165	0.02205	0.03166	0.01556	0.01782	0.01305	0.00928	0.00727	0.00258	0.01114	0.00606	0.00507	0.01340
61	0.01465	0.01150	0.01281	0.01266	0.01569	0.01053	0.00937	0.05570	0.02536	0.03232	0.16052	0.20681	0.34390	0.02551	0.01219	0.00355	0.00578	0.02187	0.00986	0.00942
62	0.02744	0.64552	0.05378	0.01756	0.02634	0.04061	0.01756	0.03073	0.02085	0.02414	0.01427	0.01646	0.01317	0.00878	0.00658	0.00219	0.01097	0.00549	0.00439	0.01317
63	0.01675	0.01382	0.01733	0.01562	0.01962	0.01272	0.01177	0.01981	0.01992	0.02865	0.03985	0.26504	0.07812	0.02515	0.06156	0.00420	0.06202	0.01684	0.00748	0.26374
64	0.03171	0.02748	0.03762	0.02889	0.03698	0.06950	0.18009	0.19319	0.15755	0.08637	0.02802	0.02913	0.02042	0.01145	0.01081	0.00327	0.01276	0.01058	0.00854	0.01563
65	0.01490	0.01004	0.01166	0.01166	0.01182	0.01020	0.00680	0.01522	0.01506	0.02024	0.03191	0.06481	0.03629	0.59019	0.10000	0.01052	0.01148	0.01458	0.00616	0.00648
66	0.03060	0.22251	0.17104	0.02194	0.03180	0.07581	0.02221	0.10845	0.02698	0.11435	0.02105	0.02215	0.01570	0.01016	0.00873	0.00271	0.01208	0.00739	0.00665	0.06770
67	0.46522	0.02725	0.01996	0.01766	0.02388	0.15424	0.01405	0.07328	0.05575	0.04253	0.01714	0.01903	0.01332	0.01025	0.00756	0.00307	0.01060	0.00645	0.00666	0.01209
68	0.03789	0.02819	0.03017	0.02338	0.03140	0.03130	0.01923	0.50066	0.09053	0.06287	0.02606	0.02577	0.01861	0.01245	0.01028	0.00311	0.01103	0.00944	0.01028	0.01735
69	0.01938	0.01824	0.03078	0.61468	0.07068	0.02280	0.02850	0.02622	0.02052	0.02622	0.01824	0.02736	0.01368	0.01026	0.01026	0.00342	0.01368	0.00912	0.00456	0.01140
70	0.02058	0.05308	0.58618	0.02925	0.04442	0.02383	0.03792	0.03250	0.02167	0.03250	0.01842	0.02167	0.01300	0.00975	0.00975	0.00325	0.01517	0.00758	0.00433	0.01517
71	0.08657	0.02382	0.11052	0.11620	0.03485	0.02155	0.02150	0.03479	0.02234	0.21065	0.02507	0.02766	0.01790	0.01270	0.01481	0.00347	0.14388	0.00898	0.04898	0.01378
72	0.07826	0.12396	0.03678	0.03025	0.11449	0.05909	0.10455	0.07470	0.15121	0.03672	0.02671	0.03358	0.02220	0.01203	0.00997	0.00321	0.01162	0.04929	0.00710	0.01427
73	0.01268	0.00901	0.01185	0.01406	0.01461	0.00846	0.00928	0.01434	0.01929	0.02573	0.05475	0.59044	0.06559	0.07747	0.01602	0.00460	0.00625	0.02811	0.00928	0.00818
74	0.01247	0.00906	0.01178	0.01395	0.01480	0.00836	0.00937	0.01433	0.01997	0.02633	0.06070	0.58598	0.11187	0.03161	0.01301	0.00411	0.00589	0.02852	0.00953	0.00836
75	0.07462	0.14436	0.06718	0.02737	0.11552	0.02575	0.04921	0.11449	0.06710	0.07209	0.06717	0.07881	0.02742	0.01302	0.00973	0.00308	0.01038	0.01092	0.00756	0.01420
76	0.18946	0.26212	0.03597	0.02230	0.07173	0.12028	0.01754	0.07182	0.02426	0.07519	0.01769	0.01957	0.01420	0.00982	0.00780	0.00270	0.01141	0.00663	0.00611	0.01339
77	0.01372	0.00916	0.01168	0.01342	0.01445	0.00864	0.00916	0.01624	0.02070	0.02933	0.09424	0.49287	0.06356	0.02802	0.01207	0.00381	0.00568	0.02519	0.11940	0.00864
78	0.03251	0.01606	0.02060	0.01696	0.02261	0.01504	0.01352	0.10187	0.03096	0.29954	0.20618	0.09487	0.05024	0.01682	0.01110	0.00326	0.00762	0.01429	0.01168	0.01428
79	0.02595	0.22836	0.25884	0.03049	0.12195	0.07366	0.02812	0.06384	0.02390	0.03152	0.01747	0.02061	0.01386	0.00958	0.00884	0.00284	0.01342	0.00722	0.00491	0.01462
80	0.04604	0.01746	0.02382	0.01826	0.02620	0.01508	0.01508	0.05001	0.02937	0.58244	0.04049	0.03493	0.02540	0.01270	0.01032	0.00318	0.00873	0.01032	0.01270	0.01746
81	0.02260	0.01532	0.02017	0.15379	0.03044	0.01649	0.01494	0.06629	0.06945	0.10261	0.07233	0.09122	0.03498	0.21710	0.02422	0.00552	0.00991	0.01360	0.00799	0.01105
82	0.02111	0.08720	0.37568	0.16484	0.04988	0.02502	0.07453	0.03095	0.02155	0.03045	0.01825	0.02308	0.01338	0.00971	0.00982	0.00323	0.01468	0.00815	0.00446	0.01404
83	0.03399	0.03428	0.23751	0.02523	0.03586	0.06778	0.06972	0.04122	0.02602	0.28266	0.02847	0.02798	0.01890	0.01107	0.01017	0.00318	0.01270	0.00915	0.00830	0.01583
84	0.44344	0.01851	0.01911	0.06127	0.02541	0.02087	0.04430	0.02928	0.06194	0.04011	0.02442	0.12518	0.02291	0.01375	0.00848	0.00341	0.00861	0.01074	0.00702	0.01124
85	0.02938	0.54190	0.04991	0.01858	0.02726	0.03913	0.01789	0.11648	0.02545	0.03095	0.01601	0.01784	0.01389	0.00937	0.00720	0.00234	0.01103	0.00612	0.00538	0.01389
86	0.02600	0.02705	0.16233	0.02696	0.03596	0.01904	0.17506	0.03341	0.02598	0.16003	0.15796	0.03983	0.03693	0.01282	0.01116	0.00329	0.01183	0.01222	0.00819	0.01396
