[name]
unknown

[dist]
# distance from previous block
# <min> <max>
0	33

[block]
# block no. 0 follows, 11 sequences, length 31
# corresponding to MSA columns:
# 122-152
name=unknown_A
#
# <colnr> <probs for GDERKNQSTAVLIFYWHMCP>
#	G	D	E	R	K	N	Q	S	T	A	V	L	I	F	Y	W	H	M	C	P
0	0.01429	0.01021	0.01373	0.01633	0.01724	0.00964	0.01146	0.01667	0.02212	0.02938	0.06171	0.53546	0.07317	0.03472	0.01452	0.00465	0.00703	0.08791	0.01044	0.00930
1	0.01491	0.01077	0.01299	0.01367	0.01589	0.00979	0.00978	0.01838	0.02582	0.03518	0.21026	0.27110	0.19615	0.02793	0.01319	0.00390	0.00584	0.02453	0.07014	0.00979
2	0.16357	0.02485	0.03064	0.02357	0.03230	0.02546	0.06144	0.19804	0.03624	0.24495	0.03120	0.03004	0.02101	0.01273	0.01067	0.00348	0.01123	0.01013	0.01097	0.01749
3	0.26430	0.02860	0.03981	0.03099	0.03929	0.09212	0.21859	0.03495	0.02450	0.03998	0.02286	0.03346	0.01929	0.01204	0.01082	0.00370	0.01467	0.05003	0.00658	0.01340
4	0.01429	0.01021	0.01373	0.01633	0.01724	0.00964	0.01146	0.01667	0.02212	0.02938	0.06171	0.53546	0.07317	0.03472	0.01452	0.00465	0.00703	0.08791	0.01044	0.00930
5	0.02217	0.02033	0.03237	0.02731	0.03293	0.02078	0.14925	0.03581	0.17639	0.03694	0.04573	0.22283	0.04498	0.02142	0.01326	0.00417	0.01111	0.05915	0.00942	0.01365
6	0.03872	0.14731	0.04190	0.02660	0.03596	0.03622	0.06549	0.36069	0.04443	0.05876	0.02435	0.02554	0.01801	0.01236	0.01064	0.00322	0.01294	0.00961	0.00945	0.01783
7	0.03557	0.02172	0.02578	0.01998	0.02795	0.02073	0.01621	0.17837	0.03651	0.19090	0.12362	0.03998	0.03724	0.01423	0.01099	0.00305	0.00937	0.01159	0.01119	0.16502
8	0.02697	0.31050	0.21237	0.02948	0.04168	0.03525	0.13106	0.03483	0.02397	0.03145	0.01864	0.02255	0.01497	0.00993	0.00964	0.00307	0.01500	0.00834	0.00499	0.01529
9	0.04092	0.10624	0.03445	0.02808	0.03424	0.51070	0.02151	0.04388	0.03104	0.02745	0.01723	0.02009	0.01449	0.01141	0.00987	0.00285	0.01952	0.00713	0.00571	0.01318
10	0.02910	0.20048	0.31929	0.02692	0.04023	0.03094	0.03137	0.07831	0.02695	0.08519	0.02192	0.02393	0.01606	0.01097	0.00987	0.00323	0.01434	0.00815	0.00624	0.01651
11	0.02556	0.02224	0.03720	0.14333	0.10594	0.02349	0.12666	0.03441	0.07279	0.08068	0.08087	0.04367	0.07580	0.01474	0.01418	0.00377	0.05909	0.01335	0.00784	0.01440
12	0.02126	0.02001	0.03376	0.57739	0.07752	0.02501	0.03126	0.02876	0.02251	0.02876	0.02001	0.03001	0.01500	0.01125	0.01125	0.00375	0.01500	0.01000	0.00500	0.01250
13	0.03133	0.02720	0.03785	0.08127	0.13958	0.02948	0.08559	0.17006	0.18482	0.04869	0.03056	0.03252	0.02300	0.01265	0.01156	0.00359	0.01258	0.01132	0.00894	0.01741
14	0.03302	0.02319	0.04127	0.19965	0.10033	0.02331	0.15245	0.03994	0.02713	0.20142	0.02895	0.03264	0.02010	0.01154	0.01182	0.00363	0.01413	0.01133	0.00820	0.01595
15	0.03848	0.01590	0.02067	0.01697	0.02323	0.01449	0.01370	0.04308	0.02834	0.34451	0.04080	0.03994	0.02818	0.02000	0.05945	0.00453	0.01011	0.01113	0.21076	0.01572
16	0.02257	0.05822	0.54613	0.03208	0.04871	0.02614	0.04158	0.03564	0.02376	0.03564	0.02020	0.02376	0.01426	0.01069	0.01069	0.00356	0.01663	0.00832	0.00475	0.01663
17	0.04114	0.02752	0.08406	0.03108	0.09780	0.02373	0.06630	0.14220	0.03444	0.28374	0.03349	0.03248	0.02246	0.01263	0.01141	0.00348	0.01219	0.01080	0.01068	0.01838
18	0.01771	0.01167	0.01444	0.01438	0.01731	0.01040	0.01053	0.02122	0.02702	0.08193	0.22515	0.24169	0.20955	0.02743	0.01343	0.00392	0.00618	0.02400	0.01140	0.01064
19	0.01637	0.01091	0.01228	0.01228	0.01228	0.01091	0.00682	0.01637	0.01637	0.02182	0.03546	0.07365	0.04092	0.60445	0.05729	0.01091	0.01091	0.01637	0.00682	0.00682
20	0.03096	0.12216	0.22033	0.02661	0.03726	0.12743	0.02726	0.04424	0.13548	0.08104	0.02696	0.02772	0.02005	0.01203	0.01034	0.00333	0.01432	0.00906	0.00728	0.01616
21	0.02752	0.03522	0.24095	0.02927	0.04012	0.02125	0.11643	0.03590	0.02566	0.14150	0.03394	0.13957	0.02938	0.01593	0.01203	0.00379	0.01362	0.01450	0.00798	0.01543
22	0.01685	0.01029	0.01231	0.01344	0.01513	0.00986	0.00946	0.02054	0.02371	0.03607	0.11323	0.31214	0.06073	0.02497	0.01167	0.00367	0.00587	0.02204	0.26815	0.00986
23	0.02786	0.02674	0.04568	0.06908	0.53424	0.02674	0.03454	0.03454	0.02563	0.03677	0.02117	0.02786	0.01783	0.01003	0.01114	0.00334	0.01337	0.01003	0.00557	0.01783
24	0.02878	0.03244	0.14350	0.04345	0.19670	0.02621	0.11537	0.04221	0.12668	0.08727	0.02859	0.03142	0.02135	0.01152	0.01153	0.00358	0.01377	0.01097	0.00745	0.01723
25	0.02710	0.02925	0.04456	0.07312	0.04469	0.09745	0.21538	0.03666	0.08539	0.03335	0.02406	0.03077	0.01938	0.01928	0.06708	0.00519	0.11545	0.01149	0.00628	0.01408
26	0.14025	0.02149	0.02791	0.02063	0.03011	0.01864	0.07344	0.03359	0.02419	0.10521	0.02281	0.02531	0.01742	0.00957	0.00911	0.00248	0.00989	0.00800	0.00755	0.39239
27	0.02805	0.53620	0.05325	0.01881	0.02732	0.04012	0.01816	0.03145	0.02270	0.02676	0.02143	0.09028	0.02193	0.01283	0.00811	0.00268	0.01135	0.00926	0.00552	0.01378
28	0.10849	0.01665	0.01936	0.01739	0.02215	0.01682	0.01341	0.07003	0.07455	0.13642	0.19655	0.16147	0.05996	0.02073	0.01201	0.00374	0.00767	0.01770	0.01143	0.01345
29	0.01870	0.01209	0.01360	0.01422	0.01629	0.01235	0.00997	0.02558	0.08624	0.03534	0.04691	0.24675	0.04757	0.09517	0.01685	0.00452	0.00690	0.01930	0.26117	0.01051
30	0.02833	0.01508	0.01823	0.01608	0.02104	0.01431	0.01251	0.03610	0.08904	0.19203	0.14393	0.09503	0.11304	0.01901	0.01153	0.00349	0.00717	0.01607	0.13416	0.01383

[dist]
# distance from previous block
# <min> <max>
0	1

[block]
# block no. 1 follows, 11 sequences, length 12
# corresponding to MSA columns:
# 154-165
name=unknown_B
#
# <colnr> <probs for GDERKNQSTAVLIFYWHMCP>
#	G	D	E	R	K	N	Q	S	T	A	V	L	I	F	Y	W	H	M	C	P
0	0.14934	0.02509	0.07365	0.02746	0.08778	0.02316	0.05107	0.03850	0.16382	0.04112	0.03246	0.10417	0.02844	0.01475	0.01063	0.00352	0.01037	0.01261	0.00823	0.09381
1	0.11016	0.03242	0.03702	0.02932	0.03670	0.17858	0.16583	0.07773	0.02902	0.03957	0.02337	0.02789	0.01815	0.01126	0.01042	0.00324	0.01495	0.00987	0.13082	0.01368
2	0.01422	0.01001	0.01291	0.01503	0.01556	0.00948	0.00976	0.01580	0.02057	0.02742	0.05700	0.49785	0.06809	0.14319	0.02250	0.00577	0.00736	0.02903	0.00976	0.00870
3	0.01476	0.01096	0.01375	0.01410	0.01636	0.00996	0.01018	0.01858	0.02754	0.03735	0.30786	0.24509	0.17651	0.02778	0.01361	0.00390	0.00576	0.02455	0.01143	0.00996
4	0.15411	0.02387	0.04001	0.16425	0.08611	0.02464	0.16741	0.03720	0.02520	0.13304	0.02475	0.02932	0.01776	0.01097	0.01107	0.00363	0.01389	0.01053	0.00732	0.01493
5	0.10991	0.01835	0.02072	0.01807	0.02424	0.01844	0.01423	0.04228	0.15118	0.20902	0.05627	0.10556	0.12741	0.01873	0.01151	0.00374	0.00826	0.01546	0.01146	0.01516
6	0.01455	0.01039	0.01402	0.01663	0.01765	0.00986	0.01191	0.01712	0.02238	0.02967	0.06157	0.50795	0.07261	0.03447	0.01459	0.00469	0.00726	0.11287	0.01043	0.00937
7	0.02126	0.02001	0.03376	0.57739	0.07752	0.02501	0.03126	0.02876	0.02251	0.02876	0.02001	0.03001	0.01500	0.01125	0.01125	0.00375	0.01500	0.01000	0.00500	0.01250
8	0.15563	0.02861	0.02957	0.02486	0.03209	0.08961	0.06481	0.10299	0.26096	0.04724	0.03228	0.03205	0.02433	0.01315	0.01061	0.00359	0.01160	0.01058	0.00936	0.01610
9	0.03635	0.02889	0.02797	0.02230	0.02984	0.09080	0.01796	0.30006	0.04147	0.05634	0.02689	0.02860	0.02013	0.01261	0.01015	0.00298	0.01152	0.00946	0.13348	0.09221
10	0.03640	0.02318	0.03363	0.02550	0.03456	0.02181	0.10658	0.07802	0.11603	0.23192	0.03480	0.03388	0.02428	0.01226	0.01115	0.00325	0.01120	0.01099	0.01040	0.14019
11	0.03665	0.21408	0.04398	0.03055	0.09166	0.17025	0.05704	0.09679	0.03063	0.09502	0.02207	0.02419	0.01721	0.01116	0.00987	0.00299	0.01460	0.00848	0.00710	0.01567

[dist]
# distance from previous block
# <min> <max>
0	6

[block]
# block no. 2 follows, 11 sequences, length 13
# corresponding to MSA columns:
# 172-184
name=unknown_C
#
# <colnr> <probs for GDERKNQSTAVLIFYWHMCP>
#	G	D	E	R	K	N	Q	S	T	A	V	L	I	F	Y	W	H	M	C	P
0	0.02313	0.01554	0.02054	0.08695	0.02878	0.01515	0.01575	0.03008	0.06486	0.10972	0.16628	0.11046	0.09926	0.02085	0.01254	0.00374	0.00857	0.08050	0.01044	0.07686
1	0.02560	0.04544	0.36192	0.11138	0.05218	0.02533	0.09397	0.03657	0.02475	0.08398	0.02285	0.02690	0.01604	0.01094	0.01116	0.00361	0.01600	0.00947	0.00580	0.01610
2	0.03847	0.02492	0.02973	0.02412	0.03082	0.02777	0.01971	0.18106	0.14464	0.19852	0.03427	0.03335	0.02441	0.01515	0.01595	0.00379	0.11372	0.01102	0.01096	0.01761
3	0.02490	0.01990	0.03281	0.50792	0.07144	0.02395	0.02942	0.03201	0.02372	0.09274	0.02305	0.03104	0.01661	0.01159	0.01126	0.00372	0.01433	0.01017	0.00611	0.01333
4	0.02445	0.03596	0.25648	0.02695	0.03718	0.02154	0.06887	0.07640	0.02761	0.07503	0.07213	0.15672	0.03647	0.01748	0.01204	0.00378	0.01280	0.01532	0.00799	0.01481
5	0.01790	0.01413	0.02196	0.02046	0.02298	0.01374	0.08092	0.02115	0.02159	0.02862	0.04550	0.17551	0.05049	0.24772	0.03096	0.00706	0.01114	0.15033	0.00835	0.00949
6	0.03389	0.01954	0.02155	0.01767	0.02363	0.02031	0.01422	0.20030	0.03562	0.13821	0.03455	0.03596	0.02519	0.01340	0.00968	0.00304	0.00856	0.01050	0.31910	0.01509
7	0.13865	0.02031	0.02370	0.01884	0.02646	0.01995	0.01544	0.11960	0.03242	0.32045	0.03621	0.03403	0.02426	0.01323	0.01017	0.00334	0.00928	0.01023	0.10654	0.01687
8	0.01524	0.01148	0.01409	0.01344	0.01639	0.01033	0.01008	0.01990	0.03023	0.04127	0.41956	0.09044	0.21735	0.02445	0.01328	0.00361	0.00541	0.02125	0.01188	0.01033
9	0.01540	0.01100	0.01500	0.01760	0.01900	0.01060	0.01339	0.01859	0.02321	0.03062	0.06110	0.41752	0.07075	0.03367	0.01482	0.00480	0.00799	0.19491	0.01042	0.00961
10	0.01892	0.01150	0.01458	0.01536	0.01787	0.01029	0.01091	0.02142	0.02399	0.10305	0.07094	0.40898	0.16796	0.03070	0.01369	0.00424	0.00679	0.02720	0.01095	0.01066
11	0.02126	0.02001	0.03376	0.57739	0.07752	0.02501	0.03126	0.02876	0.02251	0.02876	0.02001	0.03001	0.01500	0.01125	0.01125	0.00375	0.01500	0.01000	0.00500	0.01250
12	0.02446	0.02328	0.03955	0.33051	0.29934	0.02585	0.03285	0.03157	0.02402	0.03265	0.02057	0.02896	0.01638	0.01066	0.01120	0.00355	0.01421	0.01002	0.00528	0.01509

[dist]
# distance from previous block
# <min> <max>
2	8

[block]
# block no. 3 follows, 11 sequences, length 10
# corresponding to MSA columns:
# 209-218
name=unknown_D
#
# <colnr> <probs for GDERKNQSTAVLIFYWHMCP>
#	G	D	E	R	K	N	Q	S	T	A	V	L	I	F	Y	W	H	M	C	P
0	0.03229	0.16125	0.03268	0.02070	0.02803	0.02803	0.01729	0.04936	0.25461	0.14768	0.07844	0.03903	0.03422	0.01429	0.01057	0.00339	0.00949	0.01147	0.01049	0.01670
1	0.02836	0.02823	0.03119	0.13516	0.15624	0.13715	0.02352	0.09130	0.03043	0.03746	0.07775	0.04357	0.10253	0.01496	0.01148	0.00341	0.01317	0.01241	0.00757	0.01412
2	0.02671	0.27520	0.11319	0.15186	0.16165	0.03378	0.02832	0.03310	0.02356	0.03059	0.01847	0.02367	0.01534	0.01021	0.00946	0.00306	0.01358	0.00812	0.00503	0.01511
3	0.03079	0.21416	0.27883	0.02590	0.03860	0.03085	0.02942	0.07619	0.02722	0.11400	0.02315	0.02458	0.01682	0.01111	0.00981	0.00319	0.01383	0.00825	0.00673	0.01658
4	0.25138	0.01960	0.02039	0.01610	0.02413	0.01819	0.01297	0.03188	0.02373	0.09344	0.07616	0.02972	0.02599	0.01122	0.00870	0.00268	0.00826	0.00843	0.00813	0.30892
5	0.02888	0.03109	0.13953	0.02938	0.09733	0.02489	0.02430	0.19467	0.03621	0.05059	0.14320	0.03972	0.03841	0.01437	0.01141	0.00334	0.01147	0.01192	0.00910	0.06020
6	0.01481	0.01060	0.01338	0.01517	0.01625	0.01005	0.01047	0.01685	0.02142	0.02806	0.06131	0.37537	0.11208	0.15554	0.02357	0.00593	0.00788	0.08276	0.00966	0.00884
7	0.02135	0.01285	0.01697	0.01642	0.01778	0.01366	0.01149	0.02430	0.12123	0.02543	0.02516	0.03587	0.02271	0.03401	0.03704	0.52979	0.00959	0.01040	0.00629	0.00765
8	0.02577	0.10972	0.02617	0.01828	0.02400	0.06442	0.01452	0.03195	0.06699	0.09002	0.13238	0.15981	0.04869	0.01861	0.01115	0.00325	0.00911	0.01571	0.00942	0.12002
9	0.15323	0.03415	0.03283	0.03502	0.14254	0.19800	0.05070	0.04310	0.13073	0.03849	0.02430	0.02683	0.01920	0.01170	0.01025	0.00335	0.01413	0.00918	0.00716	0.01509

[dist]
# distance from previous block
# <min> <max>
4	36

[block]
# block no. 4 follows, 11 sequences, length 15
# corresponding to MSA columns:
# 255-269
name=unknown_E
#
# <colnr> <probs for GDERKNQSTAVLIFYWHMCP>
#	G	D	E	R	K	N	Q	S	T	A	V	L	I	F	Y	W	H	M	C	P
0	0.14574	0.02967	0.03357	0.14501	0.16993	0.10876	0.02520	0.13560	0.03079	0.04362	0.02069	0.02529	0.01607	0.01134	0.01031	0.00339	0.01372	0.00894	0.00698	0.01535
1	0.02786	0.02674	0.04568	0.06908	0.53424	0.02674	0.03454	0.03454	0.02563	0.03677	0.02117	0.02786	0.01783	0.01003	0.01114	0.00334	0.01337	0.01003	0.00557	0.01783
2	0.01935	0.01509	0.01799	0.01664	0.02034	0.01554	0.01266	0.03216	0.16831	0.04569	0.39172	0.07216	0.08586	0.02082	0.01276	0.00362	0.00633	0.01820	0.01212	0.01266
3	0.07401	0.01284	0.01451	0.09690	0.02358	0.01387	0.01176	0.02716	0.02308	0.04064	0.03250	0.03825	0.02542	0.01262	0.00831	0.00286	0.00700	0.01007	0.51370	0.01093
4	0.03500	0.46882	0.05108	0.01944	0.02885	0.03780	0.01861	0.03879	0.02512	0.15047	0.02256	0.02293	0.01767	0.01066	0.00821	0.00267	0.01145	0.00729	0.00701	0.01558
5	0.03056	0.01670	0.02059	0.01829	0.02349	0.01642	0.01413	0.04106	0.14225	0.21328	0.12125	0.15954	0.05078	0.01989	0.01203	0.00373	0.00787	0.01715	0.05605	0.01494
6	0.01535	0.01131	0.01436	0.01396	0.01655	0.01032	0.01033	0.01999	0.02997	0.04149	0.42539	0.14066	0.15848	0.02501	0.01339	0.00368	0.00549	0.02201	0.01193	0.01032
7	0.07918	0.02398	0.02550	0.02042	0.02763	0.02559	0.01663	0.29236	0.04086	0.10066	0.04225	0.04172	0.09821	0.01557	0.01084	0.00336	0.00994	0.01208	0.09714	0.01608
8	0.02438	0.19122	0.42897	0.02900	0.04395	0.03056	0.03622	0.03518	0.02355	0.03344	0.01910	0.02239	0.01430	0.01044	0.00986	0.00329	0.01553	0.00776	0.00477	0.01611
9	0.01457	0.01046	0.01383	0.01509	0.01651	0.00971	0.01051	0.01783	0.02554	0.03508	0.24255	0.39848	0.08674	0.03052	0.01394	0.00417	0.00606	0.02749	0.01120	0.00971
10	0.05050	0.01915	0.02612	0.02003	0.02873	0.01654	0.01654	0.05485	0.03221	0.54203	0.04440	0.03831	0.02786	0.01393	0.01132	0.00348	0.00958	0.01132	0.01393	0.01915
11	0.04288	0.02498	0.02642	0.02151	0.02897	0.09838	0.01723	0.08887	0.07897	0.32734	0.08942	0.03979	0.03390	0.01462	0.01136	0.00343	0.01089	0.01169	0.01211	0.01724
12	0.35382	0.02312	0.07355	0.01905	0.02444	0.02287	0.01672	0.02825	0.01992	0.04016	0.02716	0.15902	0.02777	0.01785	0.01368	0.00397	0.09632	0.01313	0.00726	0.01194
13	0.10748	0.01695	0.01725	0.01547	0.02052	0.01721	0.01210	0.09590	0.07243	0.04288	0.14460	0.07471	0.27705	0.02187	0.01200	0.00366	0.00733	0.01789	0.01050	0.01221
14	0.08126	0.01522	0.01818	0.01717	0.02086	0.01650	0.01339	0.08269	0.02466	0.03541	0.04900	0.09296	0.13842	0.05246	0.27776	0.01070	0.01878	0.01523	0.00809	0.01126

[dist]
# distance from previous block
# <min> <max>
1	4

[block]
# block no. 5 follows, 11 sequences, length 16
# corresponding to MSA columns:
# 274-289
name=unknown_F
#
# <colnr> <probs for GDERKNQSTAVLIFYWHMCP>
#	G	D	E	R	K	N	Q	S	T	A	V	L	I	F	Y	W	H	M	C	P
0	0.20541	0.09345	0.12657	0.02608	0.03593	0.02679	0.11738	0.06720	0.02497	0.04103	0.02247	0.06408	0.01917	0.01201	0.00992	0.00335	0.01266	0.01015	0.00662	0.07476
1	0.39902	0.02729	0.07940	0.02301	0.07051	0.02573	0.01866	0.09697	0.02530	0.04910	0.01865	0.02142	0.01432	0.01064	0.00846	0.00327	0.01043	0.00729	0.00717	0.08337
2	0.01955	0.00978	0.01466	0.01466	0.01466	0.00978	0.00978	0.01466	0.01466	0.01955	0.01955	0.03421	0.01955	0.03910	0.04399	0.67253	0.00978	0.00978	0.00489	0.00489
3	0.02758	0.02033	0.02394	0.01779	0.02723	0.01658	0.01425	0.03530	0.07606	0.10751	0.02608	0.02736	0.02007	0.00984	0.00907	0.00214	0.00857	0.00795	0.00817	0.51418
4	0.02257	0.05822	0.54613	0.03208	0.04871	0.02614	0.04158	0.03564	0.02376	0.03564	0.02020	0.02376	0.01426	0.01069	0.01069	0.00356	0.01663	0.00832	0.00475	0.01663
5	0.01371	0.00979	0.01306	0.01567	0.01632	0.00914	0.01045	0.01567	0.02155	0.02873	0.06203	0.59710	0.07444	0.03526	0.01437	0.00457	0.00653	0.03200	0.01045	0.00914
6	0.01582	0.01131	0.01543	0.01771	0.01938	0.01092	0.01377	0.01947	0.02437	0.03237	0.10374	0.34768	0.07319	0.03234	0.01477	0.00474	0.00807	0.21451	0.01059	0.00980
7	0.02334	0.02001	0.02334	0.01667	0.02667	0.01500	0.01334	0.02834	0.02334	0.03668	0.02001	0.02334	0.01667	0.00834	0.00834	0.00167	0.00834	0.00667	0.00667	0.67325
8	0.02015	0.01523	0.01657	0.01574	0.01781	0.01648	0.01040	0.03052	0.17840	0.03005	0.03883	0.06334	0.03878	0.41257	0.04236	0.00860	0.01026	0.01518	0.00833	0.01040
9	0.01493	0.01093	0.01429	0.01654	0.01818	0.01029	0.01240	0.01794	0.02337	0.03039	0.06851	0.39432	0.13454	0.03313	0.01456	0.00464	0.00752	0.15357	0.01042	0.00954
10	0.01701	0.01259	0.01549	0.01530	0.01542	0.01383	0.00996	0.01772	0.01746	0.02385	0.03759	0.16512	0.04360	0.41693	0.04642	0.00890	0.08916	0.01840	0.00724	0.00801
11	0.17091	0.02625	0.03954	0.03024	0.03907	0.02726	0.19163	0.09070	0.13688	0.09165	0.02882	0.03076	0.02109	0.01181	0.01114	0.00366	0.01299	0.01112	0.00859	0.01591
12	0.02634	0.01314	0.01631	0.01586	0.01976	0.01258	0.01306	0.03138	0.02619	0.14576	0.04580	0.06887	0.04034	0.01914	0.01110	0.00364	0.00783	0.15657	0.31404	0.01229
13	0.01473	0.01093	0.01373	0.01415	0.01636	0.00993	0.01019	0.01850	0.02737	0.03710	0.30065	0.25559	0.17333	0.02801	0.01364	0.00392	0.00578	0.02477	0.01140	0.00993
14	0.03133	0.02782	0.04172	0.10785	0.04672	0.02992	0.16565	0.18719	0.15109	0.04878	0.02926	0.03204	0.02159	0.01240	0.01192	0.00366	0.01392	0.01170	0.00875	0.01670
15	0.10760	0.03264	0.08776	0.02696	0.03655	0.03190	0.06231	0.32773	0.07712	0.06035	0.02607	0.02710	0.01880	0.01267	0.01092	0.00348	0.01274	0.00996	0.00965	0.01769

[dist]
# distance from previous block
# <min> <max>
2	28

[block]
# block no. 6 follows, 11 sequences, length 72
# corresponding to MSA columns:
# 318-389
name=unknown_G
#
# <colnr> <probs for GDERKNQSTAVLIFYWHMCP>
#	G	D	E	R	K	N	Q	S	T	A	V	L	I	F	Y	W	H	M	C	P
0	0.02324	0.02398	0.04541	0.03505	0.04108	0.02605	0.24735	0.02951	0.02196	0.03114	0.02279	0.03269	0.01950	0.03232	0.16724	0.00795	0.16196	0.01210	0.00559	0.01308
1	0.01855	0.01176	0.01564	0.01715	0.01944	0.01099	0.01307	0.02175	0.02422	0.08064	0.06439	0.36288	0.10899	0.03136	0.01431	0.00457	0.00785	0.15119	0.01077	0.01051
2	0.20812	0.06847	0.03327	0.02302	0.03223	0.02301	0.10899	0.03607	0.02431	0.12532	0.02318	0.02549	0.01726	0.01019	0.00936	0.00295	0.01104	0.00856	0.00764	0.20151
3	0.02786	0.14126	0.08389	0.02311	0.03113	0.03101	0.02047	0.05234	0.36991	0.04195	0.03741	0.03554	0.02850	0.01372	0.01056	0.00352	0.01028	0.01099	0.00950	0.01704
4	0.01419	0.01017	0.01274	0.01459	0.01542	0.00952	0.00955	0.01586	0.02094	0.02755	0.06194	0.44691	0.11253	0.14580	0.02265	0.00573	0.00730	0.02814	0.00974	0.00872
5	0.02099	0.01951	0.02656	0.02329	0.02444	0.02508	0.01897	0.02432	0.02233	0.03270	0.17497	0.05009	0.09095	0.02151	0.02773	0.00441	0.35868	0.01426	0.00765	0.01155
6	0.24847	0.03305	0.08225	0.02451	0.03318	0.13054	0.06488	0.08242	0.02839	0.13712	0.02359	0.02496	0.01690	0.01154	0.00979	0.00340	0.01330	0.00859	0.00808	0.01505
7	0.01638	0.01290	0.01519	0.01585	0.01914	0.01230	0.01260	0.02275	0.07092	0.03427	0.12987	0.14794	0.26428	0.02807	0.01388	0.00425	0.00740	0.15067	0.01072	0.01060
8	0.01371	0.00979	0.01306	0.01567	0.01632	0.00914	0.01045	0.01567	0.02155	0.02873	0.06203	0.59710	0.07444	0.03526	0.01437	0.00457	0.00653	0.03200	0.01045	0.00914
9	0.03314	0.02257	0.03054	0.02431	0.03123	0.06796	0.10067	0.04119	0.07724	0.21098	0.18017	0.04901	0.04831	0.01571	0.01215	0.00353	0.01093	0.01408	0.01102	0.01525
10	0.15751	0.02419	0.03563	0.08397	0.04045	0.02491	0.13413	0.08807	0.07669	0.17806	0.02963	0.03099	0.02074	0.01201	0.01098	0.00361	0.01248	0.01070	0.00919	0.01606
11	0.02673	0.01658	0.01808	0.01589	0.01978	0.01738	0.01176	0.11536	0.07802	0.08218	0.03613	0.04823	0.03110	0.18699	0.02364	0.00539	0.00894	0.01245	0.23293	0.01245
12	0.01371	0.00979	0.01306	0.01567	0.01632	0.00914	0.01045	0.01567	0.02155	0.02873	0.06203	0.59710	0.07444	0.03526	0.01437	0.00457	0.00653	0.03200	0.01045	0.00914
13	0.22216	0.02724	0.03470	0.02678	0.03540	0.07694	0.13443	0.08541	0.02907	0.18204	0.02660	0.02783	0.01861	0.01158	0.01045	0.00349	0.01298	0.00982	0.00887	0.01560
14	0.03257	0.02567	0.02867	0.02393	0.02820	0.06936	0.01951	0.16693	0.03118	0.08320	0.02520	0.02949	0.01983	0.01551	0.01963	0.00375	0.21437	0.00997	0.13850	0.01453
15	0.22873	0.02478	0.03214	0.02489	0.03345	0.02575	0.10371	0.13154	0.06893	0.17464	0.02873	0.02906	0.02009	0.01212	0.01040	0.00355	0.01154	0.01002	0.00966	0.01628
16	0.03442	0.18036	0.03588	0.02329	0.03005	0.23462	0.01902	0.12071	0.03350	0.03847	0.11238	0.03267	0.03215	0.01355	0.01020	0.00298	0.01405	0.00987	0.00776	0.01407
17	0.02924	0.02931	0.03467	0.08788	0.13472	0.12704	0.07166	0.07860	0.11329	0.03819	0.03552	0.04329	0.06339	0.01469	0.01176	0.00361	0.01374	0.04656	0.00784	0.01501
18	0.02939	0.41807	0.14235	0.02484	0.03555	0.07998	0.06695	0.03513	0.02407	0.02904	0.01723	0.02036	0.01466	0.00995	0.00861	0.00277	0.01412	0.00718	0.00496	0.01478
19	0.01593	0.01150	0.01504	0.01416	0.01681	0.01062	0.01062	0.02124	0.03186	0.04513	0.52830	0.08407	0.10620	0.02301	0.01327	0.00354	0.00531	0.02035	0.01239	0.01062
20	0.02727	0.02266	0.03460	0.26664	0.09238	0.02548	0.07034	0.04171	0.16833	0.08830	0.03045	0.03424	0.02243	0.01244	0.01150	0.00372	0.01291	0.01125	0.00792	0.01542
21	0.01436	0.01030	0.01364	0.01523	0.01647	0.00958	0.01050	0.01731	0.02457	0.03354	0.19885	0.44656	0.08376	0.03167	0.01405	0.00427	0.00617	0.02858	0.01102	0.00958
22	0.04973	0.02039	0.02688	0.02061	0.02935	0.01837	0.01703	0.09893	0.03428	0.49503	0.04267	0.03718	0.02699	0.01389	0.01131	0.00347	0.00986	0.01120	0.01366	0.01915
23	0.10996	0.02366	0.02781	0.02153	0.03017	0.02371	0.01778	0.20455	0.03805	0.33196	0.03561	0.03247	0.02333	0.01344	0.01087	0.00345	0.01046	0.01040	0.01233	0.01847
24	0.02571	0.01340	0.01827	0.01832	0.02186	0.01235	0.01432	0.02924	0.02586	0.18069	0.05620	0.30574	0.05815	0.02787	0.01379	0.00442	0.00846	0.14149	0.01145	0.01241
25	0.02936	0.08320	0.03799	0.27944	0.13728	0.08234	0.02784	0.12046	0.02976	0.03775	0.02085	0.02697	0.01616	0.01135	0.01074	0.00340	0.01448	0.00938	0.00634	0.01490
26	0.04719	0.01842	0.02506	0.01946	0.02759	0.01598	0.01598	0.05164	0.03218	0.49452	0.09067	0.04268	0.03535	0.01480	0.01151	0.00349	0.00917	0.01218	0.01378	0.01834
27	0.03415	0.01888	0.02202	0.01875	0.02519	0.01908	0.01488	0.04846	0.20507	0.23514	0.05038	0.04693	0.07847	0.01569	0.01102	0.00350	0.00829	0.01289	0.11483	0.01639
28	0.02737	0.01869	0.01951	0.01720	0.02218	0.02048	0.01348	0.12960	0.17330	0.04922	0.03746	0.03900	0.02854	0.01383	0.00959	0.00312	0.00774	0.01108	0.34426	0.01436
29	0.04059	0.02933	0.02797	0.02277	0.03000	0.13036	0.01821	0.21430	0.03925	0.17971	0.07421	0.03476	0.02885	0.01404	0.01097	0.00327	0.01206	0.01079	0.06207	0.01651
30	0.01637	0.01091	0.01228	0.01228	0.01228	0.01091	0.00682	0.01637	0.01637	0.02182	0.03546	0.07365	0.04092	0.60445	0.05729	0.01091	0.01091	0.01637	0.00682	0.00682
31	0.01447	0.01145	0.01301	0.01262	0.01592	0.01000	0.00947	0.01840	0.02840	0.03693	0.29742	0.09759	0.34220	0.02607	0.01329	0.00369	0.00553	0.02225	0.01131	0.01000
32	0.02674	0.14236	0.28428	0.03364	0.04695	0.03069	0.16221	0.07575	0.02694	0.03728	0.02074	0.02492	0.01550	0.01042	0.01087	0.00342	0.01613	0.00947	0.00559	0.01607
33	0.09616	0.03140	0.16643	0.02328	0.03345	0.02257	0.02321	0.12146	0.03231	0.23029	0.07845	0.03495	0.02871	0.01353	0.01093	0.00349	0.01149	0.01069	0.01019	0.01702
34	0.01444	0.01034	0.01396	0.01580	0.01665	0.01027	0.01079	0.01660	0.02036	0.02754	0.05321	0.43780	0.06213	0.10157	0.12429	0.00782	0.01154	0.02658	0.00923	0.00909
35	0.02514	0.10878	0.45263	0.03029	0.04555	0.02870	0.03760	0.07758	0.02634	0.03799	0.02039	0.02351	0.01472	0.01085	0.01041	0.00344	0.01581	0.00826	0.00535	0.01665
36	0.03488	0.21418	0.14100	0.02591	0.03579	0.16629	0.02480	0.15697	0.03308	0.04007	0.01992	0.02205	0.01564	0.01133	0.00968	0.00301	0.01508	0.00784	0.00672	0.01574
37	0.03627	0.02082	0.02817	0.02117	0.03036	0.01794	0.05285	0.04378	0.07242	0.26553	0.03359	0.03235	0.02337	0.01158	0.01035	0.00285	0.00978	0.00984	0.01030	0.26670
38	0.03596	0.02971	0.12077	0.02423	0.03295	0.02520	0.02253	0.17249	0.07296	0.18666	0.08270	0.03641	0.03048	0.01472	0.01341	0.00361	0.05620	0.01137	0.01047	0.01718
39	0.03005	0.23639	0.22479	0.02357	0.03489	0.02909	0.02598	0.03740	0.02590	0.13357	0.07200	0.03044	0.02580	0.01214	0.00987	0.00315	0.01257	0.00927	0.00732	0.01580
40	0.02126	0.02001	0.03376	0.57739	0.07752	0.02501	0.03126	0.02876	0.02251	0.02876	0.02001	0.03001	0.01500	0.01125	0.01125	0.00375	0.01500	0.01000	0.00500	0.01250
41	0.03416	0.19879	0.08645	0.02776	0.03743	0.08011	0.11276	0.08724	0.07411	0.11614	0.02596	0.02737	0.01934	0.01145	0.01038	0.00321	0.01387	0.00958	0.00775	0.01615
42	0.02621	0.02141	0.03471	0.04863	0.33617	0.02093	0.02586	0.03195	0.02705	0.08378	0.12638	0.09561	0.04156	0.01540	0.01189	0.00351	0.01078	0.01432	0.00815	0.01569
43	0.01559	0.01058	0.01251	0.01327	0.01346	0.01039	0.00788	0.01616	0.01789	0.02385	0.04326	0.22725	0.05076	0.43743	0.04469	0.00905	0.00963	0.02095	0.00788	0.00750
44	0.03132	0.03070	0.05684	0.04112	0.05180	0.03035	0.35487	0.17122	0.03430	0.04629	0.02402	0.02938	0.01768	0.01067	0.01269	0.00367	0.01704	0.01236	0.00733	0.01634
45	0.03232	0.22236	0.03806	0.02030	0.02889	0.02921	0.01780	0.08271	0.02713	0.12073	0.02285	0.02456	0.01787	0.01134	0.01150	0.00271	0.06538	0.00789	0.00756	0.20883
46	0.01515	0.01142	0.01419	0.01604	0.01756	0.01111	0.01104	0.02026	0.07259	0.03077	0.06491	0.49721	0.11013	0.03261	0.01397	0.00443	0.00670	0.02929	0.01055	0.01007
47	0.01446	0.01075	0.01347	0.01426	0.01629	0.00977	0.01014	0.01785	0.02622	0.03520	0.24675	0.30807	0.17681	0.02934	0.01375	0.00403	0.00591	0.02600	0.01118	0.00977
48	0.02429	0.02304	0.03598	0.02570	0.03611	0.01895	0.15419	0.03060	0.02429	0.03649	0.02082	0.02540	0.01679	0.00867	0.00979	0.00229	0.01146	0.00861	0.00638	0.48015
49	0.03701	0.01903	0.02405	0.01892	0.02705	0.01651	0.01517	0.04397	0.07480	0.29941	0.03899	0.08532	0.02946	0.01437	0.01073	0.00308	0.00887	0.01198	0.01124	0.21004
50	0.01826	0.01422	0.02225	0.02263	0.02580	0.01391	0.06576	0.02334	0.02524	0.03310	0.05621	0.19601	0.06149	0.02957	0.01511	0.00494	0.01061	0.34099	0.00990	0.01065
51	0.01430	0.01022	0.01369	0.01602	0.01701	0.00961	0.01117	0.01682	0.02278	0.03051	0.09937	0.51252	0.07611	0.03389	0.01439	0.00454	0.00678	0.07029	0.01060	0.00937
52	0.03885	0.02609	0.04067	0.08723	0.04419	0.07125	0.17509	0.04508	0.02933	0.27574	0.03230	0.03319	0.02177	0.01198	0.01185	0.00356	0.01421	0.01145	0.00956	0.01660
53	0.02170	0.01647	0.01838	0.01732	0.02132	0.01775	0.01312	0.03779	0.23190	0.04368	0.18739	0.11148	0.05855	0.01920	0.01163	0.00359	0.00694	0.01654	0.13178	0.01347
54	0.01356	0.01038	0.01245	0.01411	0.01591	0.00927	0.00975	0.01585	0.02305	0.02935	0.08110	0.41781	0.24142	0.03278	0.01398	0.00429	0.00623	0.02897	0.01045	0.00927
55	0.55411	0.01959	0.01621	0.01473	0.02058	0.02231	0.01180	0.03010	0.01986	0.04682	0.06323	0.02598	0.02159	0.01455	0.01136	0.07236	0.00850	0.00779	0.00725	0.01129
56	0.13447	0.03051	0.08622	0.07880	0.04327	0.08034	0.16055	0.03863	0.02565	0.13076	0.02403	0.02782	0.01744	0.01177	0.01309	0.00366	0.06069	0.01015	0.00724	0.01491
57	0.03594	0.01924	0.02365	0.02014	0.02630	0.01899	0.01579	0.12658	0.08255	0.25227	0.04647	0.20054	0.04057	0.02025	0.01222	0.00382	0.00914	0.01731	0.01215	0.01608
58	0.01368	0.00992	0.01293	0.01533	0.01623	0.00917	0.01030	0.01571	0.02188	0.02887	0.06622	0.55772	0.11112	0.03472	0.01428	0.00451	0.00646	0.03133	0.01045	0.00917
59	0.03360	0.03613	0.04733	0.08678	0.04911	0.17746	0.22595	0.12899	0.03289	0.03991	0.02186	0.02686	0.01658	0.01103	0.01182	0.00346	0.01768	0.01068	0.00676	0.01512
60	0.19827	0.03125	0.12320	0.02751	0.08286	0.02672	0.02323	0.16984	0.03267	0.14243	0.02556	0.02641	0.01799	0.01196	0.01009	0.00345	0.01183	0.00900	0.00892	0.01683
61	0.57344	0.02504	0.02233	0.01891	0.02619	0.06717	0.05720	0.03428	0.02083	0.04738	0.01646	0.01955	0.01282	0.01045	0.00779	0.00347	0.01055	0.00685	0.00676	0.01253
62	0.03196	0.55712	0.05598	0.01933	0.02887	0.04198	0.01901	0.03563	0.02372	0.07358	0.01827	0.01991	0.01567	0.01002	0.00760	0.00251	0.01181	0.00650	0.00565	0.01487
63	0.02257	0.05822	0.54613	0.03208	0.04871	0.02614	0.04158	0.03564	0.02376	0.03564	0.02020	0.02376	0.01426	0.01069	0.01069	0.00356	0.01663	0.00832	0.00475	0.01663
64	0.10167	0.19699	0.08537	0.02140	0.03090	0.03045	0.01995	0.11804	0.07229	0.12987	0.02602	0.02620	0.01925	0.01161	0.00939	0.00304	0.01119	0.00851	0.00844	0.06941
65	0.03779	0.08897	0.18434	0.02551	0.03673	0.02824	0.02581	0.19939	0.03601	0.18417	0.02869	0.02830	0.01964	0.01244	0.01074	0.00337	0.01284	0.00955	0.00949	0.01798
66	0.05050	0.01915	0.02612	0.02003	0.02873	0.01654	0.01654	0.05485	0.03221	0.54203	0.04440	0.03831	0.02786	0.01393	0.01132	0.00348	0.00958	0.01132	0.01393	0.01915
67	0.02501	0.02732	0.05683	0.20294	0.06431	0.02745	0.35776	0.03391	0.02537	0.03391	0.02196	0.03026	0.01647	0.01001	0.01269	0.00378	0.01781	0.01232	0.00549	0.01439
68	0.02902	0.09594	0.35739	0.02956	0.04310	0.08157	0.03394	0.12648	0.03019	0.04103	0.02090	0.02361	0.01525	0.01125	0.01048	0.00337	0.01580	0.00839	0.00613	0.01660
69	0.10107	0.01716	0.02195	0.01780	0.02457	0.01564	0.01439	0.04290	0.03086	0.34912	0.18364	0.04982	0.04935	0.01626	0.01148	0.00350	0.00824	0.01347	0.01281	0.01598
70	0.01368	0.00994	0.01291	0.01530	0.01623	0.00917	0.01028	0.01571	0.02191	0.02888	0.06658	0.55435	0.11426	0.03467	0.01427	0.00450	0.00646	0.03128	0.01045	0.00917
71	0.13911	0.04636	0.36842	0.02756	0.04123	0.02580	0.03272	0.07314	0.02604	0.08720	0.02218	0.02442	0.01553	0.01117	0.01016	0.00353	0.01431	0.00836	0.00648	0.01631

[dist]
# distance from previous block
# <min> <max>
0	17

[block]
# block no. 7 follows, 11 sequences, length 30
# corresponding to MSA columns:
# 407-436
name=unknown_H
#
# <colnr> <probs for GDERKNQSTAVLIFYWHMCP>
#	G	D	E	R	K	N	Q	S	T	A	V	L	I	F	Y	W	H	M	C	P
0	0.01686	0.01204	0.01667	0.01927	0.02130	0.01185	0.01591	0.02111	0.02465	0.03225	0.06030	0.26293	0.06757	0.03230	0.01520	0.00501	0.00926	0.33513	0.01039	0.01001
1	0.01637	0.01091	0.01228	0.01228	0.01228	0.01091	0.00682	0.01637	0.01637	0.02182	0.03546	0.07365	0.04092	0.60445	0.05729	0.01091	0.01091	0.01637	0.00682	0.00682
2	0.01376	0.01142	0.01204	0.01188	0.01548	0.00970	0.00891	0.01704	0.02674	0.03298	0.18635	0.10409	0.45573	0.02755	0.01330	0.00376	0.00563	0.02316	0.01079	0.00970
3	0.02509	0.10105	0.41362	0.02840	0.04257	0.02570	0.03486	0.03591	0.02507	0.07885	0.06397	0.02949	0.02306	0.01189	0.01065	0.00345	0.01468	0.00936	0.00618	0.01615
4	0.01385	0.01026	0.01294	0.01472	0.01616	0.00935	0.01011	0.01631	0.02333	0.03065	0.11739	0.45533	0.16284	0.03280	0.01406	0.00433	0.00626	0.02931	0.01064	0.00935
5	0.05050	0.01915	0.02612	0.02003	0.02873	0.01654	0.01654	0.05485	0.03221	0.54203	0.04440	0.03831	0.02786	0.01393	0.01132	0.00348	0.00958	0.01132	0.01393	0.01915
6	0.19255	0.04885	0.41002	0.02764	0.04179	0.02591	0.03403	0.03499	0.02258	0.03946	0.01904	0.02235	0.01373	0.01063	0.00974	0.00354	0.01460	0.00775	0.00532	0.01549
7	0.04026	0.02909	0.07794	0.02423	0.03336	0.02752	0.02121	0.24386	0.13259	0.19742	0.03494	0.03280	0.02409	0.01370	0.01126	0.00351	0.01132	0.01080	0.01145	0.01866
8	0.03283	0.24642	0.04314	0.02477	0.03114	0.08741	0.02156	0.14894	0.02964	0.03790	0.01841	0.02239	0.01572	0.01366	0.01698	0.00341	0.17597	0.00826	0.00655	0.01488
9	0.03015	0.01979	0.02404	0.01751	0.02719	0.01539	0.01414	0.03499	0.02556	0.16337	0.02612	0.02709	0.01948	0.00974	0.00908	0.00212	0.00865	0.00783	0.00849	0.50927
10	0.02126	0.02001	0.03376	0.57739	0.07752	0.02501	0.03126	0.02876	0.02251	0.02876	0.02001	0.03001	0.01500	0.01125	0.01125	0.00375	0.01500	0.01000	0.00500	0.01250
11	0.01637	0.01091	0.01228	0.01228	0.01228	0.01091	0.00682	0.01637	0.01637	0.02182	0.03546	0.07365	0.04092	0.60445	0.05729	0.01091	0.01091	0.01637	0.00682	0.00682
12	0.01453	0.01043	0.01380	0.01511	0.01651	0.00969	0.01051	0.01774	0.02537	0.03481	0.23480	0.40701	0.08621	0.03072	0.01396	0.00419	0.00608	0.02768	0.01117	0.00969
13	0.02126	0.02001	0.03376	0.57739	0.07752	0.02501	0.03126	0.02876	0.02251	0.02876	0.02001	0.03001	0.01500	0.01125	0.01125	0.00375	0.01500	0.01000	0.00500	0.01250
14	0.02730	0.02675	0.03758	0.10617	0.31380	0.07142	0.02773	0.03331	0.02529	0.03507	0.02042	0.02627	0.01694	0.00987	0.01036	0.00293	0.01290	0.00893	0.00581	0.18115
15	0.02700	0.02926	0.04292	0.03437	0.03809	0.08840	0.15223	0.03142	0.02133	0.02958	0.01723	0.02573	0.01537	0.01606	0.02765	0.00440	0.37003	0.01051	0.00523	0.01317
16	0.01371	0.00979	0.01306	0.01567	0.01632	0.00914	0.01045	0.01567	0.02155	0.02873	0.06203	0.59710	0.07444	0.03526	0.01437	0.00457	0.00653	0.03200	0.01045	0.00914
17	0.02381	0.01750	0.02006	0.01652	0.02298	0.01584	0.01299	0.07130	0.07308	0.08334	0.15010	0.06004	0.16592	0.01788	0.01136	0.00308	0.00759	0.01493	0.01022	0.20145
18	0.02498	0.15073	0.18537	0.02659	0.03679	0.02869	0.06764	0.03197	0.02259	0.03262	0.01852	0.02326	0.01524	0.01135	0.01422	0.00312	0.11288	0.00816	0.00536	0.17993
19	0.01413	0.01088	0.01293	0.01358	0.01601	0.00967	0.00974	0.01733	0.02589	0.03372	0.20545	0.26835	0.26312	0.02936	0.01366	0.00399	0.00588	0.02567	0.01096	0.00967
20	0.01959	0.01231	0.01622	0.01478	0.01808	0.01125	0.01125	0.02480	0.03190	0.09775	0.47706	0.07923	0.09790	0.02205	0.01307	0.00353	0.00576	0.01940	0.01255	0.01152
21	0.08274	0.34377	0.14934	0.02479	0.03568	0.03689	0.06964	0.07758	0.02592	0.03533	0.01830	0.02123	0.01492	0.01025	0.00885	0.00295	0.01338	0.00757	0.00567	0.01520
22	0.05050	0.01915	0.02612	0.02003	0.02873	0.01654	0.01654	0.05485	0.03221	0.54203	0.04440	0.03831	0.02786	0.01393	0.01132	0.00348	0.00958	0.01132	0.01393	0.01915
23	0.01773	0.01260	0.01721	0.01919	0.02151	0.01251	0.01620	0.02238	0.02548	0.03354	0.10288	0.11710	0.06629	0.09117	0.01976	0.00563	0.00993	0.36868	0.01019	0.01001
24	0.01603	0.01145	0.01572	0.01832	0.01998	0.01114	0.01447	0.01967	0.02383	0.03132	0.06076	0.35116	0.06938	0.03308	0.01498	0.00489	0.00854	0.25510	0.01040	0.00978
25	0.02894	0.02729	0.04474	0.12665	0.04971	0.02956	0.20146	0.12849	0.11537	0.04285	0.02650	0.03121	0.01996	0.01242	0.01417	0.00380	0.06181	0.01173	0.00761	0.01573
26	0.01449	0.01145	0.01304	0.01264	0.01593	0.01001	0.00948	0.01844	0.02845	0.03704	0.30051	0.09741	0.33904	0.02603	0.01329	0.00368	0.00552	0.02222	0.01132	0.01001
27	0.04706	0.01850	0.02527	0.02010	0.02816	0.01616	0.01671	0.05150	0.03155	0.48806	0.04602	0.04772	0.03178	0.01575	0.01177	0.00366	0.00966	0.05879	0.01355	0.01822
28	0.13364	0.04520	0.36465	0.12746	0.04937	0.02579	0.03478	0.03397	0.02276	0.03690	0.01940	0.02397	0.01404	0.01075	0.01017	0.00358	0.01501	0.00825	0.00517	0.01514
29	0.04141	0.02643	0.03028	0.02452	0.03067	0.08212	0.02008	0.12381	0.03185	0.26881	0.03066	0.03080	0.02146	0.01513	0.01796	0.00378	0.16302	0.01029	0.01022	0.01670

[dist]
# distance from previous block
# <min> <max>
0	1

[block]
# block no. 8 follows, 11 sequences, length 48
# corresponding to MSA columns:
# 438-485
name=unknown_I
#
# <colnr> <probs for GDERKNQSTAVLIFYWHMCP>
#	G	D	E	R	K	N	Q	S	T	A	V	L	I	F	Y	W	H	M	C	P
0	0.02795	0.34520	0.25409	0.02518	0.03736	0.07605	0.02848	0.03534	0.02391	0.03027	0.01762	0.02053	0.01437	0.01021	0.00885	0.00291	0.01452	0.00704	0.00486	0.01522
1	0.02975	0.17143	0.15936	0.03316	0.08367	0.07911	0.10664	0.08491	0.07688	0.03769	0.02268	0.02578	0.01762	0.01101	0.01046	0.00327	0.01481	0.00931	0.00642	0.01604
2	0.01401	0.01008	0.01369	0.01598	0.01680	0.00976	0.01090	0.01623	0.02111	0.02840	0.05802	0.52748	0.06861	0.04145	0.08306	0.00627	0.00950	0.02949	0.00989	0.00926
3	0.02399	0.16252	0.45425	0.02966	0.04497	0.02961	0.03737	0.03528	0.02359	0.03392	0.01934	0.02269	0.01429	0.01049	0.01004	0.00335	0.01577	0.00788	0.00476	0.01622
4	0.03396	0.33986	0.09086	0.02100	0.03105	0.03406	0.02045	0.08409	0.02778	0.12991	0.02301	0.02375	0.01763	0.01081	0.00881	0.00275	0.01170	0.00770	0.00734	0.07349
5	0.38950	0.02433	0.02917	0.02316	0.03125	0.02633	0.10468	0.08268	0.06805	0.08908	0.02306	0.02509	0.01698	0.01127	0.00932	0.00356	0.01109	0.00884	0.00809	0.01448
6	0.02543	0.02175	0.02310	0.02096	0.02673	0.02457	0.01623	0.05194	0.42139	0.04523	0.09600	0.05246	0.09076	0.01730	0.01180	0.00379	0.00826	0.01452	0.01144	0.01633
7	0.02126	0.02001	0.03376	0.57739	0.07752	0.02501	0.03126	0.02876	0.02251	0.02876	0.02001	0.03001	0.01500	0.01125	0.01125	0.00375	0.01500	0.01000	0.00500	0.01250
8	0.02808	0.02674	0.04507	0.03428	0.04197	0.02847	0.23400	0.09619	0.11726	0.04166	0.02758	0.03226	0.02121	0.01289	0.01571	0.00381	0.09878	0.01202	0.06669	0.01531
9	0.01416	0.01011	0.01357	0.01618	0.01702	0.00952	0.01122	0.01644	0.02199	0.02923	0.06179	0.55007	0.07347	0.03484	0.01448	0.00463	0.00691	0.07466	0.01044	0.00926
10	0.04953	0.02071	0.02708	0.02076	0.02951	0.01885	0.01715	0.11049	0.03482	0.48271	0.04222	0.03689	0.02676	0.01388	0.01131	0.00347	0.00993	0.01117	0.01359	0.01915
11	0.02858	0.01634	0.01983	0.01728	0.02240	0.01618	0.01351	0.03972	0.14180	0.17802	0.22605	0.05686	0.05899	0.01756	0.01165	0.00347	0.00727	0.01494	0.09501	0.01454
12	0.02257	0.05822	0.54613	0.03208	0.04871	0.02614	0.04158	0.03564	0.02376	0.03564	0.02020	0.02376	0.01426	0.01069	0.01069	0.00356	0.01663	0.00832	0.00475	0.01663
13	0.01637	0.01091	0.01228	0.01228	0.01228	0.01091	0.00682	0.01637	0.01637	0.02182	0.03546	0.07365	0.04092	0.60445	0.05729	0.01091	0.01091	0.01637	0.00682	0.00682
14	0.01371	0.00979	0.01306	0.01567	0.01632	0.00914	0.01045	0.01567	0.02155	0.02873	0.06203	0.59710	0.07444	0.03526	0.01437	0.00457	0.00653	0.03200	0.01045	0.00914
15	0.01593	0.01150	0.01504	0.01416	0.01681	0.01062	0.01062	0.02124	0.03186	0.04513	0.52830	0.08407	0.10620	0.02301	0.01327	0.00354	0.00531	0.02035	0.01239	0.01062
16	0.03078	0.02556	0.02702	0.02347	0.03033	0.02930	0.01849	0.14221	0.42696	0.05158	0.04227	0.03917	0.03149	0.01494	0.01142	0.00373	0.00956	0.01224	0.01142	0.01807
17	0.01371	0.00979	0.01306	0.01567	0.01632	0.00914	0.01045	0.01567	0.02155	0.02873	0.06203	0.59710	0.07444	0.03526	0.01437	0.00457	0.00653	0.03200	0.01045	0.00914
18	0.02583	0.01521	0.01625	0.01493	0.01921	0.01604	0.01153	0.03852	0.16342	0.09189	0.04004	0.04162	0.03031	0.01380	0.00922	0.00304	0.00670	0.01120	0.41783	0.01341
19	0.02257	0.05822	0.54613	0.03208	0.04871	0.02614	0.04158	0.03564	0.02376	0.03564	0.02020	0.02376	0.01426	0.01069	0.01069	0.00356	0.01663	0.00832	0.00475	0.01663
20	0.05050	0.01915	0.02612	0.02003	0.02873	0.01654	0.01654	0.05485	0.03221	0.54203	0.04440	0.03831	0.02786	0.01393	0.01132	0.00348	0.00958	0.01132	0.01393	0.01915
21	0.02126	0.02001	0.03376	0.57739	0.07752	0.02501	0.03126	0.02876	0.02251	0.02876	0.02001	0.03001	0.01500	0.01125	0.01125	0.00375	0.01500	0.01000	0.00500	0.01250
22	0.02598	0.30867	0.32550	0.02627	0.03973	0.03447	0.03147	0.03476	0.02336	0.03149	0.01814	0.02118	0.01434	0.01021	0.00912	0.00304	0.01455	0.00728	0.00478	0.01564
23	0.02515	0.02534	0.04716	0.24405	0.24052	0.02660	0.15994	0.03290	0.02478	0.03372	0.02120	0.02931	0.01662	0.01032	0.01177	0.00361	0.01550	0.01092	0.00540	0.01520
24	0.04837	0.02257	0.02823	0.02164	0.03043	0.02161	0.01788	0.17674	0.03793	0.41207	0.03961	0.03520	0.02546	0.01381	0.01130	0.00345	0.01035	0.01099	0.01319	0.01915
25	0.02334	0.02001	0.02334	0.01667	0.02667	0.01500	0.01334	0.02834	0.02334	0.03668	0.02001	0.02334	0.01667	0.00834	0.00834	0.00167	0.00834	0.00667	0.00667	0.67325
26	0.68395	0.02177	0.01654	0.01480	0.02177	0.02525	0.01219	0.03309	0.01915	0.05050	0.01567	0.01828	0.01219	0.01045	0.00697	0.00348	0.00871	0.00609	0.00697	0.01219
27	0.01814	0.01296	0.01814	0.02073	0.02332	0.01296	0.01814	0.02332	0.02591	0.03368	0.05959	0.12696	0.06478	0.03109	0.01555	0.00518	0.01036	0.45848	0.01036	0.01036
28	0.01814	0.01296	0.01814	0.02073	0.02332	0.01296	0.01814	0.02332	0.02591	0.03368	0.05959	0.12696	0.06478	0.03109	0.01555	0.00518	0.01036	0.45848	0.01036	0.01036
29	0.02126	0.02001	0.03376	0.57739	0.07752	0.02501	0.03126	0.02876	0.02251	0.02876	0.02001	0.03001	0.01500	0.01125	0.01125	0.00375	0.01500	0.01000	0.00500	0.01250
30	0.02719	0.02606	0.04448	0.12035	0.48817	0.02657	0.03421	0.03396	0.02531	0.03596	0.02105	0.02807	0.01754	0.01015	0.01115	0.00338	0.01354	0.01003	0.00551	0.01729
31	0.01451	0.01041	0.01377	0.01513	0.01650	0.00967	0.01051	0.01766	0.02524	0.03460	0.22881	0.41360	0.08580	0.03088	0.01398	0.00420	0.00609	0.02783	0.01114	0.00967
