[name]
unknown

[dist]
# distance from previous block
# <min> <max>
0	283

[block]
# block no. 0 follows, 11 sequences, length 23
# corresponding to MSA columns:
# 317-339
name=unknown_A
#
# <colnr> <probs for GDERKNQSTAVLIFYWHMCP>
#	G	D	E	R	K	N	Q	S	T	A	V	L	I	F	Y	W	H	M	C	P
0	0.01449	0.01037	0.01385	0.01588	0.01704	0.00973	0.01117	0.01730	0.02367	0.03193	0.14000	0.46853	0.07889	0.03283	0.01429	0.00445	0.00667	0.06864	0.01077	0.00950
1	0.02387	0.02886	0.12400	0.30143	0.23849	0.02583	0.03418	0.03201	0.02385	0.03282	0.02046	0.02818	0.01590	0.01071	0.01112	0.00357	0.01468	0.00973	0.00517	0.01513
2	0.02909	0.02252	0.03571	0.25986	0.21876	0.02442	0.02862	0.03802	0.07040	0.12076	0.02694	0.03180	0.01993	0.01167	0.01125	0.00357	0.01297	0.01049	0.00731	0.01592
3	0.02915	0.01407	0.01875	0.01662	0.02115	0.01333	0.01301	0.03353	0.02681	0.21955	0.12439	0.09933	0.04574	0.03187	0.12470	0.00647	0.01209	0.01478	0.12121	0.01344
4	0.03608	0.01971	0.02351	0.01953	0.02619	0.01988	0.01561	0.09118	0.15973	0.24662	0.10543	0.04457	0.03906	0.01534	0.01122	0.00347	0.00864	0.01266	0.08485	0.01673
5	0.33301	0.02083	0.02190	0.10982	0.03290	0.02149	0.01580	0.03064	0.02124	0.04183	0.01797	0.02208	0.01429	0.00982	0.00818	0.00287	0.00963	0.00696	0.00653	0.25222
6	0.01509	0.01086	0.01430	0.01473	0.01663	0.01006	0.01056	0.01914	0.02797	0.03895	0.35235	0.27767	0.09422	0.02763	0.01369	0.00393	0.00577	0.02475	0.01166	0.01006
7	0.02677	0.02048	0.03357	0.43716	0.11136	0.02375	0.02909	0.03367	0.02442	0.11556	0.02420	0.03120	0.01742	0.01159	0.01125	0.00367	0.01394	0.01023	0.00655	0.01411
8	0.02887	0.02038	0.02264	0.01962	0.02513	0.02194	0.01537	0.15627	0.17063	0.08137	0.12202	0.09605	0.04501	0.01757	0.01146	0.00354	0.00850	0.01471	0.10369	0.01521
9	0.12850	0.01311	0.01479	0.01386	0.01724	0.01306	0.01058	0.02378	0.02882	0.04568	0.38812	0.06840	0.08190	0.01981	0.01162	0.00343	0.00587	0.01688	0.08368	0.01087
10	0.02776	0.01272	0.01516	0.01394	0.01788	0.01190	0.01065	0.03221	0.02559	0.17527	0.04305	0.13406	0.03623	0.01705	0.00989	0.00318	0.00663	0.01432	0.37988	0.01261
11	0.01518	0.01133	0.01411	0.01373	0.01644	0.01025	0.01018	0.01968	0.02963	0.04058	0.39982	0.13625	0.19079	0.02527	0.01338	0.00369	0.00550	0.02213	0.01181	0.01025
12	0.02001	0.01642	0.02109	0.01965	0.02194	0.01951	0.01506	0.02894	0.12138	0.03163	0.07755	0.04916	0.03655	0.14240	0.22276	0.01037	0.11303	0.01333	0.00769	0.01153
13	0.68395	0.02177	0.01654	0.01480	0.02177	0.02525	0.01219	0.03309	0.01915	0.05050	0.01567	0.01828	0.01219	0.01045	0.00697	0.00348	0.00871	0.00609	0.00697	0.01219
14	0.68395	0.02177	0.01654	0.01480	0.02177	0.02525	0.01219	0.03309	0.01915	0.05050	0.01567	0.01828	0.01219	0.01045	0.00697	0.00348	0.00871	0.00609	0.00697	0.01219
15	0.03083	0.01674	0.02074	0.01769	0.02343	0.01598	0.01396	0.04050	0.12210	0.22952	0.21094	0.06172	0.11011	0.01877	0.01220	0.00360	0.00762	0.01592	0.01258	0.01504
16	0.03336	0.15584	0.12293	0.02426	0.03455	0.08025	0.02298	0.20152	0.03479	0.04594	0.02143	0.02337	0.01650	0.01117	0.00972	0.00287	0.01306	0.00812	0.00754	0.12980
17	0.02626	0.02691	0.05117	0.14800	0.28369	0.02707	0.20054	0.03410	0.02544	0.03514	0.02155	0.02913	0.01707	0.01004	0.01194	0.00358	0.01568	0.01121	0.00552	0.01596
18	0.09043	0.04453	0.32560	0.03228	0.04583	0.02658	0.12701	0.07201	0.02666	0.07221	0.02235	0.02575	0.01587	0.01085	0.01094	0.00358	0.01557	0.00944	0.00624	0.01626
19	0.13518	0.08146	0.28091	0.03290	0.04586	0.02794	0.17003	0.03520	0.02377	0.03763	0.01990	0.02443	0.01477	0.01022	0.01060	0.00354	0.01569	0.00927	0.00541	0.01531
20	0.02657	0.03036	0.06641	0.04744	0.05882	0.02846	0.49336	0.03605	0.02657	0.03605	0.02277	0.03036	0.01708	0.00949	0.01328	0.00380	0.01898	0.01328	0.00569	0.01518
21	0.02335	0.02958	0.20860	0.02110	0.02996	0.01683	0.02232	0.03035	0.02638	0.12111	0.10877	0.11009	0.16633	0.01960	0.01212	0.00371	0.01037	0.01645	0.00919	0.01383
22	0.02792	0.09389	0.42006	0.02904	0.04378	0.02591	0.03560	0.03877	0.02514	0.12138	0.02398	0.02581	0.01659	0.01116	0.01053	0.00346	0.01508	0.00865	0.00632	0.01690

[dist]
# distance from previous block
# <min> <max>
2	5

[block]
# block no. 1 follows, 11 sequences, length 19
# corresponding to MSA columns:
# 365-383
name=unknown_B
#
# <colnr> <probs for GDERKNQSTAVLIFYWHMCP>
#	G	D	E	R	K	N	Q	S	T	A	V	L	I	F	Y	W	H	M	C	P
0	0.03648	0.02756	0.03247	0.02593	0.03408	0.03019	0.05639	0.25535	0.22662	0.09873	0.03539	0.03400	0.02557	0.01391	0.01150	0.00359	0.01132	0.01148	0.01112	0.01832
1	0.03276	0.02818	0.04012	0.04904	0.29682	0.03056	0.02869	0.19744	0.03430	0.04772	0.02248	0.02717	0.01793	0.01242	0.01427	0.00354	0.08135	0.01004	0.00751	0.01763
2	0.10153	0.02222	0.03859	0.03039	0.03705	0.02233	0.20833	0.02896	0.02341	0.03527	0.03200	0.14709	0.03190	0.01761	0.01495	0.00398	0.07138	0.05743	0.00722	0.06835
3	0.11055	0.01980	0.02389	0.01805	0.02710	0.01689	0.01473	0.04145	0.02708	0.27786	0.03109	0.02987	0.02147	0.01123	0.00960	0.00273	0.00897	0.00881	0.01015	0.28871
4	0.02206	0.08963	0.02873	0.02201	0.02417	0.02599	0.01771	0.02744	0.06731	0.03066	0.08515	0.12716	0.03893	0.08070	0.02683	0.00492	0.24633	0.01499	0.00743	0.01184
5	0.01451	0.01056	0.01367	0.01476	0.01642	0.00972	0.01036	0.01779	0.02573	0.03499	0.24032	0.36568	0.12348	0.03014	0.01387	0.00412	0.00601	0.02698	0.01117	0.00972
6	0.01563	0.01124	0.01491	0.01533	0.01747	0.01052	0.01148	0.02008	0.02853	0.03960	0.35389	0.21935	0.09318	0.02709	0.01382	0.00400	0.00622	0.07578	0.01165	0.01021
7	0.01493	0.01147	0.01366	0.01311	0.01620	0.01020	0.00984	0.01931	0.02951	0.03955	0.37128	0.09326	0.26670	0.02509	0.01329	0.00364	0.00546	0.02164	0.01166	0.01020
8	0.39965	0.02059	0.02084	0.01715	0.02489	0.02134	0.01414	0.04285	0.02502	0.27110	0.02857	0.02727	0.01922	0.01201	0.00892	0.00348	0.00910	0.00844	0.01009	0.01532
9	0.02800	0.02418	0.02545	0.02291	0.02927	0.02800	0.01782	0.05981	0.51390	0.04708	0.04581	0.04199	0.03436	0.01527	0.01145	0.00382	0.00891	0.01273	0.01145	0.01782
10	0.02334	0.02001	0.02334	0.01667	0.02667	0.01500	0.01334	0.02834	0.02334	0.03668	0.02001	0.02334	0.01667	0.00834	0.00834	0.00167	0.00834	0.00667	0.00667	0.67325
11	0.68395	0.02177	0.01654	0.01480	0.02177	0.02525	0.01219	0.03309	0.01915	0.05050	0.01567	0.01828	0.01219	0.01045	0.00697	0.00348	0.00871	0.00609	0.00697	0.01219
12	0.02126	0.02001	0.03376	0.57739	0.07752	0.02501	0.03126	0.02876	0.02251	0.02876	0.02001	0.03001	0.01500	0.01125	0.01125	0.00375	0.01500	0.01000	0.00500	0.01250
13	0.01392	0.00995	0.01324	0.01553	0.01637	0.00928	0.01046	0.01618	0.02249	0.03023	0.10460	0.55027	0.07734	0.03414	0.01427	0.00448	0.00642	0.03093	0.01063	0.00928
14	0.01743	0.01436	0.01470	0.01645	0.01785	0.06556	0.01131	0.01985	0.02284	0.03010	0.05462	0.47564	0.06318	0.03035	0.01320	0.00418	0.00779	0.02705	0.08384	0.00969
15	0.03962	0.33477	0.04364	0.01962	0.02882	0.03146	0.01799	0.04358	0.02723	0.26721	0.02907	0.02751	0.02071	0.01164	0.00913	0.00291	0.01089	0.00849	0.00907	0.01664
16	0.01795	0.01422	0.01768	0.01775	0.02001	0.01519	0.01303	0.02666	0.11974	0.03664	0.18225	0.30465	0.07064	0.02682	0.01527	0.00417	0.05176	0.02335	0.01074	0.01148
17	0.01621	0.01236	0.01512	0.01522	0.01805	0.01178	0.01148	0.02260	0.06771	0.03838	0.27958	0.18058	0.17447	0.02641	0.01354	0.00395	0.00638	0.06408	0.01139	0.01070
18	0.08838	0.18134	0.17547	0.03165	0.09689	0.02940	0.10070	0.03378	0.02375	0.03564	0.02100	0.02539	0.01663	0.01040	0.00961	0.00317	0.01342	0.00877	0.07974	0.01488

[dist]
# distance from previous block
# <min> <max>
0	20

[block]
# block no. 2 follows, 11 sequences, length 6
# corresponding to MSA columns:
# 404-409
name=unknown_C
#
# <colnr> <probs for GDERKNQSTAVLIFYWHMCP>
#	G	D	E	R	K	N	Q	S	T	A	V	L	I	F	Y	W	H	M	C	P
0	0.11638	0.20486	0.09055	0.02164	0.03111	0.03111	0.02038	0.11993	0.06802	0.15341	0.02678	0.02656	0.01947	0.01190	0.00948	0.00317	0.01138	0.00867	0.00871	0.01650
1	0.54244	0.02392	0.02035	0.01725	0.02467	0.02738	0.01422	0.13541	0.02661	0.05501	0.01818	0.02021	0.01372	0.01112	0.00791	0.00346	0.00952	0.00699	0.00791	0.01372
2	0.03299	0.03408	0.20621	0.02628	0.03583	0.02408	0.02703	0.08719	0.02861	0.19079	0.03135	0.03895	0.02401	0.01535	0.01535	0.00389	0.09818	0.05467	0.00879	0.01638
3	0.01990	0.01971	0.01697	0.01797	0.02023	0.13061	0.01266	0.02220	0.02445	0.02872	0.05995	0.39677	0.12923	0.02903	0.01328	0.00409	0.00944	0.02530	0.00942	0.01006
4	0.11820	0.11297	0.04324	0.15849	0.15951	0.02991	0.10245	0.07942	0.02652	0.03865	0.02018	0.02588	0.01593	0.01056	0.01037	0.00339	0.01371	0.00943	0.00611	0.01507
5	0.01371	0.00979	0.01306	0.01567	0.01632	0.00914	0.01045	0.01567	0.02155	0.02873	0.06203	0.59710	0.07444	0.03526	0.01437	0.00457	0.00653	0.03200	0.01045	0.00914

[dist]
# distance from previous block
# <min> <max>
0	1

[block]
# block no. 3 follows, 11 sequences, length 31
# corresponding to MSA columns:
# 411-441
name=unknown_D
#
# <colnr> <probs for GDERKNQSTAVLIFYWHMCP>
#	G	D	E	R	K	N	Q	S	T	A	V	L	I	F	Y	W	H	M	C	P
0	0.24161	0.12957	0.16154	0.02173	0.03170	0.02822	0.02219	0.04011	0.09697	0.09251	0.02432	0.02528	0.01805	0.01146	0.00909	0.00337	0.01141	0.00819	0.00743	0.01527
1	0.02320	0.07929	0.03481	0.25115	0.04916	0.02492	0.07107	0.06056	0.02392	0.03136	0.02629	0.11422	0.02483	0.01786	0.01637	0.06537	0.05382	0.01323	0.00631	0.01223
2	0.02261	0.01223	0.01534	0.01437	0.01770	0.01133	0.01083	0.02724	0.02815	0.12328	0.24704	0.14274	0.06786	0.02072	0.01167	0.00344	0.00618	0.01799	0.18750	0.01176
3	0.03288	0.02473	0.04207	0.16744	0.14000	0.02517	0.13993	0.08569	0.02948	0.15790	0.02739	0.03136	0.01949	0.01147	0.01174	0.00359	0.01412	0.01113	0.00803	0.01638
4	0.01982	0.01420	0.01927	0.01861	0.02109	0.01564	0.01464	0.02319	0.02187	0.07562	0.05213	0.15012	0.12793	0.04536	0.19492	0.00884	0.10181	0.05542	0.00849	0.01101
5	0.01469	0.01046	0.01362	0.01484	0.01607	0.00980	0.01014	0.01753	0.02435	0.03332	0.20950	0.37919	0.08129	0.08864	0.01834	0.00488	0.00658	0.02667	0.01071	0.00938
6	0.01567	0.01149	0.01468	0.01388	0.01665	0.01051	0.01041	0.02073	0.03123	0.04365	0.48658	0.08652	0.14884	0.02356	0.01328	0.00357	0.00535	0.02070	0.01219	0.01051
7	0.01438	0.01027	0.01383	0.01644	0.01738	0.00972	0.01161	0.01683	0.02221	0.02948	0.06167	0.52614	0.07298	0.03463	0.01454	0.00466	0.00711	0.09637	0.01044	0.00933
8	0.03009	0.61122	0.05898	0.01926	0.02889	0.04454	0.01926	0.03370	0.02287	0.02648	0.01565	0.01805	0.01444	0.00963	0.00722	0.00241	0.01204	0.00602	0.00481	0.01444
9	0.02257	0.05822	0.54613	0.03208	0.04871	0.02614	0.04158	0.03564	0.02376	0.03564	0.02020	0.02376	0.01426	0.01069	0.01069	0.00356	0.01663	0.00832	0.00475	0.01663
10	0.05050	0.01915	0.02612	0.02003	0.02873	0.01654	0.01654	0.05485	0.03221	0.54203	0.04440	0.03831	0.02786	0.01393	0.01132	0.00348	0.00958	0.01132	0.01393	0.01915
11	0.03009	0.61122	0.05898	0.01926	0.02889	0.04454	0.01926	0.03370	0.02287	0.02648	0.01565	0.01805	0.01444	0.00963	0.00722	0.00241	0.01204	0.00602	0.00481	0.01444
12	0.02397	0.02138	0.03523	0.27960	0.25848	0.02354	0.02910	0.03079	0.02398	0.03410	0.02301	0.03091	0.01827	0.01102	0.01070	0.00341	0.01285	0.01009	0.10515	0.01442
13	0.01741	0.01272	0.01712	0.01932	0.02209	0.01243	0.01669	0.02224	0.02587	0.03319	0.06781	0.12415	0.13495	0.03070	0.01521	0.00497	0.00966	0.39286	0.01038	0.01023
14	0.01371	0.00979	0.01306	0.01567	0.01632	0.00914	0.01045	0.01567	0.02155	0.02873	0.06203	0.59710	0.07444	0.03526	0.01437	0.00457	0.00653	0.03200	0.01045	0.00914
15	0.16244	0.02442	0.02735	0.02135	0.02986	0.02523	0.01763	0.22191	0.03786	0.27053	0.03246	0.03031	0.02164	0.01314	0.01051	0.00344	0.01051	0.00991	0.01163	0.01789
16	0.01371	0.00979	0.01306	0.01567	0.01632	0.00914	0.01045	0.01567	0.02155	0.02873	0.06203	0.59710	0.07444	0.03526	0.01437	0.00457	0.00653	0.03200	0.01045	0.00914
17	0.68395	0.02177	0.01654	0.01480	0.02177	0.02525	0.01219	0.03309	0.01915	0.05050	0.01567	0.01828	0.01219	0.01045	0.00697	0.00348	0.00871	0.00609	0.00697	0.01219
18	0.01637	0.01091	0.01228	0.01228	0.01228	0.01091	0.00682	0.01637	0.01637	0.02182	0.03546	0.07365	0.04092	0.60445	0.05729	0.01091	0.01091	0.01637	0.00682	0.00682
19	0.03334	0.03343	0.17720	0.03981	0.15888	0.02368	0.11400	0.04151	0.02737	0.19544	0.02852	0.03051	0.01990	0.01134	0.01147	0.00353	0.01407	0.01057	0.00801	0.01745
20	0.02309	0.03265	0.19630	0.02177	0.03397	0.01869	0.02268	0.03076	0.02348	0.03633	0.02007	0.02348	0.01587	0.00912	0.00912	0.00229	0.01108	0.00721	0.00603	0.45601
21	0.03018	0.02867	0.06033	0.04330	0.05428	0.02666	0.42139	0.03889	0.02742	0.11242	0.02604	0.03156	0.01871	0.01016	0.01299	0.00375	0.01756	0.01299	0.00694	0.01578
22	0.01364	0.01009	0.01276	0.01490	0.01612	0.00921	0.01010	0.01576	0.02229	0.02904	0.07147	0.50842	0.15703	0.03404	0.01417	0.00443	0.00638	0.03050	0.01045	0.00921
23	0.02958	0.17666	0.26545	0.02537	0.03721	0.02841	0.02828	0.07610	0.02715	0.11239	0.02675	0.07129	0.02165	0.01316	0.01031	0.00334	0.01330	0.01030	0.00717	0.01611
24	0.03116	0.02419	0.04235	0.16786	0.13550	0.02457	0.15488	0.04044	0.06863	0.15175	0.02880	0.03267	0.02068	0.01152	0.01183	0.00364	0.01405	0.01145	0.00790	0.01614
25	0.01361	0.01018	0.01266	0.01465	0.01606	0.00923	0.00999	0.01579	0.02253	0.02913	0.07451	0.47985	0.18364	0.03364	0.01411	0.00439	0.00633	0.03002	0.01045	0.00923
26	0.02097	0.01918	0.03121	0.33802	0.10583	0.02338	0.02678	0.02708	0.02126	0.02878	0.02213	0.03277	0.01849	0.02981	0.14786	0.00733	0.07091	0.01049	0.00530	0.01243
27	0.13893	0.16930	0.17203	0.02547	0.03647	0.02986	0.07224	0.08016	0.02705	0.11544	0.02294	0.02471	0.01675	0.01103	0.00969	0.00328	0.01306	0.00855	0.00721	0.01586
28	0.03058	0.01935	0.02231	0.02071	0.02480	0.07021	0.01632	0.03401	0.02640	0.19908	0.04646	0.21811	0.04529	0.02354	0.01544	0.00418	0.06868	0.09060	0.01055	0.01337
29	0.01706	0.01065	0.01425	0.01607	0.01745	0.00982	0.01100	0.01924	0.02252	0.07542	0.06043	0.54627	0.07020	0.03332	0.01409	0.00447	0.00681	0.03012	0.01076	0.01005
30	0.02118	0.01427	0.01784	0.01586	0.02062	0.01194	0.01171	0.02344	0.02247	0.07690	0.04449	0.22089	0.08415	0.02411	0.01641	0.10423	0.00784	0.01738	0.00864	0.23563

[dist]
# distance from previous block
# <min> <max>
1	38

[block]
# block no. 4 follows, 11 sequences, length 28
# corresponding to MSA columns:
# 494-521
name=unknown_E
#
# <colnr> <probs for GDERKNQSTAVLIFYWHMCP>
#	G	D	E	R	K	N	Q	S	T	A	V	L	I	F	Y	W	H	M	C	P
0	0.24970	0.02992	0.13837	0.17637	0.13595	0.02565	0.02751	0.03275	0.02220	0.03913	0.01878	0.02428	0.01440	0.01063	0.00965	0.00354	0.01289	0.00831	0.00573	0.01424
1	0.02309	0.01718	0.02500	0.25951	0.04546	0.01811	0.02024	0.02921	0.02540	0.07925	0.12098	0.04133	0.03543	0.01345	0.01075	0.00320	0.01040	0.01158	0.08635	0.12408
2	0.02649	0.02949	0.06154	0.04759	0.09718	0.02889	0.40841	0.03506	0.02558	0.03525	0.02186	0.02959	0.01692	0.01052	0.01538	0.00386	0.07297	0.01267	0.00561	0.01513
3	0.02118	0.01701	0.01957	0.01796	0.02223	0.01817	0.01375	0.03801	0.24142	0.04598	0.31855	0.06578	0.07497	0.01965	0.01248	0.00366	0.00687	0.01704	0.01198	0.01375
4	0.09214	0.01399	0.01765	0.01740	0.02116	0.01328	0.01324	0.02925	0.02480	0.17439	0.05216	0.32711	0.05404	0.02632	0.01291	0.00423	0.00805	0.07445	0.01106	0.01238
5	0.01410	0.01007	0.01350	0.01611	0.01693	0.00947	0.01112	0.01634	0.02193	0.02916	0.06182	0.55611	0.07360	0.03490	0.01447	0.00462	0.00686	0.06918	0.01044	0.00925
6	0.01634	0.01103	0.01286	0.01286	0.01307	0.01123	0.00755	0.01674	0.01654	0.02226	0.03493	0.07068	0.03963	0.55195	0.10802	0.01164	0.01285	0.01593	0.00674	0.00715
7	0.03678	0.02854	0.03040	0.02468	0.03261	0.03210	0.01994	0.31924	0.24017	0.06125	0.03465	0.03310	0.02532	0.01423	0.01134	0.00356	0.01097	0.01119	0.01134	0.01860
8	0.05050	0.01915	0.02612	0.02003	0.02873	0.01654	0.01654	0.05485	0.03221	0.54203	0.04440	0.03831	0.02786	0.01393	0.01132	0.00348	0.00958	0.01132	0.01393	0.01915
9	0.02800	0.02418	0.02545	0.02291	0.02927	0.02800	0.01782	0.05981	0.51390	0.04708	0.04581	0.04199	0.03436	0.01527	0.01145	0.00382	0.00891	0.01273	0.01145	0.01782
10	0.01996	0.01229	0.01575	0.01638	0.01821	0.01196	0.01215	0.02243	0.02185	0.07696	0.04793	0.15126	0.05200	0.27919	0.03314	0.00744	0.01007	0.17233	0.00918	0.00953
11	0.02334	0.02001	0.02334	0.01667	0.02667	0.01500	0.01334	0.02834	0.02334	0.03668	0.02001	0.02334	0.01667	0.00834	0.00834	0.00167	0.00834	0.00667	0.00667	0.67325
12	0.02845	0.10033	0.13532	0.03872	0.20538	0.02593	0.02737	0.03767	0.06746	0.08282	0.02441	0.02733	0.01891	0.01064	0.01016	0.00304	0.01225	0.00901	0.00679	0.12801
13	0.09255	0.08177	0.13096	0.02778	0.07984	0.02728	0.02392	0.13033	0.08565	0.16594	0.02947	0.02932	0.02086	0.01234	0.01045	0.00341	0.01188	0.00964	0.00922	0.01738
14	0.01551	0.01118	0.01467	0.01445	0.01672	0.01034	0.01059	0.02018	0.02989	0.04201	0.43943	0.18185	0.10015	0.02534	0.01348	0.00374	0.00554	0.02257	0.01202	0.01034
15	0.03284	0.02338	0.03951	0.22159	0.09880	0.02420	0.12316	0.07213	0.02860	0.17985	0.02813	0.03202	0.01965	0.01170	0.01169	0.00362	0.01395	0.01107	0.00819	0.01592
16	0.03734	0.02407	0.07891	0.02609	0.03490	0.01966	0.11028	0.04519	0.06446	0.30137	0.04026	0.10233	0.03059	0.01542	0.01202	0.00370	0.01161	0.01400	0.01092	0.01687
17	0.02267	0.02377	0.13475	0.08127	0.03207	0.01618	0.02017	0.02889	0.02670	0.11531	0.14324	0.10921	0.16048	0.01994	0.01227	0.00371	0.00976	0.01696	0.00950	0.01311
18	0.09370	0.02163	0.02686	0.02074	0.02938	0.02055	0.01713	0.13499	0.03512	0.42033	0.03917	0.03481	0.02515	0.01361	0.01100	0.00346	0.01003	0.01073	0.01295	0.01866
19	0.08509	0.09557	0.03521	0.08331	0.15022	0.08411	0.02265	0.04255	0.02770	0.22357	0.02827	0.02926	0.02013	0.01176	0.01034	0.00328	0.01238	0.00944	0.00868	0.01649
20	0.09453	0.02874	0.09684	0.09957	0.09105	0.02566	0.14675	0.07353	0.06223	0.12941	0.02708	0.03017	0.01939	0.01146	0.01132	0.00361	0.01388	0.01073	0.00789	0.01616
21	0.02300	0.01082	0.01594	0.01526	0.01623	0.01053	0.01053	0.01914	0.01662	0.07776	0.02232	0.03467	0.02048	0.03630	0.04035	0.59799	0.00975	0.00995	0.00590	0.00648
22	0.01617	0.01148	0.01413	0.01586	0.01738	0.01140	0.01096	0.02185	0.07665	0.03235	0.05721	0.46910	0.06454	0.03040	0.01327	0.00425	0.00664	0.02729	0.08879	0.01027
23	0.07520	0.14860	0.03928	0.15469	0.08754	0.02832	0.06474	0.03260	0.02435	0.07767	0.07733	0.03261	0.02638	0.01297	0.01306	0.00348	0.06998	0.01041	0.00681	0.01398
24	0.02792	0.02952	0.13375	0.12933	0.12532	0.02358	0.06925	0.07855	0.02762	0.09398	0.02752	0.07767	0.02263	0.01313	0.01133	0.00348	0.01324	0.01175	0.00732	0.07311
25	0.12173	0.07516	0.02960	0.02750	0.13001	0.02128	0.01810	0.03256	0.02497	0.08742	0.07820	0.03127	0.02711	0.01128	0.00945	0.00273	0.00955	0.00919	0.00765	0.24520
26	0.02590	0.02993	0.20341	0.02214	0.03090	0.01784	0.02267	0.03241	0.02363	0.13730	0.03331	0.10414	0.02958	0.10631	0.06842	0.00590	0.01366	0.01312	0.00792	0.07150
27	0.02528	0.02562	0.14501	0.07707	0.03407	0.01723	0.02180	0.03181	0.02606	0.13505	0.08648	0.11577	0.08099	0.01822	0.01189	0.00364	0.01065	0.04678	0.00905	0.07754

[dist]
# distance from previous block
# <min> <max>
4	22

[block]
# block no. 5 follows, 11 sequences, length 34
# corresponding to MSA columns:
# 544-577
name=unknown_F
#
# <colnr> <probs for GDERKNQSTAVLIFYWHMCP>
#	G	D	E	R	K	N	Q	S	T	A	V	L	I	F	Y	W	H	M	C	P
0	0.09068	0.07676	0.02444	0.01801	0.02411	0.01793	0.01482	0.03747	0.02823	0.25362	0.12660	0.11679	0.04757	0.01883	0.01160	0.00366	0.00872	0.05415	0.01139	0.01461
1	0.04092	0.02922	0.02757	0.02283	0.02997	0.14907	0.01811	0.13283	0.07890	0.22743	0.09237	0.03766	0.03293	0.01450	0.01127	0.00336	0.01209	0.01133	0.01109	0.01657
2	0.03399	0.02001	0.02850	0.07076	0.03339	0.01993	0.07305	0.08643	0.07403	0.21278	0.07907	0.04051	0.03220	0.01389	0.01110	0.00341	0.01024	0.01209	0.12895	0.01567
3	0.13303	0.01656	0.01903	0.08250	0.02629	0.01850	0.01472	0.02253	0.02266	0.03312	0.06819	0.06855	0.28746	0.02175	0.01613	0.00394	0.10939	0.01659	0.00822	0.01082
4	0.03590	0.07515	0.03064	0.02268	0.03002	0.02755	0.01911	0.27888	0.04124	0.11427	0.07780	0.05023	0.03546	0.01716	0.01185	0.00364	0.01104	0.08996	0.01096	0.01644
5	0.03541	0.02478	0.03302	0.11519	0.13894	0.02631	0.02371	0.21419	0.03651	0.13727	0.03089	0.07893	0.02458	0.01443	0.01151	0.00355	0.01197	0.01219	0.00958	0.01702
6	0.03137	0.02953	0.03007	0.07774	0.09436	0.11980	0.02154	0.13108	0.19798	0.04394	0.03805	0.03843	0.06768	0.01448	0.01130	0.00351	0.01234	0.01168	0.00908	0.01605
7	0.01542	0.01148	0.01434	0.01363	0.01650	0.01040	0.01022	0.02025	0.03066	0.04228	0.44797	0.08878	0.18830	0.02408	0.01328	0.00359	0.00539	0.02101	0.01201	0.01040
8	0.02788	0.13040	0.12160	0.02224	0.03091	0.02721	0.02104	0.04531	0.23612	0.08849	0.04401	0.04213	0.08560	0.01492	0.01079	0.00349	0.01050	0.01195	0.00924	0.01616
9	0.02657	0.03036	0.06641	0.04744	0.05882	0.02846	0.49336	0.03605	0.02657	0.03605	0.02277	0.03036	0.01708	0.00949	0.01328	0.00380	0.01898	0.01328	0.00569	0.01518
10	0.02160	0.01746	0.01993	0.01827	0.02266	0.01878	0.01400	0.03935	0.25822	0.04605	0.30173	0.06431	0.07246	0.01938	0.01242	0.00367	0.00700	0.01677	0.01195	0.01400
11	0.01593	0.01150	0.01504	0.01416	0.01681	0.01062	0.01062	0.02124	0.03186	0.04513	0.52830	0.08407	0.10620	0.02301	0.01327	0.00354	0.00531	0.02035	0.01239	0.01062
12	0.02536	0.02681	0.04664	0.03636	0.04070	0.03219	0.20310	0.03050	0.02079	0.03050	0.01782	0.02681	0.01565	0.01581	0.02793	0.00449	0.36877	0.01116	0.00522	0.01340
13	0.01593	0.01150	0.01504	0.01416	0.01681	0.01062	0.01062	0.02124	0.03186	0.04513	0.52830	0.08407	0.10620	0.02301	0.01327	0.00354	0.00531	0.02035	0.01239	0.01062
14	0.02098	0.01049	0.01049	0.01049	0.01311	0.01049	0.00787	0.02623	0.02360	0.04196	0.03672	0.04196	0.02885	0.01311	0.00787	0.00262	0.00525	0.01049	0.66693	0.01049
15	0.05050	0.01915	0.02612	0.02003	0.02873	0.01654	0.01654	0.05485	0.03221	0.54203	0.04440	0.03831	0.02786	0.01393	0.01132	0.00348	0.00958	0.01132	0.01393	0.01915
16	0.02257	0.05822	0.54613	0.03208	0.04871	0.02614	0.04158	0.03564	0.02376	0.03564	0.02020	0.02376	0.01426	0.01069	0.01069	0.00356	0.01663	0.00832	0.00475	0.01663
17	0.02462	0.02462	0.03447	0.02955	0.02955	0.03447	0.02462	0.02709	0.01724	0.02709	0.01477	0.02462	0.01477	0.01970	0.03694	0.00492	0.58385	0.00985	0.00492	0.01231
18	0.02786	0.02674	0.04568	0.06908	0.53424	0.02674	0.03454	0.03454	0.02563	0.03677	0.02117	0.02786	0.01783	0.01003	0.01114	0.00334	0.01337	0.01003	0.00557	0.01783
19	0.02786	0.02674	0.04568	0.06908	0.53424	0.02674	0.03454	0.03454	0.02563	0.03677	0.02117	0.02786	0.01783	0.01003	0.01114	0.00334	0.01337	0.01003	0.00557	0.01783
20	0.14860	0.02469	0.02647	0.02025	0.02921	0.02465	0.01657	0.21322	0.03495	0.10238	0.02438	0.02537	0.01796	0.01126	0.00952	0.00283	0.01009	0.00837	0.00922	0.24000
21	0.09525	0.11002	0.03509	0.28250	0.05157	0.02886	0.02458	0.07349	0.02537	0.08500	0.02146	0.02709	0.01625	0.01217	0.01258	0.00357	0.06543	0.00914	0.00660	0.01399
22	0.02786	0.02674	0.04568	0.06908	0.53424	0.02674	0.03454	0.03454	0.02563	0.03677	0.02117	0.02786	0.01783	0.01003	0.01114	0.00334	0.01337	0.01003	0.00557	0.01783
23	0.01371	0.00979	0.01306	0.01567	0.01632	0.00914	0.01045	0.01567	0.02155	0.02873	0.06203	0.59710	0.07444	0.03526	0.01437	0.00457	0.00653	0.03200	0.01045	0.00914
24	0.01625	0.01291	0.01969	0.01992	0.02250	0.01221	0.06035	0.01999	0.02371	0.03107	0.06220	0.35716	0.10775	0.03086	0.01451	0.00460	0.00882	0.15539	0.00995	0.01013
25	0.02718	0.02606	0.04447	0.12092	0.48766	0.02657	0.03421	0.03395	0.02531	0.03595	0.02105	0.02808	0.01754	0.01015	0.01115	0.00338	0.01354	0.01003	0.00551	0.01729
26	0.02210	0.02091	0.02963	0.02616	0.02676	0.02845	0.02151	0.02502	0.01749	0.02680	0.01932	0.03041	0.01872	0.03882	0.19143	0.00881	0.42026	0.01050	0.00525	0.01164
27	0.01383	0.01056	0.01271	0.01399	0.01599	0.00944	0.00980	0.01650	0.02421	0.03127	0.13571	0.36469	0.23785	0.03144	0.01386	0.00418	0.00609	0.02772	0.01068	0.00944
28	0.03485	0.09878	0.12907	0.02325	0.03275	0.02572	0.02209	0.05041	0.19840	0.21048	0.03686	0.03442	0.02595	0.01327	0.01076	0.00349	0.01098	0.01061	0.01023	0.01764
29	0.03049	0.03357	0.12529	0.17555	0.18140	0.08947	0.03051	0.08345	0.02863	0.08137	0.02290	0.02761	0.01712	0.01133	0.01100	0.00345	0.01474	0.00952	0.00663	0.01598
30	0.01393	0.01066	0.01278	0.01386	0.01600	0.00952	0.00978	0.01677	0.02475	0.03205	0.15806	0.33384	0.24593	0.03077	0.01380	0.00412	0.00603	0.02706	0.01077	0.00952
31	0.02384	0.07355	0.03735	0.38623	0.15072	0.02731	0.02956	0.03308	0.06826	0.03168	0.02220	0.02967	0.01724	0.01126	0.01090	0.00357	0.01389	0.00991	0.00568	0.01412
32	0.03786	0.06831	0.07845	0.03799	0.18141	0.02348	0.07116	0.04402	0.02840	0.26743	0.03150	0.03187	0.02183	0.01179	0.01112	0.00340	0.01234	0.01052	0.00930	0.01784
33	0.04072	0.03730	0.13700	0.02601	0.03595	0.11908	0.02422	0.19473	0.03724	0.19270	0.02898	0.02845	0.01985	0.01272	0.01097	0.00336	0.01383	0.00960	0.00974	0.01757

[dist]
# distance from previous block
# <min> <max>
0	3

[block]
# block no. 6 follows, 11 sequences, length 135
# corresponding to MSA columns:
# 581-715
name=unknown_G
#
# <colnr> <probs for GDERKNQSTAVLIFYWHMCP>
#	G	D	E	R	K	N	Q	S	T	A	V	L	I	F	Y	W	H	M	C	P
0	0.26721	0.27581	0.03726	0.01921	0.02710	0.10102	0.01689	0.03723	0.06660	0.03712	0.01858	0.02056	0.01542	0.01068	0.00788	0.00298	0.01160	0.00680	0.00631	0.01376
1	0.31277	0.02017	0.02129	0.01840	0.02534	0.02107	0.01536	0.07523	0.02723	0.20877	0.03347	0.04420	0.02689	0.01538	0.01020	0.00377	0.00957	0.08607	0.01015	0.01469
2	0.02126	0.02001	0.03376	0.57739	0.07752	0.02501	0.03126	0.02876	0.02251	0.02876	0.02001	0.03001	0.01500	0.01125	0.01125	0.00375	0.01500	0.01000	0.00500	0.01250
3	0.03932	0.03314	0.03307	0.02673	0.03414	0.20044	0.07850	0.11791	0.03476	0.17123	0.08709	0.03489	0.02990	0.01360	0.01140	0.00332	0.01428	0.01109	0.00957	0.01562
4	0.02617	0.02044	0.03030	0.28006	0.09133	0.02076	0.02372	0.03238	0.02426	0.09676	0.02318	0.02867	0.01741	0.01052	0.01028	0.00299	0.01198	0.00906	0.00673	0.23301
5	0.03158	0.02489	0.02776	0.02058	0.03016	0.02344	0.01675	0.22683	0.03588	0.05119	0.02298	0.02490	0.01772	0.01053	0.00957	0.00239	0.01005	0.00814	0.00861	0.39604
6	0.02126	0.02001	0.03376	0.57739	0.07752	0.02501	0.03126	0.02876	0.02251	0.02876	0.02001	0.03001	0.01500	0.01125	0.01125	0.00375	0.01500	0.01000	0.00500	0.01250
7	0.01558	0.01123	0.01473	0.01440	0.01674	0.01038	0.01059	0.02035	0.03022	0.04252	0.45394	0.16589	0.10113	0.02496	0.01345	0.00370	0.00550	0.02221	0.01208	0.01038
8	0.01371	0.00979	0.01306	0.01567	0.01632	0.00914	0.01045	0.01567	0.02155	0.02873	0.06203	0.59710	0.07444	0.03526	0.01437	0.00457	0.00653	0.03200	0.01045	0.00914
9	0.01540	0.01148	0.01431	0.01361	0.01649	0.01039	0.01020	0.02022	0.03061	0.04217	0.44497	0.08895	0.19138	0.02412	0.01328	0.00359	0.00539	0.02104	0.01200	0.01039
10	0.01637	0.01091	0.01228	0.01228	0.01228	0.01091	0.00682	0.01637	0.01637	0.02182	0.03546	0.07365	0.04092	0.60445	0.05729	0.01091	0.01091	0.01637	0.00682	0.00682
11	0.04567	0.02023	0.02598	0.02064	0.02885	0.01900	0.01682	0.05592	0.13565	0.43575	0.04471	0.03910	0.02926	0.01422	0.01135	0.00355	0.00943	0.01162	0.01340	0.01887
12	0.04204	0.05364	0.03190	0.02900	0.03480	0.55926	0.02175	0.04494	0.03190	0.02755	0.01740	0.02030	0.01450	0.01160	0.01015	0.00290	0.02030	0.00725	0.00580	0.01305
13	0.02126	0.02001	0.03376	0.57739	0.07752	0.02501	0.03126	0.02876	0.02251	0.02876	0.02001	0.03001	0.01500	0.01125	0.01125	0.00375	0.01500	0.01000	0.00500	0.01250
14	0.01372	0.01142	0.01198	0.01184	0.01546	0.00968	0.00888	0.01696	0.02664	0.03275	0.18009	0.10445	0.46213	0.02763	0.01330	0.00376	0.00564	0.02321	0.01076	0.00968
15	0.02702	0.02589	0.04418	0.13319	0.47664	0.02652	0.03413	0.03381	0.02523	0.03576	0.02102	0.02813	0.01747	0.01018	0.01116	0.00339	0.01358	0.01003	0.00550	0.01716
16	0.02800	0.02418	0.02545	0.02291	0.02927	0.02800	0.01782	0.05981	0.51390	0.04708	0.04581	0.04199	0.03436	0.01527	0.01145	0.00382	0.00891	0.01273	0.01145	0.01782
17	0.01653	0.01138	0.01451	0.01373	0.01638	0.01060	0.01029	0.02183	0.03088	0.04476	0.47015	0.07909	0.09705	0.02184	0.01264	0.00343	0.00530	0.01919	0.08981	0.01060
18	0.02618	0.02788	0.03992	0.35185	0.11149	0.11364	0.10525	0.03317	0.02501	0.03052	0.02014	0.02826	0.01553	0.01090	0.01139	0.00358	0.01636	0.01009	0.00530	0.01354
19	0.01637	0.01091	0.01228	0.01228	0.01228	0.01091	0.00682	0.01637	0.01637	0.02182	0.03546	0.07365	0.04092	0.60445	0.05729	0.01091	0.01091	0.01637	0.00682	0.00682
20	0.01469	0.01086	0.01372	0.01427	0.01637	0.00989	0.01022	0.01836	0.02705	0.03669	0.28904	0.27705	0.16345	0.02842	0.01368	0.00396	0.00582	0.02520	0.01136	0.00989
21	0.14200	0.02332	0.03394	0.03012	0.08037	0.02567	0.08005	0.03887	0.02437	0.19898	0.02610	0.02903	0.01915	0.01410	0.01828	0.00393	0.17787	0.01016	0.00832	0.01539
22	0.02796	0.22944	0.12609	0.08840	0.03762	0.03084	0.02388	0.03965	0.12528	0.07403	0.02908	0.03601	0.02382	0.01329	0.01018	0.00337	0.01219	0.04618	0.00738	0.01532
23	0.01944	0.01545	0.01813	0.01881	0.02177	0.01653	0.01386	0.03287	0.20657	0.03603	0.05574	0.34947	0.05860	0.02741	0.01337	0.00434	0.00774	0.06054	0.01082	0.01250
24	0.01534	0.01025	0.01304	0.01452	0.01590	0.00966	0.01006	0.01851	0.02396	0.03419	0.15170	0.40351	0.07341	0.02919	0.01309	0.00405	0.00608	0.02615	0.11773	0.00966
25	0.03096	0.02421	0.07732	0.08188	0.15890	0.02084	0.07953	0.03765	0.02836	0.18178	0.12209	0.04143	0.03650	0.01365	0.01181	0.00353	0.01186	0.01256	0.00912	0.01601
26	0.02749	0.02991	0.13997	0.22185	0.22331	0.02477	0.03261	0.03543	0.02506	0.09764	0.02352	0.02906	0.01745	0.01106	0.01111	0.00354	0.01408	0.00984	0.00627	0.01601
27	0.03001	0.10587	0.16326	0.02697	0.03407	0.03006	0.02654	0.03564	0.02258	0.13272	0.02219	0.02633	0.01724	0.01503	0.02150	0.00398	0.25502	0.00928	0.00668	0.01503
28	0.43752	0.03085	0.07009	0.02550	0.09093	0.11247	0.01919	0.03543	0.02246	0.04370	0.01705	0.02031	0.01346	0.01060	0.00834	0.00338	0.01189	0.00698	0.00640	0.01344
29	0.02019	0.03354	0.24468	0.09499	0.03958	0.02194	0.02814	0.02803	0.02084	0.03021	0.02386	0.03462	0.02059	0.08184	0.17435	0.00847	0.06532	0.01039	0.00534	0.01306
30	0.02511	0.02393	0.04071	0.28091	0.34391	0.02602	0.03317	0.03213	0.02433	0.03343	0.02069	0.02875	0.01665	0.01054	0.01119	0.00351	0.01405	0.01002	0.00533	0.01561
31	0.02699	0.01479	0.01914	0.01660	0.02132	0.01380	0.01294	0.03424	0.07240	0.18970	0.34720	0.06724	0.07741	0.01972	0.01255	0.00355	0.00685	0.01709	0.01276	0.01370
32	0.09350	0.02179	0.02497	0.02016	0.02749	0.02237	0.01636	0.16286	0.09274	0.23533	0.08032	0.03853	0.03214	0.01443	0.01085	0.00343	0.00942	0.01148	0.06488	0.01695
33	0.02249	0.01967	0.02752	0.02407	0.02928	0.02074	0.09129	0.03901	0.23270	0.04019	0.10748	0.16470	0.05145	0.02076	0.01293	0.00405	0.00971	0.05753	0.01035	0.01408
34	0.01366	0.01000	0.01285	0.01513	0.01618	0.00919	0.01021	0.01573	0.02207	0.02894	0.06859	0.53546	0.13185	0.03441	0.01423	0.00447	0.00643	0.03096	0.01045	0.00919
35	0.02396	0.02351	0.03268	0.02815	0.02815	0.03257	0.02318	0.02622	0.01717	0.02666	0.01645	0.02859	0.01689	0.06702	0.03858	0.00541	0.53748	0.01038	0.00508	0.01187
36	0.60309	0.02300	0.01872	0.01620	0.02342	0.02647	0.01335	0.09156	0.02341	0.05308	0.01710	0.01939	0.01307	0.01083	0.00751	0.00347	0.00917	0.00660	0.00751	0.01307
37	0.02495	0.04223	0.28143	0.03635	0.04934	0.02731	0.20715	0.03973	0.10462	0.03766	0.02533	0.02921	0.01859	0.01099	0.01179	0.00369	0.01625	0.01090	0.00620	0.01628
38	0.01958	0.01676	0.02673	0.34107	0.05399	0.01959	0.02508	0.02584	0.02360	0.03045	0.03698	0.10901	0.03688	0.02000	0.01298	0.00431	0.01273	0.16567	0.00728	0.01150
39	0.10980	0.02677	0.03459	0.09153	0.20021	0.02926	0.02511	0.19034	0.09520	0.05026	0.02546	0.02844	0.01941	0.01201	0.01074	0.00347	0.01209	0.00994	0.00831	0.01708
40	0.02657	0.03036	0.06641	0.04744	0.05882	0.02846	0.49336	0.03605	0.02657	0.03605	0.02277	0.03036	0.01708	0.00949	0.01328	0.00380	0.01898	0.01328	0.00569	0.01518
41	0.03335	0.09697	0.26193	0.02633	0.03822	0.06901	0.02853	0.04387	0.07060	0.17974	0.02873	0.02871	0.01998	0.01200	0.01056	0.00340	0.01378	0.00926	0.00806	0.01695
42	0.02321	0.04324	0.33114	0.17152	0.14328	0.02597	0.03780	0.03377	0.02379	0.03417	0.02033	0.02602	0.01508	0.01071	0.01091	0.00357	0.01565	0.00904	0.00496	0.01584
43	0.02126	0.02001	0.03376	0.57739	0.07752	0.02501	0.03126	0.02876	0.02251	0.02876	0.02001	0.03001	0.01500	0.01125	0.01125	0.00375	0.01500	0.01000	0.00500	0.01250
44	0.02869	0.18585	0.28455	0.02968	0.04246	0.07241	0.08954	0.03750	0.02522	0.07343	0.02113	0.02410	0.01577	0.01061	0.01018	0.00325	0.01553	0.00854	0.00571	0.01584
45	0.02411	0.02950	0.15079	0.03219	0.04152	0.02138	0.21228	0.03210	0.02615	0.07764	0.09089	0.13815	0.03825	0.01636	0.01276	0.00383	0.01383	0.01626	0.00782	0.01419
46	0.05050	0.01915	0.02612	0.02003	0.02873	0.01654	0.01654	0.05485	0.03221	0.54203	0.04440	0.03831	0.02786	0.01393	0.01132	0.00348	0.00958	0.01132	0.01393	0.01915
47	0.01513	0.01084	0.01455	0.01631	0.01784	0.01026	0.01202	0.01854	0.02492	0.03369	0.17454	0.37912	0.08021	0.03146	0.01434	0.00444	0.00700	0.11413	0.01090	0.00974
48	0.08774	0.02289	0.03233	0.08655	0.20386	0.02355	0.02366	0.10962	0.03005	0.14729	0.03123	0.09663	0.02611	0.01453	0.01124	0.00357	0.01137	0.01258	0.00887	0.01634
49	0.03267	0.53655	0.05484	0.01936	0.02887	0.04101	0.01892	0.03637	0.02405	0.09150	0.01927	0.02061	0.01614	0.01017	0.00774	0.00254	0.01173	0.00669	0.00596	0.01504
50	0.01637	0.01091	0.01228	0.01228	0.01228	0.01091	0.00682	0.01637	0.01637	0.02182	0.03546	0.07365	0.04092	0.60445	0.05729	0.01091	0.01091	0.01637	0.00682	0.00682
51	0.02517	0.02400	0.04084	0.27574	0.34856	0.02604	0.03321	0.03219	0.02436	0.03351	0.02070	0.02873	0.01668	0.01053	0.01119	0.00351	0.01403	0.01002	0.00534	0.01566
52	0.04479	0.02832	0.03179	0.02437	0.03330	0.03014	0.02014	0.38215	0.04755	0.19308	0.03153	0.02995	0.02140	0.01362	0.01127	0.00340	0.01166	0.01044	0.01195	0.01914
53	0.68395	0.02177	0.01654	0.01480	0.02177	0.02525	0.01219	0.03309	0.01915	0.05050	0.01567	0.01828	0.01219	0.01045	0.00697	0.00348	0.00871	0.00609	0.00697	0.01219
54	0.02786	0.02674	0.04568	0.06908	0.53424	0.02674	0.03454	0.03454	0.02563	0.03677	0.02117	0.02786	0.01783	0.01003	0.01114	0.00334	0.01337	0.01003	0.00557	0.01783
55	0.03893	0.01995	0.02385	0.01959	0.02666	0.01994	0.01576	0.08681	0.15728	0.28903	0.04203	0.03899	0.02901	0.01410	0.01075	0.00341	0.00888	0.01144	0.12627	0.01730
56	0.02520	0.02597	0.04816	0.03440	0.04520	0.02276	0.28993	0.03278	0.02520	0.03632	0.02160	0.02738	0.01691	0.00900	0.01119	0.00289	0.01447	0.01048	0.00611	0.29407
57	0.01503	0.01147	0.01380	0.01322	0.01627	0.01024	0.00991	0.01951	0.02974	0.04011	0.38709	0.09234	0.25054	0.02488	0.01328	0.00363	0.00544	0.02151	0.01173	0.01024
58	0.01424	0.01017	0.01366	0.01627	0.01715	0.00959	0.01136	0.01658	0.02206	0.02932	0.06175	0.54149	0.07330	0.03477	0.01451	0.00464	0.00698	0.08244	0.01044	0.00929
59	0.01550	0.01149	0.01445	0.01371	0.01655	0.01044	0.01028	0.02041	0.03085	0.04274	0.46084	0.08802	0.17515	0.02390	0.01328	0.00358	0.00537	0.02091	0.01207	0.01044
60	0.05050	0.01915	0.02612	0.02003	0.02873	0.01654	0.01654	0.05485	0.03221	0.54203	0.04440	0.03831	0.02786	0.01393	0.01132	0.00348	0.00958	0.01132	0.01393	0.01915
61	0.02800	0.02418	0.02545	0.02291	0.02927	0.02800	0.01782	0.05981	0.51390	0.04708	0.04581	0.04199	0.03436	0.01527	0.01145	0.00382	0.00891	0.01273	0.01145	0.01782
62	0.03009	0.61122	0.05898	0.01926	0.02889	0.04454	0.01926	0.03370	0.02287	0.02648	0.01565	0.01805	0.01444	0.00963	0.00722	0.00241	0.01204	0.00602	0.00481	0.01444
63	0.01593	0.01150	0.01504	0.01416	0.01681	0.01062	0.01062	0.02124	0.03186	0.04513	0.52830	0.08407	0.10620	0.02301	0.01327	0.00354	0.00531	0.02035	0.01239	0.01062
64	0.05050	0.01915	0.02612	0.02003	0.02873	0.01654	0.01654	0.05485	0.03221	0.54203	0.04440	0.03831	0.02786	0.01393	0.01132	0.00348	0.00958	0.01132	0.01393	0.01915
65	0.31896	0.02026	0.02206	0.01781	0.02578	0.02023	0.01470	0.04563	0.02668	0.33372	0.03223	0.02982	0.02122	0.01245	0.00947	0.00348	0.00921	0.00910	0.01098	0.01620
66	0.02126	0.02001	0.03376	0.57739	0.07752	0.02501	0.03126	0.02876	0.02251	0.02876	0.02001	0.03001	0.01500	0.01125	0.01125	0.00375	0.01500	0.01000	0.00500	0.01250
67	0.68395	0.02177	0.01654	0.01480	0.02177	0.02525	0.01219	0.03309	0.01915	0.05050	0.01567	0.01828	0.01219	0.01045	0.00697	0.00348	0.00871	0.00609	0.00697	0.01219
68	0.01371	0.00979	0.01306	0.01567	0.01632	0.00914	0.01045	0.01567	0.02155	0.02873	0.06203	0.59710	0.07444	0.03526	0.01437	0.00457	0.00653	0.03200	0.01045	0.00914
69	0.02786	0.37221	0.04899	0.02345	0.02916	0.04044	0.02144	0.03101	0.02057	0.02673	0.01529	0.02073	0.01458	0.01373	0.01933	0.00343	0.24502	0.00758	0.00486	0.01358
70	0.01356	0.01141	0.01175	0.01167	0.01536	0.00961	0.00875	0.01664	0.02625	0.03183	0.15397	0.10598	0.48883	0.02797	0.01330	0.00378	0.00566	0.02343	0.01064	0.00961
71	0.03220	0.02377	0.03133	0.25220	0.09436	0.06630	0.02476	0.04245	0.10690	0.16547	0.03047	0.03316	0.02173	0.01253	0.01120	0.00359	0.01287	0.01057	0.00849	0.01562
72	0.39212	0.02778	0.02214	0.01907	0.02622	0.13468	0.01527	0.04098	0.02507	0.16806	0.02319	0.02369	0.01657	0.01156	0.00871	0.00336	0.01135	0.00764	0.00846	0.01410
73	0.01371	0.00979	0.01306	0.01567	0.01632	0.00914	0.01045	0.01567	0.02155	0.02873	0.06203	0.59710	0.07444	0.03526	0.01437	0.00457	0.00653	0.03200	0.01045	0.00914
74	0.02547	0.03765	0.24621	0.02436	0.03705	0.02223	0.02632	0.09050	0.02725	0.04056	0.02097	0.02398	0.01596	0.00999	0.00970	0.00269	0.01236	0.00780	0.00644	0.31248
75	0.01900	0.01532	0.02126	0.01986	0.02111	0.01910	0.01554	0.02220	0.01816	0.02738	0.02710	0.04217	0.02604	0.12482	0.29534	0.01197	0.18191	0.01183	0.06956	0.01032
76	0.01593	0.01150	0.01504	0.01416	0.01681	0.01062	0.01062	0.02124	0.03186	0.04513	0.52830	0.08407	0.10620	0.02301	0.01327	0.00354	0.00531	0.02035	0.01239	0.01062
77	0.01593	0.01150	0.01504	0.01416	0.01681	0.01062	0.01062	0.02124	0.03186	0.04513	0.52830	0.08407	0.10620	0.02301	0.01327	0.00354	0.00531	0.02035	0.01239	0.01062
78	0.04204	0.05364	0.03190	0.02900	0.03480	0.55926	0.02175	0.04494	0.03190	0.02755	0.01740	0.02030	0.01450	0.01160	0.01015	0.00290	0.02030	0.00725	0.00580	0.01305
79	0.01796	0.01082	0.01623	0.01623	0.01715	0.01174	0.01174	0.01715	0.01623	0.02256	0.02440	0.03879	0.02348	0.05985	0.28021	0.37285	0.01910	0.01082	0.00541	0.00725
80	0.03009	0.61122	0.05898	0.01926	0.02889	0.04454	0.01926	0.03370	0.02287	0.02648	0.01565	0.01805	0.01444	0.00963	0.00722	0.00241	0.01204	0.00602	0.00481	0.01444
81	0.01693	0.01106	0.01311	0.01384	0.01468	0.01099	0.00924	0.01867	0.01946	0.02713	0.04273	0.14034	0.04729	0.36821	0.03911	0.00817	0.00959	0.09021	0.09108	0.00814
82	0.02655	0.01990	0.02367	0.01707	0.02692	0.01519	0.01372	0.03148	0.02439	0.09645	0.02289	0.02511	0.01799	0.00900	0.00869	0.00188	0.00848	0.00722	0.00753	0.59588
83	0.30781	0.09764	0.02687	0.01841	0.02649	0.02778	0.01541	0.10944	0.08425	0.04794	0.02179	0.02332	0.01698	0.01104	0.00845	0.00306	0.00967	0.00761	0.00786	0.12816
84	0.03920	0.03414	0.03340	0.11447	0.04168	0.13880	0.02304	0.33121	0.04384	0.05548	0.02397	0.02615	0.01755	0.01277	0.01103	0.00334	0.01439	0.00953	0.00916	0.01686
85	0.01444	0.01107	0.01335	0.01438	0.01680	0.00997	0.01065	0.01768	0.02534	0.03266	0.15849	0.26871	0.25396	0.03015	0.01392	0.00418	0.00646	0.07735	0.01076	0.00967
86	0.02308	0.05471	0.48563	0.03402	0.04999	0.02643	0.09856	0.03570	0.02412	0.03570	0.02052	0.02459	0.01461	0.01054	0.01102	0.00359	0.01693	0.00894	0.00487	0.01645
87	0.02692	0.02882	0.05622	0.04133	0.05147	0.02835	0.37498	0.04197	0.14788	0.03880	0.02851	0.03326	0.02138	0.01093	0.01283	0.00380	0.01647	0.01314	0.00713	0.01584
88	0.01608	0.01206	0.01809	0.01809	0.02010	0.01407	0.01407	0.02010	0.01809	0.02613	0.03015	0.04422	0.02814	0.08441	0.55984	0.01809	0.03015	0.01206	0.00603	0.01005
89	0.02060	0.01633	0.02330	0.10913	0.03208	0.01612	0.06075	0.02770	0.06614	0.07729	0.14464	0.07296	0.24686	0.02070	0.01265	0.00373	0.00902	0.01803	0.00979	0.01220
90	0.02462	0.02462	0.03447	0.02955	0.02955	0.03447	0.02462	0.02709	0.01724	0.02709	0.01477	0.02462	0.01477	0.01970	0.03694	0.00492	0.58385	0.00985	0.00492	0.01231
91	0.02126	0.02001	0.03376	0.57739	0.07752	0.02501	0.03126	0.02876	0.02251	0.02876	0.02001	0.03001	0.01500	0.01125	0.01125	0.00375	0.01500	0.01000	0.00500	0.01250
92	0.01568	0.01150	0.01469	0.01389	0.01666	0.01051	0.01042	0.02075	0.03126	0.04371	0.48834	0.08641	0.14704	0.02354	0.01328	0.00357	0.00535	0.02068	0.01220	0.01051
