[name]
unknown

[dist]
# distance from previous block
# <min> <max>
0	71

[block]
# block no. 0 follows, 12 sequences, length 22
# corresponding to MSA columns:
# 86-107
name=unknown_A
#
# <colnr> <probs for GDERKNQSTAVLIFYWHMCP>
#	G	D	E	R	K	N	Q	S	T	A	V	L	I	F	Y	W	H	M	C	P
0	0.02858	0.02888	0.03779	0.15785	0.16929	0.11229	0.08057	0.07444	0.09247	0.03578	0.02301	0.02807	0.01809	0.01170	0.01264	0.00347	0.05373	0.00998	0.00646	0.01490
1	0.01481	0.01112	0.01372	0.01307	0.01591	0.01003	0.00980	0.01938	0.02941	0.04026	0.43805	0.08715	0.21003	0.02358	0.01287	0.00349	0.00524	0.02052	0.01155	0.01003
2	0.01499	0.01095	0.01408	0.01367	0.01611	0.01004	0.01011	0.01958	0.02927	0.04081	0.45460	0.14268	0.13428	0.02405	0.01298	0.00356	0.00531	0.02125	0.01164	0.01004
3	0.01477	0.01102	0.01313	0.01265	0.01513	0.01002	0.00912	0.01840	0.02672	0.03599	0.33663	0.08661	0.22016	0.11914	0.01970	0.00465	0.00612	0.02005	0.01060	0.00939
4	0.01345	0.01046	0.01223	0.01308	0.01540	0.00924	0.00932	0.01626	0.02428	0.03111	0.16030	0.29675	0.29060	0.02930	0.01328	0.00393	0.00577	0.02558	0.01042	0.00924
5	0.69383	0.02109	0.01603	0.01434	0.02109	0.02446	0.01181	0.03205	0.01856	0.04892	0.01518	0.01771	0.01181	0.01012	0.00675	0.00337	0.00843	0.00590	0.00675	0.01181
6	0.69383	0.02109	0.01603	0.01434	0.02109	0.02446	0.01181	0.03205	0.01856	0.04892	0.01518	0.01771	0.01181	0.01012	0.00675	0.00337	0.00843	0.00590	0.00675	0.01181
7	0.02768	0.02291	0.02412	0.02146	0.02753	0.02629	0.01676	0.09012	0.45237	0.04698	0.04229	0.03957	0.03173	0.01450	0.01080	0.00357	0.00861	0.01196	0.06396	0.01679
8	0.69383	0.02109	0.01603	0.01434	0.02109	0.02446	0.01181	0.03205	0.01856	0.04892	0.01518	0.01771	0.01181	0.01012	0.00675	0.00337	0.00843	0.00590	0.00675	0.01181
9	0.02059	0.01938	0.03270	0.59060	0.07510	0.02422	0.03028	0.02786	0.02180	0.02786	0.01938	0.02907	0.01453	0.01090	0.01090	0.00363	0.01453	0.00969	0.00484	0.01211
10	0.01543	0.01115	0.01457	0.01372	0.01629	0.01029	0.01029	0.02058	0.03086	0.04372	0.54304	0.08145	0.10288	0.02229	0.01286	0.00343	0.00514	0.01972	0.01200	0.01029
11	0.69383	0.02109	0.01603	0.01434	0.02109	0.02446	0.01181	0.03205	0.01856	0.04892	0.01518	0.01771	0.01181	0.01012	0.00675	0.00337	0.00843	0.00590	0.00675	0.01181
12	0.04145	0.03054	0.03272	0.02509	0.03381	0.03381	0.02072	0.51243	0.05127	0.06872	0.02618	0.02618	0.01854	0.01309	0.01091	0.00327	0.01200	0.00982	0.01091	0.01854
13	0.04259	0.02871	0.03159	0.02422	0.03290	0.03110	0.02001	0.44231	0.04820	0.14317	0.02875	0.02785	0.01983	0.01315	0.01092	0.00329	0.01158	0.00999	0.01130	0.01854
14	0.03248	0.02357	0.02581	0.02212	0.02898	0.02621	0.01751	0.11639	0.38701	0.13051	0.04179	0.03822	0.03035	0.01436	0.01105	0.00359	0.00917	0.01178	0.01146	0.01763
15	0.04892	0.01856	0.02530	0.01940	0.02783	0.01603	0.01603	0.05314	0.03121	0.55634	0.04302	0.03711	0.02699	0.01350	0.01096	0.00337	0.00928	0.01096	0.01350	0.01856
16	0.04545	0.02677	0.02842	0.02236	0.03053	0.09433	0.01820	0.19982	0.03763	0.33028	0.03418	0.03132	0.02258	0.01307	0.01080	0.00327	0.01151	0.01008	0.01164	0.01778
17	0.04344	0.01811	0.02405	0.01898	0.02658	0.01625	0.01548	0.04986	0.07039	0.45849	0.09933	0.04238	0.03602	0.01459	0.01119	0.00341	0.00876	0.01206	0.01314	0.01752
18	0.01323	0.00969	0.01244	0.01464	0.01567	0.00890	0.00988	0.01524	0.02139	0.02805	0.06666	0.54392	0.13365	0.03331	0.01378	0.00433	0.00622	0.02996	0.01012	0.00890
19	0.02303	0.01465	0.02201	0.01902	0.02367	0.01312	0.07605	0.02688	0.02563	0.14977	0.10351	0.23838	0.17205	0.02367	0.01278	0.00383	0.00827	0.02124	0.01044	0.01201
20	0.03164	0.02507	0.03470	0.21609	0.22036	0.08457	0.02700	0.03743	0.02605	0.15374	0.02500	0.02918	0.01832	0.01114	0.01076	0.00335	0.01335	0.00970	0.00714	0.01543
21	0.09271	0.03081	0.14184	0.02515	0.03535	0.02441	0.06282	0.16953	0.03339	0.23073	0.02954	0.02898	0.01984	0.01209	0.01063	0.00339	0.01213	0.00979	0.00972	0.01716

[dist]
# distance from previous block
# <min> <max>
3	7

[block]
# block no. 1 follows, 12 sequences, length 9
# corresponding to MSA columns:
# 115-123
name=unknown_B
#
# <colnr> <probs for GDERKNQSTAVLIFYWHMCP>
#	G	D	E	R	K	N	Q	S	T	A	V	L	I	F	Y	W	H	M	C	P
0	0.02453	0.01513	0.01870	0.01729	0.02125	0.01496	0.01305	0.07303	0.08920	0.13430	0.17890	0.24593	0.06251	0.02306	0.01249	0.00378	0.00734	0.02024	0.01142	0.01288
1	0.02985	0.08369	0.12192	0.04302	0.26113	0.02736	0.02840	0.08535	0.08812	0.08744	0.02540	0.02802	0.01938	0.01108	0.01045	0.00326	0.01238	0.00954	0.00719	0.01704
2	0.01394	0.01057	0.01285	0.01337	0.01565	0.00948	0.00961	0.01728	0.02574	0.03411	0.25105	0.26123	0.22989	0.02782	0.01321	0.00383	0.00565	0.02442	0.01081	0.00948
3	0.02861	0.02106	0.02354	0.02024	0.02613	0.02292	0.01595	0.13067	0.26624	0.09505	0.17208	0.04843	0.04833	0.01634	0.01151	0.00352	0.00839	0.01369	0.01151	0.01578
4	0.01364	0.00976	0.01297	0.01494	0.01589	0.00909	0.01015	0.01607	0.02253	0.03046	0.13985	0.52245	0.07720	0.03220	0.01374	0.00426	0.00613	0.02913	0.01043	0.00909
5	0.15001	0.01796	0.02198	0.01747	0.02492	0.01669	0.01433	0.04639	0.02815	0.41209	0.03761	0.03439	0.02464	0.01285	0.00988	0.00327	0.00864	0.01005	0.09222	0.01645
6	0.33900	0.02623	0.02511	0.02018	0.02801	0.02955	0.01666	0.29333	0.03635	0.05969	0.02116	0.02232	0.01547	0.01174	0.00901	0.00332	0.01037	0.00803	0.00901	0.01547
7	0.02059	0.01938	0.03270	0.59060	0.07510	0.02422	0.03028	0.02786	0.02180	0.02786	0.01938	0.02907	0.01453	0.01090	0.01090	0.00363	0.01453	0.00969	0.00484	0.01211
8	0.03476	0.08048	0.08417	0.02446	0.03282	0.07936	0.02153	0.29732	0.08566	0.05199	0.02578	0.02747	0.01948	0.01883	0.06222	0.00452	0.01433	0.00948	0.00886	0.01648

[dist]
# distance from previous block
# <min> <max>
0	2

[block]
# block no. 2 follows, 12 sequences, length 16
# corresponding to MSA columns:
# 126-141
name=unknown_C
#
# <colnr> <probs for GDERKNQSTAVLIFYWHMCP>
#	G	D	E	R	K	N	Q	S	T	A	V	L	I	F	Y	W	H	M	C	P
0	0.07823	0.09370	0.10891	0.20793	0.10553	0.06019	0.07097	0.08519	0.02622	0.03607	0.01960	0.02508	0.01506	0.01058	0.01020	0.00332	0.01417	0.00891	0.00577	0.01437
1	0.02685	0.14159	0.33628	0.08257	0.04401	0.02807	0.03205	0.07396	0.02575	0.07977	0.02136	0.02416	0.01542	0.01073	0.00995	0.00326	0.01430	0.00824	0.00591	0.01577
2	0.10856	0.02579	0.02878	0.09587	0.03624	0.02891	0.01996	0.27579	0.13247	0.09450	0.02882	0.02920	0.02072	0.01283	0.01049	0.00342	0.01109	0.00993	0.00990	0.01673
3	0.02115	0.09077	0.02056	0.01494	0.01754	0.01611	0.01088	0.02300	0.01876	0.08173	0.03160	0.05380	0.03197	0.34376	0.16844	0.01038	0.01503	0.01302	0.00693	0.00963
4	0.03081	0.08456	0.14694	0.10334	0.07154	0.07633	0.07926	0.09129	0.06916	0.10428	0.02502	0.02755	0.01824	0.01132	0.01059	0.00332	0.01398	0.00952	0.00725	0.01568
5	0.03739	0.03274	0.21555	0.02587	0.03722	0.02031	0.06903	0.04500	0.02786	0.32713	0.03294	0.03150	0.02145	0.01201	0.01093	0.00343	0.01249	0.01012	0.00967	0.01736
6	0.04653	0.01909	0.02523	0.01971	0.02789	0.01724	0.01616	0.05366	0.08585	0.50029	0.04317	0.03750	0.02768	0.01364	0.01098	0.00341	0.00921	0.01111	0.01323	0.01841
7	0.01849	0.01501	0.02126	0.08491	0.09249	0.01528	0.01608	0.02623	0.07166	0.04109	0.37528	0.06516	0.07615	0.01877	0.01223	0.00345	0.00748	0.01669	0.01028	0.01199
8	0.07461	0.03169	0.15021	0.02821	0.08475	0.02537	0.02439	0.17056	0.07596	0.18094	0.02939	0.02912	0.02040	0.01221	0.01056	0.00338	0.01183	0.00969	0.00937	0.01736
9	0.02122	0.02002	0.03384	0.53909	0.12169	0.02439	0.03059	0.02841	0.02210	0.02862	0.01949	0.02886	0.01480	0.01078	0.01089	0.00359	0.01438	0.00969	0.00490	0.01262
10	0.02109	0.01997	0.03126	0.34762	0.05410	0.02600	0.02639	0.02642	0.01970	0.02706	0.01883	0.02891	0.01586	0.02130	0.08063	0.00552	0.20275	0.00986	0.00493	0.01179
11	0.02235	0.01938	0.02391	0.09025	0.03219	0.01578	0.01516	0.02751	0.02251	0.03454	0.01938	0.02344	0.01594	0.00844	0.00844	0.00188	0.00891	0.00688	0.00625	0.59686
12	0.18655	0.04023	0.28361	0.02519	0.03681	0.02692	0.02779	0.12937	0.06858	0.04556	0.02183	0.02381	0.01584	0.01120	0.00966	0.00342	0.01287	0.00823	0.00688	0.01565
13	0.01328	0.00949	0.01265	0.01518	0.01581	0.00886	0.01012	0.01518	0.02088	0.02783	0.06010	0.60969	0.07212	0.03416	0.01392	0.00443	0.00633	0.03100	0.01012	0.00886
14	0.08926	0.02290	0.03139	0.13191	0.04047	0.02375	0.06414	0.16028	0.03297	0.24686	0.03024	0.03064	0.02038	0.01225	0.01079	0.00343	0.01172	0.01022	0.00995	0.01645
15	0.07255	0.03566	0.03643	0.03283	0.09492	0.21221	0.09043	0.17091	0.03447	0.08251	0.02251	0.02492	0.01689	0.01140	0.01059	0.00318	0.01520	0.00917	0.00771	0.01551

[dist]
# distance from previous block
# <min> <max>
0	2

[block]
# block no. 3 follows, 12 sequences, length 19
# corresponding to MSA columns:
# 144-162
name=unknown_D
#
# <colnr> <probs for GDERKNQSTAVLIFYWHMCP>
#	G	D	E	R	K	N	Q	S	T	A	V	L	I	F	Y	W	H	M	C	P
0	0.04140	0.01934	0.02405	0.01928	0.02669	0.01859	0.01565	0.08304	0.12001	0.37515	0.04127	0.03737	0.02762	0.01361	0.01062	0.00333	0.00889	0.01104	0.08566	0.01740
1	0.08491	0.02313	0.02945	0.14472	0.07690	0.02496	0.02136	0.16692	0.08479	0.18725	0.03001	0.03072	0.02095	0.01245	0.01062	0.00343	0.01124	0.01007	0.00965	0.01647
2	0.01671	0.01188	0.01408	0.01323	0.01477	0.01151	0.00840	0.01788	0.01697	0.02361	0.03168	0.06102	0.03485	0.46318	0.12035	0.01034	0.01280	0.01405	0.00648	0.09622
3	0.02146	0.01693	0.02874	0.08169	0.03307	0.01614	0.13150	0.02693	0.02660	0.09213	0.18684	0.13159	0.12137	0.01932	0.01259	0.00367	0.00993	0.01803	0.00937	0.01210
4	0.03060	0.03011	0.15837	0.16042	0.11529	0.02371	0.02795	0.07438	0.06831	0.16096	0.02775	0.02998	0.01953	0.01171	0.01079	0.00345	0.01277	0.00983	0.00788	0.01621
5	0.01603	0.01074	0.01351	0.01327	0.01557	0.01007	0.00978	0.02072	0.02803	0.04098	0.38415	0.14649	0.08498	0.02217	0.01205	0.00340	0.00529	0.01952	0.13317	0.01007
6	0.02915	0.62337	0.05714	0.01866	0.02799	0.04314	0.01866	0.03265	0.02215	0.02565	0.01516	0.01749	0.01399	0.00933	0.00700	0.00233	0.01166	0.00583	0.00466	0.01399
7	0.01468	0.01099	0.01230	0.01197	0.01510	0.00972	0.00898	0.01860	0.02693	0.03614	0.26771	0.08890	0.31889	0.02394	0.01230	0.00346	0.00533	0.02034	0.08399	0.00972
8	0.03253	0.10819	0.06903	0.02198	0.02943	0.10236	0.01900	0.14312	0.15108	0.07951	0.02975	0.03009	0.02236	0.01252	0.00981	0.00311	0.01138	0.00950	0.09976	0.01551
9	0.03097	0.40775	0.12009	0.02236	0.03199	0.12289	0.02217	0.07375	0.02602	0.03055	0.01693	0.01930	0.01435	0.01008	0.00822	0.00264	0.01355	0.00665	0.00531	0.01444
10	0.03030	0.02423	0.09898	0.02559	0.09937	0.01747	0.01996	0.03602	0.02588	0.19714	0.03638	0.03632	0.07416	0.01233	0.01016	0.00285	0.00995	0.01024	0.00863	0.22403
11	0.04019	0.11910	0.07900	0.02377	0.03328	0.02467	0.07023	0.10955	0.03131	0.30968	0.03226	0.03059	0.02164	0.01208	0.01048	0.00323	0.01153	0.00996	0.01020	0.01724
12	0.04145	0.03054	0.03272	0.02509	0.03381	0.03381	0.02072	0.51243	0.05127	0.06872	0.02618	0.02618	0.01854	0.01309	0.01091	0.00327	0.01200	0.00982	0.01091	0.01854
13	0.01399	0.01048	0.01298	0.01364	0.01573	0.00948	0.00974	0.01731	0.02557	0.03417	0.25292	0.29042	0.19743	0.02814	0.01327	0.00387	0.00569	0.02485	0.01083	0.00948
14	0.02892	0.03230	0.18692	0.11874	0.15648	0.02371	0.06553	0.03880	0.06173	0.13984	0.02645	0.02937	0.01894	0.01116	0.01089	0.00345	0.01344	0.00991	0.00714	0.01625
15	0.09745	0.02012	0.02632	0.09726	0.03433	0.01968	0.01810	0.09561	0.03097	0.39205	0.03576	0.03328	0.02317	0.01282	0.01060	0.00340	0.01021	0.01026	0.01149	0.01712
16	0.03676	0.01558	0.02111	0.01777	0.02371	0.01369	0.01399	0.04053	0.02871	0.37429	0.10190	0.17832	0.04606	0.01938	0.01188	0.00363	0.00812	0.01669	0.01253	0.01534
17	0.01312	0.01014	0.01198	0.01345	0.01536	0.00900	0.00935	0.01538	0.02254	0.02851	0.08121	0.39807	0.27011	0.03142	0.01349	0.00412	0.00599	0.02765	0.01012	0.00900
18	0.03047	0.03263	0.14401	0.08503	0.24160	0.06911	0.06489	0.03773	0.02595	0.12751	0.02409	0.02773	0.01780	0.01070	0.01082	0.00333	0.01399	0.00961	0.00668	0.01632

[dist]
# distance from previous block
# <min> <max>
0	2

[block]
# block no. 4 follows, 12 sequences, length 15
# corresponding to MSA columns:
# 165-179
name=unknown_E
#
# <colnr> <probs for GDERKNQSTAVLIFYWHMCP>
#	G	D	E	R	K	N	Q	S	T	A	V	L	I	F	Y	W	H	M	C	P
0	0.46733	0.07185	0.02495	0.02361	0.09502	0.09744	0.01648	0.03378	0.02129	0.04244	0.01612	0.01921	0.01301	0.01015	0.00772	0.00320	0.01076	0.00656	0.00626	0.01283
1	0.04466	0.01774	0.02425	0.01949	0.02712	0.01555	0.01624	0.04898	0.03038	0.48512	0.04502	0.04879	0.03185	0.01576	0.01152	0.00360	0.00938	0.07413	0.01303	0.01740
2	0.03075	0.54626	0.05396	0.01949	0.02874	0.04193	0.01893	0.09505	0.02594	0.03125	0.01659	0.01862	0.01458	0.00982	0.00750	0.00245	0.01170	0.00635	0.00548	0.01458
3	0.01328	0.00949	0.01265	0.01518	0.01581	0.00886	0.01012	0.01518	0.02088	0.02783	0.06010	0.60969	0.07212	0.03416	0.01392	0.00443	0.00633	0.03100	0.01012	0.00886
4	0.01543	0.01115	0.01457	0.01372	0.01629	0.01029	0.01029	0.02058	0.03086	0.04372	0.54304	0.08145	0.10288	0.02229	0.01286	0.00343	0.00514	0.01972	0.01200	0.01029
5	0.01364	0.01107	0.01208	0.01183	0.01519	0.00952	0.00887	0.01710	0.02662	0.03365	0.23769	0.09803	0.41451	0.02605	0.01288	0.00361	0.00541	0.02204	0.01068	0.00952
6	0.02777	0.03037	0.03282	0.02850	0.02980	0.15856	0.02321	0.03025	0.01999	0.02634	0.01490	0.02288	0.01425	0.01726	0.02976	0.00432	0.46298	0.00896	0.00497	0.01209
7	0.03027	0.02291	0.02507	0.02145	0.02785	0.02542	0.01696	0.15022	0.32061	0.08929	0.10818	0.04283	0.03910	0.01535	0.01128	0.00355	0.00893	0.01269	0.01136	0.01669
8	0.04892	0.01856	0.02530	0.01940	0.02783	0.01603	0.01603	0.05314	0.03121	0.55634	0.04302	0.03711	0.02699	0.01350	0.01096	0.00337	0.00928	0.01096	0.01350	0.01856
9	0.69383	0.02109	0.01603	0.01434	0.02109	0.02446	0.01181	0.03205	0.01856	0.04892	0.01518	0.01771	0.01181	0.01012	0.00675	0.00337	0.00843	0.00590	0.00675	0.01181
10	0.02261	0.01938	0.02261	0.01615	0.02584	0.01453	0.01292	0.02745	0.02261	0.03553	0.01938	0.02261	0.01615	0.00807	0.00807	0.00161	0.00807	0.00646	0.00646	0.68346
11	0.01586	0.01057	0.01189	0.01189	0.01189	0.01057	0.00661	0.01586	0.01586	0.02114	0.03436	0.07135	0.03964	0.61681	0.05550	0.01057	0.01057	0.01586	0.00661	0.00661
12	0.02574	0.02941	0.06434	0.04596	0.05699	0.02757	0.50919	0.03493	0.02574	0.03493	0.02206	0.02941	0.01654	0.00919	0.01287	0.00368	0.01838	0.01287	0.00551	0.01471
13	0.16666	0.02149	0.03267	0.33937	0.05664	0.02500	0.09022	0.03254	0.06917	0.03501	0.02118	0.02776	0.01598	0.01087	0.01029	0.00359	0.01319	0.00956	0.00593	0.01288
14	0.17238	0.02324	0.02834	0.18123	0.08158	0.02632	0.02148	0.19131	0.03209	0.04821	0.06992	0.03040	0.02379	0.01244	0.01019	0.00341	0.01137	0.00986	0.00801	0.01444

[dist]
# distance from previous block
# <min> <max>
0	1

[block]
# block no. 5 follows, 12 sequences, length 15
# corresponding to MSA columns:
# 181-195
name=unknown_F
#
# <colnr> <probs for GDERKNQSTAVLIFYWHMCP>
#	G	D	E	R	K	N	Q	S	T	A	V	L	I	F	Y	W	H	M	C	P
0	0.02705	0.13698	0.09379	0.04053	0.24007	0.02868	0.02666	0.06591	0.11412	0.03722	0.02675	0.03439	0.02261	0.01233	0.01044	0.00331	0.01201	0.04421	0.00686	0.01609
1	0.10418	0.11476	0.03462	0.02502	0.03238	0.19113	0.05674	0.13329	0.12895	0.04130	0.02401	0.02527	0.01861	0.01175	0.00981	0.00313	0.01367	0.00877	0.00768	0.01493
2	0.09013	0.01312	0.01503	0.01427	0.01688	0.01474	0.01116	0.02457	0.02155	0.03741	0.08085	0.04101	0.03222	0.02726	0.11920	0.00581	0.07119	0.01090	0.34227	0.01045
3	0.04308	0.07319	0.03108	0.02647	0.08316	0.16131	0.01931	0.04712	0.02979	0.32751	0.03192	0.03014	0.02171	0.01222	0.01036	0.00314	0.01249	0.00944	0.00999	0.01657
4	0.02188	0.01257	0.01664	0.01481	0.01851	0.01139	0.01139	0.02685	0.03093	0.14244	0.44675	0.07291	0.08827	0.02060	0.01250	0.00342	0.00594	0.01803	0.01229	0.01188
5	0.01328	0.00949	0.01265	0.01518	0.01581	0.00886	0.01012	0.01518	0.02088	0.02783	0.06010	0.60969	0.07212	0.03416	0.01392	0.00443	0.00633	0.03100	0.01012	0.00886
6	0.02230	0.09639	0.46588	0.08896	0.04864	0.02659	0.03756	0.03368	0.02283	0.03314	0.01921	0.02323	0.01390	0.01034	0.01016	0.00339	0.01560	0.00806	0.00463	0.01553
7	0.04382	0.01855	0.02533	0.01993	0.02705	0.01739	0.01640	0.04792	0.02968	0.46313	0.07756	0.03907	0.03137	0.01473	0.01367	0.00352	0.06967	0.01147	0.01248	0.01725
8	0.04550	0.01755	0.02349	0.01829	0.02602	0.01532	0.01502	0.04982	0.03021	0.49458	0.04212	0.03754	0.02711	0.01340	0.01056	0.00327	0.00878	0.01087	0.09300	0.01755
9	0.01295	0.01080	0.01130	0.01171	0.01490	0.00915	0.00858	0.01557	0.02422	0.02920	0.10241	0.18557	0.46892	0.02866	0.01305	0.00380	0.00565	0.02429	0.01012	0.00915
10	0.03809	0.17191	0.13648	0.02251	0.03230	0.09089	0.02192	0.04359	0.02747	0.26777	0.02882	0.02770	0.01985	0.01164	0.00978	0.00308	0.01240	0.00873	0.00877	0.01631
11	0.03413	0.02018	0.02344	0.01954	0.02602	0.02093	0.01560	0.11864	0.18797	0.20970	0.09999	0.04220	0.03683	0.01481	0.01089	0.00338	0.00858	0.01218	0.07867	0.01632
12	0.33821	0.02220	0.02613	0.19864	0.09475	0.02566	0.02084	0.08844	0.02413	0.04341	0.01835	0.02320	0.01403	0.01067	0.00895	0.00343	0.01122	0.00794	0.00652	0.01328
13	0.01975	0.01568	0.01830	0.01685	0.02075	0.01651	0.01286	0.03438	0.21497	0.04442	0.35878	0.06638	0.07716	0.01952	0.01221	0.00353	0.00643	0.01699	0.01167	0.01286
14	0.10660	0.02085	0.02596	0.02570	0.12595	0.01795	0.01674	0.02918	0.02253	0.03721	0.01908	0.02285	0.01583	0.00864	0.00843	0.00215	0.00906	0.00702	0.00629	0.47197

[dist]
# distance from previous block
# <min> <max>
0	1

[block]
# block no. 6 follows, 12 sequences, length 15
# corresponding to MSA columns:
# 197-211
name=unknown_G
#
# <colnr> <probs for GDERKNQSTAVLIFYWHMCP>
#	G	D	E	R	K	N	Q	S	T	A	V	L	I	F	Y	W	H	M	C	P
0	0.01558	0.01168	0.01752	0.01752	0.01947	0.01363	0.01363	0.01947	0.01752	0.02531	0.02921	0.04283	0.02726	0.08178	0.57360	0.01752	0.02921	0.01168	0.00584	0.00974
1	0.01425	0.01058	0.01351	0.01548	0.01724	0.00984	0.01155	0.01711	0.02279	0.02937	0.07056	0.37922	0.17337	0.03173	0.01397	0.00441	0.00706	0.13862	0.01010	0.00922
2	0.02915	0.62337	0.05714	0.01866	0.02799	0.04314	0.01866	0.03265	0.02215	0.02565	0.01516	0.01749	0.01399	0.00933	0.00700	0.00233	0.01166	0.00583	0.00466	0.01399
3	0.01515	0.01113	0.01419	0.01342	0.01612	0.01017	0.01007	0.02004	0.03020	0.04216	0.49555	0.08403	0.15134	0.02288	0.01286	0.00346	0.00519	0.02008	0.01180	0.01017
4	0.02278	0.01254	0.01279	0.01190	0.01516	0.01292	0.00915	0.08211	0.02617	0.04392	0.03448	0.03897	0.02685	0.01275	0.00800	0.00263	0.00589	0.01012	0.59974	0.01114
5	0.02915	0.62337	0.05714	0.01866	0.02799	0.04314	0.01866	0.03265	0.02215	0.02565	0.01516	0.01749	0.01399	0.00933	0.00700	0.00233	0.01166	0.00583	0.00466	0.01399
6	0.02915	0.62337	0.05714	0.01866	0.02799	0.04314	0.01866	0.03265	0.02215	0.02565	0.01516	0.01749	0.01399	0.00933	0.00700	0.00233	0.01166	0.00583	0.00466	0.01399
7	0.09688	0.02108	0.02416	0.02026	0.02747	0.02202	0.01623	0.05350	0.26510	0.26941	0.04115	0.03704	0.02859	0.01380	0.01065	0.00353	0.00890	0.01115	0.01175	0.01733
8	0.03179	0.13321	0.09357	0.02194	0.03151	0.02821	0.02015	0.18195	0.09087	0.08190	0.02532	0.02598	0.01900	0.01125	0.00956	0.00282	0.01096	0.00856	0.00832	0.16313
9	0.01562	0.01151	0.01665	0.01665	0.01830	0.01315	0.01254	0.01891	0.01726	0.02466	0.03000	0.04726	0.02918	0.16475	0.49325	0.01645	0.02632	0.01233	0.00596	0.00925
10	0.13930	0.02404	0.02712	0.02109	0.02941	0.02484	0.01742	0.24609	0.03793	0.27462	0.03179	0.02963	0.02118	0.01283	0.01033	0.00333	0.01032	0.00974	0.01141	0.01757
11	0.02815	0.03577	0.21836	0.03977	0.14809	0.02477	0.14920	0.03871	0.05993	0.11132	0.02548	0.02866	0.01844	0.01070	0.01120	0.00347	0.01452	0.01029	0.00673	0.01644
12	0.17347	0.02797	0.10459	0.26701	0.05007	0.07307	0.02522	0.03405	0.02316	0.09370	0.02096	0.02577	0.01521	0.01098	0.00982	0.00345	0.01329	0.00853	0.00629	0.01341
13	0.04478	0.01899	0.02444	0.01901	0.02680	0.01743	0.01561	0.10345	0.03259	0.44067	0.04021	0.03624	0.02612	0.01336	0.01058	0.00327	0.00912	0.01074	0.08901	0.01760
14	0.02555	0.02444	0.04167	0.18422	0.44269	0.02553	0.03275	0.03221	0.02415	0.03388	0.02026	0.02745	0.01666	0.00998	0.01082	0.00333	0.01331	0.00971	0.00527	0.01612

[dist]
# distance from previous block
# <min> <max>
0	1

[block]
# block no. 7 follows, 12 sequences, length 40
# corresponding to MSA columns:
# 213-252
name=unknown_H
#
# <colnr> <probs for GDERKNQSTAVLIFYWHMCP>
#	G	D	E	R	K	N	Q	S	T	A	V	L	I	F	Y	W	H	M	C	P
0	0.07872	0.02695	0.03836	0.03685	0.15830	0.02782	0.10009	0.22662	0.03597	0.12323	0.02585	0.02788	0.01868	0.01153	0.01093	0.00335	0.01262	0.01019	0.00884	0.01720
1	0.01703	0.01350	0.01899	0.02229	0.07562	0.01428	0.01458	0.02324	0.07543	0.02975	0.04374	0.29442	0.04690	0.04546	0.20171	0.00863	0.01499	0.02018	0.00828	0.01097
2	0.03215	0.09518	0.03261	0.02371	0.02873	0.02930	0.01996	0.16632	0.02998	0.11814	0.02749	0.06765	0.02384	0.01699	0.01904	0.00384	0.20294	0.03896	0.00843	0.01472
3	0.03200	0.10274	0.26037	0.02753	0.03958	0.02726	0.06741	0.13048	0.03020	0.14135	0.02512	0.02629	0.01752	0.01129	0.01042	0.00330	0.01370	0.00911	0.00763	0.01672
4	0.03020	0.02848	0.09233	0.19262	0.21685	0.07488	0.02882	0.03679	0.02561	0.13273	0.02409	0.02838	0.01772	0.01098	0.01072	0.00335	0.01365	0.00952	0.00674	0.01555
5	0.04892	0.01856	0.02530	0.01940	0.02783	0.01603	0.01603	0.05314	0.03121	0.55634	0.04302	0.03711	0.02699	0.01350	0.01096	0.00337	0.00928	0.01096	0.01350	0.01856
6	0.02828	0.02458	0.04091	0.05054	0.33671	0.02419	0.09407	0.07405	0.02772	0.07980	0.03281	0.03655	0.07538	0.01218	0.01133	0.00336	0.01252	0.01171	0.00705	0.01625
7	0.04588	0.06980	0.02931	0.02043	0.02900	0.02164	0.01714	0.13984	0.03433	0.41959	0.03752	0.03342	0.02431	0.01308	0.01063	0.00327	0.00999	0.01033	0.01228	0.01818
8	0.04327	0.02426	0.06368	0.02643	0.08624	0.02133	0.02044	0.14390	0.03410	0.36660	0.03562	0.03287	0.02336	0.01280	0.01090	0.00334	0.01067	0.01041	0.01152	0.01826
9	0.61394	0.02166	0.01941	0.02064	0.08430	0.02463	0.01440	0.03222	0.01931	0.04733	0.01582	0.01882	0.01246	0.01007	0.00723	0.00336	0.00898	0.00636	0.00659	0.01246
10	0.01543	0.01115	0.01457	0.01372	0.01629	0.01029	0.01029	0.02058	0.03086	0.04372	0.54304	0.08145	0.10288	0.02229	0.01286	0.00343	0.00514	0.01972	0.01200	0.01029
11	0.02770	0.01972	0.02332	0.01743	0.02649	0.01630	0.01398	0.03554	0.08477	0.12671	0.02646	0.02728	0.02008	0.00982	0.00894	0.00217	0.00835	0.00794	0.00823	0.48879
12	0.04274	0.01674	0.02203	0.01740	0.02456	0.01476	0.01421	0.04715	0.02941	0.44491	0.04141	0.03788	0.02720	0.01332	0.01024	0.00319	0.00837	0.01079	0.15694	0.01674
13	0.01344	0.01107	0.01181	0.01162	0.01507	0.00944	0.00872	0.01671	0.02615	0.03254	0.20393	0.09986	0.44897	0.02646	0.01288	0.00363	0.00544	0.02230	0.01053	0.00944
14	0.02245	0.01874	0.02052	0.01874	0.02363	0.02062	0.01443	0.04329	0.33885	0.04368	0.19749	0.05820	0.09733	0.01810	0.01177	0.00362	0.00733	0.01542	0.01128	0.01451
15	0.03156	0.02392	0.02531	0.02125	0.02779	0.02681	0.01695	0.23042	0.25440	0.05381	0.03572	0.03499	0.02659	0.01376	0.01042	0.00333	0.00934	0.01097	0.12611	0.01654
16	0.38277	0.02063	0.02035	0.01718	0.02439	0.02215	0.01401	0.04285	0.10161	0.21200	0.02867	0.02752	0.02003	0.01193	0.00878	0.00342	0.00874	0.00853	0.00960	0.01483
17	0.69383	0.02109	0.01603	0.01434	0.02109	0.02446	0.01181	0.03205	0.01856	0.04892	0.01518	0.01771	0.01181	0.01012	0.00675	0.00337	0.00843	0.00590	0.00675	0.01181
18	0.01289	0.01105	0.01105	0.01105	0.01473	0.00920	0.00828	0.01565	0.02485	0.02946	0.11046	0.10493	0.54437	0.02761	0.01289	0.00368	0.00552	0.02301	0.01013	0.00920
19	0.01558	0.01168	0.01752	0.01752	0.01947	0.01363	0.01363	0.01947	0.01752	0.02531	0.02921	0.04283	0.02726	0.08178	0.57360	0.01752	0.02921	0.01168	0.00584	0.00974
20	0.02261	0.01938	0.02261	0.01615	0.02584	0.01453	0.01292	0.02745	0.02261	0.03553	0.01938	0.02261	0.01615	0.00807	0.00807	0.00161	0.00807	0.00646	0.00646	0.68346
21	0.69383	0.02109	0.01603	0.01434	0.02109	0.02446	0.01181	0.03205	0.01856	0.04892	0.01518	0.01771	0.01181	0.01012	0.00675	0.00337	0.00843	0.00590	0.00675	0.01181
22	0.01861	0.01449	0.01732	0.01602	0.01957	0.01487	0.01218	0.03074	0.16642	0.04424	0.40737	0.07036	0.08395	0.02025	0.01238	0.00350	0.00609	0.01771	0.01176	0.01218
23	0.04145	0.03054	0.03272	0.02509	0.03381	0.03381	0.02072	0.51243	0.05127	0.06872	0.02618	0.02618	0.01854	0.01309	0.01091	0.00327	0.01200	0.00982	0.01091	0.01854
24	0.04073	0.05197	0.03090	0.02809	0.03371	0.57303	0.02107	0.04354	0.03090	0.02669	0.01685	0.01966	0.01404	0.01124	0.00983	0.00281	0.01966	0.00702	0.00562	0.01264
25	0.01408	0.01048	0.01310	0.01374	0.01578	0.00951	0.00981	0.01747	0.02575	0.03462	0.26665	0.29165	0.18135	0.02800	0.01328	0.00387	0.00568	0.02478	0.01089	0.00951
26	0.01757	0.01255	0.01757	0.02008	0.02259	0.01255	0.01757	0.02259	0.02510	0.03263	0.05773	0.12299	0.06275	0.03012	0.01506	0.00502	0.01004	0.47540	0.01004	0.01004
27	0.04577	0.01786	0.02430	0.01887	0.02675	0.01549	0.01549	0.05008	0.03118	0.50819	0.08998	0.04128	0.03412	0.01432	0.01114	0.00338	0.00889	0.01179	0.01336	0.01778
28	0.04095	0.01879	0.02739	0.18018	0.04114	0.01833	0.02004	0.04602	0.02856	0.40758	0.03636	0.03485	0.02348	0.01277	0.01095	0.00345	0.01076	0.01061	0.01106	0.01674
29	0.02551	0.19635	0.09794	0.03067	0.09275	0.03438	0.02531	0.02980	0.01989	0.02809	0.01586	0.02235	0.01452	0.01428	0.02196	0.00376	0.29984	0.00836	0.00480	0.01360
30	0.02035	0.01353	0.01667	0.01690	0.02081	0.01284	0.01402	0.02636	0.06293	0.09518	0.07395	0.10013	0.22957	0.02610	0.01350	0.00424	0.00822	0.22284	0.01056	0.01129
31	0.01333	0.01106	0.01166	0.01151	0.01500	0.00939	0.00863	0.01650	0.02589	0.03192	0.18518	0.10088	0.46810	0.02669	0.01288	0.00364	0.00546	0.02244	0.01045	0.00939
32	0.03634	0.09943	0.18778	0.02465	0.03553	0.02768	0.02499	0.20011	0.03458	0.18181	0.02746	0.02717	0.01888	0.01199	0.01034	0.00325	0.01245	0.00917	0.00906	0.01734
33	0.02645	0.02210	0.02444	0.02017	0.02626	0.08371	0.06657	0.11095	0.03093	0.09379	0.06786	0.06563	0.27709	0.01963	0.01197	0.00347	0.01012	0.01642	0.00959	0.01284
34	0.08524	0.02995	0.03025	0.02539	0.03218	0.18437	0.07696	0.08033	0.03018	0.16720	0.03179	0.04348	0.02623	0.01490	0.01125	0.00352	0.01375	0.08978	0.00888	0.01437
35	0.07473	0.01857	0.02898	0.32185	0.13906	0.02118	0.02475	0.02686	0.02294	0.03263	0.08106	0.10304	0.03129	0.01466	0.01112	0.00362	0.01176	0.01303	0.00650	0.01239
36	0.03551	0.02184	0.03614	0.13948	0.16512	0.02137	0.08516	0.04146	0.02725	0.26816	0.03061	0.03223	0.02104	0.01157	0.01115	0.00343	0.01228	0.01067	0.00895	0.01657
37	0.02778	0.11743	0.38523	0.02768	0.04135	0.02736	0.03296	0.08763	0.02684	0.09388	0.02230	0.02423	0.01577	0.01087	0.01008	0.00329	0.01440	0.00830	0.00625	0.01639
38	0.09524	0.01537	0.01897	0.01726	0.02090	0.01675	0.01328	0.07783	0.02265	0.09546	0.02992	0.04257	0.02676	0.15086	0.29466	0.01156	0.01950	0.01149	0.00754	0.01143
39	0.03321	0.18820	0.03868	0.12500	0.09956	0.06973	0.02225	0.08974	0.06066	0.13386	0.02501	0.02694	0.01868	0.01133	0.00977	0.00309	0.01229	0.00887	0.00761	0.01553

[dist]
# distance from previous block
# <min> <max>
0	18

[block]
# block no. 8 follows, 12 sequences, length 18
# corresponding to MSA columns:
# 271-288
name=unknown_I
#
# <colnr> <probs for GDERKNQSTAVLIFYWHMCP>
#	G	D	E	R	K	N	Q	S	T	A	V	L	I	F	Y	W	H	M	C	P
0	0.25722	0.03141	0.16078	0.02339	0.03373	0.02393	0.07485	0.07706	0.02434	0.04296	0.01890	0.02210	0.01433	0.00995	0.00898	0.00307	0.01172	0.00769	0.00641	0.14718
1	0.26983	0.03228	0.16454	0.02094	0.02990	0.06992	0.02083	0.03663	0.07380	0.08575	0.03081	0.03149	0.06591	0.01269	0.00936	0.00341	0.01128	0.00927	0.00742	0.01393
2	0.12965	0.10244	0.33544	0.02936	0.08064	0.02718	0.03108	0.03587	0.06585	0.03695	0.02064	0.02347	0.01547	0.01055	0.00955	0.00333	0.01355	0.00800	0.00557	0.01541
3	0.23218	0.12567	0.07311	0.02352	0.08404	0.02563	0.01862	0.06625	0.02500	0.08342	0.06611	0.02739	0.02309	0.01133	0.00883	0.00302	0.01010	0.00844	0.00735	0.07692
4	0.02614	0.08185	0.02290	0.01580	0.02187	0.01593	0.01286	0.03058	0.02800	0.16514	0.23035	0.05596	0.10418	0.01684	0.01095	0.00302	0.00741	0.01414	0.01044	0.12564
5	0.02513	0.09019	0.37750	0.07878	0.10170	0.02589	0.03505	0.03527	0.02373	0.07674	0.02127	0.02470	0.01536	0.01051	0.01024	0.00335	0.01473	0.00844	0.00545	0.01596
6	0.01910	0.01567	0.01861	0.01476	0.02138	0.01251	0.01152	0.02382	0.02566	0.03764	0.20699	0.05164	0.10380	0.01505	0.01023	0.00246	0.00680	0.01278	0.00874	0.38085
7	0.02431	0.09901	0.27636	0.09501	0.22672	0.02722	0.03474	0.03334	0.02346	0.03340	0.01944	0.02445	0.01513	0.01008	0.01023	0.00328	0.01439	0.00858	0.00492	0.01594
8	0.01784	0.01296	0.02035	0.16075	0.03190	0.01505	0.01658	0.02001	0.01761	0.02405	0.02366	0.03647	0.02157	0.05081	0.27323	0.21292	0.01961	0.01052	0.00526	0.00884
9	0.01438	0.01033	0.01363	0.01444	0.01606	0.00959	0.01021	0.01793	0.02596	0.03592	0.30598	0.34074	0.08778	0.02812	0.01338	0.00392	0.00572	0.02525	0.01108	0.00959
10	0.01547	0.01245	0.01865	0.18722	0.03354	0.01345	0.01615	0.01897	0.02115	0.02784	0.04792	0.43610	0.05490	0.02721	0.01302	0.00419	0.00878	0.02463	0.00854	0.00983
11	0.01558	0.01168	0.01752	0.01752	0.01947	0.01363	0.01363	0.01947	0.01752	0.02531	0.02921	0.04283	0.02726	0.08178	0.57360	0.01752	0.02921	0.01168	0.00584	0.00974
12	0.04119	0.03839	0.03205	0.02619	0.03377	0.23136	0.02085	0.34066	0.04380	0.05332	0.02276	0.02379	0.01689	0.01241	0.01051	0.00310	0.01481	0.00879	0.00897	0.01638
13	0.01558	0.01168	0.01752	0.01752	0.01947	0.01363	0.01363	0.01947	0.01752	0.02531	0.02921	0.04283	0.02726	0.08178	0.57360	0.01752	0.02921	0.01168	0.00584	0.00974
14	0.01575	0.01101	0.01410	0.01410	0.01487	0.01177	0.00936	0.01728	0.01651	0.02278	0.03233	0.06016	0.03478	0.40674	0.25892	0.01330	0.01789	0.01422	0.00631	0.00784
15	0.02596	0.02115	0.02217	0.02013	0.02567	0.02422	0.01561	0.05237	0.44242	0.04476	0.04287	0.04068	0.03237	0.01444	0.01050	0.00350	0.00802	0.01196	0.12516	0.01604
16	0.04892	0.01856	0.02530	0.01940	0.02783	0.01603	0.01603	0.05314	0.03121	0.55634	0.04302	0.03711	0.02699	0.01350	0.01096	0.00337	0.00928	0.01096	0.01350	0.01856
17	0.69383	0.02109	0.01603	0.01434	0.02109	0.02446	0.01181	0.03205	0.01856	0.04892	0.01518	0.01771	0.01181	0.01012	0.00675	0.00337	0.00843	0.00590	0.00675	0.01181

[dist]
# distance from previous block
# <min> <max>
0	36

[block]
# block no. 9 follows, 12 sequences, length 221
# corresponding to MSA columns:
# 325-545
name=unknown_J
#
# <colnr> <probs for GDERKNQSTAVLIFYWHMCP>
#	G	D	E	R	K	N	Q	S	T	A	V	L	I	F	Y	W	H	M	C	P
0	0.03759	0.02862	0.03055	0.02431	0.03234	0.03201	0.01979	0.39007	0.17991	0.06250	0.03108	0.03008	0.02251	0.01355	0.01096	0.00339	0.01109	0.01049	0.01096	0.01820
1	0.69383	0.02109	0.01603	0.01434	0.02109	0.02446	0.01181	0.03205	0.01856	0.04892	0.01518	0.01771	0.01181	0.01012	0.00675	0.00337	0.00843	0.00590	0.00675	0.01181
2	0.69383	0.02109	0.01603	0.01434	0.02109	0.02446	0.01181	0.03205	0.01856	0.04892	0.01518	0.01771	0.01181	0.01012	0.00675	0.00337	0.00843	0.00590	0.00675	0.01181
3	0.03088	0.01456	0.01952	0.01634	0.02162	0.01294	0.01294	0.03560	0.03102	0.28023	0.31234	0.06099	0.06787	0.01823	0.01199	0.00340	0.00705	0.01568	0.01269	0.01410
4	0.69383	0.02109	0.01603	0.01434	0.02109	0.02446	0.01181	0.03205	0.01856	0.04892	0.01518	0.01771	0.01181	0.01012	0.00675	0.00337	0.00843	0.00590	0.00675	0.01181
5	0.02656	0.12687	0.03010	0.01851	0.02750	0.02362	0.01546	0.08773	0.10236	0.03907	0.02319	0.02485	0.01863	0.00988	0.00866	0.00224	0.00923	0.00762	0.00735	0.39057
6	0.02712	0.02342	0.02465	0.02219	0.02835	0.02712	0.01726	0.05794	0.52909	0.04561	0.04438	0.04068	0.03328	0.01479	0.01109	0.00370	0.00863	0.01233	0.01109	0.01726
7	0.01289	0.01105	0.01105	0.01105	0.01473	0.00920	0.00828	0.01565	0.02485	0.02946	0.11046	0.10493	0.54437	0.02761	0.01289	0.00368	0.00552	0.02301	0.01013	0.00920
8	0.01364	0.00974	0.01306	0.01559	0.01638	0.00916	0.01074	0.01580	0.02123	0.02823	0.05990	0.56907	0.07133	0.03382	0.01401	0.00448	0.00664	0.06809	0.01011	0.00896
9	0.03652	0.03590	0.27053	0.02475	0.03671	0.02029	0.02715	0.04461	0.02746	0.31717	0.03227	0.03065	0.02095	0.01206	0.01069	0.00341	0.01241	0.00963	0.00942	0.01744
10	0.02712	0.02342	0.02465	0.02219	0.02835	0.02712	0.01726	0.05794	0.52909	0.04561	0.04438	0.04068	0.03328	0.01479	0.01109	0.00370	0.00863	0.01233	0.01109	0.01726
11	0.03906	0.02936	0.03138	0.02460	0.03290	0.03270	0.02015	0.43673	0.13086	0.06487	0.02921	0.02859	0.02100	0.01337	0.01094	0.00334	0.01144	0.01023	0.01094	0.01833
12	0.01482	0.01053	0.01401	0.01494	0.01581	0.01094	0.01019	0.01679	0.01825	0.02497	0.04217	0.26062	0.04758	0.22742	0.20912	0.01057	0.01508	0.02008	0.00765	0.00846
13	0.01403	0.01002	0.01351	0.01604	0.01700	0.00950	0.01142	0.01648	0.02161	0.02867	0.05968	0.52458	0.07048	0.03345	0.01412	0.00453	0.00698	0.10871	0.01011	0.00906
14	0.01328	0.00949	0.01265	0.01518	0.01581	0.00886	0.01012	0.01518	0.02088	0.02783	0.06010	0.60969	0.07212	0.03416	0.01392	0.00443	0.00633	0.03100	0.01012	0.00886
15	0.03637	0.01487	0.01866	0.01534	0.02119	0.01345	0.01234	0.04096	0.02755	0.32995	0.03975	0.03867	0.02741	0.01315	0.00950	0.00301	0.00744	0.01061	0.30492	0.01487
16	0.69383	0.02109	0.01603	0.01434	0.02109	0.02446	0.01181	0.03205	0.01856	0.04892	0.01518	0.01771	0.01181	0.01012	0.00675	0.00337	0.00843	0.00590	0.00675	0.01181
17	0.02187	0.05640	0.56031	0.03108	0.04719	0.02532	0.04029	0.03453	0.02302	0.03453	0.01957	0.02302	0.01381	0.01036	0.01036	0.00345	0.01611	0.00806	0.00460	0.01611
18	0.02606	0.37339	0.22215	0.02257	0.03420	0.03433	0.02533	0.03276	0.02249	0.02961	0.01706	0.01985	0.01415	0.00955	0.00823	0.00264	0.01279	0.00664	0.00482	0.08140
19	0.01887	0.01191	0.01568	0.01430	0.01747	0.01088	0.01088	0.02392	0.03090	0.09634	0.49171	0.07690	0.09509	0.02139	0.01267	0.00342	0.00557	0.01882	0.01216	0.01114
20	0.01664	0.01400	0.01848	0.01632	0.02042	0.01320	0.05146	0.02411	0.08442	0.03781	0.28016	0.08144	0.25490	0.02238	0.01267	0.00358	0.00677	0.01956	0.01066	0.01103
21	0.02232	0.01205	0.01452	0.01320	0.01687	0.01108	0.01015	0.02702	0.02763	0.12650	0.24542	0.06341	0.11565	0.01830	0.01084	0.00316	0.00585	0.01552	0.22901	0.01150
22	0.01670	0.01087	0.01597	0.01597	0.01712	0.01202	0.01169	0.01745	0.01630	0.02289	0.02629	0.04204	0.02557	0.11193	0.35738	0.23388	0.02122	0.01131	0.00554	0.00784
23	0.02707	0.09041	0.22146	0.08883	0.23554	0.02617	0.03246	0.03525	0.02434	0.08555	0.02184	0.02592	0.01651	0.01038	0.01032	0.00328	0.01369	0.00890	0.00582	0.01627
24	0.08709	0.35405	0.04501	0.02548	0.07719	0.19251	0.02015	0.03581	0.02462	0.02879	0.01614	0.01901	0.01413	0.00998	0.00814	0.00264	0.01382	0.00654	0.00518	0.01373
25	0.54715	0.11806	0.02346	0.01590	0.02298	0.06255	0.01348	0.03288	0.01991	0.04383	0.01529	0.01780	0.01230	0.01007	0.00698	0.00317	0.00966	0.00596	0.00635	0.01221
26	0.02651	0.04031	0.23050	0.04638	0.23285	0.08773	0.11035	0.03522	0.02501	0.03411	0.02001	0.02513	0.01555	0.01003	0.01086	0.00334	0.01571	0.00932	0.00516	0.01593
27	0.02225	0.03541	0.24155	0.26571	0.10962	0.02516	0.08363	0.03173	0.02298	0.03194	0.01984	0.02655	0.01473	0.01040	0.01088	0.00353	0.01538	0.00939	0.00488	0.01444
28	0.01593	0.01244	0.01799	0.01616	0.01907	0.01153	0.05138	0.02038	0.02744	0.03800	0.36637	0.13048	0.11966	0.08381	0.01734	0.00430	0.00695	0.02012	0.01058	0.01005
29	0.01689	0.01332	0.01720	0.07937	0.02397	0.01345	0.01300	0.02460	0.08021	0.04030	0.37733	0.07436	0.14231	0.02092	0.01246	0.00351	0.00661	0.01825	0.01086	0.01107
30	0.01770	0.01953	0.09832	0.01922	0.02356	0.01510	0.01679	0.02696	0.11155	0.03408	0.09907	0.31389	0.05852	0.02554	0.01291	0.00412	0.00851	0.07331	0.00964	0.01170
31	0.02284	0.02455	0.08836	0.12597	0.11595	0.01917	0.02215	0.02923	0.02285	0.03409	0.01957	0.02445	0.01577	0.00908	0.00924	0.00242	0.01085	0.00770	0.00581	0.38997
32	0.02828	0.01920	0.02319	0.01685	0.02627	0.01486	0.01359	0.03299	0.02446	0.14779	0.02447	0.02574	0.01849	0.00924	0.00870	0.00199	0.00833	0.00743	0.00798	0.54015
33	0.02943	0.01421	0.01842	0.01584	0.02101	0.01246	0.01241	0.03339	0.02886	0.26444	0.19229	0.11912	0.15133	0.02063	0.01214	0.00355	0.00715	0.01763	0.01211	0.01357
34	0.03894	0.02930	0.03131	0.02458	0.03286	0.03264	0.02012	0.43296	0.13482	0.06468	0.02936	0.02871	0.02112	0.01339	0.01094	0.00335	0.01141	0.01026	0.01094	0.01832
35	0.03599	0.04006	0.04219	0.03328	0.04132	0.28056	0.18017	0.14038	0.03354	0.03831	0.02053	0.02423	0.01582	0.01096	0.01105	0.00319	0.01762	0.00952	0.00671	0.01457
36	0.02079	0.01938	0.03170	0.53337	0.07019	0.02326	0.02855	0.02782	0.02188	0.02862	0.01938	0.02843	0.01470	0.01062	0.01062	0.00343	0.01389	0.00937	0.00501	0.07900
37	0.02340	0.02225	0.03778	0.36071	0.28305	0.02496	0.03168	0.03032	0.02313	0.03127	0.01988	0.02816	0.01574	0.01038	0.01085	0.00346	0.01384	0.00970	0.00509	0.01438
38	0.01734	0.02454	0.17575	0.01921	0.02572	0.01505	0.01946	0.02458	0.02722	0.03918	0.33753	0.06038	0.06909	0.02470	0.06799	0.00484	0.01078	0.01548	0.00921	0.01195
39	0.01543	0.01115	0.01457	0.01372	0.01629	0.01029	0.01029	0.02058	0.03086	0.04372	0.54304	0.08145	0.10288	0.02229	0.01286	0.00343	0.00514	0.01972	0.01200	0.01029
40	0.02915	0.62337	0.05714	0.01866	0.02799	0.04314	0.01866	0.03265	0.02215	0.02565	0.01516	0.01749	0.01399	0.00933	0.00700	0.00233	0.01166	0.00583	0.00466	0.01399
41	0.01586	0.01057	0.01189	0.01189	0.01189	0.01057	0.00661	0.01586	0.01586	0.02114	0.03436	0.07135	0.03964	0.61681	0.05550	0.01057	0.01057	0.01586	0.00661	0.00661
42	0.69383	0.02109	0.01603	0.01434	0.02109	0.02446	0.01181	0.03205	0.01856	0.04892	0.01518	0.01771	0.01181	0.01012	0.00675	0.00337	0.00843	0.00590	0.00675	0.01181
43	0.02701	0.02278	0.03402	0.03764	0.21878	0.02082	0.05836	0.03488	0.06647	0.07982	0.02404	0.02743	0.01892	0.00977	0.00992	0.00268	0.01077	0.00899	0.00697	0.27994
44	0.51034	0.02176	0.02162	0.02372	0.11384	0.02372	0.01571	0.03184	0.02006	0.04526	0.01653	0.01982	0.01320	0.00985	0.00759	0.00317	0.00919	0.00663	0.00648	0.07968
45	0.01561	0.01095	0.01287	0.01239	0.01525	0.00998	0.00929	0.02011	0.02787	0.03940	0.33948	0.08055	0.20696	0.02203	0.01195	0.00334	0.00523	0.01892	0.12785	0.00998
46	0.62675	0.02092	0.01769	0.07175	0.02647	0.02444	0.01365	0.03163	0.01888	0.04682	0.01560	0.01884	0.01208	0.01020	0.00716	0.00340	0.00904	0.00628	0.00656	0.01184
47	0.08999	0.02192	0.03524	0.34308	0.24168	0.02486	0.02960	0.03031	0.02258	0.03278	0.01937	0.02718	0.01526	0.01039	0.01045	0.00346	0.01335	0.00932	0.00524	0.01395
48	0.02250	0.02103	0.03527	0.33505	0.24841	0.02347	0.02949	0.02925	0.02385	0.03238	0.07198	0.03350	0.02437	0.01159	0.01106	0.00346	0.01300	0.01070	0.00577	0.01388
49	0.22374	0.03840	0.25861	0.02426	0.03539	0.02666	0.02634	0.11574	0.07683	0.04557	0.02185	0.02374	0.01595	0.01119	0.00946	0.00342	0.01242	0.00814	0.00693	0.01536
50	0.01609	0.01219	0.01498	0.01441	0.01727	0.01170	0.01074	0.02319	0.07880	0.04067	0.39495	0.13426	0.14263	0.02336	0.01280	0.00359	0.00566	0.02051	0.01151	0.01071
51	0.01570	0.01119	0.01505	0.01505	0.01614	0.01229	0.01055	0.01788	0.01679	0.02348	0.03147	0.05535	0.03269	0.31666	0.34615	0.01447	0.02102	0.01351	0.00618	0.00836
52	0.01350	0.00966	0.01285	0.01503	0.01586	0.00900	0.01014	0.01574	0.02190	0.02947	0.10967	0.55547	0.07527	0.03294	0.01381	0.00433	0.00620	0.02984	0.01031	0.00900
53	0.01558	0.01168	0.01752	0.01752	0.01947	0.01363	0.01363	0.01947	0.01752	0.02531	0.02921	0.04283	0.02726	0.08178	0.57360	0.01752	0.02921	0.01168	0.00584	0.00974
54	0.04073	0.05197	0.03090	0.02809	0.03371	0.57303	0.02107	0.04354	0.03090	0.02669	0.01685	0.01966	0.01404	0.01124	0.00983	0.00281	0.01966	0.00702	0.00562	0.01264
55	0.01328	0.00949	0.01265	0.01518	0.01581	0.00886	0.01012	0.01518	0.02088	0.02783	0.06010	0.60969	0.07212	0.03416	0.01392	0.00443	0.00633	0.03100	0.01012	0.00886
56	0.02261	0.01938	0.02261	0.01615	0.02584	0.01453	0.01292	0.02745	0.02261	0.03553	0.01938	0.02261	0.01615	0.00807	0.00807	0.00161	0.00807	0.00646	0.00646	0.68346
57	0.02187	0.05640	0.56031	0.03108	0.04719	0.02532	0.04029	0.03453	0.02302	0.03453	0.01957	0.02302	0.01381	0.01036	0.01036	0.00345	0.01611	0.00806	0.00460	0.01611
58	0.01588	0.01105	0.01417	0.01339	0.01596	0.01028	0.01004	0.02102	0.03013	0.04344	0.49614	0.07768	0.09596	0.02140	0.01238	0.00335	0.00514	0.01884	0.07349	0.01028
59	0.03638	0.02401	0.08644	0.02449	0.07175	0.01975	0.01988	0.11967	0.03303	0.27477	0.13179	0.04138	0.03788	0.01445	0.01124	0.00337	0.01001	0.01202	0.01111	0.01658
60	0.04145	0.03054	0.03272	0.02509	0.03381	0.03381	0.02072	0.51243	0.05127	0.06872	0.02618	0.02618	0.01854	0.01309	0.01091	0.00327	0.01200	0.00982	0.01091	0.01854
