[name]
unknown

[dist]
# distance from previous block
# <min> <max>
6	124

[block]
# block no. 0 follows, 12 sequences, length 33
# corresponding to MSA columns:
# 140-172
name=unknown_A
#
# <colnr> <probs for GDERKNQSTAVLIFYWHMCP>
#	G	D	E	R	K	N	Q	S	T	A	V	L	I	F	Y	W	H	M	C	P
0	0.02126	0.01421	0.01942	0.01641	0.02148	0.01242	0.05799	0.02533	0.02719	0.13032	0.16670	0.08093	0.31904	0.02228	0.01252	0.00358	0.00738	0.01922	0.01064	0.01166
1	0.02450	0.02434	0.03717	0.08287	0.03793	0.03033	0.10926	0.03389	0.11513	0.03157	0.02181	0.02849	0.01830	0.01576	0.02476	0.00427	0.32940	0.01067	0.00610	0.01344
2	0.09288	0.28982	0.03878	0.02012	0.02792	0.07871	0.01757	0.04270	0.16605	0.08721	0.02634	0.02620	0.02054	0.01152	0.00877	0.00296	0.01094	0.00828	0.00764	0.01506
3	0.10790	0.02225	0.06884	0.02000	0.02821	0.01863	0.01752	0.08828	0.03013	0.36688	0.03827	0.08632	0.02777	0.01478	0.01076	0.00347	0.00974	0.01197	0.01151	0.01676
4	0.03461	0.13229	0.20906	0.02560	0.03694	0.02465	0.07097	0.04194	0.02651	0.24857	0.02875	0.02853	0.01954	0.01137	0.01029	0.00326	0.01277	0.00934	0.00837	0.01664
5	0.44094	0.13738	0.07543	0.01722	0.02550	0.02720	0.01618	0.03453	0.02093	0.09456	0.01840	0.02013	0.01394	0.01034	0.00756	0.00319	0.00984	0.00660	0.00684	0.01330
6	0.01636	0.01590	0.05330	0.07271	0.06855	0.01350	0.01610	0.02100	0.02487	0.03286	0.15653	0.17722	0.20012	0.02388	0.01275	0.00384	0.00817	0.06228	0.00923	0.01082
7	0.02476	0.09871	0.28528	0.07924	0.09076	0.02535	0.07660	0.03388	0.02452	0.07193	0.06564	0.02993	0.02300	0.01137	0.01060	0.00335	0.01402	0.00978	0.00607	0.01522
8	0.21487	0.02386	0.03310	0.14074	0.26427	0.02600	0.02552	0.08055	0.02520	0.04134	0.01938	0.02467	0.01538	0.01038	0.00969	0.00335	0.01187	0.00865	0.00624	0.01495
9	0.01757	0.01255	0.01757	0.02008	0.02259	0.01255	0.01757	0.02259	0.02510	0.03263	0.05773	0.12299	0.06275	0.03012	0.01506	0.00502	0.01004	0.47540	0.01004	0.01004
10	0.02059	0.01938	0.03270	0.59060	0.07510	0.02422	0.03028	0.02786	0.02180	0.02786	0.01938	0.02907	0.01453	0.01090	0.01090	0.00363	0.01453	0.00969	0.00484	0.01211
11	0.04417	0.01932	0.02778	0.07847	0.08091	0.01773	0.01901	0.04889	0.02971	0.45726	0.03866	0.03540	0.02489	0.01289	0.01094	0.00339	0.01012	0.01073	0.01191	0.01782
12	0.04760	0.02067	0.02661	0.02040	0.02889	0.01916	0.01685	0.13412	0.03474	0.47036	0.04005	0.03518	0.02550	0.01342	0.01095	0.00336	0.00976	0.01076	0.01304	0.01855
13	0.52096	0.01974	0.01615	0.01434	0.02045	0.02248	0.01168	0.06574	0.02174	0.04882	0.01978	0.02260	0.01530	0.01082	0.00721	0.00321	0.00807	0.00698	0.13194	0.01199
14	0.02162	0.02089	0.02973	0.32735	0.13236	0.06760	0.02534	0.02714	0.02284	0.02897	0.02876	0.16222	0.02824	0.01612	0.01149	0.00369	0.01282	0.01439	0.00622	0.01222
15	0.01352	0.00959	0.01258	0.01488	0.01545	0.00901	0.00980	0.01524	0.02041	0.02722	0.05772	0.55995	0.06911	0.08800	0.01776	0.00500	0.00672	0.02960	0.00980	0.00865
16	0.04892	0.01856	0.02530	0.01940	0.02783	0.01603	0.01603	0.05314	0.03121	0.55634	0.04302	0.03711	0.02699	0.01350	0.01096	0.00337	0.00928	0.01096	0.01350	0.01856
17	0.04892	0.01856	0.02530	0.01940	0.02783	0.01603	0.01603	0.05314	0.03121	0.55634	0.04302	0.03711	0.02699	0.01350	0.01096	0.00337	0.00928	0.01096	0.01350	0.01856
18	0.02368	0.09058	0.19521	0.17603	0.05604	0.02757	0.21066	0.03282	0.02365	0.03216	0.02003	0.02640	0.01503	0.00996	0.01111	0.00348	0.01614	0.01005	0.00501	0.01438
19	0.01543	0.01115	0.01457	0.01372	0.01629	0.01029	0.01029	0.02058	0.03086	0.04372	0.54304	0.08145	0.10288	0.02229	0.01286	0.00343	0.00514	0.01972	0.01200	0.01029
20	0.01328	0.00949	0.01265	0.01518	0.01581	0.00886	0.01012	0.01518	0.02088	0.02783	0.06010	0.60969	0.07212	0.03416	0.01392	0.00443	0.00633	0.03100	0.01012	0.00886
21	0.02618	0.32201	0.17179	0.07311	0.03926	0.03425	0.06989	0.03546	0.07396	0.03082	0.02016	0.02323	0.01618	0.01025	0.00908	0.00297	0.01327	0.00799	0.00539	0.01473
22	0.01781	0.01471	0.02336	0.02205	0.02479	0.01617	0.06568	0.02228	0.02092	0.02887	0.03859	0.11287	0.03983	0.04836	0.24435	0.00991	0.07380	0.15780	0.00738	0.01047
23	0.04892	0.01856	0.02530	0.01940	0.02783	0.01603	0.01603	0.05314	0.03121	0.55634	0.04302	0.03711	0.02699	0.01350	0.01096	0.00337	0.00928	0.01096	0.01350	0.01856
24	0.41207	0.03589	0.24425	0.02136	0.03203	0.02482	0.02375	0.03309	0.02043	0.04289	0.01702	0.01994	0.01265	0.01022	0.00826	0.00341	0.01165	0.00681	0.00585	0.01361
25	0.07223	0.02443	0.02911	0.02901	0.11226	0.02633	0.01999	0.20920	0.15136	0.10244	0.03369	0.08421	0.02718	0.01476	0.01097	0.00349	0.01036	0.01223	0.01001	0.01675
26	0.01499	0.01100	0.01443	0.01655	0.01844	0.01044	0.01291	0.01831	0.02325	0.03007	0.06706	0.32916	0.14268	0.03146	0.01423	0.00455	0.00773	0.21325	0.01009	0.00940
27	0.01778	0.01144	0.01365	0.01282	0.01605	0.01037	0.00971	0.02225	0.02804	0.07292	0.31673	0.07775	0.19739	0.02148	0.01187	0.00334	0.00550	0.01840	0.12201	0.01053
28	0.02932	0.02156	0.03354	0.14483	0.25332	0.02221	0.02554	0.03768	0.07439	0.14457	0.07556	0.03583	0.02823	0.01237	0.01107	0.00340	0.01134	0.01115	0.00814	0.01594
29	0.02509	0.01930	0.02286	0.01646	0.02603	0.01468	0.01321	0.02988	0.02342	0.08472	0.02161	0.02398	0.01717	0.00859	0.00835	0.00178	0.00819	0.00689	0.00712	0.62066
30	0.69383	0.02109	0.01603	0.01434	0.02109	0.02446	0.01181	0.03205	0.01856	0.04892	0.01518	0.01771	0.01181	0.01012	0.00675	0.00337	0.00843	0.00590	0.00675	0.01181
31	0.01593	0.01230	0.01468	0.01388	0.01706	0.01163	0.01047	0.02295	0.07705	0.04043	0.38985	0.08328	0.20388	0.02287	0.01270	0.00352	0.00557	0.01981	0.01146	0.01069
32	0.02712	0.02342	0.02465	0.02219	0.02835	0.02712	0.01726	0.05794	0.52909	0.04561	0.04438	0.04068	0.03328	0.01479	0.01109	0.00370	0.00863	0.01233	0.01109	0.01726

[dist]
# distance from previous block
# <min> <max>
0	1

[block]
# block no. 1 follows, 12 sequences, length 45
# corresponding to MSA columns:
# 174-218
name=unknown_B
#
# <colnr> <probs for GDERKNQSTAVLIFYWHMCP>
#	G	D	E	R	K	N	Q	S	T	A	V	L	I	F	Y	W	H	M	C	P
0	0.02712	0.02342	0.02465	0.02219	0.02835	0.02712	0.01726	0.05794	0.52909	0.04561	0.04438	0.04068	0.03328	0.01479	0.01109	0.00370	0.00863	0.01233	0.01109	0.01726
1	0.02942	0.52169	0.10289	0.02063	0.03029	0.08564	0.02092	0.03374	0.02297	0.02658	0.01572	0.01820	0.01398	0.00959	0.00755	0.00248	0.01275	0.00614	0.00474	0.01408
2	0.02481	0.13957	0.33509	0.02476	0.03639	0.02499	0.02885	0.03307	0.02254	0.08293	0.02355	0.03128	0.01931	0.10801	0.01712	0.00440	0.01380	0.00923	0.00582	0.01448
3	0.01310	0.01105	0.01135	0.01127	0.01486	0.00930	0.00845	0.01607	0.02536	0.03067	0.14728	0.10293	0.50679	0.02716	0.01288	0.00366	0.00549	0.02273	0.01029	0.00930
4	0.02915	0.62337	0.05714	0.01866	0.02799	0.04314	0.01866	0.03265	0.02215	0.02565	0.01516	0.01749	0.01399	0.00933	0.00700	0.00233	0.01166	0.00583	0.00466	0.01399
5	0.02541	0.02835	0.13252	0.17969	0.16704	0.02341	0.10678	0.03330	0.02500	0.08394	0.06580	0.03268	0.02388	0.01145	0.01126	0.00348	0.01379	0.01087	0.00646	0.01490
6	0.04330	0.02044	0.03016	0.03157	0.16123	0.01856	0.02049	0.04810	0.02957	0.42301	0.03725	0.03452	0.02450	0.01253	0.01092	0.00334	0.01022	0.01064	0.01142	0.01823
7	0.01543	0.01115	0.01457	0.01372	0.01629	0.01029	0.01029	0.02058	0.03086	0.04372	0.54304	0.08145	0.10288	0.02229	0.01286	0.00343	0.00514	0.01972	0.01200	0.01029
8	0.02385	0.02385	0.03340	0.02863	0.02863	0.03340	0.02385	0.02624	0.01670	0.02624	0.01431	0.02385	0.01431	0.01908	0.03578	0.00477	0.59685	0.00954	0.00477	0.01193
9	0.02785	0.08799	0.13260	0.08221	0.19500	0.02434	0.06863	0.03464	0.02471	0.11551	0.02719	0.08282	0.02282	0.01277	0.01085	0.00339	0.01276	0.01152	0.00688	0.01552
10	0.02057	0.01313	0.01831	0.02002	0.02309	0.01288	0.01742	0.02552	0.02569	0.08282	0.05632	0.11476	0.05932	0.02853	0.01467	0.00486	0.00997	0.43089	0.01037	0.01086
11	0.01589	0.01328	0.01411	0.01352	0.01745	0.01261	0.01025	0.02410	0.11630	0.03488	0.17541	0.08925	0.37438	0.02437	0.01256	0.00364	0.00601	0.02051	0.01063	0.01084
12	0.01393	0.01109	0.01249	0.01214	0.01537	0.00965	0.00911	0.01767	0.02732	0.03530	0.28770	0.09531	0.36348	0.02543	0.01288	0.00358	0.00537	0.02166	0.01089	0.00965
13	0.03145	0.24011	0.24820	0.02377	0.03556	0.02897	0.02654	0.03877	0.02487	0.16830	0.02421	0.02483	0.01733	0.01083	0.00937	0.00305	0.01280	0.00806	0.00696	0.01603
14	0.04465	0.02644	0.02723	0.06881	0.03313	0.14707	0.01839	0.04879	0.03036	0.38855	0.03493	0.03236	0.02293	0.01275	0.01069	0.00326	0.01214	0.00994	0.01093	0.01664
15	0.62871	0.02417	0.01751	0.01571	0.02234	0.07916	0.01273	0.03320	0.01979	0.04670	0.01535	0.01791	0.01203	0.01023	0.00706	0.00332	0.00955	0.00602	0.00664	0.01189
16	0.04892	0.01856	0.02530	0.01940	0.02783	0.01603	0.01603	0.05314	0.03121	0.55634	0.04302	0.03711	0.02699	0.01350	0.01096	0.00337	0.00928	0.01096	0.01350	0.01856
17	0.01558	0.01168	0.01752	0.01752	0.01947	0.01363	0.01363	0.01947	0.01752	0.02531	0.02921	0.04283	0.02726	0.08178	0.57360	0.01752	0.02921	0.01168	0.00584	0.00974
18	0.02261	0.01938	0.02261	0.01615	0.02584	0.01453	0.01292	0.02745	0.02261	0.03553	0.01938	0.02261	0.01615	0.00807	0.00807	0.00161	0.00807	0.00646	0.00646	0.68346
19	0.04145	0.03054	0.03272	0.02509	0.03381	0.03381	0.02072	0.51243	0.05127	0.06872	0.02618	0.02618	0.01854	0.01309	0.01091	0.00327	0.01200	0.00982	0.01091	0.01854
20	0.02261	0.01938	0.02261	0.01615	0.02584	0.01453	0.01292	0.02745	0.02261	0.03553	0.01938	0.02261	0.01615	0.00807	0.00807	0.00161	0.00807	0.00646	0.00646	0.68346
21	0.01328	0.00949	0.01265	0.01518	0.01581	0.00886	0.01012	0.01518	0.02088	0.02783	0.06010	0.60969	0.07212	0.03416	0.01392	0.00443	0.00633	0.03100	0.01012	0.00886
22	0.03964	0.04747	0.03054	0.02730	0.03326	0.47470	0.02071	0.08970	0.07543	0.03233	0.02010	0.02208	0.01612	0.01172	0.01004	0.00293	0.01799	0.00774	0.00659	0.01360
23	0.01558	0.01168	0.01752	0.01752	0.01947	0.01363	0.01363	0.01947	0.01752	0.02531	0.02921	0.04283	0.02726	0.08178	0.57360	0.01752	0.02921	0.01168	0.00584	0.00974
24	0.69383	0.02109	0.01603	0.01434	0.02109	0.02446	0.01181	0.03205	0.01856	0.04892	0.01518	0.01771	0.01181	0.01012	0.00675	0.00337	0.00843	0.00590	0.00675	0.01181
25	0.36089	0.02788	0.07538	0.07034	0.10616	0.07187	0.02042	0.03563	0.07012	0.04176	0.01964	0.02282	0.01525	0.01069	0.00868	0.00336	0.01128	0.00767	0.00652	0.01363
26	0.01586	0.01057	0.01189	0.01189	0.01189	0.01057	0.00661	0.01586	0.01586	0.02114	0.03436	0.07135	0.03964	0.61681	0.05550	0.01057	0.01057	0.01586	0.00661	0.00661
27	0.02261	0.01938	0.02261	0.01615	0.02584	0.01453	0.01292	0.02745	0.02261	0.03553	0.01938	0.02261	0.01615	0.00807	0.00807	0.00161	0.00807	0.00646	0.00646	0.68346
28	0.02699	0.02591	0.04426	0.06693	0.54879	0.02591	0.03346	0.03346	0.02483	0.03562	0.02051	0.02699	0.01727	0.00972	0.01079	0.00324	0.01295	0.00972	0.00540	0.01727
29	0.04145	0.03054	0.03272	0.02509	0.03381	0.03381	0.02072	0.51243	0.05127	0.06872	0.02618	0.02618	0.01854	0.01309	0.01091	0.00327	0.01200	0.00982	0.01091	0.01854
30	0.01543	0.01115	0.01457	0.01372	0.01629	0.01029	0.01029	0.02058	0.03086	0.04372	0.54304	0.08145	0.10288	0.02229	0.01286	0.00343	0.00514	0.01972	0.01200	0.01029
31	0.02033	0.01016	0.01016	0.01016	0.01270	0.01016	0.00762	0.02541	0.02287	0.04065	0.03557	0.04065	0.02795	0.01270	0.00762	0.00254	0.00508	0.01016	0.67734	0.01016
32	0.02712	0.02342	0.02465	0.02219	0.02835	0.02712	0.01726	0.05794	0.52909	0.04561	0.04438	0.04068	0.03328	0.01479	0.01109	0.00370	0.00863	0.01233	0.01109	0.01726
33	0.04145	0.03054	0.03272	0.02509	0.03381	0.03381	0.02072	0.51243	0.05127	0.06872	0.02618	0.02618	0.01854	0.01309	0.01091	0.00327	0.01200	0.00982	0.01091	0.01854
34	0.01452	0.01045	0.01376	0.01434	0.01609	0.00968	0.01022	0.01830	0.02664	0.03701	0.33904	0.30458	0.08989	0.02730	0.01331	0.00385	0.00564	0.02448	0.01121	0.00968
35	0.04073	0.05197	0.03090	0.02809	0.03371	0.57303	0.02107	0.04354	0.03090	0.02669	0.01685	0.01966	0.01404	0.01124	0.00983	0.00281	0.01966	0.00702	0.00562	0.01264
36	0.02187	0.05640	0.56031	0.03108	0.04719	0.02532	0.04029	0.03453	0.02302	0.03453	0.01957	0.02302	0.01381	0.01036	0.01036	0.00345	0.01611	0.00806	0.00460	0.01611
37	0.01984	0.01026	0.01060	0.01052	0.01306	0.01018	0.00789	0.02492	0.02366	0.04096	0.08617	0.04472	0.03542	0.01366	0.00814	0.00263	0.00509	0.01112	0.61100	0.01018
38	0.01348	0.01107	0.01187	0.01167	0.01509	0.00946	0.00875	0.01680	0.02626	0.03279	0.21170	0.09944	0.44104	0.02637	0.01288	0.00362	0.00543	0.02224	0.01056	0.00946
39	0.02033	0.01016	0.01016	0.01016	0.01270	0.01016	0.00762	0.02541	0.02287	0.04065	0.03557	0.04065	0.02795	0.01270	0.00762	0.00254	0.00508	0.01016	0.67734	0.01016
40	0.02385	0.02385	0.03340	0.02863	0.02863	0.03340	0.02385	0.02624	0.01670	0.02624	0.01431	0.02385	0.01431	0.01908	0.03578	0.00477	0.59685	0.00954	0.00477	0.01193
41	0.69383	0.02109	0.01603	0.01434	0.02109	0.02446	0.01181	0.03205	0.01856	0.04892	0.01518	0.01771	0.01181	0.01012	0.00675	0.00337	0.00843	0.00590	0.00675	0.01181
42	0.01289	0.01105	0.01105	0.01105	0.01473	0.00920	0.00828	0.01565	0.02485	0.02946	0.11046	0.10493	0.54437	0.02761	0.01289	0.00368	0.00552	0.02301	0.01013	0.00920
43	0.02261	0.01938	0.02261	0.01615	0.02584	0.01453	0.01292	0.02745	0.02261	0.03553	0.01938	0.02261	0.01615	0.00807	0.00807	0.00161	0.00807	0.00646	0.00646	0.68346
44	0.02896	0.56621	0.05404	0.01899	0.02802	0.04162	0.01852	0.03506	0.07045	0.02755	0.01794	0.01970	0.01583	0.00985	0.00739	0.00246	0.01137	0.00645	0.00528	0.01430

[dist]
# distance from previous block
# <min> <max>
0	1

[block]
# block no. 2 follows, 12 sequences, length 33
# corresponding to MSA columns:
# 220-252
name=unknown_C
#
# <colnr> <probs for GDERKNQSTAVLIFYWHMCP>
#	G	D	E	R	K	N	Q	S	T	A	V	L	I	F	Y	W	H	M	C	P
0	0.03476	0.28078	0.04111	0.02131	0.02987	0.03492	0.01882	0.19017	0.11089	0.09707	0.02604	0.02585	0.01976	0.01179	0.00928	0.00295	0.01105	0.00863	0.00854	0.01641
1	0.02289	0.02396	0.07596	0.35148	0.05701	0.02529	0.02679	0.03852	0.19183	0.03439	0.02777	0.03243	0.02075	0.01216	0.01092	0.00364	0.01269	0.01043	0.00692	0.01418
2	0.02375	0.02788	0.15696	0.02385	0.06746	0.01848	0.02134	0.03293	0.06909	0.07547	0.11760	0.03624	0.03353	0.01230	0.01017	0.00282	0.01004	0.01032	0.00783	0.24196
3	0.01321	0.00977	0.01236	0.01444	0.01562	0.00892	0.00979	0.01527	0.02159	0.02813	0.06915	0.51890	0.15706	0.03298	0.01373	0.00429	0.00618	0.02956	0.01012	0.00892
4	0.01981	0.02761	0.16776	0.15240	0.04470	0.02016	0.10875	0.02750	0.02383	0.03279	0.08369	0.13791	0.03721	0.01704	0.01213	0.00381	0.01291	0.05037	0.00692	0.01269
5	0.02739	0.33300	0.26048	0.02437	0.03641	0.03494	0.02771	0.08078	0.02538	0.03353	0.01805	0.02061	0.01437	0.01012	0.00876	0.00288	0.01352	0.00713	0.00526	0.01531
6	0.69383	0.02109	0.01603	0.01434	0.02109	0.02446	0.01181	0.03205	0.01856	0.04892	0.01518	0.01771	0.01181	0.01012	0.00675	0.00337	0.00843	0.00590	0.00675	0.01181
7	0.02915	0.62337	0.05714	0.01866	0.02799	0.04314	0.01866	0.03265	0.02215	0.02565	0.01516	0.01749	0.01399	0.00933	0.00700	0.00233	0.01166	0.00583	0.00466	0.01399
8	0.01289	0.01105	0.01105	0.01105	0.01473	0.00920	0.00828	0.01565	0.02485	0.02946	0.11046	0.10493	0.54437	0.02761	0.01289	0.00368	0.00552	0.02301	0.01013	0.00920
9	0.01339	0.01068	0.01200	0.01248	0.01524	0.00929	0.00905	0.01631	0.02483	0.03132	0.16662	0.22465	0.35900	0.02837	0.01313	0.00382	0.00566	0.02444	0.01042	0.00929
10	0.04073	0.05197	0.03090	0.02809	0.03371	0.57303	0.02107	0.04354	0.03090	0.02669	0.01685	0.01966	0.01404	0.01124	0.00983	0.00281	0.01966	0.00702	0.00562	0.01264
11	0.01374	0.01108	0.01223	0.01194	0.01525	0.00957	0.00896	0.01730	0.02687	0.03425	0.25582	0.09704	0.39601	0.02583	0.01288	0.00360	0.00540	0.02191	0.01076	0.00957
12	0.02915	0.62337	0.05714	0.01866	0.02799	0.04314	0.01866	0.03265	0.02215	0.02565	0.01516	0.01749	0.01399	0.00933	0.00700	0.00233	0.01166	0.00583	0.00466	0.01399
13	0.01543	0.01115	0.01457	0.01372	0.01629	0.01029	0.01029	0.02058	0.03086	0.04372	0.54304	0.08145	0.10288	0.02229	0.01286	0.00343	0.00514	0.01972	0.01200	0.01029
14	0.02712	0.02342	0.02465	0.02219	0.02835	0.02712	0.01726	0.05794	0.52909	0.04561	0.04438	0.04068	0.03328	0.01479	0.01109	0.00370	0.00863	0.01233	0.01109	0.01726
15	0.01517	0.01114	0.01421	0.01344	0.01613	0.01018	0.01008	0.02007	0.03024	0.04225	0.49843	0.08387	0.14840	0.02284	0.01286	0.00346	0.00518	0.02006	0.01181	0.01018
16	0.01560	0.01158	0.01699	0.01699	0.01876	0.01334	0.01297	0.01913	0.01737	0.02492	0.02969	0.04551	0.02842	0.13200	0.52496	0.01687	0.02746	0.01207	0.00591	0.00944
17	0.01328	0.00949	0.01265	0.01518	0.01581	0.00886	0.01012	0.01518	0.02088	0.02783	0.06010	0.60969	0.07212	0.03416	0.01392	0.00443	0.00633	0.03100	0.01012	0.00886
18	0.03623	0.27388	0.04109	0.02443	0.03149	0.36724	0.02013	0.03931	0.02750	0.02628	0.01620	0.01882	0.01402	0.01050	0.00873	0.00262	0.01655	0.00656	0.00525	0.01317
19	0.69383	0.02109	0.01603	0.01434	0.02109	0.02446	0.01181	0.03205	0.01856	0.04892	0.01518	0.01771	0.01181	0.01012	0.00675	0.00337	0.00843	0.00590	0.00675	0.01181
20	0.01643	0.01294	0.01916	0.01867	0.02041	0.01567	0.01468	0.02017	0.01744	0.02541	0.02767	0.04088	0.02592	0.07531	0.51814	0.01621	0.08774	0.01146	0.00573	0.00996
21	0.02385	0.02385	0.03340	0.02863	0.02863	0.03340	0.02385	0.02624	0.01670	0.02624	0.01431	0.02385	0.01431	0.01908	0.03578	0.00477	0.59685	0.00954	0.00477	0.01193
22	0.69383	0.02109	0.01603	0.01434	0.02109	0.02446	0.01181	0.03205	0.01856	0.04892	0.01518	0.01771	0.01181	0.01012	0.00675	0.00337	0.00843	0.00590	0.00675	0.01181
23	0.02915	0.62337	0.05714	0.01866	0.02799	0.04314	0.01866	0.03265	0.02215	0.02565	0.01516	0.01749	0.01399	0.00933	0.00700	0.00233	0.01166	0.00583	0.00466	0.01399
24	0.02712	0.02342	0.02465	0.02219	0.02835	0.02712	0.01726	0.05794	0.52909	0.04561	0.04438	0.04068	0.03328	0.01479	0.01109	0.00370	0.00863	0.01233	0.01109	0.01726
25	0.04145	0.03054	0.03272	0.02509	0.03381	0.03381	0.02072	0.51243	0.05127	0.06872	0.02618	0.02618	0.01854	0.01309	0.01091	0.00327	0.01200	0.00982	0.01091	0.01854
26	0.02726	0.02020	0.03143	0.44351	0.06340	0.02364	0.02700	0.07410	0.02597	0.12224	0.02403	0.03020	0.01702	0.01154	0.01091	0.00356	0.01341	0.00992	0.00686	0.01378
27	0.02160	0.01714	0.02056	0.02097	0.02502	0.01870	0.01744	0.03751	0.23781	0.03811	0.05210	0.08825	0.05031	0.02365	0.01339	0.00446	0.00944	0.27996	0.01049	0.01309
28	0.01460	0.01077	0.01153	0.01153	0.01309	0.00999	0.00731	0.01577	0.01965	0.02465	0.06647	0.08553	0.25266	0.36814	0.03751	0.00766	0.00844	0.01888	0.00809	0.00770
29	0.01760	0.01318	0.01842	0.06768	0.02497	0.01464	0.01560	0.02410	0.06047	0.03041	0.04003	0.11092	0.03968	0.04760	0.24464	0.00972	0.01754	0.13230	0.05993	0.01056
30	0.01592	0.01105	0.01414	0.01337	0.01594	0.01028	0.01002	0.02105	0.03007	0.04342	0.49294	0.07742	0.09548	0.02134	0.01234	0.00334	0.00514	0.01878	0.07768	0.01028
31	0.69383	0.02109	0.01603	0.01434	0.02109	0.02446	0.01181	0.03205	0.01856	0.04892	0.01518	0.01771	0.01181	0.01012	0.00675	0.00337	0.00843	0.00590	0.00675	0.01181
32	0.02815	0.03785	0.20632	0.03746	0.17505	0.07039	0.02955	0.10530	0.07568	0.04023	0.02286	0.02589	0.01747	0.01087	0.01038	0.00318	0.01356	0.00893	0.00658	0.07430

[dist]
# distance from previous block
# <min> <max>
0	1

[block]
# block no. 3 follows, 12 sequences, length 80
# corresponding to MSA columns:
# 254-333
name=unknown_D
#
# <colnr> <probs for GDERKNQSTAVLIFYWHMCP>
#	G	D	E	R	K	N	Q	S	T	A	V	L	I	F	Y	W	H	M	C	P
0	0.01626	0.01209	0.01550	0.01400	0.01739	0.01078	0.01059	0.02137	0.02992	0.04278	0.48285	0.07468	0.09291	0.02066	0.01231	0.00322	0.00548	0.01819	0.01137	0.08766
1	0.03226	0.12660	0.03188	0.02082	0.02909	0.02791	0.01737	0.16015	0.17290	0.09588	0.02969	0.02912	0.02225	0.01196	0.00973	0.00291	0.00994	0.00928	0.00925	0.15102
2	0.02535	0.26367	0.11962	0.02192	0.03253	0.02853	0.06193	0.03119	0.02276	0.03144	0.01798	0.02124	0.01499	0.00900	0.00840	0.00235	0.01157	0.00700	0.00540	0.26316
3	0.02780	0.10769	0.28874	0.03061	0.08084	0.02520	0.07018	0.03661	0.02456	0.11661	0.02305	0.02544	0.01663	0.01039	0.01012	0.00316	0.01376	0.00866	0.00632	0.07363
4	0.03671	0.01585	0.02139	0.01733	0.02362	0.01393	0.01393	0.04127	0.03108	0.36944	0.22533	0.05328	0.05466	0.01670	0.01166	0.00339	0.00777	0.01416	0.01295	0.01554
5	0.02270	0.02484	0.08190	0.37153	0.19324	0.02498	0.06516	0.03035	0.02295	0.03090	0.01987	0.02805	0.01532	0.01043	0.01096	0.00352	0.01453	0.00978	0.00501	0.01395
6	0.02925	0.02208	0.03615	0.24021	0.18131	0.02344	0.06817	0.03780	0.06726	0.14438	0.02702	0.03124	0.01963	0.01133	0.01107	0.00349	0.01285	0.01046	0.00741	0.01546
7	0.01328	0.00949	0.01265	0.01518	0.01581	0.00886	0.01012	0.01518	0.02088	0.02783	0.06010	0.60969	0.07212	0.03416	0.01392	0.00443	0.00633	0.03100	0.01012	0.00886
8	0.01895	0.01044	0.01140	0.01116	0.01371	0.01020	0.00837	0.02405	0.02511	0.04151	0.17824	0.05212	0.04901	0.01540	0.00909	0.00279	0.00510	0.01285	0.49028	0.01020
9	0.02283	0.13679	0.44219	0.07595	0.04669	0.02785	0.03627	0.03370	0.02279	0.03267	0.01890	0.02271	0.01390	0.01025	0.00991	0.00330	0.01533	0.00787	0.00463	0.01547
10	0.03040	0.01641	0.02064	0.01756	0.02306	0.01584	0.01385	0.04036	0.13126	0.23716	0.25437	0.05655	0.06029	0.01747	0.01179	0.00346	0.00740	0.01493	0.01238	0.01480
11	0.02712	0.02342	0.02465	0.02219	0.02835	0.02712	0.01726	0.05794	0.52909	0.04561	0.04438	0.04068	0.03328	0.01479	0.01109	0.00370	0.00863	0.01233	0.01109	0.01726
12	0.02443	0.08081	0.19429	0.10574	0.17490	0.02791	0.11439	0.03261	0.02311	0.03260	0.01935	0.02546	0.01530	0.01083	0.01319	0.00350	0.07199	0.00946	0.00501	0.01513
13	0.02233	0.08502	0.24207	0.15051	0.08264	0.02625	0.06345	0.03056	0.02221	0.03113	0.02211	0.07135	0.01910	0.01302	0.01317	0.00360	0.07155	0.01063	0.00523	0.01409
14	0.04618	0.01873	0.02464	0.01908	0.02707	0.01680	0.01570	0.08285	0.03195	0.48236	0.04127	0.03663	0.02648	0.01341	0.01070	0.00330	0.00914	0.01082	0.06499	0.01790
15	0.01363	0.00973	0.01304	0.01557	0.01635	0.00915	0.01071	0.01577	0.02121	0.02822	0.05991	0.57093	0.07137	0.03384	0.01401	0.00448	0.00662	0.06639	0.01011	0.00895
16	0.02786	0.21798	0.12125	0.02168	0.02903	0.06389	0.02071	0.03247	0.02342	0.10581	0.02929	0.14432	0.02791	0.01632	0.01256	0.00337	0.06872	0.01259	0.00716	0.01366
17	0.04132	0.02931	0.16448	0.02288	0.03332	0.01985	0.02268	0.08490	0.03068	0.38234	0.03560	0.03259	0.02290	0.01265	0.01080	0.00339	0.01127	0.01012	0.01099	0.01792
18	0.12305	0.01885	0.02424	0.01882	0.02706	0.01700	0.01554	0.05071	0.02975	0.49802	0.03982	0.03488	0.02525	0.01311	0.01048	0.00337	0.00918	0.01038	0.01272	0.01778
19	0.01289	0.01105	0.01105	0.01105	0.01473	0.00920	0.00828	0.01565	0.02485	0.02946	0.11046	0.10493	0.54437	0.02761	0.01289	0.00368	0.00552	0.02301	0.01013	0.00920
20	0.03651	0.06928	0.03718	0.04291	0.28616	0.02304	0.02488	0.04179	0.02734	0.25684	0.02969	0.03056	0.02116	0.01130	0.01057	0.00323	0.01129	0.00995	0.00879	0.01756
21	0.01984	0.01676	0.06069	0.01992	0.06828	0.01309	0.01481	0.02452	0.02685	0.09511	0.21213	0.12581	0.21571	0.02202	0.01237	0.00358	0.00744	0.01901	0.01020	0.01186
22	0.01992	0.01024	0.01053	0.01046	0.01300	0.01017	0.00784	0.02500	0.02353	0.04091	0.07792	0.04406	0.03420	0.01350	0.00806	0.00261	0.00509	0.01096	0.62181	0.01017
23	0.42411	0.02238	0.02579	0.03142	0.18843	0.02415	0.01904	0.03443	0.02170	0.09116	0.01941	0.02242	0.01492	0.01030	0.00841	0.00333	0.00994	0.00757	0.00694	0.01415
24	0.02254	0.02301	0.07537	0.01761	0.02793	0.01559	0.01561	0.02815	0.02265	0.03543	0.01940	0.02265	0.01592	0.00830	0.00830	0.00180	0.00886	0.00662	0.00628	0.61798
25	0.64881	0.02321	0.01705	0.01529	0.02196	0.06227	0.01245	0.03284	0.01941	0.04739	0.01530	0.01785	0.01196	0.01020	0.00696	0.00333	0.00921	0.00598	0.00667	0.01187
26	0.01700	0.01279	0.01593	0.01486	0.01791	0.01255	0.01122	0.02560	0.09781	0.04398	0.47604	0.07597	0.09353	0.02128	0.01262	0.00347	0.00561	0.01873	0.01188	0.01122
27	0.02261	0.01938	0.02261	0.01615	0.02584	0.01453	0.01292	0.02745	0.02261	0.03553	0.01938	0.02261	0.01615	0.00807	0.00807	0.00161	0.00807	0.00646	0.00646	0.68346
28	0.01486	0.01085	0.01419	0.01432	0.01623	0.01057	0.01036	0.01841	0.02437	0.03364	0.26281	0.17996	0.11422	0.09454	0.12359	0.00702	0.01051	0.02034	0.00977	0.00945
29	0.02463	0.02515	0.03908	0.34499	0.18820	0.07527	0.08528	0.03151	0.02385	0.03051	0.01974	0.02772	0.01541	0.01044	0.01100	0.00346	0.01505	0.00982	0.00513	0.01375
30	0.03148	0.02786	0.12297	0.12148	0.15136	0.02329	0.06895	0.03832	0.02544	0.19190	0.02667	0.02969	0.01894	0.01185	0.01296	0.00354	0.05957	0.01007	0.00761	0.01604
31	0.01293	0.01089	0.01120	0.01145	0.01483	0.00917	0.00846	0.01560	0.02446	0.02930	0.10553	0.15431	0.49817	0.02825	0.01299	0.00375	0.00560	0.02379	0.01012	0.00917
32	0.69383	0.02109	0.01603	0.01434	0.02109	0.02446	0.01181	0.03205	0.01856	0.04892	0.01518	0.01771	0.01181	0.01012	0.00675	0.00337	0.00843	0.00590	0.00675	0.01181
33	0.10536	0.02169	0.02906	0.02839	0.11700	0.02178	0.01973	0.09046	0.02960	0.32413	0.03232	0.03127	0.02192	0.01296	0.01265	0.00346	0.06063	0.01002	0.01044	0.01710
34	0.03090	0.01987	0.02270	0.01964	0.02591	0.02091	0.01548	0.04947	0.30048	0.18693	0.09020	0.04923	0.08721	0.01628	0.01137	0.00358	0.00823	0.01358	0.01174	0.01628
35	0.01318	0.01106	0.01145	0.01135	0.01491	0.00933	0.00851	0.01621	0.02554	0.03110	0.16018	0.10223	0.49362	0.02700	0.01288	0.00365	0.00548	0.02263	0.01034	0.00933
36	0.02815	0.02758	0.04040	0.03223	0.03634	0.08336	0.14748	0.03248	0.02166	0.07411	0.01902	0.02601	0.01595	0.01529	0.02522	0.00418	0.34120	0.01027	0.00580	0.01328
37	0.15188	0.02391	0.07296	0.09039	0.07155	0.02168	0.05231	0.04287	0.07199	0.24623	0.03066	0.03073	0.02101	0.01192	0.01029	0.00345	0.01109	0.00985	0.00928	0.01597
38	0.01363	0.01095	0.01216	0.01212	0.01525	0.00948	0.00899	0.01699	0.02623	0.03333	0.22770	0.13765	0.38395	0.02663	0.01296	0.00367	0.00548	0.02271	0.01065	0.00948
39	0.10439	0.01877	0.02451	0.01896	0.02725	0.01675	0.01566	0.05132	0.03012	0.51270	0.04062	0.03544	0.02568	0.01321	0.01060	0.00337	0.00921	0.01053	0.01291	0.01798
40	0.02754	0.50518	0.09761	0.08546	0.03505	0.03944	0.02185	0.03226	0.02219	0.02667	0.01602	0.01930	0.01404	0.00960	0.00773	0.00258	0.01237	0.00647	0.00468	0.01396
41	0.02731	0.07019	0.15543	0.10952	0.25286	0.02590	0.07858	0.03506	0.02463	0.08471	0.02218	0.02698	0.01688	0.01028	0.01069	0.00333	0.01391	0.00953	0.00592	0.01609
42	0.07164	0.02453	0.08869	0.02468	0.02835	0.02591	0.02191	0.02976	0.01990	0.10003	0.02368	0.07235	0.02140	0.02328	0.07208	0.00541	0.31580	0.01117	0.00657	0.01286
43	0.26704	0.02417	0.03409	0.04799	0.35882	0.02539	0.02567	0.03295	0.02257	0.04041	0.01859	0.02365	0.01530	0.00986	0.00934	0.00329	0.01133	0.00834	0.00588	0.01530
44	0.01545	0.01088	0.01420	0.01449	0.01532	0.01158	0.00977	0.01720	0.01709	0.02355	0.03529	0.12201	0.03850	0.33933	0.25456	0.01260	0.01741	0.01595	0.00671	0.00810
45	0.69383	0.02109	0.01603	0.01434	0.02109	0.02446	0.01181	0.03205	0.01856	0.04892	0.01518	0.01771	0.01181	0.01012	0.00675	0.00337	0.00843	0.00590	0.00675	0.01181
46	0.01641	0.01244	0.01530	0.01456	0.01751	0.01203	0.01091	0.02408	0.08694	0.04164	0.41600	0.11435	0.13078	0.02269	0.01273	0.00355	0.00566	0.01991	0.01161	0.01090
47	0.01495	0.01113	0.01391	0.01321	0.01599	0.01008	0.00991	0.01964	0.02972	0.04102	0.46100	0.08590	0.18661	0.02330	0.01287	0.00348	0.00522	0.02034	0.01165	0.01008
48	0.02688	0.11846	0.15222	0.19709	0.16700	0.02672	0.02982	0.03422	0.02390	0.09153	0.02177	0.02648	0.01637	0.01057	0.01019	0.00328	0.01348	0.00892	0.00589	0.01520
49	0.09070	0.20758	0.08197	0.03607	0.21693	0.02857	0.02382	0.03119	0.02418	0.03504	0.09841	0.03122	0.02859	0.01162	0.00952	0.00302	0.01117	0.00956	0.00626	0.01458
50	0.01580	0.01078	0.01296	0.01296	0.01333	0.01115	0.00794	0.01654	0.01617	0.02193	0.03338	0.06594	0.03729	0.51534	0.15376	0.01189	0.01411	0.01506	0.00646	0.00720
51	0.01591	0.01105	0.01414	0.01337	0.01594	0.01028	0.01003	0.02105	0.03008	0.04342	0.49340	0.07746	0.09555	0.02135	0.01235	0.00334	0.00514	0.01878	0.07708	0.01028
52	0.69383	0.02109	0.01603	0.01434	0.02109	0.02446	0.01181	0.03205	0.01856	0.04892	0.01518	0.01771	0.01181	0.01012	0.00675	0.00337	0.00843	0.00590	0.00675	0.01181
53	0.02385	0.02385	0.03340	0.02863	0.02863	0.03340	0.02385	0.02624	0.01670	0.02624	0.01431	0.02385	0.01431	0.01908	0.03578	0.00477	0.59685	0.00954	0.00477	0.01193
54	0.69383	0.02109	0.01603	0.01434	0.02109	0.02446	0.01181	0.03205	0.01856	0.04892	0.01518	0.01771	0.01181	0.01012	0.00675	0.00337	0.00843	0.00590	0.00675	0.01181
55	0.01514	0.01113	0.01417	0.01341	0.01611	0.01016	0.01006	0.02001	0.03017	0.04208	0.49332	0.08415	0.15362	0.02290	0.01286	0.00346	0.00519	0.02010	0.01179	0.01016
56	0.69383	0.02109	0.01603	0.01434	0.02109	0.02446	0.01181	0.03205	0.01856	0.04892	0.01518	0.01771	0.01181	0.01012	0.00675	0.00337	0.00843	0.00590	0.00675	0.01181
57	0.02676	0.02282	0.03716	0.15171	0.23967	0.02407	0.07390	0.03698	0.10167	0.08243	0.02684	0.03189	0.02079	0.01663	0.05489	0.00455	0.01406	0.01069	0.00695	0.01554
58	0.02234	0.02547	0.14750	0.02238	0.02985	0.01791	0.06749	0.03248	0.08585	0.08788	0.26807	0.05412	0.05892	0.01659	0.01191	0.00348	0.00975	0.01471	0.00969	0.01362
59	0.01586	0.01057	0.01189	0.01189	0.01189	0.01057	0.00661	0.01586	0.01586	0.02114	0.03436	0.07135	0.03964	0.61681	0.05550	0.01057	0.01057	0.01586	0.00661	0.00661
60	0.02385	0.02385	0.03340	0.02863	0.02863	0.03340	0.02385	0.02624	0.01670	0.02624	0.01431	0.02385	0.01431	0.01908	0.03578	0.00477	0.59685	0.00954	0.00477	0.01193
61	0.04145	0.03054	0.03272	0.02509	0.03381	0.03381	0.02072	0.51243	0.05127	0.06872	0.02618	0.02618	0.01854	0.01309	0.01091	0.00327	0.01200	0.00982	0.01091	0.01854
62	0.27390	0.01790	0.02020	0.01742	0.02254	0.01945	0.01396	0.03372	0.02132	0.18846	0.02520	0.02878	0.01909	0.02319	0.07159	0.10906	0.06473	0.00883	0.00814	0.01251
63	0.02261	0.01938	0.02261	0.01615	0.02584	0.01453	0.01292	0.02745	0.02261	0.03553	0.01938	0.02261	0.01615	0.00807	0.00807	0.00161	0.00807	0.00646	0.00646	0.68346
64	0.02620	0.02421	0.03125	0.02642	0.03171	0.02863	0.07534	0.04791	0.35186	0.03987	0.03481	0.03547	0.02694	0.01515	0.01705	0.00395	0.14680	0.01174	0.00898	0.01572
65	0.01449	0.01111	0.01327	0.01273	0.01571	0.00989	0.00954	0.01875	0.02863	0.03843	0.38258	0.09016	0.26664	0.02427	0.01287	0.00352	0.00528	0.02094	0.01131	0.00989
66	0.02519	0.01734	0.02499	0.19059	0.07387	0.01857	0.01991	0.07545	0.02587	0.11320	0.03684	0.16476	0.03542	0.07337	0.01596	0.00445	0.01090	0.05209	0.00850	0.01273
67	0.02385	0.02385	0.03340	0.02863	0.02863	0.03340	0.02385	0.02624	0.01670	0.02624	0.01431	0.02385	0.01431	0.01908	0.03578	0.00477	0.59685	0.00954	0.00477	0.01193
68	0.02082	0.01758	0.02376	0.02129	0.02215	0.02289	0.01707	0.02378	0.01797	0.02837	0.02324	0.03538	0.02190	0.08836	0.13407	0.00732	0.31669	0.01069	0.13602	0.01065
69	0.02180	0.02062	0.03489	0.49144	0.16479	0.02454	0.03088	0.02892	0.02238	0.02933	0.01959	0.02868	0.01505	0.01068	0.01088	0.00356	0.01424	0.00969	0.00495	0.01309
70	0.04073	0.05197	0.03090	0.02809	0.03371	0.57303	0.02107	0.04354	0.03090	0.02669	0.01685	0.01966	0.01404	0.01124	0.00983	0.00281	0.01966	0.00702	0.00562	0.01264
71	0.03520	0.04242	0.03071	0.14723	0.04202	0.40630	0.02268	0.04152	0.07456	0.02867	0.01991	0.02359	0.01591	0.01149	0.01017	0.00307	0.01756	0.00808	0.00595	0.01295
72	0.02680	0.25811	0.27969	0.02732	0.03977	0.03286	0.07340	0.08077	0.02572	0.03468	0.01884	0.02190	0.01459	0.01014	0.00942	0.00305	0.01429	0.00786	0.00533	0.01545
73	0.09012	0.02064	0.02296	0.01685	0.02616	0.01740	0.01358	0.07549	0.02503	0.04010	0.01964	0.02248	0.01596	0.00877	0.00822	0.00195	0.00850	0.00673	0.00692	0.55252
74	0.69383	0.02109	0.01603	0.01434	0.02109	0.02446	0.01181	0.03205	0.01856	0.04892	0.01518	0.01771	0.01181	0.01012	0.00675	0.00337	0.00843	0.00590	0.00675	0.01181
75	0.02017	0.01905	0.05724	0.07409	0.02809	0.01815	0.01657	0.03437	0.19107	0.04215	0.29396	0.05907	0.06552	0.01792	0.01192	0.00354	0.00795	0.01554	0.01050	0.01313
76	0.01532	0.01109	0.01489	0.01720	0.01899	0.01067	0.01356	0.01879	0.02324	0.03028	0.06316	0.33295	0.10702	0.03167	0.01438	0.00465	0.00805	0.24456	0.01008	0.00946
77	0.02158	0.02385	0.08241	0.07200	0.12485	0.02067	0.17986	0.02902	0.02695	0.03772	0.20897	0.04718	0.04739	0.01420	0.01218	0.00349	0.01227	0.01420	0.00771	0.01349
78	0.02232	0.01702	0.02392	0.02715	0.13852	0.01510	0.01665	0.02673	0.02446	0.07806	0.10262	0.18972	0.04389	0.01777	0.01113	0.00312	0.00840	0.01590	0.00853	0.20899
79	0.57676	0.02235	0.01700	0.01540	0.02139	0.06569	0.01230	0.03119	0.01909	0.04425	0.01568	0.01938	0.01268	0.01293	0.01051	0.06999	0.00941	0.00634	0.00646	0.01118

[dist]
# distance from previous block
# <min> <max>
0	7

[block]
# block no. 4 follows, 12 sequences, length 53
# corresponding to MSA columns:
# 341-393
name=unknown_E
#
# <colnr> <probs for GDERKNQSTAVLIFYWHMCP>
#	G	D	E	R	K	N	Q	S	T	A	V	L	I	F	Y	W	H	M	C	P
0	0.02105	0.02355	0.09400	0.02854	0.03576	0.01926	0.16952	0.02949	0.05645	0.03404	0.03907	0.12607	0.03881	0.01933	0.01296	0.00403	0.01263	0.16581	0.00785	0.06179
1	0.02712	0.02342	0.02465	0.02219	0.02835	0.02712	0.01726	0.05794	0.52909	0.04561	0.04438	0.04068	0.03328	0.01479	0.01109	0.00370	0.00863	0.01233	0.01109	0.01726
2	0.01586	0.01057	0.01189	0.01189	0.01189	0.01057	0.00661	0.01586	0.01586	0.02114	0.03436	0.07135	0.03964	0.61681	0.05550	0.01057	0.01057	0.01586	0.00661	0.00661
3	0.02712	0.02342	0.02465	0.02219	0.02835	0.02712	0.01726	0.05794	0.52909	0.04561	0.04438	0.04068	0.03328	0.01479	0.01109	0.00370	0.00863	0.01233	0.01109	0.01726
4	0.01289	0.01105	0.01105	0.01105	0.01473	0.00920	0.00828	0.01565	0.02485	0.02946	0.11046	0.10493	0.54437	0.02761	0.01289	0.00368	0.00552	0.02301	0.01013	0.00920
5	0.02187	0.05640	0.56031	0.03108	0.04719	0.02532	0.04029	0.03453	0.02302	0.03453	0.01957	0.02302	0.01381	0.01036	0.01036	0.00345	0.01611	0.00806	0.00460	0.01611
6	0.02261	0.01938	0.02261	0.01615	0.02584	0.01453	0.01292	0.02745	0.02261	0.03553	0.01938	0.02261	0.01615	0.00807	0.00807	0.00161	0.00807	0.00646	0.00646	0.68346
7	0.01757	0.01255	0.01757	0.02008	0.02259	0.01255	0.01757	0.02259	0.02510	0.03263	0.05773	0.12299	0.06275	0.03012	0.01506	0.00502	0.01004	0.47540	0.01004	0.01004
8	0.01365	0.00984	0.01235	0.01419	0.01507	0.00917	0.00935	0.01534	0.02053	0.02695	0.06174	0.46648	0.12076	0.12615	0.02042	0.00532	0.00691	0.02768	0.00956	0.00854
9	0.02477	0.02096	0.02263	0.02049	0.02593	0.02374	0.01586	0.05043	0.42898	0.04523	0.14458	0.04887	0.04727	0.01630	0.01145	0.00364	0.00793	0.01381	0.01128	0.01586
10	0.02043	0.02094	0.07760	0.02421	0.03120	0.01654	0.15844	0.02598	0.02501	0.07410	0.06516	0.12774	0.24606	0.02027	0.01261	0.00372	0.01064	0.01863	0.00855	0.01216
11	0.69383	0.02109	0.01603	0.01434	0.02109	0.02446	0.01181	0.03205	0.01856	0.04892	0.01518	0.01771	0.01181	0.01012	0.00675	0.00337	0.00843	0.00590	0.00675	0.01181
12	0.15750	0.07809	0.03066	0.18844	0.04228	0.02917	0.02119	0.17493	0.09615	0.04599	0.02345	0.02652	0.01759	0.01176	0.00978	0.00337	0.01159	0.00900	0.00779	0.01478
13	0.02626	0.02046	0.02260	0.01901	0.02607	0.02062	0.01494	0.04434	0.28754	0.08768	0.04494	0.04273	0.08626	0.01430	0.01046	0.00310	0.00818	0.01181	0.00994	0.19877
14	0.08345	0.02871	0.09634	0.15609	0.19435	0.06405	0.06536	0.03615	0.02497	0.11350	0.02301	0.02741	0.01705	0.01072	0.01056	0.00338	0.01363	0.00945	0.00656	0.01528
15	0.02689	0.23338	0.16624	0.01974	0.02846	0.02590	0.02073	0.03234	0.02283	0.09104	0.02390	0.02719	0.01869	0.01332	0.01164	0.06426	0.01098	0.00818	0.14084	0.01344
16	0.02308	0.09381	0.09777	0.25488	0.20776	0.02585	0.02937	0.02994	0.02315	0.03089	0.02636	0.03233	0.05651	0.01160	0.01052	0.00335	0.01320	0.01011	0.00538	0.01415
17	0.01874	0.01436	0.01864	0.01914	0.02225	0.01549	0.01569	0.02868	0.12514	0.03468	0.10346	0.08161	0.05253	0.03909	0.15394	0.00770	0.01400	0.21400	0.00942	0.01144
18	0.01894	0.00947	0.01420	0.01420	0.01420	0.00947	0.00947	0.01420	0.01420	0.01894	0.01894	0.03314	0.01894	0.03788	0.04261	0.68277	0.00947	0.00947	0.00473	0.00473
19	0.03186	0.02275	0.03704	0.14597	0.32296	0.02291	0.02813	0.03786	0.02604	0.17676	0.02647	0.03012	0.01945	0.01096	0.01086	0.00334	0.01223	0.01005	0.00752	0.01672
20	0.02915	0.62337	0.05714	0.01866	0.02799	0.04314	0.01866	0.03265	0.02215	0.02565	0.01516	0.01749	0.01399	0.00933	0.00700	0.00233	0.01166	0.00583	0.00466	0.01399
21	0.44893	0.02643	0.02831	0.02580	0.07447	0.08763	0.09848	0.03397	0.02172	0.04287	0.01699	0.02071	0.01334	0.01006	0.00848	0.00335	0.01178	0.00754	0.00629	0.01287
22	0.01894	0.00947	0.01420	0.01420	0.01420	0.00947	0.00947	0.01420	0.01420	0.01894	0.01894	0.03314	0.01894	0.03788	0.04261	0.68277	0.00947	0.00947	0.00473	0.00473
23	0.02712	0.02342	0.02465	0.02219	0.02835	0.02712	0.01726	0.05794	0.52909	0.04561	0.04438	0.04068	0.03328	0.01479	0.01109	0.00370	0.00863	0.01233	0.01109	0.01726
24	0.03761	0.01890	0.02373	0.01893	0.02572	0.01807	0.01533	0.13947	0.03529	0.30528	0.18517	0.04775	0.04734	0.01597	0.01151	0.00337	0.00864	0.01328	0.01252	0.01614
25	0.01911	0.01187	0.01566	0.01448	0.01758	0.01084	0.01093	0.02391	0.03017	0.10125	0.45043	0.11505	0.09194	0.02215	0.01272	0.00350	0.00570	0.01954	0.01204	0.01113
26	0.02962	0.02286	0.02473	0.02187	0.02829	0.02585	0.01712	0.05739	0.47209	0.10409	0.04422	0.04027	0.03256	0.01464	0.01108	0.00366	0.00870	0.01217	0.01137	0.01741
27	0.03924	0.02517	0.07650	0.03103	0.13670	0.02190	0.02235	0.10052	0.07698	0.30206	0.03457	0.03289	0.02347	0.01252	0.01088	0.00337	0.01088	0.01045	0.01055	0.01796
28	0.02915	0.62337	0.05714	0.01866	0.02799	0.04314	0.01866	0.03265	0.02215	0.02565	0.01516	0.01749	0.01399	0.00933	0.00700	0.00233	0.01166	0.00583	0.00466	0.01399
29	0.61710	0.02089	0.01793	0.08001	0.02724	0.02443	0.01391	0.03157	0.01893	0.04652	0.01566	0.01901	0.01212	0.01021	0.00722	0.00340	0.00913	0.00634	0.00653	0.01184
30	0.28613	0.02533	0.03030	0.03535	0.20592	0.02752	0.02169	0.16400	0.02966	0.04977	0.02002	0.02322	0.01553	0.01079	0.00928	0.00330	0.01096	0.00828	0.00742	0.01553
31	0.01589	0.01038	0.01500	0.06685	0.02062	0.01046	0.01172	0.01599	0.01867	0.02478	0.04227	0.35908	0.04864	0.03334	0.02351	0.23748	0.00815	0.02167	0.00779	0.00773
32	0.03408	0.02311	0.02540	0.02117	0.02803	0.02522	0.01694	0.18243	0.25205	0.13749	0.03798	0.03596	0.02743	0.01385	0.01062	0.00339	0.00929	0.01114	0.08737	0.01703
33	0.04892	0.01856	0.02530	0.01940	0.02783	0.01603	0.01603	0.05314	0.03121	0.55634	0.04302	0.03711	0.02699	0.01350	0.01096	0.00337	0.00928	0.01096	0.01350	0.01856
34	0.02574	0.02941	0.06434	0.04596	0.05699	0.02757	0.50919	0.03493	0.02574	0.03493	0.02206	0.02941	0.01654	0.00919	0.01287	0.00368	0.01838	0.01287	0.00551	0.01471
35	0.02061	0.01631	0.07657	0.01554	0.01904	0.01292	0.01313	0.02369	0.01973	0.06753	0.03025	0.04384	0.02709	0.15225	0.12448	0.11529	0.01277	0.01130	0.18785	0.00979
36	0.02187	0.05640	0.56031	0.03108	0.04719	0.02532	0.04029	0.03453	0.02302	0.03453	0.01957	0.02302	0.01381	0.01036	0.01036	0.00345	0.01611	0.00806	0.00460	0.01611
37	0.02385	0.02385	0.03340	0.02863	0.02863	0.03340	0.02385	0.02624	0.01670	0.02624	0.01431	0.02385	0.01431	0.01908	0.03578	0.00477	0.59685	0.00954	0.00477	0.01193
38	0.02843	0.02407	0.02539	0.02245	0.02885	0.02773	0.01758	0.09947	0.48543	0.04772	0.04272	0.03936	0.03194	0.01464	0.01108	0.00366	0.00894	0.01210	0.01108	0.01738
39	0.01341	0.01013	0.01240	0.01381	0.01555	0.00912	0.00961	0.01594	0.02318	0.03013	0.13006	0.40217	0.21321	0.03089	0.01350	0.00410	0.00596	0.02738	0.01034	0.00912
40	0.01450	0.01099	0.01477	0.01624	0.01704	0.01126	0.01140	0.01681	0.02164	0.02951	0.11120	0.49569	0.07036	0.03142	0.01579	0.00435	0.06015	0.02775	0.00985	0.00930
41	0.01382	0.01108	0.01234	0.01203	0.01530	0.00960	0.00902	0.01746	0.02706	0.03470	0.26956	0.09630	0.38199	0.02566	0.01288	0.00359	0.00538	0.02180	0.01082	0.00960
42	0.02712	0.02342	0.02465	0.02219	0.02835	0.02712	0.01726	0.05794	0.52909	0.04561	0.04438	0.04068	0.03328	0.01479	0.01109	0.00370	0.00863	0.01233	0.01109	0.01726
43	0.02475	0.21692	0.26836	0.02908	0.08323	0.03050	0.02932	0.03250	0.02231	0.03131	0.01784	0.02177	0.01443	0.01059	0.01152	0.00306	0.06686	0.00754	0.00487	0.07325
44	0.07821	0.18710	0.08265	0.02220	0.03031	0.07582	0.01991	0.08152	0.23429	0.03985	0.02863	0.02844	0.02214	0.01219	0.00951	0.00319	0.01126	0.00913	0.00803	0.01562
45	0.69383	0.02109	0.01603	0.01434	0.02109	0.02446	0.01181	0.03205	0.01856	0.04892	0.01518	0.01771	0.01181	0.01012	0.00675	0.00337	0.00843	0.00590	0.00675	0.01181
