[name]
unknown

[dist]
# distance from previous block
# <min> <max>
4	124

[block]
# block no. 0 follows, 12 sequences, length 32
# corresponding to MSA columns:
# 171-202
name=unknown_A
#
# <colnr> <probs for GDERKNQSTAVLIFYWHMCP>
#	G	D	E	R	K	N	Q	S	T	A	V	L	I	F	Y	W	H	M	C	P
0	0.07541	0.15528	0.16347	0.02209	0.03083	0.02745	0.02240	0.09539	0.02704	0.07233	0.06927	0.03575	0.07651	0.01418	0.01229	0.00333	0.06491	0.01042	0.00735	0.01431
1	0.02901	0.03064	0.08959	0.03123	0.07656	0.07709	0.09882	0.14616	0.07397	0.04314	0.09286	0.03417	0.02927	0.01384	0.01424	0.00354	0.08151	0.01135	0.00793	0.01506
2	0.02117	0.07707	0.02382	0.01989	0.02239	0.01901	0.01616	0.02428	0.02202	0.07307	0.04388	0.26098	0.04797	0.02573	0.01781	0.00434	0.13176	0.12882	0.00871	0.01113
3	0.02968	0.29770	0.14272	0.02372	0.03366	0.03262	0.05929	0.09782	0.02715	0.07833	0.02358	0.06527	0.02007	0.01217	0.00943	0.00301	0.01246	0.00957	0.00669	0.01506
4	0.02699	0.21818	0.13460	0.02046	0.03087	0.02670	0.02044	0.03479	0.06159	0.07461	0.02186	0.02359	0.01719	0.00984	0.00862	0.00249	0.01086	0.00736	0.00646	0.24251
5	0.03448	0.07803	0.02460	0.01733	0.02376	0.01689	0.01430	0.03868	0.02866	0.31235	0.14900	0.05022	0.08290	0.02121	0.05372	0.00437	0.00987	0.01328	0.01143	0.01494
6	0.02485	0.07140	0.08974	0.03242	0.04167	0.02335	0.27286	0.03221	0.02611	0.07841	0.08845	0.04408	0.09651	0.01347	0.01205	0.00351	0.01383	0.01383	0.00733	0.01390
7	0.03044	0.02076	0.03341	0.29398	0.17886	0.02225	0.02691	0.03663	0.02530	0.18399	0.02656	0.03090	0.01885	0.01136	0.01089	0.00346	0.01261	0.01007	0.00751	0.01527
8	0.02891	0.02968	0.07575	0.11230	0.03711	0.12597	0.02178	0.16993	0.03230	0.04055	0.03183	0.14541	0.03051	0.01758	0.01157	0.00362	0.01296	0.05042	0.00817	0.01366
9	0.02059	0.01938	0.03270	0.59060	0.07510	0.02422	0.03028	0.02786	0.02180	0.02786	0.01938	0.02907	0.01453	0.01090	0.01090	0.00363	0.01453	0.00969	0.00484	0.01211
10	0.01561	0.01224	0.01427	0.01356	0.01685	0.01145	0.01023	0.02228	0.07441	0.03891	0.34629	0.08591	0.25068	0.02346	0.01271	0.00354	0.00560	0.02019	0.01126	0.01055
11	0.01562	0.01151	0.01664	0.01664	0.01829	0.01315	0.01253	0.01891	0.01726	0.02466	0.03001	0.04729	0.02919	0.16542	0.49260	0.01644	0.02629	0.01233	0.00596	0.00925
12	0.02383	0.02429	0.04166	0.17290	0.10004	0.02903	0.14108	0.02943	0.02091	0.02965	0.01801	0.02675	0.01520	0.01380	0.02177	0.00408	0.25900	0.01038	0.00503	0.01318
13	0.01561	0.01153	0.01677	0.01677	0.01846	0.01322	0.01269	0.01899	0.01730	0.02475	0.02989	0.04665	0.02892	0.15337	0.50427	0.01659	0.02671	0.01224	0.00594	0.00932
14	0.01558	0.01168	0.01752	0.01752	0.01947	0.01363	0.01363	0.01947	0.01752	0.02531	0.02921	0.04283	0.02726	0.08178	0.57360	0.01752	0.02921	0.01168	0.00584	0.00974
15	0.01393	0.01015	0.01319	0.01485	0.01625	0.00940	0.01048	0.01673	0.02339	0.03128	0.15498	0.43215	0.12062	0.03107	0.01370	0.00421	0.00628	0.05764	0.01047	0.00923
16	0.02261	0.01938	0.02261	0.01615	0.02584	0.01453	0.01292	0.02745	0.02261	0.03553	0.01938	0.02261	0.01615	0.00807	0.00807	0.00161	0.00807	0.00646	0.00646	0.68346
17	0.01486	0.01112	0.01378	0.01311	0.01594	0.01004	0.00984	0.01946	0.02951	0.04050	0.44543	0.08675	0.20250	0.02349	0.01287	0.00349	0.00523	0.02046	0.01158	0.01004
18	0.01534	0.01111	0.01547	0.01581	0.01710	0.01223	0.01142	0.01800	0.01756	0.02461	0.03462	0.12577	0.03633	0.20818	0.37013	0.01405	0.02152	0.01530	0.00660	0.00884
19	0.01717	0.01877	0.11513	0.01645	0.01957	0.01285	0.01402	0.01893	0.01767	0.02428	0.03268	0.13997	0.03594	0.29957	0.03799	0.13792	0.01073	0.01556	0.00643	0.00838
20	0.01971	0.01958	0.11892	0.09450	0.02853	0.01441	0.01802	0.01984	0.01687	0.02305	0.01912	0.03070	0.01739	0.02912	0.03233	0.46470	0.01139	0.00923	0.00473	0.00785
21	0.01843	0.01188	0.01376	0.01309	0.01598	0.01178	0.00987	0.02590	0.07335	0.04268	0.29718	0.06162	0.06695	0.01782	0.01063	0.00310	0.00544	0.01527	0.27437	0.01088
22	0.02358	0.02229	0.11077	0.02159	0.02793	0.01672	0.05915	0.06494	0.02774	0.09918	0.13383	0.14397	0.04952	0.01967	0.01212	0.00374	0.00989	0.07745	0.06297	0.01294
23	0.03333	0.07636	0.03880	0.07410	0.03844	0.02195	0.16460	0.03867	0.02589	0.23488	0.03102	0.03690	0.02330	0.09233	0.01713	0.00435	0.01285	0.01161	0.00864	0.01484
24	0.02229	0.02328	0.04650	0.22984	0.05773	0.02391	0.27709	0.02984	0.02373	0.03154	0.02622	0.10695	0.02329	0.01312	0.01233	0.00376	0.01544	0.01420	0.00590	0.01303
25	0.01355	0.01002	0.01275	0.01481	0.01616	0.00922	0.01038	0.01586	0.02194	0.02851	0.06915	0.47818	0.15800	0.03264	0.01382	0.00434	0.00648	0.06506	0.01012	0.00901
26	0.02400	0.07119	0.25183	0.17446	0.04944	0.02395	0.07061	0.03265	0.02343	0.07960	0.02533	0.07983	0.02079	0.01281	0.01089	0.00353	0.01410	0.01112	0.00607	0.01439
27	0.03420	0.02846	0.10964	0.03024	0.04005	0.02349	0.17405	0.11747	0.03117	0.19986	0.03183	0.03829	0.02361	0.01307	0.01181	0.00360	0.01354	0.05022	0.00910	0.01631
28	0.02385	0.02385	0.03340	0.02863	0.02863	0.03340	0.02385	0.02624	0.01670	0.02624	0.01431	0.02385	0.01431	0.01908	0.03578	0.00477	0.59685	0.00954	0.00477	0.01193
29	0.02095	0.01855	0.03027	0.40804	0.12669	0.02173	0.02655	0.02769	0.02315	0.03167	0.06917	0.03478	0.02437	0.01197	0.01073	0.00345	0.01249	0.01066	0.07467	0.01244
30	0.07883	0.13282	0.03786	0.07959	0.14257	0.02697	0.06055	0.06870	0.06841	0.11948	0.02753	0.06304	0.02229	0.01247	0.01023	0.00328	0.01154	0.01069	0.00774	0.01541
31	0.03395	0.02340	0.03728	0.09638	0.19234	0.02338	0.08887	0.06859	0.07446	0.20277	0.03025	0.03195	0.02152	0.01162	0.01117	0.00342	0.01222	0.01078	0.00876	0.01688

[dist]
# distance from previous block
# <min> <max>
0	27

[block]
# block no. 1 follows, 12 sequences, length 29
# corresponding to MSA columns:
# 230-258
name=unknown_B
#
# <colnr> <probs for GDERKNQSTAVLIFYWHMCP>
#	G	D	E	R	K	N	Q	S	T	A	V	L	I	F	Y	W	H	M	C	P
0	0.13779	0.02122	0.02163	0.01885	0.02427	0.06068	0.01494	0.06418	0.10852	0.08093	0.07545	0.04094	0.07668	0.02361	0.08405	0.00516	0.04942	0.01141	0.00865	0.07161
1	0.06862	0.06206	0.03395	0.08536	0.07406	0.06565	0.09558	0.06558	0.02562	0.03697	0.02095	0.02552	0.01667	0.00985	0.00948	0.00271	0.01192	0.00855	0.06018	0.22074
2	0.07395	0.02414	0.03533	0.04092	0.24037	0.02437	0.06875	0.03893	0.15679	0.03912	0.02636	0.02942	0.02084	0.01076	0.01032	0.00314	0.01118	0.00988	0.00718	0.12824
3	0.02993	0.01915	0.02336	0.01705	0.02639	0.01495	0.01378	0.03460	0.02500	0.18049	0.02596	0.02665	0.01917	0.00958	0.00888	0.00210	0.00841	0.00771	0.00842	0.49839
4	0.01447	0.01033	0.01401	0.01653	0.01768	0.00987	0.01218	0.01722	0.02204	0.02916	0.05944	0.47549	0.06953	0.03305	0.01423	0.00459	0.00735	0.15354	0.01010	0.00918
5	0.01529	0.01106	0.01395	0.01327	0.01560	0.01024	0.00966	0.01958	0.02847	0.03971	0.44388	0.08199	0.12936	0.09898	0.01833	0.00437	0.00587	0.01948	0.01116	0.00973
6	0.01398	0.01044	0.01300	0.01373	0.01575	0.00946	0.00977	0.01725	0.02540	0.03399	0.24750	0.30491	0.18814	0.02838	0.01330	0.00390	0.00572	0.02511	0.01081	0.00946
7	0.69383	0.02109	0.01603	0.01434	0.02109	0.02446	0.01181	0.03205	0.01856	0.04892	0.01518	0.01771	0.01181	0.01012	0.00675	0.00337	0.00843	0.00590	0.00675	0.01181
8	0.01389	0.01095	0.01262	0.01311	0.01595	0.00967	0.00986	0.01719	0.02540	0.03230	0.18247	0.18655	0.33302	0.02789	0.01326	0.00388	0.00601	0.06605	0.01049	0.00944
9	0.03747	0.03375	0.10337	0.02781	0.03770	0.03214	0.06897	0.40642	0.04525	0.06117	0.02494	0.02608	0.01775	0.01237	0.01102	0.00333	0.01312	0.00988	0.00959	0.01787
10	0.04892	0.01856	0.02530	0.01940	0.02783	0.01603	0.01603	0.05314	0.03121	0.55634	0.04302	0.03711	0.02699	0.01350	0.01096	0.00337	0.00928	0.01096	0.01350	0.01856
11	0.02261	0.01938	0.02261	0.01615	0.02584	0.01453	0.01292	0.02745	0.02261	0.03553	0.01938	0.02261	0.01615	0.00807	0.00807	0.00161	0.00807	0.00646	0.00646	0.68346
12	0.02574	0.02941	0.06434	0.04596	0.05699	0.02757	0.50919	0.03493	0.02574	0.03493	0.02206	0.02941	0.01654	0.00919	0.01287	0.00368	0.01838	0.01287	0.00551	0.01471
13	0.69383	0.02109	0.01603	0.01434	0.02109	0.02446	0.01181	0.03205	0.01856	0.04892	0.01518	0.01771	0.01181	0.01012	0.00675	0.00337	0.00843	0.00590	0.00675	0.01181
14	0.01942	0.01008	0.01048	0.01081	0.01310	0.01000	0.00794	0.02409	0.02261	0.03901	0.03872	0.11366	0.03361	0.01546	0.00843	0.00278	0.00524	0.01284	0.59174	0.01000
15	0.69383	0.02109	0.01603	0.01434	0.02109	0.02446	0.01181	0.03205	0.01856	0.04892	0.01518	0.01771	0.01181	0.01012	0.00675	0.00337	0.00843	0.00590	0.00675	0.01181
16	0.02699	0.02591	0.04426	0.06693	0.54879	0.02591	0.03346	0.03346	0.02483	0.03562	0.02051	0.02699	0.01727	0.00972	0.01079	0.00324	0.01295	0.00972	0.00540	0.01727
17	0.02896	0.02434	0.02569	0.02256	0.02905	0.02798	0.01770	0.11625	0.46779	0.04858	0.04204	0.03882	0.03139	0.01457	0.01107	0.00364	0.00906	0.01201	0.01107	0.01742
18	0.02712	0.02342	0.02465	0.02219	0.02835	0.02712	0.01726	0.05794	0.52909	0.04561	0.04438	0.04068	0.03328	0.01479	0.01109	0.00370	0.00863	0.01233	0.01109	0.01726
19	0.01344	0.00975	0.01270	0.01475	0.01578	0.00901	0.01000	0.01569	0.02204	0.02934	0.10584	0.52679	0.10931	0.03265	0.01375	0.00429	0.00616	0.02943	0.01029	0.00901
20	0.01840	0.01344	0.01597	0.01491	0.01819	0.01359	0.01130	0.02860	0.12813	0.04368	0.37619	0.06790	0.07904	0.01952	0.01181	0.00336	0.00582	0.01697	0.10153	0.01165
21	0.02711	0.16962	0.25553	0.13730	0.04572	0.02905	0.02986	0.07592	0.02571	0.07619	0.02101	0.02440	0.01547	0.01073	0.00982	0.00322	0.01391	0.00827	0.00593	0.01526
22	0.02261	0.02252	0.04094	0.03157	0.03906	0.02199	0.25838	0.03416	0.11717	0.03723	0.10491	0.05491	0.08486	0.01578	0.01278	0.00379	0.01285	0.06263	0.00826	0.01360
23	0.01321	0.00980	0.01233	0.01437	0.01560	0.00893	0.00976	0.01527	0.02166	0.02815	0.07004	0.51006	0.16533	0.03287	0.01371	0.00428	0.00617	0.02942	0.01012	0.00893
24	0.02148	0.03375	0.23100	0.02935	0.03947	0.02178	0.15373	0.03255	0.06667	0.03814	0.17114	0.04275	0.04144	0.01380	0.01179	0.00353	0.01299	0.01299	0.00747	0.01418
25	0.02796	0.13952	0.03556	0.12464	0.08201	0.02602	0.05178	0.06959	0.09063	0.10030	0.03165	0.11686	0.02778	0.01488	0.01074	0.00342	0.01123	0.01287	0.00803	0.01454
26	0.01413	0.01009	0.01362	0.01615	0.01715	0.00959	0.01159	0.01664	0.02171	0.02878	0.05963	0.51363	0.07027	0.03336	0.01414	0.00454	0.00706	0.11871	0.01011	0.00909
27	0.01452	0.01047	0.01217	0.01270	0.01394	0.00982	0.00823	0.01613	0.02064	0.02698	0.11039	0.21222	0.16616	0.28110	0.03139	0.00679	0.00784	0.02157	0.00881	0.00812
28	0.03095	0.15688	0.12008	0.08648	0.08545	0.10235	0.02442	0.04090	0.10495	0.10663	0.02558	0.02719	0.01922	0.01140	0.00988	0.00316	0.01306	0.00886	0.00714	0.01542

[dist]
# distance from previous block
# <min> <max>
0	18

[block]
# block no. 2 follows, 12 sequences, length 21
# corresponding to MSA columns:
# 277-297
name=unknown_C
#
# <colnr> <probs for GDERKNQSTAVLIFYWHMCP>
#	G	D	E	R	K	N	Q	S	T	A	V	L	I	F	Y	W	H	M	C	P
0	0.02784	0.02684	0.02881	0.21245	0.04500	0.11422	0.02199	0.08133	0.17352	0.03735	0.02683	0.02985	0.02046	0.01193	0.01043	0.00323	0.01263	0.00963	0.00752	0.09814
1	0.04770	0.02051	0.02651	0.02033	0.02881	0.01893	0.01679	0.12806	0.03448	0.47680	0.04027	0.03533	0.02561	0.01343	0.01096	0.00336	0.00972	0.01078	0.01307	0.01855
2	0.04031	0.01665	0.02255	0.01794	0.02487	0.01455	0.01455	0.04477	0.03112	0.42462	0.17151	0.04850	0.04649	0.01576	0.01145	0.00339	0.00822	0.01321	0.01311	0.01643
3	0.03459	0.02608	0.02829	0.02270	0.02996	0.02875	0.01839	0.34924	0.13516	0.06042	0.11381	0.03784	0.03499	0.01490	0.01126	0.00338	0.01027	0.01189	0.01112	0.01696
4	0.01424	0.01059	0.01326	0.01367	0.01583	0.00961	0.00984	0.01786	0.02644	0.03577	0.30155	0.25769	0.17918	0.02719	0.01321	0.00380	0.00560	0.02403	0.01102	0.00961
5	0.04145	0.03054	0.03272	0.02509	0.03381	0.03381	0.02072	0.51243	0.05127	0.06872	0.02618	0.02618	0.01854	0.01309	0.01091	0.00327	0.01200	0.00982	0.01091	0.01854
6	0.01337	0.01093	0.01189	0.01252	0.01560	0.00944	0.00941	0.01619	0.02423	0.02947	0.09757	0.18887	0.42461	0.02890	0.01325	0.00392	0.00605	0.06444	0.01012	0.00922
7	0.02915	0.62337	0.05714	0.01866	0.02799	0.04314	0.01866	0.03265	0.02215	0.02565	0.01516	0.01749	0.01399	0.00933	0.00700	0.00233	0.01166	0.00583	0.00466	0.01399
8	0.02915	0.62337	0.05714	0.01866	0.02799	0.04314	0.01866	0.03265	0.02215	0.02565	0.01516	0.01749	0.01399	0.00933	0.00700	0.00233	0.01166	0.00583	0.00466	0.01399
9	0.01538	0.01048	0.01239	0.01269	0.01315	0.01025	0.00770	0.01641	0.01879	0.02542	0.11033	0.16059	0.05386	0.43788	0.04270	0.00856	0.00911	0.01887	0.00794	0.00749
10	0.01558	0.01168	0.01752	0.01752	0.01947	0.01363	0.01363	0.01947	0.01752	0.02531	0.02921	0.04283	0.02726	0.08178	0.57360	0.01752	0.02921	0.01168	0.00584	0.00974
11	0.01443	0.01105	0.01490	0.01664	0.01720	0.01152	0.01161	0.01638	0.02042	0.02766	0.05514	0.54621	0.06585	0.03253	0.01629	0.00447	0.07031	0.02867	0.00954	0.00919
12	0.02843	0.02231	0.02438	0.02094	0.02789	0.02403	0.01643	0.05252	0.39975	0.09190	0.04017	0.03740	0.02990	0.01358	0.01059	0.00333	0.00860	0.01124	0.01056	0.12605
13	0.11646	0.01687	0.02314	0.14880	0.03380	0.02013	0.01824	0.02678	0.01964	0.07617	0.02463	0.03504	0.02129	0.07592	0.21282	0.00902	0.09313	0.01034	0.00633	0.01143
14	0.03223	0.03453	0.21896	0.03166	0.07138	0.02285	0.12194	0.04230	0.06105	0.20794	0.02956	0.03038	0.02024	0.01143	0.01113	0.00347	0.01360	0.01035	0.00821	0.01679
15	0.15839	0.24115	0.19982	0.02342	0.03434	0.03066	0.05535	0.03507	0.02275	0.08057	0.01942	0.02173	0.01483	0.01016	0.00870	0.00306	0.01261	0.00743	0.00589	0.01466
16	0.02574	0.02941	0.06434	0.04596	0.05699	0.02757	0.50919	0.03493	0.02574	0.03493	0.02206	0.02941	0.01654	0.00919	0.01287	0.00368	0.01838	0.01287	0.00551	0.01471
17	0.03055	0.07027	0.08464	0.03564	0.07773	0.05938	0.22834	0.04146	0.10113	0.11801	0.02762	0.03027	0.02021	0.01096	0.01140	0.00344	0.01457	0.01109	0.00748	0.01580
18	0.03889	0.16302	0.08176	0.02216	0.03147	0.02467	0.05067	0.04595	0.06445	0.31695	0.03327	0.03110	0.02262	0.01207	0.01013	0.00318	0.01097	0.00974	0.00998	0.01694
19	0.01370	0.00981	0.01303	0.01490	0.01591	0.00914	0.01015	0.01624	0.02283	0.03094	0.15450	0.50644	0.07813	0.03184	0.01371	0.00423	0.00609	0.02879	0.01049	0.00914
20	0.21383	0.02050	0.02372	0.01872	0.02675	0.02012	0.01545	0.09749	0.03013	0.37311	0.03404	0.03094	0.02217	0.01258	0.00987	0.00336	0.00936	0.00954	0.01148	0.01682

[dist]
# distance from previous block
# <min> <max>
0	1

[block]
# block no. 3 follows, 12 sequences, length 32
# corresponding to MSA columns:
# 299-330
name=unknown_D
#
# <colnr> <probs for GDERKNQSTAVLIFYWHMCP>
#	G	D	E	R	K	N	Q	S	T	A	V	L	I	F	Y	W	H	M	C	P
0	0.03187	0.03206	0.16420	0.03275	0.14011	0.06929	0.02575	0.04014	0.06020	0.18405	0.03186	0.08569	0.02530	0.01381	0.01097	0.00344	0.01235	0.01166	0.00838	0.01612
1	0.03716	0.07970	0.08523	0.07371	0.14035	0.02376	0.02371	0.08848	0.02954	0.26381	0.03019	0.03023	0.02079	0.01181	0.01050	0.00327	0.01157	0.00975	0.00927	0.01716
2	0.03397	0.04070	0.03190	0.02830	0.03167	0.35680	0.02218	0.03661	0.02521	0.02651	0.01584	0.02134	0.01415	0.01438	0.02023	0.00360	0.25094	0.00803	0.00528	0.01235
3	0.02675	0.02247	0.02366	0.01760	0.02678	0.06884	0.01399	0.03134	0.02419	0.08181	0.02127	0.02364	0.01693	0.00887	0.00851	0.00189	0.00931	0.00692	0.00701	0.55822
4	0.34736	0.07089	0.07568	0.01957	0.02668	0.02743	0.01755	0.03852	0.15107	0.04292	0.02308	0.02469	0.01794	0.01208	0.01078	0.00351	0.06103	0.00809	0.00733	0.01381
5	0.04073	0.05197	0.03090	0.02809	0.03371	0.57303	0.02107	0.04354	0.03090	0.02669	0.01685	0.01966	0.01404	0.01124	0.00983	0.00281	0.01966	0.00702	0.00562	0.01264
6	0.02918	0.01980	0.02851	0.19896	0.09226	0.01901	0.02106	0.03476	0.02479	0.16705	0.02557	0.02875	0.01855	0.01050	0.00995	0.00285	0.01085	0.00893	0.00767	0.24102
7	0.01409	0.01006	0.01357	0.01610	0.01708	0.00955	0.01151	0.01657	0.02166	0.02873	0.05965	0.51874	0.07037	0.03341	0.01413	0.00454	0.00702	0.11404	0.01011	0.00908
8	0.01328	0.00949	0.01265	0.01518	0.01581	0.00886	0.01012	0.01518	0.02088	0.02783	0.06010	0.60969	0.07212	0.03416	0.01392	0.00443	0.00633	0.03100	0.01012	0.00886
9	0.02463	0.02624	0.05189	0.17764	0.05811	0.02669	0.33352	0.03587	0.08355	0.03443	0.02400	0.03064	0.01800	0.01027	0.01218	0.00367	0.01629	0.01202	0.00600	0.01436
10	0.01573	0.01120	0.01503	0.01583	0.01723	0.01158	0.01172	0.01862	0.02033	0.02772	0.08747	0.15146	0.05129	0.20575	0.18435	0.00987	0.01466	0.11319	0.00809	0.00887
11	0.02059	0.01938	0.03270	0.59060	0.07510	0.02422	0.03028	0.02786	0.02180	0.02786	0.01938	0.02907	0.01453	0.01090	0.01090	0.00363	0.01453	0.00969	0.00484	0.01211
12	0.69383	0.02109	0.01603	0.01434	0.02109	0.02446	0.01181	0.03205	0.01856	0.04892	0.01518	0.01771	0.01181	0.01012	0.00675	0.00337	0.00843	0.00590	0.00675	0.01181
13	0.04073	0.05197	0.03090	0.02809	0.03371	0.57303	0.02107	0.04354	0.03090	0.02669	0.01685	0.01966	0.01404	0.01124	0.00983	0.00281	0.01966	0.00702	0.00562	0.01264
14	0.04585	0.01865	0.02499	0.01902	0.02760	0.01585	0.01566	0.05014	0.03020	0.49552	0.04026	0.03542	0.02572	0.01286	0.01063	0.00317	0.00914	0.01044	0.01267	0.09620
15	0.69383	0.02109	0.01603	0.01434	0.02109	0.02446	0.01181	0.03205	0.01856	0.04892	0.01518	0.01771	0.01181	0.01012	0.00675	0.00337	0.00843	0.00590	0.00675	0.01181
16	0.03268	0.02619	0.02779	0.02331	0.03047	0.02972	0.01860	0.23435	0.34362	0.05458	0.03731	0.03505	0.02756	0.01413	0.01102	0.00353	0.00994	0.01135	0.01102	0.01776
17	0.02385	0.02385	0.03340	0.02863	0.02863	0.03340	0.02385	0.02624	0.01670	0.02624	0.01431	0.02385	0.01431	0.01908	0.03578	0.00477	0.59685	0.00954	0.00477	0.01193
18	0.02844	0.56791	0.10635	0.01987	0.02986	0.04140	0.02077	0.03283	0.02224	0.02652	0.01559	0.01803	0.01397	0.00943	0.00733	0.00244	0.01210	0.00605	0.00466	0.01420
19	0.01419	0.01016	0.01361	0.01560	0.01679	0.00957	0.01114	0.01702	0.02302	0.03098	0.13599	0.46143	0.07572	0.03175	0.01390	0.00435	0.00663	0.08848	0.01041	0.00924
20	0.17437	0.02648	0.08479	0.02558	0.03516	0.02286	0.12786	0.08431	0.02744	0.17275	0.02573	0.02713	0.01805	0.01084	0.01009	0.00323	0.01193	0.00939	0.00833	0.09367
21	0.01328	0.00949	0.01265	0.01518	0.01581	0.00886	0.01012	0.01518	0.02088	0.02783	0.06010	0.60969	0.07212	0.03416	0.01392	0.00443	0.00633	0.03100	0.01012	0.00886
22	0.61851	0.02079	0.01711	0.01493	0.02187	0.02348	0.01230	0.03451	0.02003	0.10818	0.01843	0.01998	0.01358	0.01052	0.00724	0.00337	0.00853	0.00650	0.00754	0.01260
23	0.02687	0.02218	0.02533	0.08771	0.03281	0.02523	0.01825	0.12320	0.31272	0.04704	0.11716	0.04338	0.03966	0.01524	0.01132	0.00358	0.00932	0.01277	0.01048	0.01577
24	0.02814	0.20841	0.17854	0.12866	0.09283	0.08279	0.02786	0.03498	0.02411	0.06956	0.01985	0.02361	0.01535	0.01041	0.00951	0.00307	0.01406	0.00798	0.00551	0.01475
25	0.02711	0.02294	0.02414	0.02144	0.02761	0.02609	0.01675	0.09459	0.44090	0.04621	0.04874	0.04520	0.07823	0.01580	0.01124	0.00366	0.00865	0.01307	0.01099	0.01664
26	0.01317	0.00992	0.01220	0.01402	0.01551	0.00895	0.00961	0.01531	0.02199	0.02829	0.07420	0.46836	0.20435	0.03233	0.01363	0.00422	0.00610	0.02876	0.01012	0.00895
27	0.02740	0.08475	0.08518	0.11135	0.13979	0.02574	0.10041	0.07084	0.06043	0.08308	0.03278	0.03570	0.06933	0.01249	0.01097	0.00338	0.01275	0.01126	0.00719	0.01517
28	0.03979	0.02248	0.03077	0.07271	0.13270	0.02243	0.02137	0.12892	0.06611	0.29610	0.03402	0.03287	0.02311	0.01259	0.01093	0.00337	0.01082	0.01052	0.01067	0.01773
29	0.01328	0.00949	0.01265	0.01518	0.01581	0.00886	0.01012	0.01518	0.02088	0.02783	0.06010	0.60969	0.07212	0.03416	0.01392	0.00443	0.00633	0.03100	0.01012	0.00886
30	0.02820	0.02159	0.03550	0.29428	0.23776	0.02330	0.02877	0.03461	0.02466	0.12942	0.02421	0.02982	0.01785	0.01096	0.01087	0.00344	0.01298	0.00994	0.00666	0.01518
31	0.07819	0.12712	0.07923	0.07647	0.03937	0.02824	0.10577	0.13671	0.03061	0.15620	0.02552	0.02717	0.01815	0.01128	0.01029	0.00326	0.01275	0.00953	0.00821	0.01592

[dist]
# distance from previous block
# <min> <max>
5	12

[block]
# block no. 4 follows, 12 sequences, length 6
# corresponding to MSA columns:
# 343-348
name=unknown_E
#
# <colnr> <probs for GDERKNQSTAVLIFYWHMCP>
#	G	D	E	R	K	N	Q	S	T	A	V	L	I	F	Y	W	H	M	C	P
0	0.11233	0.10039	0.03594	0.02474	0.03329	0.03269	0.06416	0.31425	0.08457	0.05604	0.02484	0.02575	0.01836	0.01209	0.01015	0.00325	0.01183	0.00939	0.00919	0.01675
1	0.03481	0.02630	0.03352	0.03121	0.10804	0.02818	0.05748	0.22030	0.18413	0.11071	0.03235	0.03207	0.02353	0.01286	0.01110	0.00343	0.01131	0.01090	0.01006	0.01769
2	0.02340	0.01362	0.01711	0.01550	0.01930	0.01283	0.01183	0.02924	0.06364	0.14779	0.25476	0.07261	0.10753	0.10724	0.01868	0.00461	0.00745	0.04980	0.01117	0.01191
3	0.03064	0.02087	0.02782	0.09212	0.10716	0.02103	0.01977	0.11264	0.07568	0.14958	0.03383	0.11454	0.02850	0.01499	0.01098	0.00332	0.01020	0.01289	0.00928	0.10415
4	0.01970	0.01192	0.01550	0.01457	0.01775	0.01078	0.01092	0.02394	0.02865	0.11418	0.34903	0.16981	0.12373	0.02355	0.01277	0.00362	0.00598	0.02071	0.01173	0.01115
5	0.02261	0.01938	0.02261	0.01615	0.02584	0.01453	0.01292	0.02745	0.02261	0.03553	0.01938	0.02261	0.01615	0.00807	0.00807	0.00161	0.00807	0.00646	0.00646	0.68346

[dist]
# distance from previous block
# <min> <max>
0	1

[block]
# block no. 5 follows, 12 sequences, length 27
# corresponding to MSA columns:
# 350-376
name=unknown_F
#
# <colnr> <probs for GDERKNQSTAVLIFYWHMCP>
#	G	D	E	R	K	N	Q	S	T	A	V	L	I	F	Y	W	H	M	C	P
0	0.02059	0.01938	0.03270	0.59060	0.07510	0.02422	0.03028	0.02786	0.02180	0.02786	0.01938	0.02907	0.01453	0.01090	0.01090	0.00363	0.01453	0.00969	0.00484	0.01211
1	0.01558	0.01168	0.01752	0.01752	0.01947	0.01363	0.01363	0.01947	0.01752	0.02531	0.02921	0.04283	0.02726	0.08178	0.57360	0.01752	0.02921	0.01168	0.00584	0.00974
2	0.03161	0.43219	0.08814	0.02204	0.03092	0.17957	0.02091	0.03562	0.02449	0.02659	0.01593	0.01847	0.01399	0.00990	0.00799	0.00254	0.01408	0.00631	0.00491	0.01380
3	0.02699	0.02591	0.04426	0.06693	0.54879	0.02591	0.03346	0.03346	0.02483	0.03562	0.02051	0.02699	0.01727	0.00972	0.01079	0.00324	0.01295	0.00972	0.00540	0.01727
4	0.03193	0.02479	0.02876	0.02735	0.08659	0.02705	0.01952	0.28173	0.13241	0.05312	0.03526	0.13722	0.03111	0.01694	0.01149	0.00356	0.01042	0.01421	0.01019	0.01636
5	0.04129	0.01824	0.02678	0.02152	0.02904	0.01624	0.05337	0.04603	0.02965	0.41883	0.04420	0.05266	0.03292	0.01629	0.01188	0.00371	0.01011	0.09831	0.01225	0.01667
6	0.01992	0.01718	0.02221	0.23022	0.03898	0.05860	0.01828	0.02432	0.02037	0.02720	0.02639	0.04164	0.02417	0.15352	0.15078	0.00813	0.01646	0.01129	0.08011	0.01024
7	0.34650	0.07890	0.02546	0.01909	0.02632	0.08806	0.01569	0.11327	0.07624	0.08536	0.02205	0.02295	0.01655	0.01135	0.00851	0.00324	0.01061	0.00765	0.00803	0.01419
8	0.69383	0.02109	0.01603	0.01434	0.02109	0.02446	0.01181	0.03205	0.01856	0.04892	0.01518	0.01771	0.01181	0.01012	0.00675	0.00337	0.00843	0.00590	0.00675	0.01181
9	0.02051	0.01934	0.03338	0.42830	0.10330	0.02254	0.06526	0.02714	0.02222	0.02903	0.02520	0.10770	0.02272	0.01383	0.01146	0.00371	0.01360	0.01283	0.00566	0.01228
10	0.69383	0.02109	0.01603	0.01434	0.02109	0.02446	0.01181	0.03205	0.01856	0.04892	0.01518	0.01771	0.01181	0.01012	0.00675	0.00337	0.00843	0.00590	0.00675	0.01181
11	0.02915	0.62337	0.05714	0.01866	0.02799	0.04314	0.01866	0.03265	0.02215	0.02565	0.01516	0.01749	0.01399	0.00933	0.00700	0.00233	0.01166	0.00583	0.00466	0.01399
12	0.02059	0.01938	0.03270	0.59060	0.07510	0.02422	0.03028	0.02786	0.02180	0.02786	0.01938	0.02907	0.01453	0.01090	0.01090	0.00363	0.01453	0.00969	0.00484	0.01211
13	0.04090	0.01891	0.02742	0.02775	0.12312	0.01706	0.01860	0.04528	0.02888	0.40113	0.04074	0.09876	0.03019	0.01509	0.01126	0.00347	0.00963	0.01296	0.01162	0.01724
14	0.02598	0.33093	0.04042	0.01744	0.02695	0.02929	0.01588	0.03013	0.02238	0.03044	0.01720	0.01997	0.01504	0.00872	0.00752	0.00198	0.00992	0.00614	0.00553	0.33814
15	0.02483	0.02359	0.08051	0.14358	0.04044	0.02049	0.06341	0.06672	0.06443	0.07855	0.07540	0.03860	0.06504	0.01298	0.01075	0.00313	0.01112	0.01128	0.00783	0.15731
16	0.03809	0.14292	0.09473	0.02369	0.03330	0.03195	0.02180	0.30028	0.03965	0.13014	0.02591	0.02584	0.01843	0.01214	0.01012	0.00313	0.01198	0.00905	0.00942	0.01742
17	0.02677	0.09442	0.12627	0.02207	0.03037	0.02578	0.02066	0.04605	0.28485	0.08325	0.04319	0.04111	0.07936	0.01457	0.01068	0.00347	0.01009	0.01179	0.00928	0.01597
18	0.01894	0.00947	0.01420	0.01420	0.01420	0.00947	0.00947	0.01420	0.01420	0.01894	0.01894	0.03314	0.01894	0.03788	0.04261	0.68277	0.00947	0.00947	0.00473	0.00473
19	0.02318	0.08165	0.07317	0.01770	0.02792	0.01828	0.01588	0.02858	0.02260	0.03448	0.01898	0.02215	0.01573	0.00840	0.00817	0.00185	0.00913	0.00654	0.00612	0.55948
20	0.02809	0.02627	0.07732	0.02575	0.03349	0.02457	0.10562	0.19981	0.08745	0.05030	0.17456	0.04377	0.04341	0.01497	0.01179	0.00345	0.01118	0.01330	0.00975	0.01516
21	0.02158	0.01362	0.01820	0.01614	0.01937	0.01356	0.01258	0.02629	0.02947	0.12279	0.41000	0.06855	0.08184	0.02057	0.01491	0.00356	0.06642	0.01730	0.01150	0.01176
22	0.08420	0.02772	0.03696	0.02853	0.03700	0.02988	0.13636	0.24461	0.16488	0.05317	0.02900	0.03001	0.02132	0.01236	0.01111	0.00349	0.01239	0.01089	0.00934	0.01678
23	0.45313	0.02014	0.01949	0.01623	0.02360	0.02131	0.01338	0.03992	0.02328	0.23831	0.02557	0.02495	0.01747	0.01138	0.00832	0.00337	0.00875	0.00779	0.00927	0.01433
24	0.02261	0.01938	0.02261	0.01615	0.02584	0.01453	0.01292	0.02745	0.02261	0.03553	0.01938	0.02261	0.01615	0.00807	0.00807	0.00161	0.00807	0.00646	0.00646	0.68346
25	0.01512	0.01145	0.01413	0.01532	0.01717	0.01114	0.01076	0.02082	0.07923	0.03247	0.13945	0.41391	0.11881	0.02950	0.01334	0.00412	0.00632	0.02637	0.01053	0.01005
26	0.02782	0.47537	0.09154	0.02267	0.03167	0.03966	0.05849	0.03230	0.02193	0.02707	0.01592	0.01946	0.01421	0.01039	0.01064	0.00277	0.07245	0.00691	0.00474	0.01399

[dist]
# distance from previous block
# <min> <max>
0	4

[block]
# block no. 6 follows, 12 sequences, length 14
# corresponding to MSA columns:
# 381-394
name=unknown_G
#
# <colnr> <probs for GDERKNQSTAVLIFYWHMCP>
#	G	D	E	R	K	N	Q	S	T	A	V	L	I	F	Y	W	H	M	C	P
0	0.02127	0.05219	0.50954	0.02946	0.04432	0.02392	0.03749	0.03323	0.02375	0.03539	0.06827	0.02846	0.02210	0.01147	0.01059	0.00345	0.01509	0.00914	0.00529	0.01557
1	0.69383	0.02109	0.01603	0.01434	0.02109	0.02446	0.01181	0.03205	0.01856	0.04892	0.01518	0.01771	0.01181	0.01012	0.00675	0.00337	0.00843	0.00590	0.00675	0.01181
2	0.01894	0.00947	0.01420	0.01420	0.01420	0.00947	0.00947	0.01420	0.01420	0.01894	0.01894	0.03314	0.01894	0.03788	0.04261	0.68277	0.00947	0.00947	0.00473	0.00473
3	0.01804	0.01214	0.01631	0.01840	0.02091	0.01214	0.01588	0.02307	0.02472	0.03399	0.05397	0.10900	0.05684	0.02716	0.01380	0.00460	0.00920	0.39636	0.12340	0.01006
4	0.02025	0.01501	0.01780	0.01782	0.02059	0.01556	0.01291	0.12033	0.07190	0.03774	0.05179	0.44054	0.05777	0.02816	0.01305	0.00413	0.00769	0.02503	0.01037	0.01157
5	0.69383	0.02109	0.01603	0.01434	0.02109	0.02446	0.01181	0.03205	0.01856	0.04892	0.01518	0.01771	0.01181	0.01012	0.00675	0.00337	0.00843	0.00590	0.00675	0.01181
6	0.01586	0.01057	0.01189	0.01189	0.01189	0.01057	0.00661	0.01586	0.01586	0.02114	0.03436	0.07135	0.03964	0.61681	0.05550	0.01057	0.01057	0.01586	0.00661	0.00661
7	0.08130	0.03281	0.19539	0.07660	0.03835	0.02427	0.02533	0.07420	0.15075	0.14553	0.03050	0.03058	0.02150	0.01229	0.01047	0.00350	0.01189	0.00980	0.00860	0.01635
8	0.02227	0.01938	0.02432	0.11374	0.03421	0.01618	0.01587	0.02752	0.02247	0.03423	0.01938	0.02371	0.01588	0.00856	0.00856	0.00196	0.00917	0.00701	0.00619	0.56941
9	0.01796	0.01394	0.01633	0.01487	0.01905	0.01260	0.01118	0.06482	0.02764	0.03761	0.19266	0.19185	0.17955	0.02300	0.01211	0.00339	0.00664	0.01990	0.01008	0.12483
10	0.13558	0.07597	0.14638	0.11965	0.04004	0.02681	0.02456	0.10976	0.02728	0.11980	0.02278	0.02550	0.01643	0.01183	0.01151	0.00343	0.05164	0.00864	0.00735	0.01506
11	0.02741	0.34032	0.13271	0.02071	0.03123	0.03279	0.02118	0.07062	0.02476	0.03292	0.01777	0.02031	0.01483	0.00952	0.00813	0.00243	0.01162	0.00668	0.00557	0.16849
12	0.02617	0.22442	0.13810	0.02027	0.02838	0.02745	0.01996	0.06658	0.06358	0.06667	0.07290	0.03729	0.02917	0.11488	0.01728	0.00429	0.01139	0.01037	0.00716	0.01368
13	0.03777	0.02760	0.12232	0.07375	0.07282	0.02156	0.06848	0.08545	0.02989	0.29904	0.03220	0.03172	0.02139	0.01207	0.01102	0.00342	0.01219	0.01036	0.00978	0.01718

[dist]
# distance from previous block
# <min> <max>
0	6

[block]
# block no. 7 follows, 12 sequences, length 14
# corresponding to MSA columns:
# 401-414
name=unknown_H
#
# <colnr> <probs for GDERKNQSTAVLIFYWHMCP>
#	G	D	E	R	K	N	Q	S	T	A	V	L	I	F	Y	W	H	M	C	P
0	0.04224	0.13625	0.09007	0.02054	0.02999	0.02214	0.01919	0.04725	0.02861	0.39938	0.03521	0.03188	0.02310	0.01237	0.01015	0.00319	0.01048	0.00968	0.01086	0.01743
1	0.02297	0.01399	0.01665	0.01466	0.01898	0.01289	0.01124	0.06355	0.02939	0.13546	0.22617	0.07569	0.22217	0.06834	0.01571	0.00405	0.00701	0.01807	0.01116	0.01185
2	0.02875	0.32510	0.11564	0.12949	0.04051	0.13752	0.02422	0.03407	0.02386	0.02746	0.01687	0.02082	0.01408	0.01012	0.00872	0.00282	0.01432	0.00708	0.00487	0.01367
3	0.09710	0.01796	0.02059	0.01575	0.02368	0.01495	0.01255	0.02870	0.02439	0.07968	0.11908	0.03426	0.03281	0.01140	0.00906	0.00229	0.00766	0.00924	0.00809	0.43077
4	0.03163	0.26185	0.03791	0.02080	0.02728	0.11223	0.01800	0.03515	0.02387	0.12482	0.02318	0.02674	0.01894	0.02476	0.11679	0.00564	0.06167	0.00836	0.00669	0.01368
5	0.01377	0.00969	0.01251	0.01456	0.01508	0.00918	0.00946	0.01531	0.01993	0.02658	0.05526	0.50864	0.06602	0.14353	0.02172	0.00558	0.00712	0.02815	0.00946	0.00843
6	0.03043	0.01447	0.01938	0.01626	0.02146	0.01286	0.01286	0.03516	0.03102	0.27337	0.31903	0.06159	0.06888	0.01835	0.01201	0.00340	0.00700	0.01580	0.01267	0.01399
7	0.03587	0.02046	0.02592	0.02218	0.06190	0.01873	0.01661	0.09382	0.06941	0.25871	0.06681	0.03468	0.02812	0.01247	0.01033	0.00292	0.00918	0.01027	0.01055	0.19107
8	0.01467	0.01112	0.01352	0.01292	0.01582	0.00997	0.00969	0.01911	0.02908	0.03948	0.41430	0.08844	0.23427	0.02388	0.01287	0.00350	0.00526	0.02070	0.01144	0.00997
9	0.03962	0.10686	0.03342	0.02718	0.03316	0.52213	0.02084	0.04249	0.03006	0.02659	0.01669	0.01945	0.01404	0.01105	0.00956	0.00276	0.01889	0.00691	0.00553	0.01277
10	0.02819	0.04006	0.32364	0.10894	0.04548	0.02319	0.03166	0.03948	0.06156	0.15251	0.02666	0.02837	0.01832	0.01147	0.01063	0.00348	0.01379	0.00926	0.00712	0.01617
11	0.02520	0.02141	0.06892	0.06422	0.08749	0.01989	0.04795	0.07492	0.02516	0.10151	0.03584	0.07904	0.06610	0.07193	0.12160	0.00674	0.04788	0.01319	0.00771	0.01330
12	0.01328	0.00949	0.01265	0.01518	0.01581	0.00886	0.01012	0.01518	0.02088	0.02783	0.06010	0.60969	0.07212	0.03416	0.01392	0.00443	0.00633	0.03100	0.01012	0.00886
13	0.02332	0.02029	0.03066	0.32068	0.11583	0.02339	0.02636	0.07645	0.06504	0.03501	0.02931	0.04707	0.02576	0.01488	0.01168	0.00382	0.01279	0.09733	0.00696	0.01337

[dist]
# distance from previous block
# <min> <max>
6	13

[block]
# block no. 8 follows, 12 sequences, length 25
# corresponding to MSA columns:
# 430-454
name=unknown_I
#
# <colnr> <probs for GDERKNQSTAVLIFYWHMCP>
#	G	D	E	R	K	N	Q	S	T	A	V	L	I	F	Y	W	H	M	C	P
0	0.03062	0.29755	0.04165	0.02191	0.02929	0.12464	0.01908	0.07378	0.07593	0.03226	0.01955	0.02205	0.01653	0.01142	0.01140	0.00281	0.07566	0.00746	0.00615	0.08027
1	0.03364	0.16278	0.11664	0.02323	0.03180	0.11850	0.02155	0.13621	0.03100	0.11302	0.02731	0.08743	0.02309	0.01388	0.01013	0.00316	0.01283	0.01067	0.00798	0.01515
2	0.02167	0.01607	0.01813	0.07353	0.02421	0.06733	0.01333	0.02428	0.02358	0.08600	0.12351	0.22995	0.05277	0.10868	0.02051	0.04892	0.00939	0.01891	0.00898	0.01025
3	0.01501	0.01113	0.01399	0.01328	0.01603	0.01011	0.00996	0.01976	0.02987	0.04136	0.47144	0.08533	0.17595	0.02317	0.01286	0.00347	0.00521	0.02026	0.01169	0.01011
4	0.03307	0.50338	0.05082	0.01880	0.02796	0.03776	0.01813	0.03671	0.02395	0.13093	0.02069	0.02138	0.01657	0.01016	0.00778	0.00254	0.01119	0.00685	0.00642	0.01490
5	0.03727	0.08790	0.03008	0.02100	0.02800	0.02613	0.01725	0.26204	0.03641	0.15998	0.02720	0.02899	0.01996	0.01769	0.01679	0.13799	0.01087	0.00957	0.00957	0.01531
6	0.01894	0.00947	0.01420	0.01420	0.01420	0.00947	0.00947	0.01420	0.01420	0.01894	0.01894	0.03314	0.01894	0.03788	0.04261	0.68277	0.00947	0.00947	0.00473	0.00473
7	0.01432	0.01061	0.01351	0.01490	0.01681	0.00981	0.01102	0.01751	0.02424	0.03193	0.16020	0.33000	0.17002	0.02997	0.01370	0.00419	0.00656	0.10086	0.01046	0.00939
8	0.01451	0.01111	0.01329	0.01275	0.01572	0.00989	0.00956	0.01878	0.02868	0.03853	0.38562	0.08999	0.26354	0.02423	0.01287	0.00352	0.00528	0.02092	0.01132	0.00989
9	0.01478	0.01100	0.01303	0.01259	0.01497	0.01003	0.00898	0.01822	0.02615	0.03513	0.31746	0.08621	0.21757	0.14177	0.02133	0.00492	0.00633	0.01990	0.01039	0.00925
10	0.02471	0.02359	0.04015	0.25296	0.38051	0.02531	0.03233	0.03147	0.02375	0.03286	0.02011	0.02773	0.01630	0.01014	0.01083	0.00338	0.01352	0.00971	0.00520	0.01544
11	0.02053	0.01235	0.01574	0.01419	0.01793	0.01105	0.01089	0.02511	0.02987	0.12608	0.38484	0.07820	0.16731	0.02176	0.01255	0.00346	0.00589	0.01884	0.01192	0.01147
12	0.34591	0.08458	0.08584	0.02085	0.02967	0.02484	0.06611	0.03734	0.02292	0.15620	0.02251	0.02373	0.01608	0.01072	0.00871	0.00331	0.01076	0.00795	0.00768	0.01428
13	0.02938	0.43449	0.05352	0.02368	0.03218	0.03811	0.08897	0.03361	0.02266	0.06157	0.01786	0.02116	0.01524	0.01064	0.01121	0.00286	0.07577	0.00757	0.00537	0.01417
14	0.02333	0.01721	0.02162	0.01892	0.05775	0.01400	0.01346	0.02642	0.02229	0.07339	0.03111	0.03470	0.07469	0.01566	0.01472	0.11483	0.00845	0.00932	0.00706	0.40107
15	0.02728	0.15470	0.14470	0.12712	0.09831	0.02852	0.14411	0.03486	0.02428	0.08326	0.02163	0.02620	0.01627	0.01020	0.01046	0.00327	0.01449	0.00948	0.00583	0.01503
16	0.01846	0.00979	0.01468	0.01468	0.01496	0.01006	0.01006	0.01496	0.01468	0.01985	0.02040	0.03453	0.02013	0.04414	0.11831	0.58793	0.01228	0.00979	0.00489	0.00545
17	0.02575	0.01343	0.01788	0.01547	0.01985	0.01206	0.01206	0.03061	0.03097	0.20165	0.38900	0.06779	0.07950	0.01958	0.01228	0.00341	0.00642	0.01702	0.01246	0.01284
18	0.01685	0.01296	0.01953	0.12409	0.02898	0.01520	0.01592	0.02122	0.01858	0.02656	0.02810	0.04185	0.02568	0.09656	0.39875	0.01350	0.02371	0.01146	0.05049	0.01002
19	0.02677	0.15147	0.18606	0.11722	0.17119	0.02824	0.05783	0.03444	0.02393	0.07345	0.02090	0.02526	0.01601	0.01025	0.01007	0.00321	0.01381	0.00877	0.00560	0.01552
20	0.01894	0.00947	0.01420	0.01420	0.01420	0.00947	0.00947	0.01420	0.01420	0.01894	0.01894	0.03314	0.01894	0.03788	0.04261	0.68277	0.00947	0.00947	0.00473	0.00473
21	0.02059	0.01938	0.03270	0.59060	0.07510	0.02422	0.03028	0.02786	0.02180	0.02786	0.01938	0.02907	0.01453	0.01090	0.01090	0.00363	0.01453	0.00969	0.00484	0.01211
22	0.01535	0.01279	0.02121	0.02028	0.02263	0.01195	0.09273	0.01845	0.02168	0.02901	0.05380	0.51365	0.06292	0.03003	0.01374	0.00430	0.00832	0.02800	0.00936	0.00982
23	0.02391	0.04215	0.29848	0.03893	0.05236	0.02651	0.28783	0.03474	0.02445	0.03474	0.02088	0.02639	0.01525	0.00974	0.01168	0.00357	0.01731	0.01060	0.00508	0.01537
24	0.04508	0.02035	0.03176	0.02379	0.03266	0.01794	0.09765	0.05012	0.03030	0.47004	0.03955	0.03584	0.02526	0.01278	0.01128	0.00342	0.01078	0.01128	0.01217	0.01792

[dist]
# distance from previous block
# <min> <max>
2	13

[block]
# block no. 9 follows, 12 sequences, length 37
# corresponding to MSA columns:
# 468-504
name=unknown_J
#
# <colnr> <probs for GDERKNQSTAVLIFYWHMCP>
#	G	D	E	R	K	N	Q	S	T	A	V	L	I	F	Y	W	H	M	C	P
0	0.12015	0.02761	0.07959	0.03749	0.20903	0.02584	0.02469	0.13814	0.06582	0.12709	0.02614	0.02782	0.01918	0.01148	0.01030	0.00334	0.01156	0.00947	0.00833	0.01692
1	0.47077	0.02583	0.02015	0.01754	0.02439	0.11509	0.01410	0.03769	0.02285	0.13441	0.02036	0.02145	0.01485	0.01090	0.00801	0.00328	0.01047	0.00698	0.00774	0.01313
2	0.08649	0.03112	0.03644	0.14105	0.29047	0.16677	0.02787	0.03500	0.02535	0.03314	0.01892	0.02465	0.01551	0.01034	0.01022	0.00321	0.01457	0.00869	0.00548	0.01473
3	0.31120	0.01998	0.02021	0.01585	0.02411	0.01896	0.01290	0.03312	0.02214	0.11663	0.02102	0.02263	0.01588	0.00973	0.00793	0.00262	0.00840	0.00688	0.00760	0.30220
4	0.49621	0.02075	0.01878	0.01612	0.02318	0.02289	0.01320	0.03888	0.06658	0.15756	0.02375	0.02392	0.01697	0.01126	0.00804	0.00340	0.00863	0.00756	0.00858	0.01374
5	0.01537	0.01098	0.01505	0.01757	0.01911	0.01066	0.01375	0.01879	0.02293	0.03017	0.05894	0.37268	0.06756	0.03219	0.01447	0.00472	0.00813	0.24741	0.01008	0.00943
6	0.03367	0.08075	0.03117	0.02316	0.03075	0.03154	0.01893	0.25768	0.27093	0.05408	0.03365	0.03214	0.02499	0.01354	0.01064	0.00339	0.01040	0.01062	0.01043	0.01753
7	0.02990	0.53509	0.09653	0.01973	0.02956	0.03981	0.02026	0.03421	0.02285	0.06274	0.01743	0.01929	0.01487	0.00970	0.00755	0.00250	0.01187	0.00637	0.00526	0.01448
8	0.03170	0.18817	0.26282	0.02472	0.03669	0.02844	0.02749	0.08149	0.02724	0.15546	0.02445	0.02516	0.01732	0.01107	0.00970	0.00314	0.01305	0.00832	0.00723	0.01636
9	0.02508	0.03398	0.14830	0.04344	0.05533	0.02719	0.42982	0.03486	0.02528	0.03486	0.02164	0.02833	0.01608	0.00939	0.01244	0.00364	0.01800	0.01205	0.00536	0.01494
10	0.01494	0.01113	0.01389	0.01320	0.01599	0.01008	0.00990	0.01963	0.02970	0.04097	0.45961	0.08598	0.18803	0.02332	0.01287	0.00348	0.00522	0.02035	0.01164	0.01008
11	0.03964	0.02105	0.03054	0.12417	0.12790	0.02072	0.02190	0.08619	0.03029	0.33277	0.03360	0.03301	0.02244	0.01236	0.01092	0.00338	0.01105	0.01043	0.01039	0.01725
12	0.03180	0.54223	0.05287	0.01876	0.02796	0.03951	0.01830	0.03540	0.02337	0.09684	0.01890	0.02012	0.01574	0.00989	0.00753	0.00247	0.01134	0.00652	0.00585	0.01460
13	0.01586	0.01057	0.01189	0.01189	0.01189	0.01057	0.00661	0.01586	0.01586	0.02114	0.03436	0.07135	0.03964	0.61681	0.05550	0.01057	0.01057	0.01586	0.00661	0.00661
14	0.01543	0.01115	0.01457	0.01372	0.01629	0.01029	0.01029	0.02058	0.03086	0.04372	0.54304	0.08145	0.10288	0.02229	0.01286	0.00343	0.00514	0.01972	0.01200	0.01029
15	0.03254	0.46005	0.05041	0.02043	0.02959	0.04057	0.01923	0.16482	0.03017	0.03752	0.01819	0.01988	0.01525	0.01036	0.00807	0.00259	0.01175	0.00693	0.00638	0.01525
16	0.02059	0.01938	0.03270	0.59060	0.07510	0.02422	0.03028	0.02786	0.02180	0.02786	0.01938	0.02907	0.01453	0.01090	0.01090	0.00363	0.01453	0.00969	0.00484	0.01211
17	0.01581	0.01075	0.01279	0.01279	0.01310	0.01106	0.00773	0.01643	0.01612	0.02181	0.03353	0.06679	0.03766	0.53122	0.13838	0.01168	0.01355	0.01519	0.00648	0.00711
18	0.02180	0.01309	0.01751	0.01824	0.02176	0.01234	0.01534	0.02610	0.02575	0.11971	0.06324	0.14510	0.12863	0.02728	0.01396	0.00450	0.00895	0.29481	0.01064	0.01125
19	0.02261	0.01938	0.02261	0.01615	0.02584	0.01453	0.01292	0.02745	0.02261	0.03553	0.01938	0.02261	0.01615	0.00807	0.00807	0.00161	0.00807	0.00646	0.00646	0.68346
20	0.04526	0.01937	0.02519	0.01987	0.02792	0.01789	0.01623	0.05394	0.11481	0.47059	0.04324	0.03771	0.02805	0.01371	0.01099	0.00343	0.00917	0.01119	0.01309	0.01834
21	0.01558	0.01168	0.01752	0.01752	0.01947	0.01363	0.01363	0.01947	0.01752	0.02531	0.02921	0.04283	0.02726	0.08178	0.57360	0.01752	0.02921	0.01168	0.00584	0.00974
22	0.02517	0.17986	0.12836	0.14775	0.08108	0.02908	0.02524	0.06407	0.09128	0.03532	0.06859	0.03091	0.02502	0.01197	0.01001	0.00321	0.01219	0.00967	0.00663	0.01459
23	0.04508	0.01743	0.02327	0.01816	0.02580	0.01524	0.01490	0.04942	0.03009	0.48716	0.04202	0.03759	0.02712	0.01339	0.01052	0.00326	0.00872	0.01086	0.10255	0.01743
24	0.01637	0.01143	0.01629	0.01629	0.01833	0.01305	0.01262	0.02047	0.01842	0.02789	0.03027	0.04247	0.02737	0.07018	0.47856	0.01501	0.02515	0.01143	0.11859	0.00981
25	0.01328	0.00949	0.01265	0.01518	0.01581	0.00886	0.01012	0.01518	0.02088	0.02783	0.06010	0.60969	0.07212	0.03416	0.01392	0.00443	0.00633	0.03100	0.01012	0.00886
26	0.02313	0.02106	0.02962	0.02115	0.03107	0.01672	0.09625	0.02871	0.02313	0.03543	0.01983	0.02375	0.01622	0.00826	0.00888	0.00196	0.00981	0.00754	0.00630	0.57117
27	0.42345	0.02698	0.02132	0.01856	0.02537	0.11679	0.01486	0.07508	0.06642	0.08985	0.02111	0.02225	0.01578	0.01121	0.00831	0.00330	0.01068	0.00736	0.00782	0.01350
28	0.01362	0.00973	0.01303	0.01556	0.01634	0.00914	0.01070	0.01576	0.02120	0.02821	0.05991	0.57204	0.07139	0.03385	0.01401	0.00447	0.00661	0.06537	0.01012	0.00895
29	0.01697	0.01373	0.02019	0.01939	0.02101	0.01695	0.01535	0.02061	0.01738	0.02547	0.02670	0.03965	0.02508	0.07125	0.48329	0.01538	0.12452	0.01132	0.00566	0.01010
