[name]
unknown

[dist]
# distance from previous block
# <min> <max>
41	150

[block]
# block no. 0 follows, 12 sequences, length 21
# corresponding to MSA columns:
# 181-201
name=unknown_A
#
# <colnr> <probs for GDERKNQSTAVLIFYWHMCP>
#	G	D	E	R	K	N	Q	S	T	A	V	L	I	F	Y	W	H	M	C	P
0	0.02438	0.30789	0.03655	0.01807	0.02389	0.02844	0.01553	0.08454	0.02522	0.03179	0.03428	0.25280	0.03754	0.01961	0.01021	0.00328	0.00959	0.01627	0.00759	0.01252
1	0.08216	0.01703	0.01923	0.01643	0.02267	0.01527	0.01250	0.02789	0.08378	0.03566	0.03441	0.20252	0.03483	0.01700	0.01010	0.00289	0.00765	0.01457	0.00817	0.33524
2	0.02509	0.02096	0.03009	0.26202	0.11427	0.02359	0.02408	0.14339	0.03003	0.04020	0.07440	0.10408	0.03106	0.01517	0.01144	0.00357	0.01184	0.01326	0.00769	0.01377
3	0.02074	0.03645	0.28372	0.19718	0.05005	0.02218	0.03095	0.02990	0.02277	0.03216	0.02786	0.03235	0.06319	0.01183	0.01048	0.00330	0.01367	0.00973	0.00541	0.09605
4	0.09982	0.01137	0.01347	0.01326	0.01521	0.01123	0.00940	0.01683	0.01797	0.02580	0.04625	0.05304	0.17750	0.03136	0.02920	0.39344	0.00815	0.01314	0.00662	0.00696
5	0.11312	0.02194	0.03782	0.02918	0.03730	0.02087	0.20653	0.03779	0.02640	0.19443	0.03426	0.04784	0.02779	0.01453	0.01195	0.00380	0.01284	0.09805	0.00893	0.01465
6	0.01959	0.19692	0.02749	0.01522	0.01984	0.02026	0.01283	0.02424	0.02822	0.03824	0.38286	0.06204	0.07591	0.01836	0.01108	0.00310	0.00712	0.01550	0.00978	0.01141
7	0.02048	0.01704	0.02107	0.01657	0.02391	0.01426	0.01314	0.02503	0.02107	0.03243	0.02236	0.02875	0.01952	0.03044	0.17968	0.00644	0.01449	0.00804	0.00627	0.47903
8	0.02200	0.01938	0.02567	0.19046	0.04079	0.01748	0.01819	0.02758	0.02236	0.03320	0.01938	0.02457	0.01566	0.00893	0.00893	0.00223	0.01004	0.00744	0.00597	0.47975
9	0.02322	0.02354	0.03898	0.20240	0.04804	0.02952	0.11669	0.02836	0.01994	0.02836	0.01730	0.02648	0.01480	0.01475	0.02394	0.00422	0.31183	0.01021	0.00493	0.01250
10	0.02033	0.01016	0.01016	0.01016	0.01270	0.01016	0.00762	0.02541	0.02287	0.04065	0.03557	0.04065	0.02795	0.01270	0.00762	0.00254	0.00508	0.01016	0.67734	0.01016
11	0.01347	0.01107	0.01186	0.01166	0.01509	0.00945	0.00875	0.01679	0.02624	0.03275	0.21033	0.09951	0.44244	0.02639	0.01288	0.00362	0.00544	0.02225	0.01056	0.00945
12	0.03059	0.01913	0.02343	0.01714	0.02644	0.01499	0.01386	0.03525	0.02522	0.19356	0.02655	0.02701	0.01944	0.00972	0.00895	0.00215	0.00844	0.00783	0.00859	0.48170
13	0.01830	0.19687	0.02569	0.01386	0.01904	0.01971	0.01181	0.02173	0.02516	0.03097	0.16254	0.07400	0.30076	0.02107	0.01109	0.00323	0.00731	0.01718	0.00882	0.01086
14	0.02130	0.02000	0.02769	0.02410	0.02488	0.02638	0.01974	0.02452	0.02100	0.03155	0.17475	0.04133	0.04119	0.02006	0.02883	0.00436	0.41730	0.01263	0.00697	0.01143
15	0.04892	0.01856	0.02530	0.01940	0.02783	0.01603	0.01603	0.05314	0.03121	0.55634	0.04302	0.03711	0.02699	0.01350	0.01096	0.00337	0.00928	0.01096	0.01350	0.01856
16	0.23891	0.04260	0.02639	0.02392	0.02988	0.40658	0.01826	0.04005	0.02715	0.03343	0.01635	0.01907	0.01337	0.01090	0.00890	0.00298	0.01626	0.00668	0.00596	0.01239
17	0.01543	0.01115	0.01457	0.01372	0.01629	0.01029	0.01029	0.02058	0.03086	0.04372	0.54304	0.08145	0.10288	0.02229	0.01286	0.00343	0.00514	0.01972	0.01200	0.01029
18	0.02124	0.01735	0.01967	0.01929	0.02319	0.01908	0.01464	0.03913	0.29413	0.03889	0.08474	0.22373	0.05258	0.02260	0.01244	0.00402	0.00782	0.06116	0.01076	0.01356
19	0.03374	0.02195	0.02485	0.02134	0.02820	0.02375	0.01688	0.05648	0.37801	0.20059	0.04397	0.03960	0.03137	0.01440	0.01106	0.00360	0.00883	0.01191	0.01182	0.01765
20	0.02576	0.01350	0.01854	0.01674	0.02019	0.01362	0.01268	0.02882	0.02128	0.18545	0.03463	0.04792	0.03014	0.18912	0.27886	0.01157	0.01870	0.01246	0.00835	0.01166

[dist]
# distance from previous block
# <min> <max>
0	9

[block]
# block no. 1 follows, 12 sequences, length 22
# corresponding to MSA columns:
# 211-232
name=unknown_B
#
# <colnr> <probs for GDERKNQSTAVLIFYWHMCP>
#	G	D	E	R	K	N	Q	S	T	A	V	L	I	F	Y	W	H	M	C	P
0	0.02257	0.06299	0.04740	0.07400	0.07859	0.02356	0.28741	0.02924	0.02395	0.03210	0.03090	0.17458	0.03029	0.01564	0.01247	0.00374	0.01428	0.01654	0.00657	0.01318
1	0.18661	0.01322	0.01293	0.01251	0.01421	0.01407	0.00792	0.01994	0.01654	0.02814	0.02953	0.05784	0.03263	0.46401	0.04322	0.00876	0.01003	0.01335	0.00664	0.00792
2	0.02915	0.62337	0.05714	0.01866	0.02799	0.04314	0.01866	0.03265	0.02215	0.02565	0.01516	0.01749	0.01399	0.00933	0.00700	0.00233	0.01166	0.00583	0.00466	0.01399
3	0.01867	0.16533	0.02499	0.01473	0.01910	0.01847	0.01222	0.02319	0.02815	0.03795	0.37297	0.06735	0.11838	0.01948	0.01139	0.00317	0.00682	0.01650	0.00999	0.01113
4	0.01690	0.01418	0.01507	0.01431	0.01843	0.01390	0.01089	0.02714	0.15287	0.03595	0.16743	0.08475	0.34051	0.02348	0.01243	0.00364	0.00624	0.01976	0.01069	0.01142
5	0.02049	0.16639	0.02754	0.01972	0.02395	0.02026	0.01784	0.02512	0.02436	0.03087	0.04701	0.09642	0.05047	0.02488	0.01303	0.00434	0.01045	0.35714	0.00869	0.01104
6	0.01703	0.01220	0.01682	0.01848	0.02100	0.01198	0.01574	0.02208	0.02655	0.03542	0.17996	0.11253	0.07286	0.02815	0.01451	0.00462	0.00881	0.36063	0.01053	0.01010
7	0.03413	0.47104	0.04912	0.01884	0.02795	0.03631	0.01799	0.03781	0.02443	0.15931	0.02217	0.02243	0.01727	0.01038	0.00800	0.00259	0.01106	0.00712	0.00689	0.01514
8	0.02210	0.01938	0.02515	0.16083	0.03825	0.01698	0.01729	0.02756	0.02241	0.03360	0.01938	0.02424	0.01574	0.00879	0.00879	0.00212	0.00970	0.00727	0.00605	0.51438
9	0.02306	0.01724	0.02082	0.01582	0.02361	0.01359	0.01252	0.02793	0.02543	0.08228	0.15330	0.03867	0.03892	0.01212	0.00953	0.00222	0.00744	0.01019	0.00846	0.45686
10	0.02100	0.01298	0.01684	0.01622	0.01777	0.01392	0.01143	0.02522	0.14388	0.02566	0.02535	0.03504	0.02255	0.03206	0.03468	0.51174	0.00926	0.01019	0.00634	0.00789
11	0.02476	0.03621	0.18925	0.04221	0.05452	0.02701	0.39109	0.03483	0.02505	0.03483	0.02143	0.02780	0.01586	0.00949	0.01224	0.00362	0.01781	0.01166	0.00529	0.01506
12	0.01328	0.00949	0.01265	0.01518	0.01581	0.00886	0.01012	0.01518	0.02088	0.02783	0.06010	0.60969	0.07212	0.03416	0.01392	0.00443	0.00633	0.03100	0.01012	0.00886
13	0.04892	0.01856	0.02530	0.01940	0.02783	0.01603	0.01603	0.05314	0.03121	0.55634	0.04302	0.03711	0.02699	0.01350	0.01096	0.00337	0.00928	0.01096	0.01350	0.01856
14	0.02712	0.02342	0.02465	0.02219	0.02835	0.02712	0.01726	0.05794	0.52909	0.04561	0.04438	0.04068	0.03328	0.01479	0.01109	0.00370	0.00863	0.01233	0.01109	0.01726
15	0.04828	0.01958	0.02593	0.01988	0.02834	0.01754	0.01643	0.09222	0.03291	0.51485	0.04158	0.03618	0.02627	0.01346	0.01096	0.00337	0.00951	0.01087	0.01328	0.01855
16	0.04073	0.05197	0.03090	0.02809	0.03371	0.57303	0.02107	0.04354	0.03090	0.02669	0.01685	0.01966	0.01404	0.01124	0.00983	0.00281	0.01966	0.00702	0.00562	0.01264
17	0.02261	0.01938	0.02261	0.01615	0.02584	0.01453	0.01292	0.02745	0.02261	0.03553	0.01938	0.02261	0.01615	0.00807	0.00807	0.00161	0.00807	0.00646	0.00646	0.68346
18	0.02712	0.02342	0.02465	0.02219	0.02835	0.02712	0.01726	0.05794	0.52909	0.04561	0.04438	0.04068	0.03328	0.01479	0.01109	0.00370	0.00863	0.01233	0.01109	0.01726
19	0.02059	0.01938	0.03270	0.59060	0.07510	0.02422	0.03028	0.02786	0.02180	0.02786	0.01938	0.02907	0.01453	0.01090	0.01090	0.00363	0.01453	0.00969	0.00484	0.01211
20	0.69383	0.02109	0.01603	0.01434	0.02109	0.02446	0.01181	0.03205	0.01856	0.04892	0.01518	0.01771	0.01181	0.01012	0.00675	0.00337	0.00843	0.00590	0.00675	0.01181
21	0.01525	0.01100	0.01441	0.01384	0.01625	0.01017	0.01027	0.02012	0.03001	0.04237	0.50195	0.12640	0.10026	0.02330	0.01295	0.00351	0.00524	0.02068	0.01184	0.01017

[dist]
# distance from previous block
# <min> <max>
0	7

[block]
# block no. 2 follows, 12 sequences, length 15
# corresponding to MSA columns:
# 240-254
name=unknown_C
#
# <colnr> <probs for GDERKNQSTAVLIFYWHMCP>
#	G	D	E	R	K	N	Q	S	T	A	V	L	I	F	Y	W	H	M	C	P
0	0.03126	0.02936	0.02673	0.02359	0.02996	0.12529	0.01835	0.10972	0.38310	0.04500	0.03729	0.03520	0.02809	0.01395	0.01085	0.00349	0.01100	0.01108	0.01010	0.01659
1	0.02915	0.62337	0.05714	0.01866	0.02799	0.04314	0.01866	0.03265	0.02215	0.02565	0.01516	0.01749	0.01399	0.00933	0.00700	0.00233	0.01166	0.00583	0.00466	0.01399
2	0.02666	0.13247	0.10242	0.15972	0.04495	0.02642	0.10175	0.03293	0.02349	0.10355	0.02569	0.07947	0.02160	0.01337	0.01262	0.00351	0.05746	0.01141	0.00658	0.01394
3	0.03053	0.26088	0.04176	0.02326	0.02875	0.03521	0.02058	0.07587	0.02371	0.09323	0.01915	0.02313	0.01608	0.01402	0.01919	0.00350	0.24242	0.00827	0.00633	0.01413
4	0.01289	0.01105	0.01105	0.01105	0.01473	0.00920	0.00828	0.01565	0.02485	0.02946	0.11046	0.10493	0.54437	0.02761	0.01289	0.00368	0.00552	0.02301	0.01013	0.00920
5	0.04181	0.02546	0.07635	0.02545	0.03496	0.02173	0.09466	0.13074	0.03327	0.34657	0.03487	0.03283	0.02280	0.01250	0.01120	0.00341	0.01172	0.01081	0.01108	0.01776
6	0.03751	0.13699	0.03715	0.07597	0.03701	0.23162	0.05746	0.08336	0.03007	0.13737	0.02327	0.02495	0.01727	0.01134	0.00999	0.00302	0.01496	0.00854	0.00743	0.01470
7	0.01328	0.00949	0.01265	0.01518	0.01581	0.00886	0.01012	0.01518	0.02088	0.02783	0.06010	0.60969	0.07212	0.03416	0.01392	0.00443	0.00633	0.03100	0.01012	0.00886
8	0.02261	0.01938	0.02261	0.01615	0.02584	0.01453	0.01292	0.02745	0.02261	0.03553	0.01938	0.02261	0.01615	0.00807	0.00807	0.00161	0.00807	0.00646	0.00646	0.68346
9	0.01426	0.01097	0.01304	0.01280	0.01564	0.00975	0.00950	0.01821	0.02769	0.03685	0.33456	0.13504	0.27155	0.02536	0.01296	0.00361	0.00539	0.02195	0.01112	0.00975
10	0.02261	0.01938	0.02261	0.01615	0.02584	0.01453	0.01292	0.02745	0.02261	0.03553	0.01938	0.02261	0.01615	0.00807	0.00807	0.00161	0.00807	0.00646	0.00646	0.68346
11	0.02837	0.02693	0.08231	0.11744	0.13251	0.02465	0.19299	0.07372	0.02752	0.09895	0.02679	0.03624	0.02110	0.01202	0.01184	0.00361	0.01454	0.04611	0.00707	0.01529
12	0.01328	0.00949	0.01265	0.01518	0.01581	0.00886	0.01012	0.01518	0.02088	0.02783	0.06010	0.60969	0.07212	0.03416	0.01392	0.00443	0.00633	0.03100	0.01012	0.00886
13	0.02574	0.02941	0.06434	0.04596	0.05699	0.02757	0.50919	0.03493	0.02574	0.03493	0.02206	0.02941	0.01654	0.00919	0.01287	0.00368	0.01838	0.01287	0.00551	0.01471
14	0.02347	0.02779	0.11520	0.13686	0.13505	0.02422	0.13246	0.03539	0.10714	0.03652	0.08688	0.03605	0.02897	0.01224	0.01150	0.00353	0.01324	0.01178	0.00693	0.01478

[dist]
# distance from previous block
# <min> <max>
0	1

[block]
# block no. 3 follows, 12 sequences, length 70
# corresponding to MSA columns:
# 256-325
name=unknown_D
#
# <colnr> <probs for GDERKNQSTAVLIFYWHMCP>
#	G	D	E	R	K	N	Q	S	T	A	V	L	I	F	Y	W	H	M	C	P
0	0.20366	0.18273	0.03310	0.02140	0.02851	0.24704	0.01762	0.03889	0.02564	0.08512	0.01863	0.02038	0.01476	0.01071	0.00846	0.00289	0.01380	0.00684	0.00646	0.01336
1	0.69383	0.02109	0.01603	0.01434	0.02109	0.02446	0.01181	0.03205	0.01856	0.04892	0.01518	0.01771	0.01181	0.01012	0.00675	0.00337	0.00843	0.00590	0.00675	0.01181
2	0.01500	0.01031	0.01261	0.01344	0.01381	0.01027	0.00834	0.01594	0.01763	0.02367	0.04230	0.24422	0.04917	0.38195	0.08568	0.00916	0.01076	0.02043	0.00769	0.00760
3	0.01328	0.00949	0.01265	0.01518	0.01581	0.00886	0.01012	0.01518	0.02088	0.02783	0.06010	0.60969	0.07212	0.03416	0.01392	0.00443	0.00633	0.03100	0.01012	0.00886
4	0.01586	0.01057	0.01189	0.01189	0.01189	0.01057	0.00661	0.01586	0.01586	0.02114	0.03436	0.07135	0.03964	0.61681	0.05550	0.01057	0.01057	0.01586	0.00661	0.00661
5	0.01543	0.01115	0.01457	0.01372	0.01629	0.01029	0.01029	0.02058	0.03086	0.04372	0.54304	0.08145	0.10288	0.02229	0.01286	0.00343	0.00514	0.01972	0.01200	0.01029
6	0.01894	0.00947	0.01420	0.01420	0.01420	0.00947	0.00947	0.01420	0.01420	0.01894	0.01894	0.03314	0.01894	0.03788	0.04261	0.68277	0.00947	0.00947	0.00473	0.00473
7	0.01543	0.01115	0.01457	0.01372	0.01629	0.01029	0.01029	0.02058	0.03086	0.04372	0.54304	0.08145	0.10288	0.02229	0.01286	0.00343	0.00514	0.01972	0.01200	0.01029
8	0.01289	0.01105	0.01105	0.01105	0.01473	0.00920	0.00828	0.01565	0.02485	0.02946	0.11046	0.10493	0.54437	0.02761	0.01289	0.00368	0.00552	0.02301	0.01013	0.00920
9	0.04073	0.05197	0.03090	0.02809	0.03371	0.57303	0.02107	0.04354	0.03090	0.02669	0.01685	0.01966	0.01404	0.01124	0.00983	0.00281	0.01966	0.00702	0.00562	0.01264
10	0.04892	0.01856	0.02530	0.01940	0.02783	0.01603	0.01603	0.05314	0.03121	0.55634	0.04302	0.03711	0.02699	0.01350	0.01096	0.00337	0.00928	0.01096	0.01350	0.01856
11	0.02699	0.02591	0.04426	0.06693	0.54879	0.02591	0.03346	0.03346	0.02483	0.03562	0.02051	0.02699	0.01727	0.00972	0.01079	0.00324	0.01295	0.00972	0.00540	0.01727
12	0.01556	0.01163	0.01726	0.01719	0.01919	0.01334	0.01334	0.01957	0.01870	0.02693	0.07445	0.04623	0.03392	0.07654	0.52423	0.01628	0.02709	0.01239	0.00638	0.00978
13	0.02563	0.02725	0.05455	0.10744	0.22080	0.02669	0.30450	0.03374	0.02504	0.03445	0.02128	0.02858	0.01658	0.00954	0.01199	0.00353	0.01621	0.01151	0.00541	0.01529
14	0.01743	0.01001	0.01307	0.01307	0.01307	0.01001	0.00807	0.01501	0.01501	0.02002	0.02649	0.05186	0.02908	0.32142	0.04892	0.35355	0.01001	0.01260	0.00565	0.00565
15	0.02416	0.01833	0.01952	0.01826	0.02297	0.02055	0.01429	0.04467	0.32676	0.04291	0.04283	0.04802	0.03426	0.01551	0.01037	0.00346	0.00765	0.05301	0.21805	0.01441
16	0.01366	0.00976	0.01308	0.01561	0.01641	0.00918	0.01078	0.01583	0.02125	0.02826	0.05989	0.56684	0.07129	0.03380	0.01402	0.00448	0.00665	0.07013	0.01011	0.00896
17	0.03045	0.47657	0.09766	0.02135	0.03066	0.13074	0.02099	0.03465	0.02370	0.02662	0.01584	0.01835	0.01399	0.00974	0.00777	0.00251	0.01341	0.00623	0.00482	0.01395
18	0.01649	0.01462	0.02597	0.02311	0.02642	0.01368	0.13869	0.02027	0.02213	0.02966	0.05030	0.46021	0.05780	0.02773	0.01365	0.00423	0.00943	0.02633	0.00893	0.01036
19	0.01564	0.01048	0.01195	0.01216	0.01221	0.01043	0.00690	0.01580	0.01627	0.02169	0.03647	0.11565	0.04231	0.56887	0.05208	0.01007	0.01022	0.01710	0.00690	0.00679
20	0.02781	0.28112	0.17566	0.03468	0.16736	0.03355	0.02796	0.07280	0.02545	0.03395	0.01853	0.02201	0.01517	0.00999	0.00912	0.00292	0.01312	0.00771	0.00535	0.01573
21	0.02504	0.02481	0.04427	0.19532	0.26930	0.02595	0.14097	0.03433	0.06525	0.03424	0.02251	0.02920	0.01769	0.01032	0.01132	0.00348	0.01427	0.01065	0.00574	0.01533
22	0.01894	0.00947	0.01420	0.01420	0.01420	0.00947	0.00947	0.01420	0.01420	0.01894	0.01894	0.03314	0.01894	0.03788	0.04261	0.68277	0.00947	0.00947	0.00473	0.00473
23	0.69383	0.02109	0.01603	0.01434	0.02109	0.02446	0.01181	0.03205	0.01856	0.04892	0.01518	0.01771	0.01181	0.01012	0.00675	0.00337	0.00843	0.00590	0.00675	0.01181
24	0.01558	0.01168	0.01752	0.01752	0.01947	0.01363	0.01363	0.01947	0.01752	0.02531	0.02921	0.04283	0.02726	0.08178	0.57360	0.01752	0.02921	0.01168	0.00584	0.00974
25	0.02365	0.13832	0.25238	0.16938	0.04789	0.02838	0.03026	0.03638	0.10597	0.03315	0.02286	0.02652	0.01724	0.01105	0.01004	0.00335	0.01372	0.00880	0.00575	0.01493
26	0.01391	0.00989	0.01233	0.01400	0.01472	0.00933	0.00907	0.01539	0.01991	0.02624	0.05756	0.42996	0.10215	0.18372	0.02454	0.00595	0.00735	0.02645	0.00922	0.00831
27	0.01543	0.01115	0.01457	0.01372	0.01629	0.01029	0.01029	0.02058	0.03086	0.04372	0.54304	0.08145	0.10288	0.02229	0.01286	0.00343	0.00514	0.01972	0.01200	0.01029
28	0.02915	0.62337	0.05714	0.01866	0.02799	0.04314	0.01866	0.03265	0.02215	0.02565	0.01516	0.01749	0.01399	0.00933	0.00700	0.00233	0.01166	0.00583	0.00466	0.01399
29	0.02187	0.05640	0.56031	0.03108	0.04719	0.02532	0.04029	0.03453	0.02302	0.03453	0.01957	0.02302	0.01381	0.01036	0.01036	0.00345	0.01611	0.00806	0.00460	0.01611
30	0.01394	0.01109	0.01251	0.01215	0.01538	0.00965	0.00912	0.01769	0.02735	0.03538	0.28998	0.09519	0.36115	0.02540	0.01288	0.00358	0.00537	0.02165	0.01090	0.00965
31	0.01829	0.01178	0.01549	0.01420	0.01728	0.01078	0.01078	0.02336	0.03089	0.08749	0.50035	0.07766	0.09640	0.02154	0.01270	0.00342	0.00550	0.01897	0.01213	0.01099
32	0.01894	0.00947	0.01420	0.01420	0.01420	0.00947	0.00947	0.01420	0.01420	0.01894	0.01894	0.03314	0.01894	0.03788	0.04261	0.68277	0.00947	0.00947	0.00473	0.00473
33	0.01543	0.01115	0.01457	0.01372	0.01629	0.01029	0.01029	0.02058	0.03086	0.04372	0.54304	0.08145	0.10288	0.02229	0.01286	0.00343	0.00514	0.01972	0.01200	0.01029
34	0.02699	0.02591	0.04426	0.06693	0.54879	0.02591	0.03346	0.03346	0.02483	0.03562	0.02051	0.02699	0.01727	0.00972	0.01079	0.00324	0.01295	0.00972	0.00540	0.01727
35	0.01798	0.01328	0.01751	0.01865	0.02154	0.01343	0.01566	0.02561	0.07709	0.03679	0.18141	0.10404	0.07014	0.02657	0.01410	0.00448	0.00864	0.31161	0.01065	0.01083
36	0.02712	0.02342	0.02465	0.02219	0.02835	0.02712	0.01726	0.05794	0.52909	0.04561	0.04438	0.04068	0.03328	0.01479	0.01109	0.00370	0.00863	0.01233	0.01109	0.01726
37	0.02195	0.02166	0.01878	0.01742	0.02078	0.15526	0.01306	0.02649	0.03087	0.03933	0.40749	0.06553	0.08000	0.01944	0.01208	0.00327	0.00888	0.01645	0.01036	0.01089
38	0.04092	0.04645	0.03137	0.02732	0.03374	0.43413	0.02098	0.16433	0.03615	0.03751	0.01926	0.02134	0.01520	0.01171	0.01011	0.00293	0.01769	0.00774	0.00698	0.01416
39	0.02059	0.01938	0.03270	0.59060	0.07510	0.02422	0.03028	0.02786	0.02180	0.02786	0.01938	0.02907	0.01453	0.01090	0.01090	0.00363	0.01453	0.00969	0.00484	0.01211
40	0.02059	0.01938	0.03270	0.59060	0.07510	0.02422	0.03028	0.02786	0.02180	0.02786	0.01938	0.02907	0.01453	0.01090	0.01090	0.00363	0.01453	0.00969	0.00484	0.01211
41	0.01439	0.01028	0.01392	0.01645	0.01757	0.00981	0.01205	0.01710	0.02197	0.02907	0.05948	0.48379	0.06969	0.03312	0.01421	0.00458	0.00729	0.14595	0.01010	0.00916
42	0.04561	0.01776	0.02396	0.01865	0.02624	0.01548	0.01508	0.04940	0.02967	0.50271	0.04215	0.04054	0.02826	0.07395	0.01543	0.00409	0.00941	0.01146	0.01281	0.01736
43	0.02699	0.02591	0.04426	0.06693	0.54879	0.02591	0.03346	0.03346	0.02483	0.03562	0.02051	0.02699	0.01727	0.00972	0.01079	0.00324	0.01295	0.00972	0.00540	0.01727
44	0.04145	0.03054	0.03272	0.02509	0.03381	0.03381	0.02072	0.51243	0.05127	0.06872	0.02618	0.02618	0.01854	0.01309	0.01091	0.00327	0.01200	0.00982	0.01091	0.01854
45	0.02385	0.02385	0.03340	0.02863	0.02863	0.03340	0.02385	0.02624	0.01670	0.02624	0.01431	0.02385	0.01431	0.01908	0.03578	0.00477	0.59685	0.00954	0.00477	0.01193
46	0.69383	0.02109	0.01603	0.01434	0.02109	0.02446	0.01181	0.03205	0.01856	0.04892	0.01518	0.01771	0.01181	0.01012	0.00675	0.00337	0.00843	0.00590	0.00675	0.01181
47	0.01574	0.01105	0.01431	0.01431	0.01515	0.01188	0.00962	0.01741	0.01657	0.02293	0.03214	0.05910	0.03432	0.38696	0.27807	0.01356	0.01858	0.01406	0.00628	0.00795
48	0.01558	0.01168	0.01752	0.01752	0.01947	0.01363	0.01363	0.01947	0.01752	0.02531	0.02921	0.04283	0.02726	0.08178	0.57360	0.01752	0.02921	0.01168	0.00584	0.00974
49	0.01328	0.00949	0.01265	0.01518	0.01581	0.00886	0.01012	0.01518	0.02088	0.02783	0.06010	0.60969	0.07212	0.03416	0.01392	0.00443	0.00633	0.03100	0.01012	0.00886
50	0.02574	0.02941	0.06434	0.04596	0.05699	0.02757	0.50919	0.03493	0.02574	0.03493	0.02206	0.02941	0.01654	0.00919	0.01287	0.00368	0.01838	0.01287	0.00551	0.01471
51	0.02385	0.02385	0.03340	0.02863	0.02863	0.03340	0.02385	0.02624	0.01670	0.02624	0.01431	0.02385	0.01431	0.01908	0.03578	0.00477	0.59685	0.00954	0.00477	0.01193
52	0.04892	0.01856	0.02530	0.01940	0.02783	0.01603	0.01603	0.05314	0.03121	0.55634	0.04302	0.03711	0.02699	0.01350	0.01096	0.00337	0.00928	0.01096	0.01350	0.01856
53	0.02699	0.02591	0.04426	0.06693	0.54879	0.02591	0.03346	0.03346	0.02483	0.03562	0.02051	0.02699	0.01727	0.00972	0.01079	0.00324	0.01295	0.00972	0.00540	0.01727
54	0.02187	0.05640	0.56031	0.03108	0.04719	0.02532	0.04029	0.03453	0.02302	0.03453	0.01957	0.02302	0.01381	0.01036	0.01036	0.00345	0.01611	0.00806	0.00460	0.01611
55	0.01543	0.01115	0.01457	0.01372	0.01629	0.01029	0.01029	0.02058	0.03086	0.04372	0.54304	0.08145	0.10288	0.02229	0.01286	0.00343	0.00514	0.01972	0.01200	0.01029
56	0.02033	0.01016	0.01016	0.01016	0.01270	0.01016	0.00762	0.02541	0.02287	0.04065	0.03557	0.04065	0.02795	0.01270	0.00762	0.00254	0.00508	0.01016	0.67734	0.01016
57	0.01328	0.00949	0.01265	0.01518	0.01581	0.00886	0.01012	0.01518	0.02088	0.02783	0.06010	0.60969	0.07212	0.03416	0.01392	0.00443	0.00633	0.03100	0.01012	0.00886
58	0.01543	0.01115	0.01457	0.01372	0.01629	0.01029	0.01029	0.02058	0.03086	0.04372	0.54304	0.08145	0.10288	0.02229	0.01286	0.00343	0.00514	0.01972	0.01200	0.01029
59	0.32987	0.01966	0.02126	0.01719	0.02489	0.01970	0.01419	0.04395	0.02570	0.33529	0.03089	0.02866	0.02038	0.01203	0.00913	0.00337	0.00891	0.00876	0.01056	0.01562
60	0.02253	0.02054	0.03466	0.36035	0.22503	0.02330	0.02924	0.02834	0.02204	0.02952	0.01971	0.02879	0.01588	0.01321	0.01404	0.07155	0.01351	0.00968	0.00502	0.01307
61	0.02360	0.02245	0.03814	0.34401	0.29815	0.02502	0.03178	0.03050	0.02323	0.03151	0.01991	0.02809	0.01582	0.01034	0.01085	0.00345	0.01379	0.00970	0.00511	0.01454
62	0.69383	0.02109	0.01603	0.01434	0.02109	0.02446	0.01181	0.03205	0.01856	0.04892	0.01518	0.01771	0.01181	0.01012	0.00675	0.00337	0.00843	0.00590	0.00675	0.01181
63	0.03232	0.12596	0.12132	0.08157	0.16682	0.12028	0.02670	0.03834	0.02608	0.12626	0.02290	0.02564	0.01720	0.01080	0.01001	0.00312	0.01387	0.00861	0.00662	0.01560
64	0.09446	0.40980	0.04441	0.01809	0.02696	0.03504	0.01687	0.03380	0.06391	0.03133	0.01831	0.02031	0.01574	0.00965	0.00750	0.00243	0.01047	0.00648	0.00571	0.12873
65	0.02180	0.01852	0.02174	0.01607	0.02497	0.01404	0.01268	0.02639	0.02246	0.03486	0.02292	0.07364	0.02101	0.01034	0.00858	0.00186	0.00792	0.00859	0.00678	0.62483
66	0.02685	0.01931	0.02561	0.01880	0.02777	0.01544	0.05134	0.03194	0.02505	0.12730	0.06791	0.03063	0.02540	0.01031	0.00935	0.00223	0.00883	0.00886	0.00809	0.45898
67	0.51078	0.01976	0.01695	0.01475	0.02151	0.02127	0.01187	0.02974	0.01951	0.04462	0.01986	0.07007	0.01785	0.01183	0.00762	0.00314	0.00818	0.00819	0.00699	0.13553
68	0.02370	0.01672	0.02009	0.01903	0.02372	0.01681	0.01535	0.07912	0.11476	0.08323	0.05245	0.15931	0.08729	0.02289	0.01265	0.00398	0.00879	0.16031	0.01033	0.06945
69	0.14398	0.02468	0.03696	0.07452	0.12072	0.02585	0.13513	0.08215	0.11420	0.09404	0.02678	0.02943	0.01983	0.01131	0.01067	0.00349	0.01236	0.01039	0.00791	0.01560

[dist]
# distance from previous block
# <min> <max>
2	25

[block]
# block no. 4 follows, 12 sequences, length 54
# corresponding to MSA columns:
# 351-404
name=unknown_E
#
# <colnr> <probs for GDERKNQSTAVLIFYWHMCP>
#	G	D	E	R	K	N	Q	S	T	A	V	L	I	F	Y	W	H	M	C	P
0	0.09163	0.01335	0.01536	0.01433	0.01778	0.01329	0.01092	0.02482	0.07397	0.04332	0.40445	0.07259	0.12217	0.02069	0.01202	0.00347	0.00585	0.01778	0.01119	0.01100
1	0.50528	0.01886	0.01622	0.01439	0.02048	0.02096	0.01168	0.03214	0.02142	0.09345	0.07798	0.02842	0.02461	0.01199	0.00788	0.00331	0.00787	0.00824	0.06271	0.01211
2	0.03980	0.02716	0.02953	0.02290	0.03091	0.02953	0.01883	0.41563	0.04625	0.11095	0.02879	0.02880	0.02037	0.01308	0.01055	0.00320	0.01098	0.00996	0.08516	0.01761
3	0.02915	0.62337	0.05714	0.01866	0.02799	0.04314	0.01866	0.03265	0.02215	0.02565	0.01516	0.01749	0.01399	0.00933	0.00700	0.00233	0.01166	0.00583	0.00466	0.01399
4	0.01446	0.01111	0.01322	0.01269	0.01569	0.00987	0.00952	0.01869	0.02856	0.03826	0.37739	0.09044	0.27194	0.02433	0.01287	0.00353	0.00529	0.02098	0.01128	0.00987
5	0.01292	0.01091	0.01118	0.01140	0.01482	0.00918	0.00844	0.01561	0.02452	0.02932	0.10619	0.14770	0.50436	0.02817	0.01297	0.00375	0.00559	0.02369	0.01012	0.00918
6	0.01522	0.01078	0.01318	0.01342	0.01434	0.01097	0.00876	0.01661	0.01771	0.02366	0.04400	0.11850	0.09583	0.37245	0.16768	0.01086	0.01396	0.01709	0.00715	0.00783
7	0.04392	0.02658	0.03027	0.02321	0.03184	0.02793	0.01917	0.36048	0.04463	0.23005	0.03175	0.02980	0.02134	0.01322	0.01093	0.00331	0.01110	0.01020	0.01176	0.01855
8	0.02443	0.04715	0.42732	0.02767	0.04208	0.02278	0.03378	0.03509	0.02369	0.08177	0.02165	0.02423	0.01537	0.01028	0.01005	0.00316	0.01423	0.00807	0.00570	0.12148
9	0.02059	0.01938	0.03270	0.59060	0.07510	0.02422	0.03028	0.02786	0.02180	0.02786	0.01938	0.02907	0.01453	0.01090	0.01090	0.00363	0.01453	0.00969	0.00484	0.01211
10	0.02059	0.01938	0.03270	0.59060	0.07510	0.02422	0.03028	0.02786	0.02180	0.02786	0.01938	0.02907	0.01453	0.01090	0.01090	0.00363	0.01453	0.00969	0.00484	0.01211
11	0.69383	0.02109	0.01603	0.01434	0.02109	0.02446	0.01181	0.03205	0.01856	0.04892	0.01518	0.01771	0.01181	0.01012	0.00675	0.00337	0.00843	0.00590	0.00675	0.01181
12	0.02574	0.02941	0.06434	0.04596	0.05699	0.02757	0.50919	0.03493	0.02574	0.03493	0.02206	0.02941	0.01654	0.00919	0.01287	0.00368	0.01838	0.01287	0.00551	0.01471
13	0.04145	0.03054	0.03272	0.02509	0.03381	0.03381	0.02072	0.51243	0.05127	0.06872	0.02618	0.02618	0.01854	0.01309	0.01091	0.00327	0.01200	0.00982	0.01091	0.01854
14	0.02574	0.02941	0.06434	0.04596	0.05699	0.02757	0.50919	0.03493	0.02574	0.03493	0.02206	0.02941	0.01654	0.00919	0.01287	0.00368	0.01838	0.01287	0.00551	0.01471
15	0.02699	0.02591	0.04426	0.06693	0.54879	0.02591	0.03346	0.03346	0.02483	0.03562	0.02051	0.02699	0.01727	0.00972	0.01079	0.00324	0.01295	0.00972	0.00540	0.01727
16	0.02261	0.01938	0.02261	0.01615	0.02584	0.01453	0.01292	0.02745	0.02261	0.03553	0.01938	0.02261	0.01615	0.00807	0.00807	0.00161	0.00807	0.00646	0.00646	0.68346
17	0.02317	0.04823	0.42758	0.02887	0.04252	0.02577	0.03458	0.04033	0.14842	0.03728	0.02572	0.02740	0.01864	0.01146	0.01054	0.00351	0.01426	0.00912	0.00621	0.01640
18	0.02187	0.05640	0.56031	0.03108	0.04719	0.02532	0.04029	0.03453	0.02302	0.03453	0.01957	0.02302	0.01381	0.01036	0.01036	0.00345	0.01611	0.00806	0.00460	0.01611
19	0.01293	0.01087	0.01122	0.01151	0.01485	0.00917	0.00849	0.01560	0.02441	0.02928	0.10486	0.16099	0.49192	0.02834	0.01300	0.00376	0.00561	0.02390	0.01012	0.00917
20	0.01558	0.01168	0.01752	0.01752	0.01947	0.01363	0.01363	0.01947	0.01752	0.02531	0.02921	0.04283	0.02726	0.08178	0.57360	0.01752	0.02921	0.01168	0.00584	0.00974
21	0.02404	0.10848	0.30958	0.03420	0.04678	0.02860	0.18429	0.03384	0.02331	0.03306	0.01948	0.02448	0.01473	0.01052	0.01264	0.00350	0.05899	0.00943	0.00491	0.01513
22	0.01328	0.00949	0.01265	0.01518	0.01581	0.00886	0.01012	0.01518	0.02088	0.02783	0.06010	0.60969	0.07212	0.03416	0.01392	0.00443	0.00633	0.03100	0.01012	0.00886
23	0.01613	0.01169	0.01252	0.01195	0.01596	0.00986	0.00909	0.01919	0.02584	0.07516	0.13725	0.09742	0.46736	0.02602	0.01272	0.00364	0.00581	0.02174	0.01055	0.01008
24	0.02187	0.05640	0.56031	0.03108	0.04719	0.02532	0.04029	0.03453	0.02302	0.03453	0.01957	0.02302	0.01381	0.01036	0.01036	0.00345	0.01611	0.00806	0.00460	0.01611
25	0.02874	0.03453	0.21059	0.08976	0.12361	0.02403	0.14558	0.03749	0.02543	0.13633	0.02488	0.02846	0.01763	0.01065	0.01119	0.00348	0.01470	0.01018	0.00670	0.01606
26	0.01328	0.00949	0.01265	0.01518	0.01581	0.00886	0.01012	0.01518	0.02088	0.02783	0.06010	0.60969	0.07212	0.03416	0.01392	0.00443	0.00633	0.03100	0.01012	0.00886
27	0.01543	0.01115	0.01457	0.01372	0.01629	0.01029	0.01029	0.02058	0.03086	0.04372	0.54304	0.08145	0.10288	0.02229	0.01286	0.00343	0.00514	0.01972	0.01200	0.01029
28	0.02261	0.01938	0.02261	0.01615	0.02584	0.01453	0.01292	0.02745	0.02261	0.03553	0.01938	0.02261	0.01615	0.00807	0.00807	0.00161	0.00807	0.00646	0.00646	0.68346
29	0.16612	0.04387	0.03112	0.02708	0.03342	0.41581	0.06467	0.04051	0.02802	0.03177	0.01701	0.02019	0.01384	0.01083	0.00952	0.00300	0.01736	0.00735	0.00583	0.01267
30	0.69383	0.02109	0.01603	0.01434	0.02109	0.02446	0.01181	0.03205	0.01856	0.04892	0.01518	0.01771	0.01181	0.01012	0.00675	0.00337	0.00843	0.00590	0.00675	0.01181
31	0.02166	0.02047	0.03463	0.50314	0.15421	0.02451	0.03081	0.02879	0.02231	0.02916	0.01957	0.02872	0.01499	0.01070	0.01088	0.00357	0.01427	0.00969	0.00494	0.01297
32	0.01558	0.01168	0.01752	0.01752	0.01947	0.01363	0.01363	0.01947	0.01752	0.02531	0.02921	0.04283	0.02726	0.08178	0.57360	0.01752	0.02921	0.01168	0.00584	0.00974
33	0.01328	0.00949	0.01265	0.01518	0.01581	0.00886	0.01012	0.01518	0.02088	0.02783	0.06010	0.60969	0.07212	0.03416	0.01392	0.00443	0.00633	0.03100	0.01012	0.00886
34	0.02187	0.05640	0.56031	0.03108	0.04719	0.02532	0.04029	0.03453	0.02302	0.03453	0.01957	0.02302	0.01381	0.01036	0.01036	0.00345	0.01611	0.00806	0.00460	0.01611
35	0.01309	0.01105	0.01133	0.01126	0.01486	0.00929	0.00845	0.01605	0.02534	0.03062	0.14579	0.10302	0.50831	0.02718	0.01288	0.00366	0.00549	0.02274	0.01028	0.00929
36	0.01586	0.01057	0.01189	0.01189	0.01189	0.01057	0.00661	0.01586	0.01586	0.02114	0.03436	0.07135	0.03964	0.61681	0.05550	0.01057	0.01057	0.01586	0.00661	0.00661
37	0.31389	0.01960	0.02149	0.01732	0.02506	0.01949	0.01429	0.04447	0.02601	0.34786	0.03158	0.02914	0.02075	0.01211	0.00923	0.00337	0.00893	0.00889	0.01072	0.01578
38	0.02059	0.01938	0.03270	0.59060	0.07510	0.02422	0.03028	0.02786	0.02180	0.02786	0.01938	0.02907	0.01453	0.01090	0.01090	0.00363	0.01453	0.00969	0.00484	0.01211
39	0.02628	0.02518	0.04297	0.12509	0.49618	0.02572	0.03311	0.03284	0.02449	0.03476	0.02038	0.02722	0.01697	0.00985	0.01081	0.00328	0.01313	0.00971	0.00534	0.01670
40	0.04073	0.05197	0.03090	0.02809	0.03371	0.57303	0.02107	0.04354	0.03090	0.02669	0.01685	0.01966	0.01404	0.01124	0.00983	0.00281	0.01966	0.00702	0.00562	0.01264
41	0.04073	0.05197	0.03090	0.02809	0.03371	0.57303	0.02107	0.04354	0.03090	0.02669	0.01685	0.01966	0.01404	0.01124	0.00983	0.00281	0.01966	0.00702	0.00562	0.01264
42	0.01328	0.00949	0.01265	0.01518	0.01581	0.00886	0.01012	0.01518	0.02088	0.02783	0.06010	0.60969	0.07212	0.03416	0.01392	0.00443	0.00633	0.03100	0.01012	0.00886
43	0.02086	0.01975	0.03276	0.54392	0.07124	0.02499	0.02975	0.02772	0.02138	0.02772	0.01896	0.02864	0.01452	0.01158	0.01297	0.00373	0.06290	0.00968	0.00484	0.01210
44	0.03569	0.30088	0.04233	0.02398	0.03121	0.34220	0.02002	0.03880	0.02709	0.02624	0.01612	0.01872	0.01402	0.01040	0.00860	0.00260	0.01618	0.00650	0.00520	0.01323
45	0.01641	0.01256	0.01770	0.01726	0.01857	0.01476	0.01296	0.01927	0.01706	0.02444	0.02901	0.04765	0.02891	0.19946	0.40397	0.01473	0.07770	0.01245	0.00592	0.00922
46	0.01894	0.00947	0.01420	0.01420	0.01420	0.00947	0.00947	0.01420	0.01420	0.01894	0.01894	0.03314	0.01894	0.03788	0.04261	0.68277	0.00947	0.00947	0.00473	0.00473
47	0.01543	0.01115	0.01457	0.01372	0.01629	0.01029	0.01029	0.02058	0.03086	0.04372	0.54304	0.08145	0.10288	0.02229	0.01286	0.00343	0.00514	0.01972	0.01200	0.01029
48	0.03556	0.02762	0.02941	0.02390	0.03157	0.03106	0.01930	0.32570	0.24759	0.05922	0.03366	0.03214	0.02460	0.01379	0.01098	0.00345	0.01061	0.01085	0.01098	0.01802
49	0.01414	0.01109	0.01278	0.01236	0.01549	0.00974	0.00927	0.01807	0.02780	0.03646	0.32284	0.09340	0.32761	0.02500	0.01287	0.00356	0.00534	0.02140	0.01105	0.00974
50	0.69383	0.02109	0.01603	0.01434	0.02109	0.02446	0.01181	0.03205	0.01856	0.04892	0.01518	0.01771	0.01181	0.01012	0.00675	0.00337	0.00843	0.00590	0.00675	0.01181
51	0.04073	0.05197	0.03090	0.02809	0.03371	0.57303	0.02107	0.04354	0.03090	0.02669	0.01685	0.01966	0.01404	0.01124	0.00983	0.00281	0.01966	0.00702	0.00562	0.01264
52	0.02187	0.05640	0.56031	0.03108	0.04719	0.02532	0.04029	0.03453	0.02302	0.03453	0.01957	0.02302	0.01381	0.01036	0.01036	0.00345	0.01611	0.00806	0.00460	0.01611
53	0.01543	0.01115	0.01457	0.01372	0.01629	0.01029	0.01029	0.02058	0.03086	0.04372	0.54304	0.08145	0.10288	0.02229	0.01286	0.00343	0.00514	0.01972	0.01200	0.01029

[dist]
# distance from previous block
# <min> <max>
0	1

[block]
# block no. 5 follows, 12 sequences, length 27
# corresponding to MSA columns:
# 406-432
name=unknown_F
#
# <colnr> <probs for GDERKNQSTAVLIFYWHMCP>
#	G	D	E	R	K	N	Q	S	T	A	V	L	I	F	Y	W	H	M	C	P
0	0.69383	0.02109	0.01603	0.01434	0.02109	0.02446	0.01181	0.03205	0.01856	0.04892	0.01518	0.01771	0.01181	0.01012	0.00675	0.00337	0.00843	0.00590	0.00675	0.01181
1	0.02575	0.02402	0.03520	0.03169	0.08767	0.02563	0.13499	0.04669	0.31411	0.04188	0.08035	0.04017	0.03377	0.01360	0.01164	0.00362	0.01108	0.01283	0.00926	0.01604
2	0.69383	0.02109	0.01603	0.01434	0.02109	0.02446	0.01181	0.03205	0.01856	0.04892	0.01518	0.01771	0.01181	0.01012	0.00675	0.00337	0.00843	0.00590	0.00675	0.01181
3	0.01567	0.01202	0.01520	0.01543	0.01838	0.01031	0.01084	0.01833	0.02132	0.02981	0.04966	0.45923	0.05777	0.02747	0.01242	0.00371	0.00677	0.02471	0.00918	0.18175
4	0.02261	0.01938	0.02261	0.01615	0.02584	0.01453	0.01292	0.02745	0.02261	0.03553	0.01938	0.02261	0.01615	0.00807	0.00807	0.00161	0.00807	0.00646	0.00646	0.68346
5	0.02490	0.13106	0.12500	0.08050	0.16350	0.02593	0.02540	0.03361	0.06554	0.03389	0.02106	0.02494	0.01697	0.00988	0.00944	0.00279	0.01183	0.00819	0.00583	0.17975
6	0.08130	0.14151	0.38805	0.02716	0.04076	0.02883	0.03273	0.07593	0.02498	0.03732	0.01908	0.02197	0.01409	0.01041	0.00957	0.00325	0.01440	0.00768	0.00535	0.01563
7	0.02915	0.62337	0.05714	0.01866	0.02799	0.04314	0.01866	0.03265	0.02215	0.02565	0.01516	0.01749	0.01399	0.00933	0.00700	0.00233	0.01166	0.00583	0.00466	0.01399
8	0.02029	0.01453	0.02334	0.02070	0.02468	0.01356	0.08859	0.02512	0.02661	0.08925	0.20708	0.20880	0.06722	0.02370	0.01331	0.00399	0.00874	0.09872	0.01035	0.01141
9	0.03157	0.12056	0.04047	0.16658	0.16954	0.02586	0.06922	0.03739	0.02546	0.17056	0.02550	0.02883	0.01861	0.01089	0.01043	0.00326	0.01263	0.00969	0.00731	0.01564
10	0.04892	0.01856	0.02530	0.01940	0.02783	0.01603	0.01603	0.05314	0.03121	0.55634	0.04302	0.03711	0.02699	0.01350	0.01096	0.00337	0.00928	0.01096	0.01350	0.01856
11	0.01463	0.01058	0.01309	0.01457	0.01591	0.01001	0.01031	0.01678	0.02108	0.02734	0.06180	0.30367	0.14176	0.17547	0.02417	0.00592	0.00791	0.10717	0.00924	0.00858
12	0.02602	0.02829	0.15571	0.22077	0.08836	0.02212	0.06819	0.03339	0.02359	0.11771	0.02520	0.03322	0.01940	0.07335	0.01553	0.00424	0.01382	0.01042	0.00651	0.01415
13	0.08412	0.09926	0.37061	0.02903	0.04253	0.02633	0.08205	0.03574	0.02352	0.07876	0.02100	0.02389	0.01504	0.01039	0.01004	0.00336	0.01469	0.00840	0.00564	0.01560
14	0.25146	0.02165	0.06671	0.11035	0.03232	0.02237	0.01923	0.02742	0.02090	0.03709	0.06711	0.08881	0.02991	0.01649	0.01415	0.00388	0.10331	0.04819	0.00696	0.01170
15	0.30730	0.06811	0.02384	0.01871	0.02434	0.06838	0.01516	0.08103	0.02438	0.08265	0.02548	0.11161	0.02353	0.01523	0.01154	0.00353	0.06356	0.01098	0.00780	0.01283
16	0.15671	0.02024	0.02713	0.24356	0.04520	0.02333	0.02163	0.03712	0.06355	0.16298	0.02592	0.02933	0.01855	0.01245	0.01242	0.00363	0.06493	0.00948	0.00783	0.01403
17	0.01357	0.01107	0.01200	0.01176	0.01515	0.00950	0.00882	0.01697	0.02647	0.03330	0.22687	0.09861	0.42556	0.02618	0.01288	0.00361	0.00542	0.02213	0.01063	0.00950
18	0.02261	0.01938	0.02261	0.01615	0.02584	0.01453	0.01292	0.02745	0.02261	0.03553	0.01938	0.02261	0.01615	0.00807	0.00807	0.00161	0.00807	0.00646	0.00646	0.68346
19	0.38734	0.03115	0.02271	0.01985	0.02655	0.19372	0.01572	0.07553	0.02601	0.08547	0.01887	0.02059	0.01429	0.01098	0.00838	0.00319	0.01225	0.00698	0.00729	0.01316
20	0.04892	0.01856	0.02530	0.01940	0.02783	0.01603	0.01603	0.05314	0.03121	0.55634	0.04302	0.03711	0.02699	0.01350	0.01096	0.00337	0.00928	0.01096	0.01350	0.01856
21	0.01875	0.01552	0.02350	0.07530	0.15414	0.01535	0.01775	0.02440	0.02860	0.04037	0.36875	0.06347	0.07411	0.01820	0.01218	0.00340	0.00788	0.01638	0.00975	0.01218
22	0.01558	0.01168	0.01752	0.01752	0.01947	0.01363	0.01363	0.01947	0.01752	0.02531	0.02921	0.04283	0.02726	0.08178	0.57360	0.01752	0.02921	0.01168	0.00584	0.00974
23	0.69383	0.02109	0.01603	0.01434	0.02109	0.02446	0.01181	0.03205	0.01856	0.04892	0.01518	0.01771	0.01181	0.01012	0.00675	0.00337	0.00843	0.00590	0.00675	0.01181
24	0.02865	0.02030	0.03287	0.36051	0.14468	0.02250	0.02732	0.03503	0.02463	0.15903	0.02538	0.03069	0.01806	0.01134	0.01090	0.00350	0.01297	0.01001	0.00706	0.01458
25	0.20733	0.02967	0.02574	0.02134	0.02871	0.15885	0.01709	0.13127	0.03170	0.20731	0.02643	0.02590	0.01841	0.01202	0.00962	0.00322	0.01214	0.00851	0.00938	0.01540
26	0.19364	0.02925	0.02752	0.02275	0.03006	0.16807	0.05359	0.04468	0.06753	0.21695	0.02809	0.02765	0.01972	0.01189	0.00983	0.00327	0.01248	0.00899	0.00903	0.01501

[dist]
# distance from previous block
# <min> <max>
0	178

# created by:
# /st0/software/busco_prod/Augustus/scripts/msa2prfl.pl ./align_prep/4446.fa
