[name]
unknown

[dist]
# distance from previous block
# <min> <max>
0	398

[block]
# block no. 0 follows, 13 sequences, length 26
# corresponding to MSA columns:
# 410-435
name=unknown_A
#
# <colnr> <probs for GDERKNQSTAVLIFYWHMCP>
#	G	D	E	R	K	N	Q	S	T	A	V	L	I	F	Y	W	H	M	C	P
0	0.01459	0.00954	0.01281	0.01446	0.01499	0.00917	0.00976	0.01511	0.01861	0.02476	0.04693	0.39831	0.05494	0.10894	0.02427	0.14348	0.00752	0.05591	0.00833	0.00759
1	0.01974	0.01715	0.02272	0.01748	0.02486	0.01376	0.05626	0.02430	0.02279	0.03362	0.07382	0.10933	0.07264	0.01374	0.00969	0.00239	0.00806	0.01212	0.00734	0.43819
2	0.03117	0.01603	0.02018	0.01706	0.02256	0.01508	0.01346	0.07881	0.06198	0.26492	0.16426	0.12046	0.09103	0.01857	0.01155	0.00344	0.00764	0.01581	0.01174	0.01424
3	0.02063	0.01156	0.01514	0.01496	0.01696	0.01147	0.01064	0.02325	0.05549	0.09496	0.03795	0.20740	0.03821	0.07981	0.06972	0.18939	0.00950	0.01630	0.06739	0.00928
4	0.02804	0.01631	0.01851	0.01559	0.02044	0.01659	0.01238	0.15635	0.03203	0.12491	0.14188	0.04355	0.03974	0.01446	0.00974	0.00294	0.00726	0.01181	0.27431	0.01316
5	0.01843	0.01108	0.01396	0.01381	0.01654	0.01005	0.01012	0.02191	0.02519	0.10172	0.21317	0.25661	0.13975	0.02435	0.01214	0.00361	0.00593	0.02139	0.06989	0.01036
6	0.06969	0.01856	0.02140	0.01829	0.02344	0.01925	0.01416	0.16488	0.07648	0.15323	0.06885	0.14176	0.03668	0.07185	0.01629	0.03795	0.00896	0.01448	0.01015	0.01366
7	0.02231	0.01612	0.01631	0.01533	0.01757	0.06414	0.01103	0.08460	0.02276	0.03106	0.02964	0.04924	0.02884	0.19645	0.02924	0.15341	0.00987	0.04950	0.14363	0.00896
8	0.01341	0.00958	0.01287	0.01532	0.01617	0.00904	0.01073	0.01563	0.02076	0.02758	0.05798	0.55793	0.06878	0.03263	0.01364	0.00437	0.00659	0.08845	0.00980	0.00873
9	0.02304	0.01402	0.01744	0.01621	0.01978	0.01375	0.01261	0.08811	0.02863	0.11300	0.19266	0.15328	0.05925	0.05908	0.01461	0.00404	0.00758	0.08682	0.06447	0.01162
10	0.02038	0.01414	0.02058	0.07046	0.10208	0.01377	0.01621	0.02453	0.02450	0.09629	0.13101	0.21767	0.09937	0.02252	0.01237	0.00380	0.00828	0.08110	0.00940	0.01156
11	0.02883	0.02215	0.02398	0.02119	0.02743	0.02501	0.01659	0.05563	0.48193	0.10715	0.04288	0.03903	0.03154	0.01419	0.01074	0.00355	0.00844	0.01180	0.01104	0.01689
12	0.23640	0.02065	0.02313	0.01831	0.02606	0.02080	0.01512	0.12515	0.02996	0.33413	0.03115	0.02876	0.02053	0.01207	0.00944	0.00326	0.00920	0.00902	0.01077	0.01609
13	0.01942	0.01371	0.01523	0.01519	0.01791	0.01464	0.01116	0.03019	0.17202	0.03474	0.04290	0.15861	0.04113	0.12081	0.01781	0.00462	0.00742	0.05364	0.19782	0.01103
14	0.02348	0.02004	0.02666	0.25672	0.04541	0.02347	0.02219	0.08075	0.20469	0.03723	0.03374	0.04648	0.02824	0.01506	0.01128	0.00373	0.01120	0.08780	0.00813	0.01370
15	0.02827	0.63478	0.05540	0.01809	0.02714	0.04184	0.01809	0.03166	0.02148	0.02488	0.01470	0.01696	0.01357	0.00905	0.00678	0.00226	0.01131	0.00565	0.00452	0.01357
16	0.02192	0.01879	0.02192	0.01566	0.02506	0.01409	0.01253	0.02662	0.02192	0.03445	0.01879	0.02192	0.01566	0.00783	0.00783	0.00157	0.00783	0.00626	0.00626	0.69305
17	0.70310	0.02045	0.01554	0.01390	0.02045	0.02372	0.01145	0.03108	0.01799	0.04744	0.01472	0.01718	0.01145	0.00981	0.00654	0.00327	0.00818	0.00573	0.00654	0.01145
18	0.01372	0.01064	0.01174	0.01168	0.01401	0.00976	0.00816	0.01589	0.02138	0.02686	0.11011	0.08551	0.33052	0.20317	0.07535	0.00666	0.00877	0.01913	0.00860	0.00832
19	0.01330	0.01008	0.01182	0.01267	0.01452	0.00909	0.00875	0.01560	0.02221	0.02859	0.13280	0.29523	0.24931	0.10477	0.01811	0.00467	0.00623	0.02404	0.00960	0.00860
20	0.02169	0.01879	0.02310	0.08598	0.03078	0.01522	0.01454	0.02667	0.02183	0.03356	0.01879	0.02267	0.01547	0.00816	0.00816	0.00180	0.00858	0.00664	0.00608	0.61148
21	0.01997	0.01879	0.03171	0.60301	0.07282	0.02349	0.02936	0.02701	0.02114	0.02701	0.01879	0.02819	0.01409	0.01057	0.01057	0.00352	0.01409	0.00940	0.00470	0.01175
22	0.02387	0.07555	0.13254	0.02622	0.03403	0.02305	0.12902	0.12949	0.02783	0.03768	0.03291	0.21335	0.03281	0.01757	0.01151	0.00357	0.01193	0.01604	0.00761	0.01343
23	0.02706	0.05941	0.15220	0.02194	0.03261	0.01917	0.06001	0.03363	0.02378	0.13286	0.02307	0.02489	0.01702	0.00945	0.00917	0.00248	0.01078	0.00789	0.00696	0.32563
24	0.02400	0.01818	0.02482	0.15081	0.03566	0.01793	0.01776	0.02883	0.02170	0.09855	0.02240	0.02758	0.01777	0.01862	0.08048	0.00435	0.06532	0.00840	0.00655	0.31028
25	0.02397	0.28143	0.13025	0.16377	0.04114	0.02971	0.02342	0.02996	0.02161	0.02847	0.01712	0.02147	0.01403	0.00938	0.00844	0.00264	0.01212	0.00704	0.00485	0.12919

[dist]
# distance from previous block
# <min> <max>
10	23

[block]
# block no. 1 follows, 13 sequences, length 83
# corresponding to MSA columns:
# 459-541
name=unknown_B
#
# <colnr> <probs for GDERKNQSTAVLIFYWHMCP>
#	G	D	E	R	K	N	Q	S	T	A	V	L	I	F	Y	W	H	M	C	P
0	0.02569	0.02670	0.11397	0.04252	0.26936	0.02220	0.07169	0.03470	0.06872	0.07971	0.07080	0.03316	0.02610	0.01142	0.01060	0.00323	0.01168	0.01064	0.05168	0.01542
1	0.02215	0.09850	0.34406	0.02488	0.03686	0.02445	0.02879	0.03514	0.10883	0.03417	0.02901	0.03045	0.05673	0.01170	0.00984	0.00315	0.01258	0.00923	0.00606	0.07342
2	0.01756	0.01479	0.02064	0.05991	0.02344	0.01736	0.01526	0.02185	0.02432	0.03497	0.31988	0.05655	0.06322	0.02549	0.07328	0.00500	0.17235	0.01499	0.00866	0.01048
3	0.02158	0.02927	0.20979	0.02578	0.03432	0.01880	0.11855	0.02900	0.02338	0.07790	0.10245	0.08071	0.03431	0.05697	0.08413	0.00551	0.01454	0.01300	0.00702	0.01298
4	0.06822	0.01474	0.01676	0.01483	0.01940	0.01424	0.01142	0.02738	0.11246	0.04050	0.30389	0.06105	0.11261	0.01786	0.01102	0.00311	0.00627	0.01522	0.01010	0.11891
5	0.03520	0.04138	0.02799	0.02538	0.03100	0.40382	0.01923	0.04676	0.19706	0.03185	0.02503	0.02570	0.01969	0.01202	0.00993	0.00300	0.01558	0.00848	0.00718	0.01371
6	0.48086	0.06731	0.02315	0.02096	0.06973	0.12573	0.01531	0.03323	0.02089	0.04096	0.01546	0.01827	0.01244	0.00992	0.00743	0.00309	0.01072	0.00623	0.00610	0.01219
7	0.02152	0.02077	0.03726	0.13244	0.16247	0.02217	0.14612	0.02723	0.02107	0.02926	0.02245	0.03369	0.01974	0.07964	0.12685	0.00671	0.06163	0.01106	0.00532	0.01258
8	0.02539	0.02304	0.07003	0.16423	0.03924	0.02270	0.02090	0.07484	0.21530	0.07709	0.03324	0.08280	0.02679	0.01398	0.01065	0.00341	0.01042	0.01185	0.00850	0.06560
9	0.01685	0.01278	0.01576	0.01467	0.01774	0.01269	0.01110	0.02597	0.11516	0.04270	0.47159	0.07242	0.08856	0.02041	0.01219	0.00337	0.00555	0.01793	0.01149	0.01110
10	0.02600	0.02353	0.02571	0.02204	0.02770	0.07645	0.05378	0.08927	0.28195	0.04339	0.16356	0.04506	0.04451	0.01524	0.01117	0.00340	0.00958	0.01303	0.01004	0.01458
11	0.01851	0.01515	0.01687	0.01567	0.01971	0.01570	0.01198	0.03205	0.21664	0.03967	0.25796	0.07010	0.18779	0.02022	0.01185	0.00348	0.00632	0.01728	0.01087	0.01219
12	0.02365	0.02255	0.03837	0.28312	0.36389	0.02446	0.03120	0.03024	0.02289	0.03149	0.01944	0.02699	0.01567	0.00989	0.01051	0.00330	0.01318	0.00941	0.00502	0.01472
13	0.01701	0.01008	0.01511	0.01511	0.01590	0.01086	0.01086	0.01590	0.01511	0.02094	0.02251	0.03605	0.02173	0.05446	0.26839	0.41108	0.01715	0.01008	0.00504	0.00661
14	0.03392	0.03897	0.02430	0.02234	0.02695	0.42360	0.01675	0.03726	0.02777	0.02969	0.02146	0.02480	0.01742	0.01130	0.00893	0.00265	0.01508	0.00767	0.19757	0.01158
15	0.02874	0.46084	0.04593	0.01862	0.02666	0.03513	0.01763	0.03487	0.07242	0.07677	0.02380	0.03062	0.02102	0.01185	0.00826	0.00273	0.01067	0.05314	0.00639	0.01391
16	0.02630	0.02271	0.02391	0.02152	0.02749	0.02630	0.01674	0.05618	0.54336	0.04423	0.04303	0.03945	0.03228	0.01434	0.01076	0.00359	0.00837	0.01195	0.01076	0.01674
17	0.02028	0.01096	0.01106	0.01086	0.01362	0.01127	0.00820	0.02735	0.06703	0.03983	0.03523	0.03942	0.02755	0.01249	0.00768	0.00256	0.00522	0.01004	0.62890	0.01045
18	0.14447	0.03469	0.02851	0.02491	0.02908	0.26211	0.01977	0.08133	0.02544	0.03321	0.01615	0.02066	0.01376	0.01333	0.01721	0.00347	0.20590	0.00767	0.00586	0.01245
19	0.01734	0.01398	0.01837	0.01724	0.01760	0.01686	0.01250	0.01875	0.01622	0.02303	0.02880	0.09126	0.03178	0.32265	0.13396	0.00936	0.18172	0.01403	0.00603	0.00852
20	0.01520	0.01096	0.01512	0.01512	0.01636	0.01220	0.01088	0.01768	0.01644	0.02316	0.03003	0.05101	0.03055	0.26749	0.40395	0.01468	0.02213	0.01272	0.00592	0.00840
21	0.02355	0.02578	0.05374	0.20195	0.06021	0.02582	0.38464	0.03194	0.02388	0.03194	0.02066	0.02843	0.01549	0.00938	0.01194	0.00355	0.01677	0.01161	0.00516	0.01355
22	0.02192	0.01879	0.02192	0.01566	0.02506	0.01409	0.01253	0.02662	0.02192	0.03445	0.01879	0.02192	0.01566	0.00783	0.00783	0.00157	0.00783	0.00626	0.00626	0.69305
23	0.02192	0.01879	0.02192	0.01566	0.02506	0.01409	0.01253	0.02662	0.02192	0.03445	0.01879	0.02192	0.01566	0.00783	0.00783	0.00157	0.00783	0.00626	0.00626	0.69305
24	0.01997	0.01879	0.03171	0.60301	0.07282	0.02349	0.02936	0.02701	0.02114	0.02701	0.01879	0.02819	0.01409	0.01057	0.01057	0.00352	0.01409	0.00940	0.00470	0.01175
25	0.03962	0.01570	0.02040	0.01629	0.02286	0.01394	0.01324	0.04395	0.02798	0.42031	0.03968	0.03695	0.02643	0.01287	0.00972	0.00304	0.00785	0.01041	0.20305	0.01570
26	0.02794	0.02496	0.03220	0.02679	0.02918	0.03250	0.02228	0.16686	0.02564	0.03705	0.01712	0.02377	0.01504	0.01687	0.02790	0.00422	0.44069	0.00933	0.00630	0.01337
27	0.02313	0.02313	0.03238	0.02776	0.02776	0.03238	0.02313	0.02545	0.01619	0.02545	0.01388	0.02313	0.01388	0.01851	0.03470	0.00463	0.60907	0.00925	0.00463	0.01157
28	0.01971	0.00985	0.00985	0.00985	0.01232	0.00985	0.00739	0.02464	0.02217	0.03942	0.03449	0.03942	0.02710	0.01232	0.00739	0.00246	0.00493	0.00985	0.68712	0.00985
29	0.04223	0.02634	0.02970	0.02277	0.03115	0.02793	0.01881	0.39315	0.04423	0.20844	0.02999	0.02837	0.02029	0.01280	0.01059	0.00320	0.01089	0.00983	0.01128	0.01798
30	0.01475	0.01080	0.01384	0.01308	0.01567	0.00989	0.00981	0.01954	0.02943	0.04121	0.51818	0.08094	0.13922	0.02206	0.01247	0.00335	0.00502	0.01940	0.01148	0.00989
31	0.03063	0.03224	0.02096	0.01945	0.02356	0.32797	0.01459	0.03435	0.02647	0.03194	0.02447	0.02818	0.01966	0.01153	0.00857	0.00261	0.01273	0.00817	0.31072	0.01118
32	0.03110	0.48748	0.04899	0.02040	0.02854	0.17899	0.01868	0.03432	0.02362	0.02513	0.01511	0.01749	0.01358	0.00951	0.00748	0.00238	0.01326	0.00594	0.00476	0.01324
33	0.03504	0.28253	0.04007	0.02361	0.03048	0.36983	0.01950	0.03803	0.02659	0.02548	0.01569	0.01823	0.01360	0.01016	0.00844	0.00254	0.01598	0.00635	0.00508	0.01278
34	0.01971	0.00985	0.00985	0.00985	0.01232	0.00985	0.00739	0.02464	0.02217	0.03942	0.03449	0.03942	0.02710	0.01232	0.00739	0.00246	0.00493	0.00985	0.68712	0.00985
35	0.01400	0.01077	0.01279	0.01228	0.01520	0.00956	0.00921	0.01808	0.02764	0.03697	0.38026	0.08792	0.27978	0.02364	0.01248	0.00342	0.00513	0.02038	0.01092	0.00956
36	0.02343	0.24349	0.35009	0.08092	0.04218	0.03018	0.03119	0.03226	0.02193	0.03001	0.01754	0.02111	0.01352	0.00976	0.00901	0.00300	0.01405	0.00725	0.00451	0.01457
37	0.02311	0.02200	0.03739	0.33018	0.32108	0.02432	0.03093	0.02977	0.02263	0.03083	0.01935	0.02716	0.01544	0.00999	0.01052	0.00333	0.01332	0.00941	0.00497	0.01428
38	0.01538	0.01025	0.01153	0.01153	0.01153	0.01025	0.00641	0.01538	0.01538	0.02050	0.03331	0.06919	0.03844	0.62842	0.05382	0.01025	0.01025	0.01538	0.00641	0.00641
39	0.02827	0.63478	0.05540	0.01809	0.02714	0.04184	0.01809	0.03166	0.02148	0.02488	0.01470	0.01696	0.01357	0.00905	0.00678	0.00226	0.01131	0.00565	0.00452	0.01357
40	0.02313	0.02313	0.03238	0.02776	0.02776	0.03238	0.02313	0.02545	0.01619	0.02545	0.01388	0.02313	0.01388	0.01851	0.03470	0.00463	0.60907	0.00925	0.00463	0.01157
41	0.02313	0.02313	0.03238	0.02776	0.02776	0.03238	0.02313	0.02545	0.01619	0.02545	0.01388	0.02313	0.01388	0.01851	0.03470	0.00463	0.60907	0.00925	0.00463	0.01157
42	0.01971	0.00985	0.00985	0.00985	0.01232	0.00985	0.00739	0.02464	0.02217	0.03942	0.03449	0.03942	0.02710	0.01232	0.00739	0.00246	0.00493	0.00985	0.68712	0.00985
43	0.02192	0.01879	0.02192	0.01566	0.02506	0.01409	0.01253	0.02662	0.02192	0.03445	0.01879	0.02192	0.01566	0.00783	0.00783	0.00157	0.00783	0.00626	0.00626	0.69305
44	0.01837	0.00918	0.01377	0.01377	0.01377	0.00918	0.00918	0.01377	0.01377	0.01837	0.01837	0.03214	0.01837	0.03673	0.04132	0.69238	0.00918	0.00918	0.00459	0.00459
45	0.01685	0.01278	0.01576	0.01467	0.01774	0.01269	0.01110	0.02597	0.11516	0.04270	0.47159	0.07242	0.08856	0.02041	0.01219	0.00337	0.00555	0.01793	0.01149	0.01110
46	0.70310	0.02045	0.01554	0.01390	0.02045	0.02372	0.01145	0.03108	0.01799	0.04744	0.01472	0.01718	0.01145	0.00981	0.00654	0.00327	0.00818	0.00573	0.00654	0.01145
47	0.02756	0.02536	0.02449	0.02206	0.02799	0.07981	0.01709	0.05485	0.49427	0.04247	0.04048	0.03750	0.03049	0.01401	0.01064	0.00350	0.00939	0.01146	0.01025	0.01631
48	0.02444	0.01909	0.01995	0.01823	0.02322	0.02166	0.01410	0.04729	0.39647	0.04287	0.04063	0.03944	0.03082	0.01377	0.00981	0.00327	0.00740	0.01136	0.20138	0.01480
49	0.01250	0.01071	0.01071	0.01071	0.01428	0.00893	0.00803	0.01517	0.02410	0.02856	0.10711	0.10175	0.55817	0.02678	0.01250	0.00357	0.00536	0.02231	0.00982	0.00893
50	0.70310	0.02045	0.01554	0.01390	0.02045	0.02372	0.01145	0.03108	0.01799	0.04744	0.01472	0.01718	0.01145	0.00981	0.00654	0.00327	0.00818	0.00573	0.00654	0.01145
51	0.07019	0.02254	0.08416	0.27489	0.09503	0.02154	0.09592	0.02716	0.02165	0.03074	0.02604	0.13294	0.02433	0.01417	0.01101	0.00360	0.01278	0.01311	0.00586	0.01231
52	0.01997	0.01879	0.03171	0.60301	0.07282	0.02349	0.02936	0.02701	0.02114	0.02701	0.01879	0.02819	0.01409	0.01057	0.01057	0.00352	0.01409	0.00940	0.00470	0.01175
53	0.03950	0.05039	0.02996	0.02724	0.03269	0.58597	0.02043	0.04222	0.02996	0.02588	0.01634	0.01907	0.01362	0.01090	0.00953	0.00272	0.01907	0.00681	0.00545	0.01226
54	0.01510	0.01133	0.01699	0.01699	0.01888	0.01322	0.01322	0.01888	0.01699	0.02454	0.02832	0.04154	0.02643	0.07930	0.58652	0.01699	0.02832	0.01133	0.00566	0.00944
55	0.01997	0.01879	0.03171	0.60301	0.07282	0.02349	0.02936	0.02701	0.02114	0.02701	0.01879	0.02819	0.01409	0.01057	0.01057	0.00352	0.01409	0.00940	0.00470	0.01175
56	0.03029	0.02154	0.02461	0.02066	0.02654	0.02361	0.01631	0.11850	0.24971	0.13030	0.03495	0.03691	0.02690	0.07249	0.01668	0.00405	0.06081	0.01105	0.00985	0.06424
57	0.01538	0.01025	0.01153	0.01153	0.01153	0.01025	0.00641	0.01538	0.01538	0.02050	0.03331	0.06919	0.03844	0.62842	0.05382	0.01025	0.01025	0.01538	0.00641	0.00641
58	0.01328	0.00948	0.01272	0.01518	0.01596	0.00893	0.01050	0.01541	0.02063	0.02744	0.05806	0.57353	0.06906	0.03275	0.01360	0.00435	0.00648	0.07413	0.00981	0.00870
59	0.06830	0.01280	0.01555	0.01598	0.01846	0.01270	0.01165	0.06160	0.02338	0.08081	0.04894	0.39351	0.05446	0.07134	0.01555	0.00452	0.00760	0.06282	0.00968	0.01035
60	0.01538	0.01025	0.01153	0.01153	0.01153	0.01025	0.00641	0.01538	0.01538	0.02050	0.03331	0.06919	0.03844	0.62842	0.05382	0.01025	0.01025	0.01538	0.00641	0.00641
61	0.01642	0.01277	0.01517	0.01422	0.01748	0.01251	0.01077	0.02515	0.11416	0.04034	0.39489	0.07630	0.16673	0.02129	0.01219	0.00341	0.00561	0.01848	0.01118	0.01092
62	0.01762	0.01252	0.01555	0.01476	0.01644	0.01338	0.01034	0.06589	0.02052	0.02826	0.07833	0.05653	0.03798	0.32862	0.22633	0.01123	0.01602	0.01379	0.00703	0.00886
63	0.41148	0.02189	0.01968	0.01738	0.02385	0.02527	0.01396	0.07345	0.21206	0.04755	0.02578	0.02586	0.01950	0.01166	0.00835	0.00338	0.00848	0.00825	0.00835	0.01382
64	0.02833	0.02285	0.02411	0.02099	0.02712	0.02604	0.01652	0.14243	0.40272	0.04803	0.03892	0.03678	0.02910	0.01385	0.01042	0.00341	0.00867	0.01130	0.07204	0.01635
65	0.03351	0.02055	0.02379	0.02027	0.02678	0.02172	0.01604	0.08255	0.29579	0.22541	0.04254	0.08006	0.03200	0.01518	0.01090	0.00350	0.00864	0.01267	0.01148	0.01665
66	0.02238	0.01212	0.01571	0.01485	0.01834	0.01080	0.01109	0.02570	0.02581	0.17302	0.18375	0.25862	0.13746	0.02412	0.01235	0.00368	0.00649	0.02115	0.01112	0.01144
67	0.01504	0.01080	0.01416	0.01578	0.01705	0.01085	0.01117	0.01924	0.06717	0.02797	0.05104	0.43768	0.05815	0.03491	0.05868	0.06444	0.00853	0.05907	0.00913	0.00913
68	0.02250	0.07041	0.01561	0.01152	0.01521	0.01336	0.00920	0.02704	0.02298	0.08530	0.03870	0.04163	0.06553	0.01316	0.00801	0.00260	0.00594	0.01046	0.50996	0.01088
69	0.08242	0.01294	0.01610	0.01539	0.01904	0.01227	0.01176	0.02782	0.02452	0.17184	0.12021	0.24719	0.05322	0.02202	0.01151	0.00367	0.00703	0.05404	0.07535	0.01166
70	0.01629	0.01033	0.01457	0.01457	0.01535	0.01112	0.01018	0.01628	0.01550	0.02145	0.02612	0.04502	0.02658	0.19784	0.27060	0.24673	0.01738	0.01157	0.00548	0.00704
71	0.01872	0.01476	0.01737	0.01603	0.01968	0.01539	0.01222	0.03197	0.20019	0.04301	0.38648	0.06587	0.07738	0.01920	0.01190	0.00341	0.00611	0.01674	0.01135	0.01222
72	0.01954	0.07095	0.01754	0.01352	0.01643	0.01365	0.01013	0.02222	0.02215	0.07781	0.12803	0.06908	0.11777	0.23237	0.02598	0.00573	0.00824	0.05539	0.06383	0.00962
73	0.37052	0.01844	0.01804	0.01547	0.02176	0.01969	0.01253	0.03710	0.06689	0.18092	0.06966	0.03058	0.02535	0.01219	0.00850	0.00324	0.00791	0.00891	0.05896	0.01335
74	0.07549	0.01455	0.01650	0.01538	0.01870	0.01524	0.01154	0.06848	0.10605	0.03800	0.17003	0.10533	0.08647	0.02243	0.01669	0.13176	0.00726	0.01490	0.05456	0.01062
75	0.06893	0.01393	0.01397	0.01259	0.01635	0.01469	0.00983	0.11077	0.02659	0.04460	0.03162	0.03554	0.02450	0.01221	0.00788	0.00264	0.00629	0.00952	0.52622	0.01135
76	0.13336	0.01304	0.01497	0.01416	0.01779	0.01274	0.01071	0.02381	0.02272	0.11074	0.12461	0.15039	0.15738	0.02670	0.05195	0.07031	0.00831	0.01671	0.00923	0.01037
77	0.09320	0.01474	0.01874	0.01690	0.02137	0.01456	0.01304	0.03312	0.05711	0.22788	0.03908	0.17044	0.03474	0.03025	0.10881	0.05747	0.01144	0.01475	0.00968	0.01269
78	0.03389	0.02677	0.03522	0.02773	0.03483	0.07902	0.12617	0.18921	0.03315	0.13446	0.02885	0.03768	0.02302	0.01421	0.01365	0.00356	0.07012	0.06460	0.00875	0.01510
79	0.01335	0.00998	0.01182	0.01282	0.01441	0.00909	0.00871	0.01541	0.02146	0.02771	0.11159	0.32165	0.21988	0.12876	0.01977	0.00497	0.00648	0.02428	0.00941	0.00845
80	0.02469	0.01737	0.02364	0.02204	0.06163	0.01756	0.05127	0.10974	0.06160	0.08871	0.13013	0.09729	0.04289	0.12846	0.02142	0.05630	0.00954	0.01458	0.00899	0.01215
81	0.01635	0.01372	0.01837	0.01971	0.06980	0.01383	0.01345	0.02004	0.02285	0.03118	0.15639	0.11728	0.19506	0.03142	0.10938	0.00574	0.06475	0.01712	0.00835	0.05522
82	0.02386	0.02455	0.12034	0.12290	0.21212	0.01992	0.02532	0.03009	0.02282	0.08317	0.02753	0.08773	0.02414	0.05333	0.01329	0.00376	0.01151	0.01167	0.06811	0.01384

[dist]
# distance from previous block
# <min> <max>
0	23

[block]
# block no. 2 follows, 13 sequences, length 44
# corresponding to MSA columns:
# 565-608
name=unknown_C
#
# <colnr> <probs for GDERKNQSTAVLIFYWHMCP>
#	G	D	E	R	K	N	Q	S	T	A	V	L	I	F	Y	W	H	M	C	P
0	0.17618	0.01837	0.02375	0.01907	0.02592	0.01785	0.06824	0.03768	0.06282	0.24159	0.07345	0.04488	0.11622	0.01481	0.01038	0.00338	0.00890	0.01232	0.01005	0.01412
1	0.09312	0.01252	0.01487	0.01486	0.01821	0.01190	0.01141	0.02326	0.02389	0.10694	0.12304	0.23911	0.15587	0.02463	0.01217	0.00385	0.00693	0.08270	0.01013	0.01059
2	0.19036	0.02211	0.07954	0.13593	0.10435	0.02006	0.02047	0.03092	0.02278	0.11527	0.03730	0.03905	0.11350	0.01348	0.00988	0.00336	0.01027	0.01085	0.00737	0.01316
3	0.03112	0.11511	0.08325	0.10547	0.18722	0.02628	0.05301	0.08932	0.02729	0.14507	0.02407	0.02681	0.01771	0.01063	0.01006	0.00313	0.01228	0.00916	0.00719	0.01583
4	0.10566	0.02360	0.02650	0.02142	0.02754	0.07533	0.05749	0.15368	0.03085	0.13569	0.06455	0.03183	0.02509	0.01298	0.01165	0.00320	0.05494	0.01001	0.11387	0.01412
5	0.18369	0.01599	0.01656	0.01375	0.01988	0.01454	0.01077	0.02355	0.02146	0.03557	0.07732	0.04455	0.14947	0.01594	0.01145	0.05396	0.00722	0.01108	0.00744	0.26581
6	0.03626	0.01751	0.02267	0.01728	0.02525	0.01453	0.01404	0.04062	0.02765	0.35081	0.08706	0.03602	0.03042	0.01233	0.00995	0.00275	0.00823	0.01015	0.01083	0.22563
7	0.10931	0.01823	0.02369	0.01835	0.02637	0.01631	0.01515	0.04960	0.02910	0.52049	0.03917	0.03421	0.02478	0.01278	0.01025	0.00327	0.00892	0.01017	0.01247	0.01738
8	0.01370	0.01025	0.01287	0.01438	0.01624	0.00942	0.01062	0.01657	0.02285	0.02965	0.11748	0.35021	0.19666	0.02973	0.01333	0.00412	0.00645	0.10651	0.00997	0.00900
9	0.02748	0.01328	0.01712	0.01494	0.01924	0.01193	0.01139	0.03108	0.02650	0.24041	0.18075	0.11532	0.08873	0.08607	0.01606	0.00412	0.00725	0.01611	0.05978	0.01245
10	0.01474	0.00993	0.01226	0.01306	0.01483	0.00927	0.00927	0.01818	0.02386	0.03410	0.20947	0.30630	0.11135	0.02526	0.01197	0.00360	0.00550	0.02237	0.13539	0.00927
11	0.09349	0.01233	0.01416	0.01455	0.01747	0.01209	0.01127	0.02221	0.02203	0.07141	0.05492	0.16137	0.13762	0.10334	0.01735	0.00473	0.00778	0.13893	0.07315	0.00979
12	0.17251	0.01336	0.01374	0.01293	0.01669	0.01315	0.00966	0.02257	0.02279	0.07862	0.14354	0.10558	0.21033	0.10075	0.01651	0.00437	0.00693	0.01669	0.00920	0.01007
13	0.01445	0.01076	0.01409	0.01421	0.01603	0.01106	0.01035	0.01735	0.02001	0.02715	0.11596	0.11688	0.13827	0.15314	0.26067	0.01040	0.01587	0.01681	0.00772	0.00881
14	0.03291	0.01838	0.02118	0.01789	0.02392	0.01897	0.01424	0.07996	0.20266	0.22522	0.03921	0.03726	0.02788	0.01329	0.00987	0.00317	0.00796	0.01081	0.17967	0.01555
15	0.01463	0.01005	0.01164	0.01217	0.01256	0.00979	0.00727	0.01522	0.01705	0.02249	0.04395	0.19216	0.08185	0.45607	0.04210	0.00848	0.00901	0.01907	0.00739	0.00706
16	0.01343	0.00983	0.01224	0.01348	0.01482	0.00905	0.00917	0.01572	0.02192	0.02905	0.14492	0.38655	0.15172	0.09581	0.01761	0.00467	0.00627	0.02538	0.00974	0.00863
17	0.24725	0.01552	0.01612	0.01414	0.01833	0.01597	0.01035	0.02960	0.01998	0.16776	0.02938	0.04389	0.02656	0.27198	0.02755	0.00622	0.00926	0.01104	0.00814	0.01097
18	0.01697	0.01166	0.01333	0.01316	0.01397	0.01181	0.00815	0.05746	0.01908	0.02547	0.03715	0.16502	0.04242	0.47047	0.04299	0.00859	0.00962	0.01754	0.00736	0.00775
19	0.09147	0.01088	0.01386	0.01425	0.01564	0.01110	0.01031	0.01782	0.01790	0.02716	0.06198	0.12723	0.03524	0.02983	0.02649	0.35329	0.00814	0.06556	0.05468	0.00717
20	0.01538	0.01025	0.01153	0.01153	0.01153	0.01025	0.00641	0.01538	0.01538	0.02050	0.03331	0.06919	0.03844	0.62842	0.05382	0.01025	0.01025	0.01538	0.00641	0.00641
21	0.01475	0.01064	0.01394	0.01345	0.01575	0.00984	0.00996	0.01942	0.02894	0.04083	0.50614	0.13419	0.09673	0.02279	0.01257	0.00342	0.00510	0.02023	0.01145	0.00984
22	0.62731	0.01932	0.01510	0.01364	0.01946	0.02223	0.01089	0.02935	0.01771	0.04447	0.01677	0.02291	0.01442	0.07799	0.01175	0.00404	0.00841	0.00679	0.00653	0.01089
23	0.42569	0.01818	0.01713	0.01472	0.02107	0.01927	0.01199	0.03362	0.02242	0.17151	0.06889	0.03469	0.07688	0.01316	0.00856	0.00331	0.00786	0.00955	0.00882	0.01267
24	0.01330	0.00950	0.01275	0.01521	0.01600	0.00895	0.01055	0.01545	0.02066	0.02746	0.05804	0.57041	0.06901	0.03273	0.01361	0.00435	0.00650	0.07700	0.00981	0.00870
25	0.03660	0.02783	0.02971	0.02360	0.03142	0.03111	0.01923	0.40540	0.17737	0.06084	0.02995	0.02902	0.02168	0.01312	0.01062	0.00328	0.01079	0.01015	0.01062	0.01766
26	0.21391	0.01508	0.01600	0.01389	0.01900	0.01520	0.01108	0.03286	0.02439	0.18371	0.11174	0.03851	0.03379	0.01327	0.00881	0.00303	0.00692	0.01036	0.21595	0.01248
27	0.01492	0.01006	0.01167	0.01211	0.01223	0.00995	0.00703	0.01526	0.01626	0.02169	0.03787	0.17008	0.04419	0.51968	0.04645	0.00916	0.00950	0.01806	0.00703	0.00681
28	0.02313	0.02313	0.03238	0.02776	0.02776	0.03238	0.02313	0.02545	0.01619	0.02545	0.01388	0.02313	0.01388	0.01851	0.03470	0.00463	0.60907	0.00925	0.00463	0.01157
29	0.08608	0.01775	0.02116	0.01746	0.02415	0.01719	0.01407	0.04501	0.13207	0.32672	0.04666	0.04278	0.08501	0.01455	0.01033	0.00331	0.00812	0.01177	0.06013	0.01567
30	0.01514	0.01105	0.01557	0.01548	0.01705	0.01226	0.01148	0.01829	0.01809	0.02569	0.08758	0.05127	0.03695	0.18422	0.41530	0.01412	0.02209	0.01301	0.00647	0.00888
31	0.01315	0.00931	0.01219	0.01438	0.01492	0.00877	0.00945	0.01479	0.01972	0.02629	0.05557	0.56171	0.06652	0.09759	0.01786	0.00494	0.00658	0.02847	0.00945	0.00835
32	0.01592	0.01209	0.01481	0.01391	0.01690	0.01163	0.01049	0.02335	0.08488	0.04107	0.45167	0.07721	0.14298	0.02140	0.01229	0.00338	0.00539	0.01870	0.01134	0.01059
33	0.13260	0.02193	0.02417	0.01971	0.02611	0.02340	0.01580	0.26353	0.03476	0.14212	0.02925	0.08745	0.02379	0.01707	0.01369	0.07927	0.00984	0.01121	0.00969	0.01460
34	0.02789	0.02296	0.02820	0.02383	0.03051	0.02546	0.07255	0.05334	0.44392	0.08642	0.04054	0.03796	0.02998	0.01364	0.01094	0.00356	0.00946	0.01190	0.01035	0.01657
35	0.03950	0.05039	0.02996	0.02724	0.03269	0.58597	0.02043	0.04222	0.02996	0.02588	0.01634	0.01907	0.01362	0.01090	0.00953	0.00272	0.01907	0.00681	0.00545	0.01226
36	0.02442	0.02747	0.05907	0.10503	0.05716	0.02639	0.47050	0.03313	0.02454	0.03313	0.02111	0.02848	0.01583	0.00909	0.01227	0.00356	0.01742	0.01214	0.00528	0.01399
37	0.02630	0.02271	0.02391	0.02152	0.02749	0.02630	0.01674	0.05618	0.54336	0.04423	0.04303	0.03945	0.03228	0.01434	0.01076	0.00359	0.00837	0.01195	0.01076	0.01674
38	0.02630	0.02271	0.02391	0.02152	0.02749	0.02630	0.01674	0.05618	0.54336	0.04423	0.04303	0.03945	0.03228	0.01434	0.01076	0.00359	0.00837	0.01195	0.01076	0.01674
39	0.01510	0.01133	0.01699	0.01699	0.01888	0.01322	0.01322	0.01888	0.01699	0.02454	0.02832	0.04154	0.02643	0.07930	0.58652	0.01699	0.02832	0.01133	0.00566	0.00944
40	0.02121	0.05469	0.57364	0.03014	0.04576	0.02455	0.03906	0.03348	0.02232	0.03348	0.01897	0.02232	0.01339	0.01005	0.01005	0.00335	0.01563	0.00781	0.00446	0.01563
41	0.03528	0.03959	0.03091	0.02688	0.03140	0.34403	0.02109	0.12122	0.02971	0.03277	0.01725	0.02123	0.01444	0.01322	0.01638	0.00331	0.17421	0.00792	0.00611	0.01306
42	0.01538	0.01025	0.01153	0.01153	0.01153	0.01025	0.00641	0.01538	0.01538	0.02050	0.03331	0.06919	0.03844	0.62842	0.05382	0.01025	0.01025	0.01538	0.00641	0.00641
43	0.02188	0.01981	0.03171	0.54840	0.06904	0.02437	0.02849	0.07422	0.02384	0.03075	0.01941	0.02792	0.01446	0.01077	0.01057	0.00349	0.01386	0.00941	0.00525	0.01233

[dist]
# distance from previous block
# <min> <max>
3	17

[block]
# block no. 3 follows, 13 sequences, length 10
# corresponding to MSA columns:
# 626-635
name=unknown_D
#
# <colnr> <probs for GDERKNQSTAVLIFYWHMCP>
#	G	D	E	R	K	N	Q	S	T	A	V	L	I	F	Y	W	H	M	C	P
0	0.09025	0.13177	0.11943	0.02495	0.07689	0.09417	0.02077	0.09722	0.02471	0.03364	0.01837	0.02353	0.01533	0.01627	0.01626	0.15812	0.01236	0.00782	0.00573	0.01242
1	0.02541	0.11852	0.03421	0.22021	0.04398	0.02478	0.06737	0.07079	0.06758	0.08209	0.06811	0.07752	0.02807	0.01348	0.01053	0.00332	0.01155	0.01176	0.00738	0.01335
2	0.19509	0.02878	0.16027	0.06829	0.03356	0.02194	0.02120	0.03605	0.10342	0.07957	0.02338	0.02518	0.01732	0.01054	0.00896	0.00305	0.01057	0.00800	0.00698	0.13784
3	0.03950	0.05039	0.02996	0.02724	0.03269	0.58597	0.02043	0.04222	0.02996	0.02588	0.01634	0.01907	0.01362	0.01090	0.00953	0.00272	0.01907	0.00681	0.00545	0.01226
4	0.02192	0.01879	0.02192	0.01566	0.02506	0.01409	0.01253	0.02662	0.02192	0.03445	0.01879	0.02192	0.01566	0.00783	0.00783	0.00157	0.00783	0.00626	0.00626	0.69305
5	0.01510	0.01133	0.01699	0.01699	0.01888	0.01322	0.01322	0.01888	0.01699	0.02454	0.02832	0.04154	0.02643	0.07930	0.58652	0.01699	0.02832	0.01133	0.00566	0.00944
6	0.03210	0.26969	0.03829	0.02131	0.02833	0.15811	0.01808	0.13379	0.07552	0.03461	0.02010	0.02254	0.01659	0.01320	0.01167	0.06568	0.01266	0.00758	0.00651	0.01362
7	0.02030	0.01809	0.02747	0.28252	0.12563	0.02055	0.02296	0.02976	0.10347	0.03226	0.07888	0.12890	0.03416	0.01560	0.01123	0.00358	0.01086	0.01399	0.00718	0.01261
8	0.70310	0.02045	0.01554	0.01390	0.02045	0.02372	0.01145	0.03108	0.01799	0.04744	0.01472	0.01718	0.01145	0.00981	0.00654	0.00327	0.00818	0.00573	0.00654	0.01145
9	0.02468	0.01811	0.01951	0.07007	0.02520	0.06691	0.01407	0.10313	0.02788	0.08030	0.10171	0.12949	0.08126	0.01942	0.01318	0.05640	0.00896	0.01462	0.11359	0.01151

[dist]
# distance from previous block
# <min> <max>
0	1

[block]
# block no. 4 follows, 13 sequences, length 20
# corresponding to MSA columns:
# 637-656
name=unknown_E
#
# <colnr> <probs for GDERKNQSTAVLIFYWHMCP>
#	G	D	E	R	K	N	Q	S	T	A	V	L	I	F	Y	W	H	M	C	P
0	0.01516	0.01086	0.01442	0.08710	0.02124	0.01112	0.01110	0.01757	0.01972	0.02710	0.07589	0.30732	0.05234	0.19919	0.02418	0.00570	0.00815	0.02094	0.06234	0.00855
1	0.26193	0.02035	0.02718	0.18024	0.17045	0.02247	0.02162	0.03113	0.02148	0.08095	0.02180	0.05833	0.01802	0.01151	0.00931	0.00336	0.01077	0.00940	0.00646	0.01324
2	0.03950	0.05039	0.02996	0.02724	0.03269	0.58597	0.02043	0.04222	0.02996	0.02588	0.01634	0.01907	0.01362	0.01090	0.00953	0.00272	0.01907	0.00681	0.00545	0.01226
3	0.01951	0.00975	0.01045	0.01045	0.01254	0.00975	0.00766	0.02299	0.02090	0.03623	0.03205	0.03832	0.02578	0.01601	0.01252	0.10680	0.00557	0.00975	0.58390	0.00906
4	0.02684	0.01411	0.01969	0.08952	0.02657	0.01381	0.01419	0.03055	0.02437	0.21968	0.11647	0.12493	0.04333	0.10694	0.07535	0.00578	0.01077	0.01507	0.00972	0.01230
5	0.02345	0.04717	0.39624	0.03394	0.04752	0.06230	0.17199	0.03417	0.02356	0.03309	0.01947	0.02382	0.01414	0.00979	0.01068	0.00337	0.01646	0.00904	0.00477	0.01503
6	0.02299	0.01262	0.01649	0.01449	0.01851	0.01130	0.01123	0.02757	0.02955	0.17484	0.39055	0.06991	0.11770	0.01987	0.01201	0.00333	0.00603	0.01723	0.01186	0.01192
7	0.01713	0.00970	0.01267	0.01311	0.01370	0.00962	0.00880	0.01635	0.01681	0.02386	0.03130	0.12043	0.03308	0.16640	0.03404	0.30855	0.00843	0.04028	0.10916	0.00659
8	0.01927	0.00989	0.01002	0.01002	0.01224	0.00989	0.00729	0.02370	0.02149	0.03751	0.03437	0.04243	0.02825	0.07459	0.01208	0.00325	0.00547	0.01041	0.61831	0.00951
9	0.02959	0.02280	0.06724	0.02133	0.02783	0.02171	0.01843	0.12140	0.20519	0.13317	0.03877	0.04920	0.03168	0.01765	0.01331	0.04800	0.00989	0.09775	0.01004	0.01501
10	0.02154	0.01985	0.03089	0.35137	0.14156	0.02118	0.02525	0.02782	0.02185	0.03032	0.01898	0.02613	0.01497	0.00962	0.00980	0.00292	0.01211	0.00854	0.00522	0.20009
11	0.01759	0.01745	0.08534	0.05374	0.02433	0.01299	0.01562	0.02274	0.02556	0.06734	0.19022	0.07988	0.23199	0.02185	0.01226	0.00366	0.00801	0.08905	0.00946	0.01091
12	0.13869	0.01908	0.02083	0.01536	0.02427	0.01574	0.01234	0.02739	0.02125	0.03668	0.01809	0.02111	0.01494	0.00817	0.00761	0.00186	0.00789	0.00617	0.00631	0.57622
13	0.02182	0.02422	0.10536	0.01785	0.02819	0.01568	0.01654	0.02766	0.02198	0.03431	0.01882	0.02198	0.01532	0.00817	0.00817	0.00184	0.00901	0.00650	0.00599	0.59061
14	0.02875	0.02325	0.02948	0.23031	0.04541	0.02518	0.02170	0.23308	0.03310	0.04504	0.02151	0.02560	0.01605	0.01082	0.00995	0.00293	0.01165	0.00873	0.00748	0.16997
15	0.02060	0.01821	0.02864	0.20476	0.17682	0.02050	0.02288	0.02430	0.02054	0.02762	0.03175	0.03879	0.09773	0.01797	0.01886	0.11552	0.08618	0.01130	0.00559	0.01144
16	0.10407	0.02008	0.09942	0.01615	0.02125	0.01572	0.01442	0.06384	0.02519	0.03745	0.19996	0.05897	0.11210	0.14425	0.01979	0.00478	0.00868	0.01455	0.00852	0.01081
17	0.02747	0.15211	0.12194	0.16222	0.04555	0.06255	0.10702	0.03409	0.02378	0.09711	0.02114	0.02512	0.01578	0.01009	0.00983	0.00305	0.01370	0.00872	0.00592	0.05280
18	0.01598	0.01217	0.01464	0.01415	0.01465	0.01329	0.00942	0.01682	0.01700	0.02280	0.04169	0.11202	0.10251	0.41148	0.04241	0.00807	0.09985	0.01653	0.00685	0.00768
19	0.07896	0.08341	0.03142	0.38098	0.05506	0.06375	0.02400	0.02884	0.02163	0.02934	0.01787	0.02472	0.01399	0.01003	0.00944	0.00307	0.01289	0.00814	0.00508	0.09738

[dist]
# distance from previous block
# <min> <max>
0	448

# created by:
# /st0/software/busco_prod/Augustus/scripts/msa2prfl.pl ./align_prep/4514.fa
