[name]
unknown

[dist]
# distance from previous block
# <min> <max>
0	48

[block]
# block no. 0 follows, 14 sequences, length 7
# corresponding to MSA columns:
# 49-55
name=unknown_A
#
# <colnr> <probs for GDERKNQSTAVLIFYWHMCP>
#	G	D	E	R	K	N	Q	S	T	A	V	L	I	F	Y	W	H	M	C	P
0	0.03208	0.03827	0.02548	0.02428	0.02872	0.42999	0.01888	0.03532	0.02752	0.02672	0.02690	0.04640	0.02637	0.01567	0.01066	0.00324	0.01591	0.14991	0.00648	0.01120
1	0.02250	0.01933	0.02183	0.01683	0.02500	0.01708	0.01333	0.03407	0.17486	0.03616	0.02499	0.02616	0.01982	0.00941	0.00842	0.00208	0.00775	0.00766	0.00733	0.50539
2	0.01991	0.02040	0.01683	0.01777	0.01971	0.17749	0.01248	0.02194	0.02235	0.02589	0.04489	0.45652	0.05220	0.02596	0.01200	0.00373	0.00955	0.02270	0.00831	0.00936
3	0.03869	0.03827	0.02999	0.02495	0.03178	0.29934	0.01966	0.30486	0.03919	0.04599	0.02049	0.02174	0.01545	0.01150	0.00979	0.00287	0.01470	0.00800	0.00791	0.01483
4	0.03041	0.35096	0.04091	0.01961	0.02727	0.08456	0.01752	0.17686	0.03028	0.03758	0.07389	0.02511	0.02291	0.01120	0.00844	0.00259	0.01111	0.00799	0.00686	0.01393
5	0.16142	0.02351	0.02745	0.02149	0.02920	0.02493	0.05242	0.23883	0.08790	0.18778	0.02823	0.02738	0.01958	0.01181	0.00971	0.00319	0.01013	0.00928	0.00983	0.01592
6	0.02286	0.08372	0.05263	0.02294	0.07289	0.04669	0.06216	0.06615	0.02317	0.03332	0.02878	0.03536	0.05162	0.05897	0.04371	0.00411	0.06508	0.01016	0.20394	0.01173

[dist]
# distance from previous block
# <min> <max>
0	1

[block]
# block no. 1 follows, 14 sequences, length 14
# corresponding to MSA columns:
# 57-70
name=unknown_B
#
# <colnr> <probs for GDERKNQSTAVLIFYWHMCP>
#	G	D	E	R	K	N	Q	S	T	A	V	L	I	F	Y	W	H	M	C	P
0	0.01603	0.01573	0.07473	0.01428	0.01695	0.01279	0.01120	0.02027	0.06039	0.02438	0.03974	0.06143	0.09703	0.40017	0.08556	0.00848	0.01128	0.01434	0.00669	0.00853
1	0.02742	0.33596	0.03798	0.01749	0.02518	0.02857	0.01581	0.06403	0.02307	0.09158	0.02051	0.02338	0.01700	0.01919	0.09363	0.00433	0.01258	0.00718	0.00616	0.12894
2	0.01979	0.01253	0.01565	0.01475	0.01805	0.01198	0.01107	0.02653	0.08964	0.11578	0.27852	0.19092	0.11034	0.02181	0.01187	0.00348	0.00608	0.01913	0.01086	0.01122
3	0.02128	0.01824	0.02128	0.01520	0.02432	0.01368	0.01216	0.02584	0.02128	0.03344	0.01824	0.02128	0.01520	0.00760	0.00760	0.00152	0.00760	0.00608	0.00608	0.70208
4	0.02138	0.01629	0.01830	0.01710	0.02134	0.01739	0.01299	0.03709	0.28322	0.07479	0.12868	0.15804	0.11157	0.01960	0.01136	0.00354	0.00695	0.01690	0.01045	0.01304
5	0.08442	0.06970	0.02869	0.14483	0.09929	0.02311	0.02008	0.08840	0.04934	0.09319	0.02381	0.03189	0.01951	0.01513	0.01486	0.08242	0.05250	0.03922	0.00685	0.01276
6	0.02176	0.01867	0.02150	0.01584	0.02459	0.01502	0.01262	0.02909	0.08195	0.03451	0.02091	0.02321	0.01703	0.00832	0.00792	0.00174	0.00766	0.00671	0.00657	0.62439
7	0.10402	0.20966	0.14078	0.02582	0.06807	0.02879	0.08326	0.10216	0.02444	0.03504	0.01791	0.02178	0.01440	0.01182	0.01139	0.06180	0.01211	0.00773	0.00558	0.01346
8	0.02463	0.12577	0.27252	0.03102	0.07495	0.02831	0.10532	0.08638	0.02424	0.03402	0.01834	0.02248	0.01416	0.01062	0.01247	0.00324	0.08340	0.00840	0.00518	0.01455
9	0.01510	0.01055	0.01419	0.01439	0.01598	0.01084	0.01074	0.01741	0.01947	0.02652	0.12532	0.06581	0.08921	0.15749	0.20574	0.08795	0.01399	0.08380	0.00735	0.00816
10	0.02704	0.46407	0.04821	0.08819	0.09711	0.07350	0.02056	0.03101	0.02166	0.02555	0.01540	0.01884	0.01360	0.00910	0.00759	0.00246	0.01191	0.00639	0.00455	0.01326
11	0.01820	0.01373	0.07513	0.01487	0.01665	0.01056	0.01195	0.01604	0.01473	0.02058	0.01879	0.03057	0.01779	0.03149	0.03494	0.58587	0.00935	0.00881	0.04404	0.00591
12	0.02766	0.11374	0.09791	0.14675	0.03824	0.02221	0.05613	0.05696	0.02467	0.16912	0.03386	0.03551	0.08044	0.01514	0.03444	0.00369	0.01196	0.01042	0.00748	0.01369
13	0.17621	0.02696	0.15479	0.09081	0.03394	0.02061	0.02088	0.07427	0.02449	0.15453	0.02836	0.02941	0.05274	0.01153	0.00925	0.00312	0.01056	0.00887	0.00752	0.06114

[dist]
# distance from previous block
# <min> <max>
0	32

[block]
# block no. 2 follows, 14 sequences, length 39
# corresponding to MSA columns:
# 105-143
name=unknown_C
#
# <colnr> <probs for GDERKNQSTAVLIFYWHMCP>
#	G	D	E	R	K	N	Q	S	T	A	V	L	I	F	Y	W	H	M	C	P
0	0.02872	0.09236	0.12573	0.02694	0.07503	0.02439	0.08279	0.10507	0.08633	0.11230	0.02476	0.02613	0.01825	0.01036	0.00963	0.00288	0.01141	0.00884	0.00739	0.12068
1	0.02175	0.01595	0.01933	0.01518	0.02219	0.01259	0.01181	0.02579	0.02240	0.08843	0.06894	0.13325	0.03158	0.01340	0.00917	0.00228	0.00722	0.01147	0.00775	0.45950
2	0.02498	0.02093	0.06737	0.03370	0.16526	0.01815	0.11823	0.03052	0.02413	0.13362	0.06432	0.15622	0.03501	0.01613	0.01147	0.00349	0.01089	0.04400	0.00796	0.01360
3	0.01393	0.01047	0.01290	0.01229	0.01497	0.00943	0.00922	0.01822	0.02765	0.03783	0.45462	0.08213	0.21420	0.02222	0.01211	0.00329	0.00493	0.01933	0.01086	0.00943
4	0.02177	0.02392	0.08339	0.33446	0.14590	0.02386	0.09797	0.03141	0.07597	0.03058	0.02116	0.02770	0.01610	0.01018	0.01047	0.00335	0.01349	0.00965	0.00531	0.01336
5	0.01492	0.00995	0.01119	0.01119	0.01119	0.00995	0.00622	0.01492	0.01492	0.01990	0.03233	0.06716	0.03731	0.63935	0.05223	0.00995	0.00995	0.01492	0.00622	0.00622
6	0.03537	0.01504	0.02033	0.01655	0.02253	0.01319	0.01327	0.03945	0.02871	0.40028	0.18741	0.08180	0.04761	0.01613	0.01098	0.00325	0.00750	0.01371	0.01213	0.01478
7	0.02744	0.64552	0.05378	0.01756	0.02634	0.04061	0.01756	0.03073	0.02085	0.02414	0.01427	0.01646	0.01317	0.00878	0.00658	0.00219	0.01097	0.00549	0.00439	0.01317
8	0.01358	0.01045	0.01241	0.01192	0.01475	0.00928	0.00894	0.01755	0.02683	0.03588	0.38714	0.08533	0.28289	0.02294	0.01211	0.00332	0.00498	0.01977	0.01060	0.00928
9	0.71184	0.01985	0.01508	0.01350	0.01985	0.02302	0.01111	0.03017	0.01746	0.04604	0.01429	0.01667	0.01111	0.00953	0.00635	0.00318	0.00794	0.00556	0.00635	0.01111
10	0.01913	0.00956	0.00956	0.00956	0.01196	0.00956	0.00717	0.02391	0.02152	0.03826	0.03348	0.03826	0.02630	0.01196	0.00717	0.00239	0.00478	0.00956	0.69632	0.00956
11	0.71184	0.01985	0.01508	0.01350	0.01985	0.02302	0.01111	0.03017	0.01746	0.04604	0.01429	0.01667	0.01111	0.00953	0.00635	0.00318	0.00794	0.00556	0.00635	0.01111
12	0.01492	0.00995	0.01119	0.01119	0.01119	0.00995	0.00622	0.01492	0.01492	0.01990	0.03233	0.06716	0.03731	0.63935	0.05223	0.00995	0.00995	0.01492	0.00622	0.00622
13	0.71184	0.01985	0.01508	0.01350	0.01985	0.02302	0.01111	0.03017	0.01746	0.04604	0.01429	0.01667	0.01111	0.00953	0.00635	0.00318	0.00794	0.00556	0.00635	0.01111
14	0.71184	0.01985	0.01508	0.01350	0.01985	0.02302	0.01111	0.03017	0.01746	0.04604	0.01429	0.01667	0.01111	0.00953	0.00635	0.00318	0.00794	0.00556	0.00635	0.01111
15	0.01279	0.00913	0.01223	0.01461	0.01533	0.00858	0.01002	0.01478	0.01993	0.02651	0.05640	0.59631	0.06725	0.03188	0.01317	0.00421	0.00620	0.06272	0.00952	0.00841
16	0.01532	0.01177	0.01435	0.01571	0.01744	0.01205	0.01098	0.02299	0.13577	0.02981	0.05336	0.50416	0.05997	0.02821	0.01252	0.00402	0.00642	0.02538	0.00972	0.01004
17	0.01370	0.01046	0.01257	0.01204	0.01482	0.00933	0.00903	0.01776	0.02709	0.03651	0.40897	0.08429	0.26068	0.02271	0.01211	0.00331	0.00496	0.01963	0.01069	0.00933
18	0.02184	0.02075	0.03522	0.38938	0.27678	0.02345	0.02972	0.02837	0.02168	0.02920	0.01867	0.02656	0.01473	0.00980	0.01022	0.00327	0.01307	0.00913	0.00477	0.01338
19	0.01246	0.00908	0.01175	0.01389	0.01478	0.00837	0.00935	0.01433	0.02004	0.02635	0.06148	0.57728	0.12007	0.03151	0.01300	0.00409	0.00588	0.02839	0.00953	0.00837
20	0.04315	0.02210	0.02669	0.02046	0.02851	0.02197	0.01690	0.25192	0.03713	0.36957	0.03397	0.03070	0.02213	0.01254	0.01030	0.00314	0.00978	0.00988	0.01170	0.01746
21	0.07484	0.03017	0.18622	0.02290	0.03267	0.02168	0.06090	0.03696	0.17709	0.03684	0.02503	0.02648	0.01898	0.01028	0.00929	0.00286	0.01069	0.00854	0.00680	0.20079
22	0.02158	0.01455	0.01671	0.01590	0.01887	0.05108	0.01189	0.02460	0.02429	0.13463	0.16194	0.26420	0.11515	0.02311	0.01324	0.00362	0.04414	0.01978	0.00991	0.01080
23	0.01481	0.01041	0.01353	0.01353	0.01434	0.01122	0.00914	0.01643	0.01562	0.02163	0.03019	0.05530	0.03216	0.39096	0.29358	0.01284	0.01770	0.01319	0.00590	0.00752
24	0.02290	0.01819	0.02145	0.01540	0.02444	0.01377	0.01235	0.02742	0.02181	0.06927	0.01969	0.02217	0.01587	0.00793	0.00778	0.00163	0.00767	0.00636	0.00651	0.65740
25	0.07216	0.30554	0.11320	0.07076	0.08778	0.07551	0.02270	0.03080	0.02105	0.02795	0.01566	0.01967	0.01340	0.01019	0.01064	0.00285	0.07543	0.00686	0.00468	0.01317
26	0.02564	0.02814	0.08827	0.03804	0.22763	0.06938	0.02488	0.03982	0.21281	0.03521	0.02635	0.02878	0.02077	0.01193	0.01259	0.00334	0.07462	0.00965	0.00687	0.01529
27	0.01291	0.00915	0.01197	0.01386	0.01454	0.00860	0.00919	0.01474	0.01987	0.02668	0.09293	0.53190	0.06690	0.09427	0.01708	0.00470	0.00628	0.02689	0.00932	0.00822
28	0.01836	0.01186	0.01556	0.01600	0.01916	0.01112	0.01333	0.02263	0.02530	0.08953	0.16900	0.09610	0.15912	0.02476	0.01296	0.00402	0.00763	0.26320	0.01018	0.01018
29	0.01331	0.00989	0.01248	0.01352	0.01534	0.00906	0.00981	0.01633	0.02326	0.03089	0.20309	0.33056	0.17807	0.02758	0.01273	0.00382	0.00580	0.06561	0.00999	0.00886
30	0.65489	0.01964	0.01583	0.01390	0.02039	0.02234	0.01145	0.03186	0.01848	0.09193	0.01653	0.01823	0.01234	0.00980	0.00669	0.00318	0.00801	0.00596	0.00689	0.01166
31	0.01599	0.01137	0.01565	0.01783	0.01983	0.01131	0.01502	0.02005	0.02255	0.02942	0.05288	0.16564	0.05831	0.07551	0.01698	0.00507	0.00913	0.41918	0.00921	0.00909
32	0.02058	0.05308	0.58618	0.02925	0.04442	0.02383	0.03792	0.03250	0.02167	0.03250	0.01842	0.02167	0.01300	0.00975	0.00975	0.00325	0.01517	0.00758	0.00433	0.01517
33	0.01226	0.00990	0.01091	0.01172	0.01421	0.00855	0.00839	0.01458	0.02211	0.02720	0.08779	0.28088	0.39948	0.02809	0.01246	0.00370	0.00546	0.02422	0.00953	0.00855
34	0.01938	0.01824	0.03078	0.61468	0.07068	0.02280	0.02850	0.02622	0.02052	0.02622	0.01824	0.02736	0.01368	0.01026	0.01026	0.00342	0.01368	0.00912	0.00456	0.01140
35	0.02932	0.58184	0.05074	0.01763	0.02632	0.03802	0.01731	0.03268	0.02172	0.08075	0.01693	0.01833	0.01441	0.00918	0.00696	0.00229	0.01075	0.00598	0.00523	0.01360
36	0.02528	0.02472	0.04357	0.06099	0.52243	0.02454	0.08286	0.03163	0.02345	0.03346	0.01945	0.02563	0.01619	0.00909	0.01036	0.00309	0.01271	0.00944	0.00509	0.01601
37	0.01452	0.01049	0.01372	0.01291	0.01533	0.00968	0.00968	0.01937	0.02905	0.04115	0.56992	0.07666	0.09683	0.02098	0.01210	0.00323	0.00484	0.01856	0.01130	0.00968
38	0.03613	0.02731	0.02918	0.02303	0.03073	0.03048	0.01881	0.43729	0.15676	0.06004	0.02829	0.02755	0.02041	0.01266	0.01030	0.00317	0.01062	0.00974	0.01030	0.01719

[dist]
# distance from previous block
# <min> <max>
0	8

[block]
# block no. 3 follows, 14 sequences, length 124
# corresponding to MSA columns:
# 152-275
name=unknown_D
#
# <colnr> <probs for GDERKNQSTAVLIFYWHMCP>
#	G	D	E	R	K	N	Q	S	T	A	V	L	I	F	Y	W	H	M	C	P
0	0.02717	0.03823	0.32215	0.02905	0.04107	0.02246	0.13007	0.03787	0.06002	0.15294	0.02526	0.02686	0.01744	0.01046	0.01039	0.00329	0.01371	0.00934	0.00674	0.01548
1	0.01469	0.01089	0.01594	0.01594	0.01759	0.01253	0.01214	0.01797	0.01633	0.02342	0.02799	0.04309	0.02686	0.13520	0.54210	0.01582	0.02567	0.01140	0.00557	0.00886
2	0.01452	0.01049	0.01372	0.01291	0.01533	0.00968	0.00968	0.01937	0.02905	0.04115	0.56992	0.07666	0.09683	0.02098	0.01210	0.00323	0.00484	0.01856	0.01130	0.00968
3	0.02211	0.02103	0.03571	0.36431	0.29970	0.02352	0.02986	0.02861	0.02181	0.02954	0.01872	0.02647	0.01485	0.00975	0.01021	0.00325	0.01300	0.00913	0.00480	0.01360
4	0.02333	0.04132	0.40907	0.08725	0.04244	0.02137	0.03171	0.03288	0.02245	0.10640	0.02426	0.06969	0.01886	0.01188	0.01013	0.00333	0.01345	0.00973	0.00589	0.01458
5	0.01938	0.01824	0.03078	0.61468	0.07068	0.02280	0.02850	0.02622	0.02052	0.02622	0.01824	0.02736	0.01368	0.01026	0.01026	0.00342	0.01368	0.00912	0.00456	0.01140
6	0.01825	0.01084	0.01217	0.01144	0.01477	0.00981	0.00872	0.02217	0.02460	0.08849	0.17621	0.06809	0.23793	0.01905	0.01034	0.00304	0.00533	0.01595	0.23276	0.01004
7	0.07109	0.01701	0.06114	0.02065	0.07299	0.01399	0.01525	0.02870	0.02360	0.18568	0.07924	0.24677	0.08141	0.02018	0.01120	0.00354	0.00801	0.01758	0.00951	0.01244
8	0.04604	0.01746	0.02382	0.01826	0.02620	0.01508	0.01508	0.05001	0.02937	0.58244	0.04049	0.03493	0.02540	0.01270	0.01032	0.00318	0.00873	0.01032	0.01270	0.01746
9	0.01250	0.00893	0.01191	0.01429	0.01488	0.00834	0.00953	0.01429	0.01965	0.02620	0.05656	0.63265	0.06787	0.03215	0.01310	0.00417	0.00595	0.02917	0.00953	0.00834
10	0.01936	0.01743	0.02879	0.55806	0.06518	0.02156	0.02650	0.02600	0.02061	0.02735	0.01967	0.02838	0.01486	0.01042	0.00997	0.00332	0.01285	0.00916	0.06929	0.01123
11	0.02122	0.02084	0.03778	0.33236	0.17884	0.02274	0.12826	0.02788	0.02184	0.02920	0.02175	0.07068	0.01856	0.01127	0.01081	0.00340	0.01349	0.01116	0.00516	0.01277
12	0.02189	0.12357	0.42875	0.02856	0.04115	0.02683	0.07000	0.03157	0.02119	0.03074	0.01760	0.02151	0.01325	0.01032	0.01176	0.00325	0.07144	0.00777	0.00442	0.01445
13	0.02631	0.02679	0.03937	0.03107	0.03546	0.07393	0.16715	0.09471	0.02334	0.03218	0.01715	0.02390	0.01456	0.01404	0.02269	0.00388	0.32546	0.00971	0.00549	0.01282
14	0.02167	0.01881	0.02319	0.01967	0.07588	0.01468	0.01397	0.02637	0.02148	0.03345	0.01834	0.02167	0.01530	0.00774	0.00784	0.00166	0.00803	0.00637	0.00599	0.63791
15	0.71184	0.01985	0.01508	0.01350	0.01985	0.02302	0.01111	0.03017	0.01746	0.04604	0.01429	0.01667	0.01111	0.00953	0.00635	0.00318	0.00794	0.00556	0.00635	0.01111
16	0.02518	0.02767	0.12478	0.09512	0.15022	0.02375	0.09968	0.14663	0.02897	0.03997	0.07422	0.06596	0.02624	0.01249	0.01077	0.00327	0.01231	0.01141	0.00696	0.01442
17	0.01466	0.01100	0.01649	0.01649	0.01833	0.01283	0.01283	0.01833	0.01649	0.02382	0.02749	0.04032	0.02566	0.07697	0.59868	0.01649	0.02749	0.01100	0.00550	0.00916
18	0.07039	0.14894	0.11529	0.15400	0.04225	0.02745	0.10884	0.06841	0.02251	0.03148	0.01776	0.02343	0.01416	0.01189	0.01307	0.04697	0.05691	0.00843	0.00515	0.01268
19	0.03712	0.04661	0.03026	0.02986	0.08259	0.54446	0.02092	0.04009	0.02855	0.02590	0.01618	0.01915	0.01350	0.01044	0.00934	0.00268	0.01792	0.00685	0.00527	0.01230
20	0.02337	0.01245	0.01439	0.01269	0.01738	0.01074	0.00994	0.02667	0.02498	0.19836	0.07561	0.07157	0.33517	0.02015	0.01095	0.00324	0.00622	0.01666	0.09802	0.01146
21	0.08608	0.02651	0.02819	0.02219	0.02991	0.02935	0.01819	0.40727	0.11731	0.08946	0.02722	0.02659	0.01942	0.01237	0.01001	0.00315	0.01045	0.00937	0.01015	0.01682
22	0.08545	0.01090	0.01159	0.01115	0.01394	0.01093	0.00846	0.02290	0.02382	0.04006	0.22362	0.04989	0.05006	0.01495	0.00886	0.00277	0.00511	0.01239	0.38341	0.00976
23	0.01351	0.00987	0.01269	0.01322	0.01502	0.00906	0.00944	0.01693	0.02482	0.03401	0.32439	0.29742	0.12982	0.02584	0.01250	0.00362	0.00531	0.02302	0.01043	0.00906
24	0.01938	0.01824	0.03078	0.61468	0.07068	0.02280	0.02850	0.02622	0.02052	0.02622	0.01824	0.02736	0.01368	0.01026	0.01026	0.00342	0.01368	0.00912	0.00456	0.01140
25	0.03053	0.02266	0.02464	0.02104	0.02754	0.02532	0.01668	0.14068	0.39922	0.11527	0.03855	0.03543	0.02810	0.01348	0.01040	0.00337	0.00876	0.01102	0.01070	0.01661
26	0.03833	0.04891	0.02908	0.02644	0.03173	0.59815	0.01983	0.04098	0.02908	0.02512	0.01586	0.01851	0.01322	0.01058	0.00925	0.00264	0.01851	0.00661	0.00529	0.01190
27	0.04257	0.02010	0.02509	0.01956	0.02733	0.01937	0.01605	0.14462	0.08760	0.42732	0.03758	0.03330	0.02449	0.01275	0.01032	0.00319	0.00916	0.01025	0.01200	0.01734
28	0.01713	0.01304	0.01995	0.02079	0.02377	0.01291	0.05702	0.02216	0.02367	0.03088	0.05173	0.10892	0.05568	0.02682	0.01401	0.00463	0.01006	0.46790	0.00912	0.00979
29	0.02540	0.02438	0.04165	0.06299	0.57533	0.02438	0.03149	0.03149	0.02337	0.03353	0.01930	0.02540	0.01626	0.00914	0.01016	0.00305	0.01219	0.00914	0.00508	0.01626
30	0.02146	0.06674	0.02030	0.01699	0.01970	0.14881	0.01267	0.02399	0.01967	0.02417	0.02551	0.04033	0.02493	0.19801	0.23392	0.00951	0.01799	0.01049	0.05544	0.00936
31	0.01248	0.00903	0.01180	0.01402	0.01481	0.00836	0.00941	0.01432	0.01990	0.02630	0.05979	0.59627	0.10217	0.03173	0.01303	0.00412	0.00590	0.02866	0.00953	0.00836
32	0.02361	0.01782	0.02109	0.01573	0.02398	0.01432	0.01255	0.02980	0.05921	0.09153	0.06497	0.02815	0.02369	0.00960	0.00842	0.00196	0.00754	0.00786	0.00747	0.53071
33	0.03280	0.03944	0.03196	0.02738	0.03233	0.39928	0.08503	0.03631	0.02596	0.02702	0.01745	0.02172	0.01453	0.01151	0.01301	0.00300	0.10476	0.00787	0.05676	0.01187
34	0.01474	0.01066	0.01479	0.01479	0.01603	0.01190	0.01070	0.01723	0.01599	0.02256	0.02905	0.04895	0.02940	0.25789	0.42288	0.01439	0.02185	0.01226	0.00573	0.00822
35	0.01509	0.01014	0.01175	0.01199	0.01224	0.01014	0.00729	0.01558	0.01582	0.02102	0.03461	0.07219	0.03956	0.57608	0.04829	0.00941	0.00990	0.06580	0.00655	0.00655
36	0.02300	0.02462	0.10560	0.34386	0.15155	0.02296	0.07925	0.03032	0.02217	0.06913	0.02030	0.02687	0.01508	0.01002	0.01036	0.00332	0.01360	0.00931	0.00527	0.01341
37	0.02481	0.02378	0.04059	0.11712	0.52581	0.02423	0.03120	0.03098	0.02309	0.03281	0.01920	0.02559	0.01600	0.00925	0.01017	0.00308	0.01234	0.00914	0.00503	0.01578
38	0.71184	0.01985	0.01508	0.01350	0.01985	0.02302	0.01111	0.03017	0.01746	0.04604	0.01429	0.01667	0.01111	0.00953	0.00635	0.00318	0.00794	0.00556	0.00635	0.01111
39	0.02422	0.02768	0.06055	0.04325	0.05363	0.02595	0.53806	0.03287	0.02422	0.03287	0.02076	0.02768	0.01557	0.00865	0.01211	0.00346	0.01730	0.01211	0.00519	0.01384
40	0.01250	0.00893	0.01191	0.01429	0.01488	0.00834	0.00953	0.01429	0.01965	0.02620	0.05656	0.63265	0.06787	0.03215	0.01310	0.00417	0.00595	0.02917	0.00953	0.00834
41	0.02542	0.03140	0.17987	0.02756	0.08586	0.02554	0.02398	0.09177	0.31035	0.04119	0.03157	0.03119	0.02353	0.01216	0.01021	0.00334	0.01075	0.01004	0.00823	0.01606
42	0.02540	0.02438	0.04165	0.06299	0.57533	0.02438	0.03149	0.03149	0.02337	0.03353	0.01930	0.02540	0.01626	0.00914	0.01016	0.00305	0.01219	0.00914	0.00508	0.01626
43	0.01363	0.00986	0.01311	0.01531	0.01663	0.00935	0.01140	0.01631	0.02106	0.02760	0.05947	0.44537	0.10294	0.03061	0.01333	0.00427	0.00689	0.16467	0.00950	0.00868
44	0.01492	0.00995	0.01119	0.01119	0.01119	0.00995	0.00622	0.01492	0.01492	0.01990	0.03233	0.06716	0.03731	0.63935	0.05223	0.00995	0.00995	0.01492	0.00622	0.00622
45	0.01492	0.00995	0.01119	0.01119	0.01119	0.00995	0.00622	0.01492	0.01492	0.01990	0.03233	0.06716	0.03731	0.63935	0.05223	0.00995	0.00995	0.01492	0.00622	0.00622
46	0.01250	0.00893	0.01191	0.01429	0.01488	0.00834	0.00953	0.01429	0.01965	0.02620	0.05656	0.63265	0.06787	0.03215	0.01310	0.00417	0.00595	0.02917	0.00953	0.00834
47	0.01492	0.00995	0.01119	0.01119	0.01119	0.00995	0.00622	0.01492	0.01492	0.01990	0.03233	0.06716	0.03731	0.63935	0.05223	0.00995	0.00995	0.01492	0.00622	0.00622
48	0.02660	0.01807	0.02183	0.01586	0.02472	0.01398	0.01279	0.03104	0.02302	0.15149	0.02302	0.02421	0.01739	0.00870	0.00818	0.00188	0.00784	0.00699	0.00750	0.55487
49	0.02744	0.64552	0.05378	0.01756	0.02634	0.04061	0.01756	0.03073	0.02085	0.02414	0.01427	0.01646	0.01317	0.00878	0.00658	0.00219	0.01097	0.00549	0.00439	0.01317
50	0.02128	0.01824	0.02128	0.01520	0.02432	0.01368	0.01216	0.02584	0.02128	0.03344	0.01824	0.02128	0.01520	0.00760	0.00760	0.00152	0.00760	0.00608	0.00608	0.70208
51	0.02245	0.02245	0.03143	0.02694	0.02694	0.03143	0.02245	0.02470	0.01572	0.02470	0.01347	0.02245	0.01347	0.01796	0.03368	0.00449	0.62057	0.00898	0.00449	0.01123
52	0.01492	0.00995	0.01119	0.01119	0.01119	0.00995	0.00622	0.01492	0.01492	0.01990	0.03233	0.06716	0.03731	0.63935	0.05223	0.00995	0.00995	0.01492	0.00622	0.00622
53	0.02540	0.02438	0.04165	0.06299	0.57533	0.02438	0.03149	0.03149	0.02337	0.03353	0.01930	0.02540	0.01626	0.00914	0.01016	0.00305	0.01219	0.00914	0.00508	0.01626
54	0.03581	0.01779	0.02332	0.07678	0.02954	0.01749	0.01609	0.04546	0.14025	0.35747	0.09340	0.03922	0.03290	0.01358	0.01052	0.00327	0.00869	0.01133	0.01128	0.01580
55	0.04428	0.02029	0.02556	0.01960	0.02761	0.01928	0.01619	0.17300	0.03410	0.45278	0.03652	0.03235	0.02341	0.01261	0.01031	0.00315	0.00937	0.01005	0.01209	0.01746
56	0.03607	0.04442	0.02986	0.02959	0.08467	0.49740	0.02069	0.04110	0.06948	0.02732	0.01821	0.02072	0.01492	0.01069	0.00943	0.00275	0.01708	0.00725	0.00567	0.01266
57	0.02215	0.02204	0.03137	0.08461	0.03123	0.03059	0.02305	0.02485	0.01619	0.02485	0.01394	0.02293	0.01349	0.01721	0.03138	0.00439	0.56102	0.00899	0.00450	0.01124
58	0.01938	0.01824	0.03078	0.61468	0.07068	0.02280	0.02850	0.02622	0.02052	0.02622	0.01824	0.02736	0.01368	0.01026	0.01026	0.00342	0.01368	0.00912	0.00456	0.01140
59	0.01938	0.01824	0.03078	0.61468	0.07068	0.02280	0.02850	0.02622	0.02052	0.02622	0.01824	0.02736	0.01368	0.01026	0.01026	0.00342	0.01368	0.00912	0.00456	0.01140
60	0.01938	0.01824	0.03078	0.61468	0.07068	0.02280	0.02850	0.02622	0.02052	0.02622	0.01824	0.02736	0.01368	0.01026	0.01026	0.00342	0.01368	0.00912	0.00456	0.01140
61	0.01213	0.01040	0.01040	0.01040	0.01386	0.00866	0.00780	0.01473	0.02339	0.02772	0.10396	0.09876	0.57117	0.02599	0.01213	0.00347	0.00520	0.02166	0.00953	0.00866
62	0.01243	0.01041	0.01082	0.01072	0.01405	0.00879	0.00804	0.01532	0.02411	0.02943	0.16309	0.09596	0.51097	0.02535	0.01213	0.00344	0.00515	0.02126	0.00975	0.00879
63	0.02956	0.03310	0.04453	0.03409	0.04227	0.18954	0.28379	0.07739	0.09506	0.03440	0.02233	0.02617	0.01705	0.01015	0.01094	0.00320	0.01601	0.01025	0.00628	0.01387
64	0.02730	0.02281	0.02599	0.11747	0.03486	0.02638	0.01890	0.14990	0.36562	0.04469	0.03444	0.03372	0.02562	0.01300	0.01038	0.00339	0.00967	0.01072	0.00945	0.01571
65	0.03034	0.02417	0.02921	0.02387	0.03021	0.07676	0.07746	0.09292	0.16928	0.13378	0.03112	0.03556	0.02418	0.01353	0.01289	0.00335	0.07302	0.04348	0.00873	0.06614
66	0.01341	0.01039	0.01568	0.01654	0.01789	0.00970	0.05055	0.01573	0.02000	0.02671	0.05378	0.58569	0.06381	0.03033	0.01302	0.00411	0.00683	0.02785	0.00919	0.00876
67	0.01244	0.00917	0.01166	0.01364	0.01471	0.00839	0.00924	0.01436	0.02027	0.02645	0.06442	0.54418	0.15128	0.03113	0.01294	0.00405	0.00583	0.02793	0.00953	0.00839
68	0.04019	0.01877	0.02364	0.01901	0.02634	0.01806	0.01541	0.05130	0.17979	0.42858	0.04085	0.03589	0.02709	0.01305	0.01035	0.00326	0.00856	0.01069	0.01206	0.01712
69	0.02111	0.09907	0.54485	0.02834	0.04301	0.02513	0.03634	0.03236	0.02160	0.03185	0.01809	0.02126	0.01301	0.00967	0.00950	0.00317	0.01484	0.00742	0.00434	0.01501
70	0.01469	0.01089	0.01594	0.01594	0.01759	0.01253	0.01214	0.01797	0.01633	0.02342	0.02799	0.04309	0.02686	0.13520	0.54210	0.01582	0.02567	0.01140	0.00557	0.00886
71	0.04604	0.01746	0.02382	0.01826	0.02620	0.01508	0.01508	0.05001	0.02937	0.58244	0.04049	0.03493	0.02540	0.01270	0.01032	0.00318	0.00873	0.01032	0.01270	0.01746
72	0.01642	0.01323	0.01843	0.01745	0.01843	0.01616	0.01328	0.01887	0.01593	0.02304	0.02564	0.04308	0.02589	0.20358	0.34024	0.01226	0.15219	0.01153	0.00546	0.00888
73	0.01818	0.01164	0.01417	0.01411	0.01664	0.01127	0.01019	0.02384	0.07821	0.08386	0.15653	0.26800	0.09615	0.06481	0.01436	0.00398	0.00631	0.02002	0.07744	0.01028
74	0.01279	0.00914	0.01224	0.01462	0.01534	0.00859	0.01003	0.01479	0.01993	0.02652	0.05640	0.59532	0.06724	0.03188	0.01318	0.00421	0.00621	0.06363	0.00952	0.00842
75	0.03817	0.01921	0.03077	0.12137	0.03792	0.01808	0.09983	0.04335	0.02709	0.40325	0.03368	0.03253	0.02190	0.01166	0.01059	0.00326	0.01091	0.01040	0.01016	0.01588
76	0.01932	0.02453	0.14626	0.01741	0.02678	0.01498	0.01710	0.02515	0.02178	0.03210	0.03518	0.03664	0.12430	0.01171	0.00898	0.00229	0.00883	0.00949	0.00637	0.41082
77	0.71184	0.01985	0.01508	0.01350	0.01985	0.02302	0.01111	0.03017	0.01746	0.04604	0.01429	0.01667	0.01111	0.00953	0.00635	0.00318	0.00794	0.00556	0.00635	0.01111
78	0.66212	0.01967	0.01574	0.01385	0.02032	0.02243	0.01141	0.03165	0.01835	0.08610	0.01625	0.01803	0.01218	0.00976	0.00665	0.00318	0.00800	0.00591	0.00682	0.01159
79	0.01536	0.01144	0.01581	0.12061	0.02512	0.01164	0.01328	0.01736	0.02013	0.02549	0.05507	0.16014	0.19565	0.02663	0.01834	0.15563	0.00826	0.08824	0.00753	0.00830
80	0.01271	0.00909	0.01209	0.01415	0.01493	0.00847	0.00954	0.01481	0.02062	0.02775	0.10972	0.57508	0.07087	0.03099	0.01300	0.00407	0.00584	0.02807	0.00971	0.00847
81	0.01466	0.01100	0.01649	0.01649	0.01833	0.01283	0.01283	0.01833	0.01649	0.02382	0.02749	0.04032	0.02566	0.07697	0.59868	0.01649	0.02749	0.01100	0.00550	0.00916
82	0.02553	0.02204	0.02320	0.02088	0.02669	0.02553	0.01624	0.05453	0.55679	0.04293	0.04177	0.03829	0.03133	0.01392	0.01044	0.00348	0.00812	0.01160	0.01044	0.01624
83	0.01356	0.01210	0.01566	0.01388	0.01792	0.01047	0.06002	0.01699	0.02406	0.02962	0.14404	0.08950	0.46753	0.02377	0.01212	0.00344	0.00635	0.02040	0.00929	0.00928
84	0.02766	0.02310	0.02441	0.02132	0.02750	0.02652	0.01676	0.13156	0.47629	0.04637	0.03906	0.03613	0.02913	0.01367	0.01041	0.00342	0.00862	0.01123	0.01041	0.01643
85	0.02744	0.64552	0.05378	0.01756	0.02634	0.04061	0.01756	0.03073	0.02085	0.02414	0.01427	0.01646	0.01317	0.00878	0.00658	0.00219	0.01097	0.00549	0.00439	0.01317
86	0.01452	0.01049	0.01372	0.01291	0.01533	0.00968	0.00968	0.01937	0.02905	0.04115	0.56992	0.07666	0.09683	0.02098	0.01210	0.00323	0.00484	0.01856	0.01130	0.00968
87	0.02375	0.03717	0.32437	0.02624	0.07248	0.01997	0.02751	0.03228	0.02246	0.08979	0.02071	0.02318	0.01515	0.00938	0.00920	0.00272	0.01207	0.00753	0.00577	0.21827
88	0.02219	0.19163	0.46167	0.02652	0.04019	0.02776	0.03316	0.03209	0.02148	0.03055	0.01745	0.02045	0.01304	0.00952	0.00901	0.00300	0.01419	0.00709	0.00435	0.01470
89	0.01270	0.00908	0.01209	0.01415	0.01493	0.00847	0.00954	0.01479	0.02057	0.02766	0.10693	0.57809	0.07071	0.03105	0.01300	0.00408	0.00584	0.02813	0.00970	0.00847
90	0.64290	0.01960	0.01599	0.01399	0.02050	0.02220	0.01152	0.03222	0.01870	0.10159	0.01700	0.01856	0.01259	0.00985	0.00676	0.00318	0.00802	0.00605	0.00701	0.01177
91	0.02852	0.20496	0.12759	0.02355	0.06400	0.02868	0.02113	0.13533	0.10182	0.08032	0.02965	0.02991	0.05794	0.01192	0.00929	0.00295	0.01083	0.00920	0.00744	0.01498
92	0.01783	0.00891	0.01337	0.01337	0.01337	0.00891	0.00891	0.01337	0.01337	0.01783	0.01783	0.03119	0.01783	0.03565	0.04011	0.70143	0.00891	0.00891	0.00446	0.00446
93	0.01706	0.01289	0.01954	0.02056	0.02347	0.01278	0.05208	0.02205	0.02366	0.03086	0.05205	0.10976	0.05610	0.02701	0.01403	0.00464	0.00998	0.47259	0.00916	0.00975
94	0.02776	0.02220	0.03163	0.19447	0.19148	0.02426	0.02412	0.14557	0.08405	0.08076	0.05222	0.03043	0.02218	0.01151	0.01035	0.00322	0.01134	0.00998	0.00752	0.01495
95	0.03085	0.25752	0.21255	0.02177	0.03232	0.02806	0.02344	0.06520	0.02491	0.17685	0.02310	0.02345	0.01660	0.01032	0.00878	0.00284	0.01172	0.00764	0.00690	0.01518
96	0.02461	0.02372	0.03962	0.09601	0.47135	0.02517	0.03014	0.03027	0.02220	0.03191	0.01849	0.02516	0.01573	0.01034	0.01315	0.00326	0.08950	0.00912	0.00497	0.01529
97	0.06726	0.01030	0.01259	0.01441	0.01597	0.00995	0.01036	0.01645	0.02037	0.02847	0.05791	0.46395	0.11446	0.02927	0.01261	0.00409	0.00647	0.08711	0.00927	0.00873
98	0.03129	0.33010	0.11664	0.02144	0.03055	0.09261	0.02084	0.14570	0.02836	0.06742	0.01884	0.02028	0.01482	0.01011	0.00832	0.00264	0.01226	0.00700	0.00626	0.01451
99	0.07648	0.01991	0.02278	0.01872	0.02533	0.05998	0.01531	0.09338	0.03004	0.35214	0.08643	0.04344	0.03285	0.01463	0.01056	0.00328	0.00939	0.05910	0.01109	0.01517
100	0.02263	0.02299	0.03445	0.02863	0.02971	0.03086	0.07584	0.02554	0.01660	0.02554	0.01423	0.02299	0.01369	0.01700	0.03144	0.00438	0.55810	0.00930	0.00456	0.01150
101	0.02117	0.01824	0.02184	0.05075	0.02707	0.01422	0.01313	0.02586	0.02123	0.03301	0.01824	0.02164	0.01511	0.00776	0.00776	0.00163	0.00796	0.00626	0.00599	0.66113
102	0.01459	0.00962	0.01235	0.01425	0.01555	0.00925	0.01043	0.01754	0.02079	0.02945	0.05158	0.41495	0.05796	0.02743	0.01214	0.00393	0.00640	0.11810	0.14489	0.00879
103	0.01491	0.01001	0.01151	0.01151	0.01162	0.01012	0.00661	0.01513	0.01502	0.02013	0.03205	0.06556	0.03662	0.60600	0.08464	0.01034	0.01099	0.01469	0.00618	0.00639
104	0.02081	0.04729	0.48250	0.08800	0.04786	0.02393	0.08379	0.03192	0.02179	0.03192	0.01862	0.02279	0.01331	0.00970	0.01002	0.00329	0.01522	0.00816	0.00444	0.01467
105	0.02194	0.01907	0.03213	0.45932	0.06132	0.02164	0.07361	0.02852	0.02158	0.06772	0.02008	0.02734	0.01485	0.01002	0.01018	0.00322	0.01306	0.00919	0.00536	0.07984
106	0.01422	0.01035	0.01347	0.01356	0.01574	0.00960	0.01020	0.01838	0.02655	0.03670	0.40146	0.17553	0.12031	0.02392	0.01248	0.00355	0.00550	0.06841	0.01070	0.00936
107	0.03416	0.02600	0.02816	0.02167	0.02983	0.02759	0.01772	0.39077	0.09278	0.05632	0.02504	0.02531	0.01836	0.01154	0.00975	0.00281	0.01025	0.00884	0.00945	0.15366
108	0.02530	0.17080	0.32100	0.02738	0.07667	0.02681	0.02871	0.03597	0.07775	0.08333	0.02208	0.02380	0.01634	0.01021	0.00923	0.00303	0.01272	0.00792	0.00582	0.01515
109	0.02330	0.04398	0.43165	0.02964	0.08158	0.02282	0.03276	0.06523	0.02452	0.06975	0.06009	0.02695	0.02037	0.01086	0.01002	0.00322	0.01354	0.00877	0.00580	0.01515
110	0.02129	0.11443	0.53105	0.02804	0.04254	0.02557	0.03581	0.03232	0.02158	0.03163	0.01799	0.02113	0.01302	0.00965	0.00942	0.00314	0.01473	0.00737	0.00434	0.01496
111	0.01344	0.01249	0.05509	0.01518	0.01716	0.00972	0.01167	0.01649	0.02136	0.02915	0.13882	0.49485	0.06858	0.02863	0.01268	0.00394	0.00646	0.02580	0.00943	0.00907
112	0.02329	0.04636	0.41088	0.02922	0.04178	0.08060	0.08019	0.03616	0.09055	0.03313	0.02135	0.02403	0.01559	0.01026	0.01001	0.00324	0.01480	0.00842	0.00528	0.01486
113	0.03323	0.02826	0.08622	0.10114	0.07001	0.07778	0.02178	0.21892	0.03349	0.14403	0.03004	0.03081	0.05305	0.01237	0.01024	0.00314	0.01187	0.00980	0.00853	0.01528
114	0.02744	0.64552	0.05378	0.01756	0.02634	0.04061	0.01756	0.03073	0.02085	0.02414	0.01427	0.01646	0.01317	0.00878	0.00658	0.00219	0.01097	0.00549	0.00439	0.01317
115	0.01958	0.01635	0.01941	0.01478	0.02223	0.01266	0.01158	0.02398	0.02236	0.03409	0.10638	0.07549	0.03175	0.01150	0.00871	0.00198	0.00705	0.00973	0.00714	0.54325
116	0.03319	0.01443	0.01914	0.01567	0.02128	0.01279	0.01256	0.03752	0.02850	0.35365	0.21135	0.04878	0.04864	0.01531	0.01059	0.00312	0.00708	0.01292	0.07933	0.01417
117	0.02991	0.01476	0.01927	0.01596	0.02118	0.01353	0.01270	0.06798	0.03049	0.27852	0.30245	0.05496	0.06035	0.01679	0.01120	0.00319	0.00697	0.01434	0.01184	0.01360
118	0.17357	0.02234	0.07869	0.02113	0.06374	0.01805	0.05143	0.02989	0.02143	0.07608	0.02043	0.02333	0.01579	0.00911	0.00818	0.00247	0.00925	0.00731	0.05990	0.28788
119	0.01492	0.01267	0.01351	0.01543	0.01646	0.06352	0.01049	0.01679	0.02053	0.02610	0.05275	0.57518	0.06276	0.03013	0.01274	0.00403	0.00713	0.02706	0.00913	0.00867
120	0.01250	0.00893	0.01191	0.01429	0.01488	0.00834	0.00953	0.01429	0.01965	0.02620	0.05656	0.63265	0.06787	0.03215	0.01310	0.00417	0.00595	0.02917	0.00953	0.00834
121	0.02310	0.01343	0.01778	0.07383	0.02394	0.01341	0.01319	0.02875	0.05976	0.16155	0.11584	0.13150	0.09681	0.02585	0.08551	0.00501	0.00991	0.01523	0.07384	0.01176
122	0.08902	0.06558	0.06860	0.08149	0.03447	0.02427	0.09465	0.12464	0.12120	0.03928	0.02971	0.12753	0.02649	0.01449	0.01039	0.00338	0.01088	0.01268	0.00770	0.01356
123	0.39860	0.02312	0.02187	0.01780	0.02500	0.02583	0.01468	0.23033	0.03036	0.09492	0.02035	0.02119	0.01469	0.01086	0.00818	0.00314	0.00930	0.00736	0.00837	0.01407

[dist]
# distance from previous block
# <min> <max>
0	2

[block]
# block no. 4 follows, 14 sequences, length 25
# corresponding to MSA columns:
# 278-302
name=unknown_E
#
# <colnr> <probs for GDERKNQSTAVLIFYWHMCP>
#	G	D	E	R	K	N	Q	S	T	A	V	L	I	F	Y	W	H	M	C	P
0	0.02930	0.02392	0.02533	0.02165	0.02812	0.02729	0.01716	0.19075	0.41442	0.04902	0.03697	0.03447	0.02744	0.01347	0.01039	0.00337	0.00901	0.01094	0.01039	0.01658
1	0.02058	0.05308	0.58618	0.02925	0.04442	0.02383	0.03792	0.03250	0.02167	0.03250	0.01842	0.02167	0.01300	0.00975	0.00975	0.00325	0.01517	0.00758	0.00433	0.01517
2	0.02058	0.05308	0.58618	0.02925	0.04442	0.02383	0.03792	0.03250	0.02167	0.03250	0.01842	0.02167	0.01300	0.00975	0.00975	0.00325	0.01517	0.00758	0.00433	0.01517
3	0.71184	0.01985	0.01508	0.01350	0.01985	0.02302	0.01111	0.03017	0.01746	0.04604	0.01429	0.01667	0.01111	0.00953	0.00635	0.00318	0.00794	0.00556	0.00635	0.01111
4	0.02352	0.02562	0.05237	0.13677	0.05416	0.02539	0.40807	0.03362	0.06942	0.03263	0.02215	0.02854	0.01661	0.00937	0.01166	0.00346	0.01591	0.01157	0.00554	0.01364
5	0.02540	0.02438	0.04165	0.06299	0.57533	0.02438	0.03149	0.03149	0.02337	0.03353	0.01930	0.02540	0.01626	0.00914	0.01016	0.00305	0.01219	0.00914	0.00508	0.01626
6	0.01452	0.01049	0.01372	0.01291	0.01533	0.00968	0.00968	0.01937	0.02905	0.04115	0.56992	0.07666	0.09683	0.02098	0.01210	0.00323	0.00484	0.01856	0.01130	0.00968
7	0.03528	0.02876	0.18643	0.02905	0.12560	0.01916	0.02438	0.04187	0.02616	0.33221	0.03059	0.02953	0.02031	0.01125	0.01013	0.00317	0.01115	0.00934	0.00902	0.01660
8	0.01938	0.01824	0.03078	0.61468	0.07068	0.02280	0.02850	0.02622	0.02052	0.02622	0.01824	0.02736	0.01368	0.01026	0.01026	0.00342	0.01368	0.00912	0.00456	0.01140
9	0.03833	0.04891	0.02908	0.02644	0.03173	0.59815	0.01983	0.04098	0.02908	0.02512	0.01586	0.01851	0.01322	0.01058	0.00925	0.00264	0.01851	0.00661	0.00529	0.01190
10	0.30741	0.02584	0.07309	0.02346	0.06755	0.02694	0.01906	0.16540	0.02616	0.04534	0.01763	0.02083	0.01374	0.01167	0.01253	0.00337	0.11209	0.00755	0.00681	0.01355
11	0.71184	0.01985	0.01508	0.01350	0.01985	0.02302	0.01111	0.03017	0.01746	0.04604	0.01429	0.01667	0.01111	0.00953	0.00635	0.00318	0.00794	0.00556	0.00635	0.01111
12	0.03270	0.02311	0.07050	0.02929	0.13850	0.02076	0.05290	0.13889	0.02977	0.20066	0.02896	0.03004	0.02056	0.01131	0.00982	0.00302	0.01031	0.00965	0.12375	0.01550
13	0.02553	0.02204	0.02320	0.02088	0.02669	0.02553	0.01624	0.05453	0.55679	0.04293	0.04177	0.03829	0.03133	0.01392	0.01044	0.00348	0.00812	0.01160	0.01044	0.01624
14	0.01721	0.01204	0.01747	0.11466	0.02406	0.01373	0.01301	0.01747	0.01559	0.02113	0.02282	0.04084	0.02314	0.19806	0.11600	0.25159	0.05798	0.01086	0.00510	0.00725
15	0.01831	0.01703	0.02788	0.29666	0.04589	0.02033	0.06372	0.02307	0.01977	0.02650	0.02870	0.20108	0.02942	0.01773	0.01514	0.00382	0.11311	0.01512	0.00603	0.01069
16	0.03441	0.03112	0.03310	0.02685	0.03307	0.20915	0.10537	0.07232	0.07309	0.15393	0.02459	0.02632	0.01817	0.01215	0.01354	0.00325	0.09865	0.00928	0.00756	0.01409
17	0.01605	0.01240	0.01605	0.01476	0.01686	0.01322	0.01145	0.02027	0.02571	0.03706	0.39294	0.06613	0.11569	0.02011	0.01529	0.00339	0.10770	0.01644	0.06865	0.00985
18	0.01689	0.11660	0.02082	0.01477	0.01710	0.01643	0.01125	0.01918	0.01666	0.02247	0.02702	0.04596	0.02775	0.26734	0.30374	0.01176	0.01844	0.01148	0.00557	0.00878
19	0.01853	0.01549	0.02438	0.41287	0.05160	0.01839	0.02179	0.02469	0.02211	0.03073	0.11315	0.03743	0.02971	0.01234	0.01005	0.00322	0.01071	0.01077	0.12122	0.01081
20	0.02255	0.02336	0.03050	0.51644	0.06417	0.11889	0.02705	0.02868	0.02195	0.02604	0.01784	0.02588	0.01360	0.01031	0.01009	0.00329	0.01449	0.00870	0.00468	0.01148
21	0.01852	0.01413	0.01784	0.01897	0.06359	0.01400	0.01283	0.10520	0.02789	0.03772	0.20184	0.25742	0.12362	0.02300	0.01198	0.00354	0.00695	0.02025	0.00980	0.01093
22	0.06805	0.02470	0.12358	0.05696	0.03174	0.01975	0.05348	0.07275	0.02372	0.09530	0.02720	0.12585	0.02446	0.01429	0.01203	0.00318	0.06258	0.01173	0.00718	0.14147
23	0.18372	0.11756	0.03625	0.02717	0.07230	0.09296	0.13194	0.03700	0.08407	0.09052	0.02206	0.02425	0.01678	0.01014	0.00915	0.00306	0.01210	0.00856	0.00670	0.01372
24	0.02149	0.01980	0.02026	0.01573	0.02336	0.06364	0.01236	0.02716	0.05743	0.03239	0.03390	0.03510	0.10894	0.01134	0.00868	0.00207	0.00817	0.00909	0.00687	0.48221

[dist]
# distance from previous block
# <min> <max>
0	96

# created by:
# /st0/software/busco_prod/Augustus/scripts/msa2prfl.pl ./align_prep/4519.fa
