[name]
unknown

[dist]
# distance from previous block
# <min> <max>
0	31

[block]
# block no. 0 follows, 14 sequences, length 16
# corresponding to MSA columns:
# 31-46
name=unknown_A
#
# <colnr> <probs for GDERKNQSTAVLIFYWHMCP>
#	G	D	E	R	K	N	Q	S	T	A	V	L	I	F	Y	W	H	M	C	P
0	0.01451	0.01050	0.01401	0.01544	0.01733	0.01000	0.01210	0.01822	0.02375	0.03177	0.18849	0.26522	0.10238	0.02752	0.01319	0.00410	0.00694	0.20546	0.00995	0.00912
1	0.02397	0.28267	0.27840	0.02722	0.03897	0.03086	0.12239	0.03187	0.02182	0.02926	0.01721	0.02072	0.01354	0.00916	0.00893	0.00287	0.01390	0.00759	0.00451	0.01413
2	0.08377	0.01878	0.02357	0.01804	0.02607	0.01696	0.01485	0.09162	0.02928	0.42440	0.03428	0.03093	0.02235	0.01176	0.00969	0.00294	0.00877	0.00933	0.01116	0.11143
3	0.02793	0.34039	0.10609	0.14677	0.03791	0.03070	0.02187	0.03310	0.02226	0.11610	0.01985	0.02239	0.01524	0.00985	0.00835	0.00274	0.01168	0.00729	0.00577	0.01372
4	0.04358	0.01870	0.02425	0.01889	0.02664	0.01727	0.01551	0.08529	0.08123	0.49402	0.03948	0.03452	0.02541	0.01279	0.01033	0.00320	0.00886	0.01037	0.01231	0.01735
5	0.01482	0.01034	0.01319	0.01319	0.01388	0.01103	0.00870	0.01620	0.01551	0.02137	0.03051	0.05706	0.03293	0.42785	0.25774	0.01241	0.01655	0.01345	0.00595	0.00733
6	0.03016	0.02356	0.07611	0.13458	0.29323	0.02135	0.02667	0.03619	0.02456	0.19404	0.02531	0.02823	0.01830	0.01041	0.01019	0.00316	0.01163	0.00937	0.00719	0.01576
7	0.02095	0.01950	0.03105	0.46639	0.12539	0.02337	0.02717	0.03076	0.09478	0.02940	0.02161	0.02863	0.01642	0.01063	0.01027	0.00338	0.01273	0.00946	0.00543	0.01265
8	0.01250	0.00893	0.01191	0.01429	0.01488	0.00834	0.00953	0.01429	0.01965	0.02620	0.05656	0.63265	0.06787	0.03215	0.01310	0.00417	0.00595	0.02917	0.00953	0.00834
9	0.01470	0.01085	0.01576	0.01576	0.01734	0.01243	0.01192	0.01786	0.01628	0.02328	0.02816	0.04401	0.02726	0.15448	0.52336	0.01559	0.02507	0.01154	0.00560	0.00876
10	0.02128	0.01824	0.02128	0.01520	0.02432	0.01368	0.01216	0.02584	0.02128	0.03344	0.01824	0.02128	0.01520	0.00760	0.00760	0.00152	0.00760	0.00608	0.00608	0.70208
11	0.02382	0.24317	0.16748	0.19742	0.04398	0.06597	0.02598	0.03005	0.02111	0.02679	0.01645	0.02142	0.01330	0.01018	0.01042	0.00299	0.05474	0.00735	0.00449	0.01290
12	0.02270	0.09961	0.32370	0.03376	0.04639	0.02629	0.23719	0.03248	0.02262	0.03185	0.01896	0.02359	0.01405	0.00921	0.01040	0.00323	0.01562	0.00920	0.00468	0.01444
13	0.02069	0.01292	0.01881	0.09835	0.02567	0.01410	0.01425	0.02423	0.01897	0.11853	0.02925	0.04216	0.02594	0.15219	0.32483	0.01132	0.01942	0.01129	0.00672	0.01038
14	0.01482	0.01011	0.01303	0.01343	0.01440	0.01066	0.00920	0.01687	0.01689	0.02406	0.03477	0.14923	0.03725	0.28012	0.23481	0.01059	0.01500	0.01541	0.07141	0.00793
15	0.02824	0.13287	0.20733	0.12219	0.04231	0.02450	0.08546	0.03556	0.02355	0.16641	0.02345	0.02573	0.01651	0.01028	0.00973	0.00311	0.01289	0.00869	0.00655	0.01464

[dist]
# distance from previous block
# <min> <max>
0	39

[block]
# block no. 1 follows, 14 sequences, length 16
# corresponding to MSA columns:
# 86-101
name=unknown_B
#
# <colnr> <probs for GDERKNQSTAVLIFYWHMCP>
#	G	D	E	R	K	N	Q	S	T	A	V	L	I	F	Y	W	H	M	C	P
0	0.01984	0.01871	0.03162	0.57227	0.10948	0.02292	0.02873	0.02663	0.02074	0.02678	0.01832	0.02721	0.01388	0.01017	0.01025	0.00339	0.01357	0.00912	0.00460	0.01177
1	0.03343	0.06469	0.02667	0.01890	0.02581	0.01950	0.01576	0.03721	0.02400	0.28586	0.02741	0.02747	0.01947	0.01191	0.01347	0.00287	0.11850	0.00852	0.00874	0.20980
2	0.01841	0.01503	0.01834	0.10453	0.02613	0.01637	0.01366	0.02975	0.18415	0.03430	0.18491	0.05821	0.10131	0.12884	0.01854	0.00456	0.00810	0.01471	0.00894	0.01120
3	0.03495	0.02288	0.02566	0.02102	0.02811	0.02471	0.01693	0.20051	0.26546	0.19019	0.03625	0.03328	0.02559	0.01312	0.01036	0.00328	0.00924	0.01055	0.01098	0.01693
4	0.01385	0.01020	0.01066	0.01060	0.01321	0.00910	0.00756	0.01647	0.02201	0.02887	0.11479	0.08243	0.35915	0.13372	0.01859	0.00445	0.00596	0.01842	0.11152	0.00843
5	0.49400	0.01838	0.01689	0.01450	0.02081	0.01992	0.01185	0.03350	0.02127	0.16495	0.07561	0.02672	0.02285	0.01138	0.00781	0.00318	0.00781	0.00792	0.00826	0.01238
6	0.02181	0.01539	0.01717	0.07472	0.02313	0.05573	0.01247	0.02655	0.05873	0.10716	0.08222	0.15818	0.09377	0.13041	0.01834	0.00455	0.00865	0.01597	0.06446	0.01058
7	0.45458	0.08216	0.02216	0.01611	0.02235	0.02420	0.01361	0.03324	0.01977	0.13808	0.01891	0.02051	0.01412	0.01087	0.00983	0.00321	0.06996	0.00675	0.00711	0.01247
8	0.14923	0.01662	0.01866	0.01589	0.02150	0.01664	0.01258	0.03513	0.12689	0.15575	0.20227	0.04420	0.04567	0.01449	0.00992	0.00308	0.00712	0.01190	0.01002	0.08243
9	0.01824	0.01108	0.01413	0.01365	0.01657	0.00993	0.01011	0.02169	0.02546	0.11533	0.26466	0.23012	0.16200	0.02376	0.01212	0.00353	0.00580	0.02085	0.01070	0.01029
10	0.07147	0.02557	0.08157	0.02133	0.02935	0.02400	0.01870	0.18099	0.18928	0.19872	0.03296	0.03083	0.02299	0.01249	0.01007	0.00325	0.00985	0.00988	0.01019	0.01653
11	0.14656	0.02528	0.02638	0.12759	0.03563	0.07270	0.01896	0.21482	0.12007	0.07578	0.02474	0.02612	0.01810	0.01163	0.00956	0.00319	0.01108	0.00884	0.00834	0.01465
12	0.03986	0.01783	0.02297	0.01837	0.02550	0.01668	0.01491	0.04865	0.12957	0.44067	0.07912	0.03859	0.03171	0.01353	0.01047	0.00324	0.00833	0.01116	0.01217	0.01667
13	0.02922	0.33277	0.07844	0.01865	0.02647	0.02911	0.01759	0.08317	0.02502	0.12943	0.02663	0.11290	0.02395	0.01340	0.00883	0.00283	0.01016	0.01042	0.00724	0.01380
14	0.36807	0.13373	0.02631	0.01687	0.02423	0.02692	0.01447	0.13521	0.02578	0.11512	0.01974	0.02059	0.01460	0.01036	0.00769	0.00298	0.00926	0.00690	0.00760	0.01357
15	0.03693	0.13956	0.03493	0.02252	0.03084	0.03340	0.01916	0.44942	0.04333	0.05739	0.02277	0.02317	0.01668	0.01168	0.00960	0.00292	0.01124	0.00857	0.00921	0.01668

[dist]
# distance from previous block
# <min> <max>
0	24

[block]
# block no. 2 follows, 14 sequences, length 50
# corresponding to MSA columns:
# 126-175
name=unknown_C
#
# <colnr> <probs for GDERKNQSTAVLIFYWHMCP>
#	G	D	E	R	K	N	Q	S	T	A	V	L	I	F	Y	W	H	M	C	P
0	0.04478	0.01949	0.02507	0.01922	0.02721	0.01809	0.01588	0.13829	0.03277	0.48936	0.03764	0.03308	0.02397	0.01263	0.01031	0.00316	0.00919	0.01013	0.01226	0.01746
1	0.01727	0.01249	0.01530	0.01596	0.01793	0.01256	0.01132	0.10899	0.02479	0.03311	0.05082	0.52335	0.05881	0.02859	0.01259	0.00397	0.00691	0.02559	0.00966	0.00997
2	0.02398	0.01489	0.01841	0.01569	0.02004	0.01453	0.01231	0.11807	0.03255	0.13214	0.38704	0.06062	0.07111	0.01810	0.01149	0.00319	0.00662	0.01556	0.01134	0.01233
3	0.02738	0.02469	0.03885	0.09904	0.43818	0.02560	0.02911	0.12269	0.02762	0.03855	0.02018	0.02542	0.01627	0.00980	0.01019	0.00308	0.01215	0.00916	0.00597	0.01609
4	0.01539	0.01322	0.01866	0.01709	0.01948	0.01375	0.04936	0.01876	0.02276	0.03079	0.19526	0.21355	0.18527	0.02371	0.01583	0.00375	0.10480	0.02006	0.00888	0.00963
5	0.58736	0.01956	0.01790	0.12157	0.02898	0.02298	0.01424	0.02946	0.01801	0.04248	0.01500	0.01859	0.01158	0.00966	0.00705	0.00322	0.00897	0.00620	0.00603	0.01117
6	0.02914	0.06819	0.03240	0.21851	0.14010	0.07224	0.02316	0.08677	0.02618	0.12105	0.02218	0.02593	0.01646	0.01038	0.00970	0.00298	0.01211	0.00862	0.00673	0.06716
7	0.02714	0.02168	0.02325	0.02068	0.02665	0.02470	0.01615	0.05417	0.51524	0.08543	0.04167	0.03802	0.03086	0.01383	0.01043	0.00346	0.00817	0.01150	0.01062	0.01634
8	0.02821	0.02144	0.02328	0.02054	0.02662	0.02416	0.01609	0.05394	0.48772	0.11358	0.04160	0.03785	0.03055	0.01376	0.01043	0.00344	0.00820	0.01143	0.01074	0.01640
9	0.02993	0.01393	0.01847	0.01537	0.02060	0.01228	0.01222	0.03418	0.02880	0.30774	0.27460	0.05763	0.09575	0.01725	0.01122	0.00322	0.00679	0.01471	0.01186	0.01346
10	0.01339	0.00923	0.01211	0.01429	0.01519	0.00873	0.00993	0.01567	0.02014	0.02757	0.05448	0.53995	0.06371	0.03017	0.01270	0.00407	0.00615	0.06808	0.06591	0.00853
11	0.07606	0.01617	0.02080	0.01645	0.02330	0.01451	0.01345	0.04428	0.02734	0.45653	0.03785	0.03457	0.02482	0.01240	0.00955	0.00303	0.00798	0.00993	0.13526	0.01571
12	0.54890	0.01926	0.01722	0.01466	0.02140	0.02108	0.01209	0.03502	0.02038	0.17731	0.02070	0.02114	0.01461	0.01030	0.00732	0.00318	0.00813	0.00672	0.00790	0.01267
13	0.02327	0.01468	0.01719	0.01479	0.01927	0.01420	0.01162	0.11688	0.03074	0.11971	0.25340	0.06319	0.17021	0.01864	0.01114	0.00318	0.00663	0.01569	0.06360	0.01196
14	0.02567	0.02274	0.03423	0.25304	0.24910	0.02524	0.02700	0.12308	0.07060	0.03724	0.02172	0.02703	0.01677	0.01051	0.01024	0.00322	0.01224	0.00935	0.00626	0.01470
15	0.01995	0.01149	0.01426	0.01435	0.01658	0.01108	0.01006	0.02405	0.05931	0.11670	0.04613	0.32969	0.04856	0.13474	0.01887	0.00481	0.00715	0.02026	0.08186	0.01012
16	0.02472	0.04015	0.31733	0.03142	0.04351	0.02573	0.16575	0.11087	0.07028	0.03829	0.02189	0.02507	0.01585	0.01019	0.01051	0.00330	0.01457	0.00936	0.00595	0.01525
17	0.01574	0.01327	0.01779	0.12188	0.02644	0.01379	0.01381	0.01990	0.02373	0.03201	0.22993	0.10544	0.19027	0.02003	0.01339	0.00339	0.05907	0.01681	0.00858	0.05473
18	0.03531	0.01609	0.02079	0.01710	0.02315	0.01467	0.01383	0.07487	0.02839	0.36528	0.07302	0.05272	0.08342	0.06905	0.01450	0.00392	0.00856	0.05952	0.01130	0.01453
19	0.02332	0.01753	0.02252	0.16544	0.03394	0.01842	0.01645	0.07072	0.10919	0.08041	0.06936	0.03945	0.02870	0.12468	0.01753	0.00422	0.00980	0.01088	0.00772	0.12973
20	0.02385	0.01860	0.02429	0.02370	0.12268	0.01533	0.01557	0.02846	0.02269	0.09080	0.02805	0.03004	0.06368	0.00998	0.00873	0.00213	0.00834	0.00840	0.00689	0.44778
21	0.02707	0.19154	0.11320	0.06777	0.03256	0.12975	0.02061	0.10101	0.02611	0.03228	0.02243	0.09600	0.02070	0.01264	0.00920	0.00284	0.01231	0.00977	0.00614	0.06606
22	0.02937	0.16804	0.12996	0.01959	0.02937	0.02345	0.01920	0.07707	0.02528	0.15149	0.02268	0.02346	0.01673	0.00974	0.00856	0.00247	0.01026	0.00739	0.00716	0.21872
23	0.02561	0.16272	0.14897	0.12874	0.03856	0.02797	0.02343	0.07464	0.17518	0.05714	0.02545	0.02703	0.01918	0.01112	0.00941	0.00310	0.01146	0.00878	0.00688	0.01462
24	0.03338	0.02031	0.03178	0.12515	0.13448	0.02066	0.06520	0.03982	0.05396	0.27819	0.02954	0.03066	0.02050	0.01177	0.01213	0.00333	0.05499	0.01004	0.00867	0.01545
25	0.02128	0.01824	0.02128	0.01520	0.02432	0.01368	0.01216	0.02584	0.02128	0.03344	0.01824	0.02128	0.01520	0.00760	0.00760	0.00152	0.00760	0.00608	0.00608	0.70208
26	0.19065	0.14448	0.10376	0.01942	0.02708	0.07085	0.01806	0.06247	0.11962	0.06072	0.06873	0.02761	0.02376	0.01154	0.00868	0.00301	0.01030	0.00848	0.00725	0.01351
27	0.02350	0.06299	0.33825	0.02428	0.03523	0.02045	0.05397	0.03230	0.02383	0.10714	0.10062	0.03253	0.02765	0.01180	0.00996	0.00314	0.01203	0.00980	0.05642	0.01414
28	0.71184	0.01985	0.01508	0.01350	0.01985	0.02302	0.01111	0.03017	0.01746	0.04604	0.01429	0.01667	0.01111	0.00953	0.00635	0.00318	0.00794	0.00556	0.00635	0.01111
29	0.02368	0.01798	0.02790	0.08429	0.03138	0.01831	0.12458	0.06902	0.06869	0.09414	0.06443	0.04574	0.03065	0.22528	0.02507	0.00559	0.01138	0.01270	0.00757	0.01162
30	0.01312	0.00955	0.01237	0.01354	0.01495	0.00879	0.00944	0.01596	0.02297	0.03113	0.22540	0.41178	0.11684	0.02807	0.01270	0.00381	0.00554	0.02517	0.01010	0.00879
31	0.02481	0.03012	0.24825	0.02120	0.03031	0.01767	0.02269	0.03375	0.06337	0.16160	0.12717	0.06730	0.07773	0.01487	0.01066	0.00330	0.01024	0.01240	0.00853	0.01404
32	0.01367	0.01018	0.01272	0.01268	0.01496	0.00923	0.00928	0.01750	0.02616	0.03569	0.38148	0.18580	0.18469	0.02407	0.01230	0.00345	0.00512	0.02117	0.01062	0.00923
33	0.03076	0.02956	0.03477	0.17978	0.04504	0.16930	0.11681	0.11680	0.06333	0.08004	0.02248	0.02609	0.01662	0.01081	0.01036	0.00316	0.01442	0.00932	0.00682	0.01375
34	0.01712	0.01114	0.01473	0.01383	0.01667	0.01028	0.01068	0.02188	0.02861	0.08189	0.48542	0.07677	0.08813	0.02097	0.01214	0.00335	0.00553	0.05934	0.01125	0.01026
35	0.02276	0.20580	0.40275	0.02553	0.03830	0.02836	0.03089	0.03376	0.06329	0.03113	0.01916	0.02160	0.01448	0.00982	0.00898	0.00299	0.01352	0.00735	0.00483	0.01473
36	0.01459	0.01091	0.01460	0.01566	0.01680	0.01122	0.01160	0.01735	0.02135	0.02907	0.14302	0.34652	0.06466	0.07577	0.01786	0.00458	0.05715	0.10929	0.00916	0.00885
37	0.04194	0.01844	0.02399	0.01823	0.02636	0.01617	0.01500	0.08430	0.02966	0.46372	0.03607	0.03218	0.02332	0.01194	0.00992	0.00293	0.00877	0.00963	0.01156	0.11587
38	0.02847	0.02000	0.02340	0.01721	0.02597	0.01717	0.01395	0.12238	0.02744	0.12789	0.02299	0.02409	0.01726	0.00927	0.00852	0.00207	0.00845	0.00733	0.00790	0.46823
39	0.01696	0.01280	0.01971	0.01771	0.02025	0.01242	0.09372	0.02021	0.01971	0.02798	0.03826	0.16567	0.04054	0.22700	0.02510	0.00575	0.00940	0.08673	0.13118	0.00889
40	0.03632	0.02033	0.02326	0.01839	0.02506	0.02089	0.01501	0.25411	0.03551	0.22487	0.03194	0.03135	0.02222	0.01235	0.00951	0.00294	0.00885	0.00967	0.18193	0.01549
41	0.03594	0.02612	0.03034	0.12952	0.03844	0.02911	0.02083	0.41666	0.04204	0.09139	0.02452	0.02580	0.01729	0.01197	0.01027	0.00315	0.01156	0.00929	0.00940	0.01636
42	0.09142	0.02485	0.11580	0.02142	0.03054	0.01909	0.04619	0.08649	0.02855	0.38031	0.03256	0.03015	0.02113	0.01174	0.01001	0.00319	0.01037	0.00952	0.01027	0.01642
43	0.02745	0.27003	0.18425	0.02149	0.03102	0.02965	0.02234	0.10598	0.05305	0.07623	0.02359	0.06972	0.01989	0.01194	0.00895	0.00290	0.01142	0.00912	0.00657	0.01442
44	0.02845	0.02524	0.06630	0.02047	0.02585	0.12257	0.01697	0.07550	0.12589	0.11284	0.02765	0.03116	0.02166	0.02708	0.11862	0.10957	0.01442	0.00951	0.00759	0.01264
45	0.02048	0.01892	0.02942	0.50794	0.06277	0.02329	0.02630	0.03131	0.11692	0.02922	0.02247	0.02932	0.01685	0.01092	0.01029	0.00343	0.01268	0.00957	0.00562	0.01227
46	0.02253	0.07085	0.02761	0.02398	0.12354	0.01781	0.01608	0.02726	0.02162	0.03269	0.01810	0.02162	0.01522	0.00797	0.00798	0.00185	0.00870	0.00658	0.00576	0.52223
47	0.59076	0.02507	0.01760	0.01582	0.02198	0.12641	0.01268	0.03211	0.01955	0.04228	0.01457	0.01700	0.01149	0.00971	0.00687	0.00308	0.00984	0.00575	0.00616	0.01125
48	0.02225	0.02302	0.02899	0.46164	0.05928	0.12509	0.02545	0.02793	0.02199	0.02602	0.02083	0.07345	0.01787	0.01204	0.01030	0.00334	0.01394	0.01025	0.00508	0.01125
49	0.03049	0.02127	0.06966	0.02038	0.02885	0.01681	0.06527	0.03783	0.06917	0.23802	0.07213	0.03273	0.02660	0.01133	0.00979	0.00275	0.00936	0.00978	0.00908	0.21871

[dist]
# distance from previous block
# <min> <max>
0	2

[block]
# block no. 3 follows, 14 sequences, length 16
# corresponding to MSA columns:
# 178-193
name=unknown_D
#
# <colnr> <probs for GDERKNQSTAVLIFYWHMCP>
#	G	D	E	R	K	N	Q	S	T	A	V	L	I	F	Y	W	H	M	C	P
0	0.02885	0.02141	0.02534	0.09495	0.03225	0.02229	0.01725	0.20195	0.11093	0.08981	0.08337	0.03259	0.02751	0.01225	0.00993	0.00288	0.00947	0.00998	0.00900	0.15797
1	0.11006	0.17621	0.26673	0.02146	0.03271	0.02530	0.02415	0.03032	0.02086	0.03252	0.01691	0.01976	0.01329	0.00902	0.00812	0.00262	0.01161	0.00651	0.00499	0.16685
2	0.06594	0.05815	0.12753	0.21386	0.07835	0.02322	0.02492	0.02984	0.02107	0.09370	0.02271	0.07035	0.01893	0.01292	0.01307	0.00346	0.09307	0.01005	0.00597	0.01292
3	0.03376	0.01681	0.02272	0.09309	0.02954	0.01624	0.01579	0.08554	0.02995	0.32135	0.17445	0.04389	0.04182	0.01452	0.01077	0.00321	0.00859	0.01222	0.01107	0.01466
4	0.03242	0.02999	0.14276	0.02816	0.03747	0.02494	0.14018	0.16896	0.03054	0.17099	0.02541	0.02703	0.01773	0.01154	0.01251	0.00334	0.06245	0.00981	0.00808	0.01569
5	0.02977	0.02062	0.06908	0.12735	0.03399	0.01900	0.01869	0.06614	0.12204	0.21532	0.09015	0.03722	0.03060	0.01305	0.01025	0.00323	0.00949	0.01088	0.05857	0.01456
6	0.01835	0.01078	0.01335	0.01307	0.01583	0.00983	0.00965	0.02191	0.02446	0.10332	0.20696	0.22180	0.13795	0.02230	0.01137	0.00338	0.00568	0.01945	0.12043	0.01013
7	0.03649	0.02004	0.02630	0.02095	0.02820	0.01990	0.05277	0.08528	0.18440	0.32163	0.06323	0.03659	0.02921	0.01313	0.01056	0.00328	0.00917	0.01113	0.01126	0.01648
8	0.02731	0.03638	0.32145	0.14298	0.04466	0.02123	0.02979	0.03604	0.02355	0.18182	0.02442	0.02643	0.01653	0.01066	0.01001	0.00326	0.01311	0.00864	0.00667	0.01504
9	0.02435	0.02320	0.08396	0.22004	0.14811	0.02140	0.11703	0.03124	0.02383	0.10150	0.07944	0.03267	0.02463	0.01115	0.01073	0.00329	0.01262	0.01066	0.00649	0.01366
10	0.01354	0.00964	0.01147	0.01243	0.01430	0.00878	0.00878	0.01637	0.02228	0.03034	0.14184	0.33104	0.20307	0.02628	0.01194	0.00361	0.00544	0.02309	0.09698	0.00878
11	0.09065	0.02507	0.08060	0.16507	0.03980	0.02499	0.02202	0.18112	0.05326	0.13418	0.02420	0.02650	0.01723	0.01189	0.01164	0.00333	0.05679	0.00900	0.00797	0.01471
12	0.09116	0.12795	0.09488	0.02489	0.03391	0.02923	0.10080	0.21741	0.06973	0.07846	0.02301	0.02440	0.01693	0.01080	0.00958	0.00306	0.01191	0.00883	0.00773	0.01532
13	0.02913	0.01440	0.01851	0.01635	0.02118	0.01332	0.01262	0.03510	0.08139	0.27992	0.09997	0.20885	0.08520	0.01997	0.01140	0.00351	0.00727	0.01728	0.01122	0.01343
14	0.01590	0.01004	0.01337	0.01432	0.01598	0.00924	0.01005	0.01859	0.02267	0.07825	0.17404	0.45169	0.07087	0.02786	0.01263	0.00386	0.00594	0.02507	0.01021	0.00944
15	0.06407	0.02013	0.09467	0.11708	0.03116	0.01725	0.01789	0.03018	0.09954	0.10067	0.03578	0.19078	0.03414	0.08252	0.01512	0.00424	0.00967	0.01506	0.00801	0.01202

[dist]
# distance from previous block
# <min> <max>
3	23

[block]
# block no. 4 follows, 14 sequences, length 6
# corresponding to MSA columns:
# 219-224
name=unknown_E
#
# <colnr> <probs for GDERKNQSTAVLIFYWHMCP>
#	G	D	E	R	K	N	Q	S	T	A	V	L	I	F	Y	W	H	M	C	P
0	0.02661	0.02221	0.08966	0.12793	0.10372	0.01936	0.04587	0.08680	0.02587	0.14766	0.03257	0.16588	0.02923	0.01572	0.01094	0.00344	0.01078	0.01393	0.00808	0.01376
1	0.02745	0.06935	0.10762	0.04187	0.19576	0.02587	0.21480	0.07896	0.02603	0.07987	0.02160	0.02594	0.01629	0.00958	0.01062	0.00318	0.01396	0.00992	0.00607	0.01525
2	0.17207	0.01142	0.01263	0.01411	0.01602	0.01169	0.00989	0.01791	0.01915	0.03073	0.04692	0.49210	0.05492	0.02699	0.01156	0.00394	0.00641	0.02378	0.00880	0.00897
3	0.02483	0.15713	0.02296	0.01378	0.01868	0.01928	0.01157	0.03224	0.08975	0.09624	0.03092	0.03292	0.02384	0.01156	0.00780	0.00257	0.00706	0.00898	0.37579	0.01211
4	0.17328	0.01408	0.01439	0.01339	0.01699	0.01489	0.01055	0.01988	0.02152	0.03260	0.10950	0.06863	0.33495	0.02082	0.01353	0.00351	0.08340	0.01614	0.00831	0.00963
5	0.02674	0.13254	0.10947	0.02128	0.05798	0.02049	0.01837	0.05555	0.02407	0.15089	0.03152	0.16335	0.02893	0.01515	0.00986	0.00302	0.00961	0.01272	0.00790	0.10056

[dist]
# distance from previous block
# <min> <max>
0	1

[block]
# block no. 5 follows, 14 sequences, length 43
# corresponding to MSA columns:
# 226-268
name=unknown_F
#
# <colnr> <probs for GDERKNQSTAVLIFYWHMCP>
#	G	D	E	R	K	N	Q	S	T	A	V	L	I	F	Y	W	H	M	C	P
0	0.66230	0.02017	0.01700	0.01707	0.05993	0.02312	0.01258	0.03026	0.01789	0.04514	0.01465	0.01730	0.01148	0.00950	0.00663	0.00317	0.00825	0.00582	0.00626	0.01148
1	0.02581	0.11075	0.03413	0.08480	0.23286	0.02413	0.02220	0.06909	0.07451	0.07430	0.11403	0.03459	0.03110	0.01207	0.01002	0.00304	0.01024	0.01049	0.00737	0.01448
2	0.03084	0.01751	0.02414	0.02412	0.10204	0.01763	0.01634	0.07633	0.02551	0.24236	0.06344	0.04020	0.02887	0.12417	0.07167	0.00558	0.05525	0.01129	0.00899	0.01374
3	0.03502	0.01458	0.01899	0.01544	0.02126	0.01299	0.01244	0.03931	0.02752	0.37428	0.12050	0.04213	0.03662	0.01381	0.00987	0.00300	0.00723	0.01142	0.16915	0.01445
4	0.01783	0.00891	0.01337	0.01337	0.01337	0.00891	0.00891	0.01337	0.01337	0.01783	0.01783	0.03119	0.01783	0.03565	0.04011	0.70143	0.00891	0.00891	0.00446	0.00446
5	0.02608	0.01868	0.02844	0.28225	0.12343	0.02035	0.02279	0.07405	0.02623	0.13531	0.10809	0.03584	0.02935	0.01238	0.01054	0.00326	0.01099	0.01081	0.00766	0.01347
6	0.02228	0.01186	0.01555	0.01437	0.01745	0.01081	0.01055	0.02549	0.02491	0.17493	0.23607	0.19344	0.06301	0.11060	0.01766	0.00440	0.00684	0.01836	0.01052	0.01089
7	0.01662	0.01245	0.01618	0.06935	0.02201	0.01328	0.01273	0.04503	0.04332	0.02999	0.07050	0.12926	0.11516	0.08070	0.17069	0.00746	0.01303	0.05326	0.06924	0.00975
8	0.01394	0.00966	0.01250	0.01329	0.01483	0.00903	0.00940	0.01732	0.02391	0.03374	0.27877	0.33978	0.07701	0.02557	0.01216	0.00361	0.00537	0.02289	0.06818	0.00903
9	0.02645	0.56008	0.13056	0.01925	0.02895	0.03819	0.02050	0.03098	0.02097	0.02535	0.01487	0.01721	0.01314	0.00892	0.00704	0.00235	0.01158	0.00579	0.00438	0.01346
10	0.01463	0.01016	0.01247	0.01226	0.01460	0.00937	0.00905	0.01881	0.02611	0.03720	0.37049	0.13949	0.14599	0.02166	0.01151	0.00325	0.00501	0.01892	0.10965	0.00937
11	0.01411	0.01060	0.01506	0.01534	0.01719	0.01156	0.01165	0.01750	0.01854	0.02586	0.08047	0.13387	0.08691	0.06154	0.41558	0.01251	0.02061	0.01517	0.00689	0.00904
12	0.01432	0.01048	0.01344	0.01270	0.01521	0.00960	0.00952	0.01897	0.02857	0.04001	0.53033	0.07853	0.13713	0.02141	0.01211	0.00325	0.00487	0.01882	0.01115	0.00960
13	0.01250	0.00893	0.01191	0.01429	0.01488	0.00834	0.00953	0.01429	0.01965	0.02620	0.05656	0.63265	0.06787	0.03215	0.01310	0.00417	0.00595	0.02917	0.00953	0.00834
14	0.02761	0.53692	0.04765	0.01759	0.02549	0.08515	0.01681	0.03098	0.02161	0.02551	0.01615	0.01862	0.01437	0.00922	0.00687	0.00225	0.01105	0.00595	0.06748	0.01273
15	0.03812	0.21412	0.03386	0.01882	0.02631	0.02452	0.01651	0.04173	0.02549	0.35822	0.02988	0.02805	0.02052	0.01195	0.01124	0.00299	0.06407	0.00869	0.00937	0.01557
16	0.02874	0.60162	0.05168	0.01761	0.02633	0.03882	0.01739	0.03208	0.02145	0.06317	0.01610	0.01775	0.01402	0.00905	0.00685	0.00226	0.01082	0.00583	0.00497	0.01347
17	0.61156	0.01869	0.01529	0.01427	0.02005	0.02140	0.01190	0.02888	0.01835	0.04383	0.02006	0.03096	0.01803	0.01224	0.00748	0.00340	0.00816	0.07777	0.00680	0.01087
18	0.30006	0.01962	0.01881	0.01574	0.02176	0.02156	0.01281	0.17388	0.02804	0.09072	0.02396	0.02565	0.01775	0.01116	0.00796	0.00295	0.00816	0.00795	0.17844	0.01300
19	0.02051	0.01279	0.01587	0.01520	0.01851	0.01233	0.01132	0.02746	0.10153	0.12619	0.18938	0.25423	0.10793	0.02280	0.01190	0.00359	0.00638	0.02004	0.01065	0.01139
20	0.02228	0.01405	0.01830	0.01756	0.02017	0.01468	0.01348	0.06692	0.02343	0.12294	0.04396	0.28991	0.04652	0.07666	0.01818	0.00452	0.07659	0.08965	0.00927	0.01094
21	0.02744	0.64552	0.05378	0.01756	0.02634	0.04061	0.01756	0.03073	0.02085	0.02414	0.01427	0.01646	0.01317	0.00878	0.00658	0.00219	0.01097	0.00549	0.00439	0.01317
22	0.03496	0.01648	0.02083	0.01710	0.02329	0.01562	0.01373	0.04366	0.12374	0.35088	0.12290	0.04237	0.03773	0.01415	0.01033	0.00317	0.00765	0.01177	0.07433	0.01531
23	0.03226	0.01361	0.01708	0.01422	0.01940	0.01235	0.01136	0.03664	0.02610	0.31186	0.08257	0.03985	0.03184	0.01310	0.00917	0.00286	0.00677	0.01071	0.29473	0.01354
24	0.01269	0.00907	0.01207	0.01416	0.01493	0.00846	0.00954	0.01475	0.02050	0.02756	0.10331	0.58201	0.07051	0.03113	0.01301	0.00408	0.00585	0.02821	0.00969	0.00846
25	0.02116	0.01294	0.01590	0.01576	0.01864	0.01280	0.01150	0.06459	0.07234	0.11198	0.04837	0.39235	0.05082	0.02435	0.01171	0.00372	0.00686	0.02157	0.07145	0.01118
26	0.04604	0.01746	0.02382	0.01826	0.02620	0.01508	0.01508	0.05001	0.02937	0.58244	0.04049	0.03493	0.02540	0.01270	0.01032	0.00318	0.00873	0.01032	0.01270	0.01746
27	0.03116	0.01485	0.01928	0.01605	0.02147	0.01367	0.01277	0.03761	0.07333	0.30724	0.23961	0.05108	0.05284	0.01589	0.01085	0.00318	0.00703	0.01349	0.04453	0.01406
28	0.01696	0.01128	0.01470	0.01454	0.01707	0.01069	0.01096	0.02216	0.05158	0.07457	0.33895	0.20734	0.07840	0.02338	0.01232	0.00360	0.00595	0.06458	0.01077	0.01020
29	0.10550	0.01768	0.02304	0.01783	0.02563	0.01579	0.01473	0.04824	0.02831	0.53454	0.03815	0.03330	0.02413	0.01242	0.00997	0.00318	0.00866	0.00989	0.01213	0.01690
30	0.04216	0.01633	0.02176	0.01700	0.02414	0.01429	0.01394	0.04625	0.02824	0.50396	0.03948	0.03541	0.02553	0.01259	0.00987	0.00306	0.00816	0.01021	0.11129	0.01633
31	0.01734	0.01016	0.01362	0.01486	0.01652	0.00931	0.01033	0.01944	0.02105	0.10642	0.05424	0.54645	0.06175	0.02935	0.01270	0.00402	0.00635	0.02645	0.00998	0.00965
32	0.02370	0.02098	0.03290	0.35748	0.10263	0.02394	0.06857	0.12783	0.02649	0.03501	0.02257	0.07036	0.01872	0.01201	0.01061	0.00338	0.01282	0.01084	0.00614	0.01301
33	0.13903	0.25429	0.03748	0.02542	0.10583	0.10834	0.01887	0.09097	0.02559	0.08066	0.01859	0.02053	0.01481	0.00992	0.00815	0.00271	0.01155	0.00701	0.00628	0.01396
34	0.02198	0.01521	0.01730	0.01644	0.02023	0.01619	0.01237	0.03568	0.23861	0.08573	0.08502	0.20053	0.04485	0.01894	0.01075	0.00344	0.00680	0.01641	0.12087	0.01265
35	0.01986	0.01897	0.03356	0.37442	0.10376	0.02123	0.10567	0.02658	0.02279	0.03043	0.11152	0.03553	0.02819	0.01171	0.01085	0.00336	0.01263	0.01118	0.00584	0.01193
36	0.01757	0.01056	0.01368	0.01418	0.01645	0.00953	0.01013	0.02019	0.02281	0.10866	0.13056	0.40235	0.12979	0.02703	0.01244	0.00381	0.00611	0.02404	0.01023	0.00988
37	0.02123	0.01846	0.02238	0.05185	0.02724	0.01515	0.01368	0.02580	0.02095	0.03255	0.01799	0.02171	0.01502	0.00830	0.00911	0.00179	0.03981	0.00641	0.00591	0.62467
38	0.03595	0.02600	0.12102	0.11755	0.03765	0.02139	0.02204	0.14838	0.03069	0.28928	0.02979	0.02927	0.01972	0.01173	0.01020	0.00321	0.01116	0.00943	0.00946	0.01610
39	0.01624	0.01087	0.01358	0.01286	0.01579	0.00975	0.00965	0.02024	0.02698	0.07855	0.37904	0.12536	0.19759	0.02243	0.01206	0.00336	0.00532	0.01953	0.01085	0.00994
40	0.02550	0.07980	0.11482	0.12503	0.03568	0.02295	0.02139	0.06472	0.11011	0.11148	0.03049	0.11514	0.02609	0.01481	0.01194	0.00342	0.05322	0.01202	0.00768	0.01371
41	0.02452	0.01781	0.01914	0.01659	0.02138	0.06089	0.01285	0.07819	0.07411	0.11783	0.24222	0.09332	0.08635	0.01749	0.01099	0.00312	0.00772	0.01482	0.01018	0.07048
42	0.12647	0.15429	0.07798	0.02397	0.07022	0.11794	0.01933	0.04046	0.20195	0.03519	0.02450	0.02527	0.01920	0.01101	0.00881	0.00299	0.01121	0.00819	0.00690	0.01411

[dist]
# distance from previous block
# <min> <max>
0	1

[block]
# block no. 6 follows, 14 sequences, length 8
# corresponding to MSA columns:
# 270-277
name=unknown_G
#
# <colnr> <probs for GDERKNQSTAVLIFYWHMCP>
#	G	D	E	R	K	N	Q	S	T	A	V	L	I	F	Y	W	H	M	C	P
0	0.02601	0.13357	0.21892	0.13850	0.04324	0.02620	0.06580	0.06647	0.05997	0.09248	0.02225	0.02511	0.01621	0.01037	0.00965	0.00312	0.01294	0.00855	0.00615	0.01448
1	0.60202	0.02458	0.01737	0.01561	0.02178	0.11679	0.01253	0.03193	0.01936	0.04263	0.01455	0.01697	0.01146	0.00970	0.00682	0.00309	0.00966	0.00573	0.00618	0.01124
2	0.10297	0.07810	0.03433	0.10788	0.13912	0.06085	0.06123	0.03308	0.02215	0.12045	0.02048	0.02469	0.01584	0.01152	0.01380	0.00332	0.12166	0.00866	0.00625	0.01363
3	0.01931	0.01350	0.01932	0.02206	0.10814	0.01302	0.01413	0.02356	0.02457	0.09294	0.23172	0.09443	0.12386	0.02959	0.11735	0.00567	0.01066	0.01583	0.00905	0.01129
4	0.13577	0.01881	0.05889	0.07211	0.02979	0.01712	0.08323	0.02958	0.02469	0.13225	0.20308	0.04349	0.04341	0.01751	0.04286	0.00399	0.01031	0.01224	0.00860	0.01227
5	0.02300	0.01757	0.02530	0.11650	0.15571	0.01791	0.01901	0.03077	0.09742	0.08995	0.09208	0.07848	0.06696	0.01574	0.01241	0.04627	0.00928	0.01250	0.00783	0.06530
6	0.31251	0.02194	0.06073	0.02202	0.06827	0.02019	0.06167	0.03359	0.02213	0.14777	0.04844	0.02570	0.01951	0.01042	0.00858	0.00302	0.00953	0.00818	0.00749	0.08833
7	0.17283	0.06039	0.02763	0.08148	0.11831	0.02182	0.01841	0.03208	0.02161	0.12835	0.02072	0.02369	0.01583	0.01038	0.01070	0.00289	0.06341	0.00770	0.00672	0.15505

[dist]
# distance from previous block
# <min> <max>
1	31

[block]
# block no. 7 follows, 14 sequences, length 21
# corresponding to MSA columns:
# 309-329
name=unknown_H
#
# <colnr> <probs for GDERKNQSTAVLIFYWHMCP>
#	G	D	E	R	K	N	Q	S	T	A	V	L	I	F	Y	W	H	M	C	P
0	0.18453	0.02128	0.02923	0.16604	0.03957	0.02336	0.07886	0.10646	0.02583	0.15605	0.02304	0.02593	0.01636	0.01119	0.01100	0.00333	0.04763	0.00893	0.00759	0.01377
1	0.03146	0.11041	0.03902	0.02999	0.10431	0.02475	0.13943	0.11869	0.02836	0.15510	0.02519	0.02718	0.01840	0.01036	0.00984	0.00293	0.01161	0.00945	0.05114	0.05240
2	0.11683	0.02183	0.05723	0.05398	0.02904	0.01953	0.01679	0.12908	0.02710	0.09634	0.02529	0.03368	0.02083	0.01190	0.00926	0.00279	0.00951	0.06330	0.00778	0.24791
3	0.02113	0.01789	0.02337	0.23980	0.04022	0.02096	0.01912	0.03638	0.24271	0.03437	0.03383	0.10072	0.02834	0.01440	0.01034	0.00342	0.00961	0.01244	0.07807	0.01288
4	0.03277	0.01706	0.02377	0.14125	0.03400	0.01588	0.01679	0.03753	0.02602	0.31154	0.08577	0.03512	0.02839	0.01211	0.00999	0.00293	0.00916	0.01014	0.00966	0.14012
5	0.01371	0.00979	0.01274	0.01334	0.01479	0.00914	0.00932	0.01686	0.02391	0.03307	0.30884	0.30945	0.07964	0.07788	0.01591	0.00419	0.00574	0.02271	0.01012	0.00882
6	0.15778	0.16302	0.02965	0.11879	0.03228	0.12864	0.01744	0.03280	0.05632	0.06528	0.05115	0.06125	0.02256	0.01211	0.00880	0.00298	0.01126	0.00912	0.00652	0.01223
7	0.01395	0.01058	0.01461	0.08118	0.02153	0.01048	0.01198	0.01722	0.02238	0.03002	0.17435	0.37516	0.09748	0.02653	0.01255	0.00386	0.00671	0.05097	0.00938	0.00907
8	0.10376	0.06900	0.12364	0.06704	0.08067	0.08786	0.05440	0.06887	0.05682	0.15458	0.02419	0.02558	0.01736	0.01072	0.00955	0.00310	0.01224	0.00858	0.00733	0.01470
9	0.02562	0.01772	0.02299	0.18491	0.03575	0.01893	0.01719	0.08416	0.09427	0.11205	0.02851	0.03466	0.02236	0.08159	0.01432	0.00375	0.00984	0.00999	0.09109	0.09031
10	0.02329	0.01755	0.02529	0.02468	0.08580	0.01820	0.04861	0.02943	0.05966	0.09873	0.10554	0.07541	0.03722	0.01637	0.01456	0.00343	0.10755	0.07164	0.04703	0.09000
11	0.02029	0.01719	0.02023	0.01510	0.02326	0.01308	0.01186	0.02454	0.02110	0.03263	0.02255	0.08998	0.02112	0.01036	0.00822	0.00182	0.00741	0.00867	0.00647	0.62413
12	0.01526	0.01139	0.01443	0.01477	0.01696	0.01120	0.01095	0.02180	0.08479	0.03554	0.29793	0.25881	0.07674	0.02449	0.01242	0.00369	0.00597	0.06245	0.01046	0.00996
13	0.10937	0.01930	0.02064	0.01659	0.02292	0.01988	0.01344	0.20422	0.03117	0.12047	0.02749	0.02879	0.02018	0.01141	0.00860	0.00272	0.00820	0.00870	0.21460	0.09130
14	0.01250	0.00893	0.01191	0.01429	0.01488	0.00834	0.00953	0.01429	0.01965	0.02620	0.05656	0.63265	0.06787	0.03215	0.01310	0.00417	0.00595	0.02917	0.00953	0.00834
15	0.02553	0.02204	0.02320	0.02088	0.02669	0.02553	0.01624	0.05453	0.55679	0.04293	0.04177	0.03829	0.03133	0.01392	0.01044	0.00348	0.00812	0.01160	0.01044	0.01624
16	0.01874	0.01138	0.01190	0.01150	0.01445	0.01157	0.00870	0.02647	0.09252	0.03812	0.10177	0.04873	0.09039	0.01465	0.00866	0.00274	0.00527	0.01207	0.46001	0.01036
17	0.46848	0.01841	0.01631	0.01411	0.02013	0.02033	0.01151	0.06395	0.02163	0.11605	0.02152	0.02311	0.01588	0.01052	0.00725	0.00304	0.00773	0.00707	0.12088	0.01209
18	0.01752	0.01205	0.01813	0.01717	0.02001	0.01100	0.06384	0.02051	0.02215	0.09013	0.08524	0.41292	0.11597	0.02626	0.01252	0.00385	0.00727	0.02388	0.00954	0.01003
19	0.01472	0.01076	0.01530	0.01530	0.01673	0.01218	0.01135	0.01756	0.01614	0.02294	0.02857	0.04633	0.02827	0.20308	0.47614	0.01503	0.02355	0.01188	0.00566	0.00850
20	0.18046	0.08763	0.03076	0.23421	0.10990	0.09000	0.02212	0.07335	0.02352	0.03450	0.01735	0.02238	0.01364	0.01001	0.00888	0.00308	0.01227	0.00768	0.00557	0.01269

[dist]
# distance from previous block
# <min> <max>
0	48

[block]
# block no. 8 follows, 14 sequences, length 36
# corresponding to MSA columns:
# 378-413
name=unknown_I
#
# <colnr> <probs for GDERKNQSTAVLIFYWHMCP>
#	G	D	E	R	K	N	Q	S	T	A	V	L	I	F	Y	W	H	M	C	P
0	0.31038	0.07279	0.12197	0.02470	0.06099	0.05640	0.08447	0.09247	0.02385	0.04106	0.01737	0.02038	0.01327	0.00977	0.00848	0.00311	0.01171	0.00740	0.00608	0.01335
1	0.02520	0.01956	0.02769	0.12496	0.08317	0.02315	0.02066	0.06726	0.02271	0.11028	0.03166	0.03602	0.08620	0.01879	0.04967	0.00439	0.21815	0.01093	0.00688	0.01267
2	0.01320	0.00965	0.01241	0.01339	0.01494	0.00886	0.00941	0.01618	0.02345	0.03179	0.24804	0.37619	0.12959	0.02746	0.01264	0.00375	0.00547	0.02455	0.01017	0.00886
3	0.01291	0.00960	0.01203	0.01318	0.01478	0.00872	0.00921	0.01559	0.02264	0.03006	0.18824	0.39270	0.17628	0.02825	0.01267	0.00380	0.00554	0.02513	0.00995	0.00872
4	0.02004	0.01171	0.01549	0.01385	0.01723	0.01063	0.01063	0.02473	0.02911	0.13592	0.47722	0.06935	0.08432	0.01953	0.01179	0.00322	0.00552	0.01712	0.01154	0.01105
5	0.02744	0.64552	0.05378	0.01756	0.02634	0.04061	0.01756	0.03073	0.02085	0.02414	0.01427	0.01646	0.01317	0.00878	0.00658	0.00219	0.01097	0.00549	0.00439	0.01317
6	0.02128	0.01824	0.02128	0.01520	0.02432	0.01368	0.01216	0.02584	0.02128	0.03344	0.01824	0.02128	0.01520	0.00760	0.00760	0.00152	0.00760	0.00608	0.00608	0.70208
7	0.02683	0.06488	0.02573	0.02118	0.02713	0.07944	0.01666	0.05174	0.47332	0.04007	0.03759	0.03505	0.02848	0.01328	0.01008	0.00332	0.00927	0.01074	0.00957	0.01564
8	0.03374	0.01834	0.02413	0.05019	0.02707	0.01936	0.01630	0.11208	0.02703	0.28165	0.03107	0.03503	0.02319	0.07917	0.09079	0.00564	0.09118	0.01043	0.00935	0.01426
9	0.02326	0.13895	0.47040	0.02680	0.04054	0.02576	0.03340	0.03337	0.02205	0.06698	0.01923	0.02175	0.01383	0.00980	0.00932	0.00309	0.01412	0.00745	0.00489	0.01502
10	0.02058	0.05308	0.58618	0.02925	0.04442	0.02383	0.03792	0.03250	0.02167	0.03250	0.01842	0.02167	0.01300	0.00975	0.00975	0.00325	0.01517	0.00758	0.00433	0.01517
11	0.02120	0.04920	0.51577	0.02820	0.04220	0.02404	0.03521	0.03525	0.08859	0.03380	0.02134	0.02374	0.01529	0.01027	0.00984	0.00328	0.01429	0.00809	0.00510	0.01530
12	0.03391	0.01862	0.02703	0.14376	0.10354	0.01757	0.01935	0.03883	0.02547	0.30917	0.02960	0.02991	0.02018	0.01091	0.00983	0.00293	0.00997	0.00922	0.00899	0.13121
13	0.01265	0.00905	0.01204	0.01419	0.01492	0.00843	0.00954	0.01466	0.02034	0.02730	0.09434	0.59173	0.07000	0.03133	0.01303	0.00410	0.00587	0.02839	0.00966	0.00843
14	0.02626	0.01531	0.01885	0.01727	0.02158	0.01525	0.01393	0.12503	0.02896	0.14956	0.08317	0.15632	0.04462	0.02016	0.01144	0.00360	0.00813	0.13180	0.09631	0.01244
15	0.10916	0.16461	0.29463	0.02312	0.03447	0.02664	0.02621	0.07156	0.02395	0.10611	0.02039	0.02194	0.01475	0.01010	0.00880	0.00300	0.01232	0.00739	0.00611	0.01474
16	0.03576	0.01768	0.02097	0.01679	0.02302	0.01739	0.01364	0.16088	0.03145	0.28338	0.03441	0.03349	0.02376	0.01237	0.00930	0.00290	0.00809	0.00982	0.22995	0.01494
17	0.09435	0.02181	0.08954	0.05942	0.03002	0.01897	0.06838	0.11437	0.02664	0.07643	0.08258	0.20118	0.03798	0.01766	0.01096	0.00350	0.00986	0.01551	0.00836	0.01249
18	0.01747	0.01126	0.01449	0.01354	0.01663	0.01024	0.01046	0.02193	0.02799	0.09203	0.42359	0.07804	0.14648	0.02131	0.01208	0.00336	0.00559	0.05214	0.01109	0.01031
19	0.03271	0.02743	0.02627	0.02190	0.02845	0.09870	0.01743	0.27043	0.21760	0.05016	0.03011	0.02964	0.02238	0.01262	0.00995	0.00311	0.01058	0.00974	0.06508	0.01571
20	0.01907	0.01274	0.01595	0.01472	0.01803	0.01242	0.01116	0.02712	0.10557	0.09349	0.39907	0.11181	0.07787	0.02003	0.01177	0.00334	0.00579	0.01759	0.01117	0.01130
21	0.01628	0.01304	0.01602	0.06231	0.02141	0.01320	0.01192	0.02490	0.11596	0.03754	0.34259	0.07068	0.17478	0.01994	0.01168	0.00333	0.00618	0.01725	0.01025	0.01072
22	0.01383	0.00993	0.01319	0.01407	0.01568	0.00929	0.01025	0.01733	0.02445	0.03367	0.29840	0.32272	0.08071	0.02653	0.01273	0.00378	0.00575	0.06827	0.01035	0.00907
23	0.02735	0.46659	0.04609	0.07387	0.03091	0.08220	0.01860	0.03392	0.08405	0.02661	0.01797	0.02018	0.01534	0.00966	0.00759	0.00249	0.01150	0.00663	0.00518	0.01326
24	0.16164	0.03809	0.31271	0.02835	0.04014	0.02347	0.14128	0.03346	0.02198	0.07744	0.01980	0.02301	0.01414	0.00969	0.00963	0.00328	0.01370	0.00839	0.00557	0.01424
25	0.03110	0.20964	0.07295	0.02302	0.02965	0.10368	0.02058	0.15679	0.02797	0.06535	0.01853	0.02139	0.01495	0.01218	0.01421	0.00310	0.14679	0.00772	0.00641	0.01399
26	0.71184	0.01985	0.01508	0.01350	0.01985	0.02302	0.01111	0.03017	0.01746	0.04604	0.01429	0.01667	0.01111	0.00953	0.00635	0.00318	0.00794	0.00556	0.00635	0.01111
27	0.10404	0.12578	0.03620	0.08477	0.03599	0.09679	0.12642	0.07149	0.02523	0.08731	0.02440	0.06099	0.02085	0.01235	0.00990	0.00318	0.01262	0.04191	0.00677	0.01300
28	0.01290	0.00948	0.01211	0.01346	0.01485	0.00868	0.00933	0.01548	0.02225	0.02974	0.17768	0.43648	0.14213	0.02882	0.01275	0.00386	0.00560	0.02579	0.00992	0.00868
29	0.01945	0.01575	0.02664	0.09124	0.03110	0.01605	0.11989	0.02394	0.02276	0.07486	0.12720	0.25267	0.04845	0.02035	0.01369	0.00372	0.05442	0.01858	0.00826	0.01098
30	0.64780	0.01890	0.01457	0.01313	0.01912	0.02178	0.01075	0.02959	0.01784	0.04532	0.01606	0.01867	0.01252	0.00975	0.00643	0.00310	0.00765	0.00593	0.07014	0.01097
31	0.01380	0.00992	0.01250	0.01286	0.01439	0.00924	0.00891	0.01673	0.02339	0.03203	0.28867	0.24624	0.11290	0.12874	0.01916	0.00466	0.00607	0.02141	0.00977	0.00861
32	0.02277	0.01970	0.08958	0.01814	0.02288	0.01698	0.01566	0.11288	0.02351	0.08597	0.02838	0.04158	0.02560	0.19448	0.22584	0.00953	0.01682	0.01120	0.00707	0.01141
33	0.02743	0.02370	0.03990	0.05859	0.52128	0.02347	0.02988	0.03332	0.02396	0.08756	0.02139	0.02634	0.01716	0.00949	0.01018	0.00306	0.01185	0.00926	0.00583	0.01637
34	0.10050	0.02068	0.02249	0.01781	0.02519	0.05490	0.01428	0.09917	0.02747	0.22867	0.02934	0.07516	0.02276	0.01233	0.00931	0.00274	0.00907	0.00980	0.00916	0.20918
35	0.62562	0.02017	0.01713	0.01518	0.02073	0.02407	0.01253	0.02948	0.01725	0.04337	0.01419	0.01739	0.01141	0.01058	0.00977	0.00334	0.08455	0.00599	0.00612	0.01113

[dist]
# distance from previous block
# <min> <max>
0	2

[block]
# block no. 9 follows, 14 sequences, length 13
# corresponding to MSA columns:
# 416-428
name=unknown_J
#
# <colnr> <probs for GDERKNQSTAVLIFYWHMCP>
#	G	D	E	R	K	N	Q	S	T	A	V	L	I	F	Y	W	H	M	C	P
0	0.02973	0.02572	0.08023	0.07648	0.07898	0.02515	0.02129	0.20582	0.11907	0.09604	0.03310	0.03373	0.06408	0.01338	0.01181	0.00331	0.04757	0.01054	0.00863	0.01533
1	0.12982	0.01765	0.02242	0.05670	0.06997	0.01762	0.01565	0.08286	0.02834	0.23466	0.17185	0.04110	0.03998	0.01396	0.01020	0.00318	0.00842	0.01154	0.01007	0.01403
2	0.02288	0.02374	0.15954	0.01987	0.02633	0.01634	0.01878	0.03219	0.11236	0.13290	0.04158	0.26993	0.04019	0.01991	0.01130	0.00364	0.00913	0.01735	0.00897	0.01305
3	0.12961	0.01492	0.01843	0.01564	0.02100	0.01398	0.01239	0.03466	0.02651	0.29261	0.18759	0.10847	0.04804	0.01667	0.01055	0.00330	0.00722	0.01399	0.01105	0.01337
4	0.10120	0.22578	0.03537	0.10517	0.03346	0.03049	0.01863	0.16122	0.07822	0.08507	0.02219	0.02368	0.01682	0.01076	0.00868	0.00290	0.01068	0.00793	0.00734	0.01442
5	0.02406	0.03729	0.28380	0.09040	0.04189	0.06821	0.08084	0.03370	0.05052	0.07092	0.04822	0.02709	0.01946	0.01055	0.01002	0.00310	0.01355	0.00895	0.00591	0.07151
6	0.06822	0.08170	0.08903	0.02176	0.02842	0.02308	0.06135	0.06434	0.07533	0.12821	0.07695	0.03791	0.08171	0.01438	0.01353	0.00336	0.09799	0.01113	0.00802	0.01357
7	0.01848	0.01806	0.06426	0.08199	0.02726	0.01689	0.01622	0.03080	0.18747	0.03512	0.14900	0.17204	0.07755	0.01965	0.01151	0.00361	0.00811	0.04078	0.00920	0.01199
8	0.01799	0.01063	0.01431	0.01522	0.01725	0.00982	0.01110	0.02072	0.02245	0.10848	0.10701	0.43329	0.06379	0.02778	0.01271	0.00399	0.00662	0.07678	0.01016	0.00991
9	0.01848	0.01242	0.01551	0.01544	0.01832	0.01217	0.01162	0.02556	0.10124	0.08616	0.19597	0.25692	0.09639	0.02388	0.01222	0.00373	0.00651	0.06618	0.01044	0.01084
10	0.02727	0.02678	0.10030	0.07265	0.23995	0.02338	0.15225	0.03626	0.06854	0.11286	0.02444	0.02810	0.01818	0.01006	0.01064	0.00324	0.01300	0.01007	0.00655	0.01547
11	0.02217	0.01218	0.01408	0.01290	0.01547	0.01325	0.01013	0.02651	0.02143	0.08810	0.03126	0.03566	0.02437	0.01289	0.01130	0.00277	0.09400	0.00955	0.53143	0.01056
12	0.01555	0.01253	0.01427	0.01453	0.01779	0.01223	0.01136	0.02318	0.11431	0.03188	0.11712	0.14523	0.28292	0.02464	0.01236	0.00378	0.00661	0.11973	0.00982	0.01017

[dist]
# distance from previous block
# <min> <max>
0	1

[block]
# block no. 10 follows, 14 sequences, length 12
# corresponding to MSA columns:
# 430-441
name=unknown_K
#
# <colnr> <probs for GDERKNQSTAVLIFYWHMCP>
#	G	D	E	R	K	N	Q	S	T	A	V	L	I	F	Y	W	H	M	C	P
0	0.04145	0.01742	0.02300	0.01825	0.02533	0.01572	0.01480	0.08790	0.02984	0.47186	0.04104	0.10513	0.02977	0.01498	0.01065	0.00329	0.00862	0.01247	0.01211	0.01638
1	0.04413	0.01789	0.02376	0.01850	0.02624	0.01606	0.01519	0.05043	0.07857	0.53212	0.04061	0.03524	0.02596	0.01282	0.01033	0.00320	0.00868	0.01044	0.01249	0.01735
2	0.02247	0.02160	0.03802	0.23628	0.29734	0.02288	0.08937	0.02899	0.02256	0.03081	0.02239	0.03471	0.01932	0.01123	0.01080	0.00337	0.01303	0.05572	0.00533	0.01375
