[name]
unknown

[dist]
# distance from previous block
# <min> <max>
0	174

[block]
# block no. 0 follows, 12 sequences, length 90
# corresponding to MSA columns:
# 174-263
name=unknown_A
#
# <colnr> <probs for GDERKNQSTAVLIFYWHMCP>
#	G	D	E	R	K	N	Q	S	T	A	V	L	I	F	Y	W	H	M	C	P
0	0.02600	0.02955	0.09834	0.11093	0.36061	0.06577	0.03167	0.03287	0.02479	0.03377	0.02305	0.03404	0.02006	0.01169	0.01103	0.00342	0.01374	0.04735	0.00565	0.01566
1	0.02633	0.02494	0.04083	0.11667	0.44023	0.02587	0.03129	0.03565	0.08165	0.03594	0.02310	0.02876	0.01880	0.01041	0.01084	0.00333	0.01263	0.01001	0.00599	0.01673
2	0.02385	0.02385	0.03340	0.02863	0.02863	0.03340	0.02385	0.02624	0.01670	0.02624	0.01431	0.02385	0.01431	0.01908	0.03578	0.00477	0.59685	0.00954	0.00477	0.01193
3	0.02476	0.01931	0.02283	0.01642	0.02600	0.01466	0.01317	0.02955	0.02331	0.07806	0.02131	0.02379	0.01704	0.00852	0.00831	0.00176	0.00817	0.00683	0.00703	0.62916
4	0.01328	0.00949	0.01265	0.01518	0.01581	0.00886	0.01012	0.01518	0.02088	0.02783	0.06010	0.60969	0.07212	0.03416	0.01392	0.00443	0.00633	0.03100	0.01012	0.00886
5	0.02226	0.05366	0.50988	0.03259	0.04819	0.02555	0.08797	0.03457	0.02330	0.03457	0.01982	0.02367	0.01409	0.01024	0.01061	0.00348	0.01634	0.00855	0.00470	0.01597
6	0.03128	0.03389	0.02611	0.02377	0.02852	0.26782	0.01823	0.04272	0.17649	0.03348	0.02770	0.03025	0.02226	0.01924	0.06163	0.00449	0.05932	0.00950	0.06983	0.01348
7	0.02635	0.02607	0.03611	0.22411	0.26262	0.08119	0.02864	0.03653	0.10363	0.03379	0.02352	0.02906	0.01858	0.01105	0.01078	0.00339	0.01346	0.00984	0.00614	0.01514
8	0.01894	0.00947	0.01420	0.01420	0.01420	0.00947	0.00947	0.01420	0.01420	0.01894	0.01894	0.03314	0.01894	0.03788	0.04261	0.68277	0.00947	0.00947	0.00473	0.00473
9	0.03014	0.02346	0.02527	0.02213	0.02868	0.02655	0.01738	0.08891	0.44964	0.09482	0.04299	0.03935	0.03168	0.01455	0.01107	0.00364	0.00892	0.01203	0.01131	0.01747
10	0.01358	0.00961	0.01257	0.01481	0.01537	0.00905	0.00972	0.01526	0.02031	0.02708	0.05718	0.54869	0.06844	0.10018	0.01863	0.00512	0.00681	0.02928	0.00972	0.00860
11	0.01894	0.00947	0.01420	0.01420	0.01420	0.00947	0.00947	0.01420	0.01420	0.01894	0.01894	0.03314	0.01894	0.03788	0.04261	0.68277	0.00947	0.00947	0.00473	0.00473
12	0.01586	0.01057	0.01189	0.01189	0.01189	0.01057	0.00661	0.01586	0.01586	0.02114	0.03436	0.07135	0.03964	0.61681	0.05550	0.01057	0.01057	0.01586	0.00661	0.00661
13	0.02915	0.62337	0.05714	0.01866	0.02799	0.04314	0.01866	0.03265	0.02215	0.02565	0.01516	0.01749	0.01399	0.00933	0.00700	0.00233	0.01166	0.00583	0.00466	0.01399
14	0.04073	0.05197	0.03090	0.02809	0.03371	0.57303	0.02107	0.04354	0.03090	0.02669	0.01685	0.01966	0.01404	0.01124	0.00983	0.00281	0.01966	0.00702	0.00562	0.01264
15	0.02261	0.01938	0.02261	0.01615	0.02584	0.01453	0.01292	0.02745	0.02261	0.03553	0.01938	0.02261	0.01615	0.00807	0.00807	0.00161	0.00807	0.00646	0.00646	0.68346
16	0.03606	0.04583	0.09537	0.03320	0.08280	0.35547	0.06981	0.08991	0.03112	0.03353	0.01894	0.02228	0.01501	0.01101	0.01037	0.00305	0.01775	0.00821	0.00603	0.01425
17	0.38685	0.02435	0.03453	0.02666	0.03492	0.02585	0.19458	0.03552	0.06878	0.04348	0.02042	0.02414	0.01555	0.01022	0.00940	0.00351	0.01210	0.00905	0.00670	0.01338
18	0.02873	0.02576	0.04025	0.14119	0.37670	0.02714	0.03055	0.12349	0.02937	0.04068	0.02141	0.02716	0.01708	0.01054	0.01083	0.00331	0.01302	0.00973	0.00636	0.01670
19	0.02521	0.02839	0.06112	0.10134	0.05883	0.02723	0.46049	0.03421	0.02534	0.03421	0.02179	0.02938	0.01634	0.00937	0.01267	0.00367	0.01799	0.01254	0.00545	0.01444
20	0.02819	0.02528	0.03486	0.04233	0.25119	0.02801	0.02529	0.09147	0.20568	0.04157	0.02887	0.03141	0.02275	0.01293	0.01374	0.00358	0.07748	0.01063	0.00793	0.01679
21	0.02473	0.02620	0.05207	0.03841	0.04797	0.02481	0.36814	0.03512	0.07232	0.03574	0.02764	0.03966	0.02291	0.01181	0.01251	0.00364	0.01569	0.06067	0.00659	0.07338
22	0.03690	0.02904	0.03191	0.03457	0.16599	0.13245	0.02223	0.08744	0.12253	0.17861	0.03071	0.03070	0.02229	0.01226	0.01071	0.00328	0.01242	0.01001	0.00915	0.01681
23	0.02657	0.02616	0.04342	0.03996	0.14209	0.02705	0.20498	0.04446	0.24050	0.03963	0.03128	0.03374	0.02384	0.01169	0.01170	0.00360	0.01314	0.01201	0.00787	0.01630
24	0.01742	0.01037	0.01514	0.01514	0.01583	0.01106	0.01065	0.01625	0.01556	0.02143	0.02420	0.04058	0.02406	0.11406	0.23246	0.37625	0.01659	0.01092	0.00532	0.00671
25	0.69383	0.02109	0.01603	0.01434	0.02109	0.02446	0.01181	0.03205	0.01856	0.04892	0.01518	0.01771	0.01181	0.01012	0.00675	0.00337	0.00843	0.00590	0.00675	0.01181
26	0.02588	0.02901	0.06206	0.04833	0.11271	0.02738	0.45529	0.03476	0.02563	0.03501	0.02188	0.02914	0.01663	0.00925	0.01263	0.00363	0.01777	0.01251	0.00550	0.01500
27	0.10066	0.02504	0.02586	0.02213	0.02902	0.02859	0.01760	0.17420	0.35057	0.05201	0.03656	0.03448	0.02718	0.01386	0.01059	0.00355	0.00949	0.01100	0.01059	0.01702
28	0.01328	0.00949	0.01265	0.01518	0.01581	0.00886	0.01012	0.01518	0.02088	0.02783	0.06010	0.60969	0.07212	0.03416	0.01392	0.00443	0.00633	0.03100	0.01012	0.00886
29	0.02059	0.01938	0.03270	0.59060	0.07510	0.02422	0.03028	0.02786	0.02180	0.02786	0.01938	0.02907	0.01453	0.01090	0.01090	0.00363	0.01453	0.00969	0.00484	0.01211
30	0.03860	0.02609	0.02927	0.02218	0.03107	0.02662	0.01823	0.32939	0.04164	0.14358	0.02753	0.02724	0.01944	0.01206	0.01030	0.00293	0.01069	0.00928	0.01037	0.16349
31	0.01543	0.01115	0.01457	0.01372	0.01629	0.01029	0.01029	0.02058	0.03086	0.04372	0.54304	0.08145	0.10288	0.02229	0.01286	0.00343	0.00514	0.01972	0.01200	0.01029
32	0.01635	0.01282	0.01900	0.01856	0.02032	0.01547	0.01458	0.02010	0.01745	0.02540	0.02782	0.04107	0.02605	0.07593	0.52346	0.01633	0.08213	0.01148	0.00574	0.00994
33	0.02862	0.02417	0.02550	0.02249	0.02892	0.02782	0.01762	0.10551	0.47908	0.04803	0.04247	0.03916	0.03174	0.01461	0.01108	0.00365	0.00898	0.01206	0.01108	0.01739
34	0.01586	0.01057	0.01189	0.01189	0.01189	0.01057	0.00661	0.01586	0.01586	0.02114	0.03436	0.07135	0.03964	0.61681	0.05550	0.01057	0.01057	0.01586	0.00661	0.00661
35	0.16485	0.41236	0.04474	0.01927	0.02749	0.12256	0.01766	0.03424	0.02280	0.03050	0.01543	0.01788	0.01356	0.00979	0.00739	0.00262	0.01227	0.00603	0.00523	0.01334
36	0.02858	0.02415	0.02548	0.02248	0.02891	0.02780	0.01761	0.10415	0.48051	0.04796	0.04253	0.03921	0.03179	0.01462	0.01108	0.00365	0.00897	0.01207	0.01108	0.01739
37	0.01517	0.01114	0.01422	0.01345	0.01613	0.01018	0.01008	0.02008	0.03025	0.04227	0.49905	0.08384	0.14777	0.02283	0.01286	0.00346	0.00518	0.02005	0.01181	0.01018
38	0.02187	0.05640	0.56031	0.03108	0.04719	0.02532	0.04029	0.03453	0.02302	0.03453	0.01957	0.02302	0.01381	0.01036	0.01036	0.00345	0.01611	0.00806	0.00460	0.01611
39	0.02833	0.55912	0.11415	0.02006	0.03016	0.04112	0.02111	0.03286	0.02225	0.02666	0.01566	0.01812	0.01397	0.00945	0.00738	0.00246	0.01217	0.00608	0.00466	0.01423
40	0.01586	0.01057	0.01189	0.01189	0.01189	0.01057	0.00661	0.01586	0.01586	0.02114	0.03436	0.07135	0.03964	0.61681	0.05550	0.01057	0.01057	0.01586	0.00661	0.00661
41	0.01894	0.00947	0.01420	0.01420	0.01420	0.00947	0.00947	0.01420	0.01420	0.01894	0.01894	0.03314	0.01894	0.03788	0.04261	0.68277	0.00947	0.00947	0.00473	0.00473
42	0.09664	0.01140	0.01083	0.01064	0.01365	0.01178	0.00810	0.02616	0.02238	0.04159	0.03326	0.03805	0.02612	0.01241	0.00752	0.00264	0.00546	0.00968	0.60135	0.01035
43	0.01328	0.00949	0.01265	0.01518	0.01581	0.00886	0.01012	0.01518	0.02088	0.02783	0.06010	0.60969	0.07212	0.03416	0.01392	0.00443	0.00633	0.03100	0.01012	0.00886
44	0.01558	0.01168	0.01752	0.01752	0.01947	0.01363	0.01363	0.01947	0.01752	0.02531	0.02921	0.04283	0.02726	0.08178	0.57360	0.01752	0.02921	0.01168	0.00584	0.00974
45	0.04073	0.05197	0.03090	0.02809	0.03371	0.57303	0.02107	0.04354	0.03090	0.02669	0.01685	0.01966	0.01404	0.01124	0.00983	0.00281	0.01966	0.00702	0.00562	0.01264
46	0.03933	0.04932	0.03226	0.03204	0.08608	0.51740	0.02233	0.04251	0.03028	0.02759	0.01723	0.02041	0.01437	0.01108	0.00993	0.00285	0.01898	0.00730	0.00560	0.01311
47	0.01289	0.01105	0.01105	0.01105	0.01473	0.00920	0.00828	0.01565	0.02485	0.02946	0.11046	0.10493	0.54437	0.02761	0.01289	0.00368	0.00552	0.02301	0.01013	0.00920
48	0.01849	0.01629	0.02573	0.22910	0.13952	0.01763	0.02163	0.02324	0.02229	0.02947	0.04205	0.25073	0.07900	0.02067	0.01216	0.00386	0.01045	0.01869	0.00734	0.01166
49	0.03123	0.02213	0.02502	0.02028	0.02811	0.02226	0.01617	0.09470	0.24823	0.13704	0.03524	0.03347	0.02583	0.01249	0.01020	0.00301	0.00893	0.01017	0.01020	0.20528
50	0.02261	0.01938	0.02261	0.01615	0.02584	0.01453	0.01292	0.02745	0.02261	0.03553	0.01938	0.02261	0.01615	0.00807	0.00807	0.00161	0.00807	0.00646	0.00646	0.68346
51	0.04145	0.03054	0.03272	0.02509	0.03381	0.03381	0.02072	0.51243	0.05127	0.06872	0.02618	0.02618	0.01854	0.01309	0.01091	0.00327	0.01200	0.00982	0.01091	0.01854
52	0.02398	0.02431	0.04773	0.19344	0.14826	0.02477	0.24917	0.03093	0.02350	0.03175	0.02078	0.02920	0.01635	0.01227	0.01458	0.06342	0.01557	0.01114	0.00524	0.01360
53	0.01385	0.00992	0.01316	0.01480	0.01594	0.00923	0.01017	0.01659	0.02349	0.03199	0.18651	0.47141	0.08017	0.03105	0.01364	0.00417	0.00602	0.02804	0.01061	0.00923
54	0.03035	0.02890	0.03134	0.02547	0.03228	0.16476	0.11343	0.07461	0.07388	0.09409	0.04823	0.04800	0.15523	0.01579	0.01155	0.00339	0.01299	0.01345	0.00856	0.01371
55	0.01798	0.01380	0.01758	0.01604	0.02058	0.01205	0.01290	0.02301	0.02708	0.03858	0.27185	0.07583	0.06838	0.02036	0.01210	0.00334	0.00723	0.13390	0.00995	0.19747
56	0.56296	0.02192	0.01839	0.01563	0.02286	0.02451	0.01285	0.08191	0.02236	0.04974	0.01672	0.01906	0.01292	0.01024	0.00731	0.00320	0.00877	0.00637	0.00716	0.07513
57	0.04076	0.02121	0.02567	0.02082	0.02849	0.02130	0.01683	0.09166	0.20546	0.34011	0.04214	0.03747	0.02849	0.01391	0.01101	0.00348	0.00927	0.01135	0.01246	0.01810
58	0.02822	0.34759	0.04221	0.02028	0.02815	0.03578	0.01801	0.04427	0.25518	0.03483	0.02859	0.02815	0.02286	0.01184	0.00888	0.00296	0.01027	0.00882	0.00762	0.01549
59	0.01521	0.01095	0.01392	0.01412	0.01531	0.01140	0.00965	0.01710	0.01789	0.02415	0.04316	0.10791	0.09490	0.30722	0.23719	0.01184	0.01649	0.01635	0.00701	0.00823
60	0.02005	0.01826	0.02610	0.02352	0.02442	0.02431	0.01915	0.02313	0.01708	0.02581	0.02116	0.03258	0.02026	0.04790	0.28300	0.01063	0.33592	0.01053	0.00526	0.01092
61	0.01328	0.00949	0.01265	0.01518	0.01581	0.00886	0.01012	0.01518	0.02088	0.02783	0.06010	0.60969	0.07212	0.03416	0.01392	0.00443	0.00633	0.03100	0.01012	0.00886
62	0.01586	0.01057	0.01189	0.01189	0.01189	0.01057	0.00661	0.01586	0.01586	0.02114	0.03436	0.07135	0.03964	0.61681	0.05550	0.01057	0.01057	0.01586	0.00661	0.00661
63	0.02575	0.02464	0.04202	0.16829	0.45710	0.02558	0.03285	0.03238	0.02424	0.03412	0.02029	0.02739	0.01674	0.00994	0.01082	0.00331	0.01326	0.00971	0.00529	0.01627
64	0.02346	0.17999	0.45063	0.02837	0.04300	0.02921	0.03557	0.03412	0.02283	0.03260	0.01861	0.02181	0.01385	0.01013	0.00963	0.00321	0.01514	0.00757	0.00462	0.01565
65	0.63137	0.02134	0.01765	0.01567	0.02179	0.02529	0.01293	0.03151	0.01838	0.04681	0.01510	0.01829	0.01204	0.01096	0.00945	0.00350	0.06329	0.00624	0.00656	0.01182
66	0.01311	0.01105	0.01136	0.01128	0.01487	0.00930	0.00846	0.01608	0.02538	0.03071	0.14857	0.10286	0.50547	0.02715	0.01288	0.00366	0.00549	0.02272	0.01029	0.00930
67	0.02259	0.05137	0.46789	0.03385	0.04902	0.02574	0.12766	0.03460	0.02353	0.03460	0.02003	0.02421	0.01432	0.01014	0.01083	0.00349	0.01654	0.00895	0.00477	0.01585
68	0.02261	0.01938	0.02261	0.01615	0.02584	0.01453	0.01292	0.02745	0.02261	0.03553	0.01938	0.02261	0.01615	0.00807	0.00807	0.00161	0.00807	0.00646	0.00646	0.68346
69	0.02699	0.02591	0.04426	0.06693	0.54879	0.02591	0.03346	0.03346	0.02483	0.03562	0.02051	0.02699	0.01727	0.00972	0.01079	0.00324	0.01295	0.00972	0.00540	0.01727
70	0.01894	0.00947	0.01420	0.01420	0.01420	0.00947	0.00947	0.01420	0.01420	0.01894	0.01894	0.03314	0.01894	0.03788	0.04261	0.68277	0.00947	0.00947	0.00473	0.00473
71	0.02187	0.05640	0.56031	0.03108	0.04719	0.02532	0.04029	0.03453	0.02302	0.03453	0.01957	0.02302	0.01381	0.01036	0.01036	0.00345	0.01611	0.00806	0.00460	0.01611
72	0.02915	0.62337	0.05714	0.01866	0.02799	0.04314	0.01866	0.03265	0.02215	0.02565	0.01516	0.01749	0.01399	0.00933	0.00700	0.00233	0.01166	0.00583	0.00466	0.01399
73	0.07365	0.02702	0.12185	0.01985	0.03028	0.01884	0.01884	0.06886	0.02566	0.10510	0.02265	0.02446	0.01698	0.00970	0.00898	0.00242	0.01002	0.00754	0.00737	0.37991
74	0.02953	0.02591	0.03495	0.16191	0.24780	0.08027	0.02680	0.03967	0.11113	0.09375	0.02650	0.03016	0.02018	0.01141	0.01079	0.00337	0.01282	0.01002	0.00719	0.01584
75	0.02970	0.02938	0.01969	0.01840	0.02236	0.26890	0.01380	0.03374	0.02656	0.03423	0.02697	0.03100	0.02156	0.01203	0.00864	0.00266	0.01178	0.00872	0.36857	0.01130
76	0.03362	0.02444	0.11557	0.02268	0.03085	0.01817	0.05319	0.04194	0.07958	0.27717	0.04105	0.14488	0.03340	0.01679	0.01158	0.00365	0.01042	0.01461	0.01055	0.01587
77	0.03227	0.03215	0.03727	0.04386	0.24856	0.14798	0.02666	0.12780	0.02994	0.03854	0.01977	0.02471	0.01632	0.01228	0.01481	0.00341	0.11254	0.00912	0.00641	0.01561
78	0.69383	0.02109	0.01603	0.01434	0.02109	0.02446	0.01181	0.03205	0.01856	0.04892	0.01518	0.01771	0.01181	0.01012	0.00675	0.00337	0.00843	0.00590	0.00675	0.01181
79	0.69383	0.02109	0.01603	0.01434	0.02109	0.02446	0.01181	0.03205	0.01856	0.04892	0.01518	0.01771	0.01181	0.01012	0.00675	0.00337	0.00843	0.00590	0.00675	0.01181
80	0.02530	0.02000	0.03006	0.04181	0.30375	0.02021	0.02244	0.06155	0.02578	0.03977	0.02682	0.03232	0.02156	0.01111	0.00955	0.00297	0.00979	0.00990	0.27077	0.01455
81	0.01894	0.00947	0.01420	0.01420	0.01420	0.00947	0.00947	0.01420	0.01420	0.01894	0.01894	0.03314	0.01894	0.03788	0.04261	0.68277	0.00947	0.00947	0.00473	0.00473
82	0.02874	0.02423	0.02557	0.02252	0.02897	0.02788	0.01765	0.10944	0.47495	0.04823	0.04232	0.03904	0.03161	0.01460	0.01107	0.00365	0.00901	0.01204	0.01107	0.01740
83	0.03362	0.01514	0.02040	0.01714	0.02228	0.01405	0.01330	0.03706	0.02577	0.31287	0.08291	0.04853	0.03611	0.14058	0.12269	0.00733	0.01281	0.01279	0.01066	0.01396
84	0.02033	0.01592	0.01918	0.01768	0.02227	0.01527	0.01347	0.07017	0.07743	0.03570	0.04192	0.25670	0.04399	0.02690	0.05761	0.00462	0.00972	0.05473	0.00898	0.18739
85	0.01498	0.01102	0.01337	0.01284	0.01519	0.01011	0.00922	0.01872	0.02697	0.03678	0.36366	0.08451	0.18287	0.12861	0.02041	0.00475	0.00618	0.01972	0.01066	0.00941
86	0.02261	0.01938	0.02261	0.01615	0.02584	0.01453	0.01292	0.02745	0.02261	0.03553	0.01938	0.02261	0.01615	0.00807	0.00807	0.00161	0.00807	0.00646	0.00646	0.68346
87	0.11732	0.02750	0.03467	0.16492	0.26063	0.11143	0.02682	0.03492	0.02471	0.06776	0.02043	0.02571	0.01607	0.01051	0.01014	0.00328	0.01353	0.00886	0.00601	0.01477
88	0.15981	0.02623	0.03532	0.03926	0.21548	0.02799	0.06305	0.16284	0.08348	0.04796	0.02361	0.02661	0.01817	0.01118	0.01024	0.00336	0.01182	0.00954	0.00773	0.01634
89	0.33888	0.02382	0.02462	0.08264	0.11134	0.06678	0.01804	0.03188	0.02164	0.04033	0.01739	0.02142	0.01396	0.00983	0.00831	0.00299	0.01060	0.00708	0.00620	0.14225

[dist]
# distance from previous block
# <min> <max>
1	5

[block]
# block no. 1 follows, 12 sequences, length 31
# corresponding to MSA columns:
# 269-299
name=unknown_B
#
# <colnr> <probs for GDERKNQSTAVLIFYWHMCP>
#	G	D	E	R	K	N	Q	S	T	A	V	L	I	F	Y	W	H	M	C	P
0	0.16966	0.02637	0.04239	0.04089	0.17669	0.02709	0.18772	0.08573	0.06455	0.04243	0.02230	0.02679	0.01720	0.01036	0.01067	0.00345	0.01341	0.01018	0.00673	0.01537
1	0.01946	0.02422	0.13591	0.02271	0.02887	0.01796	0.05635	0.03062	0.12611	0.03503	0.07938	0.23738	0.04886	0.02203	0.01255	0.00401	0.01009	0.06677	0.00893	0.01277
2	0.01328	0.00949	0.01265	0.01518	0.01581	0.00886	0.01012	0.01518	0.02088	0.02783	0.06010	0.60969	0.07212	0.03416	0.01392	0.00443	0.00633	0.03100	0.01012	0.00886
3	0.02915	0.62337	0.05714	0.01866	0.02799	0.04314	0.01866	0.03265	0.02215	0.02565	0.01516	0.01749	0.01399	0.00933	0.00700	0.00233	0.01166	0.00583	0.00466	0.01399
4	0.03561	0.09124	0.14207	0.02250	0.03209	0.02364	0.02176	0.04825	0.15392	0.26127	0.03546	0.03296	0.02441	0.01272	0.01045	0.00336	0.01082	0.01015	0.01008	0.01723
5	0.02046	0.01413	0.01578	0.01576	0.01737	0.06150	0.01163	0.02088	0.01909	0.02652	0.02757	0.04340	0.02585	0.03754	0.12628	0.29865	0.01312	0.05212	0.14440	0.00796
6	0.01894	0.00947	0.01420	0.01420	0.01420	0.00947	0.00947	0.01420	0.01420	0.01894	0.01894	0.03314	0.01894	0.03788	0.04261	0.68277	0.00947	0.00947	0.00473	0.00473
7	0.01328	0.00949	0.01265	0.01518	0.01581	0.00886	0.01012	0.01518	0.02088	0.02783	0.06010	0.60969	0.07212	0.03416	0.01392	0.00443	0.00633	0.03100	0.01012	0.00886
8	0.03468	0.04154	0.03305	0.03253	0.08934	0.36761	0.02319	0.03778	0.02641	0.02755	0.01658	0.02160	0.01447	0.01317	0.01691	0.00338	0.17388	0.00800	0.00537	0.01296
9	0.13631	0.01669	0.01877	0.01715	0.02167	0.01723	0.01313	0.09210	0.06333	0.11384	0.13053	0.22220	0.05160	0.02109	0.01154	0.00373	0.00778	0.01798	0.01053	0.01280
10	0.01437	0.01049	0.01351	0.01404	0.01596	0.00963	0.01004	0.01804	0.02645	0.03627	0.31663	0.28852	0.13078	0.02738	0.01327	0.00384	0.00564	0.02439	0.01110	0.00963
11	0.01328	0.00949	0.01265	0.01518	0.01581	0.00886	0.01012	0.01518	0.02088	0.02783	0.06010	0.60969	0.07212	0.03416	0.01392	0.00443	0.00633	0.03100	0.01012	0.00886
12	0.10459	0.01793	0.02292	0.01800	0.02568	0.01620	0.01479	0.04840	0.02921	0.45783	0.03973	0.03571	0.02571	0.01311	0.01024	0.00329	0.00877	0.01042	0.08036	0.01709
13	0.02237	0.01391	0.01530	0.01489	0.01836	0.01460	0.01193	0.07246	0.07901	0.04202	0.04035	0.05682	0.03504	0.01666	0.00986	0.00325	0.00713	0.10913	0.40526	0.01164
14	0.01289	0.01105	0.01105	0.01105	0.01473	0.00920	0.00828	0.01565	0.02485	0.02946	0.11046	0.10493	0.54437	0.02761	0.01289	0.00368	0.00552	0.02301	0.01013	0.00920
15	0.69383	0.02109	0.01603	0.01434	0.02109	0.02446	0.01181	0.03205	0.01856	0.04892	0.01518	0.01771	0.01181	0.01012	0.00675	0.00337	0.00843	0.00590	0.00675	0.01181
16	0.02187	0.05640	0.56031	0.03108	0.04719	0.02532	0.04029	0.03453	0.02302	0.03453	0.01957	0.02302	0.01381	0.01036	0.01036	0.00345	0.01611	0.00806	0.00460	0.01611
17	0.02574	0.02941	0.06434	0.04596	0.05699	0.02757	0.50919	0.03493	0.02574	0.03493	0.02206	0.02941	0.01654	0.00919	0.01287	0.00368	0.01838	0.01287	0.00551	0.01471
18	0.01586	0.01057	0.01189	0.01189	0.01189	0.01057	0.00661	0.01586	0.01586	0.02114	0.03436	0.07135	0.03964	0.61681	0.05550	0.01057	0.01057	0.01586	0.00661	0.00661
19	0.03044	0.13559	0.07816	0.02190	0.02986	0.03001	0.01951	0.17862	0.20255	0.04715	0.03076	0.03076	0.02329	0.01271	0.00987	0.00319	0.01043	0.00983	0.07918	0.01619
20	0.02514	0.31113	0.33424	0.02550	0.03856	0.03333	0.03057	0.03369	0.02263	0.03054	0.01759	0.02054	0.01389	0.00990	0.00885	0.00295	0.01411	0.00706	0.00463	0.01516
21	0.48284	0.02168	0.01914	0.01582	0.02340	0.02327	0.01295	0.07989	0.02275	0.04805	0.01720	0.01963	0.01343	0.00998	0.00746	0.00298	0.00872	0.00642	0.00711	0.15726
22	0.02965	0.29163	0.17737	0.02392	0.03419	0.09461	0.02454	0.08722	0.07793	0.03459	0.02060	0.02242	0.01639	0.01075	0.00900	0.00291	0.01342	0.00761	0.00606	0.01520
23	0.02187	0.05640	0.56031	0.03108	0.04719	0.02532	0.04029	0.03453	0.02302	0.03453	0.01957	0.02302	0.01381	0.01036	0.01036	0.00345	0.01611	0.00806	0.00460	0.01611
24	0.01365	0.01108	0.01211	0.01185	0.01520	0.00953	0.00889	0.01713	0.02666	0.03374	0.24041	0.09788	0.41173	0.02601	0.01288	0.00361	0.00541	0.02202	0.01069	0.00953
25	0.02580	0.02138	0.01572	0.01497	0.01834	0.16114	0.01123	0.03027	0.02502	0.03690	0.03055	0.03502	0.02422	0.01231	0.00821	0.00261	0.00899	0.00932	0.49717	0.01083
26	0.69383	0.02109	0.01603	0.01434	0.02109	0.02446	0.01181	0.03205	0.01856	0.04892	0.01518	0.01771	0.01181	0.01012	0.00675	0.00337	0.00843	0.00590	0.00675	0.01181
27	0.08598	0.01434	0.01633	0.01423	0.01959	0.01284	0.01123	0.02945	0.02683	0.19958	0.11829	0.07350	0.29362	0.02109	0.01172	0.00353	0.00694	0.01736	0.01105	0.01250
28	0.02796	0.01476	0.01914	0.01641	0.02131	0.01373	0.01287	0.03503	0.07454	0.21999	0.32767	0.06265	0.07073	0.01861	0.01205	0.00343	0.00687	0.01607	0.01244	0.01374
29	0.01515	0.01113	0.01418	0.01342	0.01612	0.01017	0.01007	0.02003	0.03020	0.04215	0.49517	0.08405	0.15174	0.02288	0.01286	0.00346	0.00519	0.02008	0.01179	0.01017
30	0.03417	0.03422	0.02710	0.02328	0.02907	0.25106	0.01807	0.18610	0.03735	0.04459	0.16095	0.03830	0.03930	0.01479	0.01099	0.00312	0.01334	0.01131	0.00901	0.01388

[dist]
# distance from previous block
# <min> <max>
0	5

[block]
# block no. 2 follows, 12 sequences, length 30
# corresponding to MSA columns:
# 305-334
name=unknown_C
#
# <colnr> <probs for GDERKNQSTAVLIFYWHMCP>
#	G	D	E	R	K	N	Q	S	T	A	V	L	I	F	Y	W	H	M	C	P
0	0.02749	0.32818	0.04363	0.02249	0.02796	0.09205	0.01998	0.03062	0.02099	0.02590	0.01640	0.02200	0.01534	0.01926	0.06924	0.00454	0.18856	0.00761	0.00491	0.01284
1	0.02129	0.02009	0.03397	0.53339	0.12685	0.02441	0.03063	0.02847	0.02213	0.02871	0.01950	0.02884	0.01483	0.01077	0.01089	0.00359	0.01436	0.00969	0.00491	0.01268
2	0.01293	0.01088	0.01122	0.01150	0.01485	0.00917	0.00848	0.01560	0.02442	0.02928	0.10495	0.16008	0.49277	0.02833	0.01300	0.00376	0.00561	0.02388	0.01012	0.00917
3	0.03394	0.03436	0.24660	0.02371	0.03472	0.02072	0.02558	0.08046	0.02856	0.24272	0.03106	0.03074	0.02092	0.01207	0.01034	0.00331	0.01189	0.00957	0.08211	0.01662
4	0.01438	0.01030	0.01381	0.01569	0.01699	0.00972	0.01135	0.01741	0.02347	0.03166	0.15252	0.43011	0.07653	0.03123	0.01390	0.00433	0.00669	0.10011	0.01047	0.00932
5	0.01894	0.00947	0.01420	0.01420	0.01420	0.00947	0.00947	0.01420	0.01420	0.01894	0.01894	0.03314	0.01894	0.03788	0.04261	0.68277	0.00947	0.00947	0.00473	0.00473
6	0.02886	0.02429	0.02564	0.02254	0.02902	0.02793	0.01768	0.11321	0.47098	0.04842	0.04217	0.03892	0.03149	0.01459	0.01107	0.00365	0.00904	0.01202	0.01107	0.01741
7	0.02488	0.02375	0.04045	0.23966	0.39254	0.02535	0.03241	0.03161	0.02383	0.03306	0.02014	0.02767	0.01637	0.01011	0.01083	0.00337	0.01348	0.00971	0.00522	0.01557
8	0.02712	0.02342	0.02465	0.02219	0.02835	0.02712	0.01726	0.05794	0.52909	0.04561	0.04438	0.04068	0.03328	0.01479	0.01109	0.00370	0.00863	0.01233	0.01109	0.01726
9	0.04813	0.01983	0.02609	0.02000	0.02847	0.01791	0.01652	0.10183	0.03333	0.50465	0.04123	0.03595	0.02610	0.01345	0.01096	0.00336	0.00957	0.01084	0.01322	0.01855
10	0.04436	0.02587	0.02983	0.02287	0.03148	0.02689	0.01889	0.33358	0.04345	0.25860	0.03273	0.03044	0.02183	0.01325	0.01093	0.00331	0.01094	0.01026	0.01192	0.01855
11	0.04081	0.04951	0.03111	0.02775	0.03372	0.51110	0.02103	0.09739	0.03324	0.03151	0.01792	0.02041	0.01456	0.01145	0.00996	0.00286	0.01878	0.00734	0.00623	0.01332
12	0.02187	0.05640	0.56031	0.03108	0.04719	0.02532	0.04029	0.03453	0.02302	0.03453	0.01957	0.02302	0.01381	0.01036	0.01036	0.00345	0.01611	0.00806	0.00460	0.01611
13	0.04590	0.01865	0.02499	0.01903	0.02760	0.01585	0.01567	0.05019	0.03022	0.49653	0.04030	0.03545	0.02575	0.01287	0.01063	0.00317	0.00914	0.01045	0.01269	0.09492
14	0.02927	0.06721	0.08588	0.01991	0.02594	0.01871	0.01777	0.03394	0.02605	0.21327	0.12385	0.14663	0.04450	0.01875	0.01409	0.00366	0.07128	0.01531	0.00998	0.01400
15	0.02574	0.02941	0.06434	0.04596	0.05699	0.02757	0.50919	0.03493	0.02574	0.03493	0.02206	0.02941	0.01654	0.00919	0.01287	0.00368	0.01838	0.01287	0.00551	0.01471
16	0.02107	0.01733	0.01938	0.01841	0.02272	0.01879	0.01418	0.03872	0.28299	0.04068	0.15534	0.12227	0.10649	0.02088	0.01224	0.00382	0.00746	0.05266	0.01099	0.01356
17	0.03650	0.02188	0.02442	0.02085	0.02735	0.06464	0.01721	0.13976	0.03351	0.24499	0.04592	0.05880	0.07233	0.01822	0.01197	0.00372	0.01061	0.12077	0.01122	0.01534
18	0.01393	0.01109	0.01249	0.01214	0.01537	0.00965	0.00911	0.01767	0.02732	0.03531	0.28798	0.09530	0.36319	0.02543	0.01288	0.00358	0.00537	0.02166	0.01090	0.00965
19	0.63308	0.02085	0.01690	0.01482	0.02172	0.02367	0.01221	0.03404	0.01975	0.09672	0.01780	0.01954	0.01324	0.01044	0.00714	0.00337	0.00851	0.00638	0.00738	0.01244
20	0.02406	0.02292	0.03897	0.30670	0.33190	0.02514	0.03201	0.03090	0.02344	0.03207	0.01999	0.02794	0.01602	0.01026	0.01084	0.00342	0.01368	0.00970	0.00514	0.01491
21	0.02674	0.03054	0.09318	0.03927	0.04833	0.02918	0.32815	0.08385	0.02650	0.03681	0.02082	0.02751	0.01612	0.01159	0.01687	0.00383	0.12863	0.01154	0.00587	0.01469
22	0.01402	0.00993	0.01230	0.01388	0.01456	0.00939	0.00893	0.01542	0.01969	0.02596	0.05630	0.41042	0.09874	0.20732	0.02623	0.00620	0.00753	0.02587	0.00907	0.00821
23	0.02699	0.02591	0.04426	0.06693	0.54879	0.02591	0.03346	0.03346	0.02483	0.03562	0.02051	0.02699	0.01727	0.00972	0.01079	0.00324	0.01295	0.00972	0.00540	0.01727
24	0.02732	0.10143	0.14083	0.03368	0.04429	0.02952	0.22935	0.08801	0.11970	0.03923	0.02534	0.02864	0.01904	0.01084	0.01122	0.00344	0.01476	0.01079	0.00683	0.01574
25	0.01443	0.01109	0.01344	0.01383	0.01622	0.01057	0.01027	0.01741	0.02254	0.02911	0.11686	0.14019	0.25404	0.10828	0.12706	0.00735	0.01114	0.05799	0.00905	0.00914
26	0.01324	0.00965	0.01249	0.01476	0.01570	0.00889	0.00993	0.01523	0.02129	0.02800	0.06528	0.55769	0.12077	0.03349	0.01381	0.00435	0.00624	0.03017	0.01012	0.00889
27	0.14949	0.34270	0.10867	0.02413	0.03406	0.03492	0.10677	0.03316	0.02223	0.03258	0.01689	0.02028	0.01402	0.00957	0.00838	0.00289	0.01277	0.00735	0.00519	0.01396
28	0.01455	0.01113	0.01359	0.01472	0.01730	0.01017	0.01146	0.01802	0.02475	0.03162	0.13483	0.21585	0.25983	0.02910	0.01370	0.00418	0.00689	0.14850	0.01032	0.00948
29	0.03090	0.08811	0.02924	0.01904	0.02831	0.02271	0.01586	0.15388	0.03075	0.09809	0.02315	0.02449	0.01767	0.01006	0.00898	0.00230	0.00959	0.00772	0.00814	0.37101

[dist]
# distance from previous block
# <min> <max>
0	2

[block]
# block no. 3 follows, 12 sequences, length 16
# corresponding to MSA columns:
# 337-352
name=unknown_D
#
# <colnr> <probs for GDERKNQSTAVLIFYWHMCP>
#	G	D	E	R	K	N	Q	S	T	A	V	L	I	F	Y	W	H	M	C	P
0	0.02882	0.29155	0.27042	0.02414	0.03628	0.03156	0.02764	0.03639	0.02382	0.10528	0.02105	0.02269	0.01577	0.01037	0.00902	0.00297	0.01325	0.00753	0.00590	0.01556
1	0.03423	0.03184	0.03262	0.02681	0.03364	0.13435	0.06054	0.20587	0.18635	0.04739	0.02855	0.02938	0.02161	0.01342	0.01299	0.00347	0.06151	0.01027	0.00900	0.01616
2	0.12744	0.08738	0.09855	0.02293	0.03128	0.06271	0.05507	0.07381	0.07334	0.15725	0.03039	0.08174	0.02434	0.01374	0.01023	0.00338	0.01153	0.01113	0.00865	0.01510
3	0.02607	0.02497	0.04261	0.14171	0.48114	0.02567	0.03301	0.03266	0.02440	0.03451	0.02035	0.02728	0.01688	0.00988	0.01081	0.00329	0.01318	0.00971	0.00532	0.01653
4	0.01289	0.01105	0.01105	0.01105	0.01473	0.00920	0.00828	0.01565	0.02485	0.02946	0.11046	0.10493	0.54437	0.02761	0.01289	0.00368	0.00552	0.02301	0.01013	0.00920
5	0.62634	0.01994	0.01569	0.01442	0.02056	0.02291	0.01164	0.03038	0.01879	0.04683	0.01964	0.07642	0.01779	0.01251	0.00746	0.00348	0.00823	0.00839	0.00708	0.01152
6	0.01573	0.01109	0.01451	0.01451	0.01541	0.01199	0.00987	0.01753	0.01663	0.02308	0.03197	0.05812	0.03390	0.36856	0.29589	0.01380	0.01922	0.01392	0.00625	0.00806
7	0.02802	0.02045	0.02389	0.02170	0.02682	0.02187	0.01797	0.24848	0.03662	0.04866	0.04345	0.14764	0.04361	0.02281	0.01297	0.00413	0.01042	0.19623	0.01045	0.01381
8	0.02577	0.01343	0.01789	0.01547	0.01985	0.01206	0.01206	0.03063	0.03097	0.20201	0.38864	0.06776	0.07945	0.01957	0.01227	0.00341	0.00642	0.01702	0.01246	0.01284
9	0.02015	0.01770	0.02343	0.02087	0.02087	0.02282	0.01586	0.02143	0.01631	0.02388	0.02360	0.04586	0.02605	0.29601	0.04492	0.00746	0.32522	0.01247	0.00562	0.00946
10	0.03389	0.17174	0.18427	0.02476	0.03565	0.03194	0.02526	0.22795	0.03493	0.09428	0.02338	0.02433	0.01697	0.01151	0.00987	0.00312	0.01282	0.00852	0.00797	0.01683
11	0.02645	0.41287	0.24395	0.02327	0.03512	0.03653	0.02669	0.03335	0.02248	0.02895	0.01680	0.01954	0.01393	0.00971	0.00824	0.00275	0.01331	0.00666	0.00464	0.01478
12	0.03876	0.02196	0.03409	0.04142	0.26920	0.02060	0.02410	0.04402	0.02825	0.31509	0.03259	0.03242	0.02249	0.01174	0.01089	0.00331	0.01098	0.01039	0.00974	0.01796
13	0.01731	0.01535	0.02160	0.02907	0.17984	0.01430	0.01640	0.02106	0.02411	0.03106	0.07335	0.17440	0.29410	0.02330	0.01243	0.00368	0.00797	0.02039	0.00866	0.01163
14	0.02540	0.02320	0.03481	0.28367	0.05380	0.06298	0.10880	0.03539	0.09199	0.07143	0.07355	0.03546	0.02649	0.01239	0.01138	0.00355	0.01354	0.01143	0.00715	0.01359
15	0.02837	0.15875	0.03804	0.02449	0.03165	0.02860	0.09678	0.17090	0.07819	0.04204	0.03245	0.15909	0.03078	0.01657	0.01105	0.00343	0.01135	0.01447	0.00846	0.01457

[dist]
# distance from previous block
# <min> <max>
0	3

[block]
# block no. 4 follows, 12 sequences, length 9
# corresponding to MSA columns:
# 356-364
name=unknown_E
#
# <colnr> <probs for GDERKNQSTAVLIFYWHMCP>
#	G	D	E	R	K	N	Q	S	T	A	V	L	I	F	Y	W	H	M	C	P
0	0.17913	0.02448	0.02859	0.37613	0.05663	0.10356	0.02468	0.03109	0.02237	0.03256	0.01804	0.02509	0.01383	0.01077	0.00979	0.00345	0.01387	0.00843	0.00540	0.01212
1	0.02657	0.21419	0.04635	0.14178	0.30214	0.03108	0.02822	0.03224	0.02346	0.03112	0.01862	0.02433	0.01576	0.00980	0.00961	0.00302	0.01282	0.00848	0.00507	0.01534
2	0.08506	0.01907	0.02675	0.19984	0.04216	0.01912	0.01998	0.04146	0.02659	0.30858	0.03153	0.03194	0.02103	0.01198	0.01040	0.00331	0.01078	0.00982	0.00968	0.07093
3	0.03394	0.02358	0.03825	0.05186	0.38364	0.02277	0.02793	0.03970	0.02685	0.20070	0.02764	0.03020	0.02035	0.01091	0.01085	0.00328	0.01179	0.01011	0.00796	0.01768
4	0.02594	0.37360	0.27880	0.02413	0.03645	0.03529	0.02818	0.03348	0.02254	0.02956	0.01710	0.01993	0.01391	0.00978	0.00848	0.00283	0.01362	0.00681	0.00464	0.01493
5	0.02330	0.21086	0.04045	0.40928	0.06016	0.03022	0.02660	0.02938	0.02191	0.02716	0.01804	0.02540	0.01436	0.01040	0.00966	0.00322	0.01362	0.00847	0.00479	0.01271
6	0.01553	0.01151	0.01659	0.01632	0.01846	0.01257	0.01257	0.01982	0.02175	0.03115	0.19210	0.05508	0.05123	0.06292	0.39583	0.01306	0.02158	0.01423	0.00779	0.00991
7	0.02395	0.01996	0.02217	0.02118	0.02612	0.02251	0.01678	0.04687	0.37908	0.04139	0.04853	0.10275	0.04276	0.01966	0.01218	0.00405	0.00876	0.11551	0.01079	0.01502
8	0.01771	0.01376	0.01712	0.01449	0.01932	0.01163	0.01112	0.02276	0.02825	0.04113	0.37703	0.06279	0.07539	0.01778	0.01134	0.00285	0.00607	0.01552	0.01025	0.22370

[dist]
# distance from previous block
# <min> <max>
0	455

# created by:
# /st0/software/busco_prod/Augustus/scripts/msa2prfl.pl ./align_prep/4533.fa
