[name]
unknown

[dist]
# distance from previous block
# <min> <max>
2	453

[block]
# block no. 0 follows, 13 sequences, length 16
# corresponding to MSA columns:
# 471-486
name=unknown_A
#
# <colnr> <probs for GDERKNQSTAVLIFYWHMCP>
#	G	D	E	R	K	N	Q	S	T	A	V	L	I	F	Y	W	H	M	C	P
0	0.24412	0.01948	0.02412	0.29026	0.04546	0.02285	0.02028	0.07482	0.02317	0.03764	0.02780	0.03241	0.07343	0.01231	0.00947	0.00341	0.01097	0.00963	0.00643	0.01193
1	0.02728	0.06905	0.08551	0.06315	0.03335	0.02011	0.10136	0.06495	0.02526	0.15410	0.03417	0.15801	0.03118	0.06608	0.01471	0.00405	0.01132	0.01463	0.00830	0.01342
2	0.22370	0.08811	0.02937	0.06672	0.16912	0.02322	0.01903	0.02957	0.02182	0.03734	0.05680	0.02569	0.02053	0.01016	0.00856	0.00282	0.00977	0.00802	0.00617	0.14346
3	0.03230	0.02769	0.09542	0.02245	0.03192	0.07544	0.05972	0.07102	0.02729	0.18682	0.02571	0.02643	0.01834	0.01032	0.00963	0.00266	0.01132	0.00847	0.00811	0.24894
4	0.01661	0.01110	0.01375	0.01329	0.01623	0.00992	0.00988	0.02038	0.02679	0.07919	0.31156	0.17119	0.21208	0.02421	0.01250	0.00355	0.00560	0.02109	0.01097	0.01012
5	0.02384	0.17406	0.10130	0.02191	0.02853	0.05716	0.04780	0.02907	0.02380	0.06593	0.03595	0.10936	0.03619	0.01879	0.01130	0.00367	0.01153	0.17997	0.00750	0.01230
6	0.02630	0.02271	0.02391	0.02152	0.02749	0.02630	0.01674	0.05618	0.54336	0.04423	0.04303	0.03945	0.03228	0.01434	0.01076	0.00359	0.00837	0.01195	0.01076	0.01674
7	0.04451	0.02269	0.02744	0.02104	0.02933	0.02251	0.01738	0.24378	0.03812	0.36643	0.03511	0.03170	0.02286	0.01293	0.01061	0.00323	0.01006	0.01018	0.01207	0.01799
8	0.01636	0.01023	0.01213	0.01229	0.01363	0.01034	0.00837	0.01911	0.01975	0.02986	0.09306	0.11279	0.04324	0.23939	0.10425	0.00745	0.01012	0.01503	0.21410	0.00848
9	0.01757	0.01143	0.01468	0.01351	0.01662	0.01035	0.01026	0.02223	0.02932	0.08765	0.46174	0.07767	0.14364	0.02143	0.01231	0.00335	0.00538	0.01872	0.01157	0.01057
10	0.46917	0.02511	0.07597	0.06242	0.03113	0.02478	0.06745	0.06934	0.02177	0.04472	0.01691	0.02024	0.01279	0.01002	0.00808	0.00332	0.01056	0.00716	0.00640	0.01265
11	0.02778	0.12378	0.08195	0.01918	0.02887	0.02299	0.01750	0.11830	0.02735	0.07351	0.02081	0.02269	0.01620	0.00944	0.00854	0.00224	0.00989	0.00717	0.00702	0.35479
12	0.09321	0.02993	0.16446	0.05794	0.03444	0.02286	0.02230	0.09312	0.12566	0.11766	0.02712	0.02772	0.01954	0.01129	0.00971	0.00311	0.01093	0.00888	0.00805	0.11205
13	0.14430	0.02171	0.02829	0.06491	0.08483	0.02216	0.04932	0.13882	0.03028	0.22132	0.03339	0.03323	0.05565	0.01260	0.01018	0.00329	0.01041	0.01031	0.00945	0.01554
14	0.08971	0.02563	0.09907	0.07778	0.03350	0.02047	0.01898	0.11069	0.02611	0.04013	0.01952	0.02272	0.01518	0.00940	0.00874	0.00243	0.01018	0.00728	0.00660	0.35589
15	0.02713	0.27625	0.23416	0.02632	0.07486	0.03078	0.02634	0.03614	0.06537	0.07860	0.02133	0.02310	0.01639	0.01022	0.00890	0.00291	0.01250	0.00767	0.00583	0.01520

[dist]
# distance from previous block
# <min> <max>
4	9

[block]
# block no. 1 follows, 13 sequences, length 24
# corresponding to MSA columns:
# 496-519
name=unknown_B
#
# <colnr> <probs for GDERKNQSTAVLIFYWHMCP>
#	G	D	E	R	K	N	Q	S	T	A	V	L	I	F	Y	W	H	M	C	P
0	0.03202	0.02107	0.02758	0.02069	0.02941	0.01899	0.05980	0.09595	0.07793	0.19159	0.02865	0.02860	0.02056	0.01062	0.00964	0.00261	0.00954	0.00899	0.00906	0.29669
1	0.01445	0.01048	0.01170	0.01157	0.01303	0.00981	0.00746	0.01604	0.02028	0.02637	0.13805	0.08047	0.20347	0.35277	0.03494	0.00716	0.00796	0.01804	0.00825	0.00772
2	0.01454	0.01066	0.01364	0.01318	0.01561	0.00975	0.00978	0.01903	0.02851	0.03971	0.46968	0.12903	0.14118	0.02313	0.01256	0.00343	0.00512	0.02039	0.01130	0.00975
3	0.01288	0.00920	0.01227	0.01472	0.01534	0.00859	0.00981	0.01472	0.02024	0.02699	0.05828	0.62152	0.06993	0.03312	0.01350	0.00429	0.00613	0.03006	0.00981	0.00859
4	0.01285	0.00933	0.01214	0.01439	0.01525	0.00862	0.00967	0.01476	0.02056	0.02712	0.06232	0.57850	0.11034	0.03260	0.01341	0.00423	0.00607	0.02942	0.00982	0.00862
5	0.02313	0.02313	0.03238	0.02776	0.02776	0.03238	0.02313	0.02545	0.01619	0.02545	0.01388	0.02313	0.01388	0.01851	0.03470	0.00463	0.60907	0.00925	0.00463	0.01157
6	0.62530	0.02152	0.01744	0.01513	0.02190	0.02478	0.01247	0.08931	0.02172	0.04969	0.01597	0.01814	0.01222	0.01015	0.00702	0.00326	0.00858	0.00617	0.00702	0.01222
7	0.01538	0.01025	0.01153	0.01153	0.01153	0.01025	0.00641	0.01538	0.01538	0.02050	0.03331	0.06919	0.03844	0.62842	0.05382	0.01025	0.01025	0.01538	0.00641	0.00641
8	0.02827	0.63478	0.05540	0.01809	0.02714	0.04184	0.01809	0.03166	0.02148	0.02488	0.01470	0.01696	0.01357	0.00905	0.00678	0.00226	0.01131	0.00565	0.00452	0.01357
9	0.04019	0.02962	0.03173	0.02433	0.03279	0.03279	0.02010	0.52721	0.04971	0.06663	0.02538	0.02538	0.01798	0.01269	0.01058	0.00317	0.01163	0.00952	0.01058	0.01798
10	0.04019	0.02962	0.03173	0.02433	0.03279	0.03279	0.02010	0.52721	0.04971	0.06663	0.02538	0.02538	0.01798	0.01269	0.01058	0.00317	0.01163	0.00952	0.01058	0.01798
11	0.02079	0.01140	0.01184	0.01144	0.01424	0.01161	0.00863	0.06456	0.02424	0.04056	0.03578	0.08801	0.03002	0.01413	0.00817	0.00268	0.00557	0.01155	0.57437	0.01041
12	0.01384	0.00988	0.01336	0.01581	0.01685	0.00941	0.01148	0.01637	0.02118	0.02806	0.05775	0.50605	0.06784	0.03222	0.01375	0.00443	0.00696	0.13610	0.00980	0.00885
13	0.02121	0.05469	0.57364	0.03014	0.04576	0.02455	0.03906	0.03348	0.02232	0.03348	0.01897	0.02232	0.01339	0.01005	0.01005	0.00335	0.01563	0.00781	0.00446	0.01563
14	0.01554	0.01063	0.01418	0.01418	0.01502	0.01147	0.00971	0.01678	0.01594	0.02210	0.02965	0.05331	0.03116	0.32696	0.28990	0.07880	0.01820	0.01298	0.00590	0.00758
15	0.01997	0.01879	0.03171	0.60301	0.07282	0.02349	0.02936	0.02701	0.02114	0.02701	0.01879	0.02819	0.01409	0.01057	0.01057	0.00352	0.01409	0.00940	0.00470	0.01175
16	0.02069	0.01954	0.03303	0.53985	0.13029	0.02368	0.02973	0.02765	0.02149	0.02790	0.01892	0.02795	0.01441	0.01044	0.01056	0.00348	0.01391	0.00940	0.00476	0.01233
17	0.01326	0.00936	0.01216	0.01424	0.01476	0.00884	0.00930	0.01482	0.01951	0.02601	0.05451	0.53812	0.06518	0.12301	0.01958	0.00519	0.00676	0.02784	0.00930	0.00826
18	0.01572	0.01208	0.01627	0.01615	0.01704	0.01364	0.01168	0.01796	0.01832	0.02570	0.07987	0.18517	0.04435	0.20017	0.18913	0.00942	0.09420	0.01716	0.00720	0.00877
19	0.02192	0.01879	0.02192	0.01566	0.02506	0.01409	0.01253	0.02662	0.02192	0.03445	0.01879	0.02192	0.01566	0.00783	0.00783	0.00157	0.00783	0.00626	0.00626	0.69305
20	0.01619	0.01339	0.01982	0.02691	0.15322	0.01280	0.01532	0.01925	0.02166	0.02908	0.05432	0.41034	0.11382	0.02640	0.01261	0.00392	0.00766	0.02394	0.00866	0.01069
21	0.01288	0.00920	0.01227	0.01472	0.01534	0.00859	0.00981	0.01472	0.02024	0.02699	0.05828	0.62152	0.06993	0.03312	0.01350	0.00429	0.00613	0.03006	0.00981	0.00859
22	0.03540	0.03005	0.14325	0.07317	0.03683	0.02475	0.02329	0.20418	0.07674	0.19956	0.02964	0.02920	0.02023	0.01220	0.01050	0.00330	0.01165	0.00967	0.00953	0.01685
23	0.09282	0.02852	0.15509	0.06168	0.03787	0.02120	0.09827	0.04170	0.05908	0.25254	0.02972	0.02982	0.02007	0.01140	0.01042	0.00337	0.01205	0.00984	0.00870	0.01584

[dist]
# distance from previous block
# <min> <max>
1	2

[block]
# block no. 2 follows, 13 sequences, length 18
# corresponding to MSA columns:
# 522-539
name=unknown_C
#
# <colnr> <probs for GDERKNQSTAVLIFYWHMCP>
#	G	D	E	R	K	N	Q	S	T	A	V	L	I	F	Y	W	H	M	C	P
0	0.08932	0.01635	0.02124	0.01725	0.02380	0.01473	0.01390	0.04207	0.02848	0.40382	0.12214	0.08799	0.04013	0.01578	0.01084	0.00336	0.00808	0.01315	0.01210	0.01548
1	0.02580	0.21484	0.21608	0.02224	0.03348	0.02808	0.02390	0.09141	0.02531	0.03521	0.01844	0.02101	0.01457	0.00952	0.00859	0.00256	0.01191	0.00699	0.00568	0.18439
2	0.02637	0.01750	0.02051	0.01803	0.02318	0.01830	0.01407	0.04222	0.25748	0.14694	0.22788	0.05301	0.05539	0.01672	0.01135	0.00343	0.00727	0.01428	0.01153	0.01455
3	0.01634	0.01180	0.01752	0.01718	0.01856	0.01387	0.01318	0.01838	0.01631	0.02342	0.02531	0.03834	0.02393	0.06651	0.43975	0.14674	0.06806	0.01076	0.00538	0.00866
4	0.04744	0.01799	0.02454	0.01881	0.02699	0.01554	0.01554	0.05153	0.03026	0.56979	0.04171	0.03599	0.02617	0.01309	0.01063	0.00327	0.00900	0.01063	0.01309	0.01799
5	0.01451	0.01054	0.01381	0.01452	0.01652	0.00984	0.01091	0.01839	0.02578	0.03520	0.29976	0.24779	0.11569	0.02657	0.01311	0.00387	0.00610	0.09696	0.01068	0.00946
6	0.02827	0.63478	0.05540	0.01809	0.02714	0.04184	0.01809	0.03166	0.02148	0.02488	0.01470	0.01696	0.01357	0.00905	0.00678	0.00226	0.01131	0.00565	0.00452	0.01357
7	0.01833	0.01059	0.01420	0.01537	0.01717	0.00968	0.01072	0.02052	0.02182	0.11250	0.05567	0.52928	0.06304	0.02997	0.01304	0.00413	0.00659	0.02700	0.01033	0.01007
8	0.01880	0.01128	0.01496	0.01454	0.01720	0.01029	0.01070	0.02261	0.02676	0.11073	0.31974	0.25297	0.07962	0.02425	0.01255	0.00364	0.00593	0.02157	0.01124	0.01063
9	0.70310	0.02045	0.01554	0.01390	0.02045	0.02372	0.01145	0.03108	0.01799	0.04744	0.01472	0.01718	0.01145	0.00981	0.00654	0.00327	0.00818	0.00573	0.00654	0.01145
10	0.01858	0.00929	0.01316	0.01316	0.01354	0.00929	0.00890	0.01549	0.01510	0.02168	0.02091	0.03329	0.01974	0.03289	0.03598	0.58370	0.00851	0.00929	0.11211	0.00542
11	0.70310	0.02045	0.01554	0.01390	0.02045	0.02372	0.01145	0.03108	0.01799	0.04744	0.01472	0.01718	0.01145	0.00981	0.00654	0.00327	0.00818	0.00573	0.00654	0.01145
12	0.01538	0.01025	0.01153	0.01153	0.01153	0.01025	0.00641	0.01538	0.01538	0.02050	0.03331	0.06919	0.03844	0.62842	0.05382	0.01025	0.01025	0.01538	0.00641	0.00641
13	0.02799	0.02355	0.02486	0.02186	0.02814	0.02709	0.01715	0.11359	0.48320	0.04696	0.04088	0.03773	0.03053	0.01414	0.01074	0.00354	0.00877	0.01166	0.01074	0.01689
14	0.13353	0.46184	0.04357	0.01643	0.02428	0.03508	0.01574	0.03071	0.02102	0.03020	0.01712	0.01973	0.01488	0.00957	0.00682	0.00245	0.01004	0.00618	0.08804	0.01278
15	0.15734	0.01825	0.02013	0.01691	0.02276	0.01894	0.01358	0.13903	0.02897	0.18711	0.03235	0.07790	0.02538	0.01783	0.04415	0.00400	0.00956	0.01093	0.14094	0.01394
16	0.22165	0.06340	0.03072	0.02660	0.09382	0.02796	0.05004	0.23241	0.03245	0.05011	0.02287	0.06065	0.01889	0.01231	0.00949	0.00323	0.01079	0.00968	0.00803	0.01488
17	0.12780	0.21877	0.02702	0.01480	0.01894	0.02248	0.01188	0.02301	0.01851	0.02713	0.02726	0.13457	0.02969	0.17721	0.02292	0.05984	0.00949	0.01263	0.00624	0.00980

[dist]
# distance from previous block
# <min> <max>
1	5

[block]
# block no. 3 follows, 13 sequences, length 22
# corresponding to MSA columns:
# 545-566
name=unknown_D
#
# <colnr> <probs for GDERKNQSTAVLIFYWHMCP>
#	G	D	E	R	K	N	Q	S	T	A	V	L	I	F	Y	W	H	M	C	P
0	0.21888	0.02063	0.02391	0.02234	0.07627	0.02139	0.01622	0.03535	0.07711	0.12190	0.02337	0.02519	0.01779	0.01122	0.01141	0.00301	0.07434	0.00803	0.00761	0.18404
1	0.08319	0.12136	0.02717	0.01865	0.02500	0.14061	0.01516	0.10900	0.02904	0.03751	0.10041	0.04032	0.10956	0.01429	0.00967	0.00285	0.01062	0.01088	0.00777	0.08693
2	0.21177	0.01768	0.02104	0.06630	0.02712	0.01932	0.05286	0.03079	0.13312	0.03713	0.04050	0.19003	0.07532	0.01828	0.01055	0.00368	0.00869	0.01563	0.00833	0.01187
3	0.02753	0.19482	0.03570	0.02609	0.11016	0.02815	0.01883	0.13251	0.08593	0.04052	0.10093	0.03220	0.02990	0.01214	0.00951	0.00281	0.00996	0.00976	0.00777	0.08480
4	0.01337	0.01033	0.01306	0.01396	0.01597	0.01001	0.01015	0.01605	0.02067	0.02685	0.06690	0.27645	0.22828	0.04392	0.17463	0.00762	0.01211	0.02207	0.00865	0.00895
5	0.35016	0.02263	0.02404	0.16010	0.03666	0.02622	0.01824	0.16990	0.02770	0.04788	0.01872	0.02217	0.01393	0.01081	0.00866	0.00331	0.01059	0.00769	0.00723	0.01336
6	0.02192	0.01879	0.02192	0.01566	0.02506	0.01409	0.01253	0.02662	0.02192	0.03445	0.01879	0.02192	0.01566	0.00783	0.00783	0.00157	0.00783	0.00626	0.00626	0.69305
7	0.02570	0.04625	0.43508	0.02985	0.04380	0.02337	0.08537	0.03635	0.02384	0.11740	0.02278	0.02510	0.01567	0.01040	0.01039	0.00336	0.01482	0.00873	0.00590	0.01586
8	0.03040	0.17380	0.10058	0.02612	0.03517	0.02509	0.15006	0.03623	0.02482	0.18193	0.02915	0.09014	0.02373	0.01282	0.01042	0.00322	0.01227	0.01166	0.00771	0.01469
9	0.02549	0.02443	0.04169	0.12372	0.50894	0.02494	0.03211	0.03185	0.02375	0.03372	0.01977	0.02639	0.01646	0.00955	0.01048	0.00318	0.01273	0.00942	0.00518	0.01620
10	0.02891	0.01853	0.02666	0.29170	0.04737	0.02063	0.02158	0.03878	0.11153	0.18698	0.03066	0.03319	0.02162	0.01206	0.01038	0.00338	0.01096	0.01022	0.06063	0.01424
11	0.03981	0.08947	0.14608	0.02118	0.03105	0.02019	0.02087	0.04559	0.02765	0.39803	0.03403	0.03108	0.02212	0.01201	0.01011	0.00318	0.01066	0.00951	0.01035	0.01703
12	0.02313	0.02313	0.03238	0.02776	0.02776	0.03238	0.02313	0.02545	0.01619	0.02545	0.01388	0.02313	0.01388	0.01851	0.03470	0.00463	0.60907	0.00925	0.00463	0.01157
13	0.01328	0.00949	0.01273	0.01518	0.01597	0.00893	0.01051	0.01541	0.02064	0.02744	0.05805	0.57324	0.06906	0.03275	0.01360	0.00435	0.00648	0.07439	0.00981	0.00870
14	0.02088	0.01580	0.02464	0.25816	0.04261	0.01864	0.02105	0.02606	0.02072	0.07879	0.02789	0.04297	0.02439	0.03578	0.20073	0.00811	0.05222	0.06281	0.00637	0.01136
15	0.04519	0.01850	0.02447	0.01910	0.02704	0.01668	0.01567	0.05202	0.08478	0.51394	0.04185	0.03636	0.02682	0.01322	0.01065	0.00331	0.00893	0.01077	0.01284	0.01786
16	0.01561	0.01017	0.01170	0.01170	0.01170	0.01017	0.00662	0.01525	0.01525	0.02034	0.03216	0.06634	0.03690	0.58290	0.05285	0.06273	0.01017	0.01490	0.00627	0.00627
17	0.01527	0.00958	0.01305	0.01430	0.01513	0.00913	0.00994	0.01496	0.01848	0.02420	0.04793	0.30076	0.10126	0.03354	0.02418	0.26908	0.00750	0.05674	0.00780	0.00717
18	0.02349	0.03664	0.24697	0.08916	0.19601	0.02520	0.16366	0.03278	0.02341	0.03337	0.01985	0.02550	0.01509	0.00961	0.01084	0.00336	0.01522	0.00962	0.00493	0.01528
19	0.03112	0.02826	0.11366	0.03287	0.04299	0.02317	0.26182	0.04123	0.07957	0.18998	0.02919	0.03101	0.02030	0.01083	0.01145	0.00345	0.01401	0.01129	0.00803	0.01577
20	0.02458	0.02859	0.08900	0.02897	0.08442	0.12036	0.06281	0.02969	0.02356	0.03216	0.10321	0.03356	0.02909	0.01437	0.01696	0.00348	0.17368	0.01056	0.07849	0.01245
21	0.01691	0.01264	0.01498	0.01406	0.01723	0.01248	0.01064	0.02565	0.11131	0.04095	0.38242	0.07183	0.13267	0.02024	0.01178	0.00332	0.00557	0.01755	0.06683	0.01094

[dist]
# distance from previous block
# <min> <max>
0	11

[block]
# block no. 4 follows, 13 sequences, length 71
# corresponding to MSA columns:
# 578-648
name=unknown_E
#
# <colnr> <probs for GDERKNQSTAVLIFYWHMCP>
#	G	D	E	R	K	N	Q	S	T	A	V	L	I	F	Y	W	H	M	C	P
0	0.29646	0.02894	0.11733	0.06655	0.11808	0.06533	0.02158	0.03172	0.02132	0.03835	0.01719	0.02100	0.01351	0.00968	0.00844	0.00303	0.01134	0.00708	0.00573	0.09735
1	0.02058	0.01999	0.03550	0.53398	0.07065	0.02389	0.09051	0.02786	0.02161	0.02786	0.01911	0.02823	0.01434	0.01037	0.01081	0.00353	0.01456	0.00978	0.00478	0.01206
2	0.02179	0.01879	0.02260	0.05591	0.02833	0.01474	0.01368	0.02665	0.02187	0.03394	0.01879	0.02235	0.01555	0.00802	0.00802	0.00170	0.00826	0.00648	0.00616	0.64636
3	0.01730	0.01163	0.01485	0.01458	0.01770	0.01067	0.01160	0.02172	0.02746	0.07569	0.31041	0.08982	0.18105	0.02381	0.01283	0.00373	0.00645	0.12750	0.01093	0.01029
4	0.01870	0.01474	0.01736	0.01601	0.01966	0.01536	0.01221	0.03191	0.19933	0.04300	0.38735	0.06594	0.07750	0.01922	0.01191	0.00341	0.00610	0.01676	0.01135	0.01221
5	0.01314	0.00940	0.01250	0.01455	0.01539	0.00876	0.00983	0.01537	0.02144	0.02890	0.11991	0.55446	0.07362	0.03170	0.01337	0.00417	0.00599	0.02871	0.01004	0.00876
6	0.01805	0.01078	0.01353	0.01324	0.01574	0.01007	0.00977	0.02227	0.02607	0.07818	0.28968	0.18466	0.07105	0.02134	0.01139	0.00333	0.00553	0.01873	0.16633	0.01025
7	0.70310	0.02045	0.01554	0.01390	0.02045	0.02372	0.01145	0.03108	0.01799	0.04744	0.01472	0.01718	0.01145	0.00981	0.00654	0.00327	0.00818	0.00573	0.00654	0.01145
8	0.04117	0.01789	0.02337	0.01861	0.02589	0.01643	0.01512	0.04887	0.10014	0.44321	0.09558	0.04094	0.03467	0.01415	0.01084	0.00332	0.00849	0.01170	0.01262	0.01699
9	0.04019	0.02962	0.03173	0.02433	0.03279	0.03279	0.02010	0.52721	0.04971	0.06663	0.02538	0.02538	0.01798	0.01269	0.01058	0.00317	0.01163	0.00952	0.01058	0.01798
10	0.01285	0.00934	0.01212	0.01435	0.01524	0.00862	0.00965	0.01476	0.02061	0.02714	0.06286	0.57271	0.11578	0.03253	0.01340	0.00423	0.00606	0.02933	0.00982	0.00862
11	0.70310	0.02045	0.01554	0.01390	0.02045	0.02372	0.01145	0.03108	0.01799	0.04744	0.01472	0.01718	0.01145	0.00981	0.00654	0.00327	0.00818	0.00573	0.00654	0.01145
12	0.63477	0.02019	0.01648	0.01442	0.02113	0.02287	0.01188	0.03321	0.01927	0.10188	0.01754	0.01914	0.01298	0.01016	0.00697	0.00327	0.00826	0.00624	0.00723	0.01213
13	0.04456	0.01864	0.02445	0.01918	0.02706	0.01701	0.01570	0.05216	0.10018	0.49818	0.04189	0.03646	0.02700	0.01326	0.01065	0.00331	0.00891	0.01081	0.01277	0.01782
14	0.02725	0.01529	0.02147	0.02250	0.09617	0.01399	0.01525	0.03187	0.02823	0.21515	0.22871	0.06239	0.10871	0.01812	0.01173	0.00341	0.00775	0.04763	0.01091	0.01347
15	0.04694	0.01879	0.02503	0.01919	0.02739	0.01673	0.01585	0.08429	0.03160	0.53513	0.04059	0.03526	0.02561	0.01306	0.01063	0.00326	0.00918	0.01056	0.01291	0.01799
16	0.01357	0.01056	0.01241	0.01296	0.01556	0.00940	0.00969	0.01680	0.02465	0.03168	0.19461	0.20645	0.30536	0.02715	0.01290	0.00379	0.00585	0.06724	0.01022	0.00917
17	0.02700	0.53053	0.14854	0.02026	0.03048	0.03873	0.02186	0.03199	0.02163	0.02642	0.01547	0.01792	0.01354	0.00923	0.00737	0.00246	0.01208	0.00604	0.00451	0.01394
18	0.01534	0.01040	0.01228	0.01228	0.01253	0.01065	0.00733	0.01585	0.01560	0.02105	0.03263	0.06542	0.03680	0.55360	0.12640	0.01117	0.01271	0.01482	0.00631	0.00682
19	0.04744	0.01799	0.02454	0.01881	0.02699	0.01554	0.01554	0.05153	0.03026	0.56979	0.04171	0.03599	0.02617	0.01309	0.01063	0.00327	0.00900	0.01063	0.01309	0.01799
20	0.02608	0.01922	0.02278	0.02036	0.02466	0.02168	0.01590	0.07618	0.23019	0.10472	0.07570	0.15371	0.03996	0.01886	0.01473	0.00378	0.09194	0.01531	0.01005	0.01419
21	0.03320	0.02718	0.03133	0.14036	0.04066	0.12915	0.07279	0.07888	0.13611	0.15719	0.02934	0.03042	0.02102	0.01197	0.01063	0.00331	0.01289	0.01005	0.00850	0.01502
22	0.01911	0.01722	0.02467	0.02236	0.02331	0.02278	0.01816	0.02215	0.01659	0.02499	0.02112	0.03236	0.02017	0.04898	0.31130	0.01082	0.31797	0.01029	0.00515	0.01050
23	0.02192	0.01879	0.02192	0.01566	0.02506	0.01409	0.01253	0.02662	0.02192	0.03445	0.01879	0.02192	0.01566	0.00783	0.00783	0.00157	0.00783	0.00626	0.00626	0.69305
24	0.02173	0.04882	0.46832	0.03093	0.04425	0.02569	0.07354	0.03252	0.02176	0.03252	0.01853	0.02289	0.01365	0.01101	0.01328	0.00352	0.08914	0.00834	0.00455	0.01502
25	0.03254	0.10052	0.02734	0.05888	0.07666	0.01888	0.01647	0.03694	0.02604	0.26273	0.07009	0.07937	0.03125	0.01402	0.01000	0.00311	0.00894	0.01170	0.09998	0.01453
26	0.01445	0.01058	0.01356	0.01325	0.01559	0.00969	0.00977	0.01879	0.02806	0.03900	0.44671	0.15504	0.13875	0.02367	0.01261	0.00348	0.00518	0.02091	0.01122	0.00969
27	0.02880	0.03744	0.24192	0.11042	0.09174	0.09238	0.02892	0.03848	0.06401	0.12774	0.02456	0.02682	0.01753	0.01103	0.01025	0.00328	0.01382	0.00887	0.00670	0.01528
28	0.23041	0.02221	0.03074	0.19849	0.22605	0.02473	0.02442	0.06245	0.02306	0.03840	0.01837	0.02396	0.01447	0.01008	0.00931	0.00329	0.01161	0.00830	0.00582	0.01381
29	0.01317	0.00943	0.01253	0.01452	0.01540	0.00878	0.00984	0.01545	0.02160	0.02914	0.12793	0.54572	0.07410	0.03152	0.01335	0.00416	0.00597	0.02853	0.01007	0.00878
30	0.01496	0.01081	0.01413	0.01330	0.01580	0.00998	0.00998	0.01995	0.02993	0.04240	0.55689	0.07898	0.09976	0.02162	0.01247	0.00333	0.00499	0.01912	0.01164	0.00998
31	0.01288	0.00920	0.01227	0.01472	0.01534	0.00859	0.00981	0.01472	0.02024	0.02699	0.05828	0.62152	0.06993	0.03312	0.01350	0.00429	0.00613	0.03006	0.00981	0.00859
32	0.01579	0.01237	0.01370	0.01335	0.01664	0.01148	0.00994	0.06907	0.02671	0.03403	0.14782	0.20382	0.33468	0.02600	0.01251	0.00365	0.00613	0.02224	0.01014	0.00994
33	0.02951	0.57171	0.05294	0.01874	0.02773	0.04089	0.01830	0.08331	0.02443	0.02923	0.01581	0.01784	0.01403	0.00943	0.00718	0.00236	0.01134	0.00606	0.00515	0.01403
34	0.09165	0.01834	0.02334	0.01782	0.02612	0.01587	0.01464	0.04506	0.02769	0.42447	0.03514	0.03179	0.02298	0.01180	0.00977	0.00293	0.00870	0.00940	0.01124	0.15125
35	0.02496	0.02852	0.06239	0.04456	0.05526	0.02674	0.52406	0.03387	0.02496	0.03387	0.02139	0.02852	0.01604	0.00891	0.01248	0.00357	0.01783	0.01248	0.00535	0.01426
36	0.48148	0.01734	0.01477	0.01347	0.01881	0.01920	0.01079	0.02705	0.02129	0.04452	0.14692	0.03920	0.08291	0.01410	0.00845	0.00331	0.00719	0.01033	0.00801	0.01088
37	0.01555	0.01060	0.01278	0.01308	0.01358	0.01080	0.00843	0.01655	0.01665	0.02230	0.03560	0.07250	0.03996	0.49713	0.10449	0.01029	0.01207	0.07378	0.00674	0.00713
38	0.01444	0.01250	0.01505	0.01768	0.08220	0.01104	0.01125	0.01781	0.02470	0.03074	0.14320	0.09004	0.44348	0.02409	0.01224	0.00349	0.00621	0.02039	0.00944	0.01000
39	0.02644	0.48496	0.18925	0.02120	0.03195	0.03737	0.02351	0.03213	0.02170	0.02710	0.01580	0.01835	0.01352	0.00930	0.00763	0.00254	0.01242	0.00621	0.00451	0.01410
40	0.70310	0.02045	0.01554	0.01390	0.02045	0.02372	0.01145	0.03108	0.01799	0.04744	0.01472	0.01718	0.01145	0.00981	0.00654	0.00327	0.00818	0.00573	0.00654	0.01145
41	0.01260	0.01032	0.01111	0.01175	0.01455	0.00884	0.00849	0.01506	0.02310	0.02816	0.09450	0.23600	0.43207	0.02842	0.01275	0.00376	0.00556	0.02431	0.00982	0.00884
42	0.70310	0.02045	0.01554	0.01390	0.02045	0.02372	0.01145	0.03108	0.01799	0.04744	0.01472	0.01718	0.01145	0.00981	0.00654	0.00327	0.00818	0.00573	0.00654	0.01145
43	0.02470	0.01994	0.02282	0.06131	0.02893	0.05162	0.01514	0.02941	0.02347	0.08326	0.02538	0.03556	0.02198	0.01137	0.00925	0.00236	0.00937	0.06690	0.00716	0.45005
44	0.01596	0.01140	0.01580	0.01824	0.02020	0.01124	0.01516	0.02004	0.02328	0.03043	0.05658	0.24978	0.06321	0.03023	0.01432	0.00472	0.00880	0.37144	0.00976	0.00944
45	0.32566	0.02256	0.02287	0.01838	0.02595	0.02426	0.01517	0.18690	0.03091	0.19395	0.02522	0.02473	0.01739	0.01157	0.00887	0.00324	0.00945	0.00820	0.00953	0.01519
46	0.03272	0.02293	0.02740	0.02573	0.07836	0.02446	0.01911	0.24854	0.10932	0.11585	0.03594	0.08060	0.03044	0.01636	0.01137	0.00356	0.01030	0.08087	0.01024	0.01590
47	0.02125	0.01182	0.01593	0.01650	0.01909	0.01102	0.01252	0.02417	0.02298	0.14070	0.05255	0.34016	0.05645	0.06901	0.01594	0.00463	0.00788	0.13647	0.01024	0.01067
48	0.02192	0.01879	0.02192	0.01566	0.02506	0.01409	0.01253	0.02662	0.02192	0.03445	0.01879	0.02192	0.01566	0.00783	0.00783	0.00157	0.00783	0.00626	0.00626	0.69305
49	0.02106	0.02029	0.03491	0.49008	0.06723	0.02410	0.08956	0.03006	0.06104	0.02916	0.02094	0.02908	0.01571	0.01065	0.01082	0.00353	0.01412	0.00997	0.00524	0.01243
50	0.01826	0.01427	0.01672	0.01371	0.01880	0.01177	0.01005	0.02096	0.02091	0.03013	0.08910	0.04938	0.09693	0.15662	0.02199	0.05591	0.00789	0.01190	0.00717	0.32753
51	0.01719	0.01080	0.01349	0.01406	0.01653	0.00963	0.01006	0.01974	0.02316	0.09553	0.10247	0.37415	0.19697	0.02819	0.01281	0.00391	0.00620	0.02486	0.01034	0.00993
52	0.03828	0.01932	0.02393	0.01946	0.02614	0.01877	0.01558	0.17296	0.03345	0.32020	0.04073	0.15504	0.03306	0.01715	0.01121	0.00346	0.00912	0.01438	0.01172	0.01603
53	0.01972	0.01622	0.02621	0.10003	0.13604	0.01693	0.05513	0.02454	0.05364	0.02949	0.07742	0.11445	0.03356	0.02710	0.07770	0.14839	0.01224	0.01361	0.00665	0.01093
54	0.02049	0.01133	0.01525	0.01581	0.01823	0.01036	0.01150	0.02318	0.02317	0.14141	0.08391	0.43415	0.06195	0.02801	0.01291	0.00406	0.00690	0.05607	0.01060	0.01071
55	0.70310	0.02045	0.01554	0.01390	0.02045	0.02372	0.01145	0.03108	0.01799	0.04744	0.01472	0.01718	0.01145	0.00981	0.00654	0.00327	0.00818	0.00573	0.00654	0.01145
56	0.01496	0.01081	0.01413	0.01330	0.01580	0.00998	0.00998	0.01995	0.02993	0.04240	0.55689	0.07898	0.09976	0.02162	0.01247	0.00333	0.00499	0.01912	0.01164	0.00998
57	0.02841	0.07677	0.04032	0.15647	0.23504	0.17108	0.07888	0.03398	0.02491	0.03001	0.01852	0.02429	0.01510	0.00995	0.01018	0.00309	0.01500	0.00878	0.00514	0.01409
58	0.01812	0.01141	0.01439	0.01367	0.01679	0.01022	0.01023	0.02200	0.02717	0.10217	0.31734	0.16660	0.18252	0.02352	0.01242	0.00353	0.00575	0.02052	0.01114	0.01052
59	0.01288	0.00920	0.01227	0.01472	0.01534	0.00859	0.00981	0.01472	0.02024	0.02699	0.05828	0.62152	0.06993	0.03312	0.01350	0.00429	0.00613	0.03006	0.00981	0.00859
60	0.02295	0.02323	0.04364	0.30659	0.18370	0.02486	0.17957	0.03037	0.02299	0.03087	0.01984	0.02781	0.01531	0.00980	0.01112	0.00345	0.01486	0.01033	0.00502	0.01369
61	0.03521	0.02714	0.02892	0.02332	0.03089	0.03046	0.01889	0.35820	0.22683	0.05860	0.03172	0.03043	0.02311	0.01329	0.01064	0.00332	0.01046	0.01039	0.01064	0.01753
62	0.01843	0.01560	0.02333	0.21457	0.08685	0.01697	0.01898	0.02588	0.06064	0.03667	0.29352	0.05452	0.05902	0.01632	0.01154	0.00339	0.00895	0.01450	0.00867	0.01165
63	0.02198	0.01540	0.01899	0.01500	0.02119	0.01242	0.01146	0.02378	0.02023	0.06500	0.02586	0.03098	0.05197	0.01786	0.01813	0.20422	0.00815	0.00844	0.00646	0.40248
64	0.01288	0.00920	0.01227	0.01472	0.01534	0.00859	0.00981	0.01472	0.02024	0.02699	0.05828	0.62152	0.06993	0.03312	0.01350	0.00429	0.00613	0.03006	0.00981	0.00859
65	0.01997	0.01879	0.03171	0.60301	0.07282	0.02349	0.02936	0.02701	0.02114	0.02701	0.01879	0.02819	0.01409	0.01057	0.01057	0.00352	0.01409	0.00940	0.00470	0.01175
66	0.03093	0.03356	0.04102	0.10345	0.04495	0.19703	0.19464	0.10383	0.07801	0.03596	0.02210	0.02621	0.01685	0.01074	0.01093	0.00325	0.01602	0.00993	0.00651	0.01407
67	0.08557	0.02010	0.02667	0.02157	0.02858	0.02001	0.06346	0.10234	0.09887	0.25317	0.07516	0.04485	0.03292	0.01487	0.01106	0.00350	0.00979	0.06119	0.01079	0.01553
68	0.04744	0.01799	0.02454	0.01881	0.02699	0.01554	0.01554	0.05153	0.03026	0.56979	0.04171	0.03599	0.02617	0.01309	0.01063	0.00327	0.00900	0.01063	0.01309	0.01799
69	0.03705	0.04538	0.02748	0.02509	0.03017	0.51476	0.01882	0.04005	0.02900	0.02755	0.01859	0.02158	0.01529	0.01107	0.00927	0.00269	0.01732	0.00719	0.08970	0.01196
70	0.02582	0.10217	0.05417	0.04897	0.24333	0.02799	0.27587	0.03306	0.02419	0.03301	0.02000	0.02620	0.01600	0.00912	0.01101	0.00324	0.01503	0.01048	0.00520	0.01511

[dist]
# distance from previous block
# <min> <max>
0	4

[block]
# block no. 5 follows, 13 sequences, length 6
# corresponding to MSA columns:
# 653-655,658-660
name=unknown_F
#
# <colnr> <probs for GDERKNQSTAVLIFYWHMCP>
#	G	D	E	R	K	N	Q	S	T	A	V	L	I	F	Y	W	H	M	C	P
0	0.01601	0.01168	0.01570	0.01781	0.02021	0.01137	0.01509	0.02027	0.02390	0.03076	0.06317	0.16691	0.12950	0.02927	0.01421	0.00463	0.00878	0.38147	0.00975	0.00951
1	0.04564	0.02088	0.02632	0.02018	0.02843	0.01982	0.01667	0.16955	0.03509	0.44495	0.03766	0.03336	0.02414	0.01299	0.01062	0.00325	0.00965	0.01036	0.01246	0.01799
2	0.01628	0.01082	0.01448	0.01448	0.01625	0.01198	0.01084	0.01983	0.01806	0.02768	0.03053	0.04478	0.02823	0.13748	0.37027	0.01247	0.02006	0.01151	0.17484	0.00913
3	0.01845	0.01446	0.01874	0.01727	0.01791	0.01769	0.01290	0.02048	0.01688	0.02548	0.02655	0.04599	0.02714	0.26108	0.12006	0.00831	0.20306	0.01200	0.10653	0.00901
4	0.03399	0.43166	0.04557	0.01905	0.02758	0.08195	0.01766	0.03749	0.02439	0.16016	0.02154	0.02186	0.01670	0.01021	0.00797	0.00255	0.01140	0.00699	0.00673	0.01455
5	0.02496	0.02531	0.04735	0.13106	0.34196	0.02540	0.18194	0.03215	0.02395	0.03332	0.02020	0.02716	0.01618	0.00942	0.01109	0.00332	0.01437	0.01035	0.00520	0.01532

[dist]
# distance from previous block
# <min> <max>
0	1

[block]
# block no. 6 follows, 13 sequences, length 42
# corresponding to MSA columns:
# 662-703
name=unknown_G
#
# <colnr> <probs for GDERKNQSTAVLIFYWHMCP>
#	G	D	E	R	K	N	Q	S	T	A	V	L	I	F	Y	W	H	M	C	P
0	0.02886	0.02189	0.03013	0.20967	0.12263	0.02436	0.02323	0.09264	0.17473	0.11667	0.02992	0.03194	0.02185	0.01207	0.01062	0.00341	0.01123	0.01032	0.00835	0.01549
1	0.01954	0.01158	0.01547	0.01506	0.01703	0.01177	0.01072	0.02178	0.01897	0.10343	0.03717	0.15137	0.03796	0.24218	0.22666	0.01054	0.01566	0.01584	0.00772	0.00954
2	0.04744	0.01799	0.02454	0.01881	0.02699	0.01554	0.01554	0.05153	0.03026	0.56979	0.04171	0.03599	0.02617	0.01309	0.01063	0.00327	0.00900	0.01063	0.01309	0.01799
3	0.02464	0.02097	0.02248	0.02031	0.02578	0.02391	0.01575	0.05088	0.46823	0.04396	0.11822	0.04523	0.04215	0.01541	0.01101	0.00355	0.00787	0.01300	0.01089	0.01575
4	0.02442	0.31894	0.33757	0.02465	0.03728	0.03243	0.02951	0.03265	0.02194	0.02956	0.01703	0.01988	0.01347	0.00959	0.00856	0.00285	0.01366	0.00683	0.00449	0.01469
5	0.02752	0.57342	0.11022	0.01937	0.02911	0.04001	0.02031	0.03185	0.02157	0.02579	0.01515	0.01753	0.01355	0.00915	0.00713	0.00238	0.01176	0.00588	0.00452	0.01379
6	0.04299	0.01714	0.02344	0.01891	0.02625	0.01505	0.01576	0.04719	0.02940	0.49104	0.04380	0.04817	0.03125	0.01545	0.01121	0.00351	0.00910	0.08097	0.01260	0.01679
7	0.01805	0.01444	0.02084	0.02041	0.02374	0.01459	0.06021	0.02634	0.10011	0.03389	0.10443	0.19617	0.05860	0.02520	0.01340	0.00429	0.00903	0.23559	0.00971	0.01096
8	0.02190	0.02688	0.11085	0.46760	0.06527	0.07403	0.02998	0.02932	0.02210	0.02786	0.01860	0.02651	0.01395	0.01052	0.01040	0.00343	0.01476	0.00893	0.00473	0.01236
9	0.01372	0.01076	0.01241	0.01200	0.01503	0.00945	0.00900	0.01755	0.02699	0.03543	0.33046	0.09044	0.33054	0.02421	0.01248	0.00345	0.00517	0.02073	0.01072	0.00945
10	0.70310	0.02045	0.01554	0.01390	0.02045	0.02372	0.01145	0.03108	0.01799	0.04744	0.01472	0.01718	0.01145	0.00981	0.00654	0.00327	0.00818	0.00573	0.00654	0.01145
11	0.02073	0.02028	0.03641	0.51746	0.07013	0.02399	0.10515	0.02806	0.02173	0.02806	0.01919	0.02824	0.01439	0.01032	0.01086	0.00353	0.01467	0.00987	0.00480	0.01213
12	0.01288	0.00920	0.01227	0.01472	0.01534	0.00859	0.00981	0.01472	0.02024	0.02699	0.05828	0.62152	0.06993	0.03312	0.01350	0.00429	0.00613	0.03006	0.00981	0.00859
13	0.02313	0.02313	0.03238	0.02776	0.02776	0.03238	0.02313	0.02545	0.01619	0.02545	0.01388	0.02313	0.01388	0.01851	0.03470	0.00463	0.60907	0.00925	0.00463	0.01157
14	0.02630	0.02271	0.02391	0.02152	0.02749	0.02630	0.01674	0.05618	0.54336	0.04423	0.04303	0.03945	0.03228	0.01434	0.01076	0.00359	0.00837	0.01195	0.01076	0.01674
15	0.01975	0.01780	0.02083	0.01909	0.01951	0.05748	0.01406	0.02099	0.01711	0.02334	0.02696	0.09765	0.03018	0.29987	0.03989	0.00706	0.23972	0.01377	0.00597	0.00897
16	0.02434	0.01461	0.02336	0.02043	0.02469	0.01330	0.09019	0.02789	0.02375	0.17897	0.04802	0.36786	0.04951	0.02384	0.01254	0.00390	0.00872	0.02196	0.01004	0.01207
17	0.02566	0.01868	0.02231	0.01612	0.02534	0.01431	0.01297	0.03027	0.02314	0.11279	0.02215	0.02398	0.01720	0.00860	0.00824	0.00182	0.00800	0.00690	0.00726	0.59427
18	0.35038	0.11337	0.03892	0.02600	0.03446	0.02750	0.20440	0.03221	0.02111	0.03905	0.01722	0.02139	0.01348	0.00936	0.00880	0.00323	0.01225	0.00824	0.00580	0.01281
19	0.01837	0.00918	0.01377	0.01377	0.01377	0.00918	0.00918	0.01377	0.01377	0.01837	0.01837	0.03214	0.01837	0.03673	0.04132	0.69238	0.00918	0.00918	0.00459	0.00459
20	0.02588	0.02667	0.13711	0.02045	0.02715	0.06844	0.01891	0.03632	0.12680	0.11647	0.03748	0.15862	0.03307	0.01670	0.01062	0.00341	0.01003	0.01403	0.09820	0.01363
21	0.03067	0.40735	0.13548	0.02084	0.03060	0.07283	0.02138	0.03560	0.02350	0.10612	0.01948	0.02078	0.01539	0.00993	0.00808	0.00262	0.01223	0.00682	0.00583	0.01447
22	0.11223	0.01787	0.02194	0.01736	0.02455	0.01677	0.01423	0.07840	0.02913	0.40205	0.03667	0.03376	0.02418	0.01260	0.00972	0.00315	0.00850	0.00992	0.11085	0.01611
23	0.03127	0.03443	0.02580	0.02396	0.02916	0.29241	0.01855	0.04448	0.22141	0.03359	0.03214	0.04136	0.02752	0.01487	0.01073	0.00336	0.01369	0.07963	0.00806	0.01357
24	0.01328	0.00995	0.01232	0.01341	0.01519	0.00900	0.00942	0.01606	0.02346	0.03098	0.18702	0.36713	0.19651	0.02887	0.01301	0.00389	0.00568	0.02560	0.01024	0.00900
25	0.04472	0.02235	0.02723	0.02088	0.02916	0.02200	0.01725	0.22967	0.03755	0.38135	0.03560	0.03202	0.02310	0.01294	0.01061	0.00323	0.00998	0.01022	0.01215	0.01799
26	0.01557	0.01018	0.01168	0.01168	0.01168	0.01018	0.00659	0.01527	0.01527	0.02036	0.03232	0.06673	0.03711	0.58916	0.05299	0.05551	0.01018	0.01496	0.00629	0.00629
27	0.01656	0.01202	0.01637	0.01855	0.02110	0.01183	0.01609	0.02119	0.02431	0.03132	0.06139	0.11741	0.11346	0.02895	0.01438	0.00473	0.00927	0.44169	0.00974	0.00965
28	0.02272	0.02251	0.04092	0.33931	0.21028	0.02459	0.12670	0.02991	0.02273	0.03052	0.01961	0.02767	0.01524	0.00992	0.01091	0.00342	0.01438	0.01000	0.00498	0.01367
29	0.04019	0.02962	0.03173	0.02433	0.03279	0.03279	0.02010	0.52721	0.04971	0.06663	0.02538	0.02538	0.01798	0.01269	0.01058	0.00317	0.01163	0.00952	0.01058	0.01798
30	0.59972	0.11456	0.02165	0.01455	0.02147	0.02649	0.01247	0.03117	0.01853	0.04398	0.01472	0.01714	0.01178	0.00970	0.00658	0.00312	0.00866	0.00571	0.00623	0.01178
31	0.70310	0.02045	0.01554	0.01390	0.02045	0.02372	0.01145	0.03108	0.01799	0.04744	0.01472	0.01718	0.01145	0.00981	0.00654	0.00327	0.00818	0.00573	0.00654	0.01145
32	0.01516	0.01109	0.01578	0.01578	0.01725	0.01256	0.01171	0.01810	0.01663	0.02365	0.02943	0.04766	0.02909	0.20083	0.46862	0.01550	0.02432	0.01222	0.00583	0.00877
33	0.03459	0.02208	0.03233	0.08617	0.18439	0.02327	0.02319	0.09040	0.02768	0.23578	0.02764	0.02949	0.01974	0.01257	0.01410	0.00344	0.09856	0.00986	0.00859	0.01614
34	0.01436	0.01078	0.01330	0.01267	0.01543	0.00972	0.00950	0.01879	0.02851	0.03903	0.44750	0.08452	0.21125	0.02287	0.01248	0.00338	0.00508	0.01990	0.01120	0.00972
35	0.03334	0.02534	0.02886	0.18371	0.04150	0.08403	0.02110	0.21851	0.03493	0.12622	0.07271	0.03192	0.02502	0.01277	0.01064	0.00325	0.01211	0.01023	0.00888	0.01493
36	0.13224	0.03352	0.08006	0.03291	0.14998	0.13556	0.02334	0.20689	0.03311	0.04587	0.02029	0.02287	0.01550	0.01096	0.00971	0.00311	0.01312	0.00827	0.00726	0.01544
37	0.02613	0.02184	0.03420	0.34459	0.19431	0.02461	0.02803	0.09600	0.02630	0.07091	0.02150	0.02781	0.01613	0.01072	0.01055	0.00336	0.01302	0.00950	0.00618	0.01432
38	0.01341	0.01066	0.01213	0.01262	0.01547	0.00938	0.00954	0.01655	0.02445	0.03078	0.16346	0.17617	0.36390	0.02717	0.01286	0.00378	0.00588	0.07257	0.01009	0.00912
39	0.11799	0.02194	0.02788	0.07132	0.12315	0.02173	0.01918	0.12651	0.02867	0.15548	0.02457	0.02617	0.01786	0.01059	0.00944	0.00287	0.01013	0.00852	0.00825	0.16775
40	0.02671	0.10896	0.13070	0.03977	0.11491	0.02729	0.28460	0.03469	0.02441	0.07373	0.02153	0.02639	0.01621	0.00948	0.01099	0.00329	0.01530	0.01038	0.00569	0.01498
41	0.01368	0.01029	0.01267	0.01306	0.01526	0.00928	0.00942	0.01710	0.02544	0.03406	0.28664	0.25055	0.21098	0.02648	0.01279	0.00369	0.00543	0.02330	0.01060	0.00928

[dist]
# distance from previous block
# <min> <max>
0	3

[block]
# block no. 7 follows, 13 sequences, length 16
# corresponding to MSA columns:
# 707-722
name=unknown_H
#
# <colnr> <probs for GDERKNQSTAVLIFYWHMCP>
#	G	D	E	R	K	N	Q	S	T	A	V	L	I	F	Y	W	H	M	C	P
0	0.10512	0.02330	0.03326	0.03014	0.10690	0.02341	0.11380	0.07526	0.14363	0.10003	0.02751	0.02903	0.02052	0.01090	0.01011	0.00312	0.01095	0.00984	0.00807	0.11512
1	0.02630	0.02168	0.03692	0.02873	0.03580	0.02128	0.21231	0.08918	0.08060	0.09790	0.07648	0.12306	0.03624	0.01611	0.01217	0.00366	0.01199	0.04692	0.00877	0.01391
2	0.02347	0.06911	0.19056	0.03546	0.18280	0.02264	0.05731	0.03097	0.02280	0.03358	0.01906	0.02332	0.01521	0.00905	0.00942	0.00268	0.01221	0.00793	0.00530	0.22714
3	0.02644	0.02114	0.02310	0.01999	0.02561	0.02347	0.01572	0.15230	0.29793	0.04877	0.17392	0.04667	0.04678	0.01588	0.01117	0.00343	0.00821	0.01329	0.01095	0.01524
4	0.01330	0.00950	0.01275	0.01520	0.01600	0.00895	0.01055	0.01545	0.02066	0.02746	0.05804	0.57060	0.06901	0.03273	0.01361	0.00435	0.00650	0.07682	0.00981	0.00870
5	0.01469	0.01080	0.01375	0.01301	0.01562	0.00986	0.00976	0.01941	0.02927	0.04084	0.50614	0.08155	0.15149	0.02220	0.01247	0.00335	0.00503	0.01948	0.01143	0.00986
6	0.01410	0.01010	0.01355	0.01528	0.01664	0.00955	0.01118	0.01719	0.02312	0.03123	0.16729	0.41014	0.07481	0.02988	0.01347	0.00419	0.00654	0.11242	0.01020	0.00910
7	0.01837	0.00918	0.01377	0.01377	0.01377	0.00918	0.00918	0.01377	0.01377	0.01837	0.01837	0.03214	0.01837	0.03673	0.04132	0.69238	0.00918	0.00918	0.00459	0.00459
8	0.70310	0.02045	0.01554	0.01390	0.02045	0.02372	0.01145	0.03108	0.01799	0.04744	0.01472	0.01718	0.01145	0.00981	0.00654	0.00327	0.00818	0.00573	0.00654	0.01145
9	0.01997	0.01879	0.03171	0.60301	0.07282	0.02349	0.02936	0.02701	0.02114	0.02701	0.01879	0.02819	0.01409	0.01057	0.01057	0.00352	0.01409	0.00940	0.00470	0.01175
10	0.10098	0.09067	0.10576	0.02858	0.03665	0.31535	0.11035	0.03766	0.02621	0.03036	0.01727	0.02079	0.01379	0.01018	0.00959	0.00297	0.01669	0.00773	0.00534	0.01306
11	0.02827	0.63478	0.05540	0.01809	0.02714	0.04184	0.01809	0.03166	0.02148	0.02488	0.01470	0.01696	0.01357	0.00905	0.00678	0.00226	0.01131	0.00565	0.00452	0.01357
12	0.02485	0.04329	0.31311	0.10152	0.16535	0.10560	0.03378	0.03379	0.02370	0.03191	0.01878	0.02339	0.01427	0.01008	0.01013	0.00323	0.01525	0.00821	0.00481	0.01496
13	0.01305	0.01073	0.01148	0.01129	0.01462	0.00916	0.00847	0.01625	0.02541	0.03167	0.20797	0.09665	0.45538	0.02562	0.01249	0.00352	0.00527	0.02160	0.01023	0.00916
14	0.01305	0.00933	0.01242	0.01461	0.01537	0.00870	0.00983	0.01515	0.02104	0.02825	0.09911	0.57709	0.07237	0.03218	0.01341	0.00421	0.00604	0.02916	0.00996	0.00870
15	0.02604	0.30356	0.20794	0.02534	0.07198	0.03163	0.02508	0.06486	0.02387	0.03208	0.01756	0.02039	0.01427	0.00949	0.00842	0.00264	0.01236	0.00692	0.00516	0.09043

[dist]
# distance from previous block
# <min> <max>
0	1

[block]
# block no. 8 follows, 13 sequences, length 28
# corresponding to MSA columns:
# 724-748,763-765
name=unknown_I
#
# <colnr> <probs for GDERKNQSTAVLIFYWHMCP>
#	G	D	E	R	K	N	Q	S	T	A	V	L	I	F	Y	W	H	M	C	P
0	0.02416	0.01782	0.02096	0.01538	0.02396	0.01381	0.01230	0.02882	0.02275	0.08653	0.02258	0.02504	0.01782	0.00879	0.00806	0.00182	0.00765	0.00705	0.07546	0.55924
1	0.03210	0.16574	0.08800	0.03589	0.20266	0.02971	0.02480	0.15914	0.03048	0.09992	0.02245	0.02464	0.01709	0.01062	0.00964	0.00298	0.01192	0.00859	0.00723	0.01638
2	0.02576	0.02857	0.02221	0.02130	0.02462	0.26931	0.01602	0.02882	0.02321	0.02545	0.02670	0.10405	0.02613	0.04287	0.25623	0.00901	0.02140	0.01165	0.00609	0.01060
3	0.04311	0.01689	0.02300	0.01830	0.02553	0.01467	0.01482	0.04692	0.02901	0.50186	0.04379	0.10927	0.03165	0.01559	0.01099	0.00340	0.00864	0.01306	0.01268	0.01682
4	0.02657	0.12886	0.13980	0.09125	0.13456	0.02785	0.13951	0.05798	0.05779	0.06305	0.02203	0.02606	0.01678	0.01013	0.01029	0.00320	0.01374	0.00944	0.00598	0.01511
5	0.02303	0.02266	0.04071	0.31724	0.24884	0.02461	0.10955	0.03009	0.02282	0.03086	0.01961	0.02750	0.01537	0.00989	0.01084	0.00339	0.01413	0.00990	0.00500	0.01397
6	0.01453	0.01006	0.01161	0.01216	0.01265	0.00975	0.00733	0.01521	0.01733	0.02275	0.04627	0.19481	0.09774	0.43600	0.04072	0.00826	0.00885	0.01933	0.00750	0.00714
7	0.02477	0.02293	0.12741	0.02092	0.02844	0.01576	0.04284	0.03094	0.02546	0.14736	0.09110	0.06160	0.07196	0.01761	0.01160	0.00353	0.01011	0.13835	0.00898	0.09832
8	0.02436	0.20051	0.23259	0.02969	0.10376	0.02814	0.05398	0.06137	0.02509	0.03444	0.08577	0.02897	0.02511	0.01124	0.00968	0.00302	0.01259	0.00921	0.00590	0.01457
9	0.02636	0.09754	0.26213	0.02460	0.03522	0.02608	0.02630	0.04356	0.21866	0.08833	0.02977	0.02953	0.02173	0.01185	0.01004	0.00332	0.01183	0.00942	0.00766	0.01606
10	0.01296	0.00951	0.01217	0.01408	0.01522	0.00872	0.00958	0.01512	0.02139	0.02818	0.09662	0.51607	0.13850	0.03153	0.01329	0.00413	0.00596	0.02831	0.00993	0.00872
11	0.02219	0.01966	0.02552	0.01823	0.02774	0.01522	0.05795	0.02727	0.02219	0.03440	0.01902	0.02251	0.01569	0.00793	0.00824	0.00174	0.00872	0.00682	0.00618	0.63278
12	0.09534	0.28990	0.04178	0.02325	0.02986	0.18396	0.05093	0.03367	0.02287	0.02797	0.01545	0.01919	0.01358	0.01100	0.01198	0.00291	0.10163	0.00693	0.00503	0.01276
13	0.07265	0.02141	0.02476	0.01941	0.02680	0.02175	0.01592	0.22929	0.03597	0.27532	0.03310	0.03149	0.02244	0.01267	0.00995	0.00312	0.00939	0.00985	0.10820	0.01651
14	0.02164	0.02545	0.11450	0.38312	0.11753	0.02419	0.02960	0.03225	0.08700	0.03099	0.02198	0.02848	0.01656	0.01084	0.01050	0.00346	0.01344	0.00948	0.00548	0.01352
15	0.01314	0.00938	0.01256	0.01501	0.01574	0.00881	0.01026	0.01516	0.02049	0.02727	0.05813	0.59080	0.06937	0.03289	0.01356	0.00433	0.00635	0.05826	0.00981	0.00866
