[name]
unknown

[dist]
# distance from previous block
# <min> <max>
0	837

[block]
# block no. 0 follows, 11 sequences, length 43
# corresponding to MSA columns:
# 1088-1130
name=unknown_A
#
# <colnr> <probs for GDERKNQSTAVLIFYWHMCP>
#	G	D	E	R	K	N	Q	S	T	A	V	L	I	F	Y	W	H	M	C	P
0	0.03184	0.07491	0.04698	0.11419	0.07808	0.02751	0.20144	0.07507	0.06563	0.12902	0.02766	0.03119	0.02002	0.01133	0.01171	0.00356	0.01452	0.01137	0.00786	0.01611
1	0.01663	0.01198	0.01514	0.01670	0.01819	0.01173	0.01155	0.06397	0.02470	0.03297	0.05852	0.53986	0.06889	0.03308	0.01405	0.00445	0.00712	0.02980	0.01053	0.01015
2	0.01955	0.00978	0.01466	0.01466	0.01466	0.00978	0.00978	0.01466	0.01466	0.01955	0.01955	0.03421	0.01955	0.03910	0.04399	0.67253	0.00978	0.00978	0.00489	0.00489
3	0.02513	0.01727	0.02059	0.01800	0.02259	0.01758	0.01397	0.12955	0.07398	0.08695	0.29733	0.11636	0.07242	0.02087	0.01265	0.00363	0.00758	0.01801	0.01199	0.01354
4	0.03499	0.27536	0.04684	0.02520	0.03418	0.08742	0.09289	0.04244	0.07571	0.14210	0.02621	0.02701	0.01977	0.01131	0.00979	0.00305	0.01313	0.00911	0.00770	0.01578
5	0.03222	0.02453	0.04044	0.10102	0.38621	0.02438	0.03036	0.03847	0.02680	0.14581	0.02612	0.03031	0.01977	0.01098	0.01119	0.00341	0.01268	0.01031	0.00734	0.01767
6	0.01625	0.01257	0.01831	0.01848	0.02004	0.01463	0.01413	0.01970	0.01877	0.02677	0.03584	0.16270	0.03712	0.06857	0.39958	0.01410	0.06931	0.01621	0.00690	0.01003
7	0.03996	0.02709	0.08915	0.02796	0.03790	0.02262	0.12318	0.08721	0.07043	0.29977	0.03582	0.03441	0.02388	0.01270	0.01169	0.00358	0.01253	0.01145	0.01077	0.01792
8	0.02334	0.02001	0.02334	0.01667	0.02667	0.01500	0.01334	0.02834	0.02334	0.03668	0.02001	0.02334	0.01667	0.00834	0.00834	0.00167	0.00834	0.00667	0.00667	0.67325
9	0.02749	0.02312	0.03312	0.28553	0.13337	0.02645	0.02667	0.13345	0.06700	0.04171	0.02508	0.03092	0.01899	0.01201	0.01097	0.00351	0.01289	0.01028	0.06240	0.01504
10	0.03421	0.02647	0.02959	0.03057	0.12170	0.09869	0.02060	0.12284	0.03119	0.11877	0.02790	0.03092	0.02117	0.01330	0.01336	0.00334	0.07862	0.00993	0.15147	0.01537
11	0.02376	0.01279	0.01573	0.01440	0.01645	0.01238	0.00948	0.02501	0.01994	0.13511	0.03700	0.06373	0.03711	0.43653	0.08567	0.00985	0.01209	0.01494	0.00830	0.00974
12	0.02637	0.14992	0.03018	0.02091	0.02658	0.07122	0.01759	0.08170	0.11620	0.03719	0.04493	0.10645	0.07562	0.02024	0.01182	0.00379	0.01085	0.12580	0.00907	0.01356
13	0.03074	0.23467	0.24042	0.02608	0.03825	0.03472	0.02850	0.16429	0.03164	0.04249	0.02060	0.02278	0.01569	0.01113	0.00970	0.00313	0.01391	0.00806	0.00660	0.01661
14	0.01419	0.01017	0.01349	0.01534	0.01643	0.00946	0.01049	0.01688	0.02379	0.03229	0.16328	0.48571	0.08134	0.03260	0.01413	0.00435	0.00627	0.02947	0.01087	0.00946
15	0.01525	0.01011	0.01234	0.01412	0.01551	0.00947	0.00970	0.01801	0.02241	0.03177	0.06176	0.42748	0.11025	0.02977	0.01285	0.00407	0.00617	0.02650	0.15299	0.00947
16	0.23572	0.02859	0.02859	0.02256	0.03095	0.03200	0.01862	0.35720	0.04276	0.06478	0.02361	0.02439	0.01705	0.01259	0.00997	0.00341	0.01128	0.00892	0.00997	0.01705
17	0.03415	0.31804	0.11979	0.02384	0.03354	0.15072	0.02303	0.07507	0.02807	0.07073	0.01978	0.02163	0.01582	0.01085	0.00900	0.00284	0.01434	0.00735	0.00623	0.01519
18	0.02928	0.09732	0.39130	0.02836	0.04267	0.02564	0.03423	0.03965	0.02552	0.14481	0.02506	0.02643	0.01723	0.01130	0.01053	0.00345	0.01471	0.00877	0.00675	0.01699
19	0.02563	0.03294	0.19189	0.18662	0.09568	0.02427	0.10209	0.03444	0.02442	0.08540	0.02391	0.02999	0.01772	0.01684	0.05527	0.00479	0.01661	0.01030	0.00608	0.01510
20	0.02370	0.02114	0.03014	0.02437	0.03086	0.02154	0.11805	0.08181	0.16654	0.04282	0.13513	0.06060	0.15790	0.01825	0.01257	0.00372	0.01009	0.01646	0.01010	0.01422
21	0.04388	0.04615	0.03064	0.02705	0.03348	0.44142	0.02062	0.04710	0.03196	0.13926	0.02326	0.02421	0.01740	0.01210	0.01040	0.00303	0.01797	0.00813	0.00756	0.01437
22	0.16515	0.02039	0.03002	0.45524	0.06541	0.02506	0.02712	0.02970	0.02178	0.03348	0.01906	0.02746	0.01439	0.01108	0.01032	0.00369	0.01364	0.00915	0.00543	0.01243
23	0.02357	0.08695	0.31291	0.15223	0.05526	0.02770	0.11770	0.03407	0.02392	0.03353	0.02027	0.02585	0.01493	0.01052	0.01101	0.00356	0.01635	0.00939	0.00498	0.01531
24	0.01514	0.01131	0.01405	0.01371	0.01642	0.01023	0.01015	0.01958	0.02948	0.04029	0.39153	0.14085	0.19496	0.02543	0.01339	0.00370	0.00552	0.02226	0.01177	0.01023
25	0.02637	0.01518	0.02184	0.13838	0.03325	0.01513	0.01673	0.03126	0.02801	0.17786	0.19529	0.15516	0.05851	0.02020	0.01249	0.00376	0.00884	0.01774	0.01086	0.01315
26	0.02231	0.02191	0.03853	0.21935	0.10180	0.02470	0.12714	0.02834	0.02267	0.03089	0.02730	0.12946	0.02624	0.01640	0.01650	0.00406	0.10865	0.01459	0.00616	0.01301
27	0.01955	0.00978	0.01466	0.01466	0.01466	0.00978	0.00978	0.01466	0.01466	0.01955	0.01955	0.03421	0.01955	0.03910	0.04399	0.67253	0.00978	0.00978	0.00489	0.00489
28	0.01413	0.01062	0.01315	0.01464	0.01649	0.00964	0.01041	0.01691	0.02413	0.03141	0.13088	0.37712	0.20019	0.03175	0.01402	0.00428	0.00639	0.05367	0.01067	0.00949
29	0.02636	0.02321	0.03804	0.05636	0.42108	0.02321	0.02875	0.03274	0.02519	0.03790	0.02455	0.03092	0.02022	0.01070	0.01043	0.00319	0.01161	0.01013	0.14917	0.01624
30	0.08366	0.13338	0.07976	0.02794	0.03685	0.06944	0.12327	0.08593	0.06948	0.08266	0.02826	0.03696	0.02319	0.01329	0.01096	0.00351	0.01365	0.05474	0.00781	0.01525
31	0.01955	0.00978	0.01466	0.01466	0.01466	0.00978	0.00978	0.01466	0.01466	0.01955	0.01955	0.03421	0.01955	0.03910	0.04399	0.67253	0.00978	0.00978	0.00489	0.00489
32	0.02817	0.48285	0.05350	0.14045	0.03945	0.04029	0.02186	0.03263	0.02279	0.02697	0.01659	0.02065	0.01457	0.00998	0.00810	0.00270	0.01268	0.00688	0.00486	0.01402
33	0.08515	0.03813	0.23610	0.03764	0.17003	0.02555	0.03105	0.08363	0.02748	0.07937	0.02259	0.02578	0.01674	0.01085	0.01042	0.00333	0.01348	0.00887	0.00667	0.06714
34	0.02320	0.01463	0.01682	0.01505	0.01915	0.01447	0.01165	0.07607	0.06012	0.08349	0.23297	0.06294	0.10803	0.01868	0.01131	0.00331	0.00660	0.01576	0.19329	0.01244
35	0.01813	0.01355	0.01619	0.01477	0.01833	0.01288	0.01128	0.06922	0.03269	0.04460	0.38660	0.08345	0.18916	0.02322	0.01307	0.00358	0.00613	0.02004	0.01185	0.01126
36	0.01930	0.01607	0.02517	0.02036	0.02387	0.01515	0.11314	0.02188	0.01930	0.02645	0.03111	0.05906	0.03324	0.41373	0.04268	0.00841	0.01240	0.01470	0.00656	0.07743
37	0.35491	0.02699	0.03241	0.02852	0.07594	0.07880	0.12000	0.03729	0.02395	0.09462	0.02083	0.02400	0.01559	0.01068	0.00947	0.00348	0.01259	0.00865	0.00717	0.01413
38	0.02184	0.02810	0.14259	0.21648	0.14120	0.02287	0.02904	0.03129	0.06104	0.03328	0.03445	0.09427	0.06610	0.01513	0.01162	0.00373	0.01293	0.01327	0.00656	0.01420
39	0.25275	0.11731	0.02980	0.02500	0.10552	0.02505	0.01751	0.03790	0.02437	0.16061	0.02556	0.02699	0.01891	0.01135	0.00880	0.00320	0.00985	0.00841	0.07618	0.01494
40	0.06823	0.02377	0.03521	0.02948	0.07653	0.02274	0.12078	0.08537	0.07815	0.11109	0.06565	0.03384	0.02694	0.01195	0.01096	0.00316	0.01150	0.01099	0.00875	0.16491
41	0.10111	0.01979	0.02478	0.13953	0.03645	0.02018	0.01800	0.02940	0.05034	0.03558	0.02488	0.08460	0.02260	0.01335	0.01200	0.00303	0.05789	0.01056	0.00686	0.28904
42	0.21263	0.12737	0.03240	0.06978	0.07509	0.02821	0.01888	0.10819	0.02751	0.07351	0.02071	0.02343	0.01606	0.01071	0.00889	0.00300	0.01081	0.00780	0.00736	0.11767

[dist]
# distance from previous block
# <min> <max>
0	46

[block]
# block no. 1 follows, 11 sequences, length 47
# corresponding to MSA columns:
# 1177-1223
name=unknown_B
#
# <colnr> <probs for GDERKNQSTAVLIFYWHMCP>
#	G	D	E	R	K	N	Q	S	T	A	V	L	I	F	Y	W	H	M	C	P
0	0.22393	0.02506	0.08028	0.02116	0.02886	0.02296	0.01909	0.04004	0.02443	0.22500	0.02689	0.02765	0.01892	0.01315	0.01406	0.00361	0.10572	0.00892	0.00893	0.06132
1	0.08064	0.02372	0.07872	0.02056	0.02767	0.02085	0.01803	0.12073	0.07331	0.11388	0.11527	0.07956	0.03970	0.02309	0.06661	0.00494	0.01180	0.01320	0.00991	0.05782
2	0.30577	0.02269	0.02658	0.02445	0.07170	0.02380	0.05527	0.09970	0.02678	0.08390	0.02583	0.08531	0.02229	0.01351	0.00970	0.00344	0.01029	0.01082	0.00822	0.06994
3	0.02317	0.01967	0.03281	0.20002	0.04667	0.02075	0.10943	0.03126	0.06225	0.06764	0.03236	0.12716	0.02926	0.02305	0.07075	0.00526	0.01461	0.01457	0.00741	0.06191
4	0.20914	0.33386	0.04470	0.02789	0.12684	0.03572	0.02034	0.03370	0.02240	0.03511	0.01675	0.02006	0.01449	0.00993	0.00793	0.00289	0.01139	0.00683	0.00555	0.01449
5	0.08037	0.02328	0.06970	0.07669	0.03462	0.01954	0.01948	0.04555	0.07028	0.29497	0.03441	0.03297	0.02325	0.01242	0.01053	0.00327	0.01042	0.01000	0.01047	0.11779
6	0.02714	0.24617	0.13644	0.02715	0.08236	0.03148	0.02375	0.08315	0.06672	0.03604	0.02786	0.11165	0.02607	0.01467	0.01014	0.00327	0.01197	0.01182	0.00698	0.01517
7	0.25315	0.02362	0.02949	0.02706	0.07052	0.02713	0.06612	0.06408	0.09003	0.04388	0.06611	0.03096	0.02525	0.01399	0.01499	0.00382	0.11786	0.01024	0.00769	0.01404
8	0.02263	0.02512	0.08770	0.42711	0.16019	0.02545	0.03292	0.03054	0.02322	0.03095	0.02024	0.02897	0.01546	0.01097	0.01118	0.00366	0.01486	0.00984	0.00508	0.01392
9	0.14745	0.02138	0.02641	0.01943	0.02900	0.01828	0.06157	0.03001	0.02288	0.03920	0.01947	0.02310	0.01587	0.00885	0.00858	0.00222	0.00948	0.00723	0.00663	0.48296
10	0.02348	0.02179	0.07306	0.02695	0.03395	0.01784	0.14641	0.02976	0.02602	0.08609	0.08153	0.15906	0.04522	0.01999	0.01308	0.00395	0.01180	0.10054	0.00888	0.07060
11	0.02586	0.03302	0.13192	0.03448	0.09136	0.06414	0.09676	0.03228	0.02290	0.03287	0.01882	0.02513	0.01569	0.01279	0.01859	0.00359	0.18701	0.00933	0.00547	0.13803
12	0.02722	0.02558	0.04069	0.11173	0.39352	0.02680	0.03108	0.03869	0.11681	0.03789	0.02567	0.03072	0.02064	0.01113	0.01121	0.00347	0.01270	0.01053	0.00662	0.01729
13	0.01479	0.01130	0.01357	0.01335	0.01620	0.01008	0.00988	0.01890	0.02864	0.03832	0.33606	0.14435	0.25140	0.02617	0.01339	0.00374	0.00557	0.02272	0.01151	0.01008
14	0.01759	0.01104	0.01421	0.01549	0.01748	0.00999	0.01081	0.01994	0.02332	0.08399	0.06810	0.46243	0.13911	0.03194	0.01388	0.00434	0.00673	0.02852	0.01082	0.01027
15	0.01371	0.00979	0.01306	0.01567	0.01632	0.00914	0.01045	0.01567	0.02155	0.02873	0.06203	0.59710	0.07444	0.03526	0.01437	0.00457	0.00653	0.03200	0.01045	0.00914
16	0.01393	0.01087	0.01265	0.01339	0.01589	0.00959	0.00959	0.01693	0.02539	0.03257	0.17321	0.27280	0.29340	0.02982	0.01366	0.00402	0.00591	0.02597	0.01081	0.00959
17	0.16353	0.02309	0.02646	0.12455	0.03697	0.02562	0.01920	0.17187	0.07375	0.12654	0.02855	0.03015	0.02046	0.01266	0.01014	0.00346	0.01080	0.00974	0.06679	0.01566
18	0.68395	0.02177	0.01654	0.01480	0.02177	0.02525	0.01219	0.03309	0.01915	0.05050	0.01567	0.01828	0.01219	0.01045	0.00697	0.00348	0.00871	0.00609	0.00697	0.01219
19	0.15228	0.02027	0.02228	0.01660	0.02591	0.01710	0.01340	0.03156	0.02331	0.08335	0.02130	0.02367	0.01679	0.00923	0.00833	0.00217	0.00851	0.00696	0.00736	0.48960
20	0.02334	0.02001	0.02334	0.01667	0.02667	0.01500	0.01334	0.02834	0.02334	0.03668	0.02001	0.02334	0.01667	0.00834	0.00834	0.00167	0.00834	0.00667	0.00667	0.67325
21	0.68395	0.02177	0.01654	0.01480	0.02177	0.02525	0.01219	0.03309	0.01915	0.05050	0.01567	0.01828	0.01219	0.01045	0.00697	0.00348	0.00871	0.00609	0.00697	0.01219
22	0.01834	0.01253	0.01482	0.01531	0.01766	0.01231	0.01099	0.06970	0.02649	0.03722	0.09628	0.34851	0.10103	0.02720	0.01264	0.00393	0.00675	0.02397	0.13371	0.01062
23	0.68395	0.02177	0.01654	0.01480	0.02177	0.02525	0.01219	0.03309	0.01915	0.05050	0.01567	0.01828	0.01219	0.01045	0.00697	0.00348	0.00871	0.00609	0.00697	0.01219
24	0.02786	0.02674	0.04568	0.06908	0.53424	0.02674	0.03454	0.03454	0.02563	0.03677	0.02117	0.02786	0.01783	0.01003	0.01114	0.00334	0.01337	0.01003	0.00557	0.01783
25	0.02800	0.02418	0.02545	0.02291	0.02927	0.02800	0.01782	0.05981	0.51390	0.04708	0.04581	0.04199	0.03436	0.01527	0.01145	0.00382	0.00891	0.01273	0.01145	0.01782
26	0.03221	0.02324	0.02558	0.02237	0.02917	0.02585	0.01758	0.05888	0.42364	0.13983	0.04555	0.04130	0.03314	0.01502	0.01143	0.00375	0.00903	0.01246	0.01192	0.01807
27	0.02061	0.01155	0.01551	0.01649	0.01865	0.01053	0.01159	0.02301	0.02355	0.12492	0.05873	0.49239	0.06571	0.03126	0.01379	0.00437	0.00710	0.02812	0.01110	0.01102
28	0.05050	0.01915	0.02612	0.02003	0.02873	0.01654	0.01654	0.05485	0.03221	0.54203	0.04440	0.03831	0.02786	0.01393	0.01132	0.00348	0.00958	0.01132	0.01393	0.01915
29	0.02302	0.02227	0.03140	0.02740	0.02778	0.03065	0.02265	0.02578	0.01740	0.02691	0.01766	0.02830	0.01728	0.03183	0.13492	0.00739	0.48009	0.01026	0.00513	0.01189
30	0.02191	0.01292	0.01643	0.01474	0.01874	0.01152	0.01134	0.02657	0.03075	0.13546	0.35915	0.08009	0.17173	0.02235	0.01291	0.00358	0.00618	0.01931	0.01231	0.01201
31	0.02835	0.01409	0.01854	0.01591	0.02067	0.01267	0.01246	0.03332	0.03133	0.21769	0.32112	0.06483	0.07284	0.01907	0.01217	0.00345	0.00679	0.01643	0.06471	0.01358
32	0.05050	0.01915	0.02612	0.02003	0.02873	0.01654	0.01654	0.05485	0.03221	0.54203	0.04440	0.03831	0.02786	0.01393	0.01132	0.00348	0.00958	0.01132	0.01393	0.01915
33	0.03113	0.02168	0.03481	0.19672	0.23120	0.02234	0.02704	0.03732	0.02695	0.16976	0.06451	0.03541	0.02623	0.01238	0.01138	0.00351	0.01223	0.01113	0.00814	0.01613
34	0.02424	0.03092	0.13035	0.03002	0.03314	0.03291	0.02780	0.02869	0.01846	0.02869	0.01579	0.02446	0.01468	0.01801	0.03202	0.00467	0.47756	0.00956	0.00489	0.01312
35	0.02527	0.01202	0.01397	0.01329	0.01671	0.01140	0.01001	0.02973	0.02487	0.13530	0.04293	0.14529	0.03720	0.01742	0.00975	0.00315	0.00632	0.01468	0.41879	0.01190
36	0.68395	0.02177	0.01654	0.01480	0.02177	0.02525	0.01219	0.03309	0.01915	0.05050	0.01567	0.01828	0.01219	0.01045	0.00697	0.00348	0.00871	0.00609	0.00697	0.01219
37	0.01613	0.01184	0.01700	0.01700	0.01863	0.01348	0.01271	0.01940	0.01777	0.02532	0.03114	0.04973	0.03053	0.18186	0.46567	0.01674	0.02654	0.01287	0.00618	0.00944
38	0.02237	0.02453	0.07612	0.36895	0.06083	0.02793	0.03013	0.02882	0.02104	0.02882	0.01846	0.02789	0.01487	0.01373	0.01888	0.00409	0.18500	0.00982	0.00496	0.01279
39	0.02033	0.01645	0.01970	0.01606	0.02235	0.01411	0.01247	0.02781	0.07001	0.04148	0.25670	0.05298	0.05951	0.01571	0.01089	0.00272	0.00699	0.01351	0.00972	0.31051
40	0.01525	0.01097	0.01469	0.01526	0.01684	0.01083	0.01086	0.01863	0.02406	0.03344	0.22136	0.24978	0.07337	0.09800	0.12614	0.00751	0.01120	0.02228	0.00991	0.00962
41	0.02257	0.05822	0.54613	0.03208	0.04871	0.02614	0.04158	0.03564	0.02376	0.03564	0.02020	0.02376	0.01426	0.01069	0.01069	0.00356	0.01663	0.00832	0.00475	0.01663
42	0.01402	0.01143	0.01239	0.01215	0.01564	0.00981	0.00911	0.01754	0.02734	0.03441	0.22663	0.10173	0.41456	0.02701	0.01329	0.00373	0.00559	0.02283	0.01098	0.00981
43	0.04204	0.05364	0.03190	0.02900	0.03480	0.55926	0.02175	0.04494	0.03190	0.02755	0.01740	0.02030	0.01450	0.01160	0.01015	0.00290	0.02030	0.00725	0.00580	0.01305
44	0.04541	0.01931	0.02560	0.01940	0.02835	0.01625	0.01594	0.04988	0.03055	0.44733	0.03983	0.03550	0.02576	0.01288	0.01076	0.00314	0.00934	0.01045	0.01257	0.14172
45	0.04084	0.02882	0.03140	0.02471	0.03319	0.03164	0.02020	0.36749	0.13708	0.11695	0.03241	0.03104	0.02293	0.01389	0.01130	0.00347	0.01143	0.01075	0.01158	0.01889
46	0.03528	0.43815	0.05012	0.02011	0.02950	0.03826	0.01898	0.08728	0.02784	0.12785	0.02226	0.02281	0.01746	0.01085	0.00842	0.00271	0.01161	0.00745	0.00721	0.01583

[dist]
# distance from previous block
# <min> <max>
0	1

[block]
# block no. 2 follows, 11 sequences, length 23
# corresponding to MSA columns:
# 1225-1247
name=unknown_C
#
# <colnr> <probs for GDERKNQSTAVLIFYWHMCP>
#	G	D	E	R	K	N	Q	S	T	A	V	L	I	F	Y	W	H	M	C	P
0	0.02900	0.48346	0.09719	0.02439	0.03481	0.04076	0.09085	0.03420	0.02348	0.02859	0.01704	0.02030	0.01482	0.00969	0.00838	0.00270	0.01341	0.00726	0.00494	0.01472
1	0.02223	0.02100	0.03552	0.50246	0.14485	0.02526	0.03174	0.02961	0.02297	0.02994	0.02018	0.02969	0.01542	0.01107	0.01124	0.00369	0.01476	0.01001	0.00509	0.01329
2	0.09407	0.02900	0.03039	0.02426	0.03249	0.03249	0.01978	0.35662	0.15612	0.06370	0.03038	0.02972	0.02205	0.01365	0.01094	0.00349	0.01127	0.01039	0.01094	0.01824
3	0.19394	0.02050	0.02380	0.01924	0.02720	0.02025	0.01572	0.05054	0.10020	0.35519	0.03795	0.03421	0.02519	0.01332	0.01033	0.00353	0.00928	0.01032	0.01195	0.01734
4	0.10721	0.07586	0.02944	0.02111	0.02952	0.10221	0.01732	0.10948	0.03175	0.23073	0.02900	0.02809	0.02027	0.01199	0.00991	0.00303	0.01150	0.00889	0.00981	0.11289
5	0.13080	0.02524	0.03440	0.03189	0.10631	0.02636	0.08930	0.11143	0.14237	0.13988	0.03143	0.03188	0.02275	0.01245	0.01096	0.00357	0.01163	0.01080	0.00953	0.01704
6	0.01371	0.00979	0.01306	0.01567	0.01632	0.00914	0.01045	0.01567	0.02155	0.02873	0.06203	0.59710	0.07444	0.03526	0.01437	0.00457	0.00653	0.03200	0.01045	0.00914
7	0.09193	0.01972	0.03086	0.07601	0.10595	0.01989	0.09492	0.03206	0.05509	0.08933	0.10748	0.15040	0.04316	0.01771	0.01206	0.00378	0.01074	0.01632	0.00887	0.01373
8	0.02877	0.02650	0.10497	0.10478	0.03930	0.02220	0.05056	0.07715	0.10413	0.12262	0.10228	0.03919	0.03379	0.01371	0.01133	0.00342	0.01137	0.01175	0.00920	0.08299
9	0.02803	0.02183	0.03562	0.18882	0.26450	0.02276	0.02862	0.03437	0.02582	0.10869	0.02991	0.04447	0.02543	0.01401	0.01184	0.00374	0.01280	0.07585	0.00735	0.01553
10	0.01478	0.01122	0.01361	0.01351	0.01624	0.01005	0.00994	0.01883	0.02841	0.03811	0.33013	0.16599	0.23517	0.02652	0.01344	0.00377	0.00561	0.02311	0.01150	0.01005
11	0.13044	0.02283	0.03236	0.03260	0.13528	0.02289	0.06886	0.07624	0.06924	0.19185	0.03343	0.07950	0.02622	0.01405	0.01111	0.00360	0.01111	0.01228	0.00962	0.01648
12	0.03056	0.38413	0.12802	0.02537	0.03619	0.03661	0.09214	0.03650	0.02450	0.08193	0.02030	0.02277	0.01618	0.01020	0.00904	0.00289	0.01348	0.00797	0.00587	0.01535
13	0.05050	0.01915	0.02612	0.02003	0.02873	0.01654	0.01654	0.05485	0.03221	0.54203	0.04440	0.03831	0.02786	0.01393	0.01132	0.00348	0.00958	0.01132	0.01393	0.01915
14	0.02091	0.01389	0.01741	0.01626	0.01978	0.01355	0.01225	0.02952	0.10096	0.09384	0.34071	0.14750	0.08308	0.02272	0.01297	0.00372	0.00645	0.02000	0.01213	0.01233
15	0.02550	0.03538	0.16924	0.03877	0.04921	0.02874	0.27176	0.03709	0.07438	0.03579	0.02337	0.02918	0.01785	0.01184	0.01592	0.00391	0.09917	0.01157	0.00595	0.01537
16	0.02531	0.01836	0.02269	0.02223	0.02669	0.01935	0.01908	0.16114	0.03377	0.04453	0.05011	0.09786	0.05149	0.02597	0.01430	0.00466	0.01095	0.32795	0.01062	0.01292
17	0.02387	0.02243	0.03908	0.24818	0.05506	0.02442	0.16688	0.03540	0.09955	0.03572	0.02724	0.03369	0.02062	0.01160	0.01141	0.00361	0.01387	0.01149	0.10203	0.01385
18	0.03966	0.02623	0.03126	0.10459	0.03913	0.02786	0.02112	0.29443	0.04156	0.16283	0.02913	0.02957	0.02020	0.01284	0.01103	0.00331	0.01183	0.01008	0.01053	0.07279
19	0.02061	0.01236	0.01636	0.01523	0.01847	0.01126	0.01145	0.02529	0.03040	0.11466	0.39000	0.15254	0.09021	0.02349	0.01315	0.00368	0.00611	0.02075	0.01233	0.01164
20	0.01524	0.01095	0.01404	0.01533	0.01688	0.01035	0.01104	0.01820	0.02398	0.03206	0.15850	0.29856	0.11260	0.11389	0.02046	0.00531	0.00746	0.09551	0.01031	0.00934
21	0.32849	0.02581	0.09800	0.01995	0.02687	0.02372	0.01856	0.03309	0.02273	0.09435	0.09335	0.03159	0.02808	0.01401	0.01326	0.00371	0.09366	0.00957	0.00784	0.01335
22	0.17116	0.13658	0.08261	0.10621	0.04138	0.03010	0.09014	0.10322	0.02777	0.07996	0.02158	0.02499	0.01612	0.01101	0.00984	0.00336	0.01302	0.00888	0.00707	0.01502

[dist]
# distance from previous block
# <min> <max>
0	14

[block]
# block no. 3 follows, 11 sequences, length 17
# corresponding to MSA columns:
# 1262-1278
name=unknown_D
#
# <colnr> <probs for GDERKNQSTAVLIFYWHMCP>
#	G	D	E	R	K	N	Q	S	T	A	V	L	I	F	Y	W	H	M	C	P
0	0.38241	0.02301	0.02971	0.08892	0.07420	0.02486	0.09253	0.03563	0.02268	0.10029	0.02096	0.02453	0.01549	0.01075	0.00927	0.00355	0.01150	0.00857	0.00722	0.01392
1	0.03131	0.02081	0.03329	0.32545	0.13458	0.02267	0.02724	0.03771	0.02599	0.18814	0.02771	0.03223	0.01941	0.01188	0.01126	0.00360	0.01307	0.01041	0.00784	0.01539
2	0.03171	0.01974	0.02420	0.01770	0.02731	0.01548	0.01432	0.03651	0.02607	0.19236	0.02752	0.02795	0.02012	0.01006	0.00925	0.00223	0.00872	0.00810	0.00891	0.47175
3	0.23755	0.03958	0.02934	0.03095	0.10962	0.31069	0.02082	0.03965	0.02698	0.03607	0.01746	0.02087	0.01431	0.01100	0.00932	0.00315	0.01563	0.00733	0.00612	0.01354
4	0.22466	0.01391	0.01255	0.01222	0.01603	0.01493	0.00940	0.02753	0.02207	0.04357	0.03218	0.07738	0.02722	0.01400	0.00809	0.00304	0.00641	0.01079	0.41311	0.01091
5	0.01662	0.01077	0.01445	0.01430	0.01599	0.01012	0.01020	0.01824	0.02497	0.03439	0.29060	0.12840	0.10477	0.02973	0.02286	0.20976	0.00685	0.01864	0.00973	0.00861
6	0.01547	0.01191	0.01442	0.01499	0.01812	0.01085	0.01204	0.01967	0.02734	0.03522	0.20422	0.10780	0.27711	0.02788	0.01399	0.00416	0.00704	0.15680	0.01093	0.01006
7	0.02532	0.01381	0.01672	0.01465	0.01972	0.01191	0.01146	0.02916	0.02900	0.19117	0.18120	0.08157	0.28449	0.02284	0.01269	0.00365	0.00681	0.01920	0.01194	0.01271
8	0.02901	0.43228	0.06127	0.02794	0.03811	0.03958	0.16531	0.03443	0.02401	0.02943	0.01784	0.02185	0.01526	0.00959	0.00909	0.00283	0.01417	0.00826	0.00509	0.01467
9	0.02281	0.04645	0.38508	0.02733	0.04192	0.02271	0.03288	0.03339	0.02363	0.03596	0.02014	0.02363	0.01500	0.00997	0.00997	0.00298	0.01408	0.00781	0.00534	0.21891
10	0.01766	0.01725	0.02872	0.02278	0.02881	0.01546	0.15811	0.02280	0.02657	0.03365	0.12820	0.08183	0.32853	0.02209	0.01329	0.00377	0.00975	0.02018	0.00918	0.01137
11	0.02901	0.43228	0.06127	0.02794	0.03811	0.03958	0.16531	0.03443	0.02401	0.02943	0.01784	0.02185	0.01526	0.00959	0.00909	0.00283	0.01417	0.00826	0.00509	0.01467
12	0.40978	0.02412	0.03299	0.02545	0.03397	0.02525	0.16091	0.03646	0.02292	0.10165	0.02111	0.02427	0.01547	0.01055	0.00940	0.00358	0.01197	0.00890	0.00736	0.01390
13	0.04083	0.01707	0.02271	0.01812	0.02532	0.01481	0.01470	0.04517	0.03142	0.40572	0.12866	0.05345	0.09699	0.01701	0.01185	0.00353	0.00847	0.01415	0.01329	0.01672
14	0.03101	0.01911	0.02379	0.02081	0.02535	0.02082	0.01619	0.04180	0.15940	0.19088	0.04166	0.12224	0.03582	0.08511	0.02104	0.00480	0.09975	0.01505	0.01052	0.01486
15	0.38748	0.02599	0.02192	0.01865	0.02597	0.10686	0.01504	0.04166	0.02519	0.19830	0.02480	0.02477	0.01738	0.01170	0.00881	0.00339	0.01080	0.00789	0.00893	0.01447
16	0.58396	0.02135	0.01805	0.01563	0.02287	0.02387	0.01288	0.03652	0.02122	0.12809	0.02021	0.02144	0.01466	0.01100	0.00765	0.00348	0.00884	0.00692	0.00806	0.01329

[dist]
# distance from previous block
# <min> <max>
0	1

[block]
# block no. 4 follows, 11 sequences, length 6
# corresponding to MSA columns:
# 1280-1285
name=unknown_E
#
# <colnr> <probs for GDERKNQSTAVLIFYWHMCP>
#	G	D	E	R	K	N	Q	S	T	A	V	L	I	F	Y	W	H	M	C	P
0	0.12683	0.05247	0.46265	0.02936	0.04447	0.02600	0.03695	0.03524	0.02304	0.03799	0.01948	0.02290	0.01393	0.01065	0.01011	0.00355	0.01538	0.00797	0.00510	0.01593
1	0.40670	0.11470	0.02572	0.01732	0.02485	0.02757	0.01466	0.03976	0.09173	0.10903	0.02362	0.02418	0.01770	0.01145	0.00820	0.00336	0.00937	0.00769	0.00815	0.01423
2	0.17823	0.02631	0.03033	0.24332	0.09933	0.09377	0.02423	0.07400	0.02651	0.07271	0.02106	0.02620	0.01582	0.01136	0.01014	0.00349	0.01350	0.00887	0.00674	0.01406
3	0.45814	0.02520	0.02261	0.01871	0.02639	0.02865	0.01543	0.19636	0.03105	0.05770	0.01967	0.02136	0.01464	0.01153	0.00848	0.00345	0.01000	0.00752	0.00848	0.01464
4	0.13873	0.01952	0.02479	0.01930	0.02776	0.01776	0.01594	0.05182	0.03040	0.47357	0.04040	0.03552	0.02568	0.01345	0.01071	0.00348	0.00946	0.01059	0.01296	0.01818
5	0.01454	0.01145	0.01321	0.01346	0.01656	0.01013	0.01025	0.01822	0.02701	0.03458	0.21589	0.14472	0.32951	0.02785	0.01361	0.00394	0.00614	0.06808	0.01097	0.00986

[dist]
# distance from previous block
# <min> <max>
0	10

[block]
# block no. 5 follows, 11 sequences, length 9
# corresponding to MSA columns:
# 1296-1304
name=unknown_F
#
# <colnr> <probs for GDERKNQSTAVLIFYWHMCP>
#	G	D	E	R	K	N	Q	S	T	A	V	L	I	F	Y	W	H	M	C	P
0	0.03302	0.02120	0.03074	0.02377	0.03188	0.01994	0.08713	0.07324	0.07153	0.19751	0.03255	0.03442	0.02387	0.02360	0.09995	0.00554	0.01420	0.01079	0.00947	0.15566
1	0.04458	0.02744	0.13638	0.02258	0.03297	0.01858	0.02185	0.05078	0.03042	0.43466	0.03927	0.03522	0.02498	0.01324	0.01119	0.00350	0.01107	0.01068	0.01198	0.01862
2	0.01611	0.01224	0.01556	0.01564	0.01860	0.01062	0.01109	0.01926	0.02360	0.03308	0.12874	0.39224	0.06734	0.02757	0.01291	0.00379	0.00671	0.02474	0.00996	0.15020
3	0.01454	0.01041	0.01389	0.01576	0.01700	0.00976	0.01111	0.01747	0.02409	0.03261	0.16070	0.45025	0.08039	0.03233	0.01423	0.00440	0.00658	0.06406	0.01085	0.00955
4	0.03032	0.03034	0.04028	0.14865	0.32784	0.11353	0.03071	0.07648	0.02853	0.03691	0.02088	0.02694	0.01691	0.01081	0.01101	0.00335	0.01470	0.00958	0.00602	0.01623
5	0.02111	0.01412	0.01890	0.13377	0.03086	0.01385	0.01509	0.02499	0.02512	0.11266	0.07107	0.19059	0.23650	0.02401	0.01279	0.00391	0.00849	0.02068	0.00986	0.01162
6	0.02487	0.01492	0.02083	0.13482	0.03230	0.01472	0.01609	0.02945	0.02724	0.16040	0.15369	0.14853	0.13429	0.02118	0.01254	0.00378	0.00869	0.01837	0.01056	0.01272
7	0.03279	0.03031	0.03973	0.09799	0.26673	0.11272	0.05606	0.08000	0.05533	0.08253	0.02442	0.02858	0.01886	0.01130	0.01116	0.00338	0.01432	0.01004	0.00712	0.01663
8	0.14924	0.07478	0.02938	0.02059	0.02917	0.02502	0.01730	0.16042	0.03448	0.29886	0.03286	0.03045	0.02196	0.01288	0.01024	0.00336	0.01036	0.00971	0.01133	0.01761

[dist]
# distance from previous block
# <min> <max>
1	88

[block]
# block no. 6 follows, 11 sequences, length 16
# corresponding to MSA columns:
# 1393-1408
name=unknown_G
#
# <colnr> <probs for GDERKNQSTAVLIFYWHMCP>
#	G	D	E	R	K	N	Q	S	T	A	V	L	I	F	Y	W	H	M	C	P
0	0.03235	0.25124	0.04698	0.03507	0.16286	0.07684	0.05180	0.06665	0.02733	0.07598	0.02107	0.02415	0.01705	0.01041	0.00953	0.00288	0.01307	0.00836	0.00644	0.05994
1	0.15522	0.03412	0.18284	0.14491	0.04673	0.02668	0.05820	0.11143	0.02819	0.07703	0.02222	0.02600	0.01593	0.01137	0.01040	0.00357	0.01373	0.00908	0.00699	0.01538
2	0.12321	0.19888	0.04056	0.02380	0.03239	0.07386	0.08942	0.07282	0.02674	0.07086	0.02308	0.05809	0.01973	0.01190	0.00953	0.00301	0.01240	0.00959	0.00704	0.09309
3	0.15960	0.02210	0.03228	0.33916	0.05796	0.02564	0.06093	0.07255	0.02541	0.07040	0.02152	0.02794	0.01578	0.01132	0.01054	0.00365	0.01346	0.00956	0.00657	0.01365
4	0.21814	0.02089	0.02152	0.01666	0.02545	0.01915	0.01339	0.03247	0.06475	0.04165	0.02097	0.02347	0.01689	0.00956	0.00820	0.00239	0.00849	0.00703	0.00717	0.42175
5	0.01449	0.01012	0.01283	0.01467	0.01513	0.00966	0.00938	0.01588	0.02002	0.02670	0.05422	0.44307	0.06458	0.20275	0.02700	0.00644	0.00782	0.02740	0.00938	0.00846
6	0.02628	0.01953	0.02204	0.06873	0.02913	0.06231	0.01798	0.09713	0.02988	0.07300	0.04376	0.10869	0.04265	0.02175	0.01264	0.00409	0.01085	0.19396	0.10301	0.01259
7	0.02986	0.01975	0.03151	0.41338	0.06316	0.02252	0.02693	0.03644	0.02536	0.17980	0.02718	0.03245	0.01879	0.01204	0.01127	0.00367	0.01341	0.01039	0.00763	0.01446
8	0.03133	0.01975	0.02416	0.01766	0.02728	0.01546	0.01428	0.03614	0.02595	0.18539	0.02718	0.02774	0.01996	0.00998	0.00921	0.00220	0.00870	0.00804	0.00881	0.48077
9	0.01345	0.01081	0.01202	0.01299	0.01562	0.00937	0.00925	0.01597	0.02413	0.02978	0.09475	0.28953	0.36090	0.03101	0.01370	0.00409	0.00601	0.02681	0.01045	0.00937
10	0.01408	0.01143	0.01247	0.01221	0.01568	0.00983	0.00916	0.01765	0.02748	0.03474	0.23593	0.10118	0.40506	0.02689	0.01329	0.00372	0.00559	0.02275	0.01102	0.00983
11	0.03294	0.01843	0.02081	0.01744	0.02304	0.01882	0.01387	0.16975	0.03385	0.15349	0.03757	0.08299	0.02958	0.01524	0.01012	0.00319	0.00836	0.01235	0.28342	0.01473
12	0.01330	0.01140	0.01140	0.01140	0.01520	0.00950	0.00855	0.01615	0.02565	0.03041	0.11402	0.10832	0.52967	0.02850	0.01330	0.00380	0.00570	0.02375	0.01045	0.00950
13	0.02116	0.01147	0.01205	0.01155	0.01502	0.01070	0.00879	0.02563	0.02492	0.07985	0.06010	0.06119	0.17614	0.01771	0.00975	0.00304	0.00574	0.01446	0.41983	0.01091
14	0.03749	0.04679	0.04205	0.03442	0.04187	0.40306	0.16053	0.04233	0.03033	0.03005	0.01898	0.02326	0.01526	0.01098	0.01107	0.00316	0.01991	0.00902	0.00577	0.01368
15	0.02788	0.44849	0.20233	0.02303	0.03472	0.03912	0.02583	0.03427	0.02313	0.02918	0.01699	0.01973	0.01439	0.00994	0.00824	0.00275	0.01339	0.00669	0.00480	0.01509

[dist]
# distance from previous block
# <min> <max>
0	9

[block]
# block no. 7 follows, 11 sequences, length 12
# corresponding to MSA columns:
# 1418-1429
name=unknown_H
#
# <colnr> <probs for GDERKNQSTAVLIFYWHMCP>
#	G	D	E	R	K	N	Q	S	T	A	V	L	I	F	Y	W	H	M	C	P
0	0.18301	0.01330	0.01472	0.01624	0.01878	0.01378	0.01208	0.02124	0.02162	0.03497	0.04999	0.37873	0.05728	0.02837	0.01269	0.00439	0.00767	0.09148	0.00956	0.01010
1	0.01548	0.01149	0.01682	0.01748	0.01915	0.01283	0.01316	0.01898	0.01896	0.02678	0.03817	0.18331	0.03979	0.07205	0.42262	0.01469	0.02421	0.01707	0.00714	0.00982
2	0.04250	0.02275	0.02666	0.02084	0.02867	0.02301	0.01708	0.22967	0.03921	0.26821	0.03607	0.03432	0.02448	0.01363	0.01073	0.00330	0.01000	0.01070	0.12045	0.01772
3	0.02803	0.02031	0.02399	0.01784	0.02726	0.01659	0.01430	0.03571	0.07566	0.11597	0.02646	0.02759	0.02024	0.00992	0.00912	0.00217	0.00859	0.00802	0.00829	0.50395
4	0.03879	0.01886	0.02642	0.02144	0.02834	0.01741	0.04853	0.08958	0.03129	0.32894	0.04554	0.17716	0.03793	0.01895	0.01222	0.00377	0.00975	0.01653	0.01221	0.01636
5	0.01613	0.01236	0.01565	0.01592	0.01893	0.01062	0.01117	0.01886	0.02200	0.03073	0.05146	0.45276	0.05991	0.02849	0.01285	0.00384	0.00698	0.02562	0.00950	0.17621
6	0.02178	0.02001	0.03114	0.43633	0.06473	0.02249	0.02675	0.02865	0.02272	0.03075	0.02001	0.02833	0.01542	0.01052	0.01052	0.00323	0.01333	0.00916	0.00542	0.17873
7	0.02384	0.02161	0.03001	0.02143	0.03165	0.01709	0.08762	0.02953	0.02384	0.03658	0.02043	0.02443	0.01673	0.00851	0.00910	0.00200	0.00998	0.00769	0.00652	0.57141
8	0.01371	0.00979	0.01306	0.01567	0.01632	0.00914	0.01045	0.01567	0.02155	0.02873	0.06203	0.59710	0.07444	0.03526	0.01437	0.00457	0.00653	0.03200	0.01045	0.00914
9	0.02126	0.02001	0.03376	0.57739	0.07752	0.02501	0.03126	0.02876	0.02251	0.02876	0.02001	0.03001	0.01500	0.01125	0.01125	0.00375	0.01500	0.01000	0.00500	0.01250
10	0.03371	0.35757	0.11001	0.02335	0.03282	0.16962	0.02244	0.03837	0.02596	0.06697	0.01883	0.02086	0.01545	0.01058	0.00870	0.00276	0.01450	0.00701	0.00575	0.01472
11	0.02263	0.01275	0.01650	0.01546	0.01910	0.01140	0.01160	0.02656	0.02851	0.14843	0.24905	0.20630	0.13761	0.02483	0.01312	0.00382	0.00661	0.02175	0.01198	0.01198

[dist]
# distance from previous block
# <min> <max>
4	12

[block]
# block no. 8 follows, 11 sequences, length 21
# corresponding to MSA columns:
# 1442-1462
name=unknown_I
#
# <colnr> <probs for GDERKNQSTAVLIFYWHMCP>
#	G	D	E	R	K	N	Q	S	T	A	V	L	I	F	Y	W	H	M	C	P
0	0.03648	0.03876	0.28712	0.02608	0.03876	0.02136	0.02911	0.04521	0.02797	0.28787	0.03225	0.03101	0.02103	0.01231	0.01100	0.00352	0.01312	0.00981	0.00932	0.01789
1	0.02295	0.02239	0.03910	0.42074	0.06908	0.02596	0.11738	0.03329	0.07319	0.03200	0.02315	0.03129	0.01736	0.01133	0.01166	0.00377	0.01514	0.01090	0.00579	0.01355
2	0.01480	0.01059	0.01424	0.01646	0.01770	0.01003	0.01192	0.01774	0.02353	0.03151	0.11388	0.45055	0.07617	0.03310	0.01447	0.00457	0.00712	0.11143	0.01065	0.00954
3	0.03084	0.02532	0.02365	0.02150	0.02659	0.12534	0.01633	0.08170	0.14738	0.11228	0.07195	0.18580	0.04314	0.01997	0.01204	0.00373	0.01071	0.01679	0.01047	0.01445
4	0.17316	0.02426	0.03439	0.13084	0.04282	0.02636	0.10299	0.11384	0.02905	0.13822	0.02497	0.02827	0.01786	0.01222	0.01243	0.00367	0.05115	0.01000	0.00826	0.01525
5	0.02679	0.01984	0.03231	0.47187	0.06828	0.02340	0.02847	0.03370	0.02434	0.12593	0.02462	0.03158	0.01744	0.01176	0.01127	0.00370	0.01398	0.01025	0.00669	0.01376
6	0.01409	0.01028	0.01327	0.01495	0.01630	0.00946	0.01029	0.01677	0.02392	0.03201	0.15559	0.45032	0.12670	0.03226	0.01405	0.00430	0.00621	0.02896	0.01082	0.00946
7	0.03070	0.01980	0.03285	0.24559	0.05053	0.02058	0.08496	0.03687	0.02675	0.19994	0.06305	0.07937	0.02969	0.01446	0.01191	0.00372	0.01250	0.01319	0.00891	0.01468
8	0.02267	0.08224	0.14300	0.02586	0.03350	0.02120	0.10949	0.02888	0.02280	0.06486	0.03273	0.14169	0.03169	0.08053	0.10136	0.00661	0.01584	0.01503	0.00702	0.01299
9	0.02063	0.01275	0.01467	0.01364	0.01801	0.01091	0.01041	0.02392	0.02716	0.12853	0.13607	0.13165	0.35822	0.02576	0.01301	0.00378	0.00646	0.02173	0.01129	0.01141
10	0.02343	0.01285	0.01310	0.01222	0.01556	0.01323	0.00938	0.07900	0.02689	0.04521	0.03563	0.04029	0.02776	0.01316	0.00825	0.00271	0.00605	0.01045	0.59338	0.01146
11	0.04195	0.02607	0.07276	0.06208	0.03840	0.02301	0.07886	0.13898	0.03444	0.31216	0.03478	0.03339	0.02289	0.01288	0.01150	0.00352	0.01219	0.01100	0.01109	0.01804
12	0.03873	0.02251	0.03310	0.03869	0.22267	0.02165	0.02322	0.08480	0.03087	0.26502	0.03327	0.03355	0.02329	0.01233	0.01097	0.00335	0.01095	0.01065	0.06242	0.01795
13	0.02824	0.04818	0.40210	0.03126	0.04589	0.02454	0.07977	0.03932	0.02563	0.13155	0.02503	0.02714	0.01710	0.01119	0.01106	0.00357	0.01552	0.00936	0.00658	0.01697
14	0.27544	0.02427	0.02606	0.05919	0.08603	0.07734	0.04681	0.03467	0.07125	0.04307	0.11708	0.03573	0.03343	0.01334	0.01003	0.00349	0.01080	0.01066	0.00795	0.01335
15	0.01745	0.12435	0.02225	0.01594	0.01912	0.01640	0.01244	0.02063	0.02438	0.03174	0.14183	0.31056	0.11916	0.02720	0.01278	0.00393	0.00751	0.05208	0.00972	0.01053
16	0.02741	0.09047	0.13291	0.20248	0.04943	0.03100	0.02873	0.12514	0.02795	0.03806	0.02003	0.02599	0.01560	0.01304	0.01560	0.00373	0.12217	0.00928	0.00619	0.01479
17	0.03376	0.01884	0.02414	0.01996	0.02500	0.01997	0.01620	0.08850	0.03037	0.22277	0.12873	0.04379	0.03961	0.01660	0.01603	0.00363	0.11716	0.01252	0.10749	0.01495
18	0.03209	0.36177	0.17376	0.02259	0.03378	0.03467	0.02429	0.03819	0.02486	0.12636	0.02222	0.02331	0.01694	0.01071	0.00886	0.00290	0.01271	0.00759	0.00653	0.01588
19	0.02460	0.02190	0.02947	0.07977	0.14474	0.01976	0.02012	0.03275	0.07038	0.03697	0.02272	0.02672	0.01846	0.00964	0.00952	0.00243	0.01012	0.00830	0.00673	0.40491
20	0.03094	0.02270	0.03406	0.30086	0.05628	0.02540	0.06105	0.10574	0.07364	0.13378	0.02818	0.03225	0.01994	0.01232	0.01144	0.00366	0.01335	0.01077	0.00824	0.01542

[dist]
# distance from previous block
# <min> <max>
0	8

[block]
# block no. 9 follows, 11 sequences, length 13
# corresponding to MSA columns:
# 1471-1483
name=unknown_J
#
# <colnr> <probs for GDERKNQSTAVLIFYWHMCP>
#	G	D	E	R	K	N	Q	S	T	A	V	L	I	F	Y	W	H	M	C	P
0	0.02612	0.02030	0.02576	0.17845	0.04028	0.02306	0.01999	0.07515	0.20207	0.07107	0.10852	0.04355	0.03767	0.01491	0.01137	0.00361	0.01012	0.01265	0.06053	0.01484
1	0.02650	0.10521	0.26883	0.02588	0.03826	0.10474	0.02821	0.03475	0.02477	0.03375	0.01924	0.02252	0.01500	0.01005	0.00957	0.00280	0.01433	0.00744	0.00546	0.20267
2	0.07521	0.02578	0.03552	0.12251	0.04216	0.10254	0.15349	0.03200	0.02467	0.03469	0.02620	0.07356	0.02250	0.01340	0.01232	0.00353	0.04433	0.01201	0.13091	0.01267
3	0.21611	0.44352	0.04691	0.01799	0.02686	0.03905	0.01725	0.03353	0.02181	0.03331	0.01565	0.01812	0.01380	0.00986	0.00715	0.00271	0.01109	0.00604	0.00543	0.01380
4	0.01709	0.01389	0.01610	0.01388	0.01904	0.01147	0.01065	0.02143	0.02721	0.03744	0.23491	0.07550	0.23281	0.02081	0.01188	0.00310	0.00631	0.01768	0.01007	0.19873
5	0.02317	0.02119	0.03139	0.41965	0.06379	0.02586	0.02743	0.03759	0.16230	0.03397	0.02735	0.03342	0.02051	0.01240	0.01131	0.00377	0.01327	0.01078	0.00684	0.01401
6	0.04579	0.02238	0.02733	0.02114	0.02947	0.02186	0.01740	0.19181	0.03807	0.35512	0.03834	0.03504	0.02519	0.01374	0.01103	0.00338	0.01013	0.01088	0.06341	0.01848
7	0.02811	0.02603	0.16641	0.01879	0.02677	0.01631	0.01942	0.03538	0.02560	0.15322	0.03376	0.03596	0.02447	0.01261	0.00945	0.00308	0.00946	0.01006	0.33092	0.01420
8	0.01428	0.01053	0.01337	0.01459	0.01629	0.00962	0.01021	0.01733	0.02511	0.03366	0.20266	0.37616	0.15331	0.03074	0.01389	0.00416	0.00606	0.02742	0.01100	0.00962
9	0.03201	0.03731	0.02749	0.02486	0.02889	0.32460	0.01901	0.03553	0.02969	0.03248	0.16235	0.03909	0.04063	0.01606	0.01505	0.00339	0.10041	0.01137	0.00754	0.01225
10	0.03115	0.19140	0.03637	0.02239	0.02957	0.03287	0.01893	0.08284	0.26444	0.07868	0.03329	0.03242	0.02553	0.01377	0.01219	0.00344	0.05454	0.01029	0.00923	0.01663
11	0.01365	0.01004	0.01281	0.01503	0.01616	0.00920	0.01016	0.01574	0.02216	0.02898	0.06982	0.52392	0.14260	0.03425	0.01421	0.00446	0.00641	0.03076	0.01045	0.00920
12	0.03118	0.03069	0.05713	0.04131	0.05202	0.03030	0.35909	0.16711	0.03406	0.04598	0.02398	0.02941	0.01766	0.01063	0.01271	0.00368	0.01710	0.01239	0.00728	0.01631

[dist]
# distance from previous block
# <min> <max>
0	4

[block]
# block no. 10 follows, 11 sequences, length 8
# corresponding to MSA columns:
# 1488-1495
name=unknown_K
#
# <colnr> <probs for GDERKNQSTAVLIFYWHMCP>
#	G	D	E	R	K	N	Q	S	T	A	V	L	I	F	Y	W	H	M	C	P
0	0.01614	0.01132	0.01443	0.01472	0.01600	0.01129	0.01026	0.01876	0.02208	0.03030	0.16745	0.12863	0.06180	0.27181	0.10410	0.00876	0.01153	0.06295	0.00887	0.00882
1	0.11331	0.01548	0.01964	0.02284	0.08771	0.01507	0.01505	0.02620	0.02431	0.09550	0.05810	0.22819	0.14180	0.02414	0.01246	0.00404	0.00834	0.06599	0.00973	0.01212
2	0.13349	0.02209	0.02599	0.02007	0.02875	0.02124	0.01652	0.13699	0.03347	0.31883	0.03401	0.03147	0.02260	0.01269	0.01034	0.00324	0.00987	0.00980	0.01156	0.09698
3	0.02280	0.02589	0.09740	0.18615	0.16476	0.02241	0.07466	0.02990	0.02379	0.03331	0.02615	0.10301	0.02390	0.01350	0.01137	0.00346	0.01317	0.01259	0.00613	0.10567
4	0.02777	0.02254	0.03597	0.22895	0.13608	0.02345	0.07443	0.03693	0.07256	0.10179	0.02623	0.03101	0.01952	0.01120	0.01107	0.00337	0.01290	0.01033	0.00721	0.10669
5	0.20588	0.02342	0.03112	0.17613	0.07052	0.02703	0.05581	0.07975	0.05821	0.07332	0.02252	0.02723	0.01704	0.01239	0.01294	0.00373	0.07200	0.00945	0.00721	0.01430
6	0.11878	0.02665	0.06046	0.09996	0.04162	0.02749	0.10435	0.11637	0.07833	0.11318	0.02655	0.02950	0.01937	0.01285	0.01373	0.00374	0.07264	0.01044	0.00831	0.01569
7	0.07182	0.16447	0.04217	0.03597	0.17148	0.02884	0.07154	0.03898	0.08472	0.09857	0.06170	0.03216	0.02611	0.01194	0.01037	0.00326	0.01177	0.01038	0.00771	0.01603

[dist]
# distance from previous block
# <min> <max>
9	23

[block]
# block no. 11 follows, 11 sequences, length 10
# corresponding to MSA columns:
# 1520-1529
name=unknown_L
#
# <colnr> <probs for GDERKNQSTAVLIFYWHMCP>
#	G	D	E	R	K	N	Q	S	T	A	V	L	I	F	Y	W	H	M	C	P
0	0.11933	0.01744	0.01870	0.01628	0.02160	0.01763	0.01283	0.11656	0.03121	0.10285	0.12914	0.09549	0.16308	0.01971	0.01139	0.00355	0.00781	0.01613	0.06618	0.01307
1	0.42997	0.02627	0.09401	0.01857	0.02735	0.02317	0.01746	0.03895	0.02311	0.17275	0.02358	0.02413	0.01645	0.01136	0.00859	0.00349	0.01005	0.00773	0.00841	0.01458
2	0.03290	0.03455	0.14665	0.03067	0.04126	0.02895	0.12316	0.18495	0.12786	0.08845	0.02965	0.03078	0.02127	0.01244	0.01160	0.00360	0.01377	0.01100	0.00897	0.01753
3	0.03219	0.02529	0.04194	0.05970	0.43750	0.02479	0.03110	0.03843	0.02689	0.13346	0.02562	0.02986	0.01975	0.01078	0.01118	0.00337	0.01265	0.01028	0.00717	0.01808
4	0.15522	0.49841	0.05086	0.01841	0.02753	0.04084	0.01791	0.03358	0.02216	0.03108	0.01565	0.01810	0.01401	0.00979	0.00717	0.00261	0.01140	0.00603	0.00523	0.01401
5	0.02516	0.01923	0.01946	0.01866	0.02275	0.07751	0.01484	0.03454	0.11019	0.07895	0.14478	0.06824	0.05277	0.01972	0.01196	0.00372	0.00916	0.11931	0.13637	0.01269
6	0.12134	0.02377	0.02644	0.02661	0.08565	0.02666	0.01868	0.09203	0.30260	0.04852	0.07760	0.03912	0.03391	0.01447	0.01092	0.00365	0.00942	0.01187	0.01020	0.01654
7	0.15495	0.02322	0.03561	0.03741	0.17679	0.02262	0.10107	0.03560	0.02525	0.11057	0.02726	0.03697	0.02244	0.01241	0.01083	0.00345	0.01202	0.05290	0.00763	0.09099
8	0.28988	0.02676	0.03557	0.03220	0.10554	0.02858	0.11935	0.15121	0.03018	0.05067	0.02082	0.02440	0.01578	0.01096	0.00998	0.00350	0.01247	0.00919	0.00759	0.01538
9	0.05050	0.01915	0.02612	0.02003	0.02873	0.01654	0.01654	0.05485	0.03221	0.54203	0.04440	0.03831	0.02786	0.01393	0.01132	0.00348	0.00958	0.01132	0.01393	0.01915

[dist]
# distance from previous block
# <min> <max>
0	48

[block]
# block no. 12 follows, 11 sequences, length 16
# corresponding to MSA columns:
# 1578-1593
name=unknown_M
#
# <colnr> <probs for GDERKNQSTAVLIFYWHMCP>
#	G	D	E	R	K	N	Q	S	T	A	V	L	I	F	Y	W	H	M	C	P
