[name]
unknown

[dist]
# distance from previous block
# <min> <max>
2	555

[block]
# block no. 0 follows, 14 sequences, length 54
# corresponding to MSA columns:
# 567-620
name=unknown_A
#
# <colnr> <probs for GDERKNQSTAVLIFYWHMCP>
#	G	D	E	R	K	N	Q	S	T	A	V	L	I	F	Y	W	H	M	C	P
0	0.03784	0.06277	0.02945	0.02711	0.12798	0.02084	0.01868	0.07245	0.09921	0.34290	0.03410	0.03180	0.02324	0.01192	0.01005	0.00312	0.00958	0.00989	0.01029	0.01678
1	0.02108	0.02025	0.02935	0.02947	0.09816	0.02635	0.02140	0.02388	0.01728	0.02600	0.02057	0.09998	0.02144	0.02257	0.06649	0.00508	0.42235	0.01165	0.00526	0.01140
2	0.01669	0.01148	0.01394	0.01482	0.01660	0.01142	0.01045	0.08112	0.02346	0.03260	0.04950	0.47755	0.05604	0.02698	0.01195	0.00379	0.00646	0.02407	0.10143	0.00963
3	0.02527	0.26131	0.04746	0.11163	0.23312	0.03059	0.09352	0.03073	0.02217	0.02895	0.01744	0.02253	0.01466	0.00908	0.00907	0.00282	0.01259	0.00814	0.00477	0.01415
4	0.53906	0.02074	0.01827	0.01544	0.02224	0.02321	0.01273	0.10094	0.02306	0.11527	0.01893	0.02001	0.01374	0.01029	0.00737	0.00316	0.00849	0.00664	0.00766	0.01275
5	0.02649	0.02157	0.06066	0.02125	0.05801	0.02078	0.01668	0.10339	0.22939	0.09948	0.04379	0.04237	0.09831	0.01438	0.01016	0.00322	0.00851	0.01183	0.09512	0.01461
6	0.01321	0.00949	0.01164	0.01288	0.01382	0.00888	0.00845	0.01484	0.01954	0.02574	0.08993	0.37867	0.12978	0.18731	0.02300	0.00550	0.00681	0.02379	0.00879	0.00792
7	0.03364	0.01570	0.02020	0.01586	0.02261	0.01340	0.01281	0.03794	0.02677	0.33500	0.10604	0.03825	0.03307	0.01272	0.00963	0.00276	0.00750	0.01050	0.09627	0.14934
8	0.53394	0.01994	0.01812	0.08928	0.02708	0.02333	0.01396	0.03293	0.08994	0.04316	0.01845	0.02089	0.01413	0.01021	0.00738	0.00325	0.00868	0.00681	0.00667	0.01184
9	0.02588	0.56645	0.04848	0.01677	0.02445	0.03679	0.01615	0.02876	0.02011	0.02362	0.01651	0.02277	0.01617	0.08723	0.01226	0.00316	0.01085	0.00666	0.00462	0.01230
10	0.02424	0.01688	0.01966	0.05782	0.02349	0.04692	0.01348	0.10902	0.02375	0.09899	0.02898	0.04386	0.02663	0.23540	0.17698	0.00884	0.01529	0.01155	0.00734	0.01089
11	0.62593	0.01965	0.01585	0.01371	0.02040	0.02186	0.01124	0.02963	0.01794	0.04447	0.01478	0.01724	0.01162	0.00929	0.00651	0.00297	0.00790	0.00562	0.00632	0.09708
12	0.01879	0.01088	0.01276	0.01207	0.01306	0.01059	0.00732	0.01929	0.01672	0.08988	0.03335	0.06315	0.03583	0.56139	0.04702	0.00911	0.00980	0.01435	0.00702	0.00762
13	0.02744	0.64552	0.05378	0.01756	0.02634	0.04061	0.01756	0.03073	0.02085	0.02414	0.01427	0.01646	0.01317	0.00878	0.00658	0.00219	0.01097	0.00549	0.00439	0.01317
14	0.02128	0.01824	0.02128	0.01520	0.02432	0.01368	0.01216	0.02584	0.02128	0.03344	0.01824	0.02128	0.01520	0.00760	0.00760	0.00152	0.00760	0.00608	0.00608	0.70208
15	0.01250	0.00893	0.01191	0.01429	0.01488	0.00834	0.00953	0.01429	0.01965	0.02620	0.05656	0.63265	0.06787	0.03215	0.01310	0.00417	0.00595	0.02917	0.00953	0.00834
16	0.62180	0.02373	0.01695	0.01523	0.02143	0.09990	0.01228	0.03161	0.01902	0.04325	0.01450	0.01692	0.01140	0.00967	0.00674	0.00310	0.00935	0.00570	0.00621	0.01122
17	0.01250	0.00893	0.01191	0.01429	0.01488	0.00834	0.00953	0.01429	0.01965	0.02620	0.05656	0.63265	0.06787	0.03215	0.01310	0.00417	0.00595	0.02917	0.00953	0.00834
18	0.71184	0.01985	0.01508	0.01350	0.01985	0.02302	0.01111	0.03017	0.01746	0.04604	0.01429	0.01667	0.01111	0.00953	0.00635	0.00318	0.00794	0.00556	0.00635	0.01111
19	0.03005	0.02594	0.03472	0.02690	0.03409	0.09927	0.16796	0.13750	0.06680	0.10752	0.12610	0.03648	0.03289	0.01277	0.01103	0.00320	0.01229	0.01173	0.00862	0.01414
20	0.02924	0.48248	0.08568	0.01977	0.02868	0.07551	0.01937	0.09976	0.02512	0.03020	0.01605	0.01805	0.01373	0.00944	0.00747	0.00242	0.01181	0.00621	0.00523	0.01379
21	0.02440	0.02776	0.14597	0.01981	0.03008	0.01924	0.01912	0.12244	0.02634	0.03900	0.01946	0.02198	0.01514	0.00894	0.00856	0.00218	0.00993	0.00699	0.00647	0.42618
22	0.17421	0.27035	0.18640	0.02168	0.03156	0.03036	0.05521	0.03276	0.05524	0.03293	0.01758	0.02004	0.01401	0.00953	0.00799	0.00286	0.01166	0.00689	0.00524	0.01350
23	0.01938	0.01824	0.03078	0.61468	0.07068	0.02280	0.02850	0.02622	0.02052	0.02622	0.01824	0.02736	0.01368	0.01026	0.01026	0.00342	0.01368	0.00912	0.00456	0.01140
24	0.01250	0.00893	0.01191	0.01429	0.01488	0.00834	0.00953	0.01429	0.01965	0.02620	0.05656	0.63265	0.06787	0.03215	0.01310	0.00417	0.00595	0.02917	0.00953	0.00834
25	0.02540	0.02438	0.04165	0.06299	0.57533	0.02438	0.03149	0.03149	0.02337	0.03353	0.01930	0.02540	0.01626	0.00914	0.01016	0.00305	0.01219	0.00914	0.00508	0.01626
26	0.01681	0.00958	0.01437	0.01437	0.01496	0.01017	0.01017	0.01496	0.01437	0.01975	0.02093	0.03413	0.02034	0.04894	0.21981	0.48108	0.01489	0.00958	0.00479	0.00597
27	0.01454	0.01070	0.01545	0.01562	0.01712	0.01211	0.01170	0.01757	0.01651	0.02347	0.03027	0.08747	0.03032	0.14885	0.48256	0.01471	0.02356	0.01286	0.00589	0.00871
28	0.03112	0.02077	0.03426	0.02614	0.03376	0.01992	0.18288	0.04154	0.12957	0.23382	0.10049	0.03846	0.03230	0.01267	0.01114	0.00333	0.01089	0.01217	0.00967	0.01509
29	0.02058	0.05308	0.58618	0.02925	0.04442	0.02383	0.03792	0.03250	0.02167	0.03250	0.01842	0.02167	0.01300	0.00975	0.00975	0.00325	0.01517	0.00758	0.00433	0.01517
30	0.18401	0.01796	0.02201	0.01727	0.02488	0.01673	0.01426	0.04590	0.02690	0.47129	0.03506	0.03115	0.02244	0.01204	0.00950	0.00318	0.00857	0.00933	0.01139	0.01615
31	0.02058	0.05308	0.58618	0.02925	0.04442	0.02383	0.03792	0.03250	0.02167	0.03250	0.01842	0.02167	0.01300	0.00975	0.00975	0.00325	0.01517	0.00758	0.00433	0.01517
32	0.02045	0.01859	0.03063	0.12107	0.32757	0.01901	0.02403	0.02525	0.02179	0.03019	0.03115	0.22102	0.03252	0.01669	0.01112	0.00346	0.01038	0.01558	0.00644	0.01306
33	0.02084	0.01720	0.01935	0.01884	0.02323	0.01886	0.01521	0.03851	0.31396	0.03697	0.05412	0.07129	0.11241	0.02018	0.01187	0.00388	0.00816	0.17208	0.01000	0.01304
34	0.03833	0.04891	0.02908	0.02644	0.03173	0.59815	0.01983	0.04098	0.02908	0.02512	0.01586	0.01851	0.01322	0.01058	0.00925	0.00264	0.01851	0.00661	0.00529	0.01190
35	0.44868	0.01890	0.01853	0.01538	0.02236	0.01988	0.01268	0.03801	0.02217	0.25806	0.02464	0.02389	0.01676	0.01078	0.00792	0.00318	0.00825	0.00744	0.00886	0.01362
36	0.01938	0.01824	0.03078	0.61468	0.07068	0.02280	0.02850	0.02622	0.02052	0.02622	0.01824	0.02736	0.01368	0.01026	0.01026	0.00342	0.01368	0.00912	0.00456	0.01140
37	0.01783	0.00891	0.01337	0.01337	0.01337	0.00891	0.00891	0.01337	0.01337	0.01783	0.01783	0.03119	0.01783	0.03565	0.04011	0.70143	0.00891	0.00891	0.00446	0.00446
38	0.04604	0.01746	0.02382	0.01826	0.02620	0.01508	0.01508	0.05001	0.02937	0.58244	0.04049	0.03493	0.02540	0.01270	0.01032	0.00318	0.00873	0.01032	0.01270	0.01746
39	0.01654	0.01181	0.01654	0.01890	0.02126	0.01181	0.01654	0.02126	0.02362	0.03071	0.05433	0.11576	0.05906	0.02835	0.01417	0.00472	0.00945	0.50626	0.00945	0.00945
40	0.03013	0.01442	0.01989	0.01860	0.02354	0.01332	0.01587	0.03451	0.02627	0.28488	0.04796	0.07852	0.04355	0.02114	0.01240	0.00401	0.00912	0.27779	0.01095	0.01314
41	0.09184	0.01763	0.02321	0.01793	0.02576	0.01563	0.01481	0.04865	0.02855	0.54554	0.03868	0.03367	0.02442	0.01248	0.01005	0.00318	0.00868	0.00999	0.01226	0.01703
42	0.01452	0.01049	0.01372	0.01291	0.01533	0.00968	0.00968	0.01937	0.02905	0.04115	0.56992	0.07666	0.09683	0.02098	0.01210	0.00323	0.00484	0.01856	0.01130	0.00968
43	0.04482	0.01774	0.02378	0.01841	0.02623	0.01570	0.01515	0.05028	0.06067	0.55042	0.04056	0.03513	0.02575	0.01277	0.01033	0.00319	0.00870	0.01040	0.01257	0.01739
44	0.71184	0.01985	0.01508	0.01350	0.01985	0.02302	0.01111	0.03017	0.01746	0.04604	0.01429	0.01667	0.01111	0.00953	0.00635	0.00318	0.00794	0.00556	0.00635	0.01111
45	0.01213	0.01040	0.01040	0.01040	0.01386	0.00866	0.00780	0.01473	0.02339	0.02772	0.10396	0.09876	0.57117	0.02599	0.01213	0.00347	0.00520	0.02166	0.00953	0.00866
46	0.01444	0.01006	0.01258	0.01394	0.01534	0.00978	0.00969	0.01877	0.05589	0.03076	0.12022	0.44648	0.06410	0.02697	0.01205	0.00378	0.00580	0.02418	0.09600	0.00918
47	0.45394	0.01814	0.01595	0.01431	0.01952	0.02041	0.01111	0.03169	0.08544	0.07554	0.02276	0.02989	0.01941	0.12658	0.01559	0.00446	0.00838	0.00835	0.00725	0.01126
48	0.02359	0.02253	0.03538	0.02787	0.03487	0.02356	0.20320	0.04203	0.29454	0.03907	0.10481	0.03960	0.03441	0.01297	0.01126	0.00344	0.01099	0.01272	0.00867	0.01450
49	0.02235	0.20598	0.44877	0.02623	0.03975	0.02816	0.03266	0.03204	0.02146	0.03034	0.01735	0.02032	0.01304	0.00950	0.00893	0.00298	0.01408	0.00704	0.00435	0.01465
50	0.01524	0.01018	0.01291	0.01350	0.01558	0.00920	0.00963	0.01810	0.02340	0.06822	0.19548	0.35230	0.16413	0.02684	0.01248	0.00373	0.00572	0.02380	0.01020	0.00936
51	0.01691	0.01005	0.01347	0.01481	0.01637	0.00922	0.01026	0.01899	0.02093	0.09935	0.05445	0.55405	0.06229	0.02959	0.01273	0.00404	0.00632	0.02669	0.00994	0.00954
52	0.66136	0.02001	0.01568	0.01404	0.02035	0.02321	0.01149	0.03196	0.05713	0.04581	0.01631	0.01826	0.01260	0.00985	0.00665	0.00320	0.00795	0.00600	0.00665	0.01149
53	0.01686	0.01719	0.06219	0.10299	0.12780	0.01486	0.01770	0.02200	0.02450	0.03279	0.20403	0.06367	0.21727	0.01815	0.01133	0.00330	0.00825	0.01575	0.00817	0.01120

[dist]
# distance from previous block
# <min> <max>
0	1

[block]
# block no. 1 follows, 14 sequences, length 58
# corresponding to MSA columns:
# 622-679
name=unknown_B
#
# <colnr> <probs for GDERKNQSTAVLIFYWHMCP>
#	G	D	E	R	K	N	Q	S	T	A	V	L	I	F	Y	W	H	M	C	P
0	0.08234	0.01963	0.02201	0.01656	0.02500	0.01728	0.01333	0.07869	0.07026	0.07928	0.02220	0.02370	0.01723	0.00913	0.00819	0.00210	0.00810	0.00713	0.00737	0.47048
1	0.03086	0.02229	0.03288	0.11949	0.25314	0.02255	0.02401	0.11903	0.02821	0.15379	0.02444	0.02722	0.01794	0.01045	0.01001	0.00301	0.01114	0.00915	0.00757	0.07283
2	0.01783	0.00891	0.01337	0.01337	0.01337	0.00891	0.00891	0.01337	0.01337	0.01783	0.01783	0.03119	0.01783	0.03565	0.04011	0.70143	0.00891	0.00891	0.00446	0.00446
3	0.01563	0.01006	0.01381	0.01381	0.01451	0.01075	0.00948	0.01578	0.01509	0.02081	0.02644	0.04690	0.02743	0.25688	0.25648	0.20575	0.01632	0.01175	0.00545	0.00684
4	0.02085	0.10510	0.48266	0.02718	0.04054	0.02429	0.03400	0.03128	0.02177	0.03154	0.02139	0.02998	0.01733	0.01140	0.00987	0.00329	0.01424	0.05405	0.00482	0.01444
5	0.04307	0.01681	0.02286	0.01775	0.02517	0.01457	0.01457	0.04712	0.02934	0.53139	0.09042	0.03886	0.03214	0.01348	0.01049	0.00318	0.00837	0.01110	0.01257	0.01673
6	0.71184	0.01985	0.01508	0.01350	0.01985	0.02302	0.01111	0.03017	0.01746	0.04604	0.01429	0.01667	0.01111	0.00953	0.00635	0.00318	0.00794	0.00556	0.00635	0.01111
7	0.07921	0.01919	0.02667	0.02069	0.02847	0.01800	0.06395	0.04790	0.10132	0.42557	0.03732	0.03367	0.02449	0.01231	0.01028	0.00324	0.00940	0.01039	0.01132	0.01659
8	0.02697	0.02930	0.16562	0.04152	0.24932	0.02182	0.09714	0.03412	0.02392	0.12997	0.02537	0.06445	0.02025	0.01128	0.01054	0.00324	0.01257	0.01064	0.00655	0.01540
9	0.02443	0.38540	0.28754	0.02269	0.03428	0.03324	0.02650	0.03151	0.02121	0.02781	0.01609	0.01875	0.01309	0.00921	0.00797	0.00266	0.01282	0.00641	0.00436	0.01405
10	0.01468	0.01090	0.01599	0.01599	0.01765	0.01256	0.01220	0.01800	0.01634	0.02345	0.02794	0.04285	0.02675	0.13001	0.54714	0.01588	0.02583	0.01137	0.00557	0.00888
11	0.24314	0.32083	0.03349	0.01544	0.02171	0.02875	0.01380	0.02712	0.01830	0.02986	0.01498	0.01944	0.01344	0.01433	0.01313	0.14063	0.00960	0.00619	0.00503	0.01079
12	0.01421	0.01024	0.01219	0.01306	0.01440	0.00976	0.00916	0.01602	0.01931	0.02483	0.05662	0.17932	0.16485	0.28036	0.02923	0.00651	0.00812	0.11588	0.00815	0.00776
13	0.02211	0.10298	0.02567	0.01552	0.02459	0.01732	0.01289	0.02650	0.02122	0.03218	0.01770	0.02063	0.01493	0.00776	0.00746	0.00161	0.00806	0.00600	0.00585	0.60902
14	0.02802	0.02074	0.02087	0.01684	0.02354	0.09273	0.01329	0.05945	0.02672	0.15899	0.08603	0.04265	0.12248	0.01382	0.00978	0.00263	0.00887	0.01112	0.00877	0.23267
15	0.07763	0.02540	0.02669	0.02479	0.06172	0.15558	0.08055	0.03438	0.11291	0.06999	0.03750	0.14188	0.07534	0.01609	0.01066	0.00333	0.01136	0.01382	0.00784	0.01254
16	0.03852	0.01770	0.02305	0.01733	0.02563	0.01466	0.01420	0.04267	0.02691	0.41572	0.03373	0.03078	0.02230	0.01115	0.00949	0.00267	0.00839	0.00903	0.01069	0.22537
17	0.01461	0.01230	0.02065	0.01950	0.02185	0.01150	0.10455	0.01763	0.02047	0.02740	0.05013	0.52389	0.05847	0.02793	0.01292	0.00404	0.00799	0.02611	0.00875	0.00933
18	0.01553	0.01209	0.01443	0.01530	0.01745	0.01228	0.01088	0.02367	0.13959	0.03132	0.10161	0.40747	0.10545	0.02663	0.01234	0.00387	0.00627	0.02373	0.00988	0.01023
19	0.04195	0.01854	0.02406	0.01829	0.02641	0.01632	0.01505	0.08872	0.02985	0.46066	0.03599	0.03212	0.02328	0.01195	0.00993	0.00293	0.00879	0.00963	0.01156	0.11396
20	0.01293	0.01030	0.01159	0.01154	0.01442	0.00896	0.00855	0.01618	0.02488	0.03190	0.24938	0.13745	0.37583	0.02491	0.01220	0.00345	0.00515	0.02131	0.01010	0.00896
21	0.02028	0.03712	0.31697	0.03098	0.04202	0.02172	0.19073	0.02934	0.02211	0.03148	0.02601	0.13341	0.02368	0.01343	0.01110	0.00348	0.01418	0.01289	0.00554	0.01352
22	0.01708	0.01044	0.01219	0.01194	0.01257	0.01022	0.00711	0.01750	0.01633	0.06241	0.03463	0.10413	0.03855	0.55019	0.04637	0.00904	0.00958	0.01557	0.00693	0.00721
23	0.01918	0.01392	0.01675	0.01418	0.01961	0.01133	0.01081	0.02282	0.02299	0.07929	0.11346	0.17002	0.13059	0.01796	0.01032	0.00276	0.00660	0.01547	0.00862	0.29331
24	0.01684	0.01315	0.01561	0.01477	0.01793	0.01333	0.01112	0.02710	0.15566	0.03930	0.36311	0.11670	0.11395	0.02060	0.01179	0.00339	0.00576	0.01802	0.01081	0.01108
25	0.01535	0.01096	0.01517	0.01754	0.01938	0.01079	0.01447	0.01921	0.02245	0.02938	0.05499	0.26810	0.06166	0.02947	0.01386	0.00456	0.00842	0.36565	0.00947	0.00912
26	0.71184	0.01985	0.01508	0.01350	0.01985	0.02302	0.01111	0.03017	0.01746	0.04604	0.01429	0.01667	0.01111	0.00953	0.00635	0.00318	0.00794	0.00556	0.00635	0.01111
27	0.01439	0.01017	0.01179	0.01179	0.01265	0.01012	0.00741	0.01536	0.01664	0.02183	0.04435	0.06903	0.13025	0.45275	0.12088	0.00971	0.01154	0.01557	0.00670	0.00706
28	0.01250	0.00893	0.01191	0.01429	0.01488	0.00834	0.00953	0.01429	0.01965	0.02620	0.05656	0.63265	0.06787	0.03215	0.01310	0.00417	0.00595	0.02917	0.00953	0.00834
29	0.02058	0.05308	0.58618	0.02925	0.04442	0.02383	0.03792	0.03250	0.02167	0.03250	0.01842	0.02167	0.01300	0.00975	0.00975	0.00325	0.01517	0.00758	0.00433	0.01517
30	0.01834	0.01715	0.01598	0.01630	0.01911	0.09326	0.01178	0.02532	0.11835	0.02939	0.05874	0.32258	0.16505	0.02452	0.01187	0.00368	0.00792	0.02122	0.00910	0.01032
31	0.02490	0.02387	0.04075	0.10867	0.53354	0.02425	0.03125	0.03106	0.02313	0.03292	0.01922	0.02556	0.01604	0.00924	0.01017	0.00308	0.01231	0.00914	0.00504	0.01585
32	0.01938	0.01824	0.03078	0.61468	0.07068	0.02280	0.02850	0.02622	0.02052	0.02622	0.01824	0.02736	0.01368	0.01026	0.01026	0.00342	0.01368	0.00912	0.00456	0.01140
33	0.01347	0.01043	0.01289	0.01309	0.01524	0.01035	0.00959	0.01605	0.01938	0.02509	0.06195	0.11893	0.25416	0.12821	0.23430	0.00921	0.01414	0.01746	0.00759	0.00849
34	0.02359	0.02520	0.05016	0.14408	0.09911	0.02522	0.35531	0.03360	0.07333	0.03269	0.02215	0.02842	0.01677	0.00947	0.01146	0.00342	0.01536	0.01128	0.00556	0.01384
35	0.71184	0.01985	0.01508	0.01350	0.01985	0.02302	0.01111	0.03017	0.01746	0.04604	0.01429	0.01667	0.01111	0.00953	0.00635	0.00318	0.00794	0.00556	0.00635	0.01111
36	0.01693	0.00923	0.01270	0.01270	0.01270	0.00923	0.00809	0.01385	0.01385	0.01846	0.02228	0.04223	0.02381	0.22095	0.04383	0.48919	0.00923	0.01076	0.00500	0.00500
37	0.02040	0.01826	0.02980	0.04337	0.34637	0.01805	0.02299	0.02493	0.02212	0.03084	0.03440	0.23831	0.03678	0.01830	0.01144	0.00354	0.00988	0.05025	0.00689	0.01309
38	0.03061	0.08903	0.19166	0.02816	0.08151	0.02313	0.08013	0.04028	0.08469	0.20624	0.02794	0.02820	0.01954	0.01089	0.01000	0.00316	0.01193	0.00933	0.00782	0.01577
39	0.02553	0.02204	0.02320	0.02088	0.02669	0.02553	0.01624	0.05453	0.55679	0.04293	0.04177	0.03829	0.03133	0.01392	0.01044	0.00348	0.00812	0.01160	0.01044	0.01624
40	0.71184	0.01985	0.01508	0.01350	0.01985	0.02302	0.01111	0.03017	0.01746	0.04604	0.01429	0.01667	0.01111	0.00953	0.00635	0.00318	0.00794	0.00556	0.00635	0.01111
41	0.02819	0.02423	0.03131	0.03644	0.22329	0.02638	0.02234	0.14416	0.26440	0.04395	0.03032	0.03095	0.02316	0.01190	0.01031	0.00325	0.01021	0.01025	0.00850	0.01649
42	0.03901	0.02874	0.03080	0.02361	0.03182	0.03182	0.01951	0.54111	0.04825	0.06468	0.02464	0.02464	0.01745	0.01232	0.01027	0.00308	0.01129	0.00924	0.01027	0.01745
43	0.71184	0.01985	0.01508	0.01350	0.01985	0.02302	0.01111	0.03017	0.01746	0.04604	0.01429	0.01667	0.01111	0.00953	0.00635	0.00318	0.00794	0.00556	0.00635	0.01111
44	0.01454	0.01016	0.01192	0.01166	0.01275	0.00974	0.00746	0.01631	0.02018	0.02734	0.20877	0.07311	0.10606	0.38671	0.03581	0.00722	0.00789	0.01670	0.00813	0.00754
45	0.02072	0.02212	0.01702	0.01679	0.01992	0.19435	0.01225	0.02331	0.02466	0.02774	0.10673	0.22265	0.20810	0.02241	0.01150	0.00338	0.00957	0.01875	0.00836	0.00969
46	0.03078	0.15766	0.20901	0.02572	0.03475	0.31684	0.02512	0.03646	0.02526	0.02727	0.01638	0.01913	0.01314	0.00999	0.00893	0.00275	0.01610	0.00671	0.00483	0.01316
47	0.03432	0.02501	0.03027	0.02388	0.03150	0.02702	0.06679	0.27356	0.20362	0.12477	0.03181	0.03061	0.02272	0.01253	0.01050	0.00325	0.01051	0.01040	0.01017	0.01673
48	0.01492	0.00995	0.01119	0.01119	0.01119	0.00995	0.00622	0.01492	0.01492	0.01990	0.03233	0.06716	0.03731	0.63935	0.05223	0.00995	0.00995	0.01492	0.00622	0.00622
49	0.02128	0.01824	0.02128	0.01520	0.02432	0.01368	0.01216	0.02584	0.02128	0.03344	0.01824	0.02128	0.01520	0.00760	0.00760	0.00152	0.00760	0.00608	0.00608	0.70208
50	0.01544	0.00977	0.01158	0.01158	0.01158	0.00977	0.00670	0.01465	0.01465	0.01953	0.02976	0.06079	0.03386	0.53242	0.05008	0.13243	0.00977	0.01386	0.00591	0.00591
51	0.02744	0.64552	0.05378	0.01756	0.02634	0.04061	0.01756	0.03073	0.02085	0.02414	0.01427	0.01646	0.01317	0.00878	0.00658	0.00219	0.01097	0.00549	0.00439	0.01317
52	0.02128	0.01824	0.02128	0.01520	0.02432	0.01368	0.01216	0.02584	0.02128	0.03344	0.01824	0.02128	0.01520	0.00760	0.00760	0.00152	0.00760	0.00608	0.00608	0.70208
53	0.03359	0.01488	0.02040	0.01809	0.02358	0.01342	0.01502	0.03759	0.02665	0.35619	0.04636	0.11638	0.04000	0.01946	0.01180	0.00376	0.00870	0.16867	0.01138	0.01408
54	0.65408	0.02234	0.01628	0.01461	0.02086	0.07234	0.01186	0.03109	0.01846	0.04425	0.01442	0.01683	0.01129	0.00962	0.00660	0.00313	0.00884	0.00565	0.00626	0.01118
55	0.01527	0.01091	0.01508	0.01745	0.01925	0.01072	0.01433	0.01907	0.02237	0.02929	0.05504	0.27840	0.06183	0.02954	0.01384	0.00455	0.00835	0.35615	0.00947	0.00910
56	0.19310	0.13059	0.02949	0.02212	0.02817	0.38198	0.01747	0.03695	0.02516	0.02983	0.01526	0.01778	0.01272	0.01007	0.00818	0.00270	0.01494	0.00620	0.00540	0.01190
57	0.09422	0.02637	0.02819	0.02204	0.02986	0.02899	0.01812	0.41090	0.08777	0.10971	0.02674	0.02612	0.01887	0.01226	0.00996	0.00313	0.01050	0.00924	0.01018	0.01682

[dist]
# distance from previous block
# <min> <max>
0	2

[block]
# block no. 2 follows, 14 sequences, length 24
# corresponding to MSA columns:
# 682-705
name=unknown_C
#
# <colnr> <probs for GDERKNQSTAVLIFYWHMCP>
#	G	D	E	R	K	N	Q	S	T	A	V	L	I	F	Y	W	H	M	C	P
0	0.02900	0.15244	0.13212	0.01907	0.02891	0.02141	0.01876	0.03449	0.02342	0.17750	0.02338	0.02400	0.01710	0.00959	0.00851	0.00242	0.00998	0.00736	0.00718	0.25336
1	0.08346	0.06750	0.03256	0.02597	0.07187	0.06884	0.05269	0.27366	0.03601	0.14985	0.02491	0.02528	0.01770	0.01136	0.00981	0.00304	0.01155	0.00893	0.00899	0.01601
2	0.02059	0.01872	0.01887	0.02030	0.02321	0.12096	0.01715	0.02493	0.02464	0.02967	0.04717	0.09765	0.05053	0.02504	0.01326	0.00434	0.01114	0.41325	0.00867	0.00991
3	0.03930	0.01904	0.02830	0.07802	0.14986	0.01776	0.01979	0.04397	0.02732	0.41593	0.03399	0.03221	0.02242	0.01172	0.01028	0.00317	0.00990	0.00996	0.01035	0.01669
4	0.01874	0.01904	0.07864	0.01830	0.02275	0.01691	0.01524	0.03266	0.23101	0.03542	0.11533	0.25998	0.05153	0.02111	0.01157	0.00367	0.00765	0.01855	0.00956	0.01234
5	0.02540	0.02438	0.04165	0.06299	0.57533	0.02438	0.03149	0.03149	0.02337	0.03353	0.01930	0.02540	0.01626	0.00914	0.01016	0.00305	0.01219	0.00914	0.00508	0.01626
6	0.02058	0.05308	0.58618	0.02925	0.04442	0.02383	0.03792	0.03250	0.02167	0.03250	0.01842	0.02167	0.01300	0.00975	0.00975	0.00325	0.01517	0.00758	0.00433	0.01517
7	0.01322	0.01044	0.01191	0.01154	0.01453	0.00913	0.00866	0.01684	0.02597	0.03384	0.31639	0.08868	0.35492	0.02371	0.01212	0.00336	0.00504	0.02025	0.01034	0.00913
8	0.02540	0.02438	0.04165	0.06299	0.57533	0.02438	0.03149	0.03149	0.02337	0.03353	0.01930	0.02540	0.01626	0.00914	0.01016	0.00305	0.01219	0.00914	0.00508	0.01626
9	0.03833	0.04891	0.02908	0.02644	0.03173	0.59815	0.01983	0.04098	0.02908	0.02512	0.01586	0.01851	0.01322	0.01058	0.00925	0.00264	0.01851	0.00661	0.00529	0.01190
10	0.71184	0.01985	0.01508	0.01350	0.01985	0.02302	0.01111	0.03017	0.01746	0.04604	0.01429	0.01667	0.01111	0.00953	0.00635	0.00318	0.00794	0.00556	0.00635	0.01111
11	0.01938	0.01824	0.03078	0.61468	0.07068	0.02280	0.02850	0.02622	0.02052	0.02622	0.01824	0.02736	0.01368	0.01026	0.01026	0.00342	0.01368	0.00912	0.00456	0.01140
12	0.01983	0.01079	0.01451	0.01516	0.01736	0.00981	0.01074	0.02209	0.02177	0.14768	0.05305	0.50211	0.05860	0.02790	0.01249	0.00395	0.00656	0.02506	0.01022	0.01033
13	0.04604	0.01746	0.02382	0.01826	0.02620	0.01508	0.01508	0.05001	0.02937	0.58244	0.04049	0.03493	0.02540	0.01270	0.01032	0.00318	0.00873	0.01032	0.01270	0.01746
14	0.01654	0.01181	0.01654	0.01890	0.02126	0.01181	0.01654	0.02126	0.02362	0.03071	0.05433	0.11576	0.05906	0.02835	0.01417	0.00472	0.00945	0.50626	0.00945	0.00945
15	0.01408	0.01124	0.01271	0.01220	0.01538	0.01026	0.00919	0.01946	0.06254	0.03454	0.30005	0.08509	0.33004	0.02300	0.01200	0.00336	0.00525	0.01963	0.01035	0.00962
16	0.04604	0.01746	0.02382	0.01826	0.02620	0.01508	0.01508	0.05001	0.02937	0.58244	0.04049	0.03493	0.02540	0.01270	0.01032	0.00318	0.00873	0.01032	0.01270	0.01746
17	0.01492	0.00995	0.01119	0.01119	0.01119	0.00995	0.00622	0.01492	0.01492	0.01990	0.03233	0.06716	0.03731	0.63935	0.05223	0.00995	0.00995	0.01492	0.00622	0.00622
18	0.01402	0.01047	0.01301	0.01238	0.01502	0.00947	0.00928	0.01838	0.02785	0.03830	0.47107	0.08135	0.19746	0.02204	0.01211	0.00328	0.00492	0.01922	0.01092	0.00947
19	0.71184	0.01985	0.01508	0.01350	0.01985	0.02302	0.01111	0.03017	0.01746	0.04604	0.01429	0.01667	0.01111	0.00953	0.00635	0.00318	0.00794	0.00556	0.00635	0.01111
20	0.01394	0.01011	0.01091	0.01091	0.01213	0.00950	0.00677	0.01485	0.01790	0.02265	0.05753	0.07828	0.22514	0.42355	0.03812	0.00767	0.00828	0.01729	0.00738	0.00708
21	0.02578	0.01259	0.01620	0.01400	0.01822	0.01143	0.01095	0.03032	0.02766	0.21808	0.28957	0.05533	0.05937	0.01647	0.01054	0.00304	0.00611	0.01407	0.14805	0.01221
22	0.09341	0.01299	0.01545	0.01404	0.01762	0.01281	0.01080	0.02585	0.06901	0.08719	0.42425	0.06368	0.07646	0.01850	0.01120	0.00324	0.00576	0.01592	0.01081	0.01100
23	0.02658	0.02658	0.05658	0.04055	0.05067	0.02478	0.48153	0.03472	0.02478	0.09228	0.02289	0.02847	0.01663	0.00909	0.01192	0.00343	0.01637	0.01192	0.00600	0.01423

[dist]
# distance from previous block
# <min> <max>
0	2

[block]
# block no. 3 follows, 14 sequences, length 35
# corresponding to MSA columns:
# 708-742
name=unknown_D
#
# <colnr> <probs for GDERKNQSTAVLIFYWHMCP>
#	G	D	E	R	K	N	Q	S	T	A	V	L	I	F	Y	W	H	M	C	P
0	0.09708	0.01765	0.02315	0.01789	0.02571	0.01569	0.01478	0.04849	0.02846	0.54132	0.03848	0.03353	0.02431	0.01246	0.01002	0.00318	0.00867	0.00995	0.01221	0.01698
1	0.01374	0.01072	0.01262	0.01381	0.01580	0.01021	0.00970	0.01858	0.07628	0.02838	0.06917	0.41199	0.21421	0.02843	0.01253	0.00389	0.00595	0.02512	0.00962	0.00925
2	0.01864	0.01130	0.01493	0.01376	0.01677	0.01030	0.01040	0.02309	0.02827	0.11355	0.45280	0.11974	0.08456	0.02083	0.01195	0.00330	0.00547	0.01837	0.01133	0.01062
3	0.02160	0.01723	0.01979	0.01841	0.02253	0.01964	0.01425	0.06569	0.28812	0.03685	0.03707	0.08296	0.03125	0.03387	0.18584	0.00731	0.01367	0.01247	0.05831	0.01312
4	0.01938	0.01824	0.03078	0.61468	0.07068	0.02280	0.02850	0.02622	0.02052	0.02622	0.01824	0.02736	0.01368	0.01026	0.01026	0.00342	0.01368	0.00912	0.00456	0.01140
5	0.02340	0.03475	0.23659	0.02979	0.04019	0.02503	0.16138	0.04087	0.22317	0.03651	0.02780	0.02949	0.02055	0.01103	0.01063	0.00339	0.01308	0.01028	0.00685	0.01522
6	0.44031	0.02236	0.02919	0.02294	0.03041	0.02413	0.16537	0.03347	0.07517	0.04188	0.01902	0.02212	0.01450	0.00973	0.00845	0.00329	0.01069	0.00809	0.00644	0.01244
7	0.02128	0.01824	0.02128	0.01520	0.02432	0.01368	0.01216	0.02584	0.02128	0.03344	0.01824	0.02128	0.01520	0.00760	0.00760	0.00152	0.00760	0.00608	0.00608	0.70208
8	0.01308	0.01017	0.01189	0.01202	0.01459	0.00898	0.00880	0.01636	0.02481	0.03241	0.26776	0.18604	0.30582	0.02524	0.01229	0.00350	0.00520	0.02186	0.01018	0.00898
9	0.03047	0.03715	0.32171	0.02659	0.03856	0.02078	0.08107	0.03908	0.02481	0.23804	0.02691	0.02724	0.01790	0.01074	0.01021	0.00324	0.01298	0.00907	0.00755	0.01589
10	0.23947	0.02141	0.02181	0.01771	0.02492	0.07766	0.01442	0.04329	0.02587	0.36836	0.03030	0.02791	0.01998	0.01156	0.00905	0.00312	0.00951	0.00855	0.01008	0.01504
11	0.01250	0.00893	0.01191	0.01429	0.01488	0.00834	0.00953	0.01429	0.01965	0.02620	0.05656	0.63265	0.06787	0.03215	0.01310	0.00417	0.00595	0.02917	0.00953	0.00834
12	0.02509	0.02447	0.04016	0.04030	0.19859	0.02532	0.18082	0.04102	0.23437	0.03704	0.02863	0.03119	0.02200	0.01088	0.01087	0.00335	0.01215	0.01102	0.00723	0.01551
13	0.03268	0.25637	0.04076	0.02959	0.15472	0.03065	0.02083	0.15208	0.02916	0.12697	0.02212	0.02344	0.01687	0.01032	0.00887	0.00276	0.01096	0.00799	0.00727	0.01558
14	0.02245	0.02245	0.03143	0.02694	0.02694	0.03143	0.02245	0.02470	0.01572	0.02470	0.01347	0.02245	0.01347	0.01796	0.03368	0.00449	0.62057	0.00898	0.00449	0.01123
15	0.01288	0.00961	0.01198	0.01311	0.01476	0.00872	0.00918	0.01554	0.02262	0.02994	0.18404	0.38751	0.18615	0.02824	0.01266	0.00380	0.00553	0.02509	0.00993	0.00872
16	0.03875	0.02465	0.02772	0.02174	0.02950	0.02633	0.01780	0.33191	0.12420	0.20005	0.03162	0.02957	0.02179	0.01268	0.01031	0.00317	0.01010	0.00991	0.01095	0.01726
17	0.03281	0.35570	0.04245	0.02105	0.02893	0.15783	0.01856	0.16691	0.02981	0.03499	0.01733	0.01905	0.01430	0.01009	0.00812	0.00252	0.01267	0.00671	0.00612	0.01402
18	0.02128	0.01824	0.02128	0.01520	0.02432	0.01368	0.01216	0.02584	0.02128	0.03344	0.01824	0.02128	0.01520	0.00760	0.00760	0.00152	0.00760	0.00608	0.00608	0.70208
19	0.01474	0.00987	0.01125	0.01143	0.01147	0.00983	0.00647	0.01488	0.01528	0.02038	0.03418	0.11015	0.03963	0.59318	0.04926	0.00951	0.00965	0.01601	0.00647	0.00638
20	0.48302	0.08772	0.06174	0.01642	0.02374	0.02575	0.01475	0.06935	0.06764	0.04388	0.01774	0.01948	0.01369	0.01005	0.00726	0.00310	0.00903	0.00649	0.00664	0.01252
21	0.02883	0.03002	0.02693	0.03207	0.18441	0.25522	0.01946	0.03312	0.02516	0.03149	0.02212	0.02641	0.01801	0.01057	0.00890	0.00269	0.01257	0.00823	0.21133	0.01247
22	0.03833	0.04891	0.02908	0.02644	0.03173	0.59815	0.01983	0.04098	0.02908	0.02512	0.01586	0.01851	0.01322	0.01058	0.00925	0.00264	0.01851	0.00661	0.00529	0.01190
23	0.01392	0.01064	0.01247	0.01335	0.01572	0.00978	0.01028	0.01667	0.02183	0.02725	0.07418	0.13907	0.29549	0.12479	0.01920	0.00493	0.00728	0.16569	0.00898	0.00848
24	0.02896	0.01629	0.01959	0.01702	0.02245	0.01604	0.01333	0.03989	0.18134	0.24047	0.09807	0.11050	0.11612	0.01770	0.01106	0.00341	0.00742	0.01499	0.01114	0.01422
25	0.18232	0.01866	0.01971	0.01786	0.02268	0.02142	0.01401	0.07481	0.23571	0.03927	0.02922	0.03215	0.02335	0.02803	0.13862	0.05925	0.01256	0.00969	0.00796	0.01273
26	0.03165	0.03110	0.02598	0.02259	0.02785	0.23791	0.01768	0.20171	0.03182	0.03797	0.02219	0.02692	0.01826	0.03053	0.18154	0.00683	0.01871	0.00877	0.00701	0.01296
27	0.01298	0.01023	0.01171	0.01177	0.01449	0.00896	0.00866	0.01622	0.02477	0.03200	0.25329	0.16407	0.34405	0.02515	0.01225	0.00348	0.00518	0.02165	0.01012	0.00896
28	0.02836	0.01945	0.02138	0.01998	0.02498	0.06805	0.01638	0.03979	0.18106	0.16999	0.04388	0.06467	0.03864	0.01872	0.01170	0.00380	0.00968	0.19570	0.01018	0.01362
29	0.03161	0.03300	0.02984	0.06822	0.03235	0.25944	0.02107	0.07233	0.02492	0.06786	0.01756	0.02226	0.01454	0.01361	0.01865	0.00346	0.24287	0.00814	0.00584	0.01243
30	0.01239	0.00937	0.01146	0.01313	0.01458	0.00843	0.00901	0.01442	0.02076	0.02665	0.07070	0.47342	0.21798	0.03031	0.01281	0.00396	0.00573	0.02693	0.00953	0.00843
31	0.07899	0.01837	0.02076	0.01506	0.02395	0.01446	0.01207	0.02620	0.02096	0.03449	0.01791	0.02089	0.01486	0.00776	0.00750	0.00166	0.00763	0.00604	0.00610	0.64434
32	0.02542	0.03729	0.27084	0.02385	0.03370	0.07316	0.02538	0.16150	0.03034	0.04101	0.10288	0.03561	0.06792	0.01327	0.01035	0.00317	0.01227	0.01051	0.00731	0.01422
33	0.02374	0.02332	0.02138	0.01942	0.02335	0.14254	0.01492	0.03562	0.19646	0.03703	0.24045	0.04784	0.05169	0.01627	0.01260	0.00328	0.05545	0.01305	0.00922	0.01237
34	0.01262	0.00935	0.01150	0.01313	0.01434	0.00855	0.00885	0.01444	0.02012	0.02602	0.06550	0.46193	0.18170	0.08147	0.01614	0.00449	0.00611	0.02624	0.00925	0.00823

[dist]
# distance from previous block
# <min> <max>
0	670

# created by:
# /st0/software/busco_prod/Augustus/scripts/msa2prfl.pl ./align_prep/4553.fa
