[name]
unknown

[dist]
# distance from previous block
# <min> <max>
0	920

[block]
# block no. 0 follows, 13 sequences, length 10
# corresponding to MSA columns:
# 926-935
name=unknown_A
#
# <colnr> <probs for GDERKNQSTAVLIFYWHMCP>
#	G	D	E	R	K	N	Q	S	T	A	V	L	I	F	Y	W	H	M	C	P
0	0.13072	0.02407	0.02538	0.02086	0.02766	0.02653	0.01730	0.33942	0.03910	0.05648	0.02902	0.03886	0.02397	0.01461	0.01029	0.00337	0.01028	0.07792	0.06902	0.01515
1	0.02466	0.03862	0.33330	0.02820	0.03978	0.02115	0.10053	0.03367	0.02365	0.11682	0.02856	0.11179	0.02393	0.01369	0.01098	0.00350	0.01353	0.01213	0.00672	0.01479
2	0.01565	0.01067	0.01352	0.01280	0.01529	0.00996	0.00960	0.02063	0.02881	0.04197	0.48153	0.07327	0.08928	0.02027	0.01174	0.00320	0.00498	0.01778	0.10908	0.00996
3	0.03938	0.02149	0.02816	0.14780	0.03864	0.02220	0.01986	0.18208	0.03383	0.30767	0.03205	0.03126	0.02120	0.01243	0.01060	0.00330	0.01086	0.01004	0.01054	0.01663
4	0.03324	0.02657	0.08436	0.07590	0.11916	0.02366	0.15455	0.10869	0.02942	0.19540	0.02732	0.02938	0.01904	0.01096	0.01103	0.00334	0.01312	0.01045	0.00823	0.01619
5	0.01288	0.00920	0.01227	0.01472	0.01534	0.00859	0.00981	0.01472	0.02024	0.02699	0.05828	0.62152	0.06993	0.03312	0.01350	0.00429	0.00613	0.03006	0.00981	0.00859
6	0.28077	0.01763	0.01874	0.01615	0.02199	0.01815	0.01288	0.06902	0.02564	0.20041	0.09388	0.11711	0.03510	0.01572	0.00974	0.00342	0.00800	0.01252	0.00985	0.01328
7	0.03558	0.02540	0.10830	0.02641	0.06025	0.02041	0.07914	0.08142	0.02835	0.29341	0.03341	0.07436	0.02460	0.01371	0.01220	0.00345	0.04214	0.01165	0.00967	0.01613
8	0.08993	0.01834	0.02279	0.01853	0.02534	0.01744	0.01491	0.11175	0.03041	0.36583	0.04017	0.13295	0.03136	0.01620	0.01080	0.00343	0.00882	0.01342	0.01168	0.01589
9	0.04131	0.04086	0.02899	0.02505	0.03145	0.39592	0.01932	0.10164	0.03236	0.14951	0.02295	0.02351	0.01688	0.01159	0.00990	0.00290	0.01599	0.00797	0.00772	0.01419

[dist]
# distance from previous block
# <min> <max>
6	14

[block]
# block no. 1 follows, 13 sequences, length 23
# corresponding to MSA columns:
# 950-972
name=unknown_B
#
# <colnr> <probs for GDERKNQSTAVLIFYWHMCP>
#	G	D	E	R	K	N	Q	S	T	A	V	L	I	F	Y	W	H	M	C	P
0	0.08895	0.08790	0.14817	0.02706	0.07620	0.02970	0.02383	0.23942	0.09421	0.04892	0.02375	0.02497	0.01761	0.01148	0.00979	0.00318	0.01185	0.00876	0.00797	0.01627
1	0.08715	0.02696	0.08372	0.05258	0.41088	0.02507	0.02940	0.03500	0.07994	0.03668	0.02186	0.02647	0.01767	0.01005	0.01011	0.00322	0.01197	0.00922	0.00589	0.01617
2	0.02192	0.01879	0.02192	0.01566	0.02506	0.01409	0.01253	0.02662	0.02192	0.03445	0.01879	0.02192	0.01566	0.00783	0.00783	0.00157	0.00783	0.00626	0.00626	0.69305
3	0.01734	0.01419	0.01953	0.01829	0.01912	0.01750	0.01389	0.01962	0.01630	0.02360	0.02590	0.04469	0.02657	0.22372	0.28224	0.01169	0.17912	0.01196	0.00560	0.00912
4	0.04744	0.01799	0.02454	0.01881	0.02699	0.01554	0.01554	0.05153	0.03026	0.56979	0.04171	0.03599	0.02617	0.01309	0.01063	0.00327	0.00900	0.01063	0.01309	0.01799
5	0.02121	0.05469	0.57364	0.03014	0.04576	0.02455	0.03906	0.03348	0.02232	0.03348	0.01897	0.02232	0.01339	0.01005	0.01005	0.00335	0.01563	0.00781	0.00446	0.01563
6	0.01288	0.00920	0.01227	0.01472	0.01534	0.00859	0.00981	0.01472	0.02024	0.02699	0.05828	0.62152	0.06993	0.03312	0.01350	0.00429	0.00613	0.03006	0.00981	0.00859
7	0.01837	0.00918	0.01377	0.01377	0.01377	0.00918	0.00918	0.01377	0.01377	0.01837	0.01837	0.03214	0.01837	0.03673	0.04132	0.69238	0.00918	0.00918	0.00459	0.00459
8	0.01692	0.01179	0.01568	0.01763	0.02017	0.01162	0.01517	0.02159	0.02408	0.03221	0.05828	0.10898	0.10228	0.02715	0.01363	0.00449	0.00881	0.39633	0.08353	0.00968
9	0.70310	0.02045	0.01554	0.01390	0.02045	0.02372	0.01145	0.03108	0.01799	0.04744	0.01472	0.01718	0.01145	0.00981	0.00654	0.00327	0.00818	0.00573	0.00654	0.01145
10	0.03018	0.02184	0.02402	0.02102	0.02740	0.02432	0.01652	0.05533	0.44903	0.14085	0.04279	0.03881	0.03115	0.01411	0.01074	0.00353	0.00848	0.01171	0.01119	0.01697
11	0.02313	0.02313	0.03238	0.02776	0.02776	0.03238	0.02313	0.02545	0.01619	0.02545	0.01388	0.02313	0.01388	0.01851	0.03470	0.00463	0.60907	0.00925	0.00463	0.01157
12	0.02362	0.01755	0.02105	0.01589	0.02410	0.01359	0.01253	0.02791	0.02263	0.09187	0.02603	0.09549	0.02333	0.01144	0.00882	0.00208	0.00775	0.00960	0.00743	0.53729
13	0.03922	0.03585	0.03159	0.02847	0.07764	0.22760	0.02097	0.28138	0.03923	0.08239	0.02277	0.02390	0.01686	0.01180	0.01020	0.00302	0.01418	0.00862	0.00846	0.01584
14	0.42524	0.01776	0.01626	0.01410	0.02015	0.01916	0.01148	0.03405	0.02143	0.15545	0.02444	0.02569	0.01775	0.01102	0.00758	0.00311	0.00768	0.00760	0.14756	0.01250
15	0.01986	0.01632	0.01979	0.01631	0.02326	0.01305	0.01310	0.02425	0.02220	0.03300	0.03096	0.11339	0.03120	0.01514	0.00986	0.00255	0.00801	0.10594	0.00738	0.47442
16	0.04079	0.03103	0.03085	0.02416	0.03224	0.09764	0.01971	0.42455	0.04552	0.10870	0.02582	0.02562	0.01822	0.01251	0.01046	0.00313	0.01228	0.00930	0.01019	0.01729
17	0.02001	0.08314	0.02523	0.02504	0.11947	0.01878	0.01614	0.02874	0.11534	0.03613	0.20492	0.16952	0.05709	0.01915	0.01140	0.00342	0.00790	0.01692	0.00915	0.01250
18	0.01379	0.01012	0.01294	0.01359	0.01542	0.00927	0.00967	0.01718	0.02516	0.03426	0.29326	0.30977	0.14230	0.02707	0.01290	0.00376	0.00551	0.02410	0.01065	0.00927
19	0.03195	0.02003	0.03036	0.02756	0.09328	0.01923	0.09005	0.10697	0.03058	0.21662	0.12131	0.09402	0.03876	0.01528	0.01144	0.00339	0.01014	0.01382	0.01012	0.01509
20	0.20646	0.15748	0.09532	0.01957	0.02785	0.02747	0.01834	0.13657	0.02750	0.10275	0.02406	0.07048	0.01991	0.01254	0.00889	0.00313	0.01040	0.00928	0.00771	0.01429
21	0.02696	0.03350	0.13110	0.02360	0.03102	0.13936	0.02120	0.04552	0.28874	0.03820	0.08084	0.03562	0.03107	0.01348	0.01053	0.00334	0.01166	0.01076	0.00853	0.01497
22	0.37355	0.21929	0.08133	0.01781	0.02590	0.07496	0.01684	0.03239	0.02046	0.03730	0.01524	0.01774	0.01247	0.00968	0.00719	0.00292	0.01074	0.00599	0.00563	0.01257

[dist]
# distance from previous block
# <min> <max>
1	8

[block]
# block no. 2 follows, 13 sequences, length 8
# corresponding to MSA columns:
# 981-988
name=unknown_C
#
# <colnr> <probs for GDERKNQSTAVLIFYWHMCP>
#	G	D	E	R	K	N	Q	S	T	A	V	L	I	F	Y	W	H	M	C	P
0	0.12621	0.08521	0.02814	0.01978	0.02775	0.02705	0.01636	0.20645	0.13169	0.04834	0.02477	0.02534	0.01887	0.01117	0.00906	0.00282	0.00965	0.00835	0.00849	0.16450
1	0.01288	0.00920	0.01227	0.01472	0.01534	0.00859	0.00981	0.01472	0.02024	0.02699	0.05828	0.62152	0.06993	0.03312	0.01350	0.00429	0.00613	0.03006	0.00981	0.00859
2	0.02650	0.02156	0.03587	0.09255	0.15202	0.02145	0.13566	0.08757	0.02717	0.10049	0.03607	0.11332	0.07184	0.01489	0.01155	0.00349	0.01190	0.01413	0.00777	0.01421
3	0.03320	0.06977	0.15686	0.02525	0.03432	0.02518	0.06077	0.10591	0.06583	0.20315	0.02794	0.02842	0.01960	0.01248	0.01315	0.00341	0.08063	0.00959	0.00850	0.01605
4	0.01978	0.01573	0.02060	0.01936	0.02057	0.01912	0.01483	0.02476	0.09193	0.02831	0.03185	0.17999	0.03265	0.02462	0.02492	0.13711	0.20457	0.01494	0.06431	0.01005
5	0.01334	0.00995	0.01241	0.01347	0.01522	0.00903	0.00947	0.01619	0.02363	0.03138	0.19978	0.36492	0.18513	0.02871	0.01301	0.00388	0.00566	0.02549	0.01029	0.00903
6	0.03244	0.11810	0.11713	0.14032	0.08628	0.02525	0.02425	0.09398	0.02763	0.19444	0.02588	0.02743	0.01818	0.01115	0.00993	0.00316	0.01198	0.00898	0.00786	0.01563
7	0.03408	0.10791	0.08771	0.06397	0.07881	0.02767	0.02207	0.18738	0.09203	0.15172	0.02777	0.02798	0.01988	0.01180	0.01004	0.00316	0.01132	0.00933	0.00886	0.01651

[dist]
# distance from previous block
# <min> <max>
0	1

[block]
# block no. 3 follows, 13 sequences, length 8
# corresponding to MSA columns:
# 990-997
name=unknown_D
#
# <colnr> <probs for GDERKNQSTAVLIFYWHMCP>
#	G	D	E	R	K	N	Q	S	T	A	V	L	I	F	Y	W	H	M	C	P
0	0.02743	0.07259	0.03141	0.08873	0.03346	0.02217	0.06594	0.03197	0.02217	0.15080	0.02455	0.02940	0.01915	0.02296	0.10735	0.00546	0.11887	0.00949	0.00701	0.10909
1	0.02477	0.02112	0.02447	0.06441	0.07049	0.05875	0.01619	0.03149	0.06287	0.07017	0.07289	0.03014	0.02536	0.01052	0.00921	0.00235	0.00935	0.00871	0.00730	0.37943
2	0.03468	0.03263	0.14146	0.02929	0.03935	0.07363	0.15153	0.12540	0.03073	0.19388	0.02705	0.02811	0.01859	0.01117	0.01089	0.00330	0.01388	0.01003	0.00834	0.01607
3	0.02252	0.01597	0.01960	0.01844	0.02131	0.01770	0.01403	0.07214	0.10293	0.08127	0.04274	0.28507	0.04340	0.02257	0.01515	0.00387	0.09690	0.01879	0.07356	0.01204
4	0.01288	0.00920	0.01227	0.01472	0.01534	0.00859	0.00981	0.01472	0.02024	0.02699	0.05828	0.62152	0.06993	0.03312	0.01350	0.00429	0.00613	0.03006	0.00981	0.00859
5	0.70310	0.02045	0.01554	0.01390	0.02045	0.02372	0.01145	0.03108	0.01799	0.04744	0.01472	0.01718	0.01145	0.00981	0.00654	0.00327	0.00818	0.00573	0.00654	0.01145
6	0.10275	0.11995	0.15328	0.02126	0.03112	0.02383	0.02124	0.08376	0.02763	0.27139	0.02843	0.02726	0.01922	0.01143	0.00951	0.00313	0.01099	0.00867	0.00899	0.01615
7	0.02690	0.01982	0.03222	0.26405	0.20710	0.02137	0.02593	0.03279	0.02346	0.13824	0.02468	0.03046	0.01855	0.01752	0.06744	0.00469	0.01401	0.00984	0.00664	0.01430

[dist]
# distance from previous block
# <min> <max>
6	11

[block]
# block no. 4 follows, 13 sequences, length 35
# corresponding to MSA columns:
# 1009-1043
name=unknown_E
#
# <colnr> <probs for GDERKNQSTAVLIFYWHMCP>
#	G	D	E	R	K	N	Q	S	T	A	V	L	I	F	Y	W	H	M	C	P
0	0.02810	0.40684	0.05296	0.02495	0.03351	0.03714	0.12412	0.07154	0.02403	0.03017	0.01688	0.02058	0.01447	0.01013	0.01069	0.00281	0.06431	0.00770	0.00519	0.01390
1	0.01325	0.00964	0.01250	0.01411	0.01534	0.00888	0.00970	0.01577	0.02244	0.03010	0.15886	0.47323	0.11635	0.03037	0.01321	0.00405	0.00585	0.02730	0.01017	0.00888
2	0.02192	0.01879	0.02192	0.01566	0.02506	0.01409	0.01253	0.02662	0.02192	0.03445	0.01879	0.02192	0.01566	0.00783	0.00783	0.00157	0.00783	0.00626	0.00626	0.69305
3	0.01530	0.01057	0.01314	0.01314	0.01370	0.01112	0.00841	0.01641	0.01585	0.02169	0.03184	0.06104	0.03490	0.46658	0.21082	0.01224	0.01558	0.01418	0.00619	0.00730
4	0.01288	0.00920	0.01227	0.01472	0.01534	0.00859	0.00981	0.01472	0.02024	0.02699	0.05828	0.62152	0.06993	0.03312	0.01350	0.00429	0.00613	0.03006	0.00981	0.00859
5	0.01692	0.01230	0.01454	0.01504	0.01650	0.01273	0.01053	0.02257	0.09590	0.02718	0.04306	0.16117	0.04681	0.32826	0.03353	0.00729	0.00923	0.10930	0.00823	0.00892
6	0.02617	0.02512	0.04292	0.06490	0.56246	0.02512	0.03245	0.03245	0.02407	0.03454	0.01989	0.02617	0.01675	0.00942	0.01047	0.00314	0.01256	0.00942	0.00523	0.01675
7	0.01471	0.01092	0.01379	0.01343	0.01611	0.01000	0.01031	0.01927	0.02832	0.03883	0.42602	0.08706	0.17975	0.02330	0.01268	0.00352	0.00552	0.06559	0.01112	0.00976
8	0.01288	0.00920	0.01227	0.01472	0.01534	0.00859	0.00981	0.01472	0.02024	0.02699	0.05828	0.62152	0.06993	0.03312	0.01350	0.00429	0.00613	0.03006	0.00981	0.00859
9	0.04019	0.02962	0.03173	0.02433	0.03279	0.03279	0.02010	0.52721	0.04971	0.06663	0.02538	0.02538	0.01798	0.01269	0.01058	0.00317	0.01163	0.00952	0.01058	0.01798
10	0.01496	0.01081	0.01413	0.01330	0.01580	0.00998	0.00998	0.01995	0.02993	0.04240	0.55689	0.07898	0.09976	0.02162	0.01247	0.00333	0.00499	0.01912	0.01164	0.00998
11	0.18456	0.01995	0.02472	0.02214	0.07224	0.01932	0.01645	0.07900	0.02849	0.37705	0.03294	0.03039	0.02165	0.01205	0.00974	0.00325	0.00932	0.00941	0.01084	0.01649
12	0.02550	0.02427	0.03935	0.10632	0.36020	0.02534	0.06844	0.03708	0.13432	0.03582	0.02483	0.02938	0.01974	0.01054	0.01070	0.00331	0.01224	0.01020	0.00637	0.01606
13	0.04744	0.01799	0.02454	0.01881	0.02699	0.01554	0.01554	0.05153	0.03026	0.56979	0.04171	0.03599	0.02617	0.01309	0.01063	0.00327	0.00900	0.01063	0.01309	0.01799
14	0.01288	0.00920	0.01227	0.01472	0.01534	0.00859	0.00981	0.01472	0.02024	0.02699	0.05828	0.62152	0.06993	0.03312	0.01350	0.00429	0.00613	0.03006	0.00981	0.00859
15	0.04019	0.02962	0.03173	0.02433	0.03279	0.03279	0.02010	0.52721	0.04971	0.06663	0.02538	0.02538	0.01798	0.01269	0.01058	0.00317	0.01163	0.00952	0.01058	0.01798
16	0.01297	0.01073	0.01137	0.01121	0.01457	0.00913	0.00841	0.01610	0.02523	0.03124	0.19417	0.09735	0.46944	0.02578	0.01249	0.00352	0.00528	0.02170	0.01017	0.00913
17	0.02496	0.02852	0.06239	0.04456	0.05526	0.02674	0.52406	0.03387	0.02496	0.03387	0.02139	0.02852	0.01604	0.00891	0.01248	0.00357	0.01783	0.01248	0.00535	0.01426
18	0.04318	0.02483	0.02877	0.02206	0.03040	0.02568	0.01822	0.33126	0.04170	0.27390	0.03211	0.02975	0.02136	0.01285	0.01060	0.00321	0.01055	0.00998	0.01161	0.01799
19	0.02313	0.02313	0.03238	0.02776	0.02776	0.03238	0.02313	0.02545	0.01619	0.02545	0.01388	0.02313	0.01388	0.01851	0.03470	0.00463	0.60907	0.00925	0.00463	0.01157
20	0.02192	0.01879	0.02192	0.01566	0.02506	0.01409	0.01253	0.02662	0.02192	0.03445	0.01879	0.02192	0.01566	0.00783	0.00783	0.00157	0.00783	0.00626	0.00626	0.69305
21	0.02827	0.63478	0.05540	0.01809	0.02714	0.04184	0.01809	0.03166	0.02148	0.02488	0.01470	0.01696	0.01357	0.00905	0.00678	0.00226	0.01131	0.00565	0.00452	0.01357
22	0.02617	0.02512	0.04292	0.06490	0.56246	0.02512	0.03245	0.03245	0.02407	0.03454	0.01989	0.02617	0.01675	0.00942	0.01047	0.00314	0.01256	0.00942	0.00523	0.01675
23	0.03523	0.02462	0.07620	0.03351	0.12568	0.02117	0.13580	0.04331	0.06565	0.27895	0.03183	0.03189	0.02180	0.01139	0.01099	0.00335	0.01204	0.01074	0.00919	0.01667
24	0.01288	0.00920	0.01227	0.01472	0.01534	0.00859	0.00981	0.01472	0.02024	0.02699	0.05828	0.62152	0.06993	0.03312	0.01350	0.00429	0.00613	0.03006	0.00981	0.00859
25	0.04744	0.01799	0.02454	0.01881	0.02699	0.01554	0.01554	0.05153	0.03026	0.56979	0.04171	0.03599	0.02617	0.01309	0.01063	0.00327	0.00900	0.01063	0.01309	0.01799
26	0.02543	0.03975	0.34105	0.03131	0.09056	0.02199	0.07235	0.03488	0.02467	0.11702	0.07503	0.03082	0.02430	0.01148	0.01061	0.00333	0.01346	0.00989	0.00664	0.01544
27	0.02335	0.02633	0.09334	0.24428	0.26182	0.02476	0.11110	0.03090	0.02303	0.03173	0.01966	0.02687	0.01539	0.00980	0.01079	0.00336	0.01423	0.00975	0.00499	0.01451
28	0.01288	0.00920	0.01227	0.01472	0.01534	0.00859	0.00981	0.01472	0.02024	0.02699	0.05828	0.62152	0.06993	0.03312	0.01350	0.00429	0.00613	0.03006	0.00981	0.00859
29	0.02313	0.02313	0.03238	0.02776	0.02776	0.03238	0.02313	0.02545	0.01619	0.02545	0.01388	0.02313	0.01388	0.01851	0.03470	0.00463	0.60907	0.00925	0.00463	0.01157
30	0.03600	0.02614	0.12301	0.07231	0.11691	0.01999	0.06405	0.04240	0.02690	0.31597	0.03128	0.03104	0.02090	0.01150	0.01065	0.00331	0.01173	0.01003	0.00922	0.01665
31	0.02858	0.15992	0.15401	0.08639	0.08559	0.02931	0.10935	0.11780	0.02781	0.07230	0.02113	0.02454	0.01585	0.01030	0.00998	0.00312	0.01356	0.00890	0.00632	0.01524
32	0.02636	0.08620	0.03630	0.16347	0.15337	0.12410	0.02558	0.03076	0.02185	0.02777	0.01677	0.02363	0.01447	0.01257	0.01712	0.00351	0.18970	0.00856	0.00490	0.01303
33	0.02192	0.01879	0.02192	0.01566	0.02506	0.01409	0.01253	0.02662	0.02192	0.03445	0.01879	0.02192	0.01566	0.00783	0.00783	0.00157	0.00783	0.00626	0.00626	0.69305
34	0.02716	0.08618	0.20398	0.04152	0.24269	0.06793	0.03049	0.03433	0.02366	0.07134	0.02009	0.02420	0.01571	0.01060	0.01168	0.00321	0.05573	0.00850	0.00549	0.01553

[dist]
# distance from previous block
# <min> <max>
0	2

[block]
# block no. 5 follows, 13 sequences, length 16
# corresponding to MSA columns:
# 1046-1061
name=unknown_F
#
# <colnr> <probs for GDERKNQSTAVLIFYWHMCP>
#	G	D	E	R	K	N	Q	S	T	A	V	L	I	F	Y	W	H	M	C	P
0	0.02196	0.01554	0.01691	0.01666	0.01983	0.06766	0.01268	0.02542	0.02577	0.11631	0.16521	0.24265	0.09760	0.02423	0.01251	0.00379	0.00806	0.08601	0.01029	0.01092
1	0.01510	0.01133	0.01699	0.01699	0.01888	0.01322	0.01322	0.01888	0.01699	0.02454	0.02832	0.04154	0.02643	0.07930	0.58652	0.01699	0.02832	0.01133	0.00566	0.00944
2	0.02923	0.02191	0.03432	0.09997	0.30872	0.02104	0.02515	0.03486	0.02469	0.14502	0.02412	0.02767	0.01825	0.01002	0.01005	0.00293	0.01114	0.00912	0.00699	0.13480
3	0.02827	0.63478	0.05540	0.01809	0.02714	0.04184	0.01809	0.03166	0.02148	0.02488	0.01470	0.01696	0.01357	0.00905	0.00678	0.00226	0.01131	0.00565	0.00452	0.01357
4	0.03396	0.28117	0.03716	0.01785	0.02665	0.02645	0.01600	0.03788	0.02479	0.22617	0.02543	0.02495	0.01861	0.01027	0.00841	0.00249	0.00974	0.00760	0.00802	0.15640
5	0.03950	0.05039	0.02996	0.02724	0.03269	0.58597	0.02043	0.04222	0.02996	0.02588	0.01634	0.01907	0.01362	0.01090	0.00953	0.00272	0.01907	0.00681	0.00545	0.01226
6	0.02313	0.02313	0.03238	0.02776	0.02776	0.03238	0.02313	0.02545	0.01619	0.02545	0.01388	0.02313	0.01388	0.01851	0.03470	0.00463	0.60907	0.00925	0.00463	0.01157
7	0.02617	0.02512	0.04292	0.06490	0.56246	0.02512	0.03245	0.03245	0.02407	0.03454	0.01989	0.02617	0.01675	0.00942	0.01047	0.00314	0.01256	0.00942	0.00523	0.01675
8	0.02192	0.01879	0.02192	0.01566	0.02506	0.01409	0.01253	0.02662	0.02192	0.03445	0.01879	0.02192	0.01566	0.00783	0.00783	0.00157	0.00783	0.00626	0.00626	0.69305
9	0.02121	0.05469	0.57364	0.03014	0.04576	0.02455	0.03906	0.03348	0.02232	0.03348	0.01897	0.02232	0.01339	0.01005	0.01005	0.00335	0.01563	0.00781	0.00446	0.01563
10	0.01704	0.01217	0.01704	0.01947	0.02191	0.01217	0.01704	0.02191	0.02434	0.03164	0.05598	0.11926	0.06085	0.02921	0.01460	0.00487	0.00974	0.49130	0.00974	0.00974
11	0.04138	0.01808	0.02353	0.01874	0.02608	0.01668	0.01523	0.04946	0.10803	0.44383	0.08711	0.04028	0.03355	0.01403	0.01081	0.00332	0.00855	0.01158	0.01261	0.01710
12	0.01303	0.00947	0.01230	0.01426	0.01529	0.00874	0.00968	0.01522	0.02141	0.02846	0.10580	0.53098	0.11315	0.03159	0.01332	0.00415	0.00597	0.02846	0.00997	0.00874
13	0.04246	0.01653	0.02190	0.01720	0.02436	0.01452	0.01408	0.04670	0.02881	0.47465	0.04042	0.03660	0.02634	0.01295	0.01005	0.00313	0.00827	0.01049	0.13399	0.01653
14	0.01371	0.00984	0.01301	0.01415	0.01552	0.00914	0.00988	0.01681	0.02411	0.03314	0.25739	0.40486	0.08184	0.02853	0.01309	0.00391	0.00568	0.02569	0.01054	0.00914
15	0.03377	0.02643	0.02812	0.02303	0.03034	0.02979	0.01854	0.30954	0.27783	0.05628	0.03354	0.03188	0.02459	0.01346	0.01066	0.00336	0.01012	0.01064	0.01066	0.01741

[dist]
# distance from previous block
# <min> <max>
0	1

[block]
# block no. 6 follows, 13 sequences, length 13
# corresponding to MSA columns:
# 1063-1075
name=unknown_G
#
# <colnr> <probs for GDERKNQSTAVLIFYWHMCP>
#	G	D	E	R	K	N	Q	S	T	A	V	L	I	F	Y	W	H	M	C	P
0	0.02339	0.17718	0.24535	0.07546	0.03815	0.02671	0.02609	0.03345	0.07389	0.03214	0.02032	0.02323	0.01580	0.00987	0.00899	0.00280	0.01229	0.00757	0.00546	0.14185
1	0.01538	0.01025	0.01153	0.01153	0.01153	0.01025	0.00641	0.01538	0.01538	0.02050	0.03331	0.06919	0.03844	0.62842	0.05382	0.01025	0.01025	0.01538	0.00641	0.00641
2	0.02121	0.05469	0.57364	0.03014	0.04576	0.02455	0.03906	0.03348	0.02232	0.03348	0.01897	0.02232	0.01339	0.01005	0.01005	0.00335	0.01563	0.00781	0.00446	0.01563
3	0.04662	0.01931	0.02535	0.01944	0.02765	0.01749	0.01606	0.10544	0.03247	0.51276	0.03986	0.03479	0.02524	0.01304	0.01063	0.00326	0.00930	0.01051	0.01280	0.01799
4	0.01411	0.01008	0.01368	0.01612	0.01727	0.00965	0.01195	0.01684	0.02145	0.02836	0.05760	0.47328	0.06725	0.03197	0.01382	0.00446	0.00720	0.16619	0.00979	0.00893
5	0.02575	0.01569	0.01631	0.01413	0.01836	0.01662	0.01114	0.17297	0.03030	0.04745	0.03180	0.03528	0.02441	0.01243	0.00833	0.00267	0.00691	0.00976	0.48744	0.01225
6	0.61190	0.02171	0.01777	0.01534	0.02215	0.02497	0.01264	0.09934	0.02236	0.05008	0.01619	0.01831	0.01235	0.01021	0.00710	0.00326	0.00865	0.00625	0.00710	0.01235
7	0.01538	0.01025	0.01153	0.01153	0.01153	0.01025	0.00641	0.01538	0.01538	0.02050	0.03331	0.06919	0.03844	0.62842	0.05382	0.01025	0.01025	0.01538	0.00641	0.00641
8	0.02903	0.01472	0.01859	0.01561	0.02077	0.01350	0.01238	0.06602	0.03023	0.24186	0.24163	0.05868	0.10945	0.01767	0.01129	0.00326	0.00699	0.01494	0.05996	0.01343
9	0.03043	0.02863	0.09383	0.02114	0.02939	0.07831	0.01875	0.16167	0.09458	0.08354	0.02672	0.02776	0.01989	0.01136	0.00950	0.00279	0.01073	0.00878	0.08528	0.15693
10	0.07750	0.02346	0.08275	0.02253	0.02721	0.02382	0.01983	0.03405	0.08519	0.13395	0.03213	0.07599	0.05448	0.01699	0.01960	0.00392	0.23357	0.01174	0.00780	0.01346
11	0.03099	0.17015	0.14852	0.07479	0.03597	0.08986	0.02288	0.07181	0.02628	0.13011	0.02227	0.02393	0.01642	0.01047	0.00921	0.00283	0.01258	0.00783	0.00681	0.08628
12	0.02532	0.10615	0.28535	0.03042	0.09321	0.02487	0.06431	0.03566	0.06254	0.08758	0.06311	0.02944	0.02310	0.01127	0.01019	0.00323	0.01298	0.00950	0.00648	0.01531

[dist]
# distance from previous block
# <min> <max>
4	10

[block]
# block no. 7 follows, 13 sequences, length 13
# corresponding to MSA columns:
# 1086-1098
name=unknown_H
#
# <colnr> <probs for GDERKNQSTAVLIFYWHMCP>
#	G	D	E	R	K	N	Q	S	T	A	V	L	I	F	Y	W	H	M	C	P
0	0.10476	0.02446	0.08125	0.14145	0.09342	0.02246	0.02258	0.11281	0.02870	0.22346	0.02739	0.02852	0.01877	0.01151	0.01011	0.00330	0.01134	0.00931	0.00870	0.01570
1	0.01928	0.01473	0.01905	0.01730	0.01910	0.01724	0.01354	0.02435	0.06095	0.03481	0.21728	0.04853	0.04929	0.02010	0.02055	0.07567	0.17185	0.01314	0.13291	0.01033
2	0.02173	0.02867	0.17371	0.01964	0.03075	0.01697	0.01983	0.02851	0.02203	0.03419	0.01884	0.02203	0.01504	0.00844	0.00844	0.00206	0.00997	0.00669	0.00577	0.50669
3	0.02121	0.05469	0.57364	0.03014	0.04576	0.02455	0.03906	0.03348	0.02232	0.03348	0.01897	0.02232	0.01339	0.01005	0.01005	0.00335	0.01563	0.00781	0.00446	0.01563
4	0.01319	0.00951	0.01200	0.01386	0.01470	0.00885	0.00915	0.01486	0.01997	0.02625	0.05991	0.49028	0.11666	0.11527	0.01900	0.00505	0.00663	0.02720	0.00934	0.00832
5	0.13010	0.01962	0.02756	0.13508	0.12005	0.01970	0.02026	0.04104	0.02586	0.30995	0.03018	0.03034	0.02036	0.01157	0.01003	0.00330	0.01041	0.00952	0.00935	0.01571
6	0.07526	0.02569	0.13554	0.18311	0.04351	0.02084	0.06386	0.05902	0.02431	0.11609	0.02909	0.12428	0.02512	0.01447	0.01081	0.00354	0.01204	0.01264	0.00730	0.01349
7	0.01945	0.01099	0.01404	0.01397	0.01650	0.01018	0.01020	0.02309	0.02482	0.10763	0.19876	0.27507	0.06493	0.02319	0.01168	0.00353	0.00596	0.02048	0.13502	0.01051
8	0.02505	0.01519	0.01785	0.01549	0.02016	0.01491	0.01214	0.08257	0.08321	0.13988	0.22053	0.05922	0.12469	0.01783	0.01108	0.00324	0.00681	0.01501	0.10232	0.01283
9	0.61295	0.02169	0.01774	0.01532	0.02213	0.02495	0.01263	0.09855	0.02231	0.05005	0.01617	0.01829	0.01234	0.01021	0.00709	0.00326	0.00865	0.00624	0.00709	0.01234
10	0.02635	0.22669	0.14961	0.08450	0.03794	0.02867	0.07904	0.07138	0.02519	0.07182	0.02913	0.03135	0.07137	0.01181	0.00965	0.00304	0.01244	0.00964	0.00629	0.01407
11	0.03199	0.11485	0.17696	0.08557	0.04057	0.02393	0.09491	0.03908	0.02530	0.22385	0.02685	0.02795	0.01844	0.01089	0.01020	0.00322	0.01280	0.00934	0.00771	0.01560
12	0.02982	0.10881	0.10637	0.05432	0.03303	0.02201	0.07877	0.03538	0.02431	0.19727	0.03069	0.09013	0.02469	0.01382	0.01172	0.00331	0.04706	0.01157	0.06268	0.01427

[dist]
# distance from previous block
# <min> <max>
8	19

[block]
# block no. 8 follows, 13 sequences, length 34
# corresponding to MSA columns:
# 1118-1151
name=unknown_I
#
# <colnr> <probs for GDERKNQSTAVLIFYWHMCP>
#	G	D	E	R	K	N	Q	S	T	A	V	L	I	F	Y	W	H	M	C	P
0	0.07889	0.02271	0.03133	0.11405	0.08493	0.02482	0.06885	0.18328	0.03129	0.07745	0.06902	0.07071	0.02710	0.01403	0.01242	0.00346	0.05135	0.01172	0.00821	0.01437
1	0.02407	0.02248	0.03559	0.18131	0.32300	0.02317	0.02747	0.03218	0.06458	0.03352	0.02131	0.02707	0.01720	0.00985	0.01012	0.00303	0.01188	0.00914	0.00570	0.11733
2	0.08872	0.10739	0.03489	0.14121	0.11583	0.02367	0.05613	0.03821	0.02495	0.22771	0.02657	0.02826	0.01873	0.01093	0.00984	0.00318	0.01139	0.00923	0.00800	0.01516
3	0.04072	0.02175	0.06934	0.08014	0.03551	0.01802	0.06492	0.04615	0.02828	0.42731	0.03590	0.03352	0.02310	0.01223	0.01075	0.00333	0.01080	0.01047	0.01091	0.01686
4	0.01523	0.01174	0.01622	0.02046	0.08272	0.01124	0.01257	0.01770	0.02074	0.02753	0.05445	0.36791	0.10642	0.11844	0.01917	0.00502	0.00779	0.06650	0.00873	0.00941
5	0.02495	0.02489	0.04547	0.14330	0.37572	0.02523	0.13990	0.03192	0.02382	0.03324	0.02005	0.02700	0.01618	0.00949	0.01092	0.00329	0.01395	0.01009	0.00518	0.01543
6	0.10179	0.01981	0.02812	0.10872	0.03561	0.02017	0.06630	0.07326	0.05616	0.27197	0.03140	0.03222	0.02174	0.01805	0.06279	0.00460	0.01243	0.01020	0.00946	0.01520
7	0.03067	0.01418	0.01905	0.01613	0.02123	0.01257	0.01268	0.03493	0.02921	0.29908	0.25942	0.10730	0.06104	0.01849	0.01166	0.00339	0.00705	0.01596	0.01218	0.01377
8	0.01538	0.01025	0.01153	0.01153	0.01153	0.01025	0.00641	0.01538	0.01538	0.02050	0.03331	0.06919	0.03844	0.62842	0.05382	0.01025	0.01025	0.01538	0.00641	0.00641
9	0.02877	0.02335	0.02949	0.02460	0.03053	0.02663	0.06663	0.08198	0.32898	0.09430	0.03522	0.03463	0.02635	0.01420	0.01448	0.00368	0.09939	0.01130	0.00954	0.01594
10	0.04056	0.02577	0.07162	0.02567	0.07817	0.07424	0.02023	0.07564	0.02932	0.35775	0.03258	0.03084	0.02175	0.01264	0.01207	0.00330	0.05117	0.00977	0.01022	0.01671
11	0.01359	0.00975	0.01290	0.01424	0.01549	0.00906	0.00987	0.01650	0.02354	0.03223	0.22782	0.43704	0.08007	0.02921	0.01315	0.00396	0.00574	0.02634	0.01044	0.00906
12	0.01704	0.01217	0.01704	0.01947	0.02191	0.01217	0.01704	0.02191	0.02434	0.03164	0.05598	0.11926	0.06085	0.02921	0.01460	0.00487	0.00974	0.49130	0.00974	0.00974
13	0.02761	0.02039	0.02372	0.07837	0.03082	0.02280	0.01718	0.04881	0.36707	0.11954	0.04181	0.09076	0.03298	0.01549	0.01097	0.00360	0.00883	0.01315	0.01042	0.01569
14	0.04098	0.01610	0.02112	0.01672	0.02357	0.01422	0.01364	0.04526	0.02838	0.44619	0.04003	0.03679	0.02639	0.01291	0.00988	0.00308	0.00805	0.01045	0.17016	0.01610
15	0.02488	0.23118	0.22118	0.02192	0.03326	0.02782	0.02384	0.06209	0.02367	0.03305	0.01794	0.02067	0.01436	0.00928	0.00842	0.00250	0.01185	0.00680	0.00536	0.19993
16	0.08152	0.02310	0.03494	0.03726	0.21241	0.02218	0.08163	0.08344	0.02723	0.15604	0.02484	0.02723	0.01830	0.01027	0.01007	0.00300	0.01128	0.00931	0.00774	0.11822
17	0.13099	0.16455	0.20205	0.02153	0.03213	0.02637	0.02286	0.06934	0.02455	0.11627	0.02123	0.02260	0.01559	0.01021	0.00871	0.00290	0.01152	0.00742	0.00669	0.08249
18	0.02512	0.02649	0.13327	0.20827	0.12480	0.02239	0.02661	0.03602	0.10323	0.10007	0.06535	0.03320	0.02497	0.01200	0.01063	0.00340	0.01198	0.01036	0.00721	0.01464
19	0.01957	0.01187	0.01535	0.01387	0.01732	0.01070	0.01061	0.02420	0.02940	0.11988	0.43509	0.07482	0.13438	0.02085	0.01220	0.00334	0.00562	0.01817	0.01167	0.01107
20	0.03302	0.02963	0.16655	0.02847	0.07920	0.02167	0.07198	0.04460	0.12281	0.24188	0.03251	0.03169	0.02236	0.01185	0.01067	0.00337	0.01168	0.01025	0.00910	0.01671
21	0.03273	0.07639	0.10504	0.07391	0.08221	0.02365	0.02256	0.04169	0.09629	0.23117	0.02989	0.03019	0.02114	0.01251	0.01262	0.00338	0.07048	0.00966	0.00863	0.01586
22	0.03280	0.02296	0.10750	0.02171	0.02907	0.01820	0.05597	0.03842	0.02510	0.27542	0.03209	0.03319	0.02255	0.01799	0.05842	0.00440	0.06616	0.01016	0.11304	0.01485
23	0.01427	0.01055	0.01333	0.01312	0.01549	0.00961	0.00965	0.01843	0.02758	0.03796	0.41307	0.16379	0.16570	0.02413	0.01263	0.00351	0.00522	0.02125	0.01109	0.00961
24	0.02523	0.07581	0.18445	0.26614	0.05363	0.02549	0.06396	0.07341	0.02490	0.07717	0.02116	0.02617	0.01532	0.01058	0.01028	0.00333	0.01395	0.00901	0.00585	0.01416
25	0.06953	0.01836	0.02457	0.17017	0.03722	0.01933	0.01846	0.07108	0.07872	0.23170	0.07074	0.08382	0.03103	0.01460	0.01076	0.00345	0.00987	0.01229	0.00977	0.01454
26	0.01745	0.01094	0.01488	0.01654	0.01843	0.01033	0.01253	0.02042	0.02244	0.08062	0.05599	0.41453	0.06300	0.03002	0.01355	0.00437	0.00749	0.16652	0.01011	0.00984
27	0.02029	0.01725	0.05847	0.06655	0.02740	0.01506	0.06502	0.02751	0.06162	0.07577	0.18515	0.10819	0.09291	0.01767	0.01124	0.00337	0.00840	0.01570	0.11068	0.01176
28	0.03117	0.02941	0.14047	0.09036	0.17560	0.02413	0.02676	0.11380	0.07147	0.15088	0.02690	0.02862	0.01926	0.01133	0.01047	0.00329	0.01209	0.00957	0.00794	0.01649
29	0.01997	0.01879	0.03171	0.60301	0.07282	0.02349	0.02936	0.02701	0.02114	0.02701	0.01879	0.02819	0.01409	0.01057	0.01057	0.00352	0.01409	0.00940	0.00470	0.01175
30	0.01445	0.01087	0.01354	0.01483	0.01649	0.01053	0.01036	0.01953	0.07236	0.03109	0.13562	0.44078	0.11155	0.02906	0.01299	0.00402	0.00611	0.02603	0.01018	0.00961
31	0.02631	0.02709	0.10936	0.11115	0.15983	0.02495	0.07458	0.08049	0.02509	0.07871	0.02385	0.06811	0.02005	0.01333	0.01467	0.00359	0.10682	0.01102	0.00647	0.01454
32	0.08015	0.12428	0.08058	0.06091	0.03239	0.02438	0.01950	0.11670	0.02968	0.28389	0.02942	0.02828	0.01992	0.01171	0.00968	0.00312	0.01069	0.00900	0.00952	0.01621
33	0.02561	0.07859	0.19416	0.03025	0.11621	0.02142	0.06655	0.03270	0.02477	0.12245	0.08197	0.07293	0.05884	0.01379	0.01074	0.00330	0.01168	0.01206	0.00743	0.01455

[dist]
# distance from previous block
# <min> <max>
1	16

[block]
# block no. 9 follows, 13 sequences, length 18
# corresponding to MSA columns:
# 1168-1185
name=unknown_J
#
# <colnr> <probs for GDERKNQSTAVLIFYWHMCP>
#	G	D	E	R	K	N	Q	S	T	A	V	L	I	F	Y	W	H	M	C	P
0	0.08326	0.07828	0.06961	0.02576	0.03409	0.02694	0.12289	0.15641	0.12315	0.07951	0.06982	0.03203	0.02613	0.01225	0.01048	0.00329	0.01157	0.01068	0.00856	0.01530
1	0.01764	0.06220	0.02106	0.06307	0.06830	0.01539	0.01454	0.05388	0.02277	0.03021	0.04639	0.43825	0.05325	0.02613	0.01229	0.00390	0.00805	0.02343	0.00868	0.01056
2	0.03493	0.11717	0.03214	0.06939	0.03289	0.02855	0.01890	0.20972	0.15251	0.14981	0.03044	0.02962	0.02186	0.01242	0.01005	0.00318	0.01052	0.00969	0.00970	0.01651
3	0.03143	0.07933	0.15142	0.02133	0.03166	0.02222	0.02096	0.11853	0.02863	0.16635	0.02506	0.02554	0.01787	0.01050	0.00937	0.00270	0.01079	0.00815	0.00806	0.21009
4	0.02093	0.01930	0.03048	0.22062	0.17353	0.02237	0.02438	0.02641	0.02303	0.03225	0.14554	0.03876	0.03500	0.01439	0.01552	0.00359	0.12322	0.01168	0.00646	0.01255
5	0.02153	0.18919	0.33661	0.02402	0.03529	0.02585	0.02821	0.02990	0.02267	0.03162	0.07481	0.08407	0.02739	0.01315	0.00981	0.00317	0.01260	0.01053	0.00570	0.01389
6	0.10126	0.02096	0.02833	0.07079	0.07540	0.02133	0.05295	0.11005	0.07177	0.23734	0.03314	0.07675	0.02506	0.01359	0.01056	0.00339	0.01032	0.01155	0.00980	0.01565
7	0.01288	0.00920	0.01227	0.01472	0.01534	0.00859	0.00981	0.01472	0.02024	0.02699	0.05828	0.62152	0.06993	0.03312	0.01350	0.00429	0.00613	0.03006	0.00981	0.00859
8	0.03521	0.01697	0.02162	0.01801	0.02386	0.01609	0.01437	0.07840	0.06441	0.31999	0.08261	0.05184	0.03711	0.10306	0.01733	0.00444	0.00909	0.05947	0.01133	0.01479
9	0.01436	0.01036	0.01416	0.07227	0.02080	0.01030	0.01155	0.01728	0.02143	0.02953	0.10017	0.46129	0.06363	0.02802	0.01259	0.00397	0.00671	0.02525	0.06718	0.00914
10	0.01997	0.01879	0.03171	0.60301	0.07282	0.02349	0.02936	0.02701	0.02114	0.02701	0.01879	0.02819	0.01409	0.01057	0.01057	0.00352	0.01409	0.00940	0.00470	0.01175
11	0.01288	0.00920	0.01227	0.01472	0.01534	0.00859	0.00981	0.01472	0.02024	0.02699	0.05828	0.62152	0.06993	0.03312	0.01350	0.00429	0.00613	0.03006	0.00981	0.00859
12	0.03010	0.09400	0.07582	0.02558	0.03238	0.26655	0.10318	0.03517	0.02596	0.03076	0.02132	0.02528	0.01704	0.01064	0.00932	0.00281	0.01467	0.00841	0.15857	0.01244
13	0.11909	0.03221	0.23266	0.12034	0.04006	0.02193	0.02592	0.03527	0.07244	0.10913	0.02688	0.07297	0.02124	0.01274	0.01007	0.00345	0.01198	0.01032	0.00701	0.01428
14	0.02496	0.02852	0.06239	0.04456	0.05526	0.02674	0.52406	0.03387	0.02496	0.03387	0.02139	0.02852	0.01604	0.00891	0.01248	0.00357	0.01783	0.01248	0.00535	0.01426
15	0.01516	0.01113	0.01597	0.01597	0.01750	0.01266	0.01194	0.01822	0.01669	0.02379	0.02926	0.04673	0.02869	0.18236	0.48654	0.01573	0.02493	0.01209	0.00580	0.00887
16	0.02192	0.01879	0.02192	0.01566	0.02506	0.01409	0.01253	0.02662	0.02192	0.03445	0.01879	0.02192	0.01566	0.00783	0.00783	0.00157	0.00783	0.00626	0.00626	0.69305
17	0.35341	0.18425	0.03050	0.02364	0.11270	0.02756	0.01661	0.03013	0.02013	0.03759	0.01912	0.06775	0.01766	0.01144	0.00783	0.00306	0.00958	0.00830	0.00605	0.01267

[dist]
# distance from previous block
# <min> <max>
0	1

[block]
# block no. 10 follows, 13 sequences, length 82
# corresponding to MSA columns:
# 1187-1268
name=unknown_K
#
# <colnr> <probs for GDERKNQSTAVLIFYWHMCP>
#	G	D	E	R	K	N	Q	S	T	A	V	L	I	F	Y	W	H	M	C	P
0	0.02827	0.63478	0.05540	0.01809	0.02714	0.04184	0.01809	0.03166	0.02148	0.02488	0.01470	0.01696	0.01357	0.00905	0.00678	0.00226	0.01131	0.00565	0.00452	0.01357
1	0.01496	0.01081	0.01413	0.01330	0.01580	0.00998	0.00998	0.01995	0.02993	0.04240	0.55689	0.07898	0.09976	0.02162	0.01247	0.00333	0.00499	0.01912	0.01164	0.00998
2	0.70310	0.02045	0.01554	0.01390	0.02045	0.02372	0.01145	0.03108	0.01799	0.04744	0.01472	0.01718	0.01145	0.00981	0.00654	0.00327	0.00818	0.00573	0.00654	0.01145
3	0.01913	0.01161	0.01511	0.01409	0.01722	0.01050	0.01061	0.02339	0.02822	0.11454	0.38223	0.14889	0.11856	0.02235	0.01235	0.00347	0.00574	0.01964	0.01146	0.01085
4	0.01430	0.01005	0.01311	0.01504	0.01590	0.00970	0.01060	0.01638	0.02006	0.02657	0.05241	0.39661	0.06123	0.16062	0.02242	0.00570	0.00778	0.12410	0.00906	0.00836
5	0.03143	0.01826	0.02005	0.01648	0.02200	0.01902	0.01325	0.21032	0.03338	0.13200	0.03233	0.03382	0.02366	0.01257	0.00905	0.00285	0.00798	0.00985	0.33765	0.01406
6	0.04612	0.02011	0.02584	0.01981	0.02804	0.01868	0.01637	0.13800	0.03380	0.47832	0.03874	0.03406	0.02468	0.01301	0.01062	0.00325	0.00948	0.01043	0.01263	0.01799
7	0.01574	0.01040	0.01345	0.01336	0.01406	0.01076	0.00882	0.01643	0.01701	0.02338	0.08360	0.05785	0.03876	0.34339	0.17408	0.11757	0.01383	0.01383	0.00648	0.00721
8	0.01463	0.01010	0.01230	0.01276	0.01347	0.00975	0.00809	0.01620	0.01985	0.02701	0.15446	0.21719	0.06017	0.33845	0.03412	0.00716	0.00801	0.02007	0.00845	0.00776
9	0.01332	0.00939	0.01214	0.01416	0.01466	0.00888	0.00921	0.01484	0.01938	0.02585	0.05387	0.52407	0.06437	0.13816	0.02061	0.00534	0.00686	0.02747	0.00921	0.00820
10	0.03950	0.05039	0.02996	0.02724	0.03269	0.58597	0.02043	0.04222	0.02996	0.02588	0.01634	0.01907	0.01362	0.01090	0.00953	0.00272	0.01907	0.00681	0.00545	0.01226
11	0.01584	0.01310	0.02027	0.01904	0.02132	0.01449	0.05248	0.01941	0.01875	0.02615	0.03870	0.16572	0.07254	0.05548	0.33583	0.01132	0.06706	0.01600	0.00674	0.00976
12	0.01429	0.01053	0.01344	0.01374	0.01595	0.00967	0.01021	0.01821	0.02642	0.03603	0.33850	0.21126	0.15490	0.02561	0.01288	0.00370	0.00567	0.05869	0.01081	0.00949
13	0.02487	0.02066	0.02908	0.30239	0.08851	0.02405	0.02384	0.04014	0.21653	0.07527	0.02964	0.03283	0.02198	0.01208	0.01064	0.00350	0.01146	0.01044	0.00763	0.01445
14	0.01285	0.00932	0.01215	0.01441	0.01525	0.00861	0.00968	0.01476	0.02054	0.02711	0.06201	0.58171	0.10732	0.03264	0.01342	0.00424	0.00607	0.02946	0.00982	0.00861
15	0.02630	0.02660	0.08288	0.11593	0.12041	0.02424	0.09901	0.12173	0.06756	0.03976	0.02241	0.02646	0.01715	0.01020	0.01024	0.00299	0.01236	0.00929	0.00671	0.15777
16	0.02542	0.06326	0.02497	0.01685	0.02586	0.05519	0.01367	0.02985	0.02305	0.07221	0.02001	0.02241	0.01614	0.00851	0.00808	0.00182	0.00892	0.00658	0.00659	0.55062
17	0.64393	0.07432	0.01904	0.01427	0.02103	0.02531	0.01203	0.03113	0.01830	0.04546	0.01472	0.01716	0.01164	0.00975	0.00656	0.00318	0.00845	0.00572	0.00637	0.01164
18	0.02429	0.03853	0.26447	0.03490	0.04598	0.02706	0.22094	0.06850	0.02448	0.03494	0.01967	0.02503	0.01481	0.01097	0.01439	0.00359	0.09755	0.00992	0.00527	0.01472
19	0.04290	0.01666	0.02213	0.01734	0.02459	0.01461	0.01421	0.04712	0.02894	0.48293	0.04053	0.03655	0.02632	0.01296	0.01010	0.00314	0.00833	0.01051	0.12347	0.01666
20	0.01371	0.01089	0.01240	0.01240	0.01552	0.00958	0.00955	0.01732	0.02589	0.03308	0.23828	0.09665	0.36802	0.02546	0.01270	0.00363	0.00569	0.06954	0.01036	0.00933
21	0.02017	0.01222	0.01739	0.01643	0.01915	0.01303	0.01263	0.02370	0.01989	0.11057	0.07140	0.04638	0.03324	0.12098	0.39797	0.01311	0.02166	0.01223	0.00736	0.01050
22	0.01378	0.00984	0.01330	0.01575	0.01676	0.00936	0.01138	0.01628	0.02113	0.02800	0.05778	0.51286	0.06797	0.03228	0.01374	0.00442	0.00691	0.12984	0.00980	0.00884
23	0.03612	0.01835	0.02338	0.01741	0.02613	0.01490	0.01420	0.04048	0.02656	0.33239	0.03155	0.02975	0.02151	0.01076	0.00939	0.00252	0.00848	0.00870	0.01006	0.31735
24	0.04482	0.01808	0.02427	0.01849	0.02679	0.01539	0.01523	0.04897	0.02941	0.51478	0.03936	0.03454	0.02509	0.01255	0.01034	0.00310	0.00888	0.01018	0.01239	0.08736
25	0.03950	0.05039	0.02996	0.02724	0.03269	0.58597	0.02043	0.04222	0.02996	0.02588	0.01634	0.01907	0.01362	0.01090	0.00953	0.00272	0.01907	0.00681	0.00545	0.01226
26	0.02026	0.04806	0.48907	0.02759	0.04123	0.02235	0.03467	0.03144	0.02347	0.03483	0.10028	0.03089	0.02645	0.01179	0.01041	0.00334	0.01402	0.00952	0.00555	0.01477
27	0.02192	0.01879	0.02192	0.01566	0.02506	0.01409	0.01253	0.02662	0.02192	0.03445	0.01879	0.02192	0.01566	0.00783	0.00783	0.00157	0.00783	0.00626	0.00626	0.69305
28	0.02313	0.02313	0.03238	0.02776	0.02776	0.03238	0.02313	0.02545	0.01619	0.02545	0.01388	0.02313	0.01388	0.01851	0.03470	0.00463	0.60907	0.00925	0.00463	0.01157
29	0.04744	0.01799	0.02454	0.01881	0.02699	0.01554	0.01554	0.05153	0.03026	0.56979	0.04171	0.03599	0.02617	0.01309	0.01063	0.00327	0.00900	0.01063	0.01309	0.01799
30	0.01510	0.01133	0.01699	0.01699	0.01888	0.01322	0.01322	0.01888	0.01699	0.02454	0.02832	0.04154	0.02643	0.07930	0.58652	0.01699	0.02832	0.01133	0.00566	0.00944
31	0.01319	0.00972	0.01235	0.01385	0.01525	0.00889	0.00957	0.01572	0.02255	0.02995	0.15387	0.44470	0.15137	0.03010	0.01316	0.00401	0.00581	0.02692	0.01014	0.00889
32	0.04184	0.11552	0.03188	0.02076	0.02917	0.02594	0.01762	0.22567	0.03618	0.30007	0.03155	0.02916	0.02122	0.01233	0.01003	0.00308	0.01033	0.00947	0.01086	0.01732
33	0.70310	0.02045	0.01554	0.01390	0.02045	0.02372	0.01145	0.03108	0.01799	0.04744	0.01472	0.01718	0.01145	0.00981	0.00654	0.00327	0.00818	0.00573	0.00654	0.01145
34	0.02454	0.13423	0.39561	0.02736	0.04016	0.08487	0.03220	0.03611	0.06868	0.03242	0.02020	0.02272	0.01510	0.01037	0.00959	0.00315	0.01473	0.00776	0.00513	0.01508
35	0.01894	0.01071	0.01225	0.01236	0.01514	0.00986	0.00907	0.02238	0.02291	0.08786	0.05893	0.21873	0.16315	0.02167	0.01065	0.00332	0.00579	0.01857	0.26760	0.01011
36	0.01431	0.01078	0.01322	0.01261	0.01539	0.00970	0.00946	0.01868	0.02838	0.03871	0.43701	0.08505	0.22194	0.02299	0.01248	0.00339	0.00509	0.01997	0.01115	0.00970
37	0.02121	0.05469	0.57364	0.03014	0.04576	0.02455	0.03906	0.03348	0.02232	0.03348	0.01897	0.02232	0.01339	0.01005	0.01005	0.00335	0.01563	0.00781	0.00446	0.01563
38	0.01832	0.01013	0.01111	0.01087	0.01334	0.00989	0.00815	0.02326	0.02445	0.04029	0.18773	0.05102	0.04841	0.01505	0.00888	0.00272	0.00495	0.01257	0.48898	0.00989
39	0.01704	0.01217	0.01704	0.01947	0.02191	0.01217	0.01704	0.02191	0.02434	0.03164	0.05598	0.11926	0.06085	0.02921	0.01460	0.00487	0.00974	0.49130	0.00974	0.00974
40	0.04744	0.01799	0.02454	0.01881	0.02699	0.01554	0.01554	0.05153	0.03026	0.56979	0.04171	0.03599	0.02617	0.01309	0.01063	0.00327	0.00900	0.01063	0.01309	0.01799
41	0.03170	0.02003	0.02264	0.01954	0.02579	0.02152	0.01543	0.05160	0.34232	0.19480	0.04178	0.03845	0.02999	0.01377	0.01038	0.00338	0.00820	0.01136	0.08093	0.01639
42	0.04019	0.02962	0.03173	0.02433	0.03279	0.03279	0.02010	0.52721	0.04971	0.06663	0.02538	0.02538	0.01798	0.01269	0.01058	0.00317	0.01163	0.00952	0.01058	0.01798
43	0.02827	0.63478	0.05540	0.01809	0.02714	0.04184	0.01809	0.03166	0.02148	0.02488	0.01470	0.01696	0.01357	0.00905	0.00678	0.00226	0.01131	0.00565	0.00452	0.01357
44	0.03950	0.05039	0.02996	0.02724	0.03269	0.58597	0.02043	0.04222	0.02996	0.02588	0.01634	0.01907	0.01362	0.01090	0.00953	0.00272	0.01907	0.00681	0.00545	0.01226
45	0.01496	0.01081	0.01413	0.01330	0.01580	0.00998	0.00998	0.01995	0.02993	0.04240	0.55689	0.07898	0.09976	0.02162	0.01247	0.00333	0.00499	0.01912	0.01164	0.00998
46	0.01343	0.01075	0.01201	0.01170	0.01486	0.00933	0.00877	0.01699	0.02632	0.03382	0.27807	0.09310	0.38393	0.02482	0.01249	0.00348	0.00522	0.02110	0.01051	0.00933
47	0.01997	0.01879	0.03171	0.60301	0.07282	0.02349	0.02936	0.02701	0.02114	0.02701	0.01879	0.02819	0.01409	0.01057	0.01057	0.00352	0.01409	0.00940	0.00470	0.01175
48	0.04744	0.01799	0.02454	0.01881	0.02699	0.01554	0.01554	0.05153	0.03026	0.56979	0.04171	0.03599	0.02617	0.01309	0.01063	0.00327	0.00900	0.01063	0.01309	0.01799
49	0.70310	0.02045	0.01554	0.01390	0.02045	0.02372	0.01145	0.03108	0.01799	0.04744	0.01472	0.01718	0.01145	0.00981	0.00654	0.00327	0.00818	0.00573	0.00654	0.01145
