[name]
unknown

[dist]
# distance from previous block
# <min> <max>
0	166

[block]
# block no. 0 follows, 12 sequences, length 41
# corresponding to MSA columns:
# 233-273
name=unknown_A
#
# <colnr> <probs for GDERKNQSTAVLIFYWHMCP>
#	G	D	E	R	K	N	Q	S	T	A	V	L	I	F	Y	W	H	M	C	P
0	0.17668	0.02181	0.02395	0.02035	0.02678	0.02377	0.01673	0.12330	0.11648	0.12585	0.03208	0.04014	0.02595	0.01501	0.01227	0.00360	0.05482	0.06713	0.00953	0.06377
1	0.06884	0.01909	0.02429	0.13398	0.03578	0.02108	0.01999	0.10059	0.10408	0.08209	0.03977	0.06470	0.03639	0.01899	0.01219	0.00406	0.01083	0.18036	0.00936	0.01353
2	0.37541	0.02342	0.02222	0.01891	0.02585	0.02634	0.01573	0.20351	0.03112	0.05401	0.02442	0.03383	0.02055	0.01367	0.00927	0.00354	0.00991	0.06561	0.00865	0.01401
3	0.26946	0.02235	0.02950	0.12024	0.21944	0.02371	0.02251	0.03136	0.02180	0.03931	0.01825	0.02336	0.01472	0.00984	0.00899	0.00315	0.01093	0.00791	0.00594	0.09723
4	0.02294	0.02401	0.13362	0.06614	0.03013	0.01826	0.01963	0.03252	0.12370	0.07477	0.10622	0.04273	0.03525	0.06568	0.02095	0.14080	0.01053	0.01192	0.00792	0.01231
5	0.01785	0.01944	0.08789	0.02003	0.02581	0.01445	0.06372	0.02395	0.02681	0.03700	0.23405	0.07561	0.13012	0.02063	0.01259	0.00365	0.00900	0.10342	0.00938	0.06458
6	0.01464	0.01153	0.01361	0.01359	0.01674	0.00991	0.00984	0.01772	0.02408	0.03186	0.14861	0.27340	0.23910	0.02672	0.01266	0.00366	0.00607	0.02333	0.00996	0.09298
7	0.02650	0.20869	0.15597	0.09151	0.04214	0.03065	0.10086	0.09146	0.02676	0.03526	0.02315	0.03315	0.01971	0.01219	0.01034	0.00331	0.01387	0.05388	0.00610	0.01452
8	0.02839	0.33035	0.23428	0.02409	0.03576	0.03533	0.02674	0.10557	0.02685	0.03533	0.01840	0.02079	0.01461	0.01027	0.00879	0.00288	0.01331	0.00723	0.00558	0.01544
9	0.12173	0.02813	0.06143	0.01943	0.02717	0.13651	0.01617	0.03058	0.02363	0.03452	0.02330	0.09421	0.02185	0.01246	0.00916	0.00261	0.01100	0.00966	0.00664	0.30984
10	0.02657	0.07963	0.26304	0.03004	0.09418	0.02416	0.02885	0.03462	0.02479	0.11531	0.08749	0.03259	0.02737	0.01303	0.01303	0.00346	0.06934	0.01013	0.00701	0.01534
11	0.03292	0.10258	0.15042	0.02452	0.03253	0.13644	0.02331	0.03825	0.02564	0.16194	0.02705	0.07281	0.02198	0.01422	0.01347	0.00342	0.08593	0.01037	0.00753	0.01467
12	0.01454	0.01002	0.01228	0.01357	0.01389	0.00970	0.00840	0.01551	0.01842	0.02455	0.04748	0.34588	0.05620	0.31969	0.03429	0.00744	0.00841	0.02358	0.00840	0.00775
13	0.02144	0.02358	0.09472	0.07985	0.21267	0.02000	0.02411	0.03003	0.06689	0.03753	0.17914	0.04955	0.08423	0.01532	0.01153	0.00342	0.01029	0.01364	0.00798	0.01409
14	0.04145	0.03054	0.03272	0.02509	0.03381	0.03381	0.02072	0.51243	0.05127	0.06872	0.02618	0.02618	0.01854	0.01309	0.01091	0.00327	0.01200	0.00982	0.01091	0.01854
15	0.02712	0.02342	0.02465	0.02219	0.02835	0.02712	0.01726	0.05794	0.52909	0.04561	0.04438	0.04068	0.03328	0.01479	0.01109	0.00370	0.00863	0.01233	0.01109	0.01726
16	0.02031	0.11986	0.02533	0.08059	0.02669	0.01848	0.01395	0.02318	0.02070	0.02804	0.03275	0.10981	0.06568	0.10925	0.01927	0.05675	0.00951	0.01268	0.00658	0.20059
17	0.09781	0.04890	0.45679	0.02772	0.04154	0.02410	0.03449	0.03283	0.02197	0.03515	0.02019	0.02609	0.01555	0.05638	0.01338	0.00398	0.01482	0.00840	0.00500	0.01490
18	0.02326	0.02358	0.04149	0.03322	0.03777	0.02701	0.20014	0.02867	0.02172	0.03072	0.02601	0.04612	0.02501	0.01772	0.02317	0.00442	0.26546	0.10582	0.00612	0.01256
19	0.02059	0.01938	0.03270	0.59060	0.07510	0.02422	0.03028	0.02786	0.02180	0.02786	0.01938	0.02907	0.01453	0.01090	0.01090	0.00363	0.01453	0.00969	0.00484	0.01211
20	0.03666	0.01634	0.02278	0.07349	0.02918	0.01502	0.01581	0.04091	0.02860	0.36217	0.10031	0.13305	0.04164	0.01755	0.01165	0.00357	0.00885	0.01504	0.01195	0.01544
21	0.02039	0.01547	0.02858	0.02319	0.02658	0.01487	0.15419	0.02083	0.01895	0.02563	0.06089	0.03882	0.02629	0.07520	0.03277	0.37992	0.01181	0.01175	0.00566	0.00820
22	0.02248	0.01726	0.01883	0.01733	0.02174	0.01892	0.01331	0.04082	0.28553	0.04405	0.17954	0.05188	0.05128	0.01641	0.01085	0.00338	0.00692	0.01390	0.15172	0.01385
23	0.15206	0.01583	0.01824	0.01674	0.02044	0.01711	0.01267	0.06544	0.06001	0.08488	0.02939	0.07850	0.02668	0.08168	0.13134	0.14548	0.01313	0.01173	0.00771	0.01092
24	0.30804	0.01704	0.01662	0.01527	0.02019	0.01832	0.01230	0.06350	0.02614	0.04568	0.19544	0.05575	0.08841	0.01754	0.01031	0.00357	0.00759	0.05750	0.00933	0.01147
25	0.07720	0.02106	0.02412	0.02068	0.02597	0.02302	0.01633	0.16539	0.09275	0.08445	0.03560	0.17481	0.03337	0.01871	0.01399	0.00367	0.07585	0.01497	0.00957	0.06848
26	0.01743	0.01316	0.01523	0.01556	0.01794	0.01334	0.01162	0.02403	0.09756	0.02973	0.05793	0.08802	0.14814	0.24195	0.02881	0.00658	0.00910	0.14522	0.00896	0.00970
27	0.31372	0.02091	0.02198	0.01796	0.02554	0.02175	0.01474	0.08022	0.06618	0.26891	0.03030	0.02851	0.02054	0.01217	0.00922	0.00339	0.00909	0.00889	0.01031	0.01566
28	0.02122	0.01560	0.01853	0.01821	0.02161	0.01594	0.01411	0.14214	0.02985	0.03931	0.05679	0.30584	0.11039	0.02728	0.01327	0.00417	0.00842	0.11543	0.01030	0.01158
29	0.01745	0.01111	0.01342	0.01470	0.01713	0.01079	0.01183	0.02182	0.02373	0.03457	0.05661	0.15101	0.11229	0.02393	0.01192	0.00387	0.00719	0.19259	0.25421	0.00983
30	0.14194	0.01956	0.02378	0.01936	0.02684	0.01889	0.01611	0.09837	0.03081	0.35895	0.03871	0.04359	0.02817	0.01500	0.01083	0.00357	0.00955	0.06774	0.01175	0.01647
31	0.16949	0.01715	0.02080	0.01751	0.02396	0.01619	0.01394	0.04095	0.02652	0.34421	0.04109	0.15390	0.03348	0.01718	0.01075	0.00360	0.00849	0.01418	0.01144	0.01517
32	0.02606	0.02031	0.02252	0.02044	0.02529	0.02231	0.01562	0.16932	0.20961	0.04556	0.04504	0.24481	0.04337	0.02140	0.01207	0.00385	0.00873	0.01846	0.01069	0.01454
33	0.01905	0.01138	0.01477	0.01494	0.01728	0.01061	0.01093	0.02251	0.02510	0.09350	0.19754	0.26479	0.06942	0.07125	0.01606	0.00438	0.00682	0.05562	0.06365	0.01040
34	0.11655	0.01995	0.05732	0.02017	0.02718	0.01704	0.04756	0.03878	0.02690	0.27805	0.08628	0.04994	0.03598	0.06024	0.01449	0.00413	0.00997	0.06429	0.01054	0.01466
35	0.02280	0.02523	0.07925	0.18517	0.09902	0.02398	0.15789	0.03411	0.10408	0.03408	0.03551	0.03976	0.08406	0.01297	0.01167	0.00361	0.01350	0.01251	0.00671	0.01409
36	0.38199	0.01986	0.02051	0.01679	0.02435	0.02038	0.01385	0.04225	0.02467	0.29428	0.02864	0.02709	0.01915	0.01175	0.00879	0.00337	0.00884	0.00835	0.01001	0.01507
37	0.15468	0.01475	0.01639	0.01585	0.01956	0.01526	0.01189	0.02850	0.08840	0.08130	0.17684	0.23149	0.05969	0.02205	0.01160	0.00377	0.00696	0.01897	0.01035	0.01168
38	0.09211	0.02192	0.02400	0.05802	0.06129	0.06351	0.01718	0.10925	0.09188	0.07982	0.11391	0.04402	0.07286	0.02286	0.07487	0.00500	0.01226	0.01233	0.00911	0.01381
39	0.17907	0.02601	0.08518	0.03045	0.07307	0.02599	0.11952	0.02945	0.02067	0.03498	0.02227	0.09031	0.02093	0.01515	0.01753	0.00394	0.17486	0.01167	0.00602	0.01293
40	0.02062	0.08276	0.02071	0.01521	0.01933	0.01642	0.01190	0.02787	0.08948	0.07588	0.27453	0.06809	0.13359	0.07764	0.01597	0.00406	0.00720	0.01665	0.01038	0.01168

[dist]
# distance from previous block
# <min> <max>
0	10

[block]
# block no. 1 follows, 12 sequences, length 70
# corresponding to MSA columns:
# 284-353
name=unknown_B
#
# <colnr> <probs for GDERKNQSTAVLIFYWHMCP>
#	G	D	E	R	K	N	Q	S	T	A	V	L	I	F	Y	W	H	M	C	P
0	0.13904	0.20744	0.10876	0.02005	0.02800	0.06570	0.01899	0.07212	0.02463	0.06920	0.02403	0.07253	0.02185	0.06886	0.01329	0.00378	0.01166	0.00985	0.00679	0.01343
1	0.27891	0.13131	0.07818	0.01944	0.02765	0.02896	0.01788	0.15851	0.02941	0.04827	0.06779	0.02636	0.02266	0.01193	0.00880	0.00318	0.01035	0.00842	0.00778	0.01423
2	0.14238	0.01870	0.02062	0.01620	0.02350	0.01706	0.01282	0.06738	0.02570	0.08918	0.09750	0.03518	0.03065	0.05335	0.01229	0.00310	0.00831	0.00960	0.00832	0.30816
3	0.16072	0.06841	0.13604	0.02063	0.02875	0.02262	0.01980	0.07544	0.06508	0.13128	0.02870	0.07974	0.02346	0.01609	0.01295	0.06668	0.01063	0.01069	0.00817	0.01413
4	0.13276	0.24844	0.14600	0.02000	0.02966	0.02861	0.02068	0.03495	0.02361	0.12431	0.02986	0.03028	0.06541	0.01210	0.00890	0.00304	0.01110	0.00881	0.00703	0.01445
5	0.03279	0.01469	0.02031	0.01739	0.02239	0.01346	0.01380	0.03573	0.02671	0.29170	0.12968	0.05084	0.04190	0.02639	0.06764	0.11616	0.01041	0.04375	0.01086	0.01341
6	0.02958	0.01386	0.01867	0.01676	0.02126	0.01234	0.01278	0.03317	0.02750	0.26629	0.15025	0.24790	0.05826	0.02256	0.01239	0.00376	0.00740	0.01980	0.01200	0.01346
7	0.03734	0.02439	0.06753	0.07470	0.03411	0.02248	0.01995	0.19351	0.03615	0.24135	0.10032	0.03767	0.03223	0.01406	0.01115	0.00338	0.01062	0.01142	0.01098	0.01666
8	0.02886	0.01351	0.01796	0.01655	0.02043	0.01215	0.01218	0.03149	0.02462	0.25283	0.04936	0.29311	0.04849	0.10309	0.01820	0.00480	0.00815	0.02041	0.01109	0.01270
9	0.31697	0.01559	0.01526	0.01472	0.01879	0.01661	0.01103	0.02624	0.02107	0.08089	0.07730	0.20687	0.04139	0.07527	0.01431	0.00437	0.00779	0.01592	0.00874	0.01086
10	0.23952	0.01884	0.02191	0.01794	0.02540	0.01828	0.01489	0.04440	0.02693	0.36282	0.03585	0.03812	0.02528	0.01381	0.01003	0.00350	0.00909	0.04633	0.01120	0.01586
11	0.04336	0.02186	0.02667	0.02106	0.02913	0.02166	0.01720	0.14605	0.12807	0.36341	0.03990	0.03559	0.02647	0.01366	0.01098	0.00341	0.00970	0.01099	0.01253	0.01831
12	0.08193	0.01357	0.01673	0.01512	0.01928	0.01276	0.01161	0.02989	0.02730	0.17809	0.22432	0.14887	0.06102	0.01981	0.01141	0.00348	0.00672	0.01701	0.08869	0.01237
13	0.01787	0.01102	0.01398	0.01422	0.01578	0.01037	0.00958	0.02004	0.02229	0.07818	0.14987	0.27541	0.06388	0.21599	0.02671	0.00609	0.00771	0.02197	0.00970	0.00934
14	0.09308	0.01629	0.02025	0.01779	0.02313	0.01548	0.01377	0.07328	0.02773	0.27088	0.04565	0.25210	0.04210	0.02101	0.01170	0.00377	0.00830	0.01803	0.01140	0.01426
15	0.04736	0.02106	0.02686	0.02059	0.02908	0.01975	0.01701	0.14922	0.03540	0.45434	0.03949	0.03482	0.02522	0.01341	0.01095	0.00335	0.00985	0.01072	0.01295	0.01855
16	0.01588	0.01148	0.01722	0.01722	0.01899	0.01325	0.01325	0.01899	0.01722	0.02474	0.02828	0.04196	0.02651	0.07781	0.52560	0.07766	0.02742	0.01148	0.00574	0.00928
17	0.01921	0.01139	0.01512	0.01431	0.01660	0.01087	0.01042	0.02073	0.02283	0.07902	0.19606	0.06218	0.11817	0.08300	0.08917	0.18777	0.00998	0.01534	0.00878	0.00905
18	0.01900	0.01205	0.01557	0.01666	0.01884	0.01164	0.01198	0.02407	0.06968	0.09103	0.05649	0.45684	0.06263	0.02969	0.01339	0.00428	0.00714	0.05758	0.01060	0.01084
19	0.04521	0.02451	0.02899	0.02222	0.03080	0.02486	0.01836	0.28114	0.04116	0.31428	0.03466	0.03168	0.02280	0.01329	0.01094	0.00332	0.01063	0.01039	0.01221	0.01855
20	0.02915	0.62337	0.05714	0.01866	0.02799	0.04314	0.01866	0.03265	0.02215	0.02565	0.01516	0.01749	0.01399	0.00933	0.00700	0.00233	0.01166	0.00583	0.00466	0.01399
21	0.01373	0.00988	0.01259	0.01434	0.01531	0.00920	0.00958	0.01575	0.02145	0.02852	0.10163	0.46204	0.10938	0.10011	0.01856	0.00500	0.00665	0.02765	0.00987	0.00874
22	0.61526	0.01994	0.01586	0.01427	0.02053	0.02282	0.01163	0.03072	0.01998	0.04832	0.07631	0.02509	0.02236	0.01153	0.00746	0.00338	0.00805	0.00750	0.00736	0.01163
23	0.02878	0.02425	0.02559	0.02252	0.02899	0.02790	0.01766	0.11058	0.47375	0.04829	0.04227	0.03900	0.03158	0.01460	0.01107	0.00365	0.00902	0.01204	0.01107	0.01741
24	0.59095	0.02068	0.01751	0.01515	0.02216	0.02311	0.01248	0.03542	0.02057	0.12987	0.01962	0.02081	0.01423	0.01066	0.00742	0.00337	0.00857	0.00671	0.00782	0.01288
25	0.01429	0.01096	0.01220	0.01197	0.01447	0.00983	0.00842	0.01703	0.02430	0.03129	0.20862	0.09052	0.30386	0.16814	0.02315	0.00527	0.00664	0.02040	0.00978	0.00887
26	0.01566	0.01122	0.01515	0.01505	0.01636	0.01214	0.01070	0.01829	0.01847	0.02594	0.09058	0.05761	0.04049	0.26825	0.32141	0.01338	0.01968	0.01412	0.00683	0.00867
27	0.02385	0.02385	0.03340	0.02863	0.02863	0.03340	0.02385	0.02624	0.01670	0.02624	0.01431	0.02385	0.01431	0.01908	0.03578	0.00477	0.59685	0.00954	0.00477	0.01193
28	0.01894	0.00947	0.01420	0.01420	0.01420	0.00947	0.00947	0.01420	0.01420	0.01894	0.01894	0.03314	0.01894	0.03788	0.04261	0.68277	0.00947	0.00947	0.00473	0.00473
29	0.40624	0.02525	0.02339	0.01908	0.02670	0.02858	0.01574	0.24382	0.03298	0.05765	0.02003	0.02144	0.01478	0.01143	0.00858	0.00333	0.01001	0.00763	0.00858	0.01478
30	0.01518	0.01095	0.01435	0.01389	0.01623	0.01012	0.01027	0.01995	0.02971	0.04188	0.48711	0.14262	0.09932	0.02367	0.01298	0.00355	0.00528	0.02102	0.01178	0.01012
31	0.02915	0.62337	0.05714	0.01866	0.02799	0.04314	0.01866	0.03265	0.02215	0.02565	0.01516	0.01749	0.01399	0.00933	0.00700	0.00233	0.01166	0.00583	0.00466	0.01399
32	0.04073	0.05197	0.03090	0.02809	0.03371	0.57303	0.02107	0.04354	0.03090	0.02669	0.01685	0.01966	0.01404	0.01124	0.00983	0.00281	0.01966	0.00702	0.00562	0.01264
33	0.01558	0.01168	0.01752	0.01752	0.01947	0.01363	0.01363	0.01947	0.01752	0.02531	0.02921	0.04283	0.02726	0.08178	0.57360	0.01752	0.02921	0.01168	0.00584	0.00974
34	0.69383	0.02109	0.01603	0.01434	0.02109	0.02446	0.01181	0.03205	0.01856	0.04892	0.01518	0.01771	0.01181	0.01012	0.00675	0.00337	0.00843	0.00590	0.00675	0.01181
35	0.03245	0.46447	0.05059	0.02038	0.02955	0.04064	0.01921	0.16125	0.02996	0.03720	0.01811	0.01982	0.01521	0.01034	0.00804	0.00258	0.01175	0.00690	0.00634	0.01521
36	0.39971	0.02360	0.02759	0.03422	0.21284	0.02574	0.02036	0.07167	0.02349	0.04573	0.01800	0.02175	0.01433	0.01022	0.00855	0.00332	0.01036	0.00760	0.00660	0.01433
37	0.03549	0.16066	0.04122	0.03302	0.11697	0.23705	0.06623	0.07523	0.02920	0.07661	0.02048	0.02324	0.01621	0.01074	0.00985	0.00294	0.01534	0.00828	0.00644	0.01480
38	0.02712	0.02342	0.02465	0.02219	0.02835	0.02712	0.01726	0.05794	0.52909	0.04561	0.04438	0.04068	0.03328	0.01479	0.01109	0.00370	0.00863	0.01233	0.01109	0.01726
39	0.02261	0.01938	0.02261	0.01615	0.02584	0.01453	0.01292	0.02745	0.02261	0.03553	0.01938	0.02261	0.01615	0.00807	0.00807	0.00161	0.00807	0.00646	0.00646	0.68346
40	0.01535	0.01083	0.01365	0.01335	0.01503	0.01023	0.00925	0.01877	0.02578	0.03600	0.35736	0.12783	0.08252	0.18786	0.02475	0.00550	0.00676	0.01970	0.01033	0.00914
41	0.01897	0.01161	0.01442	0.01448	0.01597	0.01124	0.01002	0.02083	0.02057	0.07554	0.08205	0.12811	0.05055	0.35638	0.03701	0.00779	0.00953	0.09751	0.00861	0.00882
42	0.69383	0.02109	0.01603	0.01434	0.02109	0.02446	0.01181	0.03205	0.01856	0.04892	0.01518	0.01771	0.01181	0.01012	0.00675	0.00337	0.00843	0.00590	0.00675	0.01181
43	0.19277	0.08077	0.03267	0.14386	0.12737	0.07942	0.02253	0.12732	0.02822	0.04209	0.01927	0.02344	0.01504	0.01083	0.00942	0.00324	0.01249	0.00820	0.00666	0.01442
44	0.02180	0.02280	0.04605	0.03408	0.04215	0.02123	0.32871	0.02932	0.02708	0.03690	0.17378	0.05020	0.08507	0.01438	0.01287	0.00361	0.01363	0.01562	0.00770	0.01302
45	0.01289	0.01105	0.01105	0.01105	0.01473	0.00920	0.00828	0.01565	0.02485	0.02946	0.11046	0.10493	0.54437	0.02761	0.01289	0.00368	0.00552	0.02301	0.01013	0.00920
46	0.04178	0.23714	0.03681	0.01913	0.02789	0.02583	0.01698	0.04573	0.02794	0.36455	0.03295	0.03002	0.02229	0.01199	0.00953	0.00300	0.01014	0.00911	0.01030	0.01691
47	0.04892	0.01856	0.02530	0.01940	0.02783	0.01603	0.01603	0.05314	0.03121	0.55634	0.04302	0.03711	0.02699	0.01350	0.01096	0.00337	0.00928	0.01096	0.01350	0.01856
48	0.01586	0.01057	0.01189	0.01189	0.01189	0.01057	0.00661	0.01586	0.01586	0.02114	0.03436	0.07135	0.03964	0.61681	0.05550	0.01057	0.01057	0.01586	0.00661	0.00661
49	0.02574	0.02941	0.06434	0.04596	0.05699	0.02757	0.50919	0.03493	0.02574	0.03493	0.02206	0.02941	0.01654	0.00919	0.01287	0.00368	0.01838	0.01287	0.00551	0.01471
50	0.69383	0.02109	0.01603	0.01434	0.02109	0.02446	0.01181	0.03205	0.01856	0.04892	0.01518	0.01771	0.01181	0.01012	0.00675	0.00337	0.00843	0.00590	0.00675	0.01181
51	0.02385	0.02385	0.03340	0.02863	0.02863	0.03340	0.02385	0.02624	0.01670	0.02624	0.01431	0.02385	0.01431	0.01908	0.03578	0.00477	0.59685	0.00954	0.00477	0.01193
52	0.02385	0.02385	0.03340	0.02863	0.02863	0.03340	0.02385	0.02624	0.01670	0.02624	0.01431	0.02385	0.01431	0.01908	0.03578	0.00477	0.59685	0.00954	0.00477	0.01193
53	0.02741	0.02767	0.05234	0.10002	0.18781	0.02754	0.28039	0.08918	0.02808	0.03837	0.02187	0.02836	0.01678	0.00994	0.01190	0.00351	0.01583	0.01137	0.00605	0.01560
54	0.01976	0.02121	0.08895	0.27574	0.08983	0.02027	0.02529	0.02556	0.02033	0.02775	0.02209	0.03227	0.01850	0.03226	0.16461	0.07072	0.01805	0.01002	0.00512	0.01167
55	0.02261	0.01938	0.02261	0.01615	0.02584	0.01453	0.01292	0.02745	0.02261	0.03553	0.01938	0.02261	0.01615	0.00807	0.00807	0.00161	0.00807	0.00646	0.00646	0.68346
56	0.01894	0.00947	0.01420	0.01420	0.01420	0.00947	0.00947	0.01420	0.01420	0.01894	0.01894	0.03314	0.01894	0.03788	0.04261	0.68277	0.00947	0.00947	0.00473	0.00473
57	0.02712	0.02342	0.02465	0.02219	0.02835	0.02712	0.01726	0.05794	0.52909	0.04561	0.04438	0.04068	0.03328	0.01479	0.01109	0.00370	0.00863	0.01233	0.01109	0.01726
58	0.01289	0.01105	0.01105	0.01105	0.01473	0.00920	0.00828	0.01565	0.02485	0.02946	0.11046	0.10493	0.54437	0.02761	0.01289	0.00368	0.00552	0.02301	0.01013	0.00920
59	0.02712	0.02342	0.02465	0.02219	0.02835	0.02712	0.01726	0.05794	0.52909	0.04561	0.04438	0.04068	0.03328	0.01479	0.01109	0.00370	0.00863	0.01233	0.01109	0.01726
60	0.02557	0.03245	0.13620	0.05116	0.23317	0.02661	0.26246	0.03433	0.02497	0.03511	0.02110	0.02752	0.01637	0.00957	0.01172	0.00348	0.01606	0.01096	0.00533	0.01586
61	0.02059	0.01938	0.03270	0.59060	0.07510	0.02422	0.03028	0.02786	0.02180	0.02786	0.01938	0.02907	0.01453	0.01090	0.01090	0.00363	0.01453	0.00969	0.00484	0.01211
62	0.02671	0.04012	0.27971	0.03628	0.04927	0.02524	0.24418	0.03686	0.02517	0.09514	0.02338	0.02747	0.01654	0.01021	0.01154	0.00354	0.01632	0.01051	0.00604	0.01578
63	0.01640	0.01041	0.01255	0.01248	0.01269	0.01034	0.00745	0.01594	0.01680	0.02262	0.07405	0.06507	0.04107	0.45909	0.04953	0.13532	0.00991	0.01499	0.00671	0.00657
64	0.03976	0.01587	0.02045	0.01644	0.02299	0.01415	0.01333	0.04425	0.02854	0.39114	0.04063	0.03825	0.02730	0.01324	0.00989	0.00311	0.00793	0.01071	0.22616	0.01587
65	0.04073	0.05197	0.03090	0.02809	0.03371	0.57303	0.02107	0.04354	0.03090	0.02669	0.01685	0.01966	0.01404	0.01124	0.00983	0.00281	0.01966	0.00702	0.00562	0.01264
66	0.04073	0.05197	0.03090	0.02809	0.03371	0.57303	0.02107	0.04354	0.03090	0.02669	0.01685	0.01966	0.01404	0.01124	0.00983	0.00281	0.01966	0.00702	0.00562	0.01264
67	0.01535	0.01186	0.01421	0.01466	0.01730	0.01128	0.01088	0.02123	0.07098	0.03464	0.20574	0.23842	0.20439	0.02705	0.01318	0.00393	0.00627	0.05773	0.01072	0.01020
68	0.02253	0.02166	0.02985	0.02586	0.02586	0.02963	0.02101	0.02453	0.01656	0.02540	0.01762	0.03170	0.01849	0.11777	0.03904	0.00573	0.50005	0.01058	0.00507	0.01105
69	0.02620	0.02597	0.04449	0.04307	0.18688	0.02589	0.20021	0.04005	0.16013	0.03804	0.02738	0.03117	0.02121	0.01075	0.01140	0.00338	0.01336	0.01129	0.00706	0.07209

[dist]
# distance from previous block
# <min> <max>
0	3

[block]
# block no. 2 follows, 12 sequences, length 11
# corresponding to MSA columns:
# 357-367
name=unknown_C
#
# <colnr> <probs for GDERKNQSTAVLIFYWHMCP>
#	G	D	E	R	K	N	Q	S	T	A	V	L	I	F	Y	W	H	M	C	P
0	0.03349	0.01904	0.02372	0.01749	0.02666	0.01515	0.01420	0.03807	0.02616	0.25083	0.02915	0.02860	0.02063	0.01032	0.00927	0.00234	0.00857	0.00832	0.00937	0.40860
1	0.03889	0.01966	0.02458	0.01919	0.02748	0.01778	0.01556	0.04826	0.12307	0.34295	0.03795	0.03452	0.02574	0.01252	0.01034	0.00304	0.00889	0.01021	0.01146	0.16792
2	0.02962	0.01974	0.02303	0.02020	0.02558	0.02072	0.01600	0.18320	0.10476	0.11875	0.08594	0.17507	0.04531	0.02055	0.01218	0.00379	0.00909	0.06068	0.01113	0.01466
3	0.06723	0.01338	0.01639	0.01497	0.01881	0.01301	0.01138	0.02682	0.02298	0.11675	0.09433	0.10645	0.04000	0.07648	0.12549	0.00656	0.01158	0.01381	0.13491	0.06866
4	0.02101	0.01433	0.01718	0.01433	0.01880	0.01233	0.01025	0.02398	0.02232	0.07857	0.12598	0.05394	0.04259	0.24766	0.02766	0.00559	0.00860	0.01301	0.00820	0.23366
5	0.03991	0.02057	0.02504	0.02055	0.02805	0.02061	0.01654	0.05512	0.23703	0.34521	0.04358	0.03859	0.02959	0.01403	0.01102	0.00351	0.00901	0.01153	0.01250	0.01802
6	0.08569	0.01569	0.01892	0.01669	0.02184	0.01510	0.01298	0.03576	0.08573	0.21635	0.15213	0.14179	0.09686	0.01973	0.01165	0.00362	0.00747	0.01676	0.01149	0.01374
7	0.15014	0.01745	0.01976	0.01606	0.02309	0.01547	0.01264	0.03047	0.02372	0.12908	0.06788	0.11684	0.03212	0.01439	0.00957	0.00281	0.00787	0.01182	0.00871	0.29009
8	0.01646	0.01337	0.01960	0.01907	0.02142	0.01316	0.06491	0.02236	0.08008	0.03011	0.05198	0.43537	0.05884	0.07797	0.01696	0.00478	0.00826	0.02559	0.00944	0.01028
9	0.01328	0.00949	0.01265	0.01518	0.01581	0.00886	0.01012	0.01518	0.02088	0.02783	0.06010	0.60969	0.07212	0.03416	0.01392	0.00443	0.00633	0.03100	0.01012	0.00886
10	0.07772	0.01455	0.01788	0.01706	0.02085	0.01411	0.01268	0.07091	0.02602	0.16483	0.04928	0.36818	0.05133	0.02523	0.01235	0.00398	0.00774	0.02214	0.01077	0.01238

[dist]
# distance from previous block
# <min> <max>
7	13

[block]
# block no. 3 follows, 12 sequences, length 72
# corresponding to MSA columns:
# 381-391,393-399,406-459
name=unknown_D
#
# <colnr> <probs for GDERKNQSTAVLIFYWHMCP>
#	G	D	E	R	K	N	Q	S	T	A	V	L	I	F	Y	W	H	M	C	P
0	0.08978	0.22702	0.03248	0.01878	0.02484	0.13798	0.01571	0.03479	0.07921	0.03297	0.02617	0.07653	0.02343	0.01315	0.00871	0.00289	0.01104	0.00975	0.12198	0.01277
1	0.02798	0.01483	0.01865	0.01640	0.02105	0.01391	0.01252	0.03456	0.08258	0.21785	0.17305	0.12339	0.09815	0.07517	0.01607	0.00424	0.00764	0.01708	0.01154	0.01334
2	0.01693	0.01019	0.01270	0.01270	0.01270	0.01019	0.00761	0.01528	0.01528	0.02037	0.02898	0.05803	0.03242	0.41493	0.05100	0.24497	0.01019	0.01363	0.00595	0.00595
3	0.10161	0.01962	0.02191	0.01921	0.02434	0.02083	0.01535	0.19679	0.03309	0.08323	0.08109	0.10666	0.04080	0.08793	0.01675	0.00455	0.00979	0.09310	0.01001	0.01335
4	0.28517	0.02465	0.02471	0.01961	0.02765	0.02657	0.01614	0.23708	0.03415	0.11172	0.02327	0.02387	0.01672	0.01156	0.00909	0.00317	0.01000	0.00817	0.00922	0.07747
5	0.03469	0.02550	0.02800	0.02213	0.02926	0.02770	0.01801	0.38457	0.04596	0.06222	0.16054	0.04055	0.04047	0.01548	0.01142	0.00331	0.01022	0.01239	0.01119	0.01640
6	0.01557	0.01045	0.01198	0.01225	0.01232	0.01038	0.00699	0.01578	0.01641	0.02188	0.03718	0.13041	0.04320	0.55288	0.05094	0.00990	0.01011	0.01752	0.00699	0.00685
7	0.01633	0.01097	0.01331	0.01444	0.01610	0.01079	0.01007	0.02063	0.06549	0.03073	0.05441	0.34879	0.09863	0.02859	0.01579	0.08201	0.00660	0.02256	0.12440	0.00938
8	0.02669	0.01551	0.01828	0.01605	0.01933	0.01549	0.01133	0.10879	0.02562	0.13867	0.03753	0.11569	0.03701	0.32657	0.03423	0.00718	0.01009	0.01549	0.00913	0.01133
9	0.01402	0.01002	0.01350	0.01603	0.01698	0.00949	0.01140	0.01646	0.02160	0.02866	0.05969	0.52595	0.07050	0.03346	0.01411	0.00453	0.00697	0.10747	0.01011	0.00906
10	0.01842	0.01148	0.01385	0.01323	0.01639	0.01038	0.00992	0.02254	0.02716	0.08548	0.26407	0.13478	0.18674	0.02261	0.01202	0.00346	0.00574	0.01950	0.11161	0.01062
11	0.01849	0.01053	0.01182	0.01150	0.01405	0.01021	0.00862	0.02360	0.02587	0.04180	0.22587	0.05595	0.05605	0.01630	0.00959	0.00287	0.00510	0.01375	0.42784	0.01021
12	0.01549	0.01107	0.01519	0.01771	0.01931	0.01076	0.01396	0.01900	0.02305	0.03031	0.05888	0.35890	0.06729	0.03208	0.01451	0.00473	0.00824	0.25999	0.01008	0.00947
13	0.04145	0.03054	0.03272	0.02509	0.03381	0.03381	0.02072	0.51243	0.05127	0.06872	0.02618	0.02618	0.01854	0.01309	0.01091	0.00327	0.01200	0.00982	0.01091	0.01854
14	0.02574	0.02941	0.06434	0.04596	0.05699	0.02757	0.50919	0.03493	0.02574	0.03493	0.02206	0.02941	0.01654	0.00919	0.01287	0.00368	0.01838	0.01287	0.00551	0.01471
15	0.02574	0.02941	0.06434	0.04596	0.05699	0.02757	0.50919	0.03493	0.02574	0.03493	0.02206	0.02941	0.01654	0.00919	0.01287	0.00368	0.01838	0.01287	0.00551	0.01471
16	0.01819	0.01338	0.01482	0.01446	0.01589	0.01416	0.00927	0.02526	0.13159	0.02715	0.03857	0.10539	0.04068	0.43721	0.04236	0.00856	0.00981	0.01621	0.00788	0.00917
17	0.02385	0.02385	0.03340	0.02863	0.02863	0.03340	0.02385	0.02624	0.01670	0.02624	0.01431	0.02385	0.01431	0.01908	0.03578	0.00477	0.59685	0.00954	0.00477	0.01193
18	0.04892	0.01856	0.02530	0.01940	0.02783	0.01603	0.01603	0.05314	0.03121	0.55634	0.04302	0.03711	0.02699	0.01350	0.01096	0.00337	0.00928	0.01096	0.01350	0.01856
19	0.01894	0.00947	0.01420	0.01420	0.01420	0.00947	0.00947	0.01420	0.01420	0.01894	0.01894	0.03314	0.01894	0.03788	0.04261	0.68277	0.00947	0.00947	0.00473	0.00473
20	0.04313	0.02785	0.03106	0.02381	0.03247	0.02982	0.01967	0.40921	0.04676	0.17831	0.02996	0.02864	0.02044	0.01318	0.01092	0.00330	0.01139	0.01007	0.01149	0.01855
21	0.02385	0.02385	0.03340	0.02863	0.02863	0.03340	0.02385	0.02624	0.01670	0.02624	0.01431	0.02385	0.01431	0.01908	0.03578	0.00477	0.59685	0.00954	0.00477	0.01193
22	0.02158	0.01459	0.02123	0.02516	0.08082	0.01435	0.01917	0.02669	0.02565	0.08275	0.05225	0.10429	0.05436	0.02630	0.01420	0.00467	0.01029	0.38015	0.00986	0.01164
23	0.02699	0.02591	0.04426	0.06693	0.54879	0.02591	0.03346	0.03346	0.02483	0.03562	0.02051	0.02699	0.01727	0.00972	0.01079	0.00324	0.01295	0.00972	0.00540	0.01727
24	0.02600	0.02444	0.03939	0.05551	0.43126	0.02335	0.02885	0.03211	0.02433	0.03560	0.02026	0.02600	0.01702	0.00935	0.01018	0.00287	0.01186	0.00898	0.00564	0.16700
25	0.04145	0.03054	0.03272	0.02509	0.03381	0.03381	0.02072	0.51243	0.05127	0.06872	0.02618	0.02618	0.01854	0.01309	0.01091	0.00327	0.01200	0.00982	0.01091	0.01854
26	0.02313	0.09340	0.43040	0.03293	0.04760	0.02706	0.12623	0.03446	0.02346	0.03395	0.01971	0.02380	0.01434	0.01006	0.01058	0.00341	0.01621	0.00879	0.00478	0.01569
27	0.01472	0.01178	0.01860	0.01872	0.02055	0.01101	0.06754	0.01745	0.02143	0.02865	0.05572	0.54293	0.06572	0.03129	0.01380	0.00434	0.00771	0.02891	0.00959	0.00953
28	0.02411	0.02080	0.02484	0.01854	0.02679	0.01855	0.01501	0.06144	0.02379	0.03656	0.01914	0.02304	0.01606	0.00998	0.01218	0.00218	0.09133	0.00713	0.00654	0.54200
29	0.09404	0.02663	0.10740	0.02577	0.09005	0.02050	0.02087	0.07944	0.02747	0.18499	0.02635	0.02709	0.01876	0.01075	0.00967	0.00288	0.01057	0.00858	0.00844	0.19976
30	0.03316	0.01504	0.01962	0.01647	0.02229	0.01310	0.01304	0.03703	0.02895	0.32144	0.13901	0.11180	0.14299	0.01960	0.01192	0.00354	0.00760	0.01661	0.01228	0.01449
31	0.01543	0.01115	0.01457	0.01372	0.01629	0.01029	0.01029	0.02058	0.03086	0.04372	0.54304	0.08145	0.10288	0.02229	0.01286	0.00343	0.00514	0.01972	0.01200	0.01029
32	0.01595	0.01210	0.01488	0.01484	0.01740	0.01173	0.01085	0.02294	0.08490	0.03827	0.31330	0.22254	0.12849	0.02516	0.01295	0.00376	0.00590	0.02225	0.01121	0.01060
33	0.04308	0.02051	0.03035	0.03205	0.16651	0.01866	0.02067	0.04790	0.02951	0.41773	0.03703	0.03442	0.02440	0.01249	0.01092	0.00334	0.01026	0.01063	0.01134	0.01821
34	0.01980	0.01115	0.01497	0.01595	0.01801	0.01017	0.01120	0.02213	0.02277	0.12454	0.05697	0.50493	0.06386	0.03038	0.01338	0.00424	0.00687	0.02733	0.01074	0.01063
35	0.02574	0.02941	0.06434	0.04596	0.05699	0.02757	0.50919	0.03493	0.02574	0.03493	0.02206	0.02941	0.01654	0.00919	0.01287	0.00368	0.01838	0.01287	0.00551	0.01471
36	0.02915	0.62337	0.05714	0.01866	0.02799	0.04314	0.01866	0.03265	0.02215	0.02565	0.01516	0.01749	0.01399	0.00933	0.00700	0.00233	0.01166	0.00583	0.00466	0.01399
37	0.03671	0.01659	0.02183	0.01839	0.02452	0.01511	0.01488	0.06941	0.02915	0.33857	0.04911	0.09605	0.07892	0.02002	0.01418	0.05404	0.00899	0.06681	0.01173	0.01498
38	0.57026	0.02693	0.01884	0.01694	0.02347	0.12825	0.01356	0.03422	0.02089	0.04471	0.01550	0.01808	0.01223	0.01033	0.00733	0.00327	0.01056	0.00612	0.00653	0.01197
39	0.01391	0.01028	0.01300	0.01402	0.01579	0.00938	0.00987	0.01700	0.02475	0.03322	0.22400	0.35551	0.16069	0.02925	0.01341	0.00398	0.00581	0.02604	0.01073	0.00938
40	0.01394	0.01017	0.01322	0.01515	0.01652	0.00946	0.01079	0.01660	0.02275	0.03007	0.11127	0.44810	0.12577	0.03185	0.01383	0.00432	0.00655	0.08017	0.01029	0.00917
41	0.01344	0.01089	0.01193	0.01205	0.01516	0.00938	0.00889	0.01657	0.02558	0.03209	0.19014	0.15836	0.40280	0.02732	0.01300	0.00372	0.00554	0.02328	0.01050	0.00938
42	0.24080	0.02681	0.02665	0.02144	0.02926	0.03016	0.01758	0.31214	0.09616	0.05996	0.02488	0.02524	0.01816	0.01237	0.00965	0.00335	0.01051	0.00890	0.00965	0.01632
43	0.02056	0.01837	0.03023	0.52692	0.06825	0.02268	0.02780	0.02759	0.02192	0.02926	0.02116	0.03034	0.01601	0.01110	0.01054	0.00351	0.01350	0.00974	0.07862	0.01190
44	0.02454	0.02341	0.03984	0.26711	0.36771	0.02526	0.03225	0.03132	0.02367	0.03265	0.02008	0.02778	0.01623	0.01017	0.01084	0.00339	0.01356	0.00971	0.00519	0.01530
45	0.08405	0.18856	0.06923	0.02085	0.02907	0.02477	0.05220	0.03785	0.02638	0.21030	0.08593	0.03898	0.03120	0.01358	0.01010	0.00322	0.01055	0.03927	0.00901	0.01490
46	0.02385	0.02385	0.03340	0.02863	0.02863	0.03340	0.02385	0.02624	0.01670	0.02624	0.01431	0.02385	0.01431	0.01908	0.03578	0.00477	0.59685	0.00954	0.00477	0.01193
47	0.69383	0.02109	0.01603	0.01434	0.02109	0.02446	0.01181	0.03205	0.01856	0.04892	0.01518	0.01771	0.01181	0.01012	0.00675	0.00337	0.00843	0.00590	0.00675	0.01181
48	0.04468	0.02054	0.03245	0.02426	0.03317	0.01814	0.10626	0.04981	0.03021	0.46094	0.03918	0.03570	0.02508	0.01271	0.01131	0.00343	0.01094	0.01131	0.01204	0.01785
49	0.02385	0.02385	0.03340	0.02863	0.02863	0.03340	0.02385	0.02624	0.01670	0.02624	0.01431	0.02385	0.01431	0.01908	0.03578	0.00477	0.59685	0.00954	0.00477	0.01193
50	0.02385	0.02385	0.03340	0.02863	0.02863	0.03340	0.02385	0.02624	0.01670	0.02624	0.01431	0.02385	0.01431	0.01908	0.03578	0.00477	0.59685	0.00954	0.00477	0.01193
51	0.02413	0.02299	0.03910	0.30065	0.33737	0.02516	0.03204	0.03096	0.02348	0.03216	0.02001	0.02792	0.01605	0.01024	0.01084	0.00341	0.01366	0.00970	0.00515	0.01497
52	0.03822	0.02024	0.02515	0.01884	0.02778	0.01751	0.01540	0.09637	0.03030	0.30536	0.03223	0.03043	0.02196	0.01142	0.00988	0.00270	0.00914	0.00915	0.01056	0.26736
53	0.02428	0.02239	0.02338	0.01725	0.02657	0.06615	0.01367	0.02894	0.02338	0.03471	0.01915	0.02234	0.01596	0.00837	0.00824	0.00173	0.00915	0.00651	0.00638	0.62146
54	0.01586	0.01057	0.01189	0.01189	0.01189	0.01057	0.00661	0.01586	0.01586	0.02114	0.03436	0.07135	0.03964	0.61681	0.05550	0.01057	0.01057	0.01586	0.00661	0.00661
55	0.02538	0.10813	0.43414	0.02948	0.04339	0.10940	0.03539	0.03571	0.02413	0.03253	0.01875	0.02200	0.01386	0.01040	0.00997	0.00325	0.01624	0.00770	0.00476	0.01540
56	0.59258	0.02289	0.05611	0.01527	0.02239	0.02344	0.01361	0.03173	0.01922	0.04722	0.01706	0.01985	0.01318	0.01034	0.00708	0.00332	0.00875	0.00639	0.05757	0.01200
57	0.03332	0.03924	0.03359	0.08753	0.11413	0.32900	0.02437	0.03702	0.02624	0.02805	0.01713	0.02251	0.01463	0.01257	0.01534	0.00335	0.13530	0.00819	0.00534	0.01314
58	0.01558	0.01168	0.01752	0.01752	0.01947	0.01363	0.01363	0.01947	0.01752	0.02531	0.02921	0.04283	0.02726	0.08178	0.57360	0.01752	0.02921	0.01168	0.00584	0.00974
59	0.02544	0.01364	0.01446	0.01294	0.01680	0.01390	0.01009	0.09539	0.02746	0.08377	0.03483	0.03836	0.02656	0.01282	0.00833	0.00271	0.00636	0.01018	0.53399	0.01197
60	0.01289	0.01105	0.01105	0.01105	0.01473	0.00920	0.00828	0.01565	0.02485	0.02946	0.11046	0.10493	0.54437	0.02761	0.01289	0.00368	0.00552	0.02301	0.01013	0.00920
61	0.01543	0.01115	0.01457	0.01372	0.01629	0.01029	0.01029	0.02058	0.03086	0.04372	0.54304	0.08145	0.10288	0.02229	0.01286	0.00343	0.00514	0.01972	0.01200	0.01029
62	0.04137	0.03301	0.03251	0.02543	0.03380	0.09585	0.02076	0.45849	0.04892	0.06388	0.02511	0.02543	0.01803	0.01288	0.01078	0.00322	0.01288	0.00950	0.01030	0.01786
63	0.69383	0.02109	0.01603	0.01434	0.02109	0.02446	0.01181	0.03205	0.01856	0.04892	0.01518	0.01771	0.01181	0.01012	0.00675	0.00337	0.00843	0.00590	0.00675	0.01181
64	0.01826	0.00985	0.01454	0.01444	0.01490	0.00993	0.00993	0.01537	0.01632	0.02222	0.07734	0.03930	0.02888	0.04003	0.08602	0.54977	0.01073	0.01079	0.00563	0.00578
65	0.01904	0.00952	0.01390	0.01390	0.01409	0.00952	0.00933	0.01504	0.01485	0.02056	0.02018	0.03370	0.01961	0.03600	0.04001	0.63211	0.00914	0.00952	0.05482	0.00514
66	0.04073	0.05197	0.03090	0.02809	0.03371	0.57303	0.02107	0.04354	0.03090	0.02669	0.01685	0.01966	0.01404	0.01124	0.00983	0.00281	0.01966	0.00702	0.00562	0.01264
67	0.12020	0.08048	0.07464	0.01751	0.02733	0.01969	0.01583	0.02927	0.02202	0.03643	0.01839	0.02145	0.01510	0.00870	0.00799	0.00211	0.00921	0.00647	0.00616	0.46103
68	0.01809	0.01254	0.01496	0.01432	0.01825	0.01060	0.01052	0.02100	0.02352	0.07993	0.06906	0.28331	0.22143	0.02559	0.01231	0.00360	0.00662	0.02225	0.00983	0.12227
69	0.01328	0.00949	0.01265	0.01518	0.01581	0.00886	0.01012	0.01518	0.02088	0.02783	0.06010	0.60969	0.07212	0.03416	0.01392	0.00443	0.00633	0.03100	0.01012	0.00886
70	0.02915	0.62337	0.05714	0.01866	0.02799	0.04314	0.01866	0.03265	0.02215	0.02565	0.01516	0.01749	0.01399	0.00933	0.00700	0.00233	0.01166	0.00583	0.00466	0.01399
71	0.26779	0.23874	0.03608	0.02222	0.06348	0.08307	0.01775	0.09482	0.02559	0.04022	0.01711	0.01955	0.01403	0.01029	0.00794	0.00293	0.01139	0.00675	0.00634	0.01390

[dist]
# distance from previous block
# <min> <max>
0	4

[block]
# block no. 4 follows, 12 sequences, length 25
# corresponding to MSA columns:
# 464-488
name=unknown_E
#
# <colnr> <probs for GDERKNQSTAVLIFYWHMCP>
#	G	D	E	R	K	N	Q	S	T	A	V	L	I	F	Y	W	H	M	C	P
0	0.03908	0.03047	0.03346	0.02619	0.03447	0.08204	0.06007	0.32939	0.10298	0.10620	0.02877	0.02863	0.02055	0.01284	0.01099	0.00332	0.01258	0.01022	0.01023	0.01751
1	0.39000	0.02335	0.02478	0.10618	0.08194	0.02659	0.01851	0.13591	0.02673	0.04887	0.01869	0.02210	0.01419	0.01084	0.00865	0.00338	0.01053	0.00767	0.00724	0.01384
2	0.01548	0.01064	0.01277	0.01276	0.01359	0.01032	0.00805	0.01721	0.02085	0.02858	0.18975	0.12633	0.06178	0.38188	0.03867	0.00783	0.00853	0.01848	0.00857	0.00793
3	0.01584	0.01048	0.01288	0.01315	0.01345	0.01065	0.00811	0.01606	0.01644	0.02215	0.03502	0.12233	0.03965	0.43347	0.11231	0.07560	0.01226	0.01637	0.00671	0.00705
4	0.02254	0.02170	0.03049	0.35668	0.11088	0.07405	0.02699	0.02881	0.02371	0.02962	0.02759	0.04835	0.02526	0.01498	0.01169	0.00381	0.01388	0.11060	0.00611	0.01227
5	0.07629	0.02131	0.03385	0.26925	0.24350	0.02338	0.02746	0.03105	0.02287	0.06549	0.02206	0.03096	0.01796	0.05415	0.01375	0.00395	0.01285	0.00993	0.00588	0.01406
6	0.02074	0.01171	0.01585	0.01678	0.01920	0.01082	0.01245	0.02358	0.02352	0.12878	0.05647	0.42182	0.06204	0.02958	0.01354	0.00432	0.00749	0.09966	0.01075	0.01089
7	0.02187	0.05640	0.56031	0.03108	0.04719	0.02532	0.04029	0.03453	0.02302	0.03453	0.01957	0.02302	0.01381	0.01036	0.01036	0.00345	0.01611	0.00806	0.00460	0.01611
8	0.02571	0.02586	0.04058	0.24665	0.30786	0.06753	0.06494	0.03237	0.02429	0.03215	0.01994	0.02733	0.01601	0.01021	0.01090	0.00338	0.01441	0.00972	0.00523	0.01492
9	0.02107	0.01215	0.01590	0.01563	0.01823	0.01144	0.01186	0.02348	0.02359	0.10802	0.13005	0.11220	0.09452	0.13854	0.02483	0.08724	0.00855	0.12318	0.00960	0.00991
10	0.01353	0.01107	0.01194	0.01173	0.01512	0.00948	0.00879	0.01690	0.02638	0.03308	0.22046	0.09896	0.43210	0.02626	0.01288	0.00362	0.00543	0.02217	0.01060	0.00948
11	0.02462	0.01680	0.02473	0.02118	0.02410	0.01862	0.05518	0.02755	0.02049	0.12779	0.03153	0.08697	0.02989	0.17695	0.12534	0.00802	0.14750	0.01367	0.00756	0.01150
12	0.03670	0.21926	0.12253	0.02438	0.06772	0.02692	0.02198	0.04219	0.02654	0.26573	0.02873	0.02784	0.02002	0.01139	0.00958	0.00304	0.01140	0.00876	0.00867	0.01661
13	0.07802	0.02176	0.02857	0.10330	0.09710	0.02296	0.02054	0.12340	0.08444	0.20588	0.03139	0.03249	0.02238	0.01811	0.05657	0.00456	0.01241	0.01032	0.00957	0.01623
14	0.02613	0.02174	0.02339	0.02123	0.02665	0.02499	0.01632	0.05266	0.46693	0.04239	0.04131	0.03977	0.03155	0.01758	0.01490	0.08568	0.00873	0.01198	0.01033	0.01575
15	0.69383	0.02109	0.01603	0.01434	0.02109	0.02446	0.01181	0.03205	0.01856	0.04892	0.01518	0.01771	0.01181	0.01012	0.00675	0.00337	0.00843	0.00590	0.00675	0.01181
16	0.01492	0.01113	0.01386	0.01318	0.01597	0.01007	0.00988	0.01958	0.02965	0.04084	0.45552	0.08620	0.19220	0.02337	0.01287	0.00348	0.00522	0.02039	0.01162	0.01007
17	0.03501	0.03610	0.26639	0.02854	0.07936	0.02100	0.02832	0.04319	0.02702	0.27989	0.03067	0.02997	0.02029	0.01178	0.01068	0.00340	0.01264	0.00956	0.00885	0.01736
18	0.02545	0.01929	0.02290	0.01650	0.02606	0.01470	0.01326	0.03023	0.02354	0.09174	0.02193	0.02418	0.01732	0.00866	0.00839	0.00180	0.00820	0.00695	0.00722	0.61170
19	0.02059	0.01938	0.03270	0.59060	0.07510	0.02422	0.03028	0.02786	0.02180	0.02786	0.01938	0.02907	0.01453	0.01090	0.01090	0.00363	0.01453	0.00969	0.00484	0.01211
20	0.16662	0.01254	0.01144	0.01107	0.01452	0.01327	0.00853	0.02685	0.02193	0.04245	0.03114	0.03567	0.02444	0.01214	0.00743	0.00272	0.00581	0.00924	0.53168	0.01052
21	0.01894	0.00947	0.01420	0.01420	0.01420	0.00947	0.00947	0.01420	0.01420	0.01894	0.01894	0.03314	0.01894	0.03788	0.04261	0.68277	0.00947	0.00947	0.00473	0.00473
22	0.02742	0.02687	0.10388	0.02399	0.03029	0.02570	0.02153	0.11657	0.15527	0.07528	0.02953	0.03297	0.02314	0.02743	0.12361	0.00642	0.11630	0.01059	0.00818	0.01502
23	0.02364	0.21132	0.33432	0.02558	0.03819	0.02857	0.03032	0.03251	0.02291	0.03192	0.02141	0.02958	0.01802	0.01151	0.00962	0.00313	0.01377	0.04544	0.00520	0.06303
24	0.02671	0.10408	0.06433	0.01843	0.02804	0.02050	0.01631	0.03431	0.07166	0.09129	0.02375	0.02523	0.01850	0.00962	0.00868	0.00223	0.00929	0.00753	0.00729	0.41223

[dist]
# distance from previous block
# <min> <max>
1	2

[block]
# block no. 5 follows, 12 sequences, length 11
# corresponding to MSA columns:
# 491-501
name=unknown_F
#
# <colnr> <probs for GDERKNQSTAVLIFYWHMCP>
#	G	D	E	R	K	N	Q	S	T	A	V	L	I	F	Y	W	H	M	C	P
0	0.02059	0.06614	0.10710	0.01919	0.02409	0.01741	0.04635	0.02449	0.01944	0.06116	0.02935	0.04902	0.02885	0.28957	0.14279	0.00930	0.01566	0.01252	0.00638	0.01060
1	0.03578	0.18164	0.12617	0.02166	0.03121	0.05837	0.02108	0.07859	0.02866	0.22623	0.03332	0.03215	0.05340	0.01264	0.00990	0.00310	0.01166	0.00961	0.00881	0.01602
2	0.14246	0.01223	0.01426	0.01373	0.01607	0.01242	0.00997	0.01929	0.02047	0.03199	0.16093	0.05103	0.10171	0.02758	0.02492	0.30466	0.00772	0.01301	0.00758	0.00798
3	0.02898	0.03557	0.21431	0.03953	0.12596	0.02444	0.19113	0.03794	0.02573	0.13158	0.02489	0.02839	0.01771	0.01045	0.01138	0.00348	0.01510	0.01046	0.00668	0.01628
4	0.02201	0.04954	0.46062	0.02831	0.04323	0.02332	0.03521	0.03322	0.02294	0.03472	0.01953	0.02294	0.01425	0.00994	0.00994	0.00311	0.01462	0.00776	0.00495	0.13985
5	0.02267	0.12272	0.25999	0.03104	0.04228	0.02593	0.16640	0.03132	0.02333	0.03231	0.02604	0.11655	0.02381	0.01363	0.01115	0.00351	0.01458	0.01273	0.00574	0.01426
6	0.15508	0.02819	0.14808	0.02420	0.03372	0.02064	0.09051	0.03854	0.02620	0.20901	0.08954	0.03456	0.02882	0.01260	0.01055	0.00344	0.01146	0.01069	0.00893	0.01521
7	0.02380	0.13307	0.03887	0.17866	0.04500	0.02471	0.10316	0.02980	0.02284	0.03150	0.01905	0.02458	0.01538	0.00927	0.00946	0.00265	0.01226	0.00832	0.00552	0.26211
8	0.02584	0.07666	0.12695	0.02552	0.03642	0.02338	0.11104	0.08862	0.02666	0.03844	0.02039	0.02397	0.01594	0.00938	0.00961	0.00257	0.01213	0.00828	0.00636	0.31187
9	0.32396	0.13691	0.07339	0.02011	0.02895	0.02792	0.05401	0.07737	0.02370	0.04265	0.01759	0.02037	0.01389	0.00996	0.00810	0.00299	0.01070	0.00703	0.00645	0.09394
10	0.09115	0.01835	0.02271	0.08728	0.02945	0.02036	0.01632	0.03794	0.15607	0.13896	0.03116	0.03640	0.02450	0.06544	0.02123	0.12123	0.04917	0.01073	0.00854	0.01303

[dist]
# distance from previous block
# <min> <max>
0	11

# created by:
# /st0/software/busco_prod/Augustus/scripts/msa2prfl.pl ./align_prep/4566.fa
