[name]
unknown

[dist]
# distance from previous block
# <min> <max>
0	68

[block]
# block no. 0 follows, 12 sequences, length 8
# corresponding to MSA columns:
# 68-75
name=unknown_A
#
# <colnr> <probs for GDERKNQSTAVLIFYWHMCP>
#	G	D	E	R	K	N	Q	S	T	A	V	L	I	F	Y	W	H	M	C	P
0	0.01423	0.01016	0.01373	0.01626	0.01730	0.00967	0.01176	0.01681	0.02180	0.02889	0.05958	0.50282	0.07006	0.03327	0.01417	0.00456	0.00714	0.12859	0.01010	0.00912
1	0.01472	0.01112	0.01359	0.01297	0.01585	0.00999	0.00973	0.01920	0.02919	0.03974	0.42227	0.08800	0.22613	0.02378	0.01287	0.00350	0.00525	0.02064	0.01148	0.00999
2	0.17422	0.06920	0.07176	0.10906	0.16770	0.02785	0.08842	0.09795	0.02648	0.04118	0.01973	0.02450	0.01534	0.01036	0.00991	0.00333	0.01286	0.00892	0.00629	0.01493
3	0.03042	0.01652	0.02380	0.19015	0.03862	0.01656	0.01843	0.03504	0.02608	0.25038	0.04797	0.11977	0.10471	0.01749	0.01161	0.00364	0.00993	0.01497	0.00995	0.01397
4	0.04270	0.01874	0.02693	0.14483	0.03821	0.01783	0.01916	0.04759	0.02914	0.44029	0.03783	0.03535	0.02426	0.01293	0.01095	0.00343	0.01043	0.01068	0.01160	0.01714
5	0.07543	0.01769	0.02693	0.18142	0.16164	0.01913	0.02286	0.02596	0.02281	0.03250	0.03555	0.15984	0.03662	0.01924	0.01203	0.00397	0.01109	0.11575	0.00729	0.01225
6	0.03580	0.11704	0.18566	0.02505	0.03550	0.09935	0.02504	0.14466	0.03201	0.15905	0.02543	0.02576	0.01792	0.01165	0.01010	0.00316	0.01352	0.00868	0.00816	0.01647
7	0.02076	0.01936	0.03317	0.32410	0.14700	0.02156	0.06584	0.02713	0.02330	0.03116	0.06855	0.11244	0.03036	0.01466	0.01162	0.00366	0.01267	0.01370	0.00631	0.01267

[dist]
# distance from previous block
# <min> <max>
0	2

[block]
# block no. 1 follows, 12 sequences, length 27
# corresponding to MSA columns:
# 78-104
name=unknown_B
#
# <colnr> <probs for GDERKNQSTAVLIFYWHMCP>
#	G	D	E	R	K	N	Q	S	T	A	V	L	I	F	Y	W	H	M	C	P
0	0.03284	0.01413	0.01778	0.01509	0.02025	0.01317	0.01204	0.03741	0.02612	0.27332	0.03831	0.03926	0.02744	0.01998	0.06582	0.00442	0.00940	0.01068	0.30860	0.01393
1	0.02848	0.57140	0.10326	0.01980	0.02975	0.04151	0.02064	0.03282	0.02223	0.02647	0.01556	0.01800	0.01398	0.00942	0.00730	0.00243	0.01207	0.00603	0.00466	0.01419
2	0.02165	0.01320	0.01747	0.06930	0.02333	0.01253	0.01258	0.02597	0.02769	0.13050	0.28950	0.07080	0.13791	0.07992	0.01660	0.00419	0.00739	0.01727	0.01078	0.01143
3	0.01521	0.01114	0.01427	0.01349	0.01615	0.01019	0.01011	0.02015	0.03034	0.04249	0.50561	0.08348	0.14108	0.02275	0.01286	0.00345	0.00518	0.02000	0.01184	0.01019
4	0.01740	0.01169	0.01458	0.01354	0.01681	0.01048	0.01027	0.02193	0.02951	0.07956	0.40559	0.08346	0.19843	0.02284	0.01272	0.00348	0.00555	0.01981	0.01169	0.01067
5	0.03012	0.01536	0.01994	0.01693	0.02205	0.01421	0.01330	0.07145	0.03167	0.24059	0.26515	0.10981	0.06424	0.01931	0.01208	0.00349	0.00738	0.01664	0.01231	0.01397
6	0.04145	0.03054	0.03272	0.02509	0.03381	0.03381	0.02072	0.51243	0.05127	0.06872	0.02618	0.02618	0.01854	0.01309	0.01091	0.00327	0.01200	0.00982	0.01091	0.01854
7	0.01361	0.01107	0.01205	0.01181	0.01517	0.00951	0.00886	0.01706	0.02657	0.03354	0.23414	0.09822	0.41813	0.02609	0.01288	0.00361	0.00541	0.02207	0.01066	0.00951
8	0.01558	0.01168	0.01752	0.01752	0.01947	0.01363	0.01363	0.01947	0.01752	0.02531	0.02921	0.04283	0.02726	0.08178	0.57360	0.01752	0.02921	0.01168	0.00584	0.00974
9	0.01543	0.01115	0.01457	0.01372	0.01629	0.01029	0.01029	0.02058	0.03086	0.04372	0.54304	0.08145	0.10288	0.02229	0.01286	0.00343	0.00514	0.01972	0.01200	0.01029
10	0.04073	0.05197	0.03090	0.02809	0.03371	0.57303	0.02107	0.04354	0.03090	0.02669	0.01685	0.01966	0.01404	0.01124	0.00983	0.00281	0.01966	0.00702	0.00562	0.01264
11	0.02247	0.02640	0.12460	0.01898	0.02989	0.01658	0.01811	0.02880	0.02269	0.03534	0.01942	0.02269	0.01571	0.00851	0.00851	0.00196	0.00960	0.00676	0.00611	0.55689
12	0.02957	0.02157	0.02405	0.02154	0.02769	0.02393	0.01710	0.05365	0.40078	0.12415	0.04550	0.04837	0.03525	0.01613	0.01147	0.00378	0.00887	0.05849	0.01136	0.01674
13	0.02574	0.02941	0.06434	0.04596	0.05699	0.02757	0.50919	0.03493	0.02574	0.03493	0.02206	0.02941	0.01654	0.00919	0.01287	0.00368	0.01838	0.01287	0.00551	0.01471
14	0.01586	0.01057	0.01189	0.01189	0.01189	0.01057	0.00661	0.01586	0.01586	0.02114	0.03436	0.07135	0.03964	0.61681	0.05550	0.01057	0.01057	0.01586	0.00661	0.00661
15	0.04701	0.02162	0.02720	0.02086	0.02936	0.02058	0.01723	0.17073	0.03634	0.43150	0.03871	0.03431	0.02483	0.01339	0.01095	0.00335	0.00997	0.01067	0.01283	0.01855
16	0.03601	0.01988	0.02893	0.08466	0.03520	0.01757	0.06192	0.04120	0.02716	0.29860	0.03161	0.03131	0.02150	0.01124	0.01029	0.00292	0.01035	0.00969	0.00976	0.21019
17	0.15812	0.03530	0.02904	0.02569	0.02936	0.26157	0.02038	0.03471	0.02310	0.03073	0.01556	0.02090	0.01372	0.01404	0.01922	0.00367	0.23938	0.00778	0.00551	0.01221
18	0.02187	0.05640	0.56031	0.03108	0.04719	0.02532	0.04029	0.03453	0.02302	0.03453	0.01957	0.02302	0.01381	0.01036	0.01036	0.00345	0.01611	0.00806	0.00460	0.01611
19	0.02915	0.62337	0.05714	0.01866	0.02799	0.04314	0.01866	0.03265	0.02215	0.02565	0.01516	0.01749	0.01399	0.00933	0.00700	0.00233	0.01166	0.00583	0.00466	0.01399
20	0.01586	0.01057	0.01189	0.01189	0.01189	0.01057	0.00661	0.01586	0.01586	0.02114	0.03436	0.07135	0.03964	0.61681	0.05550	0.01057	0.01057	0.01586	0.00661	0.00661
21	0.41604	0.21799	0.08124	0.01733	0.02580	0.03055	0.01673	0.03248	0.02014	0.04007	0.01559	0.01815	0.01270	0.00989	0.00717	0.00305	0.01020	0.00609	0.00587	0.01292
22	0.02397	0.01556	0.02171	0.01898	0.02348	0.01507	0.05189	0.03259	0.10630	0.13719	0.22675	0.17443	0.06426	0.02093	0.01245	0.00369	0.00777	0.01875	0.01123	0.01299
23	0.01930	0.01245	0.01839	0.01773	0.02040	0.01390	0.01390	0.02323	0.01905	0.08460	0.03075	0.04220	0.02723	0.07415	0.51078	0.01594	0.02698	0.01160	0.00670	0.01072
24	0.02261	0.01938	0.02261	0.01615	0.02584	0.01453	0.01292	0.02745	0.02261	0.03553	0.01938	0.02261	0.01615	0.00807	0.00807	0.00161	0.00807	0.00646	0.00646	0.68346
25	0.02375	0.01929	0.03188	0.52683	0.06982	0.02331	0.02869	0.03068	0.02285	0.08686	0.02202	0.02997	0.01593	0.01119	0.01091	0.00360	0.01395	0.00983	0.00581	0.01283
26	0.02970	0.17596	0.03850	0.02716	0.08031	0.09836	0.05791	0.10438	0.07965	0.03849	0.07110	0.02978	0.02571	0.01177	0.00983	0.00288	0.01206	0.00951	0.00736	0.08957

[dist]
# distance from previous block
# <min> <max>
2	20

[block]
# block no. 2 follows, 12 sequences, length 24
# corresponding to MSA columns:
# 129-152
name=unknown_C
#
# <colnr> <probs for GDERKNQSTAVLIFYWHMCP>
#	G	D	E	R	K	N	Q	S	T	A	V	L	I	F	Y	W	H	M	C	P
0	0.18603	0.06994	0.25608	0.06898	0.03749	0.02384	0.02635	0.03417	0.02331	0.09390	0.06299	0.02815	0.02200	0.01159	0.00961	0.00337	0.01226	0.00880	0.00670	0.01443
1	0.02879	0.52404	0.05500	0.02668	0.11457	0.04028	0.02112	0.03278	0.02260	0.02731	0.01605	0.01907	0.01454	0.00939	0.00763	0.00248	0.01188	0.00648	0.00479	0.01454
2	0.02003	0.01808	0.07797	0.13069	0.03355	0.01521	0.01969	0.02512	0.02330	0.07924	0.04561	0.25951	0.04807	0.02413	0.01295	0.00422	0.01017	0.13220	0.00879	0.01147
3	0.03181	0.10760	0.08846	0.15756	0.12917	0.02504	0.06451	0.03819	0.02559	0.18759	0.02627	0.02898	0.01872	0.01107	0.01047	0.00330	0.01277	0.00964	0.00752	0.01574
4	0.03261	0.02742	0.03563	0.04664	0.31437	0.11348	0.02598	0.03765	0.02681	0.13909	0.02767	0.07500	0.02315	0.01271	0.01092	0.00329	0.01279	0.01124	0.00746	0.01608
5	0.01779	0.01053	0.01378	0.01516	0.01681	0.00975	0.01052	0.02024	0.02218	0.08600	0.05593	0.49393	0.06306	0.02989	0.01300	0.00414	0.00653	0.02686	0.07388	0.01003
6	0.03042	0.01998	0.03069	0.32545	0.09488	0.02205	0.02507	0.03857	0.06585	0.19377	0.02881	0.03233	0.02013	0.01192	0.01093	0.00353	0.01230	0.01030	0.00808	0.01494
7	0.03570	0.03543	0.22859	0.02862	0.07832	0.02343	0.02735	0.12523	0.03115	0.23304	0.02945	0.02909	0.01978	0.01194	0.01071	0.00337	0.01261	0.00957	0.00905	0.01753
8	0.03382	0.02182	0.02383	0.08189	0.03123	0.10786	0.01780	0.03793	0.02756	0.24256	0.04119	0.13227	0.03635	0.01877	0.01192	0.00375	0.01127	0.09406	0.01016	0.01397
9	0.52356	0.02051	0.01913	0.06914	0.02727	0.02304	0.01424	0.03516	0.02096	0.13131	0.02020	0.02200	0.01459	0.01076	0.00784	0.00340	0.00915	0.00710	0.00769	0.01296
10	0.01820	0.01213	0.01586	0.10824	0.02467	0.01256	0.01257	0.02367	0.02623	0.03989	0.25771	0.05680	0.05892	0.01665	0.01049	0.00312	0.00668	0.01432	0.27076	0.01054
11	0.02935	0.20085	0.03509	0.02166	0.02717	0.07248	0.01880	0.07077	0.02646	0.09285	0.06905	0.04448	0.03122	0.01653	0.01500	0.00354	0.11680	0.08670	0.00777	0.01344
12	0.03837	0.01546	0.01972	0.01599	0.02225	0.01386	0.01292	0.04290	0.02813	0.36604	0.04027	0.03842	0.02734	0.01320	0.00973	0.00307	0.00773	0.01067	0.25847	0.01546
13	0.01543	0.01115	0.01457	0.01372	0.01629	0.01029	0.01029	0.02058	0.03086	0.04372	0.54304	0.08145	0.10288	0.02229	0.01286	0.00343	0.00514	0.01972	0.01200	0.01029
14	0.01586	0.01057	0.01189	0.01189	0.01189	0.01057	0.00661	0.01586	0.01586	0.02114	0.03436	0.07135	0.03964	0.61681	0.05550	0.01057	0.01057	0.01586	0.00661	0.00661
15	0.03280	0.02477	0.12966	0.02302	0.03141	0.01738	0.05308	0.03923	0.02802	0.26896	0.08745	0.05488	0.03794	0.01669	0.01195	0.00374	0.01097	0.10226	0.01042	0.01537
16	0.02261	0.01938	0.02261	0.01615	0.02584	0.01453	0.01292	0.02745	0.02261	0.03553	0.01938	0.02261	0.01615	0.00807	0.00807	0.00161	0.00807	0.00646	0.00646	0.68346
17	0.02724	0.06006	0.10137	0.14296	0.18277	0.02409	0.05608	0.03618	0.06596	0.10533	0.06706	0.03336	0.02560	0.01190	0.01088	0.00339	0.01242	0.01066	0.00725	0.01542
18	0.03453	0.02814	0.11823	0.18387	0.04591	0.02443	0.02528	0.16022	0.03232	0.19602	0.02815	0.02971	0.01913	0.01214	0.01083	0.00343	0.01259	0.00983	0.00892	0.01633
19	0.01884	0.01361	0.01699	0.01782	0.02018	0.01375	0.01339	0.09935	0.02678	0.03560	0.05398	0.41399	0.06131	0.02984	0.01365	0.00436	0.00802	0.11759	0.01024	0.01071
20	0.01832	0.01196	0.01744	0.01731	0.01965	0.01306	0.01327	0.02191	0.01936	0.07546	0.03563	0.13654	0.03469	0.06747	0.42786	0.01402	0.02354	0.01483	0.00727	0.01042
21	0.02702	0.01698	0.02206	0.01824	0.02271	0.01712	0.01429	0.03048	0.02413	0.16540	0.12899	0.04612	0.03936	0.11558	0.02305	0.00452	0.12347	0.01236	0.00902	0.13910
22	0.25163	0.02715	0.02617	0.02371	0.06973	0.08453	0.01753	0.17267	0.03114	0.08001	0.02121	0.02295	0.01594	0.01099	0.00904	0.00303	0.01104	0.00784	0.00809	0.10557
23	0.20762	0.02394	0.08349	0.06798	0.16485	0.02122	0.02156	0.02974	0.02367	0.04024	0.12063	0.03434	0.03179	0.01227	0.00978	0.00321	0.01017	0.01013	0.00704	0.07632

[dist]
# distance from previous block
# <min> <max>
0	44

[block]
# block no. 3 follows, 12 sequences, length 81
# corresponding to MSA columns:
# 199-279
name=unknown_D
#
# <colnr> <probs for GDERKNQSTAVLIFYWHMCP>
#	G	D	E	R	K	N	Q	S	T	A	V	L	I	F	Y	W	H	M	C	P
0	0.02564	0.16153	0.11816	0.02153	0.02911	0.02599	0.02069	0.03094	0.02341	0.08133	0.09572	0.03167	0.02854	0.01347	0.01463	0.00312	0.12609	0.00953	0.00689	0.13201
1	0.08116	0.11109	0.07102	0.02293	0.07649	0.02288	0.01823	0.07462	0.02580	0.03892	0.06173	0.02702	0.02267	0.01038	0.00889	0.00246	0.00984	0.00814	0.00685	0.29887
2	0.13370	0.12091	0.10223	0.02084	0.03085	0.02323	0.05615	0.03268	0.02290	0.07944	0.02025	0.02281	0.01574	0.00945	0.00861	0.00256	0.01067	0.00736	0.00649	0.27313
3	0.04205	0.02280	0.02740	0.02082	0.02956	0.02188	0.01713	0.20629	0.03667	0.30391	0.03337	0.03099	0.02232	0.01247	0.01047	0.00305	0.01001	0.00983	0.01146	0.12753
4	0.02357	0.02858	0.10992	0.02898	0.03132	0.03222	0.02624	0.02744	0.01762	0.02744	0.01508	0.02373	0.01424	0.01782	0.03209	0.00458	0.51252	0.00933	0.00475	0.01254
5	0.02348	0.04726	0.43095	0.02748	0.04093	0.02392	0.03371	0.07802	0.02565	0.03862	0.02251	0.02588	0.01631	0.01096	0.01001	0.00330	0.01413	0.00853	0.10289	0.01548
6	0.03029	0.02272	0.02475	0.02178	0.02828	0.02551	0.01708	0.05724	0.45679	0.11978	0.04418	0.04016	0.03237	0.01460	0.01108	0.00365	0.00872	0.01213	0.01144	0.01745
7	0.01767	0.01258	0.01730	0.01661	0.01721	0.01457	0.01196	0.01808	0.01610	0.02264	0.02618	0.04655	0.02721	0.22701	0.20918	0.17229	0.10119	0.01213	0.00566	0.00790
8	0.01519	0.01114	0.01424	0.01347	0.01614	0.01019	0.01010	0.02011	0.03030	0.04238	0.50242	0.08365	0.14434	0.02279	0.01286	0.00345	0.00518	0.02003	0.01183	0.01019
9	0.02997	0.07728	0.08002	0.02744	0.03578	0.08044	0.09896	0.11484	0.25100	0.04300	0.03125	0.03153	0.02354	0.01252	0.01085	0.00342	0.01257	0.01069	0.00862	0.01625
10	0.01527	0.01102	0.01443	0.01383	0.01625	0.01018	0.01028	0.02016	0.03009	0.04249	0.50549	0.12252	0.10049	0.02321	0.01294	0.00351	0.00524	0.02060	0.01186	0.01018
11	0.02480	0.09194	0.39841	0.02697	0.04098	0.02436	0.03260	0.03491	0.02358	0.07757	0.02116	0.02371	0.01527	0.01021	0.00982	0.00309	0.01403	0.00789	0.00562	0.11307
12	0.08866	0.03371	0.11902	0.17649	0.04602	0.14935	0.07087	0.03252	0.02398	0.03133	0.02535	0.03036	0.05523	0.01258	0.01245	0.00349	0.06033	0.00978	0.00563	0.01287
13	0.01360	0.00973	0.01293	0.01497	0.01588	0.00906	0.01015	0.01597	0.02233	0.03014	0.13023	0.53298	0.07658	0.03244	0.01376	0.00428	0.00615	0.02936	0.01039	0.00906
14	0.12904	0.02865	0.04469	0.03303	0.04251	0.02961	0.24178	0.22531	0.03489	0.05046	0.02271	0.02642	0.01665	0.01088	0.01120	0.00347	0.01439	0.01064	0.00785	0.01582
15	0.02450	0.02566	0.05044	0.21139	0.17408	0.02621	0.25982	0.03251	0.02437	0.03300	0.02092	0.02876	0.01612	0.00981	0.01182	0.00356	0.01601	0.01121	0.00529	0.01452
16	0.49830	0.02059	0.01794	0.01487	0.02247	0.02157	0.01213	0.03071	0.01974	0.04502	0.01640	0.01914	0.01307	0.00953	0.00713	0.00286	0.00833	0.00607	0.00666	0.20746
17	0.01371	0.00967	0.01253	0.01464	0.01517	0.00914	0.00955	0.01529	0.02005	0.02674	0.05588	0.52146	0.06679	0.12966	0.02073	0.00543	0.00702	0.02852	0.00955	0.00849
18	0.02033	0.01016	0.01016	0.01016	0.01270	0.01016	0.00762	0.02541	0.02287	0.04065	0.03557	0.04065	0.02795	0.01270	0.00762	0.00254	0.00508	0.01016	0.67734	0.01016
19	0.23617	0.02027	0.02320	0.01839	0.02635	0.01993	0.01518	0.08432	0.02915	0.36891	0.03354	0.03057	0.02188	0.01248	0.00973	0.00337	0.00925	0.00940	0.01132	0.01659
20	0.21885	0.02232	0.03147	0.03258	0.14791	0.02330	0.10233	0.03434	0.09688	0.04097	0.07258	0.03756	0.06840	0.01298	0.01036	0.00347	0.01069	0.01144	0.00757	0.01401
21	0.03264	0.02616	0.02776	0.02331	0.03046	0.02970	0.01859	0.23295	0.34510	0.05451	0.03737	0.03510	0.02761	0.01414	0.01102	0.00353	0.00993	0.01136	0.01102	0.01775
22	0.02059	0.01938	0.03270	0.59060	0.07510	0.02422	0.03028	0.02786	0.02180	0.02786	0.01938	0.02907	0.01453	0.01090	0.01090	0.00363	0.01453	0.00969	0.00484	0.01211
23	0.02261	0.01938	0.02261	0.01615	0.02584	0.01453	0.01292	0.02745	0.02261	0.03553	0.01938	0.02261	0.01615	0.00807	0.00807	0.00161	0.00807	0.00646	0.00646	0.68346
24	0.02385	0.02385	0.03340	0.02863	0.02863	0.03340	0.02385	0.02624	0.01670	0.02624	0.01431	0.02385	0.01431	0.01908	0.03578	0.00477	0.59685	0.00954	0.00477	0.01193
25	0.01586	0.01057	0.01189	0.01189	0.01189	0.01057	0.00661	0.01586	0.01586	0.02114	0.03436	0.07135	0.03964	0.61681	0.05550	0.01057	0.01057	0.01586	0.00661	0.00661
26	0.01586	0.01057	0.01189	0.01189	0.01189	0.01057	0.00661	0.01586	0.01586	0.02114	0.03436	0.07135	0.03964	0.61681	0.05550	0.01057	0.01057	0.01586	0.00661	0.00661
27	0.11889	0.02017	0.03125	0.46317	0.10682	0.02440	0.02786	0.02894	0.02158	0.03157	0.01886	0.02725	0.01437	0.01069	0.01029	0.00356	0.01352	0.00914	0.00517	0.01250
28	0.69383	0.02109	0.01603	0.01434	0.02109	0.02446	0.01181	0.03205	0.01856	0.04892	0.01518	0.01771	0.01181	0.01012	0.00675	0.00337	0.00843	0.00590	0.00675	0.01181
29	0.01543	0.01115	0.01457	0.01372	0.01629	0.01029	0.01029	0.02058	0.03086	0.04372	0.54304	0.08145	0.10288	0.02229	0.01286	0.00343	0.00514	0.01972	0.01200	0.01029
30	0.04103	0.01624	0.02113	0.01685	0.02366	0.01441	0.01371	0.04548	0.02891	0.41403	0.04096	0.03809	0.02725	0.01328	0.01004	0.00314	0.00812	0.01074	0.19670	0.01624
31	0.02712	0.02342	0.02465	0.02219	0.02835	0.02712	0.01726	0.05794	0.52909	0.04561	0.04438	0.04068	0.03328	0.01479	0.01109	0.00370	0.00863	0.01233	0.01109	0.01726
32	0.01498	0.01113	0.01395	0.01324	0.01601	0.01010	0.00993	0.01970	0.02980	0.04119	0.46628	0.08561	0.18122	0.02324	0.01286	0.00347	0.00521	0.02030	0.01167	0.01010
33	0.01543	0.01115	0.01457	0.01372	0.01629	0.01029	0.01029	0.02058	0.03086	0.04372	0.54304	0.08145	0.10288	0.02229	0.01286	0.00343	0.00514	0.01972	0.01200	0.01029
34	0.02774	0.01839	0.02065	0.01872	0.02388	0.01978	0.01443	0.04557	0.28685	0.12989	0.04498	0.12270	0.03697	0.01704	0.01091	0.00356	0.00782	0.01445	0.12056	0.01510
35	0.02699	0.02591	0.04426	0.06693	0.54879	0.02591	0.03346	0.03346	0.02483	0.03562	0.02051	0.02699	0.01727	0.00972	0.01079	0.00324	0.01295	0.00972	0.00540	0.01727
36	0.01328	0.00949	0.01265	0.01518	0.01581	0.00886	0.01012	0.01518	0.02088	0.02783	0.06010	0.60969	0.07212	0.03416	0.01392	0.00443	0.00633	0.03100	0.01012	0.00886
37	0.01548	0.01041	0.01200	0.01237	0.01246	0.01032	0.00712	0.01576	0.01659	0.02211	0.03809	0.14953	0.04436	0.53219	0.04946	0.00968	0.00995	0.01806	0.00712	0.00693
38	0.03495	0.04234	0.03175	0.02827	0.03197	0.38833	0.02202	0.03762	0.02604	0.02653	0.01598	0.02110	0.01414	0.01392	0.01871	0.00348	0.21722	0.00788	0.00533	0.01240
39	0.01330	0.01106	0.01161	0.01148	0.01498	0.00938	0.00861	0.01644	0.02582	0.03175	0.18007	0.10115	0.47332	0.02676	0.01288	0.00364	0.00546	0.02248	0.01043	0.00938
40	0.01797	0.01201	0.01422	0.01346	0.01636	0.01183	0.01016	0.02551	0.07529	0.04299	0.34651	0.06558	0.07424	0.01876	0.01115	0.00319	0.00545	0.01621	0.20819	0.01091
41	0.02321	0.09883	0.44379	0.03526	0.11845	0.02688	0.03751	0.03422	0.02321	0.03396	0.01934	0.02314	0.01433	0.01018	0.01014	0.00333	0.01529	0.00811	0.00472	0.01611
42	0.02261	0.01938	0.02261	0.01615	0.02584	0.01453	0.01292	0.02745	0.02261	0.03553	0.01938	0.02261	0.01615	0.00807	0.00807	0.00161	0.00807	0.00646	0.00646	0.68346
43	0.02915	0.62337	0.05714	0.01866	0.02799	0.04314	0.01866	0.03265	0.02215	0.02565	0.01516	0.01749	0.01399	0.00933	0.00700	0.00233	0.01166	0.00583	0.00466	0.01399
44	0.02794	0.01389	0.01868	0.01657	0.02115	0.01251	0.01310	0.03242	0.02951	0.23272	0.26536	0.11838	0.06787	0.02085	0.01246	0.00365	0.00726	0.06024	0.01220	0.01322
45	0.04892	0.01856	0.02530	0.01940	0.02783	0.01603	0.01603	0.05314	0.03121	0.55634	0.04302	0.03711	0.02699	0.01350	0.01096	0.00337	0.00928	0.01096	0.01350	0.01856
46	0.01553	0.01101	0.01393	0.01328	0.01524	0.01036	0.00941	0.01945	0.02728	0.03833	0.42164	0.07904	0.08779	0.16417	0.02304	0.00513	0.00644	0.01880	0.01071	0.00941
47	0.01586	0.01057	0.01189	0.01189	0.01189	0.01057	0.00661	0.01586	0.01586	0.02114	0.03436	0.07135	0.03964	0.61681	0.05550	0.01057	0.01057	0.01586	0.00661	0.00661
48	0.69383	0.02109	0.01603	0.01434	0.02109	0.02446	0.01181	0.03205	0.01856	0.04892	0.01518	0.01771	0.01181	0.01012	0.00675	0.00337	0.00843	0.00590	0.00675	0.01181
49	0.02370	0.02255	0.03832	0.33624	0.30519	0.02504	0.03183	0.03058	0.02327	0.03163	0.01993	0.02806	0.01586	0.01033	0.01085	0.00344	0.01377	0.00970	0.00511	0.01462
50	0.02699	0.02591	0.04426	0.06693	0.54879	0.02591	0.03346	0.03346	0.02483	0.03562	0.02051	0.02699	0.01727	0.00972	0.01079	0.00324	0.01295	0.00972	0.00540	0.01727
51	0.02915	0.62337	0.05714	0.01866	0.02799	0.04314	0.01866	0.03265	0.02215	0.02565	0.01516	0.01749	0.01399	0.00933	0.00700	0.00233	0.01166	0.00583	0.00466	0.01399
52	0.01558	0.01168	0.01752	0.01752	0.01947	0.01363	0.01363	0.01947	0.01752	0.02531	0.02921	0.04283	0.02726	0.08178	0.57360	0.01752	0.02921	0.01168	0.00584	0.00974
53	0.02574	0.02941	0.06434	0.04596	0.05699	0.02757	0.50919	0.03493	0.02574	0.03493	0.02206	0.02941	0.01654	0.00919	0.01287	0.00368	0.01838	0.01287	0.00551	0.01471
54	0.02574	0.02941	0.06434	0.04596	0.05699	0.02757	0.50919	0.03493	0.02574	0.03493	0.02206	0.02941	0.01654	0.00919	0.01287	0.00368	0.01838	0.01287	0.00551	0.01471
55	0.01759	0.00947	0.01383	0.01444	0.01459	0.00932	0.00963	0.01444	0.01580	0.02107	0.02878	0.17101	0.03166	0.03699	0.03575	0.52056	0.00872	0.01462	0.00602	0.00572
56	0.02083	0.01940	0.03250	0.46052	0.13832	0.02303	0.02885	0.02748	0.02215	0.02898	0.02337	0.08329	0.02034	0.01291	0.01117	0.00365	0.01353	0.01169	0.00542	0.01256
57	0.01467	0.01086	0.01369	0.01353	0.01596	0.00988	0.00994	0.01890	0.02826	0.03884	0.39464	0.17179	0.16851	0.02509	0.01304	0.00363	0.00540	0.02209	0.01139	0.00988
58	0.01317	0.01076	0.01164	0.01204	0.01506	0.00923	0.00879	0.01597	0.02460	0.03033	0.13675	0.19772	0.41925	0.02840	0.01308	0.00380	0.00564	0.02424	0.01028	0.00923
59	0.02334	0.03834	0.28200	0.16721	0.05237	0.02496	0.10993	0.06320	0.02497	0.03559	0.02141	0.02689	0.01567	0.01063	0.01075	0.00346	0.01510	0.00948	0.05000	0.01468
60	0.02152	0.02033	0.03438	0.51455	0.14389	0.02447	0.03074	0.02867	0.02224	0.02899	0.01954	0.02877	0.01493	0.01073	0.01089	0.00358	0.01431	0.00969	0.00493	0.01286
61	0.01717	0.01226	0.01711	0.01962	0.02195	0.01220	0.01687	0.02190	0.02470	0.03218	0.05795	0.16863	0.06363	0.03050	0.01495	0.00496	0.00969	0.43373	0.01005	0.00993
62	0.02638	0.01512	0.01910	0.01661	0.02135	0.01454	0.01296	0.03539	0.11069	0.18305	0.32762	0.06290	0.07116	0.01871	0.01206	0.00346	0.00682	0.01616	0.01226	0.01365
63	0.02057	0.01852	0.03059	0.53617	0.06925	0.02291	0.02816	0.02763	0.02190	0.02906	0.02090	0.03016	0.01579	0.01107	0.01059	0.00353	0.01365	0.00973	0.06791	0.01193
64	0.02915	0.62337	0.05714	0.01866	0.02799	0.04314	0.01866	0.03265	0.02215	0.02565	0.01516	0.01749	0.01399	0.00933	0.00700	0.00233	0.01166	0.00583	0.00466	0.01399
65	0.01366	0.00965	0.01254	0.01470	0.01525	0.00911	0.00961	0.01528	0.02015	0.02686	0.05636	0.53151	0.06740	0.11877	0.01996	0.00532	0.00694	0.02880	0.00961	0.00853
66	0.03113	0.52548	0.05264	0.02027	0.02897	0.13392	0.01907	0.03451	0.02365	0.02583	0.01545	0.01786	0.01400	0.00966	0.00748	0.00241	0.01303	0.00603	0.00483	0.01376
67	0.01573	0.01070	0.01283	0.01356	0.01401	0.01061	0.00871	0.01673	0.01792	0.02378	0.04148	0.15701	0.04770	0.44720	0.04360	0.00887	0.00988	0.08463	0.00761	0.00743
68	0.14368	0.16044	0.07440	0.01915	0.02823	0.02424	0.01772	0.04185	0.02587	0.27665	0.02871	0.02741	0.01979	0.01139	0.00914	0.00302	0.01016	0.00844	0.00920	0.06050
69	0.01420	0.01110	0.01286	0.01242	0.01553	0.00976	0.00931	0.01818	0.02794	0.03679	0.33292	0.09286	0.31732	0.02488	0.01287	0.00355	0.00533	0.02132	0.01109	0.00976
70	0.02356	0.18789	0.44362	0.02820	0.04274	0.02946	0.03527	0.03409	0.02282	0.03247	0.01854	0.02174	0.01385	0.01012	0.00958	0.00319	0.01508	0.00754	0.00462	0.01562
71	0.01466	0.01111	0.01350	0.01290	0.01581	0.00996	0.00968	0.01907	0.02903	0.03937	0.41099	0.08862	0.23765	0.02392	0.01287	0.00351	0.00526	0.02072	0.01143	0.00996
72	0.01512	0.01090	0.01430	0.01393	0.01622	0.01008	0.01026	0.01979	0.02941	0.04142	0.47290	0.15816	0.09841	0.02401	0.01301	0.00357	0.00532	0.02136	0.01173	0.01008
73	0.59909	0.02246	0.01845	0.01590	0.02293	0.02582	0.01310	0.10181	0.02331	0.05180	0.01678	0.01894	0.01279	0.01055	0.00735	0.00336	0.00895	0.00647	0.00735	0.01279
74	0.22385	0.01465	0.01615	0.01682	0.02046	0.01548	0.01391	0.02446	0.02365	0.03899	0.12447	0.12959	0.05461	0.02309	0.01205	0.00420	0.00840	0.21530	0.00936	0.01051
75	0.02295	0.07460	0.14828	0.01976	0.03089	0.01922	0.01962	0.02948	0.02267	0.03454	0.01910	0.02231	0.01545	0.00869	0.00851	0.00209	0.01019	0.00678	0.00590	0.47899
76	0.01295	0.01079	0.01131	0.01172	0.01491	0.00915	0.00859	0.01557	0.02420	0.02919	0.10220	0.18766	0.46696	0.02869	0.01306	0.00380	0.00565	0.02432	0.01012	0.00915
77	0.02062	0.01332	0.01933	0.01750	0.02117	0.01263	0.05811	0.02578	0.02650	0.08055	0.19609	0.11058	0.05932	0.02012	0.01179	0.00357	0.00766	0.09716	0.18702	0.01119
78	0.02059	0.01938	0.03270	0.59060	0.07510	0.02422	0.03028	0.02786	0.02180	0.02786	0.01938	0.02907	0.01453	0.01090	0.01090	0.00363	0.01453	0.00969	0.00484	0.01211
79	0.02187	0.05640	0.56031	0.03108	0.04719	0.02532	0.04029	0.03453	0.02302	0.03453	0.01957	0.02302	0.01381	0.01036	0.01036	0.00345	0.01611	0.00806	0.00460	0.01611
80	0.02912	0.08349	0.11595	0.02202	0.03251	0.02166	0.05189	0.07421	0.02662	0.12097	0.02356	0.02528	0.01754	0.00992	0.00936	0.00253	0.01090	0.00809	0.00744	0.30693

[dist]
# distance from previous block
# <min> <max>
0	11

[block]
# block no. 4 follows, 12 sequences, length 33
# corresponding to MSA columns:
# 291-323
name=unknown_E
#
# <colnr> <probs for GDERKNQSTAVLIFYWHMCP>
#	G	D	E	R	K	N	Q	S	T	A	V	L	I	F	Y	W	H	M	C	P
0	0.02837	0.55112	0.05301	0.01836	0.02773	0.03972	0.01797	0.03203	0.02221	0.02683	0.01566	0.01810	0.01425	0.00918	0.00713	0.00225	0.01123	0.00591	0.00488	0.09407
1	0.69383	0.02109	0.01603	0.01434	0.02109	0.02446	0.01181	0.03205	0.01856	0.04892	0.01518	0.01771	0.01181	0.01012	0.00675	0.00337	0.00843	0.00590	0.00675	0.01181
2	0.01352	0.00967	0.01286	0.01502	0.01587	0.00901	0.01014	0.01578	0.02198	0.02959	0.11343	0.55135	0.07551	0.03285	0.01380	0.00432	0.00620	0.02975	0.01033	0.00901
3	0.04892	0.01856	0.02530	0.01940	0.02783	0.01603	0.01603	0.05314	0.03121	0.55634	0.04302	0.03711	0.02699	0.01350	0.01096	0.00337	0.00928	0.01096	0.01350	0.01856
4	0.01757	0.01255	0.01757	0.02008	0.02259	0.01255	0.01757	0.02259	0.02510	0.03263	0.05773	0.12299	0.06275	0.03012	0.01506	0.00502	0.01004	0.47540	0.01004	0.01004
5	0.04145	0.03054	0.03272	0.02509	0.03381	0.03381	0.02072	0.51243	0.05127	0.06872	0.02618	0.02618	0.01854	0.01309	0.01091	0.00327	0.01200	0.00982	0.01091	0.01854
6	0.04145	0.03054	0.03272	0.02509	0.03381	0.03381	0.02072	0.51243	0.05127	0.06872	0.02618	0.02618	0.01854	0.01309	0.01091	0.00327	0.01200	0.00982	0.01091	0.01854
7	0.02059	0.01938	0.03270	0.59060	0.07510	0.02422	0.03028	0.02786	0.02180	0.02786	0.01938	0.02907	0.01453	0.01090	0.01090	0.00363	0.01453	0.00969	0.00484	0.01211
8	0.04073	0.05197	0.03090	0.02809	0.03371	0.57303	0.02107	0.04354	0.03090	0.02669	0.01685	0.01966	0.01404	0.01124	0.00983	0.00281	0.01966	0.00702	0.00562	0.01264
9	0.03079	0.01551	0.02006	0.01739	0.02259	0.01452	0.01355	0.03809	0.08901	0.26034	0.19273	0.14198	0.05723	0.01953	0.01201	0.00360	0.00752	0.01690	0.01223	0.01442
10	0.01659	0.01386	0.02156	0.25441	0.04087	0.01581	0.01891	0.02096	0.02086	0.02754	0.03949	0.30077	0.04284	0.03020	0.07961	0.00566	0.01247	0.01984	0.00742	0.01031
11	0.01328	0.00949	0.01265	0.01518	0.01581	0.00886	0.01012	0.01518	0.02088	0.02783	0.06010	0.60969	0.07212	0.03416	0.01392	0.00443	0.00633	0.03100	0.01012	0.00886
12	0.03356	0.02416	0.02646	0.02236	0.02942	0.02679	0.01780	0.15313	0.35015	0.13058	0.04032	0.03706	0.02919	0.01423	0.01103	0.00356	0.00944	0.01158	0.01143	0.01773
13	0.02559	0.02411	0.08726	0.01928	0.02852	0.01796	0.01715	0.07130	0.06279	0.07765	0.02710	0.07592	0.02297	0.01191	0.00952	0.00250	0.00934	0.00981	0.00779	0.39153
14	0.02404	0.09373	0.35013	0.03978	0.16198	0.02716	0.08391	0.03417	0.02364	0.03408	0.01967	0.02411	0.01490	0.01001	0.01043	0.00333	0.01524	0.00874	0.00488	0.01606
15	0.03698	0.11470	0.03488	0.02778	0.07482	0.17337	0.02099	0.07239	0.02802	0.16573	0.02380	0.02567	0.01799	0.01298	0.01463	0.00331	0.12051	0.00875	0.00769	0.01502
16	0.02059	0.01938	0.03270	0.59060	0.07510	0.02422	0.03028	0.02786	0.02180	0.02786	0.01938	0.02907	0.01453	0.01090	0.01090	0.00363	0.01453	0.00969	0.00484	0.01211
17	0.02777	0.03007	0.14804	0.03966	0.15364	0.02273	0.17117	0.03542	0.02537	0.12237	0.02896	0.09298	0.02405	0.01303	0.01170	0.00357	0.01386	0.01288	0.00716	0.01556
18	0.03045	0.02862	0.08285	0.15449	0.15629	0.07918	0.08495	0.03683	0.02538	0.13294	0.02390	0.02836	0.01765	0.01155	0.01286	0.00349	0.05838	0.00990	0.00677	0.01517
19	0.04175	0.01645	0.02151	0.01708	0.02404	0.01456	0.01392	0.04619	0.02912	0.42706	0.04115	0.03800	0.02723	0.01330	0.01013	0.00316	0.00823	0.01076	0.17992	0.01645
20	0.01915	0.02038	0.08410	0.08138	0.02972	0.01661	0.01745	0.02864	0.10466	0.03557	0.12917	0.16590	0.08043	0.01901	0.01153	0.00344	0.00879	0.01653	0.00878	0.11876
21	0.08505	0.01782	0.02098	0.07397	0.02730	0.01864	0.01487	0.12889	0.03096	0.14221	0.11278	0.04052	0.03515	0.01406	0.01000	0.00316	0.00849	0.01137	0.18998	0.01377
22	0.01317	0.01106	0.01144	0.01134	0.01490	0.00932	0.00851	0.01619	0.02552	0.03103	0.15823	0.10234	0.49561	0.02703	0.01288	0.00365	0.00548	0.02265	0.01033	0.00932
23	0.03538	0.02800	0.02903	0.02359	0.03047	0.07554	0.01911	0.35756	0.04167	0.05502	0.02608	0.02949	0.02018	0.02888	0.14152	0.00654	0.01666	0.01001	0.00928	0.01599
24	0.02169	0.02446	0.09026	0.19767	0.12992	0.02214	0.13361	0.02931	0.02536	0.03498	0.14065	0.04026	0.03567	0.01290	0.01172	0.00352	0.01314	0.01254	0.00670	0.01349
25	0.13024	0.02178	0.02590	0.02012	0.02841	0.02142	0.01662	0.16151	0.03443	0.37299	0.03536	0.03197	0.02299	0.01296	0.01041	0.00335	0.00983	0.01003	0.01200	0.01768
26	0.01324	0.00964	0.01249	0.01477	0.01571	0.00889	0.00994	0.01523	0.02127	0.02800	0.06514	0.55911	0.11943	0.03350	0.01381	0.00435	0.00625	0.03020	0.01012	0.00889
27	0.03231	0.02595	0.09218	0.16901	0.10673	0.02332	0.06526	0.07520	0.06502	0.19061	0.02909	0.03120	0.02031	0.01177	0.01102	0.00347	0.01266	0.01035	0.00840	0.01614
28	0.10205	0.09526	0.11286	0.02109	0.02836	0.02048	0.05422	0.03227	0.02250	0.15209	0.02810	0.08636	0.02376	0.01887	0.01684	0.14241	0.01098	0.01117	0.00755	0.01279
29	0.03244	0.01828	0.06448	0.01829	0.02456	0.01414	0.01562	0.03711	0.02846	0.29853	0.15431	0.15645	0.05132	0.01917	0.01190	0.00360	0.00836	0.01652	0.01178	0.01466
30	0.02581	0.03178	0.20224	0.12407	0.17543	0.02222	0.03016	0.03393	0.02443	0.09646	0.02654	0.03542	0.02104	0.01230	0.01080	0.00347	0.01304	0.04462	0.05102	0.01523
31	0.03447	0.10139	0.16261	0.07432	0.07410	0.02373	0.06188	0.04141	0.02653	0.24898	0.02898	0.02944	0.01979	0.01145	0.01047	0.00330	0.01258	0.00961	0.00843	0.01651
32	0.10871	0.02156	0.06802	0.02062	0.02761	0.01895	0.05245	0.03900	0.11879	0.17969	0.09356	0.09302	0.07849	0.01657	0.01118	0.00358	0.00932	0.01410	0.01020	0.01459

[dist]
# distance from previous block
# <min> <max>
0	14

[block]
# block no. 5 follows, 12 sequences, length 38
# corresponding to MSA columns:
# 340-377
name=unknown_F
#
# <colnr> <probs for GDERKNQSTAVLIFYWHMCP>
#	G	D	E	R	K	N	Q	S	T	A	V	L	I	F	Y	W	H	M	C	P
0	0.03092	0.02594	0.02876	0.03015	0.12355	0.08587	0.02007	0.14182	0.15435	0.07984	0.07398	0.09141	0.03391	0.01550	0.01126	0.00345	0.01093	0.01303	0.00953	0.01573
1	0.02977	0.12941	0.11798	0.02275	0.03074	0.07577	0.02129	0.07704	0.12152	0.10385	0.03385	0.07876	0.02910	0.01558	0.01078	0.00347	0.01173	0.06306	0.00856	0.01498
2	0.03387	0.01850	0.02280	0.01752	0.02536	0.01608	0.01417	0.07993	0.02941	0.24699	0.08197	0.03590	0.03011	0.01244	0.00991	0.00271	0.00838	0.01014	0.06348	0.24031
3	0.14781	0.07779	0.03729	0.02891	0.07506	0.02672	0.12152	0.10995	0.07535	0.15296	0.02724	0.02835	0.01961	0.01140	0.01028	0.00335	0.01189	0.00990	0.00863	0.01596
4	0.10230	0.08508	0.19324	0.02536	0.03478	0.02642	0.06082	0.06892	0.07177	0.08510	0.06478	0.03023	0.02421	0.01278	0.01255	0.00349	0.06605	0.00982	0.00734	0.01498
5	0.01797	0.01089	0.01417	0.01456	0.01643	0.01005	0.01016	0.01978	0.02268	0.08075	0.13559	0.30587	0.10710	0.08364	0.02042	0.08098	0.00709	0.02263	0.00983	0.00940
6	0.02620	0.02310	0.04266	0.03490	0.08650	0.02204	0.24444	0.06937	0.02955	0.08554	0.17035	0.04422	0.04192	0.01360	0.01236	0.00351	0.01288	0.01410	0.00844	0.01433
7	0.16596	0.17317	0.03587	0.10543	0.03620	0.02975	0.05544	0.07496	0.10459	0.08419	0.02419	0.02618	0.01834	0.01123	0.00926	0.00322	0.01127	0.00872	0.00745	0.01459
8	0.02721	0.02126	0.03551	0.07768	0.03773	0.02161	0.16595	0.07800	0.02644	0.11712	0.03592	0.09319	0.06207	0.08311	0.01887	0.00452	0.05794	0.01443	0.00806	0.01342
9	0.01434	0.01097	0.01315	0.01289	0.01569	0.00978	0.00956	0.01835	0.02785	0.03724	0.34649	0.13589	0.25782	0.02523	0.01296	0.00361	0.00538	0.02188	0.01117	0.00978
10	0.02897	0.02095	0.02898	0.21052	0.10072	0.02304	0.02240	0.12389	0.06993	0.10835	0.06654	0.03525	0.02654	0.01284	0.01076	0.00338	0.01116	0.01089	0.07010	0.01482
11	0.19753	0.14257	0.08546	0.14422	0.04327	0.02938	0.10555	0.07009	0.02416	0.03788	0.01850	0.02321	0.01433	0.01023	0.00937	0.00328	0.01301	0.00838	0.00587	0.01371
12	0.03036	0.01856	0.02745	0.16650	0.03956	0.01919	0.05581	0.08144	0.02806	0.18754	0.03560	0.08607	0.02909	0.01551	0.01131	0.00359	0.01094	0.05473	0.08455	0.01414
13	0.01293	0.01089	0.01120	0.01145	0.01483	0.00917	0.00846	0.01560	0.02446	0.02930	0.10552	0.15438	0.49811	0.02826	0.01299	0.00375	0.00560	0.02379	0.01012	0.00917
14	0.03253	0.03990	0.27679	0.07674	0.04201	0.06674	0.02939	0.07787	0.02812	0.18502	0.02655	0.02757	0.01803	0.01159	0.01058	0.00338	0.01398	0.00909	0.00774	0.01637
15	0.08488	0.08136	0.11766	0.02366	0.03200	0.07193	0.06506	0.03765	0.02594	0.19087	0.03307	0.09953	0.02785	0.01521	0.01086	0.00350	0.01206	0.04364	0.00864	0.01464
16	0.23232	0.02169	0.02337	0.01906	0.02631	0.02266	0.01550	0.16879	0.03197	0.22262	0.03193	0.08453	0.02465	0.01442	0.01000	0.00345	0.00949	0.01113	0.01048	0.01563
17	0.69383	0.02109	0.01603	0.01434	0.02109	0.02446	0.01181	0.03205	0.01856	0.04892	0.01518	0.01771	0.01181	0.01012	0.00675	0.00337	0.00843	0.00590	0.00675	0.01181
18	0.69383	0.02109	0.01603	0.01434	0.02109	0.02446	0.01181	0.03205	0.01856	0.04892	0.01518	0.01771	0.01181	0.01012	0.00675	0.00337	0.00843	0.00590	0.00675	0.01181
19	0.02451	0.02517	0.11309	0.10731	0.18093	0.02078	0.02528	0.03339	0.06948	0.08713	0.11707	0.08181	0.03751	0.01477	0.01137	0.00350	0.01108	0.01311	0.00798	0.01472
20	0.01611	0.01466	0.05574	0.01560	0.01918	0.01162	0.01320	0.02181	0.02975	0.04202	0.45931	0.08088	0.09253	0.02211	0.01287	0.00358	0.00642	0.06064	0.01127	0.01070
21	0.02915	0.62337	0.05714	0.01866	0.02799	0.04314	0.01866	0.03265	0.02215	0.02565	0.01516	0.01749	0.01399	0.00933	0.00700	0.00233	0.01166	0.00583	0.00466	0.01399
22	0.01558	0.01168	0.01752	0.01752	0.01947	0.01363	0.01363	0.01947	0.01752	0.02531	0.02921	0.04283	0.02726	0.08178	0.57360	0.01752	0.02921	0.01168	0.00584	0.00974
23	0.01850	0.01183	0.01556	0.01424	0.01735	0.01081	0.01081	0.02356	0.03090	0.09074	0.49718	0.07738	0.09592	0.02148	0.01269	0.00342	0.00552	0.01892	0.01214	0.01105
24	0.02357	0.10141	0.38195	0.03389	0.04803	0.02756	0.16313	0.03446	0.02366	0.03382	0.01982	0.02421	0.01456	0.00995	0.01072	0.00341	0.01631	0.00913	0.00485	0.01554
25	0.01713	0.01120	0.01412	0.01419	0.01683	0.01007	0.01033	0.02055	0.02613	0.08072	0.23897	0.26951	0.17555	0.02680	0.01307	0.00383	0.00601	0.02361	0.01108	0.01029
26	0.01602	0.01204	0.01680	0.07994	0.02389	0.01200	0.01374	0.02085	0.02723	0.03746	0.32291	0.16955	0.08112	0.02428	0.01318	0.00388	0.00722	0.09713	0.01056	0.01022
27	0.02641	0.35667	0.18687	0.02583	0.03630	0.03590	0.07993	0.03284	0.02231	0.02906	0.01701	0.02083	0.01426	0.01043	0.01104	0.00299	0.06460	0.00753	0.00475	0.01445
28	0.03758	0.02053	0.03196	0.08739	0.03750	0.01855	0.09643	0.04304	0.02782	0.32538	0.03301	0.03253	0.02208	0.01160	0.01078	0.00316	0.01113	0.01037	0.01005	0.12910
29	0.07818	0.03135	0.17863	0.10931	0.08700	0.02509	0.02737	0.07034	0.02454	0.08682	0.02404	0.06595	0.01983	0.01393	0.01467	0.00371	0.10748	0.01052	0.00665	0.01457
30	0.03318	0.07580	0.03136	0.02397	0.03072	0.07365	0.01948	0.21473	0.23456	0.04914	0.03079	0.03055	0.02333	0.01385	0.01276	0.00346	0.06222	0.01026	0.00954	0.01664
31	0.01328	0.00949	0.01265	0.01518	0.01581	0.00886	0.01012	0.01518	0.02088	0.02783	0.06010	0.60969	0.07212	0.03416	0.01392	0.00443	0.00633	0.03100	0.01012	0.00886
32	0.07741	0.02737	0.09430	0.19833	0.13582	0.02629	0.07142	0.07786	0.11050	0.03877	0.02431	0.02888	0.01840	0.01127	0.01071	0.00351	0.01311	0.00996	0.00670	0.01509
33	0.09807	0.02251	0.06451	0.01713	0.02700	0.01651	0.01497	0.02853	0.02219	0.03696	0.01892	0.02209	0.01548	0.00849	0.00811	0.00196	0.00875	0.00652	0.00635	0.55497
34	0.01524	0.01185	0.01474	0.01420	0.01742	0.01080	0.01060	0.01897	0.02442	0.03330	0.20324	0.16567	0.18829	0.03412	0.10687	0.00583	0.00982	0.01967	0.00954	0.08541
35	0.02769	0.03218	0.22080	0.02312	0.03254	0.02058	0.02406	0.11188	0.03047	0.13161	0.13384	0.09155	0.04015	0.01594	0.01138	0.00349	0.01115	0.01330	0.00918	0.01510
36	0.19038	0.25580	0.09500	0.05801	0.03043	0.02954	0.01912	0.03269	0.02151	0.08383	0.01903	0.02233	0.01521	0.01278	0.01125	0.06554	0.01114	0.00720	0.00605	0.01317
37	0.09225	0.06464	0.02480	0.02271	0.08171	0.06173	0.01572	0.03119	0.02598	0.12491	0.13793	0.13339	0.04458	0.01698	0.01076	0.00326	0.00916	0.01433	0.00912	0.07484

[dist]
# distance from previous block
# <min> <max>
0	5

[block]
# block no. 6 follows, 12 sequences, length 6
# corresponding to MSA columns:
# 383-388
name=unknown_G
#
# <colnr> <probs for GDERKNQSTAVLIFYWHMCP>
#	G	D	E	R	K	N	Q	S	T	A	V	L	I	F	Y	W	H	M	C	P
0	0.15120	0.01958	0.02360	0.07651	0.08741	0.02133	0.01758	0.07523	0.12312	0.06939	0.07059	0.14937	0.03678	0.01717	0.01089	0.00365	0.00925	0.01455	0.00903	0.01376
1	0.16623	0.06840	0.07962	0.09540	0.06154	0.02435	0.02042	0.11032	0.02719	0.09479	0.02534	0.07507	0.02106	0.01288	0.00971	0.00325	0.01089	0.01017	0.00771	0.07566
2	0.18117	0.02369	0.03479	0.08249	0.08733	0.02583	0.13239	0.09999	0.02613	0.04227	0.02149	0.02674	0.01671	0.01148	0.01229	0.00347	0.06567	0.00961	0.08263	0.01383
3	0.02256	0.08508	0.08737	0.02027	0.02804	0.02126	0.01850	0.03009	0.06551	0.03315	0.02512	0.03495	0.02231	0.01926	0.06676	0.00423	0.06616	0.05075	0.00658	0.29205
4	0.02305	0.01572	0.01971	0.02062	0.07398	0.01564	0.01403	0.03287	0.12453	0.09913	0.20821	0.06011	0.11787	0.01786	0.01135	0.00336	0.00713	0.01532	0.10638	0.01313
5	0.01522	0.01133	0.01459	0.01480	0.01726	0.01008	0.01054	0.01861	0.02453	0.03428	0.22076	0.35302	0.07551	0.02674	0.01281	0.00372	0.00614	0.02398	0.01030	0.09579

[dist]
# distance from previous block
# <min> <max>
2	30

# created by:
# /st0/software/busco_prod/Augustus/scripts/msa2prfl.pl ./align_prep/4573.fa
