[name]
unknown

[dist]
# distance from previous block
# <min> <max>
0	125

[block]
# block no. 0 follows, 12 sequences, length 16
# corresponding to MSA columns:
# 125-140
name=unknown_A
#
# <colnr> <probs for GDERKNQSTAVLIFYWHMCP>
#	G	D	E	R	K	N	Q	S	T	A	V	L	I	F	Y	W	H	M	C	P
0	0.08043	0.02813	0.09765	0.03825	0.18037	0.06869	0.10814	0.03102	0.02519	0.03590	0.08588	0.08088	0.03298	0.01447	0.01143	0.00354	0.01287	0.04337	0.00688	0.01393
1	0.10433	0.29120	0.28392	0.02386	0.03601	0.03273	0.02780	0.03344	0.02213	0.03249	0.01719	0.02006	0.01365	0.00990	0.00852	0.00297	0.01333	0.00686	0.00488	0.01471
2	0.02133	0.02014	0.03404	0.52988	0.13002	0.02442	0.03065	0.02851	0.02215	0.02876	0.01951	0.02883	0.01485	0.01076	0.01089	0.00359	0.01435	0.00969	0.00491	0.01271
3	0.01328	0.00949	0.01265	0.01518	0.01581	0.00886	0.01012	0.01518	0.02088	0.02783	0.06010	0.60969	0.07212	0.03416	0.01392	0.00443	0.00633	0.03100	0.01012	0.00886
4	0.03002	0.17918	0.19432	0.03177	0.08250	0.09237	0.10375	0.03730	0.02528	0.09332	0.02145	0.02433	0.01616	0.01035	0.01001	0.00312	0.01475	0.00865	0.00600	0.01537
5	0.04032	0.02505	0.08766	0.02126	0.03018	0.02067	0.01918	0.15723	0.03442	0.32525	0.04314	0.03977	0.07619	0.01447	0.01108	0.00339	0.01034	0.01158	0.01150	0.01732
6	0.01328	0.00949	0.01265	0.01518	0.01581	0.00886	0.01012	0.01518	0.02088	0.02783	0.06010	0.60969	0.07212	0.03416	0.01392	0.00443	0.00633	0.03100	0.01012	0.00886
7	0.03375	0.02188	0.03626	0.17204	0.18505	0.02188	0.07451	0.03983	0.02665	0.23367	0.02904	0.03162	0.02027	0.01140	0.01110	0.00343	0.01247	0.01051	0.00839	0.01627
8	0.02909	0.22217	0.20778	0.02782	0.07912	0.03135	0.02667	0.08649	0.08224	0.07383	0.02336	0.02491	0.01774	0.01097	0.00952	0.00309	0.01272	0.00836	0.00668	0.01610
9	0.02673	0.03228	0.14304	0.10806	0.22389	0.02695	0.14690	0.08998	0.02750	0.03830	0.02125	0.02696	0.01630	0.01024	0.01123	0.00343	0.01491	0.01017	0.00587	0.01602
10	0.01316	0.00996	0.01216	0.01392	0.01548	0.00896	0.00956	0.01532	0.02209	0.02833	0.07541	0.45616	0.21576	0.03217	0.01360	0.00420	0.00608	0.02857	0.01012	0.00896
11	0.08209	0.02859	0.13787	0.13341	0.04306	0.02413	0.08386	0.03767	0.11199	0.09329	0.03142	0.03400	0.05011	0.01294	0.01230	0.00363	0.04680	0.01081	0.00739	0.01464
12	0.02696	0.06884	0.07584	0.09325	0.07790	0.08287	0.05594	0.03468	0.08183	0.08364	0.02800	0.03884	0.02422	0.15648	0.02131	0.00505	0.01301	0.01113	0.00702	0.01320
13	0.02393	0.11109	0.37639	0.02758	0.04056	0.02772	0.03238	0.03993	0.14421	0.03621	0.02503	0.02664	0.01850	0.01131	0.01016	0.00339	0.01383	0.00883	0.00617	0.01615
14	0.01747	0.01329	0.01852	0.01777	0.01927	0.01598	0.01375	0.02083	0.01784	0.02681	0.02819	0.04275	0.02668	0.12286	0.36527	0.01299	0.11324	0.01163	0.08509	0.00978
15	0.22424	0.02741	0.11580	0.06241	0.07005	0.02408	0.02177	0.03029	0.02055	0.03727	0.01736	0.02218	0.01411	0.01129	0.01324	0.00325	0.11207	0.00755	0.00575	0.15934

[dist]
# distance from previous block
# <min> <max>
0	1

[block]
# block no. 1 follows, 12 sequences, length 18
# corresponding to MSA columns:
# 142-159
name=unknown_B
#
# <colnr> <probs for GDERKNQSTAVLIFYWHMCP>
#	G	D	E	R	K	N	Q	S	T	A	V	L	I	F	Y	W	H	M	C	P
0	0.02122	0.01243	0.01643	0.01470	0.01828	0.01128	0.01128	0.02620	0.03092	0.13232	0.45662	0.07378	0.08976	0.02077	0.01253	0.00342	0.00586	0.01821	0.01226	0.01172
1	0.02748	0.02979	0.14708	0.02547	0.07297	0.02156	0.02231	0.08175	0.09669	0.08519	0.02568	0.02716	0.01926	0.01060	0.00974	0.00276	0.01082	0.00860	0.00763	0.26745
2	0.01594	0.01277	0.01445	0.01373	0.01726	0.01211	0.01038	0.02355	0.09585	0.03794	0.29230	0.08587	0.28037	0.02353	0.01263	0.00357	0.00578	0.02011	0.01108	0.01077
3	0.02330	0.02313	0.02835	0.02497	0.02570	0.07653	0.02002	0.02557	0.01796	0.02546	0.01905	0.03227	0.01931	0.10867	0.09845	0.00688	0.39772	0.01044	0.00523	0.01100
4	0.02219	0.01685	0.01848	0.01671	0.02154	0.01751	0.01278	0.03735	0.22798	0.04114	0.09784	0.09412	0.04112	0.01595	0.01026	0.00315	0.00705	0.01350	0.17802	0.10645
5	0.01592	0.01970	0.11978	0.01681	0.02195	0.01282	0.01573	0.02165	0.02686	0.03714	0.29569	0.14773	0.16139	0.02259	0.01253	0.00362	0.00751	0.01962	0.00996	0.01103
6	0.02979	0.02514	0.08452	0.02713	0.03556	0.02160	0.15072	0.09237	0.07006	0.15252	0.12524	0.04396	0.06178	0.01436	0.01186	0.00350	0.01173	0.01333	0.00958	0.01525
7	0.01487	0.01184	0.01753	0.01763	0.01990	0.01098	0.05401	0.01806	0.02300	0.03035	0.10139	0.40537	0.13286	0.02980	0.01371	0.00424	0.00751	0.06746	0.00986	0.00963
8	0.02915	0.62337	0.05714	0.01866	0.02799	0.04314	0.01866	0.03265	0.02215	0.02565	0.01516	0.01749	0.01399	0.00933	0.00700	0.00233	0.01166	0.00583	0.00466	0.01399
9	0.01514	0.01092	0.01431	0.01392	0.01623	0.01009	0.01027	0.01985	0.02951	0.04157	0.47758	0.15305	0.09871	0.02390	0.01300	0.00356	0.00530	0.02125	0.01175	0.01009
10	0.02527	0.02290	0.03790	0.27579	0.05525	0.02530	0.14615	0.09908	0.06680	0.03791	0.02449	0.03076	0.01833	0.01125	0.01110	0.00350	0.01379	0.01076	0.06980	0.01388
11	0.03341	0.31678	0.04541	0.02866	0.10256	0.18337	0.02161	0.09126	0.02827	0.03230	0.01764	0.02040	0.01499	0.01033	0.00875	0.00270	0.01405	0.00715	0.00575	0.01461
12	0.01853	0.01506	0.01696	0.01647	0.02009	0.01565	0.01229	0.03147	0.20207	0.03794	0.17249	0.18955	0.16168	0.02339	0.01248	0.00380	0.00671	0.02031	0.01088	0.01219
13	0.03546	0.21825	0.13214	0.02348	0.03329	0.09439	0.02274	0.14234	0.03129	0.13285	0.02358	0.02417	0.01731	0.01130	0.00949	0.00298	0.01302	0.00816	0.00772	0.01603
14	0.03485	0.03507	0.24728	0.03063	0.10639	0.02118	0.02834	0.04284	0.02699	0.27176	0.03035	0.02996	0.02027	0.01170	0.01069	0.00339	0.01258	0.00960	0.00875	0.01738
15	0.01583	0.01741	0.08970	0.01561	0.02028	0.01217	0.01407	0.02156	0.02861	0.03967	0.38621	0.07790	0.17635	0.02167	0.01252	0.00348	0.00674	0.01874	0.01061	0.01089
16	0.08423	0.13525	0.10708	0.02410	0.03214	0.02683	0.06508	0.09849	0.08566	0.03965	0.03198	0.04975	0.02912	0.01590	0.01100	0.00366	0.01189	0.12617	0.00786	0.01416
17	0.12035	0.02084	0.02402	0.06985	0.03030	0.02256	0.01755	0.20367	0.03323	0.09607	0.03621	0.14547	0.03392	0.01872	0.01147	0.00378	0.01018	0.07790	0.00980	0.01414

[dist]
# distance from previous block
# <min> <max>
0	2

[block]
# block no. 2 follows, 12 sequences, length 6
# corresponding to MSA columns:
# 162-167
name=unknown_C
#
# <colnr> <probs for GDERKNQSTAVLIFYWHMCP>
#	G	D	E	R	K	N	Q	S	T	A	V	L	I	F	Y	W	H	M	C	P
0	0.01320	0.00984	0.01229	0.01426	0.01557	0.00893	0.00971	0.01529	0.02176	0.02820	0.07132	0.49720	0.17736	0.03270	0.01369	0.00426	0.00615	0.02922	0.01012	0.00893
1	0.02140	0.01800	0.02126	0.01574	0.02424	0.01382	0.01248	0.02630	0.02400	0.03691	0.10732	0.03249	0.03071	0.01046	0.00888	0.00192	0.00758	0.00869	0.00739	0.57042
2	0.07296	0.08424	0.24075	0.02787	0.03988	0.02640	0.10156	0.10127	0.02702	0.03995	0.02021	0.02358	0.01518	0.01009	0.00992	0.00306	0.01364	0.00846	0.00611	0.12784
3	0.14156	0.02464	0.04023	0.11438	0.15765	0.02531	0.15632	0.07276	0.02646	0.10265	0.02307	0.02755	0.01707	0.01053	0.01073	0.00345	0.01337	0.01009	0.00700	0.01521
4	0.01376	0.00986	0.01308	0.01486	0.01592	0.00918	0.01016	0.01638	0.02310	0.03138	0.16772	0.49197	0.07897	0.03151	0.01368	0.00421	0.00606	0.02848	0.01054	0.00918
5	0.02261	0.01938	0.02261	0.01615	0.02584	0.01453	0.01292	0.02745	0.02261	0.03553	0.01938	0.02261	0.01615	0.00807	0.00807	0.00161	0.00807	0.00646	0.00646	0.68346

[dist]
# distance from previous block
# <min> <max>
0	3

[block]
# block no. 3 follows, 12 sequences, length 86
# corresponding to MSA columns:
# 171-256
name=unknown_D
#
# <colnr> <probs for GDERKNQSTAVLIFYWHMCP>
#	G	D	E	R	K	N	Q	S	T	A	V	L	I	F	Y	W	H	M	C	P
0	0.03374	0.01952	0.02991	0.19142	0.14015	0.01980	0.02265	0.03891	0.02597	0.25881	0.03118	0.03581	0.02265	0.06402	0.01475	0.00404	0.01160	0.01078	0.00887	0.01543
1	0.03024	0.28458	0.18156	0.02459	0.03549	0.03154	0.06603	0.03837	0.05446	0.12120	0.02343	0.02472	0.01755	0.01063	0.00931	0.00300	0.01281	0.00829	0.00662	0.01559
2	0.01543	0.01115	0.01457	0.01372	0.01629	0.01029	0.01029	0.02058	0.03086	0.04372	0.54304	0.08145	0.10288	0.02229	0.01286	0.00343	0.00514	0.01972	0.01200	0.01029
3	0.03022	0.47314	0.10750	0.02096	0.03093	0.03982	0.02129	0.10515	0.02663	0.03310	0.01729	0.01939	0.01466	0.01001	0.00795	0.00259	0.01219	0.00667	0.00560	0.01491
4	0.01319	0.01089	0.01158	0.01176	0.01500	0.00928	0.00869	0.01610	0.02504	0.03074	0.14938	0.15674	0.44840	0.02777	0.01299	0.00374	0.00557	0.02353	0.01032	0.00928
5	0.01328	0.00949	0.01265	0.01518	0.01581	0.00886	0.01012	0.01518	0.02088	0.02783	0.06010	0.60969	0.07212	0.03416	0.01392	0.00443	0.00633	0.03100	0.01012	0.00886
6	0.01519	0.01114	0.01423	0.01346	0.01614	0.01018	0.01009	0.02010	0.03028	0.04234	0.50120	0.08372	0.14558	0.02281	0.01286	0.00345	0.00518	0.02004	0.01182	0.01018
7	0.03878	0.04847	0.03001	0.02681	0.03286	0.51305	0.02019	0.04181	0.03001	0.02764	0.01713	0.01998	0.01427	0.01090	0.00964	0.00268	0.01842	0.00696	0.00571	0.08469
8	0.04073	0.05197	0.03090	0.02809	0.03371	0.57303	0.02107	0.04354	0.03090	0.02669	0.01685	0.01966	0.01404	0.01124	0.00983	0.00281	0.01966	0.00702	0.00562	0.01264
9	0.04892	0.01856	0.02530	0.01940	0.02783	0.01603	0.01603	0.05314	0.03121	0.55634	0.04302	0.03711	0.02699	0.01350	0.01096	0.00337	0.00928	0.01096	0.01350	0.01856
10	0.69383	0.02109	0.01603	0.01434	0.02109	0.02446	0.01181	0.03205	0.01856	0.04892	0.01518	0.01771	0.01181	0.01012	0.00675	0.00337	0.00843	0.00590	0.00675	0.01181
11	0.11583	0.01124	0.01316	0.01506	0.01661	0.01121	0.01038	0.01772	0.02053	0.03101	0.05333	0.52049	0.06303	0.03054	0.01284	0.00427	0.00664	0.02722	0.00961	0.00930
12	0.04892	0.01856	0.02530	0.01940	0.02783	0.01603	0.01603	0.05314	0.03121	0.55634	0.04302	0.03711	0.02699	0.01350	0.01096	0.00337	0.00928	0.01096	0.01350	0.01856
13	0.01328	0.00949	0.01265	0.01518	0.01581	0.00886	0.01012	0.01518	0.02088	0.02783	0.06010	0.60969	0.07212	0.03416	0.01392	0.00443	0.00633	0.03100	0.01012	0.00886
14	0.69383	0.02109	0.01603	0.01434	0.02109	0.02446	0.01181	0.03205	0.01856	0.04892	0.01518	0.01771	0.01181	0.01012	0.00675	0.00337	0.00843	0.00590	0.00675	0.01181
15	0.02707	0.02296	0.02627	0.02611	0.08086	0.02576	0.01846	0.08998	0.38336	0.04635	0.09395	0.04243	0.03787	0.01493	0.01124	0.00359	0.00898	0.01264	0.01059	0.01662
16	0.04061	0.08323	0.07448	0.02092	0.02937	0.06729	0.01859	0.07389	0.03079	0.34075	0.07860	0.03571	0.02959	0.01337	0.01059	0.00323	0.01078	0.01058	0.01092	0.01668
17	0.03399	0.02201	0.02835	0.02624	0.10656	0.01994	0.01822	0.11774	0.03025	0.19037	0.02747	0.02803	0.01983	0.01072	0.00979	0.00264	0.00982	0.00881	0.00907	0.28014
18	0.01884	0.01173	0.01395	0.01296	0.01646	0.01053	0.00987	0.02316	0.02789	0.09151	0.28536	0.07781	0.21646	0.02154	0.01188	0.00337	0.00567	0.01837	0.11184	0.01079
19	0.02552	0.07757	0.04592	0.03341	0.03934	0.03107	0.20748	0.03488	0.09782	0.03242	0.02187	0.02796	0.01799	0.01382	0.02084	0.00398	0.23721	0.01091	0.00600	0.01397
20	0.02629	0.21241	0.31992	0.02620	0.03881	0.03137	0.03025	0.08223	0.06912	0.03627	0.02109	0.02327	0.01600	0.01071	0.00952	0.00314	0.01380	0.00796	0.00579	0.01584
21	0.03725	0.04547	0.02907	0.02676	0.03216	0.46559	0.02035	0.04326	0.08390	0.02924	0.02337	0.03092	0.02035	0.01326	0.01042	0.00310	0.01764	0.04838	0.00659	0.01291
22	0.03238	0.20553	0.08222	0.02274	0.03049	0.15989	0.02023	0.15046	0.03133	0.03825	0.02366	0.07223	0.02086	0.01309	0.00954	0.00296	0.01318	0.00967	0.04697	0.01430
23	0.01421	0.01090	0.01321	0.01442	0.01684	0.00990	0.01096	0.01740	0.02423	0.03088	0.12191	0.25834	0.26275	0.02964	0.01365	0.00417	0.00668	0.12026	0.01027	0.00937
24	0.03040	0.25251	0.23895	0.02469	0.03614	0.07419	0.02689	0.07765	0.02660	0.08717	0.02075	0.02250	0.01565	0.01062	0.00923	0.00298	0.01374	0.00763	0.00616	0.01554
25	0.02915	0.62337	0.05714	0.01866	0.02799	0.04314	0.01866	0.03265	0.02215	0.02565	0.01516	0.01749	0.01399	0.00933	0.00700	0.00233	0.01166	0.00583	0.00466	0.01399
26	0.03179	0.01470	0.01921	0.01636	0.02184	0.01309	0.01317	0.03625	0.02930	0.28633	0.18005	0.06221	0.09964	0.01838	0.01167	0.00347	0.00753	0.05056	0.07033	0.01411
27	0.03164	0.01810	0.02393	0.02318	0.07500	0.01763	0.01671	0.07567	0.08501	0.22207	0.18324	0.05568	0.05075	0.01717	0.01185	0.00355	0.00867	0.05342	0.01153	0.01520
28	0.03136	0.02248	0.02478	0.02165	0.02825	0.02496	0.01702	0.05701	0.43226	0.14495	0.04411	0.03999	0.03206	0.01454	0.01107	0.00364	0.00876	0.01206	0.01156	0.01751
29	0.01739	0.01243	0.01731	0.01953	0.02205	0.01236	0.01694	0.02242	0.02560	0.03359	0.09955	0.11941	0.06621	0.02945	0.01487	0.00488	0.00962	0.43613	0.01021	0.01006
30	0.01369	0.01048	0.01257	0.01331	0.01554	0.00935	0.00950	0.01674	0.02489	0.03252	0.20297	0.29072	0.25092	0.02873	0.01327	0.00390	0.00573	0.02520	0.01061	0.00935
31	0.02828	0.30339	0.24990	0.02514	0.03649	0.12678	0.02755	0.03525	0.02399	0.02931	0.01718	0.02003	0.01393	0.01006	0.00880	0.00285	0.01477	0.00691	0.00480	0.01459
32	0.03041	0.02269	0.02475	0.02177	0.02827	0.02545	0.01707	0.05722	0.45407	0.12257	0.04417	0.04014	0.03234	0.01460	0.01108	0.00365	0.00873	0.01212	0.01146	0.01745
33	0.04073	0.05197	0.03090	0.02809	0.03371	0.57303	0.02107	0.04354	0.03090	0.02669	0.01685	0.01966	0.01404	0.01124	0.00983	0.00281	0.01966	0.00702	0.00562	0.01264
34	0.01550	0.01103	0.01352	0.01290	0.01565	0.01009	0.00967	0.02023	0.02902	0.04097	0.41705	0.08128	0.17071	0.02222	0.01233	0.00338	0.00520	0.01930	0.07987	0.01009
35	0.02292	0.01964	0.02621	0.03188	0.15684	0.02097	0.02012	0.03785	0.22183	0.03761	0.04350	0.15479	0.04139	0.01968	0.01222	0.00394	0.00955	0.09529	0.00929	0.01449
36	0.25476	0.02431	0.02535	0.02010	0.02811	0.02608	0.01659	0.23532	0.03536	0.19129	0.02707	0.02633	0.01860	0.01224	0.00958	0.00333	0.01012	0.00885	0.01024	0.01636
37	0.01504	0.01085	0.01423	0.01398	0.01620	0.01003	0.01026	0.01960	0.02906	0.04086	0.45588	0.17679	0.09733	0.02443	0.01305	0.00361	0.00536	0.02175	0.01166	0.01003
38	0.01734	0.01168	0.01386	0.01319	0.01666	0.01023	0.00993	0.02105	0.02735	0.08554	0.25918	0.13254	0.29146	0.02484	0.01278	0.00362	0.00581	0.02131	0.01114	0.01048
39	0.03991	0.01760	0.02310	0.01857	0.02559	0.01607	0.01502	0.04717	0.08462	0.39937	0.14277	0.04633	0.04278	0.01539	0.01136	0.00342	0.00838	0.01286	0.01294	0.01677
40	0.01648	0.01085	0.01341	0.01465	0.01588	0.01071	0.01062	0.01907	0.02060	0.02876	0.04659	0.19442	0.05127	0.23652	0.02805	0.00649	0.00870	0.14896	0.10939	0.00859
41	0.02385	0.01959	0.02109	0.01981	0.02459	0.02213	0.01505	0.04686	0.38729	0.04173	0.04669	0.15135	0.04038	0.01838	0.01135	0.00374	0.00788	0.01577	0.06744	0.01502
42	0.02356	0.02290	0.04035	0.33510	0.25387	0.02521	0.08058	0.03072	0.02336	0.03154	0.02009	0.02831	0.01578	0.01027	0.01106	0.00349	0.01433	0.01003	0.00512	0.01435
43	0.04146	0.01936	0.02821	0.02181	0.02975	0.01760	0.06612	0.04853	0.07286	0.40999	0.08934	0.04091	0.03379	0.01401	0.01135	0.00344	0.00976	0.01212	0.01233	0.01725
44	0.01581	0.01063	0.01217	0.01208	0.01234	0.01054	0.00698	0.01634	0.01739	0.02346	0.08649	0.07239	0.04612	0.55588	0.05113	0.00984	0.01001	0.01625	0.00716	0.00698
45	0.02774	0.01848	0.02134	0.01852	0.02406	0.01920	0.01453	0.07585	0.21585	0.14174	0.19032	0.05601	0.09420	0.01765	0.01171	0.00353	0.00774	0.01490	0.01171	0.01493
46	0.02473	0.02605	0.08523	0.02400	0.03278	0.02200	0.07555	0.07063	0.02448	0.03665	0.01944	0.02396	0.01585	0.01073	0.01379	0.00272	0.11000	0.00817	0.00626	0.36697
47	0.62376	0.02210	0.01782	0.01549	0.02245	0.02546	0.01277	0.08365	0.02207	0.05105	0.01636	0.01862	0.01253	0.01044	0.00719	0.00336	0.00882	0.00632	0.00719	0.01253
48	0.01757	0.01255	0.01757	0.02008	0.02259	0.01255	0.01757	0.02259	0.02510	0.03263	0.05773	0.12299	0.06275	0.03012	0.01506	0.00502	0.01004	0.47540	0.01004	0.01004
49	0.01566	0.01199	0.01584	0.06365	0.02176	0.01154	0.01245	0.02055	0.02840	0.03864	0.36910	0.08557	0.16880	0.02310	0.01293	0.00366	0.00655	0.06874	0.01084	0.01023
50	0.03033	0.03788	0.27030	0.03633	0.13714	0.02324	0.08302	0.03924	0.02579	0.17139	0.02615	0.02814	0.01820	0.01093	0.01087	0.00342	0.01398	0.00965	0.00718	0.01682
51	0.02121	0.02001	0.03382	0.53995	0.12091	0.02439	0.03059	0.02840	0.02209	0.02861	0.01949	0.02887	0.01480	0.01079	0.01089	0.00360	0.01438	0.00969	0.00490	0.01261
52	0.13713	0.14632	0.03320	0.02438	0.03081	0.39856	0.01925	0.03992	0.02752	0.02986	0.01631	0.01899	0.01370	0.01074	0.00888	0.00281	0.01658	0.00665	0.00562	0.01275
53	0.02326	0.02254	0.07110	0.29874	0.08202	0.02379	0.02586	0.07384	0.02368	0.03265	0.02071	0.02889	0.01644	0.01477	0.01654	0.07321	0.07565	0.00957	0.05431	0.01244
54	0.69383	0.02109	0.01603	0.01434	0.02109	0.02446	0.01181	0.03205	0.01856	0.04892	0.01518	0.01771	0.01181	0.01012	0.00675	0.00337	0.00843	0.00590	0.00675	0.01181
55	0.02385	0.02385	0.03340	0.02863	0.02863	0.03340	0.02385	0.02624	0.01670	0.02624	0.01431	0.02385	0.01431	0.01908	0.03578	0.00477	0.59685	0.00954	0.00477	0.01193
56	0.01349	0.01107	0.01188	0.01167	0.01510	0.00946	0.00876	0.01681	0.02627	0.03282	0.21234	0.09940	0.44038	0.02636	0.01288	0.00362	0.00543	0.02224	0.01057	0.00946
57	0.01426	0.01110	0.01295	0.01249	0.01557	0.00979	0.00937	0.01831	0.02810	0.03716	0.34413	0.09225	0.30589	0.02474	0.01287	0.00355	0.00532	0.02123	0.01114	0.00979
58	0.03806	0.04752	0.02886	0.02635	0.03136	0.51262	0.01951	0.04057	0.02928	0.02609	0.01873	0.02521	0.01679	0.07628	0.01474	0.00364	0.01869	0.00797	0.00572	0.01199
59	0.01446	0.01148	0.01324	0.01385	0.01709	0.01025	0.01109	0.01810	0.02554	0.03181	0.14002	0.10759	0.36420	0.02777	0.01349	0.00403	0.00675	0.14940	0.01029	0.00955
60	0.17461	0.02861	0.02931	0.02289	0.03122	0.03190	0.01890	0.41438	0.04459	0.06468	0.02393	0.02445	0.01717	0.01248	0.01006	0.00329	0.01127	0.00902	0.01006	0.01717
61	0.04145	0.03054	0.03272	0.02509	0.03381	0.03381	0.02072	0.51243	0.05127	0.06872	0.02618	0.02618	0.01854	0.01309	0.01091	0.00327	0.01200	0.00982	0.01091	0.01854
62	0.01426	0.01224	0.01236	0.01212	0.01605	0.01094	0.00915	0.01974	0.07362	0.03102	0.10407	0.09872	0.49494	0.02637	0.01271	0.00368	0.00582	0.02198	0.01022	0.00998
63	0.04892	0.01856	0.02530	0.01940	0.02783	0.01603	0.01603	0.05314	0.03121	0.55634	0.04302	0.03711	0.02699	0.01350	0.01096	0.00337	0.00928	0.01096	0.01350	0.01856
64	0.51866	0.02040	0.01855	0.01571	0.02292	0.02217	0.01295	0.03778	0.02199	0.18674	0.02274	0.02298	0.01593	0.01104	0.00789	0.00337	0.00866	0.00728	0.00858	0.01364
65	0.02366	0.02101	0.02715	0.02356	0.02554	0.02673	0.01919	0.07883	0.05392	0.03444	0.06727	0.07150	0.06791	0.01961	0.02526	0.00422	0.34035	0.01285	0.04465	0.01235
66	0.02112	0.05231	0.51262	0.02969	0.04446	0.02389	0.03766	0.03285	0.02283	0.03395	0.02310	0.07411	0.01889	0.01243	0.01067	0.00354	0.01526	0.01005	0.00508	0.01548
67	0.09601	0.02114	0.02562	0.02063	0.02686	0.02228	0.01672	0.16478	0.03139	0.24722	0.02955	0.03056	0.02091	0.01734	0.01789	0.10586	0.07018	0.00985	0.01001	0.01520
68	0.01558	0.01168	0.01752	0.01752	0.01947	0.01363	0.01363	0.01947	0.01752	0.02531	0.02921	0.04283	0.02726	0.08178	0.57360	0.01752	0.02921	0.01168	0.00584	0.00974
69	0.32097	0.02031	0.02157	0.02074	0.06880	0.02139	0.01506	0.08558	0.02672	0.14885	0.07537	0.03622	0.06965	0.01362	0.00943	0.00338	0.00885	0.01031	0.00916	0.01400
70	0.69383	0.02109	0.01603	0.01434	0.02109	0.02446	0.01181	0.03205	0.01856	0.04892	0.01518	0.01771	0.01181	0.01012	0.00675	0.00337	0.00843	0.00590	0.00675	0.01181
71	0.62168	0.02161	0.01908	0.02003	0.07818	0.02462	0.01415	0.03220	0.01923	0.04748	0.01576	0.01872	0.01240	0.01008	0.00719	0.00336	0.00892	0.00632	0.00660	0.01240
72	0.04371	0.02691	0.03048	0.02337	0.03200	0.02843	0.01930	0.37341	0.04519	0.21632	0.03127	0.02949	0.02110	0.01321	0.01092	0.00330	0.01117	0.01016	0.01169	0.01855
73	0.07376	0.01301	0.01555	0.01442	0.01820	0.01208	0.01123	0.02206	0.02785	0.04098	0.35738	0.07572	0.11993	0.02094	0.01204	0.00340	0.00625	0.06147	0.01061	0.08313
74	0.01533	0.01144	0.01700	0.01727	0.01907	0.01311	0.01325	0.01901	0.01789	0.02558	0.03255	0.10417	0.03211	0.07662	0.51304	0.01611	0.02673	0.01377	0.00630	0.00964
75	0.02049	0.01517	0.06969	0.01243	0.01643	0.01180	0.01116	0.02639	0.02288	0.03999	0.03384	0.03874	0.02642	0.01245	0.00792	0.00264	0.00628	0.00993	0.60455	0.01081
76	0.16732	0.01805	0.02218	0.01798	0.02525	0.01685	0.01459	0.04503	0.02769	0.40296	0.03959	0.09538	0.02899	0.01509	0.01048	0.00349	0.00880	0.01217	0.01185	0.01623
77	0.02724	0.02278	0.02434	0.02155	0.02758	0.02595	0.01684	0.09785	0.42897	0.04764	0.09657	0.04369	0.03939	0.01544	0.01127	0.00363	0.00858	0.01288	0.01117	0.01663
78	0.02627	0.02420	0.04057	0.06078	0.49079	0.02420	0.03067	0.03259	0.02462	0.03617	0.02214	0.02846	0.01843	0.01004	0.01045	0.00316	0.01210	0.00976	0.07810	0.01650
79	0.03203	0.02157	0.03057	0.08629	0.03338	0.02649	0.02189	0.03557	0.02219	0.20679	0.02463	0.02893	0.01865	0.01630	0.02465	0.00417	0.33392	0.01004	0.00775	0.01420
80	0.04214	0.01709	0.02309	0.01870	0.02563	0.01509	0.01523	0.04601	0.02897	0.44483	0.04372	0.04991	0.03216	0.07713	0.01597	0.00429	0.00949	0.06172	0.01242	0.01641
81	0.01411	0.01066	0.01303	0.01335	0.01571	0.00958	0.00966	0.01768	0.02640	0.03527	0.28643	0.23249	0.22175	0.02707	0.01316	0.00377	0.00558	0.02375	0.01095	0.00958
82	0.03246	0.19561	0.08171	0.07689	0.03433	0.11016	0.02085	0.08489	0.02796	0.12506	0.02711	0.08784	0.02308	0.01366	0.00994	0.00313	0.01257	0.01061	0.00761	0.01451
83	0.04892	0.01856	0.02530	0.01940	0.02783	0.01603	0.01603	0.05314	0.03121	0.55634	0.04302	0.03711	0.02699	0.01350	0.01096	0.00337	0.00928	0.01096	0.01350	0.01856
84	0.01649	0.01287	0.01788	0.01611	0.01823	0.01231	0.06224	0.01845	0.01946	0.02522	0.04981	0.07773	0.13727	0.38669	0.03917	0.00801	0.01039	0.05592	0.00746	0.00828
85	0.02876	0.02246	0.02560	0.08339	0.03335	0.02562	0.01853	0.05417	0.42073	0.09855	0.04153	0.03904	0.03058	0.01423	0.01106	0.00366	0.00934	0.01190	0.01068	0.01684

[dist]
# distance from previous block
# <min> <max>
0	8

[block]
# block no. 4 follows, 12 sequences, length 45
# corresponding to MSA columns:
# 265-309
name=unknown_E
#
# <colnr> <probs for GDERKNQSTAVLIFYWHMCP>
#	G	D	E	R	K	N	Q	S	T	A	V	L	I	F	Y	W	H	M	C	P
0	0.02237	0.02495	0.07129	0.08545	0.06392	0.09232	0.01950	0.03248	0.12355	0.03227	0.04794	0.05023	0.14990	0.02722	0.10284	0.00577	0.01428	0.01329	0.00765	0.01279
1	0.09749	0.01897	0.02308	0.01850	0.02540	0.01835	0.01503	0.11981	0.03333	0.30411	0.15997	0.04439	0.04277	0.01527	0.01104	0.00337	0.00864	0.01246	0.01209	0.01593
2	0.03538	0.02180	0.02920	0.03119	0.15432	0.02191	0.02017	0.12224	0.09025	0.21351	0.06265	0.03603	0.02832	0.01309	0.01075	0.00329	0.00996	0.01105	0.06800	0.01689
3	0.02552	0.02735	0.03226	0.45306	0.06498	0.15842	0.02803	0.03169	0.02403	0.02757	0.01876	0.02677	0.01442	0.01098	0.01064	0.00343	0.01579	0.00904	0.00503	0.01224
4	0.02516	0.06407	0.04426	0.03846	0.12020	0.03138	0.14376	0.02995	0.02058	0.02985	0.01727	0.02531	0.01532	0.01451	0.02426	0.00410	0.32275	0.01014	0.00505	0.01361
5	0.02832	0.47814	0.05890	0.02533	0.03508	0.03934	0.13860	0.03321	0.02303	0.02792	0.01685	0.02041	0.01462	0.00929	0.00843	0.00266	0.01330	0.00755	0.00487	0.01417
6	0.01328	0.00949	0.01265	0.01518	0.01581	0.00886	0.01012	0.01518	0.02088	0.02783	0.06010	0.60969	0.07212	0.03416	0.01392	0.00443	0.00633	0.03100	0.01012	0.00886
7	0.02122	0.01993	0.02553	0.08455	0.02943	0.05691	0.01934	0.02531	0.02358	0.03279	0.19342	0.05209	0.04790	0.01974	0.02199	0.00410	0.24854	0.05466	0.00769	0.01128
8	0.29278	0.27065	0.03590	0.01857	0.02643	0.09308	0.01642	0.07676	0.02432	0.03878	0.01634	0.01860	0.01355	0.01019	0.00756	0.00288	0.01130	0.00635	0.00615	0.01340
9	0.03402	0.02301	0.02570	0.02183	0.02883	0.02514	0.01734	0.10662	0.35494	0.17303	0.04205	0.03822	0.03013	0.01429	0.01104	0.00357	0.00916	0.01172	0.01166	0.01772
10	0.02601	0.13414	0.03128	0.07569	0.08694	0.11035	0.01857	0.02993	0.02402	0.05480	0.02941	0.16650	0.02960	0.01589	0.01028	0.00307	0.01134	0.01330	0.00697	0.12192
11	0.01465	0.01054	0.01192	0.01239	0.01494	0.00947	0.00898	0.01800	0.02463	0.03342	0.16292	0.21371	0.26626	0.02584	0.01228	0.00363	0.00558	0.02229	0.11908	0.00947
12	0.02289	0.02290	0.04232	0.37217	0.14779	0.02532	0.14790	0.03050	0.02326	0.03085	0.02022	0.02881	0.01547	0.01029	0.01136	0.00358	0.01522	0.01047	0.00510	0.01359
13	0.01479	0.01112	0.01368	0.01304	0.01589	0.01001	0.00978	0.01933	0.02934	0.04012	0.43370	0.08738	0.21447	0.02364	0.01287	0.00349	0.00524	0.02055	0.01153	0.01001
14	0.02741	0.03227	0.15652	0.02468	0.03356	0.02741	0.02327	0.10207	0.35294	0.04544	0.03632	0.03477	0.02691	0.01352	0.01089	0.00359	0.01083	0.01101	0.00949	0.01712
15	0.04060	0.02334	0.02729	0.02175	0.02947	0.02409	0.01765	0.23043	0.10967	0.25915	0.03774	0.07015	0.02750	0.01485	0.01115	0.00345	0.01006	0.01200	0.01193	0.01774
16	0.02243	0.01277	0.01564	0.01419	0.01846	0.01114	0.01089	0.02612	0.02769	0.16203	0.20731	0.12735	0.25508	0.02330	0.01250	0.00360	0.00641	0.01989	0.01146	0.01176
17	0.04392	0.02658	0.03027	0.02321	0.03184	0.02793	0.01917	0.36050	0.04463	0.23003	0.03175	0.02980	0.02134	0.01322	0.01093	0.00331	0.01110	0.01020	0.01176	0.01855
18	0.02904	0.01918	0.02327	0.01694	0.02633	0.01490	0.01368	0.03373	0.02471	0.16288	0.02516	0.02616	0.01880	0.00940	0.00878	0.00205	0.00837	0.00756	0.00818	0.52088
19	0.53614	0.02047	0.01829	0.01558	0.02274	0.02240	0.01284	0.03721	0.02165	0.17299	0.02199	0.02246	0.01552	0.01095	0.00778	0.00337	0.00864	0.00714	0.00840	0.01346
20	0.04354	0.01726	0.02312	0.01818	0.02524	0.01514	0.01449	0.04707	0.02871	0.46921	0.04161	0.04269	0.02905	0.11172	0.01821	0.00455	0.00949	0.01176	0.01237	0.01661
21	0.03048	0.01448	0.01940	0.01627	0.02148	0.01287	0.01287	0.03521	0.03102	0.27407	0.31836	0.06153	0.06878	0.01834	0.01201	0.00340	0.00700	0.01579	0.01267	0.01400
22	0.02722	0.03257	0.08235	0.13925	0.12793	0.11541	0.24700	0.03487	0.02559	0.03244	0.02036	0.02700	0.01572	0.00997	0.01157	0.00345	0.01698	0.01060	0.00534	0.01439
23	0.03245	0.02223	0.02481	0.02151	0.02823	0.02441	0.01696	0.05676	0.40735	0.17049	0.04405	0.03981	0.03175	0.01448	0.01106	0.00362	0.00879	0.01199	0.01168	0.01758
24	0.18867	0.10956	0.32442	0.02535	0.03749	0.07633	0.02922	0.03453	0.02254	0.03637	0.01777	0.02081	0.01336	0.01027	0.00906	0.00325	0.01407	0.00719	0.00523	0.01452
25	0.01911	0.16041	0.02296	0.01355	0.01583	0.01854	0.00955	0.01996	0.01740	0.02224	0.02966	0.05818	0.03337	0.46827	0.04364	0.00856	0.01084	0.01340	0.00613	0.00841
26	0.03744	0.17380	0.03724	0.02276	0.03133	0.03400	0.01948	0.31012	0.09503	0.09296	0.02677	0.02648	0.01969	0.01239	0.00998	0.00310	0.01134	0.00921	0.00960	0.01729
27	0.02890	0.01724	0.01984	0.01796	0.02274	0.05186	0.01410	0.03492	0.06668	0.20792	0.15464	0.13977	0.08603	0.02092	0.01228	0.00372	0.00850	0.06717	0.01139	0.01342
28	0.02490	0.01430	0.01830	0.01604	0.02044	0.01354	0.01246	0.03264	0.08560	0.16927	0.36608	0.06613	0.07669	0.01932	0.01220	0.00345	0.00654	0.01677	0.01227	0.01307
29	0.02752	0.01918	0.03089	0.45093	0.06354	0.02222	0.02680	0.03404	0.02410	0.15708	0.02516	0.03104	0.01758	0.01154	0.01092	0.00357	0.01325	0.01000	0.00696	0.01369
30	0.02463	0.01343	0.01648	0.01488	0.01751	0.01322	0.01021	0.02795	0.05212	0.15392	0.03664	0.05848	0.03503	0.38321	0.08841	0.00900	0.01181	0.01406	0.00851	0.01048
31	0.03359	0.02645	0.03842	0.05181	0.37508	0.07270	0.02808	0.03918	0.02693	0.16214	0.02568	0.02880	0.01936	0.01078	0.01075	0.00323	0.01266	0.00978	0.00740	0.01717
32	0.53614	0.02047	0.01829	0.01558	0.02274	0.02240	0.01284	0.03721	0.02165	0.17299	0.02199	0.02246	0.01552	0.01095	0.00778	0.00337	0.00864	0.00714	0.00840	0.01346
33	0.02911	0.43914	0.05711	0.02598	0.03547	0.07550	0.13876	0.03395	0.02363	0.02799	0.01696	0.02055	0.01462	0.00943	0.00863	0.00269	0.01385	0.00763	0.00494	0.01407
34	0.03302	0.06222	0.06221	0.02613	0.07014	0.01934	0.08688	0.03856	0.02816	0.25479	0.12316	0.07692	0.03919	0.01497	0.01143	0.00342	0.01049	0.01341	0.01017	0.01542
35	0.28418	0.15730	0.08167	0.02023	0.02912	0.02686	0.05095	0.03766	0.02329	0.16290	0.02272	0.02360	0.01643	0.01071	0.00857	0.00317	0.01075	0.00778	0.00762	0.01451
36	0.03578	0.16923	0.04027	0.03723	0.22526	0.02640	0.02328	0.04067	0.02658	0.22928	0.02768	0.02848	0.02013	0.01104	0.00993	0.00307	0.01125	0.00924	0.00827	0.01695
37	0.03941	0.17298	0.12550	0.02123	0.03121	0.02426	0.02086	0.04491	0.02758	0.33645	0.03215	0.02988	0.02154	0.01193	0.00989	0.00313	0.01104	0.00921	0.00980	0.01702
38	0.03804	0.28323	0.08523	0.02009	0.02957	0.02855	0.01926	0.04268	0.02659	0.28194	0.02895	0.02742	0.02024	0.01142	0.00920	0.00293	0.01090	0.00849	0.00891	0.01637
39	0.10291	0.02430	0.02580	0.02057	0.02849	0.09637	0.01669	0.08131	0.03144	0.40472	0.03578	0.03224	0.02328	0.01286	0.01044	0.00329	0.01085	0.00989	0.01163	0.01714
40	0.01520	0.01096	0.01436	0.01388	0.01624	0.01013	0.01027	0.01998	0.02977	0.04198	0.49006	0.13939	0.09951	0.02359	0.01298	0.00354	0.00527	0.02096	0.01180	0.01013
41	0.18142	0.01398	0.01716	0.01674	0.01987	0.01628	0.01318	0.02255	0.01778	0.03108	0.02578	0.03669	0.02348	0.06426	0.43499	0.01406	0.02413	0.01027	0.00606	0.01024
42	0.02846	0.07484	0.06111	0.14237	0.11466	0.02126	0.04419	0.03450	0.02476	0.14249	0.02818	0.03189	0.02082	0.01145	0.00981	0.00313	0.01090	0.00978	0.17116	0.01427
43	0.69383	0.02109	0.01603	0.01434	0.02109	0.02446	0.01181	0.03205	0.01856	0.04892	0.01518	0.01771	0.01181	0.01012	0.00675	0.00337	0.00843	0.00590	0.00675	0.01181
44	0.02366	0.01293	0.01594	0.01490	0.01807	0.01197	0.01101	0.02603	0.02281	0.15544	0.05460	0.07771	0.13531	0.26288	0.03000	0.00661	0.00922	0.09082	0.00951	0.01058

[dist]
# distance from previous block
# <min> <max>
0	3

[block]
# block no. 5 follows, 12 sequences, length 12
# corresponding to MSA columns:
# 313-324
name=unknown_F
#
# <colnr> <probs for GDERKNQSTAVLIFYWHMCP>
#	G	D	E	R	K	N	Q	S	T	A	V	L	I	F	Y	W	H	M	C	P
0	0.09671	0.18834	0.02903	0.01725	0.02238	0.02302	0.01441	0.02883	0.02379	0.10617	0.11439	0.17751	0.04418	0.01880	0.01190	0.00343	0.04356	0.01523	0.00866	0.01241
1	0.02631	0.01926	0.02299	0.01661	0.02612	0.01474	0.01336	0.03106	0.02382	0.10871	0.02270	0.02465	0.01767	0.00884	0.00848	0.00186	0.00824	0.00709	0.00745	0.59003
2	0.01427	0.01019	0.01378	0.01631	0.01737	0.00970	0.01183	0.01688	0.02184	0.02893	0.05955	0.49805	0.06997	0.03323	0.01418	0.00456	0.00718	0.13293	0.01010	0.00913
3	0.03161	0.02313	0.02357	0.05253	0.02874	0.09680	0.01651	0.07761	0.14021	0.16583	0.04583	0.13570	0.07871	0.01799	0.01149	0.00358	0.01028	0.01496	0.01030	0.01462
4	0.04116	0.01707	0.02339	0.01957	0.02654	0.01516	0.01641	0.04557	0.02970	0.42665	0.04666	0.05838	0.03585	0.01761	0.01198	0.00378	0.00947	0.12598	0.01264	0.01645
5	0.03822	0.08057	0.20768	0.02326	0.03435	0.02136	0.02439	0.04521	0.02772	0.33774	0.03287	0.03078	0.02150	0.01210	0.01044	0.00332	0.01177	0.00957	0.00979	0.01736
6	0.02735	0.48297	0.18174	0.02173	0.03274	0.03873	0.02401	0.03312	0.02237	0.02785	0.01625	0.01886	0.01395	0.00958	0.00783	0.00261	0.01276	0.00638	0.00465	0.01452
7	0.01538	0.01313	0.01722	0.15518	0.03004	0.01317	0.01419	0.01980	0.02548	0.03233	0.18713	0.08076	0.31189	0.02225	0.01239	0.00361	0.00767	0.01896	0.00925	0.01017
8	0.04352	0.01976	0.02514	0.02009	0.02796	0.01877	0.01633	0.05433	0.15450	0.42987	0.04335	0.03800	0.02855	0.01382	0.01100	0.00345	0.00912	0.01130	0.01290	0.01823
9	0.02915	0.62337	0.05714	0.01866	0.02799	0.04314	0.01866	0.03265	0.02215	0.02565	0.01516	0.01749	0.01399	0.00933	0.00700	0.00233	0.01166	0.00583	0.00466	0.01399
10	0.03270	0.03789	0.03975	0.03218	0.03962	0.26827	0.17188	0.04443	0.15266	0.03393	0.02529	0.02790	0.01959	0.01148	0.01109	0.00330	0.01653	0.01015	0.00694	0.01443
11	0.02061	0.16330	0.02479	0.01450	0.01957	0.01852	0.01215	0.02449	0.02676	0.07457	0.23089	0.06988	0.22027	0.02015	0.01127	0.00324	0.00721	0.01668	0.00968	0.01149

[dist]
# distance from previous block
# <min> <max>
0	12

[block]
# block no. 6 follows, 12 sequences, length 24
# corresponding to MSA columns:
# 337-360
name=unknown_G
#
# <colnr> <probs for GDERKNQSTAVLIFYWHMCP>
#	G	D	E	R	K	N	Q	S	T	A	V	L	I	F	Y	W	H	M	C	P
0	0.02309	0.01252	0.01633	0.01534	0.01894	0.01119	0.01148	0.02671	0.02713	0.16914	0.21309	0.23874	0.12405	0.02436	0.01271	0.00376	0.00662	0.02138	0.01158	0.01184
1	0.19031	0.01398	0.01649	0.01605	0.01901	0.01607	0.01235	0.02229	0.01760	0.03091	0.02619	0.03965	0.02471	0.12499	0.36787	0.01308	0.02171	0.01068	0.00616	0.00991
2	0.21503	0.01921	0.02291	0.01810	0.02610	0.01820	0.01494	0.04771	0.02795	0.42564	0.03585	0.03212	0.02308	0.01263	0.00988	0.00337	0.00906	0.00966	0.01176	0.01682
3	0.03243	0.01441	0.01864	0.01623	0.02146	0.01274	0.01262	0.03603	0.02689	0.30092	0.05399	0.18464	0.09773	0.02005	0.01148	0.00356	0.00759	0.01712	0.09744	0.01404
4	0.02759	0.02319	0.02505	0.02096	0.02833	0.02464	0.01654	0.10195	0.34411	0.04565	0.03586	0.03437	0.02719	0.01287	0.01030	0.00311	0.00887	0.01053	0.00988	0.18900
5	0.02111	0.01938	0.03010	0.44264	0.06241	0.02173	0.02581	0.02775	0.02201	0.02983	0.01938	0.02741	0.01495	0.01017	0.01017	0.00311	0.01287	0.00886	0.00526	0.18503
6	0.02261	0.01938	0.02261	0.01615	0.02584	0.01453	0.01292	0.02745	0.02261	0.03553	0.01938	0.02261	0.01615	0.00807	0.00807	0.00161	0.00807	0.00646	0.00646	0.68346
7	0.28420	0.02474	0.08931	0.01861	0.02703	0.02095	0.01724	0.06474	0.02384	0.07060	0.02390	0.03325	0.02024	0.01232	0.00900	0.00313	0.00981	0.06044	0.00743	0.17921
8	0.02274	0.02161	0.03045	0.16209	0.03921	0.02631	0.02260	0.02695	0.01946	0.02903	0.01685	0.02480	0.01484	0.01426	0.02259	0.00368	0.30358	0.00878	0.00522	0.18494
9	0.02539	0.01446	0.01849	0.01615	0.02064	0.01369	0.01256	0.03323	0.08781	0.17598	0.35734	0.06538	0.07539	0.01917	0.01217	0.00345	0.00661	0.01662	0.01228	0.01321
10	0.03171	0.02662	0.05428	0.03912	0.04948	0.02460	0.38217	0.03962	0.02714	0.16923	0.02746	0.03140	0.01923	0.01030	0.01238	0.00360	0.01604	0.01238	0.00757	0.01570
11	0.02306	0.01302	0.01596	0.01414	0.01865	0.01134	0.01098	0.02704	0.02860	0.17018	0.24508	0.07921	0.25598	0.02211	0.01238	0.00351	0.00636	0.01875	0.01165	0.01199
12	0.08423	0.02092	0.02157	0.01802	0.02440	0.08026	0.01437	0.04419	0.06703	0.29477	0.03636	0.03489	0.02516	0.01291	0.00974	0.00313	0.00935	0.01007	0.17338	0.01526
13	0.02578	0.35154	0.11354	0.16963	0.04475	0.03486	0.06252	0.03182	0.02245	0.02804	0.01733	0.02208	0.01431	0.00985	0.00887	0.00291	0.01347	0.00765	0.00477	0.01383
14	0.01359	0.01084	0.01230	0.01328	0.01602	0.00955	0.00996	0.01642	0.02386	0.02945	0.09068	0.23728	0.36056	0.02962	0.01343	0.00405	0.00631	0.08346	0.01011	0.00922
15	0.02263	0.01251	0.01568	0.01484	0.01865	0.01100	0.01111	0.02581	0.02605	0.16655	0.13460	0.24144	0.20578	0.02531	0.01271	0.00380	0.00669	0.02196	0.01124	0.01165
16	0.02828	0.01616	0.01989	0.01689	0.02195	0.01575	0.01331	0.08834	0.07152	0.17855	0.28109	0.05770	0.06307	0.01772	0.01165	0.00336	0.00726	0.01509	0.05852	0.01389
17	0.01533	0.01153	0.01500	0.01646	0.01799	0.01191	0.01164	0.02096	0.07879	0.02938	0.05215	0.43145	0.05873	0.04139	0.12481	0.00695	0.01114	0.02501	0.00938	0.01000
18	0.03548	0.01771	0.02255	0.01855	0.02517	0.01604	0.01465	0.09299	0.02975	0.29678	0.04242	0.18146	0.03624	0.01807	0.01135	0.00341	0.00868	0.01541	0.01142	0.10188
19	0.19983	0.02505	0.02242	0.02002	0.02600	0.08716	0.01567	0.07001	0.25734	0.04534	0.09021	0.03628	0.03278	0.01396	0.01002	0.00346	0.00962	0.01078	0.00944	0.01459
20	0.02976	0.03221	0.16288	0.02402	0.03159	0.09222	0.02316	0.06588	0.02571	0.13371	0.02629	0.03026	0.02004	0.02511	0.11335	0.00594	0.08355	0.00955	0.05051	0.01429
21	0.03171	0.02662	0.05428	0.03912	0.04948	0.02460	0.38217	0.03962	0.02714	0.16923	0.02746	0.03140	0.01923	0.01030	0.01238	0.00360	0.01604	0.01238	0.00757	0.01570
22	0.03530	0.01881	0.02209	0.01799	0.02417	0.01906	0.01456	0.17220	0.03324	0.21605	0.03484	0.03556	0.02491	0.01845	0.05372	0.00419	0.01029	0.01045	0.21889	0.01525
23	0.11025	0.02266	0.02478	0.02065	0.02703	0.02428	0.01643	0.27656	0.03738	0.11155	0.03557	0.17675	0.03253	0.01822	0.01121	0.00359	0.00982	0.01495	0.01052	0.01527

[dist]
# distance from previous block
# <min> <max>
7	81

# created by:
# /st0/software/busco_prod/Augustus/scripts/msa2prfl.pl ./align_prep/4583.fa
