[name]
unknown

[dist]
# distance from previous block
# <min> <max>
0	24

[block]
# block no. 0 follows, 13 sequences, length 40
# corresponding to MSA columns:
# 24-63
name=unknown_A
#
# <colnr> <probs for GDERKNQSTAVLIFYWHMCP>
#	G	D	E	R	K	N	Q	S	T	A	V	L	I	F	Y	W	H	M	C	P
0	0.06984	0.02681	0.12942	0.07556	0.03643	0.02165	0.06704	0.12182	0.02895	0.16014	0.03180	0.07337	0.02611	0.01472	0.01106	0.00356	0.01180	0.06650	0.00864	0.01477
1	0.06854	0.07981	0.11721	0.01946	0.02797	0.02136	0.01849	0.11724	0.02905	0.13978	0.08278	0.03953	0.09219	0.01384	0.01002	0.00303	0.00978	0.01096	0.00876	0.09020
2	0.02986	0.20898	0.09494	0.02132	0.02903	0.09877	0.01935	0.10381	0.11430	0.06577	0.02518	0.02952	0.02073	0.07825	0.01400	0.00371	0.01205	0.00897	0.00720	0.01424
3	0.01873	0.15785	0.02604	0.09763	0.02688	0.01938	0.01436	0.02308	0.02475	0.03232	0.20866	0.05825	0.16750	0.01726	0.01053	0.00303	0.00805	0.01436	0.00816	0.06318
4	0.02264	0.09927	0.08599	0.01753	0.02756	0.01868	0.01610	0.02799	0.02191	0.03316	0.01830	0.02135	0.01515	0.00822	0.00794	0.00185	0.00911	0.00636	0.00585	0.53503
5	0.02830	0.03565	0.28980	0.02351	0.03440	0.02024	0.02589	0.06656	0.02515	0.16811	0.02683	0.03173	0.02017	0.08768	0.01550	0.00404	0.01245	0.00945	0.00739	0.06715
6	0.07470	0.17120	0.03631	0.02818	0.08828	0.30416	0.02065	0.09849	0.02922	0.03293	0.01740	0.02005	0.01436	0.01049	0.00899	0.00276	0.01510	0.00711	0.00592	0.01370
7	0.04171	0.01887	0.02742	0.09644	0.09082	0.01757	0.01909	0.04641	0.02846	0.44420	0.03649	0.03395	0.02365	0.01238	0.01061	0.00329	0.01002	0.01035	0.01119	0.01708
8	0.11839	0.04018	0.02652	0.02320	0.02960	0.39867	0.01769	0.03763	0.02682	0.03032	0.01664	0.01942	0.01377	0.01013	0.00881	0.00255	0.01541	0.00656	0.00575	0.15192
9	0.02772	0.03317	0.21765	0.02760	0.03804	0.02262	0.11043	0.03765	0.07044	0.13980	0.02560	0.02762	0.01838	0.01123	0.01231	0.00327	0.06003	0.00946	0.00712	0.09986
10	0.08421	0.02901	0.03475	0.07623	0.10184	0.13761	0.08377	0.07807	0.02572	0.08172	0.01998	0.02463	0.01573	0.01240	0.01562	0.00349	0.14593	0.00906	0.00639	0.01382
11	0.01971	0.00985	0.00985	0.00985	0.01232	0.00985	0.00739	0.02464	0.02217	0.03942	0.03449	0.03942	0.02710	0.01232	0.00739	0.00246	0.00493	0.00985	0.68712	0.00985
12	0.02015	0.01676	0.01994	0.01506	0.02270	0.01304	0.01188	0.02492	0.02396	0.03648	0.15592	0.03646	0.03709	0.01134	0.00901	0.00201	0.00711	0.00954	0.00763	0.51897
13	0.70310	0.02045	0.01554	0.01390	0.02045	0.02372	0.01145	0.03108	0.01799	0.04744	0.01472	0.01718	0.01145	0.00981	0.00654	0.00327	0.00818	0.00573	0.00654	0.01145
14	0.02649	0.02086	0.02288	0.01994	0.02615	0.02267	0.01558	0.04939	0.40060	0.08459	0.08588	0.04078	0.03598	0.01418	0.01058	0.00332	0.00806	0.01187	0.01053	0.08966
15	0.09575	0.03466	0.10685	0.02614	0.03498	0.14561	0.07683	0.17814	0.03294	0.13145	0.02389	0.02499	0.01698	0.01134	0.01014	0.00317	0.01371	0.00888	0.00812	0.01544
16	0.03987	0.11658	0.03380	0.02231	0.03081	0.03071	0.01890	0.35989	0.04170	0.16014	0.02704	0.02624	0.01895	0.01223	0.01003	0.00306	0.01106	0.00917	0.01018	0.01733
17	0.02786	0.19691	0.24296	0.02389	0.03475	0.02930	0.02579	0.07788	0.12149	0.08362	0.02483	0.02554	0.01844	0.01106	0.00941	0.00308	0.01223	0.00840	0.00690	0.01568
18	0.03277	0.02611	0.10607	0.07870	0.04008	0.02184	0.13593	0.04374	0.11547	0.23821	0.03227	0.03239	0.02215	0.01173	0.01099	0.00343	0.01223	0.01080	0.00904	0.01606
19	0.04744	0.01799	0.02454	0.01881	0.02699	0.01554	0.01554	0.05153	0.03026	0.56979	0.04171	0.03599	0.02617	0.01309	0.01063	0.00327	0.00900	0.01063	0.01309	0.01799
20	0.70310	0.02045	0.01554	0.01390	0.02045	0.02372	0.01145	0.03108	0.01799	0.04744	0.01472	0.01718	0.01145	0.00981	0.00654	0.00327	0.00818	0.00573	0.00654	0.01145
21	0.02803	0.02939	0.03957	0.10085	0.33819	0.13052	0.06761	0.03573	0.06480	0.03293	0.02102	0.02622	0.01706	0.01014	0.01048	0.00316	0.01401	0.00936	0.00566	0.01526
22	0.04075	0.02294	0.07398	0.02043	0.02882	0.01928	0.01805	0.14187	0.03340	0.37453	0.08254	0.03651	0.02999	0.01350	0.01073	0.00326	0.00975	0.01092	0.01169	0.01706
23	0.03489	0.06938	0.05997	0.02356	0.07511	0.02134	0.01848	0.13040	0.03145	0.24174	0.09533	0.03497	0.03031	0.01279	0.01026	0.00302	0.00976	0.01044	0.00998	0.07683
24	0.10454	0.01992	0.02479	0.01919	0.02726	0.01880	0.01585	0.11949	0.03203	0.44964	0.03692	0.03276	0.02366	0.01274	0.01026	0.00326	0.00931	0.01003	0.01214	0.01741
25	0.01971	0.00985	0.00985	0.00985	0.01232	0.00985	0.00739	0.02464	0.02217	0.03942	0.03449	0.03942	0.02710	0.01232	0.00739	0.00246	0.00493	0.00985	0.68712	0.00985
26	0.03799	0.13799	0.08039	0.02346	0.06978	0.02297	0.01951	0.04515	0.07336	0.33186	0.03307	0.03076	0.02250	0.01189	0.00986	0.00311	0.01024	0.00947	0.00990	0.01674
27	0.70310	0.02045	0.01554	0.01390	0.02045	0.02372	0.01145	0.03108	0.01799	0.04744	0.01472	0.01718	0.01145	0.00981	0.00654	0.00327	0.00818	0.00573	0.00654	0.01145
28	0.01971	0.00985	0.00985	0.00985	0.01232	0.00985	0.00739	0.02464	0.02217	0.03942	0.03449	0.03942	0.02710	0.01232	0.00739	0.00246	0.00493	0.00985	0.68712	0.00985
29	0.02192	0.01879	0.02192	0.01566	0.02506	0.01409	0.01253	0.02662	0.02192	0.03445	0.01879	0.02192	0.01566	0.00783	0.00783	0.00157	0.00783	0.00626	0.00626	0.69305
30	0.03950	0.05039	0.02996	0.02724	0.03269	0.58597	0.02043	0.04222	0.02996	0.02588	0.01634	0.01907	0.01362	0.01090	0.00953	0.00272	0.01907	0.00681	0.00545	0.01226
31	0.02466	0.02723	0.05723	0.09686	0.11988	0.02625	0.41885	0.03308	0.02451	0.03334	0.02097	0.02820	0.01596	0.00912	0.01206	0.00351	0.01684	0.01182	0.00528	0.01435
32	0.09745	0.02657	0.09827	0.02781	0.09015	0.02258	0.05978	0.13468	0.03080	0.26128	0.02943	0.02895	0.01991	0.01162	0.01031	0.00327	0.01131	0.00964	0.00950	0.01669
33	0.03876	0.02072	0.08213	0.01892	0.02698	0.01548	0.01701	0.04376	0.02900	0.41849	0.10277	0.04337	0.06475	0.01455	0.01089	0.00330	0.00904	0.01200	0.01179	0.01627
34	0.01971	0.00985	0.00985	0.00985	0.01232	0.00985	0.00739	0.02464	0.02217	0.03942	0.03449	0.03942	0.02710	0.01232	0.00739	0.00246	0.00493	0.00985	0.68712	0.00985
35	0.04464	0.01930	0.02924	0.02201	0.03050	0.01693	0.07876	0.04933	0.02960	0.50316	0.03919	0.03506	0.02491	0.01257	0.01086	0.00331	0.01009	0.01086	0.01212	0.01753
36	0.03757	0.02695	0.02924	0.02317	0.03102	0.02971	0.01890	0.37358	0.16436	0.10639	0.03101	0.02965	0.02208	0.01312	0.01062	0.00328	0.01063	0.01019	0.01084	0.01769
37	0.23221	0.01937	0.02187	0.01779	0.02519	0.01942	0.01454	0.04634	0.09992	0.34524	0.03417	0.03109	0.02283	0.01233	0.00948	0.00332	0.00867	0.00942	0.01088	0.01594
38	0.02899	0.07366	0.07835	0.02462	0.08724	0.02254	0.01938	0.13752	0.02884	0.08799	0.02205	0.02402	0.01684	0.00980	0.00907	0.00245	0.01023	0.00778	0.00738	0.30125
39	0.02852	0.02176	0.03293	0.04219	0.29305	0.02260	0.02383	0.03631	0.08809	0.12859	0.02757	0.03396	0.02245	0.07870	0.01741	0.00412	0.06455	0.01058	0.00739	0.01538

[dist]
# distance from previous block
# <min> <max>
0	7

[block]
# block no. 1 follows, 13 sequences, length 18
# corresponding to MSA columns:
# 71-88
name=unknown_B
#
# <colnr> <probs for GDERKNQSTAVLIFYWHMCP>
#	G	D	E	R	K	N	Q	S	T	A	V	L	I	F	Y	W	H	M	C	P
0	0.07636	0.01801	0.02430	0.02349	0.08941	0.01672	0.05375	0.02781	0.06914	0.03635	0.11239	0.10524	0.06864	0.01494	0.01029	0.00293	0.00848	0.01319	0.00792	0.22065
1	0.02753	0.50053	0.04932	0.01945	0.02724	0.03902	0.01842	0.03403	0.08442	0.02728	0.01806	0.02030	0.01587	0.01062	0.01000	0.00265	0.06942	0.00677	0.00529	0.01376
2	0.02727	0.02343	0.08975	0.01859	0.02789	0.01710	0.01678	0.07999	0.02673	0.12657	0.06744	0.02932	0.02426	0.01058	0.00921	0.00237	0.00911	0.00855	0.00804	0.37704
3	0.02690	0.52266	0.15557	0.02042	0.03074	0.03850	0.02215	0.03201	0.02165	0.02654	0.01553	0.01800	0.01353	0.00924	0.00741	0.00247	0.01214	0.00607	0.00451	0.01397
4	0.02342	0.01775	0.08452	0.01787	0.02299	0.01308	0.01586	0.02814	0.02545	0.16534	0.13146	0.19864	0.09048	0.02245	0.01232	0.00381	0.00835	0.09562	0.01025	0.01220
5	0.02549	0.01405	0.01882	0.06178	0.02448	0.01362	0.01371	0.03134	0.07079	0.19700	0.11960	0.26807	0.05314	0.02196	0.01201	0.00372	0.00766	0.01937	0.01076	0.01263
6	0.04276	0.01813	0.02576	0.11821	0.03479	0.01689	0.01789	0.04736	0.02871	0.47744	0.03781	0.03466	0.02412	0.01266	0.01062	0.00331	0.00986	0.01042	0.01166	0.01693
7	0.01292	0.01073	0.01129	0.01115	0.01454	0.00910	0.00836	0.01599	0.02509	0.03092	0.18364	0.09788	0.48018	0.02590	0.01249	0.00353	0.00529	0.02177	0.01013	0.00910
8	0.04039	0.02206	0.06585	0.11273	0.03625	0.01939	0.01993	0.10002	0.03044	0.38864	0.03461	0.03258	0.02242	0.01243	0.01057	0.00331	0.01058	0.01011	0.01086	0.01683
9	0.02810	0.14501	0.28115	0.02710	0.03852	0.02823	0.06934	0.09475	0.02624	0.09530	0.02143	0.02384	0.01565	0.01095	0.01130	0.00322	0.04972	0.00843	0.00626	0.01546
10	0.02067	0.01951	0.03298	0.54229	0.12807	0.02367	0.02971	0.02763	0.02147	0.02786	0.01892	0.02796	0.01439	0.01044	0.01056	0.00348	0.01392	0.00940	0.00476	0.01231
11	0.01393	0.00995	0.01347	0.01592	0.01699	0.00949	0.01164	0.01654	0.02128	0.02816	0.05770	0.49474	0.06764	0.03214	0.01378	0.00444	0.00704	0.14649	0.00979	0.00888
12	0.03350	0.02435	0.08557	0.16884	0.10299	0.02171	0.06272	0.07939	0.02777	0.24298	0.02857	0.03021	0.01948	0.01141	0.01068	0.00334	0.01218	0.00997	0.00852	0.01582
13	0.21762	0.03196	0.13489	0.02109	0.03006	0.09715	0.01991	0.08403	0.05534	0.08442	0.02129	0.02281	0.01580	0.01052	0.00882	0.00297	0.01150	0.00751	0.00711	0.11522
14	0.01528	0.01068	0.01326	0.01261	0.01521	0.00985	0.00946	0.02002	0.02838	0.04059	0.44637	0.07655	0.13883	0.02102	0.01186	0.00325	0.00502	0.01833	0.09357	0.00985
15	0.02418	0.02309	0.03933	0.23734	0.40555	0.02460	0.03146	0.03071	0.02313	0.03213	0.01954	0.02682	0.01590	0.00979	0.01050	0.00326	0.01305	0.00941	0.00506	0.01514
16	0.02320	0.02362	0.03191	0.26043	0.04639	0.07426	0.02543	0.02746	0.01933	0.02612	0.01607	0.02484	0.01394	0.01467	0.02287	0.00402	0.31991	0.00911	0.00472	0.01170
17	0.02177	0.02052	0.03460	0.04429	0.31508	0.01989	0.07982	0.02756	0.02534	0.03514	0.13976	0.04817	0.11366	0.01437	0.01139	0.00329	0.01058	0.01361	0.00720	0.01396

[dist]
# distance from previous block
# <min> <max>
1	25

[block]
# block no. 2 follows, 13 sequences, length 39
# corresponding to MSA columns:
# 114-152
name=unknown_C
#
# <colnr> <probs for GDERKNQSTAVLIFYWHMCP>
#	G	D	E	R	K	N	Q	S	T	A	V	L	I	F	Y	W	H	M	C	P
0	0.07010	0.07597	0.13107	0.36406	0.10257	0.02533	0.02918	0.02931	0.02141	0.03011	0.01830	0.02526	0.01396	0.01020	0.00987	0.00334	0.01359	0.00855	0.00482	0.01300
1	0.50704	0.02397	0.02019	0.02040	0.06896	0.07810	0.01470	0.03502	0.07727	0.04391	0.01843	0.02057	0.01440	0.01038	0.00763	0.00324	0.00962	0.00683	0.00679	0.01256
2	0.02187	0.01557	0.02170	0.06907	0.06973	0.01689	0.01605	0.07745	0.02291	0.07042	0.03397	0.19445	0.03455	0.06651	0.10625	0.07359	0.05456	0.01575	0.00763	0.01108
3	0.02221	0.09514	0.42132	0.08797	0.10350	0.02592	0.03570	0.03260	0.02233	0.03228	0.01871	0.02287	0.01384	0.00995	0.00988	0.00325	0.01479	0.00797	0.00458	0.01521
4	0.01496	0.01081	0.01413	0.01330	0.01580	0.00998	0.00998	0.01995	0.02993	0.04240	0.55689	0.07898	0.09976	0.02162	0.01247	0.00333	0.00499	0.01912	0.01164	0.00998
5	0.70310	0.02045	0.01554	0.01390	0.02045	0.02372	0.01145	0.03108	0.01799	0.04744	0.01472	0.01718	0.01145	0.00981	0.00654	0.00327	0.00818	0.00573	0.00654	0.01145
6	0.01288	0.00920	0.01227	0.01472	0.01534	0.00859	0.00981	0.01472	0.02024	0.02699	0.05828	0.62152	0.06993	0.03312	0.01350	0.00429	0.00613	0.03006	0.00981	0.00859
7	0.01317	0.00941	0.01260	0.01506	0.01580	0.00884	0.01032	0.01523	0.02053	0.02732	0.05811	0.58611	0.06929	0.03285	0.01357	0.00433	0.00639	0.06258	0.00981	0.00867
8	0.02827	0.63478	0.05540	0.01809	0.02714	0.04184	0.01809	0.03166	0.02148	0.02488	0.01470	0.01696	0.01357	0.00905	0.00678	0.00226	0.01131	0.00565	0.00452	0.01357
9	0.01318	0.01059	0.01176	0.01178	0.01478	0.00917	0.00872	0.01638	0.02524	0.03202	0.21979	0.14668	0.39067	0.02605	0.01259	0.00358	0.00534	0.02224	0.01029	0.00917
10	0.02827	0.63478	0.05540	0.01809	0.02714	0.04184	0.01809	0.03166	0.02148	0.02488	0.01470	0.01696	0.01357	0.00905	0.00678	0.00226	0.01131	0.00565	0.00452	0.01357
11	0.01250	0.01071	0.01071	0.01071	0.01428	0.00893	0.00803	0.01517	0.02410	0.02856	0.10711	0.10175	0.55817	0.02678	0.01250	0.00357	0.00536	0.02231	0.00982	0.00893
12	0.01971	0.00985	0.00985	0.00985	0.01232	0.00985	0.00739	0.02464	0.02217	0.03942	0.03449	0.03942	0.02710	0.01232	0.00739	0.00246	0.00493	0.00985	0.68712	0.00985
13	0.70310	0.02045	0.01554	0.01390	0.02045	0.02372	0.01145	0.03108	0.01799	0.04744	0.01472	0.01718	0.01145	0.00981	0.00654	0.00327	0.00818	0.00573	0.00654	0.01145
14	0.02192	0.01879	0.02192	0.01566	0.02506	0.01409	0.01253	0.02662	0.02192	0.03445	0.01879	0.02192	0.01566	0.00783	0.00783	0.00157	0.00783	0.00626	0.00626	0.69305
15	0.04019	0.02962	0.03173	0.02433	0.03279	0.03279	0.02010	0.52721	0.04971	0.06663	0.02538	0.02538	0.01798	0.01269	0.01058	0.00317	0.01163	0.00952	0.01058	0.01798
16	0.01699	0.01118	0.01448	0.01366	0.01647	0.01018	0.01023	0.02144	0.02859	0.07892	0.43791	0.13053	0.12408	0.02248	0.01244	0.00343	0.00542	0.01979	0.01144	0.01036
17	0.02192	0.01879	0.02192	0.01566	0.02506	0.01409	0.01253	0.02662	0.02192	0.03445	0.01879	0.02192	0.01566	0.00783	0.00783	0.00157	0.00783	0.00626	0.00626	0.69305
18	0.02222	0.02015	0.03033	0.09627	0.27347	0.02106	0.02329	0.03209	0.12361	0.03390	0.03752	0.14006	0.06897	0.01597	0.01122	0.00350	0.01023	0.01452	0.00740	0.01423
19	0.01628	0.01163	0.01617	0.01861	0.02071	0.01152	0.01572	0.02060	0.02359	0.03080	0.05640	0.21063	0.06250	0.02992	0.01440	0.00476	0.00908	0.40739	0.00975	0.00953
20	0.01553	0.01105	0.01338	0.01439	0.01581	0.01104	0.00980	0.02066	0.07776	0.03014	0.09320	0.36837	0.05942	0.12952	0.01945	0.00499	0.00688	0.02294	0.06632	0.00934
21	0.62889	0.02096	0.01854	0.01949	0.07987	0.02387	0.01375	0.03123	0.01866	0.04602	0.01529	0.01816	0.01203	0.00977	0.00697	0.00326	0.00866	0.00613	0.00640	0.01203
22	0.01886	0.07078	0.07390	0.02703	0.08608	0.01796	0.10331	0.02389	0.02298	0.03118	0.08959	0.26713	0.04789	0.02111	0.01213	0.00374	0.01018	0.05276	0.00785	0.01165
23	0.02162	0.04035	0.38577	0.02506	0.03656	0.01997	0.02971	0.03106	0.02397	0.07923	0.10823	0.09091	0.03341	0.01436	0.01081	0.00343	0.01249	0.01198	0.00683	0.01426
24	0.58888	0.02589	0.06360	0.01641	0.02362	0.07209	0.01454	0.03224	0.01939	0.04441	0.01522	0.01777	0.01180	0.00993	0.00709	0.00323	0.00974	0.00599	0.00627	0.01187
25	0.02928	0.03592	0.23969	0.03455	0.09314	0.02410	0.15822	0.07709	0.02694	0.14017	0.02461	0.02719	0.01725	0.01049	0.01087	0.00336	0.01430	0.00986	0.00693	0.01603
26	0.02504	0.21444	0.37569	0.02620	0.03928	0.03019	0.03134	0.08130	0.02477	0.03432	0.01841	0.02112	0.01389	0.01002	0.00919	0.00303	0.01403	0.00738	0.00508	0.01528
27	0.01447	0.01079	0.01344	0.01278	0.01549	0.00976	0.00959	0.01899	0.02876	0.03961	0.46636	0.08356	0.19203	0.02265	0.01248	0.00337	0.00506	0.01976	0.01127	0.00976
28	0.02313	0.02313	0.03238	0.02776	0.02776	0.03238	0.02313	0.02545	0.01619	0.02545	0.01388	0.02313	0.01388	0.01851	0.03470	0.00463	0.60907	0.00925	0.00463	0.01157
29	0.02657	0.02464	0.04146	0.24775	0.14068	0.02657	0.15512	0.13580	0.02867	0.03843	0.02104	0.02735	0.01586	0.01040	0.01105	0.00340	0.01428	0.01022	0.00620	0.01454
30	0.04019	0.02962	0.03173	0.02433	0.03279	0.03279	0.02010	0.52721	0.04971	0.06663	0.02538	0.02538	0.01798	0.01269	0.01058	0.00317	0.01163	0.00952	0.01058	0.01798
31	0.20091	0.03997	0.02594	0.02319	0.02917	0.39404	0.01778	0.04043	0.02709	0.08434	0.01843	0.02027	0.01432	0.01085	0.00892	0.00291	0.01545	0.00692	0.00646	0.01262
32	0.11019	0.02126	0.02475	0.02017	0.02659	0.02242	0.01634	0.20154	0.03299	0.22693	0.03368	0.11377	0.02724	0.01587	0.01229	0.00348	0.05216	0.01242	0.01045	0.01546
33	0.70310	0.02045	0.01554	0.01390	0.02045	0.02372	0.01145	0.03108	0.01799	0.04744	0.01472	0.01718	0.01145	0.00981	0.00654	0.00327	0.00818	0.00573	0.00654	0.01145
34	0.01837	0.00918	0.01377	0.01377	0.01377	0.00918	0.00918	0.01377	0.01377	0.01837	0.01837	0.03214	0.01837	0.03673	0.04132	0.69238	0.00918	0.00918	0.00459	0.00459
35	0.03852	0.02950	0.03509	0.02655	0.03525	0.03213	0.07535	0.47312	0.04700	0.06304	0.02495	0.02573	0.01777	0.01228	0.01079	0.00322	0.01231	0.00984	0.01000	0.01757
36	0.02192	0.01879	0.02192	0.01566	0.02506	0.01409	0.01253	0.02662	0.02192	0.03445	0.01879	0.02192	0.01566	0.00783	0.00783	0.00157	0.00783	0.00626	0.00626	0.69305
37	0.01496	0.01081	0.01413	0.01330	0.01580	0.00998	0.00998	0.01995	0.02993	0.04240	0.55689	0.07898	0.09976	0.02162	0.01247	0.00333	0.00499	0.01912	0.01164	0.00998
38	0.01513	0.01122	0.01647	0.01647	0.01817	0.01293	0.01256	0.01854	0.01684	0.02416	0.02880	0.04419	0.02759	0.13202	0.53538	0.01635	0.02659	0.01172	0.00574	0.00915

[dist]
# distance from previous block
# <min> <max>
0	2

[block]
# block no. 3 follows, 13 sequences, length 66
# corresponding to MSA columns:
# 155-220
name=unknown_D
#
# <colnr> <probs for GDERKNQSTAVLIFYWHMCP>
#	G	D	E	R	K	N	Q	S	T	A	V	L	I	F	Y	W	H	M	C	P
0	0.02390	0.27595	0.37597	0.02554	0.03866	0.03115	0.03107	0.03279	0.02200	0.03020	0.01734	0.02028	0.01346	0.00966	0.00880	0.00293	0.01398	0.00699	0.00449	0.01484
1	0.09543	0.04449	0.02888	0.08594	0.03579	0.47837	0.02057	0.03967	0.02800	0.02788	0.01646	0.01985	0.01348	0.01077	0.00938	0.00285	0.01760	0.00698	0.00547	0.01213
2	0.01288	0.00920	0.01227	0.01472	0.01534	0.00859	0.00981	0.01472	0.02024	0.02699	0.05828	0.62152	0.06993	0.03312	0.01350	0.00429	0.00613	0.03006	0.00981	0.00859
3	0.25207	0.02082	0.02298	0.01825	0.02596	0.02116	0.01506	0.12919	0.02985	0.31680	0.03035	0.02821	0.02010	0.01199	0.00934	0.00325	0.00921	0.00889	0.01059	0.01594
4	0.01476	0.01065	0.01395	0.01344	0.01575	0.00984	0.00996	0.01945	0.02900	0.04092	0.50886	0.13124	0.09689	0.02272	0.01257	0.00342	0.00510	0.02017	0.01146	0.00984
5	0.01704	0.01217	0.01704	0.01947	0.02191	0.01217	0.01704	0.02191	0.02434	0.03164	0.05598	0.11926	0.06085	0.02921	0.01460	0.00487	0.00974	0.49130	0.00974	0.00974
6	0.04019	0.02962	0.03173	0.02433	0.03279	0.03279	0.02010	0.52721	0.04971	0.06663	0.02538	0.02538	0.01798	0.01269	0.01058	0.00317	0.01163	0.00952	0.01058	0.01798
7	0.01275	0.01072	0.01107	0.01098	0.01444	0.00904	0.00824	0.01567	0.02471	0.03000	0.15388	0.09939	0.51051	0.02624	0.01249	0.00354	0.00532	0.02198	0.01001	0.00904
8	0.70310	0.02045	0.01554	0.01390	0.02045	0.02372	0.01145	0.03108	0.01799	0.04744	0.01472	0.01718	0.01145	0.00981	0.00654	0.00327	0.00818	0.00573	0.00654	0.01145
9	0.01538	0.01025	0.01153	0.01153	0.01153	0.01025	0.00641	0.01538	0.01538	0.02050	0.03331	0.06919	0.03844	0.62842	0.05382	0.01025	0.01025	0.01538	0.00641	0.00641
10	0.01496	0.01068	0.01465	0.01710	0.01862	0.01038	0.01342	0.01831	0.02229	0.02931	0.05713	0.37053	0.06539	0.03117	0.01405	0.00458	0.00793	0.26055	0.00978	0.00916
11	0.01324	0.00946	0.01269	0.01514	0.01591	0.00890	0.01045	0.01535	0.02060	0.02740	0.05807	0.57765	0.06914	0.03278	0.01359	0.00434	0.00645	0.07035	0.00981	0.00869
12	0.02219	0.01964	0.02546	0.01819	0.02769	0.01520	0.05721	0.02726	0.02219	0.03440	0.01902	0.02250	0.01569	0.00792	0.00824	0.00174	0.00870	0.00681	0.00618	0.63376
13	0.03759	0.05084	0.08649	0.02754	0.03405	0.52760	0.02237	0.04131	0.02917	0.02667	0.01662	0.01941	0.01360	0.01081	0.00959	0.00279	0.01871	0.00691	0.00535	0.01261
14	0.02491	0.02024	0.02874	0.06297	0.07487	0.01708	0.06876	0.03027	0.02316	0.08546	0.02136	0.02473	0.01669	0.00876	0.00898	0.00220	0.00979	0.00780	0.00664	0.45660
15	0.02827	0.63478	0.05540	0.01809	0.02714	0.04184	0.01809	0.03166	0.02148	0.02488	0.01470	0.01696	0.01357	0.00905	0.00678	0.00226	0.01131	0.00565	0.00452	0.01357
16	0.02597	0.44599	0.22407	0.02201	0.03320	0.03621	0.02492	0.03225	0.02176	0.02768	0.01609	0.01871	0.01351	0.00937	0.00785	0.00262	0.01271	0.00636	0.00450	0.01424
17	0.04686	0.01893	0.02512	0.01926	0.02746	0.01693	0.01591	0.08979	0.03183	0.52931	0.04040	0.03513	0.02551	0.01305	0.01063	0.00326	0.00921	0.01054	0.01288	0.01799
18	0.01496	0.01081	0.01413	0.01330	0.01580	0.00998	0.00998	0.01995	0.02993	0.04240	0.55689	0.07898	0.09976	0.02162	0.01247	0.00333	0.00499	0.01912	0.01164	0.00998
19	0.01287	0.01073	0.01122	0.01110	0.01451	0.00908	0.00832	0.01589	0.02497	0.03064	0.17451	0.09834	0.48948	0.02600	0.01249	0.00353	0.00530	0.02184	0.01009	0.00908
20	0.01837	0.00918	0.01377	0.01377	0.01377	0.00918	0.00918	0.01377	0.01377	0.01837	0.01837	0.03214	0.01837	0.03673	0.04132	0.69238	0.00918	0.00918	0.00459	0.00459
21	0.01997	0.01879	0.03171	0.60301	0.07282	0.02349	0.02936	0.02701	0.02114	0.02701	0.01879	0.02819	0.01409	0.01057	0.01057	0.00352	0.01409	0.00940	0.00470	0.01175
22	0.70310	0.02045	0.01554	0.01390	0.02045	0.02372	0.01145	0.03108	0.01799	0.04744	0.01472	0.01718	0.01145	0.00981	0.00654	0.00327	0.00818	0.00573	0.00654	0.01145
23	0.02192	0.01879	0.02192	0.01566	0.02506	0.01409	0.01253	0.02662	0.02192	0.03445	0.01879	0.02192	0.01566	0.00783	0.00783	0.00157	0.00783	0.00626	0.00626	0.69305
24	0.01997	0.01879	0.03171	0.60301	0.07282	0.02349	0.02936	0.02701	0.02114	0.02701	0.01879	0.02819	0.01409	0.01057	0.01057	0.00352	0.01409	0.00940	0.00470	0.01175
25	0.02617	0.02512	0.04292	0.06490	0.56246	0.02512	0.03245	0.03245	0.02407	0.03454	0.01989	0.02617	0.01675	0.00942	0.01047	0.00314	0.01256	0.00942	0.00523	0.01675
26	0.03841	0.10668	0.03241	0.02636	0.03215	0.53356	0.02020	0.04120	0.02915	0.02578	0.01618	0.01886	0.01361	0.01072	0.00927	0.00268	0.01832	0.00670	0.00536	0.01238
27	0.65458	0.02112	0.01673	0.01467	0.02135	0.02438	0.01208	0.06740	0.02032	0.04884	0.01550	0.01778	0.01193	0.01003	0.00684	0.00326	0.00843	0.00600	0.00684	0.01193
28	0.01288	0.00920	0.01227	0.01472	0.01534	0.00859	0.00981	0.01472	0.02024	0.02699	0.05828	0.62152	0.06993	0.03312	0.01350	0.00429	0.00613	0.03006	0.00981	0.00859
29	0.01250	0.01071	0.01071	0.01071	0.01428	0.00893	0.00803	0.01517	0.02410	0.02856	0.10711	0.10175	0.55817	0.02678	0.01250	0.00357	0.00536	0.02231	0.00982	0.00893
30	0.02552	0.02446	0.04175	0.12085	0.51155	0.02495	0.03213	0.03188	0.02377	0.03376	0.01977	0.02638	0.01647	0.00954	0.01048	0.00318	0.01272	0.00942	0.00518	0.01623
31	0.02496	0.02852	0.06239	0.04456	0.05526	0.02674	0.52406	0.03387	0.02496	0.03387	0.02139	0.02852	0.01604	0.00891	0.01248	0.00357	0.01783	0.01248	0.00535	0.01426
32	0.01538	0.01025	0.01153	0.01153	0.01153	0.01025	0.00641	0.01538	0.01538	0.02050	0.03331	0.06919	0.03844	0.62842	0.05382	0.01025	0.01025	0.01538	0.00641	0.00641
33	0.01288	0.00920	0.01227	0.01472	0.01534	0.00859	0.00981	0.01472	0.02024	0.02699	0.05828	0.62152	0.06993	0.03312	0.01350	0.00429	0.00613	0.03006	0.00981	0.00859
34	0.07574	0.02214	0.03356	0.04525	0.34213	0.02225	0.02471	0.03708	0.06993	0.12880	0.02649	0.02947	0.02020	0.01074	0.01000	0.00316	0.01067	0.00963	0.06201	0.01604
35	0.02827	0.63478	0.05540	0.01809	0.02714	0.04184	0.01809	0.03166	0.02148	0.02488	0.01470	0.01696	0.01357	0.00905	0.00678	0.00226	0.01131	0.00565	0.00452	0.01357
36	0.01951	0.01558	0.01805	0.01659	0.02049	0.01652	0.01269	0.03448	0.23574	0.04313	0.35091	0.06313	0.07271	0.01870	0.01178	0.00343	0.00634	0.01625	0.01129	0.01269
37	0.02327	0.14434	0.25343	0.02700	0.03486	0.03092	0.02862	0.02977	0.01959	0.02857	0.01607	0.02171	0.01363	0.01344	0.01986	0.00369	0.26509	0.00804	0.00454	0.01355
38	0.01837	0.00918	0.01377	0.01377	0.01377	0.00918	0.00918	0.01377	0.01377	0.01837	0.01837	0.03214	0.01837	0.03673	0.04132	0.69238	0.00918	0.00918	0.00459	0.00459
39	0.63791	0.02067	0.01635	0.01464	0.02113	0.02397	0.01196	0.03350	0.06860	0.04713	0.01745	0.01932	0.01346	0.01025	0.00695	0.00330	0.00820	0.00633	0.00695	0.01196
40	0.03131	0.12872	0.11516	0.02410	0.03259	0.11503	0.05796	0.03655	0.02457	0.14188	0.02222	0.02427	0.01669	0.01113	0.01198	0.00295	0.07484	0.00816	0.00677	0.11311
41	0.01384	0.00929	0.01193	0.01404	0.01491	0.00877	0.00947	0.01612	0.02051	0.02874	0.05493	0.53964	0.06391	0.03020	0.01264	0.00404	0.00596	0.02722	0.10509	0.00877
42	0.02827	0.63478	0.05540	0.01809	0.02714	0.04184	0.01809	0.03166	0.02148	0.02488	0.01470	0.01696	0.01357	0.00905	0.00678	0.00226	0.01131	0.00565	0.00452	0.01357
43	0.01522	0.01086	0.01461	0.01461	0.01568	0.01192	0.01025	0.01735	0.01629	0.02278	0.03050	0.05359	0.03167	0.31868	0.35430	0.01405	0.02044	0.01309	0.00599	0.00812
44	0.01288	0.00920	0.01227	0.01472	0.01534	0.00859	0.00981	0.01472	0.02024	0.02699	0.05828	0.62152	0.06993	0.03312	0.01350	0.00429	0.00613	0.03006	0.00981	0.00859
45	0.01355	0.01075	0.01217	0.01181	0.01493	0.00937	0.00886	0.01721	0.02658	0.03445	0.29861	0.09206	0.36300	0.02458	0.01249	0.00347	0.00520	0.02095	0.01059	0.00937
46	0.01445	0.01079	0.01341	0.01276	0.01548	0.00976	0.00957	0.01895	0.02870	0.03949	0.46240	0.08376	0.19606	0.02270	0.01248	0.00338	0.00507	0.01979	0.01126	0.00976
47	0.02827	0.63478	0.05540	0.01809	0.02714	0.04184	0.01809	0.03166	0.02148	0.02488	0.01470	0.01696	0.01357	0.00905	0.00678	0.00226	0.01131	0.00565	0.00452	0.01357
48	0.04275	0.02045	0.02544	0.02006	0.02789	0.01983	0.01639	0.11925	0.12196	0.40788	0.03964	0.03510	0.02608	0.01325	0.01065	0.00331	0.00926	0.01071	0.01233	0.01777
49	0.02192	0.01879	0.02192	0.01566	0.02506	0.01409	0.01253	0.02662	0.02192	0.03445	0.01879	0.02192	0.01566	0.00783	0.00783	0.00157	0.00783	0.00626	0.00626	0.69305
50	0.02192	0.01879	0.02192	0.01566	0.02506	0.01409	0.01253	0.02662	0.02192	0.03445	0.01879	0.02192	0.01566	0.00783	0.00783	0.00157	0.00783	0.00626	0.00626	0.69305
51	0.70310	0.02045	0.01554	0.01390	0.02045	0.02372	0.01145	0.03108	0.01799	0.04744	0.01472	0.01718	0.01145	0.00981	0.00654	0.00327	0.00818	0.00573	0.00654	0.01145
52	0.02630	0.02271	0.02391	0.02152	0.02749	0.02630	0.01674	0.05618	0.54336	0.04423	0.04303	0.03945	0.03228	0.01434	0.01076	0.00359	0.00837	0.01195	0.01076	0.01674
53	0.04019	0.02962	0.03173	0.02433	0.03279	0.03279	0.02010	0.52721	0.04971	0.06663	0.02538	0.02538	0.01798	0.01269	0.01058	0.00317	0.01163	0.00952	0.01058	0.01798
54	0.02827	0.63478	0.05540	0.01809	0.02714	0.04184	0.01809	0.03166	0.02148	0.02488	0.01470	0.01696	0.01357	0.00905	0.00678	0.00226	0.01131	0.00565	0.00452	0.01357
55	0.02121	0.05469	0.57364	0.03014	0.04576	0.02455	0.03906	0.03348	0.02232	0.03348	0.01897	0.02232	0.01339	0.01005	0.01005	0.00335	0.01563	0.00781	0.00446	0.01563
56	0.02313	0.02313	0.03238	0.02776	0.02776	0.03238	0.02313	0.02545	0.01619	0.02545	0.01388	0.02313	0.01388	0.01851	0.03470	0.00463	0.60907	0.00925	0.00463	0.01157
57	0.01265	0.01011	0.01134	0.01232	0.01470	0.00879	0.00875	0.01499	0.02255	0.02793	0.08753	0.31010	0.36246	0.02932	0.01290	0.00386	0.00567	0.02542	0.00982	0.00879
58	0.03712	0.02809	0.03000	0.02370	0.03162	0.03135	0.01935	0.42289	0.15904	0.06167	0.02929	0.02850	0.02115	0.01306	0.01062	0.00326	0.01091	0.01006	0.01062	0.01771
59	0.01333	0.01074	0.01186	0.01158	0.01479	0.00928	0.00869	0.01678	0.02606	0.03323	0.25870	0.09408	0.40367	0.02504	0.01249	0.00349	0.00523	0.02124	0.01043	0.00928
60	0.02831	0.01446	0.01887	0.01604	0.02098	0.01334	0.01262	0.03481	0.06845	0.24544	0.32025	0.05948	0.06640	0.01779	0.01164	0.00332	0.00678	0.01532	0.01213	0.01357
61	0.02496	0.02852	0.06239	0.04456	0.05526	0.02674	0.52406	0.03387	0.02496	0.03387	0.02139	0.02852	0.01604	0.00891	0.01248	0.00357	0.01783	0.01248	0.00535	0.01426
62	0.01695	0.01192	0.01578	0.01533	0.01678	0.01371	0.01149	0.02007	0.01773	0.02710	0.02932	0.04494	0.02782	0.17078	0.29628	0.01121	0.07539	0.01163	0.15664	0.00912
63	0.01393	0.00995	0.01347	0.01592	0.01699	0.00949	0.01164	0.01653	0.02128	0.02816	0.05770	0.49483	0.06764	0.03214	0.01377	0.00444	0.00704	0.14640	0.00979	0.00888
64	0.02534	0.02497	0.04464	0.11783	0.43634	0.02519	0.10502	0.03209	0.02390	0.03366	0.02000	0.02673	0.01637	0.00946	0.01078	0.00324	0.01350	0.00987	0.00519	0.01586
65	0.24357	0.02497	0.13288	0.01886	0.02607	0.01955	0.01791	0.06660	0.02303	0.11296	0.02843	0.13359	0.02565	0.01682	0.01201	0.05500	0.00979	0.01185	0.00778	0.01267

[dist]
# distance from previous block
# <min> <max>
3	31

[block]
# block no. 4 follows, 13 sequences, length 53
# corresponding to MSA columns:
# 252-304
name=unknown_E
#
# <colnr> <probs for GDERKNQSTAVLIFYWHMCP>
#	G	D	E	R	K	N	Q	S	T	A	V	L	I	F	Y	W	H	M	C	P
0	0.02664	0.37886	0.04038	0.01794	0.02501	0.03141	0.01616	0.03409	0.10269	0.06920	0.06557	0.09528	0.03008	0.01382	0.00886	0.00285	0.00964	0.01075	0.00723	0.01355
1	0.47795	0.02265	0.02048	0.01702	0.02419	0.02544	0.01403	0.16222	0.02725	0.09396	0.01965	0.02081	0.01433	0.01083	0.00792	0.00325	0.00915	0.00711	0.00812	0.01368
2	0.04744	0.01799	0.02454	0.01881	0.02699	0.01554	0.01554	0.05153	0.03026	0.56979	0.04171	0.03599	0.02617	0.01309	0.01063	0.00327	0.00900	0.01063	0.01309	0.01799
3	0.01393	0.01032	0.01300	0.01327	0.01540	0.00939	0.00959	0.01759	0.02608	0.03549	0.33308	0.24213	0.16996	0.02588	0.01278	0.00365	0.00539	0.02288	0.01079	0.00939
4	0.01341	0.01057	0.01210	0.01209	0.01494	0.00926	0.00893	0.01682	0.02573	0.03329	0.26095	0.15296	0.34002	0.02567	0.01260	0.00357	0.00531	0.02207	0.01046	0.00926
5	0.01453	0.01079	0.01353	0.01284	0.01553	0.00979	0.00963	0.01910	0.02889	0.03994	0.47701	0.08302	0.18117	0.02253	0.01247	0.00337	0.00505	0.01969	0.01132	0.00979
6	0.02630	0.02271	0.02391	0.02152	0.02749	0.02630	0.01674	0.05618	0.54336	0.04423	0.04303	0.03945	0.03228	0.01434	0.01076	0.00359	0.00837	0.01195	0.01076	0.01674
7	0.02630	0.02271	0.02391	0.02152	0.02749	0.02630	0.01674	0.05618	0.54336	0.04423	0.04303	0.03945	0.03228	0.01434	0.01076	0.00359	0.00837	0.01195	0.01076	0.01674
8	0.02192	0.01879	0.02192	0.01566	0.02506	0.01409	0.01253	0.02662	0.02192	0.03445	0.01879	0.02192	0.01566	0.00783	0.00783	0.00157	0.00783	0.00626	0.00626	0.69305
9	0.02496	0.02852	0.06239	0.04456	0.05526	0.02674	0.52406	0.03387	0.02496	0.03387	0.02139	0.02852	0.01604	0.00891	0.01248	0.00357	0.01783	0.01248	0.00535	0.01426
10	0.02254	0.14195	0.45956	0.02926	0.04354	0.02735	0.06862	0.03323	0.02237	0.03219	0.01848	0.02192	0.01360	0.00982	0.00971	0.00320	0.01511	0.00780	0.00453	0.01522
11	0.01516	0.01093	0.01440	0.01387	0.01636	0.01018	0.01063	0.02013	0.02941	0.04140	0.51042	0.08272	0.09615	0.02232	0.01267	0.00347	0.00543	0.06292	0.01146	0.00995
12	0.04599	0.02032	0.02598	0.01992	0.02815	0.01899	0.01645	0.14672	0.03415	0.46910	0.03845	0.03387	0.02453	0.01301	0.01062	0.00325	0.00952	0.01041	0.01258	0.01799
13	0.01460	0.01046	0.01265	0.01343	0.01573	0.00964	0.01011	0.01815	0.02424	0.03290	0.17874	0.22233	0.20376	0.02592	0.01246	0.00375	0.00604	0.08835	0.08745	0.00929
14	0.03016	0.01436	0.01788	0.01495	0.02075	0.01231	0.01193	0.03371	0.02761	0.30035	0.10727	0.06719	0.25850	0.01955	0.01156	0.00340	0.00715	0.01624	0.01159	0.01354
15	0.02827	0.63478	0.05540	0.01809	0.02714	0.04184	0.01809	0.03166	0.02148	0.02488	0.01470	0.01696	0.01357	0.00905	0.00678	0.00226	0.01131	0.00565	0.00452	0.01357
16	0.01496	0.01081	0.01413	0.01330	0.01580	0.00998	0.00998	0.01995	0.02993	0.04240	0.55689	0.07898	0.09976	0.02162	0.01247	0.00333	0.00499	0.01912	0.01164	0.00998
17	0.01997	0.01879	0.03171	0.60301	0.07282	0.02349	0.02936	0.02701	0.02114	0.02701	0.01879	0.02819	0.01409	0.01057	0.01057	0.00352	0.01409	0.00940	0.00470	0.01175
18	0.02617	0.02512	0.04292	0.06490	0.56246	0.02512	0.03245	0.03245	0.02407	0.03454	0.01989	0.02617	0.01675	0.00942	0.01047	0.00314	0.01256	0.00942	0.00523	0.01675
19	0.02121	0.05469	0.57364	0.03014	0.04576	0.02455	0.03906	0.03348	0.02232	0.03348	0.01897	0.02232	0.01339	0.01005	0.01005	0.00335	0.01563	0.00781	0.00446	0.01563
20	0.01727	0.01137	0.01352	0.01295	0.01633	0.00995	0.00971	0.02069	0.02603	0.09422	0.22781	0.15697	0.29491	0.02452	0.01241	0.00356	0.00576	0.02106	0.01074	0.01023
21	0.04056	0.04199	0.02974	0.02562	0.03206	0.39558	0.01980	0.15317	0.03447	0.09714	0.02129	0.02243	0.01604	0.01155	0.00990	0.00289	0.01623	0.00786	0.00748	0.01421
22	0.01538	0.01025	0.01153	0.01153	0.01153	0.01025	0.00641	0.01538	0.01538	0.02050	0.03331	0.06919	0.03844	0.62842	0.05382	0.01025	0.01025	0.01538	0.00641	0.00641
23	0.01971	0.00985	0.00985	0.00985	0.01232	0.00985	0.00739	0.02464	0.02217	0.03942	0.03449	0.03942	0.02710	0.01232	0.00739	0.00246	0.00493	0.00985	0.68712	0.00985
24	0.02598	0.02516	0.07781	0.17767	0.32939	0.02441	0.03015	0.03242	0.02324	0.07751	0.02100	0.02696	0.01649	0.01068	0.01220	0.00336	0.05524	0.00939	0.00568	0.01527
25	0.02617	0.02512	0.04292	0.06490	0.56246	0.02512	0.03245	0.03245	0.02407	0.03454	0.01989	0.02617	0.01675	0.00942	0.01047	0.00314	0.01256	0.00942	0.00523	0.01675
26	0.01962	0.01570	0.01815	0.01668	0.02060	0.01668	0.01275	0.03484	0.24085	0.04315	0.34579	0.06274	0.07204	0.01863	0.01177	0.00343	0.00638	0.01618	0.01128	0.01275
27	0.62750	0.02149	0.01739	0.01509	0.02185	0.02475	0.01244	0.08766	0.02161	0.04963	0.01594	0.01811	0.01220	0.01014	0.00700	0.00326	0.00857	0.00616	0.00700	0.01220
28	0.01298	0.01039	0.01161	0.01203	0.01476	0.00902	0.00874	0.01584	0.02416	0.03042	0.16798	0.21484	0.37532	0.02738	0.01272	0.00369	0.00547	0.02354	0.01011	0.00902
29	0.02572	0.02580	0.03068	0.12411	0.18421	0.11346	0.02207	0.03090	0.02373	0.03188	0.01869	0.02363	0.01538	0.00922	0.00928	0.00251	0.01201	0.00773	0.00559	0.28340
30	0.01456	0.01079	0.01357	0.01287	0.01554	0.00980	0.00965	0.01916	0.02896	0.04011	0.48233	0.08275	0.17575	0.02247	0.01247	0.00337	0.00505	0.01965	0.01134	0.00980
31	0.01288	0.00920	0.01227	0.01472	0.01534	0.00859	0.00981	0.01472	0.02024	0.02699	0.05828	0.62152	0.06993	0.03312	0.01350	0.00429	0.00613	0.03006	0.00981	0.00859
32	0.70310	0.02045	0.01554	0.01390	0.02045	0.02372	0.01145	0.03108	0.01799	0.04744	0.01472	0.01718	0.01145	0.00981	0.00654	0.00327	0.00818	0.00573	0.00654	0.01145
33	0.01496	0.01081	0.01413	0.01330	0.01580	0.00998	0.00998	0.01995	0.02993	0.04240	0.55689	0.07898	0.09976	0.02162	0.01247	0.00333	0.00499	0.01912	0.01164	0.00998
34	0.01496	0.01081	0.01413	0.01330	0.01580	0.00998	0.00998	0.01995	0.02993	0.04240	0.55689	0.07898	0.09976	0.02162	0.01247	0.00333	0.00499	0.01912	0.01164	0.00998
35	0.02121	0.05469	0.57364	0.03014	0.04576	0.02455	0.03906	0.03348	0.02232	0.03348	0.01897	0.02232	0.01339	0.01005	0.01005	0.00335	0.01563	0.00781	0.00446	0.01563
36	0.03950	0.05039	0.02996	0.02724	0.03269	0.58597	0.02043	0.04222	0.02996	0.02588	0.01634	0.01907	0.01362	0.01090	0.00953	0.00272	0.01907	0.00681	0.00545	0.01226
37	0.01704	0.01217	0.01704	0.01947	0.02191	0.01217	0.01704	0.02191	0.02434	0.03164	0.05598	0.11926	0.06085	0.02921	0.01460	0.00487	0.00974	0.49130	0.00974	0.00974
38	0.11637	0.02765	0.02931	0.02270	0.03092	0.03038	0.01875	0.43282	0.04455	0.10443	0.02547	0.02529	0.01789	0.01240	0.01012	0.00319	0.01103	0.00918	0.01032	0.01724
39	0.56835	0.02156	0.02159	0.01805	0.02502	0.02428	0.07036	0.03353	0.06335	0.04562	0.01788	0.02036	0.01374	0.01010	0.00758	0.00333	0.00930	0.00702	0.00676	0.01222
40	0.01922	0.01198	0.01553	0.01631	0.01853	0.01150	0.01185	0.05791	0.02394	0.09226	0.05373	0.46750	0.06028	0.02898	0.01304	0.00414	0.00718	0.06543	0.01024	0.01046
41	0.02000	0.06559	0.02904	0.17393	0.03840	0.07126	0.09016	0.02466	0.02323	0.02816	0.04902	0.13431	0.17395	0.01808	0.01143	0.00349	0.01128	0.01596	0.00703	0.01104
42	0.02060	0.01760	0.02903	0.02396	0.02920	0.01703	0.15748	0.02920	0.10358	0.06617	0.08362	0.23145	0.10381	0.02062	0.01243	0.00377	0.00982	0.01946	0.00901	0.01216
43	0.02463	0.01951	0.02424	0.10334	0.03280	0.01691	0.01576	0.06392	0.02434	0.07115	0.02078	0.02403	0.01629	0.00893	0.00862	0.00208	0.00910	0.00725	0.00679	0.49953
44	0.01671	0.01070	0.01415	0.01520	0.01689	0.01008	0.01103	0.01949	0.02260	0.06956	0.13158	0.35013	0.06630	0.09711	0.01790	0.00484	0.00721	0.09914	0.00994	0.00944
45	0.07935	0.11782	0.18248	0.06194	0.03583	0.07774	0.02367	0.09746	0.02658	0.07631	0.02030	0.02264	0.01521	0.01025	0.00911	0.00286	0.01255	0.00758	0.00642	0.11391
46	0.02732	0.02909	0.16475	0.02487	0.06939	0.02235	0.02217	0.14317	0.10106	0.07844	0.03083	0.07324	0.02460	0.01345	0.01013	0.00324	0.01054	0.01104	0.12528	0.01503
47	0.01869	0.01112	0.01390	0.01350	0.01580	0.01052	0.00983	0.02221	0.02435	0.08395	0.23243	0.13154	0.06336	0.14388	0.02014	0.00480	0.00687	0.04926	0.11405	0.00981
48	0.02556	0.02738	0.09794	0.19194	0.08399	0.02618	0.11440	0.10292	0.14523	0.03871	0.02577	0.02964	0.01921	0.01128	0.01089	0.00345	0.01319	0.01037	0.00699	0.01495
49	0.01494	0.01014	0.01189	0.01220	0.01253	0.00996	0.00728	0.01570	0.01749	0.02356	0.08582	0.15732	0.04910	0.47812	0.04361	0.00867	0.00911	0.01804	0.00743	0.00708
50	0.02459	0.02023	0.06264	0.02337	0.07048	0.01889	0.01799	0.07147	0.14385	0.09906	0.10697	0.08997	0.04142	0.02541	0.08572	0.00533	0.01166	0.05773	0.00938	0.01382
51	0.11593	0.02166	0.02108	0.01869	0.02285	0.09437	0.01417	0.10096	0.02588	0.11724	0.03209	0.14535	0.03096	0.12577	0.01992	0.00472	0.05410	0.01374	0.00844	0.01208
52	0.02537	0.13838	0.10128	0.06126	0.02997	0.02174	0.01846	0.03312	0.07282	0.11515	0.10935	0.04032	0.07621	0.01357	0.00990	0.00295	0.00959	0.01101	0.00812	0.10144

[dist]
# distance from previous block
# <min> <max>
11	36

[block]
# block no. 5 follows, 13 sequences, length 8
# corresponding to MSA columns:
# 367-374
name=unknown_F
#
# <colnr> <probs for GDERKNQSTAVLIFYWHMCP>
#	G	D	E	R	K	N	Q	S	T	A	V	L	I	F	Y	W	H	M	C	P
0	0.27564	0.01908	0.01965	0.01631	0.02309	0.01910	0.01302	0.08587	0.02456	0.12071	0.02721	0.11064	0.02389	0.01359	0.00891	0.00302	0.00830	0.01057	0.00837	0.16845
1	0.08386	0.06937	0.10965	0.05854	0.03264	0.02367	0.02044	0.16165	0.03185	0.19766	0.07993	0.03229	0.02673	0.01269	0.01014	0.00321	0.01069	0.00998	0.00939	0.01564
2	0.07873	0.02780	0.12797	0.08684	0.03516	0.02375	0.02182	0.21033	0.03215	0.09108	0.02994	0.13157	0.02617	0.01542	0.01071	0.00346	0.01120	0.01266	0.00856	0.01470
3	0.01423	0.01093	0.01506	0.08995	0.02276	0.01085	0.01222	0.01752	0.02286	0.03058	0.16912	0.37889	0.11120	0.02709	0.01280	0.00392	0.00684	0.02428	0.00956	0.00934
4	0.07821	0.01776	0.02193	0.12575	0.03203	0.01918	0.01704	0.09485	0.08518	0.10850	0.07733	0.05189	0.07141	0.01624	0.01085	0.00352	0.00933	0.07795	0.06795	0.01310
5	0.02541	0.01310	0.01661	0.01471	0.01925	0.01146	0.01138	0.02905	0.02720	0.22168	0.18852	0.14013	0.19573	0.02152	0.01196	0.00350	0.00664	0.01843	0.01141	0.01232
6	0.14907	0.09311	0.10870	0.06544	0.03499	0.02427	0.12828	0.02865	0.02032	0.03261	0.01887	0.02509	0.01535	0.01395	0.01534	0.09220	0.05836	0.00874	0.05474	0.01190
7	0.02549	0.01782	0.02132	0.09312	0.02914	0.01928	0.01570	0.07404	0.19741	0.10720	0.07326	0.09443	0.07959	0.01645	0.01081	0.00343	0.00840	0.01390	0.08539	0.01382

[dist]
# distance from previous block
# <min> <max>
0	1

[block]
# block no. 6 follows, 13 sequences, length 46
# corresponding to MSA columns:
# 376-421
name=unknown_G
#
# <colnr> <probs for GDERKNQSTAVLIFYWHMCP>
#	G	D	E	R	K	N	Q	S	T	A	V	L	I	F	Y	W	H	M	C	P
0	0.01965	0.01865	0.10412	0.01641	0.02178	0.01287	0.01510	0.02547	0.02822	0.10332	0.36752	0.06688	0.11954	0.01922	0.01187	0.00335	0.00720	0.01659	0.01050	0.01175
1	0.01567	0.01021	0.01222	0.01208	0.01248	0.01008	0.00731	0.01591	0.01750	0.02373	0.11484	0.06628	0.04578	0.46046	0.04573	0.09144	0.00928	0.01522	0.00702	0.00676
2	0.03001	0.08280	0.09352	0.05897	0.03032	0.02224	0.01912	0.07908	0.02502	0.17747	0.02699	0.03369	0.02156	0.11025	0.01954	0.00432	0.07835	0.00987	0.00786	0.06903
3	0.09808	0.01968	0.02466	0.11085	0.03359	0.01875	0.01683	0.08191	0.02683	0.21988	0.02682	0.02757	0.01880	0.01070	0.00935	0.00277	0.00961	0.00850	0.00877	0.22608
4	0.03924	0.02867	0.02927	0.02331	0.03108	0.08026	0.01891	0.33746	0.11728	0.13966	0.02974	0.02855	0.02098	0.01283	0.01052	0.00321	0.01142	0.00980	0.01053	0.01727
5	0.28832	0.01908	0.02421	0.16157	0.13225	0.02140	0.01990	0.02798	0.02067	0.03687	0.02466	0.08721	0.02325	0.01396	0.00963	0.00356	0.01033	0.05662	0.00648	0.01206
6	0.70310	0.02045	0.01554	0.01390	0.02045	0.02372	0.01145	0.03108	0.01799	0.04744	0.01472	0.01718	0.01145	0.00981	0.00654	0.00327	0.00818	0.00573	0.00654	0.01145
7	0.53810	0.01983	0.01780	0.01514	0.02209	0.02166	0.01248	0.03623	0.02108	0.17889	0.02151	0.02191	0.01516	0.01064	0.00757	0.00327	0.00838	0.00696	0.00819	0.01310
8	0.04471	0.01954	0.02515	0.01959	0.02758	0.01819	0.01608	0.09634	0.08185	0.47188	0.04032	0.03533	0.02600	0.01317	0.01064	0.00329	0.00918	0.01066	0.01263	0.01787
9	0.02811	0.12990	0.22866	0.09345	0.03893	0.02498	0.02608	0.07990	0.02588	0.13298	0.02625	0.07357	0.02088	0.01263	0.01003	0.00324	0.01239	0.01014	0.00709	0.01491
