[name]
unknown

[dist]
# distance from previous block
# <min> <max>
0	0

[block]
# block no. 0 follows, 13 sequences, length 25
# corresponding to MSA columns:
# 0-24
name=unknown_A
#
# <colnr> <probs for GDERKNQSTAVLIFYWHMCP>
#	G	D	E	R	K	N	Q	S	T	A	V	L	I	F	Y	W	H	M	C	P
0	0.01704	0.01217	0.01704	0.01947	0.02191	0.01217	0.01704	0.02191	0.02434	0.03164	0.05598	0.11926	0.06085	0.02921	0.01460	0.00487	0.00974	0.49130	0.00974	0.00974
1	0.04744	0.01799	0.02454	0.01881	0.02699	0.01554	0.01554	0.05153	0.03026	0.56979	0.04171	0.03599	0.02617	0.01309	0.01063	0.00327	0.00900	0.01063	0.01309	0.01799
2	0.01997	0.01879	0.03171	0.60301	0.07282	0.02349	0.02936	0.02701	0.02114	0.02701	0.01879	0.02819	0.01409	0.01057	0.01057	0.00352	0.01409	0.00940	0.00470	0.01175
3	0.03950	0.05039	0.02996	0.02724	0.03269	0.58597	0.02043	0.04222	0.02996	0.02588	0.01634	0.01907	0.01362	0.01090	0.00953	0.00272	0.01907	0.00681	0.00545	0.01226
4	0.02505	0.04285	0.35943	0.03344	0.04678	0.02431	0.18658	0.03545	0.02395	0.08847	0.02205	0.02564	0.01552	0.01001	0.01086	0.00341	0.01563	0.00954	0.00562	0.01545
5	0.02121	0.05469	0.57364	0.03014	0.04576	0.02455	0.03906	0.03348	0.02232	0.03348	0.01897	0.02232	0.01339	0.01005	0.01005	0.00335	0.01563	0.00781	0.00446	0.01563
6	0.02617	0.02512	0.04292	0.06490	0.56246	0.02512	0.03245	0.03245	0.02407	0.03454	0.01989	0.02617	0.01675	0.00942	0.01047	0.00314	0.01256	0.00942	0.00523	0.01675
7	0.04744	0.01799	0.02454	0.01881	0.02699	0.01554	0.01554	0.05153	0.03026	0.56979	0.04171	0.03599	0.02617	0.01309	0.01063	0.00327	0.00900	0.01063	0.01309	0.01799
8	0.03080	0.03731	0.04936	0.03760	0.04619	0.25144	0.32170	0.03722	0.02697	0.03066	0.01936	0.02472	0.01507	0.00971	0.01129	0.00323	0.01832	0.01020	0.00539	0.01346
9	0.20260	0.03062	0.02748	0.02223	0.02975	0.11722	0.01803	0.32960	0.03884	0.05554	0.02135	0.02238	0.01570	0.01171	0.00942	0.00313	0.01195	0.00816	0.00878	0.01548
10	0.01799	0.01325	0.01774	0.01968	0.02248	0.01362	0.01701	0.02541	0.07744	0.03293	0.05466	0.11110	0.05793	0.02769	0.01421	0.00474	0.00960	0.44226	0.00984	0.01045
11	0.01388	0.00962	0.01197	0.01344	0.01381	0.00926	0.00845	0.01498	0.01829	0.02438	0.04825	0.39959	0.05728	0.27232	0.02970	0.00669	0.00779	0.02416	0.00845	0.00771
12	0.03950	0.05039	0.02996	0.02724	0.03269	0.58597	0.02043	0.04222	0.02996	0.02588	0.01634	0.01907	0.01362	0.01090	0.00953	0.00272	0.01907	0.00681	0.00545	0.01226
13	0.02149	0.02034	0.03446	0.47109	0.19286	0.02389	0.03012	0.02835	0.02186	0.02886	0.01906	0.02769	0.01474	0.01029	0.01055	0.00343	0.01372	0.00940	0.00483	0.01297
14	0.01627	0.00974	0.01362	0.01407	0.01450	0.00994	0.00946	0.01509	0.01579	0.02136	0.03008	0.14878	0.03284	0.15091	0.12891	0.32963	0.01199	0.01450	0.00606	0.00646
15	0.01621	0.01246	0.01516	0.01596	0.01809	0.01273	0.01136	0.02478	0.13693	0.03358	0.14574	0.39484	0.06709	0.02690	0.01271	0.00396	0.00642	0.02409	0.01035	0.01063
16	0.04267	0.02074	0.02564	0.02019	0.02805	0.02025	0.01651	0.13230	0.11971	0.39691	0.03919	0.03479	0.02582	0.01323	0.01064	0.00331	0.00933	0.01067	0.01227	0.01778
17	0.51236	0.02134	0.01958	0.01673	0.02293	0.02469	0.01382	0.07799	0.02185	0.09494	0.01810	0.02027	0.01365	0.01127	0.01017	0.00340	0.07004	0.00689	0.00732	0.01266
18	0.02617	0.02512	0.04292	0.06490	0.56246	0.02512	0.03245	0.03245	0.02407	0.03454	0.01989	0.02617	0.01675	0.00942	0.01047	0.00314	0.01256	0.00942	0.00523	0.01675
19	0.02538	0.02688	0.08536	0.03739	0.04701	0.02335	0.38101	0.03337	0.02529	0.08322	0.05941	0.06970	0.02554	0.01171	0.01222	0.00356	0.01532	0.01355	0.00669	0.01406
20	0.03123	0.12787	0.23778	0.02490	0.03598	0.02469	0.05862	0.04095	0.07225	0.20127	0.02779	0.02775	0.01932	0.01116	0.00995	0.00319	0.01237	0.00905	0.00781	0.01606
21	0.02924	0.09244	0.30427	0.02411	0.03545	0.02189	0.02716	0.03721	0.02452	0.19870	0.02923	0.08070	0.02253	0.01300	0.01024	0.00331	0.01230	0.01052	0.00764	0.01553
22	0.08424	0.01683	0.02434	0.03203	0.20722	0.01649	0.01822	0.02616	0.02328	0.08253	0.07692	0.22169	0.08842	0.01955	0.01138	0.00357	0.00867	0.01742	0.00834	0.01268
23	0.02620	0.02211	0.03668	0.32067	0.17177	0.02431	0.07855	0.07675	0.02562	0.08237	0.02199	0.02823	0.01634	0.01057	0.01075	0.00339	0.01345	0.00984	0.00618	0.01425
24	0.57783	0.02344	0.06744	0.01556	0.02320	0.02291	0.01409	0.03089	0.01875	0.04496	0.01549	0.01809	0.01202	0.00965	0.00698	0.00312	0.00883	0.00597	0.00633	0.07445

[dist]
# distance from previous block
# <min> <max>
1	3

[block]
# block no. 1 follows, 13 sequences, length 87
# corresponding to MSA columns:
# 28-114
name=unknown_B
#
# <colnr> <probs for GDERKNQSTAVLIFYWHMCP>
#	G	D	E	R	K	N	Q	S	T	A	V	L	I	F	Y	W	H	M	C	P
0	0.02964	0.02570	0.03815	0.11911	0.34192	0.02724	0.02833	0.18129	0.03146	0.04331	0.02141	0.02618	0.01679	0.01055	0.01051	0.00320	0.01247	0.00945	0.00678	0.01650
1	0.17715	0.02437	0.07029	0.13836	0.04462	0.02304	0.18326	0.03552	0.02362	0.14480	0.02343	0.02711	0.01656	0.01035	0.01028	0.00342	0.01306	0.00974	0.00701	0.01401
2	0.02726	0.02436	0.03792	0.19449	0.33632	0.02617	0.02930	0.12557	0.02822	0.03875	0.02066	0.02653	0.01631	0.01034	0.01051	0.00324	0.01278	0.00943	0.00612	0.01571
3	0.01997	0.01879	0.03171	0.60301	0.07282	0.02349	0.02936	0.02701	0.02114	0.02701	0.01879	0.02819	0.01409	0.01057	0.01057	0.00352	0.01409	0.00940	0.00470	0.01175
4	0.02192	0.01879	0.02192	0.01566	0.02506	0.01409	0.01253	0.02662	0.02192	0.03445	0.01879	0.02192	0.01566	0.00783	0.00783	0.00157	0.00783	0.00626	0.00626	0.69305
5	0.02015	0.01725	0.01925	0.01826	0.02097	0.07840	0.01398	0.06785	0.02128	0.02816	0.02721	0.04029	0.02542	0.11999	0.41665	0.01347	0.02397	0.01106	0.00617	0.01024
6	0.01598	0.01341	0.01835	0.01866	0.01909	0.01578	0.01384	0.01796	0.01902	0.02652	0.04486	0.44069	0.05299	0.02871	0.01990	0.00439	0.18833	0.02377	0.00825	0.00949
7	0.04105	0.01942	0.02435	0.01963	0.02714	0.01879	0.01590	0.05293	0.18531	0.41097	0.04211	0.03703	0.02802	0.01347	0.01067	0.00337	0.00881	0.01103	0.01238	0.01761
8	0.03501	0.02573	0.02952	0.02382	0.03014	0.02952	0.01951	0.28585	0.13823	0.11030	0.02847	0.02890	0.02092	0.01417	0.01523	0.00354	0.12482	0.01007	0.00975	0.01651
9	0.02677	0.04439	0.40975	0.03184	0.09962	0.02290	0.03384	0.03682	0.02403	0.13604	0.02342	0.02536	0.01621	0.01056	0.01020	0.00331	0.01402	0.00853	0.00620	0.01620
10	0.02468	0.01147	0.01295	0.01180	0.01536	0.01095	0.00912	0.02945	0.02425	0.14093	0.07140	0.04145	0.03187	0.01310	0.00836	0.00268	0.00571	0.01063	0.51242	0.01142
11	0.02344	0.08976	0.03546	0.25335	0.14017	0.02794	0.02580	0.03196	0.08831	0.03004	0.02070	0.02704	0.01682	0.01225	0.01492	0.00354	0.13021	0.00929	0.00554	0.01345
12	0.02827	0.63478	0.05540	0.01809	0.02714	0.04184	0.01809	0.03166	0.02148	0.02488	0.01470	0.01696	0.01357	0.00905	0.00678	0.00226	0.01131	0.00565	0.00452	0.01357
13	0.01326	0.00949	0.01261	0.01446	0.01542	0.00884	0.00984	0.01568	0.02201	0.02980	0.14915	0.52263	0.07537	0.03103	0.01331	0.00412	0.00593	0.02806	0.01015	0.00884
14	0.03211	0.10124	0.02888	0.02237	0.02779	0.31877	0.01747	0.08932	0.03123	0.03451	0.15495	0.03481	0.03606	0.01363	0.01010	0.00288	0.01381	0.01012	0.00750	0.01245
15	0.02353	0.04697	0.41867	0.03284	0.04682	0.02568	0.14398	0.07256	0.02506	0.03619	0.02001	0.02392	0.01434	0.01001	0.01062	0.00338	0.01579	0.00897	0.00514	0.01551
16	0.08951	0.01815	0.02396	0.01850	0.02657	0.01606	0.01528	0.05022	0.02947	0.53627	0.03998	0.03478	0.02523	0.01288	0.01037	0.00327	0.00894	0.01032	0.01267	0.01757
17	0.02827	0.63478	0.05540	0.01809	0.02714	0.04184	0.01809	0.03166	0.02148	0.02488	0.01470	0.01696	0.01357	0.00905	0.00678	0.00226	0.01131	0.00565	0.00452	0.01357
18	0.02555	0.02449	0.04181	0.11822	0.51394	0.02496	0.03214	0.03191	0.02378	0.03380	0.01978	0.02637	0.01648	0.00953	0.01048	0.00318	0.01271	0.00942	0.00518	0.01625
19	0.01803	0.00930	0.01352	0.01352	0.01352	0.00930	0.00887	0.01395	0.01395	0.01860	0.02003	0.03626	0.02060	0.10251	0.04271	0.61654	0.00930	0.00987	0.00479	0.00479
20	0.01997	0.01879	0.03171	0.60301	0.07282	0.02349	0.02936	0.02701	0.02114	0.02701	0.01879	0.02819	0.01409	0.01057	0.01057	0.00352	0.01409	0.00940	0.00470	0.01175
21	0.03236	0.02905	0.04749	0.03473	0.04434	0.02968	0.27915	0.27362	0.03699	0.04979	0.02333	0.02700	0.01698	0.01075	0.01155	0.00337	0.01482	0.01104	0.00789	0.01607
22	0.02544	0.19504	0.11584	0.03585	0.04664	0.03058	0.33496	0.03323	0.02373	0.03140	0.01932	0.02473	0.01509	0.00907	0.01068	0.00319	0.01583	0.01013	0.00503	0.01422
23	0.01297	0.01073	0.01136	0.01121	0.01457	0.00913	0.00840	0.01609	0.02521	0.03121	0.19302	0.09740	0.47061	0.02579	0.01249	0.00352	0.00529	0.02170	0.01017	0.00913
24	0.01296	0.00948	0.01219	0.01414	0.01523	0.00871	0.00961	0.01510	0.02131	0.02813	0.09490	0.52459	0.13149	0.03164	0.01331	0.00415	0.00597	0.02844	0.00993	0.00871
25	0.01997	0.01879	0.03171	0.60301	0.07282	0.02349	0.02936	0.02701	0.02114	0.02701	0.01879	0.02819	0.01409	0.01057	0.01057	0.00352	0.01409	0.00940	0.00470	0.01175
26	0.02191	0.11218	0.52228	0.02894	0.04392	0.02627	0.03699	0.03330	0.02224	0.03263	0.01855	0.02179	0.01341	0.00995	0.00972	0.00324	0.01520	0.00760	0.00447	0.01542
27	0.01317	0.01074	0.01165	0.01142	0.01470	0.00921	0.00857	0.01648	0.02570	0.03235	0.23023	0.09552	0.43268	0.02536	0.01249	0.00350	0.00525	0.02144	0.01032	0.00921
28	0.70310	0.02045	0.01554	0.01390	0.02045	0.02372	0.01145	0.03108	0.01799	0.04744	0.01472	0.01718	0.01145	0.00981	0.00654	0.00327	0.00818	0.00573	0.00654	0.01145
29	0.02393	0.02326	0.04086	0.24786	0.34766	0.02471	0.07658	0.03071	0.02315	0.03189	0.01965	0.02708	0.01577	0.00977	0.01069	0.00331	0.01357	0.00969	0.00506	0.01480
30	0.02473	0.02340	0.03960	0.05947	0.50325	0.02333	0.03000	0.03053	0.02366	0.03372	0.02404	0.09061	0.02250	0.01199	0.01080	0.00327	0.01187	0.01165	0.00573	0.01586
31	0.01496	0.01081	0.01413	0.01330	0.01580	0.00998	0.00998	0.01995	0.02993	0.04240	0.55689	0.07898	0.09976	0.02162	0.01247	0.00333	0.00499	0.01912	0.01164	0.00998
32	0.01704	0.01217	0.01704	0.01947	0.02191	0.01217	0.01704	0.02191	0.02434	0.03164	0.05598	0.11926	0.06085	0.02921	0.01460	0.00487	0.00974	0.49130	0.00974	0.00974
33	0.02220	0.13654	0.50051	0.02844	0.04313	0.02699	0.03611	0.03323	0.02220	0.03227	0.01837	0.02157	0.01342	0.00990	0.00959	0.00320	0.01502	0.00751	0.00447	0.01534
34	0.01250	0.01071	0.01071	0.01071	0.01428	0.00893	0.00803	0.01517	0.02410	0.02856	0.10711	0.10175	0.55817	0.02678	0.01250	0.00357	0.00536	0.02231	0.00982	0.00893
35	0.02496	0.02852	0.06239	0.04456	0.05526	0.02674	0.52406	0.03387	0.02496	0.03387	0.02139	0.02852	0.01604	0.00891	0.01248	0.00357	0.01783	0.01248	0.00535	0.01426
36	0.03950	0.05039	0.02996	0.02724	0.03269	0.58597	0.02043	0.04222	0.02996	0.02588	0.01634	0.01907	0.01362	0.01090	0.00953	0.00272	0.01907	0.00681	0.00545	0.01226
37	0.03542	0.03311	0.24589	0.02356	0.03459	0.01991	0.02511	0.04457	0.06196	0.31780	0.03263	0.03071	0.02144	0.01195	0.01040	0.00332	0.01163	0.00959	0.00945	0.01695
38	0.70310	0.02045	0.01554	0.01390	0.02045	0.02372	0.01145	0.03108	0.01799	0.04744	0.01472	0.01718	0.01145	0.00981	0.00654	0.00327	0.00818	0.00573	0.00654	0.01145
39	0.01288	0.00920	0.01227	0.01472	0.01534	0.00859	0.00981	0.01472	0.02024	0.02699	0.05828	0.62152	0.06993	0.03312	0.01350	0.00429	0.00613	0.03006	0.00981	0.00859
40	0.70310	0.02045	0.01554	0.01390	0.02045	0.02372	0.01145	0.03108	0.01799	0.04744	0.01472	0.01718	0.01145	0.00981	0.00654	0.00327	0.00818	0.00573	0.00654	0.01145
41	0.02171	0.09593	0.53680	0.02928	0.04444	0.02578	0.03757	0.03335	0.02226	0.03287	0.01867	0.02194	0.01341	0.00997	0.00981	0.00327	0.01532	0.00766	0.00447	0.01548
42	0.02313	0.02313	0.03238	0.02776	0.02776	0.03238	0.02313	0.02545	0.01619	0.02545	0.01388	0.02313	0.01388	0.01851	0.03470	0.00463	0.60907	0.00925	0.00463	0.01157
43	0.02058	0.01942	0.03282	0.54968	0.12134	0.02365	0.02967	0.02755	0.02143	0.02776	0.01890	0.02799	0.01436	0.01046	0.01056	0.00349	0.01394	0.00940	0.00475	0.01224
44	0.01258	0.01038	0.01105	0.01159	0.01451	0.00885	0.00842	0.01507	0.02325	0.02822	0.09639	0.21579	0.45105	0.02817	0.01272	0.00373	0.00553	0.02401	0.00982	0.00885
45	0.01997	0.01879	0.03171	0.60301	0.07282	0.02349	0.02936	0.02701	0.02114	0.02701	0.01879	0.02819	0.01409	0.01057	0.01057	0.00352	0.01409	0.00940	0.00470	0.01175
46	0.02827	0.63478	0.05540	0.01809	0.02714	0.04184	0.01809	0.03166	0.02148	0.02488	0.01470	0.01696	0.01357	0.00905	0.00678	0.00226	0.01131	0.00565	0.00452	0.01357
47	0.01333	0.00952	0.01278	0.01524	0.01605	0.00898	0.01060	0.01550	0.02069	0.02749	0.05803	0.56716	0.06895	0.03270	0.01362	0.00436	0.00652	0.07998	0.00981	0.00871
48	0.03950	0.05039	0.02996	0.02724	0.03269	0.58597	0.02043	0.04222	0.02996	0.02588	0.01634	0.01907	0.01362	0.01090	0.00953	0.00272	0.01907	0.00681	0.00545	0.01226
49	0.02827	0.63478	0.05540	0.01809	0.02714	0.04184	0.01809	0.03166	0.02148	0.02488	0.01470	0.01696	0.01357	0.00905	0.00678	0.00226	0.01131	0.00565	0.00452	0.01357
50	0.02161	0.05186	0.51830	0.03170	0.04679	0.02479	0.09156	0.03353	0.02261	0.03353	0.01924	0.02299	0.01368	0.00992	0.01031	0.00337	0.01586	0.00832	0.00456	0.01548
51	0.01250	0.01071	0.01071	0.01071	0.01428	0.00893	0.00803	0.01517	0.02410	0.02856	0.10711	0.10175	0.55817	0.02678	0.01250	0.00357	0.00536	0.02231	0.00982	0.00893
52	0.03950	0.05039	0.02996	0.02724	0.03269	0.58597	0.02043	0.04222	0.02996	0.02588	0.01634	0.01907	0.01362	0.01090	0.00953	0.00272	0.01907	0.00681	0.00545	0.01226
53	0.02594	0.02577	0.04664	0.06101	0.46558	0.02543	0.12635	0.03272	0.02424	0.03441	0.02017	0.02662	0.01661	0.00932	0.01085	0.00322	0.01357	0.01000	0.00526	0.01627
54	0.01288	0.00920	0.01227	0.01472	0.01534	0.00859	0.00981	0.01472	0.02024	0.02699	0.05828	0.62152	0.06993	0.03312	0.01350	0.00429	0.00613	0.03006	0.00981	0.00859
55	0.01468	0.01174	0.01340	0.01419	0.01699	0.01111	0.01064	0.02032	0.07917	0.03017	0.07900	0.25428	0.29126	0.02765	0.01287	0.00395	0.00647	0.08242	0.00991	0.00977
56	0.02184	0.02071	0.03510	0.44040	0.22079	0.02398	0.03030	0.02866	0.02203	0.02929	0.01912	0.02758	0.01490	0.01022	0.01054	0.00341	0.01363	0.00940	0.00486	0.01326
57	0.02063	0.05066	0.52221	0.02859	0.04301	0.02321	0.03639	0.03224	0.02302	0.03430	0.06842	0.02753	0.02133	0.01111	0.01027	0.00335	0.01465	0.00885	0.00512	0.01511
58	0.02617	0.02512	0.04292	0.06490	0.56246	0.02512	0.03245	0.03245	0.02407	0.03454	0.01989	0.02617	0.01675	0.00942	0.01047	0.00314	0.01256	0.00942	0.00523	0.01675
59	0.32663	0.01695	0.01807	0.01642	0.01951	0.02010	0.01286	0.02411	0.01711	0.03423	0.04896	0.02661	0.01942	0.02030	0.02269	0.21177	0.12078	0.00825	0.00591	0.00931
60	0.02368	0.02476	0.04145	0.03284	0.03607	0.03068	0.17451	0.02799	0.01884	0.02799	0.01615	0.02476	0.01453	0.01561	0.02798	0.00431	0.43040	0.01023	0.00484	0.01238
61	0.01837	0.00918	0.01377	0.01377	0.01377	0.00918	0.00918	0.01377	0.01377	0.01837	0.01837	0.03214	0.01837	0.03673	0.04132	0.69238	0.00918	0.00918	0.00459	0.00459
62	0.02121	0.05469	0.57364	0.03014	0.04576	0.02455	0.03906	0.03348	0.02232	0.03348	0.01897	0.02232	0.01339	0.01005	0.01005	0.00335	0.01563	0.00781	0.00446	0.01563
63	0.02111	0.01886	0.03093	0.25107	0.21722	0.02060	0.02665	0.02724	0.02307	0.03087	0.03039	0.05505	0.02909	0.01583	0.01176	0.00380	0.01228	0.15503	0.00640	0.01277
64	0.02051	0.01985	0.03503	0.54256	0.07092	0.02384	0.08291	0.02776	0.02155	0.02776	0.01907	0.02822	0.01431	0.01039	0.01078	0.00353	0.01450	0.00973	0.00477	0.01202
65	0.01250	0.01071	0.01071	0.01071	0.01428	0.00893	0.00803	0.01517	0.02410	0.02856	0.10711	0.10175	0.55817	0.02678	0.01250	0.00357	0.00536	0.02231	0.00982	0.00893
66	0.01737	0.01487	0.02145	0.02786	0.17656	0.01402	0.01601	0.02180	0.02569	0.03472	0.22452	0.11306	0.21010	0.02047	0.01197	0.00342	0.00742	0.01808	0.00906	0.01155
67	0.02229	0.04764	0.44104	0.03602	0.10308	0.02494	0.10964	0.03343	0.02290	0.03366	0.01943	0.02365	0.01415	0.00981	0.01045	0.00336	0.01562	0.00867	0.00468	0.01555
68	0.01288	0.00920	0.01227	0.01472	0.01534	0.00859	0.00981	0.01472	0.02024	0.02699	0.05828	0.62152	0.06993	0.03312	0.01350	0.00429	0.00613	0.03006	0.00981	0.00859
69	0.70310	0.02045	0.01554	0.01390	0.02045	0.02372	0.01145	0.03108	0.01799	0.04744	0.01472	0.01718	0.01145	0.00981	0.00654	0.00327	0.00818	0.00573	0.00654	0.01145
70	0.70310	0.02045	0.01554	0.01390	0.02045	0.02372	0.01145	0.03108	0.01799	0.04744	0.01472	0.01718	0.01145	0.00981	0.00654	0.00327	0.00818	0.00573	0.00654	0.01145
71	0.02192	0.01879	0.02192	0.01566	0.02506	0.01409	0.01253	0.02662	0.02192	0.03445	0.01879	0.02192	0.01566	0.00783	0.00783	0.00157	0.00783	0.00626	0.00626	0.69305
72	0.03376	0.34878	0.04295	0.02257	0.02985	0.30814	0.01924	0.03683	0.02563	0.02537	0.01550	0.01799	0.01359	0.00995	0.00813	0.00249	0.01510	0.00622	0.00498	0.01293
73	0.01510	0.01133	0.01699	0.01699	0.01888	0.01322	0.01322	0.01888	0.01699	0.02454	0.02832	0.04154	0.02643	0.07930	0.58652	0.01699	0.02832	0.01133	0.00566	0.00944
74	0.02765	0.01875	0.02044	0.01690	0.02292	0.01871	0.01356	0.21045	0.03447	0.11800	0.06765	0.06423	0.28349	0.01964	0.01152	0.00338	0.00819	0.01594	0.01055	0.01355
75	0.03124	0.02057	0.03124	0.14251	0.20831	0.02087	0.02334	0.07483	0.02805	0.19672	0.08635	0.03529	0.02840	0.01235	0.01077	0.00327	0.01087	0.01087	0.00862	0.01553
76	0.07244	0.02519	0.03286	0.09011	0.03789	0.06460	0.11313	0.13338	0.13015	0.10808	0.06104	0.03268	0.02532	0.01237	0.01077	0.00336	0.01202	0.01084	0.00874	0.01505
77	0.32019	0.01990	0.02063	0.01724	0.02432	0.02097	0.01403	0.04376	0.11939	0.25281	0.03057	0.02869	0.02108	0.01194	0.00893	0.00333	0.00854	0.00880	0.00990	0.01500
78	0.18040	0.01986	0.02290	0.12576	0.03342	0.01927	0.01591	0.05950	0.02263	0.03811	0.01827	0.02222	0.01454	0.00911	0.00822	0.00243	0.00933	0.00693	0.00631	0.36487
79	0.09949	0.02262	0.03637	0.22754	0.34906	0.02446	0.02915	0.03060	0.02248	0.03362	0.01897	0.02580	0.01533	0.00982	0.01006	0.00327	0.01255	0.00900	0.00521	0.01459
80	0.01803	0.01169	0.01464	0.01380	0.01718	0.01051	0.01073	0.02232	0.02795	0.09492	0.33896	0.08391	0.20657	0.02272	0.01247	0.00352	0.00595	0.06243	0.01115	0.01055
81	0.02533	0.03127	0.19207	0.02532	0.03434	0.02342	0.05949	0.04366	0.25236	0.08039	0.03552	0.04186	0.02803	0.01417	0.01107	0.00363	0.01143	0.06252	0.00855	0.01557
82	0.02748	0.57029	0.11302	0.01943	0.02921	0.03992	0.02042	0.03186	0.02158	0.02583	0.01517	0.01756	0.01355	0.00916	0.00715	0.00238	0.01179	0.00589	0.00452	0.01380
83	0.11172	0.03107	0.13001	0.02320	0.03274	0.02694	0.02182	0.28876	0.03734	0.15440	0.02612	0.02592	0.01796	0.01195	0.01004	0.00324	0.01149	0.00899	0.00946	0.01682
84	0.10185	0.14750	0.18326	0.03123	0.13105	0.02602	0.06083	0.03345	0.02292	0.09124	0.02301	0.06180	0.01903	0.01144	0.00957	0.00316	0.01224	0.00953	0.00619	0.01468
85	0.50217	0.01948	0.01852	0.01840	0.06344	0.02142	0.01339	0.03216	0.02113	0.10240	0.07833	0.02679	0.02328	0.01145	0.00795	0.00327	0.00826	0.00804	0.00771	0.01241
86	0.20647	0.02185	0.02731	0.20061	0.04142	0.06082	0.07365	0.03198	0.07915	0.03494	0.02390	0.03458	0.02028	0.05573	0.01297	0.00398	0.01205	0.03986	0.00643	0.01202

[dist]
# distance from previous block
# <min> <max>
2	9

[block]
# block no. 2 follows, 13 sequences, length 27
# corresponding to MSA columns:
# 124-150
name=unknown_C
#
# <colnr> <probs for GDERKNQSTAVLIFYWHMCP>
#	G	D	E	R	K	N	Q	S	T	A	V	L	I	F	Y	W	H	M	C	P
0	0.14181	0.09184	0.07961	0.01974	0.02733	0.02461	0.01763	0.07297	0.18535	0.13246	0.07495	0.03345	0.02866	0.01288	0.00966	0.00326	0.00940	0.01004	0.00921	0.01512
1	0.56143	0.02226	0.02235	0.01834	0.02554	0.02496	0.06906	0.08124	0.02195	0.04787	0.01653	0.01926	0.01262	0.01000	0.00761	0.00329	0.00959	0.00685	0.00682	0.01242
2	0.02805	0.07476	0.03582	0.27029	0.21018	0.02403	0.02658	0.03396	0.02388	0.13683	0.02332	0.02813	0.01726	0.01058	0.01022	0.00324	0.01237	0.00932	0.00651	0.01468
3	0.45258	0.01976	0.02001	0.12555	0.03135	0.02206	0.01532	0.03194	0.02012	0.09364	0.01848	0.02149	0.01375	0.01011	0.00781	0.00317	0.00934	0.00694	0.00681	0.06977
4	0.20702	0.02418	0.02726	0.18746	0.08657	0.08021	0.02091	0.09563	0.02633	0.11689	0.02174	0.02501	0.01583	0.01093	0.00942	0.00326	0.01187	0.00838	0.00725	0.01384
5	0.51296	0.02025	0.01888	0.01619	0.02240	0.02303	0.01337	0.03438	0.02013	0.14372	0.01973	0.02130	0.01446	0.01128	0.01007	0.00340	0.06717	0.00700	0.00759	0.01269
6	0.01510	0.01133	0.01699	0.01699	0.01888	0.01322	0.01322	0.01888	0.01699	0.02454	0.02832	0.04154	0.02643	0.07930	0.58652	0.01699	0.02832	0.01133	0.00566	0.00944
7	0.02333	0.02215	0.03608	0.29506	0.20324	0.02475	0.06975	0.03450	0.11808	0.03291	0.02377	0.02970	0.01835	0.01079	0.01074	0.00343	0.01292	0.01013	0.00602	0.01431
8	0.01510	0.01133	0.01699	0.01699	0.01888	0.01322	0.01322	0.01888	0.01699	0.02454	0.02832	0.04154	0.02643	0.07930	0.58652	0.01699	0.02832	0.01133	0.00566	0.00944
9	0.01535	0.01037	0.01214	0.01214	0.01235	0.01058	0.00716	0.01576	0.01555	0.02095	0.03276	0.06613	0.03711	0.56764	0.11278	0.01100	0.01225	0.01493	0.00632	0.00674
10	0.70310	0.02045	0.01554	0.01390	0.02045	0.02372	0.01145	0.03108	0.01799	0.04744	0.01472	0.01718	0.01145	0.00981	0.00654	0.00327	0.00818	0.00573	0.00654	0.01145
11	0.04744	0.01799	0.02454	0.01881	0.02699	0.01554	0.01554	0.05153	0.03026	0.56979	0.04171	0.03599	0.02617	0.01309	0.01063	0.00327	0.00900	0.01063	0.01309	0.01799
12	0.04744	0.01799	0.02454	0.01881	0.02699	0.01554	0.01554	0.05153	0.03026	0.56979	0.04171	0.03599	0.02617	0.01309	0.01063	0.00327	0.00900	0.01063	0.01309	0.01799
13	0.02617	0.02512	0.04292	0.06490	0.56246	0.02512	0.03245	0.03245	0.02407	0.03454	0.01989	0.02617	0.01675	0.00942	0.01047	0.00314	0.01256	0.00942	0.00523	0.01675
14	0.03324	0.03634	0.03807	0.03660	0.13361	0.27410	0.12593	0.04072	0.07946	0.06653	0.02238	0.02548	0.01739	0.01071	0.01051	0.00310	0.01588	0.00923	0.00642	0.01432
15	0.01288	0.00920	0.01227	0.01472	0.01534	0.00859	0.00981	0.01472	0.02024	0.02699	0.05828	0.62152	0.06993	0.03312	0.01350	0.00429	0.00613	0.03006	0.00981	0.00859
16	0.02192	0.01879	0.02192	0.01566	0.02506	0.01409	0.01253	0.02662	0.02192	0.03445	0.01879	0.02192	0.01566	0.00783	0.00783	0.00157	0.00783	0.00626	0.00626	0.69305
17	0.70310	0.02045	0.01554	0.01390	0.02045	0.02372	0.01145	0.03108	0.01799	0.04744	0.01472	0.01718	0.01145	0.00981	0.00654	0.00327	0.00818	0.00573	0.00654	0.01145
18	0.01496	0.01081	0.01413	0.01330	0.01580	0.00998	0.00998	0.01995	0.02993	0.04240	0.55689	0.07898	0.09976	0.02162	0.01247	0.00333	0.00499	0.01912	0.01164	0.00998
19	0.02566	0.02460	0.04199	0.10933	0.52203	0.02499	0.03219	0.03200	0.02383	0.03392	0.01980	0.02634	0.01653	0.00952	0.01048	0.00317	0.01269	0.00942	0.00519	0.01633
20	0.02121	0.05469	0.57364	0.03014	0.04576	0.02455	0.03906	0.03348	0.02232	0.03348	0.01897	0.02232	0.01339	0.01005	0.01005	0.00335	0.01563	0.00781	0.00446	0.01563
21	0.01288	0.00920	0.01227	0.01472	0.01534	0.00859	0.00981	0.01472	0.02024	0.02699	0.05828	0.62152	0.06993	0.03312	0.01350	0.00429	0.00613	0.03006	0.00981	0.00859
22	0.01538	0.01025	0.01153	0.01153	0.01153	0.01025	0.00641	0.01538	0.01538	0.02050	0.03331	0.06919	0.03844	0.62842	0.05382	0.01025	0.01025	0.01538	0.00641	0.00641
23	0.02162	0.05179	0.51705	0.03173	0.04681	0.02480	0.09275	0.03353	0.02261	0.03353	0.01924	0.02301	0.01369	0.00992	0.01031	0.00337	0.01587	0.00833	0.00456	0.01547
24	0.03317	0.02154	0.03444	0.12664	0.29158	0.02132	0.02571	0.03875	0.02595	0.23247	0.02784	0.03012	0.01986	0.01095	0.01054	0.00325	0.01146	0.00987	0.00808	0.01648
25	0.02197	0.03802	0.30999	0.02799	0.08841	0.02060	0.02824	0.03075	0.02234	0.03396	0.01899	0.02255	0.01459	0.00913	0.00924	0.00264	0.01233	0.00738	0.00523	0.27565
26	0.03190	0.02693	0.13996	0.02456	0.07542	0.01921	0.02129	0.08660	0.02848	0.21754	0.07460	0.03244	0.02643	0.01189	0.01014	0.00296	0.01038	0.00978	0.00899	0.14049

[dist]
# distance from previous block
# <min> <max>
0	7

[block]
# block no. 3 follows, 13 sequences, length 24
# corresponding to MSA columns:
# 158-181
name=unknown_D
#
# <colnr> <probs for GDERKNQSTAVLIFYWHMCP>
#	G	D	E	R	K	N	Q	S	T	A	V	L	I	F	Y	W	H	M	C	P
0	0.02548	0.01736	0.02214	0.01975	0.06358	0.01500	0.01423	0.03203	0.06248	0.13570	0.16186	0.04060	0.04027	0.01289	0.00993	0.00259	0.00771	0.01098	0.00913	0.29628
1	0.02289	0.02177	0.03699	0.34961	0.30340	0.02426	0.03082	0.02957	0.02252	0.03056	0.01931	0.02724	0.01534	0.01003	0.01052	0.00334	0.01337	0.00941	0.00495	0.01410
2	0.02453	0.01961	0.03249	0.13187	0.03977	0.01992	0.14884	0.03418	0.10367	0.11127	0.10059	0.07841	0.07722	0.01506	0.01166	0.00353	0.01119	0.01421	0.00854	0.01342
3	0.02063	0.01416	0.02050	0.02354	0.11767	0.01331	0.01474	0.02552	0.02818	0.10082	0.36214	0.10382	0.07380	0.01922	0.01196	0.00336	0.00693	0.01715	0.01049	0.01205
4	0.02111	0.01996	0.03377	0.50397	0.16294	0.02379	0.02993	0.02801	0.02168	0.02840	0.01899	0.02782	0.01458	0.01036	0.01055	0.00345	0.01381	0.00940	0.00480	0.01267
5	0.02087	0.01971	0.03334	0.52467	0.14410	0.02373	0.02981	0.02781	0.02157	0.02811	0.01895	0.02789	0.01448	0.01040	0.01056	0.00347	0.01387	0.00940	0.00478	0.01247
6	0.02988	0.02449	0.02593	0.02224	0.02886	0.02797	0.01760	0.17769	0.41602	0.05001	0.03848	0.03582	0.02859	0.01392	0.01071	0.00348	0.00921	0.01133	0.01071	0.01706
7	0.02111	0.01996	0.03377	0.50397	0.16294	0.02379	0.02993	0.02801	0.02168	0.02840	0.01899	0.02782	0.01458	0.01036	0.01055	0.00345	0.01381	0.00940	0.00480	0.01267
8	0.02865	0.01907	0.02498	0.02145	0.02502	0.02238	0.01723	0.03652	0.11709	0.17654	0.03029	0.03579	0.02425	0.07409	0.09697	0.00613	0.21074	0.01090	0.00834	0.01357
9	0.02530	0.03581	0.21580	0.03846	0.05049	0.02533	0.34251	0.03492	0.02450	0.06921	0.02200	0.02712	0.01591	0.00953	0.01161	0.00348	0.01657	0.01093	0.00559	0.01492
10	0.01704	0.01217	0.01704	0.01947	0.02191	0.01217	0.01704	0.02191	0.02434	0.03164	0.05598	0.11926	0.06085	0.02921	0.01460	0.00487	0.00974	0.49130	0.00974	0.00974
11	0.02016	0.01952	0.02172	0.02073	0.02230	0.09931	0.01600	0.02289	0.01949	0.02561	0.03056	0.18433	0.03257	0.04130	0.20789	0.00835	0.17563	0.01500	0.00644	0.01019
12	0.02233	0.01876	0.03088	0.35669	0.16980	0.02113	0.02623	0.02824	0.02233	0.06823	0.02637	0.11346	0.02358	0.01374	0.01097	0.00353	0.01224	0.01246	0.00616	0.01286
13	0.03020	0.02354	0.02792	0.12940	0.03565	0.06714	0.02029	0.16159	0.02936	0.10195	0.02582	0.06707	0.02118	0.01481	0.01568	0.00355	0.14073	0.01076	0.05959	0.01377
14	0.01893	0.01205	0.01326	0.01220	0.01662	0.01014	0.00941	0.02186	0.02523	0.12818	0.09507	0.08965	0.46026	0.02426	0.01215	0.00352	0.00603	0.02016	0.01042	0.01059
15	0.02967	0.50306	0.04927	0.01965	0.02794	0.11655	0.01831	0.03514	0.06539	0.02660	0.01725	0.01910	0.01511	0.00974	0.00749	0.00243	0.01215	0.00633	0.00516	0.01364
16	0.07692	0.01898	0.02262	0.01798	0.02548	0.01731	0.01461	0.10525	0.02830	0.20568	0.03240	0.07945	0.02651	0.01383	0.00995	0.00290	0.00878	0.04629	0.00955	0.23723
17	0.12473	0.43441	0.04739	0.02611	0.12471	0.03616	0.01978	0.03172	0.02146	0.02989	0.01566	0.01869	0.01385	0.00923	0.00743	0.00257	0.01109	0.00636	0.00494	0.01385
18	0.01510	0.01133	0.01699	0.01699	0.01888	0.01322	0.01322	0.01888	0.01699	0.02454	0.02832	0.04154	0.02643	0.07930	0.58652	0.01699	0.02832	0.01133	0.00566	0.00944
19	0.01517	0.01105	0.01559	0.01559	0.01699	0.01245	0.01147	0.01798	0.01658	0.02351	0.02960	0.04864	0.02952	0.22039	0.44964	0.01526	0.02368	0.01237	0.00585	0.00866
20	0.70310	0.02045	0.01554	0.01390	0.02045	0.02372	0.01145	0.03108	0.01799	0.04744	0.01472	0.01718	0.01145	0.00981	0.00654	0.00327	0.00818	0.00573	0.00654	0.01145
21	0.01563	0.01054	0.01236	0.01273	0.01310	0.01054	0.00801	0.01636	0.01673	0.02219	0.03674	0.07676	0.04183	0.53779	0.04788	0.00944	0.01017	0.08736	0.00691	0.00691
22	0.02356	0.02461	0.03139	0.49704	0.06543	0.12702	0.02772	0.02981	0.02277	0.02680	0.01834	0.02651	0.01401	0.01063	0.01038	0.00338	0.01501	0.00892	0.00484	0.01184
23	0.02827	0.63478	0.05540	0.01809	0.02714	0.04184	0.01809	0.03166	0.02148	0.02488	0.01470	0.01696	0.01357	0.00905	0.00678	0.00226	0.01131	0.00565	0.00452	0.01357

[dist]
# distance from previous block
# <min> <max>
0	1

[block]
# block no. 4 follows, 13 sequences, length 20
# corresponding to MSA columns:
# 183-202
name=unknown_E
#
# <colnr> <probs for GDERKNQSTAVLIFYWHMCP>
#	G	D	E	R	K	N	Q	S	T	A	V	L	I	F	Y	W	H	M	C	P
0	0.02213	0.13050	0.50591	0.02856	0.04333	0.02681	0.03632	0.03325	0.02221	0.03236	0.01842	0.02162	0.01342	0.00991	0.00962	0.00321	0.01506	0.00753	0.00447	0.01536
1	0.02255	0.16532	0.47481	0.02784	0.04221	0.02785	0.03506	0.03314	0.02216	0.03184	0.01816	0.02130	0.01343	0.00985	0.00942	0.00314	0.01480	0.00740	0.00448	0.01523
2	0.02827	0.63478	0.05540	0.01809	0.02714	0.04184	0.01809	0.03166	0.02148	0.02488	0.01470	0.01696	0.01357	0.00905	0.00678	0.00226	0.01131	0.00565	0.00452	0.01357
3	0.70310	0.02045	0.01554	0.01390	0.02045	0.02372	0.01145	0.03108	0.01799	0.04744	0.01472	0.01718	0.01145	0.00981	0.00654	0.00327	0.00818	0.00573	0.00654	0.01145
4	0.01743	0.09606	0.02021	0.01438	0.01809	0.01541	0.01144	0.02388	0.06607	0.03925	0.41630	0.06919	0.11327	0.01972	0.01158	0.00322	0.00611	0.01698	0.01049	0.01089
5	0.01322	0.00934	0.01217	0.01429	0.01482	0.00881	0.00935	0.01481	0.01958	0.02611	0.05490	0.54682	0.06567	0.11364	0.01895	0.00510	0.00669	0.02807	0.00935	0.00829
6	0.01601	0.02409	0.18868	0.01909	0.02520	0.01407	0.01920	0.02191	0.02316	0.03192	0.13026	0.25129	0.12014	0.02303	0.01219	0.00378	0.00904	0.04742	0.00842	0.01112
7	0.02427	0.02318	0.03948	0.22986	0.41236	0.02462	0.03150	0.03078	0.02318	0.03223	0.01955	0.02679	0.01593	0.00977	0.01050	0.00326	0.01303	0.00941	0.00507	0.01521
8	0.01714	0.06340	0.02102	0.02096	0.09056	0.01434	0.01365	0.02153	0.02647	0.03676	0.33822	0.17747	0.07541	0.02129	0.01194	0.00341	0.00676	0.01894	0.00982	0.01090
9	0.02121	0.05469	0.57364	0.03014	0.04576	0.02455	0.03906	0.03348	0.02232	0.03348	0.01897	0.02232	0.01339	0.01005	0.01005	0.00335	0.01563	0.00781	0.00446	0.01563
10	0.04194	0.02059	0.06280	0.09859	0.03446	0.01723	0.01901	0.04699	0.02849	0.45996	0.03707	0.03400	0.02367	0.01254	0.01058	0.00331	0.01014	0.01027	0.01137	0.01699
11	0.02069	0.05104	0.52709	0.02874	0.04327	0.02334	0.03664	0.03236	0.02296	0.03423	0.06372	0.02704	0.02058	0.01101	0.01025	0.00335	0.01474	0.00875	0.00506	0.01516
12	0.04744	0.01799	0.02454	0.01881	0.02699	0.01554	0.01554	0.05153	0.03026	0.56979	0.04171	0.03599	0.02617	0.01309	0.01063	0.00327	0.00900	0.01063	0.01309	0.01799
13	0.02187	0.05051	0.50180	0.02901	0.04337	0.02478	0.03615	0.03645	0.09041	0.03489	0.02212	0.02456	0.01586	0.01061	0.01014	0.00338	0.01468	0.00835	0.00529	0.01577
14	0.02591	0.02678	0.14258	0.15489	0.13566	0.02079	0.06680	0.03289	0.02434	0.13315	0.03552	0.03809	0.09045	0.01279	0.01087	0.00338	0.01229	0.01131	0.00708	0.01443
15	0.02868	0.02144	0.06569	0.03125	0.13864	0.01808	0.09103	0.03430	0.02595	0.18953	0.09238	0.10671	0.03501	0.01460	0.01119	0.00331	0.01052	0.01350	0.00883	0.05936
16	0.01878	0.01159	0.01526	0.01606	0.01877	0.01075	0.01256	0.02219	0.02404	0.10068	0.09782	0.27903	0.13138	0.02759	0.01325	0.00417	0.00743	0.16798	0.01035	0.01032
17	0.02163	0.02125	0.03829	0.43815	0.13615	0.02425	0.11135	0.02888	0.02217	0.02916	0.01937	0.02797	0.01477	0.01014	0.01087	0.00348	0.01450	0.00991	0.00488	0.01284
18	0.03320	0.01793	0.02782	0.17527	0.04023	0.01785	0.05580	0.03856	0.02643	0.29300	0.03672	0.04808	0.02837	0.01497	0.01145	0.00364	0.01111	0.09524	0.00972	0.01462
19	0.02694	0.03420	0.19048	0.04028	0.12246	0.02539	0.25032	0.06634	0.02613	0.07973	0.02244	0.02694	0.01639	0.00987	0.01127	0.00340	0.01536	0.01046	0.00606	0.01553

[dist]
# distance from previous block
# <min> <max>
0	4

[block]
# block no. 5 follows, 13 sequences, length 22
# corresponding to MSA columns:
# 207-228
name=unknown_F
#
# <colnr> <probs for GDERKNQSTAVLIFYWHMCP>
#	G	D	E	R	K	N	Q	S	T	A	V	L	I	F	Y	W	H	M	C	P
0	0.04118	0.01866	0.02698	0.02681	0.12241	0.01677	0.01818	0.04551	0.02844	0.43535	0.03896	0.07546	0.02756	0.01384	0.01080	0.00332	0.00944	0.01178	0.01144	0.01711
1	0.01773	0.01161	0.01380	0.01327	0.01683	0.01019	0.01020	0.02122	0.02595	0.09849	0.19908	0.13208	0.30803	0.02455	0.01249	0.00363	0.00609	0.05378	0.01065	0.01032
2	0.02436	0.06198	0.23641	0.07259	0.03805	0.02048	0.07409	0.03174	0.02330	0.12080	0.03154	0.15897	0.02846	0.01558	0.01103	0.00353	0.01227	0.01372	0.00721	0.01390
3	0.02492	0.11178	0.35543	0.03118	0.04392	0.09583	0.12514	0.03443	0.02366	0.03169	0.01864	0.02250	0.01394	0.00983	0.01009	0.00319	0.01599	0.00833	0.00476	0.01473
4	0.01804	0.00940	0.01410	0.01410	0.01428	0.00959	0.00959	0.01428	0.01410	0.01898	0.01936	0.03308	0.01917	0.04098	0.09580	0.62489	0.01110	0.00940	0.00470	0.00508
5	0.02428	0.09890	0.42467	0.03256	0.10633	0.02549	0.03477	0.03447	0.02302	0.07064	0.02032	0.02329	0.01472	0.01010	0.00985	0.00322	0.01441	0.00802	0.00517	0.01575
6	0.03412	0.03209	0.21673	0.02548	0.03625	0.02080	0.07336	0.04407	0.07829	0.28081	0.03205	0.03091	0.02141	0.01176	0.01062	0.00336	0.01207	0.00998	0.00914	0.01669
7	0.02315	0.03092	0.17677	0.09254	0.27391	0.02341	0.07997	0.03111	0.02350	0.03323	0.02415	0.03702	0.02102	0.01206	0.01107	0.00348	0.01364	0.06854	0.00556	0.01495
8	0.02299	0.04221	0.32976	0.03702	0.05029	0.02560	0.27042	0.03367	0.02358	0.03367	0.02013	0.02528	0.01466	0.00950	0.01121	0.00345	0.01668	0.01004	0.00489	0.01497
9	0.03220	0.01827	0.02584	0.08119	0.08335	0.01885	0.01884	0.03863	0.07034	0.26239	0.03751	0.11038	0.03087	0.01659	0.01365	0.00367	0.07022	0.04256	0.00981	0.01483
10	0.01891	0.03555	0.31219	0.06658	0.03914	0.01975	0.07665	0.02726	0.02185	0.03106	0.03137	0.20895	0.03121	0.01712	0.01139	0.00367	0.01279	0.01527	0.00622	0.01304
11	0.02000	0.01878	0.03104	0.47898	0.12729	0.02227	0.02766	0.02653	0.02179	0.02809	0.02756	0.03513	0.06760	0.01201	0.01075	0.00348	0.01305	0.01066	0.00526	0.01208
12	0.02894	0.08302	0.19046	0.03313	0.04448	0.02504	0.24628	0.03729	0.02508	0.14549	0.02446	0.02748	0.01726	0.01010	0.01097	0.00334	0.01485	0.01028	0.00667	0.01535
13	0.03616	0.01984	0.02860	0.02426	0.05734	0.01888	0.07212	0.12161	0.03074	0.29639	0.03867	0.14228	0.03136	0.01611	0.01135	0.00347	0.01007	0.01421	0.01078	0.01576
14	0.03473	0.14395	0.13243	0.02054	0.02985	0.02332	0.02014	0.08719	0.02838	0.26273	0.03706	0.03517	0.07256	0.01304	0.00996	0.00311	0.01058	0.01018	0.00926	0.01581
15	0.13786	0.01573	0.01776	0.01707	0.02104	0.01646	0.01333	0.07130	0.07558	0.08996	0.07303	0.20483	0.04616	0.05205	0.01367	0.00420	0.00823	0.10029	0.00966	0.01178
16	0.35814	0.02087	0.02213	0.01983	0.05646	0.02191	0.01510	0.09301	0.02618	0.23328	0.02574	0.02526	0.01769	0.01126	0.00867	0.00325	0.00911	0.00810	0.00922	0.01480
17	0.20093	0.05303	0.02881	0.02980	0.16137	0.02452	0.01927	0.14266	0.02945	0.09766	0.08769	0.03071	0.02665	0.01209	0.00958	0.00317	0.00991	0.00963	0.00827	0.01482
18	0.13445	0.02383	0.09113	0.07944	0.06822	0.02141	0.01976	0.10204	0.07073	0.09506	0.14749	0.03857	0.03674	0.01370	0.01032	0.00332	0.00982	0.01121	0.00874	0.01401
19	0.06985	0.01933	0.02734	0.22865	0.09404	0.02109	0.02149	0.06161	0.07795	0.14986	0.09242	0.03618	0.02930	0.01279	0.01058	0.00338	0.01067	0.01089	0.00842	0.01415
20	0.24194	0.09516	0.02655	0.11657	0.03195	0.02459	0.01711	0.03209	0.05342	0.08026	0.05200	0.02662	0.02053	0.01178	0.01107	0.00320	0.06815	0.00832	0.00687	0.07181
21	0.23553	0.08544	0.08059	0.06920	0.17923	0.02640	0.05755	0.03411	0.07233	0.03794	0.01999	0.02373	0.01580	0.01008	0.00903	0.00321	0.01140	0.00822	0.00602	0.01421

[dist]
# distance from previous block
# <min> <max>
2	34

[block]
# block no. 6 follows, 13 sequences, length 53
# corresponding to MSA columns:
# 265-317
name=unknown_G
#
# <colnr> <probs for GDERKNQSTAVLIFYWHMCP>
#	G	D	E	R	K	N	Q	S	T	A	V	L	I	F	Y	W	H	M	C	P
0	0.16940	0.03158	0.17256	0.02550	0.08674	0.07990	0.02209	0.03232	0.02317	0.07814	0.06673	0.03046	0.02367	0.05407	0.01244	0.00359	0.01173	0.00905	0.00665	0.06022
1	0.18273	0.07774	0.09473	0.01821	0.02612	0.01997	0.01698	0.03760	0.02566	0.24724	0.11603	0.03547	0.03235	0.01302	0.00961	0.00320	0.00922	0.01014	0.00950	0.01450
2	0.10341	0.21541	0.13529	0.01989	0.02916	0.02698	0.01998	0.07420	0.02573	0.15658	0.03083	0.03064	0.06566	0.01212	0.00906	0.00299	0.01074	0.00901	0.00764	0.01466
3	0.10976	0.07170	0.09006	0.02112	0.02843	0.02150	0.06272	0.06894	0.07621	0.14114	0.08578	0.07681	0.03258	0.05158	0.01297	0.00375	0.01021	0.01207	0.00874	0.01392
4	0.31851	0.03168	0.20483	0.02069	0.03051	0.02282	0.02176	0.03702	0.05799	0.12922	0.02260	0.02357	0.01599	0.01075	0.00869	0.00332	0.01083	0.00767	0.00722	0.01430
5	0.07631	0.02751	0.11950	0.07330	0.03660	0.02281	0.06650	0.09663	0.10854	0.12836	0.02715	0.02828	0.01952	0.01114	0.01001	0.00312	0.01131	0.00931	0.00811	0.11600
6	0.07012	0.02578	0.07738	0.19662	0.05405	0.02414	0.26490	0.03095	0.02291	0.03291	0.01977	0.02657	0.01497	0.00940	0.01089	0.00331	0.01491	0.01020	0.00529	0.08494
7	0.01604	0.01124	0.01306	0.01240	0.01354	0.01089	0.00759	0.01684	0.01619	0.02229	0.03139	0.06202	0.03509	0.51958	0.09114	0.00987	0.01143	0.01410	0.00633	0.07898
8	0.01663	0.01330	0.01876	0.02202	0.11119	0.01250	0.01368	0.02157	0.02822	0.03940	0.41002	0.07243	0.13925	0.02009	0.01212	0.00332	0.00636	0.01780	0.01030	0.01104
9	0.04744	0.01799	0.02454	0.01881	0.02699	0.01554	0.01554	0.05153	0.03026	0.56979	0.04171	0.03599	0.02617	0.01309	0.01063	0.00327	0.00900	0.01063	0.01309	0.01799
10	0.01717	0.01423	0.02041	0.01924	0.02047	0.01782	0.01512	0.02023	0.01664	0.02441	0.02510	0.03935	0.02432	0.11339	0.39819	0.01324	0.17431	0.01117	0.00547	0.00971
11	0.01496	0.01081	0.01413	0.01330	0.01580	0.00998	0.00998	0.01995	0.02993	0.04240	0.55689	0.07898	0.09976	0.02162	0.01247	0.00333	0.00499	0.01912	0.01164	0.00998
12	0.02467	0.01871	0.02221	0.01600	0.02526	0.01425	0.01285	0.02930	0.02282	0.09203	0.02126	0.02344	0.01679	0.00840	0.00813	0.00175	0.00796	0.00673	0.00700	0.62045
13	0.01288	0.00920	0.01227	0.01472	0.01534	0.00859	0.00981	0.01472	0.02024	0.02699	0.05828	0.62152	0.06993	0.03312	0.01350	0.00429	0.00613	0.03006	0.00981	0.00859
14	0.02133	0.01811	0.02126	0.01546	0.02426	0.01374	0.01231	0.02605	0.02261	0.03513	0.06486	0.02681	0.02286	0.00901	0.00823	0.00172	0.00759	0.00736	0.00672	0.63458
15	0.02752	0.57368	0.10999	0.01936	0.02910	0.04002	0.02030	0.03185	0.02157	0.02578	0.01515	0.01753	0.01355	0.00915	0.00713	0.00238	0.01176	0.00588	0.00452	0.01379
16	0.02803	0.09957	0.15357	0.03495	0.04557	0.10012	0.27634	0.03587	0.02510	0.06871	0.02096	0.02539	0.01565	0.00969	0.01090	0.00326	0.01627	0.00999	0.00564	0.01445
17	0.03046	0.02513	0.04178	0.04427	0.24714	0.02506	0.14716	0.09024	0.08374	0.11677	0.02650	0.02952	0.01975	0.01070	0.01103	0.00331	0.01278	0.01063	0.00756	0.01645
18	0.03278	0.29160	0.17237	0.02128	0.03165	0.02903	0.02240	0.03858	0.02455	0.20456	0.02455	0.02448	0.01763	0.01061	0.00884	0.00286	0.01161	0.00781	0.00730	0.01551
19	0.01250	0.01071	0.01071	0.01071	0.01428	0.00893	0.00803	0.01517	0.02410	0.02856	0.10711	0.10175	0.55817	0.02678	0.01250	0.00357	0.00536	0.02231	0.00982	0.00893
20	0.02161	0.05188	0.51865	0.03169	0.04678	0.02479	0.09123	0.03353	0.02261	0.03353	0.01923	0.02299	0.01368	0.00992	0.01031	0.00337	0.01586	0.00831	0.00456	0.01548
21	0.03615	0.01969	0.03197	0.07746	0.09190	0.01838	0.09795	0.04128	0.02708	0.33255	0.03570	0.08592	0.02648	0.01363	0.01116	0.00342	0.01095	0.01244	0.01001	0.01589
22	0.02063	0.02238	0.07988	0.20842	0.18857	0.02086	0.07963	0.02689	0.02224	0.03035	0.02870	0.16711	0.02814	0.01535	0.01139	0.00359	0.01233	0.01447	0.00610	0.01297
23	0.01438	0.01078	0.01333	0.01269	0.01544	0.00973	0.00952	0.01883	0.02856	0.03914	0.45090	0.08435	0.20779	0.02283	0.01248	0.00338	0.00507	0.01987	0.01121	0.00973
24	0.01301	0.00949	0.01225	0.01419	0.01526	0.00873	0.00964	0.01518	0.02142	0.02838	0.10289	0.52382	0.12372	0.03155	0.01331	0.00414	0.00596	0.02838	0.00996	0.00873
25	0.02972	0.10806	0.34185	0.02592	0.03821	0.07235	0.02967	0.03829	0.02476	0.15839	0.02365	0.02469	0.01645	0.01073	0.00979	0.00316	0.01389	0.00816	0.00659	0.01567
26	0.07134	0.02174	0.03324	0.15342	0.28422	0.02318	0.02650	0.07749	0.02563	0.03658	0.02619	0.04221	0.02373	0.01346	0.01095	0.00353	0.01197	0.09378	0.00653	0.01431
27	0.02617	0.02512	0.04292	0.06490	0.56246	0.02512	0.03245	0.03245	0.02407	0.03454	0.01989	0.02617	0.01675	0.00942	0.01047	0.00314	0.01256	0.00942	0.00523	0.01675
28	0.02508	0.02401	0.04095	0.15938	0.47649	0.02484	0.03191	0.03149	0.02356	0.03322	0.01970	0.02652	0.01628	0.00962	0.01049	0.00321	0.01283	0.00942	0.00514	0.01587
