[name]
unknown

[dist]
# distance from previous block
# <min> <max>
0	62

[block]
# block no. 0 follows, 13 sequences, length 76
# corresponding to MSA columns:
# 114-149,157-196
name=unknown_A
#
# <colnr> <probs for GDERKNQSTAVLIFYWHMCP>
#	G	D	E	R	K	N	Q	S	T	A	V	L	I	F	Y	W	H	M	C	P
0	0.02616	0.26485	0.14887	0.09819	0.08378	0.03198	0.06100	0.06817	0.06240	0.03261	0.01978	0.02322	0.01573	0.01009	0.00915	0.00296	0.01287	0.00807	0.00553	0.01461
1	0.09137	0.01729	0.02219	0.01746	0.02496	0.01534	0.01433	0.04560	0.02861	0.46548	0.04769	0.04261	0.08988	0.01451	0.01056	0.00331	0.00849	0.01169	0.01221	0.01641
2	0.01777	0.01559	0.01561	0.01467	0.01746	0.08006	0.01086	0.02198	0.02853	0.03785	0.42040	0.07298	0.12397	0.05880	0.01471	0.00371	0.00706	0.01766	0.01040	0.00994
3	0.02679	0.01368	0.01597	0.01461	0.01887	0.01354	0.01167	0.03463	0.08945	0.16508	0.03989	0.04833	0.03164	0.01481	0.00946	0.00309	0.00691	0.06894	0.36001	0.01263
4	0.01590	0.01020	0.01133	0.01133	0.01163	0.01020	0.00653	0.01650	0.01620	0.02280	0.03346	0.06556	0.03706	0.55339	0.04816	0.00930	0.00960	0.01470	0.08931	0.00683
5	0.02639	0.55859	0.05015	0.01768	0.02570	0.03779	0.01708	0.02960	0.02133	0.02513	0.02001	0.09059	0.02043	0.01198	0.00760	0.00251	0.01068	0.00863	0.00517	0.01296
6	0.01557	0.01178	0.01627	0.08512	0.02274	0.01162	0.01234	0.02081	0.02886	0.04053	0.49135	0.07279	0.08933	0.02027	0.01224	0.00335	0.00610	0.01794	0.01079	0.01019
7	0.02741	0.56413	0.11852	0.01956	0.02941	0.03973	0.02065	0.03188	0.02159	0.02592	0.01522	0.01761	0.01355	0.00917	0.00718	0.00239	0.01183	0.00592	0.00452	0.01382
8	0.03773	0.02830	0.03173	0.09480	0.03766	0.03166	0.02122	0.46629	0.04623	0.06181	0.02458	0.02573	0.01751	0.01243	0.01058	0.00322	0.01193	0.00950	0.00986	0.01722
9	0.02887	0.02214	0.02398	0.02119	0.02743	0.02499	0.01659	0.05562	0.48087	0.10824	0.04287	0.03903	0.03153	0.01419	0.01074	0.00355	0.00844	0.01179	0.01104	0.01689
10	0.01804	0.01277	0.01515	0.01407	0.01620	0.01276	0.00983	0.07961	0.02609	0.03589	0.25658	0.10753	0.06426	0.25303	0.02810	0.00602	0.00789	0.01730	0.00938	0.00949
11	0.01889	0.00995	0.00995	0.00995	0.01254	0.00975	0.00746	0.02356	0.02239	0.03818	0.04275	0.04651	0.08753	0.01396	0.00797	0.00259	0.00498	0.01127	0.61005	0.00975
12	0.02554	0.10849	0.32353	0.02675	0.03866	0.02469	0.07085	0.03628	0.06227	0.10093	0.06096	0.02917	0.02267	0.01134	0.01017	0.00325	0.01321	0.00941	0.00659	0.01526
13	0.02768	0.56519	0.05279	0.01919	0.02721	0.04076	0.01866	0.03095	0.02088	0.02494	0.01461	0.01766	0.01360	0.01012	0.00996	0.00253	0.07932	0.00606	0.00453	0.01334
14	0.02121	0.05469	0.57364	0.03014	0.04576	0.02455	0.03906	0.03348	0.02232	0.03348	0.01897	0.02232	0.01339	0.01005	0.01005	0.00335	0.01563	0.00781	0.00446	0.01563
15	0.32184	0.02572	0.02485	0.01990	0.02755	0.02894	0.01642	0.31642	0.03624	0.05848	0.02085	0.02190	0.01521	0.01147	0.00886	0.00321	0.01017	0.00791	0.00886	0.01521
16	0.01250	0.01071	0.01071	0.01071	0.01428	0.00893	0.00803	0.01517	0.02410	0.02856	0.10711	0.10175	0.55817	0.02678	0.01250	0.00357	0.00536	0.02231	0.00982	0.00893
17	0.02827	0.63478	0.05540	0.01809	0.02714	0.04184	0.01809	0.03166	0.02148	0.02488	0.01470	0.01696	0.01357	0.00905	0.00678	0.00226	0.01131	0.00565	0.00452	0.01357
18	0.02419	0.05052	0.51116	0.02885	0.04363	0.02353	0.03639	0.03554	0.02323	0.09450	0.02156	0.02388	0.01485	0.01039	0.01011	0.00334	0.01487	0.00813	0.00545	0.01590
19	0.01275	0.00970	0.01175	0.01340	0.01499	0.00870	0.00923	0.01487	0.02152	0.02751	0.07443	0.44960	0.23143	0.03103	0.01316	0.00405	0.00588	0.02750	0.00982	0.00870
20	0.10614	0.01821	0.02373	0.01837	0.02640	0.01627	0.01517	0.04970	0.02916	0.52302	0.03930	0.03430	0.02485	0.01279	0.01027	0.00327	0.00892	0.01019	0.01250	0.01741
21	0.04360	0.02146	0.06894	0.02357	0.07349	0.01705	0.01880	0.04851	0.02912	0.48292	0.03810	0.03410	0.02438	0.01254	0.01057	0.00327	0.00981	0.01031	0.01175	0.01770
22	0.01530	0.01053	0.01296	0.01296	0.01345	0.01103	0.00819	0.01629	0.01580	0.02156	0.03201	0.06196	0.03530	0.48481	0.19313	0.01201	0.01498	0.01432	0.00621	0.00720
23	0.01577	0.01003	0.01339	0.01491	0.01629	0.00925	0.01028	0.01806	0.02189	0.07074	0.10162	0.52724	0.06919	0.03053	0.01318	0.00413	0.00626	0.02756	0.01023	0.00945
24	0.70310	0.02045	0.01554	0.01390	0.02045	0.02372	0.01145	0.03108	0.01799	0.04744	0.01472	0.01718	0.01145	0.00981	0.00654	0.00327	0.00818	0.00573	0.00654	0.01145
25	0.02329	0.01569	0.02328	0.02750	0.15832	0.01481	0.01669	0.02846	0.02848	0.12876	0.33239	0.05819	0.06607	0.01705	0.01165	0.00327	0.00761	0.01520	0.01023	0.01306
26	0.70310	0.02045	0.01554	0.01390	0.02045	0.02372	0.01145	0.03108	0.01799	0.04744	0.01472	0.01718	0.01145	0.00981	0.00654	0.00327	0.00818	0.00573	0.00654	0.01145
27	0.02301	0.09500	0.49846	0.02909	0.04352	0.06593	0.03626	0.03398	0.02281	0.03234	0.01849	0.02171	0.01342	0.01004	0.00978	0.00323	0.01557	0.00759	0.00454	0.01524
28	0.02745	0.03635	0.26319	0.08345	0.04726	0.02331	0.17788	0.03663	0.02459	0.14020	0.02422	0.02742	0.01680	0.01036	0.01093	0.00341	0.01482	0.00991	0.00647	0.01535
29	0.01496	0.01081	0.01413	0.01330	0.01580	0.00998	0.00998	0.01995	0.02993	0.04240	0.55689	0.07898	0.09976	0.02162	0.01247	0.00333	0.00499	0.01912	0.01164	0.00998
30	0.04509	0.02128	0.07370	0.01983	0.02867	0.01635	0.01765	0.04991	0.02955	0.52177	0.03968	0.03476	0.02503	0.01281	0.01058	0.00328	0.00959	0.01038	0.01231	0.01778
31	0.03826	0.02825	0.16800	0.02697	0.09275	0.01895	0.02352	0.04471	0.02751	0.37081	0.03338	0.03135	0.02181	0.01189	0.01046	0.00328	0.01111	0.00977	0.00997	0.01724
32	0.01445	0.01064	0.01383	0.01549	0.01742	0.01001	0.01197	0.01781	0.02337	0.03057	0.12242	0.30351	0.15209	0.02943	0.01358	0.00426	0.00709	0.18288	0.01000	0.00919
33	0.02630	0.02271	0.02391	0.02152	0.02749	0.02630	0.01674	0.05618	0.54336	0.04423	0.04303	0.03945	0.03228	0.01434	0.01076	0.00359	0.00837	0.01195	0.01076	0.01674
34	0.03768	0.02455	0.02987	0.06492	0.12124	0.06434	0.02067	0.14459	0.09102	0.24298	0.03155	0.03082	0.02193	0.01222	0.01052	0.00324	0.01112	0.00999	0.00991	0.01683
35	0.02701	0.02470	0.04456	0.16325	0.22892	0.02517	0.18226	0.06850	0.02601	0.07255	0.02205	0.02795	0.01673	0.00999	0.01113	0.00336	0.01419	0.01046	0.00609	0.01512
36	0.04744	0.01799	0.02454	0.01881	0.02699	0.01554	0.01554	0.05153	0.03026	0.56979	0.04171	0.03599	0.02617	0.01309	0.01063	0.00327	0.00900	0.01063	0.01309	0.01799
37	0.01704	0.01217	0.01704	0.01947	0.02191	0.01217	0.01704	0.02191	0.02434	0.03164	0.05598	0.11926	0.06085	0.02921	0.01460	0.00487	0.00974	0.49130	0.00974	0.00974
38	0.51333	0.02959	0.11071	0.01814	0.02608	0.08783	0.01710	0.03275	0.02008	0.04265	0.01562	0.01825	0.01202	0.00998	0.00747	0.00322	0.01067	0.00620	0.00607	0.01224
39	0.70310	0.02045	0.01554	0.01390	0.02045	0.02372	0.01145	0.03108	0.01799	0.04744	0.01472	0.01718	0.01145	0.00981	0.00654	0.00327	0.00818	0.00573	0.00654	0.01145
40	0.24128	0.02814	0.08668	0.02114	0.02929	0.02764	0.01885	0.21596	0.14230	0.05210	0.02511	0.02549	0.01848	0.01185	0.00930	0.00331	0.01032	0.00867	0.00867	0.01542
41	0.01546	0.01131	0.01483	0.01531	0.01791	0.01068	0.01239	0.02014	0.02718	0.03681	0.31864	0.09662	0.13739	0.02504	0.01327	0.00393	0.00680	0.19582	0.01072	0.00977
42	0.07250	0.07589	0.11844	0.01914	0.02700	0.02000	0.01781	0.09168	0.02491	0.03678	0.02916	0.17521	0.02899	0.01558	0.00984	0.00297	0.00956	0.01296	0.00731	0.20426
43	0.01538	0.01025	0.01153	0.01153	0.01153	0.01025	0.00641	0.01538	0.01538	0.02050	0.03331	0.06919	0.03844	0.62842	0.05382	0.01025	0.01025	0.01538	0.00641	0.00641
44	0.13777	0.02788	0.10330	0.12315	0.18117	0.02510	0.18568	0.03201	0.02272	0.03529	0.01924	0.02526	0.01487	0.00956	0.01042	0.00338	0.01407	0.00959	0.00533	0.01422
45	0.02611	0.27443	0.26649	0.02893	0.09623	0.03202	0.02857	0.07418	0.02450	0.03305	0.01796	0.02094	0.01423	0.00981	0.00887	0.00289	0.01326	0.00730	0.00509	0.01515
46	0.04744	0.01799	0.02454	0.01881	0.02699	0.01554	0.01554	0.05153	0.03026	0.56979	0.04171	0.03599	0.02617	0.01309	0.01063	0.00327	0.00900	0.01063	0.01309	0.01799
47	0.01288	0.00920	0.01227	0.01472	0.01534	0.00859	0.00981	0.01472	0.02024	0.02699	0.05828	0.62152	0.06993	0.03312	0.01350	0.00429	0.00613	0.03006	0.00981	0.00859
48	0.02475	0.02829	0.15837	0.17325	0.11066	0.02198	0.11051	0.03203	0.02289	0.09760	0.02392	0.03230	0.01886	0.08065	0.01569	0.00418	0.01381	0.01039	0.00606	0.01383
49	0.08335	0.01949	0.05754	0.02102	0.02690	0.01799	0.05284	0.03585	0.11358	0.15356	0.03935	0.09621	0.03468	0.02479	0.07693	0.00530	0.01199	0.10587	0.00929	0.01349
50	0.01997	0.01879	0.03171	0.60301	0.07282	0.02349	0.02936	0.02701	0.02114	0.02701	0.01879	0.02819	0.01409	0.01057	0.01057	0.00352	0.01409	0.00940	0.00470	0.01175
51	0.01288	0.00920	0.01227	0.01472	0.01534	0.00859	0.00981	0.01472	0.02024	0.02699	0.05828	0.62152	0.06993	0.03312	0.01350	0.00429	0.00613	0.03006	0.00981	0.00859
52	0.19301	0.10910	0.12337	0.02400	0.03287	0.13244	0.05631	0.14096	0.02870	0.04155	0.01850	0.02093	0.01417	0.01052	0.00900	0.00306	0.01325	0.00756	0.00653	0.01416
53	0.02529	0.01302	0.01689	0.01493	0.01928	0.01152	0.01153	0.02923	0.02795	0.21641	0.25224	0.13409	0.14263	0.02094	0.01198	0.00346	0.00654	0.01808	0.01162	0.01235
54	0.01704	0.01217	0.01704	0.01947	0.02191	0.01217	0.01704	0.02191	0.02434	0.03164	0.05598	0.11926	0.06085	0.02921	0.01460	0.00487	0.00974	0.49130	0.00974	0.00974
55	0.03154	0.02430	0.04492	0.03770	0.11278	0.02389	0.24619	0.03787	0.02534	0.19126	0.02628	0.02975	0.01887	0.01137	0.01435	0.00355	0.08600	0.01113	0.00753	0.01538
56	0.01945	0.01573	0.01772	0.01419	0.02078	0.01307	0.01110	0.02557	0.06034	0.03509	0.08298	0.04649	0.13936	0.01389	0.00934	0.00237	0.00679	0.01148	0.08522	0.36905
57	0.03498	0.02702	0.02879	0.02327	0.03080	0.03035	0.01883	0.35034	0.23508	0.05822	0.03201	0.03067	0.02335	0.01331	0.01065	0.00333	0.01041	0.01043	0.01065	0.01751
58	0.02339	0.02188	0.03653	0.41203	0.06258	0.02565	0.10487	0.08891	0.02493	0.03281	0.01971	0.02760	0.01486	0.01103	0.01228	0.00355	0.04911	0.00988	0.00551	0.01289
59	0.06659	0.10715	0.15946	0.08013	0.04562	0.02630	0.22267	0.03500	0.02391	0.10053	0.02200	0.02602	0.01602	0.00989	0.01051	0.00330	0.01456	0.00975	0.00605	0.01456
60	0.03254	0.18945	0.04666	0.03063	0.07483	0.03098	0.16172	0.16608	0.03114	0.10153	0.02288	0.02528	0.01711	0.01046	0.01010	0.00305	0.01305	0.00944	0.00739	0.01567
61	0.01532	0.01115	0.01473	0.01544	0.01783	0.01055	0.01234	0.01979	0.02656	0.03598	0.29387	0.14399	0.12161	0.02582	0.01333	0.00399	0.00683	0.19057	0.01064	0.00968
62	0.02436	0.21805	0.24980	0.06305	0.04094	0.03015	0.09460	0.03535	0.08581	0.03187	0.02094	0.02401	0.01614	0.01015	0.00952	0.00309	0.01365	0.00840	0.00538	0.01472
63	0.02824	0.02768	0.11070	0.23540	0.07809	0.07004	0.02564	0.03884	0.10904	0.13089	0.02684	0.02970	0.01929	0.01153	0.01044	0.00337	0.01278	0.00959	0.00729	0.01462
64	0.01528	0.01063	0.01347	0.01347	0.01414	0.01130	0.00882	0.01662	0.01595	0.02194	0.03154	0.05938	0.03418	0.43356	0.24285	0.01264	0.01666	0.01394	0.00614	0.00748
65	0.01338	0.00958	0.01271	0.01438	0.01544	0.00892	0.00985	0.01596	0.02254	0.03065	0.17674	0.49262	0.07702	0.03039	0.01325	0.00406	0.00586	0.02746	0.01025	0.00892
66	0.03398	0.06054	0.06474	0.10801	0.13273	0.02128	0.02254	0.06656	0.02743	0.25630	0.03175	0.03748	0.02366	0.01296	0.01065	0.00335	0.01111	0.05011	0.00900	0.01579
67	0.07037	0.07381	0.22432	0.03345	0.12874	0.10580	0.05902	0.03739	0.06480	0.07218	0.02189	0.02459	0.01645	0.01047	0.00988	0.00318	0.01397	0.00851	0.00604	0.01513
68	0.02603	0.02814	0.03007	0.02641	0.02790	0.15921	0.02137	0.02861	0.01949	0.02544	0.01610	0.02428	0.01525	0.02365	0.09162	0.00559	0.40550	0.00892	0.00494	0.01149
69	0.02187	0.02143	0.06247	0.01672	0.02658	0.01486	0.01448	0.02713	0.02195	0.03438	0.01881	0.02195	0.01549	0.00799	0.00799	0.00170	0.00840	0.00638	0.00613	0.64327
70	0.02455	0.01890	0.02404	0.01888	0.02493	0.01850	0.01533	0.02859	0.02238	0.09824	0.08155	0.03044	0.02605	0.01278	0.01560	0.00276	0.16211	0.00903	0.00729	0.35804
71	0.02364	0.02351	0.04288	0.25768	0.27718	0.02486	0.13406	0.03076	0.02318	0.03165	0.01980	0.02740	0.01563	0.00974	0.01093	0.00337	0.01422	0.01005	0.00506	0.01440
72	0.01348	0.01037	0.01283	0.01344	0.01564	0.00972	0.00978	0.01648	0.02274	0.02980	0.15671	0.24656	0.24065	0.03663	0.10899	0.00600	0.00938	0.02229	0.00944	0.00909
73	0.03662	0.02784	0.02972	0.02361	0.03143	0.03112	0.01923	0.40620	0.17654	0.06088	0.02992	0.02900	0.02165	0.01312	0.01062	0.00328	0.01080	0.01014	0.01062	0.01766
74	0.02487	0.02440	0.03074	0.06170	0.13226	0.08283	0.06114	0.03012	0.02345	0.03303	0.01894	0.02330	0.01558	0.00872	0.00907	0.00227	0.01119	0.00762	0.00581	0.39297
75	0.70310	0.02045	0.01554	0.01390	0.02045	0.02372	0.01145	0.03108	0.01799	0.04744	0.01472	0.01718	0.01145	0.00981	0.00654	0.00327	0.00818	0.00573	0.00654	0.01145

[dist]
# distance from previous block
# <min> <max>
0	10

[block]
# block no. 1 follows, 13 sequences, length 36
# corresponding to MSA columns:
# 207-242
name=unknown_B
#
# <colnr> <probs for GDERKNQSTAVLIFYWHMCP>
#	G	D	E	R	K	N	Q	S	T	A	V	L	I	F	Y	W	H	M	C	P
0	0.01299	0.01067	0.01108	0.01101	0.01414	0.00914	0.00804	0.01560	0.02375	0.02896	0.13838	0.09664	0.46849	0.08480	0.01651	0.00420	0.00580	0.02137	0.00964	0.00877
1	0.02269	0.02069	0.02985	0.07670	0.11274	0.01779	0.06668	0.02823	0.02247	0.03377	0.01921	0.02374	0.01573	0.00841	0.00891	0.00217	0.01005	0.00761	0.00588	0.46667
2	0.02170	0.05128	0.50692	0.03202	0.04700	0.02484	0.10236	0.03353	0.02267	0.03353	0.01929	0.02313	0.01374	0.00990	0.01036	0.00338	0.01591	0.00842	0.00458	0.01545
3	0.01288	0.00920	0.01227	0.01472	0.01534	0.00859	0.00981	0.01472	0.02024	0.02699	0.05828	0.62152	0.06993	0.03312	0.01350	0.00429	0.00613	0.03006	0.00981	0.00859
4	0.01650	0.01245	0.01632	0.07137	0.02191	0.01268	0.01227	0.02260	0.06310	0.03637	0.33706	0.07262	0.07283	0.12662	0.01955	0.00469	0.00741	0.05380	0.00984	0.00999
5	0.03952	0.13374	0.03543	0.02506	0.07309	0.02455	0.05400	0.11805	0.03077	0.31208	0.03108	0.02957	0.02114	0.01170	0.01004	0.00308	0.01073	0.00959	0.00996	0.01682
6	0.02705	0.01523	0.02069	0.02169	0.07358	0.01445	0.01466	0.07329	0.02627	0.19517	0.04661	0.33366	0.04691	0.02295	0.01208	0.00377	0.00811	0.02035	0.01043	0.01306
7	0.01288	0.00920	0.01227	0.01472	0.01534	0.00859	0.00981	0.01472	0.02024	0.02699	0.05828	0.62152	0.06993	0.03312	0.01350	0.00429	0.00613	0.03006	0.00981	0.00859
8	0.02377	0.02358	0.04193	0.22536	0.27525	0.02553	0.11671	0.03040	0.02264	0.03130	0.01929	0.02695	0.01555	0.01048	0.01295	0.00346	0.06559	0.00993	0.00503	0.01431
9	0.14752	0.02548	0.07864	0.02080	0.02953	0.02297	0.01856	0.19106	0.03344	0.28125	0.03023	0.02843	0.02009	0.01215	0.00990	0.00325	0.01031	0.00924	0.01044	0.01671
10	0.02982	0.02585	0.03666	0.23960	0.10156	0.07352	0.10051	0.14036	0.02976	0.08570	0.02256	0.02735	0.01653	0.01092	0.01077	0.00333	0.01395	0.00978	0.00693	0.01456
11	0.59037	0.02553	0.01799	0.01617	0.02253	0.11923	0.01298	0.03297	0.02003	0.04378	0.01500	0.01750	0.01182	0.01000	0.00705	0.00318	0.01003	0.00591	0.00636	0.01159
12	0.02499	0.02427	0.04212	0.05269	0.37367	0.02421	0.11722	0.03386	0.07373	0.03602	0.06882	0.03241	0.02527	0.01085	0.01103	0.00327	0.01245	0.01105	0.00633	0.01571
13	0.08986	0.03413	0.21627	0.02848	0.03895	0.02470	0.13377	0.04097	0.16478	0.08106	0.02747	0.02894	0.01995	0.01119	0.01048	0.00345	0.01289	0.00998	0.00726	0.01543
14	0.01496	0.01081	0.01413	0.01330	0.01580	0.00998	0.00998	0.01995	0.02993	0.04240	0.55689	0.07898	0.09976	0.02162	0.01247	0.00333	0.00499	0.01912	0.01164	0.00998
15	0.01524	0.01080	0.01431	0.01431	0.01527	0.01176	0.00987	0.01716	0.01620	0.02256	0.03078	0.05513	0.03233	0.34922	0.32466	0.01368	0.01944	0.01332	0.00603	0.00795
16	0.01288	0.00920	0.01227	0.01472	0.01534	0.00859	0.00981	0.01472	0.02024	0.02699	0.05828	0.62152	0.06993	0.03312	0.01350	0.00429	0.00613	0.03006	0.00981	0.00859
17	0.01496	0.01081	0.01413	0.01330	0.01580	0.00998	0.00998	0.01995	0.02993	0.04240	0.55689	0.07898	0.09976	0.02162	0.01247	0.00333	0.00499	0.01912	0.01164	0.00998
18	0.04019	0.02962	0.03173	0.02433	0.03279	0.03279	0.02010	0.52721	0.04971	0.06663	0.02538	0.02538	0.01798	0.01269	0.01058	0.00317	0.01163	0.00952	0.01058	0.01798
19	0.70310	0.02045	0.01554	0.01390	0.02045	0.02372	0.01145	0.03108	0.01799	0.04744	0.01472	0.01718	0.01145	0.00981	0.00654	0.00327	0.00818	0.00573	0.00654	0.01145
20	0.70310	0.02045	0.01554	0.01390	0.02045	0.02372	0.01145	0.03108	0.01799	0.04744	0.01472	0.01718	0.01145	0.00981	0.00654	0.00327	0.00818	0.00573	0.00654	0.01145
21	0.01538	0.01025	0.01153	0.01153	0.01153	0.01025	0.00641	0.01538	0.01538	0.02050	0.03331	0.06919	0.03844	0.62842	0.05382	0.01025	0.01025	0.01538	0.00641	0.00641
22	0.01997	0.01879	0.03171	0.60301	0.07282	0.02349	0.02936	0.02701	0.02114	0.02701	0.01879	0.02819	0.01409	0.01057	0.01057	0.00352	0.01409	0.00940	0.00470	0.01175
23	0.02375	0.02315	0.04749	0.03523	0.04343	0.02159	0.36092	0.03087	0.02508	0.07149	0.07900	0.12458	0.03291	0.01411	0.01250	0.00363	0.01420	0.01567	0.00717	0.01325
24	0.01496	0.01135	0.01415	0.01499	0.01784	0.01053	0.01227	0.01908	0.02551	0.03296	0.18616	0.10405	0.24581	0.02665	0.01338	0.00406	0.00712	0.21945	0.01019	0.00950
25	0.01250	0.01071	0.01071	0.01071	0.01428	0.00893	0.00803	0.01517	0.02410	0.02856	0.10711	0.10175	0.55817	0.02678	0.01250	0.00357	0.00536	0.02231	0.00982	0.00893
26	0.03151	0.07917	0.03201	0.02394	0.02745	0.02781	0.02019	0.03450	0.02126	0.20214	0.02299	0.02672	0.01784	0.01585	0.02425	0.00396	0.35782	0.00936	0.00736	0.01384
27	0.02192	0.01879	0.02192	0.01566	0.02506	0.01409	0.01253	0.02662	0.02192	0.03445	0.01879	0.02192	0.01566	0.00783	0.00783	0.00157	0.00783	0.00626	0.00626	0.69305
28	0.01321	0.01034	0.01196	0.01239	0.01493	0.00910	0.00898	0.01624	0.02454	0.03157	0.20541	0.23130	0.31808	0.02715	0.01275	0.00370	0.00547	0.02354	0.01027	0.00910
29	0.04744	0.01799	0.02454	0.01881	0.02699	0.01554	0.01554	0.05153	0.03026	0.56979	0.04171	0.03599	0.02617	0.01309	0.01063	0.00327	0.00900	0.01063	0.01309	0.01799
30	0.02672	0.14755	0.30030	0.02692	0.07382	0.02489	0.02818	0.03476	0.02383	0.12530	0.02935	0.03042	0.05983	0.01170	0.00979	0.00314	0.01264	0.00920	0.00647	0.01521
31	0.13002	0.01865	0.02196	0.06817	0.02771	0.02026	0.01624	0.11950	0.02782	0.13446	0.03796	0.04752	0.07551	0.01618	0.01235	0.00355	0.05754	0.07643	0.07498	0.01318
32	0.01288	0.00920	0.01227	0.01472	0.01534	0.00859	0.00981	0.01472	0.02024	0.02699	0.05828	0.62152	0.06993	0.03312	0.01350	0.00429	0.00613	0.03006	0.00981	0.00859
33	0.45600	0.13800	0.02680	0.02065	0.07389	0.07590	0.01545	0.03228	0.02025	0.04015	0.01535	0.01815	0.01253	0.00973	0.00722	0.00302	0.01012	0.00615	0.00595	0.01241
34	0.01293	0.01073	0.01131	0.01116	0.01455	0.00911	0.00837	0.01601	0.02512	0.03098	0.18569	0.09778	0.47809	0.02588	0.01249	0.00353	0.00529	0.02176	0.01014	0.00911
35	0.02335	0.01964	0.02269	0.01634	0.02566	0.01555	0.01312	0.06563	0.02409	0.03696	0.01931	0.02219	0.01584	0.00821	0.00804	0.00169	0.00813	0.00652	0.00660	0.64045

[dist]
# distance from previous block
# <min> <max>
0	1

[block]
# block no. 2 follows, 13 sequences, length 21
# corresponding to MSA columns:
# 244-264
name=unknown_C
#
# <colnr> <probs for GDERKNQSTAVLIFYWHMCP>
#	G	D	E	R	K	N	Q	S	T	A	V	L	I	F	Y	W	H	M	C	P
0	0.02016	0.01645	0.02226	0.05731	0.02670	0.01533	0.04838	0.07757	0.02627	0.03699	0.13738	0.19788	0.04733	0.01825	0.01110	0.00310	0.00833	0.01630	0.00861	0.20430
1	0.02960	0.17984	0.19437	0.02409	0.03439	0.03150	0.02462	0.19008	0.11364	0.04345	0.02378	0.02473	0.01787	0.01131	0.00955	0.00307	0.01220	0.00849	0.00738	0.01604
2	0.03164	0.03731	0.03113	0.02749	0.03032	0.32026	0.02173	0.03417	0.02335	0.02567	0.01516	0.02102	0.01374	0.01455	0.02161	0.00364	0.30226	0.00798	0.00505	0.01193
3	0.01431	0.01078	0.01323	0.01262	0.01540	0.00970	0.00946	0.01869	0.02839	0.03874	0.43800	0.08500	0.22093	0.02298	0.01248	0.00339	0.00509	0.01997	0.01116	0.00970
4	0.01645	0.01513	0.07451	0.01480	0.01682	0.01212	0.01152	0.01767	0.01614	0.02223	0.02856	0.05375	0.03058	0.37903	0.13160	0.11923	0.01354	0.01292	0.00579	0.00761
5	0.04744	0.01799	0.02454	0.01881	0.02699	0.01554	0.01554	0.05153	0.03026	0.56979	0.04171	0.03599	0.02617	0.01309	0.01063	0.00327	0.00900	0.01063	0.01309	0.01799
6	0.03950	0.05039	0.02996	0.02724	0.03269	0.58597	0.02043	0.04222	0.02996	0.02588	0.01634	0.01907	0.01362	0.01090	0.00953	0.00272	0.01907	0.00681	0.00545	0.01226
7	0.03384	0.03239	0.02853	0.06304	0.03362	0.18655	0.01965	0.19375	0.21256	0.04470	0.02847	0.02864	0.02142	0.01261	0.01034	0.00321	0.01278	0.00958	0.00879	0.01551
8	0.01266	0.01009	0.01136	0.01237	0.01472	0.00879	0.00877	0.01499	0.02250	0.02791	0.08687	0.31714	0.35585	0.02941	0.01291	0.00387	0.00568	0.02552	0.00982	0.00879
9	0.01450	0.01074	0.01368	0.01508	0.01654	0.01047	0.01048	0.01950	0.06999	0.03144	0.14982	0.46705	0.07204	0.02926	0.01305	0.00405	0.00613	0.02636	0.01024	0.00959
10	0.01533	0.01042	0.01240	0.01240	0.01270	0.01072	0.00749	0.01593	0.01563	0.02115	0.03252	0.06479	0.03653	0.54094	0.13868	0.01132	0.01313	0.01473	0.00629	0.00689
11	0.06834	0.15698	0.09209	0.02585	0.07010	0.24857	0.02072	0.03339	0.02474	0.02860	0.02316	0.11541	0.02267	0.01380	0.00957	0.00301	0.01396	0.01053	0.00590	0.01260
12	0.02722	0.07719	0.32269	0.02655	0.03766	0.02611	0.02968	0.07474	0.06051	0.10734	0.02330	0.02534	0.01683	0.01192	0.01301	0.00343	0.08570	0.00865	0.00655	0.01558
13	0.02787	0.58726	0.05362	0.01884	0.02719	0.04110	0.01848	0.03118	0.02107	0.02492	0.01464	0.01744	0.01359	0.00978	0.00895	0.00245	0.05775	0.00593	0.00453	0.01341
14	0.70310	0.02045	0.01554	0.01390	0.02045	0.02372	0.01145	0.03108	0.01799	0.04744	0.01472	0.01718	0.01145	0.00981	0.00654	0.00327	0.00818	0.00573	0.00654	0.01145
15	0.03933	0.02615	0.02972	0.05800	0.03366	0.02834	0.01950	0.36749	0.08195	0.16136	0.02954	0.02871	0.02045	0.01277	0.01060	0.00325	0.01102	0.00992	0.01073	0.01751
16	0.01524	0.01115	0.01597	0.01658	0.01823	0.01230	0.01277	0.01860	0.01828	0.02546	0.03602	0.11011	0.03722	0.12741	0.38437	0.01316	0.02134	0.08995	0.00677	0.00908
17	0.03820	0.06274	0.03140	0.09179	0.11604	0.11155	0.02092	0.07587	0.02906	0.27307	0.02901	0.02903	0.02006	0.01162	0.01019	0.00312	0.01203	0.00932	0.00904	0.01593
18	0.51541	0.02304	0.02012	0.01686	0.02394	0.02629	0.01390	0.17155	0.02697	0.05287	0.01774	0.01950	0.01330	0.01063	0.00769	0.00324	0.00916	0.00680	0.00769	0.01330
19	0.01625	0.01755	0.10218	0.01560	0.01847	0.01313	0.01298	0.01897	0.01681	0.02338	0.03002	0.05615	0.03203	0.41926	0.15418	0.01051	0.01475	0.01336	0.00595	0.00849
20	0.02793	0.53766	0.05342	0.02555	0.11242	0.03917	0.02038	0.03179	0.02190	0.02642	0.01553	0.01843	0.01407	0.00911	0.00737	0.00240	0.01151	0.00625	0.00464	0.01407

[dist]
# distance from previous block
# <min> <max>
0	4

[block]
# block no. 3 follows, 13 sequences, length 78
# corresponding to MSA columns:
# 269-346
name=unknown_D
#
# <colnr> <probs for GDERKNQSTAVLIFYWHMCP>
#	G	D	E	R	K	N	Q	S	T	A	V	L	I	F	Y	W	H	M	C	P
0	0.02396	0.03477	0.26384	0.02272	0.03447	0.01978	0.02472	0.03398	0.06531	0.07654	0.02264	0.02463	0.01684	0.00974	0.00926	0.00264	0.01138	0.00775	0.00637	0.28865
1	0.08307	0.03326	0.10923	0.07381	0.03456	0.15921	0.02148	0.09876	0.11605	0.07521	0.06930	0.03057	0.02518	0.01250	0.01012	0.00322	0.01269	0.00959	0.00787	0.01431
2	0.02121	0.05469	0.57364	0.03014	0.04576	0.02455	0.03906	0.03348	0.02232	0.03348	0.01897	0.02232	0.01339	0.01005	0.01005	0.00335	0.01563	0.00781	0.00446	0.01563
3	0.01515	0.01016	0.01160	0.01182	0.01187	0.01010	0.00671	0.01532	0.01581	0.02108	0.03553	0.11827	0.04124	0.57552	0.05023	0.00972	0.00988	0.01668	0.00671	0.00660
4	0.02525	0.02177	0.02343	0.02011	0.02691	0.02336	0.01572	0.04907	0.41791	0.04188	0.03720	0.03523	0.02828	0.01278	0.01005	0.00310	0.00824	0.01058	0.00968	0.17945
5	0.03292	0.02266	0.02445	0.01963	0.02578	0.02473	0.01582	0.35086	0.03935	0.05526	0.02712	0.02963	0.02038	0.01474	0.01250	0.06460	0.00967	0.00958	0.18564	0.01467
6	0.02031	0.01910	0.03167	0.46516	0.14613	0.02248	0.02800	0.02685	0.02187	0.02835	0.02667	0.03428	0.06198	0.01180	0.01072	0.00347	0.01309	0.01053	0.00523	0.01230
7	0.04263	0.02570	0.02931	0.02247	0.03084	0.02698	0.01856	0.36701	0.04316	0.23608	0.03088	0.02896	0.02074	0.01283	0.01060	0.00321	0.01075	0.00989	0.01142	0.01799
8	0.70310	0.02045	0.01554	0.01390	0.02045	0.02372	0.01145	0.03108	0.01799	0.04744	0.01472	0.01718	0.01145	0.00981	0.00654	0.00327	0.00818	0.00573	0.00654	0.01145
9	0.70310	0.02045	0.01554	0.01390	0.02045	0.02372	0.01145	0.03108	0.01799	0.04744	0.01472	0.01718	0.01145	0.00981	0.00654	0.00327	0.00818	0.00573	0.00654	0.01145
10	0.02617	0.02512	0.04292	0.06490	0.56246	0.02512	0.03245	0.03245	0.02407	0.03454	0.01989	0.02617	0.01675	0.00942	0.01047	0.00314	0.01256	0.00942	0.00523	0.01675
11	0.03852	0.01827	0.02446	0.06678	0.03032	0.01583	0.01591	0.04302	0.02734	0.38550	0.03385	0.03169	0.02244	0.01151	0.00990	0.00285	0.00912	0.00940	0.01062	0.19269
12	0.03022	0.08844	0.28693	0.02376	0.03488	0.02149	0.02642	0.03793	0.02483	0.21901	0.03004	0.08018	0.02292	0.01308	0.01027	0.00331	0.01209	0.01060	0.00795	0.01564
13	0.04744	0.01799	0.02454	0.01881	0.02699	0.01554	0.01554	0.05153	0.03026	0.56979	0.04171	0.03599	0.02617	0.01309	0.01063	0.00327	0.00900	0.01063	0.01309	0.01799
14	0.01721	0.01142	0.01417	0.01312	0.01640	0.01020	0.00997	0.02152	0.02845	0.08567	0.39436	0.08107	0.21221	0.02220	0.01231	0.00338	0.00544	0.01920	0.01130	0.01042
15	0.02749	0.02222	0.03893	0.24119	0.21865	0.02315	0.10660	0.03408	0.02426	0.12436	0.02352	0.02894	0.01734	0.01037	0.01085	0.00336	0.01332	0.01011	0.00642	0.01482
16	0.02425	0.02146	0.02994	0.02585	0.02659	0.02886	0.02131	0.02667	0.01773	0.07104	0.02015	0.07738	0.01989	0.01935	0.03080	0.00448	0.50537	0.01122	0.00579	0.01184
17	0.01315	0.01063	0.01168	0.01164	0.01474	0.00917	0.00865	0.01635	0.02531	0.03195	0.21741	0.13133	0.40919	0.02590	0.01256	0.00356	0.00532	0.02203	0.01028	0.00917
18	0.02794	0.02453	0.04138	0.06105	0.51774	0.02432	0.03104	0.03404	0.02459	0.07924	0.02171	0.02699	0.01753	0.00973	0.01048	0.00315	0.01226	0.00952	0.00589	0.01685
19	0.03339	0.10788	0.15597	0.03137	0.12520	0.02468	0.06077	0.07755	0.02747	0.21264	0.02678	0.02750	0.01877	0.01094	0.01011	0.00315	0.01220	0.00921	0.00800	0.01642
20	0.02790	0.02451	0.03398	0.08920	0.26244	0.02658	0.02509	0.11777	0.19836	0.04215	0.02826	0.03057	0.02182	0.01165	0.01059	0.00332	0.01117	0.01027	0.00785	0.01652
21	0.08120	0.06874	0.02708	0.07130	0.11491	0.02183	0.01843	0.02442	0.01860	0.02801	0.02235	0.03504	0.02132	0.12353	0.18041	0.00826	0.10770	0.01018	0.00545	0.01123
22	0.49296	0.07322	0.02096	0.01602	0.02235	0.07517	0.01306	0.06661	0.02144	0.04316	0.01693	0.02156	0.01418	0.05340	0.01043	0.00362	0.00980	0.00676	0.00656	0.01181
23	0.01697	0.01381	0.01916	0.01821	0.01911	0.01688	0.01383	0.01939	0.01665	0.02401	0.02804	0.08402	0.02917	0.18704	0.28988	0.01155	0.16414	0.01306	0.00587	0.00920
24	0.07874	0.03973	0.27622	0.08727	0.12978	0.06856	0.10602	0.03329	0.02314	0.03367	0.01892	0.02372	0.01425	0.00987	0.01020	0.00331	0.01499	0.00866	0.00499	0.01466
25	0.07161	0.02372	0.05673	0.02063	0.02735	0.02425	0.01712	0.07637	0.36852	0.04430	0.07782	0.03796	0.03305	0.01380	0.01035	0.00336	0.00869	0.01130	0.00983	0.06323
26	0.01525	0.01110	0.01463	0.01522	0.01762	0.01048	0.01210	0.01972	0.02676	0.03637	0.31206	0.14220	0.12274	0.02554	0.01326	0.00393	0.00667	0.17396	0.01071	0.00969
27	0.01996	0.01195	0.01552	0.01397	0.01747	0.01078	0.01071	0.02462	0.02951	0.12573	0.43767	0.07395	0.12540	0.02067	0.01218	0.00334	0.00566	0.01802	0.01172	0.01117
28	0.01704	0.01217	0.01704	0.01947	0.02191	0.01217	0.01704	0.02191	0.02434	0.03164	0.05598	0.11926	0.06085	0.02921	0.01460	0.00487	0.00974	0.49130	0.00974	0.00974
29	0.01475	0.01080	0.01383	0.01308	0.01566	0.00988	0.00981	0.01954	0.02942	0.04119	0.51765	0.08097	0.13975	0.02207	0.01247	0.00335	0.00502	0.01940	0.01148	0.00988
30	0.70310	0.02045	0.01554	0.01390	0.02045	0.02372	0.01145	0.03108	0.01799	0.04744	0.01472	0.01718	0.01145	0.00981	0.00654	0.00327	0.00818	0.00573	0.00654	0.01145
31	0.02827	0.63478	0.05540	0.01809	0.02714	0.04184	0.01809	0.03166	0.02148	0.02488	0.01470	0.01696	0.01357	0.00905	0.00678	0.00226	0.01131	0.00565	0.00452	0.01357
32	0.70310	0.02045	0.01554	0.01390	0.02045	0.02372	0.01145	0.03108	0.01799	0.04744	0.01472	0.01718	0.01145	0.00981	0.00654	0.00327	0.00818	0.00573	0.00654	0.01145
33	0.03957	0.01635	0.02196	0.01772	0.02461	0.01427	0.01455	0.04368	0.02931	0.44100	0.09301	0.05108	0.07851	0.01610	0.01123	0.00342	0.00840	0.04680	0.01245	0.01596
34	0.02630	0.02271	0.02391	0.02152	0.02749	0.02630	0.01674	0.05618	0.54336	0.04423	0.04303	0.03945	0.03228	0.01434	0.01076	0.00359	0.00837	0.01195	0.01076	0.01674
35	0.02827	0.63478	0.05540	0.01809	0.02714	0.04184	0.01809	0.03166	0.02148	0.02488	0.01470	0.01696	0.01357	0.00905	0.00678	0.00226	0.01131	0.00565	0.00452	0.01357
36	0.02081	0.01138	0.01494	0.01498	0.01728	0.01045	0.01053	0.02313	0.02250	0.14301	0.09549	0.36358	0.05845	0.11912	0.01898	0.00490	0.00727	0.02269	0.01015	0.01038
37	0.02121	0.05469	0.57364	0.03014	0.04576	0.02455	0.03906	0.03348	0.02232	0.03348	0.01897	0.02232	0.01339	0.01005	0.01005	0.00335	0.01563	0.00781	0.00446	0.01563
38	0.04628	0.01985	0.02569	0.01969	0.02792	0.01830	0.01627	0.12771	0.03338	0.48921	0.03910	0.03429	0.02486	0.01302	0.01062	0.00326	0.00942	0.01045	0.01268	0.01799
39	0.02099	0.01984	0.03356	0.51413	0.15369	0.02376	0.02987	0.02791	0.02163	0.02826	0.01897	0.02786	0.01453	0.01038	0.01055	0.00346	0.01384	0.00940	0.00479	0.01257
40	0.03394	0.01832	0.02625	0.07142	0.03139	0.01760	0.06097	0.06980	0.06328	0.29536	0.04424	0.11550	0.07128	0.01623	0.01131	0.00349	0.00969	0.01415	0.01067	0.01510
41	0.02167	0.03132	0.21445	0.02071	0.03228	0.01774	0.02179	0.02902	0.02206	0.03411	0.01886	0.02206	0.01487	0.00860	0.00860	0.00219	0.01055	0.00680	0.00564	0.45666
42	0.64378	0.02312	0.01683	0.01510	0.02154	0.07398	0.01225	0.03208	0.01906	0.04551	0.01487	0.01734	0.01164	0.00991	0.00681	0.00322	0.00915	0.00582	0.00645	0.01152
43	0.47816	0.01961	0.01863	0.01559	0.02269	0.02091	0.01285	0.03810	0.02220	0.22664	0.02398	0.02363	0.01650	0.01094	0.00795	0.00327	0.00846	0.00741	0.00879	0.01370
44	0.04744	0.01799	0.02454	0.01881	0.02699	0.01554	0.01554	0.05153	0.03026	0.56979	0.04171	0.03599	0.02617	0.01309	0.01063	0.00327	0.00900	0.01063	0.01309	0.01799
45	0.03150	0.41704	0.09439	0.02040	0.02985	0.03639	0.02012	0.12738	0.02764	0.07906	0.01936	0.02062	0.01544	0.01016	0.00811	0.00262	0.01156	0.00699	0.00638	0.01496
46	0.01838	0.01133	0.01391	0.01374	0.01683	0.00999	0.01011	0.02136	0.02466	0.11324	0.15236	0.26634	0.23567	0.02603	0.01255	0.00373	0.00612	0.02267	0.01061	0.01037
47	0.01527	0.01039	0.01219	0.01198	0.01262	0.01018	0.00732	0.01654	0.01908	0.02608	0.16659	0.07168	0.05405	0.47396	0.04329	0.00849	0.00891	0.01633	0.00774	0.00732
48	0.01324	0.01074	0.01174	0.01149	0.01474	0.00924	0.00862	0.01662	0.02586	0.03274	0.24289	0.09488	0.41979	0.02522	0.01249	0.00350	0.00524	0.02135	0.01037	0.00924
49	0.70310	0.02045	0.01554	0.01390	0.02045	0.02372	0.01145	0.03108	0.01799	0.04744	0.01472	0.01718	0.01145	0.00981	0.00654	0.00327	0.00818	0.00573	0.00654	0.01145
50	0.01510	0.01133	0.01699	0.01699	0.01888	0.01322	0.01322	0.01888	0.01699	0.02454	0.02832	0.04154	0.02643	0.07930	0.58652	0.01699	0.02832	0.01133	0.00566	0.00944
51	0.70310	0.02045	0.01554	0.01390	0.02045	0.02372	0.01145	0.03108	0.01799	0.04744	0.01472	0.01718	0.01145	0.00981	0.00654	0.00327	0.00818	0.00573	0.00654	0.01145
52	0.70310	0.02045	0.01554	0.01390	0.02045	0.02372	0.01145	0.03108	0.01799	0.04744	0.01472	0.01718	0.01145	0.00981	0.00654	0.00327	0.00818	0.00573	0.00654	0.01145
53	0.02393	0.01363	0.01755	0.01539	0.01958	0.01280	0.01194	0.03092	0.07591	0.17170	0.38481	0.06492	0.07571	0.01888	0.01187	0.00334	0.00627	0.01640	0.01191	0.01254
54	0.01821	0.01657	0.02983	0.02347	0.02863	0.01543	0.17721	0.02448	0.02831	0.03962	0.38268	0.06256	0.07253	0.01748	0.01247	0.00340	0.00916	0.01696	0.00959	0.01137
55	0.01807	0.02136	0.11209	0.16948	0.03898	0.01785	0.06166	0.02477	0.02302	0.03215	0.16614	0.04412	0.04012	0.02961	0.14758	0.00664	0.01556	0.01247	0.00681	0.01154
56	0.01997	0.01879	0.03171	0.60301	0.07282	0.02349	0.02936	0.02701	0.02114	0.02701	0.01879	0.02819	0.01409	0.01057	0.01057	0.00352	0.01409	0.00940	0.00470	0.01175
57	0.02639	0.03192	0.20871	0.07088	0.11258	0.02079	0.06039	0.03414	0.02383	0.11837	0.02281	0.02576	0.01665	0.00987	0.00987	0.00291	0.01234	0.00854	0.00644	0.17678
58	0.03670	0.03361	0.02889	0.07749	0.07530	0.27002	0.02040	0.04450	0.10603	0.16194	0.02703	0.02760	0.01977	0.01180	0.01015	0.00309	0.01406	0.00894	0.00803	0.01463
59	0.01475	0.01080	0.01383	0.01307	0.01566	0.00988	0.00980	0.01953	0.02941	0.04117	0.51692	0.08100	0.14050	0.02207	0.01247	0.00335	0.00502	0.01941	0.01148	0.00988
60	0.03622	0.02979	0.20747	0.02265	0.03286	0.01828	0.02352	0.04311	0.02713	0.34723	0.03526	0.03812	0.02469	0.01337	0.01076	0.00343	0.01127	0.04836	0.00993	0.01654
61	0.08924	0.08036	0.18681	0.07727	0.08763	0.02413	0.10350	0.03665	0.02414	0.15524	0.02385	0.02632	0.01690	0.01045	0.01006	0.00327	0.01306	0.00909	0.00683	0.01520
62	0.13212	0.02772	0.12359	0.07712	0.20292	0.02364	0.08646	0.03288	0.06883	0.03609	0.02422	0.07430	0.02081	0.01198	0.01029	0.00341	0.01221	0.01084	0.00616	0.01440
63	0.04633	0.01978	0.02564	0.01966	0.02788	0.01819	0.01624	0.12448	0.03324	0.49263	0.03921	0.03436	0.02492	0.01303	0.01062	0.00326	0.00940	0.01046	0.01270	0.01799
64	0.02827	0.63478	0.05540	0.01809	0.02714	0.04184	0.01809	0.03166	0.02148	0.02488	0.01470	0.01696	0.01357	0.00905	0.00678	0.00226	0.01131	0.00565	0.00452	0.01357
65	0.01837	0.00918	0.01377	0.01377	0.01377	0.00918	0.00918	0.01377	0.01377	0.01837	0.01837	0.03214	0.01837	0.03673	0.04132	0.69238	0.00918	0.00918	0.00459	0.00459
66	0.01519	0.01098	0.01520	0.01520	0.01647	0.01225	0.01099	0.01773	0.01646	0.02322	0.02996	0.05059	0.03036	0.25912	0.41208	0.01478	0.02240	0.01265	0.00591	0.00845
67	0.01407	0.01077	0.01289	0.01236	0.01524	0.00959	0.00927	0.01821	0.02781	0.03736	0.39318	0.08727	0.26661	0.02349	0.01248	0.00341	0.00512	0.02028	0.01098	0.00959
68	0.01804	0.01401	0.01859	0.02103	0.06275	0.01480	0.01479	0.02570	0.10620	0.03033	0.04349	0.16168	0.04524	0.12569	0.11037	0.00718	0.01217	0.14885	0.00840	0.01070
69	0.03178	0.39670	0.04516	0.06890	0.03223	0.12399	0.01934	0.07012	0.02554	0.07269	0.01827	0.02039	0.01497	0.01006	0.00812	0.00259	0.01261	0.00683	0.00582	0.01389
70	0.01380	0.01037	0.01190	0.01213	0.01409	0.00942	0.00833	0.01616	0.02252	0.02922	0.17574	0.17466	0.25090	0.17687	0.02297	0.00531	0.00663	0.02119	0.00935	0.00846
71	0.02329	0.11844	0.09031	0.03170	0.08391	0.02476	0.19263	0.03145	0.06402	0.03176	0.02568	0.08123	0.02320	0.05981	0.01401	0.00373	0.01299	0.01196	0.00611	0.06900
72	0.02586	0.02612	0.09029	0.08035	0.08579	0.02301	0.23053	0.07616	0.02780	0.08141	0.11130	0.03642	0.03053	0.01196	0.01163	0.00341	0.01352	0.01225	0.00734	0.01431
73	0.01374	0.01009	0.01243	0.01395	0.01536	0.00940	0.00983	0.01587	0.02086	0.02691	0.06478	0.35192	0.17175	0.12654	0.01988	0.00516	0.00710	0.08670	0.00926	0.00846
74	0.02231	0.01537	0.01806	0.06201	0.02427	0.01533	0.01318	0.03214	0.14681	0.12273	0.11449	0.06843	0.26301	0.01986	0.01163	0.00350	0.00732	0.01665	0.01033	0.01257
75	0.02603	0.24216	0.21602	0.11538	0.04052	0.02973	0.02642	0.03532	0.06880	0.07424	0.02147	0.02405	0.01629	0.01042	0.00912	0.00302	0.01271	0.00792	0.00578	0.01460
76	0.03584	0.01546	0.02064	0.01669	0.02295	0.01351	0.01345	0.04009	0.02974	0.38331	0.19141	0.05271	0.08418	0.01645	0.01128	0.00331	0.00761	0.01384	0.01245	0.01510
77	0.01322	0.00946	0.01257	0.01449	0.01541	0.00881	0.00984	0.01556	0.02179	0.02946	0.13813	0.53463	0.07471	0.03128	0.01333	0.00414	0.00595	0.02831	0.01011	0.00881

[dist]
# distance from previous block
# <min> <max>
0	40

# created by:
# /st0/software/busco_prod/Augustus/scripts/msa2prfl.pl ./align_prep/4608.fa
