[name]
unknown

[dist]
# distance from previous block
# <min> <max>
0	760

[block]
# block no. 0 follows, 13 sequences, length 115
# corresponding to MSA columns:
# 800-914
name=unknown_A
#
# <colnr> <probs for GDERKNQSTAVLIFYWHMCP>
#	G	D	E	R	K	N	Q	S	T	A	V	L	I	F	Y	W	H	M	C	P
0	0.01530	0.01106	0.01422	0.01586	0.01768	0.01068	0.01244	0.01840	0.02192	0.02831	0.05987	0.19997	0.13217	0.13840	0.02121	0.00555	0.00852	0.25049	0.00916	0.00880
1	0.02593	0.02151	0.02908	0.11992	0.03660	0.05611	0.09374	0.06651	0.10625	0.08194	0.10202	0.03756	0.03179	0.01276	0.01056	0.00316	0.01085	0.01136	0.07445	0.06790
2	0.02737	0.03164	0.17299	0.14900	0.09050	0.02563	0.05968	0.12254	0.10379	0.07433	0.02527	0.02818	0.01838	0.01131	0.01058	0.00338	0.01300	0.00966	0.00718	0.01556
3	0.02652	0.01865	0.02239	0.01623	0.02540	0.01435	0.01307	0.03111	0.02343	0.13082	0.02292	0.02446	0.01755	0.00878	0.00833	0.00187	0.00804	0.00705	0.00749	0.57154
4	0.02882	0.02397	0.02533	0.02203	0.02846	0.02748	0.01735	0.14173	0.45371	0.04830	0.03983	0.03689	0.02968	0.01404	0.01073	0.00351	0.00896	0.01151	0.01073	0.01696
5	0.03124	0.12130	0.06965	0.02311	0.03233	0.02410	0.08914	0.08131	0.07748	0.16035	0.02676	0.02736	0.01949	0.01059	0.00964	0.00280	0.01094	0.00899	0.00814	0.16527
6	0.01496	0.01081	0.01413	0.01330	0.01580	0.00998	0.00998	0.01995	0.02993	0.04240	0.55689	0.07898	0.09976	0.02162	0.01247	0.00333	0.00499	0.01912	0.01164	0.00998
7	0.02496	0.02852	0.06239	0.04456	0.05526	0.02674	0.52406	0.03387	0.02496	0.03387	0.02139	0.02852	0.01604	0.00891	0.01248	0.00357	0.01783	0.01248	0.00535	0.01426
8	0.02311	0.02357	0.07289	0.40768	0.15765	0.02474	0.02976	0.07557	0.02446	0.03260	0.01963	0.02713	0.01490	0.01052	0.01051	0.00341	0.01369	0.00930	0.00533	0.01354
9	0.35823	0.02465	0.06879	0.01856	0.02643	0.02403	0.01644	0.11648	0.07507	0.14168	0.02425	0.02437	0.01723	0.01130	0.00861	0.00329	0.00954	0.00797	0.00857	0.01451
10	0.02062	0.01163	0.01179	0.01146	0.01441	0.01212	0.00868	0.02899	0.09410	0.04008	0.03567	0.03942	0.02781	0.01260	0.00786	0.00262	0.00540	0.01014	0.59377	0.01080
11	0.01250	0.01071	0.01071	0.01071	0.01428	0.00893	0.00803	0.01517	0.02410	0.02856	0.10711	0.10175	0.55817	0.02678	0.01250	0.00357	0.00536	0.02231	0.00982	0.00893
12	0.02192	0.01879	0.02192	0.01566	0.02506	0.01409	0.01253	0.02662	0.02192	0.03445	0.01879	0.02192	0.01566	0.00783	0.00783	0.00157	0.00783	0.00626	0.00626	0.69305
13	0.04060	0.01913	0.02762	0.02065	0.02929	0.01633	0.06286	0.04526	0.02822	0.42034	0.03556	0.03268	0.02328	0.01172	0.01029	0.00298	0.00961	0.01000	0.01110	0.14248
14	0.01300	0.01073	0.01141	0.01124	0.01459	0.00914	0.00843	0.01615	0.02529	0.03138	0.19873	0.09711	0.46480	0.02573	0.01249	0.00352	0.00528	0.02166	0.01019	0.00914
15	0.01288	0.00920	0.01227	0.01472	0.01534	0.00859	0.00981	0.01472	0.02024	0.02699	0.05828	0.62152	0.06993	0.03312	0.01350	0.00429	0.00613	0.03006	0.00981	0.00859
16	0.08057	0.06308	0.03625	0.08108	0.12230	0.02412	0.09677	0.10607	0.02892	0.21503	0.02728	0.02861	0.01912	0.01110	0.01034	0.00324	0.01181	0.00979	0.00857	0.01595
17	0.70310	0.02045	0.01554	0.01390	0.02045	0.02372	0.01145	0.03108	0.01799	0.04744	0.01472	0.01718	0.01145	0.00981	0.00654	0.00327	0.00818	0.00573	0.00654	0.01145
18	0.01946	0.01771	0.02913	0.44385	0.10801	0.02105	0.02576	0.02532	0.02083	0.02716	0.02400	0.08937	0.02189	0.06611	0.01459	0.00414	0.01284	0.01193	0.00539	0.01145
19	0.02909	0.59196	0.05354	0.01876	0.02754	0.08171	0.01826	0.03243	0.02210	0.02495	0.01482	0.01712	0.01357	0.00918	0.00699	0.00230	0.01188	0.00574	0.00459	0.01347
20	0.01496	0.01081	0.01413	0.01330	0.01580	0.00998	0.00998	0.01995	0.02993	0.04240	0.55689	0.07898	0.09976	0.02162	0.01247	0.00333	0.00499	0.01912	0.01164	0.00998
21	0.01274	0.01062	0.01111	0.01121	0.01448	0.00899	0.00832	0.01556	0.02434	0.02965	0.14270	0.13514	0.48531	0.02676	0.01256	0.00360	0.00538	0.02256	0.00998	0.00899
22	0.65066	0.02025	0.01626	0.01430	0.02097	0.02306	0.01178	0.03272	0.01898	0.08922	0.01688	0.01868	0.01263	0.01008	0.00687	0.00327	0.00824	0.00612	0.00707	0.01197
23	0.01770	0.01425	0.01624	0.01573	0.01914	0.01469	0.01174	0.02955	0.19003	0.03738	0.21216	0.17915	0.15561	0.02255	0.01214	0.00365	0.00636	0.01961	0.01066	0.01165
24	0.04553	0.02106	0.02644	0.02027	0.02852	0.02009	0.01674	0.17709	0.03540	0.43698	0.03740	0.03319	0.02401	0.01298	0.01062	0.00325	0.00969	0.01034	0.01242	0.01799
25	0.02832	0.03146	0.04811	0.03649	0.04387	0.12990	0.29302	0.06925	0.02585	0.03305	0.01921	0.02547	0.01530	0.01152	0.01638	0.00360	0.13942	0.01057	0.00559	0.01361
26	0.02630	0.02271	0.02391	0.02152	0.02749	0.02630	0.01674	0.05618	0.54336	0.04423	0.04303	0.03945	0.03228	0.01434	0.01076	0.00359	0.00837	0.01195	0.01076	0.01674
27	0.70310	0.02045	0.01554	0.01390	0.02045	0.02372	0.01145	0.03108	0.01799	0.04744	0.01472	0.01718	0.01145	0.00981	0.00654	0.00327	0.00818	0.00573	0.00654	0.01145
28	0.03793	0.02849	0.03046	0.02387	0.03193	0.03173	0.01955	0.45065	0.12995	0.06299	0.02825	0.02767	0.02030	0.01296	0.01061	0.00324	0.01110	0.00991	0.01061	0.01778
29	0.70310	0.02045	0.01554	0.01390	0.02045	0.02372	0.01145	0.03108	0.01799	0.04744	0.01472	0.01718	0.01145	0.00981	0.00654	0.00327	0.00818	0.00573	0.00654	0.01145
30	0.02617	0.02512	0.04292	0.06490	0.56246	0.02512	0.03245	0.03245	0.02407	0.03454	0.01989	0.02617	0.01675	0.00942	0.01047	0.00314	0.01256	0.00942	0.00523	0.01675
31	0.02630	0.02271	0.02391	0.02152	0.02749	0.02630	0.01674	0.05618	0.54336	0.04423	0.04303	0.03945	0.03228	0.01434	0.01076	0.00359	0.00837	0.01195	0.01076	0.01674
32	0.04744	0.01799	0.02454	0.01881	0.02699	0.01554	0.01554	0.05153	0.03026	0.56979	0.04171	0.03599	0.02617	0.01309	0.01063	0.00327	0.00900	0.01063	0.01309	0.01799
33	0.04538	0.01845	0.02448	0.01908	0.02704	0.01659	0.01566	0.05198	0.08027	0.51857	0.04184	0.03632	0.02677	0.01321	0.01064	0.00330	0.00894	0.01076	0.01286	0.01787
34	0.01538	0.01025	0.01153	0.01153	0.01153	0.01025	0.00641	0.01538	0.01538	0.02050	0.03331	0.06919	0.03844	0.62842	0.05382	0.01025	0.01025	0.01538	0.00641	0.00641
35	0.04744	0.01799	0.02454	0.01881	0.02699	0.01554	0.01554	0.05153	0.03026	0.56979	0.04171	0.03599	0.02617	0.01309	0.01063	0.00327	0.00900	0.01063	0.01309	0.01799
36	0.01288	0.00920	0.01227	0.01472	0.01534	0.00859	0.00981	0.01472	0.02024	0.02699	0.05828	0.62152	0.06993	0.03312	0.01350	0.00429	0.00613	0.03006	0.00981	0.00859
37	0.02192	0.01879	0.02192	0.01566	0.02506	0.01409	0.01253	0.02662	0.02192	0.03445	0.01879	0.02192	0.01566	0.00783	0.00783	0.00157	0.00783	0.00626	0.00626	0.69305
38	0.01271	0.01072	0.01101	0.01094	0.01441	0.00902	0.00820	0.01559	0.02461	0.02977	0.14645	0.09976	0.51807	0.02633	0.01249	0.00355	0.00532	0.02204	0.00998	0.00902
39	0.01326	0.00949	0.01261	0.01446	0.01542	0.00884	0.00984	0.01567	0.02200	0.02979	0.14883	0.52298	0.07535	0.03103	0.01331	0.00412	0.00593	0.02807	0.01015	0.00884
40	0.02403	0.08568	0.09714	0.03590	0.04430	0.02796	0.30525	0.03121	0.02274	0.03127	0.02166	0.03245	0.01841	0.01226	0.01599	0.00371	0.12578	0.04539	0.00538	0.01349
41	0.01913	0.01732	0.06085	0.10119	0.10198	0.01507	0.01842	0.02409	0.02423	0.06655	0.12766	0.15626	0.13976	0.02063	0.01202	0.00368	0.00898	0.06197	0.00859	0.01163
42	0.01288	0.00920	0.01227	0.01472	0.01534	0.00859	0.00981	0.01472	0.02024	0.02699	0.05828	0.62152	0.06993	0.03312	0.01350	0.00429	0.00613	0.03006	0.00981	0.00859
43	0.15579	0.02242	0.02550	0.01988	0.02788	0.02287	0.01642	0.21206	0.03489	0.30801	0.03152	0.02915	0.02086	0.01240	0.00992	0.00324	0.00977	0.00942	0.01111	0.01688
44	0.02168	0.02049	0.03543	0.26400	0.22677	0.02201	0.07524	0.02829	0.02403	0.03290	0.11304	0.03638	0.03009	0.01194	0.01105	0.00336	0.01235	0.01140	0.00615	0.01337
45	0.02803	0.50462	0.13157	0.02058	0.03035	0.07911	0.02142	0.03271	0.02223	0.02625	0.01546	0.01792	0.01355	0.00933	0.00748	0.00246	0.01253	0.00606	0.00458	0.01378
46	0.02370	0.01985	0.02288	0.01651	0.02581	0.01592	0.01327	0.07541	0.02463	0.03759	0.01944	0.02226	0.01589	0.00830	0.00810	0.00172	0.00820	0.00658	0.00668	0.62727
47	0.01585	0.01220	0.01750	0.01710	0.01853	0.01444	0.01304	0.01892	0.01667	0.02400	0.02782	0.04417	0.02717	0.15814	0.45660	0.01488	0.07635	0.01177	0.00569	0.00916
48	0.70310	0.02045	0.01554	0.01390	0.02045	0.02372	0.01145	0.03108	0.01799	0.04744	0.01472	0.01718	0.01145	0.00981	0.00654	0.00327	0.00818	0.00573	0.00654	0.01145
49	0.01391	0.01077	0.01267	0.01219	0.01515	0.00953	0.00914	0.01790	0.02743	0.03647	0.36408	0.08874	0.29627	0.02383	0.01248	0.00343	0.00515	0.02049	0.01086	0.00953
50	0.01538	0.01025	0.01153	0.01153	0.01153	0.01025	0.00641	0.01538	0.01538	0.02050	0.03331	0.06919	0.03844	0.62842	0.05382	0.01025	0.01025	0.01538	0.00641	0.00641
51	0.04275	0.01662	0.02205	0.01730	0.02451	0.01458	0.01416	0.04698	0.02889	0.48012	0.04049	0.03657	0.02633	0.01296	0.01008	0.00313	0.00831	0.01050	0.12704	0.01662
52	0.01288	0.00920	0.01227	0.01472	0.01534	0.00859	0.00981	0.01472	0.02024	0.02699	0.05828	0.62152	0.06993	0.03312	0.01350	0.00429	0.00613	0.03006	0.00981	0.00859
53	0.01691	0.01037	0.01197	0.01157	0.01413	0.00985	0.00868	0.02171	0.02603	0.04007	0.29032	0.06289	0.10028	0.01782	0.01020	0.00296	0.00499	0.01520	0.31421	0.00985
54	0.01359	0.00970	0.01308	0.01553	0.01645	0.00920	0.01104	0.01594	0.02094	0.02778	0.05789	0.53633	0.06839	0.03246	0.01368	0.00439	0.00675	0.10829	0.00980	0.00878
55	0.02882	0.02397	0.02533	0.02203	0.02846	0.02748	0.01735	0.14173	0.45371	0.04830	0.03983	0.03689	0.02968	0.01404	0.01073	0.00351	0.00896	0.01151	0.01073	0.01696
56	0.02192	0.01879	0.02192	0.01566	0.02506	0.01409	0.01253	0.02662	0.02192	0.03445	0.01879	0.02192	0.01566	0.00783	0.00783	0.00157	0.00783	0.00626	0.00626	0.69305
57	0.02630	0.02271	0.02391	0.02152	0.02749	0.02630	0.01674	0.05618	0.54336	0.04423	0.04303	0.03945	0.03228	0.01434	0.01076	0.00359	0.00837	0.01195	0.01076	0.01674
58	0.01997	0.01879	0.03171	0.60301	0.07282	0.02349	0.02936	0.02701	0.02114	0.02701	0.01879	0.02819	0.01409	0.01057	0.01057	0.00352	0.01409	0.00940	0.00470	0.01175
59	0.02121	0.05469	0.57364	0.03014	0.04576	0.02455	0.03906	0.03348	0.02232	0.03348	0.01897	0.02232	0.01339	0.01005	0.01005	0.00335	0.01563	0.00781	0.00446	0.01563
60	0.01288	0.00920	0.01227	0.01472	0.01534	0.00859	0.00981	0.01472	0.02024	0.02699	0.05828	0.62152	0.06993	0.03312	0.01350	0.00429	0.00613	0.03006	0.00981	0.00859
61	0.04744	0.01799	0.02454	0.01881	0.02699	0.01554	0.01554	0.05153	0.03026	0.56979	0.04171	0.03599	0.02617	0.01309	0.01063	0.00327	0.00900	0.01063	0.01309	0.01799
62	0.02347	0.01810	0.01895	0.01725	0.02092	0.06869	0.01314	0.10846	0.02858	0.07089	0.15851	0.10470	0.08632	0.10916	0.06791	0.00559	0.01090	0.04782	0.00932	0.01131
63	0.02496	0.02852	0.06239	0.04456	0.05526	0.02674	0.52406	0.03387	0.02496	0.03387	0.02139	0.02852	0.01604	0.00891	0.01248	0.00357	0.01783	0.01248	0.00535	0.01426
64	0.01263	0.01018	0.01126	0.01212	0.01465	0.00881	0.00866	0.01501	0.02274	0.02801	0.08993	0.28455	0.38646	0.02901	0.01285	0.00382	0.00563	0.02504	0.00982	0.00881
65	0.04391	0.02032	0.02536	0.01959	0.02748	0.01940	0.01614	0.16612	0.03450	0.41308	0.03726	0.03361	0.02423	0.01294	0.01041	0.00320	0.00938	0.01031	0.05529	0.01747
66	0.02450	0.32540	0.33179	0.02451	0.03707	0.03262	0.02928	0.03263	0.02193	0.02947	0.01698	0.01982	0.01348	0.00958	0.00852	0.00284	0.01361	0.00681	0.00449	0.01467
67	0.02481	0.02809	0.05999	0.04322	0.05306	0.02719	0.48400	0.03319	0.02425	0.03319	0.02079	0.02809	0.01587	0.00968	0.01426	0.00365	0.06512	0.01222	0.00529	0.01404
68	0.01538	0.01025	0.01153	0.01153	0.01153	0.01025	0.00641	0.01538	0.01538	0.02050	0.03331	0.06919	0.03844	0.62842	0.05382	0.01025	0.01025	0.01538	0.00641	0.00641
69	0.02504	0.07277	0.03067	0.34127	0.05186	0.02435	0.02333	0.08008	0.07416	0.07992	0.03066	0.03476	0.06211	0.01256	0.01043	0.00337	0.01191	0.01050	0.00698	0.01329
70	0.04154	0.01669	0.02265	0.01781	0.02496	0.01453	0.01453	0.04579	0.03020	0.47400	0.13528	0.04380	0.03954	0.01464	0.01097	0.00328	0.00827	0.01217	0.01282	0.01654
71	0.01392	0.00964	0.01196	0.01339	0.01375	0.00928	0.00840	0.01499	0.01822	0.02429	0.04788	0.39155	0.05682	0.28099	0.03028	0.00677	0.00785	0.02394	0.00840	0.00768
72	0.46844	0.02369	0.02127	0.01759	0.02482	0.02693	0.01451	0.20671	0.02922	0.05423	0.01850	0.02008	0.01376	0.01083	0.00797	0.00324	0.00940	0.00707	0.00797	0.01376
73	0.04135	0.02044	0.02527	0.01982	0.02741	0.01989	0.01621	0.16066	0.07239	0.36714	0.08305	0.03752	0.03114	0.01383	0.01079	0.00328	0.00922	0.01121	0.01220	0.01720
74	0.70310	0.02045	0.01554	0.01390	0.02045	0.02372	0.01145	0.03108	0.01799	0.04744	0.01472	0.01718	0.01145	0.00981	0.00654	0.00327	0.00818	0.00573	0.00654	0.01145
75	0.07199	0.01341	0.01655	0.01800	0.02102	0.01379	0.01508	0.02458	0.07227	0.03337	0.05611	0.15102	0.09812	0.02643	0.01331	0.00445	0.00875	0.32181	0.00959	0.01035
76	0.09573	0.02343	0.02654	0.09564	0.03382	0.02610	0.01861	0.24931	0.12782	0.09254	0.03087	0.07993	0.02459	0.01425	0.01049	0.00341	0.01035	0.01145	0.00961	0.01553
77	0.01288	0.00920	0.01227	0.01472	0.01534	0.00859	0.00981	0.01472	0.02024	0.02699	0.05828	0.62152	0.06993	0.03312	0.01350	0.00429	0.00613	0.03006	0.00981	0.00859
78	0.02389	0.02372	0.03400	0.36611	0.19621	0.07707	0.02848	0.03188	0.05827	0.03008	0.02050	0.02756	0.01599	0.01055	0.01046	0.00335	0.01377	0.00933	0.00532	0.01346
79	0.02484	0.24408	0.13726	0.01799	0.02587	0.02614	0.01846	0.07235	0.02434	0.03541	0.02361	0.02685	0.01881	0.01074	0.00796	0.00262	0.00986	0.00793	0.25188	0.01301
80	0.02545	0.02122	0.11505	0.02019	0.02671	0.01531	0.06614	0.03143	0.02421	0.15231	0.03723	0.11672	0.03215	0.01602	0.01051	0.00336	0.00951	0.05784	0.20574	0.01288
81	0.01569	0.01178	0.01464	0.01376	0.01663	0.01123	0.01037	0.02253	0.07181	0.04135	0.47555	0.07769	0.13385	0.02146	0.01233	0.00337	0.00530	0.01881	0.01141	0.01044
82	0.01414	0.01078	0.01299	0.01243	0.01529	0.00962	0.00933	0.01835	0.02798	0.03776	0.40617	0.08661	0.25338	0.02335	0.01248	0.00341	0.00511	0.02019	0.01103	0.00962
83	0.01572	0.01299	0.01378	0.01321	0.01679	0.01251	0.00983	0.02371	0.12367	0.03281	0.15082	0.08399	0.35124	0.07335	0.01557	0.00409	0.00629	0.01932	0.00997	0.01036
84	0.70310	0.02045	0.01554	0.01390	0.02045	0.02372	0.01145	0.03108	0.01799	0.04744	0.01472	0.01718	0.01145	0.00981	0.00654	0.00327	0.00818	0.00573	0.00654	0.01145
85	0.70310	0.02045	0.01554	0.01390	0.02045	0.02372	0.01145	0.03108	0.01799	0.04744	0.01472	0.01718	0.01145	0.00981	0.00654	0.00327	0.00818	0.00573	0.00654	0.01145
86	0.01733	0.03014	0.26448	0.02114	0.02913	0.01622	0.02298	0.02494	0.02452	0.03523	0.21310	0.16537	0.05491	0.01880	0.01159	0.00354	0.00999	0.01631	0.00805	0.01222
87	0.02907	0.43955	0.13580	0.02135	0.03112	0.08315	0.02188	0.07570	0.02476	0.02998	0.01646	0.01874	0.01393	0.00968	0.00787	0.00256	0.01268	0.00644	0.00511	0.01418
88	0.07050	0.01285	0.01748	0.01782	0.02085	0.01251	0.04634	0.02029	0.02273	0.03125	0.06023	0.23666	0.14591	0.02694	0.01314	0.00427	0.00839	0.21292	0.00923	0.00972
89	0.02198	0.02308	0.04513	0.13149	0.04884	0.02289	0.30969	0.03091	0.06181	0.03237	0.03383	0.08803	0.07265	0.01339	0.01212	0.00362	0.01430	0.01438	0.00645	0.01302
90	0.03322	0.02299	0.03725	0.07887	0.03987	0.02338	0.16800	0.07555	0.10438	0.21723	0.03102	0.03207	0.02169	0.01214	0.01272	0.00351	0.05025	0.01110	0.00901	0.01575
91	0.02496	0.02852	0.06239	0.04456	0.05526	0.02674	0.52406	0.03387	0.02496	0.03387	0.02139	0.02852	0.01604	0.00891	0.01248	0.00357	0.01783	0.01248	0.00535	0.01426
92	0.04538	0.01845	0.02448	0.01908	0.02704	0.01659	0.01566	0.05198	0.08027	0.51857	0.04184	0.03632	0.02677	0.01321	0.01064	0.00330	0.00894	0.01076	0.01286	0.01787
93	0.02628	0.02329	0.03495	0.25695	0.23505	0.02595	0.02766	0.11872	0.07631	0.03820	0.02261	0.02805	0.01742	0.01089	0.01055	0.00333	0.01258	0.00967	0.00648	0.01507
94	0.03626	0.07511	0.17665	0.02448	0.03492	0.02376	0.05623	0.13210	0.03076	0.25955	0.02936	0.02853	0.01968	0.01164	0.01031	0.00322	0.01199	0.00944	0.00920	0.01680
95	0.01284	0.00935	0.01212	0.01433	0.01523	0.00862	0.00964	0.01477	0.02062	0.02714	0.06303	0.57087	0.11751	0.03251	0.01340	0.00422	0.00606	0.02930	0.00982	0.00862
96	0.03511	0.02038	0.02432	0.02012	0.02660	0.02078	0.01632	0.20193	0.07629	0.22489	0.07635	0.09977	0.03637	0.01695	0.01136	0.00350	0.00932	0.05255	0.01137	0.01571
97	0.02326	0.02180	0.03716	0.30112	0.17175	0.02391	0.10086	0.07151	0.02476	0.03314	0.02325	0.07652	0.01992	0.01211	0.01107	0.00348	0.01343	0.01157	0.00585	0.01352
98	0.01997	0.01879	0.03171	0.60301	0.07282	0.02349	0.02936	0.02701	0.02114	0.02701	0.01879	0.02819	0.01409	0.01057	0.01057	0.00352	0.01409	0.00940	0.00470	0.01175
99	0.02192	0.01879	0.02192	0.01566	0.02506	0.01409	0.01253	0.02662	0.02192	0.03445	0.01879	0.02192	0.01566	0.00783	0.00783	0.00157	0.00783	0.00626	0.00626	0.69305
100	0.02467	0.02570	0.03216	0.02771	0.02822	0.08450	0.02288	0.02702	0.01749	0.02549	0.01411	0.02275	0.01385	0.01779	0.03233	0.00445	0.55353	0.00902	0.00470	0.01163
101	0.01374	0.01064	0.01251	0.01230	0.01511	0.00941	0.00913	0.01748	0.02665	0.03522	0.32376	0.13216	0.29433	0.02475	0.01256	0.00351	0.00524	0.02137	0.01071	0.00941
102	0.01706	0.01138	0.01418	0.01314	0.01636	0.01019	0.00997	0.02142	0.02857	0.08265	0.40748	0.08084	0.20262	0.02214	0.01232	0.00338	0.00541	0.01918	0.01133	0.01039
103	0.01428	0.01078	0.01319	0.01259	0.01538	0.00969	0.00944	0.01863	0.02832	0.03858	0.43281	0.08526	0.22622	0.02304	0.01248	0.00339	0.00509	0.02000	0.01114	0.00969
104	0.04744	0.01799	0.02454	0.01881	0.02699	0.01554	0.01554	0.05153	0.03026	0.56979	0.04171	0.03599	0.02617	0.01309	0.01063	0.00327	0.00900	0.01063	0.01309	0.01799
105	0.02630	0.02271	0.02391	0.02152	0.02749	0.02630	0.01674	0.05618	0.54336	0.04423	0.04303	0.03945	0.03228	0.01434	0.01076	0.00359	0.00837	0.01195	0.01076	0.01674
106	0.02192	0.01879	0.02192	0.01566	0.02506	0.01409	0.01253	0.02662	0.02192	0.03445	0.01879	0.02192	0.01566	0.00783	0.00783	0.00157	0.00783	0.00626	0.00626	0.69305
107	0.70310	0.02045	0.01554	0.01390	0.02045	0.02372	0.01145	0.03108	0.01799	0.04744	0.01472	0.01718	0.01145	0.00981	0.00654	0.00327	0.00818	0.00573	0.00654	0.01145
108	0.01997	0.01879	0.03171	0.60301	0.07282	0.02349	0.02936	0.02701	0.02114	0.02701	0.01879	0.02819	0.01409	0.01057	0.01057	0.00352	0.01409	0.00940	0.00470	0.01175
109	0.01288	0.00920	0.01227	0.01472	0.01534	0.00859	0.00981	0.01472	0.02024	0.02699	0.05828	0.62152	0.06993	0.03312	0.01350	0.00429	0.00613	0.03006	0.00981	0.00859
110	0.02418	0.01556	0.02325	0.17820	0.07363	0.01618	0.01891	0.02886	0.02398	0.14317	0.08176	0.10623	0.03983	0.07546	0.01579	0.00437	0.01028	0.09961	0.00862	0.01213
111	0.22214	0.22370	0.21488	0.02095	0.03141	0.02913	0.02301	0.03339	0.02132	0.06954	0.01788	0.02004	0.01371	0.00986	0.00805	0.00298	0.01170	0.00672	0.00564	0.01393
112	0.01783	0.01544	0.02138	0.02050	0.02080	0.01929	0.01574	0.01947	0.01801	0.02574	0.03581	0.31535	0.04149	0.02681	0.02479	0.04881	0.27653	0.01939	0.00715	0.00966
113	0.01411	0.00987	0.01196	0.01294	0.01359	0.00944	0.00818	0.01538	0.01894	0.02518	0.08245	0.30488	0.08981	0.29874	0.03143	0.00685	0.00785	0.02226	0.00841	0.00772
114	0.02305	0.14235	0.06445	0.02073	0.02634	0.02073	0.05399	0.06032	0.02479	0.07475	0.04013	0.20655	0.04170	0.02105	0.01169	0.00375	0.01014	0.13298	0.00837	0.01214

[dist]
# distance from previous block
# <min> <max>
0	2

[block]
# block no. 1 follows, 13 sequences, length 39
# corresponding to MSA columns:
# 917-955
name=unknown_B
#
# <colnr> <probs for GDERKNQSTAVLIFYWHMCP>
#	G	D	E	R	K	N	Q	S	T	A	V	L	I	F	Y	W	H	M	C	P
0	0.13812	0.07914	0.02821	0.01946	0.02786	0.02570	0.01626	0.22960	0.03340	0.11872	0.02342	0.02396	0.01712	0.01087	0.00899	0.00275	0.00986	0.00799	0.00876	0.16979
1	0.30052	0.11677	0.14502	0.02195	0.03113	0.07630	0.06050	0.03445	0.02196	0.07818	0.01836	0.02075	0.01384	0.01003	0.00837	0.00312	0.01200	0.00717	0.00613	0.01343
2	0.01530	0.01173	0.01426	0.01521	0.01724	0.01164	0.01077	0.02214	0.10488	0.03227	0.13839	0.39728	0.11295	0.02777	0.01281	0.00396	0.00624	0.02478	0.01025	0.01013
3	0.03201	0.01737	0.02334	0.06057	0.07275	0.01653	0.01623	0.08164	0.02996	0.26429	0.13931	0.05118	0.11637	0.01614	0.01122	0.00332	0.00863	0.01361	0.01086	0.01467
4	0.14528	0.02559	0.10589	0.13577	0.08058	0.02236	0.06758	0.03825	0.06849	0.16914	0.02622	0.02827	0.01849	0.01108	0.01000	0.00337	0.01175	0.00935	0.00769	0.01483
5	0.27293	0.01476	0.01425	0.01308	0.01761	0.01571	0.01036	0.02784	0.02154	0.08843	0.06519	0.03885	0.07124	0.01926	0.05988	0.00428	0.00863	0.01017	0.21492	0.01107
6	0.01507	0.01022	0.01208	0.01269	0.01298	0.01011	0.00780	0.01576	0.01690	0.02247	0.03935	0.16839	0.04558	0.47999	0.04387	0.00881	0.00950	0.05415	0.00725	0.00704
7	0.11704	0.02855	0.07331	0.02526	0.03388	0.06506	0.09437	0.17499	0.07679	0.16419	0.02752	0.02775	0.01930	0.01168	0.01029	0.00328	0.01210	0.00964	0.00905	0.01595
8	0.02630	0.02815	0.03400	0.32986	0.18184	0.16303	0.02790	0.03210	0.02404	0.02856	0.01845	0.02544	0.01462	0.01037	0.01029	0.00323	0.01495	0.00876	0.00501	0.01309
9	0.02462	0.01329	0.01696	0.01579	0.01955	0.01256	0.01189	0.03065	0.07429	0.18205	0.16342	0.23910	0.05789	0.02168	0.01176	0.00359	0.00678	0.01902	0.06279	0.01234
10	0.02319	0.02013	0.03304	0.42416	0.14295	0.02399	0.02830	0.02947	0.02180	0.06663	0.02015	0.02796	0.01535	0.01129	0.01275	0.00355	0.06748	0.00947	0.00537	0.01296
11	0.01869	0.01191	0.01295	0.01228	0.01365	0.01220	0.00789	0.06409	0.02016	0.02932	0.03288	0.05793	0.03381	0.42171	0.03853	0.00770	0.00907	0.01349	0.17343	0.00830
12	0.01288	0.00920	0.01227	0.01472	0.01534	0.00859	0.00981	0.01472	0.02024	0.02699	0.05828	0.62152	0.06993	0.03312	0.01350	0.00429	0.00613	0.03006	0.00981	0.00859
13	0.01457	0.01079	0.01359	0.01289	0.01556	0.00981	0.00967	0.01920	0.02901	0.04021	0.48572	0.08258	0.17229	0.02243	0.01247	0.00336	0.00505	0.01963	0.01135	0.00981
14	0.01288	0.00920	0.01227	0.01472	0.01534	0.00859	0.00981	0.01472	0.02024	0.02699	0.05828	0.62152	0.06993	0.03312	0.01350	0.00429	0.00613	0.03006	0.00981	0.00859
15	0.02827	0.63478	0.05540	0.01809	0.02714	0.04184	0.01809	0.03166	0.02148	0.02488	0.01470	0.01696	0.01357	0.00905	0.00678	0.00226	0.01131	0.00565	0.00452	0.01357
16	0.02121	0.05469	0.57364	0.03014	0.04576	0.02455	0.03906	0.03348	0.02232	0.03348	0.01897	0.02232	0.01339	0.01005	0.01005	0.00335	0.01563	0.00781	0.00446	0.01563
17	0.04744	0.01799	0.02454	0.01881	0.02699	0.01554	0.01554	0.05153	0.03026	0.56979	0.04171	0.03599	0.02617	0.01309	0.01063	0.00327	0.00900	0.01063	0.01309	0.01799
18	0.02827	0.63478	0.05540	0.01809	0.02714	0.04184	0.01809	0.03166	0.02148	0.02488	0.01470	0.01696	0.01357	0.00905	0.00678	0.00226	0.01131	0.00565	0.00452	0.01357
19	0.01997	0.01879	0.03171	0.60301	0.07282	0.02349	0.02936	0.02701	0.02114	0.02701	0.01879	0.02819	0.01409	0.01057	0.01057	0.00352	0.01409	0.00940	0.00470	0.01175
20	0.01356	0.00971	0.01296	0.01486	0.01593	0.00911	0.01041	0.01618	0.02221	0.02997	0.14273	0.48970	0.07428	0.03086	0.01341	0.00417	0.00622	0.06468	0.01012	0.00891
21	0.01324	0.00946	0.01268	0.01513	0.01590	0.00890	0.01044	0.01534	0.02060	0.02739	0.05808	0.57834	0.06915	0.03279	0.01359	0.00434	0.00644	0.06971	0.00981	0.00869
22	0.02510	0.37430	0.28810	0.02350	0.03550	0.03408	0.02751	0.03248	0.02186	0.02874	0.01662	0.01937	0.01349	0.00949	0.00825	0.00275	0.01325	0.00662	0.00450	0.01449
23	0.02822	0.02127	0.02443	0.01794	0.02702	0.01859	0.01454	0.14591	0.02910	0.08434	0.02215	0.02385	0.01704	0.00939	0.00870	0.00208	0.00881	0.00737	0.00781	0.48144
24	0.14667	0.02595	0.02661	0.02172	0.02909	0.02927	0.01762	0.29906	0.19664	0.05652	0.02905	0.02835	0.02130	0.01272	0.00996	0.00332	0.01005	0.00964	0.00996	0.01651
25	0.01538	0.01025	0.01153	0.01153	0.01153	0.01025	0.00641	0.01538	0.01538	0.02050	0.03331	0.06919	0.03844	0.62842	0.05382	0.01025	0.01025	0.01538	0.00641	0.00641
26	0.02582	0.10190	0.43094	0.02753	0.04128	0.02603	0.03343	0.07737	0.02531	0.08349	0.02117	0.02332	0.01495	0.01045	0.00985	0.00323	0.01430	0.00802	0.00577	0.01585
27	0.03617	0.13155	0.11584	0.02168	0.03132	0.02597	0.02059	0.17295	0.03219	0.21559	0.02738	0.02666	0.01901	0.01141	0.00965	0.00295	0.01103	0.00871	0.00909	0.07027
28	0.02245	0.15073	0.44839	0.02711	0.04120	0.02678	0.03371	0.03271	0.02215	0.03209	0.01824	0.02139	0.01358	0.00973	0.00934	0.00304	0.01437	0.00734	0.00460	0.06106
29	0.01288	0.00920	0.01227	0.01472	0.01534	0.00859	0.00981	0.01472	0.02024	0.02699	0.05828	0.62152	0.06993	0.03312	0.01350	0.00429	0.00613	0.03006	0.00981	0.00859
30	0.02640	0.01994	0.03362	0.39540	0.10608	0.02229	0.06464	0.03293	0.02352	0.13681	0.02367	0.02959	0.01690	0.01084	0.01072	0.00344	0.01322	0.00988	0.00647	0.01363
31	0.02101	0.01531	0.01920	0.06121	0.02459	0.01630	0.01416	0.06208	0.11111	0.07656	0.14582	0.05615	0.13089	0.03373	0.15633	0.00685	0.01293	0.01448	0.00919	0.01206
32	0.01331	0.01038	0.01209	0.01243	0.01498	0.00915	0.00903	0.01647	0.02489	0.03225	0.22755	0.21903	0.30710	0.02678	0.01273	0.00367	0.00543	0.02322	0.01035	0.00915
33	0.01727	0.01157	0.01612	0.07103	0.02292	0.01153	0.01363	0.02038	0.02170	0.06623	0.05081	0.35123	0.05674	0.07638	0.01654	0.00477	0.00834	0.14386	0.00927	0.00967
34	0.07177	0.02559	0.07359	0.02685	0.07073	0.02548	0.05080	0.15610	0.06446	0.11945	0.02599	0.03114	0.02042	0.07060	0.01849	0.00416	0.11127	0.01016	0.00812	0.01484
35	0.03793	0.03030	0.02529	0.02169	0.02731	0.24723	0.01696	0.04148	0.02836	0.22901	0.05989	0.03113	0.02474	0.01303	0.01170	0.00307	0.05509	0.00942	0.07238	0.01396
36	0.01285	0.00932	0.01214	0.01440	0.01525	0.00862	0.00967	0.01476	0.02055	0.02712	0.06220	0.57979	0.10913	0.03262	0.01342	0.00424	0.00607	0.02944	0.00982	0.00862
37	0.02174	0.01879	0.02284	0.07063	0.02953	0.01497	0.01410	0.02666	0.02185	0.03376	0.01879	0.02251	0.01551	0.00809	0.00809	0.00175	0.00842	0.00656	0.00612	0.62929
38	0.09219	0.02964	0.11226	0.02819	0.03799	0.02575	0.14796	0.19262	0.03289	0.15656	0.02596	0.02724	0.01799	0.01121	0.01065	0.00333	0.01291	0.00993	0.00858	0.01616

[dist]
# distance from previous block
# <min> <max>
0	31

[block]
# block no. 2 follows, 13 sequences, length 30
# corresponding to MSA columns:
# 988-1003,1008-1021
name=unknown_C
#
# <colnr> <probs for GDERKNQSTAVLIFYWHMCP>
#	G	D	E	R	K	N	Q	S	T	A	V	L	I	F	Y	W	H	M	C	P
0	0.06860	0.10831	0.07975	0.14136	0.14103	0.07948	0.13482	0.03368	0.02381	0.06283	0.01989	0.02493	0.01539	0.00989	0.01010	0.00318	0.01418	0.00908	0.00557	0.01412
1	0.01997	0.01879	0.03171	0.60301	0.07282	0.02349	0.02936	0.02701	0.02114	0.02701	0.01879	0.02819	0.01409	0.01057	0.01057	0.00352	0.01409	0.00940	0.00470	0.01175
2	0.02675	0.03121	0.05840	0.04243	0.05248	0.09557	0.46208	0.03490	0.02557	0.03288	0.02077	0.02736	0.01574	0.00916	0.01212	0.00346	0.01798	0.01178	0.00536	0.01401
3	0.02630	0.02271	0.02391	0.02152	0.02749	0.02630	0.01674	0.05618	0.54336	0.04423	0.04303	0.03945	0.03228	0.01434	0.01076	0.00359	0.00837	0.01195	0.01076	0.01674
4	0.01414	0.01092	0.01474	0.01633	0.01686	0.01152	0.01145	0.01604	0.01974	0.02680	0.05281	0.54787	0.06303	0.03133	0.01610	0.00433	0.08034	0.02750	0.00918	0.00895
5	0.01404	0.01003	0.01359	0.01604	0.01716	0.00958	0.01182	0.01672	0.02138	0.02828	0.05764	0.48196	0.06741	0.03204	0.01380	0.00445	0.00714	0.15822	0.00979	0.00891
6	0.01538	0.01025	0.01153	0.01153	0.01153	0.01025	0.00641	0.01538	0.01538	0.02050	0.03331	0.06919	0.03844	0.62842	0.05382	0.01025	0.01025	0.01538	0.00641	0.00641
7	0.04019	0.02962	0.03173	0.02433	0.03279	0.03279	0.02010	0.52721	0.04971	0.06663	0.02538	0.02538	0.01798	0.01269	0.01058	0.00317	0.01163	0.00952	0.01058	0.01798
8	0.04744	0.01799	0.02454	0.01881	0.02699	0.01554	0.01554	0.05153	0.03026	0.56979	0.04171	0.03599	0.02617	0.01309	0.01063	0.00327	0.00900	0.01063	0.01309	0.01799
9	0.02756	0.02334	0.02462	0.02177	0.02798	0.02689	0.01704	0.09910	0.49838	0.04627	0.04143	0.03817	0.03097	0.01419	0.01074	0.00355	0.00867	0.01173	0.01074	0.01685
10	0.01457	0.01107	0.01380	0.01534	0.01784	0.01029	0.01234	0.01806	0.02347	0.02962	0.07528	0.20828	0.24608	0.02906	0.01362	0.00428	0.00743	0.23057	0.00978	0.00922
11	0.02630	0.02271	0.02391	0.02152	0.02749	0.02630	0.01674	0.05618	0.54336	0.04423	0.04303	0.03945	0.03228	0.01434	0.01076	0.00359	0.00837	0.01195	0.01076	0.01674
12	0.02297	0.02207	0.03726	0.23536	0.20970	0.02242	0.09494	0.02954	0.02273	0.03186	0.01949	0.02627	0.01551	0.00940	0.01021	0.00299	0.01279	0.00916	0.00529	0.16004
13	0.03804	0.02929	0.02952	0.02363	0.03132	0.08063	0.01913	0.35648	0.14043	0.09760	0.02919	0.02831	0.02094	0.01287	0.01052	0.00322	0.01149	0.00982	0.01034	0.01722
14	0.01315	0.00996	0.01213	0.01322	0.01510	0.00895	0.00930	0.01582	0.02321	0.03031	0.16494	0.36157	0.22596	0.02905	0.01300	0.00389	0.00568	0.02566	0.01015	0.00895
15	0.02413	0.01538	0.01749	0.01535	0.02012	0.01519	0.01200	0.07752	0.10748	0.12433	0.16375	0.06228	0.18263	0.01854	0.01112	0.00330	0.00685	0.01549	0.09429	0.01273
16	0.08555	0.02390	0.09277	0.02641	0.10304	0.01925	0.02052	0.04559	0.06198	0.35921	0.03415	0.03190	0.02271	0.01207	0.01026	0.00328	0.01019	0.00987	0.01034	0.01700
17	0.01303	0.00954	0.01225	0.01409	0.01525	0.00876	0.00961	0.01527	0.02163	0.02863	0.11122	0.50647	0.13283	0.03126	0.01328	0.00411	0.00593	0.02808	0.00999	0.00876
18	0.02507	0.02821	0.06060	0.04643	0.10184	0.02659	0.47892	0.03374	0.02487	0.03393	0.02125	0.02830	0.01611	0.00896	0.01229	0.00353	0.01734	0.01220	0.00534	0.01449
19	0.02969	0.02990	0.14884	0.10295	0.09919	0.02469	0.02574	0.13912	0.02877	0.11666	0.02323	0.02618	0.01694	0.01161	0.01240	0.00325	0.06663	0.00896	0.00731	0.07794
20	0.02316	0.06272	0.07094	0.02250	0.02873	0.01834	0.10663	0.06070	0.02638	0.09600	0.10710	0.15938	0.09080	0.01930	0.01194	0.00362	0.01014	0.06022	0.00888	0.01251
21	0.02708	0.01828	0.02248	0.02238	0.06518	0.01897	0.01575	0.11959	0.13931	0.12560	0.04368	0.25324	0.04171	0.02050	0.01171	0.00369	0.00852	0.01790	0.01032	0.01411
22	0.14182	0.01410	0.01976	0.01897	0.02219	0.01415	0.07451	0.02118	0.02103	0.03230	0.04538	0.36101	0.05117	0.02527	0.01226	0.00410	0.00850	0.09367	0.00865	0.00999
23	0.09105	0.08196	0.04022	0.14865	0.14094	0.07718	0.13506	0.03492	0.05508	0.06421	0.02139	0.02612	0.01648	0.01018	0.01017	0.00324	0.01364	0.00939	0.00602	0.01408
24	0.08106	0.34126	0.04225	0.07638	0.08124	0.03285	0.01956	0.03611	0.08647	0.08019	0.02154	0.02339	0.01721	0.01030	0.00830	0.00279	0.01086	0.00759	0.00632	0.01433
25	0.04445	0.01733	0.02358	0.01831	0.02596	0.01503	0.01503	0.04863	0.03023	0.52132	0.08906	0.03994	0.03294	0.01387	0.01080	0.00328	0.00863	0.01141	0.01295	0.01726
26	0.01658	0.01272	0.01621	0.01556	0.01585	0.01464	0.01072	0.01764	0.01618	0.02254	0.03138	0.10912	0.03530	0.39059	0.11078	0.00944	0.12538	0.01511	0.00630	0.00796
27	0.01742	0.01473	0.02029	0.01893	0.02000	0.01787	0.01470	0.02043	0.02038	0.02943	0.16103	0.14014	0.04844	0.07527	0.12843	0.00691	0.21222	0.01588	0.00753	0.00994
28	0.01526	0.01072	0.01392	0.01392	0.01475	0.01155	0.00939	0.01691	0.01608	0.02227	0.03113	0.05709	0.03319	0.38812	0.28693	0.01320	0.01816	0.01360	0.00608	0.00773
29	0.02285	0.04322	0.34955	0.03646	0.04992	0.02551	0.25164	0.03365	0.02348	0.03365	0.02003	0.02504	0.01455	0.00955	0.01111	0.00344	0.01659	0.00986	0.00485	0.01503

[dist]
# distance from previous block
# <min> <max>
3	6

[block]
# block no. 3 follows, 13 sequences, length 29
# corresponding to MSA columns:
# 1028-1056
name=unknown_D
#
# <colnr> <probs for GDERKNQSTAVLIFYWHMCP>
#	G	D	E	R	K	N	Q	S	T	A	V	L	I	F	Y	W	H	M	C	P
0	0.01840	0.01640	0.01915	0.02329	0.09186	0.06460	0.01451	0.02369	0.07337	0.02961	0.04781	0.42941	0.05396	0.02607	0.01246	0.00393	0.00839	0.02339	0.00890	0.01082
1	0.02407	0.02685	0.08686	0.12844	0.18251	0.02447	0.18717	0.03396	0.07435	0.03404	0.02229	0.02783	0.01727	0.00982	0.01089	0.00325	0.01390	0.01023	0.00576	0.07604
2	0.08856	0.02059	0.02208	0.01983	0.02559	0.02299	0.01543	0.04925	0.38114	0.10749	0.04183	0.09458	0.03337	0.01564	0.01063	0.00359	0.00821	0.01302	0.01057	0.01561
3	0.03806	0.01649	0.02183	0.01717	0.02403	0.01424	0.01374	0.04195	0.02806	0.40305	0.10211	0.04290	0.03531	0.06907	0.01448	0.00374	0.00850	0.01168	0.01164	0.08197
4	0.09530	0.14953	0.03217	0.02330	0.07431	0.02525	0.04074	0.09494	0.07888	0.10259	0.13987	0.03721	0.03622	0.01330	0.00989	0.00309	0.00954	0.01090	0.00871	0.01427
5	0.09244	0.07923	0.03367	0.30063	0.12279	0.07225	0.02515	0.09137	0.02550	0.03464	0.01879	0.02474	0.01459	0.01049	0.00974	0.00322	0.01316	0.00851	0.00572	0.01338
6	0.01660	0.00956	0.01095	0.01207	0.01369	0.00928	0.00849	0.02012	0.02129	0.03376	0.04532	0.30447	0.04660	0.02179	0.01017	0.00330	0.00548	0.01905	0.37871	0.00928
7	0.02617	0.02072	0.03167	0.30695	0.15589	0.02308	0.02563	0.09729	0.02726	0.08832	0.07063	0.03275	0.02405	0.01187	0.01073	0.00336	0.01214	0.01041	0.00704	0.01404
8	0.02343	0.03914	0.26977	0.03871	0.05141	0.02585	0.32733	0.03371	0.02389	0.03371	0.02041	0.02601	0.01497	0.00937	0.01149	0.00348	0.01693	0.01059	0.00499	0.01481
9	0.02374	0.09422	0.40404	0.02709	0.03987	0.02596	0.03228	0.09846	0.02543	0.03638	0.02040	0.02418	0.01530	0.01709	0.06622	0.00457	0.01598	0.00821	0.00541	0.01517
10	0.01510	0.01133	0.01699	0.01699	0.01888	0.01322	0.01322	0.01888	0.01699	0.02454	0.02832	0.04154	0.02643	0.07930	0.58652	0.01699	0.02832	0.01133	0.00566	0.00944
11	0.01701	0.00995	0.01133	0.01212	0.01415	0.00964	0.00894	0.02098	0.02237	0.03509	0.07711	0.20763	0.07383	0.02049	0.01014	0.00324	0.00563	0.05206	0.37881	0.00946
12	0.01519	0.01017	0.01159	0.01177	0.01181	0.01013	0.00666	0.01533	0.01574	0.02098	0.03516	0.10998	0.04076	0.58446	0.05084	0.00981	0.00995	0.01646	0.00666	0.00657
13	0.01405	0.01056	0.01322	0.01449	0.01664	0.00972	0.01102	0.01730	0.02372	0.03081	0.14574	0.27781	0.20948	0.02872	0.01332	0.00408	0.00658	0.13353	0.01007	0.00916
14	0.02445	0.01871	0.02218	0.01597	0.02525	0.01424	0.01283	0.02909	0.02275	0.08740	0.02106	0.02332	0.01670	0.00835	0.00811	0.00173	0.00795	0.00670	0.00694	0.62629
15	0.03377	0.02748	0.15567	0.09493	0.03889	0.01930	0.05997	0.04055	0.02608	0.28574	0.02984	0.02991	0.01993	0.01124	0.01035	0.00317	0.01170	0.00953	0.00880	0.08316
16	0.02334	0.02188	0.03676	0.18431	0.38076	0.02288	0.02896	0.02964	0.02411	0.03375	0.08572	0.03314	0.02634	0.01119	0.01074	0.00325	0.01199	0.01061	0.00590	0.01475
17	0.01489	0.01096	0.01403	0.01371	0.01634	0.01010	0.01058	0.01955	0.02846	0.03921	0.43461	0.08701	0.15677	0.02325	0.01274	0.00355	0.00562	0.07766	0.01116	0.00981
18	0.02490	0.02383	0.04063	0.17485	0.46241	0.02479	0.03182	0.03134	0.02348	0.03300	0.01966	0.02658	0.01621	0.00966	0.01049	0.00322	0.01287	0.00942	0.00512	0.01573
19	0.02372	0.26100	0.38933	0.02585	0.03914	0.03070	0.03161	0.03284	0.02202	0.03042	0.01745	0.02042	0.01346	0.00969	0.00889	0.00296	0.01409	0.00704	0.00449	0.01489
20	0.01990	0.01273	0.01622	0.01490	0.01828	0.01214	0.01131	0.02696	0.07938	0.10623	0.40272	0.11392	0.08168	0.02079	0.01216	0.00342	0.00591	0.01826	0.01158	0.01151
21	0.01839	0.01659	0.01874	0.01837	0.02074	0.09043	0.01419	0.02203	0.01874	0.02472	0.02671	0.03851	0.02471	0.07008	0.50874	0.01507	0.02707	0.01072	0.00563	0.00982
22	0.01288	0.00920	0.01227	0.01472	0.01534	0.00859	0.00981	0.01472	0.02024	0.02699	0.05828	0.62152	0.06993	0.03312	0.01350	0.00429	0.00613	0.03006	0.00981	0.00859
23	0.01860	0.01243	0.01674	0.01580	0.01818	0.01263	0.01198	0.02250	0.02579	0.08959	0.31427	0.18262	0.07324	0.02630	0.04847	0.00446	0.06625	0.01917	0.01036	0.01061
24	0.02255	0.02194	0.03190	0.03143	0.09874	0.02903	0.02316	0.02558	0.01735	0.02656	0.01648	0.02582	0.01582	0.02482	0.09988	0.00596	0.45662	0.00953	0.00484	0.01200
25	0.01328	0.00991	0.01236	0.01350	0.01521	0.00899	0.00946	0.01604	0.02335	0.03092	0.18508	0.37996	0.18524	0.02904	0.01304	0.00391	0.00569	0.02580	0.01024	0.00899
26	0.01316	0.00942	0.01252	0.01453	0.01540	0.00878	0.00984	0.01543	0.02155	0.02907	0.12549	0.54838	0.07395	0.03157	0.01336	0.00416	0.00598	0.02858	0.01006	0.00878
27	0.12053	0.02949	0.15048	0.16855	0.14547	0.02473	0.08910	0.03371	0.07318	0.03528	0.02115	0.02612	0.01609	0.01030	0.01011	0.00339	0.01318	0.00917	0.00569	0.01428
28	0.02427	0.02978	0.16446	0.08740	0.04387	0.02259	0.19470	0.07162	0.02723	0.06891	0.12287	0.03673	0.03174	0.01228	0.01146	0.00342	0.01351	0.01199	0.00714	0.01405

[dist]
# distance from previous block
# <min> <max>
0	1

[block]
# block no. 4 follows, 13 sequences, length 133
# corresponding to MSA columns:
# 1058-1190
name=unknown_E
#
# <colnr> <probs for GDERKNQSTAVLIFYWHMCP>
#	G	D	E	R	K	N	Q	S	T	A	V	L	I	F	Y	W	H	M	C	P
0	0.01692	0.01116	0.01561	0.07203	0.02234	0.01093	0.01268	0.01982	0.02198	0.07476	0.07965	0.45186	0.06179	0.02835	0.01299	0.00412	0.00732	0.05614	0.00970	0.00985
1	0.06763	0.03004	0.21386	0.02249	0.03214	0.01833	0.05590	0.03041	0.02357	0.09098	0.08334	0.09314	0.03052	0.01351	0.01022	0.00309	0.01087	0.01154	0.00726	0.15115
2	0.03252	0.11170	0.12614	0.02251	0.03093	0.07951	0.02097	0.14288	0.07485	0.14095	0.03002	0.08868	0.02438	0.01392	0.01021	0.00321	0.01165	0.01101	0.00861	0.01534
3	0.02152	0.01802	0.02024	0.08583	0.02607	0.07584	0.01487	0.07543	0.02380	0.03066	0.08602	0.18494	0.03986	0.06338	0.02142	0.12969	0.04937	0.01571	0.00751	0.00982
4	0.15595	0.08617	0.09402	0.07855	0.25710	0.02689	0.05490	0.06430	0.02401	0.03754	0.01868	0.02337	0.01494	0.00979	0.00945	0.00315	0.01226	0.00836	0.00566	0.01492
5	0.02203	0.01437	0.01679	0.01508	0.01914	0.01413	0.01162	0.08042	0.07369	0.09661	0.23402	0.10472	0.14138	0.01979	0.01144	0.00334	0.00655	0.01688	0.08603	0.01197
6	0.02343	0.02102	0.03204	0.42293	0.11491	0.02495	0.02735	0.08355	0.08077	0.03384	0.02222	0.02890	0.01674	0.01108	0.01058	0.00345	0.01306	0.00969	0.00603	0.01346
7	0.03590	0.02732	0.03173	0.14723	0.04129	0.03081	0.02206	0.42098	0.04364	0.05822	0.02398	0.02598	0.01716	0.01224	0.01058	0.00325	0.01216	0.00949	0.00933	0.01666
8	0.03823	0.01834	0.02306	0.01883	0.02582	0.01734	0.01544	0.09150	0.08463	0.36292	0.04841	0.04943	0.08519	0.01601	0.01118	0.00346	0.00886	0.05320	0.01197	0.01619
9	0.01299	0.01087	0.01139	0.01166	0.01510	0.00928	0.00900	0.01590	0.02413	0.02889	0.10160	0.10364	0.50455	0.02704	0.01272	0.00371	0.00583	0.07288	0.00981	0.00901
10	0.01348	0.01075	0.01207	0.01174	0.01488	0.00934	0.00880	0.01707	0.02641	0.03405	0.28551	0.09272	0.37635	0.02473	0.01249	0.00347	0.00521	0.02105	0.01054	0.00934
11	0.01538	0.01025	0.01153	0.01153	0.01153	0.01025	0.00641	0.01538	0.01538	0.02050	0.03331	0.06919	0.03844	0.62842	0.05382	0.01025	0.01025	0.01538	0.00641	0.00641
12	0.02851	0.01763	0.02001	0.01736	0.02267	0.01851	0.01365	0.07477	0.21446	0.15260	0.11141	0.04330	0.03831	0.01453	0.01020	0.00320	0.00746	0.01204	0.16480	0.01457
13	0.25239	0.02311	0.02466	0.08054	0.03156	0.02504	0.01697	0.20936	0.03135	0.10535	0.02222	0.02375	0.01605	0.01105	0.00897	0.00308	0.01008	0.00804	0.00844	0.08798
14	0.02630	0.02271	0.02391	0.02152	0.02749	0.02630	0.01674	0.05618	0.54336	0.04423	0.04303	0.03945	0.03228	0.01434	0.01076	0.00359	0.00837	0.01195	0.01076	0.01674
15	0.01684	0.01097	0.01289	0.05489	0.01821	0.01070	0.00990	0.02146	0.02475	0.03708	0.20017	0.06317	0.15884	0.01793	0.01017	0.00302	0.00571	0.01513	0.29831	0.00983
16	0.02162	0.02120	0.03867	0.32659	0.15067	0.02339	0.13327	0.02858	0.02204	0.02955	0.02055	0.02931	0.01628	0.01727	0.07178	0.00489	0.01612	0.01026	0.00503	0.01293
17	0.31818	0.02591	0.02804	0.03221	0.18553	0.06754	0.02012	0.13255	0.02710	0.04588	0.01854	0.02166	0.01451	0.01036	0.00875	0.00317	0.01099	0.00767	0.00689	0.01441
18	0.02153	0.01039	0.01082	0.01044	0.01328	0.01023	0.00793	0.02640	0.02270	0.07429	0.03497	0.03919	0.02704	0.01237	0.00760	0.00252	0.00519	0.00991	0.64280	0.01039
19	0.02347	0.03341	0.20752	0.03001	0.03746	0.02712	0.10336	0.06604	0.02273	0.03292	0.02155	0.03313	0.01889	0.01496	0.01977	0.00397	0.22872	0.05578	0.00562	0.01356
20	0.01365	0.00992	0.01304	0.01526	0.01651	0.00931	0.01104	0.01616	0.02141	0.02804	0.06254	0.47410	0.11525	0.03175	0.01361	0.00434	0.00676	0.11867	0.00980	0.00884
21	0.01311	0.00937	0.01247	0.01457	0.01539	0.00874	0.00983	0.01529	0.02129	0.02865	0.11203	0.56302	0.07315	0.03188	0.01338	0.00419	0.00601	0.02888	0.01001	0.00874
22	0.03654	0.02770	0.03455	0.02931	0.07905	0.03051	0.05844	0.36395	0.04086	0.09019	0.02448	0.02614	0.01784	0.01277	0.01326	0.00336	0.07509	0.00977	0.00927	0.01692
23	0.08438	0.02372	0.12920	0.02293	0.02814	0.01948	0.07179	0.02440	0.02122	0.03230	0.08806	0.21957	0.04084	0.02003	0.01580	0.00389	0.11883	0.01666	0.00726	0.01150
