[name]
unknown

[dist]
# distance from previous block
# <min> <max>
0	35

[block]
# block no. 0 follows, 11 sequences, length 21
# corresponding to MSA columns:
# 35-55
name=unknown_A
#
# <colnr> <probs for GDERKNQSTAVLIFYWHMCP>
#	G	D	E	R	K	N	Q	S	T	A	V	L	I	F	Y	W	H	M	C	P
0	0.02543	0.07094	0.02614	0.02150	0.02717	0.02530	0.01742	0.04794	0.34584	0.04277	0.08455	0.05860	0.04391	0.01826	0.01198	0.00392	0.00915	0.09280	0.01077	0.01561
1	0.01557	0.01123	0.01472	0.01441	0.01674	0.01038	0.01059	0.02034	0.03019	0.04247	0.45261	0.16735	0.10104	0.02500	0.01345	0.00371	0.00551	0.02224	0.01207	0.01038
2	0.01587	0.01099	0.01213	0.01213	0.01275	0.01068	0.00710	0.01633	0.01788	0.02322	0.04822	0.07928	0.12026	0.51096	0.05015	0.00976	0.01007	0.01757	0.00741	0.00726
3	0.01523	0.01148	0.01407	0.01342	0.01638	0.01032	0.01007	0.01988	0.03020	0.04120	0.41752	0.09056	0.21944	0.02448	0.01328	0.00361	0.00541	0.02126	0.01187	0.01032
4	0.02313	0.02192	0.03715	0.43288	0.20737	0.02550	0.03219	0.03040	0.02339	0.03104	0.02034	0.02940	0.01581	0.01090	0.01122	0.00363	0.01454	0.01001	0.00516	0.01402
5	0.35852	0.03434	0.02463	0.02150	0.02839	0.21097	0.01698	0.11243	0.02903	0.04590	0.01811	0.02040	0.01411	0.01134	0.00876	0.00326	0.01330	0.00715	0.00726	0.01361
6	0.01464	0.01089	0.01364	0.01414	0.01633	0.00989	0.01015	0.01831	0.02708	0.03656	0.28546	0.26579	0.17912	0.02832	0.01366	0.00395	0.00581	0.02504	0.01134	0.00989
7	0.03406	0.12059	0.03247	0.02011	0.02957	0.02545	0.01699	0.15877	0.03261	0.12619	0.02512	0.02588	0.01878	0.01084	0.00942	0.00254	0.01023	0.00824	0.00877	0.28336
8	0.02263	0.01373	0.01796	0.01653	0.01849	0.01466	0.01182	0.02460	0.01951	0.10930	0.03380	0.05600	0.03322	0.32210	0.17864	0.01104	0.06430	0.01386	0.00763	0.01016
9	0.14111	0.32287	0.04308	0.02021	0.02917	0.03659	0.01838	0.14725	0.03035	0.08703	0.02096	0.02206	0.01641	0.01108	0.00852	0.00291	0.01136	0.00750	0.00753	0.01563
10	0.02691	0.01512	0.01907	0.01694	0.02125	0.01497	0.01305	0.03505	0.10794	0.15692	0.19851	0.05410	0.05368	0.02437	0.04871	0.08597	0.00894	0.01429	0.07117	0.01306
11	0.02916	0.29020	0.04033	0.02111	0.02865	0.07445	0.01826	0.04422	0.22241	0.03618	0.06371	0.03249	0.02889	0.01299	0.00957	0.00309	0.01093	0.00982	0.00810	0.01543
12	0.03091	0.38703	0.15382	0.02382	0.03414	0.14270	0.02434	0.03633	0.02484	0.02858	0.01693	0.01967	0.01442	0.01024	0.00852	0.00274	0.01462	0.00673	0.00500	0.01462
13	0.03201	0.08968	0.20390	0.03898	0.18446	0.02744	0.03077	0.09464	0.02922	0.12529	0.02500	0.02731	0.01823	0.01129	0.01068	0.00336	0.01354	0.00934	0.00735	0.01752
14	0.03593	0.18319	0.04937	0.02977	0.03965	0.03097	0.17422	0.11608	0.03129	0.16060	0.02676	0.02842	0.01930	0.01126	0.01086	0.00328	0.01378	0.01035	0.00835	0.01659
15	0.01466	0.01026	0.01301	0.01457	0.01522	0.00978	0.00943	0.01636	0.02098	0.02821	0.09555	0.40310	0.06771	0.19601	0.02647	0.00628	0.00767	0.02653	0.00959	0.00861
16	0.13025	0.04070	0.29209	0.02963	0.04159	0.02503	0.10677	0.03548	0.06272	0.03843	0.02563	0.07593	0.02131	0.01299	0.01090	0.00370	0.01422	0.01122	0.00631	0.01511
17	0.03543	0.08911	0.19220	0.03134	0.09804	0.07221	0.02787	0.11552	0.03134	0.15997	0.02652	0.02744	0.01875	0.01182	0.01064	0.00333	0.01378	0.00924	0.00818	0.01729
18	0.02930	0.01526	0.01984	0.01749	0.02195	0.01482	0.01331	0.03536	0.07050	0.21454	0.11386	0.09452	0.04580	0.12598	0.10848	0.00720	0.01221	0.01531	0.01075	0.01349
19	0.01631	0.01098	0.01261	0.01251	0.01283	0.01088	0.00728	0.01696	0.01826	0.02467	0.09558	0.07493	0.04888	0.53352	0.05192	0.01001	0.01023	0.01685	0.00750	0.00728
20	0.10212	0.02953	0.03152	0.02436	0.03315	0.03239	0.02012	0.41494	0.04799	0.11102	0.02753	0.02723	0.01928	0.01327	0.01087	0.00340	0.01180	0.00987	0.01110	0.01851

[dist]
# distance from previous block
# <min> <max>
0	1

[block]
# block no. 1 follows, 11 sequences, length 16
# corresponding to MSA columns:
# 57-72
name=unknown_B
#
# <colnr> <probs for GDERKNQSTAVLIFYWHMCP>
#	G	D	E	R	K	N	Q	S	T	A	V	L	I	F	Y	W	H	M	C	P
0	0.02877	0.26385	0.24621	0.02553	0.03681	0.03308	0.02840	0.03610	0.02365	0.08693	0.02053	0.02325	0.01588	0.01160	0.01222	0.00325	0.07461	0.00792	0.00581	0.01560
1	0.01541	0.01130	0.01331	0.01291	0.01505	0.01043	0.00896	0.01851	0.02566	0.03446	0.27718	0.08695	0.19161	0.19938	0.02653	0.00582	0.00709	0.02000	0.01023	0.00920
2	0.68395	0.02177	0.01654	0.01480	0.02177	0.02525	0.01219	0.03309	0.01915	0.05050	0.01567	0.01828	0.01219	0.01045	0.00697	0.00348	0.00871	0.00609	0.00697	0.01219
3	0.02220	0.01879	0.02212	0.01655	0.02544	0.01431	0.01299	0.02684	0.02313	0.03573	0.02500	0.09147	0.02353	0.01153	0.00905	0.00201	0.00812	0.00968	0.00712	0.59440
4	0.01543	0.01149	0.01435	0.01363	0.01651	0.01041	0.01023	0.02027	0.03068	0.04233	0.44933	0.08870	0.18691	0.02406	0.01328	0.00359	0.00538	0.02100	0.01202	0.01041
5	0.02823	0.02577	0.04134	0.18320	0.36210	0.02739	0.03207	0.09296	0.02842	0.03930	0.02165	0.02826	0.01733	0.01077	0.01118	0.00344	0.01363	0.01004	0.00617	0.01674
6	0.02834	0.04031	0.19663	0.10952	0.10836	0.10134	0.13897	0.07469	0.02804	0.03682	0.02106	0.02636	0.01586	0.01077	0.01139	0.00351	0.01673	0.00988	0.00579	0.01562
7	0.03389	0.01617	0.01884	0.01574	0.02127	0.01572	0.01258	0.09686	0.03034	0.21663	0.03809	0.03878	0.02726	0.01344	0.00949	0.00301	0.00765	0.01073	0.35894	0.01457
8	0.01744	0.01053	0.01308	0.01308	0.01308	0.01053	0.00781	0.01580	0.01580	0.02106	0.03012	0.06042	0.03375	0.41477	0.05283	0.23289	0.01053	0.01416	0.00617	0.00617
9	0.01575	0.01190	0.01473	0.01577	0.01777	0.01158	0.01114	0.02183	0.07841	0.03459	0.16975	0.37917	0.11553	0.02973	0.01371	0.00419	0.00645	0.02656	0.01100	0.01046
10	0.02346	0.01303	0.01731	0.01566	0.01944	0.01178	0.01194	0.02817	0.03074	0.15525	0.36476	0.13366	0.08483	0.02239	0.01296	0.00365	0.00641	0.01968	0.01251	0.01237
11	0.02912	0.02206	0.03621	0.30137	0.21875	0.02393	0.02948	0.03574	0.02542	0.13112	0.02513	0.03091	0.01843	0.01137	0.01123	0.00356	0.01341	0.01027	0.00692	0.01555
12	0.09864	0.03579	0.24721	0.10438	0.04460	0.02302	0.08909	0.03116	0.02413	0.03695	0.08011	0.07966	0.02978	0.01402	0.01127	0.00369	0.01368	0.01226	0.00650	0.01405
13	0.20571	0.02378	0.03427	0.10474	0.28752	0.02496	0.02609	0.03589	0.02432	0.09856	0.02228	0.02675	0.01718	0.01073	0.01006	0.00344	0.01186	0.00912	0.00686	0.01588
14	0.50801	0.02310	0.02436	0.02936	0.15919	0.02565	0.01818	0.03348	0.02089	0.04682	0.01715	0.02085	0.01370	0.01034	0.00809	0.00345	0.00996	0.00715	0.00659	0.01370
15	0.02848	0.11201	0.10853	0.03356	0.09684	0.02964	0.11594	0.08944	0.13962	0.04105	0.02675	0.02922	0.02057	0.01138	0.01081	0.00330	0.01315	0.01023	0.00743	0.07203

[dist]
# distance from previous block
# <min> <max>
0	2

[block]
# block no. 2 follows, 11 sequences, length 41
# corresponding to MSA columns:
# 75-115
name=unknown_C
#
# <colnr> <probs for GDERKNQSTAVLIFYWHMCP>
#	G	D	E	R	K	N	Q	S	T	A	V	L	I	F	Y	W	H	M	C	P
0	0.02489	0.02241	0.03126	0.03645	0.19455	0.02316	0.02219	0.03575	0.12613	0.03899	0.09778	0.03752	0.03330	0.01371	0.01385	0.00330	0.07464	0.01135	0.00792	0.15087
1	0.02653	0.02500	0.03431	0.08718	0.03530	0.03352	0.02492	0.08582	0.02224	0.03273	0.01686	0.02549	0.01534	0.01803	0.03101	0.00461	0.45228	0.00990	0.00572	0.01318
2	0.02331	0.02211	0.03748	0.41880	0.22002	0.02555	0.03228	0.03056	0.02348	0.03126	0.02037	0.02934	0.01589	0.01087	0.01122	0.00362	0.01449	0.01001	0.00518	0.01416
3	0.68395	0.02177	0.01654	0.01480	0.02177	0.02525	0.01219	0.03309	0.01915	0.05050	0.01567	0.01828	0.01219	0.01045	0.00697	0.00348	0.00871	0.00609	0.00697	0.01219
4	0.01683	0.01109	0.01323	0.01323	0.01393	0.01149	0.00838	0.01822	0.01753	0.02495	0.03455	0.06422	0.03701	0.43415	0.15179	0.01141	0.01410	0.01485	0.08116	0.00788
5	0.68395	0.02177	0.01654	0.01480	0.02177	0.02525	0.01219	0.03309	0.01915	0.05050	0.01567	0.01828	0.01219	0.01045	0.00697	0.00348	0.00871	0.00609	0.00697	0.01219
6	0.01627	0.01131	0.01431	0.01431	0.01501	0.01202	0.00936	0.01767	0.01697	0.02333	0.03360	0.06336	0.03645	0.42253	0.23309	0.01342	0.01764	0.01486	0.00654	0.00795
7	0.01593	0.01150	0.01504	0.01416	0.01681	0.01062	0.01062	0.02124	0.03186	0.04513	0.52830	0.08407	0.10620	0.02301	0.01327	0.00354	0.00531	0.02035	0.01239	0.01062
8	0.02589	0.02575	0.04562	0.04198	0.14480	0.02619	0.21704	0.03983	0.14996	0.03779	0.02925	0.03455	0.02303	0.02042	0.08052	0.00549	0.01663	0.01231	0.00718	0.01576
9	0.01633	0.01107	0.01309	0.01309	0.01337	0.01135	0.00783	0.01689	0.01661	0.02242	0.03472	0.06955	0.03914	0.53201	0.12729	0.01191	0.01359	0.01577	0.00671	0.00727
10	0.04833	0.02264	0.02828	0.02168	0.03047	0.02171	0.01791	0.17928	0.03804	0.40937	0.03951	0.03513	0.02541	0.01381	0.01130	0.00345	0.01037	0.01098	0.01318	0.01915
11	0.01455	0.01080	0.01370	0.01531	0.01716	0.00996	0.01118	0.01759	0.02437	0.03194	0.13355	0.36155	0.17141	0.03166	0.01417	0.00436	0.00675	0.08972	0.01069	0.00958
12	0.03450	0.02250	0.03521	0.03086	0.10568	0.01964	0.10287	0.04031	0.02749	0.22163	0.02960	0.03071	0.02101	0.01083	0.01071	0.00295	0.01140	0.01003	0.00900	0.22310
13	0.02484	0.11201	0.45884	0.03033	0.04569	0.02865	0.03783	0.06978	0.02584	0.03735	0.02025	0.02343	0.01464	0.01080	0.01039	0.00343	0.01585	0.00822	0.00524	0.01660
14	0.03009	0.61122	0.05898	0.01926	0.02889	0.04454	0.01926	0.03370	0.02287	0.02648	0.01565	0.01805	0.01444	0.00963	0.00722	0.00241	0.01204	0.00602	0.00481	0.01444
15	0.04556	0.01806	0.02454	0.01919	0.02703	0.01570	0.01570	0.05005	0.03216	0.47102	0.11356	0.04485	0.03906	0.01523	0.01160	0.00349	0.00897	0.01261	0.01371	0.01793
16	0.02808	0.03971	0.28675	0.14434	0.05200	0.02434	0.08565	0.03793	0.02543	0.13090	0.02507	0.02858	0.01733	0.01129	0.01122	0.00361	0.01521	0.00980	0.00666	0.01610
17	0.02736	0.03067	0.15786	0.31660	0.06001	0.02562	0.03099	0.09155	0.02763	0.09012	0.02351	0.02899	0.01670	0.01168	0.01112	0.00363	0.01450	0.00975	0.00667	0.01504
18	0.05050	0.01915	0.02612	0.02003	0.02873	0.01654	0.01654	0.05485	0.03221	0.54203	0.04440	0.03831	0.02786	0.01393	0.01132	0.00348	0.00958	0.01132	0.01393	0.01915
19	0.02300	0.01268	0.01650	0.01517	0.01874	0.01157	0.01150	0.02763	0.02962	0.14130	0.31583	0.14404	0.07828	0.02196	0.01250	0.00358	0.00633	0.01923	0.07844	0.01209
20	0.07893	0.03088	0.14308	0.03433	0.11011	0.02355	0.11025	0.04344	0.06173	0.20492	0.03030	0.03126	0.02105	0.01176	0.01123	0.00356	0.01317	0.01061	0.00870	0.01715
21	0.02878	0.07449	0.19665	0.03531	0.14819	0.06434	0.02857	0.06642	0.02729	0.08979	0.02892	0.10775	0.02547	0.01459	0.01115	0.00351	0.01339	0.01230	0.00725	0.01586
22	0.02771	0.02354	0.02311	0.02104	0.02542	0.09675	0.01596	0.18003	0.03385	0.04344	0.07205	0.25318	0.04632	0.02735	0.05130	0.00483	0.01203	0.01904	0.00987	0.01318
23	0.16657	0.06945	0.03015	0.02810	0.09147	0.13986	0.02028	0.08606	0.02785	0.03971	0.02450	0.03716	0.02230	0.01436	0.01196	0.00348	0.05066	0.07222	0.00721	0.05666
24	0.37451	0.02445	0.02674	0.03028	0.14913	0.02711	0.01938	0.09408	0.07740	0.04934	0.02162	0.02422	0.01678	0.01124	0.00899	0.00347	0.01032	0.00826	0.00764	0.01503
25	0.02482	0.01909	0.02586	0.03066	0.14943	0.01940	0.01910	0.06369	0.09722	0.07185	0.09490	0.06459	0.09372	0.09167	0.01803	0.00470	0.01005	0.07788	0.00940	0.01395
26	0.02858	0.08186	0.23134	0.03872	0.15884	0.02797	0.06324	0.07180	0.07894	0.07363	0.02512	0.02792	0.01872	0.01128	0.01088	0.00345	0.01407	0.00969	0.00682	0.01713
27	0.01438	0.01056	0.01358	0.01538	0.01693	0.00976	0.01097	0.01721	0.02386	0.03152	0.12735	0.41586	0.14248	0.03235	0.01420	0.00439	0.00665	0.07239	0.01068	0.00950
28	0.22247	0.10403	0.10511	0.02793	0.10065	0.08288	0.02226	0.03932	0.02513	0.13880	0.02298	0.02457	0.01691	0.01114	0.00932	0.00328	0.01231	0.00811	0.00745	0.01537
29	0.68395	0.02177	0.01654	0.01480	0.02177	0.02525	0.01219	0.03309	0.01915	0.05050	0.01567	0.01828	0.01219	0.01045	0.00697	0.00348	0.00871	0.00609	0.00697	0.01219
30	0.02126	0.02001	0.03376	0.57739	0.07752	0.02501	0.03126	0.02876	0.02251	0.02876	0.02001	0.03001	0.01500	0.01125	0.01125	0.00375	0.01500	0.01000	0.00500	0.01250
31	0.03070	0.02551	0.04096	0.05776	0.41422	0.02561	0.03041	0.03993	0.08155	0.10093	0.02685	0.03076	0.02094	0.01111	0.01120	0.00341	0.01239	0.01049	0.00728	0.01799
32	0.01388	0.01042	0.01288	0.01439	0.01610	0.00942	0.00998	0.01649	0.02388	0.03121	0.13347	0.40812	0.19483	0.03201	0.01396	0.00425	0.00617	0.02844	0.01069	0.00942
33	0.19220	0.02418	0.03695	0.03578	0.13770	0.02474	0.13913	0.03848	0.08552	0.09171	0.02839	0.06754	0.02315	0.01276	0.01092	0.00365	0.01222	0.01183	0.00786	0.01530
34	0.01886	0.01233	0.01495	0.01381	0.01757	0.01088	0.01053	0.02316	0.02961	0.09578	0.32104	0.08784	0.25339	0.02401	0.01306	0.00363	0.00594	0.02059	0.01185	0.01117
35	0.02357	0.10839	0.24349	0.08721	0.04018	0.02524	0.02792	0.07920	0.02710	0.03744	0.07756	0.11212	0.03276	0.01568	0.01117	0.00356	0.01284	0.01301	0.00706	0.01448
36	0.10688	0.01687	0.02030	0.09782	0.02969	0.01866	0.01625	0.03209	0.14059	0.03935	0.12759	0.16854	0.05281	0.02124	0.01219	0.00402	0.00878	0.06406	0.00978	0.01247
37	0.04940	0.02092	0.02721	0.02086	0.02961	0.01917	0.01724	0.11800	0.03517	0.47471	0.04192	0.03670	0.02661	0.01387	0.01131	0.00347	0.00998	0.01115	0.01355	0.01915
38	0.02619	0.10583	0.03361	0.09068	0.15449	0.09075	0.02187	0.06439	0.02809	0.03564	0.09767	0.10284	0.06975	0.01637	0.01129	0.00340	0.01180	0.01390	0.00764	0.01380
39	0.02515	0.02872	0.10986	0.16768	0.25103	0.02516	0.03067	0.03559	0.07952	0.03596	0.02343	0.02887	0.01842	0.01081	0.01084	0.00334	0.01317	0.00973	0.00611	0.08595
40	0.02499	0.02437	0.04310	0.27640	0.29212	0.02622	0.08497	0.03233	0.02445	0.03338	0.02087	0.02903	0.01658	0.01047	0.01143	0.00356	0.01468	0.01038	0.00535	0.01533

[dist]
# distance from previous block
# <min> <max>
0	16

[block]
# block no. 3 follows, 11 sequences, length 13
# corresponding to MSA columns:
# 132-144
name=unknown_D
#
# <colnr> <probs for GDERKNQSTAVLIFYWHMCP>
#	G	D	E	R	K	N	Q	S	T	A	V	L	I	F	Y	W	H	M	C	P
0	0.12730	0.02322	0.09788	0.01950	0.02752	0.01762	0.01802	0.04008	0.02903	0.26701	0.16448	0.04541	0.04432	0.01536	0.01112	0.00351	0.00936	0.01252	0.01119	0.01554
1	0.21328	0.08423	0.02357	0.01599	0.02389	0.02114	0.01319	0.03035	0.05259	0.03922	0.03437	0.03556	0.09538	0.01262	0.00878	0.00273	0.00848	0.00944	0.00743	0.26776
2	0.11875	0.01755	0.02134	0.02432	0.09858	0.01835	0.01499	0.08967	0.02488	0.03728	0.03679	0.20201	0.03968	0.17864	0.02396	0.00577	0.00992	0.01748	0.00832	0.01172
3	0.22196	0.04008	0.28258	0.02981	0.09195	0.02499	0.02961	0.03668	0.02344	0.09055	0.02137	0.02403	0.01539	0.01087	0.00970	0.00351	0.01322	0.00814	0.00641	0.01570
4	0.02271	0.03753	0.26676	0.11313	0.11439	0.02389	0.03138	0.03387	0.07068	0.03378	0.02517	0.03474	0.02096	0.10275	0.01810	0.00472	0.01429	0.01048	0.00588	0.01480
5	0.11920	0.02091	0.02996	0.40957	0.06192	0.02550	0.02640	0.03418	0.09784	0.03476	0.02335	0.03014	0.01758	0.01176	0.01066	0.00372	0.01314	0.00985	0.00628	0.01328
6	0.13453	0.02554	0.03664	0.04740	0.31029	0.02618	0.02659	0.10296	0.02947	0.11763	0.02455	0.02779	0.01861	0.01116	0.01054	0.00339	0.01196	0.00963	0.00782	0.01734
7	0.02574	0.08251	0.04279	0.24392	0.32242	0.02790	0.03186	0.03241	0.02425	0.03291	0.02021	0.02764	0.01649	0.01042	0.01079	0.00339	0.01382	0.00962	0.00529	0.01561
8	0.02705	0.02365	0.03455	0.17134	0.21966	0.02584	0.02671	0.10600	0.09803	0.04071	0.02977	0.09263	0.02591	0.01437	0.01158	0.00365	0.01222	0.01283	0.00768	0.01581
9	0.08871	0.02221	0.03267	0.20738	0.19512	0.02267	0.02521	0.03081	0.02336	0.03558	0.01993	0.02629	0.01606	0.00996	0.00996	0.00300	0.01197	0.00867	0.00585	0.20458
10	0.09484	0.02060	0.03285	0.14433	0.08974	0.02084	0.09338	0.03637	0.02576	0.18076	0.03364	0.11861	0.02820	0.01526	0.01163	0.00374	0.01197	0.01390	0.00877	0.01480
11	0.15832	0.06173	0.16204	0.02953	0.08518	0.02703	0.05389	0.12723	0.02968	0.09444	0.02511	0.05324	0.01963	0.01253	0.01036	0.00349	0.01267	0.01006	0.00779	0.01607
12	0.26391	0.03045	0.12403	0.07691	0.03498	0.07508	0.02199	0.03633	0.02423	0.11121	0.02605	0.03547	0.02109	0.01345	0.00999	0.00365	0.01231	0.05735	0.00759	0.01396

[dist]
# distance from previous block
# <min> <max>
7	134

[block]
# block no. 4 follows, 11 sequences, length 6
# corresponding to MSA columns:
# 291-296
name=unknown_E
#
# <colnr> <probs for GDERKNQSTAVLIFYWHMCP>
#	G	D	E	R	K	N	Q	S	T	A	V	L	I	F	Y	W	H	M	C	P
0	0.31248	0.02252	0.02574	0.02778	0.12414	0.02400	0.01838	0.04239	0.09960	0.15812	0.02786	0.02831	0.02024	0.01189	0.00945	0.00351	0.00984	0.00906	0.00896	0.01572
1	0.03194	0.06191	0.12704	0.13091	0.04193	0.02366	0.02426	0.04377	0.11888	0.18297	0.03177	0.03229	0.02237	0.01236	0.01074	0.00341	0.01188	0.01009	0.00889	0.06894
2	0.02191	0.01359	0.01758	0.01572	0.01999	0.01188	0.01190	0.02637	0.02867	0.11728	0.28894	0.16792	0.07490	0.02185	0.01247	0.00346	0.00665	0.01923	0.01142	0.10828
3	0.02850	0.03818	0.24569	0.04071	0.18426	0.02620	0.03327	0.03681	0.02453	0.10850	0.02318	0.02721	0.01736	0.01236	0.01496	0.00370	0.10206	0.00949	0.00636	0.01668
4	0.03088	0.03954	0.22236	0.03622	0.13642	0.02936	0.03093	0.19047	0.08753	0.04878	0.02545	0.02764	0.01877	0.01200	0.01105	0.00349	0.01375	0.00973	0.00780	0.01782
5	0.02482	0.01825	0.02075	0.01767	0.02235	0.01879	0.01369	0.18200	0.03685	0.05004	0.26457	0.06631	0.11671	0.07667	0.01685	0.00423	0.00830	0.01686	0.01125	0.01303

[dist]
# distance from previous block
# <min> <max>
0	18

[block]
# block no. 5 follows, 11 sequences, length 9
# corresponding to MSA columns:
# 315-323
name=unknown_F
#
# <colnr> <probs for GDERKNQSTAVLIFYWHMCP>
#	G	D	E	R	K	N	Q	S	T	A	V	L	I	F	Y	W	H	M	C	P
0	0.01840	0.02005	0.09172	0.01848	0.02380	0.01533	0.01686	0.02790	0.09290	0.03967	0.24468	0.08106	0.14855	0.02249	0.01304	0.00389	0.00829	0.09017	0.01052	0.01220
1	0.03000	0.04048	0.18086	0.08826	0.11796	0.11536	0.11978	0.10110	0.02987	0.03888	0.02131	0.02606	0.01609	0.01096	0.01129	0.00346	0.01648	0.00974	0.00615	0.01591
2	0.02697	0.01989	0.02371	0.01712	0.02695	0.01521	0.01377	0.03189	0.02453	0.10426	0.02327	0.02534	0.01817	0.00908	0.00873	0.00191	0.00850	0.00729	0.00764	0.58577
3	0.03481	0.01680	0.02136	0.01831	0.02406	0.01583	0.01468	0.08671	0.03119	0.26601	0.08635	0.12427	0.04330	0.01895	0.01179	0.00366	0.00858	0.05510	0.10315	0.01509
4	0.02464	0.10504	0.03296	0.02030	0.03039	0.02062	0.06499	0.02992	0.02361	0.03516	0.01968	0.02333	0.01640	0.00864	0.00870	0.00200	0.00999	0.00728	0.00630	0.51005
5	0.03478	0.24868	0.11534	0.02482	0.06879	0.02911	0.02226	0.04035	0.02623	0.19407	0.02627	0.02652	0.01914	0.01108	0.00942	0.00293	0.01171	0.00840	0.00793	0.07220
6	0.03051	0.21747	0.12608	0.03237	0.08179	0.03146	0.13368	0.03950	0.06412	0.10154	0.02469	0.02721	0.01868	0.01081	0.01037	0.00324	0.01388	0.00963	0.00682	0.01613
7	0.01637	0.01247	0.01528	0.01591	0.01822	0.01229	0.01139	0.02363	0.09484	0.03634	0.20222	0.32710	0.11447	0.02825	0.01354	0.00410	0.00644	0.02515	0.01117	0.01084
8	0.08222	0.07761	0.02265	0.09092	0.02790	0.01807	0.01544	0.02768	0.02526	0.07928	0.11688	0.10494	0.07786	0.01923	0.01127	0.00364	0.00881	0.07587	0.10259	0.01189

[dist]
# distance from previous block
# <min> <max>
0	1

[block]
# block no. 6 follows, 11 sequences, length 16
# corresponding to MSA columns:
# 325-340
name=unknown_G
#
# <colnr> <probs for GDERKNQSTAVLIFYWHMCP>
#	G	D	E	R	K	N	Q	S	T	A	V	L	I	F	Y	W	H	M	C	P
0	0.03118	0.09759	0.08999	0.03696	0.12157	0.02826	0.14702	0.12136	0.03078	0.09146	0.02766	0.07517	0.02287	0.01303	0.01151	0.00349	0.01384	0.01223	0.00774	0.01629
1	0.03478	0.01930	0.02549	0.02114	0.02571	0.02093	0.01685	0.07296	0.02628	0.24761	0.03332	0.04109	0.02650	0.12721	0.07287	0.00640	0.14548	0.01185	0.00967	0.01456
2	0.02514	0.02334	0.03816	0.05376	0.37087	0.02422	0.02908	0.03109	0.02554	0.03645	0.08322	0.04433	0.03263	0.01468	0.01442	0.00371	0.06913	0.05777	0.00679	0.01567
3	0.01361	0.01018	0.01266	0.01465	0.01606	0.00923	0.00999	0.01579	0.02253	0.02913	0.07449	0.47997	0.18354	0.03364	0.01411	0.00439	0.00633	0.03002	0.01045	0.00923
4	0.02357	0.02890	0.12508	0.30550	0.11223	0.02613	0.08527	0.03501	0.08102	0.03375	0.02350	0.03016	0.01767	0.01130	0.01140	0.00369	0.01486	0.01042	0.00585	0.01469
5	0.08111	0.02963	0.15394	0.25311	0.05314	0.02484	0.02906	0.03494	0.02362	0.11741	0.02323	0.02839	0.01671	0.01234	0.01334	0.00376	0.07082	0.00948	0.00658	0.01455
6	0.03009	0.61122	0.05898	0.01926	0.02889	0.04454	0.01926	0.03370	0.02287	0.02648	0.01565	0.01805	0.01444	0.00963	0.00722	0.00241	0.01204	0.00602	0.00481	0.01444
7	0.68395	0.02177	0.01654	0.01480	0.02177	0.02525	0.01219	0.03309	0.01915	0.05050	0.01567	0.01828	0.01219	0.01045	0.00697	0.00348	0.00871	0.00609	0.00697	0.01219
8	0.02648	0.01210	0.01340	0.01227	0.01602	0.01162	0.00948	0.03156	0.02521	0.13510	0.03815	0.04128	0.02866	0.01327	0.00851	0.00278	0.00605	0.01064	0.54531	0.01210
9	0.03278	0.02487	0.02993	0.02948	0.10737	0.02624	0.02037	0.13286	0.24022	0.10600	0.03536	0.03443	0.02617	0.01317	0.01099	0.00337	0.01025	0.01096	0.01024	0.09492
10	0.38479	0.02086	0.02351	0.20646	0.04151	0.02415	0.01917	0.03416	0.02182	0.10063	0.02051	0.02461	0.01498	0.01113	0.00893	0.00357	0.01095	0.00803	0.00711	0.01311
11	0.32955	0.09994	0.15999	0.02113	0.03122	0.02773	0.02171	0.07375	0.02469	0.08900	0.02030	0.02215	0.01494	0.01098	0.00869	0.00337	0.01151	0.00745	0.00711	0.01478
12	0.02771	0.01598	0.02028	0.01685	0.02240	0.01449	0.01327	0.06660	0.03254	0.17387	0.30654	0.06089	0.06901	0.01824	0.01204	0.00329	0.00730	0.01566	0.01203	0.09100
13	0.02236	0.01264	0.01669	0.01603	0.01909	0.01164	0.01196	0.02609	0.02729	0.13464	0.22927	0.20366	0.07290	0.08529	0.01792	0.00468	0.00744	0.05743	0.01147	0.01151
14	0.01411	0.01050	0.01271	0.01402	0.01560	0.00957	0.00954	0.01637	0.02294	0.02982	0.11387	0.36223	0.19347	0.09827	0.01896	0.00501	0.00671	0.02698	0.01020	0.00910
15	0.02095	0.01231	0.01575	0.01520	0.01851	0.01101	0.01126	0.02459	0.02753	0.12638	0.21904	0.24388	0.15737	0.02627	0.01328	0.00391	0.00653	0.02305	0.01170	0.01148

[dist]
# distance from previous block
# <min> <max>
4	81

[block]
# block no. 7 follows, 11 sequences, length 27
# corresponding to MSA columns:
# 425-451
name=unknown_H
#
# <colnr> <probs for GDERKNQSTAVLIFYWHMCP>
#	G	D	E	R	K	N	Q	S	T	A	V	L	I	F	Y	W	H	M	C	P
0	0.02404	0.16631	0.45091	0.02957	0.04484	0.02973	0.03722	0.03526	0.02359	0.03385	0.01931	0.02265	0.01429	0.01049	0.01001	0.00334	0.01574	0.00787	0.00476	0.01621
1	0.68395	0.02177	0.01654	0.01480	0.02177	0.02525	0.01219	0.03309	0.01915	0.05050	0.01567	0.01828	0.01219	0.01045	0.00697	0.00348	0.00871	0.00609	0.00697	0.01219
2	0.03924	0.01865	0.02383	0.01981	0.02638	0.01755	0.01568	0.11688	0.03272	0.32509	0.04634	0.18828	0.03908	0.01966	0.01214	0.00376	0.00921	0.01674	0.01255	0.01643
3	0.02685	0.02788	0.03595	0.08730	0.11765	0.09275	0.02655	0.03053	0.02080	0.02889	0.01662	0.02516	0.01527	0.01638	0.02720	0.00432	0.37184	0.00959	0.00514	0.01332
4	0.01883	0.01613	0.02207	0.01814	0.02417	0.01349	0.05772	0.02333	0.02504	0.03530	0.12573	0.16358	0.12970	0.01963	0.01166	0.00312	0.00807	0.01748	0.00889	0.25793
5	0.02786	0.02674	0.04568	0.06908	0.53424	0.02674	0.03454	0.03454	0.02563	0.03677	0.02117	0.02786	0.01783	0.01003	0.01114	0.00334	0.01337	0.01003	0.00557	0.01783
6	0.02704	0.02653	0.04804	0.19614	0.20939	0.02759	0.18103	0.07675	0.02764	0.03756	0.02192	0.02917	0.01694	0.01051	0.01188	0.00360	0.01554	0.01109	0.00599	0.01565
7	0.01984	0.01159	0.01672	0.01615	0.01615	0.01273	0.01121	0.01625	0.01512	0.02063	0.02049	0.03680	0.02100	0.08974	0.04442	0.53376	0.07599	0.01040	0.00507	0.00592
8	0.02126	0.02001	0.03376	0.57739	0.07752	0.02501	0.03126	0.02876	0.02251	0.02876	0.02001	0.03001	0.01500	0.01125	0.01125	0.00375	0.01500	0.01000	0.00500	0.01250
9	0.01532	0.01104	0.01450	0.01458	0.01668	0.01021	0.01057	0.01971	0.02903	0.04063	0.40028	0.22493	0.09748	0.02637	0.01357	0.00382	0.00564	0.02355	0.01186	0.01021
10	0.01356	0.01141	0.01176	0.01168	0.01536	0.00961	0.00876	0.01666	0.02627	0.03187	0.15511	0.10591	0.48767	0.02796	0.01330	0.00377	0.00566	0.02342	0.01064	0.00961
11	0.01501	0.01097	0.01410	0.01436	0.01651	0.01006	0.01037	0.01906	0.02813	0.03874	0.34694	0.24319	0.13616	0.02727	0.01361	0.00388	0.00572	0.02423	0.01161	0.01006
12	0.02126	0.02001	0.03376	0.57739	0.07752	0.02501	0.03126	0.02876	0.02251	0.02876	0.02001	0.03001	0.01500	0.01125	0.01125	0.00375	0.01500	0.01000	0.00500	0.01250
13	0.04204	0.05364	0.03190	0.02900	0.03480	0.55926	0.02175	0.04494	0.03190	0.02755	0.01740	0.02030	0.01450	0.01160	0.01015	0.00290	0.02030	0.00725	0.00580	0.01305
14	0.01371	0.00979	0.01306	0.01567	0.01632	0.00914	0.01045	0.01567	0.02155	0.02873	0.06203	0.59710	0.07444	0.03526	0.01437	0.00457	0.00653	0.03200	0.01045	0.00914
15	0.03221	0.02172	0.02564	0.01889	0.02846	0.01860	0.01533	0.11091	0.03006	0.14785	0.02625	0.02707	0.01941	0.01036	0.00944	0.00233	0.00926	0.00821	0.00894	0.42907
16	0.01637	0.01091	0.01228	0.01228	0.01228	0.01091	0.00682	0.01637	0.01637	0.02182	0.03546	0.07365	0.04092	0.60445	0.05729	0.01091	0.01091	0.01637	0.00682	0.00682
17	0.02993	0.03111	0.03982	0.04644	0.24629	0.12297	0.06847	0.04061	0.12130	0.03596	0.02472	0.02912	0.02005	0.01240	0.01419	0.00358	0.07993	0.01033	0.00670	0.01610
18	0.03677	0.01620	0.02121	0.01728	0.02387	0.01407	0.01390	0.04104	0.03095	0.34890	0.15445	0.06026	0.13498	0.01841	0.01207	0.00355	0.00801	0.01540	0.01299	0.01568
19	0.02940	0.02515	0.02832	0.02790	0.08133	0.02853	0.01987	0.09929	0.41970	0.04833	0.04149	0.03911	0.03121	0.01457	0.01140	0.00373	0.00970	0.01220	0.01083	0.01794
20	0.02306	0.05533	0.50025	0.03547	0.09323	0.02619	0.04094	0.03554	0.02393	0.03575	0.02029	0.02414	0.01459	0.01063	0.01073	0.00354	0.01633	0.00847	0.00483	0.01674
21	0.09990	0.02746	0.12451	0.03138	0.13603	0.02071	0.02390	0.04146	0.02794	0.24328	0.08159	0.03612	0.02968	0.01310	0.01093	0.00347	0.01116	0.01090	0.00964	0.01685
22	0.03854	0.19576	0.04225	0.02465	0.03332	0.03048	0.07366	0.11707	0.03110	0.21649	0.02840	0.02858	0.02027	0.01253	0.01229	0.00330	0.05563	0.00969	0.00919	0.01680
23	0.01377	0.01055	0.01263	0.01394	0.01595	0.00941	0.00976	0.01637	0.02405	0.03089	0.12505	0.36665	0.24735	0.03159	0.01387	0.00419	0.00611	0.02783	0.01063	0.00941
24	0.02119	0.02020	0.03518	0.49065	0.07153	0.02419	0.07069	0.02848	0.02280	0.02940	0.02323	0.07025	0.01940	0.01280	0.01165	0.00381	0.01475	0.01185	0.00545	0.01250
25	0.02782	0.10700	0.26243	0.03267	0.08521	0.02795	0.07550	0.04126	0.10817	0.08404	0.02662	0.02856	0.01955	0.01148	0.01077	0.00347	0.01407	0.00971	0.00692	0.01678
26	0.04586	0.01962	0.02567	0.02026	0.02818	0.01790	0.01648	0.10174	0.03351	0.43540	0.04420	0.09402	0.03161	0.01606	0.01162	0.00358	0.00959	0.01329	0.01327	0.01813

[dist]
# distance from previous block
# <min> <max>
1	5

[block]
# block no. 8 follows, 11 sequences, length 16
# corresponding to MSA columns:
# 458-473
name=unknown_I
#
# <colnr> <probs for GDERKNQSTAVLIFYWHMCP>
#	G	D	E	R	K	N	Q	S	T	A	V	L	I	F	Y	W	H	M	C	P
0	0.04138	0.02848	0.06940	0.02787	0.07586	0.02704	0.02214	0.24518	0.07796	0.21704	0.03316	0.03171	0.02271	0.01328	0.01124	0.00346	0.01159	0.01058	0.01118	0.01874
1	0.03083	0.02705	0.11818	0.02434	0.07036	0.01829	0.02083	0.03721	0.02597	0.17188	0.02667	0.02777	0.01933	0.01038	0.00977	0.00262	0.01052	0.00847	0.00819	0.33135
2	0.04252	0.01916	0.02472	0.01985	0.02745	0.01788	0.01608	0.05183	0.11728	0.39699	0.10074	0.04426	0.03809	0.01522	0.01157	0.00355	0.00896	0.01261	0.01331	0.01793
3	0.57203	0.02131	0.01823	0.01572	0.02300	0.02371	0.01296	0.03693	0.02146	0.13734	0.02075	0.02182	0.01496	0.01106	0.00773	0.00348	0.00886	0.00702	0.00820	0.01342
4	0.01637	0.01091	0.01228	0.01228	0.01228	0.01091	0.00682	0.01637	0.01637	0.02182	0.03546	0.07365	0.04092	0.60445	0.05729	0.01091	0.01091	0.01637	0.00682	0.00682
5	0.01593	0.01150	0.01504	0.01416	0.01681	0.01062	0.01062	0.02124	0.03186	0.04513	0.52830	0.08407	0.10620	0.02301	0.01327	0.00354	0.00531	0.02035	0.01239	0.01062
6	0.01955	0.00978	0.01466	0.01466	0.01466	0.00978	0.00978	0.01466	0.01466	0.01955	0.01955	0.03421	0.01955	0.03910	0.04399	0.67253	0.00978	0.00978	0.00489	0.00489
7	0.02586	0.29987	0.33326	0.02648	0.04005	0.03418	0.03183	0.03480	0.02337	0.03164	0.01821	0.02127	0.01434	0.01023	0.00918	0.00306	0.01463	0.00731	0.00478	0.01568
8	0.01465	0.01062	0.01350	0.01446	0.01604	0.00983	0.01001	0.01765	0.02498	0.03384	0.22202	0.33241	0.12633	0.07880	0.01754	0.00469	0.00641	0.02595	0.01080	0.00948
9	0.03470	0.03186	0.03226	0.07392	0.09439	0.12702	0.02266	0.18989	0.18467	0.04841	0.02978	0.03071	0.02247	0.01312	0.01110	0.00345	0.01309	0.01038	0.00917	0.01695
10	0.01454	0.01077	0.01357	0.01431	0.01632	0.00980	0.01018	0.01801	0.02645	0.03567	0.25997	0.30306	0.16773	0.02911	0.01374	0.00402	0.00589	0.02583	0.01123	0.00980
11	0.02222	0.01882	0.02215	0.01656	0.02547	0.01432	0.01300	0.02687	0.02313	0.03576	0.02488	0.08984	0.02337	0.01146	0.00903	0.00200	0.00813	0.00960	0.00711	0.59627
12	0.02107	0.01947	0.03003	0.37991	0.10125	0.02271	0.02623	0.03003	0.07085	0.03151	0.03921	0.04482	0.10805	0.01458	0.01162	0.00373	0.01263	0.01270	0.00664	0.01295
13	0.21636	0.28366	0.03984	0.02011	0.02860	0.07328	0.01791	0.13307	0.02887	0.04275	0.01820	0.02019	0.01482	0.01082	0.00822	0.00295	0.01176	0.00700	0.00686	0.01472
14	0.02789	0.01929	0.02866	0.02168	0.02905	0.01664	0.09713	0.03224	0.02399	0.14048	0.02972	0.04087	0.02544	0.16490	0.02259	0.00484	0.01115	0.01135	0.00808	0.24401
15	0.07859	0.23046	0.04002	0.02317	0.02944	0.03622	0.02017	0.10093	0.11206	0.03824	0.02233	0.02526	0.01853	0.01385	0.01625	0.00353	0.16012	0.00878	0.00707	0.01497

[dist]
# distance from previous block
# <min> <max>
0	1

[block]
# block no. 9 follows, 11 sequences, length 25
# corresponding to MSA columns:
# 475-499
name=unknown_J
#
# <colnr> <probs for GDERKNQSTAVLIFYWHMCP>
#	G	D	E	R	K	N	Q	S	T	A	V	L	I	F	Y	W	H	M	C	P
0	0.42336	0.13329	0.02952	0.02412	0.09367	0.07176	0.01729	0.03435	0.02174	0.04238	0.01655	0.01970	0.01355	0.01033	0.00783	0.00322	0.01088	0.00671	0.00629	0.01344
1	0.02451	0.02332	0.03963	0.32704	0.30247	0.02586	0.03288	0.03161	0.02404	0.03270	0.02058	0.02895	0.01639	0.01065	0.01120	0.00355	0.01420	0.01002	0.00528	0.01513
2	0.10594	0.01614	0.01930	0.01717	0.02287	0.01458	0.01354	0.02941	0.02490	0.12476	0.07456	0.17730	0.04434	0.01996	0.01142	0.00349	0.00824	0.07559	0.00975	0.18673
3	0.02500	0.02382	0.04052	0.28922	0.33644	0.02599	0.03312	0.03204	0.02428	0.03330	0.02067	0.02879	0.01661	0.01056	0.01119	0.00352	0.01408	0.01002	0.00532	0.01552
4	0.68395	0.02177	0.01654	0.01480	0.02177	0.02525	0.01219	0.03309	0.01915	0.05050	0.01567	0.01828	0.01219	0.01045	0.00697	0.00348	0.00871	0.00609	0.00697	0.01219
5	0.01637	0.01091	0.01228	0.01228	0.01228	0.01091	0.00682	0.01637	0.01637	0.02182	0.03546	0.07365	0.04092	0.60445	0.05729	0.01091	0.01091	0.01637	0.00682	0.00682
6	0.10941	0.01940	0.02523	0.01954	0.02808	0.01735	0.01614	0.05283	0.03100	0.49632	0.04173	0.03645	0.02640	0.01361	0.01091	0.00348	0.00950	0.01083	0.01328	0.01851
7	0.01637	0.01091	0.01228	0.01228	0.01228	0.01091	0.00682	0.01637	0.01637	0.02182	0.03546	0.07365	0.04092	0.60445	0.05729	0.01091	0.01091	0.01637	0.00682	0.00682
8	0.03239	0.01515	0.02032	0.01695	0.02249	0.01344	0.01344	0.03725	0.03203	0.28175	0.29787	0.06228	0.06890	0.01869	0.01234	0.00351	0.00734	0.01605	0.01312	0.01468
9	0.23408	0.02189	0.02379	0.01949	0.02728	0.02278	0.01589	0.08635	0.11857	0.26543	0.03466	0.03208	0.02366	0.01311	0.01004	0.00354	0.00943	0.00992	0.01118	0.01684
10	0.01631	0.01112	0.01334	0.01334	0.01371	0.01149	0.00815	0.01705	0.01668	0.02261	0.03449	0.06825	0.03857	0.50890	0.14962	0.01223	0.01445	0.01558	0.00667	0.00741
11	0.02497	0.02190	0.02619	0.02313	0.02921	0.02412	0.05522	0.04856	0.36266	0.04268	0.05448	0.05795	0.10301	0.01807	0.01223	0.00394	0.00943	0.05572	0.01075	0.01578
12	0.02540	0.01534	0.01631	0.01466	0.01911	0.01572	0.01141	0.08001	0.09416	0.08396	0.04909	0.05003	0.10318	0.01581	0.00979	0.00311	0.00689	0.01280	0.36030	0.01292
13	0.02630	0.02049	0.03257	0.12971	0.22946	0.02160	0.02515	0.03135	0.02438	0.10138	0.03313	0.16196	0.03167	0.01742	0.01403	0.00384	0.05787	0.01530	0.00770	0.01467
14	0.03855	0.02015	0.02710	0.02613	0.09514	0.01930	0.01811	0.11403	0.03150	0.27823	0.04040	0.04015	0.06462	0.01827	0.01632	0.10321	0.01026	0.01173	0.01074	0.01606
15	0.03111	0.30583	0.04501	0.02318	0.02911	0.03664	0.02084	0.03441	0.02218	0.10356	0.01961	0.02351	0.01657	0.01400	0.01883	0.00350	0.22333	0.00823	0.00621	0.01436
16	0.04970	0.02043	0.02691	0.02063	0.02937	0.01843	0.01704	0.10034	0.03435	0.49353	0.04261	0.03715	0.02696	0.01389	0.01131	0.00347	0.00987	0.01120	0.01366	0.01915
17	0.02294	0.14392	0.26509	0.02598	0.03651	0.02517	0.06643	0.03024	0.02358	0.03288	0.08844	0.03301	0.02780	0.01630	0.01559	0.10309	0.01343	0.01016	0.00590	0.01354
18	0.02615	0.02232	0.03494	0.24696	0.21663	0.02467	0.02783	0.09212	0.02652	0.03582	0.02128	0.02950	0.01720	0.01530	0.01610	0.10326	0.01332	0.01000	0.00603	0.01407
19	0.11987	0.01690	0.02111	0.01729	0.02366	0.01578	0.01382	0.04230	0.02682	0.33575	0.03612	0.03573	0.02483	0.01714	0.01518	0.10310	0.00891	0.01033	0.10035	0.01499
20	0.01441	0.01120	0.01310	0.01314	0.01601	0.00989	0.00966	0.01811	0.02752	0.03604	0.27179	0.17150	0.29262	0.02732	0.01345	0.00381	0.00567	0.02362	0.01123	0.00989
21	0.03044	0.03032	0.10706	0.11681	0.16054	0.02753	0.06733	0.12409	0.10327	0.07868	0.02738	0.03051	0.02029	0.01194	0.01136	0.00356	0.01341	0.01058	0.00790	0.01701
22	0.12380	0.13411	0.07259	0.02698	0.09584	0.07079	0.02015	0.03488	0.09758	0.03589	0.03150	0.14883	0.03054	0.01645	0.01042	0.00351	0.01112	0.01349	0.00754	0.01399
23	0.02082	0.01323	0.01814	0.09912	0.02710	0.01338	0.01474	0.02583	0.02659	0.08424	0.18177	0.14887	0.06059	0.02158	0.01227	0.00378	0.00801	0.07742	0.13111	0.01141
24	0.03890	0.04721	0.02870	0.02624	0.03156	0.47745	0.01968	0.04215	0.03066	0.02970	0.02028	0.02353	0.01664	0.01182	0.00981	0.00286	0.01805	0.00773	0.10435	0.01267

[dist]
# distance from previous block
# <min> <max>
1	61

[block]
# block no. 10 follows, 11 sequences, length 25
# corresponding to MSA columns:
# 561-585
name=unknown_K
#
# <colnr> <probs for GDERKNQSTAVLIFYWHMCP>
#	G	D	E	R	K	N	Q	S	T	A	V	L	I	F	Y	W	H	M	C	P
0	0.02301	0.02089	0.03321	0.03493	0.15323	0.02098	0.09872	0.03457	0.12433	0.04195	0.22429	0.05301	0.05546	0.01604	0.01239	0.00359	0.01028	0.01514	0.00941	0.01457
1	0.02852	0.02835	0.10879	0.16487	0.09232	0.05867	0.02598	0.06840	0.02815	0.10399	0.06077	0.04072	0.02769	0.01391	0.01139	0.00352	0.01300	0.04985	0.00781	0.06330
2	0.01445	0.01091	0.01335	0.01387	0.01619	0.00981	0.00997	0.01795	0.02668	0.03551	0.25610	0.26057	0.21639	0.02863	0.01364	0.00396	0.00582	0.02517	0.01120	0.00981
3	0.09242	0.02247	0.09725	0.01904	0.02674	0.01693	0.01783	0.04040	0.02716	0.25806	0.03767	0.04269	0.02780	0.01438	0.01034	0.00342	0.00953	0.04750	0.17307	0.01529
4	0.52738	0.02112	0.01891	0.01609	0.02349	0.02310	0.01327	0.03847	0.02238	0.17199	0.02277	0.02323	0.01606	0.01131	0.00804	0.00348	0.00892	0.00739	0.00869	0.01391
5	0.02119	0.01765	0.02801	0.43727	0.06160	0.02142	0.02548	0.02813	0.02278	0.03202	0.02414	0.03296	0.01843	0.01171	0.01042	0.00347	0.01259	0.01012	0.16861	0.01201
6	0.02234	0.01928	0.02731	0.02312	0.02938	0.01872	0.08388	0.03437	0.14089	0.03973	0.12288	0.06468	0.04803	0.01825	0.01240	0.00366	0.00998	0.12305	0.00954	0.14851
7	0.01552	0.01162	0.01517	0.01466	0.01735	0.01128	0.01112	0.02008	0.02739	0.03791	0.33398	0.07839	0.15967	0.03913	0.14838	0.00718	0.01152	0.01889	0.01048	0.01029
8	0.20419	0.01916	0.02283	0.01824	0.02602	0.01820	0.01497	0.04667	0.02896	0.37910	0.07765	0.03718	0.03052	0.01383	0.01041	0.00349	0.00901	0.01078	0.01208	0.01672
9	0.01593	0.01150	0.01504	0.01416	0.01681	0.01062	0.01062	0.02124	0.03186	0.04513	0.52830	0.08407	0.10620	0.02301	0.01327	0.00354	0.00531	0.02035	0.01239	0.01062
10	0.03323	0.46793	0.05275	0.02090	0.03037	0.04215	0.01979	0.14815	0.03030	0.03747	0.01846	0.02027	0.01560	0.01059	0.00822	0.00265	0.01212	0.00704	0.00641	0.01560
11	0.01830	0.01018	0.01423	0.01415	0.01495	0.00982	0.00968	0.01551	0.01791	0.02359	0.08242	0.04967	0.10104	0.03602	0.03661	0.51185	0.00876	0.01280	0.00641	0.00610
12	0.04130	0.01724	0.02248	0.01789	0.02539	0.01480	0.01457	0.04529	0.03059	0.41557	0.06161	0.05561	0.15190	0.01753	0.01181	0.00356	0.00862	0.01439	0.01307	0.01677
13	0.01514	0.01101	0.01506	0.01569	0.01744	0.01092	0.01141	0.01889	0.02463	0.03435	0.23213	0.26461	0.07512	0.04273	0.14878	0.00752	0.01190	0.02262	0.01010	0.00993
14	0.07920	0.02424	0.06306	0.02063	0.02851	0.02197	0.01784	0.17879	0.03626	0.15647	0.15266	0.04232	0.04143	0.01507	0.01117	0.00331	0.00974	0.01219	0.01092	0.07422
15	0.03155	0.02792	0.04274	0.05841	0.41081	0.02876	0.03129	0.14878	0.03237	0.04522	0.02262	0.02765	0.01815	0.01089	0.01117	0.00335	0.01313	0.01005	0.00698	0.01815
16	0.03501	0.06311	0.02834	0.07458	0.03226	0.02222	0.01834	0.10582	0.06294	0.22558	0.03401	0.03611	0.02489	0.03081	0.14659	0.00705	0.01573	0.01091	0.00989	0.01582
17	0.03285	0.02656	0.05055	0.04683	0.18688	0.02503	0.24474	0.04027	0.02769	0.16132	0.02766	0.03161	0.01996	0.01074	0.01219	0.00359	0.01506	0.01187	0.00769	0.01692
18	0.18186	0.01868	0.06761	0.01733	0.02153	0.01729	0.01464	0.02398	0.01852	0.03211	0.02680	0.04244	0.02572	0.17583	0.25701	0.01146	0.01922	0.01119	0.00631	0.01049
19	0.07785	0.07086	0.12243	0.07480	0.09217	0.02929	0.12959	0.15009	0.03187	0.07906	0.02357	0.02711	0.01728	0.01123	0.01104	0.00347	0.01432	0.01005	0.00745	0.01646
20	0.07003	0.03983	0.28078	0.02788	0.03980	0.02443	0.06209	0.07936	0.05972	0.11745	0.02917	0.06973	0.02259	0.01344	0.01111	0.00364	0.01359	0.01118	0.00780	0.01639
21	0.03652	0.17858	0.14539	0.02561	0.03614	0.07606	0.05688	0.08632	0.02975	0.18352	0.02671	0.02706	0.01896	0.01164	0.01021	0.00319	0.01352	0.00905	0.00823	0.01665
22	0.02939	0.02562	0.04626	0.03366	0.04387	0.02335	0.26304	0.03899	0.06969	0.11105	0.02728	0.03081	0.02008	0.01036	0.01161	0.00323	0.01408	0.01131	0.00765	0.17865
23	0.18882	0.07038	0.06629	0.03047	0.11069	0.06159	0.08548	0.03288	0.02453	0.03939	0.06830	0.02909	0.02402	0.01118	0.00979	0.00311	0.01202	0.00939	0.00667	0.11593
24	0.03681	0.16848	0.07146	0.02549	0.06551	0.02491	0.05308	0.04185	0.02747	0.26129	0.03430	0.08526	0.02672	0.01414	0.01069	0.00334	0.01128	0.01187	0.00958	0.01648

[dist]
# distance from previous block
# <min> <max>
17	58

[block]
# block no. 11 follows, 11 sequences, length 7
# corresponding to MSA columns:
# 648-654
name=unknown_L
#
# <colnr> <probs for GDERKNQSTAVLIFYWHMCP>
#	G	D	E	R	K	N	Q	S	T	A	V	L	I	F	Y	W	H	M	C	P
0	0.02830	0.34813	0.17695	0.08878	0.04018	0.08712	0.02656	0.03470	0.02392	0.02917	0.01748	0.02112	0.01447	0.01028	0.00886	0.00291	0.01434	0.00719	0.00492	0.01464
1	0.10070	0.12901	0.02709	0.01720	0.02406	0.02161	0.01407	0.06189	0.02535	0.03800	0.07247	0.15005	0.03607	0.01625	0.00991	0.00293	0.00873	0.01335	0.00801	0.22326
2	0.02667	0.35930	0.28090	0.02510	0.03792	0.03615	0.02943	0.03459	0.02328	0.03066	0.01772	0.02066	0.01436	0.01011	0.00880	0.00293	0.01413	0.00707	0.00479	0.01544
3	0.08688	0.20175	0.04186	0.10798	0.03983	0.03273	0.06175	0.15547	0.03174	0.10369	0.02336	0.02573	0.01742	0.01146	0.00988	0.00320	0.01261	0.00897	0.00787	0.01582
4	0.03002	0.09194	0.25016	0.09103	0.04377	0.02716	0.02965	0.11556	0.02953	0.10163	0.02386	0.02627	0.01704	0.01136	0.01043	0.00329	0.01380	0.00885	0.00717	0.06750
5	0.14417	0.07564	0.03323	0.16001	0.08788	0.02874	0.02267	0.16871	0.03222	0.10747	0.02399	0.02694	0.01750	0.01184	0.01018	0.00341	0.01212	0.00920	0.00826	0.01584
6	0.15063	0.07249	0.08172	0.07625	0.08409	0.02851	0.06050	0.15789	0.03096	0.04687	0.02113	0.02461	0.01612	0.01093	0.00992	0.00320	0.01243	0.00873	0.00732	0.09570

[dist]
# distance from previous block
# <min> <max>
47	142

[block]
# block no. 12 follows, 11 sequences, length 69
# corresponding to MSA columns:
# 802-870
name=unknown_M
#
# <colnr> <probs for GDERKNQSTAVLIFYWHMCP>
#	G	D	E	R	K	N	Q	S	T	A	V	L	I	F	Y	W	H	M	C	P
0	0.09313	0.02567	0.03495	0.15704	0.09294	0.02822	0.06849	0.17566	0.08905	0.08376	0.02679	0.02983	0.01959	0.01222	0.01107	0.00357	0.01277	0.01040	0.00855	0.01631
1	0.14668	0.15071	0.03333	0.02122	0.02874	0.09751	0.01793	0.07235	0.02734	0.15999	0.02395	0.02500	0.01788	0.01221	0.01178	0.00317	0.06641	0.00819	0.00814	0.06749
2	0.03357	0.07905	0.16071	0.03133	0.08620	0.02515	0.08670	0.08257	0.02914	0.17309	0.02731	0.02869	0.01928	0.01128	0.01079	0.00326	0.01319	0.00975	0.00819	0.08075
