[name]
unknown

[dist]
# distance from previous block
# <min> <max>
4	204

[block]
# block no. 0 follows, 11 sequences, length 17
# corresponding to MSA columns:
# 540-556
name=unknown_A
#
# <colnr> <probs for GDERKNQSTAVLIFYWHMCP>
#	G	D	E	R	K	N	Q	S	T	A	V	L	I	F	Y	W	H	M	C	P
0	0.03058	0.02413	0.03591	0.23104	0.19949	0.02640	0.02801	0.11246	0.06414	0.09770	0.02610	0.03066	0.01936	0.01184	0.01124	0.00354	0.01304	0.01037	0.00767	0.01633
1	0.12436	0.01226	0.01421	0.01509	0.01736	0.01221	0.01078	0.02014	0.02414	0.03706	0.18955	0.35342	0.07343	0.02764	0.01284	0.00409	0.00653	0.02437	0.01044	0.01007
2	0.02336	0.01335	0.01780	0.01651	0.01798	0.01390	0.01168	0.09378	0.02094	0.02798	0.02078	0.03303	0.01948	0.03490	0.03862	0.56271	0.01020	0.00983	0.00593	0.00723
3	0.04090	0.02545	0.06153	0.02091	0.02906	0.07905	0.01794	0.07824	0.03202	0.32962	0.04979	0.04591	0.10711	0.01580	0.01146	0.00347	0.01086	0.01260	0.01159	0.01670
4	0.03613	0.02066	0.02809	0.02908	0.12521	0.01991	0.01926	0.11447	0.03287	0.24435	0.08154	0.09399	0.07020	0.01679	0.01185	0.00356	0.00989	0.01435	0.01118	0.01663
5	0.01841	0.11027	0.02418	0.01766	0.02071	0.01873	0.01415	0.02193	0.01869	0.02573	0.02834	0.04306	0.02725	0.12765	0.41550	0.01475	0.02512	0.01153	0.00591	0.01043
6	0.02234	0.02111	0.03572	0.49397	0.15248	0.02529	0.03180	0.02971	0.02302	0.03007	0.02020	0.02965	0.01547	0.01105	0.01123	0.00368	0.01474	0.01001	0.00509	0.01338
7	0.14994	0.02783	0.07806	0.03958	0.17922	0.02606	0.11038	0.04098	0.11276	0.08576	0.02686	0.02970	0.02023	0.01135	0.01080	0.00357	0.01266	0.01036	0.00758	0.01633
8	0.01618	0.01164	0.01596	0.01596	0.01723	0.01291	0.01141	0.01873	0.01746	0.02455	0.03210	0.05502	0.03283	0.27524	0.37543	0.01546	0.02309	0.01364	0.00632	0.00886
9	0.02257	0.05822	0.54613	0.03208	0.04871	0.02614	0.04158	0.03564	0.02376	0.03564	0.02020	0.02376	0.01426	0.01069	0.01069	0.00356	0.01663	0.00832	0.00475	0.01663
10	0.02384	0.02082	0.08589	0.02422	0.03015	0.01601	0.10458	0.02889	0.02468	0.12484	0.04678	0.32467	0.04845	0.02379	0.01319	0.00411	0.01054	0.02205	0.00956	0.01294
11	0.14851	0.02709	0.08649	0.07560	0.03856	0.02410	0.07476	0.11487	0.03086	0.22496	0.02948	0.02989	0.01995	0.01218	0.01072	0.00353	0.01219	0.01002	0.00959	0.01664
12	0.08712	0.01288	0.01644	0.06534	0.02315	0.01315	0.01324	0.02139	0.02548	0.03740	0.22050	0.25791	0.07304	0.02570	0.01302	0.00407	0.00743	0.06206	0.01028	0.01041
13	0.02209	0.03282	0.25477	0.02342	0.03236	0.01777	0.02518	0.02963	0.02470	0.09166	0.08396	0.22839	0.04496	0.02065	0.01227	0.00390	0.01131	0.01792	0.00846	0.01379
14	0.03888	0.08846	0.10963	0.02364	0.03331	0.02148	0.06233	0.04500	0.02942	0.32131	0.08001	0.03746	0.03060	0.01342	0.01114	0.00341	0.01133	0.01131	0.01072	0.01714
15	0.02822	0.03171	0.17828	0.07742	0.18126	0.02200	0.02903	0.03579	0.02547	0.12463	0.02844	0.07880	0.02330	0.01308	0.01108	0.00342	0.01267	0.01141	0.00731	0.07668
16	0.10197	0.02465	0.11177	0.02464	0.03229	0.01872	0.09932	0.03341	0.02495	0.15222	0.03924	0.21296	0.03710	0.01915	0.01204	0.00390	0.01123	0.01726	0.00913	0.01404

[dist]
# distance from previous block
# <min> <max>
0	31

[block]
# block no. 1 follows, 11 sequences, length 17
# corresponding to MSA columns:
# 588-604
name=unknown_B
#
# <colnr> <probs for GDERKNQSTAVLIFYWHMCP>
#	G	D	E	R	K	N	Q	S	T	A	V	L	I	F	Y	W	H	M	C	P
0	0.01687	0.01120	0.01547	0.01532	0.01653	0.01181	0.01086	0.01825	0.01932	0.02698	0.11503	0.05581	0.04273	0.18543	0.23699	0.15507	0.01698	0.01400	0.00706	0.00828
1	0.03128	0.12447	0.04428	0.08482	0.04209	0.02627	0.17738	0.03937	0.05707	0.14446	0.02895	0.03195	0.02115	0.01142	0.01089	0.00335	0.01318	0.01092	0.08143	0.01528
2	0.13557	0.02031	0.03079	0.48035	0.06790	0.02505	0.02797	0.02950	0.02193	0.03251	0.01926	0.02799	0.01452	0.01111	0.01051	0.00370	0.01392	0.00933	0.00534	0.01245
3	0.02588	0.03517	0.14916	0.04479	0.05708	0.02806	0.41543	0.03598	0.02608	0.03598	0.02233	0.02922	0.01659	0.00970	0.01284	0.00376	0.01857	0.01243	0.00553	0.01543
4	0.01665	0.01307	0.01925	0.02545	0.10644	0.01260	0.01546	0.01978	0.02274	0.03067	0.05471	0.44643	0.06360	0.03044	0.01394	0.00443	0.00814	0.07581	0.00960	0.01078
5	0.03768	0.02516	0.04770	0.03471	0.04485	0.02293	0.27191	0.04478	0.02919	0.27105	0.03282	0.03405	0.02209	0.01155	0.01237	0.00365	0.01461	0.01237	0.00952	0.01703
6	0.01752	0.01318	0.01642	0.01531	0.01846	0.01291	0.01157	0.02632	0.09541	0.04539	0.46469	0.07853	0.09673	0.02199	0.01303	0.00358	0.00578	0.01935	0.01227	0.01157
7	0.02334	0.02001	0.02334	0.01667	0.02667	0.01500	0.01334	0.02834	0.02334	0.03668	0.02001	0.02334	0.01667	0.00834	0.00834	0.00167	0.00834	0.00667	0.00667	0.67325
8	0.01626	0.01326	0.01806	0.01891	0.01941	0.01505	0.01376	0.01834	0.02054	0.02835	0.05100	0.46347	0.06051	0.03163	0.01963	0.00465	0.14129	0.02683	0.00916	0.00988
9	0.03613	0.02284	0.08584	0.02310	0.03098	0.01761	0.07559	0.04118	0.02714	0.29989	0.03868	0.07879	0.03036	0.11630	0.01962	0.00488	0.01154	0.01346	0.01044	0.01560
10	0.25951	0.26731	0.04251	0.02245	0.03039	0.03460	0.07981	0.03312	0.02148	0.03627	0.01651	0.02043	0.01403	0.01092	0.01095	0.00323	0.06987	0.00739	0.00570	0.01353
11	0.24306	0.02535	0.02157	0.01967	0.02521	0.11418	0.01570	0.08080	0.06677	0.04512	0.12191	0.04810	0.03968	0.01642	0.01062	0.00363	0.01067	0.06955	0.00902	0.01295
12	0.09950	0.06965	0.13719	0.02578	0.03651	0.02649	0.07516	0.14321	0.03142	0.11802	0.02477	0.02636	0.01782	0.01123	0.01025	0.00317	0.01257	0.00911	0.00819	0.11360
13	0.03204	0.21471	0.21060	0.02729	0.03921	0.02980	0.08783	0.03967	0.02586	0.15324	0.02489	0.02633	0.01792	0.01098	0.01012	0.00322	0.01385	0.00898	0.00708	0.01637
14	0.02986	0.02054	0.02345	0.02051	0.02640	0.02202	0.01603	0.08553	0.26672	0.13285	0.13669	0.08600	0.04833	0.01773	0.01196	0.00372	0.00847	0.01503	0.01197	0.01620
15	0.01532	0.01164	0.01675	0.09039	0.02536	0.01208	0.01420	0.01849	0.02163	0.02883	0.05274	0.42385	0.06068	0.03726	0.07494	0.00602	0.01058	0.06024	0.00923	0.00978
16	0.03803	0.03436	0.22283	0.02483	0.03634	0.02114	0.02613	0.04800	0.06971	0.30861	0.03536	0.03312	0.02326	0.01282	0.01109	0.00354	0.01219	0.01030	0.01025	0.01809

[dist]
# distance from previous block
# <min> <max>
0	3

[block]
# block no. 2 follows, 11 sequences, length 8
# corresponding to MSA columns:
# 608-615
name=unknown_C
#
# <colnr> <probs for GDERKNQSTAVLIFYWHMCP>
#	G	D	E	R	K	N	Q	S	T	A	V	L	I	F	Y	W	H	M	C	P
0	0.03770	0.13674	0.20308	0.02386	0.03534	0.02465	0.02526	0.04479	0.02778	0.28417	0.03135	0.02994	0.02101	0.01210	0.01039	0.00332	0.01233	0.00939	0.00930	0.01749
1	0.01955	0.00978	0.01466	0.01466	0.01466	0.00978	0.00978	0.01466	0.01466	0.01955	0.01955	0.03421	0.01955	0.03910	0.04399	0.67253	0.00978	0.00978	0.00489	0.00489
2	0.02257	0.05822	0.54613	0.03208	0.04871	0.02614	0.04158	0.03564	0.02376	0.03564	0.02020	0.02376	0.01426	0.01069	0.01069	0.00356	0.01663	0.00832	0.00475	0.01663
3	0.03282	0.12880	0.08194	0.15196	0.08337	0.02727	0.02501	0.03848	0.02526	0.18609	0.02616	0.02905	0.01897	0.01266	0.01363	0.00352	0.08210	0.00954	0.00771	0.01566
4	0.17416	0.02310	0.02824	0.02837	0.11695	0.02375	0.01934	0.14321	0.03295	0.19577	0.07667	0.03410	0.02833	0.01329	0.01055	0.00344	0.01029	0.01059	0.01024	0.01664
5	0.10283	0.02076	0.02737	0.13071	0.03550	0.02625	0.02103	0.03027	0.07686	0.03429	0.06905	0.08690	0.03048	0.01821	0.02115	0.00424	0.23168	0.01279	0.00712	0.01251
6	0.41832	0.02289	0.02809	0.08497	0.03523	0.02465	0.09961	0.03259	0.02131	0.04392	0.01791	0.02232	0.01388	0.01013	0.00872	0.00337	0.01120	0.00788	0.00648	0.08654
7	0.23540	0.02904	0.03188	0.03928	0.22634	0.11924	0.02320	0.03841	0.02554	0.10090	0.02164	0.02484	0.01672	0.01091	0.00970	0.00332	0.01270	0.00848	0.00706	0.01541

[dist]
# distance from previous block
# <min> <max>
0	9

[block]
# block no. 3 follows, 11 sequences, length 29
# corresponding to MSA columns:
# 625-653
name=unknown_D
#
# <colnr> <probs for GDERKNQSTAVLIFYWHMCP>
#	G	D	E	R	K	N	Q	S	T	A	V	L	I	F	Y	W	H	M	C	P
0	0.16893	0.02841	0.08672	0.02603	0.03598	0.02491	0.11025	0.12513	0.03006	0.11713	0.02444	0.02650	0.01762	0.01102	0.01023	0.00323	0.01227	0.00931	0.00825	0.12359
1	0.01957	0.01330	0.01888	0.10761	0.02820	0.01334	0.01507	0.02437	0.02751	0.08251	0.25681	0.19352	0.07363	0.02375	0.01320	0.00394	0.00796	0.05478	0.01071	0.01133
2	0.02653	0.01989	0.02540	0.10876	0.03525	0.01684	0.01668	0.03185	0.02436	0.10108	0.02318	0.02638	0.01785	0.00954	0.00920	0.00224	0.00959	0.00782	0.00734	0.48022
3	0.03548	0.02608	0.08129	0.03789	0.18168	0.02142	0.07298	0.04189	0.02783	0.23274	0.03012	0.03124	0.02119	0.01133	0.01104	0.00325	0.01212	0.01029	0.00890	0.10126
4	0.02635	0.03399	0.18387	0.02943	0.03510	0.03041	0.02887	0.03210	0.02050	0.07598	0.01903	0.02560	0.01580	0.01654	0.02693	0.00440	0.36567	0.00953	0.00569	0.01420
5	0.01700	0.01297	0.01582	0.01517	0.01822	0.01261	0.01132	0.02516	0.09283	0.04219	0.37509	0.13348	0.13746	0.02382	0.01315	0.00371	0.00594	0.02090	0.01187	0.01129
6	0.02465	0.02777	0.13717	0.07760	0.08800	0.02123	0.06619	0.08410	0.02841	0.07014	0.07226	0.13299	0.08552	0.01776	0.01216	0.00374	0.01191	0.01574	0.00830	0.01436
7	0.03160	0.10218	0.04820	0.05043	0.29457	0.02772	0.11777	0.03804	0.02653	0.11788	0.02456	0.02877	0.01888	0.01051	0.01107	0.00333	0.01365	0.01034	0.00686	0.01710
8	0.15626	0.02086	0.02529	0.01975	0.02819	0.01988	0.01631	0.09629	0.03213	0.41127	0.03780	0.03379	0.02434	0.01330	0.01058	0.00347	0.00972	0.01032	0.01249	0.01798
9	0.02860	0.01627	0.02197	0.01914	0.02307	0.01731	0.01515	0.03191	0.02346	0.19806	0.04383	0.05043	0.09238	0.09696	0.16877	0.00848	0.10864	0.01342	0.00913	0.01304
10	0.09019	0.14437	0.24348	0.02494	0.03691	0.02821	0.02734	0.08703	0.02807	0.15037	0.02501	0.02578	0.01761	0.01148	0.00993	0.00331	0.01311	0.00855	0.00765	0.01666
11	0.03383	0.02383	0.03873	0.10657	0.33928	0.02357	0.02893	0.03991	0.02724	0.18422	0.02787	0.03114	0.02048	0.01130	0.01121	0.00343	0.01242	0.01040	0.00797	0.01767
12	0.05050	0.01915	0.02612	0.02003	0.02873	0.01654	0.01654	0.05485	0.03221	0.54203	0.04440	0.03831	0.02786	0.01393	0.01132	0.00348	0.00958	0.01132	0.01393	0.01915
13	0.02353	0.02312	0.04186	0.22384	0.05567	0.02467	0.19346	0.03453	0.08840	0.03457	0.03082	0.04754	0.02640	0.01438	0.01271	0.00401	0.01488	0.08484	0.00696	0.01381
14	0.03152	0.03469	0.21426	0.12281	0.09798	0.02339	0.07246	0.04013	0.02650	0.18448	0.02766	0.03010	0.01902	0.01157	0.01125	0.00357	0.01416	0.01010	0.00768	0.01670
15	0.04924	0.02118	0.02737	0.02098	0.02974	0.01954	0.01734	0.12707	0.03560	0.46503	0.04156	0.03646	0.02644	0.01386	0.01131	0.00347	0.01004	0.01112	0.01349	0.01915
16	0.04046	0.01681	0.02277	0.01852	0.02530	0.01471	0.01484	0.04474	0.03105	0.39935	0.13342	0.10441	0.04680	0.01778	0.01199	0.00361	0.00849	0.01509	0.01329	0.01658
17	0.13986	0.07313	0.22344	0.02798	0.07512	0.02573	0.02721	0.07994	0.02763	0.15894	0.02550	0.02651	0.01782	0.01154	0.01010	0.00343	0.01277	0.00880	0.00790	0.01667
18	0.01573	0.01815	0.10070	0.01797	0.02174	0.01230	0.01558	0.02037	0.02456	0.03408	0.17507	0.37149	0.07277	0.02810	0.01349	0.00414	0.00787	0.02513	0.01002	0.01075
19	0.02126	0.02001	0.03376	0.57739	0.07752	0.02501	0.03126	0.02876	0.02251	0.02876	0.02001	0.03001	0.01500	0.01125	0.01125	0.00375	0.01500	0.01000	0.00500	0.01250
20	0.03302	0.03010	0.12320	0.08786	0.04565	0.02488	0.15150	0.07293	0.09225	0.17480	0.03114	0.03268	0.02168	0.01207	0.01175	0.00365	0.01393	0.01133	0.00879	0.01680
21	0.18972	0.02030	0.02213	0.01677	0.02581	0.01777	0.01359	0.03390	0.02379	0.12387	0.02299	0.02458	0.01743	0.00978	0.00849	0.00241	0.00863	0.00730	0.00795	0.40279
22	0.01762	0.01347	0.01741	0.01676	0.01819	0.01541	0.01250	0.02032	0.01940	0.02787	0.04252	0.09123	0.09709	0.17362	0.18829	0.00975	0.11000	0.01529	0.08367	0.00961
23	0.02257	0.05822	0.54613	0.03208	0.04871	0.02614	0.04158	0.03564	0.02376	0.03564	0.02020	0.02376	0.01426	0.01069	0.01069	0.00356	0.01663	0.00832	0.00475	0.01663
24	0.03491	0.10841	0.20343	0.02336	0.03421	0.02278	0.02467	0.04219	0.02813	0.25394	0.08266	0.03554	0.02967	0.01323	0.01078	0.00338	0.01182	0.01056	0.00951	0.01681
25	0.09000	0.02170	0.02697	0.02082	0.02947	0.02063	0.01719	0.13834	0.03535	0.41972	0.03921	0.03484	0.02517	0.01362	0.01103	0.00346	0.01006	0.01075	0.01297	0.01870
26	0.01516	0.01147	0.01398	0.01335	0.01634	0.01029	0.01001	0.01975	0.03004	0.04081	0.40673	0.09119	0.23047	0.02462	0.01328	0.00362	0.00542	0.02135	0.01182	0.01029
27	0.20960	0.01981	0.02371	0.01871	0.02698	0.01873	0.01545	0.04938	0.02893	0.41858	0.03719	0.03328	0.02393	0.01306	0.01023	0.00348	0.00936	0.01001	0.01218	0.01741
28	0.09311	0.02603	0.10942	0.02050	0.03075	0.01840	0.01926	0.04162	0.02695	0.26012	0.03039	0.02955	0.02081	0.01137	0.00991	0.00294	0.01027	0.00893	0.00958	0.22009

[dist]
# distance from previous block
# <min> <max>
0	7

[block]
# block no. 4 follows, 11 sequences, length 28
# corresponding to MSA columns:
# 661-688
name=unknown_E
#
# <colnr> <probs for GDERKNQSTAVLIFYWHMCP>
#	G	D	E	R	K	N	Q	S	T	A	V	L	I	F	Y	W	H	M	C	P
0	0.33821	0.08501	0.25497	0.02283	0.03429	0.02718	0.02580	0.03427	0.02150	0.04199	0.01768	0.02070	0.01329	0.01049	0.00864	0.00343	0.01249	0.00707	0.00581	0.01434
1	0.02768	0.02321	0.04143	0.21506	0.17734	0.02396	0.12928	0.03481	0.02621	0.10380	0.06251	0.03475	0.02479	0.01181	0.01183	0.00361	0.01399	0.01168	0.00707	0.01520
2	0.02808	0.12730	0.11632	0.02012	0.03098	0.02211	0.01946	0.03409	0.02454	0.10388	0.02263	0.02455	0.01742	0.00971	0.00894	0.00236	0.01051	0.00747	0.00703	0.36249
3	0.04361	0.02313	0.02966	0.02880	0.11544	0.05918	0.01973	0.04831	0.03029	0.37253	0.03626	0.03385	0.02416	0.01260	0.01094	0.00326	0.01093	0.01038	0.01125	0.07568
4	0.14809	0.40676	0.04593	0.01861	0.02761	0.03637	0.01756	0.03721	0.02382	0.11884	0.02057	0.02156	0.01634	0.01051	0.00788	0.00278	0.01103	0.00694	0.00675	0.01485
5	0.02650	0.01646	0.02009	0.01648	0.02290	0.01434	0.01298	0.03323	0.06649	0.15708	0.18967	0.05773	0.11708	0.01725	0.01140	0.00310	0.00742	0.01458	0.01093	0.18429
6	0.03800	0.08045	0.12186	0.02697	0.03670	0.02515	0.08720	0.07812	0.02949	0.26386	0.03105	0.03101	0.02117	0.01288	0.01333	0.00356	0.06210	0.01041	0.00951	0.01719
7	0.01824	0.01506	0.02297	0.03108	0.16833	0.01456	0.01755	0.02216	0.02451	0.03389	0.12977	0.34240	0.06327	0.02577	0.01323	0.00403	0.00833	0.02356	0.00935	0.01194
8	0.02000	0.01140	0.01529	0.01642	0.01845	0.01041	0.01149	0.02237	0.02337	0.11650	0.05902	0.50156	0.06648	0.03161	0.01384	0.00438	0.00705	0.02846	0.01104	0.01085
9	0.31907	0.02158	0.02535	0.02617	0.11217	0.02203	0.01775	0.04202	0.02547	0.24423	0.02807	0.02791	0.01941	0.01177	0.00942	0.00346	0.00985	0.00885	0.00951	0.01593
10	0.13713	0.01951	0.02481	0.01931	0.02778	0.01773	0.01595	0.05187	0.03043	0.47481	0.04047	0.03557	0.02572	0.01345	0.01072	0.00348	0.00946	0.01060	0.01298	0.01820
11	0.01626	0.01133	0.01438	0.01438	0.01511	0.01205	0.00944	0.01772	0.01699	0.02338	0.03354	0.06301	0.03630	0.41632	0.23909	0.01351	0.01787	0.01481	0.00653	0.00799
12	0.01744	0.01328	0.01940	0.11451	0.03065	0.01396	0.01825	0.02213	0.02412	0.03147	0.05350	0.24064	0.05894	0.02886	0.01448	0.00477	0.01010	0.26363	0.00947	0.01039
13	0.04718	0.02448	0.02941	0.02255	0.03139	0.02444	0.01863	0.24489	0.04112	0.33941	0.03693	0.03345	0.02411	0.01375	0.01129	0.00344	0.01079	0.01081	0.01278	0.01915
14	0.01567	0.01167	0.01723	0.01768	0.01945	0.01323	0.01345	0.01934	0.01868	0.02657	0.03560	0.13875	0.03606	0.07601	0.46657	0.01578	0.02611	0.01547	0.00679	0.00989
15	0.01610	0.01338	0.01435	0.01419	0.01790	0.01271	0.01058	0.02400	0.10912	0.03432	0.13156	0.16170	0.34560	0.02668	0.01313	0.00389	0.00633	0.02270	0.01079	0.01097
16	0.02676	0.03794	0.19758	0.09903	0.30591	0.06794	0.03542	0.03519	0.02527	0.03500	0.02048	0.02620	0.01622	0.01046	0.01094	0.00341	0.01506	0.00928	0.00529	0.01662
17	0.01541	0.01092	0.01438	0.01602	0.01735	0.01046	0.01162	0.01837	0.02358	0.03172	0.13953	0.33530	0.07335	0.11007	0.02030	0.00539	0.00773	0.11887	0.01027	0.00934
18	0.02257	0.05822	0.54613	0.03208	0.04871	0.02614	0.04158	0.03564	0.02376	0.03564	0.02020	0.02376	0.01426	0.01069	0.01069	0.00356	0.01663	0.00832	0.00475	0.01663
19	0.02697	0.04052	0.26220	0.04368	0.15838	0.02619	0.16329	0.03696	0.02559	0.07430	0.02296	0.02760	0.01686	0.01046	0.01156	0.00357	0.01602	0.01030	0.00589	0.01669
20	0.08150	0.03216	0.07797	0.17778	0.15722	0.14067	0.02735	0.03809	0.02644	0.10303	0.02274	0.02712	0.01702	0.01131	0.01062	0.00340	0.01471	0.00915	0.00666	0.01506
21	0.07496	0.12344	0.04160	0.03169	0.10305	0.02534	0.12570	0.03952	0.02706	0.19603	0.03567	0.03643	0.06417	0.01270	0.01093	0.00338	0.01224	0.01143	0.00864	0.01600
22	0.68395	0.02177	0.01654	0.01480	0.02177	0.02525	0.01219	0.03309	0.01915	0.05050	0.01567	0.01828	0.01219	0.01045	0.00697	0.00348	0.00871	0.00609	0.00697	0.01219
23	0.02944	0.56341	0.10109	0.02037	0.03060	0.04295	0.02119	0.03387	0.02295	0.02727	0.01604	0.01855	0.01443	0.00972	0.00752	0.00251	0.01243	0.00622	0.00481	0.01463
24	0.02919	0.01871	0.02279	0.01785	0.02597	0.01557	0.01408	0.03563	0.06226	0.16313	0.03382	0.10697	0.02871	0.01394	0.01014	0.00268	0.00844	0.01175	0.00937	0.36900
25	0.20921	0.06709	0.02632	0.01864	0.02698	0.02098	0.01566	0.04765	0.02816	0.37644	0.03483	0.03162	0.02282	0.01271	0.00989	0.00340	0.00955	0.00957	0.01144	0.01702
26	0.02126	0.02001	0.03376	0.57739	0.07752	0.02501	0.03126	0.02876	0.02251	0.02876	0.02001	0.03001	0.01500	0.01125	0.01125	0.00375	0.01500	0.01000	0.00500	0.01250
27	0.02171	0.01420	0.01717	0.01567	0.01948	0.01409	0.01199	0.03146	0.11318	0.08859	0.33616	0.06711	0.07647	0.01954	0.01205	0.00346	0.00629	0.01691	0.10188	0.01258

[dist]
# distance from previous block
# <min> <max>
0	2

[block]
# block no. 5 follows, 11 sequences, length 28
# corresponding to MSA columns:
# 691-718
name=unknown_F
#
# <colnr> <probs for GDERKNQSTAVLIFYWHMCP>
#	G	D	E	R	K	N	Q	S	T	A	V	L	I	F	Y	W	H	M	C	P
0	0.02435	0.01291	0.01726	0.01630	0.01982	0.01165	0.01214	0.02814	0.02807	0.17196	0.22312	0.26509	0.07327	0.02520	0.01316	0.00391	0.00691	0.02232	0.01207	0.01235
1	0.01784	0.01449	0.02085	0.01985	0.02126	0.01790	0.01551	0.02115	0.01775	0.02591	0.02755	0.04309	0.02666	0.12145	0.40552	0.01473	0.14040	0.01203	0.00588	0.01020
2	0.02257	0.05822	0.54613	0.03208	0.04871	0.02614	0.04158	0.03564	0.02376	0.03564	0.02020	0.02376	0.01426	0.01069	0.01069	0.00356	0.01663	0.00832	0.00475	0.01663
3	0.02126	0.02001	0.03376	0.57739	0.07752	0.02501	0.03126	0.02876	0.02251	0.02876	0.02001	0.03001	0.01500	0.01125	0.01125	0.00375	0.01500	0.01000	0.00500	0.01250
4	0.04608	0.01818	0.02470	0.01927	0.02721	0.01578	0.01578	0.05055	0.03217	0.47847	0.10630	0.04416	0.03788	0.01509	0.01157	0.00349	0.00903	0.01247	0.01373	0.01806
5	0.01517	0.01127	0.01413	0.01385	0.01646	0.01023	0.01022	0.01960	0.02941	0.04035	0.39307	0.15412	0.17939	0.02558	0.01342	0.00372	0.00554	0.02246	0.01179	0.01023
6	0.05050	0.01915	0.02612	0.02003	0.02873	0.01654	0.01654	0.05485	0.03221	0.54203	0.04440	0.03831	0.02786	0.01393	0.01132	0.00348	0.00958	0.01132	0.01393	0.01915
7	0.04093	0.01800	0.02368	0.01905	0.02623	0.01637	0.01540	0.04813	0.07843	0.38800	0.14821	0.04847	0.04527	0.01600	0.01175	0.00353	0.00860	0.01339	0.01336	0.01720
8	0.01872	0.01360	0.01494	0.01443	0.01572	0.01437	0.00905	0.02516	0.11710	0.02694	0.03756	0.06724	0.03959	0.48516	0.04801	0.00948	0.01051	0.01563	0.00776	0.00905
9	0.02334	0.02001	0.02334	0.01667	0.02667	0.01500	0.01334	0.02834	0.02334	0.03668	0.02001	0.02334	0.01667	0.00834	0.00834	0.00167	0.00834	0.00667	0.00667	0.67325
10	0.01777	0.01361	0.01662	0.01634	0.01920	0.01374	0.01203	0.02755	0.12667	0.04110	0.30470	0.21409	0.08308	0.02475	0.01320	0.00387	0.00637	0.02195	0.01168	0.01168
11	0.02842	0.14303	0.03224	0.02217	0.02919	0.03134	0.01811	0.05452	0.41448	0.04291	0.03970	0.03715	0.03033	0.01413	0.01060	0.00353	0.00954	0.01137	0.01011	0.01713
12	0.02662	0.02228	0.02946	0.02462	0.02823	0.02683	0.02020	0.03270	0.06770	0.08053	0.02269	0.02865	0.01919	0.02071	0.06093	0.00489	0.31996	0.00977	0.00685	0.14717
13	0.02563	0.02766	0.12641	0.13539	0.04023	0.02383	0.02390	0.15307	0.02926	0.04004	0.02601	0.03652	0.02201	0.10279	0.13063	0.00750	0.01722	0.01095	0.00709	0.01386
14	0.02116	0.01169	0.01570	0.01655	0.01884	0.01064	0.01168	0.02360	0.02371	0.13266	0.05847	0.48396	0.06501	0.03094	0.01375	0.00435	0.00715	0.02781	0.01115	0.01117
15	0.01955	0.00978	0.01466	0.01466	0.01466	0.00978	0.00978	0.01466	0.01466	0.01955	0.01955	0.03421	0.01955	0.03910	0.04399	0.67253	0.00978	0.00978	0.00489	0.00489
16	0.01930	0.01476	0.02373	0.13323	0.03429	0.01507	0.06236	0.02358	0.02334	0.06339	0.04836	0.34602	0.05291	0.02612	0.01355	0.00432	0.01001	0.06538	0.00911	0.01118
17	0.02549	0.02826	0.05980	0.15474	0.06261	0.02776	0.39980	0.03458	0.02574	0.03458	0.02221	0.03029	0.01666	0.00985	0.01287	0.00379	0.01817	0.01262	0.00555	0.01464
18	0.01610	0.01196	0.01759	0.01759	0.01942	0.01380	0.01344	0.01978	0.01794	0.02576	0.03061	0.04676	0.02924	0.12931	0.51646	0.01747	0.02849	0.01243	0.00610	0.00977
19	0.27410	0.02002	0.02048	0.01748	0.02429	0.02127	0.01410	0.04422	0.12386	0.19788	0.03319	0.03219	0.02356	0.01282	0.00931	0.00344	0.00857	0.00958	0.09441	0.01522
20	0.03344	0.02521	0.04103	0.19772	0.05303	0.02645	0.15085	0.14099	0.03239	0.14411	0.02727	0.03111	0.01910	0.01182	0.01182	0.00362	0.01439	0.01118	0.00840	0.01606
21	0.01669	0.01275	0.01844	0.01811	0.01973	0.01503	0.01385	0.02009	0.01781	0.02564	0.02980	0.04667	0.02888	0.14660	0.46052	0.01629	0.06479	0.01246	0.00606	0.00979
22	0.01461	0.01044	0.01409	0.01670	0.01774	0.00992	0.01201	0.01722	0.02243	0.02974	0.06154	0.50165	0.07248	0.03442	0.01461	0.00470	0.00731	0.11859	0.01043	0.00939
23	0.02410	0.17018	0.44750	0.02948	0.04470	0.02986	0.03706	0.03525	0.02358	0.03379	0.01928	0.02261	0.01430	0.01048	0.00999	0.00333	0.01570	0.00785	0.00477	0.01619
24	0.03328	0.02511	0.03436	0.03090	0.08147	0.02796	0.06673	0.10342	0.17004	0.13695	0.03227	0.03339	0.02397	0.01463	0.01671	0.00387	0.12728	0.01134	0.00945	0.01687
25	0.02777	0.03316	0.13621	0.09872	0.03998	0.08000	0.02735	0.03604	0.06968	0.07067	0.02207	0.02745	0.01757	0.01515	0.02133	0.00409	0.24242	0.00970	0.00631	0.01434
26	0.01948	0.01360	0.01651	0.01689	0.01973	0.01352	0.01219	0.02779	0.11875	0.07353	0.10699	0.35526	0.10548	0.02800	0.01337	0.00418	0.00703	0.02485	0.01110	0.01176
27	0.02582	0.02198	0.03644	0.21024	0.29269	0.02319	0.02909	0.03197	0.02468	0.07227	0.02784	0.10212	0.02500	0.01392	0.01160	0.00363	0.01269	0.01293	0.00667	0.01523

[dist]
# distance from previous block
# <min> <max>
2	6

[block]
# block no. 6 follows, 11 sequences, length 31
# corresponding to MSA columns:
# 725-755
name=unknown_G
#
# <colnr> <probs for GDERKNQSTAVLIFYWHMCP>
#	G	D	E	R	K	N	Q	S	T	A	V	L	I	F	Y	W	H	M	C	P
0	0.19628	0.07154	0.02860	0.07067	0.03284	0.02802	0.01831	0.14084	0.13169	0.12943	0.02936	0.02933	0.02123	0.01267	0.00992	0.00347	0.01051	0.00952	0.00958	0.01617
1	0.01786	0.01460	0.01855	0.01894	0.06085	0.01256	0.01280	0.02212	0.02610	0.03639	0.19034	0.15790	0.15844	0.02146	0.01203	0.00328	0.00703	0.01874	0.00963	0.18038
2	0.02251	0.01321	0.01653	0.01519	0.01944	0.01174	0.01197	0.02685	0.02942	0.14250	0.25306	0.08637	0.21631	0.02363	0.01311	0.00377	0.00682	0.06363	0.01191	0.01202
3	0.03353	0.06868	0.02961	0.12347	0.03778	0.17030	0.02054	0.04063	0.07250	0.13829	0.07668	0.04238	0.03182	0.01489	0.01125	0.00347	0.01331	0.04781	0.00877	0.01429
4	0.03741	0.07385	0.07671	0.02078	0.03024	0.02220	0.01870	0.11954	0.03181	0.23545	0.03125	0.03047	0.02174	0.01199	0.01007	0.00295	0.01038	0.00938	0.05142	0.15364
5	0.02842	0.01416	0.01893	0.01645	0.02114	0.01266	0.01278	0.03307	0.03104	0.22606	0.30751	0.11472	0.07450	0.02081	0.01266	0.00361	0.00699	0.01811	0.01278	0.01362
6	0.01785	0.01467	0.02149	0.02047	0.02206	0.01830	0.01626	0.02155	0.01791	0.02633	0.02696	0.04015	0.02537	0.07099	0.45139	0.01536	0.14498	0.01160	0.00580	0.01052
7	0.23278	0.09399	0.21858	0.02280	0.03399	0.02558	0.02473	0.03894	0.02414	0.15203	0.02374	0.02474	0.01667	0.01123	0.00934	0.00340	0.01216	0.00807	0.00748	0.01561
8	0.02126	0.02001	0.03376	0.57739	0.07752	0.02501	0.03126	0.02876	0.02251	0.02876	0.02001	0.03001	0.01500	0.01125	0.01125	0.00375	0.01500	0.01000	0.00500	0.01250
9	0.05050	0.01915	0.02612	0.02003	0.02873	0.01654	0.01654	0.05485	0.03221	0.54203	0.04440	0.03831	0.02786	0.01393	0.01132	0.00348	0.00958	0.01132	0.01393	0.01915
10	0.01811	0.01371	0.01716	0.01725	0.02022	0.01385	0.01338	0.02742	0.11149	0.04060	0.27776	0.16371	0.08050	0.02522	0.01360	0.00408	0.00716	0.11169	0.01151	0.01157
11	0.02126	0.02001	0.03376	0.57739	0.07752	0.02501	0.03126	0.02876	0.02251	0.02876	0.02001	0.03001	0.01500	0.01125	0.01125	0.00375	0.01500	0.01000	0.00500	0.01250
12	0.03768	0.04469	0.02746	0.02516	0.03030	0.44545	0.01887	0.04106	0.03018	0.03054	0.02140	0.02479	0.01747	0.01191	0.00968	0.00284	0.01718	0.00792	0.14292	0.01252
13	0.02098	0.01049	0.01049	0.01049	0.01311	0.01049	0.00787	0.02623	0.02360	0.04196	0.03672	0.04196	0.02885	0.01311	0.00787	0.00262	0.00525	0.01049	0.66693	0.01049
14	0.02340	0.01751	0.02141	0.01654	0.02425	0.01414	0.01309	0.02833	0.02539	0.07850	0.12825	0.03889	0.03710	0.01817	0.05556	0.00357	0.00963	0.01033	0.00839	0.42756
15	0.15735	0.01226	0.01505	0.01469	0.01614	0.01298	0.01028	0.01848	0.01559	0.02597	0.01875	0.03091	0.01802	0.03316	0.03631	0.53377	0.00955	0.00901	0.00532	0.00640
16	0.01865	0.13588	0.02386	0.01499	0.01919	0.01756	0.01224	0.02341	0.02949	0.04007	0.38843	0.07235	0.12146	0.02068	0.01202	0.00333	0.00674	0.01766	0.01066	0.01132
17	0.58035	0.02134	0.01811	0.01566	0.02291	0.02383	0.01290	0.03665	0.02129	0.13089	0.02037	0.02156	0.01475	0.01102	0.00768	0.00348	0.00885	0.00695	0.00810	0.01333
18	0.03875	0.03075	0.14356	0.02910	0.04008	0.02267	0.12829	0.08246	0.03088	0.28621	0.03316	0.03261	0.02193	0.01224	0.01162	0.00356	0.01336	0.01104	0.00998	0.01775
19	0.01773	0.01357	0.01665	0.01701	0.01965	0.01381	0.01256	0.02723	0.12744	0.03841	0.21567	0.27679	0.07617	0.02670	0.01347	0.00411	0.00687	0.05333	0.01131	0.01152
20	0.01825	0.01011	0.01399	0.01399	0.01477	0.00972	0.00952	0.01497	0.01694	0.02180	0.03914	0.04958	0.12535	0.03690	0.03762	0.53384	0.00893	0.01267	0.00604	0.00584
21	0.16865	0.03275	0.19816	0.02301	0.03402	0.02151	0.02404	0.04405	0.02676	0.27369	0.03052	0.02941	0.02016	0.01215	0.01023	0.00351	0.01176	0.00926	0.00946	0.01691
22	0.03137	0.02223	0.03229	0.35535	0.05926	0.02542	0.02637	0.13085	0.03069	0.13665	0.02617	0.03099	0.01835	0.01224	0.01127	0.00362	0.01341	0.01028	0.00802	0.01516
23	0.09676	0.01874	0.02477	0.06897	0.03129	0.01752	0.01681	0.04842	0.02959	0.41553	0.03926	0.03624	0.02552	0.01334	0.01068	0.00344	0.00964	0.01071	0.06548	0.01729
24	0.01349	0.01067	0.01216	0.01335	0.01571	0.00934	0.00942	0.01593	0.02378	0.02964	0.09033	0.33108	0.32220	0.03158	0.01379	0.00415	0.00608	0.02751	0.01045	0.00934
25	0.02056	0.01906	0.03184	0.52544	0.07186	0.02354	0.02933	0.02755	0.02242	0.02875	0.02389	0.08246	0.02050	0.01347	0.01154	0.00383	0.01422	0.01204	0.00551	0.01219
26	0.04753	0.01828	0.02455	0.01907	0.02716	0.01593	0.01567	0.05197	0.03135	0.49169	0.04363	0.03868	0.02796	0.01385	0.01097	0.00340	0.00914	0.01124	0.07967	0.01828
27	0.01777	0.01112	0.01450	0.01584	0.01722	0.01051	0.01098	0.01985	0.02180	0.07057	0.05481	0.39465	0.06263	0.15111	0.02313	0.00586	0.00808	0.06996	0.00998	0.00962
28	0.03265	0.17458	0.23375	0.02532	0.03649	0.02845	0.02750	0.04000	0.02542	0.17993	0.02567	0.02672	0.01830	0.01219	0.01242	0.00339	0.06452	0.00878	0.00745	0.01646
29	0.02769	0.02055	0.03445	0.42481	0.06610	0.02349	0.06046	0.03468	0.02480	0.13572	0.02526	0.03175	0.01782	0.01169	0.01141	0.00370	0.01416	0.01050	0.00690	0.01407
30	0.18361	0.03120	0.13253	0.02306	0.03225	0.02686	0.02180	0.10609	0.19254	0.09320	0.03086	0.03037	0.02242	0.01284	0.01021	0.00360	0.01098	0.00980	0.00922	0.01656

[dist]
# distance from previous block
# <min> <max>
20	57

[block]
# block no. 7 follows, 11 sequences, length 19
# corresponding to MSA columns:
# 823-833,835-842
name=unknown_H
#
# <colnr> <probs for GDERKNQSTAVLIFYWHMCP>
#	G	D	E	R	K	N	Q	S	T	A	V	L	I	F	Y	W	H	M	C	P
0	0.11199	0.08789	0.02890	0.07037	0.03164	0.02596	0.01782	0.13064	0.10796	0.12377	0.11304	0.03882	0.03564	0.01442	0.01066	0.00343	0.00998	0.01146	0.01008	0.01554
1	0.02626	0.01991	0.02569	0.11232	0.03507	0.01967	0.01798	0.10149	0.02723	0.07392	0.02517	0.03091	0.02022	0.02762	0.13703	0.00621	0.01521	0.00934	0.00747	0.26126
2	0.07544	0.19014	0.38657	0.02762	0.04180	0.03055	0.03388	0.03497	0.02319	0.03456	0.01874	0.02195	0.01414	0.01042	0.00956	0.00328	0.01490	0.00759	0.00494	0.01576
3	0.02907	0.54388	0.05354	0.01828	0.02712	0.04072	0.01798	0.03286	0.02295	0.02822	0.01801	0.02073	0.01606	0.01002	0.00729	0.00243	0.01128	0.00652	0.07903	0.01400
4	0.01680	0.01302	0.01859	0.01786	0.01989	0.01480	0.01391	0.02110	0.02246	0.03236	0.18972	0.05532	0.05215	0.05872	0.33593	0.01220	0.07222	0.01454	0.00798	0.01044
5	0.01543	0.01104	0.01494	0.01696	0.01854	0.01055	0.01282	0.01893	0.02460	0.03298	0.13916	0.36822	0.07680	0.03195	0.01454	0.00458	0.00749	0.15996	0.01075	0.00976
6	0.03633	0.09545	0.16138	0.11604	0.04190	0.02350	0.02558	0.04331	0.02743	0.27163	0.03104	0.03101	0.02080	0.01219	0.01069	0.00343	0.01253	0.00975	0.00912	0.01688
7	0.01567	0.01149	0.01468	0.01389	0.01666	0.01051	0.01041	0.02074	0.03124	0.04367	0.48721	0.08648	0.14820	0.02355	0.01328	0.00357	0.00535	0.02069	0.01220	0.01051
8	0.01556	0.01282	0.01684	0.01512	0.01858	0.01151	0.04629	0.01919	0.02607	0.03376	0.21446	0.08988	0.29142	0.11536	0.02016	0.00484	0.00743	0.02081	0.01008	0.00984
9	0.01371	0.00979	0.01306	0.01567	0.01632	0.00914	0.01045	0.01567	0.02155	0.02873	0.06203	0.59710	0.07444	0.03526	0.01437	0.00457	0.00653	0.03200	0.01045	0.00914
10	0.04973	0.02038	0.02688	0.02061	0.02934	0.01836	0.01702	0.09867	0.03427	0.49531	0.04268	0.03719	0.02700	0.01389	0.01131	0.00347	0.00986	0.01120	0.01367	0.01915
11	0.01994	0.01787	0.02830	0.33465	0.05308	0.02200	0.02442	0.02595	0.02264	0.03069	0.10046	0.04022	0.03141	0.02625	0.10606	0.00624	0.07978	0.01194	0.00632	0.01178
12	0.02746	0.01676	0.01982	0.01760	0.02263	0.01629	0.01358	0.10304	0.06402	0.15200	0.10573	0.18789	0.16052	0.02313	0.01267	0.00382	0.00798	0.01975	0.01159	0.01372
13	0.02780	0.42096	0.05095	0.10811	0.03659	0.03981	0.02203	0.03183	0.02187	0.02694	0.01618	0.02102	0.01459	0.01156	0.01281	0.00304	0.10799	0.00728	0.00486	0.01378
14	0.09442	0.01296	0.01456	0.01394	0.01722	0.01338	0.01055	0.02480	0.02183	0.07015	0.04514	0.05342	0.10622	0.09764	0.15633	0.00784	0.01304	0.01317	0.20277	0.01063
15	0.02056	0.01151	0.01474	0.01532	0.01729	0.01071	0.01056	0.02286	0.02253	0.10891	0.05255	0.37223	0.05745	0.12498	0.02047	0.00528	0.00762	0.02421	0.06978	0.01044
16	0.12581	0.02141	0.03306	0.40468	0.14509	0.02533	0.02883	0.03040	0.02250	0.03349	0.01952	0.02782	0.01504	0.01092	0.01057	0.00364	0.01375	0.00940	0.00540	0.01334
17	0.02320	0.11155	0.03394	0.29552	0.05041	0.02736	0.02427	0.02880	0.02178	0.03030	0.02116	0.02915	0.01719	0.01285	0.01475	0.00357	0.11682	0.00943	0.11550	0.01244
18	0.03555	0.02199	0.03566	0.18254	0.16721	0.02210	0.05715	0.04166	0.02763	0.24749	0.03076	0.03300	0.02125	0.01196	0.01139	0.00354	0.01259	0.01079	0.00895	0.01679

[dist]
# distance from previous block
# <min> <max>
0	48

[block]
# block no. 8 follows, 11 sequences, length 22
# corresponding to MSA columns:
# 891-912
name=unknown_I
#
# <colnr> <probs for GDERKNQSTAVLIFYWHMCP>
#	G	D	E	R	K	N	Q	S	T	A	V	L	I	F	Y	W	H	M	C	P
0	0.02627	0.14902	0.22844	0.13416	0.11112	0.02922	0.07090	0.03494	0.02428	0.05990	0.02092	0.02565	0.01584	0.01058	0.01044	0.00336	0.01486	0.00897	0.00548	0.01563
1	0.01830	0.01561	0.02294	0.02795	0.11302	0.01701	0.01745	0.02121	0.02150	0.02989	0.04589	0.38798	0.05314	0.02780	0.01794	0.00441	0.11419	0.02392	0.00854	0.01131
2	0.01526	0.01090	0.01483	0.01744	0.01876	0.01047	0.01313	0.01834	0.02307	0.03046	0.06118	0.43311	0.07107	0.03381	0.01478	0.00478	0.00787	0.18076	0.01042	0.00957
3	0.08475	0.02193	0.08725	0.05237	0.02971	0.01900	0.02022	0.06673	0.02618	0.07689	0.04235	0.17356	0.04314	0.02288	0.01420	0.00432	0.04373	0.14897	0.00910	0.01273
4	0.03856	0.02640	0.03216	0.02505	0.03327	0.02793	0.05615	0.28088	0.10323	0.14853	0.07876	0.03652	0.03057	0.01437	0.01164	0.00350	0.01130	0.01187	0.01144	0.01787
5	0.02494	0.01827	0.02821	0.09952	0.12329	0.02054	0.02158	0.02974	0.02199	0.10412	0.02750	0.03625	0.02298	0.04363	0.24828	0.00989	0.08800	0.01106	0.00684	0.01338
6	0.01846	0.01379	0.01836	0.02261	0.10727	0.01379	0.01187	0.01968	0.01805	0.02454	0.03286	0.06532	0.03672	0.49627	0.04889	0.00953	0.01136	0.01521	0.00659	0.00882
7	0.02412	0.02187	0.03063	0.02492	0.07309	0.01768	0.07561	0.02983	0.02394	0.03661	0.02045	0.02460	0.01682	0.00862	0.00919	0.00208	0.01010	0.00778	0.00645	0.53559
8	0.11622	0.42917	0.04765	0.01884	0.02796	0.03701	0.01787	0.03747	0.02410	0.12333	0.02088	0.02177	0.01660	0.01052	0.00794	0.00274	0.01117	0.00699	0.00674	0.01502
9	0.02427	0.02856	0.09092	0.02427	0.02797	0.11973	0.02096	0.02774	0.02067	0.02698	0.02175	0.03279	0.02025	0.07051	0.17236	0.07028	0.17299	0.01016	0.00547	0.01137
10	0.02408	0.01281	0.01727	0.01702	0.02029	0.01167	0.01278	0.02752	0.02646	0.16570	0.13523	0.32200	0.06672	0.02727	0.01350	0.00417	0.00748	0.06425	0.01167	0.01211
11	0.03381	0.50347	0.05300	0.01940	0.02886	0.03944	0.01876	0.03755	0.02457	0.12031	0.02088	0.02174	0.01689	0.01041	0.00797	0.00260	0.01159	0.00698	0.00647	0.01530
12	0.02703	0.02029	0.03204	0.33023	0.09449	0.02376	0.02664	0.03289	0.02379	0.12259	0.02663	0.06775	0.02142	0.01428	0.01470	0.00387	0.08504	0.01166	0.00702	0.01389
13	0.03609	0.02794	0.03519	0.02760	0.03605	0.03022	0.08899	0.24914	0.20077	0.09492	0.03401	0.03338	0.02459	0.01354	0.01162	0.00359	0.01197	0.01155	0.01072	0.01812
14	0.01434	0.01017	0.01326	0.01507	0.01594	0.00956	0.01006	0.01657	0.02247	0.03035	0.12736	0.46259	0.07530	0.09797	0.01907	0.00514	0.00685	0.02852	0.01032	0.00910
15	0.03645	0.02133	0.03332	0.23876	0.05082	0.02213	0.06682	0.07189	0.02928	0.26553	0.03181	0.03362	0.02131	0.01245	0.01147	0.00361	0.01273	0.01091	0.00953	0.01621
16	0.01910	0.01117	0.01497	0.01631	0.01814	0.01023	0.01134	0.02141	0.02311	0.10396	0.05945	0.51521	0.06761	0.03214	0.01392	0.00441	0.00698	0.02897	0.01096	0.01061
17	0.02971	0.02223	0.03059	0.02308	0.03229	0.01993	0.08519	0.04078	0.12656	0.13070	0.03017	0.03094	0.02241	0.01095	0.01025	0.00275	0.01024	0.00973	0.00883	0.32264
18	0.11873	0.02225	0.02583	0.10243	0.03502	0.02461	0.01874	0.11297	0.17967	0.13560	0.03632	0.08053	0.02848	0.01521	0.01102	0.00370	0.01022	0.01242	0.01025	0.01601
19	0.11518	0.02174	0.11323	0.01942	0.02456	0.01751	0.01789	0.02436	0.01906	0.03089	0.02689	0.04040	0.02489	0.12571	0.31553	0.01240	0.02212	0.01105	0.00603	0.01115
20	0.02465	0.01653	0.02120	0.07005	0.02612	0.01819	0.01494	0.09483	0.11186	0.03295	0.02547	0.03418	0.02176	0.02843	0.03023	0.39068	0.01049	0.01039	0.00703	0.01004
21	0.04530	0.02069	0.02893	0.02746	0.10286	0.01899	0.01929	0.05229	0.07146	0.42667	0.04112	0.03708	0.02693	0.01347	0.01130	0.00349	0.01008	0.01125	0.01250	0.01885

[dist]
# distance from previous block
# <min> <max>
0	920

# created by:
# /st0/software/busco_prod/Augustus/scripts/msa2prfl.pl ./align_prep/4624.fa
