[name]
unknown

[dist]
# distance from previous block
# <min> <max>
0	52

[block]
# block no. 0 follows, 12 sequences, length 10
# corresponding to MSA columns:
# 53-62
name=unknown_A
#
# <colnr> <probs for GDERKNQSTAVLIFYWHMCP>
#	G	D	E	R	K	N	Q	S	T	A	V	L	I	F	Y	W	H	M	C	P
0	0.01546	0.01116	0.01558	0.01706	0.01860	0.01161	0.01308	0.01874	0.02054	0.02780	0.04712	0.24135	0.05200	0.09687	0.20225	0.00942	0.01527	0.14840	0.00840	0.00929
1	0.02488	0.02276	0.03382	0.04246	0.29677	0.02043	0.02356	0.03057	0.02376	0.03558	0.01997	0.02488	0.01673	0.00892	0.00948	0.00246	0.01060	0.00815	0.00591	0.33832
2	0.02989	0.02252	0.02628	0.09321	0.03442	0.02464	0.01861	0.09207	0.30481	0.10889	0.03674	0.03552	0.02696	0.01327	0.01072	0.00339	0.00971	0.01097	0.01010	0.08729
3	0.02605	0.02852	0.05925	0.05126	0.18148	0.02715	0.38876	0.03456	0.02551	0.03510	0.02167	0.02880	0.01673	0.00932	0.01234	0.00357	0.01701	0.01207	0.00548	0.01536
4	0.03758	0.20734	0.03803	0.02552	0.03215	0.42895	0.02041	0.04058	0.02852	0.02640	0.01639	0.01907	0.01403	0.01072	0.00906	0.00268	0.01749	0.00670	0.00536	0.01301
5	0.01328	0.00949	0.01265	0.01518	0.01581	0.00886	0.01012	0.01518	0.02088	0.02783	0.06010	0.60969	0.07212	0.03416	0.01392	0.00443	0.00633	0.03100	0.01012	0.00886
6	0.02618	0.02508	0.04280	0.13302	0.48901	0.02569	0.03306	0.03276	0.02445	0.03464	0.02037	0.02725	0.01693	0.00986	0.01081	0.00329	0.01315	0.00971	0.00533	0.01662
7	0.02553	0.02404	0.04051	0.06021	0.48158	0.02394	0.03054	0.03184	0.02559	0.03664	0.08646	0.03386	0.02808	0.01130	0.01106	0.00326	0.01197	0.01098	0.00623	0.01639
8	0.03121	0.02269	0.03706	0.16375	0.31845	0.02306	0.02839	0.03728	0.02581	0.16583	0.02597	0.02998	0.01916	0.01092	0.01086	0.00335	0.01235	0.01003	0.00733	0.01652
9	0.01558	0.01168	0.01752	0.01752	0.01947	0.01363	0.01363	0.01947	0.01752	0.02531	0.02921	0.04283	0.02726	0.08178	0.57360	0.01752	0.02921	0.01168	0.00584	0.00974

[dist]
# distance from previous block
# <min> <max>
0	1

[block]
# block no. 1 follows, 12 sequences, length 52
# corresponding to MSA columns:
# 64-115
name=unknown_B
#
# <colnr> <probs for GDERKNQSTAVLIFYWHMCP>
#	G	D	E	R	K	N	Q	S	T	A	V	L	I	F	Y	W	H	M	C	P
0	0.23670	0.16004	0.03177	0.02197	0.02870	0.29751	0.01776	0.03781	0.02535	0.03323	0.01600	0.01862	0.01335	0.01051	0.00831	0.00288	0.01461	0.00644	0.00577	0.01267
1	0.04892	0.01856	0.02530	0.01940	0.02783	0.01603	0.01603	0.05314	0.03121	0.55634	0.04302	0.03711	0.02699	0.01350	0.01096	0.00337	0.00928	0.01096	0.01350	0.01856
2	0.02413	0.03770	0.24637	0.09093	0.13414	0.02606	0.14595	0.03654	0.08248	0.03548	0.02317	0.02779	0.01736	0.01054	0.01116	0.00351	0.01511	0.01011	0.00573	0.01574
3	0.01894	0.00947	0.01420	0.01420	0.01420	0.00947	0.00947	0.01420	0.01420	0.01894	0.01894	0.03314	0.01894	0.03788	0.04261	0.68277	0.00947	0.00947	0.00473	0.00473
4	0.09694	0.01874	0.02461	0.01902	0.02733	0.01665	0.01571	0.05157	0.03027	0.51856	0.04094	0.03567	0.02586	0.01324	0.01065	0.00337	0.00922	0.01059	0.01299	0.01805
5	0.01324	0.00965	0.01249	0.01475	0.01570	0.00889	0.00993	0.01523	0.02129	0.02800	0.06531	0.55741	0.12103	0.03348	0.01381	0.00435	0.00624	0.03017	0.01012	0.00889
6	0.01543	0.01115	0.01457	0.01372	0.01629	0.01029	0.01029	0.02058	0.03086	0.04372	0.54304	0.08145	0.10288	0.02229	0.01286	0.00343	0.00514	0.01972	0.01200	0.01029
7	0.02712	0.02342	0.02465	0.02219	0.02835	0.02712	0.01726	0.05794	0.52909	0.04561	0.04438	0.04068	0.03328	0.01479	0.01109	0.00370	0.00863	0.01233	0.01109	0.01726
8	0.69383	0.02109	0.01603	0.01434	0.02109	0.02446	0.01181	0.03205	0.01856	0.04892	0.01518	0.01771	0.01181	0.01012	0.00675	0.00337	0.00843	0.00590	0.00675	0.01181
9	0.18739	0.02233	0.02528	0.01983	0.02797	0.02264	0.01637	0.17198	0.03384	0.31476	0.03243	0.02995	0.02141	0.01265	0.01003	0.00335	0.00983	0.00955	0.01133	0.01708
10	0.04145	0.03054	0.03272	0.02509	0.03381	0.03381	0.02072	0.51243	0.05127	0.06872	0.02618	0.02618	0.01854	0.01309	0.01091	0.00327	0.01200	0.00982	0.01091	0.01854
11	0.03833	0.02899	0.03097	0.02446	0.03262	0.03236	0.01997	0.41343	0.15535	0.06368	0.03014	0.02934	0.02175	0.01346	0.01095	0.00337	0.01126	0.01036	0.01095	0.01826
12	0.69383	0.02109	0.01603	0.01434	0.02109	0.02446	0.01181	0.03205	0.01856	0.04892	0.01518	0.01771	0.01181	0.01012	0.00675	0.00337	0.00843	0.00590	0.00675	0.01181
13	0.01289	0.01105	0.01105	0.01105	0.01473	0.00920	0.00828	0.01565	0.02485	0.02946	0.11046	0.10493	0.54437	0.02761	0.01289	0.00368	0.00552	0.02301	0.01013	0.00920
14	0.69383	0.02109	0.01603	0.01434	0.02109	0.02446	0.01181	0.03205	0.01856	0.04892	0.01518	0.01771	0.01181	0.01012	0.00675	0.00337	0.00843	0.00590	0.00675	0.01181
15	0.02559	0.02449	0.04174	0.18100	0.44561	0.02554	0.03277	0.03224	0.02417	0.03393	0.02026	0.02744	0.01668	0.00997	0.01082	0.00332	0.01330	0.00971	0.00528	0.01615
16	0.04266	0.02859	0.03152	0.02416	0.03284	0.03092	0.01996	0.43774	0.04800	0.14802	0.02892	0.02796	0.01992	0.01316	0.01092	0.00329	0.01156	0.01000	0.01133	0.01854
17	0.01315	0.01003	0.01210	0.01375	0.01544	0.00898	0.00949	0.01534	0.02225	0.02839	0.07749	0.43533	0.23525	0.03190	0.01356	0.00417	0.00605	0.02824	0.01012	0.00898
18	0.04576	0.01786	0.02429	0.01886	0.02675	0.01548	0.01548	0.05007	0.03118	0.50799	0.09018	0.04129	0.03415	0.01432	0.01114	0.00338	0.00889	0.01179	0.01335	0.01778
19	0.02403	0.08064	0.08988	0.09923	0.08127	0.02397	0.02066	0.07668	0.12306	0.03453	0.02879	0.04079	0.02565	0.17902	0.02282	0.00535	0.01181	0.01137	0.00712	0.01332
20	0.02878	0.02460	0.08386	0.25849	0.20272	0.02304	0.02906	0.03565	0.02486	0.14590	0.02488	0.02964	0.01799	0.01106	0.01083	0.00344	0.01307	0.00982	0.00687	0.01542
21	0.01328	0.00949	0.01265	0.01518	0.01581	0.00886	0.01012	0.01518	0.02088	0.02783	0.06010	0.60969	0.07212	0.03416	0.01392	0.00443	0.00633	0.03100	0.01012	0.00886
22	0.04479	0.01751	0.02384	0.01891	0.02644	0.01520	0.01534	0.04874	0.03001	0.49511	0.04499	0.10345	0.03222	0.01589	0.01131	0.00350	0.00894	0.01329	0.01310	0.01743
23	0.11501	0.14770	0.19296	0.13339	0.04300	0.02997	0.02685	0.12150	0.02729	0.03981	0.01935	0.02303	0.01460	0.01074	0.00945	0.00323	0.01319	0.00799	0.00612	0.01482
24	0.02574	0.02941	0.06434	0.04596	0.05699	0.02757	0.50919	0.03493	0.02574	0.03493	0.02206	0.02941	0.01654	0.00919	0.01287	0.00368	0.01838	0.01287	0.00551	0.01471
25	0.69383	0.02109	0.01603	0.01434	0.02109	0.02446	0.01181	0.03205	0.01856	0.04892	0.01518	0.01771	0.01181	0.01012	0.00675	0.00337	0.00843	0.00590	0.00675	0.01181
26	0.01324	0.00965	0.01249	0.01475	0.01570	0.00889	0.00993	0.01523	0.02129	0.02800	0.06531	0.55741	0.12103	0.03348	0.01381	0.00435	0.00624	0.03017	0.01012	0.00889
27	0.04078	0.05046	0.03103	0.02788	0.03372	0.53523	0.02104	0.07642	0.03233	0.02963	0.01751	0.02012	0.01436	0.01137	0.00991	0.00284	0.01913	0.00722	0.00599	0.01305
28	0.01543	0.01115	0.01457	0.01372	0.01629	0.01029	0.01029	0.02058	0.03086	0.04372	0.54304	0.08145	0.10288	0.02229	0.01286	0.00343	0.00514	0.01972	0.01200	0.01029
29	0.02273	0.01276	0.01691	0.01496	0.01880	0.01154	0.01154	0.02767	0.03094	0.15539	0.43412	0.07179	0.08635	0.02037	0.01245	0.00342	0.00604	0.01781	0.01233	0.01209
30	0.01397	0.01039	0.01310	0.01450	0.01629	0.00952	0.01045	0.01691	0.02386	0.03142	0.15567	0.36573	0.17594	0.03032	0.01362	0.00415	0.00629	0.06812	0.01045	0.00929
31	0.01981	0.01190	0.01537	0.01401	0.01726	0.01094	0.01068	0.02484	0.03009	0.10280	0.43336	0.07215	0.08645	0.02029	0.01211	0.00333	0.00562	0.01773	0.08002	0.01123
32	0.04822	0.01968	0.02600	0.01993	0.02839	0.01769	0.01647	0.09609	0.03308	0.51074	0.04144	0.03609	0.02620	0.01346	0.01096	0.00336	0.00953	0.01086	0.01325	0.01855
33	0.01345	0.00985	0.01293	0.01497	0.01604	0.00933	0.01025	0.01562	0.02098	0.02777	0.06248	0.50538	0.11691	0.03785	0.06518	0.00555	0.00834	0.02840	0.00973	0.00897
34	0.24310	0.15484	0.04138	0.02898	0.08216	0.02860	0.15090	0.03267	0.02225	0.03757	0.01793	0.02217	0.01448	0.00947	0.00897	0.00306	0.01224	0.00819	0.00581	0.07523
35	0.03076	0.45726	0.09900	0.02169	0.03091	0.14634	0.02116	0.03498	0.02397	0.02669	0.01591	0.01844	0.01399	0.00980	0.00787	0.00253	0.01366	0.00627	0.00485	0.01392
36	0.07606	0.11176	0.15276	0.02977	0.07332	0.05997	0.10023	0.03859	0.12331	0.03638	0.02383	0.02643	0.01843	0.01069	0.00998	0.00316	0.01309	0.00911	0.00648	0.07665
37	0.01989	0.01359	0.01733	0.01738	0.01971	0.01411	0.01277	0.02518	0.07466	0.09089	0.05653	0.37747	0.10114	0.02761	0.01542	0.00420	0.06705	0.02381	0.01007	0.01120
38	0.01328	0.00949	0.01265	0.01518	0.01581	0.00886	0.01012	0.01518	0.02088	0.02783	0.06010	0.60969	0.07212	0.03416	0.01392	0.00443	0.00633	0.03100	0.01012	0.00886
39	0.02615	0.44258	0.14970	0.02049	0.03035	0.03588	0.02188	0.03162	0.02333	0.02947	0.07717	0.02597	0.02426	0.01103	0.00833	0.00268	0.01177	0.00787	0.00550	0.01397
40	0.03230	0.13139	0.19785	0.02356	0.03403	0.02590	0.02433	0.04501	0.13874	0.19091	0.03138	0.03026	0.02213	0.01212	0.01015	0.00330	0.01167	0.00951	0.00872	0.01675
41	0.03049	0.02362	0.02546	0.02219	0.02881	0.02669	0.01746	0.09920	0.43827	0.09591	0.04258	0.03901	0.03134	0.01451	0.01107	0.00363	0.00900	0.01197	0.01130	0.01750
42	0.01953	0.01513	0.01830	0.01701	0.01880	0.01745	0.01247	0.02679	0.10926	0.03086	0.08046	0.05309	0.03790	0.24025	0.08919	0.00764	0.10601	0.01356	0.07593	0.01039
43	0.02982	0.03567	0.23370	0.09424	0.16928	0.02415	0.03132	0.07286	0.02707	0.13993	0.02491	0.02764	0.01770	0.01108	0.01068	0.00339	0.01351	0.00934	0.00705	0.01666
44	0.02776	0.04816	0.44377	0.02853	0.04297	0.02330	0.03500	0.03858	0.02480	0.14819	0.02467	0.02609	0.01668	0.01104	0.01049	0.00344	0.01463	0.00869	0.00654	0.01665
45	0.01387	0.00985	0.01306	0.01541	0.01618	0.00933	0.01058	0.01593	0.02092	0.02781	0.05805	0.52564	0.06893	0.07506	0.01697	0.00492	0.00698	0.07184	0.00986	0.00881
46	0.02795	0.02544	0.04136	0.22235	0.19855	0.02741	0.10990	0.13885	0.02991	0.04040	0.02167	0.02788	0.01655	0.01076	0.01120	0.00345	0.01416	0.01026	0.00647	0.01546
47	0.03665	0.03370	0.21473	0.02851	0.08394	0.02204	0.02662	0.09237	0.02983	0.27486	0.03098	0.03011	0.02060	0.01200	0.01073	0.00338	0.01229	0.00971	0.00936	0.01758
48	0.02761	0.02348	0.04110	0.21658	0.19957	0.02451	0.12716	0.03612	0.05648	0.10159	0.02491	0.03031	0.01854	0.01079	0.01130	0.00350	0.01381	0.01068	0.00666	0.01530
49	0.01746	0.01363	0.01782	0.01682	0.01732	0.01613	0.01200	0.01895	0.01646	0.02327	0.02885	0.05417	0.03120	0.35595	0.18278	0.01112	0.13805	0.01348	0.00603	0.00851
50	0.16928	0.02017	0.02139	0.01638	0.02506	0.01800	0.01313	0.03161	0.07419	0.03949	0.02105	0.02341	0.01698	0.00922	0.00810	0.00221	0.00821	0.00695	0.00700	0.46816
51	0.03391	0.02791	0.08309	0.10806	0.14500	0.07289	0.05520	0.04247	0.07449	0.20194	0.02952	0.03092	0.02088	0.01173	0.01089	0.00339	0.01282	0.01016	0.00842	0.01631

[dist]
# distance from previous block
# <min> <max>
0	1

[block]
# block no. 2 follows, 12 sequences, length 12
# corresponding to MSA columns:
# 117-128
name=unknown_C
#
# <colnr> <probs for GDERKNQSTAVLIFYWHMCP>
#	G	D	E	R	K	N	Q	S	T	A	V	L	I	F	Y	W	H	M	C	P
0	0.02227	0.01859	0.02922	0.24388	0.04574	0.02041	0.08195	0.07845	0.02764	0.03861	0.14027	0.04230	0.03705	0.01374	0.01109	0.00339	0.01121	0.01243	0.10932	0.01242
1	0.02414	0.03414	0.20078	0.03386	0.09069	0.02505	0.13418	0.03987	0.16691	0.03866	0.07353	0.03497	0.02812	0.01234	0.01139	0.00355	0.01323	0.01152	0.00736	0.01572
2	0.01521	0.01058	0.01224	0.01240	0.01320	0.01020	0.00765	0.01639	0.01934	0.02573	0.11242	0.13396	0.10533	0.41298	0.04086	0.00823	0.00886	0.01875	0.00807	0.00761
3	0.02006	0.01853	0.03021	0.42638	0.11471	0.02169	0.02669	0.02661	0.02323	0.03025	0.07481	0.04095	0.07480	0.01343	0.01126	0.00358	0.01265	0.01189	0.00606	0.01222
4	0.02988	0.02494	0.04175	0.06065	0.47998	0.02460	0.03116	0.03606	0.02567	0.10440	0.02348	0.02832	0.01855	0.01021	0.01082	0.00326	0.01247	0.00988	0.00647	0.01744
5	0.01464	0.01111	0.01348	0.01289	0.01580	0.00995	0.00967	0.01905	0.02900	0.03929	0.40873	0.08874	0.23996	0.02394	0.01287	0.00351	0.00526	0.02074	0.01142	0.00995
6	0.39034	0.02013	0.01962	0.01586	0.02369	0.02020	0.01297	0.03534	0.02223	0.15230	0.02209	0.02302	0.01609	0.01032	0.00797	0.00293	0.00852	0.00711	0.00809	0.18118
7	0.02384	0.01258	0.01604	0.01424	0.01811	0.01153	0.01101	0.02877	0.02930	0.15646	0.32836	0.06327	0.07073	0.01838	0.01137	0.00323	0.00605	0.01582	0.14881	0.01209
8	0.03557	0.30681	0.04260	0.02388	0.03116	0.33671	0.01999	0.03868	0.02700	0.02622	0.01610	0.01869	0.01402	0.01039	0.00857	0.00260	0.01609	0.00649	0.00519	0.01324
9	0.01328	0.00949	0.01265	0.01518	0.01581	0.00886	0.01012	0.01518	0.02088	0.02783	0.06010	0.60969	0.07212	0.03416	0.01392	0.00443	0.00633	0.03100	0.01012	0.00886
10	0.69383	0.02109	0.01603	0.01434	0.02109	0.02446	0.01181	0.03205	0.01856	0.04892	0.01518	0.01771	0.01181	0.01012	0.00675	0.00337	0.00843	0.00590	0.00675	0.01181
11	0.12683	0.16740	0.06810	0.08922	0.12669	0.02859	0.02202	0.03578	0.11678	0.03567	0.02554	0.06763	0.02208	0.01255	0.00954	0.00327	0.01104	0.01012	0.00672	0.01443

[dist]
# distance from previous block
# <min> <max>
0	2

[block]
# block no. 3 follows, 12 sequences, length 34
# corresponding to MSA columns:
# 131-164
name=unknown_D
#
# <colnr> <probs for GDERKNQSTAVLIFYWHMCP>
#	G	D	E	R	K	N	Q	S	T	A	V	L	I	F	Y	W	H	M	C	P
0	0.18638	0.06802	0.02543	0.01836	0.02655	0.07357	0.01492	0.07808	0.06847	0.04112	0.02062	0.02268	0.01646	0.00999	0.00837	0.00253	0.00991	0.00715	0.00713	0.29427
1	0.46743	0.08084	0.07230	0.01753	0.02568	0.02633	0.01612	0.07156	0.02287	0.08744	0.01867	0.02039	0.01393	0.01057	0.00777	0.00328	0.00979	0.00681	0.00722	0.01347
2	0.01558	0.01168	0.01752	0.01752	0.01947	0.01363	0.01363	0.01947	0.01752	0.02531	0.02921	0.04283	0.02726	0.08178	0.57360	0.01752	0.02921	0.01168	0.00584	0.00974
3	0.01731	0.01118	0.01473	0.01580	0.01799	0.01036	0.01179	0.02054	0.02442	0.07529	0.13971	0.34752	0.11335	0.02926	0.01361	0.00422	0.00697	0.10513	0.01069	0.01013
4	0.08799	0.12888	0.20135	0.06746	0.03685	0.02607	0.02510	0.03329	0.02251	0.08182	0.02012	0.02343	0.01537	0.01089	0.01145	0.00308	0.06390	0.00776	0.00598	0.12672
5	0.02659	0.07714	0.10707	0.02327	0.07230	0.01986	0.01945	0.03449	0.06623	0.12798	0.11701	0.04201	0.07055	0.01386	0.01043	0.00301	0.00962	0.01152	0.00870	0.13891
6	0.01289	0.01105	0.01105	0.01105	0.01473	0.00920	0.00828	0.01565	0.02485	0.02946	0.11046	0.10493	0.54437	0.02761	0.01289	0.00368	0.00552	0.02301	0.01013	0.00920
7	0.03546	0.02746	0.11792	0.02189	0.03076	0.02201	0.02044	0.18653	0.03542	0.21766	0.08640	0.04167	0.07704	0.01495	0.01120	0.00339	0.01058	0.01203	0.01070	0.01650
8	0.02454	0.03949	0.25726	0.17169	0.18094	0.07362	0.03449	0.03348	0.02389	0.03255	0.01952	0.02516	0.01489	0.01040	0.01055	0.00338	0.01525	0.00877	0.00495	0.01516
9	0.04307	0.02316	0.07443	0.02624	0.07253	0.01851	0.05947	0.04857	0.02958	0.42992	0.03761	0.03452	0.02429	0.01259	0.01106	0.00339	0.01087	0.01078	0.01148	0.01794
10	0.02390	0.02027	0.02184	0.02040	0.02560	0.02280	0.01586	0.04770	0.40052	0.04163	0.05297	0.09872	0.08726	0.01878	0.01181	0.00386	0.00826	0.05173	0.01084	0.01525
11	0.02749	0.03460	0.20839	0.13331	0.21442	0.02533	0.03249	0.07907	0.02674	0.08171	0.02247	0.02683	0.01664	0.01076	0.01069	0.00339	0.01384	0.00929	0.00625	0.01627
12	0.09329	0.51568	0.05091	0.01908	0.02784	0.08820	0.01822	0.03355	0.02259	0.02795	0.01531	0.01770	0.01379	0.00957	0.00722	0.00247	0.01206	0.00594	0.00495	0.01367
13	0.01348	0.01107	0.01186	0.01167	0.01509	0.00946	0.00875	0.01679	0.02625	0.03277	0.21082	0.09948	0.44194	0.02638	0.01288	0.00362	0.00543	0.02225	0.01056	0.00946
14	0.02816	0.51193	0.05368	0.07611	0.08073	0.03979	0.02111	0.03228	0.02237	0.02678	0.01605	0.01945	0.01435	0.00951	0.00771	0.00254	0.01205	0.00655	0.00475	0.01412
15	0.01501	0.01113	0.01399	0.01328	0.01603	0.01011	0.00996	0.01977	0.02988	0.04138	0.47194	0.08531	0.17544	0.02317	0.01286	0.00347	0.00521	0.02026	0.01169	0.01011
16	0.02574	0.02941	0.06434	0.04596	0.05699	0.02757	0.50919	0.03493	0.02574	0.03493	0.02206	0.02941	0.01654	0.00919	0.01287	0.00368	0.01838	0.01287	0.00551	0.01471
17	0.01457	0.01091	0.01256	0.01238	0.01529	0.00971	0.00920	0.01845	0.02692	0.03619	0.28140	0.12580	0.28554	0.02467	0.01253	0.00354	0.00539	0.02118	0.06408	0.00971
18	0.01483	0.01099	0.01383	0.01341	0.01599	0.00999	0.00995	0.01931	0.02902	0.04003	0.43089	0.13058	0.17243	0.02418	0.01296	0.00356	0.00531	0.02122	0.01153	0.00999
19	0.01586	0.01057	0.01189	0.01189	0.01189	0.01057	0.00661	0.01586	0.01586	0.02114	0.03436	0.07135	0.03964	0.61681	0.05550	0.01057	0.01057	0.01586	0.00661	0.00661
20	0.02965	0.03057	0.02055	0.01942	0.02329	0.28571	0.01444	0.03332	0.02661	0.03259	0.02873	0.08441	0.02533	0.01402	0.00930	0.00285	0.01234	0.01060	0.28500	0.01125
21	0.04073	0.05197	0.03090	0.02809	0.03371	0.57303	0.02107	0.04354	0.03090	0.02669	0.01685	0.01966	0.01404	0.01124	0.00983	0.00281	0.01966	0.00702	0.00562	0.01264
22	0.04892	0.01856	0.02530	0.01940	0.02783	0.01603	0.01603	0.05314	0.03121	0.55634	0.04302	0.03711	0.02699	0.01350	0.01096	0.00337	0.00928	0.01096	0.01350	0.01856
23	0.69383	0.02109	0.01603	0.01434	0.02109	0.02446	0.01181	0.03205	0.01856	0.04892	0.01518	0.01771	0.01181	0.01012	0.00675	0.00337	0.00843	0.00590	0.00675	0.01181
24	0.01569	0.01124	0.01529	0.01529	0.01646	0.01242	0.01084	0.01804	0.01686	0.02366	0.03125	0.05415	0.03217	0.29411	0.36798	0.01476	0.02181	0.01334	0.00614	0.00849
25	0.01591	0.01140	0.01552	0.01717	0.01921	0.01101	0.01376	0.02016	0.02550	0.03427	0.18419	0.23783	0.07557	0.02913	0.01419	0.00445	0.00781	0.24255	0.01057	0.00980
26	0.01328	0.00949	0.01265	0.01518	0.01581	0.00886	0.01012	0.01518	0.02088	0.02783	0.06010	0.60969	0.07212	0.03416	0.01392	0.00443	0.00633	0.03100	0.01012	0.00886
27	0.02712	0.02342	0.02465	0.02219	0.02835	0.02712	0.01726	0.05794	0.52909	0.04561	0.04438	0.04068	0.03328	0.01479	0.01109	0.00370	0.00863	0.01233	0.01109	0.01726
28	0.69383	0.02109	0.01603	0.01434	0.02109	0.02446	0.01181	0.03205	0.01856	0.04892	0.01518	0.01771	0.01181	0.01012	0.00675	0.00337	0.00843	0.00590	0.00675	0.01181
29	0.01586	0.01057	0.01189	0.01189	0.01189	0.01057	0.00661	0.01586	0.01586	0.02114	0.03436	0.07135	0.03964	0.61681	0.05550	0.01057	0.01057	0.01586	0.00661	0.00661
30	0.01586	0.01057	0.01189	0.01189	0.01189	0.01057	0.00661	0.01586	0.01586	0.02114	0.03436	0.07135	0.03964	0.61681	0.05550	0.01057	0.01057	0.01586	0.00661	0.00661
31	0.02678	0.26198	0.08414	0.02155	0.02786	0.03113	0.02023	0.03112	0.02311	0.07993	0.10472	0.03198	0.02990	0.01446	0.01605	0.00334	0.16177	0.00975	0.00673	0.01347
32	0.02964	0.18481	0.04362	0.03811	0.19219	0.11737	0.06670	0.03952	0.11872	0.03341	0.02311	0.02612	0.01882	0.01075	0.00990	0.00306	0.01336	0.00904	0.00631	0.01546
33	0.02196	0.02110	0.03677	0.17426	0.04641	0.02215	0.17559	0.03315	0.10855	0.03714	0.16012	0.04466	0.04116	0.01395	0.01207	0.00360	0.01236	0.01374	0.00794	0.01331

[dist]
# distance from previous block
# <min> <max>
0	16

[block]
# block no. 4 follows, 12 sequences, length 94
# corresponding to MSA columns:
# 181-274
name=unknown_E
#
# <colnr> <probs for GDERKNQSTAVLIFYWHMCP>
#	G	D	E	R	K	N	Q	S	T	A	V	L	I	F	Y	W	H	M	C	P
0	0.02786	0.02014	0.02509	0.02155	0.07102	0.01683	0.01557	0.03494	0.06727	0.12540	0.02564	0.02700	0.01955	0.00971	0.00906	0.00223	0.00874	0.00801	0.00797	0.45642
1	0.01902	0.01095	0.01469	0.01586	0.01775	0.01001	0.01107	0.02129	0.02254	0.11285	0.05735	0.51759	0.06486	0.03084	0.01344	0.00426	0.00680	0.02777	0.01066	0.01042
2	0.02816	0.28353	0.26554	0.02499	0.03708	0.03404	0.02814	0.11466	0.02745	0.03669	0.01889	0.02130	0.01469	0.01040	0.00908	0.00296	0.01360	0.00745	0.00570	0.01566
3	0.02816	0.02596	0.08488	0.09342	0.24747	0.02295	0.11381	0.03496	0.02527	0.11849	0.02764	0.07863	0.02287	0.01248	0.01143	0.00349	0.01317	0.01215	0.00702	0.01576
4	0.01755	0.01631	0.03035	0.02572	0.02991	0.01527	0.18103	0.02194	0.02254	0.03026	0.04707	0.41097	0.05308	0.02561	0.01356	0.00417	0.01045	0.02479	0.00854	0.01086
5	0.02283	0.02185	0.02039	0.02161	0.02472	0.14821	0.01779	0.02705	0.02615	0.03078	0.04801	0.13891	0.05172	0.02588	0.01370	0.00443	0.01206	0.32435	0.00897	0.01057
6	0.03206	0.01716	0.02384	0.02550	0.10803	0.01626	0.01676	0.03840	0.06934	0.25096	0.04320	0.18161	0.03750	0.01818	0.01142	0.00358	0.00872	0.01590	0.06653	0.01507
7	0.04073	0.05197	0.03090	0.02809	0.03371	0.57303	0.02107	0.04354	0.03090	0.02669	0.01685	0.01966	0.01404	0.01124	0.00983	0.00281	0.01966	0.00702	0.00562	0.01264
8	0.01893	0.01756	0.02097	0.02066	0.02147	0.06075	0.01554	0.02106	0.02026	0.02721	0.04150	0.36887	0.04837	0.02736	0.02088	0.00442	0.20402	0.02199	0.00799	0.01017
9	0.02653	0.05530	0.42953	0.03034	0.04386	0.16062	0.03554	0.03676	0.02497	0.03259	0.01890	0.02219	0.01387	0.01058	0.01023	0.00329	0.01699	0.00780	0.00485	0.01526
10	0.02033	0.01016	0.01016	0.01016	0.01270	0.01016	0.00762	0.02541	0.02287	0.04065	0.03557	0.04065	0.02795	0.01270	0.00762	0.00254	0.00508	0.01016	0.67734	0.01016
11	0.04073	0.05197	0.03090	0.02809	0.03371	0.57303	0.02107	0.04354	0.03090	0.02669	0.01685	0.01966	0.01404	0.01124	0.00983	0.00281	0.01966	0.00702	0.00562	0.01264
12	0.04648	0.01784	0.02401	0.01861	0.02654	0.01553	0.01531	0.05077	0.03050	0.51234	0.04238	0.03741	0.02707	0.01343	0.01068	0.00330	0.00892	0.01090	0.07014	0.01784
13	0.02001	0.01618	0.01841	0.01697	0.02111	0.01711	0.01298	0.03550	0.23489	0.04329	0.30161	0.06671	0.11179	0.01966	0.01214	0.00356	0.00661	0.01696	0.01147	0.01306
14	0.04002	0.02944	0.02979	0.02345	0.03129	0.07680	0.01911	0.38649	0.04510	0.10389	0.02769	0.02792	0.01976	0.01293	0.01051	0.00317	0.01177	0.00971	0.07392	0.01724
15	0.15881	0.01899	0.02372	0.01854	0.02668	0.01746	0.01531	0.04954	0.02905	0.46988	0.03827	0.03381	0.02440	0.01292	0.01025	0.00337	0.00913	0.01010	0.01235	0.01741
16	0.01631	0.01172	0.01580	0.01633	0.01888	0.01122	0.01328	0.02140	0.02850	0.03917	0.34381	0.09850	0.08641	0.02551	0.01376	0.00408	0.00715	0.20679	0.01120	0.01019
17	0.02713	0.02682	0.05570	0.12835	0.05704	0.02596	0.38772	0.03555	0.02564	0.08331	0.02363	0.03009	0.01722	0.00987	0.01238	0.00364	0.01692	0.01219	0.00617	0.01467
18	0.01310	0.01105	0.01134	0.01127	0.01486	0.00930	0.00845	0.01606	0.02535	0.03065	0.14656	0.10297	0.50752	0.02717	0.01288	0.00366	0.00549	0.02274	0.01028	0.00930
19	0.02712	0.02342	0.02465	0.02219	0.02835	0.02712	0.01726	0.05794	0.52909	0.04561	0.04438	0.04068	0.03328	0.01479	0.01109	0.00370	0.00863	0.01233	0.01109	0.01726
20	0.02385	0.02385	0.03340	0.02863	0.02863	0.03340	0.02385	0.02624	0.01670	0.02624	0.01431	0.02385	0.01431	0.01908	0.03578	0.00477	0.59685	0.00954	0.00477	0.01193
21	0.01689	0.01387	0.01878	0.01803	0.01930	0.01576	0.01372	0.02025	0.02393	0.03399	0.24778	0.24095	0.06996	0.02538	0.01910	0.00410	0.15763	0.02082	0.00952	0.01024
22	0.01522	0.01030	0.01208	0.01271	0.01286	0.01015	0.00748	0.01569	0.01710	0.02280	0.04073	0.20461	0.04768	0.47258	0.04520	0.00905	0.00952	0.01960	0.00748	0.00716
23	0.01470	0.01058	0.01392	0.01422	0.01613	0.00980	0.01023	0.01873	0.02744	0.03828	0.37765	0.26235	0.09234	0.02636	0.01322	0.00377	0.00555	0.02358	0.01136	0.00980
24	0.14125	0.02365	0.03335	0.12118	0.08421	0.02564	0.10034	0.07755	0.15098	0.09094	0.02817	0.03045	0.02077	0.01177	0.01057	0.00353	0.01184	0.01036	0.00816	0.01531
25	0.02379	0.02228	0.03751	0.40560	0.15641	0.02555	0.07107	0.06661	0.02495	0.03300	0.02034	0.02850	0.01551	0.01071	0.01105	0.00354	0.01438	0.00998	0.00547	0.01376
26	0.01683	0.01202	0.01672	0.01924	0.02142	0.01191	0.01629	0.02131	0.02437	0.03180	0.05814	0.20680	0.06436	0.03082	0.01486	0.00492	0.00940	0.39888	0.01005	0.00984
27	0.01478	0.01163	0.01596	0.10681	0.02526	0.01164	0.01310	0.01827	0.02347	0.03096	0.14855	0.33948	0.14495	0.02722	0.01307	0.00400	0.00730	0.02425	0.00961	0.00969
28	0.03959	0.08005	0.12019	0.02443	0.03447	0.02376	0.06294	0.12123	0.03187	0.30148	0.03225	0.03068	0.02145	0.01219	0.01067	0.00331	0.01182	0.01002	0.01018	0.01743
29	0.02868	0.02513	0.04113	0.05946	0.46437	0.02525	0.03074	0.03706	0.06843	0.07638	0.02428	0.02893	0.01939	0.01044	0.01083	0.00329	0.01230	0.01003	0.00650	0.01737
30	0.13716	0.02936	0.03648	0.04851	0.33095	0.11894	0.02702	0.03431	0.02413	0.03545	0.01849	0.02397	0.01558	0.01085	0.01214	0.00332	0.06397	0.00863	0.00560	0.01514
31	0.01669	0.01052	0.01415	0.01596	0.01741	0.00978	0.01125	0.01905	0.02211	0.07343	0.05844	0.51974	0.06747	0.03205	0.01376	0.00439	0.00689	0.06671	0.01040	0.00979
32	0.02355	0.02223	0.03689	0.31340	0.27755	0.02414	0.03020	0.03027	0.02319	0.03190	0.01987	0.02761	0.01587	0.01014	0.01061	0.00329	0.01330	0.00943	0.00522	0.07136
33	0.69383	0.02109	0.01603	0.01434	0.02109	0.02446	0.01181	0.03205	0.01856	0.04892	0.01518	0.01771	0.01181	0.01012	0.00675	0.00337	0.00843	0.00590	0.00675	0.01181
34	0.02033	0.01016	0.01016	0.01016	0.01270	0.01016	0.00762	0.02541	0.02287	0.04065	0.03557	0.04065	0.02795	0.01270	0.00762	0.00254	0.00508	0.01016	0.67734	0.01016
35	0.01508	0.01099	0.01327	0.01278	0.01492	0.01016	0.00902	0.01852	0.02607	0.03556	0.33915	0.08318	0.16680	0.17042	0.02342	0.00524	0.00656	0.01936	0.01033	0.00918
36	0.01543	0.01115	0.01457	0.01372	0.01629	0.01029	0.01029	0.02058	0.03086	0.04372	0.54304	0.08145	0.10288	0.02229	0.01286	0.00343	0.00514	0.01972	0.01200	0.01029
37	0.01579	0.01085	0.01329	0.01329	0.01377	0.01133	0.00835	0.01675	0.01627	0.02217	0.03308	0.06429	0.03658	0.48437	0.18375	0.01229	0.01518	0.01482	0.00642	0.00738
38	0.02712	0.02342	0.02465	0.02219	0.02835	0.02712	0.01726	0.05794	0.52909	0.04561	0.04438	0.04068	0.03328	0.01479	0.01109	0.00370	0.00863	0.01233	0.01109	0.01726
39	0.04145	0.03054	0.03272	0.02509	0.03381	0.03381	0.02072	0.51243	0.05127	0.06872	0.02618	0.02618	0.01854	0.01309	0.01091	0.00327	0.01200	0.00982	0.01091	0.01854
40	0.04145	0.03054	0.03272	0.02509	0.03381	0.03381	0.02072	0.51243	0.05127	0.06872	0.02618	0.02618	0.01854	0.01309	0.01091	0.00327	0.01200	0.00982	0.01091	0.01854
41	0.04892	0.01856	0.02530	0.01940	0.02783	0.01603	0.01603	0.05314	0.03121	0.55634	0.04302	0.03711	0.02699	0.01350	0.01096	0.00337	0.00928	0.01096	0.01350	0.01856
42	0.04892	0.01856	0.02530	0.01940	0.02783	0.01603	0.01603	0.05314	0.03121	0.55634	0.04302	0.03711	0.02699	0.01350	0.01096	0.00337	0.00928	0.01096	0.01350	0.01856
43	0.04892	0.01856	0.02530	0.01940	0.02783	0.01603	0.01603	0.05314	0.03121	0.55634	0.04302	0.03711	0.02699	0.01350	0.01096	0.00337	0.00928	0.01096	0.01350	0.01856
44	0.02859	0.01465	0.01764	0.01577	0.02037	0.01426	0.01278	0.07767	0.02868	0.17060	0.08318	0.05510	0.03878	0.01655	0.01041	0.00329	0.00759	0.08598	0.28509	0.01304
45	0.01896	0.01884	0.03404	0.02692	0.03341	0.01732	0.21550	0.02475	0.02526	0.03224	0.06518	0.07701	0.24562	0.02048	0.01325	0.00391	0.01157	0.09593	0.00822	0.01161
46	0.02511	0.01930	0.02287	0.01646	0.02603	0.01468	0.01321	0.02989	0.02343	0.08496	0.02162	0.02399	0.01718	0.00859	0.00835	0.00178	0.00819	0.00689	0.00713	0.62035
47	0.03539	0.03292	0.02896	0.02464	0.03155	0.16454	0.01939	0.20979	0.24238	0.04883	0.03134	0.03052	0.02348	0.01333	0.01072	0.00333	0.01251	0.01016	0.00967	0.01655
48	0.02261	0.01938	0.02261	0.01615	0.02584	0.01453	0.01292	0.02745	0.02261	0.03553	0.01938	0.02261	0.01615	0.00807	0.00807	0.00161	0.00807	0.00646	0.00646	0.68346
49	0.01586	0.01057	0.01189	0.01189	0.01189	0.01057	0.00661	0.01586	0.01586	0.02114	0.03436	0.07135	0.03964	0.61681	0.05550	0.01057	0.01057	0.01586	0.00661	0.00661
50	0.04009	0.02987	0.03196	0.02481	0.03330	0.03318	0.02040	0.46930	0.09662	0.06652	0.02791	0.02755	0.01994	0.01325	0.01093	0.00331	0.01168	0.01006	0.01093	0.01842
51	0.03236	0.01489	0.02000	0.01659	0.02212	0.01319	0.01319	0.03703	0.03104	0.30282	0.29031	0.05904	0.06452	0.01785	0.01190	0.00340	0.00723	0.01529	0.01276	0.01447
52	0.01669	0.01465	0.02580	0.02316	0.02651	0.01377	0.13398	0.02063	0.02240	0.02996	0.05052	0.42863	0.05766	0.02768	0.01375	0.00429	0.00959	0.06096	0.00898	0.01039
53	0.01558	0.01168	0.01752	0.01752	0.01947	0.01363	0.01363	0.01947	0.01752	0.02531	0.02921	0.04283	0.02726	0.08178	0.57360	0.01752	0.02921	0.01168	0.00584	0.00974
54	0.31367	0.01959	0.02149	0.01732	0.02506	0.01949	0.01429	0.04448	0.02601	0.34804	0.03159	0.02915	0.02076	0.01211	0.00923	0.00337	0.00893	0.00889	0.01073	0.01579
55	0.04707	0.02152	0.02714	0.02081	0.02931	0.02043	0.01719	0.16683	0.03617	0.43564	0.03885	0.03441	0.02490	0.01339	0.01095	0.00335	0.00995	0.01068	0.01285	0.01855
56	0.02712	0.02342	0.02465	0.02219	0.02835	0.02712	0.01726	0.05794	0.52909	0.04561	0.04438	0.04068	0.03328	0.01479	0.01109	0.00370	0.00863	0.01233	0.01109	0.01726
57	0.02699	0.02591	0.04426	0.06693	0.54879	0.02591	0.03346	0.03346	0.02483	0.03562	0.02051	0.02699	0.01727	0.00972	0.01079	0.00324	0.01295	0.00972	0.00540	0.01727
58	0.04510	0.02469	0.02910	0.02231	0.03089	0.02512	0.01843	0.28807	0.04147	0.30692	0.03440	0.03152	0.02267	0.01329	0.01094	0.00332	0.01067	0.01038	0.01217	0.01855
59	0.01574	0.01103	0.01420	0.01420	0.01500	0.01183	0.00949	0.01734	0.01654	0.02285	0.03224	0.05965	0.03456	0.39717	0.26819	0.01342	0.01822	0.01414	0.00629	0.00789
60	0.01361	0.01082	0.01221	0.01240	0.01530	0.00943	0.00910	0.01684	0.02576	0.03287	0.21377	0.18008	0.35470	0.02730	0.01305	0.00374	0.00555	0.02345	0.01061	0.00943
61	0.04145	0.03054	0.03272	0.02509	0.03381	0.03381	0.02072	0.51243	0.05127	0.06872	0.02618	0.02618	0.01854	0.01309	0.01091	0.00327	0.01200	0.00982	0.01091	0.01854
62	0.03788	0.02374	0.02720	0.02155	0.02898	0.02491	0.01754	0.27677	0.08429	0.18637	0.11583	0.03917	0.03564	0.01483	0.01125	0.00336	0.00990	0.01193	0.01176	0.01710
63	0.01586	0.01057	0.01189	0.01189	0.01189	0.01057	0.00661	0.01586	0.01586	0.02114	0.03436	0.07135	0.03964	0.61681	0.05550	0.01057	0.01057	0.01586	0.00661	0.00661
64	0.42908	0.02005	0.01983	0.01642	0.02386	0.02100	0.01354	0.04071	0.02375	0.25723	0.02661	0.02568	0.01804	0.01151	0.00848	0.00337	0.00878	0.00798	0.00952	0.01458
65	0.04892	0.01856	0.02530	0.01940	0.02783	0.01603	0.01603	0.05314	0.03121	0.55634	0.04302	0.03711	0.02699	0.01350	0.01096	0.00337	0.00928	0.01096	0.01350	0.01856
66	0.04121	0.03753	0.03213	0.02607	0.03378	0.20976	0.02084	0.35943	0.04462	0.05500	0.02314	0.02405	0.01708	0.01248	0.01056	0.00312	0.01450	0.00890	0.00918	0.01662
67	0.01334	0.01014	0.01229	0.01371	0.01550	0.00909	0.00954	0.01579	0.02302	0.02972	0.11768	0.40047	0.22831	0.03102	0.01349	0.00410	0.00596	0.02744	0.01028	0.00909
68	0.14883	0.01997	0.02449	0.01909	0.02729	0.01885	0.01577	0.08892	0.03094	0.43575	0.03724	0.03316	0.02390	0.01293	0.01030	0.00337	0.00938	0.01008	0.01222	0.01750
69	0.02570	0.01492	0.01854	0.01519	0.02107	0.01265	0.01196	0.03033	0.02772	0.16712	0.20981	0.05445	0.09383	0.01624	0.01076	0.00291	0.00692	0.01374	0.06762	0.17853
70	0.02187	0.05640	0.56031	0.03108	0.04719	0.02532	0.04029	0.03453	0.02302	0.03453	0.01957	0.02302	0.01381	0.01036	0.01036	0.00345	0.01611	0.00806	0.00460	0.01611
71	0.01470	0.01074	0.01381	0.01384	0.01604	0.00985	0.01008	0.01886	0.02796	0.03870	0.39035	0.21029	0.13297	0.02559	0.01312	0.00369	0.00546	0.02271	0.01139	0.00985
72	0.02432	0.02318	0.03943	0.28554	0.35104	0.02520	0.03213	0.03112	0.02356	0.03238	0.02004	0.02786	0.01613	0.01021	0.01084	0.00340	0.01361	0.00970	0.00517	0.01512
73	0.03046	0.02439	0.02779	0.02100	0.02938	0.02424	0.01716	0.22643	0.03381	0.04827	0.02169	0.02419	0.01696	0.01118	0.01187	0.00259	0.06557	0.00813	0.00813	0.34676
74	0.02269	0.02061	0.03047	0.25721	0.04666	0.02645	0.02456	0.06795	0.02192	0.03044	0.01985	0.02929	0.01688	0.02542	0.11101	0.00625	0.21464	0.00998	0.00551	0.01222
75	0.69383	0.02109	0.01603	0.01434	0.02109	0.02446	0.01181	0.03205	0.01856	0.04892	0.01518	0.01771	0.01181	0.01012	0.00675	0.00337	0.00843	0.00590	0.00675	0.01181
76	0.01309	0.01105	0.01132	0.01126	0.01485	0.00929	0.00844	0.01603	0.02532	0.03057	0.14438	0.10309	0.50975	0.02720	0.01288	0.00366	0.00549	0.02275	0.01027	0.00929
77	0.02915	0.62337	0.05714	0.01866	0.02799	0.04314	0.01866	0.03265	0.02215	0.02565	0.01516	0.01749	0.01399	0.00933	0.00700	0.00233	0.01166	0.00583	0.00466	0.01399
78	0.01543	0.01115	0.01457	0.01372	0.01629	0.01029	0.01029	0.02058	0.03086	0.04372	0.54304	0.08145	0.10288	0.02229	0.01286	0.00343	0.00514	0.01972	0.01200	0.01029
79	0.01617	0.00977	0.01163	0.01312	0.01454	0.00939	0.00910	0.01938	0.02169	0.03310	0.05003	0.37609	0.05398	0.02535	0.01133	0.00365	0.00581	0.02244	0.28403	0.00939
80	0.02918	0.01419	0.01898	0.01605	0.02103	0.01264	0.01264	0.03394	0.03101	0.25416	0.33777	0.06325	0.07173	0.01868	0.01208	0.00341	0.00684	0.01613	0.01262	0.01368
81	0.01568	0.01081	0.01299	0.01264	0.01370	0.01045	0.00812	0.01779	0.02202	0.03041	0.24318	0.07550	0.06560	0.37275	0.03799	0.00764	0.00834	0.01744	0.00882	0.00812
82	0.02385	0.02385	0.03340	0.02863	0.02863	0.03340	0.02385	0.02624	0.01670	0.02624	0.01431	0.02385	0.01431	0.01908	0.03578	0.00477	0.59685	0.00954	0.00477	0.01193
83	0.02261	0.01938	0.02261	0.01615	0.02584	0.01453	0.01292	0.02745	0.02261	0.03553	0.01938	0.02261	0.01615	0.00807	0.00807	0.00161	0.00807	0.00646	0.00646	0.68346
84	0.04145	0.03054	0.03272	0.02509	0.03381	0.03381	0.02072	0.51243	0.05127	0.06872	0.02618	0.02618	0.01854	0.01309	0.01091	0.00327	0.01200	0.00982	0.01091	0.01854
85	0.02261	0.01938	0.02261	0.01615	0.02584	0.01453	0.01292	0.02745	0.02261	0.03553	0.01938	0.02261	0.01615	0.00807	0.00807	0.00161	0.00807	0.00646	0.00646	0.68346
86	0.01543	0.01115	0.01457	0.01372	0.01629	0.01029	0.01029	0.02058	0.03086	0.04372	0.54304	0.08145	0.10288	0.02229	0.01286	0.00343	0.00514	0.01972	0.01200	0.01029
87	0.04550	0.02122	0.02518	0.02028	0.02795	0.06860	0.01663	0.04965	0.03066	0.46196	0.04177	0.04269	0.02877	0.01468	0.01120	0.00346	0.01033	0.04971	0.01246	0.01728
88	0.03778	0.02872	0.03066	0.02435	0.03242	0.03210	0.01984	0.39619	0.17348	0.06281	0.03083	0.02989	0.02231	0.01352	0.01096	0.00338	0.01114	0.01046	0.01096	0.01821
89	0.02728	0.03020	0.03210	0.40379	0.06135	0.20649	0.02722	0.03307	0.02482	0.02747	0.01854	0.02595	0.01437	0.01101	0.01055	0.00336	0.01624	0.00880	0.00510	0.01229
90	0.01586	0.01057	0.01189	0.01189	0.01189	0.01057	0.00661	0.01586	0.01586	0.02114	0.03436	0.07135	0.03964	0.61681	0.05550	0.01057	0.01057	0.01586	0.00661	0.00661
91	0.01558	0.01168	0.01752	0.01752	0.01947	0.01363	0.01363	0.01947	0.01752	0.02531	0.02921	0.04283	0.02726	0.08178	0.57360	0.01752	0.02921	0.01168	0.00584	0.00974
92	0.03014	0.57476	0.05490	0.01946	0.02847	0.08822	0.01886	0.03358	0.02290	0.02574	0.01530	0.01768	0.01400	0.00949	0.00724	0.00237	0.01234	0.00593	0.00475	0.01388
93	0.02869	0.02962	0.04110	0.10468	0.42469	0.11521	0.03117	0.03464	0.02557	0.03351	0.01982	0.02596	0.01651	0.01006	0.01065	0.00320	0.01418	0.00927	0.00539	0.01608

[dist]
# distance from previous block
# <min> <max>
0	9

[block]
# block no. 5 follows, 12 sequences, length 45
# corresponding to MSA columns:
# 284-328
name=unknown_F
#
# <colnr> <probs for GDERKNQSTAVLIFYWHMCP>
#	G	D	E	R	K	N	Q	S	T	A	V	L	I	F	Y	W	H	M	C	P
0	0.04827	0.01961	0.02595	0.01990	0.02836	0.01758	0.01644	0.09335	0.03296	0.51365	0.04154	0.03615	0.02625	0.01346	0.01096	0.00336	0.00952	0.01086	0.01327	0.01855
1	0.02385	0.02385	0.03340	0.02863	0.02863	0.03340	0.02385	0.02624	0.01670	0.02624	0.01431	0.02385	0.01431	0.01908	0.03578	0.00477	0.59685	0.00954	0.00477	0.01193
2	0.02699	0.02591	0.04426	0.06693	0.54879	0.02591	0.03346	0.03346	0.02483	0.03562	0.02051	0.02699	0.01727	0.00972	0.01079	0.00324	0.01295	0.00972	0.00540	0.01727
3	0.01325	0.00964	0.01249	0.01478	0.01571	0.00889	0.00994	0.01523	0.02127	0.02799	0.06504	0.56017	0.11845	0.03352	0.01382	0.00435	0.00625	0.03021	0.01012	0.00889
4	0.03017	0.57286	0.05482	0.01949	0.02849	0.08998	0.01887	0.03361	0.02293	0.02574	0.01531	0.01768	0.01400	0.00950	0.00725	0.00237	0.01237	0.00594	0.00475	0.01387
5	0.03990	0.02116	0.02589	0.02076	0.02810	0.02098	0.01714	0.19876	0.03721	0.29045	0.09073	0.04652	0.03557	0.01590	0.01154	0.00351	0.00982	0.05706	0.01215	0.01686
6	0.01420	0.01014	0.01370	0.01622	0.01726	0.00964	0.01171	0.01676	0.02177	0.02885	0.05959	0.50614	0.07012	0.03330	0.01416	0.00455	0.00712	0.12555	0.01010	0.00911
7	0.03507	0.24056	0.15099	0.02297	0.03292	0.11369	0.02288	0.04062	0.02629	0.18005	0.02436	0.02464	0.01769	0.01104	0.00929	0.00294	0.01316	0.00796	0.00733	0.01554
8	0.01586	0.01057	0.01189	0.01189	0.01189	0.01057	0.00661	0.01586	0.01586	0.02114	0.03436	0.07135	0.03964	0.61681	0.05550	0.01057	0.01057	0.01586	0.00661	0.00661
9	0.01586	0.01057	0.01189	0.01189	0.01189	0.01057	0.00661	0.01586	0.01586	0.02114	0.03436	0.07135	0.03964	0.61681	0.05550	0.01057	0.01057	0.01586	0.00661	0.00661
10	0.02373	0.02188	0.03766	0.04909	0.32001	0.02167	0.08107	0.03003	0.02502	0.03455	0.03300	0.05903	0.03224	0.01641	0.01244	0.00388	0.01259	0.16417	0.00695	0.01459
11	0.02874	0.02603	0.04053	0.17828	0.29618	0.06773	0.07661	0.03514	0.02535	0.08703	0.02245	0.02818	0.01732	0.01045	0.01096	0.00335	0.01400	0.00994	0.00614	0.01559
12	0.01701	0.01268	0.01777	0.01606	0.01740	0.01249	0.05956	0.01836	0.01760	0.02346	0.03489	0.07101	0.03904	0.50830	0.04794	0.00943	0.01134	0.05120	0.00676	0.00771
13	0.04892	0.01856	0.02530	0.01940	0.02783	0.01603	0.01603	0.05314	0.03121	0.55634	0.04302	0.03711	0.02699	0.01350	0.01096	0.00337	0.00928	0.01096	0.01350	0.01856
14	0.01543	0.01115	0.01457	0.01372	0.01629	0.01029	0.01029	0.02058	0.03086	0.04372	0.54304	0.08145	0.10288	0.02229	0.01286	0.00343	0.00514	0.01972	0.01200	0.01029
15	0.02944	0.15288	0.03909	0.08337	0.15939	0.06746	0.02396	0.03685	0.07962	0.08273	0.02278	0.02660	0.01832	0.01245	0.01444	0.00339	0.11665	0.00908	0.00652	0.01498
16	0.02261	0.01938	0.02261	0.01615	0.02584	0.01453	0.01292	0.02745	0.02261	0.03553	0.01938	0.02261	0.01615	0.00807	0.00807	0.00161	0.00807	0.00646	0.00646	0.68346
17	0.02512	0.30913	0.33602	0.02554	0.03863	0.03327	0.03064	0.03369	0.02263	0.03057	0.01760	0.02056	0.01389	0.00990	0.00886	0.00295	0.01413	0.00706	0.00463	0.01517
18	0.02627	0.14220	0.26619	0.02703	0.03852	0.02657	0.08141	0.03699	0.06902	0.08889	0.06995	0.03093	0.02509	0.01182	0.01040	0.00329	0.01325	0.00991	0.00686	0.01542
19	0.01328	0.00949	0.01265	0.01518	0.01581	0.00886	0.01012	0.01518	0.02088	0.02783	0.06010	0.60969	0.07212	0.03416	0.01392	0.00443	0.00633	0.03100	0.01012	0.00886
20	0.02261	0.01938	0.02261	0.01615	0.02584	0.01453	0.01292	0.02745	0.02261	0.03553	0.01938	0.02261	0.01615	0.00807	0.00807	0.00161	0.00807	0.00646	0.00646	0.68346
21	0.02860	0.46400	0.05067	0.02457	0.08591	0.03875	0.02009	0.03666	0.10101	0.02985	0.02028	0.02214	0.01735	0.01022	0.00805	0.00264	0.01133	0.00727	0.00574	0.01486
22	0.02706	0.03750	0.26151	0.02583	0.03663	0.02518	0.02731	0.04709	0.25377	0.09366	0.03327	0.03250	0.02402	0.01270	0.01076	0.00356	0.01201	0.01030	0.00847	0.01689
23	0.01562	0.01145	0.01455	0.01481	0.01732	0.01073	0.01157	0.01988	0.02702	0.03643	0.29756	0.09552	0.15994	0.07731	0.01718	0.00452	0.00698	0.14118	0.01070	0.00972
24	0.01557	0.01045	0.01198	0.01226	0.01233	0.01038	0.00700	0.01578	0.01641	0.02189	0.03722	0.13117	0.04325	0.55206	0.05088	0.00989	0.01010	0.01754	0.00700	0.00686
25	0.03346	0.01901	0.02934	0.33111	0.05363	0.02050	0.02381	0.03934	0.02608	0.26794	0.03012	0.03272	0.02019	0.01208	0.01093	0.00352	0.01215	0.01027	0.00877	0.01504
26	0.03093	0.02349	0.02591	0.01959	0.02810	0.02284	0.01592	0.24756	0.03565	0.05114	0.02415	0.02610	0.01846	0.01083	0.00931	0.00246	0.00955	0.00837	0.07803	0.31160
27	0.01308	0.01105	0.01131	0.01125	0.01484	0.00929	0.00843	0.01602	0.02530	0.03052	0.14282	0.10318	0.51134	0.02722	0.01288	0.00366	0.00549	0.02277	0.01027	0.00929
28	0.69383	0.02109	0.01603	0.01434	0.02109	0.02446	0.01181	0.03205	0.01856	0.04892	0.01518	0.01771	0.01181	0.01012	0.00675	0.00337	0.00843	0.00590	0.00675	0.01181
29	0.02059	0.01938	0.03270	0.59060	0.07510	0.02422	0.03028	0.02786	0.02180	0.02786	0.01938	0.02907	0.01453	0.01090	0.01090	0.00363	0.01453	0.00969	0.00484	0.01211
30	0.01916	0.01534	0.01772	0.01690	0.02068	0.01602	0.01296	0.03265	0.20101	0.04079	0.25201	0.11382	0.12277	0.02175	0.01249	0.00374	0.00682	0.04974	0.01120	0.01245
31	0.01781	0.01153	0.01488	0.01418	0.01708	0.01047	0.01057	0.02214	0.02876	0.08518	0.38156	0.16170	0.13472	0.02387	0.01286	0.00360	0.00573	0.02102	0.01166	0.01069
32	0.01894	0.00947	0.01420	0.01420	0.01420	0.00947	0.00947	0.01420	0.01420	0.01894	0.01894	0.03314	0.01894	0.03788	0.04261	0.68277	0.00947	0.00947	0.00473	0.00473
33	0.02405	0.01992	0.03048	0.28173	0.04864	0.02523	0.02483	0.02901	0.02061	0.08183	0.02125	0.02971	0.01717	0.02175	0.08167	0.00553	0.20832	0.00999	0.00583	0.01246
