[name]
unknown

[dist]
# distance from previous block
# <min> <max>
0	395

[block]
# block no. 0 follows, 12 sequences, length 28
# corresponding to MSA columns:
# 430-457
name=unknown_A
#
# <colnr> <probs for GDERKNQSTAVLIFYWHMCP>
#	G	D	E	R	K	N	Q	S	T	A	V	L	I	F	Y	W	H	M	C	P
0	0.02958	0.02663	0.02591	0.02297	0.02930	0.07749	0.01790	0.09518	0.44311	0.04584	0.04032	0.03753	0.03028	0.01432	0.01096	0.00358	0.00992	0.01163	0.01058	0.01695
1	0.02107	0.01483	0.02080	0.02264	0.09136	0.01368	0.01531	0.02626	0.02841	0.08692	0.30254	0.07067	0.06992	0.01960	0.01228	0.00347	0.00760	0.08547	0.01041	0.07676
2	0.02187	0.05640	0.56031	0.03108	0.04719	0.02532	0.04029	0.03453	0.02302	0.03453	0.01957	0.02302	0.01381	0.01036	0.01036	0.00345	0.01611	0.00806	0.00460	0.01611
3	0.04075	0.03107	0.02759	0.02325	0.03033	0.19120	0.01830	0.09550	0.14592	0.23106	0.03367	0.03151	0.02363	0.01306	0.01064	0.00326	0.01258	0.00995	0.01028	0.01645
4	0.01543	0.01115	0.01457	0.01372	0.01629	0.01029	0.01029	0.02058	0.03086	0.04372	0.54304	0.08145	0.10288	0.02229	0.01286	0.00343	0.00514	0.01972	0.01200	0.01029
5	0.02960	0.43124	0.05290	0.02383	0.03278	0.09054	0.08999	0.03617	0.06652	0.02879	0.01880	0.02140	0.01600	0.00996	0.00847	0.00269	0.01315	0.00752	0.00542	0.01424
6	0.03494	0.02767	0.14283	0.02708	0.07130	0.02134	0.02397	0.04091	0.02613	0.27791	0.03272	0.03775	0.02410	0.01472	0.01517	0.00373	0.10656	0.04570	0.00928	0.01620
7	0.04892	0.01856	0.02530	0.01940	0.02783	0.01603	0.01603	0.05314	0.03121	0.55634	0.04302	0.03711	0.02699	0.01350	0.01096	0.00337	0.00928	0.01096	0.01350	0.01856
8	0.01328	0.00949	0.01265	0.01518	0.01581	0.00886	0.01012	0.01518	0.02088	0.02783	0.06010	0.60969	0.07212	0.03416	0.01392	0.00443	0.00633	0.03100	0.01012	0.00886
9	0.02908	0.36688	0.19389	0.02375	0.03435	0.12843	0.02514	0.03503	0.02389	0.02832	0.01668	0.01941	0.01395	0.00994	0.00842	0.00273	0.01427	0.00666	0.00481	0.01436
10	0.02289	0.13584	0.48981	0.02934	0.04450	0.02782	0.03726	0.03427	0.02290	0.03329	0.01895	0.02225	0.01384	0.01021	0.00989	0.00330	0.01549	0.00775	0.00461	0.01582
11	0.01509	0.01113	0.01410	0.01336	0.01608	0.01014	0.01002	0.01991	0.03005	0.04179	0.48443	0.08463	0.16269	0.02301	0.01286	0.00346	0.00520	0.02016	0.01175	0.01014
12	0.02059	0.01938	0.03270	0.59060	0.07510	0.02422	0.03028	0.02786	0.02180	0.02786	0.01938	0.02907	0.01453	0.01090	0.01090	0.00363	0.01453	0.00969	0.00484	0.01211
13	0.02261	0.01938	0.02261	0.01615	0.02584	0.01453	0.01292	0.02745	0.02261	0.03553	0.01938	0.02261	0.01615	0.00807	0.00807	0.00161	0.00807	0.00646	0.00646	0.68346
14	0.01562	0.01149	0.01656	0.01656	0.01818	0.01311	0.01243	0.01885	0.01724	0.02460	0.03008	0.04769	0.02937	0.17294	0.48532	0.01634	0.02603	0.01239	0.00597	0.00920
15	0.01358	0.00971	0.01291	0.01498	0.01588	0.00905	0.01014	0.01591	0.02223	0.02999	0.12552	0.53813	0.07628	0.03255	0.01377	0.00429	0.00617	0.02947	0.01038	0.00905
16	0.01738	0.01571	0.05999	0.01493	0.01979	0.01168	0.01312	0.02162	0.02572	0.07320	0.12443	0.09336	0.35310	0.02497	0.01283	0.00381	0.00734	0.08621	0.01006	0.01074
17	0.04781	0.02308	0.02606	0.02058	0.02863	0.09149	0.01671	0.05184	0.03117	0.48459	0.03947	0.03475	0.02524	0.01319	0.01081	0.00330	0.01068	0.01043	0.01243	0.01775
18	0.02915	0.62337	0.05714	0.01866	0.02799	0.04314	0.01866	0.03265	0.02215	0.02565	0.01516	0.01749	0.01399	0.00933	0.00700	0.00233	0.01166	0.00583	0.00466	0.01399
19	0.69383	0.02109	0.01603	0.01434	0.02109	0.02446	0.01181	0.03205	0.01856	0.04892	0.01518	0.01771	0.01181	0.01012	0.00675	0.00337	0.00843	0.00590	0.00675	0.01181
20	0.69383	0.02109	0.01603	0.01434	0.02109	0.02446	0.01181	0.03205	0.01856	0.04892	0.01518	0.01771	0.01181	0.01012	0.00675	0.00337	0.00843	0.00590	0.00675	0.01181
21	0.03715	0.22862	0.03901	0.02517	0.03194	0.40921	0.02032	0.04017	0.02820	0.02637	0.01633	0.01899	0.01403	0.01065	0.00895	0.00266	0.01719	0.00665	0.00532	0.01306
22	0.01509	0.01113	0.01410	0.01336	0.01608	0.01014	0.01002	0.01991	0.03005	0.04179	0.48443	0.08463	0.16269	0.02301	0.01286	0.00346	0.00520	0.02016	0.01175	0.01014
23	0.02494	0.13296	0.44918	0.02845	0.04303	0.02711	0.03541	0.03568	0.02352	0.07291	0.02073	0.02332	0.01484	0.01045	0.00993	0.00329	0.01497	0.00797	0.00529	0.01600
24	0.01511	0.01089	0.01428	0.01394	0.01622	0.01007	0.01026	0.01976	0.02935	0.04131	0.46972	0.16164	0.09821	0.02409	0.01302	0.00358	0.00532	0.02143	0.01172	0.01007
25	0.01866	0.01186	0.01561	0.01426	0.01740	0.01084	0.01084	0.02371	0.03090	0.09308	0.49490	0.07718	0.09557	0.02144	0.01268	0.00342	0.00554	0.01888	0.01215	0.01108
26	0.13856	0.07441	0.11112	0.02542	0.07268	0.02576	0.02166	0.13033	0.06622	0.18717	0.02810	0.02783	0.01971	0.01189	0.00990	0.00330	0.01114	0.00912	0.00910	0.01659
27	0.01441	0.01111	0.01315	0.01264	0.01566	0.00985	0.00948	0.01859	0.02844	0.03797	0.36863	0.09092	0.28088	0.02444	0.01287	0.00353	0.00530	0.02105	0.01125	0.00985

[dist]
# distance from previous block
# <min> <max>
0	2

[block]
# block no. 1 follows, 12 sequences, length 10
# corresponding to MSA columns:
# 460-469
name=unknown_B
#
# <colnr> <probs for GDERKNQSTAVLIFYWHMCP>
#	G	D	E	R	K	N	Q	S	T	A	V	L	I	F	Y	W	H	M	C	P
0	0.02679	0.11814	0.36518	0.03086	0.07614	0.02912	0.03352	0.12429	0.02836	0.03997	0.02034	0.02321	0.01496	0.01071	0.01008	0.00327	0.01459	0.00823	0.00585	0.01639
1	0.24197	0.38935	0.04210	0.01797	0.02621	0.07609	0.01665	0.03326	0.02165	0.03315	0.01529	0.01772	0.01330	0.00972	0.00713	0.00270	0.01122	0.00594	0.00540	0.01320
2	0.60521	0.02173	0.01978	0.02133	0.09121	0.02465	0.01469	0.03224	0.01939	0.04715	0.01589	0.01894	0.01253	0.01007	0.00729	0.00336	0.00904	0.00641	0.00657	0.01253
3	0.01553	0.01243	0.01624	0.09399	0.02471	0.01213	0.01326	0.02012	0.02681	0.03521	0.26091	0.08734	0.23914	0.02350	0.01286	0.00374	0.00718	0.07466	0.01011	0.01014
4	0.01479	0.01112	0.01368	0.01304	0.01589	0.01001	0.00978	0.01932	0.02934	0.04010	0.43316	0.08741	0.21502	0.02364	0.01287	0.00349	0.00524	0.02056	0.01153	0.01001
5	0.02661	0.01549	0.01980	0.01722	0.02143	0.01562	0.01330	0.09332	0.02832	0.15536	0.16316	0.05308	0.04696	0.11655	0.15582	0.00785	0.01367	0.01389	0.00993	0.01262
6	0.01432	0.01028	0.01358	0.01448	0.01604	0.00954	0.01020	0.01777	0.02567	0.03546	0.29199	0.35604	0.08689	0.02846	0.01341	0.00395	0.00576	0.02558	0.01102	0.00954
7	0.02148	0.02577	0.10825	0.43923	0.06881	0.02484	0.09840	0.02974	0.02251	0.02974	0.01978	0.02830	0.01472	0.01059	0.01110	0.00362	0.01528	0.00991	0.00491	0.01301
8	0.01431	0.01012	0.01333	0.01552	0.01636	0.00967	0.01083	0.01645	0.02087	0.02769	0.05625	0.45973	0.06625	0.11207	0.01970	0.00535	0.00749	0.09962	0.00963	0.00874
9	0.02916	0.03238	0.04568	0.03498	0.04287	0.16400	0.27289	0.07192	0.02794	0.03392	0.02460	0.06901	0.02165	0.06038	0.01543	0.00403	0.01677	0.01260	0.00636	0.01344

[dist]
# distance from previous block
# <min> <max>
0	29

[block]
# block no. 2 follows, 12 sequences, length 7
# corresponding to MSA columns:
# 499-505
name=unknown_C
#
# <colnr> <probs for GDERKNQSTAVLIFYWHMCP>
#	G	D	E	R	K	N	Q	S	T	A	V	L	I	F	Y	W	H	M	C	P
0	0.01455	0.01071	0.01316	0.01329	0.01534	0.00982	0.00941	0.01792	0.02576	0.03487	0.29620	0.19495	0.17294	0.09985	0.01840	0.00458	0.00614	0.02222	0.01058	0.00932
1	0.02140	0.06623	0.08886	0.12070	0.21262	0.02148	0.02492	0.02742	0.02426	0.03317	0.09603	0.10845	0.07808	0.01589	0.01129	0.00346	0.01107	0.01413	0.00694	0.01360
2	0.08223	0.18340	0.33621	0.02847	0.04158	0.02970	0.08824	0.03392	0.02275	0.03374	0.01845	0.02202	0.01400	0.00996	0.00955	0.00321	0.01467	0.00792	0.00491	0.01508
3	0.01453	0.01111	0.01333	0.01277	0.01574	0.00991	0.00958	0.01883	0.02874	0.03868	0.39016	0.08975	0.25890	0.02417	0.01287	0.00352	0.00528	0.02088	0.01134	0.00991
4	0.01416	0.01040	0.01328	0.01403	0.01588	0.00952	0.00996	0.01757	0.02568	0.03489	0.27482	0.31880	0.14423	0.02822	0.01333	0.00390	0.00572	0.02513	0.01093	0.00952
5	0.03105	0.10085	0.05252	0.03712	0.04618	0.20931	0.29521	0.03752	0.02705	0.03121	0.01960	0.02491	0.01544	0.00988	0.01123	0.00325	0.01808	0.01018	0.00546	0.01395
6	0.01464	0.01053	0.01387	0.01426	0.01611	0.00976	0.01023	0.01859	0.02718	0.03787	0.36506	0.27612	0.09154	0.02667	0.01325	0.00380	0.00558	0.02388	0.01131	0.00976

[dist]
# distance from previous block
# <min> <max>
0	86

# created by:
# /st0/software/busco_prod/Augustus/scripts/msa2prfl.pl ./align_prep/4633.fa
