[name]
unknown

[dist]
# distance from previous block
# <min> <max>
0	331

[block]
# block no. 0 follows, 12 sequences, length 16
# corresponding to MSA columns:
# 331-346
name=unknown_A
#
# <colnr> <probs for GDERKNQSTAVLIFYWHMCP>
#	G	D	E	R	K	N	Q	S	T	A	V	L	I	F	Y	W	H	M	C	P
0	0.02853	0.01503	0.01942	0.01660	0.02162	0.01404	0.01304	0.03596	0.08167	0.22623	0.31448	0.06153	0.06881	0.01840	0.01201	0.00344	0.00697	0.01585	0.01244	0.01394
1	0.01359	0.01058	0.01236	0.01296	0.01543	0.00934	0.00932	0.01662	0.02497	0.03220	0.19322	0.25901	0.29449	0.02847	0.01321	0.00386	0.00569	0.02478	0.01055	0.00934
2	0.01413	0.00984	0.01240	0.01410	0.01453	0.00942	0.00897	0.01540	0.01923	0.02564	0.05166	0.43329	0.06147	0.22508	0.02754	0.00644	0.00772	0.02604	0.00897	0.00812
3	0.01623	0.01034	0.01247	0.01273	0.01354	0.01010	0.00815	0.01747	0.01971	0.02789	0.11890	0.14874	0.05137	0.30078	0.03524	0.07591	0.00828	0.01750	0.08686	0.00778
4	0.02915	0.62337	0.05714	0.01866	0.02799	0.04314	0.01866	0.03265	0.02215	0.02565	0.01516	0.01749	0.01399	0.00933	0.00700	0.00233	0.01166	0.00583	0.00466	0.01399
5	0.01488	0.00964	0.01209	0.01405	0.01511	0.00915	0.00956	0.01749	0.02133	0.03073	0.05455	0.48112	0.06214	0.02931	0.01249	0.00400	0.00604	0.02629	0.16088	0.00915
6	0.02915	0.62337	0.05714	0.01866	0.02799	0.04314	0.01866	0.03265	0.02215	0.02565	0.01516	0.01749	0.01399	0.00933	0.00700	0.00233	0.01166	0.00583	0.00466	0.01399
7	0.02915	0.62337	0.05714	0.01866	0.02799	0.04314	0.01866	0.03265	0.02215	0.02565	0.01516	0.01749	0.01399	0.00933	0.00700	0.00233	0.01166	0.00583	0.00466	0.01399
8	0.02409	0.01751	0.01820	0.01683	0.02138	0.01957	0.01297	0.04345	0.30357	0.04340	0.04045	0.04067	0.03091	0.01386	0.00955	0.00318	0.00705	0.01136	0.30791	0.01410
9	0.01354	0.00968	0.01288	0.01501	0.01587	0.00902	0.01014	0.01582	0.02205	0.02971	0.11700	0.54745	0.07574	0.03276	0.01379	0.00431	0.00619	0.02967	0.01034	0.00902
10	0.01558	0.01168	0.01752	0.01752	0.01947	0.01363	0.01363	0.01947	0.01752	0.02531	0.02921	0.04283	0.02726	0.08178	0.57360	0.01752	0.02921	0.01168	0.00584	0.00974
11	0.02426	0.12181	0.14681	0.21810	0.21744	0.02790	0.03156	0.03178	0.02309	0.03141	0.01914	0.02539	0.01520	0.01016	0.01016	0.00327	0.01389	0.00878	0.00495	0.01490
12	0.03156	0.03574	0.02376	0.02186	0.02627	0.35145	0.01639	0.03528	0.02960	0.03290	0.14222	0.03741	0.03694	0.01404	0.01018	0.00291	0.01394	0.01048	0.11538	0.01169
13	0.08206	0.21896	0.03614	0.02045	0.02709	0.03065	0.01778	0.03285	0.08041	0.03243	0.01940	0.02294	0.01667	0.01203	0.01446	0.00298	0.14732	0.00762	0.00605	0.17171
14	0.02942	0.02333	0.10944	0.02575	0.07161	0.01798	0.05808	0.03483	0.06530	0.17214	0.02809	0.03248	0.02121	0.02046	0.02139	0.22605	0.01137	0.01018	0.00774	0.01313
15	0.01761	0.01449	0.01955	0.14619	0.03216	0.01541	0.01707	0.02499	0.07568	0.03259	0.09757	0.12432	0.16672	0.02334	0.01294	0.00409	0.00917	0.14597	0.00915	0.01097

[dist]
# distance from previous block
# <min> <max>
0	1

[block]
# block no. 1 follows, 12 sequences, length 24
# corresponding to MSA columns:
# 348-371
name=unknown_B
#
# <colnr> <probs for GDERKNQSTAVLIFYWHMCP>
#	G	D	E	R	K	N	Q	S	T	A	V	L	I	F	Y	W	H	M	C	P
0	0.03875	0.02439	0.03185	0.02691	0.07327	0.08047	0.07915	0.04373	0.02848	0.29919	0.03154	0.03085	0.02156	0.01145	0.01056	0.00303	0.01166	0.00987	0.00974	0.13355
1	0.03603	0.03432	0.03523	0.03313	0.10087	0.23243	0.07655	0.04181	0.05548	0.13511	0.02432	0.02687	0.01842	0.01244	0.01384	0.00337	0.08820	0.00942	0.00734	0.01482
2	0.02150	0.01831	0.02567	0.02203	0.02678	0.01902	0.08297	0.08189	0.09334	0.03914	0.13439	0.11231	0.13599	0.02120	0.01431	0.00390	0.04817	0.07694	0.00964	0.01250
3	0.01454	0.01084	0.01351	0.01341	0.01588	0.00982	0.00984	0.01863	0.02791	0.03804	0.37055	0.17641	0.18963	0.02542	0.01305	0.00365	0.00542	0.02233	0.01129	0.00982
4	0.02940	0.02096	0.02813	0.10204	0.12392	0.02237	0.02074	0.04459	0.21748	0.14593	0.09262	0.04063	0.03458	0.01398	0.01119	0.00351	0.00989	0.01208	0.00988	0.01608
5	0.03184	0.04030	0.24586	0.03127	0.04297	0.09444	0.14038	0.04035	0.02668	0.16153	0.02554	0.02752	0.01771	0.01097	0.01102	0.00340	0.01542	0.00975	0.00713	0.01594
6	0.10472	0.03239	0.03365	0.18306	0.19537	0.20813	0.02607	0.03523	0.02537	0.03213	0.01840	0.02404	0.01488	0.01057	0.01005	0.00321	0.01510	0.00838	0.00548	0.01378
7	0.01289	0.01105	0.01105	0.01105	0.01473	0.00920	0.00828	0.01565	0.02485	0.02946	0.11046	0.10493	0.54437	0.02761	0.01289	0.00368	0.00552	0.02301	0.01013	0.00920
8	0.02381	0.03761	0.24316	0.10540	0.05184	0.02624	0.20795	0.03687	0.08935	0.03527	0.02367	0.02841	0.01742	0.01057	0.01144	0.00359	0.01578	0.01058	0.00581	0.01525
9	0.10676	0.03081	0.13665	0.09795	0.03898	0.02735	0.02467	0.17627	0.03103	0.11488	0.02352	0.02615	0.01692	0.01273	0.01345	0.00357	0.08558	0.00913	0.00796	0.01564
10	0.01567	0.01132	0.01569	0.01569	0.01700	0.01263	0.01134	0.01829	0.01698	0.02395	0.03088	0.05212	0.03129	0.25593	0.40495	0.01526	0.02314	0.01304	0.00609	0.00872
11	0.01975	0.01454	0.01773	0.01868	0.02186	0.01538	0.01523	0.03078	0.14952	0.03628	0.05183	0.15478	0.05210	0.02456	0.01296	0.00429	0.00856	0.24216	0.09730	0.01170
12	0.02364	0.01726	0.02167	0.09163	0.02894	0.01832	0.01577	0.09398	0.11485	0.07917	0.29226	0.05778	0.06391	0.01779	0.01193	0.00348	0.00810	0.01533	0.01088	0.01330
13	0.07993	0.11353	0.21809	0.09871	0.11472	0.02800	0.13075	0.03327	0.02321	0.03405	0.01925	0.02440	0.01478	0.00994	0.01026	0.00334	0.01477	0.00899	0.00511	0.01489
14	0.02154	0.01989	0.03221	0.27229	0.17997	0.02304	0.02647	0.02751	0.02284	0.03153	0.08765	0.03582	0.02766	0.01863	0.05872	0.00474	0.07939	0.01114	0.00598	0.01300
15	0.01384	0.00989	0.01329	0.01582	0.01670	0.00934	0.01109	0.01615	0.02143	0.02846	0.05979	0.54625	0.07089	0.03363	0.01407	0.00451	0.00681	0.08893	0.01011	0.00901
16	0.52072	0.02082	0.01777	0.01585	0.02206	0.02366	0.01275	0.09249	0.02312	0.04877	0.02243	0.09542	0.02049	0.01362	0.00822	0.00350	0.00863	0.00966	0.00773	0.01230
17	0.01441	0.01090	0.01306	0.01409	0.01629	0.00999	0.01047	0.01726	0.02338	0.02986	0.11386	0.22816	0.24408	0.09537	0.01833	0.00487	0.00711	0.10957	0.00986	0.00907
18	0.02509	0.02223	0.03120	0.08354	0.20089	0.02034	0.02164	0.06110	0.02513	0.03705	0.02019	0.02483	0.01653	0.00918	0.00939	0.00243	0.01048	0.00802	0.00626	0.36446
19	0.03181	0.07609	0.06798	0.02331	0.03242	0.02142	0.08334	0.03724	0.02522	0.19528	0.02631	0.02769	0.01908	0.01102	0.01183	0.00286	0.05660	0.00900	0.00810	0.23340
20	0.27959	0.28645	0.13805	0.01940	0.02905	0.03265	0.02021	0.03278	0.02096	0.03617	0.01601	0.01864	0.01313	0.00983	0.00755	0.00294	0.01129	0.00629	0.00544	0.01357
21	0.02435	0.09511	0.36080	0.02763	0.03928	0.02624	0.03215	0.03349	0.02230	0.07262	0.02113	0.02539	0.01604	0.01758	0.06017	0.00469	0.09198	0.00858	0.00543	0.01504
22	0.02812	0.01395	0.01864	0.01587	0.02066	0.01246	0.01246	0.03291	0.03099	0.23795	0.35359	0.06465	0.07413	0.01896	0.01214	0.00341	0.00671	0.01640	0.01257	0.01342
23	0.03107	0.09367	0.02586	0.01844	0.02402	0.01844	0.01527	0.03505	0.02376	0.24420	0.03308	0.03720	0.02543	0.04426	0.26842	0.00973	0.01872	0.01063	0.00884	0.01392

[dist]
# distance from previous block
# <min> <max>
0	14

[block]
# block no. 2 follows, 12 sequences, length 19
# corresponding to MSA columns:
# 386-404
name=unknown_C
#
# <colnr> <probs for GDERKNQSTAVLIFYWHMCP>
#	G	D	E	R	K	N	Q	S	T	A	V	L	I	F	Y	W	H	M	C	P
0	0.02749	0.17313	0.26225	0.09050	0.08495	0.07171	0.03029	0.03554	0.02414	0.07416	0.02035	0.02366	0.01532	0.01046	0.00971	0.00315	0.01440	0.00803	0.00552	0.01523
1	0.01404	0.00956	0.01238	0.01464	0.01548	0.00900	0.00985	0.01629	0.02109	0.02922	0.05745	0.54825	0.06735	0.03184	0.01324	0.00422	0.00619	0.02875	0.08217	0.00900
2	0.01558	0.01168	0.01752	0.01752	0.01947	0.01363	0.01363	0.01947	0.01752	0.02531	0.02921	0.04283	0.02726	0.08178	0.57360	0.01752	0.02921	0.01168	0.00584	0.00974
3	0.01942	0.01655	0.02604	0.03641	0.23090	0.01622	0.02032	0.02374	0.02367	0.03268	0.08029	0.28305	0.05137	0.02300	0.01271	0.00394	0.00930	0.06958	0.00835	0.01248
4	0.07397	0.03160	0.08371	0.04712	0.28206	0.09323	0.08034	0.07394	0.02761	0.07148	0.02170	0.02601	0.01688	0.01044	0.01062	0.00327	0.01402	0.00943	0.00642	0.01616
5	0.01867	0.01536	0.02226	0.02072	0.02180	0.01953	0.01644	0.02102	0.01685	0.02483	0.02312	0.03550	0.02204	0.05608	0.33432	0.09468	0.21085	0.01072	0.00536	0.00983
6	0.69383	0.02109	0.01603	0.01434	0.02109	0.02446	0.01181	0.03205	0.01856	0.04892	0.01518	0.01771	0.01181	0.01012	0.00675	0.00337	0.00843	0.00590	0.00675	0.01181
7	0.02712	0.02342	0.02465	0.02219	0.02835	0.02712	0.01726	0.05794	0.52909	0.04561	0.04438	0.04068	0.03328	0.01479	0.01109	0.00370	0.00863	0.01233	0.01109	0.01726
8	0.02439	0.01809	0.01883	0.01735	0.02206	0.02030	0.01338	0.04486	0.32553	0.04362	0.04084	0.04067	0.03114	0.01395	0.00970	0.00323	0.00720	0.01146	0.27900	0.01441
9	0.01443	0.01030	0.01396	0.01649	0.01762	0.00984	0.01211	0.01716	0.02200	0.02911	0.05947	0.48003	0.06962	0.03308	0.01422	0.00459	0.00732	0.14939	0.01010	0.00917
10	0.03644	0.01942	0.02919	0.15271	0.13216	0.01917	0.02168	0.04181	0.02732	0.30454	0.03313	0.03378	0.02256	0.01217	0.01066	0.00334	0.01077	0.01039	0.06252	0.01624
11	0.69383	0.02109	0.01603	0.01434	0.02109	0.02446	0.01181	0.03205	0.01856	0.04892	0.01518	0.01771	0.01181	0.01012	0.00675	0.00337	0.00843	0.00590	0.00675	0.01181
12	0.01424	0.01017	0.01375	0.01627	0.01732	0.00968	0.01178	0.01683	0.02182	0.02890	0.05957	0.50130	0.07003	0.03326	0.01417	0.00456	0.00715	0.12997	0.01010	0.00912
13	0.01808	0.01541	0.02604	0.02195	0.02637	0.01449	0.12111	0.02409	0.02869	0.03977	0.34006	0.07761	0.07660	0.02085	0.01326	0.00377	0.00894	0.10144	0.01022	0.01121
14	0.03767	0.02835	0.11378	0.02476	0.03386	0.07250	0.08003	0.04378	0.02919	0.30743	0.08447	0.03671	0.03001	0.01314	0.01118	0.00337	0.01206	0.01124	0.01020	0.01629
15	0.03034	0.04070	0.24941	0.03086	0.04258	0.06310	0.11753	0.13411	0.06308	0.08503	0.02472	0.02691	0.01763	0.01130	0.01099	0.00342	0.01489	0.00974	0.00726	0.01639
16	0.42728	0.02151	0.02289	0.02466	0.11870	0.02269	0.01631	0.03380	0.02143	0.09421	0.01938	0.02189	0.01481	0.01013	0.00806	0.00313	0.00930	0.00716	0.00712	0.09554
17	0.02042	0.01691	0.02243	0.02049	0.02280	0.02039	0.01631	0.08069	0.02249	0.03152	0.03609	0.09718	0.07912	0.04680	0.25247	0.00976	0.17193	0.01391	0.00703	0.01125
18	0.02158	0.01708	0.02428	0.10753	0.11491	0.01807	0.01872	0.05583	0.02476	0.06701	0.05054	0.20614	0.13682	0.02151	0.01419	0.00385	0.05808	0.01837	0.00842	0.01231

[dist]
# distance from previous block
# <min> <max>
0	2

[block]
# block no. 3 follows, 12 sequences, length 10
# corresponding to MSA columns:
# 407-416
name=unknown_D
#
# <colnr> <probs for GDERKNQSTAVLIFYWHMCP>
#	G	D	E	R	K	N	Q	S	T	A	V	L	I	F	Y	W	H	M	C	P
0	0.11500	0.42548	0.04582	0.01944	0.02773	0.09326	0.01788	0.03632	0.07545	0.03081	0.01838	0.02016	0.01573	0.01019	0.00768	0.00266	0.01175	0.00664	0.00570	0.01392
1	0.02165	0.08099	0.16989	0.02344	0.03087	0.02054	0.07191	0.02781	0.02085	0.06116	0.02628	0.03794	0.02327	0.12727	0.19897	0.00901	0.01889	0.01091	0.00597	0.01240
2	0.02816	0.33775	0.16873	0.02879	0.10441	0.03435	0.02583	0.03418	0.02302	0.06350	0.01868	0.02170	0.01526	0.01042	0.01011	0.00292	0.04433	0.00742	0.00533	0.01512
3	0.02805	0.15009	0.10672	0.02694	0.03389	0.03101	0.07311	0.09773	0.02584	0.06239	0.02302	0.03301	0.02004	0.01485	0.01773	0.00374	0.17981	0.05118	0.00659	0.01426
4	0.01626	0.00984	0.01348	0.01418	0.01474	0.00952	0.00945	0.01560	0.01885	0.02549	0.10644	0.23025	0.05015	0.10350	0.03079	0.29014	0.00799	0.01859	0.00770	0.00705
5	0.02471	0.17628	0.15409	0.02674	0.03252	0.03400	0.02618	0.02960	0.01940	0.02791	0.01566	0.02213	0.01413	0.01482	0.02326	0.00389	0.32832	0.00832	0.00471	0.01334
6	0.02798	0.11423	0.35419	0.03122	0.09281	0.02588	0.03278	0.03745	0.02453	0.12468	0.02323	0.02523	0.01649	0.01072	0.01011	0.00328	0.01407	0.00847	0.00624	0.01641
7	0.02182	0.02108	0.10871	0.02373	0.08519	0.01614	0.01801	0.02604	0.02021	0.08619	0.03007	0.04775	0.02848	0.25465	0.15617	0.00931	0.01588	0.01234	0.00673	0.01150
8	0.01444	0.01038	0.01369	0.01439	0.01607	0.00963	0.01021	0.01809	0.02626	0.03641	0.32062	0.32472	0.08871	0.02776	0.01335	0.00389	0.00569	0.02491	0.01114	0.00963
9	0.02424	0.02682	0.09773	0.02666	0.02984	0.02903	0.02368	0.08370	0.02220	0.03258	0.02272	0.10495	0.02274	0.01934	0.02655	0.00438	0.37144	0.01235	0.00622	0.01283

[dist]
# distance from previous block
# <min> <max>
0	7

[block]
# block no. 4 follows, 12 sequences, length 6
# corresponding to MSA columns:
# 424-429
name=unknown_E
#
# <colnr> <probs for GDERKNQSTAVLIFYWHMCP>
#	G	D	E	R	K	N	Q	S	T	A	V	L	I	F	Y	W	H	M	C	P
0	0.29036	0.02178	0.02509	0.02131	0.02553	0.02665	0.01768	0.03355	0.02014	0.13444	0.02003	0.02394	0.01571	0.01453	0.01979	0.00396	0.25680	0.00839	0.00718	0.01312
1	0.03453	0.23186	0.03887	0.02189	0.02926	0.03272	0.01911	0.13558	0.08869	0.14068	0.02616	0.02669	0.01977	0.01289	0.01302	0.00322	0.09178	0.00892	0.00842	0.01590
2	0.01337	0.01025	0.01226	0.01347	0.01546	0.00914	0.00945	0.01594	0.02345	0.03017	0.13137	0.36248	0.25320	0.03041	0.01341	0.00404	0.00590	0.02677	0.01033	0.00914
3	0.02589	0.13492	0.09875	0.02851	0.10394	0.06548	0.05798	0.03181	0.02374	0.03296	0.01882	0.02265	0.01552	0.00911	0.00902	0.00243	0.01198	0.00751	0.00564	0.29333
4	0.01478	0.01092	0.01584	0.01671	0.01820	0.01198	0.01241	0.01798	0.01868	0.02619	0.03991	0.23927	0.04280	0.06528	0.37965	0.01299	0.02128	0.01838	0.00732	0.00943
5	0.02692	0.22728	0.27860	0.02659	0.03752	0.10733	0.02930	0.03435	0.02320	0.02987	0.01730	0.02094	0.01395	0.01105	0.01183	0.00315	0.07411	0.00738	0.00478	0.01456

[dist]
# distance from previous block
# <min> <max>
5	7

[block]
# block no. 5 follows, 12 sequences, length 10
# corresponding to MSA columns:
# 437-446
name=unknown_F
#
# <colnr> <probs for GDERKNQSTAVLIFYWHMCP>
#	G	D	E	R	K	N	Q	S	T	A	V	L	I	F	Y	W	H	M	C	P
0	0.13822	0.02761	0.10104	0.08769	0.15837	0.02443	0.02480	0.10986	0.02874	0.15830	0.02533	0.02734	0.01805	0.01134	0.01016	0.00336	0.01184	0.00919	0.00810	0.01623
1	0.01362	0.00975	0.01296	0.01495	0.01589	0.00908	0.01015	0.01604	0.02245	0.03035	0.13646	0.52617	0.07698	0.03228	0.01375	0.00427	0.00614	0.02921	0.01042	0.00908
2	0.01991	0.01829	0.03030	0.51419	0.06731	0.02238	0.02763	0.02689	0.02300	0.02996	0.08874	0.03601	0.02624	0.01241	0.01116	0.00361	0.01329	0.01102	0.00579	0.01187
3	0.03478	0.35592	0.09535	0.02061	0.03030	0.03336	0.02023	0.07924	0.02714	0.17223	0.02398	0.02402	0.01784	0.01086	0.00872	0.00280	0.01148	0.00776	0.00755	0.01581
4	0.01494	0.01141	0.01405	0.01527	0.01799	0.01052	0.01223	0.01865	0.02493	0.03168	0.12138	0.17872	0.25860	0.02899	0.01385	0.00427	0.00731	0.19538	0.01026	0.00957
5	0.01328	0.00949	0.01265	0.01518	0.01581	0.00886	0.01012	0.01518	0.02088	0.02783	0.06010	0.60969	0.07212	0.03416	0.01392	0.00443	0.00633	0.03100	0.01012	0.00886
6	0.02421	0.06083	0.09643	0.02193	0.02771	0.01840	0.05993	0.02942	0.02378	0.11459	0.03978	0.18702	0.03884	0.02018	0.01350	0.00384	0.05162	0.07907	0.07622	0.01270
7	0.03020	0.02615	0.03947	0.21275	0.12867	0.02861	0.10290	0.21167	0.03394	0.04549	0.02253	0.02772	0.01677	0.01127	0.01120	0.00344	0.01395	0.01024	0.00731	0.01572
8	0.01462	0.01128	0.01355	0.01413	0.01701	0.01021	0.01107	0.01841	0.02604	0.03355	0.20018	0.14721	0.28439	0.02745	0.01347	0.00399	0.00654	0.12671	0.01057	0.00963
9	0.08464	0.19337	0.03756	0.03030	0.15657	0.02835	0.02025	0.03565	0.10276	0.03551	0.02205	0.02468	0.01815	0.01008	0.00881	0.00271	0.01043	0.00797	0.00644	0.16374

[dist]
# distance from previous block
# <min> <max>
0	3

[block]
# block no. 6 follows, 12 sequences, length 36
# corresponding to MSA columns:
# 450-485
name=unknown_G
#
# <colnr> <probs for GDERKNQSTAVLIFYWHMCP>
#	G	D	E	R	K	N	Q	S	T	A	V	L	I	F	Y	W	H	M	C	P
0	0.02090	0.01436	0.01698	0.01657	0.01981	0.01457	0.01206	0.03058	0.15173	0.08798	0.10342	0.25833	0.09865	0.08189	0.01674	0.00457	0.00744	0.02092	0.01056	0.01194
1	0.02288	0.01980	0.02381	0.07289	0.03091	0.01678	0.01506	0.03064	0.07484	0.03582	0.02196	0.02511	0.01776	0.00904	0.00866	0.00203	0.00876	0.00738	0.00678	0.54907
2	0.02545	0.02397	0.04054	0.11366	0.45137	0.02445	0.03161	0.03186	0.02456	0.03457	0.02401	0.03650	0.02141	0.01181	0.01122	0.00345	0.01283	0.05488	0.00579	0.01606
3	0.01909	0.07355	0.02407	0.01935	0.02132	0.01984	0.01553	0.02130	0.01729	0.02454	0.02324	0.03503	0.02206	0.05524	0.32730	0.11713	0.13863	0.01034	0.00534	0.00981
4	0.01375	0.01108	0.01225	0.01196	0.01526	0.00957	0.00897	0.01733	0.02690	0.03432	0.25795	0.09693	0.39384	0.02580	0.01288	0.00360	0.00539	0.02189	0.01077	0.00957
5	0.01528	0.01033	0.01206	0.01263	0.01277	0.01019	0.00739	0.01571	0.01698	0.02264	0.04010	0.19153	0.04689	0.48674	0.04621	0.00920	0.00962	0.01924	0.00739	0.00711
6	0.02712	0.02342	0.02465	0.02219	0.02835	0.02712	0.01726	0.05794	0.52909	0.04561	0.04438	0.04068	0.03328	0.01479	0.01109	0.00370	0.00863	0.01233	0.01109	0.01726
7	0.04352	0.04061	0.02900	0.02513	0.03171	0.38364	0.01935	0.04680	0.03100	0.20678	0.02575	0.02560	0.01845	0.01200	0.01022	0.00300	0.01613	0.00836	0.00830	0.01465
8	0.04638	0.02263	0.02783	0.02133	0.02987	0.02207	0.01762	0.20931	0.03803	0.39054	0.03729	0.03339	0.02412	0.01336	0.01095	0.00334	0.01020	0.01057	0.01262	0.01855
9	0.02954	0.32681	0.03961	0.01900	0.02602	0.11516	0.01674	0.03340	0.02651	0.08167	0.14642	0.03528	0.03686	0.01318	0.00925	0.00277	0.01109	0.00989	0.00745	0.01332
10	0.03203	0.02122	0.03399	0.23241	0.21249	0.02206	0.02659	0.03803	0.02589	0.20524	0.02757	0.03106	0.01954	0.01138	0.01089	0.00342	0.01228	0.01012	0.00789	0.01591
11	0.02813	0.02595	0.11745	0.08599	0.12220	0.02234	0.02493	0.03423	0.02513	0.15275	0.10571	0.03676	0.03145	0.01448	0.01570	0.00366	0.11913	0.01125	0.00797	0.01480
12	0.02385	0.02385	0.03340	0.02863	0.02863	0.03340	0.02385	0.02624	0.01670	0.02624	0.01431	0.02385	0.01431	0.01908	0.03578	0.00477	0.59685	0.00954	0.00477	0.01193
13	0.04327	0.01982	0.02514	0.02012	0.02797	0.01890	0.01635	0.05438	0.16027	0.42395	0.04337	0.03804	0.02862	0.01383	0.01100	0.00346	0.00911	0.01132	0.01287	0.01822
14	0.02672	0.03847	0.29887	0.16503	0.09155	0.02348	0.03310	0.03611	0.02431	0.12440	0.02371	0.02725	0.01657	0.01098	0.01063	0.00346	0.01428	0.00909	0.00628	0.01568
15	0.02008	0.02247	0.08477	0.38700	0.10826	0.02204	0.02802	0.02709	0.02272	0.02956	0.03444	0.04068	0.10159	0.01347	0.01116	0.00358	0.01307	0.01171	0.00574	0.01255
16	0.02277	0.01088	0.01145	0.01095	0.01399	0.01066	0.00834	0.02777	0.02358	0.08465	0.03620	0.04035	0.02787	0.01277	0.00791	0.00261	0.00544	0.01023	0.62069	0.01088
17	0.01328	0.00949	0.01265	0.01518	0.01581	0.00886	0.01012	0.01518	0.02088	0.02783	0.06010	0.60969	0.07212	0.03416	0.01392	0.00443	0.00633	0.03100	0.01012	0.00886
18	0.08009	0.19109	0.21565	0.02340	0.03459	0.02872	0.02515	0.08737	0.02722	0.15326	0.02402	0.02466	0.01715	0.01105	0.00941	0.00312	0.01245	0.00815	0.00741	0.01605
19	0.02094	0.01628	0.02567	0.21231	0.12771	0.01739	0.02120	0.02557	0.02270	0.07249	0.03860	0.27308	0.04019	0.02067	0.01215	0.00388	0.01039	0.01874	0.00786	0.01216
20	0.01394	0.00996	0.01340	0.01593	0.01685	0.00942	0.01126	0.01631	0.02152	0.02857	0.05974	0.53541	0.07069	0.03354	0.01409	0.00452	0.00689	0.09882	0.01011	0.00904
21	0.69383	0.02109	0.01603	0.01434	0.02109	0.02446	0.01181	0.03205	0.01856	0.04892	0.01518	0.01771	0.01181	0.01012	0.00675	0.00337	0.00843	0.00590	0.00675	0.01181
22	0.01355	0.01072	0.01220	0.01257	0.01532	0.00937	0.00915	0.01665	0.02532	0.03230	0.19657	0.21233	0.33958	0.02788	0.01311	0.00379	0.00562	0.02405	0.01055	0.00937
23	0.09394	0.07159	0.07782	0.08023	0.03839	0.02722	0.07167	0.19099	0.03370	0.16849	0.02674	0.02773	0.01863	0.01181	0.01043	0.00333	0.01227	0.00961	0.00903	0.01640
24	0.14507	0.46562	0.04787	0.01877	0.02683	0.03902	0.01791	0.03199	0.02105	0.02978	0.01509	0.01808	0.01364	0.01032	0.00946	0.00273	0.06214	0.00617	0.00504	0.01343
25	0.01857	0.01032	0.01142	0.01206	0.01408	0.01023	0.00889	0.02271	0.02216	0.03617	0.04143	0.13998	0.03922	0.07043	0.01350	0.00378	0.00623	0.05903	0.45016	0.00964
26	0.01586	0.01057	0.01189	0.01189	0.01189	0.01057	0.00661	0.01586	0.01586	0.02114	0.03436	0.07135	0.03964	0.61681	0.05550	0.01057	0.01057	0.01586	0.00661	0.00661
27	0.02708	0.03514	0.22432	0.03292	0.04455	0.02305	0.21463	0.03601	0.02564	0.12264	0.03332	0.03583	0.06856	0.01211	0.01168	0.00355	0.01481	0.01186	0.00700	0.01531
28	0.37237	0.13222	0.02598	0.01693	0.02388	0.02770	0.01435	0.08064	0.07635	0.04572	0.07096	0.02711	0.02400	0.01194	0.00825	0.00321	0.00907	0.00829	0.00773	0.01328
29	0.01423	0.01119	0.01299	0.01335	0.01637	0.00995	0.01030	0.01784	0.02603	0.03319	0.20084	0.13780	0.33343	0.02720	0.01328	0.00388	0.00618	0.09185	0.01055	0.00956
30	0.01546	0.01189	0.01414	0.01386	0.01561	0.01194	0.00987	0.01686	0.02095	0.02698	0.09824	0.12984	0.25023	0.15966	0.02781	0.07552	0.06502	0.01926	0.00838	0.00847
31	0.02655	0.22150	0.03214	0.01778	0.02305	0.02523	0.01546	0.03045	0.02198	0.10180	0.02615	0.03113	0.02158	0.02771	0.13698	0.00615	0.07123	0.00908	0.14135	0.01270
32	0.01571	0.01077	0.01280	0.01251	0.01339	0.01047	0.00786	0.01746	0.02096	0.02882	0.20732	0.07479	0.06114	0.41466	0.04100	0.00814	0.00873	0.01717	0.00844	0.00786
33	0.02143	0.04381	0.38092	0.22133	0.05668	0.02495	0.03688	0.03226	0.02261	0.03226	0.01950	0.02508	0.01406	0.01054	0.01054	0.00351	0.01558	0.00861	0.00469	0.01475
34	0.03893	0.12943	0.07084	0.02290	0.03120	0.14837	0.01991	0.09178	0.08246	0.21324	0.02942	0.02829	0.02085	0.01218	0.01003	0.00311	0.01268	0.00906	0.00915	0.01618
35	0.01497	0.01097	0.01404	0.01360	0.01609	0.01004	0.01008	0.01957	0.02930	0.04077	0.45349	0.13547	0.14300	0.02397	0.01297	0.00355	0.00530	0.02114	0.01164	0.01004

[dist]
# distance from previous block
# <min> <max>
0	18

[block]
# block no. 7 follows, 12 sequences, length 19
# corresponding to MSA columns:
# 520-538
name=unknown_H
#
# <colnr> <probs for GDERKNQSTAVLIFYWHMCP>
#	G	D	E	R	K	N	Q	S	T	A	V	L	I	F	Y	W	H	M	C	P
0	0.11904	0.08740	0.12485	0.02282	0.03194	0.02402	0.05343	0.03435	0.02298	0.11905	0.02181	0.02445	0.01649	0.01115	0.01229	0.00305	0.08113	0.00813	0.00686	0.17477
1	0.01633	0.01056	0.01403	0.01357	0.01539	0.00988	0.00977	0.01780	0.02443	0.03351	0.31140	0.06767	0.12680	0.02828	0.02308	0.23672	0.00667	0.01659	0.00928	0.00825
2	0.01888	0.01816	0.09722	0.01730	0.02188	0.01266	0.01529	0.02410	0.02674	0.08533	0.27375	0.22589	0.07323	0.02321	0.01262	0.00373	0.00753	0.02051	0.01047	0.01151
3	0.02266	0.01472	0.01514	0.01429	0.01808	0.01599	0.01093	0.03658	0.19669	0.04235	0.03859	0.04066	0.02978	0.01342	0.00881	0.00294	0.00630	0.01091	0.44857	0.01260
4	0.02699	0.02591	0.04426	0.06693	0.54879	0.02591	0.03346	0.03346	0.02483	0.03562	0.02051	0.02699	0.01727	0.00972	0.01079	0.00324	0.01295	0.00972	0.00540	0.01727
5	0.02304	0.02092	0.02631	0.02043	0.02680	0.02101	0.01667	0.02704	0.02058	0.03234	0.01764	0.02304	0.01552	0.01186	0.01759	0.00270	0.21024	0.00752	0.00588	0.45288
6	0.03608	0.19728	0.08862	0.02508	0.03351	0.23559	0.02217	0.16648	0.03335	0.03851	0.01918	0.02117	0.01522	0.01115	0.00942	0.00287	0.01514	0.00756	0.00670	0.01492
7	0.02291	0.02848	0.13455	0.14582	0.04457	0.02307	0.08256	0.03224	0.06482	0.03360	0.02135	0.02650	0.01667	0.01086	0.01257	0.00312	0.06822	0.00900	0.00588	0.21322
8	0.02276	0.03388	0.20595	0.24170	0.10179	0.02551	0.14825	0.03210	0.02338	0.03228	0.02017	0.02709	0.01502	0.01022	0.01119	0.00355	0.01582	0.00994	0.00498	0.01441
9	0.04084	0.01683	0.02234	0.01771	0.02495	0.01455	0.01442	0.04494	0.03029	0.43616	0.09763	0.05063	0.10640	0.01627	0.01141	0.00342	0.00838	0.01344	0.01289	0.01650
10	0.01564	0.01145	0.01633	0.01633	0.01787	0.01298	0.01214	0.01871	0.01717	0.02443	0.03030	0.04887	0.02988	0.19498	0.46398	0.01605	0.02526	0.01257	0.00600	0.00907
11	0.02317	0.08959	0.29039	0.02657	0.03750	0.02472	0.06157	0.06721	0.07141	0.03750	0.07806	0.08638	0.03052	0.01423	0.01094	0.00347	0.01290	0.01205	0.00697	0.01484
12	0.02285	0.01281	0.01755	0.06945	0.02425	0.01211	0.01332	0.02590	0.02389	0.16025	0.05637	0.36886	0.09614	0.02626	0.01281	0.00403	0.00776	0.02331	0.01047	0.01162
13	0.03469	0.01526	0.02060	0.01720	0.02296	0.01346	0.01361	0.03890	0.02987	0.34048	0.19402	0.11873	0.05499	0.01858	0.01188	0.00352	0.00769	0.01597	0.01265	0.01493
14	0.02131	0.01244	0.01651	0.01732	0.02005	0.01199	0.01394	0.02512	0.02396	0.10465	0.05126	0.17639	0.05335	0.09697	0.01846	0.00513	0.00895	0.24118	0.07038	0.01064
15	0.02537	0.03413	0.21164	0.18786	0.10496	0.02469	0.13386	0.03444	0.02421	0.08150	0.02232	0.02771	0.01616	0.01049	0.01114	0.00352	0.01522	0.00995	0.00577	0.01508
16	0.01931	0.01517	0.02421	0.02042	0.02517	0.01367	0.11368	0.02354	0.02513	0.08153	0.11148	0.21378	0.22122	0.02369	0.01297	0.00383	0.00873	0.02157	0.00966	0.01124
17	0.02909	0.01460	0.01904	0.01741	0.02187	0.01359	0.01318	0.03495	0.07418	0.24305	0.09335	0.28026	0.05296	0.02300	0.01237	0.00385	0.00763	0.02021	0.01173	0.01367
18	0.54799	0.09352	0.02375	0.02009	0.07448	0.02684	0.01478	0.03226	0.01961	0.04482	0.01571	0.01861	0.01261	0.00999	0.00718	0.00324	0.00927	0.00627	0.00636	0.01261

[dist]
# distance from previous block
# <min> <max>
0	1

[block]
# block no. 8 follows, 12 sequences, length 33
# corresponding to MSA columns:
# 540-572
name=unknown_I
#
# <colnr> <probs for GDERKNQSTAVLIFYWHMCP>
#	G	D	E	R	K	N	Q	S	T	A	V	L	I	F	Y	W	H	M	C	P
0	0.02015	0.16092	0.02943	0.06790	0.08545	0.02091	0.01658	0.02469	0.02571	0.03456	0.23434	0.14142	0.05939	0.01872	0.01122	0.00332	0.00857	0.01624	0.00858	0.01190
1	0.08160	0.22353	0.15069	0.06423	0.03744	0.03152	0.06251	0.06717	0.02467	0.08101	0.02011	0.02330	0.01553	0.01115	0.01145	0.00321	0.06184	0.00817	0.00613	0.01474
2	0.02340	0.01783	0.02254	0.08282	0.03023	0.01495	0.01480	0.02803	0.02305	0.08132	0.02761	0.11208	0.02529	0.01278	0.00954	0.00243	0.00867	0.01090	0.00746	0.44424
3	0.09783	0.03025	0.09213	0.02770	0.08051	0.02829	0.02257	0.29300	0.03927	0.14154	0.02672	0.02695	0.01869	0.01226	0.01047	0.00332	0.01179	0.00944	0.00973	0.01754
4	0.02921	0.07659	0.14717	0.18831	0.04586	0.02508	0.02646	0.03803	0.06398	0.15800	0.02630	0.02920	0.01880	0.01234	0.01278	0.00354	0.06639	0.00953	0.00735	0.01508
5	0.02284	0.01444	0.01614	0.01481	0.01886	0.01477	0.01139	0.03394	0.14886	0.08810	0.16120	0.05483	0.08732	0.01667	0.01039	0.00319	0.00637	0.01398	0.24930	0.01260
6	0.07064	0.01092	0.01320	0.01448	0.01627	0.01048	0.01015	0.01774	0.02305	0.03300	0.15972	0.41146	0.11081	0.02919	0.01302	0.00408	0.00620	0.02594	0.01023	0.00943
7	0.01661	0.01030	0.01246	0.01246	0.01246	0.01030	0.00730	0.01545	0.01545	0.02061	0.03060	0.06205	0.03460	0.47587	0.05236	0.17422	0.01030	0.01430	0.00615	0.00615
8	0.01421	0.01023	0.01202	0.01304	0.01405	0.00960	0.00836	0.01554	0.01972	0.02554	0.06034	0.29413	0.15654	0.26191	0.03005	0.00669	0.00783	0.02340	0.00874	0.00804
9	0.02915	0.62337	0.05714	0.01866	0.02799	0.04314	0.01866	0.03265	0.02215	0.02565	0.01516	0.01749	0.01399	0.00933	0.00700	0.00233	0.01166	0.00583	0.00466	0.01399
10	0.02915	0.62337	0.05714	0.01866	0.02799	0.04314	0.01866	0.03265	0.02215	0.02565	0.01516	0.01749	0.01399	0.00933	0.00700	0.00233	0.01166	0.00583	0.00466	0.01399
11	0.04145	0.03054	0.03272	0.02509	0.03381	0.03381	0.02072	0.51243	0.05127	0.06872	0.02618	0.02618	0.01854	0.01309	0.01091	0.00327	0.01200	0.00982	0.01091	0.01854
12	0.02955	0.01936	0.02234	0.01885	0.02523	0.01961	0.01490	0.07561	0.21159	0.16169	0.12518	0.04956	0.08718	0.01613	0.01122	0.00336	0.00813	0.01346	0.01127	0.07577
13	0.02804	0.02336	0.03271	0.38871	0.06036	0.02765	0.02687	0.20085	0.03232	0.04245	0.02181	0.02804	0.01597	0.01168	0.01090	0.00350	0.01363	0.00974	0.00701	0.01441
14	0.04073	0.05197	0.03090	0.02809	0.03371	0.57303	0.02107	0.04354	0.03090	0.02669	0.01685	0.01966	0.01404	0.01124	0.00983	0.00281	0.01966	0.00702	0.00562	0.01264
15	0.01529	0.01125	0.01337	0.01346	0.01643	0.01025	0.01051	0.01953	0.02699	0.03638	0.25875	0.09322	0.25175	0.02467	0.01276	0.00370	0.00608	0.09488	0.07088	0.00984
16	0.03449	0.02151	0.03172	0.13142	0.18011	0.02194	0.02350	0.04411	0.10737	0.23968	0.03294	0.03350	0.02316	0.01221	0.01093	0.00343	0.01110	0.01062	0.00938	0.01688
17	0.07913	0.02184	0.02401	0.02016	0.02707	0.02328	0.01613	0.12699	0.23264	0.17309	0.04661	0.04321	0.08695	0.01535	0.01094	0.00352	0.00899	0.01236	0.01124	0.01649
18	0.20593	0.01917	0.02304	0.01817	0.02619	0.01808	0.01500	0.04800	0.02813	0.43281	0.03624	0.03239	0.02329	0.01267	0.00994	0.00337	0.00907	0.00973	0.01185	0.01691
19	0.02418	0.02369	0.03629	0.13148	0.18008	0.02982	0.02757	0.02850	0.01978	0.02910	0.01686	0.02558	0.01517	0.01515	0.02479	0.00416	0.33980	0.00961	0.00496	0.01344
20	0.17059	0.02817	0.12066	0.12718	0.17864	0.02463	0.02628	0.07532	0.02559	0.04077	0.06325	0.02912	0.02232	0.01147	0.01004	0.00339	0.01203	0.00945	0.00652	0.01457
21	0.01482	0.01061	0.01433	0.01632	0.01779	0.01012	0.01224	0.01811	0.02363	0.03168	0.13551	0.39008	0.07434	0.03116	0.01407	0.00444	0.00718	0.15376	0.01040	0.00941
22	0.69383	0.02109	0.01603	0.01434	0.02109	0.02446	0.01181	0.03205	0.01856	0.04892	0.01518	0.01771	0.01181	0.01012	0.00675	0.00337	0.00843	0.00590	0.00675	0.01181
23	0.02165	0.01158	0.01559	0.01531	0.01771	0.01094	0.01157	0.02264	0.02205	0.10125	0.08959	0.10637	0.08719	0.02859	0.02325	0.24624	0.00818	0.08943	0.06167	0.00919
24	0.02079	0.01754	0.02443	0.07002	0.09880	0.01993	0.01889	0.02906	0.10376	0.03090	0.03378	0.05569	0.03261	0.13217	0.11216	0.00738	0.08166	0.09115	0.00729	0.01196
25	0.03164	0.02925	0.02697	0.02362	0.03010	0.11782	0.01844	0.12819	0.37095	0.04620	0.03695	0.03491	0.02777	0.01394	0.01086	0.00348	0.01098	0.01106	0.01017	0.01671
26	0.01492	0.01113	0.01387	0.01318	0.01598	0.01007	0.00989	0.01959	0.02967	0.04088	0.45675	0.08613	0.19095	0.02335	0.01287	0.00348	0.00522	0.02038	0.01163	0.01007
27	0.01328	0.00949	0.01265	0.01518	0.01581	0.00886	0.01012	0.01518	0.02088	0.02783	0.06010	0.60969	0.07212	0.03416	0.01392	0.00443	0.00633	0.03100	0.01012	0.00886
28	0.01600	0.01103	0.01406	0.01331	0.01587	0.01027	0.00998	0.02114	0.02994	0.04337	0.48427	0.07672	0.09420	0.02118	0.01225	0.00333	0.00514	0.01861	0.08905	0.01027
29	0.69383	0.02109	0.01603	0.01434	0.02109	0.02446	0.01181	0.03205	0.01856	0.04892	0.01518	0.01771	0.01181	0.01012	0.00675	0.00337	0.00843	0.00590	0.00675	0.01181
30	0.02890	0.02314	0.03027	0.21548	0.08493	0.02643	0.02336	0.12342	0.20468	0.07845	0.03100	0.03302	0.02284	0.01272	0.01097	0.00355	0.01155	0.01072	0.00871	0.01585
31	0.02477	0.17195	0.12121	0.02856	0.09046	0.03055	0.02399	0.03412	0.10251	0.03187	0.02892	0.03203	0.06188	0.01429	0.01606	0.00354	0.15268	0.01001	0.00625	0.01433
32	0.32982	0.02270	0.02947	0.03062	0.14095	0.02436	0.06382	0.03564	0.02251	0.12630	0.02148	0.02446	0.01612	0.01119	0.01112	0.00348	0.05579	0.00848	0.00730	0.01438

[dist]
# distance from previous block
# <min> <max>
4	11

[block]
# block no. 9 follows, 12 sequences, length 17
# corresponding to MSA columns:
# 585-601
name=unknown_J
#
# <colnr> <probs for GDERKNQSTAVLIFYWHMCP>
#	G	D	E	R	K	N	Q	S	T	A	V	L	I	F	Y	W	H	M	C	P
0	0.04625	0.02052	0.02936	0.02221	0.03090	0.01854	0.05975	0.09032	0.03242	0.46936	0.03975	0.03551	0.02536	0.01308	0.01113	0.00339	0.01031	0.01104	0.01258	0.01822
1	0.03256	0.48772	0.05055	0.02008	0.02880	0.11728	0.01877	0.03602	0.02421	0.07243	0.01785	0.01953	0.01514	0.00997	0.00775	0.00249	0.01261	0.00645	0.00558	0.01420
2	0.01845	0.01666	0.02491	0.02268	0.02411	0.01971	0.05740	0.02140	0.02052	0.02910	0.07808	0.30018	0.04829	0.02548	0.02191	0.00441	0.22764	0.02056	0.00788	0.01061
3	0.02485	0.01675	0.02499	0.02007	0.02591	0.01534	0.09319	0.05618	0.02957	0.14644	0.20306	0.06715	0.19196	0.01929	0.01236	0.00352	0.00867	0.01714	0.01066	0.01290
4	0.01359	0.01094	0.01223	0.01306	0.01598	0.00958	0.00988	0.01648	0.02410	0.02955	0.09351	0.20720	0.38712	0.02924	0.01338	0.00401	0.00628	0.08452	0.01011	0.00925
5	0.02741	0.02580	0.10409	0.11954	0.03852	0.02108	0.02188	0.06615	0.02524	0.11115	0.02284	0.02625	0.01711	0.01105	0.01208	0.00289	0.06544	0.00842	0.00709	0.26596
6	0.02908	0.10556	0.03272	0.07639	0.03379	0.06953	0.02052	0.10565	0.22793	0.03971	0.02865	0.03022	0.02240	0.01397	0.01467	0.00358	0.11216	0.01003	0.00816	0.01527
7	0.01929	0.01220	0.01492	0.01472	0.01833	0.01087	0.01152	0.02286	0.02610	0.10781	0.14381	0.16192	0.26419	0.02615	0.01312	0.00393	0.00690	0.09972	0.01085	0.01080
8	0.02385	0.02385	0.03340	0.02863	0.02863	0.03340	0.02385	0.02624	0.01670	0.02624	0.01431	0.02385	0.01431	0.01908	0.03578	0.00477	0.59685	0.00954	0.00477	0.01193
9	0.02667	0.26249	0.23884	0.02520	0.03527	0.03299	0.02755	0.03343	0.02202	0.06196	0.01838	0.02196	0.01479	0.01179	0.01385	0.00327	0.12199	0.00767	0.00521	0.01468
10	0.01429	0.01024	0.01262	0.01410	0.01511	0.00968	0.00948	0.01602	0.02033	0.02655	0.05936	0.35329	0.12483	0.19635	0.02553	0.00610	0.00770	0.06092	0.00913	0.00837
11	0.02523	0.02603	0.09720	0.01947	0.02990	0.01879	0.01777	0.09845	0.02680	0.04019	0.02039	0.02318	0.01618	0.00911	0.00879	0.00210	0.00973	0.00716	0.00685	0.49669
12	0.04034	0.07718	0.02965	0.06093	0.03207	0.02339	0.01811	0.11112	0.11814	0.31714	0.03676	0.03389	0.02487	0.01309	0.01061	0.00334	0.01012	0.01048	0.01131	0.01745
13	0.03054	0.02078	0.09806	0.01967	0.02641	0.01499	0.01799	0.03592	0.02776	0.25593	0.12565	0.13158	0.04837	0.01949	0.01213	0.00376	0.00929	0.07623	0.01105	0.01440
14	0.01658	0.01280	0.01873	0.02416	0.09486	0.01246	0.01579	0.02010	0.02275	0.03044	0.05365	0.37562	0.06131	0.02939	0.01382	0.00444	0.00843	0.16483	0.00941	0.01044
15	0.08567	0.02105	0.02642	0.02451	0.09508	0.01969	0.01712	0.02850	0.02167	0.03544	0.01841	0.02291	0.01563	0.01007	0.01231	0.00245	0.09377	0.00728	0.00610	0.43590
16	0.06719	0.02321	0.12695	0.02253	0.02784	0.01793	0.07479	0.02394	0.02106	0.03134	0.09986	0.11216	0.03591	0.02282	0.02170	0.17462	0.06518	0.01368	0.00671	0.01059

[dist]
# distance from previous block
# <min> <max>
0	68

# created by:
# /st0/software/busco_prod/Augustus/scripts/msa2prfl.pl ./align_prep/4664.fa
