[name]
unknown

[dist]
# distance from previous block
# <min> <max>
0	1617

[block]
# block no. 0 follows, 10 sequences, length 33
# corresponding to MSA columns:
# 1769-1771,1773-1802
name=unknown_A
#
# <colnr> <probs for GDERKNQSTAVLIFYWHMCP>
#	G	D	E	R	K	N	Q	S	T	A	V	L	I	F	Y	W	H	M	C	P
0	0.01968	0.01206	0.01619	0.01699	0.01936	0.01118	0.01255	0.02321	0.02661	0.09187	0.16747	0.34765	0.07786	0.03037	0.01436	0.00442	0.00730	0.07803	0.01168	0.01116
1	0.02412	0.02067	0.02412	0.01723	0.02756	0.01550	0.01378	0.02929	0.02412	0.03790	0.02067	0.02412	0.01723	0.00861	0.00861	0.00172	0.00861	0.00689	0.00689	0.66236
2	0.10852	0.14368	0.20837	0.02397	0.03613	0.02853	0.02578	0.07694	0.02658	0.04076	0.02004	0.02296	0.01559	0.01050	0.00936	0.00296	0.01278	0.00763	0.00634	0.17258
3	0.09795	0.07947	0.09654	0.08722	0.10092	0.03108	0.07007	0.03650	0.08110	0.03650	0.02222	0.02778	0.01803	0.01361	0.01734	0.00396	0.14831	0.00997	0.00629	0.01514
4	0.03745	0.02025	0.02548	0.01887	0.02857	0.01626	0.01536	0.04230	0.02847	0.27014	0.03265	0.03147	0.02272	0.01136	0.01008	0.00261	0.00922	0.00917	0.01046	0.35710
5	0.02046	0.01742	0.02505	0.09055	0.03044	0.02160	0.01969	0.02300	0.02050	0.02862	0.03567	0.19741	0.03927	0.02739	0.02649	0.07737	0.21450	0.06647	0.00736	0.01074
6	0.02995	0.02742	0.04045	0.05065	0.28744	0.03064	0.02953	0.09205	0.08711	0.04143	0.02432	0.02976	0.02002	0.01375	0.01760	0.00389	0.13892	0.01068	0.00709	0.01730
7	0.01499	0.01076	0.01423	0.01563	0.01705	0.01000	0.01086	0.01826	0.02610	0.03578	0.22524	0.40517	0.08871	0.03189	0.01444	0.00434	0.00629	0.02874	0.01152	0.01000
8	0.01910	0.01513	0.01758	0.01639	0.02029	0.01524	0.01246	0.03097	0.14749	0.04454	0.32927	0.08034	0.16042	0.02276	0.01325	0.00378	0.00648	0.01967	0.01222	0.01263
9	0.44664	0.02397	0.02386	0.02358	0.07987	0.02636	0.01688	0.09219	0.02653	0.11275	0.02199	0.02370	0.01616	0.01159	0.00879	0.00357	0.01011	0.00794	0.00849	0.01503
10	0.01616	0.01171	0.01419	0.01387	0.01575	0.01127	0.00956	0.01905	0.02438	0.03300	0.21617	0.08283	0.14761	0.23871	0.08900	0.00814	0.01050	0.01920	0.00962	0.00927
11	0.02166	0.04438	0.34691	0.02688	0.03963	0.02307	0.03187	0.03485	0.07980	0.03689	0.04740	0.04788	0.13797	0.01605	0.01179	0.00377	0.01353	0.01298	0.00714	0.01555
12	0.02412	0.02067	0.02412	0.01723	0.02756	0.01550	0.01378	0.02929	0.02412	0.03790	0.02067	0.02412	0.01723	0.00861	0.00861	0.00172	0.00861	0.00689	0.00689	0.66236
13	0.02528	0.02717	0.09064	0.09513	0.03972	0.02686	0.06760	0.08162	0.07421	0.03963	0.08762	0.08500	0.03502	0.01783	0.01875	0.00416	0.14736	0.01402	0.00800	0.01439
14	0.05069	0.02218	0.02847	0.02183	0.03088	0.02064	0.01803	0.13570	0.03728	0.44211	0.04253	0.03741	0.02711	0.01431	0.01168	0.00358	0.01044	0.01147	0.01388	0.01979
15	0.02905	0.15881	0.10922	0.08411	0.17419	0.03339	0.06722	0.07714	0.02713	0.03699	0.02034	0.02593	0.01664	0.01192	0.01384	0.00353	0.07884	0.00949	0.00593	0.01628
16	0.02572	0.02662	0.05236	0.03978	0.04890	0.02583	0.31847	0.03744	0.08629	0.03815	0.03487	0.05480	0.03071	0.01546	0.01400	0.00424	0.01635	0.10738	0.00769	0.01493
17	0.03089	0.16734	0.25787	0.08061	0.04455	0.03093	0.03119	0.08943	0.02879	0.09871	0.02371	0.02613	0.01717	0.01161	0.01046	0.00340	0.01456	0.00884	0.00690	0.01688
18	0.01733	0.01338	0.01600	0.01508	0.01852	0.01281	0.01139	0.02546	0.08538	0.04368	0.37589	0.08710	0.18596	0.02404	0.01351	0.00375	0.00600	0.02086	0.01227	0.01159
19	0.01646	0.01189	0.01555	0.01463	0.01738	0.01097	0.01097	0.02195	0.03292	0.04664	0.51257	0.08688	0.10974	0.02378	0.01372	0.00366	0.00549	0.02103	0.01280	0.01097
20	0.02545	0.02545	0.03562	0.03053	0.03053	0.03562	0.02545	0.02799	0.01781	0.02799	0.01527	0.02545	0.01527	0.02036	0.03817	0.00509	0.56997	0.01018	0.00509	0.01272
21	0.02545	0.02545	0.03562	0.03053	0.03053	0.03562	0.02545	0.02799	0.01781	0.02799	0.01527	0.02545	0.01527	0.02036	0.03817	0.00509	0.56997	0.01018	0.00509	0.01272
22	0.01705	0.01284	0.01639	0.01816	0.02126	0.01218	0.01539	0.02159	0.02668	0.03366	0.08060	0.12468	0.21815	0.03122	0.01528	0.00487	0.00908	0.29976	0.01074	0.01041
23	0.01417	0.01012	0.01350	0.01619	0.01687	0.00945	0.01080	0.01619	0.02227	0.02969	0.06410	0.58367	0.07692	0.03644	0.01484	0.00472	0.00675	0.03306	0.01080	0.00945
24	0.01417	0.01012	0.01350	0.01619	0.01687	0.00945	0.01080	0.01619	0.02227	0.02969	0.06410	0.58367	0.07692	0.03644	0.01484	0.00472	0.00675	0.03306	0.01080	0.00945
25	0.01681	0.01169	0.01480	0.01480	0.01553	0.01243	0.00969	0.01827	0.01754	0.02412	0.03471	0.06539	0.03763	0.41361	0.23048	0.01389	0.01828	0.01534	0.00676	0.00822
26	0.67341	0.02249	0.01709	0.01529	0.02249	0.02609	0.01260	0.03419	0.01979	0.05218	0.01619	0.01889	0.01260	0.01080	0.00720	0.00360	0.00900	0.00630	0.00720	0.01260
27	0.02168	0.01084	0.01084	0.01084	0.01355	0.01084	0.00813	0.02710	0.02439	0.04336	0.03794	0.04336	0.02981	0.01355	0.00813	0.00271	0.00542	0.01084	0.65583	0.01084
28	0.03224	0.03121	0.09829	0.21641	0.05418	0.07588	0.07234	0.07768	0.06572	0.12006	0.02763	0.03141	0.01971	0.01239	0.01168	0.00370	0.01499	0.01064	0.00790	0.01594
29	0.02734	0.10081	0.21615	0.03028	0.07948	0.02891	0.02868	0.08369	0.14248	0.04322	0.07636	0.03533	0.03001	0.01355	0.01120	0.00357	0.01286	0.01100	0.00809	0.01697
30	0.03047	0.02046	0.02612	0.08544	0.03455	0.01715	0.01685	0.03580	0.02617	0.15220	0.02662	0.02862	0.01974	0.01035	0.00971	0.00243	0.00977	0.00845	0.00845	0.43064
31	0.03929	0.02630	0.09205	0.06876	0.03654	0.02379	0.02367	0.04467	0.02742	0.29773	0.03288	0.03340	0.02250	0.01529	0.01842	0.00401	0.15528	0.01081	0.01008	0.01710
32	0.03262	0.02118	0.03019	0.08677	0.03683	0.02155	0.06471	0.12979	0.03411	0.15841	0.08584	0.09990	0.04208	0.01908	0.01303	0.00402	0.01157	0.08203	0.01086	0.01543

[dist]
# distance from previous block
# <min> <max>
17	38

[block]
# block no. 1 follows, 10 sequences, length 27
# corresponding to MSA columns:
# 1841-1867
name=unknown_B
#
# <colnr> <probs for GDERKNQSTAVLIFYWHMCP>
#	G	D	E	R	K	N	Q	S	T	A	V	L	I	F	Y	W	H	M	C	P
0	0.03088	0.03958	0.20912	0.03230	0.04398	0.02936	0.11486	0.19425	0.03528	0.04893	0.02503	0.02936	0.01866	0.02015	0.06994	0.00529	0.01759	0.01067	0.00765	0.01709
1	0.09889	0.02932	0.06909	0.02671	0.03471	0.07606	0.07029	0.04763	0.10964	0.20419	0.03286	0.03286	0.02329	0.01397	0.01430	0.00381	0.07496	0.01084	0.00977	0.01681
2	0.01506	0.01151	0.01382	0.01391	0.01669	0.01027	0.01018	0.01898	0.02861	0.03799	0.28663	0.19032	0.24749	0.02821	0.01394	0.00396	0.00587	0.02457	0.01171	0.01027
3	0.01495	0.01060	0.01398	0.01640	0.01723	0.01006	0.01128	0.01713	0.02221	0.02951	0.06100	0.48221	0.07227	0.09301	0.01954	0.00547	0.00764	0.07577	0.01040	0.00934
4	0.01666	0.01229	0.01780	0.01780	0.01957	0.01406	0.01343	0.02020	0.01843	0.02634	0.03196	0.05019	0.03103	0.16170	0.47337	0.01760	0.02822	0.01312	0.00635	0.00989
5	0.58163	0.02209	0.01856	0.01609	0.02356	0.02476	0.01326	0.03751	0.02179	0.12230	0.02058	0.02195	0.01499	0.01133	0.00786	0.00360	0.00913	0.00710	0.00826	0.01366
6	0.02020	0.01010	0.01515	0.01515	0.01515	0.01010	0.01010	0.01515	0.01515	0.02020	0.02020	0.03535	0.02020	0.04040	0.04545	0.66162	0.01010	0.01010	0.00505	0.00505
7	0.60400	0.02219	0.01820	0.01590	0.02330	0.02509	0.01310	0.03670	0.02130	0.10521	0.01951	0.02121	0.01441	0.01120	0.00770	0.00360	0.00910	0.00690	0.00800	0.01340
8	0.02636	0.02515	0.04282	0.24661	0.36247	0.02699	0.03448	0.03356	0.02533	0.03505	0.02145	0.02958	0.01738	0.01081	0.01155	0.00360	0.01442	0.01035	0.00555	0.01646
9	0.11352	0.05177	0.03119	0.02833	0.03446	0.48690	0.02137	0.04508	0.03149	0.03110	0.01778	0.02074	0.01472	0.01185	0.01012	0.00306	0.01964	0.00736	0.00613	0.01338
10	0.05218	0.01979	0.02699	0.02069	0.02969	0.01709	0.01709	0.05668	0.03329	0.52677	0.04588	0.03959	0.02879	0.01439	0.01170	0.00360	0.00990	0.01170	0.01439	0.01979
11	0.02904	0.08508	0.02866	0.01804	0.02813	0.01915	0.01495	0.03395	0.02542	0.10895	0.02389	0.02579	0.01868	0.00962	0.00894	0.00209	0.00923	0.00753	0.00779	0.49508
12	0.03479	0.16441	0.03895	0.02241	0.03240	0.02505	0.06670	0.03990	0.02716	0.18471	0.02758	0.02829	0.02024	0.01084	0.00983	0.00272	0.01115	0.00894	0.00860	0.23533
13	0.01600	0.01145	0.01548	0.01747	0.01915	0.01093	0.01323	0.01970	0.02570	0.03452	0.15037	0.35062	0.08027	0.03268	0.01499	0.00471	0.00770	0.15375	0.01116	0.01012
14	0.02785	0.02392	0.03496	0.16512	0.09585	0.02990	0.02677	0.03533	0.06881	0.07924	0.02341	0.03030	0.01895	0.01609	0.02358	0.00436	0.26353	0.01067	0.00674	0.01463
15	0.01615	0.01154	0.01577	0.01846	0.02000	0.01116	0.01424	0.01962	0.02422	0.03191	0.06301	0.38746	0.07259	0.03457	0.01537	0.00500	0.00847	0.20971	0.01076	0.00999
16	0.02412	0.02067	0.02412	0.01723	0.02756	0.01550	0.01378	0.02929	0.02412	0.03790	0.02067	0.02412	0.01723	0.00861	0.00861	0.00172	0.00861	0.00689	0.00689	0.66236
17	0.02763	0.04425	0.30577	0.03385	0.04804	0.02521	0.14234	0.03830	0.02618	0.09155	0.02428	0.02784	0.01728	0.01085	0.01150	0.00351	0.01601	0.01000	0.00642	0.08920
18	0.45813	0.13690	0.02778	0.01834	0.02588	0.10649	0.01544	0.03612	0.02247	0.04396	0.01645	0.01916	0.01339	0.01081	0.00773	0.00330	0.01142	0.00646	0.00660	0.01317
19	0.02034	0.01516	0.01846	0.01668	0.02043	0.01514	0.01277	0.06967	0.08074	0.04939	0.42044	0.07696	0.09383	0.02205	0.01333	0.00367	0.00655	0.01925	0.01260	0.01255
20	0.67341	0.02249	0.01709	0.01529	0.02249	0.02609	0.01260	0.03419	0.01979	0.05218	0.01619	0.01889	0.01260	0.01080	0.00720	0.00360	0.00900	0.00630	0.00720	0.01260
21	0.01688	0.01140	0.01330	0.01330	0.01352	0.01161	0.00782	0.01731	0.01710	0.02301	0.03608	0.07298	0.04093	0.53944	0.10916	0.01204	0.01332	0.01646	0.00696	0.00739
22	0.03412	0.02479	0.03174	0.20662	0.04821	0.02778	0.02381	0.23429	0.03833	0.09832	0.03126	0.09193	0.02557	0.01571	0.01200	0.00377	0.01276	0.01306	0.00962	0.01631
23	0.01606	0.01187	0.01499	0.01421	0.01713	0.01080	0.01066	0.02117	0.03197	0.04439	0.45425	0.09058	0.16947	0.02462	0.01372	0.00370	0.00555	0.02155	0.01251	0.01080
24	0.67341	0.02249	0.01709	0.01529	0.02249	0.02609	0.01260	0.03419	0.01979	0.05218	0.01619	0.01889	0.01260	0.01080	0.00720	0.00360	0.00900	0.00630	0.00720	0.01260
25	0.12170	0.16217	0.20157	0.02628	0.03846	0.02909	0.07618	0.03458	0.02389	0.03727	0.01940	0.02310	0.01527	0.01016	0.00952	0.00305	0.01354	0.00797	0.00576	0.14104
26	0.44417	0.02658	0.02691	0.09966	0.03637	0.07972	0.06698	0.03514	0.02248	0.04487	0.01782	0.02222	0.01381	0.01093	0.00889	0.00361	0.01232	0.00781	0.00664	0.01307

[dist]
# distance from previous block
# <min> <max>
0	4

[block]
# block no. 2 follows, 10 sequences, length 14
# corresponding to MSA columns:
# 1872-1885
name=unknown_C
#
# <colnr> <probs for GDERKNQSTAVLIFYWHMCP>
#	G	D	E	R	K	N	Q	S	T	A	V	L	I	F	Y	W	H	M	C	P
0	0.34378	0.02164	0.02223	0.01846	0.02634	0.02265	0.01511	0.04659	0.07769	0.24977	0.03199	0.03020	0.02186	0.01284	0.00958	0.00364	0.00939	0.00930	0.01071	0.01623
1	0.01734	0.01325	0.01487	0.01430	0.01697	0.01291	0.01002	0.02368	0.08225	0.03490	0.19270	0.08531	0.19422	0.20490	0.02796	0.00619	0.00789	0.01977	0.01029	0.01030
2	0.10059	0.02645	0.03577	0.31707	0.18031	0.08306	0.02983	0.03358	0.02474	0.03426	0.02017	0.02796	0.01586	0.01125	0.01097	0.00364	0.01493	0.00957	0.00564	0.01434
3	0.03086	0.02147	0.02675	0.02264	0.02771	0.02416	0.01832	0.17762	0.03349	0.10146	0.07521	0.04055	0.03190	0.04061	0.19635	0.00888	0.08544	0.01225	0.00943	0.01490
4	0.01456	0.01082	0.01314	0.01455	0.01615	0.00987	0.00990	0.01689	0.02366	0.03079	0.11299	0.36507	0.18713	0.09497	0.01938	0.00515	0.00692	0.02808	0.01055	0.00941
5	0.01646	0.01189	0.01555	0.01463	0.01738	0.01097	0.01097	0.02195	0.03292	0.04664	0.51257	0.08688	0.10974	0.02378	0.01372	0.00366	0.00549	0.02103	0.01280	0.01097
6	0.02709	0.01341	0.01808	0.01772	0.02123	0.01205	0.01294	0.02995	0.02601	0.19860	0.05791	0.39879	0.06057	0.02895	0.01377	0.00434	0.00782	0.02580	0.01202	0.01296
7	0.02614	0.04053	0.21567	0.04397	0.05746	0.02865	0.33861	0.03712	0.02653	0.03712	0.02268	0.02920	0.01672	0.01020	0.01287	0.00385	0.01884	0.01209	0.00557	0.01616
8	0.01671	0.01205	0.01590	0.01538	0.01812	0.01124	0.01183	0.02219	0.03224	0.04533	0.46274	0.09177	0.10501	0.02470	0.01398	0.00385	0.00606	0.06738	0.01257	0.01094
9	0.02545	0.02545	0.03562	0.03053	0.03053	0.03562	0.02545	0.02799	0.01781	0.02799	0.01527	0.02545	0.01527	0.02036	0.03817	0.00509	0.56997	0.01018	0.00509	0.01272
10	0.01668	0.01221	0.01742	0.01742	0.01905	0.01385	0.01295	0.01995	0.01831	0.02605	0.03232	0.05215	0.03188	0.19422	0.44201	0.01712	0.02693	0.01341	0.00640	0.00968
11	0.01682	0.01309	0.01741	0.07763	0.02548	0.01362	0.01410	0.02321	0.07991	0.03199	0.05727	0.45714	0.06511	0.03119	0.01412	0.00454	0.00801	0.02814	0.01030	0.01092
12	0.03168	0.15518	0.08500	0.02816	0.07063	0.03065	0.02339	0.07851	0.02704	0.11446	0.02811	0.08840	0.02484	0.01654	0.01714	0.00381	0.14107	0.01196	0.00787	0.01556
13	0.09549	0.02061	0.02597	0.02757	0.11920	0.01953	0.01774	0.03322	0.08354	0.04291	0.14266	0.04195	0.04154	0.01373	0.01064	0.00300	0.00897	0.01167	0.00874	0.23133

[dist]
# distance from previous block
# <min> <max>
0	7

[block]
# block no. 3 follows, 10 sequences, length 79
# corresponding to MSA columns:
# 1893-1922,1924-1934,1955-1992
name=unknown_D
#
# <colnr> <probs for GDERKNQSTAVLIFYWHMCP>
#	G	D	E	R	K	N	Q	S	T	A	V	L	I	F	Y	W	H	M	C	P
0	0.03126	0.02501	0.03294	0.37722	0.06352	0.09145	0.02775	0.03769	0.02668	0.13645	0.02574	0.03155	0.01829	0.01227	0.01149	0.00370	0.01501	0.01026	0.00726	0.01447
1	0.09765	0.08710	0.02844	0.01896	0.02835	0.08875	0.01544	0.03264	0.02475	0.03709	0.01936	0.02256	0.01619	0.00943	0.00858	0.00217	0.01067	0.00683	0.00660	0.43845
2	0.03375	0.08255	0.03057	0.09030	0.03558	0.02200	0.01835	0.04177	0.07601	0.18781	0.03075	0.03121	0.02223	0.01168	0.01017	0.00289	0.01038	0.00940	0.00929	0.24330
3	0.16114	0.16739	0.03432	0.02206	0.02853	0.15071	0.01842	0.03759	0.02644	0.08804	0.07339	0.02963	0.02626	0.01374	0.01271	0.00337	0.07562	0.00917	0.00752	0.01397
4	0.25280	0.39952	0.04581	0.01831	0.02731	0.03914	0.01738	0.03461	0.02231	0.03593	0.01618	0.01874	0.01412	0.01024	0.00737	0.00287	0.01125	0.00625	0.00574	0.01412
5	0.03166	0.02874	0.09218	0.08558	0.15638	0.02686	0.07759	0.04121	0.07511	0.13470	0.02829	0.03198	0.02106	0.01340	0.01590	0.00390	0.09959	0.01107	0.00789	0.01691
6	0.04421	0.03258	0.03490	0.02676	0.03607	0.03607	0.02211	0.47993	0.05468	0.07330	0.02792	0.02792	0.01978	0.01396	0.01163	0.00349	0.01280	0.01047	0.01163	0.01978
7	0.67341	0.02249	0.01709	0.01529	0.02249	0.02609	0.01260	0.03419	0.01979	0.05218	0.01619	0.01889	0.01260	0.01080	0.00720	0.00360	0.00900	0.00630	0.00720	0.01260
8	0.01568	0.01146	0.01483	0.01560	0.01778	0.01062	0.01155	0.01975	0.02809	0.03820	0.27486	0.25723	0.13629	0.02944	0.01435	0.00422	0.00652	0.07151	0.01171	0.01032
9	0.02514	0.14514	0.03467	0.19768	0.04456	0.02911	0.02202	0.03964	0.17938	0.03564	0.04109	0.04294	0.08680	0.01495	0.01108	0.00361	0.01153	0.01222	0.00805	0.01475
10	0.01519	0.01109	0.01439	0.01594	0.01768	0.01029	0.01153	0.01851	0.02577	0.03449	0.17644	0.36383	0.13031	0.03219	0.01460	0.00446	0.00680	0.07523	0.01127	0.00999
11	0.02032	0.01834	0.02907	0.08367	0.08547	0.01939	0.07005	0.02576	0.02709	0.03745	0.20924	0.10257	0.10836	0.02064	0.01653	0.00399	0.08263	0.01785	0.00907	0.01251
12	0.01943	0.01151	0.01516	0.01638	0.01807	0.01065	0.01119	0.02154	0.02310	0.09356	0.05864	0.45563	0.06675	0.09615	0.01944	0.00532	0.00767	0.02846	0.01084	0.01052
13	0.03569	0.02521	0.03521	0.15277	0.15957	0.02695	0.02611	0.13806	0.08523	0.15013	0.03089	0.03301	0.02219	0.01288	0.01164	0.00364	0.01261	0.01097	0.00943	0.01781
14	0.02951	0.08769	0.03468	0.08818	0.09945	0.02597	0.02116	0.12639	0.03076	0.04334	0.02187	0.02571	0.01748	0.01046	0.00985	0.00265	0.01138	0.00842	0.00734	0.29772
15	0.25134	0.02306	0.02991	0.02462	0.02971	0.02703	0.06946	0.03370	0.02286	0.09423	0.07158	0.03179	0.02592	0.01557	0.01927	0.00413	0.19394	0.01053	0.00773	0.01361
16	0.03818	0.01897	0.02653	0.13598	0.03810	0.01805	0.01871	0.04286	0.02805	0.30345	0.03664	0.04089	0.02649	0.08826	0.01754	0.00446	0.01115	0.01158	0.01067	0.08345
17	0.02026	0.01620	0.01949	0.01672	0.02229	0.01439	0.01276	0.02834	0.08113	0.04198	0.24094	0.11500	0.06582	0.01903	0.01187	0.00314	0.00712	0.01659	0.01043	0.23648
18	0.02377	0.02101	0.02748	0.02817	0.13165	0.01737	0.01785	0.02902	0.02494	0.03708	0.03357	0.03655	0.08212	0.01170	0.00990	0.00238	0.00938	0.00993	0.00716	0.43897
19	0.02133	0.01597	0.02145	0.08057	0.02857	0.01772	0.01695	0.08147	0.02528	0.03413	0.03718	0.06613	0.03709	0.15708	0.20560	0.01071	0.01867	0.10488	0.00794	0.01130
20	0.04613	0.02951	0.03300	0.02530	0.03454	0.03151	0.02090	0.37827	0.04954	0.18221	0.03224	0.03072	0.02194	0.01407	0.01165	0.00352	0.01210	0.01077	0.01230	0.01978
21	0.05218	0.01979	0.02699	0.02069	0.02969	0.01709	0.01709	0.05668	0.03329	0.52677	0.04588	0.03959	0.02879	0.01439	0.01170	0.00360	0.00990	0.01170	0.01439	0.01979
22	0.45727	0.02431	0.02221	0.01846	0.02635	0.02707	0.01523	0.13297	0.02905	0.11847	0.02258	0.02353	0.01625	0.01195	0.00874	0.00358	0.00993	0.00790	0.00909	0.01508
23	0.01862	0.01390	0.01789	0.01879	0.02167	0.01403	0.01503	0.02705	0.08917	0.03935	0.19675	0.18106	0.07746	0.02818	0.01460	0.00455	0.00828	0.19054	0.01150	0.01158
24	0.01525	0.01110	0.01447	0.01596	0.01770	0.01032	0.01155	0.01866	0.02600	0.03497	0.18921	0.35876	0.12304	0.03194	0.01458	0.00444	0.00677	0.07392	0.01133	0.01003
25	0.04194	0.02113	0.02649	0.02144	0.02900	0.02045	0.01768	0.15023	0.03766	0.30122	0.10402	0.05302	0.04136	0.01746	0.01243	0.00377	0.01011	0.05981	0.01312	0.01764
26	0.01796	0.01122	0.01533	0.01533	0.01594	0.01184	0.01033	0.01745	0.01684	0.02307	0.02933	0.05298	0.03073	0.25095	0.19924	0.23796	0.01679	0.01324	0.00611	0.00735
27	0.05218	0.01979	0.02699	0.02069	0.02969	0.01709	0.01709	0.05668	0.03329	0.52677	0.04588	0.03959	0.02879	0.01439	0.01170	0.00360	0.00990	0.01170	0.01439	0.01979
28	0.04178	0.02948	0.03214	0.02540	0.03408	0.03237	0.02073	0.34106	0.14882	0.11907	0.03418	0.03261	0.02422	0.01441	0.01169	0.00360	0.01169	0.01119	0.01199	0.01948
29	0.16118	0.01528	0.01959	0.07908	0.02725	0.01748	0.01582	0.02412	0.01970	0.03248	0.02806	0.04537	0.02642	0.04858	0.23023	0.11851	0.01896	0.05497	0.00659	0.01031
30	0.01691	0.01128	0.01268	0.01268	0.01268	0.01128	0.00705	0.01691	0.01691	0.02255	0.03665	0.07611	0.04228	0.59126	0.05920	0.01128	0.01128	0.01691	0.00705	0.00705
31	0.03282	0.02880	0.04013	0.03515	0.08847	0.03192	0.10705	0.17679	0.16503	0.05021	0.03023	0.03263	0.02303	0.01415	0.01552	0.00390	0.08566	0.01177	0.00916	0.01758
32	0.01393	0.01107	0.01252	0.01368	0.01621	0.00966	0.00968	0.01648	0.02468	0.03067	0.09467	0.31521	0.32566	0.03246	0.01422	0.00427	0.00626	0.02822	0.01080	0.00966
33	0.02344	0.02073	0.02783	0.02056	0.03005	0.01638	0.06355	0.02879	0.02429	0.03698	0.02550	0.08306	0.02348	0.01163	0.00981	0.00227	0.00961	0.01035	0.00719	0.52451
34	0.02412	0.02067	0.02412	0.01723	0.02756	0.01550	0.01378	0.02929	0.02412	0.03790	0.02067	0.02412	0.01723	0.00861	0.00861	0.00172	0.00861	0.00689	0.00689	0.66236
35	0.40449	0.02353	0.02927	0.14271	0.08278	0.02654	0.06996	0.03369	0.02197	0.04442	0.01847	0.02376	0.01429	0.01083	0.00926	0.00368	0.01200	0.00835	0.00649	0.01352
36	0.02925	0.03398	0.09949	0.05450	0.28948	0.07344	0.11631	0.03977	0.07601	0.03800	0.02438	0.02965	0.01936	0.01104	0.01182	0.00358	0.01541	0.01084	0.00634	0.01734
37	0.03045	0.03177	0.09890	0.03730	0.16621	0.07775	0.02614	0.03658	0.02601	0.08792	0.02283	0.02693	0.01801	0.01170	0.01358	0.00316	0.07589	0.00901	0.00683	0.19303
38	0.04007	0.09739	0.10227	0.02685	0.03725	0.03597	0.02458	0.37411	0.04740	0.06358	0.02573	0.02648	0.01860	0.01315	0.01111	0.00341	0.01333	0.00977	0.01004	0.01892
39	0.02403	0.02610	0.08264	0.02573	0.02934	0.02793	0.02236	0.03431	0.12158	0.03525	0.08922	0.04157	0.03414	0.06897	0.02835	0.00505	0.26943	0.01264	0.00767	0.01368
40	0.01804	0.01873	0.07419	0.02513	0.08663	0.01430	0.01773	0.02247	0.02412	0.03364	0.08899	0.36473	0.06074	0.02704	0.01341	0.00412	0.00882	0.02439	0.00937	0.06340
41	0.01601	0.01187	0.01492	0.01416	0.01710	0.01078	0.01062	0.02108	0.03186	0.04413	0.44739	0.09101	0.17649	0.02471	0.01372	0.00370	0.00555	0.02161	0.01247	0.01078
42	0.02717	0.08169	0.17897	0.08626	0.09052	0.02367	0.02725	0.03507	0.02605	0.08942	0.06225	0.03165	0.02483	0.01178	0.01059	0.00313	0.01262	0.00970	0.00713	0.16025
43	0.04486	0.03978	0.03017	0.02607	0.03316	0.30574	0.02017	0.05167	0.08423	0.20269	0.03084	0.02987	0.02201	0.01323	0.01105	0.00331	0.01585	0.00957	0.00954	0.01620
44	0.03288	0.03058	0.07544	0.03066	0.08748	0.03070	0.02355	0.17874	0.27500	0.05363	0.03655	0.03562	0.02721	0.01424	0.01167	0.00374	0.01146	0.01166	0.01050	0.01870
45	0.02168	0.01084	0.01084	0.01084	0.01355	0.01084	0.00813	0.02710	0.02439	0.04336	0.03794	0.04336	0.02981	0.01355	0.00813	0.00271	0.00542	0.01084	0.65583	0.01084
46	0.02756	0.01290	0.01493	0.01345	0.01752	0.01220	0.01043	0.03279	0.02741	0.14775	0.10140	0.04821	0.03999	0.01506	0.00962	0.00302	0.00639	0.01235	0.43422	0.01278
47	0.01666	0.01227	0.01773	0.01773	0.01947	0.01401	0.01333	0.02015	0.01841	0.02628	0.03204	0.05058	0.03120	0.16827	0.46703	0.01750	0.02796	0.01318	0.00636	0.00985
48	0.10026	0.21564	0.09728	0.03408	0.14940	0.03317	0.02537	0.08779	0.02858	0.09368	0.02265	0.02510	0.01758	0.01120	0.00973	0.00320	0.01269	0.00856	0.00718	0.01685
49	0.41888	0.02527	0.03165	0.02472	0.03332	0.02706	0.12431	0.07482	0.02562	0.08606	0.02118	0.02419	0.01563	0.01110	0.00947	0.00367	0.01192	0.00883	0.00780	0.01449
50	0.02540	0.01946	0.02394	0.02046	0.02415	0.02154	0.01571	0.12036	0.02623	0.03684	0.02659	0.04147	0.02531	0.15782	0.11778	0.07617	0.10542	0.01168	0.00735	0.09632
51	0.02388	0.03937	0.24480	0.22009	0.06321	0.02720	0.14707	0.03448	0.02483	0.03448	0.02146	0.02848	0.01572	0.01094	0.01191	0.00381	0.01721	0.01047	0.00524	0.01534
52	0.02983	0.02898	0.13373	0.02138	0.03291	0.01831	0.02075	0.03665	0.02613	0.14009	0.02600	0.02745	0.01911	0.01035	0.00978	0.00254	0.01073	0.00826	0.00804	0.38900
53	0.01887	0.01155	0.01557	0.01728	0.01910	0.01073	0.01239	0.02154	0.02399	0.08499	0.06181	0.47274	0.07050	0.03352	0.01464	0.00467	0.00754	0.07666	0.01118	0.01073
54	0.02565	0.02334	0.03330	0.15372	0.15660	0.02705	0.02588	0.04050	0.17858	0.03742	0.03030	0.03558	0.02423	0.02192	0.07316	0.00556	0.07239	0.01148	0.00760	0.01573
55	0.24494	0.01946	0.02144	0.01878	0.02547	0.01998	0.01547	0.04177	0.06863	0.21252	0.07874	0.05136	0.03692	0.01688	0.01109	0.00391	0.00929	0.07707	0.01111	0.01516
56	0.01656	0.01133	0.01258	0.01258	0.01303	0.01111	0.00725	0.01689	0.01800	0.02355	0.04580	0.08015	0.09549	0.52790	0.05407	0.01045	0.01067	0.01777	0.00747	0.00736
57	0.26661	0.02072	0.02357	0.01883	0.02721	0.02020	0.01554	0.04892	0.02863	0.36295	0.03564	0.03244	0.02320	0.01315	0.01014	0.00360	0.00959	0.00983	0.01191	0.01731
58	0.02517	0.01487	0.01888	0.01735	0.02100	0.01473	0.01310	0.03184	0.07538	0.13322	0.16552	0.06976	0.05724	0.16405	0.08267	0.00730	0.01141	0.05327	0.01074	0.01247
59	0.02196	0.02067	0.03488	0.56331	0.08010	0.02584	0.03230	0.02972	0.02326	0.02972	0.02067	0.03101	0.01550	0.01163	0.01163	0.00388	0.01550	0.01034	0.00517	0.01292
60	0.01646	0.01189	0.01555	0.01463	0.01738	0.01097	0.01097	0.02195	0.03292	0.04664	0.51257	0.08688	0.10974	0.02378	0.01372	0.00366	0.00549	0.02103	0.01280	0.01097
61	0.02545	0.02545	0.03562	0.03053	0.03053	0.03562	0.02545	0.02799	0.01781	0.02799	0.01527	0.02545	0.01527	0.02036	0.03817	0.00509	0.56997	0.01018	0.00509	0.01272
62	0.02893	0.02498	0.02630	0.02367	0.03024	0.02893	0.01841	0.06180	0.49770	0.04865	0.04734	0.04339	0.03550	0.01578	0.01183	0.00394	0.00920	0.01315	0.01183	0.01841
63	0.02545	0.02545	0.03562	0.03053	0.03053	0.03562	0.02545	0.02799	0.01781	0.02799	0.01527	0.02545	0.01527	0.02036	0.03817	0.00509	0.56997	0.01018	0.00509	0.01272
64	0.08196	0.09428	0.14893	0.02411	0.03383	0.02808	0.02355	0.08394	0.17142	0.09847	0.06828	0.03579	0.02999	0.01392	0.01092	0.00360	0.01154	0.01097	0.00942	0.01700
65	0.01684	0.01310	0.01923	0.13499	0.03203	0.01383	0.01714	0.02081	0.02346	0.03080	0.05422	0.36675	0.06155	0.03017	0.01442	0.00468	0.00949	0.11647	0.00957	0.01047
66	0.67341	0.02249	0.01709	0.01529	0.02249	0.02609	0.01260	0.03419	0.01979	0.05218	0.01619	0.01889	0.01260	0.01080	0.00720	0.00360	0.00900	0.00630	0.00720	0.01260
67	0.02406	0.02221	0.03412	0.40405	0.10790	0.02666	0.02961	0.03714	0.12557	0.03452	0.02651	0.03348	0.02006	0.01241	0.01166	0.00385	0.01400	0.01094	0.00665	0.01458
68	0.03104	0.03405	0.08747	0.14520	0.09797	0.11700	0.06059	0.13350	0.03309	0.04159	0.03270	0.03646	0.07071	0.01381	0.01175	0.00358	0.01511	0.01149	0.00745	0.01545
69	0.01646	0.01189	0.01555	0.01463	0.01738	0.01097	0.01097	0.02195	0.03292	0.04664	0.51257	0.08688	0.10974	0.02378	0.01372	0.00366	0.00549	0.02103	0.01280	0.01097
70	0.02029	0.01557	0.02055	0.07717	0.02708	0.01777	0.01538	0.02925	0.12186	0.03039	0.03340	0.04835	0.03058	0.15548	0.22553	0.08117	0.01865	0.01298	0.00736	0.01118
71	0.01578	0.01148	0.01522	0.01762	0.01937	0.01092	0.01347	0.01912	0.02436	0.03173	0.06893	0.36901	0.11999	0.03413	0.01517	0.00487	0.00809	0.18004	0.01077	0.00994
72	0.02849	0.27974	0.16555	0.02845	0.07684	0.03569	0.02650	0.04192	0.13896	0.03573	0.02535	0.02695	0.02016	0.01166	0.00974	0.00321	0.01293	0.00883	0.00669	0.01662
73	0.02196	0.02067	0.03488	0.56331	0.08010	0.02584	0.03230	0.02972	0.02326	0.02972	0.02067	0.03101	0.01550	0.01163	0.01163	0.00388	0.01550	0.01034	0.00517	0.01292
74	0.02291	0.02687	0.14791	0.08549	0.03802	0.01861	0.06241	0.02982	0.02558	0.08460	0.04894	0.17116	0.09166	0.02158	0.01318	0.00418	0.01212	0.07276	0.00868	0.01353
75	0.09972	0.02277	0.07811	0.07626	0.03223	0.01998	0.01912	0.03802	0.10729	0.12196	0.19849	0.05167	0.05310	0.01680	0.01183	0.00372	0.00954	0.01407	0.01060	0.01470
76	0.24746	0.01860	0.02129	0.02184	0.07581	0.01872	0.01458	0.02705	0.01994	0.03703	0.01910	0.02651	0.01674	0.01999	0.02053	0.21901	0.00981	0.00812	0.00627	0.15159
77	0.25817	0.10065	0.08612	0.02319	0.03161	0.19752	0.02053	0.04091	0.02647	0.08927	0.02039	0.02234	0.01556	0.01150	0.00921	0.00329	0.01432	0.00750	0.00705	0.01441
78	0.10217	0.20675	0.04016	0.02593	0.06774	0.03258	0.02067	0.03534	0.02330	0.09726	0.02077	0.02451	0.01710	0.01309	0.01607	0.00339	0.15003	0.00833	0.00675	0.08806

[dist]
# distance from previous block
# <min> <max>
0	10

[block]
# block no. 4 follows, 10 sequences, length 20
# corresponding to MSA columns:
# 2018-2037
name=unknown_E
#
# <colnr> <probs for GDERKNQSTAVLIFYWHMCP>
#	G	D	E	R	K	N	Q	S	T	A	V	L	I	F	Y	W	H	M	C	P
0	0.27179	0.02387	0.02892	0.08108	0.12643	0.02548	0.02106	0.09150	0.02858	0.15809	0.02586	0.02773	0.01853	0.01199	0.01000	0.00358	0.01120	0.00919	0.00889	0.01623
1	0.09278	0.01983	0.02599	0.02194	0.02714	0.02082	0.05642	0.03218	0.10540	0.03800	0.07970	0.09770	0.03620	0.01995	0.01848	0.08064	0.07529	0.01366	0.00831	0.12956
2	0.02625	0.03982	0.26652	0.02633	0.03752	0.02452	0.02888	0.13640	0.03402	0.04820	0.16390	0.04326	0.04323	0.01539	0.01195	0.00363	0.01279	0.01261	0.00876	0.01601
3	0.02122	0.02253	0.07236	0.24556	0.05185	0.02183	0.07740	0.03057	0.06735	0.03462	0.08257	0.14785	0.03944	0.01795	0.01270	0.00402	0.01278	0.01648	0.00774	0.01319
4	0.01537	0.01105	0.01457	0.01537	0.01714	0.01025	0.01089	0.01922	0.02787	0.03860	0.29988	0.32249	0.09418	0.02978	0.01425	0.00416	0.00608	0.02674	0.01185	0.01025
5	0.07587	0.01230	0.01442	0.01451	0.01661	0.01242	0.01025	0.02137	0.02397	0.03656	0.18038	0.16485	0.06351	0.15041	0.07154	0.00676	0.00964	0.01915	0.08556	0.00992
6	0.03516	0.04173	0.23417	0.02844	0.04065	0.02979	0.02970	0.21840	0.08128	0.10278	0.02871	0.02919	0.02012	0.01300	0.01142	0.00362	0.01395	0.01008	0.00921	0.01860
7	0.02215	0.02131	0.03654	0.37976	0.06499	0.02558	0.08107	0.02889	0.02300	0.03039	0.02520	0.09185	0.02256	0.01520	0.01535	0.00412	0.08009	0.01324	0.00587	0.01283
8	0.03527	0.41804	0.05265	0.02209	0.03183	0.04285	0.02060	0.17663	0.03352	0.04200	0.01991	0.02161	0.01647	0.01123	0.00879	0.00281	0.01255	0.00757	0.00710	0.01647
9	0.02412	0.02067	0.02412	0.01723	0.02756	0.01550	0.01378	0.02929	0.02412	0.03790	0.02067	0.02412	0.01723	0.00861	0.00861	0.00172	0.00861	0.00689	0.00689	0.66236
10	0.02745	0.03137	0.06863	0.04902	0.06078	0.02941	0.47647	0.03725	0.02745	0.03725	0.02353	0.03137	0.01765	0.00980	0.01373	0.00392	0.01961	0.01373	0.00588	0.01569
11	0.01735	0.01456	0.02369	0.02617	0.07781	0.01380	0.06805	0.02083	0.02334	0.03150	0.05466	0.45735	0.06348	0.03042	0.01434	0.00449	0.00904	0.02828	0.00966	0.01117
12	0.02412	0.02067	0.02412	0.01723	0.02756	0.01550	0.01378	0.02929	0.02412	0.03790	0.02067	0.02412	0.01723	0.00861	0.00861	0.00172	0.00861	0.00689	0.00689	0.66236
13	0.02745	0.03137	0.06863	0.04902	0.06078	0.02941	0.47647	0.03725	0.02745	0.03725	0.02353	0.03137	0.01765	0.00980	0.01373	0.00392	0.01961	0.01373	0.00588	0.01569
14	0.25473	0.03239	0.12170	0.02259	0.03217	0.02837	0.02155	0.19656	0.03415	0.05500	0.03112	0.03220	0.06363	0.01379	0.01019	0.00361	0.01167	0.01002	0.00873	0.01585
15	0.01691	0.01128	0.01268	0.01268	0.01268	0.01128	0.00705	0.01691	0.01691	0.02255	0.03665	0.07611	0.04228	0.59126	0.05920	0.01128	0.01128	0.01691	0.00705	0.00705
16	0.01993	0.02744	0.16573	0.02194	0.02914	0.01851	0.02186	0.03064	0.08182	0.03957	0.20673	0.05445	0.05530	0.03366	0.13400	0.00713	0.01514	0.01458	0.00892	0.01350
17	0.02268	0.01992	0.02698	0.02045	0.02920	0.01591	0.06292	0.02778	0.02414	0.03635	0.02880	0.12570	0.02803	0.01375	0.01028	0.00250	0.00946	0.01234	0.00749	0.47530
18	0.01995	0.01614	0.02242	0.02035	0.02423	0.01591	0.06007	0.06624	0.06734	0.03975	0.15399	0.27773	0.11590	0.02656	0.01383	0.00416	0.00847	0.02395	0.01087	0.01213
19	0.03958	0.02684	0.03074	0.02492	0.03241	0.02980	0.02028	0.21925	0.17527	0.16059	0.03621	0.03472	0.02587	0.01524	0.01443	0.00381	0.06828	0.01149	0.01162	0.01866

[dist]
# distance from previous block
# <min> <max>
0	4

[block]
# block no. 5 follows, 10 sequences, length 53
# corresponding to MSA columns:
# 2042-2094
name=unknown_F
#
# <colnr> <probs for GDERKNQSTAVLIFYWHMCP>
#	G	D	E	R	K	N	Q	S	T	A	V	L	I	F	Y	W	H	M	C	P
0	0.03241	0.04024	0.13785	0.16934	0.10325	0.15393	0.03056	0.12103	0.03217	0.04003	0.02156	0.02642	0.01635	0.01190	0.01122	0.00350	0.01648	0.00932	0.00660	0.01584
1	0.02443	0.01761	0.02273	0.02099	0.02367	0.01979	0.01623	0.06866	0.02599	0.09219	0.05172	0.26763	0.09847	0.02670	0.02014	0.00448	0.15476	0.02144	0.00981	0.01256
2	0.02496	0.02112	0.02272	0.02070	0.02627	0.02352	0.01599	0.04950	0.36026	0.04638	0.14074	0.05894	0.10186	0.01876	0.01239	0.00389	0.00816	0.01586	0.01190	0.01609
3	0.01524	0.01147	0.01289	0.01301	0.01518	0.01043	0.00886	0.01761	0.02421	0.03112	0.15516	0.14593	0.25285	0.20275	0.02790	0.00623	0.00757	0.02247	0.00999	0.00912
4	0.02605	0.01415	0.01891	0.01794	0.02095	0.01387	0.01318	0.06353	0.02498	0.12907	0.04280	0.23405	0.04315	0.03609	0.07290	0.17737	0.01110	0.01895	0.00964	0.01131
5	0.02895	0.02052	0.02461	0.01782	0.02793	0.01578	0.01435	0.03401	0.02570	0.12216	0.02502	0.02678	0.01922	0.00961	0.00914	0.00205	0.00883	0.00772	0.00818	0.55161
6	0.67341	0.02249	0.01709	0.01529	0.02249	0.02609	0.01260	0.03419	0.01979	0.05218	0.01619	0.01889	0.01260	0.01080	0.00720	0.00360	0.00900	0.00630	0.00720	0.01260
7	0.03069	0.53494	0.06180	0.02315	0.03331	0.04416	0.07090	0.03510	0.02406	0.02847	0.01699	0.02008	0.01523	0.00993	0.00816	0.00265	0.01324	0.00706	0.00508	0.01501
8	0.02702	0.02136	0.03339	0.16959	0.09053	0.02243	0.07574	0.08987	0.03201	0.08430	0.17656	0.04846	0.04690	0.01559	0.01252	0.00370	0.01190	0.01418	0.00930	0.01465
9	0.01417	0.01012	0.01350	0.01619	0.01687	0.00945	0.01080	0.01619	0.02227	0.02969	0.06410	0.58367	0.07692	0.03644	0.01484	0.00472	0.00675	0.03306	0.01080	0.00945
10	0.02721	0.02828	0.08924	0.25262	0.10070	0.02815	0.02899	0.09251	0.15137	0.04139	0.02863	0.03295	0.02143	0.01280	0.01161	0.00379	0.01357	0.01089	0.00770	0.01617
11	0.02676	0.01542	0.01988	0.01790	0.02257	0.01472	0.01419	0.03501	0.08346	0.16183	0.29510	0.07585	0.07690	0.02161	0.01330	0.00388	0.00758	0.06732	0.01284	0.01390
12	0.03167	0.02437	0.02638	0.02332	0.03018	0.02753	0.01825	0.06120	0.44298	0.10498	0.04717	0.04294	0.03471	0.01562	0.01182	0.00390	0.00929	0.01298	0.01214	0.01857
13	0.02168	0.01084	0.01084	0.01084	0.01355	0.01084	0.00813	0.02710	0.02439	0.04336	0.03794	0.04336	0.02981	0.01355	0.00813	0.00271	0.00542	0.01084	0.65583	0.01084
14	0.02824	0.31400	0.04194	0.02018	0.02722	0.03324	0.01780	0.10612	0.02816	0.03572	0.02981	0.14068	0.03021	0.02466	0.06893	0.00491	0.01338	0.01322	0.00747	0.01412
15	0.01688	0.01140	0.01331	0.01331	0.01353	0.01162	0.00783	0.01732	0.01710	0.02302	0.03607	0.07293	0.04090	0.53850	0.11007	0.01205	0.01336	0.01645	0.00696	0.00740
16	0.03407	0.46756	0.05421	0.02232	0.03132	0.16606	0.02052	0.03762	0.02588	0.02763	0.01660	0.01921	0.01494	0.01044	0.00819	0.00261	0.01449	0.00653	0.00522	0.01458
17	0.03829	0.02964	0.03157	0.02556	0.03381	0.03330	0.02067	0.31805	0.22620	0.06376	0.03544	0.03391	0.02587	0.01467	0.01171	0.00367	0.01141	0.01151	0.01171	0.01925
18	0.03388	0.02665	0.02999	0.07222	0.03650	0.03007	0.02128	0.23771	0.21036	0.05624	0.03807	0.04521	0.03033	0.01642	0.01219	0.00390	0.01150	0.05878	0.01104	0.01768
19	0.03941	0.04395	0.09400	0.03157	0.04085	0.22211	0.08394	0.21240	0.03973	0.04795	0.02289	0.02543	0.01716	0.01236	0.01142	0.00339	0.01720	0.00959	0.00805	0.01663
20	0.02603	0.02687	0.11803	0.29841	0.09486	0.02329	0.02990	0.03401	0.02618	0.09852	0.08205	0.03743	0.02844	0.01322	0.01177	0.00375	0.01375	0.01148	0.00727	0.01475
21	0.03372	0.09507	0.03513	0.02914	0.08307	0.03293	0.02150	0.18048	0.26051	0.05237	0.03522	0.03434	0.02661	0.01398	0.01123	0.00359	0.01114	0.01124	0.01033	0.01841
22	0.03698	0.08998	0.13205	0.02478	0.03402	0.02636	0.02377	0.04795	0.11020	0.23403	0.03443	0.03340	0.02412	0.01421	0.01427	0.00374	0.07748	0.01058	0.00997	0.01769
23	0.02152	0.01743	0.02053	0.01738	0.02331	0.01623	0.01344	0.03277	0.12959	0.04434	0.25932	0.05796	0.06495	0.01733	0.01172	0.00311	0.00726	0.01493	0.01075	0.21615
24	0.02113	0.01708	0.01942	0.01792	0.02231	0.01799	0.01370	0.03723	0.21690	0.04585	0.28642	0.07222	0.12256	0.02119	0.01297	0.00380	0.00701	0.01827	0.01221	0.01381
25	0.03283	0.03786	0.07543	0.03143	0.08612	0.21363	0.02375	0.09416	0.03265	0.03964	0.11720	0.03655	0.03468	0.01524	0.01453	0.00354	0.07705	0.01126	0.00785	0.01460
26	0.05048	0.02253	0.02868	0.02199	0.03105	0.02115	0.01817	0.14721	0.03786	0.42977	0.04204	0.03709	0.02686	0.01430	0.01168	0.00358	0.01052	0.01143	0.01380	0.01979
27	0.67341	0.02249	0.01709	0.01529	0.02249	0.02609	0.01260	0.03419	0.01979	0.05218	0.01619	0.01889	0.01260	0.01080	0.00720	0.00360	0.00900	0.00630	0.00720	0.01260
28	0.20710	0.02186	0.02413	0.02081	0.02459	0.02605	0.01637	0.11275	0.02496	0.04158	0.02217	0.03392	0.02059	0.11708	0.02892	0.07773	0.14963	0.01031	0.00726	0.01221
29	0.29518	0.02395	0.02250	0.02021	0.02704	0.02776	0.01601	0.05039	0.30026	0.05011	0.03447	0.03327	0.02604	0.01372	0.00992	0.00380	0.00912	0.01032	0.00992	0.01601
30	0.03566	0.02474	0.03302	0.02719	0.03101	0.03030	0.02259	0.09537	0.02712	0.17864	0.02580	0.02987	0.01978	0.01779	0.02702	0.00445	0.33465	0.01066	0.00864	0.01570
31	0.03548	0.03612	0.09862	0.03145	0.07369	0.12359	0.02567	0.11811	0.08316	0.09888	0.02634	0.02885	0.01999	0.01452	0.01688	0.00382	0.12997	0.01005	0.00825	0.01657
32	0.03246	0.30485	0.04701	0.02534	0.03151	0.16310	0.02209	0.03568	0.02422	0.02781	0.01635	0.02114	0.01504	0.01340	0.01691	0.00335	0.17286	0.00765	0.00525	0.01395
33	0.02333	0.06016	0.53100	0.03315	0.05034	0.02701	0.04297	0.03683	0.02455	0.03683	0.02087	0.02455	0.01473	0.01105	0.01105	0.00368	0.01719	0.00859	0.00491	0.01719
34	0.01874	0.01339	0.01874	0.02142	0.02410	0.01339	0.01874	0.02410	0.02677	0.03481	0.06158	0.13119	0.06693	0.03213	0.01606	0.00535	0.01071	0.44043	0.01071	0.01071
35	0.02168	0.01084	0.01084	0.01084	0.01355	0.01084	0.00813	0.02710	0.02439	0.04336	0.03794	0.04336	0.02981	0.01355	0.00813	0.00271	0.00542	0.01084	0.65583	0.01084
36	0.04345	0.05543	0.03296	0.02996	0.03596	0.54457	0.02247	0.04644	0.03296	0.02846	0.01798	0.02097	0.01498	0.01199	0.01049	0.00300	0.02097	0.00749	0.00599	0.01348
37	0.01659	0.01185	0.01627	0.01896	0.02070	0.01153	0.01500	0.02038	0.02465	0.03240	0.06277	0.34399	0.07163	0.03415	0.01549	0.00506	0.00885	0.24885	0.01075	0.01012
38	0.01661	0.01246	0.01869	0.01869	0.02077	0.01454	0.01454	0.02077	0.01869	0.02700	0.03115	0.04569	0.02908	0.08723	0.54517	0.01869	0.03115	0.01246	0.00623	0.01038
39	0.01686	0.01257	0.01601	0.01707	0.01945	0.01222	0.01293	0.02299	0.06320	0.03705	0.19079	0.27286	0.11544	0.02989	0.01447	0.00444	0.00734	0.11216	0.01141	0.01085
40	0.01814	0.01296	0.01806	0.02074	0.02315	0.01287	0.01770	0.02306	0.02618	0.03414	0.06191	0.19031	0.06824	0.03269	0.01590	0.00527	0.01019	0.38720	0.01072	0.01054
41	0.01645	0.01185	0.01566	0.01557	0.01807	0.01106	0.01182	0.02151	0.03098	0.04332	0.40936	0.15036	0.10109	0.02620	0.01411	0.00397	0.00622	0.06930	0.01233	0.01076
42	0.01991	0.09005	0.02510	0.01918	0.02163	0.02016	0.01522	0.02240	0.01867	0.02597	0.02675	0.04170	0.02598	0.11296	0.31658	0.08618	0.08378	0.01156	0.00589	0.01032
43	0.20965	0.02827	0.02922	0.02297	0.03169	0.03098	0.01897	0.30817	0.04277	0.12703	0.02721	0.02709	0.01908	0.01319	0.01048	0.00353	0.01143	0.00954	0.01084	0.01790
44	0.02741	0.19092	0.10306	0.03920	0.16219	0.03233	0.08018	0.03278	0.02335	0.03176	0.01932	0.02595	0.01669	0.01445	0.01732	0.06671	0.08680	0.00934	0.00530	0.01494
45	0.02219	0.03041	0.16858	0.02589	0.03410	0.02162	0.06664	0.03672	0.14902	0.03960	0.10221	0.16660	0.04713	0.01966	0.01273	0.00401	0.01141	0.01752	0.00920	0.01477
46	0.02622	0.02192	0.02525	0.01822	0.02845	0.01766	0.01465	0.07646	0.02732	0.04160	0.02143	0.02452	0.01749	0.00917	0.00893	0.00191	0.00905	0.00727	0.00739	0.59509
47	0.02706	0.01731	0.02837	0.02337	0.02866	0.01701	0.09365	0.03202	0.02513	0.15086	0.08769	0.04928	0.03732	0.09769	0.21907	0.01012	0.01927	0.01388	0.00895	0.01331
48	0.01880	0.01375	0.01611	0.01564	0.01792	0.01399	0.01094	0.06841	0.02414	0.03180	0.05533	0.15223	0.13765	0.24115	0.12165	0.00920	0.01308	0.01950	0.00875	0.00996
49	0.10281	0.02014	0.02703	0.02359	0.02927	0.02085	0.07563	0.07095	0.11326	0.08857	0.04520	0.19976	0.04379	0.02180	0.01283	0.00421	0.01037	0.06542	0.01032	0.01422
50	0.02744	0.01929	0.02326	0.02162	0.02594	0.02071	0.01751	0.15484	0.08437	0.04360	0.04020	0.06840	0.03849	0.02723	0.02164	0.16774	0.01098	0.16433	0.00969	0.01273
51	0.10684	0.01236	0.01166	0.01142	0.01472	0.01283	0.00871	0.02803	0.02379	0.04451	0.03510	0.04016	0.02756	0.01319	0.00801	0.00283	0.00589	0.01025	0.57108	0.01107
52	0.02996	0.14153	0.03233	0.02168	0.02789	0.02791	0.01800	0.20265	0.03575	0.04686	0.03968	0.19863	0.04054	0.02165	0.01219	0.00385	0.01074	0.06349	0.00991	0.01477

[dist]
# distance from previous block
# <min> <max>
0	136

[block]
# block no. 6 follows, 10 sequences, length 17
# corresponding to MSA columns:
# 2303-2319
name=unknown_G
#
# <colnr> <probs for GDERKNQSTAVLIFYWHMCP>
#	G	D	E	R	K	N	Q	S	T	A	V	L	I	F	Y	W	H	M	C	P
0	0.02966	0.03216	0.14986	0.08068	0.14496	0.02529	0.02850	0.08543	0.09320	0.09650	0.08524	0.03778	0.03149	0.01373	0.01175	0.00365	0.01263	0.01172	0.00869	0.01709
1	0.02253	0.01909	0.02193	0.01694	0.02531	0.01567	0.01335	0.03023	0.07258	0.03916	0.08862	0.04333	0.08820	0.01346	0.01010	0.00242	0.00801	0.01116	0.00849	0.44943
2	0.01456	0.01163	0.01303	0.01307	0.01631	0.01010	0.00965	0.01812	0.02786	0.03552	0.22333	0.15640	0.35217	0.02862	0.01386	0.00394	0.00587	0.02449	0.01136	0.01010
3	0.09003	0.10031	0.03429	0.02197	0.03185	0.02425	0.06187	0.08097	0.02823	0.09948	0.02369	0.02586	0.01818	0.01035	0.00952	0.00262	0.01084	0.00837	0.00794	0.30938
4	0.17037	0.10619	0.24261	0.02671	0.03829	0.02716	0.07378	0.03405	0.02479	0.04052	0.08532	0.03162	0.02729	0.01244	0.01039	0.00354	0.01346	0.00999	0.00659	0.01490
5	0.03744	0.15577	0.10416	0.02788	0.08323	0.07378	0.02322	0.04316	0.02828	0.20281	0.02827	0.02850	0.02029	0.01171	0.01022	0.00309	0.01270	0.00904	0.00859	0.08787
6	0.02683	0.01639	0.02048	0.01747	0.02297	0.01524	0.01363	0.03572	0.09416	0.15082	0.29114	0.06343	0.07136	0.01889	0.01243	0.00346	0.00731	0.01629	0.01233	0.08963
7	0.01524	0.01165	0.01398	0.01381	0.01673	0.01039	0.01020	0.01943	0.02942	0.03931	0.32134	0.15346	0.24836	0.02725	0.01386	0.00388	0.00578	0.02367	0.01186	0.01039
