[name]
unknown

[dist]
# distance from previous block
# <min> <max>
0	394

[block]
# block no. 0 follows, 11 sequences, length 24
# corresponding to MSA columns:
# 413-436
name=unknown_A
#
# <colnr> <probs for GDERKNQSTAVLIFYWHMCP>
#	G	D	E	R	K	N	Q	S	T	A	V	L	I	F	Y	W	H	M	C	P
0	0.02846	0.01672	0.02156	0.01945	0.02530	0.01543	0.01617	0.03584	0.07239	0.17388	0.09060	0.07375	0.04768	0.02041	0.01260	0.00385	0.00921	0.18013	0.01099	0.12557
1	0.01632	0.01112	0.01331	0.01331	0.01367	0.01147	0.00811	0.01703	0.01667	0.02259	0.03452	0.06841	0.03864	0.51176	0.14686	0.01219	0.01434	0.01560	0.00668	0.00740
2	0.68395	0.02177	0.01654	0.01480	0.02177	0.02525	0.01219	0.03309	0.01915	0.05050	0.01567	0.01828	0.01219	0.01045	0.00697	0.00348	0.00871	0.00609	0.00697	0.01219
3	0.04279	0.03153	0.03378	0.02590	0.03490	0.03490	0.02139	0.49671	0.05292	0.07093	0.02702	0.02702	0.01914	0.01351	0.01126	0.00338	0.01239	0.01013	0.01126	0.01914
4	0.01593	0.01150	0.01504	0.01416	0.01681	0.01062	0.01062	0.02124	0.03186	0.04513	0.52830	0.08407	0.10620	0.02301	0.01327	0.00354	0.00531	0.02035	0.01239	0.01062
5	0.02334	0.02001	0.02334	0.01667	0.02667	0.01500	0.01334	0.02834	0.02334	0.03668	0.02001	0.02334	0.01667	0.00834	0.00834	0.00167	0.00834	0.00667	0.00667	0.67325
6	0.01399	0.00991	0.01298	0.01532	0.01590	0.00933	0.01007	0.01574	0.02101	0.02801	0.05926	0.54241	0.07094	0.09473	0.01885	0.00523	0.00699	0.03036	0.01007	0.00890
7	0.09340	0.02316	0.03722	0.29461	0.27297	0.02580	0.03071	0.03176	0.02353	0.03456	0.02007	0.02783	0.01595	0.01063	0.01076	0.00354	0.01363	0.00961	0.00546	0.01482
8	0.03644	0.02229	0.02570	0.02182	0.02907	0.02370	0.01734	0.05795	0.33310	0.23286	0.04528	0.04061	0.03192	0.01477	0.01140	0.00369	0.00916	0.01220	0.01238	0.01832
9	0.01605	0.01195	0.01749	0.01731	0.01945	0.01339	0.01339	0.02032	0.02080	0.02987	0.12834	0.05207	0.04352	0.07231	0.45211	0.01522	0.02525	0.01369	0.00728	0.01016
10	0.01371	0.00979	0.01306	0.01567	0.01632	0.00914	0.01045	0.01567	0.02155	0.02873	0.06203	0.59710	0.07444	0.03526	0.01437	0.00457	0.00653	0.03200	0.01045	0.00914
11	0.02334	0.02001	0.02334	0.01667	0.02667	0.01500	0.01334	0.02834	0.02334	0.03668	0.02001	0.02334	0.01667	0.00834	0.00834	0.00167	0.00834	0.00667	0.00667	0.67325
12	0.03009	0.61122	0.05898	0.01926	0.02889	0.04454	0.01926	0.03370	0.02287	0.02648	0.01565	0.01805	0.01444	0.00963	0.00722	0.00241	0.01204	0.00602	0.00481	0.01444
13	0.68395	0.02177	0.01654	0.01480	0.02177	0.02525	0.01219	0.03309	0.01915	0.05050	0.01567	0.01828	0.01219	0.01045	0.00697	0.00348	0.00871	0.00609	0.00697	0.01219
14	0.03009	0.61122	0.05898	0.01926	0.02889	0.04454	0.01926	0.03370	0.02287	0.02648	0.01565	0.01805	0.01444	0.00963	0.00722	0.00241	0.01204	0.00602	0.00481	0.01444
15	0.01330	0.01140	0.01140	0.01140	0.01520	0.00950	0.00855	0.01615	0.02565	0.03041	0.11402	0.10832	0.52967	0.02850	0.01330	0.00380	0.00570	0.02375	0.01045	0.00950
16	0.03009	0.61122	0.05898	0.01926	0.02889	0.04454	0.01926	0.03370	0.02287	0.02648	0.01565	0.01805	0.01444	0.00963	0.00722	0.00241	0.01204	0.00602	0.00481	0.01444
17	0.01443	0.01073	0.01345	0.01428	0.01628	0.00975	0.01014	0.01778	0.02609	0.03500	0.24116	0.31494	0.17567	0.02949	0.01376	0.00405	0.00592	0.02616	0.01115	0.00975
18	0.03564	0.02270	0.02460	0.01974	0.02641	0.02427	0.01602	0.28328	0.04028	0.10631	0.03223	0.03353	0.02351	0.01341	0.01004	0.00311	0.00953	0.01038	0.24900	0.01601
19	0.01423	0.01096	0.01262	0.01312	0.01551	0.00977	0.00926	0.01703	0.02486	0.03195	0.17276	0.22610	0.28104	0.08744	0.01802	0.00467	0.00637	0.02447	0.01046	0.00935
20	0.01536	0.01070	0.01354	0.01449	0.01507	0.01080	0.00936	0.01675	0.01854	0.02505	0.04419	0.25827	0.05090	0.31032	0.12675	0.00983	0.01258	0.02130	0.00800	0.00821
21	0.27180	0.02303	0.02652	0.02127	0.02894	0.02451	0.06161	0.11796	0.07381	0.14841	0.02844	0.02901	0.02034	0.01222	0.00965	0.00345	0.01023	0.00948	0.06391	0.01540
22	0.14504	0.19069	0.07634	0.01972	0.02779	0.02877	0.01818	0.07600	0.07519	0.04030	0.07089	0.03079	0.02661	0.01830	0.05567	0.00431	0.01213	0.00922	0.00743	0.06662
23	0.03282	0.02761	0.07971	0.03007	0.08095	0.02789	0.02407	0.11361	0.02814	0.13852	0.02424	0.02786	0.01850	0.01481	0.02027	0.00383	0.21897	0.00980	0.00796	0.07038

[dist]
# distance from previous block
# <min> <max>
1	57

[block]
# block no. 1 follows, 11 sequences, length 20
# corresponding to MSA columns:
# 494-513
name=unknown_B
#
# <colnr> <probs for GDERKNQSTAVLIFYWHMCP>
#	G	D	E	R	K	N	Q	S	T	A	V	L	I	F	Y	W	H	M	C	P
0	0.02577	0.06579	0.12885	0.07870	0.03604	0.02096	0.05496	0.06180	0.02699	0.10553	0.04645	0.10469	0.12270	0.01716	0.01158	0.00354	0.01137	0.01465	0.00839	0.05407
1	0.02249	0.13201	0.03448	0.02362	0.02898	0.02248	0.10691	0.07486	0.02615	0.03426	0.04172	0.31434	0.04581	0.02299	0.01245	0.00388	0.01063	0.02101	0.00853	0.01241
2	0.02334	0.02928	0.13636	0.33099	0.19837	0.02571	0.03417	0.03169	0.02361	0.03231	0.02037	0.02820	0.01564	0.01081	0.01111	0.00360	0.01487	0.00968	0.00511	0.01478
3	0.03257	0.38996	0.14706	0.02189	0.03270	0.03558	0.02306	0.03815	0.02484	0.12760	0.02207	0.02306	0.01699	0.01066	0.00868	0.00284	0.01245	0.00749	0.00656	0.01578
4	0.02873	0.20114	0.03918	0.02353	0.03123	0.03195	0.06270	0.08880	0.22582	0.04198	0.08150	0.03646	0.03250	0.01363	0.01052	0.00332	0.01078	0.01127	0.00898	0.01595
5	0.02091	0.01376	0.02469	0.02101	0.02322	0.01340	0.10349	0.01881	0.01697	0.02275	0.02017	0.03347	0.01907	0.03336	0.03804	0.54293	0.01156	0.01045	0.00504	0.00688
6	0.03605	0.02874	0.12663	0.02352	0.03282	0.02300	0.02191	0.05312	0.22396	0.24519	0.04028	0.03697	0.02783	0.01384	0.01125	0.00363	0.01068	0.01130	0.01116	0.01813
7	0.02412	0.02720	0.12344	0.02191	0.02937	0.02246	0.02033	0.09622	0.18444	0.04307	0.09906	0.05129	0.11020	0.02398	0.06723	0.00512	0.01213	0.01395	0.00953	0.01494
8	0.02536	0.03578	0.19436	0.10562	0.21895	0.02678	0.11900	0.03632	0.05969	0.03618	0.02281	0.02835	0.01751	0.01063	0.01144	0.00357	0.01522	0.01031	0.00571	0.01642
9	0.01986	0.01422	0.01692	0.01700	0.01915	0.01448	0.01187	0.10903	0.02663	0.03558	0.05013	0.38576	0.05726	0.14072	0.02203	0.00556	0.00851	0.02475	0.00991	0.01063
10	0.02549	0.02576	0.04970	0.14819	0.05475	0.02595	0.29061	0.07857	0.02777	0.03717	0.02766	0.10239	0.02420	0.01355	0.01281	0.00384	0.01592	0.01469	0.00672	0.01427
11	0.12785	0.02760	0.12866	0.10163	0.13366	0.02191	0.02533	0.03596	0.02532	0.14297	0.05572	0.07172	0.02692	0.01370	0.01082	0.00359	0.01179	0.01150	0.00802	0.01533
12	0.02545	0.02619	0.12648	0.02634	0.06220	0.02245	0.02281	0.03103	0.02344	0.09877	0.07080	0.09152	0.03206	0.01759	0.01892	0.00393	0.18244	0.01296	0.09091	0.01370
13	0.01936	0.01879	0.01660	0.01727	0.01974	0.11598	0.01229	0.02204	0.02545	0.03059	0.11358	0.33592	0.15396	0.02806	0.01323	0.00399	0.00891	0.02436	0.00976	0.01013
14	0.02331	0.04936	0.40660	0.03288	0.04585	0.02795	0.07631	0.03402	0.02273	0.03402	0.01936	0.02449	0.01460	0.01234	0.01600	0.00385	0.12676	0.00903	0.00487	0.01567
15	0.02899	0.07531	0.19801	0.16444	0.14394	0.02552	0.03157	0.03723	0.02533	0.12742	0.02450	0.02831	0.01766	0.01122	0.01078	0.00347	0.01399	0.00944	0.00667	0.01620
16	0.02756	0.04573	0.38888	0.02788	0.04154	0.02267	0.03348	0.03810	0.02627	0.13881	0.07510	0.03264	0.02605	0.01256	0.01107	0.00355	0.01409	0.01011	0.00736	0.01655
17	0.09718	0.04041	0.28816	0.02958	0.04243	0.02396	0.10028	0.04033	0.02587	0.16591	0.02628	0.02790	0.01793	0.01131	0.01087	0.00357	0.01439	0.00960	0.00745	0.01661
18	0.03723	0.03116	0.12896	0.08274	0.07109	0.08811	0.02434	0.04363	0.02909	0.25999	0.06483	0.03476	0.02684	0.01309	0.01116	0.00345	0.01281	0.01061	0.00956	0.01656
19	0.03177	0.09432	0.23254	0.09849	0.04449	0.18321	0.02986	0.03940	0.02683	0.08611	0.02157	0.02463	0.01590	0.01129	0.01038	0.00329	0.01636	0.00835	0.00608	0.01514

[dist]
# distance from previous block
# <min> <max>
1	11

[block]
# block no. 2 follows, 11 sequences, length 53
# corresponding to MSA columns:
# 525-577
name=unknown_C
#
# <colnr> <probs for GDERKNQSTAVLIFYWHMCP>
#	G	D	E	R	K	N	Q	S	T	A	V	L	I	F	Y	W	H	M	C	P
0	0.02607	0.17902	0.09180	0.07428	0.03333	0.02690	0.02084	0.03364	0.06606	0.07643	0.07713	0.08193	0.03196	0.01506	0.01250	0.00332	0.05841	0.01176	0.00759	0.07197
1	0.04069	0.02115	0.02527	0.02076	0.02695	0.06489	0.01659	0.04434	0.02792	0.34919	0.03707	0.03924	0.02670	0.07310	0.07877	0.00583	0.06331	0.01135	0.01093	0.01594
2	0.02640	0.02945	0.16925	0.02409	0.03414	0.01858	0.06700	0.03361	0.02582	0.12308	0.07267	0.09605	0.03209	0.01432	0.01106	0.00319	0.01138	0.01255	0.00821	0.18707
3	0.01674	0.01220	0.01536	0.01522	0.01566	0.01335	0.01010	0.01790	0.01733	0.02384	0.03566	0.12257	0.04007	0.39549	0.14163	0.01098	0.06409	0.01677	0.00692	0.00814
4	0.03332	0.02505	0.08992	0.13067	0.17049	0.02139	0.02673	0.03988	0.02727	0.21640	0.03288	0.04101	0.02504	0.01373	0.01160	0.00366	0.01237	0.05321	0.00884	0.01654
5	0.01521	0.01148	0.01405	0.01341	0.01637	0.01031	0.01006	0.01985	0.03017	0.04112	0.41524	0.09069	0.22176	0.02451	0.01328	0.00361	0.00542	0.02128	0.01186	0.01031
6	0.09681	0.02453	0.03321	0.17720	0.14336	0.02666	0.02491	0.16288	0.03277	0.13052	0.02586	0.02904	0.01860	0.01200	0.01083	0.00350	0.01244	0.00989	0.00852	0.01647
7	0.02933	0.31286	0.23444	0.02564	0.03721	0.12452	0.02793	0.03632	0.02472	0.03005	0.01762	0.02054	0.01438	0.01035	0.00900	0.00292	0.01513	0.00708	0.00496	0.01502
8	0.01512	0.01147	0.01393	0.01331	0.01632	0.01028	0.00998	0.01968	0.02995	0.04061	0.40099	0.09152	0.23633	0.02470	0.01328	0.00362	0.00543	0.02140	0.01179	0.01028
9	0.02961	0.02958	0.04501	0.03433	0.04222	0.07894	0.22479	0.11656	0.07286	0.04237	0.08069	0.03524	0.02840	0.01341	0.01483	0.00372	0.07194	0.01256	0.00784	0.01509
10	0.01497	0.01147	0.01372	0.01315	0.01623	0.01021	0.00987	0.01939	0.02960	0.03976	0.37726	0.09291	0.26059	0.02501	0.01328	0.00364	0.00545	0.02159	0.01168	0.01021
11	0.01330	0.01140	0.01140	0.01140	0.01520	0.00950	0.00855	0.01615	0.02565	0.03041	0.11402	0.10832	0.52967	0.02850	0.01330	0.00380	0.00570	0.02375	0.01045	0.00950
12	0.03268	0.03848	0.03899	0.03247	0.03706	0.26567	0.10641	0.03658	0.02538	0.02888	0.01735	0.02373	0.01506	0.01430	0.02089	0.00383	0.23433	0.00931	0.00545	0.01315
13	0.05050	0.01915	0.02612	0.02003	0.02873	0.01654	0.01654	0.05485	0.03221	0.54203	0.04440	0.03831	0.02786	0.01393	0.01132	0.00348	0.00958	0.01132	0.01393	0.01915
14	0.02342	0.12006	0.49165	0.03065	0.04650	0.02820	0.03909	0.03543	0.02366	0.03462	0.01969	0.02312	0.01428	0.01057	0.01031	0.00344	0.01612	0.00806	0.00476	0.01639
15	0.01593	0.01150	0.01504	0.01416	0.01681	0.01062	0.01062	0.02124	0.03186	0.04513	0.52830	0.08407	0.10620	0.02301	0.01327	0.00354	0.00531	0.02035	0.01239	0.01062
16	0.02597	0.02482	0.04228	0.21441	0.40366	0.02625	0.03360	0.03289	0.02474	0.03448	0.02084	0.02847	0.01702	0.01038	0.01117	0.00346	0.01384	0.01002	0.00541	0.01631
17	0.01371	0.00979	0.01306	0.01567	0.01632	0.00914	0.01045	0.01567	0.02155	0.02873	0.06203	0.59710	0.07444	0.03526	0.01437	0.00457	0.00653	0.03200	0.01045	0.00914
18	0.01532	0.01096	0.01480	0.01679	0.01833	0.01045	0.01258	0.01875	0.02457	0.03299	0.14399	0.37744	0.07742	0.03195	0.01450	0.00456	0.00736	0.14673	0.01077	0.00974
19	0.02786	0.02674	0.04568	0.06908	0.53424	0.02674	0.03454	0.03454	0.02563	0.03677	0.02117	0.02786	0.01783	0.01003	0.01114	0.00334	0.01337	0.01003	0.00557	0.01783
20	0.02026	0.01042	0.01075	0.01101	0.01343	0.01036	0.00813	0.02517	0.02340	0.04064	0.03924	0.09736	0.03340	0.01532	0.00852	0.00282	0.00537	0.01264	0.60142	0.01036
21	0.01424	0.01073	0.01318	0.01407	0.01616	0.00967	0.00998	0.01741	0.02565	0.03393	0.21104	0.31496	0.20829	0.02987	0.01376	0.00406	0.00595	0.02637	0.01101	0.00967
22	0.01643	0.01140	0.01459	0.01379	0.01645	0.01061	0.01035	0.02174	0.03104	0.04482	0.47924	0.07987	0.09848	0.02202	0.01274	0.00345	0.00530	0.01937	0.07770	0.01061
23	0.03142	0.50678	0.05389	0.02024	0.02893	0.04116	0.01949	0.03500	0.02320	0.07235	0.01813	0.02044	0.01567	0.01090	0.01021	0.00273	0.06233	0.00683	0.00563	0.01467
24	0.34221	0.13744	0.02947	0.02059	0.02761	0.21657	0.01681	0.03737	0.02430	0.03817	0.01627	0.01895	0.01340	0.01071	0.00813	0.00309	0.01338	0.00649	0.00617	0.01289
25	0.01487	0.01170	0.01358	0.01379	0.01706	0.01041	0.01079	0.01881	0.02742	0.03506	0.21930	0.10485	0.33144	0.02743	0.01369	0.00397	0.00640	0.09849	0.01097	0.00996
26	0.01631	0.01176	0.01558	0.01530	0.01795	0.01103	0.01193	0.02160	0.03082	0.04314	0.44671	0.09154	0.09899	0.02442	0.01367	0.00383	0.00619	0.09662	0.01204	0.01058
27	0.01593	0.01150	0.01504	0.01416	0.01681	0.01062	0.01062	0.02124	0.03186	0.04513	0.52830	0.08407	0.10620	0.02301	0.01327	0.00354	0.00531	0.02035	0.01239	0.01062
28	0.03009	0.61122	0.05898	0.01926	0.02889	0.04454	0.01926	0.03370	0.02287	0.02648	0.01565	0.01805	0.01444	0.00963	0.00722	0.00241	0.01204	0.00602	0.00481	0.01444
29	0.01501	0.01147	0.01376	0.01319	0.01625	0.01023	0.00989	0.01945	0.02968	0.03995	0.38253	0.09261	0.25521	0.02494	0.01328	0.00363	0.00545	0.02155	0.01171	0.01023
30	0.04279	0.03153	0.03378	0.02590	0.03490	0.03490	0.02139	0.49671	0.05292	0.07093	0.02702	0.02702	0.01914	0.01351	0.01126	0.00338	0.01239	0.01013	0.01126	0.01914
31	0.02953	0.01409	0.01762	0.01526	0.01862	0.01308	0.01057	0.03121	0.02248	0.22246	0.03891	0.06002	0.03588	0.37669	0.03956	0.00805	0.01040	0.01442	0.00956	0.01158
32	0.03455	0.19408	0.03576	0.02360	0.02943	0.33051	0.01857	0.03715	0.02689	0.02630	0.01998	0.02870	0.01894	0.11103	0.01732	0.00412	0.01653	0.00846	0.00571	0.01237
33	0.02694	0.02872	0.05557	0.04094	0.05100	0.02834	0.36744	0.04234	0.15561	0.03897	0.02887	0.03344	0.02165	0.01102	0.01280	0.00380	0.01631	0.01314	0.00722	0.01588
34	0.01525	0.01096	0.01298	0.01320	0.01469	0.01028	0.00875	0.01749	0.02299	0.03068	0.18356	0.17306	0.15125	0.25036	0.03044	0.00661	0.00775	0.02144	0.00956	0.00870
35	0.68395	0.02177	0.01654	0.01480	0.02177	0.02525	0.01219	0.03309	0.01915	0.05050	0.01567	0.01828	0.01219	0.01045	0.00697	0.00348	0.00871	0.00609	0.00697	0.01219
36	0.68395	0.02177	0.01654	0.01480	0.02177	0.02525	0.01219	0.03309	0.01915	0.05050	0.01567	0.01828	0.01219	0.01045	0.00697	0.00348	0.00871	0.00609	0.00697	0.01219
37	0.01371	0.00979	0.01306	0.01567	0.01632	0.00914	0.01045	0.01567	0.02155	0.02873	0.06203	0.59710	0.07444	0.03526	0.01437	0.00457	0.00653	0.03200	0.01045	0.00914
38	0.03552	0.02114	0.02028	0.01744	0.02272	0.10538	0.01346	0.03958	0.02771	0.23068	0.03632	0.03960	0.02708	0.06358	0.01380	0.00371	0.00994	0.01076	0.24735	0.01395
39	0.03282	0.02496	0.02697	0.02314	0.03020	0.02805	0.01831	0.13536	0.38559	0.10062	0.04240	0.03902	0.03106	0.01483	0.01141	0.00371	0.00958	0.01213	0.01167	0.01818
40	0.01470	0.01063	0.01443	0.01568	0.01709	0.01036	0.01110	0.01789	0.02370	0.03264	0.18012	0.36804	0.07504	0.04030	0.10604	0.00658	0.01019	0.02555	0.01022	0.00969
41	0.21968	0.02910	0.02490	0.02115	0.02841	0.15778	0.01679	0.04685	0.07465	0.22947	0.02981	0.02861	0.02080	0.01251	0.00984	0.00337	0.01200	0.00899	0.00972	0.01557
42	0.01637	0.01091	0.01228	0.01228	0.01228	0.01091	0.00682	0.01637	0.01637	0.02182	0.03546	0.07365	0.04092	0.60445	0.05729	0.01091	0.01091	0.01637	0.00682	0.00682
43	0.01371	0.00979	0.01306	0.01567	0.01632	0.00914	0.01045	0.01567	0.02155	0.02873	0.06203	0.59710	0.07444	0.03526	0.01437	0.00457	0.00653	0.03200	0.01045	0.00914
44	0.02317	0.05470	0.49017	0.03622	0.10301	0.02621	0.04080	0.03552	0.02397	0.03577	0.02031	0.02422	0.01466	0.01062	0.01074	0.00354	0.01627	0.00851	0.00484	0.01677
45	0.03249	0.13964	0.27795	0.02665	0.03930	0.02915	0.02968	0.12322	0.03045	0.13030	0.02497	0.02598	0.01759	0.01160	0.01032	0.00332	0.01383	0.00879	0.00758	0.01717
46	0.02281	0.01406	0.01751	0.01603	0.02028	0.01317	0.01257	0.02978	0.07188	0.12965	0.28384	0.08054	0.16009	0.02245	0.01298	0.00375	0.00689	0.05716	0.01205	0.01253
47	0.03470	0.39617	0.04853	0.02301	0.03117	0.24306	0.02022	0.03804	0.02635	0.02689	0.01632	0.01892	0.01446	0.01039	0.00835	0.00260	0.01522	0.00649	0.00519	0.01391
48	0.03346	0.02012	0.02927	0.26888	0.05012	0.02174	0.02313	0.08929	0.02929	0.21670	0.03308	0.08097	0.02512	0.01451	0.01154	0.00368	0.01205	0.01236	0.00935	0.01533
49	0.02262	0.01707	0.02500	0.17502	0.09136	0.01907	0.01898	0.02600	0.02051	0.07019	0.02860	0.04931	0.02786	0.27454	0.03386	0.00695	0.06237	0.01292	0.00662	0.01113
50	0.01400	0.01143	0.01236	0.01213	0.01563	0.00980	0.00910	0.01750	0.02729	0.03430	0.22351	0.10191	0.41775	0.02705	0.01330	0.00373	0.00560	0.02286	0.01096	0.00980
51	0.51115	0.17755	0.02776	0.01598	0.02365	0.03035	0.01406	0.03325	0.02014	0.04415	0.01567	0.01822	0.01279	0.01023	0.00703	0.00320	0.00959	0.00607	0.00640	0.01279
52	0.08123	0.02461	0.04277	0.23910	0.24399	0.02632	0.11460	0.03266	0.02415	0.03500	0.02058	0.02825	0.01622	0.01040	0.01121	0.00358	0.01456	0.01027	0.00551	0.01500

[dist]
# distance from previous block
# <min> <max>
0	5

[block]
# block no. 3 follows, 11 sequences, length 46
# corresponding to MSA columns:
# 583-628
name=unknown_D
#
# <colnr> <probs for GDERKNQSTAVLIFYWHMCP>
#	G	D	E	R	K	N	Q	S	T	A	V	L	I	F	Y	W	H	M	C	P
0	0.09649	0.22503	0.04988	0.03489	0.11213	0.12508	0.13816	0.03629	0.02538	0.03297	0.01853	0.02297	0.01538	0.01008	0.00978	0.00308	0.01504	0.00863	0.00553	0.01466
1	0.02630	0.22929	0.09416	0.02627	0.03124	0.03709	0.02448	0.03021	0.01982	0.02774	0.01562	0.02228	0.01461	0.01534	0.02411	0.00392	0.33077	0.00838	0.00487	0.01348
2	0.01385	0.01017	0.01270	0.01463	0.01580	0.00935	0.00981	0.01581	0.02188	0.02848	0.06930	0.46686	0.15402	0.07962	0.01761	0.00494	0.00673	0.02926	0.01016	0.00902
3	0.01637	0.01091	0.01228	0.01228	0.01228	0.01091	0.00682	0.01637	0.01637	0.02182	0.03546	0.07365	0.04092	0.60445	0.05729	0.01091	0.01091	0.01637	0.00682	0.00682
4	0.02583	0.02415	0.04047	0.05974	0.44624	0.02400	0.03047	0.03228	0.02669	0.03819	0.10742	0.03742	0.03286	0.01224	0.01151	0.00338	0.01200	0.01178	0.00673	0.01660
5	0.02310	0.10893	0.03848	0.45325	0.10682	0.02806	0.02973	0.02996	0.02281	0.02906	0.01945	0.02805	0.01515	0.01091	0.01064	0.00352	0.01443	0.00941	0.00502	0.01322
6	0.04341	0.03053	0.03316	0.02542	0.03441	0.03343	0.02100	0.46115	0.05125	0.10885	0.02842	0.02793	0.01984	0.01354	0.01126	0.00339	0.01216	0.01023	0.01147	0.01914
7	0.01398	0.01143	0.01234	0.01211	0.01562	0.00979	0.00909	0.01747	0.02726	0.03421	0.22096	0.10206	0.42036	0.02709	0.01330	0.00373	0.00560	0.02288	0.01095	0.00979
8	0.01363	0.01115	0.01203	0.01237	0.01555	0.00956	0.00907	0.01658	0.02561	0.03161	0.14714	0.18484	0.41370	0.02905	0.01347	0.00390	0.00580	0.02474	0.01065	0.00956
9	0.01371	0.00979	0.01306	0.01567	0.01632	0.00914	0.01045	0.01567	0.02155	0.02873	0.06203	0.59710	0.07444	0.03526	0.01437	0.00457	0.00653	0.03200	0.01045	0.00914
10	0.01531	0.01122	0.01436	0.01413	0.01657	0.01027	0.01038	0.01983	0.02957	0.04101	0.41146	0.16937	0.14351	0.02554	0.01345	0.00373	0.00555	0.02258	0.01188	0.01027
11	0.02786	0.02674	0.04568	0.06908	0.53424	0.02674	0.03454	0.03454	0.02563	0.03677	0.02117	0.02786	0.01783	0.01003	0.01114	0.00334	0.01337	0.01003	0.00557	0.01783
12	0.14520	0.01955	0.02469	0.01924	0.02769	0.01784	0.01589	0.05160	0.03026	0.46855	0.04011	0.03532	0.02552	0.01341	0.01067	0.00348	0.00945	0.01054	0.01289	0.01811
13	0.01955	0.00978	0.01466	0.01466	0.01466	0.00978	0.00978	0.01466	0.01466	0.01955	0.01955	0.03421	0.01955	0.03910	0.04399	0.67253	0.00978	0.00978	0.00489	0.00489
14	0.20528	0.01504	0.01483	0.01331	0.01816	0.01553	0.01054	0.03304	0.02389	0.13084	0.03236	0.03493	0.02417	0.01253	0.00822	0.00300	0.00693	0.00945	0.37551	0.01245
15	0.01621	0.01155	0.01551	0.01551	0.01663	0.01267	0.01085	0.01844	0.01733	0.02422	0.03250	0.05727	0.03381	0.31499	0.33701	0.01491	0.02162	0.01397	0.00638	0.00862
16	0.01608	0.01206	0.01809	0.01809	0.02010	0.01407	0.01407	0.02010	0.01809	0.02613	0.03015	0.04422	0.02814	0.08441	0.55984	0.01809	0.03015	0.01206	0.00603	0.01005
17	0.02257	0.05822	0.54613	0.03208	0.04871	0.02614	0.04158	0.03564	0.02376	0.03564	0.02020	0.02376	0.01426	0.01069	0.01069	0.00356	0.01663	0.00832	0.00475	0.01663
18	0.21608	0.02889	0.02912	0.02290	0.03135	0.03229	0.01891	0.37140	0.04379	0.06541	0.02395	0.02466	0.01726	0.01268	0.01010	0.00341	0.01139	0.00904	0.01010	0.01726
19	0.02126	0.02001	0.03376	0.57739	0.07752	0.02501	0.03126	0.02876	0.02251	0.02876	0.02001	0.03001	0.01500	0.01125	0.01125	0.00375	0.01500	0.01000	0.00500	0.01250
20	0.01408	0.01074	0.01295	0.01386	0.01605	0.00960	0.00984	0.01712	0.02532	0.03307	0.18692	0.31159	0.23795	0.03013	0.01375	0.00407	0.00597	0.02650	0.01090	0.00960
21	0.01371	0.00979	0.01306	0.01567	0.01632	0.00914	0.01045	0.01567	0.02155	0.02873	0.06203	0.59710	0.07444	0.03526	0.01437	0.00457	0.00653	0.03200	0.01045	0.00914
22	0.68395	0.02177	0.01654	0.01480	0.02177	0.02525	0.01219	0.03309	0.01915	0.05050	0.01567	0.01828	0.01219	0.01045	0.00697	0.00348	0.00871	0.00609	0.00697	0.01219
23	0.05050	0.01915	0.02612	0.02003	0.02873	0.01654	0.01654	0.05485	0.03221	0.54203	0.04440	0.03831	0.02786	0.01393	0.01132	0.00348	0.00958	0.01132	0.01393	0.01915
24	0.02440	0.02382	0.03255	0.02732	0.02905	0.03110	0.02267	0.02730	0.01829	0.02875	0.01568	0.02440	0.01510	0.01773	0.03199	0.00436	0.48422	0.00930	0.00523	0.12673
25	0.02315	0.02245	0.03164	0.02757	0.02791	0.03094	0.02280	0.02588	0.01738	0.02692	0.01744	0.02802	0.01709	0.03090	0.12746	0.00720	0.48800	0.01023	0.00512	0.01192
26	0.40308	0.02061	0.02079	0.01712	0.02485	0.02139	0.01412	0.04274	0.02495	0.26844	0.02841	0.02716	0.01914	0.01199	0.00890	0.00348	0.00909	0.00841	0.01005	0.01528
27	0.01371	0.00979	0.01306	0.01567	0.01632	0.00914	0.01045	0.01567	0.02155	0.02873	0.06203	0.59710	0.07444	0.03526	0.01437	0.00457	0.00653	0.03200	0.01045	0.00914
28	0.01341	0.01099	0.01183	0.01250	0.01549	0.00941	0.00904	0.01603	0.02459	0.02997	0.10060	0.23449	0.41216	0.03025	0.01358	0.00400	0.00591	0.02588	0.01045	0.00941
29	0.04350	0.03037	0.03306	0.02535	0.03433	0.03319	0.02094	0.45555	0.05099	0.11481	0.02864	0.02807	0.01995	0.01355	0.01126	0.00339	0.01212	0.01024	0.01151	0.01914
30	0.03038	0.02536	0.02680	0.02339	0.03018	0.02911	0.01839	0.13038	0.43944	0.05094	0.04278	0.03957	0.03190	0.01499	0.01142	0.00375	0.00947	0.01231	0.01142	0.01803
31	0.01608	0.01206	0.01809	0.01809	0.02010	0.01407	0.01407	0.02010	0.01809	0.02613	0.03015	0.04422	0.02814	0.08441	0.55984	0.01809	0.03015	0.01206	0.00603	0.01005
32	0.05050	0.01915	0.02612	0.02003	0.02873	0.01654	0.01654	0.05485	0.03221	0.54203	0.04440	0.03831	0.02786	0.01393	0.01132	0.00348	0.00958	0.01132	0.01393	0.01915
33	0.01371	0.00979	0.01306	0.01567	0.01632	0.00914	0.01045	0.01567	0.02155	0.02873	0.06203	0.59710	0.07444	0.03526	0.01437	0.00457	0.00653	0.03200	0.01045	0.00914
34	0.02349	0.05277	0.45950	0.03849	0.13276	0.02624	0.04037	0.03545	0.02409	0.03584	0.02037	0.02447	0.01488	0.01058	0.01077	0.00353	0.01607	0.00861	0.00489	0.01684
35	0.02605	0.02213	0.02377	0.02149	0.02726	0.02519	0.01665	0.05358	0.43604	0.04677	0.12375	0.04879	0.04596	0.01652	0.01175	0.00377	0.00833	0.01396	0.01160	0.01665
36	0.01409	0.01006	0.01349	0.01610	0.01692	0.00947	0.01110	0.01632	0.02192	0.02915	0.06183	0.55713	0.07362	0.03491	0.01447	0.00462	0.00686	0.06826	0.01044	0.00925
37	0.01548	0.01149	0.01441	0.01368	0.01654	0.01043	0.01026	0.02036	0.03079	0.04258	0.45658	0.08827	0.17951	0.02396	0.01328	0.00359	0.00538	0.02094	0.01205	0.01043
38	0.01364	0.01007	0.01277	0.01493	0.01613	0.00920	0.01012	0.01576	0.02226	0.02902	0.07103	0.51249	0.15325	0.03409	0.01418	0.00444	0.00639	0.03057	0.01045	0.00920
39	0.01693	0.01179	0.01677	0.01677	0.01889	0.01345	0.01300	0.02116	0.01904	0.02887	0.03128	0.04383	0.02826	0.07207	0.46429	0.01541	0.02584	0.01179	0.12044	0.01013
40	0.02035	0.01277	0.01479	0.01353	0.01792	0.01098	0.01041	0.02402	0.02822	0.12236	0.19724	0.09062	0.34541	0.02472	0.01295	0.00369	0.00628	0.02082	0.01150	0.01143
41	0.01466	0.01076	0.01221	0.01292	0.01432	0.00998	0.00836	0.01611	0.02075	0.02645	0.06783	0.22781	0.20627	0.26482	0.03150	0.00691	0.00805	0.02300	0.00897	0.00831
42	0.03845	0.04782	0.03222	0.12393	0.04219	0.46678	0.02339	0.04214	0.03027	0.02776	0.01785	0.02198	0.01459	0.01154	0.01034	0.00305	0.01938	0.00773	0.00566	0.01295
43	0.02131	0.01882	0.03142	0.18517	0.16658	0.01988	0.06158	0.02712	0.02377	0.03282	0.03491	0.16933	0.03491	0.01817	0.01220	0.00387	0.01179	0.05351	0.05991	0.01294
44	0.01754	0.01377	0.01914	0.01835	0.01949	0.01650	0.01379	0.02021	0.01748	0.02511	0.02912	0.04910	0.02948	0.21611	0.33812	0.01400	0.11422	0.01288	0.00607	0.00953
45	0.02684	0.02848	0.03250	0.02839	0.02958	0.12342	0.02314	0.02953	0.01985	0.02708	0.01666	0.02570	0.01597	0.02432	0.08101	0.00580	0.43472	0.00961	0.00518	0.01223

[dist]
# distance from previous block
# <min> <max>
0	13

[block]
# block no. 4 follows, 11 sequences, length 44
# corresponding to MSA columns:
# 642-685
name=unknown_E
#
# <colnr> <probs for GDERKNQSTAVLIFYWHMCP>
#	G	D	E	R	K	N	Q	S	T	A	V	L	I	F	Y	W	H	M	C	P
0	0.03234	0.02075	0.03237	0.28935	0.10295	0.02299	0.02596	0.03827	0.02578	0.20761	0.02818	0.03225	0.01973	0.01272	0.01329	0.00371	0.05781	0.01045	0.00815	0.01534
1	0.02372	0.10690	0.40233	0.03027	0.04506	0.02691	0.07100	0.03467	0.02384	0.03488	0.01992	0.02366	0.01476	0.01023	0.01028	0.00326	0.01543	0.00829	0.00504	0.08956
2	0.01361	0.01021	0.01263	0.01457	0.01603	0.00923	0.00996	0.01580	0.02261	0.02916	0.07548	0.47070	0.19216	0.03351	0.01409	0.00437	0.00632	0.02987	0.01045	0.00923
3	0.03428	0.02578	0.03216	0.02614	0.03293	0.02900	0.05701	0.15841	0.21804	0.12177	0.03456	0.03429	0.02540	0.01486	0.01536	0.00383	0.09705	0.01150	0.01033	0.01730
4	0.03244	0.02920	0.02547	0.02234	0.02835	0.13976	0.01738	0.13320	0.22628	0.04643	0.03435	0.03448	0.02612	0.01372	0.01043	0.00330	0.01129	0.01062	0.13923	0.01560
5	0.02334	0.02001	0.02334	0.01667	0.02667	0.01500	0.01334	0.02834	0.02334	0.03668	0.02001	0.02334	0.01667	0.00834	0.00834	0.00167	0.00834	0.00667	0.00667	0.67325
6	0.01371	0.00979	0.01306	0.01567	0.01632	0.00914	0.01045	0.01567	0.02155	0.02873	0.06203	0.59710	0.07444	0.03526	0.01437	0.00457	0.00653	0.03200	0.01045	0.00914
7	0.03020	0.20796	0.14156	0.03379	0.08090	0.03396	0.14289	0.12584	0.03008	0.04006	0.02091	0.02467	0.01626	0.01058	0.01045	0.00322	0.01476	0.00936	0.00635	0.01621
8	0.01568	0.01131	0.01482	0.01433	0.01676	0.01046	0.01060	0.02062	0.03071	0.04330	0.47628	0.14131	0.10266	0.02438	0.01340	0.00366	0.00545	0.02165	0.01217	0.01046
9	0.01371	0.00979	0.01306	0.01567	0.01632	0.00914	0.01045	0.01567	0.02155	0.02873	0.06203	0.59710	0.07444	0.03526	0.01437	0.00457	0.00653	0.03200	0.01045	0.00914
10	0.02218	0.02116	0.03195	0.23405	0.04630	0.02811	0.02567	0.02676	0.01934	0.02758	0.01885	0.02934	0.01670	0.02541	0.09911	0.00629	0.29380	0.01021	0.00511	0.01207
11	0.02674	0.02211	0.03575	0.17067	0.29772	0.02268	0.02797	0.03279	0.02566	0.09039	0.03715	0.04134	0.09356	0.01346	0.01150	0.00352	0.01219	0.01218	0.00709	0.01554
12	0.01585	0.01069	0.01243	0.01294	0.01307	0.01056	0.00753	0.01623	0.01739	0.02318	0.04069	0.17669	0.04752	0.49241	0.04884	0.00966	0.01005	0.01944	0.00753	0.00728
13	0.01410	0.00996	0.01294	0.01517	0.01573	0.00940	0.00991	0.01577	0.02079	0.02772	0.05813	0.52014	0.06951	0.11894	0.02068	0.00550	0.00717	0.02970	0.00991	0.00880
14	0.02454	0.02323	0.09875	0.07382	0.03132	0.01885	0.01933	0.10799	0.03293	0.08427	0.24836	0.05844	0.09535	0.01814	0.01220	0.00355	0.00950	0.01538	0.01033	0.01373
15	0.01816	0.02675	0.18832	0.02039	0.02724	0.01622	0.02084	0.02527	0.02563	0.03689	0.23964	0.05750	0.05816	0.08677	0.09724	0.00643	0.01322	0.01481	0.00840	0.01211
16	0.01654	0.01077	0.01256	0.01282	0.01367	0.01055	0.00807	0.01833	0.02042	0.02906	0.11209	0.14950	0.05390	0.35218	0.03758	0.00774	0.00865	0.01850	0.09887	0.00823
17	0.27457	0.02554	0.02605	0.02073	0.02895	0.02775	0.01711	0.24156	0.03664	0.15812	0.02643	0.02615	0.01839	0.01250	0.00973	0.00344	0.01050	0.00892	0.01025	0.01665
18	0.07366	0.23387	0.13110	0.02626	0.07220	0.03364	0.02368	0.15477	0.03093	0.04323	0.02140	0.02393	0.01681	0.01117	0.00923	0.00302	0.01234	0.00815	0.05471	0.01589
19	0.01637	0.01091	0.01228	0.01228	0.01228	0.01091	0.00682	0.01637	0.01637	0.02182	0.03546	0.07365	0.04092	0.60445	0.05729	0.01091	0.01091	0.01637	0.00682	0.00682
20	0.02910	0.52430	0.05374	0.01888	0.02856	0.04019	0.01839	0.03291	0.02294	0.02798	0.01629	0.01883	0.01477	0.00944	0.00739	0.00230	0.01149	0.00611	0.00509	0.11130
21	0.01955	0.00978	0.01466	0.01466	0.01466	0.00978	0.00978	0.01466	0.01466	0.01955	0.01955	0.03421	0.01955	0.03910	0.04399	0.67253	0.00978	0.00978	0.00489	0.00489
22	0.02477	0.21940	0.40414	0.02834	0.04294	0.03150	0.03508	0.03508	0.02350	0.03297	0.01887	0.02210	0.01431	0.01038	0.00968	0.00323	0.01529	0.00765	0.00477	0.01600
23	0.20738	0.02458	0.02892	0.20745	0.09441	0.06516	0.02316	0.03615	0.09442	0.03804	0.02213	0.02720	0.01730	0.01217	0.01199	0.00367	0.05639	0.00912	0.00660	0.01376
24	0.01859	0.01461	0.02035	0.01924	0.02066	0.01796	0.01503	0.02198	0.01834	0.02768	0.02795	0.04251	0.02649	0.11439	0.32937	0.01266	0.15049	0.01182	0.07960	0.01028
25	0.03521	0.01491	0.01873	0.01560	0.02126	0.01352	0.01246	0.04002	0.02870	0.29165	0.08835	0.04423	0.03588	0.01448	0.01011	0.00314	0.00741	0.01186	0.27765	0.01482
26	0.01426	0.01022	0.01355	0.01530	0.01645	0.00951	0.01049	0.01705	0.02411	0.03280	0.17770	0.46984	0.08232	0.03222	0.01410	0.00432	0.00623	0.02911	0.01093	0.00951
27	0.03790	0.02666	0.02922	0.02379	0.03167	0.02932	0.01920	0.25173	0.23822	0.13199	0.03731	0.03484	0.02667	0.01429	0.01135	0.00357	0.01054	0.01137	0.01174	0.01860
28	0.01376	0.01064	0.01256	0.01372	0.01590	0.00944	0.00967	0.01644	0.02432	0.03109	0.13103	0.33955	0.26924	0.03118	0.01381	0.00414	0.00606	0.02735	0.01065	0.00944
29	0.02398	0.02717	0.08017	0.03383	0.03926	0.02818	0.19714	0.02946	0.02104	0.03026	0.02118	0.03390	0.01944	0.10123	0.02925	0.00529	0.24891	0.01197	0.00548	0.01288
30	0.68395	0.02177	0.01654	0.01480	0.02177	0.02525	0.01219	0.03309	0.01915	0.05050	0.01567	0.01828	0.01219	0.01045	0.00697	0.00348	0.00871	0.00609	0.00697	0.01219
31	0.02433	0.10693	0.02858	0.01705	0.02700	0.01935	0.01421	0.02913	0.02327	0.03518	0.01936	0.02256	0.01634	0.00853	0.00817	0.00178	0.00888	0.00657	0.00640	0.57639
32	0.01507	0.01138	0.01402	0.01431	0.01699	0.01033	0.01083	0.01914	0.02783	0.03707	0.28445	0.17307	0.22098	0.02736	0.01370	0.00395	0.00617	0.07198	0.01130	0.01004
33	0.02869	0.01984	0.02389	0.01733	0.02708	0.01531	0.01397	0.03356	0.02509	0.13615	0.02481	0.02629	0.01887	0.00944	0.00892	0.00202	0.00858	0.00758	0.00810	0.54450
34	0.01397	0.01033	0.01306	0.01469	0.01620	0.00942	0.01014	0.01658	0.02379	0.03144	0.13983	0.43479	0.16003	0.03226	0.01402	0.00428	0.00620	0.02882	0.01073	0.00942
35	0.03364	0.03850	0.25949	0.08846	0.04400	0.02454	0.03006	0.11028	0.03051	0.18816	0.02828	0.02920	0.01905	0.01213	0.01102	0.00353	0.01375	0.00966	0.00845	0.01729
36	0.09949	0.19201	0.07775	0.02975	0.10634	0.03477	0.02328	0.22133	0.03513	0.04904	0.02139	0.02356	0.01660	0.01142	0.00966	0.00313	0.01237	0.00845	0.00774	0.01678
37	0.01832	0.01132	0.01385	0.01430	0.01578	0.01061	0.00938	0.01981	0.02090	0.07601	0.05474	0.28219	0.10169	0.26292	0.03134	0.00696	0.00852	0.02284	0.00932	0.00921
38	0.02918	0.11127	0.03249	0.02182	0.02872	0.07731	0.01818	0.03307	0.02345	0.08222	0.02023	0.02408	0.01677	0.01226	0.01583	0.00290	0.15481	0.00789	0.00660	0.28093
39	0.03321	0.12441	0.04118	0.04251	0.23248	0.15529	0.02603	0.09093	0.07835	0.03785	0.02253	0.02587	0.01831	0.01124	0.01034	0.00314	0.01423	0.00903	0.00673	0.01633
40	0.02132	0.01931	0.01942	0.01649	0.02210	0.07333	0.01241	0.02533	0.02596	0.03538	0.15942	0.09503	0.09490	0.06231	0.01449	0.00342	0.00872	0.01452	0.00867	0.26747
41	0.02659	0.02340	0.03304	0.02800	0.07095	0.02310	0.08960	0.10095	0.07861	0.04309	0.09357	0.03562	0.03112	0.01301	0.01296	0.00310	0.05554	0.01118	0.00824	0.21834
42	0.08689	0.07481	0.02380	0.02110	0.07721	0.01770	0.01457	0.02585	0.02816	0.04206	0.31943	0.05867	0.06900	0.01753	0.01132	0.00322	0.00752	0.01500	0.00977	0.07639
43	0.08715	0.12310	0.23401	0.10509	0.04156	0.02579	0.02754	0.03175	0.02386	0.03586	0.07572	0.02998	0.02470	0.01173	0.00994	0.00322	0.01283	0.00918	0.00606	0.08094

[dist]
# distance from previous block
# <min> <max>
0	27

[block]
# block no. 5 follows, 11 sequences, length 23
# corresponding to MSA columns:
# 713-735
name=unknown_F
#
# <colnr> <probs for GDERKNQSTAVLIFYWHMCP>
#	G	D	E	R	K	N	Q	S	T	A	V	L	I	F	Y	W	H	M	C	P
0	0.08556	0.01749	0.02215	0.09697	0.03014	0.01904	0.01654	0.07360	0.02632	0.13293	0.03721	0.16852	0.03409	0.01874	0.01338	0.00376	0.06019	0.01529	0.11490	0.01319
1	0.14292	0.03190	0.19839	0.02622	0.03564	0.02129	0.09632	0.03203	0.02357	0.08174	0.03226	0.16659	0.03038	0.01681	0.01138	0.00383	0.01244	0.01480	0.00752	0.01398
2	0.08748	0.03539	0.24690	0.11064	0.04247	0.02281	0.02837	0.03544	0.06888	0.08070	0.03013	0.10802	0.02572	0.01493	0.01107	0.00374	0.01286	0.01238	0.00723	0.01484
3	0.25403	0.17746	0.12102	0.02078	0.02995	0.03090	0.02035	0.03981	0.13424	0.04108	0.02335	0.02461	0.01820	0.01139	0.00870	0.00330	0.01097	0.00798	0.00707	0.01482
4	0.13497	0.01863	0.02152	0.01710	0.02496	0.01622	0.01358	0.03418	0.02471	0.16864	0.03155	0.10731	0.02700	0.01392	0.00974	0.00284	0.00846	0.01135	0.00913	0.30419
5	0.01371	0.00979	0.01306	0.01567	0.01632	0.00914	0.01045	0.01567	0.02155	0.02873	0.06203	0.59710	0.07444	0.03526	0.01437	0.00457	0.00653	0.03200	0.01045	0.00914
6	0.01549	0.01283	0.02044	0.01979	0.02222	0.01190	0.07838	0.01859	0.02261	0.02991	0.06094	0.47540	0.10528	0.03105	0.01412	0.00440	0.00821	0.02865	0.00978	0.01002
7	0.03069	0.18268	0.03530	0.07412	0.03349	0.02948	0.01893	0.04630	0.22267	0.10860	0.03269	0.03219	0.02463	0.01256	0.00999	0.00319	0.01039	0.00991	0.00896	0.07321
8	0.09093	0.14101	0.20831	0.03054	0.07617	0.02786	0.09310	0.03615	0.02444	0.08248	0.02160	0.02475	0.01623	0.01035	0.00996	0.00319	0.01374	0.00865	0.00619	0.07435
9	0.02845	0.23789	0.16623	0.02329	0.03354	0.03103	0.02399	0.03716	0.06867	0.07754	0.02262	0.02472	0.01775	0.01142	0.01138	0.00302	0.05830	0.00807	0.00648	0.10843
10	0.02167	0.01622	0.06063	0.01526	0.01818	0.01299	0.01156	0.02393	0.02073	0.09860	0.08265	0.06536	0.04303	0.41414	0.04256	0.00852	0.01068	0.01534	0.00818	0.00977
11	0.01689	0.01207	0.01665	0.01893	0.02106	0.01184	0.01562	0.02132	0.02542	0.03356	0.10326	0.23438	0.07087	0.03134	0.01506	0.00489	0.00899	0.31718	0.01057	0.01010
12	0.03211	0.07693	0.03853	0.12859	0.09012	0.02545	0.09877	0.07826	0.06718	0.14524	0.02806	0.03163	0.02065	0.01427	0.01415	0.06301	0.01287	0.01067	0.00812	0.01538
13	0.08872	0.02799	0.07964	0.16210	0.04713	0.02803	0.09030	0.11476	0.16208	0.04421	0.02820	0.03122	0.02093	0.01234	0.01115	0.00367	0.01304	0.01072	0.00803	0.01574
14	0.02121	0.01316	0.01666	0.01645	0.02039	0.01199	0.01347	0.02554	0.02788	0.11342	0.15926	0.09953	0.21501	0.02615	0.01376	0.00418	0.00784	0.17129	0.01131	0.01150
15	0.01444	0.01057	0.01415	0.01613	0.01743	0.01028	0.01153	0.01708	0.02176	0.02891	0.06137	0.42742	0.10575	0.04192	0.09885	0.00665	0.01046	0.06614	0.00976	0.00942
16	0.02738	0.08829	0.17977	0.03406	0.08628	0.06985	0.13600	0.07350	0.02710	0.03684	0.02321	0.03023	0.01877	0.05477	0.01428	0.00390	0.01513	0.01026	0.05544	0.01495
17	0.02722	0.02544	0.04148	0.09416	0.23258	0.02712	0.10313	0.07716	0.06901	0.03878	0.02706	0.03878	0.02321	0.01373	0.01434	0.00382	0.06641	0.05376	0.00697	0.01583
18	0.01608	0.01206	0.01809	0.01809	0.02010	0.01407	0.01407	0.02010	0.01809	0.02613	0.03015	0.04422	0.02814	0.08441	0.55984	0.01809	0.03015	0.01206	0.00603	0.01005
19	0.20559	0.02615	0.02700	0.02177	0.02980	0.02878	0.01780	0.24816	0.11275	0.12844	0.02948	0.02870	0.02095	0.01306	0.01020	0.00349	0.01051	0.00967	0.01057	0.01716
20	0.02741	0.03057	0.13833	0.02347	0.03248	0.06750	0.05611	0.07312	0.02927	0.08132	0.11581	0.03777	0.03431	0.01318	0.01072	0.00306	0.01162	0.01104	0.06458	0.13833
21	0.11821	0.08070	0.11941	0.02184	0.03138	0.02165	0.06270	0.03223	0.02485	0.08231	0.07720	0.03637	0.06344	0.01268	0.01002	0.00302	0.01078	0.01043	0.00759	0.17320
22	0.02696	0.02801	0.08205	0.03396	0.04205	0.02632	0.22219	0.11505	0.02930	0.03995	0.02889	0.04605	0.02579	0.06517	0.01899	0.00461	0.06794	0.07506	0.00731	0.01435

[dist]
# distance from previous block
# <min> <max>
1	39

[block]
# block no. 6 follows, 11 sequences, length 54
# corresponding to MSA columns:
# 775-828
name=unknown_G
#
# <colnr> <probs for GDERKNQSTAVLIFYWHMCP>
#	G	D	E	R	K	N	Q	S	T	A	V	L	I	F	Y	W	H	M	C	P
0	0.26428	0.02089	0.02092	0.01809	0.02386	0.02272	0.01411	0.15588	0.02947	0.08989	0.03127	0.12543	0.02924	0.08792	0.01584	0.00454	0.00968	0.01319	0.00927	0.01350
1	0.02937	0.03096	0.10642	0.09105	0.03786	0.07044	0.02280	0.16774	0.07985	0.04704	0.10888	0.03687	0.03319	0.01391	0.01116	0.00332	0.01214	0.01122	0.00883	0.07694
2	0.09147	0.02136	0.02866	0.08918	0.03529	0.02122	0.06143	0.11153	0.03118	0.12842	0.11922	0.03869	0.03495	0.01351	0.01093	0.00322	0.01050	0.01153	0.00944	0.12826
3	0.02876	0.02214	0.03477	0.21840	0.21518	0.02250	0.02691	0.03504	0.02533	0.11922	0.02451	0.02957	0.01840	0.01080	0.01074	0.00322	0.01243	0.00968	0.00698	0.12544
4	0.03165	0.02437	0.02689	0.06609	0.03265	0.08001	0.01780	0.03875	0.07124	0.14377	0.02691	0.02860	0.02018	0.01175	0.01214	0.00284	0.05951	0.00884	0.00829	0.28771
5	0.01609	0.01126	0.01318	0.01328	0.01443	0.01088	0.00873	0.01781	0.02100	0.02790	0.13027	0.08461	0.11357	0.38289	0.04062	0.00827	0.00928	0.05928	0.00853	0.00812
6	0.10982	0.01923	0.02209	0.01792	0.02528	0.01814	0.01429	0.03971	0.11319	0.16557	0.12053	0.04050	0.03794	0.01380	0.01033	0.00305	0.00825	0.01125	0.01035	0.19876
7	0.01937	0.01273	0.01670	0.06729	0.02341	0.01200	0.01272	0.02323	0.02664	0.09584	0.19058	0.22231	0.18303	0.02557	0.01316	0.00390	0.00717	0.02236	0.01087	0.01115
8	0.02786	0.02674	0.04568	0.06908	0.53424	0.02674	0.03454	0.03454	0.02563	0.03677	0.02117	0.02786	0.01783	0.01003	0.01114	0.00334	0.01337	0.01003	0.00557	0.01783
9	0.02507	0.02402	0.03223	0.02693	0.03056	0.07460	0.09036	0.07075	0.02346	0.03173	0.02372	0.03594	0.02193	0.09930	0.16770	0.00854	0.18323	0.01146	0.00621	0.01224
10	0.01542	0.01085	0.01423	0.01630	0.01733	0.01050	0.01172	0.01782	0.02163	0.02861	0.05595	0.36670	0.06504	0.15089	0.02348	0.00603	0.00843	0.14042	0.00968	0.00899
11	0.03993	0.05011	0.03221	0.02906	0.03416	0.49546	0.02210	0.04277	0.03011	0.02749	0.01708	0.02082	0.01453	0.01258	0.01341	0.00315	0.08881	0.00757	0.00569	0.01296
12	0.01395	0.01143	0.01229	0.01208	0.01560	0.00978	0.00906	0.01740	0.02718	0.03402	0.21557	0.10238	0.42587	0.02716	0.01330	0.00374	0.00561	0.02292	0.01093	0.00978
13	0.01621	0.01193	0.01558	0.01683	0.01941	0.01130	0.01363	0.02064	0.02688	0.03551	0.19092	0.16983	0.15501	0.02906	0.01443	0.00445	0.00780	0.21950	0.01092	0.01014
14	0.03009	0.61122	0.05898	0.01926	0.02889	0.04454	0.01926	0.03370	0.02287	0.02648	0.01565	0.01805	0.01444	0.00963	0.00722	0.00241	0.01204	0.00602	0.00481	0.01444
15	0.02364	0.02097	0.02734	0.01953	0.02966	0.01626	0.05798	0.02906	0.02364	0.03662	0.02026	0.02399	0.01671	0.00844	0.00880	0.00186	0.00932	0.00728	0.00658	0.61206
16	0.01365	0.01004	0.01281	0.01502	0.01615	0.00920	0.01016	0.01574	0.02217	0.02899	0.06992	0.52300	0.14346	0.03424	0.01420	0.00445	0.00640	0.03075	0.01045	0.00920
17	0.01744	0.01258	0.01575	0.01679	0.01863	0.01240	0.01179	0.07463	0.02624	0.03526	0.09745	0.48414	0.07042	0.03157	0.01390	0.00434	0.00714	0.02835	0.01071	0.01048
18	0.02518	0.02616	0.08891	0.02060	0.03039	0.02003	0.01857	0.07291	0.02559	0.03886	0.02020	0.02385	0.01643	0.01016	0.01156	0.00236	0.06324	0.00749	0.00670	0.47079
19	0.08839	0.03384	0.02941	0.02485	0.03211	0.15866	0.01965	0.21668	0.18713	0.05151	0.02959	0.02932	0.02216	0.01335	0.01071	0.00341	0.01294	0.00992	0.00966	0.01672
20	0.04204	0.05364	0.03190	0.02900	0.03480	0.55926	0.02175	0.04494	0.03190	0.02755	0.01740	0.02030	0.01450	0.01160	0.01015	0.00290	0.02030	0.00725	0.00580	0.01305
21	0.04204	0.05364	0.03190	0.02900	0.03480	0.55926	0.02175	0.04494	0.03190	0.02755	0.01740	0.02030	0.01450	0.01160	0.01015	0.00290	0.02030	0.00725	0.00580	0.01305
22	0.01371	0.00979	0.01306	0.01567	0.01632	0.00914	0.01045	0.01567	0.02155	0.02873	0.06203	0.59710	0.07444	0.03526	0.01437	0.00457	0.00653	0.03200	0.01045	0.00914
23	0.68395	0.02177	0.01654	0.01480	0.02177	0.02525	0.01219	0.03309	0.01915	0.05050	0.01567	0.01828	0.01219	0.01045	0.00697	0.00348	0.00871	0.00609	0.00697	0.01219
