[name]
unknown

[dist]
# distance from previous block
# <min> <max>
0	243

[block]
# block no. 0 follows, 10 sequences, length 9
# corresponding to MSA columns:
# 257-265
name=unknown_A
#
# <colnr> <probs for GDERKNQSTAVLIFYWHMCP>
#	G	D	E	R	K	N	Q	S	T	A	V	L	I	F	Y	W	H	M	C	P
0	0.20109	0.08468	0.02903	0.14218	0.03877	0.02650	0.01991	0.06604	0.06855	0.04193	0.02665	0.03805	0.02292	0.01378	0.01016	0.00355	0.01129	0.05827	0.00761	0.08904
1	0.15575	0.08425	0.02668	0.01947	0.02559	0.02524	0.01554	0.15917	0.03167	0.09050	0.03437	0.14484	0.03290	0.08411	0.01647	0.00456	0.01036	0.01465	0.00960	0.01429
2	0.08195	0.14133	0.06312	0.01749	0.02439	0.02155	0.01551	0.02797	0.02459	0.03736	0.09674	0.12777	0.04046	0.01663	0.01012	0.00308	0.00895	0.01364	0.08270	0.14465
3	0.07721	0.01437	0.01650	0.01482	0.01948	0.01319	0.01141	0.02285	0.02716	0.03981	0.23490	0.07226	0.17986	0.02792	0.06626	0.00492	0.00905	0.01732	0.01012	0.12060
4	0.43662	0.08226	0.02116	0.01591	0.02167	0.02412	0.01286	0.02957	0.02002	0.04267	0.02329	0.09896	0.02263	0.01767	0.01270	0.07953	0.00919	0.01043	0.00721	0.01154
5	0.02622	0.02159	0.03025	0.02464	0.03075	0.02222	0.09304	0.13536	0.10030	0.04978	0.20809	0.10834	0.05980	0.01933	0.01309	0.00381	0.01020	0.01749	0.01103	0.01468
6	0.27787	0.02016	0.02133	0.09228	0.03055	0.02221	0.01573	0.08257	0.02683	0.08322	0.07523	0.04342	0.07198	0.07335	0.01512	0.00444	0.01005	0.01178	0.00879	0.01308
7	0.10303	0.19197	0.10475	0.02238	0.03178	0.03201	0.02115	0.04464	0.20074	0.04044	0.02888	0.02923	0.02253	0.01226	0.00967	0.00326	0.01115	0.00921	0.00796	0.07297
8	0.01968	0.01364	0.01682	0.01639	0.01878	0.01414	0.01191	0.07019	0.02628	0.03724	0.12350	0.17882	0.05527	0.13157	0.13058	0.00815	0.01284	0.01900	0.08441	0.01080

[dist]
# distance from previous block
# <min> <max>
9	16

[block]
# block no. 1 follows, 10 sequences, length 15
# corresponding to MSA columns:
# 282-296
name=unknown_B
#
# <colnr> <probs for GDERKNQSTAVLIFYWHMCP>
#	G	D	E	R	K	N	Q	S	T	A	V	L	I	F	Y	W	H	M	C	P
0	0.01626	0.01057	0.01336	0.01546	0.01676	0.01011	0.01090	0.01933	0.02314	0.03320	0.05802	0.42277	0.06549	0.03093	0.01345	0.00433	0.00680	0.06398	0.15528	0.00987
1	0.52574	0.01972	0.01629	0.01550	0.02123	0.02236	0.01219	0.03016	0.02035	0.04714	0.02693	0.14541	0.02701	0.01654	0.00891	0.00385	0.00849	0.01229	0.00800	0.01189
2	0.03028	0.02176	0.03048	0.15251	0.04249	0.02340	0.05597	0.11994	0.08764	0.11663	0.03903	0.15705	0.03466	0.01840	0.01255	0.00396	0.01174	0.01626	0.00991	0.01535
3	0.52574	0.01972	0.01629	0.01550	0.02123	0.02236	0.01219	0.03016	0.02035	0.04714	0.02693	0.14541	0.02701	0.01654	0.00891	0.00385	0.00849	0.01229	0.00800	0.01189
4	0.13851	0.03107	0.03223	0.02504	0.03403	0.03457	0.02068	0.41313	0.04945	0.07013	0.02617	0.02657	0.01870	0.01349	0.01097	0.00351	0.01223	0.00985	0.01097	0.01870
5	0.17686	0.03143	0.02449	0.02179	0.02709	0.18783	0.01657	0.10738	0.02911	0.04001	0.02405	0.03421	0.02168	0.12182	0.08247	0.00653	0.01647	0.00995	0.00741	0.01284
6	0.37263	0.01921	0.01816	0.01564	0.02228	0.02043	0.01272	0.03820	0.02419	0.16846	0.02846	0.02953	0.02049	0.01231	0.00853	0.00340	0.00842	0.00866	0.15429	0.01400
7	0.02114	0.07581	0.08285	0.01856	0.02379	0.01865	0.01638	0.02890	0.09566	0.03659	0.19001	0.05710	0.09514	0.02397	0.01963	0.15100	0.00918	0.01481	0.00904	0.01177
8	0.02913	0.02141	0.02289	0.02056	0.02646	0.02395	0.01600	0.05363	0.35525	0.08496	0.04512	0.04309	0.03370	0.01517	0.01099	0.00364	0.00841	0.01252	0.15629	0.01682
9	0.01908	0.01547	0.02388	0.02962	0.13106	0.01655	0.01811	0.02319	0.02069	0.02936	0.03355	0.10929	0.03370	0.11257	0.31519	0.01289	0.02243	0.01489	0.00675	0.01175
10	0.02102	0.01869	0.03020	0.28644	0.13731	0.02087	0.02556	0.02743	0.02588	0.03499	0.13628	0.10933	0.04450	0.01709	0.01246	0.00385	0.01191	0.01546	0.00766	0.01306
11	0.04116	0.01656	0.02116	0.01713	0.02386	0.01483	0.01386	0.04599	0.03007	0.35211	0.04301	0.04095	0.02916	0.01409	0.01041	0.00328	0.00828	0.01139	0.24614	0.01656
12	0.02449	0.03122	0.14108	0.27429	0.10447	0.02707	0.07554	0.03747	0.09815	0.03563	0.02525	0.03143	0.01893	0.01186	0.01173	0.00381	0.01511	0.01074	0.00628	0.01543
13	0.08349	0.07707	0.03236	0.22473	0.04741	0.06897	0.02363	0.03707	0.10570	0.03548	0.02493	0.03043	0.01967	0.01334	0.01372	0.00373	0.07966	0.00989	0.05484	0.01390
14	0.03061	0.02853	0.06396	0.02320	0.03077	0.06464	0.01935	0.17772	0.10521	0.04831	0.03598	0.14632	0.03305	0.01773	0.01171	0.00350	0.01124	0.01468	0.00976	0.12372

[dist]
# distance from previous block
# <min> <max>
1	4

[block]
# block no. 2 follows, 10 sequences, length 15
# corresponding to MSA columns:
# 301-315
name=unknown_C
#
# <colnr> <probs for GDERKNQSTAVLIFYWHMCP>
#	G	D	E	R	K	N	Q	S	T	A	V	L	I	F	Y	W	H	M	C	P
0	0.51661	0.02295	0.02423	0.10432	0.03477	0.02633	0.05472	0.03374	0.02098	0.04739	0.01752	0.02185	0.01348	0.01084	0.00844	0.00367	0.01091	0.00756	0.00677	0.01291
1	0.09060	0.15871	0.11806	0.03305	0.12888	0.03171	0.02590	0.10921	0.06233	0.09767	0.02532	0.02707	0.01909	0.01180	0.01022	0.00334	0.01270	0.00916	0.00788	0.01730
2	0.02722	0.28271	0.27706	0.02652	0.03948	0.03522	0.03053	0.03876	0.07677	0.03416	0.02183	0.02417	0.01712	0.01111	0.00963	0.00321	0.01430	0.00810	0.00571	0.01637
3	0.01610	0.01187	0.01505	0.01426	0.01716	0.01082	0.01069	0.02126	0.03208	0.04464	0.46072	0.09017	0.16284	0.02452	0.01372	0.00369	0.00554	0.02149	0.01254	0.01082
4	0.05218	0.01979	0.02699	0.02069	0.02969	0.01709	0.01709	0.05668	0.03329	0.52677	0.04588	0.03959	0.02879	0.01439	0.01170	0.00360	0.00990	0.01170	0.01439	0.01979
5	0.01840	0.01164	0.01546	0.01601	0.01819	0.01070	0.01142	0.02194	0.02724	0.08009	0.23063	0.34920	0.08496	0.02974	0.01414	0.00422	0.00655	0.02666	0.01187	0.01094
6	0.02879	0.02763	0.04721	0.07139	0.51871	0.02763	0.03569	0.03569	0.02648	0.03800	0.02188	0.02879	0.01842	0.01036	0.01151	0.00345	0.01382	0.01036	0.00576	0.01842
7	0.03128	0.01707	0.02110	0.01813	0.02372	0.01663	0.01425	0.04198	0.12645	0.20577	0.22153	0.05853	0.06078	0.01814	0.01217	0.00361	0.00769	0.01544	0.07033	0.01539
8	0.01417	0.01012	0.01350	0.01619	0.01687	0.00945	0.01080	0.01619	0.02227	0.02969	0.06410	0.58367	0.07692	0.03644	0.01484	0.00472	0.00675	0.03306	0.01080	0.00945
9	0.03795	0.02917	0.03146	0.02463	0.03355	0.03139	0.02005	0.32434	0.13963	0.06274	0.03072	0.03046	0.02256	0.01349	0.01120	0.00330	0.01141	0.01045	0.01093	0.12057
10	0.01548	0.01027	0.01365	0.01557	0.01605	0.00979	0.01019	0.01612	0.02044	0.02726	0.05359	0.43076	0.06345	0.10994	0.02549	0.10890	0.00787	0.02733	0.00940	0.00844
11	0.02218	0.02688	0.11291	0.47992	0.07542	0.02602	0.03398	0.03084	0.02346	0.03084	0.02070	0.02999	0.01538	0.01154	0.01154	0.00385	0.01577	0.01006	0.00513	0.01359
12	0.15322	0.03177	0.03068	0.08450	0.03799	0.09930	0.02125	0.25573	0.08148	0.05658	0.02543	0.02711	0.01878	0.01304	0.01070	0.00353	0.01317	0.00955	0.00940	0.01678
13	0.07592	0.01322	0.01749	0.07862	0.02621	0.01375	0.01529	0.02126	0.02325	0.03297	0.05429	0.36086	0.06179	0.03029	0.01409	0.00468	0.00889	0.12689	0.00982	0.01043
14	0.09885	0.02462	0.03771	0.21162	0.27350	0.02705	0.03014	0.03658	0.07713	0.03821	0.02370	0.02999	0.01877	0.01140	0.01110	0.00366	0.01329	0.01021	0.00641	0.01607

[dist]
# distance from previous block
# <min> <max>
0	13

[block]
# block no. 3 follows, 10 sequences, length 34
# corresponding to MSA columns:
# 329-362
name=unknown_D
#
# <colnr> <probs for GDERKNQSTAVLIFYWHMCP>
#	G	D	E	R	K	N	Q	S	T	A	V	L	I	F	Y	W	H	M	C	P
0	0.18165	0.27018	0.03989	0.01988	0.02887	0.07583	0.01763	0.07851	0.02663	0.03947	0.01821	0.02070	0.01524	0.01049	0.00824	0.00276	0.01174	0.00687	0.00654	0.12065
1	0.01944	0.01037	0.01458	0.01458	0.01458	0.01037	0.00939	0.01556	0.01556	0.02075	0.02403	0.04483	0.02534	0.16854	0.04865	0.51034	0.01037	0.01169	0.00551	0.00551
2	0.02879	0.02763	0.04721	0.07139	0.51871	0.02763	0.03569	0.03569	0.02648	0.03800	0.02188	0.02879	0.01842	0.01036	0.01151	0.00345	0.01382	0.01036	0.00576	0.01842
3	0.04142	0.02483	0.04512	0.03302	0.04323	0.02246	0.21709	0.04822	0.03075	0.31365	0.03615	0.03601	0.02394	0.01240	0.01258	0.00374	0.01412	0.01258	0.01069	0.01801
4	0.01470	0.01053	0.01397	0.01583	0.01699	0.00980	0.01084	0.01753	0.02475	0.03363	0.16842	0.46811	0.08456	0.03349	0.01458	0.00448	0.00645	0.03027	0.01126	0.00980
5	0.02536	0.20113	0.40786	0.02968	0.04497	0.03199	0.03693	0.03631	0.02431	0.03435	0.01964	0.02301	0.01478	0.01076	0.01011	0.00337	0.01594	0.00797	0.00493	0.01660
6	0.01947	0.01407	0.01745	0.01837	0.02063	0.01414	0.01332	0.09273	0.02795	0.03726	0.05797	0.45412	0.06672	0.03239	0.01442	0.00458	0.00808	0.06415	0.01093	0.01124
7	0.01691	0.01128	0.01268	0.01268	0.01268	0.01128	0.00705	0.01691	0.01691	0.02255	0.03665	0.07611	0.04228	0.59126	0.05920	0.01128	0.01128	0.01691	0.00705	0.00705
8	0.02401	0.05539	0.45433	0.03578	0.05207	0.02741	0.11486	0.03690	0.02504	0.03690	0.02131	0.02569	0.01522	0.01084	0.01149	0.00372	0.01759	0.00945	0.00507	0.01694
9	0.02196	0.02067	0.03488	0.56331	0.08010	0.02584	0.03230	0.02972	0.02326	0.02972	0.02067	0.03101	0.01550	0.01163	0.01163	0.00388	0.01550	0.01034	0.00517	0.01292
10	0.02333	0.06016	0.53100	0.03315	0.05034	0.02701	0.04297	0.03683	0.02455	0.03683	0.02087	0.02455	0.01473	0.01105	0.01105	0.00368	0.01719	0.00859	0.00491	0.01719
11	0.09807	0.02004	0.02366	0.01892	0.02635	0.01953	0.01544	0.11707	0.03354	0.29867	0.03850	0.03675	0.02614	0.01381	0.01046	0.00337	0.00925	0.01082	0.16252	0.01708
12	0.03498	0.02522	0.04596	0.12533	0.12848	0.02447	0.18146	0.04223	0.02856	0.19820	0.03020	0.03361	0.02112	0.01171	0.01236	0.00373	0.01479	0.01196	0.00857	0.01705
13	0.02555	0.01898	0.02124	0.01912	0.02453	0.02007	0.01481	0.04376	0.25666	0.09231	0.17573	0.06538	0.13339	0.01993	0.01261	0.00384	0.00779	0.01689	0.01216	0.01524
14	0.01417	0.01012	0.01350	0.01619	0.01687	0.00945	0.01080	0.01619	0.02227	0.02969	0.06410	0.58367	0.07692	0.03644	0.01484	0.00472	0.00675	0.03306	0.01080	0.00945
15	0.02810	0.03147	0.12829	0.17123	0.21945	0.02648	0.10662	0.03659	0.02616	0.07846	0.02379	0.02995	0.01790	0.01103	0.01184	0.00368	0.01539	0.01072	0.00625	0.01661
16	0.20595	0.03151	0.02821	0.02330	0.03122	0.11541	0.01875	0.20171	0.07993	0.11447	0.02725	0.02730	0.01968	0.01304	0.01032	0.00349	0.01249	0.00929	0.00991	0.01675
17	0.01460	0.01075	0.01378	0.01604	0.01746	0.00993	0.01134	0.01713	0.02345	0.03053	0.07262	0.45749	0.14734	0.03483	0.01480	0.00466	0.00704	0.07580	0.01079	0.00964
18	0.03058	0.24196	0.04786	0.14116	0.08871	0.07698	0.06408	0.07345	0.06463	0.03520	0.02182	0.02613	0.01762	0.01127	0.01017	0.00323	0.01429	0.00910	0.00633	0.01545
19	0.02310	0.02204	0.03270	0.02789	0.02919	0.02864	0.05819	0.02619	0.01863	0.02791	0.02120	0.03554	0.02108	0.10139	0.12172	0.00799	0.36747	0.01168	0.00558	0.01188
20	0.02371	0.03204	0.17095	0.06844	0.03861	0.01970	0.02377	0.03149	0.02417	0.03689	0.02073	0.02483	0.01636	0.00957	0.00957	0.00247	0.01167	0.00768	0.00617	0.42118
21	0.26540	0.02558	0.02497	0.08770	0.03416	0.08047	0.01818	0.04503	0.10316	0.16341	0.02937	0.02974	0.02096	0.01273	0.00997	0.00362	0.01136	0.00938	0.00935	0.01546
22	0.01438	0.01181	0.01266	0.01244	0.01610	0.01009	0.00933	0.01791	0.02800	0.03496	0.20964	0.10610	0.41996	0.02813	0.01374	0.00386	0.00580	0.02373	0.01127	0.01009
23	0.02412	0.02067	0.02412	0.01723	0.02756	0.01550	0.01378	0.02929	0.02412	0.03790	0.02067	0.02412	0.01723	0.00861	0.00861	0.00172	0.00861	0.00689	0.00689	0.66236
24	0.02483	0.03379	0.16111	0.22524	0.13989	0.02734	0.15130	0.03432	0.02518	0.03469	0.02166	0.02924	0.01636	0.01081	0.01202	0.00377	0.01669	0.01082	0.00539	0.01554
25	0.01661	0.01246	0.01869	0.01869	0.02077	0.01454	0.01454	0.02077	0.01869	0.02700	0.03115	0.04569	0.02908	0.08723	0.54517	0.01869	0.03115	0.01246	0.00623	0.01038
26	0.01516	0.01106	0.01426	0.01509	0.01699	0.01016	0.01070	0.01881	0.02742	0.03743	0.26965	0.31825	0.13160	0.03013	0.01424	0.00417	0.00611	0.02690	0.01169	0.01016
27	0.09239	0.40966	0.17189	0.02270	0.03415	0.03940	0.02484	0.03526	0.02348	0.03213	0.01732	0.02013	0.01465	0.01030	0.00832	0.00289	0.01326	0.00681	0.00518	0.01525
28	0.02665	0.02275	0.02639	0.02342	0.02716	0.06596	0.01873	0.13084	0.02808	0.03805	0.02673	0.03624	0.02351	0.05315	0.29478	0.01166	0.11420	0.01122	0.00728	0.01320
29	0.01713	0.01113	0.01258	0.01282	0.01315	0.01107	0.00750	0.01785	0.01814	0.02525	0.03929	0.11933	0.04423	0.48365	0.05011	0.00983	0.01029	0.01779	0.07123	0.00764
30	0.02820	0.05028	0.36914	0.03069	0.04499	0.02906	0.03575	0.12848	0.08938	0.04559	0.02557	0.02757	0.01832	0.01222	0.01126	0.00368	0.01532	0.00954	0.00712	0.01786
31	0.01958	0.03174	0.20651	0.02699	0.03592	0.01909	0.09970	0.02713	0.02464	0.03378	0.05074	0.21537	0.11640	0.02182	0.01313	0.00409	0.01247	0.01974	0.00788	0.01330
32	0.02982	0.51023	0.13784	0.02207	0.03320	0.04291	0.02367	0.03515	0.02378	0.02891	0.01694	0.01962	0.01489	0.01013	0.00805	0.00268	0.01321	0.00661	0.00496	0.01530
33	0.03116	0.12143	0.03653	0.03123	0.11081	0.03244	0.02194	0.10503	0.28694	0.04644	0.03559	0.03498	0.02734	0.01370	0.01103	0.00357	0.01094	0.01121	0.00968	0.01800

[dist]
# distance from previous block
# <min> <max>
1	4

[block]
# block no. 4 follows, 10 sequences, length 24
# corresponding to MSA columns:
# 367-390
name=unknown_E
#
# <colnr> <probs for GDERKNQSTAVLIFYWHMCP>
#	G	D	E	R	K	N	Q	S	T	A	V	L	I	F	Y	W	H	M	C	P
0	0.18069	0.14093	0.03939	0.03183	0.12374	0.02809	0.08174	0.03524	0.02398	0.08929	0.02404	0.03189	0.02036	0.08422	0.01603	0.00436	0.01246	0.01000	0.00704	0.01468
1	0.03109	0.59826	0.06095	0.01990	0.02985	0.04602	0.01990	0.03483	0.02363	0.02736	0.01617	0.01866	0.01493	0.00995	0.00746	0.00249	0.01244	0.00622	0.00498	0.01493
2	0.02109	0.01948	0.03247	0.50164	0.07298	0.02399	0.02988	0.02819	0.02314	0.02971	0.02557	0.09330	0.02243	0.01442	0.01199	0.00397	0.01452	0.01290	0.00580	0.01253
3	0.09870	0.02388	0.08367	0.20038	0.04592	0.02133	0.02337	0.03838	0.02561	0.19694	0.03053	0.03733	0.02277	0.08249	0.01688	0.00463	0.01265	0.01097	0.00864	0.01494
4	0.01684	0.01156	0.01413	0.01413	0.01462	0.01206	0.00884	0.01784	0.01734	0.02362	0.03533	0.06881	0.03912	0.47036	0.17576	0.01305	0.01604	0.01585	0.00685	0.00785
5	0.01696	0.01149	0.01429	0.01398	0.01605	0.01087	0.00993	0.02117	0.02813	0.04049	0.33121	0.12520	0.08532	0.12259	0.02107	0.00497	0.00660	0.02018	0.08938	0.01013
6	0.01412	0.01030	0.01331	0.01572	0.01675	0.00949	0.01059	0.01625	0.02272	0.02987	0.06984	0.53328	0.12361	0.03569	0.01473	0.00464	0.00666	0.03215	0.01080	0.00949
7	0.02053	0.01283	0.01659	0.01510	0.01871	0.01161	0.01152	0.02567	0.03238	0.10331	0.42002	0.08345	0.13694	0.02316	0.01348	0.00368	0.00606	0.02023	0.01281	0.01193
8	0.02745	0.03137	0.06863	0.04902	0.06078	0.02941	0.47647	0.03725	0.02745	0.03725	0.02353	0.03137	0.01765	0.00980	0.01373	0.00392	0.01961	0.01373	0.00588	0.01569
9	0.02345	0.04225	0.29747	0.22874	0.11387	0.02666	0.03830	0.03414	0.02430	0.03440	0.02091	0.02736	0.01543	0.01118	0.01131	0.00373	0.01620	0.00942	0.00510	0.01579
10	0.01499	0.01099	0.01407	0.01507	0.01692	0.01007	0.01063	0.01844	0.02682	0.03632	0.24057	0.33834	0.14222	0.03079	0.01428	0.00422	0.00617	0.02747	0.01156	0.01007
11	0.04521	0.01825	0.02476	0.01951	0.02729	0.01590	0.01590	0.04990	0.03322	0.43308	0.13695	0.04881	0.04458	0.01623	0.01209	0.00361	0.00904	0.01352	0.01408	0.01807
12	0.02399	0.02649	0.08839	0.15401	0.14346	0.02273	0.08820	0.03161	0.02602	0.03702	0.08356	0.03555	0.02859	0.01196	0.01146	0.00329	0.01317	0.01125	0.00669	0.15256
13	0.67341	0.02249	0.01709	0.01529	0.02249	0.02609	0.01260	0.03419	0.01979	0.05218	0.01619	0.01889	0.01260	0.01080	0.00720	0.00360	0.00900	0.00630	0.00720	0.01260
14	0.02814	0.02575	0.04149	0.23877	0.31025	0.02796	0.03296	0.08395	0.02855	0.03910	0.02214	0.02947	0.01755	0.01121	0.01157	0.00361	0.01429	0.01037	0.00622	0.01665
15	0.04238	0.03461	0.03368	0.02681	0.03539	0.09959	0.02173	0.37769	0.10215	0.06483	0.02887	0.02880	0.02095	0.01392	0.01151	0.00348	0.01343	0.01040	0.01094	0.01883
16	0.01417	0.01012	0.01350	0.01619	0.01687	0.00945	0.01080	0.01619	0.02227	0.02969	0.06410	0.58367	0.07692	0.03644	0.01484	0.00472	0.00675	0.03306	0.01080	0.00945
17	0.04012	0.02820	0.10043	0.02924	0.03965	0.02257	0.12814	0.05020	0.08316	0.29621	0.03765	0.03619	0.02516	0.01305	0.01211	0.00372	0.01302	0.01194	0.01091	0.01835
18	0.03442	0.18439	0.14883	0.02989	0.04145	0.03170	0.12315	0.09385	0.03029	0.13444	0.02594	0.02782	0.01877	0.01150	0.01088	0.00338	0.01451	0.00991	0.00780	0.01709
19	0.01812	0.01440	0.02158	0.08658	0.08945	0.01466	0.01850	0.02230	0.02411	0.03211	0.05317	0.33034	0.05990	0.02918	0.01438	0.00463	0.00969	0.13609	0.00950	0.01131
20	0.01617	0.01202	0.01514	0.01478	0.01774	0.01100	0.01136	0.02114	0.03104	0.04245	0.38906	0.09633	0.18421	0.02575	0.01396	0.00389	0.00610	0.06495	0.01220	0.01072
21	0.11207	0.16063	0.15239	0.07559	0.04147	0.03012	0.07358	0.04036	0.06691	0.10410	0.02525	0.02756	0.01864	0.01157	0.01026	0.00346	0.01349	0.00931	0.00725	0.01601
22	0.17187	0.09227	0.09662	0.02446	0.03439	0.03386	0.02253	0.28472	0.04037	0.05953	0.02337	0.02465	0.01714	0.01252	0.01020	0.00343	0.01252	0.00892	0.00917	0.01745
23	0.67341	0.02249	0.01709	0.01529	0.02249	0.02609	0.01260	0.03419	0.01979	0.05218	0.01619	0.01889	0.01260	0.01080	0.00720	0.00360	0.00900	0.00630	0.00720	0.01260

[dist]
# distance from previous block
# <min> <max>
0	1

[block]
# block no. 5 follows, 10 sequences, length 42
# corresponding to MSA columns:
# 392-433
name=unknown_F
#
# <colnr> <probs for GDERKNQSTAVLIFYWHMCP>
#	G	D	E	R	K	N	Q	S	T	A	V	L	I	F	Y	W	H	M	C	P
0	0.02143	0.01371	0.02421	0.02089	0.02288	0.01337	0.08912	0.01890	0.01724	0.02309	0.02077	0.03468	0.01977	0.03522	0.04008	0.55017	0.01171	0.01072	0.00519	0.00685
1	0.02519	0.02240	0.03489	0.48542	0.07371	0.02732	0.03082	0.09507	0.02782	0.03604	0.02172	0.03056	0.01612	0.01197	0.01163	0.00382	0.01511	0.01036	0.00611	0.01392
2	0.03601	0.02030	0.02533	0.01870	0.02846	0.01618	0.01519	0.04090	0.02800	0.24510	0.03136	0.03067	0.02213	0.01106	0.00992	0.00252	0.00916	0.00893	0.01007	0.39002
3	0.03370	0.17291	0.03749	0.02356	0.03175	0.03525	0.01981	0.17043	0.25473	0.05004	0.03405	0.03283	0.02593	0.01379	0.01067	0.00345	0.01102	0.01065	0.01003	0.01790
4	0.02333	0.06016	0.53100	0.03315	0.05034	0.02701	0.04297	0.03683	0.02455	0.03683	0.02087	0.02455	0.01473	0.01105	0.01105	0.00368	0.01719	0.00859	0.00491	0.01719
5	0.03063	0.02700	0.10604	0.07826	0.04096	0.02042	0.09873	0.03791	0.02799	0.16219	0.08319	0.03710	0.03017	0.01264	0.01149	0.00328	0.01236	0.01145	0.00884	0.15933
6	0.02309	0.04957	0.39595	0.03277	0.04692	0.02530	0.10119	0.03428	0.02397	0.03502	0.02332	0.03230	0.01877	0.08691	0.01775	0.00471	0.01676	0.01043	0.00533	0.01564
7	0.01960	0.01264	0.01623	0.01490	0.01838	0.01143	0.01132	0.02471	0.03223	0.09129	0.42289	0.08514	0.14761	0.02351	0.01353	0.00368	0.00596	0.02053	0.01273	0.01170
8	0.02488	0.02135	0.02884	0.08475	0.15039	0.02278	0.02166	0.07254	0.14833	0.04181	0.08757	0.12569	0.08258	0.01882	0.01249	0.00387	0.01025	0.01657	0.00954	0.01527
9	0.02823	0.02666	0.08370	0.33797	0.12518	0.02655	0.03125	0.08450	0.02826	0.08133	0.02395	0.03052	0.01750	0.01192	0.01156	0.00373	0.01463	0.01031	0.00678	0.01545
10	0.01510	0.01202	0.01367	0.01378	0.01724	0.01058	0.01069	0.01902	0.02820	0.03579	0.21236	0.10799	0.35103	0.02834	0.01404	0.00404	0.00642	0.07814	0.01131	0.01023
11	0.10243	0.01677	0.02139	0.01861	0.02459	0.01540	0.01449	0.04060	0.02816	0.30916	0.04907	0.22283	0.04354	0.02154	0.01231	0.00398	0.00873	0.01843	0.01244	0.01554
12	0.12990	0.02101	0.06870	0.21089	0.04326	0.02002	0.02147	0.02714	0.02503	0.03782	0.13433	0.09128	0.08982	0.01768	0.01172	0.00384	0.01083	0.01492	0.00807	0.01226
13	0.02552	0.04482	0.28468	0.04160	0.05590	0.02829	0.27391	0.03706	0.02610	0.03706	0.02229	0.02819	0.01629	0.01039	0.01248	0.00381	0.01848	0.01133	0.00543	0.01639
14	0.01490	0.01066	0.01425	0.01642	0.01757	0.01001	0.01152	0.01772	0.02421	0.03260	0.12898	0.47208	0.08082	0.03422	0.01479	0.00462	0.00691	0.06686	0.01108	0.00978
15	0.01417	0.01012	0.01350	0.01619	0.01687	0.00945	0.01080	0.01619	0.02227	0.02969	0.06410	0.58367	0.07692	0.03644	0.01484	0.00472	0.00675	0.03306	0.01080	0.00945
16	0.08010	0.08887	0.29875	0.02789	0.04125	0.02852	0.03161	0.11444	0.03050	0.11453	0.02498	0.02642	0.01748	0.01192	0.01068	0.00354	0.01440	0.00901	0.00760	0.01749
17	0.01881	0.01485	0.01732	0.01618	0.02000	0.01485	0.01228	0.03007	0.13757	0.04436	0.33566	0.08148	0.16555	0.02298	0.01329	0.00377	0.00641	0.01987	0.01222	0.01246
18	0.01877	0.01145	0.01529	0.01650	0.01838	0.01051	0.01153	0.02152	0.02491	0.08809	0.12082	0.45707	0.07578	0.03229	0.01434	0.00446	0.00694	0.02907	0.01147	0.01082
19	0.14075	0.03830	0.21355	0.03312	0.09457	0.02687	0.06617	0.09725	0.02942	0.11548	0.02497	0.02726	0.01773	0.01169	0.01084	0.00363	0.01399	0.00953	0.00773	0.01715
20	0.01661	0.01246	0.01869	0.01869	0.02077	0.01454	0.01454	0.02077	0.01869	0.02700	0.03115	0.04569	0.02908	0.08723	0.54517	0.01869	0.03115	0.01246	0.00623	0.01038
21	0.01644	0.01164	0.01443	0.01631	0.01779	0.01149	0.01123	0.02183	0.06843	0.03307	0.05953	0.47043	0.06760	0.03186	0.01380	0.00442	0.00683	0.02863	0.08379	0.01047
22	0.25505	0.02843	0.08997	0.02100	0.02983	0.02587	0.01928	0.15696	0.03229	0.12375	0.02673	0.02783	0.01911	0.01251	0.00965	0.00348	0.01082	0.00902	0.08244	0.01598
23	0.03987	0.11159	0.03591	0.02440	0.03317	0.03381	0.02041	0.27620	0.14447	0.11250	0.03249	0.03127	0.02353	0.01383	0.01108	0.00346	0.01163	0.01058	0.01102	0.01878
24	0.01728	0.01434	0.02204	0.23479	0.04213	0.01600	0.01939	0.02160	0.02266	0.02970	0.04675	0.36286	0.05238	0.02652	0.01356	0.00438	0.01025	0.02398	0.00855	0.01083
25	0.02196	0.02067	0.03488	0.56331	0.08010	0.02584	0.03230	0.02972	0.02326	0.02972	0.02067	0.03101	0.01550	0.01163	0.01163	0.00388	0.01550	0.01034	0.00517	0.01292
26	0.02412	0.02067	0.02412	0.01723	0.02756	0.01550	0.01378	0.02929	0.02412	0.03790	0.02067	0.02412	0.01723	0.00861	0.00861	0.00172	0.00861	0.00689	0.00689	0.66236
27	0.03024	0.02176	0.02563	0.01870	0.02874	0.01783	0.01511	0.07910	0.02856	0.11246	0.02507	0.02675	0.01916	0.01000	0.00937	0.00217	0.00923	0.00795	0.00846	0.50372
28	0.01646	0.01189	0.01555	0.01463	0.01738	0.01097	0.01097	0.02195	0.03292	0.04664	0.51257	0.08688	0.10974	0.02378	0.01372	0.00366	0.00549	0.02103	0.01280	0.01097
29	0.01773	0.01285	0.01483	0.01427	0.01746	0.01227	0.01060	0.02372	0.07484	0.03771	0.21851	0.08061	0.22590	0.02622	0.01719	0.08993	0.00661	0.01912	0.06908	0.01053
30	0.02545	0.02545	0.03562	0.03053	0.03053	0.03562	0.02545	0.02799	0.01781	0.02799	0.01527	0.02545	0.01527	0.02036	0.03817	0.00509	0.56997	0.01018	0.00509	0.01272
31	0.02196	0.02067	0.03488	0.56331	0.08010	0.02584	0.03230	0.02972	0.02326	0.02972	0.02067	0.03101	0.01550	0.01163	0.01163	0.00388	0.01550	0.01034	0.00517	0.01292
32	0.03109	0.59826	0.06095	0.01990	0.02985	0.04602	0.01990	0.03483	0.02363	0.02736	0.01617	0.01866	0.01493	0.00995	0.00746	0.00249	0.01244	0.00622	0.00498	0.01493
33	0.01558	0.01185	0.01432	0.01370	0.01683	0.01060	0.01028	0.02023	0.03083	0.04167	0.38378	0.09505	0.24163	0.02563	0.01373	0.00375	0.00562	0.02218	0.01215	0.01060
34	0.03104	0.02800	0.04268	0.05866	0.38463	0.02903	0.03146	0.10360	0.09233	0.04452	0.02609	0.03057	0.02086	0.01159	0.01157	0.00352	0.01306	0.01074	0.00741	0.01862
35	0.02697	0.02058	0.02441	0.01758	0.02778	0.01567	0.01412	0.03207	0.02505	0.08763	0.02324	0.02569	0.01840	0.00920	0.00893	0.00191	0.00874	0.00738	0.00765	0.59700
36	0.09565	0.17277	0.12887	0.02440	0.03462	0.09856	0.02355	0.10585	0.03121	0.14283	0.02521	0.02580	0.01830	0.01201	0.00999	0.00325	0.01364	0.00859	0.00824	0.01667
37	0.04345	0.05543	0.03296	0.02996	0.03596	0.54457	0.02247	0.04644	0.03296	0.02846	0.01798	0.02097	0.01498	0.01199	0.01049	0.00300	0.02097	0.00749	0.00599	0.01348
38	0.01519	0.01184	0.01379	0.01330	0.01660	0.01043	0.00998	0.01949	0.02993	0.03953	0.32812	0.09858	0.29863	0.02643	0.01373	0.00378	0.00568	0.02267	0.01187	0.01043
39	0.01566	0.01171	0.01454	0.01415	0.01697	0.01058	0.01049	0.02028	0.03056	0.04178	0.38587	0.13723	0.19503	0.02616	0.01383	0.00381	0.00569	0.02289	0.01218	0.01058
40	0.01992	0.01204	0.01543	0.01589	0.01860	0.01082	0.01140	0.02291	0.02599	0.10436	0.12943	0.35887	0.14902	0.03038	0.01405	0.00428	0.00689	0.02693	0.01158	0.01121
41	0.02727	0.28791	0.26128	0.02974	0.04302	0.03555	0.09595	0.03603	0.02458	0.03281	0.01923	0.02300	0.01524	0.01040	0.00989	0.00320	0.01549	0.00832	0.00508	0.01599

[dist]
# distance from previous block
# <min> <max>
1	4

[block]
# block no. 6 follows, 10 sequences, length 16
# corresponding to MSA columns:
# 438-453
name=unknown_G
#
# <colnr> <probs for GDERKNQSTAVLIFYWHMCP>
#	G	D	E	R	K	N	Q	S	T	A	V	L	I	F	Y	W	H	M	C	P
0	0.32312	0.16919	0.03177	0.02007	0.02765	0.12243	0.01686	0.04004	0.08441	0.04150	0.02050	0.02235	0.01653	0.01144	0.00844	0.00327	0.01197	0.00737	0.00704	0.01407
1	0.50136	0.03246	0.15310	0.02002	0.02986	0.02633	0.02063	0.03489	0.02105	0.04812	0.01743	0.02039	0.01316	0.01086	0.00822	0.00362	0.01116	0.00691	0.00659	0.01381
2	0.02268	0.02027	0.03081	0.38243	0.06245	0.02441	0.02771	0.03446	0.10718	0.03385	0.03185	0.04909	0.02718	0.01561	0.01237	0.00412	0.01364	0.07913	0.00722	0.01353
3	0.01562	0.01159	0.01456	0.01438	0.01700	0.01053	0.01057	0.02010	0.03009	0.04125	0.37146	0.17076	0.17552	0.02680	0.01390	0.00388	0.00576	0.02358	0.01213	0.01053
4	0.03174	0.02668	0.02504	0.02139	0.02613	0.10588	0.01596	0.20226	0.03431	0.04361	0.02985	0.04616	0.02813	0.23425	0.07166	0.00752	0.01499	0.01255	0.00860	0.01329
5	0.01453	0.01040	0.01382	0.01595	0.01695	0.00969	0.01082	0.01711	0.02396	0.03238	0.13532	0.50478	0.08213	0.03443	0.01467	0.00455	0.00655	0.03115	0.01111	0.00969
6	0.01646	0.01189	0.01555	0.01463	0.01738	0.01097	0.01097	0.02195	0.03292	0.04664	0.51257	0.08688	0.10974	0.02378	0.01372	0.00366	0.00549	0.02103	0.01280	0.01097
7	0.03109	0.59826	0.06095	0.01990	0.02985	0.04602	0.01990	0.03483	0.02363	0.02736	0.01617	0.01866	0.01493	0.00995	0.00746	0.00249	0.01244	0.00622	0.00498	0.01493
8	0.01691	0.01128	0.01268	0.01268	0.01268	0.01128	0.00705	0.01691	0.01691	0.02255	0.03665	0.07611	0.04228	0.59126	0.05920	0.01128	0.01128	0.01691	0.00705	0.00705
9	0.67341	0.02249	0.01709	0.01529	0.02249	0.02609	0.01260	0.03419	0.01979	0.05218	0.01619	0.01889	0.01260	0.01080	0.00720	0.00360	0.00900	0.00630	0.00720	0.01260
10	0.38457	0.02327	0.02293	0.01876	0.02684	0.02494	0.01547	0.11181	0.02944	0.19987	0.02709	0.02662	0.01866	0.01239	0.00927	0.00358	0.00987	0.00860	0.01009	0.01593
11	0.02691	0.01553	0.01976	0.01729	0.02208	0.01480	0.01344	0.03567	0.09269	0.16584	0.33722	0.06958	0.08015	0.02043	0.01297	0.00368	0.00706	0.01771	0.01307	0.01411
12	0.04110	0.02498	0.04565	0.03339	0.04362	0.02261	0.22296	0.04797	0.03067	0.30740	0.03587	0.03591	0.02380	0.01234	0.01261	0.00374	0.01425	0.01261	0.01058	0.01795
13	0.04440	0.10117	0.11991	0.02278	0.03334	0.02255	0.02200	0.05039	0.03051	0.37655	0.03767	0.03426	0.02454	0.01324	0.01104	0.00347	0.01150	0.01045	0.01152	0.01871
14	0.04268	0.02025	0.02579	0.02039	0.02802	0.01904	0.01659	0.12318	0.03696	0.33825	0.14851	0.04826	0.04556	0.01645	0.01214	0.00359	0.00941	0.01360	0.01355	0.01779
15	0.05218	0.01979	0.02699	0.02069	0.02969	0.01709	0.01709	0.05668	0.03329	0.52677	0.04588	0.03959	0.02879	0.01439	0.01170	0.00360	0.00990	0.01170	0.01439	0.01979

[dist]
# distance from previous block
# <min> <max>
1	13

[block]
# block no. 7 follows, 10 sequences, length 49
# corresponding to MSA columns:
# 467-509,516-521
name=unknown_H
#
# <colnr> <probs for GDERKNQSTAVLIFYWHMCP>
#	G	D	E	R	K	N	Q	S	T	A	V	L	I	F	Y	W	H	M	C	P
0	0.11057	0.13426	0.11549	0.02230	0.03183	0.02644	0.02177	0.08290	0.02852	0.11017	0.03006	0.04187	0.02549	0.01460	0.01055	0.00344	0.01175	0.07579	0.00841	0.09379
1	0.14088	0.02411	0.09987	0.02073	0.02747	0.01953	0.01870	0.07411	0.02663	0.11848	0.03846	0.18991	0.03678	0.02852	0.07746	0.00579	0.01287	0.01639	0.00934	0.01398
2	0.10925	0.15594	0.03051	0.01921	0.02556	0.02473	0.01626	0.07029	0.02737	0.13937	0.03687	0.09776	0.03447	0.07859	0.01613	0.00451	0.01062	0.07910	0.00939	0.01408
3	0.21704	0.02397	0.02885	0.02338	0.03109	0.02528	0.07256	0.11266	0.10299	0.09213	0.03194	0.08769	0.02657	0.01485	0.01077	0.00366	0.01078	0.01233	0.00950	0.06196
4	0.09961	0.01598	0.01937	0.10160	0.02886	0.01683	0.01456	0.02612	0.06346	0.03347	0.03938	0.21046	0.04189	0.14485	0.02208	0.00549	0.00979	0.01817	0.00834	0.07968
5	0.57075	0.02083	0.01685	0.01519	0.02169	0.02373	0.01234	0.03228	0.02184	0.05132	0.09377	0.02952	0.02778	0.01282	0.00822	0.00361	0.00845	0.00860	0.00807	0.01234
6	0.14254	0.03100	0.03212	0.02497	0.03395	0.03451	0.02062	0.41027	0.04923	0.07000	0.02609	0.02651	0.01866	0.01347	0.01094	0.00351	0.01220	0.00982	0.01094	0.01866
7	0.02893	0.02498	0.02630	0.02367	0.03024	0.02893	0.01841	0.06180	0.49770	0.04865	0.04734	0.04339	0.03550	0.01578	0.01183	0.00394	0.00920	0.01315	0.01183	0.01841
8	0.01963	0.01508	0.01695	0.01530	0.01958	0.01440	0.01179	0.09126	0.03357	0.04426	0.26714	0.08843	0.26946	0.02468	0.01340	0.00375	0.00680	0.02089	0.01176	0.01185
9	0.01622	0.01188	0.01521	0.01438	0.01723	0.01087	0.01078	0.02148	0.03235	0.04528	0.47745	0.08911	0.14571	0.02428	0.01372	0.00368	0.00552	0.02135	0.01262	0.01087
10	0.67341	0.02249	0.01709	0.01529	0.02249	0.02609	0.01260	0.03419	0.01979	0.05218	0.01619	0.01889	0.01260	0.01080	0.00720	0.00360	0.00900	0.00630	0.00720	0.01260
11	0.02893	0.02498	0.02630	0.02367	0.03024	0.02893	0.01841	0.06180	0.49770	0.04865	0.04734	0.04339	0.03550	0.01578	0.01183	0.00394	0.00920	0.01315	0.01183	0.01841
12	0.01676	0.01187	0.01571	0.01571	0.01676	0.01292	0.01082	0.01886	0.01781	0.02479	0.03388	0.06079	0.03563	0.33735	0.30401	0.01501	0.02129	0.01467	0.00664	0.00873
13	0.67341	0.02249	0.01709	0.01529	0.02249	0.02609	0.01260	0.03419	0.01979	0.05218	0.01619	0.01889	0.01260	0.01080	0.00720	0.00360	0.00900	0.00630	0.00720	0.01260
14	0.01665	0.01234	0.01806	0.01806	0.01991	0.01419	0.01375	0.02036	0.01850	0.02653	0.03173	0.04891	0.03047	0.14052	0.49379	0.01791	0.02905	0.01293	0.00632	0.01003
15	0.02433	0.01407	0.01906	0.02000	0.02367	0.01365	0.01718	0.02956	0.02750	0.11274	0.05621	0.10605	0.05640	0.02707	0.01440	0.00475	0.00993	0.32048	0.09080	0.01215
16	0.05218	0.01979	0.02699	0.02069	0.02969	0.01709	0.01709	0.05668	0.03329	0.52677	0.04588	0.03959	0.02879	0.01439	0.01170	0.00360	0.00990	0.01170	0.01439	0.01979
17	0.02412	0.02067	0.02412	0.01723	0.02756	0.01550	0.01378	0.02929	0.02412	0.03790	0.02067	0.02412	0.01723	0.00861	0.00861	0.00172	0.00861	0.00689	0.00689	0.66236
18	0.02333	0.06016	0.53100	0.03315	0.05034	0.02701	0.04297	0.03683	0.02455	0.03683	0.02087	0.02455	0.01473	0.01105	0.01105	0.00368	0.01719	0.00859	0.00491	0.01719
19	0.02463	0.02579	0.05136	0.03839	0.04720	0.02468	0.31891	0.03516	0.07255	0.03855	0.08991	0.10731	0.03779	0.01535	0.01368	0.00399	0.01532	0.01694	0.00789	0.01461
20	0.01641	0.01139	0.01436	0.01537	0.01612	0.01147	0.01033	0.01808	0.01967	0.02638	0.04590	0.20700	0.05237	0.32168	0.10270	0.00982	0.01252	0.07161	0.00833	0.00851
21	0.02492	0.01977	0.03384	0.24135	0.05271	0.02124	0.09550	0.03183	0.02617	0.08518	0.03769	0.06603	0.03473	0.01860	0.01347	0.00436	0.01392	0.15722	0.00814	0.01333
22	0.59470	0.02227	0.01924	0.08151	0.02945	0.02606	0.01498	0.03365	0.02021	0.04947	0.01674	0.02036	0.01295	0.01090	0.00773	0.00363	0.00978	0.00679	0.00695	0.01263
23	0.16971	0.02187	0.03126	0.10783	0.03987	0.02176	0.07407	0.04558	0.02829	0.29427	0.03326	0.03308	0.02210	0.01268	0.01102	0.00368	0.01176	0.01064	0.01047	0.01677
24	0.04047	0.02035	0.02551	0.02031	0.02763	0.01949	0.01647	0.13869	0.03782	0.29429	0.17245	0.05028	0.04947	0.01692	0.01225	0.00359	0.00929	0.01404	0.01335	0.01732
25	0.13717	0.03468	0.11398	0.02565	0.03561	0.03211	0.02365	0.28467	0.09880	0.06087	0.02730	0.02786	0.01975	0.01320	0.01087	0.00360	0.01249	0.00984	0.00984	0.01805
26	0.02392	0.02070	0.02669	0.02538	0.10309	0.01685	0.01687	0.02940	0.02555	0.03897	0.08030	0.03243	0.02859	0.01072	0.00968	0.00223	0.00905	0.00914	0.00743	0.48302
27	0.03891	0.02198	0.03401	0.16592	0.16530	0.02189	0.02550	0.04481	0.02912	0.28220	0.03368	0.03477	0.02293	0.01270	0.01163	0.00363	0.01225	0.01103	0.00996	0.01777
28	0.04421	0.03258	0.03490	0.02676	0.03607	0.03607	0.02211	0.47993	0.05468	0.07330	0.02792	0.02792	0.01978	0.01396	0.01163	0.00349	0.01280	0.01047	0.01163	0.01978
29	0.03109	0.59826	0.06095	0.01990	0.02985	0.04602	0.01990	0.03483	0.02363	0.02736	0.01617	0.01866	0.01493	0.00995	0.00746	0.00249	0.01244	0.00622	0.00498	0.01493
30	0.01912	0.01805	0.03406	0.02844	0.03325	0.01689	0.18448	0.02405	0.02420	0.03251	0.04897	0.37767	0.05481	0.02650	0.01443	0.00442	0.01154	0.02585	0.00896	0.01177
31	0.01661	0.01246	0.01869	0.01869	0.02077	0.01454	0.01454	0.02077	0.01869	0.02700	0.03115	0.04569	0.02908	0.08723	0.54517	0.01869	0.03115	0.01246	0.00623	0.01038
32	0.54534	0.02352	0.02009	0.01715	0.02475	0.02659	0.01413	0.09096	0.02519	0.09338	0.02005	0.02169	0.01480	0.01148	0.00811	0.00359	0.00954	0.00725	0.00833	0.01407
33	0.01498	0.01099	0.01406	0.01507	0.01692	0.01006	0.01063	0.01841	0.02678	0.03626	0.23895	0.34017	0.14205	0.03084	0.01429	0.00423	0.00617	0.02752	0.01155	0.01006
34	0.67341	0.02249	0.01709	0.01529	0.02249	0.02609	0.01260	0.03419	0.01979	0.05218	0.01619	0.01889	0.01260	0.01080	0.00720	0.00360	0.00900	0.00630	0.00720	0.01260
35	0.24673	0.02419	0.02605	0.02066	0.02918	0.02520	0.01706	0.16684	0.03494	0.25080	0.03150	0.02980	0.02116	0.01314	0.01025	0.00357	0.01042	0.00965	0.01135	0.01751
36	0.02893	0.02498	0.02630	0.02367	0.03024	0.02893	0.01841	0.06180	0.49770	0.04865	0.04734	0.04339	0.03550	0.01578	0.01183	0.00394	0.00920	0.01315	0.01183	0.01841
37	0.01896	0.01194	0.01488	0.01538	0.01818	0.01064	0.01105	0.02187	0.02582	0.09306	0.11974	0.33826	0.19525	0.03057	0.01404	0.00426	0.00678	0.02692	0.01143	0.01097
38	0.01417	0.01012	0.01350	0.01619	0.01687	0.00945	0.01080	0.01619	0.02227	0.02969	0.06410	0.58367	0.07692	0.03644	0.01484	0.00472	0.00675	0.03306	0.01080	0.00945
39	0.01681	0.01170	0.01484	0.01484	0.01558	0.01244	0.00973	0.01829	0.01755	0.02414	0.03468	0.06521	0.03755	0.41072	0.23327	0.01393	0.01840	0.01532	0.00675	0.00824
40	0.02050	0.01191	0.01605	0.01735	0.01949	0.01098	0.01246	0.02320	0.02438	0.10781	0.06104	0.45981	0.06854	0.03262	0.01446	0.00460	0.00758	0.06468	0.01135	0.01117
41	0.01485	0.01077	0.01417	0.01663	0.01790	0.01009	0.01187	0.01747	0.02334	0.03064	0.06832	0.47247	0.11287	0.03516	0.01494	0.00475	0.00729	0.09600	0.01078	0.00968
42	0.03895	0.02996	0.03194	0.02569	0.03406	0.03361	0.02083	0.33587	0.20732	0.06481	0.03461	0.03325	0.02520	0.01459	0.01170	0.00365	0.01156	0.01139	0.01170	0.01931
43	0.67341	0.02249	0.01709	0.01529	0.02249	0.02609	0.01260	0.03419	0.01979	0.05218	0.01619	0.01889	0.01260	0.01080	0.00720	0.00360	0.00900	0.00630	0.00720	0.01260
44	0.02344	0.02154	0.03786	0.34724	0.10551	0.02425	0.10306	0.03110	0.02442	0.03385	0.02396	0.03280	0.01836	0.01151	0.01142	0.00366	0.01446	0.01098	0.10702	0.01355
45	0.03054	0.02047	0.02478	0.01802	0.02805	0.01587	0.01454	0.03556	0.02622	0.14984	0.02645	0.02766	0.01987	0.00994	0.00932	0.00215	0.00891	0.00799	0.00861	0.51522
46	0.02412	0.02067	0.02412	0.01723	0.02756	0.01550	0.01378	0.02929	0.02412	0.03790	0.02067	0.02412	0.01723	0.00861	0.00861	0.00172	0.00861	0.00689	0.00689	0.66236
47	0.04128	0.03039	0.03286	0.02548	0.03409	0.03341	0.02093	0.43151	0.05238	0.07048	0.07916	0.03416	0.02929	0.01500	0.01185	0.00351	0.01203	0.01159	0.01176	0.01885
48	0.18394	0.02102	0.02476	0.01989	0.02820	0.02050	0.01628	0.05244	0.08761	0.36499	0.03963	0.03557	0.02611	0.01379	0.01074	0.00364	0.00962	0.01071	0.01252	0.01806

[dist]
# distance from previous block
# <min> <max>
0	2

[block]
# block no. 8 follows, 10 sequences, length 10
# corresponding to MSA columns:
# 524-533
name=unknown_I
#
# <colnr> <probs for GDERKNQSTAVLIFYWHMCP>
#	G	D	E	R	K	N	Q	S	T	A	V	L	I	F	Y	W	H	M	C	P
0	0.03006	0.02475	0.03369	0.02720	0.03440	0.02612	0.09961	0.18073	0.12811	0.05261	0.12671	0.05469	0.04497	0.01754	0.01295	0.00390	0.01168	0.06345	0.01077	0.01607
1	0.02704	0.27417	0.28942	0.02682	0.04000	0.03489	0.03114	0.03857	0.07246	0.03421	0.02167	0.02409	0.01693	0.01109	0.00968	0.00323	0.01445	0.00810	0.00564	0.01640
2	0.02196	0.02067	0.03488	0.56331	0.08010	0.02584	0.03230	0.02972	0.02326	0.02972	0.02067	0.03101	0.01550	0.01163	0.01163	0.00388	0.01550	0.01034	0.00517	0.01292
3	0.01636	0.01168	0.01601	0.01869	0.02033	0.01133	0.01460	0.01998	0.02442	0.03214	0.06290	0.36713	0.07214	0.03438	0.01543	0.00503	0.00864	0.22802	0.01075	0.01005
4	0.02419	0.02294	0.03890	0.40310	0.22295	0.02642	0.03341	0.03166	0.02431	0.03241	0.02106	0.03028	0.01645	0.01122	0.01159	0.00374	0.01495	0.01034	0.00536	0.01471
5	0.01628	0.01305	0.01472	0.01439	0.01790	0.01217	0.01073	0.02312	0.07763	0.03812	0.23662	0.14062	0.28850	0.02679	0.01364	0.00391	0.00618	0.02298	0.01157	0.01107
6	0.03965	0.25829	0.04338	0.02477	0.03299	0.23797	0.02090	0.09546	0.03203	0.08345	0.02128	0.02279	0.01693	0.01168	0.00958	0.00292	0.01558	0.00778	0.00713	0.01543
7	0.01892	0.01274	0.01475	0.01443	0.01522	0.01321	0.00894	0.02205	0.07481	0.02532	0.03518	0.06531	0.03776	0.42912	0.05116	0.11958	0.01083	0.01531	0.00729	0.00809
8	0.02824	0.15309	0.04076	0.33909	0.06043	0.03233	0.02757	0.11625	0.02930	0.03745	0.02103	0.02764	0.01618	0.01169	0.01069	0.00349	0.01430	0.00943	0.00635	0.01467
9	0.17020	0.09522	0.08612	0.02246	0.03218	0.02833	0.02065	0.15852	0.03410	0.20019	0.02898	0.02827	0.02000	0.01267	0.01021	0.00345	0.01157	0.00931	0.01008	0.01748

[dist]
# distance from previous block
# <min> <max>
1	10

[block]
# block no. 9 follows, 10 sequences, length 24
# corresponding to MSA columns:
# 544-567
name=unknown_J
#
# <colnr> <probs for GDERKNQSTAVLIFYWHMCP>
#	G	D	E	R	K	N	Q	S	T	A	V	L	I	F	Y	W	H	M	C	P
0	0.02232	0.02085	0.07301	0.02510	0.10150	0.01578	0.01808	0.02760	0.02747	0.08625	0.11886	0.07156	0.24500	0.02046	0.01242	0.00356	0.00891	0.01733	0.00963	0.07433
1	0.02580	0.10817	0.17995	0.02423	0.03328	0.02368	0.02522	0.03628	0.07766	0.08328	0.08578	0.06134	0.04155	0.01852	0.01229	0.00398	0.01213	0.12307	0.00887	0.01494
2	0.20301	0.21643	0.03887	0.02153	0.03050	0.03676	0.01891	0.21765	0.03540	0.05268	0.02101	0.02253	0.01632	0.01182	0.00911	0.00319	0.01169	0.00799	0.00829	0.01632
3	0.03154	0.07883	0.03215	0.19842	0.04568	0.02242	0.02138	0.03724	0.02621	0.16354	0.02689	0.02993	0.01949	0.01127	0.01031	0.00301	0.01161	0.00923	0.00812	0.21274
4	0.03291	0.09951	0.03947	0.27303	0.05608	0.02628	0.07147	0.03934	0.02677	0.18064	0.02799	0.03197	0.01967	0.01205	0.01130	0.00361	0.01381	0.01054	0.00801	0.01555
5	0.01411	0.01035	0.01326	0.01560	0.01671	0.00950	0.01053	0.01626	0.02284	0.02992	0.07136	0.51995	0.13596	0.03549	0.01470	0.00462	0.00663	0.03191	0.01080	0.00950
6	0.09860	0.03648	0.22976	0.18652	0.05217	0.02463	0.03148	0.03830	0.02536	0.13189	0.02518	0.02880	0.01747	0.01185	0.01093	0.00371	0.01438	0.00947	0.00708	0.01593
7	0.04116	0.02553	0.08390	0.15140	0.04447	0.02199	0.02395	0.08718	0.03194	0.31415	0.03555	0.03485	0.02329	0.01334	0.01160	0.00366	0.01228	0.01093	0.01093	0.01788
8	0.01780	0.01260	0.01543	0.01556	0.01808	0.01240	0.01133	0.02514	0.07804	0.04125	0.26231	0.22768	0.08104	0.02540	0.01311	0.00388	0.00626	0.02248	0.09894	0.01128
9	0.01528	0.01098	0.01449	0.01544	0.01711	0.01019	0.01088	0.01898	0.02742	0.03789	0.28107	0.34332	0.09280	0.03031	0.01430	0.00421	0.00614	0.02724	0.01177	0.01019
10	0.02962	0.27907	0.28232	0.02633	0.03964	0.03384	0.03064	0.03811	0.02510	0.08510	0.02159	0.02371	0.01631	0.01095	0.00963	0.00318	0.01444	0.00794	0.00595	0.01653
11	0.38816	0.02050	0.02173	0.17983	0.03892	0.02382	0.01802	0.03048	0.02174	0.04261	0.03127	0.03511	0.08119	0.01357	0.00942	0.00373	0.01054	0.00998	0.00707	0.01232
12	0.01417	0.01012	0.01350	0.01619	0.01687	0.00945	0.01080	0.01619	0.02227	0.02969	0.06410	0.58367	0.07692	0.03644	0.01484	0.00472	0.00675	0.03306	0.01080	0.00945
13	0.01417	0.01012	0.01350	0.01619	0.01687	0.00945	0.01080	0.01619	0.02227	0.02969	0.06410	0.58367	0.07692	0.03644	0.01484	0.00472	0.00675	0.03306	0.01080	0.00945
14	0.02333	0.06016	0.53100	0.03315	0.05034	0.02701	0.04297	0.03683	0.02455	0.03683	0.02087	0.02455	0.01473	0.01105	0.01105	0.00368	0.01719	0.00859	0.00491	0.01719
15	0.02412	0.02067	0.02412	0.01723	0.02756	0.01550	0.01378	0.02929	0.02412	0.03790	0.02067	0.02412	0.01723	0.00861	0.00861	0.00172	0.00861	0.00689	0.00689	0.66236
