[name]
unknown

[dist]
# distance from previous block
# <min> <max>
10	361

[block]
# block no. 0 follows, 14 sequences, length 50
# corresponding to MSA columns:
# 407-456
name=unknown_A
#
# <colnr> <probs for GDERKNQSTAVLIFYWHMCP>
#	G	D	E	R	K	N	Q	S	T	A	V	L	I	F	Y	W	H	M	C	P
0	0.63239	0.01966	0.01635	0.04887	0.02308	0.02248	0.01219	0.02969	0.01786	0.04417	0.01474	0.01756	0.01149	0.00946	0.00665	0.00310	0.00826	0.00580	0.00623	0.04997
1	0.02553	0.02204	0.02320	0.02088	0.02669	0.02553	0.01624	0.05453	0.55679	0.04293	0.04177	0.03829	0.03133	0.01392	0.01044	0.00348	0.00812	0.01160	0.01044	0.01624
2	0.01475	0.01040	0.01307	0.01240	0.01490	0.00959	0.00930	0.01940	0.02790	0.03979	0.48287	0.07497	0.12924	0.02057	0.01166	0.00317	0.00487	0.01799	0.07360	0.00959
3	0.01395	0.01003	0.01328	0.01385	0.01561	0.00936	0.01013	0.01769	0.02529	0.03503	0.34829	0.27821	0.08368	0.02552	0.01261	0.00367	0.00558	0.05850	0.01053	0.00918
4	0.04604	0.01746	0.02382	0.01826	0.02620	0.01508	0.01508	0.05001	0.02937	0.58244	0.04049	0.03493	0.02540	0.01270	0.01032	0.00318	0.00873	0.01032	0.01270	0.01746
5	0.01452	0.01049	0.01372	0.01291	0.01533	0.00968	0.00968	0.01937	0.02905	0.04115	0.56992	0.07666	0.09683	0.02098	0.01210	0.00323	0.00484	0.01856	0.01130	0.00968
6	0.04604	0.01746	0.02382	0.01826	0.02620	0.01508	0.01508	0.05001	0.02937	0.58244	0.04049	0.03493	0.02540	0.01270	0.01032	0.00318	0.00873	0.01032	0.01270	0.01746
7	0.71184	0.01985	0.01508	0.01350	0.01985	0.02302	0.01111	0.03017	0.01746	0.04604	0.01429	0.01667	0.01111	0.00953	0.00635	0.00318	0.00794	0.00556	0.00635	0.01111
8	0.02338	0.11094	0.40038	0.02642	0.03827	0.11207	0.03080	0.03218	0.02255	0.03000	0.02058	0.06857	0.01736	0.01153	0.00961	0.00312	0.01452	0.00891	0.00489	0.01392
9	0.02911	0.55509	0.05025	0.01864	0.02715	0.07523	0.01787	0.07488	0.02371	0.02766	0.01525	0.01729	0.01354	0.00920	0.00707	0.00230	0.01148	0.00588	0.00495	0.01345
10	0.01466	0.01100	0.01649	0.01649	0.01833	0.01283	0.01283	0.01833	0.01649	0.02382	0.02749	0.04032	0.02566	0.07697	0.59868	0.01649	0.02749	0.01100	0.00550	0.00916
11	0.01750	0.00989	0.01103	0.01075	0.01315	0.00961	0.00806	0.02231	0.02418	0.03928	0.22282	0.05181	0.05120	0.01514	0.00891	0.00269	0.00480	0.01274	0.45453	0.00961
12	0.01272	0.01030	0.01130	0.01130	0.01429	0.00888	0.00838	0.01578	0.02441	0.03075	0.20945	0.13728	0.41862	0.02532	0.01220	0.00347	0.00518	0.02155	0.00994	0.00888
13	0.01596	0.01016	0.01199	0.01153	0.01402	0.00956	0.00865	0.02061	0.02595	0.03908	0.34402	0.06484	0.10915	0.01819	0.01037	0.00295	0.00485	0.01563	0.25295	0.00956
14	0.14153	0.01781	0.02256	0.01758	0.02529	0.01622	0.01451	0.04717	0.02766	0.50551	0.03673	0.03231	0.02335	0.01225	0.00975	0.00318	0.00862	0.00964	0.01179	0.01655
15	0.27369	0.02003	0.02189	0.01745	0.02488	0.02040	0.01440	0.11912	0.02820	0.31811	0.02904	0.02707	0.01926	0.01155	0.00895	0.00316	0.00886	0.00852	0.01014	0.01528
16	0.03337	0.24494	0.03724	0.02037	0.02833	0.03318	0.01785	0.32039	0.03648	0.04830	0.02167	0.02282	0.01663	0.01104	0.00872	0.00271	0.01067	0.00794	0.06201	0.01532
17	0.02551	0.02238	0.02585	0.02692	0.10537	0.02536	0.01843	0.05123	0.48029	0.04158	0.03855	0.03644	0.02916	0.01324	0.01040	0.00342	0.00871	0.01125	0.00967	0.01624
18	0.01938	0.01824	0.03078	0.61468	0.07068	0.02280	0.02850	0.02622	0.02052	0.02622	0.01824	0.02736	0.01368	0.01026	0.01026	0.00342	0.01368	0.00912	0.00456	0.01140
19	0.01559	0.01114	0.01545	0.01782	0.01977	0.01100	0.01489	0.01963	0.02269	0.02965	0.05486	0.23701	0.06113	0.02924	0.01392	0.00459	0.00863	0.39435	0.00947	0.00919
20	0.03901	0.02874	0.03080	0.02361	0.03182	0.03182	0.01951	0.54111	0.04825	0.06468	0.02464	0.02464	0.01745	0.01232	0.01027	0.00308	0.01129	0.00924	0.01027	0.01745
21	0.02667	0.02262	0.02385	0.02112	0.02712	0.02606	0.01652	0.09601	0.51344	0.04478	0.04031	0.03712	0.03014	0.01379	0.01043	0.00345	0.00839	0.01140	0.01043	0.01635
22	0.71184	0.01985	0.01508	0.01350	0.01985	0.02302	0.01111	0.03017	0.01746	0.04604	0.01429	0.01667	0.01111	0.00953	0.00635	0.00318	0.00794	0.00556	0.00635	0.01111
23	0.01474	0.01066	0.01479	0.01479	0.01604	0.01190	0.01071	0.01723	0.01599	0.02256	0.02904	0.04892	0.02939	0.25726	0.42350	0.01439	0.02186	0.01225	0.00573	0.00822
24	0.03891	0.03166	0.03055	0.02402	0.03181	0.11383	0.01955	0.46869	0.04547	0.05895	0.02337	0.02375	0.01684	0.01207	0.01012	0.00302	0.01234	0.00886	0.00954	0.01665
25	0.01230	0.01040	0.01063	0.01057	0.01396	0.00874	0.00793	0.01505	0.02379	0.02867	0.13685	0.09720	0.53769	0.02564	0.01213	0.00345	0.00517	0.02144	0.00965	0.00874
26	0.01280	0.00914	0.01225	0.01463	0.01536	0.00859	0.01005	0.01481	0.01994	0.02653	0.05640	0.59434	0.06722	0.03187	0.01318	0.00421	0.00621	0.06453	0.00952	0.00842
27	0.02675	0.02266	0.02390	0.02113	0.02715	0.02610	0.01654	0.09889	0.51044	0.04491	0.04021	0.03704	0.03006	0.01378	0.01043	0.00344	0.00841	0.01139	0.01043	0.01635
28	0.01938	0.01824	0.03078	0.61468	0.07068	0.02280	0.02850	0.02622	0.02052	0.02622	0.01824	0.02736	0.01368	0.01026	0.01026	0.00342	0.01368	0.00912	0.00456	0.01140
29	0.02749	0.41028	0.11139	0.02570	0.07785	0.10037	0.05992	0.03233	0.02236	0.02666	0.01584	0.01889	0.01360	0.00912	0.00797	0.00253	0.01289	0.00666	0.00460	0.01356
30	0.02627	0.01753	0.02754	0.02538	0.08362	0.01739	0.09030	0.06987	0.02478	0.15875	0.07828	0.04008	0.03001	0.08309	0.17181	0.00734	0.01529	0.01169	0.00803	0.01293
31	0.03124	0.03018	0.11296	0.02892	0.10319	0.02815	0.02301	0.28159	0.16394	0.05058	0.02716	0.02759	0.01999	0.01191	0.01022	0.00320	0.01122	0.00955	0.00875	0.01666
32	0.02256	0.02035	0.03360	0.04885	0.39770	0.02035	0.02670	0.02821	0.02345	0.03262	0.03053	0.05437	0.02998	0.01530	0.01145	0.00359	0.01131	0.16851	0.00648	0.01407
33	0.01322	0.01041	0.01203	0.01239	0.01516	0.00922	0.00943	0.01649	0.02428	0.03096	0.19941	0.15699	0.34619	0.02582	0.01247	0.00364	0.00569	0.07732	0.00992	0.00895
34	0.01783	0.19186	0.06407	0.01588	0.01996	0.01864	0.01361	0.02100	0.02028	0.02705	0.04004	0.36686	0.04515	0.02232	0.01054	0.00340	0.00793	0.01936	0.06394	0.01028
35	0.02450	0.02754	0.08900	0.12293	0.18276	0.02534	0.27525	0.06289	0.02480	0.03407	0.02013	0.02644	0.01541	0.00930	0.01109	0.00331	0.01502	0.01046	0.00533	0.01443
36	0.01393	0.00995	0.01354	0.01592	0.01714	0.00956	0.01200	0.01675	0.02105	0.02779	0.05578	0.45021	0.06476	0.03081	0.01348	0.00436	0.00719	0.19757	0.00950	0.00873
37	0.11426	0.02897	0.02784	0.02240	0.02978	0.08923	0.01816	0.36739	0.10846	0.05559	0.02475	0.02485	0.01808	0.01202	0.00973	0.00310	0.01125	0.00885	0.00932	0.01599
38	0.08452	0.19072	0.07065	0.01824	0.02709	0.06968	0.01653	0.07135	0.02369	0.03388	0.01720	0.01969	0.01419	0.00885	0.00772	0.00218	0.01022	0.00628	0.00581	0.30152
39	0.02490	0.02682	0.08502	0.05463	0.42901	0.02461	0.08877	0.03362	0.06701	0.03414	0.02124	0.02642	0.01716	0.00953	0.01037	0.00315	0.01268	0.00956	0.00547	0.01589
40	0.02068	0.01480	0.01665	0.01525	0.01892	0.01560	0.01167	0.08757	0.14621	0.04220	0.21707	0.10382	0.05395	0.01732	0.01046	0.00316	0.00640	0.01480	0.17162	0.01188
41	0.01517	0.01108	0.01520	0.08243	0.02185	0.01107	0.01223	0.01955	0.02489	0.03493	0.30327	0.19544	0.07188	0.02220	0.01192	0.00353	0.00652	0.06359	0.06370	0.00955
42	0.01529	0.01272	0.01868	0.01737	0.02093	0.01175	0.07157	0.01959	0.02443	0.03170	0.16722	0.12313	0.23550	0.02409	0.01278	0.00383	0.00781	0.16259	0.00935	0.00966
43	0.03777	0.01625	0.02153	0.01749	0.02396	0.01467	0.01405	0.04360	0.06982	0.42741	0.10269	0.09446	0.03792	0.01552	0.01079	0.00330	0.00799	0.01308	0.01207	0.01565
44	0.11608	0.02773	0.02900	0.02245	0.03045	0.03082	0.01854	0.48259	0.04472	0.06254	0.02345	0.02373	0.01673	0.01200	0.00982	0.00309	0.01091	0.00882	0.00982	0.01673
45	0.04073	0.01762	0.02438	0.08630	0.03112	0.01584	0.01635	0.04508	0.02762	0.46869	0.03591	0.03282	0.02313	0.01196	0.01007	0.00305	0.00920	0.00980	0.01117	0.07918
46	0.71184	0.01985	0.01508	0.01350	0.01985	0.02302	0.01111	0.03017	0.01746	0.04604	0.01429	0.01667	0.01111	0.00953	0.00635	0.00318	0.00794	0.00556	0.00635	0.01111
47	0.01615	0.01172	0.01579	0.08372	0.02245	0.01224	0.01332	0.01901	0.01940	0.02539	0.04043	0.08405	0.04420	0.29763	0.03063	0.00690	0.01016	0.23110	0.00745	0.00824
48	0.02361	0.02547	0.10584	0.03300	0.04157	0.02100	0.29657	0.03118	0.02421	0.07910	0.03116	0.05119	0.02776	0.01440	0.01224	0.00375	0.01422	0.14374	0.00687	0.01313
49	0.12230	0.01774	0.02281	0.01771	0.02547	0.01599	0.01463	0.04774	0.02801	0.52100	0.03749	0.03284	0.02377	0.01234	0.00987	0.00318	0.00864	0.00977	0.01197	0.01674

[dist]
# distance from previous block
# <min> <max>
0	2

[block]
# block no. 1 follows, 14 sequences, length 89
# corresponding to MSA columns:
# 459-547
name=unknown_B
#
# <colnr> <probs for GDERKNQSTAVLIFYWHMCP>
#	G	D	E	R	K	N	Q	S	T	A	V	L	I	F	Y	W	H	M	C	P
0	0.02667	0.55021	0.05036	0.01899	0.02643	0.03920	0.01831	0.02981	0.02007	0.02423	0.01415	0.01738	0.01322	0.01018	0.01073	0.00255	0.10423	0.00602	0.00441	0.01287
1	0.03072	0.01695	0.02615	0.18609	0.03846	0.01693	0.05140	0.03596	0.02619	0.27805	0.11476	0.04325	0.03430	0.01390	0.01091	0.00336	0.01011	0.03907	0.00955	0.01390
2	0.02329	0.06047	0.10267	0.12579	0.18507	0.02205	0.10612	0.03008	0.02412	0.06955	0.11746	0.03477	0.03000	0.01161	0.01058	0.00318	0.01199	0.01095	0.00649	0.01374
3	0.02860	0.01923	0.02385	0.11063	0.03247	0.02126	0.01749	0.04550	0.29041	0.17238	0.03644	0.03598	0.02660	0.01930	0.06858	0.00468	0.01104	0.01084	0.00961	0.01510
4	0.01250	0.00893	0.01191	0.01429	0.01488	0.00834	0.00953	0.01429	0.01965	0.02620	0.05656	0.63265	0.06787	0.03215	0.01310	0.00417	0.00595	0.02917	0.00953	0.00834
5	0.02695	0.02227	0.03335	0.03650	0.19247	0.02680	0.02406	0.03062	0.02012	0.11268	0.01937	0.02525	0.01614	0.01449	0.02300	0.00385	0.34322	0.00923	0.00592	0.01370
6	0.13041	0.02369	0.03759	0.05542	0.49036	0.02417	0.02838	0.03129	0.02246	0.03544	0.01854	0.02406	0.01547	0.00920	0.00958	0.00307	0.01154	0.00859	0.00527	0.01547
7	0.01768	0.01379	0.01659	0.01644	0.01950	0.01440	0.01264	0.02901	0.18124	0.03722	0.23774	0.17697	0.06627	0.02217	0.01213	0.00371	0.00673	0.09404	0.01042	0.01132
8	0.01281	0.00917	0.01218	0.01408	0.01495	0.00854	0.00955	0.01507	0.02109	0.02848	0.13509	0.54760	0.07230	0.03044	0.01295	0.00402	0.00578	0.02755	0.00980	0.00854
9	0.02331	0.02247	0.03899	0.03955	0.19745	0.02449	0.16131	0.02883	0.02120	0.03163	0.02025	0.02716	0.01684	0.01188	0.01673	0.00346	0.18061	0.00996	0.11069	0.01319
10	0.18315	0.02008	0.02567	0.02097	0.02712	0.02132	0.05678	0.09739	0.02626	0.22211	0.02964	0.03750	0.02320	0.01421	0.01293	0.00354	0.08498	0.07010	0.00901	0.01403
11	0.01986	0.01917	0.03373	0.55815	0.06899	0.02311	0.07892	0.02688	0.02089	0.02688	0.01849	0.02739	0.01387	0.01010	0.01044	0.00342	0.01404	0.00942	0.00462	0.01164
12	0.02339	0.02205	0.02311	0.11069	0.02934	0.12986	0.01751	0.02729	0.02081	0.02904	0.02180	0.02863	0.01828	0.01818	0.06168	0.00428	0.18076	0.00889	0.21369	0.01072
13	0.01664	0.05485	0.01948	0.01945	0.08277	0.01403	0.01287	0.02212	0.05569	0.03498	0.29124	0.15265	0.14250	0.02080	0.01157	0.00333	0.00653	0.01825	0.00952	0.01071
14	0.02305	0.02066	0.03211	0.07756	0.11782	0.02172	0.11640	0.06452	0.15370	0.03617	0.03512	0.05455	0.03172	0.01590	0.01174	0.00373	0.01144	0.15060	0.00790	0.01358
15	0.01630	0.01304	0.02034	0.02361	0.10353	0.01460	0.01568	0.02034	0.01754	0.02531	0.02624	0.03803	0.02422	0.06659	0.50865	0.01444	0.02515	0.01071	0.00543	0.01025
16	0.12982	0.03187	0.17521	0.03396	0.04470	0.02437	0.30941	0.03336	0.02288	0.06664	0.02036	0.02500	0.01485	0.00928	0.01057	0.00335	0.01487	0.00994	0.00560	0.01395
17	0.01680	0.01217	0.01538	0.01452	0.01452	0.01388	0.00972	0.01654	0.01484	0.02049	0.02653	0.05315	0.02979	0.42879	0.04685	0.11469	0.12595	0.01287	0.00562	0.00690
18	0.03307	0.17780	0.04202	0.02752	0.03528	0.23962	0.14096	0.08678	0.02795	0.06776	0.01916	0.02189	0.01499	0.01002	0.00948	0.00281	0.01512	0.00815	0.00604	0.01357
19	0.02752	0.03124	0.03518	0.02928	0.03247	0.20177	0.10053	0.03087	0.02105	0.02607	0.01531	0.02206	0.01372	0.01431	0.02300	0.00378	0.34643	0.00874	0.00484	0.01183
20	0.16500	0.15564	0.03352	0.18872	0.10338	0.10015	0.02135	0.06499	0.02325	0.03308	0.01686	0.02138	0.01356	0.00985	0.00856	0.00295	0.01223	0.00733	0.00542	0.01276
21	0.02323	0.02217	0.03774	0.26146	0.39379	0.02381	0.03042	0.02960	0.02234	0.03090	0.01892	0.02610	0.01533	0.00955	0.01020	0.00318	0.01273	0.00914	0.00489	0.01451
22	0.02270	0.02767	0.17520	0.01922	0.02991	0.01653	0.01936	0.02922	0.02191	0.06880	0.01973	0.02227	0.01526	0.00852	0.00836	0.00210	0.00973	0.00676	0.00603	0.47070
23	0.02023	0.01241	0.01651	0.01723	0.02065	0.01173	0.01470	0.02445	0.02446	0.11456	0.06140	0.10025	0.14870	0.02552	0.01321	0.00425	0.00855	0.34070	0.00996	0.01053
24	0.28351	0.02848	0.10955	0.02042	0.02900	0.02631	0.01896	0.24456	0.03169	0.08589	0.02090	0.02192	0.01495	0.01093	0.00875	0.00315	0.01049	0.00770	0.00808	0.01478
25	0.01751	0.01095	0.01239	0.01231	0.01477	0.01099	0.00910	0.02425	0.07621	0.03765	0.18188	0.13950	0.05210	0.01766	0.00973	0.00300	0.00531	0.01518	0.33944	0.01007
26	0.09235	0.01657	0.01918	0.01590	0.02106	0.01623	0.01244	0.12232	0.02780	0.08356	0.18738	0.04077	0.04108	0.01742	0.01453	0.10969	0.00779	0.01116	0.00875	0.13402
27	0.14665	0.01981	0.02371	0.01847	0.02622	0.01924	0.01525	0.13344	0.03087	0.40922	0.03369	0.03032	0.02182	0.01215	0.00970	0.00316	0.00906	0.00940	0.01130	0.01649
28	0.02337	0.01325	0.01626	0.01493	0.01820	0.01300	0.01120	0.02930	0.08385	0.15135	0.12720	0.06207	0.04570	0.20533	0.02351	0.00539	0.00816	0.07349	0.06338	0.01104
29	0.14789	0.01783	0.02248	0.01753	0.02523	0.01630	0.01448	0.04698	0.02755	0.50039	0.03648	0.03214	0.02322	0.01222	0.00971	0.00318	0.00861	0.00959	0.01173	0.01649
30	0.02348	0.02624	0.05600	0.13067	0.05624	0.02547	0.46011	0.03185	0.02366	0.03185	0.02038	0.02763	0.01528	0.00890	0.01183	0.00345	0.01675	0.01165	0.00509	0.01347
31	0.01471	0.01114	0.01524	0.01693	0.01800	0.01167	0.01292	0.01742	0.02046	0.02741	0.05163	0.41615	0.05983	0.02960	0.01546	0.00437	0.06782	0.17128	0.00900	0.00896
32	0.01250	0.00893	0.01191	0.01429	0.01488	0.00834	0.00953	0.01429	0.01965	0.02620	0.05656	0.63265	0.06787	0.03215	0.01310	0.00417	0.00595	0.02917	0.00953	0.00834
33	0.09169	0.02805	0.02957	0.02282	0.03089	0.03113	0.01885	0.50111	0.04584	0.06322	0.02383	0.02401	0.01696	0.01210	0.00996	0.00309	0.01103	0.00895	0.00996	0.01696
34	0.03833	0.04891	0.02908	0.02644	0.03173	0.59815	0.01983	0.04098	0.02908	0.02512	0.01586	0.01851	0.01322	0.01058	0.00925	0.00264	0.01851	0.00661	0.00529	0.01190
35	0.02553	0.02204	0.02320	0.02088	0.02669	0.02553	0.01624	0.05453	0.55679	0.04293	0.04177	0.03829	0.03133	0.01392	0.01044	0.00348	0.00812	0.01160	0.01044	0.01624
36	0.01250	0.00893	0.01191	0.01429	0.01488	0.00834	0.00953	0.01429	0.01965	0.02620	0.05656	0.63265	0.06787	0.03215	0.01310	0.00417	0.00595	0.02917	0.00953	0.00834
37	0.01466	0.01100	0.01649	0.01649	0.01833	0.01283	0.01283	0.01833	0.01649	0.02382	0.02749	0.04032	0.02566	0.07697	0.59868	0.01649	0.02749	0.01100	0.00550	0.00916
38	0.01719	0.01281	0.01791	0.01736	0.01986	0.01464	0.01374	0.07024	0.02011	0.02832	0.02899	0.04379	0.02707	0.06733	0.50152	0.01438	0.02468	0.04382	0.00623	0.01000
39	0.02382	0.02351	0.03648	0.28184	0.33771	0.06097	0.02954	0.02999	0.02260	0.03005	0.01865	0.02574	0.01503	0.00968	0.01014	0.00317	0.01320	0.00897	0.00488	0.01403
40	0.01938	0.01824	0.03078	0.61468	0.07068	0.02280	0.02850	0.02622	0.02052	0.02622	0.01824	0.02736	0.01368	0.01026	0.01026	0.00342	0.01368	0.00912	0.00456	0.01140
41	0.01492	0.00995	0.01119	0.01119	0.01119	0.00995	0.00622	0.01492	0.01492	0.01990	0.03233	0.06716	0.03731	0.63935	0.05223	0.00995	0.00995	0.01492	0.00622	0.00622
42	0.01492	0.00995	0.01119	0.01119	0.01119	0.00995	0.00622	0.01492	0.01492	0.01990	0.03233	0.06716	0.03731	0.63935	0.05223	0.00995	0.00995	0.01492	0.00622	0.00622
43	0.02128	0.01824	0.02128	0.01520	0.02432	0.01368	0.01216	0.02584	0.02128	0.03344	0.01824	0.02128	0.01520	0.00760	0.00760	0.00152	0.00760	0.00608	0.00608	0.70208
44	0.01436	0.01044	0.01462	0.01501	0.01625	0.01148	0.01089	0.01695	0.01668	0.02338	0.03327	0.14301	0.03503	0.18843	0.38732	0.01309	0.02026	0.01480	0.00631	0.00841
45	0.01466	0.01100	0.01649	0.01649	0.01833	0.01283	0.01283	0.01833	0.01649	0.02382	0.02749	0.04032	0.02566	0.07697	0.59868	0.01649	0.02749	0.01100	0.00550	0.00916
46	0.02932	0.02120	0.02332	0.02040	0.02659	0.02359	0.01603	0.05369	0.45917	0.14279	0.04153	0.03767	0.03023	0.01370	0.01042	0.00342	0.00823	0.01136	0.01086	0.01647
47	0.01492	0.00995	0.01119	0.01119	0.01119	0.00995	0.00622	0.01492	0.01492	0.01990	0.03233	0.06716	0.03731	0.63935	0.05223	0.00995	0.00995	0.01492	0.00622	0.00622
48	0.03833	0.04891	0.02908	0.02644	0.03173	0.59815	0.01983	0.04098	0.02908	0.02512	0.01586	0.01851	0.01322	0.01058	0.00925	0.00264	0.01851	0.00661	0.00529	0.01190
49	0.01231	0.00967	0.01114	0.01232	0.01437	0.00850	0.00865	0.01451	0.02154	0.02697	0.08051	0.36284	0.32222	0.02904	0.01261	0.00381	0.00557	0.02538	0.00953	0.00850
50	0.01713	0.00997	0.01137	0.01102	0.01342	0.00962	0.00826	0.02194	0.02479	0.03951	0.26629	0.05492	0.05691	0.01587	0.00931	0.00275	0.00481	0.01347	0.39902	0.00962
51	0.04338	0.01668	0.02241	0.01740	0.02479	0.01454	0.01430	0.04743	0.02860	0.52860	0.03979	0.03526	0.02549	0.01263	0.01001	0.00310	0.00834	0.01025	0.08034	0.01668
52	0.71184	0.01985	0.01508	0.01350	0.01985	0.02302	0.01111	0.03017	0.01746	0.04604	0.01429	0.01667	0.01111	0.00953	0.00635	0.00318	0.00794	0.00556	0.00635	0.01111
53	0.01250	0.00893	0.01191	0.01429	0.01488	0.00834	0.00953	0.01429	0.01965	0.02620	0.05656	0.63265	0.06787	0.03215	0.01310	0.00417	0.00595	0.02917	0.00953	0.00834
54	0.02744	0.64552	0.05378	0.01756	0.02634	0.04061	0.01756	0.03073	0.02085	0.02414	0.01427	0.01646	0.01317	0.00878	0.00658	0.00219	0.01097	0.00549	0.00439	0.01317
55	0.02793	0.12021	0.34776	0.02708	0.06942	0.02394	0.02934	0.03645	0.02353	0.16465	0.02327	0.02442	0.01622	0.01030	0.00950	0.00308	0.01288	0.00807	0.00641	0.01553
56	0.02366	0.04117	0.35131	0.03376	0.04665	0.02404	0.22397	0.03381	0.02314	0.06953	0.02078	0.02481	0.01480	0.00954	0.01067	0.00332	0.01554	0.00946	0.00522	0.01482
57	0.71184	0.01985	0.01508	0.01350	0.01985	0.02302	0.01111	0.03017	0.01746	0.04604	0.01429	0.01667	0.01111	0.00953	0.00635	0.00318	0.00794	0.00556	0.00635	0.01111
58	0.02168	0.02040	0.03438	0.33365	0.28711	0.02261	0.02854	0.02806	0.02233	0.03041	0.05571	0.02981	0.02038	0.01049	0.01034	0.00324	0.01244	0.00976	0.00524	0.01340
59	0.71184	0.01985	0.01508	0.01350	0.01985	0.02302	0.01111	0.03017	0.01746	0.04604	0.01429	0.01667	0.01111	0.00953	0.00635	0.00318	0.00794	0.00556	0.00635	0.01111
60	0.04604	0.01746	0.02382	0.01826	0.02620	0.01508	0.01508	0.05001	0.02937	0.58244	0.04049	0.03493	0.02540	0.01270	0.01032	0.00318	0.00873	0.01032	0.01270	0.01746
61	0.01452	0.01049	0.01372	0.01291	0.01533	0.00968	0.00968	0.01937	0.02905	0.04115	0.56992	0.07666	0.09683	0.02098	0.01210	0.00323	0.00484	0.01856	0.01130	0.00968
62	0.01474	0.01068	0.01489	0.01489	0.01617	0.01196	0.01083	0.01730	0.01602	0.02264	0.02895	0.04842	0.02918	0.24683	0.43363	0.01452	0.02219	0.01218	0.00572	0.00827
63	0.03149	0.02968	0.02546	0.02245	0.02845	0.18344	0.01741	0.08858	0.33588	0.07590	0.03319	0.03153	0.02484	0.01279	0.01009	0.00320	0.01128	0.00995	0.00916	0.01522
64	0.01466	0.01100	0.01649	0.01649	0.01833	0.01283	0.01283	0.01833	0.01649	0.02382	0.02749	0.04032	0.02566	0.07697	0.59868	0.01649	0.02749	0.01100	0.00550	0.00916
65	0.02744	0.64552	0.05378	0.01756	0.02634	0.04061	0.01756	0.03073	0.02085	0.02414	0.01427	0.01646	0.01317	0.00878	0.00658	0.00219	0.01097	0.00549	0.00439	0.01317
66	0.04604	0.01746	0.02382	0.01826	0.02620	0.01508	0.01508	0.05001	0.02937	0.58244	0.04049	0.03493	0.02540	0.01270	0.01032	0.00318	0.00873	0.01032	0.01270	0.01746
67	0.01309	0.01043	0.01173	0.01140	0.01445	0.00907	0.00855	0.01659	0.02566	0.03311	0.29080	0.08990	0.38097	0.02398	0.01212	0.00337	0.00506	0.02042	0.01024	0.00907
68	0.71184	0.01985	0.01508	0.01350	0.01985	0.02302	0.01111	0.03017	0.01746	0.04604	0.01429	0.01667	0.01111	0.00953	0.00635	0.00318	0.00794	0.00556	0.00635	0.01111
69	0.03901	0.02874	0.03080	0.02361	0.03182	0.03182	0.01951	0.54111	0.04825	0.06468	0.02464	0.02464	0.01745	0.01232	0.01027	0.00308	0.01129	0.00924	0.01027	0.01745
70	0.01604	0.01303	0.01914	0.01834	0.01985	0.01613	0.01453	0.01945	0.01635	0.02398	0.02500	0.03715	0.02350	0.06651	0.49854	0.01437	0.13260	0.01064	0.00532	0.00953
71	0.02058	0.05308	0.58618	0.02925	0.04442	0.02383	0.03792	0.03250	0.02167	0.03250	0.01842	0.02167	0.01300	0.00975	0.00975	0.00325	0.01517	0.00758	0.00433	0.01517
72	0.01870	0.01732	0.02891	0.55528	0.06516	0.02137	0.02662	0.02504	0.02043	0.02622	0.02203	0.08725	0.01904	0.01243	0.01054	0.00349	0.01292	0.01110	0.00505	0.01110
73	0.02817	0.02167	0.02378	0.01983	0.02571	0.02380	0.01580	0.24991	0.19654	0.05160	0.18055	0.04314	0.04359	0.01520	0.01083	0.00324	0.00855	0.01253	0.01060	0.01494
74	0.50841	0.02862	0.01931	0.01740	0.02343	0.19673	0.01375	0.03343	0.02097	0.03972	0.01476	0.01723	0.01175	0.00984	0.00723	0.00301	0.01113	0.00587	0.00603	0.01135
75	0.01469	0.01089	0.01597	0.01597	0.01762	0.01254	0.01217	0.01799	0.01634	0.02343	0.02797	0.04297	0.02681	0.13261	0.54462	0.01585	0.02575	0.01138	0.00557	0.00887
76	0.15281	0.02034	0.02158	0.01761	0.02318	0.02179	0.01370	0.23372	0.03084	0.12428	0.02723	0.03646	0.02297	0.18502	0.02117	0.00501	0.00995	0.01031	0.00881	0.01323
77	0.01877	0.00964	0.00989	0.00983	0.01222	0.00957	0.00737	0.02356	0.02211	0.03849	0.07548	0.04127	0.03183	0.01266	0.00756	0.00246	0.00479	0.01027	0.64268	0.00957
78	0.02422	0.02768	0.06055	0.04325	0.05363	0.02595	0.53806	0.03287	0.02422	0.03287	0.02076	0.02768	0.01557	0.00865	0.01211	0.00346	0.01730	0.01211	0.00519	0.01384
79	0.71184	0.01985	0.01508	0.01350	0.01985	0.02302	0.01111	0.03017	0.01746	0.04604	0.01429	0.01667	0.01111	0.00953	0.00635	0.00318	0.00794	0.00556	0.00635	0.01111
80	0.03395	0.02649	0.02694	0.02162	0.02815	0.06392	0.01717	0.38063	0.09225	0.05315	0.02695	0.03210	0.02159	0.10829	0.01664	0.00414	0.01123	0.01018	0.00935	0.01526
81	0.71184	0.01985	0.01508	0.01350	0.01985	0.02302	0.01111	0.03017	0.01746	0.04604	0.01429	0.01667	0.01111	0.00953	0.00635	0.00318	0.00794	0.00556	0.00635	0.01111
82	0.02353	0.02383	0.04462	0.19601	0.29063	0.02446	0.18375	0.03058	0.02291	0.03149	0.01948	0.02658	0.01540	0.00928	0.01077	0.00327	0.01411	0.01003	0.00498	0.01430
83	0.15441	0.08372	0.25279	0.02420	0.03501	0.02532	0.05919	0.11184	0.02598	0.10444	0.02105	0.02277	0.01499	0.01030	0.00918	0.00313	0.01230	0.00793	0.00666	0.01480
84	0.01355	0.01035	0.01479	0.10613	0.02342	0.01055	0.01243	0.01611	0.01978	0.02620	0.05070	0.54006	0.05958	0.02880	0.01266	0.00405	0.00714	0.02611	0.00877	0.00880
85	0.01408	0.01182	0.01469	0.10433	0.02381	0.01138	0.01246	0.01781	0.02335	0.02882	0.11274	0.08910	0.37534	0.02363	0.01216	0.00364	0.00714	0.09557	0.00887	0.00927
86	0.02048	0.02018	0.03971	0.03099	0.03736	0.01923	0.29918	0.02662	0.02262	0.03023	0.03267	0.06032	0.03203	0.11108	0.01887	0.00483	0.01380	0.16180	0.00663	0.01135
87	0.01994	0.01682	0.01985	0.01506	0.02288	0.01286	0.01176	0.02407	0.02103	0.03233	0.02410	0.11480	0.02326	0.01136	0.00844	0.00193	0.00735	0.00961	0.00661	0.59596
88	0.12120	0.01192	0.01393	0.01300	0.01602	0.01172	0.00990	0.02102	0.02728	0.04190	0.48492	0.06748	0.08372	0.01923	0.01122	0.00322	0.00532	0.01657	0.01054	0.00990

[dist]
# distance from previous block
# <min> <max>
0	1

[block]
# block no. 2 follows, 14 sequences, length 16
# corresponding to MSA columns:
# 549-564
name=unknown_C
#
# <colnr> <probs for GDERKNQSTAVLIFYWHMCP>
#	G	D	E	R	K	N	Q	S	T	A	V	L	I	F	Y	W	H	M	C	P
0	0.01395	0.00907	0.01140	0.01326	0.01425	0.00860	0.00901	0.01638	0.02006	0.02882	0.05154	0.50326	0.05882	0.02775	0.01181	0.00378	0.00570	0.02491	0.15903	0.00860
1	0.02572	0.49677	0.18745	0.02049	0.03088	0.03639	0.02267	0.03117	0.02106	0.02624	0.01531	0.01777	0.01313	0.00902	0.00738	0.00246	0.01203	0.00601	0.00438	0.01367
2	0.20187	0.03120	0.02197	0.02030	0.02508	0.27741	0.01537	0.07479	0.02573	0.03395	0.02507	0.15225	0.02495	0.01516	0.00945	0.00315	0.01251	0.01148	0.00690	0.01140
3	0.02013	0.02129	0.04148	0.15939	0.04736	0.02092	0.29400	0.02687	0.02321	0.03013	0.04110	0.04546	0.15466	0.01335	0.01171	0.00345	0.01347	0.01386	0.00614	0.01201
4	0.01250	0.00893	0.01191	0.01429	0.01488	0.00834	0.00953	0.01429	0.01965	0.02620	0.05656	0.63265	0.06787	0.03215	0.01310	0.00417	0.00595	0.02917	0.00953	0.00834
5	0.06197	0.02883	0.15594	0.19134	0.30138	0.02379	0.03098	0.03031	0.02195	0.03218	0.01856	0.02458	0.01461	0.00958	0.00988	0.00319	0.01297	0.00859	0.00486	0.01451
6	0.03537	0.01855	0.02545	0.16852	0.03746	0.01905	0.01868	0.04491	0.12943	0.33816	0.03515	0.03368	0.02361	0.01233	0.01033	0.00330	0.00986	0.01027	0.01022	0.01570
7	0.02570	0.09106	0.02629	0.14620	0.03332	0.01839	0.01652	0.03053	0.02434	0.15225	0.12961	0.03575	0.03269	0.01203	0.00953	0.00271	0.00904	0.01002	0.00801	0.18602
8	0.03764	0.18115	0.03505	0.02093	0.02922	0.03038	0.01805	0.30606	0.03726	0.16721	0.02548	0.02483	0.01811	0.01151	0.00935	0.00288	0.01066	0.00853	0.00932	0.01638
9	0.02330	0.02297	0.02108	0.01707	0.02367	0.13990	0.01321	0.02751	0.02493	0.03356	0.15624	0.03458	0.03526	0.01161	0.00909	0.00219	0.00928	0.00933	0.00722	0.37799
10	0.01784	0.01518	0.01927	0.01890	0.02048	0.01788	0.01423	0.02566	0.13559	0.02946	0.04252	0.35006	0.04626	0.02462	0.01769	0.00410	0.16074	0.02028	0.00846	0.01078
11	0.01709	0.01219	0.01548	0.01394	0.01772	0.01054	0.01045	0.02121	0.02546	0.06230	0.32010	0.17570	0.06976	0.01994	0.01124	0.00304	0.00585	0.01761	0.00987	0.16050
12	0.01659	0.01338	0.01621	0.01448	0.01924	0.01086	0.01065	0.01973	0.02064	0.02969	0.04152	0.31310	0.07426	0.02026	0.01046	0.00288	0.00668	0.01788	0.00791	0.33356
13	0.01968	0.01616	0.01875	0.01419	0.02102	0.01274	0.01067	0.02310	0.01968	0.03004	0.02178	0.03280	0.02075	0.16622	0.01881	0.00364	0.00819	0.00830	0.00611	0.52736
14	0.02960	0.02080	0.02798	0.16939	0.03926	0.02074	0.04185	0.14310	0.02866	0.14486	0.02406	0.02647	0.01730	0.01033	0.00958	0.00274	0.01058	0.00862	0.00785	0.21622
15	0.02363	0.02327	0.05789	0.09790	0.03851	0.02483	0.14943	0.03542	0.15615	0.05739	0.06783	0.03306	0.02552	0.01338	0.01599	0.00365	0.14445	0.01118	0.00705	0.01347

[dist]
# distance from previous block
# <min> <max>
2	21

[block]
# block no. 3 follows, 14 sequences, length 32
# corresponding to MSA columns:
# 586-617
name=unknown_D
#
# <colnr> <probs for GDERKNQSTAVLIFYWHMCP>
#	G	D	E	R	K	N	Q	S	T	A	V	L	I	F	Y	W	H	M	C	P
0	0.04062	0.01633	0.02167	0.01700	0.02422	0.01406	0.01392	0.04437	0.02841	0.49367	0.05064	0.04514	0.11274	0.01483	0.01061	0.00322	0.00817	0.01213	0.01219	0.01606
1	0.50033	0.01983	0.01772	0.01541	0.02191	0.02221	0.01254	0.03710	0.10559	0.12746	0.02269	0.02292	0.01653	0.01071	0.00761	0.00322	0.00809	0.00725	0.00798	0.01290
2	0.02466	0.04738	0.49619	0.02749	0.04150	0.02243	0.03426	0.03530	0.02290	0.12050	0.02195	0.02379	0.01498	0.01022	0.00984	0.00324	0.01414	0.00802	0.00567	0.01553
3	0.01828	0.01675	0.02776	0.51861	0.06175	0.02049	0.02546	0.02431	0.02038	0.02622	0.02437	0.12422	0.02235	0.01376	0.01071	0.00354	0.01244	0.01233	0.00535	0.01091
4	0.02645	0.54514	0.04858	0.01718	0.02602	0.03630	0.01670	0.02995	0.02092	0.02563	0.01490	0.01723	0.01349	0.00859	0.00675	0.00209	0.01043	0.00558	0.00466	0.12341
5	0.01219	0.01016	0.01064	0.01102	0.01402	0.00861	0.00807	0.01466	0.02279	0.02748	0.09637	0.18420	0.49063	0.02698	0.01228	0.00358	0.00532	0.02286	0.00953	0.00861
6	0.01561	0.01773	0.10765	0.01853	0.02250	0.01459	0.01684	0.02059	0.01732	0.02521	0.02604	0.03733	0.02363	0.06621	0.50444	0.01437	0.02552	0.01045	0.00531	0.01012
7	0.02532	0.02295	0.02918	0.02446	0.03100	0.02559	0.09975	0.05106	0.47157	0.04132	0.03841	0.03659	0.02880	0.01308	0.01071	0.00348	0.00959	0.01168	0.00960	0.01586
8	0.71184	0.01985	0.01508	0.01350	0.01985	0.02302	0.01111	0.03017	0.01746	0.04604	0.01429	0.01667	0.01111	0.00953	0.00635	0.00318	0.00794	0.00556	0.00635	0.01111
9	0.02744	0.64552	0.05378	0.01756	0.02634	0.04061	0.01756	0.03073	0.02085	0.02414	0.01427	0.01646	0.01317	0.00878	0.00658	0.00219	0.01097	0.00549	0.00439	0.01317
10	0.03022	0.17791	0.07137	0.07395	0.14807	0.02804	0.05485	0.10846	0.05631	0.11935	0.02326	0.02532	0.01747	0.01040	0.00944	0.00295	0.01161	0.00867	0.00704	0.01529
11	0.01452	0.01049	0.01372	0.01291	0.01533	0.00968	0.00968	0.01937	0.02905	0.04115	0.56992	0.07666	0.09683	0.02098	0.01210	0.00323	0.00484	0.01856	0.01130	0.00968
12	0.02058	0.05308	0.58618	0.02925	0.04442	0.02383	0.03792	0.03250	0.02167	0.03250	0.01842	0.02167	0.01300	0.00975	0.00975	0.00325	0.01517	0.00758	0.00433	0.01517
13	0.01222	0.01005	0.01075	0.01131	0.01410	0.00859	0.00820	0.01462	0.02251	0.02736	0.09282	0.22423	0.45289	0.02744	0.01236	0.00363	0.00538	0.02342	0.00953	0.00859
14	0.01442	0.00925	0.01267	0.01386	0.01444	0.00902	0.00933	0.01467	0.01788	0.02411	0.07184	0.34884	0.05048	0.08557	0.06477	0.19479	0.00854	0.02060	0.00770	0.00724
15	0.01233	0.01040	0.01067	0.01060	0.01398	0.00875	0.00795	0.01511	0.02386	0.02883	0.14230	0.09694	0.53214	0.02558	0.01213	0.00345	0.00517	0.02140	0.00967	0.00875
16	0.01375	0.01092	0.01266	0.01353	0.01659	0.00982	0.01102	0.01713	0.02348	0.02882	0.08568	0.10502	0.38254	0.02686	0.01288	0.00393	0.00676	0.20016	0.00950	0.00895
17	0.03006	0.03155	0.02528	0.02285	0.02847	0.22814	0.01751	0.04974	0.37007	0.03663	0.03260	0.03129	0.02492	0.01274	0.01002	0.00318	0.01180	0.00984	0.00862	0.01471
18	0.02755	0.02206	0.03648	0.08758	0.42094	0.02198	0.02775	0.03327	0.02412	0.11670	0.02493	0.03333	0.02050	0.01111	0.01047	0.00321	0.01156	0.04428	0.00652	0.01566
19	0.02523	0.45515	0.22485	0.02132	0.03215	0.03522	0.02410	0.03130	0.02111	0.02683	0.01560	0.01813	0.01311	0.00909	0.00760	0.00253	0.01232	0.00616	0.00437	0.01381
20	0.66628	0.01917	0.01472	0.01324	0.01933	0.02214	0.01085	0.02975	0.01773	0.04553	0.01555	0.01809	0.01211	0.00969	0.00640	0.00312	0.00773	0.00582	0.05173	0.01101
21	0.01694	0.01370	0.01546	0.01463	0.01819	0.01390	0.01107	0.02796	0.17918	0.03716	0.26175	0.10693	0.20134	0.02098	0.01169	0.00342	0.00595	0.01805	0.01047	0.01122
22	0.02089	0.02220	0.06978	0.43740	0.16148	0.02337	0.06360	0.02804	0.02137	0.02841	0.01862	0.02666	0.01424	0.00991	0.01033	0.00334	0.01374	0.00923	0.00468	0.01270
23	0.02235	0.02305	0.07031	0.24153	0.26822	0.02301	0.02775	0.03167	0.08458	0.03253	0.05619	0.03055	0.02199	0.01087	0.01032	0.00325	0.01196	0.00991	0.00587	0.01411
24	0.02338	0.25046	0.33770	0.02711	0.03949	0.02979	0.09587	0.03195	0.02172	0.02972	0.01731	0.02068	0.01339	0.00928	0.00898	0.00292	0.01402	0.00746	0.00446	0.01432
25	0.02144	0.03091	0.22740	0.12647	0.03930	0.02221	0.02556	0.06529	0.13645	0.03521	0.06358	0.03245	0.02468	0.01966	0.08016	0.00489	0.01391	0.00998	0.00667	0.01378
26	0.01484	0.01184	0.01878	0.01881	0.02099	0.01125	0.07398	0.01814	0.02113	0.02805	0.05178	0.43929	0.05959	0.02846	0.01323	0.00421	0.00812	0.13926	0.00899	0.00925
27	0.02538	0.07414	0.23967	0.02888	0.04036	0.02374	0.16559	0.06674	0.02464	0.07834	0.02094	0.02417	0.01534	0.00946	0.00994	0.00295	0.01353	0.00878	0.00591	0.12150
28	0.01250	0.00893	0.01191	0.01429	0.01488	0.00834	0.00953	0.01429	0.01965	0.02620	0.05656	0.63265	0.06787	0.03215	0.01310	0.00417	0.00595	0.02917	0.00953	0.00834
29	0.02448	0.02344	0.03999	0.14724	0.49826	0.02414	0.03104	0.03069	0.02293	0.03241	0.01914	0.02570	0.01586	0.00931	0.01017	0.00310	0.01242	0.00914	0.00500	0.01551
30	0.01960	0.01496	0.02225	0.16897	0.10245	0.01591	0.01801	0.02560	0.06532	0.07301	0.03985	0.30918	0.04152	0.02076	0.01158	0.00370	0.00905	0.01872	0.00806	0.01149
31	0.02744	0.64552	0.05378	0.01756	0.02634	0.04061	0.01756	0.03073	0.02085	0.02414	0.01427	0.01646	0.01317	0.00878	0.00658	0.00219	0.01097	0.00549	0.00439	0.01317

[dist]
# distance from previous block
# <min> <max>
0	0

# created by:
# /st0/software/busco_prod/Augustus/scripts/msa2prfl.pl ./align_prep/4697.fa
