[name]
unknown

[dist]
# distance from previous block
# <min> <max>
0	31

[block]
# block no. 0 follows, 14 sequences, length 9
# corresponding to MSA columns:
# 31-39
name=unknown_A
#
# <colnr> <probs for GDERKNQSTAVLIFYWHMCP>
#	G	D	E	R	K	N	Q	S	T	A	V	L	I	F	Y	W	H	M	C	P
0	0.01867	0.01164	0.01503	0.01433	0.01764	0.01063	0.01137	0.02301	0.02715	0.10845	0.32703	0.08210	0.15813	0.02209	0.01226	0.00354	0.00628	0.10933	0.01085	0.01050
1	0.02689	0.06681	0.07551	0.15779	0.13801	0.02227	0.02280	0.03666	0.11157	0.13924	0.07428	0.03329	0.02645	0.01191	0.01014	0.00320	0.01070	0.01020	0.00775	0.01454
2	0.02926	0.02427	0.10345	0.02410	0.03196	0.01989	0.11418	0.12781	0.03002	0.17492	0.11921	0.08860	0.03587	0.01454	0.01110	0.00331	0.01076	0.01307	0.00925	0.01442
3	0.04604	0.01746	0.02382	0.01826	0.02620	0.01508	0.01508	0.05001	0.02937	0.58244	0.04049	0.03493	0.02540	0.01270	0.01032	0.00318	0.00873	0.01032	0.01270	0.01746
4	0.09307	0.02409	0.02629	0.02065	0.02814	0.02589	0.01694	0.33532	0.07287	0.16691	0.02871	0.02782	0.02001	0.01225	0.00978	0.00309	0.00989	0.00933	0.05256	0.01638
5	0.03184	0.02681	0.13043	0.02309	0.03145	0.02160	0.05710	0.16170	0.07678	0.19424	0.03335	0.10863	0.02658	0.01445	0.01071	0.00334	0.01074	0.01228	0.00941	0.01547
6	0.02151	0.02115	0.03807	0.39884	0.17959	0.02367	0.11274	0.02848	0.02176	0.02893	0.01889	0.02698	0.01456	0.00975	0.01054	0.00334	0.01394	0.00962	0.00478	0.01287
7	0.12528	0.01978	0.02446	0.11617	0.03295	0.02061	0.01726	0.14874	0.03047	0.25970	0.07581	0.03263	0.02604	0.01252	0.00993	0.00320	0.00966	0.00997	0.00987	0.01495
8	0.31477	0.02618	0.02359	0.02410	0.09724	0.13960	0.01668	0.03792	0.06946	0.12783	0.02196	0.02307	0.01632	0.01059	0.00845	0.00308	0.01080	0.00755	0.00736	0.01344

[dist]
# distance from previous block
# <min> <max>
1	5

[block]
# block no. 1 follows, 14 sequences, length 34
# corresponding to MSA columns:
# 45-78
name=unknown_B
#
# <colnr> <probs for GDERKNQSTAVLIFYWHMCP>
#	G	D	E	R	K	N	Q	S	T	A	V	L	I	F	Y	W	H	M	C	P
0	0.13952	0.02349	0.03024	0.06412	0.06487	0.05890	0.07608	0.07809	0.06193	0.15249	0.02384	0.02630	0.01760	0.01226	0.01406	0.00344	0.12200	0.00915	0.00759	0.01404
1	0.02797	0.02099	0.02843	0.02073	0.02971	0.01827	0.08537	0.10748	0.02691	0.11855	0.02280	0.02466	0.01708	0.00920	0.00901	0.00226	0.00964	0.00800	0.00756	0.40538
2	0.02231	0.01554	0.01876	0.01509	0.02131	0.01330	0.01186	0.02882	0.06971	0.11064	0.20416	0.04658	0.07520	0.01412	0.00990	0.00256	0.00678	0.01197	0.00920	0.29218
3	0.01938	0.01824	0.03078	0.61468	0.07068	0.02280	0.02850	0.02622	0.02052	0.02622	0.01824	0.02736	0.01368	0.01026	0.01026	0.00342	0.01368	0.00912	0.00456	0.01140
4	0.01270	0.00908	0.01208	0.01416	0.01493	0.00846	0.00954	0.01477	0.02055	0.02763	0.10559	0.57955	0.07064	0.03108	0.01300	0.00408	0.00585	0.02816	0.00970	0.00846
5	0.01452	0.01049	0.01372	0.01291	0.01533	0.00968	0.00968	0.01937	0.02905	0.04115	0.56992	0.07666	0.09683	0.02098	0.01210	0.00323	0.00484	0.01856	0.01130	0.00968
6	0.04604	0.01746	0.02382	0.01826	0.02620	0.01508	0.01508	0.05001	0.02937	0.58244	0.04049	0.03493	0.02540	0.01270	0.01032	0.00318	0.00873	0.01032	0.01270	0.01746
7	0.01433	0.01048	0.01344	0.01270	0.01521	0.00960	0.00953	0.01898	0.02858	0.04004	0.53141	0.07848	0.13603	0.02139	0.01211	0.00325	0.00487	0.01882	0.01115	0.00960
8	0.08938	0.02808	0.02962	0.02285	0.03093	0.03117	0.01888	0.50286	0.04594	0.06328	0.02386	0.02404	0.01698	0.01211	0.00997	0.00309	0.01104	0.00896	0.00997	0.01698
9	0.02540	0.02438	0.04165	0.06299	0.57533	0.02438	0.03149	0.03149	0.02337	0.03353	0.01930	0.02540	0.01626	0.00914	0.01016	0.00305	0.01219	0.00914	0.00508	0.01626
10	0.02385	0.02035	0.02175	0.02003	0.02516	0.02331	0.01538	0.04934	0.48756	0.04077	0.04367	0.11489	0.03604	0.01627	0.01078	0.00357	0.00784	0.01387	0.01032	0.01522
11	0.02525	0.02481	0.04409	0.06045	0.50809	0.02459	0.09679	0.03167	0.02348	0.03344	0.01949	0.02569	0.01617	0.00908	0.01041	0.00310	0.01285	0.00953	0.00509	0.01594
12	0.02128	0.01824	0.02128	0.01520	0.02432	0.01368	0.01216	0.02584	0.02128	0.03344	0.01824	0.02128	0.01520	0.00760	0.00760	0.00152	0.00760	0.00608	0.00608	0.70208
13	0.02465	0.01396	0.01784	0.01525	0.01959	0.01313	0.01196	0.07677	0.03096	0.17712	0.38705	0.06138	0.07160	0.01811	0.01149	0.00320	0.00642	0.01563	0.01155	0.01235
14	0.02500	0.14651	0.42561	0.02590	0.03908	0.02548	0.03160	0.03446	0.02252	0.10200	0.02057	0.02251	0.01463	0.00997	0.00930	0.00307	0.01364	0.00759	0.00542	0.01513
15	0.03989	0.02034	0.03417	0.02530	0.03393	0.01815	0.16252	0.04518	0.02792	0.42750	0.03493	0.03289	0.02263	0.01156	0.01082	0.00326	0.01115	0.01082	0.01058	0.01644
16	0.01289	0.00950	0.01207	0.01339	0.01483	0.00868	0.00930	0.01547	0.02229	0.02972	0.17663	0.42898	0.15103	0.02876	0.01273	0.00385	0.00559	0.02569	0.00992	0.00868
17	0.02228	0.02719	0.11509	0.24064	0.14105	0.02435	0.21841	0.03032	0.02249	0.03065	0.01936	0.02643	0.01470	0.00942	0.01086	0.00335	0.01497	0.01003	0.00485	0.01356
18	0.02630	0.04509	0.45998	0.02678	0.04033	0.02187	0.03279	0.03643	0.02340	0.15591	0.02337	0.02464	0.01578	0.01041	0.00988	0.00323	0.01372	0.00820	0.00621	0.01568
19	0.03550	0.01456	0.01878	0.01526	0.02110	0.01301	0.01231	0.03978	0.02704	0.37729	0.08266	0.03939	0.03163	0.01317	0.00954	0.00295	0.00725	0.01079	0.21349	0.01449
20	0.01466	0.01100	0.01649	0.01649	0.01833	0.01283	0.01283	0.01833	0.01649	0.02382	0.02749	0.04032	0.02566	0.07697	0.59868	0.01649	0.02749	0.01100	0.00550	0.00916
21	0.02849	0.52779	0.08517	0.01909	0.02821	0.03839	0.01912	0.09663	0.02444	0.02991	0.01587	0.01785	0.01371	0.00930	0.00726	0.00238	0.01129	0.00611	0.00514	0.01385
22	0.04326	0.01791	0.02369	0.01833	0.02590	0.01609	0.01507	0.08846	0.03091	0.50179	0.07620	0.03700	0.02974	0.01325	0.01044	0.00317	0.00867	0.01081	0.01240	0.01692
23	0.71184	0.01985	0.01508	0.01350	0.01985	0.02302	0.01111	0.03017	0.01746	0.04604	0.01429	0.01667	0.01111	0.00953	0.00635	0.00318	0.00794	0.00556	0.00635	0.01111
24	0.02294	0.02390	0.03950	0.03146	0.03434	0.02991	0.16538	0.02696	0.01807	0.02696	0.01549	0.02390	0.01405	0.01538	0.02770	0.00420	0.45334	0.00985	0.00468	0.01195
25	0.01988	0.01875	0.03169	0.56859	0.11284	0.02293	0.02875	0.02666	0.02076	0.02683	0.01833	0.02720	0.01390	0.01017	0.01025	0.00339	0.01356	0.00912	0.00460	0.01181
26	0.01881	0.05281	0.01711	0.01365	0.01740	0.01450	0.01072	0.07211	0.05953	0.03965	0.27223	0.06200	0.14553	0.01809	0.01055	0.00304	0.00609	0.01524	0.14009	0.01085
27	0.01492	0.00995	0.01119	0.01119	0.01119	0.00995	0.00622	0.01492	0.01492	0.01990	0.03233	0.06716	0.03731	0.63935	0.05223	0.00995	0.00995	0.01492	0.00622	0.00622
28	0.71184	0.01985	0.01508	0.01350	0.01985	0.02302	0.01111	0.03017	0.01746	0.04604	0.01429	0.01667	0.01111	0.00953	0.00635	0.00318	0.00794	0.00556	0.00635	0.01111
29	0.02058	0.05308	0.58618	0.02925	0.04442	0.02383	0.03792	0.03250	0.02167	0.03250	0.01842	0.02167	0.01300	0.00975	0.00975	0.00325	0.01517	0.00758	0.00433	0.01517
30	0.03833	0.04891	0.02908	0.02644	0.03173	0.59815	0.01983	0.04098	0.02908	0.02512	0.01586	0.01851	0.01322	0.01058	0.00925	0.00264	0.01851	0.00661	0.00529	0.01190
31	0.01466	0.01100	0.01649	0.01649	0.01833	0.01283	0.01283	0.01833	0.01649	0.02382	0.02749	0.04032	0.02566	0.07697	0.59868	0.01649	0.02749	0.01100	0.00550	0.00916
32	0.02095	0.01191	0.01577	0.01400	0.01755	0.01078	0.01078	0.02561	0.02911	0.15144	0.46204	0.06815	0.08228	0.01929	0.01174	0.00322	0.00563	0.01688	0.01158	0.01127
33	0.02399	0.02701	0.05680	0.04115	0.05019	0.02666	0.47161	0.03182	0.02313	0.03182	0.01982	0.02701	0.01530	0.00985	0.01489	0.00359	0.09506	0.01171	0.00510	0.01350

[dist]
# distance from previous block
# <min> <max>
0	11

[block]
# block no. 2 follows, 14 sequences, length 56
# corresponding to MSA columns:
# 90-145
name=unknown_C
#
# <colnr> <probs for GDERKNQSTAVLIFYWHMCP>
#	G	D	E	R	K	N	Q	S	T	A	V	L	I	F	Y	W	H	M	C	P
0	0.02058	0.05308	0.58618	0.02925	0.04442	0.02383	0.03792	0.03250	0.02167	0.03250	0.01842	0.02167	0.01300	0.00975	0.00975	0.00325	0.01517	0.00758	0.00433	0.01517
1	0.01398	0.01039	0.01336	0.01519	0.01713	0.00976	0.01185	0.01710	0.02205	0.02830	0.06654	0.30973	0.17961	0.02926	0.01329	0.00422	0.00714	0.21276	0.00950	0.00884
2	0.01885	0.01183	0.01471	0.01466	0.01752	0.01113	0.01070	0.02400	0.07163	0.11186	0.13706	0.32517	0.14068	0.02502	0.01215	0.00371	0.00627	0.02206	0.01034	0.01064
3	0.02423	0.36798	0.30320	0.02304	0.03481	0.03275	0.02710	0.03156	0.02123	0.02806	0.01621	0.01890	0.01309	0.00923	0.00807	0.00269	0.01294	0.00647	0.00436	0.01410
4	0.02540	0.02438	0.04165	0.06299	0.57533	0.02438	0.03149	0.03149	0.02337	0.03353	0.01930	0.02540	0.01626	0.00914	0.01016	0.00305	0.01219	0.00914	0.00508	0.01626
5	0.04111	0.01753	0.02307	0.01801	0.02522	0.01586	0.01475	0.09023	0.03103	0.46181	0.11125	0.03969	0.03442	0.01380	0.01056	0.00317	0.00843	0.01135	0.01229	0.01640
6	0.02315	0.01818	0.02147	0.01543	0.02446	0.01379	0.01238	0.02766	0.02189	0.07480	0.01992	0.02231	0.01597	0.00798	0.00780	0.00164	0.00769	0.00640	0.00658	0.65050
7	0.02827	0.01749	0.02667	0.07253	0.11310	0.01700	0.05636	0.03488	0.06646	0.21492	0.11357	0.12250	0.03917	0.01569	0.01108	0.00337	0.00929	0.01412	0.00951	0.01402
8	0.01349	0.00963	0.01303	0.01541	0.01644	0.00918	0.01123	0.01599	0.02062	0.02730	0.05602	0.50676	0.06573	0.03122	0.01336	0.00430	0.00681	0.14537	0.00951	0.00861
9	0.02128	0.01824	0.02128	0.01520	0.02432	0.01368	0.01216	0.02584	0.02128	0.03344	0.01824	0.02128	0.01520	0.00760	0.00760	0.00152	0.00760	0.00608	0.00608	0.70208
10	0.06737	0.12166	0.07767	0.06849	0.07507	0.07123	0.05736	0.12987	0.02761	0.06937	0.02003	0.02275	0.01536	0.00988	0.00905	0.00273	0.01184	0.00786	0.00658	0.12823
11	0.02744	0.64552	0.05378	0.01756	0.02634	0.04061	0.01756	0.03073	0.02085	0.02414	0.01427	0.01646	0.01317	0.00878	0.00658	0.00219	0.01097	0.00549	0.00439	0.01317
12	0.01669	0.01320	0.01456	0.01373	0.01734	0.01317	0.01044	0.02663	0.15505	0.03666	0.23925	0.07233	0.24247	0.02038	0.01136	0.00331	0.00576	0.01731	0.05944	0.01091
13	0.02532	0.02353	0.03815	0.26101	0.05223	0.06351	0.18330	0.07125	0.02574	0.07213	0.06228	0.03085	0.02160	0.01092	0.01091	0.00332	0.01394	0.01068	0.00635	0.01298
14	0.01783	0.00891	0.01337	0.01337	0.01337	0.00891	0.00891	0.01337	0.01337	0.01783	0.01783	0.03119	0.01783	0.03565	0.04011	0.70143	0.00891	0.00891	0.00446	0.00446
15	0.02245	0.02245	0.03143	0.02694	0.02694	0.03143	0.02245	0.02470	0.01572	0.02470	0.01347	0.02245	0.01347	0.01796	0.03368	0.00449	0.62057	0.00898	0.00449	0.01123
16	0.01492	0.00995	0.01119	0.01119	0.01119	0.00995	0.00622	0.01492	0.01492	0.01990	0.03233	0.06716	0.03731	0.63935	0.05223	0.00995	0.00995	0.01492	0.00622	0.00622
17	0.01268	0.01042	0.01116	0.01098	0.01420	0.00890	0.00823	0.01580	0.02470	0.03082	0.21144	0.09366	0.46175	0.02483	0.01212	0.00341	0.00512	0.02094	0.00994	0.00890
18	0.71184	0.01985	0.01508	0.01350	0.01985	0.02302	0.01111	0.03017	0.01746	0.04604	0.01429	0.01667	0.01111	0.00953	0.00635	0.00318	0.00794	0.00556	0.00635	0.01111
19	0.02245	0.02245	0.03143	0.02694	0.02694	0.03143	0.02245	0.02470	0.01572	0.02470	0.01347	0.02245	0.01347	0.01796	0.03368	0.00449	0.62057	0.00898	0.00449	0.01123
20	0.01247	0.00905	0.01179	0.01398	0.01480	0.00836	0.00939	0.01432	0.01994	0.02632	0.06031	0.59042	0.10769	0.03166	0.01302	0.00411	0.00589	0.02858	0.00953	0.00836
21	0.02422	0.02768	0.06055	0.04325	0.05363	0.02595	0.53806	0.03287	0.02422	0.03287	0.02076	0.02768	0.01557	0.00865	0.01211	0.00346	0.01730	0.01211	0.00519	0.01384
22	0.03901	0.02874	0.03080	0.02361	0.03182	0.03182	0.01951	0.54111	0.04825	0.06468	0.02464	0.02464	0.01745	0.01232	0.01027	0.00308	0.01129	0.00924	0.01027	0.01745
23	0.03833	0.04891	0.02908	0.02644	0.03173	0.59815	0.01983	0.04098	0.02908	0.02512	0.01586	0.01851	0.01322	0.01058	0.00925	0.00264	0.01851	0.00661	0.00529	0.01190
24	0.02540	0.02438	0.04165	0.06299	0.57533	0.02438	0.03149	0.03149	0.02337	0.03353	0.01930	0.02540	0.01626	0.00914	0.01016	0.00305	0.01219	0.00914	0.00508	0.01626
25	0.02500	0.01266	0.01663	0.01437	0.01856	0.01141	0.01122	0.02956	0.02856	0.21472	0.35797	0.06026	0.06838	0.01762	0.01115	0.00315	0.00609	0.01521	0.06533	0.01217
26	0.02540	0.02438	0.04165	0.06299	0.57533	0.02438	0.03149	0.03149	0.02337	0.03353	0.01930	0.02540	0.01626	0.00914	0.01016	0.00305	0.01219	0.00914	0.00508	0.01626
27	0.04216	0.01902	0.02421	0.01907	0.02667	0.01799	0.01559	0.08537	0.11783	0.45682	0.03958	0.03476	0.02582	0.01288	0.01034	0.00322	0.00881	0.01046	0.01216	0.01726
28	0.01296	0.00941	0.01223	0.01368	0.01492	0.00868	0.00944	0.01554	0.02216	0.02989	0.18296	0.46175	0.11029	0.02904	0.01279	0.00389	0.00563	0.02610	0.00995	0.00868
29	0.01363	0.00993	0.01284	0.01323	0.01507	0.00913	0.00949	0.01723	0.02529	0.03486	0.35370	0.27682	0.11992	0.02532	0.01246	0.00358	0.00526	0.02257	0.01054	0.00913
30	0.02269	0.13358	0.37462	0.03106	0.08915	0.02665	0.07227	0.03383	0.06199	0.03217	0.01982	0.02296	0.01490	0.00978	0.00956	0.00311	0.01392	0.00807	0.00493	0.01495
31	0.42045	0.02276	0.01955	0.01660	0.02331	0.09279	0.01344	0.03769	0.02262	0.21002	0.02262	0.02257	0.01582	0.01064	0.00795	0.00311	0.00951	0.00717	0.00819	0.01318
32	0.01503	0.01051	0.01360	0.01308	0.01550	0.00983	0.00999	0.01986	0.02806	0.04017	0.49043	0.07650	0.08856	0.02081	0.01187	0.00327	0.00517	0.05335	0.06474	0.00966
33	0.02262	0.01903	0.02200	0.01583	0.02489	0.01505	0.01271	0.06466	0.02331	0.03579	0.01872	0.02153	0.01537	0.00796	0.00780	0.00164	0.00788	0.00632	0.00640	0.65050
34	0.09785	0.04082	0.02821	0.07085	0.03371	0.41524	0.01967	0.11472	0.03027	0.03310	0.01724	0.01996	0.01371	0.01072	0.00922	0.00282	0.01608	0.00711	0.00608	0.01263
35	0.01250	0.00893	0.01191	0.01429	0.01488	0.00834	0.00953	0.01429	0.01965	0.02620	0.05656	0.63265	0.06787	0.03215	0.01310	0.00417	0.00595	0.02917	0.00953	0.00834
36	0.04156	0.01887	0.02508	0.02184	0.06932	0.01754	0.01637	0.10898	0.03072	0.43369	0.03629	0.03311	0.02374	0.01232	0.01007	0.00310	0.00904	0.01003	0.06155	0.01679
37	0.01549	0.01109	0.01521	0.01685	0.01897	0.01082	0.01394	0.01981	0.02429	0.03245	0.17292	0.18239	0.06901	0.02721	0.01354	0.00430	0.00788	0.32461	0.00988	0.00934
38	0.01353	0.01001	0.01264	0.01293	0.01496	0.00911	0.00934	0.01710	0.02532	0.03451	0.34109	0.24768	0.16361	0.02514	0.01241	0.00355	0.00523	0.02225	0.01048	0.00911
39	0.02058	0.05308	0.58618	0.02925	0.04442	0.02383	0.03792	0.03250	0.02167	0.03250	0.01842	0.02167	0.01300	0.00975	0.00975	0.00325	0.01517	0.00758	0.00433	0.01517
40	0.02553	0.02204	0.02320	0.02088	0.02669	0.02553	0.01624	0.05453	0.55679	0.04293	0.04177	0.03829	0.03133	0.01392	0.01044	0.00348	0.00812	0.01160	0.01044	0.01624
41	0.01434	0.01048	0.01346	0.01272	0.01522	0.00960	0.00954	0.01901	0.02861	0.04012	0.53414	0.07835	0.13325	0.02136	0.01211	0.00325	0.00487	0.01880	0.01116	0.00960
42	0.02744	0.64552	0.05378	0.01756	0.02634	0.04061	0.01756	0.03073	0.02085	0.02414	0.01427	0.01646	0.01317	0.00878	0.00658	0.00219	0.01097	0.00549	0.00439	0.01317
43	0.03699	0.02774	0.02966	0.02320	0.03105	0.03088	0.01902	0.46828	0.12438	0.06142	0.02720	0.02668	0.01953	0.01256	0.01029	0.00314	0.01082	0.00959	0.01029	0.01727
44	0.02757	0.02289	0.10762	0.02265	0.06980	0.01842	0.01870	0.03932	0.16132	0.18722	0.12810	0.04473	0.07724	0.01465	0.01068	0.00328	0.00892	0.01235	0.00978	0.01476
45	0.02540	0.02438	0.04165	0.06299	0.57533	0.02438	0.03149	0.03149	0.02337	0.03353	0.01930	0.02540	0.01626	0.00914	0.01016	0.00305	0.01219	0.00914	0.00508	0.01626
46	0.01250	0.00893	0.01191	0.01429	0.01488	0.00834	0.00953	0.01429	0.01965	0.02620	0.05656	0.63265	0.06787	0.03215	0.01310	0.00417	0.00595	0.02917	0.00953	0.00834
47	0.04604	0.01746	0.02382	0.01826	0.02620	0.01508	0.01508	0.05001	0.02937	0.58244	0.04049	0.03493	0.02540	0.01270	0.01032	0.00318	0.00873	0.01032	0.01270	0.01746
48	0.03339	0.32075	0.04052	0.02217	0.02926	0.30228	0.01877	0.07204	0.02668	0.02750	0.01576	0.01801	0.01350	0.00988	0.00810	0.00247	0.01454	0.00628	0.00523	0.01288
49	0.02409	0.02305	0.03929	0.18289	0.46566	0.02404	0.03084	0.03035	0.02275	0.03194	0.01907	0.02582	0.01570	0.00939	0.01018	0.00313	0.01251	0.00914	0.00497	0.01520
50	0.01263	0.00915	0.01194	0.01392	0.01485	0.00846	0.00942	0.01471	0.02063	0.02745	0.09924	0.55325	0.10471	0.03087	0.01296	0.00405	0.00582	0.02784	0.00966	0.00846
51	0.03592	0.21784	0.03590	0.02291	0.02967	0.34231	0.01872	0.07522	0.02811	0.07810	0.01826	0.01984	0.01461	0.01037	0.00865	0.00259	0.01491	0.00681	0.00606	0.01317
52	0.02937	0.07917	0.03112	0.17564	0.10730	0.06809	0.02144	0.10897	0.06783	0.12034	0.06759	0.03093	0.02418	0.01181	0.01001	0.00310	0.01139	0.00974	0.00772	0.01426
53	0.04004	0.01785	0.02271	0.01819	0.02532	0.01682	0.01477	0.04913	0.13548	0.43592	0.04026	0.03584	0.02666	0.01290	0.01013	0.00318	0.00834	0.01053	0.05925	0.01667
54	0.01492	0.01009	0.01308	0.01282	0.01482	0.00944	0.00938	0.01868	0.02600	0.03724	0.41412	0.14256	0.08092	0.02269	0.01383	0.05410	0.00528	0.01843	0.07250	0.00912
55	0.07769	0.03176	0.24353	0.02309	0.03359	0.01919	0.06184	0.03391	0.02381	0.15304	0.07288	0.02951	0.02364	0.01097	0.00967	0.00297	0.01129	0.00912	0.00725	0.12124

[dist]
# distance from previous block
# <min> <max>
4	11

[block]
# block no. 3 follows, 14 sequences, length 6
# corresponding to MSA columns:
# 158-163
name=unknown_D
#
# <colnr> <probs for GDERKNQSTAVLIFYWHMCP>
#	G	D	E	R	K	N	Q	S	T	A	V	L	I	F	Y	W	H	M	C	P
0	0.09883	0.09399	0.18564	0.08500	0.03709	0.07114	0.05306	0.03361	0.02278	0.10600	0.02042	0.02304	0.01502	0.00980	0.00901	0.00287	0.01235	0.00767	0.00607	0.10660
1	0.02535	0.01777	0.02290	0.02068	0.08144	0.01450	0.01445	0.02967	0.02282	0.13381	0.02647	0.08831	0.02271	0.01128	0.00895	0.00226	0.00812	0.00960	0.00756	0.43136
2	0.01250	0.00893	0.01191	0.01429	0.01488	0.00834	0.00953	0.01429	0.01965	0.02620	0.05656	0.63265	0.06787	0.03215	0.01310	0.00417	0.00595	0.02917	0.00953	0.00834
3	0.13895	0.13742	0.02955	0.11714	0.03290	0.02349	0.01723	0.07198	0.02507	0.21627	0.02469	0.02542	0.01746	0.01059	0.00875	0.00288	0.00994	0.00802	0.00804	0.07422
4	0.01452	0.01049	0.01372	0.01291	0.01533	0.00968	0.00968	0.01937	0.02905	0.04115	0.56992	0.07666	0.09683	0.02098	0.01210	0.00323	0.00484	0.01856	0.01130	0.00968
5	0.01789	0.01147	0.01554	0.01698	0.01914	0.01117	0.01376	0.02138	0.02219	0.07173	0.05079	0.19983	0.05523	0.10770	0.01865	0.00518	0.00880	0.31382	0.00930	0.00945

[dist]
# distance from previous block
# <min> <max>
0	2

[block]
# block no. 4 follows, 14 sequences, length 16
# corresponding to MSA columns:
# 166-181
name=unknown_E
#
# <colnr> <probs for GDERKNQSTAVLIFYWHMCP>
#	G	D	E	R	K	N	Q	S	T	A	V	L	I	F	Y	W	H	M	C	P
0	0.01431	0.01048	0.01342	0.01268	0.01520	0.00959	0.00951	0.01894	0.02853	0.03993	0.52750	0.07867	0.14001	0.02144	0.01211	0.00325	0.00487	0.01884	0.01114	0.00959
1	0.03833	0.04891	0.02908	0.02644	0.03173	0.59815	0.01983	0.04098	0.02908	0.02512	0.01586	0.01851	0.01322	0.01058	0.00925	0.00264	0.01851	0.00661	0.00529	0.01190
2	0.02553	0.02204	0.02320	0.02088	0.02669	0.02553	0.01624	0.05453	0.55679	0.04293	0.04177	0.03829	0.03133	0.01392	0.01044	0.00348	0.00812	0.01160	0.01044	0.01624
3	0.03901	0.02874	0.03080	0.02361	0.03182	0.03182	0.01951	0.54111	0.04825	0.06468	0.02464	0.02464	0.01745	0.01232	0.01027	0.00308	0.01129	0.00924	0.01027	0.01745
4	0.71184	0.01985	0.01508	0.01350	0.01985	0.02302	0.01111	0.03017	0.01746	0.04604	0.01429	0.01667	0.01111	0.00953	0.00635	0.00318	0.00794	0.00556	0.00635	0.01111
5	0.02058	0.05308	0.58618	0.02925	0.04442	0.02383	0.03792	0.03250	0.02167	0.03250	0.01842	0.02167	0.01300	0.00975	0.00975	0.00325	0.01517	0.00758	0.00433	0.01517
6	0.02466	0.04738	0.49608	0.02749	0.04150	0.02243	0.03426	0.03530	0.02290	0.12061	0.02195	0.02379	0.01499	0.01022	0.00984	0.00324	0.01414	0.00802	0.00567	0.01553
7	0.03901	0.02874	0.03080	0.02361	0.03182	0.03182	0.01951	0.54111	0.04825	0.06468	0.02464	0.02464	0.01745	0.01232	0.01027	0.00308	0.01129	0.00924	0.01027	0.01745
8	0.02540	0.02438	0.04165	0.06299	0.57533	0.02438	0.03149	0.03149	0.02337	0.03353	0.01930	0.02540	0.01626	0.00914	0.01016	0.00305	0.01219	0.00914	0.00508	0.01626
9	0.01863	0.01517	0.02072	0.01901	0.02068	0.01866	0.01494	0.06226	0.01870	0.02689	0.02437	0.03797	0.02342	0.12801	0.34051	0.01157	0.17193	0.01085	0.00573	0.00998
10	0.71184	0.01985	0.01508	0.01350	0.01985	0.02302	0.01111	0.03017	0.01746	0.04604	0.01429	0.01667	0.01111	0.00953	0.00635	0.00318	0.00794	0.00556	0.00635	0.01111
11	0.01494	0.01041	0.01335	0.01261	0.01503	0.00967	0.00946	0.01977	0.02838	0.04089	0.52201	0.07323	0.09053	0.02017	0.01166	0.00315	0.00484	0.01776	0.07247	0.00967
12	0.07348	0.15059	0.41353	0.02532	0.03824	0.02606	0.03086	0.03325	0.02176	0.07053	0.01895	0.02133	0.01376	0.00977	0.00900	0.00306	0.01347	0.00727	0.00507	0.01469
13	0.02128	0.01824	0.02128	0.01520	0.02432	0.01368	0.01216	0.02584	0.02128	0.03344	0.01824	0.02128	0.01520	0.00760	0.00760	0.00152	0.00760	0.00608	0.00608	0.70208
14	0.23683	0.06796	0.02726	0.02049	0.02767	0.11133	0.04848	0.10471	0.06040	0.16526	0.02399	0.02419	0.01721	0.01094	0.00884	0.00305	0.01097	0.00807	0.00820	0.01414
15	0.12864	0.25055	0.26679	0.02187	0.03287	0.02877	0.02484	0.03307	0.02143	0.07973	0.01829	0.02027	0.01386	0.00964	0.00819	0.00287	0.01207	0.00679	0.00539	0.01407

[dist]
# distance from previous block
# <min> <max>
0	1

[block]
# block no. 5 follows, 14 sequences, length 12
# corresponding to MSA columns:
# 183-194
name=unknown_F
#
# <colnr> <probs for GDERKNQSTAVLIFYWHMCP>
#	G	D	E	R	K	N	Q	S	T	A	V	L	I	F	Y	W	H	M	C	P
0	0.02153	0.01106	0.01313	0.01202	0.01525	0.01043	0.00922	0.02622	0.02530	0.12020	0.22068	0.05109	0.05064	0.01520	0.00935	0.00280	0.00539	0.01280	0.35692	0.01078
1	0.01643	0.01196	0.01449	0.01398	0.01666	0.01193	0.01041	0.02457	0.10832	0.03905	0.36043	0.14372	0.07523	0.02048	0.01146	0.00331	0.00550	0.01800	0.08359	0.01050
2	0.03610	0.17262	0.03314	0.02177	0.06218	0.02514	0.01732	0.12117	0.06383	0.25757	0.02885	0.02751	0.02029	0.01120	0.00922	0.00282	0.00979	0.00870	0.00922	0.06155
3	0.01267	0.00906	0.01206	0.01417	0.01492	0.00845	0.00954	0.01471	0.02044	0.02745	0.09957	0.58607	0.07030	0.03121	0.01302	0.00409	0.00586	0.02828	0.00967	0.00845
4	0.04264	0.01671	0.02272	0.01768	0.02502	0.01450	0.01450	0.04670	0.02934	0.52393	0.09772	0.03944	0.03312	0.01360	0.01051	0.00318	0.00831	0.01121	0.01255	0.01662
5	0.02318	0.02123	0.03263	0.33378	0.17001	0.02505	0.02678	0.07310	0.06577	0.03225	0.02039	0.02705	0.01595	0.01130	0.01274	0.00343	0.07709	0.00932	0.00562	0.01335
6	0.02245	0.02245	0.03143	0.02694	0.02694	0.03143	0.02245	0.02470	0.01572	0.02470	0.01347	0.02245	0.01347	0.01796	0.03368	0.00449	0.62057	0.00898	0.00449	0.01123
7	0.01283	0.01042	0.01137	0.01114	0.01429	0.00896	0.00835	0.01609	0.02505	0.03167	0.24094	0.09226	0.43173	0.02452	0.01212	0.00340	0.00509	0.02075	0.01005	0.00896
8	0.02569	0.01525	0.02032	0.08743	0.02586	0.01583	0.01420	0.06385	0.02546	0.17651	0.17268	0.05032	0.04398	0.14916	0.02145	0.00476	0.05305	0.01316	0.00921	0.01183
9	0.02746	0.18560	0.08034	0.03238	0.14634	0.07795	0.07464	0.07052	0.13905	0.03435	0.02298	0.02523	0.01822	0.01040	0.00941	0.00295	0.01222	0.00872	0.00637	0.01486
10	0.02963	0.03660	0.15531	0.07007	0.04019	0.16988	0.11777	0.08353	0.02645	0.07640	0.02002	0.02378	0.01503	0.01115	0.01272	0.00326	0.07963	0.00879	0.00600	0.01382
11	0.01913	0.00956	0.00956	0.00956	0.01196	0.00956	0.00717	0.02391	0.02152	0.03826	0.03348	0.03826	0.02630	0.01196	0.00717	0.00239	0.00478	0.00956	0.69632	0.00956

[dist]
# distance from previous block
# <min> <max>
0	1

[block]
# block no. 6 follows, 14 sequences, length 30
# corresponding to MSA columns:
# 196-225
name=unknown_G
#
# <colnr> <probs for GDERKNQSTAVLIFYWHMCP>
#	G	D	E	R	K	N	Q	S	T	A	V	L	I	F	Y	W	H	M	C	P
0	0.02642	0.02033	0.02502	0.02172	0.08369	0.01754	0.01551	0.10271	0.02609	0.08573	0.02121	0.02339	0.01652	0.00889	0.00849	0.00205	0.00871	0.00723	0.00715	0.47160
1	0.02677	0.02900	0.09079	0.15437	0.14623	0.11675	0.02605	0.03195	0.02215	0.07551	0.01882	0.02440	0.01500	0.01214	0.01580	0.00345	0.16345	0.00863	0.00544	0.01331
2	0.01250	0.00893	0.01191	0.01429	0.01488	0.00834	0.00953	0.01429	0.01965	0.02620	0.05656	0.63265	0.06787	0.03215	0.01310	0.00417	0.00595	0.02917	0.00953	0.00834
3	0.02502	0.01955	0.03221	0.39136	0.18125	0.02194	0.02707	0.03123	0.02259	0.11626	0.02202	0.02810	0.01614	0.01039	0.01025	0.00329	0.01255	0.00932	0.00597	0.01349
4	0.01361	0.00940	0.01158	0.01288	0.01320	0.00907	0.00802	0.01458	0.01749	0.02332	0.04550	0.37446	0.05392	0.30938	0.03097	0.00681	0.00778	0.02267	0.00802	0.00737
5	0.09618	0.01705	0.02275	0.11173	0.03141	0.01632	0.01610	0.04078	0.02630	0.38890	0.04137	0.03887	0.07987	0.01344	0.01016	0.00324	0.00908	0.01091	0.01052	0.01502
6	0.71184	0.01985	0.01508	0.01350	0.01985	0.02302	0.01111	0.03017	0.01746	0.04604	0.01429	0.01667	0.01111	0.00953	0.00635	0.00318	0.00794	0.00556	0.00635	0.01111
7	0.01250	0.00893	0.01191	0.01429	0.01488	0.00834	0.00953	0.01429	0.01965	0.02620	0.05656	0.63265	0.06787	0.03215	0.01310	0.00417	0.00595	0.02917	0.00953	0.00834
8	0.01654	0.01181	0.01654	0.01890	0.02126	0.01181	0.01654	0.02126	0.02362	0.03071	0.05433	0.11576	0.05906	0.02835	0.01417	0.00472	0.00945	0.50626	0.00945	0.00945
9	0.02553	0.02204	0.02320	0.02088	0.02669	0.02553	0.01624	0.05453	0.55679	0.04293	0.04177	0.03829	0.03133	0.01392	0.01044	0.00348	0.00812	0.01160	0.01044	0.01624
10	0.01213	0.01040	0.01040	0.01040	0.01386	0.00866	0.00780	0.01473	0.02339	0.02772	0.10396	0.09876	0.57117	0.02599	0.01213	0.00347	0.00520	0.02166	0.00953	0.00866
11	0.71184	0.01985	0.01508	0.01350	0.01985	0.02302	0.01111	0.03017	0.01746	0.04604	0.01429	0.01667	0.01111	0.00953	0.00635	0.00318	0.00794	0.00556	0.00635	0.01111
12	0.01807	0.01498	0.02531	0.02375	0.02771	0.01463	0.12049	0.02358	0.02374	0.03114	0.04764	0.09820	0.05039	0.02442	0.01376	0.00447	0.01101	0.40777	0.00860	0.01032
13	0.02128	0.01824	0.02128	0.01520	0.02432	0.01368	0.01216	0.02584	0.02128	0.03344	0.01824	0.02128	0.01520	0.00760	0.00760	0.00152	0.00760	0.00608	0.00608	0.70208
14	0.02744	0.64552	0.05378	0.01756	0.02634	0.04061	0.01756	0.03073	0.02085	0.02414	0.01427	0.01646	0.01317	0.00878	0.00658	0.00219	0.01097	0.00549	0.00439	0.01317
15	0.01466	0.01100	0.01649	0.01649	0.01833	0.01283	0.01283	0.01833	0.01649	0.02382	0.02749	0.04032	0.02566	0.07697	0.59868	0.01649	0.02749	0.01100	0.00550	0.00916
16	0.03078	0.02466	0.02617	0.02195	0.02869	0.02798	0.01752	0.24425	0.35851	0.05141	0.03509	0.03297	0.02592	0.01330	0.01037	0.00332	0.00936	0.01068	0.01037	0.01671
17	0.03901	0.02874	0.03080	0.02361	0.03182	0.03182	0.01951	0.54111	0.04825	0.06468	0.02464	0.02464	0.01745	0.01232	0.01027	0.00308	0.01129	0.00924	0.01027	0.01745
18	0.02096	0.01985	0.03363	0.47017	0.20287	0.02321	0.02928	0.02760	0.02127	0.02813	0.01852	0.02685	0.01435	0.00997	0.01023	0.00332	0.01329	0.00913	0.00470	0.01267
19	0.02128	0.01824	0.02128	0.01520	0.02432	0.01368	0.01216	0.02584	0.02128	0.03344	0.01824	0.02128	0.01520	0.00760	0.00760	0.00152	0.00760	0.00608	0.00608	0.70208
20	0.02058	0.05308	0.58618	0.02925	0.04442	0.02383	0.03792	0.03250	0.02167	0.03250	0.01842	0.02167	0.01300	0.00975	0.00975	0.00325	0.01517	0.00758	0.00433	0.01517
21	0.03551	0.04312	0.02621	0.02396	0.02882	0.51156	0.01797	0.03847	0.02797	0.02705	0.01845	0.02141	0.01514	0.01078	0.00895	0.00261	0.01649	0.00704	0.10695	0.01155
22	0.01492	0.00995	0.01119	0.01119	0.01119	0.00995	0.00622	0.01492	0.01492	0.01990	0.03233	0.06716	0.03731	0.63935	0.05223	0.00995	0.00995	0.01492	0.00622	0.00622
23	0.02315	0.15490	0.26059	0.06368	0.04126	0.02680	0.13306	0.06407	0.02385	0.03234	0.02507	0.02837	0.05676	0.01078	0.00988	0.00311	0.01369	0.00940	0.00533	0.01393
24	0.01995	0.01308	0.01490	0.07621	0.02153	0.01425	0.01155	0.02984	0.13511	0.03695	0.03561	0.08814	0.02961	0.01393	0.00870	0.00288	0.00653	0.01163	0.41850	0.01107
25	0.01250	0.00893	0.01191	0.01429	0.01488	0.00834	0.00953	0.01429	0.01965	0.02620	0.05656	0.63265	0.06787	0.03215	0.01310	0.00417	0.00595	0.02917	0.00953	0.00834
26	0.03678	0.02389	0.06638	0.06591	0.08865	0.06888	0.01974	0.07994	0.02898	0.32056	0.06901	0.03317	0.02610	0.01231	0.01029	0.00313	0.01067	0.01009	0.00981	0.01572
27	0.07937	0.14308	0.16651	0.03199	0.17733	0.02452	0.02463	0.03310	0.02340	0.11219	0.06876	0.02803	0.02285	0.01079	0.00930	0.00298	0.01121	0.00881	0.00651	0.01463
28	0.02159	0.01483	0.07161	0.01239	0.01660	0.01154	0.01110	0.02706	0.02221	0.08436	0.03249	0.03622	0.02482	0.01179	0.00772	0.00255	0.00622	0.00942	0.56464	0.01083
29	0.01938	0.01824	0.03078	0.61468	0.07068	0.02280	0.02850	0.02622	0.02052	0.02622	0.01824	0.02736	0.01368	0.01026	0.01026	0.00342	0.01368	0.00912	0.00456	0.01140

[dist]
# distance from previous block
# <min> <max>
0	3

[block]
# block no. 7 follows, 14 sequences, length 11
# corresponding to MSA columns:
# 229-239
name=unknown_H
#
# <colnr> <probs for GDERKNQSTAVLIFYWHMCP>
#	G	D	E	R	K	N	Q	S	T	A	V	L	I	F	Y	W	H	M	C	P
0	0.02493	0.22269	0.12859	0.12977	0.07520	0.02602	0.02295	0.03066	0.02248	0.09142	0.02810	0.03580	0.05352	0.01246	0.00946	0.00306	0.01150	0.05190	0.00617	0.01329
1	0.02689	0.13298	0.17268	0.17578	0.09128	0.02490	0.05678	0.03388	0.02300	0.13376	0.02207	0.02541	0.01598	0.01016	0.00963	0.00310	0.01274	0.00854	0.00610	0.01434
2	0.01425	0.01048	0.01334	0.01262	0.01516	0.00957	0.00947	0.01883	0.02840	0.03961	0.51647	0.07919	0.15124	0.02155	0.01211	0.00325	0.00488	0.01891	0.01109	0.00957
3	0.03190	0.01475	0.01747	0.01451	0.01972	0.01414	0.01162	0.08978	0.02749	0.25605	0.03530	0.03548	0.02500	0.01229	0.00875	0.00277	0.00704	0.00983	0.35260	0.01353
4	0.03718	0.10257	0.03502	0.02529	0.06403	0.02159	0.10515	0.04377	0.06470	0.34415	0.03251	0.03094	0.02200	0.01137	0.01013	0.00311	0.01065	0.01001	0.00971	0.01612
5	0.07890	0.16934	0.22259	0.02154	0.03204	0.02430	0.02319	0.03836	0.02402	0.23313	0.02530	0.02503	0.01745	0.01060	0.00902	0.00298	0.01138	0.00798	0.00755	0.01529
6	0.01250	0.00893	0.01191	0.01429	0.01488	0.00834	0.00953	0.01429	0.01965	0.02620	0.05656	0.63265	0.06787	0.03215	0.01310	0.00417	0.00595	0.02917	0.00953	0.00834
7	0.71184	0.01985	0.01508	0.01350	0.01985	0.02302	0.01111	0.03017	0.01746	0.04604	0.01429	0.01667	0.01111	0.00953	0.00635	0.00318	0.00794	0.00556	0.00635	0.01111
8	0.01333	0.00952	0.01285	0.01523	0.01619	0.00904	0.01096	0.01571	0.02046	0.02712	0.05611	0.52715	0.06607	0.03137	0.01332	0.00428	0.00667	0.12655	0.00951	0.00856
9	0.07413	0.14202	0.09564	0.06282	0.03218	0.02478	0.04763	0.11909	0.02654	0.03815	0.06653	0.02630	0.02169	0.01046	0.00887	0.00263	0.01052	0.00830	0.00662	0.17510
10	0.02398	0.06656	0.16193	0.01896	0.02867	0.01768	0.01896	0.03022	0.02323	0.10426	0.08015	0.02877	0.02461	0.01030	0.00890	0.00239	0.00953	0.00830	0.00695	0.32566

[dist]
# distance from previous block
# <min> <max>
0	3

[block]
# block no. 8 follows, 14 sequences, length 28
# corresponding to MSA columns:
# 243-270
name=unknown_I
#
# <colnr> <probs for GDERKNQSTAVLIFYWHMCP>
#	G	D	E	R	K	N	Q	S	T	A	V	L	I	F	Y	W	H	M	C	P
0	0.06341	0.10806	0.27948	0.06559	0.07209	0.02628	0.02784	0.09359	0.07060	0.06668	0.02168	0.02389	0.01593	0.01044	0.00941	0.00312	0.01260	0.00811	0.00618	0.01502
1	0.02781	0.17048	0.12763	0.03033	0.04004	0.02829	0.22573	0.06222	0.02457	0.09911	0.02116	0.02468	0.01584	0.01005	0.01139	0.00314	0.04771	0.00939	0.00604	0.01438
2	0.01379	0.00951	0.01203	0.01314	0.01460	0.00886	0.00919	0.01679	0.02260	0.03168	0.19379	0.38309	0.10104	0.02645	0.01209	0.00367	0.00548	0.02361	0.08975	0.00886
3	0.02058	0.05308	0.58618	0.02925	0.04442	0.02383	0.03792	0.03250	0.02167	0.03250	0.01842	0.02167	0.01300	0.00975	0.00975	0.00325	0.01517	0.00758	0.00433	0.01517
4	0.01250	0.00893	0.01191	0.01429	0.01488	0.00834	0.00953	0.01429	0.01965	0.02620	0.05656	0.63265	0.06787	0.03215	0.01310	0.00417	0.00595	0.02917	0.00953	0.00834
5	0.03901	0.02874	0.03080	0.02361	0.03182	0.03182	0.01951	0.54111	0.04825	0.06468	0.02464	0.02464	0.01745	0.01232	0.01027	0.00308	0.01129	0.00924	0.01027	0.01745
6	0.01654	0.01181	0.01654	0.01890	0.02126	0.01181	0.01654	0.02126	0.02362	0.03071	0.05433	0.11576	0.05906	0.02835	0.01417	0.00472	0.00945	0.50626	0.00945	0.00945
7	0.71184	0.01985	0.01508	0.01350	0.01985	0.02302	0.01111	0.03017	0.01746	0.04604	0.01429	0.01667	0.01111	0.00953	0.00635	0.00318	0.00794	0.00556	0.00635	0.01111
8	0.01654	0.01181	0.01654	0.01890	0.02126	0.01181	0.01654	0.02126	0.02362	0.03071	0.05433	0.11576	0.05906	0.02835	0.01417	0.00472	0.00945	0.50626	0.00945	0.00945
9	0.03901	0.02874	0.03080	0.02361	0.03182	0.03182	0.01951	0.54111	0.04825	0.06468	0.02464	0.02464	0.01745	0.01232	0.01027	0.00308	0.01129	0.00924	0.01027	0.01745
10	0.71184	0.01985	0.01508	0.01350	0.01985	0.02302	0.01111	0.03017	0.01746	0.04604	0.01429	0.01667	0.01111	0.00953	0.00635	0.00318	0.00794	0.00556	0.00635	0.01111
11	0.02744	0.64552	0.05378	0.01756	0.02634	0.04061	0.01756	0.03073	0.02085	0.02414	0.01427	0.01646	0.01317	0.00878	0.00658	0.00219	0.01097	0.00549	0.00439	0.01317
12	0.01490	0.01004	0.01165	0.01165	0.01180	0.01019	0.00678	0.01521	0.01506	0.02023	0.03192	0.06486	0.03631	0.59130	0.09891	0.01051	0.01145	0.01459	0.00616	0.00647
13	0.02058	0.05308	0.58618	0.02925	0.04442	0.02383	0.03792	0.03250	0.02167	0.03250	0.01842	0.02167	0.01300	0.00975	0.00975	0.00325	0.01517	0.00758	0.00433	0.01517
14	0.03244	0.02684	0.04549	0.03339	0.04255	0.06182	0.30493	0.11276	0.02931	0.16555	0.02563	0.02832	0.01799	0.01027	0.01123	0.00328	0.01449	0.01091	0.00771	0.01510
15	0.04604	0.01746	0.02382	0.01826	0.02620	0.01508	0.01508	0.05001	0.02937	0.58244	0.04049	0.03493	0.02540	0.01270	0.01032	0.00318	0.00873	0.01032	0.01270	0.01746
16	0.01438	0.01053	0.01159	0.01175	0.01487	0.00900	0.00864	0.01689	0.02295	0.06287	0.08952	0.21154	0.42609	0.02649	0.01223	0.00360	0.00559	0.02258	0.00973	0.00915
17	0.03079	0.03924	0.31558	0.02555	0.03729	0.02468	0.02819	0.19044	0.03115	0.14163	0.02430	0.02497	0.01660	0.01106	0.01001	0.00318	0.01283	0.00858	0.00765	0.01628
18	0.01565	0.01118	0.01552	0.01789	0.01987	0.01105	0.01500	0.01974	0.02275	0.02972	0.05482	0.22890	0.06099	0.02918	0.01394	0.00460	0.00868	0.40183	0.00947	0.00921
19	0.56203	0.15680	0.02355	0.01438	0.02127	0.02687	0.01252	0.03029	0.01821	0.04125	0.01428	0.01662	0.01156	0.00936	0.00640	0.00296	0.00860	0.00554	0.00592	0.01156
20	0.03648	0.16375	0.03583	0.02229	0.03062	0.03375	0.01908	0.42940	0.04225	0.05580	0.02237	0.02285	0.01651	0.01154	0.00946	0.00289	0.01122	0.00842	0.00898	0.01651
21	0.02296	0.11161	0.02526	0.01895	0.02405	0.02400	0.01497	0.04219	0.35976	0.03648	0.04093	0.16515	0.03663	0.01715	0.01045	0.00344	0.00807	0.01454	0.00934	0.01406
22	0.03321	0.04038	0.02517	0.02310	0.02723	0.46940	0.01685	0.03528	0.02598	0.02397	0.01947	0.02916	0.01849	0.14821	0.01866	0.00424	0.01663	0.00843	0.00549	0.01065
23	0.01516	0.01979	0.13807	0.01577	0.02128	0.01249	0.01532	0.02091	0.02581	0.03541	0.31574	0.07095	0.21434	0.01996	0.01160	0.00330	0.00720	0.01704	0.00927	0.01059
24	0.17095	0.01859	0.02734	0.48309	0.05955	0.02285	0.02469	0.02708	0.01985	0.03056	0.01738	0.02502	0.01312	0.01010	0.00940	0.00337	0.01242	0.00834	0.00495	0.01134
25	0.01585	0.01981	0.13902	0.01649	0.02170	0.01278	0.01586	0.02224	0.02743	0.03926	0.44920	0.06462	0.07848	0.01852	0.01159	0.00323	0.00710	0.01616	0.00977	0.01088
26	0.55876	0.01746	0.01439	0.01367	0.01876	0.01981	0.01077	0.02669	0.01794	0.04170	0.02354	0.15150	0.02354	0.01448	0.00783	0.00339	0.00750	0.01073	0.00705	0.01051
27	0.04055	0.02628	0.02927	0.02244	0.03059	0.02816	0.01854	0.43362	0.04412	0.17801	0.02811	0.02689	0.01919	0.01240	0.01028	0.00310	0.01073	0.00948	0.01080	0.01745

[dist]
# distance from previous block
# <min> <max>
0	4

[block]
# block no. 9 follows, 14 sequences, length 9
# corresponding to MSA columns:
# 275-283
name=unknown_J
#
# <colnr> <probs for GDERKNQSTAVLIFYWHMCP>
#	G	D	E	R	K	N	Q	S	T	A	V	L	I	F	Y	W	H	M	C	P
0	0.20990	0.02145	0.02102	0.01890	0.02485	0.02485	0.01487	0.04799	0.41190	0.04377	0.03439	0.03248	0.02590	0.01274	0.00934	0.00340	0.00807	0.00998	0.00934	0.01487
1	0.20011	0.01293	0.01166	0.01123	0.01547	0.01252	0.00869	0.01888	0.02180	0.03264	0.07987	0.07671	0.42071	0.02157	0.01058	0.00339	0.00593	0.01733	0.00868	0.00932
2	0.01492	0.00995	0.01119	0.01119	0.01119	0.00995	0.00622	0.01492	0.01492	0.01990	0.03233	0.06716	0.03731	0.63935	0.05223	0.00995	0.00995	0.01492	0.00622	0.00622
3	0.71184	0.01985	0.01508	0.01350	0.01985	0.02302	0.01111	0.03017	0.01746	0.04604	0.01429	0.01667	0.01111	0.00953	0.00635	0.00318	0.00794	0.00556	0.00635	0.01111
4	0.03703	0.01820	0.02306	0.01774	0.02575	0.01590	0.01443	0.04404	0.08775	0.37301	0.03466	0.03165	0.02334	0.01147	0.00960	0.00277	0.00836	0.00933	0.01066	0.20125
5	0.02654	0.01803	0.02891	0.45445	0.05873	0.02073	0.02490	0.03261	0.02290	0.17565	0.02422	0.02939	0.01683	0.01092	0.01028	0.00335	0.01235	0.00944	0.00675	0.01303
6	0.02759	0.19003	0.13103	0.03103	0.04112	0.06864	0.24421	0.03448	0.02382	0.08261	0.02029	0.02397	0.01535	0.00937	0.00997	0.00302	0.01463	0.00919	0.00558	0.01408
7	0.01776	0.01517	0.01682	0.01587	0.01838	0.06815	0.01165	0.02044	0.01782	0.02400	0.02662	0.04325	0.02640	0.21374	0.32763	0.01169	0.01963	0.01107	0.00574	0.08818
8	0.05802	0.01799	0.02287	0.08924	0.05893	0.01914	0.01699	0.12788	0.02600	0.03682	0.03281	0.19602	0.03356	0.01836	0.01247	0.00345	0.05222	0.06148	0.00785	0.10789

[dist]
# distance from previous block
# <min> <max>
0	633

# created by:
# /st0/software/busco_prod/Augustus/scripts/msa2prfl.pl ./align_prep/4703.fa
