[name]
unknown

[dist]
# distance from previous block
# <min> <max>
0	113

[block]
# block no. 0 follows, 14 sequences, length 17
# corresponding to MSA columns:
# 113-129
name=unknown_A
#
# <colnr> <probs for GDERKNQSTAVLIFYWHMCP>
#	G	D	E	R	K	N	Q	S	T	A	V	L	I	F	Y	W	H	M	C	P
0	0.01419	0.01059	0.01374	0.01485	0.01689	0.00946	0.01057	0.01666	0.02026	0.02770	0.05062	0.49333	0.05918	0.02813	0.01238	0.00382	0.00652	0.06992	0.00900	0.11219
1	0.08012	0.01081	0.01131	0.01116	0.01211	0.01110	0.00681	0.01768	0.01615	0.02507	0.03083	0.05816	0.03324	0.48717	0.04124	0.00819	0.00899	0.01325	0.10944	0.00717
2	0.02328	0.02389	0.03933	0.03590	0.11480	0.02918	0.13664	0.02750	0.01872	0.02781	0.01594	0.02404	0.01435	0.01461	0.02544	0.00405	0.39756	0.00969	0.00473	0.01255
3	0.01452	0.01049	0.01372	0.01291	0.01533	0.00968	0.00968	0.01937	0.02905	0.04115	0.56992	0.07666	0.09683	0.02098	0.01210	0.00323	0.00484	0.01856	0.01130	0.00968
4	0.01258	0.01041	0.01102	0.01087	0.01414	0.00886	0.00815	0.01560	0.02446	0.03026	0.19194	0.09459	0.48160	0.02504	0.01212	0.00342	0.00513	0.02107	0.00986	0.00886
5	0.02890	0.56769	0.05088	0.01832	0.02703	0.03950	0.01780	0.09514	0.02431	0.02926	0.01558	0.01749	0.01371	0.00923	0.00705	0.00231	0.01101	0.00596	0.00513	0.01371
6	0.01317	0.00893	0.01209	0.01417	0.01469	0.00841	0.00945	0.01417	0.01886	0.02514	0.05167	0.55675	0.06156	0.03259	0.01651	0.09216	0.00633	0.02662	0.00889	0.00785
7	0.71184	0.01985	0.01508	0.01350	0.01985	0.02302	0.01111	0.03017	0.01746	0.04604	0.01429	0.01667	0.01111	0.00953	0.00635	0.00318	0.00794	0.00556	0.00635	0.01111
8	0.02744	0.64552	0.05378	0.01756	0.02634	0.04061	0.01756	0.03073	0.02085	0.02414	0.01427	0.01646	0.01317	0.00878	0.00658	0.00219	0.01097	0.00549	0.00439	0.01317
9	0.06979	0.30656	0.11594	0.02039	0.02876	0.06870	0.01981	0.07129	0.10315	0.03247	0.02065	0.02270	0.01683	0.01440	0.04535	0.00359	0.01250	0.00739	0.00596	0.01376
10	0.01593	0.01138	0.01584	0.01821	0.02031	0.01129	0.01549	0.02022	0.02303	0.03004	0.05467	0.19306	0.06038	0.02892	0.01401	0.00464	0.00893	0.43491	0.00946	0.00928
11	0.02698	0.08301	0.30585	0.03171	0.12624	0.02516	0.02973	0.09255	0.05233	0.09642	0.02254	0.02452	0.01632	0.01040	0.00974	0.00312	0.01288	0.00837	0.00635	0.01576
12	0.01442	0.00974	0.01134	0.01184	0.01197	0.00961	0.00691	0.01479	0.01591	0.02122	0.03740	0.18547	0.04370	0.51230	0.04404	0.00874	0.00911	0.01791	0.00691	0.00666
13	0.02911	0.06454	0.20275	0.02631	0.03599	0.02353	0.10106	0.04018	0.11191	0.17751	0.02786	0.02856	0.01970	0.01153	0.01175	0.00332	0.05171	0.00962	0.00768	0.01539
14	0.02131	0.02252	0.08614	0.02729	0.14242	0.01808	0.01917	0.03056	0.10565	0.03456	0.06253	0.06343	0.06126	0.01235	0.00966	0.00270	0.00908	0.01065	0.00706	0.25357
15	0.02042	0.01506	0.01770	0.01705	0.02010	0.01567	0.01258	0.15532	0.06168	0.03842	0.08438	0.39557	0.05444	0.02499	0.01212	0.00377	0.00741	0.02207	0.00991	0.01132
16	0.11503	0.02156	0.02342	0.01783	0.02610	0.02068	0.01448	0.17451	0.05701	0.07506	0.02203	0.02330	0.01674	0.00979	0.00850	0.00236	0.00877	0.00743	0.00789	0.34749

[dist]
# distance from previous block
# <min> <max>
0	2

[block]
# block no. 1 follows, 14 sequences, length 67
# corresponding to MSA columns:
# 132-198
name=unknown_B
#
# <colnr> <probs for GDERKNQSTAVLIFYWHMCP>
#	G	D	E	R	K	N	Q	S	T	A	V	L	I	F	Y	W	H	M	C	P
0	0.08671	0.02631	0.12995	0.02095	0.03003	0.02048	0.01982	0.11809	0.06544	0.32759	0.03220	0.02983	0.02127	0.01194	0.00993	0.00320	0.01022	0.00939	0.01016	0.01649
1	0.13376	0.02151	0.02279	0.01950	0.02580	0.02379	0.01550	0.14227	0.26810	0.12054	0.03509	0.07158	0.02720	0.01400	0.00995	0.00336	0.00865	0.01123	0.01004	0.01534
2	0.02922	0.02462	0.09991	0.11342	0.13939	0.02173	0.05818	0.07482	0.02626	0.17575	0.06790	0.03158	0.02404	0.01204	0.01206	0.00330	0.05301	0.01019	0.00774	0.01483
3	0.02744	0.64552	0.05378	0.01756	0.02634	0.04061	0.01756	0.03073	0.02085	0.02414	0.01427	0.01646	0.01317	0.00878	0.00658	0.00219	0.01097	0.00549	0.00439	0.01317
4	0.02505	0.02002	0.02658	0.02183	0.02771	0.02113	0.08672	0.10080	0.23576	0.07633	0.18996	0.04608	0.04610	0.01497	0.01113	0.00334	0.00886	0.01332	0.01008	0.01423
5	0.01250	0.00893	0.01191	0.01429	0.01488	0.00834	0.00953	0.01429	0.01965	0.02620	0.05656	0.63265	0.06787	0.03215	0.01310	0.00417	0.00595	0.02917	0.00953	0.00834
6	0.02335	0.02404	0.09884	0.02135	0.02821	0.02118	0.05838	0.12701	0.17713	0.04258	0.15209	0.04791	0.10228	0.01556	0.01100	0.00332	0.00933	0.01332	0.00926	0.01386
7	0.01913	0.00956	0.00956	0.00956	0.01196	0.00956	0.00717	0.02391	0.02152	0.03826	0.03348	0.03826	0.02630	0.01196	0.00717	0.00239	0.00478	0.00956	0.69632	0.00956
8	0.11931	0.07765	0.06907	0.02329	0.03084	0.21776	0.01975	0.24289	0.03442	0.04432	0.01933	0.02087	0.01467	0.01098	0.00917	0.00290	0.01351	0.00755	0.00733	0.01439
9	0.02662	0.39713	0.03981	0.01753	0.02448	0.02953	0.01643	0.03039	0.02308	0.09529	0.06929	0.04244	0.03007	0.01396	0.00893	0.00288	0.00992	0.10258	0.00692	0.01271
10	0.02712	0.10290	0.09968	0.01797	0.02759	0.01874	0.01682	0.03235	0.02295	0.14606	0.02237	0.02355	0.01677	0.00909	0.00832	0.00218	0.00925	0.00708	0.00701	0.38221
11	0.19441	0.11699	0.02733	0.01912	0.02598	0.02842	0.01583	0.13952	0.24667	0.04507	0.02764	0.02711	0.02100	0.01177	0.00884	0.00313	0.00912	0.00876	0.00850	0.01477
12	0.01288	0.01043	0.01144	0.01118	0.01432	0.00898	0.00839	0.01618	0.02516	0.03193	0.24999	0.09183	0.42251	0.02442	0.01212	0.00339	0.00509	0.02069	0.01008	0.00898
13	0.02128	0.01824	0.02128	0.01520	0.02432	0.01368	0.01216	0.02584	0.02128	0.03344	0.01824	0.02128	0.01520	0.00760	0.00760	0.00152	0.00760	0.00608	0.00608	0.70208
14	0.02257	0.02256	0.08938	0.01982	0.02557	0.02087	0.01700	0.07315	0.30258	0.03921	0.04022	0.16016	0.03544	0.01698	0.01065	0.00348	0.00848	0.01448	0.06341	0.01401
15	0.02744	0.64552	0.05378	0.01756	0.02634	0.04061	0.01756	0.03073	0.02085	0.02414	0.01427	0.01646	0.01317	0.00878	0.00658	0.00219	0.01097	0.00549	0.00439	0.01317
16	0.08499	0.15445	0.21753	0.02285	0.03330	0.02812	0.02403	0.17228	0.02934	0.10821	0.02168	0.02269	0.01561	0.01060	0.00908	0.00298	0.01194	0.00780	0.00714	0.01536
17	0.03747	0.02792	0.03080	0.07008	0.03488	0.03111	0.02021	0.50063	0.04607	0.06165	0.02414	0.02485	0.01716	0.01216	0.01027	0.00311	0.01148	0.00923	0.00982	0.01698
18	0.03833	0.04891	0.02908	0.02644	0.03173	0.59815	0.01983	0.04098	0.02908	0.02512	0.01586	0.01851	0.01322	0.01058	0.00925	0.00264	0.01851	0.00661	0.00529	0.01190
19	0.01250	0.00893	0.01191	0.01429	0.01488	0.00834	0.00953	0.01429	0.01965	0.02620	0.05656	0.63265	0.06787	0.03215	0.01310	0.00417	0.00595	0.02917	0.00953	0.00834
20	0.01678	0.01099	0.01444	0.01329	0.01611	0.01007	0.01007	0.02156	0.02907	0.07988	0.53204	0.07367	0.09172	0.02039	0.01198	0.00322	0.00512	0.01797	0.01140	0.01024
21	0.01217	0.01022	0.01058	0.01087	0.01399	0.00862	0.00801	0.01467	0.02293	0.02754	0.09814	0.16431	0.50938	0.02675	0.01225	0.00355	0.00529	0.02258	0.00953	0.00862
22	0.02466	0.02363	0.04032	0.13072	0.51338	0.02419	0.03113	0.03085	0.02302	0.03263	0.01917	0.02564	0.01594	0.00928	0.01017	0.00309	0.01237	0.00914	0.00502	0.01566
23	0.04604	0.01746	0.02382	0.01826	0.02620	0.01508	0.01508	0.05001	0.02937	0.58244	0.04049	0.03493	0.02540	0.01270	0.01032	0.00318	0.00873	0.01032	0.01270	0.01746
24	0.01250	0.00893	0.01191	0.01429	0.01488	0.00834	0.00953	0.01429	0.01965	0.02620	0.05656	0.63265	0.06787	0.03215	0.01310	0.00417	0.00595	0.02917	0.00953	0.00834
25	0.03603	0.16452	0.03446	0.02653	0.07316	0.36748	0.01971	0.03925	0.02699	0.09401	0.01883	0.02065	0.01495	0.01036	0.00891	0.00265	0.01527	0.00704	0.00600	0.01319
26	0.01250	0.00893	0.01191	0.01429	0.01488	0.00834	0.00953	0.01429	0.01965	0.02620	0.05656	0.63265	0.06787	0.03215	0.01310	0.00417	0.00595	0.02917	0.00953	0.00834
27	0.01524	0.01015	0.01327	0.01327	0.01388	0.01077	0.00880	0.01584	0.01523	0.02092	0.02869	0.05317	0.03070	0.36721	0.23321	0.10852	0.01567	0.01277	0.00573	0.00696
28	0.01938	0.01824	0.03078	0.61468	0.07068	0.02280	0.02850	0.02622	0.02052	0.02622	0.01824	0.02736	0.01368	0.01026	0.01026	0.00342	0.01368	0.00912	0.00456	0.01140
29	0.02483	0.02361	0.11257	0.30209	0.08235	0.02082	0.06287	0.03161	0.02273	0.13331	0.02533	0.06910	0.01977	0.01196	0.01052	0.00338	0.01261	0.01070	0.00648	0.01335
30	0.02375	0.02270	0.03867	0.21425	0.43697	0.02395	0.03067	0.03005	0.02259	0.03152	0.01901	0.02594	0.01555	0.00945	0.01019	0.00315	0.01260	0.00914	0.00494	0.01492
31	0.02714	0.02168	0.02325	0.02068	0.02665	0.02470	0.01615	0.05418	0.51533	0.08535	0.04167	0.03802	0.03086	0.01383	0.01043	0.00346	0.00817	0.01150	0.01062	0.01634
32	0.61891	0.01840	0.01466	0.01360	0.01919	0.02107	0.01090	0.02806	0.01775	0.04341	0.01991	0.09852	0.01866	0.01253	0.00725	0.00331	0.00767	0.00870	0.00677	0.01074
33	0.02370	0.01958	0.02693	0.09210	0.03233	0.02062	0.08518	0.17469	0.06704	0.04167	0.11422	0.11765	0.10579	0.01708	0.01136	0.00340	0.00983	0.01510	0.00888	0.01285
34	0.02661	0.02791	0.10397	0.10945	0.11163	0.02614	0.10025	0.13983	0.16841	0.04109	0.02626	0.02877	0.01962	0.01119	0.01051	0.00330	0.01226	0.01005	0.00739	0.01536
35	0.02225	0.02514	0.08305	0.10550	0.04665	0.02266	0.29356	0.03171	0.06518	0.03257	0.02623	0.03931	0.02215	0.01189	0.01155	0.00348	0.01428	0.07663	0.00609	0.06013
36	0.01801	0.01605	0.02532	0.29346	0.04372	0.02022	0.02149	0.02292	0.01823	0.02506	0.02112	0.03166	0.01831	0.03737	0.24274	0.00867	0.11041	0.00983	0.00491	0.01050
37	0.01489	0.01009	0.01193	0.01193	0.01218	0.01035	0.00713	0.01539	0.01514	0.02044	0.03166	0.06344	0.03570	0.56157	0.12781	0.01085	0.01237	0.01438	0.00612	0.00663
38	0.02271	0.01920	0.02722	0.22455	0.15102	0.05724	0.02152	0.05915	0.02122	0.02753	0.01860	0.02744	0.01580	0.01851	0.01995	0.23185	0.01197	0.00890	0.00507	0.01057
39	0.01422	0.01048	0.01329	0.01259	0.01514	0.00955	0.00944	0.01877	0.02832	0.03943	0.51019	0.07949	0.15763	0.02162	0.01211	0.00326	0.00489	0.01896	0.01107	0.00955
40	0.07177	0.10656	0.21334	0.07503	0.10724	0.06359	0.02603	0.02922	0.02119	0.03022	0.02185	0.09649	0.02016	0.01304	0.01150	0.00328	0.06086	0.01021	0.00532	0.01311
41	0.01250	0.00893	0.01191	0.01429	0.01488	0.00834	0.00953	0.01429	0.01965	0.02620	0.05656	0.63265	0.06787	0.03215	0.01310	0.00417	0.00595	0.02917	0.00953	0.00834
42	0.02451	0.19782	0.08062	0.10793	0.11376	0.06626	0.11759	0.03022	0.02262	0.02920	0.05696	0.02639	0.02013	0.01067	0.01117	0.00303	0.05369	0.00907	0.00521	0.01316
43	0.02540	0.02438	0.04165	0.06299	0.57533	0.02438	0.03149	0.03149	0.02337	0.03353	0.01930	0.02540	0.01626	0.00914	0.01016	0.00305	0.01219	0.00914	0.00508	0.01626
44	0.02330	0.02364	0.03153	0.41377	0.13257	0.10341	0.02684	0.03101	0.05998	0.02827	0.01972	0.02662	0.01522	0.01041	0.01012	0.00326	0.01375	0.00895	0.00515	0.01249
45	0.01423	0.01048	0.01331	0.01260	0.01515	0.00956	0.00945	0.01880	0.02835	0.03950	0.51271	0.07937	0.15506	0.02159	0.01211	0.00326	0.00489	0.01894	0.01108	0.00956
46	0.02128	0.01824	0.02128	0.01520	0.02432	0.01368	0.01216	0.02584	0.02128	0.03344	0.01824	0.02128	0.01520	0.00760	0.00760	0.00152	0.00760	0.00608	0.00608	0.70208
47	0.02362	0.02290	0.03139	0.02671	0.02729	0.03146	0.02224	0.06116	0.01801	0.02752	0.01426	0.02261	0.01375	0.01756	0.03202	0.00439	0.57754	0.00900	0.00490	0.01167
48	0.71184	0.01985	0.01508	0.01350	0.01985	0.02302	0.01111	0.03017	0.01746	0.04604	0.01429	0.01667	0.01111	0.00953	0.00635	0.00318	0.00794	0.00556	0.00635	0.01111
49	0.04604	0.01746	0.02382	0.01826	0.02620	0.01508	0.01508	0.05001	0.02937	0.58244	0.04049	0.03493	0.02540	0.01270	0.01032	0.00318	0.00873	0.01032	0.01270	0.01746
50	0.71184	0.01985	0.01508	0.01350	0.01985	0.02302	0.01111	0.03017	0.01746	0.04604	0.01429	0.01667	0.01111	0.00953	0.00635	0.00318	0.00794	0.00556	0.00635	0.01111
51	0.01250	0.00893	0.01191	0.01429	0.01488	0.00834	0.00953	0.01429	0.01965	0.02620	0.05656	0.63265	0.06787	0.03215	0.01310	0.00417	0.00595	0.02917	0.00953	0.00834
52	0.71184	0.01985	0.01508	0.01350	0.01985	0.02302	0.01111	0.03017	0.01746	0.04604	0.01429	0.01667	0.01111	0.00953	0.00635	0.00318	0.00794	0.00556	0.00635	0.01111
53	0.71184	0.01985	0.01508	0.01350	0.01985	0.02302	0.01111	0.03017	0.01746	0.04604	0.01429	0.01667	0.01111	0.00953	0.00635	0.00318	0.00794	0.00556	0.00635	0.01111
54	0.71184	0.01985	0.01508	0.01350	0.01985	0.02302	0.01111	0.03017	0.01746	0.04604	0.01429	0.01667	0.01111	0.00953	0.00635	0.00318	0.00794	0.00556	0.00635	0.01111
55	0.03901	0.02874	0.03080	0.02361	0.03182	0.03182	0.01951	0.54111	0.04825	0.06468	0.02464	0.02464	0.01745	0.01232	0.01027	0.00308	0.01129	0.00924	0.01027	0.01745
56	0.65891	0.01966	0.01578	0.01387	0.02035	0.02239	0.01143	0.03174	0.01841	0.08868	0.01637	0.01812	0.01225	0.00978	0.00667	0.00318	0.00800	0.00594	0.00686	0.01162
57	0.03833	0.04891	0.02908	0.02644	0.03173	0.59815	0.01983	0.04098	0.02908	0.02512	0.01586	0.01851	0.01322	0.01058	0.00925	0.00264	0.01851	0.00661	0.00529	0.01190
58	0.04274	0.01649	0.02207	0.01719	0.02445	0.01441	0.01411	0.04681	0.02841	0.51563	0.03963	0.03534	0.02551	0.01261	0.00993	0.00308	0.00825	0.01023	0.09663	0.01649
59	0.04604	0.01746	0.02382	0.01826	0.02620	0.01508	0.01508	0.05001	0.02937	0.58244	0.04049	0.03493	0.02540	0.01270	0.01032	0.00318	0.00873	0.01032	0.01270	0.01746
60	0.02553	0.02204	0.02320	0.02088	0.02669	0.02553	0.01624	0.05453	0.55679	0.04293	0.04177	0.03829	0.03133	0.01392	0.01044	0.00348	0.00812	0.01160	0.01044	0.01624
61	0.03382	0.02019	0.02345	0.01982	0.02649	0.02130	0.01577	0.05270	0.34354	0.26107	0.04125	0.03693	0.02893	0.01343	0.01039	0.00336	0.00837	0.01108	0.01136	0.01674
62	0.01307	0.00933	0.01255	0.01493	0.01577	0.00882	0.01050	0.01526	0.02020	0.02683	0.05625	0.56060	0.06664	0.03162	0.01325	0.00425	0.00644	0.09567	0.00952	0.00849
63	0.01686	0.00939	0.01340	0.01340	0.01365	0.00964	0.00895	0.01433	0.01408	0.01903	0.02182	0.03907	0.02249	0.15251	0.11872	0.48038	0.01164	0.01030	0.00492	0.00542
64	0.04604	0.01746	0.02382	0.01826	0.02620	0.01508	0.01508	0.05001	0.02937	0.58244	0.04049	0.03493	0.02540	0.01270	0.01032	0.00318	0.00873	0.01032	0.01270	0.01746
65	0.04217	0.01661	0.02258	0.01760	0.02486	0.01442	0.01442	0.04625	0.02933	0.51599	0.10548	0.04005	0.03417	0.01372	0.01054	0.00318	0.00825	0.01133	0.01253	0.01651
66	0.03700	0.12216	0.03211	0.02535	0.03106	0.52970	0.01955	0.03972	0.02807	0.02500	0.01567	0.01826	0.01321	0.01035	0.00893	0.00259	0.01758	0.00647	0.00518	0.01205

[dist]
# distance from previous block
# <min> <max>
0	6

[block]
# block no. 2 follows, 14 sequences, length 29
# corresponding to MSA columns:
# 205-233
name=unknown_C
#
# <colnr> <probs for GDERKNQSTAVLIFYWHMCP>
#	G	D	E	R	K	N	Q	S	T	A	V	L	I	F	Y	W	H	M	C	P
0	0.02265	0.08349	0.35617	0.03844	0.17738	0.02534	0.08927	0.03217	0.02232	0.03223	0.01861	0.02290	0.01411	0.00941	0.00989	0.00315	0.01437	0.00832	0.00462	0.01516
1	0.01821	0.01038	0.01394	0.01497	0.01681	0.00948	0.01047	0.02037	0.02130	0.12092	0.05382	0.53087	0.06064	0.02884	0.01263	0.00400	0.00643	0.02596	0.01007	0.00989
2	0.02192	0.01277	0.01616	0.11515	0.02520	0.01347	0.01298	0.02826	0.05486	0.09441	0.03492	0.07657	0.02903	0.01417	0.00906	0.00298	0.00731	0.04414	0.37557	0.01106
3	0.71184	0.01985	0.01508	0.01350	0.01985	0.02302	0.01111	0.03017	0.01746	0.04604	0.01429	0.01667	0.01111	0.00953	0.00635	0.00318	0.00794	0.00556	0.00635	0.01111
4	0.07044	0.07063	0.12812	0.26493	0.08670	0.08839	0.05674	0.06033	0.02351	0.03149	0.01808	0.02371	0.01381	0.01001	0.00966	0.00317	0.01387	0.00829	0.00512	0.01302
5	0.13781	0.01748	0.01900	0.01444	0.02226	0.01467	0.01153	0.02540	0.02128	0.03571	0.05970	0.02934	0.05714	0.01004	0.00799	0.00204	0.00731	0.00786	0.00670	0.49228
6	0.04604	0.01746	0.02382	0.01826	0.02620	0.01508	0.01508	0.05001	0.02937	0.58244	0.04049	0.03493	0.02540	0.01270	0.01032	0.00318	0.00873	0.01032	0.01270	0.01746
7	0.03639	0.02584	0.02813	0.02235	0.02992	0.02842	0.01821	0.36564	0.17381	0.11549	0.03066	0.02918	0.02180	0.01276	0.01032	0.00319	0.01022	0.00995	0.01057	0.01715
8	0.03139	0.14130	0.19930	0.02346	0.03260	0.19981	0.02338	0.03729	0.02510	0.12284	0.02156	0.02304	0.01596	0.01047	0.00902	0.00283	0.01381	0.00752	0.04540	0.01391
9	0.02878	0.10705	0.36375	0.02476	0.03712	0.02310	0.02902	0.03743	0.02383	0.19252	0.02442	0.02498	0.01665	0.01051	0.00957	0.00311	0.01283	0.00816	0.00679	0.01562
10	0.02417	0.29345	0.26602	0.02824	0.07046	0.03108	0.09236	0.03175	0.02176	0.02915	0.01705	0.02050	0.01359	0.00917	0.00876	0.00283	0.01352	0.00738	0.00451	0.01424
11	0.01250	0.00893	0.01191	0.01429	0.01488	0.00834	0.00953	0.01429	0.01965	0.02620	0.05656	0.63265	0.06787	0.03215	0.01310	0.00417	0.00595	0.02917	0.00953	0.00834
12	0.01821	0.01038	0.01394	0.01497	0.01681	0.00948	0.01047	0.02037	0.02130	0.12092	0.05382	0.53087	0.06064	0.02884	0.01263	0.00400	0.00643	0.02596	0.01007	0.00989
13	0.02231	0.11520	0.31938	0.02298	0.03306	0.02135	0.02604	0.02983	0.02192	0.08968	0.02937	0.16811	0.02745	0.01529	0.01020	0.00332	0.01173	0.01276	0.00649	0.01353
14	0.01783	0.00891	0.01337	0.01337	0.01337	0.00891	0.00891	0.01337	0.01337	0.01783	0.01783	0.03119	0.01783	0.03565	0.04011	0.70143	0.00891	0.00891	0.00446	0.00446
15	0.15358	0.02723	0.02812	0.02189	0.02978	0.03033	0.01808	0.45411	0.04301	0.06150	0.02288	0.02328	0.01637	0.01184	0.00960	0.00310	0.01072	0.00861	0.00960	0.01637
16	0.71184	0.01985	0.01508	0.01350	0.01985	0.02302	0.01111	0.03017	0.01746	0.04604	0.01429	0.01667	0.01111	0.00953	0.00635	0.00318	0.00794	0.00556	0.00635	0.01111
17	0.02368	0.16469	0.44444	0.02623	0.03966	0.02645	0.03240	0.03338	0.02205	0.06923	0.01916	0.02159	0.01390	0.00977	0.00918	0.00304	0.01391	0.00737	0.00493	0.01494
18	0.01219	0.01015	0.01065	0.01106	0.01404	0.00861	0.00809	0.01465	0.02275	0.02746	0.09589	0.18968	0.48546	0.02704	0.01229	0.00358	0.00533	0.02294	0.00953	0.00861
19	0.71184	0.01985	0.01508	0.01350	0.01985	0.02302	0.01111	0.03017	0.01746	0.04604	0.01429	0.01667	0.01111	0.00953	0.00635	0.00318	0.00794	0.00556	0.00635	0.01111
20	0.03901	0.02874	0.03080	0.02361	0.03182	0.03182	0.01951	0.54111	0.04825	0.06468	0.02464	0.02464	0.01745	0.01232	0.01027	0.00308	0.01129	0.00924	0.01027	0.01745
21	0.02744	0.64552	0.05378	0.01756	0.02634	0.04061	0.01756	0.03073	0.02085	0.02414	0.01427	0.01646	0.01317	0.00878	0.00658	0.00219	0.01097	0.00549	0.00439	0.01317
22	0.01254	0.01041	0.01096	0.01082	0.01411	0.00884	0.00812	0.01552	0.02435	0.03001	0.18331	0.09500	0.49040	0.02514	0.01212	0.00342	0.00514	0.02113	0.00983	0.00884
23	0.03599	0.02696	0.02918	0.02218	0.03055	0.02873	0.01825	0.45337	0.04366	0.05936	0.02355	0.02407	0.01707	0.01152	0.00981	0.00281	0.01066	0.00870	0.00955	0.13404
24	0.01452	0.01049	0.01372	0.01291	0.01533	0.00968	0.00968	0.01937	0.02905	0.04115	0.56992	0.07666	0.09683	0.02098	0.01210	0.00323	0.00484	0.01856	0.01130	0.00968
25	0.01492	0.00995	0.01119	0.01119	0.01119	0.00995	0.00622	0.01492	0.01492	0.01990	0.03233	0.06716	0.03731	0.63935	0.05223	0.00995	0.00995	0.01492	0.00622	0.00622
26	0.01492	0.00995	0.01119	0.01119	0.01119	0.00995	0.00622	0.01492	0.01492	0.01990	0.03233	0.06716	0.03731	0.63935	0.05223	0.00995	0.00995	0.01492	0.00622	0.00622
27	0.11213	0.02778	0.02909	0.02251	0.03052	0.03087	0.01859	0.48559	0.04490	0.06265	0.02351	0.02377	0.01676	0.01202	0.00984	0.00309	0.01093	0.00884	0.00984	0.01676
28	0.02876	0.03120	0.07094	0.07327	0.07216	0.12814	0.16674	0.12028	0.09954	0.03720	0.02254	0.02617	0.01722	0.01104	0.01192	0.00327	0.04891	0.00977	0.00661	0.01432

[dist]
# distance from previous block
# <min> <max>
0	1

[block]
# block no. 3 follows, 14 sequences, length 7
# corresponding to MSA columns:
# 235-241
name=unknown_D
#
# <colnr> <probs for GDERKNQSTAVLIFYWHMCP>
#	G	D	E	R	K	N	Q	S	T	A	V	L	I	F	Y	W	H	M	C	P
0	0.71184	0.01985	0.01508	0.01350	0.01985	0.02302	0.01111	0.03017	0.01746	0.04604	0.01429	0.01667	0.01111	0.00953	0.00635	0.00318	0.00794	0.00556	0.00635	0.01111
1	0.04073	0.01730	0.02212	0.01734	0.02436	0.01589	0.01420	0.09671	0.03000	0.43598	0.03764	0.03442	0.02473	0.01253	0.00978	0.00303	0.00833	0.01008	0.12871	0.01612
2	0.04485	0.01938	0.02500	0.01917	0.02715	0.01793	0.01584	0.13353	0.03258	0.49438	0.03779	0.03318	0.02405	0.01264	0.01031	0.00316	0.00917	0.01014	0.01229	0.01746
3	0.01466	0.01100	0.01649	0.01649	0.01833	0.01283	0.01283	0.01833	0.01649	0.02382	0.02749	0.04032	0.02566	0.07697	0.59868	0.01649	0.02749	0.01100	0.00550	0.00916
4	0.01913	0.00956	0.00956	0.00956	0.01196	0.00956	0.00717	0.02391	0.02152	0.03826	0.03348	0.03826	0.02630	0.01196	0.00717	0.00239	0.00478	0.00956	0.69632	0.00956
5	0.02553	0.02204	0.02320	0.02088	0.02669	0.02553	0.01624	0.05453	0.55679	0.04293	0.04177	0.03829	0.03133	0.01392	0.01044	0.00348	0.00812	0.01160	0.01044	0.01624
6	0.71184	0.01985	0.01508	0.01350	0.01985	0.02302	0.01111	0.03017	0.01746	0.04604	0.01429	0.01667	0.01111	0.00953	0.00635	0.00318	0.00794	0.00556	0.00635	0.01111

[dist]
# distance from previous block
# <min> <max>
0	1

[block]
# block no. 4 follows, 14 sequences, length 10
# corresponding to MSA columns:
# 243-252
name=unknown_E
#
# <colnr> <probs for GDERKNQSTAVLIFYWHMCP>
#	G	D	E	R	K	N	Q	S	T	A	V	L	I	F	Y	W	H	M	C	P
0	0.01938	0.01824	0.03078	0.61468	0.07068	0.02280	0.02850	0.02622	0.02052	0.02622	0.01824	0.02736	0.01368	0.01026	0.01026	0.00342	0.01368	0.00912	0.00456	0.01140
1	0.71184	0.01985	0.01508	0.01350	0.01985	0.02302	0.01111	0.03017	0.01746	0.04604	0.01429	0.01667	0.01111	0.00953	0.00635	0.00318	0.00794	0.00556	0.00635	0.01111
2	0.02058	0.05308	0.58618	0.02925	0.04442	0.02383	0.03792	0.03250	0.02167	0.03250	0.01842	0.02167	0.01300	0.00975	0.00975	0.00325	0.01517	0.00758	0.00433	0.01517
3	0.01272	0.01042	0.01122	0.01102	0.01422	0.00892	0.00826	0.01587	0.02479	0.03104	0.21918	0.09329	0.45387	0.02475	0.01212	0.00341	0.00511	0.02089	0.00997	0.00892
4	0.01452	0.01049	0.01372	0.01291	0.01533	0.00968	0.00968	0.01937	0.02905	0.04115	0.56992	0.07666	0.09683	0.02098	0.01210	0.00323	0.00484	0.01856	0.01130	0.00968
5	0.02155	0.10741	0.41760	0.09048	0.04628	0.02567	0.08838	0.03170	0.02174	0.03103	0.01822	0.02237	0.01336	0.00959	0.00973	0.00318	0.01481	0.00801	0.00445	0.01443
6	0.02884	0.44065	0.12038	0.02067	0.02989	0.09453	0.02073	0.08513	0.02466	0.02958	0.01607	0.01822	0.01360	0.00946	0.00767	0.00247	0.01234	0.00627	0.00509	0.01375
7	0.01452	0.01049	0.01372	0.01291	0.01533	0.00968	0.00968	0.01937	0.02905	0.04115	0.56992	0.07666	0.09683	0.02098	0.01210	0.00323	0.00484	0.01856	0.01130	0.00968
8	0.02811	0.10558	0.18174	0.08430	0.03553	0.02115	0.02240	0.03462	0.02336	0.17445	0.02360	0.02500	0.01684	0.00995	0.00906	0.00271	0.01104	0.00785	0.00696	0.17577
9	0.02128	0.01824	0.02128	0.01520	0.02432	0.01368	0.01216	0.02584	0.02128	0.03344	0.01824	0.02128	0.01520	0.00760	0.00760	0.00152	0.00760	0.00608	0.00608	0.70208

[dist]
# distance from previous block
# <min> <max>
0	1

[block]
# block no. 5 follows, 14 sequences, length 48
# corresponding to MSA columns:
# 254-301
name=unknown_F
#
# <colnr> <probs for GDERKNQSTAVLIFYWHMCP>
#	G	D	E	R	K	N	Q	S	T	A	V	L	I	F	Y	W	H	M	C	P
0	0.02128	0.01824	0.02128	0.01520	0.02432	0.01368	0.01216	0.02584	0.02128	0.03344	0.01824	0.02128	0.01520	0.00760	0.00760	0.00152	0.00760	0.00608	0.00608	0.70208
1	0.01276	0.00924	0.01206	0.01385	0.01488	0.00854	0.00944	0.01502	0.02118	0.02836	0.13039	0.52234	0.10352	0.03022	0.01290	0.00399	0.00575	0.02724	0.00977	0.00854
2	0.02552	0.10519	0.05924	0.01795	0.02718	0.02135	0.01576	0.12747	0.02651	0.03826	0.01897	0.02132	0.01525	0.00880	0.00811	0.00201	0.00919	0.00670	0.00658	0.43865
3	0.01392	0.01036	0.01314	0.01501	0.01617	0.01021	0.01026	0.01867	0.07809	0.02802	0.05495	0.56798	0.06390	0.03017	0.01281	0.00409	0.00619	0.02726	0.00963	0.00920
4	0.11294	0.23647	0.07569	0.02002	0.02800	0.09173	0.01821	0.08202	0.10612	0.10267	0.02305	0.02339	0.01755	0.01071	0.00845	0.00283	0.01106	0.00762	0.00717	0.01430
5	0.02553	0.02204	0.02320	0.02088	0.02669	0.02553	0.01624	0.05453	0.55679	0.04293	0.04177	0.03829	0.03133	0.01392	0.01044	0.00348	0.00812	0.01160	0.01044	0.01624
6	0.02219	0.01960	0.02580	0.02580	0.14649	0.01605	0.01645	0.02709	0.02174	0.03346	0.01848	0.02219	0.01543	0.00794	0.00817	0.00186	0.00862	0.00676	0.00586	0.55002
7	0.01448	0.01046	0.01410	0.01631	0.01798	0.01009	0.01289	0.01778	0.02188	0.02854	0.05872	0.33908	0.09812	0.02984	0.01357	0.00440	0.00764	0.26572	0.00949	0.00891
8	0.01310	0.00899	0.01170	0.01387	0.01462	0.00845	0.00932	0.01515	0.01982	0.02728	0.05449	0.57945	0.06415	0.03034	0.01257	0.00401	0.00585	0.02742	0.07100	0.00845
9	0.01250	0.00893	0.01191	0.01429	0.01488	0.00834	0.00953	0.01429	0.01965	0.02620	0.05656	0.63265	0.06787	0.03215	0.01310	0.00417	0.00595	0.02917	0.00953	0.00834
10	0.01452	0.01049	0.01372	0.01291	0.01533	0.00968	0.00968	0.01937	0.02905	0.04115	0.56992	0.07666	0.09683	0.02098	0.01210	0.00323	0.00484	0.01856	0.01130	0.00968
11	0.02540	0.02438	0.04165	0.06299	0.57533	0.02438	0.03149	0.03149	0.02337	0.03353	0.01930	0.02540	0.01626	0.00914	0.01016	0.00305	0.01219	0.00914	0.00508	0.01626
12	0.02128	0.01824	0.02128	0.01520	0.02432	0.01368	0.01216	0.02584	0.02128	0.03344	0.01824	0.02128	0.01520	0.00760	0.00760	0.00152	0.00760	0.00608	0.00608	0.70208
13	0.02657	0.06067	0.02493	0.01714	0.02579	0.05732	0.01394	0.07540	0.02490	0.08254	0.02032	0.02227	0.01602	0.00874	0.00812	0.00192	0.00899	0.00673	0.00687	0.49082
14	0.01828	0.01207	0.01512	0.01393	0.01775	0.01067	0.01098	0.02250	0.02646	0.09506	0.29458	0.07733	0.18071	0.02099	0.01180	0.00332	0.00619	0.08174	0.01037	0.07013
15	0.71184	0.01985	0.01508	0.01350	0.01985	0.02302	0.01111	0.03017	0.01746	0.04604	0.01429	0.01667	0.01111	0.00953	0.00635	0.00318	0.00794	0.00556	0.00635	0.01111
16	0.01338	0.00901	0.01160	0.01366	0.01450	0.00850	0.00922	0.01556	0.01990	0.02779	0.05351	0.55406	0.06238	0.02948	0.01232	0.00393	0.00580	0.02658	0.10033	0.00850
17	0.03606	0.02587	0.02843	0.02158	0.02995	0.02705	0.01775	0.40449	0.04160	0.09655	0.02455	0.02474	0.01760	0.01143	0.00975	0.00278	0.01038	0.00870	0.00963	0.15113
18	0.02553	0.02204	0.02320	0.02088	0.02669	0.02553	0.01624	0.05453	0.55679	0.04293	0.04177	0.03829	0.03133	0.01392	0.01044	0.00348	0.00812	0.01160	0.01044	0.01624
19	0.02128	0.01824	0.02128	0.01520	0.02432	0.01368	0.01216	0.02584	0.02128	0.03344	0.01824	0.02128	0.01520	0.00760	0.00760	0.00152	0.00760	0.00608	0.00608	0.70208
20	0.03314	0.02532	0.12566	0.10820	0.07766	0.02000	0.05684	0.04159	0.07323	0.28516	0.03084	0.03071	0.02084	0.01143	0.01033	0.00326	0.01130	0.00983	0.00887	0.01579
21	0.01290	0.01043	0.01147	0.01121	0.01434	0.00899	0.00841	0.01622	0.02522	0.03206	0.25431	0.09163	0.41811	0.02437	0.01212	0.00339	0.00508	0.02066	0.01010	0.00899
22	0.01492	0.00995	0.01119	0.01119	0.01119	0.00995	0.00622	0.01492	0.01492	0.01990	0.03233	0.06716	0.03731	0.63935	0.05223	0.00995	0.00995	0.01492	0.00622	0.00622
23	0.02332	0.02226	0.03790	0.25358	0.40099	0.02384	0.03046	0.02967	0.02238	0.03100	0.01894	0.02608	0.01537	0.00953	0.01019	0.00318	0.01271	0.00914	0.00490	0.01458
24	0.04121	0.02065	0.02649	0.08462	0.03258	0.02052	0.01776	0.18222	0.03359	0.37980	0.03372	0.03128	0.02194	0.01233	0.01030	0.00318	0.00997	0.00989	0.01115	0.01680
25	0.01250	0.00893	0.01191	0.01429	0.01488	0.00834	0.00953	0.01429	0.01965	0.02620	0.05656	0.63265	0.06787	0.03215	0.01310	0.00417	0.00595	0.02917	0.00953	0.00834
26	0.02744	0.64552	0.05378	0.01756	0.02634	0.04061	0.01756	0.03073	0.02085	0.02414	0.01427	0.01646	0.01317	0.00878	0.00658	0.00219	0.01097	0.00549	0.00439	0.01317
27	0.01250	0.00893	0.01191	0.01429	0.01488	0.00834	0.00953	0.01429	0.01965	0.02620	0.05656	0.63265	0.06787	0.03215	0.01310	0.00417	0.00595	0.02917	0.00953	0.00834
28	0.25319	0.29097	0.09544	0.01799	0.02657	0.03077	0.01765	0.06985	0.02239	0.06997	0.01713	0.01885	0.01356	0.00964	0.00736	0.00276	0.01032	0.00632	0.00598	0.01330
29	0.16046	0.02070	0.02864	0.35622	0.09986	0.02435	0.02395	0.10557	0.02437	0.03664	0.01852	0.02465	0.01397	0.01033	0.00948	0.00329	0.01204	0.00843	0.00583	0.01270
30	0.01935	0.01730	0.02847	0.54884	0.06429	0.02136	0.02618	0.02597	0.02063	0.02753	0.01990	0.02855	0.01505	0.01044	0.00992	0.00331	0.01271	0.00917	0.07983	0.01120
31	0.03901	0.02874	0.03080	0.02361	0.03182	0.03182	0.01951	0.54111	0.04825	0.06468	0.02464	0.02464	0.01745	0.01232	0.01027	0.00308	0.01129	0.00924	0.01027	0.01745
32	0.02707	0.07813	0.06745	0.09237	0.11882	0.02599	0.02167	0.07970	0.25961	0.07603	0.03042	0.03086	0.02284	0.01185	0.00998	0.00323	0.01035	0.00989	0.00818	0.01555
33	0.03589	0.02787	0.19555	0.02123	0.03098	0.01737	0.02169	0.04236	0.02698	0.37356	0.07304	0.03396	0.02690	0.01241	0.01028	0.00320	0.01042	0.01009	0.01003	0.01618
34	0.02682	0.59250	0.10143	0.01861	0.02796	0.03910	0.01938	0.03089	0.02092	0.02489	0.01464	0.01693	0.01315	0.00887	0.00687	0.00229	0.01135	0.00567	0.00438	0.01335
35	0.02128	0.01824	0.02128	0.01520	0.02432	0.01368	0.01216	0.02584	0.02128	0.03344	0.01824	0.02128	0.01520	0.00760	0.00760	0.00152	0.00760	0.00608	0.00608	0.70208
36	0.01537	0.01568	0.06750	0.20464	0.03501	0.01423	0.01795	0.01962	0.02010	0.02675	0.04120	0.38923	0.04606	0.02332	0.01192	0.00385	0.00918	0.02099	0.00751	0.00989
37	0.16812	0.19341	0.14343	0.08700	0.03606	0.06542	0.06641	0.03308	0.06090	0.03277	0.01822	0.02143	0.01432	0.00977	0.00849	0.00297	0.01227	0.00740	0.00538	0.01314
38	0.01250	0.00893	0.01191	0.01429	0.01488	0.00834	0.00953	0.01429	0.01965	0.02620	0.05656	0.63265	0.06787	0.03215	0.01310	0.00417	0.00595	0.02917	0.00953	0.00834
39	0.01250	0.00893	0.01191	0.01429	0.01488	0.00834	0.00953	0.01429	0.01965	0.02620	0.05656	0.63265	0.06787	0.03215	0.01310	0.00417	0.00595	0.02917	0.00953	0.00834
40	0.02895	0.07476	0.14888	0.07232	0.15972	0.02430	0.12029	0.06817	0.02562	0.14225	0.02348	0.02637	0.01698	0.01012	0.01022	0.00315	0.01298	0.00935	0.00671	0.01539
41	0.14408	0.01946	0.02597	0.24264	0.07917	0.02181	0.02060	0.07850	0.06398	0.11995	0.06427	0.03076	0.02300	0.01168	0.00974	0.00328	0.01057	0.00959	0.00757	0.01337
42	0.01262	0.00971	0.01161	0.01303	0.01490	0.00870	0.00930	0.01493	0.02142	0.02711	0.07546	0.38384	0.26957	0.02942	0.01278	0.00392	0.00588	0.05776	0.00952	0.00854
43	0.12716	0.02443	0.03060	0.02783	0.10205	0.07342	0.07476	0.12121	0.02945	0.24635	0.02734	0.02735	0.01887	0.01112	0.00986	0.00313	0.01130	0.00922	0.00899	0.01557
44	0.11323	0.02076	0.02417	0.01907	0.02643	0.02099	0.01563	0.18789	0.06216	0.30896	0.06859	0.03295	0.02666	0.01287	0.01000	0.00317	0.00909	0.01011	0.01109	0.01618
45	0.02654	0.16618	0.16819	0.06147	0.06818	0.02587	0.02342	0.06922	0.02384	0.10811	0.02481	0.08973	0.02136	0.01328	0.01166	0.00320	0.06410	0.01029	0.00660	0.01397
46	0.48189	0.02016	0.02182	0.13771	0.10644	0.02317	0.01732	0.02958	0.01888	0.04044	0.01575	0.01996	0.01232	0.00962	0.00764	0.00321	0.00965	0.00675	0.00583	0.01188
47	0.12047	0.01655	0.02088	0.13453	0.06624	0.01741	0.01588	0.03265	0.06199	0.13073	0.02769	0.03056	0.02053	0.01108	0.00868	0.00290	0.00857	0.00894	0.20366	0.06008

[dist]
# distance from previous block
# <min> <max>
0	1

[block]
# block no. 6 follows, 14 sequences, length 30
# corresponding to MSA columns:
# 303-332
name=unknown_G
#
# <colnr> <probs for GDERKNQSTAVLIFYWHMCP>
#	G	D	E	R	K	N	Q	S	T	A	V	L	I	F	Y	W	H	M	C	P
0	0.02929	0.13008	0.03416	0.09498	0.10898	0.02956	0.02098	0.19409	0.17375	0.04323	0.02601	0.02733	0.01986	0.01147	0.00967	0.00307	0.01078	0.00921	0.00794	0.01554
1	0.02559	0.15715	0.11951	0.02915	0.03874	0.02562	0.22581	0.03236	0.02281	0.08664	0.02154	0.02597	0.01661	0.01527	0.06253	0.00417	0.01507	0.00943	0.00577	0.06028
2	0.03000	0.11867	0.28872	0.02377	0.03504	0.02427	0.02635	0.07087	0.05976	0.18567	0.02584	0.02589	0.01790	0.01087	0.00956	0.00309	0.01214	0.00842	0.00742	0.01575
3	0.01847	0.01379	0.01470	0.01506	0.01747	0.06193	0.01080	0.02108	0.02327	0.08542	0.12690	0.36793	0.13200	0.02587	0.01220	0.00371	0.00711	0.02276	0.00971	0.00982
4	0.02711	0.01394	0.01576	0.01392	0.01835	0.01401	0.01090	0.03633	0.12621	0.17564	0.03683	0.03743	0.02704	0.01252	0.00859	0.00280	0.00641	0.01015	0.39323	0.01283
5	0.01399	0.01047	0.01297	0.01235	0.01500	0.00945	0.00926	0.01833	0.02778	0.03815	0.46561	0.08160	0.20302	0.02210	0.01211	0.00328	0.00492	0.01925	0.01090	0.00945
6	0.03833	0.04891	0.02908	0.02644	0.03173	0.59815	0.01983	0.04098	0.02908	0.02512	0.01586	0.01851	0.01322	0.01058	0.00925	0.00264	0.01851	0.00661	0.00529	0.01190
7	0.02744	0.64552	0.05378	0.01756	0.02634	0.04061	0.01756	0.03073	0.02085	0.02414	0.01427	0.01646	0.01317	0.00878	0.00658	0.00219	0.01097	0.00549	0.00439	0.01317
8	0.01250	0.00893	0.01191	0.01429	0.01488	0.00834	0.00953	0.01429	0.01965	0.02620	0.05656	0.63265	0.06787	0.03215	0.01310	0.00417	0.00595	0.02917	0.00953	0.00834
9	0.02137	0.04757	0.47202	0.03229	0.04642	0.02429	0.14654	0.03258	0.02222	0.03258	0.01893	0.02297	0.01356	0.00951	0.01026	0.00330	0.01563	0.00857	0.00452	0.01488
10	0.03213	0.02132	0.03915	0.08164	0.04091	0.01994	0.23600	0.03839	0.02639	0.26118	0.06959	0.03431	0.02553	0.01139	0.01120	0.00332	0.01249	0.01158	0.00871	0.01482
11	0.02128	0.01824	0.02128	0.01520	0.02432	0.01368	0.01216	0.02584	0.02128	0.03344	0.01824	0.02128	0.01520	0.00760	0.00760	0.00152	0.00760	0.00608	0.00608	0.70208
12	0.04604	0.01746	0.02382	0.01826	0.02620	0.01508	0.01508	0.05001	0.02937	0.58244	0.04049	0.03493	0.02540	0.01270	0.01032	0.00318	0.00873	0.01032	0.01270	0.01746
13	0.01557	0.01489	0.07705	0.01326	0.01500	0.01154	0.00985	0.01694	0.01570	0.02134	0.03074	0.06195	0.03452	0.56724	0.04737	0.00918	0.01055	0.01408	0.00600	0.00724
14	0.08086	0.28684	0.04263	0.02492	0.06874	0.03333	0.07193	0.16900	0.06289	0.03938	0.01983	0.02185	0.01579	0.01012	0.00862	0.00278	0.01139	0.00783	0.00663	0.01465
15	0.02177	0.02127	0.02489	0.10003	0.15269	0.11049	0.01899	0.02784	0.06223	0.03190	0.13956	0.16768	0.04402	0.01724	0.01108	0.00334	0.01026	0.01516	0.00765	0.01192
16	0.01250	0.00893	0.01191	0.01429	0.01488	0.00834	0.00953	0.01429	0.01965	0.02620	0.05656	0.63265	0.06787	0.03215	0.01310	0.00417	0.00595	0.02917	0.00953	0.00834
17	0.02121	0.02182	0.07927	0.01664	0.02638	0.01472	0.01480	0.02652	0.02132	0.03334	0.01826	0.02132	0.01497	0.00782	0.00782	0.00170	0.00838	0.00623	0.00590	0.63157
18	0.02490	0.04714	0.48077	0.02754	0.04137	0.02332	0.03392	0.06894	0.02439	0.10109	0.02150	0.02347	0.01480	0.01028	0.00985	0.00323	0.01413	0.00803	0.00574	0.01560
19	0.01273	0.00911	0.01211	0.01413	0.01494	0.00849	0.00954	0.01487	0.02072	0.02791	0.11536	0.56897	0.07119	0.03087	0.01298	0.00406	0.00583	0.02796	0.00973	0.00849
20	0.09295	0.01502	0.01975	0.05899	0.02520	0.01420	0.01392	0.03520	0.02459	0.31827	0.04167	0.22264	0.03678	0.01842	0.01084	0.00351	0.00813	0.01580	0.01055	0.01357
21	0.02771	0.03548	0.28058	0.02935	0.07719	0.02292	0.06275	0.03699	0.05460	0.16232	0.02467	0.02655	0.01748	0.01151	0.01286	0.00339	0.08249	0.00905	0.00680	0.01531
22	0.01246	0.00908	0.01175	0.01389	0.01478	0.00837	0.00935	0.01433	0.02003	0.02635	0.06143	0.57784	0.11954	0.03152	0.01300	0.00410	0.00588	0.02840	0.00953	0.00837
23	0.02463	0.02391	0.04175	0.12477	0.48043	0.02431	0.06718	0.03099	0.02310	0.03264	0.01928	0.02579	0.01591	0.00924	0.01031	0.00312	0.01273	0.00935	0.00503	0.01553
24	0.09466	0.08791	0.22048	0.13145	0.07889	0.02485	0.11480	0.03225	0.02205	0.07085	0.01960	0.02387	0.01446	0.00971	0.00967	0.00320	0.01351	0.00852	0.00537	0.01393
25	0.02044	0.02582	0.13627	0.42143	0.10982	0.02333	0.06241	0.02827	0.02122	0.02845	0.01853	0.02615	0.01390	0.00997	0.01027	0.00336	0.01405	0.00903	0.00460	0.01268
26	0.01250	0.00893	0.01191	0.01429	0.01488	0.00834	0.00953	0.01429	0.01965	0.02620	0.05656	0.63265	0.06787	0.03215	0.01310	0.00417	0.00595	0.02917	0.00953	0.00834
27	0.02224	0.02058	0.08264	0.07126	0.13107	0.01722	0.04946	0.02906	0.06091	0.10457	0.04986	0.11606	0.16785	0.01708	0.01113	0.00340	0.00963	0.01503	0.00803	0.01293
28	0.15532	0.15273	0.12605	0.01949	0.02858	0.02419	0.01909	0.06844	0.02531	0.24808	0.02575	0.02503	0.01777	0.01081	0.00875	0.00298	0.01031	0.00795	0.00829	0.01507
29	0.03605	0.11092	0.13831	0.02230	0.03184	0.02645	0.02146	0.23010	0.03393	0.20762	0.02681	0.02607	0.01841	0.01148	0.00970	0.00302	0.01123	0.00875	0.00908	0.01646

[dist]
# distance from previous block
# <min> <max>
0	12

[block]
# block no. 7 follows, 14 sequences, length 28
# corresponding to MSA columns:
# 345-372
name=unknown_H
#
# <colnr> <probs for GDERKNQSTAVLIFYWHMCP>
#	G	D	E	R	K	N	Q	S	T	A	V	L	I	F	Y	W	H	M	C	P
0	0.26108	0.14826	0.09134	0.10521	0.07115	0.02755	0.05519	0.07169	0.02235	0.03733	0.01688	0.02061	0.01323	0.00965	0.00826	0.00303	0.01128	0.00723	0.00566	0.01303
1	0.21011	0.08644	0.02970	0.06215	0.09944	0.02315	0.04789	0.03243	0.02151	0.12204	0.02026	0.02309	0.01546	0.01021	0.01019	0.00293	0.05284	0.00770	0.00664	0.11582
2	0.13294	0.01278	0.01489	0.01592	0.05133	0.01344	0.01004	0.01963	0.01803	0.02859	0.10070	0.05369	0.03806	0.33459	0.10746	0.00829	0.01135	0.01295	0.00676	0.00856
3	0.03191	0.12274	0.03303	0.10034	0.07174	0.02859	0.02009	0.21501	0.13252	0.10173	0.02670	0.02740	0.01966	0.01162	0.00971	0.00307	0.01074	0.00918	0.00853	0.01568
4	0.03541	0.02104	0.02467	0.01948	0.02625	0.02155	0.01586	0.26969	0.03802	0.21638	0.15727	0.03996	0.03847	0.01447	0.01071	0.00314	0.00900	0.01175	0.01125	0.01563
5	0.01674	0.01098	0.01443	0.01329	0.01610	0.01006	0.01006	0.02152	0.02907	0.07928	0.53262	0.07372	0.09180	0.02040	0.01198	0.00322	0.00512	0.01798	0.01140	0.01023
6	0.01492	0.00995	0.01119	0.01119	0.01119	0.00995	0.00622	0.01492	0.01492	0.01990	0.03233	0.06716	0.03731	0.63935	0.05223	0.00995	0.00995	0.01492	0.00622	0.00622
7	0.01654	0.01181	0.01654	0.01890	0.02126	0.01181	0.01654	0.02126	0.02362	0.03071	0.05433	0.11576	0.05906	0.02835	0.01417	0.00472	0.00945	0.50626	0.00945	0.00945
8	0.03266	0.02559	0.02722	0.02233	0.02940	0.02886	0.01797	0.31196	0.28774	0.05443	0.03271	0.03107	0.02399	0.01307	0.01035	0.00327	0.00980	0.01035	0.01035	0.01688
9	0.71184	0.01985	0.01508	0.01350	0.01985	0.02302	0.01111	0.03017	0.01746	0.04604	0.01429	0.01667	0.01111	0.00953	0.00635	0.00318	0.00794	0.00556	0.00635	0.01111
10	0.03901	0.02874	0.03080	0.02361	0.03182	0.03182	0.01951	0.54111	0.04825	0.06468	0.02464	0.02464	0.01745	0.01232	0.01027	0.00308	0.01129	0.00924	0.01027	0.01745
11	0.71184	0.01985	0.01508	0.01350	0.01985	0.02302	0.01111	0.03017	0.01746	0.04604	0.01429	0.01667	0.01111	0.00953	0.00635	0.00318	0.00794	0.00556	0.00635	0.01111
12	0.03901	0.02874	0.03080	0.02361	0.03182	0.03182	0.01951	0.54111	0.04825	0.06468	0.02464	0.02464	0.01745	0.01232	0.01027	0.00308	0.01129	0.00924	0.01027	0.01745
13	0.02553	0.02204	0.02320	0.02088	0.02669	0.02553	0.01624	0.05453	0.55679	0.04293	0.04177	0.03829	0.03133	0.01392	0.01044	0.00348	0.00812	0.01160	0.01044	0.01624
14	0.01254	0.01029	0.01105	0.01111	0.01418	0.00880	0.00824	0.01543	0.02399	0.02973	0.17423	0.13855	0.45490	0.02569	0.01220	0.00348	0.00520	0.02177	0.00981	0.00880
15	0.01452	0.01049	0.01372	0.01291	0.01533	0.00968	0.00968	0.01937	0.02905	0.04115	0.56992	0.07666	0.09683	0.02098	0.01210	0.00323	0.00484	0.01856	0.01130	0.00968
16	0.17707	0.01442	0.01810	0.01564	0.01997	0.01463	0.08039	0.02436	0.02100	0.03668	0.03887	0.10245	0.09592	0.01489	0.00892	0.00304	0.00738	0.01262	0.28339	0.01025
17	0.01803	0.01114	0.01397	0.01365	0.01634	0.01015	0.01011	0.02114	0.02402	0.10310	0.20594	0.17972	0.16220	0.10309	0.01739	0.00443	0.00665	0.05912	0.01001	0.00979
18	0.71184	0.01985	0.01508	0.01350	0.01985	0.02302	0.01111	0.03017	0.01746	0.04604	0.01429	0.01667	0.01111	0.00953	0.00635	0.00318	0.00794	0.00556	0.00635	0.01111
19	0.03577	0.14909	0.03406	0.02177	0.02982	0.03176	0.01848	0.35580	0.09528	0.08928	0.02547	0.02516	0.01861	0.01182	0.00956	0.00295	0.01072	0.00882	0.00929	0.01648
20	0.02744	0.64552	0.05378	0.01756	0.02634	0.04061	0.01756	0.03073	0.02085	0.02414	0.01427	0.01646	0.01317	0.00878	0.00658	0.00219	0.01097	0.00549	0.00439	0.01317
21	0.03084	0.22992	0.15697	0.02243	0.03214	0.02710	0.05767	0.03927	0.08030	0.18760	0.02599	0.02594	0.01870	0.01064	0.00913	0.00293	0.01138	0.00843	0.00744	0.01519
22	0.02229	0.01344	0.01711	0.01481	0.01914	0.01237	0.01150	0.02889	0.07131	0.14958	0.37730	0.06081	0.07074	0.01769	0.01126	0.00310	0.00611	0.01536	0.01110	0.06610
23	0.02128	0.01824	0.02128	0.01520	0.02432	0.01368	0.01216	0.02584	0.02128	0.03344	0.01824	0.02128	0.01520	0.00760	0.00760	0.00152	0.00760	0.00608	0.00608	0.70208
24	0.08488	0.07208	0.06770	0.02509	0.08692	0.02002	0.05502	0.04276	0.02636	0.36720	0.03147	0.02978	0.02095	0.01131	0.00982	0.00311	0.01026	0.00942	0.00970	0.01615
