[name]
unknown

[dist]
# distance from previous block
# <min> <max>
0	86

[block]
# block no. 0 follows, 15 sequences, length 71
# corresponding to MSA columns:
# 86-156
name=unknown_A
#
# <colnr> <probs for GDERKNQSTAVLIFYWHMCP>
#	G	D	E	R	K	N	Q	S	T	A	V	L	I	F	Y	W	H	M	C	P
0	0.02650	0.01681	0.02299	0.02118	0.05914	0.01680	0.05712	0.10223	0.06250	0.14463	0.08240	0.04955	0.03458	0.01504	0.01033	0.00322	0.00865	0.09979	0.15362	0.01293
1	0.02495	0.02419	0.04017	0.07840	0.04158	0.02533	0.25854	0.08718	0.23175	0.03794	0.02803	0.03049	0.02093	0.01079	0.01085	0.00333	0.01262	0.01109	0.00737	0.01446
2	0.03420	0.01887	0.02525	0.06781	0.03008	0.01873	0.04862	0.08745	0.13277	0.31507	0.04048	0.03784	0.07016	0.01318	0.01029	0.00319	0.00919	0.01111	0.01038	0.01534
3	0.07766	0.02619	0.09579	0.03262	0.04186	0.02260	0.34167	0.03150	0.05804	0.03419	0.06225	0.02918	0.02136	0.00970	0.01064	0.00315	0.01364	0.01080	0.00590	0.07126
4	0.02933	0.01649	0.02255	0.02318	0.11080	0.01510	0.01545	0.06601	0.02562	0.25336	0.04169	0.16216	0.07874	0.01635	0.01047	0.00314	0.00822	0.01415	0.00953	0.07770
5	0.02560	0.02302	0.03179	0.02560	0.03200	0.07218	0.16564	0.04006	0.23890	0.08658	0.06861	0.08520	0.03113	0.01361	0.01081	0.00332	0.01094	0.01273	0.00846	0.01382
6	0.02473	0.02139	0.03181	0.37039	0.15287	0.02466	0.02599	0.16082	0.02728	0.03625	0.01949	0.02556	0.01467	0.01028	0.00995	0.00317	0.01244	0.00889	0.00593	0.01342
7	0.03518	0.03674	0.03250	0.02933	0.08358	0.30424	0.06449	0.21882	0.03388	0.03926	0.01910	0.02142	0.01474	0.01058	0.00965	0.00282	0.01486	0.00799	0.00681	0.01400
8	0.02870	0.02473	0.06539	0.02183	0.02858	0.07072	0.05329	0.07602	0.27775	0.13452	0.08112	0.03562	0.03038	0.01292	0.01022	0.00320	0.00983	0.01086	0.00940	0.01492
9	0.01178	0.01010	0.01010	0.01010	0.01347	0.00842	0.00757	0.01431	0.02272	0.02693	0.10099	0.09594	0.58342	0.02525	0.01178	0.00337	0.00505	0.02104	0.00926	0.00842
10	0.02759	0.02149	0.02314	0.02025	0.02625	0.02432	0.01591	0.08974	0.48119	0.09386	0.03923	0.03591	0.02890	0.01330	0.01012	0.00333	0.00817	0.01099	0.01033	0.01597
11	0.01215	0.00868	0.01157	0.01388	0.01446	0.00810	0.00925	0.01388	0.01909	0.02545	0.05495	0.64315	0.06593	0.03123	0.01272	0.00405	0.00578	0.02834	0.00925	0.00810
12	0.02275	0.02173	0.03700	0.24656	0.41710	0.02318	0.02964	0.02891	0.02179	0.03024	0.01841	0.02530	0.01497	0.00924	0.00990	0.00308	0.01232	0.00887	0.00477	0.01424
13	0.72007	0.01928	0.01465	0.01311	0.01928	0.02236	0.01080	0.02930	0.01697	0.04473	0.01388	0.01619	0.01080	0.00925	0.00617	0.00308	0.00771	0.00540	0.00617	0.01080
14	0.03790	0.02792	0.02992	0.02294	0.03091	0.03091	0.01895	0.55423	0.04687	0.06283	0.02393	0.02393	0.01695	0.01197	0.00997	0.00299	0.01097	0.00898	0.00997	0.01695
15	0.03066	0.01823	0.02149	0.01828	0.02423	0.01895	0.01449	0.04666	0.29606	0.24471	0.11464	0.04112	0.03707	0.01403	0.01032	0.00324	0.00767	0.01174	0.01107	0.01534
16	0.02688	0.08948	0.20584	0.03242	0.07579	0.02383	0.21962	0.03470	0.02341	0.13752	0.02247	0.02540	0.01604	0.00950	0.01016	0.00311	0.01376	0.00940	0.00610	0.01457
17	0.01728	0.01490	0.01650	0.01547	0.01902	0.01602	0.01190	0.02854	0.20722	0.03237	0.09916	0.11136	0.27204	0.02073	0.01322	0.00350	0.06338	0.01699	0.00922	0.01117
18	0.01411	0.01019	0.01333	0.01254	0.01489	0.00941	0.00941	0.01881	0.02822	0.03998	0.58221	0.07447	0.09406	0.02038	0.01176	0.00314	0.00470	0.01803	0.01097	0.00941
19	0.03075	0.02056	0.02318	0.01948	0.02571	0.02218	0.01551	0.14006	0.30125	0.17164	0.08684	0.03745	0.03249	0.01360	0.01023	0.00322	0.00829	0.01119	0.01069	0.01568
20	0.02073	0.04645	0.48633	0.03123	0.04500	0.02358	0.14338	0.03165	0.02156	0.03165	0.01836	0.02226	0.01315	0.00925	0.00995	0.00320	0.01516	0.00828	0.00438	0.01447
21	0.01444	0.00988	0.01194	0.01194	0.01231	0.01024	0.00737	0.01518	0.01481	0.02012	0.03044	0.05984	0.03390	0.53058	0.16660	0.01098	0.01319	0.01371	0.00590	0.00663
22	0.01450	0.00966	0.01087	0.01087	0.01087	0.00966	0.00604	0.01450	0.01450	0.01933	0.03141	0.06524	0.03624	0.64965	0.05074	0.00966	0.00966	0.01450	0.00604	0.00604
23	0.28169	0.02926	0.14419	0.06694	0.08095	0.06645	0.05530	0.06737	0.02253	0.07314	0.01820	0.02112	0.01350	0.00972	0.00851	0.00308	0.01153	0.00737	0.00603	0.01310
24	0.01530	0.01212	0.01757	0.01697	0.01835	0.01471	0.01319	0.01837	0.01579	0.02293	0.02524	0.03903	0.02427	0.11660	0.48232	0.01387	0.10843	0.01074	0.00527	0.00893
25	0.10313	0.01717	0.02240	0.01734	0.02491	0.01532	0.01432	0.04692	0.02753	0.54683	0.03713	0.03240	0.02348	0.01207	0.00969	0.00308	0.00842	0.00962	0.01180	0.01643
26	0.01384	0.00998	0.01308	0.01273	0.01483	0.00923	0.00939	0.01813	0.02696	0.03798	0.50966	0.15271	0.09019	0.02187	0.01189	0.00326	0.00485	0.01945	0.01074	0.00923
27	0.03453	0.03928	0.03492	0.02851	0.03525	0.37170	0.12939	0.14207	0.03103	0.03372	0.01812	0.02103	0.01414	0.01023	0.00976	0.00282	0.01632	0.00804	0.00609	0.01304
28	0.03680	0.02910	0.02919	0.02296	0.03051	0.08048	0.01872	0.46993	0.08676	0.05783	0.02452	0.02447	0.01767	0.01194	0.00990	0.00299	0.01133	0.00894	0.00957	0.01639
29	0.01200	0.01011	0.01039	0.01032	0.01360	0.00851	0.00774	0.01472	0.02323	0.02812	0.14504	0.09397	0.53863	0.02480	0.01178	0.00335	0.00502	0.02076	0.00941	0.00851
30	0.01215	0.00868	0.01157	0.01388	0.01446	0.00810	0.00925	0.01388	0.01909	0.02545	0.05495	0.64315	0.06593	0.03123	0.01272	0.00405	0.00578	0.02834	0.00925	0.00810
31	0.01426	0.01062	0.01571	0.01571	0.01738	0.01229	0.01207	0.01760	0.01593	0.02291	0.02699	0.04076	0.02562	0.11005	0.57581	0.01563	0.02566	0.01092	0.00538	0.00873
32	0.02353	0.02689	0.05882	0.04202	0.05210	0.02521	0.55126	0.03193	0.02353	0.03193	0.02017	0.02689	0.01513	0.00840	0.01176	0.00336	0.01681	0.01176	0.00504	0.01345
33	0.01883	0.01772	0.02990	0.62569	0.06866	0.02215	0.02769	0.02547	0.01993	0.02547	0.01772	0.02658	0.01329	0.00997	0.00997	0.00332	0.01329	0.00886	0.00443	0.01107
34	0.72007	0.01928	0.01465	0.01311	0.01928	0.02236	0.01080	0.02930	0.01697	0.04473	0.01388	0.01619	0.01080	0.00925	0.00617	0.00308	0.00771	0.00540	0.00617	0.01080
35	0.01289	0.01002	0.01172	0.01155	0.01421	0.00885	0.00857	0.01636	0.02497	0.03287	0.32071	0.13153	0.31299	0.02348	0.01185	0.00332	0.00495	0.02025	0.01005	0.00885
36	0.01424	0.01068	0.01602	0.01602	0.01780	0.01246	0.01246	0.01780	0.01602	0.02314	0.02670	0.03916	0.02492	0.07477	0.61015	0.01602	0.02670	0.01068	0.00534	0.00890
37	0.02507	0.01826	0.02159	0.01569	0.02434	0.01459	0.01265	0.06168	0.02340	0.11170	0.02108	0.02270	0.01627	0.00835	0.00791	0.00179	0.00776	0.00667	0.00705	0.57144
38	0.02782	0.02333	0.07570	0.02008	0.02919	0.01887	0.05586	0.13910	0.02746	0.11868	0.02228	0.02373	0.01647	0.00929	0.00880	0.00230	0.00962	0.00769	0.00745	0.35625
39	0.02186	0.08370	0.51988	0.02732	0.04114	0.02472	0.03423	0.07500	0.02315	0.03372	0.01817	0.02100	0.01300	0.00963	0.00934	0.00309	0.01419	0.00739	0.00469	0.01481
40	0.03263	0.15910	0.07780	0.02146	0.02952	0.06696	0.01913	0.24835	0.11879	0.09236	0.02477	0.02463	0.01827	0.01123	0.00916	0.00287	0.01096	0.00838	0.00825	0.01538
41	0.01450	0.00966	0.01087	0.01087	0.01087	0.00966	0.00604	0.01450	0.01450	0.01933	0.03141	0.06524	0.03624	0.64965	0.05074	0.00966	0.00966	0.01450	0.00604	0.00604
42	0.02123	0.04396	0.44254	0.03621	0.15655	0.02342	0.07369	0.03140	0.02157	0.03180	0.01824	0.02223	0.01347	0.00927	0.00972	0.00313	0.01429	0.00801	0.00442	0.01486
43	0.02249	0.01961	0.03362	0.19598	0.04385	0.01895	0.16810	0.02863	0.02257	0.07956	0.06729	0.02972	0.02191	0.00991	0.00994	0.00281	0.01158	0.00976	0.00622	0.19748
44	0.02347	0.02254	0.03901	0.09486	0.47859	0.02268	0.06173	0.02951	0.02295	0.03256	0.05809	0.02842	0.02104	0.00973	0.01013	0.00302	0.01176	0.00970	0.00533	0.01488
45	0.02636	0.02519	0.03826	0.05370	0.47332	0.05503	0.02840	0.07860	0.02474	0.03439	0.01871	0.02408	0.01558	0.00976	0.01124	0.00303	0.05011	0.00875	0.00537	0.01538
46	0.02715	0.03099	0.15658	0.04169	0.24161	0.06611	0.14022	0.03424	0.02375	0.10892	0.02146	0.02517	0.01600	0.00948	0.01015	0.00308	0.01350	0.00916	0.00584	0.01492
47	0.01424	0.01068	0.01602	0.01602	0.01780	0.01246	0.01246	0.01780	0.01602	0.02314	0.02670	0.03916	0.02492	0.07477	0.61015	0.01602	0.02670	0.01068	0.00534	0.00890
48	0.72007	0.01928	0.01465	0.01311	0.01928	0.02236	0.01080	0.02930	0.01697	0.04473	0.01388	0.01619	0.01080	0.00925	0.00617	0.00308	0.00771	0.00540	0.00617	0.01080
49	0.01204	0.00910	0.01113	0.01275	0.01416	0.00819	0.00875	0.01401	0.02017	0.02589	0.06870	0.47972	0.22049	0.02944	0.01244	0.00384	0.00556	0.02616	0.00925	0.00819
50	0.24071	0.01959	0.02029	0.01783	0.02375	0.02154	0.01460	0.11192	0.17012	0.11876	0.03170	0.03977	0.02578	0.01395	0.00943	0.00338	0.00855	0.08568	0.00906	0.01359
51	0.01430	0.01026	0.01382	0.01480	0.01671	0.00979	0.01159	0.01826	0.02430	0.03315	0.28062	0.22200	0.07516	0.02534	0.01266	0.00384	0.00645	0.18799	0.00997	0.00902
52	0.01566	0.01010	0.01428	0.01590	0.01719	0.00998	0.01255	0.01707	0.01927	0.02530	0.04279	0.19251	0.04729	0.03035	0.02096	0.21158	0.00836	0.27354	0.00777	0.00754
53	0.02067	0.01371	0.01968	0.01647	0.02059	0.01288	0.05760	0.05852	0.02906	0.11703	0.42296	0.06152	0.07272	0.01770	0.01141	0.00314	0.00667	0.01580	0.01058	0.01128
54	0.02725	0.02144	0.02327	0.01966	0.02545	0.02384	0.01561	0.22240	0.27631	0.04878	0.14412	0.04006	0.03854	0.01436	0.01041	0.00319	0.00833	0.01183	0.01025	0.01491
55	0.03065	0.02966	0.03050	0.03345	0.18326	0.16373	0.02141	0.15679	0.17300	0.03987	0.02486	0.02622	0.01920	0.01112	0.00976	0.00299	0.01205	0.00895	0.00749	0.01505
56	0.02551	0.55238	0.14554	0.01900	0.02859	0.03666	0.02044	0.03014	0.02039	0.02484	0.01455	0.01686	0.01276	0.00869	0.00692	0.00231	0.01136	0.00568	0.00425	0.01312
57	0.02230	0.21963	0.22204	0.02054	0.03039	0.02559	0.02205	0.03179	0.09112	0.03118	0.05893	0.02526	0.02099	0.01011	0.00844	0.00259	0.01069	0.00775	0.00574	0.13287
58	0.15709	0.02628	0.08071	0.04011	0.28654	0.02505	0.05175	0.14506	0.02682	0.04134	0.01898	0.02274	0.01481	0.00965	0.00927	0.00303	0.01138	0.00827	0.00621	0.01490
59	0.01212	0.00879	0.01145	0.01357	0.01438	0.00812	0.00911	0.01392	0.01939	0.02557	0.05878	0.59758	0.10903	0.03073	0.01265	0.00399	0.00572	0.02773	0.00925	0.00812
60	0.02960	0.02673	0.02919	0.08760	0.18519	0.16071	0.02133	0.06598	0.09825	0.10663	0.02646	0.07197	0.02177	0.01222	0.00994	0.00306	0.01196	0.01021	0.00721	0.01400
61	0.03103	0.03033	0.16661	0.03475	0.18419	0.06955	0.07097	0.03755	0.02474	0.21405	0.02508	0.02646	0.01763	0.01022	0.00992	0.00305	0.01237	0.00894	0.00719	0.01537
62	0.01424	0.01068	0.01602	0.01602	0.01780	0.01246	0.01246	0.01780	0.01602	0.02314	0.02670	0.03916	0.02492	0.07477	0.61015	0.01602	0.02670	0.01068	0.00534	0.00890
63	0.01215	0.00868	0.01157	0.01388	0.01446	0.00810	0.00925	0.01388	0.01909	0.02545	0.05495	0.64315	0.06593	0.03123	0.01272	0.00405	0.00578	0.02834	0.00925	0.00810
64	0.07077	0.02023	0.02267	0.01923	0.02434	0.05762	0.05119	0.11486	0.17860	0.04278	0.23203	0.04543	0.04816	0.01494	0.01048	0.00316	0.00846	0.01272	0.00947	0.01285
65	0.09464	0.02849	0.02466	0.02100	0.02734	0.18628	0.01654	0.11964	0.17700	0.16016	0.02855	0.02737	0.02061	0.01176	0.00943	0.00301	0.01127	0.00880	0.00886	0.01460
66	0.01654	0.01073	0.01410	0.01295	0.01573	0.00982	0.00982	0.02118	0.02824	0.08400	0.53910	0.07125	0.08855	0.01974	0.01162	0.00313	0.00500	0.01739	0.01108	0.01001
67	0.01308	0.00962	0.01238	0.01436	0.01531	0.00934	0.00974	0.01678	0.05990	0.02665	0.05388	0.59821	0.06330	0.02992	0.01253	0.00400	0.00594	0.02707	0.00932	0.00867
68	0.07329	0.08055	0.13273	0.06956	0.11555	0.02529	0.11638	0.11040	0.07251	0.03687	0.02275	0.05914	0.01865	0.01109	0.00979	0.00313	0.01210	0.00991	0.00628	0.01404
69	0.02273	0.02532	0.05388	0.14179	0.05493	0.02469	0.46176	0.03083	0.02291	0.03083	0.01975	0.02684	0.01481	0.00867	0.01146	0.00335	0.01621	0.01127	0.00494	0.01304
70	0.01714	0.01354	0.01528	0.01480	0.01783	0.01407	0.01115	0.02734	0.18256	0.03236	0.14485	0.07108	0.15473	0.14740	0.01944	0.00477	0.00732	0.08483	0.00915	0.01037

[dist]
# distance from previous block
# <min> <max>
0	40

[block]
# block no. 1 follows, 15 sequences, length 36
# corresponding to MSA columns:
# 197-232
name=unknown_B
#
# <colnr> <probs for GDERKNQSTAVLIFYWHMCP>
#	G	D	E	R	K	N	Q	S	T	A	V	L	I	F	Y	W	H	M	C	P
0	0.03063	0.09390	0.06672	0.06673	0.14922	0.20890	0.02262	0.13267	0.07161	0.03504	0.01982	0.02250	0.01562	0.01032	0.00928	0.00283	0.01342	0.00789	0.00621	0.01406
1	0.03019	0.25949	0.14690	0.02441	0.06460	0.02692	0.07237	0.03582	0.02325	0.19093	0.02286	0.02368	0.01659	0.00981	0.00875	0.00277	0.01146	0.00790	0.00670	0.01460
2	0.01732	0.00866	0.01299	0.01299	0.01299	0.00866	0.00866	0.01299	0.01299	0.01732	0.01732	0.03030	0.01732	0.03463	0.03896	0.70996	0.00866	0.00866	0.00433	0.00433
3	0.01255	0.00897	0.01203	0.01434	0.01510	0.00845	0.00996	0.01458	0.01949	0.02590	0.05472	0.58819	0.06505	0.03085	0.01283	0.00410	0.00614	0.07929	0.00925	0.00821
4	0.01919	0.02857	0.25412	0.02237	0.03046	0.01655	0.05500	0.02634	0.02248	0.06870	0.07083	0.11631	0.07898	0.01781	0.01127	0.00359	0.01091	0.12721	0.00725	0.01206
5	0.10745	0.03367	0.23723	0.03018	0.10683	0.02448	0.08052	0.09212	0.12050	0.03851	0.02242	0.02470	0.01668	0.01025	0.00954	0.00317	0.01212	0.00865	0.00630	0.01469
6	0.43790	0.02148	0.02416	0.02902	0.19725	0.02360	0.01774	0.08028	0.02163	0.04269	0.01637	0.01958	0.01294	0.00940	0.00769	0.00304	0.00931	0.00683	0.00615	0.01294
7	0.02788	0.12649	0.03155	0.03054	0.19077	0.05214	0.01933	0.03621	0.11676	0.13203	0.02884	0.07624	0.02376	0.01223	0.00938	0.00295	0.00978	0.01034	0.04850	0.01430
8	0.01215	0.00868	0.01157	0.01388	0.01446	0.00810	0.00925	0.01388	0.01909	0.02545	0.05495	0.64315	0.06593	0.03123	0.01272	0.00405	0.00578	0.02834	0.00925	0.00810
9	0.02162	0.02527	0.08953	0.25478	0.09499	0.02383	0.28355	0.02946	0.02197	0.02960	0.01900	0.02616	0.01431	0.00909	0.01080	0.00330	0.01501	0.01016	0.00475	0.01285
10	0.02391	0.02407	0.04455	0.10062	0.40319	0.02397	0.16975	0.03055	0.02270	0.03184	0.01905	0.02542	0.01542	0.00884	0.01038	0.00310	0.01329	0.00965	0.00492	0.01479
11	0.01274	0.00912	0.01216	0.01389	0.01490	0.00854	0.00968	0.01520	0.02102	0.02842	0.15345	0.50563	0.07069	0.02899	0.01260	0.00391	0.00578	0.05528	0.00957	0.00841
12	0.01411	0.01019	0.01333	0.01254	0.01489	0.00941	0.00941	0.01881	0.02822	0.03998	0.58221	0.07447	0.09406	0.02038	0.01176	0.00314	0.00470	0.01803	0.01097	0.00941
13	0.01215	0.00868	0.01157	0.01388	0.01446	0.00810	0.00925	0.01388	0.01909	0.02545	0.05495	0.64315	0.06593	0.03123	0.01272	0.00405	0.00578	0.02834	0.00925	0.00810
14	0.01411	0.01019	0.01333	0.01254	0.01489	0.00941	0.00941	0.01881	0.02822	0.03998	0.58221	0.07447	0.09406	0.02038	0.01176	0.00314	0.00470	0.01803	0.01097	0.00941
15	0.01284	0.00990	0.01172	0.01177	0.01424	0.00879	0.00864	0.01616	0.02447	0.03227	0.29922	0.17787	0.28787	0.02416	0.01193	0.00338	0.00502	0.02097	0.00999	0.00879
16	0.02915	0.02119	0.02322	0.02007	0.02624	0.02359	0.01584	0.09177	0.43817	0.13540	0.03906	0.03560	0.02841	0.01320	0.01011	0.00330	0.00823	0.01088	0.01050	0.01607
17	0.11574	0.26147	0.06828	0.01868	0.02699	0.02890	0.01733	0.14770	0.02757	0.16617	0.02213	0.02215	0.01618	0.01029	0.00816	0.00271	0.01011	0.00733	0.00758	0.01453
18	0.02525	0.01266	0.01690	0.01443	0.01873	0.01132	0.01132	0.02965	0.02833	0.24173	0.38465	0.05971	0.06881	0.01745	0.01113	0.00312	0.00608	0.01512	0.01147	0.01216
19	0.22868	0.02242	0.02339	0.12699	0.07073	0.08600	0.01729	0.08903	0.05095	0.10378	0.02190	0.02668	0.01712	0.06089	0.01199	0.00358	0.01071	0.00831	0.00700	0.01255
20	0.02937	0.02369	0.02512	0.02121	0.02767	0.02693	0.01689	0.22806	0.38692	0.04908	0.03476	0.03256	0.02572	0.01298	0.01008	0.00325	0.00897	0.01047	0.01008	0.01619
21	0.19697	0.02242	0.02935	0.12041	0.19762	0.02536	0.02197	0.13827	0.02517	0.03995	0.01790	0.02242	0.01416	0.01066	0.01136	0.00320	0.07501	0.00803	0.00616	0.01361
22	0.02283	0.08903	0.50575	0.02662	0.04026	0.02343	0.03336	0.03309	0.02171	0.08525	0.01968	0.02195	0.01380	0.00968	0.00932	0.00308	0.01386	0.00749	0.00500	0.01482
23	0.01673	0.01294	0.01559	0.01444	0.01760	0.01318	0.01097	0.02719	0.16103	0.04040	0.44930	0.06532	0.07845	0.01870	0.01136	0.00320	0.00548	0.01637	0.01077	0.01097
24	0.01272	0.00911	0.01214	0.01391	0.01491	0.00853	0.00969	0.01515	0.02092	0.02826	0.14720	0.51181	0.07035	0.02911	0.01262	0.00392	0.00580	0.05592	0.00955	0.00839
25	0.01999	0.05157	0.59800	0.02841	0.04315	0.02315	0.03683	0.03157	0.02105	0.03157	0.01789	0.02105	0.01263	0.00947	0.00947	0.00316	0.01473	0.00737	0.00421	0.01473
26	0.01883	0.01772	0.02990	0.62569	0.06866	0.02215	0.02769	0.02547	0.01993	0.02547	0.01772	0.02658	0.01329	0.00997	0.00997	0.00332	0.01329	0.00886	0.00443	0.01107
27	0.01732	0.00866	0.01299	0.01299	0.01299	0.00866	0.00866	0.01299	0.01299	0.01732	0.01732	0.03030	0.01732	0.03463	0.03896	0.70996	0.00866	0.00866	0.00433	0.00433
28	0.02549	0.01798	0.02042	0.01800	0.02319	0.01942	0.01406	0.04402	0.35032	0.13186	0.17095	0.04564	0.04483	0.01498	0.01051	0.00327	0.00722	0.01270	0.01070	0.01444
29	0.01450	0.00966	0.01087	0.01087	0.01087	0.00966	0.00604	0.01450	0.01450	0.01933	0.03141	0.06524	0.03624	0.64965	0.05074	0.00966	0.00966	0.01450	0.00604	0.00604
30	0.02675	0.57228	0.09391	0.01846	0.02728	0.07162	0.01875	0.03057	0.02079	0.02415	0.01427	0.01651	0.01278	0.00871	0.00679	0.00224	0.01141	0.00556	0.00431	0.01287
31	0.01249	0.01013	0.01108	0.01084	0.01390	0.00872	0.00813	0.01568	0.02440	0.03091	0.24785	0.08939	0.43408	0.02376	0.01177	0.00330	0.00494	0.02012	0.00978	0.00872
32	0.02107	0.10346	0.28597	0.06566	0.04249	0.02404	0.18203	0.02980	0.02236	0.03130	0.07655	0.02808	0.02185	0.01022	0.01008	0.00311	0.01377	0.00963	0.00517	0.01337
33	0.02466	0.02198	0.02630	0.02254	0.02863	0.02484	0.07123	0.05079	0.51293	0.04069	0.03846	0.03613	0.02885	0.01299	0.01031	0.00338	0.00881	0.01132	0.00962	0.01554
34	0.02880	0.43029	0.10233	0.02054	0.02881	0.19040	0.01970	0.03269	0.02248	0.02455	0.01469	0.01705	0.01279	0.00909	0.00741	0.00236	0.01304	0.00583	0.00449	0.01266
35	0.09631	0.09043	0.08190	0.03479	0.19198	0.02419	0.10672	0.07551	0.02495	0.14533	0.02238	0.02478	0.01648	0.00977	0.00946	0.00299	0.01161	0.00875	0.00680	0.01486

[dist]
# distance from previous block
# <min> <max>
0	34

[block]
# block no. 2 follows, 15 sequences, length 54
# corresponding to MSA columns:
# 267-320
name=unknown_C
#
# <colnr> <probs for GDERKNQSTAVLIFYWHMCP>
#	G	D	E	R	K	N	Q	S	T	A	V	L	I	F	Y	W	H	M	C	P
0	0.02141	0.13894	0.45250	0.02833	0.04158	0.02583	0.09487	0.03136	0.02122	0.03040	0.01756	0.02098	0.01295	0.00920	0.00928	0.00303	0.01437	0.00758	0.00432	0.01429
1	0.01178	0.01010	0.01010	0.01010	0.01347	0.00842	0.00757	0.01431	0.02272	0.02693	0.10099	0.09594	0.58342	0.02525	0.01178	0.00337	0.00505	0.02104	0.00926	0.00842
2	0.02562	0.02229	0.02899	0.03166	0.16336	0.05943	0.05837	0.04022	0.24584	0.07497	0.03387	0.04279	0.02812	0.01376	0.01063	0.00338	0.01037	0.08366	0.00821	0.01448
3	0.15656	0.02629	0.03750	0.02841	0.03648	0.07124	0.22847	0.14090	0.06735	0.07711	0.02213	0.02483	0.01625	0.01006	0.00993	0.00316	0.01286	0.00946	0.00710	0.01392
4	0.01999	0.05157	0.59800	0.02841	0.04315	0.02315	0.03683	0.03157	0.02105	0.03157	0.01789	0.02105	0.01263	0.00947	0.00947	0.00316	0.01473	0.00737	0.00421	0.01473
5	0.01178	0.01010	0.01010	0.01010	0.01347	0.00842	0.00757	0.01431	0.02272	0.02693	0.10099	0.09594	0.58342	0.02525	0.01178	0.00337	0.00505	0.02104	0.00926	0.00842
6	0.03230	0.02384	0.04341	0.03161	0.04065	0.02260	0.30622	0.10864	0.02833	0.21676	0.02684	0.02875	0.01844	0.01015	0.01096	0.00322	0.01334	0.01082	0.00806	0.01506
7	0.20831	0.01753	0.02108	0.01662	0.02395	0.01652	0.01372	0.04391	0.02573	0.46124	0.03317	0.02963	0.02131	0.01159	0.00909	0.00308	0.00830	0.00890	0.01084	0.01547
8	0.01178	0.01010	0.01010	0.01010	0.01347	0.00842	0.00757	0.01431	0.02272	0.02693	0.10099	0.09594	0.58342	0.02525	0.01178	0.00337	0.00505	0.02104	0.00926	0.00842
9	0.01270	0.00998	0.01161	0.01249	0.01495	0.00889	0.00946	0.01550	0.02222	0.02786	0.11233	0.22978	0.34298	0.02676	0.01233	0.00371	0.00587	0.10270	0.00935	0.00852
10	0.01883	0.01772	0.02990	0.62569	0.06866	0.02215	0.02769	0.02547	0.01993	0.02547	0.01772	0.02658	0.01329	0.00997	0.00997	0.00332	0.01329	0.00886	0.00443	0.01107
11	0.02353	0.02689	0.05882	0.04202	0.05210	0.02521	0.55126	0.03193	0.02353	0.03193	0.02017	0.02689	0.01513	0.00840	0.01176	0.00336	0.01681	0.01176	0.00504	0.01345
12	0.01178	0.01010	0.01010	0.01010	0.01347	0.00842	0.00757	0.01431	0.02272	0.02693	0.10099	0.09594	0.58342	0.02525	0.01178	0.00337	0.00505	0.02104	0.00926	0.00842
13	0.02486	0.01813	0.01938	0.01742	0.02242	0.02024	0.01356	0.04542	0.39391	0.08421	0.03853	0.03693	0.02880	0.01297	0.00937	0.00310	0.00715	0.01069	0.17862	0.01430
14	0.04473	0.01697	0.02313	0.01774	0.02545	0.01465	0.01465	0.04858	0.02853	0.59437	0.03933	0.03393	0.02468	0.01234	0.01003	0.00308	0.00848	0.01003	0.01234	0.01697
15	0.03790	0.02792	0.02992	0.02294	0.03091	0.03091	0.01895	0.55423	0.04687	0.06283	0.02393	0.02393	0.01695	0.01197	0.00997	0.00299	0.01097	0.00898	0.00997	0.01695
16	0.01396	0.01018	0.01312	0.01238	0.01480	0.00934	0.00929	0.01852	0.02786	0.03913	0.55103	0.07586	0.12577	0.02070	0.01176	0.00315	0.00473	0.01822	0.01086	0.00934
17	0.02891	0.02346	0.02486	0.02112	0.02749	0.02672	0.01677	0.21023	0.40551	0.04833	0.03535	0.03303	0.02620	0.01304	0.01009	0.00326	0.00886	0.01055	0.01009	0.01615
18	0.01450	0.00966	0.01087	0.01087	0.01087	0.00966	0.00604	0.01450	0.01450	0.01933	0.03141	0.06524	0.03624	0.64965	0.05074	0.00966	0.00966	0.01450	0.00604	0.00604
19	0.01215	0.00868	0.01157	0.01388	0.01446	0.00810	0.00925	0.01388	0.01909	0.02545	0.05495	0.64315	0.06593	0.03123	0.01272	0.00405	0.00578	0.02834	0.00925	0.00810
20	0.02067	0.01772	0.02067	0.01477	0.02362	0.01329	0.01181	0.02510	0.02067	0.03248	0.01772	0.02067	0.01477	0.00738	0.00738	0.00148	0.00738	0.00591	0.00591	0.71059
21	0.01215	0.00868	0.01157	0.01388	0.01446	0.00810	0.00925	0.01388	0.01909	0.02545	0.05495	0.64315	0.06593	0.03123	0.01272	0.00405	0.00578	0.02834	0.00925	0.00810
22	0.01215	0.00868	0.01157	0.01388	0.01446	0.00810	0.00925	0.01388	0.01909	0.02545	0.05495	0.64315	0.06593	0.03123	0.01272	0.00405	0.00578	0.02834	0.00925	0.00810
23	0.02617	0.28010	0.24571	0.02397	0.03456	0.06741	0.05688	0.09872	0.02467	0.03203	0.01709	0.01963	0.01341	0.00941	0.00846	0.00272	0.01300	0.00699	0.00508	0.01399
24	0.02484	0.27634	0.11444	0.10749	0.03461	0.03037	0.02107	0.06833	0.16536	0.03208	0.02257	0.02424	0.01771	0.01038	0.00853	0.00282	0.01089	0.00790	0.00617	0.01385
25	0.02202	0.02659	0.15829	0.26635	0.11476	0.02117	0.06516	0.02934	0.02142	0.06552	0.01944	0.02486	0.01449	0.00944	0.00965	0.00299	0.01263	0.00844	0.00518	0.10226
26	0.01858	0.00929	0.00929	0.00929	0.01161	0.00929	0.00697	0.02323	0.02091	0.03717	0.03252	0.03717	0.02555	0.01161	0.00697	0.00232	0.00465	0.00929	0.70499	0.00929
27	0.03112	0.02207	0.02435	0.02022	0.02668	0.02421	0.01618	0.21089	0.28553	0.12797	0.07328	0.03510	0.02977	0.01334	0.01019	0.00320	0.00874	0.01083	0.01046	0.01588
28	0.01310	0.00989	0.01048	0.01048	0.01220	0.00902	0.00683	0.01440	0.01872	0.02323	0.06709	0.08098	0.31685	0.32944	0.03076	0.00643	0.00730	0.01785	0.00769	0.00726
29	0.02569	0.56864	0.13085	0.01869	0.02812	0.03710	0.01991	0.03010	0.02037	0.02462	0.01444	0.01672	0.01277	0.00866	0.00684	0.00228	0.01125	0.00562	0.00426	0.01307
30	0.01203	0.00914	0.01109	0.01266	0.01414	0.00820	0.00871	0.01402	0.02026	0.02593	0.06985	0.46602	0.23344	0.02929	0.01242	0.00383	0.00555	0.02598	0.00926	0.00820
31	0.01212	0.00879	0.01145	0.01358	0.01438	0.00812	0.00912	0.01391	0.01937	0.02557	0.05858	0.59997	0.10676	0.03076	0.01265	0.00399	0.00573	0.02776	0.00925	0.00812
32	0.02431	0.01245	0.01659	0.01427	0.01841	0.01115	0.01115	0.02873	0.02832	0.22469	0.40133	0.06096	0.07094	0.01770	0.01118	0.00312	0.00596	0.01536	0.01143	0.01192
33	0.01424	0.01068	0.01602	0.01602	0.01780	0.01246	0.01246	0.01780	0.01602	0.02314	0.02670	0.03916	0.02492	0.07477	0.61015	0.01602	0.02670	0.01068	0.00534	0.00890
34	0.02480	0.02141	0.02254	0.02029	0.02592	0.02480	0.01578	0.05297	0.56946	0.04170	0.04057	0.03719	0.03043	0.01352	0.01014	0.00338	0.00789	0.01127	0.01014	0.01578
35	0.02864	0.42830	0.04382	0.02229	0.06640	0.16003	0.01838	0.03393	0.06690	0.02579	0.01672	0.01876	0.01445	0.00934	0.00751	0.00239	0.01210	0.00630	0.00498	0.01298
36	0.03074	0.07281	0.03299	0.03515	0.21781	0.13033	0.02201	0.07977	0.09559	0.11032	0.02346	0.02546	0.01805	0.01095	0.01094	0.00299	0.05026	0.00864	0.00697	0.01476
37	0.02277	0.20508	0.13856	0.02085	0.06198	0.02304	0.01893	0.06000	0.02400	0.07205	0.10015	0.08718	0.09736	0.01453	0.00951	0.00293	0.00957	0.01183	0.00707	0.01260
38	0.03386	0.15911	0.10288	0.02236	0.03092	0.09912	0.02047	0.28706	0.03482	0.08505	0.02127	0.02200	0.01566	0.01079	0.00908	0.00279	0.01202	0.00782	0.00772	0.01520
39	0.03012	0.15794	0.25394	0.02285	0.03351	0.02624	0.02466	0.14468	0.02786	0.15163	0.02276	0.02330	0.01603	0.01040	0.00909	0.00291	0.01186	0.00785	0.00709	0.01528
40	0.01602	0.01256	0.01481	0.01405	0.01713	0.01260	0.01057	0.02543	0.14740	0.03745	0.35468	0.11534	0.14248	0.02038	0.01148	0.00330	0.00555	0.01776	0.01042	0.01059
41	0.02067	0.01772	0.02067	0.01477	0.02362	0.01329	0.01181	0.02510	0.02067	0.03248	0.01772	0.02067	0.01477	0.00738	0.00738	0.00148	0.00738	0.00591	0.00591	0.71059
42	0.02583	0.11075	0.15244	0.02082	0.02850	0.01999	0.06069	0.03297	0.06257	0.16664	0.06943	0.10541	0.03061	0.05381	0.01256	0.00355	0.01024	0.01205	0.00787	0.01327
43	0.02263	0.11918	0.45734	0.02737	0.04058	0.02469	0.07036	0.03248	0.02161	0.06673	0.01895	0.02170	0.01360	0.00947	0.00931	0.00305	0.01400	0.00761	0.00480	0.01455
44	0.01750	0.00875	0.01245	0.01245	0.01279	0.00875	0.00841	0.01446	0.01413	0.02018	0.01951	0.03129	0.01850	0.03132	0.03435	0.60803	0.00808	0.00875	0.10525	0.00504
45	0.01999	0.05157	0.59800	0.02841	0.04315	0.02315	0.03683	0.03157	0.02105	0.03157	0.01789	0.02105	0.01263	0.00947	0.00947	0.00316	0.01473	0.00737	0.00421	0.01473
46	0.02215	0.24710	0.42134	0.02474	0.03746	0.02843	0.03043	0.03101	0.02079	0.02894	0.01659	0.01941	0.01268	0.00917	0.00848	0.00283	0.01341	0.00671	0.00423	0.01411
47	0.03790	0.02792	0.02992	0.02294	0.03091	0.03091	0.01895	0.55423	0.04687	0.06283	0.02393	0.02393	0.01695	0.01197	0.00997	0.00299	0.01097	0.00898	0.00997	0.01695
48	0.02813	0.60361	0.04987	0.01711	0.02558	0.03743	0.01686	0.03138	0.02093	0.06997	0.01593	0.01745	0.01376	0.00884	0.00669	0.00221	0.01048	0.00571	0.00492	0.01313
49	0.02975	0.01743	0.02160	0.01589	0.02431	0.01380	0.01288	0.03397	0.02364	0.24461	0.02588	0.02568	0.01851	0.00925	0.00838	0.00208	0.00780	0.00746	0.00833	0.44873
50	0.02014	0.01906	0.03228	0.49839	0.18566	0.02250	0.02834	0.02663	0.02056	0.02707	0.01795	0.02615	0.01385	0.00972	0.00994	0.00324	0.01296	0.00886	0.00454	0.01214
51	0.02069	0.02040	0.01911	0.01830	0.02107	0.15789	0.01387	0.02574	0.06395	0.02466	0.02547	0.03593	0.02334	0.09951	0.37152	0.01123	0.02171	0.01000	0.00574	0.00988
52	0.01212	0.01011	0.01056	0.01045	0.01367	0.00856	0.00784	0.01496	0.02351	0.02881	0.17030	0.09285	0.51294	0.02455	0.01178	0.00333	0.00500	0.02061	0.00950	0.00856
53	0.02991	0.02036	0.02921	0.16463	0.17168	0.02154	0.02193	0.07558	0.12696	0.19130	0.02867	0.02995	0.02051	0.01117	0.00999	0.00316	0.01043	0.00965	0.00821	0.01515

[dist]
# distance from previous block
# <min> <max>
0	1

[block]
# block no. 3 follows, 15 sequences, length 28
# corresponding to MSA columns:
# 322-349
name=unknown_D
#
# <colnr> <probs for GDERKNQSTAVLIFYWHMCP>
#	G	D	E	R	K	N	Q	S	T	A	V	L	I	F	Y	W	H	M	C	P
0	0.03525	0.16181	0.03276	0.02406	0.02984	0.50246	0.01885	0.03794	0.02675	0.02422	0.01512	0.01760	0.01283	0.00995	0.00850	0.00249	0.01660	0.00622	0.00497	0.01179
1	0.22065	0.01757	0.02093	0.01653	0.02384	0.01666	0.01365	0.04356	0.02552	0.45120	0.03270	0.02931	0.02106	0.01154	0.00902	0.00308	0.00828	0.00882	0.01073	0.01536
2	0.02506	0.03292	0.30043	0.02219	0.03211	0.01876	0.02455	0.03514	0.07651	0.16405	0.13107	0.03560	0.03242	0.01257	0.01009	0.00316	0.01075	0.01036	0.00792	0.01435
3	0.02105	0.23170	0.14246	0.02131	0.02943	0.02491	0.09248	0.02840	0.05977	0.03037	0.11560	0.03888	0.09812	0.01294	0.00947	0.00289	0.01047	0.01093	0.00642	0.01238
4	0.01448	0.01043	0.01384	0.01364	0.01598	0.00979	0.01066	0.01916	0.02723	0.03807	0.48270	0.08161	0.08717	0.02173	0.01214	0.00341	0.00554	0.11244	0.01064	0.00936
5	0.02726	0.02375	0.03554	0.15662	0.33479	0.02541	0.02680	0.17562	0.02892	0.03967	0.02000	0.02483	0.01564	0.00995	0.00992	0.00304	0.01187	0.00890	0.00624	0.01523
6	0.01215	0.00868	0.01157	0.01388	0.01446	0.00810	0.00925	0.01388	0.01909	0.02545	0.05495	0.64315	0.06593	0.03123	0.01272	0.00405	0.00578	0.02834	0.00925	0.00810
7	0.01883	0.01772	0.02990	0.62569	0.06866	0.02215	0.02769	0.02547	0.01993	0.02547	0.01772	0.02658	0.01329	0.00997	0.00997	0.00332	0.01329	0.00886	0.00443	0.01107
8	0.09100	0.02401	0.02676	0.02065	0.02842	0.02543	0.01706	0.36440	0.03917	0.21971	0.02776	0.02633	0.01879	0.01187	0.00970	0.00303	0.00999	0.00902	0.01039	0.01650
9	0.01450	0.00966	0.01087	0.01087	0.01087	0.00966	0.00604	0.01450	0.01450	0.01933	0.03141	0.06524	0.03624	0.64965	0.05074	0.00966	0.00966	0.01450	0.00604	0.00604
10	0.03580	0.02688	0.02874	0.02251	0.03012	0.02994	0.01844	0.47398	0.13053	0.05945	0.02660	0.02606	0.01911	0.01222	0.01000	0.00305	0.01048	0.00934	0.01000	0.01677
11	0.02480	0.02141	0.02254	0.02029	0.02592	0.02480	0.01578	0.05297	0.56946	0.04170	0.04057	0.03719	0.03043	0.01352	0.01014	0.00338	0.00789	0.01127	0.01014	0.01578
12	0.02651	0.02427	0.03900	0.05588	0.51021	0.02469	0.02898	0.10328	0.02605	0.03677	0.01947	0.02457	0.01595	0.00931	0.00988	0.00297	0.01172	0.00890	0.00563	0.01595
13	0.01333	0.01016	0.01225	0.01173	0.01442	0.00908	0.00880	0.01731	0.02639	0.03563	0.42190	0.08162	0.25708	0.02200	0.01177	0.00321	0.00482	0.01903	0.01040	0.00908
14	0.02181	0.02181	0.03053	0.02617	0.02617	0.03053	0.02181	0.02399	0.01527	0.02399	0.01309	0.02181	0.01309	0.01745	0.03272	0.00436	0.63141	0.00872	0.00436	0.01091
15	0.08234	0.03085	0.03185	0.03807	0.25190	0.19913	0.02281	0.10882	0.07510	0.03610	0.02003	0.02304	0.01598	0.01016	0.00937	0.00289	0.01289	0.00811	0.00625	0.01432
16	0.01388	0.01018	0.01300	0.01230	0.01475	0.00931	0.00922	0.01836	0.02767	0.03866	0.53381	0.07663	0.14328	0.02087	0.01176	0.00316	0.00474	0.01833	0.01080	0.00931
17	0.02391	0.28098	0.22827	0.03309	0.18801	0.02970	0.02733	0.03062	0.02120	0.02866	0.01655	0.02007	0.01357	0.00894	0.00837	0.00270	0.01233	0.00699	0.00443	0.01427
18	0.13106	0.01894	0.02174	0.01804	0.02477	0.01950	0.01454	0.04754	0.22814	0.31249	0.03626	0.03268	0.02489	0.01235	0.00953	0.00319	0.00816	0.00985	0.01067	0.01567
19	0.15085	0.01376	0.01601	0.01610	0.01953	0.01419	0.01302	0.06119	0.02358	0.07343	0.09352	0.19811	0.04889	0.02208	0.01138	0.00383	0.00780	0.19331	0.00907	0.01036
20	0.01411	0.01019	0.01333	0.01254	0.01489	0.00941	0.00941	0.01881	0.02822	0.03998	0.58221	0.07447	0.09406	0.02038	0.01176	0.00314	0.00470	0.01803	0.01097	0.00941
21	0.04027	0.02412	0.02756	0.02113	0.02902	0.02527	0.01746	0.37884	0.04051	0.24720	0.02927	0.02740	0.01963	0.01210	0.00999	0.00302	0.01011	0.00934	0.01079	0.01696
22	0.01424	0.01068	0.01602	0.01602	0.01780	0.01246	0.01246	0.01780	0.01602	0.02314	0.02670	0.03916	0.02492	0.07477	0.61015	0.01602	0.02670	0.01068	0.00534	0.00890
23	0.02411	0.02312	0.03945	0.11511	0.53791	0.02354	0.03032	0.03011	0.02244	0.03189	0.01865	0.02486	0.01555	0.00899	0.00988	0.00300	0.01198	0.00888	0.00489	0.01534
24	0.03515	0.01731	0.02170	0.01785	0.02412	0.01673	0.01428	0.08066	0.13061	0.35733	0.07932	0.09495	0.03417	0.01492	0.01043	0.00323	0.00802	0.01251	0.01136	0.01535
25	0.02537	0.24137	0.23892	0.02109	0.03131	0.02652	0.02311	0.06580	0.02370	0.08539	0.05998	0.02465	0.02019	0.01023	0.00855	0.00267	0.01126	0.00772	0.00600	0.06616
26	0.02626	0.40301	0.10918	0.01797	0.02625	0.03085	0.01813	0.06566	0.02332	0.06621	0.05930	0.02413	0.02067	0.01021	0.00768	0.00246	0.01015	0.00735	0.05811	0.01307
27	0.02709	0.31655	0.07209	0.01771	0.02523	0.02593	0.01693	0.03133	0.02280	0.13841	0.05667	0.03772	0.02637	0.01274	0.00877	0.00276	0.00972	0.08360	0.00706	0.06051

[dist]
# distance from previous block
# <min> <max>
0	3

# created by:
# /st0/software/busco_prod/Augustus/scripts/msa2prfl.pl ./align_prep/4734.fa
