[name]
unknown

[dist]
# distance from previous block
# <min> <max>
0	609

[block]
# block no. 0 follows, 15 sequences, length 15
# corresponding to MSA columns:
# 609-623
name=unknown_A
#
# <colnr> <probs for GDERKNQSTAVLIFYWHMCP>
#	G	D	E	R	K	N	Q	S	T	A	V	L	I	F	Y	W	H	M	C	P
0	0.01462	0.01047	0.01427	0.01576	0.01766	0.01013	0.01269	0.01856	0.02342	0.03146	0.19272	0.22865	0.06907	0.02653	0.01299	0.00408	0.00719	0.27107	0.00967	0.00898
1	0.02315	0.02461	0.04887	0.12865	0.15987	0.02444	0.34057	0.03196	0.05475	0.03170	0.02072	0.02700	0.01589	0.00902	0.01103	0.00328	0.01479	0.01074	0.00523	0.01371
2	0.01339	0.01016	0.01233	0.01179	0.01445	0.00910	0.00884	0.01742	0.02653	0.03596	0.43394	0.08108	0.24484	0.02188	0.01177	0.00321	0.00481	0.01896	0.01045	0.00910
3	0.02793	0.03292	0.04635	0.03516	0.04334	0.20834	0.34179	0.03608	0.06858	0.03035	0.02031	0.02492	0.01563	0.00940	0.01077	0.00311	0.01646	0.01005	0.00548	0.01304
4	0.04393	0.02020	0.02368	0.01858	0.02602	0.07760	0.01514	0.04765	0.02850	0.53407	0.03680	0.03224	0.02342	0.01212	0.00992	0.00303	0.00949	0.00964	0.01158	0.01639
5	0.01265	0.00894	0.01160	0.01333	0.01396	0.00843	0.00879	0.01436	0.01912	0.02568	0.09259	0.51364	0.06375	0.12152	0.01825	0.00481	0.00627	0.02550	0.00891	0.00790
6	0.01434	0.00960	0.01092	0.01107	0.01111	0.00956	0.00626	0.01446	0.01481	0.01974	0.03299	0.10406	0.03824	0.60811	0.04819	0.00929	0.00940	0.01543	0.00626	0.00618
7	0.17891	0.02542	0.03277	0.04411	0.36374	0.08205	0.02422	0.07302	0.02393	0.03683	0.01777	0.02210	0.01450	0.00935	0.00898	0.00295	0.01148	0.00788	0.00563	0.01437
8	0.02430	0.02314	0.03864	0.05691	0.53547	0.02273	0.02886	0.03009	0.02251	0.03256	0.01866	0.02430	0.01570	0.00874	0.00964	0.00282	0.01143	0.00861	0.00502	0.07986
9	0.16083	0.02023	0.02497	0.02591	0.13195	0.02097	0.01736	0.09088	0.12301	0.20788	0.05505	0.03037	0.02394	0.01166	0.00938	0.00311	0.00894	0.00944	0.00909	0.01502
10	0.10157	0.01961	0.02525	0.02448	0.11380	0.01892	0.01694	0.08041	0.08068	0.29802	0.03029	0.02892	0.02087	0.01106	0.00936	0.00292	0.00895	0.00901	0.00950	0.08946
11	0.03479	0.01884	0.02407	0.02038	0.06154	0.01705	0.01537	0.08026	0.07738	0.31981	0.03130	0.02941	0.02146	0.01090	0.00933	0.00268	0.00855	0.00891	0.00980	0.19820
12	0.03679	0.01969	0.02554	0.02236	0.08174	0.01810	0.01642	0.13006	0.02959	0.33502	0.03033	0.02865	0.02049	0.01095	0.00948	0.00274	0.00903	0.00891	0.00992	0.15420
13	0.02673	0.01804	0.02455	0.02528	0.14753	0.01542	0.01623	0.03114	0.02333	0.17465	0.03225	0.03289	0.07767	0.01086	0.00907	0.00241	0.00840	0.00921	0.00768	0.30666
14	0.03178	0.01713	0.02420	0.02433	0.12659	0.01517	0.01620	0.03626	0.02613	0.30297	0.12726	0.03719	0.03361	0.01231	0.00987	0.00281	0.00826	0.01055	0.00970	0.12766

[dist]
# distance from previous block
# <min> <max>
11	68

[block]
# block no. 1 follows, 15 sequences, length 8
# corresponding to MSA columns:
# 697-704
name=unknown_B
#
# <colnr> <probs for GDERKNQSTAVLIFYWHMCP>
#	G	D	E	R	K	N	Q	S	T	A	V	L	I	F	Y	W	H	M	C	P
0	0.02668	0.01814	0.02233	0.09044	0.05261	0.04408	0.01564	0.05856	0.07694	0.16886	0.16797	0.03986	0.03851	0.01315	0.00999	0.00286	0.00858	0.01110	0.00905	0.12465
1	0.02567	0.01948	0.02465	0.05287	0.10962	0.02000	0.01717	0.09113	0.18676	0.09801	0.11759	0.03671	0.03337	0.01260	0.00993	0.00293	0.00854	0.01075	0.00884	0.11339
2	0.15841	0.02016	0.03024	0.11561	0.33012	0.02121	0.02335	0.02803	0.02201	0.03511	0.09763	0.03032	0.02561	0.01072	0.00943	0.00306	0.01020	0.00950	0.00597	0.01332
3	0.33751	0.02073	0.02639	0.03332	0.25093	0.02176	0.01941	0.03269	0.02101	0.12132	0.01963	0.02227	0.01488	0.00956	0.00824	0.00303	0.00950	0.00750	0.00658	0.01374
4	0.03142	0.01501	0.01970	0.01645	0.02077	0.01458	0.01267	0.11343	0.02453	0.25240	0.02706	0.03072	0.02016	0.02221	0.02291	0.31804	0.00896	0.00925	0.00839	0.01133
5	0.02580	0.01524	0.01862	0.01608	0.02077	0.01429	0.01217	0.11041	0.02559	0.17203	0.03809	0.23968	0.03716	0.08646	0.01492	0.00386	0.00793	0.01592	0.00929	0.11567
6	0.44313	0.01817	0.01932	0.10498	0.08505	0.02055	0.01506	0.02734	0.01966	0.04002	0.09923	0.02720	0.02402	0.01097	0.00792	0.00311	0.00849	0.00813	0.00651	0.01115
7	0.19030	0.02544	0.06650	0.03528	0.20299	0.02505	0.09701	0.13509	0.05864	0.04179	0.02008	0.02338	0.01544	0.00982	0.00928	0.00309	0.01134	0.00854	0.00650	0.01445

[dist]
# distance from previous block
# <min> <max>
2	4

[block]
# block no. 2 follows, 15 sequences, length 22
# corresponding to MSA columns:
# 709-730
name=unknown_C
#
# <colnr> <probs for GDERKNQSTAVLIFYWHMCP>
#	G	D	E	R	K	N	Q	S	T	A	V	L	I	F	Y	W	H	M	C	P
0	0.14569	0.02475	0.05827	0.02565	0.10779	0.05865	0.01877	0.12516	0.12474	0.17081	0.02721	0.02693	0.01947	0.01120	0.00929	0.00308	0.01008	0.00878	0.00858	0.01512
1	0.09240	0.01902	0.05686	0.01816	0.02430	0.01726	0.05256	0.06270	0.11539	0.14784	0.13859	0.04889	0.13344	0.01543	0.01037	0.00321	0.00818	0.01302	0.00943	0.01295
2	0.08354	0.26778	0.03548	0.02042	0.02726	0.26900	0.01717	0.03660	0.02450	0.10769	0.01817	0.01941	0.01438	0.00985	0.00797	0.00252	0.01314	0.00646	0.00592	0.01274
3	0.01212	0.00879	0.01145	0.01357	0.01438	0.00812	0.00912	0.01392	0.01938	0.02557	0.05872	0.59823	0.10841	0.03074	0.01265	0.00399	0.00572	0.02774	0.00925	0.00812
4	0.10001	0.24270	0.03460	0.01871	0.02665	0.02915	0.01649	0.20040	0.03037	0.17566	0.02320	0.02285	0.01679	0.01061	0.00838	0.00272	0.00995	0.00762	0.00820	0.01493
5	0.02449	0.02421	0.04348	0.05804	0.49953	0.02394	0.11611	0.03081	0.02284	0.03246	0.01898	0.02504	0.01568	0.00880	0.01018	0.00303	0.01266	0.00936	0.00495	0.01541
6	0.01732	0.00866	0.01299	0.01299	0.01299	0.00866	0.00866	0.01299	0.01299	0.01732	0.01732	0.03030	0.01732	0.03463	0.03896	0.70996	0.00866	0.00866	0.00433	0.00433
7	0.01424	0.01068	0.01602	0.01602	0.01780	0.01246	0.01246	0.01780	0.01602	0.02314	0.02670	0.03916	0.02492	0.07477	0.61015	0.01602	0.02670	0.01068	0.00534	0.00890
8	0.72007	0.01928	0.01465	0.01311	0.01928	0.02236	0.01080	0.02930	0.01697	0.04473	0.01388	0.01619	0.01080	0.00925	0.00617	0.00308	0.00771	0.00540	0.00617	0.01080
9	0.02100	0.02149	0.07708	0.02056	0.08019	0.01523	0.01600	0.02625	0.02090	0.03241	0.01784	0.02110	0.01466	0.00773	0.00782	0.00178	0.00851	0.00633	0.00565	0.57749
10	0.02987	0.42198	0.04515	0.02115	0.02891	0.17795	0.05100	0.07018	0.02434	0.02705	0.01536	0.01773	0.01325	0.00920	0.00762	0.00238	0.01286	0.00626	0.00494	0.01283
11	0.01883	0.01772	0.02990	0.62569	0.06866	0.02215	0.02769	0.02547	0.01993	0.02547	0.01772	0.02658	0.01329	0.00997	0.00997	0.00332	0.01329	0.00886	0.00443	0.01107
12	0.03074	0.01837	0.02843	0.12989	0.20440	0.01805	0.02108	0.03579	0.02529	0.26360	0.09283	0.03461	0.02818	0.01182	0.01017	0.00309	0.00986	0.01042	0.00861	0.01476
13	0.01237	0.00877	0.01150	0.01359	0.01411	0.00825	0.00894	0.01394	0.01864	0.02485	0.05266	0.58706	0.06305	0.09125	0.01641	0.00459	0.00616	0.02700	0.00894	0.00790
14	0.01435	0.01023	0.01375	0.01375	0.01474	0.01123	0.00962	0.01634	0.01535	0.02146	0.02878	0.05069	0.02993	0.32888	0.36288	0.01321	0.01917	0.01237	0.00565	0.00764
15	0.01215	0.00868	0.01157	0.01388	0.01446	0.00810	0.00925	0.01388	0.01909	0.02545	0.05495	0.64315	0.06593	0.03123	0.01272	0.00405	0.00578	0.02834	0.00925	0.00810
16	0.02067	0.01772	0.02067	0.01477	0.02362	0.01329	0.01181	0.02510	0.02067	0.03248	0.01772	0.02067	0.01477	0.00738	0.00738	0.00148	0.00738	0.00591	0.00591	0.71059
17	0.31136	0.06759	0.02490	0.01824	0.02551	0.02700	0.01526	0.27333	0.03179	0.08811	0.02022	0.02094	0.01470	0.01066	0.00820	0.00298	0.00948	0.00735	0.00820	0.01419
18	0.72007	0.01928	0.01465	0.01311	0.01928	0.02236	0.01080	0.02930	0.01697	0.04473	0.01388	0.01619	0.01080	0.00925	0.00617	0.00308	0.00771	0.00540	0.00617	0.01080
19	0.01215	0.00868	0.01157	0.01388	0.01446	0.00810	0.00925	0.01388	0.01909	0.02545	0.05495	0.64315	0.06593	0.03123	0.01272	0.00405	0.00578	0.02834	0.00925	0.00810
20	0.01274	0.00918	0.01258	0.01452	0.01541	0.00902	0.01022	0.01496	0.01886	0.02537	0.05029	0.51110	0.05881	0.03794	0.10824	0.00600	0.00935	0.05848	0.00862	0.00830
21	0.02796	0.38577	0.09388	0.01888	0.02730	0.03170	0.01835	0.03719	0.13478	0.10123	0.02302	0.02315	0.01794	0.01014	0.00793	0.00261	0.01019	0.00735	0.00651	0.01413

[dist]
# distance from previous block
# <min> <max>
0	1

[block]
# block no. 3 follows, 15 sequences, length 27
# corresponding to MSA columns:
# 732-758
name=unknown_D
#
# <colnr> <probs for GDERKNQSTAVLIFYWHMCP>
#	G	D	E	R	K	N	Q	S	T	A	V	L	I	F	Y	W	H	M	C	P
0	0.02427	0.02107	0.02843	0.31207	0.11267	0.06544	0.02289	0.03271	0.09080	0.08171	0.02254	0.02705	0.01693	0.01024	0.00962	0.00300	0.01168	0.00875	0.00616	0.09198
1	0.03492	0.18051	0.03223	0.01947	0.02711	0.02716	0.01666	0.18767	0.12266	0.20828	0.02882	0.02717	0.02049	0.01148	0.00912	0.00287	0.00963	0.00876	0.00928	0.01572
2	0.02390	0.40556	0.27818	0.02176	0.03286	0.03270	0.02524	0.03056	0.02058	0.02681	0.01553	0.01808	0.01272	0.00892	0.00767	0.00256	0.01235	0.00617	0.00424	0.01360
3	0.01288	0.00981	0.01185	0.01205	0.01432	0.00877	0.00877	0.01617	0.02427	0.03227	0.29984	0.21461	0.24918	0.02453	0.01199	0.00343	0.00507	0.02144	0.01000	0.00877
4	0.02488	0.02320	0.02273	0.01722	0.02543	0.10435	0.01364	0.08037	0.02443	0.03432	0.01800	0.02060	0.01470	0.00828	0.00788	0.00179	0.00933	0.00629	0.00620	0.53635
5	0.02986	0.06592	0.12395	0.02074	0.02995	0.02358	0.01942	0.21739	0.06274	0.10421	0.02339	0.02401	0.01705	0.01032	0.00904	0.00262	0.01024	0.00796	0.00790	0.18969
6	0.01406	0.01044	0.01521	0.01526	0.01704	0.01160	0.01169	0.01767	0.01836	0.02622	0.12450	0.09232	0.04002	0.06201	0.46060	0.01287	0.02129	0.01332	0.00661	0.00893
7	0.01251	0.00893	0.01198	0.01430	0.01503	0.00841	0.00988	0.01451	0.01944	0.02585	0.05474	0.59404	0.06514	0.03089	0.01282	0.00410	0.00610	0.07387	0.00925	0.00820
8	0.03286	0.29905	0.03817	0.02211	0.02865	0.37379	0.01835	0.03569	0.02494	0.02401	0.01477	0.01716	0.01282	0.00955	0.00792	0.00239	0.01495	0.00597	0.00478	0.01207
9	0.72007	0.01928	0.01465	0.01311	0.01928	0.02236	0.01080	0.02930	0.01697	0.04473	0.01388	0.01619	0.01080	0.00925	0.00617	0.00308	0.00771	0.00540	0.00617	0.01080
10	0.02524	0.03084	0.18481	0.02563	0.06870	0.02510	0.02305	0.11392	0.30929	0.04116	0.03054	0.03006	0.02267	0.01188	0.00992	0.00324	0.01048	0.00971	0.00812	0.01565
11	0.01215	0.00868	0.01157	0.01388	0.01446	0.00810	0.00925	0.01388	0.01909	0.02545	0.05495	0.64315	0.06593	0.03123	0.01272	0.00405	0.00578	0.02834	0.00925	0.00810
12	0.03729	0.01720	0.02237	0.01682	0.02488	0.01423	0.01377	0.04132	0.02610	0.42062	0.03265	0.02983	0.02161	0.01081	0.00921	0.00259	0.00814	0.00875	0.01035	0.23145
13	0.72007	0.01928	0.01465	0.01311	0.01928	0.02236	0.01080	0.02930	0.01697	0.04473	0.01388	0.01619	0.01080	0.00925	0.00617	0.00308	0.00771	0.00540	0.00617	0.01080
14	0.02665	0.65565	0.05224	0.01706	0.02559	0.03945	0.01706	0.02985	0.02026	0.02345	0.01386	0.01599	0.01279	0.00853	0.00640	0.00213	0.01066	0.00533	0.00426	0.01279
15	0.01424	0.01068	0.01602	0.01602	0.01780	0.01246	0.01246	0.01780	0.01602	0.02314	0.02670	0.03916	0.02492	0.07477	0.61015	0.01602	0.02670	0.01068	0.00534	0.00890
16	0.72007	0.01928	0.01465	0.01311	0.01928	0.02236	0.01080	0.02930	0.01697	0.04473	0.01388	0.01619	0.01080	0.00925	0.00617	0.00308	0.00771	0.00540	0.00617	0.01080
17	0.01433	0.01032	0.01420	0.01420	0.01536	0.01147	0.01020	0.01664	0.01548	0.02180	0.02836	0.04836	0.02892	0.27764	0.41273	0.01378	0.02069	0.01203	0.00559	0.00789
18	0.02665	0.65565	0.05224	0.01706	0.02559	0.03945	0.01706	0.02985	0.02026	0.02345	0.01386	0.01599	0.01279	0.00853	0.00640	0.00213	0.01066	0.00533	0.00426	0.01279
19	0.02067	0.01772	0.02067	0.01477	0.02362	0.01329	0.01181	0.02510	0.02067	0.03248	0.01772	0.02067	0.01477	0.00738	0.00738	0.00148	0.00738	0.00591	0.00591	0.71059
20	0.01215	0.00868	0.01157	0.01388	0.01446	0.00810	0.00925	0.01388	0.01909	0.02545	0.05495	0.64315	0.06593	0.03123	0.01272	0.00405	0.00578	0.02834	0.00925	0.00810
21	0.60299	0.02026	0.02038	0.01975	0.07434	0.02270	0.05354	0.02962	0.01799	0.04263	0.01481	0.01779	0.01159	0.00916	0.00694	0.00309	0.00878	0.00620	0.00597	0.01146
22	0.01215	0.00868	0.01157	0.01388	0.01446	0.00810	0.00925	0.01388	0.01909	0.02545	0.05495	0.64315	0.06593	0.03123	0.01272	0.00405	0.00578	0.02834	0.00925	0.00810
23	0.55121	0.01870	0.01677	0.01427	0.02082	0.02044	0.01176	0.03412	0.01986	0.18216	0.02024	0.02063	0.01427	0.01003	0.00713	0.00308	0.00790	0.00656	0.00771	0.01234
24	0.03023	0.02182	0.03566	0.04914	0.43168	0.02118	0.02618	0.03558	0.02432	0.18830	0.02446	0.02724	0.01825	0.00984	0.00991	0.00300	0.01091	0.00920	0.00699	0.01612
25	0.02771	0.59466	0.04983	0.01792	0.02611	0.09663	0.01728	0.03085	0.02106	0.02355	0.01401	0.01619	0.01280	0.00870	0.00666	0.00218	0.01139	0.00544	0.00435	0.01267
26	0.27629	0.01971	0.02044	0.01671	0.02369	0.02054	0.01359	0.09054	0.11577	0.19055	0.02654	0.02570	0.01883	0.01084	0.00838	0.00294	0.00824	0.00802	0.00882	0.09384

[dist]
# distance from previous block
# <min> <max>
0	1

[block]
# block no. 4 follows, 15 sequences, length 29
# corresponding to MSA columns:
# 760-788
name=unknown_E
#
# <colnr> <probs for GDERKNQSTAVLIFYWHMCP>
#	G	D	E	R	K	N	Q	S	T	A	V	L	I	F	Y	W	H	M	C	P
0	0.02772	0.02161	0.02910	0.03073	0.15705	0.02302	0.05341	0.04579	0.32603	0.12302	0.03404	0.03315	0.02520	0.01194	0.01017	0.00324	0.00946	0.01056	0.00895	0.01581
1	0.01305	0.00976	0.01211	0.01234	0.01445	0.00883	0.00894	0.01645	0.02450	0.03308	0.33007	0.23214	0.19889	0.02441	0.01202	0.00343	0.00507	0.02149	0.01012	0.00883
2	0.03271	0.03039	0.17093	0.03172	0.16393	0.06635	0.02464	0.07968	0.02673	0.23489	0.02605	0.02650	0.01805	0.01062	0.00977	0.00303	0.01177	0.00873	0.00782	0.01571
3	0.02474	0.12712	0.04642	0.04979	0.37826	0.02658	0.14303	0.03077	0.02248	0.03095	0.01827	0.02375	0.01516	0.00872	0.00972	0.00291	0.01274	0.00894	0.00485	0.01479
4	0.01424	0.01068	0.01602	0.01602	0.01780	0.01246	0.01246	0.01780	0.01602	0.02314	0.02670	0.03916	0.02492	0.07477	0.61015	0.01602	0.02670	0.01068	0.00534	0.00890
5	0.01920	0.01845	0.03220	0.57921	0.06734	0.02239	0.06938	0.02599	0.02022	0.02599	0.01791	0.02660	0.01344	0.00984	0.01011	0.00333	0.01357	0.00909	0.00448	0.01126
6	0.02908	0.02133	0.11952	0.01811	0.02515	0.01544	0.01693	0.07178	0.02846	0.26150	0.22740	0.04538	0.04669	0.01467	0.01054	0.00311	0.00840	0.01233	0.01028	0.01389
7	0.03610	0.02940	0.02416	0.02096	0.02649	0.27786	0.01631	0.03933	0.02623	0.24232	0.02653	0.02778	0.01948	0.02230	0.11414	0.00511	0.01586	0.00854	0.00793	0.01316
8	0.01999	0.05157	0.59800	0.02841	0.04315	0.02315	0.03683	0.03157	0.02105	0.03157	0.01789	0.02105	0.01263	0.00947	0.00947	0.00316	0.01473	0.00737	0.00421	0.01473
9	0.01270	0.00925	0.01197	0.01316	0.01450	0.00851	0.00916	0.01539	0.02211	0.02990	0.21585	0.42732	0.11829	0.02749	0.01236	0.00372	0.00540	0.02465	0.00977	0.00851
10	0.01284	0.01050	0.01448	0.01458	0.01684	0.00945	0.04801	0.01534	0.02070	0.02645	0.06878	0.40398	0.24611	0.02745	0.01232	0.00376	0.00632	0.02454	0.00895	0.00860
11	0.02181	0.02181	0.03053	0.02617	0.02617	0.03053	0.02181	0.02399	0.01527	0.02399	0.01309	0.02181	0.01309	0.01745	0.03272	0.00436	0.63141	0.00872	0.00436	0.01091
12	0.04473	0.01697	0.02313	0.01774	0.02545	0.01465	0.01465	0.04858	0.02853	0.59437	0.03933	0.03393	0.02468	0.01234	0.01003	0.00308	0.00848	0.01003	0.01234	0.01697
13	0.01883	0.01772	0.02990	0.62569	0.06866	0.02215	0.02769	0.02547	0.01993	0.02547	0.01772	0.02658	0.01329	0.00997	0.00997	0.00332	0.01329	0.00886	0.00443	0.01107
14	0.01732	0.00866	0.01299	0.01299	0.01299	0.00866	0.00866	0.01299	0.01299	0.01732	0.01732	0.03030	0.01732	0.03463	0.03896	0.70996	0.00866	0.00866	0.00433	0.00433
15	0.04473	0.01697	0.02313	0.01774	0.02545	0.01465	0.01465	0.04858	0.02853	0.59437	0.03933	0.03393	0.02468	0.01234	0.01003	0.00308	0.00848	0.01003	0.01234	0.01697
16	0.01606	0.01147	0.01606	0.01836	0.02065	0.01147	0.01606	0.02065	0.02295	0.02983	0.05278	0.11245	0.05737	0.02754	0.01377	0.00459	0.00918	0.52037	0.00918	0.00918
17	0.01215	0.00868	0.01157	0.01388	0.01446	0.00810	0.00925	0.01388	0.01909	0.02545	0.05495	0.64315	0.06593	0.03123	0.01272	0.00405	0.00578	0.02834	0.00925	0.00810
18	0.04473	0.01697	0.02313	0.01774	0.02545	0.01465	0.01465	0.04858	0.02853	0.59437	0.03933	0.03393	0.02468	0.01234	0.01003	0.00308	0.00848	0.01003	0.01234	0.01697
19	0.03249	0.01435	0.01866	0.01520	0.02109	0.01242	0.01224	0.03618	0.02719	0.37928	0.13977	0.05423	0.16038	0.01650	0.01069	0.00316	0.00711	0.01376	0.01143	0.01385
20	0.03552	0.01725	0.02219	0.01660	0.02475	0.01413	0.01357	0.03960	0.02552	0.37932	0.03106	0.02886	0.02088	0.01044	0.00901	0.00247	0.00806	0.00845	0.00988	0.28243
21	0.72007	0.01928	0.01465	0.01311	0.01928	0.02236	0.01080	0.02930	0.01697	0.04473	0.01388	0.01619	0.01080	0.00925	0.00617	0.00308	0.00771	0.00540	0.00617	0.01080
22	0.01862	0.01146	0.01318	0.01199	0.01605	0.00980	0.00926	0.02176	0.02475	0.14026	0.16704	0.08030	0.39446	0.02193	0.01143	0.00327	0.00567	0.01839	0.01014	0.01025
23	0.01276	0.00980	0.01168	0.01193	0.01425	0.00872	0.00867	0.01593	0.02396	0.03157	0.27425	0.21745	0.27345	0.02480	0.01200	0.00344	0.00509	0.02162	0.00991	0.00872
24	0.01178	0.01010	0.01010	0.01010	0.01347	0.00842	0.00757	0.01431	0.02272	0.02693	0.10099	0.09594	0.58342	0.02525	0.01178	0.00337	0.00505	0.02104	0.00926	0.00842
25	0.02067	0.01772	0.02067	0.01477	0.02362	0.01329	0.01181	0.02510	0.02067	0.03248	0.01772	0.02067	0.01477	0.00738	0.00738	0.00148	0.00738	0.00591	0.00591	0.71059
26	0.01999	0.05157	0.59800	0.02841	0.04315	0.02315	0.03683	0.03157	0.02105	0.03157	0.01789	0.02105	0.01263	0.00947	0.00947	0.00316	0.01473	0.00737	0.00421	0.01473
27	0.41824	0.01825	0.01844	0.01518	0.02204	0.01892	0.01252	0.03792	0.02214	0.29038	0.02525	0.02412	0.01700	0.01063	0.00789	0.00308	0.00806	0.00747	0.00893	0.01355
28	0.01215	0.00868	0.01157	0.01388	0.01446	0.00810	0.00925	0.01388	0.01909	0.02545	0.05495	0.64315	0.06593	0.03123	0.01272	0.00405	0.00578	0.02834	0.00925	0.00810

[dist]
# distance from previous block
# <min> <max>
0	5

[block]
# block no. 5 follows, 15 sequences, length 26
# corresponding to MSA columns:
# 794-819
name=unknown_F
#
# <colnr> <probs for GDERKNQSTAVLIFYWHMCP>
#	G	D	E	R	K	N	Q	S	T	A	V	L	I	F	Y	W	H	M	C	P
0	0.18659	0.14047	0.02866	0.02055	0.02678	0.32723	0.01644	0.03552	0.02406	0.05609	0.01605	0.01813	0.01303	0.00971	0.00790	0.00258	0.01352	0.00616	0.00560	0.04491
1	0.01211	0.00994	0.01066	0.01085	0.01376	0.00850	0.00800	0.01480	0.02295	0.02832	0.15339	0.15944	0.46199	0.02538	0.01189	0.00342	0.00510	0.02156	0.00946	0.00850
2	0.02400	0.01846	0.02689	0.03124	0.21624	0.01713	0.01866	0.02881	0.02354	0.10648	0.12595	0.03386	0.03112	0.01144	0.01060	0.00264	0.03807	0.00986	0.00728	0.21771
3	0.72007	0.01928	0.01465	0.01311	0.01928	0.02236	0.01080	0.02930	0.01697	0.04473	0.01388	0.01619	0.01080	0.00925	0.00617	0.00308	0.00771	0.00540	0.00617	0.01080
4	0.63873	0.01900	0.01567	0.01367	0.02002	0.02143	0.01126	0.03163	0.01836	0.11093	0.01695	0.01833	0.01247	0.00963	0.00663	0.00308	0.00780	0.00596	0.00691	0.01154
5	0.02046	0.09898	0.02246	0.01655	0.02116	0.02011	0.01322	0.03535	0.26656	0.03859	0.26885	0.05039	0.05537	0.01581	0.01035	0.00311	0.00689	0.01339	0.00974	0.01266
6	0.01695	0.00890	0.01334	0.01334	0.01355	0.00911	0.00911	0.01355	0.01334	0.01800	0.01842	0.03135	0.01821	0.03936	0.10632	0.62812	0.01079	0.00890	0.00445	0.00487
7	0.01807	0.01415	0.01676	0.09347	0.02278	0.01571	0.01170	0.02717	0.17750	0.02667	0.03231	0.05202	0.03156	0.38054	0.03357	0.00700	0.00962	0.01282	0.00703	0.00954
8	0.02041	0.04866	0.53442	0.03002	0.04420	0.02339	0.09750	0.03161	0.02134	0.03161	0.01816	0.02174	0.01292	0.00935	0.00974	0.00318	0.01498	0.00789	0.00431	0.01458
9	0.02480	0.02141	0.02254	0.02029	0.02592	0.02480	0.01578	0.05297	0.56946	0.04170	0.04057	0.03719	0.03043	0.01352	0.01014	0.00338	0.00789	0.01127	0.01014	0.01578
10	0.63759	0.01909	0.01536	0.01330	0.01979	0.02129	0.01092	0.02881	0.01740	0.04328	0.01433	0.01672	0.01126	0.00903	0.00631	0.00289	0.00767	0.00546	0.00614	0.09332
11	0.03498	0.02185	0.03172	0.03706	0.26382	0.02150	0.02219	0.13530	0.02949	0.25797	0.02777	0.02816	0.01948	0.01081	0.00995	0.00302	0.01037	0.00935	0.00877	0.01647
12	0.02136	0.02472	0.17785	0.02654	0.13061	0.01642	0.02141	0.02805	0.02529	0.10309	0.25895	0.04583	0.04906	0.01431	0.01058	0.00310	0.00921	0.01247	0.00818	0.01295
13	0.01540	0.01071	0.01387	0.01520	0.01652	0.01071	0.01183	0.01805	0.01938	0.02540	0.04376	0.09251	0.04845	0.29027	0.02938	0.00673	0.00938	0.30673	0.00785	0.00785
14	0.01215	0.00868	0.01157	0.01388	0.01446	0.00810	0.00925	0.01388	0.01909	0.02545	0.05495	0.64315	0.06593	0.03123	0.01272	0.00405	0.00578	0.02834	0.00925	0.00810
15	0.03066	0.29760	0.11209	0.02250	0.03027	0.29948	0.02064	0.03465	0.02403	0.02494	0.01510	0.01756	0.01279	0.00945	0.00799	0.00247	0.01455	0.00610	0.00466	0.01248
16	0.72007	0.01928	0.01465	0.01311	0.01928	0.02236	0.01080	0.02930	0.01697	0.04473	0.01388	0.01619	0.01080	0.00925	0.00617	0.00308	0.00771	0.00540	0.00617	0.01080
17	0.42674	0.02984	0.18723	0.01886	0.02777	0.02370	0.01947	0.09814	0.02204	0.04323	0.01636	0.01862	0.01213	0.00967	0.00763	0.00309	0.01019	0.00644	0.00609	0.01275
18	0.02627	0.01925	0.02134	0.01915	0.02450	0.02132	0.01484	0.04771	0.42417	0.12191	0.04208	0.10817	0.03376	0.01544	0.01043	0.00342	0.00773	0.01310	0.01036	0.01505
19	0.31111	0.01315	0.01287	0.01356	0.01649	0.01412	0.00991	0.02039	0.01819	0.03359	0.03760	0.37838	0.04265	0.02195	0.00996	0.00364	0.00660	0.01865	0.00795	0.00924
20	0.02946	0.03493	0.02895	0.27908	0.04680	0.36153	0.02282	0.03375	0.02474	0.02485	0.01638	0.02161	0.01303	0.01014	0.00940	0.00289	0.01600	0.00745	0.00484	0.01135
21	0.01716	0.05719	0.01836	0.01457	0.01783	0.01346	0.01109	0.01893	0.01658	0.02364	0.02264	0.03514	0.02185	0.12222	0.25317	0.14217	0.01566	0.00936	0.00529	0.16368
22	0.11020	0.01968	0.10126	0.01545	0.01955	0.01627	0.01303	0.09403	0.02029	0.03050	0.02608	0.04656	0.02675	0.38266	0.03315	0.00691	0.01035	0.01149	0.00633	0.00947
23	0.03007	0.01456	0.01839	0.01482	0.02079	0.01238	0.01174	0.03348	0.02519	0.31686	0.08669	0.05087	0.15141	0.06182	0.01317	0.00342	0.00742	0.01278	0.01027	0.10386
24	0.01961	0.01109	0.01476	0.01396	0.01686	0.01006	0.01040	0.02328	0.02561	0.14576	0.32027	0.23273	0.07207	0.02196	0.01170	0.00339	0.00577	0.01946	0.01074	0.01052
25	0.02091	0.02835	0.18436	0.02255	0.03320	0.01776	0.09883	0.02789	0.02120	0.03215	0.01813	0.02170	0.01423	0.00811	0.00861	0.00222	0.01080	0.00718	0.00531	0.41653

[dist]
# distance from previous block
# <min> <max>
0	7

[block]
# block no. 6 follows, 15 sequences, length 6
# corresponding to MSA columns:
# 827-832
name=unknown_G
#
# <colnr> <probs for GDERKNQSTAVLIFYWHMCP>
#	G	D	E	R	K	N	Q	S	T	A	V	L	I	F	Y	W	H	M	C	P
0	0.01982	0.02006	0.01625	0.01673	0.01851	0.18188	0.01154	0.02147	0.02088	0.02401	0.03917	0.35544	0.04510	0.14012	0.01871	0.00467	0.01002	0.01945	0.00747	0.00871
1	0.01966	0.01498	0.01835	0.01423	0.02041	0.01189	0.01086	0.02145	0.01835	0.02791	0.01760	0.02358	0.01554	0.01561	0.01691	0.21532	0.00777	0.00674	0.00543	0.49742
2	0.01391	0.01083	0.01352	0.01364	0.01638	0.00962	0.00981	0.01650	0.01965	0.02674	0.05267	0.36304	0.14078	0.03083	0.08099	0.00484	0.00839	0.02086	0.00818	0.13880
3	0.09812	0.01156	0.01258	0.01207	0.01487	0.01103	0.00860	0.01981	0.02053	0.08325	0.10686	0.13400	0.20986	0.18895	0.02146	0.00504	0.00698	0.01697	0.00850	0.00895
4	0.09116	0.01234	0.01479	0.01361	0.01669	0.01224	0.01000	0.02375	0.01981	0.14252	0.06849	0.08331	0.09725	0.21034	0.13335	0.00747	0.01140	0.01362	0.00801	0.00984
5	0.03386	0.01456	0.01965	0.01589	0.02170	0.01279	0.01279	0.03802	0.02842	0.39765	0.23196	0.04831	0.04930	0.01519	0.01064	0.00310	0.00714	0.01286	0.01185	0.01428

[dist]
# distance from previous block
# <min> <max>
0	1

[block]
# block no. 7 follows, 15 sequences, length 17
# corresponding to MSA columns:
# 834-850
name=unknown_H
#
# <colnr> <probs for GDERKNQSTAVLIFYWHMCP>
#	G	D	E	R	K	N	Q	S	T	A	V	L	I	F	Y	W	H	M	C	P
0	0.08987	0.01480	0.01909	0.01587	0.02153	0.01344	0.01265	0.03690	0.02633	0.37101	0.14334	0.11753	0.04208	0.01603	0.01038	0.00322	0.00735	0.01351	0.01118	0.01389
1	0.01546	0.01136	0.01287	0.01171	0.01567	0.00958	0.00895	0.01883	0.02430	0.06824	0.21151	0.07861	0.36281	0.02131	0.01121	0.00309	0.00543	0.01798	0.00955	0.08153
2	0.02469	0.03930	0.23961	0.02994	0.03942	0.17626	0.17088	0.03201	0.02342	0.02916	0.02168	0.08590	0.01886	0.01163	0.01031	0.00315	0.01523	0.01049	0.00520	0.01286
3	0.01551	0.01047	0.01300	0.01247	0.01525	0.00937	0.00931	0.01922	0.02569	0.07541	0.35341	0.14908	0.20965	0.02240	0.01176	0.00331	0.00520	0.01951	0.01042	0.00954
4	0.28352	0.01582	0.01714	0.01451	0.02008	0.01594	0.01169	0.03276	0.02420	0.22969	0.18961	0.03934	0.03999	0.01357	0.00912	0.00310	0.00709	0.01068	0.00967	0.01248
5	0.01215	0.00868	0.01157	0.01388	0.01446	0.00810	0.00925	0.01388	0.01909	0.02545	0.05495	0.64315	0.06593	0.03123	0.01272	0.00405	0.00578	0.02834	0.00925	0.00810
6	0.01480	0.01046	0.01410	0.01605	0.01755	0.01031	0.01276	0.01794	0.02066	0.02709	0.05013	0.24506	0.05644	0.12240	0.01907	0.00521	0.00836	0.31447	0.00873	0.00842
7	0.35525	0.01712	0.01763	0.01471	0.02073	0.01761	0.01176	0.03529	0.02137	0.26559	0.02648	0.02965	0.01968	0.09174	0.01339	0.00392	0.00827	0.00844	0.00867	0.01271
8	0.19542	0.01875	0.02573	0.01977	0.02743	0.01774	0.08184	0.04209	0.02527	0.39820	0.03112	0.02901	0.02031	0.01114	0.00937	0.00312	0.00936	0.00919	0.01001	0.01512
9	0.02334	0.01223	0.01628	0.01411	0.01807	0.01099	0.01099	0.02779	0.02831	0.20708	0.41858	0.06225	0.07315	0.01796	0.01124	0.00312	0.00584	0.01562	0.01139	0.01168
10	0.01999	0.05157	0.59800	0.02841	0.04315	0.02315	0.03683	0.03157	0.02105	0.03157	0.01789	0.02105	0.01263	0.00947	0.00947	0.00316	0.01473	0.00737	0.00421	0.01473
11	0.12908	0.02361	0.02943	0.06863	0.15416	0.10001	0.08919	0.03161	0.09047	0.03169	0.02260	0.03136	0.01971	0.11809	0.01640	0.00419	0.01193	0.00966	0.00598	0.01221
12	0.01435	0.01027	0.01391	0.01391	0.01497	0.01132	0.00983	0.01645	0.01540	0.02158	0.02863	0.04983	0.02956	0.31005	0.38120	0.01342	0.01973	0.01224	0.00563	0.00773
13	0.01883	0.01772	0.02990	0.62569	0.06866	0.02215	0.02769	0.02547	0.01993	0.02547	0.01772	0.02658	0.01329	0.00997	0.00997	0.00332	0.01329	0.00886	0.00443	0.01107
14	0.15551	0.02156	0.02985	0.20568	0.04217	0.02365	0.08736	0.15959	0.02766	0.11999	0.02193	0.02513	0.01559	0.01046	0.00951	0.00317	0.01147	0.00879	0.00731	0.01360
15	0.13383	0.16788	0.03342	0.02791	0.13862	0.12713	0.01925	0.09930	0.09859	0.03595	0.01993	0.02192	0.01598	0.01010	0.00844	0.00279	0.01136	0.00748	0.00633	0.01380
16	0.49528	0.02199	0.05902	0.02158	0.10711	0.02168	0.01567	0.02922	0.01849	0.04073	0.01529	0.01827	0.01208	0.00902	0.00708	0.00291	0.00878	0.00611	0.00582	0.08387

[dist]
# distance from previous block
# <min> <max>
0	1

[block]
# block no. 8 follows, 15 sequences, length 94
# corresponding to MSA columns:
# 852-945
name=unknown_I
#
# <colnr> <probs for GDERKNQSTAVLIFYWHMCP>
#	G	D	E	R	K	N	Q	S	T	A	V	L	I	F	Y	W	H	M	C	P
0	0.02772	0.07013	0.17492	0.02138	0.03030	0.02322	0.02105	0.14545	0.12881	0.11037	0.07146	0.03020	0.02508	0.01176	0.00960	0.00296	0.01027	0.00937	0.00820	0.06774
1	0.55870	0.01879	0.01648	0.01399	0.02061	0.02044	0.01151	0.03220	0.01914	0.13490	0.01837	0.01945	0.01338	0.00963	0.00689	0.00297	0.00782	0.00620	0.00717	0.06136
2	0.02067	0.01772	0.02067	0.01477	0.02362	0.01329	0.01181	0.02510	0.02067	0.03248	0.01772	0.02067	0.01477	0.00738	0.00738	0.00148	0.00738	0.00591	0.00591	0.71059
3	0.03786	0.06880	0.06633	0.01852	0.02697	0.01841	0.01642	0.08841	0.02800	0.39022	0.03168	0.02903	0.02094	0.01117	0.00936	0.00280	0.00917	0.00885	0.01010	0.10696
4	0.72007	0.01928	0.01465	0.01311	0.01928	0.02236	0.01080	0.02930	0.01697	0.04473	0.01388	0.01619	0.01080	0.00925	0.00617	0.00308	0.00771	0.00540	0.00617	0.01080
5	0.01434	0.01029	0.01402	0.01402	0.01511	0.01137	0.00996	0.01652	0.01543	0.02166	0.02853	0.04930	0.02932	0.29834	0.39260	0.01355	0.02008	0.01217	0.00561	0.00779
6	0.02909	0.02031	0.02302	0.01856	0.02433	0.02149	0.01496	0.31312	0.03842	0.08851	0.24205	0.04424	0.04744	0.01526	0.01067	0.00305	0.00837	0.01256	0.01052	0.01402
7	0.02067	0.01772	0.02067	0.01477	0.02362	0.01329	0.01181	0.02510	0.02067	0.03248	0.01772	0.02067	0.01477	0.00738	0.00738	0.00148	0.00738	0.00591	0.00591	0.71059
8	0.49563	0.01622	0.01345	0.01240	0.01661	0.01832	0.00928	0.02459	0.01618	0.03665	0.01946	0.03179	0.01889	0.21296	0.02035	0.00518	0.00833	0.00829	0.00613	0.00928
9	0.01781	0.01542	0.02331	0.03103	0.23731	0.01478	0.01732	0.02260	0.02510	0.03479	0.27805	0.05890	0.15009	0.01677	0.01103	0.00311	0.00754	0.01500	0.00832	0.01171
10	0.72007	0.01928	0.01465	0.01311	0.01928	0.02236	0.01080	0.02930	0.01697	0.04473	0.01388	0.01619	0.01080	0.00925	0.00617	0.00308	0.00771	0.00540	0.00617	0.01080
11	0.02586	0.02407	0.03951	0.05775	0.53738	0.02434	0.02955	0.07772	0.02487	0.03529	0.01922	0.02461	0.01590	0.00916	0.00988	0.00296	0.01176	0.00889	0.00539	0.01590
12	0.01450	0.00966	0.01087	0.01087	0.01087	0.00966	0.00604	0.01450	0.01450	0.01933	0.03141	0.06524	0.03624	0.64965	0.05074	0.00966	0.00966	0.01450	0.00604	0.00604
13	0.02714	0.41686	0.12742	0.01990	0.02901	0.03446	0.02016	0.10897	0.07370	0.03207	0.01834	0.01981	0.01497	0.00962	0.00771	0.00252	0.01106	0.00670	0.00562	0.01396
14	0.19504	0.03111	0.18374	0.02149	0.03089	0.02471	0.02147	0.22183	0.03033	0.11573	0.02178	0.02254	0.01525	0.01068	0.00894	0.00307	0.01094	0.00781	0.00776	0.01488
15	0.03531	0.10535	0.03363	0.02565	0.08034	0.03132	0.01976	0.44210	0.04140	0.05522	0.02222	0.02302	0.01633	0.01126	0.00952	0.00288	0.01101	0.00852	0.00881	0.01633
16	0.02403	0.20785	0.02665	0.01457	0.02013	0.01947	0.01251	0.02768	0.02484	0.15092	0.20359	0.05204	0.14594	0.01597	0.00976	0.00286	0.00739	0.01302	0.00890	0.01187
17	0.01431	0.00973	0.01157	0.01173	0.01199	0.00991	0.00707	0.01487	0.01500	0.02022	0.03241	0.10101	0.03682	0.53534	0.11873	0.01009	0.01155	0.01495	0.00617	0.00654
18	0.03232	0.13803	0.13714	0.02599	0.07215	0.07330	0.05772	0.14210	0.02873	0.16303	0.02328	0.02408	0.01667	0.01042	0.00932	0.00288	0.01206	0.00828	0.00741	0.01509
19	0.57139	0.02204	0.01879	0.01885	0.07188	0.06120	0.01363	0.06218	0.02004	0.04342	0.01503	0.01755	0.01175	0.00945	0.00692	0.00303	0.00895	0.00600	0.00622	0.01167
20	0.01264	0.00903	0.01213	0.01445	0.01524	0.00852	0.01011	0.01474	0.01957	0.02600	0.05467	0.57621	0.06485	0.03077	0.01286	0.00412	0.00621	0.09040	0.00924	0.00823
21	0.02665	0.65565	0.05224	0.01706	0.02559	0.03945	0.01706	0.02985	0.02026	0.02345	0.01386	0.01599	0.01279	0.00853	0.00640	0.00213	0.01066	0.00533	0.00426	0.01279
22	0.02686	0.02394	0.02382	0.01809	0.02627	0.09370	0.01445	0.15187	0.02782	0.03861	0.01889	0.02110	0.01504	0.00883	0.00820	0.00197	0.00958	0.00670	0.00677	0.45749
23	0.01299	0.04776	0.01341	0.01213	0.01467	0.01021	0.00892	0.01543	0.02165	0.02722	0.11747	0.29578	0.31491	0.02612	0.01182	0.00353	0.00563	0.02262	0.00910	0.00863
24	0.02319	0.02500	0.02078	0.01978	0.02286	0.24470	0.01511	0.02636	0.02078	0.02363	0.02231	0.03092	0.02022	0.04969	0.37636	0.01079	0.02331	0.00902	0.00526	0.00993
25	0.02067	0.01772	0.02067	0.01477	0.02362	0.01329	0.01181	0.02510	0.02067	0.03248	0.01772	0.02067	0.01477	0.00738	0.00738	0.00148	0.00738	0.00591	0.00591	0.71059
26	0.72007	0.01928	0.01465	0.01311	0.01928	0.02236	0.01080	0.02930	0.01697	0.04473	0.01388	0.01619	0.01080	0.00925	0.00617	0.00308	0.00771	0.00540	0.00617	0.01080
27	0.72007	0.01928	0.01465	0.01311	0.01928	0.02236	0.01080	0.02930	0.01697	0.04473	0.01388	0.01619	0.01080	0.00925	0.00617	0.00308	0.00771	0.00540	0.00617	0.01080
28	0.02067	0.01772	0.02067	0.01477	0.02362	0.01329	0.01181	0.02510	0.02067	0.03248	0.01772	0.02067	0.01477	0.00738	0.00738	0.00148	0.00738	0.00591	0.00591	0.71059
29	0.01358	0.00928	0.01114	0.01204	0.01227	0.00906	0.00729	0.01426	0.01628	0.02171	0.04056	0.28998	0.04779	0.40915	0.03596	0.00748	0.00816	0.01988	0.00729	0.00684
30	0.02665	0.65565	0.05224	0.01706	0.02559	0.03945	0.01706	0.02985	0.02026	0.02345	0.01386	0.01599	0.01279	0.00853	0.00640	0.00213	0.01066	0.00533	0.00426	0.01279
31	0.01827	0.01459	0.01686	0.01325	0.01867	0.01188	0.00957	0.02098	0.01827	0.02737	0.02304	0.03800	0.02312	0.25716	0.02424	0.00466	0.00827	0.00925	0.00596	0.43660
32	0.01304	0.00915	0.01176	0.01317	0.01369	0.00896	0.00858	0.01442	0.01744	0.02341	0.04537	0.41605	0.05337	0.21999	0.07785	0.00680	0.00883	0.02261	0.00794	0.00755
33	0.45366	0.07954	0.02188	0.01730	0.02334	0.20454	0.01391	0.03258	0.02071	0.03674	0.01435	0.01673	0.01159	0.00951	0.00706	0.00285	0.01111	0.00571	0.00570	0.01119
34	0.01291	0.00926	0.01225	0.01336	0.01463	0.00861	0.00931	0.01580	0.02264	0.03110	0.26000	0.42199	0.07687	0.02701	0.01235	0.00369	0.00536	0.02433	0.00992	0.00861
35	0.04473	0.01697	0.02313	0.01774	0.02545	0.01465	0.01465	0.04858	0.02853	0.59437	0.03933	0.03393	0.02468	0.01234	0.01003	0.00308	0.00848	0.01003	0.01234	0.01697
36	0.03108	0.40937	0.04329	0.02158	0.07186	0.03285	0.01803	0.10759	0.02561	0.12435	0.01991	0.02080	0.01560	0.00968	0.00779	0.00248	0.01044	0.00691	0.00647	0.01432
37	0.02783	0.41298	0.04156	0.01914	0.02646	0.12292	0.01709	0.03684	0.15132	0.02791	0.02041	0.02131	0.01697	0.00998	0.00768	0.00249	0.01112	0.00690	0.00579	0.01331
38	0.02067	0.01772	0.02067	0.01477	0.02362	0.01329	0.01181	0.02510	0.02067	0.03248	0.01772	0.02067	0.01477	0.00738	0.00738	0.00148	0.00738	0.00591	0.00591	0.71059
39	0.02136	0.09127	0.42599	0.03085	0.04399	0.02488	0.16007	0.03153	0.02159	0.03104	0.01814	0.02208	0.01325	0.00914	0.00979	0.00313	0.01493	0.00828	0.00442	0.01427
40	0.02038	0.26267	0.02966	0.01531	0.02049	0.02310	0.01321	0.02756	0.09571	0.03378	0.29054	0.04686	0.05416	0.01488	0.00946	0.00278	0.00744	0.01221	0.00826	0.01155
41	0.01303	0.00905	0.01131	0.01275	0.01311	0.00869	0.00805	0.01411	0.01736	0.02315	0.04611	0.42618	0.05479	0.26341	0.02700	0.00616	0.00724	0.02314	0.00805	0.00733
42	0.03717	0.02257	0.08384	0.02480	0.03374	0.01807	0.15153	0.04287	0.02660	0.40234	0.03258	0.03100	0.02119	0.01109	0.01041	0.00316	0.01114	0.01022	0.00977	0.01588
43	0.01700	0.03534	0.36972	0.02175	0.03178	0.01747	0.02571	0.02517	0.02185	0.03065	0.08331	0.08763	0.16063	0.01567	0.01044	0.00327	0.01099	0.01298	0.00630	0.01233
44	0.01215	0.00868	0.01157	0.01388	0.01446	0.00810	0.00925	0.01388	0.01909	0.02545	0.05495	0.64315	0.06593	0.03123	0.01272	0.00405	0.00578	0.02834	0.00925	0.00810
45	0.02467	0.02369	0.04046	0.06119	0.58747	0.02369	0.03059	0.03059	0.02270	0.03257	0.01875	0.02467	0.01579	0.00888	0.00987	0.00296	0.01184	0.00888	0.00493	0.01579
46	0.01411	0.01019	0.01333	0.01254	0.01489	0.00941	0.00941	0.01881	0.02822	0.03998	0.58221	0.07447	0.09406	0.02038	0.01176	0.00314	0.00470	0.01803	0.01097	0.00941
47	0.02467	0.02369	0.04046	0.06119	0.58747	0.02369	0.03059	0.03059	0.02270	0.03257	0.01875	0.02467	0.01579	0.00888	0.00987	0.00296	0.01184	0.00888	0.00493	0.01579
48	0.01999	0.05157	0.59800	0.02841	0.04315	0.02315	0.03683	0.03157	0.02105	0.03157	0.01789	0.02105	0.01263	0.00947	0.00947	0.00316	0.01473	0.00737	0.00421	0.01473
49	0.01178	0.01010	0.01010	0.01010	0.01347	0.00842	0.00757	0.01431	0.02272	0.02693	0.10099	0.09594	0.58342	0.02525	0.01178	0.00337	0.00505	0.02104	0.00926	0.00842
50	0.02467	0.02369	0.04046	0.06119	0.58747	0.02369	0.03059	0.03059	0.02270	0.03257	0.01875	0.02467	0.01579	0.00888	0.00987	0.00296	0.01184	0.00888	0.00493	0.01579
51	0.03724	0.04751	0.02825	0.02568	0.03082	0.60963	0.01926	0.03981	0.02825	0.02440	0.01541	0.01798	0.01284	0.01027	0.00899	0.00257	0.01798	0.00642	0.00514	0.01156
52	0.72007	0.01928	0.01465	0.01311	0.01928	0.02236	0.01080	0.02930	0.01697	0.04473	0.01388	0.01619	0.01080	0.00925	0.00617	0.00308	0.00771	0.00540	0.00617	0.01080
53	0.01883	0.01772	0.02990	0.62569	0.06866	0.02215	0.02769	0.02547	0.01993	0.02547	0.01772	0.02658	0.01329	0.00997	0.00997	0.00332	0.01329	0.00886	0.00443	0.01107
54	0.01215	0.00868	0.01157	0.01388	0.01446	0.00810	0.00925	0.01388	0.01909	0.02545	0.05495	0.64315	0.06593	0.03123	0.01272	0.00405	0.00578	0.02834	0.00925	0.00810
55	0.04473	0.01697	0.02313	0.01774	0.02545	0.01465	0.01465	0.04858	0.02853	0.59437	0.03933	0.03393	0.02468	0.01234	0.01003	0.00308	0.00848	0.01003	0.01234	0.01697
56	0.01582	0.01130	0.01578	0.01808	0.02026	0.01126	0.01564	0.02023	0.02271	0.02956	0.05292	0.14579	0.05791	0.02777	0.01370	0.00456	0.00897	0.48945	0.00918	0.00911
57	0.01292	0.01014	0.01168	0.01129	0.01416	0.00890	0.00847	0.01651	0.02541	0.03331	0.33636	0.08544	0.34407	0.02287	0.01177	0.00325	0.00488	0.01957	0.01010	0.00890
58	0.04101	0.02292	0.02682	0.02056	0.02842	0.02349	0.01699	0.32341	0.03850	0.30547	0.03096	0.02850	0.02048	0.01214	0.01000	0.00303	0.00983	0.00945	0.01105	0.01696
59	0.01505	0.01071	0.01425	0.01497	0.01699	0.01038	0.01200	0.01909	0.02406	0.03272	0.27100	0.09052	0.06997	0.10461	0.01769	0.00464	0.00737	0.24560	0.00952	0.00887
60	0.01215	0.00868	0.01157	0.01388	0.01446	0.00810	0.00925	0.01388	0.01909	0.02545	0.05495	0.64315	0.06593	0.03123	0.01272	0.00405	0.00578	0.02834	0.00925	0.00810
61	0.55460	0.01871	0.01673	0.01424	0.02079	0.02047	0.01174	0.03403	0.01980	0.17940	0.02012	0.02054	0.01420	0.01001	0.00711	0.00308	0.00790	0.00653	0.00768	0.01231
62	0.01435	0.00987	0.01183	0.01152	0.01244	0.00956	0.00735	0.01618	0.01983	0.02736	0.24561	0.06883	0.05873	0.40493	0.03558	0.00713	0.00774	0.01587	0.00796	0.00735
63	0.03100	0.01365	0.01757	0.01462	0.01883	0.01239	0.01074	0.03311	0.02216	0.33334	0.03573	0.04814	0.02993	0.30164	0.02851	0.00607	0.00902	0.01206	0.00948	0.01201
64	0.01354	0.01017	0.01253	0.01194	0.01454	0.00916	0.00896	0.01771	0.02687	0.03678	0.46430	0.07973	0.21396	0.02157	0.01176	0.00319	0.00479	0.01877	0.01055	0.00916
65	0.02353	0.02689	0.05882	0.04202	0.05210	0.02521	0.55126	0.03193	0.02353	0.03193	0.02017	0.02689	0.01513	0.00840	0.01176	0.00336	0.01681	0.01176	0.00504	0.01345
66	0.30451	0.02244	0.02267	0.01811	0.02533	0.02444	0.01495	0.25213	0.03169	0.15876	0.02301	0.02286	0.01606	0.01098	0.00850	0.00305	0.00922	0.00779	0.00895	0.01456
67	0.07433	0.01347	0.01795	0.01608	0.02039	0.01310	0.01257	0.03069	0.02202	0.26567	0.03731	0.16699	0.03280	0.03456	0.18644	0.00709	0.01319	0.01389	0.00920	0.01225
68	0.01740	0.01365	0.01616	0.01493	0.01829	0.01414	0.01137	0.02933	0.19484	0.04051	0.41546	0.06299	0.07447	0.01827	0.01126	0.00321	0.00568	0.01595	0.01072	0.01137
69	0.02480	0.02141	0.02254	0.02029	0.02592	0.02480	0.01578	0.05297	0.56946	0.04170	0.04057	0.03719	0.03043	0.01352	0.01014	0.00338	0.00789	0.01127	0.01014	0.01578
70	0.67500	0.01956	0.01632	0.01623	0.05610	0.02245	0.01208	0.02939	0.01734	0.04394	0.01420	0.01674	0.01112	0.00923	0.00641	0.00308	0.00798	0.00562	0.00609	0.01112
71	0.01999	0.05157	0.59800	0.02841	0.04315	0.02315	0.03683	0.03157	0.02105	0.03157	0.01789	0.02105	0.01263	0.00947	0.00947	0.00316	0.01473	0.00737	0.00421	0.01473
72	0.72007	0.01928	0.01465	0.01311	0.01928	0.02236	0.01080	0.02930	0.01697	0.04473	0.01388	0.01619	0.01080	0.00925	0.00617	0.00308	0.00771	0.00540	0.00617	0.01080
73	0.02067	0.01772	0.02067	0.01477	0.02362	0.01329	0.01181	0.02510	0.02067	0.03248	0.01772	0.02067	0.01477	0.00738	0.00738	0.00148	0.00738	0.00591	0.00591	0.71059
74	0.02611	0.01306	0.01844	0.01634	0.02031	0.01312	0.01288	0.02955	0.02078	0.24503	0.03193	0.03889	0.02559	0.08935	0.33895	0.01056	0.01847	0.01068	0.00811	0.01184
75	0.04231	0.01750	0.02306	0.01805	0.02551	0.01588	0.01479	0.04911	0.09401	0.52747	0.03948	0.03433	0.02537	0.01248	0.01004	0.00312	0.00841	0.01018	0.01207	0.01682
76	0.03724	0.04751	0.02825	0.02568	0.03082	0.60963	0.01926	0.03981	0.02825	0.02440	0.01541	0.01798	0.01284	0.01027	0.00899	0.00257	0.01798	0.00642	0.00514	0.01156
77	0.01732	0.00866	0.01299	0.01299	0.01299	0.00866	0.00866	0.01299	0.01299	0.01732	0.01732	0.03030	0.01732	0.03463	0.03896	0.70996	0.00866	0.00866	0.00433	0.00433
78	0.29789	0.02108	0.02010	0.01672	0.02306	0.02331	0.01361	0.22774	0.06010	0.04833	0.03443	0.03426	0.11440	0.01332	0.00882	0.00312	0.00850	0.00982	0.00838	0.01300
79	0.02467	0.02369	0.04046	0.06119	0.58747	0.02369	0.03059	0.03059	0.02270	0.03257	0.01875	0.02467	0.01579	0.00888	0.00987	0.00296	0.01184	0.00888	0.00493	0.01579
80	0.02181	0.02181	0.03053	0.02617	0.02617	0.03053	0.02181	0.02399	0.01527	0.02399	0.01309	0.02181	0.01309	0.01745	0.03272	0.00436	0.63141	0.00872	0.00436	0.01091
