[name]
unknown

[dist]
# distance from previous block
# <min> <max>
12	196

[block]
# block no. 0 follows, 13 sequences, length 6
# corresponding to MSA columns:
# 204-209
name=unknown_A
#
# <colnr> <probs for GDERKNQSTAVLIFYWHMCP>
#	G	D	E	R	K	N	Q	S	T	A	V	L	I	F	Y	W	H	M	C	P
0	0.03084	0.02788	0.14057	0.02084	0.03111	0.01959	0.02005	0.11269	0.02840	0.16939	0.02544	0.02597	0.01810	0.01034	0.00941	0.00261	0.01036	0.00816	0.00822	0.28004
1	0.18782	0.02912	0.20152	0.02057	0.02948	0.01934	0.02157	0.03347	0.02421	0.14406	0.10971	0.04011	0.03264	0.01387	0.01006	0.00343	0.01042	0.04665	0.00819	0.01376
2	0.02515	0.17084	0.18225	0.02303	0.03194	0.02723	0.02369	0.09659	0.10779	0.03699	0.03039	0.04463	0.02700	0.01487	0.01044	0.00343	0.01175	0.11025	0.00735	0.01438
3	0.02506	0.27609	0.25376	0.02358	0.03458	0.03172	0.02610	0.03756	0.13199	0.03237	0.02237	0.02383	0.01745	0.01056	0.00891	0.00297	0.01240	0.00784	0.00582	0.01505
4	0.02268	0.21366	0.07524	0.06432	0.02986	0.02603	0.01921	0.03292	0.13259	0.03169	0.03899	0.05408	0.07633	0.01658	0.01048	0.00344	0.01036	0.12107	0.00752	0.01297
5	0.13791	0.17619	0.24459	0.02282	0.03337	0.02877	0.02489	0.03745	0.13140	0.03610	0.02236	0.02384	0.01710	0.01068	0.00886	0.00313	0.01185	0.00784	0.00615	0.01469

[dist]
# distance from previous block
# <min> <max>
0	8

[block]
# block no. 1 follows, 13 sequences, length 29
# corresponding to MSA columns:
# 218-246
name=unknown_B
#
# <colnr> <probs for GDERKNQSTAVLIFYWHMCP>
#	G	D	E	R	K	N	Q	S	T	A	V	L	I	F	Y	W	H	M	C	P
0	0.33295	0.09576	0.17176	0.01909	0.02800	0.02502	0.01980	0.03340	0.06423	0.04029	0.01984	0.02221	0.01521	0.01038	0.00794	0.00314	0.01030	0.00714	0.06040	0.01313
1	0.15210	0.20533	0.32771	0.02380	0.03593	0.02908	0.02816	0.03254	0.02128	0.03379	0.01701	0.01990	0.01307	0.00973	0.00850	0.00304	0.01305	0.00683	0.00487	0.01428
2	0.08088	0.29145	0.25393	0.02537	0.03694	0.03195	0.08207	0.03257	0.02191	0.03108	0.01711	0.02035	0.01360	0.00948	0.00866	0.00291	0.01345	0.00726	0.00476	0.01427
3	0.25401	0.10403	0.12770	0.01995	0.02870	0.07239	0.01916	0.03660	0.08009	0.08051	0.02129	0.02264	0.01610	0.01046	0.00838	0.00301	0.01092	0.00733	0.00679	0.06994
4	0.01953	0.01319	0.01509	0.01395	0.01773	0.01285	0.01067	0.02799	0.11254	0.08089	0.24065	0.06874	0.18582	0.01962	0.01129	0.00330	0.00595	0.01666	0.11208	0.01146
5	0.03205	0.01946	0.02350	0.01781	0.02591	0.01720	0.01443	0.11714	0.03002	0.20554	0.08692	0.03319	0.02866	0.01180	0.00967	0.00256	0.00851	0.00959	0.00968	0.29635
6	0.03366	0.02159	0.02485	0.02077	0.02739	0.02291	0.01683	0.18029	0.19314	0.17893	0.08224	0.04461	0.03485	0.01542	0.01114	0.00348	0.00926	0.05113	0.01127	0.01624
7	0.01682	0.01285	0.01816	0.01747	0.01903	0.01551	0.01363	0.02029	0.01736	0.02610	0.02716	0.04021	0.02536	0.09535	0.40852	0.01314	0.11082	0.01110	0.08151	0.00962
8	0.02329	0.02505	0.09342	0.35525	0.14675	0.02486	0.02924	0.07134	0.06466	0.03356	0.02142	0.02784	0.01620	0.01078	0.01051	0.00342	0.01336	0.00943	0.00571	0.01392
9	0.02176	0.05139	0.51449	0.03401	0.10335	0.02462	0.03833	0.03337	0.02252	0.03360	0.01908	0.02275	0.01377	0.00998	0.01009	0.00333	0.01528	0.00799	0.00455	0.01575
10	0.01730	0.00942	0.01393	0.01425	0.01453	0.00954	0.00970	0.01445	0.01496	0.02016	0.02463	0.10979	0.02595	0.04088	0.09686	0.52963	0.01086	0.01213	0.00539	0.00564
11	0.02505	0.01594	0.01934	0.01699	0.02200	0.01543	0.01342	0.07039	0.10118	0.14019	0.19245	0.10127	0.08914	0.01900	0.01161	0.00341	0.00748	0.05560	0.01084	0.06926
12	0.01288	0.00920	0.01227	0.01472	0.01534	0.00859	0.00981	0.01472	0.02024	0.02699	0.05828	0.62152	0.06993	0.03312	0.01350	0.00429	0.00613	0.03006	0.00981	0.00859
13	0.02192	0.01879	0.02192	0.01566	0.02506	0.01409	0.01253	0.02662	0.02192	0.03445	0.01879	0.02192	0.01566	0.00783	0.00783	0.00157	0.00783	0.00626	0.00626	0.69305
14	0.03940	0.02403	0.02429	0.01969	0.02646	0.10373	0.01582	0.15603	0.03325	0.27246	0.03277	0.03163	0.02256	0.01252	0.00985	0.00302	0.01036	0.00966	0.13687	0.01562
15	0.02411	0.01923	0.06350	0.25320	0.08759	0.01838	0.02253	0.02976	0.02372	0.13285	0.07238	0.14275	0.03355	0.01595	0.01123	0.00356	0.01092	0.01410	0.00781	0.01290
16	0.02644	0.30746	0.30081	0.02391	0.03603	0.03145	0.02792	0.03414	0.02259	0.07301	0.01893	0.02106	0.01450	0.00985	0.00866	0.00286	0.01319	0.00709	0.00519	0.01491
17	0.01485	0.01003	0.01169	0.01221	0.01234	0.00990	0.00713	0.01524	0.01641	0.02188	0.03862	0.18661	0.04513	0.50187	0.04524	0.00898	0.00938	0.01850	0.00713	0.00687
18	0.02652	0.03233	0.17535	0.02963	0.03664	0.02840	0.09466	0.08503	0.02364	0.07310	0.01951	0.02485	0.01540	0.01399	0.02093	0.00390	0.26658	0.00945	0.00595	0.01415
19	0.57309	0.02669	0.07732	0.01679	0.02423	0.07128	0.01520	0.03228	0.01947	0.04410	0.01532	0.01789	0.01184	0.00993	0.00718	0.00323	0.00991	0.00604	0.00623	0.01197
20	0.02671	0.01924	0.03169	0.02535	0.03140	0.01873	0.15583	0.09678	0.02708	0.13667	0.03717	0.20210	0.03490	0.02484	0.07445	0.00512	0.01308	0.01668	0.00884	0.01331
21	0.01837	0.00918	0.01377	0.01377	0.01377	0.00918	0.00918	0.01377	0.01377	0.01837	0.01837	0.03214	0.01837	0.03673	0.04132	0.69238	0.00918	0.00918	0.00459	0.00459
22	0.02469	0.21248	0.38709	0.02635	0.03958	0.02998	0.03175	0.07287	0.02430	0.03379	0.01831	0.02109	0.01381	0.00998	0.00919	0.00303	0.01411	0.00736	0.00497	0.01525
23	0.03959	0.02699	0.02967	0.02314	0.03125	0.02935	0.01898	0.39636	0.10750	0.14096	0.03006	0.02874	0.02100	0.01296	0.01061	0.00324	0.01083	0.00999	0.01098	0.01783
24	0.01288	0.00920	0.01227	0.01472	0.01534	0.00859	0.00981	0.01472	0.02024	0.02699	0.05828	0.62152	0.06993	0.03312	0.01350	0.00429	0.00613	0.03006	0.00981	0.00859
25	0.01787	0.01973	0.08452	0.02172	0.02547	0.01857	0.05470	0.02254	0.02040	0.02911	0.09656	0.09259	0.07536	0.03804	0.19592	0.00799	0.14737	0.01395	0.00668	0.01090
26	0.01495	0.01075	0.01472	0.01499	0.01613	0.01176	0.01066	0.01730	0.01682	0.02351	0.03318	0.11337	0.03502	0.25101	0.35290	0.01344	0.02010	0.01466	0.00635	0.00837
27	0.06779	0.38188	0.24459	0.02228	0.03361	0.03431	0.02543	0.03230	0.02158	0.02947	0.01628	0.01896	0.01337	0.00946	0.00798	0.00273	0.01271	0.00646	0.00463	0.01420
28	0.03105	0.23471	0.14245	0.02250	0.03215	0.03188	0.02222	0.15805	0.10720	0.08307	0.02452	0.02493	0.01841	0.01124	0.00924	0.00297	0.01160	0.00835	0.00760	0.01587

[dist]
# distance from previous block
# <min> <max>
0	84

[block]
# block no. 2 follows, 13 sequences, length 62
# corresponding to MSA columns:
# 331-392
name=unknown_C
#
# <colnr> <probs for GDERKNQSTAVLIFYWHMCP>
#	G	D	E	R	K	N	Q	S	T	A	V	L	I	F	Y	W	H	M	C	P
0	0.21826	0.17209	0.13891	0.01963	0.02866	0.02780	0.01972	0.10186	0.02528	0.07840	0.02044	0.02229	0.01546	0.01050	0.00822	0.00298	0.01070	0.00731	0.05746	0.01404
1	0.01504	0.01223	0.01559	0.01746	0.07116	0.01107	0.01143	0.01915	0.02678	0.03555	0.30548	0.08351	0.29139	0.02262	0.01228	0.00341	0.00592	0.01952	0.01019	0.01021
2	0.02608	0.02538	0.04438	0.06337	0.52435	0.02524	0.06939	0.03256	0.02414	0.03449	0.02000	0.02635	0.01669	0.00938	0.01062	0.00317	0.01296	0.00965	0.00524	0.01656
3	0.08440	0.02318	0.03651	0.06564	0.03834	0.02414	0.19388	0.12081	0.10465	0.04077	0.03095	0.13118	0.02760	0.01476	0.01142	0.00360	0.01222	0.01413	0.00791	0.01390
4	0.01997	0.01879	0.03171	0.60301	0.07282	0.02349	0.02936	0.02701	0.02114	0.02701	0.01879	0.02819	0.01409	0.01057	0.01057	0.00352	0.01409	0.00940	0.00470	0.01175
5	0.01288	0.00920	0.01227	0.01472	0.01534	0.00859	0.00981	0.01472	0.02024	0.02699	0.05828	0.62152	0.06993	0.03312	0.01350	0.00429	0.00613	0.03006	0.00981	0.00859
6	0.01623	0.01284	0.01714	0.02087	0.07321	0.01291	0.01316	0.02269	0.09819	0.03032	0.05208	0.47420	0.05890	0.02791	0.01278	0.00407	0.00712	0.02526	0.00949	0.01063
7	0.02940	0.02639	0.03162	0.28124	0.08672	0.11884	0.02494	0.10503	0.02739	0.08253	0.02109	0.02639	0.01585	0.01177	0.01249	0.00338	0.06571	0.00908	0.00648	0.01365
8	0.01510	0.01133	0.01699	0.01699	0.01888	0.01322	0.01322	0.01888	0.01699	0.02454	0.02832	0.04154	0.02643	0.07930	0.58652	0.01699	0.02832	0.01133	0.00566	0.00944
9	0.04744	0.01799	0.02454	0.01881	0.02699	0.01554	0.01554	0.05153	0.03026	0.56979	0.04171	0.03599	0.02617	0.01309	0.01063	0.00327	0.00900	0.01063	0.01309	0.01799
10	0.17146	0.02272	0.02500	0.13022	0.03550	0.02638	0.01860	0.12926	0.24510	0.04565	0.02929	0.03008	0.02187	0.01237	0.00979	0.00343	0.00999	0.00971	0.00869	0.01489
11	0.03670	0.02994	0.02876	0.02358	0.03088	0.11176	0.01888	0.28946	0.18396	0.08989	0.03015	0.02915	0.02193	0.01292	0.01048	0.00323	0.01163	0.00988	0.01004	0.01678
12	0.04744	0.01799	0.02454	0.01881	0.02699	0.01554	0.01554	0.05153	0.03026	0.56979	0.04171	0.03599	0.02617	0.01309	0.01063	0.00327	0.00900	0.01063	0.01309	0.01799
13	0.01288	0.00920	0.01227	0.01472	0.01534	0.00859	0.00981	0.01472	0.02024	0.02699	0.05828	0.62152	0.06993	0.03312	0.01350	0.00429	0.00613	0.03006	0.00981	0.00859
14	0.01659	0.01648	0.07279	0.06066	0.02415	0.01346	0.01500	0.06186	0.02342	0.03123	0.05292	0.41692	0.10003	0.02673	0.01258	0.00398	0.00811	0.02376	0.00895	0.01039
15	0.01538	0.01025	0.01153	0.01153	0.01153	0.01025	0.00641	0.01538	0.01538	0.02050	0.03331	0.06919	0.03844	0.62842	0.05382	0.01025	0.01025	0.01538	0.00641	0.00641
16	0.21418	0.02478	0.02600	0.02045	0.02836	0.02679	0.01689	0.29782	0.03736	0.16776	0.02605	0.02549	0.01801	0.01203	0.00954	0.00322	0.01018	0.00877	0.01006	0.01628
17	0.02441	0.12809	0.26947	0.08095	0.09008	0.08381	0.06521	0.03262	0.02338	0.03088	0.02108	0.02974	0.01754	0.01132	0.01011	0.00325	0.01465	0.04409	0.00512	0.01421
18	0.02644	0.02085	0.03139	0.32308	0.05284	0.02357	0.06104	0.13859	0.02842	0.08313	0.02646	0.08908	0.02186	0.01344	0.01102	0.00351	0.01257	0.01188	0.00729	0.01352
19	0.49389	0.02596	0.06249	0.09258	0.03043	0.08138	0.01683	0.03188	0.01996	0.04151	0.01574	0.01919	0.01217	0.01004	0.00764	0.00325	0.01064	0.00647	0.00603	0.01190
20	0.01496	0.01081	0.01413	0.01330	0.01580	0.00998	0.00998	0.01995	0.02993	0.04240	0.55689	0.07898	0.09976	0.02162	0.01247	0.00333	0.00499	0.01912	0.01164	0.00998
21	0.03091	0.40187	0.04555	0.07423	0.03298	0.20470	0.01983	0.03443	0.02402	0.02537	0.01557	0.01862	0.01363	0.00974	0.00796	0.00252	0.01391	0.00634	0.00482	0.01301
22	0.12603	0.02389	0.02745	0.02092	0.02938	0.06057	0.06144	0.12007	0.02848	0.13391	0.02340	0.02470	0.01719	0.01018	0.00916	0.00264	0.01045	0.00812	0.00809	0.25394
23	0.08493	0.03426	0.03619	0.02875	0.03589	0.19361	0.12052	0.20530	0.03367	0.04308	0.02013	0.02334	0.01547	0.01170	0.01245	0.00325	0.06674	0.00901	0.00720	0.01451
24	0.01307	0.00935	0.01244	0.01459	0.01538	0.00871	0.00983	0.01520	0.02113	0.02840	0.10377	0.57202	0.07265	0.03207	0.01340	0.00421	0.00603	0.02906	0.00998	0.00871
25	0.01376	0.01076	0.01247	0.01204	0.01506	0.00946	0.00903	0.01763	0.02709	0.03566	0.33783	0.09007	0.32302	0.02413	0.01248	0.00344	0.00517	0.02068	0.01075	0.00946
26	0.04196	0.02224	0.02633	0.02039	0.02819	0.02239	0.01678	0.25171	0.03784	0.30979	0.03414	0.03177	0.02277	0.01285	0.01033	0.00316	0.00977	0.01009	0.07023	0.01729
27	0.01780	0.00938	0.01335	0.01335	0.01335	0.00938	0.00866	0.01408	0.01408	0.01877	0.02120	0.03916	0.02217	0.14881	0.04369	0.56317	0.00938	0.01036	0.00494	0.00494
28	0.03950	0.05039	0.02996	0.02724	0.03269	0.58597	0.02043	0.04222	0.02996	0.02588	0.01634	0.01907	0.01362	0.01090	0.00953	0.00272	0.01907	0.00681	0.00545	0.01226
29	0.01997	0.01879	0.03171	0.60301	0.07282	0.02349	0.02936	0.02701	0.02114	0.02701	0.01879	0.02819	0.01409	0.01057	0.01057	0.00352	0.01409	0.00940	0.00470	0.01175
30	0.01595	0.01184	0.01498	0.01402	0.01681	0.01140	0.01056	0.02310	0.07456	0.04256	0.51222	0.07554	0.09390	0.02098	0.01232	0.00335	0.00528	0.01850	0.01156	0.01056
31	0.01496	0.01081	0.01413	0.01330	0.01580	0.00998	0.00998	0.01995	0.02993	0.04240	0.55689	0.07898	0.09976	0.02162	0.01247	0.00333	0.00499	0.01912	0.01164	0.00998
32	0.01288	0.00920	0.01227	0.01472	0.01534	0.00859	0.00981	0.01472	0.02024	0.02699	0.05828	0.62152	0.06993	0.03312	0.01350	0.00429	0.00613	0.03006	0.00981	0.00859
33	0.01288	0.00920	0.01227	0.01472	0.01534	0.00859	0.00981	0.01472	0.02024	0.02699	0.05828	0.62152	0.06993	0.03312	0.01350	0.00429	0.00613	0.03006	0.00981	0.00859
34	0.02196	0.02141	0.03014	0.02619	0.02646	0.02959	0.02168	0.02449	0.01631	0.02531	0.01599	0.02582	0.01571	0.02738	0.11523	0.00643	0.52431	0.00956	0.00478	0.01126
35	0.70310	0.02045	0.01554	0.01390	0.02045	0.02372	0.01145	0.03108	0.01799	0.04744	0.01472	0.01718	0.01145	0.00981	0.00654	0.00327	0.00818	0.00573	0.00654	0.01145
36	0.02192	0.01879	0.02192	0.01566	0.02506	0.01409	0.01253	0.02662	0.02192	0.03445	0.01879	0.02192	0.01566	0.00783	0.00783	0.00157	0.00783	0.00626	0.00626	0.69305
37	0.02192	0.01879	0.02192	0.01566	0.02506	0.01409	0.01253	0.02662	0.02192	0.03445	0.01879	0.02192	0.01566	0.00783	0.00783	0.00157	0.00783	0.00626	0.00626	0.69305
38	0.70310	0.02045	0.01554	0.01390	0.02045	0.02372	0.01145	0.03108	0.01799	0.04744	0.01472	0.01718	0.01145	0.00981	0.00654	0.00327	0.00818	0.00573	0.00654	0.01145
39	0.02630	0.02271	0.02391	0.02152	0.02749	0.02630	0.01674	0.05618	0.54336	0.04423	0.04303	0.03945	0.03228	0.01434	0.01076	0.00359	0.00837	0.01195	0.01076	0.01674
40	0.70310	0.02045	0.01554	0.01390	0.02045	0.02372	0.01145	0.03108	0.01799	0.04744	0.01472	0.01718	0.01145	0.00981	0.00654	0.00327	0.00818	0.00573	0.00654	0.01145
41	0.02617	0.02512	0.04292	0.06490	0.56246	0.02512	0.03245	0.03245	0.02407	0.03454	0.01989	0.02617	0.01675	0.00942	0.01047	0.00314	0.01256	0.00942	0.00523	0.01675
42	0.02630	0.02271	0.02391	0.02152	0.02749	0.02630	0.01674	0.05618	0.54336	0.04423	0.04303	0.03945	0.03228	0.01434	0.01076	0.00359	0.00837	0.01195	0.01076	0.01674
43	0.03205	0.02557	0.02715	0.02268	0.02969	0.02899	0.01813	0.25118	0.33900	0.05350	0.03573	0.03363	0.02636	0.01366	0.01068	0.00342	0.00972	0.01095	0.01068	0.01725
44	0.01392	0.00995	0.01347	0.01591	0.01698	0.00949	0.01163	0.01652	0.02127	0.02816	0.05770	0.49548	0.06765	0.03214	0.01377	0.00444	0.00704	0.14581	0.00979	0.00888
45	0.01971	0.00985	0.00985	0.00985	0.01232	0.00985	0.00739	0.02464	0.02217	0.03942	0.03449	0.03942	0.02710	0.01232	0.00739	0.00246	0.00493	0.00985	0.68712	0.00985
46	0.02591	0.02585	0.04711	0.06052	0.45318	0.02547	0.13837	0.03275	0.02426	0.03440	0.02021	0.02668	0.01660	0.00931	0.01090	0.00323	0.01370	0.01008	0.00526	0.01621
47	0.11464	0.01825	0.02361	0.01831	0.02632	0.01638	0.01512	0.04943	0.02900	0.51625	0.03895	0.03406	0.02466	0.01275	0.01021	0.00327	0.00891	0.01013	0.01242	0.01732
48	0.01288	0.00920	0.01227	0.01472	0.01534	0.00859	0.00981	0.01472	0.02024	0.02699	0.05828	0.62152	0.06993	0.03312	0.01350	0.00429	0.00613	0.03006	0.00981	0.00859
49	0.04744	0.01799	0.02454	0.01881	0.02699	0.01554	0.01554	0.05153	0.03026	0.56979	0.04171	0.03599	0.02617	0.01309	0.01063	0.00327	0.00900	0.01063	0.01309	0.01799
50	0.02469	0.02773	0.05801	0.04211	0.05125	0.02756	0.45096	0.03264	0.02368	0.03264	0.02029	0.02773	0.01573	0.01031	0.01572	0.00372	0.10411	0.01201	0.00524	0.01387
51	0.02390	0.02579	0.08610	0.13621	0.36005	0.02376	0.06583	0.03087	0.02357	0.03302	0.02305	0.03480	0.02004	0.01141	0.01097	0.00340	0.01317	0.05346	0.00551	0.01509
52	0.01288	0.00920	0.01227	0.01472	0.01534	0.00859	0.00981	0.01472	0.02024	0.02699	0.05828	0.62152	0.06993	0.03312	0.01350	0.00429	0.00613	0.03006	0.00981	0.00859
53	0.04091	0.02470	0.02823	0.02205	0.03010	0.02598	0.01808	0.30167	0.10670	0.23799	0.03332	0.03087	0.02266	0.01304	0.01062	0.00326	0.01030	0.01022	0.01147	0.01782
54	0.01394	0.01166	0.01225	0.01194	0.01554	0.01044	0.00900	0.01908	0.06535	0.03187	0.17016	0.09347	0.44795	0.02503	0.01236	0.00353	0.00553	0.02103	0.01017	0.00969
55	0.02329	0.02341	0.08212	0.40179	0.10980	0.02345	0.08011	0.03068	0.02261	0.07115	0.02096	0.02814	0.01541	0.01045	0.01072	0.00346	0.01407	0.00967	0.00545	0.01328
56	0.01466	0.01018	0.01288	0.01435	0.01507	0.00992	0.00983	0.01634	0.01908	0.02529	0.04793	0.30730	0.05571	0.26881	0.02972	0.00677	0.00845	0.11133	0.00845	0.00794
57	0.31676	0.02371	0.02378	0.02018	0.02651	0.06361	0.05070	0.15667	0.02815	0.04659	0.02558	0.08977	0.02328	0.01440	0.00952	0.00345	0.01042	0.04598	0.00799	0.01296
58	0.18014	0.26656	0.03770	0.07253	0.07146	0.03152	0.01875	0.06225	0.02234	0.03436	0.01640	0.02005	0.01384	0.01019	0.00964	0.00284	0.05298	0.00684	0.00558	0.06402
59	0.02371	0.01954	0.02905	0.23486	0.07824	0.02159	0.05884	0.03582	0.15436	0.08071	0.08246	0.04142	0.06631	0.01369	0.01107	0.00348	0.01095	0.01218	0.00802	0.01368
60	0.01585	0.01161	0.01708	0.06642	0.02188	0.01326	0.01313	0.01856	0.01680	0.02355	0.02746	0.04415	0.02666	0.16074	0.40103	0.07342	0.02243	0.01165	0.00561	0.00871
61	0.02584	0.08240	0.11722	0.06449	0.03244	0.02375	0.02008	0.15240	0.06196	0.03973	0.02572	0.07056	0.02246	0.06588	0.01357	0.00355	0.01097	0.01035	0.00732	0.14930

[dist]
# distance from previous block
# <min> <max>
0	90

[block]
# block no. 3 follows, 13 sequences, length 34
# corresponding to MSA columns:
# 490-523
name=unknown_D
#
# <colnr> <probs for GDERKNQSTAVLIFYWHMCP>
#	G	D	E	R	K	N	Q	S	T	A	V	L	I	F	Y	W	H	M	C	P
0	0.11823	0.03207	0.17134	0.09275	0.04240	0.02679	0.12617	0.09404	0.05663	0.03859	0.02053	0.02503	0.01551	0.01141	0.01306	0.00354	0.08229	0.00927	0.00611	0.01424
1	0.28366	0.02158	0.02178	0.01752	0.02481	0.02283	0.01436	0.17352	0.02977	0.14163	0.02442	0.02503	0.01753	0.01122	0.00858	0.00302	0.00899	0.00804	0.06523	0.07650
2	0.02013	0.01539	0.01928	0.01681	0.02062	0.01576	0.04483	0.06870	0.11664	0.03928	0.20866	0.05972	0.09112	0.11503	0.01802	0.00440	0.00783	0.01517	0.09117	0.01143
3	0.01311	0.00930	0.01220	0.01443	0.01499	0.00874	0.00950	0.01478	0.01980	0.02640	0.05600	0.57111	0.06706	0.08745	0.01717	0.00484	0.00651	0.02872	0.00950	0.00839
4	0.01409	0.01077	0.01292	0.01238	0.01526	0.00960	0.00928	0.01825	0.02785	0.03747	0.39680	0.08708	0.26292	0.02345	0.01248	0.00341	0.00512	0.02026	0.01099	0.00960
5	0.02121	0.05469	0.57364	0.03014	0.04576	0.02455	0.03906	0.03348	0.02232	0.03348	0.01897	0.02232	0.01339	0.01005	0.01005	0.00335	0.01563	0.00781	0.00446	0.01563
6	0.01474	0.01080	0.01382	0.01307	0.01566	0.00988	0.00980	0.01952	0.02940	0.04114	0.51584	0.08106	0.14160	0.02209	0.01247	0.00335	0.00502	0.01941	0.01147	0.00988
7	0.03768	0.04737	0.03023	0.02730	0.03214	0.52465	0.02073	0.04036	0.02844	0.02583	0.01607	0.01952	0.01365	0.01174	0.01232	0.00293	0.08442	0.00708	0.00536	0.01218
8	0.04744	0.01799	0.02454	0.01881	0.02699	0.01554	0.01554	0.05153	0.03026	0.56979	0.04171	0.03599	0.02617	0.01309	0.01063	0.00327	0.00900	0.01063	0.01309	0.01799
9	0.02313	0.02313	0.03238	0.02776	0.02776	0.03238	0.02313	0.02545	0.01619	0.02545	0.01388	0.02313	0.01388	0.01851	0.03470	0.00463	0.60907	0.00925	0.00463	0.01157
10	0.04019	0.02962	0.03173	0.02433	0.03279	0.03279	0.02010	0.52721	0.04971	0.06663	0.02538	0.02538	0.01798	0.01269	0.01058	0.00317	0.01163	0.00952	0.01058	0.01798
11	0.01288	0.00920	0.01227	0.01472	0.01534	0.00859	0.00981	0.01472	0.02024	0.02699	0.05828	0.62152	0.06993	0.03312	0.01350	0.00429	0.00613	0.03006	0.00981	0.00859
12	0.01538	0.01025	0.01153	0.01153	0.01153	0.01025	0.00641	0.01538	0.01538	0.02050	0.03331	0.06919	0.03844	0.62842	0.05382	0.01025	0.01025	0.01538	0.00641	0.00641
13	0.04135	0.02776	0.03058	0.02345	0.03186	0.03003	0.01937	0.45118	0.04660	0.14706	0.02799	0.02708	0.01929	0.01276	0.01059	0.00319	0.01121	0.00970	0.01098	0.01798
14	0.13202	0.02198	0.03430	0.26040	0.29052	0.02428	0.02792	0.03017	0.02199	0.03375	0.01865	0.02550	0.01490	0.00992	0.00988	0.00331	0.01244	0.00882	0.00524	0.01401
15	0.01718	0.00981	0.01415	0.01402	0.01468	0.00995	0.00971	0.01558	0.01691	0.02321	0.10677	0.04323	0.03375	0.07659	0.11481	0.44466	0.01129	0.01145	0.00598	0.00625
16	0.01533	0.01042	0.01240	0.01240	0.01271	0.01072	0.00750	0.01594	0.01563	0.02115	0.03252	0.06477	0.03652	0.54065	0.13896	0.01133	0.01314	0.01473	0.00629	0.00689
17	0.04019	0.02962	0.03173	0.02433	0.03279	0.03279	0.02010	0.52721	0.04971	0.06663	0.02538	0.02538	0.01798	0.01269	0.01058	0.00317	0.01163	0.00952	0.01058	0.01798
18	0.02121	0.05469	0.57364	0.03014	0.04576	0.02455	0.03906	0.03348	0.02232	0.03348	0.01897	0.02232	0.01339	0.01005	0.01005	0.00335	0.01563	0.00781	0.00446	0.01563
19	0.04019	0.02962	0.03173	0.02433	0.03279	0.03279	0.02010	0.52721	0.04971	0.06663	0.02538	0.02538	0.01798	0.01269	0.01058	0.00317	0.01163	0.00952	0.01058	0.01798
20	0.59422	0.02018	0.01656	0.01418	0.02118	0.02218	0.01162	0.03037	0.01862	0.04536	0.01537	0.01793	0.01212	0.00950	0.00675	0.00300	0.00812	0.00581	0.00650	0.12040
21	0.02617	0.02512	0.04292	0.06490	0.56246	0.02512	0.03245	0.03245	0.02407	0.03454	0.01989	0.02617	0.01675	0.00942	0.01047	0.00314	0.01256	0.00942	0.00523	0.01675
22	0.01481	0.01229	0.02028	0.01949	0.02172	0.01149	0.09201	0.01778	0.02100	0.02809	0.05238	0.52673	0.06132	0.02925	0.01333	0.00418	0.00800	0.02725	0.00910	0.00949
23	0.01478	0.01080	0.01388	0.01311	0.01568	0.00990	0.00983	0.01960	0.02950	0.04138	0.52363	0.08066	0.13366	0.02200	0.01247	0.00334	0.00502	0.01936	0.01150	0.00990
24	0.18385	0.02528	0.02748	0.02198	0.02863	0.02882	0.01818	0.28536	0.03523	0.11157	0.02301	0.02440	0.01680	0.01303	0.01355	0.00344	0.10608	0.00877	0.00902	0.01552
25	0.02132	0.02017	0.03416	0.48566	0.17960	0.02385	0.03004	0.02820	0.02178	0.02866	0.01903	0.02775	0.01467	0.01032	0.01055	0.00344	0.01376	0.00940	0.00481	0.01284
26	0.01321	0.00946	0.01257	0.01450	0.01541	0.00881	0.00984	0.01556	0.02179	0.02945	0.13797	0.53480	0.07470	0.03129	0.01333	0.00414	0.00595	0.02831	0.01011	0.00881
27	0.01538	0.01025	0.01153	0.01153	0.01153	0.01025	0.00641	0.01538	0.01538	0.02050	0.03331	0.06919	0.03844	0.62842	0.05382	0.01025	0.01025	0.01538	0.00641	0.00641
28	0.07711	0.02667	0.08342	0.03140	0.11876	0.02384	0.08418	0.15545	0.03173	0.21858	0.02814	0.02860	0.01942	0.01141	0.01052	0.00327	0.01184	0.00985	0.00910	0.01671
29	0.02512	0.02492	0.04393	0.10216	0.38156	0.02605	0.10974	0.03145	0.02310	0.03280	0.01937	0.02638	0.01610	0.01044	0.01348	0.00340	0.07960	0.00989	0.00514	0.01536
30	0.01257	0.01042	0.01101	0.01149	0.01449	0.00886	0.00838	0.01509	0.02335	0.02826	0.09765	0.20243	0.46360	0.02801	0.01269	0.00371	0.00551	0.02381	0.00982	0.00886
31	0.02451	0.02420	0.04393	0.18958	0.05261	0.02535	0.25404	0.07482	0.08823	0.03583	0.02590	0.03546	0.02058	0.01166	0.01174	0.00361	0.01463	0.04288	0.00654	0.01389
32	0.09761	0.12273	0.44765	0.02685	0.04065	0.02660	0.03341	0.03299	0.02174	0.03396	0.01797	0.02109	0.01320	0.00990	0.00925	0.00321	0.01427	0.00731	0.00470	0.01491
33	0.01709	0.01047	0.01397	0.01491	0.01671	0.00961	0.01048	0.01976	0.02314	0.08995	0.14839	0.45661	0.07059	0.02878	0.01299	0.00400	0.00624	0.02589	0.01051	0.00989

[dist]
# distance from previous block
# <min> <max>
0	1

[block]
# block no. 4 follows, 13 sequences, length 24
# corresponding to MSA columns:
# 525-548
name=unknown_E
#
# <colnr> <probs for GDERKNQSTAVLIFYWHMCP>
#	G	D	E	R	K	N	Q	S	T	A	V	L	I	F	Y	W	H	M	C	P
0	0.02034	0.01795	0.08869	0.01664	0.02151	0.01351	0.01469	0.02760	0.06448	0.09835	0.29116	0.12791	0.06624	0.01935	0.01157	0.00340	0.00721	0.01683	0.06063	0.01192
1	0.02398	0.28255	0.37008	0.02540	0.03845	0.03134	0.03083	0.03277	0.02199	0.03010	0.01730	0.02022	0.01346	0.00965	0.00876	0.00292	0.01393	0.00696	0.00449	0.01482
2	0.02650	0.32076	0.27458	0.02428	0.03574	0.09542	0.02734	0.03362	0.02279	0.02868	0.01672	0.01949	0.01350	0.00968	0.00849	0.00278	0.01403	0.00671	0.00460	0.01430
3	0.13684	0.03191	0.22809	0.02097	0.03159	0.01939	0.02237	0.03091	0.02189	0.07299	0.02232	0.06097	0.01834	0.01099	0.00901	0.00282	0.01079	0.00860	0.00634	0.23288
4	0.07325	0.44285	0.04744	0.02275	0.06740	0.09980	0.01913	0.06731	0.02437	0.03005	0.01601	0.01848	0.01398	0.00958	0.00761	0.00251	0.01209	0.00634	0.00523	0.01383
5	0.03799	0.02320	0.02918	0.02275	0.03053	0.02381	0.05469	0.22185	0.11008	0.23742	0.06834	0.03490	0.02815	0.01337	0.01089	0.00331	0.01026	0.01111	0.01117	0.01701
6	0.01339	0.00941	0.01212	0.01407	0.01456	0.00893	0.00912	0.01486	0.01925	0.02567	0.05320	0.50912	0.06352	0.15427	0.02170	0.00551	0.00697	0.02707	0.00912	0.00814
7	0.01469	0.01060	0.01389	0.01349	0.01574	0.00979	0.00996	0.01927	0.02866	0.04038	0.49162	0.14999	0.09586	0.02312	0.01260	0.00345	0.00514	0.02055	0.01140	0.00979
8	0.01584	0.01021	0.01135	0.01135	0.01162	0.01021	0.00651	0.01636	0.01610	0.02251	0.03344	0.06603	0.03723	0.56295	0.04888	0.00942	0.00968	0.01479	0.07874	0.00677
9	0.01496	0.01081	0.01413	0.01330	0.01580	0.00998	0.00998	0.01995	0.02993	0.04240	0.55689	0.07898	0.09976	0.02162	0.01247	0.00333	0.00499	0.01912	0.01164	0.00998
10	0.01288	0.00920	0.01227	0.01472	0.01534	0.00859	0.00981	0.01472	0.02024	0.02699	0.05828	0.62152	0.06993	0.03312	0.01350	0.00429	0.00613	0.03006	0.00981	0.00859
11	0.01337	0.01058	0.01203	0.01201	0.01490	0.00924	0.00888	0.01674	0.02566	0.03306	0.25361	0.14930	0.35169	0.02571	0.01259	0.00356	0.00531	0.02206	0.01043	0.00924
12	0.02827	0.63478	0.05540	0.01809	0.02714	0.04184	0.01809	0.03166	0.02148	0.02488	0.01470	0.01696	0.01357	0.00905	0.00678	0.00226	0.01131	0.00565	0.00452	0.01357
13	0.02121	0.05469	0.57364	0.03014	0.04576	0.02455	0.03906	0.03348	0.02232	0.03348	0.01897	0.02232	0.01339	0.01005	0.01005	0.00335	0.01563	0.00781	0.00446	0.01563
14	0.01496	0.01081	0.01413	0.01330	0.01580	0.00998	0.00998	0.01995	0.02993	0.04240	0.55689	0.07898	0.09976	0.02162	0.01247	0.00333	0.00499	0.01912	0.01164	0.00998
15	0.02121	0.05469	0.57364	0.03014	0.04576	0.02455	0.03906	0.03348	0.02232	0.03348	0.01897	0.02232	0.01339	0.01005	0.01005	0.00335	0.01563	0.00781	0.00446	0.01563
16	0.04019	0.02962	0.03173	0.02433	0.03279	0.03279	0.02010	0.52721	0.04971	0.06663	0.02538	0.02538	0.01798	0.01269	0.01058	0.00317	0.01163	0.00952	0.01058	0.01798
17	0.01312	0.00938	0.01248	0.01456	0.01539	0.00874	0.00983	0.01531	0.02133	0.02872	0.11416	0.56071	0.07327	0.03183	0.01338	0.00419	0.00601	0.02883	0.01002	0.00874
18	0.03737	0.02155	0.02521	0.02070	0.02797	0.02244	0.01665	0.11580	0.25426	0.27710	0.04015	0.03609	0.02773	0.01358	0.01068	0.00339	0.00907	0.01106	0.01175	0.01745
19	0.04357	0.01959	0.02624	0.08161	0.03262	0.01863	0.01760	0.11092	0.03183	0.44653	0.03715	0.03378	0.02382	0.01277	0.01062	0.00329	0.00988	0.01036	0.01187	0.01733
20	0.04649	0.01951	0.02548	0.01953	0.02775	0.01780	0.01614	0.11379	0.03281	0.50393	0.03958	0.03460	0.02510	0.01303	0.01063	0.00326	0.00934	0.01049	0.01276	0.01799
21	0.01997	0.01879	0.03171	0.60301	0.07282	0.02349	0.02936	0.02701	0.02114	0.02701	0.01879	0.02819	0.01409	0.01057	0.01057	0.00352	0.01409	0.00940	0.00470	0.01175
22	0.02686	0.02450	0.03813	0.12616	0.38213	0.02585	0.02897	0.08697	0.08462	0.03805	0.02292	0.02784	0.01827	0.01047	0.01053	0.00324	0.01219	0.00971	0.00635	0.01622
23	0.09156	0.02097	0.02564	0.01980	0.02793	0.02027	0.01635	0.16485	0.03410	0.41186	0.03589	0.03211	0.02317	0.01276	0.01033	0.00325	0.00958	0.01002	0.01202	0.01753

[dist]
# distance from previous block
# <min> <max>
1	3

[block]
# block no. 5 follows, 13 sequences, length 84
# corresponding to MSA columns:
# 552-635
name=unknown_F
#
# <colnr> <probs for GDERKNQSTAVLIFYWHMCP>
#	G	D	E	R	K	N	Q	S	T	A	V	L	I	F	Y	W	H	M	C	P
0	0.58235	0.02104	0.01783	0.01530	0.02217	0.02377	0.01261	0.07758	0.02199	0.09790	0.01820	0.01967	0.01341	0.01038	0.00729	0.00326	0.00857	0.00652	0.00752	0.01265
1	0.14910	0.02791	0.02760	0.02188	0.02970	0.07973	0.01788	0.31324	0.03911	0.15298	0.02584	0.02543	0.01803	0.01213	0.00983	0.00317	0.01128	0.00886	0.00991	0.01639
2	0.02121	0.05469	0.57364	0.03014	0.04576	0.02455	0.03906	0.03348	0.02232	0.03348	0.01897	0.02232	0.01339	0.01005	0.01005	0.00335	0.01563	0.00781	0.00446	0.01563
3	0.02192	0.01879	0.02192	0.01566	0.02506	0.01409	0.01253	0.02662	0.02192	0.03445	0.01879	0.02192	0.01566	0.00783	0.00783	0.00157	0.00783	0.00626	0.00626	0.69305
4	0.08981	0.02444	0.02716	0.02149	0.02932	0.02606	0.01758	0.27559	0.12193	0.20732	0.03218	0.03013	0.02219	0.01286	0.01032	0.00328	0.01008	0.00995	0.01103	0.01729
5	0.02827	0.63478	0.05540	0.01809	0.02714	0.04184	0.01809	0.03166	0.02148	0.02488	0.01470	0.01696	0.01357	0.00905	0.00678	0.00226	0.01131	0.00565	0.00452	0.01357
6	0.04547	0.01843	0.02448	0.01906	0.02704	0.01654	0.01565	0.05196	0.07813	0.52075	0.04184	0.03631	0.02674	0.01320	0.01064	0.00330	0.00894	0.01076	0.01287	0.01788
7	0.01271	0.01072	0.01101	0.01094	0.01441	0.00902	0.00820	0.01559	0.02461	0.02977	0.14636	0.09977	0.51817	0.02633	0.01249	0.00355	0.00532	0.02204	0.00998	0.00902
8	0.01997	0.01879	0.03171	0.60301	0.07282	0.02349	0.02936	0.02701	0.02114	0.02701	0.01879	0.02819	0.01409	0.01057	0.01057	0.00352	0.01409	0.00940	0.00470	0.01175
9	0.03383	0.01498	0.02018	0.01650	0.02230	0.01321	0.01321	0.03830	0.03012	0.34880	0.25759	0.05400	0.05701	0.01666	0.01140	0.00329	0.00732	0.01419	0.01248	0.01463
10	0.01496	0.01081	0.01413	0.01330	0.01580	0.00998	0.00998	0.01995	0.02993	0.04240	0.55689	0.07898	0.09976	0.02162	0.01247	0.00333	0.00499	0.01912	0.01164	0.00998
11	0.03950	0.05039	0.02996	0.02724	0.03269	0.58597	0.02043	0.04222	0.02996	0.02588	0.01634	0.01907	0.01362	0.01090	0.00953	0.00272	0.01907	0.00681	0.00545	0.01226
12	0.04744	0.01799	0.02454	0.01881	0.02699	0.01554	0.01554	0.05153	0.03026	0.56979	0.04171	0.03599	0.02617	0.01309	0.01063	0.00327	0.00900	0.01063	0.01309	0.01799
13	0.01285	0.00931	0.01216	0.01443	0.01526	0.00861	0.00969	0.01475	0.02052	0.02710	0.06182	0.58376	0.10540	0.03266	0.01342	0.00424	0.00608	0.02950	0.00982	0.00861
14	0.01288	0.00920	0.01227	0.01472	0.01534	0.00859	0.00981	0.01472	0.02024	0.02699	0.05828	0.62152	0.06993	0.03312	0.01350	0.00429	0.00613	0.03006	0.00981	0.00859
15	0.02630	0.02271	0.02391	0.02152	0.02749	0.02630	0.01674	0.05618	0.54336	0.04423	0.04303	0.03945	0.03228	0.01434	0.01076	0.00359	0.00837	0.01195	0.01076	0.01674
16	0.02428	0.02720	0.05824	0.12011	0.05763	0.02630	0.45714	0.03294	0.02444	0.03294	0.02104	0.02848	0.01578	0.00914	0.01222	0.00356	0.01732	0.01206	0.00526	0.01392
17	0.01300	0.00959	0.01217	0.01392	0.01520	0.00877	0.00953	0.01525	0.02173	0.02859	0.10968	0.48701	0.15473	0.03106	0.01324	0.00409	0.00590	0.02781	0.00997	0.00877
18	0.02827	0.63478	0.05540	0.01809	0.02714	0.04184	0.01809	0.03166	0.02148	0.02488	0.01470	0.01696	0.01357	0.00905	0.00678	0.00226	0.01131	0.00565	0.00452	0.01357
19	0.09871	0.01970	0.02952	0.07438	0.03437	0.01848	0.08522	0.04516	0.02766	0.40326	0.03457	0.03265	0.02244	0.01201	0.01052	0.00333	0.01058	0.01035	0.01072	0.01636
20	0.01288	0.00920	0.01227	0.01472	0.01534	0.00859	0.00981	0.01472	0.02024	0.02699	0.05828	0.62152	0.06993	0.03312	0.01350	0.00429	0.00613	0.03006	0.00981	0.00859
21	0.02427	0.02319	0.03949	0.22949	0.41269	0.02462	0.03151	0.03079	0.02318	0.03224	0.01955	0.02679	0.01594	0.00977	0.01050	0.00326	0.01303	0.00941	0.00507	0.01522
22	0.02960	0.02474	0.08468	0.24618	0.08739	0.02435	0.02575	0.11221	0.02743	0.14424	0.02415	0.02815	0.01727	0.01197	0.01261	0.00347	0.06424	0.00950	0.00734	0.01474
23	0.02550	0.02067	0.02782	0.11709	0.13388	0.06299	0.02075	0.02940	0.02137	0.10022	0.02463	0.03546	0.02155	0.11672	0.09638	0.00634	0.10990	0.01053	0.00637	0.01243
24	0.02393	0.02035	0.02485	0.02127	0.07880	0.01680	0.01515	0.07055	0.02454	0.03725	0.01947	0.02264	0.01597	0.00841	0.00833	0.00186	0.00863	0.00686	0.00654	0.56780
25	0.03950	0.05039	0.02996	0.02724	0.03269	0.58597	0.02043	0.04222	0.02996	0.02588	0.01634	0.01907	0.01362	0.01090	0.00953	0.00272	0.01907	0.00681	0.00545	0.01226
26	0.02554	0.01315	0.01752	0.01510	0.01944	0.01179	0.01179	0.03024	0.03004	0.21419	0.38908	0.06498	0.07579	0.01884	0.01187	0.00331	0.00629	0.01636	0.01211	0.01259
27	0.01604	0.01174	0.01571	0.01776	0.02026	0.01141	0.01512	0.02036	0.02403	0.03084	0.06424	0.15022	0.14032	0.02909	0.01420	0.00462	0.00880	0.38595	0.00975	0.00953
28	0.01474	0.01080	0.01383	0.01307	0.01566	0.00988	0.00980	0.01952	0.02940	0.04116	0.51646	0.08103	0.14096	0.02208	0.01247	0.00335	0.00502	0.01941	0.01148	0.00988
29	0.01288	0.00920	0.01227	0.01472	0.01534	0.00859	0.00981	0.01472	0.02024	0.02699	0.05828	0.62152	0.06993	0.03312	0.01350	0.00429	0.00613	0.03006	0.00981	0.00859
30	0.02630	0.02271	0.02391	0.02152	0.02749	0.02630	0.01674	0.05618	0.54336	0.04423	0.04303	0.03945	0.03228	0.01434	0.01076	0.00359	0.00837	0.01195	0.01076	0.01674
31	0.02630	0.02271	0.02391	0.02152	0.02749	0.02630	0.01674	0.05618	0.54336	0.04423	0.04303	0.03945	0.03228	0.01434	0.01076	0.00359	0.00837	0.01195	0.01076	0.01674
32	0.04019	0.02962	0.03173	0.02433	0.03279	0.03279	0.02010	0.52721	0.04971	0.06663	0.02538	0.02538	0.01798	0.01269	0.01058	0.00317	0.01163	0.00952	0.01058	0.01798
33	0.03950	0.05039	0.02996	0.02724	0.03269	0.58597	0.02043	0.04222	0.02996	0.02588	0.01634	0.01907	0.01362	0.01090	0.00953	0.00272	0.01907	0.00681	0.00545	0.01226
34	0.01278	0.01058	0.01119	0.01134	0.01453	0.00900	0.00839	0.01560	0.02432	0.02978	0.14697	0.14800	0.46735	0.02686	0.01259	0.00361	0.00539	0.02272	0.01000	0.00900
35	0.02630	0.02271	0.02391	0.02152	0.02749	0.02630	0.01674	0.05618	0.54336	0.04423	0.04303	0.03945	0.03228	0.01434	0.01076	0.00359	0.00837	0.01195	0.01076	0.01674
36	0.08631	0.09989	0.31087	0.02970	0.04212	0.02588	0.14014	0.03475	0.02313	0.08078	0.02069	0.02390	0.01494	0.00994	0.01000	0.00328	0.01444	0.00869	0.00561	0.01495
37	0.04744	0.01799	0.02454	0.01881	0.02699	0.01554	0.01554	0.05153	0.03026	0.56979	0.04171	0.03599	0.02617	0.01309	0.01063	0.00327	0.00900	0.01063	0.01309	0.01799
38	0.01250	0.01071	0.01071	0.01071	0.01428	0.00893	0.00803	0.01517	0.02410	0.02856	0.10711	0.10175	0.55817	0.02678	0.01250	0.00357	0.00536	0.02231	0.00982	0.00893
39	0.02827	0.63478	0.05540	0.01809	0.02714	0.04184	0.01809	0.03166	0.02148	0.02488	0.01470	0.01696	0.01357	0.00905	0.00678	0.00226	0.01131	0.00565	0.00452	0.01357
40	0.01695	0.01073	0.01423	0.01443	0.01660	0.00985	0.01040	0.02045	0.02562	0.08290	0.28739	0.31797	0.07979	0.02600	0.01276	0.00375	0.00586	0.02325	0.01095	0.01008
41	0.04744	0.01799	0.02454	0.01881	0.02699	0.01554	0.01554	0.05153	0.03026	0.56979	0.04171	0.03599	0.02617	0.01309	0.01063	0.00327	0.00900	0.01063	0.01309	0.01799
42	0.01538	0.01025	0.01153	0.01153	0.01153	0.01025	0.00641	0.01538	0.01538	0.02050	0.03331	0.06919	0.03844	0.62842	0.05382	0.01025	0.01025	0.01538	0.00641	0.00641
43	0.01454	0.01066	0.01363	0.01317	0.01561	0.00975	0.00977	0.01902	0.02851	0.03969	0.46895	0.12858	0.14243	0.02313	0.01256	0.00343	0.00512	0.02039	0.01130	0.00975
44	0.02827	0.63478	0.05540	0.01809	0.02714	0.04184	0.01809	0.03166	0.02148	0.02488	0.01470	0.01696	0.01357	0.00905	0.00678	0.00226	0.01131	0.00565	0.00452	0.01357
45	0.01997	0.01879	0.03171	0.60301	0.07282	0.02349	0.02936	0.02701	0.02114	0.02701	0.01879	0.02819	0.01409	0.01057	0.01057	0.00352	0.01409	0.00940	0.00470	0.01175
46	0.04744	0.01799	0.02454	0.01881	0.02699	0.01554	0.01554	0.05153	0.03026	0.56979	0.04171	0.03599	0.02617	0.01309	0.01063	0.00327	0.00900	0.01063	0.01309	0.01799
47	0.02827	0.63478	0.05540	0.01809	0.02714	0.04184	0.01809	0.03166	0.02148	0.02488	0.01470	0.01696	0.01357	0.00905	0.00678	0.00226	0.01131	0.00565	0.00452	0.01357
48	0.01296	0.01073	0.01135	0.01119	0.01456	0.00912	0.00839	0.01606	0.02518	0.03114	0.19078	0.09752	0.47290	0.02582	0.01249	0.00352	0.00529	0.02172	0.01016	0.00912
49	0.02518	0.02411	0.04112	0.15096	0.48416	0.02486	0.03196	0.03158	0.02361	0.03334	0.01971	0.02649	0.01632	0.00960	0.01048	0.00320	0.01281	0.00942	0.00515	0.01595
50	0.04004	0.01613	0.02147	0.01746	0.02416	0.01431	0.01440	0.04434	0.02839	0.43254	0.04198	0.04476	0.02974	0.01456	0.01051	0.00330	0.00842	0.05798	0.11964	0.01589
51	0.01513	0.01123	0.01648	0.01648	0.01819	0.01294	0.01258	0.01855	0.01684	0.02417	0.02879	0.04412	0.02755	0.13053	0.53682	0.01636	0.02663	0.01171	0.00573	0.00916
52	0.01333	0.01074	0.01187	0.01159	0.01480	0.00928	0.00869	0.01680	0.02608	0.03326	0.25994	0.09402	0.40241	0.02502	0.01249	0.00349	0.00523	0.02123	0.01044	0.00928
53	0.70310	0.02045	0.01554	0.01390	0.02045	0.02372	0.01145	0.03108	0.01799	0.04744	0.01472	0.01718	0.01145	0.00981	0.00654	0.00327	0.00818	0.00573	0.00654	0.01145
54	0.02604	0.02619	0.02381	0.01837	0.02684	0.14793	0.01438	0.03027	0.02381	0.03245	0.01822	0.02126	0.01518	0.00855	0.00823	0.00184	0.01046	0.00639	0.00607	0.53373
55	0.02192	0.01879	0.02192	0.01566	0.02506	0.01409	0.01253	0.02662	0.02192	0.03445	0.01879	0.02192	0.01566	0.00783	0.00783	0.00157	0.00783	0.00626	0.00626	0.69305
56	0.29644	0.02733	0.02274	0.01951	0.02623	0.14026	0.01554	0.08502	0.09324	0.14144	0.02468	0.02467	0.01791	0.01149	0.00883	0.00319	0.01093	0.00801	0.00844	0.01410
57	0.02103	0.07582	0.05687	0.01647	0.02012	0.01457	0.01337	0.02394	0.02145	0.11019	0.04409	0.29839	0.04749	0.13292	0.01948	0.00498	0.00871	0.05060	0.00881	0.01069
58	0.02997	0.03048	0.12517	0.11167	0.04520	0.07607	0.16969	0.03688	0.02489	0.15325	0.02412	0.02782	0.01723	0.01132	0.01313	0.00347	0.06820	0.01006	0.00682	0.01454
59	0.04744	0.01799	0.02454	0.01881	0.02699	0.01554	0.01554	0.05153	0.03026	0.56979	0.04171	0.03599	0.02617	0.01309	0.01063	0.00327	0.00900	0.01063	0.01309	0.01799
60	0.01997	0.01879	0.03171	0.60301	0.07282	0.02349	0.02936	0.02701	0.02114	0.02701	0.01879	0.02819	0.01409	0.01057	0.01057	0.00352	0.01409	0.00940	0.00470	0.01175
61	0.08307	0.01213	0.01637	0.01621	0.01839	0.01399	0.01245	0.01978	0.01695	0.02645	0.02741	0.04154	0.02600	0.12036	0.48275	0.01505	0.02475	0.01113	0.00582	0.00937
62	0.03201	0.04086	0.24516	0.02662	0.03649	0.12806	0.02725	0.11701	0.02882	0.12243	0.02266	0.02449	0.01627	0.01195	0.01257	0.00332	0.07315	0.00850	0.00703	0.01537
63	0.01330	0.01091	0.01183	0.01207	0.01540	0.00944	0.00937	0.01647	0.02465	0.03020	0.14095	0.10196	0.45295	0.02663	0.01277	0.00372	0.00589	0.08240	0.00997	0.00912
64	0.01285	0.00933	0.01213	0.01437	0.01524	0.00862	0.00966	0.01476	0.02058	0.02713	0.06250	0.57650	0.11222	0.03258	0.01341	0.00423	0.00607	0.02939	0.00982	0.00862
65	0.02325	0.01734	0.02688	0.35699	0.05136	0.02015	0.02291	0.02858	0.02240	0.11383	0.03364	0.09402	0.06865	0.01520	0.01285	0.00365	0.05641	0.01274	0.00698	0.01218
66	0.12711	0.02719	0.02860	0.02241	0.03043	0.03004	0.01843	0.39924	0.07740	0.09535	0.02623	0.02594	0.01861	0.01245	0.01006	0.00322	0.01079	0.00926	0.01022	0.01704
67	0.03313	0.01812	0.02043	0.01666	0.02245	0.01850	0.01344	0.18959	0.03288	0.18141	0.03344	0.03414	0.02400	0.01263	0.00921	0.00289	0.00806	0.00994	0.30460	0.01446
68	0.01465	0.01155	0.01333	0.01296	0.01602	0.01067	0.00967	0.02033	0.06539	0.03574	0.29743	0.12478	0.28072	0.02402	0.01243	0.00352	0.00548	0.02069	0.01069	0.00995
69	0.02978	0.02637	0.08066	0.03004	0.08159	0.07581	0.13163	0.07033	0.02714	0.15333	0.03302	0.15134	0.02922	0.01548	0.01146	0.00348	0.01244	0.01426	0.00830	0.01433
70	0.02121	0.05469	0.57364	0.03014	0.04576	0.02455	0.03906	0.03348	0.02232	0.03348	0.01897	0.02232	0.01339	0.01005	0.01005	0.00335	0.01563	0.00781	0.00446	0.01563
71	0.01288	0.00920	0.01227	0.01472	0.01534	0.00859	0.00981	0.01472	0.02024	0.02699	0.05828	0.62152	0.06993	0.03312	0.01350	0.00429	0.00613	0.03006	0.00981	0.00859
72	0.12536	0.06272	0.02567	0.02236	0.07626	0.02010	0.04896	0.05901	0.02556	0.07353	0.13025	0.05196	0.16265	0.01676	0.01222	0.00337	0.04890	0.01363	0.00841	0.01233
73	0.07518	0.07724	0.03361	0.37649	0.05639	0.02494	0.05811	0.03232	0.05758	0.07699	0.02192	0.02778	0.01626	0.01074	0.01006	0.00337	0.01281	0.00926	0.00600	0.01294
74	0.03425	0.01808	0.02692	0.11799	0.11899	0.01743	0.01954	0.03932	0.02776	0.30967	0.12002	0.04030	0.03494	0.01351	0.01090	0.00330	0.00972	0.01165	0.01025	0.01547
75	0.47603	0.11402	0.02556	0.07408	0.07507	0.02658	0.01602	0.03091	0.01936	0.04095	0.01556	0.01898	0.01250	0.00973	0.00731	0.00313	0.00960	0.00639	0.00595	0.01228
76	0.01300	0.01024	0.01173	0.01239	0.01485	0.00898	0.00890	0.01576	0.02375	0.03017	0.15999	0.26475	0.33196	0.02802	0.01281	0.00376	0.00555	0.02431	0.01009	0.00898
77	0.01340	0.01008	0.01242	0.01324	0.01520	0.00909	0.00939	0.01641	0.02416	0.03202	0.22057	0.32173	0.20777	0.02800	0.01292	0.00381	0.00559	0.02474	0.01036	0.00909
78	0.02730	0.02405	0.08086	0.06861	0.03728	0.02171	0.13408	0.03659	0.09408	0.13837	0.03026	0.08304	0.02445	0.01365	0.01324	0.00346	0.06748	0.01208	0.00790	0.08153
79	0.17499	0.18544	0.02873	0.01875	0.05822	0.02335	0.01451	0.02860	0.02244	0.07444	0.07655	0.08530	0.07580	0.01421	0.00896	0.00294	0.00865	0.01115	0.00739	0.07958
80	0.17709	0.06388	0.06064	0.02260	0.07325	0.02226	0.01783	0.06953	0.07613	0.12444	0.02691	0.03222	0.02130	0.01199	0.00926	0.00306	0.00968	0.04320	0.00808	0.12665
