[name]
unknown

[dist]
# distance from previous block
# <min> <max>
0	2897

[block]
# block no. 0 follows, 12 sequences, length 7
# corresponding to MSA columns:
# 2954-2960
name=unknown_A
#
# <colnr> <probs for GDERKNQSTAVLIFYWHMCP>
#	G	D	E	R	K	N	Q	S	T	A	V	L	I	F	Y	W	H	M	C	P
0	0.11014	0.02480	0.02897	0.02635	0.06959	0.09507	0.05790	0.07869	0.02947	0.22281	0.03399	0.04416	0.02705	0.01483	0.01114	0.00357	0.01195	0.08466	0.00965	0.01522
1	0.02785	0.03334	0.12463	0.12167	0.26666	0.09075	0.03106	0.07215	0.02644	0.03540	0.01983	0.02549	0.01586	0.01103	0.01224	0.00338	0.05187	0.00912	0.00562	0.01560
2	0.02624	0.02265	0.03600	0.10389	0.19136	0.02249	0.08988	0.03594	0.09311	0.07366	0.02812	0.03675	0.02301	0.01203	0.01102	0.00328	0.01200	0.04556	0.00724	0.12576
3	0.01980	0.01259	0.01526	0.01421	0.01686	0.01137	0.00952	0.02152	0.01985	0.08154	0.03927	0.19519	0.04261	0.30624	0.03252	0.00679	0.00895	0.01760	0.00819	0.12009
4	0.01810	0.01362	0.01533	0.01502	0.01795	0.01329	0.01083	0.09745	0.02666	0.03435	0.06864	0.27851	0.22031	0.09666	0.01794	0.00470	0.00749	0.02301	0.00984	0.01031
5	0.03468	0.13788	0.03262	0.02427	0.02998	0.35225	0.01893	0.04061	0.09527	0.02827	0.02053	0.02357	0.01716	0.01421	0.01299	0.07443	0.01577	0.00780	0.00611	0.01266
6	0.03614	0.11800	0.07821	0.03141	0.09589	0.11528	0.08849	0.09899	0.03023	0.16457	0.02551	0.02686	0.01847	0.01122	0.01040	0.00315	0.01379	0.00935	0.00795	0.01609

[dist]
# distance from previous block
# <min> <max>
0	2

[block]
# block no. 1 follows, 12 sequences, length 18
# corresponding to MSA columns:
# 2963-2980
name=unknown_B
#
# <colnr> <probs for GDERKNQSTAVLIFYWHMCP>
#	G	D	E	R	K	N	Q	S	T	A	V	L	I	F	Y	W	H	M	C	P
0	0.02767	0.02455	0.10496	0.01933	0.02899	0.01704	0.01785	0.03538	0.05952	0.14332	0.06379	0.03112	0.02545	0.01102	0.00957	0.00253	0.00938	0.00898	0.00833	0.35121
1	0.12143	0.08141	0.22597	0.03070	0.08191	0.08514	0.06284	0.11577	0.02829	0.04100	0.01975	0.02289	0.01486	0.01067	0.00988	0.00326	0.01431	0.00828	0.00621	0.01542
2	0.03140	0.24134	0.04021	0.07048	0.03427	0.03243	0.04347	0.10457	0.16240	0.09259	0.02801	0.02844	0.02127	0.01184	0.00964	0.00311	0.01122	0.00930	0.00818	0.01582
3	0.12716	0.01436	0.01706	0.01517	0.01975	0.01369	0.01180	0.02963	0.02781	0.16960	0.26754	0.10717	0.09754	0.01961	0.01155	0.00351	0.00680	0.01661	0.01128	0.01238
4	0.02043	0.01895	0.09933	0.01705	0.02240	0.01327	0.01556	0.02661	0.02971	0.10374	0.40307	0.06720	0.08017	0.01941	0.01225	0.00343	0.00732	0.01689	0.01105	0.01217
5	0.02604	0.02126	0.02771	0.10881	0.03546	0.02294	0.05941	0.12648	0.15898	0.04485	0.10261	0.03963	0.03420	0.01375	0.01085	0.00330	0.01010	0.01188	0.07883	0.06292
6	0.02274	0.17888	0.38141	0.02620	0.03916	0.02754	0.03181	0.03243	0.02376	0.03363	0.08129	0.02877	0.02452	0.01156	0.00990	0.00320	0.01380	0.00895	0.00550	0.01494
7	0.03680	0.02034	0.02515	0.02135	0.02802	0.02038	0.01795	0.18411	0.03543	0.24288	0.04248	0.06070	0.03562	0.01858	0.01223	0.00386	0.01035	0.15626	0.01162	0.01588
8	0.01868	0.01109	0.01436	0.01525	0.01750	0.01000	0.01077	0.02105	0.02301	0.10889	0.06447	0.45210	0.13072	0.03009	0.01332	0.00416	0.00667	0.02683	0.01064	0.01039
9	0.12762	0.19112	0.21307	0.02691	0.07326	0.03065	0.02620	0.03543	0.07452	0.03506	0.02003	0.02297	0.01588	0.01108	0.01083	0.00325	0.05377	0.00782	0.00570	0.01481
10	0.62587	0.02207	0.01777	0.01546	0.02241	0.02543	0.01274	0.08209	0.02196	0.05098	0.01633	0.01859	0.01251	0.01043	0.00718	0.00336	0.00881	0.00631	0.00718	0.01251
11	0.01937	0.01470	0.01823	0.01775	0.01959	0.01595	0.01291	0.09303	0.02501	0.03406	0.07928	0.33821	0.05458	0.10996	0.02183	0.00508	0.07846	0.02228	0.00924	0.01049
12	0.12482	0.01364	0.01580	0.01418	0.01826	0.01329	0.01102	0.02782	0.02797	0.12035	0.32023	0.05966	0.06767	0.01784	0.01094	0.00329	0.00625	0.01503	0.10019	0.01173
13	0.02856	0.01952	0.02728	0.08398	0.06893	0.02017	0.05130	0.09293	0.10504	0.14346	0.04055	0.19583	0.03698	0.01865	0.01192	0.00375	0.01010	0.01660	0.00985	0.01460
14	0.03708	0.02217	0.02531	0.02037	0.02716	0.02317	0.01623	0.21912	0.10628	0.20167	0.03535	0.03788	0.02630	0.08576	0.01606	0.00418	0.01006	0.01126	0.05825	0.01634
15	0.02569	0.02484	0.02490	0.02236	0.02532	0.12443	0.01767	0.03435	0.11933	0.03364	0.06984	0.03521	0.02849	0.02091	0.06117	0.00473	0.19419	0.01073	0.10970	0.01250
16	0.18144	0.01962	0.02159	0.01633	0.02512	0.01709	0.01324	0.03323	0.02326	0.13440	0.02276	0.02415	0.01715	0.00954	0.00830	0.00234	0.00838	0.00716	0.00782	0.40707
17	0.07402	0.17908	0.03819	0.02442	0.02893	0.03538	0.02111	0.12022	0.02476	0.03566	0.01683	0.02224	0.01486	0.01483	0.02171	0.00377	0.29585	0.00839	0.00604	0.01370

[dist]
# distance from previous block
# <min> <max>
0	5

[block]
# block no. 2 follows, 12 sequences, length 7
# corresponding to MSA columns:
# 2986-2992
name=unknown_C
#
# <colnr> <probs for GDERKNQSTAVLIFYWHMCP>
#	G	D	E	R	K	N	Q	S	T	A	V	L	I	F	Y	W	H	M	C	P
0	0.13357	0.01819	0.02687	0.40664	0.05705	0.02196	0.02413	0.02667	0.02111	0.03142	0.02478	0.11424	0.02271	0.01426	0.01065	0.00371	0.01227	0.01224	0.00596	0.01157
1	0.12888	0.01197	0.01327	0.01415	0.01661	0.01178	0.01014	0.01898	0.02271	0.03420	0.13756	0.34460	0.14214	0.02715	0.01237	0.00397	0.00637	0.02367	0.00985	0.00964
2	0.03638	0.14817	0.11615	0.10765	0.03804	0.02426	0.02250	0.04222	0.02666	0.28661	0.03009	0.02969	0.02040	0.01176	0.01005	0.00321	0.01163	0.00927	0.00900	0.01627
3	0.27024	0.12310	0.11526	0.02653	0.10749	0.02637	0.02144	0.03633	0.02294	0.12688	0.02140	0.02322	0.01588	0.01054	0.00869	0.00320	0.01100	0.00767	0.00701	0.01482
4	0.13562	0.02464	0.11082	0.02232	0.02901	0.02014	0.09493	0.07224	0.02465	0.03810	0.10312	0.04513	0.03471	0.17320	0.02256	0.00534	0.01165	0.01246	0.00736	0.01198
5	0.02609	0.03123	0.10889	0.02842	0.11375	0.10708	0.02164	0.03205	0.02435	0.03398	0.01919	0.02290	0.01564	0.00919	0.00914	0.00234	0.01192	0.00731	0.00587	0.36902
6	0.13599	0.09742	0.05924	0.02911	0.10893	0.02431	0.08242	0.06392	0.02719	0.12792	0.10667	0.03482	0.03112	0.01255	0.01029	0.00327	0.01099	0.01077	0.00826	0.01479

[dist]
# distance from previous block
# <min> <max>
5	17

[block]
# block no. 3 follows, 12 sequences, length 12
# corresponding to MSA columns:
# 3010-3021
name=unknown_D
#
# <colnr> <probs for GDERKNQSTAVLIFYWHMCP>
#	G	D	E	R	K	N	Q	S	T	A	V	L	I	F	Y	W	H	M	C	P
0	0.02427	0.02508	0.08537	0.02181	0.02705	0.06659	0.01919	0.02920	0.02480	0.07397	0.17306	0.04110	0.04144	0.01620	0.01772	0.00346	0.17104	0.01176	0.00787	0.11901
1	0.15812	0.27806	0.03623	0.02167	0.07329	0.02875	0.01670	0.03010	0.02198	0.06440	0.02708	0.14738	0.02721	0.01513	0.00904	0.00314	0.00985	0.01196	0.00687	0.01304
2	0.02413	0.02536	0.09312	0.13265	0.22761	0.02255	0.02801	0.06621	0.02604	0.03607	0.02860	0.04724	0.02626	0.01454	0.01152	0.00361	0.01256	0.10977	0.00670	0.05744
3	0.17594	0.13891	0.08537	0.02420	0.03293	0.10676	0.06105	0.14879	0.05688	0.04364	0.02055	0.02265	0.01583	0.01103	0.00929	0.00314	0.01298	0.00810	0.00713	0.01484
4	0.02311	0.02118	0.03390	0.12796	0.31544	0.02210	0.02643	0.03102	0.07127	0.03375	0.03114	0.15427	0.03022	0.01564	0.01151	0.00360	0.01135	0.01455	0.00687	0.01470
5	0.01698	0.01292	0.01631	0.01424	0.01835	0.01120	0.01086	0.02206	0.02908	0.04196	0.43009	0.06876	0.08417	0.01922	0.01183	0.00304	0.00578	0.01686	0.01081	0.15549
6	0.04511	0.01771	0.02408	0.01875	0.02652	0.01537	0.01537	0.04943	0.03117	0.49795	0.09997	0.04216	0.03564	0.01450	0.01118	0.00338	0.00881	0.01196	0.01333	0.01761
7	0.01655	0.01241	0.01520	0.01415	0.01784	0.01073	0.01046	0.02057	0.02540	0.03638	0.23154	0.20645	0.10781	0.02211	0.01174	0.00326	0.00611	0.01942	0.05686	0.15501
8	0.01545	0.01382	0.01614	0.01504	0.01785	0.01451	0.01180	0.01831	0.02356	0.02987	0.12320	0.08563	0.39587	0.02536	0.01782	0.00390	0.13304	0.01985	0.00912	0.00988
9	0.04306	0.02796	0.03112	0.02386	0.03252	0.02998	0.01971	0.41337	0.04694	0.17389	0.02981	0.02854	0.02036	0.01318	0.01092	0.00329	0.01141	0.01006	0.01147	0.01855
10	0.69383	0.02109	0.01603	0.01434	0.02109	0.02446	0.01181	0.03205	0.01856	0.04892	0.01518	0.01771	0.01181	0.01012	0.00675	0.00337	0.00843	0.00590	0.00675	0.01181
11	0.69383	0.02109	0.01603	0.01434	0.02109	0.02446	0.01181	0.03205	0.01856	0.04892	0.01518	0.01771	0.01181	0.01012	0.00675	0.00337	0.00843	0.00590	0.00675	0.01181

[dist]
# distance from previous block
# <min> <max>
0	2

[block]
# block no. 4 follows, 12 sequences, length 40
# corresponding to MSA columns:
# 3024-3063
name=unknown_E
#
# <colnr> <probs for GDERKNQSTAVLIFYWHMCP>
#	G	D	E	R	K	N	Q	S	T	A	V	L	I	F	Y	W	H	M	C	P
0	0.69383	0.02109	0.01603	0.01434	0.02109	0.02446	0.01181	0.03205	0.01856	0.04892	0.01518	0.01771	0.01181	0.01012	0.00675	0.00337	0.00843	0.00590	0.00675	0.01181
1	0.02385	0.02385	0.03340	0.02863	0.02863	0.03340	0.02385	0.02624	0.01670	0.02624	0.01431	0.02385	0.01431	0.01908	0.03578	0.00477	0.59685	0.00954	0.00477	0.01193
2	0.02187	0.05640	0.56031	0.03108	0.04719	0.02532	0.04029	0.03453	0.02302	0.03453	0.01957	0.02302	0.01381	0.01036	0.01036	0.00345	0.01611	0.00806	0.00460	0.01611
3	0.02261	0.01938	0.02261	0.01615	0.02584	0.01453	0.01292	0.02745	0.02261	0.03553	0.01938	0.02261	0.01615	0.00807	0.00807	0.00161	0.00807	0.00646	0.00646	0.68346
4	0.04825	0.01963	0.02597	0.01991	0.02837	0.01762	0.01645	0.09431	0.03301	0.51263	0.04151	0.03613	0.02623	0.01346	0.01096	0.00336	0.00952	0.01086	0.01326	0.01855
5	0.02199	0.01999	0.02733	0.02521	0.02656	0.02582	0.02119	0.02755	0.06065	0.02996	0.03145	0.05882	0.03226	0.02248	0.02677	0.00477	0.35067	0.16774	0.00707	0.01172
6	0.04892	0.01856	0.02530	0.01940	0.02783	0.01603	0.01603	0.05314	0.03121	0.55634	0.04302	0.03711	0.02699	0.01350	0.01096	0.00337	0.00928	0.01096	0.01350	0.01856
7	0.69383	0.02109	0.01603	0.01434	0.02109	0.02446	0.01181	0.03205	0.01856	0.04892	0.01518	0.01771	0.01181	0.01012	0.00675	0.00337	0.00843	0.00590	0.00675	0.01181
8	0.01568	0.01125	0.01535	0.01535	0.01655	0.01245	0.01092	0.01808	0.01688	0.02370	0.03119	0.05383	0.03203	0.28810	0.37380	0.01484	0.02202	0.01329	0.00614	0.00853
9	0.01503	0.01084	0.01422	0.01399	0.01620	0.01002	0.01026	0.01957	0.02900	0.04077	0.45311	0.17982	0.09715	0.02450	0.01306	0.00362	0.00536	0.02182	0.01165	0.01002
10	0.69383	0.02109	0.01603	0.01434	0.02109	0.02446	0.01181	0.03205	0.01856	0.04892	0.01518	0.01771	0.01181	0.01012	0.00675	0.00337	0.00843	0.00590	0.00675	0.01181
11	0.02890	0.16444	0.18714	0.12004	0.04111	0.02707	0.02595	0.07186	0.02676	0.12336	0.06127	0.02973	0.02308	0.01184	0.01003	0.00321	0.01258	0.00932	0.00719	0.01514
12	0.69383	0.02109	0.01603	0.01434	0.02109	0.02446	0.01181	0.03205	0.01856	0.04892	0.01518	0.01771	0.01181	0.01012	0.00675	0.00337	0.00843	0.00590	0.00675	0.01181
13	0.01731	0.01225	0.01670	0.01883	0.02095	0.01225	0.01589	0.02156	0.02369	0.03087	0.05416	0.11510	0.05922	0.11982	0.02124	0.00587	0.01012	0.40514	0.00952	0.00952
14	0.01325	0.00963	0.01251	0.01481	0.01572	0.00889	0.00996	0.01522	0.02123	0.02798	0.06461	0.56444	0.11445	0.03357	0.01382	0.00436	0.00625	0.03028	0.01012	0.00889
15	0.03304	0.16984	0.03416	0.02155	0.02816	0.02901	0.01828	0.04556	0.19080	0.17640	0.03222	0.03143	0.02393	0.01375	0.01383	0.00344	0.09948	0.00993	0.00920	0.01599
16	0.04892	0.01856	0.02530	0.01940	0.02783	0.01603	0.01603	0.05314	0.03121	0.55634	0.04302	0.03711	0.02699	0.01350	0.01096	0.00337	0.00928	0.01096	0.01350	0.01856
17	0.04778	0.02039	0.02644	0.02027	0.02875	0.01875	0.01674	0.12336	0.03427	0.48179	0.04044	0.03544	0.02570	0.01343	0.01096	0.00336	0.00969	0.01079	0.01310	0.01855
18	0.01543	0.01115	0.01457	0.01372	0.01629	0.01029	0.01029	0.02058	0.03086	0.04372	0.54304	0.08145	0.10288	0.02229	0.01286	0.00343	0.00514	0.01972	0.01200	0.01029
19	0.02262	0.01084	0.01138	0.01090	0.01392	0.01063	0.00830	0.02763	0.02354	0.08205	0.03617	0.04037	0.02787	0.01277	0.00789	0.00261	0.00542	0.01023	0.62404	0.01084
20	0.69383	0.02109	0.01603	0.01434	0.02109	0.02446	0.01181	0.03205	0.01856	0.04892	0.01518	0.01771	0.01181	0.01012	0.00675	0.00337	0.00843	0.00590	0.00675	0.01181
21	0.02963	0.38649	0.16804	0.02327	0.03347	0.13772	0.02408	0.03511	0.02398	0.02789	0.01649	0.01917	0.01396	0.00992	0.00830	0.00268	0.01418	0.00656	0.00483	0.01423
22	0.01525	0.01114	0.01432	0.01352	0.01618	0.01021	0.01014	0.02022	0.03043	0.04270	0.51185	0.08314	0.13471	0.02267	0.01286	0.00345	0.00517	0.01996	0.01187	0.01021
23	0.01580	0.01078	0.01294	0.01294	0.01330	0.01114	0.00791	0.01653	0.01617	0.02192	0.03340	0.06604	0.03733	0.51718	0.15198	0.01187	0.01404	0.01508	0.00646	0.00719
24	0.04892	0.01856	0.02530	0.01940	0.02783	0.01603	0.01603	0.05314	0.03121	0.55634	0.04302	0.03711	0.02699	0.01350	0.01096	0.00337	0.00928	0.01096	0.01350	0.01856
25	0.04145	0.03054	0.03272	0.02509	0.03381	0.03381	0.02072	0.51243	0.05127	0.06872	0.02618	0.02618	0.01854	0.01309	0.01091	0.00327	0.01200	0.00982	0.01091	0.01854
26	0.02261	0.01938	0.02261	0.01615	0.02584	0.01453	0.01292	0.02745	0.02261	0.03553	0.01938	0.02261	0.01615	0.00807	0.00807	0.00161	0.00807	0.00646	0.00646	0.68346
27	0.03856	0.02896	0.03114	0.02409	0.03265	0.03162	0.01977	0.42989	0.09481	0.06384	0.02738	0.02728	0.01976	0.01285	0.01070	0.00318	0.01136	0.00979	0.01057	0.07180
28	0.02871	0.01968	0.06380	0.01867	0.02489	0.01686	0.01595	0.03968	0.13731	0.20028	0.24095	0.05444	0.05757	0.01703	0.01170	0.00347	0.00804	0.01452	0.01167	0.01478
29	0.02889	0.13503	0.36647	0.02663	0.04002	0.02602	0.03168	0.03830	0.02467	0.14702	0.02401	0.02525	0.01672	0.01089	0.00998	0.00326	0.01394	0.00835	0.00655	0.01632
30	0.04538	0.02022	0.03127	0.02346	0.03229	0.01779	0.09143	0.05035	0.03037	0.47662	0.03981	0.03593	0.02539	0.01284	0.01126	0.00342	0.01067	0.01126	0.01228	0.01797
31	0.01504	0.01113	0.01404	0.01331	0.01605	0.01012	0.00998	0.01982	0.02995	0.04154	0.47690	0.08504	0.17038	0.02310	0.01286	0.00347	0.00520	0.02022	0.01172	0.01012
32	0.01394	0.00996	0.01340	0.01593	0.01685	0.00942	0.01126	0.01631	0.02152	0.02857	0.05973	0.53528	0.07068	0.03354	0.01409	0.00452	0.00689	0.09894	0.01011	0.00904
33	0.04825	0.01964	0.02597	0.01991	0.02837	0.01763	0.01645	0.09460	0.03302	0.51232	0.04150	0.03612	0.02623	0.01346	0.01096	0.00336	0.00952	0.01086	0.01326	0.01855
34	0.04383	0.01842	0.02370	0.01853	0.02609	0.01684	0.01519	0.09296	0.03186	0.43072	0.04026	0.03660	0.02633	0.01334	0.01045	0.00324	0.00890	0.01073	0.11474	0.01727
35	0.01289	0.01105	0.01105	0.01105	0.01473	0.00920	0.00828	0.01565	0.02485	0.02946	0.11046	0.10493	0.54437	0.02761	0.01289	0.00368	0.00552	0.02301	0.01013	0.00920
36	0.02215	0.11207	0.03649	0.45995	0.06432	0.02782	0.02801	0.02847	0.02146	0.02740	0.01834	0.02690	0.01443	0.01129	0.01222	0.00352	0.05886	0.00909	0.00481	0.01239
37	0.04040	0.11221	0.03138	0.02093	0.02802	0.02369	0.01774	0.04616	0.06392	0.35529	0.03438	0.03231	0.02349	0.01382	0.01424	0.00346	0.10118	0.01006	0.01061	0.01673
38	0.01855	0.01442	0.01726	0.01597	0.01950	0.01477	0.01215	0.03053	0.16361	0.04423	0.41018	0.07059	0.08434	0.02029	0.01239	0.00350	0.00607	0.01775	0.01176	0.01215
39	0.02877	0.02045	0.02293	0.02064	0.02635	0.02241	0.01595	0.05057	0.36535	0.13116	0.04655	0.12706	0.03813	0.01753	0.01150	0.00375	0.00839	0.01495	0.01136	0.01620

[dist]
# distance from previous block
# <min> <max>
6	34

[block]
# block no. 5 follows, 12 sequences, length 21
# corresponding to MSA columns:
# 3106-3126
name=unknown_F
#
# <colnr> <probs for GDERKNQSTAVLIFYWHMCP>
#	G	D	E	R	K	N	Q	S	T	A	V	L	I	F	Y	W	H	M	C	P
0	0.01355	0.01077	0.01216	0.01245	0.01529	0.00939	0.00909	0.01669	0.02548	0.03242	0.20014	0.19565	0.35314	0.02764	0.01308	0.00377	0.00559	0.02378	0.01056	0.00939
1	0.01520	0.01114	0.01426	0.01348	0.01615	0.01019	0.01011	0.02013	0.03032	0.04244	0.50419	0.08356	0.14253	0.02277	0.01286	0.00345	0.00518	0.02001	0.01183	0.01019
2	0.02503	0.02370	0.03420	0.04795	0.32881	0.06873	0.02709	0.03071	0.02544	0.03385	0.03261	0.05837	0.03216	0.01665	0.01213	0.00380	0.01256	0.16477	0.00696	0.01446
3	0.04073	0.05197	0.03090	0.02809	0.03371	0.57303	0.02107	0.04354	0.03090	0.02669	0.01685	0.01966	0.01404	0.01124	0.00983	0.00281	0.01966	0.00702	0.00562	0.01264
4	0.01558	0.01168	0.01752	0.01752	0.01947	0.01363	0.01363	0.01947	0.01752	0.02531	0.02921	0.04283	0.02726	0.08178	0.57360	0.01752	0.02921	0.01168	0.00584	0.00974
5	0.02712	0.02342	0.02465	0.02219	0.02835	0.02712	0.01726	0.05794	0.52909	0.04561	0.04438	0.04068	0.03328	0.01479	0.01109	0.00370	0.00863	0.01233	0.01109	0.01726
6	0.69383	0.02109	0.01603	0.01434	0.02109	0.02446	0.01181	0.03205	0.01856	0.04892	0.01518	0.01771	0.01181	0.01012	0.00675	0.00337	0.00843	0.00590	0.00675	0.01181
7	0.02915	0.62337	0.05714	0.01866	0.02799	0.04314	0.01866	0.03265	0.02215	0.02565	0.01516	0.01749	0.01399	0.00933	0.00700	0.00233	0.01166	0.00583	0.00466	0.01399
8	0.01961	0.01781	0.02925	0.48077	0.06390	0.02157	0.02647	0.02647	0.02353	0.03088	0.11908	0.03904	0.03136	0.01307	0.01127	0.00359	0.01275	0.01160	0.00621	0.01177
9	0.01366	0.00992	0.01290	0.01460	0.01583	0.00915	0.01002	0.01624	0.02307	0.03098	0.15572	0.47231	0.11241	0.03142	0.01364	0.00418	0.00604	0.02827	0.01048	0.00915
10	0.03789	0.04724	0.03132	0.02818	0.03285	0.48228	0.02154	0.04063	0.02851	0.02661	0.01643	0.02037	0.01409	0.01256	0.01420	0.00314	0.11673	0.00745	0.00548	0.01252
11	0.01586	0.01057	0.01189	0.01189	0.01189	0.01057	0.00661	0.01586	0.01586	0.02114	0.03436	0.07135	0.03964	0.61681	0.05550	0.01057	0.01057	0.01586	0.00661	0.00661
12	0.56962	0.02289	0.01920	0.01639	0.02351	0.02624	0.01351	0.12351	0.02478	0.05269	0.01728	0.01932	0.01309	0.01069	0.00754	0.00335	0.00911	0.00665	0.00754	0.01309
13	0.01645	0.01070	0.01359	0.01465	0.01668	0.00965	0.01029	0.01897	0.02329	0.07504	0.10531	0.42353	0.16049	0.03022	0.01338	0.00412	0.00634	0.02688	0.01056	0.00987
14	0.04892	0.01856	0.02530	0.01940	0.02783	0.01603	0.01603	0.05314	0.03121	0.55634	0.04302	0.03711	0.02699	0.01350	0.01096	0.00337	0.00928	0.01096	0.01350	0.01856
15	0.08790	0.01827	0.02484	0.12708	0.03524	0.01764	0.01778	0.04365	0.02796	0.37450	0.04210	0.03981	0.06665	0.01393	0.01080	0.00345	0.00990	0.01135	0.01107	0.01605
16	0.02326	0.16435	0.46451	0.02871	0.04353	0.02872	0.03617	0.03417	0.02286	0.03284	0.01873	0.02197	0.01385	0.01016	0.00972	0.00324	0.01527	0.00763	0.00462	0.01571
17	0.02296	0.02400	0.04728	0.33960	0.06675	0.02577	0.25099	0.03112	0.02361	0.03112	0.02061	0.02923	0.01546	0.01011	0.01181	0.00365	0.01631	0.01115	0.00515	0.01331
18	0.04892	0.01856	0.02530	0.01940	0.02783	0.01603	0.01603	0.05314	0.03121	0.55634	0.04302	0.03711	0.02699	0.01350	0.01096	0.00337	0.00928	0.01096	0.01350	0.01856
19	0.02256	0.02074	0.03449	0.19386	0.30460	0.02192	0.02796	0.02846	0.02347	0.03220	0.02892	0.12030	0.02814	0.01520	0.01161	0.00366	0.01217	0.04932	0.00631	0.01411
20	0.03477	0.01858	0.02621	0.02782	0.12437	0.01751	0.01819	0.07774	0.02896	0.27789	0.04181	0.18448	0.03627	0.01816	0.01170	0.00362	0.00943	0.01589	0.01085	0.01577

[dist]
# distance from previous block
# <min> <max>
0	5

[block]
# block no. 6 follows, 12 sequences, length 18
# corresponding to MSA columns:
# 3132-3149
name=unknown_G
#
# <colnr> <probs for GDERKNQSTAVLIFYWHMCP>
#	G	D	E	R	K	N	Q	S	T	A	V	L	I	F	Y	W	H	M	C	P
0	0.02512	0.04680	0.40620	0.03791	0.15419	0.02471	0.03688	0.03578	0.02406	0.07617	0.02163	0.02500	0.01561	0.01047	0.01050	0.00340	0.01489	0.00865	0.00548	0.01656
1	0.54658	0.01858	0.01530	0.01452	0.01995	0.02108	0.01144	0.02840	0.01906	0.04436	0.02490	0.14580	0.02486	0.01532	0.00830	0.00360	0.00798	0.01133	0.00748	0.01117
2	0.01730	0.01383	0.02076	0.02654	0.13157	0.01417	0.01563	0.02046	0.02000	0.02777	0.03877	0.23931	0.04248	0.13240	0.17878	0.00884	0.01492	0.01856	0.00734	0.01058
3	0.03680	0.18404	0.03604	0.02510	0.06079	0.21278	0.01935	0.07198	0.02906	0.14079	0.02579	0.06504	0.02132	0.01287	0.00977	0.00298	0.01360	0.00958	0.00769	0.01464
4	0.01488	0.01112	0.01381	0.01314	0.01595	0.01005	0.00985	0.01951	0.02956	0.04064	0.44944	0.08653	0.19841	0.02344	0.01287	0.00348	0.00523	0.02043	0.01160	0.01005
5	0.02528	0.14550	0.39862	0.02944	0.04347	0.02781	0.07380	0.03555	0.02367	0.06944	0.02068	0.02361	0.01499	0.01031	0.01005	0.00328	0.01509	0.00829	0.00531	0.01582
6	0.01728	0.01272	0.01672	0.01760	0.02030	0.01267	0.01437	0.02426	0.06859	0.03740	0.23321	0.13523	0.07556	0.02629	0.01385	0.00429	0.00788	0.24026	0.01085	0.01064
7	0.01587	0.01095	0.01369	0.01307	0.01509	0.01034	0.00931	0.01989	0.02706	0.03862	0.39751	0.07641	0.08396	0.15026	0.02172	0.00491	0.00631	0.01822	0.05733	0.00948
8	0.02246	0.01274	0.01660	0.01472	0.01865	0.01144	0.01136	0.02720	0.03043	0.15343	0.39817	0.07385	0.12389	0.02084	0.01245	0.00344	0.00607	0.01810	0.01217	0.01199
9	0.01552	0.01102	0.01399	0.01332	0.01534	0.01035	0.00949	0.01955	0.02762	0.03884	0.43297	0.07926	0.08920	0.15093	0.02209	0.00497	0.00632	0.01888	0.01084	0.00949
10	0.36236	0.15350	0.02808	0.01748	0.02503	0.07328	0.01494	0.03748	0.02298	0.14608	0.02103	0.02181	0.01558	0.01074	0.00793	0.00310	0.01026	0.00702	0.00759	0.01374
11	0.02651	0.41735	0.23997	0.02317	0.03496	0.03667	0.02652	0.03333	0.02247	0.02888	0.01676	0.01950	0.01393	0.00970	0.00822	0.00274	0.01328	0.00664	0.00464	0.01476
12	0.02915	0.62337	0.05714	0.01866	0.02799	0.04314	0.01866	0.03265	0.02215	0.02565	0.01516	0.01749	0.01399	0.00933	0.00700	0.00233	0.01166	0.00583	0.00466	0.01399
13	0.01901	0.01043	0.01134	0.01111	0.01366	0.01020	0.00834	0.02411	0.02501	0.04147	0.17146	0.05158	0.04801	0.01527	0.00902	0.00278	0.00510	0.01272	0.49917	0.01020
14	0.10302	0.02137	0.02611	0.02019	0.02854	0.02060	0.01668	0.15069	0.03445	0.40700	0.03697	0.03307	0.02385	0.01312	0.01059	0.00335	0.00979	0.01028	0.01235	0.01797
15	0.01303	0.01049	0.01161	0.01251	0.01511	0.00908	0.00893	0.01548	0.02345	0.02888	0.09264	0.28351	0.37729	0.02993	0.01325	0.00395	0.00581	0.02584	0.01012	0.00908
16	0.02983	0.15202	0.03317	0.02214	0.07054	0.02357	0.01699	0.07470	0.02642	0.11174	0.02257	0.02427	0.01755	0.00970	0.00873	0.00230	0.00977	0.00754	0.00739	0.32906
17	0.02991	0.03427	0.18420	0.03014	0.08139	0.02608	0.05543	0.14974	0.06459	0.08455	0.02457	0.02681	0.01808	0.01168	0.01203	0.00327	0.04793	0.00932	0.00761	0.09841

[dist]
# distance from previous block
# <min> <max>
0	2

[block]
# block no. 7 follows, 12 sequences, length 19
# corresponding to MSA columns:
# 3152-3170
name=unknown_H
#
# <colnr> <probs for GDERKNQSTAVLIFYWHMCP>
#	G	D	E	R	K	N	Q	S	T	A	V	L	I	F	Y	W	H	M	C	P
0	0.02579	0.02094	0.02796	0.13048	0.11091	0.02188	0.02049	0.15760	0.03139	0.04314	0.09409	0.11420	0.03552	0.01562	0.01118	0.00329	0.01042	0.01353	0.00843	0.10312
1	0.41680	0.02025	0.02061	0.09735	0.03038	0.02191	0.01520	0.03395	0.02139	0.11843	0.02040	0.02280	0.01498	0.01046	0.00813	0.00318	0.00938	0.00726	0.00743	0.09973
2	0.02103	0.01445	0.01988	0.02377	0.11459	0.01324	0.01465	0.02463	0.02516	0.10829	0.10257	0.21294	0.21472	0.02362	0.01249	0.00374	0.00761	0.02070	0.00989	0.01203
3	0.15726	0.01895	0.02190	0.01823	0.02502	0.01904	0.01467	0.04552	0.13268	0.28215	0.11138	0.04080	0.03663	0.01444	0.01050	0.00345	0.00838	0.01161	0.01154	0.01584
4	0.69383	0.02109	0.01603	0.01434	0.02109	0.02446	0.01181	0.03205	0.01856	0.04892	0.01518	0.01771	0.01181	0.01012	0.00675	0.00337	0.00843	0.00590	0.00675	0.01181
5	0.02576	0.01923	0.03135	0.48628	0.06647	0.02273	0.02768	0.03248	0.02352	0.12438	0.02370	0.03054	0.01681	0.01137	0.01091	0.00359	0.01357	0.00992	0.00642	0.01329
6	0.02059	0.01938	0.03270	0.59060	0.07510	0.02422	0.03028	0.02786	0.02180	0.02786	0.01938	0.02907	0.01453	0.01090	0.01090	0.00363	0.01453	0.00969	0.00484	0.01211
7	0.69383	0.02109	0.01603	0.01434	0.02109	0.02446	0.01181	0.03205	0.01856	0.04892	0.01518	0.01771	0.01181	0.01012	0.00675	0.00337	0.00843	0.00590	0.00675	0.01181
8	0.01320	0.00984	0.01229	0.01426	0.01557	0.00893	0.00971	0.01529	0.02176	0.02819	0.07130	0.49740	0.17718	0.03270	0.01369	0.00426	0.00615	0.02922	0.01012	0.00893
9	0.04370	0.01702	0.02254	0.01771	0.02507	0.01495	0.01449	0.04807	0.02968	0.46216	0.04166	0.03776	0.02717	0.01335	0.01035	0.00322	0.00851	0.01082	0.13474	0.01702
10	0.69383	0.02109	0.01603	0.01434	0.02109	0.02446	0.01181	0.03205	0.01856	0.04892	0.01518	0.01771	0.01181	0.01012	0.00675	0.00337	0.00843	0.00590	0.00675	0.01181
11	0.02922	0.02446	0.02584	0.02261	0.02915	0.02810	0.01777	0.12444	0.45918	0.04899	0.04172	0.03856	0.03113	0.01454	0.01107	0.00364	0.00912	0.01196	0.01107	0.01745
12	0.01892	0.01139	0.01514	0.01513	0.01761	0.01041	0.01098	0.02248	0.02642	0.10469	0.25971	0.31280	0.07898	0.02645	0.01308	0.00387	0.00622	0.02362	0.01136	0.01074
13	0.01471	0.01009	0.01223	0.01336	0.01364	0.00981	0.00817	0.01556	0.01809	0.02412	0.04580	0.31072	0.05408	0.35774	0.03701	0.00784	0.00868	0.02259	0.00817	0.00761
14	0.14649	0.01455	0.01713	0.01505	0.01963	0.01410	0.01179	0.02963	0.02869	0.15425	0.33975	0.06033	0.07003	0.01819	0.01134	0.00341	0.00663	0.01532	0.01136	0.01233
15	0.02038	0.01913	0.02657	0.02420	0.02441	0.02532	0.01934	0.02260	0.01807	0.02676	0.02937	0.21657	0.03333	0.02404	0.02859	0.00466	0.40260	0.01660	0.00653	0.01092
16	0.02699	0.02591	0.04426	0.06693	0.54879	0.02591	0.03346	0.03346	0.02483	0.03562	0.02051	0.02699	0.01727	0.00972	0.01079	0.00324	0.01295	0.00972	0.00540	0.01727
17	0.03590	0.01539	0.02030	0.01658	0.02262	0.01366	0.01331	0.04049	0.02996	0.34623	0.17730	0.04960	0.04766	0.01577	0.01102	0.00327	0.00758	0.01322	0.10498	0.01516
18	0.04494	0.01944	0.02519	0.01991	0.02793	0.01805	0.01625	0.05401	0.12214	0.46307	0.04327	0.03776	0.02814	0.01373	0.01099	0.00343	0.00916	0.01121	0.01306	0.01832

[dist]
# distance from previous block
# <min> <max>
0	50

[block]
# block no. 8 follows, 12 sequences, length 20
# corresponding to MSA columns:
# 3221-3240
name=unknown_I
#
# <colnr> <probs for GDERKNQSTAVLIFYWHMCP>
#	G	D	E	R	K	N	Q	S	T	A	V	L	I	F	Y	W	H	M	C	P
0	0.02280	0.10090	0.37210	0.02918	0.04198	0.02593	0.07114	0.03488	0.06240	0.03436	0.02545	0.03535	0.02093	0.01268	0.01081	0.00356	0.01463	0.05992	0.00578	0.01522
1	0.01489	0.01130	0.01392	0.01445	0.01721	0.01033	0.01132	0.01892	0.02660	0.03490	0.24028	0.14502	0.23982	0.02697	0.01348	0.00398	0.00653	0.12958	0.01074	0.00974
2	0.02187	0.05640	0.56031	0.03108	0.04719	0.02532	0.04029	0.03453	0.02302	0.03453	0.01957	0.02302	0.01381	0.01036	0.01036	0.00345	0.01611	0.00806	0.00460	0.01611
3	0.01359	0.01001	0.01282	0.01493	0.01623	0.00923	0.01047	0.01590	0.02189	0.02851	0.06811	0.48511	0.14836	0.03274	0.01385	0.00436	0.00652	0.06824	0.01012	0.00902
4	0.69383	0.02109	0.01603	0.01434	0.02109	0.02446	0.01181	0.03205	0.01856	0.04892	0.01518	0.01771	0.01181	0.01012	0.00675	0.00337	0.00843	0.00590	0.00675	0.01181
5	0.01366	0.00976	0.01309	0.01561	0.01641	0.00918	0.01078	0.01584	0.02125	0.02826	0.05989	0.56671	0.07129	0.03380	0.01402	0.00448	0.00665	0.07024	0.01011	0.00896
6	0.69383	0.02109	0.01603	0.01434	0.02109	0.02446	0.01181	0.03205	0.01856	0.04892	0.01518	0.01771	0.01181	0.01012	0.00675	0.00337	0.00843	0.00590	0.00675	0.01181
7	0.01313	0.01106	0.01138	0.01130	0.01488	0.00931	0.00848	0.01612	0.02543	0.03082	0.15181	0.10269	0.50216	0.02711	0.01288	0.00366	0.00549	0.02270	0.01030	0.00931
8	0.02385	0.02385	0.03340	0.02863	0.02863	0.03340	0.02385	0.02624	0.01670	0.02624	0.01431	0.02385	0.01431	0.01908	0.03578	0.00477	0.59685	0.00954	0.00477	0.01193
9	0.62204	0.02448	0.01766	0.01585	0.02247	0.08476	0.01283	0.03331	0.01991	0.04648	0.01537	0.01793	0.01205	0.01024	0.00709	0.00331	0.00967	0.00603	0.00662	0.01190
10	0.02187	0.05640	0.56031	0.03108	0.04719	0.02532	0.04029	0.03453	0.02302	0.03453	0.01957	0.02302	0.01381	0.01036	0.01036	0.00345	0.01611	0.00806	0.00460	0.01611
11	0.02261	0.01938	0.02261	0.01615	0.02584	0.01453	0.01292	0.02745	0.02261	0.03553	0.01938	0.02261	0.01615	0.00807	0.00807	0.00161	0.00807	0.00646	0.00646	0.68346
12	0.69383	0.02109	0.01603	0.01434	0.02109	0.02446	0.01181	0.03205	0.01856	0.04892	0.01518	0.01771	0.01181	0.01012	0.00675	0.00337	0.00843	0.00590	0.00675	0.01181
13	0.03213	0.01805	0.02459	0.14361	0.03570	0.01892	0.01809	0.04115	0.11276	0.24270	0.03582	0.04029	0.02678	0.08597	0.06946	0.00563	0.01235	0.01153	0.00970	0.01477
14	0.02867	0.02542	0.07913	0.07257	0.08993	0.02484	0.02214	0.13775	0.10778	0.08476	0.02876	0.03473	0.02301	0.07198	0.07045	0.00550	0.05855	0.01080	0.00814	0.01507
15	0.02697	0.02193	0.02948	0.12213	0.14847	0.02412	0.02223	0.04440	0.25597	0.08376	0.07459	0.03876	0.03177	0.01355	0.01113	0.00354	0.01030	0.01180	0.00912	0.01599
16	0.07357	0.02480	0.14378	0.07386	0.03200	0.01738	0.02041	0.03281	0.02694	0.16400	0.18022	0.04960	0.08372	0.01589	0.01121	0.00346	0.00982	0.01324	0.00947	0.01383
17	0.02645	0.02285	0.03208	0.08363	0.20831	0.02224	0.02266	0.10652	0.02752	0.03951	0.02153	0.02661	0.01754	0.01475	0.04865	0.00370	0.01236	0.00874	0.00663	0.24772
18	0.02702	0.01682	0.02347	0.01923	0.02496	0.01516	0.05635	0.03216	0.06221	0.15909	0.03571	0.13237	0.03233	0.08411	0.01891	0.06872	0.00944	0.01399	0.00892	0.15906
19	0.02868	0.02476	0.08634	0.02326	0.03169	0.02058	0.06534	0.08336	0.11097	0.12591	0.03426	0.07864	0.02842	0.01450	0.01100	0.00328	0.01064	0.04777	0.00907	0.16154

[dist]
# distance from previous block
# <min> <max>
4	6

[block]
# block no. 9 follows, 12 sequences, length 9
# corresponding to MSA columns:
# 3247-3255
name=unknown_J
#
# <colnr> <probs for GDERKNQSTAVLIFYWHMCP>
#	G	D	E	R	K	N	Q	S	T	A	V	L	I	F	Y	W	H	M	C	P
0	0.01858	0.01277	0.01789	0.09962	0.02583	0.01265	0.01367	0.02363	0.02852	0.07958	0.37670	0.12498	0.08073	0.02115	0.01253	0.00356	0.00698	0.01872	0.01087	0.01105
1	0.03344	0.02772	0.10912	0.13188	0.04107	0.02403	0.02337	0.14864	0.08082	0.17293	0.02933	0.03013	0.02043	0.01212	0.01063	0.00330	0.01178	0.00979	0.00910	0.07037
2	0.02307	0.01939	0.02943	0.24796	0.08200	0.02112	0.06089	0.03293	0.10399	0.07468	0.04546	0.04804	0.13480	0.01516	0.01152	0.00361	0.01140	0.01338	0.00778	0.01337
3	0.01943	0.01373	0.01893	0.01950	0.02158	0.01473	0.01586	0.02320	0.02365	0.06847	0.08981	0.22631	0.05872	0.02774	0.01736	0.00458	0.09540	0.22068	0.00968	0.01063
4	0.01556	0.01003	0.01257	0.01420	0.01561	0.00959	0.01010	0.01876	0.02248	0.03265	0.09045	0.38728	0.06259	0.02754	0.01235	0.00393	0.00622	0.06065	0.17805	0.00939
5	0.02273	0.15708	0.06630	0.09297	0.03128	0.02369	0.01797	0.03232	0.10432	0.03608	0.13543	0.03956	0.03766	0.01345	0.00981	0.00298	0.00945	0.01098	0.07712	0.07881
6	0.03271	0.11258	0.03578	0.11519	0.03874	0.02906	0.05244	0.13959	0.11711	0.12873	0.02828	0.02974	0.02075	0.01275	0.01239	0.00342	0.05619	0.01001	0.00866	0.01587
7	0.11645	0.01418	0.01418	0.01360	0.01772	0.01381	0.01033	0.06666	0.02584	0.03591	0.07963	0.16931	0.33458	0.02471	0.01196	0.00372	0.00672	0.02053	0.00970	0.01045
8	0.02500	0.02371	0.09652	0.01978	0.02630	0.01970	0.01733	0.11744	0.10170	0.06755	0.10854	0.09035	0.04033	0.11103	0.01817	0.00447	0.00987	0.01379	0.00917	0.07926

[dist]
# distance from previous block
# <min> <max>
0	43

[block]
# block no. 10 follows, 12 sequences, length 33
# corresponding to MSA columns:
# 3303-3335
name=unknown_K
#
# <colnr> <probs for GDERKNQSTAVLIFYWHMCP>
#	G	D	E	R	K	N	Q	S	T	A	V	L	I	F	Y	W	H	M	C	P
0	0.39715	0.02018	0.02125	0.06185	0.07596	0.02158	0.01552	0.03187	0.02185	0.08076	0.06438	0.02694	0.02205	0.01120	0.00843	0.00318	0.00904	0.00817	0.00739	0.09126
1	0.08617	0.06998	0.07032	0.02180	0.03053	0.02310	0.06530	0.10185	0.07598	0.09059	0.03523	0.03574	0.08025	0.01278	0.01005	0.00301	0.01043	0.01051	0.00829	0.15811
2	0.02410	0.07948	0.09741	0.29416	0.14076	0.06177	0.02871	0.03101	0.02317	0.03042	0.01906	0.02576	0.01499	0.01025	0.01014	0.00318	0.01392	0.00868	0.00510	0.07792
3	0.01522	0.01055	0.01344	0.01370	0.01546	0.00990	0.00969	0.01893	0.02596	0.03676	0.31857	0.22799	0.08245	0.08330	0.01696	0.00435	0.00601	0.02186	0.05940	0.00951
4	0.03193	0.01436	0.01859	0.01559	0.02086	0.01291	0.01237	0.03663	0.02932	0.27966	0.20453	0.05232	0.05195	0.01620	0.01087	0.00322	0.00704	0.01365	0.15394	0.01408
5	0.01368	0.00979	0.01300	0.01492	0.01590	0.00912	0.01015	0.01617	0.02270	0.03073	0.14812	0.51341	0.07772	0.03200	0.01372	0.00425	0.00611	0.02894	0.01046	0.00912
6	0.01492	0.01067	0.01447	0.01659	0.01806	0.01022	0.01255	0.01821	0.02341	0.03124	0.11581	0.39062	0.07269	0.03147	0.01416	0.00450	0.00739	0.17330	0.01032	0.00941
7	0.01543	0.01115	0.01457	0.01372	0.01629	0.01029	0.01029	0.02058	0.03086	0.04372	0.54304	0.08145	0.10288	0.02229	0.01286	0.00343	0.00514	0.01972	0.01200	0.01029
8	0.04073	0.05197	0.03090	0.02809	0.03371	0.57303	0.02107	0.04354	0.03090	0.02669	0.01685	0.01966	0.01404	0.01124	0.00983	0.00281	0.01966	0.00702	0.00562	0.01264
9	0.11632	0.03958	0.02926	0.02511	0.03187	0.30087	0.01959	0.18875	0.07292	0.04374	0.02160	0.02302	0.01661	0.01195	0.00990	0.00309	0.01515	0.00815	0.00780	0.01472
10	0.01328	0.00949	0.01265	0.01518	0.01581	0.00886	0.01012	0.01518	0.02088	0.02783	0.06010	0.60969	0.07212	0.03416	0.01392	0.00443	0.00633	0.03100	0.01012	0.00886
11	0.69383	0.02109	0.01603	0.01434	0.02109	0.02446	0.01181	0.03205	0.01856	0.04892	0.01518	0.01771	0.01181	0.01012	0.00675	0.00337	0.00843	0.00590	0.00675	0.01181
12	0.24750	0.02231	0.02426	0.01923	0.02722	0.02305	0.01588	0.16022	0.03224	0.27800	0.03020	0.02838	0.02018	0.01235	0.00964	0.00335	0.00969	0.00911	0.01076	0.01646
13	0.02849	0.02410	0.02543	0.02247	0.02888	0.02776	0.01759	0.10144	0.48336	0.04782	0.04264	0.03929	0.03187	0.01463	0.01108	0.00366	0.00895	0.01209	0.01108	0.01738
14	0.02845	0.02339	0.02559	0.02050	0.02856	0.02374	0.01634	0.14297	0.23433	0.04668	0.03097	0.03071	0.02361	0.01187	0.00990	0.00281	0.00913	0.00956	0.00929	0.27158
15	0.08993	0.02397	0.02403	0.01954	0.02682	0.08391	0.01543	0.12642	0.03001	0.13042	0.02983	0.10775	0.02574	0.01420	0.01003	0.00293	0.01018	0.01136	0.00897	0.20853
16	0.01499	0.01071	0.01461	0.01714	0.01852	0.01033	0.01309	0.01814	0.02256	0.02975	0.05915	0.41554	0.06838	0.03255	0.01437	0.00466	0.00781	0.20828	0.01009	0.00933
17	0.02187	0.05640	0.56031	0.03108	0.04719	0.02532	0.04029	0.03453	0.02302	0.03453	0.01957	0.02302	0.01381	0.01036	0.01036	0.00345	0.01611	0.00806	0.00460	0.01611
18	0.01448	0.01035	0.01398	0.01625	0.01748	0.00985	0.01193	0.01738	0.02265	0.03019	0.09610	0.45242	0.07219	0.03229	0.01411	0.00450	0.00713	0.13722	0.01024	0.00925
19	0.17417	0.02368	0.02650	0.02185	0.02768	0.02736	0.01796	0.21741	0.03188	0.09348	0.02369	0.02728	0.01835	0.02320	0.09359	0.00557	0.11384	0.00930	0.00848	0.01473
20	0.01798	0.01153	0.01489	0.01428	0.01715	0.01046	0.01061	0.02219	0.02842	0.08838	0.36136	0.17945	0.13311	0.02422	0.01288	0.00364	0.00580	0.02134	0.01161	0.01070
21	0.02296	0.01271	0.01664	0.01504	0.01887	0.01141	0.01148	0.02733	0.02933	0.16282	0.33528	0.13443	0.11414	0.02198	0.01253	0.00355	0.00629	0.01920	0.01200	0.01201
22	0.04583	0.01925	0.02521	0.01979	0.02791	0.01760	0.01620	0.05382	0.10177	0.48396	0.04321	0.03762	0.02788	0.01368	0.01098	0.00342	0.00919	0.01116	0.01316	0.01837
23	0.12040	0.03067	0.08187	0.24300	0.04830	0.13783	0.02567	0.03202	0.02244	0.03097	0.01742	0.02406	0.01394	0.01221	0.01432	0.00361	0.11507	0.00843	0.00523	0.01254
24	0.03487	0.02686	0.15014	0.02136	0.03017	0.01858	0.02075	0.08670	0.02923	0.27362	0.03708	0.10000	0.02840	0.01505	0.01084	0.00343	0.01042	0.01243	0.07403	0.01604
25	0.04892	0.01856	0.02530	0.01940	0.02783	0.01603	0.01603	0.05314	0.03121	0.55634	0.04302	0.03711	0.02699	0.01350	0.01096	0.00337	0.00928	0.01096	0.01350	0.01856
26	0.01987	0.01441	0.02016	0.07656	0.08526	0.01469	0.01535	0.02524	0.06568	0.06969	0.04529	0.31715	0.04881	0.10793	0.01865	0.00493	0.00891	0.02119	0.00891	0.01130
27	0.09402	0.02636	0.08414	0.10853	0.04155	0.02431	0.11560	0.11519	0.06391	0.12528	0.03307	0.03484	0.05868	0.01276	0.01101	0.00351	0.01249	0.01120	0.00836	0.01520
28	0.02446	0.01540	0.02145	0.01892	0.02231	0.01568	0.05010	0.08179	0.06025	0.07049	0.03106	0.08382	0.02830	0.02608	0.02455	0.28812	0.00973	0.04389	0.07338	0.01023
29	0.01356	0.00989	0.01278	0.01456	0.01578	0.00910	0.00997	0.01603	0.02275	0.03035	0.13680	0.48168	0.12302	0.03175	0.01366	0.00421	0.00607	0.02854	0.01040	0.00910
30	0.02784	0.03323	0.19644	0.19351	0.05296	0.02489	0.11278	0.08085	0.02698	0.10946	0.02388	0.02816	0.01680	0.01102	0.01109	0.00352	0.01469	0.00994	0.00668	0.01529
31	0.17253	0.07078	0.03645	0.11269	0.14374	0.02894	0.07053	0.16053	0.03002	0.04540	0.02047	0.02460	0.01574	0.01079	0.00989	0.00331	0.01239	0.00894	0.00704	0.01522
32	0.02440	0.07066	0.11159	0.14287	0.04431	0.02639	0.10790	0.07901	0.06478	0.03730	0.09543	0.03491	0.02898	0.01331	0.01354	0.00357	0.06871	0.01134	0.00698	0.01401

[dist]
# distance from previous block
# <min> <max>
0	16

[block]
# block no. 11 follows, 12 sequences, length 30
# corresponding to MSA columns:
# 3352-3381
name=unknown_L
#
# <colnr> <probs for GDERKNQSTAVLIFYWHMCP>
#	G	D	E	R	K	N	Q	S	T	A	V	L	I	F	Y	W	H	M	C	P
0	0.24072	0.07756	0.03041	0.07262	0.11288	0.07539	0.02037	0.03492	0.02260	0.10333	0.01997	0.02360	0.01559	0.01184	0.01263	0.00343	0.09353	0.00807	0.00669	0.01385
1	0.02518	0.01421	0.01811	0.01605	0.01991	0.01401	0.01258	0.02906	0.02642	0.17277	0.16791	0.10885	0.13944	0.02037	0.01430	0.00358	0.07145	0.01664	0.09685	0.01232
2	0.03074	0.10012	0.07984	0.03168	0.10061	0.16815	0.06610	0.07860	0.12775	0.03716	0.05391	0.02968	0.02386	0.01205	0.01046	0.00319	0.01390	0.00983	0.00726	0.01510
3	0.01580	0.01164	0.01411	0.01327	0.01651	0.01033	0.00992	0.02020	0.02756	0.03879	0.33620	0.12070	0.16943	0.02225	0.01212	0.00333	0.00556	0.01933	0.06373	0.06922
4	0.02952	0.14295	0.07539	0.08396	0.03419	0.06417	0.02031	0.04278	0.18060	0.11352	0.07570	0.03504	0.02973	0.01316	0.01026	0.00327	0.01103	0.01050	0.00868	0.01522
5	0.02159	0.02075	0.03292	0.41801	0.06082	0.02704	0.02831	0.02736	0.02023	0.02736	0.01782	0.02747	0.01447	0.01341	0.01854	0.00398	0.19338	0.00964	0.00482	0.01206
6	0.02506	0.01307	0.01719	0.01555	0.01961	0.01166	0.01185	0.02905	0.02840	0.19670	0.25394	0.18008	0.10849	0.02250	0.01250	0.00364	0.00669	0.01965	0.01192	0.01244
7	0.01656	0.01296	0.01888	0.01889	0.02059	0.01528	0.01498	0.02027	0.01868	0.02656	0.03372	0.09646	0.03400	0.06441	0.39769	0.01346	0.08731	0.07276	0.00661	0.00995
8	0.02112	0.01389	0.01639	0.01504	0.01873	0.01399	0.01151	0.03126	0.12784	0.07924	0.30244	0.06168	0.06801	0.01817	0.01127	0.00329	0.00611	0.01563	0.15217	0.01222
9	0.69383	0.02109	0.01603	0.01434	0.02109	0.02446	0.01181	0.03205	0.01856	0.04892	0.01518	0.01771	0.01181	0.01012	0.00675	0.00337	0.00843	0.00590	0.00675	0.01181
10	0.03415	0.02231	0.02669	0.06706	0.03257	0.02214	0.01761	0.14478	0.12126	0.17878	0.03143	0.03089	0.02240	0.01200	0.01021	0.00297	0.00987	0.00967	0.00994	0.19329
11	0.01575	0.01086	0.01335	0.01326	0.01394	0.01117	0.00847	0.01712	0.01785	0.02449	0.08921	0.06656	0.04403	0.44065	0.15810	0.01123	0.01383	0.01542	0.00704	0.00766
12	0.01734	0.01240	0.01724	0.01938	0.02190	0.01230	0.01677	0.02237	0.02573	0.03385	0.11108	0.11842	0.06716	0.02926	0.01482	0.00485	0.00950	0.42531	0.01026	0.01007
13	0.02967	0.02469	0.02609	0.02271	0.02933	0.02831	0.01788	0.13895	0.44393	0.04973	0.04113	0.03810	0.03066	0.01449	0.01106	0.00362	0.00923	0.01188	0.01106	0.01749
14	0.04336	0.02747	0.03082	0.02363	0.03228	0.02925	0.01952	0.39469	0.04612	0.19373	0.03049	0.02898	0.02071	0.01319	0.01092	0.00330	0.01130	0.01011	0.01157	0.01855
15	0.01321	0.00977	0.01237	0.01444	0.01562	0.00892	0.00979	0.01527	0.02158	0.02812	0.06907	0.51972	0.15629	0.03299	0.01373	0.00430	0.00618	0.02957	0.01012	0.00892
16	0.03064	0.54972	0.05375	0.01987	0.02872	0.11144	0.01897	0.03405	0.02328	0.02579	0.01538	0.01777	0.01400	0.00957	0.00736	0.00239	0.01269	0.00598	0.00479	0.01382
17	0.01757	0.01255	0.01757	0.02008	0.02259	0.01255	0.01757	0.02259	0.02510	0.03263	0.05773	0.12299	0.06275	0.03012	0.01506	0.00502	0.01004	0.47540	0.01004	0.01004
18	0.03811	0.02587	0.02781	0.09579	0.03512	0.11964	0.01961	0.04677	0.11204	0.26497	0.03318	0.03248	0.02309	0.01343	0.01281	0.00348	0.05982	0.01021	0.00986	0.01591
19	0.69383	0.02109	0.01603	0.01434	0.02109	0.02446	0.01181	0.03205	0.01856	0.04892	0.01518	0.01771	0.01181	0.01012	0.00675	0.00337	0.00843	0.00590	0.00675	0.01181
20	0.02017	0.01200	0.01527	0.01505	0.01714	0.01147	0.01091	0.02276	0.02273	0.09695	0.13303	0.12292	0.05648	0.27058	0.03084	0.00678	0.00898	0.10686	0.00942	0.00966
21	0.04145	0.03054	0.03272	0.02509	0.03381	0.03381	0.02072	0.51243	0.05127	0.06872	0.02618	0.02618	0.01854	0.01309	0.01091	0.00327	0.01200	0.00982	0.01091	0.01854
