[name]
unknown

[dist]
# distance from previous block
# <min> <max>
0	441

[block]
# block no. 0 follows, 10 sequences, length 17
# corresponding to MSA columns:
# 578-594
name=unknown_A
#
# <colnr> <probs for GDERKNQSTAVLIFYWHMCP>
#	G	D	E	R	K	N	Q	S	T	A	V	L	I	F	Y	W	H	M	C	P
0	0.01912	0.01675	0.02932	0.02503	0.02960	0.01577	0.13281	0.02487	0.02791	0.03816	0.20332	0.20038	0.07092	0.02459	0.01438	0.00426	0.01030	0.09052	0.01018	0.01178
1	0.03048	0.02033	0.03208	0.32456	0.10707	0.02249	0.02666	0.03710	0.02629	0.16052	0.02880	0.03405	0.02047	0.01238	0.01134	0.00366	0.01302	0.01073	0.06289	0.01510
2	0.01753	0.01385	0.02043	0.15843	0.03459	0.01474	0.01774	0.02247	0.02597	0.03484	0.16601	0.23911	0.06765	0.02608	0.01393	0.00434	0.00936	0.09215	0.00983	0.01094
3	0.02463	0.01389	0.01701	0.01507	0.01990	0.01210	0.01171	0.02885	0.03046	0.16498	0.23437	0.08461	0.24983	0.02361	0.01320	0.00375	0.00679	0.02001	0.01242	0.01280
4	0.19482	0.02907	0.05527	0.04028	0.05086	0.02855	0.35628	0.03646	0.02547	0.04112	0.02163	0.02814	0.01634	0.01006	0.01203	0.00384	0.01686	0.01180	0.00622	0.01489
5	0.03427	0.03382	0.16148	0.07989	0.04488	0.02590	0.09255	0.09115	0.09918	0.16869	0.03231	0.03314	0.02242	0.01278	0.01184	0.00373	0.01387	0.01117	0.00924	0.01769
6	0.01691	0.01333	0.01616	0.01553	0.01949	0.01124	0.01124	0.02027	0.02460	0.03388	0.10897	0.30427	0.14147	0.02669	0.01292	0.00370	0.00695	0.02354	0.00999	0.17884
7	0.24824	0.03019	0.07359	0.02941	0.10989	0.10199	0.02135	0.03436	0.02470	0.04168	0.06421	0.02994	0.02443	0.01309	0.01196	0.00355	0.05749	0.00937	0.05670	0.01387
8	0.21399	0.03410	0.19355	0.02339	0.03464	0.02291	0.02454	0.04380	0.02663	0.23119	0.02929	0.02882	0.01960	0.01228	0.01024	0.00363	0.01210	0.00916	0.00922	0.01693
9	0.03237	0.02398	0.03339	0.02798	0.03032	0.03082	0.02328	0.03542	0.02182	0.15722	0.02320	0.02911	0.01877	0.01881	0.03131	0.00470	0.42486	0.01057	0.00750	0.01455
10	0.02783	0.10333	0.36240	0.03265	0.04708	0.07365	0.07809	0.07372	0.02792	0.03829	0.02103	0.02463	0.01546	0.01115	0.01098	0.00352	0.01695	0.00892	0.00565	0.01674
11	0.39205	0.12293	0.02939	0.15809	0.03871	0.02952	0.01898	0.03314	0.02136	0.04201	0.01735	0.02199	0.01376	0.01086	0.00839	0.00348	0.01129	0.00733	0.00628	0.01309
12	0.03346	0.01749	0.02258	0.01785	0.02519	0.01472	0.01427	0.03845	0.03079	0.24620	0.18895	0.05074	0.05174	0.01590	0.01155	0.00313	0.00815	0.01344	0.01194	0.18346
13	0.01737	0.01412	0.01627	0.01417	0.01935	0.01169	0.01085	0.02176	0.02810	0.03834	0.22851	0.08055	0.24615	0.02210	0.01241	0.00326	0.00646	0.01876	0.01048	0.17929
14	0.02020	0.01010	0.01515	0.01515	0.01515	0.01010	0.01010	0.01515	0.01515	0.02020	0.02020	0.03535	0.02020	0.04040	0.04545	0.66162	0.01010	0.01010	0.00505	0.00505
15	0.03041	0.02006	0.02610	0.16068	0.04014	0.02200	0.01997	0.04514	0.18037	0.14925	0.08108	0.04326	0.03493	0.01489	0.01153	0.00370	0.01026	0.01257	0.07783	0.01584
16	0.02610	0.01411	0.01938	0.01973	0.02348	0.01322	0.01604	0.03028	0.02717	0.16081	0.05824	0.23703	0.05991	0.02877	0.01458	0.00472	0.00936	0.21269	0.01169	0.01270

[dist]
# distance from previous block
# <min> <max>
0	11

[block]
# block no. 1 follows, 10 sequences, length 16
# corresponding to MSA columns:
# 606-621
name=unknown_B
#
# <colnr> <probs for GDERKNQSTAVLIFYWHMCP>
#	G	D	E	R	K	N	Q	S	T	A	V	L	I	F	Y	W	H	M	C	P
0	0.22804	0.02056	0.02419	0.01916	0.02765	0.01964	0.01582	0.05031	0.02947	0.39242	0.03748	0.03373	0.02421	0.01338	0.01042	0.00360	0.00964	0.01017	0.01236	0.01776
1	0.51728	0.02320	0.02156	0.01897	0.02443	0.02839	0.01569	0.03269	0.01932	0.04635	0.01597	0.02047	0.01324	0.01310	0.01466	0.00396	0.14417	0.00723	0.00669	0.01263
2	0.02543	0.03630	0.17371	0.14173	0.06189	0.02816	0.28864	0.03574	0.02597	0.03574	0.02235	0.02966	0.01654	0.01045	0.01269	0.00386	0.01825	0.01185	0.00551	0.01553
3	0.03618	0.45887	0.05276	0.02009	0.02981	0.03905	0.01922	0.04009	0.02596	0.14770	0.02333	0.02370	0.01827	0.01102	0.00848	0.00276	0.01183	0.00754	0.00724	0.01610
4	0.15436	0.01957	0.02585	0.15986	0.07254	0.02070	0.01992	0.03918	0.02624	0.19620	0.03089	0.03339	0.02181	0.01259	0.01023	0.00351	0.01068	0.01010	0.11727	0.01510
5	0.02046	0.01461	0.01756	0.01501	0.02039	0.01226	0.01159	0.02515	0.02920	0.07894	0.25621	0.07437	0.18402	0.02082	0.01233	0.00326	0.00669	0.01778	0.01099	0.16834
6	0.01603	0.01156	0.01516	0.01493	0.01728	0.01069	0.01094	0.02087	0.03092	0.04346	0.42840	0.18012	0.10358	0.02615	0.01393	0.00386	0.00572	0.02329	0.01243	0.01069
7	0.02364	0.02171	0.03282	0.43328	0.06809	0.02658	0.02895	0.03745	0.13758	0.03428	0.02710	0.03399	0.02032	0.01263	0.01168	0.00389	0.01399	0.01101	0.00677	0.01424
8	0.02507	0.01379	0.01830	0.01609	0.02034	0.01245	0.01245	0.03032	0.03301	0.16233	0.40012	0.07548	0.09023	0.02152	0.01323	0.00364	0.00655	0.01878	0.01319	0.01310
9	0.02599	0.01552	0.01991	0.01795	0.02019	0.01636	0.01299	0.12714	0.02468	0.03300	0.02206	0.03356	0.02010	0.03403	0.03731	0.50303	0.01075	0.01019	0.00664	0.00860
10	0.03280	0.17057	0.14973	0.08014	0.08094	0.03094	0.02711	0.08292	0.07587	0.11925	0.02723	0.02878	0.02003	0.01208	0.01052	0.00339	0.01319	0.00948	0.00791	0.01713
11	0.01670	0.01256	0.01559	0.01548	0.01817	0.01201	0.01134	0.02342	0.06891	0.04129	0.32822	0.20287	0.13611	0.02666	0.01383	0.00396	0.00614	0.02356	0.01205	0.01112
12	0.02739	0.09977	0.03177	0.02522	0.07314	0.02250	0.06219	0.06909	0.02691	0.07411	0.03036	0.03617	0.02436	0.02629	0.11027	0.00600	0.01440	0.01077	0.21535	0.01393
13	0.02305	0.01929	0.02172	0.09394	0.03026	0.06494	0.01547	0.02596	0.02288	0.03173	0.02917	0.12056	0.02837	0.02038	0.01710	0.12660	0.01041	0.01272	0.07165	0.21378
14	0.02655	0.25231	0.07489	0.07366	0.03433	0.07212	0.02169	0.03363	0.05779	0.03055	0.02666	0.03852	0.02430	0.02749	0.11045	0.00618	0.01686	0.05190	0.00637	0.01376
15	0.02976	0.10226	0.03267	0.10665	0.08301	0.02536	0.01981	0.11064	0.02874	0.08442	0.02770	0.03954	0.02436	0.15133	0.02222	0.00512	0.01222	0.01118	0.00785	0.07516

[dist]
# distance from previous block
# <min> <max>
2	63

[block]
# block no. 2 follows, 10 sequences, length 46
# corresponding to MSA columns:
# 688-733
name=unknown_C
#
# <colnr> <probs for GDERKNQSTAVLIFYWHMCP>
#	G	D	E	R	K	N	Q	S	T	A	V	L	I	F	Y	W	H	M	C	P
0	0.12165	0.07653	0.11120	0.06645	0.03318	0.02177	0.01992	0.03094	0.02427	0.03957	0.06741	0.03118	0.02559	0.01161	0.00941	0.00287	0.01047	0.00902	0.06648	0.22048
1	0.08699	0.02615	0.02595	0.07253	0.03311	0.11081	0.01784	0.07464	0.02927	0.12930	0.03170	0.11160	0.02768	0.01541	0.01088	0.00326	0.01177	0.01243	0.00899	0.15965
2	0.01492	0.01102	0.01404	0.01560	0.01739	0.01014	0.01118	0.01805	0.02539	0.03363	0.15780	0.37043	0.15674	0.03248	0.01455	0.00444	0.00670	0.06441	0.01117	0.00991
3	0.01507	0.01078	0.01295	0.01429	0.01522	0.01015	0.00918	0.01652	0.02103	0.02744	0.06258	0.33409	0.13085	0.23023	0.03025	0.00690	0.00821	0.02610	0.00948	0.00866
4	0.09008	0.08287	0.11689	0.09064	0.16674	0.03089	0.07131	0.13463	0.03142	0.04523	0.02210	0.02661	0.01698	0.01134	0.01094	0.00351	0.01424	0.00970	0.00696	0.01692
5	0.02553	0.13354	0.19397	0.02689	0.03749	0.02671	0.06868	0.06956	0.02828	0.03899	0.07380	0.04647	0.03261	0.01517	0.01153	0.00356	0.01339	0.07516	0.00737	0.07132
6	0.03288	0.03240	0.15091	0.12954	0.08521	0.02568	0.02823	0.13690	0.03353	0.13414	0.06940	0.03497	0.02706	0.01346	0.01167	0.00364	0.01327	0.01112	0.00895	0.01702
7	0.02412	0.02067	0.02412	0.01723	0.02756	0.01550	0.01378	0.02929	0.02412	0.03790	0.02067	0.02412	0.01723	0.00861	0.00861	0.00172	0.00861	0.00689	0.00689	0.66236
8	0.01564	0.01130	0.01537	0.01622	0.01772	0.01140	0.01156	0.01892	0.02334	0.03236	0.15957	0.26983	0.06831	0.09585	0.16740	0.00896	0.01370	0.02300	0.00967	0.00987
9	0.02022	0.01831	0.03010	0.44089	0.06595	0.02217	0.02749	0.02669	0.02303	0.02971	0.03039	0.15467	0.02925	0.01718	0.01235	0.00407	0.01354	0.01542	0.00643	0.01214
10	0.02919	0.03276	0.18663	0.02464	0.03422	0.02262	0.02469	0.04504	0.16986	0.13604	0.08369	0.08801	0.03812	0.01655	0.01200	0.00383	0.01134	0.01389	0.01011	0.01680
11	0.01614	0.01165	0.01605	0.01665	0.01790	0.01260	0.01186	0.01880	0.01905	0.02651	0.03988	0.17356	0.04304	0.20002	0.30680	0.01374	0.02080	0.01817	0.00745	0.00935
12	0.02991	0.02818	0.10811	0.08026	0.08207	0.02312	0.06566	0.04258	0.12121	0.12875	0.07331	0.03796	0.03053	0.01331	0.01163	0.00352	0.01211	0.01174	0.00909	0.08694
13	0.67341	0.02249	0.01709	0.01529	0.02249	0.02609	0.01260	0.03419	0.01979	0.05218	0.01619	0.01889	0.01260	0.01080	0.00720	0.00360	0.00900	0.00630	0.00720	0.01260
14	0.02545	0.02545	0.03562	0.03053	0.03053	0.03562	0.02545	0.02799	0.01781	0.02799	0.01527	0.02545	0.01527	0.02036	0.03817	0.00509	0.56997	0.01018	0.00509	0.01272
15	0.02865	0.02532	0.03534	0.19218	0.17561	0.02852	0.02745	0.09379	0.18426	0.04320	0.03063	0.03415	0.02337	0.01293	0.01167	0.00374	0.01266	0.01129	0.00827	0.01699
16	0.33088	0.02822	0.10257	0.02276	0.03243	0.02388	0.06207	0.04152	0.02522	0.18870	0.02636	0.02704	0.01818	0.01180	0.00972	0.00364	0.01150	0.00894	0.00886	0.01571
17	0.03109	0.59826	0.06095	0.01990	0.02985	0.04602	0.01990	0.03483	0.02363	0.02736	0.01617	0.01866	0.01493	0.00995	0.00746	0.00249	0.01244	0.00622	0.00498	0.01493
18	0.01567	0.01186	0.01446	0.01381	0.01689	0.01064	0.01035	0.02042	0.03106	0.04223	0.39821	0.09413	0.22685	0.02542	0.01373	0.00374	0.00560	0.02205	0.01222	0.01064
19	0.01417	0.01012	0.01350	0.01619	0.01687	0.00945	0.01080	0.01619	0.02227	0.02969	0.06410	0.58367	0.07692	0.03644	0.01484	0.00472	0.00675	0.03306	0.01080	0.00945
20	0.03109	0.59826	0.06095	0.01990	0.02985	0.04602	0.01990	0.03483	0.02363	0.02736	0.01617	0.01866	0.01493	0.00995	0.00746	0.00249	0.01244	0.00622	0.00498	0.01493
21	0.01499	0.01075	0.01423	0.01563	0.01705	0.00999	0.01086	0.01826	0.02609	0.03576	0.22482	0.40563	0.08868	0.03190	0.01444	0.00434	0.00630	0.02875	0.01152	0.00999
22	0.03688	0.01898	0.02184	0.01785	0.02417	0.01897	0.01439	0.14662	0.03459	0.20478	0.03804	0.03840	0.02705	0.01392	0.01012	0.00318	0.00864	0.01102	0.29468	0.01587
23	0.02020	0.01010	0.01515	0.01515	0.01515	0.01010	0.01010	0.01515	0.01515	0.02020	0.02020	0.03535	0.02020	0.04040	0.04545	0.66162	0.01010	0.01010	0.00505	0.00505
24	0.04421	0.03258	0.03490	0.02676	0.03607	0.03607	0.02211	0.47993	0.05468	0.07330	0.02792	0.02792	0.01978	0.01396	0.01163	0.00349	0.01280	0.01047	0.01163	0.01978
25	0.02772	0.02712	0.04502	0.12261	0.13757	0.03128	0.12903	0.07331	0.02582	0.03638	0.02035	0.02847	0.01685	0.01420	0.02121	0.00419	0.20666	0.01106	0.00601	0.01514
26	0.12622	0.02216	0.02227	0.01983	0.02589	0.02513	0.01558	0.08963	0.27739	0.05035	0.03868	0.03821	0.02927	0.01435	0.01029	0.00357	0.00867	0.01134	0.15521	0.01597
27	0.03074	0.18178	0.04767	0.15033	0.04844	0.15447	0.11008	0.03624	0.02592	0.03008	0.01891	0.02499	0.01561	0.01173	0.01311	0.00343	0.06772	0.00922	0.00544	0.01408
28	0.01771	0.01093	0.01463	0.01564	0.01620	0.01078	0.01071	0.01723	0.01900	0.02519	0.04090	0.18398	0.04616	0.19300	0.03802	0.23271	0.00977	0.08223	0.00775	0.00745
29	0.01452	0.01039	0.01381	0.01596	0.01695	0.00968	0.01082	0.01706	0.02388	0.03225	0.13192	0.50855	0.08189	0.03452	0.01467	0.00456	0.00656	0.03124	0.01110	0.00968
30	0.01417	0.01012	0.01350	0.01619	0.01687	0.00945	0.01080	0.01619	0.02227	0.02969	0.06410	0.58367	0.07692	0.03644	0.01484	0.00472	0.00675	0.03306	0.01080	0.00945
31	0.03934	0.03016	0.03216	0.02577	0.03421	0.03379	0.02093	0.34660	0.19595	0.06544	0.03411	0.03286	0.02479	0.01454	0.01170	0.00364	0.01165	0.01133	0.01170	0.01934
32	0.04944	0.02419	0.02971	0.02278	0.03188	0.02362	0.01882	0.20233	0.04065	0.37072	0.03970	0.03557	0.02569	0.01425	0.01167	0.00356	0.01090	0.01127	0.01345	0.01979
33	0.04421	0.03258	0.03490	0.02676	0.03607	0.03607	0.02211	0.47993	0.05468	0.07330	0.02792	0.02792	0.01978	0.01396	0.01163	0.00349	0.01280	0.01047	0.01163	0.01978
34	0.03128	0.01579	0.02183	0.02115	0.02619	0.01478	0.01812	0.03631	0.02922	0.21928	0.05569	0.09684	0.05263	0.02548	0.01443	0.00470	0.01040	0.27967	0.01209	0.01412
35	0.03109	0.59826	0.06095	0.01990	0.02985	0.04602	0.01990	0.03483	0.02363	0.02736	0.01617	0.01866	0.01493	0.00995	0.00746	0.00249	0.01244	0.00622	0.00498	0.01493
36	0.12597	0.02769	0.04745	0.05790	0.34121	0.02780	0.13083	0.03582	0.02569	0.03998	0.02139	0.02787	0.01737	0.01030	0.01136	0.00358	0.01438	0.01050	0.00600	0.01693
37	0.03124	0.02613	0.02760	0.02414	0.03112	0.03001	0.01897	0.12503	0.43071	0.05238	0.04440	0.04105	0.03313	0.01550	0.01180	0.00388	0.00975	0.01274	0.01180	0.01862
38	0.02445	0.01366	0.01811	0.01599	0.02013	0.01234	0.01234	0.02972	0.03300	0.15407	0.40815	0.07630	0.09163	0.02168	0.01327	0.00364	0.00647	0.01894	0.01316	0.01295
39	0.02196	0.02067	0.03488	0.56331	0.08010	0.02584	0.03230	0.02972	0.02326	0.02972	0.02067	0.03101	0.01550	0.01163	0.01163	0.00388	0.01550	0.01034	0.00517	0.01292
40	0.01417	0.01012	0.01350	0.01619	0.01687	0.00945	0.01080	0.01619	0.02227	0.02969	0.06410	0.58367	0.07692	0.03644	0.01484	0.00472	0.00675	0.03306	0.01080	0.00945
41	0.02020	0.01010	0.01515	0.01515	0.01515	0.01010	0.01010	0.01515	0.01515	0.02020	0.02020	0.03535	0.02020	0.04040	0.04545	0.66162	0.01010	0.01010	0.00505	0.00505
42	0.02139	0.01948	0.02785	0.02509	0.02605	0.02594	0.02043	0.02467	0.01822	0.02753	0.02256	0.03475	0.02161	0.05108	0.27108	0.01134	0.32245	0.01123	0.00561	0.01165
43	0.02223	0.01504	0.01820	0.01771	0.02176	0.01474	0.01383	0.03130	0.10974	0.09465	0.15292	0.16165	0.15756	0.02580	0.01373	0.00421	0.00780	0.09259	0.01175	0.01277
44	0.03259	0.09433	0.09705	0.02905	0.03877	0.03264	0.09171	0.16974	0.19618	0.05018	0.03185	0.03237	0.02376	0.01319	0.01150	0.00363	0.01306	0.01121	0.00934	0.01786
45	0.09465	0.02135	0.09567	0.02175	0.02715	0.01665	0.02085	0.02695	0.02630	0.03840	0.09912	0.09731	0.05742	0.02558	0.01403	0.00472	0.01093	0.27959	0.00965	0.01194

[dist]
# distance from previous block
# <min> <max>
0	35

[block]
# block no. 3 follows, 10 sequences, length 43
# corresponding to MSA columns:
# 769-811
name=unknown_D
#
# <colnr> <probs for GDERKNQSTAVLIFYWHMCP>
#	G	D	E	R	K	N	Q	S	T	A	V	L	I	F	Y	W	H	M	C	P
0	0.17168	0.21606	0.08161	0.02043	0.03012	0.07074	0.01915	0.03659	0.02455	0.07937	0.02023	0.02234	0.01607	0.01052	0.00857	0.00282	0.01181	0.00716	0.00674	0.14344
1	0.02436	0.14462	0.34543	0.02640	0.03945	0.02713	0.03201	0.03455	0.02436	0.03647	0.02344	0.02725	0.01776	0.01135	0.00984	0.00328	0.01402	0.00862	0.13412	0.01553
2	0.02168	0.01084	0.01084	0.01084	0.01355	0.01084	0.00813	0.02710	0.02439	0.04336	0.03794	0.04336	0.02981	0.01355	0.00813	0.00271	0.00542	0.01084	0.65583	0.01084
3	0.01417	0.01012	0.01350	0.01619	0.01687	0.00945	0.01080	0.01619	0.02227	0.02969	0.06410	0.58367	0.07692	0.03644	0.01484	0.00472	0.00675	0.03306	0.01080	0.00945
4	0.02196	0.02067	0.03488	0.56331	0.08010	0.02584	0.03230	0.02972	0.02326	0.02972	0.02067	0.03101	0.01550	0.01163	0.01163	0.00388	0.01550	0.01034	0.00517	0.01292
5	0.02298	0.02594	0.12085	0.02002	0.02745	0.01925	0.01905	0.12291	0.03392	0.04555	0.18127	0.06981	0.20257	0.02096	0.01274	0.00371	0.00953	0.01741	0.01033	0.01375
6	0.01637	0.01105	0.01285	0.01338	0.01352	0.01091	0.00779	0.01677	0.01798	0.02397	0.04210	0.17685	0.04916	0.48114	0.05039	0.00998	0.01038	0.02012	0.00779	0.00752
7	0.03009	0.02485	0.03916	0.03934	0.16090	0.02495	0.11265	0.10587	0.07578	0.08476	0.13419	0.04399	0.04073	0.01454	0.01249	0.00365	0.01227	0.01373	0.00946	0.01657
8	0.02545	0.02545	0.03562	0.03053	0.03053	0.03562	0.02545	0.02799	0.01781	0.02799	0.01527	0.02545	0.01527	0.02036	0.03817	0.00509	0.56997	0.01018	0.00509	0.01272
9	0.02645	0.02526	0.03914	0.02922	0.03905	0.02350	0.16523	0.04030	0.14788	0.04048	0.02851	0.03147	0.02210	0.01086	0.01111	0.00301	0.01234	0.01073	0.00784	0.28555
10	0.03109	0.59826	0.06095	0.01990	0.02985	0.04602	0.01990	0.03483	0.02363	0.02736	0.01617	0.01866	0.01493	0.00995	0.00746	0.00249	0.01244	0.00622	0.00498	0.01493
11	0.01691	0.01128	0.01268	0.01268	0.01268	0.01128	0.00705	0.01691	0.01691	0.02255	0.03665	0.07611	0.04228	0.59126	0.05920	0.01128	0.01128	0.01691	0.00705	0.00705
12	0.01646	0.01189	0.01555	0.01463	0.01738	0.01097	0.01097	0.02195	0.03292	0.04664	0.51257	0.08688	0.10974	0.02378	0.01372	0.00366	0.00549	0.02103	0.01280	0.01097
13	0.02797	0.02413	0.02587	0.02239	0.02971	0.02626	0.01749	0.05535	0.40370	0.04652	0.04204	0.03957	0.03188	0.01436	0.01119	0.00350	0.00909	0.01191	0.01085	0.14622
14	0.04297	0.02308	0.02692	0.02114	0.02901	0.02338	0.01730	0.21862	0.04001	0.25102	0.03719	0.03571	0.02542	0.01406	0.01096	0.00338	0.01016	0.01104	0.14061	0.01801
15	0.02314	0.01302	0.01475	0.01373	0.01812	0.01145	0.01049	0.02685	0.02702	0.13218	0.08143	0.12412	0.27383	0.02362	0.01221	0.00367	0.00666	0.01976	0.15196	0.01199
16	0.03333	0.26055	0.04160	0.12753	0.03856	0.03188	0.02074	0.07742	0.02824	0.12600	0.02602	0.02854	0.01969	0.01187	0.00952	0.00308	0.01183	0.00894	0.07922	0.01542
17	0.01691	0.01128	0.01268	0.01268	0.01268	0.01128	0.00705	0.01691	0.01691	0.02255	0.03665	0.07611	0.04228	0.59126	0.05920	0.01128	0.01128	0.01691	0.00705	0.00705
18	0.03362	0.03427	0.03482	0.02964	0.03297	0.16150	0.02405	0.12225	0.02887	0.03710	0.01845	0.02483	0.01609	0.01702	0.02606	0.00425	0.32370	0.00957	0.00661	0.01431
19	0.02412	0.02067	0.02412	0.01723	0.02756	0.01550	0.01378	0.02929	0.02412	0.03790	0.02067	0.02412	0.01723	0.00861	0.00861	0.00172	0.00861	0.00689	0.00689	0.66236
20	0.02579	0.13361	0.02907	0.01895	0.02476	0.02460	0.01556	0.11841	0.08387	0.04570	0.20008	0.10064	0.09378	0.01974	0.01196	0.00353	0.00885	0.01644	0.01059	0.01408
21	0.03270	0.29809	0.09943	0.02446	0.03362	0.15714	0.02275	0.04312	0.12001	0.03289	0.02330	0.02476	0.01900	0.01170	0.00943	0.00303	0.01432	0.00815	0.00657	0.01553
22	0.03218	0.36022	0.04776	0.02068	0.03059	0.03740	0.01901	0.12196	0.02990	0.03877	0.01948	0.02168	0.01639	0.01046	0.00854	0.00252	0.01168	0.00721	0.00671	0.15686
23	0.02977	0.02649	0.04101	0.21255	0.28916	0.02876	0.03196	0.12204	0.03110	0.04248	0.02271	0.02929	0.01780	0.01146	0.01157	0.00359	0.01413	0.01038	0.00674	0.01701
24	0.01726	0.01366	0.02074	0.13679	0.03285	0.01545	0.01769	0.02169	0.02139	0.02901	0.04084	0.20337	0.04297	0.05163	0.23309	0.01036	0.01906	0.05379	0.00768	0.01070
25	0.01559	0.01149	0.01231	0.01231	0.01394	0.01067	0.00779	0.01682	0.02091	0.02624	0.07043	0.09102	0.23862	0.35743	0.04028	0.00822	0.00903	0.02009	0.00861	0.00820
26	0.02297	0.01316	0.01729	0.01657	0.02016	0.01194	0.01266	0.02720	0.02933	0.13547	0.23716	0.20237	0.11749	0.02620	0.01380	0.00408	0.00717	0.06045	0.01227	0.01223
27	0.04088	0.03092	0.03303	0.02609	0.03480	0.03451	0.02130	0.38889	0.15114	0.06793	0.03215	0.03129	0.02320	0.01436	0.01168	0.00359	0.01202	0.01105	0.01168	0.01948
28	0.67341	0.02249	0.01709	0.01529	0.02249	0.02609	0.01260	0.03419	0.01979	0.05218	0.01619	0.01889	0.01260	0.01080	0.00720	0.00360	0.00900	0.00630	0.00720	0.01260
29	0.03483	0.02353	0.02489	0.02013	0.02670	0.02557	0.01629	0.29145	0.04207	0.06084	0.03209	0.03435	0.02395	0.01379	0.01018	0.00317	0.00973	0.01062	0.27976	0.01606
30	0.02988	0.01458	0.01867	0.01692	0.02190	0.01273	0.01291	0.03317	0.02795	0.23703	0.07044	0.23501	0.17011	0.02545	0.01325	0.00405	0.00784	0.02196	0.01230	0.01385
31	0.03109	0.59826	0.06095	0.01990	0.02985	0.04602	0.01990	0.03483	0.02363	0.02736	0.01617	0.01866	0.01493	0.00995	0.00746	0.00249	0.01244	0.00622	0.00498	0.01493
32	0.67341	0.02249	0.01709	0.01529	0.02249	0.02609	0.01260	0.03419	0.01979	0.05218	0.01619	0.01889	0.01260	0.01080	0.00720	0.00360	0.00900	0.00630	0.00720	0.01260
33	0.02743	0.02625	0.04476	0.16902	0.43165	0.02728	0.03502	0.03451	0.02584	0.03635	0.02164	0.02923	0.01784	0.01061	0.01154	0.00354	0.01415	0.01036	0.00564	0.01733
34	0.01519	0.01130	0.01414	0.01457	0.01688	0.01025	0.01049	0.01906	0.02823	0.03818	0.29034	0.25138	0.17930	0.02897	0.01409	0.00405	0.00597	0.02559	0.01176	0.01025
35	0.02196	0.02067	0.03488	0.56331	0.08010	0.02584	0.03230	0.02972	0.02326	0.02972	0.02067	0.03101	0.01550	0.01163	0.01163	0.00388	0.01550	0.01034	0.00517	0.01292
36	0.01861	0.01168	0.01517	0.01557	0.01749	0.01086	0.01082	0.02160	0.02566	0.07712	0.19534	0.30572	0.07739	0.11661	0.02110	0.00531	0.00734	0.02502	0.01114	0.01044
37	0.02020	0.01010	0.01515	0.01515	0.01515	0.01010	0.01010	0.01515	0.01515	0.02020	0.02020	0.03535	0.02020	0.04040	0.04545	0.66162	0.01010	0.01010	0.00505	0.00505
38	0.04361	0.05045	0.03338	0.02927	0.03598	0.43385	0.02239	0.14083	0.03769	0.03823	0.02014	0.02249	0.01603	0.01242	0.01074	0.00310	0.01919	0.00814	0.00722	0.01485
39	0.01591	0.01162	0.01241	0.01222	0.01564	0.01027	0.00916	0.01990	0.02749	0.03710	0.18792	0.09286	0.32987	0.02506	0.01262	0.00363	0.00571	0.02106	0.13926	0.01027
40	0.02811	0.02303	0.02626	0.01912	0.02925	0.01959	0.01543	0.11873	0.03018	0.04492	0.02211	0.02487	0.01773	0.00967	0.00921	0.00207	0.00944	0.00760	0.00783	0.53482
41	0.03395	0.39098	0.13497	0.02233	0.03334	0.03701	0.02331	0.03951	0.02571	0.12811	0.02288	0.02382	0.01764	0.01102	0.00892	0.00291	0.01275	0.00771	0.00683	0.01628
42	0.16975	0.02636	0.03799	0.02995	0.03648	0.02965	0.13749	0.12037	0.02846	0.04480	0.02456	0.07675	0.02180	0.01573	0.01771	0.00411	0.14351	0.01239	0.00757	0.01457

[dist]
# distance from previous block
# <min> <max>
0	3

[block]
# block no. 4 follows, 10 sequences, length 9
# corresponding to MSA columns:
# 815-823
name=unknown_E
#
# <colnr> <probs for GDERKNQSTAVLIFYWHMCP>
#	G	D	E	R	K	N	Q	S	T	A	V	L	I	F	Y	W	H	M	C	P
0	0.03278	0.02677	0.03606	0.27147	0.10143	0.03069	0.02796	0.23614	0.03793	0.05043	0.02410	0.02939	0.01773	0.01258	0.01162	0.00366	0.01411	0.01040	0.00818	0.01658
1	0.01599	0.01153	0.01513	0.01495	0.01727	0.01066	0.01094	0.02077	0.03074	0.04317	0.42087	0.18846	0.10303	0.02637	0.01395	0.00388	0.00574	0.02349	0.01239	0.01066
2	0.02403	0.01316	0.01755	0.01655	0.02008	0.01191	0.01234	0.02817	0.02957	0.15288	0.25934	0.23611	0.08032	0.02568	0.01361	0.00399	0.00692	0.02274	0.01253	0.01253
3	0.03907	0.22734	0.03840	0.02021	0.02876	0.03010	0.01782	0.12361	0.03262	0.19913	0.03087	0.03046	0.02231	0.01261	0.00969	0.00306	0.01074	0.00940	0.09694	0.01685
4	0.02732	0.01846	0.02201	0.01968	0.02324	0.02017	0.01466	0.12198	0.14521	0.03825	0.02864	0.03587	0.02398	0.02877	0.03004	0.36080	0.01043	0.01095	0.00811	0.01144
5	0.03684	0.01905	0.02820	0.02241	0.02895	0.01817	0.05767	0.04192	0.03117	0.29301	0.17880	0.05146	0.05040	0.01732	0.01500	0.00379	0.06294	0.01449	0.01227	0.01614
6	0.03486	0.33507	0.04524	0.02101	0.02992	0.03578	0.01895	0.04611	0.14544	0.13486	0.03012	0.02919	0.02296	0.01233	0.00943	0.00308	0.01110	0.00909	0.00864	0.01680
7	0.01566	0.01186	0.01443	0.01379	0.01688	0.01063	0.01034	0.02039	0.03103	0.04214	0.39596	0.09428	0.22916	0.02545	0.01373	0.00374	0.00561	0.02207	0.01221	0.01063
8	0.21671	0.02383	0.03088	0.02423	0.03128	0.02548	0.07865	0.03149	0.02173	0.03958	0.01840	0.02388	0.01543	0.01232	0.01619	0.00341	0.14905	0.00845	0.00640	0.22261

[dist]
# distance from previous block
# <min> <max>
0	1

[block]
# block no. 5 follows, 10 sequences, length 30
# corresponding to MSA columns:
# 825-854
name=unknown_F
#
# <colnr> <probs for GDERKNQSTAVLIFYWHMCP>
#	G	D	E	R	K	N	Q	S	T	A	V	L	I	F	Y	W	H	M	C	P
0	0.02691	0.30812	0.31440	0.02704	0.04090	0.03577	0.03234	0.03591	0.02413	0.03247	0.01870	0.02184	0.01482	0.01054	0.00940	0.00313	0.01500	0.00750	0.00494	0.01615
1	0.01798	0.01286	0.01779	0.02002	0.02250	0.01267	0.01694	0.02300	0.02707	0.03574	0.11814	0.17330	0.07333	0.03154	0.01564	0.00508	0.00964	0.34519	0.01098	0.01061
2	0.01612	0.01188	0.01508	0.01428	0.01717	0.01083	0.01071	0.02129	0.03212	0.04474	0.46330	0.09000	0.16020	0.02449	0.01372	0.00369	0.00554	0.02147	0.01255	0.01083
3	0.03117	0.02610	0.02756	0.02412	0.03110	0.02998	0.01895	0.12318	0.43267	0.05227	0.04449	0.04112	0.03319	0.01551	0.01181	0.00388	0.00973	0.01276	0.01181	0.01861
4	0.04426	0.02154	0.02976	0.14628	0.04206	0.02140	0.02120	0.10169	0.03357	0.35752	0.03791	0.03620	0.02464	0.01371	0.01167	0.00365	0.01154	0.01123	0.01194	0.01821
5	0.02999	0.01546	0.01966	0.01693	0.02206	0.01447	0.01327	0.03739	0.07019	0.20599	0.26182	0.06232	0.06707	0.01876	0.01221	0.00355	0.00725	0.01605	0.09106	0.01450
6	0.03208	0.01963	0.02288	0.02031	0.02603	0.02044	0.01572	0.08241	0.19067	0.16718	0.04834	0.16543	0.04149	0.01983	0.01214	0.00389	0.00878	0.01693	0.06968	0.01614
7	0.01686	0.01148	0.01372	0.01372	0.01407	0.01184	0.00833	0.01757	0.01722	0.02331	0.03570	0.07089	0.04002	0.50481	0.14255	0.01255	0.01468	0.01615	0.00691	0.00762
8	0.03591	0.02858	0.03227	0.02636	0.03378	0.07179	0.05988	0.21912	0.13044	0.09231	0.03727	0.11320	0.03138	0.01711	0.01224	0.00377	0.01227	0.01445	0.01079	0.01710
9	0.02878	0.02430	0.03156	0.02420	0.03224	0.02424	0.05792	0.14089	0.03065	0.04425	0.02315	0.02814	0.01890	0.01979	0.06999	0.00456	0.08306	0.00938	0.00769	0.29633
10	0.02995	0.51927	0.12995	0.02185	0.03286	0.04323	0.02329	0.03512	0.02377	0.02875	0.01686	0.01952	0.01490	0.01011	0.00799	0.00266	0.01314	0.00657	0.00497	0.01526
11	0.49946	0.02068	0.01856	0.01647	0.02314	0.02327	0.01344	0.03503	0.02132	0.10772	0.02210	0.02541	0.01704	0.02246	0.08673	0.00581	0.01236	0.00788	0.00795	0.01317
12	0.10159	0.02714	0.03308	0.16526	0.08816	0.03081	0.02446	0.22858	0.09413	0.05389	0.02666	0.02970	0.01972	0.01294	0.01118	0.00365	0.01274	0.01031	0.00903	0.01700
13	0.02196	0.01849	0.02816	0.30373	0.09413	0.02140	0.02431	0.03055	0.06386	0.03428	0.03224	0.11501	0.02881	0.01583	0.01154	0.00378	0.01189	0.01400	0.11303	0.01302
14	0.03220	0.01519	0.02040	0.01759	0.02284	0.01350	0.01370	0.03673	0.03152	0.26020	0.23674	0.13852	0.06850	0.02141	0.01297	0.00379	0.00766	0.01860	0.01322	0.01472
15	0.02176	0.01297	0.01688	0.01529	0.01862	0.01191	0.01140	0.02644	0.03104	0.11420	0.38648	0.07863	0.08969	0.09107	0.01892	0.00457	0.00683	0.01916	0.01234	0.01179
16	0.04180	0.01749	0.02366	0.01893	0.02611	0.01531	0.01531	0.04658	0.03318	0.38717	0.18157	0.05334	0.05233	0.01712	0.01228	0.00362	0.00861	0.01441	0.01393	0.01723
17	0.67341	0.02249	0.01709	0.01529	0.02249	0.02609	0.01260	0.03419	0.01979	0.05218	0.01619	0.01889	0.01260	0.01080	0.00720	0.00360	0.00900	0.00630	0.00720	0.01260
18	0.03273	0.02687	0.02844	0.02444	0.03169	0.03070	0.01933	0.16569	0.38763	0.05478	0.04251	0.03955	0.03160	0.01533	0.01178	0.00383	0.01010	0.01248	0.01178	0.01875
19	0.01730	0.01339	0.01879	0.01988	0.02132	0.01488	0.01551	0.02076	0.02198	0.03011	0.04937	0.26769	0.05504	0.04602	0.14974	0.00840	0.08197	0.12850	0.00895	0.01040
20	0.02603	0.02483	0.04224	0.26974	0.34186	0.02691	0.03433	0.03328	0.02518	0.03466	0.02139	0.02968	0.01725	0.01087	0.01156	0.00362	0.01450	0.01035	0.00552	0.01620
21	0.67341	0.02249	0.01709	0.01529	0.02249	0.02609	0.01260	0.03419	0.01979	0.05218	0.01619	0.01889	0.01260	0.01080	0.00720	0.00360	0.00900	0.00630	0.00720	0.01260
22	0.02731	0.02475	0.03847	0.13892	0.31364	0.02574	0.02954	0.08567	0.02936	0.03993	0.03649	0.04125	0.09085	0.01381	0.01188	0.00360	0.01281	0.01245	0.00711	0.01641
23	0.02870	0.01290	0.01456	0.01311	0.01726	0.01228	0.01019	0.03391	0.02644	0.15459	0.03977	0.04249	0.02958	0.01374	0.00895	0.00291	0.00645	0.01104	0.50823	0.01290
24	0.02325	0.02244	0.03516	0.36647	0.06179	0.02945	0.02977	0.02908	0.02124	0.02908	0.01868	0.02895	0.01542	0.01485	0.02143	0.00432	0.22036	0.01028	0.00514	0.01285
25	0.02125	0.01575	0.01887	0.01725	0.01859	0.01766	0.01195	0.07473	0.02178	0.02984	0.03234	0.06075	0.03480	0.39708	0.10198	0.01034	0.08329	0.01482	0.00727	0.00965
26	0.01661	0.01246	0.01869	0.01869	0.02077	0.01454	0.01454	0.02077	0.01869	0.02700	0.03115	0.04569	0.02908	0.08723	0.54517	0.01869	0.03115	0.01246	0.00623	0.01038
27	0.10785	0.03402	0.15307	0.08198	0.11548	0.02731	0.10572	0.07261	0.06907	0.08319	0.02583	0.02937	0.01895	0.01167	0.01133	0.00370	0.01434	0.01040	0.00740	0.01671
28	0.01933	0.01466	0.01802	0.01821	0.02140	0.01562	0.01415	0.02951	0.12354	0.03657	0.09278	0.14686	0.09279	0.03954	0.13569	0.00755	0.01322	0.08543	0.06310	0.01202
29	0.02593	0.12536	0.18138	0.07731	0.11076	0.02904	0.02883	0.04017	0.13420	0.03849	0.07021	0.03467	0.02862	0.01305	0.01101	0.00353	0.01291	0.01078	0.00736	0.01638

[dist]
# distance from previous block
# <min> <max>
1	74

[block]
# block no. 6 follows, 10 sequences, length 15
# corresponding to MSA columns:
# 929-943
name=unknown_G
#
# <colnr> <probs for GDERKNQSTAVLIFYWHMCP>
#	G	D	E	R	K	N	Q	S	T	A	V	L	I	F	Y	W	H	M	C	P
0	0.02852	0.02229	0.08040	0.01934	0.02514	0.01832	0.01647	0.10648	0.03065	0.12804	0.13830	0.05767	0.04745	0.19860	0.02709	0.00603	0.01073	0.01480	0.01014	0.01354
1	0.14309	0.02498	0.03644	0.16010	0.25208	0.02680	0.02812	0.07500	0.02768	0.08419	0.02324	0.02840	0.01779	0.01138	0.01081	0.00359	0.01291	0.00977	0.00715	0.01645
2	0.01544	0.01066	0.01312	0.01457	0.01493	0.01029	0.00906	0.01653	0.01979	0.02638	0.05137	0.34835	0.06086	0.29367	0.03541	0.00776	0.00885	0.02558	0.00906	0.00833
3	0.02567	0.22217	0.38948	0.02916	0.04417	0.03273	0.03603	0.03623	0.02428	0.03398	0.01946	0.02278	0.01479	0.01072	0.00997	0.00332	0.01576	0.00788	0.00493	0.01651
4	0.01661	0.01246	0.01869	0.01869	0.02077	0.01454	0.01454	0.02077	0.01869	0.02700	0.03115	0.04569	0.02908	0.08723	0.54517	0.01869	0.03115	0.01246	0.00623	0.01038
5	0.02170	0.07113	0.06943	0.02081	0.02645	0.01940	0.04831	0.08270	0.02983	0.03993	0.14536	0.21673	0.11457	0.02371	0.01301	0.00391	0.00949	0.02082	0.00994	0.01274
6	0.04023	0.02342	0.02860	0.02352	0.03056	0.02517	0.01907	0.09293	0.18805	0.26140	0.04076	0.03796	0.02845	0.01559	0.01518	0.00390	0.08286	0.01187	0.01208	0.01841
7	0.02566	0.02818	0.05818	0.04294	0.05198	0.02785	0.36712	0.03367	0.02567	0.03524	0.02724	0.09486	0.02425	0.01419	0.01685	0.00416	0.08547	0.01554	0.00636	0.01460
8	0.01452	0.01097	0.01343	0.01460	0.01664	0.00987	0.01027	0.01753	0.02570	0.03371	0.17271	0.34454	0.20971	0.03180	0.01429	0.00427	0.00624	0.02811	0.01121	0.00987
9	0.03062	0.52444	0.06195	0.02369	0.03388	0.04386	0.07935	0.03514	0.02413	0.02865	0.01713	0.02031	0.01528	0.00993	0.00828	0.00267	0.01337	0.00720	0.00509	0.01502
10	0.01579	0.01186	0.01462	0.01393	0.01696	0.01069	0.01045	0.02065	0.03134	0.04289	0.41527	0.09305	0.20938	0.02518	0.01372	0.00372	0.00559	0.02190	0.01231	0.01069
11	0.02655	0.02594	0.04594	0.21884	0.33167	0.02729	0.08591	0.03405	0.02561	0.03538	0.02170	0.02976	0.01744	0.01068	0.01181	0.00364	0.01500	0.01075	0.00559	0.01643
12	0.04200	0.11906	0.03624	0.02878	0.03524	0.48613	0.02217	0.04508	0.03187	0.02834	0.01777	0.02070	0.01497	0.01175	0.01013	0.00294	0.01997	0.00734	0.00587	0.01365
13	0.03071	0.02205	0.03334	0.18074	0.08837	0.02359	0.06201	0.04292	0.12746	0.14410	0.03699	0.04709	0.02912	0.01525	0.01237	0.00397	0.01258	0.06193	0.00936	0.01604
14	0.02592	0.02404	0.03661	0.29692	0.11516	0.02988	0.02975	0.07260	0.02504	0.03436	0.01993	0.02882	0.01620	0.01424	0.01935	0.00414	0.17671	0.01031	0.00583	0.01419

[dist]
# distance from previous block
# <min> <max>
0	4

[block]
# block no. 7 follows, 10 sequences, length 15
# corresponding to MSA columns:
# 948-962
name=unknown_H
#
# <colnr> <probs for GDERKNQSTAVLIFYWHMCP>
#	G	D	E	R	K	N	Q	S	T	A	V	L	I	F	Y	W	H	M	C	P
0	0.24066	0.02196	0.02418	0.01902	0.02770	0.02140	0.01563	0.08444	0.02960	0.25939	0.03097	0.02960	0.02108	0.01232	0.00980	0.00329	0.00968	0.00914	0.01071	0.11944
1	0.07943	0.02391	0.02943	0.17405	0.04370	0.02695	0.02236	0.21634	0.03779	0.05246	0.09755	0.04516	0.03490	0.01599	0.01196	0.00379	0.01204	0.04732	0.00958	0.01529
2	0.67341	0.02249	0.01709	0.01529	0.02249	0.02609	0.01260	0.03419	0.01979	0.05218	0.01619	0.01889	0.01260	0.01080	0.00720	0.00360	0.00900	0.00630	0.00720	0.01260
3	0.02869	0.02567	0.04011	0.26251	0.25828	0.02836	0.03198	0.10983	0.03004	0.04073	0.02243	0.02953	0.01748	0.01149	0.01158	0.00363	0.01432	0.01037	0.00653	0.01643
4	0.02761	0.02643	0.04508	0.15615	0.44313	0.02732	0.03511	0.03466	0.02593	0.03657	0.02167	0.02917	0.01792	0.01058	0.01153	0.00353	0.01411	0.01036	0.00566	0.01747
5	0.01490	0.01183	0.01339	0.01300	0.01642	0.01031	0.00975	0.01893	0.02924	0.03791	0.28622	0.10124	0.34154	0.02703	0.01373	0.00381	0.00572	0.02305	0.01165	0.01031
6	0.02893	0.02498	0.02630	0.02367	0.03024	0.02893	0.01841	0.06180	0.49770	0.04865	0.04734	0.04339	0.03550	0.01578	0.01183	0.00394	0.00920	0.01315	0.01183	0.01841
7	0.56273	0.12171	0.02465	0.01609	0.02376	0.02952	0.01385	0.03430	0.02045	0.04791	0.01619	0.01885	0.01300	0.01065	0.00724	0.00341	0.00959	0.00628	0.00681	0.01300
8	0.01562	0.01117	0.01510	0.01741	0.01884	0.01065	0.01292	0.01890	0.02459	0.03284	0.11106	0.41113	0.07776	0.03395	0.01505	0.00478	0.00766	0.13962	0.01099	0.00994
9	0.03265	0.10458	0.03961	0.02685	0.03472	0.02396	0.13156	0.07130	0.03015	0.16933	0.07864	0.13151	0.03869	0.01719	0.01231	0.00371	0.01199	0.01582	0.00993	0.01551
10	0.02091	0.01713	0.02566	0.02178	0.02551	0.01757	0.08938	0.02906	0.10389	0.03327	0.10293	0.05814	0.04358	0.21681	0.08741	0.05865	0.01350	0.01532	0.00826	0.01122
11	0.02204	0.01486	0.02134	0.02534	0.09196	0.01425	0.01671	0.02626	0.02649	0.08718	0.12846	0.20961	0.06358	0.07321	0.01782	0.00494	0.00923	0.12403	0.01046	0.01220
12	0.02269	0.01915	0.02259	0.01708	0.02602	0.01463	0.01335	0.02740	0.02385	0.03672	0.02692	0.10465	0.02582	0.01262	0.00951	0.00215	0.00834	0.01066	0.00745	0.56840
13	0.25002	0.02119	0.02339	0.02309	0.06957	0.02315	0.01626	0.10823	0.02693	0.08475	0.02662	0.03578	0.02273	0.10796	0.10650	0.00720	0.01422	0.01040	0.00823	0.01379
14	0.12112	0.31351	0.08388	0.02190	0.03011	0.03638	0.02110	0.03567	0.06433	0.03424	0.02283	0.03109	0.02059	0.01356	0.01205	0.00338	0.07112	0.04228	0.00636	0.01451

[dist]
# distance from previous block
# <min> <max>
0	4

[block]
# block no. 8 follows, 10 sequences, length 16
# corresponding to MSA columns:
# 967-982
name=unknown_I
#
# <colnr> <probs for GDERKNQSTAVLIFYWHMCP>
#	G	D	E	R	K	N	Q	S	T	A	V	L	I	F	Y	W	H	M	C	P
0	0.16644	0.03299	0.09345	0.09553	0.04558	0.07002	0.13220	0.10843	0.06717	0.04535	0.02349	0.02753	0.01755	0.01168	0.01106	0.00368	0.01481	0.01012	0.00736	0.01556
1	0.02656	0.02353	0.03761	0.14255	0.21435	0.02473	0.06487	0.09116	0.02933	0.03982	0.03241	0.10565	0.03076	0.01675	0.01269	0.00396	0.01328	0.06699	0.00765	0.01536
2	0.01507	0.01092	0.01502	0.01658	0.01787	0.01087	0.01172	0.01807	0.02285	0.03134	0.11692	0.38758	0.06991	0.04689	0.14170	0.00792	0.01242	0.02650	0.00997	0.00988
3	0.01469	0.01077	0.01379	0.01525	0.01685	0.00987	0.01060	0.01769	0.02546	0.03414	0.18289	0.40058	0.13974	0.03240	0.01443	0.00436	0.00633	0.02899	0.01130	0.00987
4	0.01538	0.01185	0.01405	0.01350	0.01671	0.01051	0.01012	0.01986	0.03037	0.04058	0.35552	0.09684	0.27057	0.02604	0.01373	0.00377	0.00565	0.02243	0.01201	0.01051
5	0.03175	0.02435	0.02638	0.02331	0.03018	0.02749	0.01825	0.06118	0.44132	0.10670	0.04716	0.04293	0.03469	0.01561	0.01182	0.00390	0.00929	0.01297	0.01215	0.01858
6	0.04421	0.03258	0.03490	0.02676	0.03607	0.03607	0.02211	0.47993	0.05468	0.07330	0.02792	0.02792	0.01978	0.01396	0.01163	0.00349	0.01280	0.01047	0.01163	0.01978
7	0.04672	0.04207	0.03072	0.02649	0.03361	0.34684	0.02046	0.05028	0.03308	0.21525	0.02844	0.02795	0.02016	0.01289	0.01094	0.00322	0.01682	0.00907	0.00914	0.01585
8	0.03109	0.59826	0.06095	0.01990	0.02985	0.04602	0.01990	0.03483	0.02363	0.02736	0.01617	0.01866	0.01493	0.00995	0.00746	0.00249	0.01244	0.00622	0.00498	0.01493
9	0.04421	0.03258	0.03490	0.02676	0.03607	0.03607	0.02211	0.47993	0.05468	0.07330	0.02792	0.02792	0.01978	0.01396	0.01163	0.00349	0.01280	0.01047	0.01163	0.01978
10	0.02196	0.02067	0.03488	0.56331	0.08010	0.02584	0.03230	0.02972	0.02326	0.02972	0.02067	0.03101	0.01550	0.01163	0.01163	0.00388	0.01550	0.01034	0.00517	0.01292
11	0.01448	0.01142	0.01306	0.01347	0.01637	0.01000	0.00979	0.01780	0.02702	0.03457	0.19756	0.21570	0.31797	0.02975	0.01399	0.00405	0.00600	0.02570	0.01127	0.01000
12	0.02196	0.02067	0.03488	0.56331	0.08010	0.02584	0.03230	0.02972	0.02326	0.02972	0.02067	0.03101	0.01550	0.01163	0.01163	0.00388	0.01550	0.01034	0.00517	0.01292
13	0.01554	0.01203	0.01651	0.08947	0.02537	0.01195	0.01350	0.01900	0.02461	0.03260	0.13611	0.37253	0.12689	0.03022	0.01410	0.00434	0.00763	0.02704	0.01035	0.01020
14	0.01665	0.01233	0.01802	0.01802	0.01987	0.01418	0.01371	0.02034	0.01849	0.02651	0.03176	0.04907	0.03054	0.14317	0.49123	0.01787	0.02895	0.01296	0.00632	0.01001
15	0.02884	0.38222	0.04956	0.02674	0.09465	0.03738	0.02083	0.03684	0.08432	0.03367	0.07769	0.03093	0.02883	0.01232	0.00927	0.00293	0.01142	0.00934	0.00683	0.01538

[dist]
# distance from previous block
# <min> <max>
3	27

[block]
# block no. 9 follows, 10 sequences, length 34
# corresponding to MSA columns:
# 1012-1028,1031-1047
name=unknown_J
#
# <colnr> <probs for GDERKNQSTAVLIFYWHMCP>
#	G	D	E	R	K	N	Q	S	T	A	V	L	I	F	Y	W	H	M	C	P
0	0.02574	0.02863	0.06152	0.04479	0.05513	0.02684	0.41648	0.03454	0.02678	0.03628	0.02876	0.10253	0.02528	0.01324	0.01387	0.00402	0.01795	0.01622	0.00652	0.01488
1	0.01375	0.01178	0.01178	0.01178	0.01571	0.00982	0.00884	0.01669	0.02651	0.03142	0.11782	0.11193	0.51399	0.02946	0.01375	0.00393	0.00589	0.02455	0.01080	0.00982
2	0.02943	0.02360	0.04111	0.28771	0.16550	0.02525	0.09444	0.03674	0.02629	0.11774	0.02567	0.03204	0.01873	0.01156	0.01192	0.00374	0.01476	0.01106	0.00698	0.01571
3	0.11237	0.02171	0.02703	0.02094	0.02980	0.02043	0.01730	0.10899	0.03471	0.42158	0.04064	0.03604	0.02603	0.01398	0.01124	0.00358	0.01018	0.01101	0.01333	0.01908
4	0.03877	0.02987	0.03184	0.02566	0.03399	0.03352	0.02079	0.33093	0.21256	0.06452	0.03484	0.03344	0.02538	0.01461	0.01171	0.00365	0.01152	0.01143	0.01171	0.01929
5	0.01609	0.01093	0.01293	0.01374	0.01394	0.01073	0.00817	0.01670	0.01852	0.02469	0.04488	0.22842	0.05268	0.42477	0.04589	0.00931	0.00992	0.02176	0.00817	0.00777
6	0.04421	0.03258	0.03490	0.02676	0.03607	0.03607	0.02211	0.47993	0.05468	0.07330	0.02792	0.02792	0.01978	0.01396	0.01163	0.00349	0.01280	0.01047	0.01163	0.01978
7	0.03032	0.03587	0.15038	0.02440	0.03581	0.06491	0.02357	0.14181	0.03234	0.04549	0.02227	0.02490	0.01706	0.01077	0.01008	0.00273	0.01268	0.00822	0.00749	0.29891
8	0.13141	0.16543	0.08726	0.08243	0.03494	0.02947	0.02081	0.07405	0.06637	0.07698	0.02585	0.03269	0.02140	0.08648	0.01601	0.00438	0.01215	0.00972	0.00751	0.01465
9	0.38472	0.02494	0.08372	0.01764	0.02563	0.02225	0.01642	0.03669	0.02322	0.12000	0.02498	0.02692	0.01825	0.01184	0.00853	0.00346	0.00957	0.00818	0.11906	0.01397
10	0.02987	0.25881	0.22084	0.02953	0.04219	0.03378	0.10575	0.03809	0.02556	0.08153	0.02198	0.02493	0.01669	0.01074	0.01019	0.00325	0.01505	0.00886	0.00604	0.01631
11	0.01889	0.01481	0.01951	0.07517	0.02365	0.01728	0.01355	0.02051	0.01790	0.02463	0.03080	0.05998	0.03365	0.38797	0.09246	0.01006	0.10912	0.01467	0.00644	0.00894
12	0.01427	0.01089	0.01311	0.01448	0.01652	0.00974	0.01013	0.01698	0.02489	0.03211	0.13090	0.36526	0.23354	0.03264	0.01434	0.00433	0.00631	0.02879	0.01101	0.00974
13	0.01575	0.01273	0.01415	0.01405	0.01751	0.01169	0.01042	0.02176	0.06816	0.03628	0.19805	0.16087	0.32089	0.02783	0.01372	0.00397	0.00619	0.02383	0.01136	0.01079
14	0.02493	0.01397	0.01431	0.01313	0.01679	0.01448	0.01014	0.09235	0.02876	0.04767	0.03650	0.04114	0.02836	0.01361	0.00864	0.00282	0.00648	0.01079	0.56301	0.01213
15	0.67341	0.02249	0.01709	0.01529	0.02249	0.02609	0.01260	0.03419	0.01979	0.05218	0.01619	0.01889	0.01260	0.01080	0.00720	0.00360	0.00900	0.00630	0.00720	0.01260
16	0.04421	0.03258	0.03490	0.02676	0.03607	0.03607	0.02211	0.47993	0.05468	0.07330	0.02792	0.02792	0.01978	0.01396	0.01163	0.00349	0.01280	0.01047	0.01163	0.01978
17	0.02692	0.30936	0.31331	0.02701	0.04085	0.03581	0.03229	0.03590	0.02413	0.03245	0.01869	0.02182	0.01482	0.01054	0.00939	0.00313	0.01499	0.00749	0.00494	0.01614
18	0.03032	0.45138	0.05811	0.02452	0.03435	0.04168	0.08552	0.03824	0.07810	0.03121	0.02077	0.02330	0.01766	0.01059	0.00886	0.00286	0.01310	0.00809	0.00589	0.01543
19	0.40825	0.03217	0.15376	0.02029	0.03057	0.02481	0.02078	0.03418	0.02167	0.04607	0.01807	0.02114	0.01383	0.01055	0.00842	0.00335	0.01110	0.00699	0.00655	0.10743
20	0.02467	0.10204	0.02915	0.02575	0.08552	0.06192	0.01739	0.02465	0.01983	0.02551	0.02055	0.03144	0.01946	0.03380	0.08917	0.30993	0.05423	0.00964	0.00534	0.01002
21	0.01620	0.01169	0.01531	0.01481	0.01732	0.01080	0.01095	0.02129	0.03171	0.04471	0.46157	0.14338	0.10601	0.02522	0.01385	0.00378	0.00563	0.02240	0.01257	0.01080
22	0.01669	0.01216	0.01714	0.01714	0.01868	0.01370	0.01261	0.01977	0.01823	0.02585	0.03257	0.05353	0.03248	0.21718	0.41988	0.01678	0.02603	0.01361	0.00644	0.00952
