[name]
unknown

[dist]
# distance from previous block
# <min> <max>
5	6

[block]
# block no. 0 follows, 13 sequences, length 19
# corresponding to MSA columns:
# 6-24
name=unknown_A
#
# <colnr> <probs for GDERKNQSTAVLIFYWHMCP>
#	G	D	E	R	K	N	Q	S	T	A	V	L	I	F	Y	W	H	M	C	P
0	0.19257	0.02279	0.02514	0.01972	0.02763	0.02369	0.01628	0.22074	0.03460	0.26819	0.02966	0.02787	0.01986	0.01220	0.00969	0.00324	0.00978	0.00912	0.01069	0.01651
1	0.70310	0.02045	0.01554	0.01390	0.02045	0.02372	0.01145	0.03108	0.01799	0.04744	0.01472	0.01718	0.01145	0.00981	0.00654	0.00327	0.00818	0.00573	0.00654	0.01145
2	0.01510	0.01133	0.01699	0.01699	0.01888	0.01322	0.01322	0.01888	0.01699	0.02454	0.02832	0.04154	0.02643	0.07930	0.58652	0.01699	0.02832	0.01133	0.00566	0.00944
3	0.02827	0.63478	0.05540	0.01809	0.02714	0.04184	0.01809	0.03166	0.02148	0.02488	0.01470	0.01696	0.01357	0.00905	0.00678	0.00226	0.01131	0.00565	0.00452	0.01357
4	0.01997	0.01879	0.03171	0.60301	0.07282	0.02349	0.02936	0.02701	0.02114	0.02701	0.01879	0.02819	0.01409	0.01057	0.01057	0.00352	0.01409	0.00940	0.00470	0.01175
5	0.02313	0.02313	0.03238	0.02776	0.02776	0.03238	0.02313	0.02545	0.01619	0.02545	0.01388	0.02313	0.01388	0.01851	0.03470	0.00463	0.60907	0.00925	0.00463	0.01157
6	0.01250	0.01071	0.01071	0.01071	0.01428	0.00893	0.00803	0.01517	0.02410	0.02856	0.10711	0.10175	0.55817	0.02678	0.01250	0.00357	0.00536	0.02231	0.00982	0.00893
7	0.02630	0.02271	0.02391	0.02152	0.02749	0.02630	0.01674	0.05618	0.54336	0.04423	0.04303	0.03945	0.03228	0.01434	0.01076	0.00359	0.00837	0.01195	0.01076	0.01674
8	0.01297	0.01073	0.01136	0.01121	0.01457	0.00913	0.00840	0.01609	0.02521	0.03120	0.19293	0.09741	0.47070	0.02579	0.01249	0.00352	0.00529	0.02171	0.01017	0.00913
9	0.01538	0.01025	0.01153	0.01153	0.01153	0.01025	0.00641	0.01538	0.01538	0.02050	0.03331	0.06919	0.03844	0.62842	0.05382	0.01025	0.01025	0.01538	0.00641	0.00641
10	0.04019	0.02962	0.03173	0.02433	0.03279	0.03279	0.02010	0.52721	0.04971	0.06663	0.02538	0.02538	0.01798	0.01269	0.01058	0.00317	0.01163	0.00952	0.01058	0.01798
11	0.02192	0.01879	0.02192	0.01566	0.02506	0.01409	0.01253	0.02662	0.02192	0.03445	0.01879	0.02192	0.01566	0.00783	0.00783	0.00157	0.00783	0.00626	0.00626	0.69305
12	0.02197	0.11703	0.51794	0.02884	0.04376	0.02641	0.03681	0.03329	0.02223	0.03256	0.01851	0.02175	0.01341	0.00994	0.00969	0.00323	0.01516	0.00758	0.00447	0.01540
13	0.70310	0.02045	0.01554	0.01390	0.02045	0.02372	0.01145	0.03108	0.01799	0.04744	0.01472	0.01718	0.01145	0.00981	0.00654	0.00327	0.00818	0.00573	0.00654	0.01145
14	0.01997	0.01879	0.03171	0.60301	0.07282	0.02349	0.02936	0.02701	0.02114	0.02701	0.01879	0.02819	0.01409	0.01057	0.01057	0.00352	0.01409	0.00940	0.00470	0.01175
15	0.01288	0.00920	0.01227	0.01472	0.01534	0.00859	0.00981	0.01472	0.02024	0.02699	0.05828	0.62152	0.06993	0.03312	0.01350	0.00429	0.00613	0.03006	0.00981	0.00859
16	0.01522	0.01085	0.01458	0.01458	0.01564	0.01191	0.01021	0.01733	0.01628	0.02276	0.03053	0.05375	0.03173	0.32179	0.35128	0.01402	0.02034	0.01312	0.00599	0.00810
17	0.02496	0.02852	0.06239	0.04456	0.05526	0.02674	0.52406	0.03387	0.02496	0.03387	0.02139	0.02852	0.01604	0.00891	0.01248	0.00357	0.01783	0.01248	0.00535	0.01426
18	0.01496	0.01081	0.01413	0.01330	0.01580	0.00998	0.00998	0.01995	0.02993	0.04240	0.55689	0.07898	0.09976	0.02162	0.01247	0.00333	0.00499	0.01912	0.01164	0.00998

[dist]
# distance from previous block
# <min> <max>
0	42

[block]
# block no. 1 follows, 13 sequences, length 101
# corresponding to MSA columns:
# 67-167
name=unknown_B
#
# <colnr> <probs for GDERKNQSTAVLIFYWHMCP>
#	G	D	E	R	K	N	Q	S	T	A	V	L	I	F	Y	W	H	M	C	P
0	0.02121	0.05469	0.57364	0.03014	0.04576	0.02455	0.03906	0.03348	0.02232	0.03348	0.01897	0.02232	0.01339	0.01005	0.01005	0.00335	0.01563	0.00781	0.00446	0.01563
1	0.01510	0.01133	0.01699	0.01699	0.01888	0.01322	0.01322	0.01888	0.01699	0.02454	0.02832	0.04154	0.02643	0.07930	0.58652	0.01699	0.02832	0.01133	0.00566	0.00944
2	0.04744	0.01799	0.02454	0.01881	0.02699	0.01554	0.01554	0.05153	0.03026	0.56979	0.04171	0.03599	0.02617	0.01309	0.01063	0.00327	0.00900	0.01063	0.01309	0.01799
3	0.01538	0.01025	0.01153	0.01153	0.01153	0.01025	0.00641	0.01538	0.01538	0.02050	0.03331	0.06919	0.03844	0.62842	0.05382	0.01025	0.01025	0.01538	0.00641	0.00641
4	0.02617	0.02512	0.04292	0.06490	0.56246	0.02512	0.03245	0.03245	0.02407	0.03454	0.01989	0.02617	0.01675	0.00942	0.01047	0.00314	0.01256	0.00942	0.00523	0.01675
5	0.04744	0.01799	0.02454	0.01881	0.02699	0.01554	0.01554	0.05153	0.03026	0.56979	0.04171	0.03599	0.02617	0.01309	0.01063	0.00327	0.00900	0.01063	0.01309	0.01799
6	0.02254	0.01266	0.01553	0.01373	0.01815	0.01103	0.01068	0.02639	0.02772	0.17580	0.24434	0.07662	0.26070	0.02140	0.01200	0.00341	0.00619	0.01814	0.01130	0.01167
7	0.02457	0.02349	0.04003	0.20355	0.43630	0.02470	0.03165	0.03105	0.02332	0.03260	0.01961	0.02669	0.01606	0.00972	0.01049	0.00324	0.01296	0.00941	0.00510	0.01546
8	0.03632	0.02715	0.03037	0.02428	0.03192	0.07026	0.05551	0.23645	0.18346	0.14233	0.03226	0.03098	0.02300	0.01281	0.01070	0.00330	0.01128	0.01041	0.01028	0.01691
9	0.03261	0.02041	0.02224	0.01844	0.02416	0.07301	0.01463	0.12110	0.03349	0.22062	0.23899	0.04937	0.05244	0.01615	0.01124	0.00322	0.00888	0.01340	0.01132	0.01427
10	0.70310	0.02045	0.01554	0.01390	0.02045	0.02372	0.01145	0.03108	0.01799	0.04744	0.01472	0.01718	0.01145	0.00981	0.00654	0.00327	0.00818	0.00573	0.00654	0.01145
11	0.01390	0.01056	0.01286	0.01320	0.01567	0.00952	0.00984	0.01750	0.02568	0.03402	0.27362	0.19786	0.23997	0.02616	0.01284	0.00371	0.00569	0.05752	0.01054	0.00934
12	0.02765	0.02555	0.02453	0.02210	0.02803	0.08363	0.01711	0.05475	0.49077	0.04235	0.04030	0.03736	0.03036	0.01399	0.01063	0.00350	0.00946	0.01143	0.01021	0.01628
13	0.03991	0.02796	0.03045	0.02358	0.03183	0.03061	0.01940	0.44608	0.08330	0.11499	0.02828	0.02745	0.01982	0.01285	0.01060	0.00321	0.01114	0.00981	0.01084	0.01789
14	0.01294	0.01073	0.01132	0.01117	0.01455	0.00911	0.00838	0.01602	0.02514	0.03102	0.18714	0.09770	0.47661	0.02586	0.01249	0.00353	0.00529	0.02175	0.01014	0.00911
15	0.31926	0.01901	0.02081	0.01678	0.02428	0.01893	0.01384	0.04305	0.02518	0.35324	0.03052	0.02819	0.02007	0.01173	0.00894	0.00327	0.00866	0.00860	0.01037	0.01528
16	0.01478	0.01080	0.01388	0.01311	0.01568	0.00990	0.00983	0.01960	0.02950	0.04138	0.52374	0.08066	0.13354	0.02200	0.01247	0.00334	0.00502	0.01936	0.01150	0.00990
17	0.02060	0.01944	0.03286	0.54788	0.12298	0.02366	0.02968	0.02757	0.02144	0.02779	0.01890	0.02798	0.01437	0.01045	0.01056	0.00348	0.01394	0.00940	0.00475	0.01226
18	0.70310	0.02045	0.01554	0.01390	0.02045	0.02372	0.01145	0.03108	0.01799	0.04744	0.01472	0.01718	0.01145	0.00981	0.00654	0.00327	0.00818	0.00573	0.00654	0.01145
19	0.02997	0.02361	0.03776	0.05239	0.41405	0.02353	0.02788	0.03820	0.07675	0.13074	0.02607	0.02923	0.01997	0.01056	0.01053	0.00321	0.01151	0.00989	0.00718	0.01697
20	0.02827	0.63478	0.05540	0.01809	0.02714	0.04184	0.01809	0.03166	0.02148	0.02488	0.01470	0.01696	0.01357	0.00905	0.00678	0.00226	0.01131	0.00565	0.00452	0.01357
21	0.03658	0.02614	0.02788	0.02178	0.02918	0.02875	0.01786	0.43869	0.04486	0.06184	0.02699	0.02786	0.01959	0.01263	0.01002	0.00305	0.01045	0.00958	0.12973	0.01655
22	0.01533	0.01073	0.01380	0.01304	0.01553	0.00997	0.00978	0.02031	0.02933	0.04217	0.51649	0.07592	0.09414	0.02090	0.01208	0.00326	0.00498	0.01840	0.06387	0.00997
23	0.01950	0.01088	0.01289	0.01210	0.01499	0.01032	0.00918	0.02439	0.02635	0.07885	0.27758	0.05754	0.06077	0.01669	0.00998	0.00292	0.00525	0.01421	0.32510	0.01050
24	0.01851	0.01125	0.01381	0.01292	0.01466	0.01069	0.00864	0.02074	0.02218	0.08471	0.22405	0.06934	0.05942	0.34533	0.03440	0.00702	0.00821	0.01625	0.00899	0.00889
25	0.01496	0.01081	0.01413	0.01330	0.01580	0.00998	0.00998	0.01995	0.02993	0.04240	0.55689	0.07898	0.09976	0.02162	0.01247	0.00333	0.00499	0.01912	0.01164	0.00998
26	0.02770	0.02341	0.02469	0.02180	0.02803	0.02695	0.01707	0.10358	0.49369	0.04648	0.04126	0.03803	0.03084	0.01418	0.01074	0.00354	0.00870	0.01171	0.01074	0.01686
27	0.02496	0.02852	0.06239	0.04456	0.05526	0.02674	0.52406	0.03387	0.02496	0.03387	0.02139	0.02852	0.01604	0.00891	0.01248	0.00357	0.01783	0.01248	0.00535	0.01426
28	0.02555	0.02449	0.04180	0.11834	0.51383	0.02496	0.03214	0.03191	0.02378	0.03379	0.01978	0.02637	0.01648	0.00953	0.01048	0.00318	0.01271	0.00942	0.00518	0.01625
29	0.02617	0.02512	0.04292	0.06490	0.56246	0.02512	0.03245	0.03245	0.02407	0.03454	0.01989	0.02617	0.01675	0.00942	0.01047	0.00314	0.01256	0.00942	0.00523	0.01675
30	0.01473	0.01068	0.01270	0.01219	0.01500	0.00966	0.00915	0.01904	0.02744	0.03807	0.37253	0.08155	0.22567	0.02216	0.01196	0.00331	0.00509	0.01910	0.08031	0.00966
31	0.02412	0.02214	0.03311	0.02378	0.03344	0.01880	0.14492	0.06720	0.02485	0.03679	0.01997	0.02389	0.01594	0.00849	0.00924	0.00221	0.01070	0.00812	0.00636	0.46596
32	0.02827	0.63478	0.05540	0.01809	0.02714	0.04184	0.01809	0.03166	0.02148	0.02488	0.01470	0.01696	0.01357	0.00905	0.00678	0.00226	0.01131	0.00565	0.00452	0.01357
33	0.02502	0.02366	0.03997	0.05961	0.50646	0.02357	0.03015	0.03117	0.02467	0.03535	0.07490	0.03158	0.02525	0.01067	0.01067	0.00316	0.01179	0.01041	0.00589	0.01605
34	0.01330	0.00950	0.01275	0.01520	0.01600	0.00895	0.01054	0.01544	0.02066	0.02746	0.05804	0.57098	0.06902	0.03273	0.01361	0.00435	0.00650	0.07647	0.00981	0.00870
35	0.01435	0.01169	0.01285	0.01283	0.01601	0.01078	0.00950	0.02001	0.07611	0.03228	0.17144	0.16909	0.35370	0.02559	0.01247	0.00364	0.00571	0.02189	0.01023	0.00983
36	0.02827	0.63478	0.05540	0.01809	0.02714	0.04184	0.01809	0.03166	0.02148	0.02488	0.01470	0.01696	0.01357	0.00905	0.00678	0.00226	0.01131	0.00565	0.00452	0.01357
37	0.02664	0.01965	0.02652	0.01917	0.02848	0.01564	0.06545	0.03166	0.02367	0.12677	0.02301	0.02503	0.01751	0.00885	0.00879	0.00207	0.00906	0.00765	0.00735	0.50703
38	0.08586	0.02625	0.02793	0.02241	0.03004	0.02913	0.01823	0.33036	0.17769	0.09584	0.03050	0.02930	0.02191	0.01295	0.01033	0.00330	0.01032	0.00997	0.01051	0.01717
39	0.03644	0.20396	0.03730	0.02174	0.03016	0.03318	0.01880	0.29961	0.07588	0.10438	0.02525	0.02506	0.01859	0.01179	0.00949	0.00295	0.01103	0.00869	0.00909	0.01661
40	0.01475	0.01093	0.01384	0.01349	0.01616	0.01002	0.01036	0.01933	0.02835	0.03891	0.42806	0.08703	0.17478	0.02328	0.01269	0.00353	0.00554	0.06804	0.01113	0.00977
41	0.02630	0.02271	0.02391	0.02152	0.02749	0.02630	0.01674	0.05618	0.54336	0.04423	0.04303	0.03945	0.03228	0.01434	0.01076	0.00359	0.00837	0.01195	0.01076	0.01674
42	0.02390	0.02496	0.03490	0.22207	0.04608	0.08454	0.07470	0.02850	0.02011	0.02685	0.01652	0.02495	0.01414	0.01413	0.02188	0.00396	0.29168	0.00938	0.00480	0.01196
43	0.01468	0.01111	0.01394	0.01552	0.01802	0.01037	0.01255	0.01822	0.02350	0.02971	0.07435	0.20552	0.23705	0.02908	0.01366	0.00431	0.00754	0.24186	0.00978	0.00924
44	0.01608	0.01180	0.01495	0.01449	0.01496	0.01318	0.00975	0.01724	0.01586	0.02199	0.03015	0.05778	0.03303	0.43218	0.18352	0.01136	0.07419	0.01377	0.00605	0.00767
45	0.02756	0.02557	0.04181	0.06087	0.50986	0.02588	0.03122	0.08159	0.02662	0.03773	0.02043	0.02609	0.01687	0.00975	0.01048	0.00314	0.01247	0.00943	0.00576	0.01687
46	0.01275	0.01072	0.01106	0.01098	0.01444	0.00903	0.00823	0.01566	0.02470	0.02998	0.15318	0.09942	0.51121	0.02625	0.01249	0.00355	0.00532	0.02199	0.01000	0.00903
47	0.02630	0.02271	0.02391	0.02152	0.02749	0.02630	0.01674	0.05618	0.54336	0.04423	0.04303	0.03945	0.03228	0.01434	0.01076	0.00359	0.00837	0.01195	0.01076	0.01674
48	0.02831	0.02440	0.04107	0.06026	0.50859	0.02416	0.03075	0.03437	0.02470	0.08840	0.02208	0.02716	0.01770	0.00979	0.01048	0.00315	0.01220	0.00954	0.00602	0.01687
49	0.02160	0.01853	0.01885	0.01775	0.02116	0.07333	0.01334	0.03335	0.18828	0.03325	0.07158	0.04480	0.03402	0.11327	0.17425	0.00793	0.01457	0.01203	0.07637	0.01174
50	0.01443	0.01178	0.01291	0.01274	0.01603	0.01086	0.00949	0.02024	0.07716	0.03284	0.18865	0.14402	0.36047	0.02511	0.01242	0.00360	0.00566	0.02141	0.01029	0.00989
51	0.70310	0.02045	0.01554	0.01390	0.02045	0.02372	0.01145	0.03108	0.01799	0.04744	0.01472	0.01718	0.01145	0.00981	0.00654	0.00327	0.00818	0.00573	0.00654	0.01145
52	0.01600	0.01143	0.01585	0.01829	0.02027	0.01128	0.01523	0.02011	0.02332	0.03048	0.05655	0.24466	0.06312	0.03019	0.01433	0.00472	0.00884	0.37614	0.00976	0.00945
53	0.01557	0.00946	0.01132	0.01281	0.01415	0.00909	0.00886	0.01862	0.02100	0.03188	0.04892	0.39255	0.05308	0.02494	0.01109	0.00357	0.00566	0.02211	0.27623	0.00909
54	0.02926	0.01395	0.01882	0.01650	0.02130	0.01251	0.01313	0.03353	0.02854	0.27180	0.22939	0.11807	0.06044	0.01978	0.01198	0.00356	0.00735	0.06484	0.01190	0.01334
55	0.02630	0.02271	0.02391	0.02152	0.02749	0.02630	0.01674	0.05618	0.54336	0.04423	0.04303	0.03945	0.03228	0.01434	0.01076	0.00359	0.00837	0.01195	0.01076	0.01674
56	0.70310	0.02045	0.01554	0.01390	0.02045	0.02372	0.01145	0.03108	0.01799	0.04744	0.01472	0.01718	0.01145	0.00981	0.00654	0.00327	0.00818	0.00573	0.00654	0.01145
57	0.01981	0.01744	0.02887	0.03755	0.23472	0.01711	0.05706	0.02450	0.02291	0.03138	0.04007	0.24438	0.04333	0.02128	0.01245	0.00390	0.01022	0.11290	0.00768	0.01243
58	0.12238	0.08248	0.02637	0.06039	0.02759	0.02324	0.01628	0.06226	0.02217	0.03439	0.02693	0.07084	0.06037	0.01421	0.01407	0.00311	0.12886	0.01013	0.00653	0.18741
59	0.16849	0.01880	0.02171	0.01659	0.02492	0.01661	0.01354	0.03764	0.02453	0.25478	0.02730	0.02669	0.01909	0.01036	0.00871	0.00260	0.00837	0.00793	0.00909	0.28222
60	0.02827	0.63478	0.05540	0.01809	0.02714	0.04184	0.01809	0.03166	0.02148	0.02488	0.01470	0.01696	0.01357	0.00905	0.00678	0.00226	0.01131	0.00565	0.00452	0.01357
61	0.02927	0.01685	0.01951	0.01653	0.02251	0.01619	0.01314	0.07314	0.12367	0.22314	0.06648	0.06171	0.23595	0.01867	0.01138	0.00344	0.00764	0.01539	0.01119	0.01419
62	0.01997	0.01879	0.03171	0.60301	0.07282	0.02349	0.02936	0.02701	0.02114	0.02701	0.01879	0.02819	0.01409	0.01057	0.01057	0.00352	0.01409	0.00940	0.00470	0.01175
63	0.03961	0.12122	0.03344	0.02312	0.03087	0.16753	0.01905	0.24738	0.03712	0.14302	0.02459	0.02454	0.01776	0.01179	0.00977	0.00295	0.01294	0.00849	0.00889	0.01592
64	0.01339	0.01033	0.01223	0.01263	0.01505	0.00917	0.00914	0.01658	0.02492	0.03257	0.23804	0.23566	0.27856	0.02685	0.01276	0.00369	0.00545	0.02339	0.01040	0.00917
65	0.01517	0.01094	0.01442	0.01391	0.01640	0.01019	0.01068	0.02015	0.02937	0.04133	0.50714	0.08298	0.09590	0.02237	0.01268	0.00348	0.00546	0.06602	0.01145	0.00995
66	0.02477	0.02798	0.05937	0.04287	0.05249	0.02731	0.47366	0.03302	0.02407	0.03302	0.02063	0.02798	0.01583	0.00988	0.01471	0.00367	0.07731	0.01215	0.00528	0.01399
67	0.02576	0.02626	0.04944	0.05809	0.39256	0.02566	0.19713	0.03292	0.02437	0.03432	0.02039	0.02696	0.01651	0.00925	0.01114	0.00328	0.01432	0.01044	0.00527	0.01591
68	0.04558	0.01913	0.02501	0.01938	0.02744	0.01746	0.01594	0.08595	0.06416	0.50040	0.04062	0.03545	0.02597	0.01314	0.01064	0.00328	0.00915	0.01064	0.01276	0.01791
69	0.01997	0.01879	0.03171	0.60301	0.07282	0.02349	0.02936	0.02701	0.02114	0.02701	0.01879	0.02819	0.01409	0.01057	0.01057	0.00352	0.01409	0.00940	0.00470	0.01175
70	0.02823	0.02627	0.04324	0.12050	0.09971	0.02856	0.19198	0.16553	0.02977	0.04062	0.02086	0.02660	0.01604	0.01162	0.01469	0.00356	0.10047	0.01044	0.00656	0.01477
71	0.02367	0.03131	0.15387	0.04205	0.15960	0.02464	0.24593	0.03374	0.06136	0.03430	0.02828	0.03280	0.05573	0.01092	0.01143	0.00343	0.01466	0.01154	0.00585	0.01487
72	0.04744	0.01799	0.02454	0.01881	0.02699	0.01554	0.01554	0.05153	0.03026	0.56979	0.04171	0.03599	0.02617	0.01309	0.01063	0.00327	0.00900	0.01063	0.01309	0.01799
73	0.04744	0.01799	0.02454	0.01881	0.02699	0.01554	0.01554	0.05153	0.03026	0.56979	0.04171	0.03599	0.02617	0.01309	0.01063	0.00327	0.00900	0.01063	0.01309	0.01799
74	0.02309	0.20961	0.43524	0.02692	0.04079	0.02917	0.03346	0.03300	0.02210	0.03119	0.01783	0.02089	0.01344	0.00978	0.00917	0.00306	0.01447	0.00724	0.00448	0.01508
75	0.01538	0.01025	0.01153	0.01153	0.01153	0.01025	0.00641	0.01538	0.01538	0.02050	0.03331	0.06919	0.03844	0.62842	0.05382	0.01025	0.01025	0.01538	0.00641	0.00641
76	0.02088	0.01972	0.03335	0.52421	0.14452	0.02373	0.02982	0.02781	0.02157	0.02812	0.01895	0.02789	0.01448	0.01040	0.01056	0.00347	0.01387	0.00940	0.00478	0.01248
77	0.01906	0.01671	0.02510	0.02113	0.02270	0.01916	0.08712	0.02104	0.01702	0.02391	0.02586	0.04972	0.02795	0.35867	0.04215	0.00762	0.18713	0.01315	0.00573	0.00907
78	0.02574	0.03381	0.16947	0.04453	0.27915	0.06745	0.03023	0.03638	0.09904	0.03439	0.02233	0.02640	0.01774	0.01105	0.01208	0.00333	0.05611	0.00919	0.00582	0.01576
79	0.01520	0.01093	0.01497	0.01497	0.01616	0.01212	0.01070	0.01758	0.01639	0.02305	0.03017	0.05177	0.03088	0.28248	0.38941	0.01450	0.02163	0.01283	0.00594	0.00832
80	0.65241	0.02026	0.01624	0.01428	0.02095	0.02309	0.01177	0.03266	0.01894	0.08783	0.01681	0.01863	0.01259	0.01007	0.00686	0.00327	0.00824	0.00610	0.00705	0.01196
81	0.01510	0.01133	0.01699	0.01699	0.01888	0.01322	0.01322	0.01888	0.01699	0.02454	0.02832	0.04154	0.02643	0.07930	0.58652	0.01699	0.02832	0.01133	0.00566	0.00944
82	0.02173	0.09790	0.53503	0.02924	0.04437	0.02584	0.03750	0.03335	0.02226	0.03284	0.01866	0.02192	0.01341	0.00997	0.00980	0.00327	0.01530	0.00765	0.00447	0.01547
83	0.01440	0.01104	0.01336	0.01351	0.01642	0.01000	0.01062	0.01845	0.02650	0.03477	0.27864	0.09605	0.27350	0.02518	0.01291	0.00373	0.00608	0.11479	0.01054	0.00951
84	0.02192	0.01879	0.02192	0.01566	0.02506	0.01409	0.01253	0.02662	0.02192	0.03445	0.01879	0.02192	0.01566	0.00783	0.00783	0.00157	0.00783	0.00626	0.00626	0.69305
85	0.01496	0.01081	0.01413	0.01330	0.01580	0.00998	0.00998	0.01995	0.02993	0.04240	0.55689	0.07898	0.09976	0.02162	0.01247	0.00333	0.00499	0.01912	0.01164	0.00998
86	0.02776	0.57403	0.05312	0.01905	0.02720	0.04090	0.01859	0.03104	0.02096	0.02493	0.01462	0.01757	0.01360	0.00999	0.00956	0.00250	0.07067	0.00601	0.00453	0.01337
87	0.01509	0.01100	0.01525	0.01496	0.01680	0.01168	0.01116	0.01878	0.02129	0.03023	0.21373	0.05839	0.05369	0.13387	0.31340	0.01130	0.01771	0.01460	0.00785	0.00921
88	0.01288	0.00920	0.01227	0.01472	0.01534	0.00859	0.00981	0.01472	0.02024	0.02699	0.05828	0.62152	0.06993	0.03312	0.01350	0.00429	0.00613	0.03006	0.00981	0.00859
89	0.04639	0.01967	0.02558	0.01961	0.02783	0.01803	0.01620	0.12025	0.03307	0.49710	0.03935	0.03446	0.02499	0.01303	0.01062	0.00326	0.00938	0.01047	0.01272	0.01799
90	0.02892	0.02796	0.03167	0.18678	0.18491	0.16258	0.02449	0.03598	0.06285	0.06986	0.02301	0.02755	0.01782	0.01092	0.01007	0.00313	0.01348	0.00907	0.05502	0.01391
91	0.01728	0.01444	0.02119	0.10711	0.11902	0.01441	0.01641	0.02245	0.02679	0.03678	0.31975	0.06578	0.14005	0.01865	0.01185	0.00336	0.00768	0.01649	0.00925	0.01126
92	0.01361	0.00972	0.01310	0.01555	0.01649	0.00922	0.01108	0.01598	0.02096	0.02781	0.05787	0.53353	0.06834	0.03244	0.01369	0.00439	0.00677	0.11086	0.00980	0.00879
93	0.04744	0.01799	0.02454	0.01881	0.02699	0.01554	0.01554	0.05153	0.03026	0.56979	0.04171	0.03599	0.02617	0.01309	0.01063	0.00327	0.00900	0.01063	0.01309	0.01799
94	0.02827	0.63478	0.05540	0.01809	0.02714	0.04184	0.01809	0.03166	0.02148	0.02488	0.01470	0.01696	0.01357	0.00905	0.00678	0.00226	0.01131	0.00565	0.00452	0.01357
95	0.02368	0.03441	0.21681	0.04453	0.21913	0.02424	0.16647	0.03183	0.02301	0.03286	0.01989	0.02600	0.01559	0.01144	0.01309	0.05276	0.01473	0.00972	0.00497	0.01484
96	0.03483	0.01495	0.01942	0.01595	0.02091	0.01346	0.01195	0.03731	0.02441	0.35373	0.03841	0.04905	0.03100	0.25512	0.02762	0.00602	0.00949	0.01250	0.01046	0.01344
97	0.02496	0.02852	0.06239	0.04456	0.05526	0.02674	0.52406	0.03387	0.02496	0.03387	0.02139	0.02852	0.01604	0.00891	0.01248	0.00357	0.01783	0.01248	0.00535	0.01426
98	0.01496	0.01081	0.01413	0.01330	0.01580	0.00998	0.00998	0.01995	0.02993	0.04240	0.55689	0.07898	0.09976	0.02162	0.01247	0.00333	0.00499	0.01912	0.01164	0.00998
99	0.01591	0.01252	0.01854	0.01808	0.01977	0.01514	0.01421	0.01954	0.01691	0.02464	0.02687	0.03969	0.02517	0.07318	0.53100	0.01575	0.08675	0.01112	0.00556	0.00965
100	0.02630	0.02271	0.02391	0.02152	0.02749	0.02630	0.01674	0.05618	0.54336	0.04423	0.04303	0.03945	0.03228	0.01434	0.01076	0.00359	0.00837	0.01195	0.01076	0.01674

[dist]
# distance from previous block
# <min> <max>
0	37

[block]
# block no. 2 follows, 13 sequences, length 59
# corresponding to MSA columns:
# 205-263
name=unknown_C
#
# <colnr> <probs for GDERKNQSTAVLIFYWHMCP>
#	G	D	E	R	K	N	Q	S	T	A	V	L	I	F	Y	W	H	M	C	P
0	0.02496	0.02852	0.06239	0.04456	0.05526	0.02674	0.52406	0.03387	0.02496	0.03387	0.02139	0.02852	0.01604	0.00891	0.01248	0.00357	0.01783	0.01248	0.00535	0.01426
1	0.02313	0.02313	0.03238	0.02776	0.02776	0.03238	0.02313	0.02545	0.01619	0.02545	0.01388	0.02313	0.01388	0.01851	0.03470	0.00463	0.60907	0.00925	0.00463	0.01157
2	0.04744	0.01799	0.02454	0.01881	0.02699	0.01554	0.01554	0.05153	0.03026	0.56979	0.04171	0.03599	0.02617	0.01309	0.01063	0.00327	0.00900	0.01063	0.01309	0.01799
3	0.01510	0.01133	0.01699	0.01699	0.01888	0.01322	0.01322	0.01888	0.01699	0.02454	0.02832	0.04154	0.02643	0.07930	0.58652	0.01699	0.02832	0.01133	0.00566	0.00944
4	0.01704	0.01217	0.01704	0.01947	0.02191	0.01217	0.01704	0.02191	0.02434	0.03164	0.05598	0.11926	0.06085	0.02921	0.01460	0.00487	0.00974	0.49130	0.00974	0.00974
5	0.01997	0.01879	0.03171	0.60301	0.07282	0.02349	0.02936	0.02701	0.02114	0.02701	0.01879	0.02819	0.01409	0.01057	0.01057	0.00352	0.01409	0.00940	0.00470	0.01175
6	0.02192	0.01879	0.02192	0.01566	0.02506	0.01409	0.01253	0.02662	0.02192	0.03445	0.01879	0.02192	0.01566	0.00783	0.00783	0.00157	0.00783	0.00626	0.00626	0.69305
7	0.01355	0.00968	0.01303	0.01548	0.01639	0.00916	0.01097	0.01587	0.02090	0.02773	0.05791	0.54113	0.06848	0.03250	0.01367	0.00439	0.00671	0.10388	0.00980	0.00877
8	0.36845	0.01920	0.02013	0.01641	0.02379	0.01954	0.01354	0.04152	0.02426	0.31405	0.02850	0.02678	0.01896	0.01148	0.00863	0.00327	0.00860	0.00823	0.00988	0.01479
9	0.02142	0.01328	0.01688	0.01510	0.01889	0.01268	0.01162	0.02903	0.08694	0.12701	0.41742	0.06771	0.08050	0.01944	0.01199	0.00335	0.00600	0.01697	0.01177	0.01201
10	0.01514	0.01136	0.01439	0.01519	0.01797	0.01061	0.01243	0.01941	0.02588	0.03385	0.21442	0.10268	0.21467	0.02633	0.01339	0.00405	0.00712	0.22125	0.01031	0.00957
11	0.02773	0.01792	0.02016	0.01683	0.02212	0.01828	0.01331	0.19529	0.03316	0.09066	0.11394	0.08836	0.03802	0.01539	0.01006	0.00299	0.00784	0.01269	0.19392	0.06134
12	0.01588	0.01241	0.01493	0.01595	0.01915	0.01195	0.01322	0.02185	0.06629	0.03137	0.07645	0.10543	0.26784	0.02698	0.01341	0.00422	0.00778	0.25508	0.00985	0.00996
13	0.01325	0.00949	0.01202	0.01389	0.01464	0.00888	0.00912	0.01486	0.01978	0.02608	0.05824	0.49100	0.10445	0.12789	0.01987	0.00519	0.00673	0.02708	0.00927	0.00827
14	0.01672	0.01152	0.01365	0.01318	0.01667	0.01017	0.01027	0.02048	0.02648	0.07886	0.23710	0.09101	0.31428	0.02427	0.01256	0.00361	0.00603	0.07236	0.01066	0.01011
15	0.45334	0.02130	0.02006	0.01661	0.02382	0.02327	0.01370	0.11201	0.02564	0.16813	0.02245	0.02268	0.01577	0.01099	0.00809	0.00326	0.00889	0.00742	0.00864	0.01393
16	0.01378	0.01087	0.01249	0.01238	0.01546	0.00958	0.00949	0.01749	0.02627	0.03393	0.26918	0.09477	0.34809	0.02507	0.01266	0.00359	0.00558	0.05946	0.01048	0.00938
17	0.02827	0.63478	0.05540	0.01809	0.02714	0.04184	0.01809	0.03166	0.02148	0.02488	0.01470	0.01696	0.01357	0.00905	0.00678	0.00226	0.01131	0.00565	0.00452	0.01357
18	0.02121	0.05469	0.57364	0.03014	0.04576	0.02455	0.03906	0.03348	0.02232	0.03348	0.01897	0.02232	0.01339	0.01005	0.01005	0.00335	0.01563	0.00781	0.00446	0.01563
19	0.02230	0.14468	0.49324	0.02827	0.04287	0.02724	0.03581	0.03320	0.02219	0.03215	0.01831	0.02149	0.01342	0.00989	0.00954	0.00318	0.01496	0.00748	0.00447	0.01531
20	0.02281	0.01926	0.03206	0.50806	0.11056	0.02296	0.02846	0.02954	0.02216	0.07340	0.02082	0.02867	0.01534	0.01069	0.01057	0.00347	0.01353	0.00950	0.00545	0.01270
21	0.70310	0.02045	0.01554	0.01390	0.02045	0.02372	0.01145	0.03108	0.01799	0.04744	0.01472	0.01718	0.01145	0.00981	0.00654	0.00327	0.00818	0.00573	0.00654	0.01145
22	0.02476	0.01870	0.02221	0.01601	0.02527	0.01425	0.01286	0.02939	0.02285	0.09385	0.02134	0.02348	0.01683	0.00841	0.00814	0.00176	0.00796	0.00675	0.00702	0.61816
23	0.03081	0.02739	0.04526	0.03325	0.04232	0.02780	0.27189	0.23697	0.03495	0.04788	0.02415	0.02815	0.01778	0.01076	0.01126	0.00331	0.01417	0.01103	0.06543	0.01542
24	0.01288	0.00920	0.01227	0.01472	0.01534	0.00859	0.00981	0.01472	0.02024	0.02699	0.05828	0.62152	0.06993	0.03312	0.01350	0.00429	0.00613	0.03006	0.00981	0.00859
25	0.01533	0.01045	0.01255	0.01255	0.01290	0.01080	0.00767	0.01603	0.01568	0.02125	0.03239	0.06405	0.03621	0.52626	0.15292	0.01150	0.01361	0.01462	0.00627	0.00697
26	0.02617	0.02512	0.04292	0.06490	0.56246	0.02512	0.03245	0.03245	0.02407	0.03454	0.01989	0.02617	0.01675	0.00942	0.01047	0.00314	0.01256	0.00942	0.00523	0.01675
27	0.02015	0.01689	0.01553	0.01462	0.01757	0.10213	0.01096	0.02476	0.02787	0.03896	0.33137	0.05886	0.06664	0.01743	0.01065	0.00300	0.00723	0.01469	0.19038	0.01031
28	0.02827	0.63478	0.05540	0.01809	0.02714	0.04184	0.01809	0.03166	0.02148	0.02488	0.01470	0.01696	0.01357	0.00905	0.00678	0.00226	0.01131	0.00565	0.00452	0.01357
29	0.02192	0.01879	0.02192	0.01566	0.02506	0.01409	0.01253	0.02662	0.02192	0.03445	0.01879	0.02192	0.01566	0.00783	0.00783	0.00157	0.00783	0.00626	0.00626	0.69305
30	0.04663	0.01928	0.02534	0.01942	0.02763	0.01745	0.01605	0.10430	0.03242	0.51396	0.03990	0.03481	0.02526	0.01304	0.01063	0.00326	0.00929	0.01051	0.01281	0.01799
31	0.70310	0.02045	0.01554	0.01390	0.02045	0.02372	0.01145	0.03108	0.01799	0.04744	0.01472	0.01718	0.01145	0.00981	0.00654	0.00327	0.00818	0.00573	0.00654	0.01145
32	0.01513	0.01124	0.01655	0.01655	0.01828	0.01297	0.01266	0.01859	0.01686	0.02421	0.02873	0.04379	0.02741	0.12405	0.54310	0.01644	0.02685	0.01166	0.00572	0.00919
33	0.01558	0.01088	0.01475	0.01475	0.01612	0.01204	0.01068	0.01832	0.01695	0.02459	0.03034	0.04965	0.03009	0.23836	0.37749	0.01374	0.02091	0.01242	0.06378	0.00857
34	0.01837	0.01160	0.01501	0.01370	0.01691	0.01051	0.01044	0.02307	0.02949	0.09978	0.46307	0.07607	0.12896	0.02109	0.01227	0.00334	0.00546	0.01844	0.01165	0.01078
35	0.70310	0.02045	0.01554	0.01390	0.02045	0.02372	0.01145	0.03108	0.01799	0.04744	0.01472	0.01718	0.01145	0.00981	0.00654	0.00327	0.00818	0.00573	0.00654	0.01145
36	0.01510	0.01133	0.01699	0.01699	0.01888	0.01322	0.01322	0.01888	0.01699	0.02454	0.02832	0.04154	0.02643	0.07930	0.58652	0.01699	0.02832	0.01133	0.00566	0.00944
37	0.02669	0.02493	0.04118	0.10590	0.48357	0.02555	0.03129	0.06832	0.02572	0.03628	0.02020	0.02628	0.01662	0.00975	0.01048	0.00317	0.01262	0.00943	0.00558	0.01643
38	0.04744	0.01799	0.02454	0.01881	0.02699	0.01554	0.01554	0.05153	0.03026	0.56979	0.04171	0.03599	0.02617	0.01309	0.01063	0.00327	0.00900	0.01063	0.01309	0.01799
39	0.02557	0.02129	0.02235	0.02022	0.02581	0.02447	0.01570	0.05268	0.48554	0.04370	0.04209	0.03944	0.03170	0.01412	0.01038	0.00346	0.00799	0.01172	0.08580	0.01597
40	0.04184	0.02269	0.02666	0.02062	0.02847	0.02303	0.01698	0.26864	0.03857	0.29459	0.03360	0.03138	0.02247	0.01284	0.01034	0.00316	0.00988	0.01006	0.06686	0.01732
41	0.03646	0.01556	0.02102	0.01695	0.02321	0.01366	0.01366	0.04085	0.03015	0.39150	0.21587	0.05052	0.05105	0.01597	0.01125	0.00329	0.00764	0.01350	0.01260	0.01528
42	0.70310	0.02045	0.01554	0.01390	0.02045	0.02372	0.01145	0.03108	0.01799	0.04744	0.01472	0.01718	0.01145	0.00981	0.00654	0.00327	0.00818	0.00573	0.00654	0.01145
43	0.02905	0.02024	0.02125	0.01829	0.02346	0.07955	0.01430	0.07679	0.11049	0.16559	0.25463	0.05187	0.05603	0.01659	0.01130	0.00327	0.00855	0.01389	0.01107	0.01379
44	0.02617	0.02512	0.04292	0.06490	0.56246	0.02512	0.03245	0.03245	0.02407	0.03454	0.01989	0.02617	0.01675	0.00942	0.01047	0.00314	0.01256	0.00942	0.00523	0.01675
45	0.02180	0.10358	0.52996	0.02912	0.04419	0.02601	0.03730	0.03333	0.02225	0.03276	0.01861	0.02187	0.01341	0.00996	0.00977	0.00326	0.01526	0.00763	0.00447	0.01545
46	0.02285	0.02143	0.03383	0.02683	0.03341	0.02210	0.18000	0.03928	0.23808	0.04037	0.17272	0.04641	0.04495	0.01451	0.01177	0.00351	0.01055	0.01403	0.00923	0.01413
47	0.02121	0.05469	0.57364	0.03014	0.04576	0.02455	0.03906	0.03348	0.02232	0.03348	0.01897	0.02232	0.01339	0.01005	0.01005	0.00335	0.01563	0.00781	0.00446	0.01563
48	0.04744	0.01799	0.02454	0.01881	0.02699	0.01554	0.01554	0.05153	0.03026	0.56979	0.04171	0.03599	0.02617	0.01309	0.01063	0.00327	0.00900	0.01063	0.01309	0.01799
49	0.01893	0.06829	0.02080	0.01639	0.01985	0.05196	0.01300	0.02479	0.06797	0.03464	0.26087	0.06547	0.18166	0.02017	0.01441	0.00344	0.08098	0.01620	0.00929	0.01091
50	0.03950	0.05039	0.02996	0.02724	0.03269	0.58597	0.02043	0.04222	0.02996	0.02588	0.01634	0.01907	0.01362	0.01090	0.00953	0.00272	0.01907	0.00681	0.00545	0.01226
51	0.01809	0.01101	0.01297	0.01268	0.01352	0.01081	0.00790	0.01877	0.01721	0.06579	0.03559	0.07003	0.03903	0.53631	0.04755	0.00931	0.01011	0.04855	0.00718	0.00758
52	0.01288	0.00920	0.01227	0.01472	0.01534	0.00859	0.00981	0.01472	0.02024	0.02699	0.05828	0.62152	0.06993	0.03312	0.01350	0.00429	0.00613	0.03006	0.00981	0.00859
53	0.02121	0.05469	0.57364	0.03014	0.04576	0.02455	0.03906	0.03348	0.02232	0.03348	0.01897	0.02232	0.01339	0.01005	0.01005	0.00335	0.01563	0.00781	0.00446	0.01563
54	0.02617	0.02512	0.04292	0.06490	0.56246	0.02512	0.03245	0.03245	0.02407	0.03454	0.01989	0.02617	0.01675	0.00942	0.01047	0.00314	0.01256	0.00942	0.00523	0.01675
55	0.02514	0.02408	0.04106	0.15385	0.48152	0.02485	0.03194	0.03155	0.02359	0.03330	0.01971	0.02650	0.01631	0.00961	0.01048	0.00320	0.01281	0.00942	0.00515	0.01592
56	0.01474	0.01045	0.01249	0.01233	0.01373	0.00989	0.00818	0.01708	0.02229	0.03029	0.24585	0.11150	0.12184	0.28904	0.03067	0.00645	0.00741	0.01852	0.00903	0.00821
57	0.02572	0.02467	0.04211	0.10370	0.52716	0.02500	0.03223	0.03206	0.02386	0.03400	0.01981	0.02631	0.01656	0.00950	0.01047	0.00317	0.01267	0.00942	0.00520	0.01639
58	0.28151	0.02277	0.02413	0.08365	0.03143	0.02532	0.01701	0.18315	0.06671	0.13101	0.02449	0.02530	0.01742	0.01158	0.00912	0.00329	0.01000	0.00846	0.00884	0.01481

[dist]
# distance from previous block
# <min> <max>
4	7

[block]
# block no. 3 follows, 13 sequences, length 35
# corresponding to MSA columns:
# 271-305
name=unknown_D
#
# <colnr> <probs for GDERKNQSTAVLIFYWHMCP>
#	G	D	E	R	K	N	Q	S	T	A	V	L	I	F	Y	W	H	M	C	P
0	0.03315	0.20111	0.03647	0.02181	0.02979	0.03369	0.01864	0.26235	0.17049	0.04883	0.02693	0.02664	0.02045	0.01208	0.00954	0.00302	0.01069	0.00905	0.00889	0.01639
1	0.01901	0.01989	0.10690	0.02088	0.02605	0.01535	0.06970	0.02435	0.02167	0.06632	0.10682	0.11085	0.03967	0.08027	0.21379	0.00867	0.01682	0.01441	0.00733	0.01125
2	0.02769	0.27921	0.15548	0.02907	0.09019	0.10694	0.06429	0.03555	0.06250	0.02996	0.01900	0.02192	0.01547	0.00993	0.00896	0.00284	0.01366	0.00766	0.00524	0.01444
3	0.07531	0.09067	0.39890	0.03059	0.04413	0.02618	0.12329	0.03323	0.02240	0.03399	0.01876	0.02265	0.01374	0.00975	0.00997	0.00330	0.01512	0.00834	0.00479	0.01490
4	0.03249	0.01981	0.02310	0.01971	0.02609	0.02083	0.01561	0.05075	0.31023	0.22760	0.09654	0.04239	0.03723	0.01467	0.01089	0.00345	0.00823	0.01225	0.01166	0.01647
5	0.02176	0.01209	0.01493	0.01339	0.01723	0.01088	0.01033	0.02612	0.02771	0.14552	0.28803	0.06862	0.16104	0.01946	0.01133	0.00323	0.00586	0.01661	0.11449	0.01137
6	0.02312	0.02778	0.10270	0.12537	0.05059	0.02475	0.29358	0.03446	0.09277	0.03377	0.02935	0.03418	0.05399	0.01121	0.01170	0.00354	0.01492	0.01209	0.00617	0.01398
7	0.02449	0.01790	0.02030	0.01906	0.02359	0.01946	0.01441	0.04253	0.31881	0.09928	0.04770	0.22318	0.04348	0.02014	0.01161	0.00377	0.00773	0.01753	0.01073	0.01430
8	0.04744	0.01799	0.02454	0.01881	0.02699	0.01554	0.01554	0.05153	0.03026	0.56979	0.04171	0.03599	0.02617	0.01309	0.01063	0.00327	0.00900	0.01063	0.01309	0.01799
9	0.01250	0.01071	0.01071	0.01071	0.01428	0.00893	0.00803	0.01517	0.02410	0.02856	0.10711	0.10175	0.55817	0.02678	0.01250	0.00357	0.00536	0.02231	0.00982	0.00893
10	0.04003	0.02925	0.09210	0.02345	0.03266	0.02702	0.02101	0.33736	0.04112	0.20352	0.02921	0.02800	0.01974	0.01250	0.01053	0.00322	0.01136	0.00963	0.01058	0.01771
11	0.03375	0.01710	0.02052	0.01718	0.02339	0.01664	0.01372	0.04438	0.15893	0.29179	0.04846	0.04497	0.08911	0.01486	0.01038	0.00326	0.00779	0.01219	0.11620	0.01537
12	0.01288	0.00920	0.01227	0.01472	0.01534	0.00859	0.00981	0.01472	0.02024	0.02699	0.05828	0.62152	0.06993	0.03312	0.01350	0.00429	0.00613	0.03006	0.00981	0.00859
13	0.02496	0.02852	0.06239	0.04456	0.05526	0.02674	0.52406	0.03387	0.02496	0.03387	0.02139	0.02852	0.01604	0.00891	0.01248	0.00357	0.01783	0.01248	0.00535	0.01426
14	0.16467	0.09635	0.03068	0.02260	0.02765	0.07120	0.01886	0.14004	0.06729	0.04025	0.01914	0.02272	0.01569	0.01354	0.01690	0.00355	0.20018	0.00823	0.00684	0.01363
15	0.01496	0.01081	0.01413	0.01330	0.01580	0.00998	0.00998	0.01995	0.02993	0.04240	0.55689	0.07898	0.09976	0.02162	0.01247	0.00333	0.00499	0.01912	0.01164	0.00998
16	0.01288	0.00920	0.01227	0.01472	0.01534	0.00859	0.00981	0.01472	0.02024	0.02699	0.05828	0.62152	0.06993	0.03312	0.01350	0.00429	0.00613	0.03006	0.00981	0.00859
17	0.42961	0.02259	0.02122	0.01744	0.02473	0.02502	0.01438	0.16879	0.02836	0.12704	0.02146	0.02209	0.01532	0.01106	0.00822	0.00324	0.00923	0.00745	0.00857	0.01416
18	0.02121	0.05469	0.57364	0.03014	0.04576	0.02455	0.03906	0.03348	0.02232	0.03348	0.01897	0.02232	0.01339	0.01005	0.01005	0.00335	0.01563	0.00781	0.00446	0.01563
19	0.02591	0.44133	0.22822	0.02211	0.03335	0.03607	0.02509	0.03227	0.02176	0.02775	0.01612	0.01875	0.01351	0.00938	0.00787	0.00262	0.01275	0.00637	0.00450	0.01425
20	0.01418	0.00990	0.01241	0.01333	0.01413	0.00945	0.00868	0.01605	0.02062	0.02803	0.15510	0.31790	0.06546	0.23436	0.02707	0.00613	0.00730	0.02272	0.00903	0.00813
21	0.02617	0.02512	0.04292	0.06490	0.56246	0.02512	0.03245	0.03245	0.02407	0.03454	0.01989	0.02617	0.01675	0.00942	0.01047	0.00314	0.01256	0.00942	0.00523	0.01675
22	0.04117	0.01894	0.02427	0.01879	0.02650	0.01729	0.01538	0.11376	0.03238	0.40463	0.09186	0.03799	0.03198	0.01355	0.01062	0.00314	0.00887	0.01105	0.01209	0.06575
23	0.03481	0.02523	0.03101	0.07520	0.11503	0.02737	0.02148	0.26052	0.13331	0.12141	0.02950	0.02977	0.02125	0.01239	0.01060	0.00329	0.01101	0.01010	0.00966	0.01707
24	0.02468	0.34001	0.31875	0.02421	0.03660	0.03305	0.02875	0.03259	0.02191	0.02925	0.01687	0.01969	0.01348	0.00955	0.00844	0.00281	0.01350	0.00675	0.00449	0.01461
25	0.01300	0.00987	0.01199	0.01328	0.01505	0.00886	0.00926	0.01547	0.02259	0.02927	0.13127	0.39304	0.22932	0.02977	0.01306	0.00395	0.00575	0.02633	0.01003	0.00886
26	0.02121	0.05469	0.57364	0.03014	0.04576	0.02455	0.03906	0.03348	0.02232	0.03348	0.01897	0.02232	0.01339	0.01005	0.01005	0.00335	0.01563	0.00781	0.00446	0.01563
27	0.01496	0.01081	0.01413	0.01330	0.01580	0.00998	0.00998	0.01995	0.02993	0.04240	0.55689	0.07898	0.09976	0.02162	0.01247	0.00333	0.00499	0.01912	0.01164	0.00998
28	0.56455	0.01993	0.01744	0.01494	0.02183	0.02199	0.01231	0.03540	0.02059	0.15782	0.02043	0.02115	0.01456	0.01051	0.00741	0.00327	0.00835	0.00676	0.00793	0.01283
29	0.01420	0.01062	0.01318	0.01288	0.01541	0.00960	0.00953	0.01834	0.02762	0.03771	0.40468	0.14101	0.19839	0.02397	0.01258	0.00348	0.00519	0.02098	0.01104	0.00960
30	0.02454	0.01293	0.01720	0.01493	0.01910	0.01162	0.01162	0.02926	0.03003	0.19793	0.40495	0.06630	0.07806	0.01910	0.01193	0.00331	0.00617	0.01662	0.01207	0.01234
31	0.02455	0.02550	0.09124	0.26361	0.04892	0.02562	0.02489	0.09096	0.21528	0.03822	0.02837	0.03134	0.02107	0.01211	0.01058	0.00349	0.01192	0.01016	0.00751	0.01467
32	0.03454	0.06073	0.02631	0.08660	0.03148	0.05740	0.01747	0.04283	0.10503	0.27546	0.07771	0.04262	0.03236	0.01441	0.01075	0.00336	0.01005	0.04538	0.01034	0.01518
33	0.16291	0.24780	0.08096	0.08916	0.03622	0.03194	0.07306	0.10195	0.02519	0.03717	0.01772	0.02111	0.01408	0.00996	0.00855	0.00296	0.01206	0.00753	0.00589	0.01379
34	0.03293	0.14726	0.06884	0.02235	0.02968	0.24731	0.01896	0.06847	0.02694	0.07169	0.01926	0.02199	0.01549	0.01231	0.01137	0.05417	0.01389	0.00725	0.00619	0.10365

[dist]
# distance from previous block
# <min> <max>
0	5

[block]
# block no. 4 follows, 13 sequences, length 22
# corresponding to MSA columns:
# 311-332
name=unknown_E
#
# <colnr> <probs for GDERKNQSTAVLIFYWHMCP>
#	G	D	E	R	K	N	Q	S	T	A	V	L	I	F	Y	W	H	M	C	P
0	0.17132	0.02144	0.02662	0.18745	0.08155	0.02280	0.01991	0.11082	0.02562	0.04046	0.01909	0.02359	0.01478	0.00996	0.00899	0.00288	0.01069	0.00783	0.00651	0.18770
1	0.03744	0.03027	0.06407	0.06579	0.03382	0.13827	0.02016	0.19503	0.03514	0.18622	0.06483	0.03075	0.02451	0.01273	0.01048	0.00316	0.01242	0.00983	0.00944	0.01563
2	0.01538	0.01025	0.01153	0.01153	0.01153	0.01025	0.00641	0.01538	0.01538	0.02050	0.03331	0.06919	0.03844	0.62842	0.05382	0.01025	0.01025	0.01538	0.00641	0.00641
3	0.02098	0.01961	0.03197	0.51291	0.10804	0.02385	0.02858	0.02982	0.06389	0.02901	0.02085	0.02894	0.01579	0.01079	0.01058	0.00350	0.01351	0.00961	0.00523	0.01255
4	0.01624	0.01244	0.01514	0.01478	0.01753	0.01232	0.01093	0.02454	0.11233	0.03861	0.33938	0.18611	0.11259	0.02313	0.01240	0.00358	0.00581	0.02041	0.01100	0.01074
5	0.01283	0.00940	0.01207	0.01421	0.01520	0.00863	0.00959	0.01478	0.02074	0.02719	0.06457	0.55453	0.13285	0.03231	0.01337	0.00420	0.00603	0.02906	0.00982	0.00863
6	0.08114	0.02543	0.02718	0.02111	0.02934	0.02674	0.01720	0.30936	0.10364	0.05454	0.02527	0.02575	0.01877	0.01151	0.00964	0.00284	0.01004	0.00876	0.00926	0.18248
7	0.02397	0.03082	0.16217	0.02134	0.02854	0.10236	0.02044	0.07192	0.09449	0.03962	0.19317	0.04342	0.04449	0.01475	0.01067	0.00320	0.01074	0.01205	0.05859	0.01325
8	0.07282	0.08913	0.30261	0.02587	0.03768	0.02840	0.02863	0.17973	0.06189	0.04413	0.02171	0.02350	0.01578	0.01099	0.00975	0.00322	0.01317	0.00826	0.00679	0.01595
9	0.02430	0.04483	0.42596	0.02830	0.04161	0.02239	0.06538	0.03473	0.02411	0.10254	0.06471	0.02896	0.02205	0.01128	0.01047	0.00335	0.01408	0.00937	0.00619	0.01539
10	0.01389	0.01065	0.01272	0.01244	0.01520	0.00948	0.00924	0.01779	0.02705	0.03612	0.35280	0.12752	0.26803	0.02439	0.01256	0.00349	0.00521	0.02112	0.01083	0.00948
11	0.02758	0.21596	0.33348	0.02479	0.03729	0.02805	0.02913	0.03594	0.02339	0.11956	0.02150	0.02303	0.01555	0.01026	0.00920	0.00302	0.01329	0.00766	0.00591	0.01542
12	0.02567	0.19523	0.24539	0.02542	0.03444	0.03052	0.02732	0.03223	0.02105	0.07163	0.01826	0.02222	0.01459	0.01235	0.01601	0.00341	0.17701	0.00787	0.00521	0.01416
13	0.02037	0.01864	0.02538	0.02239	0.02253	0.02475	0.01769	0.02212	0.01602	0.02398	0.02041	0.03751	0.02174	0.19601	0.07885	0.00709	0.39823	0.01114	0.00520	0.00995
14	0.01323	0.00947	0.01258	0.01449	0.01541	0.00882	0.00984	0.01559	0.02184	0.02954	0.14061	0.53193	0.07486	0.03122	0.01333	0.00413	0.00594	0.02825	0.01012	0.00882
15	0.02327	0.01940	0.02079	0.01867	0.02390	0.02139	0.01450	0.07738	0.34375	0.04296	0.13115	0.05480	0.12845	0.01739	0.01129	0.00351	0.00758	0.01459	0.01073	0.01450
16	0.03757	0.01662	0.02155	0.01743	0.02405	0.01486	0.01404	0.07211	0.02988	0.38983	0.08424	0.09420	0.10193	0.01700	0.01122	0.00339	0.00820	0.01419	0.01215	0.01554
17	0.01259	0.01034	0.01109	0.01170	0.01454	0.00884	0.00847	0.01506	0.02315	0.02817	0.09507	0.22990	0.43780	0.02834	0.01274	0.00375	0.00555	0.02422	0.00982	0.00884
18	0.04139	0.02770	0.03054	0.02342	0.03183	0.02994	0.01934	0.44866	0.04650	0.14972	0.02808	0.02714	0.01933	0.01276	0.01059	0.00319	0.01120	0.00970	0.01099	0.01798
19	0.02121	0.05469	0.57364	0.03014	0.04576	0.02455	0.03906	0.03348	0.02232	0.03348	0.01897	0.02232	0.01339	0.01005	0.01005	0.00335	0.01563	0.00781	0.00446	0.01563
20	0.01997	0.01879	0.03171	0.60301	0.07282	0.02349	0.02936	0.02701	0.02114	0.02701	0.01879	0.02819	0.01409	0.01057	0.01057	0.00352	0.01409	0.00940	0.00470	0.01175
21	0.02566	0.53173	0.04802	0.01687	0.02501	0.03640	0.01643	0.02894	0.02192	0.02548	0.02996	0.03096	0.10350	0.01197	0.00773	0.00248	0.01032	0.00840	0.00540	0.01280

[dist]
# distance from previous block
# <min> <max>
0	0

# created by:
# /st0/software/busco_prod/Augustus/scripts/msa2prfl.pl ./align_prep/4797.fa
