[name]
unknown

[dist]
# distance from previous block
# <min> <max>
0	99

[block]
# block no. 0 follows, 15 sequences, length 13
# corresponding to MSA columns:
# 99-111
name=unknown_A
#
# <colnr> <probs for GDERKNQSTAVLIFYWHMCP>
#	G	D	E	R	K	N	Q	S	T	A	V	L	I	F	Y	W	H	M	C	P
0	0.01993	0.01245	0.01691	0.01711	0.02061	0.01171	0.01454	0.02443	0.02436	0.10745	0.13125	0.08953	0.05573	0.02297	0.01250	0.00394	0.00826	0.33726	0.00966	0.05941
1	0.02389	0.02288	0.03904	0.13718	0.51762	0.02348	0.03020	0.02990	0.02233	0.03161	0.01861	0.02493	0.01545	0.00903	0.00988	0.00301	0.01204	0.00888	0.00487	0.01516
2	0.01255	0.00910	0.01185	0.01335	0.01449	0.00840	0.00918	0.01497	0.02130	0.02868	0.17185	0.48467	0.10570	0.02850	0.01245	0.00381	0.00550	0.02564	0.00963	0.00840
3	0.02106	0.01755	0.01932	0.01784	0.02222	0.01956	0.01365	0.04117	0.38896	0.03975	0.17014	0.10369	0.04887	0.01683	0.01077	0.00339	0.00693	0.01450	0.01026	0.01354
4	0.20318	0.01975	0.02251	0.01770	0.02511	0.01980	0.01462	0.14738	0.02954	0.35562	0.03016	0.02769	0.01981	0.01153	0.00910	0.00307	0.00881	0.00872	0.01039	0.01550
5	0.01383	0.01056	0.01284	0.01336	0.01546	0.01008	0.00959	0.01904	0.07273	0.03166	0.22378	0.31357	0.16579	0.02520	0.01202	0.00358	0.00551	0.02229	0.00986	0.00926
6	0.22109	0.01999	0.02243	0.01884	0.02451	0.02180	0.05129	0.15087	0.10692	0.06923	0.02770	0.03804	0.02375	0.09830	0.01488	0.00415	0.00955	0.05592	0.00810	0.01264
7	0.01223	0.00904	0.01144	0.01311	0.01432	0.00825	0.00897	0.01432	0.02041	0.02680	0.10250	0.50351	0.15992	0.02936	0.01248	0.00386	0.00557	0.02627	0.00938	0.00825
8	0.01419	0.00876	0.01200	0.01328	0.01360	0.00844	0.00874	0.01363	0.01651	0.02201	0.03949	0.37291	0.04603	0.09129	0.02556	0.25249	0.00716	0.02011	0.00722	0.00658
9	0.02388	0.02140	0.03342	0.04655	0.39954	0.02175	0.02481	0.07917	0.05536	0.03626	0.08537	0.07481	0.02893	0.01229	0.01031	0.00308	0.01032	0.01142	0.00668	0.01465
10	0.01673	0.01152	0.01620	0.01561	0.01699	0.01307	0.01167	0.04497	0.01666	0.02337	0.02377	0.03747	0.02289	0.11016	0.34451	0.20096	0.04988	0.01030	0.00533	0.00794
11	0.02745	0.03464	0.10786	0.08198	0.21912	0.23796	0.02572	0.03283	0.02434	0.02865	0.02043	0.02987	0.01788	0.01125	0.00985	0.00302	0.01435	0.05440	0.00526	0.01314
12	0.62842	0.02044	0.01670	0.01443	0.02084	0.02351	0.01189	0.09983	0.02098	0.04716	0.01523	0.01723	0.01162	0.00962	0.00668	0.00307	0.00815	0.00588	0.00668	0.01162

[dist]
# distance from previous block
# <min> <max>
2	3

[block]
# block no. 1 follows, 15 sequences, length 58
# corresponding to MSA columns:
# 115-172
name=unknown_B
#
# <colnr> <probs for GDERKNQSTAVLIFYWHMCP>
#	G	D	E	R	K	N	Q	S	T	A	V	L	I	F	Y	W	H	M	C	P
0	0.02354	0.29457	0.14953	0.02042	0.03012	0.02783	0.05076	0.03087	0.06205	0.02915	0.01799	0.02038	0.01471	0.00880	0.00784	0.00234	0.01080	0.00670	0.00515	0.18646
1	0.02378	0.01762	0.02099	0.01515	0.02386	0.01347	0.01218	0.02814	0.02169	0.10514	0.02051	0.02239	0.01605	0.00802	0.00772	0.00168	0.00753	0.00644	0.00674	0.62090
2	0.02077	0.01568	0.01826	0.01657	0.02023	0.01702	0.01273	0.06550	0.18091	0.06993	0.12379	0.09558	0.12122	0.07031	0.06115	0.00485	0.04985	0.01473	0.00914	0.01179
3	0.01902	0.01045	0.01264	0.01233	0.01416	0.00994	0.00839	0.02118	0.01973	0.10705	0.07812	0.18342	0.04332	0.25496	0.02537	0.00561	0.00732	0.01617	0.14192	0.00891
4	0.01224	0.00908	0.01118	0.01278	0.01396	0.00829	0.00862	0.01403	0.01958	0.02532	0.06378	0.47273	0.18311	0.07707	0.01541	0.00432	0.00591	0.02560	0.00901	0.00801
5	0.72007	0.01928	0.01465	0.01311	0.01928	0.02236	0.01080	0.02930	0.01697	0.04473	0.01388	0.01619	0.01080	0.00925	0.00617	0.00308	0.00771	0.00540	0.00617	0.01080
6	0.06787	0.01690	0.02237	0.02584	0.12923	0.01793	0.01736	0.09737	0.02443	0.03430	0.03917	0.10589	0.07684	0.06681	0.01578	0.00418	0.05040	0.16819	0.00773	0.01139
7	0.04343	0.01725	0.02310	0.01790	0.02548	0.01531	0.01473	0.04887	0.06372	0.55842	0.03941	0.03414	0.02505	0.01242	0.01003	0.00310	0.00844	0.01011	0.01220	0.01689
8	0.02758	0.02602	0.13314	0.02107	0.02828	0.02229	0.01958	0.11757	0.19275	0.12522	0.06499	0.03282	0.02652	0.01292	0.01151	0.00322	0.05484	0.01009	0.05483	0.01475
9	0.02615	0.60998	0.09350	0.01792	0.02691	0.03821	0.01855	0.02998	0.02032	0.02407	0.01416	0.01637	0.01278	0.00860	0.00663	0.00221	0.01097	0.00548	0.00426	0.01294
10	0.01338	0.00963	0.01268	0.01304	0.01473	0.00892	0.00935	0.01699	0.02485	0.03462	0.38771	0.28425	0.08369	0.02438	0.01211	0.00347	0.00510	0.02183	0.01034	0.00892
11	0.03716	0.06839	0.07097	0.02197	0.03042	0.02785	0.01930	0.38744	0.03983	0.15796	0.02574	0.02509	0.01782	0.01163	0.00971	0.00297	0.01075	0.00882	0.00963	0.01653
12	0.03183	0.04310	0.21392	0.02577	0.03485	0.24972	0.02488	0.18762	0.03136	0.03797	0.01871	0.02072	0.01397	0.01051	0.00943	0.00288	0.01487	0.00748	0.00625	0.01417
13	0.01450	0.00966	0.01087	0.01087	0.01087	0.00966	0.00604	0.01450	0.01450	0.01933	0.03141	0.06524	0.03624	0.64965	0.05074	0.00966	0.00966	0.01450	0.00604	0.00604
14	0.72007	0.01928	0.01465	0.01311	0.01928	0.02236	0.01080	0.02930	0.01697	0.04473	0.01388	0.01619	0.01080	0.00925	0.00617	0.00308	0.00771	0.00540	0.00617	0.01080
15	0.01435	0.01025	0.01382	0.01382	0.01485	0.01127	0.00972	0.01639	0.01537	0.02152	0.02871	0.05029	0.02975	0.32007	0.37145	0.01331	0.01943	0.01231	0.00564	0.00768
16	0.01450	0.00966	0.01087	0.01087	0.01087	0.00966	0.00604	0.01450	0.01450	0.01933	0.03141	0.06524	0.03624	0.64965	0.05074	0.00966	0.00966	0.01450	0.00604	0.00604
17	0.02353	0.02689	0.05882	0.04202	0.05210	0.02521	0.55126	0.03193	0.02353	0.03193	0.02017	0.02689	0.01513	0.00840	0.01176	0.00336	0.01681	0.01176	0.00504	0.01345
18	0.01883	0.01772	0.02990	0.62569	0.06866	0.02215	0.02769	0.02547	0.01993	0.02547	0.01772	0.02658	0.01329	0.00997	0.00997	0.00332	0.01329	0.00886	0.00443	0.01107
19	0.38946	0.02041	0.02019	0.01644	0.02341	0.02196	0.01356	0.14311	0.02639	0.20290	0.02311	0.02278	0.01597	0.01068	0.00804	0.00307	0.00860	0.00744	0.00869	0.01380
20	0.03380	0.02390	0.02614	0.02120	0.02824	0.02631	0.01713	0.29145	0.24553	0.12807	0.03247	0.03042	0.02321	0.01262	0.01005	0.00315	0.00944	0.01000	0.01037	0.01650
21	0.01411	0.01019	0.01333	0.01254	0.01489	0.00941	0.00941	0.01881	0.02822	0.03998	0.58221	0.07447	0.09406	0.02038	0.01176	0.00314	0.00470	0.01803	0.01097	0.00941
22	0.07266	0.01874	0.03035	0.49384	0.14360	0.02240	0.02685	0.02654	0.02013	0.02800	0.01759	0.02551	0.01348	0.00975	0.00967	0.00325	0.01265	0.00860	0.00464	0.01177
23	0.01999	0.05157	0.59800	0.02841	0.04315	0.02315	0.03683	0.03157	0.02105	0.03157	0.01789	0.02105	0.01263	0.00947	0.00947	0.00316	0.01473	0.00737	0.00421	0.01473
24	0.23156	0.01386	0.01563	0.01675	0.02023	0.01481	0.01445	0.02330	0.02112	0.03439	0.04088	0.08299	0.04312	0.02194	0.01144	0.00413	0.00873	0.36274	0.00826	0.00967
25	0.01206	0.00900	0.01123	0.01301	0.01423	0.00817	0.00887	0.01398	0.01993	0.02579	0.06557	0.51685	0.18537	0.02985	0.01251	0.00389	0.00561	0.02666	0.00925	0.00817
26	0.02099	0.01921	0.02171	0.01983	0.02454	0.06248	0.05493	0.03513	0.25093	0.03394	0.05215	0.06420	0.14581	0.01849	0.01135	0.00359	0.00905	0.13042	0.00898	0.01228
27	0.01450	0.00966	0.01087	0.01087	0.01087	0.00966	0.00604	0.01450	0.01450	0.01933	0.03141	0.06524	0.03624	0.64965	0.05074	0.00966	0.00966	0.01450	0.00604	0.00604
28	0.01428	0.01172	0.01279	0.01246	0.01573	0.01108	0.00934	0.02110	0.10626	0.03189	0.19320	0.12358	0.35433	0.02287	0.01160	0.00337	0.00546	0.01946	0.00976	0.00972
29	0.09149	0.02392	0.02669	0.02060	0.02836	0.02529	0.01702	0.35982	0.03900	0.22416	0.02789	0.02641	0.01885	0.01188	0.00970	0.00303	0.00996	0.00903	0.01041	0.01649
30	0.01925	0.01815	0.03066	0.58507	0.10599	0.02226	0.02789	0.02584	0.02013	0.02598	0.01779	0.02644	0.01347	0.00989	0.00996	0.00330	0.01318	0.00886	0.00447	0.01141
31	0.02480	0.02141	0.02254	0.02029	0.02592	0.02480	0.01578	0.05297	0.56946	0.04170	0.04057	0.03719	0.03043	0.01352	0.01014	0.00338	0.00789	0.01127	0.01014	0.01578
32	0.01260	0.01013	0.01123	0.01096	0.01397	0.00876	0.00822	0.01589	0.02465	0.03151	0.26999	0.08840	0.41156	0.02354	0.01177	0.00329	0.00493	0.01998	0.00986	0.00876
33	0.03068	0.01536	0.01968	0.01621	0.02166	0.01443	0.01295	0.07553	0.06376	0.29682	0.25589	0.04962	0.05227	0.01561	0.01072	0.00312	0.00712	0.01323	0.01147	0.01386
34	0.02441	0.02313	0.04393	0.17321	0.23013	0.02328	0.22755	0.03129	0.02284	0.07121	0.02055	0.02660	0.01563	0.00918	0.01063	0.00320	0.01381	0.01006	0.00540	0.01396
35	0.01965	0.01856	0.03139	0.54585	0.14204	0.02237	0.02810	0.02620	0.02032	0.02647	0.01786	0.02631	0.01364	0.00981	0.00995	0.00327	0.01308	0.00886	0.00450	0.01174
36	0.02480	0.02141	0.02254	0.02029	0.02592	0.02480	0.01578	0.05297	0.56946	0.04170	0.04057	0.03719	0.03043	0.01352	0.01014	0.00338	0.00789	0.01127	0.01014	0.01578
37	0.02666	0.02222	0.04274	0.03121	0.03992	0.02013	0.32692	0.03309	0.02384	0.14784	0.02646	0.07457	0.02093	0.01082	0.01089	0.00311	0.01299	0.01189	0.00699	0.10677
38	0.01743	0.01439	0.01698	0.01358	0.01968	0.01141	0.01053	0.02148	0.02254	0.03295	0.15834	0.08483	0.11253	0.01431	0.00932	0.00228	0.00636	0.01218	0.00772	0.41118
39	0.72007	0.01928	0.01465	0.01311	0.01928	0.02236	0.01080	0.02930	0.01697	0.04473	0.01388	0.01619	0.01080	0.00925	0.00617	0.00308	0.00771	0.00540	0.00617	0.01080
40	0.02609	0.02133	0.04175	0.03165	0.03946	0.01991	0.31940	0.03269	0.02441	0.14499	0.03156	0.04806	0.02680	0.01361	0.01188	0.00359	0.01337	0.12880	0.00747	0.01317
41	0.01883	0.01772	0.02990	0.62569	0.06866	0.02215	0.02769	0.02547	0.01993	0.02547	0.01772	0.02658	0.01329	0.00997	0.00997	0.00332	0.01329	0.00886	0.00443	0.01107
42	0.02353	0.02689	0.05882	0.04202	0.05210	0.02521	0.55126	0.03193	0.02353	0.03193	0.02017	0.02689	0.01513	0.00840	0.01176	0.00336	0.01681	0.01176	0.00504	0.01345
43	0.03189	0.02494	0.02654	0.02172	0.02863	0.02811	0.01750	0.32452	0.28635	0.05315	0.03156	0.03001	0.02313	0.01268	0.01005	0.00317	0.00956	0.01003	0.01005	0.01642
44	0.01411	0.01019	0.01333	0.01254	0.01489	0.00941	0.00941	0.01881	0.02822	0.03998	0.58221	0.07447	0.09406	0.02038	0.01176	0.00314	0.00470	0.01803	0.01097	0.00941
45	0.02270	0.03134	0.18859	0.08991	0.25398	0.02387	0.18177	0.03084	0.02230	0.03159	0.01886	0.02452	0.01460	0.00898	0.01032	0.00315	0.01412	0.00932	0.00474	0.01449
46	0.02759	0.03209	0.04270	0.03312	0.03993	0.20544	0.27265	0.03481	0.06491	0.02923	0.01924	0.02421	0.01529	0.01064	0.01375	0.00326	0.10342	0.00966	0.00536	0.01268
47	0.02264	0.29199	0.38079	0.02389	0.03616	0.02964	0.02896	0.03089	0.02073	0.02834	0.01629	0.01904	0.01269	0.00910	0.00825	0.00275	0.01311	0.00656	0.00423	0.01396
48	0.07802	0.16172	0.26392	0.02615	0.03716	0.02564	0.12649	0.03339	0.02205	0.10608	0.02007	0.02250	0.01461	0.00944	0.00912	0.00297	0.01295	0.00800	0.00561	0.01410
49	0.01424	0.01068	0.01602	0.01602	0.01780	0.01246	0.01246	0.01780	0.01602	0.02314	0.02670	0.03916	0.02492	0.07477	0.61015	0.01602	0.02670	0.01068	0.00534	0.00890
50	0.01346	0.00964	0.01313	0.01491	0.01599	0.00958	0.01092	0.01594	0.01908	0.02555	0.04843	0.39698	0.05567	0.08377	0.10659	0.00640	0.00996	0.12730	0.00840	0.00829
51	0.01873	0.01027	0.01206	0.01161	0.01431	0.00986	0.00897	0.02333	0.02396	0.07568	0.21318	0.05476	0.05016	0.01572	0.00925	0.00281	0.00527	0.05082	0.37940	0.00985
52	0.02181	0.02181	0.03053	0.02617	0.02617	0.03053	0.02181	0.02399	0.01527	0.02399	0.01309	0.02181	0.01309	0.01745	0.03272	0.00436	0.63141	0.00872	0.00436	0.01091
53	0.02099	0.01171	0.01553	0.01371	0.01727	0.01059	0.01059	0.02551	0.02829	0.16462	0.46016	0.06535	0.07846	0.01857	0.01137	0.00312	0.00555	0.01623	0.01128	0.01111
54	0.02237	0.01920	0.02599	0.02188	0.02516	0.02279	0.05652	0.12864	0.05307	0.03294	0.02795	0.03585	0.06032	0.07624	0.15100	0.00683	0.20425	0.01089	0.00653	0.01158
55	0.02841	0.03327	0.02255	0.02067	0.02474	0.38053	0.01550	0.03179	0.02824	0.03034	0.23175	0.03954	0.04384	0.01413	0.01005	0.00278	0.01291	0.01085	0.00736	0.01074
56	0.02184	0.02079	0.03534	0.33497	0.33585	0.02294	0.02918	0.02811	0.02136	0.02913	0.01825	0.02560	0.01458	0.00941	0.00992	0.00314	0.01254	0.00887	0.00469	0.01350
57	0.15654	0.41613	0.07393	0.01800	0.02618	0.07577	0.01734	0.06589	0.02206	0.03060	0.01489	0.01700	0.01270	0.00908	0.00696	0.00246	0.01090	0.00579	0.00506	0.01273

[dist]
# distance from previous block
# <min> <max>
0	1

[block]
# block no. 2 follows, 15 sequences, length 31
# corresponding to MSA columns:
# 174-204
name=unknown_C
#
# <colnr> <probs for GDERKNQSTAVLIFYWHMCP>
#	G	D	E	R	K	N	Q	S	T	A	V	L	I	F	Y	W	H	M	C	P
0	0.72007	0.01928	0.01465	0.01311	0.01928	0.02236	0.01080	0.02930	0.01697	0.04473	0.01388	0.01619	0.01080	0.00925	0.00617	0.00308	0.00771	0.00540	0.00617	0.01080
1	0.01220	0.00898	0.01144	0.01322	0.01433	0.00822	0.00901	0.01423	0.02017	0.02652	0.09265	0.52622	0.14688	0.02968	0.01252	0.00389	0.00561	0.02662	0.00935	0.00822
2	0.02722	0.01309	0.01753	0.01477	0.01941	0.01165	0.01165	0.03156	0.02835	0.27744	0.34968	0.05710	0.06434	0.01694	0.01102	0.00311	0.00632	0.01460	0.01156	0.01264
3	0.36085	0.01805	0.01916	0.01557	0.02256	0.01826	0.01285	0.03956	0.02312	0.33708	0.02742	0.02563	0.01818	0.01089	0.00822	0.00308	0.00812	0.00786	0.00945	0.01408
4	0.01278	0.01014	0.01148	0.01114	0.01408	0.00884	0.00836	0.01623	0.02507	0.03251	0.30687	0.08675	0.37406	0.02316	0.01177	0.00327	0.00490	0.01975	0.00999	0.00884
5	0.03070	0.01386	0.01864	0.01536	0.02061	0.01225	0.01225	0.03495	0.02839	0.34041	0.28802	0.05250	0.05646	0.01602	0.01082	0.00311	0.00675	0.01369	0.01171	0.01350
6	0.01424	0.01001	0.01249	0.01197	0.01352	0.00949	0.00825	0.01734	0.02352	0.03291	0.39373	0.07131	0.07428	0.23571	0.02510	0.00537	0.00640	0.01682	0.00929	0.00825
7	0.02736	0.01400	0.01830	0.01666	0.02127	0.01330	0.01375	0.03372	0.07245	0.24340	0.13155	0.06493	0.04649	0.01832	0.01123	0.00352	0.00774	0.16648	0.06286	0.01269
8	0.02764	0.59871	0.04999	0.01787	0.02608	0.09283	0.01726	0.03078	0.02100	0.02354	0.01400	0.01618	0.01280	0.00869	0.00664	0.00217	0.01135	0.00543	0.00435	0.01268
9	0.10279	0.02564	0.11371	0.10590	0.19745	0.02184	0.10991	0.03359	0.02275	0.13832	0.02207	0.02556	0.01608	0.00970	0.00976	0.00313	0.01213	0.00897	0.00632	0.01439
10	0.02608	0.17094	0.33400	0.02347	0.03490	0.02528	0.02702	0.03597	0.06905	0.12787	0.02268	0.02358	0.01626	0.01011	0.00897	0.00295	0.01221	0.00773	0.00613	0.01480
11	0.01424	0.01068	0.01602	0.01602	0.01780	0.01246	0.01246	0.01780	0.01602	0.02314	0.02670	0.03916	0.02492	0.07477	0.61015	0.01602	0.02670	0.01068	0.00534	0.00890
12	0.02067	0.01772	0.02067	0.01477	0.02362	0.01329	0.01181	0.02510	0.02067	0.03248	0.01772	0.02067	0.01477	0.00738	0.00738	0.00148	0.00738	0.00591	0.00591	0.71059
13	0.03101	0.01986	0.02292	0.01866	0.02511	0.02047	0.01497	0.17015	0.17542	0.18341	0.12169	0.03782	0.03470	0.01348	0.01012	0.00303	0.00826	0.01107	0.01046	0.06740
14	0.02094	0.01903	0.02730	0.41144	0.05354	0.02309	0.02347	0.03520	0.21441	0.03121	0.02581	0.03033	0.01936	0.01123	0.01003	0.00334	0.01138	0.00971	0.00645	0.01274
15	0.04301	0.01972	0.02484	0.01904	0.02682	0.01874	0.01573	0.17554	0.03314	0.46091	0.03546	0.03142	0.02274	0.01225	0.01001	0.00306	0.00911	0.00976	0.01174	0.01696
16	0.21903	0.01756	0.02095	0.01654	0.02386	0.01664	0.01366	0.04361	0.02555	0.45251	0.03276	0.02935	0.02109	0.01154	0.00903	0.00308	0.00828	0.00883	0.01075	0.01537
17	0.01450	0.00966	0.01087	0.01087	0.01087	0.00966	0.00604	0.01450	0.01450	0.01933	0.03141	0.06524	0.03624	0.64965	0.05074	0.00966	0.00966	0.01450	0.00604	0.00604
18	0.08542	0.01771	0.01813	0.01516	0.02011	0.01919	0.01216	0.23971	0.03114	0.04824	0.02746	0.03002	0.02081	0.01156	0.00812	0.00266	0.00748	0.00884	0.36355	0.01253
19	0.01662	0.01081	0.01375	0.01266	0.01566	0.00975	0.00962	0.02092	0.02741	0.08990	0.45839	0.07393	0.16179	0.02037	0.01160	0.00317	0.00511	0.01774	0.01084	0.00996
20	0.01777	0.01079	0.01346	0.01310	0.01606	0.00957	0.00969	0.02083	0.02396	0.12085	0.20064	0.24678	0.21091	0.02375	0.01178	0.00347	0.00573	0.02072	0.01019	0.00994
21	0.25694	0.02579	0.02480	0.02051	0.02720	0.11976	0.05491	0.11578	0.10914	0.11731	0.02361	0.02403	0.01724	0.01083	0.00874	0.00305	0.01070	0.00809	0.00792	0.01363
22	0.02408	0.02346	0.04115	0.10702	0.49808	0.02369	0.07486	0.03028	0.02254	0.03192	0.01879	0.02502	0.01552	0.00893	0.01004	0.00303	0.01239	0.00913	0.00490	0.01519
23	0.01423	0.01036	0.01357	0.01380	0.01607	0.00970	0.01079	0.01851	0.02588	0.03553	0.38325	0.12970	0.11984	0.02324	0.01230	0.00356	0.00584	0.13435	0.01030	0.00918
24	0.01613	0.01158	0.01404	0.01482	0.01709	0.01137	0.01121	0.07457	0.02355	0.03146	0.05654	0.34314	0.13515	0.02604	0.01206	0.00381	0.00681	0.12012	0.06110	0.00941
25	0.02500	0.50612	0.18733	0.01987	0.02993	0.03541	0.02195	0.03028	0.02045	0.02546	0.01486	0.01724	0.01275	0.00876	0.00716	0.00239	0.01167	0.00583	0.00425	0.01327
26	0.02434	0.44565	0.24196	0.02101	0.03169	0.03378	0.02393	0.03045	0.02053	0.02628	0.01526	0.01775	0.01274	0.00886	0.00747	0.00249	0.01208	0.00604	0.00425	0.01347
27	0.01436	0.01020	0.01360	0.01360	0.01455	0.01115	0.00945	0.01625	0.01531	0.02135	0.02891	0.05140	0.03024	0.34467	0.34751	0.01304	0.01870	0.01247	0.00567	0.00756
28	0.02043	0.01821	0.08691	0.01734	0.02223	0.01483	0.01555	0.07048	0.07232	0.07797	0.14527	0.11748	0.08467	0.01937	0.01122	0.00349	0.00807	0.12151	0.06110	0.01155
29	0.03232	0.12416	0.07225	0.02276	0.03079	0.05348	0.10354	0.06964	0.05990	0.23527	0.07151	0.03103	0.02517	0.01148	0.00978	0.00297	0.01091	0.00984	0.00856	0.01463
30	0.02402	0.02092	0.03948	0.13183	0.04384	0.02073	0.27082	0.03201	0.06358	0.10659	0.02896	0.11889	0.02469	0.01293	0.01125	0.00342	0.01281	0.01343	0.00692	0.01291

[dist]
# distance from previous block
# <min> <max>
2	6

[block]
# block no. 3 follows, 15 sequences, length 11
# corresponding to MSA columns:
# 211-221
name=unknown_D
#
# <colnr> <probs for GDERKNQSTAVLIFYWHMCP>
#	G	D	E	R	K	N	Q	S	T	A	V	L	I	F	Y	W	H	M	C	P
0	0.02536	0.30065	0.30965	0.02255	0.03395	0.02908	0.02624	0.03263	0.02150	0.08696	0.01844	0.02028	0.01396	0.00938	0.00824	0.00272	0.01238	0.00679	0.00508	0.01415
1	0.09983	0.02527	0.02799	0.02175	0.02940	0.08431	0.05692	0.23266	0.03346	0.20816	0.02595	0.02555	0.01794	0.01110	0.00951	0.00292	0.01090	0.00871	0.00919	0.05846
2	0.01732	0.00866	0.01299	0.01299	0.01299	0.00866	0.00866	0.01299	0.01299	0.01732	0.01732	0.03030	0.01732	0.03463	0.03896	0.70996	0.00866	0.00866	0.00433	0.00433
3	0.02063	0.01956	0.03317	0.45110	0.22912	0.02262	0.02859	0.02706	0.02079	0.02767	0.01804	0.02599	0.01406	0.00963	0.00994	0.00321	0.01284	0.00887	0.00459	0.01253
4	0.15446	0.02275	0.02276	0.01920	0.02571	0.06230	0.01535	0.12111	0.23571	0.16963	0.03144	0.02950	0.02249	0.01205	0.00931	0.00315	0.00913	0.00929	0.00958	0.01506
5	0.02316	0.01549	0.01713	0.01595	0.01951	0.06177	0.01197	0.02909	0.08219	0.15363	0.20954	0.22150	0.05763	0.02023	0.01127	0.00337	0.00727	0.01762	0.01020	0.01150
6	0.02734	0.11386	0.12329	0.06662	0.03228	0.02555	0.02045	0.08284	0.25217	0.10748	0.02994	0.02933	0.02197	0.01162	0.00947	0.00310	0.01013	0.00928	0.00818	0.01508
7	0.09104	0.02439	0.11028	0.01999	0.02849	0.01986	0.01844	0.11940	0.07849	0.33763	0.03194	0.02942	0.02116	0.01172	0.00964	0.00311	0.00968	0.00922	0.01008	0.01604
8	0.02665	0.65565	0.05224	0.01706	0.02559	0.03945	0.01706	0.02985	0.02026	0.02345	0.01386	0.01599	0.01279	0.00853	0.00640	0.00213	0.01066	0.00533	0.00426	0.01279
9	0.07782	0.19938	0.03316	0.02175	0.06811	0.02775	0.01716	0.18710	0.06286	0.11964	0.06972	0.02765	0.02360	0.01144	0.00887	0.00280	0.00967	0.00875	0.00816	0.01459
10	0.02570	0.08902	0.07256	0.01881	0.02596	0.05580	0.01646	0.03736	0.18250	0.10479	0.07138	0.03583	0.02851	0.01239	0.00938	0.00281	0.00916	0.03825	0.00816	0.15516

[dist]
# distance from previous block
# <min> <max>
1	4

[block]
# block no. 4 follows, 15 sequences, length 80
# corresponding to MSA columns:
# 226-305
name=unknown_E
#
# <colnr> <probs for GDERKNQSTAVLIFYWHMCP>
#	G	D	E	R	K	N	Q	S	T	A	V	L	I	F	Y	W	H	M	C	P
0	0.32891	0.01874	0.02005	0.01617	0.02325	0.01909	0.01334	0.07731	0.02499	0.32394	0.02748	0.02573	0.01826	0.01101	0.00840	0.00308	0.00834	0.00800	0.00957	0.01436
1	0.03268	0.12047	0.03436	0.02504	0.03148	0.32426	0.09255	0.06864	0.02769	0.07049	0.06211	0.02488	0.02058	0.01082	0.00938	0.00273	0.01466	0.00835	0.00629	0.01256
2	0.02798	0.03011	0.18562	0.02306	0.03307	0.02166	0.05987	0.14802	0.06341	0.11562	0.02372	0.02481	0.01704	0.01011	0.00938	0.00275	0.01106	0.00831	0.00741	0.17700
3	0.01540	0.01025	0.01319	0.01428	0.01641	0.00944	0.01078	0.01825	0.02193	0.06880	0.09837	0.33983	0.16453	0.02716	0.01250	0.00390	0.00649	0.12977	0.00958	0.00912
4	0.01242	0.00887	0.01188	0.01419	0.01489	0.00833	0.00972	0.01435	0.01935	0.02575	0.05480	0.60667	0.06535	0.03098	0.01280	0.00409	0.00602	0.06216	0.00925	0.00817
5	0.02511	0.04441	0.47905	0.02620	0.03948	0.02139	0.03224	0.03509	0.02260	0.14803	0.02233	0.02371	0.01512	0.01006	0.00959	0.00314	0.01344	0.00792	0.00589	0.01519
6	0.08319	0.11409	0.14015	0.01902	0.02828	0.02021	0.01873	0.03804	0.02400	0.28764	0.02676	0.02580	0.01829	0.01035	0.00877	0.00275	0.00983	0.00795	0.00829	0.10787
7	0.04084	0.01622	0.02218	0.01782	0.02480	0.01422	0.01484	0.04480	0.02778	0.51781	0.04115	0.04458	0.02911	0.01440	0.01053	0.00329	0.00858	0.07924	0.01191	0.01591
8	0.01235	0.00918	0.01152	0.01292	0.01432	0.00835	0.00893	0.01467	0.02113	0.02782	0.13945	0.45076	0.17524	0.02847	0.01239	0.00378	0.00548	0.02539	0.00950	0.00835
9	0.02474	0.01962	0.06405	0.02061	0.02687	0.01736	0.09252	0.07311	0.10322	0.14207	0.21676	0.04851	0.07635	0.01507	0.01092	0.00320	0.00879	0.01344	0.00962	0.01317
10	0.02428	0.02311	0.03845	0.09676	0.51146	0.02366	0.02932	0.03186	0.06204	0.03274	0.02026	0.02571	0.01668	0.00929	0.00990	0.00302	0.01166	0.00905	0.00528	0.01547
11	0.01428	0.01053	0.01527	0.01527	0.01679	0.01205	0.01153	0.01732	0.01580	0.02259	0.02739	0.04296	0.02657	0.15847	0.52870	0.01510	0.02422	0.01124	0.00544	0.00848
12	0.02353	0.02689	0.05882	0.04202	0.05210	0.02521	0.55126	0.03193	0.02353	0.03193	0.02017	0.02689	0.01513	0.00840	0.01176	0.00336	0.01681	0.01176	0.00504	0.01345
13	0.02742	0.61176	0.05051	0.01768	0.02596	0.08060	0.01722	0.03057	0.02083	0.02352	0.01397	0.01613	0.01280	0.00865	0.00658	0.00216	0.01119	0.00541	0.00433	0.01270
14	0.02101	0.01893	0.02360	0.01815	0.02438	0.01841	0.01478	0.02477	0.01907	0.02996	0.01634	0.02101	0.01427	0.01037	0.01491	0.00233	0.19273	0.00674	0.00545	0.50277
15	0.02713	0.02176	0.06427	0.02049	0.02635	0.02160	0.01760	0.11008	0.22900	0.12394	0.07308	0.04504	0.03308	0.01543	0.01227	0.00348	0.05392	0.07755	0.00953	0.01439
16	0.03345	0.02535	0.11396	0.02827	0.03782	0.01975	0.21865	0.04005	0.02565	0.30786	0.02926	0.02956	0.01948	0.01048	0.01060	0.00320	0.01244	0.01032	0.00851	0.01535
17	0.04473	0.01697	0.02313	0.01774	0.02545	0.01465	0.01465	0.04858	0.02853	0.59437	0.03933	0.03393	0.02468	0.01234	0.01003	0.00308	0.00848	0.01003	0.01234	0.01697
18	0.02665	0.65565	0.05224	0.01706	0.02559	0.03945	0.01706	0.02985	0.02026	0.02345	0.01386	0.01599	0.01279	0.00853	0.00640	0.00213	0.01066	0.00533	0.00426	0.01279
19	0.02467	0.02369	0.04046	0.06119	0.58747	0.02369	0.03059	0.03059	0.02270	0.03257	0.01875	0.02467	0.01579	0.00888	0.00987	0.00296	0.01184	0.00888	0.00493	0.01579
20	0.01194	0.00949	0.01073	0.01172	0.01389	0.00828	0.00829	0.01412	0.02116	0.02629	0.08124	0.33059	0.36151	0.02781	0.01219	0.00366	0.00536	0.02417	0.00926	0.00828
21	0.02888	0.01584	0.01952	0.01732	0.02218	0.01570	0.01335	0.07061	0.14474	0.24615	0.04390	0.24058	0.03942	0.01898	0.01096	0.00347	0.00760	0.01644	0.01066	0.01370
22	0.02425	0.02325	0.03970	0.10200	0.54996	0.02357	0.03038	0.03022	0.02250	0.03206	0.01868	0.02481	0.01561	0.00896	0.00988	0.00299	0.01195	0.00888	0.00490	0.01545
23	0.01178	0.01010	0.01010	0.01010	0.01347	0.00842	0.00757	0.01431	0.02272	0.02693	0.10099	0.09594	0.58342	0.02525	0.01178	0.00337	0.00505	0.02104	0.00926	0.00842
24	0.02353	0.02689	0.05882	0.04202	0.05210	0.02521	0.55126	0.03193	0.02353	0.03193	0.02017	0.02689	0.01513	0.00840	0.01176	0.00336	0.01681	0.01176	0.00504	0.01345
25	0.02233	0.02209	0.03369	0.37309	0.25796	0.06544	0.02815	0.02841	0.02156	0.02802	0.01793	0.02525	0.01418	0.00959	0.00986	0.00313	0.01309	0.00869	0.00467	0.01286
26	0.02439	0.45081	0.23730	0.02091	0.03154	0.03392	0.02376	0.03043	0.02052	0.02621	0.01523	0.01771	0.01274	0.00885	0.00744	0.00248	0.01204	0.00602	0.00425	0.01345
27	0.01215	0.00868	0.01157	0.01388	0.01446	0.00810	0.00925	0.01388	0.01909	0.02545	0.05495	0.64315	0.06593	0.03123	0.01272	0.00405	0.00578	0.02834	0.00925	0.00810
28	0.02665	0.65565	0.05224	0.01706	0.02559	0.03945	0.01706	0.02985	0.02026	0.02345	0.01386	0.01599	0.01279	0.00853	0.00640	0.00213	0.01066	0.00533	0.00426	0.01279
29	0.02136	0.17501	0.48647	0.02609	0.03956	0.02648	0.03279	0.03122	0.02089	0.02991	0.01707	0.02001	0.01266	0.00928	0.00884	0.00295	0.01390	0.00695	0.00422	0.01434
30	0.02480	0.02141	0.02254	0.02029	0.02592	0.02480	0.01578	0.05297	0.56946	0.04170	0.04057	0.03719	0.03043	0.01352	0.01014	0.00338	0.00789	0.01127	0.01014	0.01578
31	0.02467	0.02369	0.04046	0.06119	0.58747	0.02369	0.03059	0.03059	0.02270	0.03257	0.01875	0.02467	0.01579	0.00888	0.00987	0.00296	0.01184	0.00888	0.00493	0.01579
32	0.01275	0.01014	0.01144	0.01112	0.01406	0.00883	0.00834	0.01618	0.02501	0.03236	0.30144	0.08699	0.37958	0.02322	0.01177	0.00327	0.00491	0.01979	0.00997	0.00883
33	0.01291	0.01014	0.01166	0.01128	0.01416	0.00890	0.00846	0.01649	0.02539	0.03326	0.33434	0.08553	0.34612	0.02289	0.01177	0.00325	0.00488	0.01958	0.01009	0.00890
34	0.01215	0.00868	0.01157	0.01388	0.01446	0.00810	0.00925	0.01388	0.01909	0.02545	0.05495	0.64315	0.06593	0.03123	0.01272	0.00405	0.00578	0.02834	0.00925	0.00810
35	0.02181	0.02181	0.03053	0.02617	0.02617	0.03053	0.02181	0.02399	0.01527	0.02399	0.01309	0.02181	0.01309	0.01745	0.03272	0.00436	0.63141	0.00872	0.00436	0.01091
36	0.02417	0.02509	0.04851	0.05279	0.35298	0.02435	0.25864	0.03118	0.02306	0.03229	0.01937	0.02564	0.01550	0.00867	0.01070	0.00314	0.01402	0.01014	0.00498	0.01476
37	0.02480	0.02141	0.02254	0.02029	0.02592	0.02480	0.01578	0.05297	0.56946	0.04170	0.04057	0.03719	0.03043	0.01352	0.01014	0.00338	0.00789	0.01127	0.01014	0.01578
38	0.01178	0.01010	0.01010	0.01010	0.01347	0.00842	0.00757	0.01431	0.02272	0.02693	0.10099	0.09594	0.58342	0.02525	0.01178	0.00337	0.00505	0.02104	0.00926	0.00842
39	0.02468	0.47706	0.21358	0.02041	0.03078	0.03463	0.02290	0.03036	0.02049	0.02585	0.01505	0.01749	0.01274	0.00881	0.00731	0.00244	0.01186	0.00593	0.00425	0.01337
40	0.08756	0.02872	0.02868	0.02242	0.03006	0.07238	0.01838	0.47856	0.04334	0.05871	0.02258	0.02294	0.01621	0.01165	0.00962	0.00297	0.01124	0.00853	0.00934	0.01611
41	0.01426	0.01029	0.01354	0.01299	0.01534	0.00957	0.00992	0.01896	0.02781	0.03919	0.54114	0.07741	0.09122	0.02094	0.01191	0.00325	0.00505	0.05699	0.01083	0.00939
42	0.01215	0.00868	0.01157	0.01388	0.01446	0.00810	0.00925	0.01388	0.01909	0.02545	0.05495	0.64315	0.06593	0.03123	0.01272	0.00405	0.00578	0.02834	0.00925	0.00810
43	0.03154	0.16138	0.08040	0.03429	0.23214	0.02402	0.02272	0.03661	0.02402	0.22101	0.02460	0.02564	0.01791	0.01002	0.00913	0.00284	0.01067	0.00838	0.00724	0.01545
44	0.01883	0.01772	0.02990	0.62569	0.06866	0.02215	0.02769	0.02547	0.01993	0.02547	0.01772	0.02658	0.01329	0.00997	0.00997	0.00332	0.01329	0.00886	0.00443	0.01107
45	0.72007	0.01928	0.01465	0.01311	0.01928	0.02236	0.01080	0.02930	0.01697	0.04473	0.01388	0.01619	0.01080	0.00925	0.00617	0.00308	0.00771	0.00540	0.00617	0.01080
46	0.01999	0.05157	0.59800	0.02841	0.04315	0.02315	0.03683	0.03157	0.02105	0.03157	0.01789	0.02105	0.01263	0.00947	0.00947	0.00316	0.01473	0.00737	0.00421	0.01473
47	0.02467	0.02369	0.04046	0.06119	0.58747	0.02369	0.03059	0.03059	0.02270	0.03257	0.01875	0.02467	0.01579	0.00888	0.00987	0.00296	0.01184	0.00888	0.00493	0.01579
48	0.01215	0.00868	0.01157	0.01388	0.01446	0.00810	0.00925	0.01388	0.01909	0.02545	0.05495	0.64315	0.06593	0.03123	0.01272	0.00405	0.00578	0.02834	0.00925	0.00810
49	0.02665	0.65565	0.05224	0.01706	0.02559	0.03945	0.01706	0.02985	0.02026	0.02345	0.01386	0.01599	0.01279	0.00853	0.00640	0.00213	0.01066	0.00533	0.00426	0.01279
50	0.03564	0.03035	0.03173	0.02767	0.07242	0.22050	0.09575	0.07673	0.07050	0.19934	0.02598	0.02640	0.01855	0.01088	0.00992	0.00296	0.01328	0.00900	0.00797	0.01444
51	0.01215	0.00868	0.01157	0.01388	0.01446	0.00810	0.00925	0.01388	0.01909	0.02545	0.05495	0.64315	0.06593	0.03123	0.01272	0.00405	0.00578	0.02834	0.00925	0.00810
52	0.01411	0.01019	0.01333	0.01254	0.01489	0.00941	0.00941	0.01881	0.02822	0.03998	0.58221	0.07447	0.09406	0.02038	0.01176	0.00314	0.00470	0.01803	0.01097	0.00941
53	0.02617	0.61146	0.09217	0.01789	0.02687	0.03825	0.01850	0.02998	0.02031	0.02405	0.01415	0.01636	0.01278	0.00860	0.00662	0.00221	0.01096	0.00548	0.00426	0.01294
54	0.02467	0.02369	0.04046	0.06119	0.58747	0.02369	0.03059	0.03059	0.02270	0.03257	0.01875	0.02467	0.01579	0.00888	0.00987	0.00296	0.01184	0.00888	0.00493	0.01579
55	0.03790	0.02792	0.02992	0.02294	0.03091	0.03091	0.01895	0.55423	0.04687	0.06283	0.02393	0.02393	0.01695	0.01197	0.00997	0.00299	0.01097	0.00898	0.00997	0.01695
56	0.03413	0.03284	0.02572	0.02252	0.02841	0.28255	0.01741	0.08541	0.21326	0.11360	0.02798	0.02720	0.02079	0.01180	0.00960	0.00295	0.01267	0.00877	0.00822	0.01417
57	0.02665	0.65565	0.05224	0.01706	0.02559	0.03945	0.01706	0.02985	0.02026	0.02345	0.01386	0.01599	0.01279	0.00853	0.00640	0.00213	0.01066	0.00533	0.00426	0.01279
58	0.01215	0.00868	0.01157	0.01388	0.01446	0.00810	0.00925	0.01388	0.01909	0.02545	0.05495	0.64315	0.06593	0.03123	0.01272	0.00405	0.00578	0.02834	0.00925	0.00810
59	0.08780	0.02729	0.02880	0.02222	0.03006	0.03029	0.01835	0.51582	0.04468	0.06150	0.02320	0.02337	0.01650	0.01177	0.00969	0.00300	0.01073	0.00871	0.00969	0.01650
60	0.01329	0.00949	0.01288	0.01518	0.01626	0.00908	0.01124	0.01585	0.02021	0.02673	0.05432	0.48863	0.06344	0.03016	0.01303	0.00421	0.00677	0.17160	0.00923	0.00841
61	0.04473	0.01697	0.02313	0.01774	0.02545	0.01465	0.01465	0.04858	0.02853	0.59437	0.03933	0.03393	0.02468	0.01234	0.01003	0.00308	0.00848	0.01003	0.01234	0.01697
62	0.03790	0.02792	0.02992	0.02294	0.03091	0.03091	0.01895	0.55423	0.04687	0.06283	0.02393	0.02393	0.01695	0.01197	0.00997	0.00299	0.01097	0.00898	0.00997	0.01695
63	0.02353	0.02689	0.05882	0.04202	0.05210	0.02521	0.55126	0.03193	0.02353	0.03193	0.02017	0.02689	0.01513	0.00840	0.01176	0.00336	0.01681	0.01176	0.00504	0.01345
64	0.01549	0.01107	0.01541	0.01771	0.01975	0.01098	0.01507	0.01967	0.02239	0.02920	0.05310	0.18958	0.05862	0.02808	0.01362	0.00451	0.00869	0.44886	0.00919	0.00902
65	0.01450	0.00966	0.01087	0.01087	0.01087	0.00966	0.00604	0.01450	0.01450	0.01933	0.03141	0.06524	0.03624	0.64965	0.05074	0.00966	0.00966	0.01450	0.00604	0.00604
66	0.01424	0.01068	0.01602	0.01602	0.01780	0.01246	0.01246	0.01780	0.01602	0.02314	0.02670	0.03916	0.02492	0.07477	0.61015	0.01602	0.02670	0.01068	0.00534	0.00890
67	0.02467	0.02369	0.04046	0.06119	0.58747	0.02369	0.03059	0.03059	0.02270	0.03257	0.01875	0.02467	0.01579	0.00888	0.00987	0.00296	0.01184	0.00888	0.00493	0.01579
68	0.02322	0.02629	0.05692	0.08041	0.05319	0.02501	0.51682	0.03151	0.02329	0.03151	0.02001	0.02687	0.01501	0.00851	0.01165	0.00336	0.01658	0.01157	0.00500	0.01329
69	0.04473	0.01697	0.02313	0.01774	0.02545	0.01465	0.01465	0.04858	0.02853	0.59437	0.03933	0.03393	0.02468	0.01234	0.01003	0.00308	0.00848	0.01003	0.01234	0.01697
70	0.02079	0.01972	0.03344	0.43642	0.24261	0.02266	0.02866	0.02719	0.02086	0.02785	0.01807	0.02594	0.01413	0.00960	0.00993	0.00320	0.01280	0.00887	0.00460	0.01266
71	0.02460	0.02390	0.04167	0.05993	0.55225	0.02379	0.06485	0.03068	0.02275	0.03253	0.01884	0.02482	0.01575	0.00885	0.00999	0.00299	0.01217	0.00907	0.00494	0.01564
72	0.03001	0.02201	0.03501	0.02693	0.03467	0.02207	0.19704	0.04460	0.23126	0.19479	0.03330	0.03278	0.02361	0.01145	0.01066	0.00329	0.01108	0.01109	0.00903	0.01532
73	0.03724	0.04751	0.02825	0.02568	0.03082	0.60963	0.01926	0.03981	0.02825	0.02440	0.01541	0.01798	0.01284	0.01027	0.00899	0.00257	0.01798	0.00642	0.00514	0.01156
74	0.03342	0.02694	0.03933	0.02911	0.03778	0.02804	0.19921	0.34800	0.03790	0.08296	0.02354	0.02551	0.01678	0.01078	0.01058	0.00312	0.01281	0.00998	0.00844	0.01576
75	0.01858	0.00929	0.00929	0.00929	0.01161	0.00929	0.00697	0.02323	0.02091	0.03717	0.03252	0.03717	0.02555	0.01161	0.00697	0.00232	0.00465	0.00929	0.70499	0.00929
76	0.01858	0.00929	0.00929	0.00929	0.01161	0.00929	0.00697	0.02323	0.02091	0.03717	0.03252	0.03717	0.02555	0.01161	0.00697	0.00232	0.00465	0.00929	0.70499	0.00929
77	0.02341	0.02200	0.02707	0.24995	0.08578	0.06392	0.02161	0.04006	0.28460	0.03374	0.02862	0.03094	0.02168	0.01161	0.00998	0.00327	0.01091	0.00985	0.00726	0.01373
78	0.01480	0.01034	0.01347	0.01475	0.01590	0.01038	0.01109	0.01719	0.01876	0.02482	0.04334	0.16520	0.04851	0.26566	0.06628	0.00717	0.01002	0.22675	0.00776	0.00782
79	0.01606	0.01147	0.01606	0.01836	0.02065	0.01147	0.01606	0.02065	0.02295	0.02983	0.05278	0.11245	0.05737	0.02754	0.01377	0.00459	0.00918	0.52037	0.00918	0.00918

[dist]
# distance from previous block
# <min> <max>
0	0

# created by:
# /st0/software/busco_prod/Augustus/scripts/msa2prfl.pl ./align_prep/4800.fa
