[name]
unknown

[dist]
# distance from previous block
# <min> <max>
0	60

[block]
# block no. 0 follows, 12 sequences, length 12
# corresponding to MSA columns:
# 64-75
name=unknown_A
#
# <colnr> <probs for GDERKNQSTAVLIFYWHMCP>
#	G	D	E	R	K	N	Q	S	T	A	V	L	I	F	Y	W	H	M	C	P
0	0.02288	0.18039	0.26586	0.08781	0.03958	0.02663	0.02820	0.03114	0.02287	0.03206	0.02410	0.03460	0.02049	0.01247	0.00981	0.00327	0.01309	0.05668	0.07415	0.01391
1	0.11727	0.01808	0.02292	0.01801	0.02573	0.01642	0.01480	0.04832	0.02906	0.45408	0.03928	0.03530	0.02541	0.01305	0.01020	0.00330	0.00881	0.01034	0.07256	0.01706
2	0.02426	0.01550	0.01940	0.01788	0.02057	0.01632	0.01344	0.15015	0.02613	0.03485	0.02958	0.10558	0.02939	0.02994	0.02792	0.35156	0.00986	0.06061	0.00757	0.00949
3	0.02829	0.02435	0.08919	0.12199	0.04035	0.02150	0.08888	0.07247	0.08544	0.14170	0.13047	0.04140	0.03692	0.01395	0.01153	0.00351	0.01151	0.01248	0.00917	0.01488
4	0.09835	0.06705	0.07502	0.08198	0.03241	0.02100	0.01865	0.07743	0.02754	0.16631	0.08252	0.07306	0.03095	0.01397	0.01025	0.00320	0.01005	0.01134	0.00897	0.08996
5	0.01639	0.01209	0.01563	0.01606	0.01852	0.01182	0.01239	0.02288	0.06705	0.03826	0.30079	0.19383	0.08245	0.02579	0.01341	0.00400	0.00672	0.12029	0.01113	0.01050
6	0.02810	0.01512	0.01910	0.01632	0.02103	0.01462	0.01304	0.03189	0.02689	0.22116	0.13056	0.06220	0.18838	0.01946	0.01429	0.00355	0.07339	0.01552	0.07226	0.01311
7	0.02568	0.14909	0.22982	0.10217	0.04709	0.02865	0.13401	0.03579	0.05382	0.06058	0.02198	0.02593	0.01639	0.01041	0.01041	0.00332	0.01475	0.00930	0.00570	0.01510
8	0.02268	0.01772	0.05699	0.02179	0.07021	0.01508	0.01594	0.03015	0.08284	0.11697	0.15856	0.20215	0.10086	0.02170	0.01228	0.00372	0.00800	0.01906	0.01035	0.01293
9	0.01350	0.00966	0.01285	0.01503	0.01586	0.00900	0.01014	0.01573	0.02190	0.02946	0.10958	0.55556	0.07527	0.03294	0.01381	0.00433	0.00620	0.02984	0.01031	0.00900
10	0.25165	0.15253	0.03479	0.02254	0.03043	0.12391	0.07073	0.08049	0.02637	0.08625	0.01974	0.02182	0.01515	0.01062	0.00877	0.00308	0.01255	0.00766	0.00698	0.01395
11	0.01386	0.01030	0.01306	0.01504	0.01662	0.00950	0.01087	0.01642	0.02239	0.02892	0.07067	0.42543	0.17322	0.03212	0.01387	0.00436	0.00672	0.09744	0.01011	0.00911

[dist]
# distance from previous block
# <min> <max>
2	9

[block]
# block no. 1 follows, 12 sequences, length 58
# corresponding to MSA columns:
# 85-142
name=unknown_B
#
# <colnr> <probs for GDERKNQSTAVLIFYWHMCP>
#	G	D	E	R	K	N	Q	S	T	A	V	L	I	F	Y	W	H	M	C	P
0	0.02948	0.02449	0.02893	0.02773	0.10349	0.02533	0.01930	0.15916	0.20649	0.04728	0.02994	0.03042	0.02287	0.01189	0.01022	0.00298	0.00994	0.00980	0.00903	0.19125
1	0.08704	0.01920	0.02310	0.01724	0.02621	0.01591	0.01401	0.03762	0.02556	0.23511	0.02805	0.02774	0.01993	0.01031	0.00907	0.00243	0.00856	0.00813	0.00916	0.37561
2	0.02771	0.09909	0.27365	0.03295	0.04565	0.02650	0.18567	0.03713	0.02498	0.10840	0.02328	0.02654	0.01659	0.01033	0.01092	0.00340	0.01542	0.00980	0.00618	0.01580
3	0.02930	0.03481	0.19883	0.03810	0.08858	0.02450	0.23674	0.03829	0.02596	0.13801	0.02536	0.02888	0.01788	0.01042	0.01159	0.00352	0.01548	0.01084	0.00682	0.01609
4	0.01328	0.00949	0.01265	0.01518	0.01581	0.00886	0.01012	0.01518	0.02088	0.02783	0.06010	0.60969	0.07212	0.03416	0.01392	0.00443	0.00633	0.03100	0.01012	0.00886
5	0.01408	0.00992	0.01287	0.01460	0.01519	0.00965	0.00958	0.01569	0.01942	0.02605	0.05153	0.43687	0.06083	0.17534	0.06908	0.00694	0.00918	0.02586	0.00895	0.00840
6	0.03516	0.07889	0.20782	0.02367	0.03444	0.02285	0.02457	0.04597	0.09896	0.26645	0.03316	0.03136	0.02245	0.01230	0.01047	0.00337	0.01167	0.00978	0.00947	0.01719
7	0.02282	0.04015	0.30642	0.03593	0.11539	0.02426	0.10298	0.03478	0.07287	0.03516	0.02655	0.08502	0.02245	0.01291	0.01122	0.00358	0.01428	0.01172	0.00604	0.01546
8	0.03559	0.02622	0.02790	0.02238	0.02971	0.02911	0.01816	0.35287	0.14172	0.06013	0.03112	0.03112	0.02280	0.01337	0.01047	0.00325	0.01034	0.01036	0.10626	0.01709
9	0.12062	0.04765	0.43023	0.02754	0.04157	0.02429	0.03384	0.03599	0.02318	0.08754	0.02123	0.02364	0.01481	0.01063	0.00990	0.00343	0.01435	0.00803	0.00578	0.01574
10	0.02729	0.02452	0.10001	0.01888	0.02926	0.01635	0.01740	0.03314	0.02423	0.13013	0.02371	0.02531	0.01779	0.00939	0.00893	0.00220	0.00944	0.00751	0.00747	0.46706
11	0.01682	0.01357	0.02028	0.02751	0.14513	0.01314	0.01553	0.01968	0.02145	0.02921	0.04847	0.42623	0.05626	0.07339	0.01638	0.00462	0.00827	0.02465	0.00870	0.01073
12	0.01391	0.00994	0.01337	0.01590	0.01681	0.00940	0.01121	0.01627	0.02149	0.02854	0.05975	0.53843	0.07074	0.03357	0.01408	0.00451	0.00687	0.09607	0.01011	0.00903
13	0.03569	0.08528	0.03840	0.11265	0.08099	0.08119	0.09159	0.12221	0.03112	0.17402	0.02653	0.02848	0.01888	0.01150	0.01070	0.00327	0.01338	0.00986	0.00835	0.01592
14	0.03782	0.10964	0.07208	0.01972	0.02753	0.02069	0.01755	0.04341	0.06538	0.31921	0.03367	0.03278	0.02334	0.01621	0.01487	0.10042	0.01016	0.00986	0.01003	0.01561
15	0.02224	0.10659	0.03878	0.46427	0.06688	0.02720	0.06777	0.02912	0.02217	0.02812	0.01900	0.02744	0.01462	0.01054	0.01050	0.00345	0.01444	0.00940	0.00487	0.01259
16	0.11547	0.01113	0.01447	0.01422	0.01519	0.01161	0.00980	0.01676	0.01483	0.02323	0.01840	0.03094	0.01792	0.03391	0.03748	0.58559	0.00932	0.00896	0.00502	0.00575
17	0.09958	0.02252	0.03115	0.02436	0.03118	0.02366	0.09509	0.12599	0.02983	0.17661	0.03912	0.03962	0.09434	0.01524	0.01476	0.00365	0.09701	0.01206	0.00929	0.01495
18	0.02506	0.29415	0.31677	0.02568	0.03799	0.03333	0.03018	0.03325	0.02228	0.03029	0.01740	0.02073	0.01392	0.01043	0.01043	0.00306	0.04824	0.00720	0.00464	0.01497
19	0.03714	0.01602	0.02114	0.01708	0.02368	0.01392	0.01378	0.04133	0.03023	0.37958	0.15157	0.05558	0.11600	0.01725	0.01161	0.00343	0.00792	0.01442	0.01272	0.01558
20	0.08052	0.02057	0.02787	0.12579	0.12523	0.01917	0.01975	0.03152	0.02338	0.08747	0.02160	0.02555	0.01679	0.00957	0.00922	0.00257	0.01020	0.00800	0.00672	0.32849
21	0.01645	0.09794	0.02000	0.01634	0.01871	0.01450	0.01258	0.01939	0.02267	0.02977	0.09780	0.39673	0.06511	0.02885	0.01302	0.00413	0.00759	0.09901	0.00950	0.00992
22	0.01508	0.01077	0.01471	0.01723	0.01865	0.01040	0.01324	0.01828	0.02264	0.02984	0.05911	0.40607	0.06820	0.03247	0.01440	0.00468	0.00788	0.21693	0.01009	0.00935
23	0.02261	0.01938	0.02261	0.01615	0.02584	0.01453	0.01292	0.02745	0.02261	0.03553	0.01938	0.02261	0.01615	0.00807	0.00807	0.00161	0.00807	0.00646	0.00646	0.68346
24	0.69383	0.02109	0.01603	0.01434	0.02109	0.02446	0.01181	0.03205	0.01856	0.04892	0.01518	0.01771	0.01181	0.01012	0.00675	0.00337	0.00843	0.00590	0.00675	0.01181
25	0.04400	0.01747	0.02373	0.01856	0.02614	0.01518	0.01518	0.04835	0.03116	0.48098	0.11653	0.04363	0.03815	0.01479	0.01124	0.00338	0.00867	0.01225	0.01328	0.01734
26	0.02643	0.01620	0.02230	0.12685	0.03263	0.01663	0.01745	0.07778	0.02846	0.15359	0.11386	0.16564	0.04872	0.02070	0.01240	0.00387	0.00949	0.08379	0.01021	0.01300
27	0.02059	0.01938	0.03270	0.59060	0.07510	0.02422	0.03028	0.02786	0.02180	0.02786	0.01938	0.02907	0.01453	0.01090	0.01090	0.00363	0.01453	0.00969	0.00484	0.01211
28	0.01325	0.00962	0.01252	0.01484	0.01573	0.00888	0.00997	0.01522	0.02120	0.02797	0.06421	0.56843	0.11072	0.03362	0.01383	0.00437	0.00626	0.03034	0.01012	0.00888
29	0.01451	0.01026	0.01319	0.01474	0.01627	0.00959	0.01057	0.01758	0.02354	0.03213	0.14940	0.38925	0.11217	0.02971	0.01335	0.00412	0.00633	0.07036	0.05361	0.00934
30	0.02636	0.02947	0.16200	0.18609	0.04974	0.02296	0.11121	0.03581	0.06504	0.10915	0.02538	0.03012	0.01842	0.01326	0.01360	0.05622	0.01394	0.01024	0.00668	0.01432
31	0.02191	0.02062	0.02817	0.02456	0.02456	0.02785	0.01966	0.02371	0.01649	0.02500	0.01919	0.03541	0.02047	0.16445	0.04058	0.00618	0.45426	0.01108	0.00522	0.01063
32	0.01657	0.01032	0.01382	0.01557	0.01692	0.00952	0.01067	0.01868	0.02183	0.07655	0.05852	0.55691	0.06796	0.03226	0.01364	0.00433	0.00660	0.02915	0.01043	0.00975
33	0.03053	0.02580	0.08493	0.08857	0.18540	0.02440	0.02603	0.07411	0.02698	0.14818	0.05841	0.03192	0.02393	0.01328	0.01492	0.00358	0.10504	0.01045	0.00778	0.01576
34	0.02922	0.08245	0.07272	0.15787	0.03949	0.02278	0.02164	0.10116	0.02902	0.14478	0.07342	0.07886	0.03249	0.01557	0.01118	0.00353	0.01126	0.04942	0.00881	0.01434
35	0.03075	0.02201	0.03005	0.02931	0.10126	0.02577	0.02107	0.09086	0.02568	0.13668	0.02513	0.02949	0.01960	0.01505	0.02049	0.00379	0.24688	0.00996	0.10164	0.01452
36	0.47886	0.02511	0.07534	0.02395	0.09972	0.02407	0.01810	0.03421	0.02093	0.08670	0.01864	0.02114	0.01402	0.01036	0.00803	0.00336	0.00992	0.00708	0.00689	0.01357
37	0.01454	0.01107	0.01344	0.01346	0.01623	0.00997	0.01019	0.01857	0.02743	0.03649	0.31156	0.14153	0.24710	0.02584	0.01315	0.00374	0.00578	0.05913	0.01103	0.00977
38	0.02345	0.02038	0.02480	0.02142	0.07429	0.01681	0.01524	0.03098	0.07227	0.03652	0.02192	0.02478	0.01793	0.00888	0.00862	0.00197	0.00858	0.00733	0.00681	0.55701
39	0.01535	0.01087	0.01353	0.01458	0.01588	0.01048	0.01038	0.01767	0.02139	0.02826	0.10336	0.20795	0.10499	0.24024	0.02887	0.00659	0.00849	0.12359	0.00903	0.00849
40	0.15360	0.01897	0.02380	0.01858	0.02674	0.01739	0.01534	0.04972	0.02915	0.47398	0.03850	0.03396	0.02453	0.01295	0.01028	0.00337	0.00914	0.01014	0.01240	0.01746
41	0.01373	0.01006	0.01290	0.01434	0.01579	0.00923	0.00993	0.01648	0.02366	0.03168	0.17720	0.42619	0.13738	0.03063	0.01355	0.00411	0.00596	0.02742	0.01055	0.00923
42	0.04892	0.01856	0.02530	0.01940	0.02783	0.01603	0.01603	0.05314	0.03121	0.55634	0.04302	0.03711	0.02699	0.01350	0.01096	0.00337	0.00928	0.01096	0.01350	0.01856
43	0.02712	0.02342	0.02465	0.02219	0.02835	0.02712	0.01726	0.05794	0.52909	0.04561	0.04438	0.04068	0.03328	0.01479	0.01109	0.00370	0.00863	0.01233	0.01109	0.01726
44	0.04145	0.03054	0.03272	0.02509	0.03381	0.03381	0.02072	0.51243	0.05127	0.06872	0.02618	0.02618	0.01854	0.01309	0.01091	0.00327	0.01200	0.00982	0.01091	0.01854
45	0.02712	0.02342	0.02465	0.02219	0.02835	0.02712	0.01726	0.05794	0.52909	0.04561	0.04438	0.04068	0.03328	0.01479	0.01109	0.00370	0.00863	0.01233	0.01109	0.01726
46	0.02752	0.02193	0.02484	0.01876	0.02742	0.01988	0.01504	0.17251	0.03110	0.04490	0.02476	0.07167	0.02145	0.01172	0.00941	0.00234	0.00911	0.00948	0.00810	0.42807
47	0.02620	0.01922	0.03124	0.47761	0.06575	0.02260	0.02746	0.03286	0.02366	0.13240	0.02406	0.03066	0.01700	0.01141	0.01091	0.00358	0.01349	0.00994	0.00656	0.01339
48	0.04166	0.07940	0.03302	0.03089	0.15455	0.02108	0.02052	0.04635	0.02877	0.37789	0.03482	0.03273	0.02336	0.01217	0.01054	0.00324	0.01040	0.01016	0.01066	0.01780
49	0.02411	0.02571	0.09931	0.02199	0.02855	0.02390	0.01915	0.04663	0.35535	0.03960	0.03833	0.04137	0.03052	0.07965	0.07168	0.00572	0.01195	0.01200	0.00920	0.01530
50	0.01437	0.01004	0.01276	0.01420	0.01471	0.00983	0.00915	0.01575	0.01884	0.02528	0.04862	0.37578	0.05718	0.24345	0.07198	0.00761	0.00960	0.02416	0.00855	0.00813
51	0.09562	0.07476	0.18846	0.02334	0.03370	0.09784	0.02357	0.04081	0.02623	0.20180	0.02601	0.02620	0.01809	0.01121	0.00974	0.00311	0.01275	0.00837	0.00795	0.07043
52	0.03407	0.02040	0.03080	0.15881	0.16033	0.02060	0.02311	0.06532	0.02787	0.24483	0.03287	0.07912	0.02513	0.01369	0.01115	0.00348	0.01123	0.01196	0.00923	0.01601
53	0.02699	0.02591	0.04426	0.06693	0.54879	0.02591	0.03346	0.03346	0.02483	0.03562	0.02051	0.02699	0.01727	0.00972	0.01079	0.00324	0.01295	0.00972	0.00540	0.01727
54	0.01712	0.01260	0.01670	0.01875	0.02102	0.01275	0.01523	0.02355	0.07024	0.03234	0.05723	0.26653	0.06294	0.02996	0.01434	0.00471	0.00876	0.29473	0.01016	0.01034
55	0.04216	0.02542	0.03161	0.02896	0.10525	0.02607	0.02080	0.27320	0.04003	0.24525	0.03163	0.03036	0.02150	0.01276	0.01091	0.00331	0.01112	0.01023	0.01108	0.01837
56	0.08300	0.07816	0.03058	0.09286	0.07584	0.02648	0.01982	0.18247	0.07366	0.09689	0.07038	0.06606	0.02907	0.01414	0.01057	0.00336	0.01064	0.01149	0.00914	0.01538
57	0.02613	0.02498	0.03842	0.04982	0.32894	0.02817	0.02846	0.03494	0.09468	0.03443	0.02219	0.02807	0.01873	0.01306	0.01782	0.00373	0.17557	0.01004	0.00604	0.01578

[dist]
# distance from previous block
# <min> <max>
7	25

[block]
# block no. 2 follows, 12 sequences, length 20
# corresponding to MSA columns:
# 168-187
name=unknown_C
#
# <colnr> <probs for GDERKNQSTAVLIFYWHMCP>
#	G	D	E	R	K	N	Q	S	T	A	V	L	I	F	Y	W	H	M	C	P
0	0.01543	0.01115	0.01457	0.01372	0.01629	0.01029	0.01029	0.02058	0.03086	0.04372	0.54304	0.08145	0.10288	0.02229	0.01286	0.00343	0.00514	0.01972	0.01200	0.01029
1	0.03167	0.03796	0.28674	0.02562	0.03739	0.02262	0.02811	0.04493	0.11921	0.20686	0.03180	0.03088	0.02171	0.01220	0.01069	0.00347	0.01250	0.00980	0.00870	0.01712
2	0.03109	0.03587	0.03941	0.11768	0.13619	0.24765	0.10615	0.03621	0.02613	0.02979	0.01847	0.02439	0.01514	0.01142	0.01345	0.00336	0.07945	0.00913	0.00536	0.01367
3	0.69383	0.02109	0.01603	0.01434	0.02109	0.02446	0.01181	0.03205	0.01856	0.04892	0.01518	0.01771	0.01181	0.01012	0.00675	0.00337	0.00843	0.00590	0.00675	0.01181
4	0.02699	0.02591	0.04426	0.06693	0.54879	0.02591	0.03346	0.03346	0.02483	0.03562	0.02051	0.02699	0.01727	0.00972	0.01079	0.00324	0.01295	0.00972	0.00540	0.01727
5	0.02261	0.01938	0.02261	0.01615	0.02584	0.01453	0.01292	0.02745	0.02261	0.03553	0.01938	0.02261	0.01615	0.00807	0.00807	0.00161	0.00807	0.00646	0.00646	0.68346
6	0.03500	0.12270	0.03538	0.02362	0.03017	0.02679	0.05543	0.09379	0.02751	0.21764	0.02782	0.02982	0.02052	0.01962	0.06544	0.00475	0.13005	0.00989	0.00868	0.01539
7	0.02261	0.01938	0.02261	0.01615	0.02584	0.01453	0.01292	0.02745	0.02261	0.03553	0.01938	0.02261	0.01615	0.00807	0.00807	0.00161	0.00807	0.00646	0.00646	0.68346
8	0.02708	0.46178	0.20054	0.02220	0.03346	0.03806	0.02482	0.03319	0.02240	0.02818	0.01642	0.01907	0.01394	0.00962	0.00795	0.00265	0.01293	0.00646	0.00465	0.01460
9	0.01859	0.01248	0.01369	0.01277	0.01618	0.01199	0.00974	0.06357	0.02828	0.04082	0.20704	0.06985	0.19660	0.01984	0.01097	0.00319	0.00583	0.01664	0.23128	0.01066
10	0.01586	0.01057	0.01189	0.01189	0.01189	0.01057	0.00661	0.01586	0.01586	0.02114	0.03436	0.07135	0.03964	0.61681	0.05550	0.01057	0.01057	0.01586	0.00661	0.00661
11	0.01767	0.01919	0.08335	0.12407	0.03248	0.01727	0.01916	0.02408	0.06006	0.02985	0.04247	0.33688	0.04643	0.02423	0.01475	0.00414	0.06360	0.02099	0.00809	0.01123
12	0.02896	0.02405	0.11526	0.09235	0.07063	0.01839	0.06051	0.03516	0.02614	0.19932	0.07961	0.13250	0.03607	0.01632	0.01166	0.00361	0.01113	0.01453	0.00915	0.01466
13	0.04117	0.01779	0.02340	0.01893	0.02605	0.01621	0.01525	0.04813	0.08380	0.42008	0.08304	0.08637	0.03709	0.01595	0.01136	0.00350	0.00866	0.01338	0.01285	0.01701
14	0.04271	0.01810	0.02546	0.08642	0.03289	0.01667	0.01784	0.04736	0.02954	0.44611	0.04160	0.04409	0.02883	0.01472	0.01134	0.00356	0.00996	0.05364	0.01216	0.01702
15	0.02634	0.03105	0.15751	0.08169	0.17207	0.02406	0.11873	0.06957	0.02750	0.07330	0.08370	0.03371	0.02694	0.01184	0.01135	0.00343	0.01356	0.01119	0.00694	0.01551
16	0.14735	0.02137	0.03161	0.30444	0.10721	0.02448	0.05655	0.07102	0.02429	0.03660	0.02221	0.06529	0.01865	0.01226	0.01045	0.00357	0.01272	0.01064	0.00618	0.01312
17	0.01374	0.00982	0.01318	0.01571	0.01654	0.00925	0.01092	0.01598	0.02133	0.02835	0.05984	0.55746	0.07111	0.03373	0.01404	0.00449	0.00672	0.07869	0.01011	0.00898
18	0.63575	0.02383	0.01735	0.01556	0.02221	0.07324	0.01263	0.03307	0.01965	0.04694	0.01533	0.01789	0.01201	0.01022	0.00702	0.00332	0.00943	0.00600	0.00665	0.01188
19	0.09569	0.05801	0.01741	0.01423	0.01727	0.01422	0.01075	0.02157	0.02590	0.03852	0.32168	0.15092	0.07521	0.07349	0.01558	0.00412	0.00668	0.01848	0.01007	0.01020

[dist]
# distance from previous block
# <min> <max>
1	4

[block]
# block no. 3 follows, 12 sequences, length 9
# corresponding to MSA columns:
# 192-200
name=unknown_D
#
# <colnr> <probs for GDERKNQSTAVLIFYWHMCP>
#	G	D	E	R	K	N	Q	S	T	A	V	L	I	F	Y	W	H	M	C	P
0	0.03006	0.01913	0.02658	0.19587	0.04178	0.01801	0.01927	0.03546	0.02500	0.19302	0.02664	0.02907	0.01898	0.01062	0.00984	0.00278	0.01045	0.00885	0.00812	0.27049
1	0.31810	0.02801	0.08809	0.02046	0.02919	0.02641	0.01865	0.18836	0.03123	0.12185	0.02297	0.02366	0.01624	0.01155	0.00908	0.00335	0.01061	0.00809	0.00873	0.01538
2	0.02612	0.02677	0.12400	0.33132	0.06030	0.02351	0.09314	0.03405	0.02407	0.11633	0.02363	0.02942	0.01672	0.01101	0.01108	0.00357	0.01445	0.01005	0.00631	0.01418
3	0.22986	0.01356	0.01199	0.01146	0.01531	0.01461	0.00892	0.02747	0.02153	0.04322	0.02923	0.03351	0.02293	0.01190	0.00735	0.00280	0.00612	0.00884	0.46871	0.01067
4	0.22523	0.01347	0.01376	0.01427	0.01739	0.01393	0.01046	0.02114	0.02182	0.03652	0.11083	0.30410	0.11031	0.02449	0.01144	0.00389	0.00675	0.02091	0.00930	0.00999
5	0.02640	0.01334	0.01742	0.01508	0.01948	0.01206	0.01177	0.03125	0.03007	0.20286	0.33032	0.06306	0.07083	0.01847	0.01168	0.00331	0.00642	0.01592	0.08741	0.01285
6	0.22513	0.01391	0.01291	0.01272	0.01652	0.01406	0.00943	0.02071	0.02131	0.03432	0.06518	0.14162	0.25645	0.09176	0.01608	0.00449	0.00713	0.01793	0.00866	0.00967
7	0.23092	0.04541	0.39098	0.02587	0.03907	0.02505	0.03143	0.03376	0.02163	0.03901	0.01820	0.02137	0.01319	0.01029	0.00924	0.00343	0.01372	0.00739	0.00527	0.01477
8	0.02649	0.43546	0.04953	0.19659	0.04264	0.03726	0.02227	0.03116	0.02205	0.02634	0.01647	0.02109	0.01416	0.00982	0.00821	0.00274	0.01255	0.00703	0.00472	0.01341

[dist]
# distance from previous block
# <min> <max>
0	1

[block]
# block no. 4 follows, 12 sequences, length 24
# corresponding to MSA columns:
# 202-225
name=unknown_E
#
# <colnr> <probs for GDERKNQSTAVLIFYWHMCP>
#	G	D	E	R	K	N	Q	S	T	A	V	L	I	F	Y	W	H	M	C	P
0	0.03914	0.02219	0.02972	0.02347	0.03148	0.02216	0.06728	0.09148	0.18722	0.30299	0.03988	0.03651	0.02717	0.01342	0.01120	0.00350	0.01024	0.01149	0.01171	0.01776
1	0.02163	0.01849	0.02278	0.07469	0.02985	0.01507	0.01441	0.02675	0.02342	0.03563	0.07594	0.02963	0.02535	0.00990	0.00888	0.00202	0.00842	0.00822	0.00689	0.54203
2	0.03389	0.02264	0.02759	0.02255	0.02795	0.02526	0.01835	0.21412	0.03475	0.15491	0.08852	0.08299	0.03342	0.01728	0.01678	0.00373	0.13682	0.01289	0.01018	0.01537
3	0.62782	0.02083	0.01698	0.01486	0.02178	0.02360	0.01224	0.03421	0.01985	0.10086	0.01803	0.01970	0.01336	0.01047	0.00718	0.00337	0.00852	0.00642	0.00744	0.01250
4	0.02547	0.01313	0.01711	0.01492	0.01915	0.01190	0.01161	0.03034	0.03006	0.18849	0.34399	0.06427	0.07291	0.01871	0.01173	0.00331	0.00631	0.01616	0.08782	0.01261
5	0.02786	0.08669	0.21947	0.07825	0.04606	0.02769	0.14483	0.09140	0.06126	0.07591	0.02390	0.02717	0.01735	0.01087	0.01088	0.00342	0.01468	0.00986	0.00665	0.01579
6	0.19571	0.02043	0.02398	0.01886	0.02694	0.01988	0.01557	0.09792	0.03048	0.38754	0.03483	0.03149	0.02260	0.01268	0.00999	0.00336	0.00938	0.00968	0.01167	0.01701
7	0.04832	0.01953	0.02590	0.01986	0.02832	0.01747	0.01641	0.09034	0.03283	0.51685	0.04165	0.03623	0.02631	0.01346	0.01096	0.00337	0.00950	0.01087	0.01329	0.01855
8	0.03200	0.02306	0.03019	0.09210	0.13667	0.02485	0.02190	0.08568	0.23431	0.14777	0.03521	0.03482	0.02561	0.01297	0.01097	0.00350	0.01053	0.01104	0.00977	0.01707
9	0.04439	0.02330	0.02728	0.08250	0.03404	0.08132	0.01848	0.08272	0.03162	0.40378	0.03627	0.03347	0.02356	0.01293	0.01083	0.00333	0.01122	0.01030	0.01148	0.01719
10	0.04892	0.01856	0.02530	0.01940	0.02783	0.01603	0.01603	0.05314	0.03121	0.55634	0.04302	0.03711	0.02699	0.01350	0.01096	0.00337	0.00928	0.01096	0.01350	0.01856
11	0.69383	0.02109	0.01603	0.01434	0.02109	0.02446	0.01181	0.03205	0.01856	0.04892	0.01518	0.01771	0.01181	0.01012	0.00675	0.00337	0.00843	0.00590	0.00675	0.01181
12	0.01788	0.01228	0.01672	0.01895	0.02146	0.01228	0.01643	0.02291	0.02485	0.03355	0.05520	0.11359	0.05878	0.02813	0.01421	0.00474	0.00947	0.42228	0.08623	0.01005
13	0.02111	0.01908	0.03025	0.42998	0.06017	0.02416	0.02661	0.02731	0.02107	0.02905	0.02038	0.02952	0.01603	0.01248	0.01470	0.00370	0.11122	0.00972	0.08162	0.01186
14	0.01732	0.01242	0.01521	0.01427	0.01725	0.01218	0.01077	0.02536	0.08641	0.04359	0.42859	0.07217	0.08644	0.02035	0.01206	0.00336	0.00553	0.01779	0.08787	0.01106
15	0.01514	0.01113	0.01417	0.01341	0.01611	0.01017	0.01006	0.02002	0.03018	0.04211	0.49402	0.08411	0.15291	0.02289	0.01286	0.00346	0.00519	0.02009	0.01179	0.01017
16	0.03067	0.01530	0.02068	0.01764	0.02237	0.01461	0.01394	0.03482	0.02874	0.26647	0.22592	0.11411	0.05864	0.01943	0.01407	0.00363	0.05697	0.01622	0.01185	0.01392
17	0.01543	0.01115	0.01457	0.01372	0.01629	0.01029	0.01029	0.02058	0.03086	0.04372	0.54304	0.08145	0.10288	0.02229	0.01286	0.00343	0.00514	0.01972	0.01200	0.01029
18	0.02261	0.01938	0.02261	0.01615	0.02584	0.01453	0.01292	0.02745	0.02261	0.03553	0.01938	0.02261	0.01615	0.00807	0.00807	0.00161	0.00807	0.00646	0.00646	0.68346
19	0.04145	0.03054	0.03272	0.02509	0.03381	0.03381	0.02072	0.51243	0.05127	0.06872	0.02618	0.02618	0.01854	0.01309	0.01091	0.00327	0.01200	0.00982	0.01091	0.01854
20	0.01378	0.01048	0.01282	0.01447	0.01644	0.00952	0.01058	0.01643	0.02287	0.02910	0.07712	0.36407	0.23365	0.03131	0.01373	0.00426	0.00659	0.09352	0.01011	0.00915
21	0.02235	0.01619	0.02277	0.19357	0.03723	0.01742	0.01804	0.07797	0.02901	0.08232	0.22125	0.12411	0.05618	0.01859	0.01202	0.00360	0.00928	0.01629	0.00956	0.01225
22	0.17798	0.25332	0.03902	0.08842	0.07581	0.03012	0.05153	0.03010	0.02160	0.03295	0.02193	0.09134	0.02096	0.01268	0.00892	0.00314	0.01117	0.01010	0.00593	0.01299
23	0.02450	0.02397	0.09076	0.19981	0.07937	0.02253	0.05223	0.03448	0.09364	0.08714	0.06656	0.08120	0.02969	0.01469	0.01292	0.00369	0.04858	0.01263	0.00758	0.01403

[dist]
# distance from previous block
# <min> <max>
1	14

[block]
# block no. 5 follows, 12 sequences, length 21
# corresponding to MSA columns:
# 240-260
name=unknown_F
#
# <colnr> <probs for GDERKNQSTAVLIFYWHMCP>
#	G	D	E	R	K	N	Q	S	T	A	V	L	I	F	Y	W	H	M	C	P
0	0.08300	0.09916	0.02788	0.02028	0.02657	0.11478	0.01650	0.11883	0.08003	0.10523	0.02789	0.02998	0.02146	0.02066	0.07828	0.00480	0.01355	0.00924	0.08759	0.01431
1	0.02914	0.01382	0.01767	0.01566	0.01986	0.01276	0.01210	0.03279	0.02571	0.22932	0.10278	0.06114	0.04357	0.14872	0.02092	0.00503	0.00848	0.06997	0.11804	0.01253
2	0.09869	0.09670	0.09115	0.02356	0.07172	0.02226	0.01949	0.03892	0.06271	0.19436	0.03000	0.03145	0.02206	0.02038	0.07879	0.00495	0.01271	0.00951	0.05545	0.01515
3	0.03689	0.02765	0.07668	0.08614	0.10050	0.02635	0.02354	0.22305	0.06654	0.17693	0.02950	0.02988	0.02056	0.01243	0.01087	0.00337	0.01184	0.01008	0.00974	0.01746
4	0.54675	0.02063	0.02020	0.01703	0.02371	0.02308	0.06144	0.03155	0.01979	0.04653	0.01829	0.02161	0.01420	0.01033	0.00747	0.00331	0.00904	0.00711	0.08602	0.01191
5	0.09566	0.01575	0.01824	0.01608	0.02086	0.01561	0.01251	0.08789	0.02862	0.16907	0.11268	0.14954	0.04424	0.01814	0.01070	0.00340	0.00751	0.01523	0.14511	0.01315
6	0.01902	0.16618	0.08798	0.01589	0.02197	0.01967	0.01500	0.02369	0.02461	0.03242	0.14095	0.09225	0.20644	0.01928	0.01075	0.00323	0.00822	0.01582	0.06519	0.01144
7	0.02627	0.02740	0.10573	0.09854	0.04320	0.02413	0.15618	0.06506	0.13768	0.07873	0.09172	0.03776	0.03105	0.01292	0.01166	0.00357	0.01282	0.01226	0.00823	0.01509
8	0.01586	0.01221	0.01473	0.01475	0.01761	0.01170	0.01113	0.02251	0.07758	0.03713	0.27423	0.17349	0.18681	0.02536	0.01305	0.00381	0.00619	0.06033	0.01101	0.01049
9	0.01352	0.00995	0.01305	0.01496	0.01613	0.00948	0.01033	0.01577	0.02095	0.02772	0.06245	0.47850	0.12427	0.03920	0.08247	0.00594	0.00904	0.02765	0.00960	0.00901
10	0.02786	0.02174	0.02672	0.02058	0.02769	0.02159	0.01682	0.08897	0.02555	0.08983	0.02137	0.02481	0.01709	0.01189	0.01539	0.00276	0.15064	0.00807	0.00730	0.37335
11	0.04145	0.03054	0.03272	0.02509	0.03381	0.03381	0.02072	0.51243	0.05127	0.06872	0.02618	0.02618	0.01854	0.01309	0.01091	0.00327	0.01200	0.00982	0.01091	0.01854
12	0.01328	0.00949	0.01265	0.01518	0.01581	0.00886	0.01012	0.01518	0.02088	0.02783	0.06010	0.60969	0.07212	0.03416	0.01392	0.00443	0.00633	0.03100	0.01012	0.00886
13	0.01492	0.01073	0.01479	0.01651	0.01780	0.01090	0.01225	0.01780	0.02057	0.02772	0.05023	0.33153	0.05693	0.08884	0.15191	0.00817	0.01292	0.11753	0.00881	0.00914
14	0.03526	0.38100	0.08178	0.01978	0.02928	0.03281	0.01929	0.03964	0.02525	0.20403	0.02480	0.02445	0.01833	0.01080	0.00856	0.00276	0.01117	0.00771	0.00762	0.01567
15	0.01487	0.01037	0.01197	0.01258	0.01318	0.00999	0.00766	0.01567	0.01817	0.02377	0.04988	0.20495	0.10939	0.40438	0.04027	0.00825	0.00893	0.02038	0.00788	0.00747
16	0.02562	0.10591	0.16423	0.20055	0.09268	0.07053	0.05523	0.06129	0.02517	0.03333	0.02026	0.02576	0.01558	0.01064	0.01013	0.00325	0.01437	0.00882	0.04244	0.01421
17	0.02163	0.01585	0.01911	0.01565	0.02188	0.01280	0.01172	0.02512	0.02205	0.07330	0.03290	0.17127	0.03337	0.08912	0.01550	0.00353	0.00805	0.01388	0.00792	0.38533
18	0.03067	0.04142	0.32816	0.02641	0.03932	0.02326	0.03004	0.09497	0.02827	0.16249	0.02590	0.02671	0.01769	0.01125	0.01039	0.00327	0.01337	0.00883	0.00761	0.07000
19	0.03643	0.09759	0.03526	0.09109	0.03722	0.02782	0.05445	0.17134	0.07096	0.19026	0.02922	0.02975	0.02064	0.01267	0.01197	0.00337	0.04399	0.01003	0.00945	0.01649
20	0.01565	0.01068	0.01397	0.01432	0.01502	0.01121	0.00955	0.01678	0.01695	0.02322	0.03510	0.13458	0.03862	0.31988	0.21274	0.06532	0.01579	0.01614	0.00671	0.00776

[dist]
# distance from previous block
# <min> <max>
0	1

[block]
# block no. 6 follows, 12 sequences, length 8
# corresponding to MSA columns:
# 262-269
name=unknown_G
#
# <colnr> <probs for GDERKNQSTAVLIFYWHMCP>
#	G	D	E	R	K	N	Q	S	T	A	V	L	I	F	Y	W	H	M	C	P
0	0.01328	0.00949	0.01265	0.01518	0.01581	0.00886	0.01012	0.01518	0.02088	0.02783	0.06010	0.60969	0.07212	0.03416	0.01392	0.00443	0.00633	0.03100	0.01012	0.00886
1	0.02261	0.01938	0.02261	0.01615	0.02584	0.01453	0.01292	0.02745	0.02261	0.03553	0.01938	0.02261	0.01615	0.00807	0.00807	0.00161	0.00807	0.00646	0.00646	0.68346
2	0.02666	0.02288	0.06903	0.08006	0.08660	0.01775	0.01939	0.03245	0.02405	0.11116	0.02298	0.02586	0.01751	0.00950	0.00924	0.00239	0.01004	0.00790	0.00708	0.39747
3	0.11539	0.01211	0.01250	0.01225	0.01324	0.01261	0.00737	0.01823	0.01625	0.02522	0.03154	0.06348	0.03555	0.52774	0.04834	0.00951	0.01026	0.01440	0.00663	0.00737
4	0.07657	0.11743	0.16601	0.02777	0.07491	0.02938	0.02518	0.10793	0.09380	0.08177	0.02431	0.02619	0.01835	0.01225	0.01241	0.00340	0.07019	0.00893	0.00734	0.01589
5	0.02915	0.62337	0.05714	0.01866	0.02799	0.04314	0.01866	0.03265	0.02215	0.02565	0.01516	0.01749	0.01399	0.00933	0.00700	0.00233	0.01166	0.00583	0.00466	0.01399
6	0.07285	0.01425	0.02014	0.05606	0.02391	0.01507	0.04813	0.02350	0.06957	0.02950	0.07060	0.11603	0.03513	0.07108	0.06398	0.22888	0.01097	0.01401	0.00710	0.00923
7	0.01505	0.01211	0.01579	0.01871	0.07045	0.01107	0.01192	0.01848	0.02501	0.03290	0.18591	0.24889	0.24028	0.02658	0.01299	0.00381	0.00645	0.02337	0.01007	0.01018

[dist]
# distance from previous block
# <min> <max>
0	37

[block]
# block no. 7 follows, 12 sequences, length 7
# corresponding to MSA columns:
# 307-313
name=unknown_H
#
# <colnr> <probs for GDERKNQSTAVLIFYWHMCP>
#	G	D	E	R	K	N	Q	S	T	A	V	L	I	F	Y	W	H	M	C	P
0	0.23297	0.18958	0.16288	0.02380	0.03325	0.03071	0.06901	0.03254	0.02109	0.03593	0.01680	0.02060	0.01354	0.01070	0.01092	0.00327	0.06592	0.00740	0.00539	0.01370
1	0.23777	0.02916	0.14990	0.13083	0.09298	0.02327	0.02448	0.03285	0.02203	0.07032	0.01966	0.02369	0.01471	0.01029	0.00917	0.00325	0.01184	0.00787	0.00614	0.07978
2	0.01808	0.01374	0.01630	0.01524	0.01813	0.01404	0.01114	0.02792	0.13765	0.03996	0.33925	0.07061	0.07587	0.13065	0.02036	0.00481	0.00691	0.01738	0.01080	0.01114
3	0.01486	0.01160	0.01363	0.01421	0.01671	0.01093	0.01023	0.02034	0.07069	0.03321	0.17304	0.28976	0.22474	0.02789	0.01312	0.00392	0.00604	0.02446	0.01060	0.01003
4	0.02342	0.02059	0.02662	0.02555	0.12260	0.01664	0.01672	0.02857	0.02302	0.03555	0.01959	0.02342	0.01636	0.00838	0.00858	0.00192	0.00898	0.00706	0.00626	0.56019
5	0.01519	0.01108	0.01461	0.01618	0.01820	0.01049	0.01260	0.01894	0.02480	0.03289	0.16111	0.27658	0.12604	0.02965	0.01400	0.00436	0.00732	0.18588	0.01047	0.00960
6	0.02672	0.36617	0.10396	0.02390	0.03299	0.03558	0.07409	0.03178	0.02200	0.02862	0.01667	0.02065	0.01450	0.01051	0.01167	0.00283	0.08531	0.00735	0.00494	0.07975

[dist]
# distance from previous block
# <min> <max>
0	1

[block]
# block no. 8 follows, 12 sequences, length 17
# corresponding to MSA columns:
# 315-331
name=unknown_I
#
# <colnr> <probs for GDERKNQSTAVLIFYWHMCP>
#	G	D	E	R	K	N	Q	S	T	A	V	L	I	F	Y	W	H	M	C	P
0	0.02097	0.01423	0.01736	0.01469	0.01968	0.01203	0.01104	0.02481	0.02527	0.09296	0.19238	0.09600	0.09968	0.09458	0.01676	0.00389	0.00729	0.01537	0.00952	0.21148
1	0.01534	0.01029	0.01351	0.01393	0.01534	0.00965	0.00969	0.01709	0.02326	0.03171	0.23462	0.22783	0.10436	0.06899	0.02184	0.13684	0.00672	0.02100	0.00954	0.00846
2	0.02215	0.02430	0.09693	0.30416	0.05237	0.02382	0.02636	0.08036	0.02490	0.03322	0.03055	0.08248	0.06319	0.01522	0.01372	0.00375	0.07097	0.01236	0.00636	0.01281
3	0.01363	0.01072	0.01239	0.01327	0.01584	0.00948	0.00978	0.01654	0.02425	0.03057	0.13165	0.25434	0.32304	0.02927	0.01337	0.00399	0.00610	0.06221	0.01029	0.00927
4	0.08581	0.02143	0.03253	0.35392	0.16344	0.02497	0.02755	0.03328	0.08715	0.03373	0.02243	0.02906	0.01726	0.01108	0.01051	0.00353	0.01287	0.00968	0.00594	0.01383
5	0.69383	0.02109	0.01603	0.01434	0.02109	0.02446	0.01181	0.03205	0.01856	0.04892	0.01518	0.01771	0.01181	0.01012	0.00675	0.00337	0.00843	0.00590	0.00675	0.01181
6	0.02932	0.02442	0.06436	0.02717	0.09979	0.02239	0.01996	0.04579	0.23808	0.12413	0.03393	0.03321	0.02513	0.01217	0.01035	0.00313	0.00973	0.01022	0.00928	0.15745
7	0.01543	0.01115	0.01457	0.01372	0.01629	0.01029	0.01029	0.02058	0.03086	0.04372	0.54304	0.08145	0.10288	0.02229	0.01286	0.00343	0.00514	0.01972	0.01200	0.01029
8	0.01511	0.01113	0.01412	0.01337	0.01609	0.01015	0.01003	0.01994	0.03009	0.04190	0.48760	0.08446	0.15946	0.02297	0.01286	0.00346	0.00519	0.02014	0.01176	0.01015
9	0.02502	0.02370	0.03934	0.18722	0.38337	0.02437	0.03066	0.03152	0.02388	0.03375	0.02013	0.02705	0.01650	0.00984	0.01055	0.00317	0.01285	0.00939	0.00537	0.08233
10	0.69383	0.02109	0.01603	0.01434	0.02109	0.02446	0.01181	0.03205	0.01856	0.04892	0.01518	0.01771	0.01181	0.01012	0.00675	0.00337	0.00843	0.00590	0.00675	0.01181
11	0.01583	0.01069	0.01252	0.01252	0.01273	0.01091	0.00739	0.01626	0.01604	0.02161	0.03378	0.06818	0.03826	0.55732	0.11310	0.01134	0.01264	0.01539	0.00652	0.00695
12	0.69383	0.02109	0.01603	0.01434	0.02109	0.02446	0.01181	0.03205	0.01856	0.04892	0.01518	0.01771	0.01181	0.01012	0.00675	0.00337	0.00843	0.00590	0.00675	0.01181
13	0.02059	0.01938	0.03270	0.59060	0.07510	0.02422	0.03028	0.02786	0.02180	0.02786	0.01938	0.02907	0.01453	0.01090	0.01090	0.00363	0.01453	0.00969	0.00484	0.01211
14	0.69383	0.02109	0.01603	0.01434	0.02109	0.02446	0.01181	0.03205	0.01856	0.04892	0.01518	0.01771	0.01181	0.01012	0.00675	0.00337	0.00843	0.00590	0.00675	0.01181
15	0.04145	0.03054	0.03272	0.02509	0.03381	0.03381	0.02072	0.51243	0.05127	0.06872	0.02618	0.02618	0.01854	0.01309	0.01091	0.00327	0.01200	0.00982	0.01091	0.01854
16	0.02581	0.02471	0.04214	0.16304	0.46185	0.02560	0.03288	0.03243	0.02427	0.03420	0.02030	0.02737	0.01677	0.00993	0.01081	0.00331	0.01324	0.00971	0.00530	0.01632

[dist]
# distance from previous block
# <min> <max>
0	11

[block]
# block no. 9 follows, 12 sequences, length 32
# corresponding to MSA columns:
# 343-374
name=unknown_J
#
# <colnr> <probs for GDERKNQSTAVLIFYWHMCP>
#	G	D	E	R	K	N	Q	S	T	A	V	L	I	F	Y	W	H	M	C	P
0	0.02108	0.08026	0.31653	0.02715	0.03813	0.02247	0.06590	0.03044	0.02446	0.03456	0.08512	0.05001	0.03388	0.01556	0.01155	0.00371	0.01352	0.10510	0.00661	0.01397
1	0.01328	0.00949	0.01265	0.01518	0.01581	0.00886	0.01012	0.01518	0.02088	0.02783	0.06010	0.60969	0.07212	0.03416	0.01392	0.00443	0.00633	0.03100	0.01012	0.00886
2	0.69383	0.02109	0.01603	0.01434	0.02109	0.02446	0.01181	0.03205	0.01856	0.04892	0.01518	0.01771	0.01181	0.01012	0.00675	0.00337	0.00843	0.00590	0.00675	0.01181
3	0.01289	0.01105	0.01105	0.01105	0.01473	0.00920	0.00828	0.01565	0.02485	0.02946	0.11046	0.10493	0.54437	0.02761	0.01289	0.00368	0.00552	0.02301	0.01013	0.00920
4	0.02261	0.01938	0.02261	0.01615	0.02584	0.01453	0.01292	0.02745	0.02261	0.03553	0.01938	0.02261	0.01615	0.00807	0.00807	0.00161	0.00807	0.00646	0.00646	0.68346
5	0.02712	0.02342	0.02465	0.02219	0.02835	0.02712	0.01726	0.05794	0.52909	0.04561	0.04438	0.04068	0.03328	0.01479	0.01109	0.00370	0.00863	0.01233	0.01109	0.01726
6	0.04892	0.01856	0.02530	0.01940	0.02783	0.01603	0.01603	0.05314	0.03121	0.55634	0.04302	0.03711	0.02699	0.01350	0.01096	0.00337	0.00928	0.01096	0.01350	0.01856
7	0.04073	0.05197	0.03090	0.02809	0.03371	0.57303	0.02107	0.04354	0.03090	0.02669	0.01685	0.01966	0.01404	0.01124	0.00983	0.00281	0.01966	0.00702	0.00562	0.01264
8	0.01410	0.01025	0.01330	0.01432	0.01593	0.00944	0.01006	0.01733	0.02507	0.03419	0.25332	0.36762	0.11646	0.02905	0.01343	0.00398	0.00581	0.02602	0.01086	0.00944
9	0.02838	0.56951	0.05301	0.01791	0.02664	0.04025	0.01769	0.03201	0.02222	0.02697	0.01695	0.01952	0.01522	0.00962	0.00705	0.00235	0.01108	0.00621	0.06375	0.01366
10	0.03274	0.01943	0.02361	0.01826	0.02593	0.01757	0.01475	0.12051	0.03210	0.20621	0.13506	0.03982	0.03770	0.01357	0.01046	0.00283	0.00855	0.01118	0.01059	0.21914
11	0.02763	0.20854	0.15259	0.02094	0.02992	0.02635	0.02122	0.03666	0.08162	0.11797	0.13174	0.03749	0.03633	0.01348	0.01003	0.00312	0.01061	0.01070	0.00827	0.01480
12	0.03484	0.02375	0.02707	0.02056	0.02911	0.02325	0.01678	0.25199	0.03761	0.13358	0.06353	0.03072	0.02513	0.01223	0.01016	0.00278	0.00984	0.00965	0.00999	0.22742
13	0.01378	0.00987	0.01309	0.01485	0.01592	0.00918	0.01016	0.01642	0.02317	0.03148	0.17087	0.48853	0.07917	0.03144	0.01367	0.00420	0.00605	0.02841	0.01055	0.00918
14	0.02985	0.02254	0.03754	0.19603	0.20773	0.02399	0.07027	0.03591	0.02481	0.15201	0.02495	0.02983	0.01841	0.01170	0.01327	0.00355	0.06487	0.01026	0.00706	0.01543
15	0.18061	0.02190	0.02815	0.02574	0.07444	0.02280	0.06725	0.08819	0.10962	0.15194	0.03306	0.09387	0.02683	0.01442	0.01054	0.00355	0.01019	0.01224	0.00943	0.01525
16	0.03524	0.02456	0.03916	0.02942	0.03756	0.02473	0.17269	0.14504	0.03266	0.19840	0.06756	0.03440	0.02638	0.01320	0.01387	0.00357	0.06405	0.01184	0.00953	0.01614
17	0.01658	0.01214	0.01490	0.01570	0.01774	0.01180	0.01112	0.07076	0.02566	0.03414	0.11070	0.43959	0.11779	0.02995	0.01337	0.00412	0.00675	0.02669	0.01040	0.01011
18	0.08295	0.21138	0.03606	0.01985	0.02851	0.02828	0.01742	0.12717	0.03111	0.26955	0.02945	0.02773	0.02041	0.01189	0.00943	0.00303	0.01046	0.00882	0.00982	0.01668
19	0.02738	0.04645	0.39448	0.03285	0.09516	0.02522	0.03491	0.08515	0.02699	0.09582	0.02293	0.02531	0.01611	0.01092	0.01053	0.00340	0.01461	0.00873	0.00631	0.01675
20	0.03769	0.01570	0.02132	0.01807	0.02405	0.01377	0.01417	0.04118	0.02795	0.38985	0.04840	0.21748	0.04121	0.02000	0.01189	0.00371	0.00835	0.01728	0.01243	0.01550
21	0.02598	0.01348	0.01795	0.01551	0.01993	0.01210	0.01210	0.03083	0.03097	0.20521	0.38552	0.06748	0.07897	0.01952	0.01226	0.00341	0.00645	0.01696	0.01247	0.01289
22	0.02698	0.02279	0.02473	0.02055	0.02805	0.02375	0.01620	0.08898	0.32681	0.04450	0.03488	0.03369	0.02657	0.01252	0.01013	0.00300	0.00876	0.01025	0.00962	0.22724
23	0.69383	0.02109	0.01603	0.01434	0.02109	0.02446	0.01181	0.03205	0.01856	0.04892	0.01518	0.01771	0.01181	0.01012	0.00675	0.00337	0.00843	0.00590	0.00675	0.01181
24	0.01334	0.01106	0.01167	0.01152	0.01501	0.00940	0.00864	0.01653	0.02592	0.03200	0.18754	0.10075	0.46570	0.02667	0.01288	0.00364	0.00546	0.02242	0.01046	0.00940
25	0.01562	0.01152	0.01671	0.01671	0.01837	0.01319	0.01261	0.01895	0.01728	0.02471	0.02995	0.04696	0.02905	0.15916	0.49867	0.01652	0.02651	0.01229	0.00595	0.00928
26	0.03569	0.01518	0.01980	0.01654	0.02186	0.01361	0.01266	0.03885	0.02614	0.34231	0.04224	0.10304	0.03437	0.14414	0.02046	0.00494	0.00888	0.01398	0.07105	0.01427
27	0.69383	0.02109	0.01603	0.01434	0.02109	0.02446	0.01181	0.03205	0.01856	0.04892	0.01518	0.01771	0.01181	0.01012	0.00675	0.00337	0.00843	0.00590	0.00675	0.01181
28	0.01864	0.01136	0.01570	0.01517	0.01517	0.01242	0.01028	0.01599	0.01493	0.02035	0.02263	0.04254	0.02407	0.19371	0.04537	0.42446	0.07471	0.01122	0.00525	0.00604
29	0.04595	0.01790	0.02435	0.01890	0.02681	0.01552	0.01552	0.05025	0.03118	0.51084	0.08740	0.04105	0.03373	0.01428	0.01113	0.00338	0.00891	0.01174	0.01336	0.01782
30	0.03608	0.02397	0.03146	0.15745	0.09423	0.02582	0.02279	0.20389	0.07005	0.17805	0.02958	0.03071	0.02066	0.01246	0.01092	0.00341	0.01175	0.01024	0.00962	0.01685
31	0.01392	0.01069	0.01274	0.01306	0.01557	0.00951	0.00948	0.01733	0.02605	0.03427	0.25600	0.22334	0.26407	0.02731	0.01314	0.00378	0.00559	0.02382	0.01081	0.00951

[dist]
# distance from previous block
# <min> <max>
0	6

[block]
# block no. 10 follows, 12 sequences, length 33
# corresponding to MSA columns:
# 383-415
name=unknown_K
#
# <colnr> <probs for GDERKNQSTAVLIFYWHMCP>
#	G	D	E	R	K	N	Q	S	T	A	V	L	I	F	Y	W	H	M	C	P
0	0.08894	0.02629	0.03045	0.14929	0.04125	0.02921	0.02143	0.32219	0.03948	0.05506	0.02316	0.02581	0.01688	0.01192	0.01031	0.00321	0.01192	0.00917	0.00882	0.07520
1	0.20423	0.06181	0.02474	0.01779	0.02606	0.02277	0.01462	0.08772	0.08531	0.08380	0.02354	0.02464	0.01800	0.01046	0.00855	0.00269	0.00900	0.00769	0.00800	0.25858
2	0.10374	0.08078	0.21261	0.07860	0.08975	0.02715	0.10317	0.03687	0.09571	0.03676	0.02274	0.02636	0.01719	0.01069	0.01025	0.00342	0.01372	0.00928	0.00603	0.01516
3	0.01564	0.01210	0.01439	0.01392	0.01694	0.01142	0.01038	0.02222	0.07436	0.03864	0.33731	0.13240	0.21137	0.02411	0.01280	0.00361	0.00568	0.02095	0.01125	0.01051
4	0.01898	0.01655	0.02350	0.02155	0.02254	0.02142	0.01718	0.02191	0.01704	0.02532	0.02359	0.03761	0.02307	0.10339	0.30857	0.01171	0.25907	0.01118	0.00547	0.01035
5	0.02507	0.07593	0.08733	0.11163	0.30004	0.02483	0.02843	0.03164	0.02364	0.03376	0.01962	0.02522	0.01614	0.00956	0.00992	0.00291	0.01236	0.00860	0.00541	0.14797
6	0.02293	0.01865	0.02154	0.02126	0.02582	0.02072	0.01740	0.04241	0.30770	0.03991	0.05024	0.07684	0.04623	0.02153	0.01284	0.00428	0.00925	0.21575	0.01063	0.01409
7	0.02464	0.01277	0.01634	0.01441	0.01842	0.01168	0.01117	0.02954	0.02937	0.16927	0.31968	0.06247	0.06939	0.01823	0.01136	0.00324	0.00615	0.01568	0.14389	0.01230
8	0.01694	0.01170	0.01587	0.01816	0.02028	0.01157	0.01512	0.02132	0.02402	0.03237	0.05619	0.21603	0.06149	0.02936	0.01414	0.00467	0.00882	0.34088	0.07127	0.00981
9	0.04145	0.03054	0.03272	0.02509	0.03381	0.03381	0.02072	0.51243	0.05127	0.06872	0.02618	0.02618	0.01854	0.01309	0.01091	0.00327	0.01200	0.00982	0.01091	0.01854
10	0.01317	0.01106	0.01143	0.01134	0.01490	0.00932	0.00850	0.01619	0.02551	0.03102	0.15781	0.10236	0.49603	0.02703	0.01288	0.00365	0.00548	0.02265	0.01033	0.00932
11	0.69383	0.02109	0.01603	0.01434	0.02109	0.02446	0.01181	0.03205	0.01856	0.04892	0.01518	0.01771	0.01181	0.01012	0.00675	0.00337	0.00843	0.00590	0.00675	0.01181
12	0.01792	0.00995	0.01413	0.01413	0.01436	0.01018	0.00939	0.01516	0.01493	0.02014	0.02326	0.04198	0.02409	0.15957	0.10810	0.46871	0.01203	0.01102	0.00524	0.00570
13	0.04073	0.05197	0.03090	0.02809	0.03371	0.57303	0.02107	0.04354	0.03090	0.02669	0.01685	0.01966	0.01404	0.01124	0.00983	0.00281	0.01966	0.00702	0.00562	0.01264
14	0.02261	0.01938	0.02261	0.01615	0.02584	0.01453	0.01292	0.02745	0.02261	0.03553	0.01938	0.02261	0.01615	0.00807	0.00807	0.00161	0.00807	0.00646	0.00646	0.68346
15	0.01632	0.01186	0.01483	0.01422	0.01514	0.01252	0.00964	0.01835	0.02042	0.02845	0.17956	0.06801	0.05486	0.34965	0.08950	0.00870	0.05554	0.01611	0.00796	0.00837
16	0.01583	0.01066	0.01233	0.01233	0.01248	0.01081	0.00715	0.01614	0.01599	0.02147	0.03395	0.06913	0.03868	0.57512	0.09586	0.01111	0.01202	0.01553	0.00655	0.00685
17	0.23348	0.13038	0.03231	0.02769	0.12416	0.09112	0.01909	0.03842	0.02460	0.15132	0.02250	0.02391	0.01682	0.01078	0.00884	0.00310	0.01136	0.00785	0.00748	0.01480
18	0.03936	0.11965	0.03401	0.02697	0.03303	0.51027	0.02078	0.04225	0.02986	0.02656	0.01665	0.01941	0.01404	0.01101	0.00950	0.00275	0.01872	0.00688	0.00550	0.01280
19	0.02947	0.02512	0.03964	0.09699	0.29683	0.02600	0.07189	0.08247	0.09984	0.08230	0.02635	0.03011	0.02018	0.01112	0.01106	0.00339	0.01258	0.01049	0.00735	0.01680
