[name]
unknown

[dist]
# distance from previous block
# <min> <max>
0	20

[block]
# block no. 0 follows, 14 sequences, length 38
# corresponding to MSA columns:
# 20-57
name=unknown_A
#
# <colnr> <probs for GDERKNQSTAVLIFYWHMCP>
#	G	D	E	R	K	N	Q	S	T	A	V	L	I	F	Y	W	H	M	C	P
0	0.01979	0.02135	0.04217	0.03121	0.03906	0.01962	0.34372	0.02622	0.02392	0.03098	0.05125	0.05373	0.21920	0.01501	0.01212	0.00346	0.01287	0.01561	0.00678	0.01194
1	0.02540	0.02438	0.04165	0.06299	0.57533	0.02438	0.03149	0.03149	0.02337	0.03353	0.01930	0.02540	0.01626	0.00914	0.01016	0.00305	0.01219	0.00914	0.00508	0.01626
2	0.02159	0.02049	0.03477	0.41248	0.25564	0.02338	0.02960	0.02815	0.02156	0.02890	0.01863	0.02664	0.01462	0.00985	0.01022	0.00328	0.01313	0.00913	0.00475	0.01318
3	0.01250	0.00893	0.01191	0.01429	0.01488	0.00834	0.00953	0.01429	0.01965	0.02620	0.05656	0.63265	0.06787	0.03215	0.01310	0.00417	0.00595	0.02917	0.00953	0.00834
4	0.02553	0.02204	0.02320	0.02088	0.02669	0.02553	0.01624	0.05453	0.55679	0.04293	0.04177	0.03829	0.03133	0.01392	0.01044	0.00348	0.00812	0.01160	0.01044	0.01624
5	0.03833	0.04891	0.02908	0.02644	0.03173	0.59815	0.01983	0.04098	0.02908	0.02512	0.01586	0.01851	0.01322	0.01058	0.00925	0.00264	0.01851	0.00661	0.00529	0.01190
6	0.01312	0.01043	0.01178	0.01144	0.01447	0.00909	0.00858	0.01665	0.02574	0.03330	0.29750	0.08958	0.37415	0.02391	0.01212	0.00337	0.00505	0.02037	0.01026	0.00909
7	0.04604	0.01746	0.02382	0.01826	0.02620	0.01508	0.01508	0.05001	0.02937	0.58244	0.04049	0.03493	0.02540	0.01270	0.01032	0.00318	0.00873	0.01032	0.01270	0.01746
8	0.01426	0.01048	0.01335	0.01263	0.01517	0.00957	0.00947	0.01885	0.02842	0.03966	0.51799	0.07912	0.14969	0.02154	0.01211	0.00325	0.00488	0.01890	0.01110	0.00957
9	0.01452	0.01049	0.01372	0.01291	0.01533	0.00968	0.00968	0.01937	0.02905	0.04115	0.56992	0.07666	0.09683	0.02098	0.01210	0.00323	0.00484	0.01856	0.01130	0.00968
10	0.01938	0.01824	0.03078	0.61468	0.07068	0.02280	0.02850	0.02622	0.02052	0.02622	0.01824	0.02736	0.01368	0.01026	0.01026	0.00342	0.01368	0.00912	0.00456	0.01140
11	0.01456	0.01096	0.01509	0.01672	0.01784	0.01149	0.01271	0.01732	0.02015	0.02710	0.05017	0.39768	0.05776	0.03356	0.06168	0.00532	0.05817	0.15402	0.00878	0.00893
12	0.02499	0.02397	0.04092	0.10001	0.54147	0.02428	0.03129	0.03114	0.02318	0.03304	0.01923	0.02553	0.01608	0.00922	0.01017	0.00307	0.01229	0.00914	0.00504	0.01593
13	0.02499	0.02339	0.03660	0.09356	0.41187	0.02453	0.02776	0.03643	0.14626	0.03516	0.02441	0.02852	0.01954	0.01033	0.01023	0.00317	0.01136	0.00971	0.00628	0.01590
14	0.10236	0.02709	0.02993	0.02799	0.06713	0.13242	0.02138	0.02875	0.01889	0.02780	0.01442	0.02131	0.01337	0.01504	0.02450	0.00390	0.39896	0.00818	0.00488	0.01170
15	0.71184	0.01985	0.01508	0.01350	0.01985	0.02302	0.01111	0.03017	0.01746	0.04604	0.01429	0.01667	0.01111	0.00953	0.00635	0.00318	0.00794	0.00556	0.00635	0.01111
16	0.02238	0.02392	0.12658	0.03055	0.17295	0.01854	0.02187	0.06840	0.02550	0.07361	0.10965	0.04516	0.11317	0.02150	0.07626	0.00468	0.01205	0.01235	0.00747	0.01340
17	0.01938	0.01824	0.03078	0.61468	0.07068	0.02280	0.02850	0.02622	0.02052	0.02622	0.01824	0.02736	0.01368	0.01026	0.01026	0.00342	0.01368	0.00912	0.00456	0.01140
18	0.01492	0.00995	0.01119	0.01119	0.01119	0.00995	0.00622	0.01492	0.01492	0.01990	0.03233	0.06716	0.03731	0.63935	0.05223	0.00995	0.00995	0.01492	0.00622	0.00622
19	0.02058	0.05308	0.58618	0.02925	0.04442	0.02383	0.03792	0.03250	0.02167	0.03250	0.01842	0.02167	0.01300	0.00975	0.00975	0.00325	0.01517	0.00758	0.00433	0.01517
20	0.01248	0.01041	0.01088	0.01076	0.01408	0.00881	0.00807	0.01541	0.02422	0.02969	0.17207	0.09553	0.50183	0.02526	0.01212	0.00343	0.00515	0.02121	0.00979	0.00881
21	0.04604	0.01746	0.02382	0.01826	0.02620	0.01508	0.01508	0.05001	0.02937	0.58244	0.04049	0.03493	0.02540	0.01270	0.01032	0.00318	0.00873	0.01032	0.01270	0.01746
22	0.02213	0.01045	0.01115	0.01053	0.01354	0.01018	0.00806	0.02682	0.02240	0.09890	0.03426	0.03789	0.02620	0.01204	0.00752	0.00248	0.00522	0.00965	0.62013	0.01045
23	0.01466	0.01100	0.01649	0.01649	0.01833	0.01283	0.01283	0.01833	0.01649	0.02382	0.02749	0.04032	0.02566	0.07697	0.59868	0.01649	0.02749	0.01100	0.00550	0.00916
24	0.02527	0.02475	0.04376	0.06079	0.51719	0.02456	0.08795	0.03165	0.02346	0.03345	0.01947	0.02565	0.01618	0.00909	0.01038	0.00309	0.01276	0.00947	0.00509	0.01599
25	0.03833	0.04891	0.02908	0.02644	0.03173	0.59815	0.01983	0.04098	0.02908	0.02512	0.01586	0.01851	0.01322	0.01058	0.00925	0.00264	0.01851	0.00661	0.00529	0.01190
26	0.02545	0.02353	0.03489	0.04756	0.37425	0.02480	0.02590	0.03994	0.21887	0.03697	0.02754	0.03012	0.02178	0.01090	0.01026	0.00321	0.01070	0.01004	0.00705	0.01625
27	0.01452	0.01049	0.01372	0.01291	0.01533	0.00968	0.00968	0.01937	0.02905	0.04115	0.56992	0.07666	0.09683	0.02098	0.01210	0.00323	0.00484	0.01856	0.01130	0.00968
28	0.18672	0.01371	0.01618	0.08089	0.02327	0.01441	0.01248	0.02358	0.02269	0.07595	0.19186	0.20798	0.05343	0.01949	0.01064	0.00349	0.00717	0.01669	0.00895	0.01042
29	0.03635	0.21432	0.03598	0.02208	0.02942	0.22539	0.01845	0.15462	0.03114	0.10961	0.02076	0.02155	0.01584	0.01074	0.00885	0.00269	0.01331	0.00739	0.00718	0.01431
30	0.01713	0.00924	0.01329	0.01329	0.01344	0.00938	0.00882	0.01400	0.01385	0.01862	0.02078	0.03733	0.02138	0.12961	0.08697	0.54238	0.01057	0.00998	0.00480	0.00510
31	0.01938	0.01824	0.03078	0.61468	0.07068	0.02280	0.02850	0.02622	0.02052	0.02622	0.01824	0.02736	0.01368	0.01026	0.01026	0.00342	0.01368	0.00912	0.00456	0.01140
32	0.03468	0.12046	0.03247	0.11316	0.03645	0.32471	0.02042	0.09493	0.02887	0.07403	0.01896	0.02157	0.01473	0.01065	0.00924	0.00279	0.01516	0.00743	0.00621	0.01307
33	0.56214	0.02326	0.05994	0.01899	0.06298	0.02382	0.01517	0.06775	0.02045	0.04550	0.01571	0.01825	0.01209	0.00972	0.00716	0.00316	0.00902	0.00624	0.00640	0.01225
34	0.01728	0.01274	0.01546	0.01417	0.01677	0.01301	0.01078	0.02007	0.02277	0.07326	0.17549	0.07311	0.26917	0.10590	0.02068	0.00443	0.09905	0.01726	0.00895	0.00964
35	0.08064	0.05019	0.53656	0.02788	0.04228	0.02376	0.03559	0.03230	0.02130	0.03368	0.01806	0.02123	0.01284	0.00973	0.00945	0.00324	0.01454	0.00741	0.00451	0.01481
36	0.02541	0.02418	0.04005	0.05933	0.52767	0.02448	0.03017	0.03350	0.06971	0.03434	0.02125	0.02652	0.01756	0.00956	0.01018	0.00309	0.01184	0.00936	0.00555	0.01625
37	0.02735	0.52373	0.04739	0.01826	0.02594	0.09994	0.01711	0.03044	0.02166	0.02443	0.01812	0.07023	0.01793	0.01101	0.00745	0.00242	0.01138	0.00767	0.00494	0.01261

[dist]
# distance from previous block
# <min> <max>
0	3

[block]
# block no. 1 follows, 14 sequences, length 18
# corresponding to MSA columns:
# 61-78
name=unknown_B
#
# <colnr> <probs for GDERKNQSTAVLIFYWHMCP>
#	G	D	E	R	K	N	Q	S	T	A	V	L	I	F	Y	W	H	M	C	P
0	0.01452	0.01049	0.01372	0.01291	0.01533	0.00968	0.00968	0.01937	0.02905	0.04115	0.56992	0.07666	0.09683	0.02098	0.01210	0.00323	0.00484	0.01856	0.01130	0.00968
1	0.01265	0.00904	0.01204	0.01419	0.01492	0.00843	0.00954	0.01465	0.02032	0.02727	0.09350	0.59265	0.06996	0.03135	0.01303	0.00410	0.00587	0.02841	0.00965	0.00843
2	0.02453	0.02634	0.05166	0.03793	0.04722	0.02585	0.41387	0.03803	0.15098	0.03527	0.02576	0.03021	0.01932	0.00991	0.01171	0.00347	0.01512	0.01199	0.00644	0.01441
3	0.02715	0.02331	0.02649	0.02280	0.02764	0.02803	0.01829	0.13237	0.33925	0.04239	0.03204	0.03214	0.02465	0.01460	0.01594	0.00365	0.15444	0.01057	0.00899	0.01526
4	0.02671	0.02264	0.02387	0.02112	0.02714	0.02608	0.01653	0.09745	0.51194	0.04485	0.04026	0.03708	0.03010	0.01378	0.01043	0.00345	0.00840	0.01139	0.01043	0.01635
5	0.03181	0.02868	0.15770	0.02486	0.03422	0.02201	0.08622	0.07038	0.16419	0.22139	0.03247	0.03131	0.02245	0.01181	0.01044	0.00330	0.01125	0.01019	0.00913	0.01617
6	0.02103	0.01211	0.01474	0.01314	0.01731	0.01054	0.01018	0.02473	0.02677	0.16439	0.24994	0.07593	0.27729	0.02109	0.01169	0.00331	0.00592	0.01789	0.01090	0.01111
7	0.01580	0.01036	0.01333	0.01333	0.01478	0.01123	0.00960	0.01869	0.01724	0.02614	0.03029	0.04748	0.02913	0.22180	0.30213	0.01127	0.01708	0.01177	0.17012	0.00842
8	0.19353	0.02592	0.02398	0.02044	0.02562	0.12241	0.01635	0.16042	0.02882	0.07221	0.06972	0.05807	0.02471	0.01397	0.01279	0.00330	0.09714	0.00979	0.00785	0.01295
9	0.19863	0.04199	0.02575	0.02336	0.02890	0.46127	0.01775	0.03840	0.02632	0.03010	0.01549	0.01807	0.01272	0.01033	0.00856	0.00277	0.01599	0.00636	0.00554	0.01171
10	0.01452	0.01049	0.01372	0.01291	0.01533	0.00968	0.00968	0.01937	0.02905	0.04115	0.56992	0.07666	0.09683	0.02098	0.01210	0.00323	0.00484	0.01856	0.01130	0.00968
11	0.13020	0.02498	0.02630	0.02017	0.02834	0.02626	0.01657	0.34602	0.03747	0.05460	0.02165	0.02271	0.01602	0.01080	0.00908	0.00272	0.00994	0.00797	0.00871	0.17950
12	0.02979	0.02221	0.03647	0.09998	0.40106	0.02203	0.02733	0.03545	0.02455	0.16354	0.02425	0.02784	0.01821	0.01009	0.01021	0.00311	0.01150	0.00942	0.00685	0.01612
13	0.50006	0.01930	0.01943	0.15692	0.03239	0.02241	0.01553	0.03063	0.01903	0.07917	0.01708	0.02050	0.01273	0.00992	0.00756	0.00323	0.00936	0.00674	0.00637	0.01163
14	0.01347	0.01010	0.01250	0.01264	0.01488	0.00912	0.00920	0.01706	0.02547	0.03441	0.33720	0.21423	0.20246	0.02483	0.01235	0.00351	0.00519	0.02182	0.01046	0.00912
15	0.01561	0.01181	0.01465	0.01361	0.01677	0.01029	0.00974	0.01884	0.02254	0.03208	0.21699	0.22102	0.06083	0.10718	0.01691	0.00403	0.00653	0.01812	0.00884	0.17361
16	0.04604	0.01746	0.02382	0.01826	0.02620	0.01508	0.01508	0.05001	0.02937	0.58244	0.04049	0.03493	0.02540	0.01270	0.01032	0.00318	0.00873	0.01032	0.01270	0.01746
17	0.02630	0.02175	0.03294	0.12398	0.28616	0.02133	0.02420	0.06695	0.02474	0.08205	0.02110	0.02547	0.01651	0.00947	0.00959	0.00275	0.01095	0.00852	0.00627	0.17898

[dist]
# distance from previous block
# <min> <max>
0	1

[block]
# block no. 2 follows, 14 sequences, length 16
# corresponding to MSA columns:
# 80-95
name=unknown_C
#
# <colnr> <probs for GDERKNQSTAVLIFYWHMCP>
#	G	D	E	R	K	N	Q	S	T	A	V	L	I	F	Y	W	H	M	C	P
0	0.02421	0.08751	0.29035	0.03761	0.15159	0.02530	0.14206	0.03314	0.02290	0.06046	0.01991	0.02399	0.01487	0.00946	0.01012	0.00317	0.01436	0.00885	0.00511	0.01506
1	0.02434	0.30458	0.24146	0.02721	0.03857	0.03157	0.13734	0.03181	0.02187	0.02896	0.01712	0.02071	0.01363	0.00909	0.00889	0.00284	0.01381	0.00765	0.00454	0.01401
2	0.01250	0.00893	0.01191	0.01429	0.01488	0.00834	0.00953	0.01429	0.01965	0.02620	0.05656	0.63265	0.06787	0.03215	0.01310	0.00417	0.00595	0.02917	0.00953	0.00834
3	0.01948	0.01795	0.02968	0.02878	0.09550	0.01936	0.11018	0.02428	0.02272	0.03186	0.14182	0.11069	0.04478	0.01905	0.01700	0.00388	0.14217	0.10195	0.00746	0.01140
4	0.03061	0.06024	0.05825	0.09566	0.15804	0.02387	0.02220	0.14517	0.06704	0.14478	0.02841	0.07194	0.02250	0.01267	0.01023	0.00319	0.01082	0.01074	0.00824	0.01540
5	0.04187	0.01654	0.02248	0.01755	0.02476	0.01437	0.01437	0.04595	0.02933	0.51073	0.11063	0.04046	0.03487	0.01380	0.01056	0.00318	0.00822	0.01141	0.01252	0.01643
6	0.01628	0.01181	0.01373	0.01241	0.01451	0.01095	0.00795	0.01751	0.01640	0.02309	0.02896	0.05543	0.03174	0.46501	0.07911	0.00856	0.01061	0.01275	0.00614	0.15703
7	0.56047	0.01748	0.01440	0.01367	0.01877	0.01984	0.01077	0.02673	0.01794	0.04175	0.02344	0.15000	0.02340	0.01442	0.00781	0.00339	0.00751	0.01067	0.00704	0.01051
8	0.03103	0.02174	0.02473	0.02107	0.02710	0.02435	0.01681	0.09833	0.34989	0.16035	0.03756	0.03497	0.02727	0.01383	0.01226	0.00346	0.05774	0.01089	0.01044	0.01622
9	0.02705	0.12671	0.02734	0.01805	0.02513	0.02355	0.01490	0.06462	0.23081	0.09063	0.03036	0.02989	0.02309	0.01132	0.00888	0.00270	0.00844	0.00896	0.06375	0.16380
10	0.03106	0.47472	0.07862	0.01840	0.02737	0.03409	0.01822	0.03501	0.02274	0.14548	0.02019	0.02077	0.01581	0.00969	0.00758	0.00247	0.01074	0.00666	0.00619	0.01422
11	0.02179	0.03208	0.21539	0.11514	0.04489	0.02211	0.15001	0.03179	0.06010	0.03261	0.02058	0.02505	0.01550	0.00939	0.00998	0.00297	0.01332	0.00886	0.00539	0.16305
12	0.12424	0.07547	0.18014	0.03125	0.16531	0.02324	0.02459	0.02997	0.02104	0.03397	0.01745	0.02142	0.01404	0.00942	0.00979	0.00280	0.04022	0.00726	0.00520	0.16318
13	0.03001	0.01916	0.02889	0.15861	0.17649	0.01959	0.02180	0.03753	0.07416	0.21856	0.08165	0.03518	0.02797	0.01217	0.01045	0.00323	0.01026	0.01067	0.00863	0.01497
14	0.01469	0.01212	0.01355	0.01204	0.01648	0.01000	0.00920	0.01825	0.02430	0.03220	0.19783	0.07666	0.33639	0.02080	0.01114	0.00299	0.00563	0.01754	0.00921	0.15900
15	0.02365	0.01089	0.01196	0.01103	0.01435	0.01049	0.00850	0.02830	0.02284	0.12972	0.03465	0.03770	0.02615	0.01208	0.00770	0.00252	0.00545	0.00969	0.58142	0.01089

[dist]
# distance from previous block
# <min> <max>
0	5

[block]
# block no. 3 follows, 14 sequences, length 90
# corresponding to MSA columns:
# 101-190
name=unknown_D
#
# <colnr> <probs for GDERKNQSTAVLIFYWHMCP>
#	G	D	E	R	K	N	Q	S	T	A	V	L	I	F	Y	W	H	M	C	P
0	0.02243	0.02623	0.11543	0.12548	0.21419	0.02310	0.07446	0.03090	0.06158	0.03275	0.05897	0.02940	0.02181	0.01113	0.01215	0.00323	0.06051	0.00981	0.00576	0.06068
1	0.66680	0.01968	0.01567	0.01382	0.02028	0.02248	0.01138	0.03151	0.01827	0.08233	0.01606	0.01791	0.01208	0.00974	0.00662	0.00318	0.00799	0.00588	0.00678	0.01154
2	0.02117	0.14836	0.45902	0.02630	0.03942	0.02557	0.03262	0.03097	0.02139	0.03069	0.02031	0.06213	0.01674	0.01110	0.00945	0.00314	0.01385	0.00870	0.00469	0.01437
3	0.01388	0.01013	0.01340	0.01497	0.01656	0.00934	0.01081	0.01654	0.02107	0.02849	0.09130	0.46946	0.06505	0.02907	0.01282	0.00401	0.00653	0.10161	0.00941	0.05554
4	0.02422	0.02768	0.06055	0.04325	0.05363	0.02595	0.53806	0.03287	0.02422	0.03287	0.02076	0.02768	0.01557	0.00865	0.01211	0.00346	0.01730	0.01211	0.00519	0.01384
5	0.01452	0.01049	0.01372	0.01291	0.01533	0.00968	0.00968	0.01937	0.02905	0.04115	0.56992	0.07666	0.09683	0.02098	0.01210	0.00323	0.00484	0.01856	0.01130	0.00968
6	0.14438	0.02661	0.02789	0.02168	0.02959	0.02935	0.01791	0.42913	0.04221	0.09585	0.02407	0.02407	0.01699	0.01191	0.00966	0.00310	0.01060	0.00874	0.00982	0.01646
7	0.02473	0.41176	0.26385	0.02217	0.03347	0.03399	0.02559	0.03143	0.02117	0.02744	0.01590	0.01852	0.01310	0.00916	0.00783	0.00261	0.01263	0.00631	0.00437	0.01396
8	0.02258	0.02132	0.03603	0.21937	0.38225	0.02260	0.02881	0.02854	0.02223	0.03080	0.02208	0.07619	0.01978	0.01137	0.01043	0.00325	0.01211	0.01079	0.00530	0.01419
9	0.02058	0.05308	0.58618	0.02925	0.04442	0.02383	0.03792	0.03250	0.02167	0.03250	0.01842	0.02167	0.01300	0.00975	0.00975	0.00325	0.01517	0.00758	0.00433	0.01517
10	0.01938	0.01824	0.03078	0.61468	0.07068	0.02280	0.02850	0.02622	0.02052	0.02622	0.01824	0.02736	0.01368	0.01026	0.01026	0.00342	0.01368	0.00912	0.00456	0.01140
11	0.02412	0.07998	0.09569	0.14435	0.39338	0.02548	0.03045	0.03068	0.02252	0.03144	0.01861	0.02457	0.01525	0.00935	0.00983	0.00305	0.01262	0.00867	0.00486	0.01510
12	0.02089	0.01488	0.01845	0.01671	0.02012	0.05422	0.04044	0.02488	0.02645	0.11452	0.29177	0.20439	0.06846	0.02116	0.01189	0.00343	0.00738	0.01881	0.01027	0.01087
13	0.09168	0.04717	0.44828	0.02685	0.03975	0.06425	0.03236	0.03448	0.06104	0.03411	0.01954	0.02216	0.01417	0.01009	0.00942	0.00322	0.01416	0.00761	0.00505	0.01461
14	0.02144	0.01517	0.02138	0.01875	0.02222	0.01542	0.06459	0.10209	0.02390	0.07723	0.03690	0.21463	0.03797	0.15204	0.12076	0.00710	0.01265	0.01686	0.00813	0.01079
15	0.02502	0.29711	0.31697	0.02391	0.03582	0.03149	0.02787	0.07573	0.02363	0.03181	0.01723	0.01976	0.01346	0.00957	0.00848	0.00280	0.01309	0.00686	0.00487	0.01453
16	0.03256	0.02870	0.02856	0.02378	0.02961	0.10886	0.01912	0.25501	0.18089	0.04681	0.02637	0.02721	0.02006	0.01342	0.01389	0.00335	0.10824	0.00948	0.00870	0.01536
17	0.02015	0.01313	0.01753	0.01932	0.06266	0.01265	0.01320	0.02575	0.07293	0.11131	0.10478	0.30233	0.09328	0.02389	0.01214	0.00377	0.00719	0.06283	0.00989	0.01129
18	0.01599	0.01116	0.01240	0.01217	0.01275	0.01151	0.00723	0.01891	0.06940	0.02221	0.03328	0.06425	0.03671	0.57648	0.04803	0.00930	0.00977	0.01459	0.00664	0.00723
19	0.02086	0.01975	0.03345	0.47932	0.19450	0.02319	0.02923	0.02751	0.02122	0.02801	0.01850	0.02688	0.01431	0.00999	0.01024	0.00333	0.01331	0.00913	0.00469	0.01259
20	0.02917	0.58705	0.05099	0.01762	0.02633	0.03823	0.01733	0.03252	0.02164	0.07612	0.01671	0.01818	0.01431	0.00914	0.00693	0.00229	0.01077	0.00594	0.00516	0.01357
21	0.01966	0.01127	0.01433	0.01303	0.01619	0.01040	0.00996	0.02437	0.02771	0.11437	0.39949	0.06394	0.07417	0.01820	0.01096	0.00307	0.00536	0.01579	0.13701	0.01072
22	0.03376	0.01475	0.01988	0.01617	0.02196	0.01298	0.01298	0.03807	0.02925	0.37146	0.24685	0.05119	0.05324	0.01593	0.01102	0.00320	0.00722	0.01353	0.01215	0.01443
23	0.14436	0.03038	0.02622	0.02187	0.02870	0.16649	0.01742	0.22795	0.11120	0.09001	0.02460	0.02468	0.01806	0.01171	0.00943	0.00305	0.01186	0.00844	0.00865	0.01491
24	0.01568	0.01215	0.01448	0.01360	0.01671	0.01180	0.01029	0.02362	0.10481	0.03890	0.40592	0.07520	0.17599	0.02089	0.01187	0.00331	0.00539	0.01813	0.01084	0.01045
25	0.01244	0.00917	0.01166	0.01364	0.01471	0.00839	0.00924	0.01436	0.02027	0.02645	0.06442	0.54410	0.15135	0.03113	0.01294	0.00405	0.00583	0.02793	0.00953	0.00839
26	0.02783	0.01608	0.01988	0.01652	0.02158	0.01566	0.01312	0.13486	0.03309	0.18795	0.31877	0.05500	0.06175	0.01703	0.01126	0.00318	0.00719	0.01448	0.01145	0.01332
27	0.02221	0.19336	0.46011	0.02648	0.04014	0.02780	0.03310	0.03208	0.02147	0.03052	0.01743	0.02043	0.01304	0.00952	0.00900	0.00300	0.01417	0.00709	0.00435	0.01469
28	0.02540	0.02438	0.04165	0.06299	0.57533	0.02438	0.03149	0.03149	0.02337	0.03353	0.01930	0.02540	0.01626	0.00914	0.01016	0.00305	0.01219	0.00914	0.00508	0.01626
29	0.01977	0.01082	0.01094	0.01070	0.01344	0.01117	0.00809	0.02699	0.07533	0.03873	0.03431	0.03826	0.02681	0.01215	0.00750	0.00250	0.00512	0.00977	0.62737	0.01024
30	0.01367	0.01046	0.01253	0.01201	0.01481	0.00932	0.00901	0.01771	0.02703	0.03635	0.40343	0.08455	0.26632	0.02277	0.01211	0.00331	0.00497	0.01967	0.01067	0.00932
31	0.03732	0.10445	0.03138	0.02561	0.03122	0.54625	0.01962	0.04002	0.02832	0.02503	0.01571	0.01832	0.01321	0.01041	0.00900	0.00260	0.01781	0.00650	0.00520	0.01202
32	0.02128	0.01824	0.02128	0.01520	0.02432	0.01368	0.01216	0.02584	0.02128	0.03344	0.01824	0.02128	0.01520	0.00760	0.00760	0.00152	0.00760	0.00608	0.00608	0.70208
33	0.07144	0.07798	0.23566	0.07932	0.03799	0.10614	0.02584	0.07848	0.06779	0.09159	0.02216	0.02403	0.01609	0.01069	0.00946	0.00310	0.01323	0.00806	0.00646	0.01448
34	0.02723	0.02289	0.02417	0.02123	0.02734	0.02632	0.01666	0.11610	0.49244	0.04568	0.03960	0.03656	0.02957	0.01372	0.01042	0.00343	0.00852	0.01130	0.01042	0.01640
35	0.03361	0.04138	0.03827	0.03381	0.08236	0.40252	0.15499	0.03809	0.02735	0.02782	0.01742	0.02145	0.01408	0.00996	0.01007	0.00289	0.01767	0.00824	0.00525	0.01276
36	0.01914	0.01771	0.02960	0.56541	0.06659	0.02189	0.02751	0.02581	0.02078	0.02659	0.02123	0.03467	0.01743	0.01176	0.01058	0.00353	0.01333	0.05024	0.00496	0.01124
37	0.02128	0.01824	0.02128	0.01520	0.02432	0.01368	0.01216	0.02584	0.02128	0.03344	0.01824	0.02128	0.01520	0.00760	0.00760	0.00152	0.00760	0.00608	0.00608	0.70208
38	0.01468	0.01090	0.01600	0.01600	0.01766	0.01256	0.01221	0.01801	0.01635	0.02346	0.02794	0.04281	0.02674	0.12932	0.54781	0.01588	0.02585	0.01136	0.00556	0.00889
39	0.02387	0.02056	0.02245	0.01867	0.02576	0.02091	0.01465	0.04335	0.34806	0.03923	0.03260	0.03166	0.02504	0.01146	0.00933	0.00272	0.00792	0.00945	0.00874	0.28357
40	0.01696	0.01443	0.01726	0.01502	0.01974	0.01298	0.01170	0.02025	0.02117	0.02950	0.05123	0.15519	0.18804	0.01935	0.01284	0.00301	0.06833	0.04127	0.00770	0.27403
41	0.29962	0.02295	0.02277	0.01832	0.02570	0.02498	0.01502	0.22329	0.06582	0.10170	0.02270	0.02312	0.01646	0.01100	0.00854	0.00303	0.00924	0.00781	0.00865	0.06927
42	0.01635	0.01169	0.01627	0.01834	0.02071	0.01161	0.01590	0.02109	0.02413	0.03168	0.10233	0.11212	0.06258	0.02766	0.01398	0.00459	0.00902	0.46086	0.00962	0.00947
43	0.01229	0.00974	0.01107	0.01213	0.01432	0.00852	0.00857	0.01453	0.02173	0.02704	0.08290	0.33600	0.34753	0.02873	0.01256	0.00378	0.00553	0.02500	0.00953	0.00852
44	0.02058	0.05308	0.58618	0.02925	0.04442	0.02383	0.03792	0.03250	0.02167	0.03250	0.01842	0.02167	0.01300	0.00975	0.00975	0.00325	0.01517	0.00758	0.00433	0.01517
45	0.02421	0.02082	0.03078	0.46923	0.06112	0.02502	0.02629	0.15293	0.02734	0.03568	0.01981	0.02669	0.01461	0.01077	0.01026	0.00334	0.01309	0.00915	0.00596	0.01289
46	0.04604	0.01746	0.02382	0.01826	0.02620	0.01508	0.01508	0.05001	0.02937	0.58244	0.04049	0.03493	0.02540	0.01270	0.01032	0.00318	0.00873	0.01032	0.01270	0.01746
47	0.01250	0.00893	0.01191	0.01429	0.01488	0.00834	0.00953	0.01429	0.01965	0.02620	0.05656	0.63265	0.06787	0.03215	0.01310	0.00417	0.00595	0.02917	0.00953	0.00834
48	0.02134	0.02024	0.03432	0.43523	0.23483	0.02331	0.02947	0.02794	0.02145	0.02860	0.01859	0.02672	0.01452	0.00990	0.01023	0.00330	0.01320	0.00913	0.00473	0.01298
49	0.02624	0.54248	0.14638	0.01959	0.02948	0.03769	0.02110	0.03104	0.02099	0.02560	0.01499	0.01737	0.01314	0.00895	0.00714	0.00238	0.01170	0.00585	0.00438	0.01352
50	0.01513	0.01129	0.01304	0.01244	0.01545	0.01062	0.00938	0.02120	0.06848	0.03691	0.33218	0.07648	0.22896	0.02104	0.01148	0.00324	0.00520	0.01805	0.07955	0.00988
51	0.02245	0.02245	0.03143	0.02694	0.02694	0.03143	0.02245	0.02470	0.01572	0.02470	0.01347	0.02245	0.01347	0.01796	0.03368	0.00449	0.62057	0.00898	0.00449	0.01123
52	0.01492	0.00995	0.01119	0.01119	0.01119	0.00995	0.00622	0.01492	0.01492	0.01990	0.03233	0.06716	0.03731	0.63935	0.05223	0.00995	0.00995	0.01492	0.00622	0.00622
53	0.03777	0.03320	0.03260	0.02569	0.03340	0.15866	0.05764	0.39142	0.04218	0.05345	0.02238	0.02348	0.01636	0.01166	0.01017	0.00301	0.01335	0.00886	0.00877	0.01594
54	0.01397	0.01021	0.01313	0.01294	0.01513	0.00936	0.00950	0.01810	0.02695	0.03744	0.44211	0.17517	0.13102	0.02334	0.01228	0.00341	0.00506	0.02066	0.01084	0.00936
55	0.02744	0.64552	0.05378	0.01756	0.02634	0.04061	0.01756	0.03073	0.02085	0.02414	0.01427	0.01646	0.01317	0.00878	0.00658	0.00219	0.01097	0.00549	0.00439	0.01317
56	0.02269	0.01907	0.02204	0.01587	0.02492	0.01512	0.01274	0.06676	0.02342	0.03592	0.01875	0.02155	0.01538	0.00797	0.00781	0.00164	0.00789	0.00633	0.00641	0.64771
57	0.02555	0.02486	0.03473	0.04631	0.34674	0.06992	0.02602	0.03490	0.11590	0.03347	0.02486	0.03317	0.02139	0.01226	0.01261	0.00334	0.06843	0.04430	0.00628	0.01496
58	0.02220	0.02112	0.03588	0.35597	0.30734	0.02354	0.02990	0.02869	0.02185	0.02965	0.01874	0.02644	0.01489	0.00974	0.01021	0.00325	0.01298	0.00913	0.00480	0.01368
59	0.09099	0.02439	0.02609	0.02004	0.02821	0.02522	0.01637	0.31083	0.07099	0.05229	0.02296	0.02384	0.01714	0.01077	0.00914	0.00265	0.00969	0.00813	0.00869	0.22156
60	0.04604	0.01746	0.02382	0.01826	0.02620	0.01508	0.01508	0.05001	0.02937	0.58244	0.04049	0.03493	0.02540	0.01270	0.01032	0.00318	0.00873	0.01032	0.01270	0.01746
61	0.02540	0.02438	0.04165	0.06299	0.57533	0.02438	0.03149	0.03149	0.02337	0.03353	0.01930	0.02540	0.01626	0.00914	0.01016	0.00305	0.01219	0.00914	0.00508	0.01626
62	0.02912	0.02499	0.04952	0.03599	0.04547	0.02353	0.38176	0.03836	0.06765	0.15437	0.02676	0.03012	0.01898	0.00996	0.01158	0.00340	0.01469	0.01168	0.00726	0.01483
63	0.02422	0.02768	0.06055	0.04325	0.05363	0.02595	0.53806	0.03287	0.02422	0.03287	0.02076	0.02768	0.01557	0.00865	0.01211	0.00346	0.01730	0.01211	0.00519	0.01384
64	0.04604	0.01746	0.02382	0.01826	0.02620	0.01508	0.01508	0.05001	0.02937	0.58244	0.04049	0.03493	0.02540	0.01270	0.01032	0.00318	0.00873	0.01032	0.01270	0.01746
65	0.01293	0.00925	0.01235	0.01443	0.01530	0.00867	0.00995	0.01517	0.02076	0.02785	0.10422	0.55045	0.07005	0.03089	0.01307	0.00411	0.00606	0.05628	0.00969	0.00853
66	0.02696	0.04174	0.40088	0.02637	0.03846	0.02235	0.03100	0.03610	0.02303	0.16613	0.02338	0.02497	0.01607	0.01118	0.01196	0.00334	0.06593	0.00837	0.00639	0.01539
67	0.04014	0.01625	0.02214	0.01782	0.02469	0.01425	0.01473	0.04427	0.02876	0.47659	0.09116	0.04694	0.03544	0.01505	0.01087	0.00334	0.00844	0.06094	0.01224	0.01593
68	0.01247	0.00908	0.01176	0.01390	0.01478	0.00837	0.00935	0.01433	0.02002	0.02635	0.06133	0.57898	0.11847	0.03153	0.01300	0.00410	0.00588	0.02842	0.00953	0.00837
69	0.02153	0.01906	0.02468	0.01763	0.02685	0.01474	0.05762	0.02645	0.02153	0.03339	0.01846	0.02183	0.01523	0.00769	0.00799	0.00169	0.00844	0.00660	0.00600	0.64258
70	0.02103	0.01699	0.02816	0.07689	0.20096	0.01676	0.06446	0.02551	0.02232	0.07357	0.03744	0.26231	0.03909	0.01944	0.01173	0.00366	0.00993	0.04979	0.00763	0.01234
71	0.01250	0.00893	0.01191	0.01429	0.01488	0.00834	0.00953	0.01429	0.01965	0.02620	0.05656	0.63265	0.06787	0.03215	0.01310	0.00417	0.00595	0.02917	0.00953	0.00834
72	0.07711	0.02423	0.04497	0.04182	0.19140	0.02320	0.25853	0.03562	0.02451	0.14039	0.02372	0.02767	0.01735	0.00963	0.01082	0.00327	0.01356	0.01048	0.00670	0.01502
73	0.03076	0.02972	0.15921	0.03655	0.21389	0.02316	0.02642	0.10236	0.07162	0.16382	0.02649	0.02770	0.01901	0.01089	0.01014	0.00316	0.01163	0.00927	0.00776	0.01643
74	0.01804	0.02152	0.11338	0.20286	0.12151	0.01781	0.02283	0.02416	0.02269	0.03069	0.11403	0.10448	0.11251	0.01604	0.01099	0.00339	0.01041	0.01408	0.00679	0.01178
75	0.01471	0.00986	0.01125	0.01146	0.01151	0.00981	0.00650	0.01487	0.01533	0.02044	0.03443	0.11604	0.03995	0.58686	0.04885	0.00945	0.00960	0.01616	0.00650	0.00640
76	0.02128	0.01824	0.02128	0.01520	0.02432	0.01368	0.01216	0.02584	0.02128	0.03344	0.01824	0.02128	0.01520	0.00760	0.00760	0.00152	0.00760	0.00608	0.00608	0.70208
77	0.01213	0.01040	0.01040	0.01040	0.01386	0.00866	0.00780	0.01473	0.02339	0.02772	0.10396	0.09876	0.57117	0.02599	0.01213	0.00347	0.00520	0.02166	0.00953	0.00866
78	0.02254	0.03735	0.28951	0.09025	0.21108	0.02425	0.11464	0.03173	0.02250	0.03235	0.01905	0.02424	0.01446	0.00943	0.01029	0.00324	0.01447	0.00891	0.00472	0.01498
79	0.01938	0.01824	0.03078	0.61468	0.07068	0.02280	0.02850	0.02622	0.02052	0.02622	0.01824	0.02736	0.01368	0.01026	0.01026	0.00342	0.01368	0.00912	0.00456	0.01140
80	0.04604	0.01746	0.02382	0.01826	0.02620	0.01508	0.01508	0.05001	0.02937	0.58244	0.04049	0.03493	0.02540	0.01270	0.01032	0.00318	0.00873	0.01032	0.01270	0.01746
81	0.02358	0.02320	0.10967	0.38350	0.05580	0.02092	0.02630	0.03051	0.02204	0.10779	0.02146	0.02701	0.01542	0.01027	0.00993	0.00317	0.01257	0.00876	0.00585	0.08225
82	0.01654	0.01181	0.01654	0.01890	0.02126	0.01181	0.01654	0.02126	0.02362	0.03071	0.05433	0.11576	0.05906	0.02835	0.01417	0.00472	0.00945	0.50626	0.00945	0.00945
83	0.01938	0.01824	0.03078	0.61468	0.07068	0.02280	0.02850	0.02622	0.02052	0.02622	0.01824	0.02736	0.01368	0.01026	0.01026	0.00342	0.01368	0.00912	0.00456	0.01140
84	0.01345	0.00933	0.01163	0.01308	0.01345	0.00896	0.00824	0.01454	0.01781	0.02374	0.04712	0.41223	0.05596	0.26883	0.02835	0.00642	0.00751	0.02362	0.00824	0.00751
85	0.02523	0.02166	0.03494	0.29488	0.27820	0.02373	0.02818	0.07253	0.02457	0.06745	0.02062	0.02678	0.01582	0.01011	0.01022	0.00322	0.01254	0.00922	0.00576	0.01434
86	0.02151	0.01202	0.01595	0.05650	0.02081	0.01136	0.01148	0.02413	0.02212	0.15896	0.08337	0.27011	0.09049	0.13035	0.01890	0.00477	0.00772	0.01949	0.00948	0.01048
87	0.02751	0.02449	0.07887	0.02266	0.02972	0.02316	0.06285	0.16589	0.19519	0.08184	0.10457	0.07227	0.03523	0.01460	0.01085	0.00334	0.00985	0.01255	0.00959	0.01498
88	0.01638	0.01122	0.01498	0.05558	0.01973	0.01064	0.01117	0.02059	0.02636	0.07199	0.36745	0.16827	0.12229	0.02204	0.01203	0.00342	0.00594	0.01945	0.01046	0.01000
89	0.02313	0.01761	0.02077	0.01517	0.02377	0.01347	0.01215	0.02749	0.02224	0.08823	0.02650	0.02810	0.05531	0.00941	0.00819	0.00182	0.00754	0.00760	0.00699	0.58452

[dist]
# distance from previous block
# <min> <max>
0	512

# created by:
# /st0/software/busco_prod/Augustus/scripts/msa2prfl.pl ./align_prep/4822.fa
