[name]
unknown

[dist]
# distance from previous block
# <min> <max>
0	913

[block]
# block no. 0 follows, 12 sequences, length 29
# corresponding to MSA columns:
# 915-943
name=unknown_A
#
# <colnr> <probs for GDERKNQSTAVLIFYWHMCP>
#	G	D	E	R	K	N	Q	S	T	A	V	L	I	F	Y	W	H	M	C	P
0	0.12778	0.01298	0.01574	0.01757	0.02018	0.01334	0.01424	0.02178	0.02267	0.03379	0.05147	0.26111	0.05734	0.02811	0.01332	0.00456	0.00859	0.25596	0.00952	0.00995
1	0.13773	0.27578	0.18435	0.02123	0.03197	0.03091	0.02286	0.03415	0.02249	0.07126	0.01874	0.02088	0.01470	0.00995	0.00826	0.00283	0.01190	0.00688	0.00577	0.06734
2	0.02817	0.02024	0.02649	0.01958	0.02824	0.01712	0.05563	0.07107	0.02605	0.12287	0.02538	0.03014	0.02023	0.06280	0.01334	0.00300	0.00969	0.00885	0.00792	0.40320
3	0.07865	0.07301	0.12280	0.02610	0.03635	0.02522	0.10192	0.12843	0.03048	0.17431	0.02656	0.02747	0.01859	0.01119	0.01034	0.00319	0.01243	0.00948	0.00852	0.07497
4	0.01609	0.01282	0.01469	0.01451	0.01767	0.01243	0.01074	0.02405	0.10913	0.03619	0.22278	0.18477	0.23297	0.02513	0.01278	0.00375	0.00607	0.02178	0.01086	0.01080
5	0.02246	0.08565	0.23656	0.18167	0.04752	0.02557	0.02932	0.03520	0.10677	0.03453	0.06765	0.03209	0.02480	0.01216	0.01055	0.00344	0.01313	0.01001	0.00637	0.01452
6	0.03378	0.07708	0.08001	0.03086	0.11691	0.05972	0.06450	0.03932	0.02617	0.20430	0.02831	0.03005	0.02047	0.01208	0.01225	0.00328	0.05807	0.00978	0.07744	0.01562
7	0.02054	0.01396	0.01726	0.01546	0.01985	0.01260	0.01172	0.02685	0.06670	0.09311	0.25213	0.15650	0.09929	0.02083	0.01191	0.00333	0.00657	0.01819	0.01072	0.12246
8	0.01445	0.01085	0.01339	0.01330	0.01583	0.00979	0.00977	0.01847	0.02774	0.03759	0.35684	0.17439	0.20651	0.02556	0.01304	0.00366	0.00543	0.02239	0.01123	0.00979
9	0.02406	0.09567	0.20543	0.17200	0.17614	0.02721	0.03192	0.03452	0.06742	0.03326	0.02148	0.02644	0.01658	0.01061	0.01031	0.00335	0.01383	0.00901	0.00544	0.01533
10	0.08823	0.02680	0.02989	0.10636	0.03740	0.11379	0.06068	0.11514	0.06478	0.14078	0.08034	0.03389	0.02783	0.01303	0.01078	0.00336	0.01242	0.01069	0.00898	0.01482
11	0.12580	0.01260	0.01274	0.01249	0.01619	0.01192	0.00944	0.01935	0.02475	0.03552	0.18119	0.12701	0.32534	0.02415	0.01195	0.00364	0.00599	0.02015	0.00996	0.00983
12	0.02676	0.02496	0.03329	0.02804	0.02948	0.03347	0.02334	0.10646	0.02240	0.03325	0.01627	0.02424	0.01501	0.01809	0.03168	0.00452	0.50035	0.00959	0.00578	0.01302
13	0.04395	0.07089	0.02785	0.01940	0.02749	0.02034	0.01624	0.11323	0.03258	0.40267	0.03772	0.03420	0.02479	0.01302	0.01036	0.00321	0.00953	0.01031	0.06474	0.01750
14	0.03819	0.03327	0.02962	0.02425	0.03147	0.16029	0.01936	0.31840	0.08500	0.05421	0.02633	0.02713	0.01956	0.01276	0.01038	0.00313	0.01294	0.00939	0.06803	0.01628
15	0.07855	0.02144	0.02805	0.08500	0.10415	0.02189	0.01959	0.03055	0.05534	0.03499	0.02003	0.02490	0.01662	0.01103	0.01341	0.00285	0.10664	0.00810	0.00620	0.31067
16	0.02962	0.01900	0.02218	0.01943	0.02516	0.01997	0.01518	0.04701	0.27612	0.17455	0.14248	0.07962	0.04747	0.01701	0.01157	0.00360	0.00798	0.01447	0.01183	0.01576
17	0.02374	0.02259	0.03839	0.33292	0.30818	0.02505	0.03185	0.03062	0.02329	0.03168	0.01994	0.02804	0.01588	0.01032	0.01085	0.00344	0.01376	0.00970	0.00512	0.01465
18	0.09867	0.01510	0.01795	0.01545	0.02108	0.01369	0.01221	0.03338	0.02701	0.25268	0.10355	0.10905	0.19623	0.02003	0.01153	0.00356	0.00743	0.01662	0.01134	0.01344
19	0.02311	0.01488	0.01804	0.01571	0.01980	0.01465	0.01223	0.10503	0.03343	0.09162	0.36223	0.06429	0.07468	0.01902	0.01183	0.00331	0.00662	0.01634	0.08081	0.01235
20	0.01420	0.00989	0.01238	0.01402	0.01517	0.00924	0.00947	0.01651	0.02169	0.02961	0.09539	0.43478	0.10934	0.08041	0.01676	0.00466	0.00643	0.02649	0.06466	0.00891
21	0.02482	0.02335	0.02440	0.02204	0.02537	0.11230	0.01738	0.07904	0.06825	0.03355	0.07059	0.03720	0.02908	0.04122	0.23190	0.00899	0.12007	0.01111	0.00714	0.01220
22	0.01490	0.01073	0.01410	0.01408	0.01617	0.00993	0.01025	0.01923	0.02838	0.03977	0.42273	0.21304	0.09522	0.02525	0.01312	0.00368	0.00544	0.02253	0.01153	0.00993
23	0.13191	0.02136	0.02363	0.02006	0.02711	0.02281	0.01603	0.05247	0.27882	0.22656	0.03965	0.03607	0.02793	0.01365	0.01042	0.00354	0.00883	0.01091	0.01131	0.01692
24	0.69383	0.02109	0.01603	0.01434	0.02109	0.02446	0.01181	0.03205	0.01856	0.04892	0.01518	0.01771	0.01181	0.01012	0.00675	0.00337	0.00843	0.00590	0.00675	0.01181
25	0.69383	0.02109	0.01603	0.01434	0.02109	0.02446	0.01181	0.03205	0.01856	0.04892	0.01518	0.01771	0.01181	0.01012	0.00675	0.00337	0.00843	0.00590	0.00675	0.01181
26	0.30043	0.01818	0.01912	0.01586	0.02266	0.01841	0.01296	0.04018	0.02480	0.26966	0.03073	0.02999	0.02112	0.01202	0.00874	0.00324	0.00825	0.00882	0.12034	0.01449
27	0.03672	0.01996	0.02428	0.01958	0.02641	0.01981	0.01581	0.15016	0.08722	0.26627	0.16244	0.04591	0.04441	0.01570	0.01143	0.00340	0.00881	0.01300	0.01229	0.01638
28	0.02811	0.02856	0.05493	0.08113	0.10528	0.02821	0.34731	0.11309	0.02959	0.04010	0.02240	0.02860	0.01681	0.01000	0.01220	0.00356	0.01651	0.01183	0.00635	0.01543

[dist]
# distance from previous block
# <min> <max>
0	2

[block]
# block no. 1 follows, 12 sequences, length 24
# corresponding to MSA columns:
# 976-999
name=unknown_B
#
# <colnr> <probs for GDERKNQSTAVLIFYWHMCP>
#	G	D	E	R	K	N	Q	S	T	A	V	L	I	F	Y	W	H	M	C	P
0	0.04221	0.01904	0.02425	0.01903	0.02647	0.01777	0.01555	0.11912	0.03369	0.39005	0.09181	0.04027	0.03363	0.01429	0.01091	0.00330	0.00897	0.01164	0.06091	0.01709
1	0.01631	0.01224	0.01476	0.01487	0.01768	0.01157	0.01123	0.05380	0.02755	0.03645	0.21422	0.22542	0.20217	0.02694	0.01323	0.00391	0.00656	0.07015	0.01073	0.01020
2	0.23774	0.02491	0.02933	0.02306	0.03114	0.02675	0.07394	0.19128	0.08483	0.13287	0.02689	0.02720	0.01912	0.01197	0.00990	0.00341	0.01088	0.00942	0.00944	0.01592
3	0.01894	0.00947	0.01420	0.01420	0.01420	0.00947	0.00947	0.01420	0.01420	0.01894	0.01894	0.03314	0.01894	0.03788	0.04261	0.68277	0.00947	0.00947	0.00473	0.00473
4	0.01342	0.00974	0.01268	0.01475	0.01577	0.00899	0.00999	0.01564	0.02196	0.02919	0.10136	0.52944	0.11138	0.03273	0.01375	0.00429	0.00617	0.02950	0.01027	0.00899
5	0.02023	0.01227	0.01584	0.01631	0.01882	0.01169	0.01167	0.02531	0.06757	0.11303	0.10245	0.42058	0.06469	0.02813	0.01311	0.00411	0.00687	0.02518	0.01091	0.01123
6	0.21448	0.02394	0.02580	0.02032	0.02843	0.02524	0.01678	0.22873	0.03581	0.23148	0.02910	0.02773	0.01969	0.01245	0.00984	0.00333	0.01013	0.00919	0.01071	0.01679
7	0.01865	0.01186	0.01561	0.01426	0.01740	0.01084	0.01084	0.02370	0.03090	0.09295	0.49502	0.07719	0.09559	0.02145	0.01268	0.00342	0.00554	0.01888	0.01215	0.01108
8	0.02261	0.01938	0.02261	0.01615	0.02584	0.01453	0.01292	0.02745	0.02261	0.03553	0.01938	0.02261	0.01615	0.00807	0.00807	0.00161	0.00807	0.00646	0.00646	0.68346
9	0.55913	0.02454	0.01921	0.06598	0.02725	0.08848	0.01449	0.03303	0.02028	0.04450	0.01574	0.01893	0.01231	0.01032	0.00747	0.00333	0.01028	0.00636	0.00645	0.01193
10	0.04369	0.01702	0.02254	0.01771	0.02507	0.01495	0.01449	0.04807	0.02968	0.46205	0.04165	0.03776	0.02717	0.01335	0.01035	0.00322	0.00851	0.01082	0.13488	0.01702
11	0.04145	0.03054	0.03272	0.02509	0.03381	0.03381	0.02072	0.51243	0.05127	0.06872	0.02618	0.02618	0.01854	0.01309	0.01091	0.00327	0.01200	0.00982	0.01091	0.01854
12	0.02901	0.02512	0.03243	0.35499	0.11013	0.11061	0.02686	0.03499	0.02507	0.11314	0.02288	0.02864	0.01674	0.01125	0.01073	0.00342	0.01435	0.00947	0.00641	0.01376
13	0.02712	0.02342	0.02465	0.02219	0.02835	0.02712	0.01726	0.05794	0.52909	0.04561	0.04438	0.04068	0.03328	0.01479	0.01109	0.00370	0.00863	0.01233	0.01109	0.01726
14	0.01460	0.01070	0.01378	0.01446	0.01650	0.00988	0.01064	0.01835	0.02628	0.03571	0.28651	0.26652	0.14049	0.02762	0.01341	0.00394	0.00602	0.06398	0.01097	0.00966
15	0.01319	0.00987	0.01226	0.01416	0.01555	0.00894	0.00967	0.01530	0.02186	0.02823	0.07252	0.48513	0.18866	0.03254	0.01366	0.00424	0.00613	0.02903	0.01012	0.00894
16	0.02567	0.36087	0.22108	0.02185	0.03267	0.03329	0.02465	0.03244	0.02253	0.03039	0.01903	0.02206	0.01556	0.01007	0.00820	0.00273	0.01239	0.00709	0.08317	0.01426
17	0.03928	0.01654	0.02252	0.01855	0.02524	0.01462	0.01528	0.04376	0.03035	0.40305	0.12757	0.05569	0.04421	0.01713	0.01181	0.00360	0.00869	0.07323	0.01280	0.01607
18	0.02566	0.02385	0.03229	0.31098	0.05383	0.08773	0.06216	0.03367	0.06803	0.06791	0.02581	0.07142	0.02135	0.01359	0.01289	0.00366	0.05412	0.01149	0.00654	0.01304
19	0.01483	0.01112	0.01375	0.01309	0.01592	0.01003	0.00982	0.01942	0.02945	0.04037	0.44145	0.08696	0.20656	0.02354	0.01287	0.00349	0.00523	0.02049	0.01156	0.01003
20	0.02152	0.01823	0.02145	0.01604	0.02467	0.01387	0.01259	0.02602	0.02241	0.03463	0.02413	0.09115	0.02268	0.01112	0.00876	0.00194	0.00787	0.00932	0.00689	0.60471
21	0.01558	0.01168	0.01752	0.01752	0.01947	0.01363	0.01363	0.01947	0.01752	0.02531	0.02921	0.04283	0.02726	0.08178	0.57360	0.01752	0.02921	0.01168	0.00584	0.00974
22	0.16082	0.02217	0.02470	0.01952	0.02722	0.02282	0.01605	0.19616	0.03470	0.26058	0.03185	0.03035	0.02158	0.01268	0.00989	0.00327	0.00964	0.00960	0.06980	0.01659
23	0.09068	0.01956	0.03019	0.48631	0.06568	0.02350	0.02702	0.02826	0.02153	0.03064	0.01894	0.02739	0.01438	0.01060	0.01025	0.00345	0.01340	0.00905	0.00517	0.06400

[dist]
# distance from previous block
# <min> <max>
0	1

[block]
# block no. 2 follows, 12 sequences, length 7
# corresponding to MSA columns:
# 1001-1007
name=unknown_C
#
# <colnr> <probs for GDERKNQSTAVLIFYWHMCP>
#	G	D	E	R	K	N	Q	S	T	A	V	L	I	F	Y	W	H	M	C	P
0	0.02852	0.08374	0.31296	0.03048	0.07916	0.06610	0.03120	0.07334	0.07112	0.08552	0.02400	0.02581	0.01740	0.01118	0.01029	0.00332	0.01423	0.00873	0.00660	0.01631
1	0.04371	0.02692	0.03048	0.02337	0.03201	0.02844	0.01930	0.37368	0.04521	0.21603	0.03126	0.02948	0.02109	0.01321	0.01092	0.00330	0.01118	0.01016	0.01169	0.01855
2	0.02000	0.01380	0.01713	0.01756	0.02047	0.01400	0.01317	0.02902	0.13198	0.07786	0.10183	0.32285	0.06176	0.02660	0.01312	0.00417	0.00746	0.08468	0.01078	0.01176
3	0.02634	0.10508	0.02858	0.02514	0.10723	0.02139	0.01714	0.06860	0.07498	0.10827	0.12755	0.09681	0.11340	0.01756	0.01121	0.00337	0.00890	0.01489	0.00950	0.01407
4	0.02833	0.17436	0.27140	0.02663	0.03791	0.03211	0.02921	0.14643	0.02890	0.03983	0.01963	0.02261	0.01502	0.01162	0.01220	0.00329	0.07047	0.00812	0.00613	0.01581
5	0.02895	0.01548	0.01908	0.01683	0.02179	0.01467	0.01289	0.03650	0.10494	0.22725	0.10190	0.14374	0.12035	0.06580	0.01530	0.00419	0.00787	0.01729	0.01143	0.01377
6	0.01841	0.01079	0.01447	0.01579	0.01754	0.00989	0.01097	0.02064	0.02236	0.10387	0.05764	0.52731	0.06562	0.03119	0.01349	0.00428	0.00675	0.02811	0.01061	0.01025

[dist]
# distance from previous block
# <min> <max>
3	13

[block]
# block no. 3 follows, 12 sequences, length 27
# corresponding to MSA columns:
# 1021-1047
name=unknown_D
#
# <colnr> <probs for GDERKNQSTAVLIFYWHMCP>
#	G	D	E	R	K	N	Q	S	T	A	V	L	I	F	Y	W	H	M	C	P
0	0.02135	0.01797	0.02202	0.08834	0.02968	0.01625	0.01453	0.02875	0.07788	0.03451	0.06920	0.03681	0.02835	0.08947	0.01533	0.00342	0.00902	0.00987	0.00726	0.37997
1	0.03038	0.06796	0.22189	0.07291	0.04257	0.02431	0.09508	0.04139	0.08089	0.17138	0.02851	0.02971	0.01985	0.01149	0.01080	0.00344	0.01345	0.00997	0.00779	0.01624
2	0.03277	0.02758	0.03958	0.07479	0.04189	0.02936	0.15380	0.27767	0.07767	0.05290	0.05831	0.03188	0.02410	0.01256	0.01158	0.00345	0.01325	0.01145	0.00904	0.01637
3	0.02001	0.01219	0.01656	0.01580	0.01790	0.01287	0.01148	0.02258	0.01872	0.09284	0.03280	0.05207	0.03156	0.26015	0.31919	0.01325	0.02010	0.01305	0.00710	0.00979
4	0.03107	0.01553	0.01840	0.01547	0.02062	0.01505	0.01230	0.09641	0.03033	0.20247	0.11427	0.04393	0.03790	0.01446	0.00987	0.00303	0.00727	0.01183	0.28596	0.01384
5	0.03694	0.10229	0.03264	0.02219	0.03012	0.03167	0.01863	0.38384	0.04362	0.05937	0.02611	0.02711	0.01929	0.01256	0.00996	0.00305	0.01099	0.00936	0.10346	0.01680
6	0.02756	0.02353	0.07527	0.14110	0.03869	0.02076	0.02058	0.09533	0.06739	0.10843	0.08274	0.03424	0.02817	0.01232	0.01039	0.00302	0.01057	0.01022	0.00841	0.18129
7	0.02951	0.17764	0.21010	0.02392	0.03438	0.02887	0.02510	0.11564	0.06843	0.09428	0.02723	0.07054	0.02211	0.01309	0.01004	0.00324	0.01228	0.01024	0.00756	0.01580
8	0.03164	0.02247	0.02494	0.02137	0.02794	0.02467	0.01690	0.11295	0.34042	0.13427	0.08476	0.04171	0.03631	0.01500	0.01120	0.00357	0.00888	0.01241	0.01155	0.01704
9	0.04363	0.01910	0.02484	0.01938	0.02709	0.01752	0.01587	0.10671	0.03369	0.42839	0.10585	0.04150	0.03579	0.01459	0.01120	0.00337	0.00908	0.01196	0.01298	0.01748
10	0.02815	0.02286	0.07558	0.14658	0.10473	0.02065	0.05317	0.03718	0.08137	0.15839	0.07698	0.04254	0.07565	0.01406	0.01134	0.00351	0.01126	0.01235	0.00871	0.01495
11	0.03863	0.26895	0.04203	0.02154	0.03058	0.02827	0.06259	0.04301	0.02697	0.28943	0.02960	0.02831	0.02067	0.01138	0.00950	0.00297	0.01110	0.00902	0.00912	0.01632
12	0.01486	0.01079	0.01436	0.01665	0.01827	0.01028	0.01276	0.01802	0.02283	0.02979	0.06385	0.37980	0.11214	0.03203	0.01425	0.00458	0.00765	0.19766	0.01009	0.00933
13	0.04795	0.02011	0.02627	0.02014	0.02861	0.01834	0.01664	0.11280	0.03381	0.49300	0.04083	0.03569	0.02589	0.01344	0.01096	0.00336	0.00963	0.01082	0.01316	0.01855
14	0.02572	0.02744	0.11948	0.24642	0.10038	0.02414	0.09094	0.07359	0.02674	0.07724	0.06082	0.03221	0.02276	0.01172	0.01121	0.00351	0.01381	0.01070	0.00668	0.01449
15	0.04892	0.01856	0.02530	0.01940	0.02783	0.01603	0.01603	0.05314	0.03121	0.55634	0.04302	0.03711	0.02699	0.01350	0.01096	0.00337	0.00928	0.01096	0.01350	0.01856
16	0.04810	0.01987	0.02612	0.02002	0.02849	0.01798	0.01654	0.10350	0.03341	0.50287	0.04117	0.03591	0.02606	0.01345	0.01096	0.00336	0.00958	0.01084	0.01321	0.01855
17	0.01564	0.01144	0.01627	0.01627	0.01779	0.01295	0.01207	0.01867	0.01715	0.02439	0.03035	0.04917	0.03001	0.20062	0.45851	0.01598	0.02507	0.01261	0.00601	0.00904
18	0.02686	0.02609	0.09814	0.28308	0.05917	0.02392	0.16226	0.03474	0.02459	0.11811	0.02406	0.02983	0.01708	0.01080	0.01140	0.00358	0.01491	0.01061	0.00644	0.01434
19	0.02240	0.02217	0.04036	0.41786	0.13116	0.02509	0.12462	0.02995	0.02295	0.03022	0.02005	0.02887	0.01527	0.01042	0.01127	0.00359	0.01509	0.01032	0.00505	0.01327
20	0.14759	0.01894	0.02388	0.01863	0.02680	0.01732	0.01538	0.04991	0.02927	0.47871	0.03876	0.03414	0.02467	0.01298	0.01032	0.00337	0.00915	0.01019	0.01246	0.01752
21	0.03329	0.01515	0.01995	0.01646	0.02236	0.01327	0.01315	0.03763	0.03029	0.32014	0.21722	0.06034	0.11725	0.01819	0.01183	0.00343	0.00744	0.01538	0.01258	0.01464
22	0.02800	0.09117	0.10246	0.22715	0.10948	0.02779	0.02762	0.09503	0.02665	0.08331	0.02176	0.02678	0.01636	0.01168	0.01233	0.00344	0.05850	0.00920	0.00644	0.01485
23	0.01641	0.01282	0.01649	0.01776	0.01924	0.01367	0.01302	0.02233	0.08494	0.03046	0.05391	0.43422	0.06122	0.02998	0.01557	0.00443	0.05792	0.07553	0.00977	0.01031
24	0.16275	0.02501	0.02636	0.02178	0.02809	0.02893	0.01776	0.23579	0.12838	0.05308	0.02665	0.02802	0.02016	0.01355	0.01302	0.00351	0.08376	0.00951	0.05835	0.01553
25	0.20578	0.02442	0.06451	0.02009	0.02765	0.02373	0.01742	0.13185	0.10283	0.11339	0.02765	0.02917	0.02065	0.02076	0.08046	0.00509	0.01246	0.00921	0.00879	0.05410
26	0.07217	0.01523	0.01730	0.01632	0.01946	0.01576	0.01164	0.06903	0.08689	0.09107	0.04222	0.21827	0.04338	0.20252	0.02506	0.00591	0.00887	0.01819	0.00937	0.01135

[dist]
# distance from previous block
# <min> <max>
0	21

[block]
# block no. 4 follows, 12 sequences, length 17
# corresponding to MSA columns:
# 1069-1085
name=unknown_E
#
# <colnr> <probs for GDERKNQSTAVLIFYWHMCP>
#	G	D	E	R	K	N	Q	S	T	A	V	L	I	F	Y	W	H	M	C	P
0	0.36292	0.07118	0.02381	0.01741	0.02495	0.02438	0.01456	0.07107	0.06135	0.19402	0.02600	0.02548	0.01834	0.01155	0.00856	0.00330	0.00919	0.00807	0.00910	0.01476
1	0.02354	0.09076	0.03121	0.27278	0.04805	0.02637	0.02263	0.03869	0.20556	0.03527	0.06962	0.03608	0.02827	0.01303	0.01067	0.00349	0.01132	0.01099	0.00765	0.01404
2	0.03028	0.09656	0.03152	0.02152	0.02814	0.02584	0.01810	0.08863	0.02566	0.12087	0.02211	0.02512	0.01743	0.01278	0.01648	0.00307	0.17346	0.00837	0.00744	0.22665
3	0.01590	0.01297	0.01431	0.01390	0.01745	0.01239	0.01042	0.02380	0.10863	0.03562	0.20634	0.13033	0.30827	0.02469	0.01267	0.00368	0.00600	0.02108	0.01076	0.01077
4	0.01942	0.01229	0.01566	0.01529	0.01793	0.01173	0.01106	0.02481	0.06267	0.09476	0.24577	0.24534	0.07339	0.07855	0.01673	0.00442	0.00675	0.02153	0.01100	0.01093
5	0.69383	0.02109	0.01603	0.01434	0.02109	0.02446	0.01181	0.03205	0.01856	0.04892	0.01518	0.01771	0.01181	0.01012	0.00675	0.00337	0.00843	0.00590	0.00675	0.01181
6	0.01407	0.01023	0.01327	0.01433	0.01592	0.00943	0.01005	0.01726	0.02495	0.03399	0.24718	0.37315	0.11732	0.02919	0.01344	0.00400	0.00582	0.02614	0.01084	0.00943
7	0.53072	0.02140	0.01895	0.01607	0.02326	0.02375	0.01325	0.07395	0.02334	0.13794	0.02085	0.02173	0.01496	0.01094	0.00781	0.00337	0.00886	0.00709	0.00824	0.01351
8	0.03543	0.01460	0.01816	0.01504	0.02069	0.01326	0.01206	0.04005	0.02727	0.31298	0.03950	0.03878	0.02744	0.01312	0.00939	0.00298	0.00730	0.01059	0.32677	0.01460
9	0.03072	0.02379	0.02563	0.02226	0.02893	0.02687	0.01754	0.10905	0.42974	0.09455	0.04219	0.03871	0.03104	0.01448	0.01106	0.00362	0.00907	0.01192	0.01129	0.01752
10	0.02619	0.01364	0.01468	0.01306	0.01704	0.01376	0.01020	0.08893	0.02733	0.10262	0.03525	0.03845	0.02667	0.01284	0.00841	0.00273	0.00641	0.01021	0.51943	0.01215
11	0.04805	0.01996	0.02617	0.02006	0.02853	0.01810	0.01657	0.10680	0.03355	0.49937	0.04105	0.03583	0.02600	0.01345	0.01096	0.00336	0.00960	0.01083	0.01319	0.01855
12	0.01360	0.00962	0.01256	0.01477	0.01533	0.00907	0.00969	0.01527	0.02025	0.02700	0.05691	0.54295	0.06809	0.10639	0.01907	0.00519	0.00685	0.02912	0.00969	0.00858
13	0.11009	0.02088	0.02358	0.01968	0.02650	0.02189	0.01578	0.10191	0.19080	0.21544	0.10031	0.04027	0.03570	0.01457	0.01076	0.00347	0.00878	0.01178	0.01148	0.01635
14	0.03419	0.02693	0.02863	0.02362	0.03105	0.03042	0.01897	0.28212	0.29341	0.05701	0.03540	0.03353	0.02601	0.01395	0.01100	0.00349	0.01029	0.01109	0.01100	0.01789
15	0.02307	0.25310	0.16114	0.02169	0.02977	0.02838	0.02253	0.02912	0.02385	0.03194	0.11720	0.04401	0.03615	0.01531	0.01224	0.00333	0.05995	0.06740	0.00666	0.01316
16	0.10311	0.11926	0.03111	0.19911	0.04143	0.02546	0.01986	0.08824	0.02552	0.03672	0.02560	0.02961	0.05309	0.01144	0.00934	0.00293	0.01105	0.00892	0.00650	0.15168

[dist]
# distance from previous block
# <min> <max>
0	2

[block]
# block no. 5 follows, 12 sequences, length 15
# corresponding to MSA columns:
# 1088-1102
name=unknown_F
#
# <colnr> <probs for GDERKNQSTAVLIFYWHMCP>
#	G	D	E	R	K	N	Q	S	T	A	V	L	I	F	Y	W	H	M	C	P
0	0.02257	0.09739	0.10345	0.01781	0.02575	0.01817	0.01680	0.02826	0.02588	0.07807	0.17960	0.04701	0.08515	0.01473	0.01029	0.00281	0.00875	0.01218	0.00843	0.19690
1	0.02512	0.02353	0.03967	0.11738	0.43192	0.02405	0.03113	0.03150	0.02454	0.03441	0.02505	0.03924	0.02267	0.01240	0.01134	0.00350	0.01276	0.06805	0.00592	0.01581
2	0.02123	0.02004	0.03387	0.53790	0.12276	0.02439	0.03060	0.02842	0.02211	0.02864	0.01949	0.02886	0.01481	0.01078	0.01089	0.00359	0.01438	0.00969	0.00490	0.01263
3	0.69383	0.02109	0.01603	0.01434	0.02109	0.02446	0.01181	0.03205	0.01856	0.04892	0.01518	0.01771	0.01181	0.01012	0.00675	0.00337	0.00843	0.00590	0.00675	0.01181
4	0.02529	0.32291	0.32378	0.02524	0.03816	0.03370	0.03012	0.03365	0.02261	0.03036	0.01749	0.02042	0.01390	0.00987	0.00878	0.00293	0.01402	0.00701	0.00463	0.01512
5	0.02402	0.08778	0.03586	0.09796	0.03438	0.03330	0.02410	0.02713	0.01792	0.02638	0.01504	0.02382	0.01431	0.01701	0.02957	0.00437	0.46096	0.00916	0.00477	0.01217
6	0.02218	0.02100	0.03558	0.46040	0.19287	0.02464	0.03107	0.02925	0.02255	0.02979	0.01966	0.02855	0.01522	0.01061	0.01087	0.00354	0.01414	0.00970	0.00498	0.01339
7	0.02986	0.01346	0.01667	0.01431	0.01903	0.01235	0.01128	0.03463	0.02761	0.23161	0.14397	0.04784	0.04319	0.01499	0.00995	0.00303	0.00664	0.01245	0.29383	0.01329
8	0.01627	0.01213	0.01644	0.01603	0.01717	0.01374	0.01160	0.01873	0.01776	0.02511	0.06462	0.05441	0.03591	0.26750	0.30841	0.01312	0.06223	0.01358	0.00646	0.00880
9	0.01440	0.01098	0.01323	0.01293	0.01572	0.00981	0.00960	0.01847	0.02802	0.03761	0.35771	0.13205	0.24973	0.02505	0.01295	0.00360	0.00537	0.02174	0.01122	0.00981
10	0.04093	0.01926	0.02443	0.01954	0.02692	0.01831	0.01585	0.08487	0.10638	0.37927	0.10457	0.04236	0.03678	0.01476	0.01122	0.00342	0.00887	0.01218	0.01276	0.01733
11	0.03041	0.01763	0.02106	0.01813	0.02379	0.01789	0.01428	0.04410	0.20202	0.20551	0.17179	0.05006	0.04880	0.01614	0.01122	0.00343	0.00764	0.01363	0.06719	0.01528
12	0.02105	0.01897	0.02772	0.09734	0.07223	0.02420	0.02095	0.02470	0.01847	0.02745	0.02148	0.03345	0.02012	0.07461	0.15116	0.00766	0.27254	0.01055	0.04394	0.01140
13	0.26258	0.12802	0.03029	0.02031	0.02801	0.07422	0.01706	0.19285	0.07207	0.04949	0.02128	0.02246	0.01630	0.01143	0.00875	0.00315	0.01105	0.00778	0.00802	0.01489
14	0.29096	0.02088	0.02268	0.02150	0.06462	0.02213	0.01577	0.07891	0.08020	0.18227	0.03066	0.07452	0.02399	0.01367	0.00957	0.00348	0.00915	0.01058	0.00952	0.01492

[dist]
# distance from previous block
# <min> <max>
0	2

[block]
# block no. 6 follows, 12 sequences, length 7
# corresponding to MSA columns:
# 1105-1111
name=unknown_G
#
# <colnr> <probs for GDERKNQSTAVLIFYWHMCP>
#	G	D	E	R	K	N	Q	S	T	A	V	L	I	F	Y	W	H	M	C	P
0	0.12378	0.01969	0.02314	0.09714	0.03064	0.02115	0.01620	0.15249	0.03054	0.12608	0.09847	0.04241	0.03353	0.11698	0.01823	0.00462	0.01023	0.01182	0.00931	0.01353
1	0.34049	0.02294	0.02876	0.17536	0.04184	0.02606	0.07923	0.09700	0.02479	0.04422	0.01867	0.02338	0.01405	0.01062	0.00919	0.00347	0.01179	0.00832	0.00665	0.01317
2	0.02702	0.02360	0.08905	0.05778	0.03027	0.02073	0.01911	0.14302	0.07611	0.09376	0.15388	0.05251	0.04492	0.06658	0.01536	0.00414	0.01022	0.04801	0.00984	0.01412
3	0.02851	0.01925	0.02742	0.27238	0.04777	0.02148	0.02205	0.03986	0.13362	0.16401	0.08060	0.03855	0.03007	0.01346	0.01115	0.00356	0.01107	0.01153	0.00901	0.01464
4	0.02959	0.02494	0.09712	0.02091	0.02797	0.02178	0.01863	0.12896	0.15808	0.11503	0.07773	0.03784	0.03113	0.01642	0.01388	0.07058	0.00983	0.01124	0.07333	0.01499
5	0.01748	0.01267	0.01659	0.06302	0.02187	0.01386	0.01253	0.02338	0.06483	0.03068	0.08533	0.10433	0.04090	0.15091	0.19358	0.00915	0.01481	0.01478	0.09925	0.01003
6	0.02979	0.02822	0.11980	0.10450	0.08086	0.02427	0.02408	0.19052	0.03358	0.09479	0.07167	0.08947	0.03021	0.01493	0.01127	0.00349	0.01174	0.01252	0.00880	0.01550

[dist]
# distance from previous block
# <min> <max>
3	7

[block]
# block no. 7 follows, 12 sequences, length 9
# corresponding to MSA columns:
# 1119-1127
name=unknown_H
#
# <colnr> <probs for GDERKNQSTAVLIFYWHMCP>
#	G	D	E	R	K	N	Q	S	T	A	V	L	I	F	Y	W	H	M	C	P
0	0.13677	0.02513	0.06869	0.08385	0.03485	0.02324	0.01971	0.15793	0.03165	0.19785	0.02740	0.02777	0.01891	0.01173	0.00993	0.00318	0.01082	0.00902	0.00936	0.09221
1	0.02582	0.02218	0.03271	0.44877	0.06474	0.02663	0.02788	0.14939	0.02919	0.03811	0.02108	0.02834	0.01554	0.01145	0.01090	0.00354	0.01390	0.00972	0.00637	0.01373
2	0.03578	0.09554	0.03295	0.02317	0.03145	0.07414	0.01913	0.30041	0.11345	0.05347	0.02613	0.02643	0.01958	0.01221	0.01010	0.00301	0.01162	0.00914	0.00932	0.09298
3	0.02091	0.02866	0.16502	0.45028	0.06810	0.02450	0.03279	0.02953	0.02211	0.02953	0.01943	0.02755	0.01435	0.01077	0.01077	0.00359	0.01493	0.00928	0.00478	0.01312
4	0.02071	0.01325	0.01685	0.01516	0.01868	0.01172	0.01103	0.02211	0.02056	0.06968	0.06385	0.10672	0.03712	0.14462	0.02716	0.15709	0.00879	0.04964	0.00766	0.17761
5	0.17952	0.11911	0.12503	0.02098	0.02999	0.02650	0.02020	0.04314	0.15039	0.13960	0.02865	0.02814	0.02081	0.01186	0.00934	0.00331	0.01053	0.00887	0.00843	0.01559
6	0.02414	0.19552	0.37773	0.02965	0.04349	0.03005	0.08817	0.03410	0.02311	0.03235	0.01874	0.02236	0.01417	0.00997	0.00980	0.00320	0.01526	0.00805	0.00472	0.01542
7	0.02640	0.38574	0.12493	0.01992	0.03037	0.03326	0.02050	0.03163	0.02240	0.02948	0.01689	0.01961	0.01451	0.00917	0.00778	0.00232	0.01144	0.00633	0.00511	0.18221
8	0.28042	0.10881	0.07436	0.06522	0.03227	0.02565	0.04375	0.03809	0.05070	0.15047	0.02380	0.02505	0.01717	0.01102	0.00888	0.00329	0.01073	0.00817	0.00774	0.01440

[dist]
# distance from previous block
# <min> <max>
0	2

[block]
# block no. 8 follows, 12 sequences, length 21
# corresponding to MSA columns:
# 1130-1150
name=unknown_I
#
# <colnr> <probs for GDERKNQSTAVLIFYWHMCP>
#	G	D	E	R	K	N	Q	S	T	A	V	L	I	F	Y	W	H	M	C	P
0	0.01492	0.01009	0.01289	0.01403	0.01552	0.00948	0.00982	0.01826	0.02420	0.03447	0.20370	0.36920	0.07530	0.02754	0.01271	0.00386	0.00579	0.02465	0.10410	0.00948
1	0.03205	0.01490	0.01946	0.01617	0.02191	0.01303	0.01288	0.03634	0.03006	0.30221	0.21792	0.06273	0.13643	0.01869	0.01190	0.00344	0.00731	0.01580	0.01246	0.01432
2	0.03837	0.02872	0.03107	0.02363	0.03251	0.03066	0.01945	0.43317	0.04658	0.06329	0.02507	0.02559	0.01815	0.01227	0.01044	0.00300	0.01136	0.00927	0.01018	0.12722
3	0.02396	0.02550	0.09469	0.35828	0.10853	0.02451	0.10899	0.03185	0.02345	0.06443	0.02146	0.02881	0.01583	0.01062	0.01116	0.00357	0.01485	0.01012	0.00553	0.01384
4	0.01938	0.01239	0.01574	0.01552	0.01885	0.01100	0.01152	0.02279	0.02335	0.08096	0.08059	0.32330	0.05527	0.02457	0.01205	0.00366	0.00700	0.06063	0.08109	0.12035
5	0.01880	0.01363	0.01675	0.01618	0.01896	0.01354	0.01193	0.09875	0.03008	0.04126	0.25956	0.29008	0.07642	0.02568	0.01298	0.00382	0.00675	0.02275	0.01105	0.01105
6	0.01961	0.01198	0.01475	0.01405	0.01755	0.01057	0.01052	0.02313	0.02685	0.11945	0.21680	0.19053	0.23254	0.02508	0.01278	0.00371	0.00619	0.02171	0.01123	0.01098
7	0.13327	0.02274	0.03585	0.25196	0.21724	0.02565	0.05869	0.03073	0.02217	0.03419	0.01890	0.02620	0.01510	0.01082	0.01199	0.00354	0.05241	0.00927	0.00538	0.01391
8	0.03864	0.02112	0.07164	0.11338	0.03612	0.01750	0.01991	0.04387	0.02800	0.37576	0.03871	0.08771	0.02800	0.01472	0.01118	0.00352	0.01045	0.01236	0.01100	0.01639
9	0.02868	0.01372	0.01816	0.01638	0.02088	0.01214	0.01248	0.03213	0.02713	0.25438	0.13062	0.24170	0.09994	0.02302	0.01241	0.00376	0.00733	0.02008	0.01184	0.01322
10	0.03454	0.01691	0.02134	0.01801	0.02400	0.01608	0.01416	0.04246	0.10919	0.30750	0.05000	0.08527	0.08709	0.06605	0.05148	0.00499	0.00998	0.01419	0.01151	0.01524
11	0.20834	0.16054	0.13944	0.02274	0.03218	0.02785	0.06596	0.06499	0.02429	0.08344	0.02283	0.06182	0.01893	0.01201	0.00921	0.00325	0.01176	0.00934	0.00683	0.01424
12	0.08227	0.09309	0.10582	0.02280	0.03241	0.02757	0.02122	0.22258	0.03594	0.20714	0.02851	0.02760	0.01954	0.01224	0.01016	0.00324	0.01147	0.00924	0.00988	0.01728
13	0.21135	0.01640	0.01849	0.01653	0.02214	0.01636	0.01348	0.03574	0.02483	0.22422	0.03827	0.09663	0.03248	0.01685	0.01027	0.00361	0.00835	0.08174	0.09880	0.01346
14	0.22140	0.07954	0.08373	0.09912	0.03463	0.02305	0.01967	0.03979	0.02462	0.23493	0.02680	0.02721	0.01837	0.01146	0.00934	0.00332	0.01073	0.00858	0.00862	0.01507
15	0.02142	0.12032	0.09781	0.16044	0.03809	0.02267	0.02133	0.06718	0.02512	0.03331	0.07776	0.19583	0.03897	0.01839	0.01123	0.00357	0.01088	0.01581	0.00745	0.01241
16	0.03185	0.21307	0.03385	0.01824	0.02567	0.02562	0.01557	0.09266	0.02648	0.14625	0.02505	0.02930	0.02015	0.05888	0.01593	0.07572	0.01031	0.00867	0.00778	0.11894
17	0.19286	0.02058	0.05407	0.01781	0.02438	0.01901	0.01540	0.06414	0.07148	0.10677	0.10593	0.05121	0.08344	0.01638	0.01053	0.00348	0.00872	0.06102	0.00945	0.06334
18	0.03254	0.10977	0.08164	0.02714	0.08643	0.02572	0.04941	0.11682	0.07639	0.14238	0.02852	0.02945	0.02090	0.01160	0.00997	0.00306	0.01109	0.00953	0.06646	0.06118
19	0.13806	0.14760	0.10105	0.08052	0.03317	0.02574	0.02016	0.07525	0.02689	0.12117	0.09990	0.03284	0.02931	0.01267	0.00965	0.00320	0.01072	0.00977	0.00804	0.01428
20	0.15126	0.02089	0.07827	0.01991	0.02579	0.01792	0.04798	0.03154	0.06697	0.10464	0.07458	0.13948	0.03997	0.07386	0.01536	0.00442	0.00978	0.05590	0.00892	0.01257

[dist]
# distance from previous block
# <min> <max>
15	100

[block]
# block no. 9 follows, 12 sequences, length 6
# corresponding to MSA columns:
# 1254-1259
name=unknown_J
#
# <colnr> <probs for GDERKNQSTAVLIFYWHMCP>
#	G	D	E	R	K	N	Q	S	T	A	V	L	I	F	Y	W	H	M	C	P
0	0.02363	0.10601	0.03105	0.02101	0.02734	0.01897	0.10021	0.02831	0.02563	0.10050	0.13073	0.13737	0.10426	0.01807	0.01146	0.00332	0.00948	0.01622	0.00891	0.07752
1	0.02578	0.06810	0.07730	0.18224	0.04460	0.02566	0.05035	0.10938	0.10354	0.03902	0.02779	0.03746	0.02284	0.01314	0.01082	0.00340	0.01228	0.05463	0.00741	0.08425
2	0.02177	0.01547	0.01876	0.09987	0.02726	0.01654	0.01462	0.08719	0.06421	0.04136	0.12162	0.05677	0.08994	0.01707	0.01073	0.00334	0.00807	0.05247	0.22101	0.01193
3	0.09103	0.01365	0.01773	0.05710	0.02315	0.01388	0.01323	0.02594	0.02506	0.11283	0.20799	0.15445	0.05835	0.03042	0.10022	0.00583	0.01077	0.01705	0.00985	0.01145
4	0.02756	0.04566	0.34930	0.03170	0.04514	0.02787	0.10423	0.15956	0.03081	0.04353	0.02166	0.02479	0.01545	0.01090	0.01087	0.00344	0.01537	0.00923	0.00639	0.01654
5	0.01784	0.01132	0.01491	0.01566	0.01720	0.01120	0.01123	0.02015	0.02038	0.06766	0.04629	0.24682	0.05098	0.21047	0.10794	0.00816	0.01174	0.09207	0.00871	0.00927

[dist]
# distance from previous block
# <min> <max>
4	18

[block]
# block no. 10 follows, 12 sequences, length 19
# corresponding to MSA columns:
# 1278-1296
name=unknown_K
#
# <colnr> <probs for GDERKNQSTAVLIFYWHMCP>
#	G	D	E	R	K	N	Q	S	T	A	V	L	I	F	Y	W	H	M	C	P
0	0.02646	0.02198	0.02761	0.16900	0.04062	0.02156	0.01929	0.14033	0.02906	0.04123	0.02096	0.02513	0.01628	0.00998	0.00948	0.00253	0.01068	0.00809	0.00707	0.35265
1	0.69383	0.02109	0.01603	0.01434	0.02109	0.02446	0.01181	0.03205	0.01856	0.04892	0.01518	0.01771	0.01181	0.01012	0.00675	0.00337	0.00843	0.00590	0.00675	0.01181
2	0.03518	0.02582	0.02875	0.02377	0.03087	0.02823	0.01990	0.38387	0.04440	0.05925	0.03446	0.05159	0.03015	0.01756	0.01200	0.00373	0.01148	0.13201	0.01068	0.01631
3	0.01743	0.02260	0.15583	0.01693	0.02116	0.01444	0.01545	0.02076	0.01774	0.02466	0.03047	0.05867	0.03286	0.45764	0.04365	0.00870	0.01203	0.01381	0.00608	0.00910
4	0.04092	0.04634	0.03138	0.02730	0.03374	0.43151	0.02098	0.16661	0.03624	0.03772	0.01930	0.02137	0.01523	0.01172	0.01011	0.00293	0.01765	0.00776	0.00701	0.01419
5	0.02433	0.17790	0.03167	0.01681	0.02640	0.02204	0.01443	0.02882	0.02249	0.03294	0.01827	0.02127	0.01558	0.00840	0.00779	0.00180	0.00902	0.00629	0.00599	0.50775
6	0.02082	0.01513	0.01805	0.01768	0.02057	0.01550	0.01292	0.14605	0.02952	0.03963	0.08359	0.42110	0.06012	0.02783	0.01306	0.00406	0.00774	0.02468	0.01045	0.01149
7	0.02108	0.02008	0.02795	0.02510	0.02526	0.02696	0.02025	0.02334	0.01779	0.02666	0.02633	0.17761	0.02948	0.02304	0.03004	0.00468	0.44186	0.01517	0.00618	0.01112
8	0.20365	0.25215	0.10446	0.02367	0.03335	0.03146	0.10243	0.03464	0.02260	0.07436	0.01895	0.02170	0.01481	0.00995	0.00862	0.00304	0.01230	0.00769	0.00601	0.01413
9	0.40580	0.01761	0.01671	0.01542	0.02085	0.01893	0.01208	0.03120	0.02131	0.12947	0.03169	0.17637	0.03021	0.01700	0.00934	0.00365	0.00802	0.01335	0.00878	0.01218
10	0.02725	0.02178	0.03184	0.17456	0.04069	0.02804	0.02421	0.03123	0.02050	0.11660	0.02051	0.02747	0.01652	0.01599	0.02504	0.00424	0.34433	0.00982	0.00627	0.01310
11	0.02092	0.01910	0.03063	0.36232	0.14097	0.02212	0.02641	0.02891	0.06037	0.03049	0.02836	0.12810	0.02618	0.01494	0.01141	0.00371	0.01243	0.01351	0.00630	0.01281
12	0.13723	0.08138	0.05804	0.12008	0.07241	0.02386	0.04536	0.06157	0.02450	0.07668	0.02070	0.02438	0.01589	0.01001	0.00917	0.00286	0.01117	0.00803	0.00665	0.19001
13	0.02091	0.01215	0.01661	0.01770	0.02035	0.01143	0.01386	0.02435	0.02418	0.11926	0.05633	0.33352	0.06101	0.02917	0.01384	0.00447	0.00819	0.19107	0.01066	0.01094
14	0.02178	0.01362	0.01741	0.01615	0.02049	0.01156	0.01186	0.02484	0.02308	0.11952	0.04651	0.35846	0.04977	0.02381	0.01188	0.00351	0.00729	0.02116	0.00973	0.18756
15	0.03434	0.03687	0.13477	0.03251	0.04251	0.15386	0.18812	0.04140	0.02783	0.16181	0.02556	0.02787	0.01805	0.01095	0.01123	0.00336	0.01603	0.01016	0.00735	0.01542
16	0.15512	0.01937	0.02414	0.05372	0.02962	0.01871	0.01627	0.04834	0.06226	0.40324	0.03694	0.03357	0.02408	0.01285	0.01025	0.00341	0.00941	0.01012	0.01166	0.01693
17	0.04557	0.12117	0.03070	0.01927	0.02786	0.02063	0.01647	0.04966	0.02967	0.46631	0.03829	0.03378	0.02479	0.01279	0.01029	0.00320	0.00968	0.01009	0.01200	0.01778
18	0.02619	0.01571	0.02162	0.01857	0.02366	0.01486	0.05014	0.03374	0.08523	0.17396	0.16988	0.11647	0.10889	0.01979	0.01210	0.00362	0.00801	0.03856	0.04569	0.01331

[dist]
# distance from previous block
# <min> <max>
3	21

[block]
# block no. 11 follows, 12 sequences, length 15
# corresponding to MSA columns:
# 1318-1332
name=unknown_L
#
# <colnr> <probs for GDERKNQSTAVLIFYWHMCP>
#	G	D	E	R	K	N	Q	S	T	A	V	L	I	F	Y	W	H	M	C	P
0	0.31761	0.14864	0.03068	0.01924	0.02674	0.02731	0.05748	0.07556	0.02354	0.04161	0.02142	0.07632	0.01940	0.01229	0.00851	0.00314	0.01009	0.00930	0.00689	0.06424
1	0.09185	0.02004	0.06268	0.06617	0.02959	0.01788	0.01792	0.08248	0.02743	0.17933	0.04094	0.18161	0.03816	0.01982	0.01175	0.00386	0.00982	0.07497	0.00994	0.01376
2	0.02442	0.03437	0.27039	0.02339	0.03345	0.01957	0.02561	0.03486	0.07338	0.11807	0.09191	0.09229	0.07924	0.01616	0.01133	0.00357	0.01137	0.01350	0.00838	0.01475
3	0.45982	0.02049	0.01832	0.01497	0.02274	0.02100	0.01220	0.03045	0.01997	0.04425	0.01665	0.01942	0.01332	0.00941	0.00721	0.00276	0.00831	0.00610	0.00665	0.24597
4	0.03441	0.01455	0.01835	0.01525	0.02080	0.01317	0.01219	0.03906	0.02796	0.30424	0.09232	0.04310	0.03528	0.01411	0.00988	0.00306	0.00723	0.01157	0.26901	0.01446
5	0.01573	0.01107	0.01443	0.01443	0.01531	0.01195	0.00977	0.01749	0.01661	0.02302	0.03203	0.05850	0.03406	0.37564	0.28903	0.01370	0.01897	0.01397	0.00626	0.00802
6	0.02187	0.05640	0.56031	0.03108	0.04719	0.02532	0.04029	0.03453	0.02302	0.03453	0.01957	0.02302	0.01381	0.01036	0.01036	0.00345	0.01611	0.00806	0.00460	0.01611
7	0.01321	0.00976	0.01237	0.01445	0.01562	0.00892	0.00980	0.01526	0.02158	0.02812	0.06902	0.52021	0.15583	0.03300	0.01373	0.00430	0.00618	0.02958	0.01012	0.00892
8	0.15715	0.02597	0.02762	0.02185	0.02993	0.02822	0.01794	0.29914	0.08658	0.15378	0.02907	0.02807	0.02030	0.01280	0.01020	0.00335	0.01054	0.00957	0.01067	0.01723
9	0.01573	0.01219	0.01445	0.01370	0.01690	0.01145	0.01033	0.02244	0.07269	0.03983	0.37630	0.08457	0.22250	0.02315	0.01271	0.00352	0.00556	0.02001	0.01139	0.01059
10	0.32663	0.02362	0.02529	0.02118	0.02831	0.02661	0.06133	0.08755	0.20786	0.04829	0.02749	0.02796	0.02070	0.01201	0.00930	0.00351	0.00978	0.00926	0.00861	0.01470
11	0.04073	0.05197	0.03090	0.02809	0.03371	0.57303	0.02107	0.04354	0.03090	0.02669	0.01685	0.01966	0.01404	0.01124	0.00983	0.00281	0.01966	0.00702	0.00562	0.01264
12	0.04644	0.01863	0.02505	0.01909	0.02765	0.01589	0.01573	0.05072	0.03040	0.50729	0.04079	0.03575	0.02597	0.01298	0.01069	0.00321	0.00916	0.01054	0.01283	0.08119
13	0.02915	0.62337	0.05714	0.01866	0.02799	0.04314	0.01866	0.03265	0.02215	0.02565	0.01516	0.01749	0.01399	0.00933	0.00700	0.00233	0.01166	0.00583	0.00466	0.01399
14	0.02699	0.02591	0.04426	0.06693	0.54879	0.02591	0.03346	0.03346	0.02483	0.03562	0.02051	0.02699	0.01727	0.00972	0.01079	0.00324	0.01295	0.00972	0.00540	0.01727

[dist]
# distance from previous block
# <min> <max>
0	4

[block]
# block no. 12 follows, 12 sequences, length 16
# corresponding to MSA columns:
# 1337-1352
name=unknown_M
#
# <colnr> <probs for GDERKNQSTAVLIFYWHMCP>
#	G	D	E	R	K	N	Q	S	T	A	V	L	I	F	Y	W	H	M	C	P
0	0.69383	0.02109	0.01603	0.01434	0.02109	0.02446	0.01181	0.03205	0.01856	0.04892	0.01518	0.01771	0.01181	0.01012	0.00675	0.00337	0.00843	0.00590	0.00675	0.01181
1	0.02032	0.01740	0.02496	0.02286	0.02713	0.01809	0.08672	0.03303	0.18286	0.03543	0.04911	0.24885	0.04989	0.02360	0.01310	0.00421	0.00955	0.11056	0.00974	0.01260
2	0.01379	0.00985	0.01323	0.01576	0.01662	0.00929	0.01100	0.01606	0.02137	0.02840	0.05982	0.55217	0.07101	0.03368	0.01405	0.00450	0.00676	0.08352	0.01011	0.00900
3	0.02922	0.02721	0.10337	0.02141	0.03060	0.02197	0.01938	0.16355	0.07160	0.08520	0.02866	0.07756	0.02357	0.01301	0.01016	0.00288	0.01030	0.01057	0.00864	0.24112
4	0.02233	0.01457	0.01720	0.01613	0.02026	0.01422	0.01219	0.03147	0.13258	0.12154	0.14594	0.18725	0.17438	0.02314	0.01241	0.00376	0.00691	0.01998	0.01119	0.01255
5	0.02720	0.12988	0.27134	0.02820	0.03969	0.10628	0.08556	0.03532	0.02505	0.06581	0.02764	0.02996	0.05762	0.01179	0.01033	0.00323	0.01495	0.00954	0.00589	0.01473
6	0.02154	0.09757	0.43823	0.02750	0.04106	0.02463	0.03408	0.03233	0.02409	0.03512	0.09563	0.03109	0.02683	0.01201	0.01044	0.00336	0.01414	0.00957	0.00569	0.01508
7	0.01834	0.01198	0.01438	0.01328	0.01701	0.01052	0.01014	0.02239	0.02842	0.09841	0.30518	0.08591	0.27635	0.02345	0.01265	0.00353	0.00579	0.02004	0.01140	0.01082
8	0.02363	0.02269	0.07717	0.21098	0.15695	0.02198	0.02640	0.03008	0.02443	0.07393	0.10017	0.04241	0.03226	0.01448	0.01351	0.00367	0.06131	0.04327	0.00702	0.01367
9	0.02437	0.02258	0.03789	0.31979	0.14155	0.02510	0.09826	0.08624	0.02629	0.03499	0.02347	0.06709	0.01959	0.01226	0.01137	0.00359	0.01399	0.01159	0.00610	0.01388
10	0.02059	0.01938	0.03270	0.59060	0.07510	0.02422	0.03028	0.02786	0.02180	0.02786	0.01938	0.02907	0.01453	0.01090	0.01090	0.00363	0.01453	0.00969	0.00484	0.01211
11	0.02001	0.01198	0.01586	0.01476	0.01791	0.01092	0.01110	0.02454	0.02944	0.11623	0.39896	0.15271	0.08727	0.02275	0.01274	0.00357	0.00592	0.02010	0.01194	0.01128
12	0.03097	0.09177	0.14699	0.12528	0.11659	0.02616	0.02695	0.08694	0.06121	0.14251	0.02629	0.02839	0.01890	0.01146	0.01039	0.00332	0.01263	0.00939	0.00764	0.01621
13	0.02796	0.02781	0.05760	0.04170	0.05150	0.02689	0.41585	0.03605	0.02551	0.08798	0.02354	0.02972	0.01743	0.01050	0.01468	0.00374	0.06803	0.01238	0.00627	0.01486
14	0.01559	0.01046	0.01197	0.01223	0.01230	0.01039	0.00697	0.01579	0.01637	0.02183	0.03701	0.12691	0.04299	0.55667	0.05121	0.00994	0.01013	0.01742	0.00697	0.00684
15	0.02644	0.11456	0.12962	0.02100	0.02913	0.02453	0.02015	0.10539	0.11443	0.07567	0.13888	0.04497	0.07926	0.01536	0.01082	0.00331	0.01008	0.01246	0.00915	0.01478

[dist]
# distance from previous block
# <min> <max>
7	36

[block]
# block no. 13 follows, 12 sequences, length 34
# corresponding to MSA columns:
# 1392-1425
name=unknown_N
#
# <colnr> <probs for GDERKNQSTAVLIFYWHMCP>
#	G	D	E	R	K	N	Q	S	T	A	V	L	I	F	Y	W	H	M	C	P
0	0.04481	0.01947	0.02518	0.01993	0.02793	0.01812	0.01626	0.05404	0.12508	0.46005	0.04327	0.03778	0.02818	0.01374	0.01099	0.00343	0.00916	0.01122	0.01304	0.01831
1	0.02261	0.01938	0.02261	0.01615	0.02584	0.01453	0.01292	0.02745	0.02261	0.03553	0.01938	0.02261	0.01615	0.00807	0.00807	0.00161	0.00807	0.00646	0.00646	0.68346
2	0.01328	0.00949	0.01265	0.01518	0.01581	0.00886	0.01012	0.01518	0.02088	0.02783	0.06010	0.60969	0.07212	0.03416	0.01392	0.00443	0.00633	0.03100	0.01012	0.00886
3	0.01581	0.01075	0.01282	0.01282	0.01315	0.01108	0.00777	0.01645	0.01613	0.02183	0.03350	0.06664	0.03759	0.52831	0.14119	0.01172	0.01365	0.01517	0.00648	0.00712
4	0.02780	0.02177	0.02278	0.01976	0.02516	0.06044	0.01545	0.11972	0.19108	0.08507	0.22395	0.05155	0.05472	0.01693	0.01162	0.00344	0.00875	0.01416	0.01118	0.01466
5	0.02841	0.14481	0.10358	0.03125	0.04082	0.10365	0.21164	0.03500	0.02579	0.06890	0.03026	0.03335	0.06988	0.01181	0.01093	0.00326	0.01509	0.01110	0.00631	0.01415
6	0.02699	0.02591	0.04426	0.06693	0.54879	0.02591	0.03346	0.03346	0.02483	0.03562	0.02051	0.02699	0.01727	0.00972	0.01079	0.00324	0.01295	0.00972	0.00540	0.01727
7	0.04405	0.02069	0.02594	0.02050	0.02854	0.01993	0.01674	0.10078	0.12712	0.41043	0.04156	0.03667	0.02732	0.01370	0.01098	0.00342	0.00943	0.01110	0.01278	0.01831
8	0.16519	0.14925	0.03488	0.12366	0.12800	0.02665	0.02129	0.03673	0.02401	0.15864	0.02346	0.02587	0.01733	0.01081	0.00923	0.00317	0.01117	0.00842	0.00734	0.01491
9	0.01724	0.01075	0.01442	0.01583	0.01753	0.00996	0.01128	0.01990	0.02312	0.08043	0.10295	0.46837	0.06991	0.03077	0.01362	0.00428	0.00679	0.06224	0.01061	0.01001
10	0.01889	0.01162	0.01490	0.01561	0.01725	0.01123	0.01132	0.02111	0.02102	0.07723	0.04760	0.20892	0.05235	0.26232	0.03045	0.00693	0.00930	0.14372	0.00903	0.00922
