[name]
unknown

[dist]
# distance from previous block
# <min> <max>
0	128

[block]
# block no. 0 follows, 12 sequences, length 23
# corresponding to MSA columns:
# 143-165
name=unknown_A
#
# <colnr> <probs for GDERKNQSTAVLIFYWHMCP>
#	G	D	E	R	K	N	Q	S	T	A	V	L	I	F	Y	W	H	M	C	P
0	0.01722	0.01117	0.01466	0.01572	0.01793	0.01033	0.01173	0.02042	0.02436	0.07435	0.13515	0.34626	0.12150	0.02932	0.01361	0.00422	0.00695	0.10433	0.01066	0.01010
1	0.02560	0.02696	0.03789	0.34483	0.15349	0.11434	0.08022	0.03219	0.02426	0.02984	0.01946	0.02719	0.01517	0.01056	0.01092	0.00343	0.01549	0.00960	0.00514	0.01342
2	0.02352	0.01734	0.02145	0.10240	0.03003	0.01890	0.01604	0.03820	0.20941	0.08344	0.20587	0.05224	0.05276	0.01645	0.01138	0.00349	0.00813	0.01412	0.06112	0.01374
3	0.01785	0.01478	0.02089	0.01961	0.02072	0.01846	0.01525	0.02071	0.01703	0.02489	0.02603	0.04230	0.02576	0.15073	0.34581	0.01298	0.17892	0.01178	0.00568	0.00982
4	0.01463	0.01072	0.01372	0.01380	0.01601	0.00982	0.01003	0.01872	0.02775	0.03827	0.37737	0.21491	0.14213	0.02580	0.01312	0.00370	0.00548	0.02286	0.01134	0.00982
5	0.02915	0.62337	0.05714	0.01866	0.02799	0.04314	0.01866	0.03265	0.02215	0.02565	0.01516	0.01749	0.01399	0.00933	0.00700	0.00233	0.01166	0.00583	0.00466	0.01399
6	0.52688	0.01838	0.01457	0.01330	0.01901	0.02092	0.01077	0.03040	0.01962	0.04687	0.02024	0.02340	0.01581	0.01076	0.00696	0.00317	0.00760	0.00696	0.17298	0.01140
7	0.02712	0.02342	0.02465	0.02219	0.02835	0.02712	0.01726	0.05794	0.52909	0.04561	0.04438	0.04068	0.03328	0.01479	0.01109	0.00370	0.00863	0.01233	0.01109	0.01726
8	0.01403	0.01002	0.01351	0.01604	0.01700	0.00950	0.01142	0.01648	0.02161	0.02867	0.05968	0.52470	0.07048	0.03345	0.01412	0.00453	0.00697	0.10860	0.01011	0.00906
9	0.69383	0.02109	0.01603	0.01434	0.02109	0.02446	0.01181	0.03205	0.01856	0.04892	0.01518	0.01771	0.01181	0.01012	0.00675	0.00337	0.00843	0.00590	0.00675	0.01181
10	0.04892	0.01856	0.02530	0.01940	0.02783	0.01603	0.01603	0.05314	0.03121	0.55634	0.04302	0.03711	0.02699	0.01350	0.01096	0.00337	0.00928	0.01096	0.01350	0.01856
11	0.59833	0.02071	0.01740	0.01509	0.02209	0.02321	0.01243	0.03517	0.02043	0.12405	0.01930	0.02059	0.01406	0.01062	0.00737	0.00337	0.00856	0.00665	0.00775	0.01281
12	0.69383	0.02109	0.01603	0.01434	0.02109	0.02446	0.01181	0.03205	0.01856	0.04892	0.01518	0.01771	0.01181	0.01012	0.00675	0.00337	0.00843	0.00590	0.00675	0.01181
13	0.02385	0.02385	0.03340	0.02863	0.02863	0.03340	0.02385	0.02624	0.01670	0.02624	0.01431	0.02385	0.01431	0.01908	0.03578	0.00477	0.59685	0.00954	0.00477	0.01193
14	0.04772	0.02048	0.02649	0.02031	0.02879	0.01888	0.01678	0.12681	0.03443	0.47812	0.04032	0.03536	0.02564	0.01343	0.01096	0.00336	0.00971	0.01078	0.01308	0.01855
15	0.03316	0.02172	0.02798	0.06841	0.03294	0.02263	0.05705	0.15183	0.12323	0.16899	0.04069	0.04003	0.06830	0.01419	0.01096	0.00340	0.01023	0.01194	0.07647	0.01586
16	0.04259	0.02310	0.07386	0.02917	0.12582	0.01864	0.02129	0.04793	0.02934	0.41608	0.03688	0.03405	0.02408	0.01253	0.01088	0.00336	0.01053	0.01049	0.01125	0.01811
17	0.01500	0.01104	0.01425	0.01519	0.01742	0.01029	0.01166	0.01892	0.02603	0.03485	0.23838	0.22913	0.15375	0.02799	0.01365	0.00410	0.00666	0.13120	0.01077	0.00970
18	0.02217	0.01240	0.01541	0.01471	0.01847	0.01087	0.01098	0.02521	0.02563	0.16074	0.11388	0.25255	0.22291	0.02582	0.01275	0.00383	0.00669	0.02238	0.01112	0.01150
19	0.09742	0.02959	0.12997	0.15860	0.08739	0.02558	0.02606	0.14956	0.03048	0.12542	0.02447	0.02722	0.01729	0.01155	0.01039	0.00341	0.01266	0.00924	0.00785	0.01583
20	0.03683	0.02627	0.09103	0.02954	0.03940	0.02165	0.18113	0.04568	0.06901	0.29136	0.03390	0.03347	0.02275	0.01187	0.01154	0.00351	0.01290	0.01142	0.00979	0.01694
21	0.02385	0.02385	0.03340	0.02863	0.02863	0.03340	0.02385	0.02624	0.01670	0.02624	0.01431	0.02385	0.01431	0.01908	0.03578	0.00477	0.59685	0.00954	0.00477	0.01193
22	0.02369	0.02307	0.06869	0.02342	0.08280	0.01770	0.01772	0.06863	0.02514	0.03751	0.02412	0.08147	0.02182	0.01144	0.00937	0.00236	0.00941	0.00965	0.00694	0.43506

[dist]
# distance from previous block
# <min> <max>
0	1

[block]
# block no. 1 follows, 12 sequences, length 11
# corresponding to MSA columns:
# 167-177
name=unknown_B
#
# <colnr> <probs for GDERKNQSTAVLIFYWHMCP>
#	G	D	E	R	K	N	Q	S	T	A	V	L	I	F	Y	W	H	M	C	P
0	0.02296	0.14119	0.48506	0.02922	0.04432	0.02799	0.03705	0.03425	0.02289	0.03320	0.01891	0.02219	0.01384	0.01020	0.00986	0.00329	0.01545	0.00772	0.00461	0.01580
1	0.01604	0.01147	0.01576	0.01794	0.01988	0.01119	0.01456	0.02011	0.02437	0.03225	0.10646	0.26857	0.06960	0.03059	0.01449	0.00468	0.00841	0.29365	0.01026	0.00970
2	0.02292	0.03235	0.17962	0.14586	0.10127	0.02531	0.17105	0.03154	0.02386	0.03352	0.05982	0.03097	0.02192	0.01165	0.01341	0.00363	0.06051	0.01095	0.00557	0.01427
3	0.02579	0.02161	0.02522	0.02267	0.02688	0.02544	0.01804	0.11125	0.23837	0.04157	0.03915	0.12704	0.03555	0.01954	0.01667	0.00406	0.12472	0.05228	0.00959	0.01455
4	0.01436	0.00994	0.01233	0.01381	0.01418	0.00957	0.00865	0.01546	0.01878	0.02504	0.04934	0.38472	0.05854	0.27765	0.03129	0.00700	0.00810	0.02467	0.00865	0.00792
5	0.01456	0.01081	0.01325	0.01320	0.01548	0.00984	0.00950	0.01821	0.02663	0.03605	0.32556	0.17033	0.19031	0.07712	0.01675	0.00427	0.00589	0.02192	0.01082	0.00950
6	0.69383	0.02109	0.01603	0.01434	0.02109	0.02446	0.01181	0.03205	0.01856	0.04892	0.01518	0.01771	0.01181	0.01012	0.00675	0.00337	0.00843	0.00590	0.00675	0.01181
7	0.01450	0.01079	0.01150	0.01150	0.01319	0.00995	0.00737	0.01576	0.01997	0.02494	0.06917	0.08671	0.27051	0.34730	0.03601	0.00742	0.00826	0.01913	0.00822	0.00780
8	0.02915	0.62337	0.05714	0.01866	0.02799	0.04314	0.01866	0.03265	0.02215	0.02565	0.01516	0.01749	0.01399	0.00933	0.00700	0.00233	0.01166	0.00583	0.00466	0.01399
9	0.01600	0.01246	0.01798	0.02246	0.09567	0.01185	0.01366	0.01959	0.02458	0.03394	0.20448	0.35815	0.07349	0.02681	0.01312	0.00394	0.00695	0.02430	0.01000	0.01056
10	0.02824	0.55893	0.05453	0.07968	0.03301	0.04113	0.01990	0.03214	0.02212	0.02589	0.01561	0.01873	0.01405	0.00950	0.00741	0.00247	0.01197	0.00624	0.00468	0.01379

[dist]
# distance from previous block
# <min> <max>
0	50

[block]
# block no. 2 follows, 12 sequences, length 19
# corresponding to MSA columns:
# 229-247
name=unknown_C
#
# <colnr> <probs for GDERKNQSTAVLIFYWHMCP>
#	G	D	E	R	K	N	Q	S	T	A	V	L	I	F	Y	W	H	M	C	P
0	0.02144	0.01376	0.01691	0.01633	0.01978	0.01343	0.01211	0.02949	0.11264	0.11346	0.17040	0.26151	0.10610	0.02445	0.01266	0.00385	0.00682	0.02151	0.01123	0.01211
1	0.02799	0.02573	0.03372	0.14969	0.04168	0.07439	0.08547	0.14710	0.02860	0.03745	0.02256	0.03300	0.01944	0.10293	0.02193	0.00471	0.11285	0.01080	0.00674	0.01323
2	0.01776	0.01484	0.02125	0.01950	0.02256	0.01482	0.07615	0.02532	0.10857	0.03069	0.05138	0.29454	0.08826	0.13731	0.02108	0.00531	0.00905	0.02191	0.00902	0.01068
3	0.01497	0.01079	0.01416	0.01404	0.01619	0.00998	0.01025	0.01940	0.02869	0.04027	0.43803	0.19631	0.09619	0.02487	0.01309	0.00365	0.00540	0.02217	0.01159	0.00998
4	0.02020	0.02408	0.10515	0.23811	0.04826	0.02296	0.06700	0.02633	0.02118	0.02910	0.02762	0.15425	0.02715	0.01725	0.01616	0.00399	0.11868	0.01436	0.00601	0.01215
5	0.24852	0.07675	0.02588	0.01902	0.02605	0.07127	0.01566	0.14712	0.03097	0.12015	0.09119	0.03094	0.02787	0.01291	0.00940	0.00322	0.01018	0.00943	0.00908	0.01439
6	0.03851	0.04827	0.03123	0.02816	0.03304	0.50210	0.02143	0.04127	0.02903	0.02663	0.01652	0.02021	0.01408	0.01227	0.01324	0.00307	0.09553	0.00735	0.00551	0.01255
7	0.01577	0.01093	0.01371	0.01371	0.01434	0.01156	0.00887	0.01702	0.01639	0.02249	0.03269	0.06215	0.03564	0.44411	0.22273	0.01281	0.01659	0.01451	0.00636	0.00762
8	0.12384	0.07150	0.03227	0.39715	0.05874	0.02686	0.02555	0.07993	0.02445	0.03512	0.01912	0.02610	0.01451	0.01088	0.00996	0.00345	0.01312	0.00882	0.00575	0.01290
9	0.11467	0.15679	0.09600	0.14453	0.04376	0.02910	0.10306	0.03338	0.02261	0.07795	0.02000	0.02473	0.01538	0.01104	0.01190	0.00338	0.06316	0.00880	0.00589	0.01387
10	0.01546	0.01143	0.01486	0.01651	0.01885	0.01083	0.01329	0.01935	0.02474	0.03211	0.12010	0.22077	0.16708	0.02966	0.01414	0.00445	0.00780	0.23866	0.01028	0.00964
11	0.02760	0.08595	0.03789	0.28937	0.09154	0.02788	0.06097	0.09489	0.02659	0.07621	0.02161	0.02759	0.01633	0.01164	0.01251	0.00349	0.05769	0.00962	0.00640	0.01423
12	0.02733	0.02699	0.11244	0.07353	0.09359	0.02162	0.12554	0.03603	0.06257	0.11550	0.02698	0.03293	0.02093	0.06346	0.01473	0.00385	0.01287	0.01060	0.00722	0.11128
13	0.02800	0.01632	0.02329	0.11741	0.03176	0.01731	0.01738	0.03213	0.02538	0.20415	0.11340	0.16509	0.04430	0.01959	0.01514	0.00384	0.08616	0.01622	0.00990	0.01323
14	0.01328	0.00949	0.01265	0.01518	0.01581	0.00886	0.01012	0.01518	0.02088	0.02783	0.06010	0.60969	0.07212	0.03416	0.01392	0.00443	0.00633	0.03100	0.01012	0.00886
15	0.03205	0.07761	0.07776	0.22204	0.04916	0.02609	0.06191	0.12280	0.02970	0.15618	0.02583	0.02891	0.01814	0.01157	0.01068	0.00338	0.01305	0.00978	0.00792	0.01542
16	0.03101	0.15929	0.13094	0.02642	0.03629	0.02948	0.09504	0.09223	0.13740	0.11188	0.02837	0.02893	0.02084	0.01165	0.01031	0.00327	0.01247	0.00982	0.00808	0.01629
17	0.01858	0.01129	0.01485	0.01557	0.01791	0.01033	0.01136	0.02157	0.02432	0.10008	0.13036	0.37826	0.10943	0.02889	0.01338	0.00413	0.00678	0.06162	0.01083	0.01046
18	0.13719	0.06747	0.14694	0.02376	0.03425	0.02555	0.06313	0.13616	0.02851	0.04407	0.02019	0.02294	0.01535	0.01017	0.00932	0.00288	0.01184	0.00796	0.00688	0.18544

[dist]
# distance from previous block
# <min> <max>
0	26

[block]
# block no. 3 follows, 12 sequences, length 17
# corresponding to MSA columns:
# 274-290
name=unknown_D
#
# <colnr> <probs for GDERKNQSTAVLIFYWHMCP>
#	G	D	E	R	K	N	Q	S	T	A	V	L	I	F	Y	W	H	M	C	P
0	0.03140	0.06895	0.02928	0.11892	0.03603	0.11239	0.01923	0.13945	0.03251	0.09688	0.11524	0.03562	0.03240	0.01337	0.01055	0.00308	0.01180	0.01063	0.00864	0.07364
1	0.29862	0.12609	0.02572	0.01601	0.02378	0.02346	0.01361	0.03239	0.02239	0.09383	0.05830	0.02559	0.02158	0.01075	0.00800	0.00277	0.00876	0.00758	0.00740	0.17337
2	0.35568	0.02190	0.02745	0.10948	0.07187	0.02469	0.06237	0.03353	0.02134	0.09610	0.01973	0.02377	0.01489	0.01128	0.01124	0.00355	0.06282	0.00824	0.00680	0.01324
3	0.01973	0.01373	0.01704	0.01450	0.01939	0.01168	0.01120	0.02448	0.02830	0.08383	0.33051	0.06605	0.12147	0.01870	0.01156	0.00302	0.00624	0.01615	0.01061	0.17183
4	0.03245	0.46198	0.05003	0.02096	0.02959	0.13268	0.01929	0.08611	0.02678	0.03046	0.01663	0.01880	0.01449	0.01006	0.00790	0.00251	0.01306	0.00646	0.00550	0.01425
5	0.39598	0.02204	0.02160	0.01767	0.02525	0.02372	0.01458	0.12290	0.02792	0.19608	0.02501	0.02470	0.01730	0.01160	0.00868	0.00336	0.00930	0.00803	0.00939	0.01491
6	0.01380	0.01120	0.01232	0.01238	0.01574	0.00972	0.00951	0.01723	0.02605	0.03253	0.19025	0.10197	0.41481	0.02680	0.01308	0.00375	0.00585	0.06303	0.01048	0.00949
7	0.01370	0.00981	0.01303	0.01490	0.01591	0.00914	0.01015	0.01624	0.02283	0.03094	0.15447	0.50646	0.07813	0.03184	0.01371	0.00423	0.00609	0.02879	0.01049	0.00914
8	0.01471	0.01051	0.01429	0.01681	0.01807	0.01008	0.01260	0.01765	0.02228	0.02943	0.05931	0.44785	0.06900	0.03282	0.01430	0.00462	0.00756	0.17877	0.01009	0.00925
9	0.02915	0.62337	0.05714	0.01866	0.02799	0.04314	0.01866	0.03265	0.02215	0.02565	0.01516	0.01749	0.01399	0.00933	0.00700	0.00233	0.01166	0.00583	0.00466	0.01399
10	0.01328	0.00949	0.01265	0.01518	0.01581	0.00886	0.01012	0.01518	0.02088	0.02783	0.06010	0.60969	0.07212	0.03416	0.01392	0.00443	0.00633	0.03100	0.01012	0.00886
11	0.69383	0.02109	0.01603	0.01434	0.02109	0.02446	0.01181	0.03205	0.01856	0.04892	0.01518	0.01771	0.01181	0.01012	0.00675	0.00337	0.00843	0.00590	0.00675	0.01181
12	0.01510	0.01127	0.01412	0.01381	0.01662	0.01029	0.01063	0.01970	0.02891	0.03937	0.39504	0.09112	0.19634	0.02431	0.01310	0.00366	0.00575	0.06946	0.01138	0.01002
13	0.04145	0.03054	0.03272	0.02509	0.03381	0.03381	0.02072	0.51243	0.05127	0.06872	0.02618	0.02618	0.01854	0.01309	0.01091	0.00327	0.01200	0.00982	0.01091	0.01854
14	0.04145	0.03054	0.03272	0.02509	0.03381	0.03381	0.02072	0.51243	0.05127	0.06872	0.02618	0.02618	0.01854	0.01309	0.01091	0.00327	0.01200	0.00982	0.01091	0.01854
15	0.01757	0.01255	0.01757	0.02008	0.02259	0.01255	0.01757	0.02259	0.02510	0.03263	0.05773	0.12299	0.06275	0.03012	0.01506	0.00502	0.01004	0.47540	0.01004	0.01004
16	0.02494	0.02705	0.05121	0.03860	0.04495	0.03004	0.30329	0.03124	0.02190	0.03124	0.01877	0.02705	0.01560	0.01339	0.02259	0.00414	0.26379	0.01146	0.00520	0.01353

[dist]
# distance from previous block
# <min> <max>
0	7

[block]
# block no. 4 follows, 12 sequences, length 23
# corresponding to MSA columns:
# 298-309,311-321
name=unknown_E
#
# <colnr> <probs for GDERKNQSTAVLIFYWHMCP>
#	G	D	E	R	K	N	Q	S	T	A	V	L	I	F	Y	W	H	M	C	P
0	0.01372	0.01025	0.01276	0.01389	0.01569	0.00929	0.00975	0.01661	0.02422	0.03209	0.18957	0.36657	0.18624	0.02978	0.01343	0.00402	0.00586	0.02644	0.01058	0.00929
1	0.02915	0.62337	0.05714	0.01866	0.02799	0.04314	0.01866	0.03265	0.02215	0.02565	0.01516	0.01749	0.01399	0.00933	0.00700	0.00233	0.01166	0.00583	0.00466	0.01399
2	0.02677	0.02304	0.02754	0.17218	0.04119	0.02700	0.02102	0.09334	0.34994	0.04314	0.03606	0.03624	0.02694	0.01361	0.01103	0.00364	0.01051	0.01139	0.00943	0.01603
3	0.04443	0.01870	0.02484	0.01884	0.02749	0.01577	0.01550	0.04875	0.02974	0.46744	0.03898	0.03464	0.02514	0.01257	0.01047	0.00307	0.00907	0.01020	0.01229	0.13206
4	0.02357	0.18877	0.44284	0.02818	0.04271	0.02948	0.03524	0.03409	0.02282	0.03246	0.01854	0.02173	0.01385	0.01012	0.00957	0.00319	0.01507	0.00754	0.00462	0.01562
5	0.02059	0.01938	0.03270	0.59060	0.07510	0.02422	0.03028	0.02786	0.02180	0.02786	0.01938	0.02907	0.01453	0.01090	0.01090	0.00363	0.01453	0.00969	0.00484	0.01211
6	0.69383	0.02109	0.01603	0.01434	0.02109	0.02446	0.01181	0.03205	0.01856	0.04892	0.01518	0.01771	0.01181	0.01012	0.00675	0.00337	0.00843	0.00590	0.00675	0.01181
7	0.01586	0.01057	0.01189	0.01189	0.01189	0.01057	0.00661	0.01586	0.01586	0.02114	0.03436	0.07135	0.03964	0.61681	0.05550	0.01057	0.01057	0.01586	0.00661	0.00661
8	0.04145	0.03054	0.03272	0.02509	0.03381	0.03381	0.02072	0.51243	0.05127	0.06872	0.02618	0.02618	0.01854	0.01309	0.01091	0.00327	0.01200	0.00982	0.01091	0.01854
9	0.01586	0.01057	0.01189	0.01189	0.01189	0.01057	0.00661	0.01586	0.01586	0.02114	0.03436	0.07135	0.03964	0.61681	0.05550	0.01057	0.01057	0.01586	0.00661	0.00661
10	0.08461	0.01499	0.02205	0.02111	0.02501	0.01473	0.06953	0.02568	0.02402	0.07929	0.04902	0.21779	0.05199	0.02545	0.01338	0.00442	0.00981	0.22640	0.00955	0.01118
11	0.02979	0.03441	0.03470	0.29852	0.05554	0.26275	0.06840	0.03529	0.02610	0.02797	0.01852	0.02502	0.01450	0.01090	0.01061	0.00328	0.01710	0.00881	0.00524	0.01257
12	0.02787	0.52338	0.14587	0.02085	0.03137	0.04000	0.02247	0.03298	0.02231	0.02722	0.01594	0.01847	0.01396	0.00951	0.00759	0.00253	0.01245	0.00622	0.00465	0.01437
13	0.69383	0.02109	0.01603	0.01434	0.02109	0.02446	0.01181	0.03205	0.01856	0.04892	0.01518	0.01771	0.01181	0.01012	0.00675	0.00337	0.00843	0.00590	0.00675	0.01181
14	0.02261	0.01938	0.02261	0.01615	0.02584	0.01453	0.01292	0.02745	0.02261	0.03553	0.01938	0.02261	0.01615	0.00807	0.00807	0.00161	0.00807	0.00646	0.00646	0.68346
15	0.01325	0.00964	0.01250	0.01479	0.01571	0.00889	0.00995	0.01523	0.02126	0.02799	0.06491	0.56142	0.11728	0.03353	0.01382	0.00436	0.00625	0.03023	0.01012	0.00889
16	0.02915	0.62337	0.05714	0.01866	0.02799	0.04314	0.01866	0.03265	0.02215	0.02565	0.01516	0.01749	0.01399	0.00933	0.00700	0.00233	0.01166	0.00583	0.00466	0.01399
17	0.01757	0.01255	0.01757	0.02008	0.02259	0.01255	0.01757	0.02259	0.02510	0.03263	0.05773	0.12299	0.06275	0.03012	0.01506	0.00502	0.01004	0.47540	0.01004	0.01004
18	0.02059	0.01938	0.03270	0.59060	0.07510	0.02422	0.03028	0.02786	0.02180	0.02786	0.01938	0.02907	0.01453	0.01090	0.01090	0.00363	0.01453	0.00969	0.00484	0.01211
19	0.01757	0.01255	0.01757	0.02008	0.02259	0.01255	0.01757	0.02259	0.02510	0.03263	0.05773	0.12299	0.06275	0.03012	0.01506	0.00502	0.01004	0.47540	0.01004	0.01004
20	0.30144	0.30774	0.03502	0.01594	0.02345	0.03180	0.01462	0.03160	0.02075	0.03688	0.01743	0.02015	0.01464	0.01003	0.00696	0.00278	0.00960	0.00634	0.08013	0.01267
21	0.09700	0.02263	0.06638	0.01718	0.02708	0.01653	0.01506	0.02855	0.02219	0.03693	0.01893	0.02210	0.01547	0.00849	0.00812	0.00196	0.00878	0.00653	0.00634	0.55374
22	0.11272	0.02649	0.02844	0.02255	0.03060	0.02894	0.01845	0.31561	0.11979	0.13925	0.03046	0.02924	0.02144	0.01309	0.01048	0.00337	0.01065	0.00996	0.01088	0.01760

[dist]
# distance from previous block
# <min> <max>
0	11

[block]
# block no. 5 follows, 12 sequences, length 61
# corresponding to MSA columns:
# 333-374,376-394
name=unknown_F
#
# <colnr> <probs for GDERKNQSTAVLIFYWHMCP>
#	G	D	E	R	K	N	Q	S	T	A	V	L	I	F	Y	W	H	M	C	P
0	0.04572	0.01899	0.02471	0.01915	0.02710	0.01724	0.01575	0.09511	0.03242	0.46447	0.04074	0.03636	0.02626	0.01339	0.01067	0.00329	0.00918	0.01078	0.07086	0.01783
1	0.08118	0.02296	0.02833	0.02743	0.10881	0.02339	0.01903	0.17668	0.07098	0.16533	0.08586	0.03504	0.02994	0.01320	0.01063	0.00322	0.00999	0.01080	0.01014	0.06706
2	0.01940	0.01464	0.01734	0.01760	0.02048	0.01513	0.01330	0.07747	0.09860	0.03538	0.05566	0.27986	0.09585	0.07828	0.01692	0.00478	0.00830	0.10980	0.01003	0.01120
3	0.03901	0.02933	0.03135	0.02459	0.03289	0.03268	0.02014	0.43518	0.13248	0.06479	0.02927	0.02864	0.02105	0.01338	0.01094	0.00334	0.01143	0.01024	0.01094	0.01832
4	0.04892	0.01856	0.02530	0.01940	0.02783	0.01603	0.01603	0.05314	0.03121	0.55634	0.04302	0.03711	0.02699	0.01350	0.01096	0.00337	0.00928	0.01096	0.01350	0.01856
5	0.02319	0.04499	0.41525	0.02729	0.04002	0.02201	0.03302	0.03325	0.02320	0.07693	0.02628	0.03755	0.02166	0.07093	0.01518	0.00427	0.01448	0.04962	0.00602	0.01487
6	0.02344	0.20261	0.34972	0.02760	0.04037	0.02900	0.06501	0.03259	0.02282	0.03168	0.02162	0.06627	0.01845	0.01180	0.00990	0.00324	0.01434	0.00953	0.00510	0.01490
7	0.01670	0.01141	0.01380	0.01340	0.01652	0.01011	0.00997	0.02041	0.02716	0.07477	0.27341	0.16818	0.25300	0.02540	0.01289	0.00367	0.00578	0.02200	0.01114	0.01030
8	0.01467	0.01076	0.01376	0.01375	0.01601	0.00985	0.01003	0.01883	0.02798	0.03862	0.38798	0.20201	0.14416	0.02552	0.01310	0.00368	0.00545	0.02260	0.01138	0.00985
9	0.04073	0.05197	0.03090	0.02809	0.03371	0.57303	0.02107	0.04354	0.03090	0.02669	0.01685	0.01966	0.01404	0.01124	0.00983	0.00281	0.01966	0.00702	0.00562	0.01264
10	0.09426	0.02727	0.11452	0.02147	0.02954	0.02365	0.01972	0.08554	0.22525	0.11948	0.03462	0.03370	0.02514	0.01302	0.01013	0.00342	0.00988	0.01033	0.08300	0.01605
11	0.01857	0.00971	0.01457	0.01457	0.01478	0.00992	0.00992	0.01478	0.01457	0.01963	0.02006	0.03420	0.01985	0.04267	0.10053	0.61021	0.01162	0.00971	0.00486	0.00528
12	0.03408	0.02617	0.02877	0.02159	0.03069	0.02627	0.01767	0.32267	0.04005	0.05573	0.02352	0.02478	0.01761	0.01113	0.00980	0.00262	0.01046	0.00850	0.00917	0.27871
13	0.02187	0.05640	0.56031	0.03108	0.04719	0.02532	0.04029	0.03453	0.02302	0.03453	0.01957	0.02302	0.01381	0.01036	0.01036	0.00345	0.01611	0.00806	0.00460	0.01611
14	0.08644	0.03435	0.24526	0.02383	0.03531	0.02050	0.02571	0.04387	0.02688	0.30284	0.03124	0.02984	0.02041	0.01195	0.01040	0.00341	0.01203	0.00938	0.00932	0.01704
15	0.02721	0.20115	0.31276	0.02809	0.04099	0.02932	0.08297	0.03611	0.02398	0.08945	0.02123	0.02378	0.01560	0.01030	0.00980	0.00317	0.01442	0.00830	0.00569	0.01566
16	0.01313	0.01009	0.01203	0.01359	0.01540	0.00899	0.00941	0.01536	0.02241	0.02846	0.07952	0.41499	0.25428	0.03163	0.01352	0.00414	0.00602	0.02792	0.01012	0.00899
17	0.58365	0.02065	0.01761	0.01520	0.02224	0.02302	0.01253	0.03565	0.02072	0.13561	0.01994	0.02103	0.01440	0.01070	0.00747	0.00337	0.00858	0.00677	0.00790	0.01296
18	0.02059	0.01938	0.03270	0.59060	0.07510	0.02422	0.03028	0.02786	0.02180	0.02786	0.01938	0.02907	0.01453	0.01090	0.01090	0.00363	0.01453	0.00969	0.00484	0.01211
19	0.01369	0.01108	0.01216	0.01189	0.01522	0.00955	0.00892	0.01721	0.02675	0.03397	0.24726	0.09751	0.40475	0.02593	0.01288	0.00360	0.00540	0.02197	0.01072	0.00955
20	0.01356	0.01072	0.01145	0.01182	0.01430	0.00944	0.00820	0.01562	0.02242	0.02750	0.08745	0.17118	0.37176	0.15013	0.02183	0.00521	0.00668	0.02269	0.00940	0.00862
21	0.02129	0.02010	0.03397	0.53314	0.12707	0.02441	0.03063	0.02847	0.02213	0.02871	0.01950	0.02884	0.01484	0.01077	0.01089	0.00359	0.01436	0.00969	0.00491	0.01268
22	0.02597	0.37530	0.27729	0.02409	0.03639	0.03535	0.02812	0.03347	0.02253	0.02954	0.01709	0.01991	0.01391	0.00978	0.00847	0.00282	0.01361	0.00680	0.00464	0.01492
23	0.01560	0.01160	0.01712	0.01712	0.01893	0.01341	0.01313	0.01921	0.01740	0.02501	0.02957	0.04487	0.02814	0.11994	0.53664	0.01703	0.02788	0.01198	0.00590	0.00951
24	0.69383	0.02109	0.01603	0.01434	0.02109	0.02446	0.01181	0.03205	0.01856	0.04892	0.01518	0.01771	0.01181	0.01012	0.00675	0.00337	0.00843	0.00590	0.00675	0.01181
25	0.08679	0.05299	0.50773	0.02946	0.04467	0.02524	0.03753	0.03429	0.02259	0.03592	0.01914	0.02251	0.01362	0.01034	0.01001	0.00345	0.01537	0.00785	0.00481	0.01570
26	0.02187	0.05640	0.56031	0.03108	0.04719	0.02532	0.04029	0.03453	0.02302	0.03453	0.01957	0.02302	0.01381	0.01036	0.01036	0.00345	0.01611	0.00806	0.00460	0.01611
27	0.02428	0.02314	0.03937	0.28863	0.34825	0.02519	0.03212	0.03109	0.02355	0.03234	0.02003	0.02787	0.01611	0.01022	0.01084	0.00341	0.01362	0.00970	0.00516	0.01509
28	0.02616	0.02079	0.02780	0.02422	0.02624	0.02605	0.01959	0.07975	0.02299	0.08939	0.02898	0.15643	0.02908	0.02118	0.02546	0.00438	0.33668	0.01452	0.00759	0.01269
29	0.01894	0.00947	0.01420	0.01420	0.01420	0.00947	0.00947	0.01420	0.01420	0.01894	0.01894	0.03314	0.01894	0.03788	0.04261	0.68277	0.00947	0.00947	0.00473	0.00473
30	0.02264	0.02147	0.03640	0.42302	0.22668	0.02476	0.03130	0.02965	0.02277	0.03034	0.01974	0.02840	0.01541	0.01052	0.01087	0.00351	0.01403	0.00970	0.00502	0.01376
31	0.11695	0.01542	0.01804	0.01729	0.02006	0.01686	0.01307	0.07429	0.02563	0.03873	0.15273	0.27770	0.05803	0.02406	0.01471	0.00396	0.07178	0.02017	0.00955	0.01100
32	0.01386	0.01057	0.01274	0.01328	0.01560	0.00945	0.00955	0.01713	0.02556	0.03367	0.23787	0.26149	0.24381	0.02798	0.01321	0.00384	0.00566	0.02452	0.01075	0.00945
33	0.04892	0.01856	0.02530	0.01940	0.02783	0.01603	0.01603	0.05314	0.03121	0.55634	0.04302	0.03711	0.02699	0.01350	0.01096	0.00337	0.00928	0.01096	0.01350	0.01856
34	0.02256	0.02152	0.03570	0.39664	0.18968	0.02566	0.03038	0.02910	0.02201	0.02964	0.01911	0.02797	0.01520	0.01150	0.01360	0.00366	0.07803	0.00968	0.00498	0.01340
35	0.02129	0.02010	0.03397	0.53314	0.12707	0.02441	0.03063	0.02847	0.02213	0.02871	0.01950	0.02884	0.01484	0.01077	0.01089	0.00359	0.01436	0.00969	0.00491	0.01268
36	0.01317	0.01092	0.01152	0.01165	0.01497	0.00928	0.00863	0.01608	0.02510	0.03070	0.14800	0.14527	0.46185	0.02765	0.01297	0.00372	0.00555	0.02337	0.01031	0.00928
37	0.01745	0.01074	0.01276	0.01225	0.01481	0.01024	0.00919	0.02257	0.02757	0.04246	0.33374	0.06462	0.07198	0.01834	0.01070	0.00306	0.00512	0.01578	0.28641	0.01024
38	0.02728	0.09252	0.32943	0.03166	0.04495	0.02597	0.13969	0.03717	0.02474	0.10974	0.02316	0.02603	0.01635	0.01047	0.01072	0.00340	0.01525	0.00937	0.00611	0.01598
39	0.03447	0.01834	0.02651	0.20653	0.04212	0.01884	0.02016	0.04159	0.06176	0.29201	0.09021	0.03958	0.03165	0.01370	0.01116	0.00349	0.01051	0.01160	0.01033	0.01545
40	0.02059	0.01938	0.03270	0.59060	0.07510	0.02422	0.03028	0.02786	0.02180	0.02786	0.01938	0.02907	0.01453	0.01090	0.01090	0.00363	0.01453	0.00969	0.00484	0.01211
41	0.08420	0.04042	0.33813	0.02590	0.03813	0.02186	0.03007	0.03748	0.02474	0.15649	0.02832	0.03550	0.02143	0.01298	0.01065	0.00358	0.01330	0.05370	0.00737	0.01573
42	0.02185	0.03668	0.29966	0.02643	0.03720	0.02007	0.08028	0.03075	0.02497	0.07223	0.10533	0.08926	0.07695	0.01557	0.01154	0.00357	0.01263	0.01360	0.00730	0.01413
43	0.10555	0.02981	0.14971	0.03814	0.21441	0.02248	0.02708	0.03980	0.02577	0.20224	0.02687	0.02831	0.01899	0.01110	0.01031	0.00334	0.01199	0.00933	0.00794	0.01683
44	0.02826	0.02553	0.06334	0.01901	0.02855	0.07645	0.01626	0.03336	0.02476	0.10821	0.02246	0.02437	0.01728	0.00935	0.00884	0.00213	0.01010	0.00728	0.00723	0.46723
45	0.01289	0.01105	0.01105	0.01105	0.01473	0.00920	0.00828	0.01565	0.02485	0.02946	0.11046	0.10493	0.54437	0.02761	0.01289	0.00368	0.00552	0.02301	0.01013	0.00920
46	0.02230	0.02680	0.12580	0.25910	0.10643	0.02390	0.02786	0.03510	0.13236	0.03376	0.02850	0.08066	0.02377	0.01354	0.01110	0.00364	0.01265	0.01182	0.00668	0.01423
47	0.02712	0.02342	0.02465	0.02219	0.02835	0.02712	0.01726	0.05794	0.52909	0.04561	0.04438	0.04068	0.03328	0.01479	0.01109	0.00370	0.00863	0.01233	0.01109	0.01726
48	0.02712	0.02342	0.02465	0.02219	0.02835	0.02712	0.01726	0.05794	0.52909	0.04561	0.04438	0.04068	0.03328	0.01479	0.01109	0.00370	0.00863	0.01233	0.01109	0.01726
49	0.02319	0.02263	0.04107	0.16107	0.04823	0.02398	0.21317	0.06994	0.02528	0.03404	0.02900	0.14832	0.02754	0.01591	0.01440	0.00388	0.06329	0.01534	0.00672	0.01300
50	0.02681	0.03499	0.18077	0.04006	0.05209	0.02603	0.35311	0.03641	0.02555	0.08008	0.02328	0.02854	0.01679	0.00985	0.01210	0.00360	0.01704	0.01154	0.00599	0.01538
51	0.01328	0.00949	0.01265	0.01518	0.01581	0.00886	0.01012	0.01518	0.02088	0.02783	0.06010	0.60969	0.07212	0.03416	0.01392	0.00443	0.00633	0.03100	0.01012	0.00886
52	0.02321	0.01392	0.01776	0.01574	0.01985	0.01324	0.01216	0.03097	0.08527	0.14345	0.39158	0.06839	0.08056	0.01977	0.01230	0.00345	0.00633	0.01721	0.01219	0.01265
53	0.02827	0.11086	0.04345	0.13418	0.24191	0.02786	0.07996	0.03415	0.02406	0.08918	0.02167	0.02706	0.01709	0.01100	0.01261	0.00336	0.06229	0.00961	0.00605	0.01537
54	0.04499	0.01774	0.02375	0.01849	0.02640	0.01528	0.01518	0.04905	0.03051	0.49888	0.05037	0.04451	0.08342	0.01504	0.01117	0.00341	0.00887	0.01228	0.01313	0.01754
55	0.01356	0.01068	0.01224	0.01269	0.01535	0.00936	0.00920	0.01663	0.02519	0.03223	0.19438	0.22703	0.32660	0.02808	0.01314	0.00381	0.00564	0.02429	0.01054	0.00936
56	0.69383	0.02109	0.01603	0.01434	0.02109	0.02446	0.01181	0.03205	0.01856	0.04892	0.01518	0.01771	0.01181	0.01012	0.00675	0.00337	0.00843	0.00590	0.00675	0.01181
57	0.03136	0.02839	0.03047	0.12163	0.03803	0.15611	0.05501	0.10335	0.02822	0.09061	0.02441	0.03241	0.02010	0.08342	0.05584	0.00515	0.06482	0.01023	0.00716	0.01328
58	0.02197	0.01922	0.02503	0.02044	0.02695	0.01872	0.06781	0.03582	0.19344	0.04020	0.15700	0.04992	0.08639	0.01537	0.01112	0.00313	0.00850	0.01358	0.00949	0.17592
59	0.19489	0.02315	0.03480	0.02560	0.03498	0.02140	0.17762	0.03111	0.02261	0.03875	0.01920	0.02362	0.01517	0.00897	0.00933	0.00275	0.01159	0.00845	0.00622	0.28978
60	0.39430	0.01717	0.01677	0.07739	0.02499	0.01934	0.01305	0.02592	0.01929	0.03877	0.03034	0.11027	0.06622	0.01805	0.01263	0.07767	0.00868	0.01164	0.00707	0.01044

[dist]
# distance from previous block
# <min> <max>
0	17

[block]
# block no. 6 follows, 12 sequences, length 71
# corresponding to MSA columns:
# 412-482
name=unknown_G
#
# <colnr> <probs for GDERKNQSTAVLIFYWHMCP>
#	G	D	E	R	K	N	Q	S	T	A	V	L	I	F	Y	W	H	M	C	P
0	0.17708	0.12468	0.03715	0.13807	0.21900	0.02877	0.02458	0.06760	0.02439	0.03799	0.01863	0.02362	0.01509	0.01021	0.00927	0.00319	0.01193	0.00821	0.00589	0.01466
1	0.18417	0.02127	0.02413	0.08489	0.03115	0.02335	0.01697	0.15713	0.07191	0.12671	0.02595	0.02864	0.01919	0.01629	0.01500	0.11094	0.01036	0.00925	0.00871	0.01397
2	0.25136	0.02724	0.09317	0.08884	0.27293	0.02521	0.02666	0.03264	0.02225	0.03934	0.01850	0.02357	0.01480	0.01003	0.00938	0.00334	0.01192	0.00823	0.00572	0.01486
3	0.24195	0.02536	0.03034	0.02816	0.08952	0.07112	0.09219	0.10724	0.02629	0.04217	0.02152	0.02869	0.01806	0.06735	0.06123	0.00514	0.01393	0.00944	0.00688	0.01341
4	0.01586	0.01357	0.01748	0.02109	0.10510	0.01228	0.01300	0.01981	0.02627	0.03386	0.19742	0.08625	0.35132	0.02334	0.01253	0.00355	0.00669	0.01999	0.00977	0.01082
5	0.02385	0.02385	0.03340	0.02863	0.02863	0.03340	0.02385	0.02624	0.01670	0.02624	0.01431	0.02385	0.01431	0.01908	0.03578	0.00477	0.59685	0.00954	0.00477	0.01193
6	0.02261	0.01938	0.02261	0.01615	0.02584	0.01453	0.01292	0.02745	0.02261	0.03553	0.01938	0.02261	0.01615	0.00807	0.00807	0.00161	0.00807	0.00646	0.00646	0.68346
7	0.04892	0.01856	0.02530	0.01940	0.02783	0.01603	0.01603	0.05314	0.03121	0.55634	0.04302	0.03711	0.02699	0.01350	0.01096	0.00337	0.00928	0.01096	0.01350	0.01856
8	0.02712	0.02342	0.02465	0.02219	0.02835	0.02712	0.01726	0.05794	0.52909	0.04561	0.04438	0.04068	0.03328	0.01479	0.01109	0.00370	0.00863	0.01233	0.01109	0.01726
9	0.02059	0.01938	0.03270	0.59060	0.07510	0.02422	0.03028	0.02786	0.02180	0.02786	0.01938	0.02907	0.01453	0.01090	0.01090	0.00363	0.01453	0.00969	0.00484	0.01211
10	0.02873	0.02192	0.02395	0.02122	0.02737	0.02455	0.01658	0.05451	0.43346	0.10428	0.08256	0.04340	0.03791	0.01522	0.01122	0.00364	0.00844	0.01274	0.01144	0.01687
11	0.01586	0.01057	0.01189	0.01189	0.01189	0.01057	0.00661	0.01586	0.01586	0.02114	0.03436	0.07135	0.03964	0.61681	0.05550	0.01057	0.01057	0.01586	0.00661	0.00661
12	0.02574	0.02941	0.06434	0.04596	0.05699	0.02757	0.50919	0.03493	0.02574	0.03493	0.02206	0.02941	0.01654	0.00919	0.01287	0.00368	0.01838	0.01287	0.00551	0.01471
13	0.26701	0.01941	0.02217	0.01769	0.02555	0.01888	0.01460	0.04601	0.02693	0.38475	0.03360	0.03055	0.02186	0.01235	0.00954	0.00337	0.00899	0.00925	0.01121	0.01627
14	0.01336	0.01034	0.01219	0.01326	0.01541	0.00917	0.00936	0.01600	0.02371	0.03035	0.13701	0.33535	0.27542	0.03002	0.01336	0.00400	0.00585	0.02632	0.01034	0.00917
15	0.02059	0.01938	0.03270	0.59060	0.07510	0.02422	0.03028	0.02786	0.02180	0.02786	0.01938	0.02907	0.01453	0.01090	0.01090	0.00363	0.01453	0.00969	0.00484	0.01211
16	0.01289	0.01105	0.01105	0.01105	0.01473	0.00920	0.00828	0.01565	0.02485	0.02946	0.11046	0.10493	0.54437	0.02761	0.01289	0.00368	0.00552	0.02301	0.01013	0.00920
17	0.04506	0.01770	0.02407	0.01875	0.02650	0.01536	0.01536	0.04939	0.03117	0.49731	0.10060	0.04222	0.03573	0.01451	0.01118	0.00338	0.00880	0.01197	0.01332	0.01760
18	0.01678	0.01256	0.01574	0.01469	0.01768	0.01223	0.01109	0.02488	0.08824	0.04394	0.48562	0.07675	0.09487	0.02143	0.01266	0.00346	0.00555	0.01887	0.01190	0.01109
19	0.04073	0.05197	0.03090	0.02809	0.03371	0.57303	0.02107	0.04354	0.03090	0.02669	0.01685	0.01966	0.01404	0.01124	0.00983	0.00281	0.01966	0.00702	0.00562	0.01264
20	0.08513	0.46887	0.09938	0.02002	0.02972	0.03910	0.02031	0.07348	0.02441	0.03210	0.01651	0.01877	0.01418	0.00981	0.00763	0.00261	0.01184	0.00639	0.00536	0.01440
21	0.02187	0.05640	0.56031	0.03108	0.04719	0.02532	0.04029	0.03453	0.02302	0.03453	0.01957	0.02302	0.01381	0.01036	0.01036	0.00345	0.01611	0.00806	0.00460	0.01611
22	0.01328	0.00949	0.01265	0.01518	0.01581	0.00886	0.01012	0.01518	0.02088	0.02783	0.06010	0.60969	0.07212	0.03416	0.01392	0.00443	0.00633	0.03100	0.01012	0.00886
23	0.42198	0.02275	0.02984	0.06392	0.03433	0.02440	0.13432	0.03445	0.02173	0.09216	0.01980	0.02321	0.01460	0.01027	0.00893	0.00347	0.01137	0.00835	0.00695	0.01317
24	0.03402	0.02123	0.03001	0.03348	0.18337	0.02079	0.02087	0.11777	0.03259	0.20960	0.13843	0.04153	0.03858	0.01414	0.01130	0.00333	0.00998	0.01223	0.01031	0.01643
25	0.01368	0.01048	0.01255	0.01329	0.01553	0.00935	0.00949	0.01672	0.02487	0.03245	0.20094	0.28987	0.25400	0.02874	0.01327	0.00390	0.00573	0.02520	0.01060	0.00935
26	0.02643	0.05002	0.47015	0.02911	0.04393	0.02376	0.03620	0.03767	0.02440	0.12247	0.02352	0.02539	0.01603	0.01089	0.01046	0.00344	0.01496	0.00855	0.00610	0.01653
27	0.02728	0.17589	0.13779	0.09716	0.08245	0.02954	0.14248	0.03653	0.06248	0.07273	0.02283	0.02663	0.01734	0.01042	0.01034	0.00325	0.01407	0.00953	0.00610	0.01516
28	0.03530	0.01626	0.02141	0.01757	0.02374	0.01479	0.01406	0.04183	0.06809	0.33473	0.22226	0.05326	0.05465	0.01674	0.01165	0.00342	0.00775	0.01420	0.01278	0.01550
29	0.01307	0.01031	0.01180	0.01299	0.01524	0.00904	0.00915	0.01543	0.02298	0.02869	0.08680	0.34207	0.32250	0.03069	0.01337	0.00403	0.00590	0.02676	0.01012	0.00904
30	0.02261	0.01938	0.02261	0.01615	0.02584	0.01453	0.01292	0.02745	0.02261	0.03553	0.01938	0.02261	0.01615	0.00807	0.00807	0.00161	0.00807	0.00646	0.00646	0.68346
31	0.03333	0.25555	0.04083	0.02159	0.02971	0.02735	0.07322	0.03788	0.02592	0.20753	0.06654	0.03236	0.02648	0.01744	0.05434	0.00413	0.01252	0.00989	0.00840	0.01500
32	0.04892	0.01856	0.02530	0.01940	0.02783	0.01603	0.01603	0.05314	0.03121	0.55634	0.04302	0.03711	0.02699	0.01350	0.01096	0.00337	0.00928	0.01096	0.01350	0.01856
33	0.01313	0.01106	0.01138	0.01130	0.01488	0.00931	0.00847	0.01612	0.02542	0.03081	0.15151	0.10270	0.50247	0.02711	0.01288	0.00366	0.00549	0.02270	0.01030	0.00931
34	0.02557	0.19499	0.35391	0.06953	0.04303	0.02910	0.03228	0.03488	0.02330	0.06928	0.02012	0.02309	0.01486	0.01036	0.00959	0.00318	0.01437	0.00782	0.00528	0.01545
35	0.03968	0.01720	0.02208	0.01762	0.02441	0.01573	0.01431	0.07956	0.03128	0.37341	0.09806	0.04198	0.03525	0.01434	0.01062	0.00323	0.00830	0.01175	0.12500	0.01619
36	0.01328	0.00949	0.01265	0.01518	0.01581	0.00886	0.01012	0.01518	0.02088	0.02783	0.06010	0.60969	0.07212	0.03416	0.01392	0.00443	0.00633	0.03100	0.01012	0.00886
37	0.03926	0.02551	0.06881	0.15505	0.04107	0.08280	0.02181	0.04468	0.02834	0.33149	0.03267	0.03214	0.02157	0.01239	0.01077	0.00338	0.01223	0.00999	0.00988	0.01618
38	0.02261	0.01938	0.02261	0.01615	0.02584	0.01453	0.01292	0.02745	0.02261	0.03553	0.01938	0.02261	0.01615	0.00807	0.00807	0.00161	0.00807	0.00646	0.00646	0.68346
39	0.69383	0.02109	0.01603	0.01434	0.02109	0.02446	0.01181	0.03205	0.01856	0.04892	0.01518	0.01771	0.01181	0.01012	0.00675	0.00337	0.00843	0.00590	0.00675	0.01181
40	0.69383	0.02109	0.01603	0.01434	0.02109	0.02446	0.01181	0.03205	0.01856	0.04892	0.01518	0.01771	0.01181	0.01012	0.00675	0.00337	0.00843	0.00590	0.00675	0.01181
41	0.02059	0.01938	0.03270	0.59060	0.07510	0.02422	0.03028	0.02786	0.02180	0.02786	0.01938	0.02907	0.01453	0.01090	0.01090	0.00363	0.01453	0.00969	0.00484	0.01211
42	0.01328	0.00949	0.01265	0.01518	0.01581	0.00886	0.01012	0.01518	0.02088	0.02783	0.06010	0.60969	0.07212	0.03416	0.01392	0.00443	0.00633	0.03100	0.01012	0.00886
43	0.10372	0.01877	0.02452	0.01897	0.02726	0.01674	0.01567	0.05135	0.03013	0.51322	0.04065	0.03546	0.02570	0.01321	0.01061	0.00337	0.00921	0.01053	0.01292	0.01798
44	0.01430	0.01110	0.01300	0.01253	0.01559	0.00981	0.00940	0.01838	0.02819	0.03737	0.35044	0.09190	0.29944	0.02466	0.01287	0.00354	0.00531	0.02118	0.01117	0.00981
45	0.01289	0.01105	0.01105	0.01105	0.01473	0.00920	0.00828	0.01565	0.02485	0.02946	0.11046	0.10493	0.54437	0.02761	0.01289	0.00368	0.00552	0.02301	0.01013	0.00920
46	0.03602	0.02785	0.02967	0.02399	0.03175	0.03128	0.01941	0.34037	0.23216	0.05997	0.03307	0.03167	0.02412	0.01373	0.01098	0.00343	0.01072	0.01077	0.01098	0.01806
47	0.01586	0.01057	0.01189	0.01189	0.01189	0.01057	0.00661	0.01586	0.01586	0.02114	0.03436	0.07135	0.03964	0.61681	0.05550	0.01057	0.01057	0.01586	0.00661	0.00661
48	0.02385	0.02385	0.03340	0.02863	0.02863	0.03340	0.02385	0.02624	0.01670	0.02624	0.01431	0.02385	0.01431	0.01908	0.03578	0.00477	0.59685	0.00954	0.00477	0.01193
49	0.04145	0.03054	0.03272	0.02509	0.03381	0.03381	0.02072	0.51243	0.05127	0.06872	0.02618	0.02618	0.01854	0.01309	0.01091	0.00327	0.01200	0.00982	0.01091	0.01854
50	0.01328	0.00949	0.01265	0.01518	0.01581	0.00886	0.01012	0.01518	0.02088	0.02783	0.06010	0.60969	0.07212	0.03416	0.01392	0.00443	0.00633	0.03100	0.01012	0.00886
51	0.02187	0.05640	0.56031	0.03108	0.04719	0.02532	0.04029	0.03453	0.02302	0.03453	0.01957	0.02302	0.01381	0.01036	0.01036	0.00345	0.01611	0.00806	0.00460	0.01611
52	0.02915	0.62337	0.05714	0.01866	0.02799	0.04314	0.01866	0.03265	0.02215	0.02565	0.01516	0.01749	0.01399	0.00933	0.00700	0.00233	0.01166	0.00583	0.00466	0.01399
53	0.02831	0.02223	0.03393	0.34111	0.14833	0.02510	0.02770	0.10848	0.02809	0.09658	0.02338	0.02916	0.01710	0.01133	0.01089	0.00348	0.01324	0.00986	0.00690	0.01480
54	0.01572	0.01136	0.01241	0.01238	0.01592	0.00967	0.00919	0.01845	0.02468	0.06969	0.09687	0.18391	0.42582	0.02762	0.01291	0.00378	0.00595	0.02342	0.01038	0.00987
55	0.01543	0.01115	0.01457	0.01372	0.01629	0.01029	0.01029	0.02058	0.03086	0.04372	0.54304	0.08145	0.10288	0.02229	0.01286	0.00343	0.00514	0.01972	0.01200	0.01029
56	0.02699	0.02591	0.04426	0.06693	0.54879	0.02591	0.03346	0.03346	0.02483	0.03562	0.02051	0.02699	0.01727	0.00972	0.01079	0.00324	0.01295	0.00972	0.00540	0.01727
57	0.02316	0.07091	0.03273	0.12806	0.13548	0.02531	0.02288	0.02553	0.01903	0.02652	0.01761	0.02710	0.01604	0.01962	0.02583	0.17044	0.18818	0.00927	0.00489	0.01142
58	0.03706	0.01920	0.02956	0.06858	0.07520	0.01777	0.07404	0.04221	0.02816	0.32938	0.04212	0.04081	0.06808	0.01363	0.01107	0.00338	0.01039	0.01195	0.06133	0.01608
59	0.01586	0.01057	0.01189	0.01189	0.01189	0.01057	0.00661	0.01586	0.01586	0.02114	0.03436	0.07135	0.03964	0.61681	0.05550	0.01057	0.01057	0.01586	0.00661	0.00661
60	0.01870	0.01592	0.02529	0.37297	0.05294	0.01879	0.02301	0.02443	0.02192	0.02922	0.03266	0.16740	0.03212	0.01770	0.01163	0.00383	0.01161	0.04912	0.05968	0.01107
61	0.02429	0.02321	0.07583	0.29068	0.11016	0.02368	0.02664	0.03293	0.07031	0.07456	0.02472	0.03315	0.01965	0.06154	0.01642	0.00421	0.05765	0.01040	0.00634	0.01361
62	0.03431	0.01578	0.02145	0.06563	0.02660	0.01496	0.01434	0.03755	0.02489	0.31464	0.03740	0.04671	0.02958	0.19169	0.06979	0.00662	0.01173	0.01232	0.01016	0.01386
63	0.04607	0.01796	0.02417	0.01874	0.02680	0.01549	0.01541	0.05017	0.03070	0.51461	0.04836	0.04248	0.06797	0.01461	0.01112	0.00340	0.00898	0.01192	0.01323	0.01782
64	0.69383	0.02109	0.01603	0.01434	0.02109	0.02446	0.01181	0.03205	0.01856	0.04892	0.01518	0.01771	0.01181	0.01012	0.00675	0.00337	0.00843	0.00590	0.00675	0.01181
65	0.01968	0.01783	0.02952	0.28695	0.08978	0.01963	0.06322	0.02600	0.02425	0.03183	0.09510	0.05799	0.08350	0.01680	0.01217	0.00382	0.01203	0.09085	0.00714	0.01190
66	0.03733	0.01992	0.02481	0.01853	0.02751	0.01691	0.01513	0.08140	0.02933	0.29809	0.03174	0.03015	0.02176	0.01120	0.00976	0.00263	0.00901	0.00899	0.01035	0.29545
67	0.02411	0.03103	0.17041	0.02252	0.03263	0.02224	0.02204	0.04092	0.21425	0.03907	0.02888	0.02956	0.02199	0.01124	0.00984	0.00291	0.01048	0.00912	0.00771	0.24905
68	0.03045	0.02247	0.02573	0.01899	0.02829	0.02015	0.01543	0.16747	0.03155	0.09437	0.02355	0.02500	0.01786	0.01001	0.00915	0.00225	0.00930	0.00784	0.00839	0.43174
69	0.02422	0.13541	0.23307	0.08914	0.03988	0.02592	0.02675	0.07607	0.02517	0.03512	0.02272	0.07106	0.01953	0.01209	0.00983	0.00305	0.01269	0.00966	0.00599	0.12263
70	0.08109	0.23573	0.27079	0.02635	0.03850	0.03194	0.06649	0.07025	0.02474	0.03543	0.01846	0.02152	0.01429	0.01012	0.00920	0.00308	0.01389	0.00766	0.00535	0.01514

[dist]
# distance from previous block
# <min> <max>
8	41

[block]
# block no. 7 follows, 12 sequences, length 22
# corresponding to MSA columns:
# 525-546
name=unknown_H
#
# <colnr> <probs for GDERKNQSTAVLIFYWHMCP>
#	G	D	E	R	K	N	Q	S	T	A	V	L	I	F	Y	W	H	M	C	P
0	0.03512	0.11938	0.03738	0.02578	0.03394	0.09302	0.06471	0.25082	0.14158	0.04975	0.02691	0.02748	0.02025	0.01232	0.01043	0.00321	0.01269	0.00972	0.00894	0.01659
1	0.02764	0.17641	0.29968	0.02509	0.03713	0.02789	0.02869	0.07431	0.02666	0.09388	0.06269	0.02815	0.02268	0.01163	0.00990	0.00317	0.01314	0.00893	0.00670	0.01564
2	0.03119	0.21167	0.14769	0.02356	0.03323	0.02652	0.06659	0.03713	0.02509	0.17942	0.02960	0.09096	0.02433	0.01347	0.01013	0.00322	0.01193	0.01119	0.00785	0.01522
3	0.02187	0.05640	0.56031	0.03108	0.04719	0.02532	0.04029	0.03453	0.02302	0.03453	0.01957	0.02302	0.01381	0.01036	0.01036	0.00345	0.01611	0.00806	0.00460	0.01611
4	0.02174	0.01644	0.02269	0.01905	0.02427	0.01594	0.07731	0.03147	0.12125	0.08585	0.17234	0.06622	0.18994	0.01908	0.01195	0.00351	0.00803	0.01679	0.06351	0.01262
5	0.08605	0.12056	0.09101	0.06688	0.07174	0.02337	0.02120	0.04288	0.02674	0.29776	0.03046	0.02963	0.02067	0.01176	0.00994	0.00323	0.01103	0.00926	0.00935	0.01648
6	0.03884	0.02432	0.10662	0.02083	0.02956	0.01820	0.01929	0.08747	0.03174	0.35104	0.11602	0.04087	0.03605	0.01435	0.01116	0.00339	0.00993	0.01178	0.01166	0.01689
7	0.04073	0.05197	0.03090	0.02809	0.03371	0.57303	0.02107	0.04354	0.03090	0.02669	0.01685	0.01966	0.01404	0.01124	0.00983	0.00281	0.01966	0.00702	0.00562	0.01264
