[name]
unknown

[dist]
# distance from previous block
# <min> <max>
26	289

[block]
# block no. 0 follows, 12 sequences, length 19
# corresponding to MSA columns:
# 327-345
name=unknown_A
#
# <colnr> <probs for GDERKNQSTAVLIFYWHMCP>
#	G	D	E	R	K	N	Q	S	T	A	V	L	I	F	Y	W	H	M	C	P
0	0.02351	0.02720	0.09882	0.08089	0.16875	0.02310	0.19608	0.03132	0.02544	0.03589	0.09712	0.03516	0.02887	0.01139	0.01156	0.00334	0.01376	0.01184	0.00637	0.06960
1	0.02987	0.08854	0.11066	0.03504	0.12340	0.02550	0.13779	0.03982	0.08463	0.12874	0.02696	0.02918	0.01986	0.01079	0.01071	0.00324	0.01299	0.01014	0.00744	0.06470
2	0.02757	0.03064	0.16513	0.03301	0.13896	0.02081	0.06503	0.03495	0.02472	0.11455	0.02347	0.02636	0.01747	0.00989	0.01002	0.00284	0.01209	0.00872	0.00678	0.22699
3	0.03431	0.02521	0.02752	0.02251	0.03011	0.02747	0.01807	0.22098	0.26498	0.10717	0.03576	0.03368	0.02598	0.01354	0.01079	0.00336	0.00989	0.01084	0.01094	0.06691
4	0.13545	0.01978	0.02552	0.16504	0.03883	0.02061	0.01896	0.04220	0.08463	0.24698	0.03121	0.03149	0.02146	0.01209	0.01012	0.00335	0.01033	0.00971	0.00947	0.06278
5	0.01757	0.00996	0.01318	0.01318	0.01318	0.00996	0.00820	0.01494	0.01494	0.01992	0.02578	0.05009	0.02812	0.29459	0.04833	0.38469	0.00996	0.01230	0.00556	0.00556
6	0.12288	0.03250	0.15491	0.03528	0.04644	0.02531	0.28402	0.03657	0.02479	0.09796	0.02302	0.02733	0.01653	0.01007	0.01126	0.00355	0.01543	0.01066	0.00644	0.01503
7	0.02651	0.02294	0.03851	0.25157	0.33472	0.02448	0.03086	0.03309	0.02427	0.07627	0.02198	0.02858	0.01710	0.01046	0.01085	0.00339	0.01322	0.00981	0.00587	0.01552
8	0.10858	0.01890	0.02976	0.02392	0.03061	0.01786	0.12690	0.03568	0.02637	0.21291	0.07517	0.12652	0.03835	0.01737	0.01187	0.00376	0.01061	0.06086	0.00995	0.01405
9	0.01835	0.00976	0.01424	0.01424	0.01440	0.00992	0.00952	0.01480	0.01464	0.01968	0.02133	0.03777	0.02170	0.09952	0.08743	0.56085	0.01120	0.01029	0.00501	0.00533
10	0.08064	0.12875	0.23693	0.16115	0.04688	0.06805	0.02948	0.06691	0.02480	0.03461	0.01876	0.02317	0.01420	0.01057	0.00968	0.00326	0.01439	0.00798	0.00537	0.01440
11	0.12866	0.13716	0.10890	0.02152	0.03067	0.02789	0.02032	0.11030	0.11065	0.15788	0.02836	0.02773	0.02035	0.01195	0.00957	0.00323	0.01087	0.00894	0.00886	0.01619
12	0.01894	0.01179	0.01537	0.01467	0.01765	0.01079	0.01118	0.02274	0.02778	0.09225	0.32627	0.11832	0.13499	0.02463	0.01508	0.05289	0.00643	0.05662	0.01111	0.01050
13	0.03304	0.03022	0.04077	0.11778	0.13815	0.12255	0.13421	0.11180	0.03054	0.09899	0.02358	0.02760	0.01749	0.01100	0.01115	0.00334	0.01501	0.01011	0.00719	0.01549
14	0.02724	0.04706	0.32710	0.03060	0.04290	0.10647	0.08018	0.07790	0.08609	0.03753	0.02287	0.02550	0.01679	0.01111	0.01066	0.00340	0.01564	0.00903	0.00612	0.01580
15	0.02851	0.02640	0.04304	0.06251	0.49447	0.02674	0.03212	0.08398	0.02762	0.03911	0.02111	0.02690	0.01741	0.01007	0.01081	0.00324	0.01285	0.00973	0.00598	0.01741
16	0.01606	0.01228	0.01506	0.01659	0.01833	0.01252	0.01155	0.02376	0.12285	0.03140	0.05694	0.49552	0.06432	0.03027	0.01335	0.00428	0.00679	0.02725	0.01032	0.01054
17	0.64184	0.02184	0.01736	0.01520	0.02210	0.02521	0.01252	0.07033	0.02116	0.05050	0.01606	0.01839	0.01235	0.01036	0.00708	0.00337	0.00872	0.00622	0.00708	0.01235
18	0.12739	0.01958	0.02039	0.01793	0.02295	0.02106	0.01380	0.18599	0.06756	0.04546	0.04546	0.15878	0.10640	0.07958	0.01564	0.00434	0.00901	0.01614	0.00959	0.01295

[dist]
# distance from previous block
# <min> <max>
2	8

[block]
# block no. 1 follows, 12 sequences, length 6
# corresponding to MSA columns:
# 354-359
name=unknown_B
#
# <colnr> <probs for GDERKNQSTAVLIFYWHMCP>
#	G	D	E	R	K	N	Q	S	T	A	V	L	I	F	Y	W	H	M	C	P
0	0.03493	0.10119	0.10096	0.08272	0.10915	0.08186	0.02474	0.15546	0.03228	0.13592	0.02481	0.02651	0.01797	0.01153	0.01027	0.00319	0.01310	0.00904	0.00802	0.01636
1	0.02702	0.02840	0.03651	0.28643	0.23774	0.13704	0.02955	0.03309	0.02475	0.03042	0.01927	0.02639	0.01542	0.01054	0.01064	0.00332	0.01501	0.00915	0.00520	0.01408
2	0.01402	0.01003	0.01342	0.01548	0.01657	0.00943	0.01090	0.01669	0.02270	0.03053	0.12703	0.48663	0.07544	0.03210	0.01389	0.00435	0.00654	0.07471	0.01037	0.00918
3	0.02685	0.09938	0.11365	0.13384	0.04000	0.02348	0.04820	0.07976	0.02670	0.10706	0.03235	0.11627	0.02924	0.01620	0.01127	0.00362	0.01207	0.05822	0.00787	0.01399
4	0.36566	0.02817	0.02555	0.02531	0.09120	0.10195	0.01789	0.14884	0.02885	0.04897	0.01870	0.02115	0.01440	0.01093	0.00867	0.00326	0.01138	0.00747	0.00742	0.01421
5	0.01807	0.01200	0.01598	0.01649	0.01787	0.01226	0.01171	0.02028	0.02165	0.07730	0.08660	0.40596	0.06116	0.08739	0.01987	0.00490	0.06622	0.02466	0.00969	0.00995

[dist]
# distance from previous block
# <min> <max>
0	4

[block]
# block no. 2 follows, 12 sequences, length 37
# corresponding to MSA columns:
# 364-400
name=unknown_C
#
# <colnr> <probs for GDERKNQSTAVLIFYWHMCP>
#	G	D	E	R	K	N	Q	S	T	A	V	L	I	F	Y	W	H	M	C	P
0	0.07949	0.02183	0.03274	0.08347	0.18836	0.02240	0.06210	0.03913	0.10948	0.13800	0.03239	0.08806	0.02652	0.01378	0.01106	0.00354	0.01110	0.01245	0.00845	0.01564
1	0.02960	0.24656	0.09188	0.08217	0.11062	0.03226	0.09902	0.07974	0.02655	0.07342	0.02084	0.02443	0.01628	0.01026	0.00972	0.00304	0.01336	0.00874	0.00616	0.01534
2	0.03026	0.02745	0.03117	0.02602	0.03255	0.06997	0.06695	0.13209	0.31489	0.04559	0.03438	0.03402	0.02600	0.01404	0.01322	0.00364	0.06045	0.01130	0.00957	0.01644
3	0.03087	0.02513	0.07514	0.08096	0.08063	0.02182	0.06898	0.08000	0.07796	0.15246	0.02801	0.02957	0.02023	0.01107	0.01041	0.00303	0.01142	0.00966	0.00836	0.17430
4	0.03516	0.01601	0.02133	0.01716	0.02362	0.01389	0.01377	0.03975	0.03044	0.33686	0.21721	0.05163	0.05288	0.01618	0.01142	0.00326	0.00773	0.01371	0.01244	0.06554
5	0.01831	0.01193	0.01658	0.01620	0.01865	0.01252	0.01225	0.02173	0.02065	0.07723	0.08213	0.10811	0.07779	0.10668	0.33389	0.01212	0.01976	0.01537	0.00788	0.01023
6	0.03149	0.02543	0.04058	0.09487	0.20621	0.02608	0.11698	0.11464	0.07925	0.11282	0.02704	0.03025	0.01999	0.01129	0.01127	0.00343	0.01305	0.01075	0.00792	0.01668
7	0.02843	0.02457	0.04133	0.11378	0.45309	0.02481	0.03150	0.03477	0.02513	0.08409	0.02253	0.02815	0.01792	0.01019	0.01082	0.00329	0.01276	0.00983	0.00611	0.01689
8	0.53821	0.02019	0.01710	0.01543	0.02173	0.02289	0.01242	0.03430	0.06502	0.07880	0.02321	0.06942	0.01961	0.01272	0.00799	0.00349	0.00833	0.00885	0.00784	0.01248
9	0.06768	0.02915	0.12647	0.18895	0.13739	0.02498	0.15818	0.03391	0.02405	0.07309	0.02182	0.02773	0.01617	0.01031	0.01107	0.00351	0.01478	0.01014	0.00585	0.01477
10	0.02585	0.21304	0.32578	0.02882	0.04166	0.07538	0.07940	0.03478	0.02369	0.03143	0.01835	0.02183	0.01415	0.01002	0.00962	0.00311	0.01538	0.00783	0.00479	0.01509
11	0.02022	0.01179	0.01577	0.01570	0.01845	0.01081	0.01169	0.02389	0.02646	0.12074	0.23024	0.29117	0.07505	0.02622	0.01314	0.00394	0.00665	0.05567	0.01134	0.01105
12	0.03233	0.01600	0.02359	0.01937	0.02520	0.01428	0.05389	0.03683	0.02900	0.29154	0.17768	0.14057	0.05369	0.01882	0.01210	0.00358	0.00844	0.01669	0.01190	0.01447
13	0.08837	0.10059	0.46465	0.02839	0.04302	0.02674	0.03568	0.03413	0.02251	0.03520	0.01877	0.02204	0.01363	0.01025	0.00972	0.00335	0.01499	0.00766	0.00482	0.01551
14	0.09412	0.46367	0.04902	0.01936	0.02834	0.03976	0.01837	0.11576	0.02686	0.03532	0.01707	0.01902	0.01457	0.01006	0.00765	0.00259	0.01141	0.00653	0.00594	0.01457
15	0.01612	0.01059	0.01371	0.01528	0.01704	0.00970	0.01085	0.01854	0.02249	0.06649	0.06565	0.46220	0.13340	0.03146	0.01365	0.00429	0.00671	0.06180	0.01036	0.00969
16	0.02230	0.02112	0.03579	0.45065	0.20169	0.02467	0.03113	0.02936	0.02261	0.02993	0.01968	0.02851	0.01527	0.01058	0.01087	0.00353	0.01411	0.00970	0.00499	0.01349
17	0.02309	0.15135	0.47604	0.02900	0.04397	0.02831	0.03666	0.03422	0.02288	0.03304	0.01883	0.02209	0.01384	0.01019	0.00980	0.00327	0.01537	0.00768	0.00461	0.01576
18	0.02230	0.02112	0.03579	0.45065	0.20169	0.02467	0.03113	0.02936	0.02261	0.02993	0.01968	0.02851	0.01527	0.01058	0.01087	0.00353	0.01411	0.00970	0.00499	0.01349
19	0.01804	0.01006	0.01509	0.01509	0.01561	0.01058	0.01058	0.01561	0.01509	0.02064	0.02168	0.03573	0.02116	0.04961	0.18452	0.50498	0.01474	0.01006	0.00503	0.00607
20	0.02256	0.11000	0.51274	0.02990	0.04538	0.02701	0.03824	0.03435	0.02294	0.03369	0.01915	0.02250	0.01383	0.01026	0.01004	0.00335	0.01569	0.00785	0.00461	0.01591
21	0.02712	0.02342	0.02465	0.02219	0.02835	0.02712	0.01726	0.05794	0.52909	0.04561	0.04438	0.04068	0.03328	0.01479	0.01109	0.00370	0.00863	0.01233	0.01109	0.01726
22	0.04145	0.03054	0.03272	0.02509	0.03381	0.03381	0.02072	0.51243	0.05127	0.06872	0.02618	0.02618	0.01854	0.01309	0.01091	0.00327	0.01200	0.00982	0.01091	0.01854
23	0.02850	0.57287	0.10196	0.01976	0.02970	0.04156	0.02058	0.03282	0.02223	0.02644	0.01555	0.01798	0.01398	0.00942	0.00730	0.00243	0.01206	0.00603	0.00466	0.01418
24	0.03663	0.03221	0.03261	0.02652	0.03241	0.12057	0.02162	0.30696	0.03875	0.05059	0.02150	0.02451	0.01669	0.01439	0.01738	0.00360	0.16953	0.00929	0.00842	0.01582
25	0.02261	0.01938	0.02261	0.01615	0.02584	0.01453	0.01292	0.02745	0.02261	0.03553	0.01938	0.02261	0.01615	0.00807	0.00807	0.00161	0.00807	0.00646	0.00646	0.68346
26	0.01533	0.01099	0.01481	0.01618	0.01805	0.01048	0.01246	0.01929	0.02559	0.03474	0.22468	0.28005	0.07978	0.02886	0.01390	0.00427	0.00706	0.16303	0.01074	0.00971
27	0.01518	0.01114	0.01422	0.01345	0.01613	0.01018	0.01009	0.02008	0.03026	0.04230	0.49988	0.08379	0.14693	0.02282	0.01286	0.00345	0.00518	0.02005	0.01182	0.01018
28	0.02385	0.02385	0.03340	0.02863	0.02863	0.03340	0.02385	0.02624	0.01670	0.02624	0.01431	0.02385	0.01431	0.01908	0.03578	0.00477	0.59685	0.00954	0.00477	0.01193
29	0.02287	0.02171	0.03682	0.40400	0.24388	0.02482	0.03141	0.02986	0.02288	0.03062	0.01978	0.02833	0.01551	0.01048	0.01086	0.00349	0.01397	0.00970	0.00504	0.01395
30	0.01361	0.01092	0.01215	0.01217	0.01525	0.00946	0.00900	0.01692	0.02607	0.03311	0.22112	0.14815	0.38008	0.02683	0.01298	0.00369	0.00550	0.02291	0.01063	0.00946
31	0.02470	0.03662	0.19689	0.04198	0.05437	0.02697	0.38388	0.03482	0.02501	0.03482	0.02139	0.02770	0.01581	0.00950	0.01220	0.00362	0.01778	0.01158	0.00527	0.01508
32	0.02779	0.51766	0.15095	0.02097	0.03157	0.03982	0.02269	0.03300	0.02232	0.02731	0.01598	0.01852	0.01396	0.00952	0.00762	0.00254	0.01249	0.00625	0.00465	0.01439
33	0.02901	0.01520	0.01959	0.01764	0.02218	0.01453	0.01371	0.07388	0.02713	0.21606	0.04952	0.18327	0.07788	0.07272	0.07160	0.00572	0.01072	0.05582	0.01067	0.01315
34	0.02844	0.02311	0.03466	0.03647	0.17027	0.02372	0.08899	0.07895	0.15468	0.09229	0.07872	0.04376	0.03329	0.01422	0.01169	0.00358	0.01126	0.04688	0.00902	0.01598
35	0.02936	0.33166	0.22236	0.02347	0.03496	0.03413	0.02593	0.07652	0.02570	0.07527	0.01985	0.02170	0.01538	0.01034	0.00879	0.00288	0.01300	0.00734	0.00590	0.01547
36	0.14152	0.02801	0.02921	0.12546	0.03875	0.07047	0.02075	0.27415	0.07931	0.05305	0.02401	0.02607	0.01764	0.01222	0.01017	0.00335	0.01217	0.00916	0.00876	0.01575

[dist]
# distance from previous block
# <min> <max>
0	1

[block]
# block no. 3 follows, 12 sequences, length 50
# corresponding to MSA columns:
# 402-451
name=unknown_D
#
# <colnr> <probs for GDERKNQSTAVLIFYWHMCP>
#	G	D	E	R	K	N	Q	S	T	A	V	L	I	F	Y	W	H	M	C	P
0	0.01577	0.01082	0.01356	0.01436	0.01556	0.01047	0.01014	0.01744	0.02069	0.02735	0.10038	0.16428	0.09918	0.24610	0.03170	0.06472	0.00872	0.11211	0.00854	0.00809
1	0.01895	0.01401	0.01849	0.01615	0.01791	0.01412	0.05394	0.06012	0.01979	0.02648	0.03253	0.06364	0.03571	0.50936	0.04777	0.00931	0.01141	0.01506	0.00687	0.00837
2	0.11233	0.02827	0.08642	0.02602	0.03505	0.02629	0.09532	0.15777	0.13415	0.14152	0.03033	0.03029	0.02149	0.01228	0.01071	0.00347	0.01180	0.01037	0.00945	0.01665
3	0.18131	0.04802	0.43116	0.02711	0.04100	0.02512	0.03353	0.03394	0.02196	0.03794	0.01853	0.02176	0.01334	0.01030	0.00950	0.00343	0.01429	0.00755	0.00511	0.01509
4	0.10236	0.02613	0.02710	0.02258	0.02986	0.02962	0.01813	0.24372	0.27789	0.05554	0.03380	0.03228	0.02494	0.01360	0.01057	0.00349	0.01001	0.01062	0.01057	0.01722
5	0.02273	0.12319	0.50103	0.02961	0.04493	0.02742	0.03774	0.03431	0.02292	0.03348	0.01905	0.02237	0.01383	0.01024	0.00996	0.00332	0.01559	0.00779	0.00461	0.01586
6	0.08739	0.02426	0.04587	0.03366	0.04285	0.02280	0.29872	0.03754	0.02694	0.16075	0.07956	0.03554	0.02742	0.01163	0.01189	0.00355	0.01402	0.01252	0.00818	0.01492
7	0.12987	0.02172	0.02587	0.02010	0.02839	0.02133	0.01660	0.15942	0.03434	0.37555	0.03545	0.03203	0.02304	0.01297	0.01041	0.00335	0.00982	0.01004	0.01202	0.01769
8	0.02398	0.03359	0.23242	0.16814	0.14606	0.02267	0.03138	0.03232	0.02356	0.07714	0.02593	0.08741	0.02184	0.01311	0.01099	0.00355	0.01352	0.01140	0.00615	0.01484
9	0.04670	0.01905	0.02524	0.01968	0.02789	0.01716	0.01615	0.05363	0.08197	0.50427	0.04316	0.03748	0.02763	0.01363	0.01098	0.00341	0.00921	0.01110	0.01325	0.01842
10	0.01562	0.01132	0.01587	0.01738	0.01923	0.01156	0.01370	0.01948	0.02252	0.03050	0.10041	0.23471	0.06019	0.04397	0.16064	0.00796	0.01351	0.18260	0.00916	0.00965
11	0.02181	0.02105	0.03690	0.48009	0.12928	0.02472	0.07358	0.02915	0.02251	0.02941	0.01975	0.02885	0.01504	0.01061	0.01106	0.00359	0.01469	0.00998	0.00497	0.01295
12	0.02200	0.03636	0.30018	0.02924	0.08868	0.01996	0.02899	0.03053	0.02413	0.06975	0.07121	0.13674	0.03504	0.01675	0.01154	0.00369	0.01240	0.04131	0.00715	0.01433
13	0.01318	0.01094	0.01154	0.01164	0.01497	0.00929	0.00864	0.01612	0.02517	0.03081	0.15151	0.14166	0.46183	0.02757	0.01296	0.00371	0.00555	0.02329	0.01032	0.00929
14	0.02068	0.01945	0.03359	0.48904	0.06823	0.02327	0.06613	0.02786	0.02245	0.02890	0.02357	0.03886	0.01970	0.01277	0.01149	0.00378	0.01437	0.05834	0.00544	0.01210
15	0.03372	0.02133	0.03350	0.02543	0.03328	0.02014	0.14110	0.10808	0.03215	0.22836	0.11505	0.04616	0.08066	0.01490	0.01189	0.00347	0.01106	0.01365	0.01055	0.01551
16	0.02024	0.01858	0.03092	0.52339	0.06891	0.02285	0.02878	0.02724	0.02219	0.02842	0.02390	0.04013	0.02022	0.01317	0.01139	0.00380	0.01401	0.06456	0.00546	0.01187
17	0.02944	0.53451	0.05166	0.01832	0.02707	0.03874	0.01783	0.03311	0.02345	0.06333	0.05803	0.02380	0.02178	0.01062	0.00772	0.00249	0.01099	0.00726	0.00584	0.01402
18	0.02200	0.01918	0.02486	0.01814	0.02710	0.01503	0.05059	0.02722	0.02382	0.03645	0.08128	0.03006	0.02640	0.00984	0.00901	0.00199	0.00852	0.00851	0.00704	0.55297
19	0.18208	0.12196	0.02874	0.01982	0.02693	0.08106	0.01672	0.08210	0.06202	0.16400	0.02992	0.03703	0.02399	0.01381	0.00974	0.00335	0.01083	0.06231	0.00896	0.01464
20	0.01586	0.01057	0.01189	0.01189	0.01189	0.01057	0.00661	0.01586	0.01586	0.02114	0.03436	0.07135	0.03964	0.61681	0.05550	0.01057	0.01057	0.01586	0.00661	0.00661
21	0.03354	0.40656	0.04718	0.02224	0.03016	0.24420	0.01957	0.03678	0.02547	0.02604	0.01580	0.01831	0.01401	0.01005	0.00807	0.00251	0.01470	0.00628	0.00503	0.01348
22	0.01962	0.01537	0.01870	0.01951	0.02318	0.01616	0.01629	0.03151	0.16493	0.03583	0.06079	0.09783	0.11635	0.02555	0.01368	0.00448	0.00907	0.28887	0.01034	0.01194
23	0.03460	0.03457	0.02597	0.02282	0.02824	0.29442	0.01749	0.09336	0.03332	0.09145	0.16766	0.03950	0.04074	0.01478	0.01092	0.00310	0.01362	0.01131	0.00884	0.01329
24	0.07533	0.20144	0.03610	0.26914	0.04698	0.02887	0.02217	0.03130	0.06848	0.03060	0.02824	0.03256	0.06337	0.01222	0.00960	0.00323	0.01184	0.00967	0.00598	0.01287
25	0.01586	0.01057	0.01189	0.01189	0.01189	0.01057	0.00661	0.01586	0.01586	0.02114	0.03436	0.07135	0.03964	0.61681	0.05550	0.01057	0.01057	0.01586	0.00661	0.00661
26	0.01352	0.01003	0.01263	0.01417	0.01567	0.00914	0.00979	0.01607	0.02312	0.03049	0.14113	0.43414	0.16793	0.03114	0.01356	0.00414	0.00600	0.02779	0.01040	0.00914
27	0.10362	0.02207	0.03307	0.18532	0.04553	0.02303	0.09299	0.09520	0.02878	0.21942	0.02835	0.03039	0.01935	0.01173	0.01078	0.00348	0.01234	0.01022	0.00886	0.01546
28	0.03046	0.04343	0.23584	0.07853	0.04481	0.13358	0.07980	0.14914	0.03143	0.04059	0.02085	0.02430	0.01533	0.01110	0.01069	0.00332	0.01593	0.00891	0.00641	0.01553
29	0.01479	0.01082	0.01389	0.01376	0.01606	0.00991	0.01008	0.01909	0.02839	0.03937	0.41071	0.18588	0.13649	0.02507	0.01307	0.00365	0.00541	0.02220	0.01147	0.00991
30	0.02477	0.02364	0.04025	0.24877	0.38430	0.02532	0.03236	0.03152	0.02378	0.03293	0.02012	0.02771	0.01632	0.01013	0.01083	0.00338	0.01350	0.00971	0.00521	0.01548
31	0.02791	0.02023	0.03261	0.17336	0.04335	0.02096	0.11413	0.08816	0.02715	0.13361	0.03253	0.11984	0.02851	0.06906	0.01574	0.00429	0.01242	0.01426	0.00827	0.01362
32	0.02891	0.55269	0.05331	0.01907	0.02803	0.04126	0.01849	0.03563	0.08188	0.02800	0.01860	0.02022	0.01627	0.00997	0.00748	0.00249	0.01130	0.00660	0.00542	0.01438
33	0.01982	0.01222	0.01539	0.01397	0.01765	0.01090	0.01070	0.02431	0.02961	0.11631	0.37507	0.08001	0.18775	0.02215	0.01259	0.00348	0.00584	0.01914	0.01181	0.01127
34	0.02274	0.02040	0.02779	0.07190	0.03354	0.01675	0.06511	0.02825	0.02285	0.03476	0.01965	0.02390	0.01604	0.00845	0.00882	0.00201	0.00972	0.00741	0.00622	0.55367
35	0.02338	0.09468	0.08654	0.03165	0.16314	0.02298	0.02186	0.03361	0.10775	0.03799	0.15512	0.04095	0.04058	0.01356	0.01059	0.00311	0.00996	0.01170	0.00793	0.08292
36	0.01458	0.01097	0.01349	0.01316	0.01584	0.00988	0.00976	0.01881	0.02840	0.03859	0.38715	0.13598	0.21392	0.02475	0.01296	0.00359	0.00535	0.02160	0.01135	0.00988
37	0.01464	0.01176	0.01321	0.01352	0.01646	0.01088	0.00987	0.02004	0.06990	0.03259	0.15523	0.22777	0.30982	0.02739	0.01299	0.00384	0.00596	0.02366	0.01049	0.01000
38	0.25676	0.02259	0.03259	0.07824	0.22637	0.02383	0.07181	0.03138	0.02315	0.04046	0.07305	0.02982	0.02400	0.01119	0.00982	0.00338	0.01124	0.00975	0.00653	0.01402
39	0.04804	0.01997	0.02618	0.02007	0.02854	0.01812	0.01658	0.10725	0.03357	0.49890	0.04103	0.03582	0.02600	0.01345	0.01096	0.00336	0.00960	0.01083	0.01319	0.01855
40	0.01564	0.01142	0.01619	0.01619	0.01767	0.01290	0.01196	0.01861	0.01713	0.02432	0.03043	0.04960	0.03020	0.20873	0.45066	0.01587	0.02478	0.01267	0.00602	0.00899
41	0.01328	0.00949	0.01265	0.01518	0.01581	0.00886	0.01012	0.01518	0.02088	0.02783	0.06010	0.60969	0.07212	0.03416	0.01392	0.00443	0.00633	0.03100	0.01012	0.00886
42	0.02516	0.02663	0.08731	0.12565	0.27572	0.02449	0.07919	0.07370	0.02623	0.03640	0.02560	0.09574	0.02307	0.01307	0.01136	0.00350	0.01316	0.01240	0.00631	0.01529
43	0.40924	0.02235	0.02263	0.01923	0.02473	0.02658	0.01591	0.07691	0.02241	0.09709	0.01882	0.02192	0.01457	0.01286	0.01445	0.00370	0.14847	0.00764	0.00735	0.01314
44	0.02817	0.51309	0.10097	0.02256	0.03264	0.04000	0.07149	0.03305	0.02260	0.02738	0.01625	0.01920	0.01424	0.00940	0.00789	0.00257	0.01274	0.00675	0.00475	0.01425
45	0.01990	0.02501	0.17765	0.01959	0.02641	0.01504	0.01968	0.02672	0.02708	0.08253	0.27311	0.13825	0.06533	0.01974	0.01211	0.00358	0.00894	0.01716	0.00965	0.01252
46	0.02471	0.32384	0.26323	0.02335	0.03482	0.03234	0.02685	0.03221	0.02340	0.03121	0.07082	0.02632	0.02298	0.01108	0.00900	0.00291	0.01286	0.00818	0.00539	0.01450
47	0.03267	0.01842	0.02250	0.01875	0.02465	0.01823	0.01488	0.13581	0.07243	0.21816	0.18696	0.10059	0.05198	0.01797	0.01179	0.00349	0.00832	0.01522	0.01203	0.01515
48	0.01317	0.00993	0.01220	0.01402	0.01551	0.00895	0.00960	0.01531	0.02199	0.02829	0.07426	0.46769	0.20497	0.03232	0.01363	0.00422	0.00610	0.02875	0.01012	0.00895
49	0.02991	0.02711	0.07690	0.19666	0.21346	0.02669	0.02873	0.15288	0.03088	0.07723	0.02307	0.02775	0.01722	0.01120	0.01083	0.00338	0.01315	0.00969	0.00711	0.01615

[dist]
# distance from previous block
# <min> <max>
0	2

[block]
# block no. 4 follows, 12 sequences, length 19
# corresponding to MSA columns:
# 454-472
name=unknown_E
#
# <colnr> <probs for GDERKNQSTAVLIFYWHMCP>
#	G	D	E	R	K	N	Q	S	T	A	V	L	I	F	Y	W	H	M	C	P
0	0.02505	0.10019	0.16192	0.03100	0.04114	0.02713	0.19397	0.03869	0.13371	0.03663	0.02681	0.03010	0.02033	0.01101	0.01076	0.00337	0.01375	0.01061	0.06877	0.01508
1	0.03033	0.03045	0.03008	0.02634	0.02904	0.19230	0.02112	0.03318	0.02242	0.07546	0.01944	0.02599	0.01689	0.02335	0.08702	0.00550	0.30346	0.00916	0.00596	0.01251
2	0.01784	0.01053	0.01113	0.01098	0.01378	0.00997	0.00823	0.02242	0.02470	0.03873	0.14085	0.06189	0.15434	0.01765	0.00969	0.00295	0.00519	0.01465	0.41450	0.00997
3	0.21227	0.02661	0.02668	0.02165	0.02934	0.03000	0.01766	0.29455	0.13718	0.05887	0.02686	0.02680	0.01967	0.01264	0.00984	0.00338	0.01038	0.00927	0.00984	0.01650
4	0.02612	0.02387	0.02740	0.02573	0.10909	0.06365	0.01736	0.06399	0.02566	0.03716	0.01983	0.02331	0.01632	0.00895	0.00885	0.00209	0.01007	0.00725	0.00654	0.47675
5	0.10385	0.05209	0.49391	0.02904	0.04401	0.02522	0.03681	0.03423	0.02248	0.03629	0.01903	0.02237	0.01357	0.01033	0.00992	0.00344	0.01518	0.00779	0.00487	0.01559
6	0.01686	0.01167	0.01537	0.01736	0.01969	0.01141	0.01444	0.02122	0.02416	0.03261	0.05985	0.18545	0.10066	0.02840	0.01379	0.00451	0.00849	0.31278	0.09148	0.00980
7	0.01584	0.01194	0.01501	0.01611	0.01853	0.01158	0.01243	0.02154	0.06318	0.03373	0.15683	0.25360	0.14819	0.02831	0.01365	0.00423	0.00716	0.14746	0.01053	0.01014
8	0.02278	0.05003	0.44321	0.03459	0.04950	0.02585	0.15100	0.03462	0.02366	0.03462	0.02016	0.02453	0.01446	0.01008	0.01095	0.00351	0.01665	0.00919	0.00482	0.01578
9	0.02059	0.01938	0.03270	0.59060	0.07510	0.02422	0.03028	0.02786	0.02180	0.02786	0.01938	0.02907	0.01453	0.01090	0.01090	0.00363	0.01453	0.00969	0.00484	0.01211
10	0.01885	0.01148	0.01526	0.01643	0.01835	0.01089	0.01219	0.02154	0.02239	0.08836	0.05362	0.33609	0.05960	0.11937	0.02020	0.00540	0.00827	0.14181	0.00995	0.00993
11	0.09673	0.07938	0.09055	0.02273	0.03157	0.02861	0.02049	0.20410	0.14335	0.12848	0.02999	0.02911	0.02148	0.01262	0.01018	0.00333	0.01096	0.00964	0.00971	0.01698
12	0.69383	0.02109	0.01603	0.01434	0.02109	0.02446	0.01181	0.03205	0.01856	0.04892	0.01518	0.01771	0.01181	0.01012	0.00675	0.00337	0.00843	0.00590	0.00675	0.01181
13	0.01795	0.01829	0.03207	0.02482	0.03140	0.01645	0.20586	0.02325	0.02520	0.03161	0.07559	0.07515	0.33618	0.02035	0.01288	0.00368	0.01060	0.01901	0.00831	0.01137
14	0.01669	0.01272	0.01709	0.08206	0.02533	0.01289	0.01543	0.02073	0.02327	0.02968	0.06069	0.10069	0.15323	0.11665	0.02029	0.00543	0.00970	0.25891	0.00894	0.00958
15	0.03209	0.02955	0.03682	0.13457	0.28718	0.14425	0.02777	0.03757	0.02658	0.10606	0.02271	0.02714	0.01750	0.01077	0.01062	0.00323	0.01416	0.00930	0.00650	0.01562
16	0.03445	0.01674	0.02284	0.01941	0.02434	0.01660	0.01544	0.03794	0.02662	0.31651	0.08052	0.16876	0.04110	0.01972	0.01556	0.00383	0.09766	0.01597	0.01129	0.01471
17	0.02015	0.01898	0.08550	0.01919	0.02286	0.01557	0.05153	0.02488	0.08940	0.02641	0.02695	0.04286	0.02567	0.18319	0.03539	0.27334	0.01113	0.01166	0.00618	0.00915
18	0.02793	0.03033	0.08311	0.08394	0.19237	0.10674	0.12636	0.03467	0.02671	0.06847	0.08533	0.03351	0.02722	0.01176	0.01131	0.00334	0.01428	0.01112	0.00668	0.01478

[dist]
# distance from previous block
# <min> <max>
0	1

[block]
# block no. 5 follows, 12 sequences, length 32
# corresponding to MSA columns:
# 474-505
name=unknown_F
#
# <colnr> <probs for GDERKNQSTAVLIFYWHMCP>
#	G	D	E	R	K	N	Q	S	T	A	V	L	I	F	Y	W	H	M	C	P
0	0.03193	0.10556	0.17060	0.02812	0.03781	0.02779	0.09760	0.09016	0.02741	0.15490	0.02473	0.02697	0.01783	0.01230	0.01410	0.00350	0.09574	0.00957	0.00749	0.01588
1	0.02573	0.03769	0.25918	0.03275	0.04436	0.02419	0.18399	0.07131	0.02648	0.07596	0.02712	0.09111	0.02249	0.01306	0.01164	0.00361	0.01492	0.01249	0.00667	0.01524
2	0.48647	0.09878	0.07734	0.01940	0.02776	0.02711	0.06170	0.03263	0.02009	0.04341	0.01624	0.01928	0.01271	0.00996	0.00769	0.00328	0.01049	0.00675	0.00617	0.01275
3	0.02197	0.02179	0.04018	0.03857	0.14657	0.02197	0.19317	0.02775	0.02378	0.03310	0.07141	0.17245	0.03672	0.01746	0.01520	0.00386	0.07708	0.01674	0.00703	0.01319
4	0.01705	0.01319	0.01765	0.01928	0.06632	0.01367	0.01219	0.01984	0.02154	0.02984	0.16890	0.06581	0.08889	0.25729	0.09899	0.00798	0.04824	0.01591	0.00795	0.00949
5	0.01953	0.02530	0.15367	0.01890	0.02732	0.01552	0.01869	0.02645	0.02604	0.03859	0.23072	0.04645	0.05056	0.01438	0.01058	0.00281	0.00890	0.01221	0.00823	0.24516
6	0.02915	0.62337	0.05714	0.01866	0.02799	0.04314	0.01866	0.03265	0.02215	0.02565	0.01516	0.01749	0.01399	0.00933	0.00700	0.00233	0.01166	0.00583	0.00466	0.01399
7	0.02606	0.01978	0.02316	0.01725	0.02637	0.01624	0.01379	0.03401	0.08541	0.09423	0.02504	0.02642	0.01944	0.00949	0.00876	0.00206	0.00828	0.00767	0.00780	0.52874
8	0.02836	0.02638	0.02991	0.25270	0.04871	0.09366	0.02351	0.11432	0.18969	0.03971	0.02812	0.03119	0.02109	0.01252	0.01083	0.00350	0.01288	0.01023	0.00788	0.01482
9	0.01328	0.01045	0.01199	0.01289	0.01529	0.00917	0.00918	0.01593	0.02388	0.03016	0.13131	0.29765	0.32088	0.02965	0.01328	0.00395	0.00580	0.02579	0.01030	0.00917
10	0.01328	0.00949	0.01265	0.01518	0.01581	0.00886	0.01012	0.01518	0.02088	0.02783	0.06010	0.60969	0.07212	0.03416	0.01392	0.00443	0.00633	0.03100	0.01012	0.00886
11	0.02434	0.30160	0.03916	0.01977	0.02415	0.03227	0.01711	0.02665	0.01905	0.02469	0.01972	0.03273	0.02049	0.16380	0.02721	0.00508	0.17607	0.00938	0.00518	0.01157
12	0.01672	0.01339	0.01530	0.01531	0.01843	0.01335	0.01125	0.02602	0.13818	0.03554	0.16974	0.23364	0.20041	0.02556	0.01278	0.00385	0.00638	0.02228	0.01073	0.01113
13	0.26518	0.02730	0.02700	0.02140	0.02945	0.03061	0.01767	0.34769	0.04005	0.06193	0.02241	0.02327	0.01623	0.01207	0.00948	0.00331	0.01078	0.00847	0.00948	0.01623
14	0.02637	0.40720	0.24898	0.02339	0.03531	0.03635	0.02690	0.03337	0.02248	0.02904	0.01684	0.01960	0.01392	0.00972	0.00828	0.00276	0.01336	0.00668	0.00464	0.01480
15	0.01536	0.01107	0.01460	0.01437	0.01673	0.01031	0.01084	0.02014	0.02931	0.04111	0.45195	0.14297	0.09636	0.02421	0.01315	0.00366	0.00566	0.05646	0.01164	0.01011
16	0.02187	0.05640	0.56031	0.03108	0.04719	0.02532	0.04029	0.03453	0.02302	0.03453	0.01957	0.02302	0.01381	0.01036	0.01036	0.00345	0.01611	0.00806	0.00460	0.01611
17	0.01661	0.01059	0.01361	0.01494	0.01679	0.00959	0.01040	0.01887	0.02247	0.07838	0.06626	0.47716	0.14084	0.03118	0.01348	0.00421	0.00648	0.02786	0.01044	0.00983
18	0.01672	0.01287	0.01724	0.01631	0.01857	0.01339	0.01283	0.02151	0.02843	0.04023	0.41922	0.07949	0.08717	0.02286	0.01593	0.00379	0.07800	0.07411	0.01088	0.01046
19	0.02439	0.25299	0.38584	0.02677	0.04053	0.03150	0.03279	0.03388	0.02272	0.03145	0.01804	0.02110	0.01387	0.01000	0.00919	0.00306	0.01457	0.00728	0.00462	0.01538
20	0.01565	0.01182	0.01459	0.01462	0.01711	0.01134	0.01067	0.02203	0.07387	0.03794	0.31566	0.22592	0.13662	0.02545	0.01299	0.00376	0.00584	0.02250	0.01119	0.01042
21	0.02266	0.02207	0.03916	0.40646	0.17928	0.02501	0.08948	0.02998	0.02296	0.03047	0.01996	0.02864	0.01539	0.01043	0.01112	0.00355	0.01465	0.01008	0.00505	0.01359
22	0.01596	0.01167	0.01509	0.01668	0.01842	0.01157	0.01249	0.02119	0.06237	0.03181	0.10968	0.33536	0.06761	0.07157	0.01684	0.00486	0.00770	0.14914	0.01013	0.00983
23	0.01759	0.01256	0.01613	0.01723	0.01929	0.01252	0.01329	0.05742	0.02515	0.03350	0.09938	0.26802	0.06342	0.10104	0.01908	0.00521	0.00855	0.19079	0.00990	0.00991
24	0.02561	0.34751	0.30196	0.02470	0.03733	0.03447	0.02918	0.03356	0.02258	0.02997	0.01730	0.02018	0.01390	0.00983	0.00863	0.00288	0.01383	0.00691	0.00463	0.01502
25	0.09469	0.25098	0.11773	0.02393	0.03253	0.25360	0.02222	0.03729	0.02549	0.02956	0.01651	0.01922	0.01378	0.01033	0.00862	0.00279	0.01527	0.00665	0.00524	0.01356
26	0.03519	0.18315	0.14098	0.02516	0.03518	0.09545	0.05970	0.09256	0.02913	0.16524	0.02490	0.02557	0.01790	0.01120	0.00986	0.00307	0.01345	0.00866	0.00772	0.01593
27	0.02261	0.01938	0.02261	0.01615	0.02584	0.01453	0.01292	0.02745	0.02261	0.03553	0.01938	0.02261	0.01615	0.00807	0.00807	0.00161	0.00807	0.00646	0.00646	0.68346
28	0.01654	0.01202	0.01397	0.01434	0.01640	0.01192	0.01017	0.02217	0.07798	0.03168	0.11618	0.19162	0.12842	0.17315	0.02331	0.00555	0.00757	0.05560	0.06177	0.00964
29	0.01484	0.01112	0.01375	0.01310	0.01593	0.01004	0.00982	0.01943	0.02947	0.04041	0.44246	0.08691	0.20553	0.02353	0.01287	0.00349	0.00523	0.02048	0.01157	0.01004
30	0.01480	0.01112	0.01369	0.01305	0.01590	0.01002	0.00979	0.01935	0.02936	0.04016	0.43499	0.08731	0.21315	0.02362	0.01287	0.00349	0.00524	0.02054	0.01153	0.01002
31	0.02150	0.01283	0.01616	0.01550	0.01871	0.01229	0.01152	0.02788	0.07348	0.11794	0.22111	0.23083	0.06799	0.02300	0.01223	0.00367	0.00647	0.02027	0.07488	0.01176

[dist]
# distance from previous block
# <min> <max>
0	7

[block]
# block no. 6 follows, 12 sequences, length 6
# corresponding to MSA columns:
# 513-518
name=unknown_G
#
# <colnr> <probs for GDERKNQSTAVLIFYWHMCP>
#	G	D	E	R	K	N	Q	S	T	A	V	L	I	F	Y	W	H	M	C	P
0	0.03626	0.04350	0.03524	0.04071	0.20108	0.39525	0.02510	0.04027	0.02893	0.02959	0.01804	0.02204	0.01509	0.01074	0.01014	0.00295	0.01748	0.00790	0.00555	0.01415
1	0.02033	0.01016	0.01016	0.01016	0.01270	0.01016	0.00762	0.02541	0.02287	0.04065	0.03557	0.04065	0.02795	0.01270	0.00762	0.00254	0.00508	0.01016	0.67734	0.01016
2	0.02476	0.01560	0.01888	0.01675	0.02107	0.01567	0.01276	0.03570	0.15561	0.13862	0.26950	0.06170	0.06436	0.08045	0.01648	0.00423	0.00737	0.01579	0.01149	0.01323
3	0.02059	0.01938	0.03270	0.59060	0.07510	0.02422	0.03028	0.02786	0.02180	0.02786	0.01938	0.02907	0.01453	0.01090	0.01090	0.00363	0.01453	0.00969	0.00484	0.01211
4	0.03071	0.54656	0.05361	0.01992	0.02875	0.11437	0.01898	0.03411	0.02333	0.02579	0.01539	0.01778	0.01400	0.00958	0.00738	0.00240	0.01274	0.00599	0.00479	0.01381
5	0.03325	0.02459	0.03697	0.04771	0.32897	0.02477	0.02672	0.09201	0.08015	0.15150	0.02835	0.03045	0.02111	0.01140	0.01087	0.00332	0.01163	0.01026	0.00830	0.01768

[dist]
# distance from previous block
# <min> <max>
0	1

[block]
# block no. 7 follows, 12 sequences, length 34
# corresponding to MSA columns:
# 520-533,540-559
name=unknown_H
#
# <colnr> <probs for GDERKNQSTAVLIFYWHMCP>
#	G	D	E	R	K	N	Q	S	T	A	V	L	I	F	Y	W	H	M	C	P
0	0.02548	0.06669	0.02511	0.01926	0.02273	0.02398	0.01473	0.14311	0.07765	0.03629	0.02879	0.04570	0.02795	0.26886	0.03331	0.00656	0.10185	0.01227	0.00767	0.01199
1	0.56322	0.07799	0.02277	0.02013	0.07583	0.02636	0.01467	0.03225	0.01954	0.04538	0.01573	0.01864	0.01257	0.01001	0.00719	0.00326	0.00920	0.00629	0.00641	0.01257
2	0.03455	0.04468	0.12589	0.03007	0.07787	0.33978	0.02430	0.03975	0.02898	0.06775	0.06491	0.02745	0.02286	0.01206	0.01035	0.00306	0.01647	0.00881	0.00652	0.01388
3	0.01454	0.01111	0.01333	0.01278	0.01574	0.00991	0.00958	0.01884	0.02875	0.03871	0.39088	0.08971	0.25817	0.02416	0.01287	0.00352	0.00528	0.02088	0.01134	0.00991
4	0.01494	0.01113	0.01389	0.01320	0.01599	0.01008	0.00990	0.01962	0.02970	0.04096	0.45936	0.08599	0.18828	0.02332	0.01287	0.00348	0.00522	0.02036	0.01164	0.01008
5	0.02486	0.28904	0.35385	0.02598	0.03931	0.03263	0.03141	0.03376	0.02267	0.03089	0.01776	0.02075	0.01389	0.00994	0.00898	0.00299	0.01429	0.00714	0.00463	0.01524
6	0.69383	0.02109	0.01603	0.01434	0.02109	0.02446	0.01181	0.03205	0.01856	0.04892	0.01518	0.01771	0.01181	0.01012	0.00675	0.00337	0.00843	0.00590	0.00675	0.01181
7	0.09823	0.07622	0.03069	0.02394	0.06796	0.02449	0.01843	0.16665	0.03403	0.30109	0.03214	0.03014	0.02164	0.01245	0.01023	0.00324	0.01040	0.00969	0.01086	0.01748
8	0.02896	0.03441	0.19594	0.02273	0.03383	0.07551	0.02307	0.03599	0.02514	0.12799	0.02343	0.02505	0.01714	0.01010	0.00951	0.00264	0.01205	0.00784	0.00705	0.28162
9	0.03123	0.52058	0.05242	0.02035	0.02901	0.13846	0.01909	0.03461	0.02373	0.02584	0.01546	0.01788	0.01400	0.00967	0.00751	0.00242	0.01310	0.00604	0.00484	0.01375
10	0.02897	0.43131	0.09078	0.02308	0.03252	0.07799	0.06494	0.03605	0.06829	0.02901	0.01884	0.02121	0.01593	0.01002	0.00836	0.00270	0.01293	0.00730	0.00538	0.01441
11	0.01371	0.01108	0.01219	0.01191	0.01523	0.00956	0.00893	0.01725	0.02680	0.03408	0.25065	0.09732	0.40129	0.02589	0.01288	0.00360	0.00540	0.02194	0.01073	0.00956
12	0.02499	0.02720	0.05203	0.03906	0.04571	0.02989	0.31616	0.03147	0.02214	0.03147	0.01898	0.02720	0.01566	0.01313	0.02198	0.00411	0.24846	0.01154	0.00522	0.01360
13	0.03005	0.02306	0.03207	0.35125	0.05714	0.02674	0.02584	0.19290	0.03252	0.08720	0.02370	0.02879	0.01696	0.01186	0.01091	0.00349	0.01323	0.00984	0.00763	0.01483
14	0.01543	0.01115	0.01457	0.01372	0.01629	0.01029	0.01029	0.02058	0.03086	0.04372	0.54304	0.08145	0.10288	0.02229	0.01286	0.00343	0.00514	0.01972	0.01200	0.01029
15	0.01886	0.01662	0.02377	0.02199	0.02300	0.02153	0.01762	0.02193	0.01749	0.02594	0.02581	0.08791	0.02599	0.05084	0.29402	0.01091	0.26683	0.01259	0.00579	0.01058
16	0.01558	0.01168	0.01752	0.01752	0.01947	0.01363	0.01363	0.01947	0.01752	0.02531	0.02921	0.04283	0.02726	0.08178	0.57360	0.01752	0.02921	0.01168	0.00584	0.00974
17	0.01471	0.01025	0.01289	0.01388	0.01453	0.01005	0.00896	0.01628	0.01951	0.02640	0.09248	0.29754	0.05835	0.27487	0.07282	0.00783	0.00967	0.02230	0.00854	0.00814
18	0.01894	0.00947	0.01420	0.01420	0.01420	0.00947	0.00947	0.01420	0.01420	0.01894	0.01894	0.03314	0.01894	0.03788	0.04261	0.68277	0.00947	0.00947	0.00473	0.00473
19	0.21242	0.01920	0.02295	0.01812	0.02612	0.01816	0.01496	0.04779	0.02800	0.42770	0.03596	0.03219	0.02314	0.01264	0.00990	0.00337	0.00906	0.00968	0.01178	0.01685
20	0.01509	0.01078	0.01473	0.01725	0.01868	0.01042	0.01327	0.01831	0.02266	0.02986	0.05910	0.40412	0.06816	0.03245	0.01440	0.00468	0.00789	0.21871	0.01009	0.00936
21	0.02574	0.02941	0.06434	0.04596	0.05699	0.02757	0.50919	0.03493	0.02574	0.03493	0.02206	0.02941	0.01654	0.00919	0.01287	0.00368	0.01838	0.01287	0.00551	0.01471
22	0.02048	0.02100	0.04251	0.03296	0.03960	0.01967	0.29839	0.02659	0.02368	0.03193	0.03813	0.27451	0.04002	0.01974	0.01331	0.00399	0.01329	0.02053	0.00746	0.01224
23	0.08525	0.03950	0.32336	0.02470	0.03591	0.02248	0.02836	0.07992	0.02739	0.04160	0.14635	0.03697	0.03564	0.01350	0.01068	0.00342	0.01232	0.01085	0.00724	0.01455
24	0.02814	0.27856	0.08299	0.13005	0.11541	0.03216	0.02423	0.03606	0.07076	0.07265	0.02202	0.02515	0.01741	0.01059	0.00922	0.00300	0.01223	0.00829	0.00611	0.01497
25	0.02874	0.02600	0.07701	0.03270	0.11462	0.02444	0.09526	0.12098	0.07340	0.09177	0.11978	0.03861	0.03463	0.01404	0.01335	0.00353	0.05473	0.01221	0.00873	0.01549
26	0.28969	0.03311	0.20338	0.02477	0.07547	0.02309	0.02346	0.03218	0.02132	0.04053	0.01787	0.02117	0.01373	0.00980	0.00855	0.00307	0.01135	0.00705	0.00586	0.13455
27	0.01544	0.01096	0.01435	0.01435	0.01565	0.01128	0.00998	0.01809	0.02060	0.02871	0.16398	0.11170	0.05471	0.25308	0.19867	0.01034	0.01450	0.01687	0.00805	0.00869
28	0.01938	0.01938	0.07447	0.06128	0.02719	0.01699	0.01708	0.03144	0.14529	0.04114	0.29466	0.06534	0.06764	0.01909	0.01222	0.00364	0.00818	0.05261	0.01034	0.01263
29	0.24482	0.02228	0.02260	0.01991	0.02597	0.02579	0.01590	0.04666	0.28060	0.08924	0.03245	0.03161	0.02430	0.01350	0.01161	0.00365	0.05462	0.00991	0.00940	0.01519
30	0.04059	0.07553	0.08471	0.02456	0.06714	0.02226	0.02043	0.08440	0.07067	0.34198	0.03545	0.03272	0.02370	0.01263	0.01056	0.00330	0.01060	0.01016	0.01087	0.01772
31	0.02784	0.52138	0.14765	0.02089	0.03144	0.03994	0.02255	0.03299	0.02231	0.02725	0.01595	0.01849	0.01396	0.00951	0.00760	0.00253	0.01246	0.00623	0.00465	0.01437
32	0.69383	0.02109	0.01603	0.01434	0.02109	0.02446	0.01181	0.03205	0.01856	0.04892	0.01518	0.01771	0.01181	0.01012	0.00675	0.00337	0.00843	0.00590	0.00675	0.01181
33	0.02401	0.02021	0.03224	0.36538	0.14867	0.02312	0.02726	0.03264	0.06443	0.07156	0.06193	0.03409	0.02397	0.01203	0.01105	0.00353	0.01269	0.01074	0.00662	0.01380

[dist]
# distance from previous block
# <min> <max>
0	1

[block]
# block no. 8 follows, 12 sequences, length 20
# corresponding to MSA columns:
# 561-580
name=unknown_I
#
# <colnr> <probs for GDERKNQSTAVLIFYWHMCP>
#	G	D	E	R	K	N	Q	S	T	A	V	L	I	F	Y	W	H	M	C	P
0	0.01497	0.01087	0.01499	0.01547	0.01700	0.01131	0.01122	0.01820	0.02117	0.02959	0.15107	0.20353	0.05704	0.11305	0.24770	0.01023	0.01590	0.01898	0.00841	0.00929
1	0.02275	0.01972	0.02660	0.02355	0.02659	0.02316	0.04873	0.07983	0.09845	0.03616	0.06995	0.17909	0.04108	0.02185	0.01975	0.00423	0.18690	0.05046	0.00856	0.01260
2	0.02717	0.02100	0.02867	0.02997	0.16413	0.01773	0.01874	0.03236	0.02431	0.10287	0.02273	0.02564	0.01785	0.00921	0.00917	0.00227	0.00952	0.00790	0.00709	0.42169
3	0.02261	0.01938	0.02261	0.01615	0.02584	0.01453	0.01292	0.02745	0.02261	0.03553	0.01938	0.02261	0.01615	0.00807	0.00807	0.00161	0.00807	0.00646	0.00646	0.68346
4	0.02409	0.02278	0.03526	0.26862	0.05344	0.02597	0.11176	0.04096	0.22197	0.03612	0.02969	0.03370	0.02227	0.01212	0.01133	0.00367	0.01291	0.01130	0.00742	0.01460
5	0.01894	0.00947	0.01420	0.01420	0.01420	0.00947	0.00947	0.01420	0.01420	0.01894	0.01894	0.03314	0.01894	0.03788	0.04261	0.68277	0.00947	0.00947	0.00473	0.00473
6	0.02375	0.02154	0.04210	0.03144	0.03903	0.02002	0.27770	0.03098	0.02815	0.08191	0.22245	0.04990	0.05034	0.01455	0.01271	0.00356	0.01257	0.01532	0.00866	0.01334
7	0.01312	0.01015	0.01197	0.01344	0.01536	0.00900	0.00935	0.01538	0.02255	0.02852	0.08132	0.39693	0.27117	0.03140	0.01348	0.00411	0.00599	0.02763	0.01012	0.00900
8	0.14387	0.02126	0.03247	0.36036	0.17934	0.02467	0.02771	0.02997	0.02194	0.03354	0.01889	0.02651	0.01470	0.01047	0.01012	0.00349	0.01305	0.00901	0.00532	0.01330
9	0.02362	0.19286	0.43920	0.02809	0.04257	0.02961	0.03508	0.03408	0.02281	0.03239	0.01851	0.02169	0.01386	0.01011	0.00955	0.00318	0.01504	0.00752	0.00462	0.01560
10	0.01689	0.01207	0.01680	0.01931	0.02152	0.01197	0.01640	0.02142	0.02443	0.03187	0.05810	0.19969	0.06423	0.03076	0.01488	0.00493	0.00945	0.40537	0.01005	0.00985
11	0.02167	0.01255	0.01699	0.01688	0.02010	0.01169	0.01339	0.02594	0.02722	0.12997	0.21401	0.19321	0.07130	0.02538	0.01337	0.00408	0.00755	0.15195	0.01132	0.01142
12	0.01496	0.01007	0.01308	0.01392	0.01531	0.00933	0.00965	0.01601	0.02181	0.02887	0.14685	0.28187	0.15239	0.03170	0.02044	0.16738	0.00672	0.02230	0.00917	0.00819
13	0.14357	0.02210	0.03730	0.35531	0.06097	0.02507	0.14221	0.03032	0.02216	0.03337	0.01927	0.02710	0.01453	0.01035	0.01062	0.00360	0.01436	0.00977	0.00535	0.01268
14	0.41414	0.02156	0.01978	0.01681	0.02328	0.02415	0.01368	0.14560	0.02865	0.05275	0.11328	0.03127	0.02990	0.01304	0.00885	0.00336	0.00870	0.00934	0.00870	0.01315
15	0.02324	0.01364	0.01897	0.01996	0.02354	0.01318	0.01729	0.02811	0.02620	0.12733	0.05507	0.10746	0.05628	0.02711	0.01432	0.00472	0.00990	0.39142	0.01066	0.01158
16	0.01918	0.01696	0.02778	0.02516	0.02830	0.01824	0.10584	0.02371	0.02264	0.03071	0.04380	0.20484	0.04767	0.02526	0.01823	0.00459	0.11939	0.19848	0.00827	0.01095
17	0.03951	0.02214	0.03102	0.03031	0.12282	0.02292	0.02113	0.09345	0.02950	0.31209	0.03184	0.03166	0.02199	0.01380	0.01553	0.00360	0.11911	0.01035	0.01014	0.01709
18	0.01386	0.01013	0.01303	0.01432	0.01584	0.00930	0.00997	0.01678	0.02416	0.03256	0.20397	0.40449	0.13117	0.03006	0.01350	0.00406	0.00590	0.02691	0.01066	0.00930
19	0.02549	0.01397	0.01802	0.01678	0.02071	0.01320	0.01261	0.03191	0.08030	0.18514	0.16976	0.25780	0.06245	0.02332	0.01252	0.00381	0.00713	0.02055	0.01165	0.01288

[dist]
# distance from previous block
# <min> <max>
0	1

# created by:
# /st0/software/busco_prod/Augustus/scripts/msa2prfl.pl ./align_prep/4864.fa
