[name]
unknown

[dist]
# distance from previous block
# <min> <max>
0	66

[block]
# block no. 0 follows, 13 sequences, length 20
# corresponding to MSA columns:
# 98-117
name=unknown_A
#
# <colnr> <probs for GDERKNQSTAVLIFYWHMCP>
#	G	D	E	R	K	N	Q	S	T	A	V	L	I	F	Y	W	H	M	C	P
0	0.42171	0.01837	0.01714	0.01543	0.02168	0.01935	0.01285	0.02825	0.02012	0.04150	0.02426	0.03970	0.02273	0.01352	0.00850	0.00327	0.00844	0.10846	0.00716	0.14757
1	0.03474	0.01702	0.02191	0.01762	0.02456	0.01476	0.01400	0.06422	0.02753	0.32117	0.03932	0.14969	0.03228	0.01597	0.01061	0.00311	0.00832	0.01354	0.01086	0.15878
2	0.02195	0.01763	0.02022	0.06387	0.02567	0.01967	0.01443	0.07567	0.24553	0.03625	0.04068	0.16025	0.03852	0.14746	0.02038	0.00510	0.00904	0.01590	0.00916	0.01263
3	0.42738	0.01772	0.01614	0.01403	0.02004	0.01915	0.01141	0.03381	0.02133	0.15034	0.02430	0.02564	0.01771	0.01100	0.00754	0.00310	0.00766	0.00758	0.15169	0.01242
4	0.42811	0.02052	0.02090	0.01781	0.02330	0.02391	0.01474	0.03398	0.02007	0.14738	0.01995	0.02220	0.01491	0.01231	0.01331	0.00356	0.13534	0.00745	0.00745	0.01279
5	0.02251	0.01200	0.01626	0.01456	0.01776	0.01099	0.01099	0.02539	0.02676	0.14905	0.34017	0.06051	0.06791	0.02284	0.01786	0.14129	0.00668	0.01534	0.01053	0.01059
6	0.42093	0.01785	0.01623	0.01444	0.02040	0.01866	0.01135	0.02686	0.01927	0.04060	0.02430	0.13919	0.02405	0.01406	0.00821	0.00312	0.00770	0.01071	0.00714	0.15493
7	0.01999	0.02057	0.04176	0.03228	0.03883	0.01927	0.31241	0.02599	0.02302	0.03104	0.03657	0.27259	0.03822	0.01888	0.01290	0.00387	0.01301	0.01971	0.00719	0.01193
8	0.02035	0.01572	0.01807	0.01600	0.02073	0.01477	0.01214	0.12035	0.02796	0.03800	0.09132	0.23833	0.13923	0.02163	0.01145	0.00329	0.00736	0.01865	0.00936	0.15530
9	0.02148	0.01220	0.01593	0.01437	0.01801	0.01097	0.01099	0.02587	0.02883	0.15164	0.37599	0.11167	0.11795	0.02107	0.01216	0.00340	0.00595	0.01838	0.01167	0.01149
10	0.02474	0.01717	0.01924	0.01728	0.02166	0.01826	0.01330	0.13626	0.14091	0.06885	0.11022	0.15821	0.04465	0.01829	0.01085	0.00338	0.00752	0.01557	0.14045	0.01319
11	0.04041	0.02061	0.02749	0.13695	0.03739	0.02078	0.01927	0.14715	0.03255	0.35477	0.03367	0.03219	0.02202	0.01250	0.01061	0.00330	0.01058	0.01015	0.01088	0.01674
12	0.02328	0.02145	0.03411	0.15851	0.30643	0.02140	0.02635	0.02926	0.02305	0.03278	0.02240	0.03332	0.01961	0.01094	0.01027	0.00303	0.01164	0.04834	0.00571	0.15811
13	0.01707	0.01393	0.01871	0.14041	0.02992	0.01528	0.01533	0.02562	0.12518	0.03045	0.04688	0.37957	0.05059	0.02460	0.01233	0.00399	0.00826	0.02207	0.00892	0.01089
14	0.02857	0.01772	0.06494	0.01851	0.02356	0.01464	0.01554	0.03227	0.02440	0.25088	0.04702	0.26018	0.06562	0.02154	0.01365	0.00379	0.05533	0.01824	0.01032	0.01329
15	0.08055	0.06200	0.20958	0.03218	0.04305	0.02433	0.23148	0.03342	0.02348	0.07596	0.02404	0.06857	0.01942	0.01142	0.01090	0.00344	0.01451	0.01129	0.00606	0.01430
16	0.02345	0.06321	0.03160	0.44443	0.05996	0.02371	0.02567	0.05521	0.02338	0.07356	0.02325	0.06571	0.01882	0.01222	0.01049	0.00344	0.01284	0.01055	0.00601	0.01252
17	0.61155	0.02351	0.05690	0.01574	0.02306	0.02436	0.01400	0.06289	0.02033	0.04765	0.01571	0.01807	0.01201	0.01001	0.00705	0.00327	0.00894	0.00612	0.00665	0.01217
18	0.01708	0.01365	0.01523	0.01513	0.01636	0.05309	0.01052	0.01896	0.01743	0.02293	0.03107	0.05681	0.03287	0.34434	0.25742	0.01212	0.01794	0.03272	0.00618	0.00815
19	0.02286	0.11970	0.03576	0.39945	0.10186	0.05217	0.02632	0.02890	0.02190	0.02773	0.01811	0.02539	0.01431	0.01007	0.00973	0.00313	0.01335	0.00848	0.00485	0.05593

[dist]
# distance from previous block
# <min> <max>
0	4

[block]
# block no. 1 follows, 13 sequences, length 11
# corresponding to MSA columns:
# 122-132
name=unknown_B
#
# <colnr> <probs for GDERKNQSTAVLIFYWHMCP>
#	G	D	E	R	K	N	Q	S	T	A	V	L	I	F	Y	W	H	M	C	P
0	0.02064	0.01311	0.01685	0.01446	0.01886	0.01142	0.01117	0.02546	0.02868	0.11510	0.39769	0.06373	0.07585	0.01819	0.01146	0.00303	0.00601	0.01585	0.01097	0.12144
1	0.02006	0.01700	0.02610	0.25027	0.11263	0.01963	0.02152	0.02573	0.02301	0.03308	0.13326	0.03979	0.03441	0.01384	0.01300	0.00338	0.07362	0.01149	0.11645	0.01173
2	0.13378	0.01716	0.02104	0.01681	0.02402	0.01562	0.01375	0.04279	0.02755	0.40908	0.04849	0.04397	0.11005	0.01484	0.01036	0.00332	0.00829	0.01183	0.01164	0.01561
3	0.01362	0.01011	0.01280	0.01417	0.01591	0.00929	0.01025	0.01653	0.02321	0.03060	0.15847	0.36575	0.17191	0.02935	0.01323	0.00403	0.00615	0.07545	0.01014	0.00903
4	0.03064	0.12680	0.02818	0.01836	0.02445	0.02552	0.01503	0.21956	0.06133	0.08235	0.02840	0.03475	0.02334	0.11159	0.01642	0.00408	0.00993	0.01007	0.11519	0.01400
5	0.01997	0.01879	0.03171	0.60301	0.07282	0.02349	0.02936	0.02701	0.02114	0.02701	0.01879	0.02819	0.01409	0.01057	0.01057	0.00352	0.01409	0.00940	0.00470	0.01175
6	0.15320	0.02620	0.02662	0.10222	0.03458	0.08446	0.01838	0.20671	0.03225	0.07921	0.02154	0.02374	0.01594	0.01093	0.00930	0.00294	0.01137	0.00808	0.00795	0.12438
7	0.02318	0.02288	0.09443	0.24772	0.10167	0.02105	0.02473	0.08150	0.02508	0.06760	0.02971	0.15666	0.02764	0.01569	0.01114	0.00358	0.01179	0.01380	0.00701	0.01314
8	0.10803	0.10223	0.18615	0.02793	0.09677	0.02730	0.02472	0.10539	0.10990	0.04075	0.02286	0.02473	0.01741	0.01076	0.00936	0.00310	0.01168	0.00833	0.00679	0.05580
9	0.07079	0.02677	0.03000	0.15274	0.12888	0.12107	0.02249	0.07504	0.11743	0.11127	0.02623	0.02848	0.01945	0.01155	0.01018	0.00326	0.01246	0.00937	0.00768	0.01486
10	0.23299	0.02070	0.05900	0.11796	0.03262	0.01916	0.01717	0.03220	0.02302	0.13348	0.08290	0.03059	0.02540	0.01157	0.00909	0.00305	0.00944	0.00899	0.00778	0.12289

[dist]
# distance from previous block
# <min> <max>
6	24

[block]
# block no. 2 follows, 13 sequences, length 13
# corresponding to MSA columns:
# 157-169
name=unknown_C
#
# <colnr> <probs for GDERKNQSTAVLIFYWHMCP>
#	G	D	E	R	K	N	Q	S	T	A	V	L	I	F	Y	W	H	M	C	P
0	0.06516	0.03436	0.22762	0.15737	0.04600	0.02526	0.05755	0.14229	0.02865	0.04094	0.05688	0.02826	0.02051	0.01147	0.01039	0.00336	0.01335	0.00948	0.00656	0.01457
1	0.01925	0.01346	0.01640	0.01498	0.01861	0.01323	0.01145	0.02843	0.12104	0.08143	0.39227	0.07042	0.11702	0.02007	0.01203	0.00339	0.00592	0.01745	0.01145	0.01171
2	0.13425	0.01700	0.02010	0.08112	0.02690	0.01800	0.01431	0.03579	0.11922	0.16161	0.10925	0.04461	0.03645	0.11618	0.01746	0.00453	0.00894	0.01200	0.00937	0.01293
3	0.19814	0.02192	0.08338	0.02073	0.07303	0.01822	0.01634	0.05269	0.02297	0.03752	0.04115	0.09333	0.13830	0.01547	0.00968	0.00314	0.00877	0.01245	0.00737	0.12541
4	0.09608	0.01682	0.02088	0.01720	0.02347	0.01599	0.01382	0.04177	0.08580	0.32365	0.17666	0.04611	0.04511	0.01520	0.01076	0.00332	0.00778	0.01259	0.01185	0.01512
5	0.02827	0.63478	0.05540	0.01809	0.02714	0.04184	0.01809	0.03166	0.02148	0.02488	0.01470	0.01696	0.01357	0.00905	0.00678	0.00226	0.01131	0.00565	0.00452	0.01357
6	0.01777	0.01063	0.01338	0.01383	0.01583	0.01004	0.00999	0.02106	0.02321	0.07354	0.15315	0.26746	0.06099	0.07988	0.01568	0.00425	0.00651	0.05229	0.14081	0.00971
7	0.01997	0.01879	0.03171	0.60301	0.07282	0.02349	0.02936	0.02701	0.02114	0.02701	0.01879	0.02819	0.01409	0.01057	0.01057	0.00352	0.01409	0.00940	0.00470	0.01175
8	0.02643	0.41214	0.15230	0.02312	0.03329	0.03572	0.06800	0.03447	0.07012	0.02913	0.01874	0.02111	0.01549	0.00971	0.00829	0.00271	0.01246	0.00727	0.00516	0.01432
9	0.02764	0.02523	0.13863	0.11743	0.03716	0.01813	0.02175	0.03404	0.02360	0.17773	0.02613	0.02905	0.01898	0.01808	0.07350	0.00443	0.01308	0.00886	0.00742	0.17910
10	0.03981	0.02354	0.03014	0.07449	0.09520	0.02421	0.02046	0.23778	0.03658	0.26150	0.03075	0.02996	0.02080	0.01230	0.01059	0.00324	0.01089	0.00994	0.01048	0.01733
11	0.03344	0.09442	0.02944	0.02127	0.02856	0.02764	0.01744	0.15870	0.27988	0.14092	0.03553	0.03305	0.02579	0.01313	0.01023	0.00328	0.00956	0.01044	0.01041	0.01687
12	0.01398	0.01032	0.01321	0.01449	0.01635	0.00956	0.01074	0.01718	0.02379	0.03153	0.17939	0.32422	0.16046	0.02876	0.01327	0.00404	0.00634	0.10299	0.01022	0.00915

[dist]
# distance from previous block
# <min> <max>
3	14

[block]
# block no. 3 follows, 13 sequences, length 19
# corresponding to MSA columns:
# 184-202
name=unknown_D
#
# <colnr> <probs for GDERKNQSTAVLIFYWHMCP>
#	G	D	E	R	K	N	Q	S	T	A	V	L	I	F	Y	W	H	M	C	P
0	0.02614	0.11669	0.02447	0.01718	0.02212	0.02051	0.01375	0.03643	0.16292	0.12456	0.03857	0.10879	0.03432	0.09317	0.01569	0.00419	0.00867	0.04090	0.07779	0.01312
1	0.07539	0.10643	0.21261	0.03355	0.09772	0.02575	0.16515	0.03171	0.02358	0.03465	0.07328	0.02915	0.02310	0.01070	0.01035	0.00325	0.01374	0.01001	0.00569	0.01423
2	0.43474	0.06614	0.02097	0.06555	0.02579	0.02256	0.01386	0.03213	0.02138	0.10901	0.07777	0.02723	0.02335	0.01152	0.00807	0.00322	0.00868	0.00812	0.00761	0.01230
3	0.01467	0.01080	0.01373	0.01300	0.01562	0.00985	0.00975	0.01939	0.02924	0.04077	0.50382	0.08167	0.15384	0.02222	0.01247	0.00335	0.00503	0.01950	0.01142	0.00985
4	0.03062	0.19020	0.08018	0.07312	0.03543	0.02689	0.08304	0.09308	0.02807	0.14953	0.08253	0.03162	0.02654	0.01190	0.00996	0.00306	0.01155	0.00999	0.00795	0.01472
5	0.10186	0.08567	0.02714	0.01831	0.02644	0.01912	0.01547	0.04759	0.02824	0.46516	0.03643	0.03228	0.02352	0.01236	0.00986	0.00316	0.00918	0.00967	0.01159	0.01695
6	0.01444	0.01079	0.01341	0.01276	0.01548	0.00976	0.00957	0.01895	0.02870	0.03949	0.46223	0.08377	0.19624	0.02270	0.01248	0.00338	0.00507	0.01979	0.01126	0.00976
7	0.02416	0.01230	0.01551	0.01371	0.01758	0.01130	0.01063	0.02891	0.02791	0.17006	0.28988	0.05779	0.06215	0.01702	0.01065	0.00308	0.00595	0.01454	0.19498	0.01190
8	0.02505	0.01281	0.01380	0.01237	0.01612	0.01284	0.00964	0.07861	0.02591	0.10474	0.03442	0.03760	0.02607	0.01245	0.00810	0.00263	0.00609	0.00991	0.53921	0.01164
9	0.02428	0.01147	0.01308	0.01192	0.01544	0.01092	0.00920	0.02906	0.02459	0.13796	0.09746	0.04345	0.03550	0.01356	0.00859	0.00271	0.00569	0.01109	0.48264	0.01138
10	0.02033	0.01650	0.01889	0.01858	0.02230	0.01805	0.01420	0.03692	0.28377	0.03777	0.10075	0.21203	0.05294	0.02206	0.01216	0.00391	0.00759	0.07782	0.01046	0.01295
11	0.70310	0.02045	0.01554	0.01390	0.02045	0.02372	0.01145	0.03108	0.01799	0.04744	0.01472	0.01718	0.01145	0.00981	0.00654	0.00327	0.00818	0.00573	0.00654	0.01145
12	0.02630	0.02271	0.02391	0.02152	0.02749	0.02630	0.01674	0.05618	0.54336	0.04423	0.04303	0.03945	0.03228	0.01434	0.01076	0.00359	0.00837	0.01195	0.01076	0.01674
13	0.02630	0.02271	0.02391	0.02152	0.02749	0.02630	0.01674	0.05618	0.54336	0.04423	0.04303	0.03945	0.03228	0.01434	0.01076	0.00359	0.00837	0.01195	0.01076	0.01674
14	0.04744	0.01799	0.02454	0.01881	0.02699	0.01554	0.01554	0.05153	0.03026	0.56979	0.04171	0.03599	0.02617	0.01309	0.01063	0.00327	0.00900	0.01063	0.01309	0.01799
15	0.01538	0.01025	0.01153	0.01153	0.01153	0.01025	0.00641	0.01538	0.01538	0.02050	0.03331	0.06919	0.03844	0.62842	0.05382	0.01025	0.01025	0.01538	0.00641	0.00641
16	0.02192	0.01879	0.02192	0.01566	0.02506	0.01409	0.01253	0.02662	0.02192	0.03445	0.01879	0.02192	0.01566	0.00783	0.00783	0.00157	0.00783	0.00626	0.00626	0.69305
17	0.03845	0.02875	0.03075	0.02397	0.03212	0.03197	0.01967	0.46804	0.11172	0.06382	0.02760	0.02715	0.01978	0.01290	0.01060	0.00322	0.01122	0.00983	0.01060	0.01782
18	0.03267	0.02217	0.03271	0.03268	0.15288	0.02163	0.07511	0.13884	0.03057	0.18160	0.03172	0.10338	0.02603	0.01390	0.01097	0.00328	0.01090	0.01250	0.00908	0.05738

[dist]
# distance from previous block
# <min> <max>
5	33

[block]
# block no. 4 follows, 13 sequences, length 14
# corresponding to MSA columns:
# 241-254
name=unknown_E
#
# <colnr> <probs for GDERKNQSTAVLIFYWHMCP>
#	G	D	E	R	K	N	Q	S	T	A	V	L	I	F	Y	W	H	M	C	P
0	0.03950	0.05039	0.02996	0.02724	0.03269	0.58597	0.02043	0.04222	0.02996	0.02588	0.01634	0.01907	0.01362	0.01090	0.00953	0.00272	0.01907	0.00681	0.00545	0.01226
1	0.48045	0.02463	0.01906	0.01714	0.02343	0.09390	0.01366	0.03767	0.12850	0.04410	0.02080	0.02203	0.01604	0.01089	0.00779	0.00327	0.00957	0.00715	0.00728	0.01265
2	0.02192	0.01879	0.02192	0.01566	0.02506	0.01409	0.01253	0.02662	0.02192	0.03445	0.01879	0.02192	0.01566	0.00783	0.00783	0.00157	0.00783	0.00626	0.00626	0.69305
3	0.02630	0.03689	0.30593	0.19032	0.04954	0.02238	0.03143	0.03539	0.02364	0.14294	0.02364	0.02682	0.01624	0.01083	0.01032	0.00338	0.01382	0.00885	0.00632	0.01502
4	0.03775	0.03035	0.07705	0.02836	0.03721	0.13831	0.15543	0.04347	0.02817	0.27155	0.02923	0.02942	0.01986	0.01128	0.01086	0.00324	0.01398	0.01012	0.00876	0.01561
5	0.02395	0.02024	0.02188	0.01981	0.02507	0.02291	0.01533	0.04866	0.43681	0.04385	0.14967	0.04765	0.04628	0.01585	0.01111	0.00353	0.00767	0.01344	0.01094	0.01533
6	0.03060	0.51351	0.05013	0.01999	0.02829	0.15476	0.01858	0.03385	0.02324	0.02508	0.01504	0.01740	0.01358	0.00943	0.00735	0.00236	0.01292	0.00589	0.00471	0.01330
7	0.01776	0.06625	0.13343	0.01818	0.02267	0.01589	0.01684	0.02082	0.01803	0.02500	0.02801	0.11724	0.02850	0.10834	0.16822	0.15149	0.01524	0.01279	0.00577	0.00955
8	0.02133	0.01228	0.01578	0.01406	0.01789	0.01097	0.01084	0.02579	0.02912	0.14977	0.38250	0.07347	0.15327	0.02062	0.01209	0.00335	0.00588	0.01784	0.01167	0.01148
9	0.29741	0.02239	0.02322	0.01856	0.02620	0.02381	0.01532	0.18508	0.03133	0.21935	0.02648	0.02560	0.01808	0.01171	0.00904	0.00324	0.00947	0.00841	0.00982	0.01547
10	0.10381	0.01924	0.02072	0.01882	0.02413	0.02134	0.01484	0.04398	0.31892	0.07793	0.13347	0.04942	0.04367	0.01610	0.01084	0.00357	0.00787	0.04632	0.01051	0.01449
11	0.03065	0.02218	0.03301	0.28518	0.08833	0.02443	0.05496	0.14820	0.02994	0.14108	0.02494	0.02891	0.01761	0.01136	0.01069	0.00337	0.01267	0.00985	0.00774	0.01489
12	0.03833	0.03899	0.02669	0.02366	0.02904	0.40054	0.01778	0.04102	0.02833	0.13812	0.02358	0.02842	0.01912	0.08328	0.01492	0.00371	0.01595	0.00860	0.00714	0.01277
13	0.01355	0.00977	0.01319	0.01471	0.01584	0.00940	0.01024	0.01624	0.02178	0.02975	0.15337	0.44670	0.07076	0.03623	0.08003	0.00558	0.00849	0.02571	0.00969	0.00896

[dist]
# distance from previous block
# <min> <max>
5	22

[block]
# block no. 5 follows, 13 sequences, length 41
# corresponding to MSA columns:
# 277-317
name=unknown_F
#
# <colnr> <probs for GDERKNQSTAVLIFYWHMCP>
#	G	D	E	R	K	N	Q	S	T	A	V	L	I	F	Y	W	H	M	C	P
0	0.02298	0.01323	0.01842	0.01919	0.06274	0.01214	0.01307	0.02700	0.02687	0.16222	0.25437	0.21367	0.06742	0.02177	0.01215	0.00356	0.00687	0.01933	0.01096	0.01204
1	0.02934	0.02411	0.03968	0.11145	0.36487	0.02443	0.06072	0.07465	0.02671	0.10600	0.02316	0.02775	0.01775	0.01025	0.01064	0.00323	0.01253	0.00978	0.00664	0.01632
2	0.02022	0.01879	0.03044	0.52653	0.06660	0.02227	0.02717	0.02696	0.02124	0.02798	0.01879	0.02737	0.01430	0.01021	0.01021	0.00327	0.01328	0.00899	0.00490	0.10046
3	0.01507	0.01030	0.01144	0.01144	0.01182	0.01011	0.00658	0.01535	0.01630	0.02136	0.04115	0.07265	0.09365	0.56451	0.04943	0.00954	0.00973	0.01611	0.00677	0.00667
4	0.01475	0.01080	0.01383	0.01307	0.01566	0.00988	0.00980	0.01953	0.02941	0.04117	0.51702	0.08100	0.14040	0.02207	0.01247	0.00335	0.00502	0.01940	0.01148	0.00988
5	0.01329	0.00948	0.01262	0.01465	0.01533	0.00914	0.00983	0.01515	0.01954	0.02622	0.05350	0.52318	0.06340	0.08780	0.06772	0.00593	0.00845	0.02715	0.00916	0.00848
6	0.01706	0.01322	0.01584	0.01476	0.01805	0.01320	0.01119	0.02692	0.13369	0.04165	0.41602	0.07280	0.12331	0.02056	0.01212	0.00340	0.00570	0.01793	0.01131	0.01126
7	0.03280	0.02594	0.02757	0.02283	0.02997	0.02934	0.01831	0.27673	0.31222	0.05472	0.03477	0.03286	0.02558	0.01357	0.01067	0.00339	0.00990	0.01081	0.01067	0.01732
8	0.04019	0.02962	0.03173	0.02433	0.03279	0.03279	0.02010	0.52721	0.04971	0.06663	0.02538	0.02538	0.01798	0.01269	0.01058	0.00317	0.01163	0.00952	0.01058	0.01798
9	0.02840	0.01383	0.01816	0.01535	0.02036	0.01221	0.01212	0.03277	0.02945	0.26341	0.29177	0.06326	0.11742	0.01857	0.01170	0.00333	0.00672	0.01588	0.01206	0.01325
10	0.70310	0.02045	0.01554	0.01390	0.02045	0.02372	0.01145	0.03108	0.01799	0.04744	0.01472	0.01718	0.01145	0.00981	0.00654	0.00327	0.00818	0.00573	0.00654	0.01145
11	0.01496	0.01081	0.01413	0.01330	0.01580	0.00998	0.00998	0.01995	0.02993	0.04240	0.55689	0.07898	0.09976	0.02162	0.01247	0.00333	0.00499	0.01912	0.01164	0.00998
12	0.02170	0.08579	0.31272	0.02617	0.03690	0.02398	0.05975	0.03480	0.11980	0.03387	0.02922	0.11570	0.02563	0.01417	0.01060	0.00346	0.01264	0.01207	0.00651	0.01453
13	0.01997	0.01879	0.03171	0.60301	0.07282	0.02349	0.02936	0.02701	0.02114	0.02701	0.01879	0.02819	0.01409	0.01057	0.01057	0.00352	0.01409	0.00940	0.00470	0.01175
14	0.02911	0.02109	0.02634	0.02170	0.02757	0.02258	0.06016	0.13963	0.20370	0.11083	0.03473	0.04068	0.02791	0.12835	0.05269	0.00546	0.01147	0.01192	0.00946	0.01463
15	0.07005	0.26301	0.03957	0.06322	0.09374	0.16002	0.02043	0.03747	0.10062	0.03058	0.02013	0.02257	0.01662	0.01044	0.00866	0.00281	0.01279	0.00753	0.00587	0.01387
16	0.02269	0.02971	0.16688	0.16810	0.08218	0.02331	0.14049	0.07006	0.02612	0.03615	0.10103	0.03414	0.02775	0.01183	0.01116	0.00341	0.01364	0.01119	0.00635	0.01381
17	0.01546	0.01107	0.01432	0.01562	0.01726	0.01055	0.01161	0.01807	0.02057	0.02748	0.04899	0.28100	0.05585	0.17301	0.02318	0.00574	0.00845	0.18093	0.00874	0.05209
18	0.02192	0.01879	0.02192	0.01566	0.02506	0.01409	0.01253	0.02662	0.02192	0.03445	0.01879	0.02192	0.01566	0.00783	0.00783	0.00157	0.00783	0.00626	0.00626	0.69305
19	0.01558	0.01038	0.01289	0.01289	0.01328	0.01078	0.00809	0.01597	0.01558	0.02117	0.03093	0.06006	0.03412	0.45985	0.16536	0.07214	0.01398	0.01397	0.00609	0.00689
20	0.03030	0.02095	0.02236	0.01884	0.02434	0.06323	0.01484	0.18604	0.03480	0.14123	0.17193	0.10879	0.08089	0.01799	0.01142	0.00334	0.00905	0.01497	0.01077	0.01390
21	0.01297	0.01073	0.01137	0.01121	0.01457	0.00913	0.00840	0.01609	0.02521	0.03121	0.19311	0.09740	0.47053	0.02579	0.01249	0.00352	0.00529	0.02170	0.01017	0.00913
22	0.01288	0.00920	0.01227	0.01472	0.01534	0.00859	0.00981	0.01472	0.02024	0.02699	0.05828	0.62152	0.06993	0.03312	0.01350	0.00429	0.00613	0.03006	0.00981	0.00859
23	0.03950	0.05039	0.02996	0.02724	0.03269	0.58597	0.02043	0.04222	0.02996	0.02588	0.01634	0.01907	0.01362	0.01090	0.00953	0.00272	0.01907	0.00681	0.00545	0.01226
24	0.02880	0.01481	0.01905	0.01734	0.02166	0.01395	0.01312	0.08753	0.02735	0.23207	0.04836	0.33636	0.04776	0.02336	0.01210	0.00379	0.00783	0.02051	0.01111	0.01315
25	0.10492	0.01158	0.01205	0.01184	0.01269	0.01200	0.00706	0.01742	0.01572	0.02401	0.03089	0.06242	0.03493	0.54787	0.04766	0.00934	0.00998	0.01412	0.00642	0.00706
26	0.70310	0.02045	0.01554	0.01390	0.02045	0.02372	0.01145	0.03108	0.01799	0.04744	0.01472	0.01718	0.01145	0.00981	0.00654	0.00327	0.00818	0.00573	0.00654	0.01145
27	0.01496	0.01081	0.01413	0.01330	0.01580	0.00998	0.00998	0.01995	0.02993	0.04240	0.55689	0.07898	0.09976	0.02162	0.01247	0.00333	0.00499	0.01912	0.01164	0.00998
28	0.01288	0.00920	0.01227	0.01472	0.01534	0.00859	0.00981	0.01472	0.02024	0.02699	0.05828	0.62152	0.06993	0.03312	0.01350	0.00429	0.00613	0.03006	0.00981	0.00859
29	0.02619	0.02481	0.04044	0.05925	0.49281	0.02527	0.03040	0.03554	0.09169	0.03580	0.02290	0.02790	0.01877	0.01006	0.01051	0.00320	0.01201	0.00975	0.00595	0.01675
30	0.01986	0.01167	0.01648	0.01574	0.01781	0.01236	0.01165	0.02171	0.01794	0.09386	0.02949	0.04451	0.02740	0.16578	0.33099	0.11563	0.01958	0.01166	0.00661	0.00926
31	0.02498	0.02344	0.03955	0.05898	0.49208	0.02344	0.03044	0.03108	0.02411	0.03416	0.02459	0.03829	0.02249	0.01200	0.01101	0.00337	0.01219	0.07217	0.00582	0.01583
32	0.02695	0.01910	0.03090	0.42257	0.10048	0.02174	0.02634	0.03324	0.02353	0.15594	0.02430	0.02987	0.01716	0.01108	0.01058	0.00343	0.01277	0.00969	0.00672	0.01362
33	0.02824	0.17160	0.11795	0.02820	0.11776	0.02406	0.02294	0.03397	0.02454	0.14317	0.03138	0.04688	0.02761	0.01476	0.01051	0.00339	0.01134	0.11965	0.00762	0.01445
34	0.25138	0.02445	0.02521	0.01995	0.02775	0.02656	0.01647	0.27750	0.03588	0.15863	0.02519	0.02485	0.01751	0.01186	0.00931	0.00322	0.01003	0.00854	0.00979	0.01592
35	0.02121	0.05469	0.57364	0.03014	0.04576	0.02455	0.03906	0.03348	0.02232	0.03348	0.01897	0.02232	0.01339	0.01005	0.01005	0.00335	0.01563	0.00781	0.00446	0.01563
36	0.07848	0.02399	0.08235	0.06734	0.11560	0.02092	0.16928	0.03181	0.02412	0.10336	0.03473	0.07539	0.07062	0.01400	0.01134	0.00354	0.01246	0.03963	0.00723	0.01378
37	0.02635	0.02152	0.09091	0.02084	0.02572	0.01969	0.01854	0.03264	0.05686	0.15897	0.07256	0.08745	0.03180	0.02185	0.06327	0.00477	0.15452	0.01242	0.06609	0.01322
38	0.01328	0.00951	0.01262	0.01445	0.01542	0.00885	0.00985	0.01572	0.02209	0.02994	0.15361	0.51779	0.07563	0.03092	0.01330	0.00411	0.00592	0.02797	0.01016	0.00885
39	0.02041	0.03886	0.33670	0.10406	0.04560	0.02221	0.10199	0.03012	0.02323	0.03325	0.07883	0.06643	0.02648	0.01259	0.01093	0.00346	0.01403	0.01124	0.00571	0.01390
40	0.13794	0.08902	0.03343	0.02318	0.03139	0.07085	0.09720	0.07170	0.02782	0.27192	0.02844	0.02790	0.01947	0.01129	0.00982	0.00316	0.01155	0.00928	0.00917	0.01547

[dist]
# distance from previous block
# <min> <max>
0	6

[block]
# block no. 6 follows, 13 sequences, length 43
# corresponding to MSA columns:
# 324-366
name=unknown_G
#
# <colnr> <probs for GDERKNQSTAVLIFYWHMCP>
#	G	D	E	R	K	N	Q	S	T	A	V	L	I	F	Y	W	H	M	C	P
0	0.03886	0.09722	0.03438	0.02363	0.03216	0.03380	0.01987	0.47185	0.04656	0.06197	0.02419	0.02444	0.01749	0.01228	0.01015	0.00307	0.01160	0.00909	0.00990	0.01749
1	0.62749	0.02070	0.01647	0.01475	0.02123	0.02401	0.01204	0.03388	0.07669	0.04708	0.01789	0.01966	0.01378	0.01032	0.00701	0.00331	0.00820	0.00642	0.00701	0.01204
2	0.01325	0.00955	0.01216	0.01392	0.01484	0.00889	0.00928	0.01516	0.02064	0.02735	0.09035	0.47987	0.11219	0.09835	0.01785	0.00484	0.00645	0.02705	0.00955	0.00846
3	0.02635	0.09028	0.02659	0.01721	0.02612	0.06692	0.01409	0.03068	0.02329	0.07858	0.02009	0.02233	0.01615	0.00868	0.00810	0.00189	0.00929	0.00662	0.00658	0.50016
4	0.01533	0.01118	0.01677	0.01677	0.01853	0.01294	0.01294	0.01853	0.01677	0.02412	0.02764	0.04089	0.02588	0.07638	0.54910	0.06335	0.02701	0.01118	0.00559	0.00911
5	0.02420	0.02055	0.02209	0.02024	0.02546	0.02340	0.01557	0.04958	0.45514	0.04264	0.08920	0.09114	0.04129	0.01654	0.01113	0.00362	0.00789	0.01408	0.01076	0.01547
6	0.01282	0.01072	0.01117	0.01106	0.01448	0.00907	0.00829	0.01581	0.02488	0.03041	0.16701	0.09872	0.49713	0.02609	0.01249	0.00354	0.00531	0.02189	0.01006	0.00907
7	0.01392	0.01027	0.01271	0.01308	0.01500	0.00939	0.00925	0.01710	0.02470	0.03332	0.27862	0.24286	0.17270	0.07863	0.01636	0.00426	0.00585	0.02264	0.01030	0.00906
8	0.01997	0.01879	0.03171	0.60301	0.07282	0.02349	0.02936	0.02701	0.02114	0.02701	0.01879	0.02819	0.01409	0.01057	0.01057	0.00352	0.01409	0.00940	0.00470	0.01175
9	0.02192	0.01879	0.02192	0.01566	0.02506	0.01409	0.01253	0.02662	0.02192	0.03445	0.01879	0.02192	0.01566	0.00783	0.00783	0.00157	0.00783	0.00626	0.00626	0.69305
10	0.59017	0.02382	0.01814	0.01593	0.02254	0.07361	0.01295	0.07317	0.02167	0.04714	0.01575	0.01802	0.01218	0.01015	0.00714	0.00322	0.00942	0.00613	0.00678	0.01206
11	0.01997	0.01879	0.03171	0.60301	0.07282	0.02349	0.02936	0.02701	0.02114	0.02701	0.01879	0.02819	0.01409	0.01057	0.01057	0.00352	0.01409	0.00940	0.00470	0.01175
12	0.01288	0.00920	0.01227	0.01472	0.01534	0.00859	0.00981	0.01472	0.02024	0.02699	0.05828	0.62152	0.06993	0.03312	0.01350	0.00429	0.00613	0.03006	0.00981	0.00859
13	0.02630	0.02271	0.02391	0.02152	0.02749	0.02630	0.01674	0.05618	0.54336	0.04423	0.04303	0.03945	0.03228	0.01434	0.01076	0.00359	0.00837	0.01195	0.01076	0.01674
14	0.02827	0.63478	0.05540	0.01809	0.02714	0.04184	0.01809	0.03166	0.02148	0.02488	0.01470	0.01696	0.01357	0.00905	0.00678	0.00226	0.01131	0.00565	0.00452	0.01357
15	0.70310	0.02045	0.01554	0.01390	0.02045	0.02372	0.01145	0.03108	0.01799	0.04744	0.01472	0.01718	0.01145	0.00981	0.00654	0.00327	0.00818	0.00573	0.00654	0.01145
16	0.02192	0.01879	0.02192	0.01566	0.02506	0.01409	0.01253	0.02662	0.02192	0.03445	0.01879	0.02192	0.01566	0.00783	0.00783	0.00157	0.00783	0.00626	0.00626	0.69305
17	0.01510	0.01133	0.01699	0.01699	0.01888	0.01322	0.01322	0.01888	0.01699	0.02454	0.02832	0.04154	0.02643	0.07930	0.58652	0.01699	0.02832	0.01133	0.00566	0.00944
18	0.02630	0.02271	0.02391	0.02152	0.02749	0.02630	0.01674	0.05618	0.54336	0.04423	0.04303	0.03945	0.03228	0.01434	0.01076	0.00359	0.00837	0.01195	0.01076	0.01674
19	0.04019	0.02962	0.03173	0.02433	0.03279	0.03279	0.02010	0.52721	0.04971	0.06663	0.02538	0.02538	0.01798	0.01269	0.01058	0.00317	0.01163	0.00952	0.01058	0.01798
20	0.01512	0.01125	0.01659	0.01659	0.01834	0.01300	0.01272	0.01862	0.01687	0.02425	0.02869	0.04356	0.02731	0.11956	0.54746	0.01650	0.02700	0.01162	0.00572	0.00922
21	0.02827	0.63478	0.05540	0.01809	0.02714	0.04184	0.01809	0.03166	0.02148	0.02488	0.01470	0.01696	0.01357	0.00905	0.00678	0.00226	0.01131	0.00565	0.00452	0.01357
22	0.01297	0.00973	0.01204	0.01357	0.01511	0.00880	0.00937	0.01531	0.02210	0.02878	0.11566	0.43957	0.19765	0.03046	0.01315	0.00402	0.00583	0.02709	0.00998	0.00880
23	0.03950	0.05039	0.02996	0.02724	0.03269	0.58597	0.02043	0.04222	0.02996	0.02588	0.01634	0.01907	0.01362	0.01090	0.00953	0.00272	0.01907	0.00681	0.00545	0.01226
24	0.02630	0.02271	0.02391	0.02152	0.02749	0.02630	0.01674	0.05618	0.54336	0.04423	0.04303	0.03945	0.03228	0.01434	0.01076	0.00359	0.00837	0.01195	0.01076	0.01674
25	0.01307	0.00935	0.01244	0.01459	0.01538	0.00871	0.00983	0.01519	0.02111	0.02838	0.10316	0.57268	0.07262	0.03209	0.01340	0.00421	0.00603	0.02907	0.00998	0.00871
26	0.01288	0.00920	0.01227	0.01472	0.01534	0.00859	0.00981	0.01472	0.02024	0.02699	0.05828	0.62152	0.06993	0.03312	0.01350	0.00429	0.00613	0.03006	0.00981	0.00859
27	0.02468	0.02508	0.04713	0.15389	0.31408	0.02535	0.18846	0.03194	0.02383	0.03299	0.02017	0.02728	0.01605	0.00946	0.01113	0.00334	0.01451	0.01039	0.00517	0.01507
28	0.10236	0.02372	0.02469	0.01983	0.02740	0.11337	0.01602	0.04819	0.02916	0.43235	0.03508	0.03149	0.02277	0.01243	0.01009	0.00318	0.01064	0.00956	0.01122	0.01646
29	0.02533	0.02169	0.02307	0.02081	0.02649	0.02490	0.01616	0.05307	0.49930	0.04407	0.08713	0.04284	0.03807	0.01497	0.01091	0.00356	0.00808	0.01257	0.01083	0.01616
30	0.04375	0.02391	0.02820	0.02162	0.02994	0.02432	0.01786	0.29365	0.04016	0.31368	0.03340	0.03059	0.02200	0.01289	0.01060	0.00322	0.01034	0.01007	0.01181	0.01799
31	0.62905	0.02147	0.01735	0.01507	0.02183	0.02473	0.01242	0.08651	0.02154	0.04958	0.01591	0.01809	0.01218	0.01014	0.00699	0.00326	0.00857	0.00615	0.00699	0.01218
32	0.03050	0.08154	0.09560	0.02992	0.09785	0.02825	0.06553	0.16117	0.17979	0.07809	0.02885	0.02940	0.02140	0.01186	0.01039	0.00327	0.01159	0.01001	0.00849	0.01651
33	0.02042	0.01926	0.03254	0.56343	0.10883	0.02361	0.02959	0.02741	0.02136	0.02757	0.01887	0.02804	0.01429	0.01049	0.01056	0.00350	0.01398	0.00940	0.00474	0.01211
34	0.02337	0.02493	0.05031	0.23549	0.10520	0.02550	0.31386	0.03142	0.02359	0.03160	0.02038	0.02820	0.01544	0.00952	0.01166	0.00351	0.01610	0.01117	0.00512	0.01362
35	0.03580	0.27680	0.04227	0.02275	0.03113	0.11936	0.07418	0.03993	0.02603	0.19938	0.02430	0.02464	0.01786	0.01061	0.00909	0.00280	0.01255	0.00819	0.00749	0.01484
36	0.01454	0.01079	0.01355	0.01286	0.01554	0.00980	0.00965	0.01914	0.02894	0.04004	0.48030	0.08286	0.17782	0.02249	0.01247	0.00337	0.00505	0.01966	0.01133	0.00980
37	0.02474	0.08730	0.15666	0.03539	0.04611	0.02759	0.29589	0.03739	0.11239	0.03475	0.02399	0.02811	0.01806	0.01007	0.01119	0.00341	0.01519	0.01085	0.00602	0.01489
38	0.01294	0.00982	0.01194	0.01333	0.01504	0.00882	0.00926	0.01532	0.02231	0.02883	0.11702	0.40951	0.22746	0.03011	0.01309	0.00398	0.00579	0.02665	0.00997	0.00882
39	0.12887	0.02488	0.02952	0.07857	0.09288	0.02688	0.02034	0.27686	0.03657	0.14367	0.02553	0.02643	0.01801	0.01181	0.01002	0.00323	0.01103	0.00917	0.00933	0.01639
40	0.06677	0.01492	0.01788	0.01678	0.02082	0.01456	0.01252	0.07016	0.06300	0.12930	0.04575	0.34190	0.04729	0.02312	0.01168	0.00370	0.00753	0.02025	0.01006	0.06202
41	0.25306	0.02127	0.02870	0.21999	0.08900	0.02491	0.05591	0.03174	0.06548	0.03642	0.01938	0.02486	0.01512	0.01109	0.01134	0.00350	0.06102	0.00858	0.00593	0.01267
42	0.02827	0.63478	0.05540	0.01809	0.02714	0.04184	0.01809	0.03166	0.02148	0.02488	0.01470	0.01696	0.01357	0.00905	0.00678	0.00226	0.01131	0.00565	0.00452	0.01357

[dist]
# distance from previous block
# <min> <max>
8	13

[block]
# block no. 7 follows, 13 sequences, length 20
# corresponding to MSA columns:
# 381-400
name=unknown_H
#
# <colnr> <probs for GDERKNQSTAVLIFYWHMCP>
#	G	D	E	R	K	N	Q	S	T	A	V	L	I	F	Y	W	H	M	C	P
0	0.19354	0.01314	0.01211	0.01188	0.01598	0.01278	0.00908	0.01931	0.02218	0.03338	0.07886	0.12256	0.37451	0.02286	0.01102	0.00355	0.00616	0.01861	0.00896	0.00956
1	0.03788	0.01907	0.02377	0.01882	0.02570	0.01837	0.01530	0.15882	0.03488	0.32143	0.16167	0.04377	0.04189	0.01504	0.01106	0.00326	0.00867	0.01241	0.01213	0.01606
2	0.14295	0.01260	0.01439	0.01341	0.01666	0.01253	0.01025	0.02202	0.02771	0.04334	0.45605	0.06748	0.08334	0.01942	0.01137	0.00332	0.00558	0.01663	0.01069	0.01025
3	0.04269	0.01814	0.02405	0.01823	0.02663	0.01527	0.01498	0.04690	0.02871	0.47022	0.03745	0.03337	0.02422	0.01211	0.01011	0.00295	0.00878	0.00982	0.01182	0.14355
4	0.02617	0.15363	0.33763	0.02872	0.04087	0.13220	0.07345	0.03482	0.02382	0.03059	0.01794	0.02131	0.01369	0.00993	0.00959	0.00306	0.01570	0.00765	0.00473	0.01452
5	0.03475	0.01465	0.01953	0.01672	0.02216	0.01298	0.01307	0.03828	0.02658	0.36062	0.04567	0.20270	0.03870	0.01870	0.01111	0.00348	0.00776	0.01607	0.08199	0.01448
6	0.02451	0.01474	0.01794	0.01577	0.02044	0.01419	0.01228	0.03357	0.12464	0.16752	0.27034	0.06468	0.13787	0.01898	0.01171	0.00340	0.00664	0.01622	0.01155	0.01301
7	0.02003	0.01198	0.01557	0.06345	0.02091	0.01168	0.01152	0.02509	0.02713	0.09492	0.31707	0.05955	0.06528	0.01729	0.01075	0.00311	0.00617	0.01492	0.19268	0.01093
8	0.02937	0.02410	0.04802	0.03495	0.04393	0.02234	0.34813	0.03620	0.02524	0.16138	0.02751	0.03453	0.02080	0.07410	0.01632	0.00419	0.01492	0.01233	0.00732	0.01434
9	0.03599	0.02079	0.02513	0.02039	0.02696	0.02154	0.01652	0.23417	0.03489	0.22629	0.03386	0.07550	0.02612	0.02671	0.11793	0.00586	0.01344	0.01173	0.01046	0.01571
10	0.01361	0.00982	0.01351	0.01551	0.01649	0.00972	0.01100	0.01604	0.01995	0.02689	0.05253	0.47542	0.06115	0.04141	0.12016	0.00670	0.01053	0.06168	0.00904	0.00883
11	0.02018	0.01647	0.06407	0.01697	0.02120	0.01308	0.01388	0.05895	0.02546	0.08998	0.13808	0.32464	0.05824	0.02367	0.01209	0.00365	0.00756	0.02094	0.00982	0.06107
12	0.02413	0.01960	0.02753	0.02283	0.02821	0.02015	0.10853	0.15718	0.08052	0.04144	0.04207	0.22128	0.06620	0.01936	0.01171	0.00360	0.00982	0.01754	0.06527	0.01302
13	0.09428	0.18511	0.10310	0.01852	0.02817	0.02392	0.01784	0.03314	0.02277	0.11599	0.02089	0.02239	0.01603	0.00945	0.00816	0.00241	0.00998	0.00693	0.00665	0.25426
14	0.03291	0.01952	0.02442	0.02022	0.02493	0.02107	0.01603	0.14524	0.02879	0.21641	0.03330	0.09681	0.02839	0.10784	0.02183	0.00465	0.12109	0.01284	0.00961	0.01409
15	0.02812	0.01483	0.01787	0.01578	0.02048	0.01456	0.01227	0.03713	0.12240	0.20339	0.11854	0.10138	0.04281	0.01636	0.01037	0.00323	0.00695	0.01385	0.18614	0.01354
16	0.02193	0.02062	0.10308	0.13610	0.03392	0.01654	0.01938	0.05134	0.02719	0.10252	0.23652	0.09889	0.05407	0.01717	0.01150	0.00344	0.00932	0.01490	0.00914	0.01243
17	0.33393	0.09054	0.02637	0.01986	0.02671	0.17941	0.01614	0.12643	0.02748	0.04296	0.01714	0.01919	0.01346	0.01057	0.00813	0.00301	0.01208	0.00672	0.00680	0.01309
18	0.02324	0.02214	0.03455	0.24572	0.20834	0.02635	0.02761	0.03118	0.07212	0.03065	0.02036	0.02749	0.01664	0.01245	0.01621	0.00367	0.15249	0.00962	0.00544	0.01373
19	0.08409	0.01947	0.02610	0.02519	0.09596	0.01980	0.01780	0.08670	0.02716	0.28122	0.03123	0.03344	0.02271	0.04673	0.08607	0.00536	0.05595	0.01019	0.00951	0.01533

[dist]
# distance from previous block
# <min> <max>
0	4

[block]
# block no. 8 follows, 13 sequences, length 8
# corresponding to MSA columns:
# 405-412
name=unknown_I
#
# <colnr> <probs for GDERKNQSTAVLIFYWHMCP>
#	G	D	E	R	K	N	Q	S	T	A	V	L	I	F	Y	W	H	M	C	P
0	0.01471	0.01089	0.01421	0.01413	0.01588	0.01139	0.01024	0.01744	0.01908	0.02595	0.09504	0.06280	0.12906	0.20638	0.29303	0.01158	0.01738	0.01504	0.00716	0.00862
1	0.03215	0.02300	0.07240	0.01908	0.02604	0.02099	0.01676	0.22263	0.03477	0.14166	0.07175	0.03498	0.02788	0.01312	0.00982	0.00302	0.00919	0.01040	0.19545	0.01492
2	0.01925	0.01890	0.01651	0.01676	0.01981	0.12916	0.01275	0.02242	0.02527	0.02984	0.12222	0.18815	0.20852	0.02456	0.01244	0.00374	0.00907	0.10171	0.00911	0.00981
3	0.36584	0.02115	0.01936	0.01629	0.02261	0.02375	0.01329	0.18123	0.02850	0.05171	0.02188	0.02407	0.01653	0.01119	0.00794	0.00308	0.00859	0.00770	0.14216	0.01313
4	0.03387	0.02998	0.03029	0.14438	0.04031	0.12599	0.02159	0.27131	0.11161	0.04811	0.02500	0.02690	0.01848	0.01218	0.01042	0.00323	0.01296	0.00937	0.00849	0.01551
5	0.02636	0.02625	0.02666	0.09041	0.09734	0.13903	0.01965	0.04088	0.22659	0.03703	0.12123	0.03922	0.03622	0.01387	0.01075	0.00330	0.01114	0.01154	0.00847	0.01409
6	0.02104	0.07789	0.27861	0.02694	0.03781	0.02306	0.11323	0.03185	0.07410	0.03299	0.03972	0.04117	0.12864	0.01367	0.01082	0.00338	0.01287	0.01189	0.00635	0.01397
7	0.56278	0.02142	0.02121	0.02447	0.13280	0.02401	0.01580	0.03136	0.01925	0.04476	0.01579	0.01904	0.01255	0.00973	0.00736	0.00324	0.00909	0.00649	0.00627	0.01255

[dist]
# distance from previous block
# <min> <max>
1	8

[block]
# block no. 9 follows, 13 sequences, length 7
# corresponding to MSA columns:
# 421-427
name=unknown_J
#
# <colnr> <probs for GDERKNQSTAVLIFYWHMCP>
#	G	D	E	R	K	N	Q	S	T	A	V	L	I	F	Y	W	H	M	C	P
0	0.33846	0.05873	0.02722	0.01981	0.02770	0.02305	0.07623	0.06272	0.02407	0.17634	0.02315	0.02401	0.01645	0.01052	0.00861	0.00314	0.00992	0.00802	0.00812	0.05375
1	0.02568	0.02507	0.07593	0.20638	0.31572	0.02400	0.06427	0.03259	0.02368	0.07381	0.02132	0.02739	0.01647	0.01003	0.01062	0.00330	0.01328	0.00961	0.00565	0.01521
2	0.02010	0.01520	0.01539	0.01502	0.01650	0.08901	0.01051	0.01800	0.01811	0.02147	0.03608	0.04445	0.12717	0.03113	0.03107	0.45719	0.00978	0.01152	0.00577	0.00653
3	0.07610	0.05558	0.12559	0.02998	0.09862	0.02524	0.08429	0.10097	0.05762	0.03921	0.02086	0.02438	0.01627	0.01053	0.01135	0.00301	0.05269	0.00861	0.00643	0.15268
4	0.03085	0.02091	0.06555	0.07001	0.09254	0.01852	0.01947	0.10232	0.02832	0.21387	0.03776	0.18470	0.03348	0.01742	0.01131	0.00353	0.00992	0.01511	0.00968	0.01473
5	0.02021	0.01124	0.01454	0.01482	0.01709	0.01025	0.01037	0.02231	0.02188	0.13627	0.05504	0.38815	0.09252	0.11104	0.01843	0.00486	0.00723	0.02352	0.01001	0.01022
6	0.01479	0.01034	0.01137	0.01137	0.01209	0.00998	0.00674	0.01533	0.01714	0.02214	0.04828	0.07579	0.14383	0.50642	0.04544	0.00890	0.00926	0.01678	0.00710	0.00692

[dist]
# distance from previous block
# <min> <max>
0	378

# created by:
# /st0/software/busco_prod/Augustus/scripts/msa2prfl.pl ./align_prep/4872.fa
