[name]
unknown

[dist]
# distance from previous block
# <min> <max>
0	70

[block]
# block no. 0 follows, 14 sequences, length 12
# corresponding to MSA columns:
# 73-84
name=unknown_A
#
# <colnr> <probs for GDERKNQSTAVLIFYWHMCP>
#	G	D	E	R	K	N	Q	S	T	A	V	L	I	F	Y	W	H	M	C	P
0	0.02687	0.02171	0.02305	0.17360	0.03531	0.12448	0.01731	0.03164	0.02469	0.11897	0.08206	0.03297	0.02639	0.01174	0.00945	0.00280	0.01069	0.00950	0.11210	0.10467
1	0.02376	0.07020	0.02399	0.14707	0.03215	0.01762	0.01613	0.05761	0.02442	0.12455	0.07407	0.15641	0.07324	0.01660	0.01045	0.00316	0.00894	0.01422	0.00827	0.09714
2	0.03142	0.06776	0.02859	0.07362	0.03075	0.01976	0.06791	0.10312	0.02932	0.22718	0.12866	0.03855	0.03446	0.01318	0.01030	0.00309	0.00957	0.01132	0.05721	0.01425
3	0.03334	0.02014	0.03002	0.10209	0.03567	0.01975	0.09307	0.12024	0.02833	0.24189	0.02797	0.02970	0.01951	0.01362	0.01333	0.07302	0.01100	0.00977	0.00876	0.06879
4	0.02932	0.01838	0.02395	0.14551	0.03416	0.01948	0.01760	0.13391	0.07737	0.18207	0.08799	0.11876	0.03492	0.01575	0.01087	0.00338	0.00946	0.01341	0.00970	0.01401
5	0.02834	0.02325	0.02802	0.11084	0.03446	0.11109	0.08643	0.08521	0.02695	0.11453	0.06844	0.03466	0.02575	0.06115	0.01338	0.00354	0.01179	0.01041	0.07655	0.04521
6	0.17381	0.02226	0.07620	0.02876	0.16016	0.01933	0.01987	0.03713	0.02471	0.24031	0.07382	0.03124	0.02528	0.01162	0.00956	0.00316	0.00966	0.00951	0.00864	0.01497
7	0.17319	0.12691	0.02975	0.02145	0.06602	0.02480	0.01673	0.13322	0.02864	0.24388	0.02630	0.02553	0.01832	0.01107	0.00887	0.00298	0.00968	0.00826	0.00901	0.01538
8	0.10385	0.22253	0.07251	0.01920	0.02780	0.02740	0.01779	0.12199	0.02805	0.22677	0.02534	0.02458	0.01789	0.01086	0.00868	0.00285	0.01024	0.00793	0.00843	0.01530
9	0.08421	0.06291	0.03241	0.13946	0.19127	0.02403	0.02258	0.11454	0.02708	0.13031	0.02275	0.02572	0.01685	0.01037	0.00953	0.00300	0.01104	0.00865	0.00722	0.05607
10	0.43437	0.01920	0.02137	0.25439	0.04021	0.02293	0.01808	0.02858	0.01869	0.03810	0.01587	0.02095	0.01214	0.00982	0.00792	0.00327	0.01024	0.00698	0.00563	0.01123
11	0.02102	0.01824	0.02255	0.09564	0.03054	0.01490	0.01435	0.02589	0.02118	0.03247	0.01824	0.02210	0.01500	0.00796	0.00796	0.00177	0.00842	0.00649	0.00588	0.60941

[dist]
# distance from previous block
# <min> <max>
0	6

[block]
# block no. 1 follows, 14 sequences, length 19
# corresponding to MSA columns:
# 91-109
name=unknown_B
#
# <colnr> <probs for GDERKNQSTAVLIFYWHMCP>
#	G	D	E	R	K	N	Q	S	T	A	V	L	I	F	Y	W	H	M	C	P
0	0.20635	0.01343	0.01610	0.01567	0.01874	0.01563	0.01236	0.02158	0.01676	0.02993	0.02386	0.03381	0.02166	0.05842	0.43582	0.01283	0.02211	0.00950	0.00573	0.00970
1	0.02389	0.47092	0.04276	0.01628	0.02331	0.03210	0.01539	0.02760	0.02311	0.02882	0.16705	0.03301	0.03617	0.01213	0.00810	0.00248	0.00929	0.00908	0.00629	0.01221
2	0.03583	0.19833	0.03712	0.02195	0.03032	0.03424	0.01897	0.40078	0.04072	0.05353	0.02179	0.02239	0.01627	0.01135	0.00925	0.00284	0.01121	0.00821	0.00865	0.01627
3	0.01615	0.01223	0.01658	0.17713	0.02755	0.01348	0.01234	0.01803	0.01646	0.02164	0.02846	0.05621	0.03081	0.46638	0.04069	0.00815	0.01097	0.01333	0.00576	0.00764
4	0.02436	0.02100	0.02268	0.01932	0.02603	0.02227	0.01512	0.04664	0.40955	0.04032	0.03530	0.03361	0.02689	0.01218	0.00966	0.00294	0.00798	0.01008	0.00924	0.20482
5	0.01596	0.01299	0.02042	0.18097	0.03272	0.01557	0.01714	0.02050	0.01760	0.02448	0.02494	0.03675	0.02236	0.05862	0.43689	0.01290	0.02369	0.01048	0.00524	0.00978
6	0.03445	0.04307	0.03773	0.03106	0.03775	0.44082	0.16232	0.03875	0.02775	0.02725	0.01721	0.02103	0.01387	0.01005	0.01004	0.00287	0.01817	0.00812	0.00526	0.01243
7	0.01439	0.01149	0.01710	0.17937	0.03023	0.01231	0.01474	0.01757	0.01989	0.02620	0.04602	0.46622	0.05297	0.02613	0.01232	0.00396	0.00808	0.02366	0.00816	0.00918
8	0.02483	0.01732	0.01841	0.01611	0.02073	0.01888	0.01264	0.14615	0.17534	0.04566	0.08645	0.03903	0.03265	0.01346	0.00924	0.00292	0.00714	0.01094	0.28893	0.01316
9	0.21329	0.02553	0.04805	0.03507	0.04434	0.02515	0.39317	0.03213	0.02236	0.03649	0.01898	0.02465	0.01435	0.00889	0.01053	0.00338	0.01473	0.01031	0.00551	0.01309
10	0.01466	0.01100	0.01649	0.01649	0.01833	0.01283	0.01283	0.01833	0.01649	0.02382	0.02749	0.04032	0.02566	0.07697	0.59868	0.01649	0.02749	0.01100	0.00550	0.00916
11	0.01250	0.00893	0.01191	0.01429	0.01488	0.00834	0.00953	0.01429	0.01965	0.02620	0.05656	0.63265	0.06787	0.03215	0.01310	0.00417	0.00595	0.02917	0.00953	0.00834
12	0.71184	0.01985	0.01508	0.01350	0.01985	0.02302	0.01111	0.03017	0.01746	0.04604	0.01429	0.01667	0.01111	0.00953	0.00635	0.00318	0.00794	0.00556	0.00635	0.01111
13	0.02744	0.64552	0.05378	0.01756	0.02634	0.04061	0.01756	0.03073	0.02085	0.02414	0.01427	0.01646	0.01317	0.00878	0.00658	0.00219	0.01097	0.00549	0.00439	0.01317
14	0.01407	0.00913	0.01136	0.01308	0.01402	0.00870	0.00881	0.01638	0.01973	0.02834	0.05006	0.46914	0.05703	0.06786	0.01442	0.00417	0.00597	0.02407	0.15520	0.00846
15	0.66582	0.01968	0.01569	0.01382	0.02028	0.02247	0.01139	0.03154	0.01829	0.08311	0.01610	0.01793	0.01210	0.00975	0.00663	0.00318	0.00799	0.00589	0.00679	0.01155
16	0.01822	0.01083	0.01316	0.01204	0.01502	0.01047	0.03918	0.02302	0.02273	0.03724	0.10144	0.04799	0.08726	0.01418	0.00852	0.00266	0.00558	0.01194	0.50879	0.00974
17	0.02622	0.35696	0.22003	0.02578	0.08596	0.03209	0.02525	0.03257	0.02189	0.06256	0.01772	0.02015	0.01418	0.00937	0.00818	0.00268	0.01229	0.00681	0.00496	0.01438
18	0.01906	0.01777	0.02171	0.02025	0.02194	0.07523	0.01608	0.02225	0.01752	0.02418	0.02261	0.03342	0.02119	0.05474	0.39036	0.01194	0.18455	0.01003	0.00521	0.00998

[dist]
# distance from previous block
# <min> <max>
0	1

[block]
# block no. 2 follows, 14 sequences, length 46
# corresponding to MSA columns:
# 111-156
name=unknown_C
#
# <colnr> <probs for GDERKNQSTAVLIFYWHMCP>
#	G	D	E	R	K	N	Q	S	T	A	V	L	I	F	Y	W	H	M	C	P
0	0.01636	0.01091	0.01373	0.01291	0.01585	0.00982	0.00972	0.02051	0.02739	0.07930	0.40671	0.11154	0.18247	0.02200	0.01203	0.00333	0.00528	0.01918	0.01095	0.01000
1	0.01452	0.01049	0.01372	0.01291	0.01533	0.00968	0.00968	0.01937	0.02905	0.04115	0.56992	0.07666	0.09683	0.02098	0.01210	0.00323	0.00484	0.01856	0.01130	0.00968
2	0.01429	0.01029	0.01405	0.01446	0.01563	0.01098	0.01028	0.01676	0.01768	0.02463	0.07607	0.16586	0.04232	0.20498	0.30183	0.01142	0.01713	0.01612	0.00691	0.00830
3	0.02435	0.02282	0.03648	0.05086	0.43544	0.02167	0.02659	0.03006	0.02284	0.03350	0.01903	0.02435	0.01599	0.00875	0.00951	0.00266	0.01103	0.00837	0.00533	0.19037
4	0.03833	0.04891	0.02908	0.02644	0.03173	0.59815	0.01983	0.04098	0.02908	0.02512	0.01586	0.01851	0.01322	0.01058	0.00925	0.00264	0.01851	0.00661	0.00529	0.01190
5	0.02744	0.64552	0.05378	0.01756	0.02634	0.04061	0.01756	0.03073	0.02085	0.02414	0.01427	0.01646	0.01317	0.00878	0.00658	0.00219	0.01097	0.00549	0.00439	0.01317
6	0.02531	0.04647	0.48175	0.02721	0.04103	0.02221	0.03368	0.03575	0.02310	0.13462	0.02251	0.02413	0.01530	0.01030	0.00986	0.00324	0.01397	0.00809	0.00589	0.01559
7	0.02220	0.02052	0.03365	0.04891	0.41991	0.02023	0.02530	0.02777	0.02451	0.03461	0.13621	0.04131	0.07504	0.01281	0.01070	0.00312	0.01018	0.01199	0.00667	0.01435
8	0.02719	0.02287	0.02414	0.02122	0.02732	0.02630	0.01665	0.11462	0.49399	0.04561	0.03965	0.03660	0.02961	0.01372	0.01042	0.00343	0.00851	0.01131	0.01042	0.01639
9	0.01452	0.01049	0.01372	0.01291	0.01533	0.00968	0.00968	0.01937	0.02905	0.04115	0.56992	0.07666	0.09683	0.02098	0.01210	0.00323	0.00484	0.01856	0.01130	0.00968
10	0.02276	0.08914	0.51325	0.02774	0.04200	0.02433	0.03504	0.03358	0.02214	0.06945	0.01965	0.02223	0.01386	0.00989	0.00958	0.00318	0.01446	0.00763	0.00491	0.01519
11	0.02315	0.04651	0.47345	0.02737	0.04083	0.02337	0.03349	0.03657	0.08835	0.07604	0.02300	0.02474	0.01622	0.01049	0.00988	0.00327	0.01380	0.00829	0.00573	0.01548
12	0.01239	0.01011	0.01095	0.01137	0.01418	0.00868	0.00829	0.01500	0.02308	0.02845	0.13035	0.20401	0.43382	0.02684	0.01232	0.00359	0.00532	0.02293	0.00966	0.00868
13	0.02791	0.01967	0.03187	0.31279	0.19350	0.02122	0.02581	0.03381	0.02358	0.17270	0.02430	0.02880	0.01741	0.01060	0.01025	0.00326	0.01200	0.00944	0.00681	0.01427
14	0.04420	0.02004	0.06451	0.01905	0.02752	0.01572	0.01674	0.04874	0.02881	0.54264	0.03889	0.03397	0.02451	0.01249	0.01028	0.00318	0.00920	0.01012	0.01210	0.01730
15	0.01620	0.01157	0.01615	0.01852	0.02073	0.01152	0.01596	0.02069	0.02330	0.03034	0.05452	0.15849	0.05979	0.02866	0.01409	0.00468	0.00916	0.46682	0.00946	0.00936
16	0.03411	0.04239	0.03538	0.07503	0.03902	0.44177	0.12200	0.03825	0.02747	0.02672	0.01701	0.02099	0.01371	0.01017	0.00989	0.00286	0.01790	0.00788	0.00521	0.01224
17	0.02128	0.01824	0.02128	0.01520	0.02432	0.01368	0.01216	0.02584	0.02128	0.03344	0.01824	0.02128	0.01520	0.00760	0.00760	0.00152	0.00760	0.00608	0.00608	0.70208
18	0.01930	0.01788	0.02984	0.46995	0.12836	0.02122	0.02654	0.02542	0.02078	0.02715	0.02311	0.10186	0.02070	0.01282	0.01060	0.00346	0.01254	0.01160	0.00524	0.01164
19	0.71184	0.01985	0.01508	0.01350	0.01985	0.02302	0.01111	0.03017	0.01746	0.04604	0.01429	0.01667	0.01111	0.00953	0.00635	0.00318	0.00794	0.00556	0.00635	0.01111
20	0.01311	0.01043	0.01175	0.01142	0.01446	0.00908	0.00857	0.01662	0.02570	0.03321	0.29420	0.08974	0.37750	0.02394	0.01212	0.00337	0.00505	0.02039	0.01025	0.00908
21	0.01397	0.00998	0.01359	0.01597	0.01721	0.00960	0.01208	0.01683	0.02110	0.02784	0.05575	0.44427	0.06466	0.03076	0.01349	0.00437	0.00723	0.20305	0.00950	0.00874
22	0.01452	0.01049	0.01372	0.01291	0.01533	0.00968	0.00968	0.01937	0.02905	0.04115	0.56992	0.07666	0.09683	0.02098	0.01210	0.00323	0.00484	0.01856	0.01130	0.00968
23	0.03901	0.02874	0.03080	0.02361	0.03182	0.03182	0.01951	0.54111	0.04825	0.06468	0.02464	0.02464	0.01745	0.01232	0.01027	0.00308	0.01129	0.00924	0.01027	0.01745
24	0.02128	0.01824	0.02128	0.01520	0.02432	0.01368	0.01216	0.02584	0.02128	0.03344	0.01824	0.02128	0.01520	0.00760	0.00760	0.00152	0.00760	0.00608	0.00608	0.70208
25	0.71184	0.01985	0.01508	0.01350	0.01985	0.02302	0.01111	0.03017	0.01746	0.04604	0.01429	0.01667	0.01111	0.00953	0.00635	0.00318	0.00794	0.00556	0.00635	0.01111
26	0.02128	0.01824	0.02128	0.01520	0.02432	0.01368	0.01216	0.02584	0.02128	0.03344	0.01824	0.02128	0.01520	0.00760	0.00760	0.00152	0.00760	0.00608	0.00608	0.70208
27	0.71184	0.01985	0.01508	0.01350	0.01985	0.02302	0.01111	0.03017	0.01746	0.04604	0.01429	0.01667	0.01111	0.00953	0.00635	0.00318	0.00794	0.00556	0.00635	0.01111
28	0.02027	0.01894	0.03084	0.53096	0.09872	0.02312	0.02767	0.02889	0.06503	0.02806	0.02025	0.02814	0.01530	0.01049	0.01027	0.00340	0.01313	0.00933	0.00508	0.01211
29	0.02128	0.01824	0.02128	0.01520	0.02432	0.01368	0.01216	0.02584	0.02128	0.03344	0.01824	0.02128	0.01520	0.00760	0.00760	0.00152	0.00760	0.00608	0.00608	0.70208
30	0.01902	0.04010	0.39824	0.02750	0.08080	0.02017	0.03001	0.02827	0.02257	0.03220	0.06751	0.03982	0.12376	0.01344	0.01037	0.00327	0.01242	0.01103	0.00579	0.01370
31	0.02744	0.64552	0.05378	0.01756	0.02634	0.04061	0.01756	0.03073	0.02085	0.02414	0.01427	0.01646	0.01317	0.00878	0.00658	0.00219	0.01097	0.00549	0.00439	0.01317
32	0.03901	0.02874	0.03080	0.02361	0.03182	0.03182	0.01951	0.54111	0.04825	0.06468	0.02464	0.02464	0.01745	0.01232	0.01027	0.00308	0.01129	0.00924	0.01027	0.01745
33	0.71184	0.01985	0.01508	0.01350	0.01985	0.02302	0.01111	0.03017	0.01746	0.04604	0.01429	0.01667	0.01111	0.00953	0.00635	0.00318	0.00794	0.00556	0.00635	0.01111
34	0.01213	0.01040	0.01040	0.01040	0.01386	0.00866	0.00780	0.01473	0.02339	0.02772	0.10396	0.09876	0.57117	0.02599	0.01213	0.00347	0.00520	0.02166	0.00953	0.00866
35	0.03901	0.02874	0.03080	0.02361	0.03182	0.03182	0.01951	0.54111	0.04825	0.06468	0.02464	0.02464	0.01745	0.01232	0.01027	0.00308	0.01129	0.00924	0.01027	0.01745
36	0.01250	0.00893	0.01191	0.01429	0.01488	0.00834	0.00953	0.01429	0.01965	0.02620	0.05656	0.63265	0.06787	0.03215	0.01310	0.00417	0.00595	0.02917	0.00953	0.00834
37	0.02342	0.21083	0.30283	0.02962	0.04178	0.02903	0.16139	0.03210	0.02210	0.03028	0.01787	0.02178	0.01371	0.00920	0.00948	0.00301	0.01455	0.00817	0.00457	0.01427
38	0.02550	0.01551	0.01841	0.01590	0.02090	0.01517	0.01249	0.06469	0.12862	0.17568	0.20999	0.06028	0.15791	0.01806	0.01124	0.00330	0.00690	0.01524	0.01107	0.01314
39	0.01523	0.01031	0.01271	0.01211	0.01459	0.00959	0.00908	0.01991	0.02724	0.03969	0.43693	0.07092	0.11586	0.01962	0.01118	0.00309	0.00485	0.01707	0.14043	0.00959
40	0.02528	0.02908	0.17344	0.26498	0.05299	0.02329	0.10008	0.07423	0.02471	0.10060	0.02191	0.02669	0.01553	0.01038	0.01040	0.00332	0.01375	0.00931	0.00607	0.01394
41	0.02446	0.04050	0.33596	0.03981	0.21995	0.02500	0.03350	0.09498	0.02552	0.03682	0.01948	0.02328	0.01464	0.00986	0.00995	0.00316	0.01370	0.00831	0.00531	0.01581
42	0.01250	0.00893	0.01191	0.01429	0.01488	0.00834	0.00953	0.01429	0.01965	0.02620	0.05656	0.63265	0.06787	0.03215	0.01310	0.00417	0.00595	0.02917	0.00953	0.00834
43	0.71184	0.01985	0.01508	0.01350	0.01985	0.02302	0.01111	0.03017	0.01746	0.04604	0.01429	0.01667	0.01111	0.00953	0.00635	0.00318	0.00794	0.00556	0.00635	0.01111
44	0.02105	0.01824	0.02245	0.08923	0.03005	0.01481	0.01418	0.02589	0.02119	0.03255	0.01824	0.02203	0.01501	0.00793	0.00793	0.00175	0.00835	0.00646	0.00589	0.61678
45	0.02201	0.07124	0.25671	0.06259	0.03374	0.02012	0.02446	0.02881	0.02189	0.09741	0.03467	0.14252	0.07089	0.01607	0.01193	0.00345	0.04857	0.01312	0.00678	0.01302

[dist]
# distance from previous block
# <min> <max>
0	1

[block]
# block no. 3 follows, 14 sequences, length 40
# corresponding to MSA columns:
# 158-197
name=unknown_D
#
# <colnr> <probs for GDERKNQSTAVLIFYWHMCP>
#	G	D	E	R	K	N	Q	S	T	A	V	L	I	F	Y	W	H	M	C	P
0	0.01479	0.01005	0.01189	0.01222	0.01266	0.00992	0.00761	0.01574	0.01724	0.02314	0.08267	0.12307	0.04690	0.48370	0.04228	0.00844	0.00911	0.05440	0.00721	0.00696
1	0.27181	0.01882	0.01903	0.01458	0.02270	0.01707	0.01178	0.02741	0.01990	0.03801	0.01681	0.01961	0.01372	0.00830	0.00715	0.00212	0.00772	0.00589	0.00618	0.45140
2	0.01385	0.00997	0.01311	0.01337	0.01518	0.00923	0.00963	0.01767	0.02591	0.03616	0.39865	0.26214	0.08717	0.02471	0.01244	0.00354	0.00521	0.02210	0.01071	0.00923
3	0.01492	0.00995	0.01119	0.01119	0.01119	0.00995	0.00622	0.01492	0.01492	0.01990	0.03233	0.06716	0.03731	0.63935	0.05223	0.00995	0.00995	0.01492	0.00622	0.00622
4	0.71184	0.01985	0.01508	0.01350	0.01985	0.02302	0.01111	0.03017	0.01746	0.04604	0.01429	0.01667	0.01111	0.00953	0.00635	0.00318	0.00794	0.00556	0.00635	0.01111
5	0.01452	0.01049	0.01372	0.01291	0.01533	0.00968	0.00968	0.01937	0.02905	0.04115	0.56992	0.07666	0.09683	0.02098	0.01210	0.00323	0.00484	0.01856	0.01130	0.00968
6	0.01913	0.00956	0.00956	0.00956	0.01196	0.00956	0.00717	0.02391	0.02152	0.03826	0.03348	0.03826	0.02630	0.01196	0.00717	0.00239	0.00478	0.00956	0.69632	0.00956
7	0.01654	0.01181	0.01654	0.01890	0.02126	0.01181	0.01654	0.02126	0.02362	0.03071	0.05433	0.11576	0.05906	0.02835	0.01417	0.00472	0.00945	0.50626	0.00945	0.00945
8	0.71184	0.01985	0.01508	0.01350	0.01985	0.02302	0.01111	0.03017	0.01746	0.04604	0.01429	0.01667	0.01111	0.00953	0.00635	0.00318	0.00794	0.00556	0.00635	0.01111
9	0.02245	0.02245	0.03143	0.02694	0.02694	0.03143	0.02245	0.02470	0.01572	0.02470	0.01347	0.02245	0.01347	0.01796	0.03368	0.00449	0.62057	0.00898	0.00449	0.01123
10	0.02422	0.02768	0.06055	0.04325	0.05363	0.02595	0.53806	0.03287	0.02422	0.03287	0.02076	0.02768	0.01557	0.00865	0.01211	0.00346	0.01730	0.01211	0.00519	0.01384
11	0.01913	0.00956	0.00956	0.00956	0.01196	0.00956	0.00717	0.02391	0.02152	0.03826	0.03348	0.03826	0.02630	0.01196	0.00717	0.00239	0.00478	0.00956	0.69632	0.00956
12	0.01213	0.01040	0.01040	0.01040	0.01386	0.00866	0.00780	0.01473	0.02339	0.02772	0.10396	0.09876	0.57117	0.02599	0.01213	0.00347	0.00520	0.02166	0.00953	0.00866
13	0.71184	0.01985	0.01508	0.01350	0.01985	0.02302	0.01111	0.03017	0.01746	0.04604	0.01429	0.01667	0.01111	0.00953	0.00635	0.00318	0.00794	0.00556	0.00635	0.01111
14	0.02301	0.03616	0.23591	0.03858	0.05056	0.02524	0.37121	0.03275	0.02337	0.03275	0.01998	0.02567	0.01471	0.00902	0.01132	0.00339	0.01659	0.01060	0.00490	0.01428
15	0.02504	0.01282	0.01709	0.01469	0.01896	0.01148	0.01148	0.02959	0.02916	0.22173	0.39329	0.06274	0.07300	0.01822	0.01151	0.00321	0.00614	0.01581	0.01177	0.01228
16	0.01492	0.00995	0.01119	0.01119	0.01119	0.00995	0.00622	0.01492	0.01492	0.01990	0.03233	0.06716	0.03731	0.63935	0.05223	0.00995	0.00995	0.01492	0.00622	0.00622
17	0.71184	0.01985	0.01508	0.01350	0.01985	0.02302	0.01111	0.03017	0.01746	0.04604	0.01429	0.01667	0.01111	0.00953	0.00635	0.00318	0.00794	0.00556	0.00635	0.01111
18	0.71184	0.01985	0.01508	0.01350	0.01985	0.02302	0.01111	0.03017	0.01746	0.04604	0.01429	0.01667	0.01111	0.00953	0.00635	0.00318	0.00794	0.00556	0.00635	0.01111
19	0.03038	0.32590	0.03972	0.02074	0.02806	0.15764	0.01793	0.08227	0.14256	0.03198	0.02154	0.02240	0.01753	0.01060	0.00833	0.00265	0.01201	0.00740	0.00642	0.01394
20	0.01381	0.01046	0.01273	0.01217	0.01490	0.00938	0.00912	0.01799	0.02737	0.03717	0.43187	0.08321	0.23736	0.02246	0.01211	0.00330	0.00495	0.01948	0.01077	0.00938
21	0.01527	0.01146	0.01426	0.01339	0.01618	0.01094	0.01009	0.02198	0.07315	0.04027	0.48943	0.07512	0.12786	0.02077	0.01197	0.00327	0.00515	0.01821	0.01109	0.01016
22	0.01938	0.01824	0.03078	0.61468	0.07068	0.02280	0.02850	0.02622	0.02052	0.02622	0.01824	0.02736	0.01368	0.01026	0.01026	0.00342	0.01368	0.00912	0.00456	0.01140
23	0.04604	0.01746	0.02382	0.01826	0.02620	0.01508	0.01508	0.05001	0.02937	0.58244	0.04049	0.03493	0.02540	0.01270	0.01032	0.00318	0.00873	0.01032	0.01270	0.01746
24	0.02128	0.01824	0.02128	0.01520	0.02432	0.01368	0.01216	0.02584	0.02128	0.03344	0.01824	0.02128	0.01520	0.00760	0.00760	0.00152	0.00760	0.00608	0.00608	0.70208
25	0.08954	0.01969	0.02046	0.01759	0.02291	0.02175	0.01391	0.20262	0.15291	0.04780	0.03265	0.08194	0.02664	0.01401	0.00938	0.00309	0.00810	0.01122	0.19002	0.01376
26	0.71184	0.01985	0.01508	0.01350	0.01985	0.02302	0.01111	0.03017	0.01746	0.04604	0.01429	0.01667	0.01111	0.00953	0.00635	0.00318	0.00794	0.00556	0.00635	0.01111
27	0.01650	0.01044	0.01384	0.01400	0.01612	0.00958	0.01010	0.01992	0.02494	0.08372	0.29604	0.31743	0.07761	0.02514	0.01238	0.00364	0.00568	0.02248	0.01065	0.00980
28	0.01654	0.01181	0.01654	0.01890	0.02126	0.01181	0.01654	0.02126	0.02362	0.03071	0.05433	0.11576	0.05906	0.02835	0.01417	0.00472	0.00945	0.50626	0.00945	0.00945
29	0.02245	0.02245	0.03143	0.02694	0.02694	0.03143	0.02245	0.02470	0.01572	0.02470	0.01347	0.02245	0.01347	0.01796	0.03368	0.00449	0.62057	0.00898	0.00449	0.01123
30	0.71184	0.01985	0.01508	0.01350	0.01985	0.02302	0.01111	0.03017	0.01746	0.04604	0.01429	0.01667	0.01111	0.00953	0.00635	0.00318	0.00794	0.00556	0.00635	0.01111
31	0.02540	0.02438	0.04165	0.06299	0.57533	0.02438	0.03149	0.03149	0.02337	0.03353	0.01930	0.02540	0.01626	0.00914	0.01016	0.00305	0.01219	0.00914	0.00508	0.01626
32	0.03042	0.02448	0.02596	0.02187	0.02855	0.02781	0.01743	0.23106	0.37230	0.05082	0.03555	0.03334	0.02629	0.01334	0.01038	0.00334	0.00927	0.01075	0.01038	0.01668
33	0.03901	0.02874	0.03080	0.02361	0.03182	0.03182	0.01951	0.54111	0.04825	0.06468	0.02464	0.02464	0.01745	0.01232	0.01027	0.00308	0.01129	0.00924	0.01027	0.01745
34	0.01972	0.01659	0.01962	0.01504	0.02265	0.01273	0.01169	0.02379	0.02099	0.03216	0.02503	0.12960	0.02453	0.01195	0.00857	0.00199	0.00731	0.01017	0.00669	0.57916
35	0.01452	0.01049	0.01372	0.01291	0.01533	0.00968	0.00968	0.01937	0.02905	0.04115	0.56992	0.07666	0.09683	0.02098	0.01210	0.00323	0.00484	0.01856	0.01130	0.00968
36	0.01690	0.01185	0.01509	0.01453	0.01524	0.01317	0.00993	0.01884	0.05412	0.02216	0.02764	0.04960	0.02898	0.32822	0.13043	0.15250	0.06509	0.01232	0.00590	0.00747
37	0.02245	0.02245	0.03143	0.02694	0.02694	0.03143	0.02245	0.02470	0.01572	0.02470	0.01347	0.02245	0.01347	0.01796	0.03368	0.00449	0.62057	0.00898	0.00449	0.01123
38	0.02526	0.02381	0.02704	0.16142	0.08356	0.07679	0.02067	0.04485	0.34060	0.03668	0.03211	0.03289	0.02435	0.01237	0.01027	0.00335	0.01069	0.01037	0.00817	0.01474
39	0.09047	0.03871	0.10114	0.02368	0.03046	0.30256	0.02021	0.07199	0.11104	0.03442	0.06010	0.02641	0.02207	0.01175	0.00952	0.00297	0.01407	0.00845	0.00681	0.01316

[dist]
# distance from previous block
# <min> <max>
1	3

[block]
# block no. 4 follows, 14 sequences, length 7
# corresponding to MSA columns:
# 201-207
name=unknown_E
#
# <colnr> <probs for GDERKNQSTAVLIFYWHMCP>
#	G	D	E	R	K	N	Q	S	T	A	V	L	I	F	Y	W	H	M	C	P
0	0.38721	0.02213	0.02304	0.01925	0.02601	0.02495	0.05923	0.09447	0.17035	0.04613	0.02360	0.02449	0.01779	0.01098	0.00842	0.00327	0.00918	0.00821	0.00782	0.01348
1	0.01306	0.00980	0.01219	0.01349	0.01526	0.00893	0.00973	0.01575	0.02232	0.02911	0.14095	0.36702	0.20341	0.02861	0.01280	0.00390	0.00592	0.06926	0.00977	0.00871
2	0.01309	0.00928	0.01224	0.01438	0.01507	0.00880	0.00980	0.01495	0.01952	0.02596	0.05397	0.53195	0.06408	0.09207	0.01707	0.00479	0.00665	0.06891	0.00919	0.00822
3	0.02689	0.03600	0.26787	0.08888	0.10110	0.02513	0.02943	0.12662	0.02684	0.08746	0.02123	0.02448	0.01543	0.01119	0.01207	0.00331	0.06595	0.00859	0.00631	0.01520
4	0.71184	0.01985	0.01508	0.01350	0.01985	0.02302	0.01111	0.03017	0.01746	0.04604	0.01429	0.01667	0.01111	0.00953	0.00635	0.00318	0.00794	0.00556	0.00635	0.01111
5	0.01304	0.00932	0.01253	0.01491	0.01574	0.00880	0.01047	0.01522	0.02018	0.02680	0.05626	0.56342	0.06669	0.03164	0.01324	0.00424	0.00642	0.09308	0.00952	0.00848
6	0.02356	0.08290	0.10515	0.02115	0.03111	0.02041	0.07574	0.07072	0.02386	0.03498	0.01871	0.02188	0.01495	0.00851	0.00852	0.00216	0.01032	0.00717	0.00594	0.41227

[dist]
# distance from previous block
# <min> <max>
0	7

[block]
# block no. 5 follows, 14 sequences, length 20
# corresponding to MSA columns:
# 215-234
name=unknown_F
#
# <colnr> <probs for GDERKNQSTAVLIFYWHMCP>
#	G	D	E	R	K	N	Q	S	T	A	V	L	I	F	Y	W	H	M	C	P
0	0.03699	0.04088	0.02969	0.07313	0.03490	0.39567	0.02044	0.17760	0.03367	0.03611	0.01847	0.02091	0.01442	0.01103	0.00961	0.00283	0.01613	0.00754	0.00660	0.01339
1	0.02128	0.01824	0.02128	0.01520	0.02432	0.01368	0.01216	0.02584	0.02128	0.03344	0.01824	0.02128	0.01520	0.00760	0.00760	0.00152	0.00760	0.00608	0.00608	0.70208
2	0.01492	0.00995	0.01119	0.01119	0.01119	0.00995	0.00622	0.01492	0.01492	0.01990	0.03233	0.06716	0.03731	0.63935	0.05223	0.00995	0.00995	0.01492	0.00622	0.00622
3	0.02247	0.03460	0.23382	0.12053	0.12773	0.02456	0.22329	0.03162	0.02271	0.03192	0.01940	0.02525	0.01453	0.00932	0.01076	0.00332	0.01533	0.00972	0.00479	0.01430
4	0.04604	0.01746	0.02382	0.01826	0.02620	0.01508	0.01508	0.05001	0.02937	0.58244	0.04049	0.03493	0.02540	0.01270	0.01032	0.00318	0.00873	0.01032	0.01270	0.01746
5	0.03808	0.01513	0.01960	0.01569	0.02198	0.01345	0.01274	0.04229	0.02705	0.42141	0.03841	0.03591	0.02567	0.01248	0.00939	0.00294	0.00756	0.01010	0.21500	0.01513
6	0.01938	0.01824	0.03078	0.61468	0.07068	0.02280	0.02850	0.02622	0.02052	0.02622	0.01824	0.02736	0.01368	0.01026	0.01026	0.00342	0.01368	0.00912	0.00456	0.01140
7	0.01466	0.01100	0.01649	0.01649	0.01833	0.01283	0.01283	0.01833	0.01649	0.02382	0.02749	0.04032	0.02566	0.07697	0.59868	0.01649	0.02749	0.01100	0.00550	0.00916
8	0.02245	0.02245	0.03143	0.02694	0.02694	0.03143	0.02245	0.02470	0.01572	0.02470	0.01347	0.02245	0.01347	0.01796	0.03368	0.00449	0.62057	0.00898	0.00449	0.01123
9	0.03901	0.02874	0.03080	0.02361	0.03182	0.03182	0.01951	0.54111	0.04825	0.06468	0.02464	0.02464	0.01745	0.01232	0.01027	0.00308	0.01129	0.00924	0.01027	0.01745
10	0.01250	0.00893	0.01191	0.01429	0.01488	0.00834	0.00953	0.01429	0.01965	0.02620	0.05656	0.63265	0.06787	0.03215	0.01310	0.00417	0.00595	0.02917	0.00953	0.00834
11	0.01452	0.01049	0.01372	0.01291	0.01533	0.00968	0.00968	0.01937	0.02905	0.04115	0.56992	0.07666	0.09683	0.02098	0.01210	0.00323	0.00484	0.01856	0.01130	0.00968
12	0.01246	0.01041	0.01086	0.01074	0.01407	0.00880	0.00806	0.01537	0.02418	0.02958	0.16858	0.09570	0.50539	0.02529	0.01213	0.00343	0.00515	0.02123	0.00977	0.00880
13	0.03044	0.19737	0.08210	0.03404	0.19211	0.03141	0.02391	0.21291	0.03142	0.04199	0.01976	0.02241	0.01560	0.01022	0.00919	0.00284	0.01176	0.00806	0.00668	0.01576
14	0.02593	0.02200	0.03195	0.36707	0.16679	0.07049	0.02654	0.03186	0.02306	0.10479	0.02135	0.02725	0.01581	0.01039	0.01016	0.00324	0.01309	0.00908	0.00586	0.01330
15	0.02773	0.36039	0.22759	0.02156	0.03236	0.03146	0.02402	0.03399	0.02231	0.10436	0.01929	0.02076	0.01481	0.00965	0.00816	0.00268	0.01206	0.00686	0.00552	0.01443
16	0.08751	0.12018	0.03048	0.02145	0.02851	0.10252	0.01761	0.21656	0.18975	0.04569	0.02622	0.02604	0.01987	0.01182	0.00933	0.00302	0.01095	0.00875	0.00850	0.01524
17	0.01464	0.00986	0.01072	0.01105	0.01265	0.00926	0.00734	0.01666	0.01946	0.02693	0.05713	0.14889	0.19722	0.24241	0.02551	0.00565	0.00691	0.01777	0.15200	0.00794
18	0.02128	0.01824	0.02128	0.01520	0.02432	0.01368	0.01216	0.02584	0.02128	0.03344	0.01824	0.02128	0.01520	0.00760	0.00760	0.00152	0.00760	0.00608	0.00608	0.70208
19	0.02218	0.16147	0.35709	0.02482	0.03662	0.02634	0.02906	0.03057	0.02095	0.03034	0.01716	0.02066	0.01338	0.00995	0.01085	0.00291	0.06425	0.00708	0.00460	0.10970

[dist]
# distance from previous block
# <min> <max>
0	1

[block]
# block no. 6 follows, 14 sequences, length 48
# corresponding to MSA columns:
# 236-283
name=unknown_G
#
# <colnr> <probs for GDERKNQSTAVLIFYWHMCP>
#	G	D	E	R	K	N	Q	S	T	A	V	L	I	F	Y	W	H	M	C	P
0	0.02686	0.25083	0.31692	0.02355	0.03541	0.02824	0.02742	0.03459	0.02257	0.11434	0.02039	0.02192	0.01497	0.00987	0.00875	0.00288	0.01274	0.00729	0.00564	0.01484
1	0.01250	0.00893	0.01191	0.01429	0.01488	0.00834	0.00953	0.01429	0.01965	0.02620	0.05656	0.63265	0.06787	0.03215	0.01310	0.00417	0.00595	0.02917	0.00953	0.00834
2	0.02058	0.05308	0.58618	0.02925	0.04442	0.02383	0.03792	0.03250	0.02167	0.03250	0.01842	0.02167	0.01300	0.00975	0.00975	0.00325	0.01517	0.00758	0.00433	0.01517
3	0.01595	0.01209	0.01419	0.01307	0.01634	0.01134	0.00996	0.06450	0.02898	0.03901	0.37410	0.07899	0.23950	0.02179	0.01195	0.00329	0.00553	0.01871	0.01065	0.01005
4	0.02454	0.02101	0.02236	0.02017	0.02567	0.02411	0.01566	0.05139	0.50966	0.04277	0.08894	0.04171	0.03718	0.01455	0.01059	0.00346	0.00783	0.01222	0.01052	0.01566
5	0.04604	0.01746	0.02382	0.01826	0.02620	0.01508	0.01508	0.05001	0.02937	0.58244	0.04049	0.03493	0.02540	0.01270	0.01032	0.00318	0.00873	0.01032	0.01270	0.01746
6	0.01783	0.00891	0.01337	0.01337	0.01337	0.00891	0.00891	0.01337	0.01337	0.01783	0.01783	0.03119	0.01783	0.03565	0.04011	0.70143	0.00891	0.00891	0.00446	0.00446
7	0.02406	0.01918	0.02008	0.01829	0.02331	0.02187	0.01417	0.04752	0.43415	0.04186	0.03987	0.03828	0.03018	0.01347	0.00969	0.00323	0.00736	0.01114	0.16760	0.01471
8	0.02097	0.05075	0.54198	0.03199	0.08751	0.02388	0.03739	0.03242	0.02180	0.03258	0.01849	0.02197	0.01326	0.00970	0.00978	0.00323	0.01492	0.00771	0.00439	0.01525
9	0.02744	0.64552	0.05378	0.01756	0.02634	0.04061	0.01756	0.03073	0.02085	0.02414	0.01427	0.01646	0.01317	0.00878	0.00658	0.00219	0.01097	0.00549	0.00439	0.01317
10	0.50615	0.02769	0.14259	0.01933	0.02792	0.02344	0.05970	0.03089	0.01892	0.04204	0.01571	0.01865	0.01188	0.00950	0.00756	0.00321	0.01027	0.00653	0.00582	0.01221
11	0.02440	0.02184	0.02187	0.01980	0.02494	0.06389	0.01528	0.04702	0.42065	0.04131	0.13805	0.04399	0.04219	0.01499	0.01067	0.00337	0.00826	0.01253	0.01023	0.01471
12	0.01316	0.01034	0.01088	0.01075	0.01394	0.00892	0.00806	0.01633	0.02418	0.03093	0.17630	0.08963	0.44246	0.02389	0.01168	0.00333	0.00510	0.02006	0.07116	0.00892
13	0.01654	0.01181	0.01654	0.01890	0.02126	0.01181	0.01654	0.02126	0.02362	0.03071	0.05433	0.11576	0.05906	0.02835	0.01417	0.00472	0.00945	0.50626	0.00945	0.00945
14	0.42944	0.01884	0.01879	0.01552	0.02254	0.01965	0.01280	0.03858	0.02252	0.27356	0.02540	0.02441	0.01717	0.01087	0.00803	0.00318	0.00828	0.00758	0.00904	0.01381
15	0.01431	0.01033	0.01353	0.01305	0.01528	0.00954	0.00967	0.01884	0.02807	0.03960	0.51651	0.13450	0.09382	0.02214	0.01221	0.00333	0.00496	0.01966	0.01111	0.00954
16	0.02226	0.02161	0.03801	0.33865	0.27107	0.02374	0.07889	0.02897	0.02202	0.02979	0.01891	0.02661	0.01489	0.00966	0.01040	0.00327	0.01343	0.00942	0.00483	0.01358
17	0.02245	0.02245	0.03143	0.02694	0.02694	0.03143	0.02245	0.02470	0.01572	0.02470	0.01347	0.02245	0.01347	0.01796	0.03368	0.00449	0.62057	0.00898	0.00449	0.01123
18	0.02350	0.02245	0.03823	0.23691	0.41624	0.02388	0.03055	0.02983	0.02247	0.03122	0.01897	0.02602	0.01544	0.00950	0.01019	0.00317	0.01266	0.00914	0.00492	0.01472
19	0.03018	0.02429	0.03821	0.11649	0.26237	0.06366	0.10649	0.03603	0.02495	0.15946	0.02407	0.02772	0.01773	0.01014	0.01045	0.00316	0.01284	0.00970	0.00682	0.01523
20	0.01446	0.01068	0.01550	0.01575	0.01728	0.01208	0.01185	0.01758	0.01667	0.02369	0.03098	0.10453	0.03117	0.12659	0.48500	0.01458	0.02355	0.01327	0.00599	0.00879
21	0.02128	0.01824	0.02128	0.01520	0.02432	0.01368	0.01216	0.02584	0.02128	0.03344	0.01824	0.02128	0.01520	0.00760	0.00760	0.00152	0.00760	0.00608	0.00608	0.70208
22	0.09429	0.02093	0.02988	0.03237	0.15440	0.02605	0.02171	0.02545	0.01742	0.02814	0.01549	0.02365	0.01443	0.01722	0.02607	0.09170	0.33576	0.00865	0.00482	0.01155
23	0.01238	0.01041	0.01074	0.01066	0.01401	0.00877	0.00799	0.01521	0.02398	0.02912	0.15244	0.09646	0.52182	0.02547	0.01213	0.00344	0.00516	0.02134	0.00971	0.00877
24	0.02422	0.02768	0.06055	0.04325	0.05363	0.02595	0.53806	0.03287	0.02422	0.03287	0.02076	0.02768	0.01557	0.00865	0.01211	0.00346	0.01730	0.01211	0.00519	0.01384
25	0.71184	0.01985	0.01508	0.01350	0.01985	0.02302	0.01111	0.03017	0.01746	0.04604	0.01429	0.01667	0.01111	0.00953	0.00635	0.00318	0.00794	0.00556	0.00635	0.01111
26	0.01452	0.01049	0.01372	0.01291	0.01533	0.00968	0.00968	0.01937	0.02905	0.04115	0.56992	0.07666	0.09683	0.02098	0.01210	0.00323	0.00484	0.01856	0.01130	0.00968
27	0.02422	0.02768	0.06055	0.04325	0.05363	0.02595	0.53806	0.03287	0.02422	0.03287	0.02076	0.02768	0.01557	0.00865	0.01211	0.00346	0.01730	0.01211	0.00519	0.01384
28	0.01492	0.00995	0.01119	0.01119	0.01119	0.00995	0.00622	0.01492	0.01492	0.01990	0.03233	0.06716	0.03731	0.63935	0.05223	0.00995	0.00995	0.01492	0.00622	0.00622
29	0.02245	0.02245	0.03143	0.02694	0.02694	0.03143	0.02245	0.02470	0.01572	0.02470	0.01347	0.02245	0.01347	0.01796	0.03368	0.00449	0.62057	0.00898	0.00449	0.01123
30	0.02128	0.01824	0.02128	0.01520	0.02432	0.01368	0.01216	0.02584	0.02128	0.03344	0.01824	0.02128	0.01520	0.00760	0.00760	0.00152	0.00760	0.00608	0.00608	0.70208
31	0.02058	0.05308	0.58618	0.02925	0.04442	0.02383	0.03792	0.03250	0.02167	0.03250	0.01842	0.02167	0.01300	0.00975	0.00975	0.00325	0.01517	0.00758	0.00433	0.01517
32	0.03901	0.02874	0.03080	0.02361	0.03182	0.03182	0.01951	0.54111	0.04825	0.06468	0.02464	0.02464	0.01745	0.01232	0.01027	0.00308	0.01129	0.00924	0.01027	0.01745
33	0.01261	0.01041	0.01106	0.01090	0.01416	0.00887	0.00818	0.01566	0.02453	0.03042	0.19742	0.09433	0.47603	0.02498	0.01212	0.00342	0.00513	0.02104	0.00988	0.00887
34	0.01242	0.01049	0.01080	0.01095	0.01434	0.00887	0.00837	0.01515	0.02341	0.02792	0.10073	0.09987	0.53782	0.02614	0.01226	0.00355	0.00547	0.05322	0.00952	0.00871
35	0.02553	0.02204	0.02320	0.02088	0.02669	0.02553	0.01624	0.05453	0.55679	0.04293	0.04177	0.03829	0.03133	0.01392	0.01044	0.00348	0.00812	0.01160	0.01044	0.01624
36	0.02335	0.22966	0.19733	0.02815	0.03832	0.02849	0.18424	0.03035	0.02155	0.02874	0.01917	0.02627	0.01620	0.06988	0.01358	0.00363	0.01399	0.00904	0.00480	0.01325
37	0.03674	0.04580	0.08316	0.02622	0.03297	0.44396	0.02152	0.12737	0.03171	0.03273	0.01764	0.01988	0.01394	0.01080	0.00948	0.00278	0.01693	0.00716	0.00606	0.01318
38	0.71184	0.01985	0.01508	0.01350	0.01985	0.02302	0.01111	0.03017	0.01746	0.04604	0.01429	0.01667	0.01111	0.00953	0.00635	0.00318	0.00794	0.00556	0.00635	0.01111
39	0.01774	0.01485	0.02313	0.03211	0.21128	0.01457	0.01847	0.02157	0.02168	0.02958	0.04317	0.32554	0.04826	0.02343	0.01227	0.00388	0.00877	0.11042	0.00796	0.01130
40	0.02129	0.01898	0.02633	0.14476	0.13272	0.02162	0.02052	0.03382	0.19640	0.03290	0.03387	0.15824	0.03139	0.01651	0.01280	0.00362	0.05921	0.01417	0.00763	0.01321
41	0.01213	0.01040	0.01040	0.01040	0.01386	0.00866	0.00780	0.01473	0.02339	0.02772	0.10396	0.09876	0.57117	0.02599	0.01213	0.00347	0.00520	0.02166	0.00953	0.00866
42	0.01396	0.01047	0.01293	0.01231	0.01498	0.00944	0.00924	0.01827	0.02771	0.03797	0.45954	0.08189	0.20919	0.02217	0.01211	0.00328	0.00493	0.01929	0.01088	0.00944
43	0.07139	0.02894	0.16788	0.25707	0.16782	0.02371	0.07934	0.02979	0.02154	0.03137	0.01847	0.02483	0.01407	0.00969	0.01001	0.00329	0.01365	0.00879	0.00481	0.01356
44	0.03833	0.04891	0.02908	0.02644	0.03173	0.59815	0.01983	0.04098	0.02908	0.02512	0.01586	0.01851	0.01322	0.01058	0.00925	0.00264	0.01851	0.00661	0.00529	0.01190
45	0.01619	0.00950	0.01214	0.01214	0.01214	0.00950	0.00739	0.01425	0.01425	0.01900	0.02603	0.05152	0.02884	0.37683	0.04696	0.31063	0.00950	0.01231	0.00545	0.00545
46	0.01408	0.01032	0.01321	0.01281	0.01514	0.00944	0.00948	0.01839	0.02752	0.03830	0.47153	0.13664	0.13961	0.02263	0.01221	0.00335	0.00499	0.01996	0.01094	0.00944
47	0.02875	0.19223	0.07787	0.03934	0.24625	0.10972	0.06205	0.03404	0.02387	0.06621	0.01895	0.02264	0.01537	0.00949	0.00922	0.00282	0.01310	0.00802	0.00540	0.01466

[dist]
# distance from previous block
# <min> <max>
0	488

# created by:
# /st0/software/busco_prod/Augustus/scripts/msa2prfl.pl ./align_prep/4873.fa
