[name]
unknown

[dist]
# distance from previous block
# <min> <max>
0	115

[block]
# block no. 0 follows, 12 sequences, length 32
# corresponding to MSA columns:
# 135-166
name=unknown_A
#
# <colnr> <probs for GDERKNQSTAVLIFYWHMCP>
#	G	D	E	R	K	N	Q	S	T	A	V	L	I	F	Y	W	H	M	C	P
0	0.01572	0.01113	0.01472	0.01472	0.01570	0.01211	0.01014	0.01767	0.01669	0.02324	0.03176	0.05701	0.03341	0.34769	0.31610	0.01407	0.01994	0.01376	0.00622	0.00818
1	0.01543	0.01115	0.01457	0.01372	0.01629	0.01029	0.01029	0.02058	0.03086	0.04372	0.54304	0.08145	0.10288	0.02229	0.01286	0.00343	0.00514	0.01972	0.01200	0.01029
2	0.03288	0.02208	0.02577	0.01912	0.02830	0.01981	0.01557	0.15765	0.03176	0.15132	0.02600	0.02651	0.01900	0.01048	0.00940	0.00240	0.00933	0.00825	0.00905	0.37530
3	0.03380	0.03910	0.18224	0.02659	0.03654	0.09525	0.02582	0.28147	0.03816	0.05055	0.02339	0.02575	0.01731	0.01730	0.05332	0.00435	0.01541	0.00912	0.00808	0.01646
4	0.02276	0.01992	0.02392	0.01766	0.02618	0.01682	0.01425	0.02731	0.02189	0.03440	0.01877	0.02276	0.01593	0.00941	0.01144	0.00200	0.07948	0.00683	0.00626	0.60202
5	0.02418	0.02307	0.07031	0.02869	0.12474	0.02148	0.02015	0.09300	0.15383	0.04492	0.21547	0.04956	0.05195	0.01596	0.01159	0.00344	0.00922	0.01384	0.00978	0.01481
6	0.03376	0.02672	0.02839	0.02353	0.03088	0.03022	0.01886	0.26858	0.30764	0.05632	0.03594	0.03396	0.02645	0.01400	0.01101	0.00350	0.01019	0.01116	0.01101	0.01785
7	0.08685	0.01455	0.01681	0.01456	0.01850	0.01375	0.01036	0.02480	0.01959	0.09224	0.02981	0.04856	0.02908	0.29739	0.09189	0.00786	0.01171	0.01185	0.00734	0.15250
8	0.01328	0.00949	0.01265	0.01518	0.01581	0.00886	0.01012	0.01518	0.02088	0.02783	0.06010	0.60969	0.07212	0.03416	0.01392	0.00443	0.00633	0.03100	0.01012	0.00886
9	0.02385	0.02385	0.03340	0.02863	0.02863	0.03340	0.02385	0.02624	0.01670	0.02624	0.01431	0.02385	0.01431	0.01908	0.03578	0.00477	0.59685	0.00954	0.00477	0.01193
10	0.02274	0.02145	0.03308	0.35498	0.11209	0.02651	0.02776	0.03198	0.08549	0.03065	0.02171	0.02933	0.01717	0.01281	0.01562	0.00381	0.12383	0.01000	0.00568	0.01329
11	0.02120	0.01219	0.01617	0.01598	0.01908	0.01115	0.01219	0.02495	0.02651	0.13317	0.19773	0.25299	0.10005	0.02590	0.01315	0.00398	0.00700	0.08405	0.01129	0.01128
12	0.03148	0.51116	0.05252	0.01987	0.02909	0.04138	0.01905	0.12346	0.02766	0.03380	0.01724	0.01914	0.01485	0.01004	0.00774	0.00251	0.01172	0.00658	0.00585	0.01485
13	0.04237	0.02004	0.02553	0.01931	0.02805	0.01764	0.01586	0.09768	0.03152	0.38956	0.03602	0.03276	0.02370	0.01227	0.01033	0.00298	0.00931	0.00986	0.01168	0.16351
14	0.02122	0.02715	0.13497	0.44336	0.06844	0.02469	0.06852	0.02966	0.02233	0.02966	0.01962	0.02795	0.01455	0.01067	0.01095	0.00360	0.01513	0.00962	0.00485	0.01307
15	0.01788	0.01154	0.01436	0.01396	0.01701	0.01029	0.01034	0.02154	0.02701	0.09160	0.26360	0.20460	0.20415	0.02548	0.01291	0.00372	0.00596	0.02224	0.01123	0.01056
16	0.02699	0.02591	0.04426	0.06693	0.54879	0.02591	0.03346	0.03346	0.02483	0.03562	0.02051	0.02699	0.01727	0.00972	0.01079	0.00324	0.01295	0.00972	0.00540	0.01727
17	0.02574	0.02941	0.06434	0.04596	0.05699	0.02757	0.50919	0.03493	0.02574	0.03493	0.02206	0.02941	0.01654	0.00919	0.01287	0.00368	0.01838	0.01287	0.00551	0.01471
18	0.03004	0.01400	0.01865	0.01669	0.02137	0.01238	0.01276	0.03347	0.02715	0.27484	0.11508	0.24648	0.08551	0.02269	0.01235	0.00377	0.00750	0.01980	0.01192	0.01355
19	0.01894	0.00947	0.01420	0.01420	0.01420	0.00947	0.00947	0.01420	0.01420	0.01894	0.01894	0.03314	0.01894	0.03788	0.04261	0.68277	0.00947	0.00947	0.00473	0.00473
20	0.01590	0.01213	0.01492	0.01651	0.01819	0.01231	0.01147	0.02328	0.11707	0.03120	0.05712	0.50199	0.06477	0.03049	0.01338	0.00429	0.00676	0.02746	0.01031	0.01045
21	0.07129	0.01442	0.01765	0.01564	0.01995	0.01400	0.01214	0.03107	0.07824	0.13966	0.36403	0.06470	0.07552	0.01906	0.01190	0.00344	0.00649	0.01639	0.01182	0.01261
22	0.04628	0.01915	0.02522	0.01974	0.02790	0.01737	0.01618	0.05372	0.09159	0.49440	0.04318	0.03754	0.02775	0.01365	0.01098	0.00341	0.00920	0.01113	0.01320	0.01840
23	0.01828	0.01131	0.01525	0.01631	0.01845	0.01055	0.01217	0.02154	0.02442	0.08836	0.13734	0.37047	0.07057	0.02923	0.01364	0.00426	0.00714	0.10959	0.01078	0.01036
24	0.01408	0.01025	0.01434	0.01600	0.01708	0.01051	0.01134	0.01667	0.01971	0.02696	0.04937	0.41284	0.05654	0.05070	0.20827	0.00898	0.01427	0.02429	0.00864	0.00916
25	0.01383	0.01009	0.01271	0.01407	0.01542	0.00930	0.00961	0.01627	0.02280	0.03035	0.15153	0.40042	0.14014	0.07964	0.01705	0.00466	0.00636	0.02661	0.01017	0.00897
26	0.01490	0.01036	0.01322	0.01520	0.01676	0.00980	0.01119	0.01788	0.02240	0.03040	0.06236	0.39248	0.11630	0.03028	0.01335	0.00426	0.00687	0.11975	0.08295	0.00928
27	0.02031	0.01628	0.01891	0.01621	0.02227	0.01426	0.01311	0.06976	0.02713	0.03727	0.09494	0.06859	0.17187	0.01907	0.01134	0.00312	0.00791	0.10102	0.00900	0.25763
28	0.04275	0.02126	0.03059	0.02293	0.03183	0.01922	0.07605	0.09859	0.03190	0.38949	0.03635	0.03358	0.02375	0.01240	0.01091	0.00323	0.01056	0.01063	0.01156	0.08240
29	0.02505	0.02331	0.03088	0.39684	0.05973	0.07734	0.02670	0.09483	0.02706	0.03383	0.02425	0.03802	0.02030	0.01333	0.01125	0.00366	0.01419	0.06030	0.00631	0.01281
30	0.27677	0.02045	0.02263	0.01808	0.02594	0.02049	0.01492	0.08391	0.02840	0.33597	0.03175	0.02933	0.02091	0.01227	0.00947	0.00337	0.00921	0.00908	0.01089	0.01616
31	0.03970	0.03036	0.03033	0.02430	0.03221	0.08961	0.01966	0.33324	0.12936	0.11274	0.03012	0.02915	0.02151	0.01322	0.01083	0.00331	0.01196	0.01007	0.01064	0.01768

[dist]
# distance from previous block
# <min> <max>
0	1

[block]
# block no. 1 follows, 12 sequences, length 50
# corresponding to MSA columns:
# 168-208,211-219
name=unknown_B
#
# <colnr> <probs for GDERKNQSTAVLIFYWHMCP>
#	G	D	E	R	K	N	Q	S	T	A	V	L	I	F	Y	W	H	M	C	P
0	0.10346	0.01820	0.02022	0.01662	0.02340	0.01662	0.01293	0.06421	0.05711	0.03960	0.07181	0.13637	0.03438	0.01511	0.00980	0.00276	0.00789	0.01264	0.00826	0.32862
1	0.02900	0.07395	0.13028	0.01961	0.02794	0.01820	0.01890	0.03437	0.02617	0.18813	0.13204	0.03932	0.03649	0.01555	0.01309	0.05875	0.00984	0.01098	0.00900	0.10842
2	0.01934	0.12412	0.20976	0.02029	0.02862	0.02047	0.02174	0.02626	0.02517	0.03454	0.18285	0.09732	0.11177	0.01775	0.01115	0.00338	0.01013	0.01481	0.00788	0.01264
3	0.02307	0.02191	0.03719	0.38745	0.25886	0.02488	0.03152	0.03003	0.02298	0.03087	0.01982	0.02826	0.01560	0.01044	0.01086	0.00348	0.01392	0.00970	0.00506	0.01411
4	0.01715	0.01255	0.01546	0.01531	0.01785	0.01215	0.01118	0.07084	0.02852	0.03881	0.25659	0.29088	0.11792	0.02654	0.01308	0.00384	0.00639	0.02348	0.01097	0.01051
5	0.08631	0.01665	0.01932	0.01669	0.02198	0.01658	0.01298	0.06843	0.08084	0.21902	0.03970	0.10800	0.03251	0.06180	0.01371	0.00391	0.00821	0.01326	0.14602	0.01407
6	0.01577	0.01285	0.01420	0.01392	0.01738	0.01226	0.01039	0.02343	0.10599	0.03504	0.19117	0.15066	0.30637	0.02517	0.01272	0.00372	0.00603	0.02154	0.01070	0.01069
7	0.03137	0.01537	0.01791	0.01509	0.02021	0.01497	0.01201	0.09572	0.02953	0.20050	0.06913	0.04034	0.03126	0.01361	0.00939	0.00294	0.00724	0.01097	0.34866	0.01378
8	0.27292	0.01734	0.01779	0.01591	0.02128	0.01815	0.01249	0.06862	0.02477	0.15184	0.03448	0.15845	0.03106	0.01678	0.00968	0.00350	0.00800	0.01344	0.09060	0.01288
9	0.02207	0.01399	0.01636	0.01526	0.01855	0.01413	0.01130	0.05870	0.08875	0.08326	0.16628	0.14384	0.05492	0.08988	0.01647	0.00427	0.00717	0.01684	0.14626	0.01169
10	0.01421	0.01020	0.01348	0.01455	0.01602	0.00947	0.01019	0.01750	0.02517	0.03467	0.26788	0.38242	0.08535	0.02905	0.01346	0.00400	0.00582	0.02614	0.01093	0.00947
11	0.03797	0.01811	0.02309	0.01887	0.02570	0.01718	0.01516	0.04779	0.13274	0.35257	0.14040	0.04645	0.04301	0.01547	0.01136	0.00345	0.00834	0.01294	0.01272	0.01669
12	0.02929	0.01361	0.01815	0.01669	0.02070	0.01220	0.01235	0.03200	0.02490	0.26034	0.04979	0.29918	0.04871	0.08764	0.01708	0.00462	0.00808	0.02053	0.01123	0.01289
13	0.02972	0.01741	0.02092	0.01774	0.02328	0.01707	0.01399	0.11606	0.07412	0.18819	0.18055	0.10241	0.11349	0.01927	0.01194	0.00352	0.00791	0.01630	0.01177	0.01434
14	0.03002	0.02486	0.02629	0.02278	0.02946	0.02848	0.01796	0.14998	0.43233	0.05029	0.04069	0.03774	0.03030	0.01445	0.01106	0.00361	0.00931	0.01182	0.01106	0.01752
15	0.02962	0.01455	0.01978	0.01784	0.02277	0.01326	0.01470	0.03436	0.02935	0.24841	0.20132	0.07537	0.06062	0.02097	0.01272	0.00386	0.00822	0.14665	0.01205	0.01357
16	0.03681	0.01692	0.02207	0.01826	0.02462	0.01561	0.01455	0.04415	0.08884	0.35151	0.14355	0.09323	0.04645	0.01708	0.01160	0.00351	0.00814	0.01450	0.01264	0.01597
17	0.03876	0.02734	0.02665	0.02214	0.02914	0.12514	0.01758	0.13298	0.13597	0.22141	0.07781	0.03635	0.03076	0.01401	0.01093	0.00332	0.01123	0.01104	0.01094	0.01648
18	0.01377	0.00969	0.01251	0.01457	0.01508	0.00918	0.00946	0.01531	0.01994	0.02658	0.05528	0.50906	0.06605	0.14307	0.02169	0.00558	0.00712	0.02817	0.00946	0.00844
19	0.02261	0.01938	0.02261	0.01615	0.02584	0.01453	0.01292	0.02745	0.02261	0.03553	0.01938	0.02261	0.01615	0.00807	0.00807	0.00161	0.00807	0.00646	0.00646	0.68346
20	0.02364	0.02302	0.06401	0.21640	0.04665	0.02176	0.05962	0.08659	0.02553	0.03573	0.02148	0.02796	0.01697	0.01780	0.07066	0.00449	0.01432	0.00912	0.00619	0.20806
21	0.02134	0.02015	0.03406	0.52902	0.13080	0.02442	0.03066	0.02852	0.02216	0.02877	0.01951	0.02882	0.01486	0.01076	0.01089	0.00359	0.01435	0.00969	0.00491	0.01272
22	0.01437	0.01033	0.01362	0.01444	0.01605	0.00958	0.01021	0.01791	0.02593	0.03587	0.30424	0.34265	0.08767	0.02816	0.01338	0.00392	0.00573	0.02530	0.01107	0.00958
23	0.01894	0.00947	0.01420	0.01420	0.01420	0.00947	0.00947	0.01420	0.01420	0.01894	0.01894	0.03314	0.01894	0.03788	0.04261	0.68277	0.00947	0.00947	0.00473	0.00473
24	0.10130	0.02763	0.11611	0.29761	0.05990	0.02530	0.15578	0.03119	0.02263	0.03317	0.01962	0.02694	0.01464	0.01028	0.01085	0.00359	0.01506	0.00984	0.00521	0.01334
25	0.03210	0.02366	0.02677	0.01990	0.02911	0.02216	0.01621	0.21843	0.03447	0.09114	0.02396	0.02519	0.01797	0.01047	0.00941	0.00240	0.00970	0.00814	0.00877	0.37002
26	0.02551	0.02876	0.06070	0.04392	0.05365	0.02826	0.45212	0.03391	0.02467	0.03391	0.02115	0.02876	0.01628	0.01035	0.01556	0.00381	0.08640	0.01248	0.00543	0.01438
27	0.01517	0.01133	0.01430	0.01583	0.01735	0.01118	0.01098	0.02086	0.08185	0.03185	0.11684	0.47870	0.07128	0.03044	0.01346	0.00422	0.00645	0.02743	0.01046	0.01002
28	0.02449	0.02215	0.03421	0.20205	0.08862	0.02436	0.10023	0.08593	0.13034	0.03767	0.03151	0.11271	0.02748	0.01484	0.01167	0.00369	0.01237	0.01375	0.00768	0.01424
29	0.02510	0.02310	0.02835	0.30247	0.05021	0.08710	0.02310	0.10517	0.02963	0.03785	0.13996	0.03949	0.03533	0.01389	0.01122	0.00343	0.01259	0.01169	0.00754	0.01278
30	0.01352	0.00967	0.01286	0.01502	0.01587	0.00901	0.01014	0.01576	0.02195	0.02954	0.11199	0.55293	0.07542	0.03288	0.01380	0.00432	0.00620	0.02979	0.01032	0.00901
31	0.29602	0.01911	0.01908	0.01686	0.02283	0.02056	0.01369	0.07347	0.08022	0.11156	0.09762	0.04646	0.07258	0.01577	0.00999	0.00357	0.00837	0.04939	0.00959	0.01328
32	0.14548	0.01756	0.02021	0.02194	0.07740	0.01860	0.01475	0.06585	0.10561	0.04055	0.10348	0.19709	0.08848	0.02043	0.01136	0.00372	0.00802	0.01746	0.00943	0.01259
33	0.01434	0.01043	0.01363	0.01505	0.01667	0.00971	0.01092	0.01756	0.02438	0.03279	0.19270	0.36844	0.11789	0.02997	0.01369	0.00417	0.00640	0.08125	0.01061	0.00941
34	0.02309	0.01127	0.01248	0.01168	0.01492	0.01087	0.00893	0.02808	0.02482	0.10166	0.09801	0.04518	0.03693	0.01396	0.00865	0.00275	0.00558	0.01142	0.51856	0.01116
35	0.26495	0.01958	0.02046	0.01771	0.02375	0.02069	0.01404	0.12504	0.02816	0.15847	0.03410	0.16500	0.03083	0.01717	0.01018	0.00361	0.00880	0.01376	0.00983	0.01387
36	0.01893	0.01146	0.01469	0.01431	0.01645	0.01067	0.01002	0.02189	0.02471	0.09446	0.23763	0.20783	0.07073	0.16924	0.02330	0.00542	0.00725	0.02061	0.01038	0.01000
37	0.01357	0.01015	0.01202	0.01335	0.01485	0.00924	0.00898	0.01544	0.02134	0.02728	0.07197	0.36390	0.21673	0.12483	0.02021	0.00517	0.00675	0.02605	0.00956	0.00861
38	0.01600	0.01074	0.01237	0.01259	0.01280	0.01074	0.00754	0.01643	0.01664	0.02212	0.03634	0.07574	0.04160	0.56698	0.05206	0.01010	0.01053	0.05488	0.00690	0.00690
39	0.01508	0.01091	0.01375	0.01432	0.01619	0.01025	0.01046	0.01839	0.02471	0.03329	0.23468	0.19445	0.13348	0.12843	0.02071	0.00512	0.00708	0.08930	0.01018	0.00920
40	0.02366	0.01479	0.01742	0.01620	0.01955	0.01478	0.01186	0.05939	0.08583	0.11508	0.04972	0.13254	0.09562	0.22432	0.02704	0.00616	0.00912	0.05589	0.00963	0.01143
41	0.02849	0.01868	0.02174	0.01936	0.02479	0.01973	0.01501	0.04572	0.27609	0.15809	0.12536	0.11540	0.04766	0.01804	0.01169	0.00367	0.00794	0.01546	0.01166	0.01542
42	0.02933	0.01369	0.01847	0.01690	0.02120	0.01219	0.01276	0.03260	0.02653	0.26402	0.10441	0.29891	0.05540	0.02372	0.01249	0.00385	0.00751	0.02090	0.01182	0.01331
43	0.01338	0.01035	0.01221	0.01325	0.01541	0.00918	0.00936	0.01603	0.02377	0.03045	0.13998	0.33212	0.27559	0.02995	0.01335	0.00399	0.00584	0.02625	0.01035	0.00918
44	0.50904	0.01803	0.01504	0.01429	0.01932	0.02036	0.01105	0.02752	0.01876	0.04262	0.02521	0.13292	0.02544	0.06614	0.01223	0.00418	0.00822	0.01144	0.00737	0.01081
45	0.09601	0.02246	0.02689	0.02077	0.02917	0.02219	0.01716	0.19388	0.03646	0.36632	0.03566	0.03224	0.02321	0.01311	0.01062	0.00334	0.01006	0.01022	0.01218	0.01803
46	0.02734	0.48270	0.18198	0.02174	0.03275	0.03872	0.02402	0.03312	0.02237	0.02786	0.01625	0.01886	0.01395	0.00958	0.00783	0.00261	0.01277	0.00638	0.00465	0.01452
47	0.34551	0.02360	0.02232	0.01890	0.02576	0.02667	0.01528	0.19243	0.09146	0.05344	0.02579	0.06865	0.02126	0.01351	0.00920	0.00346	0.00947	0.00990	0.00891	0.01447
48	0.01749	0.01154	0.01486	0.01442	0.01729	0.01052	0.01089	0.02179	0.02833	0.07824	0.35144	0.16223	0.14366	0.02450	0.01301	0.00370	0.00597	0.04808	0.01149	0.01056
49	0.02457	0.01734	0.02039	0.01550	0.02362	0.01355	0.01235	0.02884	0.02449	0.11704	0.04398	0.04375	0.13871	0.01341	0.00964	0.00237	0.00768	0.01096	0.00842	0.42338

[dist]
# distance from previous block
# <min> <max>
0	1

[block]
# block no. 2 follows, 12 sequences, length 11
# corresponding to MSA columns:
# 221-231
name=unknown_C
#
# <colnr> <probs for GDERKNQSTAVLIFYWHMCP>
#	G	D	E	R	K	N	Q	S	T	A	V	L	I	F	Y	W	H	M	C	P
0	0.01452	0.01044	0.01376	0.01434	0.01609	0.00968	0.01022	0.01829	0.02664	0.03700	0.33871	0.30495	0.08986	0.02731	0.01331	0.00385	0.00564	0.02449	0.01121	0.00968
1	0.01707	0.01408	0.02172	0.02017	0.02333	0.01365	0.08057	0.02341	0.06622	0.03439	0.16355	0.31353	0.06731	0.02599	0.01341	0.00409	0.00828	0.06843	0.00999	0.01080
2	0.11275	0.02877	0.04791	0.03514	0.04488	0.02927	0.28579	0.19345	0.03335	0.04788	0.02259	0.02690	0.01663	0.01060	0.01147	0.00350	0.01504	0.01100	0.00746	0.01563
3	0.03196	0.07779	0.02771	0.01971	0.02795	0.09677	0.01592	0.04057	0.10935	0.14429	0.02775	0.02778	0.02078	0.01087	0.00933	0.00256	0.01034	0.00840	0.00843	0.28175
4	0.02059	0.01938	0.03270	0.59060	0.07510	0.02422	0.03028	0.02786	0.02180	0.02786	0.01938	0.02907	0.01453	0.01090	0.01090	0.00363	0.01453	0.00969	0.00484	0.01211
5	0.03494	0.09249	0.24868	0.02491	0.03661	0.02484	0.02687	0.10716	0.02978	0.22509	0.02846	0.02798	0.01920	0.01176	0.01034	0.00329	0.01268	0.00913	0.00866	0.01712
6	0.02002	0.01649	0.01976	0.01550	0.02264	0.01299	0.01203	0.02463	0.02430	0.03660	0.14236	0.09638	0.04158	0.01398	0.00976	0.00232	0.00723	0.01199	0.00809	0.46133
7	0.12180	0.02415	0.02398	0.01845	0.02710	0.07376	0.01479	0.09118	0.02709	0.08358	0.02133	0.02327	0.01653	0.00973	0.00865	0.00232	0.00985	0.00722	0.00754	0.38767
8	0.03232	0.01879	0.02063	0.01751	0.02318	0.07072	0.01365	0.03644	0.02829	0.24375	0.13415	0.10866	0.04432	0.01672	0.01094	0.00320	0.00869	0.01402	0.07717	0.07683
9	0.03599	0.02155	0.02502	0.02038	0.02670	0.02222	0.01606	0.24865	0.03672	0.19012	0.03706	0.12528	0.03176	0.09037	0.01685	0.00437	0.01020	0.01416	0.01097	0.01558
10	0.01922	0.01266	0.01633	0.01667	0.01949	0.01248	0.01266	0.02500	0.06841	0.08588	0.10545	0.26395	0.10462	0.03380	0.08183	0.00577	0.00996	0.08457	0.01021	0.01104

[dist]
# distance from previous block
# <min> <max>
7	38

[block]
# block no. 3 follows, 12 sequences, length 62
# corresponding to MSA columns:
# 271-332
name=unknown_D
#
# <colnr> <probs for GDERKNQSTAVLIFYWHMCP>
#	G	D	E	R	K	N	Q	S	T	A	V	L	I	F	Y	W	H	M	C	P
0	0.07752	0.05856	0.09561	0.02563	0.09259	0.01960	0.02022	0.03930	0.02614	0.25868	0.03396	0.09769	0.02681	0.01417	0.01048	0.00329	0.01025	0.01181	0.00946	0.06824
1	0.03164	0.02771	0.03138	0.02521	0.03302	0.09266	0.08036	0.11249	0.21798	0.08330	0.03155	0.03150	0.02352	0.01225	0.01066	0.00318	0.01168	0.01037	0.00914	0.12040
2	0.20306	0.02555	0.02395	0.01934	0.02670	0.06766	0.01564	0.21727	0.03334	0.05174	0.02273	0.02473	0.01725	0.01136	0.00891	0.00291	0.01022	0.00812	0.09096	0.11857
3	0.01561	0.01154	0.01680	0.01680	0.01850	0.01324	0.01273	0.01901	0.01731	0.02478	0.02986	0.04648	0.02884	0.15020	0.50734	0.01663	0.02682	0.01222	0.00594	0.00934
4	0.02924	0.02485	0.03635	0.12516	0.17335	0.06694	0.07933	0.07108	0.02637	0.10092	0.02421	0.02999	0.01889	0.02021	0.08207	0.00520	0.05396	0.01026	0.00682	0.01480
5	0.01974	0.01821	0.02120	0.02025	0.02240	0.08518	0.01585	0.02331	0.01907	0.02560	0.02578	0.03755	0.02397	0.06505	0.43526	0.01408	0.10063	0.01083	0.00568	0.01037
6	0.02048	0.01352	0.01663	0.01509	0.01893	0.01290	0.01156	0.02838	0.09161	0.10227	0.36753	0.07422	0.14185	0.02101	0.01242	0.00349	0.00611	0.01820	0.01183	0.01198
7	0.01337	0.00992	0.01249	0.01426	0.01564	0.00904	0.00978	0.01569	0.02243	0.02939	0.10768	0.46995	0.16662	0.03196	0.01363	0.00420	0.00608	0.02856	0.01027	0.00904
8	0.01417	0.00986	0.01239	0.01405	0.01447	0.00944	0.00892	0.01541	0.01915	0.02554	0.05126	0.42491	0.06097	0.23415	0.02819	0.00654	0.00778	0.02580	0.00892	0.00808
9	0.02940	0.03019	0.03282	0.02807	0.03028	0.13869	0.02291	0.09179	0.02389	0.03176	0.01633	0.02333	0.01480	0.01679	0.02754	0.00420	0.40949	0.00909	0.00572	0.01291
10	0.01460	0.01046	0.01270	0.01323	0.01455	0.00981	0.00881	0.01684	0.02234	0.02998	0.18210	0.23810	0.13004	0.21607	0.02677	0.00604	0.00727	0.02226	0.00948	0.00855
11	0.58861	0.01928	0.01574	0.01432	0.02001	0.02212	0.01144	0.02927	0.01788	0.04425	0.01577	0.02012	0.01292	0.01445	0.01234	0.10930	0.00860	0.00646	0.00643	0.01071
12	0.02032	0.01596	0.01908	0.01499	0.02147	0.01276	0.01138	0.02318	0.02156	0.03206	0.06713	0.03801	0.05968	0.06270	0.01785	0.10868	0.00809	0.00978	0.00687	0.42845
13	0.01324	0.01040	0.01173	0.01273	0.01497	0.00916	0.00890	0.01548	0.02270	0.02827	0.08569	0.30109	0.32581	0.06869	0.01608	0.00443	0.00617	0.02568	0.00989	0.00890
14	0.02619	0.02583	0.04127	0.03228	0.03964	0.02803	0.21134	0.04518	0.27119	0.03914	0.03208	0.03428	0.02448	0.01310	0.01469	0.00382	0.08146	0.01221	0.00816	0.01563
15	0.01409	0.01087	0.01287	0.01284	0.01559	0.00964	0.00945	0.01781	0.02700	0.03566	0.29848	0.16585	0.27829	0.02614	0.01302	0.00367	0.00547	0.02266	0.01097	0.00964
16	0.02889	0.02430	0.02565	0.02255	0.02903	0.02795	0.01769	0.11402	0.47014	0.04846	0.04213	0.03889	0.03147	0.01458	0.01107	0.00365	0.00904	0.01202	0.01107	0.01742
17	0.02321	0.02322	0.04100	0.29917	0.13694	0.02680	0.12617	0.02987	0.02216	0.03020	0.01919	0.02789	0.01533	0.01183	0.01571	0.00378	0.11877	0.01031	0.00505	0.01341
18	0.02232	0.02114	0.03582	0.44943	0.20279	0.02468	0.03114	0.02937	0.02262	0.02995	0.01968	0.02851	0.01527	0.01058	0.01087	0.00353	0.01411	0.00970	0.00499	0.01350
19	0.21127	0.02920	0.02722	0.02195	0.02974	0.09565	0.01786	0.27143	0.03772	0.12077	0.02433	0.02458	0.01732	0.01214	0.00970	0.00325	0.01167	0.00861	0.00951	0.01607
20	0.01864	0.01151	0.01415	0.01393	0.01649	0.01044	0.00987	0.02131	0.02411	0.09767	0.15850	0.22481	0.17029	0.13346	0.02065	0.00505	0.00707	0.02173	0.01028	0.01004
21	0.03931	0.04323	0.03062	0.02664	0.03311	0.37350	0.02053	0.16305	0.09446	0.03947	0.02243	0.02377	0.01743	0.01212	0.01025	0.00303	0.01644	0.00835	0.00759	0.01467
22	0.01324	0.00967	0.01246	0.01470	0.01569	0.00890	0.00991	0.01524	0.02134	0.02802	0.06600	0.55048	0.12751	0.03339	0.01380	0.00434	0.00623	0.03006	0.01012	0.00890
23	0.04892	0.01856	0.02530	0.01940	0.02783	0.01603	0.01603	0.05314	0.03121	0.55634	0.04302	0.03711	0.02699	0.01350	0.01096	0.00337	0.00928	0.01096	0.01350	0.01856
24	0.01595	0.01247	0.01475	0.01491	0.01793	0.01199	0.01137	0.02286	0.08520	0.03574	0.21708	0.17126	0.22006	0.02585	0.01310	0.00389	0.00646	0.07784	0.01079	0.01052
25	0.03571	0.02780	0.02752	0.02318	0.03027	0.09111	0.01838	0.16970	0.27304	0.12874	0.03636	0.03402	0.02634	0.01375	0.01088	0.00344	0.01087	0.01086	0.01078	0.01724
26	0.03894	0.01988	0.02444	0.01958	0.02637	0.01939	0.01565	0.16855	0.03459	0.30198	0.07824	0.08505	0.03516	0.06249	0.01478	0.00399	0.00956	0.01329	0.01188	0.01622
27	0.09387	0.02519	0.02828	0.02210	0.03037	0.02655	0.01817	0.28413	0.07928	0.23015	0.03243	0.03034	0.02202	0.01313	0.01062	0.00335	0.01054	0.01010	0.01147	0.01792
28	0.08649	0.01873	0.02090	0.01706	0.02327	0.01908	0.01381	0.15898	0.03229	0.20195	0.03380	0.03411	0.02400	0.01284	0.00939	0.00304	0.00836	0.00998	0.25699	0.01494
29	0.01380	0.01010	0.01304	0.01485	0.01623	0.00933	0.01045	0.01641	0.02284	0.03025	0.12279	0.45024	0.13331	0.03167	0.01375	0.00426	0.00636	0.06084	0.01034	0.00915
30	0.02981	0.02282	0.02473	0.02185	0.02829	0.02575	0.01711	0.05735	0.46766	0.10863	0.04421	0.04024	0.03251	0.01463	0.01108	0.00366	0.00871	0.01216	0.01139	0.01742
31	0.01586	0.01057	0.01189	0.01189	0.01189	0.01057	0.00661	0.01586	0.01586	0.02114	0.03436	0.07135	0.03964	0.61681	0.05550	0.01057	0.01057	0.01586	0.00661	0.00661
32	0.03254	0.02290	0.02507	0.02134	0.02803	0.02527	0.01693	0.13560	0.32712	0.12888	0.04024	0.03754	0.02926	0.01412	0.01077	0.00348	0.00905	0.01150	0.06321	0.01714
33	0.03989	0.01656	0.02241	0.01787	0.02472	0.01448	0.01448	0.04436	0.03112	0.41816	0.17781	0.04906	0.04745	0.01587	0.01148	0.00339	0.00816	0.01332	0.01309	0.01633
34	0.01328	0.00949	0.01265	0.01518	0.01581	0.00886	0.01012	0.01518	0.02088	0.02783	0.06010	0.60969	0.07212	0.03416	0.01392	0.00443	0.00633	0.03100	0.01012	0.00886
35	0.02574	0.02941	0.06434	0.04596	0.05699	0.02757	0.50919	0.03493	0.02574	0.03493	0.02206	0.02941	0.01654	0.00919	0.01287	0.00368	0.01838	0.01287	0.00551	0.01471
36	0.03890	0.02927	0.03129	0.02457	0.03284	0.03262	0.02011	0.43149	0.13636	0.06460	0.02942	0.02876	0.02117	0.01339	0.01094	0.00335	0.01140	0.01026	0.01094	0.01831
37	0.04613	0.01918	0.02522	0.01976	0.02790	0.01744	0.01618	0.05375	0.09488	0.49102	0.04319	0.03757	0.02780	0.01366	0.01098	0.00342	0.00920	0.01114	0.01319	0.01839
38	0.03495	0.02867	0.03680	0.02858	0.03533	0.03294	0.08180	0.32760	0.03916	0.05355	0.02260	0.02598	0.01720	0.01416	0.01759	0.00371	0.16426	0.01012	0.00865	0.01636
39	0.01379	0.00985	0.01323	0.01576	0.01661	0.00929	0.01100	0.01605	0.02137	0.02840	0.05982	0.55260	0.07102	0.03369	0.01405	0.00450	0.00676	0.08313	0.01011	0.00900
40	0.02939	0.01496	0.01698	0.01451	0.01949	0.01448	0.01150	0.09143	0.02878	0.17624	0.04592	0.04617	0.09258	0.01486	0.00957	0.00299	0.00708	0.01197	0.33785	0.01325
41	0.01328	0.00949	0.01265	0.01518	0.01581	0.00886	0.01012	0.01518	0.02088	0.02783	0.06010	0.60969	0.07212	0.03416	0.01392	0.00443	0.00633	0.03100	0.01012	0.00886
42	0.01732	0.01084	0.01326	0.01284	0.01533	0.01067	0.00970	0.02228	0.02610	0.04019	0.28328	0.06091	0.06456	0.02623	0.08257	0.00489	0.00820	0.01504	0.26562	0.01017
43	0.02546	0.02168	0.02323	0.02099	0.02664	0.02474	0.01627	0.05265	0.45850	0.04534	0.11503	0.04646	0.04314	0.01586	0.01134	0.00366	0.00814	0.01337	0.01122	0.01627
44	0.02712	0.02342	0.02465	0.02219	0.02835	0.02712	0.01726	0.05794	0.52909	0.04561	0.04438	0.04068	0.03328	0.01479	0.01109	0.00370	0.00863	0.01233	0.01109	0.01726
45	0.02491	0.02144	0.02365	0.01923	0.02712	0.02096	0.01513	0.04301	0.28105	0.04067	0.03214	0.03183	0.02489	0.01150	0.00962	0.00268	0.00836	0.00945	0.00882	0.34352
46	0.24679	0.01995	0.02041	0.01554	0.02425	0.01785	0.01255	0.02899	0.02126	0.04000	0.01798	0.02097	0.01470	0.00876	0.00763	0.00220	0.00820	0.00627	0.00656	0.45913
47	0.02187	0.05640	0.56031	0.03108	0.04719	0.02532	0.04029	0.03453	0.02302	0.03453	0.01957	0.02302	0.01381	0.01036	0.01036	0.00345	0.01611	0.00806	0.00460	0.01611
48	0.16580	0.03405	0.20542	0.02903	0.10027	0.02418	0.02606	0.09405	0.02747	0.15629	0.02474	0.02593	0.01730	0.01124	0.00989	0.00337	0.01218	0.00868	0.00783	0.01622
49	0.01707	0.01219	0.01699	0.01951	0.02180	0.01212	0.01670	0.02172	0.02460	0.03207	0.05801	0.18009	0.06385	0.03059	0.01493	0.00495	0.00960	0.42327	0.01005	0.00990
50	0.04447	0.01763	0.02354	0.01837	0.02622	0.01518	0.01507	0.04851	0.03042	0.49133	0.05134	0.04548	0.09083	0.01524	0.01120	0.00341	0.00881	0.01245	0.01308	0.01740
51	0.02671	0.02049	0.06371	0.06325	0.02825	0.01892	0.01689	0.09423	0.10606	0.11219	0.12247	0.04597	0.03890	0.08855	0.02039	0.08812	0.00991	0.01265	0.00927	0.01308
52	0.27320	0.01944	0.02208	0.01764	0.02549	0.01896	0.01456	0.04580	0.02681	0.37988	0.03334	0.03037	0.02171	0.01232	0.00950	0.00337	0.00898	0.00920	0.01115	0.01621
53	0.01412	0.01011	0.01353	0.01553	0.01668	0.00951	0.01102	0.01689	0.02293	0.03087	0.13503	0.47033	0.07581	0.03184	0.01389	0.00434	0.00658	0.08137	0.01040	0.00922
54	0.12584	0.02043	0.03256	0.45853	0.06528	0.02452	0.06462	0.02906	0.02160	0.03169	0.01893	0.02733	0.01427	0.01065	0.01041	0.00360	0.01388	0.00935	0.00519	0.01227
55	0.01932	0.01178	0.01852	0.14877	0.02842	0.01291	0.01433	0.01739	0.01598	0.02102	0.01904	0.03219	0.01791	0.03158	0.03521	0.52422	0.01065	0.00952	0.00476	0.00646
56	0.02189	0.01201	0.01763	0.01671	0.01901	0.01261	0.01261	0.02296	0.01855	0.10589	0.02793	0.03871	0.02444	0.05648	0.30863	0.23751	0.01951	0.01083	0.00666	0.00944
57	0.01328	0.00949	0.01265	0.01518	0.01581	0.00886	0.01012	0.01518	0.02088	0.02783	0.06010	0.60969	0.07212	0.03416	0.01392	0.00443	0.00633	0.03100	0.01012	0.00886
58	0.08597	0.02365	0.03338	0.07422	0.09992	0.02451	0.08291	0.10823	0.12366	0.18299	0.03151	0.03192	0.02233	0.01220	0.01087	0.00346	0.01149	0.01066	0.00948	0.01663
59	0.02261	0.01938	0.02261	0.01615	0.02584	0.01453	0.01292	0.02745	0.02261	0.03553	0.01938	0.02261	0.01615	0.00807	0.00807	0.00161	0.00807	0.00646	0.00646	0.68346
60	0.01323	0.00969	0.01245	0.01465	0.01568	0.00890	0.00989	0.01524	0.02138	0.02804	0.06654	0.54514	0.13251	0.03332	0.01379	0.00433	0.00622	0.02998	0.01012	0.00890
61	0.12941	0.01960	0.02894	0.25442	0.14594	0.02165	0.02372	0.03128	0.02298	0.10024	0.02699	0.09956	0.02334	0.01375	0.01061	0.00358	0.01159	0.01190	0.00701	0.01350

[dist]
# distance from previous block
# <min> <max>
0	1

[block]
# block no. 4 follows, 12 sequences, length 88
# corresponding to MSA columns:
# 334-421
name=unknown_E
#
# <colnr> <probs for GDERKNQSTAVLIFYWHMCP>
#	G	D	E	R	K	N	Q	S	T	A	V	L	I	F	Y	W	H	M	C	P
0	0.02097	0.01265	0.01639	0.01602	0.01875	0.01203	0.01168	0.05762	0.02667	0.10496	0.17869	0.31973	0.06711	0.02700	0.01471	0.04362	0.00701	0.02259	0.01080	0.01098
1	0.01349	0.00992	0.01225	0.01399	0.01516	0.00912	0.00936	0.01535	0.02111	0.02742	0.06730	0.44919	0.16286	0.09743	0.01832	0.00496	0.00664	0.02772	0.00973	0.00868
2	0.28940	0.02078	0.02734	0.30308	0.10609	0.02450	0.02328	0.03015	0.02084	0.03711	0.01783	0.02432	0.01375	0.01046	0.00924	0.00349	0.01193	0.00819	0.00566	0.01256
3	0.01906	0.01184	0.01562	0.01450	0.01756	0.01081	0.01093	0.02380	0.03000	0.10076	0.44239	0.12410	0.09145	0.02236	0.01274	0.00351	0.00572	0.01974	0.01200	0.01110
4	0.02253	0.02348	0.08220	0.01780	0.02821	0.01573	0.01595	0.02824	0.02266	0.03542	0.01940	0.02266	0.01589	0.00833	0.00833	0.00182	0.00897	0.00664	0.00625	0.60950
5	0.01702	0.01334	0.01567	0.01470	0.01815	0.01311	0.01114	0.02632	0.11966	0.04115	0.36454	0.07888	0.18053	0.02202	0.01255	0.00353	0.00585	0.01906	0.01145	0.01133
6	0.02586	0.28719	0.18116	0.08237	0.08828	0.03316	0.09630	0.03308	0.02309	0.03030	0.01812	0.02249	0.01466	0.00975	0.00938	0.00301	0.01412	0.00810	0.00485	0.01475
7	0.11849	0.04873	0.44512	0.06775	0.04538	0.02512	0.03549	0.03371	0.02229	0.03614	0.01892	0.02268	0.01357	0.01036	0.00988	0.00345	0.01490	0.00786	0.00493	0.01521
8	0.01349	0.01050	0.01227	0.01303	0.01541	0.00928	0.00931	0.01638	0.02451	0.03147	0.17106	0.28314	0.29320	0.02901	0.01325	0.00391	0.00574	0.02530	0.01047	0.00928
9	0.07205	0.01505	0.01799	0.01577	0.02063	0.01446	0.01233	0.03299	0.08611	0.16852	0.26854	0.06457	0.12884	0.01913	0.01177	0.00348	0.00684	0.01620	0.01165	0.01308
10	0.01547	0.01068	0.01326	0.01428	0.01505	0.01046	0.00966	0.01718	0.01979	0.02642	0.08049	0.21792	0.05633	0.32529	0.03493	0.00755	0.00902	0.09974	0.00847	0.00803
11	0.02712	0.02342	0.02465	0.02219	0.02835	0.02712	0.01726	0.05794	0.52909	0.04561	0.04438	0.04068	0.03328	0.01479	0.01109	0.00370	0.00863	0.01233	0.01109	0.01726
12	0.01387	0.00992	0.01327	0.01549	0.01647	0.00932	0.01081	0.01634	0.02217	0.02972	0.10409	0.51739	0.07409	0.03271	0.01392	0.00439	0.00655	0.07010	0.01029	0.00909
13	0.01353	0.00968	0.01287	0.01502	0.01587	0.00902	0.01014	0.01580	0.02201	0.02965	0.11518	0.54944	0.07562	0.03281	0.01380	0.00431	0.00619	0.02971	0.01034	0.00902
14	0.01390	0.00983	0.01276	0.01454	0.01530	0.00927	0.00963	0.01589	0.02129	0.02868	0.11147	0.47196	0.07095	0.11667	0.01978	0.00520	0.00680	0.02753	0.00983	0.00870
15	0.04123	0.02471	0.02798	0.02172	0.02966	0.02591	0.01785	0.32247	0.04216	0.20823	0.03218	0.03103	0.02209	0.01316	0.01055	0.00322	0.01041	0.01019	0.08767	0.01759
16	0.01390	0.00993	0.01336	0.01589	0.01679	0.00939	0.01119	0.01625	0.02148	0.02852	0.05976	0.53964	0.07077	0.03358	0.01408	0.00451	0.00686	0.09496	0.01011	0.00903
17	0.02059	0.01938	0.03270	0.59060	0.07510	0.02422	0.03028	0.02786	0.02180	0.02786	0.01938	0.02907	0.01453	0.01090	0.01090	0.00363	0.01453	0.00969	0.00484	0.01211
18	0.01586	0.01057	0.01189	0.01189	0.01189	0.01057	0.00661	0.01586	0.01586	0.02114	0.03436	0.07135	0.03964	0.61681	0.05550	0.01057	0.01057	0.01586	0.00661	0.00661
19	0.02237	0.01801	0.02113	0.02114	0.02548	0.01987	0.01741	0.04035	0.27825	0.03915	0.05102	0.08165	0.04795	0.02242	0.01307	0.00436	0.00933	0.24281	0.01057	0.01367
20	0.04074	0.02734	0.03021	0.02364	0.03194	0.02962	0.01937	0.36350	0.11639	0.15406	0.03186	0.03025	0.02220	0.01341	0.01094	0.00335	0.01102	0.01039	0.01141	0.01836
21	0.01678	0.01359	0.01534	0.01579	0.01898	0.01360	0.01182	0.02604	0.14173	0.03302	0.07425	0.25098	0.23140	0.02691	0.01299	0.00404	0.00692	0.06444	0.01034	0.01106
22	0.01543	0.01115	0.01457	0.01372	0.01629	0.01029	0.01029	0.02058	0.03086	0.04372	0.54304	0.08145	0.10288	0.02229	0.01286	0.00343	0.00514	0.01972	0.01200	0.01029
23	0.01586	0.01057	0.01189	0.01189	0.01189	0.01057	0.00661	0.01586	0.01586	0.02114	0.03436	0.07135	0.03964	0.61681	0.05550	0.01057	0.01057	0.01586	0.00661	0.00661
24	0.02292	0.13800	0.48789	0.02929	0.04443	0.02789	0.03717	0.03426	0.02290	0.03325	0.01893	0.02222	0.01384	0.01021	0.00988	0.00329	0.01547	0.00774	0.00461	0.01581
25	0.02187	0.05640	0.56031	0.03108	0.04719	0.02532	0.04029	0.03453	0.02302	0.03453	0.01957	0.02302	0.01381	0.01036	0.01036	0.00345	0.01611	0.00806	0.00460	0.01611
26	0.01686	0.01212	0.01396	0.01364	0.01660	0.01175	0.01015	0.02398	0.08227	0.03867	0.25285	0.13451	0.16740	0.02215	0.01184	0.00346	0.00573	0.01911	0.13229	0.01066
27	0.02059	0.01938	0.03270	0.59060	0.07510	0.02422	0.03028	0.02786	0.02180	0.02786	0.01938	0.02907	0.01453	0.01090	0.01090	0.00363	0.01453	0.00969	0.00484	0.01211
28	0.04148	0.04891	0.03039	0.02729	0.03317	0.52205	0.02061	0.04442	0.03093	0.07516	0.01925	0.02126	0.01523	0.01144	0.00994	0.00286	0.01871	0.00738	0.00634	0.01318
29	0.01318	0.00989	0.01224	0.01412	0.01553	0.00895	0.00965	0.01530	0.02190	0.02825	0.07309	0.47947	0.19395	0.03247	0.01365	0.00424	0.00612	0.02894	0.01012	0.00895
30	0.03156	0.02100	0.02216	0.01810	0.02393	0.02274	0.01459	0.28447	0.03797	0.05558	0.03057	0.03295	0.02294	0.01291	0.00937	0.00293	0.00876	0.00998	0.32284	0.01462
31	0.01363	0.00995	0.01292	0.01516	0.01631	0.00923	0.01059	0.01591	0.02172	0.02846	0.06562	0.50757	0.12512	0.03304	0.01390	0.00440	0.00657	0.07076	0.01011	0.00900
32	0.69383	0.02109	0.01603	0.01434	0.02109	0.02446	0.01181	0.03205	0.01856	0.04892	0.01518	0.01771	0.01181	0.01012	0.00675	0.00337	0.00843	0.00590	0.00675	0.01181
33	0.01328	0.00949	0.01265	0.01518	0.01581	0.00886	0.01012	0.01518	0.02088	0.02783	0.06010	0.60969	0.07212	0.03416	0.01392	0.00443	0.00633	0.03100	0.01012	0.00886
34	0.04410	0.01749	0.02376	0.01858	0.02617	0.01520	0.01520	0.04845	0.03116	0.48256	0.11498	0.04349	0.03791	0.01476	0.01124	0.00338	0.00868	0.01222	0.01328	0.01737
35	0.04580	0.02356	0.02840	0.02177	0.03033	0.02345	0.01799	0.24490	0.03958	0.35275	0.03599	0.03255	0.02346	0.01333	0.01094	0.00333	0.01041	0.01049	0.01241	0.01855
36	0.02059	0.01938	0.03270	0.59060	0.07510	0.02422	0.03028	0.02786	0.02180	0.02786	0.01938	0.02907	0.01453	0.01090	0.01090	0.00363	0.01453	0.00969	0.00484	0.01211
37	0.50897	0.06372	0.02219	0.09847	0.03016	0.06170	0.01554	0.03224	0.02008	0.04285	0.01589	0.01946	0.01250	0.01025	0.00756	0.00330	0.01027	0.00652	0.00626	0.01205
38	0.01357	0.01072	0.01223	0.01260	0.01534	0.00938	0.00916	0.01669	0.02536	0.03241	0.19976	0.21298	0.33547	0.02785	0.01311	0.00379	0.00562	0.02404	0.01056	0.00938
39	0.03011	0.44258	0.12500	0.02208	0.03174	0.13255	0.02219	0.03481	0.02380	0.02711	0.01609	0.01866	0.01398	0.00981	0.00797	0.00258	0.01369	0.00636	0.00482	0.01406
40	0.01894	0.00947	0.01420	0.01420	0.01420	0.00947	0.00947	0.01420	0.01420	0.01894	0.01894	0.03314	0.01894	0.03788	0.04261	0.68277	0.00947	0.00947	0.00473	0.00473
41	0.02462	0.06492	0.15550	0.24862	0.10832	0.02651	0.03027	0.03189	0.02238	0.06817	0.02028	0.02660	0.01551	0.01192	0.01412	0.00362	0.09798	0.00916	0.00546	0.01415
42	0.13527	0.02675	0.03302	0.02549	0.03389	0.08427	0.10650	0.12826	0.03196	0.24217	0.02927	0.02902	0.01995	0.01190	0.01057	0.00335	0.01245	0.00994	0.00973	0.01623
43	0.01935	0.01900	0.03614	0.02924	0.03425	0.01859	0.22335	0.02438	0.02264	0.03073	0.04060	0.32048	0.04430	0.02245	0.01505	0.00413	0.05424	0.02173	0.00777	0.01157
44	0.59983	0.02553	0.01817	0.01632	0.02290	0.10342	0.01314	0.03370	0.02033	0.04572	0.01542	0.01799	0.01213	0.01028	0.00719	0.00329	0.01005	0.00607	0.00659	0.01193
45	0.14333	0.01607	0.01591	0.01605	0.01850	0.05436	0.01138	0.04974	0.02153	0.03213	0.03834	0.28672	0.04293	0.09189	0.02056	0.09527	0.00891	0.01883	0.00811	0.00945
46	0.11080	0.02079	0.02897	0.36795	0.05623	0.02476	0.02464	0.06291	0.09669	0.06645	0.02422	0.02958	0.01785	0.01164	0.01040	0.00357	0.01244	0.00967	0.00685	0.01357
47	0.60101	0.02072	0.01736	0.01507	0.02206	0.02325	0.01242	0.03509	0.02038	0.12195	0.01919	0.02050	0.01399	0.01061	0.00735	0.00337	0.00856	0.00663	0.00772	0.01278
48	0.03580	0.02631	0.02801	0.02241	0.02978	0.02919	0.01821	0.35969	0.13407	0.06048	0.03084	0.03090	0.02258	0.01334	0.01047	0.00324	0.01039	0.01032	0.10686	0.01710
49	0.01400	0.01038	0.01307	0.01389	0.01579	0.00945	0.00985	0.01726	0.02528	0.03399	0.24737	0.32361	0.16879	0.02860	0.01334	0.00392	0.00574	0.02539	0.01082	0.00945
50	0.09728	0.17714	0.07425	0.02365	0.03242	0.12362	0.05512	0.09430	0.02910	0.15847	0.02405	0.02472	0.01754	0.01120	0.00950	0.00304	0.01303	0.00837	0.00786	0.01535
51	0.01466	0.01106	0.01381	0.01517	0.01752	0.01021	0.01176	0.01810	0.02446	0.03151	0.12858	0.25110	0.21960	0.02962	0.01382	0.00426	0.00704	0.15794	0.01031	0.00947
52	0.02564	0.01447	0.01674	0.01488	0.01802	0.01442	0.01057	0.09030	0.02489	0.12442	0.03685	0.09280	0.03486	0.27944	0.03010	0.00644	0.00923	0.01426	0.13060	0.01108
53	0.37692	0.01787	0.01764	0.01579	0.02162	0.01901	0.01295	0.03279	0.02385	0.13949	0.12100	0.04454	0.03681	0.01517	0.00956	0.00357	0.00817	0.06138	0.00931	0.01258
54	0.08925	0.02455	0.03471	0.28054	0.05378	0.02797	0.07835	0.19839	0.03224	0.04482	0.02167	0.02707	0.01591	0.01141	0.01075	0.00349	0.01352	0.00974	0.00721	0.01462
55	0.01358	0.01013	0.01272	0.01465	0.01617	0.00927	0.01036	0.01596	0.02219	0.02865	0.07174	0.44689	0.18247	0.03225	0.01378	0.00431	0.00647	0.06925	0.01011	0.00905
56	0.08127	0.01301	0.01514	0.01534	0.01815	0.01296	0.01115	0.05798	0.02416	0.08330	0.04776	0.36278	0.05099	0.02485	0.01169	0.00383	0.00698	0.02175	0.12599	0.01094
57	0.03264	0.01988	0.05832	0.01909	0.02554	0.01700	0.01616	0.11011	0.03221	0.24405	0.16298	0.12765	0.04975	0.01833	0.01180	0.00353	0.00873	0.01560	0.01164	0.01498
58	0.02249	0.02201	0.03936	0.41699	0.15863	0.02501	0.09979	0.02989	0.02292	0.03029	0.01997	0.02874	0.01532	0.01044	0.01116	0.00357	0.01480	0.01015	0.00504	0.01342
59	0.01934	0.01253	0.01582	0.01667	0.01899	0.01230	0.01182	0.02567	0.09520	0.09067	0.05589	0.46249	0.06138	0.02902	0.01317	0.00420	0.00699	0.02603	0.01065	0.01117
60	0.01504	0.01037	0.01282	0.01409	0.01461	0.01012	0.00920	0.01634	0.01885	0.02503	0.04702	0.28781	0.05491	0.32370	0.03474	0.00755	0.00885	0.07271	0.00836	0.00787
61	0.19407	0.24049	0.03389	0.01864	0.02594	0.10839	0.01607	0.03628	0.06980	0.07077	0.02864	0.02925	0.06403	0.01224	0.00853	0.00298	0.01102	0.00853	0.00701	0.01345
62	0.03903	0.04018	0.03065	0.02616	0.03297	0.30123	0.02040	0.21364	0.10990	0.04447	0.02416	0.02502	0.01843	0.01241	0.01040	0.00310	0.01533	0.00879	0.00830	0.01542
63	0.01377	0.00984	0.01321	0.01574	0.01659	0.00928	0.01097	0.01603	0.02136	0.02838	0.05983	0.55418	0.07105	0.03370	0.01405	0.00450	0.00675	0.08168	0.01011	0.00899
64	0.01587	0.01081	0.01301	0.01376	0.01428	0.01074	0.00900	0.01700	0.01811	0.02399	0.04154	0.14214	0.04755	0.44367	0.04340	0.00886	0.00999	0.10115	0.00763	0.00749
65	0.03658	0.02172	0.03221	0.02512	0.03232	0.02153	0.10221	0.12703	0.03141	0.26169	0.03666	0.11521	0.02920	0.01605	0.01351	0.00366	0.05350	0.01386	0.01052	0.01601
66	0.02883	0.02920	0.03111	0.30687	0.05355	0.15981	0.02507	0.09129	0.10040	0.03479	0.02314	0.02811	0.01757	0.01179	0.01067	0.00340	0.01465	0.00943	0.00662	0.01372
67	0.03844	0.02551	0.02780	0.02174	0.02931	0.02754	0.01782	0.37297	0.04388	0.11766	0.02975	0.03002	0.02119	0.01306	0.01032	0.00315	0.01044	0.01001	0.13238	0.01702
68	0.03126	0.14562	0.26321	0.02955	0.09392	0.02605	0.02887	0.03923	0.02533	0.17779	0.02537	0.02636	0.01788	0.01097	0.00996	0.00320	0.01306	0.00864	0.00717	0.01653
69	0.04399	0.03655	0.02893	0.02437	0.03144	0.29529	0.01907	0.10075	0.03334	0.23711	0.02807	0.02718	0.01958	0.01232	0.01039	0.00308	0.01476	0.00887	0.00928	0.01561
70	0.01354	0.01107	0.01196	0.01173	0.01513	0.00948	0.00880	0.01692	0.02640	0.03314	0.22206	0.09887	0.43047	0.02624	0.01288	0.00362	0.00543	0.02216	0.01061	0.00948
71	0.04517	0.02458	0.02903	0.02226	0.03084	0.02496	0.01839	0.28384	0.04128	0.31142	0.03456	0.03162	0.02275	0.01329	0.01094	0.00332	0.01064	0.01039	0.01220	0.01855
72	0.02372	0.17999	0.17986	0.02955	0.03991	0.02771	0.17759	0.03165	0.02509	0.03413	0.11445	0.03429	0.03092	0.01190	0.01077	0.00324	0.01373	0.01115	0.00625	0.01408
73	0.04892	0.01856	0.02530	0.01940	0.02783	0.01603	0.01603	0.05314	0.03121	0.55634	0.04302	0.03711	0.02699	0.01350	0.01096	0.00337	0.00928	0.01096	0.01350	0.01856
74	0.01965	0.01224	0.01676	0.01789	0.02058	0.01168	0.01451	0.02380	0.02546	0.09092	0.12149	0.23349	0.06656	0.02827	0.01402	0.00447	0.00834	0.24846	0.01071	0.01071
75	0.02316	0.01788	0.07646	0.01679	0.02190	0.01376	0.01457	0.02993	0.05948	0.13189	0.17565	0.15110	0.08850	0.01991	0.01155	0.00350	0.00756	0.01714	0.10670	0.01256
76	0.03943	0.01889	0.02402	0.01903	0.02609	0.01781	0.01547	0.12727	0.03471	0.34444	0.16172	0.04595	0.04395	0.01556	0.01142	0.00337	0.00876	0.01289	0.01267	0.01654
77	0.02059	0.01938	0.03270	0.59060	0.07510	0.02422	0.03028	0.02786	0.02180	0.02786	0.01938	0.02907	0.01453	0.01090	0.01090	0.00363	0.01453	0.00969	0.00484	0.01211
78	0.69383	0.02109	0.01603	0.01434	0.02109	0.02446	0.01181	0.03205	0.01856	0.04892	0.01518	0.01771	0.01181	0.01012	0.00675	0.00337	0.00843	0.00590	0.00675	0.01181
79	0.01576	0.01097	0.01391	0.01391	0.01461	0.01167	0.00912	0.01715	0.01645	0.02264	0.03251	0.06113	0.03520	0.42508	0.24116	0.01306	0.01725	0.01436	0.00633	0.00773
80	0.02947	0.11296	0.04312	0.08513	0.10924	0.08708	0.15099	0.03708	0.06207	0.09188	0.02670	0.06849	0.02210	0.01230	0.01096	0.00334	0.01390	0.01151	0.00696	0.01470
81	0.36286	0.10443	0.02899	0.02365	0.08544	0.02950	0.01746	0.15467	0.02808	0.04934	0.01859	0.02090	0.01444	0.01073	0.00830	0.00319	0.01029	0.00733	0.00738	0.01444
