[name]
unknown

[dist]
# distance from previous block
# <min> <max>
13	35

[block]
# block no. 0 follows, 11 sequences, length 63
# corresponding to MSA columns:
# 44-106
name=unknown_A
#
# <colnr> <probs for GDERKNQSTAVLIFYWHMCP>
#	G	D	E	R	K	N	Q	S	T	A	V	L	I	F	Y	W	H	M	C	P
0	0.03639	0.02636	0.03525	0.02749	0.03573	0.09074	0.12970	0.04503	0.08841	0.22074	0.03518	0.07032	0.02656	0.01371	0.01161	0.00345	0.01282	0.01243	0.00981	0.06827
1	0.03217	0.03223	0.13655	0.02566	0.03570	0.08555	0.07825	0.03896	0.02787	0.16537	0.07043	0.03300	0.02660	0.01206	0.01083	0.00309	0.01283	0.01025	0.00841	0.15419
2	0.02953	0.03005	0.14275	0.09053	0.04125	0.02321	0.06530	0.04334	0.14416	0.13452	0.03120	0.03221	0.02241	0.01204	0.01095	0.00338	0.01222	0.01035	0.00852	0.11211
3	0.02461	0.09415	0.08929	0.09160	0.03498	0.02067	0.01954	0.03071	0.02493	0.06885	0.08782	0.03258	0.02839	0.01144	0.00970	0.00261	0.01030	0.00932	0.00724	0.30125
4	0.02622	0.01836	0.02123	0.01717	0.02403	0.01672	0.01361	0.09092	0.06281	0.10637	0.13824	0.05544	0.14064	0.01699	0.01122	0.00304	0.00797	0.01411	0.01033	0.20458
5	0.03167	0.10096	0.09610	0.03203	0.11679	0.03146	0.02453	0.17032	0.18938	0.04815	0.02992	0.03051	0.02267	0.01270	0.01075	0.00342	0.01189	0.01024	0.00884	0.01764
6	0.02662	0.01574	0.02007	0.01644	0.02258	0.01327	0.01287	0.03140	0.02892	0.16723	0.23442	0.08600	0.05919	0.01730	0.01145	0.00306	0.00732	0.01490	0.01104	0.20017
7	0.02470	0.06679	0.12522	0.02301	0.02974	0.02383	0.02128	0.12172	0.02807	0.03901	0.03401	0.20832	0.03488	0.02006	0.01496	0.00378	0.08525	0.01620	0.00811	0.07104
8	0.03794	0.16950	0.07491	0.02992	0.09316	0.02678	0.08293	0.04361	0.02787	0.25804	0.03026	0.03015	0.02112	0.01163	0.01051	0.00325	0.01230	0.00993	0.00905	0.01716
9	0.02584	0.01955	0.03008	0.03299	0.15656	0.01913	0.06066	0.03485	0.08629	0.10704	0.23418	0.05403	0.05707	0.01640	0.01226	0.00354	0.00956	0.01501	0.01014	0.01483
10	0.01400	0.01002	0.01332	0.01548	0.01639	0.00933	0.01047	0.01640	0.02289	0.03087	0.12267	0.53038	0.07857	0.03367	0.01422	0.00444	0.00637	0.03048	0.01070	0.00933
11	0.02845	0.02000	0.02895	0.12350	0.16333	0.02056	0.02168	0.03680	0.08889	0.14036	0.04165	0.04716	0.08433	0.08512	0.01702	0.00446	0.01107	0.01301	0.00872	0.01493
12	0.04240	0.02378	0.02952	0.09046	0.03679	0.02464	0.02006	0.19785	0.08004	0.28043	0.03581	0.03389	0.02398	0.01358	0.01130	0.00351	0.01111	0.01089	0.01174	0.01822
13	0.02901	0.03203	0.02228	0.02063	0.02497	0.27948	0.01547	0.03281	0.03006	0.03421	0.16371	0.05080	0.10684	0.01692	0.01108	0.00315	0.01270	0.01316	0.08905	0.01165
14	0.02274	0.01293	0.01714	0.01544	0.01918	0.01171	0.01180	0.02764	0.03124	0.14413	0.39938	0.10944	0.08828	0.02201	0.01295	0.00360	0.00625	0.01932	0.01257	0.01224
15	0.04091	0.02329	0.03067	0.07597	0.09619	0.02366	0.02117	0.14114	0.09252	0.27986	0.03605	0.03444	0.02451	0.01329	0.01130	0.00351	0.01101	0.01097	0.01129	0.01825
16	0.01572	0.08344	0.01868	0.01611	0.01786	0.01348	0.01153	0.01788	0.02171	0.02846	0.05635	0.52620	0.06709	0.03212	0.01349	0.00431	0.00720	0.02882	0.00976	0.00979
17	0.01438	0.01111	0.01313	0.01333	0.01605	0.00985	0.00973	0.01798	0.02716	0.03565	0.26050	0.20049	0.27450	0.02782	0.01351	0.00386	0.00572	0.02417	0.01119	0.00985
18	0.02456	0.11784	0.38394	0.03408	0.10151	0.02858	0.03602	0.03738	0.06643	0.03567	0.02199	0.02514	0.01644	0.01089	0.01040	0.00342	0.01503	0.00862	0.00544	0.01661
19	0.03189	0.02966	0.04109	0.09047	0.35142	0.07464	0.03035	0.13563	0.03190	0.04286	0.02204	0.02716	0.01763	0.01101	0.01109	0.00334	0.01387	0.00981	0.00679	0.01734
20	0.04574	0.02678	0.03084	0.02365	0.03254	0.02786	0.01953	0.32728	0.04498	0.25158	0.03369	0.03135	0.02248	0.01367	0.01128	0.00342	0.01131	0.01059	0.01228	0.01915
21	0.01593	0.01150	0.01504	0.01416	0.01681	0.01062	0.01062	0.02124	0.03186	0.04513	0.52830	0.08407	0.10620	0.02301	0.01327	0.00354	0.00531	0.02035	0.01239	0.01062
22	0.03248	0.03153	0.15894	0.09072	0.23353	0.02353	0.03080	0.04010	0.02679	0.18013	0.02747	0.03005	0.01959	0.01141	0.01109	0.00347	0.01321	0.00998	0.00771	0.01745
23	0.04021	0.03192	0.07969	0.02783	0.03716	0.09478	0.09044	0.15415	0.06625	0.21387	0.03159	0.03110	0.02171	0.01268	0.01139	0.00346	0.01358	0.01063	0.01008	0.01747
24	0.02786	0.02674	0.04568	0.06908	0.53424	0.02674	0.03454	0.03454	0.02563	0.03677	0.02117	0.02786	0.01783	0.01003	0.01114	0.00334	0.01337	0.01003	0.00557	0.01783
25	0.26318	0.25925	0.16717	0.02091	0.03135	0.03294	0.02238	0.03397	0.02176	0.03743	0.01681	0.01958	0.01359	0.01019	0.00801	0.00309	0.01200	0.00663	0.00557	0.01419
26	0.02897	0.03576	0.21266	0.02583	0.03619	0.02584	0.02619	0.05048	0.27511	0.10734	0.03642	0.03496	0.02629	0.01345	0.01116	0.00368	0.01177	0.01096	0.00937	0.01756
27	0.02533	0.01990	0.03035	0.37629	0.05950	0.02160	0.02521	0.03185	0.02389	0.09348	0.02299	0.02944	0.01697	0.01089	0.01057	0.00322	0.01276	0.00937	0.00649	0.16987
28	0.01879	0.01585	0.02255	0.21875	0.04046	0.01797	0.01915	0.02769	0.10354	0.03178	0.04424	0.30124	0.04643	0.02332	0.01276	0.00415	0.00997	0.02090	0.00866	0.01179
29	0.01467	0.01020	0.01278	0.01445	0.01487	0.00978	0.00914	0.01592	0.01969	0.02625	0.05249	0.40898	0.06239	0.23982	0.02979	0.00685	0.00810	0.02638	0.00914	0.00831
30	0.01951	0.01236	0.01466	0.01358	0.01701	0.01102	0.00999	0.02290	0.02701	0.10038	0.22859	0.08547	0.24368	0.12030	0.02033	0.00485	0.00694	0.01979	0.01094	0.01068
31	0.45526	0.02505	0.02069	0.01778	0.02501	0.08858	0.01439	0.03969	0.02381	0.16415	0.02269	0.02328	0.01619	0.01141	0.00839	0.00341	0.01033	0.00747	0.00847	0.01394
32	0.02457	0.02216	0.03519	0.45190	0.12725	0.02637	0.03050	0.08425	0.02644	0.03466	0.02097	0.02940	0.01583	0.01137	0.01124	0.00366	0.01450	0.01002	0.00580	0.01392
33	0.01911	0.01163	0.01546	0.01560	0.01804	0.01064	0.01126	0.02271	0.02701	0.09819	0.24767	0.32205	0.08153	0.02772	0.01355	0.00402	0.00641	0.02478	0.01166	0.01096
34	0.01771	0.01563	0.01542	0.01701	0.01825	0.08089	0.01149	0.01956	0.02229	0.02777	0.05312	0.46078	0.06272	0.09884	0.01884	0.00510	0.00883	0.02695	0.00942	0.00938
35	0.02126	0.02001	0.03376	0.57739	0.07752	0.02501	0.03126	0.02876	0.02251	0.02876	0.02001	0.03001	0.01500	0.01125	0.01125	0.00375	0.01500	0.01000	0.00500	0.01250
36	0.02425	0.03064	0.11569	0.04001	0.04975	0.02614	0.33820	0.03264	0.02483	0.03434	0.02693	0.10280	0.02401	0.01379	0.01498	0.00396	0.06170	0.01484	0.00614	0.01435
37	0.02608	0.02252	0.02362	0.02141	0.02744	0.02559	0.01661	0.05413	0.45041	0.04491	0.05468	0.05062	0.09877	0.01699	0.01169	0.00382	0.00849	0.01416	0.01132	0.01673
38	0.04062	0.02110	0.02708	0.02224	0.02903	0.02160	0.01842	0.10572	0.07458	0.31620	0.04062	0.04618	0.03019	0.01673	0.01483	0.00387	0.07723	0.06470	0.01188	0.01718
39	0.04016	0.02327	0.02749	0.02249	0.03015	0.02403	0.01850	0.19222	0.12582	0.24287	0.04093	0.04578	0.03060	0.01605	0.01182	0.00371	0.01044	0.06357	0.01221	0.01788
40	0.01654	0.01138	0.01450	0.01372	0.01637	0.01060	0.01029	0.02184	0.03087	0.04475	0.46939	0.07903	0.09693	0.02182	0.01263	0.00343	0.00530	0.01917	0.09082	0.01060
41	0.02126	0.02001	0.03376	0.57739	0.07752	0.02501	0.03126	0.02876	0.02251	0.02876	0.02001	0.03001	0.01500	0.01125	0.01125	0.00375	0.01500	0.01000	0.00500	0.01250
42	0.03163	0.02260	0.03499	0.19795	0.21712	0.02384	0.02714	0.04091	0.08356	0.16192	0.02953	0.03274	0.02146	0.01197	0.01125	0.00355	0.01237	0.01066	0.00818	0.01662
43	0.02766	0.03532	0.11601	0.08775	0.11186	0.09131	0.29128	0.03632	0.02643	0.03449	0.02141	0.02803	0.01635	0.01009	0.01218	0.00360	0.01788	0.01131	0.00552	0.01520
44	0.01404	0.00993	0.01296	0.01526	0.01583	0.00936	0.01000	0.01576	0.02091	0.02789	0.05878	0.53300	0.07034	0.10496	0.01962	0.00535	0.00707	0.03008	0.01000	0.00886
45	0.02800	0.02418	0.02545	0.02291	0.02927	0.02800	0.01782	0.05981	0.51390	0.04708	0.04581	0.04199	0.03436	0.01527	0.01145	0.00382	0.00891	0.01273	0.01145	0.01782
46	0.11771	0.01980	0.02389	0.01811	0.02709	0.01702	0.01479	0.04208	0.02723	0.28925	0.03159	0.03015	0.02168	0.01137	0.00965	0.00279	0.00900	0.00891	0.01031	0.26758
47	0.03155	0.03746	0.20749	0.03221	0.04311	0.02804	0.13007	0.12838	0.03052	0.11195	0.02481	0.02796	0.01778	0.01252	0.01460	0.00373	0.08329	0.01035	0.00754	0.01665
48	0.10736	0.08146	0.07469	0.02802	0.09007	0.20403	0.02110	0.06549	0.02844	0.03544	0.03713	0.03861	0.11479	0.01445	0.01040	0.00325	0.01378	0.01084	0.00701	0.01367
49	0.01451	0.01063	0.01362	0.01460	0.01638	0.00975	0.01029	0.01784	0.02594	0.03515	0.24512	0.34511	0.13981	0.02982	0.01383	0.00409	0.00597	0.02661	0.01119	0.00975
50	0.02768	0.02126	0.03255	0.10175	0.16392	0.02174	0.06281	0.09223	0.03046	0.08669	0.12662	0.04197	0.03733	0.01387	0.01141	0.00340	0.01104	0.01254	0.08579	0.01494
51	0.04120	0.14283	0.03714	0.02280	0.03164	0.02350	0.07854	0.04613	0.02897	0.33622	0.03512	0.03332	0.02374	0.01241	0.01050	0.00324	0.01102	0.01042	0.05417	0.01709
52	0.01637	0.01091	0.01228	0.01228	0.01228	0.01091	0.00682	0.01637	0.01637	0.02182	0.03546	0.07365	0.04092	0.60445	0.05729	0.01091	0.01091	0.01637	0.00682	0.00682
53	0.01479	0.01062	0.01309	0.01401	0.01528	0.00994	0.00936	0.01707	0.02290	0.03065	0.15941	0.30131	0.12605	0.17412	0.02474	0.00585	0.00727	0.02468	0.00995	0.00891
54	0.02858	0.02873	0.13760	0.13314	0.09026	0.02233	0.11910	0.03615	0.02582	0.14356	0.03102	0.09842	0.02542	0.01415	0.01192	0.00373	0.01377	0.01324	0.00773	0.01535
55	0.09164	0.02729	0.03581	0.06254	0.03898	0.07158	0.11084	0.14279	0.03393	0.22539	0.03026	0.03064	0.02066	0.01233	0.01123	0.00349	0.01322	0.01059	0.00993	0.01687
56	0.03274	0.01931	0.02340	0.01967	0.02576	0.01941	0.01583	0.12963	0.09530	0.19165	0.20045	0.05737	0.05501	0.01812	0.01224	0.00363	0.00871	0.04380	0.01236	0.01561
57	0.01371	0.00979	0.01306	0.01567	0.01632	0.00914	0.01045	0.01567	0.02155	0.02873	0.06203	0.59710	0.07444	0.03526	0.01437	0.00457	0.00653	0.03200	0.01045	0.00914
58	0.02408	0.02143	0.02758	0.02503	0.09303	0.01886	0.01745	0.02900	0.02291	0.03554	0.01953	0.02408	0.01659	0.00992	0.01213	0.00228	0.07795	0.00749	0.00632	0.50882
59	0.12128	0.02768	0.09075	0.07092	0.03586	0.02454	0.02128	0.15009	0.06350	0.18407	0.02942	0.02946	0.02041	0.01235	0.01041	0.00336	0.01132	0.00956	0.00970	0.07406
60	0.13812	0.21537	0.20270	0.02864	0.09456	0.03090	0.02679	0.03616	0.02368	0.07940	0.02026	0.02284	0.01558	0.01053	0.00911	0.00316	0.01289	0.00770	0.00604	0.01558
61	0.02712	0.02531	0.09146	0.02198	0.02846	0.02240	0.01927	0.21433	0.03549	0.04848	0.09548	0.18154	0.04395	0.02609	0.06027	0.00502	0.01214	0.01691	0.00988	0.01443
62	0.03227	0.03402	0.21995	0.02358	0.03562	0.01969	0.02500	0.04007	0.02651	0.20777	0.02836	0.02858	0.01956	0.01112	0.01023	0.00299	0.01186	0.00886	0.00842	0.20555

[dist]
# distance from previous block
# <min> <max>
0	2

[block]
# block no. 1 follows, 11 sequences, length 18
# corresponding to MSA columns:
# 109-126
name=unknown_B
#
# <colnr> <probs for GDERKNQSTAVLIFYWHMCP>
#	G	D	E	R	K	N	Q	S	T	A	V	L	I	F	Y	W	H	M	C	P
0	0.12525	0.02505	0.02747	0.02209	0.03016	0.02682	0.01800	0.21154	0.14562	0.19842	0.03474	0.03248	0.02414	0.01363	0.01076	0.00352	0.01032	0.01053	0.01151	0.01794
1	0.02893	0.02041	0.03085	0.26869	0.11487	0.02244	0.02496	0.03834	0.08905	0.14712	0.03238	0.07899	0.02558	0.01416	0.01153	0.00371	0.01210	0.01243	0.00836	0.01511
2	0.03147	0.10602	0.09324	0.02790	0.03722	0.02996	0.10775	0.14486	0.15136	0.07654	0.05645	0.03351	0.02653	0.01294	0.01120	0.00347	0.01259	0.01123	0.00899	0.01676
3	0.02733	0.01788	0.02713	0.02226	0.02725	0.01730	0.09984	0.03422	0.08333	0.15072	0.03997	0.12178	0.03706	0.21081	0.02725	0.00617	0.01126	0.01621	0.00932	0.01289
4	0.01371	0.00979	0.01306	0.01567	0.01632	0.00914	0.01045	0.01567	0.02155	0.02873	0.06203	0.59710	0.07444	0.03526	0.01437	0.00457	0.00653	0.03200	0.01045	0.00914
5	0.02513	0.02020	0.02826	0.02736	0.08870	0.02063	0.06537	0.13055	0.06401	0.04664	0.18480	0.12095	0.05402	0.01849	0.01228	0.00360	0.00962	0.01659	0.04871	0.01409
6	0.13717	0.02667	0.08263	0.02440	0.03364	0.02348	0.07685	0.07191	0.12120	0.18845	0.03207	0.03155	0.02253	0.01229	0.01059	0.00344	0.01124	0.01026	0.00968	0.06994
7	0.02568	0.01852	0.02741	0.08117	0.03123	0.02128	0.04832	0.02905	0.02198	0.12167	0.03434	0.16202	0.03387	0.09193	0.02549	0.00512	0.18435	0.01610	0.00809	0.01239
8	0.02040	0.01196	0.01551	0.01492	0.01786	0.01101	0.01106	0.02474	0.02844	0.10541	0.29607	0.20314	0.07987	0.02388	0.01273	0.00370	0.00617	0.02108	0.08072	0.01135
9	0.18206	0.06876	0.12289	0.03644	0.18435	0.09526	0.02569	0.03446	0.02501	0.03875	0.06618	0.02855	0.02348	0.01163	0.00991	0.00332	0.01292	0.00916	0.00637	0.01479
10	0.11926	0.02840	0.04485	0.03807	0.10688	0.07463	0.21873	0.04056	0.02726	0.15201	0.02604	0.02933	0.01874	0.01089	0.01144	0.00354	0.01490	0.01091	0.00772	0.01584
11	0.03612	0.02539	0.09500	0.02755	0.09190	0.02070	0.02165	0.04743	0.12570	0.26571	0.08801	0.04053	0.03414	0.01422	0.01144	0.00355	0.01039	0.01197	0.01107	0.01753
12	0.22424	0.02437	0.02751	0.02570	0.08984	0.02518	0.01841	0.16504	0.03223	0.14271	0.02531	0.02620	0.01826	0.01161	0.00964	0.00320	0.01041	0.00872	0.00922	0.10221
13	0.03586	0.02776	0.07073	0.02446	0.03219	0.02778	0.02107	0.16477	0.20174	0.15753	0.03548	0.03414	0.02545	0.01461	0.01391	0.00373	0.06916	0.01111	0.01073	0.01779
14	0.10250	0.03224	0.09324	0.02837	0.08571	0.07592	0.02265	0.18401	0.03455	0.11384	0.02487	0.02619	0.01808	0.01169	0.01026	0.00315	0.01248	0.00892	0.00867	0.10265
15	0.10503	0.02126	0.02369	0.02074	0.02709	0.02287	0.01677	0.10194	0.20450	0.13897	0.08664	0.05180	0.03946	0.01705	0.01160	0.00382	0.00929	0.07020	0.01132	0.01595
16	0.02491	0.02326	0.09256	0.02774	0.09057	0.01856	0.02237	0.03399	0.07706	0.08792	0.04162	0.06998	0.03925	0.01949	0.01258	0.00397	0.01105	0.19393	0.00904	0.10014
17	0.02762	0.19043	0.11569	0.03032	0.09531	0.03062	0.06748	0.08462	0.09199	0.03973	0.08956	0.03388	0.03012	0.01270	0.01053	0.00325	0.01226	0.01069	0.00751	0.01568

[dist]
# distance from previous block
# <min> <max>
3	46

[block]
# block no. 2 follows, 11 sequences, length 34
# corresponding to MSA columns:
# 173-206
name=unknown_C
#
# <colnr> <probs for GDERKNQSTAVLIFYWHMCP>
#	G	D	E	R	K	N	Q	S	T	A	V	L	I	F	Y	W	H	M	C	P
0	0.03458	0.16771	0.13637	0.07458	0.03596	0.02539	0.02277	0.04087	0.02659	0.22352	0.02970	0.03013	0.02082	0.01193	0.00989	0.00319	0.01169	0.00925	0.06897	0.01610
1	0.03076	0.10126	0.08301	0.02171	0.03064	0.02550	0.01938	0.04722	0.22478	0.12758	0.03423	0.03292	0.02530	0.01254	0.01023	0.00315	0.01011	0.01003	0.00945	0.14020
2	0.02963	0.17686	0.03437	0.07331	0.03266	0.02888	0.01845	0.08770	0.16099	0.08529	0.03865	0.03828	0.07547	0.01399	0.01026	0.00321	0.01036	0.01103	0.00886	0.06176
3	0.03597	0.15896	0.03482	0.07201	0.03328	0.02792	0.01905	0.16493	0.03346	0.17517	0.03304	0.10507	0.02743	0.01545	0.01076	0.00338	0.01101	0.01243	0.00978	0.01610
4	0.12748	0.02272	0.03013	0.02623	0.07869	0.02167	0.05130	0.10176	0.03090	0.26430	0.03131	0.03061	0.02142	0.01198	0.01045	0.00324	0.01068	0.00986	0.01031	0.10497
5	0.11625	0.02302	0.03260	0.02469	0.03318	0.02219	0.11442	0.11405	0.03136	0.14358	0.09451	0.03588	0.03085	0.01279	0.01093	0.00324	0.01111	0.01130	0.00947	0.12460
6	0.02514	0.02850	0.14408	0.02185	0.02958	0.02227	0.02119	0.08046	0.07257	0.04110	0.02709	0.03085	0.02112	0.01291	0.01321	0.00319	0.08751	0.00946	0.18694	0.12100
7	0.02729	0.03313	0.16998	0.02923	0.09850	0.02370	0.02517	0.14119	0.03102	0.04390	0.03167	0.03376	0.07019	0.01253	0.01055	0.00303	0.01193	0.01015	0.00749	0.18560
8	0.11998	0.01737	0.02090	0.01816	0.02414	0.01652	0.01448	0.06499	0.02824	0.21149	0.07804	0.15616	0.04273	0.01946	0.01161	0.00369	0.00868	0.05758	0.01101	0.07475
9	0.03336	0.02440	0.03299	0.02960	0.09660	0.02408	0.06468	0.16835	0.06651	0.12358	0.08002	0.03534	0.02959	0.01293	0.01116	0.00318	0.01106	0.01121	0.00973	0.13163
10	0.10112	0.02683	0.02703	0.02281	0.02880	0.07646	0.01833	0.16250	0.14356	0.08545	0.02992	0.03100	0.02255	0.01425	0.01387	0.00358	0.08805	0.01013	0.07801	0.01574
11	0.02662	0.02176	0.08760	0.01991	0.02609	0.01752	0.01744	0.06710	0.09533	0.14007	0.17570	0.15945	0.05698	0.02037	0.01239	0.00376	0.00882	0.01761	0.01112	0.01434
12	0.01390	0.01024	0.01263	0.01443	0.01567	0.00940	0.00968	0.01584	0.02186	0.02836	0.07005	0.44114	0.16541	0.09315	0.01862	0.00507	0.00681	0.02866	0.01007	0.00897
13	0.02334	0.02001	0.02334	0.01667	0.02667	0.01500	0.01334	0.02834	0.02334	0.03668	0.02001	0.02334	0.01667	0.00834	0.00834	0.00167	0.00834	0.00667	0.00667	0.67325
14	0.02257	0.05822	0.54613	0.03208	0.04871	0.02614	0.04158	0.03564	0.02376	0.03564	0.02020	0.02376	0.01426	0.01069	0.01069	0.00356	0.01663	0.00832	0.00475	0.01663
15	0.01712	0.01309	0.01601	0.01575	0.01882	0.01279	0.01203	0.02514	0.09112	0.04052	0.31381	0.13917	0.14652	0.02486	0.01339	0.00389	0.00648	0.06667	0.01160	0.01121
16	0.02257	0.05822	0.54613	0.03208	0.04871	0.02614	0.04158	0.03564	0.02376	0.03564	0.02020	0.02376	0.01426	0.01069	0.01069	0.00356	0.01663	0.00832	0.00475	0.01663
17	0.02004	0.01346	0.01655	0.01672	0.01995	0.01301	0.01290	0.02641	0.07569	0.08229	0.11504	0.19091	0.15476	0.06988	0.01691	0.00474	0.00797	0.12066	0.01080	0.01132
18	0.01606	0.01198	0.01768	0.01756	0.01966	0.01360	0.01360	0.02025	0.01995	0.02869	0.09733	0.04959	0.03867	0.07613	0.48613	0.01613	0.02680	0.01318	0.00689	0.01013
19	0.04613	0.01898	0.02469	0.01925	0.02719	0.01715	0.01580	0.08443	0.03267	0.44249	0.04211	0.03793	0.02733	0.01379	0.01087	0.00336	0.00923	0.01112	0.09742	0.01804
20	0.01772	0.01426	0.02037	0.01945	0.02081	0.01746	0.01507	0.02090	0.01770	0.02573	0.02799	0.04452	0.02736	0.14243	0.39417	0.01466	0.13121	0.01223	0.00593	0.01004
21	0.01400	0.01001	0.01331	0.01548	0.01639	0.00933	0.01047	0.01639	0.02287	0.03083	0.12179	0.53135	0.07851	0.03369	0.01423	0.00444	0.00637	0.03050	0.01070	0.00933
22	0.01383	0.01041	0.01281	0.01435	0.01607	0.00939	0.00995	0.01638	0.02374	0.03090	0.12478	0.41039	0.20187	0.03214	0.01396	0.00425	0.00618	0.02854	0.01065	0.00939
23	0.02855	0.01522	0.01969	0.01692	0.02193	0.01419	0.01325	0.03597	0.07619	0.21085	0.32285	0.06497	0.07351	0.01928	0.01246	0.00355	0.00706	0.01664	0.01282	0.01412
24	0.01394	0.00997	0.01326	0.01552	0.01638	0.00929	0.01047	0.01624	0.02261	0.03042	0.10998	0.54434	0.07771	0.03400	0.01425	0.00446	0.00640	0.03080	0.01065	0.00929
25	0.01924	0.01488	0.01837	0.01955	0.02274	0.01552	0.01582	0.02994	0.14102	0.03564	0.06084	0.19865	0.09399	0.02797	0.01417	0.00463	0.00891	0.23563	0.01065	0.01183
26	0.01716	0.01286	0.01657	0.01613	0.01666	0.01455	0.01111	0.01858	0.01728	0.02405	0.03354	0.09973	0.03704	0.36236	0.17158	0.01138	0.08861	0.01568	0.00666	0.00847
27	0.01464	0.01035	0.01360	0.01586	0.01668	0.00987	0.01094	0.01675	0.02141	0.02843	0.05814	0.46625	0.06868	0.11149	0.02031	0.00550	0.00761	0.08455	0.00995	0.00899
28	0.02017	0.01519	0.01629	0.01509	0.01930	0.01505	0.01154	0.08960	0.07610	0.04058	0.12290	0.12413	0.25916	0.02315	0.01221	0.00363	0.00692	0.01944	0.09768	0.01186
29	0.03009	0.61122	0.05898	0.01926	0.02889	0.04454	0.01926	0.03370	0.02287	0.02648	0.01565	0.01805	0.01444	0.00963	0.00722	0.00241	0.01204	0.00602	0.00481	0.01444
30	0.03262	0.02855	0.04109	0.10973	0.09602	0.07835	0.13634	0.10049	0.06600	0.10382	0.02604	0.03001	0.01936	0.01246	0.01400	0.00367	0.06696	0.01090	0.00775	0.01586
31	0.09069	0.03296	0.11192	0.05327	0.32419	0.06628	0.08890	0.03551	0.02534	0.03716	0.02043	0.02614	0.01647	0.01021	0.01087	0.00341	0.01457	0.00962	0.00563	0.01645
32	0.02539	0.15841	0.08432	0.09499	0.11316	0.02933	0.19822	0.03244	0.02449	0.03247	0.02454	0.08508	0.02209	0.01251	0.01137	0.00348	0.01482	0.01248	0.00584	0.01457
33	0.09365	0.01433	0.01868	0.01714	0.02074	0.01504	0.01313	0.02831	0.02087	0.14298	0.03175	0.04341	0.02749	0.12767	0.27297	0.06158	0.01919	0.01168	0.00791	0.01148

[dist]
# distance from previous block
# <min> <max>
0	1

[block]
# block no. 3 follows, 11 sequences, length 95
# corresponding to MSA columns:
# 208-302
name=unknown_D
#
# <colnr> <probs for GDERKNQSTAVLIFYWHMCP>
#	G	D	E	R	K	N	Q	S	T	A	V	L	I	F	Y	W	H	M	C	P
0	0.02342	0.08631	0.08037	0.10019	0.03912	0.09459	0.10911	0.02882	0.02435	0.03033	0.03458	0.22714	0.03618	0.01923	0.01212	0.00378	0.01332	0.01745	0.00712	0.01246
1	0.04656	0.01800	0.02404	0.01875	0.02665	0.01574	0.01539	0.05103	0.03107	0.47533	0.04338	0.03880	0.02799	0.01382	0.01086	0.00337	0.00900	0.01121	0.10103	0.01800
2	0.02131	0.02020	0.03491	0.14596	0.16759	0.02042	0.10550	0.02747	0.02559	0.03448	0.10560	0.10492	0.10408	0.01698	0.01245	0.00372	0.01187	0.01606	0.00755	0.01333
3	0.03382	0.03297	0.14062	0.03325	0.04430	0.02644	0.19193	0.11768	0.06579	0.15321	0.02933	0.03111	0.02045	0.01176	0.01190	0.00362	0.01468	0.01135	0.00864	0.01716
4	0.02049	0.01218	0.01543	0.01450	0.01780	0.01109	0.01090	0.02497	0.02906	0.10741	0.30971	0.14566	0.12541	0.02300	0.01262	0.00360	0.00608	0.02006	0.07858	0.01143
5	0.04536	0.02180	0.02720	0.02108	0.02933	0.02096	0.01732	0.17072	0.03775	0.37121	0.08268	0.03934	0.03247	0.01462	0.01148	0.00346	0.00995	0.01180	0.01308	0.01839
6	0.14038	0.20550	0.13638	0.07695	0.03472	0.02936	0.02211	0.03345	0.06631	0.03511	0.03280	0.03461	0.08455	0.01317	0.00946	0.00327	0.01154	0.00985	0.00654	0.01393
7	0.03640	0.10698	0.08328	0.02229	0.03034	0.09354	0.02000	0.08106	0.03003	0.20976	0.04054	0.03938	0.08937	0.01505	0.01251	0.00340	0.04967	0.01126	0.00942	0.01572
8	0.10272	0.01821	0.02315	0.01827	0.02600	0.01649	0.01498	0.04904	0.02989	0.43059	0.04081	0.03703	0.02660	0.01351	0.01046	0.00337	0.00891	0.01074	0.10187	0.01736
9	0.02001	0.01228	0.01593	0.01490	0.01819	0.01111	0.01120	0.02452	0.02996	0.10788	0.36376	0.14970	0.12903	0.02395	0.01316	0.00370	0.00608	0.02103	0.01216	0.01146
10	0.03488	0.14311	0.08593	0.02726	0.03648	0.10142	0.08560	0.11481	0.11150	0.10768	0.02782	0.02857	0.02059	0.01207	0.01061	0.00329	0.01370	0.00982	0.00837	0.01647
11	0.02126	0.02001	0.03376	0.57739	0.07752	0.02501	0.03126	0.02876	0.02251	0.02876	0.02001	0.03001	0.01500	0.01125	0.01125	0.00375	0.01500	0.01000	0.00500	0.01250
12	0.01460	0.01065	0.01383	0.01540	0.01701	0.00988	0.01105	0.01771	0.02468	0.03303	0.17053	0.38722	0.12674	0.03145	0.01413	0.00432	0.00655	0.07069	0.01087	0.00963
13	0.12517	0.02650	0.03188	0.08525	0.10313	0.02868	0.02217	0.25743	0.03849	0.13231	0.02671	0.02802	0.01897	0.01247	0.01068	0.00344	0.01186	0.00975	0.00971	0.01737
14	0.08977	0.07723	0.04031	0.02839	0.03688	0.02731	0.16008	0.13075	0.07457	0.09569	0.09393	0.03648	0.03128	0.01315	0.01142	0.00350	0.01248	0.01206	0.00906	0.01566
15	0.01593	0.01085	0.01229	0.01252	0.01283	0.01066	0.00726	0.01629	0.01745	0.02301	0.04307	0.12258	0.07653	0.51532	0.05053	0.00987	0.01017	0.01825	0.00739	0.00721
16	0.04204	0.05364	0.03190	0.02900	0.03480	0.55926	0.02175	0.04494	0.03190	0.02755	0.01740	0.02030	0.01450	0.01160	0.01015	0.00290	0.02030	0.00725	0.00580	0.01305
17	0.02126	0.02001	0.03376	0.57739	0.07752	0.02501	0.03126	0.02876	0.02251	0.02876	0.02001	0.03001	0.01500	0.01125	0.01125	0.00375	0.01500	0.01000	0.00500	0.01250
18	0.02126	0.02001	0.03376	0.57739	0.07752	0.02501	0.03126	0.02876	0.02251	0.02876	0.02001	0.03001	0.01500	0.01125	0.01125	0.00375	0.01500	0.01000	0.00500	0.01250
19	0.02800	0.02418	0.02545	0.02291	0.02927	0.02800	0.01782	0.05981	0.51390	0.04708	0.04581	0.04199	0.03436	0.01527	0.01145	0.00382	0.00891	0.01273	0.01145	0.01782
20	0.01475	0.01054	0.01425	0.01686	0.01797	0.01004	0.01225	0.01747	0.02257	0.02989	0.06146	0.48667	0.07217	0.03428	0.01464	0.00471	0.00743	0.13217	0.01043	0.00943
21	0.03009	0.61122	0.05898	0.01926	0.02889	0.04454	0.01926	0.03370	0.02287	0.02648	0.01565	0.01805	0.01444	0.00963	0.00722	0.00241	0.01204	0.00602	0.00481	0.01444
22	0.08252	0.01722	0.02456	0.02031	0.02570	0.01682	0.07666	0.03263	0.07768	0.11198	0.30210	0.06071	0.06825	0.01810	0.01227	0.00359	0.00837	0.01617	0.01113	0.01324
23	0.01389	0.01067	0.01220	0.01328	0.01527	0.00954	0.00910	0.01598	0.02270	0.02855	0.08191	0.30533	0.27552	0.10940	0.01971	0.00508	0.00675	0.02615	0.00996	0.00899
24	0.10418	0.09836	0.02965	0.01946	0.02813	0.02105	0.01652	0.05009	0.02981	0.42950	0.03801	0.03382	0.02468	0.01305	0.01038	0.00334	0.00983	0.01015	0.01209	0.01791
25	0.05050	0.01915	0.02612	0.02003	0.02873	0.01654	0.01654	0.05485	0.03221	0.54203	0.04440	0.03831	0.02786	0.01393	0.01132	0.00348	0.00958	0.01132	0.01393	0.01915
26	0.02280	0.02158	0.03655	0.45826	0.18456	0.02541	0.03203	0.03011	0.02324	0.03064	0.02028	0.02950	0.01567	0.01097	0.01123	0.00366	0.01462	0.01001	0.00513	0.01375
27	0.01431	0.01130	0.01290	0.01280	0.01590	0.00988	0.00949	0.01799	0.02759	0.03571	0.26290	0.14272	0.33237	0.02707	0.01339	0.00377	0.00563	0.02323	0.01117	0.00988
28	0.01619	0.01162	0.01676	0.01711	0.01899	0.01310	0.01305	0.02004	0.01903	0.02785	0.03497	0.11776	0.03438	0.07166	0.43907	0.01494	0.02483	0.01458	0.06411	0.00997
29	0.02097	0.01473	0.01702	0.01564	0.01755	0.01566	0.01059	0.10154	0.02309	0.03118	0.03310	0.06057	0.03497	0.41435	0.13236	0.01077	0.01435	0.01456	0.00747	0.00952
30	0.01611	0.01195	0.01751	0.01751	0.01933	0.01376	0.01335	0.01973	0.01792	0.02570	0.03067	0.04712	0.02940	0.13577	0.51021	0.01738	0.02825	0.01248	0.00611	0.00973
31	0.01541	0.01136	0.01630	0.01690	0.01862	0.01226	0.01261	0.01903	0.02088	0.02938	0.10535	0.20146	0.05127	0.06272	0.33705	0.01243	0.02034	0.01864	0.00809	0.00988
32	0.17291	0.02955	0.03028	0.02364	0.03224	0.03294	0.01952	0.40262	0.04607	0.06679	0.02472	0.02525	0.01773	0.01289	0.01039	0.00340	0.01164	0.00931	0.01039	0.01773
33	0.01390	0.00987	0.01300	0.01543	0.01604	0.00927	0.01019	0.01572	0.02119	0.02825	0.06017	0.56039	0.07209	0.07518	0.01738	0.00502	0.00684	0.03090	0.01019	0.00898
34	0.04143	0.02299	0.02731	0.02173	0.02960	0.02338	0.01767	0.18444	0.11760	0.27602	0.08240	0.03961	0.03328	0.01483	0.01150	0.00351	0.00993	0.01200	0.01259	0.01817
35	0.02491	0.02074	0.02929	0.02556	0.02696	0.02728	0.02102	0.02797	0.01894	0.07769	0.02179	0.03119	0.01962	0.03634	0.17347	0.00828	0.37988	0.01058	0.00611	0.01239
36	0.02257	0.05822	0.54613	0.03208	0.04871	0.02614	0.04158	0.03564	0.02376	0.03564	0.02020	0.02376	0.01426	0.01069	0.01069	0.00356	0.01663	0.00832	0.00475	0.01663
37	0.08929	0.02424	0.04240	0.26447	0.12370	0.02702	0.15212	0.03175	0.02320	0.03377	0.02000	0.02818	0.01563	0.01129	0.01363	0.00379	0.06571	0.01048	0.00545	0.01388
38	0.02541	0.01822	0.02191	0.01992	0.02317	0.02024	0.01512	0.09215	0.10334	0.08036	0.04052	0.15448	0.04016	0.15997	0.02649	0.00579	0.08623	0.04444	0.00942	0.01267
39	0.49958	0.07356	0.02222	0.01624	0.02379	0.02522	0.01368	0.03748	0.02209	0.14640	0.02140	0.02226	0.01552	0.01107	0.00786	0.00339	0.00918	0.00713	0.00816	0.01378
40	0.03362	0.11600	0.17108	0.02593	0.03609	0.10180	0.02538	0.12429	0.12264	0.09309	0.02768	0.02800	0.02032	0.01236	0.01046	0.00333	0.01361	0.00932	0.00824	0.01678
41	0.01366	0.01001	0.01284	0.01509	0.01617	0.00919	0.01019	0.01574	0.02211	0.02896	0.06908	0.53082	0.13618	0.03435	0.01422	0.00447	0.00642	0.03088	0.01045	0.00919
42	0.03582	0.08699	0.12094	0.09848	0.03985	0.02563	0.02379	0.13174	0.03188	0.19668	0.02851	0.02913	0.01974	0.01202	0.01053	0.00325	0.01222	0.00946	0.00908	0.07425
43	0.03763	0.29668	0.04469	0.02234	0.03160	0.03773	0.01999	0.24563	0.03732	0.09150	0.02331	0.02389	0.01774	0.01176	0.00941	0.00294	0.01198	0.00835	0.00853	0.01698
44	0.02247	0.01325	0.01538	0.01381	0.01863	0.01132	0.01072	0.02601	0.02804	0.15369	0.15277	0.08848	0.35420	0.02432	0.01283	0.00369	0.00657	0.02035	0.01154	0.01194
45	0.02126	0.02001	0.03376	0.57739	0.07752	0.02501	0.03126	0.02876	0.02251	0.02876	0.02001	0.03001	0.01500	0.01125	0.01125	0.00375	0.01500	0.01000	0.00500	0.01250
46	0.10240	0.02966	0.03566	0.02742	0.03628	0.03238	0.08413	0.34410	0.09281	0.06176	0.02723	0.02813	0.01972	0.01284	0.01113	0.00349	0.01256	0.01042	0.01010	0.01778
47	0.03387	0.02421	0.02977	0.07469	0.06764	0.02708	0.02101	0.12110	0.22684	0.14403	0.03592	0.03537	0.02615	0.01442	0.01362	0.00374	0.06145	0.01137	0.01038	0.01734
48	0.01371	0.00979	0.01306	0.01567	0.01632	0.00914	0.01045	0.01567	0.02155	0.02873	0.06203	0.59710	0.07444	0.03526	0.01437	0.00457	0.00653	0.03200	0.01045	0.00914
49	0.01371	0.00979	0.01306	0.01567	0.01632	0.00914	0.01045	0.01567	0.02155	0.02873	0.06203	0.59710	0.07444	0.03526	0.01437	0.00457	0.00653	0.03200	0.01045	0.00914
50	0.21174	0.01982	0.02368	0.01870	0.02696	0.01876	0.01543	0.04931	0.02889	0.41691	0.03709	0.03321	0.02387	0.01304	0.01021	0.00348	0.00936	0.00999	0.01216	0.01738
51	0.01759	0.01269	0.01582	0.01704	0.01880	0.01258	0.01191	0.07983	0.02573	0.03436	0.05736	0.52106	0.06707	0.03236	0.01395	0.00441	0.00731	0.02908	0.01056	0.01048
52	0.02230	0.02137	0.02995	0.02654	0.02683	0.02902	0.02166	0.02486	0.01790	0.02721	0.02264	0.10297	0.02409	0.02834	0.08701	0.00621	0.45064	0.01303	0.00577	0.01166
53	0.02123	0.01907	0.03146	0.52141	0.07116	0.02357	0.02895	0.02851	0.02261	0.03006	0.02166	0.03119	0.01637	0.01144	0.01092	0.00364	0.01404	0.01005	0.07037	0.01230
54	0.02923	0.02801	0.03166	0.02685	0.03384	0.08199	0.08270	0.05508	0.39888	0.04360	0.03980	0.03821	0.03000	0.01411	0.01157	0.00372	0.01143	0.01224	0.01010	0.01697
55	0.04947	0.02080	0.02714	0.02081	0.02956	0.01899	0.01719	0.11379	0.03498	0.47920	0.04209	0.03680	0.02670	0.01387	0.01131	0.00347	0.00995	0.01116	0.01357	0.01915
56	0.02569	0.01502	0.01906	0.01672	0.02130	0.01437	0.01299	0.03437	0.09731	0.16211	0.34921	0.06762	0.07806	0.01983	0.01257	0.00356	0.00680	0.01720	0.01262	0.01360
57	0.02153	0.01564	0.01863	0.01842	0.02132	0.01607	0.01339	0.14507	0.02999	0.04008	0.05262	0.44375	0.05957	0.02941	0.01353	0.00425	0.00811	0.02612	0.01067	0.01183
58	0.02126	0.02001	0.03376	0.57739	0.07752	0.02501	0.03126	0.02876	0.02251	0.02876	0.02001	0.03001	0.01500	0.01125	0.01125	0.00375	0.01500	0.01000	0.00500	0.01250
59	0.02094	0.01928	0.02644	0.02395	0.02411	0.02532	0.01889	0.02295	0.01814	0.02677	0.02874	0.16691	0.03241	0.10138	0.03430	0.00564	0.37053	0.01597	0.00649	0.01083
60	0.03009	0.61122	0.05898	0.01926	0.02889	0.04454	0.01926	0.03370	0.02287	0.02648	0.01565	0.01805	0.01444	0.00963	0.00722	0.00241	0.01204	0.00602	0.00481	0.01444
61	0.03644	0.08800	0.24434	0.02551	0.03760	0.02475	0.02759	0.08872	0.02996	0.24168	0.03020	0.02943	0.02022	0.01218	0.01070	0.00341	0.01298	0.00950	0.00909	0.01770
62	0.01407	0.01134	0.01282	0.01289	0.01604	0.01008	0.00959	0.01741	0.02577	0.03261	0.17890	0.14165	0.36596	0.03305	0.06190	0.00509	0.00787	0.02282	0.01042	0.00973
63	0.68395	0.02177	0.01654	0.01480	0.02177	0.02525	0.01219	0.03309	0.01915	0.05050	0.01567	0.01828	0.01219	0.01045	0.00697	0.00348	0.00871	0.00609	0.00697	0.01219
64	0.03078	0.02839	0.05932	0.04261	0.05353	0.02636	0.40942	0.03936	0.02756	0.12513	0.02658	0.03176	0.01898	0.01027	0.01294	0.00374	0.01732	0.01294	0.00714	0.01588
65	0.02257	0.05822	0.54613	0.03208	0.04871	0.02614	0.04158	0.03564	0.02376	0.03564	0.02020	0.02376	0.01426	0.01069	0.01069	0.00356	0.01663	0.00832	0.00475	0.01663
66	0.02899	0.02405	0.02584	0.02309	0.02943	0.02743	0.01832	0.11448	0.40423	0.04894	0.04467	0.04839	0.03533	0.01660	0.01183	0.00389	0.00952	0.05640	0.01132	0.01726
67	0.01953	0.01464	0.01750	0.01802	0.02056	0.01513	0.01291	0.08582	0.09250	0.03685	0.05516	0.44579	0.06163	0.02965	0.01356	0.00431	0.00763	0.02647	0.01069	0.01165
68	0.01555	0.01112	0.01511	0.01736	0.01893	0.01068	0.01327	0.01903	0.02419	0.03220	0.10847	0.37356	0.07414	0.03250	0.01469	0.00469	0.00780	0.18635	0.01061	0.00974
69	0.04204	0.05364	0.03190	0.02900	0.03480	0.55926	0.02175	0.04494	0.03190	0.02755	0.01740	0.02030	0.01450	0.01160	0.01015	0.00290	0.02030	0.00725	0.00580	0.01305
70	0.01430	0.01022	0.01374	0.01635	0.01726	0.00965	0.01147	0.01669	0.02213	0.02939	0.06171	0.53439	0.07315	0.03471	0.01452	0.00465	0.00704	0.08888	0.01044	0.00930
71	0.01371	0.00979	0.01306	0.01567	0.01632	0.00914	0.01045	0.01567	0.02155	0.02873	0.06203	0.59710	0.07444	0.03526	0.01437	0.00457	0.00653	0.03200	0.01045	0.00914
72	0.01371	0.00979	0.01306	0.01567	0.01632	0.00914	0.01045	0.01567	0.02155	0.02873	0.06203	0.59710	0.07444	0.03526	0.01437	0.00457	0.00653	0.03200	0.01045	0.00914
73	0.02126	0.02001	0.03376	0.57739	0.07752	0.02501	0.03126	0.02876	0.02251	0.02876	0.02001	0.03001	0.01500	0.01125	0.01125	0.00375	0.01500	0.01000	0.00500	0.01250
74	0.04211	0.05167	0.03206	0.02872	0.03480	0.51257	0.02172	0.08517	0.03377	0.03141	0.01825	0.02090	0.01491	0.01177	0.01025	0.00294	0.01959	0.00751	0.00629	0.01359
75	0.01608	0.01206	0.01809	0.01809	0.02010	0.01407	0.01407	0.02010	0.01809	0.02613	0.03015	0.04422	0.02814	0.08441	0.55984	0.01809	0.03015	0.01206	0.00603	0.01005
76	0.01401	0.01003	0.01333	0.01547	0.01639	0.00934	0.01047	0.01643	0.02295	0.03096	0.12527	0.52753	0.07875	0.03360	0.01422	0.00443	0.00636	0.03042	0.01071	0.00934
77	0.03164	0.02460	0.03291	0.02738	0.03013	0.03138	0.02276	0.09566	0.02471	0.12368	0.02165	0.02736	0.01767	0.01784	0.02894	0.00446	0.40525	0.01015	0.00737	0.01444
78	0.01815	0.06887	0.06913	0.01991	0.02356	0.01856	0.01722	0.02256	0.01942	0.02743	0.03125	0.11372	0.03105	0.06014	0.35222	0.01267	0.06300	0.01375	0.00633	0.01105
79	0.03874	0.04534	0.03533	0.03823	0.15323	0.38737	0.02475	0.08178	0.03224	0.03351	0.01913	0.02267	0.01569	0.01139	0.01048	0.00305	0.01797	0.00816	0.00622	0.01471
80	0.01546	0.01258	0.02030	0.01998	0.02209	0.01176	0.07594	0.01844	0.02223	0.02972	0.05671	0.52024	0.06666	0.03177	0.01422	0.00447	0.00822	0.02946	0.00980	0.00996
81	0.01608	0.01206	0.01809	0.01809	0.02010	0.01407	0.01407	0.02010	0.01809	0.02613	0.03015	0.04422	0.02814	0.08441	0.55984	0.01809	0.03015	0.01206	0.00603	0.01005
82	0.02807	0.46247	0.19002	0.02271	0.03422	0.03959	0.02526	0.03422	0.02311	0.02895	0.01687	0.01959	0.01439	0.00992	0.00816	0.00272	0.01327	0.00664	0.00480	0.01503
83	0.02482	0.02757	0.05918	0.04313	0.05306	0.02584	0.42787	0.03329	0.02589	0.03506	0.02810	0.10722	0.02486	0.01298	0.01343	0.00390	0.01729	0.01582	0.00634	0.01436
84	0.05050	0.01915	0.02612	0.02003	0.02873	0.01654	0.01654	0.05485	0.03221	0.54203	0.04440	0.03831	0.02786	0.01393	0.01132	0.00348	0.00958	0.01132	0.01393	0.01915
85	0.02257	0.05822	0.54613	0.03208	0.04871	0.02614	0.04158	0.03564	0.02376	0.03564	0.02020	0.02376	0.01426	0.01069	0.01069	0.00356	0.01663	0.00832	0.00475	0.01663
86	0.02652	0.02605	0.04640	0.15563	0.38936	0.02667	0.09619	0.03373	0.02521	0.03526	0.02118	0.02857	0.01723	0.01017	0.01145	0.00348	0.01442	0.01047	0.00549	0.01653
87	0.01468	0.01020	0.01277	0.01443	0.01485	0.00979	0.00912	0.01593	0.01966	0.02621	0.05234	0.40620	0.06222	0.24285	0.03002	0.00688	0.00813	0.02630	0.00912	0.00830
88	0.02126	0.02001	0.03376	0.57739	0.07752	0.02501	0.03126	0.02876	0.02251	0.02876	0.02001	0.03001	0.01500	0.01125	0.01125	0.00375	0.01500	0.01000	0.00500	0.01250
89	0.04414	0.02935	0.03243	0.02486	0.03382	0.03167	0.02054	0.41892	0.04927	0.15387	0.03008	0.02901	0.02068	0.01359	0.01127	0.00340	0.01189	0.01034	0.01173	0.01914
90	0.02719	0.02606	0.04447	0.12068	0.48787	0.02657	0.03421	0.03396	0.02531	0.03596	0.02105	0.02808	0.01754	0.01015	0.01115	0.00338	0.01354	0.01003	0.00551	0.01729
91	0.04394	0.01906	0.02490	0.01982	0.02759	0.01749	0.01611	0.05211	0.09750	0.42447	0.09371	0.04345	0.03669	0.01503	0.01154	0.00353	0.00905	0.01243	0.01344	0.01811
92	0.02546	0.02635	0.04983	0.03716	0.04618	0.02593	0.31619	0.03962	0.14175	0.03988	0.09674	0.04038	0.03322	0.01268	0.01285	0.00377	0.01476	0.01411	0.00795	0.01518
93	0.02087	0.01868	0.03044	0.18389	0.22141	0.01976	0.02475	0.02602	0.02329	0.03167	0.03600	0.23933	0.03806	0.01970	0.01237	0.00391	0.01127	0.01816	0.00723	0.01320
94	0.03248	0.02092	0.02511	0.01847	0.02803	0.01738	0.01498	0.08164	0.02862	0.17446	0.02719	0.02768	0.01989	0.01033	0.00942	0.00232	0.00907	0.00825	0.00905	0.43470

[dist]
# distance from previous block
# <min> <max>
0	1

[block]
# block no. 4 follows, 11 sequences, length 42
# corresponding to MSA columns:
# 304-345
name=unknown_E
#
# <colnr> <probs for GDERKNQSTAVLIFYWHMCP>
#	G	D	E	R	K	N	Q	S	T	A	V	L	I	F	Y	W	H	M	C	P
0	0.03020	0.02387	0.04121	0.03103	0.03936	0.02313	0.21445	0.08471	0.07627	0.13067	0.13852	0.04411	0.04005	0.01413	0.01257	0.00365	0.01279	0.01410	0.00967	0.01553
1	0.03170	0.02255	0.02474	0.02025	0.02538	0.02448	0.01538	0.28985	0.03704	0.04960	0.02925	0.04360	0.02662	0.21776	0.02989	0.06520	0.01165	0.01223	0.00918	0.01367
2	0.02208	0.02085	0.03525	0.51379	0.13467	0.02522	0.03167	0.02948	0.02290	0.02976	0.02015	0.02974	0.01536	0.01110	0.01124	0.00370	0.01480	0.01001	0.00507	0.01317
3	0.04279	0.03153	0.03378	0.02590	0.03490	0.03490	0.02139	0.49671	0.05292	0.07093	0.02702	0.02702	0.01914	0.01351	0.01126	0.00338	0.01239	0.01013	0.01126	0.01914
4	0.22626	0.02222	0.02048	0.01908	0.02437	0.07333	0.01540	0.07822	0.07072	0.04188	0.03990	0.05313	0.08359	0.02606	0.07945	0.00560	0.01285	0.08629	0.00854	0.01261
5	0.02898	0.02923	0.06236	0.04468	0.05579	0.02726	0.44534	0.03795	0.02713	0.08701	0.02495	0.03116	0.01816	0.00994	0.01308	0.00376	0.01803	0.01308	0.00652	0.01558
6	0.02657	0.03036	0.06641	0.04744	0.05882	0.02846	0.49336	0.03605	0.02657	0.03605	0.02277	0.03036	0.01708	0.00949	0.01328	0.00380	0.01898	0.01328	0.00569	0.01518
7	0.02308	0.01957	0.03703	0.02938	0.03550	0.01941	0.19904	0.02906	0.02298	0.07776	0.03153	0.08882	0.02807	0.04449	0.24841	0.00999	0.02178	0.01428	0.00703	0.01279
8	0.02098	0.01049	0.01049	0.01049	0.01311	0.01049	0.00787	0.02623	0.02360	0.04196	0.03672	0.04196	0.02885	0.01311	0.00787	0.00262	0.00525	0.01049	0.66693	0.01049
9	0.02126	0.02001	0.03376	0.57739	0.07752	0.02501	0.03126	0.02876	0.02251	0.02876	0.02001	0.03001	0.01500	0.01125	0.01125	0.00375	0.01500	0.01000	0.00500	0.01250
10	0.01608	0.01206	0.01809	0.01809	0.02010	0.01407	0.01407	0.02010	0.01809	0.02613	0.03015	0.04422	0.02814	0.08441	0.55984	0.01809	0.03015	0.01206	0.00603	0.01005
11	0.01781	0.01084	0.01451	0.01616	0.01771	0.00997	0.01113	0.02003	0.02274	0.08585	0.06007	0.53492	0.06926	0.03289	0.01403	0.00445	0.00687	0.02970	0.01084	0.01026
12	0.01687	0.01322	0.01960	0.01915	0.02097	0.01595	0.01504	0.02074	0.01801	0.02622	0.02873	0.04241	0.02691	0.07845	0.51164	0.01688	0.08119	0.01186	0.00593	0.01026
13	0.01611	0.01192	0.01736	0.01736	0.01912	0.01367	0.01316	0.01963	0.01787	0.02559	0.03081	0.04790	0.02974	0.14949	0.49696	0.01719	0.02774	0.01260	0.00613	0.00965
14	0.01399	0.01001	0.01331	0.01548	0.01639	0.00933	0.01047	0.01637	0.02284	0.03078	0.12038	0.53290	0.07842	0.03373	0.01423	0.00444	0.00638	0.03054	0.01069	0.00933
15	0.68395	0.02177	0.01654	0.01480	0.02177	0.02525	0.01219	0.03309	0.01915	0.05050	0.01567	0.01828	0.01219	0.01045	0.00697	0.00348	0.00871	0.00609	0.00697	0.01219
16	0.02126	0.02001	0.03376	0.57739	0.07752	0.02501	0.03126	0.02876	0.02251	0.02876	0.02001	0.03001	0.01500	0.01125	0.01125	0.00375	0.01500	0.01000	0.00500	0.01250
17	0.01330	0.01140	0.01140	0.01140	0.01520	0.00950	0.00855	0.01615	0.02565	0.03041	0.11402	0.10832	0.52967	0.02850	0.01330	0.00380	0.00570	0.02375	0.01045	0.00950
18	0.02126	0.02001	0.03376	0.57739	0.07752	0.02501	0.03126	0.02876	0.02251	0.02876	0.02001	0.03001	0.01500	0.01125	0.01125	0.00375	0.01500	0.01000	0.00500	0.01250
19	0.04081	0.02132	0.02583	0.02126	0.02896	0.02147	0.01709	0.05698	0.23950	0.32904	0.04501	0.03989	0.03066	0.01451	0.01138	0.00363	0.00929	0.01192	0.01286	0.01858
20	0.01404	0.01143	0.01242	0.01217	0.01565	0.00981	0.00913	0.01758	0.02739	0.03453	0.23004	0.10153	0.41107	0.02697	0.01329	0.00373	0.00559	0.02280	0.01099	0.00981
21	0.02657	0.03036	0.06641	0.04744	0.05882	0.02846	0.49336	0.03605	0.02657	0.03605	0.02277	0.03036	0.01708	0.00949	0.01328	0.00380	0.01898	0.01328	0.00569	0.01518
22	0.01371	0.00979	0.01306	0.01567	0.01632	0.00914	0.01045	0.01567	0.02155	0.02873	0.06203	0.59710	0.07444	0.03526	0.01437	0.00457	0.00653	0.03200	0.01045	0.00914
23	0.02326	0.10873	0.50163	0.03091	0.04690	0.02782	0.03955	0.03547	0.02368	0.03481	0.01978	0.02324	0.01427	0.01060	0.01038	0.00346	0.01621	0.00811	0.00476	0.01643
24	0.01608	0.01206	0.01809	0.01809	0.02010	0.01407	0.01407	0.02010	0.01809	0.02613	0.03015	0.04422	0.02814	0.08441	0.55984	0.01809	0.03015	0.01206	0.00603	0.01005
25	0.03557	0.02651	0.02865	0.02378	0.03135	0.02959	0.01905	0.22435	0.29718	0.09991	0.03859	0.03601	0.02804	0.01449	0.01137	0.00362	0.01028	0.01162	0.01160	0.01843
26	0.02352	0.12742	0.48517	0.03048	0.04623	0.02844	0.03879	0.03540	0.02365	0.03450	0.01963	0.02305	0.01428	0.01056	0.01026	0.00342	0.01606	0.00803	0.00476	0.01636
