[name]
unknown

[dist]
# distance from previous block
# <min> <max>
4	18

[block]
# block no. 0 follows, 14 sequences, length 7
# corresponding to MSA columns:
# 20-26
name=unknown_A
#
# <colnr> <probs for GDERKNQSTAVLIFYWHMCP>
#	G	D	E	R	K	N	Q	S	T	A	V	L	I	F	Y	W	H	M	C	P
0	0.02703	0.09824	0.17521	0.03118	0.04169	0.02701	0.21984	0.09866	0.07440	0.07146	0.02313	0.02610	0.01698	0.01011	0.01047	0.00321	0.01401	0.00982	0.00648	0.01498
1	0.02287	0.16122	0.36592	0.02514	0.03652	0.08473	0.02914	0.03110	0.02206	0.02947	0.02141	0.08517	0.01888	0.01203	0.00945	0.00308	0.01373	0.00937	0.00499	0.01372
2	0.01940	0.09284	0.15539	0.01825	0.02509	0.01847	0.01747	0.02629	0.06772	0.02884	0.02895	0.12466	0.02889	0.15792	0.01935	0.00452	0.01011	0.01237	0.00642	0.13707
3	0.03026	0.12153	0.03005	0.02182	0.02836	0.13307	0.01760	0.12471	0.30061	0.04027	0.03024	0.02927	0.02313	0.01229	0.00962	0.00307	0.01094	0.00941	0.00857	0.01518
4	0.01454	0.00945	0.01083	0.01194	0.01373	0.00880	0.00840	0.01746	0.02105	0.03038	0.05931	0.32830	0.16216	0.02437	0.01099	0.00345	0.00542	0.02129	0.22931	0.00880
5	0.09232	0.03106	0.09689	0.02276	0.03131	0.08940	0.02028	0.28530	0.03665	0.15625	0.02517	0.02497	0.01748	0.01166	0.00978	0.00308	0.01180	0.00866	0.00914	0.01605
6	0.03400	0.04191	0.02628	0.02397	0.02874	0.49096	0.01798	0.03704	0.02908	0.02804	0.11678	0.02910	0.02845	0.01247	0.00977	0.00275	0.01602	0.00879	0.00638	0.01149

[dist]
# distance from previous block
# <min> <max>
0	7

[block]
# block no. 1 follows, 14 sequences, length 51
# corresponding to MSA columns:
# 34-84
name=unknown_B
#
# <colnr> <probs for GDERKNQSTAVLIFYWHMCP>
#	G	D	E	R	K	N	Q	S	T	A	V	L	I	F	Y	W	H	M	C	P
0	0.02874	0.02266	0.02529	0.01874	0.02748	0.02132	0.01525	0.24274	0.03263	0.04659	0.02093	0.02269	0.01615	0.00959	0.00872	0.00218	0.00915	0.00741	0.00784	0.41390
1	0.02793	0.37954	0.21074	0.02119	0.03179	0.03201	0.02338	0.03393	0.02227	0.10376	0.01914	0.02059	0.01481	0.00961	0.00806	0.00265	0.01193	0.00679	0.00552	0.01437
2	0.01452	0.01049	0.01372	0.01291	0.01533	0.00968	0.00968	0.01937	0.02905	0.04115	0.56992	0.07666	0.09683	0.02098	0.01210	0.00323	0.00484	0.01856	0.01130	0.00968
3	0.01452	0.01049	0.01372	0.01291	0.01533	0.00968	0.00968	0.01937	0.02905	0.04115	0.56992	0.07666	0.09683	0.02098	0.01210	0.00323	0.00484	0.01856	0.01130	0.00968
4	0.02562	0.10885	0.03219	0.02328	0.03007	0.02766	0.08295	0.04848	0.41491	0.03905	0.03529	0.03392	0.02681	0.01254	0.01012	0.00330	0.00969	0.01082	0.00894	0.01551
5	0.02540	0.02438	0.04165	0.06299	0.57533	0.02438	0.03149	0.03149	0.02337	0.03353	0.01930	0.02540	0.01626	0.00914	0.01016	0.00305	0.01219	0.00914	0.00508	0.01626
6	0.01466	0.01100	0.01649	0.01649	0.01833	0.01283	0.01283	0.01833	0.01649	0.02382	0.02749	0.04032	0.02566	0.07697	0.59868	0.01649	0.02749	0.01100	0.00550	0.00916
7	0.02540	0.02438	0.04165	0.06299	0.57533	0.02438	0.03149	0.03149	0.02337	0.03353	0.01930	0.02540	0.01626	0.00914	0.01016	0.00305	0.01219	0.00914	0.00508	0.01626
8	0.03418	0.01494	0.01945	0.01578	0.02197	0.01292	0.01272	0.03797	0.02800	0.38487	0.12764	0.05482	0.15612	0.01679	0.01097	0.00325	0.00741	0.01397	0.01181	0.01444
9	0.04604	0.01746	0.02382	0.01826	0.02620	0.01508	0.01508	0.05001	0.02937	0.58244	0.04049	0.03493	0.02540	0.01270	0.01032	0.00318	0.00873	0.01032	0.01270	0.01746
10	0.04515	0.01890	0.02471	0.01894	0.02691	0.01722	0.01565	0.11262	0.03178	0.51644	0.03847	0.03362	0.02439	0.01265	0.01031	0.00316	0.00906	0.01018	0.01239	0.01746
11	0.02331	0.32114	0.19610	0.02557	0.09807	0.02981	0.02376	0.02928	0.02172	0.02811	0.02749	0.02952	0.08464	0.01129	0.00862	0.00276	0.01157	0.00859	0.00511	0.01354
12	0.01368	0.01021	0.01021	0.01021	0.01344	0.00886	0.00766	0.01676	0.02298	0.03006	0.08835	0.08536	0.45052	0.02288	0.01103	0.00323	0.00511	0.01898	0.16161	0.00886
13	0.02810	0.01424	0.01746	0.01500	0.01979	0.01366	0.01181	0.03588	0.09843	0.22855	0.18078	0.04740	0.04557	0.01490	0.01003	0.00303	0.00662	0.01251	0.18300	0.01324
14	0.03833	0.04891	0.02908	0.02644	0.03173	0.59815	0.01983	0.04098	0.02908	0.02512	0.01586	0.01851	0.01322	0.01058	0.00925	0.00264	0.01851	0.00661	0.00529	0.01190
15	0.03153	0.13992	0.03605	0.13569	0.18846	0.06531	0.02284	0.03638	0.02451	0.18639	0.02396	0.02629	0.01762	0.01039	0.00949	0.00296	0.01169	0.00861	0.00705	0.01486
16	0.04433	0.01850	0.02425	0.01878	0.02660	0.01684	0.01545	0.08314	0.06261	0.51510	0.03950	0.03444	0.02523	0.01275	0.01032	0.00319	0.00887	0.01033	0.01240	0.01739
17	0.01342	0.00972	0.01284	0.01483	0.01612	0.00915	0.01081	0.01606	0.02136	0.02822	0.09430	0.45152	0.10581	0.03017	0.01317	0.00416	0.00652	0.12350	0.00963	0.00867
18	0.03323	0.02493	0.10219	0.02935	0.10934	0.02051	0.08252	0.07831	0.06992	0.25609	0.03215	0.06422	0.02363	0.01251	0.01060	0.00327	0.01105	0.01110	0.00912	0.01596
19	0.08266	0.02209	0.10773	0.01887	0.02703	0.01620	0.01755	0.04171	0.02735	0.38655	0.10938	0.03751	0.03253	0.01319	0.01021	0.00319	0.00912	0.01073	0.01080	0.01560
20	0.02130	0.01199	0.01589	0.01406	0.01767	0.01084	0.01084	0.02595	0.02912	0.15745	0.45617	0.06769	0.08148	0.01920	0.01172	0.00322	0.00568	0.01679	0.01160	0.01135
21	0.01576	0.01346	0.01750	0.06265	0.09082	0.01303	0.01340	0.02131	0.06064	0.03191	0.17017	0.11374	0.29436	0.02133	0.01169	0.00341	0.00689	0.01839	0.00901	0.01053
22	0.03298	0.14968	0.17199	0.02761	0.11366	0.02363	0.02371	0.03911	0.02489	0.25425	0.02670	0.02660	0.01856	0.01067	0.00943	0.00298	0.01129	0.00852	0.00785	0.01587
23	0.08728	0.01717	0.02266	0.01800	0.02539	0.01534	0.01494	0.04642	0.02813	0.50325	0.03988	0.04019	0.02716	0.01374	0.01037	0.00330	0.00874	0.04962	0.01203	0.01641
24	0.02805	0.01362	0.01578	0.01349	0.01823	0.01284	0.01069	0.06954	0.02629	0.21038	0.04579	0.04543	0.10860	0.01436	0.00916	0.00285	0.00658	0.01163	0.32418	0.01251
25	0.02441	0.02131	0.03674	0.04642	0.34816	0.02074	0.09018	0.03041	0.02514	0.07511	0.13965	0.03743	0.03419	0.01189	0.01084	0.00315	0.01101	0.01164	0.00699	0.01462
26	0.02404	0.21629	0.03071	0.01584	0.02382	0.02176	0.01373	0.02820	0.02282	0.07063	0.09666	0.02856	0.02684	0.01023	0.00811	0.00209	0.00836	0.00796	0.00675	0.33659
27	0.71184	0.01985	0.01508	0.01350	0.01985	0.02302	0.01111	0.03017	0.01746	0.04604	0.01429	0.01667	0.01111	0.00953	0.00635	0.00318	0.00794	0.00556	0.00635	0.01111
28	0.04393	0.01876	0.02570	0.02218	0.07042	0.01692	0.01668	0.08069	0.03013	0.50470	0.03776	0.03349	0.02415	0.01239	0.01030	0.00316	0.00918	0.01016	0.01193	0.01737
29	0.02713	0.02494	0.04027	0.05797	0.50605	0.02533	0.02997	0.09646	0.02654	0.03750	0.01998	0.02530	0.01641	0.00955	0.01017	0.00305	0.01208	0.00916	0.00574	0.01641
30	0.01324	0.01033	0.01200	0.01181	0.01460	0.00910	0.00877	0.01679	0.02568	0.03368	0.31116	0.12674	0.32101	0.02416	0.01219	0.00341	0.00509	0.02079	0.01033	0.00910
31	0.01458	0.01042	0.01340	0.01269	0.01480	0.00972	0.00924	0.01880	0.02725	0.03844	0.50139	0.07545	0.08924	0.09981	0.01722	0.00408	0.00549	0.01810	0.01065	0.00924
32	0.02656	0.57000	0.12164	0.01905	0.02864	0.03847	0.02015	0.03095	0.02096	0.02521	0.01480	0.01713	0.01315	0.00890	0.00699	0.00233	0.01151	0.00575	0.00438	0.01342
33	0.01530	0.00988	0.01245	0.01354	0.01532	0.00902	0.00949	0.01779	0.02170	0.06558	0.09957	0.42951	0.14037	0.02769	0.01228	0.00380	0.00586	0.02463	0.05703	0.00918
34	0.01913	0.00956	0.00956	0.00956	0.01196	0.00956	0.00717	0.02391	0.02152	0.03826	0.03348	0.03826	0.02630	0.01196	0.00717	0.00239	0.00478	0.00956	0.69632	0.00956
35	0.02697	0.06196	0.03402	0.17263	0.04194	0.06330	0.12110	0.06952	0.05886	0.11102	0.10458	0.03489	0.02921	0.01216	0.01061	0.00321	0.01206	0.01101	0.00762	0.01335
36	0.02050	0.01305	0.01690	0.01841	0.05375	0.01270	0.01266	0.02654	0.08573	0.11245	0.05192	0.32534	0.08839	0.02359	0.01177	0.00373	0.00708	0.04802	0.05615	0.01130
37	0.71184	0.01985	0.01508	0.01350	0.01985	0.02302	0.01111	0.03017	0.01746	0.04604	0.01429	0.01667	0.01111	0.00953	0.00635	0.00318	0.00794	0.00556	0.00635	0.01111
38	0.02744	0.64552	0.05378	0.01756	0.02634	0.04061	0.01756	0.03073	0.02085	0.02414	0.01427	0.01646	0.01317	0.00878	0.00658	0.00219	0.01097	0.00549	0.00439	0.01317
39	0.02977	0.11536	0.03993	0.04229	0.29092	0.06473	0.05371	0.10150	0.05553	0.07620	0.02188	0.02507	0.01720	0.01009	0.00974	0.00296	0.01213	0.00885	0.00652	0.01563
40	0.02270	0.01606	0.01895	0.01708	0.02033	0.01716	0.01282	0.12999	0.06432	0.07590	0.08176	0.19563	0.07818	0.12927	0.02048	0.00474	0.05706	0.01702	0.00913	0.01143
41	0.01294	0.01027	0.01174	0.01249	0.01513	0.00907	0.00941	0.01580	0.02303	0.02874	0.12074	0.21266	0.36531	0.02724	0.01259	0.00376	0.00587	0.08481	0.00964	0.00877
42	0.02648	0.04188	0.26705	0.02582	0.03553	0.16267	0.02644	0.04178	0.19929	0.03415	0.02547	0.02637	0.01907	0.01132	0.00986	0.00318	0.01366	0.00867	0.00657	0.01473
43	0.02283	0.11770	0.21492	0.07940	0.20967	0.02534	0.02873	0.03201	0.06461	0.03162	0.02255	0.06510	0.01928	0.01130	0.00976	0.00313	0.01235	0.00968	0.00543	0.01459
44	0.07121	0.04173	0.40402	0.02540	0.03813	0.02151	0.03029	0.03689	0.02340	0.17592	0.02387	0.02479	0.01609	0.01050	0.00968	0.00323	0.01304	0.00816	0.00663	0.01550
45	0.02500	0.01438	0.01699	0.01519	0.01935	0.01437	0.01172	0.06805	0.10207	0.14798	0.14895	0.12032	0.04604	0.01684	0.01025	0.00315	0.00666	0.01433	0.18582	0.01251
46	0.16325	0.02251	0.06380	0.02069	0.02904	0.02007	0.05569	0.10653	0.02870	0.34027	0.03072	0.02885	0.02021	0.01157	0.00968	0.00319	0.00999	0.00926	0.01010	0.01588
47	0.02863	0.03052	0.03851	0.05385	0.43937	0.16789	0.02858	0.03387	0.02480	0.03142	0.01844	0.02367	0.01550	0.00950	0.00993	0.00295	0.01377	0.00851	0.00513	0.01517
48	0.01434	0.01559	0.08387	0.01487	0.01851	0.01168	0.01279	0.01803	0.02041	0.02713	0.09360	0.13836	0.20937	0.12037	0.14737	0.00729	0.01210	0.01735	0.00766	0.00928
49	0.01574	0.01210	0.01661	0.01603	0.01701	0.01423	0.01182	0.01799	0.01586	0.02261	0.02734	0.04711	0.02804	0.25948	0.34200	0.01275	0.09717	0.01207	0.00561	0.00843
50	0.03005	0.03320	0.03713	0.04985	0.37990	0.23065	0.02730	0.03490	0.02542	0.03050	0.01807	0.02292	0.01516	0.00966	0.00983	0.00290	0.01446	0.00823	0.00515	0.01469

[dist]
# distance from previous block
# <min> <max>
0	5

[block]
# block no. 2 follows, 14 sequences, length 62
# corresponding to MSA columns:
# 90-151
name=unknown_C
#
# <colnr> <probs for GDERKNQSTAVLIFYWHMCP>
#	G	D	E	R	K	N	Q	S	T	A	V	L	I	F	Y	W	H	M	C	P
0	0.71184	0.01985	0.01508	0.01350	0.01985	0.02302	0.01111	0.03017	0.01746	0.04604	0.01429	0.01667	0.01111	0.00953	0.00635	0.00318	0.00794	0.00556	0.00635	0.01111
1	0.03026	0.02917	0.03850	0.04896	0.36177	0.14672	0.06526	0.03558	0.02529	0.08936	0.02090	0.02509	0.01651	0.00979	0.01013	0.00301	0.01357	0.00895	0.00593	0.01527
2	0.02526	0.11043	0.07664	0.04980	0.37439	0.02680	0.08537	0.03315	0.05884	0.03275	0.02024	0.02509	0.01658	0.00940	0.00989	0.00302	0.01250	0.00905	0.00531	0.01550
3	0.01316	0.01028	0.01170	0.01161	0.01427	0.00907	0.00847	0.01629	0.02447	0.03167	0.25457	0.13046	0.33506	0.06529	0.01485	0.00387	0.00545	0.02074	0.00991	0.00882
4	0.02110	0.09751	0.54625	0.02837	0.04306	0.02509	0.03639	0.03237	0.02161	0.03187	0.01811	0.02128	0.01301	0.00968	0.00951	0.00317	0.01485	0.00743	0.00434	0.01502
5	0.02540	0.02438	0.04165	0.06299	0.57533	0.02438	0.03149	0.03149	0.02337	0.03353	0.01930	0.02540	0.01626	0.00914	0.01016	0.00305	0.01219	0.00914	0.00508	0.01626
6	0.71184	0.01985	0.01508	0.01350	0.01985	0.02302	0.01111	0.03017	0.01746	0.04604	0.01429	0.01667	0.01111	0.00953	0.00635	0.00318	0.00794	0.00556	0.00635	0.01111
7	0.01502	0.01185	0.01310	0.01227	0.01575	0.01080	0.00934	0.05706	0.02724	0.03514	0.25605	0.08552	0.36722	0.02323	0.01198	0.00335	0.00555	0.01964	0.01019	0.00969
8	0.04604	0.01746	0.02382	0.01826	0.02620	0.01508	0.01508	0.05001	0.02937	0.58244	0.04049	0.03493	0.02540	0.01270	0.01032	0.00318	0.00873	0.01032	0.01270	0.01746
9	0.01472	0.01023	0.01192	0.01202	0.01292	0.00994	0.00776	0.01606	0.01849	0.02455	0.11460	0.07605	0.10339	0.43730	0.03923	0.00790	0.00871	0.05942	0.00754	0.00723
10	0.02128	0.01824	0.02128	0.01520	0.02432	0.01368	0.01216	0.02584	0.02128	0.03344	0.01824	0.02128	0.01520	0.00760	0.00760	0.00152	0.00760	0.00608	0.00608	0.70208
11	0.02553	0.02204	0.02320	0.02088	0.02669	0.02553	0.01624	0.05453	0.55679	0.04293	0.04177	0.03829	0.03133	0.01392	0.01044	0.00348	0.00812	0.01160	0.01044	0.01624
12	0.01913	0.00956	0.00956	0.00956	0.01196	0.00956	0.00717	0.02391	0.02152	0.03826	0.03348	0.03826	0.02630	0.01196	0.00717	0.00239	0.00478	0.00956	0.69632	0.00956
13	0.01494	0.01125	0.01390	0.01310	0.01589	0.01061	0.00987	0.02110	0.06371	0.03944	0.47102	0.07709	0.15701	0.02119	0.01200	0.00328	0.00511	0.01851	0.01100	0.00998
14	0.03901	0.02874	0.03080	0.02361	0.03182	0.03182	0.01951	0.54111	0.04825	0.06468	0.02464	0.02464	0.01745	0.01232	0.01027	0.00308	0.01129	0.00924	0.01027	0.01745
15	0.01620	0.01090	0.01404	0.01302	0.01586	0.00992	0.00985	0.02080	0.02859	0.07231	0.49894	0.07604	0.13267	0.02091	0.01200	0.00324	0.00510	0.01833	0.01123	0.01006
16	0.03741	0.09935	0.03117	0.02569	0.03127	0.55101	0.01964	0.04011	0.02839	0.02503	0.01573	0.01833	0.01321	0.01042	0.00903	0.00261	0.01787	0.00651	0.00521	0.01200
17	0.03562	0.04124	0.08833	0.02588	0.03277	0.32190	0.02180	0.19629	0.03344	0.03830	0.01873	0.02103	0.01454	0.01153	0.01125	0.00297	0.05603	0.00770	0.00670	0.01394
18	0.01868	0.01553	0.02660	0.02101	0.02601	0.01458	0.17264	0.02444	0.02460	0.03619	0.18226	0.05210	0.10282	0.01493	0.01059	0.00307	0.00873	0.01413	0.22026	0.01082
19	0.01438	0.01059	0.01352	0.01310	0.01566	0.00973	0.01004	0.01892	0.02782	0.03844	0.46246	0.08304	0.15665	0.02230	0.01229	0.00339	0.00529	0.06195	0.01090	0.00953
20	0.38177	0.01759	0.01591	0.01384	0.01938	0.01935	0.01120	0.08380	0.02292	0.09301	0.02324	0.02537	0.01744	0.01080	0.00735	0.00294	0.00745	0.00752	0.20722	0.01189
21	0.02163	0.02125	0.02986	0.02584	0.02604	0.02948	0.02144	0.02403	0.01580	0.02461	0.01494	0.02433	0.01475	0.02416	0.09306	0.00575	0.55824	0.00919	0.00460	0.01101
22	0.02492	0.02334	0.01798	0.01669	0.01928	0.20511	0.01159	0.02671	0.02194	0.06005	0.06357	0.04762	0.03180	0.30614	0.02951	0.00612	0.01201	0.01175	0.05459	0.00928
23	0.03692	0.02673	0.02857	0.02214	0.02974	0.02948	0.01821	0.48676	0.04544	0.06190	0.02557	0.02607	0.01838	0.01228	0.00994	0.00301	0.01061	0.00927	0.08237	0.01662
24	0.02128	0.01824	0.02128	0.01520	0.02432	0.01368	0.01216	0.02584	0.02128	0.03344	0.01824	0.02128	0.01520	0.00760	0.00760	0.00152	0.00760	0.00608	0.00608	0.70208
25	0.02906	0.08107	0.08456	0.02038	0.02728	0.15483	0.01763	0.07724	0.02701	0.11041	0.06901	0.11028	0.02949	0.01415	0.00985	0.00289	0.01128	0.01131	0.00775	0.10453
26	0.03494	0.02530	0.07423	0.02055	0.02837	0.06065	0.01785	0.16868	0.06771	0.22917	0.08684	0.03357	0.02856	0.01276	0.01017	0.00302	0.01010	0.01018	0.01003	0.06732
27	0.08660	0.35499	0.21310	0.02133	0.03182	0.03313	0.02345	0.07438	0.02312	0.03208	0.01643	0.01878	0.01330	0.00944	0.00785	0.00268	0.01203	0.00646	0.00504	0.01397
28	0.02746	0.40287	0.03978	0.01731	0.02408	0.12912	0.01565	0.03098	0.02241	0.02743	0.01879	0.02163	0.01608	0.00979	0.00717	0.00232	0.01089	0.00658	0.15750	0.01215
29	0.03222	0.10678	0.02941	0.02348	0.08393	0.02298	0.01728	0.04478	0.20408	0.21777	0.03310	0.03130	0.02384	0.01175	0.00959	0.00298	0.00910	0.00958	0.00941	0.07666
30	0.02806	0.08449	0.02626	0.02205	0.07065	0.02157	0.01614	0.06971	0.19790	0.15005	0.10915	0.09102	0.03828	0.01520	0.01044	0.00325	0.00844	0.01285	0.00984	0.01465
31	0.02761	0.02386	0.10062	0.02374	0.07534	0.02046	0.01922	0.11027	0.14467	0.13563	0.16256	0.04169	0.04044	0.01421	0.01068	0.00324	0.00920	0.01197	0.00970	0.01488
32	0.01257	0.00938	0.01171	0.01330	0.01469	0.00851	0.00915	0.01478	0.02122	0.02770	0.10700	0.46915	0.18367	0.02990	0.01280	0.00394	0.00570	0.02666	0.00966	0.00851
33	0.02562	0.03328	0.22050	0.04787	0.35104	0.02338	0.03218	0.03346	0.02333	0.08156	0.02088	0.02500	0.01598	0.00966	0.01004	0.00313	0.01287	0.00873	0.00550	0.01600
34	0.02913	0.13464	0.31745	0.02491	0.03632	0.10334	0.02782	0.03689	0.02410	0.13992	0.02184	0.02309	0.01553	0.01031	0.00932	0.00299	0.01371	0.00768	0.00614	0.01488
35	0.71184	0.01985	0.01508	0.01350	0.01985	0.02302	0.01111	0.03017	0.01746	0.04604	0.01429	0.01667	0.01111	0.00953	0.00635	0.00318	0.00794	0.00556	0.00635	0.01111
36	0.02822	0.43995	0.05291	0.02396	0.03306	0.03483	0.14580	0.03289	0.02240	0.07350	0.01809	0.02079	0.01480	0.00908	0.00826	0.00259	0.01235	0.00753	0.00529	0.01370
37	0.02406	0.01323	0.01684	0.01534	0.01906	0.01247	0.01164	0.06980	0.02744	0.17203	0.20455	0.22692	0.05930	0.02099	0.01149	0.00343	0.00668	0.01836	0.05452	0.01185
38	0.01730	0.01110	0.01461	0.01338	0.01629	0.01016	0.01016	0.02207	0.02908	0.08885	0.52327	0.07298	0.09053	0.02025	0.01195	0.00322	0.00518	0.01783	0.01142	0.01037
39	0.02540	0.02438	0.04165	0.06299	0.57533	0.02438	0.03149	0.03149	0.02337	0.03353	0.01930	0.02540	0.01626	0.00914	0.01016	0.00305	0.01219	0.00914	0.00508	0.01626
40	0.01229	0.01037	0.01044	0.01044	0.01370	0.00874	0.00770	0.01474	0.02289	0.02726	0.09970	0.09688	0.53945	0.06243	0.01451	0.00385	0.00548	0.02126	0.00933	0.00852
41	0.02744	0.64552	0.05378	0.01756	0.02634	0.04061	0.01756	0.03073	0.02085	0.02414	0.01427	0.01646	0.01317	0.00878	0.00658	0.00219	0.01097	0.00549	0.00439	0.01317
42	0.01338	0.00969	0.01278	0.01466	0.01595	0.00909	0.01062	0.01605	0.02158	0.02865	0.11342	0.44875	0.10436	0.02990	0.01311	0.00412	0.00638	0.10911	0.00970	0.00869
43	0.71184	0.01985	0.01508	0.01350	0.01985	0.02302	0.01111	0.03017	0.01746	0.04604	0.01429	0.01667	0.01111	0.00953	0.00635	0.00318	0.00794	0.00556	0.00635	0.01111
44	0.03488	0.01526	0.01913	0.01554	0.02137	0.01410	0.01254	0.07261	0.02821	0.33896	0.07826	0.03849	0.03067	0.01309	0.00949	0.00293	0.00739	0.01065	0.22197	0.01444
45	0.02245	0.02245	0.03143	0.02694	0.02694	0.03143	0.02245	0.02470	0.01572	0.02470	0.01347	0.02245	0.01347	0.01796	0.03368	0.00449	0.62057	0.00898	0.00449	0.01123
46	0.01267	0.01042	0.01115	0.01096	0.01419	0.00889	0.00822	0.01578	0.02467	0.03076	0.20937	0.09376	0.46386	0.02486	0.01212	0.00341	0.00512	0.02096	0.00993	0.00889
47	0.02744	0.64552	0.05378	0.01756	0.02634	0.04061	0.01756	0.03073	0.02085	0.02414	0.01427	0.01646	0.01317	0.00878	0.00658	0.00219	0.01097	0.00549	0.00439	0.01317
48	0.71184	0.01985	0.01508	0.01350	0.01985	0.02302	0.01111	0.03017	0.01746	0.04604	0.01429	0.01667	0.01111	0.00953	0.00635	0.00318	0.00794	0.00556	0.00635	0.01111
49	0.01499	0.01037	0.01380	0.01380	0.01465	0.01122	0.00946	0.01640	0.01555	0.02158	0.02913	0.05232	0.03061	0.33836	0.30513	0.05868	0.01802	0.01270	0.00577	0.00747
50	0.01324	0.01044	0.01193	0.01156	0.01454	0.00913	0.00867	0.01687	0.02600	0.03393	0.31921	0.08855	0.35204	0.02368	0.01212	0.00336	0.00503	0.02023	0.01035	0.00913
51	0.04604	0.01746	0.02382	0.01826	0.02620	0.01508	0.01508	0.05001	0.02937	0.58244	0.04049	0.03493	0.02540	0.01270	0.01032	0.00318	0.00873	0.01032	0.01270	0.01746
52	0.02409	0.02248	0.03171	0.02592	0.03188	0.02505	0.13306	0.04392	0.34129	0.03863	0.07371	0.03713	0.03084	0.01370	0.01338	0.00356	0.07429	0.01196	0.00871	0.01469
53	0.02962	0.02286	0.03881	0.02902	0.03706	0.02230	0.23452	0.11332	0.07462	0.15105	0.10493	0.03652	0.03069	0.01222	0.01133	0.00331	0.01211	0.01218	0.00879	0.01474
54	0.04604	0.01746	0.02382	0.01826	0.02620	0.01508	0.01508	0.05001	0.02937	0.58244	0.04049	0.03493	0.02540	0.01270	0.01032	0.00318	0.00873	0.01032	0.01270	0.01746
55	0.02274	0.02147	0.02918	0.02478	0.02771	0.02682	0.05903	0.03436	0.19180	0.03292	0.08162	0.03365	0.02814	0.01626	0.02227	0.00395	0.31218	0.01107	0.00717	0.01288
56	0.02735	0.02295	0.02423	0.02125	0.02738	0.02638	0.01668	0.12043	0.48792	0.04587	0.03945	0.03644	0.02945	0.01371	0.01042	0.00343	0.00855	0.01128	0.01042	0.01641
57	0.01397	0.01111	0.01339	0.01310	0.01533	0.01077	0.00969	0.01705	0.02375	0.03150	0.24961	0.15558	0.26094	0.06341	0.01641	0.00397	0.05163	0.02021	0.00956	0.00901
58	0.01520	0.01158	0.01662	0.01478	0.01754	0.01078	0.04433	0.01991	0.02764	0.03896	0.49201	0.07268	0.08685	0.06804	0.01521	0.00376	0.00606	0.01785	0.01050	0.00969
59	0.01662	0.01074	0.01336	0.01265	0.01546	0.00979	0.00950	0.02087	0.02685	0.07367	0.37872	0.11006	0.14961	0.02094	0.01154	0.00323	0.00522	0.01821	0.08301	0.00995
60	0.28100	0.02120	0.03269	0.02521	0.03270	0.02138	0.20215	0.03253	0.02269	0.11264	0.05950	0.03369	0.02351	0.01165	0.00987	0.00338	0.01132	0.04282	0.00733	0.01275
61	0.13707	0.10347	0.10368	0.02552	0.08744	0.02341	0.05297	0.07226	0.02581	0.23270	0.02583	0.02598	0.01798	0.01069	0.00927	0.00306	0.01081	0.00856	0.00817	0.01531

[dist]
# distance from previous block
# <min> <max>
1	5

[block]
# block no. 3 follows, 14 sequences, length 67
# corresponding to MSA columns:
# 157-223
name=unknown_D
#
# <colnr> <probs for GDERKNQSTAVLIFYWHMCP>
#	G	D	E	R	K	N	Q	S	T	A	V	L	I	F	Y	W	H	M	C	P
0	0.02279	0.01858	0.02397	0.02244	0.10724	0.01510	0.01507	0.02757	0.02259	0.06419	0.05852	0.02656	0.02168	0.00906	0.00845	0.00196	0.00816	0.00766	0.00666	0.51175
1	0.02010	0.01233	0.01490	0.01313	0.01747	0.01060	0.01016	0.02389	0.02639	0.13876	0.25130	0.07327	0.25935	0.02038	0.01146	0.00319	0.00592	0.01730	0.01052	0.05959
2	0.02694	0.02147	0.02443	0.02356	0.06868	0.02394	0.01707	0.07673	0.41347	0.08131	0.07584	0.03898	0.03355	0.01387	0.01052	0.00339	0.00843	0.01168	0.01024	0.01594
3	0.71184	0.01985	0.01508	0.01350	0.01985	0.02302	0.01111	0.03017	0.01746	0.04604	0.01429	0.01667	0.01111	0.00953	0.00635	0.00318	0.00794	0.00556	0.00635	0.01111
4	0.02636	0.01997	0.03369	0.34412	0.15581	0.02176	0.06527	0.03261	0.02316	0.14226	0.02320	0.02857	0.01672	0.01043	0.01039	0.00330	0.01266	0.00960	0.00638	0.01375
5	0.03752	0.01979	0.03334	0.02485	0.03305	0.01772	0.16123	0.04287	0.02790	0.38705	0.07543	0.03609	0.02811	0.01220	0.01096	0.00326	0.01084	0.01145	0.01049	0.01585
6	0.04604	0.01746	0.02382	0.01826	0.02620	0.01508	0.01508	0.05001	0.02937	0.58244	0.04049	0.03493	0.02540	0.01270	0.01032	0.00318	0.00873	0.01032	0.01270	0.01746
7	0.02744	0.64552	0.05378	0.01756	0.02634	0.04061	0.01756	0.03073	0.02085	0.02414	0.01427	0.01646	0.01317	0.00878	0.00658	0.00219	0.01097	0.00549	0.00439	0.01317
8	0.01452	0.01049	0.01372	0.01291	0.01533	0.00968	0.00968	0.01937	0.02905	0.04115	0.56992	0.07666	0.09683	0.02098	0.01210	0.00323	0.00484	0.01856	0.01130	0.00968
9	0.01473	0.01105	0.01401	0.01484	0.01754	0.01033	0.01218	0.01888	0.02503	0.03268	0.20823	0.10030	0.21593	0.02568	0.01303	0.00396	0.00698	0.23537	0.00997	0.00929
10	0.03385	0.02325	0.07209	0.03436	0.18709	0.02015	0.07402	0.06956	0.02771	0.26784	0.06136	0.03239	0.02468	0.01154	0.01052	0.00317	0.01096	0.01039	0.00894	0.01613
11	0.04333	0.01667	0.02238	0.01738	0.02476	0.01453	0.01429	0.04738	0.02858	0.52762	0.03978	0.03526	0.02549	0.01263	0.01000	0.00310	0.00833	0.01024	0.08157	0.01667
12	0.03977	0.01578	0.02095	0.01657	0.02328	0.01387	0.01351	0.04392	0.02816	0.46226	0.07636	0.03834	0.03052	0.01317	0.00997	0.00306	0.00786	0.01078	0.11614	0.01573
13	0.02232	0.02807	0.10815	0.19745	0.04311	0.12039	0.07501	0.02839	0.02357	0.02968	0.10155	0.03695	0.06716	0.01336	0.01241	0.00333	0.06026	0.01102	0.00603	0.01180
14	0.02519	0.01693	0.01957	0.01766	0.02250	0.01778	0.01361	0.04046	0.27122	0.14235	0.12422	0.13092	0.07746	0.01802	0.01114	0.00348	0.00728	0.01546	0.01081	0.01395
15	0.04333	0.01667	0.02238	0.01738	0.02476	0.01453	0.01429	0.04738	0.02858	0.52762	0.03978	0.03526	0.02549	0.01263	0.01000	0.00310	0.00833	0.01024	0.08157	0.01667
16	0.06915	0.01609	0.02037	0.01758	0.02093	0.01715	0.05073	0.12945	0.02344	0.03331	0.02909	0.08012	0.02923	0.27185	0.13909	0.00844	0.01375	0.01295	0.00707	0.01020
17	0.02328	0.28597	0.37689	0.02465	0.03731	0.03043	0.02991	0.03180	0.02135	0.02921	0.01679	0.01962	0.01307	0.00937	0.00851	0.00284	0.01352	0.00676	0.00436	0.01438
18	0.03279	0.01459	0.01921	0.01571	0.02154	0.01273	0.01260	0.03680	0.02844	0.35872	0.19156	0.05515	0.12175	0.01680	0.01105	0.00323	0.00719	0.01413	0.01188	0.01413
19	0.04159	0.01648	0.02239	0.01750	0.02466	0.01432	0.01432	0.04568	0.02933	0.50590	0.11535	0.04083	0.03550	0.01387	0.01057	0.00318	0.00818	0.01148	0.01250	0.01636
20	0.07129	0.01307	0.01418	0.01297	0.01701	0.01242	0.01001	0.06197	0.02590	0.09099	0.14465	0.10242	0.26707	0.02038	0.01086	0.00327	0.00618	0.01696	0.08776	0.01065
21	0.01938	0.01824	0.03078	0.61468	0.07068	0.02280	0.02850	0.02622	0.02052	0.02622	0.01824	0.02736	0.01368	0.01026	0.01026	0.00342	0.01368	0.00912	0.00456	0.01140
22	0.01674	0.01373	0.02095	0.02843	0.17350	0.01335	0.01652	0.02031	0.02185	0.02989	0.08432	0.36133	0.05451	0.02440	0.01232	0.00384	0.00802	0.07680	0.00840	0.01079
23	0.01245	0.00988	0.01119	0.01198	0.01434	0.00863	0.00856	0.01493	0.02249	0.02822	0.12318	0.28747	0.35488	0.02780	0.01247	0.00370	0.00544	0.02410	0.00967	0.00863
24	0.01986	0.01873	0.03165	0.57050	0.11109	0.02293	0.02874	0.02664	0.02075	0.02680	0.01832	0.02720	0.01389	0.01017	0.01025	0.00339	0.01356	0.00912	0.00460	0.01179
25	0.02601	0.01809	0.02176	0.01578	0.02468	0.01395	0.01272	0.03045	0.02282	0.13821	0.02249	0.02388	0.01715	0.00857	0.00812	0.00184	0.00782	0.00689	0.00734	0.57143
26	0.71184	0.01985	0.01508	0.01350	0.01985	0.02302	0.01111	0.03017	0.01746	0.04604	0.01429	0.01667	0.01111	0.00953	0.00635	0.00318	0.00794	0.00556	0.00635	0.01111
27	0.02771	0.02453	0.09576	0.08533	0.26536	0.02191	0.02608	0.03359	0.02385	0.14880	0.06144	0.03043	0.02297	0.01177	0.01266	0.00328	0.07269	0.00985	0.00694	0.01505
28	0.02724	0.02501	0.03282	0.18150	0.17148	0.06675	0.02487	0.13952	0.06717	0.03708	0.02073	0.02577	0.01636	0.01189	0.01374	0.00337	0.10495	0.00914	0.00638	0.01422
29	0.02652	0.02091	0.02125	0.01832	0.02379	0.06023	0.01440	0.14405	0.18341	0.08470	0.12349	0.05189	0.14991	0.01679	0.01090	0.00327	0.00849	0.01375	0.01015	0.01377
30	0.15782	0.02483	0.02735	0.02395	0.07070	0.02701	0.01811	0.30947	0.07650	0.12536	0.02575	0.02565	0.01831	0.01175	0.00958	0.00314	0.01019	0.00889	0.00950	0.01614
31	0.02603	0.27057	0.32338	0.02363	0.03559	0.02911	0.02772	0.03382	0.02223	0.09169	0.01937	0.02122	0.01447	0.00972	0.00863	0.00285	0.01287	0.00711	0.00530	0.01468
32	0.01419	0.01048	0.01325	0.01255	0.01512	0.00954	0.00942	0.01871	0.02825	0.03925	0.50403	0.07978	0.16390	0.02169	0.01211	0.00326	0.00489	0.01900	0.01105	0.00954
33	0.13680	0.02487	0.02513	0.02020	0.02756	0.08770	0.01639	0.18714	0.06437	0.26247	0.02950	0.02772	0.02006	0.01197	0.00963	0.00311	0.01042	0.00899	0.01012	0.01585
34	0.17972	0.07526	0.07174	0.02940	0.16553	0.06539	0.02014	0.03305	0.02248	0.09812	0.01972	0.02231	0.01526	0.00949	0.00849	0.00274	0.01064	0.00734	0.00632	0.13686
35	0.02471	0.01586	0.02058	0.01951	0.06543	0.01480	0.01387	0.03273	0.09966	0.15614	0.25579	0.04991	0.05364	0.01525	0.01065	0.00298	0.00714	0.01318	0.01019	0.11799
36	0.01237	0.00945	0.01137	0.01290	0.01452	0.00845	0.00891	0.01445	0.02098	0.02674	0.07347	0.44222	0.24739	0.02995	0.01275	0.00392	0.00568	0.02649	0.00953	0.00845
37	0.11436	0.02824	0.15013	0.09305	0.03970	0.02279	0.13194	0.07336	0.06510	0.09299	0.06698	0.03016	0.02306	0.01125	0.01021	0.00330	0.01221	0.01004	0.00712	0.01399
38	0.06982	0.02473	0.03568	0.15130	0.30255	0.06811	0.05681	0.03426	0.09274	0.03355	0.02155	0.02649	0.01715	0.01008	0.01001	0.00317	0.01244	0.00921	0.00579	0.01455
39	0.01624	0.01102	0.01341	0.01249	0.01571	0.00977	0.00948	0.02026	0.02718	0.07999	0.37116	0.08073	0.25028	0.02200	0.01197	0.00330	0.00527	0.01894	0.01082	0.00996
40	0.04081	0.01611	0.02157	0.01695	0.02389	0.01409	0.01385	0.04493	0.02856	0.48427	0.08218	0.03861	0.03121	0.01329	0.01015	0.00310	0.00802	0.01090	0.08146	0.01605
41	0.02252	0.04873	0.46990	0.03382	0.11860	0.06440	0.03573	0.03295	0.02243	0.03212	0.01836	0.02197	0.01348	0.00972	0.00977	0.00318	0.01498	0.00774	0.00451	0.01509
42	0.03624	0.24344	0.03547	0.01867	0.02704	0.02689	0.01648	0.12385	0.02886	0.25220	0.02669	0.02552	0.01888	0.01083	0.00876	0.00268	0.00987	0.00807	0.00880	0.07076
43	0.01527	0.01113	0.01456	0.01429	0.01503	0.01241	0.00987	0.01689	0.01561	0.02178	0.02923	0.05359	0.03115	0.37404	0.27249	0.01227	0.05389	0.01297	0.00582	0.00771
44	0.59919	0.09243	0.04846	0.01476	0.02183	0.02506	0.01320	0.03035	0.01806	0.04287	0.01450	0.01690	0.01144	0.00945	0.00655	0.00307	0.00865	0.00565	0.00603	0.01155
45	0.01721	0.00995	0.01129	0.01096	0.01336	0.00961	0.00822	0.02202	0.02465	0.03946	0.25666	0.05423	0.05565	0.01571	0.00922	0.00274	0.00481	0.01331	0.41131	0.00961
46	0.03283	0.03808	0.03243	0.07084	0.07378	0.35121	0.06266	0.06815	0.06874	0.03011	0.01901	0.02254	0.01533	0.01122	0.01160	0.00302	0.06155	0.00812	0.00585	0.01294
47	0.01373	0.01006	0.01307	0.01446	0.01619	0.00939	0.01081	0.01688	0.02296	0.03050	0.17070	0.33670	0.13798	0.02819	0.01299	0.00399	0.00636	0.12627	0.00988	0.00890
48	0.01452	0.01049	0.01372	0.01291	0.01533	0.00968	0.00968	0.01937	0.02905	0.04115	0.56992	0.07666	0.09683	0.02098	0.01210	0.00323	0.00484	0.01856	0.01130	0.00968
49	0.02127	0.11277	0.53254	0.02807	0.04259	0.02552	0.03586	0.03232	0.02158	0.03166	0.01800	0.02114	0.01302	0.00965	0.00943	0.00314	0.01474	0.00737	0.00434	0.01497
50	0.71184	0.01985	0.01508	0.01350	0.01985	0.02302	0.01111	0.03017	0.01746	0.04604	0.01429	0.01667	0.01111	0.00953	0.00635	0.00318	0.00794	0.00556	0.00635	0.01111
51	0.01452	0.01049	0.01372	0.01291	0.01533	0.00968	0.00968	0.01937	0.02905	0.04115	0.56992	0.07666	0.09683	0.02098	0.01210	0.00323	0.00484	0.01856	0.01130	0.00968
52	0.01434	0.01024	0.01401	0.01638	0.01778	0.00992	0.01271	0.01746	0.02145	0.02825	0.05555	0.39776	0.06387	0.03042	0.01359	0.00442	0.00754	0.24598	0.00949	0.00884
53	0.03065	0.02354	0.02495	0.02078	0.02724	0.02645	0.01663	0.26206	0.27562	0.05183	0.03340	0.03237	0.02474	0.01300	0.01000	0.00318	0.00912	0.01035	0.08809	0.01601
54	0.02167	0.02130	0.02993	0.02589	0.02607	0.02956	0.02148	0.02405	0.01579	0.02461	0.01488	0.02425	0.01470	0.02391	0.09060	0.00570	0.56081	0.00918	0.00459	0.01102
55	0.03003	0.09182	0.21911	0.02815	0.03813	0.19125	0.08759	0.12832	0.02892	0.03568	0.01878	0.02161	0.01420	0.01025	0.00973	0.00299	0.01533	0.00798	0.00580	0.01433
56	0.01932	0.01205	0.01672	0.01818	0.02093	0.01170	0.01539	0.02355	0.02372	0.09260	0.05308	0.17868	0.05647	0.02711	0.01359	0.00447	0.00888	0.38353	0.00983	0.01020
57	0.02541	0.02415	0.03980	0.05875	0.52006	0.02450	0.02996	0.03382	0.07711	0.03447	0.02157	0.02670	0.01777	0.00963	0.01019	0.00309	0.01178	0.00939	0.00562	0.01625
58	0.02108	0.02156	0.04125	0.41369	0.06468	0.02391	0.20773	0.02856	0.02182	0.02856	0.01913	0.02747	0.01435	0.00969	0.01091	0.00343	0.01495	0.01017	0.00478	0.01226
59	0.01488	0.01011	0.01199	0.01199	0.01226	0.01038	0.00721	0.01543	0.01516	0.02049	0.03161	0.06313	0.03556	0.55508	0.13412	0.01093	0.01258	0.01433	0.00611	0.00666
60	0.01595	0.01098	0.01317	0.01232	0.01557	0.00969	0.00935	0.01984	0.02685	0.07648	0.34729	0.08220	0.27768	0.02233	0.01198	0.00332	0.00527	0.01916	0.01071	0.00987
61	0.01263	0.01056	0.01109	0.01136	0.01470	0.00902	0.00879	0.01547	0.02342	0.02806	0.09834	0.10069	0.51314	0.02626	0.01236	0.00361	0.00568	0.07657	0.00952	0.00875
62	0.02666	0.57839	0.11410	0.01888	0.02839	0.03871	0.01987	0.03093	0.02094	0.02509	0.01474	0.01705	0.01315	0.00889	0.00694	0.00231	0.01145	0.00572	0.00438	0.01340
63	0.59314	0.01942	0.01664	0.01434	0.02098	0.02161	0.01182	0.03370	0.01959	0.14167	0.01896	0.01993	0.01366	0.01009	0.00706	0.00318	0.00808	0.00641	0.00748	0.01225
64	0.03583	0.10975	0.03544	0.02648	0.03334	0.34736	0.07171	0.15377	0.03206	0.03487	0.01819	0.02061	0.01442	0.01058	0.00947	0.00278	0.01588	0.00764	0.00632	0.01351
65	0.02472	0.02369	0.04042	0.12550	0.51815	0.02420	0.03116	0.03090	0.02304	0.03270	0.01918	0.02562	0.01596	0.00927	0.01017	0.00309	0.01236	0.00914	0.00502	0.01571
66	0.02417	0.01355	0.01632	0.01417	0.01822	0.01312	0.01108	0.08519	0.02924	0.13953	0.26802	0.05289	0.05594	0.01607	0.01024	0.00297	0.00625	0.01359	0.19752	0.01192

[dist]
# distance from previous block
# <min> <max>
0	10

[block]
# block no. 4 follows, 14 sequences, length 67
# corresponding to MSA columns:
# 234-300
name=unknown_E
#
# <colnr> <probs for GDERKNQSTAVLIFYWHMCP>
#	G	D	E	R	K	N	Q	S	T	A	V	L	I	F	Y	W	H	M	C	P
0	0.03185	0.01432	0.01927	0.01585	0.02131	0.01265	0.01265	0.03621	0.02923	0.33875	0.27884	0.05371	0.05756	0.01643	0.01112	0.00320	0.00698	0.01403	0.01207	0.01396
1	0.02322	0.28091	0.38144	0.02475	0.03746	0.03028	0.03009	0.03182	0.02135	0.02929	0.01682	0.01966	0.01306	0.00938	0.00853	0.00284	0.01355	0.00678	0.00435	0.01440
2	0.02517	0.43639	0.16146	0.01970	0.02987	0.03345	0.02112	0.03044	0.02108	0.02715	0.01568	0.01821	0.01341	0.00883	0.00739	0.00233	0.01140	0.00601	0.00461	0.10631
3	0.11435	0.01937	0.05523	0.01811	0.02334	0.01866	0.01511	0.03598	0.09660	0.20746	0.07322	0.03948	0.02990	0.11714	0.01955	0.00450	0.07889	0.01099	0.00896	0.01318
4	0.02091	0.05104	0.54921	0.02870	0.04325	0.02394	0.03649	0.03395	0.05680	0.03318	0.01995	0.02276	0.01420	0.01002	0.00980	0.00327	0.01470	0.00785	0.00473	0.01524
5	0.01364	0.01015	0.01083	0.01083	0.01241	0.00936	0.00694	0.01483	0.01880	0.02348	0.06511	0.08162	0.28162	0.35866	0.03388	0.00698	0.00777	0.01801	0.00773	0.00734
6	0.02383	0.04700	0.48382	0.03034	0.07936	0.02287	0.03485	0.03443	0.02267	0.09553	0.02100	0.02344	0.01465	0.01005	0.00984	0.00323	0.01422	0.00801	0.00534	0.01551
7	0.02017	0.03042	0.27147	0.02177	0.03034	0.01656	0.02347	0.02712	0.02186	0.08117	0.03494	0.22001	0.03476	0.01820	0.01101	0.00351	0.01072	0.05088	0.00723	0.06441
8	0.19672	0.03238	0.02253	0.02080	0.02549	0.31207	0.01596	0.03270	0.02311	0.02990	0.01837	0.02349	0.01580	0.02686	0.15536	0.00622	0.01817	0.00745	0.00560	0.01102
9	0.02137	0.12091	0.52522	0.02791	0.04235	0.02575	0.03559	0.03230	0.02157	0.03154	0.01794	0.02107	0.01302	0.00964	0.00939	0.00313	0.01469	0.00734	0.00434	0.01494
10	0.01533	0.01133	0.01441	0.01349	0.01616	0.01084	0.01016	0.02194	0.06761	0.04128	0.53133	0.07385	0.09204	0.02046	0.01198	0.00325	0.00508	0.01805	0.01123	0.01016
11	0.01469	0.01088	0.01589	0.01589	0.01751	0.01250	0.01207	0.01794	0.01631	0.02337	0.02804	0.04339	0.02699	0.14135	0.53612	0.01574	0.02548	0.01144	0.00558	0.00883
12	0.16843	0.01790	0.02221	0.01738	0.02503	0.01654	0.01435	0.04636	0.02718	0.48384	0.03567	0.03157	0.02278	0.01212	0.00959	0.00318	0.00859	0.00944	0.01153	0.01630
13	0.01278	0.00985	0.01169	0.01243	0.01457	0.00875	0.00886	0.01555	0.02316	0.03000	0.18524	0.29931	0.27636	0.02729	0.01250	0.00368	0.00541	0.02389	0.00991	0.00875
14	0.02744	0.64552	0.05378	0.01756	0.02634	0.04061	0.01756	0.03073	0.02085	0.02414	0.01427	0.01646	0.01317	0.00878	0.00658	0.00219	0.01097	0.00549	0.00439	0.01317
15	0.01290	0.01034	0.01064	0.01056	0.01385	0.00883	0.00792	0.01588	0.02377	0.02979	0.14137	0.09197	0.48462	0.02442	0.01174	0.00336	0.00513	0.02042	0.06368	0.00883
16	0.01418	0.01022	0.01341	0.01315	0.01525	0.00945	0.00966	0.01850	0.02744	0.03860	0.48225	0.17161	0.09188	0.02289	0.01227	0.00339	0.00503	0.02037	0.01099	0.00945
17	0.01531	0.01099	0.01489	0.01574	0.01802	0.01057	0.01281	0.01990	0.02595	0.03539	0.30010	0.13107	0.07763	0.02509	0.01312	0.00397	0.00702	0.24260	0.01033	0.00949
18	0.03747	0.02798	0.02993	0.02330	0.03124	0.03110	0.01913	0.48541	0.10647	0.06219	0.02660	0.02620	0.01904	0.01250	0.01029	0.00313	0.01093	0.00951	0.01029	0.01731
19	0.03102	0.02478	0.02630	0.02200	0.02878	0.02809	0.01757	0.25290	0.34947	0.05179	0.03478	0.03272	0.02567	0.01327	0.01037	0.00332	0.00941	0.01064	0.01037	0.01674
20	0.71184	0.01985	0.01508	0.01350	0.01985	0.02302	0.01111	0.03017	0.01746	0.04604	0.01429	0.01667	0.01111	0.00953	0.00635	0.00318	0.00794	0.00556	0.00635	0.01111
21	0.02104	0.09217	0.55105	0.02848	0.04322	0.02494	0.03657	0.03238	0.02161	0.03195	0.01814	0.02132	0.01301	0.00969	0.00954	0.00318	0.01489	0.00744	0.00434	0.01503
22	0.71184	0.01985	0.01508	0.01350	0.01985	0.02302	0.01111	0.03017	0.01746	0.04604	0.01429	0.01667	0.01111	0.00953	0.00635	0.00318	0.00794	0.00556	0.00635	0.01111
23	0.02541	0.02422	0.04037	0.06005	0.53707	0.02446	0.03043	0.03310	0.06057	0.03418	0.02087	0.02630	0.01731	0.00948	0.01018	0.00308	0.01191	0.00932	0.00545	0.01625
24	0.13310	0.01820	0.01990	0.01544	0.02307	0.01590	0.01223	0.06290	0.02245	0.03693	0.02246	0.09078	0.02074	0.01107	0.00822	0.00220	0.00774	0.00887	0.00682	0.46099
25	0.02501	0.02290	0.03690	0.23652	0.35025	0.02472	0.02916	0.08814	0.02530	0.03473	0.01957	0.02594	0.01556	0.00987	0.01020	0.00317	0.01257	0.00915	0.00551	0.01483
26	0.01724	0.01495	0.02588	0.02194	0.02619	0.01411	0.14284	0.02276	0.02587	0.03554	0.27544	0.11706	0.06572	0.02046	0.01265	0.00370	0.00908	0.12878	0.00922	0.01056
27	0.01679	0.01450	0.02288	0.10334	0.09012	0.01531	0.05034	0.02074	0.02174	0.02983	0.12626	0.30206	0.05175	0.02207	0.01377	0.00376	0.05658	0.01972	0.00796	0.01047
28	0.02744	0.64552	0.05378	0.01756	0.02634	0.04061	0.01756	0.03073	0.02085	0.02414	0.01427	0.01646	0.01317	0.00878	0.00658	0.00219	0.01097	0.00549	0.00439	0.01317
29	0.02110	0.09756	0.54621	0.02837	0.04306	0.02509	0.03639	0.03237	0.02160	0.03187	0.01810	0.02128	0.01301	0.00968	0.00951	0.00317	0.01485	0.00743	0.00434	0.01502
30	0.02417	0.02313	0.03944	0.17549	0.47242	0.02406	0.03088	0.03042	0.02279	0.03204	0.01909	0.02580	0.01573	0.00937	0.01018	0.00312	0.01249	0.00914	0.00497	0.01527
31	0.02226	0.05073	0.54907	0.02852	0.04321	0.02326	0.03641	0.03365	0.02217	0.06879	0.01987	0.02254	0.01382	0.00994	0.00979	0.00324	0.01474	0.00776	0.00489	0.01532
32	0.02553	0.02204	0.02320	0.02088	0.02669	0.02553	0.01624	0.05453	0.55679	0.04293	0.04177	0.03829	0.03133	0.01392	0.01044	0.00348	0.00812	0.01160	0.01044	0.01624
33	0.02719	0.02400	0.02960	0.06961	0.06704	0.06217	0.07797	0.04736	0.35238	0.07644	0.03447	0.03395	0.02570	0.01245	0.01052	0.00337	0.01055	0.01091	0.00890	0.01541
34	0.01434	0.01035	0.01355	0.01304	0.01529	0.00956	0.00967	0.01890	0.02818	0.03977	0.52260	0.12790	0.09416	0.02201	0.01220	0.00331	0.00494	0.01954	0.01113	0.00956
35	0.01470	0.01082	0.01562	0.01562	0.01715	0.01235	0.01173	0.01776	0.01623	0.02317	0.02829	0.04475	0.02758	0.16993	0.50835	0.01541	0.02459	0.01164	0.00562	0.00868
36	0.02540	0.02438	0.04165	0.06299	0.57533	0.02438	0.03149	0.03149	0.02337	0.03353	0.01930	0.02540	0.01626	0.00914	0.01016	0.00305	0.01219	0.00914	0.00508	0.01626
37	0.01938	0.01824	0.03078	0.61468	0.07068	0.02280	0.02850	0.02622	0.02052	0.02622	0.01824	0.02736	0.01368	0.01026	0.01026	0.00342	0.01368	0.00912	0.00456	0.01140
38	0.04604	0.01746	0.02382	0.01826	0.02620	0.01508	0.01508	0.05001	0.02937	0.58244	0.04049	0.03493	0.02540	0.01270	0.01032	0.00318	0.00873	0.01032	0.01270	0.01746
39	0.01289	0.00956	0.01209	0.01378	0.01521	0.00877	0.00974	0.01528	0.02137	0.02790	0.10168	0.44633	0.16999	0.02984	0.01292	0.00401	0.00600	0.06443	0.00964	0.00858
40	0.02253	0.22106	0.43522	0.02593	0.03929	0.02859	0.03214	0.03200	0.02144	0.03013	0.01724	0.02019	0.01305	0.00947	0.00885	0.00295	0.01398	0.00699	0.00435	0.01460
41	0.02028	0.01873	0.02683	0.03172	0.19539	0.05648	0.05389	0.02563	0.02693	0.03706	0.31990	0.05307	0.06000	0.01567	0.01129	0.00315	0.00897	0.01431	0.00850	0.01219
42	0.03134	0.03749	0.15328	0.02963	0.03889	0.17950	0.14930	0.09618	0.05779	0.09304	0.02264	0.02494	0.01652	0.01054	0.01035	0.00312	0.01507	0.00913	0.00670	0.01452
43	0.01466	0.01100	0.01649	0.01649	0.01833	0.01283	0.01283	0.01833	0.01649	0.02382	0.02749	0.04032	0.02566	0.07697	0.59868	0.01649	0.02749	0.01100	0.00550	0.00916
44	0.02848	0.03024	0.04688	0.04387	0.19365	0.11668	0.25499	0.09196	0.02750	0.03547	0.02002	0.02524	0.01561	0.00951	0.01090	0.00317	0.01537	0.01008	0.00576	0.01462
45	0.01250	0.00893	0.01191	0.01429	0.01488	0.00834	0.00953	0.01429	0.01965	0.02620	0.05656	0.63265	0.06787	0.03215	0.01310	0.00417	0.00595	0.02917	0.00953	0.00834
46	0.02540	0.02438	0.04165	0.06299	0.57533	0.02438	0.03149	0.03149	0.02337	0.03353	0.01930	0.02540	0.01626	0.00914	0.01016	0.00305	0.01219	0.00914	0.00508	0.01626
47	0.01530	0.01105	0.01503	0.01723	0.01927	0.01079	0.01430	0.01920	0.02270	0.02947	0.05847	0.23210	0.09852	0.02904	0.01378	0.00451	0.00834	0.36229	0.00947	0.00914
48	0.02649	0.02506	0.04712	0.05265	0.34837	0.02427	0.21171	0.03334	0.02411	0.07340	0.02137	0.02691	0.01668	0.00923	0.01087	0.00320	0.01377	0.01029	0.00568	0.01548
49	0.08332	0.01926	0.02243	0.01784	0.02507	0.05758	0.01451	0.04488	0.02807	0.45758	0.04293	0.03849	0.07394	0.01358	0.01016	0.00316	0.00907	0.01080	0.01148	0.01586
