[name]
unknown

[dist]
# distance from previous block
# <min> <max>
0	136

[block]
# block no. 0 follows, 14 sequences, length 52
# corresponding to MSA columns:
# 205-256
name=unknown_A
#
# <colnr> <probs for GDERKNQSTAVLIFYWHMCP>
#	G	D	E	R	K	N	Q	S	T	A	V	L	I	F	Y	W	H	M	C	P
0	0.07869	0.02035	0.02237	0.01929	0.02493	0.02179	0.01550	0.22770	0.10398	0.04697	0.07000	0.12509	0.03614	0.01732	0.01081	0.00340	0.00895	0.07428	0.00956	0.06291
1	0.56724	0.02401	0.01762	0.01584	0.02200	0.10237	0.01270	0.03350	0.05984	0.04293	0.01658	0.01856	0.01293	0.01000	0.00706	0.00313	0.00941	0.00616	0.00651	0.01161
2	0.01409	0.01019	0.01221	0.01234	0.01360	0.01004	0.00823	0.01578	0.01840	0.02433	0.08997	0.11401	0.15104	0.32001	0.13354	0.00880	0.01134	0.01701	0.00742	0.00767
3	0.06989	0.45889	0.08560	0.02047	0.02958	0.03646	0.05324	0.08648	0.02390	0.03104	0.01611	0.01846	0.01366	0.00927	0.00755	0.00251	0.01153	0.00648	0.00520	0.01369
4	0.01589	0.01170	0.01425	0.01485	0.01678	0.01162	0.01072	0.04876	0.05812	0.03106	0.11655	0.31173	0.10010	0.11408	0.01826	0.00477	0.00716	0.07484	0.00937	0.00939
5	0.03109	0.11918	0.18735	0.02805	0.07165	0.09026	0.05646	0.17568	0.03062	0.08275	0.02124	0.02311	0.01563	0.01055	0.00963	0.00299	0.01332	0.00825	0.00685	0.01535
6	0.57312	0.02102	0.02193	0.02195	0.09127	0.02342	0.05480	0.03054	0.01872	0.04346	0.01542	0.01861	0.01210	0.00941	0.00727	0.00318	0.00920	0.00651	0.00610	0.01196
7	0.02322	0.01818	0.02148	0.01544	0.02447	0.01379	0.01239	0.02774	0.02191	0.07652	0.01999	0.02235	0.01600	0.00800	0.00781	0.00165	0.00769	0.00641	0.00660	0.64836
8	0.34453	0.02192	0.05993	0.01876	0.02617	0.02085	0.05425	0.06881	0.02330	0.19040	0.02312	0.02425	0.01632	0.01213	0.01042	0.04592	0.00963	0.00794	0.00801	0.01334
9	0.03901	0.02874	0.03080	0.02361	0.03182	0.03182	0.01951	0.54111	0.04825	0.06468	0.02464	0.02464	0.01745	0.01232	0.01027	0.00308	0.01129	0.00924	0.01027	0.01745
10	0.01671	0.01288	0.01563	0.01493	0.01808	0.01293	0.01157	0.02609	0.13118	0.03935	0.37537	0.07508	0.11578	0.02078	0.01201	0.00346	0.00601	0.07049	0.01080	0.01086
11	0.01546	0.01027	0.01294	0.01344	0.01564	0.00925	0.00963	0.01834	0.02349	0.07228	0.19248	0.33934	0.17571	0.02664	0.01244	0.00371	0.00573	0.02356	0.01021	0.00943
12	0.09974	0.03196	0.18956	0.02997	0.04012	0.02424	0.20277	0.03802	0.13159	0.07270	0.02500	0.02748	0.01824	0.01039	0.01038	0.00336	0.01326	0.00994	0.00665	0.01464
13	0.04381	0.01796	0.02375	0.01854	0.02625	0.01622	0.01521	0.05050	0.08675	0.52375	0.04063	0.03529	0.02605	0.01283	0.01033	0.00321	0.00867	0.01046	0.01246	0.01733
14	0.01307	0.01002	0.01197	0.01237	0.01466	0.00892	0.00894	0.01621	0.02430	0.03195	0.25230	0.24153	0.26475	0.02599	0.01239	0.00358	0.00529	0.02270	0.01014	0.00892
15	0.44493	0.01857	0.01739	0.01507	0.02112	0.02020	0.01219	0.06814	0.02271	0.13937	0.06075	0.07285	0.02436	0.01284	0.00825	0.00325	0.00795	0.00939	0.00833	0.01236
16	0.01426	0.01048	0.01336	0.01264	0.01517	0.00957	0.00948	0.01886	0.02843	0.03969	0.51923	0.07906	0.14843	0.02152	0.01211	0.00325	0.00488	0.01890	0.01110	0.00957
17	0.01294	0.00924	0.01241	0.01479	0.01558	0.00871	0.01029	0.01505	0.02008	0.02669	0.05632	0.57642	0.06691	0.03174	0.01322	0.00423	0.00633	0.08107	0.00952	0.00846
18	0.18846	0.01737	0.02111	0.01729	0.02427	0.01646	0.01437	0.04254	0.02614	0.40510	0.03626	0.03973	0.02594	0.01371	0.00987	0.00334	0.00864	0.06323	0.01096	0.01520
19	0.08126	0.01647	0.01976	0.01699	0.02218	0.01631	0.01332	0.10340	0.06498	0.21868	0.14249	0.15868	0.04591	0.01795	0.01092	0.00339	0.00768	0.01523	0.01083	0.01358
20	0.01506	0.01294	0.01320	0.01269	0.01667	0.01235	0.00964	0.02343	0.14006	0.03105	0.09036	0.08553	0.45309	0.02335	0.01176	0.00347	0.00584	0.01946	0.00973	0.01032
21	0.01340	0.01045	0.01215	0.01173	0.01464	0.00920	0.00880	0.01718	0.02639	0.03483	0.35066	0.08706	0.32003	0.02334	0.01212	0.00334	0.00501	0.02002	0.01047	0.00920
22	0.17915	0.01780	0.01913	0.01655	0.02187	0.01888	0.01274	0.03980	0.18097	0.18861	0.03346	0.03857	0.02649	0.14128	0.01811	0.00466	0.00863	0.01061	0.00931	0.01340
23	0.01600	0.01089	0.01327	0.01244	0.01533	0.00978	0.00925	0.01978	0.02639	0.07198	0.36322	0.07924	0.21880	0.07033	0.01514	0.00382	0.00560	0.01858	0.01050	0.00965
24	0.02245	0.02245	0.03143	0.02694	0.02694	0.03143	0.02245	0.02470	0.01572	0.02470	0.01347	0.02245	0.01347	0.01796	0.03368	0.00449	0.62057	0.00898	0.00449	0.01123
25	0.02058	0.05308	0.58618	0.02925	0.04442	0.02383	0.03792	0.03250	0.02167	0.03250	0.01842	0.02167	0.01300	0.00975	0.00975	0.00325	0.01517	0.00758	0.00433	0.01517
26	0.02453	0.01239	0.01447	0.01336	0.01689	0.01200	0.01017	0.06401	0.02460	0.14740	0.03931	0.16662	0.03458	0.01655	0.00933	0.00299	0.00630	0.01398	0.35907	0.01145
27	0.71184	0.01985	0.01508	0.01350	0.01985	0.02302	0.01111	0.03017	0.01746	0.04604	0.01429	0.01667	0.01111	0.00953	0.00635	0.00318	0.00794	0.00556	0.00635	0.01111
28	0.02245	0.02245	0.03143	0.02694	0.02694	0.03143	0.02245	0.02470	0.01572	0.02470	0.01347	0.02245	0.01347	0.01796	0.03368	0.00449	0.62057	0.00898	0.00449	0.01123
29	0.01475	0.00987	0.01125	0.01142	0.01146	0.00983	0.00646	0.01488	0.01527	0.02036	0.03412	0.10877	0.03956	0.59467	0.04935	0.00952	0.00966	0.01597	0.00646	0.00637
30	0.02084	0.01135	0.01416	0.01355	0.01610	0.01035	0.00951	0.02233	0.02079	0.14661	0.05269	0.20854	0.14107	0.18628	0.02456	0.05664	0.00769	0.01839	0.00898	0.00956
31	0.04604	0.01746	0.02382	0.01826	0.02620	0.01508	0.01508	0.05001	0.02937	0.58244	0.04049	0.03493	0.02540	0.01270	0.01032	0.00318	0.00873	0.01032	0.01270	0.01746
32	0.04604	0.01746	0.02382	0.01826	0.02620	0.01508	0.01508	0.05001	0.02937	0.58244	0.04049	0.03493	0.02540	0.01270	0.01032	0.00318	0.00873	0.01032	0.01270	0.01746
33	0.01870	0.01715	0.02839	0.53028	0.06292	0.02096	0.02586	0.02526	0.02172	0.02831	0.09562	0.03427	0.02534	0.01176	0.01052	0.00339	0.01244	0.01044	0.00550	0.01116
34	0.06621	0.01715	0.01939	0.01785	0.02199	0.01818	0.01353	0.16062	0.10179	0.07698	0.04253	0.31434	0.04336	0.02178	0.01139	0.00366	0.00795	0.01884	0.00986	0.01259
35	0.02322	0.02573	0.05439	0.16164	0.05716	0.02530	0.43249	0.03149	0.02345	0.03149	0.02024	0.02761	0.01518	0.00898	0.01173	0.00345	0.01655	0.01149	0.00506	0.01334
36	0.62066	0.06327	0.01860	0.01465	0.02108	0.06333	0.01213	0.03094	0.01848	0.04317	0.01439	0.01678	0.01139	0.00955	0.00656	0.00307	0.00886	0.00562	0.00615	0.01130
37	0.01213	0.01040	0.01040	0.01040	0.01386	0.00866	0.00780	0.01473	0.02339	0.02772	0.10396	0.09876	0.57117	0.02599	0.01213	0.00347	0.00520	0.02166	0.00953	0.00866
38	0.02150	0.02114	0.03123	0.20957	0.04053	0.02875	0.02433	0.02517	0.01721	0.02517	0.01495	0.02398	0.01354	0.01557	0.02640	0.00416	0.43199	0.00902	0.00451	0.01128
39	0.01452	0.01049	0.01372	0.01291	0.01533	0.00968	0.00968	0.01937	0.02905	0.04115	0.56992	0.07666	0.09683	0.02098	0.01210	0.00323	0.00484	0.01856	0.01130	0.00968
40	0.03324	0.02756	0.02651	0.02232	0.02900	0.10593	0.01770	0.20877	0.27908	0.08960	0.03258	0.03090	0.02390	0.01285	0.01021	0.00321	0.01063	0.01005	0.00985	0.01613
41	0.02520	0.02464	0.07274	0.16813	0.37230	0.02350	0.06115	0.03181	0.02314	0.06868	0.02054	0.02634	0.01611	0.00961	0.01028	0.00317	0.01275	0.00930	0.00545	0.01514
42	0.01492	0.00995	0.01119	0.01119	0.01119	0.00995	0.00622	0.01492	0.01492	0.01990	0.03233	0.06716	0.03731	0.63935	0.05223	0.00995	0.00995	0.01492	0.00622	0.00622
43	0.04313	0.02214	0.02671	0.02048	0.02853	0.02202	0.01691	0.25344	0.03719	0.36797	0.03392	0.03067	0.02211	0.01254	0.01030	0.00314	0.00979	0.00987	0.01169	0.01746
44	0.01325	0.01044	0.01196	0.01158	0.01455	0.00914	0.00868	0.01690	0.02605	0.03403	0.32271	0.08838	0.34849	0.02364	0.01212	0.00335	0.00503	0.02020	0.01036	0.00914
45	0.71184	0.01985	0.01508	0.01350	0.01985	0.02302	0.01111	0.03017	0.01746	0.04604	0.01429	0.01667	0.01111	0.00953	0.00635	0.00318	0.00794	0.00556	0.00635	0.01111
46	0.01492	0.00995	0.01119	0.01119	0.01119	0.00995	0.00622	0.01492	0.01492	0.01990	0.03233	0.06716	0.03731	0.63935	0.05223	0.00995	0.00995	0.01492	0.00622	0.00622
47	0.71184	0.01985	0.01508	0.01350	0.01985	0.02302	0.01111	0.03017	0.01746	0.04604	0.01429	0.01667	0.01111	0.00953	0.00635	0.00318	0.00794	0.00556	0.00635	0.01111
48	0.02128	0.01824	0.02128	0.01520	0.02432	0.01368	0.01216	0.02584	0.02128	0.03344	0.01824	0.02128	0.01520	0.00760	0.00760	0.00152	0.00760	0.00608	0.00608	0.70208
49	0.03541	0.03045	0.02598	0.02203	0.02864	0.21416	0.01723	0.09979	0.17000	0.15612	0.02920	0.02818	0.02126	0.01189	0.00978	0.00294	0.01203	0.00898	0.00886	0.06705
50	0.01262	0.00916	0.01192	0.01389	0.01484	0.00846	0.00940	0.01469	0.02061	0.02738	0.09692	0.55125	0.10926	0.03087	0.01295	0.00405	0.00582	0.02783	0.00965	0.00846
51	0.01392	0.00967	0.01204	0.01270	0.01377	0.00911	0.00845	0.01546	0.02022	0.02708	0.15617	0.26650	0.11654	0.18907	0.02519	0.05989	0.00693	0.02088	0.00862	0.00778

[dist]
# distance from previous block
# <min> <max>
3	21

[block]
# block no. 1 follows, 14 sequences, length 19
# corresponding to MSA columns:
# 280-298
name=unknown_B
#
# <colnr> <probs for GDERKNQSTAVLIFYWHMCP>
#	G	D	E	R	K	N	Q	S	T	A	V	L	I	F	Y	W	H	M	C	P
0	0.42954	0.06385	0.02315	0.12066	0.03122	0.02568	0.01602	0.11637	0.02346	0.04425	0.01674	0.01988	0.01278	0.01008	0.00772	0.00313	0.00972	0.00680	0.00657	0.01238
1	0.30130	0.06982	0.06004	0.02388	0.11972	0.02199	0.01712	0.02936	0.02009	0.03778	0.01654	0.01979	0.01344	0.00887	0.00760	0.00261	0.00926	0.00645	0.00578	0.20856
2	0.14023	0.12436	0.38152	0.02465	0.03700	0.02645	0.02943	0.06573	0.02261	0.03584	0.01758	0.02032	0.01300	0.00975	0.00879	0.00309	0.01312	0.00707	0.00508	0.01436
3	0.01452	0.01049	0.01372	0.01291	0.01533	0.00968	0.00968	0.01937	0.02905	0.04115	0.56992	0.07666	0.09683	0.02098	0.01210	0.00323	0.00484	0.01856	0.01130	0.00968
4	0.02058	0.05308	0.58618	0.02925	0.04442	0.02383	0.03792	0.03250	0.02167	0.03250	0.01842	0.02167	0.01300	0.00975	0.00975	0.00325	0.01517	0.00758	0.00433	0.01517
5	0.01466	0.01100	0.01649	0.01649	0.01833	0.01283	0.01283	0.01833	0.01649	0.02382	0.02749	0.04032	0.02566	0.07697	0.59868	0.01649	0.02749	0.01100	0.00550	0.00916
6	0.03249	0.02067	0.02240	0.01799	0.02406	0.02209	0.01459	0.30489	0.03668	0.10631	0.02941	0.03060	0.02145	0.01223	0.00915	0.00284	0.00868	0.00946	0.25941	0.01459
7	0.01250	0.00893	0.01191	0.01429	0.01488	0.00834	0.00953	0.01429	0.01965	0.02620	0.05656	0.63265	0.06787	0.03215	0.01310	0.00417	0.00595	0.02917	0.00953	0.00834
8	0.02602	0.02837	0.03212	0.34669	0.14489	0.19350	0.02644	0.03149	0.02354	0.02713	0.01772	0.02440	0.01398	0.01016	0.00994	0.00313	0.01486	0.00838	0.00486	0.01237
9	0.03948	0.01570	0.02146	0.01738	0.02376	0.01373	0.01389	0.04258	0.02694	0.46706	0.04116	0.11732	0.03076	0.01695	0.01273	0.05090	0.00836	0.01283	0.01170	0.01532
10	0.01308	0.01011	0.01193	0.01215	0.01462	0.00896	0.00885	0.01631	0.02463	0.03226	0.26267	0.20618	0.29035	0.02551	0.01233	0.00353	0.00523	0.02216	0.01017	0.00896
11	0.02128	0.01824	0.02128	0.01520	0.02432	0.01368	0.01216	0.02584	0.02128	0.03344	0.01824	0.02128	0.01520	0.00760	0.00760	0.00152	0.00760	0.00608	0.00608	0.70208
12	0.01250	0.00893	0.01191	0.01429	0.01488	0.00834	0.00953	0.01429	0.01965	0.02620	0.05656	0.63265	0.06787	0.03215	0.01310	0.00417	0.00595	0.02917	0.00953	0.00834
13	0.71184	0.01985	0.01508	0.01350	0.01985	0.02302	0.01111	0.03017	0.01746	0.04604	0.01429	0.01667	0.01111	0.00953	0.00635	0.00318	0.00794	0.00556	0.00635	0.01111
14	0.59549	0.12621	0.02166	0.01419	0.02095	0.02601	0.01221	0.03026	0.01804	0.04232	0.01429	0.01664	0.01146	0.00940	0.00639	0.00301	0.00845	0.00555	0.00602	0.01146
15	0.01588	0.01186	0.01544	0.01441	0.01683	0.01196	0.01039	0.01840	0.01675	0.02408	0.02762	0.04653	0.02798	0.26321	0.30578	0.01164	0.01793	0.01154	0.00585	0.12592
16	0.01988	0.01168	0.01543	0.01382	0.01718	0.01060	0.01060	0.02458	0.02910	0.13317	0.47992	0.06956	0.08469	0.01957	0.01180	0.00322	0.00550	0.01716	0.01154	0.01101
17	0.11190	0.01770	0.02295	0.01779	0.02557	0.01587	0.01469	0.04805	0.02819	0.52938	0.03789	0.03312	0.02399	0.01239	0.00993	0.00318	0.00865	0.00985	0.01207	0.01684
18	0.02021	0.01123	0.01334	0.01239	0.01374	0.01082	0.00773	0.02089	0.01738	0.11553	0.03372	0.06168	0.03528	0.53282	0.04511	0.00880	0.00974	0.01414	0.00732	0.00813

[dist]
# distance from previous block
# <min> <max>
3	64

[block]
# block no. 2 follows, 14 sequences, length 63
# corresponding to MSA columns:
# 370-432
name=unknown_C
#
# <colnr> <probs for GDERKNQSTAVLIFYWHMCP>
#	G	D	E	R	K	N	Q	S	T	A	V	L	I	F	Y	W	H	M	C	P
0	0.07765	0.01906	0.02005	0.01627	0.02239	0.01963	0.01304	0.19131	0.06963	0.04662	0.02686	0.02899	0.02055	0.01118	0.00842	0.00258	0.00789	0.00863	0.23999	0.14926
1	0.07124	0.02202	0.05665	0.02073	0.06392	0.01895	0.01615	0.09812	0.07830	0.03997	0.06442	0.02774	0.02315	0.01027	0.00881	0.00238	0.00872	0.00829	0.00732	0.35286
2	0.01615	0.01192	0.01507	0.01453	0.01657	0.01276	0.01062	0.05581	0.01950	0.02636	0.04076	0.05614	0.11465	0.22647	0.30422	0.01154	0.01769	0.01368	0.00670	0.00885
3	0.02325	0.11727	0.06862	0.10064	0.07054	0.02152	0.01872	0.05820	0.02289	0.03286	0.01810	0.02187	0.01474	0.00867	0.00829	0.00220	0.00999	0.00690	0.00568	0.36905
4	0.02880	0.02382	0.10069	0.02447	0.08384	0.01727	0.05283	0.03458	0.02402	0.18873	0.02483	0.02602	0.01793	0.00955	0.00920	0.00249	0.01000	0.00818	0.00757	0.30517
5	0.02592	0.51420	0.17178	0.02015	0.03035	0.03689	0.02207	0.03112	0.02103	0.02600	0.01519	0.01762	0.01313	0.00899	0.00729	0.00243	0.01190	0.00595	0.00438	0.01361
6	0.02744	0.64552	0.05378	0.01756	0.02634	0.04061	0.01756	0.03073	0.02085	0.02414	0.01427	0.01646	0.01317	0.00878	0.00658	0.00219	0.01097	0.00549	0.00439	0.01317
7	0.02128	0.01824	0.02128	0.01520	0.02432	0.01368	0.01216	0.02584	0.02128	0.03344	0.01824	0.02128	0.01520	0.00760	0.00760	0.00152	0.00760	0.00608	0.00608	0.70208
8	0.02912	0.55312	0.04995	0.01893	0.02717	0.12696	0.01791	0.03232	0.02213	0.02429	0.01451	0.01678	0.01318	0.00906	0.00700	0.00226	0.01214	0.00566	0.00453	0.01297
9	0.01250	0.00893	0.01191	0.01429	0.01488	0.00834	0.00953	0.01429	0.01965	0.02620	0.05656	0.63265	0.06787	0.03215	0.01310	0.00417	0.00595	0.02917	0.00953	0.00834
10	0.01250	0.00893	0.01191	0.01429	0.01488	0.00834	0.00953	0.01429	0.01965	0.02620	0.05656	0.63265	0.06787	0.03215	0.01310	0.00417	0.00595	0.02917	0.00953	0.00834
11	0.02273	0.02244	0.03437	0.38637	0.23988	0.06287	0.02892	0.02903	0.02208	0.02863	0.01844	0.02608	0.01453	0.00990	0.01016	0.00324	0.01350	0.00896	0.00479	0.01309
12	0.03833	0.04891	0.02908	0.02644	0.03173	0.59815	0.01983	0.04098	0.02908	0.02512	0.01586	0.01851	0.01322	0.01058	0.00925	0.00264	0.01851	0.00661	0.00529	0.01190
13	0.01938	0.01824	0.03078	0.61468	0.07068	0.02280	0.02850	0.02622	0.02052	0.02622	0.01824	0.02736	0.01368	0.01026	0.01026	0.00342	0.01368	0.00912	0.00456	0.01140
14	0.02522	0.02057	0.02340	0.01707	0.02599	0.01771	0.01379	0.14036	0.02727	0.04038	0.01966	0.02203	0.01570	0.00865	0.00819	0.00187	0.00842	0.00678	0.00701	0.54992
15	0.01480	0.01179	0.01350	0.01350	0.01652	0.01124	0.01019	0.02136	0.09246	0.03304	0.20343	0.16315	0.27566	0.02423	0.01218	0.00359	0.00588	0.05347	0.01009	0.00990
16	0.22813	0.02048	0.02492	0.02591	0.13890	0.02008	0.01702	0.06649	0.02417	0.16407	0.02279	0.02413	0.01671	0.00994	0.00856	0.00279	0.00915	0.00773	0.00772	0.16030
17	0.02558	0.39639	0.13413	0.02601	0.03615	0.03430	0.15678	0.03155	0.02185	0.02766	0.01658	0.02017	0.01377	0.00889	0.00850	0.00268	0.01325	0.00753	0.00459	0.01364
18	0.01938	0.01824	0.03078	0.61468	0.07068	0.02280	0.02850	0.02622	0.02052	0.02622	0.01824	0.02736	0.01368	0.01026	0.01026	0.00342	0.01368	0.00912	0.00456	0.01140
19	0.04127	0.01715	0.02277	0.01794	0.02516	0.01539	0.01464	0.04735	0.07196	0.48537	0.09289	0.03932	0.03294	0.01362	0.01051	0.00321	0.00830	0.01124	0.01238	0.01660
20	0.01846	0.01159	0.01543	0.07331	0.02197	0.01097	0.01191	0.02146	0.02267	0.11403	0.09544	0.33032	0.16292	0.02491	0.01212	0.00373	0.00691	0.02196	0.00965	0.01022
21	0.01452	0.01049	0.01372	0.01291	0.01533	0.00968	0.00968	0.01937	0.02905	0.04115	0.56992	0.07666	0.09683	0.02098	0.01210	0.00323	0.00484	0.01856	0.01130	0.00968
22	0.01301	0.01043	0.01162	0.01133	0.01440	0.00904	0.00849	0.01644	0.02548	0.03269	0.27614	0.09059	0.39589	0.02414	0.01212	0.00338	0.00507	0.02051	0.01018	0.00904
23	0.03527	0.02639	0.02817	0.02209	0.02963	0.02903	0.01809	0.44980	0.08689	0.05927	0.03386	0.03306	0.07327	0.01380	0.01046	0.00315	0.01043	0.01066	0.01021	0.01649
24	0.04604	0.01746	0.02382	0.01826	0.02620	0.01508	0.01508	0.05001	0.02937	0.58244	0.04049	0.03493	0.02540	0.01270	0.01032	0.00318	0.00873	0.01032	0.01270	0.01746
25	0.71184	0.01985	0.01508	0.01350	0.01985	0.02302	0.01111	0.03017	0.01746	0.04604	0.01429	0.01667	0.01111	0.00953	0.00635	0.00318	0.00794	0.00556	0.00635	0.01111
26	0.01404	0.01047	0.01304	0.01240	0.01503	0.00948	0.00930	0.01842	0.02790	0.03843	0.47530	0.08114	0.19315	0.02200	0.01211	0.00328	0.00491	0.01919	0.01094	0.00948
27	0.01586	0.01141	0.01315	0.01302	0.01612	0.01045	0.00963	0.02073	0.06375	0.06730	0.16549	0.20729	0.29830	0.02474	0.01210	0.00357	0.00576	0.02133	0.01011	0.00991
28	0.04297	0.01672	0.02257	0.01756	0.02471	0.01458	0.01421	0.04655	0.02794	0.52687	0.03968	0.03811	0.02658	0.07460	0.01446	0.00384	0.00885	0.01077	0.01206	0.01635
29	0.03833	0.04891	0.02908	0.02644	0.03173	0.59815	0.01983	0.04098	0.02908	0.02512	0.01586	0.01851	0.01322	0.01058	0.00925	0.00264	0.01851	0.00661	0.00529	0.01190
30	0.01438	0.01059	0.01273	0.01275	0.01551	0.00966	0.00993	0.01845	0.02574	0.03481	0.29318	0.08726	0.24466	0.02313	0.01206	0.00348	0.00567	0.09475	0.06197	0.00930
31	0.01730	0.01083	0.01345	0.01339	0.01619	0.00962	0.00980	0.02028	0.02406	0.10406	0.17893	0.27766	0.21490	0.02535	0.01223	0.00363	0.00586	0.02218	0.01033	0.00994
32	0.01431	0.00969	0.01137	0.01198	0.01213	0.00954	0.00706	0.01476	0.01612	0.02150	0.03849	0.21094	0.04508	0.48496	0.04228	0.00848	0.00893	0.01855	0.00706	0.00676
33	0.04604	0.01746	0.02382	0.01826	0.02620	0.01508	0.01508	0.05001	0.02937	0.58244	0.04049	0.03493	0.02540	0.01270	0.01032	0.00318	0.00873	0.01032	0.01270	0.01746
34	0.01760	0.01084	0.01397	0.01374	0.01510	0.01102	0.00933	0.01923	0.01741	0.07737	0.03506	0.13212	0.03705	0.34389	0.19111	0.01028	0.01405	0.01530	0.00710	0.00841
35	0.12187	0.01838	0.02153	0.01799	0.02419	0.01843	0.01434	0.12348	0.07044	0.27728	0.03768	0.14648	0.03090	0.01608	0.01035	0.00337	0.00848	0.01327	0.01069	0.01479
36	0.01513	0.01096	0.01192	0.01137	0.01504	0.00931	0.00864	0.01815	0.02467	0.07307	0.16552	0.09061	0.46071	0.02423	0.01198	0.00341	0.00542	0.02033	0.01003	0.00950
37	0.01419	0.00909	0.01131	0.01309	0.01414	0.00865	0.00893	0.01674	0.02012	0.02926	0.05069	0.48152	0.05730	0.02702	0.01159	0.00372	0.00566	0.02419	0.18415	0.00865
38	0.01714	0.01427	0.01555	0.01593	0.01792	0.05086	0.01130	0.02376	0.10939	0.02895	0.08585	0.29468	0.05092	0.11633	0.09256	0.00625	0.01035	0.01962	0.00857	0.00981
39	0.03142	0.02017	0.02099	0.01857	0.02362	0.09010	0.01418	0.03994	0.14119	0.23852	0.04050	0.16273	0.03495	0.05801	0.01355	0.00383	0.00934	0.01443	0.01016	0.01381
40	0.02422	0.02768	0.06055	0.04325	0.05363	0.02595	0.53806	0.03287	0.02422	0.03287	0.02076	0.02768	0.01557	0.00865	0.01211	0.00346	0.01730	0.01211	0.00519	0.01384
41	0.02191	0.01224	0.01542	0.01361	0.01771	0.01079	0.01056	0.02594	0.02765	0.17526	0.31337	0.07183	0.20280	0.02019	0.01166	0.00328	0.00592	0.01728	0.01119	0.01139
42	0.13744	0.02878	0.02520	0.02138	0.02764	0.14552	0.01689	0.24438	0.10171	0.04699	0.02657	0.08394	0.02235	0.01369	0.00976	0.00316	0.01135	0.01040	0.00858	0.01427
43	0.02652	0.02254	0.02377	0.02109	0.02707	0.02599	0.01648	0.09057	0.51913	0.04454	0.04050	0.03728	0.03030	0.01380	0.01043	0.00345	0.00836	0.01143	0.01043	0.01633
44	0.01419	0.01048	0.01325	0.01256	0.01513	0.00954	0.00942	0.01872	0.02826	0.03928	0.50489	0.07974	0.16303	0.02168	0.01211	0.00326	0.00489	0.01899	0.01105	0.00954
45	0.71184	0.01985	0.01508	0.01350	0.01985	0.02302	0.01111	0.03017	0.01746	0.04604	0.01429	0.01667	0.01111	0.00953	0.00635	0.00318	0.00794	0.00556	0.00635	0.01111
46	0.01857	0.01595	0.02293	0.03039	0.20599	0.01585	0.01697	0.02462	0.07458	0.03079	0.08220	0.17176	0.12296	0.10045	0.01675	0.00430	0.00862	0.01685	0.00779	0.01168
47	0.03537	0.01984	0.02383	0.01881	0.02585	0.01949	0.01527	0.17888	0.07357	0.26556	0.12150	0.03810	0.03458	0.01364	0.01039	0.00305	0.00866	0.01113	0.01109	0.07142
48	0.01907	0.04369	0.45948	0.02571	0.03809	0.02086	0.03176	0.02915	0.02191	0.03206	0.06312	0.03283	0.06333	0.01684	0.05442	0.00426	0.01461	0.00968	0.00530	0.01383
49	0.02646	0.02222	0.03256	0.02464	0.03279	0.02139	0.15120	0.10528	0.12989	0.08031	0.03271	0.03379	0.06302	0.01157	0.01025	0.00290	0.01064	0.01070	0.00804	0.18966
50	0.02851	0.10828	0.02795	0.02506	0.13395	0.01877	0.01669	0.03269	0.02579	0.21193	0.11998	0.04777	0.13006	0.01498	0.01032	0.00307	0.00857	0.01260	0.00917	0.01389
51	0.01476	0.01059	0.01443	0.01443	0.01554	0.01170	0.01025	0.01700	0.01588	0.02229	0.02938	0.05079	0.03020	0.29634	0.38552	0.01394	0.02065	0.01253	0.00578	0.00801
52	0.02303	0.02524	0.14204	0.11885	0.14847	0.01987	0.02420	0.07814	0.02453	0.07469	0.03083	0.18448	0.02951	0.01604	0.01088	0.00345	0.01105	0.01416	0.00710	0.01344
53	0.02128	0.01824	0.02128	0.01520	0.02432	0.01368	0.01216	0.02584	0.02128	0.03344	0.01824	0.02128	0.01520	0.00760	0.00760	0.00152	0.00760	0.00608	0.00608	0.70208
54	0.71184	0.01985	0.01508	0.01350	0.01985	0.02302	0.01111	0.03017	0.01746	0.04604	0.01429	0.01667	0.01111	0.00953	0.00635	0.00318	0.00794	0.00556	0.00635	0.01111
55	0.01452	0.01049	0.01372	0.01291	0.01533	0.00968	0.00968	0.01937	0.02905	0.04115	0.56992	0.07666	0.09683	0.02098	0.01210	0.00323	0.00484	0.01856	0.01130	0.00968
56	0.01876	0.01683	0.02696	0.23574	0.19232	0.01807	0.02219	0.02396	0.02248	0.03030	0.10193	0.14022	0.07610	0.01618	0.01108	0.00342	0.01019	0.01465	0.00678	0.01183
57	0.01405	0.01013	0.01329	0.01323	0.01523	0.00937	0.00965	0.01818	0.02685	0.03766	0.44991	0.20663	0.09006	0.02359	0.01234	0.00345	0.00510	0.02104	0.01088	0.00937
58	0.20098	0.01938	0.02369	0.02520	0.13459	0.01902	0.01634	0.06483	0.02405	0.10771	0.06380	0.06325	0.02498	0.01181	0.00898	0.00285	0.00871	0.00961	0.00765	0.16257
59	0.11986	0.20686	0.13515	0.02175	0.03016	0.02552	0.08806	0.02998	0.02254	0.06770	0.09418	0.06485	0.02837	0.01231	0.00922	0.00301	0.01089	0.01022	0.00652	0.01285
60	0.01508	0.01165	0.01365	0.01260	0.01582	0.01009	0.00900	0.01795	0.02210	0.03021	0.17689	0.14337	0.17601	0.14662	0.01952	0.00444	0.00664	0.01755	0.00861	0.14218
61	0.02285	0.10492	0.06495	0.02778	0.11270	0.02301	0.06995	0.06727	0.12994	0.03635	0.11303	0.11556	0.03788	0.01513	0.01060	0.00325	0.00989	0.01346	0.00792	0.01356
62	0.07593	0.02154	0.02661	0.16649	0.03822	0.02335	0.01929	0.17547	0.10136	0.16032	0.02765	0.02860	0.01952	0.01160	0.00986	0.00314	0.01044	0.00930	0.00887	0.06244

[dist]
# distance from previous block
# <min> <max>
0	5

[block]
# block no. 3 follows, 14 sequences, length 51
# corresponding to MSA columns:
# 438-488
name=unknown_D
#
# <colnr> <probs for GDERKNQSTAVLIFYWHMCP>
#	G	D	E	R	K	N	Q	S	T	A	V	L	I	F	Y	W	H	M	C	P
0	0.20286	0.02072	0.02697	0.02141	0.02879	0.02102	0.09414	0.07107	0.10194	0.18136	0.02931	0.03287	0.02193	0.01200	0.00964	0.00323	0.00988	0.03854	0.00882	0.06350
1	0.08126	0.02567	0.02748	0.02186	0.02941	0.02832	0.01784	0.35730	0.15304	0.10745	0.02910	0.02799	0.02074	0.01251	0.01005	0.00318	0.01015	0.00960	0.01027	0.01678
2	0.03001	0.01452	0.01892	0.01544	0.02121	0.01253	0.01232	0.03419	0.02797	0.29851	0.22285	0.05376	0.09983	0.01628	0.01085	0.00307	0.00699	0.01378	0.01133	0.07564
3	0.14782	0.01783	0.02248	0.01753	0.02523	0.01630	0.01448	0.04698	0.02755	0.50044	0.03648	0.03214	0.02322	0.01222	0.00971	0.00318	0.00861	0.00959	0.01173	0.01649
4	0.07587	0.03013	0.20899	0.14774	0.04321	0.02097	0.06901	0.03662	0.02380	0.20655	0.02529	0.02722	0.01716	0.01068	0.01000	0.00327	0.01250	0.00901	0.00724	0.01472
5	0.02225	0.06860	0.16645	0.31797	0.05656	0.02526	0.10002	0.06563	0.02330	0.03122	0.01883	0.02518	0.01402	0.00997	0.01016	0.00328	0.01419	0.00895	0.00499	0.01317
6	0.11766	0.01609	0.02043	0.01665	0.02302	0.01519	0.01357	0.04073	0.02540	0.38913	0.03488	0.03385	0.02383	0.02153	0.09440	0.00502	0.01098	0.00979	0.07304	0.01480
7	0.71184	0.01985	0.01508	0.01350	0.01985	0.02302	0.01111	0.03017	0.01746	0.04604	0.01429	0.01667	0.01111	0.00953	0.00635	0.00318	0.00794	0.00556	0.00635	0.01111
8	0.01302	0.00963	0.01192	0.01297	0.01450	0.00880	0.00896	0.01549	0.02206	0.02921	0.17261	0.36470	0.17613	0.07184	0.01548	0.00424	0.00585	0.02437	0.00966	0.00854
9	0.02130	0.02610	0.12079	0.27576	0.13260	0.02316	0.15115	0.02910	0.02249	0.03068	0.05152	0.02921	0.01930	0.01027	0.01072	0.00334	0.01403	0.01017	0.00515	0.01314
10	0.02837	0.07657	0.03216	0.17353	0.04006	0.02247	0.08269	0.09388	0.05670	0.15365	0.10454	0.03541	0.02978	0.01244	0.01044	0.00320	0.01096	0.01092	0.00833	0.01389
11	0.65063	0.02249	0.01636	0.01467	0.02093	0.07529	0.01191	0.03115	0.01852	0.04414	0.01443	0.01684	0.01131	0.00962	0.00661	0.00313	0.00890	0.00565	0.00625	0.01118
12	0.02744	0.64552	0.05378	0.01756	0.02634	0.04061	0.01756	0.03073	0.02085	0.02414	0.01427	0.01646	0.01317	0.00878	0.00658	0.00219	0.01097	0.00549	0.00439	0.01317
13	0.01350	0.01031	0.01240	0.01217	0.01478	0.00920	0.00901	0.01728	0.02620	0.03509	0.36005	0.13656	0.25865	0.02377	0.01221	0.00340	0.00507	0.02063	0.01052	0.00920
14	0.01243	0.00987	0.01117	0.01199	0.01433	0.00861	0.00856	0.01488	0.02241	0.02808	0.11848	0.29174	0.35547	0.02789	0.01248	0.00370	0.00545	0.02418	0.00965	0.00861
15	0.01597	0.01232	0.01502	0.01628	0.01827	0.01274	0.01176	0.02451	0.14793	0.03059	0.05284	0.44413	0.05837	0.02746	0.01256	0.00405	0.00679	0.06834	0.00974	0.01032
16	0.02712	0.02110	0.03346	0.33950	0.10238	0.02345	0.07181	0.10704	0.02650	0.11338	0.02272	0.02790	0.01633	0.01067	0.01043	0.00330	0.01281	0.00958	0.00668	0.01383
17	0.01357	0.01036	0.01245	0.01211	0.01479	0.00925	0.00901	0.01745	0.02652	0.03558	0.37677	0.11725	0.26084	0.02339	0.01217	0.00337	0.00503	0.02027	0.01057	0.00925
18	0.33958	0.26289	0.03502	0.01865	0.02622	0.07062	0.06163	0.03139	0.02019	0.03497	0.01497	0.01771	0.01245	0.00923	0.00716	0.00279	0.01069	0.00619	0.00542	0.01220
19	0.27517	0.30517	0.08503	0.01692	0.02543	0.03016	0.01656	0.03023	0.01973	0.03374	0.01503	0.01746	0.01260	0.00903	0.00688	0.00258	0.00993	0.00576	0.00526	0.07733
20	0.01642	0.02539	0.22153	0.01955	0.02579	0.01455	0.02004	0.02197	0.02123	0.03015	0.12589	0.22061	0.04558	0.02535	0.05287	0.06785	0.01080	0.01644	0.00722	0.01075
21	0.02549	0.07355	0.14548	0.02392	0.06429	0.07438	0.02097	0.03813	0.17029	0.07584	0.09747	0.03387	0.03022	0.01235	0.00986	0.00302	0.01060	0.01004	0.00781	0.07240
22	0.01650	0.01055	0.01379	0.01376	0.01607	0.00962	0.01001	0.02002	0.02535	0.08370	0.31008	0.27634	0.10578	0.02457	0.01231	0.00358	0.00562	0.02185	0.01068	0.00984
23	0.02851	0.02148	0.06503	0.01940	0.02841	0.01666	0.04991	0.03591	0.07189	0.18290	0.02656	0.02696	0.01928	0.00977	0.00904	0.00240	0.00913	0.00823	0.00808	0.36042
24	0.04234	0.01862	0.02416	0.01839	0.02650	0.01648	0.01514	0.09319	0.03015	0.46645	0.03627	0.03229	0.02340	0.01204	0.00998	0.00296	0.00883	0.00970	0.01166	0.10144
25	0.07347	0.11159	0.03076	0.06091	0.03116	0.02713	0.01797	0.23809	0.07875	0.18691	0.02769	0.02703	0.01946	0.01176	0.00956	0.00304	0.01030	0.00898	0.00947	0.01599
26	0.22769	0.02284	0.07458	0.07113	0.02999	0.02001	0.01678	0.07764	0.02360	0.10838	0.02048	0.02254	0.01515	0.00968	0.00826	0.00269	0.00944	0.00716	0.00707	0.22488
27	0.13560	0.06536	0.03257	0.08610	0.18478	0.02725	0.02203	0.21352	0.03124	0.07515	0.02117	0.02390	0.01596	0.01061	0.00940	0.00306	0.01109	0.00845	0.00745	0.01532
28	0.03196	0.02731	0.03938	0.02965	0.03818	0.02887	0.18992	0.29507	0.12238	0.05068	0.02612	0.02784	0.01907	0.01137	0.01090	0.00327	0.01276	0.01057	0.00862	0.01607
29	0.01412	0.01033	0.01325	0.01281	0.01516	0.00946	0.00950	0.01847	0.02766	0.03854	0.47975	0.13089	0.13680	0.02248	0.01220	0.00334	0.00498	0.01984	0.01097	0.00946
30	0.17624	0.03087	0.02736	0.02228	0.02946	0.18763	0.04514	0.18687	0.03145	0.07927	0.02027	0.02179	0.01516	0.01065	0.00903	0.00286	0.01247	0.00767	0.00755	0.07599
31	0.02487	0.19877	0.16148	0.08237	0.11687	0.02708	0.06144	0.03286	0.05445	0.06740	0.05932	0.02748	0.02159	0.01060	0.00940	0.00297	0.01203	0.00890	0.00595	0.01418
32	0.01858	0.01351	0.01651	0.01487	0.01814	0.01339	0.01137	0.10903	0.03157	0.04395	0.43253	0.11450	0.08068	0.02042	0.01187	0.00328	0.00605	0.01784	0.01097	0.01091
33	0.01452	0.01049	0.01372	0.01291	0.01533	0.00968	0.00968	0.01937	0.02905	0.04115	0.56992	0.07666	0.09683	0.02098	0.01210	0.00323	0.00484	0.01856	0.01130	0.00968
34	0.03359	0.13009	0.03475	0.06415	0.03337	0.15196	0.06553	0.06873	0.06157	0.16387	0.02417	0.02560	0.01787	0.01159	0.01176	0.00307	0.06807	0.00869	0.00744	0.01415
35	0.03025	0.01790	0.02668	0.12311	0.14114	0.01806	0.01988	0.03658	0.06065	0.24384	0.03310	0.08868	0.02610	0.01929	0.06350	0.00450	0.01161	0.01181	0.00877	0.01456
36	0.01283	0.01042	0.01137	0.01113	0.01429	0.00896	0.00835	0.01608	0.02505	0.03165	0.24021	0.09230	0.43247	0.02452	0.01212	0.00340	0.00509	0.02075	0.01005	0.00896
37	0.02369	0.02171	0.03458	0.21879	0.32350	0.02320	0.02734	0.07630	0.02486	0.03376	0.02711	0.03251	0.06555	0.01129	0.01038	0.00320	0.01192	0.01027	0.00581	0.01424
38	0.07069	0.15734	0.08419	0.02358	0.07412	0.06067	0.01965	0.07089	0.02639	0.21648	0.02826	0.03357	0.02184	0.01238	0.00952	0.00306	0.01092	0.05344	0.00823	0.01480
39	0.03721	0.03064	0.02960	0.02403	0.03029	0.15222	0.01945	0.28707	0.03652	0.11849	0.02309	0.02433	0.01697	0.01287	0.01371	0.00322	0.10762	0.00877	0.00861	0.01528
40	0.18683	0.01852	0.02015	0.01520	0.02351	0.01606	0.01229	0.03000	0.02144	0.10790	0.02021	0.02197	0.01557	0.00872	0.00766	0.00212	0.00783	0.00651	0.00701	0.45050
41	0.36073	0.03163	0.07226	0.01969	0.02678	0.18746	0.01691	0.07248	0.02427	0.07807	0.01772	0.01952	0.01336	0.01028	0.00805	0.00302	0.01191	0.00665	0.00660	0.01262
42	0.02451	0.06830	0.11860	0.25181	0.19700	0.06753	0.02877	0.06632	0.02408	0.03167	0.01858	0.02442	0.01449	0.00995	0.00985	0.00313	0.01351	0.00849	0.00511	0.01388
43	0.02054	0.03032	0.21394	0.03161	0.12248	0.01971	0.10732	0.02821	0.02312	0.03348	0.09633	0.08204	0.03013	0.01259	0.01051	0.00310	0.01186	0.01166	0.00620	0.10486
44	0.01350	0.00966	0.01298	0.01490	0.01607	0.00914	0.01078	0.01624	0.02170	0.02914	0.13019	0.46198	0.07051	0.02987	0.01314	0.00413	0.00641	0.11118	0.00977	0.00872
45	0.02405	0.12923	0.18514	0.11443	0.11906	0.02396	0.05381	0.03115	0.02342	0.08319	0.09028	0.03078	0.02559	0.01122	0.00986	0.00308	0.01203	0.00960	0.00621	0.01391
46	0.01401	0.00974	0.01217	0.01319	0.01390	0.00939	0.00870	0.01568	0.01926	0.02594	0.11370	0.29885	0.05883	0.27310	0.02868	0.00639	0.00764	0.05464	0.00843	0.00774
47	0.02218	0.12733	0.14299	0.02262	0.06711	0.02203	0.01988	0.03257	0.13132	0.06270	0.07599	0.11818	0.08175	0.01584	0.01026	0.00325	0.00959	0.01328	0.00776	0.01336
48	0.01405	0.01025	0.01320	0.01293	0.01516	0.00941	0.00952	0.01827	0.02724	0.03795	0.45953	0.16069	0.12746	0.02300	0.01225	0.00338	0.00503	0.02036	0.01090	0.00941
49	0.02234	0.02422	0.10392	0.06188	0.03670	0.02061	0.16758	0.10911	0.02735	0.03719	0.08199	0.11980	0.03606	0.01650	0.01183	0.00362	0.01209	0.08687	0.00761	0.01272
50	0.01964	0.01859	0.03083	0.56518	0.06700	0.02353	0.02799	0.02609	0.02012	0.02609	0.01784	0.02695	0.01366	0.01091	0.01223	0.00351	0.06479	0.00911	0.00455	0.01139

[dist]
# distance from previous block
# <min> <max>
3	19

[block]
# block no. 4 follows, 14 sequences, length 8
# corresponding to MSA columns:
# 508-515
name=unknown_E
#
# <colnr> <probs for GDERKNQSTAVLIFYWHMCP>
#	G	D	E	R	K	N	Q	S	T	A	V	L	I	F	Y	W	H	M	C	P
0	0.02102	0.01649	0.02665	0.08280	0.03133	0.01543	0.11516	0.02652	0.02527	0.08900	0.19426	0.05603	0.08086	0.01596	0.01135	0.00323	0.00944	0.06604	0.00854	0.10460
1	0.01542	0.01219	0.01729	0.02140	0.10136	0.01156	0.01345	0.01913	0.02371	0.03224	0.20349	0.27223	0.11988	0.02439	0.01237	0.00371	0.00686	0.06988	0.00935	0.01008
2	0.02407	0.06193	0.02835	0.02639	0.10739	0.02244	0.04371	0.13496	0.08180	0.03935	0.09544	0.05179	0.11533	0.01660	0.01250	0.00341	0.04883	0.06400	0.00840	0.01330
3	0.01292	0.00982	0.01154	0.01230	0.01419	0.00883	0.00856	0.01530	0.02201	0.02841	0.15047	0.28867	0.25816	0.09077	0.01662	0.00436	0.00591	0.02326	0.00946	0.00845
4	0.02496	0.09174	0.15133	0.10629	0.03654	0.08234	0.02174	0.03110	0.02259	0.06744	0.01913	0.02239	0.01477	0.00924	0.00872	0.00247	0.01172	0.00713	0.00567	0.26269
5	0.01461	0.01004	0.01239	0.01239	0.01457	0.00930	0.00907	0.01863	0.02551	0.03649	0.34115	0.17820	0.12931	0.02221	0.01153	0.00330	0.00508	0.01949	0.11744	0.00930
6	0.02539	0.01808	0.02199	0.10931	0.03064	0.01966	0.01625	0.04106	0.26541	0.13119	0.10643	0.04698	0.09285	0.01527	0.01077	0.00339	0.00838	0.01289	0.00993	0.01413
7	0.02128	0.01824	0.02128	0.01520	0.02432	0.01368	0.01216	0.02584	0.02128	0.03344	0.01824	0.02128	0.01520	0.00760	0.00760	0.00152	0.00760	0.00608	0.00608	0.70208

[dist]
# distance from previous block
# <min> <max>
2	3

[block]
# block no. 5 follows, 14 sequences, length 77
# corresponding to MSA columns:
# 523-562,564-600
name=unknown_F
#
# <colnr> <probs for GDERKNQSTAVLIFYWHMCP>
#	G	D	E	R	K	N	Q	S	T	A	V	L	I	F	Y	W	H	M	C	P
0	0.22918	0.01988	0.02404	0.01942	0.02635	0.02021	0.06962	0.06363	0.10071	0.12772	0.02822	0.08183	0.02300	0.01254	0.00922	0.00310	0.00905	0.01036	0.00831	0.11361
1	0.03179	0.01997	0.02684	0.07760	0.10963	0.01893	0.01829	0.10995	0.02853	0.21241	0.05945	0.03057	0.02368	0.01118	0.00974	0.00277	0.00955	0.00936	0.00883	0.18093
2	0.02895	0.43553	0.04381	0.01884	0.02673	0.06909	0.01725	0.03768	0.13513	0.06600	0.02195	0.02245	0.01784	0.01024	0.00781	0.00256	0.01067	0.00717	0.00629	0.01403
3	0.65712	0.01899	0.01483	0.01356	0.01946	0.02187	0.01099	0.02892	0.01764	0.04449	0.01760	0.06486	0.01555	0.01130	0.00688	0.00325	0.00778	0.00740	0.00660	0.01090
4	0.11273	0.07947	0.17971	0.09238	0.08783	0.02659	0.08247	0.11411	0.06148	0.03887	0.02045	0.02383	0.01536	0.01022	0.00956	0.00317	0.01265	0.00851	0.00614	0.01448
5	0.71184	0.01985	0.01508	0.01350	0.01985	0.02302	0.01111	0.03017	0.01746	0.04604	0.01429	0.01667	0.01111	0.00953	0.00635	0.00318	0.00794	0.00556	0.00635	0.01111
6	0.02263	0.01906	0.03173	0.48164	0.13983	0.02234	0.02774	0.02910	0.02172	0.07681	0.02037	0.02775	0.01510	0.01032	0.01025	0.00334	0.01302	0.00923	0.00536	0.01264
7	0.01293	0.01041	0.01156	0.01164	0.01465	0.00905	0.00880	0.01610	0.02446	0.03080	0.20253	0.12461	0.40893	0.02535	0.01229	0.00352	0.00540	0.04814	0.00992	0.00892
8	0.71184	0.01985	0.01508	0.01350	0.01985	0.02302	0.01111	0.03017	0.01746	0.04604	0.01429	0.01667	0.01111	0.00953	0.00635	0.00318	0.00794	0.00556	0.00635	0.01111
9	0.01485	0.01137	0.01372	0.01297	0.01589	0.01069	0.00977	0.02108	0.06907	0.03829	0.42438	0.07860	0.19780	0.02155	0.01198	0.00330	0.00518	0.01871	0.01083	0.00997
10	0.02833	0.02512	0.04602	0.12236	0.08990	0.02515	0.28509	0.11528	0.02803	0.09614	0.02302	0.02775	0.01671	0.00995	0.01120	0.00333	0.01449	0.01079	0.00671	0.01464
11	0.01269	0.00907	0.01207	0.01416	0.01493	0.00846	0.00954	0.01476	0.02051	0.02758	0.10390	0.58138	0.07054	0.03112	0.01301	0.00408	0.00585	0.02819	0.00969	0.00846
12	0.02910	0.02940	0.21290	0.02176	0.03065	0.01946	0.02218	0.06597	0.08349	0.20602	0.03035	0.03368	0.02253	0.07532	0.06640	0.00504	0.01277	0.00996	0.00824	0.01477
13	0.03695	0.02255	0.02612	0.02010	0.02817	0.02250	0.01644	0.24374	0.08249	0.22769	0.03024	0.02864	0.02090	0.01174	0.00982	0.00287	0.00951	0.00924	0.01033	0.13995
14	0.03833	0.04891	0.02908	0.02644	0.03173	0.59815	0.01983	0.04098	0.02908	0.02512	0.01586	0.01851	0.01322	0.01058	0.00925	0.00264	0.01851	0.00661	0.00529	0.01190
15	0.03688	0.02127	0.02498	0.01992	0.02700	0.02187	0.01618	0.21278	0.12333	0.26031	0.09228	0.03651	0.03139	0.01367	0.01051	0.00320	0.00907	0.01105	0.01136	0.01642
16	0.02204	0.06484	0.09909	0.02459	0.06717	0.02102	0.06667	0.10120	0.05577	0.03668	0.12537	0.03847	0.03395	0.02939	0.16064	0.00655	0.01514	0.01134	0.00726	0.01283
17	0.01291	0.01015	0.01166	0.01187	0.01449	0.00891	0.00868	0.01602	0.02438	0.03143	0.23353	0.19136	0.33682	0.02565	0.01230	0.00353	0.00523	0.02213	0.01005	0.00891
18	0.02249	0.07809	0.06051	0.12741	0.14230	0.02190	0.02162	0.09974	0.02560	0.03460	0.06635	0.10964	0.03123	0.02005	0.05665	0.00436	0.01209	0.04561	0.00695	0.01282
19	0.02289	0.02220	0.03543	0.18622	0.26063	0.02644	0.02762	0.02783	0.02001	0.02866	0.01702	0.02486	0.01465	0.01248	0.01835	0.00364	0.22392	0.00908	0.00475	0.01331
20	0.02226	0.02040	0.02783	0.17832	0.11643	0.02397	0.02170	0.03597	0.21502	0.03326	0.03414	0.03691	0.07183	0.01399	0.01388	0.00355	0.09859	0.01116	0.00722	0.01358
21	0.02110	0.01672	0.02380	0.02939	0.18001	0.01693	0.01793	0.02884	0.09482	0.07154	0.07792	0.05516	0.14007	0.02690	0.10883	0.00558	0.01188	0.05184	0.00802	0.01271
22	0.13210	0.01790	0.02227	0.01718	0.02507	0.01595	0.01413	0.04386	0.02660	0.43112	0.03375	0.03050	0.02201	0.01154	0.00939	0.00294	0.00846	0.00907	0.01089	0.11527
23	0.07092	0.08165	0.07294	0.11878	0.14988	0.02742	0.05224	0.19450	0.03058	0.07289	0.02131	0.02453	0.01593	0.01053	0.00975	0.00309	0.01205	0.00875	0.00706	0.01520
24	0.22095	0.10036	0.02832	0.02129	0.02793	0.24757	0.01713	0.15512	0.02956	0.04007	0.01734	0.01924	0.01364	0.01051	0.00841	0.00284	0.01311	0.00682	0.00666	0.01313
25	0.02226	0.01621	0.01913	0.01506	0.02186	0.01331	0.01162	0.02729	0.05109	0.09303	0.03287	0.08796	0.06375	0.07027	0.01299	0.00297	0.00765	0.01085	0.00763	0.41222
26	0.13815	0.01762	0.02178	0.01803	0.02336	0.01810	0.05912	0.11124	0.05847	0.07657	0.24220	0.05085	0.09098	0.01605	0.01065	0.00324	0.00797	0.01365	0.00966	0.01231
27	0.08455	0.18573	0.31285	0.02512	0.03665	0.02807	0.06219	0.03426	0.07880	0.03287	0.01973	0.02218	0.01502	0.00987	0.00893	0.00303	0.01291	0.00764	0.00524	0.01436
28	0.11155	0.01745	0.02040	0.01689	0.02306	0.01725	0.01358	0.07851	0.09988	0.26786	0.13001	0.04508	0.08439	0.01503	0.01033	0.00324	0.00780	0.01224	0.01096	0.01449
29	0.01543	0.01015	0.01293	0.01365	0.01567	0.00918	0.00969	0.01815	0.02294	0.07238	0.16728	0.38304	0.15624	0.02734	0.01252	0.00378	0.00581	0.02429	0.01013	0.00937
30	0.03243	0.01864	0.02485	0.08613	0.07273	0.01887	0.01779	0.11253	0.06507	0.24533	0.07042	0.04425	0.03125	0.05172	0.01329	0.00375	0.00975	0.05658	0.00993	0.01470
31	0.01332	0.00968	0.01270	0.01457	0.01589	0.00906	0.01055	0.01594	0.02149	0.02842	0.10628	0.44802	0.11539	0.02996	0.01310	0.00411	0.00637	0.10681	0.00967	0.00867
32	0.10887	0.02057	0.02328	0.01928	0.02623	0.02160	0.01552	0.09494	0.23793	0.26417	0.03671	0.03334	0.02547	0.01281	0.00994	0.00329	0.00864	0.01021	0.01090	0.01630
33	0.13497	0.02250	0.02773	0.02215	0.02951	0.02386	0.07372	0.13953	0.19312	0.17743	0.03180	0.03050	0.02251	0.01208	0.00996	0.00328	0.00986	0.01000	0.00977	0.01574
34	0.03192	0.07304	0.08826	0.03556	0.17634	0.07302	0.05897	0.25369	0.03434	0.04563	0.02103	0.02374	0.01599	0.01063	0.00999	0.00302	0.01282	0.00880	0.00724	0.01597
35	0.02097	0.05035	0.52967	0.03075	0.04541	0.02406	0.09168	0.03254	0.02194	0.03254	0.01867	0.02231	0.01328	0.00963	0.01000	0.00327	0.01540	0.00807	0.00443	0.01502
36	0.01605	0.01132	0.01284	0.01259	0.01334	0.01182	0.00774	0.01941	0.07328	0.02264	0.03302	0.06225	0.03589	0.53444	0.08434	0.00969	0.01093	0.01430	0.00662	0.00749
37	0.09113	0.02532	0.02476	0.02045	0.02720	0.11694	0.01631	0.15865	0.07907	0.24232	0.03188	0.06911	0.02382	0.01344	0.01002	0.00316	0.01064	0.01047	0.00999	0.01531
38	0.02020	0.01891	0.03100	0.53757	0.10151	0.02309	0.02787	0.02849	0.05698	0.02784	0.01990	0.02797	0.01505	0.01043	0.01027	0.00340	0.01320	0.00929	0.00499	0.01205
39	0.01247	0.00906	0.01177	0.01394	0.01479	0.00836	0.00937	0.01433	0.01998	0.02633	0.06078	0.58511	0.11269	0.03160	0.01301	0.00411	0.00589	0.02850	0.00953	0.00836
40	0.03144	0.02074	0.02338	0.01972	0.02574	0.02228	0.01550	0.16255	0.24047	0.16301	0.03776	0.07913	0.02984	0.06351	0.01383	0.00387	0.00899	0.01228	0.01050	0.01545
41	0.41303	0.02456	0.01973	0.01730	0.02363	0.11641	0.01380	0.03808	0.09342	0.11991	0.02203	0.02252	0.01624	0.01075	0.00795	0.00313	0.00981	0.00723	0.00765	0.01285
42	0.01679	0.01329	0.01555	0.01572	0.01845	0.01379	0.01145	0.02742	0.18332	0.03428	0.15641	0.30638	0.09860	0.02403	0.01203	0.00373	0.00633	0.02126	0.01015	0.01100
