[name]
unknown

[dist]
# distance from previous block
# <min> <max>
0	201

[block]
# block no. 0 follows, 14 sequences, length 11
# corresponding to MSA columns:
# 210-220
name=unknown_A
#
# <colnr> <probs for GDERKNQSTAVLIFYWHMCP>
#	G	D	E	R	K	N	Q	S	T	A	V	L	I	F	Y	W	H	M	C	P
0	0.02459	0.01366	0.01771	0.01662	0.01980	0.01339	0.01258	0.09361	0.02451	0.14434	0.03999	0.24046	0.04016	0.02587	0.01833	0.16070	0.00826	0.06560	0.00913	0.01069
1	0.01537	0.01302	0.01359	0.01299	0.01688	0.01255	0.00987	0.02412	0.14390	0.03240	0.13369	0.08308	0.40523	0.02281	0.01175	0.00345	0.00582	0.01911	0.00990	0.01046
2	0.71184	0.01985	0.01508	0.01350	0.01985	0.02302	0.01111	0.03017	0.01746	0.04604	0.01429	0.01667	0.01111	0.00953	0.00635	0.00318	0.00794	0.00556	0.00635	0.01111
3	0.03793	0.07470	0.02958	0.02412	0.02971	0.38079	0.01887	0.04088	0.02741	0.15038	0.02108	0.02245	0.01598	0.01164	0.01163	0.00291	0.07236	0.00760	0.00683	0.01316
4	0.02260	0.01909	0.02066	0.01940	0.02403	0.02166	0.01473	0.04548	0.43597	0.03916	0.04510	0.17198	0.03955	0.01802	0.01104	0.00364	0.00763	0.01555	0.01024	0.01446
5	0.02527	0.02060	0.02342	0.01709	0.02601	0.01776	0.01381	0.14174	0.02735	0.04047	0.01968	0.02204	0.01571	0.00866	0.00820	0.00187	0.00843	0.00679	0.00702	0.54809
6	0.01308	0.00935	0.01252	0.01463	0.01556	0.00880	0.01024	0.01542	0.02085	0.02793	0.10052	0.53328	0.06949	0.03081	0.01312	0.00414	0.00621	0.07582	0.00967	0.00856
7	0.01486	0.01229	0.01751	0.01561	0.01917	0.01115	0.06231	0.01932	0.02620	0.03491	0.31416	0.08257	0.24494	0.02207	0.01229	0.00346	0.00660	0.06093	0.00993	0.00973
8	0.02617	0.01917	0.03203	0.39965	0.09900	0.02140	0.05938	0.03242	0.02298	0.15234	0.02349	0.02893	0.01664	0.01062	0.01039	0.00334	0.01269	0.00959	0.00647	0.01330
9	0.02077	0.01179	0.01498	0.01379	0.01739	0.01046	0.01046	0.02444	0.02639	0.15760	0.26783	0.16096	0.17887	0.02199	0.01187	0.00342	0.00597	0.01907	0.01095	0.01100
10	0.03005	0.02823	0.17392	0.15955	0.04077	0.05220	0.02409	0.03654	0.02450	0.23217	0.02932	0.07544	0.02202	0.01275	0.01031	0.00330	0.01193	0.01058	0.00792	0.01442

[dist]
# distance from previous block
# <min> <max>
0	1

[block]
# block no. 1 follows, 14 sequences, length 40
# corresponding to MSA columns:
# 222-261
name=unknown_B
#
# <colnr> <probs for GDERKNQSTAVLIFYWHMCP>
#	G	D	E	R	K	N	Q	S	T	A	V	L	I	F	Y	W	H	M	C	P
0	0.01277	0.00904	0.01183	0.01395	0.01448	0.00851	0.00916	0.01436	0.01913	0.02550	0.05388	0.57012	0.06449	0.09930	0.01743	0.00481	0.00640	0.02760	0.00916	0.00810
1	0.03608	0.02655	0.02871	0.02258	0.02995	0.02923	0.01840	0.48286	0.04509	0.06042	0.02817	0.09187	0.02303	0.01451	0.01058	0.00320	0.01070	0.01144	0.01018	0.01644
2	0.10080	0.03779	0.32932	0.10326	0.04322	0.02252	0.06914	0.03397	0.02236	0.11213	0.02129	0.02422	0.01486	0.01013	0.00970	0.00327	0.01342	0.00830	0.00585	0.01445
3	0.02688	0.02551	0.13889	0.02465	0.03273	0.01906	0.11606	0.08805	0.02680	0.15537	0.03845	0.11924	0.06666	0.01616	0.01136	0.00352	0.01133	0.05696	0.00847	0.01383
4	0.02553	0.02204	0.02320	0.02088	0.02669	0.02553	0.01624	0.05453	0.55679	0.04293	0.04177	0.03829	0.03133	0.01392	0.01044	0.00348	0.00812	0.01160	0.01044	0.01624
5	0.48063	0.02027	0.02047	0.10097	0.07654	0.02339	0.01586	0.03244	0.07804	0.04188	0.01831	0.02129	0.01415	0.01008	0.00767	0.00323	0.00912	0.00703	0.00645	0.01217
6	0.01984	0.01094	0.01107	0.01082	0.01358	0.01133	0.00818	0.02730	0.08071	0.03878	0.03439	0.03826	0.02686	0.01217	0.00754	0.00251	0.00515	0.00979	0.62047	0.01030
7	0.02177	0.20898	0.34798	0.02517	0.03671	0.02683	0.05675	0.03002	0.02136	0.02954	0.02163	0.08814	0.01926	0.01190	0.00938	0.00307	0.01312	0.00965	0.00497	0.01379
8	0.01262	0.01042	0.01108	0.01091	0.01416	0.00887	0.00819	0.01568	0.02456	0.03049	0.20009	0.09420	0.47331	0.02496	0.01212	0.00342	0.00512	0.02102	0.00989	0.00887
9	0.01379	0.00977	0.01373	0.01524	0.01630	0.00999	0.01101	0.01597	0.01859	0.02529	0.04518	0.37758	0.05132	0.04564	0.19196	0.05160	0.01291	0.05773	0.00798	0.00843
10	0.08881	0.01577	0.01999	0.01612	0.02260	0.01412	0.01308	0.03966	0.02759	0.39463	0.11600	0.04768	0.10828	0.01535	0.01049	0.00322	0.00768	0.01257	0.01159	0.01476
11	0.02540	0.02438	0.04165	0.06299	0.57533	0.02438	0.03149	0.03149	0.02337	0.03353	0.01930	0.02540	0.01626	0.00914	0.01016	0.00305	0.01219	0.00914	0.00508	0.01626
12	0.03630	0.01461	0.01866	0.01511	0.02104	0.01309	0.01222	0.04057	0.02653	0.38550	0.03795	0.03613	0.02573	0.01243	0.00918	0.00289	0.00730	0.01005	0.26011	0.01461
13	0.02058	0.05308	0.58618	0.02925	0.04442	0.02383	0.03792	0.03250	0.02167	0.03250	0.01842	0.02167	0.01300	0.00975	0.00975	0.00325	0.01517	0.00758	0.00433	0.01517
14	0.01525	0.01032	0.01226	0.01274	0.01321	0.01032	0.00828	0.01619	0.01667	0.02206	0.03674	0.07689	0.04167	0.51697	0.04461	0.00890	0.00985	0.11334	0.00687	0.00687
15	0.01728	0.01028	0.01394	0.01503	0.01674	0.00965	0.01058	0.01953	0.02070	0.10211	0.05180	0.49862	0.05834	0.03344	0.06435	0.00512	0.00823	0.02499	0.00961	0.00966
16	0.03833	0.04891	0.02908	0.02644	0.03173	0.59815	0.01983	0.04098	0.02908	0.02512	0.01586	0.01851	0.01322	0.01058	0.00925	0.00264	0.01851	0.00661	0.00529	0.01190
17	0.02073	0.01761	0.02067	0.01501	0.02359	0.01336	0.01196	0.02532	0.02191	0.03406	0.06292	0.02576	0.02181	0.00868	0.00796	0.00166	0.00738	0.00709	0.00650	0.64601
18	0.71184	0.01985	0.01508	0.01350	0.01985	0.02302	0.01111	0.03017	0.01746	0.04604	0.01429	0.01667	0.01111	0.00953	0.00635	0.00318	0.00794	0.00556	0.00635	0.01111
19	0.71184	0.01985	0.01508	0.01350	0.01985	0.02302	0.01111	0.03017	0.01746	0.04604	0.01429	0.01667	0.01111	0.00953	0.00635	0.00318	0.00794	0.00556	0.00635	0.01111
20	0.03901	0.02874	0.03080	0.02361	0.03182	0.03182	0.01951	0.54111	0.04825	0.06468	0.02464	0.02464	0.01745	0.01232	0.01027	0.00308	0.01129	0.00924	0.01027	0.01745
21	0.01429	0.01048	0.01339	0.01266	0.01519	0.00958	0.00950	0.01891	0.02849	0.03983	0.52405	0.07883	0.14353	0.02147	0.01211	0.00325	0.00488	0.01886	0.01112	0.00958
22	0.02540	0.02438	0.04165	0.06299	0.57533	0.02438	0.03149	0.03149	0.02337	0.03353	0.01930	0.02540	0.01626	0.00914	0.01016	0.00305	0.01219	0.00914	0.00508	0.01626
23	0.02744	0.64552	0.05378	0.01756	0.02634	0.04061	0.01756	0.03073	0.02085	0.02414	0.01427	0.01646	0.01317	0.00878	0.00658	0.00219	0.01097	0.00549	0.00439	0.01317
24	0.01938	0.01824	0.03078	0.61468	0.07068	0.02280	0.02850	0.02622	0.02052	0.02622	0.01824	0.02736	0.01368	0.01026	0.01026	0.00342	0.01368	0.00912	0.00456	0.01140
25	0.01434	0.01048	0.01346	0.01272	0.01522	0.00960	0.00954	0.01901	0.02861	0.04011	0.53387	0.07837	0.13353	0.02137	0.01211	0.00325	0.00487	0.01880	0.01116	0.00960
26	0.04604	0.01746	0.02382	0.01826	0.02620	0.01508	0.01508	0.05001	0.02937	0.58244	0.04049	0.03493	0.02540	0.01270	0.01032	0.00318	0.00873	0.01032	0.01270	0.01746
27	0.01796	0.01204	0.01746	0.06122	0.07519	0.01167	0.01362	0.02076	0.02115	0.08843	0.04845	0.46473	0.05433	0.02621	0.01230	0.00390	0.00741	0.02372	0.00909	0.01034
28	0.02368	0.02992	0.14707	0.19514	0.05444	0.02527	0.25466	0.08102	0.02510	0.03411	0.02002	0.02618	0.01476	0.00966	0.01098	0.00337	0.01532	0.01017	0.00536	0.01377
29	0.01249	0.01051	0.01089	0.01108	0.01446	0.00892	0.00850	0.01526	0.02341	0.02796	0.09994	0.10014	0.52969	0.02618	0.01229	0.00357	0.00554	0.06091	0.00952	0.00873
30	0.01367	0.01015	0.01275	0.01275	0.01498	0.00922	0.00931	0.01748	0.02607	0.03563	0.37933	0.19683	0.17556	0.02421	0.01232	0.00347	0.00514	0.02133	0.01061	0.00922
31	0.02386	0.03223	0.18098	0.10671	0.09039	0.02527	0.24310	0.06531	0.06402	0.03477	0.02157	0.02657	0.01605	0.00977	0.01092	0.00335	0.01489	0.01019	0.00560	0.01447
32	0.02093	0.08960	0.49560	0.08610	0.04578	0.02486	0.03562	0.03176	0.02150	0.03132	0.01812	0.02188	0.01308	0.00973	0.00959	0.00320	0.01474	0.00759	0.00436	0.01466
33	0.04604	0.01746	0.02382	0.01826	0.02620	0.01508	0.01508	0.05001	0.02937	0.58244	0.04049	0.03493	0.02540	0.01270	0.01032	0.00318	0.00873	0.01032	0.01270	0.01746
34	0.01385	0.01050	0.01296	0.01455	0.01622	0.01009	0.01038	0.01824	0.06416	0.02822	0.06350	0.44507	0.15262	0.02926	0.01281	0.00404	0.00630	0.06849	0.00959	0.00913
35	0.03770	0.11822	0.11739	0.05370	0.03161	0.02076	0.01982	0.04298	0.02637	0.37969	0.03178	0.02961	0.02093	0.01150	0.00966	0.00305	0.01037	0.00909	0.00966	0.01611
36	0.02903	0.12268	0.19188	0.07620	0.03755	0.02939	0.02495	0.22933	0.08435	0.04414	0.02249	0.02420	0.01660	0.01105	0.00961	0.00307	0.01225	0.00845	0.00724	0.01553
37	0.58508	0.02112	0.01897	0.01885	0.07000	0.02401	0.01374	0.08058	0.02102	0.04677	0.01575	0.01822	0.01219	0.00977	0.00707	0.00315	0.00864	0.00624	0.00662	0.01219
38	0.09308	0.02599	0.14354	0.27990	0.09683	0.02180	0.02661	0.03260	0.02228	0.12912	0.02194	0.02631	0.01560	0.01042	0.00977	0.00328	0.01241	0.00867	0.00618	0.01366
39	0.01250	0.00893	0.01191	0.01429	0.01488	0.00834	0.00953	0.01429	0.01965	0.02620	0.05656	0.63265	0.06787	0.03215	0.01310	0.00417	0.00595	0.02917	0.00953	0.00834

[dist]
# distance from previous block
# <min> <max>
0	1

[block]
# block no. 2 follows, 14 sequences, length 32
# corresponding to MSA columns:
# 263-294
name=unknown_C
#
# <colnr> <probs for GDERKNQSTAVLIFYWHMCP>
#	G	D	E	R	K	N	Q	S	T	A	V	L	I	F	Y	W	H	M	C	P
0	0.02464	0.02062	0.02819	0.23167	0.08138	0.07504	0.05411	0.03017	0.02477	0.10374	0.13380	0.03695	0.03258	0.01240	0.01045	0.00310	0.01135	0.01092	0.00727	0.06686
1	0.02142	0.02379	0.10435	0.07242	0.08503	0.01694	0.01909	0.02737	0.02147	0.03271	0.01837	0.02225	0.01486	0.00828	0.00838	0.00208	0.00964	0.00685	0.00561	0.47908
2	0.71184	0.01985	0.01508	0.01350	0.01985	0.02302	0.01111	0.03017	0.01746	0.04604	0.01429	0.01667	0.01111	0.00953	0.00635	0.00318	0.00794	0.00556	0.00635	0.01111
3	0.62678	0.02028	0.01665	0.01445	0.02102	0.02310	0.01191	0.06462	0.02021	0.08053	0.01659	0.01832	0.01241	0.00990	0.00685	0.00317	0.00821	0.00609	0.00700	0.01192
4	0.01503	0.01454	0.06302	0.01632	0.01898	0.01198	0.01285	0.02142	0.08950	0.03005	0.09125	0.46048	0.06070	0.02701	0.01239	0.00393	0.00694	0.02423	0.00933	0.01004
5	0.01373	0.01037	0.01173	0.01139	0.01432	0.00917	0.00854	0.01746	0.02563	0.03429	0.29501	0.08431	0.32469	0.02269	0.01170	0.00327	0.00501	0.01933	0.06818	0.00917
6	0.02665	0.02071	0.02219	0.01980	0.02550	0.02346	0.01545	0.05180	0.47362	0.08511	0.04102	0.03802	0.03047	0.01367	0.01018	0.00337	0.00791	0.01134	0.06390	0.01582
7	0.02058	0.05308	0.58618	0.02925	0.04442	0.02383	0.03792	0.03250	0.02167	0.03250	0.01842	0.02167	0.01300	0.00975	0.00975	0.00325	0.01517	0.00758	0.00433	0.01517
8	0.71184	0.01985	0.01508	0.01350	0.01985	0.02302	0.01111	0.03017	0.01746	0.04604	0.01429	0.01667	0.01111	0.00953	0.00635	0.00318	0.00794	0.00556	0.00635	0.01111
9	0.02553	0.02204	0.02320	0.02088	0.02669	0.02553	0.01624	0.05453	0.55679	0.04293	0.04177	0.03829	0.03133	0.01392	0.01044	0.00348	0.00812	0.01160	0.01044	0.01624
10	0.04174	0.01753	0.02317	0.01805	0.02535	0.01576	0.01479	0.08509	0.03082	0.47730	0.10214	0.03908	0.03326	0.01365	0.01053	0.00317	0.00847	0.01121	0.01234	0.01654
11	0.71184	0.01985	0.01508	0.01350	0.01985	0.02302	0.01111	0.03017	0.01746	0.04604	0.01429	0.01667	0.01111	0.00953	0.00635	0.00318	0.00794	0.00556	0.00635	0.01111
12	0.03901	0.02874	0.03080	0.02361	0.03182	0.03182	0.01951	0.54111	0.04825	0.06468	0.02464	0.02464	0.01745	0.01232	0.01027	0.00308	0.01129	0.00924	0.01027	0.01745
13	0.02553	0.02204	0.02320	0.02088	0.02669	0.02553	0.01624	0.05453	0.55679	0.04293	0.04177	0.03829	0.03133	0.01392	0.01044	0.00348	0.00812	0.01160	0.01044	0.01624
14	0.71184	0.01985	0.01508	0.01350	0.01985	0.02302	0.01111	0.03017	0.01746	0.04604	0.01429	0.01667	0.01111	0.00953	0.00635	0.00318	0.00794	0.00556	0.00635	0.01111
15	0.01434	0.01048	0.01347	0.01272	0.01522	0.00961	0.00954	0.01902	0.02862	0.04014	0.53474	0.07833	0.13264	0.02136	0.01211	0.00325	0.00487	0.01879	0.01116	0.00961
16	0.03954	0.02789	0.03027	0.02321	0.03140	0.03056	0.01917	0.50403	0.04682	0.10377	0.02583	0.02542	0.01805	0.01235	0.01027	0.00309	0.01110	0.00932	0.01045	0.01745
17	0.01268	0.00907	0.01206	0.01417	0.01492	0.00845	0.00954	0.01473	0.02046	0.02749	0.10083	0.58471	0.07037	0.03119	0.01301	0.00409	0.00586	0.02826	0.00968	0.00845
18	0.04604	0.01746	0.02382	0.01826	0.02620	0.01508	0.01508	0.05001	0.02937	0.58244	0.04049	0.03493	0.02540	0.01270	0.01032	0.00318	0.00873	0.01032	0.01270	0.01746
19	0.01561	0.01115	0.01548	0.01784	0.01980	0.01102	0.01493	0.01966	0.02271	0.02968	0.05484	0.23414	0.06108	0.02922	0.01393	0.00460	0.00865	0.39700	0.00947	0.00919
20	0.01537	0.01032	0.01296	0.01230	0.01471	0.00966	0.00922	0.02020	0.02767	0.04062	0.47188	0.06964	0.08394	0.01933	0.01120	0.00307	0.00483	0.01692	0.13648	0.00966
21	0.04168	0.01618	0.02151	0.01685	0.02389	0.01419	0.01380	0.04578	0.02810	0.49428	0.03935	0.03547	0.02555	0.01258	0.00981	0.00305	0.00809	0.01020	0.12345	0.01618
22	0.03611	0.01937	0.02796	0.19048	0.08557	0.01968	0.02068	0.08983	0.02822	0.32886	0.03088	0.03099	0.02055	0.01168	0.01028	0.00322	0.01067	0.00978	0.00953	0.01565
23	0.04245	0.01760	0.02333	0.01812	0.02554	0.01576	0.01487	0.08246	0.03070	0.49208	0.09117	0.03827	0.03182	0.01348	0.01049	0.00317	0.00854	0.01105	0.01239	0.01670
24	0.01793	0.01075	0.01466	0.01540	0.01732	0.01042	0.01123	0.02047	0.02047	0.10149	0.04769	0.37083	0.05221	0.07509	0.11539	0.00655	0.01056	0.06283	0.00905	0.00968
25	0.59543	0.02179	0.01763	0.07329	0.02568	0.06451	0.01344	0.03056	0.01860	0.04259	0.01479	0.01785	0.01152	0.00967	0.00694	0.00316	0.00926	0.00598	0.00610	0.01120
26	0.01775	0.01034	0.01214	0.05828	0.01742	0.01051	0.00949	0.02242	0.02248	0.03660	0.12144	0.10181	0.04080	0.01526	0.00880	0.00278	0.00561	0.01291	0.46356	0.00961
27	0.06801	0.03014	0.12113	0.26709	0.12892	0.11716	0.02757	0.03057	0.02202	0.02931	0.01749	0.02372	0.01370	0.01050	0.01122	0.00326	0.05234	0.00823	0.00483	0.01278
28	0.03022	0.01282	0.01544	0.01315	0.01783	0.01184	0.01043	0.03467	0.02476	0.26260	0.03637	0.03689	0.02593	0.01226	0.00847	0.00271	0.00641	0.00988	0.41449	0.01282
29	0.01970	0.01551	0.01990	0.11081	0.02561	0.01806	0.01395	0.08045	0.01988	0.02697	0.02613	0.04857	0.02735	0.36477	0.03761	0.00722	0.10982	0.01237	0.00615	0.00918
30	0.01374	0.01102	0.01359	0.06377	0.01942	0.01027	0.01045	0.01756	0.02518	0.03290	0.28115	0.11810	0.29966	0.02301	0.01202	0.00341	0.00583	0.01981	0.00981	0.00929
31	0.03709	0.01733	0.02214	0.01743	0.02454	0.01561	0.01416	0.07334	0.05743	0.38527	0.09361	0.04153	0.06682	0.01398	0.01038	0.00307	0.00815	0.01150	0.01152	0.07510

[dist]
# distance from previous block
# <min> <max>
0	8

[block]
# block no. 3 follows, 14 sequences, length 45
# corresponding to MSA columns:
# 303-347
name=unknown_D
#
# <colnr> <probs for GDERKNQSTAVLIFYWHMCP>
#	G	D	E	R	K	N	Q	S	T	A	V	L	I	F	Y	W	H	M	C	P
0	0.01556	0.01101	0.01488	0.01687	0.01855	0.01090	0.01368	0.01902	0.02156	0.02822	0.05132	0.20108	0.05727	0.12387	0.01989	0.00544	0.00890	0.34428	0.00896	0.00875
1	0.02128	0.01824	0.02128	0.01520	0.02432	0.01368	0.01216	0.02584	0.02128	0.03344	0.01824	0.02128	0.01520	0.00760	0.00760	0.00152	0.00760	0.00608	0.00608	0.70208
2	0.02671	0.48028	0.04550	0.01805	0.02569	0.03534	0.01704	0.08404	0.02314	0.02848	0.01744	0.02105	0.01557	0.01975	0.09889	0.00451	0.01357	0.00675	0.00520	0.01301
3	0.02744	0.64552	0.05378	0.01756	0.02634	0.04061	0.01756	0.03073	0.02085	0.02414	0.01427	0.01646	0.01317	0.00878	0.00658	0.00219	0.01097	0.00549	0.00439	0.01317
4	0.04190	0.01758	0.02490	0.11084	0.03310	0.01628	0.01717	0.04632	0.02800	0.49610	0.03703	0.03375	0.02358	0.01232	0.01031	0.00321	0.00950	0.01013	0.01144	0.01652
5	0.04115	0.01638	0.02225	0.01743	0.02451	0.01424	0.01424	0.04525	0.02932	0.49842	0.12267	0.04141	0.03649	0.01399	0.01060	0.00318	0.00813	0.01160	0.01248	0.01626
6	0.02076	0.01748	0.05389	0.15507	0.07277	0.01638	0.01873	0.02779	0.06443	0.09119	0.10854	0.06107	0.15113	0.01766	0.01137	0.00352	0.00932	0.07856	0.00839	0.01195
7	0.01964	0.04647	0.49732	0.02671	0.03990	0.02164	0.03353	0.03046	0.02281	0.03384	0.10402	0.03020	0.02601	0.01149	0.01012	0.00325	0.01356	0.00929	0.00541	0.01432
8	0.02540	0.02438	0.04165	0.06299	0.57533	0.02438	0.03149	0.03149	0.02337	0.03353	0.01930	0.02540	0.01626	0.00914	0.01016	0.00305	0.01219	0.00914	0.00508	0.01626
9	0.03679	0.02025	0.02453	0.01869	0.02666	0.01892	0.01529	0.17351	0.03254	0.28981	0.06096	0.03144	0.02499	0.01191	0.00979	0.00278	0.00894	0.00953	0.01047	0.17221
10	0.03392	0.06953	0.04052	0.07094	0.04009	0.08939	0.20851	0.03961	0.02621	0.23660	0.02693	0.02851	0.01867	0.01052	0.01058	0.00317	0.01353	0.01012	0.00791	0.01475
11	0.01792	0.01447	0.01995	0.01974	0.02295	0.01496	0.05380	0.02764	0.14603	0.03227	0.04958	0.25542	0.05213	0.02472	0.01281	0.00416	0.00863	0.20243	0.00938	0.01100
12	0.01380	0.01008	0.01316	0.01459	0.01630	0.00944	0.01095	0.01698	0.02295	0.03052	0.16878	0.33716	0.13058	0.02824	0.01302	0.00402	0.00643	0.13422	0.00988	0.00891
13	0.02491	0.02759	0.15005	0.13493	0.04466	0.02254	0.16622	0.03195	0.02255	0.11550	0.02480	0.07283	0.01997	0.01260	0.01348	0.00353	0.08072	0.01132	0.00632	0.01353
14	0.04299	0.02035	0.02535	0.01966	0.02751	0.01962	0.01617	0.16165	0.07111	0.42676	0.03698	0.03283	0.02402	0.01270	0.01032	0.00318	0.00927	0.01017	0.01199	0.01737
15	0.01375	0.00983	0.01324	0.01430	0.01517	0.01016	0.00985	0.01575	0.01755	0.02400	0.04161	0.31174	0.04721	0.18437	0.21250	0.00949	0.01387	0.02003	0.00747	0.00812
16	0.71184	0.01985	0.01508	0.01350	0.01985	0.02302	0.01111	0.03017	0.01746	0.04604	0.01429	0.01667	0.01111	0.00953	0.00635	0.00318	0.00794	0.00556	0.00635	0.01111
17	0.04604	0.01746	0.02382	0.01826	0.02620	0.01508	0.01508	0.05001	0.02937	0.58244	0.04049	0.03493	0.02540	0.01270	0.01032	0.00318	0.00873	0.01032	0.01270	0.01746
18	0.02368	0.06979	0.24633	0.10307	0.03974	0.02574	0.02661	0.06932	0.21592	0.03683	0.02694	0.02829	0.01997	0.01142	0.00992	0.00329	0.01196	0.00921	0.00692	0.01507
19	0.01623	0.01228	0.01519	0.01415	0.01709	0.01214	0.01070	0.02482	0.11097	0.04143	0.48794	0.07070	0.08666	0.01988	0.01185	0.00327	0.00535	0.01748	0.01116	0.01070
20	0.02290	0.02688	0.15658	0.22959	0.05005	0.02129	0.13637	0.03054	0.02299	0.09012	0.05653	0.06302	0.02317	0.01191	0.01082	0.00339	0.01330	0.01122	0.00620	0.01314
21	0.01951	0.02201	0.09088	0.55133	0.06784	0.02291	0.02952	0.02690	0.02064	0.02690	0.01826	0.02674	0.01361	0.01020	0.01020	0.00340	0.01384	0.00895	0.00454	0.01181
22	0.01435	0.01034	0.01364	0.01355	0.01568	0.00962	0.01015	0.01871	0.02720	0.03809	0.45360	0.16575	0.08965	0.02324	0.01241	0.00348	0.00534	0.05484	0.01089	0.00946
23	0.01959	0.01824	0.02975	0.54981	0.06566	0.02181	0.02673	0.02618	0.02060	0.02700	0.01824	0.02670	0.01384	0.00997	0.00997	0.00321	0.01302	0.00879	0.00472	0.08614
24	0.02128	0.01824	0.02128	0.01520	0.02432	0.01368	0.01216	0.02584	0.02128	0.03344	0.01824	0.02128	0.01520	0.00760	0.00760	0.00152	0.00760	0.00608	0.00608	0.70208
25	0.01452	0.01049	0.01372	0.01291	0.01533	0.00968	0.00968	0.01937	0.02905	0.04115	0.56992	0.07666	0.09683	0.02098	0.01210	0.00323	0.00484	0.01856	0.01130	0.00968
26	0.11182	0.02778	0.02910	0.02252	0.03053	0.03087	0.01860	0.48582	0.04492	0.06266	0.02352	0.02378	0.01677	0.01202	0.00984	0.00309	0.01093	0.00884	0.00984	0.01677
27	0.01213	0.01040	0.01040	0.01040	0.01386	0.00866	0.00780	0.01473	0.02339	0.02772	0.10396	0.09876	0.57117	0.02599	0.01213	0.00347	0.00520	0.02166	0.00953	0.00866
28	0.03281	0.02162	0.02452	0.02000	0.02655	0.02303	0.01610	0.22654	0.17298	0.16067	0.12456	0.03908	0.03610	0.01428	0.01063	0.00323	0.00886	0.01165	0.01098	0.01583
29	0.02361	0.02438	0.03126	0.02691	0.02729	0.07266	0.02226	0.02588	0.01669	0.02473	0.01365	0.02216	0.01345	0.01742	0.03190	0.00436	0.57676	0.00881	0.00455	0.01127
30	0.02320	0.01862	0.02419	0.09855	0.07000	0.01576	0.01594	0.02813	0.02194	0.07413	0.02000	0.02342	0.01585	0.00845	0.00834	0.00201	0.00882	0.00702	0.00631	0.50932
31	0.11425	0.37333	0.22021	0.02080	0.03132	0.03292	0.02328	0.03123	0.02067	0.02968	0.01561	0.01817	0.01285	0.00919	0.00757	0.00266	0.01193	0.00617	0.00463	0.01355
32	0.02245	0.02245	0.03143	0.02694	0.02694	0.03143	0.02245	0.02470	0.01572	0.02470	0.01347	0.02245	0.01347	0.01796	0.03368	0.00449	0.62057	0.00898	0.00449	0.01123
33	0.01638	0.01222	0.01486	0.01358	0.01541	0.01223	0.00916	0.01785	0.01629	0.02307	0.02814	0.05272	0.03042	0.41028	0.12846	0.00923	0.04656	0.01248	0.00599	0.12468
34	0.01452	0.01049	0.01372	0.01291	0.01533	0.00968	0.00968	0.01937	0.02905	0.04115	0.56992	0.07666	0.09683	0.02098	0.01210	0.00323	0.00484	0.01856	0.01130	0.00968
35	0.03461	0.04224	0.03129	0.03217	0.11559	0.44776	0.02192	0.03774	0.02675	0.02638	0.01614	0.02000	0.01372	0.01115	0.01204	0.00291	0.08268	0.00726	0.00517	0.01250
36	0.01415	0.01048	0.01320	0.01252	0.01510	0.00952	0.00939	0.01865	0.02817	0.03907	0.49759	0.08009	0.17046	0.02176	0.01211	0.00326	0.00490	0.01904	0.01102	0.00952
37	0.04604	0.01746	0.02382	0.01826	0.02620	0.01508	0.01508	0.05001	0.02937	0.58244	0.04049	0.03493	0.02540	0.01270	0.01032	0.00318	0.00873	0.01032	0.01270	0.01746
38	0.01984	0.01871	0.03160	0.57283	0.10896	0.02292	0.02873	0.02662	0.02074	0.02677	0.01832	0.02721	0.01388	0.01018	0.01025	0.00339	0.01357	0.00912	0.00460	0.01177
39	0.02013	0.01971	0.03540	0.52598	0.06803	0.02329	0.10760	0.02725	0.02109	0.02725	0.01863	0.02741	0.01397	0.01001	0.01055	0.00343	0.01424	0.00958	0.00466	0.01178
40	0.02114	0.02398	0.13302	0.32916	0.08431	0.02053	0.02701	0.02821	0.02204	0.06792	0.02879	0.04041	0.05174	0.01314	0.01069	0.00349	0.01257	0.06344	0.00594	0.01246
41	0.04604	0.01746	0.02382	0.01826	0.02620	0.01508	0.01508	0.05001	0.02937	0.58244	0.04049	0.03493	0.02540	0.01270	0.01032	0.00318	0.00873	0.01032	0.01270	0.01746
42	0.03119	0.09479	0.18350	0.02151	0.03058	0.02036	0.02204	0.03880	0.05420	0.25279	0.03368	0.04194	0.02615	0.01395	0.01036	0.00335	0.01086	0.08608	0.00883	0.01504
43	0.02762	0.13429	0.30313	0.06782	0.03929	0.02681	0.02831	0.12359	0.02700	0.09689	0.02129	0.02326	0.01523	0.01041	0.00945	0.00306	0.01302	0.00796	0.00633	0.01524
44	0.03236	0.02526	0.12109	0.06543	0.03487	0.02020	0.07357	0.07888	0.08915	0.25329	0.03331	0.07376	0.02462	0.01313	0.01061	0.00333	0.01096	0.01138	0.00929	0.01548

[dist]
# distance from previous block
# <min> <max>
0	7

[block]
# block no. 4 follows, 14 sequences, length 18
# corresponding to MSA columns:
# 355-372
name=unknown_E
#
# <colnr> <probs for GDERKNQSTAVLIFYWHMCP>
#	G	D	E	R	K	N	Q	S	T	A	V	L	I	F	Y	W	H	M	C	P
0	0.34368	0.02478	0.02284	0.02134	0.06712	0.10093	0.01576	0.10027	0.02586	0.15632	0.02165	0.02240	0.01557	0.01065	0.00836	0.00308	0.01029	0.00743	0.00792	0.01374
1	0.34826	0.01957	0.02047	0.01658	0.02382	0.02021	0.01368	0.08534	0.02566	0.29168	0.02714	0.02569	0.01819	0.01122	0.00851	0.00317	0.00860	0.00806	0.00959	0.01457
2	0.01793	0.01103	0.01501	0.01471	0.01700	0.01082	0.01085	0.02120	0.02237	0.09750	0.19276	0.20487	0.05784	0.08409	0.16574	0.00738	0.01180	0.01807	0.00914	0.00989
3	0.01492	0.00995	0.01119	0.01119	0.01119	0.00995	0.00622	0.01492	0.01492	0.01990	0.03233	0.06716	0.03731	0.63935	0.05223	0.00995	0.00995	0.01492	0.00622	0.00622
4	0.04604	0.01746	0.02382	0.01826	0.02620	0.01508	0.01508	0.05001	0.02937	0.58244	0.04049	0.03493	0.02540	0.01270	0.01032	0.00318	0.00873	0.01032	0.01270	0.01746
5	0.02956	0.52931	0.04897	0.01929	0.02739	0.14920	0.01800	0.03273	0.02245	0.02433	0.01458	0.01686	0.01318	0.00913	0.00710	0.00228	0.01244	0.00571	0.00456	0.01292
6	0.02422	0.02768	0.06055	0.04325	0.05363	0.02595	0.53806	0.03287	0.02422	0.03287	0.02076	0.02768	0.01557	0.00865	0.01211	0.00346	0.01730	0.01211	0.00519	0.01384
7	0.01492	0.00995	0.01119	0.01119	0.01119	0.00995	0.00622	0.01492	0.01492	0.01990	0.03233	0.06716	0.03731	0.63935	0.05223	0.00995	0.00995	0.01492	0.00622	0.00622
8	0.02058	0.05308	0.58618	0.02925	0.04442	0.02383	0.03792	0.03250	0.02167	0.03250	0.01842	0.02167	0.01300	0.00975	0.00975	0.00325	0.01517	0.00758	0.00433	0.01517
9	0.03579	0.04358	0.02792	0.02534	0.03073	0.48460	0.01912	0.04367	0.13372	0.02865	0.02100	0.02243	0.01681	0.01124	0.00949	0.00281	0.01645	0.00760	0.00631	0.01276
10	0.10356	0.01822	0.08208	0.01664	0.02179	0.01432	0.01421	0.02534	0.05501	0.07127	0.07859	0.28095	0.04424	0.02005	0.01069	0.00339	0.00774	0.01737	0.00847	0.10604
11	0.04604	0.01746	0.02382	0.01826	0.02620	0.01508	0.01508	0.05001	0.02937	0.58244	0.04049	0.03493	0.02540	0.01270	0.01032	0.00318	0.00873	0.01032	0.01270	0.01746
12	0.03833	0.04891	0.02908	0.02644	0.03173	0.59815	0.01983	0.04098	0.02908	0.02512	0.01586	0.01851	0.01322	0.01058	0.00925	0.00264	0.01851	0.00661	0.00529	0.01190
13	0.01537	0.01021	0.01307	0.01328	0.01388	0.01060	0.00889	0.01603	0.01585	0.02146	0.03151	0.06144	0.03441	0.39070	0.16349	0.09551	0.01351	0.05773	0.00614	0.00692
14	0.01938	0.01824	0.03078	0.61468	0.07068	0.02280	0.02850	0.02622	0.02052	0.02622	0.01824	0.02736	0.01368	0.01026	0.01026	0.00342	0.01368	0.00912	0.00456	0.01140
15	0.04353	0.01803	0.02374	0.01858	0.02626	0.01636	0.01522	0.05057	0.09393	0.51640	0.04064	0.03534	0.02613	0.01285	0.01033	0.00321	0.00866	0.01048	0.01242	0.01731
16	0.02245	0.02245	0.03143	0.02694	0.02694	0.03143	0.02245	0.02470	0.01572	0.02470	0.01347	0.02245	0.01347	0.01796	0.03368	0.00449	0.62057	0.00898	0.00449	0.01123
17	0.01647	0.01138	0.01627	0.01887	0.05924	0.01119	0.01270	0.01957	0.02111	0.06280	0.09357	0.35019	0.05547	0.03614	0.12045	0.00625	0.01073	0.05895	0.00880	0.00987

[dist]
# distance from previous block
# <min> <max>
0	1

[block]
# block no. 5 follows, 14 sequences, length 10
# corresponding to MSA columns:
# 374-383
name=unknown_F
#
# <colnr> <probs for GDERKNQSTAVLIFYWHMCP>
#	G	D	E	R	K	N	Q	S	T	A	V	L	I	F	Y	W	H	M	C	P
0	0.31059	0.02065	0.02611	0.11283	0.13820	0.02291	0.04897	0.03233	0.08607	0.03928	0.05373	0.02689	0.02049	0.01075	0.00885	0.00324	0.00998	0.00869	0.00658	0.01286
1	0.02553	0.02204	0.02320	0.02088	0.02669	0.02553	0.01624	0.05453	0.55679	0.04293	0.04177	0.03829	0.03133	0.01392	0.01044	0.00348	0.00812	0.01160	0.01044	0.01624
2	0.63048	0.01955	0.01615	0.01408	0.02062	0.02205	0.01160	0.03259	0.01892	0.11159	0.01749	0.01890	0.01286	0.00991	0.00684	0.00318	0.00804	0.00614	0.00713	0.01189
3	0.02130	0.02726	0.18205	0.13744	0.07770	0.01895	0.05264	0.02869	0.02360	0.06609	0.13054	0.03511	0.03139	0.01186	0.01020	0.00302	0.01123	0.01038	0.00663	0.11392
4	0.02058	0.05308	0.58618	0.02925	0.04442	0.02383	0.03792	0.03250	0.02167	0.03250	0.01842	0.02167	0.01300	0.00975	0.00975	0.00325	0.01517	0.00758	0.00433	0.01517
5	0.01213	0.01040	0.01040	0.01040	0.01386	0.00866	0.00780	0.01473	0.02339	0.02772	0.10396	0.09876	0.57117	0.02599	0.01213	0.00347	0.00520	0.02166	0.00953	0.00866
6	0.01654	0.00937	0.01355	0.01375	0.01411	0.00963	0.00935	0.01444	0.01459	0.01977	0.02424	0.08763	0.02541	0.10417	0.13355	0.45536	0.01191	0.01161	0.00524	0.00576
7	0.02677	0.09119	0.16579	0.17539	0.04719	0.02615	0.11420	0.11566	0.02675	0.08227	0.02126	0.02523	0.01541	0.01027	0.01010	0.00319	0.01356	0.00904	0.00623	0.01437
8	0.02333	0.03230	0.16334	0.03894	0.04932	0.02603	0.39005	0.03204	0.02292	0.03204	0.01962	0.02599	0.01486	0.00973	0.01363	0.00351	0.07262	0.01091	0.00495	0.01387
9	0.08769	0.01752	0.01928	0.01791	0.02284	0.01889	0.01414	0.03955	0.26861	0.10442	0.04846	0.11013	0.09107	0.01819	0.01095	0.00364	0.00783	0.07533	0.01003	0.01352

[dist]
# distance from previous block
# <min> <max>
0	4

[block]
# block no. 6 follows, 14 sequences, length 79
# corresponding to MSA columns:
# 388-466
name=unknown_G
#
# <colnr> <probs for GDERKNQSTAVLIFYWHMCP>
#	G	D	E	R	K	N	Q	S	T	A	V	L	I	F	Y	W	H	M	C	P
0	0.47561	0.06767	0.02293	0.07254	0.08541	0.02391	0.01563	0.03146	0.01950	0.08054	0.01710	0.01988	0.01310	0.00973	0.00742	0.00311	0.00919	0.00660	0.00637	0.01232
1	0.06865	0.02154	0.07008	0.31290	0.10777	0.02271	0.02574	0.02878	0.02103	0.07130	0.02185	0.03243	0.01790	0.01247	0.01304	0.00356	0.08511	0.04498	0.00569	0.01248
2	0.01340	0.00973	0.01264	0.01341	0.01502	0.00897	0.00949	0.01663	0.02418	0.03312	0.29391	0.34514	0.11285	0.02666	0.01258	0.00369	0.00540	0.02385	0.01033	0.00897
3	0.02620	0.49548	0.08622	0.02096	0.02919	0.03755	0.05006	0.03024	0.02048	0.02527	0.01482	0.01818	0.01334	0.00994	0.01038	0.00261	0.08508	0.00643	0.00445	0.01310
4	0.04604	0.01746	0.02382	0.01826	0.02620	0.01508	0.01508	0.05001	0.02937	0.58244	0.04049	0.03493	0.02540	0.01270	0.01032	0.00318	0.00873	0.01032	0.01270	0.01746
5	0.01492	0.00995	0.01119	0.01119	0.01119	0.00995	0.00622	0.01492	0.01492	0.01990	0.03233	0.06716	0.03731	0.63935	0.05223	0.00995	0.00995	0.01492	0.00622	0.00622
6	0.01431	0.01048	0.01342	0.01269	0.01520	0.00959	0.00952	0.01896	0.02855	0.03997	0.52882	0.07861	0.13867	0.02142	0.01211	0.00325	0.00487	0.01883	0.01114	0.00959
7	0.03081	0.02083	0.02203	0.01781	0.02362	0.02264	0.01442	0.32766	0.03722	0.05377	0.02829	0.03026	0.02111	0.01217	0.00899	0.00280	0.00861	0.00937	0.29341	0.01420
8	0.43705	0.01886	0.01869	0.01546	0.02247	0.01975	0.01275	0.03836	0.02238	0.26742	0.02510	0.02421	0.01701	0.01084	0.00799	0.00318	0.00827	0.00752	0.00897	0.01373
9	0.03633	0.01784	0.02145	0.01731	0.02374	0.01751	0.01402	0.12091	0.08753	0.31400	0.03649	0.03448	0.02502	0.01260	0.00958	0.00301	0.00813	0.01011	0.17448	0.01545
10	0.71184	0.01985	0.01508	0.01350	0.01985	0.02302	0.01111	0.03017	0.01746	0.04604	0.01429	0.01667	0.01111	0.00953	0.00635	0.00318	0.00794	0.00556	0.00635	0.01111
11	0.02553	0.02204	0.02320	0.02088	0.02669	0.02553	0.01624	0.05453	0.55679	0.04293	0.04177	0.03829	0.03133	0.01392	0.01044	0.00348	0.00812	0.01160	0.01044	0.01624
12	0.71184	0.01985	0.01508	0.01350	0.01985	0.02302	0.01111	0.03017	0.01746	0.04604	0.01429	0.01667	0.01111	0.00953	0.00635	0.00318	0.00794	0.00556	0.00635	0.01111
13	0.71184	0.01985	0.01508	0.01350	0.01985	0.02302	0.01111	0.03017	0.01746	0.04604	0.01429	0.01667	0.01111	0.00953	0.00635	0.00318	0.00794	0.00556	0.00635	0.01111
14	0.02553	0.02204	0.02320	0.02088	0.02669	0.02553	0.01624	0.05453	0.55679	0.04293	0.04177	0.03829	0.03133	0.01392	0.01044	0.00348	0.00812	0.01160	0.01044	0.01624
15	0.01248	0.00959	0.01142	0.01269	0.01451	0.00854	0.00886	0.01476	0.02166	0.02767	0.10517	0.39145	0.26623	0.02909	0.01266	0.00384	0.00559	0.02561	0.00963	0.00854
16	0.04604	0.01746	0.02382	0.01826	0.02620	0.01508	0.01508	0.05001	0.02937	0.58244	0.04049	0.03493	0.02540	0.01270	0.01032	0.00318	0.00873	0.01032	0.01270	0.01746
17	0.71184	0.01985	0.01508	0.01350	0.01985	0.02302	0.01111	0.03017	0.01746	0.04604	0.01429	0.01667	0.01111	0.00953	0.00635	0.00318	0.00794	0.00556	0.00635	0.01111
18	0.01431	0.01048	0.01342	0.01269	0.01520	0.00959	0.00952	0.01896	0.02855	0.03997	0.52882	0.07861	0.13867	0.02142	0.01211	0.00325	0.00487	0.01883	0.01114	0.00959
19	0.24074	0.02388	0.02475	0.01955	0.02715	0.02591	0.01614	0.29250	0.03537	0.16083	0.02467	0.02429	0.01713	0.01156	0.00911	0.00313	0.00979	0.00836	0.00958	0.01557
20	0.02450	0.01778	0.02334	0.16652	0.06953	0.01957	0.01794	0.09379	0.11552	0.08078	0.10045	0.03792	0.03155	0.01297	0.00994	0.00312	0.00910	0.01097	0.14158	0.01313
21	0.02564	0.01435	0.01990	0.07091	0.02521	0.01509	0.01449	0.05880	0.02257	0.18392	0.03083	0.03827	0.02479	0.08032	0.27251	0.00945	0.01743	0.01069	0.05283	0.01202
22	0.01250	0.00893	0.01191	0.01429	0.01488	0.00834	0.00953	0.01429	0.01965	0.02620	0.05656	0.63265	0.06787	0.03215	0.01310	0.00417	0.00595	0.02917	0.00953	0.00834
23	0.02389	0.02315	0.04071	0.09406	0.44242	0.02322	0.08445	0.02998	0.02299	0.03241	0.02223	0.07202	0.01994	0.01092	0.01060	0.00320	0.01237	0.01099	0.00540	0.01507
24	0.03353	0.03045	0.16673	0.02992	0.09454	0.02314	0.08645	0.14831	0.03035	0.21226	0.02707	0.02760	0.01852	0.01104	0.01037	0.00319	0.01224	0.00952	0.00843	0.01634
25	0.02228	0.01893	0.03146	0.25037	0.16982	0.02087	0.05696	0.02787	0.02200	0.06915	0.02734	0.09166	0.02506	0.01452	0.01257	0.00360	0.05164	0.06502	0.00629	0.01262
26	0.03063	0.20372	0.04057	0.09926	0.07712	0.21969	0.07716	0.08019	0.02657	0.03003	0.01729	0.02107	0.01412	0.00989	0.00911	0.00277	0.01460	0.00762	0.00538	0.01322
27	0.02244	0.02524	0.12306	0.01833	0.02846	0.01682	0.01730	0.06449	0.02331	0.03554	0.01874	0.02159	0.01497	0.00833	0.00818	0.00194	0.00922	0.00658	0.00607	0.52939
28	0.09040	0.07731	0.02962	0.24405	0.04349	0.02473	0.02090	0.12693	0.06204	0.14537	0.02461	0.02714	0.01755	0.01115	0.00961	0.00318	0.01116	0.00890	0.00772	0.01414
29	0.01391	0.01047	0.01286	0.01226	0.01495	0.00942	0.00920	0.01817	0.02759	0.03768	0.44955	0.08237	0.21936	0.02227	0.01211	0.00329	0.00493	0.01936	0.01084	0.00942
30	0.02370	0.02647	0.09141	0.15269	0.34014	0.02436	0.12875	0.03093	0.02288	0.03203	0.01932	0.02585	0.01539	0.00930	0.01052	0.00321	0.01369	0.00957	0.00494	0.01485
31	0.01513	0.01015	0.01235	0.01205	0.01425	0.00950	0.00880	0.01924	0.02551	0.03704	0.35550	0.11086	0.11300	0.06179	0.01390	0.00360	0.00528	0.01756	0.14525	0.00925
32	0.01563	0.01128	0.01388	0.01356	0.01405	0.01212	0.00903	0.01680	0.01692	0.02318	0.08050	0.06533	0.04119	0.45391	0.08025	0.00896	0.06446	0.04488	0.00668	0.00737
33	0.01613	0.00985	0.01320	0.01472	0.01611	0.00907	0.01013	0.01816	0.02070	0.08640	0.05482	0.56796	0.06328	0.03005	0.01280	0.00406	0.00625	0.02713	0.00987	0.00932
34	0.02204	0.01226	0.01548	0.01365	0.01776	0.01082	0.01060	0.02609	0.02771	0.17720	0.31603	0.07148	0.19805	0.02011	0.01165	0.00327	0.00593	0.01722	0.01121	0.01143
35	0.02744	0.64552	0.05378	0.01756	0.02634	0.04061	0.01756	0.03073	0.02085	0.02414	0.01427	0.01646	0.01317	0.00878	0.00658	0.00219	0.01097	0.00549	0.00439	0.01317
36	0.02128	0.01824	0.02128	0.01520	0.02432	0.01368	0.01216	0.02584	0.02128	0.03344	0.01824	0.02128	0.01520	0.00760	0.00760	0.00152	0.00760	0.00608	0.00608	0.70208
37	0.02247	0.02206	0.03716	0.02654	0.03617	0.01864	0.22483	0.02868	0.02247	0.03321	0.01926	0.02387	0.01535	0.00802	0.00942	0.00230	0.01152	0.00852	0.00572	0.42377
38	0.71184	0.01985	0.01508	0.01350	0.01985	0.02302	0.01111	0.03017	0.01746	0.04604	0.01429	0.01667	0.01111	0.00953	0.00635	0.00318	0.00794	0.00556	0.00635	0.01111
39	0.03901	0.02874	0.03080	0.02361	0.03182	0.03182	0.01951	0.54111	0.04825	0.06468	0.02464	0.02464	0.01745	0.01232	0.01027	0.00308	0.01129	0.00924	0.01027	0.01745
40	0.40498	0.02390	0.02225	0.01811	0.02531	0.02704	0.01494	0.26320	0.03150	0.05454	0.01901	0.02030	0.01400	0.01080	0.00814	0.00313	0.00947	0.00724	0.00814	0.01400
41	0.01272	0.00910	0.01210	0.01414	0.01493	0.00848	0.00954	0.01484	0.02067	0.02782	0.11212	0.57248	0.07101	0.03094	0.01299	0.00407	0.00583	0.02802	0.00972	0.00848
42	0.01482	0.01037	0.01331	0.01331	0.01404	0.01110	0.00886	0.01628	0.01555	0.02147	0.03040	0.05643	0.03265	0.41456	0.27065	0.01256	0.01696	0.01335	0.00593	0.00740
43	0.03903	0.04606	0.02860	0.02570	0.03122	0.54523	0.01940	0.04180	0.02911	0.07570	0.01810	0.02000	0.01432	0.01077	0.00935	0.00269	0.01762	0.00695	0.00596	0.01240
44	0.02450	0.02347	0.04003	0.14539	0.49996	0.02415	0.03105	0.03071	0.02294	0.03244	0.01914	0.02569	0.01587	0.00931	0.01017	0.00310	0.01241	0.00914	0.00500	0.01553
45	0.01452	0.01049	0.01372	0.01291	0.01533	0.00968	0.00968	0.01937	0.02905	0.04115	0.56992	0.07666	0.09683	0.02098	0.01210	0.00323	0.00484	0.01856	0.01130	0.00968
46	0.02650	0.02408	0.02837	0.03211	0.17328	0.06279	0.02030	0.08041	0.30139	0.04068	0.07299	0.03544	0.03006	0.01284	0.01040	0.00326	0.00989	0.01097	0.00872	0.01554
47	0.01938	0.01824	0.03078	0.61468	0.07068	0.02280	0.02850	0.02622	0.02052	0.02622	0.01824	0.02736	0.01368	0.01026	0.01026	0.00342	0.01368	0.00912	0.00456	0.01140
48	0.71184	0.01985	0.01508	0.01350	0.01985	0.02302	0.01111	0.03017	0.01746	0.04604	0.01429	0.01667	0.01111	0.00953	0.00635	0.00318	0.00794	0.00556	0.00635	0.01111
49	0.01452	0.01049	0.01372	0.01291	0.01533	0.00968	0.00968	0.01937	0.02905	0.04115	0.56992	0.07666	0.09683	0.02098	0.01210	0.00323	0.00484	0.01856	0.01130	0.00968
50	0.01569	0.01121	0.01557	0.01794	0.01993	0.01109	0.01507	0.01981	0.02279	0.02977	0.05480	0.22363	0.06090	0.02914	0.01395	0.00461	0.00872	0.40670	0.00947	0.00922
51	0.01471	0.01081	0.01553	0.01553	0.01703	0.01231	0.01163	0.01771	0.01621	0.02311	0.02836	0.04517	0.02776	0.17871	0.49982	0.01531	0.02431	0.01171	0.00563	0.00863
52	0.03082	0.02360	0.02373	0.02051	0.02663	0.07405	0.01613	0.10326	0.33888	0.12575	0.03688	0.03455	0.02699	0.01314	0.01008	0.00324	0.00925	0.01057	0.05621	0.01573
53	0.02497	0.02401	0.03269	0.26743	0.12378	0.08524	0.06327	0.09234	0.02539	0.03291	0.01966	0.02602	0.01544	0.01395	0.04461	0.00384	0.01423	0.00893	0.00566	0.07562
54	0.01939	0.04472	0.47373	0.02604	0.03870	0.02105	0.03237	0.02992	0.02312	0.03420	0.12675	0.03247	0.02947	0.01196	0.01021	0.00325	0.01314	0.00974	0.00570	0.01409
55	0.02058	0.05308	0.58618	0.02925	0.04442	0.02383	0.03792	0.03250	0.02167	0.03250	0.01842	0.02167	0.01300	0.00975	0.00975	0.00325	0.01517	0.00758	0.00433	0.01517
56	0.04316	0.01755	0.02457	0.08281	0.03101	0.01592	0.01654	0.04744	0.02841	0.52224	0.03808	0.03411	0.02413	0.01244	0.01031	0.00320	0.00927	0.01019	0.01182	0.01681
57	0.02058	0.05308	0.58618	0.02925	0.04442	0.02383	0.03792	0.03250	0.02167	0.03250	0.01842	0.02167	0.01300	0.00975	0.00975	0.00325	0.01517	0.00758	0.00433	0.01517
58	0.71184	0.01985	0.01508	0.01350	0.01985	0.02302	0.01111	0.03017	0.01746	0.04604	0.01429	0.01667	0.01111	0.00953	0.00635	0.00318	0.00794	0.00556	0.00635	0.01111
59	0.02488	0.02369	0.03827	0.09146	0.36306	0.02468	0.07369	0.03662	0.14792	0.03513	0.02461	0.02876	0.01953	0.01030	0.01041	0.00321	0.01181	0.00999	0.00631	0.01568
60	0.01938	0.01824	0.03078	0.61468	0.07068	0.02280	0.02850	0.02622	0.02052	0.02622	0.01824	0.02736	0.01368	0.01026	0.01026	0.00342	0.01368	0.00912	0.00456	0.01140
61	0.01452	0.01145	0.01684	0.07405	0.08061	0.01138	0.01363	0.01723	0.02013	0.02699	0.04905	0.51199	0.05737	0.02767	0.01252	0.00398	0.00733	0.02519	0.00859	0.00947
62	0.02173	0.02064	0.03503	0.39890	0.26807	0.02342	0.02967	0.02828	0.02163	0.02908	0.01866	0.02659	0.01469	0.00982	0.01022	0.00327	0.01310	0.00913	0.00476	0.01330
63	0.03526	0.04379	0.02954	0.02654	0.03080	0.48853	0.02034	0.03783	0.02650	0.02503	0.01540	0.01927	0.01327	0.01200	0.01398	0.00300	0.13497	0.00707	0.00513	0.01177
64	0.02128	0.01824	0.02128	0.01520	0.02432	0.01368	0.01216	0.02584	0.02128	0.03344	0.01824	0.02128	0.01520	0.00760	0.00760	0.00152	0.00760	0.00608	0.00608	0.70208
65	0.01928	0.01414	0.01431	0.01366	0.01492	0.06402	0.00881	0.02021	0.01743	0.06169	0.03091	0.05749	0.03300	0.47587	0.10443	0.00950	0.01254	0.01341	0.00653	0.00787
66	0.02744	0.64552	0.05378	0.01756	0.02634	0.04061	0.01756	0.03073	0.02085	0.02414	0.01427	0.01646	0.01317	0.00878	0.00658	0.00219	0.01097	0.00549	0.00439	0.01317
67	0.02431	0.02099	0.02204	0.01993	0.02552	0.02399	0.01548	0.05092	0.50838	0.04155	0.04741	0.04378	0.08032	0.01502	0.01060	0.00348	0.00786	0.01251	0.01036	0.01556
68	0.01249	0.01041	0.01089	0.01077	0.01408	0.00882	0.00808	0.01542	0.02424	0.02973	0.17355	0.09546	0.50032	0.02524	0.01212	0.00343	0.00514	0.02120	0.00979	0.00882
69	0.02553	0.02204	0.02320	0.02088	0.02669	0.02553	0.01624	0.05453	0.55679	0.04293	0.04177	0.03829	0.03133	0.01392	0.01044	0.00348	0.00812	0.01160	0.01044	0.01624
70	0.02058	0.05308	0.58618	0.02925	0.04442	0.02383	0.03792	0.03250	0.02167	0.03250	0.01842	0.02167	0.01300	0.00975	0.00975	0.00325	0.01517	0.00758	0.00433	0.01517
71	0.71184	0.01985	0.01508	0.01350	0.01985	0.02302	0.01111	0.03017	0.01746	0.04604	0.01429	0.01667	0.01111	0.00953	0.00635	0.00318	0.00794	0.00556	0.00635	0.01111
72	0.01349	0.01045	0.01228	0.01182	0.01469	0.00924	0.00887	0.01736	0.02660	0.03533	0.36795	0.08624	0.30243	0.02315	0.01211	0.00333	0.00500	0.01990	0.01053	0.00924
73	0.71184	0.01985	0.01508	0.01350	0.01985	0.02302	0.01111	0.03017	0.01746	0.04604	0.01429	0.01667	0.01111	0.00953	0.00635	0.00318	0.00794	0.00556	0.00635	0.01111
74	0.01218	0.01018	0.01062	0.01098	0.01401	0.00861	0.00806	0.01466	0.02283	0.02749	0.09688	0.17849	0.49600	0.02691	0.01227	0.00357	0.00531	0.02278	0.00953	0.00861
75	0.03833	0.04891	0.02908	0.02644	0.03173	0.59815	0.01983	0.04098	0.02908	0.02512	0.01586	0.01851	0.01322	0.01058	0.00925	0.00264	0.01851	0.00661	0.00529	0.01190
76	0.01938	0.01824	0.03078	0.61468	0.07068	0.02280	0.02850	0.02622	0.02052	0.02622	0.01824	0.02736	0.01368	0.01026	0.01026	0.00342	0.01368	0.00912	0.00456	0.01140
77	0.01321	0.01086	0.01486	0.01490	0.01731	0.00974	0.04728	0.01581	0.02142	0.02727	0.07219	0.38327	0.25770	0.02807	0.01265	0.00385	0.00649	0.02504	0.00921	0.00886
