[name]
unknown

[dist]
# distance from previous block
# <min> <max>
0	18

[block]
# block no. 0 follows, 12 sequences, length 33
# corresponding to MSA columns:
# 18-50
name=unknown_A
#
# <colnr> <probs for GDERKNQSTAVLIFYWHMCP>
#	G	D	E	R	K	N	Q	S	T	A	V	L	I	F	Y	W	H	M	C	P
0	0.02522	0.05999	0.02294	0.01973	0.02308	0.06126	0.01568	0.02835	0.02395	0.12590	0.04445	0.25662	0.04646	0.02423	0.01537	0.00411	0.07928	0.10213	0.00935	0.01189
1	0.02701	0.02491	0.07441	0.20045	0.08987	0.02356	0.08230	0.10863	0.02809	0.07760	0.02580	0.07212	0.02109	0.01258	0.01102	0.00336	0.01286	0.01134	0.00716	0.08582
2	0.02793	0.02024	0.02745	0.22091	0.04411	0.02158	0.02090	0.08420	0.08648	0.11861	0.02758	0.03135	0.02049	0.01731	0.05681	0.00433	0.01275	0.00978	0.00795	0.13923
3	0.01579	0.01084	0.01324	0.01324	0.01371	0.01130	0.00829	0.01672	0.01626	0.02214	0.03312	0.06451	0.03667	0.48841	0.17983	0.01224	0.01504	0.01485	0.00642	0.00736
4	0.40120	0.02486	0.02272	0.07905	0.03066	0.06925	0.01645	0.12004	0.02676	0.08962	0.01998	0.02216	0.01471	0.01110	0.00852	0.00334	0.01069	0.00751	0.00775	0.01366
5	0.01475	0.01105	0.01422	0.01533	0.01739	0.00975	0.01056	0.01712	0.02115	0.02905	0.05368	0.51722	0.06330	0.03005	0.01300	0.00399	0.00660	0.02713	0.00954	0.11512
6	0.02565	0.13242	0.03445	0.08326	0.07212	0.02586	0.05365	0.03580	0.12357	0.07557	0.13570	0.04029	0.03803	0.01443	0.01281	0.00341	0.05863	0.01191	0.00829	0.01413
7	0.56448	0.02405	0.01791	0.01622	0.02247	0.08893	0.01305	0.03246	0.01995	0.04448	0.01645	0.01986	0.01325	0.01571	0.05025	0.00438	0.01135	0.00648	0.00654	0.01175
8	0.02675	0.02296	0.03942	0.25612	0.28407	0.02439	0.06395	0.03349	0.02441	0.08592	0.02250	0.02897	0.01719	0.01051	0.01100	0.00343	0.01355	0.01006	0.00603	0.01530
9	0.02619	0.02177	0.02577	0.08487	0.06862	0.02470	0.01930	0.08214	0.32199	0.04333	0.03904	0.04406	0.03101	0.01497	0.01108	0.00364	0.00965	0.04908	0.06316	0.01566
10	0.03698	0.01505	0.01898	0.01554	0.02151	0.01358	0.01252	0.04156	0.02772	0.34097	0.03991	0.03859	0.02739	0.01316	0.00957	0.00303	0.00753	0.01063	0.29073	0.01505
11	0.01393	0.00999	0.01323	0.01474	0.01596	0.00929	0.01017	0.01681	0.02388	0.03262	0.20555	0.45060	0.08138	0.03059	0.01360	0.00413	0.00597	0.02760	0.01069	0.00929
12	0.01543	0.01115	0.01457	0.01372	0.01629	0.01029	0.01029	0.02058	0.03086	0.04372	0.54304	0.08145	0.10288	0.02229	0.01286	0.00343	0.00514	0.01972	0.01200	0.01029
13	0.02712	0.02342	0.02465	0.02219	0.02835	0.02712	0.01726	0.05794	0.52909	0.04561	0.04438	0.04068	0.03328	0.01479	0.01109	0.00370	0.00863	0.01233	0.01109	0.01726
14	0.69383	0.02109	0.01603	0.01434	0.02109	0.02446	0.01181	0.03205	0.01856	0.04892	0.01518	0.01771	0.01181	0.01012	0.00675	0.00337	0.00843	0.00590	0.00675	0.01181
15	0.56092	0.02056	0.01794	0.01538	0.02248	0.02272	0.01268	0.03640	0.02116	0.15350	0.02092	0.02171	0.01494	0.01082	0.00762	0.00337	0.00861	0.00695	0.00814	0.01320
16	0.02712	0.02342	0.02465	0.02219	0.02835	0.02712	0.01726	0.05794	0.52909	0.04561	0.04438	0.04068	0.03328	0.01479	0.01109	0.00370	0.00863	0.01233	0.01109	0.01726
17	0.02473	0.02428	0.04372	0.13200	0.34844	0.02457	0.11834	0.03144	0.02425	0.03377	0.02390	0.07577	0.02128	0.01180	0.01145	0.00347	0.01362	0.01204	0.00573	0.01539
18	0.69383	0.02109	0.01603	0.01434	0.02109	0.02446	0.01181	0.03205	0.01856	0.04892	0.01518	0.01771	0.01181	0.01012	0.00675	0.00337	0.00843	0.00590	0.00675	0.01181
19	0.01305	0.01041	0.01170	0.01273	0.01517	0.00906	0.00903	0.01546	0.02323	0.02879	0.08993	0.31063	0.35192	0.03028	0.01331	0.00399	0.00585	0.02627	0.01012	0.00906
20	0.69383	0.02109	0.01603	0.01434	0.02109	0.02446	0.01181	0.03205	0.01856	0.04892	0.01518	0.01771	0.01181	0.01012	0.00675	0.00337	0.00843	0.00590	0.00675	0.01181
21	0.02636	0.02211	0.03690	0.30396	0.27441	0.02408	0.03014	0.03296	0.02411	0.08741	0.02238	0.02903	0.01704	0.01067	0.01086	0.00344	0.01329	0.00984	0.00600	0.01502
22	0.04892	0.01856	0.02530	0.01940	0.02783	0.01603	0.01603	0.05314	0.03121	0.55634	0.04302	0.03711	0.02699	0.01350	0.01096	0.00337	0.00928	0.01096	0.01350	0.01856
23	0.01350	0.01107	0.01189	0.01169	0.01510	0.00946	0.00877	0.01683	0.02630	0.03288	0.21427	0.09930	0.43842	0.02634	0.01288	0.00362	0.00543	0.02222	0.01058	0.00946
24	0.01824	0.01152	0.01476	0.01367	0.01663	0.01065	0.01035	0.02331	0.02993	0.07736	0.44947	0.07365	0.08893	0.02057	0.01211	0.00332	0.00541	0.01800	0.09130	0.01082
25	0.02315	0.16309	0.40603	0.08815	0.04641	0.02868	0.03500	0.03345	0.02272	0.03209	0.01869	0.02258	0.01392	0.01022	0.00976	0.00325	0.01508	0.00780	0.00464	0.01527
26	0.03210	0.04225	0.34308	0.02692	0.03994	0.02343	0.03090	0.09095	0.02849	0.19532	0.02733	0.02760	0.01828	0.01159	0.01060	0.00341	0.01362	0.00912	0.00795	0.01711
27	0.01419	0.00987	0.01238	0.01402	0.01443	0.00946	0.00888	0.01542	0.01910	0.02547	0.05099	0.41929	0.06063	0.24023	0.02862	0.00660	0.00783	0.02564	0.00888	0.00806
28	0.25349	0.01788	0.01959	0.01611	0.02294	0.01772	0.01316	0.04134	0.02561	0.29940	0.03264	0.03144	0.02223	0.01226	0.00900	0.00323	0.00826	0.00918	0.12970	0.01487
29	0.13748	0.02252	0.02680	0.06688	0.06389	0.02485	0.01887	0.14077	0.08337	0.14549	0.03453	0.03505	0.06324	0.01431	0.01298	0.00357	0.07007	0.01074	0.00927	0.01533
30	0.01984	0.01315	0.01748	0.01748	0.01906	0.01424	0.01295	0.02245	0.02145	0.08527	0.04702	0.37436	0.05153	0.02666	0.01684	0.00415	0.11405	0.02248	0.08892	0.01060
31	0.61609	0.02476	0.01780	0.01598	0.02259	0.08976	0.01291	0.03342	0.02003	0.04627	0.01538	0.01794	0.01207	0.01025	0.00711	0.00331	0.00977	0.00604	0.00661	0.01191
32	0.04600	0.01770	0.02376	0.01845	0.02629	0.01543	0.01517	0.05030	0.03035	0.50361	0.04225	0.03747	0.02709	0.01341	0.01062	0.00329	0.00885	0.01088	0.08137	0.01770

[dist]
# distance from previous block
# <min> <max>
1	11

[block]
# block no. 1 follows, 12 sequences, length 13
# corresponding to MSA columns:
# 62-74
name=unknown_B
#
# <colnr> <probs for GDERKNQSTAVLIFYWHMCP>
#	G	D	E	R	K	N	Q	S	T	A	V	L	I	F	Y	W	H	M	C	P
0	0.01480	0.01112	0.01370	0.01306	0.01590	0.01002	0.00979	0.01936	0.02938	0.04019	0.43597	0.08726	0.21215	0.02361	0.01287	0.00349	0.00524	0.02053	0.01154	0.01002
1	0.01641	0.01283	0.01651	0.01601	0.01700	0.01448	0.01148	0.01823	0.01797	0.02458	0.04186	0.11133	0.09835	0.26908	0.16831	0.00994	0.10386	0.01617	0.00690	0.00871
2	0.02254	0.01893	0.02055	0.01905	0.02389	0.02094	0.01457	0.04375	0.35177	0.04202	0.13151	0.10449	0.10196	0.01906	0.01181	0.00372	0.00754	0.01629	0.01105	0.01456
3	0.02033	0.01016	0.01016	0.01016	0.01270	0.01016	0.00762	0.02541	0.02287	0.04065	0.03557	0.04065	0.02795	0.01270	0.00762	0.00254	0.00508	0.01016	0.67734	0.01016
4	0.04720	0.02131	0.02701	0.02071	0.02921	0.02012	0.01711	0.15881	0.03582	0.44415	0.03914	0.03460	0.02505	0.01340	0.01095	0.00335	0.00990	0.01070	0.01290	0.01855
5	0.02059	0.01938	0.03270	0.59060	0.07510	0.02422	0.03028	0.02786	0.02180	0.02786	0.01938	0.02907	0.01453	0.01090	0.01090	0.00363	0.01453	0.00969	0.00484	0.01211
6	0.03498	0.03522	0.03041	0.02903	0.07965	0.22026	0.02085	0.14875	0.20413	0.04303	0.02856	0.02889	0.02186	0.01270	0.01058	0.00325	0.01363	0.00968	0.00860	0.01591
7	0.12052	0.02482	0.10702	0.07112	0.03405	0.01914	0.02031	0.04380	0.02700	0.33345	0.03237	0.03091	0.02129	0.01202	0.01016	0.00330	0.01062	0.00949	0.01008	0.05852
8	0.07459	0.19436	0.12215	0.02064	0.02980	0.02663	0.02026	0.08157	0.02833	0.18026	0.08998	0.03254	0.02883	0.01265	0.00972	0.00309	0.01077	0.00970	0.00869	0.01542
9	0.02956	0.45632	0.15269	0.02116	0.03173	0.03714	0.02265	0.03492	0.02316	0.07658	0.01860	0.02039	0.01516	0.00992	0.00802	0.00265	0.01231	0.00674	0.00547	0.01483
10	0.01541	0.01203	0.01684	0.02090	0.08188	0.01131	0.01288	0.01866	0.02389	0.03238	0.16421	0.37648	0.11580	0.02796	0.01321	0.00400	0.00682	0.02518	0.00994	0.01024
11	0.09914	0.20440	0.27256	0.02438	0.03633	0.03018	0.02755	0.07809	0.02550	0.07885	0.02037	0.02235	0.01514	0.01055	0.00914	0.00311	0.01314	0.00760	0.00613	0.01548
12	0.03091	0.02274	0.05958	0.02428	0.03070	0.02206	0.06458	0.08313	0.10089	0.17403	0.07554	0.04994	0.03510	0.01697	0.01497	0.00387	0.08331	0.08235	0.00993	0.01511

[dist]
# distance from previous block
# <min> <max>
0	3

[block]
# block no. 2 follows, 12 sequences, length 8
# corresponding to MSA columns:
# 78-85
name=unknown_C
#
# <colnr> <probs for GDERKNQSTAVLIFYWHMCP>
#	G	D	E	R	K	N	Q	S	T	A	V	L	I	F	Y	W	H	M	C	P
0	0.07531	0.17398	0.09350	0.02257	0.03152	0.02624	0.05172	0.04172	0.02595	0.26720	0.02855	0.02815	0.01988	0.01204	0.01156	0.00324	0.05290	0.00911	0.00881	0.01605
1	0.01866	0.00961	0.01322	0.01347	0.01406	0.00955	0.00916	0.01660	0.01664	0.02428	0.02643	0.09181	0.02606	0.03234	0.03259	0.47594	0.00826	0.01174	0.14331	0.00626
2	0.02300	0.02194	0.03677	0.30497	0.17604	0.02316	0.07635	0.02982	0.02307	0.03183	0.01992	0.02741	0.01569	0.00992	0.01055	0.00317	0.01335	0.00942	0.00534	0.13827
3	0.03921	0.08413	0.03116	0.06759	0.03234	0.07622	0.01937	0.04312	0.02681	0.31087	0.03045	0.03034	0.02108	0.01369	0.01506	0.00349	0.12006	0.00970	0.00953	0.01578
4	0.06796	0.06978	0.13886	0.11139	0.18092	0.02571	0.11083	0.03548	0.02449	0.09864	0.02255	0.02699	0.01681	0.01036	0.01061	0.00337	0.01386	0.00961	0.00623	0.01557
5	0.57254	0.02682	0.01879	0.01689	0.02343	0.12634	0.01353	0.03418	0.02085	0.04479	0.01549	0.01807	0.01222	0.01033	0.00732	0.00327	0.01052	0.00611	0.00654	0.01196
6	0.01578	0.01032	0.01355	0.01382	0.01515	0.00991	0.00960	0.01637	0.02057	0.02747	0.14024	0.15731	0.13001	0.09189	0.07115	0.21374	0.00918	0.01803	0.00814	0.00777
7	0.03108	0.25330	0.03759	0.02363	0.07890	0.08183	0.01813	0.06928	0.05994	0.08643	0.02511	0.02705	0.01980	0.01121	0.00871	0.00277	0.01093	0.00836	0.13149	0.01447

[dist]
# distance from previous block
# <min> <max>
0	1

[block]
# block no. 3 follows, 12 sequences, length 25
# corresponding to MSA columns:
# 87-111
name=unknown_D
#
# <colnr> <probs for GDERKNQSTAVLIFYWHMCP>
#	G	D	E	R	K	N	Q	S	T	A	V	L	I	F	Y	W	H	M	C	P
0	0.02185	0.01264	0.01707	0.01537	0.01897	0.01188	0.01188	0.02663	0.02894	0.13890	0.37068	0.06720	0.07708	0.02950	0.09634	0.00553	0.00953	0.01684	0.01137	0.01178
1	0.02630	0.06570	0.11150	0.07917	0.04673	0.02934	0.22605	0.07779	0.06896	0.03643	0.02226	0.02774	0.01718	0.01179	0.01516	0.00370	0.10248	0.01079	0.00615	0.01478
2	0.59365	0.02150	0.01862	0.01647	0.02221	0.02580	0.01361	0.03118	0.01828	0.04553	0.01505	0.01863	0.01218	0.01146	0.01109	0.00358	0.09641	0.00645	0.00645	0.01183
3	0.02760	0.01968	0.02106	0.01751	0.02311	0.02064	0.01400	0.24260	0.03706	0.05110	0.10619	0.05356	0.15124	0.01740	0.01091	0.00324	0.00831	0.01405	0.14700	0.01374
4	0.02337	0.01601	0.02259	0.01884	0.02408	0.01509	0.06835	0.03145	0.09029	0.12990	0.24152	0.06781	0.16639	0.01949	0.01232	0.00354	0.00788	0.01721	0.01101	0.01286
5	0.03512	0.01657	0.02257	0.02311	0.10016	0.01535	0.01554	0.04000	0.02719	0.28880	0.03691	0.03690	0.02589	0.01264	0.00971	0.00305	0.00828	0.01048	0.25646	0.01528
6	0.02915	0.62337	0.05714	0.01866	0.02799	0.04314	0.01866	0.03265	0.02215	0.02565	0.01516	0.01749	0.01399	0.00933	0.00700	0.00233	0.01166	0.00583	0.00466	0.01399
7	0.01519	0.01096	0.01436	0.01388	0.01624	0.01013	0.01027	0.01996	0.02973	0.04192	0.48822	0.14141	0.09939	0.02364	0.01298	0.00354	0.00528	0.02100	0.01179	0.01013
8	0.04108	0.02843	0.03109	0.02413	0.03259	0.03103	0.01984	0.41512	0.09176	0.12658	0.02988	0.02883	0.02091	0.01329	0.01093	0.00332	0.01136	0.01018	0.01124	0.01843
9	0.02843	0.19558	0.07930	0.03023	0.13256	0.03043	0.02237	0.12959	0.09097	0.03972	0.03106	0.06188	0.05608	0.01344	0.01005	0.00316	0.01127	0.01085	0.00749	0.01552
10	0.02900	0.02469	0.10741	0.22758	0.04744	0.02007	0.02416	0.03572	0.02474	0.17585	0.02591	0.02900	0.01820	0.01093	0.01024	0.00311	0.01195	0.00911	0.00753	0.15736
11	0.02889	0.10347	0.18803	0.19896	0.04885	0.10724	0.02852	0.03621	0.02487	0.10323	0.02188	0.02571	0.01593	0.01098	0.01015	0.00327	0.01470	0.00856	0.00608	0.01447
12	0.18849	0.13015	0.11734	0.02591	0.03582	0.02794	0.12346	0.07744	0.02603	0.11712	0.02237	0.02455	0.01631	0.01058	0.00960	0.00327	0.01265	0.00877	0.00718	0.01501
13	0.02057	0.01867	0.03096	0.54560	0.07026	0.02313	0.02852	0.02767	0.02188	0.02885	0.02063	0.02997	0.01557	0.01104	0.01065	0.00355	0.01380	0.00973	0.05698	0.01196
14	0.06296	0.17603	0.18202	0.02944	0.04037	0.02842	0.16799	0.03474	0.02459	0.07863	0.05563	0.02837	0.02157	0.01081	0.01032	0.00324	0.01399	0.00985	0.00625	0.01478
15	0.03076	0.08247	0.13744	0.05900	0.09634	0.02817	0.06411	0.16424	0.03120	0.08892	0.02522	0.05740	0.02010	0.01301	0.01242	0.00344	0.05161	0.01058	0.00761	0.01597
16	0.01393	0.00985	0.01277	0.01451	0.01529	0.00929	0.00962	0.01595	0.02135	0.02879	0.11561	0.46427	0.07104	0.11982	0.02000	0.00522	0.00682	0.02735	0.00983	0.00870
17	0.01861	0.01156	0.01431	0.01458	0.01752	0.01051	0.01104	0.02207	0.02504	0.09169	0.13067	0.23885	0.18747	0.02628	0.01278	0.00390	0.00665	0.07807	0.06792	0.01048
18	0.03046	0.10434	0.09276	0.11147	0.10031	0.02433	0.02313	0.04032	0.10131	0.16787	0.06934	0.03444	0.02754	0.01261	0.01051	0.00332	0.01119	0.01049	0.00856	0.01572
19	0.08302	0.14851	0.11496	0.15321	0.10331	0.02661	0.02512	0.03654	0.02428	0.15018	0.02368	0.02647	0.01724	0.01088	0.00970	0.00322	0.01233	0.00865	0.00694	0.01514
20	0.02204	0.01268	0.01629	0.01450	0.01846	0.01132	0.01119	0.02663	0.03004	0.14854	0.37404	0.07571	0.15306	0.02125	0.01247	0.00346	0.00606	0.01838	0.01203	0.01185
21	0.03676	0.02989	0.03370	0.08231	0.11369	0.09154	0.02336	0.27549	0.03848	0.09115	0.02421	0.02653	0.01787	0.01261	0.01242	0.00335	0.05169	0.00955	0.00874	0.01667
22	0.03290	0.09089	0.25931	0.02558	0.03690	0.08647	0.02738	0.04265	0.06632	0.18527	0.02766	0.02766	0.01922	0.01163	0.01025	0.00328	0.01356	0.00893	0.00782	0.01634
23	0.03256	0.02135	0.06979	0.08074	0.13982	0.01813	0.02169	0.03773	0.02632	0.25364	0.03774	0.14723	0.03179	0.01634	0.01146	0.00359	0.01047	0.01435	0.00965	0.01558
24	0.01554	0.01044	0.01199	0.01230	0.01237	0.01036	0.00704	0.01577	0.01647	0.02196	0.03752	0.13753	0.04363	0.54519	0.05039	0.00982	0.01005	0.01772	0.00704	0.00688

[dist]
# distance from previous block
# <min> <max>
0	1

[block]
# block no. 4 follows, 12 sequences, length 51
# corresponding to MSA columns:
# 113-163
name=unknown_E
#
# <colnr> <probs for GDERKNQSTAVLIFYWHMCP>
#	G	D	E	R	K	N	Q	S	T	A	V	L	I	F	Y	W	H	M	C	P
0	0.69383	0.02109	0.01603	0.01434	0.02109	0.02446	0.01181	0.03205	0.01856	0.04892	0.01518	0.01771	0.01181	0.01012	0.00675	0.00337	0.00843	0.00590	0.00675	0.01181
1	0.02665	0.03089	0.12420	0.10423	0.30727	0.02660	0.10613	0.07462	0.02668	0.03747	0.02098	0.02688	0.01648	0.01014	0.01107	0.00338	0.01434	0.00995	0.00572	0.01632
2	0.01835	0.01102	0.01440	0.01527	0.01741	0.00999	0.01078	0.02090	0.02344	0.10247	0.09878	0.44278	0.11291	0.02978	0.01333	0.00414	0.00657	0.02662	0.01073	0.01034
3	0.03077	0.34971	0.04478	0.02268	0.02942	0.16077	0.01992	0.03612	0.06375	0.02758	0.01774	0.02085	0.01560	0.01176	0.01257	0.00294	0.10680	0.00721	0.00541	0.01362
4	0.01431	0.01110	0.01302	0.01254	0.01560	0.00981	0.00940	0.01840	0.02821	0.03743	0.35235	0.09180	0.29750	0.02464	0.01287	0.00354	0.00531	0.02117	0.01118	0.00981
5	0.01364	0.00964	0.01255	0.01473	0.01527	0.00909	0.00963	0.01528	0.02018	0.02691	0.05653	0.53503	0.06761	0.11496	0.01968	0.00528	0.00691	0.02890	0.00963	0.00854
6	0.01525	0.01105	0.01381	0.01317	0.01546	0.01022	0.00953	0.01937	0.02797	0.03885	0.42231	0.08222	0.13676	0.11401	0.01940	0.00455	0.00601	0.01945	0.01099	0.00962
7	0.04099	0.04411	0.03157	0.02699	0.03375	0.37525	0.02094	0.21553	0.03837	0.04210	0.02027	0.02205	0.01569	0.01192	0.01023	0.00298	0.01685	0.00805	0.00756	0.01481
8	0.04073	0.05197	0.03090	0.02809	0.03371	0.57303	0.02107	0.04354	0.03090	0.02669	0.01685	0.01966	0.01404	0.01124	0.00983	0.00281	0.01966	0.00702	0.00562	0.01264
9	0.01543	0.01115	0.01457	0.01372	0.01629	0.01029	0.01029	0.02058	0.03086	0.04372	0.54304	0.08145	0.10288	0.02229	0.01286	0.00343	0.00514	0.01972	0.01200	0.01029
10	0.69383	0.02109	0.01603	0.01434	0.02109	0.02446	0.01181	0.03205	0.01856	0.04892	0.01518	0.01771	0.01181	0.01012	0.00675	0.00337	0.00843	0.00590	0.00675	0.01181
11	0.02240	0.01756	0.01872	0.01738	0.02097	0.01959	0.01252	0.03970	0.29719	0.03621	0.03994	0.05193	0.03516	0.23543	0.02708	0.00612	0.00904	0.01344	0.06690	0.01274
12	0.04073	0.05197	0.03090	0.02809	0.03371	0.57303	0.02107	0.04354	0.03090	0.02669	0.01685	0.01966	0.01404	0.01124	0.00983	0.00281	0.01966	0.00702	0.00562	0.01264
13	0.01436	0.01199	0.01263	0.01231	0.01600	0.01072	0.00928	0.01961	0.06370	0.03295	0.17465	0.09635	0.43539	0.02580	0.01275	0.00364	0.00570	0.02168	0.01050	0.00998
14	0.02059	0.01938	0.03270	0.59060	0.07510	0.02422	0.03028	0.02786	0.02180	0.02786	0.01938	0.02907	0.01453	0.01090	0.01090	0.00363	0.01453	0.00969	0.00484	0.01211
15	0.02676	0.02576	0.04346	0.06411	0.51054	0.02646	0.03276	0.03293	0.02423	0.03493	0.02005	0.02676	0.01705	0.01040	0.01263	0.00335	0.05589	0.00970	0.00535	0.01688
16	0.02694	0.02128	0.02677	0.02428	0.09926	0.01805	0.01674	0.07613	0.02626	0.07699	0.02192	0.02462	0.01733	0.00918	0.00893	0.00213	0.00921	0.00756	0.00725	0.47918
17	0.02645	0.02211	0.02322	0.02100	0.02681	0.02545	0.01631	0.05473	0.47912	0.04512	0.04351	0.04068	0.03276	0.01459	0.01075	0.00358	0.00828	0.01211	0.07687	0.01656
18	0.02018	0.01817	0.06121	0.01742	0.02200	0.01582	0.01461	0.09206	0.06768	0.04509	0.34822	0.11626	0.07619	0.02065	0.01236	0.00352	0.00733	0.01796	0.01102	0.01226
19	0.02568	0.32685	0.27877	0.02629	0.03874	0.03407	0.06733	0.03366	0.02282	0.03029	0.01765	0.02087	0.01412	0.00977	0.00894	0.00293	0.01415	0.00737	0.00471	0.01498
20	0.01543	0.01113	0.01440	0.01440	0.01567	0.01185	0.01001	0.01750	0.01751	0.02388	0.03949	0.06152	0.08376	0.31202	0.29011	0.01310	0.01866	0.01464	0.00660	0.00831
21	0.02939	0.02455	0.02593	0.02265	0.02922	0.02818	0.01781	0.12993	0.45340	0.04927	0.04150	0.03838	0.03095	0.01452	0.01107	0.00363	0.00916	0.01193	0.01107	0.01746
22	0.02770	0.07275	0.10338	0.10460	0.04221	0.02596	0.09720	0.14595	0.02985	0.04146	0.02113	0.02508	0.01610	0.01022	0.01009	0.00289	0.01277	0.00885	0.00679	0.19501
23	0.03145	0.14815	0.27346	0.02644	0.03867	0.02605	0.06369	0.03968	0.02547	0.18630	0.02583	0.02661	0.01792	0.01100	0.01010	0.00324	0.01345	0.00885	0.00730	0.01634
24	0.02503	0.30218	0.34219	0.02569	0.03887	0.03305	0.03091	0.03371	0.02265	0.03068	0.01766	0.02062	0.01389	0.00991	0.00890	0.00297	0.01418	0.00709	0.00463	0.01519
25	0.01569	0.01101	0.01534	0.01559	0.01676	0.01205	0.01116	0.01771	0.01716	0.02399	0.03275	0.10528	0.03417	0.20975	0.34408	0.06758	0.02063	0.01447	0.00637	0.00845
26	0.07637	0.08801	0.09124	0.11235	0.04422	0.03036	0.13533	0.13745	0.02840	0.04019	0.02009	0.02525	0.01553	0.01186	0.01407	0.00356	0.09504	0.00962	0.00642	0.01464
27	0.02630	0.01768	0.02424	0.16139	0.03518	0.01984	0.01802	0.09410	0.02454	0.10834	0.02731	0.03978	0.02361	0.14597	0.07360	0.07330	0.05624	0.01131	0.00739	0.01187
28	0.01384	0.01019	0.01305	0.01484	0.01633	0.00940	0.01055	0.01649	0.02290	0.03012	0.11560	0.43073	0.14977	0.03156	0.01376	0.00427	0.00643	0.07071	0.01030	0.00917
29	0.01684	0.01269	0.01620	0.01787	0.02055	0.01258	0.01465	0.02315	0.06777	0.03236	0.06587	0.19977	0.14293	0.02910	0.01415	0.00458	0.00850	0.27998	0.01016	0.01031
30	0.16038	0.11161	0.03257	0.11183	0.08016	0.02887	0.02048	0.14523	0.07915	0.09337	0.02430	0.02625	0.01811	0.01154	0.00954	0.00326	0.01114	0.00881	0.00805	0.01535
31	0.02757	0.01970	0.02230	0.01971	0.02534	0.02135	0.01538	0.04812	0.33253	0.12238	0.16555	0.05006	0.04927	0.01642	0.01150	0.00358	0.00788	0.01392	0.01168	0.01576
32	0.04073	0.05197	0.03090	0.02809	0.03371	0.57303	0.02107	0.04354	0.03090	0.02669	0.01685	0.01966	0.01404	0.01124	0.00983	0.00281	0.01966	0.00702	0.00562	0.01264
33	0.01328	0.00949	0.01265	0.01518	0.01581	0.00886	0.01012	0.01518	0.02088	0.02783	0.06010	0.60969	0.07212	0.03416	0.01392	0.00443	0.00633	0.03100	0.01012	0.00886
34	0.02174	0.05275	0.50823	0.08631	0.04995	0.02521	0.03930	0.03387	0.02290	0.03387	0.01955	0.02362	0.01388	0.01041	0.01041	0.00347	0.01596	0.00822	0.00463	0.01572
35	0.04363	0.02705	0.03056	0.02343	0.03207	0.02863	0.01935	0.37847	0.04542	0.21094	0.03109	0.02937	0.02101	0.01321	0.01092	0.00330	0.01120	0.01015	0.01166	0.01855
36	0.04618	0.02295	0.02802	0.02149	0.03003	0.02255	0.01775	0.22160	0.03856	0.37749	0.03684	0.03310	0.02389	0.01335	0.01094	0.00334	0.01028	0.01054	0.01255	0.01855
37	0.01578	0.01089	0.01350	0.01350	0.01406	0.01145	0.00862	0.01689	0.01633	0.02234	0.03288	0.06319	0.03610	0.46360	0.20385	0.01256	0.01591	0.01466	0.00639	0.00750
38	0.03577	0.10998	0.07629	0.02376	0.03018	0.07377	0.02115	0.03991	0.02492	0.23607	0.02641	0.02777	0.01921	0.01414	0.01768	0.00360	0.18665	0.00925	0.00826	0.01523
39	0.01323	0.00970	0.01243	0.01461	0.01566	0.00890	0.00987	0.01525	0.02143	0.02806	0.06708	0.53969	0.13761	0.03325	0.01377	0.00432	0.00621	0.02989	0.01012	0.00890
40	0.02637	0.01786	0.01912	0.01656	0.02134	0.01921	0.01303	0.15998	0.11249	0.04936	0.10485	0.04245	0.03668	0.01447	0.00978	0.00304	0.00750	0.01174	0.30061	0.01355
41	0.02512	0.02773	0.05831	0.12320	0.09964	0.02697	0.40395	0.03383	0.02512	0.03400	0.02156	0.02917	0.01632	0.00947	0.01243	0.00363	0.01741	0.01217	0.00541	0.01456
42	0.02105	0.01464	0.02337	0.06664	0.02811	0.01390	0.08174	0.02503	0.02417	0.10885	0.08740	0.32234	0.08890	0.02440	0.01294	0.00398	0.00897	0.02237	0.00969	0.01151
43	0.03020	0.01368	0.01699	0.01456	0.01887	0.01260	0.01098	0.03378	0.02534	0.24131	0.08633	0.05011	0.03733	0.15173	0.02037	0.00479	0.00801	0.01269	0.19763	0.01270
44	0.02284	0.02257	0.03343	0.02834	0.02940	0.03024	0.05746	0.02593	0.01747	0.02674	0.01694	0.02689	0.01627	0.02706	0.10871	0.00646	0.47638	0.01008	0.00497	0.01182
45	0.02536	0.02022	0.02583	0.02346	0.09853	0.01623	0.01602	0.03038	0.02362	0.07805	0.02147	0.02440	0.01719	0.00874	0.00869	0.00198	0.00885	0.00728	0.00689	0.53680
46	0.01578	0.01212	0.01736	0.02245	0.08991	0.01168	0.01363	0.01839	0.02129	0.02867	0.05197	0.43815	0.06067	0.08564	0.01752	0.00489	0.00795	0.06288	0.00913	0.00991
47	0.10807	0.01139	0.01359	0.01553	0.01719	0.01137	0.01106	0.01822	0.02095	0.03121	0.05364	0.48148	0.06286	0.03044	0.01303	0.00434	0.00697	0.06962	0.00965	0.00938
48	0.02529	0.02174	0.03523	0.08912	0.36332	0.02158	0.02674	0.03104	0.02553	0.07240	0.07378	0.04277	0.09731	0.01350	0.01126	0.00335	0.01118	0.01240	0.00709	0.01535
49	0.04019	0.01813	0.02530	0.06388	0.06864	0.01643	0.01731	0.04460	0.02915	0.40523	0.04894	0.04516	0.09709	0.01498	0.01121	0.00343	0.00942	0.01245	0.01178	0.01669
50	0.22942	0.02306	0.02470	0.01979	0.02764	0.02436	0.01625	0.17758	0.07303	0.23240	0.03040	0.02875	0.02076	0.01252	0.00975	0.00337	0.00976	0.00930	0.01064	0.01652

[dist]
# distance from previous block
# <min> <max>
0	48

[block]
# block no. 5 follows, 12 sequences, length 13
# corresponding to MSA columns:
# 212-224
name=unknown_F
#
# <colnr> <probs for GDERKNQSTAVLIFYWHMCP>
#	G	D	E	R	K	N	Q	S	T	A	V	L	I	F	Y	W	H	M	C	P
0	0.43830	0.02211	0.02285	0.08166	0.07492	0.02482	0.01698	0.08478	0.02404	0.09187	0.01969	0.02232	0.01462	0.01078	0.00835	0.00338	0.00993	0.00750	0.00746	0.01362
1	0.25546	0.28454	0.03769	0.08496	0.03179	0.03358	0.01791	0.08303	0.02399	0.03841	0.01684	0.01985	0.01380	0.01018	0.00779	0.00294	0.01094	0.00673	0.00606	0.01351
2	0.34961	0.02263	0.02239	0.01842	0.02592	0.02461	0.01511	0.13752	0.07290	0.17267	0.02657	0.02604	0.01865	0.01193	0.00898	0.00338	0.00938	0.00846	0.00957	0.01526
3	0.02765	0.02022	0.02324	0.06181	0.02798	0.02163	0.01598	0.23833	0.03792	0.05225	0.19182	0.05038	0.08136	0.01672	0.01130	0.00330	0.00890	0.01380	0.08143	0.01398
4	0.01465	0.01111	0.01349	0.01290	0.01581	0.00996	0.00967	0.01907	0.02902	0.03936	0.41059	0.08864	0.23805	0.02392	0.01287	0.00351	0.00526	0.02073	0.01143	0.00996
5	0.01376	0.01078	0.01246	0.01268	0.01543	0.00948	0.00926	0.01710	0.02596	0.03360	0.23574	0.19516	0.31530	0.02722	0.01308	0.00375	0.00556	0.02353	0.01071	0.00948
6	0.01623	0.01100	0.01314	0.01369	0.01424	0.01100	0.00901	0.01733	0.01788	0.02366	0.03948	0.08268	0.04471	0.48814	0.04663	0.00935	0.01045	0.11664	0.00736	0.00736
7	0.03517	0.04317	0.02731	0.02541	0.03047	0.44977	0.01935	0.03824	0.02960	0.02767	0.03120	0.04048	0.07387	0.01512	0.01076	0.00316	0.01709	0.06359	0.00660	0.01198
8	0.04145	0.03054	0.03272	0.02509	0.03381	0.03381	0.02072	0.51243	0.05127	0.06872	0.02618	0.02618	0.01854	0.01309	0.01091	0.00327	0.01200	0.00982	0.01091	0.01854
9	0.04145	0.03054	0.03272	0.02509	0.03381	0.03381	0.02072	0.51243	0.05127	0.06872	0.02618	0.02618	0.01854	0.01309	0.01091	0.00327	0.01200	0.00982	0.01091	0.01854
10	0.01543	0.01115	0.01457	0.01372	0.01629	0.01029	0.01029	0.02058	0.03086	0.04372	0.54304	0.08145	0.10288	0.02229	0.01286	0.00343	0.00514	0.01972	0.01200	0.01029
11	0.04892	0.01856	0.02530	0.01940	0.02783	0.01603	0.01603	0.05314	0.03121	0.55634	0.04302	0.03711	0.02699	0.01350	0.01096	0.00337	0.00928	0.01096	0.01350	0.01856
12	0.55507	0.02310	0.01958	0.01662	0.02379	0.02645	0.01370	0.13423	0.02551	0.05313	0.01752	0.01951	0.01324	0.01075	0.00763	0.00335	0.00919	0.00674	0.00763	0.01324

[dist]
# distance from previous block
# <min> <max>
0	1

[block]
# block no. 6 follows, 12 sequences, length 29
# corresponding to MSA columns:
# 226-254
name=unknown_G
#
# <colnr> <probs for GDERKNQSTAVLIFYWHMCP>
#	G	D	E	R	K	N	Q	S	T	A	V	L	I	F	Y	W	H	M	C	P
0	0.01930	0.01587	0.01908	0.01581	0.02229	0.01252	0.01193	0.02311	0.02200	0.03280	0.03381	0.23068	0.03599	0.01732	0.01015	0.00261	0.00746	0.01516	0.00776	0.44437
1	0.02135	0.01742	0.01967	0.01830	0.02257	0.01897	0.01392	0.03964	0.29096	0.04320	0.23585	0.11031	0.06349	0.01949	0.01204	0.00367	0.00708	0.01692	0.01135	0.01380
2	0.10530	0.02355	0.02698	0.02123	0.02937	0.02429	0.01742	0.21442	0.08932	0.28173	0.03455	0.03177	0.02321	0.01317	0.01056	0.00337	0.01009	0.01022	0.01168	0.01777
3	0.01611	0.01188	0.01561	0.01727	0.01988	0.01138	0.01443	0.02046	0.02534	0.03281	0.11914	0.15158	0.16217	0.02911	0.01432	0.00455	0.00836	0.30554	0.01027	0.00981
4	0.07322	0.02300	0.04323	0.09830	0.10937	0.02293	0.24479	0.02977	0.02297	0.03284	0.02471	0.03942	0.02187	0.07058	0.01795	0.04534	0.01463	0.04636	0.00592	0.01281
5	0.04001	0.02982	0.03191	0.02480	0.03326	0.03314	0.02038	0.46671	0.09934	0.06639	0.02801	0.02764	0.02003	0.01326	0.01093	0.00332	0.01166	0.01007	0.01093	0.01841
6	0.69383	0.02109	0.01603	0.01434	0.02109	0.02446	0.01181	0.03205	0.01856	0.04892	0.01518	0.01771	0.01181	0.01012	0.00675	0.00337	0.00843	0.00590	0.00675	0.01181
7	0.03605	0.02103	0.02472	0.02061	0.02760	0.02182	0.01647	0.08697	0.25364	0.25286	0.08181	0.04138	0.03514	0.01473	0.01117	0.00351	0.00887	0.01217	0.01212	0.01733
8	0.01473	0.01172	0.01352	0.01285	0.01643	0.01005	0.00959	0.01843	0.02634	0.03481	0.24654	0.13725	0.29636	0.02454	0.01252	0.00347	0.00571	0.02106	0.01043	0.07365
9	0.01558	0.01168	0.01752	0.01752	0.01947	0.01363	0.01363	0.01947	0.01752	0.02531	0.02921	0.04283	0.02726	0.08178	0.57360	0.01752	0.02921	0.01168	0.00584	0.00974
10	0.26342	0.01940	0.02222	0.01772	0.02559	0.01883	0.01462	0.04612	0.02700	0.38757	0.03376	0.03066	0.02194	0.01237	0.00956	0.00337	0.00900	0.00928	0.01125	0.01631
11	0.01594	0.01156	0.01559	0.01786	0.01996	0.01121	0.01462	0.01988	0.02391	0.03100	0.06343	0.25596	0.11139	0.03100	0.01454	0.00473	0.00858	0.30916	0.01007	0.00963
12	0.02993	0.02482	0.02624	0.02276	0.02942	0.02843	0.01794	0.14712	0.43533	0.05015	0.04081	0.03783	0.03039	0.01446	0.01106	0.00361	0.00929	0.01183	0.01106	0.01751
13	0.02699	0.02591	0.04426	0.06693	0.54879	0.02591	0.03346	0.03346	0.02483	0.03562	0.02051	0.02699	0.01727	0.00972	0.01079	0.00324	0.01295	0.00972	0.00540	0.01727
14	0.16173	0.01900	0.02368	0.01851	0.02665	0.01750	0.01529	0.04945	0.02899	0.46758	0.03815	0.03372	0.02433	0.01291	0.01023	0.00337	0.00913	0.01008	0.01231	0.01738
15	0.04797	0.02008	0.02625	0.02012	0.02859	0.01829	0.01662	0.11155	0.03376	0.49433	0.04087	0.03572	0.02592	0.01344	0.01096	0.00336	0.00962	0.01082	0.01317	0.01855
16	0.01506	0.01076	0.01469	0.01721	0.01862	0.01039	0.01321	0.01825	0.02263	0.02982	0.05912	0.40795	0.06823	0.03249	0.01439	0.00467	0.00787	0.21520	0.01009	0.00935
17	0.03952	0.11188	0.03365	0.02710	0.03311	0.51748	0.02081	0.04240	0.02998	0.02658	0.01668	0.01944	0.01404	0.01104	0.00953	0.00276	0.01882	0.00690	0.00552	0.01278
18	0.02407	0.02663	0.05642	0.04115	0.05092	0.02493	0.43069	0.03242	0.02562	0.03431	0.03188	0.04278	0.06205	0.01230	0.01304	0.00378	0.01670	0.05016	0.00624	0.01390
19	0.01323	0.00969	0.01245	0.01466	0.01568	0.00890	0.00989	0.01524	0.02138	0.02804	0.06650	0.54550	0.13217	0.03333	0.01379	0.00433	0.00622	0.02998	0.01012	0.00890
20	0.03040	0.02188	0.02432	0.02100	0.02731	0.02402	0.01655	0.10012	0.34116	0.12419	0.10568	0.04381	0.03965	0.01537	0.01128	0.00357	0.00864	0.01280	0.01155	0.01670
21	0.02473	0.02313	0.03895	0.14748	0.40361	0.02393	0.03092	0.03115	0.02436	0.03396	0.02506	0.03954	0.02260	0.01251	0.01135	0.00353	0.01284	0.06893	0.00590	0.01550
22	0.03689	0.04139	0.02914	0.02583	0.03148	0.37873	0.01982	0.13174	0.03278	0.03472	0.02064	0.02461	0.01702	0.02276	0.09922	0.00523	0.01967	0.00831	0.00669	0.01334
23	0.01361	0.00963	0.01256	0.01476	0.01532	0.00907	0.00967	0.01527	0.02024	0.02698	0.05682	0.54123	0.06799	0.10826	0.01920	0.00521	0.00687	0.02907	0.00967	0.00857
24	0.04488	0.02054	0.02598	0.02041	0.02854	0.01955	0.01670	0.10201	0.10778	0.42882	0.04145	0.03650	0.02705	0.01365	0.01098	0.00341	0.00947	0.01105	0.01286	0.01836
25	0.01986	0.01026	0.01058	0.01050	0.01304	0.01017	0.00788	0.02495	0.02363	0.04094	0.08381	0.04453	0.03507	0.01361	0.00812	0.00263	0.00509	0.01107	0.61409	0.01017
26	0.02187	0.05640	0.56031	0.03108	0.04719	0.02532	0.04029	0.03453	0.02302	0.03453	0.01957	0.02302	0.01381	0.01036	0.01036	0.00345	0.01611	0.00806	0.00460	0.01611
27	0.01894	0.00947	0.01420	0.01420	0.01420	0.00947	0.00947	0.01420	0.01420	0.01894	0.01894	0.03314	0.01894	0.03788	0.04261	0.68277	0.00947	0.00947	0.00473	0.00473
28	0.11380	0.01881	0.02437	0.01889	0.02716	0.01687	0.01560	0.05102	0.02993	0.50529	0.04022	0.03516	0.02546	0.01316	0.01054	0.00337	0.00919	0.01046	0.01282	0.01788

[dist]
# distance from previous block
# <min> <max>
0	1

[block]
# block no. 7 follows, 12 sequences, length 77
# corresponding to MSA columns:
# 256-332
name=unknown_H
#
# <colnr> <probs for GDERKNQSTAVLIFYWHMCP>
#	G	D	E	R	K	N	Q	S	T	A	V	L	I	F	Y	W	H	M	C	P
0	0.08512	0.02438	0.03384	0.13829	0.20138	0.02597	0.02499	0.16210	0.03182	0.12899	0.02506	0.02808	0.01828	0.01147	0.01056	0.00335	0.01203	0.00964	0.00818	0.01646
1	0.03084	0.48365	0.09839	0.02033	0.03016	0.03891	0.02058	0.07158	0.02513	0.06705	0.01837	0.02004	0.01524	0.01001	0.00788	0.00258	0.01192	0.00670	0.00576	0.01486
2	0.53744	0.02848	0.01959	0.01763	0.02411	0.15582	0.01403	0.03480	0.02151	0.04360	0.01558	0.01818	0.01234	0.01039	0.00749	0.00324	0.01112	0.00617	0.00648	0.01201
3	0.01312	0.01105	0.01136	0.01129	0.01487	0.00930	0.00846	0.01609	0.02539	0.03074	0.14931	0.10282	0.50471	0.02714	0.01288	0.00366	0.00549	0.02272	0.01029	0.00930
4	0.02059	0.01938	0.03270	0.59060	0.07510	0.02422	0.03028	0.02786	0.02180	0.02786	0.01938	0.02907	0.01453	0.01090	0.01090	0.00363	0.01453	0.00969	0.00484	0.01211
5	0.02455	0.01393	0.01771	0.01554	0.01997	0.01290	0.01207	0.03115	0.06761	0.17232	0.33884	0.06937	0.11965	0.02000	0.01225	0.00346	0.00649	0.01726	0.01214	0.01280
6	0.03388	0.04161	0.02614	0.02398	0.02902	0.43036	0.01799	0.03686	0.02983	0.02848	0.07385	0.03944	0.11434	0.01497	0.01060	0.00301	0.01605	0.01082	0.00690	0.01185
7	0.04513	0.02464	0.02907	0.02229	0.03087	0.02505	0.01841	0.28622	0.04139	0.30888	0.03447	0.03156	0.02270	0.01329	0.01094	0.00332	0.01066	0.01038	0.01218	0.01855
8	0.01520	0.01114	0.01426	0.01348	0.01615	0.01019	0.01011	0.02013	0.03032	0.04244	0.50402	0.08357	0.14270	0.02277	0.01286	0.00345	0.00518	0.02002	0.01183	0.01019
9	0.04687	0.01924	0.02707	0.02383	0.07643	0.01695	0.01765	0.05130	0.03061	0.50777	0.04092	0.03617	0.02608	0.01314	0.01095	0.00336	0.00962	0.01085	0.01274	0.01844
10	0.02261	0.01938	0.02261	0.01615	0.02584	0.01453	0.01292	0.02745	0.02261	0.03553	0.01938	0.02261	0.01615	0.00807	0.00807	0.00161	0.00807	0.00646	0.00646	0.68346
11	0.01894	0.00947	0.01420	0.01420	0.01420	0.00947	0.00947	0.01420	0.01420	0.01894	0.01894	0.03314	0.01894	0.03788	0.04261	0.68277	0.00947	0.00947	0.00473	0.00473
12	0.01558	0.01168	0.01752	0.01752	0.01947	0.01363	0.01363	0.01947	0.01752	0.02531	0.02921	0.04283	0.02726	0.08178	0.57360	0.01752	0.02921	0.01168	0.00584	0.00974
13	0.02216	0.01911	0.01991	0.01830	0.02360	0.02087	0.01413	0.04320	0.35331	0.03998	0.06741	0.06308	0.21146	0.01926	0.01172	0.00369	0.00755	0.01605	0.01076	0.01445
14	0.04228	0.14733	0.03339	0.02223	0.02987	0.21196	0.01826	0.04588	0.02935	0.27207	0.02866	0.02733	0.02004	0.01191	0.00981	0.00298	0.01330	0.00862	0.00909	0.01565
15	0.02712	0.02342	0.02465	0.02219	0.02835	0.02712	0.01726	0.05794	0.52909	0.04561	0.04438	0.04068	0.03328	0.01479	0.01109	0.00370	0.00863	0.01233	0.01109	0.01726
16	0.02584	0.16423	0.03173	0.01754	0.02706	0.02306	0.01498	0.07162	0.02504	0.03612	0.01898	0.02171	0.01585	0.00882	0.00807	0.00193	0.00928	0.00661	0.00643	0.46514
17	0.01328	0.00949	0.01265	0.01518	0.01581	0.00886	0.01012	0.01518	0.02088	0.02783	0.06010	0.60969	0.07212	0.03416	0.01392	0.00443	0.00633	0.03100	0.01012	0.00886
18	0.04555	0.01781	0.02422	0.01883	0.02667	0.01545	0.01545	0.04986	0.03117	0.50471	0.09338	0.04158	0.03463	0.01438	0.01116	0.00338	0.00886	0.01185	0.01334	0.01772
19	0.02574	0.02650	0.08845	0.08779	0.16793	0.06229	0.09863	0.03193	0.02433	0.08055	0.02900	0.11518	0.02623	0.02027	0.06130	0.00478	0.01486	0.01327	0.00680	0.01416
20	0.02904	0.02977	0.05357	0.03899	0.04912	0.08026	0.36944	0.03673	0.02646	0.08099	0.02317	0.02849	0.01719	0.00968	0.01194	0.00337	0.01673	0.01151	0.00633	0.07723
21	0.01522	0.01098	0.01438	0.01386	0.01624	0.01014	0.01027	0.02003	0.02986	0.04212	0.49440	0.13465	0.09978	0.02349	0.01297	0.00353	0.00526	0.02085	0.01181	0.01014
22	0.01325	0.00963	0.01250	0.01480	0.01571	0.00889	0.00995	0.01523	0.02125	0.02799	0.06479	0.56261	0.11617	0.03355	0.01382	0.00436	0.00625	0.03025	0.01012	0.00889
23	0.09670	0.02839	0.04497	0.04792	0.25571	0.07657	0.17647	0.03620	0.02552	0.07513	0.02181	0.02688	0.01693	0.01002	0.01095	0.00336	0.01453	0.01015	0.00620	0.01559
24	0.03207	0.47944	0.05053	0.02103	0.02943	0.17661	0.01926	0.03539	0.02436	0.02591	0.01559	0.01804	0.01401	0.00981	0.00771	0.00245	0.01368	0.00613	0.00490	0.01365
25	0.02363	0.04009	0.29585	0.03893	0.17144	0.02385	0.07473	0.03310	0.02364	0.03501	0.01999	0.02451	0.01532	0.00971	0.01030	0.00311	0.01416	0.00863	0.00520	0.12880
26	0.02235	0.03443	0.24905	0.07896	0.08380	0.02217	0.02795	0.06564	0.06643	0.03964	0.15582	0.04044	0.03879	0.01394	0.01118	0.00345	0.01202	0.01179	0.00753	0.01463
27	0.01601	0.01242	0.01796	0.02050	0.06700	0.01306	0.01364	0.01947	0.02022	0.02805	0.07701	0.15830	0.08128	0.09762	0.29350	0.01113	0.01844	0.01691	0.00743	0.01004
28	0.02353	0.02490	0.11177	0.08246	0.24793	0.02016	0.02639	0.02955	0.02370	0.07191	0.03310	0.19104	0.03268	0.01706	0.01163	0.00365	0.01141	0.01553	0.00717	0.01444
29	0.08605	0.02620	0.07719	0.03929	0.21054	0.02327	0.07358	0.07581	0.02836	0.20950	0.02798	0.02946	0.01979	0.01123	0.01072	0.00336	0.01212	0.01003	0.00851	0.01702
30	0.03057	0.07305	0.13748	0.03835	0.15552	0.02709	0.11375	0.07961	0.02716	0.12126	0.02385	0.02732	0.01771	0.01147	0.01310	0.00345	0.06617	0.00990	0.00698	0.01622
31	0.01518	0.01114	0.01422	0.01345	0.01613	0.01018	0.01009	0.02008	0.03026	0.04229	0.49947	0.08381	0.14735	0.02283	0.01286	0.00345	0.00518	0.02005	0.01181	0.01018
32	0.01463	0.01442	0.06413	0.01596	0.01879	0.01080	0.01284	0.01846	0.02404	0.03282	0.18906	0.37590	0.11046	0.02828	0.01323	0.00401	0.00686	0.02524	0.01011	0.00994
33	0.03470	0.18099	0.11810	0.07446	0.03713	0.03110	0.02328	0.19993	0.03369	0.12855	0.02453	0.02555	0.01769	0.01159	0.00985	0.00311	0.01233	0.00872	0.00825	0.01645
34	0.02556	0.01964	0.03154	0.44653	0.06318	0.02368	0.02736	0.03189	0.02290	0.11499	0.02283	0.02994	0.01657	0.01205	0.01311	0.00369	0.06521	0.00989	0.00627	0.01316
35	0.02712	0.02342	0.02465	0.02219	0.02835	0.02712	0.01726	0.05794	0.52909	0.04561	0.04438	0.04068	0.03328	0.01479	0.01109	0.00370	0.00863	0.01233	0.01109	0.01726
36	0.02261	0.01938	0.02261	0.01615	0.02584	0.01453	0.01292	0.02745	0.02261	0.03553	0.01938	0.02261	0.01615	0.00807	0.00807	0.00161	0.00807	0.00646	0.00646	0.68346
37	0.02200	0.01300	0.01798	0.01911	0.02227	0.01248	0.01601	0.02634	0.02537	0.11827	0.05572	0.19419	0.05849	0.02808	0.01418	0.00464	0.00926	0.32075	0.01062	0.01124
38	0.41598	0.02245	0.02617	0.03214	0.19573	0.02418	0.01933	0.03441	0.02176	0.09011	0.01944	0.02251	0.01497	0.01029	0.00846	0.00333	0.01000	0.00762	0.00691	0.01422
39	0.02059	0.01938	0.03270	0.59060	0.07510	0.02422	0.03028	0.02786	0.02180	0.02786	0.01938	0.02907	0.01453	0.01090	0.01090	0.00363	0.01453	0.00969	0.00484	0.01211
40	0.01463	0.01111	0.01347	0.01288	0.01580	0.00995	0.00966	0.01903	0.02898	0.03925	0.40743	0.08881	0.24128	0.02396	0.01287	0.00351	0.00526	0.02075	0.01141	0.00995
41	0.48237	0.02026	0.01907	0.01600	0.02330	0.02169	0.01319	0.03897	0.02270	0.21530	0.02431	0.02407	0.01679	0.01123	0.00813	0.00337	0.00871	0.00756	0.00896	0.01402
42	0.02302	0.03890	0.26659	0.03703	0.04926	0.02498	0.26947	0.03301	0.02417	0.03413	0.02439	0.07811	0.02032	0.01189	0.01191	0.00365	0.01637	0.01247	0.00554	0.01478
43	0.02261	0.01938	0.02261	0.01615	0.02584	0.01453	0.01292	0.02745	0.02261	0.03553	0.01938	0.02261	0.01615	0.00807	0.00807	0.00161	0.00807	0.00646	0.00646	0.68346
44	0.02309	0.03948	0.30071	0.13098	0.04802	0.02550	0.06942	0.06728	0.02516	0.03589	0.05928	0.02932	0.02127	0.01223	0.01309	0.00360	0.06539	0.00986	0.00576	0.01466
45	0.02187	0.05640	0.56031	0.03108	0.04719	0.02532	0.04029	0.03453	0.02302	0.03453	0.01957	0.02302	0.01381	0.01036	0.01036	0.00345	0.01611	0.00806	0.00460	0.01611
46	0.01543	0.01115	0.01457	0.01372	0.01629	0.01029	0.01029	0.02058	0.03086	0.04372	0.54304	0.08145	0.10288	0.02229	0.01286	0.00343	0.00514	0.01972	0.01200	0.01029
47	0.21082	0.02031	0.02366	0.01865	0.02669	0.01981	0.01540	0.09067	0.02989	0.38292	0.03443	0.03120	0.02237	0.01261	0.00990	0.00336	0.00932	0.00958	0.01155	0.01685
48	0.19294	0.07520	0.02840	0.16349	0.03876	0.02515	0.01938	0.08090	0.07164	0.16321	0.02645	0.02799	0.01883	0.01173	0.00958	0.00337	0.01080	0.00898	0.00844	0.01477
49	0.02143	0.01295	0.01673	0.01550	0.01897	0.01217	0.01170	0.02767	0.06418	0.12598	0.34265	0.16162	0.08017	0.02234	0.01260	0.00361	0.00628	0.01968	0.01186	0.01190
50	0.01879	0.01394	0.01733	0.01635	0.01970	0.01394	0.01286	0.06131	0.07642	0.04402	0.38211	0.08020	0.08388	0.02216	0.01290	0.00369	0.00675	0.09063	0.01153	0.01150
51	0.04410	0.02078	0.02612	0.02026	0.02823	0.01979	0.01664	0.16089	0.03601	0.39260	0.08406	0.03848	0.03180	0.01419	0.01112	0.00335	0.00956	0.01148	0.01274	0.01781
52	0.01583	0.01066	0.01233	0.01233	0.01248	0.01081	0.00715	0.01614	0.01599	0.02147	0.03395	0.06913	0.03868	0.57518	0.09580	0.01111	0.01202	0.01553	0.00655	0.00685
53	0.01687	0.01040	0.01393	0.01561	0.01703	0.00958	0.01072	0.01901	0.02192	0.08107	0.05838	0.55202	0.06757	0.03208	0.01362	0.00432	0.00662	0.02898	0.01046	0.00983
54	0.03175	0.01477	0.01759	0.01485	0.01996	0.01405	0.01181	0.07170	0.02858	0.22679	0.07542	0.04134	0.03249	0.01373	0.00945	0.00296	0.00710	0.01114	0.34073	0.01380
55	0.14371	0.02582	0.02732	0.02245	0.02975	0.02853	0.01871	0.34742	0.04130	0.05911	0.02996	0.04191	0.02526	0.01562	0.01096	0.00360	0.01107	0.09150	0.01008	0.01594
56	0.02319	0.07454	0.03094	0.10265	0.03601	0.01969	0.06072	0.02865	0.02273	0.03347	0.01924	0.02370	0.01576	0.00870	0.00882	0.00216	0.01027	0.00745	0.00598	0.46532
57	0.10358	0.02218	0.07254	0.02000	0.02898	0.01761	0.01783	0.04960	0.02935	0.46456	0.03845	0.03413	0.02446	0.01291	0.01054	0.00338	0.00982	0.01026	0.01210	0.01774
58	0.04760	0.02068	0.02662	0.02041	0.02889	0.01918	0.01686	0.13452	0.03476	0.46994	0.04003	0.03517	0.02549	0.01342	0.01095	0.00336	0.00976	0.01076	0.01304	0.01855
59	0.04145	0.03054	0.03272	0.02509	0.03381	0.03381	0.02072	0.51243	0.05127	0.06872	0.02618	0.02618	0.01854	0.01309	0.01091	0.00327	0.01200	0.00982	0.01091	0.01854
60	0.01560	0.01158	0.01702	0.01702	0.01880	0.01336	0.01301	0.01915	0.01738	0.02494	0.02966	0.04536	0.02835	0.12914	0.52774	0.01691	0.02756	0.01205	0.00591	0.00946
