[name]
unknown

[dist]
# distance from previous block
# <min> <max>
5	46

[block]
# block no. 0 follows, 10 sequences, length 7
# corresponding to MSA columns:
# 48-54
name=unknown_A
#
# <colnr> <probs for GDERKNQSTAVLIFYWHMCP>
#	G	D	E	R	K	N	Q	S	T	A	V	L	I	F	Y	W	H	M	C	P
0	0.13758	0.24700	0.16530	0.02267	0.03380	0.03188	0.02395	0.03985	0.02528	0.13930	0.02364	0.02461	0.01743	0.01130	0.00922	0.00320	0.01254	0.00799	0.00731	0.01615
1	0.30036	0.08432	0.10719	0.01865	0.02695	0.02410	0.01812	0.03445	0.02417	0.08649	0.08004	0.03216	0.02780	0.01288	0.00912	0.00341	0.01000	0.00935	0.07659	0.01384
2	0.02709	0.11669	0.11462	0.01987	0.02752	0.02033	0.01898	0.03239	0.02696	0.14292	0.09093	0.15014	0.12421	0.02054	0.01200	0.00370	0.00994	0.01720	0.00979	0.01418
3	0.03699	0.11942	0.04747	0.03120	0.04107	0.02943	0.17413	0.09672	0.08118	0.17628	0.03154	0.03244	0.02242	0.01221	0.01171	0.00355	0.01387	0.01151	0.00939	0.01746
4	0.01542	0.01142	0.01378	0.01453	0.01655	0.01053	0.01034	0.01833	0.02501	0.03278	0.16461	0.22539	0.19332	0.13102	0.02238	0.00552	0.00742	0.06157	0.01053	0.00954
5	0.02970	0.08439	0.02889	0.06613	0.03067	0.10610	0.01846	0.03364	0.02657	0.11777	0.08891	0.12058	0.03937	0.02574	0.06853	0.00527	0.07259	0.01457	0.00874	0.01340
6	0.04111	0.02465	0.02875	0.02246	0.03133	0.02458	0.01828	0.17863	0.12135	0.22753	0.03674	0.03431	0.02545	0.01358	0.01120	0.00332	0.01042	0.01082	0.01190	0.12358

[dist]
# distance from previous block
# <min> <max>
5	17

[block]
# block no. 1 follows, 10 sequences, length 24
# corresponding to MSA columns:
# 72-95
name=unknown_B
#
# <colnr> <probs for GDERKNQSTAVLIFYWHMCP>
#	G	D	E	R	K	N	Q	S	T	A	V	L	I	F	Y	W	H	M	C	P
0	0.02965	0.07951	0.03622	0.03763	0.18684	0.02658	0.02355	0.04008	0.11370	0.09141	0.07245	0.03616	0.03024	0.01377	0.01367	0.00347	0.06462	0.01123	0.00843	0.08080
1	0.16515	0.02448	0.06361	0.01973	0.02497	0.07184	0.01661	0.03060	0.02462	0.08384	0.08578	0.10568	0.08748	0.07102	0.01825	0.00455	0.06585	0.01479	0.00868	0.01248
2	0.03025	0.03324	0.12338	0.02393	0.03233	0.07613	0.02208	0.20073	0.03709	0.04801	0.04890	0.10543	0.13108	0.01900	0.01221	0.00371	0.01231	0.01532	0.00950	0.01538
3	0.03654	0.14315	0.08016	0.02839	0.08445	0.03181	0.02289	0.21654	0.03760	0.09823	0.02717	0.02869	0.02020	0.01253	0.01037	0.00323	0.01213	0.00961	0.07881	0.01749
4	0.15601	0.02326	0.07373	0.02096	0.02766	0.02076	0.06045	0.03360	0.11556	0.04091	0.09861	0.05677	0.13128	0.07262	0.01612	0.00452	0.01011	0.01482	0.00904	0.01321
5	0.02990	0.08576	0.12191	0.02180	0.03198	0.02380	0.02090	0.08081	0.07914	0.09442	0.02823	0.02964	0.02122	0.01159	0.00987	0.00287	0.01087	0.00906	0.07130	0.21492
6	0.24314	0.02117	0.02383	0.01940	0.02716	0.02155	0.01592	0.08794	0.02970	0.28254	0.03329	0.03254	0.02283	0.02052	0.06374	0.00510	0.01203	0.00995	0.01104	0.01659
7	0.10100	0.08172	0.03523	0.02566	0.03251	0.03058	0.06479	0.21380	0.03548	0.05035	0.03007	0.12383	0.02788	0.01747	0.01443	0.00384	0.07287	0.01388	0.00907	0.01554
8	0.09915	0.02891	0.03440	0.02732	0.03533	0.08354	0.10356	0.13839	0.11917	0.10094	0.03133	0.03254	0.02299	0.01299	0.01115	0.00354	0.01288	0.01100	0.07439	0.01647
9	0.02339	0.01622	0.01858	0.01763	0.02155	0.01637	0.01298	0.06823	0.11531	0.08490	0.06429	0.22888	0.14676	0.08771	0.01832	0.00491	0.00834	0.02180	0.01100	0.01282
10	0.01835	0.01753	0.06756	0.01826	0.02218	0.01411	0.01545	0.02622	0.07267	0.03910	0.19152	0.22988	0.07152	0.02564	0.01339	0.00412	0.00797	0.06704	0.06569	0.01181
11	0.02155	0.01237	0.01601	0.01532	0.01718	0.01266	0.01070	0.02326	0.01982	0.08091	0.03449	0.05565	0.03338	0.26484	0.18432	0.08094	0.01598	0.01370	0.07733	0.00958
12	0.04180	0.02977	0.03235	0.02553	0.03424	0.03276	0.02086	0.35226	0.14477	0.11178	0.03369	0.03226	0.02392	0.01438	0.01168	0.00360	0.01177	0.01115	0.01194	0.01950
13	0.02551	0.08518	0.13977	0.17597	0.04751	0.02566	0.02651	0.08014	0.02806	0.03901	0.06577	0.03175	0.02467	0.01208	0.01067	0.00319	0.01294	0.00984	0.00685	0.14891
14	0.03109	0.59826	0.06095	0.01990	0.02985	0.04602	0.01990	0.03483	0.02363	0.02736	0.01617	0.01866	0.01493	0.00995	0.00746	0.00249	0.01244	0.00622	0.00498	0.01493
15	0.60648	0.02220	0.01816	0.01588	0.02327	0.02512	0.01308	0.03661	0.02125	0.10331	0.01939	0.02112	0.01434	0.01118	0.00768	0.00360	0.00909	0.00688	0.00797	0.01337
16	0.03446	0.02677	0.03787	0.07834	0.04227	0.02843	0.11413	0.18280	0.12864	0.10222	0.03496	0.04196	0.02701	0.01485	0.01248	0.00387	0.01324	0.04830	0.01013	0.01728
17	0.01607	0.01280	0.01850	0.13397	0.03081	0.01356	0.01565	0.01964	0.02248	0.02957	0.05611	0.36435	0.09830	0.03587	0.07059	0.00596	0.01116	0.02520	0.00910	0.01033
18	0.01522	0.01056	0.01319	0.01486	0.01527	0.01014	0.00937	0.01647	0.02022	0.02697	0.05363	0.39000	0.06371	0.24814	0.03177	0.00722	0.00848	0.02690	0.00937	0.00853
19	0.04009	0.01684	0.02283	0.01906	0.02558	0.01478	0.01507	0.04416	0.03087	0.36717	0.10082	0.16201	0.04801	0.02017	0.01260	0.00385	0.00874	0.01732	0.01345	0.01660
20	0.02744	0.01646	0.01844	0.01624	0.02093	0.01652	0.01264	0.12166	0.03258	0.09882	0.09916	0.10546	0.09381	0.01883	0.01112	0.00340	0.00762	0.01565	0.24978	0.01342
21	0.02751	0.01545	0.01929	0.01756	0.02254	0.01440	0.01385	0.03454	0.07605	0.18002	0.15721	0.12660	0.15588	0.02356	0.01331	0.00401	0.00790	0.06415	0.01233	0.01385
22	0.09944	0.02837	0.02664	0.02344	0.02794	0.12092	0.01826	0.08545	0.12613	0.04110	0.07603	0.03954	0.03200	0.07803	0.02129	0.00466	0.11644	0.01173	0.00857	0.01400
23	0.16578	0.02603	0.02926	0.02335	0.03181	0.07019	0.06574	0.04441	0.11918	0.13697	0.02995	0.03033	0.02195	0.01203	0.01028	0.00326	0.01137	0.00972	0.00919	0.14920

[dist]
# distance from previous block
# <min> <max>
0	27

[block]
# block no. 2 follows, 10 sequences, length 17
# corresponding to MSA columns:
# 123-139
name=unknown_C
#
# <colnr> <probs for GDERKNQSTAVLIFYWHMCP>
#	G	D	E	R	K	N	Q	S	T	A	V	L	I	F	Y	W	H	M	C	P
0	0.12247	0.23858	0.03999	0.02238	0.03072	0.08979	0.01927	0.12481	0.12777	0.04387	0.02500	0.02577	0.01977	0.01223	0.00942	0.00318	0.01225	0.00859	0.00805	0.01608
1	0.15939	0.03109	0.08006	0.02741	0.07426	0.08019	0.02188	0.10604	0.07322	0.18849	0.03041	0.03001	0.02132	0.01284	0.01065	0.00355	0.01232	0.00977	0.00984	0.01727
2	0.01646	0.01189	0.01555	0.01463	0.01738	0.01097	0.01097	0.02195	0.03292	0.04664	0.51257	0.08688	0.10974	0.02378	0.01372	0.00366	0.00549	0.02103	0.01280	0.01097
3	0.03187	0.13309	0.07929	0.09729	0.03789	0.02881	0.02280	0.08021	0.07803	0.12842	0.07942	0.03605	0.03019	0.01460	0.01377	0.00362	0.06876	0.01108	0.00889	0.01591
4	0.01509	0.01143	0.01392	0.01415	0.01675	0.01026	0.01029	0.01897	0.02840	0.03794	0.28480	0.21514	0.22342	0.02856	0.01400	0.00400	0.00591	0.02501	0.01171	0.01026
5	0.01725	0.01328	0.01877	0.01840	0.02003	0.01525	0.01396	0.02080	0.02069	0.02955	0.09916	0.10012	0.04445	0.12107	0.32607	0.01332	0.07436	0.01571	0.00751	0.01025
6	0.03109	0.59826	0.06095	0.01990	0.02985	0.04602	0.01990	0.03483	0.02363	0.02736	0.01617	0.01866	0.01493	0.00995	0.00746	0.00249	0.01244	0.00622	0.00498	0.01493
7	0.23532	0.02033	0.02193	0.01899	0.02581	0.02117	0.01509	0.04515	0.11900	0.21709	0.03945	0.10852	0.03168	0.01657	0.01076	0.00382	0.00905	0.01324	0.01116	0.01587
8	0.03291	0.10620	0.08839	0.08421	0.08215	0.02843	0.02439	0.11381	0.03085	0.12943	0.03545	0.03717	0.06972	0.01483	0.01389	0.00364	0.06841	0.01130	0.00855	0.01627
9	0.10090	0.03186	0.02842	0.02382	0.03080	0.13483	0.01889	0.22137	0.08979	0.05466	0.11142	0.03752	0.03545	0.01514	0.01134	0.00348	0.01244	0.01157	0.01025	0.01607
10	0.03162	0.03536	0.12067	0.12654	0.04554	0.13212	0.07253	0.04097	0.07447	0.10089	0.02806	0.03442	0.02179	0.06582	0.01594	0.00432	0.01557	0.01087	0.00748	0.01502
11	0.03247	0.08728	0.09876	0.02235	0.03179	0.02487	0.02056	0.08795	0.12231	0.13807	0.07657	0.03657	0.03128	0.01356	0.01084	0.00323	0.01069	0.01088	0.00987	0.13010
12	0.02611	0.02771	0.12757	0.02964	0.08187	0.02083	0.06989	0.03225	0.02493	0.10103	0.03957	0.09419	0.07696	0.06745	0.01847	0.00441	0.06037	0.01439	0.00794	0.07442
13	0.02368	0.01563	0.02347	0.07052	0.02907	0.01480	0.05491	0.02898	0.02985	0.12483	0.25577	0.12173	0.11587	0.02162	0.01329	0.00383	0.00862	0.01933	0.01134	0.01284
14	0.02659	0.02113	0.02852	0.02495	0.02936	0.02385	0.05805	0.04026	0.18636	0.08828	0.04325	0.18277	0.04031	0.02153	0.01797	0.00434	0.11992	0.01779	0.00997	0.01480
15	0.03488	0.02936	0.10615	0.13872	0.13963	0.02519	0.07011	0.08558	0.03048	0.18006	0.02916	0.03188	0.02040	0.01217	0.01174	0.00365	0.01391	0.01082	0.00861	0.01748
16	0.07463	0.01278	0.01477	0.01498	0.01821	0.01188	0.01095	0.02226	0.02576	0.07840	0.13592	0.27766	0.20229	0.02845	0.01342	0.00414	0.00679	0.02467	0.01108	0.01095

[dist]
# distance from previous block
# <min> <max>
0	3

[block]
# block no. 3 follows, 10 sequences, length 27
# corresponding to MSA columns:
# 143-169
name=unknown_D
#
# <colnr> <probs for GDERKNQSTAVLIFYWHMCP>
#	G	D	E	R	K	N	Q	S	T	A	V	L	I	F	Y	W	H	M	C	P
0	0.08551	0.02092	0.02779	0.02250	0.02914	0.02072	0.06273	0.03426	0.07097	0.08344	0.03098	0.04465	0.02745	0.08428	0.01949	0.00437	0.06773	0.05241	0.00823	0.20243
1	0.02201	0.02588	0.12550	0.02155	0.02817	0.01960	0.01985	0.07403	0.11929	0.04119	0.10790	0.20561	0.09606	0.02285	0.01293	0.00404	0.00973	0.01973	0.01010	0.01398
2	0.02423	0.02602	0.08251	0.07592	0.03904	0.01938	0.07464	0.03107	0.02448	0.03691	0.02104	0.02571	0.01685	0.00930	0.00978	0.00240	0.01150	0.00823	0.00640	0.45459
3	0.48399	0.02354	0.02082	0.01785	0.02538	0.02657	0.01460	0.08591	0.07246	0.09909	0.02335	0.02425	0.01717	0.01197	0.00855	0.00362	0.00950	0.00793	0.00881	0.01461
4	0.03111	0.01811	0.02219	0.01911	0.02489	0.01804	0.01501	0.04418	0.16686	0.19593	0.23407	0.05971	0.06329	0.01857	0.01255	0.00372	0.00792	0.01587	0.01302	0.01585
5	0.02303	0.01751	0.02007	0.01832	0.02286	0.01791	0.01436	0.12168	0.07998	0.04678	0.20157	0.12638	0.15552	0.02402	0.01343	0.00397	0.00810	0.05966	0.01168	0.01317
6	0.04060	0.01670	0.02223	0.01857	0.02507	0.01475	0.01470	0.04469	0.02992	0.36502	0.04870	0.15298	0.03890	0.01887	0.01192	0.00372	0.00870	0.01603	0.09137	0.01656
7	0.03022	0.01727	0.02149	0.01882	0.02401	0.01686	0.01458	0.08175	0.08208	0.18124	0.19837	0.15666	0.06379	0.02168	0.01295	0.00386	0.00810	0.01877	0.01265	0.01485
8	0.04335	0.03007	0.03154	0.02501	0.03329	0.07634	0.02037	0.30716	0.04480	0.16298	0.03119	0.03143	0.02214	0.02055	0.06013	0.00485	0.01459	0.01065	0.01122	0.01835
9	0.01608	0.01093	0.01293	0.01375	0.01395	0.01072	0.00818	0.01670	0.01853	0.02471	0.04495	0.22964	0.05276	0.42344	0.04578	0.00929	0.00991	0.02180	0.00818	0.00777
10	0.04421	0.03258	0.03490	0.02676	0.03607	0.03607	0.02211	0.47993	0.05468	0.07330	0.02792	0.02792	0.01978	0.01396	0.01163	0.00349	0.01280	0.01047	0.01163	0.01978
11	0.02893	0.02889	0.02632	0.02073	0.02971	0.13521	0.01620	0.03644	0.07439	0.03689	0.02279	0.02538	0.01859	0.01010	0.00936	0.00223	0.01144	0.00766	0.00719	0.45156
12	0.09681	0.08344	0.03645	0.03023	0.07994	0.08395	0.06601	0.08764	0.18298	0.08849	0.03157	0.03196	0.02371	0.01294	0.01095	0.00355	0.01259	0.01065	0.00916	0.01697
13	0.42109	0.02766	0.02961	0.03105	0.12492	0.07849	0.06331	0.03601	0.02317	0.04558	0.01820	0.02226	0.01447	0.01073	0.00901	0.00354	0.01217	0.00794	0.00667	0.01413
14	0.09902	0.02461	0.03245	0.13944	0.14650	0.02718	0.02451	0.08443	0.16313	0.09422	0.03133	0.03339	0.02331	0.01295	0.01120	0.00371	0.01183	0.01087	0.00895	0.01699
15	0.01677	0.01185	0.01560	0.01560	0.01660	0.01286	0.01068	0.01878	0.01777	0.02471	0.03398	0.06137	0.03588	0.34703	0.29468	0.01487	0.02091	0.01476	0.00665	0.00866
16	0.01417	0.01012	0.01350	0.01619	0.01687	0.00945	0.01080	0.01619	0.02227	0.02969	0.06410	0.58367	0.07692	0.03644	0.01484	0.00472	0.00675	0.03306	0.01080	0.00945
17	0.02708	0.01815	0.02086	0.01823	0.02327	0.01854	0.01420	0.12869	0.08163	0.09303	0.18922	0.11042	0.10239	0.02067	0.01243	0.00367	0.00801	0.01752	0.07779	0.01418
18	0.02157	0.01836	0.01938	0.01798	0.02311	0.01944	0.01381	0.03966	0.26145	0.04154	0.12303	0.07530	0.23485	0.02208	0.01279	0.00391	0.00750	0.01852	0.01152	0.01421
19	0.01850	0.01345	0.02010	0.01851	0.02109	0.01403	0.05520	0.02243	0.02072	0.03078	0.03627	0.10464	0.03560	0.15758	0.23453	0.01110	0.01836	0.01521	0.14166	0.01024
20	0.02929	0.02831	0.05614	0.10598	0.05697	0.02776	0.33094	0.04076	0.07691	0.08399	0.02781	0.03337	0.02032	0.01109	0.01308	0.00389	0.01710	0.01306	0.00723	0.01603
21	0.02611	0.02490	0.04237	0.26429	0.34671	0.02693	0.03436	0.03335	0.02522	0.03475	0.02140	0.02966	0.01728	0.01086	0.01156	0.00362	0.01448	0.01035	0.00553	0.01626
22	0.10884	0.02274	0.03221	0.02366	0.03362	0.01972	0.10152	0.03667	0.02599	0.13388	0.02554	0.02784	0.01898	0.01022	0.01000	0.00273	0.01098	0.00904	0.00819	0.33765
23	0.10665	0.02763	0.03007	0.02807	0.08226	0.07313	0.02031	0.13554	0.12294	0.20195	0.03451	0.03306	0.02427	0.01356	0.01112	0.00357	0.01167	0.01065	0.01096	0.01807
24	0.03529	0.03259	0.03673	0.04338	0.22583	0.14164	0.02593	0.08235	0.07384	0.08767	0.02610	0.02888	0.02022	0.01176	0.01105	0.00324	0.01400	0.00977	0.00785	0.08188
25	0.09577	0.19248	0.03627	0.02177	0.02850	0.03195	0.01855	0.07989	0.11561	0.08954	0.03094	0.08478	0.02680	0.01592	0.01355	0.00362	0.07823	0.01170	0.00867	0.01546
26	0.27634	0.03356	0.17537	0.02243	0.03266	0.02484	0.02312	0.08106	0.02760	0.10662	0.06948	0.03047	0.02514	0.01286	0.00997	0.00362	0.01163	0.00946	0.00835	0.01542

[dist]
# distance from previous block
# <min> <max>
0	2

[block]
# block no. 4 follows, 10 sequences, length 7
# corresponding to MSA columns:
# 177-183
name=unknown_E
#
# <colnr> <probs for GDERKNQSTAVLIFYWHMCP>
#	G	D	E	R	K	N	Q	S	T	A	V	L	I	F	Y	W	H	M	C	P
0	0.13797	0.09508	0.04434	0.03933	0.14994	0.07041	0.12399	0.08306	0.07138	0.04271	0.02327	0.02721	0.01831	0.01124	0.01079	0.00348	0.01418	0.01001	0.00709	0.01621
1	0.03153	0.16042	0.08891	0.03239	0.11469	0.02748	0.07482	0.03784	0.02636	0.11769	0.02442	0.02709	0.01865	0.01055	0.01015	0.00293	0.01262	0.00905	0.00723	0.16519
2	0.11323	0.15651	0.23694	0.02535	0.03725	0.03013	0.02779	0.04202	0.09988	0.08747	0.02599	0.02709	0.01920	0.01188	0.01000	0.00346	0.01315	0.00884	0.00727	0.01658
3	0.02740	0.02585	0.04195	0.16652	0.36483	0.02743	0.03275	0.03786	0.08710	0.03768	0.02494	0.03114	0.02004	0.01133	0.01158	0.00360	0.01356	0.01072	0.00643	0.01729
4	0.04345	0.05543	0.03296	0.02996	0.03596	0.54457	0.02247	0.04644	0.03296	0.02846	0.01798	0.02097	0.01498	0.01199	0.01049	0.00300	0.02097	0.00749	0.00599	0.01348
5	0.01490	0.01064	0.01433	0.01703	0.01802	0.01007	0.01206	0.01745	0.02298	0.03050	0.06370	0.51169	0.07533	0.03575	0.01504	0.00482	0.00738	0.09786	0.01078	0.00965
6	0.03166	0.02773	0.03858	0.04867	0.28144	0.02957	0.02794	0.12513	0.17515	0.04772	0.03074	0.03308	0.02387	0.01267	0.01163	0.00361	0.01223	0.01123	0.00869	0.01867

[dist]
# distance from previous block
# <min> <max>
5	13

[block]
# block no. 5 follows, 10 sequences, length 46
# corresponding to MSA columns:
# 219-264
name=unknown_F
#
# <colnr> <probs for GDERKNQSTAVLIFYWHMCP>
#	G	D	E	R	K	N	Q	S	T	A	V	L	I	F	Y	W	H	M	C	P
0	0.10537	0.20902	0.08382	0.02670	0.08042	0.03234	0.02202	0.08356	0.08391	0.08166	0.02487	0.02627	0.01927	0.01154	0.00954	0.00312	0.01174	0.00861	0.00771	0.06850
1	0.43892	0.02173	0.01999	0.01640	0.02459	0.02240	0.01341	0.03550	0.02242	0.10248	0.02070	0.02256	0.01560	0.01065	0.00807	0.00313	0.00900	0.00706	0.00794	0.17746
2	0.03736	0.02463	0.03606	0.07823	0.13619	0.02505	0.06492	0.08483	0.12670	0.20808	0.03575	0.03576	0.02521	0.01318	0.01186	0.00368	0.01213	0.01170	0.01037	0.01830
3	0.02600	0.02012	0.03225	0.03845	0.20552	0.01926	0.06282	0.03204	0.02845	0.09001	0.14468	0.05296	0.08996	0.01596	0.01204	0.00352	0.01032	0.01463	0.08610	0.01491
4	0.02045	0.01357	0.01883	0.08189	0.02615	0.01324	0.01415	0.02579	0.03081	0.09044	0.36570	0.12102	0.08731	0.02254	0.01337	0.00378	0.00725	0.01992	0.01185	0.01194
5	0.01752	0.01362	0.02079	0.01962	0.02178	0.01382	0.05917	0.02058	0.02059	0.02798	0.04221	0.17718	0.04614	0.22492	0.16829	0.01048	0.01633	0.06142	0.00788	0.00969
6	0.03865	0.09097	0.16344	0.02789	0.03939	0.02769	0.07112	0.13679	0.03405	0.20897	0.03060	0.03044	0.02085	0.01256	0.01131	0.00352	0.01358	0.01032	0.00963	0.01824
7	0.01838	0.01263	0.01588	0.01587	0.01763	0.01339	0.01178	0.02241	0.02521	0.03812	0.16987	0.22220	0.06414	0.02426	0.01530	0.00388	0.07306	0.02044	0.20487	0.01066
8	0.02367	0.01627	0.02045	0.01791	0.02004	0.01759	0.01285	0.02528	0.01979	0.08531	0.03155	0.05563	0.03235	0.34117	0.04387	0.00806	0.12984	0.01383	0.00749	0.07704
9	0.03040	0.02999	0.06367	0.04565	0.05708	0.02795	0.42178	0.03957	0.02815	0.09553	0.02619	0.03235	0.01897	0.01035	0.01348	0.00388	0.01845	0.01348	0.00690	0.01618
10	0.02689	0.02570	0.04379	0.20779	0.39709	0.02714	0.03475	0.03404	0.02559	0.03570	0.02154	0.02940	0.01761	0.01071	0.01155	0.00357	0.01428	0.01036	0.00559	0.01690
11	0.03177	0.02775	0.04468	0.03429	0.04258	0.02948	0.19604	0.08975	0.16791	0.09144	0.03218	0.03465	0.02392	0.01371	0.01572	0.00399	0.08163	0.01260	0.00896	0.01694
12	0.01681	0.01141	0.01332	0.01312	0.01372	0.01121	0.00792	0.01803	0.02046	0.02789	0.14216	0.07850	0.05724	0.46545	0.04911	0.00959	0.00999	0.01783	0.00832	0.00792
13	0.03396	0.03094	0.02923	0.08974	0.03658	0.14654	0.02059	0.20794	0.03858	0.04808	0.07367	0.12289	0.03548	0.01777	0.01208	0.00364	0.01339	0.01440	0.00950	0.01501
14	0.02894	0.02925	0.04286	0.17575	0.36663	0.08595	0.03344	0.03559	0.02650	0.03508	0.02117	0.02839	0.01738	0.01083	0.01142	0.00350	0.01500	0.01003	0.00565	0.01664
15	0.03685	0.26663	0.10674	0.02508	0.03574	0.03352	0.06274	0.09158	0.03014	0.16568	0.02653	0.02705	0.01933	0.01169	0.01004	0.00317	0.01302	0.00909	0.00828	0.01710
16	0.03194	0.09872	0.22207	0.02904	0.03906	0.08959	0.02995	0.09050	0.02844	0.08245	0.02207	0.02553	0.01678	0.01359	0.01627	0.00374	0.12825	0.00906	0.00675	0.01618
17	0.02040	0.01130	0.01739	0.07741	0.02253	0.01189	0.01262	0.01681	0.01607	0.02128	0.02026	0.03486	0.01967	0.03714	0.04161	0.58691	0.01071	0.01013	0.00506	0.00594
18	0.02387	0.02067	0.02534	0.07925	0.03353	0.01668	0.01588	0.02933	0.02402	0.03697	0.02067	0.02490	0.01703	0.00896	0.00896	0.00197	0.00940	0.00728	0.00669	0.58859
19	0.03301	0.01907	0.02387	0.02084	0.02661	0.01979	0.01644	0.08272	0.12887	0.19828	0.04299	0.10564	0.03519	0.03566	0.14678	0.00761	0.01501	0.01463	0.01111	0.01589
20	0.01492	0.01119	0.01320	0.01390	0.01591	0.01016	0.00958	0.01758	0.02481	0.03234	0.16316	0.25287	0.21857	0.12258	0.02153	0.00533	0.00697	0.02536	0.01057	0.00947
21	0.02883	0.02760	0.05304	0.10442	0.05330	0.02912	0.27647	0.03624	0.02539	0.08348	0.02360	0.03084	0.01798	0.01283	0.01869	0.00414	0.14015	0.01232	0.00648	0.01511
22	0.01764	0.01102	0.01323	0.01323	0.01323	0.01102	0.00772	0.01652	0.01652	0.02203	0.03300	0.06707	0.03739	0.46914	0.05615	0.15546	0.01102	0.01540	0.00660	0.00660
23	0.11655	0.02768	0.02925	0.02378	0.03195	0.03069	0.01929	0.25228	0.18617	0.10962	0.03439	0.03284	0.02473	0.01419	0.01117	0.00366	0.01092	0.01092	0.01144	0.01848
24	0.10210	0.13685	0.07595	0.02551	0.07338	0.02691	0.02084	0.09279	0.03120	0.18478	0.08730	0.03554	0.03109	0.01361	0.01058	0.00337	0.01106	0.01069	0.00975	0.01670
25	0.02999	0.52824	0.05779	0.08578	0.03594	0.04357	0.02140	0.03421	0.02359	0.02765	0.01672	0.02015	0.01500	0.01015	0.00797	0.00266	0.01281	0.00672	0.00500	0.01468
26	0.02872	0.43368	0.20471	0.02395	0.03612	0.04021	0.02696	0.03544	0.02391	0.03026	0.01761	0.02046	0.01487	0.01029	0.00856	0.00285	0.01389	0.00695	0.00496	0.01562
27	0.10314	0.02751	0.03570	0.03064	0.07857	0.02878	0.07502	0.21161	0.08545	0.15790	0.03148	0.03156	0.02219	0.01311	0.01147	0.00362	0.01234	0.01097	0.01060	0.01833
28	0.02815	0.01746	0.02055	0.01840	0.02363	0.01722	0.01417	0.07985	0.10765	0.14925	0.10490	0.17449	0.14945	0.02330	0.01300	0.00396	0.00816	0.01992	0.01203	0.01446
29	0.04166	0.01711	0.02239	0.01804	0.02449	0.01525	0.01407	0.04524	0.02887	0.37207	0.04313	0.04802	0.03187	0.14221	0.02191	0.00522	0.00980	0.01278	0.06970	0.01617
30	0.02707	0.01566	0.01976	0.01807	0.02221	0.01558	0.01411	0.08020	0.02962	0.13354	0.12053	0.11605	0.05177	0.08189	0.08154	0.00636	0.01155	0.06676	0.07470	0.01303
31	0.02276	0.02165	0.03323	0.27674	0.05239	0.02852	0.02731	0.02792	0.02045	0.02867	0.01971	0.03049	0.01705	0.02441	0.08730	0.00617	0.24693	0.01053	0.00526	0.01253
32	0.02801	0.01717	0.02741	0.02205	0.02783	0.01600	0.11040	0.03383	0.02773	0.14372	0.09569	0.09948	0.04125	0.01645	0.01142	0.00347	0.00953	0.01508	0.23982	0.01365
33	0.01646	0.01189	0.01555	0.01463	0.01738	0.01097	0.01097	0.02195	0.03292	0.04664	0.51257	0.08688	0.10974	0.02378	0.01372	0.00366	0.00549	0.02103	0.01280	0.01097
34	0.03294	0.02698	0.02856	0.02448	0.03177	0.03080	0.01938	0.17154	0.38143	0.05512	0.04224	0.03933	0.03138	0.01530	0.01178	0.00383	0.01015	0.01245	0.01178	0.01877
35	0.04354	0.05266	0.03319	0.02957	0.03597	0.48292	0.02243	0.09899	0.03559	0.03390	0.01918	0.02182	0.01556	0.01222	0.01063	0.00306	0.01998	0.00785	0.00668	0.01425
36	0.03361	0.03971	0.26110	0.02714	0.03941	0.02433	0.02941	0.04859	0.13219	0.19304	0.03458	0.03344	0.02374	0.01315	0.01143	0.00371	0.01313	0.01058	0.00942	0.01828
37	0.01944	0.01267	0.01577	0.01453	0.01822	0.01131	0.01106	0.02419	0.03134	0.09208	0.36500	0.08835	0.20349	0.02425	0.01352	0.00372	0.00604	0.02096	0.01246	0.01159
38	0.02941	0.03271	0.04344	0.03509	0.03921	0.13191	0.13874	0.03388	0.02316	0.03042	0.01787	0.02608	0.01581	0.01608	0.02667	0.00439	0.32547	0.01056	0.00546	0.01362
39	0.01562	0.01167	0.01334	0.01303	0.01537	0.01065	0.00903	0.01855	0.02581	0.03394	0.22790	0.09261	0.23420	0.19668	0.02742	0.00605	0.00737	0.02105	0.01035	0.00938
40	0.01617	0.01223	0.01697	0.01697	0.01914	0.01344	0.01286	0.01972	0.01980	0.02728	0.04588	0.05954	0.10976	0.12754	0.41018	0.01554	0.02505	0.01488	0.00706	0.00996
41	0.17321	0.20452	0.03662	0.10890	0.03601	0.09058	0.01954	0.07425	0.02596	0.03712	0.02022	0.02752	0.01766	0.06842	0.01392	0.00398	0.01306	0.00850	0.00643	0.01358
42	0.03054	0.02224	0.02880	0.08993	0.08525	0.02142	0.01992	0.04258	0.13712	0.12772	0.03161	0.03274	0.02352	0.01188	0.01058	0.00302	0.01034	0.00999	0.00908	0.25173
43	0.03653	0.08354	0.12946	0.02617	0.03577	0.08758	0.02461	0.14600	0.03345	0.12737	0.02557	0.02710	0.01871	0.01303	0.01342	0.00339	0.06962	0.00925	0.00850	0.08091
44	0.03271	0.34504	0.08933	0.02766	0.07556	0.08952	0.02373	0.03738	0.02513	0.07089	0.01962	0.02268	0.01642	0.01168	0.01180	0.00307	0.06864	0.00775	0.00594	0.01546
45	0.26993	0.01560	0.01438	0.01369	0.01646	0.01699	0.00919	0.02357	0.01802	0.03397	0.02876	0.05406	0.03084	0.36755	0.03916	0.00832	0.01040	0.01282	0.00711	0.00919

[dist]
# distance from previous block
# <min> <max>
1	9

[block]
# block no. 6 follows, 10 sequences, length 20
# corresponding to MSA columns:
# 274-293
name=unknown_G
#
# <colnr> <probs for GDERKNQSTAVLIFYWHMCP>
#	G	D	E	R	K	N	Q	S	T	A	V	L	I	F	Y	W	H	M	C	P
0	0.23045	0.08067	0.06631	0.02217	0.03114	0.03054	0.01963	0.18252	0.08611	0.10434	0.02682	0.02704	0.01948	0.01268	0.00990	0.00351	0.01124	0.00911	0.00951	0.01683
1	0.02977	0.02256	0.03265	0.07705	0.07087	0.02410	0.06754	0.12537	0.03391	0.10047	0.17318	0.04743	0.04671	0.01678	0.01542	0.00381	0.07315	0.01408	0.00996	0.01520
2	0.02523	0.01993	0.02656	0.02336	0.02656	0.02367	0.01873	0.03191	0.07427	0.08026	0.03109	0.09379	0.02869	0.03392	0.13408	0.00730	0.21907	0.01329	0.00781	0.08049
3	0.02815	0.01976	0.02988	0.14405	0.12930	0.02128	0.02260	0.03329	0.02638	0.13268	0.11748	0.04663	0.03879	0.07519	0.01990	0.00460	0.07373	0.01324	0.00871	0.01435
4	0.02407	0.02283	0.03870	0.41115	0.21577	0.02639	0.03335	0.03156	0.02425	0.03228	0.02104	0.03032	0.01641	0.01124	0.01159	0.00375	0.01498	0.01034	0.00535	0.01462
5	0.01495	0.01077	0.01452	0.01612	0.01741	0.01034	0.01124	0.01798	0.02425	0.03318	0.16056	0.41423	0.07903	0.03915	0.07237	0.00601	0.00913	0.02813	0.01075	0.00989
6	0.02767	0.02143	0.03034	0.28561	0.05410	0.02387	0.02490	0.07666	0.08042	0.08604	0.03086	0.04217	0.02475	0.01428	0.01176	0.00373	0.01276	0.05332	0.00816	0.08717
7	0.01508	0.01168	0.01373	0.01354	0.01661	0.01033	0.01003	0.01915	0.02917	0.03851	0.30094	0.14330	0.28129	0.02739	0.01383	0.00387	0.00578	0.02365	0.01175	0.01033
8	0.02642	0.02863	0.09223	0.04677	0.28197	0.02300	0.02826	0.03341	0.02538	0.03783	0.02131	0.02656	0.01756	0.00978	0.01037	0.00283	0.01223	0.00886	0.00609	0.26050
9	0.43164	0.02543	0.02765	0.02249	0.02980	0.02908	0.06698	0.10682	0.02615	0.05147	0.01883	0.02243	0.01461	0.01219	0.01186	0.00377	0.06890	0.00821	0.00756	0.01413
10	0.01593	0.01170	0.01493	0.01447	0.01714	0.01070	0.01072	0.02080	0.03116	0.04328	0.42458	0.13843	0.15154	0.02565	0.01383	0.00379	0.00566	0.02261	0.01238	0.01070
11	0.11734	0.02336	0.02752	0.02169	0.03032	0.02336	0.01780	0.14581	0.08273	0.32857	0.03886	0.03515	0.02572	0.01404	0.01120	0.00361	0.01035	0.01098	0.01274	0.01885
12	0.28707	0.02215	0.02363	0.02398	0.07905	0.02412	0.01675	0.12636	0.03047	0.05180	0.10579	0.09459	0.03769	0.01635	0.01053	0.00369	0.00953	0.01297	0.00930	0.01418
13	0.02736	0.01477	0.01893	0.01725	0.02015	0.01495	0.01260	0.02988	0.02343	0.16437	0.04289	0.16444	0.04174	0.19361	0.02904	0.00621	0.06716	0.01753	0.08166	0.01204
14	0.03925	0.02413	0.03629	0.09959	0.22077	0.02393	0.02629	0.08803	0.03176	0.24251	0.03227	0.03340	0.02252	0.01253	0.01161	0.00356	0.01228	0.01092	0.00985	0.01852
15	0.01560	0.01208	0.01461	0.01483	0.01785	0.01051	0.01064	0.01888	0.02563	0.03429	0.15880	0.30073	0.19327	0.02906	0.01364	0.00397	0.00649	0.02558	0.01074	0.08278
16	0.03966	0.02925	0.03269	0.08524	0.03892	0.03261	0.02196	0.38806	0.04839	0.06568	0.02803	0.02969	0.02022	0.01366	0.01131	0.00346	0.01242	0.01049	0.07005	0.01819
17	0.02365	0.02031	0.02457	0.01889	0.02745	0.01710	0.01538	0.02860	0.02383	0.03666	0.02464	0.03590	0.02246	0.01224	0.01210	0.00242	0.05974	0.05442	0.00714	0.53246
18	0.20746	0.02613	0.02434	0.02029	0.02721	0.07583	0.01631	0.17477	0.03531	0.10221	0.08070	0.03427	0.02942	0.01401	0.01019	0.00341	0.01066	0.01040	0.08181	0.01527
19	0.10222	0.03147	0.13024	0.02914	0.08402	0.02583	0.02461	0.07865	0.07344	0.09123	0.02553	0.02803	0.01929	0.01260	0.01342	0.00344	0.07380	0.00931	0.00787	0.13585

[dist]
# distance from previous block
# <min> <max>
0	15

[block]
# block no. 7 follows, 10 sequences, length 25
# corresponding to MSA columns:
# 309-333
name=unknown_H
#
# <colnr> <probs for GDERKNQSTAVLIFYWHMCP>
#	G	D	E	R	K	N	Q	S	T	A	V	L	I	F	Y	W	H	M	C	P
0	0.08981	0.02054	0.02830	0.09131	0.12902	0.02348	0.02176	0.03142	0.08512	0.03591	0.03569	0.19025	0.03620	0.02045	0.01644	0.00422	0.10155	0.01686	0.00800	0.01368
1	0.02976	0.02236	0.02584	0.01932	0.02901	0.01937	0.01554	0.08564	0.07846	0.09344	0.02690	0.02817	0.02063	0.01056	0.00961	0.00235	0.00927	0.00845	0.00871	0.45660
2	0.01994	0.01649	0.02266	0.09556	0.08086	0.01751	0.01775	0.02970	0.11544	0.03696	0.12383	0.26772	0.06006	0.02439	0.01331	0.00415	0.00892	0.02189	0.01005	0.01282
3	0.01514	0.01110	0.01383	0.01461	0.01645	0.01020	0.01018	0.01829	0.02605	0.03503	0.22209	0.28983	0.15599	0.08423	0.01854	0.00486	0.00662	0.02605	0.01112	0.00979
4	0.10789	0.01929	0.02495	0.01960	0.02782	0.01736	0.01608	0.05121	0.03197	0.43554	0.08782	0.04215	0.03501	0.01495	0.01146	0.00360	0.00939	0.01208	0.01356	0.01826
5	0.04345	0.01994	0.02506	0.01980	0.02742	0.01878	0.01614	0.11848	0.03557	0.34317	0.08633	0.04269	0.03516	0.01511	0.01141	0.00347	0.00936	0.01227	0.09864	0.01777
6	0.01682	0.01165	0.01460	0.01460	0.01527	0.01232	0.00944	0.01815	0.01748	0.02397	0.03489	0.06639	0.03806	0.43019	0.21450	0.01365	0.01763	0.01549	0.00679	0.00811
7	0.02234	0.01290	0.01635	0.01507	0.01877	0.01170	0.01144	0.02708	0.03048	0.12149	0.30615	0.12123	0.12807	0.02291	0.01291	0.00367	0.00635	0.01989	0.07906	0.01214
8	0.02412	0.02067	0.02412	0.01723	0.02756	0.01550	0.01378	0.02929	0.02412	0.03790	0.02067	0.02412	0.01723	0.00861	0.00861	0.00172	0.00861	0.00689	0.00689	0.66236
9	0.02424	0.05442	0.44869	0.03160	0.04706	0.02732	0.03897	0.04090	0.10171	0.03876	0.02519	0.02763	0.01812	0.01182	0.01118	0.00373	0.01589	0.00934	0.00604	0.01739
10	0.10340	0.02610	0.02520	0.02159	0.02798	0.10616	0.01731	0.12683	0.03541	0.15142	0.13909	0.05125	0.04455	0.01731	0.01188	0.00366	0.01130	0.05338	0.01101	0.01519
11	0.02857	0.02824	0.05070	0.06774	0.44403	0.02792	0.10758	0.03595	0.02664	0.03788	0.02215	0.02921	0.01830	0.01027	0.01187	0.00353	0.01476	0.01091	0.00578	0.01798
12	0.50212	0.02439	0.02388	0.02565	0.10484	0.02739	0.01736	0.08131	0.02455	0.05209	0.01835	0.02146	0.01430	0.01106	0.00837	0.00356	0.01018	0.00740	0.00743	0.01430
13	0.03970	0.02590	0.03872	0.02902	0.03834	0.02534	0.13680	0.17600	0.03761	0.21552	0.04150	0.04081	0.06936	0.01451	0.01240	0.00368	0.01291	0.01307	0.01101	0.01778
14	0.02412	0.02067	0.02412	0.01723	0.02756	0.01550	0.01378	0.02929	0.02412	0.03790	0.02067	0.02412	0.01723	0.00861	0.00861	0.00172	0.00861	0.00689	0.00689	0.66236
15	0.42919	0.02143	0.02098	0.01742	0.02532	0.02255	0.01436	0.04303	0.02510	0.23875	0.02787	0.02703	0.01896	0.01221	0.00897	0.00360	0.00935	0.00842	0.01003	0.01543
16	0.09141	0.02627	0.03053	0.02998	0.10852	0.02845	0.02022	0.26792	0.03883	0.05470	0.02779	0.03769	0.02379	0.13798	0.02151	0.00518	0.01230	0.01148	0.00929	0.01617
17	0.02309	0.01341	0.01735	0.01549	0.01958	0.01203	0.01192	0.02810	0.03228	0.13808	0.37816	0.08049	0.13898	0.02259	0.01333	0.00368	0.00639	0.01961	0.01289	0.01256
18	0.29108	0.02325	0.02685	0.19498	0.04414	0.02664	0.02102	0.10793	0.02810	0.10112	0.02286	0.02658	0.01651	0.01198	0.00985	0.00367	0.01182	0.00888	0.00806	0.01467
19	0.01423	0.01101	0.01299	0.01417	0.01643	0.00976	0.00999	0.01701	0.02518	0.03221	0.13407	0.33261	0.26440	0.03216	0.01426	0.00428	0.00625	0.02821	0.01101	0.00976
20	0.01699	0.01221	0.01832	0.01832	0.02018	0.01407	0.01407	0.02018	0.01832	0.02628	0.03000	0.04460	0.02814	0.08230	0.49262	0.08631	0.02894	0.01221	0.00611	0.00982
21	0.09415	0.31110	0.15797	0.02325	0.03443	0.03620	0.02443	0.08310	0.02753	0.08079	0.02108	0.02283	0.01638	0.01109	0.00906	0.00307	0.01300	0.00769	0.00669	0.01615
22	0.01981	0.01200	0.01637	0.01627	0.01862	0.01141	0.01185	0.02281	0.02603	0.08571	0.21276	0.23385	0.07227	0.03574	0.07631	0.07514	0.00969	0.02188	0.01076	0.01070
23	0.03407	0.03436	0.12490	0.02414	0.03493	0.07802	0.02253	0.13383	0.03297	0.10904	0.02533	0.02674	0.01860	0.01136	0.01034	0.00286	0.01263	0.00869	0.00844	0.24621
24	0.15985	0.08153	0.03994	0.02751	0.03712	0.02927	0.12652	0.15241	0.03296	0.10303	0.02473	0.02701	0.01816	0.01147	0.01057	0.00335	0.01289	0.00980	0.00859	0.08329

[dist]
# distance from previous block
# <min> <max>
0	6

[block]
# block no. 8 follows, 10 sequences, length 57
# corresponding to MSA columns:
# 350-405,409
name=unknown_I
#
# <colnr> <probs for GDERKNQSTAVLIFYWHMCP>
#	G	D	E	R	K	N	Q	S	T	A	V	L	I	F	Y	W	H	M	C	P
0	0.21662	0.01615	0.01717	0.01624	0.01956	0.01778	0.01232	0.02455	0.02375	0.04040	0.16937	0.13099	0.08821	0.08173	0.01916	0.00476	0.06403	0.01698	0.00929	0.01093
1	0.03383	0.13916	0.10611	0.02307	0.03276	0.02907	0.02175	0.17708	0.03611	0.10344	0.09458	0.03497	0.03164	0.01372	0.01077	0.00320	0.01161	0.01069	0.00944	0.07702
2	0.03256	0.10920	0.24283	0.03484	0.10892	0.10319	0.03197	0.08427	0.02975	0.08268	0.02304	0.02567	0.01709	0.01156	0.01075	0.00339	0.01561	0.00889	0.00673	0.01707
3	0.10086	0.02230	0.02992	0.02187	0.03191	0.01883	0.07945	0.03386	0.02507	0.09115	0.02324	0.02619	0.01799	0.00964	0.00950	0.00244	0.01035	0.00830	0.00758	0.42955
4	0.03334	0.03735	0.16016	0.03105	0.04166	0.08428	0.11328	0.04817	0.14873	0.13264	0.03261	0.03316	0.02332	0.01276	0.01183	0.00370	0.01465	0.01122	0.00880	0.01729
5	0.02727	0.02057	0.02444	0.01762	0.02780	0.01568	0.01415	0.03237	0.02515	0.09288	0.02351	0.02586	0.01853	0.00926	0.00896	0.00193	0.00876	0.00743	0.00773	0.59009
6	0.01696	0.01358	0.01863	0.02250	0.08779	0.01264	0.01396	0.02111	0.02756	0.03726	0.22912	0.22768	0.17371	0.02675	0.01374	0.00399	0.00712	0.02375	0.01080	0.01134
7	0.03402	0.01533	0.01988	0.01666	0.02229	0.01377	0.01322	0.03904	0.03136	0.26774	0.20054	0.05619	0.05610	0.01736	0.01165	0.00344	0.00751	0.01465	0.14423	0.01502
8	0.02332	0.02332	0.04323	0.43615	0.07533	0.02672	0.14212	0.03158	0.02429	0.03158	0.02138	0.03110	0.01603	0.01118	0.01215	0.00389	0.01652	0.01117	0.00534	0.01360
9	0.02810	0.02693	0.04597	0.12096	0.47451	0.02745	0.03535	0.03509	0.02616	0.03716	0.02176	0.02901	0.01813	0.01049	0.01153	0.00350	0.01399	0.01036	0.00570	0.01787
10	0.04413	0.03516	0.03468	0.02712	0.03605	0.09347	0.02215	0.43099	0.05223	0.06824	0.02680	0.02714	0.01924	0.01374	0.01151	0.00343	0.01372	0.01013	0.01100	0.01907
11	0.01647	0.01135	0.01256	0.01256	0.01311	0.01107	0.00730	0.01688	0.01827	0.02381	0.04813	0.08118	0.10901	0.51179	0.05277	0.01024	0.01051	0.01799	0.00758	0.00744
12	0.01689	0.01138	0.01323	0.01323	0.01342	0.01157	0.00772	0.01726	0.01707	0.02295	0.03615	0.07336	0.04109	0.54572	0.10311	0.01195	0.01307	0.01651	0.00697	0.00735
13	0.02196	0.02067	0.03488	0.56331	0.08010	0.02584	0.03230	0.02972	0.02326	0.02972	0.02067	0.03101	0.01550	0.01163	0.01163	0.00388	0.01550	0.01034	0.00517	0.01292
14	0.02995	0.01896	0.02238	0.01887	0.02468	0.01898	0.01494	0.12630	0.08340	0.14239	0.23248	0.06415	0.11376	0.01980	0.01272	0.00367	0.00825	0.01668	0.01254	0.01509
15	0.03610	0.04046	0.04417	0.03508	0.04347	0.24122	0.17387	0.09431	0.09994	0.03933	0.02515	0.02844	0.01934	0.01202	0.01189	0.00350	0.01792	0.01072	0.00742	0.01563
16	0.15803	0.11816	0.21278	0.02472	0.03650	0.02865	0.02653	0.08985	0.02857	0.13622	0.02488	0.02588	0.01760	0.01181	0.00999	0.00346	0.01304	0.00862	0.00793	0.01677
17	0.03385	0.01581	0.02071	0.01724	0.02327	0.01385	0.01372	0.03848	0.03220	0.28332	0.22459	0.06690	0.12665	0.01991	0.01272	0.00367	0.00774	0.01689	0.01331	0.01520
18	0.02809	0.25802	0.10946	0.08434	0.09175	0.03526	0.16831	0.03542	0.02516	0.03267	0.01992	0.02533	0.01614	0.01021	0.01056	0.00328	0.01560	0.00959	0.00534	0.01555
19	0.01528	0.01086	0.01446	0.01649	0.01742	0.01064	0.01146	0.01757	0.02158	0.02891	0.05648	0.40954	0.06596	0.11986	0.07735	0.00719	0.01037	0.06949	0.00977	0.00933
20	0.01896	0.01965	0.07631	0.10282	0.08750	0.01660	0.02192	0.02435	0.02419	0.03259	0.04804	0.27720	0.05272	0.02629	0.01390	0.00450	0.01082	0.12079	0.00879	0.01206
21	0.02020	0.01010	0.01515	0.01515	0.01515	0.01010	0.01010	0.01515	0.01515	0.02020	0.02020	0.03535	0.02020	0.04040	0.04545	0.66162	0.01010	0.01010	0.00505	0.00505
22	0.04703	0.03638	0.03107	0.02562	0.03354	0.22421	0.02029	0.14813	0.03798	0.23295	0.03111	0.02980	0.02145	0.01337	0.01122	0.00334	0.01481	0.00980	0.01054	0.01736
23	0.03691	0.02506	0.03053	0.02648	0.08006	0.02373	0.01937	0.18197	0.03618	0.15040	0.02836	0.02902	0.02056	0.01172	0.01052	0.00286	0.01076	0.00939	0.00987	0.25624
24	0.03108	0.31382	0.04759	0.07714	0.08457	0.03791	0.02261	0.08983	0.11781	0.03790	0.02443	0.02659	0.01980	0.01171	0.00956	0.00311	0.01229	0.00882	0.00713	0.01630
25	0.67341	0.02249	0.01709	0.01529	0.02249	0.02609	0.01260	0.03419	0.01979	0.05218	0.01619	0.01889	0.01260	0.01080	0.00720	0.00360	0.00900	0.00630	0.00720	0.01260
26	0.04013	0.02936	0.03132	0.02465	0.03294	0.03250	0.02016	0.38667	0.09591	0.06743	0.03101	0.03122	0.02250	0.01410	0.01126	0.00345	0.01160	0.01078	0.08438	0.01863
27	0.05218	0.01979	0.02699	0.02069	0.02969	0.01709	0.01709	0.05668	0.03329	0.52677	0.04588	0.03959	0.02879	0.01439	0.01170	0.00360	0.00990	0.01170	0.01439	0.01979
28	0.01646	0.01141	0.01467	0.01461	0.01691	0.01064	0.01067	0.02120	0.02986	0.04272	0.37278	0.18877	0.09531	0.02553	0.01344	0.00380	0.00575	0.02265	0.07220	0.01064
29	0.01417	0.01012	0.01350	0.01619	0.01687	0.00945	0.01080	0.01619	0.02227	0.02969	0.06410	0.58367	0.07692	0.03644	0.01484	0.00472	0.00675	0.03306	0.01080	0.00945
30	0.02626	0.01425	0.01756	0.01536	0.02047	0.01238	0.01200	0.03046	0.03053	0.18667	0.21669	0.08227	0.24283	0.02314	0.01311	0.00375	0.00699	0.01956	0.01251	0.01320
31	0.01495	0.01044	0.01295	0.01497	0.01633	0.00966	0.01022	0.01749	0.02311	0.03147	0.06876	0.45617	0.13345	0.03288	0.01393	0.00438	0.00648	0.02936	0.08334	0.00966
32	0.27133	0.02295	0.02402	0.01988	0.02779	0.02437	0.01619	0.08891	0.11917	0.22181	0.03377	0.03176	0.02339	0.01332	0.01009	0.00365	0.00971	0.00991	0.01105	0.01693
33	0.03742	0.02371	0.02773	0.02246	0.02928	0.02530	0.01802	0.25307	0.03915	0.15086	0.03311	0.03878	0.02578	0.08705	0.12606	0.00742	0.01583	0.01178	0.01062	0.01657
34	0.04161	0.02703	0.02988	0.02355	0.03178	0.02903	0.01924	0.30941	0.09182	0.15062	0.03429	0.03335	0.02414	0.01418	0.01127	0.00347	0.01108	0.01101	0.08461	0.01864
35	0.02829	0.40394	0.23069	0.02468	0.03725	0.03916	0.02823	0.03555	0.02397	0.03078	0.01787	0.02079	0.01486	0.01035	0.00876	0.00292	0.01415	0.00708	0.00495	0.01574
36	0.01756	0.01290	0.01586	0.01533	0.01771	0.01268	0.01094	0.02438	0.07554	0.04039	0.32619	0.13298	0.08574	0.13406	0.02244	0.00527	0.00711	0.02071	0.01138	0.01080
37	0.03109	0.59826	0.06095	0.01990	0.02985	0.04602	0.01990	0.03483	0.02363	0.02736	0.01617	0.01866	0.01493	0.00995	0.00746	0.00249	0.01244	0.00622	0.00498	0.01493
38	0.04387	0.01809	0.02468	0.02019	0.02766	0.01596	0.01671	0.04859	0.03233	0.40899	0.09495	0.05729	0.04231	0.01785	0.01252	0.00385	0.00957	0.07328	0.01371	0.01762
39	0.03065	0.02584	0.02727	0.02402	0.03090	0.02973	0.01882	0.10883	0.44787	0.05142	0.04515	0.04165	0.03373	0.01557	0.01181	0.00389	0.00961	0.01285	0.01181	0.01856
40	0.04345	0.05543	0.03296	0.02996	0.03596	0.54457	0.02247	0.04644	0.03296	0.02846	0.01798	0.02097	0.01498	0.01199	0.01049	0.00300	0.02097	0.00749	0.00599	0.01348
41	0.02721	0.02929	0.05959	0.10915	0.17974	0.02858	0.31694	0.03606	0.02676	0.03665	0.02281	0.03067	0.01762	0.01014	0.01294	0.00380	0.01770	0.01251	0.00577	0.01609
42	0.04404	0.03757	0.03448	0.02746	0.03604	0.14706	0.02219	0.38531	0.04994	0.06351	0.02575	0.02641	0.01873	0.01353	0.01138	0.00338	0.01458	0.00982	0.01040	0.01840
43	0.01661	0.01246	0.01869	0.01869	0.02077	0.01454	0.01454	0.02077	0.01869	0.02700	0.03115	0.04569	0.02908	0.08723	0.54517	0.01869	0.03115	0.01246	0.00623	0.01038
44	0.01666	0.01229	0.01784	0.01784	0.01963	0.01408	0.01348	0.02022	0.01844	0.02637	0.03193	0.04999	0.03094	0.15852	0.47643	0.01764	0.02834	0.01309	0.00635	0.00991
45	0.67341	0.02249	0.01709	0.01529	0.02249	0.02609	0.01260	0.03419	0.01979	0.05218	0.01619	0.01889	0.01260	0.01080	0.00720	0.00360	0.00900	0.00630	0.00720	0.01260
46	0.02333	0.06016	0.53100	0.03315	0.05034	0.02701	0.04297	0.03683	0.02455	0.03683	0.02087	0.02455	0.01473	0.01105	0.01105	0.00368	0.01719	0.00859	0.00491	0.01719
47	0.03371	0.03090	0.05046	0.03740	0.04754	0.03175	0.24760	0.20059	0.10380	0.05188	0.02848	0.03183	0.02094	0.01215	0.01270	0.00377	0.01568	0.01247	0.00880	0.01755
48	0.03321	0.03025	0.03731	0.04714	0.27292	0.10020	0.02692	0.13295	0.03326	0.04512	0.02494	0.02957	0.01986	0.01183	0.01091	0.00329	0.01341	0.01005	0.09993	0.01694
49	0.01417	0.01012	0.01350	0.01619	0.01687	0.00945	0.01080	0.01619	0.02227	0.02969	0.06410	0.58367	0.07692	0.03644	0.01484	0.00472	0.00675	0.03306	0.01080	0.00945
50	0.02456	0.02433	0.02949	0.02618	0.02721	0.08005	0.02098	0.02721	0.01942	0.02726	0.02103	0.03447	0.02090	0.09351	0.14065	0.00830	0.34602	0.01108	0.00562	0.01172
51	0.01674	0.01196	0.01616	0.01616	0.01736	0.01316	0.01138	0.01914	0.01794	0.02512	0.03347	0.05851	0.03464	0.29969	0.34032	0.01557	0.02277	0.01434	0.00657	0.00898
52	0.02055	0.01220	0.01655	0.01797	0.02026	0.01139	0.01342	0.02365	0.02481	0.10112	0.06097	0.40775	0.06793	0.03238	0.01467	0.00470	0.00806	0.11913	0.01129	0.01119
53	0.03251	0.02347	0.03435	0.16774	0.16724	0.02355	0.02547	0.08201	0.02945	0.13883	0.02683	0.03054	0.01971	0.01152	0.01103	0.00326	0.01233	0.00997	0.00818	0.14202
54	0.04543	0.02140	0.02706	0.02113	0.02931	0.02027	0.01730	0.14203	0.03780	0.36214	0.10807	0.04379	0.03832	0.01563	0.01197	0.00358	0.00989	0.01276	0.01358	0.01854
55	0.03249	0.53698	0.05779	0.02104	0.03054	0.10230	0.02019	0.03614	0.02468	0.02749	0.01637	0.01892	0.01493	0.01018	0.00780	0.00254	0.01340	0.00636	0.00509	0.01476
56	0.54784	0.02214	0.01845	0.01567	0.02347	0.02404	0.01282	0.03324	0.02063	0.04942	0.01706	0.01990	0.01349	0.01037	0.00747	0.00324	0.00892	0.00641	0.00714	0.13826

[dist]
# distance from previous block
# <min> <max>
0	3

[block]
# block no. 9 follows, 10 sequences, length 8
# corresponding to MSA columns:
# 413-420
name=unknown_J
#
# <colnr> <probs for GDERKNQSTAVLIFYWHMCP>
#	G	D	E	R	K	N	Q	S	T	A	V	L	I	F	Y	W	H	M	C	P
