[name]
unknown

[dist]
# distance from previous block
# <min> <max>
0	70

[block]
# block no. 0 follows, 12 sequences, length 16
# corresponding to MSA columns:
# 71-86
name=unknown_A
#
# <colnr> <probs for GDERKNQSTAVLIFYWHMCP>
#	G	D	E	R	K	N	Q	S	T	A	V	L	I	F	Y	W	H	M	C	P
0	0.07131	0.11379	0.17727	0.07118	0.08091	0.02603	0.02621	0.09344	0.02711	0.06925	0.02752	0.04108	0.02383	0.01411	0.01065	0.00353	0.01262	0.08831	0.00711	0.01474
1	0.02573	0.26531	0.08300	0.02484	0.09505	0.02833	0.02006	0.03088	0.02274	0.03150	0.01785	0.02115	0.01524	0.00897	0.00818	0.00226	0.01079	0.00675	0.00545	0.27592
2	0.09537	0.27806	0.08139	0.02317	0.03084	0.07781	0.04650	0.03479	0.02279	0.08504	0.01878	0.02189	0.01533	0.01174	0.01311	0.00315	0.11266	0.00765	0.00593	0.01399
3	0.02024	0.01399	0.01546	0.01415	0.01565	0.01455	0.00902	0.10090	0.02192	0.02929	0.03295	0.06362	0.03603	0.51341	0.04786	0.00932	0.01082	0.01482	0.00734	0.00865
4	0.03758	0.19927	0.04083	0.02518	0.03340	0.18013	0.06708	0.12547	0.03167	0.12546	0.02304	0.02417	0.01730	0.01122	0.00973	0.00294	0.01416	0.00844	0.00764	0.01529
5	0.03015	0.01921	0.02325	0.01753	0.02590	0.01625	0.01413	0.08034	0.02862	0.17076	0.09268	0.03410	0.03016	0.01174	0.00969	0.00245	0.00839	0.00961	0.00937	0.36569
6	0.14274	0.24367	0.06155	0.01784	0.02497	0.02719	0.01626	0.03315	0.04691	0.10474	0.06047	0.02866	0.02366	0.01543	0.01344	0.10068	0.01007	0.00854	0.00710	0.01291
7	0.07632	0.02657	0.13499	0.02308	0.03127	0.02033	0.06754	0.03853	0.12320	0.13152	0.16290	0.04411	0.04286	0.01469	0.01122	0.00350	0.01032	0.01269	0.00955	0.01481
8	0.01742	0.01245	0.01735	0.01711	0.01926	0.01421	0.01309	0.02291	0.06732	0.02740	0.02976	0.04126	0.02683	0.06550	0.41706	0.10001	0.02323	0.01137	0.04660	0.00986
9	0.01485	0.01085	0.01394	0.01374	0.01607	0.00995	0.01009	0.01923	0.02864	0.03978	0.42322	0.17393	0.13549	0.02478	0.01304	0.00362	0.00538	0.02193	0.01152	0.00995
10	0.03051	0.13081	0.17489	0.02293	0.03247	0.02561	0.02303	0.07595	0.11323	0.15082	0.03265	0.08566	0.02609	0.01416	0.01044	0.00337	0.01133	0.01142	0.00868	0.01596
11	0.02873	0.26910	0.20530	0.02407	0.03500	0.03396	0.02556	0.11863	0.09198	0.03833	0.02214	0.02365	0.01717	0.01099	0.00923	0.00302	0.01272	0.00803	0.00653	0.01585
12	0.01722	0.01460	0.02323	0.02164	0.02506	0.01409	0.09752	0.02302	0.05673	0.03138	0.05592	0.32973	0.09448	0.02723	0.01371	0.00432	0.00927	0.12076	0.00938	0.01070
13	0.08117	0.02487	0.03888	0.17897	0.08599	0.02798	0.13488	0.10616	0.06566	0.03915	0.02205	0.02786	0.01700	0.01204	0.01419	0.00369	0.08812	0.01031	0.00659	0.01442
14	0.02566	0.02386	0.07212	0.21194	0.04527	0.02335	0.04999	0.12464	0.06726	0.04094	0.02557	0.03036	0.01925	0.01155	0.01018	0.00320	0.01176	0.00977	0.12184	0.07149
15	0.01628	0.01221	0.01711	0.08802	0.02353	0.01341	0.01288	0.01955	0.01981	0.02743	0.11764	0.05702	0.04264	0.23756	0.23643	0.01107	0.01712	0.01417	0.00702	0.00911

[dist]
# distance from previous block
# <min> <max>
3	11

[block]
# block no. 1 follows, 12 sequences, length 96
# corresponding to MSA columns:
# 98-193
name=unknown_B
#
# <colnr> <probs for GDERKNQSTAVLIFYWHMCP>
#	G	D	E	R	K	N	Q	S	T	A	V	L	I	F	Y	W	H	M	C	P
0	0.03006	0.22759	0.18101	0.02548	0.03488	0.10678	0.02572	0.11005	0.02751	0.03507	0.01821	0.02142	0.01471	0.01166	0.01244	0.00314	0.08597	0.00767	0.00578	0.01485
1	0.11296	0.06630	0.03044	0.08502	0.07895	0.02399	0.01967	0.12962	0.03127	0.26864	0.03026	0.02974	0.02060	0.01213	0.01017	0.00329	0.01075	0.00957	0.00998	0.01667
2	0.01892	0.01660	0.02393	0.02201	0.02317	0.02161	0.01776	0.02220	0.01719	0.02569	0.02319	0.03517	0.02203	0.05646	0.35638	0.01237	0.25847	0.01082	0.00541	0.01062
3	0.08789	0.08722	0.13797	0.01930	0.02552	0.01829	0.01828	0.02627	0.02215	0.07753	0.04050	0.30952	0.04325	0.02212	0.01143	0.00379	0.00949	0.01906	0.00830	0.01213
4	0.07451	0.07598	0.03569	0.09526	0.14272	0.02593	0.05737	0.08720	0.09560	0.15840	0.02860	0.03006	0.02078	0.01168	0.01046	0.00334	0.01161	0.01001	0.00852	0.01630
5	0.02427	0.08194	0.19785	0.02151	0.03023	0.02081	0.02231	0.03473	0.08840	0.10246	0.20458	0.04646	0.04837	0.01529	0.01109	0.00337	0.01021	0.01274	0.00903	0.01437
6	0.01550	0.01156	0.01459	0.01550	0.01736	0.01134	0.01097	0.02163	0.08060	0.03478	0.20939	0.38111	0.07741	0.02829	0.01327	0.00403	0.00621	0.02539	0.01082	0.01024
7	0.02434	0.03112	0.14947	0.15005	0.26444	0.02635	0.07509	0.03208	0.02319	0.03300	0.01964	0.02646	0.01570	0.01093	0.01334	0.00354	0.07122	0.00963	0.00508	0.01534
8	0.16463	0.03824	0.14226	0.02417	0.03289	0.17995	0.02241	0.07660	0.08908	0.09440	0.02394	0.02491	0.01761	0.01164	0.00969	0.00326	0.01366	0.00830	0.00751	0.01486
9	0.02850	0.08209	0.04134	0.15029	0.35563	0.02618	0.02951	0.03458	0.02474	0.09126	0.02229	0.02756	0.01755	0.01031	0.01046	0.00324	0.01270	0.00947	0.00613	0.01618
10	0.01328	0.00949	0.01265	0.01518	0.01581	0.00886	0.01012	0.01518	0.02088	0.02783	0.06010	0.60969	0.07212	0.03416	0.01392	0.00443	0.00633	0.03100	0.01012	0.00886
11	0.01793	0.02294	0.13859	0.02094	0.02736	0.01540	0.07011	0.02514	0.02861	0.04078	0.37353	0.06318	0.07429	0.01830	0.01232	0.00346	0.00894	0.01645	0.00970	0.01203
12	0.02104	0.04747	0.44364	0.09155	0.04702	0.02360	0.03599	0.03231	0.02372	0.03476	0.07510	0.02989	0.02335	0.01169	0.01068	0.00347	0.01477	0.00948	0.00542	0.01505
13	0.01458	0.01105	0.01352	0.01360	0.01630	0.00999	0.01028	0.01861	0.02737	0.03652	0.31139	0.15127	0.23401	0.02596	0.01318	0.00376	0.00582	0.06198	0.01103	0.00977
14	0.01536	0.01232	0.01386	0.01326	0.01673	0.01144	0.01001	0.02190	0.07765	0.03695	0.28211	0.08884	0.31145	0.02414	0.01270	0.00358	0.00568	0.02059	0.01100	0.01045
15	0.03817	0.10621	0.03333	0.08591	0.03690	0.40260	0.02128	0.04167	0.02903	0.07956	0.01955	0.02217	0.01538	0.01122	0.00976	0.00290	0.01723	0.00757	0.00622	0.01332
16	0.02336	0.14211	0.32628	0.13739	0.09802	0.02818	0.03410	0.03286	0.02282	0.03189	0.01888	0.02361	0.01431	0.01022	0.00994	0.00328	0.01476	0.00815	0.00474	0.01512
17	0.03129	0.45584	0.04972	0.02143	0.02928	0.15769	0.01956	0.03456	0.02366	0.02592	0.01547	0.01842	0.01403	0.01045	0.00969	0.00261	0.05561	0.00636	0.00488	0.01355
18	0.01563	0.01145	0.01636	0.01636	0.01790	0.01300	0.01218	0.01872	0.01718	0.02445	0.03027	0.04873	0.02982	0.19232	0.46655	0.01609	0.02536	0.01254	0.00600	0.00909
19	0.12692	0.16129	0.20178	0.02777	0.07976	0.09626	0.02603	0.06486	0.02553	0.06809	0.01961	0.02210	0.01499	0.01052	0.00918	0.00310	0.01356	0.00759	0.00605	0.01502
20	0.09417	0.31719	0.15789	0.02583	0.08345	0.03283	0.02389	0.03527	0.02323	0.08754	0.01963	0.02176	0.01546	0.01011	0.00851	0.00288	0.01219	0.00726	0.00587	0.01506
21	0.01580	0.01079	0.01299	0.01299	0.01337	0.01117	0.00798	0.01656	0.01618	0.02196	0.03335	0.06577	0.03722	0.51213	0.15686	0.01193	0.01422	0.01504	0.00646	0.00722
22	0.02206	0.01225	0.01632	0.01540	0.01866	0.01110	0.01149	0.02602	0.02790	0.15039	0.28748	0.23238	0.07702	0.02399	0.01277	0.00372	0.00640	0.02124	0.01176	0.01165
23	0.11920	0.02599	0.03059	0.02752	0.08565	0.02845	0.02042	0.26919	0.03732	0.15007	0.02623	0.02706	0.01876	0.01303	0.01282	0.00345	0.06809	0.00952	0.00970	0.01694
24	0.01328	0.00949	0.01265	0.01518	0.01581	0.00886	0.01012	0.01518	0.02088	0.02783	0.06010	0.60969	0.07212	0.03416	0.01392	0.00443	0.00633	0.03100	0.01012	0.00886
25	0.18069	0.02717	0.02760	0.02221	0.03003	0.03054	0.01814	0.32384	0.13259	0.06014	0.02715	0.02702	0.01981	0.01276	0.01004	0.00337	0.01060	0.00943	0.01004	0.01684
26	0.11205	0.21875	0.09309	0.02176	0.03069	0.03331	0.02034	0.15474	0.13573	0.04412	0.02447	0.02511	0.01888	0.01160	0.00914	0.00310	0.01119	0.00842	0.00778	0.01575
27	0.09604	0.20930	0.09332	0.19643	0.14462	0.03048	0.02638	0.03153	0.02228	0.03160	0.01788	0.02331	0.01454	0.01005	0.00919	0.00311	0.01286	0.00795	0.00508	0.01406
28	0.01328	0.00949	0.01265	0.01518	0.01581	0.00886	0.01012	0.01518	0.02088	0.02783	0.06010	0.60969	0.07212	0.03416	0.01392	0.00443	0.00633	0.03100	0.01012	0.00886
29	0.02250	0.01586	0.02161	0.14095	0.03262	0.01608	0.01628	0.03046	0.07661	0.10220	0.26732	0.05480	0.05897	0.01659	0.01155	0.00331	0.00832	0.01443	0.00999	0.07955
30	0.03487	0.34235	0.04451	0.02297	0.03079	0.24932	0.01980	0.08361	0.02841	0.03025	0.01689	0.01919	0.01446	0.01044	0.00849	0.00261	0.01482	0.00668	0.00564	0.01391
31	0.01521	0.01125	0.01486	0.01428	0.01683	0.01091	0.01081	0.01984	0.02736	0.03830	0.38811	0.07539	0.13049	0.03576	0.13482	0.00652	0.01042	0.01830	0.01048	0.01006
32	0.02732	0.20995	0.31010	0.02771	0.04056	0.02955	0.07711	0.03611	0.02395	0.09017	0.02117	0.02365	0.01560	0.01030	0.00972	0.00315	0.01431	0.00822	0.00570	0.01565
33	0.37515	0.02896	0.13742	0.01974	0.02899	0.02368	0.01947	0.07134	0.02435	0.14594	0.02234	0.02325	0.01568	0.01104	0.00865	0.00338	0.01053	0.00764	0.00789	0.01454
34	0.03132	0.01606	0.02064	0.01785	0.02281	0.01541	0.01380	0.09176	0.02904	0.24114	0.09624	0.16807	0.04484	0.06928	0.06444	0.00537	0.01037	0.01654	0.01111	0.01391
35	0.01775	0.01418	0.01966	0.14091	0.03094	0.01517	0.01609	0.02569	0.08031	0.03741	0.26803	0.13484	0.06844	0.02125	0.01260	0.00378	0.00819	0.06361	0.00992	0.01123
36	0.02268	0.08726	0.03524	0.15503	0.18538	0.02355	0.05310	0.03014	0.05622	0.03376	0.09425	0.04671	0.06910	0.01454	0.01126	0.00346	0.01150	0.04609	0.00705	0.01369
37	0.09496	0.13748	0.09279	0.30409	0.11029	0.02810	0.02754	0.03054	0.02199	0.03127	0.01829	0.02481	0.01437	0.01033	0.00966	0.00330	0.01334	0.00839	0.00505	0.01343
38	0.01597	0.01131	0.01425	0.01523	0.01769	0.01057	0.01216	0.01806	0.02275	0.02852	0.07094	0.09716	0.24759	0.03071	0.01988	0.14452	0.00810	0.19701	0.00898	0.00861
39	0.02432	0.15396	0.15146	0.10425	0.12672	0.02798	0.12248	0.03190	0.02375	0.03192	0.02352	0.03564	0.02048	0.01208	0.01081	0.00343	0.01426	0.06105	0.00556	0.01442
40	0.09309	0.02838	0.13346	0.06786	0.17391	0.02149	0.02523	0.03504	0.02422	0.11969	0.02310	0.02611	0.01722	0.01020	0.00976	0.00299	0.01157	0.00851	0.00687	0.16130
41	0.09728	0.02350	0.07894	0.01753	0.02758	0.01679	0.01570	0.02872	0.02220	0.03691	0.01893	0.02211	0.01542	0.00855	0.00817	0.00201	0.00897	0.00657	0.00630	0.53784
42	0.01845	0.01267	0.01975	0.01906	0.02168	0.01170	0.06633	0.02141	0.02251	0.08471	0.05405	0.48430	0.06114	0.02919	0.01349	0.00423	0.00798	0.02685	0.00997	0.01054
43	0.02179	0.07899	0.07067	0.02298	0.07873	0.01788	0.01742	0.02797	0.06027	0.08240	0.05354	0.21792	0.12867	0.02217	0.01200	0.00377	0.00901	0.05225	0.00898	0.01260
44	0.02559	0.11432	0.22791	0.03235	0.14046	0.02408	0.02783	0.03345	0.02560	0.09064	0.11854	0.03540	0.03243	0.01263	0.01052	0.00324	0.01210	0.01057	0.00709	0.01525
45	0.01647	0.01279	0.01533	0.01627	0.01851	0.01299	0.01156	0.02504	0.13267	0.03336	0.10733	0.39810	0.10073	0.02832	0.01313	0.00412	0.00665	0.02526	0.01052	0.01085
46	0.02342	0.02662	0.09591	0.17442	0.27332	0.02400	0.08948	0.03070	0.02406	0.03303	0.02932	0.03512	0.06879	0.01178	0.01124	0.00345	0.01358	0.01125	0.00567	0.01485
47	0.08952	0.14988	0.19353	0.08655	0.03901	0.02769	0.02557	0.08792	0.02696	0.13984	0.02363	0.02526	0.01686	0.01111	0.00962	0.00321	0.01261	0.00838	0.00726	0.01562
48	0.02345	0.03338	0.19986	0.09920	0.24363	0.02407	0.08026	0.03202	0.02471	0.03532	0.07572	0.03200	0.02496	0.01131	0.01110	0.00341	0.01379	0.01058	0.00581	0.01542
49	0.01764	0.01142	0.01450	0.01465	0.01740	0.01034	0.01092	0.02117	0.02606	0.08482	0.21607	0.25260	0.17400	0.02688	0.01318	0.00391	0.00636	0.05666	0.01102	0.01040
50	0.09764	0.02925	0.13830	0.08355	0.03562	0.02575	0.02322	0.13256	0.07787	0.04256	0.02639	0.06923	0.02191	0.01436	0.01338	0.00361	0.08287	0.01078	0.05676	0.01438
51	0.08740	0.02572	0.13010	0.02074	0.03024	0.01798	0.01998	0.04515	0.02820	0.37707	0.04130	0.03790	0.06135	0.01367	0.01068	0.00341	0.01030	0.01091	0.01099	0.01689
52	0.09993	0.02249	0.08103	0.02123	0.02825	0.01941	0.06557	0.03693	0.12949	0.11880	0.16793	0.04970	0.08155	0.01590	0.01127	0.00352	0.00936	0.01368	0.00989	0.01410
53	0.02160	0.02134	0.03889	0.48405	0.07155	0.02488	0.12397	0.02924	0.02257	0.02924	0.01990	0.02914	0.01493	0.01057	0.01129	0.00364	0.01529	0.01031	0.00498	0.01262
54	0.11850	0.20755	0.25460	0.02368	0.03533	0.02980	0.02651	0.06457	0.02476	0.09175	0.02063	0.02243	0.01529	0.01053	0.00901	0.00310	0.01283	0.00755	0.00624	0.01534
55	0.07557	0.03307	0.23589	0.02321	0.03407	0.01974	0.02488	0.04159	0.02714	0.27277	0.07584	0.03420	0.02747	0.01281	0.01063	0.00341	0.01157	0.01026	0.00942	0.01644
56	0.01815	0.01188	0.01463	0.01419	0.01757	0.01062	0.01093	0.02205	0.02731	0.09097	0.24687	0.14028	0.23811	0.02510	0.01299	0.00377	0.00632	0.06648	0.01114	0.01064
57	0.02658	0.01933	0.02978	0.09847	0.11722	0.01955	0.06832	0.06183	0.06346	0.12446	0.09266	0.15517	0.04047	0.01741	0.01194	0.00365	0.01048	0.01589	0.00915	0.01418
58	0.07401	0.02566	0.06392	0.15444	0.13796	0.02564	0.02477	0.14697	0.06792	0.13126	0.02674	0.02916	0.01924	0.01182	0.01062	0.00341	0.01205	0.00980	0.00837	0.01625
59	0.03307	0.03808	0.28718	0.02828	0.04072	0.02191	0.08836	0.04196	0.02660	0.24146	0.02917	0.02939	0.01937	0.01146	0.01091	0.00345	0.01368	0.00980	0.00824	0.01691
60	0.02041	0.01265	0.01616	0.01667	0.01905	0.01217	0.01188	0.06826	0.02511	0.09684	0.05469	0.48244	0.06135	0.02957	0.01326	0.00419	0.00724	0.02647	0.01061	0.01099
61	0.06941	0.14376	0.25268	0.02615	0.03666	0.09600	0.02794	0.07069	0.02554	0.06725	0.01965	0.02253	0.01497	0.01152	0.01205	0.00329	0.07112	0.00787	0.00590	0.01499
62	0.03101	0.03332	0.20585	0.15235	0.09093	0.02391	0.02923	0.09583	0.02835	0.16419	0.02612	0.02849	0.01805	0.01152	0.01073	0.00343	0.01333	0.00948	0.00766	0.01624
63	0.01417	0.01012	0.01367	0.01619	0.01721	0.00962	0.01166	0.01671	0.02175	0.02883	0.05961	0.50913	0.07018	0.03333	0.01415	0.00455	0.00709	0.12282	0.01010	0.00910
64	0.03021	0.04283	0.20309	0.07120	0.04359	0.19086	0.10049	0.04024	0.07549	0.06439	0.02294	0.02597	0.01704	0.01111	0.01072	0.00332	0.01627	0.00918	0.00623	0.01482
65	0.10028	0.09276	0.07613	0.08192	0.04013	0.07455	0.11653	0.09715	0.02884	0.15146	0.02480	0.02690	0.01771	0.01114	0.01034	0.00329	0.01348	0.00946	0.00782	0.01532
66	0.35823	0.02370	0.02084	0.01803	0.02455	0.08047	0.01439	0.08892	0.02613	0.14167	0.02660	0.08574	0.02209	0.01377	0.00909	0.00342	0.00996	0.01009	0.00872	0.01360
67	0.02104	0.01146	0.01540	0.01610	0.01843	0.01042	0.01141	0.02344	0.02312	0.14278	0.05638	0.48516	0.06230	0.02967	0.01327	0.00420	0.00697	0.02664	0.01086	0.01097
68	0.02922	0.08531	0.19242	0.10394	0.13315	0.02524	0.08874	0.03720	0.02511	0.13935	0.02440	0.02761	0.01753	0.01072	0.01064	0.00335	0.01387	0.00953	0.00670	0.01596
69	0.02415	0.03145	0.20010	0.32525	0.09078	0.02388	0.03226	0.03278	0.02329	0.08190	0.02181	0.02781	0.01569	0.01091	0.01073	0.00353	0.01443	0.00930	0.00564	0.01433
70	0.02191	0.02073	0.03509	0.48240	0.17297	0.02457	0.03094	0.02902	0.02243	0.02946	0.01961	0.02864	0.01510	0.01066	0.01088	0.00355	0.01421	0.00970	0.00496	0.01318
71	0.02727	0.08422	0.15847	0.10212	0.19670	0.02648	0.12446	0.03523	0.02468	0.08424	0.02221	0.02697	0.01674	0.01021	0.01080	0.00335	0.01440	0.00975	0.00591	0.01581
72	0.03225	0.13518	0.20136	0.08056	0.03917	0.02640	0.02599	0.07465	0.05870	0.18058	0.02734	0.02793	0.01914	0.01158	0.01009	0.00326	0.01253	0.00904	0.00797	0.01628
73	0.02123	0.01578	0.02380	0.08026	0.02939	0.01578	0.06924	0.02910	0.08072	0.08819	0.23693	0.16048	0.06330	0.02019	0.01248	0.00369	0.00861	0.01836	0.01022	0.01225
74	0.04837	0.01944	0.02585	0.01982	0.02827	0.01733	0.01637	0.08694	0.03268	0.52045	0.04178	0.03631	0.02637	0.01347	0.01096	0.00337	0.00948	0.01088	0.01330	0.01856
75	0.02897	0.08731	0.12068	0.19658	0.04605	0.02624	0.02528	0.07433	0.12492	0.11966	0.02815	0.03025	0.02031	0.01199	0.01047	0.00342	0.01233	0.00976	0.00783	0.01547
76	0.03726	0.02823	0.13191	0.08640	0.04065	0.02179	0.08274	0.08944	0.02995	0.29093	0.03190	0.03161	0.02109	0.01207	0.01107	0.00344	0.01250	0.01040	0.00968	0.01694
77	0.02559	0.02228	0.03354	0.42983	0.10029	0.02643	0.02843	0.13366	0.02843	0.03731	0.02094	0.02829	0.01560	0.01129	0.01089	0.00353	0.01387	0.00972	0.00620	0.01388
78	0.10321	0.03080	0.18205	0.02275	0.03330	0.02089	0.02308	0.07943	0.02905	0.31782	0.03218	0.03028	0.02102	0.01222	0.01037	0.00339	0.01140	0.00953	0.01004	0.01718
79	0.02474	0.01879	0.02126	0.01965	0.02390	0.02025	0.01483	0.17579	0.13516	0.04399	0.04650	0.31402	0.04774	0.02373	0.01242	0.00392	0.00853	0.02067	0.01056	0.01355
80	0.01626	0.01306	0.01953	0.02644	0.13174	0.01256	0.01520	0.01916	0.02174	0.02953	0.05149	0.48295	0.06019	0.02884	0.01324	0.00417	0.00777	0.02637	0.00909	0.01069
81	0.02159	0.04835	0.44556	0.15277	0.05326	0.02508	0.03811	0.03308	0.02276	0.03308	0.01953	0.02434	0.01397	0.01048	0.01048	0.00349	0.01577	0.00841	0.00466	0.01524
82	0.01328	0.00949	0.01265	0.01518	0.01581	0.00886	0.01012	0.01518	0.02088	0.02783	0.06010	0.60969	0.07212	0.03416	0.01392	0.00443	0.00633	0.03100	0.01012	0.00886
83	0.02395	0.01406	0.01835	0.01835	0.02241	0.01342	0.01528	0.02979	0.05658	0.14650	0.06177	0.13246	0.12576	0.02550	0.01352	0.00434	0.00884	0.24614	0.01087	0.01212
84	0.02090	0.09040	0.09508	0.02895	0.03617	0.02160	0.19765	0.02706	0.02340	0.03132	0.03666	0.22633	0.03829	0.01937	0.01248	0.00387	0.01270	0.05811	0.00723	0.01244
85	0.02478	0.28281	0.35937	0.02612	0.03952	0.03244	0.03165	0.03378	0.02267	0.03099	0.01781	0.02081	0.01388	0.00995	0.00902	0.00301	0.01434	0.00717	0.00463	0.01527
86	0.02609	0.01571	0.01835	0.01680	0.02123	0.01610	0.01285	0.03806	0.17444	0.14063	0.10574	0.14223	0.04603	0.01831	0.01101	0.00348	0.00716	0.01569	0.15641	0.01368
87	0.11011	0.02582	0.02639	0.02219	0.02867	0.08360	0.01781	0.10453	0.17575	0.18211	0.03260	0.03147	0.02345	0.01376	0.01288	0.00353	0.06907	0.01009	0.01002	0.01613
88	0.02763	0.02963	0.03211	0.02795	0.02965	0.14435	0.02270	0.03260	0.06458	0.02803	0.01748	0.02446	0.01592	0.01709	0.02825	0.00427	0.42599	0.00927	0.00550	0.01254
89	0.01797	0.01382	0.01677	0.01556	0.01891	0.01395	0.01180	0.02870	0.13923	0.04413	0.43458	0.07258	0.08774	0.02066	0.01248	0.00349	0.00590	0.01811	0.01181	0.01180
90	0.02262	0.01262	0.01668	0.01590	0.01942	0.01170	0.01258	0.02724	0.02813	0.14003	0.25897	0.12873	0.07063	0.02241	0.01256	0.00375	0.00702	0.10720	0.07010	0.01171
91	0.04311	0.02788	0.03108	0.02383	0.03249	0.02987	0.01968	0.41055	0.04682	0.17689	0.02991	0.02860	0.02042	0.01318	0.01092	0.00329	0.01139	0.01007	0.01148	0.01855
92	0.02699	0.02591	0.04426	0.06693	0.54879	0.02591	0.03346	0.03346	0.02483	0.03562	0.02051	0.02699	0.01727	0.00972	0.01079	0.00324	0.01295	0.00972	0.00540	0.01727
93	0.01901	0.01194	0.01572	0.01432	0.01752	0.01090	0.01090	0.02405	0.03090	0.09849	0.48962	0.07671	0.09477	0.02135	0.01266	0.00342	0.00559	0.01878	0.01216	0.01117
94	0.02470	0.27680	0.36471	0.02625	0.03973	0.03225	0.03188	0.03380	0.02268	0.03108	0.01785	0.02087	0.01388	0.00996	0.00905	0.00302	0.01438	0.00719	0.00463	0.01529
95	0.02293	0.02151	0.03620	0.27350	0.30000	0.02340	0.02968	0.02924	0.02318	0.03165	0.02428	0.09008	0.02202	0.01281	0.01117	0.00353	0.01289	0.01198	0.00568	0.01428

[dist]
# distance from previous block
# <min> <max>
0	2

[block]
# block no. 2 follows, 12 sequences, length 9
# corresponding to MSA columns:
# 196-204
name=unknown_C
#
# <colnr> <probs for GDERKNQSTAVLIFYWHMCP>
#	G	D	E	R	K	N	Q	S	T	A	V	L	I	F	Y	W	H	M	C	P
0	0.01328	0.00949	0.01265	0.01518	0.01581	0.00886	0.01012	0.01518	0.02088	0.02783	0.06010	0.60969	0.07212	0.03416	0.01392	0.00443	0.00633	0.03100	0.01012	0.00886
1	0.01368	0.00980	0.01301	0.01491	0.01590	0.00912	0.01015	0.01619	0.02273	0.03079	0.14998	0.51138	0.07784	0.03195	0.01372	0.00424	0.00611	0.02890	0.01047	0.00912
2	0.21391	0.02911	0.15335	0.02107	0.03038	0.02192	0.02090	0.03554	0.02279	0.14361	0.02259	0.02440	0.01641	0.01129	0.01136	0.00319	0.06368	0.00789	0.00736	0.13924
3	0.02163	0.04951	0.46212	0.13521	0.05239	0.02512	0.03842	0.03329	0.02279	0.03329	0.01953	0.02415	0.01395	0.01046	0.01046	0.00349	0.01582	0.00836	0.00465	0.01537
4	0.01413	0.01026	0.01300	0.01400	0.01549	0.00949	0.00966	0.01694	0.02390	0.03227	0.21103	0.34640	0.12837	0.08212	0.01722	0.00459	0.00626	0.02534	0.01038	0.00913
5	0.15371	0.11879	0.03351	0.08618	0.03493	0.02397	0.06897	0.03870	0.02497	0.21252	0.02626	0.02728	0.01856	0.01093	0.00947	0.00309	0.01096	0.00883	0.00833	0.08004
6	0.03775	0.02022	0.02488	0.02003	0.02747	0.01945	0.01641	0.13143	0.07822	0.28474	0.07646	0.04486	0.03376	0.01513	0.01119	0.00336	0.00937	0.05191	0.01170	0.08166
7	0.14341	0.02278	0.02477	0.02039	0.02749	0.02393	0.01669	0.23802	0.03535	0.11060	0.03193	0.08716	0.02753	0.01580	0.01065	0.00343	0.01001	0.05988	0.00992	0.08027
8	0.23254	0.09164	0.14819	0.02018	0.03007	0.02341	0.02031	0.03804	0.02379	0.18099	0.02419	0.02466	0.01705	0.01083	0.00888	0.00312	0.01073	0.00783	0.00786	0.07567

[dist]
# distance from previous block
# <min> <max>
3	118

[block]
# block no. 3 follows, 12 sequences, length 60
# corresponding to MSA columns:
# 325-384
name=unknown_D
#
# <colnr> <probs for GDERKNQSTAVLIFYWHMCP>
#	G	D	E	R	K	N	Q	S	T	A	V	L	I	F	Y	W	H	M	C	P
0	0.03044	0.09287	0.03020	0.07401	0.03169	0.02389	0.01806	0.10512	0.02856	0.13710	0.07733	0.03206	0.02681	0.01305	0.01300	0.00304	0.08032	0.00978	0.00846	0.16420
1	0.14788	0.07702	0.14705	0.02309	0.03180	0.09024	0.02234	0.03990	0.02500	0.19492	0.02483	0.02572	0.01761	0.01222	0.01226	0.00339	0.07330	0.00845	0.00785	0.01512
2	0.09157	0.18491	0.20993	0.02270	0.03318	0.02830	0.02432	0.09153	0.02738	0.08894	0.07563	0.02894	0.02478	0.01195	0.00955	0.00313	0.01197	0.00900	0.00721	0.01509
3	0.02072	0.01296	0.01656	0.01602	0.01896	0.01235	0.01179	0.06412	0.02822	0.10035	0.22463	0.30571	0.07292	0.02571	0.01293	0.00385	0.00675	0.02282	0.01125	0.01135
4	0.02574	0.21687	0.21660	0.02320	0.03268	0.10985	0.02448	0.03222	0.02368	0.03040	0.02405	0.09256	0.02209	0.01323	0.00946	0.00306	0.01319	0.01016	0.06292	0.01358
5	0.16187	0.09351	0.17235	0.02210	0.03241	0.02480	0.02254	0.08892	0.02769	0.21315	0.02673	0.02643	0.01831	0.01153	0.00958	0.00328	0.01149	0.00856	0.00862	0.01613
6	0.02181	0.02151	0.03774	0.43440	0.06639	0.02591	0.10434	0.02876	0.02177	0.02876	0.01916	0.02846	0.01482	0.01167	0.01435	0.00378	0.08877	0.01017	0.00494	0.01249
7	0.03302	0.01412	0.01755	0.01475	0.02001	0.01287	0.01174	0.03771	0.02746	0.27825	0.08701	0.04288	0.03460	0.01397	0.00966	0.00301	0.00702	0.01144	0.30890	0.01404
8	0.02144	0.02086	0.03607	0.47976	0.06874	0.02546	0.07956	0.02844	0.02172	0.02844	0.01917	0.02860	0.01472	0.01151	0.01350	0.00375	0.07099	0.01001	0.00491	0.01236
9	0.01466	0.01071	0.01398	0.01552	0.01734	0.01004	0.01165	0.01803	0.02433	0.03232	0.16240	0.33091	0.13282	0.03006	0.01385	0.00427	0.00685	0.13032	0.01048	0.00946
10	0.01353	0.00959	0.01258	0.01487	0.01544	0.00902	0.00979	0.01525	0.02040	0.02720	0.05766	0.55876	0.06904	0.08929	0.01785	0.00501	0.00673	0.02956	0.00979	0.00864
11	0.02868	0.25864	0.26339	0.02556	0.03732	0.08553	0.02824	0.09209	0.02686	0.03466	0.01850	0.02107	0.01447	0.01040	0.00915	0.00296	0.01435	0.00736	0.00548	0.01530
12	0.02059	0.01938	0.03270	0.59060	0.07510	0.02422	0.03028	0.02786	0.02180	0.02786	0.01938	0.02907	0.01453	0.01090	0.01090	0.00363	0.01453	0.00969	0.00484	0.01211
13	0.01485	0.01097	0.01386	0.01345	0.01601	0.00999	0.00997	0.01932	0.02901	0.04007	0.43225	0.13496	0.16641	0.02421	0.01296	0.00356	0.00531	0.02128	0.01154	0.00999
14	0.04570	0.02083	0.02636	0.02052	0.02878	0.01977	0.01685	0.12272	0.08215	0.43380	0.04061	0.03581	0.02633	0.01356	0.01097	0.00339	0.00962	0.01092	0.01287	0.01843
15	0.18811	0.02585	0.02741	0.02147	0.02969	0.02789	0.01773	0.30645	0.03966	0.16961	0.02737	0.02666	0.01887	0.01252	0.00999	0.00332	0.01062	0.00919	0.01054	0.01705
16	0.02187	0.05640	0.56031	0.03108	0.04719	0.02532	0.04029	0.03453	0.02302	0.03453	0.01957	0.02302	0.01381	0.01036	0.01036	0.00345	0.01611	0.00806	0.00460	0.01611
17	0.01565	0.01129	0.01489	0.01438	0.01695	0.01052	0.01105	0.02079	0.03026	0.04257	0.49248	0.08578	0.09870	0.02311	0.01309	0.00360	0.00565	0.06719	0.01180	0.01026
18	0.11059	0.03490	0.02892	0.02395	0.03131	0.22140	0.01902	0.20780	0.03678	0.14477	0.02493	0.02506	0.01785	0.01220	0.01010	0.00314	0.01384	0.00863	0.00909	0.01574
19	0.02059	0.01938	0.03270	0.59060	0.07510	0.02422	0.03028	0.02786	0.02180	0.02786	0.01938	0.02907	0.01453	0.01090	0.01090	0.00363	0.01453	0.00969	0.00484	0.01211
20	0.01328	0.00949	0.01265	0.01518	0.01581	0.00886	0.01012	0.01518	0.02088	0.02783	0.06010	0.60969	0.07212	0.03416	0.01392	0.00443	0.00633	0.03100	0.01012	0.00886
21	0.03090	0.02751	0.04184	0.14791	0.18542	0.07735	0.13451	0.08503	0.02850	0.09885	0.02357	0.02836	0.01758	0.01076	0.01122	0.00339	0.01456	0.01032	0.00687	0.01557
22	0.01581	0.01077	0.01292	0.01292	0.01327	0.01113	0.00788	0.01651	0.01616	0.02190	0.03342	0.06617	0.03739	0.51959	0.14964	0.01183	0.01396	0.01510	0.00647	0.00718
23	0.01713	0.01450	0.02468	0.02159	0.02468	0.01476	0.10992	0.02090	0.01959	0.02701	0.03566	0.17239	0.03749	0.15671	0.24015	0.01054	0.01845	0.01702	0.00688	0.00994
24	0.03309	0.01959	0.03333	0.07392	0.03674	0.01825	0.14158	0.03865	0.02774	0.26560	0.08584	0.10747	0.03599	0.01551	0.01198	0.00361	0.01129	0.01459	0.01017	0.01506
25	0.03446	0.03524	0.07740	0.03510	0.15957	0.20251	0.02407	0.09562	0.03121	0.10349	0.07221	0.03060	0.02541	0.01234	0.01067	0.00316	0.01409	0.00981	0.00772	0.01532
26	0.02458	0.02474	0.04595	0.23087	0.26230	0.02581	0.16114	0.03204	0.02409	0.03292	0.02056	0.02832	0.01619	0.00996	0.01139	0.00348	0.01493	0.01056	0.00525	0.01491
27	0.69383	0.02109	0.01603	0.01434	0.02109	0.02446	0.01181	0.03205	0.01856	0.04892	0.01518	0.01771	0.01181	0.01012	0.00675	0.00337	0.00843	0.00590	0.00675	0.01181
28	0.02671	0.02669	0.04874	0.06224	0.43899	0.02628	0.13967	0.03379	0.02503	0.03547	0.02086	0.02753	0.01711	0.00960	0.01126	0.00334	0.01417	0.01042	0.00542	0.01670
29	0.02731	0.43547	0.16731	0.02644	0.08650	0.03740	0.02499	0.03315	0.02263	0.02866	0.01669	0.01971	0.01429	0.00960	0.00814	0.00267	0.01278	0.00673	0.00473	0.01480
30	0.01667	0.01202	0.01506	0.01637	0.01798	0.01185	0.01139	0.07488	0.02452	0.03274	0.05602	0.53964	0.06568	0.03163	0.01356	0.00429	0.00701	0.02845	0.01022	0.01002
31	0.03635	0.02489	0.09714	0.02380	0.03301	0.01918	0.07784	0.07760	0.02926	0.29097	0.03524	0.08098	0.02615	0.01375	0.01106	0.00332	0.01107	0.01198	0.01019	0.08623
32	0.02040	0.01440	0.02016	0.01732	0.01974	0.01426	0.06845	0.02411	0.05641	0.06532	0.03428	0.06143	0.03543	0.45316	0.04369	0.00868	0.01127	0.01486	0.00733	0.00928
33	0.01480	0.01129	0.01370	0.01357	0.01653	0.01019	0.01050	0.01908	0.02799	0.03724	0.32741	0.09508	0.25495	0.02518	0.01315	0.00372	0.00590	0.07876	0.01109	0.00987
34	0.02240	0.02556	0.09015	0.37493	0.11728	0.02517	0.12755	0.03048	0.02302	0.03070	0.02005	0.02835	0.01515	0.01039	0.01123	0.00358	0.01529	0.01017	0.00501	0.01354
35	0.10414	0.11688	0.03708	0.02500	0.03341	0.07442	0.09694	0.12004	0.07886	0.16587	0.02772	0.02799	0.01991	0.01169	0.01015	0.00323	0.01229	0.00959	0.00886	0.01592
36	0.01372	0.00980	0.01315	0.01568	0.01651	0.00923	0.01088	0.01594	0.02131	0.02832	0.05985	0.55991	0.07116	0.03375	0.01403	0.00449	0.00671	0.07645	0.01011	0.00898
37	0.03420	0.03659	0.24623	0.02815	0.04004	0.02337	0.08898	0.09849	0.02963	0.22180	0.02891	0.02916	0.01935	0.01164	0.01096	0.00343	0.01351	0.00990	0.00860	0.01708
38	0.02981	0.18262	0.03251	0.01750	0.02683	0.02258	0.01511	0.03416	0.02426	0.14039	0.02312	0.02422	0.01780	0.00953	0.00838	0.00217	0.00929	0.00722	0.00743	0.36506
39	0.02092	0.01984	0.03277	0.53312	0.07034	0.02516	0.02962	0.02769	0.02128	0.02769	0.01886	0.02854	0.01451	0.01174	0.01345	0.00375	0.07410	0.00967	0.00484	0.01209
40	0.01509	0.01247	0.01348	0.01336	0.01705	0.01148	0.01032	0.02122	0.07717	0.03312	0.15064	0.09725	0.39352	0.02590	0.01291	0.00378	0.00622	0.06433	0.01044	0.01024
41	0.09299	0.21739	0.11702	0.02618	0.09220	0.02926	0.02213	0.08334	0.02716	0.10004	0.07174	0.02888	0.02473	0.01174	0.00937	0.00303	0.01130	0.00900	0.00734	0.01515
42	0.22930	0.01969	0.02234	0.01834	0.02534	0.02024	0.01501	0.09712	0.02790	0.27130	0.03088	0.03106	0.02163	0.02275	0.09441	0.00549	0.01236	0.00947	0.01008	0.01528
43	0.03179	0.01534	0.01980	0.01685	0.02140	0.01566	0.01357	0.03608	0.02495	0.24535	0.03538	0.03744	0.02586	0.02085	0.07023	0.00468	0.08006	0.01057	0.26043	0.01372
44	0.03106	0.10422	0.21273	0.15006	0.04493	0.02426	0.02776	0.03874	0.02525	0.19785	0.02645	0.02818	0.01818	0.01135	0.01027	0.00333	0.01306	0.00908	0.00749	0.01575
45	0.03032	0.13869	0.16582	0.02461	0.03420	0.02508	0.06875	0.08436	0.02752	0.15225	0.03103	0.11439	0.02631	0.01462	0.01071	0.00338	0.01210	0.01239	0.00817	0.01530
46	0.02964	0.02456	0.03916	0.14283	0.12267	0.02586	0.13519	0.09001	0.13160	0.10179	0.02884	0.03188	0.02117	0.01167	0.01138	0.00353	0.01307	0.01113	0.00803	0.01598
47	0.01328	0.00949	0.01265	0.01518	0.01581	0.00886	0.01012	0.01518	0.02088	0.02783	0.06010	0.60969	0.07212	0.03416	0.01392	0.00443	0.00633	0.03100	0.01012	0.00886
48	0.09502	0.02588	0.09074	0.09678	0.04267	0.02332	0.17602	0.03639	0.09987	0.08081	0.03048	0.09952	0.02561	0.01382	0.01143	0.00368	0.01296	0.01320	0.00754	0.01425
49	0.11239	0.02468	0.03138	0.02897	0.09340	0.02630	0.06552	0.18090	0.13251	0.10266	0.03143	0.06860	0.02478	0.01375	0.01083	0.00349	0.01096	0.01166	0.00949	0.01632
50	0.02649	0.02192	0.08827	0.14709	0.03766	0.01923	0.02102	0.09108	0.02683	0.13381	0.03567	0.17314	0.03266	0.02413	0.06575	0.00505	0.01281	0.01517	0.00862	0.01360
51	0.02005	0.01139	0.01524	0.01571	0.01806	0.01038	0.01121	0.02289	0.02433	0.12563	0.13423	0.42203	0.06890	0.02854	0.01322	0.00408	0.00667	0.02558	0.01103	0.01083
52	0.03323	0.16198	0.04541	0.07917	0.07159	0.09484	0.14458	0.08293	0.02848	0.12015	0.02340	0.02636	0.01745	0.01072	0.01040	0.00315	0.01428	0.00953	0.00709	0.01523
53	0.15483	0.13007	0.03068	0.02403	0.08044	0.02698	0.01770	0.08779	0.13244	0.10340	0.03066	0.08365	0.02560	0.01394	0.00975	0.00333	0.00979	0.01106	0.00871	0.01513
54	0.04588	0.02029	0.02599	0.02027	0.02850	0.01900	0.01663	0.10062	0.08513	0.45326	0.04144	0.03637	0.02678	0.01359	0.01097	0.00340	0.00949	0.01099	0.01298	0.01842
55	0.01359	0.00962	0.01256	0.01479	0.01534	0.00906	0.00970	0.01526	0.02027	0.02703	0.05701	0.54506	0.06822	0.10411	0.01891	0.00517	0.00684	0.02918	0.00970	0.00859
56	0.03467	0.02991	0.18575	0.02216	0.03223	0.01933	0.02261	0.08111	0.02949	0.27742	0.04463	0.04212	0.10014	0.01464	0.01107	0.00344	0.01101	0.01180	0.01008	0.01641
57	0.03348	0.11747	0.09252	0.02584	0.03462	0.07013	0.11574	0.03925	0.02724	0.20817	0.06447	0.06705	0.02828	0.01333	0.01089	0.00330	0.01257	0.01172	0.00869	0.01522
58	0.14320	0.01955	0.02382	0.01899	0.02688	0.01870	0.01555	0.05057	0.09254	0.41512	0.03900	0.03465	0.02551	0.01315	0.01035	0.00342	0.00907	0.01038	0.01217	0.01738
59	0.01443	0.01083	0.01352	0.01538	0.01678	0.01045	0.01055	0.01888	0.06468	0.02951	0.06360	0.51248	0.11426	0.03187	0.01358	0.00429	0.00645	0.02863	0.01020	0.00961

[dist]
# distance from previous block
# <min> <max>
1	16

[block]
# block no. 4 follows, 12 sequences, length 43
# corresponding to MSA columns:
# 401-443
name=unknown_E
#
# <colnr> <probs for GDERKNQSTAVLIFYWHMCP>
#	G	D	E	R	K	N	Q	S	T	A	V	L	I	F	Y	W	H	M	C	P
0	0.02462	0.03172	0.17530	0.02659	0.03684	0.02250	0.10212	0.08975	0.07611	0.03928	0.02735	0.08695	0.02335	0.01283	0.01071	0.00314	0.01227	0.01145	0.00717	0.17994
1	0.09373	0.02414	0.04299	0.23593	0.19253	0.02565	0.16387	0.03180	0.02339	0.03413	0.02000	0.02742	0.01556	0.01002	0.01099	0.00351	0.01455	0.01020	0.00538	0.01421
2	0.03763	0.09688	0.03298	0.02445	0.03162	0.21846	0.01970	0.25809	0.03946	0.04761	0.06773	0.02795	0.02402	0.01288	0.01031	0.00303	0.01400	0.00933	0.00854	0.01531
3	0.03000	0.01903	0.02539	0.08112	0.08130	0.01794	0.01763	0.08317	0.02867	0.17865	0.07335	0.08156	0.06821	0.01488	0.01083	0.00312	0.00942	0.01264	0.00949	0.15359
4	0.03331	0.08250	0.02865	0.02084	0.02756	0.07284	0.01702	0.08947	0.11129	0.16811	0.09100	0.03581	0.03160	0.01396	0.01232	0.00319	0.05520	0.01067	0.00969	0.08497
5	0.03947	0.01864	0.02477	0.07730	0.03125	0.01767	0.01686	0.09240	0.03181	0.36507	0.08895	0.04435	0.07145	0.01506	0.01127	0.00342	0.00944	0.01243	0.01195	0.01643
6	0.02192	0.01308	0.01726	0.07463	0.02435	0.01226	0.01303	0.02545	0.02533	0.14508	0.11581	0.23395	0.18657	0.02425	0.01257	0.00381	0.00748	0.02110	0.01050	0.01155
7	0.16575	0.02382	0.07932	0.08052	0.08549	0.02196	0.02034	0.11065	0.02726	0.09544	0.03111	0.15275	0.02869	0.01626	0.01064	0.00361	0.01051	0.01354	0.00833	0.01403
8	0.02425	0.02050	0.02822	0.02430	0.02536	0.02675	0.01976	0.02688	0.01958	0.07485	0.08158	0.03678	0.02856	0.08099	0.03291	0.00509	0.41374	0.01153	0.00659	0.01177
9	0.02371	0.01130	0.01260	0.01201	0.01521	0.01087	0.00909	0.02834	0.02386	0.11358	0.03919	0.09919	0.03239	0.01504	0.00876	0.00286	0.00581	0.01244	0.51250	0.01124
10	0.01328	0.00949	0.01265	0.01518	0.01581	0.00886	0.01012	0.01518	0.02088	0.02783	0.06010	0.60969	0.07212	0.03416	0.01392	0.00443	0.00633	0.03100	0.01012	0.00886
11	0.02673	0.03050	0.09093	0.08781	0.03922	0.07897	0.07610	0.07738	0.02347	0.03237	0.01757	0.02474	0.01491	0.01503	0.02347	0.00408	0.30826	0.00955	0.00552	0.01338
12	0.15383	0.02003	0.02444	0.01908	0.02726	0.01899	0.01575	0.09047	0.03092	0.42998	0.03696	0.03297	0.02376	0.01291	0.01027	0.00336	0.00938	0.01003	0.01216	0.01745
13	0.02205	0.01355	0.01846	0.01712	0.01970	0.01510	0.01329	0.02563	0.02013	0.10400	0.03127	0.04267	0.02730	0.10961	0.28932	0.01096	0.07848	0.01154	0.11888	0.01098
14	0.03507	0.01924	0.02669	0.02109	0.02801	0.01848	0.06597	0.09095	0.07656	0.26477	0.12661	0.04366	0.03906	0.01460	0.01117	0.00335	0.00931	0.01263	0.07702	0.01576
15	0.04341	0.10951	0.07008	0.02066	0.02982	0.02220	0.01861	0.08960	0.03108	0.39807	0.03578	0.03227	0.02339	0.01263	0.01034	0.00322	0.01037	0.00991	0.01134	0.01772
16	0.01402	0.01073	0.01295	0.01383	0.01620	0.00966	0.01023	0.01723	0.02487	0.03223	0.17899	0.26138	0.25417	0.02883	0.01343	0.00400	0.00616	0.07116	0.01051	0.00941
17	0.44370	0.08440	0.02224	0.01631	0.02312	0.07307	0.01353	0.03516	0.02182	0.10409	0.02007	0.02179	0.01517	0.01072	0.00761	0.00316	0.00962	0.00690	0.05472	0.01279
18	0.02283	0.09130	0.15213	0.32193	0.14310	0.02671	0.03178	0.03074	0.02261	0.03038	0.01917	0.02620	0.01478	0.01042	0.01036	0.00339	0.01432	0.00894	0.00487	0.01404
19	0.03294	0.01688	0.02170	0.01732	0.02431	0.01429	0.01387	0.03710	0.02693	0.27289	0.08583	0.04711	0.03531	0.06831	0.01466	0.00366	0.00871	0.04674	0.01051	0.20091
20	0.13046	0.12335	0.03889	0.08311	0.03838	0.02685	0.12001	0.08797	0.02785	0.18166	0.02583	0.02748	0.01831	0.01111	0.01007	0.00328	0.01226	0.00952	0.00824	0.01536
21	0.03223	0.14961	0.06904	0.02053	0.02840	0.07849	0.01817	0.08741	0.06656	0.14605	0.11302	0.03580	0.03354	0.01331	0.01010	0.00300	0.01073	0.01042	0.00906	0.06452
22	0.04334	0.01732	0.02351	0.01845	0.02591	0.01507	0.01507	0.04771	0.03115	0.47087	0.12639	0.04450	0.03964	0.01496	0.01128	0.00338	0.00859	0.01242	0.01325	0.01718
23	0.02240	0.09789	0.52349	0.03017	0.04579	0.02663	0.03870	0.03439	0.02296	0.03388	0.01924	0.02262	0.01383	0.01028	0.01011	0.00337	0.01579	0.00789	0.00461	0.01596
24	0.08057	0.03371	0.14301	0.03303	0.09235	0.06750	0.11860	0.11681	0.03021	0.14074	0.02520	0.02725	0.01787	0.01117	0.01080	0.00337	0.01397	0.00977	0.00783	0.01626
25	0.02588	0.01527	0.01850	0.01619	0.02118	0.01458	0.01264	0.03486	0.11826	0.17720	0.23439	0.06718	0.15955	0.01970	0.01205	0.00351	0.00694	0.01675	0.01186	0.01350
26	0.01457	0.01084	0.01357	0.01346	0.01591	0.00983	0.00987	0.01870	0.02799	0.03825	0.37687	0.17679	0.18243	0.02535	0.01305	0.00365	0.00542	0.02229	0.01132	0.00983
27	0.08950	0.01955	0.03100	0.53162	0.06957	0.02425	0.02839	0.02829	0.02147	0.03001	0.01895	0.02791	0.01426	0.01082	0.01048	0.00361	0.01391	0.00930	0.00504	0.01208
28	0.03062	0.02591	0.03078	0.08647	0.08900	0.08151	0.04818	0.14877	0.11645	0.07645	0.08080	0.04174	0.03195	0.01458	0.01143	0.00350	0.01196	0.04554	0.00910	0.01527
29	0.02286	0.01984	0.07207	0.01842	0.02395	0.01714	0.01581	0.03594	0.17172	0.09655	0.29811	0.05953	0.06649	0.01808	0.01192	0.00350	0.00764	0.01557	0.01117	0.01370
30	0.01447	0.01082	0.01504	0.07129	0.02173	0.01068	0.01213	0.01760	0.02314	0.03130	0.16133	0.43765	0.07317	0.02929	0.01339	0.00413	0.00687	0.02645	0.01001	0.00949
31	0.08654	0.01325	0.01503	0.01409	0.01760	0.01307	0.01073	0.02426	0.07282	0.04205	0.37178	0.07512	0.16085	0.02125	0.01207	0.00349	0.00586	0.01818	0.01106	0.01088
32	0.10243	0.02498	0.08679	0.13258	0.13235	0.02196	0.06165	0.03963	0.02582	0.22319	0.02789	0.02983	0.01931	0.01136	0.01057	0.00343	0.01218	0.00984	0.00829	0.01593
33	0.02261	0.01938	0.02261	0.01615	0.02584	0.01453	0.01292	0.02745	0.02261	0.03553	0.01938	0.02261	0.01615	0.00807	0.00807	0.00161	0.00807	0.00646	0.00646	0.68346
34	0.02693	0.01323	0.01787	0.01690	0.02076	0.01192	0.01284	0.03028	0.02615	0.22410	0.11087	0.30242	0.05853	0.02488	0.01279	0.00396	0.00753	0.05378	0.01158	0.01267
35	0.01518	0.01114	0.01423	0.01346	0.01614	0.01018	0.01009	0.02009	0.03027	0.04233	0.50062	0.08375	0.14617	0.02281	0.01286	0.00345	0.00518	0.02004	0.01182	0.01018
36	0.02661	0.04060	0.30073	0.09106	0.09580	0.02609	0.05989	0.08421	0.02636	0.07556	0.02187	0.02581	0.01587	0.01135	0.01229	0.00352	0.05124	0.00915	0.00608	0.01591
37	0.09316	0.02665	0.09357	0.25148	0.18928	0.02532	0.10279	0.03154	0.02299	0.03387	0.01967	0.02676	0.01521	0.01019	0.01068	0.00349	0.01423	0.00962	0.00527	0.01426
38	0.02224	0.01391	0.01700	0.01597	0.01958	0.01377	0.01202	0.03112	0.11689	0.11185	0.22620	0.17884	0.06536	0.02131	0.01197	0.00359	0.00659	0.01864	0.08078	0.01236
39	0.01562	0.01210	0.01439	0.01419	0.01706	0.01151	0.01048	0.02225	0.07927	0.03749	0.29617	0.17748	0.20127	0.02497	0.01287	0.00370	0.00581	0.02179	0.01110	0.01048
40	0.08538	0.25389	0.08558	0.02039	0.02976	0.02966	0.01939	0.08984	0.02818	0.21941	0.02651	0.02581	0.01886	0.01134	0.00908	0.00297	0.01102	0.00826	0.00857	0.01610
41	0.03826	0.07007	0.17572	0.02409	0.03476	0.02508	0.02410	0.17101	0.03383	0.24837	0.03030	0.02907	0.02028	0.01227	0.01053	0.00330	0.01203	0.00954	0.00981	0.01760
42	0.02856	0.01981	0.03200	0.02544	0.03087	0.02047	0.12270	0.03321	0.02534	0.18042	0.09176	0.09410	0.08033	0.01780	0.01742	0.00387	0.13825	0.01484	0.00911	0.01372

[dist]
# distance from previous block
# <min> <max>
1	28

[block]
# block no. 5 follows, 12 sequences, length 32
# corresponding to MSA columns:
# 472-503
name=unknown_F
#
# <colnr> <probs for GDERKNQSTAVLIFYWHMCP>
#	G	D	E	R	K	N	Q	S	T	A	V	L	I	F	Y	W	H	M	C	P
0	0.22348	0.02595	0.10347	0.08142	0.03355	0.02291	0.02008	0.08008	0.07603	0.14030	0.02878	0.07040	0.02249	0.01339	0.00987	0.00352	0.01058	0.01044	0.00855	0.01469
1	0.13101	0.08742	0.20478	0.02350	0.03394	0.02654	0.02436	0.08867	0.11606	0.12013	0.02711	0.02730	0.01944	0.01176	0.00979	0.00335	0.01179	0.00891	0.00806	0.01609
2	0.13352	0.13639	0.03453	0.06406	0.03327	0.07627	0.05055	0.08572	0.02684	0.12767	0.02236	0.02456	0.01681	0.01144	0.01116	0.00311	0.05421	0.00832	0.00748	0.07175
3	0.01460	0.01036	0.01359	0.01463	0.01556	0.01035	0.00991	0.01674	0.02004	0.02736	0.09952	0.30923	0.05869	0.18985	0.13010	0.00835	0.01160	0.02229	0.00862	0.00860
4	0.08232	0.06750	0.02719	0.01941	0.02756	0.06325	0.01592	0.15275	0.03170	0.13539	0.03257	0.03245	0.06509	0.01249	0.00967	0.00279	0.01018	0.00952	0.00897	0.19325
5	0.03433	0.07833	0.18385	0.02833	0.03945	0.02693	0.10456	0.15840	0.03240	0.16590	0.02685	0.02778	0.01857	0.01152	0.01080	0.00334	0.01351	0.00981	0.00844	0.01691
6	0.01409	0.01037	0.01289	0.01371	0.01543	0.00950	0.00954	0.01698	0.02422	0.03242	0.21487	0.31124	0.16360	0.07911	0.01696	0.00451	0.00618	0.02481	0.01040	0.00917
7	0.01350	0.00965	0.01284	0.01504	0.01586	0.00900	0.01014	0.01572	0.02187	0.02942	0.10831	0.55695	0.07519	0.03297	0.01381	0.00433	0.00621	0.02987	0.01031	0.00900
8	0.08059	0.08890	0.12703	0.02893	0.08897	0.02582	0.05929	0.07022	0.02551	0.10942	0.02226	0.02518	0.01684	0.01128	0.01240	0.00316	0.07264	0.00865	0.00693	0.11598
9	0.03994	0.02485	0.03139	0.07748	0.07588	0.08029	0.05534	0.08265	0.06786	0.29886	0.03364	0.03260	0.02280	0.01248	0.01097	0.00336	0.01197	0.01048	0.01029	0.01687
10	0.01568	0.01028	0.01178	0.01249	0.01467	0.00954	0.00895	0.01922	0.02378	0.03440	0.13109	0.24562	0.16900	0.02436	0.01158	0.00353	0.00559	0.02115	0.21773	0.00954
11	0.07998	0.02082	0.02326	0.01964	0.02567	0.02214	0.01544	0.15889	0.14952	0.14476	0.08960	0.08492	0.03751	0.06063	0.01440	0.00404	0.00919	0.01344	0.01087	0.01527
