[name]
unknown

[dist]
# distance from previous block
# <min> <max>
0	72

[block]
# block no. 0 follows, 12 sequences, length 11
# corresponding to MSA columns:
# 194-204
name=unknown_A
#
# <colnr> <probs for GDERKNQSTAVLIFYWHMCP>
#	G	D	E	R	K	N	Q	S	T	A	V	L	I	F	Y	W	H	M	C	P
0	0.03290	0.02469	0.02746	0.02331	0.03000	0.02717	0.01934	0.31116	0.12129	0.05556	0.03736	0.05384	0.03248	0.01782	0.01202	0.00380	0.01094	0.13203	0.01071	0.01611
1	0.03300	0.01904	0.02533	0.10989	0.03458	0.01670	0.01698	0.03798	0.02598	0.24645	0.02901	0.02956	0.02031	0.01074	0.00971	0.00266	0.00960	0.00881	0.00907	0.30461
2	0.02858	0.46706	0.05377	0.03128	0.16424	0.03863	0.02253	0.03286	0.02285	0.02826	0.01656	0.01997	0.01485	0.00943	0.00799	0.00257	0.01200	0.00685	0.00486	0.01485
3	0.51763	0.01823	0.01449	0.01325	0.01889	0.02072	0.01071	0.03031	0.01968	0.04676	0.02052	0.02371	0.01603	0.01080	0.00698	0.00316	0.00756	0.00702	0.18218	0.01138
4	0.03458	0.02376	0.02886	0.02345	0.02900	0.02710	0.01923	0.20179	0.07735	0.15436	0.07942	0.03458	0.02883	0.01580	0.01764	0.00374	0.16347	0.01118	0.00996	0.01588
5	0.02097	0.01361	0.01605	0.10545	0.02495	0.01493	0.01258	0.02972	0.09586	0.03763	0.03414	0.04145	0.02758	0.06496	0.01280	0.00358	0.00759	0.01089	0.41406	0.01120
6	0.01385	0.00992	0.01315	0.01480	0.01594	0.00923	0.01017	0.01659	0.02349	0.03199	0.18644	0.47149	0.08016	0.03105	0.01364	0.00417	0.00602	0.02805	0.01061	0.00923
7	0.01458	0.00978	0.01260	0.01476	0.01579	0.00928	0.01023	0.01714	0.02143	0.03001	0.05637	0.49594	0.06509	0.03078	0.01307	0.00419	0.00638	0.05611	0.10735	0.00912
8	0.02888	0.02062	0.02249	0.01933	0.02559	0.02189	0.01529	0.11930	0.24774	0.11953	0.05854	0.05464	0.16370	0.01768	0.01151	0.00358	0.00845	0.01452	0.01116	0.01555
9	0.02869	0.01817	0.02337	0.02027	0.02410	0.02092	0.01636	0.03682	0.10397	0.16235	0.03233	0.03571	0.02490	0.02497	0.09885	0.00570	0.16502	0.01077	0.13297	0.01377
10	0.10396	0.11357	0.03123	0.02139	0.02925	0.07514	0.01778	0.16103	0.11364	0.18070	0.03001	0.02870	0.02140	0.01247	0.00988	0.00320	0.01100	0.00931	0.00983	0.01650

[dist]
# distance from previous block
# <min> <max>
0	1

[block]
# block no. 1 follows, 12 sequences, length 7
# corresponding to MSA columns:
# 206-212
name=unknown_B
#
# <colnr> <probs for GDERKNQSTAVLIFYWHMCP>
#	G	D	E	R	K	N	Q	S	T	A	V	L	I	F	Y	W	H	M	C	P
0	0.21276	0.21613	0.14154	0.02135	0.03121	0.03242	0.02156	0.13660	0.02763	0.04313	0.01843	0.02054	0.01434	0.01057	0.00845	0.00305	0.01174	0.00716	0.00657	0.01480
1	0.02740	0.37594	0.04759	0.02860	0.14017	0.03382	0.02073	0.03181	0.02282	0.02974	0.01714	0.02055	0.01512	0.00917	0.00803	0.00239	0.01124	0.00679	0.00517	0.14577
2	0.03202	0.07945	0.02892	0.14488	0.03770	0.26531	0.01990	0.03638	0.02669	0.06495	0.02268	0.02680	0.01773	0.01145	0.00948	0.00293	0.01438	0.00838	0.13741	0.01254
3	0.03075	0.01809	0.02156	0.01827	0.02340	0.01864	0.01427	0.12912	0.11021	0.15481	0.10742	0.04158	0.03596	0.01939	0.01686	0.13067	0.00874	0.01187	0.07465	0.01375
4	0.01409	0.01007	0.01335	0.01482	0.01589	0.00965	0.01015	0.01663	0.02217	0.03021	0.15015	0.41846	0.07199	0.08191	0.06148	0.00576	0.00825	0.02605	0.00987	0.00903
5	0.02200	0.02025	0.03096	0.46770	0.06499	0.02485	0.02747	0.03436	0.13149	0.03170	0.02478	0.03158	0.01859	0.01174	0.01094	0.00365	0.01326	0.01026	0.00620	0.01323
6	0.01504	0.01086	0.01350	0.01323	0.01522	0.01009	0.00934	0.01862	0.02634	0.03629	0.35196	0.13319	0.13301	0.14039	0.02131	0.00495	0.00636	0.02040	0.01057	0.00932

[dist]
# distance from previous block
# <min> <max>
0	58

[block]
# block no. 2 follows, 12 sequences, length 26
# corresponding to MSA columns:
# 275-300
name=unknown_C
#
# <colnr> <probs for GDERKNQSTAVLIFYWHMCP>
#	G	D	E	R	K	N	Q	S	T	A	V	L	I	F	Y	W	H	M	C	P
0	0.32238	0.11639	0.02912	0.01979	0.02665	0.06714	0.05078	0.03464	0.02292	0.10409	0.05795	0.02614	0.02138	0.01188	0.01021	0.00328	0.04638	0.00835	0.00736	0.01316
1	0.13808	0.08635	0.03148	0.02782	0.11979	0.02186	0.05331	0.03471	0.02492	0.15324	0.06540	0.07408	0.02842	0.01313	0.01001	0.00316	0.01007	0.01117	0.00831	0.08470
2	0.02571	0.08517	0.08895	0.02313	0.03028	0.01997	0.08966	0.05667	0.02544	0.11735	0.03771	0.23004	0.03709	0.01885	0.01158	0.00355	0.01066	0.01697	0.00858	0.06265
3	0.12438	0.08740	0.02921	0.02037	0.02744	0.02395	0.05095	0.11352	0.02684	0.04039	0.02988	0.08967	0.05793	0.01438	0.01159	0.00307	0.05281	0.01131	0.00754	0.17738
4	0.22212	0.07105	0.05732	0.02190	0.02844	0.12450	0.01873	0.07009	0.02451	0.06974	0.01848	0.02173	0.01476	0.01215	0.01349	0.00329	0.11846	0.00753	0.00662	0.07508
5	0.02722	0.43725	0.16583	0.02429	0.03525	0.03763	0.07658	0.03330	0.02273	0.02856	0.01685	0.01997	0.01423	0.00953	0.00836	0.00272	0.01335	0.00707	0.00474	0.01453
6	0.03617	0.03167	0.08621	0.05874	0.03474	0.11325	0.02149	0.21896	0.03621	0.13805	0.03026	0.09099	0.02445	0.01475	0.01101	0.00338	0.01273	0.01170	0.00937	0.01587
7	0.01464	0.01082	0.01404	0.01502	0.01695	0.00971	0.01044	0.01743	0.02284	0.03147	0.14194	0.45408	0.07174	0.02931	0.01312	0.00396	0.00630	0.02642	0.01007	0.07971
8	0.02927	0.02788	0.12217	0.02684	0.08753	0.02228	0.02189	0.12743	0.08323	0.09341	0.02590	0.02870	0.01965	0.01492	0.01460	0.09452	0.01117	0.00925	0.00786	0.13148
9	0.02731	0.12593	0.02779	0.01641	0.02507	0.01937	0.01381	0.03185	0.02379	0.10933	0.02381	0.02577	0.01862	0.00959	0.00825	0.00210	0.00856	0.00740	0.08083	0.39442
10	0.03425	0.01600	0.02120	0.01704	0.02352	0.01383	0.01366	0.03886	0.03019	0.31936	0.21854	0.05138	0.05287	0.01606	0.01134	0.00321	0.00768	0.01361	0.01223	0.08519
11	0.01761	0.01067	0.01389	0.01505	0.01642	0.00994	0.01014	0.01943	0.02110	0.08405	0.05365	0.45152	0.06142	0.13579	0.02101	0.00541	0.00740	0.02612	0.00986	0.00951
12	0.09389	0.02756	0.12525	0.27202	0.10816	0.02494	0.02829	0.08216	0.02492	0.03637	0.02052	0.02721	0.01574	0.01573	0.04922	0.00445	0.01474	0.00916	0.00579	0.01389
13	0.01469	0.01126	0.01371	0.01461	0.01734	0.01027	0.01147	0.01838	0.02543	0.03265	0.16586	0.17720	0.26551	0.02829	0.01363	0.00411	0.00682	0.14876	0.01044	0.00958
14	0.02771	0.06751	0.04471	0.04595	0.25448	0.02779	0.12458	0.08444	0.02672	0.03751	0.02038	0.02599	0.01665	0.01064	0.01298	0.00324	0.06707	0.00974	0.00602	0.08588
15	0.09362	0.02974	0.19911	0.02168	0.02997	0.02000	0.02201	0.03527	0.11305	0.08500	0.03570	0.15634	0.03205	0.01678	0.01075	0.00363	0.01041	0.01402	0.05679	0.01408
16	0.52974	0.02100	0.01904	0.05086	0.02547	0.02401	0.01395	0.03086	0.01906	0.04450	0.01584	0.01940	0.01264	0.01060	0.00928	0.00330	0.05194	0.00646	0.00645	0.08560
17	0.02322	0.11464	0.44898	0.03367	0.10019	0.02732	0.03719	0.03421	0.02312	0.03369	0.01919	0.02286	0.01421	0.01018	0.01004	0.00331	0.01528	0.00800	0.00470	0.01601
18	0.02982	0.02280	0.03090	0.12563	0.03947	0.02479	0.07282	0.15518	0.15002	0.09810	0.03492	0.10632	0.02883	0.01542	0.01155	0.00364	0.01134	0.01355	0.00946	0.01544
19	0.02025	0.01586	0.01891	0.01686	0.02037	0.01666	0.01316	0.10735	0.03082	0.04178	0.25692	0.10905	0.17885	0.02240	0.01511	0.00368	0.07152	0.01842	0.01044	0.01158
20	0.01766	0.01475	0.02152	0.02032	0.02177	0.01860	0.01620	0.02117	0.01732	0.02555	0.02546	0.03806	0.02400	0.06600	0.43825	0.01431	0.17206	0.01114	0.00557	0.01029
21	0.07835	0.47234	0.05534	0.02320	0.03264	0.03897	0.10560	0.03301	0.02252	0.02905	0.01639	0.01963	0.01428	0.00936	0.00802	0.00265	0.01262	0.00709	0.00497	0.01396
22	0.02380	0.01273	0.01845	0.01735	0.02030	0.01310	0.01348	0.02583	0.02030	0.14037	0.03196	0.04533	0.02791	0.05273	0.28469	0.16904	0.01880	0.04576	0.00757	0.01052
23	0.03390	0.01472	0.01893	0.01647	0.02191	0.01347	0.01353	0.03854	0.02737	0.29287	0.04318	0.05359	0.03368	0.01620	0.01059	0.00339	0.00803	0.09350	0.23185	0.01427
24	0.01793	0.00947	0.01393	0.01438	0.01449	0.00936	0.00959	0.01438	0.01539	0.02053	0.02628	0.13593	0.02842	0.03722	0.03750	0.56183	0.00891	0.01331	0.00570	0.00547
25	0.01805	0.12054	0.02359	0.01673	0.01965	0.01835	0.01328	0.02118	0.01805	0.02463	0.02761	0.04337	0.02709	0.16364	0.38080	0.01358	0.02278	0.01138	0.00577	0.00994

[dist]
# distance from previous block
# <min> <max>
0	7

[block]
# block no. 3 follows, 12 sequences, length 20
# corresponding to MSA columns:
# 308-327
name=unknown_D
#
# <colnr> <probs for GDERKNQSTAVLIFYWHMCP>
#	G	D	E	R	K	N	Q	S	T	A	V	L	I	F	Y	W	H	M	C	P
0	0.02782	0.01984	0.02917	0.20739	0.04444	0.01887	0.05102	0.03360	0.02440	0.14522	0.02465	0.02829	0.01798	0.01024	0.00993	0.00279	0.01111	0.00890	0.00739	0.27696
1	0.07813	0.02944	0.14227	0.02258	0.03205	0.02280	0.02172	0.16877	0.03402	0.22505	0.08373	0.03448	0.02879	0.01341	0.01075	0.00337	0.01102	0.01061	0.01027	0.01673
2	0.17710	0.02605	0.02634	0.02177	0.02919	0.02949	0.01761	0.25211	0.20906	0.05648	0.03009	0.02936	0.02218	0.01304	0.01008	0.00344	0.01007	0.00984	0.01008	0.01665
3	0.01869	0.01193	0.01601	0.13680	0.02699	0.01283	0.01325	0.02247	0.02125	0.03270	0.03559	0.16141	0.03369	0.01977	0.01356	0.07822	0.00787	0.01453	0.31272	0.00970
4	0.02169	0.01530	0.01712	0.01614	0.01974	0.01616	0.01218	0.08303	0.13612	0.04258	0.13428	0.17058	0.05135	0.01962	0.01106	0.00344	0.00689	0.01688	0.19347	0.01235
5	0.01888	0.01320	0.01470	0.01442	0.01668	0.01383	0.01003	0.02752	0.13162	0.03409	0.09643	0.13273	0.04715	0.21014	0.02511	0.00571	0.00779	0.01635	0.15322	0.01041
6	0.03252	0.01663	0.02101	0.01862	0.02400	0.01606	0.01435	0.04171	0.13512	0.27273	0.04892	0.22590	0.04316	0.02056	0.01196	0.00379	0.00817	0.01784	0.01187	0.01509
7	0.02958	0.02140	0.02254	0.01919	0.02500	0.02374	0.01523	0.19613	0.20635	0.05155	0.03552	0.03592	0.02670	0.01355	0.00989	0.00318	0.00857	0.01079	0.22980	0.01535
8	0.03732	0.02507	0.02786	0.02268	0.03032	0.02725	0.01831	0.22973	0.23882	0.16577	0.03716	0.03439	0.02631	0.01386	0.01100	0.00347	0.01005	0.01108	0.01155	0.01803
9	0.12275	0.02851	0.13979	0.02168	0.03128	0.02165	0.02101	0.11888	0.03060	0.27243	0.03129	0.03003	0.02090	0.01228	0.01010	0.00333	0.01085	0.00946	0.04645	0.01671
10	0.02199	0.02080	0.03522	0.47641	0.17839	0.02459	0.03097	0.02908	0.02246	0.02955	0.01963	0.02862	0.01513	0.01064	0.01088	0.00355	0.01419	0.00970	0.00497	0.01324
11	0.20470	0.28219	0.03720	0.01814	0.02655	0.03106	0.01638	0.06780	0.02531	0.16585	0.02276	0.02296	0.01694	0.01080	0.00816	0.00292	0.01027	0.00737	0.00778	0.01485
12	0.03563	0.02602	0.03719	0.02860	0.03593	0.02820	0.11986	0.19549	0.06578	0.15745	0.02790	0.02969	0.02010	0.01362	0.01601	0.00369	0.12240	0.01080	0.00922	0.01644
13	0.16897	0.01975	0.02117	0.01575	0.02480	0.01670	0.01268	0.02846	0.02173	0.03845	0.01846	0.02154	0.01520	0.00852	0.00779	0.00200	0.00815	0.00634	0.00652	0.53700
14	0.01702	0.01367	0.01551	0.01477	0.01836	0.01349	0.01114	0.02675	0.13576	0.03868	0.27029	0.10942	0.22757	0.02304	0.01255	0.00362	0.00608	0.01980	0.01110	0.01136
15	0.02554	0.02510	0.03884	0.03837	0.14653	0.02948	0.10225	0.03604	0.13035	0.03385	0.02338	0.02905	0.01940	0.01453	0.02134	0.00403	0.25012	0.01071	0.00639	0.01469
16	0.02020	0.01349	0.01663	0.01716	0.01984	0.01358	0.01231	0.02858	0.13155	0.08996	0.05482	0.42390	0.05877	0.02771	0.01298	0.00415	0.00715	0.02476	0.01070	0.01174
17	0.01862	0.01185	0.01769	0.13792	0.02682	0.01289	0.01333	0.01751	0.01620	0.02134	0.02240	0.04060	0.02250	0.15830	0.03859	0.38982	0.01080	0.01091	0.00517	0.00673
18	0.03011	0.37658	0.15986	0.02339	0.03337	0.15485	0.02384	0.03543	0.02425	0.02779	0.01648	0.01916	0.01397	0.00997	0.00834	0.00268	0.01437	0.00657	0.00486	0.01415
19	0.03546	0.01513	0.01970	0.01617	0.02206	0.01351	0.01296	0.04006	0.02934	0.33342	0.15044	0.04754	0.04374	0.01524	0.01066	0.00321	0.00747	0.01270	0.15624	0.01494

[dist]
# distance from previous block
# <min> <max>
0	15

[block]
# block no. 4 follows, 12 sequences, length 39
# corresponding to MSA columns:
# 343-381
name=unknown_E
#
# <colnr> <probs for GDERKNQSTAVLIFYWHMCP>
#	G	D	E	R	K	N	Q	S	T	A	V	L	I	F	Y	W	H	M	C	P
0	0.02517	0.09385	0.02238	0.01588	0.02050	0.01835	0.01275	0.09880	0.02923	0.08995	0.14684	0.12889	0.04761	0.01769	0.01043	0.00318	0.00756	0.01482	0.18359	0.01253
1	0.03798	0.02882	0.03077	0.02439	0.03249	0.03219	0.01989	0.40246	0.16688	0.06313	0.03058	0.02969	0.02211	0.01350	0.01095	0.00338	0.01118	0.01042	0.01095	0.01823
2	0.59680	0.02249	0.01851	0.01594	0.02298	0.02585	0.01313	0.10350	0.02342	0.05186	0.01682	0.01897	0.01281	0.01056	0.00737	0.00336	0.00896	0.00649	0.00737	0.01281
3	0.07106	0.03092	0.15043	0.18564	0.04986	0.02593	0.09458	0.11215	0.05445	0.08448	0.02395	0.02789	0.01717	0.01127	0.01081	0.00351	0.01386	0.00980	0.00705	0.01518
4	0.01816	0.01804	0.09584	0.01753	0.02201	0.01240	0.01516	0.02248	0.02361	0.07303	0.11583	0.34859	0.08535	0.02561	0.01263	0.00387	0.00792	0.02272	0.00960	0.04962
5	0.02085	0.01852	0.03022	0.39014	0.13279	0.02151	0.02630	0.02754	0.02352	0.03212	0.08899	0.03652	0.02753	0.01235	0.01087	0.00346	0.01230	0.01104	0.06094	0.01248
6	0.03392	0.01548	0.01843	0.01531	0.02083	0.01476	0.01226	0.08230	0.02891	0.25271	0.03771	0.03786	0.02668	0.01306	0.00929	0.00295	0.00743	0.01046	0.34530	0.01436
7	0.03696	0.02831	0.03020	0.02418	0.03210	0.03172	0.01964	0.37009	0.20092	0.06148	0.03188	0.03072	0.02316	0.01362	0.01097	0.00341	0.01094	0.01060	0.01097	0.01814
8	0.01558	0.01168	0.01752	0.01752	0.01947	0.01363	0.01363	0.01947	0.01752	0.02531	0.02921	0.04283	0.02726	0.08178	0.57360	0.01752	0.02921	0.01168	0.00584	0.00974
9	0.02221	0.01900	0.02795	0.36412	0.05434	0.02213	0.02377	0.09773	0.02793	0.03668	0.11400	0.04347	0.07306	0.01447	0.01139	0.00355	0.01187	0.01245	0.00736	0.01253
10	0.15172	0.01879	0.02131	0.01730	0.02436	0.01821	0.01409	0.10042	0.03012	0.28106	0.05180	0.04822	0.14458	0.01617	0.01067	0.00343	0.00860	0.01276	0.01119	0.01519
11	0.01870	0.01555	0.02285	0.02544	0.09801	0.01802	0.01669	0.02186	0.01810	0.02606	0.02661	0.04374	0.02641	0.18047	0.28548	0.01175	0.11600	0.01197	0.00577	0.01052
12	0.03612	0.27946	0.04134	0.02433	0.03143	0.36207	0.02011	0.03920	0.02742	0.02627	0.01618	0.01880	0.01402	0.01048	0.00870	0.00262	0.01648	0.00655	0.00524	0.01318
13	0.03102	0.29471	0.04282	0.10604	0.03562	0.03399	0.02104	0.07881	0.02526	0.10642	0.02069	0.02387	0.01642	0.01208	0.01314	0.00316	0.10578	0.00811	0.00656	0.01446
14	0.02831	0.02063	0.02321	0.02497	0.09128	0.09724	0.01682	0.03231	0.02742	0.15702	0.12863	0.17868	0.05027	0.02027	0.01211	0.00366	0.00997	0.05409	0.00996	0.01316
15	0.02915	0.62337	0.05714	0.01866	0.02799	0.04314	0.01866	0.03265	0.02215	0.02565	0.01516	0.01749	0.01399	0.00933	0.00700	0.00233	0.01166	0.00583	0.00466	0.01399
16	0.02419	0.05315	0.51442	0.03008	0.04553	0.02452	0.03820	0.03613	0.02372	0.07929	0.02158	0.02423	0.01494	0.01063	0.01041	0.00345	0.01553	0.00831	0.00537	0.01632
17	0.01834	0.01460	0.01790	0.01503	0.02051	0.01199	0.01145	0.02287	0.02567	0.03768	0.23570	0.13355	0.05930	0.01766	0.01087	0.00276	0.00664	0.01543	0.00923	0.31282
18	0.02372	0.02073	0.06351	0.01877	0.02453	0.01934	0.01583	0.04071	0.25218	0.07713	0.16166	0.05346	0.08706	0.01689	0.01125	0.00348	0.00790	0.01423	0.07329	0.01435
19	0.12427	0.02025	0.02399	0.01831	0.02692	0.01835	0.01499	0.08578	0.02888	0.28957	0.03078	0.02925	0.02100	0.01140	0.00955	0.00284	0.00906	0.00886	0.01028	0.21567
20	0.04781	0.02034	0.02641	0.02025	0.02872	0.01867	0.01672	0.12145	0.03419	0.48382	0.04051	0.03549	0.02573	0.01343	0.01096	0.00336	0.00968	0.01079	0.01311	0.01855
21	0.01796	0.01388	0.01798	0.01706	0.01870	0.01631	0.01323	0.02118	0.01971	0.02933	0.04191	0.09362	0.10561	0.07506	0.16651	0.00782	0.15086	0.01433	0.14895	0.00999
22	0.12692	0.02833	0.02994	0.02322	0.03167	0.03114	0.01918	0.41233	0.04537	0.10608	0.02613	0.02597	0.01836	0.01274	0.01037	0.00329	0.01131	0.00940	0.01058	0.01767
23	0.01539	0.01039	0.01329	0.01416	0.01592	0.00980	0.01024	0.01916	0.02518	0.03600	0.23826	0.29811	0.07660	0.02627	0.01265	0.00381	0.00591	0.04915	0.11006	0.00966
24	0.13032	0.01937	0.02376	0.01863	0.02649	0.01827	0.01534	0.08801	0.03075	0.41531	0.03747	0.03388	0.02435	0.01297	0.01020	0.00331	0.00913	0.01016	0.05514	0.01714
25	0.01582	0.01072	0.01262	0.01262	0.01288	0.01097	0.00752	0.01633	0.01607	0.02168	0.03369	0.06764	0.03803	0.54722	0.12289	0.01148	0.01299	0.01531	0.00651	0.00701
26	0.03612	0.07444	0.02982	0.02189	0.02926	0.05888	0.01793	0.23908	0.11283	0.13631	0.09745	0.03624	0.03246	0.01419	0.01082	0.00327	0.01058	0.01118	0.01069	0.01657
27	0.18451	0.02505	0.02395	0.05229	0.02941	0.09287	0.01608	0.10983	0.02798	0.09061	0.02414	0.06316	0.01997	0.01220	0.00928	0.00291	0.01066	0.00921	0.00794	0.18793
28	0.03143	0.43673	0.09187	0.02167	0.03094	0.11963	0.02097	0.07938	0.02625	0.03056	0.01680	0.01908	0.01441	0.01005	0.00806	0.00258	0.01324	0.00656	0.00539	0.01439
29	0.69383	0.02109	0.01603	0.01434	0.02109	0.02446	0.01181	0.03205	0.01856	0.04892	0.01518	0.01771	0.01181	0.01012	0.00675	0.00337	0.00843	0.00590	0.00675	0.01181
30	0.26055	0.07864	0.03019	0.13936	0.03810	0.02640	0.05021	0.10151	0.02648	0.12012	0.02220	0.02490	0.01610	0.01107	0.00924	0.00334	0.01127	0.00844	0.00767	0.01421
31	0.02649	0.02333	0.03940	0.22073	0.12725	0.02545	0.13044	0.03697	0.09926	0.08260	0.02574	0.03098	0.01932	0.01171	0.01295	0.00364	0.05125	0.01088	0.00681	0.01480
32	0.01372	0.01022	0.01278	0.01395	0.01570	0.00928	0.00977	0.01659	0.02414	0.03203	0.18785	0.37463	0.17968	0.02989	0.01344	0.00403	0.00587	0.02657	0.01058	0.00928
33	0.02155	0.01177	0.01559	0.01571	0.01802	0.01101	0.01106	0.02378	0.02206	0.14065	0.05012	0.35984	0.05404	0.12803	0.05797	0.00609	0.00921	0.02289	0.00999	0.01064
34	0.34968	0.02006	0.01961	0.01636	0.02316	0.02147	0.01338	0.09874	0.02657	0.17530	0.02651	0.02701	0.01883	0.01172	0.00846	0.00324	0.00861	0.00829	0.10890	0.01410
35	0.69383	0.02109	0.01603	0.01434	0.02109	0.02446	0.01181	0.03205	0.01856	0.04892	0.01518	0.01771	0.01181	0.01012	0.00675	0.00337	0.00843	0.00590	0.00675	0.01181
36	0.01679	0.01228	0.01757	0.10076	0.02542	0.01389	0.01398	0.02058	0.01889	0.02728	0.03199	0.09338	0.03115	0.13791	0.29106	0.01135	0.01915	0.01347	0.09352	0.00960
37	0.03218	0.26700	0.04264	0.11088	0.07819	0.19706	0.02244	0.07428	0.02730	0.03058	0.01761	0.02132	0.01472	0.01047	0.00904	0.00282	0.01462	0.00739	0.00554	0.01394
38	0.11396	0.03084	0.11261	0.16533	0.21041	0.06907	0.02878	0.07785	0.02602	0.03784	0.01967	0.02501	0.01530	0.01057	0.01016	0.00335	0.01363	0.00876	0.00586	0.01499

[dist]
# distance from previous block
# <min> <max>
4	42

[block]
# block no. 5 follows, 12 sequences, length 12
# corresponding to MSA columns:
# 427-438
name=unknown_F
#
# <colnr> <probs for GDERKNQSTAVLIFYWHMCP>
#	G	D	E	R	K	N	Q	S	T	A	V	L	I	F	Y	W	H	M	C	P
0	0.10985	0.02198	0.02424	0.01913	0.02679	0.02194	0.01530	0.15850	0.08744	0.14121	0.02904	0.03176	0.02216	0.06262	0.01351	0.00355	0.00961	0.00953	0.00945	0.18239
1	0.54811	0.02159	0.02120	0.06990	0.09607	0.02463	0.01625	0.03189	0.01967	0.04537	0.01625	0.01991	0.01277	0.01013	0.00764	0.00338	0.00955	0.00673	0.00641	0.01256
2	0.01345	0.01039	0.01236	0.01382	0.01588	0.00929	0.00993	0.01596	0.02288	0.02889	0.08117	0.35860	0.27077	0.03108	0.01357	0.00416	0.00628	0.06230	0.01012	0.00910
3	0.01711	0.01255	0.01480	0.01416	0.01723	0.01229	0.01062	0.02515	0.09497	0.04070	0.32713	0.10749	0.14137	0.02159	0.01206	0.00345	0.00573	0.01873	0.09191	0.01097
4	0.03891	0.02660	0.02944	0.02323	0.03094	0.02873	0.01890	0.39898	0.04526	0.12043	0.03223	0.09796	0.02600	0.01568	0.01128	0.00342	0.01100	0.01251	0.01111	0.01737
5	0.02365	0.01114	0.01192	0.01124	0.01446	0.01084	0.00860	0.02863	0.02384	0.10057	0.03643	0.04024	0.02784	0.01280	0.00801	0.00264	0.00557	0.01026	0.60021	0.01114
6	0.01505	0.01079	0.01404	0.01567	0.01717	0.01031	0.01163	0.01800	0.02281	0.03023	0.11524	0.30677	0.10022	0.10899	0.01960	0.00525	0.00774	0.15157	0.00985	0.00908
7	0.04573	0.08999	0.02988	0.02000	0.02857	0.02131	0.01690	0.10627	0.03258	0.43601	0.03776	0.03352	0.02447	0.01296	0.01050	0.00324	0.00988	0.01023	0.01216	0.01803
8	0.10162	0.01997	0.02196	0.01960	0.02393	0.02279	0.01505	0.06947	0.21650	0.03884	0.03368	0.08554	0.03001	0.09350	0.02072	0.03820	0.07724	0.01265	0.00862	0.05012
9	0.12643	0.03057	0.02701	0.02217	0.02925	0.14055	0.01778	0.26401	0.03805	0.08663	0.02499	0.02610	0.01836	0.01229	0.00975	0.00311	0.01213	0.00883	0.08654	0.01545
10	0.02945	0.02611	0.06085	0.01931	0.02868	0.09007	0.01640	0.03445	0.02520	0.12272	0.02307	0.02471	0.01755	0.00957	0.00896	0.00220	0.01037	0.00741	0.00742	0.43550
11	0.07765	0.14586	0.09725	0.01768	0.02415	0.02089	0.01633	0.02899	0.02202	0.11556	0.03690	0.07708	0.08456	0.08793	0.01914	0.08620	0.01017	0.01216	0.00749	0.01200

[dist]
# distance from previous block
# <min> <max>
0	9

[block]
# block no. 6 follows, 12 sequences, length 10
# corresponding to MSA columns:
# 448-457
name=unknown_G
#
# <colnr> <probs for GDERKNQSTAVLIFYWHMCP>
#	G	D	E	R	K	N	Q	S	T	A	V	L	I	F	Y	W	H	M	C	P
0	0.21596	0.02660	0.05880	0.08569	0.03354	0.06180	0.01918	0.10755	0.02595	0.04215	0.01862	0.02249	0.01465	0.01122	0.01147	0.00311	0.06888	0.00765	0.00673	0.15798
1	0.29329	0.23793	0.06966	0.01870	0.02706	0.07847	0.01738	0.03552	0.02246	0.08783	0.01836	0.02008	0.01441	0.01029	0.00777	0.00296	0.01116	0.00662	0.00643	0.01361
2	0.01555	0.01108	0.01438	0.01532	0.01751	0.01040	0.01189	0.01862	0.02460	0.03244	0.18132	0.18094	0.16540	0.02922	0.01677	0.07477	0.00729	0.15331	0.00999	0.00918
3	0.01499	0.01042	0.01308	0.01423	0.01502	0.01008	0.00952	0.01682	0.02044	0.02745	0.10348	0.28701	0.06171	0.26314	0.03038	0.00681	0.00826	0.06997	0.00893	0.00825
4	0.04892	0.01856	0.02530	0.01940	0.02783	0.01603	0.01603	0.05314	0.03121	0.55634	0.04302	0.03711	0.02699	0.01350	0.01096	0.00337	0.00928	0.01096	0.01350	0.01856
5	0.04565	0.01760	0.02357	0.01834	0.02610	0.01536	0.01507	0.04997	0.03025	0.49741	0.04217	0.03752	0.02710	0.01340	0.01058	0.00328	0.00880	0.01087	0.08936	0.01760
6	0.69383	0.02109	0.01603	0.01434	0.02109	0.02446	0.01181	0.03205	0.01856	0.04892	0.01518	0.01771	0.01181	0.01012	0.00675	0.00337	0.00843	0.00590	0.00675	0.01181
7	0.03729	0.02684	0.02917	0.02350	0.03131	0.02966	0.01904	0.30807	0.21381	0.11148	0.03420	0.03231	0.02450	0.01372	0.01098	0.00343	0.01055	0.01080	0.01124	0.01810
8	0.01966	0.01501	0.01996	0.01885	0.02199	0.01728	0.01480	0.07841	0.07450	0.03226	0.03045	0.04075	0.02691	0.06715	0.45237	0.01450	0.02515	0.01154	0.00695	0.01150
9	0.29593	0.08661	0.07384	0.02034	0.02867	0.02943	0.01826	0.17488	0.09323	0.05068	0.02244	0.02351	0.01686	0.01151	0.00884	0.00329	0.01049	0.00803	0.00811	0.01504

[dist]
# distance from previous block
# <min> <max>
1	6

[block]
# block no. 7 follows, 12 sequences, length 13
# corresponding to MSA columns:
# 464-476
name=unknown_H
#
# <colnr> <probs for GDERKNQSTAVLIFYWHMCP>
#	G	D	E	R	K	N	Q	S	T	A	V	L	I	F	Y	W	H	M	C	P
0	0.14188	0.12025	0.03043	0.01999	0.02807	0.02675	0.01690	0.13887	0.09709	0.22665	0.03097	0.02919	0.02165	0.01238	0.00967	0.00323	0.00999	0.00929	0.01018	0.01659
1	0.08293	0.01314	0.01537	0.01411	0.01818	0.01227	0.01082	0.02669	0.02668	0.13633	0.20821	0.12674	0.15730	0.02093	0.01153	0.00348	0.00643	0.01775	0.07953	0.01160
2	0.37166	0.01793	0.01743	0.01522	0.02132	0.01892	0.01224	0.03529	0.02271	0.18160	0.02936	0.07948	0.02344	0.01354	0.00864	0.00336	0.00803	0.01009	0.09661	0.01313
3	0.01420	0.01044	0.01330	0.01398	0.01589	0.00955	0.00996	0.01767	0.02588	0.03518	0.28364	0.30618	0.14789	0.02797	0.01331	0.00388	0.00569	0.02488	0.01097	0.00955
4	0.01549	0.01143	0.01656	0.01688	0.01867	0.01273	0.01291	0.01913	0.01907	0.02696	0.06830	0.10319	0.03922	0.10183	0.42168	0.01424	0.02329	0.04195	0.00694	0.00953
5	0.02791	0.48297	0.05158	0.02099	0.02814	0.04086	0.01987	0.03115	0.02088	0.02579	0.01496	0.01898	0.01407	0.01161	0.01374	0.00290	0.14871	0.00670	0.00469	0.01351
6	0.13137	0.02972	0.17922	0.02172	0.03085	0.02080	0.02172	0.03847	0.10424	0.13871	0.03267	0.10448	0.02694	0.01460	0.01035	0.00347	0.01059	0.01186	0.00854	0.05969
7	0.02452	0.01927	0.03069	0.45649	0.06382	0.02215	0.02662	0.03113	0.02312	0.09799	0.02248	0.02946	0.01634	0.01095	0.01062	0.00339	0.01318	0.00952	0.00615	0.08210
8	0.03099	0.10113	0.02901	0.02127	0.02822	0.02738	0.01724	0.05384	0.38037	0.12751	0.04033	0.03706	0.02972	0.01386	0.01054	0.00347	0.00913	0.01125	0.01065	0.01705
9	0.35543	0.08069	0.02332	0.10586	0.02993	0.02348	0.01553	0.02853	0.01928	0.03768	0.01793	0.02365	0.01495	0.01994	0.07324	0.05153	0.01209	0.00742	0.00598	0.05355
10	0.15116	0.04164	0.34770	0.02640	0.03823	0.02339	0.06414	0.03164	0.02142	0.03559	0.02083	0.02878	0.01700	0.08959	0.01575	0.00439	0.01407	0.00901	0.00535	0.01394
11	0.09408	0.02102	0.02538	0.09635	0.03280	0.08945	0.06708	0.02995	0.02425	0.10216	0.03810	0.22509	0.03832	0.02001	0.01182	0.00382	0.01126	0.04851	0.00847	0.01207
12	0.10733	0.01654	0.05567	0.07518	0.02594	0.01445	0.01495	0.02405	0.02241	0.08572	0.05197	0.30519	0.11143	0.02393	0.01197	0.00393	0.00835	0.02076	0.00909	0.01114

[dist]
# distance from previous block
# <min> <max>
5	19

[block]
# block no. 8 follows, 12 sequences, length 23
# corresponding to MSA columns:
# 496-518
name=unknown_I
#
# <colnr> <probs for GDERKNQSTAVLIFYWHMCP>
#	G	D	E	R	K	N	Q	S	T	A	V	L	I	F	Y	W	H	M	C	P
0	0.10601	0.02384	0.03023	0.06614	0.03267	0.06561	0.05464	0.03326	0.05270	0.08707	0.02493	0.03647	0.02177	0.01651	0.02082	0.00412	0.24464	0.05862	0.00698	0.01299
1	0.24643	0.02132	0.02679	0.11007	0.14650	0.02321	0.02028	0.06069	0.05478	0.09000	0.07546	0.03147	0.02569	0.01213	0.00973	0.00340	0.01026	0.00975	0.00782	0.01422
2	0.48248	0.02137	0.02300	0.01868	0.02623	0.02290	0.06326	0.03704	0.02210	0.16041	0.02207	0.02322	0.01567	0.01078	0.00831	0.00340	0.00963	0.00774	0.00812	0.01360
3	0.69383	0.02109	0.01603	0.01434	0.02109	0.02446	0.01181	0.03205	0.01856	0.04892	0.01518	0.01771	0.01181	0.01012	0.00675	0.00337	0.00843	0.00590	0.00675	0.01181
4	0.01451	0.01067	0.01359	0.01378	0.01596	0.00975	0.00998	0.01844	0.02731	0.03747	0.35305	0.23137	0.15117	0.02628	0.01316	0.00374	0.00552	0.02328	0.01124	0.00975
5	0.02855	0.02641	0.02531	0.02281	0.02891	0.08432	0.01766	0.05643	0.47689	0.04363	0.04149	0.03848	0.03127	0.01442	0.01096	0.00361	0.00979	0.01177	0.01052	0.01677
6	0.02691	0.02511	0.04516	0.09403	0.04507	0.02822	0.22274	0.03279	0.02246	0.08551	0.02103	0.02807	0.01658	0.01358	0.02116	0.00406	0.23666	0.01107	0.00600	0.01378
7	0.01869	0.01235	0.01567	0.01606	0.01851	0.01200	0.01154	0.02495	0.08398	0.08220	0.16830	0.36795	0.07050	0.02724	0.01307	0.00401	0.00660	0.02435	0.01098	0.01107
8	0.02482	0.02089	0.03607	0.15017	0.20812	0.02133	0.10188	0.03118	0.02439	0.07120	0.02897	0.07263	0.02516	0.01344	0.01129	0.00352	0.01235	0.04508	0.08344	0.01409
9	0.01705	0.01015	0.01279	0.01279	0.01279	0.01015	0.00771	0.01522	0.01522	0.02029	0.02840	0.05660	0.03165	0.39325	0.05052	0.27015	0.01015	0.01339	0.00588	0.00588
10	0.04016	0.02990	0.03200	0.02483	0.03332	0.03321	0.02041	0.47168	0.09411	0.06665	0.02781	0.02748	0.01986	0.01324	0.01092	0.00331	0.01170	0.01004	0.01092	0.01843
11	0.03870	0.01886	0.02482	0.05851	0.03006	0.01705	0.01627	0.07683	0.03055	0.34723	0.08707	0.03790	0.03145	0.01329	0.01068	0.00310	0.00922	0.01095	0.01140	0.12607
12	0.02667	0.45082	0.04392	0.01627	0.02368	0.03386	0.01555	0.03061	0.02235	0.02987	0.02090	0.02401	0.01792	0.01028	0.00717	0.00239	0.00981	0.00705	0.19395	0.01291
13	0.69383	0.02109	0.01603	0.01434	0.02109	0.02446	0.01181	0.03205	0.01856	0.04892	0.01518	0.01771	0.01181	0.01012	0.00675	0.00337	0.00843	0.00590	0.00675	0.01181
14	0.10305	0.04155	0.02767	0.08437	0.03486	0.40769	0.01986	0.03905	0.02795	0.03035	0.01867	0.02239	0.01515	0.01122	0.00943	0.00293	0.01664	0.00748	0.06742	0.01227
15	0.01926	0.01174	0.01498	0.01435	0.01582	0.01205	0.00968	0.02086	0.01797	0.07882	0.03374	0.05928	0.03463	0.39449	0.20447	0.01187	0.01596	0.01410	0.00711	0.00879
16	0.01354	0.00968	0.01288	0.01501	0.01587	0.00902	0.01014	0.01582	0.02205	0.02971	0.11696	0.54749	0.07574	0.03276	0.01379	0.00431	0.00619	0.02967	0.01034	0.00902
17	0.01543	0.01124	0.01583	0.01606	0.01745	0.01252	0.01175	0.01828	0.01745	0.02461	0.03313	0.10003	0.03404	0.19693	0.40777	0.01480	0.02299	0.01435	0.00640	0.00896
18	0.02877	0.02280	0.02481	0.02116	0.02729	0.02536	0.01674	0.18447	0.27646	0.05205	0.14994	0.04545	0.04440	0.01596	0.01143	0.00351	0.00885	0.01323	0.01124	0.01609
19	0.48979	0.02155	0.01973	0.01653	0.02384	0.02368	0.01363	0.08713	0.02466	0.15741	0.02218	0.02267	0.01570	0.01114	0.00807	0.00336	0.00899	0.00738	0.00860	0.01393
20	0.11275	0.02148	0.02601	0.02015	0.02848	0.02084	0.01664	0.15320	0.03439	0.39631	0.03644	0.03271	0.02357	0.01306	0.01052	0.00335	0.00980	0.01020	0.01223	0.01787
21	0.02059	0.01938	0.03270	0.59060	0.07510	0.02422	0.03028	0.02786	0.02180	0.02786	0.01938	0.02907	0.01453	0.01090	0.01090	0.00363	0.01453	0.00969	0.00484	0.01211
22	0.16280	0.02417	0.04021	0.17360	0.21989	0.02559	0.13417	0.03219	0.02303	0.03640	0.01949	0.02610	0.01534	0.00996	0.01045	0.00346	0.01360	0.00962	0.00557	0.01437

[dist]
# distance from previous block
# <min> <max>
0	1

[block]
# block no. 9 follows, 12 sequences, length 12
# corresponding to MSA columns:
# 520-531
name=unknown_J
#
# <colnr> <probs for GDERKNQSTAVLIFYWHMCP>
#	G	D	E	R	K	N	Q	S	T	A	V	L	I	F	Y	W	H	M	C	P
0	0.09472	0.41346	0.04653	0.02042	0.02886	0.12390	0.01861	0.08553	0.02630	0.03260	0.01660	0.01878	0.01428	0.01010	0.00784	0.00261	0.01265	0.00645	0.00568	0.01406
1	0.19087	0.10212	0.02900	0.01978	0.02795	0.08498	0.01643	0.15248	0.03024	0.08729	0.02119	0.02256	0.01610	0.01073	0.00875	0.00280	0.01091	0.00750	0.00788	0.15041
2	0.09792	0.06769	0.07346	0.03080	0.11397	0.02638	0.05592	0.13196	0.03034	0.18427	0.02652	0.02774	0.01893	0.01207	0.01205	0.00338	0.05187	0.00954	0.00867	0.01650
3	0.01425	0.01122	0.01303	0.01361	0.01661	0.01000	0.01058	0.01776	0.02553	0.03226	0.16635	0.14940	0.33663	0.02781	0.01340	0.00397	0.00641	0.11124	0.01041	0.00951
4	0.02276	0.01581	0.01984	0.05732	0.02430	0.01680	0.01422	0.09903	0.02602	0.08301	0.04750	0.25677	0.08814	0.10578	0.02039	0.00490	0.05689	0.01975	0.00927	0.01149
5	0.02033	0.01016	0.01016	0.01016	0.01270	0.01016	0.00762	0.02541	0.02287	0.04065	0.03557	0.04065	0.02795	0.01270	0.00762	0.00254	0.00508	0.01016	0.67734	0.01016
6	0.01839	0.00973	0.01426	0.01413	0.01453	0.00960	0.00960	0.01521	0.01683	0.02285	0.10154	0.04076	0.03217	0.03542	0.03792	0.57570	0.00879	0.01108	0.00588	0.00561
7	0.02915	0.62337	0.05714	0.01866	0.02799	0.04314	0.01866	0.03265	0.02215	0.02565	0.01516	0.01749	0.01399	0.00933	0.00700	0.00233	0.01166	0.00583	0.00466	0.01399
8	0.01444	0.01067	0.01349	0.01370	0.01591	0.00972	0.00993	0.01830	0.02715	0.03707	0.34095	0.23162	0.16393	0.02642	0.01316	0.00375	0.00553	0.02337	0.01119	0.00972
9	0.02059	0.01938	0.03270	0.59060	0.07510	0.02422	0.03028	0.02786	0.02180	0.02786	0.01938	0.02907	0.01453	0.01090	0.01090	0.00363	0.01453	0.00969	0.00484	0.01211
10	0.18658	0.02233	0.02275	0.10884	0.03139	0.09868	0.01708	0.03113	0.02273	0.08953	0.06539	0.03455	0.02579	0.06366	0.09049	0.00583	0.05408	0.01004	0.00717	0.01194
11	0.23514	0.02592	0.02303	0.02014	0.02685	0.08409	0.01589	0.07588	0.24990	0.04539	0.02940	0.02907	0.02238	0.01237	0.00938	0.00332	0.00993	0.00918	0.00882	0.06392

[dist]
# distance from previous block
# <min> <max>
0	7

[block]
# block no. 10 follows, 12 sequences, length 10
# corresponding to MSA columns:
# 539-548
name=unknown_K
#
# <colnr> <probs for GDERKNQSTAVLIFYWHMCP>
#	G	D	E	R	K	N	Q	S	T	A	V	L	I	F	Y	W	H	M	C	P
0	0.23838	0.07836	0.07381	0.02069	0.02945	0.02760	0.01862	0.19545	0.03252	0.15023	0.02457	0.02470	0.01733	0.01171	0.00927	0.00326	0.01072	0.00836	0.00906	0.01590
1	0.02493	0.02025	0.10548	0.01838	0.02445	0.01436	0.01729	0.03105	0.02768	0.15424	0.20115	0.06361	0.05520	0.01844	0.01171	0.00357	0.00864	0.08943	0.09713	0.01302
2	0.01586	0.01181	0.01454	0.01368	0.01652	0.01056	0.00981	0.01947	0.02552	0.03563	0.29308	0.14691	0.11561	0.12023	0.01943	0.00454	0.00658	0.01930	0.01003	0.09087
3	0.01747	0.01361	0.01869	0.01829	0.02093	0.01584	0.01422	0.02578	0.10149	0.02864	0.03170	0.04248	0.02825	0.07078	0.48128	0.01525	0.02583	0.01179	0.00670	0.01097
4	0.03028	0.02657	0.02827	0.17896	0.04165	0.11446	0.02121	0.12976	0.12396	0.07432	0.08975	0.03596	0.03016	0.01364	0.01100	0.00340	0.01233	0.01106	0.00870	0.01457
5	0.01512	0.01145	0.01435	0.01598	0.01856	0.01068	0.01291	0.01877	0.02424	0.03062	0.07686	0.20611	0.23519	0.02998	0.01408	0.00444	0.00776	0.23331	0.01009	0.00953
6	0.02406	0.03153	0.13954	0.10786	0.05382	0.02519	0.30970	0.03307	0.02440	0.03405	0.02098	0.02746	0.01578	0.00947	0.01162	0.00338	0.01627	0.01088	0.00539	0.09556
7	0.02059	0.01938	0.03270	0.59060	0.07510	0.02422	0.03028	0.02786	0.02180	0.02786	0.01938	0.02907	0.01453	0.01090	0.01090	0.00363	0.01453	0.00969	0.00484	0.01211
8	0.07685	0.07901	0.07441	0.05780	0.03260	0.07696	0.01942	0.11549	0.03037	0.16100	0.06141	0.03005	0.02409	0.01207	0.00991	0.00300	0.01136	0.00929	0.00873	0.10618
9	0.03354	0.02629	0.02550	0.02139	0.02827	0.11216	0.01683	0.09925	0.18605	0.14294	0.08320	0.03668	0.03194	0.01368	0.01065	0.00316	0.01054	0.01092	0.01017	0.09685

[dist]
# distance from previous block
# <min> <max>
0	49

[block]
# block no. 11 follows, 12 sequences, length 24
# corresponding to MSA columns:
# 598-621
name=unknown_L
#
# <colnr> <probs for GDERKNQSTAVLIFYWHMCP>
#	G	D	E	R	K	N	Q	S	T	A	V	L	I	F	Y	W	H	M	C	P
0	0.08172	0.02024	0.07514	0.09185	0.03192	0.01723	0.01849	0.03566	0.02629	0.22813	0.12874	0.04240	0.03739	0.02357	0.08763	0.00535	0.01249	0.01189	0.00966	0.01419
1	0.17512	0.02419	0.07100	0.09717	0.18093	0.02326	0.02416	0.03483	0.02355	0.12730	0.02509	0.03274	0.01998	0.01262	0.01188	0.00357	0.05097	0.03960	0.00724	0.01479
2	0.02670	0.02216	0.02399	0.02078	0.02708	0.02437	0.01628	0.10070	0.35949	0.04697	0.10794	0.04289	0.03949	0.01498	0.01103	0.00342	0.00848	0.01250	0.01076	0.07999
3	0.03912	0.04929	0.03114	0.02814	0.03322	0.52156	0.02133	0.04189	0.02954	0.02664	0.01661	0.02006	0.01407	0.01198	0.01231	0.00300	0.07471	0.00726	0.00554	0.01257
4	0.02762	0.02683	0.05567	0.11724	0.05620	0.02583	0.38882	0.03600	0.02581	0.09220	0.02403	0.03023	0.01744	0.00991	0.01239	0.00364	0.01684	0.01222	0.00631	0.01478
5	0.02218	0.02100	0.03557	0.46072	0.19258	0.02464	0.03107	0.02925	0.02255	0.02978	0.01966	0.02855	0.01521	0.01061	0.01087	0.00354	0.01414	0.00970	0.00498	0.01339
6	0.01652	0.01258	0.01555	0.01583	0.01870	0.01230	0.01231	0.02369	0.08298	0.03719	0.25037	0.16149	0.14983	0.02558	0.01329	0.00398	0.00681	0.11944	0.01093	0.01065
7	0.13773	0.02350	0.03975	0.03385	0.09482	0.02339	0.20865	0.03647	0.06313	0.10780	0.02653	0.03253	0.02063	0.05238	0.04683	0.00478	0.01430	0.01119	0.00731	0.01444
8	0.01586	0.01057	0.01189	0.01189	0.01189	0.01057	0.00661	0.01586	0.01586	0.02114	0.03436	0.07135	0.03964	0.61681	0.05550	0.01057	0.01057	0.01586	0.00661	0.00661
9	0.02915	0.62337	0.05714	0.01866	0.02799	0.04314	0.01866	0.03265	0.02215	0.02565	0.01516	0.01749	0.01399	0.00933	0.00700	0.00233	0.01166	0.00583	0.00466	0.01399
10	0.01393	0.01109	0.01249	0.01214	0.01537	0.00965	0.00910	0.01766	0.02731	0.03529	0.28740	0.09533	0.36378	0.02544	0.01288	0.00358	0.00537	0.02166	0.01089	0.00965
11	0.02187	0.05640	0.56031	0.03108	0.04719	0.02532	0.04029	0.03453	0.02302	0.03453	0.01957	0.02302	0.01381	0.01036	0.01036	0.00345	0.01611	0.00806	0.00460	0.01611
12	0.02238	0.01847	0.02138	0.01556	0.02455	0.01410	0.01240	0.02725	0.02264	0.03603	0.02098	0.02439	0.01731	0.00853	0.00803	0.00171	0.00778	0.00682	0.07256	0.61712
13	0.03096	0.01468	0.01692	0.01440	0.01931	0.01425	0.01143	0.08169	0.02816	0.19772	0.03687	0.03817	0.02673	0.01298	0.00895	0.00286	0.00702	0.01037	0.41304	0.01350
14	0.69383	0.02109	0.01603	0.01434	0.02109	0.02446	0.01181	0.03205	0.01856	0.04892	0.01518	0.01771	0.01181	0.01012	0.00675	0.00337	0.00843	0.00590	0.00675	0.01181
15	0.02775	0.02033	0.03311	0.37820	0.14662	0.02276	0.02778	0.03423	0.02434	0.14222	0.02463	0.03043	0.01767	0.01125	0.01090	0.00351	0.01314	0.00997	0.00679	0.01438
16	0.02385	0.02385	0.03340	0.02863	0.02863	0.03340	0.02385	0.02624	0.01670	0.02624	0.01431	0.02385	0.01431	0.01908	0.03578	0.00477	0.59685	0.00954	0.00477	0.01193
17	0.01347	0.00963	0.01282	0.01505	0.01586	0.00898	0.01014	0.01565	0.02175	0.02922	0.10225	0.56358	0.07480	0.03312	0.01382	0.00434	0.00622	0.03001	0.01029	0.00898
18	0.02773	0.01385	0.01806	0.01562	0.02045	0.01223	0.01219	0.03197	0.02949	0.23648	0.25968	0.10342	0.13282	0.02047	0.01221	0.00351	0.00686	0.01759	0.01219	0.01320
19	0.03454	0.10726	0.03200	0.02247	0.03018	0.03061	0.01856	0.21473	0.24355	0.09977	0.03383	0.03205	0.02484	0.01332	0.01046	0.00333	0.01030	0.01042	0.01038	0.01739
20	0.69383	0.02109	0.01603	0.01434	0.02109	0.02446	0.01181	0.03205	0.01856	0.04892	0.01518	0.01771	0.01181	0.01012	0.00675	0.00337	0.00843	0.00590	0.00675	0.01181
21	0.55181	0.02171	0.01842	0.01625	0.02294	0.02480	0.01348	0.09680	0.02353	0.05034	0.02002	0.02713	0.01673	0.01210	0.00797	0.00349	0.00905	0.04329	0.00757	0.01259
22	0.02140	0.08952	0.12142	0.01743	0.02419	0.01872	0.01689	0.03025	0.07439	0.03858	0.13843	0.04209	0.03938	0.01378	0.00956	0.00292	0.00847	0.01125	0.21607	0.06528
23	0.03280	0.44614	0.04960	0.02086	0.02974	0.08739	0.01931	0.13667	0.02917	0.03499	0.01767	0.01955	0.01497	0.01030	0.00808	0.00258	0.01243	0.00679	0.00609	0.01485

[dist]
# distance from previous block
# <min> <max>
0	1

[block]
# block no. 12 follows, 12 sequences, length 10
# corresponding to MSA columns:
# 623-632
name=unknown_M
#
# <colnr> <probs for GDERKNQSTAVLIFYWHMCP>
#	G	D	E	R	K	N	Q	S	T	A	V	L	I	F	Y	W	H	M	C	P
0	0.59795	0.02248	0.01848	0.01592	0.02296	0.02583	0.01312	0.10265	0.02336	0.05183	0.01680	0.01896	0.01280	0.01056	0.00736	0.00336	0.00896	0.00648	0.00736	0.01280
1	0.02557	0.01516	0.01932	0.01856	0.06125	0.01327	0.01309	0.03001	0.02690	0.16268	0.14253	0.05785	0.15426	0.01706	0.01087	0.00308	0.00726	0.01438	0.09540	0.11151
2	0.01664	0.10050	0.02010	0.01500	0.01783	0.01458	0.01145	0.02031	0.02581	0.03506	0.28287	0.27176	0.07819	0.02487	0.01240	0.00365	0.00655	0.02194	0.01021	0.01029
3	0.02442	0.02221	0.03564	0.29779	0.09118	0.02492	0.09667	0.09450	0.06901	0.03632	0.02662	0.08339	0.02247	0.01334	0.01148	0.00364	0.01340	0.01237	0.00680	0.01384
4	0.02303	0.01226	0.01569	0.01431	0.01727	0.01139	0.01040	0.02604	0.02532	0.14273	0.22060	0.09648	0.05946	0.14610	0.02296	0.04968	0.00750	0.01624	0.07176	0.01077
5	0.01574	0.01103	0.01423	0.01423	0.01503	0.01184	0.00952	0.01735	0.01655	0.02287	0.03222	0.05953	0.03451	0.39507	0.27022	0.01345	0.01829	0.01413	0.00629	0.00790
6	0.03176	0.54367	0.05294	0.01875	0.02797	0.03957	0.01831	0.03535	0.02335	0.09558	0.01883	0.02008	0.01571	0.00988	0.00752	0.00247	0.01135	0.00651	0.00583	0.01459
7	0.01328	0.00949	0.01265	0.01518	0.01581	0.00886	0.01012	0.01518	0.02088	0.02783	0.06010	0.60969	0.07212	0.03416	0.01392	0.00443	0.00633	0.03100	0.01012	0.00886
8	0.02828	0.07767	0.03834	0.28750	0.05474	0.02649	0.09978	0.07968	0.06070	0.10338	0.02484	0.02963	0.01808	0.01130	0.01087	0.00346	0.01354	0.01019	0.00706	0.01448
9	0.02816	0.13224	0.03716	0.07214	0.07880	0.03033	0.06544	0.08901	0.26554	0.04096	0.03144	0.03208	0.02411	0.01241	0.01046	0.00337	0.01121	0.01055	0.00844	0.01616

[dist]
# distance from previous block
# <min> <max>
0	1

[block]
# block no. 13 follows, 12 sequences, length 9
# corresponding to MSA columns:
# 634-642
name=unknown_N
#
# <colnr> <probs for GDERKNQSTAVLIFYWHMCP>
#	G	D	E	R	K	N	Q	S	T	A	V	L	I	F	Y	W	H	M	C	P
0	0.69383	0.02109	0.01603	0.01434	0.02109	0.02446	0.01181	0.03205	0.01856	0.04892	0.01518	0.01771	0.01181	0.01012	0.00675	0.00337	0.00843	0.00590	0.00675	0.01181
1	0.02578	0.08620	0.18937	0.02856	0.07421	0.02549	0.07201	0.13459	0.03056	0.04169	0.08836	0.04016	0.08784	0.01403	0.01102	0.00334	0.01236	0.01187	0.00758	0.01496
2	0.02258	0.03729	0.28275	0.07822	0.04202	0.02246	0.06721	0.07308	0.02596	0.03711	0.06181	0.08539	0.02678	0.01351	0.01096	0.00339	0.01329	0.01165	0.00650	0.07803
3	0.02461	0.01323	0.01719	0.01501	0.01937	0.01178	0.01168	0.02921	0.03025	0.18718	0.35025	0.07167	0.13366	0.02043	0.01233	0.00344	0.00636	0.01763	0.01220	0.01250
4	0.19453	0.25021	0.03339	0.01737	0.02446	0.02773	0.01545	0.03394	0.02279	0.13022	0.02639	0.03667	0.02308	0.05843	0.01221	0.00370	0.01017	0.05840	0.00754	0.01331
5	0.03167	0.02528	0.08041	0.14756	0.04417	0.02275	0.08965	0.08473	0.07378	0.17496	0.02890	0.03077	0.02028	0.01155	0.01085	0.00331	0.01235	0.01022	0.00851	0.08829
6	0.01936	0.01478	0.02269	0.07416	0.02646	0.01595	0.07154	0.02206	0.01965	0.02829	0.03327	0.04540	0.07001	0.10844	0.07604	0.13072	0.06749	0.01232	0.13193	0.00944
