[name]
unknown

[dist]
# distance from previous block
# <min> <max>
0	30

[block]
# block no. 0 follows, 14 sequences, length 8
# corresponding to MSA columns:
# 33-40
name=unknown_A
#
# <colnr> <probs for GDERKNQSTAVLIFYWHMCP>
#	G	D	E	R	K	N	Q	S	T	A	V	L	I	F	Y	W	H	M	C	P
0	0.01306	0.01013	0.01189	0.01210	0.01460	0.00896	0.00883	0.01629	0.02463	0.03219	0.26011	0.20135	0.29810	0.02548	0.01232	0.00353	0.00523	0.02211	0.01016	0.00896
1	0.11796	0.02379	0.11485	0.02380	0.09142	0.01881	0.01921	0.07836	0.02588	0.19896	0.03460	0.07374	0.06039	0.01354	0.00979	0.00320	0.00961	0.01104	0.05671	0.01434
2	0.01376	0.01032	0.01187	0.01156	0.01374	0.00938	0.00811	0.01655	0.02337	0.03083	0.26314	0.08221	0.25303	0.18186	0.02244	0.00504	0.00628	0.01874	0.00935	0.00842
3	0.02443	0.02339	0.03990	0.15194	0.49396	0.02413	0.03101	0.03064	0.02291	0.03235	0.01913	0.02571	0.01584	0.00932	0.01018	0.00311	0.01243	0.00914	0.00500	0.01547
4	0.01858	0.01113	0.01633	0.01559	0.01559	0.01260	0.01113	0.01523	0.01375	0.01895	0.01711	0.02976	0.01711	0.03275	0.03905	0.58721	0.10916	0.00892	0.00446	0.00557
5	0.14360	0.02860	0.03453	0.09682	0.03926	0.10648	0.13329	0.21519	0.03197	0.04458	0.02011	0.02348	0.01497	0.01057	0.00989	0.00316	0.01335	0.00889	0.00714	0.01413
6	0.37895	0.02288	0.02603	0.03029	0.18926	0.02508	0.01882	0.12649	0.02502	0.04577	0.01774	0.02079	0.01385	0.00994	0.00823	0.00312	0.00985	0.00733	0.00670	0.01385
7	0.13931	0.02269	0.03484	0.03999	0.25945	0.02299	0.09284	0.03724	0.08683	0.12653	0.02483	0.02739	0.01862	0.01029	0.00987	0.00320	0.01115	0.00945	0.00719	0.01529

[dist]
# distance from previous block
# <min> <max>
0	3

[block]
# block no. 1 follows, 14 sequences, length 39
# corresponding to MSA columns:
# 44-82
name=unknown_B
#
# <colnr> <probs for GDERKNQSTAVLIFYWHMCP>
#	G	D	E	R	K	N	Q	S	T	A	V	L	I	F	Y	W	H	M	C	P
0	0.06717	0.07194	0.23640	0.02540	0.03554	0.02517	0.08437	0.10367	0.11790	0.03865	0.03018	0.03143	0.06343	0.01197	0.01001	0.00324	0.01213	0.00995	0.00686	0.01459
1	0.01409	0.01027	0.01219	0.01254	0.01392	0.01005	0.00857	0.01577	0.01832	0.02374	0.05357	0.11816	0.17775	0.30846	0.11672	0.00843	0.01096	0.05137	0.00745	0.00767
2	0.02440	0.12452	0.08286	0.02230	0.02839	0.02474	0.05841	0.06197	0.11891	0.06941	0.08343	0.07552	0.03264	0.01552	0.01361	0.00345	0.09295	0.04591	0.00777	0.01330
3	0.01296	0.01039	0.01133	0.01112	0.01406	0.00902	0.00819	0.01597	0.02430	0.03073	0.22228	0.09071	0.40849	0.06734	0.01491	0.00385	0.00543	0.02037	0.00977	0.00876
4	0.02476	0.13666	0.15295	0.03025	0.12646	0.02805	0.02473	0.08623	0.05591	0.03462	0.06490	0.02746	0.02224	0.01248	0.01405	0.00326	0.12567	0.00909	0.00609	0.01413
5	0.01692	0.01162	0.01420	0.01377	0.01671	0.01091	0.01022	0.02256	0.06976	0.07675	0.27550	0.19841	0.17687	0.02327	0.01205	0.00350	0.00573	0.02034	0.01058	0.01032
6	0.02836	0.19887	0.12998	0.02254	0.03088	0.12232	0.02136	0.10245	0.06003	0.03356	0.01880	0.02125	0.01516	0.01067	0.01068	0.00276	0.06313	0.00729	0.00592	0.09398
7	0.08864	0.11770	0.09714	0.02586	0.10372	0.02223	0.05903	0.03056	0.02192	0.06731	0.01902	0.02208	0.01507	0.00881	0.00845	0.00244	0.01045	0.00726	0.00586	0.26644
8	0.02727	0.21093	0.10715	0.10421	0.03805	0.07415	0.06511	0.10168	0.11018	0.03452	0.02169	0.02419	0.01685	0.01050	0.00923	0.00295	0.01255	0.00833	0.00627	0.01418
9	0.03152	0.10637	0.24603	0.02502	0.03605	0.02450	0.06483	0.10644	0.02760	0.19488	0.02534	0.02576	0.01741	0.01075	0.00980	0.00310	0.01246	0.00870	0.00763	0.01581
10	0.02853	0.09588	0.02833	0.02106	0.02771	0.02858	0.01707	0.15226	0.38948	0.04524	0.03503	0.03293	0.02635	0.01299	0.00996	0.00325	0.00911	0.01040	0.00970	0.01614
11	0.01420	0.01048	0.01327	0.01257	0.01513	0.00954	0.00943	0.01874	0.02828	0.03933	0.50665	0.07966	0.16123	0.02166	0.01211	0.00326	0.00489	0.01898	0.01106	0.00954
12	0.07845	0.06964	0.02859	0.10070	0.03266	0.01892	0.07998	0.03546	0.02424	0.24574	0.03208	0.09395	0.02518	0.01332	0.00995	0.00319	0.00993	0.01157	0.07275	0.01369
13	0.16638	0.12402	0.15439	0.01958	0.02781	0.02343	0.04382	0.03373	0.08339	0.06807	0.02381	0.02589	0.01808	0.01056	0.00830	0.00294	0.01000	0.00805	0.13456	0.01317
14	0.01274	0.00933	0.01198	0.01361	0.01482	0.00857	0.00933	0.01506	0.02143	0.02849	0.13471	0.48852	0.13400	0.02982	0.01284	0.00395	0.00570	0.02675	0.00978	0.00857
15	0.02490	0.02387	0.04075	0.10892	0.53332	0.02425	0.03125	0.03106	0.02313	0.03292	0.01921	0.02556	0.01604	0.00924	0.01017	0.00308	0.01232	0.00914	0.00504	0.01585
16	0.02157	0.01998	0.03093	0.43866	0.05797	0.02541	0.02646	0.06539	0.02158	0.02883	0.01767	0.02606	0.01392	0.01213	0.01547	0.00363	0.14842	0.00910	0.00498	0.01183
17	0.02668	0.02108	0.03291	0.07482	0.34661	0.02134	0.02488	0.07198	0.02557	0.08700	0.02598	0.03475	0.02152	0.01159	0.01015	0.00313	0.01080	0.04746	0.08684	0.01491
18	0.01249	0.00978	0.01131	0.01225	0.01442	0.00861	0.00868	0.01493	0.02228	0.02820	0.12273	0.32240	0.31912	0.02817	0.01254	0.00374	0.00549	0.02457	0.00968	0.00861
19	0.02058	0.05308	0.58618	0.02925	0.04442	0.02383	0.03792	0.03250	0.02167	0.03250	0.01842	0.02167	0.01300	0.00975	0.00975	0.00325	0.01517	0.00758	0.00433	0.01517
20	0.06841	0.02160	0.06538	0.10177	0.03452	0.01983	0.05186	0.09259	0.06991	0.25573	0.03322	0.08630	0.02515	0.01360	0.01044	0.00334	0.01032	0.01157	0.00947	0.01497
21	0.02636	0.03838	0.33973	0.08163	0.04227	0.02220	0.06266	0.03732	0.06606	0.14636	0.02497	0.02665	0.01725	0.01067	0.01012	0.00328	0.01327	0.00890	0.00663	0.01529
22	0.02553	0.02204	0.02320	0.02088	0.02669	0.02553	0.01624	0.05453	0.55679	0.04293	0.04177	0.03829	0.03133	0.01392	0.01044	0.00348	0.00812	0.01160	0.01044	0.01624
23	0.12663	0.03373	0.03234	0.06719	0.03601	0.22802	0.09377	0.18711	0.03195	0.04100	0.01915	0.02203	0.01457	0.01066	0.00964	0.00302	0.01440	0.00822	0.00686	0.01370
24	0.01420	0.01048	0.01327	0.01257	0.01513	0.00954	0.00943	0.01874	0.02828	0.03933	0.50665	0.07966	0.16123	0.02166	0.01211	0.00326	0.00489	0.01898	0.01106	0.00954
25	0.02545	0.02893	0.11210	0.07928	0.09034	0.06749	0.16180	0.12509	0.02765	0.03666	0.02612	0.12106	0.02358	0.01353	0.01105	0.00337	0.01342	0.01272	0.00666	0.01371
26	0.03033	0.02328	0.09257	0.01864	0.02806	0.01704	0.01690	0.08187	0.02628	0.20213	0.02558	0.02576	0.01822	0.00985	0.00893	0.00238	0.00922	0.00784	0.00825	0.34686
27	0.02711	0.02253	0.03581	0.04977	0.40571	0.02262	0.02704	0.07896	0.02619	0.07988	0.02625	0.03836	0.02291	0.01233	0.01073	0.00329	0.01146	0.07674	0.00676	0.01554
28	0.02195	0.02240	0.03055	0.53481	0.06539	0.10092	0.02732	0.02822	0.02168	0.02607	0.01792	0.02616	0.01362	0.01030	0.01012	0.00331	0.01434	0.00878	0.00466	0.01147
29	0.02141	0.02275	0.04677	0.03481	0.04290	0.02132	0.38229	0.02874	0.02453	0.03296	0.08260	0.04877	0.07287	0.01361	0.01237	0.00359	0.01421	0.07439	0.00663	0.01250
30	0.02540	0.02438	0.04165	0.06299	0.57533	0.02438	0.03149	0.03149	0.02337	0.03353	0.01930	0.02540	0.01626	0.00914	0.01016	0.00305	0.01219	0.00914	0.00508	0.01626
31	0.01299	0.00955	0.01230	0.01430	0.01559	0.00886	0.01020	0.01531	0.02078	0.02705	0.06376	0.47801	0.14630	0.03066	0.01309	0.00413	0.00631	0.09276	0.00952	0.00854
32	0.01367	0.01028	0.01309	0.01419	0.01611	0.00908	0.00978	0.01588	0.02009	0.02727	0.05410	0.51879	0.08981	0.02846	0.01230	0.00377	0.00613	0.02560	0.00906	0.10255
33	0.42572	0.03219	0.02103	0.01899	0.02489	0.26735	0.01482	0.03476	0.02240	0.03715	0.01496	0.01745	0.01201	0.00997	0.00758	0.00295	0.01243	0.00600	0.00590	0.01145
34	0.01293	0.00926	0.01229	0.01400	0.01498	0.00862	0.00956	0.01535	0.02161	0.02932	0.16394	0.51635	0.07393	0.02981	0.01289	0.00397	0.00572	0.02695	0.00990	0.00862
35	0.02436	0.02332	0.03977	0.15834	0.48811	0.02411	0.03098	0.03058	0.02287	0.03226	0.01912	0.02574	0.01581	0.00934	0.01018	0.00311	0.01245	0.00914	0.00499	0.01542
36	0.08446	0.01813	0.02218	0.01894	0.02458	0.01871	0.04465	0.06715	0.18506	0.16157	0.07613	0.12219	0.07866	0.01675	0.01076	0.00344	0.00824	0.01432	0.01014	0.01394
37	0.31588	0.02130	0.02833	0.14535	0.24478	0.02351	0.02228	0.02994	0.02033	0.03747	0.01697	0.02206	0.01359	0.00952	0.00856	0.00317	0.01066	0.00762	0.00552	0.01316
38	0.07831	0.22592	0.06842	0.02471	0.10189	0.02759	0.01936	0.09658	0.02590	0.13000	0.02146	0.02275	0.01631	0.00991	0.00845	0.00264	0.01043	0.00748	0.00697	0.09489

[dist]
# distance from previous block
# <min> <max>
0	1

[block]
# block no. 2 follows, 14 sequences, length 11
# corresponding to MSA columns:
# 84-94
name=unknown_C
#
# <colnr> <probs for GDERKNQSTAVLIFYWHMCP>
#	G	D	E	R	K	N	Q	S	T	A	V	L	I	F	Y	W	H	M	C	P
0	0.02499	0.02411	0.04022	0.05795	0.49861	0.02537	0.03023	0.03054	0.02230	0.03229	0.01849	0.02499	0.01587	0.01038	0.01345	0.00325	0.09730	0.00912	0.00500	0.01555
1	0.02283	0.01555	0.02257	0.01861	0.02433	0.01326	0.07149	0.02667	0.02249	0.13326	0.03760	0.26241	0.03764	0.01823	0.01076	0.00308	0.00827	0.01654	0.00856	0.22583
2	0.04301	0.01756	0.02350	0.01788	0.02597	0.01491	0.01472	0.04705	0.02838	0.51516	0.03776	0.03326	0.02415	0.01208	0.00999	0.00297	0.00859	0.00980	0.01189	0.10136
3	0.14879	0.06742	0.02445	0.01848	0.02541	0.02334	0.01519	0.10637	0.18625	0.10417	0.02999	0.03321	0.02342	0.01245	0.00924	0.00305	0.00880	0.04019	0.00883	0.11093
4	0.02744	0.64552	0.05378	0.01756	0.02634	0.04061	0.01756	0.03073	0.02085	0.02414	0.01427	0.01646	0.01317	0.00878	0.00658	0.00219	0.01097	0.00549	0.00439	0.01317
5	0.02875	0.23030	0.28633	0.02299	0.03444	0.02702	0.02614	0.03609	0.02323	0.15996	0.02234	0.02317	0.01599	0.01014	0.00889	0.00290	0.01233	0.00757	0.00633	0.01508
6	0.03332	0.18053	0.03138	0.01893	0.02610	0.02510	0.01629	0.12324	0.09456	0.21056	0.07171	0.03720	0.02916	0.01341	0.00975	0.00305	0.00942	0.04162	0.00957	0.01511
7	0.02482	0.01697	0.02084	0.01992	0.05115	0.01697	0.01479	0.13002	0.07142	0.10586	0.10076	0.16749	0.07515	0.01957	0.01144	0.00347	0.00821	0.07391	0.00986	0.05737
8	0.01350	0.00995	0.01264	0.01303	0.01497	0.00908	0.00937	0.01699	0.02506	0.03418	0.32998	0.26902	0.15333	0.02548	0.01245	0.00358	0.00527	0.02261	0.01045	0.00908
9	0.15310	0.02713	0.10475	0.02612	0.09636	0.02445	0.02083	0.16238	0.10614	0.13903	0.02648	0.02665	0.01893	0.01137	0.00952	0.00319	0.01045	0.00887	0.00855	0.01569
10	0.02915	0.31644	0.14491	0.02167	0.03125	0.03386	0.02180	0.17215	0.07126	0.03826	0.02007	0.02141	0.01575	0.01034	0.00849	0.00274	0.01162	0.00739	0.00646	0.01496

[dist]
# distance from previous block
# <min> <max>
1	3

[block]
# block no. 3 follows, 14 sequences, length 16
# corresponding to MSA columns:
# 98-113
name=unknown_D
#
# <colnr> <probs for GDERKNQSTAVLIFYWHMCP>
#	G	D	E	R	K	N	Q	S	T	A	V	L	I	F	Y	W	H	M	C	P
0	0.02540	0.02438	0.04165	0.06299	0.57533	0.02438	0.03149	0.03149	0.02337	0.03353	0.01930	0.02540	0.01626	0.00914	0.01016	0.00305	0.01219	0.00914	0.00508	0.01626
1	0.02231	0.01533	0.01892	0.01571	0.02188	0.01257	0.01235	0.02609	0.02204	0.10655	0.03279	0.13133	0.03182	0.05633	0.01261	0.00313	0.00790	0.07663	0.00797	0.36575
2	0.23906	0.02702	0.02226	0.01823	0.02551	0.15396	0.01444	0.08861	0.02495	0.03889	0.01720	0.01960	0.01374	0.00941	0.00790	0.00246	0.01065	0.00640	0.00645	0.25328
3	0.02608	0.02247	0.02989	0.03190	0.16514	0.07580	0.07023	0.06095	0.09371	0.08763	0.18007	0.04190	0.04148	0.01367	0.01087	0.00317	0.01036	0.01227	0.00851	0.01390
4	0.02331	0.02190	0.03606	0.08414	0.36328	0.02185	0.05952	0.03082	0.05814	0.03455	0.08778	0.03243	0.02675	0.01081	0.01035	0.00303	0.01111	0.01041	0.00623	0.06753
5	0.01369	0.01014	0.01233	0.01235	0.01438	0.00926	0.00878	0.01687	0.02434	0.03281	0.30726	0.17420	0.19289	0.10387	0.01746	0.00431	0.00577	0.02059	0.00994	0.00877
6	0.01617	0.01155	0.01612	0.01848	0.02068	0.01150	0.01590	0.02063	0.02326	0.03030	0.05454	0.16283	0.05986	0.02869	0.01408	0.00467	0.00913	0.46281	0.00946	0.00935
7	0.01567	0.01091	0.01487	0.01708	0.01898	0.01076	0.01409	0.01963	0.02245	0.03005	0.05351	0.24456	0.05914	0.02823	0.01342	0.00442	0.00823	0.34913	0.05570	0.00917
8	0.01540	0.01117	0.01513	0.01726	0.01942	0.01090	0.01445	0.01940	0.02291	0.02963	0.05963	0.20388	0.11122	0.02878	0.01379	0.00450	0.00842	0.37546	0.00947	0.00918
9	0.71184	0.01985	0.01508	0.01350	0.01985	0.02302	0.01111	0.03017	0.01746	0.04604	0.01429	0.01667	0.01111	0.00953	0.00635	0.00318	0.00794	0.00556	0.00635	0.01111
10	0.02739	0.02097	0.02832	0.02803	0.11576	0.02277	0.04991	0.12841	0.13184	0.08192	0.06229	0.03311	0.02591	0.01482	0.01490	0.05739	0.07011	0.01052	0.06156	0.01407
11	0.02587	0.01854	0.02344	0.13172	0.03306	0.01904	0.01679	0.08403	0.13303	0.11773	0.12407	0.03790	0.03422	0.01292	0.01012	0.00297	0.00890	0.01088	0.00894	0.14581
12	0.02227	0.14354	0.34153	0.02424	0.03532	0.02592	0.02778	0.03516	0.12589	0.03216	0.02337	0.02757	0.01850	0.05919	0.01264	0.00364	0.01267	0.00859	0.00569	0.01435
13	0.03219	0.12073	0.16224	0.02830	0.08693	0.08329	0.05214	0.14167	0.02944	0.13224	0.02289	0.02422	0.01657	0.01062	0.00963	0.00299	0.01282	0.00841	0.00723	0.01547
14	0.02932	0.12344	0.13769	0.02285	0.03121	0.06921	0.05449	0.13546	0.06097	0.10113	0.05896	0.03119	0.02384	0.06022	0.01304	0.00355	0.01193	0.00965	0.00758	0.01427
15	0.06782	0.06014	0.01469	0.01207	0.01560	0.01230	0.00928	0.01754	0.02267	0.02992	0.12758	0.17104	0.35627	0.02390	0.01141	0.00344	0.00595	0.02008	0.00906	0.00925

[dist]
# distance from previous block
# <min> <max>
6	32

[block]
# block no. 4 follows, 14 sequences, length 19
# corresponding to MSA columns:
# 148-166
name=unknown_E
#
# <colnr> <probs for GDERKNQSTAVLIFYWHMCP>
#	G	D	E	R	K	N	Q	S	T	A	V	L	I	F	Y	W	H	M	C	P
0	0.01923	0.01108	0.01329	0.01249	0.01571	0.01006	0.00944	0.02316	0.02526	0.11125	0.22478	0.12077	0.16999	0.01994	0.01084	0.00317	0.00555	0.01707	0.16655	0.01039
1	0.02502	0.02155	0.06844	0.13827	0.14924	0.01998	0.10946	0.03128	0.02353	0.12280	0.05341	0.03831	0.02513	0.01851	0.06800	0.00466	0.01384	0.04806	0.00691	0.01359
2	0.02653	0.28576	0.03362	0.01685	0.02322	0.02531	0.01496	0.03248	0.06748	0.12687	0.16478	0.04295	0.04089	0.01420	0.00942	0.00289	0.00870	0.04164	0.00838	0.01304
3	0.02633	0.13804	0.08175	0.21460	0.07677	0.10359	0.11846	0.03247	0.02320	0.06278	0.01915	0.02424	0.01470	0.00980	0.00977	0.00306	0.01423	0.00865	0.00527	0.01315
4	0.02272	0.18412	0.13335	0.01838	0.02853	0.02239	0.01827	0.02831	0.02124	0.03090	0.01726	0.02013	0.01428	0.00829	0.00774	0.00201	0.00985	0.00621	0.00533	0.40071
5	0.18805	0.10143	0.24003	0.12016	0.03800	0.02397	0.02483	0.02941	0.02108	0.03464	0.07043	0.02616	0.02081	0.01076	0.00889	0.00314	0.01170	0.00818	0.00554	0.01280
6	0.13448	0.01665	0.01592	0.01459	0.01797	0.07367	0.01075	0.02292	0.02219	0.03340	0.20358	0.05021	0.04705	0.15491	0.07597	0.00574	0.01031	0.01255	0.00774	0.06941
7	0.01936	0.02126	0.08038	0.07692	0.15204	0.01833	0.13357	0.02536	0.02340	0.03217	0.11538	0.14582	0.07891	0.01628	0.01152	0.00344	0.01094	0.01555	0.00706	0.01231
8	0.03188	0.08949	0.30361	0.02362	0.03519	0.02161	0.02655	0.03971	0.02483	0.26295	0.02733	0.02679	0.01823	0.01091	0.00971	0.00313	0.01210	0.00855	0.00786	0.01596
9	0.13934	0.02257	0.03533	0.14949	0.39558	0.02388	0.02757	0.03037	0.02189	0.03437	0.01828	0.02427	0.01495	0.00940	0.00954	0.00313	0.01173	0.00854	0.00520	0.01456
10	0.01500	0.11556	0.01892	0.01484	0.01680	0.01374	0.01087	0.01704	0.01985	0.02585	0.04948	0.52944	0.05871	0.02824	0.01201	0.00384	0.00679	0.02521	0.00867	0.00915
11	0.03287	0.02638	0.07133	0.19280	0.04245	0.11704	0.04416	0.03814	0.02518	0.23200	0.02589	0.02796	0.01795	0.01156	0.01153	0.00325	0.04855	0.00915	0.00769	0.01410
12	0.02348	0.02062	0.02997	0.50974	0.06325	0.06810	0.02650	0.02971	0.02206	0.08009	0.02021	0.02739	0.01478	0.01052	0.01019	0.00333	0.01359	0.00904	0.00541	0.01203
13	0.02267	0.02000	0.03078	0.51568	0.06417	0.02431	0.02699	0.11247	0.02516	0.03266	0.01931	0.02690	0.01431	0.01060	0.01026	0.00336	0.01328	0.00914	0.00552	0.01241
14	0.01373	0.00995	0.01194	0.01210	0.01430	0.00891	0.00871	0.01558	0.02255	0.02916	0.19782	0.16186	0.28571	0.02729	0.01695	0.12042	0.00585	0.01988	0.00912	0.00816
15	0.02795	0.05764	0.14319	0.19805	0.12508	0.02308	0.02637	0.06236	0.05010	0.15008	0.02445	0.02738	0.01745	0.01072	0.00998	0.00320	0.01217	0.00902	0.00691	0.01482
16	0.03228	0.07519	0.03271	0.07315	0.11531	0.09306	0.02133	0.24963	0.12339	0.04596	0.02446	0.02594	0.01851	0.01149	0.00989	0.00305	0.01186	0.00903	0.00808	0.01567
17	0.02156	0.01940	0.11156	0.01713	0.02258	0.01460	0.01585	0.02902	0.06351	0.11095	0.16305	0.04486	0.04151	0.02710	0.12824	0.00576	0.01189	0.01199	0.12740	0.01205
18	0.14119	0.06566	0.17954	0.03182	0.15527	0.05289	0.02536	0.09717	0.02477	0.03803	0.01813	0.02165	0.01417	0.01018	0.01022	0.00305	0.04261	0.00763	0.00577	0.05489

[dist]
# distance from previous block
# <min> <max>
0	1

[block]
# block no. 5 follows, 14 sequences, length 14
# corresponding to MSA columns:
# 168-181
name=unknown_F
#
# <colnr> <probs for GDERKNQSTAVLIFYWHMCP>
#	G	D	E	R	K	N	Q	S	T	A	V	L	I	F	Y	W	H	M	C	P
0	0.01502	0.01091	0.01357	0.01312	0.01531	0.01006	0.00941	0.01822	0.02331	0.03238	0.28358	0.12357	0.08979	0.18098	0.02234	0.00503	0.00684	0.05486	0.00921	0.06249
1	0.02981	0.06995	0.06764	0.04550	0.32497	0.17378	0.02693	0.07955	0.02682	0.03353	0.01854	0.02282	0.01522	0.00981	0.00970	0.00291	0.01383	0.00820	0.00552	0.01500
2	0.05925	0.01523	0.02114	0.17193	0.07459	0.01548	0.01649	0.02322	0.02406	0.03463	0.22843	0.05050	0.09701	0.01516	0.01049	0.00304	0.00831	0.01311	0.00786	0.11006
3	0.02133	0.01136	0.01513	0.01533	0.01807	0.01027	0.01122	0.02387	0.02256	0.16978	0.05493	0.42259	0.08430	0.02660	0.01238	0.00390	0.00681	0.04845	0.01034	0.01076
4	0.20965	0.03437	0.02774	0.06838	0.03293	0.27520	0.04856	0.12269	0.02845	0.03785	0.01744	0.02030	0.01358	0.01047	0.00892	0.00296	0.01410	0.00730	0.00636	0.01273
5	0.02763	0.07699	0.14442	0.02066	0.03072	0.02265	0.02002	0.16175	0.02875	0.07274	0.02092	0.02265	0.01576	0.00966	0.00882	0.00243	0.01046	0.00741	0.00705	0.28851
6	0.02623	0.02129	0.02390	0.01788	0.02646	0.01941	0.01442	0.16113	0.07615	0.04233	0.02199	0.02367	0.01722	0.00938	0.00854	0.00210	0.00860	0.00739	0.00755	0.46436
7	0.01813	0.01624	0.02639	0.45969	0.05642	0.01942	0.02365	0.02445	0.02272	0.03007	0.16033	0.04006	0.03510	0.01302	0.01073	0.00337	0.01140	0.01155	0.00630	0.01096
8	0.02410	0.09028	0.11015	0.02110	0.05143	0.02134	0.01846	0.03597	0.16040	0.06893	0.06731	0.03044	0.02569	0.01107	0.00917	0.00265	0.00928	0.00901	0.00752	0.22571
9	0.53342	0.01720	0.01366	0.01248	0.01781	0.01956	0.01010	0.02856	0.01851	0.04404	0.01923	0.02223	0.01503	0.01015	0.00656	0.00297	0.00713	0.00659	0.18406	0.01071
10	0.02526	0.01934	0.03125	0.04356	0.34645	0.01882	0.02331	0.02991	0.02333	0.11614	0.03216	0.18327	0.03096	0.01562	0.01094	0.00336	0.01005	0.01448	0.00740	0.01440
11	0.20220	0.02321	0.03481	0.05024	0.43226	0.02403	0.02625	0.03115	0.02185	0.03675	0.01801	0.02315	0.01493	0.00924	0.00918	0.00308	0.01110	0.00822	0.00541	0.01493
12	0.01689	0.00943	0.01051	0.01117	0.01303	0.00921	0.00802	0.02079	0.02143	0.03487	0.07311	0.21647	0.04292	0.01848	0.00923	0.00297	0.00513	0.01592	0.45122	0.00921
13	0.01250	0.00893	0.01191	0.01429	0.01488	0.00834	0.00953	0.01429	0.01965	0.02620	0.05656	0.63265	0.06787	0.03215	0.01310	0.00417	0.00595	0.02917	0.00953	0.00834

[dist]
# distance from previous block
# <min> <max>
0	2

[block]
# block no. 6 follows, 14 sequences, length 33
# corresponding to MSA columns:
# 184-200,216-231
name=unknown_G
#
# <colnr> <probs for GDERKNQSTAVLIFYWHMCP>
#	G	D	E	R	K	N	Q	S	T	A	V	L	I	F	Y	W	H	M	C	P
0	0.02654	0.60129	0.05099	0.01724	0.02557	0.03845	0.01701	0.02994	0.02142	0.02533	0.05297	0.02065	0.01900	0.00963	0.00697	0.00227	0.01055	0.00640	0.00487	0.01293
1	0.01213	0.01040	0.01040	0.01040	0.01386	0.00866	0.00780	0.01473	0.02339	0.02772	0.10396	0.09876	0.57117	0.02599	0.01213	0.00347	0.00520	0.02166	0.00953	0.00866
2	0.02744	0.64552	0.05378	0.01756	0.02634	0.04061	0.01756	0.03073	0.02085	0.02414	0.01427	0.01646	0.01317	0.00878	0.00658	0.00219	0.01097	0.00549	0.00439	0.01317
3	0.01466	0.01100	0.01649	0.01649	0.01833	0.01283	0.01283	0.01833	0.01649	0.02382	0.02749	0.04032	0.02566	0.07697	0.59868	0.01649	0.02749	0.01100	0.00550	0.00916
4	0.02553	0.02204	0.02320	0.02088	0.02669	0.02553	0.01624	0.05453	0.55679	0.04293	0.04177	0.03829	0.03133	0.01392	0.01044	0.00348	0.00812	0.01160	0.01044	0.01624
5	0.01238	0.00940	0.01142	0.01304	0.01456	0.00844	0.00897	0.01443	0.02085	0.02669	0.07177	0.46139	0.22932	0.03017	0.01279	0.00394	0.00571	0.02676	0.00953	0.00844
6	0.01492	0.00995	0.01119	0.01119	0.01119	0.00995	0.00622	0.01492	0.01492	0.01990	0.03233	0.06716	0.03731	0.63935	0.05223	0.00995	0.00995	0.01492	0.00622	0.00622
7	0.02744	0.64552	0.05378	0.01756	0.02634	0.04061	0.01756	0.03073	0.02085	0.02414	0.01427	0.01646	0.01317	0.00878	0.00658	0.00219	0.01097	0.00549	0.00439	0.01317
8	0.01625	0.01402	0.01925	0.01905	0.01942	0.01703	0.01439	0.01820	0.01817	0.02563	0.04035	0.40308	0.04741	0.02681	0.02084	0.00429	0.23719	0.02158	0.00763	0.00942
9	0.30192	0.02569	0.02409	0.24255	0.04161	0.15051	0.01959	0.03108	0.02119	0.03394	0.01612	0.02110	0.01255	0.01003	0.00847	0.00315	0.01244	0.00713	0.00544	0.01140
10	0.03568	0.02709	0.02892	0.02294	0.03056	0.03027	0.01870	0.42103	0.17375	0.05931	0.02887	0.02801	0.02088	0.01271	0.01031	0.00318	0.01051	0.00982	0.01031	0.01715
11	0.02966	0.02268	0.02476	0.02043	0.02750	0.02435	0.01629	0.16553	0.31036	0.08841	0.03388	0.03209	0.02502	0.01245	0.00994	0.00305	0.00884	0.01007	0.00989	0.12480
12	0.11150	0.01770	0.02296	0.01779	0.02557	0.01586	0.01469	0.04806	0.02820	0.52971	0.03791	0.03313	0.02400	0.01239	0.00993	0.00318	0.00865	0.00985	0.01208	0.01684
13	0.02058	0.05308	0.58618	0.02925	0.04442	0.02383	0.03792	0.03250	0.02167	0.03250	0.01842	0.02167	0.01300	0.00975	0.00975	0.00325	0.01517	0.00758	0.00433	0.01517
14	0.02453	0.02330	0.02838	0.39156	0.05424	0.12185	0.02401	0.03194	0.06208	0.06409	0.05679	0.03030	0.02104	0.01143	0.01022	0.00326	0.01322	0.00955	0.00608	0.01212
15	0.02584	0.01810	0.02175	0.01576	0.02467	0.01394	0.01270	0.03029	0.02277	0.13455	0.02234	0.02379	0.01708	0.00854	0.00810	0.00182	0.00781	0.00686	0.00730	0.57600
16	0.02399	0.17873	0.33800	0.02745	0.03921	0.02887	0.08016	0.07022	0.02337	0.03261	0.01788	0.02137	0.01366	0.01015	0.01086	0.00310	0.05320	0.00778	0.00489	0.01451
17	0.02090	0.05090	0.54105	0.03045	0.04521	0.02401	0.08085	0.03253	0.02189	0.03253	0.01862	0.02218	0.01322	0.00966	0.00995	0.00327	0.01535	0.00797	0.00441	0.01505
18	0.01245	0.00915	0.01168	0.01371	0.01473	0.00838	0.00927	0.01435	0.02020	0.02642	0.06360	0.55338	0.14260	0.03124	0.01295	0.00406	0.00584	0.02806	0.00953	0.00838
19	0.03784	0.01589	0.02179	0.01844	0.02483	0.01417	0.01549	0.04202	0.02777	0.42911	0.04433	0.05739	0.03476	0.01705	0.01139	0.00361	0.00893	0.14815	0.01180	0.01524
20	0.01938	0.01824	0.03078	0.61468	0.07068	0.02280	0.02850	0.02622	0.02052	0.02622	0.01824	0.02736	0.01368	0.01026	0.01026	0.00342	0.01368	0.00912	0.00456	0.01140
21	0.02128	0.01824	0.02128	0.01520	0.02432	0.01368	0.01216	0.02584	0.02128	0.03344	0.01824	0.02128	0.01520	0.00760	0.00760	0.00152	0.00760	0.00608	0.00608	0.70208
22	0.01645	0.01318	0.01811	0.01712	0.01798	0.01601	0.01287	0.01866	0.01583	0.02278	0.02593	0.04482	0.02664	0.24059	0.30300	0.01180	0.15225	0.01179	0.00550	0.00869
23	0.01250	0.00893	0.01191	0.01429	0.01488	0.00834	0.00953	0.01429	0.01965	0.02620	0.05656	0.63265	0.06787	0.03215	0.01310	0.00417	0.00595	0.02917	0.00953	0.00834
24	0.02245	0.02245	0.03143	0.02694	0.02694	0.03143	0.02245	0.02470	0.01572	0.02470	0.01347	0.02245	0.01347	0.01796	0.03368	0.00449	0.62057	0.00898	0.00449	0.01123
25	0.02171	0.10666	0.44404	0.02903	0.04188	0.02630	0.07472	0.03169	0.02128	0.03104	0.01777	0.02170	0.01326	0.01027	0.01168	0.00327	0.06690	0.00786	0.00442	0.01453
26	0.01492	0.00995	0.01119	0.01119	0.01119	0.00995	0.00622	0.01492	0.01492	0.01990	0.03233	0.06716	0.03731	0.63935	0.05223	0.00995	0.00995	0.01492	0.00622	0.00622
27	0.01296	0.00920	0.01218	0.01439	0.01506	0.00869	0.00978	0.01482	0.01958	0.02606	0.05466	0.55597	0.06506	0.07564	0.01599	0.00462	0.00648	0.06132	0.00928	0.00826
28	0.03064	0.02367	0.02631	0.06763	0.03174	0.02676	0.01819	0.21092	0.31859	0.08007	0.03428	0.03279	0.02509	0.01304	0.01036	0.00333	0.00962	0.01056	0.01006	0.01633
29	0.03439	0.06930	0.03047	0.10953	0.03518	0.02298	0.05197	0.17709	0.03147	0.22947	0.03085	0.08036	0.02352	0.01334	0.01036	0.00321	0.01067	0.01120	0.00941	0.01521
30	0.03940	0.01750	0.02251	0.01784	0.02492	0.01605	0.01454	0.07487	0.07091	0.43227	0.08103	0.04208	0.06968	0.01431	0.01058	0.00322	0.00831	0.01174	0.01206	0.01619
31	0.01491	0.01083	0.01624	0.01624	0.01793	0.01251	0.01251	0.01793	0.01624	0.02334	0.02671	0.03958	0.02503	0.07365	0.55386	0.07145	0.02600	0.01083	0.00541	0.00878
32	0.02648	0.03182	0.24040	0.02964	0.08927	0.01993	0.09893	0.03423	0.02445	0.16146	0.07090	0.07296	0.02713	0.01268	0.01068	0.00330	0.01220	0.01141	0.00741	0.01471

[dist]
# distance from previous block
# <min> <max>
0	1

[block]
# block no. 7 follows, 14 sequences, length 37
# corresponding to MSA columns:
# 233-235,240-273
name=unknown_H
#
# <colnr> <probs for GDERKNQSTAVLIFYWHMCP>
#	G	D	E	R	K	N	Q	S	T	A	V	L	I	F	Y	W	H	M	C	P
0	0.08030	0.17686	0.07075	0.07840	0.03159	0.08080	0.02035	0.09164	0.02309	0.03155	0.01731	0.02375	0.01520	0.05225	0.01729	0.00366	0.15926	0.00799	0.00550	0.01247
1	0.01468	0.01090	0.01602	0.01602	0.01769	0.01257	0.01224	0.01802	0.01635	0.02347	0.02792	0.04271	0.02669	0.12705	0.55002	0.01591	0.02593	0.01134	0.00556	0.00890
2	0.02744	0.64552	0.05378	0.01756	0.02634	0.04061	0.01756	0.03073	0.02085	0.02414	0.01427	0.01646	0.01317	0.00878	0.00658	0.00219	0.01097	0.00549	0.00439	0.01317
3	0.01218	0.01018	0.01062	0.01098	0.01401	0.00861	0.00805	0.01466	0.02283	0.02749	0.09689	0.17838	0.49611	0.02691	0.01227	0.00357	0.00531	0.02278	0.00953	0.00861
4	0.01736	0.01123	0.01339	0.01241	0.01568	0.00995	0.00928	0.02079	0.02562	0.09819	0.27721	0.07950	0.26839	0.07702	0.01548	0.00391	0.00590	0.01847	0.01032	0.00990
5	0.01213	0.01040	0.01040	0.01040	0.01386	0.00866	0.00780	0.01473	0.02339	0.02772	0.10396	0.09876	0.57117	0.02599	0.01213	0.00347	0.00520	0.02166	0.00953	0.00866
6	0.01783	0.00891	0.01337	0.01337	0.01337	0.00891	0.00891	0.01337	0.01337	0.01783	0.01783	0.03119	0.01783	0.03565	0.04011	0.70143	0.00891	0.00891	0.00446	0.00446
7	0.03901	0.02874	0.03080	0.02361	0.03182	0.03182	0.01951	0.54111	0.04825	0.06468	0.02464	0.02464	0.01745	0.01232	0.01027	0.00308	0.01129	0.00924	0.01027	0.01745
8	0.04604	0.01746	0.02382	0.01826	0.02620	0.01508	0.01508	0.05001	0.02937	0.58244	0.04049	0.03493	0.02540	0.01270	0.01032	0.00318	0.00873	0.01032	0.01270	0.01746
9	0.02553	0.02204	0.02320	0.02088	0.02669	0.02553	0.01624	0.05453	0.55679	0.04293	0.04177	0.03829	0.03133	0.01392	0.01044	0.00348	0.00812	0.01160	0.01044	0.01624
10	0.17197	0.02828	0.02758	0.02179	0.02945	0.06636	0.01787	0.40808	0.04094	0.05846	0.02203	0.02267	0.01593	0.01166	0.00943	0.00307	0.01109	0.00834	0.00917	0.01584
11	0.01813	0.01455	0.02219	0.02941	0.16203	0.01445	0.01919	0.02271	0.02289	0.03068	0.04574	0.17921	0.04958	0.02407	0.01297	0.00420	0.00957	0.29908	0.00834	0.01101
12	0.02417	0.02291	0.03882	0.05834	0.52185	0.02285	0.02940	0.02985	0.02301	0.03283	0.02286	0.08335	0.02118	0.01134	0.01044	0.00315	0.01160	0.01106	0.00550	0.01550
13	0.01783	0.00891	0.01337	0.01337	0.01337	0.00891	0.00891	0.01337	0.01337	0.01783	0.01783	0.03119	0.01783	0.03565	0.04011	0.70143	0.00891	0.00891	0.00446	0.00446
14	0.01351	0.01045	0.01231	0.01185	0.01471	0.00925	0.00888	0.01740	0.02665	0.03547	0.37273	0.08601	0.29756	0.02310	0.01211	0.00333	0.00499	0.01987	0.01055	0.00925
15	0.02104	0.05034	0.53421	0.03247	0.09508	0.02389	0.03730	0.03240	0.02183	0.03260	0.01850	0.02202	0.01331	0.00969	0.00979	0.00323	0.01488	0.00773	0.00440	0.01527
16	0.01524	0.01133	0.01432	0.01390	0.01634	0.01097	0.01028	0.02187	0.07784	0.03882	0.43352	0.16613	0.08573	0.02218	0.01211	0.00341	0.00534	0.01967	0.01092	0.01008
17	0.02540	0.02438	0.04165	0.06299	0.57533	0.02438	0.03149	0.03149	0.02337	0.03353	0.01930	0.02540	0.01626	0.00914	0.01016	0.00305	0.01219	0.00914	0.00508	0.01626
18	0.01654	0.01181	0.01654	0.01890	0.02126	0.01181	0.01654	0.02126	0.02362	0.03071	0.05433	0.11576	0.05906	0.02835	0.01417	0.00472	0.00945	0.50626	0.00945	0.00945
19	0.02278	0.02172	0.03579	0.28603	0.22145	0.02406	0.07602	0.03327	0.11161	0.03197	0.02276	0.02860	0.01763	0.01037	0.01044	0.00332	0.01262	0.00983	0.00577	0.01398
20	0.01978	0.04742	0.51009	0.02708	0.04055	0.02195	0.03416	0.03075	0.02265	0.03365	0.09171	0.02897	0.02414	0.01124	0.01006	0.00325	0.01379	0.00904	0.00526	0.01444
21	0.01342	0.01017	0.01442	0.09408	0.02230	0.01026	0.01205	0.01587	0.01976	0.02620	0.05147	0.55220	0.06067	0.02924	0.01272	0.00407	0.00698	0.02651	0.00887	0.00874
22	0.71184	0.01985	0.01508	0.01350	0.01985	0.02302	0.01111	0.03017	0.01746	0.04604	0.01429	0.01667	0.01111	0.00953	0.00635	0.00318	0.00794	0.00556	0.00635	0.01111
23	0.01452	0.01049	0.01372	0.01291	0.01533	0.00968	0.00968	0.01937	0.02905	0.04115	0.56992	0.07666	0.09683	0.02098	0.01210	0.00323	0.00484	0.01856	0.01130	0.00968
24	0.01880	0.01364	0.01639	0.01650	0.01891	0.01391	0.01190	0.13943	0.02644	0.03534	0.04898	0.48822	0.05590	0.02744	0.01243	0.00391	0.00722	0.02444	0.00970	0.01050
25	0.20407	0.02605	0.02354	0.02026	0.02669	0.09107	0.01609	0.15793	0.24426	0.04667	0.02796	0.02745	0.02099	0.01206	0.00923	0.00322	0.00997	0.00897	0.00878	0.01473
26	0.03030	0.03204	0.03195	0.03109	0.10206	0.21099	0.02239	0.10560	0.02570	0.03180	0.01663	0.02190	0.01434	0.01362	0.01938	0.00351	0.25974	0.00828	0.00566	0.01301
27	0.02595	0.02785	0.13557	0.01942	0.02926	0.06795	0.01840	0.03174	0.02313	0.10548	0.02102	0.02292	0.01594	0.00897	0.00854	0.00219	0.01024	0.00699	0.00654	0.41191
28	0.03391	0.15225	0.03919	0.02985	0.10488	0.13130	0.08347	0.15601	0.03067	0.10960	0.02191	0.02374	0.01650	0.01049	0.00957	0.00288	0.01304	0.00850	0.00722	0.01501
29	0.10736	0.01202	0.01554	0.01533	0.01749	0.01377	0.01164	0.01941	0.01639	0.02621	0.02644	0.04106	0.02541	0.14948	0.44079	0.01377	0.02235	0.01084	0.00572	0.00900
30	0.06815	0.02477	0.03779	0.13101	0.44061	0.05897	0.02912	0.03129	0.02297	0.03282	0.01864	0.02470	0.01541	0.00940	0.00988	0.00308	0.01251	0.00876	0.00510	0.01502
31	0.01302	0.00999	0.01193	0.01238	0.01465	0.00890	0.00893	0.01611	0.02412	0.03165	0.24179	0.25072	0.26643	0.02619	0.01241	0.00360	0.00531	0.02289	0.01010	0.00890
32	0.01990	0.01584	0.01842	0.01681	0.02116	0.01611	0.01295	0.05965	0.18415	0.03896	0.19429	0.14428	0.05497	0.01884	0.01120	0.00331	0.00703	0.04835	0.00989	0.10387
33	0.14181	0.01660	0.02199	0.01744	0.02340	0.01576	0.07763	0.03133	0.02220	0.16138	0.02810	0.03359	0.02198	0.08274	0.01362	0.00359	0.00878	0.00954	0.16467	0.10384
34	0.01382	0.00982	0.01317	0.01538	0.01643	0.00943	0.01128	0.01631	0.02044	0.02703	0.05422	0.44621	0.06322	0.07399	0.01617	0.00473	0.00723	0.16336	0.00927	0.00850
35	0.01695	0.01254	0.01518	0.01518	0.01791	0.01227	0.01153	0.08644	0.02670	0.03549	0.17415	0.27000	0.15075	0.02549	0.01248	0.00377	0.00675	0.08634	0.01001	0.01005
36	0.02662	0.56215	0.04946	0.01725	0.02607	0.03703	0.01684	0.03008	0.02091	0.02538	0.01479	0.01710	0.01344	0.00862	0.00672	0.00211	0.01053	0.00557	0.00461	0.10473

[dist]
# distance from previous block
# <min> <max>
0	3

[block]
# block no. 8 follows, 14 sequences, length 25
# corresponding to MSA columns:
# 277-301
name=unknown_I
#
# <colnr> <probs for GDERKNQSTAVLIFYWHMCP>
#	G	D	E	R	K	N	Q	S	T	A	V	L	I	F	Y	W	H	M	C	P
0	0.02197	0.01590	0.01998	0.02004	0.02381	0.01665	0.01725	0.14687	0.02957	0.03892	0.04716	0.09374	0.04901	0.02448	0.01323	0.00433	0.00989	0.38616	0.00965	0.01138
1	0.01302	0.01000	0.01191	0.01234	0.01463	0.00890	0.00891	0.01611	0.02415	0.03165	0.24179	0.24544	0.27190	0.02614	0.01240	0.00359	0.00530	0.02282	0.01010	0.00890
2	0.02478	0.02214	0.02519	0.02235	0.02675	0.02695	0.01774	0.04732	0.42605	0.03852	0.03493	0.03446	0.02701	0.01490	0.01606	0.00372	0.15611	0.01097	0.00900	0.01503
3	0.01445	0.01035	0.01287	0.01232	0.01423	0.00968	0.00871	0.01797	0.02524	0.03507	0.40714	0.07592	0.11592	0.17075	0.02180	0.00487	0.00610	0.01790	0.00994	0.00877
4	0.02787	0.03048	0.11882	0.03197	0.04023	0.02857	0.20448	0.18634	0.02946	0.04086	0.02013	0.02484	0.01536	0.01183	0.01563	0.00353	0.13858	0.00996	0.00648	0.01459
5	0.02179	0.01867	0.02184	0.01983	0.02364	0.02180	0.01570	0.03899	0.30602	0.03871	0.16552	0.04988	0.04597	0.01721	0.01492	0.00367	0.10847	0.04437	0.00960	0.01340
6	0.02765	0.06129	0.20940	0.03152	0.08933	0.02234	0.14986	0.03543	0.02398	0.14789	0.02349	0.02597	0.01675	0.00979	0.01012	0.00305	0.01311	0.00915	0.00654	0.08335
7	0.02460	0.02609	0.08712	0.08484	0.36125	0.02451	0.02822	0.03682	0.15192	0.03524	0.02458	0.02829	0.01943	0.01043	0.01020	0.00319	0.01158	0.00959	0.00627	0.01584
8	0.01568	0.01217	0.01753	0.07151	0.02204	0.01429	0.01332	0.01866	0.01644	0.02315	0.02687	0.04442	0.02655	0.20276	0.37466	0.01290	0.06110	0.01164	0.00552	0.00880
9	0.55096	0.01927	0.01719	0.01465	0.02138	0.02110	0.01207	0.03496	0.02034	0.17565	0.02062	0.02108	0.01457	0.01029	0.00731	0.00318	0.00813	0.00671	0.00789	0.01265
10	0.01674	0.01309	0.01556	0.01513	0.01817	0.01331	0.01142	0.02672	0.15428	0.03744	0.29151	0.15941	0.11859	0.02188	0.01197	0.00354	0.00608	0.04367	0.01055	0.01095
11	0.01646	0.01195	0.01363	0.01216	0.01436	0.01085	0.00765	0.01756	0.01646	0.02317	0.02893	0.05607	0.03197	0.48670	0.04145	0.00791	0.00938	0.01279	0.00618	0.17436
12	0.03447	0.35509	0.04080	0.01979	0.02756	0.16403	0.01749	0.03777	0.02482	0.15927	0.02097	0.02140	0.01614	0.01014	0.00811	0.00254	0.01218	0.00692	0.00661	0.01391
13	0.01919	0.01166	0.01469	0.15578	0.02615	0.01276	0.01233	0.02447	0.02128	0.03535	0.02980	0.03563	0.02325	0.01155	0.00792	0.00264	0.00693	0.00946	0.52917	0.01001
14	0.03039	0.02271	0.03734	0.05218	0.44264	0.02214	0.02753	0.03597	0.02482	0.16616	0.02442	0.02770	0.01847	0.01000	0.01020	0.00308	0.01136	0.00943	0.00692	0.01655
15	0.02128	0.01824	0.02128	0.01520	0.02432	0.01368	0.01216	0.02584	0.02128	0.03344	0.01824	0.02128	0.01520	0.00760	0.00760	0.00152	0.00760	0.00608	0.00608	0.70208
16	0.01462	0.01118	0.01417	0.01451	0.01716	0.00963	0.01016	0.01708	0.02004	0.02795	0.04730	0.48492	0.05515	0.02622	0.01177	0.00353	0.00635	0.02359	0.00869	0.17597
17	0.28056	0.02513	0.07324	0.02770	0.03666	0.02316	0.23890	0.03244	0.02166	0.07280	0.01928	0.02321	0.01435	0.00923	0.00938	0.00319	0.01245	0.00884	0.00611	0.06171
18	0.01544	0.00987	0.01222	0.01216	0.01248	0.00996	0.00752	0.01521	0.01574	0.02131	0.06705	0.05867	0.03678	0.43300	0.09089	0.14468	0.01079	0.01369	0.00618	0.00636
19	0.01314	0.00981	0.01221	0.01293	0.01481	0.00889	0.00920	0.01619	0.02382	0.03184	0.24927	0.31630	0.19042	0.02681	0.01253	0.00368	0.00539	0.02373	0.01016	0.00889
20	0.01742	0.00906	0.01307	0.01307	0.01307	0.00906	0.00854	0.01359	0.01359	0.01811	0.01985	0.03621	0.02054	0.11985	0.04180	0.60499	0.00906	0.00975	0.00470	0.00470
21	0.03585	0.03046	0.21179	0.02381	0.03430	0.01956	0.05734	0.06887	0.02748	0.33793	0.03109	0.02954	0.02025	0.01144	0.01025	0.00321	0.01155	0.00948	0.00932	0.01647
22	0.02519	0.02495	0.04493	0.05957	0.48498	0.02465	0.11923	0.03173	0.02351	0.03341	0.01956	0.02579	0.01614	0.00906	0.01050	0.00312	0.01308	0.00966	0.00510	0.01584
23	0.01648	0.06184	0.01624	0.01307	0.01492	0.01294	0.00894	0.01779	0.01696	0.02283	0.03232	0.09438	0.03607	0.42233	0.06723	0.00817	0.01043	0.04866	0.00645	0.07197
24	0.02100	0.04857	0.02156	0.01500	0.02253	0.01423	0.01187	0.02393	0.01989	0.03026	0.01797	0.02275	0.01555	0.01252	0.01318	0.12278	0.00800	0.00654	0.00571	0.54617

[dist]
# distance from previous block
# <min> <max>
1	5

[block]
# block no. 9 follows, 14 sequences, length 13
# corresponding to MSA columns:
# 307-319
name=unknown_J
#
# <colnr> <probs for GDERKNQSTAVLIFYWHMCP>
#	G	D	E	R	K	N	Q	S	T	A	V	L	I	F	Y	W	H	M	C	P
0	0.01466	0.01100	0.01649	0.01649	0.01833	0.01283	0.01283	0.01833	0.01649	0.02382	0.02749	0.04032	0.02566	0.07697	0.59868	0.01649	0.02749	0.01100	0.00550	0.00916
1	0.15847	0.18242	0.03000	0.01920	0.02581	0.08751	0.01596	0.04245	0.26383	0.03694	0.02689	0.02660	0.02101	0.01144	0.00856	0.00301	0.00987	0.00839	0.00760	0.01404
2	0.02890	0.02878	0.16361	0.02085	0.03109	0.01997	0.02049	0.13190	0.02804	0.13561	0.02343	0.02442	0.01688	0.00995	0.00913	0.00254	0.01039	0.00781	0.00762	0.27858
3	0.02687	0.07074	0.15655	0.07198	0.14304	0.02638	0.02662	0.06867	0.02326	0.10034	0.02025	0.02450	0.01568	0.01220	0.01575	0.00344	0.16458	0.00867	0.00601	0.01446
4	0.03677	0.04563	0.02836	0.02576	0.03111	0.52814	0.01939	0.04264	0.09360	0.02729	0.01903	0.02092	0.01543	0.01098	0.00940	0.00275	0.01724	0.00722	0.00592	0.01243
5	0.02553	0.02204	0.02320	0.02088	0.02669	0.02553	0.01624	0.05453	0.55679	0.04293	0.04177	0.03829	0.03133	0.01392	0.01044	0.00348	0.00812	0.01160	0.01044	0.01624
6	0.01245	0.01011	0.01104	0.01143	0.01422	0.00870	0.00833	0.01512	0.02323	0.02879	0.14225	0.20270	0.42247	0.02670	0.01232	0.00358	0.00531	0.02284	0.00971	0.00870
7	0.01654	0.01181	0.01654	0.01890	0.02126	0.01181	0.01654	0.02126	0.02362	0.03071	0.05433	0.11576	0.05906	0.02835	0.01417	0.00472	0.00945	0.50626	0.00945	0.00945
8	0.01429	0.00985	0.01218	0.01334	0.01387	0.00964	0.00880	0.01557	0.01778	0.02360	0.04388	0.27297	0.05105	0.34182	0.03324	0.00720	0.00847	0.08723	0.00783	0.00741
9	0.02744	0.64552	0.05378	0.01756	0.02634	0.04061	0.01756	0.03073	0.02085	0.02414	0.01427	0.01646	0.01317	0.00878	0.00658	0.00219	0.01097	0.00549	0.00439	0.01317
10	0.02744	0.64552	0.05378	0.01756	0.02634	0.04061	0.01756	0.03073	0.02085	0.02414	0.01427	0.01646	0.01317	0.00878	0.00658	0.00219	0.01097	0.00549	0.00439	0.01317
11	0.01250	0.00893	0.01191	0.01429	0.01488	0.00834	0.00953	0.01429	0.01965	0.02620	0.05656	0.63265	0.06787	0.03215	0.01310	0.00417	0.00595	0.02917	0.00953	0.00834
12	0.02484	0.02191	0.03359	0.35493	0.19300	0.02500	0.02748	0.13001	0.02677	0.03575	0.01979	0.02631	0.01509	0.01038	0.01024	0.00326	0.01282	0.00915	0.00583	0.01386

[dist]
# distance from previous block
# <min> <max>
0	7

[block]
# block no. 10 follows, 14 sequences, length 25
# corresponding to MSA columns:
# 327-351
name=unknown_K
#
# <colnr> <probs for GDERKNQSTAVLIFYWHMCP>
#	G	D	E	R	K	N	Q	S	T	A	V	L	I	F	Y	W	H	M	C	P
0	0.01938	0.01824	0.03078	0.61468	0.07068	0.02280	0.02850	0.02622	0.02052	0.02622	0.01824	0.02736	0.01368	0.01026	0.01026	0.00342	0.01368	0.00912	0.00456	0.01140
1	0.03833	0.04891	0.02908	0.02644	0.03173	0.59815	0.01983	0.04098	0.02908	0.02512	0.01586	0.01851	0.01322	0.01058	0.00925	0.00264	0.01851	0.00661	0.00529	0.01190
2	0.01480	0.01044	0.01367	0.01367	0.01452	0.01129	0.00931	0.01651	0.01566	0.02173	0.03007	0.05462	0.03186	0.37663	0.30750	0.01301	0.01814	0.01309	0.00588	0.00759
3	0.01993	0.01182	0.01467	0.01319	0.01700	0.01042	0.01016	0.02392	0.02739	0.14248	0.32469	0.07527	0.22759	0.02090	0.01176	0.00329	0.00571	0.01790	0.01103	0.01089
4	0.01554	0.01103	0.01506	0.01720	0.01896	0.01091	0.01408	0.01920	0.02196	0.02873	0.05268	0.21873	0.05880	0.08804	0.01762	0.00511	0.00877	0.35952	0.00915	0.00891
5	0.03833	0.04891	0.02908	0.02644	0.03173	0.59815	0.01983	0.04098	0.02908	0.02512	0.01586	0.01851	0.01322	0.01058	0.00925	0.00264	0.01851	0.00661	0.00529	0.01190
6	0.02212	0.01949	0.02543	0.02493	0.13654	0.01586	0.01610	0.02699	0.02170	0.03346	0.01846	0.02212	0.01541	0.00791	0.00812	0.00183	0.00854	0.00670	0.00588	0.56241
7	0.02578	0.02751	0.05602	0.04300	0.09576	0.02640	0.44407	0.08275	0.02651	0.03606	0.02102	0.02719	0.01581	0.00905	0.01176	0.00339	0.01628	0.01158	0.00568	0.01440
8	0.03019	0.03358	0.03307	0.02730	0.03328	0.28255	0.14219	0.08348	0.02800	0.03209	0.02445	0.09988	0.02212	0.01310	0.01035	0.00305	0.01481	0.01126	0.06297	0.01227
9	0.71184	0.01985	0.01508	0.01350	0.01985	0.02302	0.01111	0.03017	0.01746	0.04604	0.01429	0.01667	0.01111	0.00953	0.00635	0.00318	0.00794	0.00556	0.00635	0.01111
10	0.01250	0.00893	0.01191	0.01429	0.01488	0.00834	0.00953	0.01429	0.01965	0.02620	0.05656	0.63265	0.06787	0.03215	0.01310	0.00417	0.00595	0.02917	0.00953	0.00834
11	0.01908	0.01641	0.02572	0.07104	0.23758	0.01626	0.01941	0.02454	0.02628	0.03722	0.31952	0.05348	0.06003	0.01567	0.01123	0.00317	0.00828	0.01428	0.00844	0.01236
12	0.01213	0.01040	0.01040	0.01040	0.01386	0.00866	0.00780	0.01473	0.02339	0.02772	0.10396	0.09876	0.57117	0.02599	0.01213	0.00347	0.00520	0.02166	0.00953	0.00866
