[name]
unknown

[dist]
# distance from previous block
# <min> <max>
0	168

[block]
# block no. 0 follows, 16 sequences, length 26
# corresponding to MSA columns:
# 168-193
name=unknown_A
#
# <colnr> <probs for GDERKNQSTAVLIFYWHMCP>
#	G	D	E	R	K	N	Q	S	T	A	V	L	I	F	Y	W	H	M	C	P
0	0.27270	0.01427	0.01509	0.01410	0.01819	0.01526	0.01133	0.02576	0.04857	0.07890	0.20263	0.04866	0.04416	0.02074	0.06572	0.00436	0.00852	0.07230	0.00834	0.01039
1	0.01173	0.00873	0.01094	0.01272	0.01385	0.00794	0.00865	0.01358	0.01931	0.02505	0.06292	0.53431	0.17672	0.02913	0.01218	0.00380	0.00547	0.02605	0.00900	0.00794
2	0.28386	0.01809	0.01989	0.01606	0.02292	0.01827	0.01320	0.06765	0.05622	0.34671	0.02879	0.02657	0.01915	0.01098	0.00843	0.00301	0.00807	0.00817	0.00964	0.01431
3	0.22934	0.01568	0.01722	0.01482	0.01990	0.01597	0.01177	0.08012	0.02503	0.19382	0.15926	0.10911	0.03963	0.01506	0.00936	0.00311	0.00711	0.01224	0.00939	0.01206
4	0.02934	0.01429	0.01953	0.08877	0.02606	0.01367	0.01400	0.05818	0.02446	0.30727	0.03943	0.22291	0.03473	0.01734	0.01042	0.00328	0.00794	0.01502	0.04052	0.01284
5	0.01458	0.01119	0.01611	0.01543	0.01797	0.01221	0.01204	0.01814	0.01611	0.02357	0.02493	0.03596	0.02307	0.06498	0.54878	0.01391	0.02375	0.00984	0.00526	0.09217
6	0.30589	0.01681	0.01785	0.01566	0.02025	0.01860	0.01255	0.05958	0.02084	0.15545	0.02680	0.12980	0.02374	0.01446	0.01115	0.00326	0.08196	0.01074	0.04304	0.01158
7	0.01827	0.01200	0.01486	0.01423	0.01703	0.01157	0.01054	0.08542	0.02570	0.08570	0.22081	0.29858	0.10164	0.02271	0.01145	0.00340	0.00609	0.02001	0.00987	0.01011
8	0.01259	0.00941	0.01044	0.01087	0.01327	0.00833	0.00789	0.01537	0.02171	0.02856	0.14028	0.21462	0.34272	0.02377	0.01112	0.00328	0.00499	0.02041	0.09203	0.00833
9	0.15356	0.01834	0.02189	0.01723	0.02441	0.01784	0.01418	0.10548	0.05657	0.42054	0.03249	0.02919	0.02119	0.01152	0.00913	0.00300	0.00838	0.00895	0.01063	0.01545
10	0.01554	0.01103	0.01299	0.01360	0.01550	0.01097	0.00961	0.06753	0.04946	0.03007	0.05059	0.40887	0.10324	0.05560	0.01305	0.00381	0.00617	0.02147	0.09178	0.00911
11	0.01784	0.01172	0.01429	0.01301	0.01644	0.01097	0.00997	0.02401	0.07850	0.10536	0.36831	0.06863	0.18472	0.01924	0.01108	0.00311	0.00538	0.01659	0.01040	0.01042
12	0.03503	0.01497	0.02036	0.08826	0.02678	0.01398	0.01412	0.03927	0.02516	0.41431	0.03434	0.03283	0.02287	0.01157	0.00910	0.00287	0.00799	0.00946	0.16254	0.01421
13	0.01556	0.01144	0.01742	0.01598	0.01822	0.01075	0.07386	0.01837	0.02046	0.05552	0.16044	0.29556	0.05597	0.16129	0.01996	0.00481	0.00760	0.01970	0.00834	0.00874
14	0.01633	0.01174	0.01506	0.01370	0.01628	0.01182	0.01063	0.02012	0.02486	0.07541	0.38426	0.06747	0.17718	0.01984	0.01380	0.00323	0.08251	0.01645	0.00965	0.00966
15	0.02232	0.02506	0.05376	0.11336	0.05261	0.02415	0.49833	0.03028	0.02245	0.03028	0.01932	0.02611	0.01449	0.00836	0.01122	0.00326	0.01592	0.01109	0.00483	0.01279
16	0.01215	0.00902	0.01134	0.01250	0.01396	0.00821	0.00871	0.01461	0.02116	0.02807	0.17885	0.41864	0.17339	0.02695	0.01199	0.00362	0.00526	0.02401	0.00936	0.00821
17	0.10204	0.01130	0.01300	0.01247	0.01558	0.01092	0.00946	0.01978	0.02250	0.07374	0.23144	0.13564	0.20147	0.02546	0.06817	0.00439	0.00743	0.01680	0.00903	0.00938
18	0.01830	0.01723	0.02907	0.63609	0.06675	0.02153	0.02692	0.02476	0.01938	0.02476	0.01723	0.02584	0.01292	0.00969	0.00969	0.00323	0.01292	0.00861	0.00431	0.01077
19	0.01151	0.00959	0.01005	0.01042	0.01325	0.00813	0.00763	0.01384	0.02151	0.02595	0.09087	0.18477	0.50822	0.02550	0.01160	0.00338	0.00503	0.02162	0.00900	0.00813
20	0.02721	0.02370	0.04771	0.03464	0.04324	0.02267	0.40584	0.03398	0.02335	0.15459	0.02313	0.02727	0.01657	0.00963	0.01254	0.00328	0.05978	0.01086	0.00639	0.01363
21	0.02051	0.01323	0.01957	0.13634	0.08033	0.01329	0.01562	0.02407	0.02120	0.13844	0.04235	0.29886	0.06651	0.02041	0.01111	0.00352	0.00821	0.04726	0.00830	0.01086
22	0.01830	0.01723	0.02907	0.63609	0.06675	0.02153	0.02692	0.02476	0.01938	0.02476	0.01723	0.02584	0.01292	0.00969	0.00969	0.00323	0.01292	0.00861	0.00431	0.01077
23	0.02040	0.01508	0.01630	0.01470	0.01817	0.06754	0.01123	0.02683	0.07964	0.10667	0.42056	0.05912	0.07013	0.01733	0.01083	0.00301	0.00650	0.01492	0.01023	0.01082
24	0.02164	0.01814	0.02093	0.01509	0.02362	0.01450	0.01212	0.07440	0.02245	0.03430	0.01778	0.02039	0.01455	0.00759	0.00741	0.00157	0.00750	0.00602	0.00611	0.65389
25	0.01913	0.04386	0.50025	0.02898	0.09174	0.02124	0.03262	0.02906	0.02076	0.03037	0.02492	0.02751	0.06630	0.01057	0.00945	0.00307	0.01319	0.00853	0.00461	0.01385

[dist]
# distance from previous block
# <min> <max>
0	3

[block]
# block no. 1 follows, 16 sequences, length 21
# corresponding to MSA columns:
# 197-217
name=unknown_B
#
# <colnr> <probs for GDERKNQSTAVLIFYWHMCP>
#	G	D	E	R	K	N	Q	S	T	A	V	L	I	F	Y	W	H	M	C	P
0	0.53721	0.01631	0.01353	0.01235	0.01700	0.01842	0.00963	0.02512	0.01736	0.03916	0.08170	0.02949	0.02345	0.11040	0.01329	0.00399	0.00746	0.00800	0.00651	0.00963
1	0.01641	0.00953	0.01303	0.01256	0.01354	0.00902	0.00840	0.01420	0.01409	0.01931	0.02161	0.07831	0.02278	0.12692	0.03447	0.47961	0.00823	0.01037	0.00497	0.08264
2	0.02411	0.02082	0.02192	0.01972	0.02520	0.02411	0.01534	0.05150	0.58142	0.04054	0.03945	0.03616	0.02959	0.01315	0.00986	0.00329	0.00767	0.01096	0.00986	0.01534
3	0.02411	0.02082	0.02192	0.01972	0.02520	0.02411	0.01534	0.05150	0.58142	0.04054	0.03945	0.03616	0.02959	0.01315	0.00986	0.00329	0.00767	0.01096	0.00986	0.01534
4	0.02288	0.02614	0.05719	0.04085	0.05065	0.02451	0.56373	0.03105	0.02288	0.03105	0.01961	0.02614	0.01471	0.00817	0.01144	0.00327	0.01634	0.01144	0.00490	0.01307
5	0.02382	0.02351	0.04209	0.05662	0.51448	0.02326	0.11199	0.02995	0.02219	0.03157	0.01844	0.02432	0.01525	0.00856	0.00988	0.00294	0.01226	0.00907	0.00481	0.01500
6	0.01662	0.01205	0.01519	0.01421	0.01710	0.01182	0.01119	0.08053	0.02869	0.03986	0.44578	0.07253	0.07748	0.01996	0.01154	0.00325	0.00593	0.09604	0.01029	0.00994
7	0.01409	0.00940	0.01057	0.01057	0.01057	0.00940	0.00587	0.01409	0.01409	0.01879	0.03054	0.06342	0.03524	0.65938	0.04933	0.00940	0.00940	0.01409	0.00587	0.00587
8	0.01958	0.01864	0.02571	0.02233	0.02258	0.02515	0.01817	0.02175	0.01618	0.02459	0.08033	0.03159	0.02407	0.08734	0.03142	0.00467	0.50071	0.01012	0.00515	0.00992
9	0.01475	0.01064	0.01338	0.01431	0.01585	0.01044	0.01004	0.07435	0.02251	0.03030	0.11120	0.51876	0.06200	0.02713	0.01197	0.00372	0.00605	0.02437	0.00926	0.00896
10	0.01669	0.00968	0.01298	0.01407	0.01570	0.00885	0.00981	0.01869	0.01997	0.11421	0.05108	0.55755	0.05792	0.02754	0.01197	0.00379	0.00603	0.02481	0.00946	0.00920
11	0.03620	0.04619	0.02747	0.02497	0.02996	0.62047	0.01873	0.03870	0.02747	0.02372	0.01498	0.01748	0.01248	0.00999	0.00874	0.00250	0.01748	0.00624	0.00499	0.01124
12	0.08775	0.01166	0.01342	0.01244	0.01521	0.01134	0.00885	0.02442	0.01926	0.15780	0.03441	0.13780	0.03289	0.23412	0.02268	0.00518	0.00746	0.01341	0.14031	0.00960
13	0.01488	0.01026	0.01235	0.01282	0.01399	0.01013	0.00858	0.05429	0.02009	0.02757	0.09675	0.32918	0.05207	0.22324	0.02329	0.00538	0.00699	0.01990	0.05018	0.00806
14	0.01912	0.01219	0.01487	0.01350	0.01684	0.01199	0.01035	0.02711	0.11188	0.10058	0.37547	0.05785	0.06599	0.01684	0.01041	0.00298	0.00544	0.01457	0.10113	0.01089
15	0.02912	0.01762	0.02007	0.01677	0.02183	0.01834	0.01350	0.23545	0.03092	0.14447	0.03169	0.04186	0.02610	0.08397	0.01382	0.00367	0.00858	0.06888	0.16045	0.01288
16	0.14417	0.01782	0.01873	0.01655	0.02144	0.01957	0.01296	0.12472	0.19851	0.07011	0.10231	0.10688	0.03527	0.01486	0.00947	0.00314	0.00737	0.01218	0.05117	0.01275
17	0.02013	0.01221	0.01546	0.01488	0.01769	0.01179	0.01108	0.08032	0.02452	0.12070	0.14611	0.31561	0.05563	0.05928	0.01367	0.00386	0.00680	0.05028	0.00966	0.01032
18	0.01830	0.01723	0.02907	0.63609	0.06675	0.02153	0.02692	0.02476	0.01938	0.02476	0.01723	0.02584	0.01292	0.00969	0.00969	0.00323	0.01292	0.00861	0.00431	0.01077
19	0.03587	0.01586	0.01974	0.01570	0.02183	0.01486	0.01278	0.10641	0.02802	0.38499	0.03458	0.03260	0.02327	0.01176	0.00895	0.00279	0.00756	0.00943	0.19851	0.01451
20	0.19391	0.01516	0.01560	0.01361	0.01811	0.01604	0.01080	0.09783	0.05088	0.09200	0.15627	0.03757	0.03572	0.01289	0.00844	0.00282	0.00653	0.01018	0.19431	0.01134

[dist]
# distance from previous block
# <min> <max>
0	1

[block]
# block no. 2 follows, 16 sequences, length 13
# corresponding to MSA columns:
# 219-231
name=unknown_C
#
# <colnr> <probs for GDERKNQSTAVLIFYWHMCP>
#	G	D	E	R	K	N	Q	S	T	A	V	L	I	F	Y	W	H	M	C	P
0	0.01832	0.01170	0.01494	0.01369	0.01669	0.01110	0.01037	0.06287	0.02754	0.09758	0.41130	0.15108	0.07456	0.01994	0.01126	0.00316	0.00558	0.01753	0.01048	0.01029
1	0.01409	0.00940	0.01057	0.01057	0.01057	0.00940	0.00587	0.01409	0.01409	0.01879	0.03054	0.06342	0.03524	0.65938	0.04933	0.00940	0.00940	0.01409	0.00587	0.00587
2	0.02724	0.01361	0.01738	0.01452	0.01928	0.01182	0.01089	0.02984	0.02162	0.27091	0.03510	0.13577	0.03139	0.17286	0.01942	0.00445	0.00793	0.01292	0.00894	0.13409
3	0.09023	0.01085	0.01215	0.01185	0.01358	0.01072	0.00788	0.01844	0.01788	0.06992	0.09057	0.14768	0.08029	0.34272	0.03000	0.00639	0.00778	0.01563	0.00750	0.00794
4	0.12397	0.01662	0.02531	0.48439	0.05449	0.02033	0.02272	0.02418	0.01831	0.02681	0.01663	0.02468	0.01293	0.01185	0.01180	0.07055	0.01169	0.00809	0.00455	0.01011
5	0.16314	0.06703	0.06475	0.14794	0.03345	0.02131	0.01756	0.08366	0.05005	0.03495	0.01837	0.02210	0.01444	0.01201	0.03560	0.00317	0.01042	0.00709	0.00586	0.18713
6	0.02775	0.12001	0.09358	0.11936	0.08069	0.02377	0.16379	0.05901	0.02379	0.16075	0.02244	0.02525	0.01611	0.00958	0.00959	0.00296	0.01230	0.00897	0.00646	0.01386
7	0.01752	0.01055	0.01377	0.01351	0.01618	0.00960	0.01018	0.02091	0.02398	0.11725	0.26258	0.23795	0.12332	0.02270	0.01160	0.00343	0.00579	0.05935	0.01008	0.00976
8	0.02309	0.23623	0.20160	0.02631	0.03623	0.02832	0.16195	0.03335	0.10448	0.02973	0.02000	0.02269	0.01553	0.00924	0.00892	0.00283	0.01258	0.00819	0.00518	0.01355
9	0.11510	0.08196	0.09589	0.05600	0.09017	0.05078	0.05836	0.03753	0.10600	0.17639	0.02519	0.02582	0.01812	0.01031	0.00898	0.00296	0.01055	0.00845	0.00735	0.01407
10	0.01503	0.01188	0.01388	0.01445	0.01678	0.01213	0.01039	0.02356	0.16239	0.03006	0.09882	0.37205	0.13231	0.02435	0.01153	0.00361	0.00596	0.02156	0.00935	0.00991
11	0.12579	0.02349	0.10630	0.06894	0.02934	0.02217	0.01940	0.02555	0.01771	0.02979	0.01511	0.02034	0.01280	0.01138	0.01615	0.00303	0.23199	0.00706	0.00491	0.20876
12	0.12747	0.02004	0.01974	0.01614	0.02266	0.07319	0.01270	0.05545	0.07962	0.03394	0.02165	0.05461	0.01865	0.01522	0.05920	0.00335	0.00992	0.00790	0.00646	0.34211

[dist]
# distance from previous block
# <min> <max>
0	2

[block]
# block no. 3 follows, 16 sequences, length 35
# corresponding to MSA columns:
# 234-268
name=unknown_D
#
# <colnr> <probs for GDERKNQSTAVLIFYWHMCP>
#	G	D	E	R	K	N	Q	S	T	A	V	L	I	F	Y	W	H	M	C	P
0	0.01763	0.01202	0.01430	0.01348	0.01661	0.01163	0.01013	0.02438	0.10543	0.08896	0.23847	0.11712	0.17428	0.07458	0.01442	0.00379	0.00612	0.03675	0.00971	0.01018
1	0.02466	0.02525	0.06609	0.25517	0.15596	0.09613	0.12528	0.03083	0.02231	0.07679	0.01938	0.02483	0.01457	0.00941	0.00986	0.00305	0.01353	0.00887	0.00524	0.01280
2	0.03320	0.01557	0.02059	0.01710	0.02244	0.01488	0.01366	0.08120	0.02632	0.36939	0.06271	0.15161	0.03341	0.01851	0.03601	0.00374	0.04192	0.01336	0.01049	0.01390
3	0.11828	0.01130	0.01284	0.01315	0.01590	0.01102	0.01001	0.01923	0.02106	0.06145	0.12879	0.22468	0.16639	0.05104	0.01278	0.00381	0.00640	0.09406	0.00880	0.00902
4	0.02041	0.01074	0.01443	0.01432	0.01693	0.00971	0.01040	0.02299	0.02208	0.17981	0.11647	0.41735	0.05691	0.02421	0.01156	0.00358	0.00619	0.02161	0.01000	0.01031
5	0.01573	0.01361	0.01351	0.01447	0.01558	0.08466	0.00987	0.01730	0.01856	0.02318	0.04129	0.36215	0.04788	0.19552	0.04848	0.00574	0.00916	0.04795	0.00750	0.00785
6	0.03055	0.49400	0.04332	0.01676	0.02484	0.03199	0.01597	0.03383	0.02182	0.17663	0.02001	0.02015	0.01549	0.00927	0.00715	0.00232	0.00981	0.00639	0.00622	0.01351
7	0.10457	0.01365	0.01501	0.01538	0.01818	0.01476	0.01120	0.02744	0.19727	0.03209	0.04402	0.37782	0.04648	0.02224	0.01078	0.00361	0.00651	0.01951	0.00890	0.01057
8	0.02010	0.01723	0.02010	0.01436	0.02297	0.01292	0.01148	0.02440	0.02010	0.03158	0.01723	0.02010	0.01436	0.00718	0.00718	0.00144	0.00718	0.00574	0.00574	0.71863
9	0.54210	0.01929	0.01627	0.01459	0.02045	0.02237	0.01177	0.03456	0.16560	0.04271	0.02035	0.02113	0.01553	0.01009	0.00702	0.00308	0.00754	0.00676	0.00702	0.01177
10	0.01181	0.00843	0.01125	0.01350	0.01406	0.00787	0.00900	0.01350	0.01856	0.02474	0.05342	0.65306	0.06410	0.03036	0.01237	0.00394	0.00562	0.02755	0.00900	0.00787
11	0.02038	0.01086	0.01431	0.01401	0.01685	0.00974	0.01026	0.02303	0.02238	0.17994	0.12027	0.36977	0.10203	0.02371	0.01148	0.00352	0.00612	0.02101	0.01000	0.01033
12	0.01597	0.01251	0.01562	0.01450	0.01450	0.01475	0.00992	0.01653	0.01429	0.01999	0.02584	0.05228	0.02929	0.48983	0.04471	0.00804	0.17627	0.01261	0.00544	0.00712
13	0.02157	0.01115	0.01380	0.01269	0.01474	0.01049	0.00847	0.02277	0.01825	0.17442	0.03541	0.12856	0.03585	0.41046	0.03430	0.00703	0.00862	0.01462	0.00788	0.00892
14	0.02552	0.01987	0.02172	0.01902	0.02404	0.02200	0.01479	0.22997	0.23677	0.04389	0.03721	0.19426	0.03390	0.01714	0.01046	0.00332	0.00823	0.01452	0.00957	0.01379
15	0.02922	0.01968	0.02207	0.01907	0.02508	0.02150	0.01505	0.05037	0.43528	0.18969	0.03913	0.03532	0.02811	0.01284	0.00983	0.00321	0.00782	0.01064	0.01043	0.01565
16	0.01579	0.01324	0.01930	0.01818	0.01945	0.01675	0.01451	0.01890	0.01538	0.02272	0.02247	0.03362	0.02119	0.05798	0.46547	0.01258	0.18846	0.00988	0.00494	0.00917
17	0.21540	0.01981	0.02063	0.01753	0.02380	0.02171	0.01407	0.08822	0.25894	0.17354	0.03094	0.02894	0.02214	0.01166	0.00880	0.00311	0.00801	0.00898	0.00932	0.01443
18	0.10391	0.01298	0.01443	0.01505	0.01758	0.01388	0.01086	0.02539	0.16686	0.03124	0.04478	0.41115	0.04834	0.02317	0.01092	0.00365	0.00640	0.02040	0.00885	0.01017
19	0.01172	0.00880	0.01087	0.01252	0.01380	0.00795	0.00857	0.01360	0.01949	0.02512	0.06523	0.50531	0.20422	0.02883	0.01213	0.00376	0.00543	0.02568	0.00900	0.00795
20	0.01963	0.01445	0.01695	0.01466	0.01847	0.01458	0.01144	0.16264	0.03177	0.04365	0.40111	0.06121	0.11446	0.01806	0.01098	0.00303	0.00621	0.01545	0.01027	0.01100
21	0.01181	0.00843	0.01125	0.01350	0.01406	0.00787	0.00900	0.01350	0.01856	0.02474	0.05342	0.65306	0.06410	0.03036	0.01237	0.00394	0.00562	0.02755	0.00900	0.00787
22	0.01409	0.00940	0.01057	0.01057	0.01057	0.00940	0.00587	0.01409	0.01409	0.01879	0.03054	0.06342	0.03524	0.65938	0.04933	0.00940	0.00940	0.01409	0.00587	0.00587
23	0.01684	0.00842	0.01263	0.01263	0.01263	0.00842	0.00842	0.01263	0.01263	0.01684	0.01684	0.02946	0.01684	0.03367	0.03788	0.71801	0.00842	0.00842	0.00421	0.00421
24	0.04091	0.02063	0.02505	0.01921	0.02680	0.02038	0.01587	0.24877	0.03466	0.39434	0.03243	0.02922	0.02108	0.01186	0.00973	0.00296	0.00919	0.00935	0.01110	0.01649
25	0.02195	0.28880	0.39250	0.02334	0.03532	0.02866	0.02835	0.03004	0.02016	0.02763	0.01587	0.01856	0.01234	0.00885	0.00805	0.00268	0.01279	0.00639	0.00411	0.01359
26	0.01205	0.00984	0.01065	0.01045	0.01346	0.00844	0.00783	0.01507	0.02350	0.02953	0.22900	0.08776	0.46209	0.02330	0.01145	0.00321	0.00482	0.01968	0.00944	0.00844
27	0.01331	0.00987	0.01443	0.01503	0.01645	0.01100	0.01129	0.01630	0.01636	0.02309	0.03321	0.20039	0.03475	0.06152	0.46034	0.01250	0.02059	0.01492	0.00620	0.00845
28	0.02020	0.02291	0.07964	0.18705	0.03959	0.05497	0.08245	0.02512	0.01818	0.02508	0.01711	0.02516	0.01461	0.02113	0.10608	0.00532	0.23102	0.00889	0.00450	0.01099
29	0.21150	0.02299	0.04155	0.03050	0.03902	0.02251	0.34952	0.03238	0.02180	0.10563	0.02031	0.02425	0.01475	0.00886	0.00979	0.00316	0.01300	0.00959	0.00607	0.01282
30	0.04348	0.01649	0.02249	0.01724	0.02474	0.01425	0.01425	0.04723	0.02774	0.60564	0.03824	0.03299	0.02399	0.01200	0.00975	0.00300	0.00825	0.00975	0.01200	0.01649
31	0.02495	0.01703	0.02733	0.47276	0.05566	0.01961	0.02357	0.03069	0.02159	0.17808	0.02277	0.02773	0.01584	0.01030	0.00970	0.00317	0.01169	0.00891	0.00634	0.01228
32	0.11760	0.02628	0.02700	0.18351	0.03832	0.11329	0.01972	0.27947	0.03240	0.04384	0.01925	0.02217	0.01421	0.01055	0.00910	0.00294	0.01187	0.00790	0.00713	0.01346
33	0.20251	0.01720	0.08740	0.04781	0.02180	0.01447	0.01394	0.02083	0.01868	0.03061	0.03888	0.24575	0.08364	0.05419	0.01216	0.00383	0.00802	0.06155	0.00717	0.00953
34	0.03060	0.01779	0.02179	0.01615	0.02426	0.01489	0.01315	0.07934	0.02523	0.25684	0.02589	0.02537	0.01828	0.00943	0.00839	0.00217	0.00789	0.00755	0.00850	0.38651

[dist]
# distance from previous block
# <min> <max>
2	4

[block]
# block no. 4 follows, 16 sequences, length 15
# corresponding to MSA columns:
# 273-287
name=unknown_E
#
# <colnr> <probs for GDERKNQSTAVLIFYWHMCP>
#	G	D	E	R	K	N	Q	S	T	A	V	L	I	F	Y	W	H	M	C	P
0	0.03814	0.02292	0.02563	0.08399	0.03123	0.08642	0.01727	0.19408	0.03199	0.32359	0.02916	0.02772	0.01940	0.01143	0.00961	0.00294	0.01045	0.00895	0.00976	0.01531
1	0.01654	0.01710	0.12460	0.01654	0.02040	0.01128	0.01457	0.02023	0.01987	0.08634	0.04508	0.46981	0.05020	0.02448	0.01150	0.00368	0.00753	0.02187	0.00839	0.00998
2	0.01981	0.01832	0.02848	0.47844	0.09773	0.02212	0.02495	0.03014	0.12503	0.02823	0.02147	0.02764	0.01622	0.01026	0.00972	0.00322	0.01183	0.00905	0.00538	0.01196
3	0.15264	0.01702	0.01814	0.01420	0.02104	0.01535	0.01108	0.02686	0.07720	0.03334	0.02031	0.02573	0.01752	0.08005	0.01188	0.00280	0.00753	0.00711	0.00623	0.43396
4	0.02703	0.01745	0.02193	0.02210	0.08611	0.01807	0.01535	0.04051	0.25446	0.19229	0.06972	0.12629	0.03498	0.01523	0.01026	0.00324	0.00778	0.01317	0.00981	0.01422
5	0.01488	0.01087	0.01404	0.12793	0.02111	0.01167	0.00982	0.01610	0.01509	0.01991	0.02804	0.05637	0.03105	0.53749	0.04189	0.00824	0.01006	0.01307	0.00558	0.00679
6	0.01399	0.01023	0.01314	0.01304	0.01486	0.01007	0.00941	0.01866	0.05390	0.03233	0.33802	0.17721	0.06956	0.09749	0.07916	0.00524	0.00771	0.01796	0.00920	0.00883
7	0.05526	0.01173	0.01486	0.01331	0.01685	0.01073	0.01012	0.02449	0.02266	0.18665	0.17904	0.09100	0.14888	0.02132	0.01574	0.13728	0.00656	0.01430	0.00918	0.01003
8	0.01545	0.01343	0.01571	0.01508	0.01693	0.03844	0.01161	0.01820	0.02111	0.02784	0.17482	0.13251	0.19615	0.07574	0.01861	0.00406	0.12563	0.06180	0.00804	0.00882
9	0.03285	0.04076	0.02777	0.13963	0.03687	0.50810	0.02026	0.03609	0.02595	0.02392	0.01540	0.01905	0.01257	0.00993	0.00892	0.00263	0.01662	0.00669	0.00486	0.01115
10	0.02008	0.01124	0.01427	0.01309	0.01657	0.00995	0.00995	0.02350	0.02486	0.17041	0.26026	0.16202	0.18420	0.02071	0.01118	0.00323	0.00571	0.01794	0.01034	0.01049
11	0.09225	0.01141	0.01343	0.01251	0.01550	0.01087	0.00930	0.02134	0.02343	0.10033	0.30042	0.11558	0.12391	0.08977	0.01493	0.00384	0.00597	0.01619	0.00946	0.00956
12	0.02457	0.01231	0.01643	0.01403	0.01822	0.01100	0.01100	0.02884	0.02755	0.24550	0.39126	0.05803	0.06686	0.01696	0.01082	0.00303	0.00591	0.01469	0.01115	0.01182
13	0.01385	0.01038	0.01558	0.01558	0.01731	0.01211	0.01211	0.01731	0.01558	0.02250	0.02596	0.03808	0.02423	0.07269	0.62098	0.01558	0.02596	0.01038	0.00519	0.00865
14	0.21784	0.01654	0.01898	0.01545	0.02161	0.01627	0.01258	0.06931	0.02583	0.31993	0.13252	0.03506	0.03232	0.01262	0.00906	0.00300	0.00753	0.00992	0.01003	0.01357

[dist]
# distance from previous block
# <min> <max>
0	1

[block]
# block no. 5 follows, 16 sequences, length 13
# corresponding to MSA columns:
# 289-301
name=unknown_F
#
# <colnr> <probs for GDERKNQSTAVLIFYWHMCP>
#	G	D	E	R	K	N	Q	S	T	A	V	L	I	F	Y	W	H	M	C	P
0	0.01826	0.01239	0.01476	0.01348	0.01679	0.01211	0.01014	0.02588	0.12014	0.09388	0.31076	0.06451	0.14681	0.07958	0.01461	0.00372	0.00599	0.01573	0.00995	0.01050
1	0.01887	0.02226	0.08912	0.03053	0.03762	0.01875	0.33223	0.02512	0.02122	0.02890	0.03077	0.23609	0.03108	0.01571	0.01156	0.00348	0.01257	0.01648	0.00621	0.01143
2	0.17929	0.01587	0.01779	0.01517	0.02059	0.01589	0.01208	0.06362	0.07221	0.23594	0.10365	0.09242	0.08582	0.01509	0.00953	0.00313	0.00721	0.01226	0.00970	0.01274
3	0.34924	0.02176	0.08655	0.01636	0.02345	0.01961	0.01491	0.08329	0.02343	0.17178	0.08056	0.02681	0.02273	0.01108	0.00814	0.00300	0.00846	0.00810	0.00798	0.01274
4	0.01311	0.00883	0.01048	0.01180	0.01326	0.00819	0.00819	0.01557	0.01963	0.02752	0.05732	0.40887	0.15856	0.02505	0.01096	0.00344	0.00524	0.02211	0.16367	0.00819
5	0.01621	0.00858	0.01230	0.01230	0.01268	0.00839	0.00830	0.01278	0.01373	0.01792	0.02629	0.03688	0.08403	0.03261	0.03481	0.63495	0.00801	0.00982	0.00477	0.00467
6	0.02169	0.01504	0.01730	0.01513	0.01954	0.01524	0.01182	0.09571	0.14349	0.10380	0.25162	0.05826	0.15671	0.01742	0.01070	0.00312	0.00645	0.01474	0.01022	0.01199
7	0.08959	0.01052	0.01296	0.01340	0.01509	0.01055	0.00936	0.01830	0.01758	0.07433	0.03832	0.32422	0.04232	0.12874	0.07797	0.07381	0.00884	0.01817	0.00764	0.00829
8	0.02172	0.02416	0.16084	0.01840	0.02500	0.04067	0.01795	0.06581	0.09041	0.08401	0.13077	0.04818	0.08859	0.01504	0.01005	0.00311	0.00895	0.05624	0.07789	0.01222
9	0.19071	0.02034	0.02175	0.01755	0.02422	0.02166	0.01434	0.20584	0.09206	0.20628	0.02766	0.02663	0.01928	0.01129	0.00870	0.00295	0.00853	0.00850	0.05719	0.01451
10	0.01732	0.01167	0.01585	0.01795	0.07552	0.01125	0.01163	0.02001	0.02013	0.08121	0.09894	0.16187	0.10858	0.17730	0.07242	0.00591	0.00924	0.06591	0.00794	0.00932
11	0.31343	0.02476	0.10193	0.02000	0.02793	0.02247	0.06872	0.11600	0.06199	0.12403	0.02142	0.02239	0.01529	0.01006	0.00832	0.00304	0.00986	0.00766	0.00733	0.01337
12	0.09307	0.01799	0.02290	0.10454	0.12017	0.01842	0.01671	0.08239	0.07513	0.03596	0.09356	0.03720	0.09165	0.01237	0.00926	0.00278	0.00852	0.01035	0.00714	0.13988

[dist]
# distance from previous block
# <min> <max>
6	9

[block]
# block no. 6 follows, 16 sequences, length 7
# corresponding to MSA columns:
# 311-317
name=unknown_G
#
# <colnr> <probs for GDERKNQSTAVLIFYWHMCP>
#	G	D	E	R	K	N	Q	S	T	A	V	L	I	F	Y	W	H	M	C	P
0	0.14055	0.02189	0.09421	0.06369	0.05423	0.01971	0.01725	0.11299	0.09415	0.06468	0.13263	0.03872	0.07920	0.01339	0.00950	0.00307	0.00873	0.01084	0.00799	0.01258
1	0.02031	0.01218	0.01711	0.11770	0.02524	0.01195	0.01308	0.02418	0.02366	0.15458	0.21609	0.20100	0.08524	0.01931	0.01101	0.00330	0.00704	0.01701	0.00938	0.01063
2	0.03254	0.02593	0.03227	0.02476	0.03246	0.02820	0.10291	0.39707	0.13155	0.05297	0.02540	0.02587	0.01839	0.01135	0.00999	0.00303	0.01105	0.00952	0.00898	0.01576
3	0.11665	0.08108	0.02530	0.12209	0.03140	0.21403	0.01696	0.06965	0.02421	0.07899	0.02203	0.08042	0.01900	0.01192	0.00873	0.00284	0.01183	0.00903	0.04226	0.01156
4	0.24635	0.01498	0.01560	0.01404	0.01850	0.01564	0.01096	0.07697	0.02293	0.13372	0.07853	0.16296	0.03343	0.01552	0.00889	0.00310	0.00689	0.01261	0.09718	0.01120
5	0.01613	0.01075	0.01334	0.01330	0.01447	0.01110	0.00900	0.01976	0.10434	0.02443	0.08385	0.14756	0.03849	0.19201	0.02976	0.23524	0.00773	0.01434	0.00693	0.00746
6	0.01175	0.00865	0.01102	0.01292	0.01391	0.00792	0.00874	0.01356	0.01911	0.02497	0.06040	0.56580	0.14685	0.02946	0.01223	0.00383	0.00551	0.02645	0.00900	0.00792

[dist]
# distance from previous block
# <min> <max>
0	7

[block]
# block no. 7 follows, 16 sequences, length 23
# corresponding to MSA columns:
# 325-347
name=unknown_H
#
# <colnr> <probs for GDERKNQSTAVLIFYWHMCP>
#	G	D	E	R	K	N	Q	S	T	A	V	L	I	F	Y	W	H	M	C	P
0	0.04007	0.01563	0.02128	0.01684	0.02359	0.01356	0.01368	0.04360	0.02675	0.54299	0.03987	0.09986	0.02832	0.01398	0.01003	0.00310	0.00796	0.01167	0.01167	0.01556
1	0.05895	0.01461	0.01656	0.01405	0.01801	0.01476	0.01061	0.12656	0.02516	0.15862	0.06561	0.04188	0.02947	0.18994	0.01990	0.00458	0.00794	0.01087	0.16069	0.01122
2	0.02381	0.01206	0.01610	0.01403	0.01798	0.01080	0.01089	0.02787	0.02685	0.23271	0.36065	0.10404	0.06612	0.01795	0.01092	0.00310	0.00592	0.01563	0.01100	0.01157
3	0.02899	0.02078	0.02236	0.01800	0.02314	0.02264	0.01400	0.36965	0.03475	0.04717	0.02594	0.03573	0.02247	0.19823	0.02091	0.00473	0.00987	0.01029	0.05744	0.01291
4	0.02420	0.01193	0.01565	0.01435	0.01787	0.01074	0.01079	0.02697	0.02288	0.24119	0.11252	0.22274	0.08198	0.09712	0.01570	0.00412	0.00703	0.04123	0.00993	0.01105
5	0.03865	0.01664	0.02154	0.01703	0.02368	0.01526	0.01385	0.10347	0.02863	0.46135	0.03726	0.08033	0.02629	0.01334	0.00976	0.00301	0.00809	0.01097	0.05549	0.01535
6	0.03646	0.01494	0.02024	0.01605	0.02232	0.01304	0.01304	0.04040	0.02767	0.47181	0.16942	0.04229	0.03992	0.01384	0.01014	0.00301	0.00738	0.01158	0.01168	0.01476
7	0.04277	0.01764	0.02320	0.01779	0.02531	0.01595	0.01470	0.10324	0.02966	0.54691	0.03662	0.03194	0.02318	0.01196	0.00974	0.00299	0.00851	0.00964	0.01175	0.01649
8	0.02024	0.01124	0.01401	0.01279	0.01603	0.01005	0.00948	0.02313	0.02332	0.16866	0.20174	0.13384	0.17841	0.11317	0.01665	0.00411	0.00636	0.01698	0.00972	0.01008
9	0.43775	0.09552	0.02111	0.01456	0.02128	0.02148	0.01235	0.03420	0.02026	0.21022	0.02094	0.02091	0.01479	0.00982	0.00715	0.00289	0.00807	0.00659	0.00758	0.01253
10	0.01409	0.00940	0.01057	0.01057	0.01057	0.00940	0.00587	0.01409	0.01409	0.01879	0.03054	0.06342	0.03524	0.65938	0.04933	0.00940	0.00940	0.01409	0.00587	0.00587
11	0.02530	0.01194	0.01611	0.01499	0.01859	0.01065	0.01122	0.02806	0.02305	0.27075	0.08454	0.35119	0.04908	0.02188	0.01120	0.00348	0.00666	0.01935	0.01038	0.01160
12	0.01457	0.01121	0.01320	0.01370	0.01566	0.01127	0.00964	0.02131	0.12415	0.02902	0.12495	0.32611	0.12155	0.09824	0.01597	0.00425	0.00622	0.02073	0.00902	0.00923
13	0.01439	0.01115	0.01691	0.08964	0.02285	0.01309	0.01354	0.01802	0.01595	0.02256	0.02517	0.03804	0.02350	0.09823	0.51550	0.01375	0.02346	0.01038	0.00512	0.00875
14	0.72785	0.01874	0.01425	0.01275	0.01874	0.02174	0.01050	0.02849	0.01649	0.04348	0.01350	0.01574	0.01050	0.00900	0.00600	0.00300	0.00750	0.00525	0.00600	0.01050
15	0.56548	0.01945	0.01696	0.01440	0.02078	0.02181	0.01187	0.09333	0.02122	0.11288	0.01760	0.01869	0.01281	0.00966	0.00688	0.00299	0.00796	0.00619	0.00715	0.01191
16	0.01826	0.01695	0.02834	0.50188	0.12297	0.02023	0.02531	0.02413	0.01960	0.02556	0.02125	0.09326	0.01872	0.01180	0.00997	0.00327	0.01197	0.01066	0.00487	0.01099
17	0.01181	0.00843	0.01125	0.01350	0.01406	0.00787	0.00900	0.01350	0.01856	0.02474	0.05342	0.65306	0.06410	0.03036	0.01237	0.00394	0.00562	0.02755	0.00900	0.00787
18	0.01404	0.00931	0.01142	0.01169	0.01195	0.00944	0.00720	0.01427	0.01467	0.01976	0.03153	0.12810	0.03578	0.46015	0.11037	0.07247	0.01078	0.01477	0.00602	0.00629
19	0.01915	0.01123	0.01501	0.06170	0.01967	0.01073	0.01083	0.02208	0.02201	0.13730	0.18137	0.21880	0.07913	0.12568	0.01746	0.00435	0.00701	0.01766	0.00911	0.00973
20	0.01562	0.01116	0.01562	0.01785	0.02008	0.01116	0.01562	0.02008	0.02231	0.02900	0.05132	0.10933	0.05578	0.02677	0.01339	0.00446	0.00892	0.53369	0.00892	0.00892
21	0.01181	0.00843	0.01125	0.01350	0.01406	0.00787	0.00900	0.01350	0.01856	0.02474	0.05342	0.65306	0.06410	0.03036	0.01237	0.00394	0.00562	0.02755	0.00900	0.00787
22	0.01950	0.01956	0.03642	0.48053	0.06255	0.02231	0.16720	0.02640	0.02029	0.02640	0.01785	0.02592	0.01339	0.00929	0.01015	0.00324	0.01381	0.00935	0.00446	0.01137

[dist]
# distance from previous block
# <min> <max>
0	12

[block]
# block no. 8 follows, 16 sequences, length 7
# corresponding to MSA columns:
# 360-366
name=unknown_I
#
# <colnr> <probs for GDERKNQSTAVLIFYWHMCP>
#	G	D	E	R	K	N	Q	S	T	A	V	L	I	F	Y	W	H	M	C	P
0	0.02308	0.02425	0.12990	0.29403	0.16811	0.02157	0.02709	0.02961	0.02093	0.10106	0.01988	0.02516	0.01472	0.01011	0.01090	0.00316	0.04950	0.00851	0.00535	0.01307
1	0.01409	0.00940	0.01057	0.01057	0.01057	0.00940	0.00587	0.01409	0.01409	0.01879	0.03054	0.06342	0.03524	0.65938	0.04933	0.00940	0.00940	0.01409	0.00587	0.00587
2	0.02010	0.01723	0.02010	0.01436	0.02297	0.01292	0.01148	0.02440	0.02010	0.03158	0.01723	0.02010	0.01436	0.00718	0.00718	0.00144	0.00718	0.00574	0.00574	0.71863
3	0.01926	0.02961	0.19277	0.01852	0.02540	0.14300	0.01840	0.02449	0.02310	0.02784	0.08892	0.05401	0.26373	0.01655	0.01020	0.00303	0.01038	0.01326	0.00679	0.01073
4	0.14226	0.17582	0.38819	0.02272	0.03433	0.02575	0.02737	0.02996	0.01962	0.03120	0.01589	0.01861	0.01201	0.00898	0.00802	0.00284	0.01231	0.00641	0.00443	0.01327
5	0.03078	0.01929	0.02235	0.01859	0.02415	0.02006	0.01472	0.29075	0.03370	0.16627	0.03546	0.21342	0.03230	0.01731	0.01051	0.00323	0.00864	0.01457	0.00998	0.01391
6	0.10858	0.01648	0.02252	0.31818	0.04238	0.01936	0.01906	0.02844	0.11708	0.03286	0.14343	0.03625	0.03220	0.01235	0.00962	0.00317	0.00955	0.01049	0.00683	0.01117

[dist]
# distance from previous block
# <min> <max>
0	1

[block]
# block no. 9 follows, 16 sequences, length 32
# corresponding to MSA columns:
# 368-399
name=unknown_J
#
# <colnr> <probs for GDERKNQSTAVLIFYWHMCP>
#	G	D	E	R	K	N	Q	S	T	A	V	L	I	F	Y	W	H	M	C	P
0	0.54817	0.01927	0.01620	0.01453	0.02039	0.02235	0.01173	0.03437	0.16073	0.04273	0.02012	0.02096	0.01537	0.01006	0.00698	0.00307	0.00754	0.00671	0.00698	0.01173
1	0.01888	0.01782	0.03012	0.57730	0.12102	0.02169	0.02720	0.02527	0.01965	0.02547	0.01733	0.02565	0.01317	0.00958	0.00968	0.00319	0.01278	0.00862	0.00436	0.01123
2	0.02713	0.02228	0.03166	0.24737	0.14913	0.05415	0.05217	0.13275	0.02624	0.10054	0.02080	0.02519	0.01540	0.01042	0.01078	0.00309	0.04221	0.00879	0.00638	0.01351
3	0.02211	0.02111	0.03595	0.24995	0.42314	0.02253	0.02881	0.02810	0.02118	0.02938	0.01790	0.02460	0.01455	0.00898	0.00963	0.00299	0.01198	0.00863	0.00464	0.01384
4	0.02399	0.02303	0.03934	0.05949	0.59893	0.02303	0.02974	0.02974	0.02207	0.03166	0.01823	0.02399	0.01535	0.00864	0.00960	0.00288	0.01151	0.00864	0.00480	0.01535
5	0.01172	0.00879	0.01088	0.01256	0.01381	0.00795	0.00858	0.01360	0.01946	0.02511	0.06485	0.51013	0.19965	0.02888	0.01214	0.00377	0.00544	0.02574	0.00900	0.00795
6	0.01936	0.01690	0.02846	0.50843	0.05807	0.02011	0.05468	0.02512	0.01945	0.05271	0.01974	0.03004	0.01583	0.07596	0.01383	0.00385	0.01253	0.00939	0.00487	0.01068
7	0.01944	0.05013	0.60917	0.02762	0.04195	0.02251	0.03581	0.03069	0.02046	0.03069	0.01739	0.02046	0.01228	0.00921	0.00921	0.00307	0.01432	0.00716	0.00409	0.01432
8	0.01346	0.00990	0.01259	0.01192	0.01432	0.00903	0.00894	0.01778	0.02682	0.03740	0.53634	0.07482	0.14983	0.02036	0.01143	0.00307	0.00461	0.01787	0.01048	0.00903
9	0.63246	0.01843	0.01539	0.01337	0.01958	0.02070	0.01102	0.03110	0.01806	0.12183	0.01694	0.01815	0.01238	0.00941	0.00652	0.00300	0.00760	0.00588	0.00683	0.01133
10	0.02070	0.01352	0.01575	0.01503	0.01841	0.01371	0.01138	0.08798	0.10186	0.09391	0.04804	0.26703	0.09825	0.02065	0.01067	0.00337	0.00671	0.04169	0.10030	0.01105
11	0.01372	0.00991	0.01296	0.01219	0.01448	0.00914	0.00914	0.01829	0.02743	0.03887	0.59381	0.07240	0.09145	0.01981	0.01143	0.00305	0.00457	0.01753	0.01067	0.00914
12	0.02681	0.02022	0.02200	0.01938	0.02514	0.02273	0.01519	0.05091	0.50425	0.11930	0.03928	0.03572	0.02881	0.01299	0.00985	0.00325	0.00775	0.01079	0.01016	0.01550
13	0.03012	0.01852	0.02167	0.01800	0.02361	0.01914	0.01431	0.21046	0.10455	0.19060	0.11452	0.12221	0.03742	0.01570	0.01035	0.00314	0.00808	0.01316	0.01035	0.01409
14	0.01639	0.01314	0.01428	0.01308	0.01687	0.01288	0.01006	0.07664	0.10382	0.03502	0.21026	0.07279	0.32726	0.02042	0.01105	0.00318	0.00579	0.01718	0.00962	0.01027
15	0.01807	0.00903	0.00903	0.00903	0.01129	0.00903	0.00678	0.02258	0.02033	0.03613	0.03162	0.03613	0.02484	0.01129	0.00678	0.00226	0.00452	0.00903	0.71319	0.00903
16	0.03218	0.01564	0.01995	0.01643	0.02221	0.01483	0.01315	0.04066	0.13338	0.35303	0.18032	0.04366	0.04228	0.01421	0.01020	0.00307	0.00720	0.01196	0.01125	0.01440
17	0.28810	0.01801	0.01821	0.01574	0.02140	0.01959	0.01245	0.03865	0.19106	0.17331	0.02877	0.03028	0.02170	0.06884	0.01192	0.00366	0.00790	0.00884	0.00858	0.01298
18	0.02412	0.01221	0.01359	0.01221	0.01599	0.01220	0.00950	0.03167	0.10005	0.15346	0.03406	0.03549	0.02533	0.01169	0.00781	0.00255	0.00572	0.00945	0.47147	0.01144
19	0.01409	0.00940	0.01057	0.01057	0.01057	0.00940	0.00587	0.01409	0.01409	0.01879	0.03054	0.06342	0.03524	0.65938	0.04933	0.00940	0.00940	0.01409	0.00587	0.00587
20	0.02593	0.01634	0.01904	0.01688	0.02176	0.01686	0.01309	0.06790	0.23181	0.18174	0.07075	0.15451	0.08682	0.01724	0.01050	0.00330	0.00723	0.01470	0.01020	0.01342
21	0.02041	0.01097	0.01379	0.01279	0.01497	0.01024	0.00879	0.02229	0.02011	0.15705	0.13081	0.14258	0.04631	0.31318	0.02858	0.00608	0.00778	0.01561	0.00853	0.00914
22	0.01830	0.01723	0.02907	0.63609	0.06675	0.02153	0.02692	0.02476	0.01938	0.02476	0.01723	0.02584	0.01292	0.00969	0.00969	0.00323	0.01292	0.00861	0.00431	0.01077
23	0.13440	0.01837	0.02129	0.01682	0.02356	0.01829	0.01381	0.16024	0.02938	0.33704	0.03061	0.02873	0.02050	0.01141	0.00887	0.00289	0.00826	0.00880	0.09194	0.01479
24	0.17826	0.01226	0.01373	0.01318	0.01646	0.01233	0.01029	0.02168	0.02340	0.06644	0.30713	0.11499	0.08450	0.01881	0.01039	0.00327	0.00598	0.06799	0.00927	0.00966
25	0.01344	0.00978	0.01152	0.01210	0.01437	0.00898	0.00920	0.01657	0.02190	0.02917	0.15465	0.16110	0.25408	0.05970	0.01360	0.00378	0.00588	0.11089	0.08089	0.00839
26	0.01324	0.01013	0.01225	0.01253	0.01481	0.00943	0.00925	0.01766	0.05213	0.03138	0.26455	0.22630	0.21834	0.02380	0.01169	0.00342	0.00530	0.04527	0.00966	0.00886
27	0.02850	0.01294	0.01679	0.01429	0.01883	0.01151	0.01102	0.03164	0.02428	0.31755	0.12131	0.11077	0.08964	0.09110	0.01483	0.00383	0.00711	0.01407	0.04778	0.01222
28	0.02374	0.01446	0.01699	0.01569	0.01898	0.04221	0.01168	0.02949	0.12100	0.15983	0.09252	0.17211	0.03851	0.02178	0.01675	0.16299	0.00768	0.01420	0.00874	0.01065
29	0.03858	0.02437	0.02736	0.02098	0.02867	0.02593	0.01733	0.43096	0.04091	0.20331	0.02718	0.02581	0.01844	0.01173	0.00971	0.00293	0.01003	0.00899	0.01030	0.01649
30	0.03829	0.02017	0.07460	0.01856	0.02635	0.01654	0.01634	0.04643	0.11444	0.46533	0.03657	0.03237	0.02383	0.01193	0.00972	0.00305	0.00870	0.00971	0.01096	0.01612
31	0.09799	0.01658	0.09497	0.01358	0.01776	0.01242	0.01182	0.01981	0.01948	0.05357	0.09307	0.09334	0.19500	0.19557	0.02096	0.00491	0.00792	0.01477	0.00737	0.00910

[dist]
# distance from previous block
# <min> <max>
0	2

[block]
# block no. 10 follows, 16 sequences, length 39
# corresponding to MSA columns:
# 402-440
name=unknown_K
#
# <colnr> <probs for GDERKNQSTAVLIFYWHMCP>
#	G	D	E	R	K	N	Q	S	T	A	V	L	I	F	Y	W	H	M	C	P
0	0.02671	0.06710	0.20501	0.08126	0.03765	0.08570	0.07934	0.10011	0.10231	0.08648	0.02280	0.02461	0.01658	0.01027	0.00947	0.00300	0.01260	0.00848	0.00648	0.01405
1	0.02506	0.31466	0.11124	0.07568	0.18259	0.03038	0.02331	0.07842	0.02277	0.02976	0.01638	0.01984	0.01360	0.00890	0.00805	0.00257	0.01136	0.00691	0.00483	0.01368
2	0.02335	0.16651	0.02372	0.01504	0.01919	0.01721	0.01205	0.02587	0.02035	0.16614	0.03537	0.23312	0.03541	0.08884	0.06952	0.00488	0.00963	0.01493	0.00792	0.01094
3	0.12892	0.22017	0.18787	0.01890	0.02837	0.02465	0.01994	0.03225	0.02095	0.13544	0.01945	0.02056	0.01442	0.00921	0.00774	0.00258	0.01030	0.00662	0.00600	0.08567
4	0.01255	0.00900	0.01191	0.01299	0.01422	0.00836	0.00905	0.01535	0.02199	0.03020	0.26224	0.42868	0.07467	0.02629	0.01201	0.00359	0.00522	0.02368	0.00964	0.00836
5	0.02752	0.60570	0.04819	0.01664	0.02486	0.03614	0.01637	0.03069	0.02043	0.07627	0.01575	0.01715	0.01350	0.00863	0.00654	0.00216	0.01017	0.00560	0.00487	0.01281
6	0.01410	0.01016	0.01350	0.01334	0.01562	0.00955	0.01046	0.01865	0.02639	0.03686	0.48340	0.07991	0.08419	0.02123	0.01183	0.00334	0.00546	0.12258	0.01031	0.00910
7	0.01660	0.01132	0.01447	0.01482	0.01707	0.01117	0.01110	0.06768	0.02283	0.06113	0.10536	0.34666	0.09102	0.02964	0.06742	0.00478	0.00831	0.08013	0.00904	0.00947
8	0.33190	0.06056	0.02314	0.02081	0.07944	0.06609	0.01516	0.08404	0.10988	0.09208	0.02127	0.02211	0.01599	0.01015	0.00784	0.00293	0.00916	0.00727	0.00719	0.01299
9	0.09638	0.02204	0.02800	0.02357	0.02560	0.02894	0.01960	0.12322	0.02063	0.03229	0.01473	0.02102	0.01318	0.01517	0.02512	0.00387	0.46135	0.00820	0.00542	0.01167
10	0.01974	0.02003	0.07516	0.01947	0.07634	0.01433	0.01514	0.02484	0.02106	0.03225	0.07634	0.02584	0.02214	0.00879	0.00802	0.00188	0.00796	0.00734	0.00601	0.51731
11	0.01954	0.01259	0.01699	0.01905	0.07666	0.01207	0.01247	0.02459	0.07261	0.12431	0.08761	0.35100	0.08651	0.02239	0.01129	0.00351	0.00673	0.01996	0.00926	0.01086
12	0.01310	0.00996	0.01424	0.10449	0.02227	0.01016	0.01221	0.01574	0.01902	0.02513	0.04796	0.51223	0.05590	0.02703	0.01207	0.00388	0.00699	0.07093	0.00831	0.00839
13	0.03620	0.04619	0.02747	0.02497	0.02996	0.62047	0.01873	0.03870	0.02747	0.02372	0.01498	0.01748	0.01248	0.00999	0.00874	0.00250	0.01748	0.00624	0.00499	0.01124
14	0.01808	0.01062	0.01298	0.01243	0.01551	0.00944	0.00928	0.02120	0.02328	0.13003	0.17999	0.20499	0.22000	0.02172	0.01102	0.00326	0.00555	0.01877	0.06204	0.00983
15	0.02667	0.01271	0.01620	0.01398	0.01854	0.01112	0.01081	0.02967	0.02425	0.29363	0.11176	0.12847	0.17607	0.06433	0.01348	0.00364	0.00682	0.01562	0.01033	0.01191
16	0.01385	0.01038	0.01558	0.01558	0.01731	0.01211	0.01211	0.01731	0.01558	0.02250	0.02596	0.03808	0.02423	0.07269	0.62098	0.01558	0.02596	0.01038	0.00519	0.00865
17	0.01385	0.01038	0.01558	0.01558	0.01731	0.01211	0.01211	0.01731	0.01558	0.02250	0.02596	0.03808	0.02423	0.07269	0.62098	0.01558	0.02596	0.01038	0.00519	0.00865
18	0.13894	0.01683	0.01933	0.01597	0.02189	0.01670	0.01286	0.10680	0.06034	0.27136	0.09005	0.07091	0.08788	0.01450	0.00963	0.00308	0.00761	0.01171	0.01006	0.01354
19	0.21794	0.01409	0.01511	0.01405	0.01800	0.01454	0.01076	0.06485	0.02240	0.12248	0.09155	0.23243	0.03963	0.01783	0.00951	0.00325	0.00673	0.01493	0.05915	0.01075
20	0.06480	0.01439	0.01745	0.01471	0.01962	0.01379	0.01166	0.08672	0.02658	0.26193	0.12300	0.09486	0.03702	0.01458	0.00945	0.00293	0.00687	0.01213	0.15480	0.01271
21	0.01944	0.05013	0.60917	0.02762	0.04195	0.02251	0.03581	0.03069	0.02046	0.03069	0.01739	0.02046	0.01228	0.00921	0.00921	0.00307	0.01432	0.00716	0.00409	0.01432
22	0.01188	0.00962	0.01055	0.01077	0.01347	0.00829	0.00790	0.01457	0.02244	0.02805	0.17294	0.17457	0.43180	0.02465	0.01159	0.00334	0.00496	0.02105	0.00927	0.00829
23	0.02029	0.01131	0.01383	0.01283	0.01654	0.00983	0.00973	0.02316	0.02344	0.18115	0.12790	0.19293	0.27554	0.02191	0.01119	0.00331	0.00591	0.01878	0.00998	0.01043
24	0.02010	0.01723	0.02010	0.01436	0.02297	0.01292	0.01148	0.02440	0.02010	0.03158	0.01723	0.02010	0.01436	0.00718	0.00718	0.00144	0.00718	0.00574	0.00574	0.71863
25	0.03684	0.02715	0.02909	0.02230	0.03006	0.03006	0.01842	0.56661	0.04557	0.06108	0.02327	0.02327	0.01648	0.01163	0.00970	0.00291	0.01067	0.00873	0.00970	0.01648
26	0.09065	0.01585	0.02062	0.01622	0.02287	0.01421	0.01319	0.04218	0.02617	0.49552	0.07288	0.03593	0.02806	0.04633	0.01166	0.00334	0.00801	0.01016	0.01114	0.01500
27	0.01545	0.00924	0.01207	0.01331	0.01463	0.00880	0.00952	0.01738	0.01910	0.05716	0.04495	0.39688	0.04966	0.02620	0.01408	0.07836	0.00621	0.07333	0.12543	0.00825
28	0.01372	0.00991	0.01296	0.01219	0.01448	0.00914	0.00914	0.01829	0.02743	0.03887	0.59381	0.07240	0.09145	0.01981	0.01143	0.00305	0.00457	0.01753	0.01067	0.00914
29	0.01181	0.00843	0.01125	0.01350	0.01406	0.00787	0.00900	0.01350	0.01856	0.02474	0.05342	0.65306	0.06410	0.03036	0.01237	0.00394	0.00562	0.02755	0.00900	0.00787
30	0.01396	0.00994	0.01335	0.01335	0.01431	0.01091	0.00934	0.01588	0.01492	0.02085	0.02800	0.04935	0.02912	0.33355	0.36681	0.01283	0.01860	0.01203	0.00549	0.00742
31	0.01511	0.01052	0.01163	0.01097	0.01451	0.00896	0.00836	0.01804	0.02355	0.08757	0.17393	0.08366	0.45337	0.02248	0.01128	0.00321	0.00520	0.01888	0.00958	0.00919
32	0.01181	0.00843	0.01125	0.01350	0.01406	0.00787	0.00900	0.01350	0.01856	0.02474	0.05342	0.65306	0.06410	0.03036	0.01237	0.00394	0.00562	0.02755	0.00900	0.00787
33	0.01830	0.01723	0.02907	0.63609	0.06675	0.02153	0.02692	0.02476	0.01938	0.02476	0.01723	0.02584	0.01292	0.00969	0.00969	0.00323	0.01292	0.00861	0.00431	0.01077
34	0.02399	0.02303	0.03934	0.05949	0.59893	0.02303	0.02974	0.02974	0.02207	0.03166	0.01823	0.02399	0.01535	0.00864	0.00960	0.00288	0.01151	0.00864	0.00480	0.01535
35	0.01181	0.00843	0.01125	0.01350	0.01406	0.00787	0.00900	0.01350	0.01856	0.02474	0.05342	0.65306	0.06410	0.03036	0.01237	0.00394	0.00562	0.02755	0.00900	0.00787
