[name]
unknown

[dist]
# distance from previous block
# <min> <max>
5	103

[block]
# block no. 0 follows, 11 sequences, length 17
# corresponding to MSA columns:
# 146-162
name=unknown_A
#
# <colnr> <probs for GDERKNQSTAVLIFYWHMCP>
#	G	D	E	R	K	N	Q	S	T	A	V	L	I	F	Y	W	H	M	C	P
0	0.08697	0.02234	0.02992	0.11413	0.03826	0.02294	0.07563	0.14204	0.03056	0.04353	0.03618	0.08811	0.08006	0.01518	0.01112	0.00336	0.01129	0.01308	0.00820	0.12710
1	0.03136	0.32743	0.04308	0.01922	0.02881	0.03235	0.01749	0.07820	0.02678	0.08446	0.02082	0.02243	0.01685	0.01005	0.00833	0.00239	0.01076	0.00712	0.00686	0.20523
2	0.36861	0.15599	0.03117	0.02226	0.06412	0.08314	0.01721	0.07719	0.02482	0.04380	0.01729	0.01995	0.01397	0.01063	0.00804	0.00317	0.01127	0.00686	0.00667	0.01383
3	0.11064	0.08198	0.03265	0.10247	0.03614	0.03056	0.02143	0.11207	0.08236	0.09044	0.02416	0.02769	0.01869	0.01430	0.01709	0.00381	0.16118	0.00956	0.00784	0.01495
4	0.01852	0.01195	0.01502	0.01479	0.01789	0.01092	0.01098	0.02200	0.02606	0.09099	0.18238	0.21482	0.20545	0.03281	0.06722	0.00531	0.00867	0.02252	0.01087	0.01082
5	0.02760	0.01516	0.02294	0.02060	0.02514	0.01379	0.05903	0.03137	0.02598	0.20091	0.05221	0.31382	0.05259	0.02532	0.01336	0.00419	0.00908	0.06260	0.01115	0.01316
6	0.01793	0.01150	0.01478	0.01460	0.01665	0.01072	0.01025	0.02126	0.02617	0.07199	0.27632	0.21038	0.07950	0.14062	0.02213	0.00526	0.00704	0.02190	0.01090	0.01010
7	0.02345	0.07664	0.03895	0.02876	0.03275	0.02834	0.12216	0.02822	0.02330	0.03332	0.14046	0.03960	0.03730	0.01736	0.02338	0.00411	0.26950	0.01277	0.00688	0.01272
8	0.02374	0.01430	0.01706	0.01592	0.01843	0.01416	0.01092	0.07998	0.02442	0.10368	0.04267	0.19997	0.04519	0.29963	0.03392	0.00728	0.00975	0.01898	0.00932	0.01068
9	0.02670	0.02907	0.12783	0.07871	0.03894	0.02615	0.06952	0.06500	0.07315	0.08209	0.02935	0.09814	0.02559	0.01680	0.01816	0.00407	0.15552	0.01303	0.00753	0.01464
10	0.02023	0.01185	0.01384	0.01315	0.01414	0.01155	0.00792	0.02073	0.01816	0.08075	0.03648	0.06965	0.03944	0.53756	0.05208	0.01007	0.01076	0.01580	0.00763	0.00822
11	0.02845	0.12739	0.11627	0.07034	0.08542	0.02948	0.02436	0.12682	0.12522	0.04381	0.08335	0.03469	0.02995	0.01332	0.01075	0.00337	0.01182	0.01080	0.00828	0.01610
12	0.02664	0.02246	0.03930	0.03030	0.03739	0.02203	0.20949	0.07590	0.07623	0.07502	0.08759	0.09213	0.03559	0.01832	0.01660	0.08497	0.01285	0.01495	0.00848	0.01375
13	0.03483	0.09361	0.07083	0.02292	0.03130	0.02852	0.02007	0.17603	0.17419	0.13166	0.07089	0.03615	0.03052	0.01414	0.01097	0.00344	0.01069	0.01123	0.01061	0.01740
14	0.03613	0.02702	0.07856	0.02368	0.03194	0.02508	0.02091	0.17647	0.15376	0.17533	0.03924	0.04531	0.03009	0.01590	0.01179	0.00375	0.01101	0.06531	0.01122	0.01751
15	0.02931	0.02203	0.02605	0.02131	0.02848	0.02223	0.01739	0.10687	0.11868	0.09228	0.03251	0.04151	0.02706	0.01483	0.01335	0.00325	0.06629	0.06393	0.00924	0.24339
16	0.03048	0.02661	0.07612	0.07327	0.03306	0.08529	0.01994	0.12202	0.03096	0.12306	0.03890	0.21474	0.03728	0.01999	0.01210	0.00378	0.01162	0.01695	0.00956	0.01427

[dist]
# distance from previous block
# <min> <max>
0	2

[block]
# block no. 1 follows, 11 sequences, length 27
# corresponding to MSA columns:
# 165-191
name=unknown_B
#
# <colnr> <probs for GDERKNQSTAVLIFYWHMCP>
#	G	D	E	R	K	N	Q	S	T	A	V	L	I	F	Y	W	H	M	C	P
0	0.03529	0.02894	0.09389	0.07710	0.08895	0.02611	0.07382	0.14034	0.10272	0.16850	0.03160	0.03225	0.02222	0.01259	0.01144	0.00356	0.01269	0.01090	0.00954	0.01757
1	0.02359	0.02642	0.06613	0.40697	0.06347	0.10023	0.02856	0.03027	0.02385	0.02905	0.02374	0.08352	0.02068	0.01361	0.01136	0.00370	0.01505	0.01164	0.00563	0.01253
2	0.02255	0.10484	0.03299	0.07824	0.03116	0.02905	0.02127	0.02575	0.01930	0.02731	0.02411	0.11199	0.02509	0.02658	0.08187	0.00578	0.30148	0.01286	0.00586	0.01192
3	0.02689	0.01959	0.02568	0.08932	0.03150	0.02275	0.01866	0.08474	0.07681	0.10028	0.03397	0.11774	0.03128	0.08143	0.06715	0.00593	0.12993	0.01439	0.00857	0.01340
4	0.11510	0.03140	0.18194	0.02266	0.03234	0.02184	0.02304	0.07730	0.06264	0.16257	0.11848	0.03880	0.03542	0.01418	0.01092	0.00353	0.01104	0.01135	0.00957	0.01587
5	0.02821	0.02252	0.02687	0.02687	0.08853	0.02435	0.01865	0.16608	0.17901	0.05015	0.13460	0.10289	0.04652	0.01778	0.01203	0.00366	0.00946	0.01521	0.01076	0.01585
6	0.01777	0.01267	0.01462	0.01482	0.01595	0.01308	0.00976	0.02240	0.07850	0.02683	0.04169	0.11945	0.04564	0.41975	0.04336	0.00886	0.01024	0.06778	0.00809	0.00876
7	0.02881	0.02131	0.02493	0.01818	0.02791	0.01760	0.01468	0.08843	0.02796	0.09863	0.02365	0.02550	0.01825	0.00961	0.00903	0.00208	0.00897	0.00762	0.00806	0.51877
8	0.03025	0.02640	0.03608	0.12040	0.22589	0.07706	0.02679	0.03557	0.02514	0.09825	0.02254	0.02781	0.01781	0.01213	0.01465	0.00344	0.09869	0.00954	0.00661	0.08498
9	0.04064	0.02573	0.07773	0.02215	0.03154	0.02175	0.01958	0.12404	0.09250	0.29619	0.03653	0.03375	0.02460	0.01307	0.01092	0.00331	0.01051	0.01047	0.01146	0.09353
10	0.01412	0.01095	0.01294	0.01401	0.01644	0.00977	0.01024	0.01710	0.02483	0.03161	0.13427	0.28558	0.28126	0.03060	0.01387	0.00417	0.00634	0.06170	0.01065	0.00956
11	0.03483	0.01821	0.02794	0.12301	0.03725	0.01748	0.05654	0.03997	0.02857	0.28872	0.09142	0.11284	0.03888	0.01678	0.01206	0.00370	0.01049	0.01485	0.01102	0.01543
12	0.03543	0.02374	0.03588	0.10700	0.04088	0.02623	0.08759	0.09524	0.02874	0.20927	0.02822	0.03115	0.02012	0.01435	0.01811	0.00392	0.15849	0.01088	0.00888	0.01590
13	0.01564	0.01199	0.01454	0.01573	0.01779	0.01166	0.01107	0.02176	0.08334	0.03310	0.12134	0.39585	0.14301	0.03039	0.01372	0.00424	0.00655	0.02705	0.01079	0.01042
14	0.03496	0.01745	0.02230	0.01887	0.02471	0.01645	0.01482	0.10345	0.03261	0.27063	0.12646	0.17626	0.05062	0.02042	0.01235	0.00373	0.00855	0.01753	0.01247	0.01537
15	0.03131	0.02614	0.08870	0.18299	0.04902	0.02398	0.09204	0.04378	0.12557	0.17083	0.03215	0.03404	0.02257	0.01247	0.01154	0.00368	0.01306	0.01120	0.00876	0.01617
16	0.08608	0.02429	0.06068	0.14450	0.09763	0.02419	0.02325	0.04550	0.17025	0.15771	0.03314	0.03390	0.02379	0.01283	0.01092	0.00363	0.01132	0.01069	0.00922	0.01647
17	0.02895	0.10566	0.03109	0.02144	0.02778	0.02516	0.04539	0.14072	0.05925	0.09147	0.08672	0.09288	0.12025	0.01843	0.01333	0.00359	0.04870	0.01497	0.00973	0.01449
18	0.14886	0.09502	0.03332	0.08508	0.03617	0.02580	0.06389	0.09791	0.02698	0.04193	0.01995	0.02374	0.01578	0.01007	0.00918	0.00278	0.01124	0.00801	0.00687	0.23741
19	0.02384	0.01294	0.01684	0.01542	0.01870	0.01185	0.01128	0.02743	0.02748	0.15564	0.25128	0.14812	0.07063	0.13232	0.02127	0.00507	0.00756	0.01921	0.01141	0.01170
20	0.03195	0.03248	0.16979	0.07593	0.16551	0.02433	0.06776	0.03964	0.02625	0.17426	0.02693	0.02980	0.01920	0.01198	0.01302	0.00361	0.05284	0.01019	0.00759	0.01693
21	0.03142	0.15975	0.08524	0.10654	0.04327	0.03327	0.08431	0.17921	0.08878	0.04486	0.02452	0.02733	0.01857	0.01177	0.01060	0.00334	0.01349	0.00975	0.00770	0.01628
22	0.02157	0.01371	0.01742	0.01757	0.02064	0.01346	0.01312	0.02897	0.09568	0.10465	0.12781	0.31714	0.06618	0.02720	0.01348	0.00422	0.00748	0.06624	0.01136	0.01210
23	0.02548	0.05439	0.47258	0.03119	0.04673	0.02740	0.03869	0.10183	0.02795	0.04071	0.02118	0.02423	0.01496	0.01110	0.01077	0.00354	0.01602	0.00858	0.00569	0.01699
24	0.01816	0.01312	0.01628	0.01696	0.01905	0.01302	0.01204	0.08541	0.02731	0.03679	0.11381	0.45276	0.07037	0.03065	0.01379	0.00427	0.00722	0.02744	0.01080	0.01076
25	0.03391	0.02510	0.02939	0.02392	0.02912	0.02889	0.01925	0.29527	0.03723	0.05062	0.02297	0.02827	0.01842	0.02071	0.02378	0.16170	0.11836	0.01000	0.00857	0.01450
26	0.01939	0.01368	0.01626	0.01635	0.01815	0.01393	0.01142	0.08581	0.02449	0.03262	0.04640	0.26183	0.05243	0.25342	0.03076	0.00693	0.00948	0.06769	0.00914	0.00980

[dist]
# distance from previous block
# <min> <max>
0	36

[block]
# block no. 2 follows, 11 sequences, length 8
# corresponding to MSA columns:
# 228-235
name=unknown_C
#
# <colnr> <probs for GDERKNQSTAVLIFYWHMCP>
#	G	D	E	R	K	N	Q	S	T	A	V	L	I	F	Y	W	H	M	C	P
0	0.15793	0.02370	0.02369	0.02130	0.02778	0.02745	0.01670	0.05451	0.41590	0.04776	0.03984	0.03730	0.02997	0.01431	0.01056	0.00375	0.00887	0.01141	0.01056	0.01670
1	0.03011	0.02449	0.04359	0.24888	0.05875	0.02568	0.18543	0.08023	0.02844	0.12300	0.02579	0.03126	0.01830	0.01132	0.01196	0.00368	0.01518	0.01136	0.00736	0.01518
2	0.68395	0.02177	0.01654	0.01480	0.02177	0.02525	0.01219	0.03309	0.01915	0.05050	0.01567	0.01828	0.01219	0.01045	0.00697	0.00348	0.00871	0.00609	0.00697	0.01219
3	0.02126	0.02001	0.03376	0.57739	0.07752	0.02501	0.03126	0.02876	0.02251	0.02876	0.02001	0.03001	0.01500	0.01125	0.01125	0.00375	0.01500	0.01000	0.00500	0.01250
4	0.01955	0.00978	0.01466	0.01466	0.01466	0.00978	0.00978	0.01466	0.01466	0.01955	0.01955	0.03421	0.01955	0.03910	0.04399	0.67253	0.00978	0.00978	0.00489	0.00489
5	0.02993	0.07235	0.03271	0.17356	0.04284	0.13265	0.02349	0.03716	0.07231	0.08001	0.02607	0.03552	0.02174	0.01494	0.01588	0.00379	0.12064	0.04368	0.00703	0.01372
6	0.02572	0.07269	0.02451	0.01897	0.02248	0.01857	0.01520	0.02790	0.02061	0.12717	0.02809	0.03675	0.02385	0.04842	0.24912	0.13950	0.07113	0.01068	0.00715	0.01149
7	0.08416	0.02634	0.08243	0.22261	0.09113	0.02719	0.02728	0.07795	0.02552	0.08588	0.02184	0.02773	0.01655	0.01308	0.01563	0.00383	0.11999	0.00962	0.00666	0.01459

[dist]
# distance from previous block
# <min> <max>
0	1

[block]
# block no. 3 follows, 11 sequences, length 7
# corresponding to MSA columns:
# 237-243
name=unknown_D
#
# <colnr> <probs for GDERKNQSTAVLIFYWHMCP>
#	G	D	E	R	K	N	Q	S	T	A	V	L	I	F	Y	W	H	M	C	P
0	0.03026	0.02819	0.10577	0.18690	0.05570	0.02440	0.19721	0.03841	0.02643	0.15353	0.02680	0.03134	0.01871	0.01118	0.01194	0.00368	0.01536	0.01130	0.00733	0.01555
1	0.02061	0.01543	0.02684	0.12854	0.03399	0.01608	0.09614	0.02129	0.01846	0.02448	0.02252	0.03853	0.02138	0.11155	0.03437	0.33213	0.01252	0.01139	0.00533	0.00840
2	0.44437	0.02391	0.02923	0.02362	0.03025	0.02745	0.10719	0.03263	0.02026	0.04371	0.01689	0.02170	0.01357	0.01184	0.01331	0.00379	0.10899	0.00812	0.00637	0.01279
3	0.02835	0.01761	0.02415	0.14940	0.03593	0.01859	0.01816	0.07477	0.06578	0.14802	0.12881	0.08145	0.04180	0.01959	0.01584	0.08451	0.01005	0.01396	0.00978	0.01345
4	0.03389	0.02068	0.02763	0.02558	0.10184	0.01728	0.01761	0.03890	0.02690	0.22061	0.02906	0.02945	0.02091	0.01062	0.00983	0.00257	0.00953	0.00885	0.00915	0.33910
5	0.03055	0.01686	0.02150	0.01761	0.02455	0.01394	0.01370	0.03447	0.02607	0.21839	0.04055	0.18808	0.03678	0.01785	0.01110	0.00313	0.00829	0.01539	0.01036	0.25082
6	0.14643	0.01505	0.01618	0.01562	0.01968	0.01525	0.01234	0.05854	0.02775	0.04149	0.18182	0.12507	0.17324	0.02345	0.01234	0.00391	0.00745	0.08291	0.01032	0.01114

[dist]
# distance from previous block
# <min> <max>
1	7

[block]
# block no. 4 follows, 11 sequences, length 16
# corresponding to MSA columns:
# 251-266
name=unknown_E
#
# <colnr> <probs for GDERKNQSTAVLIFYWHMCP>
#	G	D	E	R	K	N	Q	S	T	A	V	L	I	F	Y	W	H	M	C	P
0	0.04307	0.02446	0.02874	0.02231	0.03053	0.02498	0.01831	0.26931	0.04239	0.25753	0.08656	0.03754	0.03177	0.01468	0.01149	0.00344	0.01052	0.01168	0.01245	0.01825
1	0.02897	0.02619	0.04140	0.16247	0.36330	0.02772	0.03177	0.10815	0.02943	0.04071	0.02189	0.02815	0.01748	0.01083	0.01118	0.00343	0.01353	0.01004	0.00638	0.01699
2	0.03337	0.01969	0.02437	0.01791	0.02743	0.01557	0.01452	0.03813	0.02662	0.22332	0.02902	0.02887	0.02080	0.01040	0.00944	0.00234	0.00879	0.00839	0.00935	0.43167
3	0.06916	0.01490	0.01681	0.01518	0.01991	0.01380	0.01162	0.05792	0.02802	0.08619	0.15097	0.15618	0.21117	0.02299	0.01222	0.00360	0.00708	0.01946	0.01059	0.07224
4	0.68395	0.02177	0.01654	0.01480	0.02177	0.02525	0.01219	0.03309	0.01915	0.05050	0.01567	0.01828	0.01219	0.01045	0.00697	0.00348	0.00871	0.00609	0.00697	0.01219
5	0.03841	0.01641	0.02240	0.01933	0.02555	0.01458	0.01567	0.04245	0.02921	0.36420	0.05014	0.15673	0.04251	0.02068	0.01257	0.00396	0.00914	0.08749	0.01271	0.01587
6	0.02172	0.04444	0.36848	0.02847	0.03991	0.02471	0.03331	0.03169	0.02415	0.03596	0.11011	0.03468	0.03077	0.01435	0.01540	0.00378	0.10635	0.01072	0.00615	0.01486
7	0.01773	0.01112	0.01480	0.01568	0.01761	0.01022	0.01106	0.02079	0.02527	0.08088	0.18372	0.40936	0.07850	0.03003	0.01379	0.00420	0.00649	0.02699	0.01129	0.01047
8	0.02685	0.13010	0.03323	0.06920	0.12352	0.11085	0.02028	0.06306	0.02677	0.03235	0.03902	0.09179	0.10694	0.01797	0.01322	0.04938	0.01214	0.01318	0.00706	0.01308
9	0.27060	0.01866	0.02063	0.01706	0.02402	0.01855	0.01388	0.04081	0.02748	0.27369	0.12426	0.03967	0.03685	0.01438	0.01013	0.00349	0.00847	0.01113	0.01115	0.01507
10	0.03401	0.02222	0.02670	0.07849	0.03339	0.02380	0.01856	0.14997	0.16687	0.16575	0.11653	0.04326	0.03896	0.01539	0.01165	0.00359	0.00991	0.01275	0.01147	0.01672
11	0.01751	0.01051	0.01313	0.01313	0.01313	0.01051	0.00788	0.01576	0.01576	0.02101	0.02977	0.05955	0.03328	0.40226	0.05253	0.24753	0.01051	0.01401	0.00613	0.00613
12	0.08878	0.07720	0.02973	0.12991	0.03634	0.02639	0.01976	0.13823	0.02895	0.07513	0.02911	0.11296	0.02687	0.05366	0.01654	0.00419	0.07130	0.01300	0.00815	0.01380
13	0.13948	0.02183	0.02700	0.11062	0.03612	0.02325	0.01919	0.08994	0.06459	0.22130	0.03028	0.03081	0.02111	0.01302	0.01227	0.00351	0.05220	0.00982	0.00974	0.06392
14	0.14920	0.12427	0.15206	0.08044	0.03861	0.02997	0.02464	0.14660	0.03044	0.09100	0.02251	0.02465	0.01641	0.01151	0.00973	0.00334	0.01266	0.00844	0.00759	0.01591
15	0.02822	0.15451	0.07788	0.01941	0.02674	0.02374	0.01760	0.06638	0.07425	0.12591	0.09090	0.10492	0.10858	0.01795	0.01113	0.00344	0.00964	0.01470	0.00959	0.01450

[dist]
# distance from previous block
# <min> <max>
1	18

[block]
# block no. 5 follows, 11 sequences, length 26
# corresponding to MSA columns:
# 285-310
name=unknown_F
#
# <colnr> <probs for GDERKNQSTAVLIFYWHMCP>
#	G	D	E	R	K	N	Q	S	T	A	V	L	I	F	Y	W	H	M	C	P
0	0.02812	0.01743	0.02340	0.02554	0.09283	0.01725	0.01680	0.03731	0.12325	0.16778	0.04860	0.26234	0.04652	0.02224	0.01255	0.00397	0.00874	0.01974	0.01089	0.01468
1	0.17214	0.12359	0.11943	0.11836	0.04424	0.02813	0.11730	0.03301	0.02290	0.03652	0.01892	0.02394	0.01474	0.01010	0.00969	0.00326	0.01354	0.00857	0.00567	0.07595
2	0.09335	0.10727	0.12232	0.06822	0.03506	0.02426	0.02201	0.07430	0.02802	0.21034	0.03188	0.08206	0.02483	0.01420	0.01053	0.00347	0.01147	0.01133	0.00915	0.01594
3	0.29093	0.02059	0.02359	0.06985	0.02937	0.02399	0.01733	0.03410	0.02187	0.13957	0.02596	0.07906	0.02198	0.01556	0.01545	0.00392	0.13472	0.01074	0.00806	0.01335
4	0.01886	0.01023	0.01535	0.01535	0.01575	0.01063	0.01063	0.01575	0.01535	0.02086	0.02167	0.03621	0.02127	0.04815	0.14703	0.54180	0.01384	0.01023	0.00512	0.00592
5	0.16321	0.02529	0.07271	0.11569	0.03732	0.02423	0.02080	0.14659	0.03214	0.12878	0.09414	0.03509	0.02989	0.01362	0.01063	0.00352	0.01106	0.01072	0.00933	0.01523
6	0.03562	0.08012	0.03142	0.14697	0.04050	0.21072	0.02125	0.04020	0.02912	0.15083	0.07850	0.03330	0.02750	0.01312	0.01076	0.00325	0.01431	0.01011	0.00816	0.01422
7	0.02042	0.01173	0.01568	0.01612	0.01854	0.01069	0.01152	0.02344	0.02539	0.11944	0.15061	0.40109	0.07274	0.02922	0.01363	0.00418	0.00681	0.02619	0.01142	0.01114
8	0.02767	0.02307	0.02475	0.02194	0.02803	0.02617	0.01713	0.09534	0.40209	0.04904	0.11265	0.04657	0.04314	0.01621	0.01169	0.00374	0.00872	0.01357	0.01157	0.01692
9	0.03140	0.03121	0.04036	0.07994	0.04275	0.13747	0.15194	0.04160	0.11092	0.08022	0.02607	0.03005	0.01997	0.01318	0.01590	0.00377	0.11021	0.01091	0.00728	0.01485
10	0.03830	0.02125	0.02582	0.02179	0.02892	0.02157	0.01794	0.12530	0.14217	0.25931	0.04452	0.05329	0.03452	0.01727	0.01210	0.00385	0.01005	0.09250	0.01228	0.01726
11	0.01426	0.01013	0.01326	0.01516	0.01602	0.00951	0.01014	0.01650	0.02248	0.03034	0.12324	0.47937	0.07572	0.08548	0.01813	0.00501	0.00676	0.02898	0.01038	0.00913
12	0.48388	0.02481	0.02192	0.01826	0.02587	0.02826	0.01506	0.17776	0.02969	0.05688	0.01921	0.02101	0.01436	0.01140	0.00831	0.00345	0.00985	0.00735	0.00831	0.01436
13	0.59751	0.02141	0.01785	0.01551	0.02272	0.02406	0.01278	0.03606	0.02094	0.11758	0.01959	0.02102	0.01433	0.01092	0.00756	0.00348	0.00883	0.00681	0.00792	0.01314
14	0.02028	0.01718	0.02562	0.02790	0.09444	0.01737	0.06047	0.02956	0.10823	0.03603	0.09168	0.23882	0.05571	0.02418	0.01345	0.00423	0.00961	0.10285	0.00968	0.01272
15	0.01959	0.01362	0.01549	0.01489	0.01630	0.01397	0.00962	0.08452	0.02260	0.03019	0.03957	0.17159	0.04452	0.40673	0.04217	0.00857	0.01025	0.01860	0.00818	0.00904
16	0.02098	0.01049	0.01049	0.01049	0.01311	0.01049	0.00787	0.02623	0.02360	0.04196	0.03672	0.04196	0.02885	0.01311	0.00787	0.00262	0.00525	0.01049	0.66693	0.01049
17	0.05050	0.01915	0.02612	0.02003	0.02873	0.01654	0.01654	0.05485	0.03221	0.54203	0.04440	0.03831	0.02786	0.01393	0.01132	0.00348	0.00958	0.01132	0.01393	0.01915
18	0.25836	0.02824	0.02798	0.02217	0.03049	0.03166	0.01830	0.34083	0.04157	0.06406	0.02321	0.02408	0.01680	0.01248	0.00982	0.00341	0.01115	0.00878	0.00982	0.01680
19	0.01893	0.01140	0.01490	0.01571	0.01797	0.01034	0.01112	0.02166	0.02448	0.10068	0.11405	0.42063	0.11401	0.03042	0.01373	0.00424	0.00674	0.02717	0.01113	0.01070
20	0.04229	0.03315	0.03181	0.07335	0.03735	0.15116	0.02136	0.26373	0.04130	0.15138	0.02767	0.02799	0.01945	0.01296	0.01101	0.00332	0.01387	0.00969	0.00999	0.01716
21	0.02850	0.01766	0.02349	0.07241	0.06671	0.01798	0.01690	0.03818	0.12401	0.16889	0.10842	0.12651	0.04578	0.07337	0.01634	0.00442	0.00933	0.01603	0.01062	0.01444
22	0.02321	0.01386	0.01978	0.09448	0.02892	0.01375	0.01645	0.02722	0.02491	0.13252	0.05216	0.28915	0.05458	0.02667	0.01363	0.00440	0.00927	0.13276	0.01038	0.01191
23	0.08484	0.07492	0.04167	0.08134	0.07771	0.02444	0.15974	0.03648	0.02550	0.12189	0.02431	0.02802	0.01806	0.01030	0.01057	0.00313	0.01302	0.00986	0.00725	0.14694
24	0.02962	0.08231	0.12090	0.20599	0.05150	0.02701	0.07678	0.07334	0.06807	0.11559	0.02645	0.03002	0.01900	0.01175	0.01104	0.00354	0.01386	0.01016	0.00743	0.01563
25	0.17331	0.02305	0.06871	0.01901	0.02659	0.01993	0.01638	0.07146	0.06263	0.08728	0.03220	0.13994	0.02955	0.01586	0.01020	0.00330	0.00931	0.01292	0.00872	0.16967

[dist]
# distance from previous block
# <min> <max>
0	6

[block]
# block no. 6 follows, 11 sequences, length 6
# corresponding to MSA columns:
# 317-322
name=unknown_G
#
# <colnr> <probs for GDERKNQSTAVLIFYWHMCP>
#	G	D	E	R	K	N	Q	S	T	A	V	L	I	F	Y	W	H	M	C	P
0	0.09223	0.01928	0.02415	0.01942	0.02627	0.01843	0.01567	0.03778	0.02552	0.23803	0.03344	0.09379	0.02702	0.01529	0.01384	0.00331	0.08418	0.01175	0.00980	0.19080
1	0.02403	0.01751	0.02205	0.02130	0.06978	0.01599	0.01484	0.03243	0.09167	0.09751	0.18351	0.05653	0.11420	0.01691	0.01141	0.00313	0.00781	0.01448	0.01016	0.17477
2	0.11227	0.02413	0.09416	0.20628	0.04421	0.02226	0.02320	0.08818	0.02595	0.03816	0.03156	0.17830	0.03090	0.01776	0.01143	0.00386	0.01176	0.01513	0.00751	0.01299
3	0.10102	0.01543	0.01771	0.01612	0.01939	0.01583	0.01169	0.08529	0.02567	0.08366	0.10639	0.12265	0.04456	0.16630	0.02724	0.09634	0.00917	0.01562	0.00911	0.01080
4	0.10842	0.01797	0.02689	0.02160	0.02657	0.01758	0.11646	0.02493	0.02010	0.03121	0.02740	0.04681	0.02721	0.25728	0.09116	0.00795	0.01423	0.01256	0.00648	0.09719
5	0.03038	0.11037	0.14106	0.09512	0.10700	0.06167	0.02782	0.09766	0.06132	0.07233	0.02332	0.02680	0.01784	0.01232	0.01292	0.00348	0.06644	0.00926	0.00691	0.01600

[dist]
# distance from previous block
# <min> <max>
8	31

[block]
# block no. 7 follows, 11 sequences, length 48
# corresponding to MSA columns:
# 361-408
name=unknown_H
#
# <colnr> <probs for GDERKNQSTAVLIFYWHMCP>
#	G	D	E	R	K	N	Q	S	T	A	V	L	I	F	Y	W	H	M	C	P
0	0.02877	0.02766	0.03254	0.07042	0.03716	0.11970	0.10548	0.04073	0.14885	0.07333	0.04297	0.04365	0.10156	0.01467	0.01159	0.00345	0.01283	0.01278	0.00852	0.06335
1	0.19836	0.02176	0.02580	0.12092	0.03570	0.02396	0.01877	0.10484	0.02832	0.12883	0.06490	0.03138	0.02460	0.01325	0.01220	0.00349	0.05719	0.00981	0.00868	0.06724
2	0.08486	0.11994	0.03728	0.02492	0.03343	0.07437	0.06771	0.23343	0.03755	0.08992	0.03134	0.03200	0.05767	0.01331	0.01060	0.00328	0.01264	0.01044	0.00907	0.01624
3	0.07838	0.12177	0.11654	0.12431	0.04057	0.02774	0.02376	0.04324	0.15157	0.11842	0.02964	0.03066	0.02167	0.01232	0.01026	0.00346	0.01187	0.00972	0.00819	0.01591
4	0.08032	0.06994	0.02938	0.07022	0.03257	0.06421	0.05571	0.03896	0.11491	0.12627	0.07276	0.12669	0.03702	0.01690	0.01137	0.00364	0.01086	0.01448	0.00944	0.01436
5	0.02386	0.02226	0.03427	0.19958	0.04831	0.02354	0.10670	0.03734	0.14986	0.03743	0.06837	0.03640	0.02801	0.01242	0.01134	0.00341	0.01225	0.01157	0.00766	0.12543
6	0.02433	0.02054	0.03281	0.19681	0.04649	0.02192	0.10770	0.03562	0.11508	0.07801	0.11427	0.04812	0.07875	0.01520	0.01216	0.00372	0.01187	0.01401	0.00865	0.01395
7	0.01788	0.01478	0.02081	0.06809	0.10258	0.01491	0.01628	0.02396	0.06622	0.03308	0.09428	0.32394	0.10706	0.02603	0.01317	0.00409	0.00828	0.02339	0.00951	0.01166
8	0.02034	0.01809	0.02599	0.10840	0.03135	0.02333	0.01963	0.02355	0.01812	0.02614	0.02341	0.03955	0.02310	0.14178	0.17496	0.00931	0.24499	0.01164	0.00557	0.01075
9	0.09583	0.02140	0.03269	0.02460	0.03365	0.01939	0.10286	0.04973	0.03016	0.41152	0.03822	0.03529	0.02467	0.01285	0.01133	0.00354	0.01122	0.01127	0.01189	0.01789
10	0.03315	0.02170	0.02533	0.02128	0.02675	0.02314	0.01685	0.26069	0.03666	0.08893	0.03155	0.07980	0.02759	0.02333	0.02054	0.18169	0.01088	0.04659	0.00965	0.01393
11	0.01414	0.01021	0.01397	0.01611	0.01701	0.01004	0.01111	0.01648	0.02092	0.02826	0.05624	0.49662	0.06603	0.04420	0.11350	0.00703	0.01082	0.02837	0.00964	0.00931
12	0.02334	0.02001	0.02334	0.01667	0.02667	0.01500	0.01334	0.02834	0.02334	0.03668	0.02001	0.02334	0.01667	0.00834	0.00834	0.00167	0.00834	0.00667	0.00667	0.67325
13	0.08403	0.02570	0.04375	0.04498	0.20964	0.02655	0.14690	0.03704	0.02516	0.11968	0.02401	0.02896	0.01837	0.01203	0.01530	0.00373	0.10036	0.01074	0.00700	0.01607
14	0.02257	0.05822	0.54613	0.03208	0.04871	0.02614	0.04158	0.03564	0.02376	0.03564	0.02020	0.02376	0.01426	0.01069	0.01069	0.00356	0.01663	0.00832	0.00475	0.01663
15	0.09918	0.01692	0.02023	0.01644	0.02330	0.01496	0.01317	0.03593	0.02820	0.23766	0.12828	0.05397	0.12830	0.01679	0.01107	0.00326	0.00790	0.01376	0.01117	0.11951
16	0.02202	0.01267	0.01664	0.01524	0.01858	0.01157	0.01138	0.02640	0.02966	0.13194	0.35396	0.12787	0.08361	0.06780	0.01645	0.00421	0.00665	0.01960	0.01204	0.01172
17	0.02098	0.01049	0.01049	0.01049	0.01311	0.01049	0.00787	0.02623	0.02360	0.04196	0.03672	0.04196	0.02885	0.01311	0.00787	0.00262	0.00525	0.01049	0.66693	0.01049
18	0.02849	0.02085	0.02353	0.02027	0.02607	0.02248	0.01595	0.12702	0.22708	0.09122	0.20483	0.05311	0.05523	0.01744	0.01202	0.00362	0.00839	0.01470	0.01194	0.01574
19	0.02257	0.05822	0.54613	0.03208	0.04871	0.02614	0.04158	0.03564	0.02376	0.03564	0.02020	0.02376	0.01426	0.01069	0.01069	0.00356	0.01663	0.00832	0.00475	0.01663
20	0.04204	0.05364	0.03190	0.02900	0.03480	0.55926	0.02175	0.04494	0.03190	0.02755	0.01740	0.02030	0.01450	0.01160	0.01015	0.00290	0.02030	0.00725	0.00580	0.01305
21	0.01412	0.01011	0.01342	0.01540	0.01641	0.00941	0.01048	0.01668	0.02342	0.03171	0.14678	0.50386	0.08021	0.03304	0.01417	0.00438	0.00631	0.02988	0.01080	0.00941
22	0.04101	0.02220	0.02652	0.02166	0.02948	0.02262	0.01746	0.09512	0.22271	0.30728	0.04345	0.03877	0.02965	0.01442	0.01137	0.00360	0.00956	0.01177	0.01273	0.01863
23	0.03188	0.02194	0.02575	0.01897	0.02855	0.01890	0.01539	0.11836	0.03035	0.13615	0.02578	0.02677	0.01918	0.01031	0.00942	0.00231	0.00930	0.00816	0.00884	0.43368
24	0.02145	0.01073	0.01515	0.01466	0.01535	0.01052	0.00978	0.01819	0.01638	0.06176	0.02443	0.04171	0.02410	0.13984	0.04379	0.49876	0.00997	0.01110	0.00596	0.00638
25	0.01559	0.01188	0.01674	0.11870	0.02688	0.01239	0.01363	0.01821	0.02078	0.02748	0.04945	0.39733	0.05738	0.13428	0.02159	0.00557	0.00889	0.02510	0.00878	0.00934
26	0.02468	0.03020	0.13263	0.23326	0.29244	0.02605	0.03472	0.03280	0.02424	0.03387	0.02060	0.02784	0.01623	0.01056	0.01110	0.00352	0.01451	0.00971	0.00523	0.01582
27	0.01651	0.01356	0.02227	0.02152	0.02419	0.01283	0.08682	0.02023	0.02312	0.03077	0.05549	0.42366	0.06378	0.03050	0.01441	0.00456	0.00916	0.10660	0.00969	0.01030
28	0.01371	0.00979	0.01306	0.01567	0.01632	0.00914	0.01045	0.01567	0.02155	0.02873	0.06203	0.59710	0.07444	0.03526	0.01437	0.00457	0.00653	0.03200	0.01045	0.00914
29	0.02334	0.02001	0.02334	0.01667	0.02667	0.01500	0.01334	0.02834	0.02334	0.03668	0.02001	0.02334	0.01667	0.00834	0.00834	0.00167	0.00834	0.00667	0.00667	0.67325
30	0.02098	0.01049	0.01049	0.01049	0.01311	0.01049	0.00787	0.02623	0.02360	0.04196	0.03672	0.04196	0.02885	0.01311	0.00787	0.00262	0.00525	0.01049	0.66693	0.01049
31	0.19074	0.02046	0.02936	0.43351	0.06326	0.02507	0.02638	0.02986	0.02165	0.03432	0.01890	0.02701	0.01428	0.01105	0.01016	0.00368	0.01339	0.00900	0.00550	0.01242
32	0.14792	0.39585	0.04675	0.02035	0.02772	0.03917	0.01896	0.03237	0.02116	0.03096	0.01549	0.01931	0.01410	0.01164	0.01266	0.00307	0.11694	0.00674	0.00523	0.01364
33	0.02447	0.07585	0.04891	0.26331	0.06097	0.02904	0.21191	0.03189	0.02360	0.03127	0.02018	0.02855	0.01575	0.01129	0.01435	0.00377	0.07499	0.01094	0.00525	0.01371
34	0.09440	0.01951	0.02676	0.12092	0.03706	0.01876	0.01888	0.04842	0.02944	0.41055	0.03774	0.03524	0.02431	0.01317	0.01097	0.00353	0.01050	0.01067	0.01177	0.01740
35	0.68395	0.02177	0.01654	0.01480	0.02177	0.02525	0.01219	0.03309	0.01915	0.05050	0.01567	0.01828	0.01219	0.01045	0.00697	0.00348	0.00871	0.00609	0.00697	0.01219
36	0.01445	0.01052	0.01362	0.01481	0.01641	0.00969	0.01036	0.01765	0.02546	0.03458	0.22859	0.37999	0.12121	0.03046	0.01390	0.00415	0.00604	0.02729	0.01112	0.00969
37	0.11584	0.01942	0.02513	0.01949	0.02801	0.01744	0.01609	0.05261	0.03087	0.49133	0.04144	0.03624	0.02624	0.01357	0.01087	0.00348	0.00949	0.01078	0.01321	0.01844
38	0.04171	0.03038	0.03527	0.03287	0.11220	0.12199	0.06032	0.15074	0.03547	0.21963	0.03010	0.03015	0.02097	0.01244	0.01123	0.00336	0.01353	0.01026	0.00986	0.01751
39	0.02059	0.01279	0.01586	0.01620	0.01917	0.01199	0.01169	0.02567	0.06665	0.11032	0.06734	0.37336	0.14647	0.02899	0.01345	0.00420	0.00706	0.02562	0.01108	0.01151
40	0.01364	0.01009	0.01276	0.01490	0.01612	0.00921	0.01010	0.01576	0.02230	0.02904	0.07148	0.50827	0.15718	0.03403	0.01417	0.00443	0.00638	0.03050	0.01045	0.00921
41	0.07995	0.02213	0.03724	0.21033	0.12684	0.02313	0.11120	0.03504	0.02516	0.12634	0.02815	0.07569	0.02270	0.01308	0.01153	0.00369	0.01333	0.01230	0.00743	0.01474
42	0.03166	0.07397	0.03278	0.02403	0.03078	0.03085	0.01993	0.19586	0.10831	0.04712	0.02488	0.02738	0.01965	0.01395	0.01637	0.00341	0.14348	0.00949	0.00845	0.13766
43	0.02505	0.02525	0.12224	0.28782	0.05351	0.02124	0.02704	0.03267	0.02597	0.11272	0.11761	0.04014	0.03369	0.01374	0.01153	0.00364	0.01267	0.01181	0.00771	0.01394
44	0.08165	0.02397	0.03628	0.12812	0.04294	0.02637	0.10861	0.06897	0.02511	0.08053	0.02161	0.02732	0.01680	0.01279	0.01682	0.00364	0.14604	0.00986	0.00679	0.11578
45	0.03096	0.02508	0.06379	0.02231	0.02918	0.02433	0.01874	0.19494	0.14902	0.09373	0.07956	0.14107	0.04036	0.01853	0.01200	0.00374	0.00999	0.01557	0.01100	0.01611
46	0.02822	0.01402	0.01877	0.01656	0.02110	0.01254	0.01276	0.03261	0.03025	0.22437	0.27258	0.15368	0.07216	0.02175	0.01274	0.00369	0.00708	0.01901	0.01263	0.01350
47	0.02214	0.01242	0.01591	0.01526	0.01731	0.01214	0.01044	0.02394	0.02051	0.11976	0.04108	0.15751	0.04254	0.30800	0.12222	0.00955	0.01298	0.01758	0.00866	0.01004

[dist]
# distance from previous block
# <min> <max>
1	4

[block]
# block no. 8 follows, 11 sequences, length 14
# corresponding to MSA columns:
# 413-426
name=unknown_I
#
# <colnr> <probs for GDERKNQSTAVLIFYWHMCP>
#	G	D	E	R	K	N	Q	S	T	A	V	L	I	F	Y	W	H	M	C	P
0	0.14558	0.16109	0.14961	0.13193	0.04200	0.02972	0.02503	0.07570	0.02516	0.03831	0.01895	0.02301	0.01473	0.01059	0.00921	0.00315	0.01277	0.00777	0.00598	0.06970
1	0.01780	0.01441	0.02066	0.01969	0.02107	0.01774	0.01533	0.02105	0.01772	0.02583	0.02772	0.04370	0.02695	0.13085	0.39935	0.01467	0.13730	0.01211	0.00590	0.01013
2	0.01799	0.01497	0.02029	0.01898	0.02043	0.01727	0.01467	0.02175	0.02538	0.03635	0.27838	0.17671	0.07269	0.02467	0.02042	0.00417	0.17451	0.01978	0.00979	0.01080
3	0.03986	0.03008	0.03213	0.02531	0.03379	0.03354	0.02069	0.41043	0.14395	0.06622	0.03073	0.02998	0.02215	0.01386	0.01130	0.00346	0.01170	0.01065	0.01130	0.01888
4	0.01565	0.01088	0.01382	0.01543	0.01624	0.01061	0.01067	0.01753	0.02048	0.02713	0.05140	0.29958	0.05965	0.25141	0.03098	0.00712	0.00900	0.11489	0.00905	0.00851
5	0.46037	0.02324	0.02174	0.07791	0.03039	0.02690	0.01610	0.10391	0.06724	0.05090	0.02043	0.02290	0.01544	0.01141	0.00845	0.00352	0.00995	0.00769	0.00778	0.01374
6	0.02551	0.01324	0.01771	0.01638	0.02020	0.01192	0.01233	0.02948	0.02873	0.18764	0.23837	0.23128	0.07297	0.02415	0.01304	0.00385	0.00696	0.02132	0.01224	0.01269
7	0.09681	0.02377	0.03827	0.23603	0.13614	0.02598	0.10889	0.08388	0.02679	0.03855	0.02390	0.06691	0.02008	0.01255	0.01134	0.00367	0.01387	0.01168	0.00652	0.01437
8	0.01748	0.01160	0.01500	0.01577	0.01824	0.01087	0.01172	0.02065	0.02418	0.07204	0.10782	0.29743	0.16206	0.03627	0.07604	0.00583	0.00956	0.06669	0.01039	0.01037
9	0.02237	0.02773	0.15741	0.11733	0.04018	0.02055	0.06766	0.07293	0.02464	0.03373	0.02969	0.14708	0.02863	0.02121	0.01786	0.12464	0.01281	0.01444	0.00675	0.01238
10	0.02490	0.01798	0.02600	0.16338	0.08772	0.01901	0.02063	0.07548	0.02950	0.09380	0.15857	0.10613	0.05030	0.01875	0.01246	0.00381	0.01032	0.05828	0.00953	0.01343
11	0.14602	0.13539	0.02920	0.06610	0.02862	0.02455	0.01652	0.03097	0.02440	0.09115	0.11515	0.04004	0.06684	0.01490	0.01251	0.00332	0.06689	0.01109	0.00807	0.06828
12	0.21582	0.02027	0.02682	0.14341	0.03825	0.02118	0.05719	0.03498	0.02347	0.14708	0.02586	0.03227	0.01993	0.07071	0.01457	0.00414	0.01134	0.00978	0.00789	0.07503
13	0.12711	0.25240	0.04034	0.06570	0.03240	0.03142	0.06150	0.07706	0.02551	0.03641	0.05515	0.03195	0.02416	0.07891	0.01459	0.00395	0.01186	0.00960	0.00663	0.01336

[dist]
# distance from previous block
# <min> <max>
8	48

[block]
# block no. 9 follows, 11 sequences, length 11
# corresponding to MSA columns:
# 491-501
name=unknown_J
#
# <colnr> <probs for GDERKNQSTAVLIFYWHMCP>
#	G	D	E	R	K	N	Q	S	T	A	V	L	I	F	Y	W	H	M	C	P
0	0.11869	0.12045	0.11153	0.02193	0.03141	0.02644	0.02104	0.12060	0.03010	0.14052	0.02837	0.03487	0.02233	0.01327	0.01011	0.00330	0.01142	0.04920	0.00869	0.07574
1	0.23980	0.02858	0.06724	0.20793	0.04602	0.07532	0.02332	0.11485	0.02775	0.04361	0.01963	0.02436	0.01473	0.01138	0.00973	0.00351	0.01312	0.00839	0.00679	0.01394
2	0.11203	0.11808	0.14089	0.02036	0.02699	0.02286	0.01992	0.02688	0.02218	0.03396	0.10435	0.08554	0.03521	0.01989	0.01760	0.11010	0.05237	0.01209	0.00685	0.01184
3	0.02821	0.07241	0.02717	0.09867	0.03289	0.02219	0.01824	0.08609	0.11079	0.11917	0.09510	0.12388	0.04335	0.01875	0.01195	0.00377	0.00993	0.05276	0.01018	0.01448
4	0.01452	0.01053	0.01345	0.01480	0.01601	0.01011	0.01007	0.01676	0.02164	0.02886	0.09732	0.35889	0.11813	0.12835	0.08000	0.00686	0.00959	0.02552	0.00955	0.00903
5	0.12344	0.03779	0.24797	0.11279	0.04450	0.02572	0.02942	0.07992	0.06222	0.09561	0.02462	0.02715	0.01746	0.01169	0.01042	0.00357	0.01352	0.00907	0.00719	0.01593
6	0.13518	0.03214	0.13716	0.03485	0.13103	0.02700	0.06628	0.11251	0.02911	0.11270	0.02395	0.02682	0.01754	0.01195	0.01239	0.00358	0.05211	0.00953	0.00767	0.01650
7	0.01779	0.01167	0.01488	0.01541	0.01807	0.01062	0.01150	0.02128	0.02618	0.07725	0.17957	0.27916	0.16735	0.02876	0.01377	0.00415	0.00677	0.07407	0.01119	0.01055
8	0.02018	0.01298	0.01617	0.01669	0.01933	0.01257	0.01231	0.02546	0.06791	0.08843	0.06018	0.28502	0.10875	0.10752	0.01970	0.00526	0.00820	0.09194	0.01042	0.01097
9	0.38949	0.11395	0.02819	0.17820	0.03901	0.02821	0.01882	0.03193	0.02071	0.04043	0.01692	0.02164	0.01336	0.01055	0.00825	0.00339	0.01105	0.00721	0.00606	0.01263
10	0.02842	0.02264	0.08062	0.02026	0.02672	0.01944	0.01760	0.09523	0.12046	0.13224	0.12117	0.13158	0.04666	0.01854	0.01179	0.00365	0.00908	0.01576	0.06318	0.01496

[dist]
# distance from previous block
# <min> <max>
8	15

[block]
# block no. 10 follows, 11 sequences, length 15
# corresponding to MSA columns:
# 518-532
name=unknown_K
#
# <colnr> <probs for GDERKNQSTAVLIFYWHMCP>
#	G	D	E	R	K	N	Q	S	T	A	V	L	I	F	Y	W	H	M	C	P
0	0.04498	0.01927	0.02719	0.02469	0.08116	0.01709	0.01791	0.04966	0.03149	0.44364	0.08568	0.04134	0.03388	0.01434	0.01148	0.00347	0.00959	0.01200	0.01291	0.01824
1	0.02819	0.21384	0.08924	0.02087	0.02875	0.07712	0.01927	0.03815	0.11597	0.07396	0.10520	0.04158	0.07414	0.01473	0.01031	0.00319	0.01105	0.01150	0.00836	0.01458
2	0.08299	0.02407	0.03077	0.06956	0.03573	0.02554	0.06134	0.22676	0.03695	0.12237	0.03433	0.09062	0.02918	0.01663	0.01186	0.00377	0.01177	0.05971	0.01015	0.01590
3	0.03755	0.02797	0.03032	0.02394	0.03179	0.03079	0.01952	0.38756	0.09348	0.06500	0.10034	0.03658	0.03300	0.01503	0.01157	0.00344	0.01105	0.01184	0.01144	0.01780
4	0.02601	0.02782	0.14321	0.17715	0.04501	0.02250	0.02611	0.07582	0.06153	0.08340	0.02864	0.03887	0.02305	0.02130	0.05505	0.06413	0.01447	0.04459	0.00731	0.01403
5	0.01672	0.01363	0.02172	0.01941	0.02265	0.01268	0.07946	0.02151	0.02770	0.03842	0.30204	0.24597	0.08298	0.02513	0.01364	0.00392	0.00766	0.02319	0.01079	0.01078
6	0.02411	0.01763	0.02641	0.02273	0.02558	0.02036	0.05453	0.02753	0.02027	0.10007	0.02848	0.04216	0.02590	0.13989	0.21574	0.01020	0.16742	0.01221	0.00698	0.01180
7	0.11670	0.01407	0.01632	0.01507	0.01932	0.01335	0.01153	0.02725	0.02746	0.13029	0.22535	0.14970	0.14615	0.02241	0.01220	0.00373	0.00682	0.01907	0.01126	0.01196
8	0.02860	0.02641	0.08173	0.06830	0.03858	0.02428	0.10758	0.13340	0.03122	0.08369	0.07402	0.09351	0.03191	0.01566	0.01395	0.00365	0.05840	0.01359	0.00857	0.06295
9	0.13101	0.11908	0.14330	0.02119	0.02963	0.02502	0.02067	0.03499	0.11388	0.03752	0.03166	0.13688	0.02959	0.01594	0.01022	0.00347	0.01058	0.01290	0.00763	0.06484
10	0.30421	0.15045	0.02930	0.02092	0.07199	0.02643	0.01571	0.03099	0.02189	0.03972	0.02598	0.02829	0.06164	0.01153	0.00823	0.00295	0.00954	0.00817	0.00663	0.12539
11	0.09140	0.16893	0.11559	0.06756	0.04071	0.08688	0.10402	0.07733	0.02702	0.03698	0.01946	0.02341	0.01533	0.01040	0.00981	0.00309	0.01436	0.00846	0.00604	0.07323
12	0.36830	0.12397	0.07264	0.02104	0.02990	0.02885	0.05940	0.06909	0.02426	0.08333	0.01970	0.02193	0.01488	0.01074	0.00852	0.00333	0.01114	0.00759	0.00717	0.01423
13	0.02866	0.08126	0.03092	0.02183	0.02879	0.01997	0.08260	0.03615	0.07373	0.15899	0.12583	0.09672	0.07933	0.01704	0.01169	0.00343	0.00973	0.01509	0.01013	0.06814
14	0.09819	0.02189	0.02481	0.06412	0.03101	0.06623	0.01671	0.04251	0.02890	0.28422	0.08509	0.03688	0.03087	0.01335	0.01059	0.00320	0.01027	0.01066	0.01064	0.10988

[dist]
# distance from previous block
# <min> <max>
16	137

[block]
# block no. 11 follows, 11 sequences, length 34
# corresponding to MSA columns:
# 692-725
name=unknown_L
#
# <colnr> <probs for GDERKNQSTAVLIFYWHMCP>
#	G	D	E	R	K	N	Q	S	T	A	V	L	I	F	Y	W	H	M	C	P
0	0.09322	0.08637	0.06488	0.06462	0.03018	0.02318	0.01783	0.11956	0.03097	0.04435	0.15243	0.04778	0.09634	0.01595	0.01081	0.00328	0.00972	0.01284	0.00893	0.06679
1	0.08103	0.02369	0.02668	0.02570	0.08522	0.05902	0.01808	0.09404	0.11018	0.13808	0.11454	0.03971	0.03660	0.01415	0.01091	0.00328	0.01006	0.01160	0.01013	0.08730
2	0.08244	0.01822	0.02378	0.06506	0.02863	0.02008	0.01717	0.03507	0.06133	0.17607	0.09346	0.14226	0.04119	0.01959	0.01653	0.00401	0.11584	0.01548	0.00996	0.01385
3	0.08245	0.09088	0.02995	0.10416	0.03399	0.06917	0.01879	0.08575	0.02699	0.08082	0.06075	0.03491	0.02596	0.07733	0.01792	0.00415	0.07104	0.01030	0.00759	0.06710
4	0.08345	0.01846	0.02352	0.13194	0.03505	0.01917	0.01755	0.03920	0.09958	0.17377	0.03632	0.09262	0.02898	0.01497	0.01067	0.00346	0.00963	0.01251	0.08099	0.06817
5	0.02676	0.01881	0.02273	0.01711	0.02594	0.01465	0.01356	0.03134	0.02460	0.11802	0.02833	0.08522	0.02448	0.01203	0.00945	0.00226	0.00835	0.01005	0.00824	0.49810
6	0.02379	0.07773	0.15606	0.09002	0.07830	0.02402	0.02495	0.03588	0.11184	0.03753	0.08367	0.03455	0.02939	0.01243	0.01051	0.00317	0.01158	0.01035	0.00729	0.13694
7	0.01530	0.01050	0.01421	0.01586	0.01706	0.00994	0.01131	0.01755	0.02333	0.03153	0.14851	0.38073	0.07359	0.03279	0.01750	0.07683	0.00709	0.07705	0.01022	0.00911
8	0.02645	0.02092	0.03170	0.02585	0.03184	0.02179	0.12049	0.08542	0.12226	0.08217	0.03552	0.08572	0.03072	0.07846	0.13976	0.00760	0.01633	0.01416	0.00870	0.01415
9	0.02475	0.01363	0.01752	0.01571	0.02018	0.01216	0.01239	0.02932	0.03026	0.17292	0.28115	0.08017	0.16483	0.02234	0.01295	0.00371	0.00693	0.05421	0.01225	0.01264
10	0.02335	0.03755	0.26917	0.08564	0.04137	0.02358	0.02916	0.07474	0.08419	0.04138	0.13561	0.04010	0.03732	0.01424	0.01146	0.00359	0.01271	0.01182	0.00780	0.01522
11	0.02300	0.02341	0.04449	0.40324	0.07138	0.02614	0.18311	0.03115	0.02384	0.03115	0.02091	0.03012	0.01569	0.01067	0.01192	0.00377	0.01631	0.01108	0.00523	0.01338
12	0.02174	0.01528	0.02050	0.01865	0.02071	0.01748	0.01429	0.02452	0.02077	0.08630	0.07350	0.05427	0.07515	0.17332	0.17988	0.00960	0.14143	0.01406	0.00771	0.01084
13	0.02141	0.01454	0.01731	0.01620	0.02019	0.01419	0.01225	0.03068	0.12115	0.09809	0.22808	0.15260	0.16198	0.02340	0.01287	0.00379	0.00675	0.02026	0.01172	0.01255
14	0.02312	0.01971	0.02093	0.01954	0.02468	0.02176	0.01493	0.04513	0.34988	0.04130	0.06269	0.12029	0.14804	0.02048	0.01219	0.00390	0.00793	0.01737	0.01112	0.01499
15	0.53917	0.02366	0.02753	0.02199	0.02993	0.02596	0.11816	0.03374	0.02079	0.04732	0.01724	0.02094	0.01327	0.01024	0.00836	0.00355	0.01097	0.00768	0.00669	0.01285
16	0.03775	0.02479	0.03061	0.14544	0.04190	0.02710	0.02182	0.21756	0.11034	0.17577	0.03264	0.03275	0.02270	0.01338	0.01130	0.00355	0.01174	0.01079	0.01058	0.01748
17	0.60769	0.09052	0.02149	0.01532	0.02260	0.02750	0.01301	0.03316	0.01959	0.04770	0.01567	0.01826	0.01245	0.01035	0.00700	0.00336	0.00910	0.00609	0.00671	0.01245
18	0.02820	0.02474	0.02422	0.02142	0.02668	0.10168	0.01665	0.13884	0.08327	0.04052	0.03360	0.08852	0.03135	0.07875	0.10125	0.00638	0.01479	0.04866	0.00864	0.08183
19	0.01826	0.02117	0.09913	0.08541	0.03044	0.01808	0.01983	0.02278	0.02161	0.02939	0.04632	0.20136	0.09688	0.08688	0.02161	0.00503	0.10007	0.05699	0.00769	0.01105
20	0.02906	0.02413	0.03226	0.28246	0.09240	0.06811	0.02574	0.08105	0.02691	0.09292	0.02408	0.03228	0.01891	0.05380	0.01661	0.00418	0.06376	0.01038	0.00692	0.01403
21	0.68395	0.02177	0.01654	0.01480	0.02177	0.02525	0.01219	0.03309	0.01915	0.05050	0.01567	0.01828	0.01219	0.01045	0.00697	0.00348	0.00871	0.00609	0.00697	0.01219
22	0.39534	0.02231	0.02155	0.01878	0.02506	0.02585	0.01528	0.04082	0.12941	0.10361	0.02551	0.02649	0.01915	0.01291	0.01170	0.00371	0.07119	0.00856	0.00853	0.01424
23	0.01513	0.01161	0.01419	0.01569	0.01837	0.01066	0.01241	0.01862	0.02484	0.03121	0.08302	0.22266	0.26240	0.03092	0.01434	0.00447	0.00756	0.18174	0.01042	0.00973
24	0.02200	0.01633	0.01944	0.01710	0.02126	0.01664	0.01325	0.11426	0.07547	0.05017	0.39390	0.06983	0.08384	0.02058	0.01274	0.00353	0.00694	0.01780	0.01210	0.01282
25	0.01429	0.01067	0.01329	0.01426	0.01622	0.00967	0.01007	0.01746	0.02559	0.03407	0.21473	0.33218	0.18627	0.03004	0.01380	0.00409	0.00597	0.02662	0.01104	0.00967
26	0.17373	0.12064	0.16883	0.11663	0.04145	0.02874	0.02566	0.08809	0.02643	0.08155	0.02123	0.02431	0.01562	0.01116	0.00956	0.00338	0.01286	0.00822	0.00678	0.01512
27	0.01487	0.01100	0.01397	0.01475	0.01689	0.01010	0.01081	0.01857	0.02667	0.03587	0.25419	0.27241	0.16503	0.02893	0.01385	0.00408	0.00622	0.06070	0.01121	0.00988
28	0.02695	0.03061	0.15189	0.27974	0.05650	0.02669	0.03052	0.08614	0.02656	0.07981	0.02242	0.02836	0.01640	0.01253	0.01391	0.00377	0.07626	0.00973	0.00643	0.01478
29	0.02139	0.01923	0.03020	0.34986	0.10944	0.02229	0.02590	0.03044	0.06779	0.03483	0.13433	0.04273	0.03708	0.01406	0.01170	0.00367	0.01216	0.01252	0.00725	0.01313
30	0.03169	0.02472	0.02583	0.01995	0.02809	0.06395	0.01573	0.15753	0.03202	0.08763	0.02560	0.03117	0.02092	0.07889	0.01515	0.00345	0.01080	0.00917	0.00849	0.30921
31	0.03543	0.02585	0.12233	0.02169	0.03050	0.01834	0.02026	0.07799	0.02958	0.26955	0.03975	0.13904	0.03247	0.01686	0.01153	0.00355	0.01046	0.01418	0.01073	0.06990
