[name]
unknown

[dist]
# distance from previous block
# <min> <max>
9	315

[block]
# block no. 0 follows, 11 sequences, length 25
# corresponding to MSA columns:
# 365-389
name=unknown_A
#
# <colnr> <probs for GDERKNQSTAVLIFYWHMCP>
#	G	D	E	R	K	N	Q	S	T	A	V	L	I	F	Y	W	H	M	C	P
0	0.15526	0.02196	0.07041	0.01941	0.02627	0.01876	0.01690	0.07848	0.02693	0.13142	0.03762	0.17128	0.03564	0.01883	0.01117	0.00368	0.00956	0.05148	0.00952	0.08544
1	0.07559	0.02144	0.02346	0.02018	0.02641	0.06299	0.01578	0.07943	0.07908	0.25968	0.04342	0.16872	0.03692	0.01873	0.01170	0.00372	0.00985	0.01566	0.01155	0.01570
2	0.07028	0.01928	0.02272	0.01863	0.02556	0.01862	0.01484	0.06608	0.12534	0.18575	0.15361	0.04564	0.04457	0.01519	0.01105	0.00325	0.00832	0.01259	0.01129	0.12741
3	0.20181	0.02312	0.02443	0.07577	0.03226	0.02523	0.01721	0.09095	0.18933	0.04673	0.02824	0.02931	0.02150	0.01207	0.00963	0.00326	0.00974	0.00925	0.00868	0.14151
4	0.18612	0.02309	0.03321	0.02516	0.03389	0.02242	0.12927	0.07728	0.02864	0.18668	0.05824	0.03212	0.02459	0.01202	0.01059	0.00337	0.01147	0.01056	0.00930	0.08199
5	0.03012	0.16201	0.03269	0.01895	0.02800	0.02467	0.01608	0.03955	0.11355	0.11663	0.02753	0.02784	0.02113	0.01079	0.00911	0.00252	0.00952	0.00835	0.00825	0.29272
6	0.03499	0.02560	0.03261	0.02910	0.09534	0.02542	0.04551	0.19550	0.08178	0.12116	0.02861	0.02944	0.02095	0.01182	0.01067	0.00304	0.01115	0.00986	0.00953	0.17792
7	0.02898	0.02723	0.03553	0.10183	0.24049	0.06886	0.02613	0.07730	0.12343	0.04000	0.02591	0.02962	0.02046	0.01139	0.01079	0.00324	0.01252	0.00992	0.00729	0.09909
8	0.02889	0.10188	0.11772	0.08298	0.03702	0.02656	0.02273	0.08696	0.14508	0.08906	0.06959	0.03461	0.02855	0.01310	0.01063	0.00331	0.01133	0.01057	0.00869	0.07073
9	0.02695	0.01202	0.01740	0.01595	0.01803	0.01139	0.01139	0.02427	0.01886	0.14449	0.02549	0.03519	0.02154	0.03308	0.03618	0.51254	0.00973	0.01014	0.00705	0.00830
10	0.03231	0.02965	0.12761	0.02401	0.03295	0.02489	0.02217	0.05389	0.30270	0.16320	0.04046	0.03754	0.02887	0.01405	0.01127	0.00369	0.01058	0.01153	0.01073	0.01790
11	0.02382	0.04241	0.31911	0.02660	0.03963	0.02384	0.03017	0.03863	0.11968	0.03813	0.02517	0.02723	0.01877	0.01103	0.01028	0.00316	0.01314	0.00879	0.00652	0.17389
12	0.03081	0.02332	0.03248	0.02727	0.02935	0.03019	0.02269	0.03373	0.02082	0.15023	0.02186	0.02790	0.01790	0.01832	0.03081	0.00458	0.44652	0.01020	0.00708	0.01395
13	0.02363	0.06971	0.02691	0.13614	0.03553	0.05703	0.01860	0.03729	0.17820	0.03963	0.19735	0.05017	0.05139	0.01631	0.01158	0.00353	0.00997	0.01380	0.00950	0.01371
14	0.04382	0.02850	0.15047	0.02291	0.03351	0.01884	0.02253	0.05026	0.03019	0.42094	0.03862	0.03483	0.02461	0.01316	0.01117	0.00350	0.01126	0.01060	0.01174	0.01855
15	0.02157	0.01797	0.02136	0.01607	0.02432	0.01396	0.01269	0.02664	0.02538	0.03870	0.14156	0.03786	0.03808	0.01184	0.00952	0.00211	0.00761	0.00994	0.00804	0.51479
16	0.03009	0.61122	0.05898	0.01926	0.02889	0.04454	0.01926	0.03370	0.02287	0.02648	0.01565	0.01805	0.01444	0.00963	0.00722	0.00241	0.01204	0.00602	0.00481	0.01444
17	0.52473	0.01966	0.01692	0.01622	0.02214	0.02231	0.01361	0.03075	0.02077	0.04648	0.02618	0.04427	0.02476	0.01538	0.00902	0.00389	0.00910	0.11428	0.00778	0.01175
18	0.02640	0.02276	0.03376	0.44551	0.06733	0.02737	0.02890	0.14066	0.02978	0.03884	0.02168	0.02929	0.01599	0.01179	0.01125	0.00366	0.01438	0.01003	0.00650	0.01409
19	0.02739	0.02551	0.03930	0.05435	0.38022	0.02571	0.02896	0.03882	0.12103	0.03878	0.02587	0.03014	0.02094	0.01087	0.01090	0.00325	0.01195	0.01019	0.00684	0.08897
20	0.01608	0.01206	0.01809	0.01809	0.02010	0.01407	0.01407	0.02010	0.01809	0.02613	0.03015	0.04422	0.02814	0.08441	0.55984	0.01809	0.03015	0.01206	0.00603	0.01005
21	0.01896	0.01619	0.02927	0.02474	0.02877	0.01705	0.12822	0.02332	0.01974	0.02779	0.02723	0.03982	0.02456	0.06158	0.37315	0.08571	0.02526	0.01210	0.00583	0.01072
22	0.01958	0.01758	0.02091	0.02019	0.02245	0.07489	0.01575	0.02336	0.01952	0.02636	0.02753	0.04004	0.02558	0.07130	0.45810	0.01538	0.07363	0.01136	0.00592	0.01056
23	0.03991	0.15935	0.03643	0.02487	0.03161	0.27182	0.02026	0.04326	0.02869	0.15031	0.02324	0.02455	0.01771	0.01251	0.01236	0.00313	0.06961	0.00821	0.00745	0.01473
24	0.10373	0.02525	0.03014	0.02664	0.07164	0.05608	0.05742	0.07304	0.14456	0.12697	0.03041	0.03076	0.02244	0.01192	0.01037	0.00318	0.01100	0.00991	0.00913	0.14540

[dist]
# distance from previous block
# <min> <max>
1	3

[block]
# block no. 1 follows, 11 sequences, length 8
# corresponding to MSA columns:
# 393-400
name=unknown_B
#
# <colnr> <probs for GDERKNQSTAVLIFYWHMCP>
#	G	D	E	R	K	N	Q	S	T	A	V	L	I	F	Y	W	H	M	C	P
0	0.02435	0.03582	0.20086	0.16835	0.13817	0.02668	0.17469	0.03400	0.02463	0.03437	0.02109	0.02787	0.01587	0.01035	0.01168	0.00364	0.01643	0.01049	0.00523	0.01544
1	0.03894	0.20719	0.04141	0.02389	0.03308	0.03782	0.02075	0.35640	0.04381	0.05746	0.02358	0.02431	0.01772	0.01233	0.01004	0.00308	0.01228	0.00889	0.00931	0.01772
2	0.02998	0.02314	0.02547	0.02140	0.02764	0.02536	0.01700	0.21464	0.19214	0.05558	0.18486	0.04904	0.05033	0.01695	0.01193	0.00357	0.00914	0.01405	0.01166	0.01614
3	0.01668	0.01050	0.01526	0.01605	0.01688	0.01094	0.01134	0.01669	0.01783	0.02441	0.03577	0.20794	0.03890	0.05225	0.19794	0.26342	0.01523	0.01723	0.00693	0.00781
4	0.02513	0.08096	0.25933	0.02408	0.03400	0.02085	0.02621	0.03264	0.02443	0.11712	0.03654	0.19947	0.03477	0.01859	0.01163	0.00376	0.01203	0.01581	0.00801	0.01461
5	0.02786	0.02674	0.04568	0.06908	0.53424	0.02674	0.03454	0.03454	0.02563	0.03677	0.02117	0.02786	0.01783	0.01003	0.01114	0.00334	0.01337	0.01003	0.00557	0.01783
6	0.02109	0.01743	0.02083	0.01591	0.02369	0.01368	0.01251	0.02619	0.02592	0.03924	0.17403	0.04174	0.04380	0.01278	0.00983	0.00223	0.00742	0.01082	0.00840	0.47245
7	0.22633	0.10340	0.19957	0.07248	0.04003	0.02740	0.06856	0.03560	0.02308	0.07835	0.02041	0.02371	0.01505	0.01069	0.00949	0.00343	0.01321	0.00821	0.00626	0.01474

[dist]
# distance from previous block
# <min> <max>
0	1

[block]
# block no. 2 follows, 11 sequences, length 8
# corresponding to MSA columns:
# 402-409
name=unknown_C
#
# <colnr> <probs for GDERKNQSTAVLIFYWHMCP>
#	G	D	E	R	K	N	Q	S	T	A	V	L	I	F	Y	W	H	M	C	P
0	0.02120	0.04854	0.43609	0.02837	0.04210	0.02292	0.03517	0.03266	0.02544	0.03761	0.12548	0.03626	0.03331	0.01325	0.01123	0.00356	0.01429	0.01081	0.00634	0.01539
1	0.01523	0.01066	0.01373	0.01561	0.01642	0.01030	0.01078	0.01720	0.02087	0.02768	0.05422	0.36926	0.06343	0.19281	0.02651	0.00644	0.00842	0.10229	0.00942	0.00871
2	0.01789	0.01373	0.02005	0.02425	0.08452	0.01365	0.01683	0.02259	0.02548	0.03474	0.14908	0.17958	0.06514	0.03338	0.07420	0.00592	0.01119	0.18695	0.00972	0.01110
3	0.16900	0.02806	0.02635	0.02252	0.02967	0.07285	0.01793	0.16960	0.24888	0.05255	0.03222	0.03131	0.02408	0.01350	0.01036	0.00356	0.01073	0.01021	0.01001	0.01661
4	0.08619	0.02758	0.13078	0.02037	0.03035	0.01912	0.01957	0.03524	0.06644	0.09497	0.07033	0.03167	0.02656	0.01154	0.00974	0.00278	0.01000	0.00922	0.00802	0.28954
5	0.02892	0.02319	0.04076	0.04578	0.23742	0.02237	0.12575	0.03549	0.02692	0.11506	0.03390	0.05259	0.02993	0.01532	0.01263	0.00388	0.01329	0.11303	0.00800	0.01577
6	0.02257	0.05822	0.54613	0.03208	0.04871	0.02614	0.04158	0.03564	0.02376	0.03564	0.02020	0.02376	0.01426	0.01069	0.01069	0.00356	0.01663	0.00832	0.00475	0.01663
7	0.02459	0.02204	0.03558	0.23065	0.17018	0.02383	0.06615	0.08072	0.02890	0.03937	0.12661	0.04039	0.03522	0.01349	0.01182	0.00357	0.01265	0.01245	0.00742	0.01437

[dist]
# distance from previous block
# <min> <max>
1	16

[block]
# block no. 3 follows, 11 sequences, length 9
# corresponding to MSA columns:
# 465-473
name=unknown_D
#
# <colnr> <probs for GDERKNQSTAVLIFYWHMCP>
#	G	D	E	R	K	N	Q	S	T	A	V	L	I	F	Y	W	H	M	C	P
0	0.08054	0.01984	0.02114	0.01888	0.02416	0.02142	0.01459	0.13268	0.15835	0.04685	0.04014	0.16126	0.03651	0.01829	0.01095	0.00356	0.00846	0.01529	0.11656	0.05053
1	0.12446	0.02227	0.06077	0.16723	0.04199	0.02055	0.02148	0.04384	0.02738	0.30876	0.03260	0.03253	0.02152	0.01255	0.01069	0.00356	0.01135	0.01009	0.01006	0.01632
2	0.02480	0.01469	0.01898	0.01720	0.01924	0.01545	0.01240	0.12357	0.02331	0.03116	0.02124	0.03259	0.01946	0.03332	0.03659	0.52135	0.01036	0.00986	0.00633	0.00811
3	0.02259	0.02080	0.03457	0.21647	0.27396	0.02222	0.02807	0.02846	0.02373	0.03244	0.03004	0.15714	0.02973	0.01611	0.01191	0.00375	0.01234	0.01498	0.00649	0.01420
4	0.02168	0.03542	0.25073	0.08862	0.07553	0.02252	0.02909	0.03422	0.10253	0.03526	0.03384	0.15721	0.03144	0.01700	0.01174	0.00384	0.01270	0.01468	0.00721	0.01477
5	0.02111	0.01849	0.02062	0.01948	0.02184	0.06394	0.01458	0.02840	0.09895	0.02868	0.03141	0.04711	0.02981	0.18766	0.25132	0.01147	0.07457	0.01260	0.00697	0.01099
6	0.02168	0.02230	0.07863	0.06870	0.03108	0.02103	0.01927	0.03815	0.22749	0.03675	0.04197	0.16477	0.03858	0.03013	0.10070	0.00626	0.01316	0.01626	0.00907	0.01402
7	0.03581	0.11436	0.02904	0.01971	0.02652	0.02215	0.01614	0.07952	0.08223	0.25021	0.04246	0.16075	0.03620	0.01816	0.01135	0.00358	0.00945	0.01519	0.01118	0.01598
8	0.03021	0.02090	0.02758	0.02591	0.10923	0.01725	0.01749	0.03533	0.02571	0.15086	0.02571	0.02745	0.01939	0.00987	0.00946	0.00235	0.00943	0.00826	0.00813	0.41947

[dist]
# distance from previous block
# <min> <max>
3	9

[block]
# block no. 4 follows, 11 sequences, length 24
# corresponding to MSA columns:
# 486-509
name=unknown_E
#
# <colnr> <probs for GDERKNQSTAVLIFYWHMCP>
#	G	D	E	R	K	N	Q	S	T	A	V	L	I	F	Y	W	H	M	C	P
0	0.02622	0.02801	0.08952	0.05184	0.34176	0.02569	0.03016	0.03797	0.11571	0.03755	0.02653	0.03166	0.02154	0.01825	0.06409	0.00488	0.01449	0.01055	0.00663	0.01696
1	0.01727	0.02054	0.11505	0.02066	0.02535	0.01629	0.01912	0.02295	0.01913	0.02788	0.02832	0.04046	0.02559	0.07088	0.45900	0.01542	0.02767	0.01137	0.00580	0.01126
2	0.01634	0.01119	0.01648	0.01696	0.01832	0.01230	0.01254	0.01820	0.01804	0.02529	0.03388	0.14374	0.03492	0.06631	0.35635	0.14669	0.02173	0.01526	0.00661	0.00885
3	0.02353	0.01452	0.02067	0.01936	0.02223	0.01602	0.01512	0.02706	0.02145	0.13005	0.03708	0.14229	0.03504	0.05378	0.28925	0.01116	0.08581	0.01532	0.00830	0.01197
4	0.03860	0.03899	0.03157	0.02751	0.03218	0.30909	0.02162	0.04164	0.02775	0.12189	0.02160	0.02485	0.01703	0.01435	0.01805	0.00359	0.17996	0.00874	0.00704	0.01396
5	0.02781	0.02938	0.09370	0.20866	0.16569	0.02797	0.11761	0.11804	0.02967	0.04035	0.02209	0.02842	0.01671	0.01101	0.01155	0.00358	0.01506	0.01048	0.00638	0.01583
6	0.09068	0.13014	0.07618	0.01831	0.02465	0.02133	0.01644	0.03134	0.05336	0.09690	0.17600	0.13184	0.05267	0.01849	0.01110	0.00350	0.00889	0.01543	0.00952	0.01324
7	0.02797	0.02465	0.02917	0.03139	0.12200	0.02777	0.02089	0.05517	0.42424	0.04519	0.04129	0.03940	0.03132	0.01431	0.01140	0.00373	0.00973	0.01223	0.01037	0.01782
8	0.15744	0.02218	0.03235	0.09143	0.29638	0.02331	0.02488	0.03222	0.02369	0.03978	0.02282	0.02872	0.01848	0.01078	0.00971	0.00327	0.01109	0.00932	0.12725	0.01489
9	0.02317	0.04175	0.30618	0.03483	0.08979	0.02639	0.07679	0.03257	0.02381	0.03517	0.07027	0.03095	0.02414	0.01340	0.01605	0.00381	0.11956	0.01043	0.00571	0.01522
10	0.03712	0.02871	0.03059	0.02475	0.03274	0.03226	0.02002	0.32925	0.22960	0.06179	0.03422	0.03276	0.02497	0.01419	0.01133	0.00355	0.01105	0.01113	0.01133	0.01863
11	0.02355	0.02877	0.12883	0.20956	0.10276	0.02499	0.07346	0.03685	0.12275	0.03676	0.07295	0.03611	0.02773	0.01275	0.01156	0.00367	0.01339	0.01152	0.00706	0.01496
12	0.01975	0.01097	0.01689	0.08043	0.02201	0.01156	0.01229	0.01631	0.01558	0.02063	0.01960	0.03372	0.01902	0.03585	0.04016	0.59437	0.01039	0.00980	0.00490	0.00578
13	0.02665	0.03539	0.18806	0.09452	0.04578	0.02777	0.10107	0.08309	0.19497	0.04189	0.02997	0.03207	0.02211	0.01239	0.01147	0.00369	0.01379	0.01096	0.00779	0.01655
14	0.02027	0.01556	0.02131	0.13552	0.03269	0.01717	0.01749	0.02906	0.11946	0.03400	0.11273	0.10703	0.04718	0.02442	0.01862	0.12686	0.00984	0.09084	0.00876	0.01120
15	0.02296	0.02702	0.12056	0.08503	0.03666	0.01822	0.02062	0.02973	0.02332	0.03556	0.02004	0.02420	0.01603	0.00911	0.00911	0.00226	0.01064	0.00736	0.00612	0.47546
16	0.02827	0.21263	0.15148	0.08499	0.08857	0.03242	0.02749	0.03446	0.02314	0.07783	0.02013	0.02455	0.01611	0.01231	0.01460	0.00345	0.11822	0.00851	0.00577	0.01510
17	0.03038	0.08950	0.29420	0.02545	0.03759	0.02319	0.02892	0.03925	0.02703	0.17981	0.08606	0.03445	0.02888	0.01296	0.01087	0.00344	0.01291	0.01038	0.00826	0.01646
18	0.01458	0.01081	0.01375	0.01543	0.01725	0.00998	0.01129	0.01761	0.02426	0.03176	0.12656	0.36576	0.16783	0.03182	0.01421	0.00439	0.00682	0.09564	0.01066	0.00958
19	0.08892	0.02575	0.08384	0.12069	0.20991	0.02359	0.02655	0.03713	0.07287	0.09762	0.07642	0.03511	0.02817	0.01258	0.01099	0.00352	0.01182	0.01094	0.00776	0.01582
20	0.02838	0.02519	0.12931	0.07613	0.03545	0.01775	0.04567	0.03446	0.02559	0.17920	0.03857	0.18374	0.03488	0.01804	0.01183	0.00367	0.01106	0.01584	0.00919	0.07603
21	0.03267	0.07184	0.02420	0.01747	0.02393	0.01778	0.01426	0.03952	0.07653	0.25278	0.15157	0.05880	0.13508	0.01815	0.01171	0.00348	0.00818	0.01505	0.01189	0.01510
22	0.02135	0.02090	0.07596	0.27309	0.04906	0.01923	0.02357	0.02794	0.02485	0.06170	0.11959	0.10484	0.03943	0.01602	0.01166	0.00358	0.01148	0.01405	0.00762	0.07409
23	0.07197	0.04496	0.25200	0.02674	0.03727	0.17079	0.02791	0.03845	0.02758	0.09027	0.08114	0.03108	0.02641	0.01272	0.01068	0.00336	0.01506	0.00961	0.00707	0.01493

[dist]
# distance from previous block
# <min> <max>
26	82

[block]
# block no. 5 follows, 11 sequences, length 98
# corresponding to MSA columns:
# 595-692
name=unknown_F
#
# <colnr> <probs for GDERKNQSTAVLIFYWHMCP>
#	G	D	E	R	K	N	Q	S	T	A	V	L	I	F	Y	W	H	M	C	P
0	0.02869	0.02785	0.13306	0.14075	0.04732	0.02183	0.13732	0.03507	0.02452	0.13885	0.02579	0.03134	0.01880	0.01572	0.01686	0.11013	0.01428	0.01071	0.00699	0.01411
1	0.03717	0.14260	0.03418	0.02140	0.02956	0.02952	0.01820	0.24647	0.03925	0.14319	0.07564	0.03825	0.06645	0.01475	0.01078	0.00325	0.01070	0.01141	0.01048	0.01676
2	0.07766	0.02647	0.03248	0.02904	0.07950	0.11176	0.09344	0.03809	0.02776	0.15799	0.06139	0.08582	0.02993	0.01420	0.01121	0.00333	0.01252	0.01248	0.00875	0.08618
3	0.03553	0.10486	0.11623	0.02459	0.03384	0.08630	0.02265	0.12506	0.15556	0.13489	0.03143	0.03053	0.02273	0.01290	0.01061	0.00337	0.01249	0.00990	0.00936	0.01717
4	0.13001	0.07798	0.11308	0.01861	0.02792	0.02031	0.01797	0.03139	0.02410	0.09129	0.03936	0.03981	0.11346	0.01361	0.00968	0.00295	0.00978	0.01053	0.00772	0.20044
5	0.02233	0.01874	0.02435	0.02642	0.11911	0.01789	0.01642	0.03137	0.10810	0.03726	0.12118	0.04799	0.04095	0.12397	0.01946	0.00443	0.00932	0.01268	0.00836	0.18970
6	0.02911	0.02703	0.07654	0.07881	0.07942	0.05900	0.02169	0.09416	0.10807	0.08941	0.11428	0.03942	0.03574	0.01398	0.01118	0.00332	0.01120	0.01164	0.00915	0.08686
7	0.02052	0.07218	0.02615	0.08216	0.07519	0.01841	0.01686	0.02466	0.02149	0.03017	0.03022	0.13077	0.03064	0.08131	0.11907	0.00656	0.01394	0.01351	0.00675	0.17945
8	0.02522	0.03024	0.12287	0.02495	0.03144	0.06163	0.02286	0.04163	0.21461	0.03902	0.08759	0.04649	0.03662	0.01712	0.01584	0.00398	0.10239	0.05175	0.00878	0.01495
9	0.01687	0.01239	0.01648	0.01585	0.01789	0.01302	0.01138	0.01953	0.01796	0.02556	0.03111	0.05289	0.03168	0.26523	0.32629	0.01395	0.02114	0.01311	0.00638	0.07128
10	0.04227	0.02703	0.11663	0.07506	0.03730	0.02063	0.02265	0.08861	0.03170	0.36485	0.03641	0.03403	0.02354	0.01309	0.01120	0.00351	0.01155	0.01057	0.01128	0.01810
11	0.03393	0.09343	0.03148	0.02361	0.03036	0.12102	0.01888	0.17123	0.20348	0.04552	0.03000	0.03081	0.02319	0.01579	0.01378	0.06630	0.01224	0.01007	0.00909	0.01578
12	0.02551	0.12304	0.03799	0.09850	0.22135	0.02699	0.02511	0.03549	0.10316	0.03629	0.07567	0.04319	0.03231	0.01411	0.01114	0.00349	0.01157	0.05238	0.00741	0.01529
13	0.02965	0.04833	0.41443	0.02903	0.04365	0.02371	0.03524	0.04051	0.02590	0.16389	0.02633	0.02745	0.01770	0.01151	0.01085	0.00354	0.01485	0.00908	0.00708	0.01727
14	0.02257	0.05822	0.54613	0.03208	0.04871	0.02614	0.04158	0.03564	0.02376	0.03564	0.02020	0.02376	0.01426	0.01069	0.01069	0.00356	0.01663	0.00832	0.00475	0.01663
15	0.04549	0.01930	0.02743	0.11554	0.03709	0.01799	0.01906	0.05038	0.03055	0.45408	0.04022	0.03689	0.02566	0.01347	0.01131	0.00353	0.01051	0.01109	0.01240	0.01801
16	0.02786	0.02674	0.04568	0.06908	0.53424	0.02674	0.03454	0.03454	0.02563	0.03677	0.02117	0.02786	0.01783	0.01003	0.01114	0.00334	0.01337	0.01003	0.00557	0.01783
17	0.03456	0.28411	0.09352	0.02365	0.03354	0.03192	0.06449	0.04247	0.07211	0.17431	0.02762	0.02765	0.02030	0.01145	0.00966	0.00308	0.01213	0.00902	0.00806	0.01635
18	0.04849	0.01856	0.02506	0.01938	0.02767	0.01613	0.01595	0.05290	0.03163	0.50798	0.04388	0.03856	0.02793	0.01387	0.01108	0.00342	0.00928	0.01126	0.05840	0.01856
19	0.01637	0.01091	0.01228	0.01228	0.01228	0.01091	0.00682	0.01637	0.01637	0.02182	0.03546	0.07365	0.04092	0.60445	0.05729	0.01091	0.01091	0.01637	0.00682	0.00682
20	0.03029	0.03135	0.04332	0.06222	0.44865	0.11799	0.03235	0.03632	0.02670	0.03519	0.02052	0.02656	0.01726	0.01030	0.01097	0.00327	0.01456	0.00955	0.00561	0.01701
21	0.02511	0.04248	0.29011	0.04781	0.22463	0.02673	0.11097	0.03531	0.02488	0.03611	0.02096	0.02628	0.01599	0.01026	0.01127	0.00352	0.01584	0.00972	0.00520	0.01683
22	0.01454	0.01039	0.01401	0.01662	0.01764	0.00986	0.01189	0.01711	0.02237	0.02966	0.06158	0.50888	0.07263	0.03448	0.01459	0.00469	0.00725	0.11202	0.01043	0.00937
23	0.01371	0.00979	0.01306	0.01567	0.01632	0.00914	0.01045	0.01567	0.02155	0.02873	0.06203	0.59710	0.07444	0.03526	0.01437	0.00457	0.00653	0.03200	0.01045	0.00914
24	0.04026	0.03144	0.17204	0.02409	0.03484	0.02158	0.02402	0.08411	0.07083	0.32352	0.03641	0.03367	0.02391	0.01310	0.01115	0.00352	0.01171	0.01050	0.01096	0.01834
25	0.03405	0.29726	0.13408	0.02358	0.03418	0.03648	0.02362	0.17694	0.03284	0.07677	0.02188	0.02317	0.01676	0.01129	0.00934	0.00298	0.01278	0.00804	0.00739	0.01658
26	0.02493	0.01474	0.01963	0.01739	0.02137	0.01486	0.01376	0.02905	0.02673	0.16060	0.18818	0.06320	0.13493	0.03373	0.12492	0.00663	0.06628	0.01603	0.01045	0.01260
27	0.38188	0.03241	0.08368	0.02713	0.07844	0.11728	0.06213	0.03580	0.02311	0.04237	0.01761	0.02120	0.01378	0.01055	0.00887	0.00341	0.01291	0.00755	0.00628	0.01362
28	0.01724	0.01145	0.01359	0.01372	0.01657	0.01077	0.01073	0.02205	0.02732	0.03947	0.22958	0.08406	0.15756	0.02263	0.01213	0.00361	0.00623	0.09327	0.19769	0.01033
29	0.02838	0.02262	0.03210	0.26046	0.08162	0.02511	0.02488	0.10571	0.02806	0.08306	0.02288	0.02849	0.01725	0.01207	0.01317	0.00340	0.06638	0.00956	0.00711	0.12769
30	0.16139	0.02710	0.02829	0.02267	0.03081	0.02992	0.01853	0.28703	0.12334	0.11399	0.02999	0.02917	0.02139	0.01328	0.01049	0.00348	0.01080	0.00995	0.01078	0.01761
31	0.20878	0.19347	0.08442	0.02166	0.03101	0.03419	0.02024	0.19994	0.03275	0.04972	0.02017	0.02187	0.01551	0.01134	0.00893	0.00315	0.01170	0.00773	0.00770	0.01573
32	0.13811	0.01605	0.01880	0.01778	0.02152	0.01708	0.01376	0.03202	0.11280	0.08881	0.03288	0.04815	0.02917	0.02572	0.02348	0.25378	0.00950	0.08129	0.00833	0.01098
33	0.03264	0.02726	0.03407	0.03751	0.18045	0.02981	0.02390	0.19069	0.22346	0.05159	0.03257	0.03307	0.02465	0.01316	0.01130	0.00354	0.01133	0.01111	0.00965	0.01824
34	0.01900	0.00997	0.01425	0.01425	0.01425	0.00997	0.00927	0.01495	0.01495	0.01994	0.02228	0.04097	0.02321	0.13598	0.04627	0.55916	0.00997	0.01090	0.00522	0.00522
35	0.02470	0.21460	0.40837	0.02845	0.04311	0.03134	0.03527	0.03510	0.02351	0.03305	0.01891	0.02215	0.01431	0.01039	0.00971	0.00324	0.01533	0.00767	0.00477	0.01601
36	0.02558	0.04257	0.27966	0.03742	0.04998	0.02837	0.21426	0.06374	0.02606	0.03720	0.02111	0.02661	0.01571	0.01125	0.01420	0.00377	0.07064	0.01050	0.00554	0.01582
37	0.03249	0.01927	0.02276	0.01910	0.02476	0.01965	0.01479	0.11326	0.12792	0.18685	0.13118	0.05188	0.04469	0.11702	0.01958	0.00482	0.00932	0.01397	0.01151	0.01517
38	0.02250	0.01498	0.01920	0.01932	0.02305	0.01512	0.01578	0.03187	0.11092	0.09267	0.14377	0.13899	0.06425	0.02540	0.01385	0.00440	0.00872	0.21137	0.01132	0.01253
39	0.02740	0.02945	0.04142	0.28085	0.15869	0.12620	0.10932	0.03421	0.02559	0.03140	0.02023	0.02781	0.01584	0.01077	0.01137	0.00352	0.01635	0.01005	0.00538	0.01414
40	0.01986	0.01689	0.02603	0.12637	0.03497	0.01824	0.06855	0.06412	0.02478	0.03319	0.04355	0.33941	0.04807	0.02496	0.01492	0.00425	0.04930	0.02238	0.00861	0.01154
41	0.02473	0.01413	0.01604	0.01428	0.01942	0.01256	0.01115	0.02994	0.05633	0.16766	0.08423	0.07957	0.32005	0.02241	0.01215	0.00361	0.00687	0.01855	0.07367	0.01264
42	0.08850	0.01603	0.02086	0.02082	0.06952	0.01506	0.01450	0.03254	0.02963	0.18244	0.26031	0.06201	0.10505	0.01857	0.01194	0.00352	0.00762	0.01583	0.01150	0.01374
43	0.09318	0.03330	0.03231	0.02594	0.03398	0.17722	0.05792	0.16404	0.03605	0.19354	0.02820	0.02805	0.01969	0.01253	0.01079	0.00332	0.01406	0.00961	0.00971	0.01655
44	0.03009	0.61122	0.05898	0.01926	0.02889	0.04454	0.01926	0.03370	0.02287	0.02648	0.01565	0.01805	0.01444	0.00963	0.00722	0.00241	0.01204	0.00602	0.00481	0.01444
45	0.03267	0.02383	0.08257	0.10880	0.03789	0.01835	0.02040	0.03871	0.02644	0.21673	0.02879	0.02982	0.02016	0.01106	0.01013	0.00286	0.01074	0.00905	0.00880	0.26220
46	0.02126	0.02001	0.03376	0.57739	0.07752	0.02501	0.03126	0.02876	0.02251	0.02876	0.02001	0.03001	0.01500	0.01125	0.01125	0.00375	0.01500	0.01000	0.00500	0.01250
47	0.01621	0.01152	0.01537	0.01537	0.01644	0.01259	0.01068	0.01836	0.01728	0.02412	0.03263	0.05797	0.03411	0.32738	0.32504	0.01474	0.02116	0.01407	0.00640	0.00854
48	0.33521	0.03086	0.02559	0.02137	0.02889	0.12035	0.01725	0.20775	0.03391	0.05417	0.02019	0.02188	0.01517	0.01179	0.00911	0.00334	0.01206	0.00780	0.00836	0.01492
49	0.05050	0.01915	0.02612	0.02003	0.02873	0.01654	0.01654	0.05485	0.03221	0.54203	0.04440	0.03831	0.02786	0.01393	0.01132	0.00348	0.00958	0.01132	0.01393	0.01915
50	0.01371	0.00979	0.01306	0.01567	0.01632	0.00914	0.01045	0.01567	0.02155	0.02873	0.06203	0.59710	0.07444	0.03526	0.01437	0.00457	0.00653	0.03200	0.01045	0.00914
51	0.08945	0.02565	0.04181	0.11112	0.44325	0.02644	0.03212	0.03387	0.02472	0.03733	0.02054	0.02715	0.01703	0.01018	0.01076	0.00339	0.01308	0.00965	0.00565	0.01680
52	0.03447	0.02784	0.03258	0.03213	0.11827	0.03082	0.02225	0.24738	0.22775	0.05579	0.03334	0.03300	0.02484	0.01360	0.01131	0.00354	0.01120	0.01112	0.01036	0.01840
53	0.02120	0.02018	0.01843	0.01885	0.02180	0.10699	0.01356	0.02902	0.11615	0.03215	0.05697	0.34121	0.10591	0.02672	0.01298	0.00406	0.00925	0.02325	0.00984	0.01148
54	0.68395	0.02177	0.01654	0.01480	0.02177	0.02525	0.01219	0.03309	0.01915	0.05050	0.01567	0.01828	0.01219	0.01045	0.00697	0.00348	0.00871	0.00609	0.00697	0.01219
55	0.02339	0.11806	0.49341	0.03069	0.04657	0.02813	0.03917	0.03543	0.02367	0.03465	0.01971	0.02315	0.01428	0.01058	0.01032	0.00344	0.01614	0.00807	0.00476	0.01640
56	0.02660	0.02546	0.04342	0.16572	0.44741	0.02641	0.03392	0.03344	0.02503	0.03525	0.02095	0.02827	0.01729	0.01026	0.01116	0.00342	0.01368	0.01002	0.00546	0.01682
57	0.02673	0.02559	0.04364	0.15619	0.45597	0.02644	0.03398	0.03355	0.02509	0.03540	0.02097	0.02823	0.01734	0.01024	0.01116	0.00341	0.01365	0.01002	0.00547	0.01692
58	0.03159	0.03236	0.05038	0.03792	0.04731	0.11828	0.29421	0.04304	0.10556	0.08159	0.02745	0.03120	0.02035	0.01117	0.01228	0.00362	0.01676	0.01198	0.00736	0.01559
59	0.02577	0.01435	0.01626	0.01526	0.01922	0.01455	0.01158	0.03536	0.11783	0.12027	0.04401	0.13651	0.03755	0.01745	0.01021	0.00332	0.00685	0.01473	0.32587	0.01303
60	0.01585	0.01080	0.01290	0.01339	0.01367	0.01084	0.00809	0.01654	0.01748	0.02347	0.04001	0.16947	0.04616	0.45514	0.09031	0.01031	0.01166	0.01895	0.00744	0.00752
61	0.04204	0.05364	0.03190	0.02900	0.03480	0.55926	0.02175	0.04494	0.03190	0.02755	0.01740	0.02030	0.01450	0.01160	0.01015	0.00290	0.02030	0.00725	0.00580	0.01305
62	0.13591	0.05197	0.45538	0.02912	0.04410	0.02599	0.03655	0.03521	0.02297	0.03819	0.01942	0.02282	0.01390	0.01065	0.01005	0.00355	0.01528	0.00794	0.00513	0.01587
63	0.01613	0.01186	0.01709	0.01709	0.01876	0.01353	0.01283	0.01946	0.01779	0.02539	0.03106	0.04926	0.03033	0.17353	0.47373	0.01686	0.02685	0.01280	0.00616	0.00950
64	0.02069	0.02022	0.03770	0.12324	0.04325	0.01985	0.19994	0.02776	0.02763	0.03744	0.20746	0.05640	0.09608	0.01630	0.01293	0.00370	0.01227	0.01618	0.00836	0.01259
65	0.02747	0.02649	0.04673	0.03522	0.04413	0.02629	0.27130	0.11451	0.08367	0.04247	0.03800	0.04735	0.07196	0.01460	0.01295	0.00386	0.01471	0.05500	0.00815	0.01516
66	0.03869	0.02248	0.03887	0.12332	0.04564	0.02138	0.15450	0.04504	0.02895	0.31036	0.03408	0.03463	0.02260	0.01221	0.01187	0.00362	0.01318	0.01165	0.01006	0.01689
67	0.02288	0.02212	0.03883	0.44109	0.15405	0.02562	0.07472	0.03043	0.02342	0.03081	0.02046	0.02967	0.01568	0.01088	0.01142	0.00369	0.01509	0.01031	0.00516	0.01366
68	0.03026	0.01968	0.03092	0.18988	0.16613	0.02022	0.02415	0.03567	0.02599	0.18260	0.03472	0.12911	0.02970	0.01585	0.01178	0.00371	0.01154	0.01417	0.00872	0.01522
69	0.03203	0.03564	0.03849	0.14121	0.26938	0.22540	0.02920	0.03744	0.02743	0.03195	0.01956	0.02540	0.01610	0.01082	0.01079	0.00325	0.01624	0.00899	0.00556	0.01513
70	0.02630	0.03925	0.30196	0.02674	0.03770	0.02260	0.03017	0.03503	0.02488	0.12082	0.03620	0.04398	0.06928	0.01581	0.01434	0.00387	0.07519	0.05311	0.00741	0.01534
71	0.02257	0.05822	0.54613	0.03208	0.04871	0.02614	0.04158	0.03564	0.02376	0.03564	0.02020	0.02376	0.01426	0.01069	0.01069	0.00356	0.01663	0.00832	0.00475	0.01663
72	0.02799	0.02172	0.03549	0.24136	0.24129	0.02305	0.02834	0.03448	0.02610	0.11503	0.06979	0.03533	0.02630	0.01226	0.01140	0.00353	0.01264	0.01115	0.00730	0.01546
73	0.02202	0.05399	0.49840	0.03031	0.04546	0.02478	0.03848	0.03392	0.02310	0.03441	0.02156	0.02822	0.01664	0.06378	0.01486	0.00422	0.01612	0.00904	0.00494	0.01576
74	0.03084	0.04666	0.39228	0.02851	0.04280	0.02330	0.03418	0.04133	0.02626	0.18546	0.02736	0.02807	0.01828	0.01165	0.01088	0.00354	0.01455	0.00921	0.00747	0.01738
75	0.02911	0.03446	0.18722	0.09524	0.19102	0.02508	0.11199	0.03780	0.02601	0.11600	0.02476	0.02899	0.01801	0.01086	0.01142	0.00354	0.01481	0.01030	0.00664	0.01674
76	0.02239	0.02116	0.03580	0.49029	0.15578	0.02530	0.03182	0.02975	0.02304	0.03013	0.02020	0.02964	0.01549	0.01104	0.01123	0.00368	0.01472	0.01001	0.00510	0.01342
77	0.02156	0.02719	0.12499	0.13826	0.09334	0.02192	0.14259	0.02918	0.02454	0.03312	0.03797	0.10661	0.07550	0.01668	0.01258	0.00392	0.01389	0.05585	0.00679	0.01353
78	0.02899	0.01830	0.02829	0.31598	0.05268	0.02004	0.02337	0.03519	0.02698	0.18342	0.11432	0.04173	0.03443	0.01406	0.01162	0.00364	0.01174	0.01217	0.00891	0.01415
79	0.02146	0.03811	0.27540	0.11839	0.04917	0.02332	0.11994	0.03101	0.02408	0.03351	0.03322	0.08523	0.06879	0.01443	0.01185	0.00375	0.01489	0.01310	0.00602	0.01436
80	0.02505	0.02327	0.03903	0.15802	0.36608	0.02422	0.03131	0.03166	0.02508	0.03476	0.02707	0.04404	0.02476	0.01361	0.01186	0.00371	0.01320	0.08141	0.00623	0.01563
81	0.02811	0.02549	0.04804	0.18841	0.18647	0.02582	0.19963	0.03578	0.02587	0.08909	0.02397	0.03046	0.01790	0.01057	0.01197	0.00363	0.01544	0.01135	0.00637	0.01561
82	0.10326	0.02069	0.02862	0.02797	0.11473	0.01907	0.01924	0.04943	0.02992	0.41150	0.03785	0.03473	0.02474	0.01295	0.01090	0.00346	0.01015	0.01063	0.01188	0.01830
83	0.02231	0.02108	0.03566	0.49648	0.15022	0.02528	0.03178	0.02968	0.02300	0.03003	0.02019	0.02967	0.01545	0.01106	0.01124	0.00369	0.01474	0.01001	0.00509	0.01335
84	0.02446	0.04599	0.39885	0.02770	0.04109	0.02244	0.03357	0.03525	0.02606	0.09207	0.10989	0.03567	0.03148	0.01315	0.01120	0.00355	0.01393	0.01070	0.00705	0.01588
85	0.14212	0.19506	0.08105	0.02102	0.03011	0.08547	0.01942	0.04259	0.02669	0.21632	0.02657	0.02612	0.01889	0.01161	0.00928	0.00312	0.01193	0.00827	0.00853	0.01582
86	0.01612	0.01081	0.01235	0.01260	0.01266	0.01074	0.00716	0.01630	0.01686	0.02248	0.03798	0.12328	0.04410	0.55048	0.05322	0.01031	0.01050	0.01785	0.00716	0.00704
87	0.02059	0.01764	0.02458	0.21964	0.04233	0.02063	0.02045	0.03280	0.15217	0.03320	0.03756	0.15800	0.03508	0.02915	0.09930	0.00623	0.01396	0.01581	0.00806	0.01280
88	0.04466	0.02659	0.03084	0.02441	0.03265	0.11175	0.06242	0.05186	0.07730	0.35934	0.03787	0.03482	0.02517	0.01324	0.01132	0.00344	0.01223	0.01094	0.01153	0.01761
89	0.13105	0.01362	0.01651	0.01837	0.02119	0.01405	0.01507	0.02296	0.02359	0.03525	0.05272	0.23355	0.05834	0.02867	0.01376	0.00473	0.00906	0.26737	0.00980	0.01035
90	0.01367	0.00995	0.01290	0.01527	0.01622	0.00918	0.01027	0.01572	0.02194	0.02889	0.06693	0.55111	0.11727	0.03463	0.01427	0.00450	0.00645	0.03122	0.01045	0.00918
91	0.02714	0.12936	0.23730	0.02936	0.04073	0.02616	0.10859	0.03575	0.02548	0.09573	0.02926	0.04250	0.02462	0.01402	0.01145	0.00367	0.01443	0.08217	0.00695	0.01533
92	0.08043	0.19465	0.23463	0.02695	0.03900	0.03300	0.05716	0.13509	0.02968	0.04205	0.02028	0.02294	0.01538	0.01093	0.00977	0.00322	0.01402	0.00824	0.00641	0.01616
93	0.02820	0.02094	0.02540	0.13284	0.03535	0.02417	0.01891	0.16353	0.07496	0.04659	0.02934	0.03368	0.02246	0.01365	0.01254	0.00339	0.06329	0.01043	0.22614	0.01418
94	0.08786	0.09971	0.06282	0.17247	0.08218	0.02603	0.02288	0.03688	0.11264	0.07366	0.02572	0.03011	0.01989	0.01479	0.01387	0.07587	0.01189	0.00960	0.00705	0.01407
95	0.02197	0.09552	0.35612	0.08687	0.04459	0.02500	0.03317	0.03226	0.02493	0.03571	0.10684	0.03426	0.03011	0.01277	0.01089	0.00348	0.01411	0.01036	0.00609	0.01496
96	0.02143	0.01994	0.07970	0.08012	0.11558	0.01633	0.02050	0.02647	0.02454	0.08005	0.08875	0.28361	0.05126	0.02287	0.01274	0.00398	0.00977	0.02057	0.00899	0.01283
97	0.02041	0.02078	0.07013	0.12596	0.17658	0.01922	0.02354	0.02568	0.02190	0.03039	0.03165	0.14245	0.03195	0.09209	0.11075	0.00701	0.01524	0.01504	0.00654	0.01269

[dist]
# distance from previous block
# <min> <max>
0	4

[block]
# block no. 6 follows, 11 sequences, length 11
# corresponding to MSA columns:
# 697-707
name=unknown_G
#
# <colnr> <probs for GDERKNQSTAVLIFYWHMCP>
#	G	D	E	R	K	N	Q	S	T	A	V	L	I	F	Y	W	H	M	C	P
0	0.07806	0.02793	0.10247	0.02306	0.03083	0.02485	0.02089	0.17751	0.06300	0.12659	0.08631	0.08186	0.03406	0.01633	0.01316	0.00368	0.05055	0.01284	0.01005	0.01597
1	0.03237	0.11474	0.03661	0.10617	0.09727	0.08044	0.02313	0.15755	0.15538	0.04452	0.02754	0.02937	0.02113	0.01248	0.01060	0.00335	0.01266	0.00989	0.00832	0.01648
2	0.03035	0.02535	0.02968	0.02372	0.03033	0.02803	0.01935	0.17661	0.10696	0.04638	0.02484	0.02769	0.01969	0.01386	0.01693	0.00335	0.15479	0.00947	0.00838	0.20424
3	0.02825	0.02438	0.03506	0.22526	0.17633	0.02603	0.02680	0.13766	0.03043	0.04184	0.02192	0.02764	0.01696	0.01096	0.01073	0.00321	0.01285	0.00947	0.00687	0.12734
4	0.01505	0.01087	0.01382	0.01470	0.01584	0.01090	0.00997	0.01700	0.01961	0.02618	0.05237	0.24667	0.10666	0.22169	0.15721	0.00965	0.01340	0.02147	0.00828	0.00868
5	0.03358	0.02372	0.02920	0.16211	0.04188	0.02605	0.02131	0.21474	0.08382	0.12245	0.03987	0.04046	0.08094	0.01494	0.01153	0.00358	0.01151	0.01213	0.01000	0.01621
6	0.02579	0.01987	0.03257	0.49095	0.06995	0.02369	0.02898	0.03280	0.02401	0.10836	0.02379	0.03129	0.01700	0.01167	0.01126	0.00371	0.01416	0.01021	0.00639	0.01353
7	0.04043	0.20161	0.03743	0.02119	0.02890	0.02777	0.01856	0.04428	0.02715	0.30817	0.03123	0.03008	0.02182	0.01346	0.01383	0.00336	0.09473	0.00948	0.00981	0.01670
8	0.15494	0.02286	0.03162	0.22159	0.14250	0.02524	0.02484	0.08981	0.02756	0.11898	0.02402	0.02831	0.01750	0.01155	0.01043	0.00354	0.01235	0.00949	0.00760	0.01528
9	0.03008	0.11272	0.16151	0.02228	0.03361	0.02398	0.02252	0.07809	0.02748	0.11652	0.02388	0.02537	0.01772	0.01045	0.00951	0.00269	0.01151	0.00803	0.00748	0.25456
10	0.01475	0.01158	0.01580	0.09746	0.02512	0.01154	0.01317	0.01768	0.02243	0.02904	0.06521	0.42579	0.14763	0.03052	0.01372	0.00431	0.00763	0.02728	0.00965	0.00970

[dist]
# distance from previous block
# <min> <max>
10	59

[block]
# block no. 7 follows, 11 sequences, length 13
# corresponding to MSA columns:
# 770-782
name=unknown_H
#
# <colnr> <probs for GDERKNQSTAVLIFYWHMCP>
#	G	D	E	R	K	N	Q	S	T	A	V	L	I	F	Y	W	H	M	C	P
0	0.02398	0.02239	0.03670	0.27162	0.26849	0.02467	0.03007	0.03234	0.05744	0.03351	0.02572	0.07634	0.02243	0.01296	0.01147	0.00364	0.01318	0.01200	0.00614	0.01492
1	0.02686	0.11908	0.11754	0.08975	0.22937	0.02949	0.02919	0.03983	0.13590	0.03669	0.02570	0.02916	0.02030	0.01137	0.01056	0.00338	0.01279	0.00977	0.00662	0.01667
2	0.02772	0.03179	0.11707	0.24877	0.11549	0.08393	0.10067	0.03550	0.02550	0.07376	0.02230	0.02847	0.01653	0.01101	0.01135	0.00357	0.01580	0.01005	0.00595	0.01477
3	0.02420	0.02260	0.03598	0.34561	0.20334	0.02596	0.03019	0.03513	0.09754	0.03386	0.02424	0.03119	0.01875	0.01150	0.01125	0.00364	0.01361	0.01042	0.00614	0.01486
4	0.03125	0.01774	0.02497	0.18625	0.03996	0.01853	0.01924	0.03919	0.07031	0.21418	0.10982	0.04348	0.03656	0.01453	0.01123	0.00351	0.01003	0.01233	0.08209	0.01479
5	0.12417	0.03589	0.11214	0.02829	0.03784	0.13594	0.10129	0.09595	0.03063	0.15293	0.02564	0.02704	0.01811	0.01170	0.01072	0.00341	0.01466	0.00951	0.00823	0.01591
6	0.04081	0.02371	0.08631	0.02144	0.02990	0.01858	0.01911	0.09524	0.03188	0.35311	0.04230	0.11964	0.03233	0.01672	0.01170	0.00364	0.01026	0.01395	0.01203	0.01735
7	0.01637	0.01091	0.01228	0.01228	0.01228	0.01091	0.00682	0.01637	0.01637	0.02182	0.03546	0.07365	0.04092	0.60445	0.05729	0.01091	0.01091	0.01637	0.00682	0.00682
8	0.02398	0.02278	0.03868	0.36766	0.26597	0.02572	0.03261	0.03114	0.02379	0.03206	0.02049	0.02912	0.01617	0.01075	0.01121	0.00358	0.01433	0.01001	0.00524	0.01470
9	0.12649	0.07866	0.30929	0.02525	0.03754	0.02439	0.02920	0.03679	0.02500	0.11502	0.06721	0.03003	0.02404	0.01215	0.01023	0.00346	0.01308	0.00934	0.00715	0.01568
10	0.01754	0.01214	0.01436	0.01559	0.01756	0.01231	0.01098	0.02478	0.09679	0.03453	0.05380	0.38632	0.05797	0.02718	0.01244	0.00401	0.00660	0.02417	0.16017	0.01077
11	0.01371	0.00979	0.01306	0.01567	0.01632	0.00914	0.01045	0.01567	0.02155	0.02873	0.06203	0.59710	0.07444	0.03526	0.01437	0.00457	0.00653	0.03200	0.01045	0.00914
12	0.01897	0.03427	0.26626	0.10817	0.04069	0.01957	0.02800	0.02709	0.02322	0.03218	0.04214	0.18418	0.09084	0.01929	0.01204	0.00388	0.01246	0.01657	0.00695	0.01321

[dist]
# distance from previous block
# <min> <max>
3	5

[block]
# block no. 8 follows, 11 sequences, length 9
# corresponding to MSA columns:
# 788-796
name=unknown_I
#
# <colnr> <probs for GDERKNQSTAVLIFYWHMCP>
#	G	D	E	R	K	N	Q	S	T	A	V	L	I	F	Y	W	H	M	C	P
0	0.10340	0.01403	0.01570	0.01427	0.01887	0.01318	0.01105	0.02863	0.02662	0.14447	0.13881	0.10758	0.18198	0.02060	0.01139	0.00354	0.00681	0.01712	0.10979	0.01216
1	0.02793	0.02812	0.03621	0.08774	0.21690	0.10512	0.06017	0.03945	0.12987	0.03783	0.08680	0.03682	0.03114	0.01299	0.01148	0.00347	0.01306	0.01166	0.00762	0.01560
2	0.02567	0.01894	0.02565	0.02083	0.02554	0.01944	0.05160	0.07716	0.02684	0.08984	0.12479	0.04913	0.04067	0.14818	0.02555	0.00513	0.09504	0.01334	0.00872	0.10795
3	0.22452	0.23593	0.14481	0.02210	0.03183	0.11233	0.02223	0.03562	0.02331	0.03570	0.01688	0.01966	0.01374	0.01039	0.00832	0.00304	0.01326	0.00671	0.00559	0.01403
4	0.03071	0.01955	0.02327	0.02050	0.02556	0.02084	0.01608	0.11704	0.17313	0.12002	0.03676	0.04579	0.02998	0.02289	0.02064	0.18481	0.00999	0.05858	0.00992	0.01396
5	0.02767	0.03267	0.18492	0.02768	0.03787	0.02289	0.09509	0.04140	0.13615	0.11272	0.03432	0.09080	0.02770	0.01442	0.01156	0.00361	0.01253	0.01285	0.00851	0.06464
6	0.01955	0.00978	0.01466	0.01466	0.01466	0.00978	0.00978	0.01466	0.01466	0.01955	0.01955	0.03421	0.01955	0.03910	0.04399	0.67253	0.00978	0.00978	0.00489	0.00489
7	0.02126	0.02001	0.03376	0.57739	0.07752	0.02501	0.03126	0.02876	0.02251	0.02876	0.02001	0.03001	0.01500	0.01125	0.01125	0.00375	0.01500	0.01000	0.00500	0.01250
8	0.02607	0.02492	0.04246	0.20665	0.41064	0.02627	0.03365	0.03298	0.02478	0.03460	0.02086	0.02844	0.01706	0.01036	0.01117	0.00345	0.01381	0.01002	0.00542	0.01639

[dist]
# distance from previous block
# <min> <max>
6	61

[block]
# block no. 9 follows, 11 sequences, length 77
# corresponding to MSA columns:
# 858-934
name=unknown_J
#
# <colnr> <probs for GDERKNQSTAVLIFYWHMCP>
#	G	D	E	R	K	N	Q	S	T	A	V	L	I	F	Y	W	H	M	C	P
0	0.43875	0.09284	0.02563	0.01913	0.02545	0.11190	0.01583	0.03435	0.02135	0.04168	0.01584	0.01926	0.01308	0.01154	0.01076	0.00343	0.07359	0.00668	0.00632	0.01259
1	0.02642	0.34077	0.29722	0.02553	0.03858	0.03554	0.03018	0.03465	0.02331	0.03096	0.01787	0.02085	0.01435	0.01015	0.00892	0.00297	0.01428	0.00714	0.00478	0.01551
2	0.11613	0.07637	0.19010	0.02361	0.03427	0.06722	0.02404	0.03967	0.10086	0.07260	0.02466	0.02612	0.01851	0.01117	0.00965	0.00311	0.01237	0.00837	0.00715	0.13401
3	0.11014	0.03498	0.23712	0.23381	0.05326	0.02428	0.03113	0.03149	0.02336	0.03584	0.06248	0.03048	0.02204	0.01191	0.01062	0.00362	0.01400	0.00967	0.00579	0.01397
4	0.02168	0.01273	0.01671	0.01576	0.01882	0.01296	0.01192	0.02512	0.02166	0.10847	0.04516	0.05613	0.09733	0.13738	0.26248	0.01107	0.01794	0.01399	0.08173	0.01096
5	0.02195	0.04208	0.33768	0.10135	0.04547	0.02376	0.03277	0.03510	0.07829	0.03745	0.10240	0.03602	0.03092	0.01319	0.01125	0.00361	0.01380	0.01091	0.00671	0.01527
6	0.03933	0.02213	0.02902	0.08474	0.03505	0.02383	0.02015	0.09643	0.09559	0.28657	0.03534	0.03451	0.02430	0.01467	0.01533	0.00377	0.10018	0.01100	0.01090	0.01716
7	0.01645	0.01006	0.01209	0.01372	0.01511	0.00965	0.00948	0.01965	0.02232	0.03372	0.05249	0.38784	0.05726	0.02691	0.01192	0.00384	0.00605	0.02389	0.25791	0.00965
8	0.02843	0.48922	0.16645	0.02209	0.03326	0.04048	0.02418	0.03413	0.02307	0.02850	0.01665	0.01931	0.01440	0.00986	0.00799	0.00266	0.01305	0.00653	0.00480	0.01493
9	0.02494	0.02330	0.03729	0.20510	0.28966	0.02365	0.02891	0.03149	0.02422	0.03442	0.02058	0.02748	0.01675	0.01001	0.01056	0.00309	0.01273	0.00928	0.00565	0.16087
10	0.02044	0.01669	0.02483	0.02114	0.02557	0.01620	0.08735	0.08548	0.03076	0.04192	0.23324	0.20260	0.10103	0.02317	0.01329	0.00384	0.00874	0.02113	0.01056	0.01202
11	0.02788	0.29981	0.19426	0.02212	0.03295	0.03123	0.02418	0.03429	0.02455	0.08727	0.03340	0.03411	0.08492	0.01296	0.00953	0.00306	0.01228	0.00967	0.00657	0.01496
12	0.02280	0.02301	0.04324	0.42353	0.07209	0.02601	0.16542	0.03088	0.02368	0.03088	0.02081	0.03011	0.01561	0.01074	0.01184	0.00376	0.01616	0.01095	0.00520	0.01328
13	0.01371	0.00979	0.01306	0.01567	0.01632	0.00914	0.01045	0.01567	0.02155	0.02873	0.06203	0.59710	0.07444	0.03526	0.01437	0.00457	0.00653	0.03200	0.01045	0.00914
14	0.02426	0.11461	0.41036	0.02921	0.04346	0.02848	0.03538	0.03921	0.10029	0.03641	0.02369	0.02598	0.01742	0.01129	0.01042	0.00347	0.01491	0.00875	0.00581	0.01657
15	0.02056	0.01253	0.01653	0.01495	0.01841	0.01141	0.01141	0.02574	0.03191	0.11172	0.46346	0.07794	0.09570	0.02179	0.01301	0.00353	0.00588	0.01914	0.01260	0.01176
16	0.01630	0.01116	0.01355	0.01355	0.01399	0.01160	0.00840	0.01718	0.01674	0.02276	0.03430	0.06722	0.03813	0.49079	0.16712	0.01248	0.01512	0.01543	0.00665	0.00753
17	0.02714	0.04421	0.29660	0.03654	0.05013	0.02833	0.19798	0.10787	0.02931	0.04131	0.02217	0.02660	0.01602	0.01071	0.01170	0.00362	0.01680	0.01035	0.00610	0.01651
18	0.02646	0.12917	0.36625	0.03363	0.09733	0.02976	0.03544	0.08671	0.02709	0.03842	0.02043	0.02377	0.01522	0.01079	0.01032	0.00336	0.01516	0.00838	0.00558	0.01674
19	0.01518	0.01125	0.01531	0.01600	0.01761	0.01187	0.01162	0.01804	0.01964	0.02678	0.04861	0.20162	0.09793	0.12761	0.29372	0.01204	0.01884	0.01917	0.00779	0.00936
20	0.02016	0.01245	0.01557	0.01523	0.01830	0.01142	0.01151	0.02360	0.02611	0.10135	0.17439	0.14405	0.16679	0.11646	0.02037	0.00511	0.00775	0.08786	0.01079	0.01073
21	0.02365	0.10026	0.03876	0.31885	0.19122	0.02684	0.02890	0.02997	0.02333	0.03064	0.02307	0.07280	0.02042	0.01260	0.01093	0.00352	0.01349	0.01122	0.00556	0.01395
22	0.02816	0.21778	0.27886	0.02705	0.03907	0.03371	0.03036	0.10647	0.02753	0.03773	0.01947	0.02262	0.01512	0.01153	0.01182	0.00329	0.05958	0.00803	0.00580	0.01602
23	0.01443	0.01019	0.01329	0.01549	0.01618	0.00968	0.01041	0.01631	0.02104	0.02799	0.05771	0.48275	0.06853	0.12396	0.02116	0.00560	0.00748	0.05904	0.00987	0.00886
24	0.02730	0.13728	0.35964	0.03040	0.04449	0.02820	0.08455	0.03753	0.02487	0.09077	0.02247	0.02521	0.01611	0.01076	0.01050	0.00340	0.01538	0.00883	0.00589	0.01641
