[name]
unknown

[dist]
# distance from previous block
# <min> <max>
0	68

[block]
# block no. 0 follows, 12 sequences, length 87
# corresponding to MSA columns:
# 78-164
name=unknown_A
#
# <colnr> <probs for GDERKNQSTAVLIFYWHMCP>
#	G	D	E	R	K	N	Q	S	T	A	V	L	I	F	Y	W	H	M	C	P
0	0.01328	0.00949	0.01265	0.01518	0.01581	0.00886	0.01012	0.01518	0.02088	0.02783	0.06010	0.60969	0.07212	0.03416	0.01392	0.00443	0.00633	0.03100	0.01012	0.00886
1	0.02637	0.02528	0.04315	0.11702	0.50348	0.02575	0.03316	0.03293	0.02454	0.03488	0.02040	0.02719	0.01701	0.00983	0.01080	0.00328	0.01310	0.00971	0.00534	0.01678
2	0.02331	0.16859	0.46075	0.02862	0.04339	0.02885	0.03601	0.03416	0.02285	0.03277	0.01869	0.02193	0.01385	0.01016	0.00969	0.00323	0.01523	0.00762	0.00462	0.01569
3	0.04145	0.03054	0.03272	0.02509	0.03381	0.03381	0.02072	0.51243	0.05127	0.06872	0.02618	0.02618	0.01854	0.01309	0.01091	0.00327	0.01200	0.00982	0.01091	0.01854
4	0.02412	0.02299	0.03909	0.30126	0.33683	0.02515	0.03204	0.03096	0.02347	0.03215	0.02000	0.02792	0.01605	0.01025	0.01084	0.00342	0.01366	0.00970	0.00515	0.01496
5	0.07888	0.02339	0.03282	0.27931	0.13291	0.02645	0.02599	0.15645	0.03032	0.07657	0.02259	0.02768	0.01664	0.01139	0.01058	0.00344	0.01282	0.00953	0.00722	0.01501
6	0.04073	0.05197	0.03090	0.02809	0.03371	0.57303	0.02107	0.04354	0.03090	0.02669	0.01685	0.01966	0.01404	0.01124	0.00983	0.00281	0.01966	0.00702	0.00562	0.01264
7	0.02581	0.02396	0.03988	0.04385	0.24108	0.02403	0.12944	0.07919	0.07318	0.04113	0.12738	0.03947	0.03567	0.01287	0.01169	0.00342	0.01211	0.01263	0.00777	0.01545
8	0.01326	0.00960	0.01253	0.01488	0.01574	0.00888	0.00999	0.01522	0.02117	0.02795	0.06379	0.57268	0.10674	0.03368	0.01384	0.00437	0.00627	0.03041	0.01012	0.00888
9	0.02587	0.02476	0.04223	0.15874	0.46574	0.02561	0.03291	0.03248	0.02430	0.03426	0.02031	0.02735	0.01679	0.00992	0.01081	0.00331	0.01323	0.00971	0.00530	0.01637
10	0.02915	0.62337	0.05714	0.01866	0.02799	0.04314	0.01866	0.03265	0.02215	0.02565	0.01516	0.01749	0.01399	0.00933	0.00700	0.00233	0.01166	0.00583	0.00466	0.01399
11	0.01586	0.01057	0.01189	0.01189	0.01189	0.01057	0.00661	0.01586	0.01586	0.02114	0.03436	0.07135	0.03964	0.61681	0.05550	0.01057	0.01057	0.01586	0.00661	0.00661
12	0.01483	0.01087	0.01390	0.01368	0.01605	0.00995	0.01006	0.01920	0.02864	0.03970	0.42086	0.16912	0.14304	0.02475	0.01303	0.00362	0.00537	0.02188	0.01151	0.00995
13	0.03321	0.08256	0.04619	0.03349	0.04176	0.17433	0.20565	0.13882	0.03171	0.03870	0.02052	0.02484	0.01597	0.01121	0.01265	0.00332	0.05385	0.00990	0.00658	0.01475
14	0.01523	0.01114	0.01429	0.01350	0.01617	0.01020	0.01013	0.02018	0.03039	0.04259	0.50858	0.08332	0.13805	0.02271	0.01286	0.00345	0.00517	0.01998	0.01185	0.01020
15	0.04719	0.02133	0.02702	0.02072	0.02922	0.02014	0.01711	0.15941	0.03585	0.44351	0.03912	0.03458	0.02504	0.01340	0.01095	0.00335	0.00991	0.01070	0.01290	0.01855
16	0.69383	0.02109	0.01603	0.01434	0.02109	0.02446	0.01181	0.03205	0.01856	0.04892	0.01518	0.01771	0.01181	0.01012	0.00675	0.00337	0.00843	0.00590	0.00675	0.01181
17	0.02123	0.01779	0.02106	0.01568	0.02400	0.01372	0.01241	0.02613	0.02420	0.03711	0.12041	0.03396	0.03288	0.01082	0.00900	0.00197	0.00751	0.00902	0.00753	0.55359
18	0.01366	0.00976	0.01309	0.01561	0.01641	0.00918	0.01078	0.01583	0.02125	0.02826	0.05989	0.56681	0.07129	0.03380	0.01402	0.00448	0.00665	0.07015	0.01011	0.00896
19	0.69383	0.02109	0.01603	0.01434	0.02109	0.02446	0.01181	0.03205	0.01856	0.04892	0.01518	0.01771	0.01181	0.01012	0.00675	0.00337	0.00843	0.00590	0.00675	0.01181
20	0.01503	0.01113	0.01402	0.01330	0.01604	0.01012	0.00997	0.01980	0.02992	0.04148	0.47505	0.08514	0.17227	0.02313	0.01286	0.00347	0.00520	0.02024	0.01171	0.01012
21	0.03537	0.02752	0.02930	0.02386	0.03150	0.03097	0.01925	0.31961	0.25399	0.05891	0.03390	0.03233	0.02480	0.01381	0.01099	0.00345	0.01057	0.01088	0.01099	0.01800
22	0.02385	0.02385	0.03340	0.02863	0.02863	0.03340	0.02385	0.02624	0.01670	0.02624	0.01431	0.02385	0.01431	0.01908	0.03578	0.00477	0.59685	0.00954	0.00477	0.01193
23	0.01555	0.01044	0.01198	0.01228	0.01236	0.01037	0.00702	0.01578	0.01645	0.02194	0.03741	0.13526	0.04350	0.54764	0.05056	0.00984	0.01007	0.01765	0.00702	0.00687
24	0.01356	0.01001	0.01270	0.01428	0.01571	0.00914	0.00985	0.01612	0.02312	0.03064	0.14547	0.44326	0.15376	0.03120	0.01358	0.00415	0.00601	0.02790	0.01042	0.00914
25	0.01514	0.01151	0.01429	0.01546	0.01823	0.01066	0.01249	0.01901	0.02526	0.03228	0.13519	0.16110	0.24759	0.02867	0.01387	0.00427	0.00740	0.20764	0.01031	0.00964
26	0.01396	0.00989	0.01304	0.01531	0.01606	0.00938	0.01047	0.01596	0.02077	0.02761	0.05724	0.50811	0.06790	0.09333	0.01828	0.00511	0.00712	0.07196	0.00975	0.00874
27	0.03708	0.02837	0.03026	0.02420	0.03215	0.03177	0.01967	0.37377	0.19705	0.06167	0.03173	0.03060	0.02304	0.01361	0.01096	0.00340	0.01097	0.01058	0.01096	0.01815
28	0.04775	0.02044	0.02647	0.02029	0.02877	0.01882	0.01676	0.12533	0.03436	0.47970	0.04037	0.03539	0.02566	0.01343	0.01096	0.00336	0.00971	0.01078	0.01309	0.01855
29	0.02937	0.02454	0.02592	0.02264	0.02921	0.02817	0.01780	0.12937	0.45399	0.04924	0.04152	0.03840	0.03097	0.01453	0.01107	0.00363	0.00916	0.01193	0.01107	0.01746
30	0.02504	0.25135	0.26931	0.02752	0.03860	0.03295	0.06791	0.03275	0.02206	0.03027	0.01748	0.02168	0.01416	0.01110	0.01286	0.00325	0.09447	0.00785	0.00472	0.01467
31	0.03817	0.03624	0.03251	0.07918	0.14219	0.28703	0.02320	0.04242	0.02899	0.15118	0.02387	0.02597	0.01775	0.01142	0.01038	0.00309	0.01546	0.00871	0.00733	0.01492
32	0.04190	0.02597	0.02963	0.09016	0.03632	0.06425	0.02001	0.23786	0.03830	0.25558	0.03143	0.03042	0.02112	0.01286	0.01085	0.00332	0.01176	0.01006	0.01084	0.01736
33	0.14600	0.02614	0.03394	0.03958	0.23740	0.02766	0.02395	0.20325	0.03358	0.09098	0.02340	0.02595	0.01757	0.01127	0.01017	0.00328	0.01156	0.00921	0.00821	0.01690
34	0.01526	0.01161	0.01675	0.01675	0.01891	0.01310	0.01299	0.01902	0.01839	0.02580	0.03885	0.05021	0.08864	0.07535	0.50704	0.01588	0.02639	0.01303	0.00635	0.00967
35	0.01439	0.01024	0.01348	0.01499	0.01619	0.00967	0.01052	0.01717	0.02318	0.03145	0.17199	0.39579	0.07580	0.08078	0.01732	0.00477	0.00674	0.06619	0.01026	0.00911
36	0.02459	0.02355	0.03951	0.23966	0.34809	0.02594	0.03162	0.03100	0.02316	0.03226	0.01963	0.02743	0.01612	0.01086	0.01283	0.00349	0.06027	0.00969	0.00516	0.01511
37	0.01399	0.01094	0.01267	0.01255	0.01548	0.00962	0.00930	0.01766	0.02698	0.03525	0.28590	0.14343	0.31522	0.02602	0.01297	0.00365	0.00544	0.02240	0.01091	0.00962
38	0.11799	0.01666	0.02024	0.01638	0.02307	0.01549	0.01332	0.04337	0.02752	0.36106	0.03776	0.03574	0.02544	0.01289	0.00959	0.00316	0.00808	0.01015	0.18654	0.01556
39	0.02568	0.02457	0.04190	0.17383	0.45209	0.02556	0.03281	0.03232	0.02421	0.03404	0.02028	0.02741	0.01671	0.00996	0.01082	0.00332	0.01328	0.00971	0.00528	0.01622
40	0.02548	0.02177	0.02323	0.02136	0.02686	0.02495	0.01641	0.05286	0.46876	0.04350	0.04624	0.10823	0.03789	0.01709	0.01143	0.00378	0.00836	0.01454	0.01098	0.01626
41	0.02261	0.01938	0.02261	0.01615	0.02584	0.01453	0.01292	0.02745	0.02261	0.03553	0.01938	0.02261	0.01615	0.00807	0.00807	0.00161	0.00807	0.00646	0.00646	0.68346
42	0.02059	0.01938	0.03270	0.59060	0.07510	0.02422	0.03028	0.02786	0.02180	0.02786	0.01938	0.02907	0.01453	0.01090	0.01090	0.00363	0.01453	0.00969	0.00484	0.01211
43	0.69383	0.02109	0.01603	0.01434	0.02109	0.02446	0.01181	0.03205	0.01856	0.04892	0.01518	0.01771	0.01181	0.01012	0.00675	0.00337	0.00843	0.00590	0.00675	0.01181
44	0.02261	0.01938	0.02261	0.01615	0.02584	0.01453	0.01292	0.02745	0.02261	0.03553	0.01938	0.02261	0.01615	0.00807	0.00807	0.00161	0.00807	0.00646	0.00646	0.68346
45	0.02712	0.02342	0.02465	0.02219	0.02835	0.02712	0.01726	0.05794	0.52909	0.04561	0.04438	0.04068	0.03328	0.01479	0.01109	0.00370	0.00863	0.01233	0.01109	0.01726
46	0.01374	0.00984	0.01306	0.01487	0.01592	0.00916	0.01016	0.01634	0.02302	0.03124	0.16362	0.49646	0.07871	0.03162	0.01369	0.00421	0.00607	0.02858	0.01052	0.00916
47	0.02780	0.02400	0.02629	0.02317	0.02879	0.02836	0.01830	0.08791	0.43281	0.04503	0.03946	0.03761	0.02994	0.01518	0.01401	0.00379	0.07870	0.01181	0.01033	0.01672
48	0.01596	0.01101	0.01380	0.01501	0.01590	0.01090	0.01063	0.01785	0.01959	0.02586	0.04599	0.17806	0.05233	0.33536	0.03586	0.00780	0.00969	0.16208	0.00827	0.00806
49	0.02297	0.02195	0.03639	0.36047	0.21741	0.02584	0.03051	0.02942	0.02214	0.03009	0.01913	0.02780	0.01536	0.01150	0.01382	0.00365	0.08317	0.00968	0.00501	0.01370
50	0.01372	0.01089	0.01233	0.01236	0.01534	0.00950	0.00912	0.01712	0.02624	0.03368	0.23825	0.15759	0.35178	0.02674	0.01300	0.00369	0.00550	0.02294	0.01071	0.00950
51	0.02619	0.08444	0.03313	0.14615	0.03777	0.06498	0.02272	0.02988	0.02091	0.07339	0.02185	0.07215	0.02006	0.01652	0.02183	0.00400	0.27457	0.01087	0.00603	0.01256
52	0.03389	0.03472	0.15895	0.03465	0.12521	0.02862	0.06330	0.24846	0.03674	0.09152	0.02472	0.02669	0.01775	0.01163	0.01091	0.00335	0.01337	0.00971	0.00832	0.01748
53	0.01660	0.01295	0.01852	0.01796	0.01937	0.01550	0.01374	0.01971	0.01716	0.02477	0.02825	0.04506	0.02767	0.15843	0.42833	0.01492	0.09366	0.01208	0.00583	0.00950
54	0.03943	0.02954	0.03158	0.02468	0.03304	0.03287	0.02024	0.44834	0.11865	0.06546	0.02874	0.02822	0.02062	0.01333	0.01093	0.00333	0.01152	0.01017	0.01093	0.01836
55	0.01328	0.00949	0.01265	0.01518	0.01581	0.00886	0.01012	0.01518	0.02088	0.02783	0.06010	0.60969	0.07212	0.03416	0.01392	0.00443	0.00633	0.03100	0.01012	0.00886
56	0.02916	0.02009	0.07512	0.01874	0.02541	0.01585	0.01684	0.07399	0.02960	0.20973	0.10130	0.06817	0.15787	0.01986	0.01217	0.00371	0.00909	0.08836	0.01090	0.01404
57	0.02231	0.02216	0.03255	0.54254	0.07156	0.07112	0.02949	0.02920	0.02258	0.02776	0.01916	0.02827	0.01449	0.01093	0.01081	0.00356	0.01497	0.00946	0.00491	0.01216
58	0.02612	0.38700	0.26691	0.02383	0.03599	0.03571	0.02767	0.03343	0.02252	0.02935	0.01700	0.01980	0.01392	0.00976	0.00840	0.00280	0.01352	0.00676	0.00464	0.01488
59	0.01543	0.01115	0.01457	0.01372	0.01629	0.01029	0.01029	0.02058	0.03086	0.04372	0.54304	0.08145	0.10288	0.02229	0.01286	0.00343	0.00514	0.01972	0.01200	0.01029
60	0.02735	0.01979	0.03358	0.02989	0.08492	0.01880	0.14611	0.03491	0.06673	0.15247	0.10726	0.15088	0.04287	0.01727	0.01229	0.00368	0.01087	0.01651	0.00951	0.01430
61	0.09248	0.02188	0.02804	0.02502	0.08178	0.02119	0.01843	0.14090	0.03362	0.36895	0.03533	0.03248	0.02320	0.01278	0.01063	0.00334	0.01013	0.01024	0.01166	0.01793
62	0.03857	0.02077	0.02508	0.02031	0.02756	0.02086	0.01640	0.12496	0.15234	0.29539	0.09996	0.04145	0.03612	0.01478	0.01121	0.00344	0.00908	0.01214	0.01233	0.01727
63	0.02586	0.02503	0.05193	0.03825	0.04729	0.02333	0.37829	0.03336	0.02544	0.08361	0.03044	0.12749	0.02687	0.01379	0.01286	0.00377	0.01549	0.01573	0.00705	0.01409
64	0.02658	0.02316	0.04126	0.11909	0.17686	0.02239	0.16808	0.03321	0.02523	0.09553	0.03199	0.03627	0.06815	0.01174	0.01141	0.00334	0.01321	0.01178	0.00686	0.07385
65	0.02866	0.03243	0.03198	0.36536	0.05852	0.24398	0.02659	0.03414	0.02544	0.02739	0.01837	0.02530	0.01434	0.01104	0.01047	0.00330	0.01659	0.00862	0.00515	0.01232
66	0.02261	0.01938	0.02261	0.01615	0.02584	0.01453	0.01292	0.02745	0.02261	0.03553	0.01938	0.02261	0.01615	0.00807	0.00807	0.00161	0.00807	0.00646	0.00646	0.68346
67	0.02124	0.02005	0.03388	0.53707	0.12352	0.02440	0.03061	0.02843	0.02211	0.02865	0.01950	0.02886	0.01481	0.01078	0.01089	0.00359	0.01437	0.00969	0.00490	0.01264
68	0.03286	0.02386	0.02617	0.02191	0.02811	0.10536	0.05509	0.08705	0.06764	0.17404	0.08846	0.04933	0.06733	0.01600	0.01134	0.00343	0.01096	0.05294	0.06371	0.01441
69	0.02240	0.01938	0.02364	0.07487	0.03087	0.01553	0.01469	0.02750	0.02253	0.03475	0.01938	0.02327	0.01598	0.00836	0.00836	0.00182	0.00874	0.00679	0.00629	0.61484
70	0.09994	0.02582	0.08106	0.02913	0.07333	0.02241	0.12607	0.09361	0.02930	0.16475	0.07613	0.03344	0.02682	0.01209	0.01086	0.00331	0.01189	0.01091	0.00877	0.06035
71	0.03563	0.03353	0.03483	0.04087	0.22723	0.20297	0.02473	0.07955	0.07018	0.10767	0.02478	0.02703	0.01894	0.01140	0.01054	0.00316	0.01421	0.00923	0.00748	0.01604
72	0.03512	0.01728	0.02285	0.02026	0.02626	0.01640	0.01715	0.08738	0.03072	0.28872	0.04741	0.07171	0.04100	0.02037	0.01266	0.00405	0.00987	0.20397	0.01179	0.01501
73	0.01714	0.01011	0.01285	0.01285	0.01285	0.01011	0.00780	0.01517	0.01517	0.02023	0.02794	0.05546	0.03103	0.37607	0.05014	0.29009	0.01011	0.01320	0.00583	0.00583
74	0.01861	0.01614	0.02502	0.09819	0.16427	0.01714	0.01976	0.02239	0.02169	0.02976	0.04117	0.34034	0.04620	0.02375	0.01449	0.00405	0.05636	0.02114	0.00782	0.01171
75	0.18061	0.02937	0.02742	0.02252	0.03003	0.08567	0.01818	0.27652	0.12987	0.05587	0.02618	0.02634	0.01933	0.01257	0.00993	0.00333	0.01139	0.00914	0.00950	0.01624
76	0.02536	0.01969	0.02304	0.01701	0.02626	0.01587	0.01361	0.03263	0.07182	0.08238	0.02385	0.02562	0.01874	0.00920	0.00862	0.00197	0.00823	0.00742	0.00752	0.56116
77	0.02530	0.01930	0.02289	0.01648	0.02604	0.01469	0.01324	0.03008	0.02349	0.08877	0.02180	0.02409	0.01726	0.00863	0.00837	0.00179	0.00820	0.00692	0.00718	0.61550
78	0.01328	0.00949	0.01265	0.01518	0.01581	0.00886	0.01012	0.01518	0.02088	0.02783	0.06010	0.60969	0.07212	0.03416	0.01392	0.00443	0.00633	0.03100	0.01012	0.00886
79	0.01543	0.01115	0.01457	0.01372	0.01629	0.01029	0.01029	0.02058	0.03086	0.04372	0.54304	0.08145	0.10288	0.02229	0.01286	0.00343	0.00514	0.01972	0.01200	0.01029
80	0.01521	0.01114	0.01427	0.01349	0.01616	0.01020	0.01012	0.02016	0.03035	0.04251	0.50608	0.08345	0.14060	0.02275	0.01286	0.00345	0.00518	0.02000	0.01184	0.01020
81	0.01500	0.01072	0.01462	0.01715	0.01853	0.01034	0.01311	0.01815	0.02257	0.02976	0.05915	0.41464	0.06836	0.03254	0.01438	0.00467	0.00781	0.20910	0.01009	0.00933
82	0.04073	0.05197	0.03090	0.02809	0.03371	0.57303	0.02107	0.04354	0.03090	0.02669	0.01685	0.01966	0.01404	0.01124	0.00983	0.00281	0.01966	0.00702	0.00562	0.01264
83	0.18073	0.04535	0.02771	0.02514	0.03100	0.45544	0.01908	0.04108	0.02825	0.03145	0.01650	0.01924	0.01357	0.01100	0.00917	0.00293	0.01726	0.00678	0.00586	0.01246
84	0.01586	0.01057	0.01189	0.01189	0.01189	0.01057	0.00661	0.01586	0.01586	0.02114	0.03436	0.07135	0.03964	0.61681	0.05550	0.01057	0.01057	0.01586	0.00661	0.00661
85	0.43201	0.02413	0.02576	0.02085	0.02845	0.02689	0.07305	0.12952	0.06679	0.05091	0.02051	0.02262	0.01542	0.01097	0.00865	0.00342	0.01034	0.00802	0.00777	0.01392
86	0.24173	0.20261	0.03623	0.02809	0.13395	0.03129	0.01954	0.07039	0.07551	0.04035	0.02007	0.02253	0.01628	0.01050	0.00841	0.00306	0.01061	0.00761	0.00660	0.01464

[dist]
# distance from previous block
# <min> <max>
1	4

[block]
# block no. 1 follows, 12 sequences, length 39
# corresponding to MSA columns:
# 169-207
name=unknown_B
#
# <colnr> <probs for GDERKNQSTAVLIFYWHMCP>
#	G	D	E	R	K	N	Q	S	T	A	V	L	I	F	Y	W	H	M	C	P
0	0.02851	0.11618	0.30654	0.02552	0.03822	0.02587	0.02901	0.08366	0.02679	0.10774	0.02283	0.02450	0.01638	0.01065	0.00979	0.00306	0.01324	0.00815	0.00667	0.09669
1	0.02793	0.02942	0.12705	0.02918	0.03552	0.02781	0.08987	0.03690	0.08620	0.11062	0.02438	0.02857	0.01883	0.01485	0.02143	0.00405	0.25544	0.01030	0.00695	0.01470
2	0.01878	0.01690	0.03011	0.02929	0.08103	0.01616	0.14183	0.02368	0.02344	0.03148	0.04589	0.29652	0.05037	0.02445	0.01359	0.00425	0.01089	0.12146	0.00845	0.01145
3	0.02511	0.02440	0.04276	0.20995	0.37624	0.02558	0.07280	0.03204	0.02407	0.03342	0.02033	0.02777	0.01645	0.01000	0.01100	0.00338	0.01385	0.00997	0.00525	0.01563
4	0.01328	0.00949	0.01265	0.01518	0.01581	0.00886	0.01012	0.01518	0.02088	0.02783	0.06010	0.60969	0.07212	0.03416	0.01392	0.00443	0.00633	0.03100	0.01012	0.00886
5	0.03828	0.01730	0.02209	0.01836	0.02488	0.01619	0.01462	0.04627	0.10356	0.36140	0.04464	0.11066	0.03375	0.01623	0.01103	0.00347	0.00839	0.01363	0.07896	0.01629
6	0.03711	0.02119	0.02495	0.02091	0.02812	0.02204	0.01669	0.05574	0.30099	0.27960	0.04375	0.03905	0.03040	0.01420	0.01104	0.00355	0.00893	0.01170	0.01219	0.01785
7	0.02298	0.01672	0.01884	0.01694	0.02163	0.01705	0.01307	0.09199	0.14259	0.08025	0.16955	0.12073	0.18087	0.02134	0.01219	0.00363	0.00732	0.01812	0.01110	0.01309
8	0.02193	0.01812	0.02020	0.01919	0.02373	0.01988	0.01497	0.04110	0.31013	0.04099	0.12744	0.10502	0.09353	0.02039	0.01222	0.00388	0.00785	0.07449	0.01094	0.01399
9	0.01547	0.01041	0.01201	0.01238	0.01248	0.01031	0.00713	0.01576	0.01661	0.02214	0.03821	0.15190	0.04450	0.52963	0.04928	0.00965	0.00994	0.01812	0.00713	0.00694
10	0.02574	0.02941	0.06434	0.04596	0.05699	0.02757	0.50919	0.03493	0.02574	0.03493	0.02206	0.02941	0.01654	0.00919	0.01287	0.00368	0.01838	0.01287	0.00551	0.01471
11	0.12360	0.04805	0.02901	0.02634	0.03211	0.50342	0.01989	0.04208	0.02933	0.02951	0.01664	0.01942	0.01376	0.01109	0.00944	0.00288	0.01824	0.00688	0.00576	0.01253
12	0.02006	0.01206	0.01609	0.01710	0.01986	0.01125	0.01341	0.02348	0.02428	0.10873	0.06175	0.30471	0.10924	0.02901	0.01377	0.00440	0.00798	0.18146	0.01060	0.01075
13	0.01586	0.01057	0.01189	0.01189	0.01189	0.01057	0.00661	0.01586	0.01586	0.02114	0.03436	0.07135	0.03964	0.61681	0.05550	0.01057	0.01057	0.01586	0.00661	0.00661
14	0.02261	0.01938	0.02261	0.01615	0.02584	0.01453	0.01292	0.02745	0.02261	0.03553	0.01938	0.02261	0.01615	0.00807	0.00807	0.00161	0.00807	0.00646	0.00646	0.68346
15	0.04535	0.01867	0.02494	0.01896	0.02756	0.01582	0.01560	0.04965	0.03004	0.48568	0.03981	0.03514	0.02552	0.01276	0.01057	0.00314	0.00911	0.01035	0.01254	0.10877
16	0.01319	0.01086	0.01160	0.01184	0.01502	0.00927	0.00872	0.01608	0.02495	0.03067	0.14724	0.16664	0.44038	0.02791	0.01301	0.00375	0.00559	0.02370	0.01031	0.00927
17	0.04073	0.05197	0.03090	0.02809	0.03371	0.57303	0.02107	0.04354	0.03090	0.02669	0.01685	0.01966	0.01404	0.01124	0.00983	0.00281	0.01966	0.00702	0.00562	0.01264
18	0.01543	0.01115	0.01457	0.01372	0.01629	0.01029	0.01029	0.02058	0.03086	0.04372	0.54304	0.08145	0.10288	0.02229	0.01286	0.00343	0.00514	0.01972	0.01200	0.01029
19	0.02550	0.02418	0.04660	0.26697	0.11124	0.02519	0.23074	0.03327	0.02446	0.07096	0.02238	0.02960	0.01658	0.01026	0.01172	0.00359	0.01560	0.01112	0.00583	0.01420
20	0.02838	0.02507	0.03551	0.11445	0.26425	0.02722	0.02656	0.11135	0.17120	0.04242	0.02797	0.03101	0.02165	0.01181	0.01091	0.00342	0.01179	0.01047	0.00777	0.01680
21	0.03007	0.02050	0.02339	0.01997	0.02599	0.02188	0.01578	0.11554	0.24331	0.13758	0.16906	0.04832	0.04780	0.01623	0.01150	0.00351	0.00835	0.01361	0.01172	0.01589
22	0.02661	0.02642	0.04073	0.17861	0.40680	0.06628	0.03184	0.03299	0.02462	0.03326	0.01999	0.02690	0.01643	0.01009	0.01075	0.00329	0.01380	0.00951	0.00529	0.01580
23	0.01322	0.00972	0.01241	0.01456	0.01565	0.00891	0.00985	0.01525	0.02147	0.02808	0.06763	0.53417	0.14277	0.03318	0.01376	0.00432	0.00621	0.02980	0.01012	0.00891
24	0.13722	0.02854	0.03169	0.02879	0.09726	0.03141	0.02101	0.37978	0.04302	0.06156	0.02381	0.02501	0.01737	0.01222	0.01027	0.00328	0.01159	0.00922	0.00959	0.01737
25	0.03772	0.02658	0.02906	0.02337	0.03121	0.02921	0.01895	0.30059	0.20647	0.12655	0.03445	0.03244	0.02455	0.01371	0.01098	0.00343	0.01052	0.01080	0.01132	0.01812
26	0.02033	0.01016	0.01016	0.01016	0.01270	0.01016	0.00762	0.02541	0.02287	0.04065	0.03557	0.04065	0.02795	0.01270	0.00762	0.00254	0.00508	0.01016	0.67734	0.01016
27	0.02605	0.02854	0.05933	0.05119	0.17965	0.02716	0.39054	0.03456	0.02551	0.03510	0.02167	0.02881	0.01673	0.00932	0.01235	0.00357	0.01703	0.01208	0.00549	0.01535
28	0.02059	0.01938	0.03270	0.59060	0.07510	0.02422	0.03028	0.02786	0.02180	0.02786	0.01938	0.02907	0.01453	0.01090	0.01090	0.00363	0.01453	0.00969	0.00484	0.01211
29	0.02379	0.01303	0.01702	0.01495	0.01911	0.01167	0.01159	0.02849	0.03044	0.17373	0.37848	0.07208	0.12078	0.02049	0.01238	0.00344	0.00623	0.01776	0.01223	0.01231
30	0.01498	0.01080	0.01417	0.01402	0.01619	0.00999	0.01025	0.01945	0.02878	0.04041	0.44223	0.19171	0.09646	0.02477	0.01308	0.00364	0.00539	0.02207	0.01161	0.00999
31	0.01328	0.00949	0.01265	0.01518	0.01581	0.00886	0.01012	0.01518	0.02088	0.02783	0.06010	0.60969	0.07212	0.03416	0.01392	0.00443	0.00633	0.03100	0.01012	0.00886
32	0.01427	0.01023	0.01299	0.01400	0.01530	0.00955	0.00953	0.01688	0.02329	0.03157	0.20017	0.34273	0.10667	0.11745	0.01976	0.00501	0.00656	0.02493	0.01014	0.00896
33	0.03085	0.45299	0.04913	0.02013	0.02896	0.03963	0.01881	0.11214	0.09111	0.03503	0.02062	0.02181	0.01716	0.01062	0.00814	0.00265	0.01133	0.00729	0.00647	0.01513
34	0.02477	0.01921	0.02451	0.09335	0.03058	0.06607	0.01851	0.02879	0.02110	0.10536	0.02639	0.03497	0.02223	0.04568	0.27663	0.01018	0.12248	0.01056	0.00665	0.01198
35	0.03469	0.40638	0.04676	0.02062	0.02922	0.11782	0.01877	0.07045	0.02683	0.10818	0.02034	0.02135	0.01626	0.01050	0.00828	0.00262	0.01253	0.00705	0.00656	0.01479
36	0.02872	0.02899	0.11804	0.09412	0.36778	0.02435	0.03188	0.03587	0.02520	0.10553	0.02334	0.02792	0.01787	0.01041	0.01076	0.00332	0.01305	0.00963	0.00634	0.01689
37	0.02584	0.11926	0.35206	0.03292	0.11016	0.02709	0.03332	0.03704	0.05640	0.07313	0.02248	0.02504	0.01654	0.01066	0.01008	0.00329	0.01413	0.00849	0.00580	0.01626
38	0.03255	0.03033	0.10748	0.02427	0.03292	0.02825	0.02175	0.20234	0.26241	0.08750	0.03463	0.03306	0.02512	0.01348	0.01091	0.00350	0.01089	0.01077	0.01023	0.01760

[dist]
# distance from previous block
# <min> <max>
1	34

[block]
# block no. 2 follows, 12 sequences, length 44
# corresponding to MSA columns:
# 242-271,273-286
name=unknown_C
#
# <colnr> <probs for GDERKNQSTAVLIFYWHMCP>
#	G	D	E	R	K	N	Q	S	T	A	V	L	I	F	Y	W	H	M	C	P
0	0.01964	0.01741	0.02644	0.29057	0.09675	0.01971	0.02244	0.02779	0.07224	0.03259	0.10475	0.11719	0.07457	0.01691	0.01171	0.00368	0.01083	0.01501	0.00753	0.01223
1	0.01453	0.01099	0.01263	0.01251	0.01464	0.01036	0.00870	0.01687	0.02184	0.02819	0.13427	0.08301	0.25633	0.22269	0.09856	0.00763	0.01013	0.01882	0.00870	0.00859
2	0.02757	0.02465	0.03883	0.26039	0.05514	0.02663	0.13344	0.16032	0.03072	0.04122	0.02182	0.02774	0.01622	0.01084	0.01107	0.00335	0.01409	0.01013	0.00679	0.07903
3	0.01509	0.01050	0.01322	0.01431	0.01520	0.01016	0.00970	0.01708	0.02081	0.02799	0.11535	0.27104	0.06262	0.25669	0.02994	0.00673	0.00826	0.07796	0.00901	0.00833
4	0.02059	0.01938	0.03270	0.59060	0.07510	0.02422	0.03028	0.02786	0.02180	0.02786	0.01938	0.02907	0.01453	0.01090	0.01090	0.00363	0.01453	0.00969	0.00484	0.01211
5	0.02425	0.02501	0.03983	0.03223	0.03453	0.03219	0.12482	0.02805	0.01858	0.02805	0.01592	0.02501	0.01478	0.01703	0.03102	0.00454	0.47651	0.01023	0.00493	0.01251
6	0.01567	0.01132	0.01568	0.01568	0.01699	0.01263	0.01133	0.01829	0.01698	0.02395	0.03089	0.05216	0.03131	0.25681	0.40411	0.01525	0.02311	0.01305	0.00609	0.00871
7	0.19190	0.02747	0.02890	0.02303	0.03017	0.03157	0.01904	0.33753	0.03917	0.05863	0.02208	0.02390	0.01642	0.01316	0.01313	0.00349	0.08629	0.00887	0.00915	0.01612
8	0.01380	0.01108	0.01232	0.01201	0.01529	0.00959	0.00901	0.01742	0.02702	0.03460	0.26629	0.09647	0.38533	0.02570	0.01288	0.00359	0.00539	0.02183	0.01080	0.00959
9	0.09382	0.10622	0.03084	0.02175	0.02917	0.14889	0.01783	0.15176	0.03360	0.17602	0.06356	0.02972	0.02468	0.01272	0.00998	0.00309	0.01218	0.00937	0.00932	0.01548
10	0.03235	0.01473	0.01983	0.01684	0.02216	0.01304	0.01321	0.03658	0.02969	0.30505	0.22057	0.13027	0.05970	0.01938	0.01203	0.00354	0.00743	0.01675	0.01251	0.01434
11	0.03397	0.01770	0.02693	0.02608	0.09332	0.01609	0.05226	0.03836	0.02756	0.29564	0.07467	0.17149	0.04037	0.01808	0.01189	0.00363	0.00946	0.01617	0.01099	0.01532
12	0.02261	0.01938	0.02261	0.01615	0.02584	0.01453	0.01292	0.02745	0.02261	0.03553	0.01938	0.02261	0.01615	0.00807	0.00807	0.00161	0.00807	0.00646	0.00646	0.68346
13	0.03633	0.02516	0.02790	0.02235	0.02976	0.02725	0.01813	0.30303	0.13862	0.12371	0.09745	0.03740	0.03318	0.01464	0.01120	0.00339	0.01013	0.01171	0.01142	0.01725
14	0.60817	0.02171	0.01965	0.02109	0.08887	0.02465	0.01459	0.03223	0.01936	0.04721	0.01587	0.01890	0.01251	0.01007	0.00727	0.00336	0.00902	0.00639	0.00657	0.01251
15	0.10875	0.01548	0.01777	0.01639	0.02063	0.01587	0.01254	0.03258	0.12424	0.10733	0.24003	0.14201	0.06329	0.02001	0.01166	0.00362	0.00695	0.01716	0.01105	0.01266
16	0.03489	0.11132	0.03500	0.07475	0.07322	0.20555	0.02181	0.16297	0.10233	0.04074	0.02330	0.02527	0.01812	0.01182	0.01008	0.00309	0.01423	0.00874	0.00753	0.01526
17	0.02750	0.02506	0.04008	0.17953	0.37199	0.02660	0.03102	0.09713	0.02773	0.03835	0.02102	0.02735	0.01683	0.01044	0.01083	0.00333	0.01318	0.00972	0.00602	0.01628
18	0.03662	0.03173	0.03466	0.03615	0.16421	0.13504	0.02390	0.20728	0.03525	0.09486	0.02338	0.02594	0.01774	0.01249	0.01310	0.00333	0.07044	0.00933	0.00812	0.01643
19	0.01349	0.01008	0.01254	0.01402	0.01563	0.00913	0.00972	0.01603	0.02317	0.03040	0.13835	0.41987	0.18581	0.03101	0.01353	0.00412	0.00598	0.02759	0.01038	0.00913
20	0.02555	0.02444	0.04166	0.18458	0.44237	0.02553	0.03275	0.03220	0.02415	0.03388	0.02026	0.02745	0.01666	0.00998	0.01082	0.00333	0.01331	0.00971	0.00527	0.01611
21	0.08820	0.02580	0.03930	0.04470	0.26593	0.02614	0.08473	0.13246	0.03065	0.11895	0.02467	0.02782	0.01840	0.01091	0.01076	0.00333	0.01252	0.00999	0.00781	0.01695
22	0.01383	0.00988	0.01328	0.01581	0.01669	0.00933	0.01108	0.01613	0.02142	0.02845	0.05979	0.54717	0.07091	0.03364	0.01406	0.00450	0.00680	0.08808	0.01011	0.00901
23	0.01372	0.00982	0.01304	0.01489	0.01591	0.00914	0.01015	0.01626	0.02288	0.03102	0.15697	0.50373	0.07829	0.03178	0.01371	0.00423	0.00609	0.02873	0.01050	0.00914
24	0.07896	0.02296	0.03462	0.03176	0.10020	0.02330	0.12221	0.07551	0.12536	0.13789	0.03474	0.04433	0.02790	0.01434	0.01161	0.00370	0.01177	0.07398	0.00917	0.01569
25	0.02744	0.02363	0.03312	0.29392	0.10234	0.02788	0.02637	0.15490	0.07801	0.04062	0.02321	0.02881	0.01761	0.01240	0.01297	0.00360	0.06143	0.00997	0.00704	0.01474
26	0.02473	0.02478	0.03646	0.35740	0.23245	0.07825	0.03047	0.03130	0.02372	0.03039	0.01952	0.02744	0.01542	0.01053	0.01076	0.00342	0.01450	0.00944	0.00511	0.01392
27	0.12008	0.07115	0.18378	0.08441	0.09036	0.09459	0.05828	0.03703	0.02471	0.10521	0.02178	0.02484	0.01595	0.01072	0.00994	0.00329	0.01402	0.00853	0.00639	0.01493
28	0.01910	0.01164	0.01542	0.01483	0.01763	0.01063	0.01097	0.02325	0.02821	0.10448	0.34912	0.21853	0.08494	0.02438	0.01291	0.00369	0.00599	0.02165	0.01168	0.01095
29	0.02261	0.01938	0.02261	0.01615	0.02584	0.01453	0.01292	0.02745	0.02261	0.03553	0.01938	0.02261	0.01615	0.00807	0.00807	0.00161	0.00807	0.00646	0.00646	0.68346
30	0.03183	0.49093	0.05105	0.02084	0.02931	0.16596	0.01922	0.03517	0.02418	0.02589	0.01555	0.01799	0.01400	0.00977	0.00765	0.00244	0.01352	0.00611	0.00489	0.01368
31	0.01478	0.01056	0.01437	0.01689	0.01818	0.01014	0.01272	0.01777	0.02235	0.02951	0.05927	0.43993	0.06885	0.03275	0.01432	0.00463	0.00762	0.18601	0.01009	0.00927
32	0.54866	0.02666	0.09119	0.01750	0.02568	0.02535	0.01641	0.07221	0.02187	0.04861	0.01669	0.01913	0.01264	0.01040	0.00758	0.00338	0.00977	0.00652	0.00680	0.01295
33	0.11694	0.12299	0.10721	0.18752	0.07683	0.02960	0.02565	0.09713	0.02541	0.03726	0.01875	0.02390	0.01469	0.01138	0.01170	0.00339	0.06129	0.00835	0.00591	0.01411
34	0.01855	0.01212	0.01556	0.01641	0.01875	0.01187	0.01254	0.02378	0.05568	0.06621	0.11921	0.25416	0.06290	0.06983	0.01629	0.00465	0.00772	0.14461	0.05873	0.01044
35	0.03293	0.02272	0.03888	0.14945	0.08350	0.02270	0.15590	0.04191	0.07578	0.21543	0.03083	0.03293	0.02143	0.01162	0.01147	0.00353	0.01308	0.01126	0.00868	0.01594
36	0.02915	0.62337	0.05714	0.01866	0.02799	0.04314	0.01866	0.03265	0.02215	0.02565	0.01516	0.01749	0.01399	0.00933	0.00700	0.00233	0.01166	0.00583	0.00466	0.01399
37	0.01486	0.01112	0.01378	0.01311	0.01594	0.01004	0.00984	0.01946	0.02951	0.04050	0.44534	0.08675	0.20259	0.02349	0.01287	0.00349	0.00523	0.02046	0.01158	0.01004
38	0.10754	0.02554	0.02857	0.02210	0.03054	0.02684	0.01826	0.30916	0.04125	0.23292	0.03084	0.02908	0.02076	0.01294	0.01052	0.00332	0.01072	0.00983	0.01138	0.01789
39	0.02399	0.22155	0.41374	0.02746	0.04160	0.03051	0.03399	0.03398	0.02277	0.03194	0.01828	0.02141	0.01386	0.01006	0.00938	0.00313	0.01482	0.00741	0.00462	0.01550
40	0.01603	0.01032	0.01228	0.01252	0.01258	0.01026	0.00733	0.01557	0.01612	0.02149	0.03474	0.11797	0.03996	0.48227	0.04975	0.10110	0.01001	0.01645	0.00669	0.00657
41	0.01482	0.01035	0.01294	0.01359	0.01457	0.00988	0.00893	0.01699	0.02201	0.03010	0.19169	0.26592	0.06962	0.23623	0.02828	0.00630	0.00748	0.02237	0.00943	0.00848
42	0.02519	0.10131	0.08145	0.09949	0.03600	0.02738	0.02147	0.04544	0.30493	0.03852	0.03597	0.04127	0.02884	0.01441	0.01081	0.00360	0.01066	0.04911	0.00871	0.01544
43	0.11350	0.02485	0.03791	0.19461	0.18312	0.02701	0.09182	0.12466	0.02842	0.04149	0.02082	0.02655	0.01596	0.01068	0.01061	0.00343	0.01336	0.00967	0.00650	0.01504

[dist]
# distance from previous block
# <min> <max>
4	10

[block]
# block no. 3 follows, 12 sequences, length 21
# corresponding to MSA columns:
# 297-317
name=unknown_D
#
# <colnr> <probs for GDERKNQSTAVLIFYWHMCP>
#	G	D	E	R	K	N	Q	S	T	A	V	L	I	F	Y	W	H	M	C	P
0	0.03932	0.13307	0.03694	0.02398	0.03281	0.03543	0.02037	0.42946	0.04623	0.06127	0.02427	0.02468	0.01776	0.01244	0.01023	0.00311	0.01194	0.00913	0.00983	0.01776
1	0.02267	0.19722	0.33401	0.02482	0.03681	0.02739	0.02943	0.03162	0.02415	0.03379	0.10894	0.03168	0.02926	0.01215	0.00991	0.00316	0.01305	0.00949	0.00590	0.01455
2	0.04145	0.03054	0.03272	0.02509	0.03381	0.03381	0.02072	0.51243	0.05127	0.06872	0.02618	0.02618	0.01854	0.01309	0.01091	0.00327	0.01200	0.00982	0.01091	0.01854
3	0.02313	0.15445	0.47329	0.02893	0.04387	0.02840	0.03654	0.03421	0.02287	0.03300	0.01880	0.02206	0.01384	0.01018	0.00978	0.00326	0.01534	0.00767	0.00461	0.01575
4	0.58100	0.02272	0.01891	0.01620	0.02329	0.02608	0.01335	0.11513	0.02421	0.05234	0.01708	0.01918	0.01297	0.01063	0.00747	0.00336	0.00905	0.00658	0.00747	0.01297
5	0.02538	0.11341	0.43296	0.02891	0.04327	0.02841	0.03525	0.10096	0.02687	0.03835	0.02002	0.02287	0.01449	0.01063	0.01008	0.00331	0.01506	0.00806	0.00549	0.01623
6	0.02672	0.43388	0.22530	0.02281	0.03440	0.03719	0.02589	0.03328	0.02244	0.02862	0.01663	0.01934	0.01393	0.00967	0.00812	0.00271	0.01315	0.00657	0.00464	0.01470
7	0.03993	0.20756	0.03496	0.01882	0.02767	0.02434	0.01652	0.04399	0.02746	0.33489	0.03179	0.02943	0.02177	0.01161	0.00942	0.00286	0.00989	0.00888	0.00998	0.08822
8	0.02701	0.09802	0.24706	0.02287	0.03405	0.02179	0.02505	0.03485	0.02534	0.13190	0.08768	0.03215	0.02762	0.01190	0.01002	0.00300	0.01163	0.00952	0.00749	0.13104
9	0.03572	0.02996	0.06756	0.03440	0.12500	0.09204	0.09501	0.10931	0.08480	0.17060	0.02922	0.03010	0.02089	0.01182	0.01105	0.00335	0.01325	0.01036	0.00880	0.01675
10	0.03589	0.02481	0.02911	0.10209	0.03695	0.02737	0.02023	0.23423	0.17724	0.14516	0.03338	0.03263	0.02364	0.01333	0.01097	0.00346	0.01091	0.01071	0.01058	0.01729
11	0.02168	0.01982	0.03303	0.45695	0.15239	0.02347	0.02915	0.02865	0.02240	0.03015	0.02078	0.02957	0.01600	0.01083	0.01064	0.00348	0.01356	0.00973	0.05486	0.01286
12	0.01543	0.01115	0.01457	0.01372	0.01629	0.01029	0.01029	0.02058	0.03086	0.04372	0.54304	0.08145	0.10288	0.02229	0.01286	0.00343	0.00514	0.01972	0.01200	0.01029
13	0.02444	0.07721	0.23851	0.03328	0.04394	0.02853	0.17435	0.03627	0.08552	0.03428	0.02236	0.02687	0.01712	0.01171	0.01452	0.00366	0.09654	0.01009	0.00571	0.01511
14	0.01463	0.01131	0.01529	0.01689	0.01744	0.01197	0.01187	0.01659	0.02035	0.02763	0.05428	0.53530	0.06478	0.03225	0.01669	0.00447	0.08131	0.02827	0.00944	0.00925
15	0.03759	0.02106	0.02973	0.02286	0.03135	0.01955	0.07844	0.04800	0.13160	0.30789	0.03713	0.03472	0.02535	0.01241	0.01080	0.00322	0.01012	0.01082	0.01095	0.11640
16	0.02496	0.03300	0.14689	0.04367	0.11529	0.02596	0.32701	0.03409	0.02490	0.03499	0.02121	0.02744	0.01612	0.00938	0.01179	0.00342	0.01649	0.01112	0.00541	0.06686
17	0.02764	0.46387	0.13267	0.02397	0.03452	0.03852	0.08415	0.03322	0.02274	0.02815	0.01669	0.01982	0.01429	0.00946	0.00824	0.00267	0.01317	0.00705	0.00476	0.01440
18	0.01994	0.01201	0.01571	0.01601	0.01860	0.01146	0.01207	0.02284	0.02257	0.10605	0.05615	0.22713	0.11364	0.11660	0.08806	0.00675	0.01074	0.10372	0.00959	0.01035
19	0.32481	0.13454	0.02916	0.02006	0.02720	0.17270	0.01655	0.09617	0.02657	0.04158	0.01701	0.01926	0.01363	0.01065	0.00813	0.00303	0.01239	0.00668	0.00662	0.01326
20	0.02572	0.02029	0.03289	0.40819	0.11528	0.02387	0.02803	0.03209	0.02314	0.10694	0.02263	0.02965	0.01666	0.01177	0.01275	0.00364	0.05681	0.00987	0.00618	0.01361

[dist]
# distance from previous block
# <min> <max>
1	3

[block]
# block no. 4 follows, 12 sequences, length 38
# corresponding to MSA columns:
# 321-347,351-361
name=unknown_E
#
# <colnr> <probs for GDERKNQSTAVLIFYWHMCP>
#	G	D	E	R	K	N	Q	S	T	A	V	L	I	F	Y	W	H	M	C	P
0	0.02595	0.02144	0.03276	0.07819	0.12807	0.02268	0.07183	0.07826	0.02745	0.07509	0.11016	0.04371	0.03485	0.01526	0.01514	0.00360	0.09613	0.04802	0.00793	0.06348
1	0.08702	0.02262	0.07191	0.02621	0.08360	0.01867	0.05407	0.04346	0.02852	0.33389	0.08550	0.03739	0.03068	0.01318	0.01091	0.00339	0.01039	0.01124	0.01072	0.01662
2	0.09386	0.11271	0.03342	0.02602	0.08523	0.06779	0.01945	0.15675	0.03301	0.22424	0.02825	0.02764	0.01981	0.01194	0.00993	0.00314	0.01139	0.00910	0.00958	0.01676
3	0.02688	0.02283	0.03145	0.35874	0.05735	0.02710	0.02583	0.15499	0.10866	0.04096	0.02501	0.03016	0.01848	0.01206	0.01093	0.00355	0.01297	0.01013	0.00735	0.01454
4	0.02577	0.02663	0.04876	0.08258	0.04908	0.02715	0.30896	0.04189	0.19034	0.03785	0.02915	0.03308	0.02187	0.01117	0.01213	0.00368	0.01487	0.01243	0.00729	0.01533
5	0.04225	0.02925	0.03192	0.02448	0.03317	0.03190	0.02022	0.46303	0.04911	0.12117	0.02799	0.02735	0.01945	0.01313	0.01091	0.00328	0.01171	0.00994	0.01119	0.01854
6	0.02221	0.02103	0.03562	0.45830	0.19477	0.02465	0.03108	0.02927	0.02257	0.02982	0.01967	0.02854	0.01523	0.01060	0.01087	0.00353	0.01414	0.00970	0.00498	0.01342
7	0.01414	0.01109	0.01278	0.01236	0.01549	0.00974	0.00927	0.01807	0.02781	0.03647	0.32299	0.09339	0.32746	0.02500	0.01287	0.00356	0.00534	0.02139	0.01105	0.00974
8	0.01937	0.01758	0.02793	0.30564	0.13831	0.01954	0.02383	0.02508	0.02337	0.03063	0.07655	0.10661	0.10867	0.01659	0.01165	0.00364	0.01130	0.01476	0.00684	0.01209
9	0.01328	0.00949	0.01265	0.01518	0.01581	0.00886	0.01012	0.01518	0.02088	0.02783	0.06010	0.60969	0.07212	0.03416	0.01392	0.00443	0.00633	0.03100	0.01012	0.00886
10	0.02442	0.02377	0.03594	0.03243	0.08840	0.06293	0.13459	0.06369	0.02341	0.03184	0.02316	0.03375	0.02064	0.07497	0.16366	0.00780	0.12473	0.01120	0.00594	0.01274
11	0.02187	0.05640	0.56031	0.03108	0.04719	0.02532	0.04029	0.03453	0.02302	0.03453	0.01957	0.02302	0.01381	0.01036	0.01036	0.00345	0.01611	0.00806	0.00460	0.01611
12	0.01385	0.01079	0.01258	0.01275	0.01547	0.00952	0.00933	0.01728	0.02621	0.03413	0.25199	0.19065	0.30250	0.02697	0.01307	0.00373	0.00554	0.02335	0.01078	0.00952
13	0.69383	0.02109	0.01603	0.01434	0.02109	0.02446	0.01181	0.03205	0.01856	0.04892	0.01518	0.01771	0.01181	0.01012	0.00675	0.00337	0.00843	0.00590	0.00675	0.01181
14	0.02261	0.01938	0.02261	0.01615	0.02584	0.01453	0.01292	0.02745	0.02261	0.03553	0.01938	0.02261	0.01615	0.00807	0.00807	0.00161	0.00807	0.00646	0.00646	0.68346
15	0.02059	0.01938	0.03270	0.59060	0.07510	0.02422	0.03028	0.02786	0.02180	0.02786	0.01938	0.02907	0.01453	0.01090	0.01090	0.00363	0.01453	0.00969	0.00484	0.01211
16	0.01561	0.01115	0.01533	0.01784	0.01950	0.01086	0.01417	0.01921	0.02317	0.03044	0.05881	0.34512	0.06702	0.03196	0.01454	0.00475	0.00835	0.27258	0.01008	0.00950
17	0.02396	0.21888	0.41611	0.02752	0.04169	0.03043	0.03409	0.03399	0.02277	0.03199	0.01830	0.02144	0.01386	0.01006	0.00940	0.00313	0.01484	0.00742	0.00462	0.01551
18	0.01405	0.01003	0.01353	0.01606	0.01702	0.00951	0.01145	0.01650	0.02163	0.02869	0.05967	0.52295	0.07045	0.03344	0.01412	0.00453	0.00699	0.11020	0.01011	0.00907
19	0.02187	0.05640	0.56031	0.03108	0.04719	0.02532	0.04029	0.03453	0.02302	0.03453	0.01957	0.02302	0.01381	0.01036	0.01036	0.00345	0.01611	0.00806	0.00460	0.01611
20	0.01358	0.00999	0.01273	0.01434	0.01573	0.00914	0.00988	0.01613	0.02309	0.03067	0.14636	0.45009	0.14566	0.03127	0.01359	0.00416	0.00602	0.02799	0.01043	0.00914
21	0.01495	0.01113	0.01391	0.01321	0.01600	0.01008	0.00991	0.01965	0.02973	0.04104	0.46158	0.08587	0.18602	0.02329	0.01287	0.00348	0.00522	0.02034	0.01165	0.01008
22	0.02699	0.02591	0.04426	0.06693	0.54879	0.02591	0.03346	0.03346	0.02483	0.03562	0.02051	0.02699	0.01727	0.00972	0.01079	0.00324	0.01295	0.00972	0.00540	0.01727
23	0.01498	0.01113	0.01394	0.01324	0.01601	0.01009	0.00993	0.01969	0.02979	0.04117	0.46560	0.08565	0.18191	0.02324	0.01286	0.00347	0.00521	0.02031	0.01167	0.01009
24	0.02266	0.05090	0.45926	0.03411	0.04919	0.02578	0.13583	0.03461	0.02357	0.03461	0.02007	0.02432	0.01437	0.01012	0.01087	0.00350	0.01658	0.00904	0.00479	0.01583
25	0.02262	0.11492	0.50838	0.02980	0.04521	0.02716	0.03805	0.03434	0.02293	0.03361	0.01911	0.02245	0.01383	0.01025	0.01001	0.00334	0.01565	0.00783	0.00461	0.01590
26	0.69383	0.02109	0.01603	0.01434	0.02109	0.02446	0.01181	0.03205	0.01856	0.04892	0.01518	0.01771	0.01181	0.01012	0.00675	0.00337	0.00843	0.00590	0.00675	0.01181
27	0.01875	0.01163	0.01588	0.01750	0.01968	0.01103	0.01359	0.02208	0.02359	0.08650	0.05736	0.36314	0.06370	0.03040	0.01403	0.00454	0.00805	0.19773	0.01045	0.01035
28	0.02121	0.07181	0.01489	0.01102	0.01424	0.01348	0.00873	0.02613	0.02279	0.03914	0.03352	0.03832	0.02654	0.01236	0.00756	0.00252	0.00574	0.00973	0.60971	0.01055
29	0.02559	0.31107	0.29001	0.02474	0.03700	0.03355	0.02867	0.03551	0.06230	0.03137	0.01951	0.02190	0.01542	0.01024	0.00889	0.00296	0.01351	0.00738	0.00514	0.01524
30	0.69383	0.02109	0.01603	0.01434	0.02109	0.02446	0.01181	0.03205	0.01856	0.04892	0.01518	0.01771	0.01181	0.01012	0.00675	0.00337	0.00843	0.00590	0.00675	0.01181
31	0.02774	0.02260	0.03119	0.43029	0.06236	0.07940	0.02678	0.03400	0.02442	0.12235	0.02335	0.02954	0.01671	0.01140	0.01080	0.00350	0.01412	0.00964	0.00647	0.01332
32	0.01543	0.01115	0.01457	0.01372	0.01629	0.01029	0.01029	0.02058	0.03086	0.04372	0.54304	0.08145	0.10288	0.02229	0.01286	0.00343	0.00514	0.01972	0.01200	0.01029
33	0.01365	0.00975	0.01307	0.01560	0.01639	0.00917	0.01076	0.01581	0.02124	0.02824	0.05989	0.56827	0.07132	0.03382	0.01401	0.00448	0.00664	0.06881	0.01011	0.00896
34	0.01573	0.01109	0.01451	0.01451	0.01542	0.01199	0.00987	0.01754	0.01663	0.02308	0.03196	0.05809	0.03388	0.36795	0.29648	0.01380	0.01924	0.01391	0.00625	0.00806
35	0.02385	0.02385	0.03340	0.02863	0.02863	0.03340	0.02385	0.02624	0.01670	0.02624	0.01431	0.02385	0.01431	0.01908	0.03578	0.00477	0.59685	0.00954	0.00477	0.01193
36	0.04079	0.02236	0.03445	0.03364	0.15135	0.02094	0.07345	0.08266	0.03072	0.34217	0.03426	0.03310	0.02297	0.01213	0.01113	0.00337	0.01132	0.01079	0.01057	0.01785
37	0.01776	0.01490	0.02172	0.02046	0.02189	0.01885	0.01633	0.02126	0.01731	0.02556	0.02527	0.03782	0.02384	0.06522	0.43155	0.01416	0.17913	0.01112	0.00556	0.01031

[dist]
# distance from previous block
# <min> <max>
0	176

# created by:
# /st0/software/busco_prod/Augustus/scripts/msa2prfl.pl ./align_prep/4993.fa
