[name]
unknown

[dist]
# distance from previous block
# <min> <max>
9	314

[block]
# block no. 0 follows, 14 sequences, length 53
# corresponding to MSA columns:
# 327-379
name=unknown_A
#
# <colnr> <probs for GDERKNQSTAVLIFYWHMCP>
#	G	D	E	R	K	N	Q	S	T	A	V	L	I	F	Y	W	H	M	C	P
0	0.03283	0.01974	0.05726	0.01875	0.02526	0.01740	0.01577	0.11788	0.07277	0.27572	0.04367	0.15785	0.06454	0.01728	0.01096	0.00341	0.00872	0.01457	0.01077	0.01485
1	0.02746	0.06111	0.02617	0.01947	0.02555	0.01860	0.06366	0.12501	0.02882	0.15341	0.08451	0.15603	0.08463	0.01729	0.01089	0.00323	0.00893	0.01504	0.00948	0.06072
2	0.02739	0.16333	0.15068	0.02075	0.02969	0.02535	0.02045	0.06786	0.14338	0.11104	0.06416	0.02998	0.02503	0.01162	0.00931	0.00291	0.01026	0.00913	0.00782	0.06986
3	0.21618	0.07280	0.10155	0.02022	0.02686	0.18315	0.01809	0.03268	0.02265	0.06616	0.02222	0.03259	0.01971	0.06340	0.01241	0.00367	0.01247	0.05502	0.00632	0.01187
4	0.20352	0.01765	0.01820	0.01525	0.02132	0.01736	0.01203	0.10101	0.02492	0.04056	0.07537	0.11216	0.08096	0.01484	0.00918	0.00286	0.00758	0.01191	0.00797	0.20534
5	0.02037	0.01502	0.01837	0.01934	0.06338	0.01551	0.01246	0.13498	0.02482	0.03336	0.03808	0.25384	0.04189	0.23155	0.02548	0.00579	0.00903	0.01820	0.00821	0.01033
6	0.24035	0.07492	0.11106	0.10080	0.03356	0.02372	0.01977	0.07047	0.05459	0.14513	0.02288	0.02425	0.01631	0.01067	0.00871	0.00315	0.01047	0.00788	0.00738	0.01391
7	0.45953	0.11110	0.09963	0.01716	0.02523	0.02639	0.01645	0.07937	0.02144	0.04297	0.01584	0.01808	0.01226	0.00972	0.00722	0.00304	0.00966	0.00617	0.00618	0.01255
8	0.11354	0.10200	0.02464	0.01643	0.02221	0.01797	0.05340	0.02457	0.02305	0.03534	0.20547	0.04303	0.04387	0.06440	0.01283	0.00326	0.00814	0.01136	0.00759	0.16690
9	0.02404	0.02079	0.03155	0.02422	0.03192	0.01980	0.16057	0.03613	0.16982	0.08008	0.03898	0.03949	0.09687	0.01257	0.01049	0.00300	0.01023	0.01177	0.00804	0.16964
10	0.03914	0.02279	0.03008	0.02987	0.14846	0.02278	0.02017	0.21183	0.03443	0.28724	0.03049	0.02936	0.02071	0.01179	0.01027	0.00312	0.01036	0.00970	0.01021	0.01720
11	0.03366	0.03853	0.07505	0.02740	0.07515	0.29709	0.02112	0.15049	0.03128	0.03648	0.01866	0.02108	0.01467	0.01038	0.00937	0.00267	0.01460	0.00741	0.00643	0.10850
12	0.03901	0.02874	0.03080	0.02361	0.03182	0.03182	0.01951	0.54111	0.04825	0.06468	0.02464	0.02464	0.01745	0.01232	0.01027	0.00308	0.01129	0.00924	0.01027	0.01745
13	0.01393	0.01030	0.01494	0.01575	0.01716	0.01131	0.01171	0.01696	0.01756	0.02463	0.03734	0.24105	0.03996	0.06178	0.40024	0.01232	0.02019	0.01716	0.00686	0.00888
14	0.01470	0.01085	0.01577	0.01577	0.01735	0.01243	0.01192	0.01786	0.01628	0.02328	0.02815	0.04400	0.02725	0.15416	0.52368	0.01559	0.02508	0.01153	0.00560	0.00876
15	0.02566	0.01295	0.01728	0.01480	0.01917	0.01159	0.01159	0.03019	0.02916	0.23232	0.38294	0.06192	0.07160	0.01806	0.01147	0.00321	0.00622	0.01565	0.01179	0.01243
16	0.02857	0.02356	0.02492	0.02150	0.02785	0.02695	0.01698	0.16451	0.44186	0.04784	0.03790	0.03520	0.02819	0.01356	0.01040	0.00339	0.00884	0.01107	0.01040	0.01652
17	0.07536	0.00991	0.01219	0.01422	0.01533	0.00966	0.00967	0.01572	0.01945	0.02798	0.05276	0.57728	0.06277	0.03012	0.01249	0.00408	0.00613	0.02705	0.00924	0.00859
18	0.39558	0.01712	0.01642	0.01418	0.01956	0.01822	0.01105	0.03182	0.01988	0.17396	0.02471	0.03212	0.02033	0.14631	0.01725	0.00464	0.00857	0.00877	0.00790	0.01164
19	0.01250	0.00893	0.01191	0.01429	0.01488	0.00834	0.00953	0.01429	0.01965	0.02620	0.05656	0.63265	0.06787	0.03215	0.01310	0.00417	0.00595	0.02917	0.00953	0.00834
20	0.01489	0.01000	0.01142	0.01135	0.01156	0.00993	0.00653	0.01532	0.01619	0.02181	0.08066	0.06801	0.04266	0.58377	0.04863	0.00934	0.00949	0.01525	0.00667	0.00653
21	0.01335	0.00982	0.01250	0.01315	0.01494	0.00898	0.00936	0.01659	0.02432	0.03302	0.29014	0.31378	0.14940	0.02637	0.01253	0.00366	0.00536	0.02345	0.01031	0.00898
22	0.01403	0.01045	0.01339	0.01517	0.01719	0.00981	0.01191	0.01719	0.02216	0.02838	0.06735	0.29412	0.18842	0.02911	0.01329	0.00422	0.00717	0.21830	0.00950	0.00886
23	0.03281	0.02419	0.02571	0.02077	0.02751	0.02687	0.01681	0.34906	0.15895	0.05557	0.02991	0.02988	0.02199	0.01262	0.00981	0.00306	0.00954	0.00983	0.11918	0.01593
24	0.02505	0.01281	0.01652	0.01445	0.01886	0.01129	0.01123	0.02891	0.02734	0.22860	0.25448	0.11157	0.15718	0.01990	0.01156	0.00333	0.00637	0.01709	0.01132	0.01213
25	0.02128	0.01824	0.02128	0.01520	0.02432	0.01368	0.01216	0.02584	0.02128	0.03344	0.01824	0.02128	0.01520	0.00760	0.00760	0.00152	0.00760	0.00608	0.00608	0.70208
26	0.71184	0.01985	0.01508	0.01350	0.01985	0.02302	0.01111	0.03017	0.01746	0.04604	0.01429	0.01667	0.01111	0.00953	0.00635	0.00318	0.00794	0.00556	0.00635	0.01111
27	0.01238	0.00943	0.01140	0.01297	0.01454	0.00845	0.00894	0.01444	0.02092	0.02671	0.07262	0.45172	0.23843	0.03006	0.01277	0.00393	0.00570	0.02663	0.00953	0.00845
28	0.01714	0.00936	0.01404	0.01404	0.01444	0.00976	0.00976	0.01444	0.01404	0.01912	0.01991	0.03316	0.01952	0.04457	0.16071	0.55354	0.01292	0.00936	0.00468	0.00547
29	0.03901	0.02874	0.03080	0.02361	0.03182	0.03182	0.01951	0.54111	0.04825	0.06468	0.02464	0.02464	0.01745	0.01232	0.01027	0.00308	0.01129	0.00924	0.01027	0.01745
30	0.01602	0.01407	0.02381	0.02137	0.02454	0.01347	0.13149	0.02111	0.05469	0.02879	0.04739	0.45592	0.05353	0.02559	0.01270	0.00396	0.00870	0.02414	0.00859	0.01010
31	0.01357	0.01045	0.01240	0.01191	0.01475	0.00928	0.00893	0.01752	0.02680	0.03581	0.38455	0.08545	0.28554	0.02297	0.01211	0.00332	0.00498	0.01979	0.01059	0.00928
32	0.02540	0.02438	0.04165	0.06299	0.57533	0.02438	0.03149	0.03149	0.02337	0.03353	0.01930	0.02540	0.01626	0.00914	0.01016	0.00305	0.01219	0.00914	0.00508	0.01626
33	0.01938	0.01824	0.03078	0.61468	0.07068	0.02280	0.02850	0.02622	0.02052	0.02622	0.01824	0.02736	0.01368	0.01026	0.01026	0.00342	0.01368	0.00912	0.00456	0.01140
34	0.04264	0.02292	0.02719	0.02085	0.02892	0.02318	0.01722	0.28754	0.03850	0.33202	0.03282	0.02995	0.02156	0.01252	0.01029	0.00313	0.00997	0.00980	0.01152	0.01746
35	0.03003	0.01797	0.02218	0.01628	0.02498	0.01418	0.01319	0.03438	0.02414	0.22733	0.02610	0.02610	0.01880	0.00940	0.00856	0.00210	0.00800	0.00758	0.00842	0.46030
36	0.02442	0.02491	0.04702	0.10900	0.35033	0.02476	0.20288	0.03146	0.02338	0.03261	0.01970	0.02636	0.01578	0.00908	0.01083	0.00322	0.01407	0.01015	0.00507	0.01497
37	0.04252	0.02312	0.02731	0.02094	0.02902	0.02347	0.01730	0.29615	0.03883	0.32294	0.03254	0.02977	0.02142	0.01251	0.01029	0.00313	0.01002	0.00978	0.01148	0.01746
38	0.03036	0.02314	0.03443	0.04447	0.33737	0.02356	0.02495	0.08442	0.11435	0.13678	0.02729	0.02917	0.02049	0.01086	0.01024	0.00314	0.01082	0.00977	0.00780	0.01658
39	0.01811	0.01630	0.02410	0.03294	0.25038	0.01545	0.01808	0.02255	0.02432	0.03239	0.14561	0.06422	0.25899	0.01807	0.01130	0.00325	0.00808	0.01588	0.00795	0.01203
40	0.02728	0.10822	0.03769	0.04360	0.33601	0.02545	0.02468	0.07389	0.06236	0.07317	0.06712	0.02984	0.02418	0.01088	0.00987	0.00299	0.01084	0.00967	0.00679	0.01547
41	0.01938	0.01824	0.03078	0.61468	0.07068	0.02280	0.02850	0.02622	0.02052	0.02622	0.01824	0.02736	0.01368	0.01026	0.01026	0.00342	0.01368	0.00912	0.00456	0.01140
42	0.02247	0.02073	0.03457	0.05118	0.43622	0.02063	0.02651	0.02769	0.02271	0.03201	0.02843	0.14104	0.02850	0.01461	0.01097	0.00337	0.01088	0.04696	0.00618	0.01436
43	0.02447	0.02094	0.02230	0.02012	0.02560	0.02401	0.01562	0.05117	0.50638	0.04276	0.09222	0.04195	0.03758	0.01460	0.01060	0.00346	0.00781	0.01227	0.01052	0.01562
44	0.01488	0.01012	0.01204	0.01204	0.01233	0.01041	0.00727	0.01546	0.01517	0.02052	0.03156	0.06289	0.03546	0.54996	0.13909	0.01099	0.01274	0.01430	0.00610	0.00669
45	0.02093	0.05066	0.53596	0.03059	0.04530	0.02404	0.08569	0.03253	0.02191	0.03253	0.01864	0.02224	0.01325	0.00964	0.00998	0.00327	0.01537	0.00802	0.00442	0.01504
46	0.01422	0.01026	0.01345	0.01311	0.01527	0.00948	0.00966	0.01861	0.02766	0.03894	0.49385	0.15905	0.09254	0.02263	0.01225	0.00337	0.00501	0.02013	0.01103	0.00948
47	0.02989	0.21972	0.03241	0.01678	0.02547	0.02271	0.01468	0.03388	0.02331	0.17744	0.02292	0.02339	0.01728	0.00935	0.00800	0.00218	0.00899	0.00702	0.00731	0.29728
48	0.71184	0.01985	0.01508	0.01350	0.01985	0.02302	0.01111	0.03017	0.01746	0.04604	0.01429	0.01667	0.01111	0.00953	0.00635	0.00318	0.00794	0.00556	0.00635	0.01111
49	0.02128	0.01824	0.02128	0.01520	0.02432	0.01368	0.01216	0.02584	0.02128	0.03344	0.01824	0.02128	0.01520	0.00760	0.00760	0.00152	0.00760	0.00608	0.00608	0.70208
50	0.13587	0.02080	0.02504	0.02209	0.06392	0.02100	0.01692	0.17283	0.03176	0.28774	0.03222	0.03540	0.02332	0.01315	0.01003	0.00327	0.00959	0.04885	0.01037	0.01583
51	0.02805	0.01988	0.02357	0.07257	0.02841	0.09789	0.05086	0.03277	0.02805	0.19168	0.25163	0.04858	0.05134	0.01531	0.01102	0.00316	0.00957	0.01320	0.00981	0.01267
52	0.02314	0.03278	0.25470	0.06223	0.03604	0.01942	0.02438	0.03255	0.05969	0.07704	0.02174	0.02414	0.01614	0.00952	0.00908	0.00263	0.01125	0.00763	0.00609	0.26980

[dist]
# distance from previous block
# <min> <max>
0	2

[block]
# block no. 1 follows, 14 sequences, length 66
# corresponding to MSA columns:
# 382-447
name=unknown_B
#
# <colnr> <probs for GDERKNQSTAVLIFYWHMCP>
#	G	D	E	R	K	N	Q	S	T	A	V	L	I	F	Y	W	H	M	C	P
0	0.46355	0.07577	0.02318	0.01660	0.02385	0.02301	0.04691	0.03284	0.02014	0.11690	0.01864	0.02024	0.01387	0.00971	0.00739	0.00299	0.00891	0.00668	0.00696	0.06187
1	0.04554	0.01827	0.02432	0.01864	0.02660	0.01628	0.01540	0.08520	0.03072	0.54534	0.03935	0.03419	0.02483	0.01267	0.01032	0.00317	0.00892	0.01024	0.01253	0.01746
2	0.01881	0.01255	0.01690	0.01835	0.02112	0.01253	0.01543	0.02476	0.06073	0.07219	0.05273	0.17617	0.05583	0.02670	0.01348	0.00444	0.00882	0.36831	0.00977	0.01037
3	0.02744	0.02055	0.02355	0.01762	0.02617	0.01838	0.01422	0.13154	0.07325	0.09186	0.02360	0.02468	0.01798	0.00955	0.00862	0.00215	0.00847	0.00757	0.00790	0.44490
4	0.01499	0.01264	0.01969	0.01823	0.02128	0.01141	0.08604	0.01810	0.02078	0.02797	0.05186	0.44206	0.09854	0.02592	0.01236	0.00376	0.00768	0.02390	0.00858	0.07422
5	0.09162	0.58685	0.05015	0.01718	0.02573	0.03896	0.01695	0.03068	0.02053	0.02620	0.01427	0.01648	0.01298	0.00885	0.00656	0.00229	0.01069	0.00549	0.00457	0.01298
6	0.02624	0.17994	0.23183	0.02637	0.03678	0.07548	0.11055	0.03354	0.02381	0.08220	0.06060	0.02651	0.02087	0.01052	0.00959	0.00298	0.01346	0.00884	0.00587	0.01401
7	0.01710	0.01522	0.02424	0.40612	0.05129	0.01790	0.02180	0.02244	0.02111	0.02730	0.06837	0.16126	0.07198	0.01667	0.01111	0.00357	0.01087	0.01482	0.00640	0.01045
8	0.04604	0.01746	0.02382	0.01826	0.02620	0.01508	0.01508	0.05001	0.02937	0.58244	0.04049	0.03493	0.02540	0.01270	0.01032	0.00318	0.00873	0.01032	0.01270	0.01746
9	0.06500	0.01877	0.03051	0.53692	0.10259	0.02292	0.02757	0.02685	0.02052	0.02802	0.01806	0.02653	0.01369	0.01013	0.01000	0.00338	0.01320	0.00889	0.00471	0.01172
10	0.02395	0.12215	0.16583	0.03671	0.04782	0.02764	0.36170	0.03249	0.02322	0.03153	0.01935	0.02484	0.01470	0.00889	0.01083	0.00323	0.01595	0.01024	0.00490	0.01401
11	0.01252	0.01041	0.01094	0.01081	0.01410	0.00883	0.00811	0.01549	0.02432	0.02993	0.18039	0.09514	0.49336	0.02517	0.01212	0.00343	0.00514	0.02115	0.00982	0.00883
12	0.07217	0.01358	0.01501	0.01378	0.01595	0.01400	0.00926	0.08719	0.02094	0.06859	0.03284	0.10855	0.03477	0.40859	0.03665	0.00752	0.00951	0.01449	0.00753	0.00905
13	0.02695	0.06895	0.08584	0.16300	0.04248	0.02180	0.11235	0.03495	0.06112	0.15384	0.02973	0.04006	0.02368	0.01298	0.01080	0.00344	0.01221	0.07455	0.00750	0.01375
14	0.01472	0.01077	0.01535	0.01535	0.01678	0.01221	0.01140	0.01759	0.01615	0.02297	0.02854	0.04612	0.02818	0.19857	0.48052	0.01508	0.02370	0.01184	0.00565	0.00853
15	0.01492	0.00995	0.01119	0.01119	0.01119	0.00995	0.00622	0.01492	0.01492	0.01990	0.03233	0.06716	0.03731	0.63935	0.05223	0.00995	0.00995	0.01492	0.00622	0.00622
16	0.02320	0.02216	0.03845	0.17433	0.37618	0.02299	0.06846	0.02952	0.02285	0.03166	0.02248	0.03446	0.01967	0.01114	0.01071	0.00332	0.01264	0.05599	0.00539	0.01440
17	0.02134	0.02024	0.03433	0.43471	0.23531	0.02332	0.02948	0.02794	0.02145	0.02860	0.01859	0.02672	0.01452	0.00990	0.01023	0.00330	0.01319	0.00913	0.00473	0.01298
18	0.02287	0.02414	0.02086	0.01994	0.02297	0.21578	0.01525	0.02618	0.02086	0.02427	0.02346	0.03275	0.02134	0.05395	0.39430	0.01169	0.02437	0.00947	0.00542	0.01011
19	0.03833	0.04891	0.02908	0.02644	0.03173	0.59815	0.01983	0.04098	0.02908	0.02512	0.01586	0.01851	0.01322	0.01058	0.00925	0.00264	0.01851	0.00661	0.00529	0.01190
20	0.01466	0.01100	0.01649	0.01649	0.01833	0.01283	0.01283	0.01833	0.01649	0.02382	0.02749	0.04032	0.02566	0.07697	0.59868	0.01649	0.02749	0.01100	0.00550	0.00916
21	0.02158	0.11656	0.16272	0.01985	0.02735	0.02218	0.01966	0.06259	0.13449	0.03833	0.21416	0.04353	0.04608	0.01450	0.01028	0.00313	0.00931	0.01200	0.00835	0.01333
22	0.01415	0.01048	0.01320	0.01252	0.01510	0.00952	0.00939	0.01865	0.02817	0.03907	0.49773	0.08008	0.17031	0.02176	0.01211	0.00326	0.00490	0.01904	0.01102	0.00952
23	0.03440	0.02137	0.03388	0.04349	0.33591	0.02033	0.02434	0.03957	0.02599	0.27286	0.02854	0.02955	0.02024	0.01069	0.01023	0.00310	0.01068	0.00966	0.00840	0.01678
24	0.02611	0.30874	0.25649	0.02441	0.03571	0.03066	0.07164	0.03325	0.02220	0.07602	0.01869	0.02105	0.01437	0.00948	0.00862	0.00280	0.01296	0.00730	0.00515	0.01437
25	0.03087	0.01892	0.02394	0.10956	0.03266	0.02021	0.01772	0.04556	0.24284	0.22633	0.03894	0.04274	0.02921	0.01430	0.01072	0.00348	0.00930	0.05717	0.01024	0.01530
26	0.71184	0.01985	0.01508	0.01350	0.01985	0.02302	0.01111	0.03017	0.01746	0.04604	0.01429	0.01667	0.01111	0.00953	0.00635	0.00318	0.00794	0.00556	0.00635	0.01111
27	0.02119	0.10597	0.53865	0.02821	0.04280	0.02533	0.03610	0.03234	0.02159	0.03175	0.01805	0.02120	0.01301	0.00966	0.00947	0.00316	0.01479	0.00740	0.00434	0.01499
28	0.01452	0.01049	0.01372	0.01291	0.01533	0.00968	0.00968	0.01937	0.02905	0.04115	0.56992	0.07666	0.09683	0.02098	0.01210	0.00323	0.00484	0.01856	0.01130	0.00968
29	0.01213	0.01040	0.01040	0.01040	0.01386	0.00866	0.00780	0.01473	0.02339	0.02772	0.10396	0.09876	0.57117	0.02599	0.01213	0.00347	0.00520	0.02166	0.00953	0.00866
30	0.02490	0.02161	0.02432	0.02420	0.07503	0.02454	0.01724	0.05051	0.47967	0.04199	0.06929	0.03928	0.03364	0.01389	0.01051	0.00343	0.00830	0.01177	0.01001	0.01588
31	0.01492	0.00995	0.01119	0.01119	0.01119	0.00995	0.00622	0.01492	0.01492	0.01990	0.03233	0.06716	0.03731	0.63935	0.05223	0.00995	0.00995	0.01492	0.00622	0.00622
32	0.02334	0.04554	0.44488	0.02700	0.03997	0.02414	0.03252	0.12051	0.02689	0.03880	0.06197	0.02642	0.02023	0.01106	0.01002	0.00322	0.01369	0.00872	0.00591	0.01514
33	0.71184	0.01985	0.01508	0.01350	0.01985	0.02302	0.01111	0.03017	0.01746	0.04604	0.01429	0.01667	0.01111	0.00953	0.00635	0.00318	0.00794	0.00556	0.00635	0.01111
34	0.02806	0.03211	0.02249	0.02090	0.02538	0.31652	0.01567	0.03506	0.11354	0.02953	0.07201	0.09181	0.12264	0.01627	0.01045	0.00309	0.01261	0.01269	0.00759	0.01161
35	0.01378	0.01079	0.01438	0.01438	0.01678	0.01138	0.01108	0.01708	0.01888	0.02517	0.05400	0.06058	0.21481	0.05929	0.39530	0.01198	0.01976	0.01469	0.00690	0.00899
36	0.03954	0.01851	0.02828	0.12235	0.03624	0.01737	0.06406	0.04442	0.02740	0.43839	0.03493	0.03299	0.02252	0.01192	0.01047	0.00324	0.01034	0.01027	0.01064	0.01611
37	0.03746	0.01773	0.02294	0.01720	0.02555	0.01460	0.01407	0.04163	0.02657	0.39208	0.03277	0.03020	0.02187	0.01093	0.00938	0.00260	0.00834	0.00885	0.01041	0.25485
38	0.02893	0.23395	0.23070	0.02364	0.03444	0.03185	0.02527	0.20193	0.03029	0.04059	0.01917	0.02100	0.01454	0.01030	0.00891	0.00286	0.01253	0.00747	0.00633	0.01529
39	0.02636	0.02051	0.03313	0.25281	0.25679	0.02142	0.02616	0.03225	0.02318	0.12305	0.02239	0.02740	0.01677	0.01003	0.01003	0.00309	0.01180	0.00910	0.00625	0.06750
40	0.61011	0.02119	0.01746	0.01502	0.02166	0.02435	0.01238	0.10742	0.02212	0.04886	0.01585	0.01788	0.01207	0.00995	0.00694	0.00316	0.00845	0.00611	0.00694	0.01207
41	0.02467	0.02573	0.04760	0.03550	0.04429	0.02580	0.35713	0.04038	0.20889	0.03636	0.02805	0.03136	0.02103	0.01048	0.01153	0.00347	0.01412	0.01193	0.00701	0.01467
42	0.04604	0.01746	0.02382	0.01826	0.02620	0.01508	0.01508	0.05001	0.02937	0.58244	0.04049	0.03493	0.02540	0.01270	0.01032	0.00318	0.00873	0.01032	0.01270	0.01746
43	0.04312	0.01772	0.02336	0.01811	0.02546	0.01593	0.01473	0.08374	0.02966	0.50071	0.03868	0.03665	0.02573	0.06093	0.01354	0.00369	0.00902	0.01059	0.01202	0.01660
44	0.03396	0.01715	0.02247	0.01856	0.02443	0.01716	0.01506	0.12290	0.02813	0.30032	0.03327	0.03504	0.02413	0.03492	0.21432	0.00778	0.01567	0.01037	0.00979	0.01458
45	0.01266	0.00976	0.01157	0.01251	0.01454	0.00867	0.00885	0.01523	0.02257	0.02907	0.15319	0.33369	0.27490	0.02798	0.01256	0.00374	0.00548	0.02454	0.00979	0.00867
46	0.02098	0.01748	0.01917	0.01752	0.02208	0.01919	0.01349	0.04026	0.34833	0.04103	0.20829	0.05538	0.09948	0.01715	0.01110	0.00340	0.00686	0.01462	0.01062	0.01357
47	0.01748	0.01050	0.01248	0.01232	0.01316	0.01019	0.00755	0.01812	0.01699	0.07360	0.03676	0.14963	0.04081	0.48878	0.04239	0.00844	0.00923	0.01665	0.00733	0.00759
48	0.01621	0.01050	0.01409	0.01409	0.01612	0.01170	0.01087	0.02026	0.01824	0.02883	0.02956	0.03960	0.02588	0.05442	0.39358	0.01160	0.01961	0.01050	0.24503	0.00930
49	0.01987	0.01639	0.01818	0.01670	0.02097	0.01767	0.01282	0.03682	0.29846	0.04049	0.24507	0.05961	0.11886	0.01795	0.01126	0.00338	0.00656	0.01536	0.01065	0.01292
50	0.02276	0.01293	0.01579	0.01470	0.01725	0.01256	0.01023	0.07117	0.02237	0.13968	0.04043	0.22391	0.04208	0.27427	0.02825	0.00623	0.00865	0.01767	0.00889	0.01017
51	0.01460	0.01022	0.01144	0.01116	0.01375	0.00931	0.00818	0.01819	0.02423	0.03379	0.24373	0.07627	0.25269	0.07405	0.01456	0.00372	0.00540	0.01758	0.14812	0.00899
52	0.61430	0.02047	0.01695	0.01465	0.02125	0.02330	0.01207	0.07518	0.02082	0.07973	0.01674	0.01845	0.01251	0.00996	0.00692	0.00317	0.00827	0.00616	0.00707	0.01204
53	0.01318	0.00941	0.01269	0.01506	0.01596	0.00892	0.01070	0.01546	0.02032	0.02696	0.05619	0.54582	0.06639	0.03151	0.01328	0.00426	0.00654	0.10931	0.00951	0.00852
54	0.09152	0.01471	0.01894	0.01647	0.02173	0.01342	0.01282	0.03592	0.02498	0.34356	0.04381	0.24062	0.03890	0.01917	0.01094	0.00352	0.00770	0.01645	0.01106	0.01375
55	0.03212	0.02209	0.02344	0.01874	0.02494	0.02411	0.01523	0.36178	0.03898	0.05552	0.02770	0.02936	0.02052	0.01219	0.00919	0.00284	0.00904	0.00935	0.24815	0.01472
56	0.01769	0.01433	0.01618	0.01504	0.01881	0.01476	0.01148	0.03014	0.20424	0.03890	0.29458	0.06852	0.17553	0.01968	0.01155	0.00336	0.00601	0.01689	0.01064	0.01166
57	0.22854	0.01918	0.02207	0.01745	0.02498	0.01884	0.01441	0.09061	0.02787	0.38633	0.03179	0.02894	0.02073	0.01179	0.00922	0.00317	0.00875	0.00891	0.01073	0.01572
58	0.01250	0.00893	0.01191	0.01429	0.01488	0.00834	0.00953	0.01429	0.01965	0.02620	0.05656	0.63265	0.06787	0.03215	0.01310	0.00417	0.00595	0.02917	0.00953	0.00834
59	0.01452	0.01049	0.01372	0.01291	0.01533	0.00968	0.00968	0.01937	0.02905	0.04115	0.56992	0.07666	0.09683	0.02098	0.01210	0.00323	0.00484	0.01856	0.01130	0.00968
60	0.01480	0.00915	0.01110	0.01265	0.01387	0.00876	0.00871	0.01763	0.02030	0.03038	0.04856	0.42655	0.05346	0.02515	0.01104	0.00355	0.00555	0.02237	0.24766	0.00876
61	0.03947	0.02801	0.03034	0.02326	0.03146	0.03073	0.01922	0.50906	0.04702	0.09848	0.02567	0.02531	0.01797	0.01234	0.01027	0.00309	0.01113	0.00931	0.01042	0.01745
62	0.01415	0.01216	0.01233	0.01198	0.01580	0.01121	0.00907	0.02074	0.10396	0.03002	0.09457	0.08963	0.48963	0.02417	0.01187	0.00347	0.00564	0.02014	0.00967	0.00981
63	0.03382	0.01508	0.01997	0.01719	0.02262	0.01370	0.01340	0.03895	0.06540	0.36496	0.04571	0.22587	0.03939	0.01900	0.01122	0.00351	0.00780	0.01643	0.01152	0.01446
64	0.01960	0.01127	0.01518	0.01467	0.01742	0.01047	0.01089	0.02313	0.02477	0.13356	0.24848	0.25869	0.06761	0.02814	0.06243	0.00468	0.00788	0.02008	0.01044	0.01060
65	0.02128	0.01824	0.02128	0.01520	0.02432	0.01368	0.01216	0.02584	0.02128	0.03344	0.01824	0.02128	0.01520	0.00760	0.00760	0.00152	0.00760	0.00608	0.00608	0.70208

[dist]
# distance from previous block
# <min> <max>
0	1

[block]
# block no. 2 follows, 14 sequences, length 34
# corresponding to MSA columns:
# 449-482
name=unknown_C
#
# <colnr> <probs for GDERKNQSTAVLIFYWHMCP>
#	G	D	E	R	K	N	Q	S	T	A	V	L	I	F	Y	W	H	M	C	P
0	0.41728	0.01589	0.01451	0.01325	0.01794	0.01739	0.01051	0.02560	0.02236	0.04398	0.24899	0.04201	0.04732	0.01436	0.00878	0.00320	0.00663	0.01105	0.00844	0.01051
1	0.71184	0.01985	0.01508	0.01350	0.01985	0.02302	0.01111	0.03017	0.01746	0.04604	0.01429	0.01667	0.01111	0.00953	0.00635	0.00318	0.00794	0.00556	0.00635	0.01111
2	0.03718	0.11604	0.03242	0.02475	0.03110	0.40723	0.01949	0.14931	0.03229	0.03367	0.01759	0.01960	0.01414	0.01074	0.00915	0.00269	0.01602	0.00705	0.00627	0.01327
3	0.02190	0.01318	0.01563	0.01518	0.01667	0.05719	0.01065	0.02016	0.01770	0.08765	0.02742	0.13990	0.02745	0.03024	0.02913	0.43451	0.00913	0.01258	0.00643	0.00732
4	0.01783	0.00891	0.01337	0.01337	0.01337	0.00891	0.00891	0.01337	0.01337	0.01783	0.01783	0.03119	0.01783	0.03565	0.04011	0.70143	0.00891	0.00891	0.00446	0.00446
5	0.01466	0.01100	0.01649	0.01649	0.01833	0.01283	0.01283	0.01833	0.01649	0.02382	0.02749	0.04032	0.02566	0.07697	0.59868	0.01649	0.02749	0.01100	0.00550	0.00916
6	0.19982	0.01859	0.02101	0.01748	0.02375	0.01909	0.01410	0.12777	0.02776	0.24935	0.03205	0.09762	0.02538	0.01929	0.05723	0.00435	0.01020	0.01119	0.00977	0.01420
7	0.01297	0.00938	0.01238	0.01460	0.01560	0.00878	0.01027	0.01517	0.02038	0.02685	0.05937	0.53465	0.09948	0.03128	0.01317	0.00419	0.00633	0.08714	0.00952	0.00849
8	0.03008	0.01819	0.02091	0.01803	0.02378	0.01913	0.01423	0.04660	0.28928	0.20491	0.07865	0.04006	0.03364	0.01381	0.01010	0.00323	0.00763	0.01145	0.10103	0.01526
9	0.02282	0.01156	0.01557	0.01551	0.01837	0.01041	0.01124	0.02528	0.02264	0.19737	0.05161	0.44872	0.05480	0.02617	0.01224	0.00386	0.00681	0.02337	0.01050	0.01114
10	0.01924	0.01122	0.01417	0.01385	0.01689	0.00996	0.01020	0.02221	0.02418	0.13644	0.16016	0.28396	0.18819	0.02483	0.01214	0.00363	0.00610	0.02174	0.01047	0.01042
11	0.03982	0.02745	0.03000	0.02300	0.03118	0.02990	0.01900	0.48479	0.04608	0.12405	0.02646	0.02582	0.01836	0.01236	0.01027	0.00309	0.01100	0.00936	0.01055	0.01745
12	0.02128	0.01824	0.02128	0.01520	0.02432	0.01368	0.01216	0.02584	0.02128	0.03344	0.01824	0.02128	0.01520	0.00760	0.00760	0.00152	0.00760	0.00608	0.00608	0.70208
13	0.10957	0.01447	0.01826	0.01619	0.02114	0.01341	0.01250	0.03407	0.02429	0.30818	0.04363	0.26144	0.04001	0.01978	0.01093	0.00355	0.00758	0.01698	0.01076	0.01324
14	0.04335	0.02178	0.02649	0.02031	0.02835	0.02149	0.01677	0.23784	0.03659	0.38441	0.03442	0.03099	0.02236	0.01256	0.01030	0.00314	0.00971	0.00991	0.01177	0.01746
15	0.42361	0.01594	0.01531	0.01438	0.01865	0.01835	0.01137	0.02470	0.01670	0.03616	0.01864	0.02541	0.01624	0.03270	0.18748	0.08724	0.01390	0.00757	0.00588	0.00977
16	0.06728	0.01656	0.02312	0.02288	0.08653	0.01633	0.04611	0.03286	0.08821	0.17076	0.09900	0.08956	0.03661	0.08812	0.01760	0.05478	0.00899	0.01312	0.00893	0.01265
17	0.01466	0.01100	0.01649	0.01649	0.01833	0.01283	0.01283	0.01833	0.01649	0.02382	0.02749	0.04032	0.02566	0.07697	0.59868	0.01649	0.02749	0.01100	0.00550	0.00916
18	0.01466	0.01100	0.01649	0.01649	0.01833	0.01283	0.01283	0.01833	0.01649	0.02382	0.02749	0.04032	0.02566	0.07697	0.59868	0.01649	0.02749	0.01100	0.00550	0.00916
19	0.01600	0.01026	0.01420	0.01563	0.01673	0.01016	0.01194	0.01705	0.01900	0.02501	0.04182	0.17768	0.04640	0.10117	0.02572	0.20340	0.00873	0.22395	0.00767	0.00746
20	0.02854	0.21321	0.04689	0.07106	0.11334	0.03134	0.15474	0.15215	0.02854	0.03744	0.01936	0.02324	0.01526	0.00973	0.00962	0.00293	0.01302	0.00883	0.00610	0.01467
21	0.03041	0.03522	0.03256	0.18378	0.17331	0.31386	0.02484	0.03495	0.02554	0.02743	0.01730	0.02241	0.01407	0.01015	0.00973	0.00294	0.01576	0.00786	0.00505	0.01283
22	0.37547	0.01864	0.01949	0.01590	0.02305	0.01901	0.01312	0.04019	0.02348	0.31704	0.02752	0.02589	0.01833	0.01113	0.00836	0.00318	0.00834	0.00796	0.00956	0.01432
23	0.23111	0.02457	0.09363	0.01905	0.02582	0.02342	0.01681	0.04142	0.28468	0.04083	0.02974	0.03169	0.02326	0.05746	0.01215	0.00383	0.00912	0.00949	0.00810	0.01383
24	0.01938	0.01824	0.03078	0.61468	0.07068	0.02280	0.02850	0.02622	0.02052	0.02622	0.01824	0.02736	0.01368	0.01026	0.01026	0.00342	0.01368	0.00912	0.00456	0.01140
25	0.02276	0.02424	0.09199	0.03220	0.19257	0.02016	0.02158	0.03363	0.13161	0.03591	0.06797	0.03051	0.02515	0.01068	0.00956	0.00272	0.00974	0.00931	0.00689	0.22083
26	0.02058	0.05308	0.58618	0.02925	0.04442	0.02383	0.03792	0.03250	0.02167	0.03250	0.01842	0.02167	0.01300	0.00975	0.00975	0.00325	0.01517	0.00758	0.00433	0.01517
27	0.02249	0.03223	0.19067	0.07405	0.11346	0.02396	0.28069	0.03133	0.02354	0.03300	0.05573	0.02901	0.02018	0.00990	0.01115	0.00334	0.01509	0.01081	0.00531	0.01406
28	0.01577	0.01579	0.08360	0.01551	0.01873	0.01190	0.01336	0.01996	0.02278	0.03160	0.24036	0.07432	0.06117	0.21127	0.02455	0.00558	0.00854	0.10744	0.00853	0.00924
29	0.02337	0.02281	0.03910	0.20068	0.33451	0.02496	0.07056	0.02940	0.02176	0.03049	0.01843	0.02573	0.01519	0.01047	0.01322	0.00335	0.08753	0.00936	0.00488	0.01418
30	0.01508	0.01143	0.01426	0.01290	0.01626	0.01006	0.00977	0.01963	0.02745	0.03867	0.44889	0.07241	0.14123	0.01991	0.01155	0.00305	0.00522	0.01739	0.01045	0.09439
31	0.02481	0.02790	0.10837	0.05886	0.51029	0.02432	0.03228	0.03162	0.02316	0.03340	0.01919	0.02494	0.01586	0.00922	0.01011	0.00307	0.01256	0.00895	0.00499	0.01612
32	0.02015	0.01250	0.01743	0.01882	0.02187	0.01221	0.01636	0.02478	0.02433	0.09831	0.05264	0.10585	0.05494	0.02643	0.01370	0.00453	0.00936	0.44550	0.00985	0.01043
33	0.01415	0.01020	0.01338	0.01317	0.01525	0.00943	0.00965	0.01842	0.02730	0.03838	0.47465	0.17984	0.09146	0.02305	0.01229	0.00340	0.00505	0.02053	0.01097	0.00943

[dist]
# distance from previous block
# <min> <max>
0	2

[block]
# block no. 3 follows, 14 sequences, length 6
# corresponding to MSA columns:
# 485-490
name=unknown_D
#
# <colnr> <probs for GDERKNQSTAVLIFYWHMCP>
#	G	D	E	R	K	N	Q	S	T	A	V	L	I	F	Y	W	H	M	C	P
0	0.02545	0.45073	0.04599	0.15349	0.03644	0.03530	0.01993	0.03170	0.06572	0.02619	0.01748	0.02077	0.01481	0.00955	0.00774	0.00258	0.01135	0.00683	0.00494	0.01303
1	0.02513	0.44140	0.04180	0.01770	0.02427	0.08888	0.01596	0.02802	0.02140	0.02471	0.02403	0.15665	0.02560	0.01427	0.00833	0.00269	0.01059	0.01098	0.00565	0.01194
2	0.02493	0.27453	0.30060	0.02560	0.03718	0.07874	0.06453	0.03257	0.02217	0.02875	0.01680	0.01987	0.01327	0.00937	0.00868	0.00282	0.01402	0.00703	0.00450	0.01404
3	0.03118	0.02097	0.03186	0.02720	0.07161	0.02066	0.12189	0.11800	0.07582	0.19377	0.08671	0.04357	0.03244	0.01404	0.01123	0.00339	0.01075	0.06036	0.00958	0.01497
4	0.02215	0.01828	0.01964	0.01798	0.02217	0.02059	0.01339	0.04244	0.38734	0.03754	0.08601	0.04822	0.03844	0.15663	0.02008	0.00493	0.00825	0.01297	0.00956	0.01339
5	0.01977	0.01646	0.01805	0.01725	0.02126	0.01793	0.01299	0.03686	0.31566	0.03688	0.09929	0.18497	0.11973	0.02034	0.01142	0.00361	0.00694	0.01758	0.01018	0.01284

[dist]
# distance from previous block
# <min> <max>
0	2

[block]
# block no. 4 follows, 14 sequences, length 24
# corresponding to MSA columns:
# 493-516
name=unknown_E
#
# <colnr> <probs for GDERKNQSTAVLIFYWHMCP>
#	G	D	E	R	K	N	Q	S	T	A	V	L	I	F	Y	W	H	M	C	P
0	0.01890	0.01573	0.01719	0.01644	0.02038	0.01682	0.01238	0.03428	0.27985	0.03618	0.11483	0.16715	0.16687	0.02080	0.01150	0.00358	0.00671	0.01790	0.01016	0.01236
1	0.02134	0.01533	0.01737	0.01505	0.01920	0.01553	0.01177	0.16090	0.03253	0.04515	0.28885	0.06152	0.13997	0.01836	0.01104	0.00313	0.00664	0.01547	0.08922	0.01162
2	0.01839	0.04109	0.43019	0.02519	0.03639	0.01962	0.03020	0.02755	0.02112	0.03079	0.02878	0.18763	0.02791	0.01583	0.01066	0.00350	0.01266	0.01345	0.00574	0.01331
3	0.71184	0.01985	0.01508	0.01350	0.01985	0.02302	0.01111	0.03017	0.01746	0.04604	0.01429	0.01667	0.01111	0.00953	0.00635	0.00318	0.00794	0.00556	0.00635	0.01111
4	0.02322	0.40117	0.03917	0.01603	0.02312	0.02912	0.01480	0.02708	0.02313	0.02983	0.16566	0.03336	0.03613	0.01196	0.00820	0.00240	0.00892	0.00911	0.00646	0.09114
5	0.03041	0.07698	0.09498	0.02646	0.09195	0.02349	0.05265	0.17106	0.03144	0.14236	0.08443	0.03627	0.06569	0.01305	0.01033	0.00311	0.01064	0.01092	0.00869	0.01508
6	0.01953	0.08965	0.38829	0.02484	0.03586	0.02220	0.02945	0.02851	0.02019	0.02947	0.02054	0.02631	0.01645	0.02793	0.16947	0.00676	0.01817	0.00834	0.00465	0.01337
7	0.02559	0.04647	0.43532	0.02772	0.04100	0.02600	0.03291	0.17066	0.02889	0.04124	0.02011	0.02247	0.01421	0.01045	0.00989	0.00320	0.01411	0.00803	0.00594	0.01579
8	0.01332	0.01072	0.01276	0.01303	0.01592	0.01016	0.01016	0.01645	0.02154	0.02701	0.07750	0.08483	0.36432	0.04011	0.17169	0.00715	0.01174	0.07428	0.00843	0.00889
9	0.02548	0.03950	0.32929	0.02593	0.03706	0.02475	0.02890	0.17097	0.06787	0.04179	0.02591	0.03446	0.02081	0.01288	0.01045	0.00339	0.01295	0.06545	0.00697	0.01521
10	0.02101	0.01991	0.03373	0.46482	0.20776	0.02323	0.02931	0.02765	0.02129	0.02820	0.01853	0.02683	0.01438	0.00996	0.01023	0.00332	0.01328	0.00913	0.00470	0.01272
11	0.01768	0.01330	0.01506	0.01494	0.01681	0.01418	0.01033	0.02623	0.16351	0.02794	0.03983	0.12887	0.04132	0.33990	0.03266	0.00702	0.00895	0.06391	0.00806	0.00950
12	0.02778	0.02077	0.02647	0.18794	0.03831	0.02358	0.01954	0.25934	0.03158	0.04206	0.02167	0.02768	0.01697	0.02037	0.05297	0.14131	0.01251	0.00925	0.00722	0.01267
13	0.02370	0.02265	0.03859	0.21866	0.43293	0.02394	0.03065	0.03001	0.02256	0.03146	0.01900	0.02595	0.01553	0.00946	0.01019	0.00315	0.01261	0.00914	0.00493	0.01489
14	0.02007	0.13009	0.35026	0.02259	0.03268	0.02257	0.02626	0.02746	0.01971	0.02782	0.02158	0.03324	0.01963	0.18063	0.02082	0.00491	0.01312	0.00926	0.00485	0.01244
15	0.02194	0.01148	0.01552	0.01574	0.01847	0.01045	0.01160	0.02456	0.02261	0.17766	0.05201	0.42841	0.05562	0.02656	0.01243	0.00394	0.00699	0.06271	0.01038	0.01091
16	0.28760	0.11551	0.02940	0.02164	0.02816	0.26792	0.05380	0.03499	0.02330	0.03337	0.01542	0.01821	0.01260	0.00981	0.00802	0.00284	0.01347	0.00647	0.00556	0.01191
17	0.01316	0.00921	0.01171	0.01345	0.01388	0.00877	0.00863	0.01446	0.01836	0.02449	0.04998	0.47904	0.05957	0.19709	0.02373	0.00574	0.00704	0.02530	0.00863	0.00776
18	0.01965	0.01768	0.01691	0.01617	0.01998	0.08077	0.01254	0.02927	0.15004	0.03472	0.16859	0.06959	0.19273	0.01989	0.01138	0.00342	0.00780	0.07269	0.04503	0.01116
19	0.02550	0.04734	0.36005	0.02663	0.03831	0.17849	0.02959	0.03392	0.02363	0.03062	0.01770	0.02076	0.01335	0.00969	0.00933	0.00286	0.01507	0.00712	0.00482	0.10523
20	0.02540	0.02438	0.04165	0.06299	0.57533	0.02438	0.03149	0.03149	0.02337	0.03353	0.01930	0.02540	0.01626	0.00914	0.01016	0.00305	0.01219	0.00914	0.00508	0.01626
21	0.52541	0.02044	0.01729	0.01550	0.02170	0.02370	0.01251	0.03678	0.16397	0.04520	0.02175	0.02254	0.01660	0.01072	0.00746	0.00326	0.00799	0.00720	0.00746	0.01251
22	0.01962	0.01696	0.02713	0.03846	0.28104	0.01680	0.02169	0.02420	0.02242	0.03081	0.03841	0.21352	0.04125	0.02032	0.01199	0.00378	0.00979	0.14204	0.00741	0.01236
23	0.01452	0.01494	0.07860	0.01500	0.01845	0.01087	0.01276	0.01920	0.02530	0.03526	0.33812	0.22277	0.10906	0.02304	0.01211	0.00350	0.00635	0.02038	0.00991	0.00988

[dist]
# distance from previous block
# <min> <max>
0	11

# created by:
# /st0/software/busco_prod/Augustus/scripts/msa2prfl.pl ./align_prep/4997.fa
