[name]
unknown

[dist]
# distance from previous block
# <min> <max>
5	11

[block]
# block no. 0 follows, 15 sequences, length 86
# corresponding to MSA columns:
# 11-96
name=unknown_A
#
# <colnr> <probs for GDERKNQSTAVLIFYWHMCP>
#	G	D	E	R	K	N	Q	S	T	A	V	L	I	F	Y	W	H	M	C	P
0	0.01913	0.01813	0.02996	0.56513	0.06437	0.02300	0.02709	0.02532	0.01946	0.02532	0.01725	0.02610	0.01327	0.01072	0.01226	0.00343	0.07573	0.00885	0.00442	0.01106
1	0.03777	0.12133	0.03014	0.02244	0.02871	0.37728	0.01776	0.04076	0.02725	0.17338	0.02146	0.02188	0.01593	0.01058	0.00891	0.00264	0.01451	0.00722	0.00690	0.01314
2	0.02316	0.02214	0.03773	0.20709	0.45338	0.02329	0.02984	0.02927	0.02198	0.03073	0.01848	0.02517	0.01514	0.00916	0.00989	0.00305	0.01222	0.00888	0.00480	0.01457
3	0.01746	0.01175	0.01660	0.01466	0.01798	0.01070	0.04113	0.02196	0.02704	0.09370	0.42853	0.10160	0.11783	0.01986	0.01164	0.00321	0.00587	0.01767	0.01054	0.01025
4	0.01380	0.01018	0.01289	0.01221	0.01470	0.00927	0.00916	0.01821	0.02748	0.03822	0.51747	0.07735	0.15990	0.02103	0.01176	0.00317	0.00475	0.01843	0.01074	0.00927
5	0.03937	0.02271	0.02647	0.02021	0.02815	0.02299	0.01667	0.30924	0.03746	0.27609	0.02971	0.02774	0.01992	0.01177	0.00980	0.00292	0.00969	0.00917	0.01063	0.06932
6	0.01215	0.00868	0.01157	0.01388	0.01446	0.00810	0.00925	0.01388	0.01909	0.02545	0.05495	0.64315	0.06593	0.03123	0.01272	0.00405	0.00578	0.02834	0.00925	0.00810
7	0.02552	0.02178	0.02295	0.02043	0.02620	0.02514	0.01595	0.08077	0.54047	0.04287	0.03965	0.03646	0.02968	0.01344	0.01013	0.00336	0.00806	0.01114	0.01013	0.01584
8	0.02422	0.02496	0.04776	0.05357	0.37476	0.02429	0.23746	0.03113	0.02303	0.03232	0.01931	0.02555	0.01553	0.00869	0.01062	0.00312	0.01382	0.01003	0.00498	0.01486
9	0.02003	0.01461	0.01725	0.01563	0.01951	0.01517	0.01201	0.03291	0.21798	0.08003	0.35369	0.05851	0.06682	0.01740	0.01107	0.00322	0.00609	0.01509	0.01078	0.01218
10	0.02467	0.02369	0.04046	0.06119	0.58747	0.02369	0.03059	0.03059	0.02270	0.03257	0.01875	0.02467	0.01579	0.00888	0.00987	0.00296	0.01184	0.00888	0.00493	0.01579
11	0.02467	0.02369	0.04046	0.06119	0.58747	0.02369	0.03059	0.03059	0.02270	0.03257	0.01875	0.02467	0.01579	0.00888	0.00987	0.00296	0.01184	0.00888	0.00493	0.01579
12	0.02467	0.02369	0.04046	0.06119	0.58747	0.02369	0.03059	0.03059	0.02270	0.03257	0.01875	0.02467	0.01579	0.00888	0.00987	0.00296	0.01184	0.00888	0.00493	0.01579
13	0.16156	0.41959	0.03967	0.01686	0.02442	0.03353	0.01561	0.03383	0.11655	0.03082	0.01858	0.01977	0.01552	0.00955	0.00701	0.00254	0.00960	0.00639	0.00567	0.01293
14	0.02061	0.01954	0.03312	0.45376	0.22668	0.02262	0.02857	0.02703	0.02078	0.02763	0.01803	0.02600	0.01405	0.00964	0.00994	0.00321	0.01285	0.00887	0.00458	0.01251
15	0.02592	0.08341	0.33378	0.02994	0.08701	0.02452	0.07772	0.09320	0.02513	0.09529	0.02089	0.02326	0.01494	0.00985	0.00962	0.00306	0.01328	0.00823	0.00589	0.01506
16	0.01732	0.00866	0.01299	0.01299	0.01299	0.00866	0.00866	0.01299	0.01299	0.01732	0.01732	0.03030	0.01732	0.03463	0.03896	0.70996	0.00866	0.00866	0.00433	0.00433
17	0.02467	0.02369	0.04046	0.06119	0.58747	0.02369	0.03059	0.03059	0.02270	0.03257	0.01875	0.02467	0.01579	0.00888	0.00987	0.00296	0.01184	0.00888	0.00493	0.01579
18	0.07200	0.04400	0.42931	0.02612	0.03874	0.02486	0.03100	0.14986	0.02662	0.03956	0.01899	0.02137	0.01348	0.01002	0.00936	0.00311	0.01340	0.00760	0.00565	0.01497
19	0.54989	0.02094	0.01789	0.01535	0.02179	0.02403	0.01258	0.12226	0.06321	0.04765	0.01761	0.01910	0.01332	0.01004	0.00713	0.00309	0.00829	0.00646	0.00713	0.01224
20	0.01209	0.00891	0.01133	0.01327	0.01430	0.00815	0.00898	0.01395	0.01967	0.02569	0.06239	0.55463	0.14964	0.03026	0.01257	0.00394	0.00566	0.02716	0.00925	0.00815
21	0.01235	0.00983	0.01108	0.01138	0.01397	0.00856	0.00830	0.01519	0.02317	0.02943	0.19482	0.20055	0.37539	0.02540	0.01196	0.00345	0.00512	0.02185	0.00962	0.00856
22	0.02439	0.13323	0.27774	0.02529	0.03570	0.05999	0.06351	0.06699	0.15022	0.03411	0.02291	0.02443	0.01722	0.01038	0.00932	0.00302	0.01264	0.00831	0.00604	0.01454
23	0.02545	0.02360	0.03723	0.13141	0.15157	0.02565	0.14206	0.11897	0.12469	0.03726	0.02329	0.02742	0.01788	0.01090	0.01200	0.00329	0.05643	0.00996	0.00660	0.01435
24	0.01592	0.01074	0.01302	0.01212	0.01530	0.00951	0.00921	0.01978	0.02629	0.08317	0.36429	0.07860	0.26205	0.02142	0.01162	0.00321	0.00515	0.01841	0.01048	0.00971
25	0.01930	0.01865	0.03282	0.56673	0.06699	0.02246	0.08057	0.02612	0.02030	0.02612	0.01797	0.02661	0.01347	0.00981	0.01015	0.00333	0.01364	0.00915	0.00449	0.01131
26	0.02783	0.18878	0.11749	0.02992	0.09100	0.13801	0.12788	0.03516	0.06233	0.06113	0.01980	0.02263	0.01548	0.00957	0.00919	0.00282	0.01361	0.00814	0.00552	0.01370
27	0.03243	0.01524	0.01981	0.01642	0.02171	0.01472	0.01310	0.08311	0.02564	0.31887	0.03386	0.03685	0.02499	0.07380	0.14225	0.00628	0.01232	0.01033	0.08471	0.01357
28	0.01318	0.00939	0.01221	0.01304	0.01427	0.00878	0.00899	0.01594	0.02231	0.03070	0.26574	0.35485	0.07431	0.08931	0.01617	0.00425	0.00574	0.02277	0.00962	0.00842
29	0.02531	0.41150	0.22902	0.02121	0.03172	0.03348	0.02366	0.06938	0.02249	0.02903	0.01593	0.01823	0.01305	0.00909	0.00767	0.00253	0.01202	0.00627	0.00467	0.01374
30	0.02245	0.03259	0.23473	0.02745	0.03698	0.02320	0.13809	0.06525	0.18025	0.03576	0.02842	0.08077	0.02311	0.01242	0.01047	0.00333	0.01223	0.01133	0.00685	0.01431
31	0.01498	0.01181	0.01825	0.11392	0.02597	0.01402	0.01491	0.01903	0.01665	0.02352	0.02526	0.03714	0.02305	0.06436	0.51377	0.01398	0.02455	0.01039	0.00519	0.00925
32	0.02482	0.06182	0.02898	0.01959	0.02843	0.01811	0.08827	0.06771	0.02367	0.08254	0.02013	0.02262	0.01570	0.00837	0.00835	0.00203	0.00928	0.00727	0.00653	0.45577
33	0.03617	0.02831	0.02823	0.02252	0.02983	0.08835	0.01825	0.39581	0.12508	0.08494	0.02649	0.02593	0.01905	0.01206	0.00990	0.00301	0.01107	0.00913	0.00963	0.01622
34	0.01631	0.01076	0.01356	0.01253	0.01553	0.00967	0.00951	0.02052	0.02720	0.08533	0.44383	0.07505	0.18117	0.02061	0.01161	0.00317	0.00510	0.01791	0.01077	0.00987
35	0.01403	0.01046	0.01462	0.01462	0.01628	0.01162	0.01097	0.01693	0.01646	0.02293	0.03494	0.04896	0.08310	0.15942	0.46247	0.01375	0.02186	0.01232	0.00585	0.00841
36	0.01565	0.01027	0.01355	0.01321	0.01548	0.00943	0.00972	0.01958	0.02602	0.07306	0.41839	0.20981	0.08265	0.02248	0.01188	0.00335	0.00521	0.02000	0.01065	0.00959
37	0.01429	0.00970	0.01081	0.01081	0.01107	0.00957	0.00616	0.01448	0.01512	0.01990	0.03666	0.06755	0.07755	0.60252	0.04780	0.00919	0.00932	0.01499	0.00628	0.00622
38	0.02532	0.02191	0.03768	0.18074	0.37743	0.02254	0.06539	0.03137	0.02273	0.08770	0.02070	0.02619	0.01609	0.00944	0.01004	0.00308	0.01218	0.00920	0.00558	0.01470
39	0.01659	0.01238	0.01632	0.01563	0.01723	0.01454	0.01189	0.02117	0.05298	0.02601	0.02764	0.04101	0.02585	0.15164	0.30985	0.01053	0.09389	0.01091	0.11476	0.00918
40	0.02175	0.02712	0.18332	0.03010	0.13526	0.02025	0.05418	0.03004	0.06754	0.06823	0.02406	0.03115	0.01989	0.06888	0.13388	0.00624	0.04952	0.00967	0.00583	0.01311
41	0.03563	0.04421	0.02661	0.02427	0.02916	0.55783	0.01820	0.03838	0.02762	0.02550	0.01689	0.01963	0.01394	0.01039	0.00881	0.00255	0.01683	0.00667	0.06552	0.01136
42	0.01520	0.01071	0.01434	0.01614	0.01771	0.01063	0.01299	0.01841	0.02061	0.02698	0.04846	0.17366	0.05397	0.16226	0.02161	0.00561	0.00883	0.34503	0.00851	0.00836
43	0.01883	0.01772	0.02990	0.62569	0.06866	0.02215	0.02769	0.02547	0.01993	0.02547	0.01772	0.02658	0.01329	0.00997	0.00997	0.00332	0.01329	0.00886	0.00443	0.01107
44	0.03570	0.04429	0.02754	0.02502	0.03021	0.53732	0.01883	0.04144	0.09517	0.02654	0.01852	0.02035	0.01502	0.01067	0.00913	0.00267	0.01673	0.00702	0.00576	0.01208
45	0.13524	0.09143	0.38648	0.02473	0.03633	0.10315	0.02879	0.03218	0.02130	0.03211	0.01661	0.01947	0.01238	0.00947	0.00864	0.00299	0.01373	0.00677	0.00465	0.01353
46	0.02717	0.02263	0.03189	0.06222	0.13800	0.02354	0.08777	0.11522	0.19813	0.07791	0.02780	0.02911	0.02085	0.01087	0.00998	0.00303	0.01050	0.00979	0.00790	0.08568
47	0.01450	0.00966	0.01087	0.01087	0.01087	0.00966	0.00604	0.01450	0.01450	0.01933	0.03141	0.06524	0.03624	0.64965	0.05074	0.00966	0.00966	0.01450	0.00604	0.00604
48	0.02467	0.02369	0.04046	0.06119	0.58747	0.02369	0.03059	0.03059	0.02270	0.03257	0.01875	0.02467	0.01579	0.00888	0.00987	0.00296	0.01184	0.00888	0.00493	0.01579
49	0.02262	0.04110	0.38080	0.02855	0.04079	0.02385	0.11047	0.07919	0.07906	0.03543	0.02105	0.02380	0.01529	0.00984	0.00983	0.00312	0.01368	0.00850	0.00552	0.04752
50	0.01277	0.00912	0.01229	0.01460	0.01545	0.00864	0.01035	0.01497	0.01971	0.02615	0.05460	0.55792	0.06456	0.03064	0.01289	0.00414	0.00633	0.10735	0.00924	0.00827
51	0.01961	0.01852	0.03132	0.54975	0.13845	0.02236	0.02808	0.02616	0.02031	0.02643	0.01786	0.02632	0.01363	0.00982	0.00995	0.00327	0.01309	0.00886	0.00450	0.01171
52	0.02727	0.22347	0.22882	0.02524	0.03592	0.02769	0.10751	0.06805	0.02397	0.11161	0.02049	0.02247	0.01508	0.00959	0.00902	0.00286	0.01269	0.00793	0.00590	0.01441
53	0.02831	0.22172	0.21416	0.02295	0.03312	0.02770	0.05335	0.08807	0.06232	0.12338	0.02242	0.02333	0.01641	0.01012	0.00886	0.00285	0.01177	0.00786	0.00657	0.01473
54	0.01607	0.01260	0.01688	0.01869	0.05974	0.01344	0.01262	0.02094	0.06169	0.03078	0.14378	0.32068	0.05526	0.02291	0.01393	0.00363	0.07788	0.01977	0.06878	0.00992
55	0.02543	0.02561	0.12455	0.16259	0.15439	0.02170	0.09057	0.07676	0.02457	0.10849	0.02452	0.07264	0.01974	0.01157	0.01031	0.00322	0.01225	0.01062	0.00649	0.01399
56	0.02668	0.26267	0.27946	0.02320	0.03382	0.11297	0.02563	0.03341	0.02236	0.06948	0.01770	0.01977	0.01361	0.00947	0.00835	0.00270	0.01329	0.00671	0.00497	0.01375
57	0.02977	0.02602	0.02952	0.02408	0.03060	0.06882	0.07151	0.21592	0.27048	0.04557	0.02964	0.02950	0.02217	0.01247	0.01141	0.00325	0.04495	0.01007	0.00890	0.01537
58	0.10470	0.02600	0.02719	0.02152	0.02894	0.02907	0.01762	0.42071	0.12777	0.05761	0.02559	0.02528	0.01850	0.01194	0.00962	0.00306	0.01015	0.00898	0.00962	0.01614
59	0.02205	0.01969	0.02933	0.43494	0.08799	0.02355	0.02506	0.08360	0.11106	0.03226	0.02208	0.02791	0.01656	0.01068	0.00999	0.00328	0.01210	0.00926	0.00594	0.01270
60	0.01450	0.00966	0.01087	0.01087	0.01087	0.00966	0.00604	0.01450	0.01450	0.01933	0.03141	0.06524	0.03624	0.64965	0.05074	0.00966	0.00966	0.01450	0.00604	0.00604
61	0.01701	0.01141	0.01273	0.01224	0.01414	0.01138	0.00840	0.07098	0.02171	0.03061	0.09196	0.13306	0.10024	0.26050	0.02570	0.00560	0.00740	0.01573	0.14061	0.00859
62	0.01411	0.01010	0.01369	0.01523	0.01690	0.00969	0.01185	0.01765	0.02280	0.03070	0.18491	0.30261	0.06969	0.02715	0.01288	0.00403	0.00679	0.21073	0.00965	0.00883
63	0.66909	0.01910	0.01529	0.01346	0.01974	0.02178	0.01109	0.03076	0.01784	0.08622	0.01580	0.01753	0.01184	0.00949	0.00646	0.00308	0.00777	0.00575	0.00663	0.01126
64	0.09755	0.02717	0.02858	0.02208	0.02990	0.03017	0.01824	0.50832	0.04426	0.06124	0.02305	0.02326	0.01641	0.01173	0.00964	0.00300	0.01068	0.00866	0.00964	0.01641
65	0.03220	0.03744	0.02594	0.02312	0.02877	0.39106	0.01757	0.04189	0.17401	0.02990	0.02246	0.02345	0.01780	0.01086	0.00914	0.00268	0.01418	0.00768	0.00657	0.08331
66	0.02967	0.02294	0.03624	0.04933	0.42740	0.02285	0.02650	0.09017	0.02634	0.13593	0.02298	0.02624	0.01750	0.00983	0.00991	0.00299	0.01115	0.00910	0.00680	0.01613
67	0.01328	0.00971	0.01252	0.01310	0.01491	0.00895	0.00954	0.01669	0.02410	0.03289	0.31538	0.28243	0.13138	0.02516	0.01222	0.00357	0.00537	0.04989	0.01008	0.00882
68	0.01402	0.01022	0.01352	0.01558	0.01695	0.01003	0.01166	0.01807	0.05062	0.02766	0.05350	0.45032	0.06140	0.02915	0.01290	0.00417	0.00692	0.17517	0.00928	0.00885
69	0.02099	0.02194	0.04323	0.35678	0.06103	0.02356	0.26891	0.02845	0.02159	0.02845	0.01885	0.02672	0.01414	0.00925	0.01080	0.00334	0.01491	0.01020	0.00471	0.01217
70	0.01679	0.01078	0.01418	0.01300	0.01582	0.00986	0.00986	0.02142	0.02825	0.08846	0.53473	0.07092	0.08799	0.01968	0.01161	0.00313	0.00503	0.01733	0.01109	0.01007
71	0.04473	0.01697	0.02313	0.01774	0.02545	0.01465	0.01465	0.04858	0.02853	0.59437	0.03933	0.03393	0.02468	0.01234	0.01003	0.00308	0.00848	0.01003	0.01234	0.01697
72	0.01209	0.00890	0.01134	0.01329	0.01430	0.00815	0.00899	0.01395	0.01965	0.02568	0.06214	0.55767	0.14676	0.03030	0.01258	0.00394	0.00567	0.02720	0.00925	0.00815
73	0.65816	0.01835	0.01438	0.01318	0.01886	0.02112	0.01066	0.02796	0.01715	0.04304	0.01747	0.07102	0.01562	0.01118	0.00674	0.00317	0.00754	0.00740	0.00644	0.01056
74	0.12460	0.02181	0.03225	0.11701	0.30810	0.02432	0.02469	0.03114	0.07576	0.03322	0.01937	0.02457	0.01587	0.01068	0.01240	0.00325	0.09305	0.00859	0.00550	0.01382
75	0.12202	0.30931	0.03808	0.02202	0.07507	0.03233	0.01767	0.14678	0.08512	0.03768	0.01937	0.02080	0.01560	0.00995	0.00785	0.00266	0.01014	0.00709	0.00646	0.01402
76	0.02897	0.03471	0.30075	0.02294	0.03421	0.01997	0.02534	0.08084	0.02545	0.20138	0.02475	0.02507	0.01686	0.01026	0.00940	0.00290	0.01156	0.00810	0.00735	0.10920
77	0.03484	0.02925	0.19382	0.02190	0.03157	0.02051	0.02196	0.12410	0.07006	0.30225	0.03065	0.02879	0.02033	0.01152	0.00986	0.00311	0.01068	0.00917	0.00940	0.01622
78	0.02890	0.40193	0.09241	0.01978	0.02854	0.03494	0.01921	0.16851	0.05905	0.03552	0.01839	0.01974	0.01489	0.00980	0.00782	0.00252	0.01094	0.00681	0.00609	0.01422
79	0.01999	0.05157	0.59800	0.02841	0.04315	0.02315	0.03683	0.03157	0.02105	0.03157	0.01789	0.02105	0.01263	0.00947	0.00947	0.00316	0.01473	0.00737	0.00421	0.01473
80	0.08154	0.01543	0.02268	0.01922	0.02334	0.01630	0.08466	0.06902	0.02142	0.07289	0.06541	0.03895	0.02773	0.10425	0.28136	0.00954	0.01771	0.01108	0.00676	0.01072
81	0.02133	0.01939	0.03132	0.36604	0.20941	0.02201	0.02626	0.06521	0.02265	0.03027	0.02173	0.07976	0.01888	0.01167	0.01018	0.00326	0.01205	0.01058	0.00541	0.01260
82	0.02785	0.07116	0.15803	0.02806	0.12120	0.02319	0.02282	0.04200	0.20891	0.14861	0.02980	0.02938	0.02164	0.01127	0.00967	0.00312	0.01039	0.00934	0.00799	0.01558
83	0.38400	0.03085	0.02082	0.01881	0.02451	0.25932	0.01464	0.03561	0.06983	0.03627	0.01683	0.01875	0.01334	0.01004	0.00765	0.00290	0.01187	0.00632	0.00610	0.01154
84	0.01884	0.01148	0.01437	0.01461	0.01700	0.01100	0.01038	0.02349	0.07606	0.11802	0.05220	0.39462	0.08995	0.08007	0.01529	0.00427	0.00672	0.02194	0.00956	0.01014
85	0.03461	0.02203	0.02690	0.02147	0.02696	0.02479	0.01775	0.23633	0.03173	0.20807	0.02613	0.02708	0.01871	0.01349	0.01576	0.00334	0.17191	0.00924	0.04876	0.01494

[dist]
# distance from previous block
# <min> <max>
0	37

[block]
# block no. 1 follows, 15 sequences, length 55
# corresponding to MSA columns:
# 134-188
name=unknown_B
#
# <colnr> <probs for GDERKNQSTAVLIFYWHMCP>
#	G	D	E	R	K	N	Q	S	T	A	V	L	I	F	Y	W	H	M	C	P
0	0.09488	0.02536	0.13968	0.06322	0.06451	0.02002	0.15698	0.03017	0.05507	0.07632	0.02849	0.14751	0.02585	0.01395	0.01049	0.00339	0.01162	0.01305	0.00668	0.01276
1	0.01336	0.01384	0.07949	0.01591	0.01825	0.01010	0.01297	0.01645	0.01962	0.02650	0.05051	0.52981	0.05912	0.02843	0.01243	0.00399	0.00708	0.06455	0.00867	0.00895
2	0.16375	0.02141	0.02315	0.01839	0.02504	0.02271	0.01485	0.26497	0.03289	0.19059	0.02687	0.02981	0.02001	0.08503	0.01398	0.00380	0.00958	0.00922	0.00942	0.01455
3	0.06774	0.15038	0.25620	0.02458	0.07405	0.02365	0.02461	0.03405	0.02230	0.14732	0.02139	0.02273	0.01545	0.00967	0.00869	0.00280	0.01148	0.00742	0.00620	0.06931
4	0.01812	0.01908	0.06590	0.24658	0.04025	0.02121	0.02189	0.02252	0.01838	0.02545	0.02575	0.18074	0.02650	0.01758	0.01753	0.00381	0.19893	0.01364	0.00561	0.01053
5	0.01571	0.01408	0.01382	0.01382	0.01627	0.07798	0.01006	0.01887	0.02454	0.03129	0.26509	0.22076	0.19424	0.02320	0.01170	0.00336	0.00660	0.02009	0.00944	0.00908
6	0.02230	0.02081	0.03279	0.28524	0.26987	0.02326	0.02664	0.03266	0.12348	0.03136	0.02240	0.02779	0.01749	0.01019	0.00996	0.00319	0.01170	0.00932	0.00570	0.01385
7	0.63996	0.01953	0.01556	0.01394	0.02004	0.02264	0.01137	0.03203	0.08062	0.04438	0.01696	0.01861	0.01306	0.00975	0.00663	0.00312	0.00773	0.00607	0.00663	0.01137
8	0.02763	0.10956	0.03069	0.02215	0.02724	0.02995	0.01843	0.17205	0.20742	0.03986	0.02510	0.02666	0.01979	0.01351	0.01576	0.00338	0.17959	0.00917	0.00772	0.01434
9	0.02344	0.01401	0.01689	0.01493	0.01912	0.01396	0.01160	0.03329	0.15015	0.15397	0.27280	0.05259	0.05602	0.01598	0.01038	0.00307	0.00620	0.01366	0.10555	0.01239
10	0.72007	0.01928	0.01465	0.01311	0.01928	0.02236	0.01080	0.02930	0.01697	0.04473	0.01388	0.01619	0.01080	0.00925	0.00617	0.00308	0.00771	0.00540	0.00617	0.01080
11	0.01248	0.00926	0.01164	0.01287	0.01435	0.00843	0.00896	0.01497	0.02166	0.02870	0.17136	0.42076	0.17237	0.02786	0.01234	0.00373	0.00542	0.02482	0.00961	0.00843
12	0.01417	0.00987	0.01235	0.01289	0.01393	0.00955	0.00888	0.01635	0.02010	0.02731	0.18314	0.18143	0.05980	0.28505	0.02842	0.00622	0.00758	0.08687	0.00836	0.00773
13	0.01462	0.00981	0.01129	0.01147	0.01165	0.00981	0.00684	0.01499	0.01517	0.02016	0.03311	0.06899	0.03792	0.60026	0.04780	0.00926	0.00963	0.05466	0.00629	0.00629
14	0.02480	0.02141	0.02254	0.02029	0.02592	0.02480	0.01578	0.05297	0.56946	0.04170	0.04057	0.03719	0.03043	0.01352	0.01014	0.00338	0.00789	0.01127	0.01014	0.01578
15	0.03060	0.08072	0.03714	0.03989	0.24989	0.25048	0.06138	0.07528	0.02660	0.03108	0.01761	0.02155	0.01448	0.00960	0.00941	0.00278	0.01439	0.00788	0.00537	0.01387
16	0.01277	0.00967	0.01415	0.01542	0.01652	0.00903	0.03892	0.01487	0.01933	0.02580	0.05304	0.60942	0.06315	0.02998	0.01267	0.00401	0.00639	0.02743	0.00902	0.00839
17	0.02959	0.02325	0.02623	0.06803	0.03111	0.02420	0.01712	0.29095	0.10386	0.04815	0.02373	0.02487	0.01774	0.01065	0.00922	0.00262	0.00969	0.00835	0.00835	0.22232
18	0.02164	0.02067	0.03298	0.18129	0.25850	0.02416	0.02572	0.02656	0.02035	0.02901	0.06112	0.02821	0.02057	0.01250	0.01659	0.00346	0.18924	0.00955	0.00512	0.01277
19	0.06230	0.16906	0.45598	0.02527	0.03828	0.02633	0.03140	0.03110	0.02065	0.03074	0.01686	0.01976	0.01255	0.00927	0.00867	0.00295	0.01352	0.00685	0.00434	0.01412
20	0.02326	0.28798	0.28765	0.02623	0.03769	0.03000	0.11760	0.03095	0.02116	0.02840	0.01668	0.02004	0.01312	0.00891	0.00864	0.00278	0.01347	0.00731	0.00437	0.01374
21	0.01798	0.01084	0.01435	0.01352	0.01627	0.00988	0.01011	0.02199	0.02649	0.11414	0.40420	0.17951	0.07895	0.02138	0.01171	0.00331	0.00544	0.01892	0.01083	0.01020
22	0.01924	0.03148	0.26839	0.03092	0.12092	0.01923	0.08498	0.02703	0.02201	0.03132	0.06446	0.11817	0.03095	0.01493	0.01086	0.00343	0.01203	0.07066	0.00610	0.01289
23	0.07120	0.02711	0.11886	0.06939	0.11343	0.02348	0.08370	0.14407	0.06705	0.14524	0.02493	0.02648	0.01772	0.01063	0.00988	0.00313	0.01161	0.00918	0.00768	0.01521
24	0.02997	0.01480	0.01935	0.01629	0.02132	0.01402	0.01294	0.03555	0.06729	0.30828	0.18249	0.09100	0.07803	0.01685	0.01190	0.00327	0.03805	0.01406	0.01103	0.01350
25	0.01419	0.01001	0.01218	0.01312	0.01418	0.00972	0.00923	0.01591	0.01831	0.02382	0.04877	0.17191	0.11167	0.32241	0.03087	0.00676	0.00838	0.14340	0.00771	0.00743
26	0.06867	0.12073	0.40704	0.07213	0.04016	0.02450	0.03040	0.03188	0.02110	0.06901	0.01855	0.02139	0.01340	0.00957	0.00894	0.00303	0.01322	0.00728	0.00491	0.01409
27	0.15835	0.02494	0.10426	0.11173	0.14633	0.02226	0.05756	0.06511	0.05340	0.12868	0.02257	0.02517	0.01638	0.01015	0.00930	0.00313	0.01115	0.00854	0.00682	0.01418
28	0.01558	0.01165	0.01615	0.01854	0.07982	0.01229	0.01120	0.01755	0.01599	0.02224	0.02825	0.05111	0.02978	0.36741	0.24883	0.01120	0.01609	0.01247	0.00566	0.00820
29	0.02247	0.03573	0.34948	0.02614	0.07786	0.01908	0.02741	0.03106	0.02374	0.11008	0.14248	0.03460	0.03207	0.01217	0.01007	0.00313	0.01149	0.01015	0.00683	0.01397
30	0.01855	0.01865	0.06238	0.01969	0.02242	0.01997	0.01675	0.02547	0.08467	0.03281	0.24116	0.04526	0.04759	0.02098	0.05446	0.00437	0.23341	0.01270	0.00767	0.01103
31	0.02599	0.06421	0.19263	0.02904	0.12928	0.02272	0.02430	0.14607	0.02799	0.08239	0.05832	0.07518	0.02596	0.01321	0.01011	0.00316	0.01116	0.03658	0.00727	0.01441
32	0.02665	0.65565	0.05224	0.01706	0.02559	0.03945	0.01706	0.02985	0.02026	0.02345	0.01386	0.01599	0.01279	0.00853	0.00640	0.00213	0.01066	0.00533	0.00426	0.01279
33	0.01430	0.01045	0.01485	0.01485	0.01623	0.01183	0.01100	0.01705	0.01567	0.02228	0.02777	0.04509	0.02750	0.20545	0.48298	0.01458	0.02283	0.01155	0.00550	0.00825
34	0.04473	0.01697	0.02313	0.01774	0.02545	0.01465	0.01465	0.04858	0.02853	0.59437	0.03933	0.03393	0.02468	0.01234	0.01003	0.00308	0.00848	0.01003	0.01234	0.01697
35	0.01883	0.01772	0.02990	0.62569	0.06866	0.02215	0.02769	0.02547	0.01993	0.02547	0.01772	0.02658	0.01329	0.00997	0.00997	0.00332	0.01329	0.00886	0.00443	0.01107
36	0.03057	0.01674	0.02058	0.01709	0.02307	0.01625	0.01360	0.04154	0.18113	0.27530	0.16108	0.04315	0.04135	0.01417	0.01028	0.00307	0.00739	0.01192	0.01098	0.06075
37	0.72007	0.01928	0.01465	0.01311	0.01928	0.02236	0.01080	0.02930	0.01697	0.04473	0.01388	0.01619	0.01080	0.00925	0.00617	0.00308	0.00771	0.00540	0.00617	0.01080
38	0.03661	0.02355	0.03260	0.02461	0.03274	0.02388	0.11847	0.24879	0.07154	0.23658	0.02959	0.02880	0.02015	0.01152	0.01034	0.00312	0.01102	0.01002	0.00985	0.01621
39	0.01691	0.01486	0.02318	0.24954	0.12739	0.01609	0.01942	0.02167	0.02171	0.02885	0.11564	0.16854	0.10178	0.01743	0.01099	0.00339	0.00933	0.01560	0.00700	0.01068
40	0.04473	0.01697	0.02313	0.01774	0.02545	0.01465	0.01465	0.04858	0.02853	0.59437	0.03933	0.03393	0.02468	0.01234	0.01003	0.00308	0.00848	0.01003	0.01234	0.01697
41	0.07817	0.01901	0.02203	0.09626	0.02985	0.02062	0.01590	0.04217	0.28897	0.12863	0.03760	0.03629	0.06110	0.01284	0.00969	0.00315	0.00844	0.01054	0.00907	0.06967
42	0.02407	0.03835	0.35835	0.02625	0.03591	0.02396	0.02948	0.03194	0.02053	0.11085	0.01966	0.02312	0.01450	0.01209	0.01596	0.00348	0.18395	0.00813	0.00543	0.01400
43	0.02591	0.40297	0.04041	0.01834	0.02572	0.03361	0.01655	0.03906	0.23906	0.03072	0.02450	0.02444	0.01982	0.01052	0.00789	0.00263	0.00956	0.00770	0.00661	0.01398
44	0.01373	0.00985	0.01100	0.01090	0.01210	0.00930	0.00690	0.01503	0.01852	0.02413	0.12465	0.07455	0.18762	0.40022	0.03522	0.00712	0.00778	0.01669	0.00756	0.00712
45	0.02687	0.02228	0.06460	0.08751	0.03081	0.02194	0.01801	0.21909	0.10718	0.07907	0.17240	0.03968	0.03875	0.01401	0.01043	0.00314	0.00929	0.01160	0.00937	0.01400
46	0.01326	0.00917	0.01155	0.01278	0.01414	0.00853	0.00889	0.01600	0.02145	0.02988	0.16347	0.41399	0.10810	0.02628	0.01179	0.00361	0.00537	0.02346	0.08976	0.00853
47	0.02221	0.03231	0.25034	0.02209	0.03186	0.02126	0.02313	0.06987	0.17448	0.03720	0.06469	0.02942	0.02403	0.01113	0.00946	0.00289	0.01049	0.00903	0.00703	0.14708
48	0.03583	0.02796	0.19947	0.02393	0.06886	0.01785	0.02249	0.04218	0.02586	0.38487	0.03140	0.02938	0.02040	0.01123	0.00985	0.00310	0.01061	0.00914	0.00936	0.01621
49	0.72007	0.01928	0.01465	0.01311	0.01928	0.02236	0.01080	0.02930	0.01697	0.04473	0.01388	0.01619	0.01080	0.00925	0.00617	0.00308	0.00771	0.00540	0.00617	0.01080
50	0.02337	0.01763	0.02095	0.01510	0.02383	0.01344	0.01213	0.02773	0.02155	0.09548	0.02014	0.02216	0.01588	0.00794	0.00768	0.00166	0.00751	0.00637	0.00663	0.63283
51	0.01293	0.00928	0.01227	0.01335	0.01463	0.00862	0.00931	0.01585	0.02272	0.03124	0.26501	0.41658	0.07714	0.02691	0.01234	0.00368	0.00535	0.02423	0.00994	0.00862
52	0.06953	0.02505	0.02885	0.07227	0.09524	0.06888	0.02048	0.18163	0.13088	0.04066	0.02255	0.02539	0.01762	0.01262	0.01443	0.00335	0.14021	0.00894	0.00727	0.01415
53	0.50813	0.02065	0.01578	0.01460	0.01973	0.08744	0.01149	0.02799	0.01938	0.03989	0.06319	0.08992	0.02363	0.01266	0.00765	0.00314	0.00845	0.00903	0.00677	0.01048
54	0.01981	0.01630	0.01962	0.01517	0.02180	0.01409	0.01211	0.02400	0.01976	0.03133	0.02005	0.02470	0.01699	0.01607	0.07561	0.00340	0.05818	0.00704	0.08627	0.49770

[dist]
# distance from previous block
# <min> <max>
0	1

[block]
# block no. 2 follows, 15 sequences, length 33
# corresponding to MSA columns:
# 190-222
name=unknown_C
#
# <colnr> <probs for GDERKNQSTAVLIFYWHMCP>
#	G	D	E	R	K	N	Q	S	T	A	V	L	I	F	Y	W	H	M	C	P
0	0.28037	0.09531	0.08840	0.05352	0.02632	0.02170	0.01696	0.05890	0.02119	0.03625	0.02606	0.08616	0.02526	0.01473	0.00905	0.00336	0.00954	0.10889	0.00669	0.01135
1	0.38234	0.02039	0.08238	0.01553	0.02180	0.01823	0.01398	0.02921	0.02059	0.11613	0.08888	0.09852	0.02901	0.01354	0.00849	0.00321	0.00805	0.01039	0.00771	0.01162
2	0.01849	0.01540	0.01834	0.01454	0.02128	0.01196	0.01116	0.02223	0.02027	0.03068	0.02726	0.18024	0.02788	0.01350	0.00875	0.00214	0.00697	0.01166	0.00676	0.53051
3	0.01429	0.01021	0.01403	0.01634	0.01786	0.00995	0.01299	0.01759	0.02120	0.02785	0.05376	0.35221	0.06124	0.02921	0.01330	0.00435	0.00765	0.29808	0.00921	0.00869
4	0.02786	0.03113	0.17104	0.02119	0.03045	0.08787	0.02054	0.12517	0.02767	0.10178	0.05470	0.02577	0.02025	0.01041	0.00913	0.00259	0.01110	0.00808	0.00715	0.20610
5	0.02181	0.02181	0.03053	0.02617	0.02617	0.03053	0.02181	0.02399	0.01527	0.02399	0.01309	0.02181	0.01309	0.01745	0.03272	0.00436	0.63141	0.00872	0.00436	0.01091
6	0.02480	0.02141	0.02254	0.02029	0.02592	0.02480	0.01578	0.05297	0.56946	0.04170	0.04057	0.03719	0.03043	0.01352	0.01014	0.00338	0.00789	0.01127	0.01014	0.01578
7	0.01300	0.00929	0.01251	0.01457	0.01560	0.00880	0.01048	0.01548	0.02049	0.02738	0.09614	0.50374	0.06663	0.02972	0.01283	0.00407	0.00630	0.11519	0.00938	0.00839
8	0.01999	0.05157	0.59800	0.02841	0.04315	0.02315	0.03683	0.03157	0.02105	0.03157	0.01789	0.02105	0.01263	0.00947	0.00947	0.00316	0.01473	0.00737	0.00421	0.01473
9	0.02348	0.01763	0.02096	0.01511	0.02384	0.01345	0.01214	0.02784	0.02159	0.09802	0.02024	0.02222	0.01592	0.00796	0.00769	0.00166	0.00751	0.00639	0.00666	0.62970
10	0.10281	0.02074	0.03153	0.02563	0.03195	0.02178	0.18474	0.03670	0.22507	0.03628	0.03356	0.08806	0.02924	0.01444	0.01082	0.00353	0.01068	0.07147	0.00788	0.01309
11	0.01215	0.00868	0.01157	0.01388	0.01446	0.00810	0.00925	0.01388	0.01909	0.02545	0.05495	0.64315	0.06593	0.03123	0.01272	0.00405	0.00578	0.02834	0.00925	0.00810
12	0.01883	0.01772	0.02990	0.62569	0.06866	0.02215	0.02769	0.02547	0.01993	0.02547	0.01772	0.02658	0.01329	0.00997	0.00997	0.00332	0.01329	0.00886	0.00443	0.01107
13	0.02387	0.02336	0.04135	0.12429	0.46590	0.02368	0.09012	0.03016	0.02247	0.03167	0.01879	0.02515	0.01542	0.00895	0.01010	0.00305	0.01258	0.00921	0.00489	0.01498
14	0.02505	0.02742	0.02379	0.02156	0.02372	0.23934	0.01645	0.02714	0.02005	0.02311	0.01946	0.03134	0.01920	0.14687	0.10862	0.00637	0.19618	0.00927	0.00512	0.00991
15	0.72007	0.01928	0.01465	0.01311	0.01928	0.02236	0.01080	0.02930	0.01697	0.04473	0.01388	0.01619	0.01080	0.00925	0.00617	0.00308	0.00771	0.00540	0.00617	0.01080
16	0.01315	0.00939	0.01272	0.01503	0.01605	0.00896	0.01100	0.01562	0.02008	0.02657	0.05439	0.50710	0.06374	0.03029	0.01299	0.00419	0.00665	0.15447	0.00923	0.00837
17	0.02067	0.01772	0.02067	0.01477	0.02362	0.01329	0.01181	0.02510	0.02067	0.03248	0.01772	0.02067	0.01477	0.00738	0.00738	0.00148	0.00738	0.00591	0.00591	0.71059
18	0.02480	0.02141	0.02254	0.02029	0.02592	0.02480	0.01578	0.05297	0.56946	0.04170	0.04057	0.03719	0.03043	0.01352	0.01014	0.00338	0.00789	0.01127	0.01014	0.01578
19	0.02357	0.02256	0.03848	0.16745	0.48981	0.02340	0.03005	0.02963	0.02218	0.03123	0.01856	0.02503	0.01532	0.00909	0.00989	0.00303	0.01212	0.00888	0.00484	0.01490
20	0.01215	0.00868	0.01157	0.01388	0.01446	0.00810	0.00925	0.01388	0.01909	0.02545	0.05495	0.64315	0.06593	0.03123	0.01272	0.00405	0.00578	0.02834	0.00925	0.00810
21	0.03456	0.04319	0.02652	0.02416	0.02898	0.54020	0.01812	0.03738	0.02825	0.02620	0.08098	0.02451	0.02224	0.01144	0.00931	0.00263	0.01644	0.00776	0.00581	0.01131
22	0.02317	0.02216	0.03776	0.20590	0.45447	0.02329	0.02985	0.02928	0.02199	0.03075	0.01849	0.02516	0.01515	0.00916	0.00989	0.00305	0.01221	0.00888	0.00481	0.01458
23	0.72007	0.01928	0.01465	0.01311	0.01928	0.02236	0.01080	0.02930	0.01697	0.04473	0.01388	0.01619	0.01080	0.00925	0.00617	0.00308	0.00771	0.00540	0.00617	0.01080
24	0.01479	0.01498	0.08096	0.01438	0.01816	0.01100	0.01258	0.02029	0.02739	0.03900	0.51693	0.06829	0.08464	0.01912	0.01149	0.00314	0.00586	0.01680	0.01019	0.01002
25	0.01351	0.01017	0.01250	0.01192	0.01453	0.00915	0.00894	0.01766	0.02681	0.03663	0.45885	0.07997	0.21951	0.02163	0.01176	0.00319	0.00479	0.01880	0.01053	0.00915
26	0.02055	0.04808	0.53143	0.02747	0.04115	0.02334	0.03440	0.03405	0.08449	0.03274	0.02051	0.02291	0.01469	0.00994	0.00955	0.00318	0.01394	0.00782	0.00490	0.01485
27	0.01290	0.00875	0.01130	0.01335	0.01413	0.00824	0.00899	0.01497	0.01930	0.02681	0.05233	0.57247	0.06122	0.02894	0.01205	0.00385	0.00565	0.02612	0.09040	0.00824
28	0.01384	0.01505	0.09288	0.01547	0.01854	0.01058	0.01310	0.01785	0.02219	0.03080	0.21354	0.38091	0.06733	0.02487	0.01198	0.00364	0.00668	0.02225	0.00909	0.00942
29	0.04226	0.02175	0.02518	0.02136	0.05612	0.08580	0.01637	0.08649	0.02964	0.45637	0.03424	0.03079	0.02222	0.01189	0.00989	0.00301	0.00996	0.00946	0.01092	0.01627
30	0.02663	0.54215	0.11419	0.01899	0.02800	0.07791	0.01952	0.03076	0.02091	0.02447	0.01444	0.01672	0.01278	0.00876	0.00694	0.00228	0.01165	0.00565	0.00432	0.01293
31	0.01986	0.01840	0.02612	0.02596	0.08762	0.02346	0.01859	0.02236	0.01706	0.02538	0.06256	0.03486	0.02449	0.13134	0.06111	0.00564	0.36892	0.01060	0.00530	0.01039
32	0.02369	0.02122	0.06349	0.02309	0.02983	0.01974	0.13264	0.03770	0.22034	0.10178	0.10998	0.04511	0.09783	0.01424	0.01084	0.00330	0.00960	0.01298	0.00892	0.01368

[dist]
# distance from previous block
# <min> <max>
0	53

[block]
# block no. 3 follows, 15 sequences, length 32
# corresponding to MSA columns:
# 276-307
name=unknown_D
#
# <colnr> <probs for GDERKNQSTAVLIFYWHMCP>
#	G	D	E	R	K	N	Q	S	T	A	V	L	I	F	Y	W	H	M	C	P
0	0.01347	0.00986	0.01264	0.01258	0.01466	0.00903	0.00919	0.01733	0.02576	0.03565	0.42425	0.19553	0.13667	0.02313	0.01196	0.00335	0.00496	0.02048	0.01044	0.00903
1	0.01858	0.00929	0.00929	0.00929	0.01161	0.00929	0.00697	0.02323	0.02091	0.03717	0.03252	0.03717	0.02555	0.01161	0.00697	0.00232	0.00465	0.00929	0.70499	0.00929
2	0.02085	0.01979	0.03356	0.42995	0.24855	0.02268	0.02869	0.02725	0.02089	0.02793	0.01808	0.02592	0.01416	0.00959	0.00993	0.00320	0.01279	0.00887	0.00460	0.01271
3	0.02625	0.03229	0.24769	0.08759	0.07967	0.02182	0.06841	0.03788	0.11355	0.14558	0.02617	0.02758	0.01849	0.01064	0.00995	0.00320	0.01216	0.00915	0.00696	0.01497
4	0.72007	0.01928	0.01465	0.01311	0.01928	0.02236	0.01080	0.02930	0.01697	0.04473	0.01388	0.01619	0.01080	0.00925	0.00617	0.00308	0.00771	0.00540	0.00617	0.01080
5	0.02272	0.12514	0.12645	0.03573	0.10952	0.02536	0.27869	0.03010	0.02304	0.03145	0.07440	0.02883	0.02232	0.00982	0.01038	0.00307	0.01375	0.01042	0.00538	0.01342
6	0.02160	0.02069	0.03281	0.08164	0.24063	0.02304	0.05450	0.02623	0.02031	0.02897	0.02503	0.03550	0.05396	0.01385	0.01683	0.00348	0.18918	0.05108	0.00542	0.05524
7	0.01222	0.00909	0.01140	0.01299	0.01429	0.00827	0.00891	0.01435	0.02056	0.02689	0.10567	0.48438	0.17635	0.02913	0.01245	0.00383	0.00555	0.02601	0.00939	0.00827
8	0.03047	0.24117	0.03896	0.02801	0.13491	0.03195	0.02027	0.23437	0.07555	0.04188	0.02085	0.02244	0.01640	0.01033	0.00874	0.00272	0.01078	0.00790	0.00707	0.01521
9	0.02973	0.01982	0.02326	0.01722	0.02564	0.01750	0.01401	0.14758	0.02819	0.16155	0.02380	0.02428	0.01741	0.00948	0.00853	0.00216	0.00842	0.00748	0.00821	0.40572
10	0.03169	0.09752	0.04147	0.03012	0.03769	0.27515	0.21030	0.06894	0.02695	0.05918	0.01876	0.02220	0.01454	0.00964	0.00985	0.00286	0.01589	0.00859	0.00570	0.01298
11	0.17195	0.02401	0.04495	0.03282	0.04178	0.02324	0.36859	0.03354	0.02281	0.10760	0.02134	0.02557	0.01546	0.00909	0.01037	0.00327	0.01382	0.01021	0.00622	0.01335
12	0.04214	0.01621	0.02176	0.01690	0.02408	0.01412	0.01389	0.04607	0.02778	0.53915	0.03865	0.03425	0.02476	0.01227	0.00972	0.00301	0.00810	0.00995	0.08098	0.01621
13	0.18187	0.01619	0.01797	0.01487	0.02101	0.01557	0.01205	0.06649	0.02550	0.27822	0.05052	0.04724	0.18157	0.01535	0.00969	0.00316	0.00749	0.01211	0.00996	0.01317
14	0.01206	0.00900	0.01123	0.01301	0.01423	0.00817	0.00887	0.01398	0.01992	0.02579	0.06549	0.51780	0.18447	0.02986	0.01251	0.00389	0.00562	0.02667	0.00925	0.00817
15	0.01215	0.00868	0.01157	0.01388	0.01446	0.00810	0.00925	0.01388	0.01909	0.02545	0.05495	0.64315	0.06593	0.03123	0.01272	0.00405	0.00578	0.02834	0.00925	0.00810
16	0.01929	0.01819	0.03074	0.58084	0.10988	0.02227	0.02792	0.02588	0.02015	0.02603	0.01780	0.02643	0.01349	0.00988	0.00996	0.00329	0.01317	0.00886	0.00447	0.01145
17	0.01887	0.01261	0.01897	0.01710	0.02062	0.01163	0.06459	0.02307	0.02485	0.10819	0.24268	0.18893	0.09460	0.02165	0.01201	0.00356	0.00728	0.08847	0.00986	0.01046
18	0.01450	0.00966	0.01087	0.01087	0.01087	0.00966	0.00604	0.01450	0.01450	0.01933	0.03141	0.06524	0.03624	0.64965	0.05074	0.00966	0.00966	0.01450	0.00604	0.00604
19	0.33698	0.24202	0.11145	0.01750	0.02529	0.02887	0.01737	0.02946	0.01856	0.03420	0.01439	0.01719	0.01189	0.00958	0.00847	0.00285	0.05091	0.00587	0.00512	0.01205
20	0.01576	0.01474	0.02010	0.01763	0.02036	0.01639	0.05178	0.01872	0.01998	0.02608	0.06250	0.06400	0.32291	0.02669	0.07709	0.00491	0.18787	0.01580	0.00716	0.00955
21	0.02294	0.03130	0.19982	0.08906	0.39694	0.02343	0.03219	0.03054	0.02204	0.03181	0.01844	0.02376	0.01472	0.00912	0.00976	0.00304	0.01277	0.00845	0.00469	0.01518
22	0.01598	0.01334	0.02249	0.02115	0.02426	0.01279	0.11558	0.02019	0.02157	0.02854	0.04739	0.30106	0.05262	0.02531	0.01298	0.00415	0.00932	0.23328	0.00842	0.00958
23	0.04473	0.01697	0.02313	0.01774	0.02545	0.01465	0.01465	0.04858	0.02853	0.59437	0.03933	0.03393	0.02468	0.01234	0.01003	0.00308	0.00848	0.01003	0.01234	0.01697
24	0.02806	0.03186	0.23309	0.02287	0.03240	0.02241	0.02341	0.07407	0.22331	0.15668	0.03104	0.02982	0.02191	0.01170	0.00986	0.00321	0.01070	0.00944	0.00843	0.01572
25	0.01539	0.00958	0.01053	0.01053	0.01103	0.00958	0.00624	0.01640	0.01589	0.02321	0.03165	0.05913	0.03392	0.51074	0.04121	0.00807	0.00857	0.01336	0.15822	0.00675
26	0.02366	0.02162	0.03357	0.25177	0.28751	0.02385	0.02672	0.07254	0.09541	0.03362	0.02166	0.02693	0.01692	0.01011	0.00995	0.00315	0.01177	0.00920	0.00583	0.01422
27	0.01423	0.00967	0.01225	0.01390	0.01536	0.00927	0.01037	0.01710	0.02037	0.02806	0.05323	0.33756	0.09628	0.06460	0.01439	0.00422	0.00668	0.15256	0.11143	0.00846
28	0.02407	0.10914	0.03626	0.18357	0.22781	0.02410	0.05545	0.03095	0.05493	0.07026	0.02137	0.02667	0.01700	0.01495	0.05825	0.00405	0.01305	0.00893	0.00561	0.01360
29	0.01446	0.01113	0.01404	0.01412	0.01695	0.00951	0.00995	0.01693	0.01952	0.02736	0.04482	0.47389	0.05202	0.02475	0.01127	0.00335	0.00622	0.02224	0.00834	0.19912
30	0.01332	0.00992	0.01251	0.01377	0.01523	0.00949	0.00959	0.01744	0.05829	0.02926	0.15185	0.45618	0.11053	0.02761	0.01230	0.00378	0.00567	0.02475	0.00962	0.00888
31	0.09409	0.01556	0.01957	0.01561	0.02208	0.01416	0.01274	0.04175	0.02601	0.43409	0.03585	0.03316	0.02373	0.01194	0.00908	0.00293	0.00762	0.00950	0.15565	0.01487

[dist]
# distance from previous block
# <min> <max>
0	79

# created by:
# /st0/software/busco_prod/Augustus/scripts/msa2prfl.pl ./align_prep/5005.fa
