[name]
unknown

[dist]
# distance from previous block
# <min> <max>
2	181

[block]
# block no. 0 follows, 13 sequences, length 23
# corresponding to MSA columns:
# 233-255
name=unknown_A
#
# <colnr> <probs for GDERKNQSTAVLIFYWHMCP>
#	G	D	E	R	K	N	Q	S	T	A	V	L	I	F	Y	W	H	M	C	P
0	0.09689	0.02389	0.10989	0.01909	0.02674	0.01899	0.01771	0.03562	0.15099	0.08748	0.04367	0.04779	0.11054	0.01527	0.01033	0.00329	0.00914	0.05013	0.00860	0.11393
1	0.02672	0.06725	0.06448	0.02066	0.02715	0.02312	0.01776	0.20692	0.07405	0.04410	0.03568	0.16870	0.03453	0.01831	0.01113	0.00345	0.00987	0.06562	0.00910	0.07140
2	0.07840	0.11723	0.03319	0.07570	0.03373	0.02299	0.07121	0.06871	0.02535	0.13542	0.02289	0.02498	0.01705	0.00987	0.00905	0.00263	0.01056	0.00814	0.00734	0.22556
3	0.08833	0.08306	0.06992	0.02186	0.07035	0.01878	0.01717	0.03373	0.02399	0.20073	0.03413	0.15974	0.03041	0.01574	0.01016	0.00321	0.00923	0.01323	0.00881	0.08742
4	0.01424	0.01011	0.01342	0.01534	0.01645	0.00968	0.01109	0.01684	0.02148	0.02867	0.09730	0.40697	0.06720	0.09224	0.01779	0.00495	0.00726	0.13066	0.00960	0.00874
5	0.02085	0.01948	0.03272	0.42179	0.18596	0.02258	0.02840	0.02725	0.02177	0.02883	0.02250	0.07950	0.01961	0.01226	0.01080	0.00350	0.01303	0.01121	0.00527	0.01268
6	0.09551	0.01519	0.01823	0.01645	0.02098	0.01497	0.01265	0.07529	0.02503	0.16098	0.03951	0.22557	0.03774	0.02608	0.07289	0.00492	0.00994	0.01617	0.05865	0.05325
7	0.01548	0.01252	0.02042	0.01926	0.02170	0.01324	0.06729	0.01921	0.01886	0.02631	0.03688	0.22032	0.03883	0.05736	0.34654	0.01160	0.02030	0.01727	0.00692	0.00970
8	0.01566	0.01093	0.01500	0.01500	0.01653	0.01219	0.01107	0.01872	0.01719	0.02525	0.03010	0.04749	0.02919	0.19473	0.40503	0.01392	0.02176	0.01207	0.07937	0.00881
9	0.09983	0.01689	0.06890	0.01703	0.02147	0.01394	0.01432	0.02636	0.02202	0.13467	0.07779	0.22764	0.04276	0.03020	0.09326	0.04490	0.01100	0.01681	0.00883	0.01138
10	0.01869	0.01105	0.01454	0.01459	0.01681	0.01016	0.01039	0.02166	0.02423	0.10892	0.20720	0.32242	0.07009	0.07869	0.01629	0.00437	0.00655	0.02263	0.01055	0.01017
11	0.01959	0.03139	0.23536	0.02807	0.03706	0.02048	0.13700	0.02769	0.02077	0.02997	0.02328	0.03144	0.01923	0.03767	0.24265	0.00889	0.02123	0.01027	0.00514	0.01283
12	0.17893	0.01414	0.01629	0.01542	0.01948	0.01392	0.01164	0.02823	0.02324	0.16964	0.09525	0.28121	0.04867	0.02160	0.01109	0.00371	0.00720	0.01852	0.01008	0.01175
13	0.10794	0.02049	0.02509	0.01942	0.02750	0.01968	0.01604	0.14246	0.03290	0.42224	0.03598	0.03214	0.02318	0.01270	0.01024	0.00325	0.00943	0.00995	0.01198	0.01737
14	0.01713	0.01405	0.02146	0.25144	0.03864	0.01656	0.01790	0.02122	0.01823	0.02446	0.02581	0.04352	0.02466	0.19779	0.21289	0.00978	0.01778	0.01163	0.00547	0.00956
15	0.01510	0.01133	0.01699	0.01699	0.01888	0.01322	0.01322	0.01888	0.01699	0.02454	0.02832	0.04154	0.02643	0.07930	0.58652	0.01699	0.02832	0.01133	0.00566	0.00944
16	0.07101	0.01290	0.01505	0.01420	0.01768	0.01259	0.01073	0.02591	0.06970	0.08869	0.25793	0.14616	0.12109	0.02082	0.01144	0.00344	0.00610	0.01791	0.06556	0.01108
17	0.04151	0.02350	0.03286	0.02468	0.03335	0.02301	0.09683	0.20634	0.03587	0.31902	0.03311	0.03130	0.02187	0.01230	0.01090	0.00328	0.01126	0.01055	0.01104	0.01740
18	0.30565	0.02690	0.07887	0.02004	0.02790	0.02679	0.01776	0.16899	0.14423	0.05040	0.02432	0.02486	0.01804	0.01162	0.00892	0.00332	0.00990	0.00834	0.00835	0.01480
19	0.02774	0.01776	0.02067	0.01797	0.02336	0.01824	0.01407	0.08530	0.19005	0.16094	0.14762	0.09550	0.09925	0.01800	0.01143	0.00348	0.00769	0.01524	0.01126	0.01442
20	0.02068	0.01186	0.01462	0.01332	0.01596	0.01097	0.00936	0.02330	0.02364	0.12664	0.21183	0.06976	0.10932	0.26037	0.02848	0.00608	0.00782	0.01645	0.00964	0.00989
21	0.02833	0.02452	0.02423	0.02230	0.02752	0.10287	0.01825	0.16350	0.14766	0.04270	0.03948	0.06274	0.03659	0.01898	0.01197	0.00384	0.01126	0.18990	0.00957	0.01380
22	0.01356	0.00973	0.01288	0.01426	0.01549	0.00904	0.00987	0.01643	0.02341	0.03202	0.22115	0.44429	0.07968	0.02937	0.01316	0.00398	0.00576	0.02649	0.01041	0.00904

[dist]
# distance from previous block
# <min> <max>
0	1

[block]
# block no. 1 follows, 13 sequences, length 58
# corresponding to MSA columns:
# 257-314
name=unknown_B
#
# <colnr> <probs for GDERKNQSTAVLIFYWHMCP>
#	G	D	E	R	K	N	Q	S	T	A	V	L	I	F	Y	W	H	M	C	P
0	0.07012	0.01041	0.01228	0.01334	0.01441	0.01037	0.00886	0.01708	0.01846	0.02749	0.04244	0.32597	0.04825	0.16451	0.02445	0.07921	0.00744	0.02050	0.07638	0.00802
1	0.01625	0.00952	0.01303	0.01349	0.01404	0.00921	0.00900	0.01468	0.01715	0.02281	0.07240	0.16883	0.07386	0.09714	0.03277	0.37882	0.00810	0.01585	0.00674	0.00630
2	0.02121	0.05469	0.57364	0.03014	0.04576	0.02455	0.03906	0.03348	0.02232	0.03348	0.01897	0.02232	0.01339	0.01005	0.01005	0.00335	0.01563	0.00781	0.00446	0.01563
3	0.02125	0.01910	0.07332	0.01968	0.02331	0.01826	0.01713	0.02602	0.02450	0.09213	0.26178	0.05093	0.05464	0.02340	0.06412	0.00477	0.17131	0.01385	0.00874	0.01176
4	0.02493	0.07109	0.03428	0.20774	0.18551	0.02413	0.02425	0.08194	0.02519	0.03488	0.01946	0.02493	0.01556	0.00970	0.00958	0.00281	0.01169	0.00836	0.00583	0.17814
5	0.01997	0.01879	0.03171	0.60301	0.07282	0.02349	0.02936	0.02701	0.02114	0.02701	0.01879	0.02819	0.01409	0.01057	0.01057	0.00352	0.01409	0.00940	0.00470	0.01175
6	0.02802	0.02512	0.03858	0.10909	0.38516	0.02638	0.02894	0.12034	0.06227	0.04005	0.02226	0.02710	0.01771	0.01043	0.01052	0.00321	0.01228	0.00960	0.00648	0.01646
7	0.02827	0.63478	0.05540	0.01809	0.02714	0.04184	0.01809	0.03166	0.02148	0.02488	0.01470	0.01696	0.01357	0.00905	0.00678	0.00226	0.01131	0.00565	0.00452	0.01357
8	0.01720	0.01365	0.02077	0.02064	0.06217	0.01391	0.06518	0.01956	0.01748	0.02402	0.02976	0.05475	0.03142	0.38050	0.17435	0.01059	0.01560	0.01361	0.00602	0.00880
9	0.09144	0.01505	0.02044	0.10469	0.02729	0.01620	0.01481	0.02401	0.01817	0.08362	0.02017	0.02850	0.01714	0.02274	0.02570	0.30674	0.06639	0.00871	0.00589	0.08231
10	0.02147	0.02530	0.17456	0.01972	0.02697	0.01629	0.01997	0.06058	0.02796	0.08885	0.22174	0.06186	0.10487	0.01826	0.01171	0.00351	0.00937	0.06500	0.00929	0.01274
11	0.01704	0.01217	0.01704	0.01947	0.02191	0.01217	0.01704	0.02191	0.02434	0.03164	0.05598	0.11926	0.06085	0.02921	0.01460	0.00487	0.00974	0.49130	0.00974	0.00974
12	0.02152	0.01896	0.03623	0.02917	0.03514	0.01784	0.23824	0.02728	0.02390	0.06928	0.04037	0.21179	0.04117	0.02021	0.01308	0.00402	0.01225	0.11948	0.00806	0.01199
13	0.02019	0.01368	0.01672	0.01655	0.01960	0.01385	0.01213	0.02958	0.14911	0.09207	0.13975	0.32380	0.06136	0.02444	0.01235	0.00384	0.00678	0.02170	0.01071	0.01180
14	0.02313	0.02313	0.03238	0.02776	0.02776	0.03238	0.02313	0.02545	0.01619	0.02545	0.01388	0.02313	0.01388	0.01851	0.03470	0.00463	0.60907	0.00925	0.00463	0.01157
15	0.02313	0.02313	0.03238	0.02776	0.02776	0.03238	0.02313	0.02545	0.01619	0.02545	0.01388	0.02313	0.01388	0.01851	0.03470	0.00463	0.60907	0.00925	0.00463	0.01157
16	0.01677	0.01026	0.01163	0.01141	0.01292	0.01004	0.00769	0.01979	0.02156	0.03282	0.17111	0.06142	0.05059	0.25517	0.02684	0.00573	0.00702	0.01444	0.24424	0.00854
17	0.02844	0.01526	0.01845	0.01556	0.02043	0.01479	0.01232	0.10425	0.03106	0.18503	0.21604	0.05015	0.05068	0.01580	0.01048	0.00308	0.00702	0.01322	0.17469	0.01325
18	0.02630	0.02271	0.02391	0.02152	0.02749	0.02630	0.01674	0.05618	0.54336	0.04423	0.04303	0.03945	0.03228	0.01434	0.01076	0.00359	0.00837	0.01195	0.01076	0.01674
19	0.09060	0.01360	0.01514	0.01379	0.01754	0.01336	0.01063	0.06799	0.02913	0.04194	0.34155	0.07269	0.19150	0.02073	0.01166	0.00336	0.00605	0.01753	0.01056	0.01064
20	0.11646	0.01741	0.01973	0.01684	0.02180	0.01806	0.01311	0.11218	0.08100	0.13484	0.17857	0.04666	0.04470	0.06618	0.01625	0.05245	0.00824	0.01261	0.01004	0.01287
21	0.01542	0.00999	0.01332	0.01480	0.01616	0.00923	0.01021	0.01782	0.02217	0.06454	0.12268	0.51194	0.07098	0.03030	0.01317	0.00410	0.00617	0.02735	0.01027	0.00939
22	0.01396	0.01199	0.01211	0.01186	0.01569	0.01077	0.00896	0.01953	0.07931	0.03023	0.10030	0.09513	0.50226	0.02546	0.01231	0.00357	0.00568	0.02121	0.00992	0.00976
23	0.24572	0.01530	0.01733	0.01556	0.02005	0.01624	0.01226	0.02887	0.02088	0.14304	0.07849	0.03503	0.02783	0.03195	0.15234	0.09709	0.01301	0.00987	0.00791	0.01124
24	0.01767	0.01124	0.01513	0.01496	0.01748	0.01088	0.01115	0.02121	0.02368	0.08877	0.19976	0.21827	0.10275	0.03823	0.15094	0.00690	0.01139	0.01964	0.00970	0.01023
25	0.03785	0.03252	0.02898	0.02349	0.03059	0.16370	0.01883	0.35686	0.04202	0.05392	0.02417	0.02535	0.01790	0.01222	0.00999	0.00299	0.01271	0.00890	0.08127	0.01574
26	0.01586	0.01283	0.02105	0.01952	0.02216	0.01408	0.06426	0.01994	0.01814	0.02575	0.03084	0.10246	0.03005	0.06726	0.46727	0.01428	0.02488	0.01345	0.00608	0.00983
27	0.02172	0.01456	0.01895	0.07867	0.02461	0.01534	0.01378	0.02622	0.05931	0.10931	0.11337	0.05850	0.16569	0.07862	0.02109	0.07747	0.06862	0.01470	0.00864	0.01082
28	0.02092	0.01532	0.01905	0.01739	0.02065	0.01662	0.01333	0.14081	0.02721	0.03751	0.11839	0.10866	0.04228	0.10072	0.24124	0.00941	0.01636	0.01457	0.00835	0.01121
29	0.49865	0.02771	0.02015	0.01774	0.02423	0.14469	0.01419	0.08038	0.02355	0.04465	0.01608	0.01836	0.01253	0.01032	0.00756	0.00315	0.01083	0.00632	0.00669	0.01224
30	0.01581	0.01033	0.01462	0.01487	0.01577	0.01111	0.01051	0.01643	0.01615	0.02236	0.02959	0.10255	0.03088	0.16616	0.28182	0.19670	0.01753	0.01339	0.00593	0.00748
31	0.02822	0.02191	0.02947	0.02448	0.03023	0.05897	0.10704	0.03978	0.17109	0.14197	0.03845	0.15543	0.03357	0.01704	0.01299	0.00367	0.04710	0.01503	0.00932	0.01423
32	0.01997	0.01879	0.03171	0.60301	0.07282	0.02349	0.02936	0.02701	0.02114	0.02701	0.01879	0.02819	0.01409	0.01057	0.01057	0.00352	0.01409	0.00940	0.00470	0.01175
33	0.01899	0.01117	0.01481	0.01374	0.01635	0.01027	0.01018	0.02134	0.02548	0.09129	0.32703	0.06541	0.11845	0.02487	0.01923	0.16944	0.00646	0.01614	0.00991	0.00942
34	0.70310	0.02045	0.01554	0.01390	0.02045	0.02372	0.01145	0.03108	0.01799	0.04744	0.01472	0.01718	0.01145	0.00981	0.00654	0.00327	0.00818	0.00573	0.00654	0.01145
35	0.08902	0.01763	0.02012	0.01638	0.02250	0.01759	0.01327	0.13340	0.03026	0.24540	0.03385	0.03360	0.02371	0.01248	0.00917	0.00297	0.00803	0.00975	0.24622	0.01464
36	0.01703	0.01112	0.01377	0.01347	0.01638	0.00991	0.00995	0.02052	0.02598	0.08785	0.25795	0.21186	0.21450	0.02499	0.01254	0.00362	0.00577	0.02180	0.01083	0.01015
37	0.01332	0.01074	0.01185	0.01158	0.01479	0.00928	0.00868	0.01677	0.02604	0.03318	0.25721	0.09415	0.40519	0.02505	0.01249	0.00349	0.00523	0.02125	0.01043	0.00928
38	0.01704	0.01217	0.01704	0.01947	0.02191	0.01217	0.01704	0.02191	0.02434	0.03164	0.05598	0.11926	0.06085	0.02921	0.01460	0.00487	0.00974	0.49130	0.00974	0.00974
39	0.01885	0.01231	0.01589	0.01654	0.01909	0.01204	0.01249	0.02492	0.07948	0.08645	0.12361	0.33242	0.06395	0.02678	0.01298	0.00409	0.00717	0.10966	0.01048	0.01081
40	0.01311	0.00957	0.01235	0.01411	0.01528	0.00881	0.00965	0.01546	0.02193	0.02918	0.12895	0.49500	0.12576	0.03094	0.01325	0.00409	0.00590	0.02780	0.01005	0.00881
41	0.01954	0.01825	0.02534	0.02319	0.02341	0.02405	0.01847	0.02169	0.01761	0.02599	0.02942	0.23264	0.03350	0.02362	0.02727	0.00451	0.39797	0.01654	0.00644	0.01052
42	0.02827	0.63478	0.05540	0.01809	0.02714	0.04184	0.01809	0.03166	0.02148	0.02488	0.01470	0.01696	0.01357	0.00905	0.00678	0.00226	0.01131	0.00565	0.00452	0.01357
43	0.02083	0.01510	0.01772	0.01419	0.02068	0.01210	0.01115	0.02492	0.02472	0.09145	0.13211	0.05559	0.18719	0.01606	0.01022	0.00261	0.00679	0.01342	0.00888	0.31429
44	0.04022	0.03273	0.02607	0.02215	0.02852	0.27212	0.01729	0.08946	0.03110	0.22162	0.02803	0.02777	0.01987	0.01199	0.00979	0.00293	0.01332	0.00873	0.08175	0.01455
45	0.02827	0.63478	0.05540	0.01809	0.02714	0.04184	0.01809	0.03166	0.02148	0.02488	0.01470	0.01696	0.01357	0.00905	0.00678	0.00226	0.01131	0.00565	0.00452	0.01357
46	0.01496	0.01081	0.01413	0.01330	0.01580	0.00998	0.00998	0.01995	0.02993	0.04240	0.55689	0.07898	0.09976	0.02162	0.01247	0.00333	0.00499	0.01912	0.01164	0.00998
47	0.01619	0.01302	0.01520	0.01378	0.01813	0.01075	0.01001	0.01906	0.02130	0.02937	0.05386	0.23406	0.16564	0.07904	0.01508	0.00373	0.00693	0.01847	0.00825	0.24810
48	0.01433	0.01023	0.01393	0.01637	0.01762	0.00983	0.01232	0.01722	0.02167	0.02861	0.05748	0.44705	0.06678	0.03176	0.01388	0.00449	0.00739	0.19028	0.00979	0.00899
49	0.02188	0.04364	0.38414	0.02930	0.03946	0.02730	0.03349	0.03067	0.02018	0.03067	0.01719	0.02261	0.01356	0.01301	0.01868	0.00380	0.22340	0.00832	0.00452	0.01420
50	0.08987	0.01522	0.01793	0.01551	0.02038	0.01467	0.01218	0.07861	0.02947	0.16831	0.23647	0.09373	0.12730	0.01898	0.01135	0.00339	0.00704	0.01597	0.01103	0.01260
51	0.04666	0.01924	0.02531	0.01940	0.02761	0.01739	0.01603	0.10257	0.03235	0.51580	0.03996	0.03485	0.02529	0.01304	0.01063	0.00326	0.00928	0.01051	0.01282	0.01799
52	0.02617	0.02512	0.04292	0.06490	0.56246	0.02512	0.03245	0.03245	0.02407	0.03454	0.01989	0.02617	0.01675	0.00942	0.01047	0.00314	0.01256	0.00942	0.00523	0.01675
53	0.01706	0.01226	0.01816	0.01666	0.01964	0.01161	0.07997	0.02111	0.02198	0.03272	0.04893	0.27346	0.09269	0.02142	0.01099	0.00344	0.00723	0.01937	0.26141	0.00988
54	0.02652	0.01255	0.01578	0.01443	0.01785	0.01156	0.01052	0.02934	0.02296	0.21222	0.04242	0.18509	0.03959	0.15239	0.02012	0.00488	0.00776	0.01620	0.14625	0.01156
55	0.03354	0.03453	0.03625	0.04386	0.27503	0.21495	0.02586	0.13812	0.03136	0.03828	0.01984	0.02362	0.01595	0.01059	0.01018	0.00301	0.01455	0.00856	0.00641	0.01550
56	0.01510	0.01133	0.01699	0.01699	0.01888	0.01322	0.01322	0.01888	0.01699	0.02454	0.02832	0.04154	0.02643	0.07930	0.58652	0.01699	0.02832	0.01133	0.00566	0.00944
57	0.03023	0.01535	0.01957	0.01689	0.02238	0.01425	0.01362	0.03718	0.08378	0.26966	0.16293	0.06334	0.11826	0.01862	0.01172	0.00353	0.00765	0.06529	0.01173	0.01403

[dist]
# distance from previous block
# <min> <max>
0	32

[block]
# block no. 2 follows, 13 sequences, length 32
# corresponding to MSA columns:
# 347-378
name=unknown_C
#
# <colnr> <probs for GDERKNQSTAVLIFYWHMCP>
#	G	D	E	R	K	N	Q	S	T	A	V	L	I	F	Y	W	H	M	C	P
0	0.08766	0.13892	0.10867	0.10701	0.12378	0.07670	0.02382	0.09539	0.02561	0.03513	0.01966	0.02605	0.01645	0.05790	0.01269	0.00359	0.01284	0.00843	0.00585	0.01385
1	0.02086	0.01387	0.02021	0.07027	0.02465	0.01493	0.04784	0.02430	0.02059	0.06711	0.03186	0.08403	0.02922	0.06111	0.06161	0.08030	0.06388	0.04890	0.20436	0.01012
2	0.02454	0.14917	0.09596	0.03111	0.03903	0.02990	0.20491	0.03058	0.02149	0.02991	0.01767	0.02369	0.01472	0.01143	0.01648	0.00339	0.16869	0.00932	0.00500	0.07304
3	0.03110	0.01579	0.01979	0.01731	0.02262	0.01498	0.01356	0.03862	0.10906	0.27552	0.05170	0.13187	0.09462	0.06343	0.01466	0.00411	0.00825	0.04769	0.01119	0.01411
4	0.14628	0.01673	0.02034	0.01707	0.02354	0.01544	0.01377	0.03763	0.02535	0.30232	0.03828	0.12663	0.03177	0.01619	0.01037	0.00336	0.00835	0.04731	0.01051	0.08877
5	0.04630	0.01981	0.02566	0.01967	0.02790	0.01824	0.01625	0.12595	0.03331	0.49107	0.03916	0.03433	0.02489	0.01302	0.01062	0.00326	0.00941	0.01046	0.01269	0.01799
6	0.02951	0.25107	0.03955	0.02827	0.11359	0.13831	0.02044	0.04082	0.17300	0.03215	0.02396	0.02527	0.01944	0.01098	0.00903	0.00287	0.01214	0.00828	0.00660	0.01473
7	0.07301	0.01683	0.01949	0.01674	0.02152	0.01721	0.01287	0.08791	0.11088	0.15261	0.19161	0.05213	0.04923	0.11051	0.01758	0.00440	0.00812	0.01367	0.01053	0.01315
8	0.02141	0.01156	0.01518	0.01499	0.01746	0.01060	0.01062	0.02386	0.02296	0.15173	0.11122	0.33677	0.05871	0.11899	0.01894	0.00486	0.00728	0.02203	0.01026	0.01057
9	0.01538	0.01025	0.01153	0.01153	0.01153	0.01025	0.00641	0.01538	0.01538	0.02050	0.03331	0.06919	0.03844	0.62842	0.05382	0.01025	0.01025	0.01538	0.00641	0.00641
10	0.19404	0.01737	0.02004	0.01703	0.02324	0.01727	0.01387	0.03958	0.07266	0.27000	0.12137	0.04533	0.03801	0.01507	0.01028	0.00343	0.00814	0.04808	0.01082	0.01436
11	0.02262	0.01220	0.01585	0.01487	0.01843	0.01088	0.01114	0.02606	0.02615	0.17621	0.20005	0.24256	0.13338	0.02369	0.01231	0.00365	0.00647	0.02076	0.01120	0.01153
12	0.01510	0.01014	0.01161	0.01188	0.01195	0.01007	0.00678	0.01530	0.01591	0.02121	0.03605	0.12966	0.04189	0.56325	0.04940	0.00960	0.00980	0.01698	0.00678	0.00665
13	0.01782	0.01136	0.01526	0.01554	0.01807	0.01063	0.01204	0.02193	0.02630	0.08327	0.27434	0.21787	0.07701	0.02541	0.01304	0.00391	0.00671	0.12829	0.01089	0.01030
14	0.02306	0.01321	0.01690	0.01542	0.01889	0.01243	0.01153	0.06045	0.02799	0.14909	0.25480	0.19253	0.06693	0.06874	0.01538	0.00406	0.00697	0.01895	0.01104	0.01161
15	0.02866	0.01862	0.02079	0.01796	0.02327	0.01957	0.01408	0.16601	0.12816	0.11842	0.04377	0.12968	0.07187	0.01720	0.01064	0.00334	0.00814	0.01432	0.13132	0.01417
16	0.01728	0.00957	0.01296	0.01296	0.01296	0.00957	0.00817	0.01436	0.01436	0.01914	0.02380	0.04562	0.02567	0.25202	0.04587	0.44419	0.00957	0.01144	0.00525	0.00525
17	0.08473	0.01507	0.01910	0.01652	0.02151	0.01400	0.01282	0.03566	0.02456	0.30626	0.04098	0.11314	0.03554	0.14544	0.02004	0.00499	0.00895	0.05689	0.01052	0.01328
18	0.13281	0.01432	0.01612	0.01407	0.01916	0.01337	0.01111	0.02895	0.02616	0.18609	0.17502	0.06477	0.21940	0.01909	0.01102	0.00338	0.00674	0.01569	0.01062	0.01210
19	0.01507	0.01105	0.01450	0.01660	0.01813	0.01092	0.01242	0.01983	0.05953	0.02960	0.05650	0.43296	0.06455	0.03062	0.01362	0.00441	0.00735	0.16297	0.00986	0.00952
20	0.01997	0.01879	0.03171	0.60301	0.07282	0.02349	0.02936	0.02701	0.02114	0.02701	0.01879	0.02819	0.01409	0.01057	0.01057	0.00352	0.01409	0.00940	0.00470	0.01175
21	0.01326	0.00947	0.01270	0.01515	0.01593	0.00891	0.01047	0.01537	0.02061	0.02741	0.05807	0.57605	0.06911	0.03277	0.01360	0.00435	0.00646	0.07181	0.00981	0.00869
22	0.18438	0.01392	0.01614	0.01490	0.01872	0.01464	0.01167	0.02519	0.02372	0.08610	0.24271	0.05048	0.05282	0.03295	0.15965	0.00685	0.01217	0.01310	0.00899	0.01091
23	0.02327	0.01260	0.01668	0.01657	0.01990	0.01164	0.01301	0.02651	0.02397	0.16862	0.05534	0.22415	0.09584	0.07938	0.01660	0.00467	0.00826	0.16145	0.01033	0.01120
24	0.01500	0.01053	0.01360	0.01387	0.01462	0.01115	0.00926	0.01658	0.01650	0.02268	0.03423	0.11960	0.03752	0.36345	0.24323	0.01205	0.01637	0.01551	0.00651	0.00775
25	0.02192	0.01879	0.02192	0.01566	0.02506	0.01409	0.01253	0.02662	0.02192	0.03445	0.01879	0.02192	0.01566	0.00783	0.00783	0.00157	0.00783	0.00626	0.00626	0.69305
26	0.02288	0.01402	0.01803	0.01678	0.02003	0.01476	0.01257	0.02998	0.10392	0.13030	0.03683	0.09648	0.03352	0.16147	0.22902	0.00979	0.01593	0.01374	0.00840	0.01155
27	0.01564	0.01128	0.01522	0.06474	0.02017	0.01102	0.01121	0.01925	0.02598	0.03595	0.38369	0.07026	0.11011	0.06508	0.01836	0.07928	0.00664	0.01714	0.00977	0.00922
28	0.01705	0.01101	0.01425	0.01392	0.01652	0.01001	0.01025	0.02093	0.02692	0.08338	0.34179	0.21789	0.12708	0.02432	0.01258	0.00359	0.00567	0.02150	0.01113	0.01022
29	0.01442	0.01048	0.01268	0.01258	0.01502	0.00973	0.00926	0.01594	0.02146	0.02728	0.12553	0.07532	0.31277	0.03612	0.10350	0.15442	0.00953	0.01750	0.00827	0.00818
30	0.02696	0.02302	0.03195	0.30383	0.08751	0.02728	0.02539	0.17289	0.06940	0.04008	0.02219	0.02766	0.01678	0.01210	0.01274	0.00350	0.06599	0.00962	0.00688	0.01425
31	0.03942	0.02641	0.02930	0.02265	0.03062	0.02842	0.01864	0.41585	0.04523	0.14245	0.06769	0.03103	0.02537	0.01342	0.01073	0.00320	0.01073	0.01041	0.01104	0.01738

[dist]
# distance from previous block
# <min> <max>
0	1

[block]
# block no. 3 follows, 13 sequences, length 9
# corresponding to MSA columns:
# 380-388
name=unknown_D
#
# <colnr> <probs for GDERKNQSTAVLIFYWHMCP>
#	G	D	E	R	K	N	Q	S	T	A	V	L	I	F	Y	W	H	M	C	P
0	0.01948	0.01697	0.02418	0.06987	0.02677	0.02156	0.01874	0.02181	0.01844	0.02615	0.02990	0.15233	0.03249	0.02418	0.02615	0.07419	0.28897	0.09138	0.00643	0.01002
1	0.01536	0.01144	0.01500	0.09472	0.02170	0.01206	0.01103	0.01728	0.01785	0.02354	0.04087	0.14640	0.08335	0.33813	0.09903	0.00861	0.01181	0.01690	0.00689	0.00804
2	0.15770	0.16692	0.35679	0.02445	0.03693	0.02793	0.02929	0.03263	0.02129	0.03448	0.01726	0.02020	0.01304	0.00979	0.00868	0.00311	0.01327	0.00696	0.00489	0.01438
3	0.03284	0.02042	0.02309	0.01858	0.02490	0.02109	0.01503	0.25214	0.03726	0.15219	0.11339	0.04337	0.07707	0.01517	0.01058	0.00315	0.00873	0.01222	0.10382	0.01497
4	0.02259	0.01694	0.02779	0.27004	0.04563	0.01817	0.06879	0.02871	0.02572	0.10823	0.20272	0.04634	0.04470	0.01446	0.01140	0.00343	0.01069	0.01313	0.00825	0.01226
5	0.02396	0.08750	0.15921	0.22058	0.11960	0.02391	0.02771	0.03124	0.02255	0.06557	0.02008	0.02510	0.01525	0.00993	0.00969	0.00302	0.01277	0.00832	0.00546	0.10855
6	0.01836	0.01163	0.01577	0.01483	0.01736	0.01165	0.01112	0.02217	0.02371	0.08695	0.25878	0.06094	0.05974	0.12288	0.20713	0.00877	0.01380	0.01518	0.00910	0.01012
7	0.01440	0.00962	0.01259	0.01379	0.01446	0.00918	0.00910	0.01543	0.01974	0.02667	0.11627	0.36003	0.06085	0.14554	0.02491	0.10087	0.00719	0.02286	0.00869	0.00781
8	0.36686	0.02564	0.02344	0.02421	0.09872	0.10100	0.01667	0.10057	0.02590	0.04492	0.06400	0.02516	0.02102	0.01133	0.00857	0.00317	0.01048	0.00807	0.00721	0.01307

[dist]
# distance from previous block
# <min> <max>
4	10

[block]
# block no. 4 follows, 13 sequences, length 27
# corresponding to MSA columns:
# 400-426
name=unknown_E
#
# <colnr> <probs for GDERKNQSTAVLIFYWHMCP>
#	G	D	E	R	K	N	Q	S	T	A	V	L	I	F	Y	W	H	M	C	P
0	0.08003	0.02073	0.02509	0.02213	0.02564	0.09080	0.06084	0.02706	0.02052	0.06468	0.02657	0.08952	0.02488	0.03963	0.22853	0.00865	0.11519	0.01186	0.00643	0.01123
1	0.16252	0.01539	0.01780	0.06504	0.02335	0.01723	0.01311	0.02815	0.13547	0.03176	0.02676	0.08276	0.02429	0.02355	0.02212	0.27422	0.00893	0.01096	0.00686	0.00972
2	0.02226	0.01880	0.06759	0.01880	0.02333	0.01662	0.01537	0.07095	0.14080	0.08836	0.04706	0.33167	0.04793	0.02323	0.01206	0.00386	0.00821	0.02044	0.00994	0.01273
3	0.01613	0.01022	0.01160	0.01242	0.01447	0.00974	0.00915	0.01948	0.02175	0.03187	0.05608	0.18586	0.14400	0.08256	0.01516	0.00413	0.00640	0.07812	0.26181	0.00905
4	0.03004	0.03299	0.02372	0.02125	0.02616	0.30100	0.01617	0.09469	0.03149	0.03492	0.14461	0.04595	0.12196	0.01597	0.01076	0.00305	0.01294	0.01227	0.00810	0.01196
5	0.02981	0.01754	0.02099	0.01782	0.02338	0.01748	0.01406	0.11191	0.11282	0.19937	0.16025	0.10200	0.09065	0.01804	0.01146	0.00343	0.00786	0.01525	0.01145	0.01442
6	0.01339	0.00951	0.01243	0.01423	0.01502	0.00893	0.00950	0.01545	0.02099	0.02830	0.11908	0.49800	0.07060	0.09058	0.01736	0.00476	0.00640	0.02722	0.00971	0.00855
7	0.01314	0.00931	0.01219	0.01439	0.01494	0.00876	0.00946	0.01479	0.01974	0.02631	0.05567	0.56396	0.06665	0.09516	0.01770	0.00491	0.00656	0.02853	0.00946	0.00836
8	0.01622	0.01038	0.01341	0.01379	0.01569	0.01088	0.01029	0.02014	0.02069	0.03185	0.09110	0.15371	0.04247	0.04215	0.22483	0.00831	0.01388	0.01517	0.23558	0.00947
9	0.01949	0.01292	0.01584	0.01481	0.01813	0.01225	0.01114	0.07102	0.02878	0.08601	0.27419	0.19874	0.14860	0.02343	0.01236	0.00357	0.00632	0.02043	0.01096	0.01100
10	0.01300	0.00954	0.01220	0.01405	0.01523	0.00875	0.00958	0.01521	0.02157	0.02846	0.10563	0.50471	0.14066	0.03130	0.01327	0.00411	0.00593	0.02809	0.00996	0.00875
11	0.01400	0.01010	0.01316	0.01416	0.01580	0.00984	0.01015	0.01699	0.02168	0.02979	0.13335	0.32244	0.12525	0.03855	0.12724	0.00648	0.01022	0.02247	0.04924	0.00909
12	0.15502	0.01437	0.01622	0.01438	0.01913	0.01416	0.01152	0.03176	0.02534	0.18111	0.14687	0.04824	0.04186	0.01520	0.00967	0.00318	0.00695	0.04380	0.18891	0.01232
13	0.01414	0.01014	0.01285	0.01453	0.01567	0.00964	0.01028	0.01626	0.02040	0.02668	0.05773	0.35787	0.11254	0.15580	0.02200	0.00557	0.00759	0.11286	0.00909	0.00838
14	0.02381	0.02514	0.04356	0.03402	0.03800	0.03028	0.20976	0.02858	0.01946	0.02858	0.01668	0.02514	0.01469	0.01493	0.02642	0.00423	0.38879	0.01045	0.00490	0.01257
15	0.01683	0.01133	0.01398	0.01342	0.01657	0.01014	0.01024	0.02082	0.02719	0.07934	0.31407	0.12148	0.22983	0.02373	0.01252	0.00355	0.00578	0.04801	0.01096	0.01020
16	0.01510	0.01133	0.01699	0.01699	0.01888	0.01322	0.01322	0.01888	0.01699	0.02454	0.02832	0.04154	0.02643	0.07930	0.58652	0.01699	0.02832	0.01133	0.00566	0.00944
17	0.01837	0.00918	0.01377	0.01377	0.01377	0.00918	0.00918	0.01377	0.01377	0.01837	0.01837	0.03214	0.01837	0.03673	0.04132	0.69238	0.00918	0.00918	0.00459	0.00459
18	0.01538	0.01025	0.01153	0.01153	0.01153	0.01025	0.00641	0.01538	0.01538	0.02050	0.03331	0.06919	0.03844	0.62842	0.05382	0.01025	0.01025	0.01538	0.00641	0.00641
19	0.17070	0.02068	0.02449	0.02481	0.09972	0.02211	0.01717	0.10038	0.12469	0.13214	0.07594	0.03427	0.02846	0.01822	0.05673	0.00442	0.01076	0.01036	0.00914	0.01481
20	0.01341	0.00958	0.01287	0.01532	0.01617	0.00904	0.01073	0.01563	0.02076	0.02758	0.05798	0.55778	0.06878	0.03263	0.01364	0.00437	0.00659	0.08859	0.00980	0.00873
21	0.01270	0.01072	0.01100	0.01093	0.01441	0.00901	0.00820	0.01557	0.02459	0.02972	0.14482	0.09984	0.51974	0.02634	0.01249	0.00355	0.00532	0.02205	0.00997	0.00901
22	0.01756	0.01054	0.01409	0.01504	0.01688	0.00966	0.01056	0.02012	0.02287	0.09803	0.12593	0.47130	0.06855	0.02897	0.01299	0.00403	0.00634	0.02606	0.01049	0.00998
23	0.02326	0.02355	0.03182	0.35511	0.16082	0.10104	0.02680	0.02903	0.02288	0.02838	0.02258	0.08522	0.02009	0.01262	0.01069	0.00341	0.01369	0.01108	0.00542	0.01252
24	0.01439	0.01079	0.01334	0.01270	0.01545	0.00973	0.00953	0.01885	0.02858	0.03920	0.45293	0.08424	0.20571	0.02281	0.01248	0.00338	0.00507	0.01986	0.01122	0.00973
25	0.03929	0.01607	0.02180	0.01761	0.02421	0.01404	0.01417	0.04327	0.02917	0.43944	0.11551	0.10302	0.04103	0.01637	0.01119	0.00339	0.00814	0.01384	0.01254	0.01589
26	0.01643	0.01207	0.01614	0.01571	0.01720	0.01337	0.01185	0.01770	0.01836	0.02520	0.04533	0.10227	0.15043	0.04101	0.16753	0.16632	0.09657	0.01468	0.04340	0.00844

[dist]
# distance from previous block
# <min> <max>
0	1

[block]
# block no. 5 follows, 13 sequences, length 13
# corresponding to MSA columns:
# 428-440
name=unknown_F
#
# <colnr> <probs for GDERKNQSTAVLIFYWHMCP>
#	G	D	E	R	K	N	Q	S	T	A	V	L	I	F	Y	W	H	M	C	P
0	0.02074	0.01784	0.02413	0.08707	0.13170	0.01894	0.01818	0.03315	0.17457	0.03874	0.21465	0.05376	0.08992	0.01639	0.01139	0.00340	0.00841	0.01440	0.00927	0.01334
1	0.01380	0.01045	0.01282	0.01350	0.01578	0.00946	0.01000	0.01716	0.02481	0.03268	0.22713	0.24576	0.22879	0.02724	0.01298	0.00383	0.00588	0.06832	0.01037	0.00923
2	0.02715	0.01841	0.02473	0.12666	0.08370	0.01938	0.01850	0.03890	0.16467	0.15815	0.12129	0.04627	0.07645	0.01499	0.01107	0.00342	0.00918	0.01286	0.00975	0.01449
3	0.10439	0.07975	0.02911	0.02981	0.15723	0.02478	0.01907	0.07180	0.18239	0.03983	0.03113	0.09117	0.02683	0.01381	0.00988	0.00329	0.00945	0.01159	0.05006	0.01463
4	0.70310	0.02045	0.01554	0.01390	0.02045	0.02372	0.01145	0.03108	0.01799	0.04744	0.01472	0.01718	0.01145	0.00981	0.00654	0.00327	0.00818	0.00573	0.00654	0.01145
5	0.03010	0.03271	0.12304	0.03664	0.16175	0.06356	0.06109	0.18432	0.06767	0.04332	0.02234	0.02567	0.01715	0.01178	0.01285	0.00336	0.07019	0.00940	0.00708	0.01599
6	0.28462	0.01713	0.01831	0.01566	0.02186	0.01710	0.01256	0.03581	0.02387	0.25507	0.04038	0.10397	0.08128	0.01563	0.00963	0.00342	0.00798	0.01228	0.00992	0.01351
7	0.02534	0.04723	0.42176	0.03202	0.08811	0.02621	0.03479	0.12977	0.02782	0.04005	0.02031	0.02325	0.01458	0.01051	0.01019	0.00330	0.01458	0.00829	0.00572	0.01618
8	0.02827	0.63478	0.05540	0.01809	0.02714	0.04184	0.01809	0.03166	0.02148	0.02488	0.01470	0.01696	0.01357	0.00905	0.00678	0.00226	0.01131	0.00565	0.00452	0.01357
9	0.02180	0.01453	0.01730	0.01525	0.01950	0.01409	0.01184	0.07850	0.07139	0.10380	0.31499	0.06962	0.16496	0.02011	0.01193	0.00337	0.00648	0.01718	0.01128	0.01208
10	0.01997	0.01879	0.03171	0.60301	0.07282	0.02349	0.02936	0.02701	0.02114	0.02701	0.01879	0.02819	0.01409	0.01057	0.01057	0.00352	0.01409	0.00940	0.00470	0.01175
11	0.02741	0.04649	0.39644	0.02824	0.04152	0.02725	0.03286	0.19493	0.03128	0.04432	0.02107	0.02332	0.01489	0.01091	0.01022	0.00329	0.01432	0.00837	0.00646	0.01640
12	0.02623	0.34217	0.15715	0.03395	0.18434	0.03353	0.02647	0.03226	0.02240	0.02940	0.01706	0.02069	0.01444	0.00936	0.00850	0.00273	0.01254	0.00717	0.00471	0.01490

[dist]
# distance from previous block
# <min> <max>
0	26

# created by:
# /st0/software/busco_prod/Augustus/scripts/msa2prfl.pl ./align_prep/5027.fa
