[name]
unknown

[dist]
# distance from previous block
# <min> <max>
0	26

[block]
# block no. 0 follows, 15 sequences, length 30
# corresponding to MSA columns:
# 26-55
name=unknown_A
#
# <colnr> <probs for GDERKNQSTAVLIFYWHMCP>
#	G	D	E	R	K	N	Q	S	T	A	V	L	I	F	Y	W	H	M	C	P
0	0.01606	0.01147	0.01606	0.01836	0.02065	0.01147	0.01606	0.02065	0.02295	0.02983	0.05278	0.11245	0.05737	0.02754	0.01377	0.00459	0.00918	0.52037	0.00918	0.00918
1	0.03797	0.04309	0.02793	0.02473	0.03034	0.50669	0.01882	0.08451	0.02987	0.07897	0.01829	0.01992	0.01426	0.01060	0.00917	0.00265	0.01652	0.00696	0.00620	0.01250
2	0.02353	0.02689	0.05882	0.04202	0.05210	0.02521	0.55126	0.03193	0.02353	0.03193	0.02017	0.02689	0.01513	0.00840	0.01176	0.00336	0.01681	0.01176	0.00504	0.01345
3	0.01424	0.01068	0.01602	0.01602	0.01780	0.01246	0.01246	0.01780	0.01602	0.02314	0.02670	0.03916	0.02492	0.07477	0.61015	0.01602	0.02670	0.01068	0.00534	0.00890
4	0.01411	0.01019	0.01333	0.01254	0.01489	0.00941	0.00941	0.01881	0.02822	0.03998	0.58221	0.07447	0.09406	0.02038	0.01176	0.00314	0.00470	0.01803	0.01097	0.00941
5	0.03188	0.03946	0.04019	0.03206	0.03913	0.38131	0.22710	0.03673	0.02641	0.02734	0.01727	0.02146	0.01373	0.00954	0.01007	0.00288	0.01752	0.00851	0.00510	0.01229
6	0.02576	0.02672	0.03630	0.16323	0.39035	0.12613	0.02805	0.03123	0.02314	0.02977	0.01797	0.02386	0.01479	0.00933	0.00973	0.00296	0.01320	0.00845	0.00487	0.01414
7	0.02467	0.02369	0.04046	0.06119	0.58747	0.02369	0.03059	0.03059	0.02270	0.03257	0.01875	0.02467	0.01579	0.00888	0.00987	0.00296	0.01184	0.00888	0.00493	0.01579
8	0.01450	0.00966	0.01087	0.01087	0.01087	0.00966	0.00604	0.01450	0.01450	0.01933	0.03141	0.06524	0.03624	0.64965	0.05074	0.00966	0.00966	0.01450	0.00604	0.00604
9	0.03461	0.02629	0.02807	0.02227	0.02966	0.02938	0.01815	0.42836	0.17809	0.05752	0.02811	0.02726	0.02034	0.01236	0.01002	0.00309	0.01020	0.00955	0.01002	0.01666
10	0.02788	0.02471	0.03791	0.05193	0.45268	0.02544	0.02777	0.15740	0.02855	0.03990	0.02001	0.02449	0.01607	0.00963	0.00989	0.00297	0.01163	0.00890	0.00615	0.01607
11	0.02215	0.03653	0.26947	0.03670	0.04860	0.02441	0.35028	0.03179	0.02256	0.03179	0.01928	0.02461	0.01415	0.00882	0.01087	0.00328	0.01600	0.01005	0.00472	0.01395
12	0.01424	0.01068	0.01602	0.01602	0.01780	0.01246	0.01246	0.01780	0.01602	0.02314	0.02670	0.03916	0.02492	0.07477	0.61015	0.01602	0.02670	0.01068	0.00534	0.00890
13	0.02467	0.02369	0.04046	0.06119	0.58747	0.02369	0.03059	0.03059	0.02270	0.03257	0.01875	0.02467	0.01579	0.00888	0.00987	0.00296	0.01184	0.00888	0.00493	0.01579
14	0.04473	0.01697	0.02313	0.01774	0.02545	0.01465	0.01465	0.04858	0.02853	0.59437	0.03933	0.03393	0.02468	0.01234	0.01003	0.00308	0.00848	0.01003	0.01234	0.01697
15	0.02480	0.02141	0.02254	0.02029	0.02592	0.02480	0.01578	0.05297	0.56946	0.04170	0.04057	0.03719	0.03043	0.01352	0.01014	0.00338	0.00789	0.01127	0.01014	0.01578
16	0.01178	0.01010	0.01010	0.01010	0.01347	0.00842	0.00757	0.01431	0.02272	0.02693	0.10099	0.09594	0.58342	0.02525	0.01178	0.00337	0.00505	0.02104	0.00926	0.00842
17	0.72007	0.01928	0.01465	0.01311	0.01928	0.02236	0.01080	0.02930	0.01697	0.04473	0.01388	0.01619	0.01080	0.00925	0.00617	0.00308	0.00771	0.00540	0.00617	0.01080
18	0.04473	0.01697	0.02313	0.01774	0.02545	0.01465	0.01465	0.04858	0.02853	0.59437	0.03933	0.03393	0.02468	0.01234	0.01003	0.00308	0.00848	0.01003	0.01234	0.01697
19	0.02665	0.65565	0.05224	0.01706	0.02559	0.03945	0.01706	0.02985	0.02026	0.02345	0.01386	0.01599	0.01279	0.00853	0.00640	0.00213	0.01066	0.00533	0.00426	0.01279
20	0.01450	0.00966	0.01087	0.01087	0.01087	0.00966	0.00604	0.01450	0.01450	0.01933	0.03141	0.06524	0.03624	0.64965	0.05074	0.00966	0.00966	0.01450	0.00604	0.00604
21	0.01283	0.00917	0.01236	0.01467	0.01555	0.00869	0.01045	0.01507	0.01976	0.02622	0.05457	0.55009	0.06443	0.03058	0.01291	0.00414	0.00638	0.11462	0.00924	0.00829
22	0.02480	0.02141	0.02254	0.02029	0.02592	0.02480	0.01578	0.05297	0.56946	0.04170	0.04057	0.03719	0.03043	0.01352	0.01014	0.00338	0.00789	0.01127	0.01014	0.01578
23	0.02467	0.02369	0.04046	0.06119	0.58747	0.02369	0.03059	0.03059	0.02270	0.03257	0.01875	0.02467	0.01579	0.00888	0.00987	0.00296	0.01184	0.00888	0.00493	0.01579
24	0.01999	0.05157	0.59800	0.02841	0.04315	0.02315	0.03683	0.03157	0.02105	0.03157	0.01789	0.02105	0.01263	0.00947	0.00947	0.00316	0.01473	0.00737	0.00421	0.01473
25	0.01282	0.01003	0.01162	0.01146	0.01416	0.00882	0.00850	0.01623	0.02482	0.03247	0.30617	0.13010	0.32994	0.02361	0.01185	0.00332	0.00496	0.02031	0.01000	0.00882
26	0.02177	0.03237	0.21814	0.03463	0.08165	0.02300	0.25981	0.03234	0.06972	0.03342	0.07168	0.03008	0.02281	0.01028	0.01078	0.00325	0.01396	0.01071	0.00574	0.01385
27	0.01358	0.01006	0.01267	0.01226	0.01463	0.00914	0.00910	0.01770	0.02661	0.03672	0.46293	0.12310	0.17052	0.02203	0.01184	0.00325	0.00484	0.01933	0.01056	0.00914
28	0.02665	0.65565	0.05224	0.01706	0.02559	0.03945	0.01706	0.02985	0.02026	0.02345	0.01386	0.01599	0.01279	0.00853	0.00640	0.00213	0.01066	0.00533	0.00426	0.01279
29	0.02665	0.65565	0.05224	0.01706	0.02559	0.03945	0.01706	0.02985	0.02026	0.02345	0.01386	0.01599	0.01279	0.00853	0.00640	0.00213	0.01066	0.00533	0.00426	0.01279

[dist]
# distance from previous block
# <min> <max>
1	6

[block]
# block no. 1 follows, 15 sequences, length 73
# corresponding to MSA columns:
# 62-134
name=unknown_B
#
# <colnr> <probs for GDERKNQSTAVLIFYWHMCP>
#	G	D	E	R	K	N	Q	S	T	A	V	L	I	F	Y	W	H	M	C	P
0	0.02270	0.02556	0.05537	0.03996	0.04935	0.02396	0.51166	0.03061	0.02320	0.03146	0.02271	0.07192	0.01884	0.01007	0.01183	0.00341	0.01600	0.01298	0.00535	0.01305
1	0.01178	0.01010	0.01010	0.01010	0.01347	0.00842	0.00757	0.01431	0.02272	0.02693	0.10099	0.09594	0.58342	0.02525	0.01178	0.00337	0.00505	0.02104	0.00926	0.00842
2	0.01732	0.00866	0.01299	0.01299	0.01299	0.00866	0.00866	0.01299	0.01299	0.01732	0.01732	0.03030	0.01732	0.03463	0.03896	0.70996	0.00866	0.00866	0.00433	0.00433
3	0.02665	0.65565	0.05224	0.01706	0.02559	0.03945	0.01706	0.02985	0.02026	0.02345	0.01386	0.01599	0.01279	0.00853	0.00640	0.00213	0.01066	0.00533	0.00426	0.01279
4	0.02480	0.02141	0.02254	0.02029	0.02592	0.02480	0.01578	0.05297	0.56946	0.04170	0.04057	0.03719	0.03043	0.01352	0.01014	0.00338	0.00789	0.01127	0.01014	0.01578
5	0.04473	0.01697	0.02313	0.01774	0.02545	0.01465	0.01465	0.04858	0.02853	0.59437	0.03933	0.03393	0.02468	0.01234	0.01003	0.00308	0.00848	0.01003	0.01234	0.01697
6	0.72007	0.01928	0.01465	0.01311	0.01928	0.02236	0.01080	0.02930	0.01697	0.04473	0.01388	0.01619	0.01080	0.00925	0.00617	0.00308	0.00771	0.00540	0.00617	0.01080
7	0.02353	0.02689	0.05882	0.04202	0.05210	0.02521	0.55126	0.03193	0.02353	0.03193	0.02017	0.02689	0.01513	0.00840	0.01176	0.00336	0.01681	0.01176	0.00504	0.01345
8	0.01999	0.05157	0.59800	0.02841	0.04315	0.02315	0.03683	0.03157	0.02105	0.03157	0.01789	0.02105	0.01263	0.00947	0.00947	0.00316	0.01473	0.00737	0.00421	0.01473
9	0.01883	0.01772	0.02990	0.62569	0.06866	0.02215	0.02769	0.02547	0.01993	0.02547	0.01772	0.02658	0.01329	0.00997	0.00997	0.00332	0.01329	0.00886	0.00443	0.01107
10	0.01450	0.00966	0.01087	0.01087	0.01087	0.00966	0.00604	0.01450	0.01450	0.01933	0.03141	0.06524	0.03624	0.64965	0.05074	0.00966	0.00966	0.01450	0.00604	0.00604
11	0.02353	0.02689	0.05882	0.04202	0.05210	0.02521	0.55126	0.03193	0.02353	0.03193	0.02017	0.02689	0.01513	0.00840	0.01176	0.00336	0.01681	0.01176	0.00504	0.01345
12	0.03790	0.02792	0.02992	0.02294	0.03091	0.03091	0.01895	0.55423	0.04687	0.06283	0.02393	0.02393	0.01695	0.01197	0.00997	0.00299	0.01097	0.00898	0.00997	0.01695
13	0.01215	0.00868	0.01157	0.01388	0.01446	0.00810	0.00925	0.01388	0.01909	0.02545	0.05495	0.64315	0.06593	0.03123	0.01272	0.00405	0.00578	0.02834	0.00925	0.00810
14	0.72007	0.01928	0.01465	0.01311	0.01928	0.02236	0.01080	0.02930	0.01697	0.04473	0.01388	0.01619	0.01080	0.00925	0.00617	0.00308	0.00771	0.00540	0.00617	0.01080
15	0.01997	0.01456	0.01741	0.01510	0.01884	0.01470	0.01176	0.15064	0.03281	0.04560	0.44475	0.06202	0.07508	0.01831	0.01132	0.00310	0.00625	0.01580	0.01073	0.01126
16	0.04366	0.01868	0.02420	0.01855	0.02630	0.01719	0.01532	0.12762	0.03140	0.51128	0.03692	0.03237	0.02347	0.01228	0.01002	0.00307	0.00887	0.00986	0.01197	0.01696
17	0.01450	0.00966	0.01087	0.01087	0.01087	0.00966	0.00604	0.01450	0.01450	0.01933	0.03141	0.06524	0.03624	0.64965	0.05074	0.00966	0.00966	0.01450	0.00604	0.00604
18	0.01424	0.01068	0.01602	0.01602	0.01780	0.01246	0.01246	0.01780	0.01602	0.02314	0.02670	0.03916	0.02492	0.07477	0.61015	0.01602	0.02670	0.01068	0.00534	0.00890
19	0.01883	0.01772	0.02990	0.62569	0.06866	0.02215	0.02769	0.02547	0.01993	0.02547	0.01772	0.02658	0.01329	0.00997	0.00997	0.00332	0.01329	0.00886	0.00443	0.01107
20	0.72007	0.01928	0.01465	0.01311	0.01928	0.02236	0.01080	0.02930	0.01697	0.04473	0.01388	0.01619	0.01080	0.00925	0.00617	0.00308	0.00771	0.00540	0.00617	0.01080
21	0.04473	0.01697	0.02313	0.01774	0.02545	0.01465	0.01465	0.04858	0.02853	0.59437	0.03933	0.03393	0.02468	0.01234	0.01003	0.00308	0.00848	0.01003	0.01234	0.01697
22	0.02665	0.65565	0.05224	0.01706	0.02559	0.03945	0.01706	0.02985	0.02026	0.02345	0.01386	0.01599	0.01279	0.00853	0.00640	0.00213	0.01066	0.00533	0.00426	0.01279
23	0.01858	0.00929	0.00929	0.00929	0.01161	0.00929	0.00697	0.02323	0.02091	0.03717	0.03252	0.03717	0.02555	0.01161	0.00697	0.00232	0.00465	0.00929	0.70499	0.00929
24	0.01788	0.00943	0.00992	0.00980	0.01213	0.00931	0.00735	0.02254	0.02205	0.03761	0.11845	0.04300	0.03626	0.01298	0.00772	0.00245	0.00465	0.01066	0.59651	0.00931
25	0.01455	0.01048	0.01394	0.01384	0.01618	0.00987	0.01089	0.01922	0.02704	0.03772	0.46418	0.08293	0.08588	0.02198	0.01221	0.00346	0.00570	0.13002	0.01057	0.00936
26	0.01315	0.00877	0.01121	0.01316	0.01401	0.00828	0.00890	0.01534	0.01937	0.02728	0.05144	0.54842	0.05962	0.02817	0.01182	0.00378	0.00561	0.02536	0.11801	0.00828
27	0.01495	0.01108	0.01405	0.01315	0.01577	0.01062	0.00991	0.02152	0.07104	0.04011	0.53935	0.07152	0.08903	0.01984	0.01163	0.00315	0.00496	0.01749	0.01091	0.00991
28	0.01576	0.01256	0.01754	0.01670	0.01770	0.01524	0.01267	0.01817	0.01550	0.02237	0.02525	0.04226	0.02544	0.20532	0.36169	0.01222	0.13846	0.01125	0.00533	0.00858
29	0.02665	0.65565	0.05224	0.01706	0.02559	0.03945	0.01706	0.02985	0.02026	0.02345	0.01386	0.01599	0.01279	0.00853	0.00640	0.00213	0.01066	0.00533	0.00426	0.01279
30	0.01411	0.01019	0.01333	0.01254	0.01489	0.00941	0.00941	0.01881	0.02822	0.03998	0.58221	0.07447	0.09406	0.02038	0.01176	0.00314	0.00470	0.01803	0.01097	0.00941
31	0.03642	0.04579	0.02787	0.02533	0.03050	0.57099	0.01903	0.04068	0.06401	0.02554	0.01707	0.01925	0.01400	0.01049	0.00907	0.00262	0.01731	0.00674	0.00547	0.01184
32	0.03789	0.03356	0.02779	0.02306	0.02974	0.25551	0.01823	0.24495	0.06820	0.12735	0.02393	0.02391	0.01732	0.01145	0.00960	0.00286	0.01316	0.00827	0.00844	0.01476
33	0.09086	0.02312	0.07259	0.02106	0.02914	0.02085	0.05178	0.13298	0.10416	0.30056	0.03183	0.02974	0.02143	0.01171	0.00979	0.00313	0.00982	0.00954	0.01001	0.01590
34	0.02420	0.02320	0.03961	0.10707	0.54530	0.02356	0.03036	0.03018	0.02247	0.03199	0.01867	0.02483	0.01559	0.00897	0.00988	0.00299	0.01196	0.00888	0.00489	0.01541
35	0.03356	0.02577	0.02747	0.02206	0.02926	0.02889	0.01790	0.38822	0.21994	0.05583	0.02945	0.02833	0.02142	0.01248	0.01003	0.00312	0.00995	0.00974	0.01003	0.01656
36	0.01450	0.00966	0.01087	0.01087	0.01087	0.00966	0.00604	0.01450	0.01450	0.01933	0.03141	0.06524	0.03624	0.64965	0.05074	0.00966	0.00966	0.01450	0.00604	0.00604
37	0.02348	0.33950	0.29223	0.02407	0.03545	0.03114	0.06915	0.03077	0.02087	0.02770	0.01614	0.01910	0.01291	0.00893	0.00818	0.00268	0.01295	0.00675	0.00430	0.01370
38	0.03527	0.19075	0.03420	0.02241	0.02920	0.29751	0.01834	0.15593	0.03057	0.07033	0.01855	0.01990	0.01455	0.01037	0.00864	0.00259	0.01395	0.00697	0.00650	0.01345
39	0.01212	0.00879	0.01145	0.01358	0.01438	0.00812	0.00912	0.01391	0.01937	0.02557	0.05859	0.59985	0.10688	0.03076	0.01265	0.00399	0.00573	0.02776	0.00925	0.00812
40	0.02351	0.37092	0.30948	0.02241	0.03386	0.03177	0.02638	0.03066	0.02063	0.02728	0.01576	0.01837	0.01272	0.00897	0.00785	0.00262	0.01258	0.00629	0.00424	0.01371
41	0.03644	0.04583	0.02788	0.02534	0.03050	0.57205	0.01904	0.04065	0.06303	0.02551	0.01703	0.01921	0.01397	0.01048	0.00906	0.00262	0.01733	0.00673	0.00546	0.01183
42	0.01732	0.00866	0.01299	0.01299	0.01299	0.00866	0.00866	0.01299	0.01299	0.01732	0.01732	0.03030	0.01732	0.03463	0.03896	0.70996	0.00866	0.00866	0.00433	0.00433
43	0.01883	0.01772	0.02990	0.62569	0.06866	0.02215	0.02769	0.02547	0.01993	0.02547	0.01772	0.02658	0.01329	0.00997	0.00997	0.00332	0.01329	0.00886	0.00443	0.01107
44	0.02777	0.51149	0.09284	0.01933	0.02783	0.12725	0.01901	0.03155	0.02157	0.02426	0.01443	0.01671	0.01279	0.00888	0.00705	0.00228	0.01214	0.00567	0.00440	0.01276
45	0.01999	0.05157	0.59800	0.02841	0.04315	0.02315	0.03683	0.03157	0.02105	0.03157	0.01789	0.02105	0.01263	0.00947	0.00947	0.00316	0.01473	0.00737	0.00421	0.01473
46	0.01450	0.00966	0.01087	0.01087	0.01087	0.00966	0.00604	0.01450	0.01450	0.01933	0.03141	0.06524	0.03624	0.64965	0.05074	0.00966	0.00966	0.01450	0.00604	0.00604
47	0.01206	0.00903	0.01121	0.01295	0.01421	0.00818	0.00884	0.01399	0.01998	0.02581	0.06628	0.50842	0.19335	0.02976	0.01249	0.00388	0.00560	0.02654	0.00925	0.00818
48	0.01485	0.01057	0.01177	0.01138	0.01473	0.00905	0.00856	0.01777	0.02379	0.07498	0.16784	0.12753	0.42370	0.02387	0.01170	0.00336	0.00533	0.02021	0.00978	0.00924
49	0.02353	0.02689	0.05882	0.04202	0.05210	0.02521	0.55126	0.03193	0.02353	0.03193	0.02017	0.02689	0.01513	0.00840	0.01176	0.00336	0.01681	0.01176	0.00504	0.01345
50	0.04473	0.01697	0.02313	0.01774	0.02545	0.01465	0.01465	0.04858	0.02853	0.59437	0.03933	0.03393	0.02468	0.01234	0.01003	0.00308	0.00848	0.01003	0.01234	0.01697
51	0.20475	0.02727	0.02814	0.02213	0.02959	0.07418	0.05586	0.34612	0.03633	0.05307	0.02051	0.02177	0.01498	0.01090	0.00909	0.00301	0.01115	0.00810	0.00829	0.01475
52	0.02067	0.01772	0.02067	0.01477	0.02362	0.01329	0.01181	0.02510	0.02067	0.03248	0.01772	0.02067	0.01477	0.00738	0.00738	0.00148	0.00738	0.00591	0.00591	0.71059
53	0.03552	0.02393	0.02867	0.06594	0.03263	0.05795	0.05241	0.24240	0.03390	0.20680	0.02648	0.02649	0.01831	0.01106	0.00975	0.00287	0.01081	0.00895	0.00917	0.09597
54	0.02734	0.61629	0.05069	0.01762	0.02593	0.07635	0.01720	0.03050	0.02077	0.02352	0.01396	0.01612	0.01280	0.00864	0.00656	0.00216	0.01113	0.00540	0.00432	0.01271
55	0.02453	0.01760	0.02107	0.01524	0.02392	0.01351	0.01227	0.02887	0.02193	0.12261	0.02118	0.02280	0.01636	0.00818	0.00781	0.00173	0.00756	0.00657	0.00694	0.59934
56	0.02421	0.43446	0.25207	0.02122	0.03202	0.03348	0.02430	0.03048	0.02055	0.02643	0.01534	0.01784	0.01273	0.00887	0.00752	0.00251	0.01215	0.00608	0.00424	0.01350
57	0.03450	0.04051	0.02991	0.03066	0.11752	0.43361	0.02078	0.07994	0.06461	0.02986	0.01827	0.02077	0.01479	0.01040	0.00928	0.00272	0.01580	0.00733	0.00582	0.01292
58	0.01450	0.00966	0.01087	0.01087	0.01087	0.00966	0.00604	0.01450	0.01450	0.01933	0.03141	0.06524	0.03624	0.64965	0.05074	0.00966	0.00966	0.01450	0.00604	0.00604
59	0.02067	0.01772	0.02067	0.01477	0.02362	0.01329	0.01181	0.02510	0.02067	0.03248	0.01772	0.02067	0.01477	0.00738	0.00738	0.00148	0.00738	0.00591	0.00591	0.71059
60	0.01426	0.00974	0.01101	0.01095	0.01139	0.00955	0.00643	0.01483	0.01622	0.02156	0.08089	0.06831	0.08252	0.55166	0.04465	0.00866	0.00892	0.01528	0.00668	0.00649
61	0.01423	0.01049	0.01350	0.01359	0.01608	0.00976	0.01076	0.01857	0.02608	0.03548	0.37817	0.08709	0.16060	0.02289	0.01225	0.00353	0.00585	0.14162	0.01027	0.00920
62	0.01398	0.01009	0.01321	0.01263	0.01486	0.00932	0.00940	0.01849	0.02762	0.03902	0.54766	0.11173	0.09222	0.02109	0.01182	0.00320	0.00477	0.01870	0.01086	0.00932
63	0.01245	0.00891	0.01184	0.01367	0.01453	0.00830	0.00928	0.01465	0.02051	0.02772	0.13737	0.55425	0.07033	0.02954	0.01257	0.00391	0.00561	0.02673	0.00952	0.00830
64	0.72007	0.01928	0.01465	0.01311	0.01928	0.02236	0.01080	0.02930	0.01697	0.04473	0.01388	0.01619	0.01080	0.00925	0.00617	0.00308	0.00771	0.00540	0.00617	0.01080
65	0.03724	0.04751	0.02825	0.02568	0.03082	0.60963	0.01926	0.03981	0.02825	0.02440	0.01541	0.01798	0.01284	0.01027	0.00899	0.00257	0.01798	0.00642	0.00514	0.01156
66	0.02467	0.02369	0.04046	0.06119	0.58747	0.02369	0.03059	0.03059	0.02270	0.03257	0.01875	0.02467	0.01579	0.00888	0.00987	0.00296	0.01184	0.00888	0.00493	0.01579
67	0.01421	0.01172	0.01267	0.01215	0.01559	0.01098	0.00920	0.02091	0.10143	0.03230	0.21341	0.08223	0.38220	0.02237	0.01154	0.00331	0.00536	0.01890	0.00981	0.00971
68	0.02665	0.65565	0.05224	0.01706	0.02559	0.03945	0.01706	0.02985	0.02026	0.02345	0.01386	0.01599	0.01279	0.00853	0.00640	0.00213	0.01066	0.00533	0.00426	0.01279
69	0.01890	0.02529	0.20453	0.02072	0.02801	0.01556	0.06298	0.02604	0.02523	0.07261	0.28622	0.05332	0.05469	0.01586	0.01104	0.00325	0.00943	0.04610	0.00831	0.01192
70	0.02596	0.34405	0.18934	0.02130	0.03045	0.13554	0.02216	0.03136	0.02243	0.02687	0.05307	0.02158	0.01817	0.00988	0.00803	0.00255	0.01265	0.00691	0.00485	0.01286
71	0.45931	0.07979	0.18860	0.01791	0.02678	0.02396	0.01893	0.03001	0.01843	0.03917	0.01505	0.01760	0.01149	0.00926	0.00716	0.00303	0.01001	0.00597	0.00544	0.01211
72	0.67304	0.01867	0.01456	0.01307	0.01899	0.02150	0.01070	0.02861	0.01772	0.04441	0.05174	0.02008	0.01634	0.01000	0.00654	0.00309	0.00751	0.00624	0.00649	0.01070

[dist]
# distance from previous block
# <min> <max>
0	3

[block]
# block no. 2 follows, 15 sequences, length 15
# corresponding to MSA columns:
# 138-152
name=unknown_C
#
# <colnr> <probs for GDERKNQSTAVLIFYWHMCP>
#	G	D	E	R	K	N	Q	S	T	A	V	L	I	F	Y	W	H	M	C	P
0	0.03667	0.02602	0.02925	0.02679	0.10109	0.06634	0.01936	0.31178	0.07451	0.16514	0.02701	0.02660	0.01905	0.01164	0.00991	0.00300	0.01084	0.00916	0.00949	0.01635
1	0.01883	0.01772	0.02990	0.62569	0.06866	0.02215	0.02769	0.02547	0.01993	0.02547	0.01772	0.02658	0.01329	0.00997	0.00997	0.00332	0.01329	0.00886	0.00443	0.01107
2	0.01958	0.01880	0.03380	0.02605	0.03212	0.01822	0.23876	0.02912	0.10196	0.03683	0.26946	0.04919	0.05188	0.01437	0.01153	0.00327	0.01025	0.01444	0.00836	0.01200
3	0.01381	0.01018	0.01291	0.01223	0.01471	0.00928	0.00917	0.01823	0.02751	0.03830	0.52025	0.07723	0.15707	0.02101	0.01176	0.00317	0.00475	0.01842	0.01075	0.00928
4	0.03619	0.02707	0.02896	0.02259	0.03026	0.03012	0.01853	0.48885	0.11503	0.06007	0.02610	0.02566	0.01871	0.01217	0.00999	0.00304	0.01057	0.00927	0.00999	0.01680
5	0.02065	0.04767	0.52001	0.03300	0.11929	0.02323	0.03596	0.03143	0.02128	0.03171	0.01801	0.02155	0.01307	0.00939	0.00953	0.00313	0.01433	0.00758	0.00431	0.01488
6	0.02467	0.02369	0.04046	0.06119	0.58747	0.02369	0.03059	0.03059	0.02270	0.03257	0.01875	0.02467	0.01579	0.00888	0.00987	0.00296	0.01184	0.00888	0.00493	0.01579
7	0.02413	0.02313	0.03948	0.11375	0.53916	0.02354	0.03032	0.03012	0.02244	0.03191	0.01866	0.02485	0.01556	0.00898	0.00988	0.00299	0.01198	0.00888	0.00489	0.01535
8	0.04473	0.01697	0.02313	0.01774	0.02545	0.01465	0.01465	0.04858	0.02853	0.59437	0.03933	0.03393	0.02468	0.01234	0.01003	0.00308	0.00848	0.01003	0.01234	0.01697
9	0.02281	0.02613	0.11566	0.05203	0.45589	0.02210	0.02940	0.02911	0.02212	0.03174	0.02213	0.08400	0.02020	0.01113	0.01009	0.00309	0.01166	0.01055	0.00525	0.01490
10	0.03541	0.02385	0.03728	0.02755	0.03614	0.02348	0.19550	0.20760	0.03283	0.23327	0.02791	0.02832	0.01897	0.01090	0.01059	0.00315	0.01208	0.01027	0.00913	0.01578
11	0.01704	0.00876	0.01278	0.01278	0.01278	0.00876	0.00840	0.01313	0.01313	0.01751	0.01868	0.03368	0.01915	0.09413	0.04010	0.64221	0.00876	0.00922	0.00449	0.00449
12	0.02467	0.01108	0.01252	0.01126	0.01484	0.01054	0.00876	0.02914	0.02268	0.16699	0.03411	0.03641	0.02535	0.01178	0.00768	0.00250	0.00554	0.00946	0.54361	0.01108
13	0.07694	0.02029	0.02795	0.02181	0.02929	0.02009	0.09005	0.08083	0.15556	0.31648	0.03437	0.03197	0.02333	0.01186	0.01006	0.00319	0.00963	0.01021	0.01027	0.01582
14	0.11325	0.02285	0.02572	0.01992	0.02760	0.02384	0.01645	0.30649	0.03673	0.26247	0.02870	0.02690	0.01923	0.01182	0.00959	0.00304	0.00968	0.00899	0.01046	0.01630

[dist]
# distance from previous block
# <min> <max>
2	4

[block]
# block no. 3 follows, 15 sequences, length 30
# corresponding to MSA columns:
# 157-186
name=unknown_D
#
# <colnr> <probs for GDERKNQSTAVLIFYWHMCP>
#	G	D	E	R	K	N	Q	S	T	A	V	L	I	F	Y	W	H	M	C	P
0	0.37524	0.06291	0.02591	0.01977	0.02666	0.10956	0.06141	0.14316	0.02573	0.04332	0.01680	0.01903	0.01290	0.00986	0.00789	0.00296	0.01085	0.00686	0.00662	0.01257
1	0.01248	0.00963	0.01043	0.01107	0.01358	0.00840	0.00799	0.01497	0.02156	0.02742	0.08227	0.24207	0.39155	0.02571	0.01162	0.00346	0.00522	0.02203	0.07014	0.00840
2	0.01970	0.01641	0.01970	0.01552	0.02300	0.01291	0.01270	0.02417	0.02115	0.03193	0.02508	0.03994	0.02371	0.01161	0.00872	0.00213	0.00776	0.11389	0.00659	0.56337
3	0.01802	0.01623	0.02326	0.02109	0.02198	0.02148	0.01713	0.02089	0.01565	0.02357	0.01991	0.03050	0.01902	0.04617	0.32203	0.01020	0.32843	0.00970	0.00485	0.00990
4	0.01447	0.00975	0.01133	0.01133	0.01149	0.00991	0.00661	0.01479	0.01463	0.01967	0.03099	0.06292	0.03524	0.59864	0.10038	0.01023	0.01118	0.01416	0.00598	0.00629
5	0.02134	0.17333	0.48800	0.02612	0.03961	0.02644	0.03285	0.03122	0.02089	0.02993	0.01708	0.02003	0.01266	0.00928	0.00885	0.00295	0.01391	0.00696	0.00422	0.01434
6	0.02349	0.01887	0.01976	0.01798	0.02292	0.02154	0.01393	0.04673	0.45432	0.04075	0.03888	0.03719	0.02941	0.01312	0.00948	0.00316	0.00721	0.01086	0.15599	0.01442
7	0.03790	0.02792	0.02992	0.02294	0.03091	0.03091	0.01895	0.55423	0.04687	0.06283	0.02393	0.02393	0.01695	0.01197	0.00997	0.00299	0.01097	0.00898	0.00997	0.01695
8	0.04473	0.01697	0.02313	0.01774	0.02545	0.01465	0.01465	0.04858	0.02853	0.59437	0.03933	0.03393	0.02468	0.01234	0.01003	0.00308	0.00848	0.01003	0.01234	0.01697
9	0.02467	0.02369	0.04046	0.06119	0.58747	0.02369	0.03059	0.03059	0.02270	0.03257	0.01875	0.02467	0.01579	0.00888	0.00987	0.00296	0.01184	0.00888	0.00493	0.01579
10	0.02059	0.10517	0.54957	0.02741	0.04159	0.02460	0.03508	0.03142	0.02098	0.03085	0.01753	0.02060	0.01264	0.00939	0.00920	0.00307	0.01437	0.00719	0.00421	0.01456
11	0.02734	0.61613	0.05068	0.01762	0.02593	0.07650	0.01720	0.03050	0.02078	0.02352	0.01396	0.01612	0.01280	0.00864	0.00657	0.00216	0.01114	0.00540	0.00432	0.01271
12	0.01468	0.01147	0.01298	0.01261	0.01565	0.01073	0.00944	0.06248	0.02486	0.03196	0.16909	0.17351	0.32951	0.02690	0.04439	0.00410	0.00681	0.02009	0.00941	0.00931
13	0.03724	0.04751	0.02825	0.02568	0.03082	0.60963	0.01926	0.03981	0.02825	0.02440	0.01541	0.01798	0.01284	0.01027	0.00899	0.00257	0.01798	0.00642	0.00514	0.01156
14	0.01411	0.01019	0.01333	0.01254	0.01489	0.00941	0.00941	0.01881	0.02822	0.03998	0.58221	0.07447	0.09406	0.02038	0.01176	0.00314	0.00470	0.01803	0.01097	0.00941
15	0.02296	0.23613	0.31220	0.02509	0.03640	0.02865	0.07318	0.03354	0.08464	0.03022	0.01945	0.02184	0.01496	0.00955	0.00878	0.00288	0.01284	0.00756	0.00499	0.01413
16	0.03601	0.14730	0.06192	0.01813	0.02603	0.02112	0.01625	0.06868	0.05679	0.35078	0.03633	0.03336	0.05868	0.01231	0.00939	0.00293	0.00915	0.00968	0.00980	0.01536
17	0.04473	0.01697	0.02313	0.01774	0.02545	0.01465	0.01465	0.04858	0.02853	0.59437	0.03933	0.03393	0.02468	0.01234	0.01003	0.00308	0.00848	0.01003	0.01234	0.01697
18	0.01450	0.00966	0.01087	0.01087	0.01087	0.00966	0.00604	0.01450	0.01450	0.01933	0.03141	0.06524	0.03624	0.64965	0.05074	0.00966	0.00966	0.01450	0.00604	0.00604
19	0.02501	0.02887	0.19849	0.02502	0.03393	0.02040	0.10917	0.03723	0.14059	0.12993	0.07915	0.03846	0.02909	0.01282	0.01057	0.00332	0.01129	0.04446	0.00792	0.01428
20	0.02544	0.01411	0.01772	0.01509	0.01961	0.01408	0.04628	0.03412	0.11475	0.15453	0.03448	0.03581	0.02549	0.01187	0.00846	0.00273	0.00680	0.00994	0.39640	0.01227
21	0.01515	0.01072	0.01192	0.01128	0.01481	0.00917	0.00858	0.01825	0.02438	0.07932	0.19660	0.08601	0.43182	0.02310	0.01162	0.00329	0.00528	0.01944	0.00989	0.00937
22	0.04047	0.01792	0.02301	0.01828	0.02555	0.01682	0.01489	0.04952	0.14404	0.47636	0.03960	0.03463	0.02591	0.01259	0.01005	0.00315	0.00836	0.01029	0.01187	0.01671
23	0.01883	0.01772	0.02990	0.62569	0.06866	0.02215	0.02769	0.02547	0.01993	0.02547	0.01772	0.02658	0.01329	0.00997	0.00997	0.00332	0.01329	0.00886	0.00443	0.01107
24	0.03247	0.03957	0.02460	0.02257	0.02663	0.48370	0.01649	0.03449	0.02536	0.02333	0.01877	0.02790	0.01775	0.14448	0.01775	0.00406	0.01623	0.00812	0.00533	0.01040
25	0.04473	0.01697	0.02313	0.01774	0.02545	0.01465	0.01465	0.04858	0.02853	0.59437	0.03933	0.03393	0.02468	0.01234	0.01003	0.00308	0.00848	0.01003	0.01234	0.01697
26	0.01256	0.00899	0.01194	0.01360	0.01455	0.00837	0.00929	0.01492	0.02100	0.02850	0.16561	0.52378	0.07184	0.02895	0.01252	0.00386	0.00556	0.02618	0.00961	0.00837
27	0.02187	0.02502	0.10298	0.26379	0.28271	0.02320	0.07912	0.02894	0.02157	0.02978	0.01840	0.02516	0.01444	0.00931	0.01004	0.00315	0.01318	0.00897	0.00467	0.01371
28	0.03732	0.04524	0.02844	0.02536	0.03083	0.54249	0.01923	0.09949	0.03041	0.02886	0.01640	0.01867	0.01332	0.01047	0.00910	0.00262	0.01716	0.00672	0.00570	0.01218
29	0.01999	0.05157	0.59800	0.02841	0.04315	0.02315	0.03683	0.03157	0.02105	0.03157	0.01789	0.02105	0.01263	0.00947	0.00947	0.00316	0.01473	0.00737	0.00421	0.01473

[dist]
# distance from previous block
# <min> <max>
0	1

[block]
# block no. 4 follows, 15 sequences, length 13
# corresponding to MSA columns:
# 188-200
name=unknown_E
#
# <colnr> <probs for GDERKNQSTAVLIFYWHMCP>
#	G	D	E	R	K	N	Q	S	T	A	V	L	I	F	Y	W	H	M	C	P
0	0.02598	0.01992	0.02564	0.02831	0.15450	0.02112	0.01818	0.07497	0.25260	0.10198	0.12930	0.03958	0.03666	0.01342	0.01034	0.00318	0.00852	0.01161	0.00931	0.01487
1	0.01999	0.05157	0.59800	0.02841	0.04315	0.02315	0.03683	0.03157	0.02105	0.03157	0.01789	0.02105	0.01263	0.00947	0.00947	0.00316	0.01473	0.00737	0.00421	0.01473
2	0.02007	0.04764	0.53096	0.02683	0.04088	0.02201	0.03393	0.03082	0.02100	0.03168	0.01787	0.02100	0.01288	0.00923	0.00923	0.00296	0.01388	0.00720	0.00441	0.09554
3	0.02218	0.24967	0.41903	0.02469	0.03739	0.02850	0.03035	0.03101	0.02079	0.02891	0.01657	0.01939	0.01268	0.00916	0.00846	0.00282	0.01340	0.00670	0.00423	0.01410
4	0.01653	0.01062	0.01374	0.01401	0.01653	0.00973	0.01069	0.01994	0.02392	0.08679	0.21723	0.24346	0.14788	0.02462	0.01220	0.00367	0.00617	0.10263	0.01006	0.00959
5	0.01933	0.01125	0.01488	0.01400	0.01595	0.01157	0.00995	0.02135	0.01738	0.11464	0.03087	0.04995	0.02994	0.32131	0.26241	0.01107	0.01612	0.01228	0.00679	0.00894
6	0.12878	0.01143	0.01316	0.01412	0.01659	0.01142	0.01086	0.01869	0.02137	0.03185	0.12909	0.27225	0.12219	0.02452	0.01164	0.00380	0.00662	0.13363	0.00898	0.00901
7	0.02067	0.01772	0.02067	0.01477	0.02362	0.01329	0.01181	0.02510	0.02067	0.03248	0.01772	0.02067	0.01477	0.00738	0.00738	0.00148	0.00738	0.00591	0.00591	0.71059
8	0.02379	0.47662	0.11249	0.01771	0.02598	0.03256	0.01822	0.02826	0.02165	0.02714	0.10709	0.02615	0.02603	0.01058	0.00765	0.00242	0.01019	0.00765	0.00535	0.01248
9	0.02880	0.01912	0.02203	0.01816	0.02465	0.01938	0.01444	0.09284	0.24012	0.17025	0.09781	0.03676	0.03260	0.01289	0.00984	0.00293	0.00788	0.01067	0.01004	0.12880
10	0.01873	0.01114	0.01450	0.01333	0.01646	0.01006	0.01011	0.02284	0.02695	0.12800	0.40465	0.12555	0.11762	0.02051	0.01157	0.00323	0.00545	0.01797	0.01090	0.01043
11	0.02848	0.35572	0.04357	0.02144	0.02935	0.06596	0.07906	0.14900	0.02775	0.03471	0.06070	0.02367	0.02026	0.01031	0.00839	0.00257	0.01140	0.00795	0.00622	0.01348
12	0.01390	0.01028	0.01320	0.01390	0.01613	0.00958	0.01086	0.01770	0.02431	0.03250	0.26570	0.18144	0.16773	0.02497	0.01247	0.00372	0.00616	0.15663	0.00990	0.00895

[dist]
# distance from previous block
# <min> <max>
11	254

# created by:
# /st0/software/busco_prod/Augustus/scripts/msa2prfl.pl ./align_prep/5047.fa
