[name]
unknown

[dist]
# distance from previous block
# <min> <max>
0	53

[block]
# block no. 0 follows, 16 sequences, length 19
# corresponding to MSA columns:
# 53-71
name=unknown_A
#
# <colnr> <probs for GDERKNQSTAVLIFYWHMCP>
#	G	D	E	R	K	N	Q	S	T	A	V	L	I	F	Y	W	H	M	C	P
0	0.01959	0.01791	0.01790	0.01922	0.02199	0.12865	0.01622	0.02367	0.02331	0.02799	0.04431	0.09161	0.04743	0.02354	0.01249	0.00408	0.01057	0.43198	0.00817	0.00937
1	0.02474	0.02206	0.03425	0.22733	0.32770	0.02393	0.02670	0.13176	0.02578	0.03524	0.01890	0.02441	0.01483	0.00953	0.00964	0.00299	0.01178	0.00865	0.00559	0.01418
2	0.02063	0.01849	0.03095	0.02455	0.03006	0.01813	0.20720	0.12665	0.02602	0.03483	0.06747	0.23839	0.07719	0.01791	0.01141	0.00341	0.01028	0.01717	0.00777	0.01146
3	0.01671	0.01245	0.01451	0.01432	0.01697	0.01231	0.01048	0.12061	0.02519	0.03313	0.09825	0.36898	0.16927	0.02472	0.01159	0.00353	0.00636	0.02166	0.00926	0.00970
4	0.01836	0.01626	0.02369	0.02773	0.17195	0.01631	0.05103	0.02710	0.13036	0.03265	0.13861	0.14254	0.12871	0.01721	0.01080	0.00324	0.00796	0.01554	0.00809	0.01187
5	0.16877	0.02063	0.02372	0.09562	0.03052	0.02223	0.01648	0.20130	0.07222	0.21349	0.02631	0.02601	0.01811	0.01111	0.00901	0.00302	0.00939	0.00851	0.00900	0.01453
6	0.02908	0.03550	0.17712	0.02506	0.03371	0.14056	0.06173	0.20054	0.12693	0.04042	0.02272	0.02388	0.01678	0.01071	0.00954	0.00296	0.01280	0.00843	0.00705	0.01448
7	0.02185	0.01866	0.02666	0.41180	0.05131	0.02189	0.02245	0.15217	0.02594	0.03357	0.02880	0.03367	0.08666	0.01201	0.00991	0.00316	0.01138	0.01012	0.00618	0.01180
8	0.02436	0.02203	0.05535	0.02479	0.09715	0.02280	0.01809	0.14008	0.26457	0.04062	0.07253	0.08647	0.03105	0.01422	0.01107	0.00323	0.03692	0.01183	0.00862	0.01421
9	0.01664	0.01599	0.01437	0.01521	0.01706	0.12614	0.01072	0.01881	0.02141	0.02591	0.09725	0.42242	0.11152	0.02492	0.01149	0.00351	0.00774	0.02184	0.00837	0.00866
10	0.03361	0.07006	0.10060	0.01781	0.02612	0.01666	0.01652	0.03843	0.02498	0.36359	0.06346	0.03038	0.02411	0.01107	0.00911	0.00270	0.00882	0.00891	0.00932	0.12376
11	0.15017	0.01149	0.01151	0.01116	0.01457	0.01101	0.00849	0.01776	0.02212	0.03252	0.19987	0.10315	0.33159	0.02071	0.01045	0.00320	0.00536	0.01719	0.00883	0.00885
12	0.02461	0.01709	0.02056	0.01491	0.02331	0.01318	0.01202	0.02881	0.02157	0.14228	0.02128	0.02258	0.01621	0.00811	0.00767	0.00174	0.00738	0.00651	0.00695	0.58324
13	0.16282	0.17302	0.21963	0.02029	0.02994	0.02583	0.02164	0.10325	0.02378	0.10797	0.01918	0.02042	0.01401	0.00964	0.00806	0.00280	0.01088	0.00689	0.00621	0.01373
14	0.59718	0.10210	0.05428	0.01412	0.02090	0.02388	0.01277	0.02869	0.01713	0.04012	0.01372	0.01600	0.01085	0.00892	0.00622	0.00289	0.00827	0.00535	0.00565	0.01097
15	0.01281	0.00987	0.01170	0.01124	0.01392	0.00876	0.00843	0.01654	0.02530	0.03379	0.39556	0.08075	0.29287	0.02171	0.01144	0.00314	0.00471	0.01870	0.01000	0.00876
16	0.02618	0.06495	0.18353	0.02828	0.11714	0.02579	0.02378	0.17214	0.18274	0.04086	0.02492	0.02580	0.01862	0.01078	0.00941	0.00301	0.01092	0.00873	0.00722	0.01521
17	0.01274	0.00982	0.01135	0.01099	0.01352	0.00874	0.00807	0.01597	0.02390	0.03147	0.32398	0.08094	0.31139	0.07708	0.01471	0.00370	0.00514	0.01854	0.00951	0.00843
18	0.02187	0.04119	0.41924	0.02826	0.08055	0.02338	0.03044	0.07301	0.12235	0.03472	0.02181	0.02373	0.01590	0.01004	0.00939	0.00308	0.01266	0.00806	0.00558	0.01474

[dist]
# distance from previous block
# <min> <max>
0	1

[block]
# block no. 1 follows, 16 sequences, length 23
# corresponding to MSA columns:
# 73-95
name=unknown_B
#
# <colnr> <probs for GDERKNQSTAVLIFYWHMCP>
#	G	D	E	R	K	N	Q	S	T	A	V	L	I	F	Y	W	H	M	C	P
0	0.01421	0.00972	0.01226	0.01236	0.01447	0.00913	0.00937	0.01828	0.02440	0.03491	0.35541	0.14473	0.10291	0.02088	0.01106	0.00321	0.00518	0.07330	0.11532	0.00889
1	0.02537	0.02347	0.03824	0.05548	0.53763	0.02379	0.02852	0.08759	0.02460	0.03483	0.01877	0.02391	0.01547	0.00896	0.00961	0.00288	0.01142	0.00865	0.00533	0.01547
2	0.33968	0.01747	0.01892	0.01530	0.02215	0.01749	0.01262	0.03912	0.02287	0.36234	0.02753	0.02553	0.01815	0.01070	0.00812	0.00300	0.00792	0.00780	0.00940	0.01390
3	0.01830	0.01723	0.02907	0.63609	0.06675	0.02153	0.02692	0.02476	0.01938	0.02476	0.01723	0.02584	0.01292	0.00969	0.00969	0.00323	0.01292	0.00861	0.00431	0.01077
4	0.02863	0.02116	0.03551	0.08415	0.37746	0.02074	0.06206	0.03408	0.02343	0.18096	0.02348	0.02660	0.01741	0.00955	0.00977	0.00296	0.01108	0.00912	0.00665	0.01520
5	0.01285	0.00987	0.01176	0.01128	0.01395	0.00878	0.00846	0.01661	0.02539	0.03402	0.40426	0.08038	0.28403	0.02162	0.01144	0.00313	0.00470	0.01865	0.01003	0.00878
6	0.02202	0.01896	0.02613	0.35265	0.04754	0.02243	0.02157	0.10943	0.15699	0.03487	0.06782	0.03150	0.02344	0.01157	0.00987	0.00318	0.01070	0.00987	0.00690	0.01256
7	0.01372	0.00991	0.01296	0.01219	0.01448	0.00914	0.00914	0.01829	0.02743	0.03887	0.59381	0.07240	0.09145	0.01981	0.01143	0.00305	0.00457	0.01753	0.01067	0.00914
8	0.02467	0.02238	0.03500	0.04900	0.45101	0.02290	0.02594	0.08853	0.06963	0.03605	0.06066	0.02826	0.02192	0.01010	0.00976	0.00293	0.01063	0.00945	0.00614	0.01504
9	0.72785	0.01874	0.01425	0.01275	0.01874	0.02174	0.01050	0.02849	0.01649	0.04348	0.01350	0.01574	0.01050	0.00900	0.00600	0.00300	0.00750	0.00525	0.00600	0.01050
10	0.02010	0.01723	0.02010	0.01436	0.02297	0.01292	0.01148	0.02440	0.02010	0.03158	0.01723	0.02010	0.01436	0.00718	0.00718	0.00144	0.00718	0.00574	0.00574	0.71863
11	0.01830	0.01723	0.02907	0.63609	0.06675	0.02153	0.02692	0.02476	0.01938	0.02476	0.01723	0.02584	0.01292	0.00969	0.00969	0.00323	0.01292	0.00861	0.00431	0.01077
12	0.72785	0.01874	0.01425	0.01275	0.01874	0.02174	0.01050	0.02849	0.01649	0.04348	0.01350	0.01574	0.01050	0.00900	0.00600	0.00300	0.00750	0.00525	0.00600	0.01050
13	0.02408	0.02345	0.08505	0.01995	0.02629	0.02282	0.01717	0.11979	0.36959	0.04225	0.10819	0.03740	0.03401	0.01339	0.00998	0.00318	0.00841	0.01109	0.00932	0.01458
14	0.01181	0.00843	0.01125	0.01350	0.01406	0.00787	0.00900	0.01350	0.01856	0.02474	0.05342	0.65306	0.06410	0.03036	0.01237	0.00394	0.00562	0.02755	0.00900	0.00787
15	0.02356	0.02653	0.11715	0.03475	0.17284	0.02427	0.11216	0.08905	0.10206	0.03503	0.05385	0.02782	0.02088	0.01143	0.01319	0.00324	0.10238	0.00970	0.00620	0.01392
16	0.01911	0.01805	0.03052	0.55439	0.14215	0.02174	0.02732	0.02547	0.01976	0.02574	0.01737	0.02558	0.01326	0.00954	0.00968	0.00318	0.01272	0.00862	0.00438	0.01142
17	0.02591	0.66522	0.05079	0.01658	0.02488	0.03835	0.01658	0.02902	0.01969	0.02280	0.01347	0.01555	0.01244	0.00829	0.00622	0.00207	0.01036	0.00518	0.00415	0.01244
18	0.01409	0.00940	0.01057	0.01057	0.01057	0.00940	0.00587	0.01409	0.01409	0.01879	0.03054	0.06342	0.03524	0.65938	0.04933	0.00940	0.00940	0.01409	0.00587	0.00587
19	0.02413	0.02401	0.03168	0.12184	0.26274	0.08842	0.02398	0.03346	0.13425	0.03041	0.02121	0.02558	0.01719	0.01108	0.01289	0.00317	0.10588	0.00882	0.00569	0.01357
20	0.02120	0.02120	0.02969	0.02545	0.02545	0.02969	0.02120	0.02332	0.01484	0.02332	0.01272	0.02120	0.01272	0.01696	0.03181	0.00424	0.64165	0.00848	0.00424	0.01060
21	0.01263	0.00930	0.01188	0.01287	0.01450	0.00856	0.00930	0.01552	0.02207	0.02956	0.22364	0.34974	0.15301	0.02600	0.01202	0.00361	0.00545	0.06245	0.00950	0.00839
22	0.08523	0.01629	0.02019	0.01549	0.02278	0.01403	0.01264	0.03769	0.02425	0.36287	0.03014	0.02843	0.02042	0.01040	0.00854	0.00251	0.00761	0.00826	0.06389	0.20835

[dist]
# distance from previous block
# <min> <max>
0	1

[block]
# block no. 2 follows, 16 sequences, length 8
# corresponding to MSA columns:
# 97-104
name=unknown_C
#
# <colnr> <probs for GDERKNQSTAVLIFYWHMCP>
#	G	D	E	R	K	N	Q	S	T	A	V	L	I	F	Y	W	H	M	C	P
0	0.01289	0.00961	0.01198	0.01194	0.01411	0.00871	0.00874	0.01648	0.02466	0.03357	0.38905	0.18486	0.19220	0.02277	0.01161	0.00326	0.00484	0.02001	0.01001	0.00871
1	0.02591	0.66522	0.05079	0.01658	0.02488	0.03835	0.01658	0.02902	0.01969	0.02280	0.01347	0.01555	0.01244	0.00829	0.00622	0.00207	0.01036	0.00518	0.00415	0.01244
2	0.01383	0.00988	0.01356	0.01580	0.01725	0.00961	0.01250	0.01698	0.02055	0.02700	0.05231	0.36506	0.05969	0.02846	0.01291	0.00421	0.00737	0.29564	0.00896	0.00843
3	0.01563	0.01203	0.01530	0.01448	0.01579	0.01351	0.01047	0.01989	0.06560	0.02598	0.13997	0.05240	0.04088	0.27293	0.16464	0.00842	0.08372	0.01304	0.00683	0.00849
4	0.01398	0.01131	0.01554	0.01621	0.01677	0.01287	0.01187	0.01593	0.01748	0.02422	0.04219	0.46024	0.04941	0.03168	0.07584	0.00514	0.14129	0.02187	0.00763	0.00852
5	0.02679	0.16105	0.02950	0.02129	0.05281	0.13472	0.01650	0.09168	0.22476	0.03453	0.05656	0.03132	0.05404	0.01211	0.00902	0.00282	0.01022	0.00937	0.00750	0.01342
6	0.02118	0.03978	0.39162	0.03979	0.25459	0.02271	0.03349	0.03033	0.02108	0.03106	0.01771	0.02181	0.01345	0.00899	0.00936	0.00300	0.01325	0.00772	0.00436	0.01472
7	0.02045	0.10523	0.42175	0.02842	0.07961	0.02358	0.05804	0.03066	0.04926	0.03019	0.02015	0.05373	0.01619	0.01031	0.00925	0.00302	0.01303	0.00853	0.00474	0.01387

[dist]
# distance from previous block
# <min> <max>
1	4

[block]
# block no. 3 follows, 16 sequences, length 54
# corresponding to MSA columns:
# 109-162
name=unknown_D
#
# <colnr> <probs for GDERKNQSTAVLIFYWHMCP>
#	G	D	E	R	K	N	Q	S	T	A	V	L	I	F	Y	W	H	M	C	P
0	0.01785	0.02261	0.14746	0.02648	0.10006	0.01630	0.10487	0.02451	0.02402	0.03393	0.25067	0.05241	0.04939	0.01516	0.01096	0.00322	0.00981	0.07125	0.00746	0.01159
1	0.01196	0.00913	0.01099	0.01201	0.01378	0.00817	0.00844	0.01434	0.02109	0.02730	0.14762	0.37201	0.25465	0.02679	0.01191	0.00357	0.00522	0.02360	0.00924	0.00817
2	0.01909	0.01813	0.02749	0.07427	0.18373	0.05024	0.08668	0.02428	0.02433	0.03291	0.24521	0.04867	0.09536	0.01441	0.01065	0.00303	0.00933	0.01330	0.00740	0.01149
3	0.02429	0.01210	0.01591	0.01367	0.01774	0.01089	0.01070	0.02858	0.02696	0.23325	0.35740	0.05592	0.06288	0.01644	0.01047	0.00297	0.00583	0.01417	0.06817	0.01166
4	0.02637	0.30041	0.12096	0.01927	0.02748	0.02886	0.01877	0.03833	0.19613	0.09495	0.02494	0.02467	0.01907	0.01036	0.00819	0.00270	0.00987	0.00779	0.00680	0.01408
5	0.02040	0.01344	0.01481	0.01506	0.01809	0.04581	0.01238	0.02637	0.06258	0.07568	0.04011	0.06592	0.03756	0.01798	0.01014	0.00334	0.00763	0.23182	0.27076	0.01013
6	0.01860	0.01614	0.02246	0.02002	0.02022	0.02122	0.01581	0.01953	0.01445	0.02150	0.01756	0.03079	0.01807	0.12266	0.10158	0.12170	0.37492	0.00953	0.00459	0.00864
7	0.01389	0.00931	0.01063	0.01083	0.01088	0.00926	0.00615	0.01404	0.01449	0.01932	0.03256	0.11565	0.03779	0.60367	0.04606	0.00891	0.00906	0.01529	0.00615	0.00605
8	0.43367	0.01947	0.01847	0.01509	0.02189	0.02079	0.01241	0.11210	0.02310	0.13570	0.01939	0.02015	0.01401	0.00967	0.00729	0.00281	0.00806	0.00655	0.00750	0.09188
9	0.02671	0.02327	0.03311	0.07087	0.33093	0.02479	0.02421	0.15778	0.13559	0.03985	0.02345	0.02627	0.01825	0.01025	0.00967	0.00298	0.01064	0.00910	0.00689	0.01539
10	0.02495	0.02473	0.03184	0.29861	0.21336	0.11978	0.02547	0.08932	0.02442	0.03070	0.01784	0.02365	0.01397	0.00965	0.00951	0.00297	0.01299	0.00825	0.00517	0.01283
11	0.02399	0.02303	0.03934	0.05949	0.59893	0.02303	0.02974	0.02974	0.02207	0.03166	0.01823	0.02399	0.01535	0.00864	0.00960	0.00288	0.01151	0.00864	0.00480	0.01535
12	0.02334	0.01872	0.02675	0.30600	0.04484	0.04695	0.05924	0.08550	0.02413	0.10096	0.03228	0.07951	0.08388	0.01327	0.01017	0.00319	0.01112	0.01157	0.00679	0.01178
13	0.01724	0.01285	0.01533	0.01562	0.01790	0.01328	0.01123	0.10720	0.08612	0.03239	0.04698	0.48196	0.05253	0.02540	0.01166	0.00370	0.00667	0.02265	0.00921	0.01010
14	0.09165	0.01966	0.02375	0.01834	0.02580	0.01925	0.01515	0.19236	0.03195	0.41094	0.03221	0.02899	0.02089	0.01167	0.00946	0.00297	0.00887	0.00913	0.01091	0.01605
15	0.03745	0.02241	0.02577	0.01992	0.02721	0.02334	0.01639	0.35573	0.03838	0.24076	0.06784	0.02991	0.02418	0.01232	0.00983	0.00295	0.00944	0.00968	0.01053	0.01598
16	0.01160	0.00923	0.01042	0.01138	0.01350	0.00805	0.00806	0.01373	0.02059	0.02557	0.07918	0.33094	0.36960	0.02702	0.01184	0.00355	0.00521	0.02347	0.00900	0.00805
17	0.01830	0.01723	0.02907	0.63609	0.06675	0.02153	0.02692	0.02476	0.01938	0.02476	0.01723	0.02584	0.01292	0.00969	0.00969	0.00323	0.01292	0.00861	0.00431	0.01077
18	0.02554	0.02153	0.02272	0.02001	0.02575	0.02477	0.01569	0.10934	0.52125	0.04285	0.03763	0.03471	0.02811	0.01298	0.00984	0.00324	0.00801	0.01071	0.00984	0.01547
19	0.01957	0.01300	0.01476	0.01358	0.01703	0.01350	0.01041	0.03033	0.17707	0.07052	0.23951	0.04921	0.05043	0.01495	0.00949	0.00287	0.00561	0.01270	0.22424	0.01122
20	0.01686	0.01149	0.01209	0.01159	0.01471	0.01156	0.00879	0.02500	0.12363	0.03467	0.12342	0.05587	0.18436	0.01622	0.00917	0.00281	0.00520	0.01349	0.30908	0.00997
21	0.03684	0.02715	0.02909	0.02230	0.03006	0.03006	0.01842	0.56661	0.04557	0.06108	0.02327	0.02327	0.01648	0.01163	0.00970	0.00291	0.01067	0.00873	0.00970	0.01648
22	0.02289	0.02401	0.02944	0.02539	0.02595	0.09602	0.02093	0.02505	0.01626	0.02337	0.01298	0.02079	0.01270	0.01618	0.02922	0.00405	0.57157	0.00823	0.00433	0.01067
23	0.01293	0.00997	0.01187	0.01167	0.01436	0.00891	0.00893	0.01662	0.02480	0.03280	0.34385	0.08407	0.29775	0.02235	0.01160	0.00326	0.00507	0.06066	0.00983	0.00873
24	0.02995	0.02749	0.04011	0.03497	0.13281	0.06958	0.20294	0.25876	0.03271	0.04337	0.02060	0.02394	0.01541	0.00985	0.01019	0.00299	0.01320	0.00944	0.00693	0.01477
25	0.03620	0.04619	0.02747	0.02497	0.02996	0.62047	0.01873	0.03870	0.02747	0.02372	0.01498	0.01748	0.01248	0.00999	0.00874	0.00250	0.01748	0.00624	0.00499	0.01124
26	0.01395	0.00931	0.01211	0.01397	0.01529	0.00900	0.01050	0.01690	0.01992	0.02788	0.04912	0.39421	0.05508	0.02611	0.01171	0.00380	0.00637	0.16786	0.12853	0.00837
27	0.01302	0.00957	0.01026	0.01026	0.01160	0.00890	0.00648	0.01402	0.01735	0.02180	0.05806	0.07557	0.26302	0.40105	0.03392	0.00690	0.00757	0.01668	0.00715	0.00681
28	0.02367	0.25110	0.07359	0.02161	0.06875	0.02789	0.01784	0.03804	0.26086	0.03277	0.06706	0.02944	0.02568	0.01129	0.00862	0.00279	0.00916	0.00894	0.00711	0.01379
29	0.72785	0.01874	0.01425	0.01275	0.01874	0.02174	0.01050	0.02849	0.01649	0.04348	0.01350	0.01574	0.01050	0.00900	0.00600	0.00300	0.00750	0.00525	0.00600	0.01050
30	0.01372	0.00991	0.01296	0.01219	0.01448	0.00914	0.00914	0.01829	0.02743	0.03887	0.59381	0.07240	0.09145	0.01981	0.01143	0.00305	0.00457	0.01753	0.01067	0.00914
31	0.02272	0.01960	0.02203	0.02202	0.06722	0.02220	0.01571	0.04559	0.47603	0.03810	0.03942	0.10451	0.03239	0.01474	0.01012	0.00333	0.00773	0.01265	0.00938	0.01450
32	0.02190	0.02061	0.03445	0.05081	0.48944	0.02068	0.02608	0.02715	0.02134	0.03022	0.02513	0.03080	0.06007	0.01703	0.07838	0.00433	0.01264	0.00972	0.00516	0.01406
33	0.72785	0.01874	0.01425	0.01275	0.01874	0.02174	0.01050	0.02849	0.01649	0.04348	0.01350	0.01574	0.01050	0.00900	0.00600	0.00300	0.00750	0.00525	0.00600	0.01050
34	0.01408	0.00945	0.01083	0.01083	0.01092	0.00954	0.00620	0.01426	0.01417	0.01899	0.03030	0.06210	0.03466	0.62861	0.07932	0.00972	0.01027	0.01390	0.00584	0.00602
35	0.01908	0.03986	0.42801	0.21764	0.04969	0.02220	0.03303	0.02884	0.02012	0.02884	0.01734	0.02214	0.01248	0.00936	0.00936	0.00312	0.01389	0.00762	0.00416	0.01321
36	0.01385	0.01038	0.01558	0.01558	0.01731	0.01211	0.01211	0.01731	0.01558	0.02250	0.02596	0.03808	0.02423	0.07269	0.62098	0.01558	0.02596	0.01038	0.00519	0.00865
37	0.02399	0.02303	0.03934	0.05949	0.59893	0.02303	0.02974	0.02974	0.02207	0.03166	0.01823	0.02399	0.01535	0.00864	0.00960	0.00288	0.01151	0.00864	0.00480	0.01535
38	0.01562	0.01116	0.01562	0.01785	0.02008	0.01116	0.01562	0.02008	0.02231	0.02900	0.05132	0.10933	0.05578	0.02677	0.01339	0.00446	0.00892	0.53369	0.00892	0.00892
39	0.01830	0.01723	0.02907	0.63609	0.06675	0.02153	0.02692	0.02476	0.01938	0.02476	0.01723	0.02584	0.01292	0.00969	0.00969	0.00323	0.01292	0.00861	0.00431	0.01077
40	0.02553	0.01205	0.01634	0.01540	0.01903	0.01081	0.01170	0.02829	0.02273	0.27167	0.04682	0.35060	0.04647	0.02231	0.01133	0.00358	0.00698	0.05648	0.01026	0.01161
41	0.01372	0.00991	0.01296	0.01219	0.01448	0.00914	0.00914	0.01829	0.02743	0.03887	0.59381	0.07240	0.09145	0.01981	0.01143	0.00305	0.00457	0.01753	0.01067	0.00914
42	0.01385	0.01038	0.01558	0.01558	0.01731	0.01211	0.01211	0.01731	0.01558	0.02250	0.02596	0.03808	0.02423	0.07269	0.62098	0.01558	0.02596	0.01038	0.00519	0.00865
43	0.04348	0.01649	0.02249	0.01724	0.02474	0.01425	0.01425	0.04723	0.02774	0.60564	0.03824	0.03299	0.02399	0.01200	0.00975	0.00300	0.00825	0.00975	0.01200	0.01649
44	0.02120	0.02120	0.02969	0.02545	0.02545	0.02969	0.02120	0.02332	0.01484	0.02332	0.01272	0.02120	0.01272	0.01696	0.03181	0.00424	0.64165	0.00848	0.00424	0.01060
45	0.01409	0.00940	0.01057	0.01057	0.01057	0.00940	0.00587	0.01409	0.01409	0.01879	0.03054	0.06342	0.03524	0.65938	0.04933	0.00940	0.00940	0.01409	0.00587	0.00587
46	0.02010	0.01723	0.02010	0.01436	0.02297	0.01292	0.01148	0.02440	0.02010	0.03158	0.01723	0.02010	0.01436	0.00718	0.00718	0.00144	0.00718	0.00574	0.00574	0.71863
47	0.01216	0.00985	0.01080	0.01056	0.01352	0.00848	0.00792	0.01528	0.02376	0.03014	0.25296	0.08675	0.43775	0.02307	0.01145	0.00320	0.00480	0.01954	0.00952	0.00848
48	0.03625	0.04476	0.02759	0.02477	0.02997	0.57594	0.01870	0.07852	0.02883	0.02654	0.01561	0.01791	0.01279	0.01011	0.00881	0.00253	0.01696	0.00643	0.00535	0.01163
49	0.01362	0.01010	0.01110	0.01088	0.01403	0.00864	0.00814	0.01639	0.02290	0.06064	0.16293	0.13230	0.44671	0.02362	0.01143	0.00328	0.00511	0.02000	0.00941	0.00877
50	0.03685	0.04356	0.02703	0.02428	0.02950	0.56678	0.01833	0.03946	0.02749	0.07527	0.01704	0.01885	0.01350	0.01017	0.00883	0.00254	0.01666	0.00655	0.00561	0.01170
51	0.01147	0.00974	0.00990	0.01003	0.01315	0.00816	0.00746	0.01389	0.02189	0.02610	0.09567	0.12477	0.56512	0.02487	0.01151	0.00331	0.00495	0.02085	0.00900	0.00816
52	0.07860	0.20367	0.41917	0.02361	0.03573	0.02647	0.02888	0.03009	0.01995	0.02973	0.01608	0.01883	0.01217	0.00896	0.00819	0.00281	0.01276	0.00650	0.00426	0.01353
53	0.11890	0.09388	0.09472	0.02692	0.09735	0.31269	0.02071	0.07265	0.02527	0.03055	0.01592	0.01862	0.01284	0.00958	0.00840	0.00266	0.01404	0.00659	0.00526	0.01247

[dist]
# distance from previous block
# <min> <max>
0	1

[block]
# block no. 4 follows, 16 sequences, length 30
# corresponding to MSA columns:
# 164-193
name=unknown_E
#
# <colnr> <probs for GDERKNQSTAVLIFYWHMCP>
#	G	D	E	R	K	N	Q	S	T	A	V	L	I	F	Y	W	H	M	C	P
0	0.02572	0.03002	0.08337	0.04450	0.30247	0.13640	0.14083	0.03292	0.05228	0.03042	0.01895	0.02358	0.01518	0.00907	0.00981	0.00292	0.01368	0.00879	0.00507	0.01401
1	0.72785	0.01874	0.01425	0.01275	0.01874	0.02174	0.01050	0.02849	0.01649	0.04348	0.01350	0.01574	0.01050	0.00900	0.00600	0.00300	0.00750	0.00525	0.00600	0.01050
2	0.10689	0.07731	0.11379	0.02801	0.14876	0.02346	0.02084	0.03886	0.20919	0.09703	0.02645	0.02688	0.01981	0.01061	0.00895	0.00301	0.00973	0.00864	0.00725	0.01452
3	0.02151	0.01997	0.03201	0.08615	0.40552	0.02032	0.02436	0.02870	0.06801	0.03239	0.09416	0.03573	0.06600	0.01152	0.00997	0.00298	0.01001	0.01071	0.00617	0.01380
4	0.01338	0.00989	0.01249	0.01184	0.01427	0.00900	0.00888	0.01764	0.02664	0.03699	0.52033	0.07549	0.16610	0.02052	0.01143	0.00308	0.00462	0.01796	0.01042	0.00900
5	0.01944	0.05013	0.60917	0.02762	0.04195	0.02251	0.03581	0.03069	0.02046	0.03069	0.01739	0.02046	0.01228	0.00921	0.00921	0.00307	0.01432	0.00716	0.00409	0.01432
6	0.01174	0.00973	0.01028	0.01035	0.01332	0.00827	0.00769	0.01439	0.02247	0.02756	0.15277	0.13003	0.49919	0.02440	0.01152	0.00329	0.00492	0.02061	0.00919	0.00827
7	0.01830	0.01723	0.02907	0.63609	0.06675	0.02153	0.02692	0.02476	0.01938	0.02476	0.01723	0.02584	0.01292	0.00969	0.00969	0.00323	0.01292	0.00861	0.00431	0.01077
8	0.03620	0.04619	0.02747	0.02497	0.02996	0.62047	0.01873	0.03870	0.02747	0.02372	0.01498	0.01748	0.01248	0.00999	0.00874	0.00250	0.01748	0.00624	0.00499	0.01124
9	0.01409	0.00940	0.01057	0.01057	0.01057	0.00940	0.00587	0.01409	0.01409	0.01879	0.03054	0.06342	0.03524	0.65938	0.04933	0.00940	0.00940	0.01409	0.00587	0.00587
10	0.01181	0.00843	0.01125	0.01350	0.01406	0.00787	0.00900	0.01350	0.01856	0.02474	0.05342	0.65306	0.06410	0.03036	0.01237	0.00394	0.00562	0.02755	0.00900	0.00787
11	0.72785	0.01874	0.01425	0.01275	0.01874	0.02174	0.01050	0.02849	0.01649	0.04348	0.01350	0.01574	0.01050	0.00900	0.00600	0.00300	0.00750	0.00525	0.00600	0.01050
12	0.01944	0.05013	0.60917	0.02762	0.04195	0.02251	0.03581	0.03069	0.02046	0.03069	0.01739	0.02046	0.01228	0.00921	0.00921	0.00307	0.01432	0.00716	0.00409	0.01432
13	0.02399	0.02303	0.03934	0.05949	0.59893	0.02303	0.02974	0.02974	0.02207	0.03166	0.01823	0.02399	0.01535	0.00864	0.00960	0.00288	0.01151	0.00864	0.00480	0.01535
14	0.01751	0.01637	0.02685	0.56377	0.06056	0.01999	0.02466	0.02351	0.01969	0.02493	0.02657	0.03363	0.08013	0.01141	0.00989	0.00323	0.01199	0.00998	0.00485	0.01047
15	0.01713	0.01354	0.01603	0.01447	0.01816	0.01362	0.01106	0.02805	0.18129	0.03874	0.39237	0.05804	0.06793	0.01693	0.01065	0.00298	0.00565	0.01474	0.01004	0.06857
16	0.01830	0.01723	0.02907	0.63609	0.06675	0.02153	0.02692	0.02476	0.01938	0.02476	0.01723	0.02584	0.01292	0.00969	0.00969	0.00323	0.01292	0.00861	0.00431	0.01077
17	0.01646	0.01328	0.01659	0.01732	0.06410	0.01333	0.01190	0.02570	0.14410	0.03694	0.36264	0.06355	0.13963	0.01812	0.01095	0.00312	0.00584	0.01580	0.00980	0.01084
18	0.01528	0.00959	0.01154	0.01106	0.01333	0.00910	0.00829	0.01984	0.02487	0.03788	0.39136	0.05934	0.06746	0.01675	0.00975	0.00276	0.00455	0.01447	0.26366	0.00910
19	0.02725	0.15506	0.07035	0.02524	0.07489	0.25763	0.05560	0.03278	0.05564	0.02831	0.10219	0.02756	0.02545	0.01100	0.00900	0.00266	0.01290	0.00857	0.00586	0.01205
20	0.01533	0.01095	0.01529	0.01752	0.01962	0.01091	0.01511	0.01958	0.02203	0.02868	0.05148	0.15073	0.05641	0.02705	0.01331	0.00442	0.00867	0.49514	0.00893	0.00884
21	0.01505	0.01029	0.01531	0.01568	0.01743	0.00952	0.04785	0.01735	0.01957	0.07064	0.04989	0.56110	0.05754	0.02739	0.01210	0.00382	0.00657	0.02504	0.00895	0.00891
22	0.02187	0.10380	0.24568	0.01978	0.03044	0.01952	0.02139	0.02863	0.02063	0.06351	0.01808	0.02046	0.01391	0.00835	0.00798	0.00221	0.01030	0.00644	0.00530	0.33172
23	0.72785	0.01874	0.01425	0.01275	0.01874	0.02174	0.01050	0.02849	0.01649	0.04348	0.01350	0.01574	0.01050	0.00900	0.00600	0.00300	0.00750	0.00525	0.00600	0.01050
24	0.01372	0.00991	0.01296	0.01219	0.01448	0.00914	0.00914	0.01829	0.02743	0.03887	0.59381	0.07240	0.09145	0.01981	0.01143	0.00305	0.00457	0.01753	0.01067	0.00914
25	0.02403	0.02232	0.03377	0.04679	0.41565	0.02337	0.02514	0.03669	0.20075	0.03450	0.02501	0.02788	0.01990	0.01008	0.00968	0.00301	0.01029	0.00938	0.00642	0.01535
26	0.01916	0.01179	0.01303	0.01176	0.01570	0.01070	0.00913	0.05586	0.02453	0.11742	0.11069	0.06834	0.33591	0.01920	0.01028	0.00302	0.00568	0.01591	0.13174	0.01017
27	0.02389	0.03147	0.28921	0.02763	0.11561	0.01867	0.02569	0.03135	0.02199	0.14705	0.06042	0.02922	0.02184	0.01871	0.08982	0.00467	0.01357	0.00900	0.00637	0.01383
28	0.01830	0.01723	0.02907	0.63609	0.06675	0.02153	0.02692	0.02476	0.01938	0.02476	0.01723	0.02584	0.01292	0.00969	0.00969	0.00323	0.01292	0.00861	0.00431	0.01077
29	0.03380	0.20504	0.03514	0.02071	0.02861	0.03237	0.01791	0.41673	0.03835	0.05041	0.02054	0.02112	0.01535	0.01070	0.00873	0.00268	0.01058	0.00774	0.00815	0.01535

[dist]
# distance from previous block
# <min> <max>
0	1

[block]
# block no. 5 follows, 16 sequences, length 52
# corresponding to MSA columns:
# 195-246
name=unknown_F
#
# <colnr> <probs for GDERKNQSTAVLIFYWHMCP>
#	G	D	E	R	K	N	Q	S	T	A	V	L	I	F	Y	W	H	M	C	P
0	0.28177	0.07045	0.02280	0.01669	0.02348	0.02195	0.01405	0.14669	0.02656	0.21366	0.02510	0.02773	0.01850	0.01139	0.00833	0.00299	0.00869	0.03693	0.00859	0.01362
1	0.01372	0.00991	0.01296	0.01219	0.01448	0.00914	0.00914	0.01829	0.02743	0.03887	0.59381	0.07240	0.09145	0.01981	0.01143	0.00305	0.00457	0.01753	0.01067	0.00914
2	0.02399	0.02303	0.03934	0.05949	0.59893	0.02303	0.02974	0.02974	0.02207	0.03166	0.01823	0.02399	0.01535	0.00864	0.00960	0.00288	0.01151	0.00864	0.00480	0.01535
3	0.02591	0.66522	0.05079	0.01658	0.02488	0.03835	0.01658	0.02902	0.01969	0.02280	0.01347	0.01555	0.01244	0.00829	0.00622	0.00207	0.01036	0.00518	0.00415	0.01244
4	0.05938	0.03906	0.42386	0.02448	0.03580	0.02019	0.07083	0.02914	0.02040	0.03242	0.01991	0.02347	0.01463	0.00949	0.00876	0.00293	0.01233	0.00773	0.13212	0.01306
5	0.01174	0.00872	0.01096	0.01275	0.01386	0.00794	0.00866	0.01358	0.01927	0.02503	0.06252	0.53930	0.17199	0.02918	0.01218	0.00380	0.00548	0.02611	0.00900	0.00794
6	0.01327	0.00989	0.01234	0.01173	0.01421	0.00896	0.00880	0.01743	0.02639	0.03639	0.49687	0.07648	0.18994	0.02074	0.01144	0.00309	0.00464	0.01810	0.01034	0.00896
7	0.01207	0.00862	0.01154	0.01379	0.01447	0.00809	0.00945	0.01394	0.01881	0.02503	0.05328	0.61624	0.06354	0.03012	0.01244	0.00397	0.00585	0.06182	0.00899	0.00794
8	0.02566	0.02901	0.16411	0.02292	0.03112	0.02435	0.05012	0.18183	0.23721	0.04311	0.06606	0.03087	0.02532	0.01199	0.00985	0.00312	0.01031	0.00993	0.00824	0.01487
9	0.72785	0.01874	0.01425	0.01275	0.01874	0.02174	0.01050	0.02849	0.01649	0.04348	0.01350	0.01574	0.01050	0.00900	0.00600	0.00300	0.00750	0.00525	0.00600	0.01050
10	0.03624	0.04504	0.02756	0.02481	0.02997	0.58477	0.01871	0.07062	0.02856	0.02598	0.01548	0.01783	0.01273	0.01009	0.00880	0.00252	0.01707	0.00639	0.00528	0.01155
11	0.02710	0.59374	0.04809	0.01755	0.02546	0.10557	0.01683	0.03014	0.02059	0.02291	0.01365	0.01577	0.01244	0.00849	0.00651	0.00212	0.01119	0.00530	0.00424	0.01230
12	0.01249	0.01047	0.01223	0.01392	0.05271	0.00918	0.00925	0.01516	0.02180	0.02705	0.11418	0.18324	0.43565	0.02420	0.01149	0.00335	0.00546	0.02070	0.00881	0.00867
13	0.02190	0.28379	0.39705	0.02343	0.03546	0.02853	0.02851	0.03006	0.02017	0.02770	0.01590	0.01860	0.01234	0.00886	0.00807	0.00269	0.01282	0.00641	0.00411	0.01361
14	0.02959	0.03595	0.02307	0.02186	0.02565	0.45428	0.01609	0.03186	0.02505	0.02400	0.02541	0.18991	0.02649	0.01552	0.00972	0.00289	0.01426	0.01202	0.00608	0.01032
15	0.01372	0.00991	0.01296	0.01219	0.01448	0.00914	0.00914	0.01829	0.02743	0.03887	0.59381	0.07240	0.09145	0.01981	0.01143	0.00305	0.00457	0.01753	0.01067	0.00914
16	0.03684	0.02715	0.02909	0.02230	0.03006	0.03006	0.01842	0.56661	0.04557	0.06108	0.02327	0.02327	0.01648	0.01163	0.00970	0.00291	0.01067	0.00873	0.00970	0.01648
17	0.02051	0.01977	0.03440	0.40344	0.24319	0.02223	0.06421	0.02685	0.02051	0.02749	0.01772	0.02524	0.01385	0.00924	0.00978	0.00312	0.01268	0.00881	0.00451	0.01245
18	0.03684	0.02715	0.02909	0.02230	0.03006	0.03006	0.01842	0.56661	0.04557	0.06108	0.02327	0.02327	0.01648	0.01163	0.00970	0.00291	0.01067	0.00873	0.00970	0.01648
19	0.03519	0.01579	0.01949	0.01555	0.02156	0.01490	0.01265	0.11123	0.02803	0.36562	0.03426	0.03257	0.02321	0.01174	0.00888	0.00277	0.00749	0.00940	0.21533	0.01433
20	0.04348	0.01649	0.02249	0.01724	0.02474	0.01425	0.01425	0.04723	0.02774	0.60564	0.03824	0.03299	0.02399	0.01200	0.00975	0.00300	0.00825	0.00975	0.01200	0.01649
21	0.01181	0.00843	0.01125	0.01350	0.01406	0.00787	0.00900	0.01350	0.01856	0.02474	0.05342	0.65306	0.06410	0.03036	0.01237	0.00394	0.00562	0.02755	0.00900	0.00787
22	0.01190	0.00972	0.01051	0.01056	0.01343	0.00833	0.00783	0.01467	0.02276	0.02836	0.18438	0.13746	0.45802	0.02419	0.01153	0.00329	0.00491	0.02053	0.00930	0.00833
23	0.02711	0.02855	0.02902	0.02493	0.02721	0.18588	0.02020	0.09481	0.02199	0.02811	0.01463	0.02048	0.01313	0.01446	0.02297	0.00361	0.39837	0.00792	0.00512	0.01150
24	0.02062	0.07170	0.04328	0.03132	0.03853	0.02138	0.34354	0.02711	0.02187	0.02918	0.02717	0.04601	0.02506	0.01811	0.06373	0.00451	0.01494	0.13444	0.00582	0.01166
25	0.03058	0.02315	0.02996	0.02709	0.10699	0.02440	0.06500	0.33059	0.03651	0.08175	0.11382	0.03197	0.02852	0.01225	0.01011	0.00296	0.01016	0.01040	0.00890	0.01487
26	0.01807	0.00903	0.00903	0.00903	0.01129	0.00903	0.00678	0.02258	0.02033	0.03613	0.03162	0.03613	0.02484	0.01129	0.00678	0.00226	0.00452	0.00903	0.71319	0.00903
27	0.01430	0.01181	0.01706	0.12826	0.02522	0.01340	0.01396	0.01691	0.01819	0.02455	0.04117	0.45095	0.04764	0.02474	0.01460	0.00385	0.09571	0.02145	0.00748	0.00878
28	0.01372	0.00991	0.01296	0.01219	0.01448	0.00914	0.00914	0.01829	0.02743	0.03887	0.59381	0.07240	0.09145	0.01981	0.01143	0.00305	0.00457	0.01753	0.01067	0.00914
29	0.02178	0.02077	0.03535	0.28344	0.39223	0.02245	0.02865	0.02781	0.02102	0.02898	0.01784	0.02471	0.01441	0.00905	0.00963	0.00302	0.01206	0.00863	0.00461	0.01357
30	0.07108	0.02421	0.02797	0.03448	0.24407	0.14302	0.02042	0.02811	0.02329	0.03163	0.15220	0.03320	0.03208	0.01246	0.01199	0.00299	0.07835	0.00999	0.00624	0.01221
31	0.02030	0.01861	0.03084	0.04557	0.42189	0.01844	0.02346	0.02483	0.02101	0.02957	0.02888	0.21440	0.03011	0.01521	0.01044	0.00320	0.00973	0.01436	0.00607	0.01309
32	0.02591	0.66522	0.05079	0.01658	0.02488	0.03835	0.01658	0.02902	0.01969	0.02280	0.01347	0.01555	0.01244	0.00829	0.00622	0.00207	0.01036	0.00518	0.00415	0.01244
33	0.01145	0.00982	0.00982	0.00982	0.01309	0.00818	0.00736	0.01391	0.02209	0.02618	0.09818	0.09327	0.59499	0.02455	0.01145	0.00327	0.00491	0.02045	0.00900	0.00818
34	0.01830	0.01723	0.02907	0.63609	0.06675	0.02153	0.02692	0.02476	0.01938	0.02476	0.01723	0.02584	0.01292	0.00969	0.00969	0.00323	0.01292	0.00861	0.00431	0.01077
35	0.02399	0.02303	0.03934	0.05949	0.59893	0.02303	0.02974	0.02974	0.02207	0.03166	0.01823	0.02399	0.01535	0.00864	0.00960	0.00288	0.01151	0.00864	0.00480	0.01535
36	0.01409	0.00940	0.01057	0.01057	0.01057	0.00940	0.00587	0.01409	0.01409	0.01879	0.03054	0.06342	0.03524	0.65938	0.04933	0.00940	0.00940	0.01409	0.00587	0.00587
37	0.01181	0.00843	0.01125	0.01350	0.01406	0.00787	0.00900	0.01350	0.01856	0.02474	0.05342	0.65306	0.06410	0.03036	0.01237	0.00394	0.00562	0.02755	0.00900	0.00787
38	0.02591	0.66522	0.05079	0.01658	0.02488	0.03835	0.01658	0.02902	0.01969	0.02280	0.01347	0.01555	0.01244	0.00829	0.00622	0.00207	0.01036	0.00518	0.00415	0.01244
39	0.72785	0.01874	0.01425	0.01275	0.01874	0.02174	0.01050	0.02849	0.01649	0.04348	0.01350	0.01574	0.01050	0.00900	0.00600	0.00300	0.00750	0.00525	0.00600	0.01050
40	0.01276	0.00981	0.01046	0.01059	0.01328	0.00868	0.00789	0.01539	0.02134	0.02709	0.10687	0.08521	0.41455	0.09468	0.01546	0.00396	0.00568	0.05913	0.06908	0.00810
41	0.01386	0.01032	0.01525	0.01525	0.01687	0.01194	0.01171	0.01710	0.01548	0.02226	0.02625	0.03970	0.02494	0.11040	0.58423	0.01518	0.02490	0.01062	0.00524	0.00847
42	0.01326	0.00970	0.01245	0.01217	0.01430	0.00889	0.00897	0.01726	0.02576	0.03584	0.47729	0.15374	0.13086	0.02167	0.01156	0.00319	0.00475	0.01915	0.01030	0.00889
43	0.03684	0.02715	0.02909	0.02230	0.03006	0.03006	0.01842	0.56661	0.04557	0.06108	0.02327	0.02327	0.01648	0.01163	0.00970	0.00291	0.01067	0.00873	0.00970	0.01648
44	0.02133	0.04748	0.56295	0.02681	0.04059	0.02186	0.03411	0.03200	0.02104	0.07599	0.01904	0.02145	0.01320	0.00943	0.00925	0.00306	0.01385	0.00737	0.00472	0.01449
45	0.02177	0.02076	0.03533	0.28456	0.39120	0.02244	0.02864	0.02780	0.02102	0.02897	0.01784	0.02471	0.01440	0.00905	0.00963	0.00302	0.01206	0.00863	0.00461	0.01356
46	0.61739	0.01929	0.01658	0.06271	0.02342	0.02238	0.01242	0.07059	0.01901	0.04339	0.01456	0.01713	0.01116	0.00926	0.00658	0.00301	0.00818	0.00579	0.00616	0.01099
47	0.01816	0.01597	0.01627	0.01584	0.01891	0.06575	0.01172	0.02866	0.19618	0.03318	0.18385	0.22471	0.09149	0.02026	0.01099	0.00335	0.00696	0.01760	0.00934	0.01081
48	0.01371	0.01171	0.01226	0.01311	0.01524	0.04773	0.00956	0.01620	0.02148	0.02675	0.11354	0.31392	0.25745	0.02573	0.01180	0.00357	0.00629	0.06268	0.00888	0.00839
49	0.02276	0.02095	0.09313	0.02036	0.06835	0.04908	0.01632	0.05878	0.05535	0.11172	0.26495	0.04510	0.04880	0.01423	0.01012	0.00288	0.00825	0.01212	0.00876	0.06799
50	0.02382	0.09470	0.03835	0.04469	0.37446	0.02420	0.06710	0.03205	0.09122	0.03172	0.02036	0.02441	0.01666	0.00901	0.00920	0.00276	0.01095	0.00853	0.00544	0.07037
51	0.08063	0.30862	0.19707	0.01976	0.02930	0.06818	0.02101	0.03076	0.02068	0.06138	0.01643	0.01846	0.01308	0.00884	0.00749	0.00245	0.01132	0.00612	0.00493	0.07349

[dist]
# distance from previous block
# <min> <max>
0	12

# created by:
# /st0/software/busco_prod/Augustus/scripts/msa2prfl.pl ./align_prep/5058.fa
