[name]
unknown

[dist]
# distance from previous block
# <min> <max>
2	112

[block]
# block no. 0 follows, 11 sequences, length 13
# corresponding to MSA columns:
# 125-137
name=unknown_A
#
# <colnr> <probs for GDERKNQSTAVLIFYWHMCP>
#	G	D	E	R	K	N	Q	S	T	A	V	L	I	F	Y	W	H	M	C	P
0	0.11693	0.13928	0.07361	0.02470	0.03327	0.02917	0.09669	0.08029	0.13632	0.04115	0.03668	0.03747	0.08082	0.01366	0.01048	0.00344	0.01163	0.01139	0.00800	0.01501
1	0.02218	0.01787	0.01848	0.01789	0.02051	0.08988	0.01309	0.02209	0.02080	0.02624	0.03108	0.13463	0.03287	0.02935	0.02597	0.29484	0.01063	0.06610	0.00683	0.09866
2	0.02535	0.02013	0.02929	0.21981	0.04436	0.02452	0.02316	0.03265	0.06326	0.09360	0.10738	0.03937	0.03307	0.01620	0.01881	0.00402	0.17183	0.01204	0.00778	0.01336
3	0.01876	0.01028	0.01128	0.01208	0.01410	0.01008	0.00866	0.02299	0.02297	0.03791	0.04447	0.21194	0.04281	0.01989	0.00986	0.00322	0.00564	0.01708	0.46592	0.01008
4	0.01893	0.01478	0.01614	0.01502	0.01852	0.01481	0.01097	0.05696	0.10718	0.03686	0.16031	0.07934	0.22081	0.15349	0.02272	0.00532	0.00778	0.01869	0.01024	0.01114
5	0.09278	0.02584	0.04687	0.03479	0.04351	0.02585	0.25971	0.03951	0.02610	0.16945	0.02673	0.03057	0.01916	0.01214	0.01542	0.00384	0.09268	0.01164	0.00787	0.01556
6	0.02233	0.01939	0.02921	0.40852	0.06077	0.02352	0.02585	0.03353	0.10372	0.03358	0.02654	0.03362	0.02009	0.01217	0.01082	0.00361	0.01267	0.01052	0.09643	0.01310
7	0.01487	0.01121	0.01375	0.01365	0.01630	0.01008	0.01003	0.01898	0.02855	0.03855	0.34245	0.17198	0.21555	0.02644	0.01346	0.00377	0.00561	0.02312	0.01156	0.01008
8	0.02694	0.01885	0.02281	0.01693	0.02584	0.01474	0.01354	0.03187	0.02582	0.12105	0.08457	0.03304	0.02918	0.01101	0.00942	0.00219	0.00818	0.00907	0.00855	0.48642
9	0.68395	0.02177	0.01654	0.01480	0.02177	0.02525	0.01219	0.03309	0.01915	0.05050	0.01567	0.01828	0.01219	0.01045	0.00697	0.00348	0.00871	0.00609	0.00697	0.01219
10	0.02630	0.07520	0.16765	0.03598	0.14796	0.02814	0.02872	0.06508	0.02474	0.03612	0.01940	0.02462	0.01593	0.01219	0.01576	0.00339	0.13400	0.00872	0.00576	0.12434
11	0.15904	0.08485	0.13612	0.02942	0.10525	0.02719	0.02440	0.11488	0.02964	0.14882	0.02521	0.02635	0.01803	0.01159	0.00995	0.00336	0.01207	0.00885	0.00828	0.01670
12	0.16551	0.14726	0.06829	0.01756	0.02439	0.02271	0.01584	0.03066	0.02418	0.10487	0.07583	0.13231	0.09358	0.01791	0.01034	0.00348	0.00922	0.01436	0.00865	0.01305

[dist]
# distance from previous block
# <min> <max>
0	1

[block]
# block no. 1 follows, 11 sequences, length 12
# corresponding to MSA columns:
# 139-150
name=unknown_B
#
# <colnr> <probs for GDERKNQSTAVLIFYWHMCP>
#	G	D	E	R	K	N	Q	S	T	A	V	L	I	F	Y	W	H	M	C	P
0	0.08638	0.02734	0.11769	0.02128	0.03024	0.02158	0.02014	0.13472	0.03238	0.22752	0.03295	0.03254	0.02263	0.01285	0.01024	0.00332	0.01057	0.00999	0.12902	0.01661
1	0.01634	0.01277	0.01509	0.01573	0.01830	0.01256	0.01130	0.02394	0.10484	0.03484	0.14849	0.32014	0.16594	0.02854	0.01349	0.00412	0.00655	0.02520	0.01094	0.01089
2	0.03591	0.02811	0.02991	0.02451	0.03228	0.03169	0.01973	0.29353	0.26730	0.05984	0.03576	0.03398	0.02622	0.01433	0.01135	0.00358	0.01077	0.01134	0.01135	0.01852
3	0.03196	0.01739	0.02098	0.07838	0.02789	0.01793	0.01496	0.11796	0.03081	0.16480	0.03495	0.03708	0.02533	0.01317	0.00968	0.00309	0.00864	0.01057	0.32008	0.01433
4	0.01758	0.01269	0.01607	0.01693	0.01901	0.01247	0.01234	0.06781	0.02717	0.03668	0.14540	0.39760	0.07369	0.03030	0.01395	0.00431	0.00727	0.06724	0.01089	0.01058
5	0.04531	0.02395	0.08371	0.02163	0.03100	0.01867	0.01944	0.05318	0.07598	0.43996	0.04185	0.03704	0.02696	0.01370	0.01126	0.00352	0.01030	0.01112	0.01268	0.01875
6	0.01823	0.01023	0.01448	0.01495	0.01563	0.00997	0.01044	0.01567	0.01744	0.02278	0.03690	0.10240	0.08204	0.03693	0.03553	0.48203	0.00910	0.05256	0.00647	0.00625
7	0.02619	0.01343	0.01733	0.01516	0.01947	0.01222	0.01179	0.03123	0.03061	0.18028	0.31621	0.06473	0.07223	0.01892	0.01186	0.00338	0.00646	0.01628	0.11930	0.01293
8	0.02967	0.13988	0.18444	0.07906	0.04728	0.02845	0.16721	0.03803	0.02574	0.11810	0.02417	0.02766	0.01747	0.01073	0.01099	0.00343	0.01518	0.01003	0.00660	0.01587
9	0.02829	0.18899	0.12801	0.02158	0.03190	0.02755	0.02114	0.03914	0.11247	0.08030	0.02566	0.02666	0.01980	0.01086	0.00928	0.00276	0.01106	0.00829	0.00732	0.19893
10	0.09281	0.02514	0.11393	0.01897	0.02526	0.01986	0.01688	0.10912	0.02522	0.03754	0.02768	0.04578	0.02692	0.27329	0.03077	0.00659	0.01174	0.01181	0.00725	0.07343
11	0.02365	0.12297	0.17021	0.08320	0.03573	0.02258	0.02380	0.03072	0.02605	0.07923	0.12485	0.05317	0.08461	0.01665	0.01141	0.00356	0.01146	0.05440	0.00803	0.01372

[dist]
# distance from previous block
# <min> <max>
1	34

[block]
# block no. 2 follows, 11 sequences, length 46
# corresponding to MSA columns:
# 185-208,211-232
name=unknown_C
#
# <colnr> <probs for GDERKNQSTAVLIFYWHMCP>
#	G	D	E	R	K	N	Q	S	T	A	V	L	I	F	Y	W	H	M	C	P
0	0.13583	0.02925	0.08810	0.07722	0.03997	0.08160	0.12931	0.03668	0.05924	0.08374	0.06281	0.07202	0.02808	0.01375	0.01122	0.00363	0.01343	0.01224	0.00771	0.01416
1	0.02855	0.10199	0.03552	0.17523	0.09593	0.02848	0.02333	0.12452	0.09738	0.04127	0.02450	0.02821	0.01899	0.01143	0.01026	0.00313	0.01200	0.00934	0.00741	0.12252
2	0.03168	0.02191	0.06601	0.01922	0.02605	0.01880	0.01647	0.13393	0.02986	0.13997	0.02894	0.03237	0.02176	0.01789	0.01705	0.14132	0.00996	0.00974	0.11567	0.10141
3	0.02373	0.01954	0.03069	0.43151	0.06374	0.02328	0.02699	0.03296	0.06824	0.07320	0.07056	0.03667	0.02608	0.01290	0.01146	0.00372	0.01314	0.01130	0.00697	0.01334
4	0.01696	0.01299	0.01588	0.01697	0.01906	0.01323	0.01199	0.02553	0.12464	0.03470	0.12057	0.41431	0.07038	0.02951	0.01362	0.00428	0.00686	0.02647	0.01091	0.01113
5	0.01543	0.01066	0.01304	0.01372	0.01443	0.01029	0.00870	0.01705	0.02092	0.02838	0.13556	0.24453	0.06386	0.31277	0.03526	0.00750	0.00846	0.02215	0.00903	0.00827
6	0.03853	0.02518	0.02842	0.02266	0.03036	0.02682	0.01841	0.27485	0.11702	0.16116	0.10005	0.03924	0.03485	0.01513	0.01157	0.00349	0.01033	0.01214	0.01199	0.01781
7	0.14311	0.02124	0.02502	0.01978	0.02765	0.02096	0.01622	0.13692	0.03433	0.31900	0.08739	0.03776	0.03193	0.01426	0.01084	0.00347	0.00956	0.01122	0.01216	0.01718
8	0.37100	0.02237	0.02240	0.01903	0.02531	0.02565	0.01563	0.11229	0.02597	0.10076	0.02212	0.02533	0.01702	0.02032	0.07146	0.00520	0.06777	0.00835	0.00813	0.01388
9	0.01407	0.00994	0.01296	0.01522	0.01579	0.00938	0.00997	0.01576	0.02086	0.02781	0.05851	0.52762	0.06999	0.11081	0.02006	0.00541	0.00711	0.02992	0.00997	0.00883
10	0.03178	0.53427	0.05563	0.02014	0.02969	0.04326	0.01954	0.09516	0.02686	0.03238	0.01716	0.01925	0.01507	0.01014	0.00776	0.00254	0.01208	0.00656	0.00567	0.01507
11	0.68395	0.02177	0.01654	0.01480	0.02177	0.02525	0.01219	0.03309	0.01915	0.05050	0.01567	0.01828	0.01219	0.01045	0.00697	0.00348	0.00871	0.00609	0.00697	0.01219
12	0.02957	0.02052	0.02903	0.11797	0.03838	0.02174	0.06264	0.04367	0.17939	0.15142	0.07518	0.05235	0.03719	0.01641	0.01223	0.00389	0.01095	0.07171	0.01030	0.01547
13	0.01463	0.01093	0.01359	0.01403	0.01630	0.00990	0.01010	0.01832	0.02717	0.03658	0.28621	0.25386	0.19078	0.02816	0.01363	0.00393	0.00579	0.02485	0.01133	0.00990
14	0.03103	0.02284	0.02740	0.11644	0.03698	0.02540	0.01978	0.14914	0.20437	0.10324	0.10420	0.04197	0.03687	0.01511	0.01161	0.00363	0.01032	0.01258	0.01071	0.01636
15	0.02671	0.05257	0.45823	0.03050	0.04581	0.02598	0.03771	0.07447	0.02687	0.08393	0.02292	0.02533	0.01587	0.01121	0.01079	0.00354	0.01566	0.00873	0.00610	0.01706
16	0.01878	0.01171	0.01660	0.01585	0.01675	0.01231	0.01141	0.01803	0.02073	0.02892	0.19176	0.05026	0.04852	0.03187	0.03292	0.38474	0.06052	0.01337	0.00744	0.00751
17	0.02954	0.49910	0.05192	0.01952	0.02806	0.08386	0.01852	0.03328	0.02461	0.02861	0.07179	0.02545	0.02447	0.01126	0.00813	0.00257	0.01199	0.00769	0.00572	0.01391
18	0.10438	0.01176	0.01430	0.01501	0.01681	0.01174	0.01058	0.01902	0.02211	0.03338	0.15108	0.28957	0.06192	0.03003	0.01926	0.14220	0.00722	0.02137	0.00927	0.00900
19	0.03431	0.03630	0.14551	0.13711	0.09339	0.12910	0.02801	0.07313	0.02925	0.14801	0.02558	0.02815	0.01817	0.01183	0.01092	0.00342	0.01485	0.00940	0.00759	0.01599
20	0.09612	0.02734	0.04090	0.03123	0.04016	0.02855	0.18621	0.14160	0.16071	0.08383	0.03062	0.03211	0.02238	0.01228	0.01161	0.00366	0.01324	0.01162	0.00911	0.01671
21	0.20828	0.01673	0.02013	0.14077	0.03283	0.01829	0.01613	0.02968	0.02271	0.10424	0.03490	0.18066	0.03317	0.01799	0.01057	0.00375	0.00931	0.01501	0.07265	0.01220
22	0.02412	0.01834	0.02917	0.33326	0.10586	0.02075	0.02496	0.03023	0.02387	0.08695	0.03000	0.10713	0.02594	0.01478	0.01133	0.00368	0.01216	0.01312	0.07122	0.01315
23	0.02852	0.01899	0.02275	0.01807	0.02572	0.01693	0.01433	0.03846	0.11862	0.14664	0.12639	0.04150	0.03932	0.01359	0.01048	0.00281	0.00813	0.01138	0.01018	0.28717
24	0.11732	0.01969	0.02376	0.11018	0.03313	0.02251	0.01804	0.03755	0.15418	0.09271	0.04186	0.11374	0.07209	0.01803	0.01400	0.00394	0.06986	0.01438	0.00915	0.01389
25	0.03547	0.02490	0.02917	0.02304	0.02978	0.02723	0.01893	0.23640	0.03631	0.11741	0.02693	0.02900	0.02006	0.01400	0.01548	0.00338	0.12095	0.00979	0.07360	0.10816
26	0.02926	0.02746	0.11306	0.02226	0.03069	0.02254	0.02038	0.09292	0.18102	0.11538	0.12095	0.04227	0.03919	0.01479	0.01130	0.00342	0.01001	0.01224	0.01033	0.08052
27	0.08321	0.09818	0.03030	0.02116	0.02783	0.02348	0.06697	0.04043	0.14966	0.11154	0.12143	0.04253	0.03927	0.01445	0.01064	0.00338	0.00947	0.01227	0.07905	0.01475
28	0.02848	0.49262	0.16345	0.02201	0.03314	0.04059	0.02405	0.03412	0.02306	0.02845	0.01662	0.01928	0.01440	0.00986	0.00797	0.00266	0.01302	0.00651	0.00480	0.01491
29	0.04279	0.03153	0.03378	0.02590	0.03490	0.03490	0.02139	0.49671	0.05292	0.07093	0.02702	0.02702	0.01914	0.01351	0.01126	0.00338	0.01239	0.01013	0.01126	0.01914
30	0.02174	0.02078	0.02535	0.07251	0.02879	0.07429	0.01892	0.02480	0.01987	0.02684	0.02754	0.11333	0.02850	0.08487	0.15710	0.00826	0.21557	0.01378	0.00621	0.01095
31	0.68395	0.02177	0.01654	0.01480	0.02177	0.02525	0.01219	0.03309	0.01915	0.05050	0.01567	0.01828	0.01219	0.01045	0.00697	0.00348	0.00871	0.00609	0.00697	0.01219
32	0.68395	0.02177	0.01654	0.01480	0.02177	0.02525	0.01219	0.03309	0.01915	0.05050	0.01567	0.01828	0.01219	0.01045	0.00697	0.00348	0.00871	0.00609	0.00697	0.01219
33	0.04184	0.02000	0.02533	0.01997	0.02748	0.01892	0.01627	0.13463	0.03620	0.34691	0.14097	0.04555	0.04233	0.01572	0.01171	0.00347	0.00925	0.01295	0.01309	0.01739
34	0.01473	0.01146	0.01338	0.01290	0.01608	0.01011	0.00968	0.01892	0.02903	0.03841	0.33921	0.09514	0.29948	0.02552	0.01329	0.00366	0.00549	0.02191	0.01151	0.01011
35	0.01955	0.00978	0.01466	0.01466	0.01466	0.00978	0.00978	0.01466	0.01466	0.01955	0.01955	0.03421	0.01955	0.03910	0.04399	0.67253	0.00978	0.00978	0.00489	0.00489
36	0.11152	0.08252	0.03273	0.02233	0.03076	0.02155	0.08203	0.04502	0.02823	0.31804	0.03452	0.03322	0.02332	0.01240	0.01037	0.00333	0.01066	0.01039	0.07051	0.01656
37	0.01556	0.01064	0.01403	0.01636	0.01770	0.01022	0.01206	0.01865	0.02283	0.03133	0.05877	0.42372	0.06728	0.03191	0.01397	0.00452	0.00733	0.13402	0.07951	0.00958
38	0.04531	0.02187	0.07137	0.02024	0.02910	0.01685	0.01800	0.05052	0.03067	0.45106	0.04153	0.03734	0.02673	0.01357	0.01095	0.00341	0.00982	0.01097	0.07255	0.01814
39	0.04230	0.02069	0.02617	0.01973	0.02882	0.01806	0.01618	0.09413	0.03198	0.35494	0.03594	0.03305	0.02390	0.01236	0.01050	0.00298	0.00953	0.00993	0.01167	0.19715
40	0.02966	0.04237	0.29110	0.03566	0.08551	0.02631	0.12003	0.08854	0.02874	0.10688	0.02472	0.02761	0.01741	0.01115	0.01136	0.00356	0.01541	0.00998	0.00692	0.01707
41	0.02334	0.02001	0.02334	0.01667	0.02667	0.01500	0.01334	0.02834	0.02334	0.03668	0.02001	0.02334	0.01667	0.00834	0.00834	0.00167	0.00834	0.00667	0.00667	0.67325
42	0.11626	0.01859	0.02568	0.25024	0.04605	0.02012	0.02122	0.03085	0.02448	0.09101	0.07573	0.04386	0.03036	0.01428	0.01092	0.00354	0.01122	0.05736	0.00776	0.10048
43	0.13959	0.02695	0.08135	0.09535	0.03716	0.02468	0.02101	0.13323	0.07396	0.11624	0.02648	0.02796	0.01912	0.01179	0.01005	0.00324	0.01122	0.00910	0.00868	0.12284
44	0.03214	0.02019	0.02997	0.12009	0.08316	0.01968	0.05901	0.03983	0.06140	0.19435	0.03212	0.03406	0.02297	0.01199	0.01059	0.00320	0.01082	0.01051	0.10084	0.10309
45	0.07623	0.05778	0.02042	0.01584	0.02125	0.01657	0.01254	0.02998	0.07040	0.10474	0.15968	0.10733	0.16472	0.02014	0.01156	0.00345	0.00742	0.01683	0.01039	0.07273

[dist]
# distance from previous block
# <min> <max>
0	3

[block]
# block no. 3 follows, 11 sequences, length 21
# corresponding to MSA columns:
# 241-261
name=unknown_D
#
# <colnr> <probs for GDERKNQSTAVLIFYWHMCP>
#	G	D	E	R	K	N	Q	S	T	A	V	L	I	F	Y	W	H	M	C	P
0	0.44633	0.08560	0.16271	0.01985	0.02966	0.02726	0.02073	0.03383	0.02073	0.04431	0.01689	0.01973	0.01295	0.01044	0.00799	0.00341	0.01114	0.00668	0.00617	0.01359
1	0.10357	0.08137	0.13645	0.02596	0.03505	0.02429	0.10429	0.03732	0.06446	0.11804	0.02801	0.03390	0.02200	0.07105	0.06138	0.00539	0.01457	0.01063	0.00752	0.01474
2	0.09535	0.02159	0.02491	0.01962	0.02765	0.02061	0.01580	0.15030	0.03258	0.18992	0.03312	0.09376	0.02668	0.01449	0.01047	0.00311	0.00952	0.01170	0.01034	0.18849
3	0.03250	0.02507	0.04476	0.03321	0.04171	0.02468	0.22459	0.03883	0.02613	0.17497	0.02706	0.03077	0.01962	0.01238	0.01632	0.00366	0.11403	0.01139	0.00795	0.09035
4	0.01992	0.01836	0.03127	0.38473	0.05990	0.02127	0.06503	0.02644	0.02353	0.03085	0.07332	0.13274	0.03366	0.01630	0.01214	0.00388	0.01301	0.01501	0.00667	0.01198
5	0.01516	0.01088	0.01448	0.01560	0.01733	0.01020	0.01139	0.01891	0.02644	0.03629	0.26061	0.32503	0.08689	0.02956	0.01403	0.00420	0.00644	0.07536	0.01127	0.00991
6	0.05050	0.01915	0.02612	0.02003	0.02873	0.01654	0.01654	0.05485	0.03221	0.54203	0.04440	0.03831	0.02786	0.01393	0.01132	0.00348	0.00958	0.01132	0.01393	0.01915
7	0.03088	0.01494	0.01910	0.01609	0.02178	0.01301	0.01276	0.03511	0.03039	0.26613	0.20035	0.06974	0.18213	0.02035	0.01240	0.00358	0.00734	0.01716	0.01258	0.01419
8	0.05050	0.01915	0.02612	0.02003	0.02873	0.01654	0.01654	0.05485	0.03221	0.54203	0.04440	0.03831	0.02786	0.01393	0.01132	0.00348	0.00958	0.01132	0.01393	0.01915
9	0.02098	0.01049	0.01049	0.01049	0.01311	0.01049	0.00787	0.02623	0.02360	0.04196	0.03672	0.04196	0.02885	0.01311	0.00787	0.00262	0.00525	0.01049	0.66693	0.01049
10	0.02923	0.54790	0.11476	0.02073	0.03116	0.04243	0.02182	0.03392	0.02297	0.02753	0.01617	0.01871	0.01442	0.00975	0.00762	0.00254	0.01256	0.00628	0.00481	0.01469
11	0.03009	0.61122	0.05898	0.01926	0.02889	0.04454	0.01926	0.03370	0.02287	0.02648	0.01565	0.01805	0.01444	0.00963	0.00722	0.00241	0.01204	0.00602	0.00481	0.01444
12	0.68395	0.02177	0.01654	0.01480	0.02177	0.02525	0.01219	0.03309	0.01915	0.05050	0.01567	0.01828	0.01219	0.01045	0.00697	0.00348	0.00871	0.00609	0.00697	0.01219
13	0.03021	0.01604	0.01825	0.01554	0.02051	0.01601	0.01231	0.11382	0.03142	0.14881	0.09228	0.04338	0.03571	0.01447	0.00977	0.00303	0.00738	0.01171	0.34556	0.01378
14	0.02705	0.01387	0.01822	0.01606	0.02062	0.01234	0.01241	0.03145	0.03028	0.20874	0.27770	0.12893	0.11250	0.02182	0.01274	0.00366	0.00691	0.01893	0.01252	0.01322
15	0.02126	0.02001	0.03376	0.57739	0.07752	0.02501	0.03126	0.02876	0.02251	0.02876	0.02001	0.03001	0.01500	0.01125	0.01125	0.00375	0.01500	0.01000	0.00500	0.01250
16	0.01403	0.01049	0.01271	0.01406	0.01570	0.00953	0.00962	0.01637	0.02315	0.03006	0.11588	0.36979	0.20012	0.08256	0.01776	0.00483	0.00658	0.02729	0.01030	0.00917
17	0.01561	0.01073	0.01297	0.01348	0.01412	0.01040	0.00843	0.01705	0.02043	0.02771	0.12914	0.21052	0.06107	0.35519	0.03846	0.00798	0.00879	0.02110	0.00874	0.00809
18	0.14253	0.01956	0.02089	0.01843	0.02413	0.02088	0.01446	0.09056	0.15494	0.10304	0.12273	0.09915	0.08667	0.01830	0.01135	0.00369	0.00827	0.01506	0.01090	0.01446
19	0.02849	0.01539	0.01970	0.01774	0.02244	0.01466	0.01424	0.07264	0.03116	0.18105	0.18552	0.11385	0.06007	0.02122	0.01255	0.00380	0.00808	0.09264	0.07122	0.01354
20	0.02012	0.03387	0.25588	0.02409	0.03313	0.01956	0.02605	0.03137	0.08109	0.03722	0.12151	0.14494	0.04732	0.01940	0.01229	0.00391	0.01149	0.05457	0.00832	0.01388

[dist]
# distance from previous block
# <min> <max>
0	3

[block]
# block no. 4 follows, 11 sequences, length 60
# corresponding to MSA columns:
# 265-324
name=unknown_E
#
# <colnr> <probs for GDERKNQSTAVLIFYWHMCP>
#	G	D	E	R	K	N	Q	S	T	A	V	L	I	F	Y	W	H	M	C	P
0	0.37855	0.06804	0.02253	0.01643	0.02374	0.02273	0.01360	0.03570	0.02224	0.14666	0.02239	0.02420	0.01667	0.01315	0.01096	0.05613	0.00920	0.00752	0.00804	0.08151
1	0.30510	0.01577	0.01549	0.01460	0.01891	0.01680	0.01128	0.02579	0.02528	0.04574	0.25738	0.10930	0.06215	0.01885	0.01066	0.00362	0.00691	0.01540	0.00984	0.01115
2	0.33130	0.02716	0.11198	0.01930	0.02755	0.02312	0.01839	0.08170	0.02680	0.08795	0.11131	0.03347	0.03128	0.01333	0.00954	0.00350	0.00995	0.00986	0.00854	0.01397
3	0.11534	0.02300	0.02588	0.06923	0.03258	0.02203	0.01673	0.14109	0.02979	0.04599	0.02111	0.02415	0.01652	0.01012	0.00912	0.00251	0.00996	0.00772	0.00766	0.36950
4	0.68395	0.02177	0.01654	0.01480	0.02177	0.02525	0.01219	0.03309	0.01915	0.05050	0.01567	0.01828	0.01219	0.01045	0.00697	0.00348	0.00871	0.00609	0.00697	0.01219
5	0.02063	0.01155	0.01551	0.01649	0.01866	0.01053	0.01159	0.02304	0.02355	0.12520	0.05872	0.49208	0.06569	0.03125	0.01379	0.00437	0.00710	0.02811	0.01110	0.01102
6	0.03014	0.02221	0.03274	0.09889	0.03907	0.02316	0.10160	0.07929	0.15535	0.13569	0.11876	0.04365	0.03858	0.01466	0.01202	0.00366	0.01127	0.01329	0.01019	0.01578
7	0.02098	0.01909	0.02716	0.02465	0.02560	0.02526	0.02025	0.02424	0.01828	0.02730	0.02414	0.04038	0.02385	0.04410	0.22446	0.00971	0.33481	0.04863	0.00579	0.01133
8	0.03070	0.09143	0.12915	0.13250	0.18873	0.02837	0.02973	0.10700	0.02938	0.09232	0.02357	0.02746	0.01762	0.01126	0.01071	0.00337	0.01354	0.00946	0.00700	0.01670
9	0.02195	0.02560	0.10259	0.46493	0.10983	0.02529	0.03289	0.03013	0.02292	0.03030	0.02012	0.02901	0.01513	0.01108	0.01117	0.00369	0.01509	0.00978	0.00501	0.01347
10	0.09711	0.02103	0.02424	0.01974	0.02692	0.02144	0.01597	0.13007	0.10833	0.24642	0.08229	0.03946	0.03306	0.01450	0.01082	0.00345	0.00916	0.01160	0.06757	0.01681
11	0.01533	0.01061	0.01325	0.01473	0.01530	0.01031	0.00968	0.01677	0.01976	0.02626	0.05028	0.32131	0.05892	0.28117	0.03307	0.00738	0.00883	0.06990	0.00887	0.00826
12	0.08542	0.01757	0.02076	0.01685	0.02412	0.01480	0.01311	0.03040	0.02409	0.12490	0.03396	0.16282	0.03206	0.01595	0.01018	0.00285	0.00816	0.01350	0.00888	0.33964
13	0.03040	0.01992	0.03148	0.29613	0.11835	0.02149	0.02556	0.03667	0.02661	0.18428	0.07047	0.03678	0.02693	0.01288	0.01143	0.00360	0.01235	0.01127	0.00837	0.01503
14	0.01870	0.01168	0.01547	0.01531	0.01787	0.01070	0.01117	0.02270	0.02817	0.09052	0.30989	0.26468	0.08664	0.02650	0.01347	0.00391	0.00619	0.02363	0.01185	0.01097
15	0.15837	0.03452	0.16588	0.03162	0.04284	0.02689	0.17695	0.09836	0.02851	0.09564	0.02355	0.02677	0.01682	0.01096	0.01094	0.00359	0.01456	0.01004	0.00730	0.01589
16	0.61680	0.02279	0.01835	0.01596	0.02314	0.02626	0.01315	0.08164	0.02269	0.05264	0.01686	0.01920	0.01292	0.01077	0.00742	0.00347	0.00909	0.00652	0.00742	0.01292
17	0.02213	0.02090	0.03534	0.51004	0.13804	0.02524	0.03169	0.02952	0.02292	0.02982	0.02016	0.02972	0.01538	0.01109	0.01124	0.00370	0.01479	0.01001	0.00508	0.01321
18	0.01654	0.01139	0.01402	0.01498	0.01687	0.01113	0.01060	0.02208	0.06125	0.03622	0.16646	0.34051	0.07120	0.02712	0.01279	0.00394	0.00620	0.02417	0.12215	0.01037
19	0.01394	0.00997	0.01326	0.01552	0.01638	0.00929	0.01047	0.01625	0.02261	0.03043	0.11018	0.54412	0.07772	0.03400	0.01425	0.00446	0.00640	0.03079	0.01065	0.00929
20	0.04278	0.02642	0.02968	0.02298	0.03133	0.02795	0.01891	0.34008	0.04492	0.18953	0.03238	0.03129	0.02227	0.01358	0.01097	0.00334	0.01101	0.01047	0.07175	0.01836
21	0.01586	0.01059	0.01338	0.01417	0.01595	0.00996	0.01006	0.01971	0.02595	0.03748	0.24004	0.29871	0.07885	0.02657	0.01280	0.00382	0.00583	0.02366	0.12667	0.00996
22	0.04659	0.01801	0.02405	0.01876	0.02666	0.01574	0.01539	0.05106	0.03107	0.47577	0.04339	0.03879	0.02799	0.01382	0.01086	0.00337	0.00900	0.01121	0.10046	0.01801
23	0.01955	0.00978	0.01466	0.01466	0.01466	0.00978	0.00978	0.01466	0.01466	0.01955	0.01955	0.03421	0.01955	0.03910	0.04399	0.67253	0.00978	0.00978	0.00489	0.00489
24	0.08011	0.02824	0.03269	0.02829	0.02962	0.10327	0.02324	0.02994	0.01933	0.02904	0.01519	0.02354	0.01453	0.01788	0.03097	0.00454	0.46278	0.00920	0.00521	0.01240
25	0.02582	0.02013	0.02588	0.02372	0.09332	0.01635	0.01622	0.03101	0.02514	0.08346	0.06338	0.03020	0.02507	0.01025	0.00938	0.00221	0.00887	0.00864	0.00765	0.47330
26	0.15199	0.10555	0.03346	0.02258	0.03129	0.03286	0.01909	0.31581	0.04127	0.10404	0.02513	0.02535	0.01811	0.01251	0.00999	0.00328	0.01145	0.00900	0.00991	0.01733
27	0.57902	0.02755	0.10056	0.01754	0.02604	0.02539	0.01685	0.03349	0.01989	0.04814	0.01639	0.01915	0.01252	0.01049	0.00756	0.00350	0.00996	0.00645	0.00661	0.01289
28	0.02673	0.03041	0.15387	0.08343	0.03984	0.02346	0.05947	0.04240	0.17459	0.09167	0.07650	0.03737	0.03056	0.01331	0.01128	0.00351	0.01186	0.01147	0.00868	0.06958
29	0.02624	0.02369	0.03172	0.09909	0.03794	0.07011	0.10017	0.12511	0.03195	0.04161	0.11005	0.13508	0.04387	0.01875	0.01267	0.00382	0.01239	0.05340	0.00895	0.01339
30	0.01378	0.01061	0.01261	0.01383	0.01593	0.00944	0.00972	0.01644	0.02425	0.03111	0.13138	0.35050	0.25740	0.03131	0.01383	0.00416	0.00608	0.02753	0.01065	0.00944
31	0.04395	0.01771	0.02402	0.01891	0.02647	0.01542	0.01542	0.04849	0.03215	0.44792	0.13605	0.04698	0.04270	0.01565	0.01169	0.00349	0.00877	0.01303	0.01364	0.01754
32	0.02986	0.01579	0.01954	0.01684	0.02203	0.01521	0.01322	0.03893	0.10494	0.20692	0.21821	0.05599	0.05732	0.01729	0.01150	0.00342	0.00725	0.01467	0.11659	0.01449
33	0.52093	0.02109	0.01901	0.01615	0.02356	0.02301	0.01331	0.03869	0.02252	0.17700	0.02307	0.02344	0.01622	0.01134	0.00809	0.00348	0.00893	0.00744	0.00876	0.01398
34	0.31452	0.02430	0.02291	0.01987	0.02691	0.02790	0.01595	0.11754	0.22643	0.05235	0.02977	0.02935	0.02234	0.01290	0.00948	0.00360	0.00937	0.00944	0.00948	0.01559
35	0.03627	0.02534	0.02817	0.02261	0.02999	0.02735	0.01831	0.29375	0.11782	0.11175	0.12594	0.04123	0.03876	0.01561	0.01167	0.00349	0.01023	0.01258	0.01178	0.01734
36	0.02828	0.22772	0.11013	0.11821	0.12993	0.03010	0.02591	0.03454	0.02513	0.08542	0.06230	0.02993	0.02393	0.01163	0.00995	0.00315	0.01256	0.00939	0.00654	0.01523
37	0.62679	0.02153	0.01741	0.01527	0.02240	0.02446	0.01258	0.03505	0.02033	0.09485	0.01826	0.02009	0.01360	0.01076	0.00736	0.00348	0.00879	0.00657	0.00759	0.01282
38	0.03056	0.02216	0.02451	0.09404	0.03224	0.07035	0.01796	0.04245	0.15403	0.13122	0.03457	0.03617	0.02570	0.01404	0.01273	0.00348	0.06188	0.01081	0.16645	0.01468
39	0.01731	0.01221	0.01396	0.01358	0.01744	0.01064	0.01058	0.02097	0.02734	0.07503	0.17746	0.10020	0.36369	0.02660	0.01337	0.00387	0.00643	0.06766	0.01108	0.01058
40	0.02462	0.02462	0.03447	0.02955	0.02955	0.03447	0.02462	0.02709	0.01724	0.02709	0.01477	0.02462	0.01477	0.01970	0.03694	0.00492	0.58385	0.00985	0.00492	0.01231
41	0.01853	0.01185	0.01507	0.01469	0.01766	0.01067	0.01084	0.02245	0.02818	0.09042	0.28643	0.21548	0.16260	0.02616	0.01336	0.00384	0.00614	0.02299	0.01172	0.01094
42	0.01794	0.01175	0.01687	0.07409	0.02320	0.01215	0.01372	0.01859	0.01960	0.02580	0.03876	0.16020	0.04239	0.10855	0.03035	0.23862	0.01004	0.12196	0.00744	0.00799
43	0.03029	0.37287	0.14710	0.02521	0.03595	0.07978	0.06205	0.06986	0.02630	0.03239	0.01807	0.02097	0.01498	0.01026	0.00890	0.00285	0.01414	0.00744	0.00543	0.01516
44	0.02287	0.01238	0.01595	0.01512	0.01842	0.01136	0.01129	0.02710	0.02789	0.13693	0.23293	0.20413	0.07030	0.02291	0.01233	0.00366	0.00645	0.02011	0.11602	0.01187
45	0.03816	0.02242	0.09226	0.02016	0.02840	0.01633	0.01838	0.04391	0.03101	0.35078	0.16210	0.04782	0.04563	0.01577	0.01172	0.00351	0.00945	0.01318	0.01233	0.01669
46	0.03846	0.03172	0.02867	0.02425	0.03116	0.15885	0.01905	0.18950	0.12631	0.12711	0.03405	0.08190	0.02722	0.01541	0.01131	0.00347	0.01273	0.01208	0.01029	0.01647
47	0.26386	0.02478	0.02437	0.02546	0.09190	0.07965	0.01727	0.10736	0.02682	0.04370	0.02490	0.07428	0.02287	0.06496	0.05802	0.00524	0.01289	0.01077	0.00756	0.01334
48	0.02695	0.02741	0.03597	0.36284	0.06211	0.11157	0.06308	0.06948	0.02634	0.03238	0.01995	0.02783	0.01539	0.01203	0.01326	0.00368	0.06093	0.00981	0.00568	0.01331
49	0.02257	0.05822	0.54613	0.03208	0.04871	0.02614	0.04158	0.03564	0.02376	0.03564	0.02020	0.02376	0.01426	0.01069	0.01069	0.00356	0.01663	0.00832	0.00475	0.01663
50	0.01451	0.01082	0.01357	0.01474	0.01674	0.00988	0.01066	0.01773	0.02532	0.03350	0.18739	0.32649	0.18285	0.03044	0.01395	0.00419	0.00634	0.06028	0.01092	0.00968
51	0.01859	0.02422	0.13947	0.06663	0.03392	0.01696	0.06493	0.02507	0.02408	0.03240	0.04964	0.20708	0.08717	0.02390	0.01343	0.00431	0.01152	0.13637	0.00830	0.01198
52	0.02053	0.01781	0.02879	0.45104	0.06340	0.02164	0.02626	0.02723	0.02256	0.03050	0.02605	0.08331	0.02226	0.01369	0.01109	0.00368	0.01294	0.01207	0.09321	0.01193
53	0.01386	0.01142	0.01218	0.01199	0.01555	0.00974	0.00899	0.01724	0.02698	0.03356	0.20261	0.10313	0.43911	0.02733	0.01330	0.00374	0.00562	0.02303	0.01087	0.00974
54	0.03145	0.02728	0.02666	0.02337	0.02961	0.08295	0.01819	0.16683	0.27744	0.04885	0.04006	0.10935	0.03360	0.01707	0.01165	0.00371	0.01070	0.01403	0.01068	0.01651
55	0.02676	0.01384	0.01801	0.01589	0.02048	0.01227	0.01228	0.03108	0.03009	0.20545	0.26559	0.12517	0.13318	0.02201	0.01275	0.00366	0.00690	0.01903	0.01244	0.01314
56	0.33825	0.02229	0.02489	0.07711	0.03181	0.02487	0.05851	0.11336	0.02681	0.04919	0.02209	0.02588	0.01679	0.01141	0.00888	0.00338	0.01038	0.00855	0.11211	0.01344
57	0.09316	0.18453	0.03563	0.02270	0.02990	0.18627	0.01876	0.11502	0.08166	0.04014	0.06791	0.02870	0.02546	0.01272	0.00971	0.00306	0.01326	0.00906	0.00774	0.01461
58	0.25085	0.02158	0.02819	0.11875	0.03743	0.02320	0.08015	0.07496	0.02666	0.09536	0.06900	0.03721	0.06494	0.01354	0.01040	0.00359	0.01109	0.01118	0.00827	0.01365
59	0.16789	0.12389	0.03026	0.01952	0.02795	0.02769	0.01641	0.11243	0.11135	0.08412	0.02576	0.02631	0.01963	0.01144	0.00909	0.00295	0.00989	0.00838	0.00852	0.15655

[dist]
# distance from previous block
# <min> <max>
0	30

[block]
# block no. 5 follows, 11 sequences, length 17
# corresponding to MSA columns:
# 355-362,364-372
name=unknown_F
#
# <colnr> <probs for GDERKNQSTAVLIFYWHMCP>
#	G	D	E	R	K	N	Q	S	T	A	V	L	I	F	Y	W	H	M	C	P
0	0.17693	0.02096	0.02364	0.05964	0.02889	0.02360	0.01694	0.11387	0.06017	0.09724	0.03858	0.11328	0.07435	0.01798	0.01405	0.00386	0.07918	0.01377	0.00918	0.01390
1	0.03193	0.25766	0.04457	0.14554	0.13483	0.03145	0.02412	0.03708	0.02520	0.13266	0.02339	0.02649	0.01790	0.01091	0.00963	0.00308	0.01242	0.00868	0.00683	0.01563
2	0.02409	0.10435	0.30950	0.02585	0.03905	0.02540	0.02964	0.03582	0.06969	0.03601	0.02207	0.02476	0.01679	0.01040	0.00978	0.00297	0.01326	0.00806	0.00589	0.18662
3	0.08899	0.02117	0.02631	0.06566	0.03120	0.05540	0.06008	0.03310	0.08439	0.07325	0.10144	0.13528	0.04117	0.01780	0.01325	0.00366	0.04872	0.01509	0.00885	0.07522
4	0.02141	0.01248	0.01304	0.01259	0.01573	0.01291	0.00953	0.03031	0.09196	0.04301	0.09062	0.04648	0.03789	0.01447	0.00894	0.00289	0.00576	0.01185	0.50661	0.01151
5	0.01591	0.01247	0.01452	0.01383	0.01720	0.01158	0.01042	0.02240	0.06754	0.03984	0.33694	0.08973	0.25728	0.02443	0.01314	0.00366	0.00574	0.02101	0.01160	0.01077
6	0.01955	0.00978	0.01466	0.01466	0.01466	0.00978	0.00978	0.01466	0.01466	0.01955	0.01955	0.03421	0.01955	0.03910	0.04399	0.67253	0.00978	0.00978	0.00489	0.00489
7	0.04072	0.02245	0.03409	0.10584	0.10027	0.02186	0.06611	0.09009	0.03156	0.31649	0.03449	0.03405	0.02301	0.01263	0.01147	0.00352	0.01194	0.01105	0.01065	0.01770
8	0.01764	0.01104	0.01488	0.01669	0.01832	0.01029	0.01194	0.02021	0.02306	0.07663	0.06011	0.48852	0.06898	0.03279	0.01423	0.00454	0.00728	0.08189	0.01076	0.01021
9	0.01804	0.05325	0.02030	0.02040	0.05384	0.01556	0.01374	0.02508	0.09427	0.03338	0.09929	0.38988	0.06393	0.02777	0.01315	0.00413	0.00758	0.02486	0.01008	0.01148
10	0.01973	0.01442	0.01854	0.01715	0.02013	0.01537	0.01308	0.08570	0.02759	0.03858	0.20721	0.05916	0.05599	0.10855	0.23639	0.01013	0.01682	0.01520	0.00909	0.01116
11	0.01371	0.00979	0.01306	0.01567	0.01632	0.00914	0.01045	0.01567	0.02155	0.02873	0.06203	0.59710	0.07444	0.03526	0.01437	0.00457	0.00653	0.03200	0.01045	0.00914
12	0.02708	0.01989	0.02372	0.01713	0.02696	0.01522	0.01378	0.03199	0.02456	0.10622	0.02336	0.02540	0.01821	0.00911	0.00875	0.00192	0.00851	0.00731	0.00767	0.58323
13	0.03009	0.61122	0.05898	0.01926	0.02889	0.04454	0.01926	0.03370	0.02287	0.02648	0.01565	0.01805	0.01444	0.00963	0.00722	0.00241	0.01204	0.00602	0.00481	0.01444
14	0.60454	0.09335	0.02170	0.01534	0.02263	0.02759	0.01305	0.03316	0.01961	0.04758	0.01567	0.01826	0.01246	0.01035	0.00700	0.00335	0.00911	0.00609	0.00670	0.01246
15	0.02800	0.02418	0.02545	0.02291	0.02927	0.02800	0.01782	0.05981	0.51390	0.04708	0.04581	0.04199	0.03436	0.01527	0.01145	0.00382	0.00891	0.01273	0.01145	0.01782
16	0.01424	0.01063	0.01334	0.01500	0.01676	0.00972	0.01073	0.01703	0.02391	0.03118	0.11932	0.39029	0.18235	0.03211	0.01412	0.00435	0.00657	0.06824	0.01063	0.00948

[dist]
# distance from previous block
# <min> <max>
0	10

[block]
# block no. 6 follows, 11 sequences, length 38
# corresponding to MSA columns:
# 383-406,429-442
name=unknown_G
#
# <colnr> <probs for GDERKNQSTAVLIFYWHMCP>
#	G	D	E	R	K	N	Q	S	T	A	V	L	I	F	Y	W	H	M	C	P
0	0.01668	0.01128	0.01332	0.01379	0.01425	0.01128	0.00885	0.01761	0.01808	0.02395	0.03978	0.08319	0.04519	0.50184	0.04982	0.00989	0.01081	0.09549	0.00745	0.00745
1	0.02014	0.01149	0.01695	0.01638	0.01638	0.01263	0.01149	0.01610	0.01496	0.02042	0.01900	0.03310	0.01900	0.03686	0.04317	0.59530	0.07619	0.00978	0.00489	0.00575
2	0.02930	0.55274	0.11049	0.02061	0.03098	0.04259	0.02162	0.03391	0.02296	0.02745	0.01613	0.01866	0.01442	0.00974	0.00759	0.00253	0.01252	0.00626	0.00481	0.01468
3	0.32861	0.02257	0.02488	0.02373	0.08140	0.02365	0.01713	0.09408	0.02809	0.21411	0.02710	0.02697	0.01880	0.01191	0.00936	0.00346	0.00993	0.00872	0.00962	0.01591
4	0.02556	0.02316	0.03583	0.34302	0.18129	0.02665	0.02975	0.07610	0.07801	0.03652	0.02366	0.03047	0.01812	0.01158	0.01125	0.00362	0.01372	0.01031	0.00639	0.01498
5	0.01703	0.01227	0.01469	0.01438	0.01443	0.01326	0.00900	0.01745	0.01688	0.02294	0.03542	0.11068	0.04086	0.49671	0.05167	0.00977	0.07115	0.01694	0.00691	0.00759
6	0.55285	0.02146	0.01817	0.01611	0.02268	0.02477	0.01318	0.07051	0.02187	0.04939	0.01830	0.02202	0.01462	0.01926	0.07129	0.00516	0.01150	0.00712	0.00722	0.01253
7	0.02800	0.02418	0.02545	0.02291	0.02927	0.02800	0.01782	0.05981	0.51390	0.04708	0.04581	0.04199	0.03436	0.01527	0.01145	0.00382	0.00891	0.01273	0.01145	0.01782
8	0.01945	0.02321	0.10880	0.13109	0.08481	0.01863	0.07397	0.02580	0.02418	0.03324	0.09362	0.22916	0.04626	0.02044	0.01268	0.00395	0.01152	0.01882	0.00781	0.01256
9	0.01371	0.00979	0.01306	0.01567	0.01632	0.00914	0.01045	0.01567	0.02155	0.02873	0.06203	0.59710	0.07444	0.03526	0.01437	0.00457	0.00653	0.03200	0.01045	0.00914
10	0.03215	0.01873	0.02645	0.02594	0.08424	0.01946	0.01850	0.06872	0.02747	0.21259	0.07429	0.04059	0.03154	0.03505	0.17188	0.00780	0.06810	0.01192	0.00955	0.01504
11	0.07609	0.02312	0.03081	0.32152	0.05575	0.02747	0.02530	0.12252	0.12637	0.04191	0.02616	0.03098	0.01944	0.01242	0.01097	0.00367	0.01282	0.01028	0.00761	0.01478
12	0.01934	0.01387	0.01631	0.01524	0.01623	0.01505	0.01003	0.06121	0.01990	0.02704	0.03277	0.06343	0.03599	0.46515	0.09383	0.01040	0.05361	0.01497	0.00702	0.00861
13	0.03075	0.02757	0.04135	0.09493	0.08958	0.03012	0.13960	0.16746	0.12699	0.04646	0.02732	0.03095	0.02066	0.01279	0.01385	0.00373	0.05980	0.01136	0.00821	0.01651
14	0.02753	0.02872	0.05703	0.13596	0.05927	0.02861	0.35940	0.08809	0.02892	0.03884	0.02279	0.02991	0.01696	0.01026	0.01270	0.00374	0.01753	0.01236	0.00622	0.01518
15	0.02462	0.02462	0.03447	0.02955	0.02955	0.03447	0.02462	0.02709	0.01724	0.02709	0.01477	0.02462	0.01477	0.01970	0.03694	0.00492	0.58385	0.00985	0.00492	0.01231
16	0.10482	0.09361	0.04281	0.04087	0.20260	0.02803	0.10072	0.08690	0.02878	0.12752	0.02481	0.02780	0.01857	0.01098	0.01063	0.00335	0.01287	0.00990	0.00770	0.01676
17	0.05050	0.01915	0.02612	0.02003	0.02873	0.01654	0.01654	0.05485	0.03221	0.54203	0.04440	0.03831	0.02786	0.01393	0.01132	0.00348	0.00958	0.01132	0.01393	0.01915
18	0.03009	0.61122	0.05898	0.01926	0.02889	0.04454	0.01926	0.03370	0.02287	0.02648	0.01565	0.01805	0.01444	0.00963	0.00722	0.00241	0.01204	0.00602	0.00481	0.01444
19	0.01593	0.01150	0.01504	0.01416	0.01681	0.01062	0.01062	0.02124	0.03186	0.04513	0.52830	0.08407	0.10620	0.02301	0.01327	0.00354	0.00531	0.02035	0.01239	0.01062
20	0.01552	0.01156	0.01464	0.01628	0.01779	0.01137	0.01127	0.02112	0.07635	0.03263	0.11421	0.47731	0.07375	0.03167	0.01392	0.00437	0.00665	0.02855	0.01078	0.01026
21	0.04338	0.02004	0.03099	0.02346	0.03194	0.01783	0.09340	0.04867	0.03036	0.40501	0.04004	0.03741	0.02621	0.01312	0.01126	0.00344	0.01064	0.01155	0.08369	0.01756
22	0.01388	0.01010	0.01309	0.01514	0.01627	0.00931	0.01029	0.01622	0.02287	0.03038	0.10941	0.50566	0.11882	0.03353	0.01417	0.00441	0.00634	0.03018	0.01063	0.00931
23	0.05050	0.01915	0.02612	0.02003	0.02873	0.01654	0.01654	0.05485	0.03221	0.54203	0.04440	0.03831	0.02786	0.01393	0.01132	0.00348	0.00958	0.01132	0.01393	0.01915
24	0.04306	0.02117	0.02632	0.02076	0.02863	0.02050	0.01694	0.13990	0.07676	0.34861	0.09702	0.04165	0.03572	0.01501	0.01154	0.00350	0.00959	0.01224	0.01301	0.01805
25	0.04132	0.02859	0.02935	0.02382	0.03175	0.08504	0.01917	0.21421	0.15684	0.19581	0.03554	0.03318	0.02484	0.01385	0.01120	0.00346	0.01159	0.01079	0.01148	0.01816
26	0.02530	0.02330	0.06948	0.01828	0.02876	0.01610	0.01606	0.03096	0.02404	0.07431	0.02184	0.02449	0.01729	0.00896	0.00877	0.00197	0.00916	0.00716	0.00704	0.56673
27	0.03346	0.34997	0.08722	0.02179	0.03144	0.03676	0.02094	0.11089	0.08056	0.09245	0.02410	0.02465	0.01873	0.01138	0.00902	0.00292	0.01186	0.00813	0.00751	0.01622
28	0.68395	0.02177	0.01654	0.01480	0.02177	0.02525	0.01219	0.03309	0.01915	0.05050	0.01567	0.01828	0.01219	0.01045	0.00697	0.00348	0.00871	0.00609	0.00697	0.01219
29	0.03156	0.09425	0.04018	0.13485	0.13686	0.15675	0.06657	0.08089	0.08201	0.03621	0.02283	0.02708	0.01802	0.01142	0.01074	0.00331	0.01510	0.00952	0.00661	0.01525
30	0.02599	0.01726	0.02394	0.08422	0.10686	0.01746	0.01851	0.03311	0.06831	0.12156	0.04721	0.06233	0.09089	0.07156	0.01604	0.00442	0.01001	0.08588	0.08094	0.01350
31	0.01593	0.01150	0.01504	0.01416	0.01681	0.01062	0.01062	0.02124	0.03186	0.04513	0.52830	0.08407	0.10620	0.02301	0.01327	0.00354	0.00531	0.02035	0.01239	0.01062
32	0.01668	0.01090	0.01306	0.01306	0.01324	0.01108	0.00780	0.01653	0.01634	0.02198	0.03329	0.06679	0.03749	0.49710	0.10184	0.08153	0.01255	0.01528	0.00654	0.00691
33	0.04982	0.02024	0.02679	0.02054	0.02927	0.01816	0.01697	0.09367	0.03403	0.50064	0.04288	0.03732	0.02710	0.01389	0.01131	0.00347	0.00982	0.01121	0.01370	0.01915
34	0.04487	0.02543	0.02967	0.02305	0.03169	0.02621	0.01894	0.26361	0.08462	0.27611	0.03633	0.03331	0.02433	0.01385	0.01130	0.00346	0.01084	0.01088	0.01245	0.01903
35	0.68395	0.02177	0.01654	0.01480	0.02177	0.02525	0.01219	0.03309	0.01915	0.05050	0.01567	0.01828	0.01219	0.01045	0.00697	0.00348	0.00871	0.00609	0.00697	0.01219
36	0.01599	0.01562	0.06133	0.01519	0.01932	0.01177	0.01295	0.02150	0.02990	0.04134	0.40032	0.08359	0.18290	0.02302	0.01305	0.00359	0.00639	0.01997	0.01133	0.01093
37	0.02949	0.55888	0.05582	0.01903	0.02869	0.04192	0.01873	0.03323	0.02291	0.02738	0.01603	0.01852	0.01464	0.00951	0.00732	0.00234	0.01171	0.00608	0.00498	0.07277

[dist]
# distance from previous block
# <min> <max>
0	24

[block]
# block no. 7 follows, 11 sequences, length 10
# corresponding to MSA columns:
# 467-476
name=unknown_H
#
# <colnr> <probs for GDERKNQSTAVLIFYWHMCP>
#	G	D	E	R	K	N	Q	S	T	A	V	L	I	F	Y	W	H	M	C	P
0	0.03411	0.02968	0.03111	0.02470	0.03174	0.08806	0.02009	0.23288	0.03585	0.04853	0.02168	0.02486	0.01711	0.01329	0.01571	0.00322	0.13024	0.00889	0.00820	0.18007
1	0.02923	0.02849	0.05809	0.04916	0.15396	0.02691	0.35079	0.03763	0.02694	0.08697	0.02461	0.03064	0.01831	0.01005	0.01264	0.00367	0.01688	0.01241	0.00649	0.01613
2	0.01464	0.01091	0.01362	0.01410	0.01632	0.00989	0.01013	0.01831	0.02710	0.03657	0.28563	0.26198	0.18293	0.02827	0.01365	0.00394	0.00580	0.02498	0.01134	0.00989
3	0.03929	0.01751	0.02259	0.01815	0.02491	0.01603	0.01467	0.07871	0.03273	0.34422	0.14206	0.04731	0.04348	0.01568	0.01131	0.00339	0.00840	0.01300	0.09019	0.01637
4	0.02799	0.01972	0.07745	0.02117	0.02721	0.01513	0.04408	0.03320	0.02733	0.19551	0.10427	0.19461	0.05232	0.02236	0.01300	0.00405	0.00971	0.08616	0.01090	0.01381
5	0.01631	0.01115	0.01348	0.01348	0.01389	0.01156	0.00832	0.01714	0.01672	0.02271	0.03437	0.06758	0.03828	0.49708	0.16104	0.01239	0.01488	0.01548	0.00666	0.00749
6	0.03009	0.03973	0.22111	0.03221	0.09290	0.08852	0.02929	0.08045	0.05811	0.08823	0.02501	0.02835	0.01886	0.01794	0.05518	0.00467	0.05675	0.00952	0.00701	0.01608
7	0.02538	0.02566	0.03020	0.29632	0.10418	0.13240	0.02519	0.03103	0.02477	0.03056	0.02578	0.09182	0.02306	0.01403	0.01105	0.00352	0.01409	0.01192	0.06643	0.01262
8	0.14279	0.01267	0.01399	0.01466	0.01735	0.01261	0.01060	0.02035	0.02394	0.03687	0.16636	0.31070	0.12332	0.02689	0.01257	0.00403	0.00657	0.02338	0.01023	0.01011
9	0.03297	0.28931	0.10234	0.02172	0.03163	0.03299	0.02105	0.08227	0.08178	0.11854	0.02556	0.02588	0.01941	0.01134	0.00922	0.00291	0.01160	0.00832	0.00775	0.06341

[dist]
# distance from previous block
# <min> <max>
0	18

[block]
# block no. 8 follows, 11 sequences, length 8
# corresponding to MSA columns:
# 495-502
name=unknown_I
#
# <colnr> <probs for GDERKNQSTAVLIFYWHMCP>
#	G	D	E	R	K	N	Q	S	T	A	V	L	I	F	Y	W	H	M	C	P
0	0.02361	0.07924	0.03062	0.02161	0.02812	0.01890	0.08899	0.02798	0.02272	0.07220	0.03091	0.11171	0.02972	0.09463	0.09182	0.00599	0.01357	0.01336	0.00735	0.18696
1	0.09906	0.04385	0.18546	0.02716	0.03581	0.20667	0.02609	0.08055	0.02815	0.03661	0.02231	0.06770	0.01939	0.01390	0.01254	0.00350	0.06066	0.00989	0.00642	0.01427
2	0.02780	0.02934	0.09893	0.13732	0.11371	0.02630	0.09083	0.11818	0.06911	0.04201	0.02392	0.02840	0.01816	0.01105	0.01101	0.00329	0.01350	0.00997	0.00706	0.12013
3	0.01955	0.00978	0.01466	0.01466	0.01466	0.00978	0.00978	0.01466	0.01466	0.01955	0.01955	0.03421	0.01955	0.03910	0.04399	0.67253	0.00978	0.00978	0.00489	0.00489
4	0.03439	0.01832	0.02274	0.01912	0.02544	0.01796	0.01518	0.04652	0.16362	0.26367	0.18427	0.05251	0.05222	0.01691	0.01192	0.00359	0.00816	0.01431	0.01281	0.01633
5	0.01740	0.01398	0.02249	0.02022	0.02287	0.01504	0.06975	0.02112	0.01869	0.02629	0.03053	0.04959	0.02987	0.19971	0.37427	0.01466	0.02421	0.01324	0.00618	0.00989
6	0.11171	0.01871	0.01981	0.01922	0.02362	0.02088	0.01442	0.04041	0.27083	0.04098	0.04753	0.23730	0.04569	0.02177	0.01189	0.00404	0.00803	0.01872	0.01049	0.01395
7	0.03510	0.08726	0.07759	0.02543	0.03381	0.03354	0.02238	0.27829	0.14540	0.05478	0.02843	0.02896	0.02124	0.01381	0.01303	0.00353	0.06008	0.01013	0.00960	0.01761

[dist]
# distance from previous block
# <min> <max>
0	11

[block]
# block no. 9 follows, 11 sequences, length 15
# corresponding to MSA columns:
# 514-528
name=unknown_J
#
# <colnr> <probs for GDERKNQSTAVLIFYWHMCP>
#	G	D	E	R	K	N	Q	S	T	A	V	L	I	F	Y	W	H	M	C	P
0	0.03255	0.02214	0.02557	0.02168	0.02783	0.02403	0.01772	0.23656	0.07374	0.09665	0.03550	0.04596	0.02922	0.02842	0.10902	0.00619	0.01411	0.06613	0.07146	0.01554
1	0.02786	0.02674	0.04568	0.06908	0.53424	0.02674	0.03454	0.03454	0.02563	0.03677	0.02117	0.02786	0.01783	0.01003	0.01114	0.00334	0.01337	0.01003	0.00557	0.01783
2	0.02126	0.02001	0.03376	0.57739	0.07752	0.02501	0.03126	0.02876	0.02251	0.02876	0.02001	0.03001	0.01500	0.01125	0.01125	0.00375	0.01500	0.01000	0.00500	0.01250
3	0.02334	0.02001	0.02334	0.01667	0.02667	0.01500	0.01334	0.02834	0.02334	0.03668	0.02001	0.02334	0.01667	0.00834	0.00834	0.00167	0.00834	0.00667	0.00667	0.67325
