[name]
unknown

[dist]
# distance from previous block
# <min> <max>
0	306

[block]
# block no. 0 follows, 13 sequences, length 18
# corresponding to MSA columns:
# 306-323
name=unknown_A
#
# <colnr> <probs for GDERKNQSTAVLIFYWHMCP>
#	G	D	E	R	K	N	Q	S	T	A	V	L	I	F	Y	W	H	M	C	P
0	0.01482	0.01059	0.01449	0.01694	0.01840	0.01026	0.01319	0.01808	0.02216	0.02916	0.05720	0.38705	0.06569	0.03130	0.01401	0.00456	0.00782	0.24538	0.00978	0.00912
1	0.01538	0.01025	0.01153	0.01153	0.01153	0.01025	0.00641	0.01538	0.01538	0.02050	0.03331	0.06919	0.03844	0.62842	0.05382	0.01025	0.01025	0.01538	0.00641	0.00641
2	0.02630	0.02271	0.02391	0.02152	0.02749	0.02630	0.01674	0.05618	0.54336	0.04423	0.04303	0.03945	0.03228	0.01434	0.01076	0.00359	0.00837	0.01195	0.01076	0.01674
3	0.70310	0.02045	0.01554	0.01390	0.02045	0.02372	0.01145	0.03108	0.01799	0.04744	0.01472	0.01718	0.01145	0.00981	0.00654	0.00327	0.00818	0.00573	0.00654	0.01145
4	0.01259	0.01036	0.01108	0.01165	0.01453	0.00885	0.00845	0.01507	0.02319	0.02819	0.09563	0.22398	0.44336	0.02827	0.01273	0.00374	0.00554	0.02414	0.00982	0.00885
5	0.01496	0.01081	0.01413	0.01330	0.01580	0.00998	0.00998	0.01995	0.02993	0.04240	0.55689	0.07898	0.09976	0.02162	0.01247	0.00333	0.00499	0.01912	0.01164	0.00998
6	0.02496	0.02852	0.06239	0.04456	0.05526	0.02674	0.52406	0.03387	0.02496	0.03387	0.02139	0.02852	0.01604	0.00891	0.01248	0.00357	0.01783	0.01248	0.00535	0.01426
7	0.70310	0.02045	0.01554	0.01390	0.02045	0.02372	0.01145	0.03108	0.01799	0.04744	0.01472	0.01718	0.01145	0.00981	0.00654	0.00327	0.00818	0.00573	0.00654	0.01145
8	0.02429	0.02180	0.02993	0.03185	0.13823	0.02351	0.06749	0.04306	0.30375	0.03883	0.03853	0.09160	0.03295	0.01556	0.01139	0.00365	0.01004	0.04933	0.00896	0.01528
9	0.15390	0.01839	0.02308	0.01801	0.02593	0.01687	0.01488	0.04821	0.02827	0.48497	0.03733	0.03293	0.02378	0.01256	0.00997	0.00327	0.00886	0.00984	0.01202	0.01693
10	0.02877	0.03715	0.15895	0.07169	0.03716	0.15762	0.02426	0.08259	0.21625	0.03774	0.02763	0.02852	0.02075	0.01207	0.01027	0.00329	0.01335	0.00935	0.00750	0.01512
11	0.01475	0.01080	0.01384	0.01308	0.01567	0.00989	0.00981	0.01954	0.02943	0.04121	0.51828	0.08093	0.13911	0.02206	0.01247	0.00335	0.00502	0.01940	0.01148	0.00989
12	0.07763	0.01944	0.06300	0.13729	0.03348	0.01822	0.01799	0.03326	0.10589	0.11677	0.17057	0.04863	0.08358	0.01555	0.01089	0.00342	0.00906	0.01308	0.00920	0.01304
13	0.03606	0.07889	0.03308	0.02983	0.12606	0.06966	0.02078	0.19550	0.10774	0.15241	0.02860	0.02847	0.02074	0.01197	0.01019	0.00313	0.01134	0.00954	0.00924	0.01677
14	0.01490	0.01063	0.01305	0.01255	0.01434	0.00998	0.00871	0.01815	0.02492	0.03447	0.35816	0.07766	0.11575	0.21228	0.02544	0.00552	0.00667	0.01819	0.00986	0.00878
15	0.02842	0.26567	0.15083	0.02439	0.03367	0.03229	0.06291	0.07749	0.06543	0.07376	0.02120	0.02347	0.01656	0.01117	0.01147	0.00307	0.06899	0.00817	0.00624	0.01481
16	0.02713	0.07504	0.03546	0.28684	0.05193	0.11346	0.07137	0.10042	0.02697	0.03345	0.01926	0.02502	0.01483	0.01043	0.01008	0.00310	0.01417	0.00876	0.00581	0.06650
17	0.02266	0.01894	0.03221	0.03656	0.20925	0.01806	0.10296	0.02793	0.02499	0.07971	0.11887	0.14561	0.08207	0.01705	0.01181	0.00349	0.01026	0.01615	0.00808	0.01335

[dist]
# distance from previous block
# <min> <max>
1	3

[block]
# block no. 1 follows, 13 sequences, length 12
# corresponding to MSA columns:
# 327-338
name=unknown_B
#
# <colnr> <probs for GDERKNQSTAVLIFYWHMCP>
#	G	D	E	R	K	N	Q	S	T	A	V	L	I	F	Y	W	H	M	C	P
0	0.09299	0.27907	0.07970	0.02943	0.14449	0.08825	0.02156	0.03139	0.02253	0.03013	0.02047	0.07716	0.01942	0.01176	0.00873	0.00287	0.01190	0.00909	0.00547	0.01360
1	0.01487	0.01004	0.01168	0.01217	0.01230	0.00992	0.00709	0.01524	0.01636	0.02181	0.03834	0.18032	0.04478	0.50864	0.04570	0.00905	0.00942	0.01833	0.00709	0.00685
2	0.03897	0.02217	0.02685	0.07836	0.03256	0.02303	0.01804	0.24633	0.03674	0.25293	0.03187	0.03109	0.02162	0.01260	0.01029	0.00318	0.01022	0.00997	0.07663	0.01658
3	0.02527	0.02071	0.03038	0.26022	0.04721	0.02320	0.07339	0.15787	0.03001	0.04119	0.07504	0.03386	0.02530	0.01225	0.01055	0.00328	0.01178	0.01075	0.09453	0.01323
4	0.01368	0.00985	0.01236	0.01350	0.01468	0.00918	0.00909	0.01593	0.02175	0.02915	0.15923	0.36724	0.11916	0.13087	0.02001	0.00503	0.00652	0.02460	0.00961	0.00853
5	0.09926	0.22802	0.07127	0.02720	0.10551	0.08621	0.02096	0.08626	0.11280	0.03662	0.02169	0.02345	0.01738	0.01067	0.00880	0.00292	0.01173	0.00789	0.00657	0.01477
6	0.01262	0.01024	0.01120	0.01196	0.01461	0.00882	0.00859	0.01503	0.02290	0.02807	0.09191	0.26354	0.40620	0.02875	0.01281	0.00380	0.00560	0.02472	0.00982	0.00882
7	0.02349	0.03065	0.16738	0.21956	0.09175	0.02567	0.10183	0.06348	0.07341	0.03414	0.02174	0.02729	0.01637	0.01104	0.01206	0.00350	0.04694	0.00971	0.00571	0.01428
8	0.01471	0.00997	0.01173	0.01238	0.01255	0.00981	0.00732	0.01520	0.01668	0.02223	0.03998	0.21663	0.04685	0.46951	0.04305	0.00866	0.00915	0.01930	0.00732	0.00699
9	0.02192	0.01879	0.02192	0.01566	0.02506	0.01409	0.01253	0.02662	0.02192	0.03445	0.01879	0.02192	0.01566	0.00783	0.00783	0.00157	0.00783	0.00626	0.00626	0.69305
10	0.03274	0.02905	0.11391	0.02505	0.06958	0.07429	0.02112	0.08623	0.02766	0.18438	0.02539	0.02633	0.01823	0.01113	0.01109	0.00288	0.04498	0.00849	0.00805	0.17944
11	0.42736	0.08709	0.11679	0.02183	0.06747	0.06349	0.01896	0.03239	0.02033	0.04050	0.01594	0.01884	0.01253	0.00982	0.00766	0.00314	0.01080	0.00643	0.00583	0.01282

[dist]
# distance from previous block
# <min> <max>
0	5

[block]
# block no. 2 follows, 13 sequences, length 23
# corresponding to MSA columns:
# 344-366
name=unknown_C
#
# <colnr> <probs for GDERKNQSTAVLIFYWHMCP>
#	G	D	E	R	K	N	Q	S	T	A	V	L	I	F	Y	W	H	M	C	P
0	0.02691	0.02234	0.03265	0.16770	0.22260	0.02339	0.02466	0.07417	0.10127	0.07640	0.02492	0.02868	0.01906	0.01072	0.01021	0.00310	0.01135	0.00947	0.00705	0.10335
1	0.02236	0.01284	0.01673	0.01612	0.01946	0.01213	0.01221	0.02795	0.06551	0.15152	0.19153	0.25920	0.06504	0.02381	0.01246	0.00379	0.00690	0.05760	0.01110	0.01174
2	0.08274	0.41702	0.11514	0.01985	0.02944	0.03541	0.02023	0.07077	0.02414	0.07406	0.01820	0.01981	0.01471	0.00983	0.00778	0.00263	0.01146	0.00662	0.00581	0.01435
3	0.41405	0.07414	0.02536	0.02385	0.09390	0.15284	0.01671	0.03383	0.02176	0.03918	0.01576	0.01875	0.01279	0.00995	0.00775	0.00305	0.01145	0.00644	0.00597	0.01248
4	0.01341	0.01055	0.01212	0.01214	0.01495	0.00925	0.00895	0.01679	0.02565	0.03322	0.25884	0.16104	0.33388	0.02579	0.01262	0.00358	0.00533	0.02219	0.01046	0.00925
5	0.02449	0.02160	0.03697	0.04021	0.21605	0.02134	0.13942	0.03331	0.09110	0.07203	0.03323	0.15999	0.03095	0.01541	0.01165	0.00356	0.01159	0.01509	0.00754	0.01446
6	0.01363	0.01170	0.01180	0.01160	0.01537	0.01036	0.00875	0.01855	0.06684	0.02985	0.10184	0.09663	0.51489	0.02575	0.01235	0.00357	0.00560	0.02146	0.00990	0.00957
7	0.70310	0.02045	0.01554	0.01390	0.02045	0.02372	0.01145	0.03108	0.01799	0.04744	0.01472	0.01718	0.01145	0.00981	0.00654	0.00327	0.00818	0.00573	0.00654	0.01145
8	0.04744	0.01799	0.02454	0.01881	0.02699	0.01554	0.01554	0.05153	0.03026	0.56979	0.04171	0.03599	0.02617	0.01309	0.01063	0.00327	0.00900	0.01063	0.01309	0.01799
9	0.04019	0.02962	0.03173	0.02433	0.03279	0.03279	0.02010	0.52721	0.04971	0.06663	0.02538	0.02538	0.01798	0.01269	0.01058	0.00317	0.01163	0.00952	0.01058	0.01798
10	0.01464	0.01080	0.01369	0.01297	0.01560	0.00984	0.00972	0.01933	0.02917	0.04061	0.49866	0.08193	0.15911	0.02228	0.01247	0.00336	0.00504	0.01953	0.01140	0.00984
11	0.04744	0.01799	0.02454	0.01881	0.02699	0.01554	0.01554	0.05153	0.03026	0.56979	0.04171	0.03599	0.02617	0.01309	0.01063	0.00327	0.00900	0.01063	0.01309	0.01799
12	0.01425	0.01061	0.01156	0.01133	0.01443	0.00936	0.00850	0.01792	0.02549	0.03410	0.22509	0.08616	0.34976	0.02319	0.01174	0.00334	0.00519	0.01959	0.10904	0.00936
13	0.03950	0.05039	0.02996	0.02724	0.03269	0.58597	0.02043	0.04222	0.02996	0.02588	0.01634	0.01907	0.01362	0.01090	0.00953	0.00272	0.01907	0.00681	0.00545	0.01226
14	0.70310	0.02045	0.01554	0.01390	0.02045	0.02372	0.01145	0.03108	0.01799	0.04744	0.01472	0.01718	0.01145	0.00981	0.00654	0.00327	0.00818	0.00573	0.00654	0.01145
15	0.02630	0.02271	0.02391	0.02152	0.02749	0.02630	0.01674	0.05618	0.54336	0.04423	0.04303	0.03945	0.03228	0.01434	0.01076	0.00359	0.00837	0.01195	0.01076	0.01674
16	0.01971	0.00985	0.00985	0.00985	0.01232	0.00985	0.00739	0.02464	0.02217	0.03942	0.03449	0.03942	0.02710	0.01232	0.00739	0.00246	0.00493	0.00985	0.68712	0.00985
17	0.01288	0.00920	0.01227	0.01472	0.01534	0.00859	0.00981	0.01472	0.02024	0.02699	0.05828	0.62152	0.06993	0.03312	0.01350	0.00429	0.00613	0.03006	0.00981	0.00859
18	0.02630	0.02271	0.02391	0.02152	0.02749	0.02630	0.01674	0.05618	0.54336	0.04423	0.04303	0.03945	0.03228	0.01434	0.01076	0.00359	0.00837	0.01195	0.01076	0.01674
19	0.01496	0.01081	0.01413	0.01330	0.01580	0.00998	0.00998	0.01995	0.02993	0.04240	0.55689	0.07898	0.09976	0.02162	0.01247	0.00333	0.00499	0.01912	0.01164	0.00998
20	0.02147	0.01764	0.01975	0.01802	0.02251	0.01935	0.01386	0.04075	0.32471	0.04345	0.26186	0.05628	0.06102	0.01744	0.01149	0.00348	0.00693	0.01501	0.01113	0.01386
21	0.02517	0.03958	0.34181	0.14384	0.04707	0.02347	0.03236	0.03444	0.02290	0.11519	0.02213	0.02569	0.01556	0.01120	0.01192	0.00346	0.05473	0.00867	0.00587	0.01493
22	0.01869	0.01463	0.02087	0.01773	0.02214	0.01357	0.08555	0.02414	0.06156	0.07319	0.10420	0.11381	0.26080	0.10013	0.01764	0.00445	0.00837	0.01862	0.00918	0.01073

[dist]
# distance from previous block
# <min> <max>
1	3

[block]
# block no. 3 follows, 13 sequences, length 55
# corresponding to MSA columns:
# 370-424
name=unknown_D
#
# <colnr> <probs for GDERKNQSTAVLIFYWHMCP>
#	G	D	E	R	K	N	Q	S	T	A	V	L	I	F	Y	W	H	M	C	P
0	0.57424	0.02322	0.05451	0.02138	0.09050	0.02395	0.01586	0.03141	0.01904	0.04492	0.01564	0.01864	0.01224	0.00978	0.00726	0.00326	0.00921	0.00632	0.00625	0.01239
1	0.03211	0.41526	0.04503	0.01879	0.02766	0.03447	0.01750	0.09678	0.02640	0.11239	0.02042	0.02128	0.01618	0.01001	0.00792	0.00247	0.01072	0.00694	0.00671	0.07095
2	0.02514	0.01995	0.02277	0.06765	0.02875	0.02235	0.01661	0.12020	0.26359	0.04488	0.11611	0.04816	0.04038	0.01582	0.01100	0.00348	0.00870	0.04810	0.06190	0.01446
3	0.02477	0.01223	0.01649	0.01613	0.01934	0.01098	0.01178	0.02738	0.02369	0.21368	0.05258	0.42013	0.05488	0.02623	0.01251	0.00394	0.00712	0.02338	0.01094	0.01182
4	0.12072	0.02382	0.02882	0.16952	0.08326	0.02688	0.02131	0.25720	0.03414	0.04947	0.02256	0.02613	0.01674	0.01148	0.00979	0.00322	0.01135	0.00900	0.05976	0.01483
5	0.01538	0.01025	0.01153	0.01153	0.01153	0.01025	0.00641	0.01538	0.01538	0.02050	0.03331	0.06919	0.03844	0.62842	0.05382	0.01025	0.01025	0.01538	0.00641	0.00641
6	0.02827	0.63478	0.05540	0.01809	0.02714	0.04184	0.01809	0.03166	0.02148	0.02488	0.01470	0.01696	0.01357	0.00905	0.00678	0.00226	0.01131	0.00565	0.00452	0.01357
7	0.01424	0.01061	0.01335	0.01383	0.01614	0.00972	0.01041	0.01802	0.02584	0.03467	0.28712	0.20713	0.18822	0.02620	0.01297	0.00378	0.00592	0.08182	0.01060	0.00941
8	0.01510	0.01155	0.01434	0.01574	0.01865	0.01079	0.01320	0.01904	0.02424	0.03033	0.07778	0.11180	0.27292	0.02817	0.01371	0.00431	0.00787	0.29131	0.00977	0.00939
9	0.02324	0.01552	0.01925	0.01751	0.02166	0.01557	0.01423	0.12502	0.03254	0.08818	0.28254	0.07470	0.06754	0.02101	0.01247	0.00368	0.00784	0.13424	0.01107	0.01219
10	0.02121	0.05469	0.57364	0.03014	0.04576	0.02455	0.03906	0.03348	0.02232	0.03348	0.01897	0.02232	0.01339	0.01005	0.01005	0.00335	0.01563	0.00781	0.00446	0.01563
11	0.02630	0.02271	0.02391	0.02152	0.02749	0.02630	0.01674	0.05618	0.54336	0.04423	0.04303	0.03945	0.03228	0.01434	0.01076	0.00359	0.00837	0.01195	0.01076	0.01674
12	0.01288	0.00920	0.01227	0.01472	0.01534	0.00859	0.00981	0.01472	0.02024	0.02699	0.05828	0.62152	0.06993	0.03312	0.01350	0.00429	0.00613	0.03006	0.00981	0.00859
13	0.01997	0.01879	0.03171	0.60301	0.07282	0.02349	0.02936	0.02701	0.02114	0.02701	0.01879	0.02819	0.01409	0.01057	0.01057	0.00352	0.01409	0.00940	0.00470	0.01175
14	0.04306	0.01812	0.02568	0.11181	0.03429	0.01681	0.01774	0.04763	0.02881	0.48338	0.03806	0.03475	0.02425	0.01269	0.01062	0.00331	0.00981	0.01044	0.01175	0.01700
15	0.02630	0.02271	0.02391	0.02152	0.02749	0.02630	0.01674	0.05618	0.54336	0.04423	0.04303	0.03945	0.03228	0.01434	0.01076	0.00359	0.00837	0.01195	0.01076	0.01674
16	0.03950	0.05039	0.02996	0.02724	0.03269	0.58597	0.02043	0.04222	0.02996	0.02588	0.01634	0.01907	0.01362	0.01090	0.00953	0.00272	0.01907	0.00681	0.00545	0.01226
17	0.01288	0.00920	0.01227	0.01472	0.01534	0.00859	0.00981	0.01472	0.02024	0.02699	0.05828	0.62152	0.06993	0.03312	0.01350	0.00429	0.00613	0.03006	0.00981	0.00859
18	0.70310	0.02045	0.01554	0.01390	0.02045	0.02372	0.01145	0.03108	0.01799	0.04744	0.01472	0.01718	0.01145	0.00981	0.00654	0.00327	0.00818	0.00573	0.00654	0.01145
19	0.20731	0.02860	0.17117	0.02374	0.06839	0.02086	0.02163	0.03681	0.05450	0.16692	0.02841	0.07966	0.02246	0.01302	0.00965	0.00339	0.01054	0.01032	0.00802	0.01461
20	0.01288	0.00920	0.01227	0.01472	0.01534	0.00859	0.00981	0.01472	0.02024	0.02699	0.05828	0.62152	0.06993	0.03312	0.01350	0.00429	0.00613	0.03006	0.00981	0.00859
21	0.02414	0.08179	0.17257	0.10797	0.11342	0.02589	0.16014	0.06738	0.02566	0.03535	0.06429	0.02967	0.02211	0.01080	0.01078	0.00330	0.01409	0.01034	0.00587	0.01445
22	0.01955	0.01638	0.02127	0.01750	0.02328	0.01483	0.04516	0.02819	0.10350	0.03811	0.21776	0.09480	0.05266	0.01589	0.01069	0.00285	0.00741	0.01407	0.00909	0.24702
23	0.61790	0.09802	0.02057	0.01443	0.02129	0.02601	0.01229	0.03115	0.01843	0.04459	0.01472	0.01715	0.01172	0.00972	0.00657	0.00314	0.00857	0.00572	0.00629	0.01172
24	0.03334	0.10302	0.03298	0.02569	0.06984	0.03046	0.01996	0.30707	0.12053	0.05224	0.02920	0.03509	0.02348	0.01374	0.01048	0.00327	0.01097	0.05289	0.00937	0.01639
25	0.02164	0.02054	0.06570	0.07210	0.07820	0.01830	0.05672	0.09650	0.02917	0.04076	0.22520	0.09104	0.05156	0.01625	0.01138	0.00325	0.00946	0.01451	0.00875	0.06897
26	0.01478	0.01080	0.01387	0.01310	0.01568	0.00990	0.00983	0.01959	0.02948	0.04134	0.52246	0.08072	0.13485	0.02201	0.01247	0.00334	0.00502	0.01937	0.01150	0.00990
27	0.03950	0.05039	0.02996	0.02724	0.03269	0.58597	0.02043	0.04222	0.02996	0.02588	0.01634	0.01907	0.01362	0.01090	0.00953	0.00272	0.01907	0.00681	0.00545	0.01226
28	0.01524	0.01080	0.01431	0.01431	0.01527	0.01176	0.00987	0.01716	0.01620	0.02256	0.03077	0.05512	0.03233	0.34895	0.32493	0.01368	0.01945	0.01332	0.00603	0.00795
29	0.02121	0.05469	0.57364	0.03014	0.04576	0.02455	0.03906	0.03348	0.02232	0.03348	0.01897	0.02232	0.01339	0.01005	0.01005	0.00335	0.01563	0.00781	0.00446	0.01563
30	0.01997	0.01879	0.03171	0.60301	0.07282	0.02349	0.02936	0.02701	0.02114	0.02701	0.01879	0.02819	0.01409	0.01057	0.01057	0.00352	0.01409	0.00940	0.00470	0.01175
31	0.04019	0.02962	0.03173	0.02433	0.03279	0.03279	0.02010	0.52721	0.04971	0.06663	0.02538	0.02538	0.01798	0.01269	0.01058	0.00317	0.01163	0.00952	0.01058	0.01798
32	0.04477	0.01859	0.02446	0.01915	0.02705	0.01690	0.01569	0.05212	0.09505	0.50343	0.04188	0.03642	0.02694	0.01325	0.01065	0.00331	0.00892	0.01080	0.01279	0.01783
33	0.02131	0.02016	0.03414	0.48650	0.17883	0.02384	0.03003	0.02819	0.02178	0.02864	0.01903	0.02775	0.01467	0.01032	0.01055	0.00344	0.01376	0.00940	0.00481	0.01283
34	0.01502	0.01074	0.01380	0.01308	0.01526	0.01001	0.00953	0.01937	0.02809	0.03963	0.49078	0.07774	0.09202	0.09823	0.01769	0.00420	0.00565	0.01865	0.01098	0.00953
35	0.70310	0.02045	0.01554	0.01390	0.02045	0.02372	0.01145	0.03108	0.01799	0.04744	0.01472	0.01718	0.01145	0.00981	0.00654	0.00327	0.00818	0.00573	0.00654	0.01145
36	0.02738	0.56154	0.12084	0.01961	0.02949	0.03965	0.02074	0.03189	0.02159	0.02596	0.01524	0.01764	0.01355	0.00917	0.00720	0.00240	0.01185	0.00593	0.00452	0.01383
37	0.02121	0.05469	0.57364	0.03014	0.04576	0.02455	0.03906	0.03348	0.02232	0.03348	0.01897	0.02232	0.01339	0.01005	0.01005	0.00335	0.01563	0.00781	0.00446	0.01563
38	0.01250	0.01071	0.01071	0.01071	0.01428	0.00893	0.00803	0.01517	0.02410	0.02856	0.10711	0.10175	0.55817	0.02678	0.01250	0.00357	0.00536	0.02231	0.00982	0.00893
39	0.70310	0.02045	0.01554	0.01390	0.02045	0.02372	0.01145	0.03108	0.01799	0.04744	0.01472	0.01718	0.01145	0.00981	0.00654	0.00327	0.00818	0.00573	0.00654	0.01145
40	0.70310	0.02045	0.01554	0.01390	0.02045	0.02372	0.01145	0.03108	0.01799	0.04744	0.01472	0.01718	0.01145	0.00981	0.00654	0.00327	0.00818	0.00573	0.00654	0.01145
41	0.02313	0.02313	0.03238	0.02776	0.02776	0.03238	0.02313	0.02545	0.01619	0.02545	0.01388	0.02313	0.01388	0.01851	0.03470	0.00463	0.60907	0.00925	0.00463	0.01157
42	0.03243	0.03707	0.02614	0.02376	0.02899	0.34503	0.01800	0.04361	0.18427	0.03348	0.09262	0.03276	0.03010	0.01329	0.01027	0.00306	0.01407	0.00991	0.00783	0.01332
43	0.01496	0.01081	0.01413	0.01330	0.01580	0.00998	0.00998	0.01995	0.02993	0.04240	0.55689	0.07898	0.09976	0.02162	0.01247	0.00333	0.00499	0.01912	0.01164	0.00998
44	0.04019	0.02962	0.03173	0.02433	0.03279	0.03279	0.02010	0.52721	0.04971	0.06663	0.02538	0.02538	0.01798	0.01269	0.01058	0.00317	0.01163	0.00952	0.01058	0.01798
45	0.70310	0.02045	0.01554	0.01390	0.02045	0.02372	0.01145	0.03108	0.01799	0.04744	0.01472	0.01718	0.01145	0.00981	0.00654	0.00327	0.00818	0.00573	0.00654	0.01145
46	0.02313	0.02313	0.03238	0.02776	0.02776	0.03238	0.02313	0.02545	0.01619	0.02545	0.01388	0.02313	0.01388	0.01851	0.03470	0.00463	0.60907	0.00925	0.00463	0.01157
47	0.01496	0.01081	0.01413	0.01330	0.01580	0.00998	0.00998	0.01995	0.02993	0.04240	0.55689	0.07898	0.09976	0.02162	0.01247	0.00333	0.00499	0.01912	0.01164	0.00998
48	0.02415	0.02253	0.03048	0.02602	0.02687	0.03056	0.02160	0.06367	0.01924	0.02974	0.01646	0.02465	0.01528	0.01755	0.03061	0.00434	0.51365	0.00932	0.06137	0.01191
49	0.02749	0.01735	0.01924	0.01684	0.02191	0.01844	0.01321	0.08098	0.21080	0.12368	0.08499	0.04132	0.03460	0.01402	0.00979	0.00312	0.00732	0.01152	0.22918	0.01420
50	0.02627	0.02324	0.02808	0.03104	0.14491	0.02604	0.02018	0.05097	0.42938	0.04210	0.03795	0.03653	0.02887	0.01326	0.01069	0.00349	0.00929	0.01140	0.00955	0.01674
51	0.10661	0.01822	0.02372	0.01837	0.02640	0.01628	0.01517	0.04968	0.02915	0.52265	0.03928	0.03429	0.02484	0.01279	0.01026	0.00327	0.00892	0.01019	0.01250	0.01740
52	0.02636	0.03169	0.18967	0.02705	0.07661	0.02410	0.02434	0.07489	0.23688	0.07986	0.07110	0.03502	0.02902	0.01300	0.01063	0.00341	0.01089	0.01079	0.00864	0.01607
53	0.01292	0.01073	0.01130	0.01116	0.01454	0.00911	0.00837	0.01600	0.02511	0.03095	0.18480	0.09782	0.47899	0.02589	0.01249	0.00353	0.00529	0.02176	0.01013	0.00911
54	0.02855	0.01626	0.02362	0.01924	0.02473	0.01545	0.05938	0.06947	0.02944	0.21621	0.23112	0.05142	0.05241	0.02425	0.08420	0.00504	0.01092	0.01400	0.01072	0.01355

[dist]
# distance from previous block
# <min> <max>
0	1

[block]
# block no. 4 follows, 13 sequences, length 16
# corresponding to MSA columns:
# 426-441
name=unknown_E
#
# <colnr> <probs for GDERKNQSTAVLIFYWHMCP>
#	G	D	E	R	K	N	Q	S	T	A	V	L	I	F	Y	W	H	M	C	P
0	0.03423	0.09570	0.21242	0.02706	0.08131	0.02357	0.02551	0.08213	0.02781	0.24492	0.02804	0.02770	0.01909	0.01130	0.01002	0.00317	0.01198	0.00898	0.00842	0.01664
1	0.01737	0.01485	0.02362	0.02330	0.08541	0.01389	0.08102	0.02280	0.02799	0.03894	0.37662	0.06832	0.12514	0.01900	0.01224	0.00336	0.00763	0.01741	0.00986	0.01124
2	0.02154	0.04559	0.42659	0.02950	0.04270	0.02376	0.08497	0.03445	0.06950	0.03520	0.06486	0.02907	0.02233	0.01125	0.01056	0.00339	0.01435	0.00958	0.00570	0.01513
3	0.02622	0.39270	0.15404	0.02617	0.03681	0.03528	0.13335	0.03249	0.02240	0.02847	0.01697	0.02051	0.01408	0.00920	0.00865	0.00275	0.01355	0.00756	0.00469	0.01411
4	0.02861	0.02386	0.02521	0.02198	0.02838	0.02738	0.01730	0.13463	0.46115	0.04796	0.04009	0.03711	0.02989	0.01407	0.01073	0.00352	0.00891	0.01155	0.01073	0.01694
5	0.02400	0.09186	0.45057	0.02728	0.04136	0.02434	0.03368	0.03440	0.02291	0.07841	0.02058	0.02306	0.01465	0.01008	0.00970	0.00314	0.01420	0.00779	0.00533	0.06267
6	0.03950	0.05039	0.02996	0.02724	0.03269	0.58597	0.02043	0.04222	0.02996	0.02588	0.01634	0.01907	0.01362	0.01090	0.00953	0.00272	0.01907	0.00681	0.00545	0.01226
7	0.03950	0.05039	0.02996	0.02724	0.03269	0.58597	0.02043	0.04222	0.02996	0.02588	0.01634	0.01907	0.01362	0.01090	0.00953	0.00272	0.01907	0.00681	0.00545	0.01226
8	0.01997	0.01879	0.03171	0.60301	0.07282	0.02349	0.02936	0.02701	0.02114	0.02701	0.01879	0.02819	0.01409	0.01057	0.01057	0.00352	0.01409	0.00940	0.00470	0.01175
9	0.02197	0.02492	0.09900	0.37447	0.21608	0.02410	0.03143	0.02940	0.02216	0.03003	0.01914	0.02689	0.01481	0.01016	0.01048	0.00339	0.01382	0.00922	0.00483	0.01370
10	0.01408	0.01031	0.01322	0.01347	0.01550	0.00945	0.00973	0.01788	0.02639	0.03630	0.35942	0.24668	0.13700	0.02565	0.01279	0.00365	0.00537	0.02278	0.01090	0.00945
11	0.02113	0.02476	0.12834	0.02527	0.08982	0.01981	0.02040	0.03567	0.19265	0.04034	0.22501	0.04915	0.05168	0.01562	0.01122	0.00339	0.00901	0.01350	0.00922	0.01403
12	0.01535	0.01036	0.01210	0.01210	0.01229	0.01056	0.00711	0.01574	0.01554	0.02092	0.03280	0.06633	0.03720	0.57153	0.10900	0.01095	0.01212	0.01496	0.00633	0.00672
13	0.02535	0.03675	0.27292	0.10174	0.09878	0.02439	0.10176	0.03412	0.02315	0.09556	0.02164	0.02596	0.01574	0.01096	0.01265	0.00348	0.06500	0.00928	0.00573	0.01502
14	0.01492	0.01103	0.01406	0.01462	0.01653	0.01065	0.01045	0.02046	0.06696	0.03542	0.28484	0.32659	0.08051	0.02635	0.01281	0.00379	0.00579	0.02360	0.01072	0.00988
15	0.03220	0.10528	0.03174	0.08907	0.03427	0.02659	0.01859	0.23203	0.03375	0.09287	0.02295	0.02465	0.01707	0.01075	0.00937	0.00269	0.01068	0.00826	0.00820	0.18899

[dist]
# distance from previous block
# <min> <max>
1	2

[block]
# block no. 5 follows, 13 sequences, length 24
# corresponding to MSA columns:
# 444-467
name=unknown_F
#
# <colnr> <probs for GDERKNQSTAVLIFYWHMCP>
#	G	D	E	R	K	N	Q	S	T	A	V	L	I	F	Y	W	H	M	C	P
0	0.14543	0.02511	0.07810	0.03406	0.17626	0.02237	0.06462	0.07183	0.02673	0.21332	0.02657	0.02771	0.01869	0.01091	0.01001	0.00326	0.01131	0.00933	0.00832	0.01606
1	0.01609	0.00975	0.01244	0.01268	0.01305	0.00954	0.00800	0.01465	0.01595	0.02096	0.03597	0.11151	0.07733	0.27975	0.04130	0.28473	0.00900	0.01491	0.00630	0.00610
2	0.01988	0.01452	0.01837	0.01881	0.02227	0.01475	0.01601	0.09667	0.02858	0.03748	0.09875	0.10009	0.10683	0.02586	0.01361	0.00436	0.00919	0.33304	0.01003	0.01091
3	0.02617	0.02512	0.04292	0.06490	0.56246	0.02512	0.03245	0.03245	0.02407	0.03454	0.01989	0.02617	0.01675	0.00942	0.01047	0.00314	0.01256	0.00942	0.00523	0.01675
4	0.01510	0.01133	0.01699	0.01699	0.01888	0.01322	0.01322	0.01888	0.01699	0.02454	0.02832	0.04154	0.02643	0.07930	0.58652	0.01699	0.02832	0.01133	0.00566	0.00944
5	0.01344	0.01075	0.01202	0.01171	0.01486	0.00933	0.00878	0.01701	0.02634	0.03387	0.27972	0.09301	0.38225	0.02480	0.01249	0.00348	0.00521	0.02109	0.01052	0.00933
6	0.01339	0.00957	0.01286	0.01531	0.01614	0.00903	0.01070	0.01561	0.02075	0.02756	0.05799	0.55972	0.06881	0.03264	0.01363	0.00436	0.00658	0.08681	0.00981	0.00873
7	0.02506	0.01869	0.02225	0.01605	0.02529	0.01427	0.01290	0.02969	0.02295	0.10032	0.02161	0.02366	0.01695	0.00848	0.00818	0.00178	0.00797	0.00680	0.00710	0.60999
8	0.02617	0.02512	0.04292	0.06490	0.56246	0.02512	0.03245	0.03245	0.02407	0.03454	0.01989	0.02617	0.01675	0.00942	0.01047	0.00314	0.01256	0.00942	0.00523	0.01675
9	0.70310	0.02045	0.01554	0.01390	0.02045	0.02372	0.01145	0.03108	0.01799	0.04744	0.01472	0.01718	0.01145	0.00981	0.00654	0.00327	0.00818	0.00573	0.00654	0.01145
10	0.01527	0.01067	0.01366	0.01366	0.01440	0.01141	0.00906	0.01674	0.01601	0.02208	0.03136	0.05840	0.03375	0.41406	0.26177	0.01288	0.01730	0.01380	0.00612	0.00759
11	0.01323	0.01074	0.01173	0.01148	0.01473	0.00924	0.00861	0.01660	0.02584	0.03269	0.24134	0.09496	0.42137	0.02524	0.01249	0.00350	0.00525	0.02136	0.01036	0.00924
12	0.09425	0.02041	0.02526	0.01951	0.02763	0.01946	0.01612	0.14163	0.03311	0.43448	0.03658	0.03256	0.02351	0.01277	0.01032	0.00325	0.00944	0.01006	0.01212	0.01751
13	0.01472	0.01080	0.01380	0.01305	0.01565	0.00987	0.00978	0.01948	0.02935	0.04103	0.51247	0.08123	0.14503	0.02213	0.01247	0.00335	0.00502	0.01944	0.01146	0.00987
14	0.02965	0.56287	0.05227	0.01922	0.02782	0.10879	0.01838	0.03296	0.02253	0.02500	0.01490	0.01722	0.01357	0.00927	0.00712	0.00232	0.01226	0.00580	0.00464	0.01341
15	0.70310	0.02045	0.01554	0.01390	0.02045	0.02372	0.01145	0.03108	0.01799	0.04744	0.01472	0.01718	0.01145	0.00981	0.00654	0.00327	0.00818	0.00573	0.00654	0.01145
16	0.01910	0.00993	0.00993	0.00993	0.01248	0.00978	0.00745	0.02384	0.02234	0.03850	0.04061	0.04467	0.07186	0.01354	0.00782	0.00256	0.00496	0.01090	0.63004	0.00978
17	0.04019	0.02962	0.03173	0.02433	0.03279	0.03279	0.02010	0.52721	0.04971	0.06663	0.02538	0.02538	0.01798	0.01269	0.01058	0.00317	0.01163	0.00952	0.01058	0.01798
18	0.01288	0.00920	0.01227	0.01472	0.01534	0.00859	0.00981	0.01472	0.02024	0.02699	0.05828	0.62152	0.06993	0.03312	0.01350	0.00429	0.00613	0.03006	0.00981	0.00859
19	0.02630	0.02271	0.02391	0.02152	0.02749	0.02630	0.01674	0.05618	0.54336	0.04423	0.04303	0.03945	0.03228	0.01434	0.01076	0.00359	0.00837	0.01195	0.01076	0.01674
20	0.01433	0.01078	0.01326	0.01264	0.01541	0.00971	0.00948	0.01873	0.02844	0.03886	0.44190	0.08480	0.21696	0.02294	0.01248	0.00339	0.00508	0.01994	0.01117	0.00971
21	0.70310	0.02045	0.01554	0.01390	0.02045	0.02372	0.01145	0.03108	0.01799	0.04744	0.01472	0.01718	0.01145	0.00981	0.00654	0.00327	0.00818	0.00573	0.00654	0.01145
22	0.02121	0.05469	0.57364	0.03014	0.04576	0.02455	0.03906	0.03348	0.02232	0.03348	0.01897	0.02232	0.01339	0.01005	0.01005	0.00335	0.01563	0.00781	0.00446	0.01563
23	0.01666	0.01259	0.01560	0.01453	0.01755	0.01242	0.01099	0.02537	0.10674	0.04267	0.48002	0.07307	0.08967	0.02053	0.01221	0.00336	0.00549	0.01805	0.01151	0.01099

[dist]
# distance from previous block
# <min> <max>
0	2

[block]
# block no. 6 follows, 13 sequences, length 52
# corresponding to MSA columns:
# 470-521
name=unknown_G
#
# <colnr> <probs for GDERKNQSTAVLIFYWHMCP>
#	G	D	E	R	K	N	Q	S	T	A	V	L	I	F	Y	W	H	M	C	P
0	0.10242	0.02385	0.06483	0.06214	0.09398	0.02369	0.06081	0.11069	0.14879	0.03989	0.02539	0.02927	0.01987	0.01588	0.01553	0.12115	0.01108	0.00972	0.00733	0.01368
1	0.11009	0.16069	0.15748	0.02532	0.09037	0.02594	0.02227	0.03298	0.06540	0.03464	0.01960	0.02230	0.01567	0.00958	0.00849	0.00269	0.01099	0.00725	0.00577	0.17247
2	0.26965	0.16106	0.02942	0.05701	0.02851	0.06095	0.01633	0.06686	0.10477	0.08159	0.02228	0.02343	0.01704	0.01089	0.00826	0.00307	0.01021	0.00761	0.00732	0.01373
3	0.07809	0.02090	0.02768	0.16582	0.12793	0.02369	0.02136	0.06666	0.19987	0.03717	0.02725	0.03108	0.02124	0.01467	0.01376	0.08098	0.01072	0.00996	0.00734	0.01384
4	0.01538	0.01025	0.01153	0.01153	0.01153	0.01025	0.00641	0.01538	0.01538	0.02050	0.03331	0.06919	0.03844	0.62842	0.05382	0.01025	0.01025	0.01538	0.00641	0.00641
5	0.03757	0.03580	0.02977	0.02488	0.03185	0.22789	0.01964	0.27463	0.12713	0.04835	0.02520	0.02555	0.01888	0.01234	0.01024	0.00308	0.01371	0.00897	0.00879	0.01574
6	0.01496	0.01081	0.01413	0.01330	0.01580	0.00998	0.00998	0.01995	0.02993	0.04240	0.55689	0.07898	0.09976	0.02162	0.01247	0.00333	0.00499	0.01912	0.01164	0.00998
7	0.01626	0.01057	0.01585	0.01585	0.01707	0.01179	0.01179	0.01707	0.01585	0.02235	0.02479	0.03820	0.02357	0.06420	0.39314	0.25655	0.02153	0.01057	0.00528	0.00772
8	0.01288	0.00920	0.01227	0.01472	0.01534	0.00859	0.00981	0.01472	0.02024	0.02699	0.05828	0.62152	0.06993	0.03312	0.01350	0.00429	0.00613	0.03006	0.00981	0.00859
9	0.01250	0.01071	0.01071	0.01071	0.01428	0.00893	0.00803	0.01517	0.02410	0.02856	0.10711	0.10175	0.55817	0.02678	0.01250	0.00357	0.00536	0.02231	0.00982	0.00893
10	0.02192	0.01879	0.02192	0.01566	0.02506	0.01409	0.01253	0.02662	0.02192	0.03445	0.01879	0.02192	0.01566	0.00783	0.00783	0.00157	0.00783	0.00626	0.00626	0.69305
11	0.02121	0.05469	0.57364	0.03014	0.04576	0.02455	0.03906	0.03348	0.02232	0.03348	0.01897	0.02232	0.01339	0.01005	0.01005	0.00335	0.01563	0.00781	0.00446	0.01563
12	0.02630	0.02271	0.02391	0.02152	0.02749	0.02630	0.01674	0.05618	0.54336	0.04423	0.04303	0.03945	0.03228	0.01434	0.01076	0.00359	0.00837	0.01195	0.01076	0.01674
13	0.01319	0.01002	0.01222	0.01367	0.01551	0.00905	0.00978	0.01572	0.02239	0.02876	0.10344	0.38089	0.23177	0.03007	0.01319	0.00404	0.00608	0.06144	0.00992	0.00887
14	0.01997	0.01879	0.03171	0.60301	0.07282	0.02349	0.02936	0.02701	0.02114	0.02701	0.01879	0.02819	0.01409	0.01057	0.01057	0.00352	0.01409	0.00940	0.00470	0.01175
15	0.02002	0.01436	0.02239	0.01846	0.02300	0.01309	0.08946	0.02525	0.02855	0.10126	0.36360	0.06875	0.12988	0.01924	0.01226	0.00338	0.00747	0.01747	0.01064	0.01146
16	0.02630	0.02271	0.02391	0.02152	0.02749	0.02630	0.01674	0.05618	0.54336	0.04423	0.04303	0.03945	0.03228	0.01434	0.01076	0.00359	0.00837	0.01195	0.01076	0.01674
17	0.02004	0.01299	0.01645	0.01487	0.01842	0.01246	0.01139	0.02773	0.08777	0.10434	0.43874	0.06950	0.08355	0.01980	0.01206	0.00335	0.00584	0.01732	0.01171	0.01168
18	0.01982	0.01124	0.01368	0.01328	0.01466	0.01074	0.00848	0.02081	0.01862	0.10627	0.03951	0.17258	0.04274	0.41682	0.03925	0.00801	0.00925	0.01753	0.00810	0.00862
19	0.52066	0.02043	0.02025	0.08720	0.06923	0.02318	0.01549	0.03226	0.01977	0.08375	0.01765	0.02059	0.01329	0.01012	0.00763	0.00329	0.00927	0.00682	0.00672	0.01239
20	0.02403	0.02056	0.06142	0.01845	0.02346	0.05981	0.01556	0.07047	0.07298	0.10006	0.25687	0.09675	0.06083	0.01897	0.01179	0.00347	0.00862	0.05293	0.01034	0.01259
21	0.02473	0.02335	0.03955	0.12177	0.46327	0.02388	0.03085	0.03098	0.02377	0.03346	0.02271	0.03399	0.02004	0.01116	0.01082	0.00332	0.01250	0.04871	0.00554	0.01561
22	0.34628	0.02191	0.02305	0.07002	0.07161	0.02455	0.01668	0.15449	0.02808	0.04894	0.07920	0.02786	0.02369	0.01190	0.00888	0.00326	0.00954	0.00880	0.00787	0.01339
23	0.01662	0.01852	0.09909	0.01809	0.02311	0.01335	0.05274	0.02296	0.02845	0.04046	0.43854	0.06696	0.08093	0.01898	0.01212	0.00335	0.00750	0.01698	0.01012	0.01112
24	0.64965	0.02025	0.01627	0.01430	0.02098	0.02305	0.01178	0.03275	0.01899	0.09003	0.01692	0.01871	0.01265	0.01008	0.00688	0.00327	0.00825	0.00613	0.00708	0.01198
25	0.03142	0.47332	0.04879	0.02012	0.02866	0.10414	0.01867	0.10910	0.02682	0.03141	0.01653	0.01850	0.01425	0.00982	0.00769	0.00246	0.01227	0.00638	0.00556	0.01409
26	0.03317	0.02687	0.07139	0.02598	0.07381	0.02632	0.02053	0.24442	0.15910	0.11090	0.07031	0.03376	0.02797	0.01332	0.01072	0.00330	0.01045	0.01080	0.01006	0.01680
27	0.01496	0.01081	0.01413	0.01330	0.01580	0.00998	0.00998	0.01995	0.02993	0.04240	0.55689	0.07898	0.09976	0.02162	0.01247	0.00333	0.00499	0.01912	0.01164	0.00998
28	0.03950	0.05039	0.02996	0.02724	0.03269	0.58597	0.02043	0.04222	0.02996	0.02588	0.01634	0.01907	0.01362	0.01090	0.00953	0.00272	0.01907	0.00681	0.00545	0.01226
29	0.01254	0.01054	0.01089	0.01116	0.01440	0.00889	0.00823	0.01512	0.02367	0.02839	0.10161	0.16026	0.50321	0.02749	0.01261	0.00365	0.00544	0.02319	0.00982	0.00889
30	0.02121	0.05469	0.57364	0.03014	0.04576	0.02455	0.03906	0.03348	0.02232	0.03348	0.01897	0.02232	0.01339	0.01005	0.01005	0.00335	0.01563	0.00781	0.00446	0.01563
31	0.01332	0.01074	0.01185	0.01157	0.01479	0.00928	0.00868	0.01676	0.02604	0.03317	0.25685	0.09417	0.40556	0.02506	0.01249	0.00349	0.00523	0.02125	0.01042	0.00928
32	0.02121	0.05469	0.57364	0.03014	0.04576	0.02455	0.03906	0.03348	0.02232	0.03348	0.01897	0.02232	0.01339	0.01005	0.01005	0.00335	0.01563	0.00781	0.00446	0.01563
33	0.03660	0.02396	0.02684	0.02183	0.02924	0.02587	0.01762	0.22207	0.23791	0.18569	0.03644	0.03358	0.02565	0.01344	0.01066	0.00336	0.00969	0.01075	0.01129	0.01750
34	0.02674	0.02865	0.05880	0.04219	0.05263	0.02745	0.46507	0.09162	0.02785	0.03770	0.02186	0.02815	0.01627	0.00936	0.01226	0.00352	0.01710	0.01213	0.00596	0.01470
35	0.02630	0.02271	0.02391	0.02152	0.02749	0.02630	0.01674	0.05618	0.54336	0.04423	0.04303	0.03945	0.03228	0.01434	0.01076	0.00359	0.00837	0.01195	0.01076	0.01674
36	0.02437	0.02738	0.05880	0.10993	0.05731	0.02636	0.46616	0.03307	0.02451	0.03307	0.02109	0.02848	0.01581	0.00911	0.01225	0.00356	0.01739	0.01212	0.00527	0.01397
37	0.04146	0.01812	0.02357	0.01877	0.02613	0.01673	0.01526	0.04960	0.10914	0.44474	0.08512	0.04013	0.03328	0.01400	0.01081	0.00332	0.00856	0.01155	0.01261	0.01713
38	0.01250	0.01071	0.01071	0.01071	0.01428	0.00893	0.00803	0.01517	0.02410	0.02856	0.10711	0.10175	0.55817	0.02678	0.01250	0.00357	0.00536	0.02231	0.00982	0.00893
39	0.01496	0.01081	0.01413	0.01330	0.01580	0.00998	0.00998	0.01995	0.02993	0.04240	0.55689	0.07898	0.09976	0.02162	0.01247	0.00333	0.00499	0.01912	0.01164	0.00998
40	0.02827	0.63478	0.05540	0.01809	0.02714	0.04184	0.01809	0.03166	0.02148	0.02488	0.01470	0.01696	0.01357	0.00905	0.00678	0.00226	0.01131	0.00565	0.00452	0.01357
41	0.02630	0.02271	0.02391	0.02152	0.02749	0.02630	0.01674	0.05618	0.54336	0.04423	0.04303	0.03945	0.03228	0.01434	0.01076	0.00359	0.00837	0.01195	0.01076	0.01674
42	0.01763	0.01449	0.01597	0.01495	0.01891	0.01470	0.01140	0.02958	0.18825	0.03806	0.23683	0.07471	0.24128	0.02118	0.01194	0.00349	0.00617	0.01801	0.01072	0.01172
43	0.02121	0.05469	0.57364	0.03014	0.04576	0.02455	0.03906	0.03348	0.02232	0.03348	0.01897	0.02232	0.01339	0.01005	0.01005	0.00335	0.01563	0.00781	0.00446	0.01563
44	0.02217	0.02235	0.03152	0.53819	0.06830	0.08681	0.02836	0.02873	0.02213	0.02689	0.01852	0.02716	0.01404	0.01061	0.01045	0.00343	0.01465	0.00911	0.00478	0.01180
45	0.01499	0.01091	0.01471	0.01404	0.01642	0.01063	0.01063	0.01974	0.02733	0.03881	0.45068	0.07146	0.08503	0.03321	0.12781	0.00607	0.00968	0.01756	0.01044	0.00987
46	0.01474	0.01059	0.01414	0.01498	0.01688	0.00999	0.01135	0.01874	0.02583	0.03550	0.30287	0.25396	0.08277	0.02668	0.01321	0.00393	0.00629	0.11736	0.01070	0.00950
47	0.03887	0.02676	0.13734	0.02498	0.03500	0.01902	0.09835	0.04530	0.02790	0.38286	0.03416	0.03218	0.02212	0.01185	0.01080	0.00333	0.01165	0.01037	0.01022	0.01696
48	0.02355	0.03095	0.16846	0.24833	0.09769	0.02538	0.14536	0.07134	0.02486	0.03396	0.02006	0.02648	0.01490	0.01015	0.01088	0.00343	0.01500	0.00974	0.00531	0.01415
49	0.01756	0.01472	0.02352	0.16186	0.09533	0.01705	0.01930	0.02240	0.01881	0.02630	0.02507	0.03657	0.02237	0.05479	0.38222	0.01217	0.02310	0.01065	0.00538	0.01084
50	0.17879	0.01786	0.07976	0.01707	0.02132	0.01480	0.01493	0.02250	0.02145	0.03466	0.08224	0.27503	0.05014	0.02327	0.01156	0.00397	0.00829	0.10341	0.00854	0.01041
51	0.02787	0.02940	0.19238	0.02698	0.09320	0.01974	0.02372	0.08862	0.02724	0.15762	0.03840	0.12502	0.07159	0.01591	0.01102	0.00345	0.01099	0.01347	0.00847	0.01492

[dist]
# distance from previous block
# <min> <max>
0	53

# created by:
# /st0/software/busco_prod/Augustus/scripts/msa2prfl.pl ./align_prep/5075.fa
