[name]
unknown

[dist]
# distance from previous block
# <min> <max>
0	133

[block]
# block no. 0 follows, 13 sequences, length 29
# corresponding to MSA columns:
# 135-163
name=unknown_A
#
# <colnr> <probs for GDERKNQSTAVLIFYWHMCP>
#	G	D	E	R	K	N	Q	S	T	A	V	L	I	F	Y	W	H	M	C	P
0	0.02192	0.01879	0.02192	0.01566	0.02506	0.01409	0.01253	0.02662	0.02192	0.03445	0.01879	0.02192	0.01566	0.00783	0.00783	0.00157	0.00783	0.00626	0.00626	0.69305
1	0.02944	0.02597	0.02557	0.02240	0.02870	0.07209	0.01754	0.12581	0.42811	0.04613	0.03825	0.03570	0.02863	0.01382	0.01063	0.00346	0.00972	0.01118	0.01031	0.01656
2	0.03133	0.02982	0.02800	0.02669	0.07287	0.14401	0.01934	0.12897	0.31277	0.04331	0.03268	0.03180	0.02477	0.01295	0.01045	0.00330	0.01148	0.01027	0.00917	0.01601
3	0.01997	0.01879	0.03171	0.60301	0.07282	0.02349	0.02936	0.02701	0.02114	0.02701	0.01879	0.02819	0.01409	0.01057	0.01057	0.00352	0.01409	0.00940	0.00470	0.01175
4	0.03724	0.12218	0.03133	0.02355	0.02968	0.37613	0.01851	0.04045	0.02885	0.11213	0.06337	0.02622	0.02247	0.01184	0.00956	0.00279	0.01530	0.00824	0.00701	0.01315
5	0.02121	0.05469	0.57364	0.03014	0.04576	0.02455	0.03906	0.03348	0.02232	0.03348	0.01897	0.02232	0.01339	0.01005	0.01005	0.00335	0.01563	0.00781	0.00446	0.01563
6	0.02476	0.12992	0.42915	0.02771	0.04146	0.02803	0.03362	0.10085	0.02596	0.03686	0.01927	0.02201	0.01405	0.01027	0.00968	0.00318	0.01449	0.00775	0.00531	0.01567
7	0.01557	0.01094	0.01609	0.01609	0.01756	0.01241	0.01209	0.01788	0.01641	0.02336	0.02738	0.04259	0.02635	0.12000	0.46672	0.10891	0.02417	0.01138	0.00558	0.00852
8	0.01997	0.01879	0.03171	0.60301	0.07282	0.02349	0.02936	0.02701	0.02114	0.02701	0.01879	0.02819	0.01409	0.01057	0.01057	0.00352	0.01409	0.00940	0.00470	0.01175
9	0.01536	0.01033	0.01195	0.01195	0.01209	0.01048	0.00693	0.01564	0.01550	0.02081	0.03293	0.06708	0.03752	0.58647	0.09451	0.01077	0.01163	0.01507	0.00635	0.00664
10	0.02480	0.02101	0.02221	0.02015	0.02531	0.02410	0.01532	0.05060	0.47106	0.04098	0.04170	0.04352	0.03312	0.09843	0.01665	0.00450	0.00863	0.01242	0.01016	0.01532
11	0.02827	0.63478	0.05540	0.01809	0.02714	0.04184	0.01809	0.03166	0.02148	0.02488	0.01470	0.01696	0.01357	0.00905	0.00678	0.00226	0.01131	0.00565	0.00452	0.01357
12	0.01370	0.01018	0.01225	0.01283	0.01462	0.00929	0.00889	0.01632	0.02309	0.03052	0.19948	0.26037	0.20014	0.11692	0.01896	0.00473	0.00624	0.02296	0.00979	0.00872
13	0.03970	0.02479	0.02902	0.06885	0.03388	0.02644	0.01924	0.31110	0.07808	0.21123	0.03101	0.02980	0.02116	0.01276	0.01061	0.00326	0.01081	0.01002	0.01086	0.01739
14	0.02652	0.02381	0.09802	0.01861	0.02805	0.01691	0.01701	0.07084	0.02609	0.11713	0.06643	0.02898	0.02393	0.01042	0.00915	0.00234	0.00915	0.00843	0.00781	0.39040
15	0.01280	0.00952	0.01194	0.01387	0.01511	0.00866	0.00943	0.01482	0.02107	0.02733	0.06870	0.51052	0.17420	0.03177	0.01328	0.00414	0.00597	0.02840	0.00982	0.00866
16	0.01883	0.01519	0.01743	0.01773	0.02072	0.01644	0.01288	0.03310	0.25206	0.03463	0.05152	0.36357	0.05324	0.02480	0.01228	0.00398	0.00712	0.02203	0.01023	0.01220
17	0.02860	0.02460	0.03821	0.10593	0.07103	0.02607	0.16659	0.10880	0.19072	0.08169	0.02986	0.03192	0.02196	0.01169	0.01118	0.00347	0.01257	0.01120	0.00826	0.01564
18	0.03483	0.02162	0.02879	0.02584	0.07403	0.02250	0.04446	0.12164	0.12483	0.23390	0.03546	0.07753	0.02702	0.01470	0.01288	0.00350	0.05793	0.01207	0.01026	0.01623
19	0.03409	0.02876	0.07239	0.02787	0.07505	0.09623	0.06313	0.08538	0.17890	0.17747	0.03229	0.03149	0.02307	0.01226	0.01062	0.00330	0.01187	0.01028	0.00928	0.01629
20	0.01564	0.01189	0.01489	0.01444	0.01747	0.01030	0.01024	0.01861	0.02205	0.03112	0.13829	0.33469	0.05988	0.07075	0.01504	0.00392	0.00665	0.02118	0.00903	0.17393
21	0.07816	0.02290	0.09827	0.02357	0.03085	0.01861	0.12477	0.03266	0.07049	0.10762	0.22080	0.04715	0.04862	0.01477	0.01131	0.00339	0.01014	0.01349	0.00908	0.01333
22	0.12866	0.01823	0.02236	0.09642	0.03068	0.01685	0.01522	0.03295	0.02390	0.16765	0.06506	0.02991	0.02385	0.01085	0.00906	0.00264	0.00881	0.00867	0.00818	0.28004
23	0.03629	0.02358	0.09908	0.01985	0.02916	0.01730	0.01817	0.04371	0.06837	0.33120	0.03344	0.03116	0.02250	0.01156	0.00992	0.00292	0.00959	0.00935	0.01015	0.17272
24	0.03155	0.20422	0.03448	0.06596	0.06773	0.02410	0.01768	0.03597	0.02519	0.20200	0.06860	0.03032	0.02516	0.01131	0.00918	0.00272	0.00984	0.00898	0.00815	0.11683
25	0.12092	0.11023	0.10979	0.01996	0.02945	0.02398	0.01893	0.11324	0.02757	0.15440	0.02367	0.02423	0.01710	0.01048	0.00888	0.00277	0.01036	0.00779	0.00794	0.15831
26	0.21093	0.07002	0.02735	0.01982	0.02713	0.02614	0.01662	0.18686	0.03128	0.20067	0.02568	0.02551	0.01802	0.01221	0.01104	0.00326	0.05405	0.00855	0.00936	0.01549
27	0.03984	0.02493	0.10182	0.02492	0.07545	0.01981	0.02066	0.08641	0.06954	0.36988	0.03553	0.03269	0.02343	0.01242	0.01054	0.00329	0.01037	0.01015	0.01086	0.01747
28	0.08785	0.02098	0.06363	0.06342	0.03002	0.01776	0.01714	0.07271	0.02802	0.25723	0.09867	0.03551	0.03049	0.01267	0.01005	0.00303	0.00929	0.01028	0.00984	0.12142

[dist]
# distance from previous block
# <min> <max>
11	18

[block]
# block no. 1 follows, 13 sequences, length 17
# corresponding to MSA columns:
# 183-199
name=unknown_B
#
# <colnr> <probs for GDERKNQSTAVLIFYWHMCP>
#	G	D	E	R	K	N	Q	S	T	A	V	L	I	F	Y	W	H	M	C	P
0	0.08060	0.01781	0.02587	0.02006	0.02724	0.01624	0.07552	0.04199	0.02785	0.36015	0.08443	0.03826	0.03093	0.01307	0.01038	0.00322	0.00917	0.01124	0.09053	0.01542
1	0.03493	0.02028	0.02638	0.02567	0.10117	0.02024	0.01790	0.10260	0.13027	0.25864	0.10982	0.04008	0.03545	0.01397	0.01089	0.00331	0.00913	0.01178	0.01103	0.01644
2	0.01948	0.01680	0.02410	0.28460	0.04418	0.01937	0.02017	0.03032	0.12701	0.03572	0.20962	0.04797	0.04730	0.01513	0.01126	0.00347	0.00982	0.01326	0.00829	0.01212
3	0.02138	0.01220	0.01596	0.01434	0.01798	0.01098	0.01099	0.02587	0.02912	0.14922	0.39607	0.09956	0.11277	0.02079	0.01215	0.00338	0.00590	0.01814	0.01172	0.01149
4	0.01926	0.01162	0.01536	0.01425	0.01731	0.01059	0.01074	0.02374	0.02880	0.11437	0.42424	0.13880	0.08584	0.02182	0.01234	0.00344	0.00569	0.01926	0.01162	0.01093
5	0.01408	0.01022	0.01278	0.01318	0.01487	0.00946	0.00919	0.01712	0.02420	0.03290	0.27524	0.24767	0.13761	0.11075	0.01858	0.00462	0.00612	0.02236	0.01012	0.00892
6	0.01682	0.01112	0.01434	0.01363	0.01641	0.01011	0.01018	0.02115	0.02824	0.07720	0.41760	0.14384	0.13335	0.02288	0.01246	0.00346	0.00545	0.02013	0.01135	0.01029
7	0.02984	0.55296	0.05184	0.01937	0.02791	0.11802	0.01842	0.03314	0.02267	0.02502	0.01493	0.01726	0.01358	0.00930	0.00717	0.00233	0.01239	0.00582	0.00465	0.01338
8	0.70310	0.02045	0.01554	0.01390	0.02045	0.02372	0.01145	0.03108	0.01799	0.04744	0.01472	0.01718	0.01145	0.00981	0.00654	0.00327	0.00818	0.00573	0.00654	0.01145
9	0.02186	0.01366	0.01952	0.13491	0.02949	0.01367	0.01496	0.02688	0.02749	0.13602	0.31514	0.10001	0.06644	0.01861	0.01182	0.00343	0.00768	0.01635	0.01036	0.01172
10	0.01399	0.00998	0.01193	0.01277	0.01375	0.00941	0.00825	0.01553	0.01981	0.02613	0.10187	0.28159	0.13105	0.26231	0.02891	0.00641	0.00751	0.02222	0.00866	0.00792
11	0.02951	0.18484	0.04085	0.20625	0.04604	0.06905	0.08324	0.10244	0.02716	0.08308	0.02091	0.02498	0.01582	0.01052	0.00974	0.00307	0.01335	0.00874	0.00638	0.01402
12	0.02971	0.02792	0.14458	0.07684	0.03724	0.02016	0.05797	0.08047	0.02673	0.16712	0.02521	0.02681	0.01784	0.01036	0.00982	0.00283	0.01142	0.00869	0.00773	0.21055
13	0.02615	0.10965	0.17941	0.03373	0.11162	0.02769	0.10909	0.03616	0.08375	0.07182	0.02281	0.02630	0.01752	0.01140	0.01321	0.00339	0.08570	0.00940	0.00611	0.01511
14	0.02163	0.01501	0.02544	0.02364	0.05508	0.01403	0.10905	0.02448	0.02188	0.10532	0.04118	0.30948	0.04326	0.02485	0.01662	0.10028	0.00954	0.01987	0.00845	0.01091
15	0.03832	0.02781	0.02973	0.02300	0.03092	0.03069	0.01894	0.48128	0.04719	0.06415	0.02622	0.02667	0.01881	0.01266	0.01029	0.00311	0.01102	0.00955	0.07241	0.01724
16	0.03334	0.19515	0.03714	0.07537	0.03425	0.07278	0.02001	0.25417	0.09788	0.04596	0.02336	0.02459	0.01784	0.01157	0.00948	0.00297	0.01190	0.00855	0.00804	0.01565

[dist]
# distance from previous block
# <min> <max>
5	26

[block]
# block no. 2 follows, 13 sequences, length 29
# corresponding to MSA columns:
# 226-254
name=unknown_C
#
# <colnr> <probs for GDERKNQSTAVLIFYWHMCP>
#	G	D	E	R	K	N	Q	S	T	A	V	L	I	F	Y	W	H	M	C	P
0	0.02449	0.12367	0.03288	0.06335	0.12526	0.02270	0.05804	0.03241	0.09439	0.08488	0.04030	0.13399	0.08739	0.01623	0.01078	0.00336	0.01008	0.01430	0.00788	0.01363
1	0.17250	0.02284	0.11420	0.02043	0.02646	0.01855	0.05634	0.02876	0.09186	0.03559	0.03680	0.25747	0.03777	0.01948	0.01089	0.00375	0.00943	0.01694	0.00795	0.01199
2	0.43671	0.12998	0.08563	0.01760	0.02579	0.02794	0.01662	0.08856	0.02272	0.04427	0.01641	0.01865	0.01278	0.01004	0.00743	0.00310	0.00993	0.00638	0.00643	0.01302
3	0.02618	0.02839	0.15295	0.02836	0.10515	0.02205	0.02360	0.14492	0.05683	0.06969	0.12640	0.04671	0.03789	0.01527	0.01126	0.00346	0.01095	0.06652	0.00865	0.01478
4	0.02324	0.02778	0.12964	0.03003	0.03835	0.02261	0.20357	0.08606	0.08577	0.03694	0.03280	0.17132	0.03066	0.01598	0.01190	0.00366	0.01286	0.01553	0.00747	0.01382
5	0.03761	0.02365	0.02702	0.02114	0.02851	0.02480	0.01729	0.32766	0.04172	0.18212	0.11986	0.03704	0.03387	0.01431	0.01091	0.00322	0.00987	0.01142	0.01135	0.01662
6	0.02863	0.03038	0.11895	0.12558	0.03776	0.12476	0.02223	0.06483	0.08664	0.10761	0.08461	0.03533	0.02848	0.04321	0.01267	0.00361	0.01258	0.01049	0.00782	0.01383
7	0.22122	0.02066	0.02236	0.08235	0.02939	0.02293	0.01604	0.16886	0.06219	0.07407	0.09800	0.07863	0.03211	0.01456	0.00992	0.00338	0.00926	0.01153	0.00900	0.01354
8	0.09601	0.02063	0.03516	0.44298	0.06406	0.02407	0.11171	0.02863	0.02145	0.03043	0.01879	0.02703	0.01414	0.01020	0.01045	0.00350	0.01408	0.00952	0.00501	0.01214
9	0.63094	0.02018	0.01653	0.01444	0.02117	0.02282	0.01190	0.03333	0.01934	0.10493	0.01769	0.01925	0.01307	0.01017	0.00699	0.00327	0.00827	0.00627	0.00726	0.01217
10	0.44892	0.02483	0.02031	0.01738	0.02420	0.09978	0.01405	0.07489	0.02420	0.13503	0.02038	0.02128	0.01477	0.01074	0.00796	0.00319	0.01007	0.00701	0.00782	0.01319
11	0.01780	0.01453	0.01720	0.01396	0.01987	0.01172	0.01084	0.02226	0.02519	0.03632	0.22846	0.05617	0.13855	0.01605	0.01030	0.00254	0.00638	0.01365	0.00881	0.32939
12	0.01509	0.01013	0.01162	0.01190	0.01197	0.01006	0.00680	0.01530	0.01594	0.02125	0.03619	0.13277	0.04206	0.55989	0.04917	0.00956	0.00978	0.01707	0.00680	0.00666
13	0.04690	0.01886	0.02507	0.01922	0.02742	0.01682	0.01588	0.08694	0.03171	0.53233	0.04050	0.03520	0.02556	0.01306	0.01063	0.00326	0.00919	0.01055	0.01290	0.01799
14	0.02480	0.02120	0.08298	0.11861	0.03342	0.01878	0.01906	0.08853	0.08007	0.11255	0.18451	0.09057	0.04717	0.01645	0.01132	0.00344	0.00945	0.01410	0.00951	0.01348
15	0.01280	0.01012	0.01153	0.01245	0.01479	0.00886	0.00885	0.01529	0.02293	0.02878	0.11521	0.30541	0.33768	0.02897	0.01289	0.00384	0.00564	0.02517	0.00993	0.00886
16	0.03950	0.05039	0.02996	0.02724	0.03269	0.58597	0.02043	0.04222	0.02996	0.02588	0.01634	0.01907	0.01362	0.01090	0.00953	0.00272	0.01907	0.00681	0.00545	0.01226
17	0.34959	0.02194	0.02444	0.02512	0.11599	0.02335	0.01713	0.10364	0.02612	0.16548	0.02314	0.02407	0.01656	0.01088	0.00868	0.00324	0.00958	0.00798	0.00834	0.01472
18	0.04116	0.02124	0.02586	0.02011	0.02773	0.02095	0.01650	0.21469	0.03704	0.33264	0.09529	0.03722	0.03177	0.01393	0.01082	0.00324	0.00946	0.01122	0.01204	0.01707
19	0.02615	0.01646	0.01935	0.01791	0.02236	0.01709	0.01420	0.10088	0.12529	0.11923	0.04401	0.15782	0.04038	0.01960	0.01131	0.00364	0.00815	0.09695	0.12601	0.01322
20	0.04417	0.01788	0.02389	0.01866	0.02637	0.01591	0.01529	0.04998	0.06340	0.50498	0.07193	0.03873	0.03087	0.01367	0.01075	0.00330	0.00872	0.01121	0.01285	0.01744
21	0.03016	0.02700	0.09978	0.15127	0.04226	0.02390	0.04752	0.18099	0.03130	0.10809	0.02374	0.02645	0.01703	0.01087	0.01011	0.00301	0.01198	0.00897	0.00777	0.13778
22	0.11203	0.42293	0.07682	0.01935	0.02838	0.03708	0.01885	0.11616	0.02592	0.03524	0.01677	0.01874	0.01405	0.00982	0.00759	0.00260	0.01123	0.00645	0.00580	0.01418
23	0.02468	0.11874	0.02324	0.01517	0.01979	0.01671	0.01222	0.02862	0.02689	0.15714	0.28674	0.05748	0.06123	0.08738	0.01584	0.00393	0.00759	0.01446	0.01015	0.01201
24	0.01827	0.01688	0.01605	0.01627	0.01848	0.10757	0.01169	0.02156	0.02588	0.03313	0.25608	0.29582	0.07260	0.02460	0.01240	0.00363	0.00787	0.02160	0.00982	0.00978
25	0.01813	0.01256	0.01649	0.01501	0.01754	0.01286	0.01161	0.02275	0.02776	0.07033	0.42409	0.06700	0.07999	0.02004	0.01453	0.00340	0.07475	0.01678	0.06375	0.01061
26	0.01976	0.01200	0.01488	0.01347	0.01725	0.01061	0.01034	0.02391	0.02825	0.12816	0.33478	0.07845	0.22409	0.02170	0.01216	0.00339	0.00578	0.01863	0.01134	0.01103
27	0.02997	0.14055	0.03080	0.05867	0.06750	0.08575	0.01793	0.05783	0.02508	0.12876	0.02686	0.06364	0.02210	0.01324	0.01176	0.00308	0.06990	0.00994	0.12321	0.01343
28	0.01664	0.01126	0.01422	0.01322	0.01626	0.01016	0.01000	0.02118	0.02896	0.07412	0.44693	0.08008	0.17314	0.02194	0.01236	0.00336	0.00531	0.01912	0.01142	0.01032

[dist]
# distance from previous block
# <min> <max>
0	1

[block]
# block no. 3 follows, 13 sequences, length 20
# corresponding to MSA columns:
# 256-275
name=unknown_D
#
# <colnr> <probs for GDERKNQSTAVLIFYWHMCP>
#	G	D	E	R	K	N	Q	S	T	A	V	L	I	F	Y	W	H	M	C	P
0	0.02438	0.02023	0.06464	0.01687	0.02547	0.01446	0.01464	0.02964	0.02444	0.11204	0.10899	0.03318	0.03057	0.01098	0.00915	0.00223	0.00815	0.00909	0.00796	0.43287
1	0.03515	0.02431	0.07089	0.03547	0.19407	0.02097	0.05435	0.07689	0.02828	0.25549	0.02916	0.02967	0.02033	0.01105	0.01043	0.00311	0.01120	0.00975	0.00888	0.07057
2	0.35767	0.02647	0.06455	0.11105	0.03407	0.05627	0.01880	0.14386	0.02667	0.04636	0.01819	0.02126	0.01361	0.01066	0.00852	0.00327	0.01105	0.00738	0.00695	0.01334
3	0.02314	0.02145	0.11019	0.06547	0.06603	0.01639	0.01906	0.03104	0.06131	0.12478	0.27456	0.05273	0.05717	0.01620	0.01138	0.00334	0.00880	0.01403	0.00968	0.01324
4	0.03056	0.02719	0.03155	0.07795	0.11083	0.11479	0.05854	0.14407	0.09106	0.07528	0.09983	0.03473	0.03024	0.01293	0.01082	0.00323	0.01217	0.01097	0.00842	0.01482
5	0.01470	0.01007	0.01263	0.01359	0.01537	0.00943	0.00984	0.01815	0.02387	0.03361	0.20082	0.30696	0.11215	0.02606	0.01231	0.00373	0.00580	0.05360	0.10802	0.00927
6	0.02747	0.11648	0.24211	0.02268	0.03421	0.02343	0.02457	0.06884	0.02518	0.11226	0.02208	0.02368	0.01618	0.00996	0.00915	0.00271	0.01177	0.00764	0.00662	0.19297
7	0.30391	0.02470	0.02172	0.06696	0.02851	0.11321	0.01602	0.07238	0.06385	0.07892	0.05560	0.03267	0.02379	0.01287	0.00918	0.00333	0.01068	0.04113	0.00782	0.01275
8	0.02040	0.01749	0.02011	0.01486	0.02332	0.01326	0.01180	0.02477	0.02228	0.03350	0.03306	0.03482	0.10329	0.01089	0.00858	0.00189	0.00743	0.00886	0.00684	0.58255
9	0.01352	0.01040	0.01237	0.01263	0.01510	0.00925	0.00919	0.01688	0.02541	0.03345	0.26644	0.21414	0.27050	0.02630	0.01272	0.00365	0.00540	0.02291	0.01051	0.00925
10	0.02013	0.01850	0.02572	0.02284	0.02326	0.02467	0.01833	0.02242	0.01625	0.02448	0.02012	0.03437	0.02048	0.12625	0.16141	0.00827	0.38643	0.01066	0.00513	0.01029
11	0.01370	0.01076	0.01238	0.01198	0.01502	0.00944	0.00898	0.01751	0.02695	0.03533	0.32700	0.09062	0.33406	0.02425	0.01248	0.00345	0.00518	0.02075	0.01071	0.00944
12	0.01356	0.01002	0.01268	0.01357	0.01533	0.00914	0.00958	0.01667	0.02433	0.03276	0.24458	0.34342	0.15947	0.02798	0.01297	0.00383	0.00560	0.02489	0.01047	0.00914
13	0.02171	0.02066	0.03103	0.02622	0.02897	0.02572	0.08506	0.02925	0.09358	0.02902	0.02287	0.03104	0.02012	0.03268	0.17380	0.00760	0.29208	0.01061	0.00588	0.01210
14	0.01922	0.01131	0.01492	0.01515	0.01775	0.01032	0.01120	0.02242	0.02462	0.11859	0.17084	0.33075	0.10268	0.02656	0.01282	0.00390	0.00656	0.05909	0.01075	0.01053
15	0.03855	0.02324	0.02862	0.11564	0.03682	0.02468	0.01973	0.24402	0.07234	0.23826	0.03137	0.03060	0.02127	0.01260	0.01061	0.00329	0.01086	0.01007	0.01054	0.01689
16	0.03195	0.02540	0.02893	0.11679	0.03736	0.02896	0.02039	0.27787	0.22174	0.05222	0.03064	0.03087	0.02247	0.01294	0.01064	0.00338	0.01086	0.01037	0.00969	0.01653
17	0.35979	0.02333	0.02279	0.01843	0.02592	0.02564	0.01521	0.21186	0.03133	0.13890	0.02291	0.02316	0.01617	0.01137	0.00865	0.00324	0.00955	0.00788	0.00905	0.01485
18	0.21426	0.02302	0.02493	0.01963	0.02749	0.02417	0.01620	0.22603	0.03444	0.24452	0.02856	0.02711	0.01927	0.01209	0.00955	0.00323	0.00978	0.00894	0.01045	0.01630
19	0.08287	0.10471	0.07429	0.02807	0.11586	0.02702	0.02113	0.16743	0.06970	0.11620	0.02484	0.02580	0.01838	0.01105	0.00952	0.00298	0.01087	0.00866	0.00817	0.07244

[dist]
# distance from previous block
# <min> <max>
1	10

[block]
# block no. 4 follows, 13 sequences, length 27
# corresponding to MSA columns:
# 287-313
name=unknown_E
#
# <colnr> <probs for GDERKNQSTAVLIFYWHMCP>
#	G	D	E	R	K	N	Q	S	T	A	V	L	I	F	Y	W	H	M	C	P
0	0.11760	0.01654	0.01928	0.01632	0.02166	0.01641	0.01295	0.10066	0.03002	0.19512	0.19582	0.08364	0.04879	0.01649	0.01061	0.00328	0.00753	0.01367	0.06016	0.01346
1	0.04057	0.02736	0.02778	0.02210	0.02958	0.10490	0.01788	0.26284	0.03899	0.22431	0.06962	0.03201	0.02623	0.01324	0.01059	0.00315	0.01133	0.01022	0.01074	0.01656
2	0.04403	0.02176	0.02466	0.01996	0.02734	0.08963	0.01629	0.04800	0.02976	0.45690	0.03952	0.04028	0.02724	0.01406	0.01080	0.00332	0.01037	0.04763	0.01183	0.01660
3	0.02525	0.01869	0.02227	0.01607	0.02531	0.01428	0.01292	0.02987	0.02301	0.10424	0.02178	0.02376	0.01703	0.00852	0.00820	0.00179	0.00798	0.00683	0.00715	0.60506
4	0.01997	0.01879	0.03171	0.60301	0.07282	0.02349	0.02936	0.02701	0.02114	0.02701	0.01879	0.02819	0.01409	0.01057	0.01057	0.00352	0.01409	0.00940	0.00470	0.01175
5	0.01349	0.00997	0.01261	0.01360	0.01531	0.00909	0.00957	0.01649	0.02401	0.03223	0.22755	0.35971	0.16079	0.02835	0.01300	0.00386	0.00563	0.02523	0.01040	0.00909
6	0.01761	0.01211	0.01489	0.01551	0.01750	0.01210	0.01082	0.02396	0.10242	0.06393	0.08953	0.38103	0.05950	0.10567	0.01807	0.00482	0.00711	0.02328	0.00986	0.01027
7	0.01834	0.01133	0.01358	0.01312	0.01638	0.01005	0.00979	0.02173	0.02532	0.10439	0.18523	0.18798	0.24443	0.02397	0.01206	0.00354	0.00588	0.02065	0.06185	0.01038
8	0.02399	0.09880	0.02816	0.02061	0.02411	0.02478	0.01706	0.03155	0.10198	0.07950	0.17774	0.04204	0.04250	0.01708	0.01895	0.00367	0.21433	0.01216	0.00829	0.01270
9	0.02758	0.01319	0.01775	0.01608	0.02024	0.01177	0.01221	0.03107	0.02658	0.25394	0.16556	0.25635	0.05875	0.02224	0.01208	0.00365	0.00705	0.01956	0.01158	0.01278
10	0.36842	0.02870	0.17709	0.01906	0.02757	0.02139	0.01952	0.03113	0.02043	0.07866	0.02359	0.09881	0.02070	0.01316	0.00876	0.00343	0.01012	0.00986	0.00684	0.01276
11	0.02730	0.03443	0.25833	0.03065	0.12133	0.02107	0.02767	0.03697	0.05830	0.14556	0.06809	0.03134	0.02480	0.01162	0.01033	0.00320	0.01194	0.00972	0.00746	0.05991
12	0.40620	0.11063	0.07635	0.06741	0.09831	0.02651	0.01898	0.03125	0.01991	0.03976	0.01609	0.01962	0.01282	0.00973	0.00771	0.00314	0.01031	0.00666	0.00576	0.01284
13	0.10318	0.02377	0.02716	0.02100	0.02917	0.02452	0.01735	0.27686	0.03844	0.28232	0.03148	0.02922	0.02093	0.01260	0.01024	0.00322	0.01018	0.00966	0.01130	0.01740
14	0.03077	0.03335	0.19403	0.02408	0.03362	0.02532	0.02396	0.26137	0.03604	0.08798	0.06869	0.07678	0.02768	0.01423	0.01080	0.00333	0.01171	0.01146	0.00891	0.01589
15	0.02526	0.01284	0.01695	0.01532	0.01936	0.01145	0.01168	0.02902	0.02729	0.21601	0.22992	0.19680	0.10097	0.02188	0.01210	0.00356	0.00665	0.01912	0.01156	0.01228
16	0.02692	0.12153	0.31366	0.02520	0.03691	0.02766	0.02851	0.15995	0.02927	0.04143	0.02146	0.02394	0.01584	0.01080	0.00951	0.00308	0.01305	0.00815	0.06769	0.01544
17	0.01403	0.01044	0.01306	0.01310	0.01540	0.00947	0.00956	0.01790	0.02671	0.03639	0.36189	0.19976	0.18315	0.02509	0.01270	0.00358	0.00531	0.02209	0.01089	0.00947
18	0.01479	0.01067	0.01397	0.01342	0.01576	0.00986	0.00996	0.01951	0.02910	0.04109	0.51440	0.12520	0.09722	0.02260	0.01256	0.00341	0.00509	0.02005	0.01148	0.00986
19	0.02121	0.05469	0.57364	0.03014	0.04576	0.02455	0.03906	0.03348	0.02232	0.03348	0.01897	0.02232	0.01339	0.01005	0.01005	0.00335	0.01563	0.00781	0.00446	0.01563
20	0.02295	0.14116	0.42377	0.03279	0.11022	0.02732	0.03494	0.03307	0.02242	0.03228	0.01843	0.02199	0.01386	0.00981	0.00959	0.00315	0.01455	0.00769	0.00457	0.01545
21	0.01528	0.01062	0.01338	0.01338	0.01402	0.01126	0.00872	0.01656	0.01592	0.02187	0.03162	0.05982	0.03437	0.44226	0.23441	0.01254	0.01638	0.01400	0.00615	0.00744
22	0.03544	0.01534	0.02069	0.01678	0.02285	0.01348	0.01348	0.03986	0.03014	0.37495	0.23204	0.05187	0.05336	0.01624	0.01131	0.00329	0.00752	0.01377	0.01255	0.01503
23	0.38720	0.02095	0.02013	0.01681	0.02396	0.02261	0.01370	0.08001	0.09171	0.14279	0.02455	0.02457	0.01772	0.01110	0.00828	0.00317	0.00862	0.00780	0.00861	0.06572
24	0.02397	0.02024	0.10451	0.01772	0.02432	0.01392	0.01612	0.02940	0.02620	0.15558	0.20355	0.12975	0.05264	0.01744	0.01112	0.00319	0.00814	0.01506	0.00976	0.11736
25	0.34733	0.02223	0.06340	0.01674	0.02500	0.01978	0.01485	0.03520	0.02210	0.16830	0.02237	0.02309	0.01602	0.01019	0.00807	0.00291	0.00889	0.00718	0.00788	0.15845
26	0.34255	0.07440	0.10973	0.02174	0.06738	0.02353	0.01880	0.03627	0.02220	0.16167	0.02193	0.02293	0.01568	0.01051	0.00834	0.00319	0.01010	0.00744	0.00745	0.01416

[dist]
# distance from previous block
# <min> <max>
0	15

[block]
# block no. 5 follows, 13 sequences, length 149
# corresponding to MSA columns:
# 329-477
name=unknown_F
#
# <colnr> <probs for GDERKNQSTAVLIFYWHMCP>
#	G	D	E	R	K	N	Q	S	T	A	V	L	I	F	Y	W	H	M	C	P
0	0.28139	0.02236	0.06909	0.05469	0.02698	0.02190	0.01617	0.08309	0.09698	0.04392	0.06328	0.07234	0.02710	0.01354	0.00911	0.00334	0.00898	0.01045	0.06247	0.01282
1	0.08134	0.02670	0.10394	0.21405	0.04456	0.06326	0.02375	0.03494	0.05950	0.11258	0.02313	0.02688	0.01696	0.01138	0.01146	0.00328	0.05163	0.00876	0.00669	0.07520
2	0.01896	0.01381	0.02015	0.01893	0.02099	0.01659	0.01505	0.02251	0.01789	0.06707	0.02695	0.03804	0.02432	0.06402	0.44975	0.01386	0.12366	0.01093	0.00607	0.01046
3	0.01848	0.01025	0.01376	0.01375	0.01469	0.00988	0.00916	0.01772	0.01798	0.06457	0.07369	0.16302	0.04059	0.18046	0.03429	0.27885	0.00850	0.01578	0.00728	0.00728
4	0.02813	0.02279	0.03061	0.02505	0.03095	0.02550	0.08863	0.08563	0.25503	0.09571	0.07307	0.03685	0.03046	0.01450	0.01478	0.00366	0.10217	0.01181	0.00935	0.01531
5	0.03005	0.07809	0.02539	0.02099	0.02542	0.33358	0.01590	0.03328	0.02756	0.02998	0.13107	0.03690	0.03452	0.06023	0.01314	0.00337	0.01370	0.01019	0.06542	0.01123
6	0.23737	0.08380	0.02610	0.01809	0.02591	0.02313	0.01525	0.11175	0.02854	0.28783	0.02865	0.02697	0.01937	0.01165	0.00903	0.00315	0.00937	0.00852	0.00992	0.01561
7	0.01510	0.01090	0.01432	0.01371	0.01620	0.01012	0.01044	0.02008	0.02956	0.04169	0.52391	0.08163	0.09720	0.02212	0.01261	0.00343	0.00530	0.05021	0.01151	0.00996
8	0.07648	0.01692	0.01975	0.01620	0.02206	0.01664	0.01306	0.11698	0.03025	0.24384	0.08816	0.03848	0.03173	0.01346	0.00960	0.00302	0.00777	0.01078	0.21045	0.01436
9	0.02121	0.05469	0.57364	0.03014	0.04576	0.02455	0.03906	0.03348	0.02232	0.03348	0.01897	0.02232	0.01339	0.01005	0.01005	0.00335	0.01563	0.00781	0.00446	0.01563
10	0.01360	0.01035	0.01207	0.01291	0.01496	0.00938	0.00922	0.01602	0.02224	0.02829	0.11278	0.24277	0.26906	0.11435	0.01886	0.00482	0.00662	0.06363	0.00946	0.00862
11	0.02172	0.02302	0.09783	0.01893	0.02339	0.06785	0.01638	0.02746	0.05888	0.06854	0.11779	0.09526	0.08537	0.14460	0.02254	0.00495	0.07162	0.01461	0.00799	0.01126
12	0.01300	0.00944	0.01228	0.01430	0.01528	0.00871	0.00968	0.01513	0.02124	0.02821	0.09759	0.54129	0.11124	0.03180	0.01334	0.00417	0.00599	0.02866	0.00994	0.00871
13	0.02965	0.17221	0.31576	0.02452	0.03675	0.02597	0.02829	0.03783	0.02422	0.17251	0.02401	0.02474	0.01679	0.01063	0.00948	0.00309	0.01294	0.00808	0.00674	0.01580
14	0.02846	0.17130	0.13769	0.03801	0.23396	0.02685	0.02662	0.03474	0.02388	0.10699	0.02149	0.02442	0.01665	0.00985	0.00938	0.00289	0.01201	0.00821	0.00610	0.06050
15	0.17519	0.17274	0.03126	0.11205	0.03288	0.08446	0.01772	0.06991	0.02479	0.10484	0.02131	0.02382	0.01619	0.01068	0.00844	0.00294	0.01112	0.00764	0.05871	0.01330
16	0.09888	0.02009	0.02499	0.01932	0.02742	0.01902	0.01596	0.12780	0.03246	0.44544	0.03687	0.03274	0.02365	0.01276	0.01030	0.00326	0.00936	0.01006	0.01215	0.01747
17	0.02704	0.02648	0.07451	0.18280	0.08734	0.02611	0.14831	0.16928	0.03103	0.04191	0.06046	0.03064	0.02204	0.01144	0.01114	0.00338	0.01365	0.01080	0.00704	0.01461
18	0.01458	0.01064	0.01382	0.01425	0.01642	0.00989	0.01076	0.01865	0.02649	0.03626	0.33655	0.20563	0.12922	0.02567	0.01300	0.00378	0.00594	0.08813	0.01081	0.00954
19	0.02421	0.02234	0.03520	0.12804	0.35502	0.02355	0.02692	0.03358	0.10264	0.03353	0.02467	0.03292	0.02099	0.07398	0.01498	0.00399	0.01189	0.01042	0.00613	0.01498
20	0.02313	0.02313	0.03238	0.02776	0.02776	0.03238	0.02313	0.02545	0.01619	0.02545	0.01388	0.02313	0.01388	0.01851	0.03470	0.00463	0.60907	0.00925	0.00463	0.01157
21	0.15081	0.02582	0.02737	0.02155	0.02946	0.02819	0.01772	0.33790	0.07778	0.13789	0.02737	0.02665	0.01918	0.01239	0.00993	0.00323	0.01042	0.00923	0.01030	0.01680
22	0.01486	0.01094	0.01585	0.01682	0.01848	0.01193	0.01298	0.01833	0.01891	0.02623	0.03986	0.19459	0.04231	0.06036	0.35915	0.01204	0.02006	0.08970	0.00730	0.00928
23	0.01948	0.01327	0.01596	0.01427	0.01805	0.01251	0.01100	0.07343	0.03067	0.08200	0.36103	0.07535	0.18959	0.02122	0.01214	0.00336	0.00606	0.01821	0.01123	0.01117
24	0.02640	0.03166	0.13890	0.03998	0.05122	0.02538	0.40224	0.03541	0.02502	0.08228	0.02285	0.02823	0.01654	0.00947	0.01193	0.00350	0.01668	0.01158	0.00591	0.01481
25	0.02624	0.08729	0.07492	0.18555	0.03969	0.09978	0.02110	0.03109	0.02371	0.11066	0.03078	0.16490	0.02880	0.01606	0.01068	0.00341	0.01200	0.01352	0.00725	0.01256
26	0.02286	0.09293	0.31872	0.03074	0.04124	0.02828	0.10797	0.03143	0.02116	0.03085	0.01774	0.02301	0.01393	0.01184	0.01614	0.00360	0.15997	0.00869	0.00464	0.01425
27	0.34908	0.02261	0.02193	0.01824	0.02538	0.02510	0.01489	0.15515	0.10804	0.12573	0.02543	0.02522	0.01829	0.01166	0.00873	0.00330	0.00914	0.00828	0.00908	0.01474
28	0.02827	0.02212	0.06335	0.30477	0.05092	0.02215	0.02403	0.07782	0.06362	0.14870	0.02603	0.02958	0.01841	0.01132	0.01036	0.00328	0.01200	0.00952	0.00754	0.06622
29	0.36722	0.02647	0.07810	0.07143	0.03067	0.06824	0.01788	0.06959	0.02385	0.12713	0.02071	0.02243	0.01487	0.01072	0.00844	0.00325	0.01072	0.00741	0.00740	0.01347
30	0.04240	0.02177	0.02644	0.02045	0.02832	0.02151	0.01682	0.22504	0.03743	0.34552	0.07310	0.03519	0.02849	0.01356	0.01075	0.00324	0.00968	0.01084	0.01205	0.01741
31	0.02109	0.01325	0.01629	0.01500	0.01811	0.01300	0.01097	0.02813	0.09821	0.11209	0.25752	0.11432	0.06436	0.14613	0.02063	0.00488	0.00723	0.01711	0.01047	0.01121
32	0.02313	0.02313	0.03238	0.02776	0.02776	0.03238	0.02313	0.02545	0.01619	0.02545	0.01388	0.02313	0.01388	0.01851	0.03470	0.00463	0.60907	0.00925	0.00463	0.01157
33	0.02005	0.01573	0.01826	0.01828	0.02147	0.01711	0.01416	0.03362	0.22826	0.03398	0.04632	0.11552	0.04555	0.14775	0.02112	0.00543	0.00902	0.16716	0.00946	0.01174
34	0.02371	0.02261	0.03847	0.27857	0.36804	0.02447	0.03122	0.03029	0.02291	0.03155	0.01945	0.02697	0.01569	0.00988	0.01051	0.00329	0.01317	0.00941	0.00502	0.01476
35	0.25110	0.01948	0.02104	0.01764	0.02440	0.02021	0.01423	0.07295	0.09884	0.25318	0.03355	0.07678	0.02531	0.01380	0.00957	0.00339	0.00858	0.01074	0.01024	0.01497
36	0.02630	0.02271	0.02391	0.02152	0.02749	0.02630	0.01674	0.05618	0.54336	0.04423	0.04303	0.03945	0.03228	0.01434	0.01076	0.00359	0.00837	0.01195	0.01076	0.01674
37	0.01494	0.01153	0.01517	0.01646	0.01759	0.01224	0.01170	0.01927	0.06160	0.02801	0.05071	0.47117	0.05831	0.03529	0.07375	0.00557	0.05293	0.02515	0.00908	0.00955
38	0.01464	0.01056	0.01385	0.01352	0.01573	0.00976	0.00995	0.01915	0.02844	0.04003	0.48020	0.16242	0.09517	0.02339	0.01263	0.00347	0.00516	0.02080	0.01136	0.00976
39	0.02751	0.07324	0.03112	0.13602	0.03744	0.10873	0.02145	0.07666	0.17725	0.03449	0.02472	0.02803	0.01959	0.01349	0.01539	0.00354	0.14097	0.00947	0.00702	0.01387
40	0.02496	0.02852	0.06239	0.04456	0.05526	0.02674	0.52406	0.03387	0.02496	0.03387	0.02139	0.02852	0.01604	0.00891	0.01248	0.00357	0.01783	0.01248	0.00535	0.01426
41	0.24130	0.02205	0.02242	0.01822	0.02563	0.07662	0.01483	0.04450	0.02659	0.35877	0.03109	0.02866	0.02051	0.01189	0.00931	0.00322	0.00979	0.00878	0.01036	0.01546
42	0.02544	0.04339	0.40386	0.11009	0.04647	0.02289	0.03372	0.03559	0.02349	0.12274	0.02277	0.02546	0.01564	0.01063	0.01022	0.00336	0.01429	0.00851	0.00595	0.01547
43	0.12537	0.07208	0.11519	0.14961	0.08319	0.02737	0.11321	0.12205	0.02699	0.03978	0.01968	0.02434	0.01482	0.01029	0.00997	0.00329	0.01335	0.00894	0.00615	0.01434
44	0.04019	0.02962	0.03173	0.02433	0.03279	0.03279	0.02010	0.52721	0.04971	0.06663	0.02538	0.02538	0.01798	0.01269	0.01058	0.00317	0.01163	0.00952	0.01058	0.01798
45	0.02917	0.02485	0.07035	0.10566	0.07525	0.02424	0.05449	0.18648	0.07376	0.08516	0.03184	0.04548	0.02679	0.01502	0.01143	0.00362	0.01189	0.10085	0.00867	0.01498
46	0.01510	0.01133	0.01699	0.01699	0.01888	0.01322	0.01322	0.01888	0.01699	0.02454	0.02832	0.04154	0.02643	0.07930	0.58652	0.01699	0.02832	0.01133	0.00566	0.00944
47	0.02879	0.03174	0.16362	0.03466	0.16646	0.02568	0.02650	0.11451	0.17203	0.08472	0.02866	0.02959	0.02118	0.01172	0.01048	0.00333	0.01172	0.00984	0.00801	0.01676
48	0.01569	0.01031	0.01336	0.01429	0.01614	0.00940	0.01006	0.01845	0.02341	0.06817	0.16911	0.41100	0.12349	0.02861	0.01297	0.00394	0.00601	0.02557	0.01043	0.00957
49	0.03236	0.02659	0.02401	0.02106	0.02685	0.15760	0.01633	0.04619	0.22782	0.15376	0.11540	0.03983	0.03680	0.01435	0.01070	0.00327	0.01059	0.01152	0.01011	0.01488
50	0.02121	0.05469	0.57364	0.03014	0.04576	0.02455	0.03906	0.03348	0.02232	0.03348	0.01897	0.02232	0.01339	0.01005	0.01005	0.00335	0.01563	0.00781	0.00446	0.01563
51	0.03362	0.01603	0.02047	0.01668	0.02278	0.01452	0.01340	0.07526	0.03080	0.31927	0.18001	0.05553	0.12100	0.01719	0.01136	0.00332	0.00766	0.01438	0.01205	0.01466
52	0.03201	0.03066	0.03127	0.25408	0.04860	0.17106	0.02385	0.20481	0.03334	0.04050	0.02046	0.02487	0.01532	0.01139	0.01031	0.00320	0.01452	0.00878	0.00693	0.01404
53	0.01548	0.01145	0.01456	0.01419	0.01662	0.01100	0.01047	0.02184	0.06812	0.03982	0.42893	0.17168	0.08925	0.02308	0.01252	0.00352	0.00545	0.02049	0.01125	0.01026
54	0.70310	0.02045	0.01554	0.01390	0.02045	0.02372	0.01145	0.03108	0.01799	0.04744	0.01472	0.01718	0.01145	0.00981	0.00654	0.00327	0.00818	0.00573	0.00654	0.01145
55	0.48450	0.02063	0.01915	0.01601	0.02312	0.02248	0.01320	0.07883	0.02375	0.17778	0.02229	0.02252	0.01564	0.01087	0.00790	0.00326	0.00868	0.00726	0.00850	0.01362
56	0.13945	0.07038	0.03388	0.08968	0.24315	0.02543	0.02345	0.07063	0.06294	0.10746	0.02344	0.02636	0.01784	0.01062	0.00960	0.00318	0.01106	0.00887	0.00714	0.01544
57	0.01466	0.01153	0.01346	0.01452	0.01674	0.01117	0.01027	0.02068	0.09483	0.02986	0.07017	0.39035	0.20499	0.02866	0.01282	0.00399	0.00622	0.02529	0.00995	0.00983
58	0.14165	0.02287	0.02610	0.02091	0.02788	0.02477	0.01719	0.19135	0.07927	0.23234	0.02983	0.02885	0.02070	0.01313	0.01247	0.00341	0.07132	0.00952	0.01023	0.01621
59	0.01997	0.01879	0.03171	0.60301	0.07282	0.02349	0.02936	0.02701	0.02114	0.02701	0.01879	0.02819	0.01409	0.01057	0.01057	0.00352	0.01409	0.00940	0.00470	0.01175
60	0.02330	0.02362	0.03510	0.02928	0.03025	0.03187	0.06844	0.02621	0.01699	0.02621	0.01456	0.02362	0.01407	0.01764	0.03269	0.00453	0.55559	0.00954	0.00469	0.01181
61	0.02827	0.63478	0.05540	0.01809	0.02714	0.04184	0.01809	0.03166	0.02148	0.02488	0.01470	0.01696	0.01357	0.00905	0.00678	0.00226	0.01131	0.00565	0.00452	0.01357
62	0.01322	0.00946	0.01257	0.01449	0.01541	0.00881	0.00984	0.01557	0.02182	0.02949	0.13925	0.53341	0.07477	0.03126	0.01333	0.00414	0.00595	0.02828	0.01011	0.00881
63	0.24281	0.02663	0.02277	0.07911	0.02963	0.14293	0.01628	0.10597	0.06067	0.04062	0.05511	0.03003	0.02258	0.06755	0.01312	0.00382	0.01162	0.00903	0.00731	0.01242
64	0.01333	0.01074	0.01187	0.01159	0.01479	0.00928	0.00869	0.01679	0.02607	0.03325	0.25947	0.09404	0.40289	0.02503	0.01249	0.00349	0.00523	0.02123	0.01044	0.00928
65	0.02383	0.03415	0.24909	0.03580	0.16493	0.02198	0.06068	0.03361	0.06153	0.07455	0.02850	0.11197	0.02486	0.01368	0.01090	0.00346	0.01262	0.01221	0.00660	0.01506
66	0.02496	0.02852	0.06239	0.04456	0.05526	0.02674	0.52406	0.03387	0.02496	0.03387	0.02139	0.02852	0.01604	0.00891	0.01248	0.00357	0.01783	0.01248	0.00535	0.01426
67	0.21675	0.06232	0.01763	0.01536	0.01884	0.01719	0.01156	0.02456	0.06700	0.03435	0.04080	0.34550	0.04508	0.02275	0.01070	0.00377	0.00734	0.01942	0.00853	0.01055
68	0.70310	0.02045	0.01554	0.01390	0.02045	0.02372	0.01145	0.03108	0.01799	0.04744	0.01472	0.01718	0.01145	0.00981	0.00654	0.00327	0.00818	0.00573	0.00654	0.01145
69	0.02439	0.02775	0.15304	0.02437	0.08531	0.01779	0.02103	0.03097	0.02296	0.08032	0.02092	0.02366	0.01615	0.00896	0.00886	0.00229	0.01024	0.00733	0.00633	0.40733
70	0.07333	0.08596	0.23587	0.19927	0.10209	0.02509	0.03007	0.03241	0.02233	0.06964	0.01994	0.02457	0.01472	0.01025	0.00975	0.00327	0.01348	0.00830	0.00537	0.01429
71	0.02630	0.02271	0.02391	0.02152	0.02749	0.02630	0.01674	0.05618	0.54336	0.04423	0.04303	0.03945	0.03228	0.01434	0.01076	0.00359	0.00837	0.01195	0.01076	0.01674
72	0.02741	0.09245	0.11331	0.02765	0.03438	0.06900	0.10328	0.07034	0.02480	0.07400	0.06267	0.02859	0.02226	0.01363	0.01745	0.00357	0.18515	0.00994	0.00644	0.01369
73	0.02828	0.02370	0.02503	0.02192	0.02825	0.02723	0.01722	0.12349	0.47282	0.04743	0.04051	0.03744	0.03023	0.01411	0.01073	0.00353	0.00883	0.01161	0.01073	0.01691
74	0.02169	0.03649	0.28334	0.07625	0.09644	0.02293	0.09658	0.03299	0.06869	0.03533	0.09701	0.03343	0.02790	0.01186	0.01086	0.00339	0.01337	0.01067	0.00623	0.01456
75	0.01503	0.01074	0.01473	0.01718	0.01873	0.01044	0.01355	0.01843	0.02236	0.02939	0.05709	0.36194	0.06524	0.03110	0.01407	0.00459	0.00800	0.26844	0.00977	0.00918
76	0.23119	0.02487	0.02621	0.19780	0.04091	0.08287	0.02006	0.14244	0.02812	0.08165	0.02048	0.02393	0.01501	0.01103	0.00927	0.00327	0.01193	0.00816	0.00724	0.01355
77	0.02575	0.01937	0.02329	0.01985	0.02280	0.02353	0.01617	0.14221	0.02639	0.04061	0.02475	0.03012	0.02009	0.01469	0.01823	0.00343	0.22977	0.00955	0.27702	0.01238
78	0.01538	0.01025	0.01153	0.01153	0.01153	0.01025	0.00641	0.01538	0.01538	0.02050	0.03331	0.06919	0.03844	0.62842	0.05382	0.01025	0.01025	0.01538	0.00641	0.00641
79	0.02345	0.02556	0.01929	0.01969	0.02223	0.23786	0.01403	0.02564	0.02410	0.02655	0.04162	0.38230	0.04757	0.02430	0.01192	0.00367	0.01127	0.02083	0.00808	0.01004
80	0.01306	0.00934	0.01243	0.01460	0.01538	0.00871	0.00983	0.01517	0.02108	0.02832	0.10120	0.57481	0.07250	0.03213	0.01341	0.00421	0.00604	0.02912	0.00997	0.00871
81	0.03522	0.01441	0.01807	0.01487	0.02053	0.01304	0.01195	0.03968	0.02670	0.33615	0.03853	0.03750	0.02658	0.01275	0.00920	0.00292	0.00720	0.01029	0.31001	0.01441
82	0.70310	0.02045	0.01554	0.01390	0.02045	0.02372	0.01145	0.03108	0.01799	0.04744	0.01472	0.01718	0.01145	0.00981	0.00654	0.00327	0.00818	0.00573	0.00654	0.01145
83	0.03229	0.16687	0.07260	0.01951	0.02885	0.02491	0.01777	0.12093	0.02857	0.15876	0.02418	0.02458	0.01779	0.01031	0.00886	0.00252	0.01014	0.00779	0.00802	0.21476
84	0.18430	0.03317	0.11564	0.06812	0.08933	0.10366	0.02314	0.18354	0.03080	0.04533	0.01968	0.02245	0.01477	0.01089	0.00942	0.00318	0.01278	0.00800	0.00702	0.01478
85	0.02496	0.02852	0.06239	0.04456	0.05526	0.02674	0.52406	0.03387	0.02496	0.03387	0.02139	0.02852	0.01604	0.00891	0.01248	0.00357	0.01783	0.01248	0.00535	0.01426
86	0.01805	0.01345	0.01547	0.01606	0.01860	0.01422	0.01157	0.02897	0.18109	0.03419	0.04994	0.35334	0.05179	0.02416	0.01172	0.00380	0.00663	0.02139	0.11427	0.01128
87	0.02078	0.02024	0.03222	0.02731	0.02956	0.02466	0.10952	0.02438	0.01928	0.02778	0.02810	0.15986	0.03003	0.02077	0.02457	0.00438	0.32603	0.05298	0.00628	0.01126
88	0.02827	0.63478	0.05540	0.01809	0.02714	0.04184	0.01809	0.03166	0.02148	0.02488	0.01470	0.01696	0.01357	0.00905	0.00678	0.00226	0.01131	0.00565	0.00452	0.01357
89	0.01288	0.00920	0.01227	0.01472	0.01534	0.00859	0.00981	0.01472	0.02024	0.02699	0.05828	0.62152	0.06993	0.03312	0.01350	0.00429	0.00613	0.03006	0.00981	0.00859
90	0.02313	0.02313	0.03238	0.02776	0.02776	0.03238	0.02313	0.02545	0.01619	0.02545	0.01388	0.02313	0.01388	0.01851	0.03470	0.00463	0.60907	0.00925	0.00463	0.01157
91	0.03794	0.02849	0.03046	0.02387	0.03193	0.03173	0.01955	0.45072	0.12988	0.06300	0.02825	0.02767	0.02030	0.01296	0.01061	0.00324	0.01110	0.00991	0.01061	0.01778
92	0.02820	0.02344	0.03781	0.16839	0.36345	0.02441	0.02908	0.07300	0.02616	0.09059	0.02235	0.02753	0.01727	0.01030	0.01051	0.00324	0.01244	0.00955	0.00636	0.01594
93	0.01331	0.00972	0.01252	0.01399	0.01533	0.00893	0.00967	0.01594	0.02280	0.03059	0.17463	0.44694	0.12679	0.02990	0.01316	0.00400	0.00580	0.02682	0.01022	0.00893
94	0.02144	0.02255	0.07484	0.11665	0.03705	0.02149	0.08820	0.03663	0.21474	0.03617	0.08096	0.08454	0.08734	0.01576	0.01140	0.00358	0.01048	0.01413	0.00841	0.01361
95	0.01288	0.00920	0.01227	0.01472	0.01534	0.00859	0.00981	0.01472	0.02024	0.02699	0.05828	0.62152	0.06993	0.03312	0.01350	0.00429	0.00613	0.03006	0.00981	0.00859
96	0.02866	0.53022	0.10024	0.01972	0.02931	0.03949	0.02016	0.07449	0.02399	0.02925	0.01601	0.01817	0.01393	0.00945	0.00741	0.00244	0.01173	0.00618	0.00504	0.01413
97	0.02233	0.02181	0.03024	0.02609	0.02609	0.03011	0.02141	0.02441	0.01611	0.02494	0.01588	0.02787	0.01640	0.08121	0.03666	0.00520	0.54750	0.00988	0.00481	0.01104
98	0.02164	0.03305	0.24100	0.02141	0.03328	0.01825	0.02307	0.02935	0.02208	0.03407	0.01886	0.02208	0.01476	0.00871	0.00871	0.00227	0.01093	0.00688	0.00555	0.42406
99	0.02515	0.04054	0.24660	0.17484	0.04744	0.14836	0.03045	0.03271	0.02290	0.02913	0.01769	0.02321	0.01368	0.01146	0.01326	0.00342	0.09282	0.00818	0.00476	0.01338
100	0.70310	0.02045	0.01554	0.01390	0.02045	0.02372	0.01145	0.03108	0.01799	0.04744	0.01472	0.01718	0.01145	0.00981	0.00654	0.00327	0.00818	0.00573	0.00654	0.01145
101	0.02525	0.03008	0.14913	0.02850	0.07639	0.02519	0.06634	0.07830	0.27212	0.04167	0.06849	0.03544	0.02917	0.01293	0.01083	0.00345	0.01111	0.01121	0.00852	0.01590
102	0.04100	0.02084	0.02539	0.02028	0.02793	0.02072	0.01649	0.11954	0.16466	0.36425	0.03976	0.03539	0.02659	0.01335	0.01066	0.00334	0.00921	0.01082	0.01214	0.01767
103	0.03291	0.28069	0.03896	0.02215	0.02901	0.27855	0.01857	0.07013	0.02794	0.02976	0.06285	0.02382	0.02132	0.01120	0.00875	0.00262	0.01421	0.00759	0.00597	0.01299
104	0.02496	0.02852	0.06239	0.04456	0.05526	0.02674	0.52406	0.03387	0.02496	0.03387	0.02139	0.02852	0.01604	0.00891	0.01248	0.00357	0.01783	0.01248	0.00535	0.01426
105	0.01408	0.01055	0.01469	0.07489	0.02135	0.01043	0.01186	0.01716	0.02251	0.03046	0.16629	0.43856	0.07090	0.02822	0.01296	0.00400	0.00670	0.02548	0.00970	0.00922
106	0.02313	0.02313	0.03238	0.02776	0.02776	0.03238	0.02313	0.02545	0.01619	0.02545	0.01388	0.02313	0.01388	0.01851	0.03470	0.00463	0.60907	0.00925	0.00463	0.01157
107	0.02553	0.02447	0.04176	0.12022	0.51212	0.02495	0.03213	0.03189	0.02377	0.03377	0.01978	0.02638	0.01647	0.00954	0.01048	0.00318	0.01272	0.00942	0.00518	0.01623
108	0.01971	0.00985	0.00985	0.00985	0.01232	0.00985	0.00739	0.02464	0.02217	0.03942	0.03449	0.03942	0.02710	0.01232	0.00739	0.00246	0.00493	0.00985	0.68712	0.00985
109	0.01250	0.01071	0.01071	0.01071	0.01428	0.00893	0.00803	0.01517	0.02410	0.02856	0.10711	0.10175	0.55817	0.02678	0.01250	0.00357	0.00536	0.02231	0.00982	0.00893
110	0.01496	0.01081	0.01413	0.01330	0.01580	0.00998	0.00998	0.01995	0.02993	0.04240	0.55689	0.07898	0.09976	0.02162	0.01247	0.00333	0.00499	0.01912	0.01164	0.00998
111	0.04147	0.02756	0.03046	0.02335	0.03177	0.02974	0.01929	0.44324	0.04628	0.15546	0.02827	0.02726	0.01943	0.01276	0.01059	0.00319	0.01117	0.00972	0.01102	0.01798
112	0.03482	0.02324	0.02985	0.02419	0.02881	0.02741	0.02007	0.16161	0.02900	0.19992	0.02520	0.02758	0.01863	0.01539	0.02128	0.00385	0.27557	0.00974	0.00870	0.01514
113	0.10295	0.02137	0.02545	0.01961	0.02780	0.02077	0.01617	0.17469	0.03373	0.34951	0.03325	0.03044	0.02189	0.01230	0.01004	0.00312	0.00954	0.00957	0.01133	0.06643
