[name]
unknown

[dist]
# distance from previous block
# <min> <max>
0	104

[block]
# block no. 0 follows, 13 sequences, length 50
# corresponding to MSA columns:
# 120-169
name=unknown_A
#
# <colnr> <probs for GDERKNQSTAVLIFYWHMCP>
#	G	D	E	R	K	N	Q	S	T	A	V	L	I	F	Y	W	H	M	C	P
0	0.01695	0.01604	0.06091	0.02186	0.06357	0.01388	0.01663	0.02317	0.06365	0.03053	0.04798	0.29997	0.05242	0.03060	0.05887	0.00524	0.01030	0.14786	0.00876	0.01081
1	0.04019	0.02962	0.03173	0.02433	0.03279	0.03279	0.02010	0.52721	0.04971	0.06663	0.02538	0.02538	0.01798	0.01269	0.01058	0.00317	0.01163	0.00952	0.01058	0.01798
2	0.03173	0.28642	0.04096	0.02452	0.07236	0.08862	0.01947	0.18766	0.03133	0.03910	0.02214	0.06890	0.01973	0.01233	0.00909	0.00283	0.01186	0.00925	0.00700	0.01469
3	0.03085	0.01801	0.02650	0.26635	0.04537	0.01925	0.02095	0.03839	0.06837	0.24446	0.08290	0.03720	0.02881	0.01296	0.01080	0.00341	0.01071	0.01105	0.00919	0.01445
4	0.01288	0.00920	0.01227	0.01472	0.01534	0.00859	0.00981	0.01472	0.02024	0.02699	0.05828	0.62152	0.06993	0.03312	0.01350	0.00429	0.00613	0.03006	0.00981	0.00859
5	0.03643	0.02841	0.03473	0.03521	0.17486	0.03073	0.02341	0.39450	0.04284	0.05803	0.02391	0.02559	0.01765	0.01181	0.01055	0.00316	0.01188	0.00949	0.00914	0.01765
6	0.01288	0.00920	0.01227	0.01472	0.01534	0.00859	0.00981	0.01472	0.02024	0.02699	0.05828	0.62152	0.06993	0.03312	0.01350	0.00429	0.00613	0.03006	0.00981	0.00859
7	0.03642	0.28549	0.08234	0.02025	0.02913	0.08366	0.01900	0.04074	0.02587	0.24209	0.02593	0.02516	0.01857	0.01091	0.00885	0.00280	0.01150	0.00792	0.00801	0.01536
8	0.03950	0.05039	0.02996	0.02724	0.03269	0.58597	0.02043	0.04222	0.02996	0.02588	0.01634	0.01907	0.01362	0.01090	0.00953	0.00272	0.01907	0.00681	0.00545	0.01226
9	0.01316	0.01074	0.01163	0.01141	0.01469	0.00921	0.00855	0.01646	0.02566	0.03227	0.22775	0.09565	0.43522	0.02539	0.01249	0.00350	0.00526	0.02146	0.01031	0.00921
10	0.01997	0.01879	0.03171	0.60301	0.07282	0.02349	0.02936	0.02701	0.02114	0.02701	0.01879	0.02819	0.01409	0.01057	0.01057	0.00352	0.01409	0.00940	0.00470	0.01175
11	0.03256	0.02717	0.04823	0.03510	0.04480	0.02662	0.30910	0.16937	0.03244	0.12632	0.02564	0.02884	0.01815	0.01058	0.01168	0.00341	0.01478	0.01139	0.00796	0.01584
12	0.03704	0.02805	0.02996	0.02369	0.03159	0.03132	0.01933	0.42041	0.16164	0.06155	0.02939	0.02857	0.02122	0.01307	0.01062	0.00327	0.01089	0.01007	0.01062	0.01770
13	0.01288	0.00920	0.01227	0.01472	0.01534	0.00859	0.00981	0.01472	0.02024	0.02699	0.05828	0.62152	0.06993	0.03312	0.01350	0.00429	0.00613	0.03006	0.00981	0.00859
14	0.01250	0.01071	0.01071	0.01071	0.01428	0.00893	0.00803	0.01517	0.02410	0.02856	0.10711	0.10175	0.55817	0.02678	0.01250	0.00357	0.00536	0.02231	0.00982	0.00893
15	0.01997	0.01879	0.03171	0.60301	0.07282	0.02349	0.02936	0.02701	0.02114	0.02701	0.01879	0.02819	0.01409	0.01057	0.01057	0.00352	0.01409	0.00940	0.00470	0.01175
16	0.02222	0.02414	0.05102	0.03780	0.04621	0.02262	0.40747	0.02953	0.02389	0.03231	0.02975	0.16297	0.02826	0.01440	0.01271	0.00373	0.01517	0.01646	0.00636	0.01297
17	0.02121	0.05469	0.57364	0.03014	0.04576	0.02455	0.03906	0.03348	0.02232	0.03348	0.01897	0.02232	0.01339	0.01005	0.01005	0.00335	0.01563	0.00781	0.00446	0.01563
18	0.02827	0.63478	0.05540	0.01809	0.02714	0.04184	0.01809	0.03166	0.02148	0.02488	0.01470	0.01696	0.01357	0.00905	0.00678	0.00226	0.01131	0.00565	0.00452	0.01357
19	0.03219	0.02564	0.02723	0.02271	0.02974	0.02905	0.01816	0.25603	0.33392	0.05374	0.03555	0.03348	0.02621	0.01364	0.01068	0.00341	0.00975	0.01092	0.01068	0.01726
20	0.01250	0.01071	0.01071	0.01071	0.01428	0.00893	0.00803	0.01517	0.02410	0.02856	0.10711	0.10175	0.55817	0.02678	0.01250	0.00357	0.00536	0.02231	0.00982	0.00893
21	0.01250	0.01071	0.01071	0.01071	0.01428	0.00893	0.00803	0.01517	0.02410	0.02856	0.10711	0.10175	0.55817	0.02678	0.01250	0.00357	0.00536	0.02231	0.00982	0.00893
22	0.01538	0.01025	0.01153	0.01153	0.01153	0.01025	0.00641	0.01538	0.01538	0.02050	0.03331	0.06919	0.03844	0.62842	0.05382	0.01025	0.01025	0.01538	0.00641	0.00641
23	0.26270	0.02334	0.02689	0.02102	0.02894	0.02463	0.05725	0.19322	0.03185	0.19249	0.02587	0.02574	0.01783	0.01153	0.00940	0.00326	0.01028	0.00879	0.00947	0.01549
24	0.01335	0.00940	0.01213	0.01412	0.01462	0.00890	0.00918	0.01484	0.01933	0.02578	0.05360	0.51813	0.06404	0.14456	0.02104	0.00541	0.00690	0.02731	0.00918	0.00818
25	0.01250	0.01071	0.01071	0.01071	0.01428	0.00893	0.00803	0.01517	0.02410	0.02856	0.10711	0.10175	0.55817	0.02678	0.01250	0.00357	0.00536	0.02231	0.00982	0.00893
26	0.02121	0.05469	0.57364	0.03014	0.04576	0.02455	0.03906	0.03348	0.02232	0.03348	0.01897	0.02232	0.01339	0.01005	0.01005	0.00335	0.01563	0.00781	0.00446	0.01563
27	0.01997	0.01879	0.03171	0.60301	0.07282	0.02349	0.02936	0.02701	0.02114	0.02701	0.01879	0.02819	0.01409	0.01057	0.01057	0.00352	0.01409	0.00940	0.00470	0.01175
28	0.04664	0.01927	0.02533	0.01942	0.02763	0.01743	0.01604	0.10378	0.03240	0.51452	0.03992	0.03482	0.02527	0.01304	0.01063	0.00326	0.00929	0.01051	0.01281	0.01799
29	0.02496	0.02852	0.06239	0.04456	0.05526	0.02674	0.52406	0.03387	0.02496	0.03387	0.02139	0.02852	0.01604	0.00891	0.01248	0.00357	0.01783	0.01248	0.00535	0.01426
30	0.01526	0.01071	0.01385	0.01385	0.01465	0.01151	0.00930	0.01686	0.01606	0.02222	0.03120	0.05746	0.03335	0.39544	0.27983	0.01311	0.01792	0.01366	0.00609	0.00769
31	0.03499	0.01911	0.02723	0.03016	0.16832	0.01821	0.01896	0.07742	0.02833	0.27796	0.03496	0.07848	0.02652	0.01353	0.01040	0.00321	0.00943	0.01163	0.09524	0.01590
32	0.01936	0.01495	0.02297	0.30625	0.04474	0.01671	0.01984	0.02437	0.02286	0.07220	0.09597	0.18026	0.08026	0.01858	0.01163	0.00367	0.01012	0.01645	0.00774	0.01108
33	0.03950	0.05039	0.02996	0.02724	0.03269	0.58597	0.02043	0.04222	0.02996	0.02588	0.01634	0.01907	0.01362	0.01090	0.00953	0.00272	0.01907	0.00681	0.00545	0.01226
34	0.02809	0.09136	0.09834	0.11432	0.03565	0.02348	0.02088	0.12056	0.07039	0.12071	0.03248	0.13891	0.02846	0.01563	0.01066	0.00341	0.01080	0.01307	0.00845	0.01434
35	0.03095	0.01922	0.02511	0.02213	0.08473	0.01579	0.01573	0.03561	0.02496	0.21396	0.02660	0.02711	0.01930	0.00977	0.00906	0.00231	0.00874	0.00808	0.00844	0.39242
36	0.01450	0.01079	0.01349	0.01282	0.01551	0.00978	0.00961	0.01906	0.02883	0.03980	0.47244	0.08325	0.18583	0.02258	0.01248	0.00337	0.00506	0.01972	0.01130	0.00978
37	0.01510	0.01133	0.01699	0.01699	0.01888	0.01322	0.01322	0.01888	0.01699	0.02454	0.02832	0.04154	0.02643	0.07930	0.58652	0.01699	0.02832	0.01133	0.00566	0.00944
38	0.02659	0.03123	0.16771	0.03279	0.09623	0.02419	0.13517	0.07774	0.12407	0.08087	0.07044	0.03326	0.02632	0.01193	0.01105	0.00340	0.01271	0.01107	0.00767	0.01557
39	0.02596	0.02552	0.08146	0.02693	0.11373	0.02124	0.01999	0.11247	0.08407	0.04065	0.02271	0.02512	0.01781	0.00980	0.00923	0.00247	0.01002	0.00807	0.00711	0.33561
40	0.18932	0.22482	0.07831	0.02030	0.02837	0.17936	0.01832	0.03401	0.02305	0.03212	0.01590	0.01851	0.01327	0.00969	0.00783	0.00264	0.01266	0.00622	0.00541	0.07990
41	0.21468	0.02046	0.02443	0.02173	0.06757	0.02030	0.01630	0.09700	0.02874	0.33772	0.03124	0.02919	0.02073	0.01191	0.00956	0.00325	0.00935	0.00915	0.01051	0.01620
42	0.01389	0.01087	0.01264	0.01249	0.01552	0.00962	0.00956	0.01771	0.02655	0.03458	0.29067	0.09365	0.32718	0.02482	0.01265	0.00357	0.00555	0.05847	0.01057	0.00943
43	0.02354	0.18612	0.08524	0.01773	0.02765	0.02250	0.01662	0.02864	0.02185	0.03181	0.01772	0.02064	0.01488	0.00837	0.00777	0.00193	0.00952	0.00625	0.00562	0.44558
44	0.01496	0.01081	0.01413	0.01330	0.01580	0.00998	0.00998	0.01995	0.02993	0.04240	0.55689	0.07898	0.09976	0.02162	0.01247	0.00333	0.00499	0.01912	0.01164	0.00998
45	0.02192	0.01879	0.02192	0.01566	0.02506	0.01409	0.01253	0.02662	0.02192	0.03445	0.01879	0.02192	0.01566	0.00783	0.00783	0.00157	0.00783	0.00626	0.00626	0.69305
46	0.41315	0.01595	0.01313	0.01219	0.01700	0.01784	0.00973	0.02835	0.01977	0.04404	0.02311	0.02661	0.01809	0.01088	0.00690	0.00293	0.00680	0.00748	0.29529	0.01077
47	0.01573	0.01050	0.01285	0.01285	0.01361	0.01102	0.00835	0.01724	0.01649	0.02347	0.03207	0.05874	0.03406	0.41849	0.19394	0.01131	0.01463	0.01373	0.07334	0.00757
48	0.08455	0.25394	0.03837	0.09493	0.03309	0.03151	0.01958	0.08207	0.02451	0.11747	0.02043	0.02322	0.01595	0.01178	0.01259	0.00312	0.10436	0.00787	0.00668	0.01399
49	0.02401	0.01870	0.02581	0.23197	0.04283	0.01771	0.01905	0.02950	0.02255	0.09052	0.02131	0.02577	0.01624	0.00942	0.00915	0.00247	0.01026	0.00790	0.00644	0.36840

[dist]
# distance from previous block
# <min> <max>
3	6

[block]
# block no. 1 follows, 13 sequences, length 45
# corresponding to MSA columns:
# 176-220
name=unknown_B
#
# <colnr> <probs for GDERKNQSTAVLIFYWHMCP>
#	G	D	E	R	K	N	Q	S	T	A	V	L	I	F	Y	W	H	M	C	P
0	0.04019	0.02962	0.03173	0.02433	0.03279	0.03279	0.02010	0.52721	0.04971	0.06663	0.02538	0.02538	0.01798	0.01269	0.01058	0.00317	0.01163	0.00952	0.01058	0.01798
1	0.01462	0.01044	0.01426	0.01671	0.01808	0.01009	0.01283	0.01772	0.02196	0.02893	0.05732	0.41159	0.06613	0.03149	0.01396	0.00453	0.00764	0.22284	0.00978	0.00907
2	0.01285	0.00934	0.01212	0.01434	0.01524	0.00862	0.00965	0.01477	0.02061	0.02714	0.06292	0.57209	0.11636	0.03252	0.01340	0.00423	0.00606	0.02932	0.00982	0.00862
3	0.02121	0.05469	0.57364	0.03014	0.04576	0.02455	0.03906	0.03348	0.02232	0.03348	0.01897	0.02232	0.01339	0.01005	0.01005	0.00335	0.01563	0.00781	0.00446	0.01563
4	0.01520	0.01097	0.01516	0.01516	0.01641	0.01222	0.01093	0.01770	0.01645	0.02318	0.03000	0.05084	0.03047	0.26397	0.40736	0.01472	0.02224	0.01269	0.00591	0.00842
5	0.01555	0.01129	0.01509	0.01646	0.01877	0.01084	0.01345	0.01986	0.02524	0.03357	0.19186	0.17336	0.11601	0.02752	0.01371	0.00427	0.00763	0.26568	0.01025	0.00958
6	0.01288	0.00920	0.01227	0.01472	0.01534	0.00859	0.00981	0.01472	0.02024	0.02699	0.05828	0.62152	0.06993	0.03312	0.01350	0.00429	0.00613	0.03006	0.00981	0.00859
7	0.01981	0.01783	0.02991	0.54375	0.06688	0.02205	0.02733	0.02568	0.02040	0.02614	0.01875	0.02859	0.01452	0.01320	0.01366	0.07280	0.01360	0.00937	0.00469	0.01103
8	0.02204	0.10025	0.49613	0.03015	0.04489	0.02612	0.07074	0.03336	0.02244	0.03281	0.01879	0.02231	0.01359	0.00989	0.00995	0.00327	0.01542	0.00796	0.00453	0.01536
9	0.02559	0.02260	0.02384	0.07611	0.03049	0.06789	0.01750	0.08579	0.29414	0.04195	0.11749	0.04709	0.04020	0.01571	0.01116	0.00352	0.00963	0.04501	0.00981	0.01449
10	0.02121	0.05469	0.57364	0.03014	0.04576	0.02455	0.03906	0.03348	0.02232	0.03348	0.01897	0.02232	0.01339	0.01005	0.01005	0.00335	0.01563	0.00781	0.00446	0.01563
11	0.02496	0.02852	0.06239	0.04456	0.05526	0.02674	0.52406	0.03387	0.02496	0.03387	0.02139	0.02852	0.01604	0.00891	0.01248	0.00357	0.01783	0.01248	0.00535	0.01426
12	0.01924	0.01437	0.01726	0.01714	0.02026	0.01467	0.01324	0.09953	0.06908	0.03759	0.12151	0.26712	0.10401	0.02562	0.01282	0.00398	0.00765	0.11356	0.01023	0.01113
13	0.13787	0.08085	0.03174	0.02451	0.02647	0.03183	0.02069	0.02698	0.01700	0.02909	0.01410	0.02154	0.01344	0.01615	0.02731	0.00417	0.45126	0.00832	0.00494	0.01174
14	0.63438	0.01938	0.01497	0.01350	0.01963	0.02232	0.01104	0.03043	0.01841	0.04663	0.01671	0.01941	0.01302	0.01007	0.00663	0.00319	0.00785	0.00614	0.07499	0.01129
15	0.02839	0.02482	0.03738	0.17965	0.30979	0.02675	0.02850	0.16065	0.03010	0.04119	0.02107	0.02643	0.01645	0.01054	0.01052	0.00324	0.01268	0.00944	0.00651	0.01590
16	0.01339	0.01075	0.01195	0.01165	0.01483	0.00931	0.00874	0.01690	0.02621	0.03357	0.27004	0.09350	0.39212	0.02491	0.01249	0.00348	0.00522	0.02116	0.01048	0.00931
17	0.01997	0.01879	0.03171	0.60301	0.07282	0.02349	0.02936	0.02701	0.02114	0.02701	0.01879	0.02819	0.01409	0.01057	0.01057	0.00352	0.01409	0.00940	0.00470	0.01175
18	0.01997	0.01879	0.03171	0.60301	0.07282	0.02349	0.02936	0.02701	0.02114	0.02701	0.01879	0.02819	0.01409	0.01057	0.01057	0.00352	0.01409	0.00940	0.00470	0.01175
19	0.01510	0.01133	0.01699	0.01699	0.01888	0.01322	0.01322	0.01888	0.01699	0.02454	0.02832	0.04154	0.02643	0.07930	0.58652	0.01699	0.02832	0.01133	0.00566	0.00944
20	0.02630	0.02271	0.02391	0.02152	0.02749	0.02630	0.01674	0.05618	0.54336	0.04423	0.04303	0.03945	0.03228	0.01434	0.01076	0.00359	0.00837	0.01195	0.01076	0.01674
21	0.04019	0.02962	0.03173	0.02433	0.03279	0.03279	0.02010	0.52721	0.04971	0.06663	0.02538	0.02538	0.01798	0.01269	0.01058	0.00317	0.01163	0.00952	0.01058	0.01798
22	0.02192	0.01879	0.02192	0.01566	0.02506	0.01409	0.01253	0.02662	0.02192	0.03445	0.01879	0.02192	0.01566	0.00783	0.00783	0.00157	0.00783	0.00626	0.00626	0.69305
23	0.02811	0.58702	0.05295	0.01836	0.02716	0.04062	0.01799	0.03357	0.06221	0.02639	0.01691	0.01872	0.01503	0.00946	0.00709	0.00236	0.01108	0.00615	0.00501	0.01382
24	0.02121	0.05469	0.57364	0.03014	0.04576	0.02455	0.03906	0.03348	0.02232	0.03348	0.01897	0.02232	0.01339	0.01005	0.01005	0.00335	0.01563	0.00781	0.00446	0.01563
25	0.02506	0.02645	0.03096	0.02694	0.02790	0.11484	0.02204	0.02753	0.01833	0.02545	0.01524	0.02378	0.01470	0.02152	0.06867	0.00519	0.48002	0.00903	0.00482	0.01153
26	0.04288	0.01814	0.02407	0.01825	0.02665	0.01528	0.01500	0.04708	0.02877	0.47417	0.03762	0.03348	0.02430	0.01215	0.01013	0.00297	0.00879	0.00985	0.01187	0.13857
27	0.01535	0.01035	0.01201	0.01201	0.01218	0.01051	0.00701	0.01568	0.01552	0.02086	0.03287	0.06676	0.03738	0.58008	0.10071	0.01084	0.01184	0.01502	0.00634	0.00667
28	0.01526	0.01070	0.01381	0.01381	0.01460	0.01149	0.00925	0.01684	0.01605	0.02219	0.03123	0.05763	0.03342	0.39891	0.27647	0.01307	0.01780	0.01368	0.00610	0.00767
29	0.02192	0.01879	0.02192	0.01566	0.02506	0.01409	0.01253	0.02662	0.02192	0.03445	0.01879	0.02192	0.01566	0.00783	0.00783	0.00157	0.00783	0.00626	0.00626	0.69305
30	0.02381	0.24972	0.34213	0.02578	0.03759	0.03125	0.03030	0.03205	0.02142	0.02973	0.01700	0.02057	0.01350	0.01055	0.01141	0.00311	0.07383	0.00722	0.00450	0.01451
31	0.03466	0.21033	0.14478	0.02230	0.03229	0.02963	0.02217	0.16724	0.03121	0.16992	0.02492	0.02487	0.01776	0.01119	0.00937	0.00296	0.01169	0.00831	0.00818	0.01621
32	0.01766	0.01437	0.02213	0.02020	0.02331	0.01394	0.09049	0.06964	0.02469	0.03324	0.08817	0.42741	0.05869	0.02642	0.01296	0.00399	0.00841	0.02442	0.00934	0.01052
33	0.02192	0.01879	0.02192	0.01566	0.02506	0.01409	0.01253	0.02662	0.02192	0.03445	0.01879	0.02192	0.01566	0.00783	0.00783	0.00157	0.00783	0.00626	0.00626	0.69305
34	0.02231	0.01840	0.02130	0.01667	0.02427	0.01566	0.01303	0.07073	0.05998	0.03671	0.02768	0.12418	0.02613	0.01296	0.00923	0.00230	0.00792	0.01094	0.00755	0.47206
35	0.01288	0.00920	0.01227	0.01472	0.01534	0.00859	0.00981	0.01472	0.02024	0.02699	0.05828	0.62152	0.06993	0.03312	0.01350	0.00429	0.00613	0.03006	0.00981	0.00859
36	0.01718	0.01124	0.01447	0.01362	0.01652	0.01020	0.01022	0.02159	0.02852	0.08271	0.42569	0.12552	0.13723	0.02245	0.01241	0.00343	0.00545	0.01971	0.01141	0.01040
37	0.01272	0.00983	0.01162	0.01305	0.01489	0.00873	0.00907	0.01491	0.02185	0.02765	0.07869	0.40428	0.27400	0.03047	0.01308	0.00399	0.00581	0.02682	0.00982	0.00873
38	0.08188	0.01894	0.02136	0.01551	0.02465	0.01494	0.01243	0.02702	0.02158	0.03560	0.01843	0.02151	0.01529	0.00800	0.00772	0.00172	0.00786	0.00622	0.00629	0.63306
39	0.02621	0.01866	0.02236	0.01619	0.02538	0.01434	0.01303	0.03081	0.02333	0.12440	0.02264	0.02429	0.01743	0.00871	0.00830	0.00185	0.00803	0.00700	0.00741	0.57963
40	0.01369	0.01109	0.01238	0.01302	0.01629	0.00978	0.01040	0.01695	0.02416	0.02937	0.09366	0.10636	0.42732	0.02742	0.01305	0.00391	0.00651	0.14572	0.00980	0.00914
41	0.03218	0.02775	0.03366	0.02688	0.03446	0.08038	0.11348	0.16321	0.24089	0.08437	0.03209	0.03182	0.02357	0.01250	0.01091	0.00338	0.01200	0.01088	0.00936	0.01623
42	0.01517	0.01106	0.01563	0.01563	0.01704	0.01247	0.01151	0.01800	0.01659	0.02353	0.02957	0.04845	0.02943	0.21655	0.45337	0.01531	0.02380	0.01234	0.00585	0.00868
43	0.08714	0.03098	0.19439	0.02757	0.11420	0.01994	0.02368	0.03006	0.02201	0.03540	0.01863	0.02225	0.01473	0.00895	0.00880	0.00252	0.01100	0.00718	0.00558	0.31500
44	0.03117	0.13148	0.14787	0.02944	0.03937	0.12420	0.13432	0.16395	0.03122	0.03963	0.02008	0.02311	0.01524	0.01048	0.01013	0.00308	0.01497	0.00878	0.00643	0.01506

[dist]
# distance from previous block
# <min> <max>
0	11

[block]
# block no. 2 follows, 13 sequences, length 6
# corresponding to MSA columns:
# 232-237
name=unknown_C
#
# <colnr> <probs for GDERKNQSTAVLIFYWHMCP>
#	G	D	E	R	K	N	Q	S	T	A	V	L	I	F	Y	W	H	M	C	P
0	0.01627	0.01231	0.01560	0.01375	0.01754	0.01075	0.01046	0.02121	0.02842	0.04090	0.45566	0.06825	0.08394	0.01902	0.01160	0.00299	0.00552	0.01670	0.01063	0.13848
1	0.01288	0.00920	0.01227	0.01472	0.01534	0.00859	0.00981	0.01472	0.02024	0.02699	0.05828	0.62152	0.06993	0.03312	0.01350	0.00429	0.00613	0.03006	0.00981	0.00859
2	0.03734	0.07849	0.03015	0.02179	0.02727	0.02378	0.01837	0.04076	0.02464	0.33259	0.02967	0.02980	0.02079	0.01455	0.01846	0.00364	0.21349	0.00969	0.00939	0.01538
3	0.02526	0.02440	0.07902	0.01872	0.02857	0.01862	0.01660	0.12055	0.02714	0.04035	0.02004	0.02261	0.01587	0.00896	0.00856	0.00204	0.00932	0.00703	0.00689	0.49945
4	0.02626	0.01194	0.01371	0.01227	0.01593	0.01132	0.00934	0.03049	0.02355	0.17084	0.03619	0.04144	0.02797	0.07228	0.01271	0.00342	0.00647	0.01059	0.45172	0.01157
5	0.04654	0.01943	0.02543	0.01950	0.02771	0.01768	0.01611	0.11052	0.03267	0.50739	0.03969	0.03467	0.02516	0.01304	0.01063	0.00326	0.00932	0.01049	0.01278	0.01799

[dist]
# distance from previous block
# <min> <max>
0	1

[block]
# block no. 3 follows, 13 sequences, length 111
# corresponding to MSA columns:
# 239-349
name=unknown_D
#
# <colnr> <probs for GDERKNQSTAVLIFYWHMCP>
#	G	D	E	R	K	N	Q	S	T	A	V	L	I	F	Y	W	H	M	C	P
0	0.12862	0.02336	0.06911	0.12121	0.07874	0.02203	0.02085	0.11963	0.02913	0.19715	0.06440	0.03142	0.02415	0.01221	0.01010	0.00330	0.01070	0.00983	0.00892	0.01516
1	0.01292	0.01073	0.01130	0.01115	0.01454	0.00911	0.00837	0.01599	0.02510	0.03093	0.18411	0.09786	0.47970	0.02589	0.01249	0.00353	0.00529	0.02177	0.01013	0.00911
2	0.03950	0.05039	0.02996	0.02724	0.03269	0.58597	0.02043	0.04222	0.02996	0.02588	0.01634	0.01907	0.01362	0.01090	0.00953	0.00272	0.01907	0.00681	0.00545	0.01226
3	0.01257	0.01043	0.01100	0.01145	0.01448	0.00886	0.00836	0.01509	0.02339	0.02827	0.09809	0.19772	0.46803	0.02795	0.01268	0.00370	0.00550	0.02374	0.00982	0.00886
4	0.03950	0.05039	0.02996	0.02724	0.03269	0.58597	0.02043	0.04222	0.02996	0.02588	0.01634	0.01907	0.01362	0.01090	0.00953	0.00272	0.01907	0.00681	0.00545	0.01226
5	0.09150	0.37595	0.09655	0.01954	0.02884	0.03364	0.01935	0.07572	0.02496	0.11668	0.02025	0.02119	0.01570	0.01015	0.00800	0.00269	0.01112	0.00697	0.00654	0.01464
6	0.02296	0.02136	0.03614	0.33419	0.13005	0.02380	0.10095	0.07740	0.02488	0.03303	0.02350	0.08038	0.02010	0.01238	0.01110	0.00351	0.01348	0.01171	0.00591	0.01316
7	0.01270	0.01072	0.01099	0.01092	0.01441	0.00901	0.00819	0.01557	0.02458	0.02970	0.14415	0.09988	0.52042	0.02635	0.01249	0.00355	0.00533	0.02205	0.00997	0.00901
8	0.01619	0.01208	0.01731	0.02133	0.06315	0.01185	0.01552	0.02001	0.02275	0.03010	0.05394	0.30396	0.06075	0.02911	0.01384	0.00451	0.00859	0.27575	0.00940	0.00986
9	0.02547	0.17391	0.16304	0.11155	0.09582	0.03003	0.10867	0.07228	0.02444	0.03297	0.01864	0.02358	0.01470	0.01039	0.01139	0.00320	0.05155	0.00868	0.00524	0.01444
10	0.01553	0.01125	0.01512	0.01668	0.01889	0.01083	0.01360	0.01973	0.02480	0.03291	0.16781	0.19829	0.10621	0.02809	0.01380	0.00434	0.00776	0.27465	0.01017	0.00953
11	0.01510	0.01133	0.01699	0.01699	0.01888	0.01322	0.01322	0.01888	0.01699	0.02454	0.02832	0.04154	0.02643	0.07930	0.58652	0.01699	0.02832	0.01133	0.00566	0.00944
12	0.01534	0.01135	0.01450	0.01489	0.01702	0.01102	0.01094	0.02134	0.07000	0.03651	0.30783	0.26710	0.08116	0.02548	0.01282	0.00378	0.00597	0.05209	0.01081	0.01005
13	0.02853	0.30293	0.18668	0.02557	0.03572	0.15293	0.06905	0.03461	0.02384	0.02815	0.01677	0.01985	0.01375	0.00969	0.00874	0.00276	0.01469	0.00708	0.00478	0.01389
14	0.02839	0.24170	0.08590	0.02453	0.03018	0.15866	0.02216	0.03201	0.02161	0.02603	0.01515	0.02004	0.01367	0.01284	0.01740	0.00328	0.22159	0.00735	0.00476	0.01275
15	0.01271	0.00986	0.01159	0.01297	0.01487	0.00874	0.00904	0.01492	0.02193	0.02768	0.07965	0.39407	0.28359	0.03035	0.01306	0.00398	0.00579	0.02667	0.00982	0.00874
16	0.01363	0.00975	0.01304	0.01497	0.01606	0.00916	0.01056	0.01627	0.02219	0.02990	0.13717	0.48553	0.07376	0.03091	0.01344	0.00420	0.00631	0.07414	0.01010	0.00892
17	0.02192	0.01879	0.02192	0.01566	0.02506	0.01409	0.01253	0.02662	0.02192	0.03445	0.01879	0.02192	0.01566	0.00783	0.00783	0.00157	0.00783	0.00626	0.00626	0.69305
18	0.27246	0.03403	0.24809	0.02172	0.03239	0.02221	0.02379	0.03672	0.02257	0.16038	0.02261	0.02358	0.01560	0.01065	0.00892	0.00330	0.01144	0.00770	0.00717	0.01466
19	0.01364	0.01052	0.01266	0.01404	0.01635	0.00953	0.01066	0.01652	0.02283	0.02871	0.07894	0.28394	0.27959	0.02950	0.01331	0.00411	0.00660	0.12976	0.00980	0.00899
20	0.02931	0.01680	0.01893	0.01656	0.02182	0.01753	0.01301	0.04346	0.22131	0.17727	0.03957	0.03855	0.02882	0.01328	0.00950	0.00310	0.00727	0.01085	0.25850	0.01454
21	0.03038	0.03560	0.25689	0.02927	0.04089	0.02240	0.13694	0.04060	0.06015	0.19806	0.02806	0.02900	0.01914	0.01101	0.01081	0.00339	0.01360	0.00998	0.00771	0.01612
22	0.12275	0.07496	0.06437	0.01758	0.02682	0.02020	0.01557	0.07046	0.02419	0.07567	0.02002	0.02212	0.01565	0.00914	0.00814	0.00225	0.00912	0.00682	0.00686	0.38732
23	0.70310	0.02045	0.01554	0.01390	0.02045	0.02372	0.01145	0.03108	0.01799	0.04744	0.01472	0.01718	0.01145	0.00981	0.00654	0.00327	0.00818	0.00573	0.00654	0.01145
24	0.02827	0.63478	0.05540	0.01809	0.02714	0.04184	0.01809	0.03166	0.02148	0.02488	0.01470	0.01696	0.01357	0.00905	0.00678	0.00226	0.01131	0.00565	0.00452	0.01357
25	0.02827	0.63478	0.05540	0.01809	0.02714	0.04184	0.01809	0.03166	0.02148	0.02488	0.01470	0.01696	0.01357	0.00905	0.00678	0.00226	0.01131	0.00565	0.00452	0.01357
26	0.15095	0.02643	0.02139	0.01948	0.02233	0.18992	0.01442	0.02808	0.02039	0.02794	0.02144	0.03661	0.02178	0.22380	0.02848	0.00573	0.11504	0.00997	0.00584	0.00998
27	0.03950	0.05039	0.02996	0.02724	0.03269	0.58597	0.02043	0.04222	0.02996	0.02588	0.01634	0.01907	0.01362	0.01090	0.00953	0.00272	0.01907	0.00681	0.00545	0.01226
28	0.01510	0.01133	0.01699	0.01699	0.01888	0.01322	0.01322	0.01888	0.01699	0.02454	0.02832	0.04154	0.02643	0.07930	0.58652	0.01699	0.02832	0.01133	0.00566	0.00944
29	0.70310	0.02045	0.01554	0.01390	0.02045	0.02372	0.01145	0.03108	0.01799	0.04744	0.01472	0.01718	0.01145	0.00981	0.00654	0.00327	0.00818	0.00573	0.00654	0.01145
30	0.04019	0.02962	0.03173	0.02433	0.03279	0.03279	0.02010	0.52721	0.04971	0.06663	0.02538	0.02538	0.01798	0.01269	0.01058	0.00317	0.01163	0.00952	0.01058	0.01798
31	0.04000	0.02132	0.02526	0.02000	0.02746	0.02154	0.01631	0.18931	0.10435	0.30429	0.03646	0.03365	0.02467	0.01307	0.01035	0.00321	0.00932	0.01041	0.07191	0.01710
32	0.19309	0.01935	0.02303	0.01810	0.02593	0.01856	0.01494	0.08002	0.02888	0.41839	0.03456	0.03106	0.02232	0.01233	0.00972	0.00326	0.00900	0.00946	0.01145	0.01653
33	0.01838	0.01392	0.01670	0.01757	0.02036	0.01473	0.01356	0.02931	0.17128	0.03415	0.05144	0.27373	0.05336	0.02507	0.01254	0.00410	0.00765	0.14809	0.06271	0.01133
34	0.02489	0.01894	0.01853	0.01760	0.02060	0.11101	0.01328	0.02812	0.02312	0.10627	0.03700	0.20106	0.03583	0.02528	0.06962	0.00476	0.05756	0.01533	0.16006	0.01115
35	0.02827	0.63478	0.05540	0.01809	0.02714	0.04184	0.01809	0.03166	0.02148	0.02488	0.01470	0.01696	0.01357	0.00905	0.00678	0.00226	0.01131	0.00565	0.00452	0.01357
36	0.01467	0.01058	0.01387	0.01350	0.01573	0.00978	0.00995	0.01921	0.02855	0.04020	0.48584	0.15629	0.09551	0.02326	0.01262	0.00346	0.00515	0.02068	0.01138	0.00978
37	0.02812	0.02377	0.02314	0.02051	0.02614	0.10522	0.01604	0.10619	0.15400	0.07766	0.03703	0.13467	0.03381	0.01719	0.01099	0.00335	0.01020	0.06057	0.00926	0.10215
38	0.02503	0.01537	0.01534	0.01395	0.01797	0.05341	0.01074	0.03166	0.07118	0.12296	0.08688	0.04698	0.08540	0.01475	0.00930	0.00289	0.00695	0.01198	0.34540	0.01186
39	0.01288	0.00920	0.01227	0.01472	0.01534	0.00859	0.00981	0.01472	0.02024	0.02699	0.05828	0.62152	0.06993	0.03312	0.01350	0.00429	0.00613	0.03006	0.00981	0.00859
40	0.02496	0.02852	0.06239	0.04456	0.05526	0.02674	0.52406	0.03387	0.02496	0.03387	0.02139	0.02852	0.01604	0.00891	0.01248	0.00357	0.01783	0.01248	0.00535	0.01426
41	0.03816	0.01770	0.02236	0.01841	0.02510	0.01686	0.01475	0.04761	0.13807	0.37600	0.04282	0.08437	0.03108	0.01492	0.01066	0.00336	0.00834	0.01243	0.06061	0.01638
42	0.01277	0.00964	0.01181	0.01354	0.01503	0.00869	0.00929	0.01485	0.02138	0.02745	0.07262	0.46882	0.21337	0.03126	0.01320	0.00408	0.00591	0.02778	0.00982	0.00869
43	0.04019	0.02962	0.03173	0.02433	0.03279	0.03279	0.02010	0.52721	0.04971	0.06663	0.02538	0.02538	0.01798	0.01269	0.01058	0.00317	0.01163	0.00952	0.01058	0.01798
44	0.02598	0.02409	0.03946	0.18168	0.40788	0.02541	0.03071	0.07343	0.02561	0.03560	0.02011	0.02655	0.01626	0.00996	0.01050	0.00323	0.01282	0.00942	0.00557	0.01574
45	0.01997	0.01879	0.03171	0.60301	0.07282	0.02349	0.02936	0.02701	0.02114	0.02701	0.01879	0.02819	0.01409	0.01057	0.01057	0.00352	0.01409	0.00940	0.00470	0.01175
46	0.01250	0.01071	0.01071	0.01071	0.01428	0.00893	0.00803	0.01517	0.02410	0.02856	0.10711	0.10175	0.55817	0.02678	0.01250	0.00357	0.00536	0.02231	0.00982	0.00893
47	0.02313	0.02313	0.03238	0.02776	0.02776	0.03238	0.02313	0.02545	0.01619	0.02545	0.01388	0.02313	0.01388	0.01851	0.03470	0.00463	0.60907	0.00925	0.00463	0.01157
48	0.01512	0.01125	0.01660	0.01660	0.01836	0.01301	0.01273	0.01863	0.01688	0.02426	0.02868	0.04350	0.02729	0.11836	0.54862	0.01651	0.02704	0.01162	0.00572	0.00922
49	0.70310	0.02045	0.01554	0.01390	0.02045	0.02372	0.01145	0.03108	0.01799	0.04744	0.01472	0.01718	0.01145	0.00981	0.00654	0.00327	0.00818	0.00573	0.00654	0.01145
50	0.02461	0.02290	0.03849	0.05712	0.46993	0.02290	0.02981	0.03064	0.02412	0.03405	0.02607	0.04211	0.02430	0.01281	0.01118	0.00344	0.01208	0.09191	0.00600	0.01555
51	0.01534	0.01040	0.01231	0.01231	0.01258	0.01067	0.00738	0.01588	0.01561	0.02108	0.03260	0.06525	0.03673	0.55018	0.12972	0.01121	0.01283	0.01480	0.00630	0.00684
52	0.01496	0.01081	0.01413	0.01330	0.01580	0.00998	0.00998	0.01995	0.02993	0.04240	0.55689	0.07898	0.09976	0.02162	0.01247	0.00333	0.00499	0.01912	0.01164	0.00998
53	0.04744	0.01799	0.02454	0.01881	0.02699	0.01554	0.01554	0.05153	0.03026	0.56979	0.04171	0.03599	0.02617	0.01309	0.01063	0.00327	0.00900	0.01063	0.01309	0.01799
54	0.02121	0.05469	0.57364	0.03014	0.04576	0.02455	0.03906	0.03348	0.02232	0.03348	0.01897	0.02232	0.01339	0.01005	0.01005	0.00335	0.01563	0.00781	0.00446	0.01563
55	0.04466	0.02245	0.02730	0.02093	0.02922	0.02216	0.01729	0.23409	0.03773	0.37668	0.03545	0.03192	0.02303	0.01294	0.01061	0.00323	0.01001	0.01021	0.01212	0.01799
56	0.02617	0.02512	0.04292	0.06490	0.56246	0.02512	0.03245	0.03245	0.02407	0.03454	0.01989	0.02617	0.01675	0.00942	0.01047	0.00314	0.01256	0.00942	0.00523	0.01675
57	0.01538	0.01025	0.01153	0.01153	0.01153	0.01025	0.00641	0.01538	0.01538	0.02050	0.03331	0.06919	0.03844	0.62842	0.05382	0.01025	0.01025	0.01538	0.00641	0.00641
58	0.01842	0.01734	0.03112	0.26538	0.04778	0.01868	0.12848	0.02394	0.02163	0.02848	0.03395	0.24770	0.03516	0.01856	0.01206	0.00382	0.01195	0.01770	0.00673	0.01112
59	0.04256	0.02120	0.02891	0.02764	0.11965	0.02012	0.01921	0.12936	0.03252	0.39238	0.03519	0.03250	0.02316	0.01239	0.01059	0.00323	0.01006	0.01024	0.01131	0.01778
60	0.02412	0.02532	0.04992	0.18042	0.19765	0.02554	0.27458	0.03188	0.02383	0.03245	0.02037	0.02780	0.01578	0.00944	0.01148	0.00344	0.01552	0.01093	0.00516	0.01435
61	0.02499	0.01943	0.02252	0.01700	0.02567	0.01644	0.01356	0.03421	0.11741	0.08378	0.02523	0.02636	0.01961	0.00948	0.00861	0.00208	0.00803	0.00769	0.00769	0.51020
62	0.08480	0.09355	0.39714	0.02791	0.04120	0.02531	0.07068	0.03464	0.02273	0.07823	0.02031	0.02304	0.01449	0.01011	0.00971	0.00326	0.01424	0.00805	0.00543	0.01518
63	0.02394	0.04862	0.47408	0.03262	0.09549	0.02384	0.03640	0.03492	0.02317	0.07933	0.02100	0.02387	0.01482	0.01024	0.01014	0.00332	0.01476	0.00821	0.00528	0.01594
64	0.01514	0.01118	0.01622	0.01622	0.01784	0.01280	0.01225	0.01838	0.01676	0.02397	0.02903	0.04546	0.02814	0.15725	0.51090	0.01604	0.02576	0.01190	0.00577	0.00901
65	0.07902	0.02364	0.02501	0.02136	0.02807	0.02665	0.01698	0.15335	0.36202	0.09004	0.03720	0.03463	0.02731	0.01358	0.01041	0.00345	0.00909	0.01089	0.01060	0.01672
66	0.02689	0.08486	0.27828	0.12709	0.04351	0.02306	0.02866	0.03523	0.02361	0.13954	0.02315	0.02564	0.01629	0.01048	0.00980	0.00312	0.01301	0.00835	0.00640	0.07303
67	0.01288	0.00920	0.01227	0.01472	0.01534	0.00859	0.00981	0.01472	0.02024	0.02699	0.05828	0.62152	0.06993	0.03312	0.01350	0.00429	0.00613	0.03006	0.00981	0.00859
68	0.01250	0.01071	0.01071	0.01071	0.01428	0.00893	0.00803	0.01517	0.02410	0.02856	0.10711	0.10175	0.55817	0.02678	0.01250	0.00357	0.00536	0.02231	0.00982	0.00893
69	0.02138	0.02008	0.03308	0.38948	0.16816	0.02389	0.02850	0.02763	0.02150	0.02879	0.02125	0.03391	0.01805	0.01248	0.01324	0.00365	0.07256	0.04457	0.00517	0.01264
70	0.03724	0.02088	0.03201	0.12820	0.11847	0.02048	0.06033	0.07780	0.02877	0.31750	0.03172	0.03181	0.02129	0.01175	0.01074	0.00331	0.01129	0.01030	0.00968	0.01644
71	0.11689	0.02613	0.07765	0.17479	0.05143	0.02595	0.25160	0.03094	0.02202	0.03320	0.01893	0.02595	0.01455	0.01047	0.01325	0.00361	0.07418	0.01018	0.00523	0.01307
72	0.02827	0.63478	0.05540	0.01809	0.02714	0.04184	0.01809	0.03166	0.02148	0.02488	0.01470	0.01696	0.01357	0.00905	0.00678	0.00226	0.01131	0.00565	0.00452	0.01357
73	0.15748	0.02047	0.02428	0.01896	0.02691	0.01998	0.01565	0.13229	0.03162	0.39200	0.03424	0.03092	0.02222	0.01246	0.00993	0.00325	0.00933	0.00960	0.01153	0.01688
74	0.08878	0.34794	0.17336	0.02143	0.03150	0.07820	0.02260	0.03433	0.02269	0.06808	0.01781	0.01981	0.01424	0.00980	0.00805	0.00272	0.01254	0.00663	0.00538	0.01409
75	0.53989	0.01984	0.01778	0.01513	0.02208	0.02168	0.01247	0.03617	0.02105	0.17746	0.02144	0.02186	0.01512	0.01063	0.00756	0.00327	0.00838	0.00695	0.00817	0.01308
76	0.01274	0.00976	0.01169	0.01323	0.01494	0.00871	0.00915	0.01489	0.02168	0.02758	0.07645	0.42805	0.25166	0.03076	0.01312	0.00402	0.00584	0.02718	0.00982	0.00871
77	0.01667	0.01191	0.01661	0.01905	0.02132	0.01185	0.01640	0.02127	0.02398	0.03123	0.05619	0.16388	0.06166	0.02956	0.01451	0.00482	0.00942	0.45033	0.00974	0.00963
78	0.03493	0.17441	0.10981	0.06528	0.03559	0.02584	0.06181	0.07452	0.02734	0.24710	0.02763	0.02761	0.01912	0.01115	0.00976	0.00307	0.01172	0.00903	0.00843	0.01584
79	0.01631	0.01007	0.01349	0.01513	0.01649	0.00928	0.01038	0.01838	0.02124	0.08092	0.05663	0.56335	0.06558	0.03113	0.01321	0.00419	0.00642	0.02813	0.01014	0.00952
80	0.01284	0.00935	0.01211	0.01432	0.01523	0.00862	0.00964	0.01477	0.02063	0.02715	0.06313	0.56988	0.11844	0.03249	0.01340	0.00422	0.00606	0.02929	0.00982	0.00862
81	0.02630	0.02271	0.02391	0.02152	0.02749	0.02630	0.01674	0.05618	0.54336	0.04423	0.04303	0.03945	0.03228	0.01434	0.01076	0.00359	0.00837	0.01195	0.01076	0.01674
82	0.02891	0.41569	0.04427	0.01998	0.02720	0.15936	0.01792	0.03221	0.02274	0.02505	0.01700	0.02092	0.01541	0.01943	0.08970	0.00446	0.01546	0.00672	0.00489	0.01269
83	0.02531	0.02806	0.12854	0.21444	0.16217	0.02394	0.14076	0.03317	0.02370	0.08509	0.02191	0.02766	0.01617	0.01012	0.01090	0.00340	0.01435	0.00995	0.00575	0.01461
84	0.03480	0.02480	0.13444	0.06184	0.03276	0.01725	0.02045	0.04089	0.02727	0.32505	0.08473	0.03575	0.02915	0.01269	0.01045	0.00316	0.01020	0.01045	0.01003	0.07385
85	0.01582	0.01232	0.01825	0.01597	0.01916	0.01141	0.05382	0.02114	0.02950	0.04167	0.51121	0.07468	0.09262	0.02053	0.01247	0.00335	0.00608	0.01855	0.01110	0.01034
86	0.02121	0.05469	0.57364	0.03014	0.04576	0.02455	0.03906	0.03348	0.02232	0.03348	0.01897	0.02232	0.01339	0.01005	0.01005	0.00335	0.01563	0.00781	0.00446	0.01563
87	0.02665	0.24210	0.03577	0.18512	0.03817	0.02624	0.01945	0.03095	0.02273	0.12234	0.02811	0.12704	0.02560	0.01432	0.00970	0.00315	0.01081	0.01178	0.00700	0.01298
88	0.02213	0.02100	0.03561	0.41560	0.24335	0.02406	0.03044	0.02891	0.02216	0.02964	0.01917	0.02749	0.01502	0.01017	0.01053	0.00339	0.01356	0.00940	0.00488	0.01349
89	0.01496	0.01081	0.01413	0.01330	0.01580	0.00998	0.00998	0.01995	0.02993	0.04240	0.55689	0.07898	0.09976	0.02162	0.01247	0.00333	0.00499	0.01912	0.01164	0.00998
90	0.01430	0.01078	0.01321	0.01260	0.01539	0.00969	0.00945	0.01866	0.02835	0.03866	0.43520	0.08514	0.22378	0.02301	0.01248	0.00339	0.00509	0.01999	0.01115	0.00969
91	0.02335	0.03891	0.32424	0.19361	0.05288	0.02374	0.08258	0.03314	0.02289	0.07510	0.02100	0.02571	0.01489	0.01033	0.01048	0.00341	0.01487	0.00896	0.00532	0.01458
92	0.01997	0.01879	0.03171	0.60301	0.07282	0.02349	0.02936	0.02701	0.02114	0.02701	0.01879	0.02819	0.01409	0.01057	0.01057	0.00352	0.01409	0.00940	0.00470	0.01175
93	0.01496	0.01081	0.01413	0.01330	0.01580	0.00998	0.00998	0.01995	0.02993	0.04240	0.55689	0.07898	0.09976	0.02162	0.01247	0.00333	0.00499	0.01912	0.01164	0.00998
94	0.02802	0.01947	0.02824	0.33210	0.05163	0.02219	0.02321	0.03944	0.13976	0.16211	0.02974	0.03258	0.02107	0.01202	0.01063	0.00348	0.01159	0.01027	0.00808	0.01437
95	0.02525	0.02801	0.02595	0.24139	0.04332	0.22523	0.02093	0.02946	0.02446	0.02673	0.03219	0.13270	0.06989	0.01593	0.01086	0.00337	0.01380	0.01309	0.00628	0.01115
96	0.02617	0.02512	0.04292	0.06490	0.56246	0.02512	0.03245	0.03245	0.02407	0.03454	0.01989	0.02617	0.01675	0.00942	0.01047	0.00314	0.01256	0.00942	0.00523	0.01675
97	0.04527	0.01751	0.02384	0.01844	0.02624	0.01517	0.01517	0.04942	0.03024	0.53454	0.07615	0.03886	0.03109	0.01366	0.01076	0.00328	0.00873	0.01120	0.01299	0.01746
98	0.04744	0.01799	0.02454	0.01881	0.02699	0.01554	0.01554	0.05153	0.03026	0.56979	0.04171	0.03599	0.02617	0.01309	0.01063	0.00327	0.00900	0.01063	0.01309	0.01799
99	0.02136	0.01788	0.01918	0.01762	0.02220	0.01960	0.01340	0.04046	0.33551	0.03927	0.12681	0.05852	0.13552	0.06730	0.01480	0.00409	0.00751	0.01509	0.01037	0.01355
100	0.01528	0.01065	0.01355	0.01355	0.01425	0.01135	0.00893	0.01667	0.01597	0.02200	0.03147	0.05896	0.03400	0.42517	0.25098	0.01275	0.01694	0.01388	0.00613	0.00753
101	0.70310	0.02045	0.01554	0.01390	0.02045	0.02372	0.01145	0.03108	0.01799	0.04744	0.01472	0.01718	0.01145	0.00981	0.00654	0.00327	0.00818	0.00573	0.00654	0.01145
102	0.02525	0.02680	0.05388	0.03935	0.04883	0.02583	0.41542	0.06841	0.06419	0.03641	0.02587	0.07129	0.02120	0.01129	0.01229	0.00359	0.01587	0.01348	0.00642	0.01430
103	0.02827	0.63478	0.05540	0.01809	0.02714	0.04184	0.01809	0.03166	0.02148	0.02488	0.01470	0.01696	0.01357	0.00905	0.00678	0.00226	0.01131	0.00565	0.00452	0.01357
104	0.01297	0.01047	0.01155	0.01183	0.01471	0.00904	0.00866	0.01589	0.02441	0.03059	0.17350	0.18695	0.39841	0.02701	0.01266	0.00365	0.00543	0.02311	0.01012	0.00904
105	0.15398	0.02979	0.07511	0.02397	0.03194	0.07297	0.05842	0.18825	0.17337	0.04833	0.02669	0.02722	0.01982	0.01196	0.00991	0.00331	0.01153	0.00936	0.00855	0.01550
106	0.08047	0.08010	0.29783	0.02376	0.03520	0.02335	0.02681	0.07567	0.02583	0.13719	0.03067	0.03114	0.06250	0.01217	0.00991	0.00326	0.01229	0.00941	0.00721	0.01522
107	0.08031	0.16817	0.11659	0.02241	0.03140	0.14078	0.02091	0.12040	0.02881	0.09008	0.02055	0.02197	0.01559	0.01055	0.00894	0.00279	0.01284	0.00743	0.00688	0.07262
108	0.23016	0.11164	0.02379	0.01654	0.02248	0.07209	0.01357	0.07042	0.02523	0.08375	0.07822	0.07994	0.10299	0.01535	0.00935	0.00319	0.00916	0.01173	0.00815	0.01225
109	0.08877	0.18384	0.03099	0.01748	0.02557	0.02453	0.01501	0.07213	0.06015	0.10860	0.06039	0.02752	0.02334	0.01082	0.00855	0.00252	0.00908	0.00818	0.00775	0.21478
110	0.08007	0.16683	0.06763	0.01716	0.02392	0.02227	0.01531	0.06327	0.02492	0.07110	0.12279	0.07843	0.03668	0.06173	0.01285	0.00343	0.00915	0.01149	0.00776	0.10321

[dist]
# distance from previous block
# <min> <max>
2	50

[block]
# block no. 4 follows, 13 sequences, length 37
# corresponding to MSA columns:
# 401-437
name=unknown_E
#
# <colnr> <probs for GDERKNQSTAVLIFYWHMCP>
#	G	D	E	R	K	N	Q	S	T	A	V	L	I	F	Y	W	H	M	C	P
0	0.26680	0.02159	0.06943	0.02118	0.06063	0.02025	0.01699	0.03303	0.02247	0.15984	0.06295	0.09190	0.02780	0.01463	0.01171	0.00350	0.06264	0.01110	0.00829	0.01327
1	0.11894	0.10933	0.08121	0.02071	0.02802	0.07368	0.01857	0.13812	0.02921	0.11475	0.02967	0.09598	0.02624	0.01513	0.01007	0.00333	0.01105	0.05355	0.00838	0.01406
2	0.06682	0.02476	0.10596	0.02269	0.03155	0.01881	0.11074	0.06228	0.02525	0.03724	0.07960	0.03906	0.09634	0.01262	0.01016	0.00284	0.01049	0.01115	0.00712	0.22451
3	0.03003	0.03128	0.10597	0.20890	0.09342	0.08215	0.02666	0.21401	0.03294	0.04303	0.02110	0.02529	0.01562	0.01121	0.01039	0.00326	0.01375	0.00898	0.00695	0.01506
4	0.01782	0.01134	0.01586	0.01614	0.01814	0.01178	0.01206	0.02078	0.01954	0.07856	0.04037	0.20834	0.04209	0.11530	0.27495	0.01058	0.01708	0.05163	0.00790	0.00974
5	0.02617	0.02512	0.04292	0.06490	0.56246	0.02512	0.03245	0.03245	0.02407	0.03454	0.01989	0.02617	0.01675	0.00942	0.01047	0.00314	0.01256	0.00942	0.00523	0.01675
6	0.01467	0.01058	0.01387	0.01350	0.01573	0.00978	0.00995	0.01921	0.02855	0.04021	0.48596	0.15616	0.09552	0.02325	0.01262	0.00346	0.00515	0.02068	0.01138	0.00978
7	0.03641	0.02508	0.07758	0.15832	0.04120	0.02357	0.02230	0.19209	0.03346	0.23826	0.02923	0.02964	0.01965	0.01210	0.01055	0.00331	0.01160	0.00974	0.00957	0.01631
8	0.02122	0.01788	0.02081	0.01522	0.02361	0.01368	0.01187	0.02542	0.02122	0.03296	0.02035	0.02698	0.01810	0.07422	0.01275	0.00250	0.00809	0.00724	0.00628	0.61960
9	0.02332	0.19541	0.39569	0.02857	0.04209	0.02904	0.08126	0.03307	0.02237	0.03140	0.01815	0.02160	0.01370	0.00969	0.00948	0.00310	0.01477	0.00774	0.00457	0.01498
10	0.02324	0.01506	0.02206	0.10175	0.10335	0.01473	0.01674	0.02766	0.02549	0.14278	0.16100	0.16846	0.09538	0.01944	0.01176	0.00353	0.00839	0.01720	0.00955	0.01244
11	0.01690	0.01115	0.01439	0.01363	0.01643	0.01014	0.01020	0.02128	0.02841	0.07806	0.42648	0.13587	0.13138	0.02268	0.01245	0.00345	0.00544	0.01995	0.01139	0.01032
12	0.22956	0.01868	0.02204	0.01745	0.02517	0.01781	0.01440	0.04585	0.02685	0.42469	0.03422	0.03076	0.02208	0.01218	0.00950	0.00327	0.00877	0.00927	0.01127	0.01618
13	0.02530	0.19548	0.20227	0.14535	0.04654	0.02868	0.10929	0.03301	0.02285	0.06763	0.01979	0.02406	0.01492	0.00991	0.00972	0.00312	0.01405	0.00852	0.00528	0.01423
14	0.01327	0.00969	0.01248	0.01400	0.01532	0.00891	0.00966	0.01584	0.02263	0.03030	0.16521	0.45524	0.12825	0.03010	0.01318	0.00402	0.00582	0.02700	0.01019	0.00891
15	0.01510	0.01133	0.01699	0.01699	0.01888	0.01322	0.01322	0.01888	0.01699	0.02454	0.02832	0.04154	0.02643	0.07930	0.58652	0.01699	0.02832	0.01133	0.00566	0.00944
16	0.02046	0.09521	0.21497	0.11788	0.08985	0.02266	0.02636	0.02752	0.02049	0.02863	0.02180	0.03119	0.01879	0.07872	0.13477	0.00671	0.01682	0.00939	0.00500	0.01280
17	0.02321	0.12814	0.15403	0.22959	0.13356	0.02737	0.09754	0.03089	0.02242	0.03012	0.01869	0.02489	0.01454	0.00981	0.01009	0.00323	0.01423	0.00889	0.00479	0.01397
18	0.01654	0.00966	0.01282	0.01282	0.01393	0.00910	0.00883	0.01421	0.01698	0.02154	0.04596	0.05379	0.18623	0.03364	0.03236	0.47818	0.00799	0.01327	0.00622	0.00594
19	0.01406	0.01077	0.01288	0.01235	0.01524	0.00959	0.00927	0.01821	0.02780	0.03734	0.39252	0.08730	0.26728	0.02350	0.01248	0.00341	0.00512	0.02029	0.01097	0.00959
20	0.01704	0.01217	0.01704	0.01947	0.02191	0.01217	0.01704	0.02191	0.02434	0.03164	0.05598	0.11926	0.06085	0.02921	0.01460	0.00487	0.00974	0.49130	0.00974	0.00974
21	0.02192	0.01879	0.02192	0.01566	0.02506	0.01409	0.01253	0.02662	0.02192	0.03445	0.01879	0.02192	0.01566	0.00783	0.00783	0.00157	0.00783	0.00626	0.00626	0.69305
22	0.01440	0.01029	0.01401	0.01646	0.01774	0.00990	0.01245	0.01735	0.02174	0.02869	0.05744	0.43798	0.06661	0.03169	0.01390	0.00450	0.00745	0.19861	0.00979	0.00901
23	0.02630	0.02271	0.02391	0.02152	0.02749	0.02630	0.01674	0.05618	0.54336	0.04423	0.04303	0.03945	0.03228	0.01434	0.01076	0.00359	0.00837	0.01195	0.01076	0.01674
24	0.02617	0.02512	0.04292	0.06490	0.56246	0.02512	0.03245	0.03245	0.02407	0.03454	0.01989	0.02617	0.01675	0.00942	0.01047	0.00314	0.01256	0.00942	0.00523	0.01675
