[name]
unknown

[dist]
# distance from previous block
# <min> <max>
0	105

[block]
# block no. 0 follows, 15 sequences, length 20
# corresponding to MSA columns:
# 126-145
name=unknown_A
#
# <colnr> <probs for GDERKNQSTAVLIFYWHMCP>
#	G	D	E	R	K	N	Q	S	T	A	V	L	I	F	Y	W	H	M	C	P
0	0.01669	0.01080	0.01380	0.01353	0.01573	0.01021	0.01018	0.02002	0.02349	0.07234	0.27421	0.07803	0.09490	0.17691	0.02166	0.00505	0.00711	0.11691	0.00940	0.00902
1	0.15984	0.01276	0.01369	0.01256	0.01629	0.01258	0.00952	0.02470	0.02210	0.12212	0.13994	0.09256	0.12419	0.08295	0.01385	0.00378	0.00653	0.01384	0.10593	0.01026
2	0.01584	0.01201	0.01482	0.01379	0.01668	0.01190	0.01044	0.02434	0.11577	0.04026	0.49459	0.06844	0.08377	0.01927	0.01150	0.00318	0.00522	0.01694	0.01084	0.01044
3	0.27455	0.02411	0.02162	0.01817	0.02443	0.13678	0.01462	0.03891	0.02380	0.26173	0.02443	0.02401	0.01693	0.01113	0.00967	0.00305	0.04260	0.00765	0.00836	0.01345
4	0.02149	0.01846	0.02104	0.01587	0.02408	0.01558	0.01260	0.03066	0.13010	0.03432	0.02228	0.02397	0.01789	0.00861	0.00793	0.00186	0.00748	0.00698	0.00675	0.57205
5	0.01401	0.01055	0.01334	0.01385	0.01604	0.00924	0.00954	0.01616	0.01909	0.02643	0.04591	0.47948	0.05370	0.06879	0.01426	0.00392	0.00637	0.02292	0.00837	0.14804
6	0.02415	0.52694	0.04448	0.01616	0.02345	0.03346	0.01553	0.02765	0.02184	0.02675	0.12719	0.02765	0.02900	0.01089	0.00747	0.00233	0.00947	0.00786	0.00560	0.01212
7	0.01873	0.01364	0.01653	0.01469	0.01806	0.01362	0.01130	0.12528	0.03139	0.04366	0.43919	0.09858	0.07700	0.01935	0.01146	0.00316	0.00602	0.01684	0.01067	0.01083
8	0.01759	0.01342	0.01505	0.01389	0.01745	0.01307	0.01056	0.12292	0.02815	0.03681	0.18754	0.17437	0.26607	0.02255	0.01158	0.00336	0.00628	0.01925	0.00979	0.01029
9	0.02388	0.02250	0.03652	0.05193	0.47503	0.02161	0.02685	0.02950	0.02229	0.03255	0.01855	0.02388	0.01559	0.00858	0.00937	0.00266	0.01095	0.00829	0.00513	0.15434
10	0.01835	0.01147	0.01270	0.01162	0.01585	0.00966	0.00899	0.02114	0.02388	0.14008	0.08869	0.08357	0.47201	0.02267	0.01143	0.00331	0.00573	0.01884	0.00987	0.01012
11	0.01883	0.01772	0.02990	0.62569	0.06866	0.02215	0.02769	0.02547	0.01993	0.02547	0.01772	0.02658	0.01329	0.00997	0.00997	0.00332	0.01329	0.00886	0.00443	0.01107
12	0.01412	0.00971	0.01196	0.01299	0.01355	0.00955	0.00866	0.01539	0.01722	0.02283	0.04157	0.23221	0.04805	0.37216	0.03390	0.00724	0.00851	0.10576	0.00747	0.00715
13	0.02353	0.02689	0.05882	0.04202	0.05210	0.02521	0.55126	0.03193	0.02353	0.03193	0.02017	0.02689	0.01513	0.00840	0.01176	0.00336	0.01681	0.01176	0.00504	0.01345
14	0.01387	0.01018	0.01299	0.01229	0.01474	0.00930	0.00921	0.01834	0.02764	0.03861	0.53191	0.07671	0.14521	0.02089	0.01176	0.00316	0.00474	0.01834	0.01079	0.00930
15	0.02353	0.02689	0.05882	0.04202	0.05210	0.02521	0.55126	0.03193	0.02353	0.03193	0.02017	0.02689	0.01513	0.00840	0.01176	0.00336	0.01681	0.01176	0.00504	0.01345
16	0.01378	0.01050	0.01488	0.01860	0.07443	0.00995	0.01151	0.01645	0.02099	0.02862	0.13919	0.48355	0.06539	0.02708	0.01226	0.00378	0.00624	0.02458	0.00909	0.00912
17	0.01999	0.05157	0.59800	0.02841	0.04315	0.02315	0.03683	0.03157	0.02105	0.03157	0.01789	0.02105	0.01263	0.00947	0.00947	0.00316	0.01473	0.00737	0.00421	0.01473
18	0.02223	0.02329	0.06396	0.05760	0.02879	0.07693	0.01546	0.02713	0.02144	0.03111	0.01749	0.02081	0.01431	0.00801	0.00787	0.00184	0.00942	0.00626	0.00560	0.54043
19	0.06248	0.01122	0.01321	0.01256	0.01574	0.01056	0.00957	0.01976	0.02383	0.07350	0.25353	0.10318	0.24121	0.02701	0.07387	0.00461	0.00766	0.01744	0.00948	0.00958

[dist]
# distance from previous block
# <min> <max>
0	15

[block]
# block no. 1 follows, 15 sequences, length 22
# corresponding to MSA columns:
# 161-182
name=unknown_B
#
# <colnr> <probs for GDERKNQSTAVLIFYWHMCP>
#	G	D	E	R	K	N	Q	S	T	A	V	L	I	F	Y	W	H	M	C	P
0	0.12861	0.01910	0.02622	0.08041	0.10167	0.01978	0.05518	0.06980	0.08402	0.17014	0.05829	0.06705	0.02722	0.01319	0.00998	0.00326	0.00963	0.03420	0.00848	0.01378
1	0.21378	0.02269	0.02349	0.10961	0.03166	0.08563	0.04173	0.07628	0.13308	0.07468	0.02971	0.03082	0.06278	0.01198	0.00911	0.00315	0.01022	0.00935	0.00749	0.01275
2	0.23090	0.02353	0.02441	0.01924	0.02667	0.02560	0.01589	0.31613	0.03518	0.15290	0.02386	0.02355	0.01661	0.01127	0.00891	0.00303	0.00961	0.00816	0.00933	0.01522
3	0.02429	0.02344	0.03914	0.05653	0.51270	0.02460	0.02942	0.02972	0.02171	0.03143	0.01800	0.02429	0.01543	0.01002	0.01291	0.00315	0.09437	0.00886	0.00486	0.01514
4	0.01424	0.01068	0.01602	0.01602	0.01780	0.01246	0.01246	0.01780	0.01602	0.02314	0.02670	0.03916	0.02492	0.07477	0.61015	0.01602	0.02670	0.01068	0.00534	0.00890
5	0.02310	0.02062	0.02655	0.19492	0.09877	0.02393	0.02073	0.04282	0.35573	0.03615	0.03178	0.03285	0.02403	0.01202	0.01006	0.00332	0.00984	0.01033	0.00797	0.01446
6	0.53388	0.02164	0.01882	0.01579	0.02245	0.02470	0.01302	0.17257	0.02513	0.04967	0.01662	0.01831	0.01248	0.00999	0.00721	0.00306	0.00860	0.00637	0.00721	0.01248
7	0.01682	0.01066	0.01310	0.01347	0.01570	0.00985	0.00991	0.01910	0.02069	0.08687	0.05920	0.21327	0.18409	0.16650	0.02096	0.00514	0.00737	0.10960	0.00885	0.00887
8	0.02474	0.01694	0.02368	0.25935	0.04044	0.01888	0.01878	0.03451	0.13833	0.14894	0.06856	0.03796	0.02753	0.08126	0.01456	0.00396	0.01013	0.01088	0.00794	0.01265
9	0.02508	0.07593	0.05101	0.03565	0.04390	0.02774	0.37357	0.08719	0.02459	0.03344	0.01904	0.02496	0.01484	0.01013	0.01423	0.00337	0.10602	0.01051	0.00541	0.01340
10	0.04119	0.01593	0.02126	0.01659	0.02358	0.01393	0.01361	0.04515	0.02750	0.51901	0.03841	0.03437	0.02480	0.01224	0.00961	0.00298	0.00796	0.00993	0.10601	0.01593
11	0.02095	0.01205	0.01550	0.01534	0.01844	0.01136	0.01159	0.02582	0.06600	0.15533	0.08904	0.31989	0.09631	0.02401	0.01189	0.00372	0.00679	0.07493	0.01012	0.01091
12	0.02530	0.01643	0.02161	0.14506	0.03181	0.01757	0.01630	0.03657	0.17850	0.16925	0.13384	0.09421	0.03998	0.01528	0.01059	0.00331	0.00841	0.01318	0.00954	0.01326
13	0.02655	0.02102	0.02259	0.02006	0.02588	0.02390	0.01568	0.05259	0.52183	0.09036	0.04047	0.03691	0.02992	0.01342	0.01013	0.00336	0.00794	0.01116	0.01034	0.01588
14	0.01212	0.01011	0.01057	0.01046	0.01367	0.00856	0.00784	0.01496	0.02353	0.02884	0.17126	0.09280	0.51196	0.02454	0.01178	0.00333	0.00500	0.02060	0.00951	0.00856
15	0.07903	0.01124	0.01383	0.01344	0.01603	0.01075	0.00983	0.02123	0.02367	0.09482	0.28184	0.23172	0.06712	0.06322	0.01393	0.00382	0.00602	0.01885	0.00987	0.00974
16	0.02071	0.01964	0.03330	0.44413	0.23553	0.02264	0.02862	0.02712	0.02082	0.02775	0.01805	0.02597	0.01409	0.00962	0.00994	0.00321	0.01282	0.00887	0.00459	0.01259
17	0.01999	0.05157	0.59800	0.02841	0.04315	0.02315	0.03683	0.03157	0.02105	0.03157	0.01789	0.02105	0.01263	0.00947	0.00947	0.00316	0.01473	0.00737	0.00421	0.01473
18	0.01999	0.05157	0.59800	0.02841	0.04315	0.02315	0.03683	0.03157	0.02105	0.03157	0.01789	0.02105	0.01263	0.00947	0.00947	0.00316	0.01473	0.00737	0.00421	0.01473
19	0.72007	0.01928	0.01465	0.01311	0.01928	0.02236	0.01080	0.02930	0.01697	0.04473	0.01388	0.01619	0.01080	0.00925	0.00617	0.00308	0.00771	0.00540	0.00617	0.01080
20	0.07276	0.01157	0.01306	0.01241	0.01599	0.01051	0.00939	0.02096	0.02351	0.10861	0.16594	0.16064	0.29351	0.02224	0.01124	0.00337	0.00578	0.01885	0.00975	0.00991
21	0.02138	0.02115	0.03762	0.32009	0.12770	0.02287	0.16010	0.02999	0.06527	0.02974	0.02031	0.02694	0.01554	0.00957	0.01029	0.00319	0.01325	0.00964	0.00519	0.05017

[dist]
# distance from previous block
# <min> <max>
2	4

[block]
# block no. 2 follows, 15 sequences, length 33
# corresponding to MSA columns:
# 187-219
name=unknown_C
#
# <colnr> <probs for GDERKNQSTAVLIFYWHMCP>
#	G	D	E	R	K	N	Q	S	T	A	V	L	I	F	Y	W	H	M	C	P
0	0.02972	0.01680	0.02558	0.31744	0.04572	0.01799	0.02046	0.03467	0.02326	0.27128	0.02808	0.03260	0.01990	0.05791	0.01298	0.00368	0.01094	0.00978	0.00797	0.01326
1	0.66862	0.01855	0.01426	0.01283	0.01872	0.02140	0.01052	0.02886	0.01725	0.04417	0.01525	0.01773	0.01188	0.00943	0.00623	0.00303	0.00749	0.00568	0.05742	0.01069
2	0.02590	0.02196	0.02316	0.02051	0.02634	0.02531	0.01605	0.09508	0.52556	0.04348	0.03918	0.03608	0.02930	0.01339	0.01013	0.00335	0.00815	0.01108	0.01013	0.01588
3	0.01602	0.01059	0.01347	0.01269	0.01548	0.00956	0.00953	0.02008	0.02664	0.08086	0.42122	0.12229	0.16094	0.02140	0.01170	0.00324	0.00515	0.01872	0.01068	0.00975
4	0.02067	0.01772	0.02067	0.01477	0.02362	0.01329	0.01181	0.02510	0.02067	0.03248	0.01772	0.02067	0.01477	0.00738	0.00738	0.00148	0.00738	0.00591	0.00591	0.71059
5	0.42774	0.01828	0.01832	0.01511	0.02195	0.01903	0.01247	0.03765	0.02197	0.28265	0.02490	0.02387	0.01680	0.01059	0.00784	0.00308	0.00805	0.00740	0.00884	0.01347
6	0.01593	0.01473	0.02728	0.02324	0.02698	0.01379	0.18947	0.01988	0.02056	0.02760	0.04338	0.43824	0.04904	0.02364	0.01241	0.00382	0.00945	0.02283	0.00785	0.00988
7	0.01375	0.00912	0.01149	0.01314	0.01405	0.00875	0.00902	0.01593	0.01907	0.02678	0.04826	0.43253	0.05519	0.10908	0.01692	0.00456	0.00639	0.06275	0.11512	0.00810
8	0.01238	0.00884	0.01183	0.01414	0.01482	0.00830	0.00965	0.01428	0.01931	0.02571	0.05482	0.61200	0.06543	0.03102	0.01279	0.00408	0.00598	0.05722	0.00925	0.00816
9	0.02377	0.01699	0.01965	0.01758	0.02117	0.01884	0.01323	0.12036	0.24028	0.03472	0.02770	0.03197	0.02248	0.02240	0.02259	0.30917	0.00874	0.00975	0.00760	0.01102
10	0.01375	0.01018	0.01283	0.01217	0.01468	0.00925	0.00913	0.01812	0.02738	0.03798	0.50869	0.07775	0.16883	0.02112	0.01176	0.00317	0.00476	0.01849	0.01071	0.00925
11	0.02067	0.01772	0.02067	0.01477	0.02362	0.01329	0.01181	0.02510	0.02067	0.03248	0.01772	0.02067	0.01477	0.00738	0.00738	0.00148	0.00738	0.00591	0.00591	0.71059
12	0.01424	0.01068	0.01602	0.01602	0.01780	0.01246	0.01246	0.01780	0.01602	0.02314	0.02670	0.03916	0.02492	0.07477	0.61015	0.01602	0.02670	0.01068	0.00534	0.00890
13	0.02480	0.02141	0.02254	0.02029	0.02592	0.02480	0.01578	0.05297	0.56946	0.04170	0.04057	0.03719	0.03043	0.01352	0.01014	0.00338	0.00789	0.01127	0.01014	0.01578
14	0.14790	0.01732	0.02184	0.01703	0.02451	0.01583	0.01406	0.04564	0.02677	0.51040	0.03544	0.03122	0.02256	0.01187	0.00944	0.00308	0.00836	0.00932	0.01140	0.01602
15	0.01828	0.01130	0.01359	0.01236	0.01606	0.00986	0.00950	0.02189	0.02589	0.12801	0.28217	0.07691	0.29417	0.02113	0.01148	0.00323	0.00549	0.01798	0.01046	0.01025
16	0.02353	0.02689	0.05882	0.04202	0.05210	0.02521	0.55126	0.03193	0.02353	0.03193	0.02017	0.02689	0.01513	0.00840	0.01176	0.00336	0.01681	0.01176	0.00504	0.01345
17	0.01450	0.00966	0.01087	0.01087	0.01087	0.00966	0.00604	0.01450	0.01450	0.01933	0.03141	0.06524	0.03624	0.64965	0.05074	0.00966	0.00966	0.01450	0.00604	0.00604
18	0.13009	0.01468	0.01680	0.01477	0.01914	0.01487	0.01142	0.03156	0.10839	0.15605	0.25111	0.05052	0.05205	0.06941	0.01360	0.00371	0.00687	0.01308	0.00998	0.01190
19	0.03449	0.01711	0.02172	0.01823	0.02442	0.01655	0.01497	0.07638	0.11786	0.34365	0.07822	0.04861	0.03492	0.01539	0.01073	0.00336	0.00839	0.08868	0.01124	0.01506
20	0.01231	0.00880	0.01172	0.01377	0.01450	0.00821	0.00927	0.01430	0.01986	0.02668	0.09975	0.59482	0.06832	0.03031	0.01264	0.00397	0.00569	0.02746	0.00940	0.00821
21	0.17297	0.02910	0.04029	0.08132	0.04185	0.15417	0.27521	0.03259	0.02289	0.03241	0.01758	0.02263	0.01355	0.00913	0.00982	0.00312	0.01485	0.00899	0.00525	0.01227
22	0.02563	0.02706	0.11922	0.03551	0.08102	0.02196	0.32258	0.03329	0.02428	0.11850	0.06740	0.03083	0.02258	0.01013	0.01107	0.00325	0.01396	0.01122	0.00651	0.01399
23	0.01731	0.01104	0.01254	0.01217	0.01406	0.01107	0.00850	0.06370	0.02233	0.03306	0.13162	0.14305	0.04604	0.19489	0.02121	0.00484	0.00677	0.01517	0.22177	0.00887
24	0.02490	0.02647	0.03276	0.31300	0.21914	0.15910	0.02662	0.03037	0.02271	0.02740	0.01750	0.02400	0.01395	0.00970	0.00971	0.00304	0.01393	0.00830	0.00475	0.01263
25	0.02817	0.10821	0.11096	0.06853	0.07376	0.02621	0.13456	0.11421	0.06636	0.10752	0.02301	0.02555	0.01696	0.01053	0.01089	0.00310	0.04092	0.00917	0.00682	0.01456
26	0.02695	0.01547	0.01961	0.05674	0.02408	0.01548	0.01361	0.10974	0.05368	0.19764	0.09913	0.19674	0.04224	0.06471	0.01390	0.00384	0.00812	0.01581	0.00994	0.01258
27	0.04368	0.01864	0.02417	0.01853	0.02628	0.01714	0.01531	0.12583	0.03133	0.51316	0.03698	0.03240	0.02350	0.01228	0.01002	0.00307	0.00886	0.00986	0.01198	0.01696
28	0.03061	0.01795	0.02676	0.16184	0.12336	0.01850	0.02006	0.06876	0.02495	0.25519	0.02826	0.03095	0.02024	0.02077	0.10167	0.00509	0.01304	0.00961	0.00816	0.01422
29	0.02846	0.02588	0.10714	0.19945	0.04352	0.04884	0.07058	0.13397	0.02809	0.14025	0.05620	0.02913	0.02090	0.01121	0.01013	0.00315	0.01217	0.00958	0.00741	0.01394
30	0.02351	0.01400	0.02025	0.10763	0.02709	0.01516	0.01525	0.02629	0.02032	0.17296	0.03360	0.19034	0.03175	0.02725	0.09131	0.06522	0.08481	0.01443	0.00785	0.01097
31	0.51162	0.02541	0.10383	0.01689	0.02461	0.02379	0.01592	0.10984	0.02214	0.04553	0.01601	0.01810	0.01201	0.00970	0.00724	0.00308	0.00925	0.00624	0.00646	0.01232
32	0.01885	0.01504	0.02198	0.14862	0.03132	0.01622	0.05026	0.10081	0.02402	0.03223	0.08053	0.24687	0.04040	0.02513	0.06303	0.03910	0.01071	0.01679	0.00763	0.01043

[dist]
# distance from previous block
# <min> <max>
1	8

[block]
# block no. 3 follows, 15 sequences, length 38
# corresponding to MSA columns:
# 228-265
name=unknown_D
#
# <colnr> <probs for GDERKNQSTAVLIFYWHMCP>
#	G	D	E	R	K	N	Q	S	T	A	V	L	I	F	Y	W	H	M	C	P
0	0.02813	0.02170	0.02308	0.06814	0.02791	0.07718	0.01602	0.14074	0.19974	0.08382	0.02772	0.03004	0.02127	0.01721	0.01639	0.16046	0.01012	0.00947	0.00806	0.01278
1	0.09055	0.02104	0.02736	0.02156	0.02789	0.02222	0.07426	0.16417	0.08069	0.20122	0.02854	0.03159	0.02130	0.07408	0.01570	0.00386	0.06060	0.01002	0.00897	0.01439
2	0.02315	0.01818	0.02077	0.01645	0.02302	0.01663	0.01281	0.15797	0.02670	0.03815	0.02692	0.13701	0.02596	0.05389	0.01178	0.00285	0.00816	0.01130	0.00756	0.36073
3	0.02575	0.01655	0.01801	0.01597	0.02075	0.06945	0.01211	0.02872	0.02343	0.19812	0.04476	0.24578	0.08944	0.01907	0.01059	0.00313	0.00797	0.01636	0.00924	0.12477
4	0.01897	0.01423	0.01543	0.01459	0.01740	0.06815	0.01104	0.02238	0.02586	0.07949	0.34742	0.10201	0.09614	0.02124	0.01366	0.05841	0.00697	0.04723	0.00969	0.00968
5	0.09128	0.02716	0.02698	0.02111	0.02874	0.08331	0.01720	0.36435	0.03834	0.09579	0.02282	0.02315	0.01642	0.01111	0.00929	0.00280	0.01080	0.00818	0.00893	0.09223
6	0.01415	0.00952	0.01098	0.01132	0.01141	0.00943	0.00652	0.01441	0.01518	0.02024	0.03492	0.15140	0.04067	0.55745	0.04507	0.00883	0.00909	0.01656	0.00652	0.00635
7	0.05565	0.01271	0.01575	0.01420	0.01795	0.01194	0.01089	0.05163	0.02677	0.15472	0.28757	0.15290	0.10796	0.01985	0.01119	0.00328	0.00617	0.01716	0.01056	0.01116
8	0.24167	0.02299	0.02283	0.01856	0.02503	0.02575	0.01496	0.30164	0.07709	0.05138	0.02296	0.02668	0.01805	0.07330	0.01280	0.00370	0.00960	0.00861	0.00845	0.01393
9	0.72007	0.01928	0.01465	0.01311	0.01928	0.02236	0.01080	0.02930	0.01697	0.04473	0.01388	0.01619	0.01080	0.00925	0.00617	0.00308	0.00771	0.00540	0.00617	0.01080
10	0.04473	0.01697	0.02313	0.01774	0.02545	0.01465	0.01465	0.04858	0.02853	0.59437	0.03933	0.03393	0.02468	0.01234	0.01003	0.00308	0.00848	0.01003	0.01234	0.01697
11	0.01763	0.01075	0.01366	0.01322	0.01606	0.00962	0.00979	0.02096	0.02465	0.11522	0.26219	0.23252	0.16906	0.02317	0.01178	0.00343	0.00563	0.02032	0.01036	0.00997
12	0.04417	0.01786	0.02369	0.01816	0.02589	0.01597	0.01500	0.08965	0.03002	0.55120	0.03808	0.03312	0.02405	0.01231	0.01002	0.00308	0.00868	0.00994	0.01215	0.01696
13	0.72007	0.01928	0.01465	0.01311	0.01928	0.02236	0.01080	0.02930	0.01697	0.04473	0.01388	0.01619	0.01080	0.00925	0.00617	0.00308	0.00771	0.00540	0.00617	0.01080
14	0.04006	0.01751	0.02233	0.01757	0.02462	0.01632	0.01437	0.08884	0.07280	0.45230	0.03749	0.03367	0.02458	0.01233	0.00974	0.00303	0.00828	0.00997	0.07807	0.01614
15	0.03601	0.01742	0.02196	0.01770	0.02422	0.01667	0.01431	0.08386	0.11580	0.37418	0.12739	0.04032	0.03637	0.01382	0.01032	0.00313	0.00796	0.01145	0.01158	0.01554
16	0.16403	0.01737	0.02164	0.01692	0.02436	0.01601	0.01397	0.04518	0.02649	0.49727	0.03483	0.03080	0.02222	0.01179	0.00934	0.00308	0.00835	0.00921	0.01125	0.01588
17	0.02480	0.02141	0.02254	0.02029	0.02592	0.02480	0.01578	0.05297	0.56946	0.04170	0.04057	0.03719	0.03043	0.01352	0.01014	0.00338	0.00789	0.01127	0.01014	0.01578
18	0.01400	0.01026	0.01318	0.01265	0.01510	0.00943	0.00962	0.01849	0.02738	0.03813	0.50502	0.07876	0.13860	0.02127	0.01188	0.00324	0.00500	0.04798	0.01070	0.00930
19	0.03942	0.01675	0.02177	0.01726	0.02401	0.01526	0.01403	0.09207	0.02893	0.45444	0.03858	0.08218	0.02732	0.01376	0.01000	0.00309	0.00820	0.01134	0.06593	0.01565
20	0.03264	0.02531	0.02696	0.02187	0.02891	0.02846	0.01768	0.35328	0.25637	0.05436	0.03061	0.02925	0.02236	0.01259	0.01004	0.00315	0.00973	0.00990	0.01004	0.01648
21	0.01424	0.01068	0.01602	0.01602	0.01780	0.01246	0.01246	0.01780	0.01602	0.02314	0.02670	0.03916	0.02492	0.07477	0.61015	0.01602	0.02670	0.01068	0.00534	0.00890
22	0.02067	0.01772	0.02067	0.01477	0.02362	0.01329	0.01181	0.02510	0.02067	0.03248	0.01772	0.02067	0.01477	0.00738	0.00738	0.00148	0.00738	0.00591	0.00591	0.71059
23	0.01427	0.00957	0.01094	0.01116	0.01122	0.00952	0.00635	0.01444	0.01494	0.01991	0.03366	0.12039	0.03908	0.59063	0.04711	0.00913	0.00929	0.01582	0.00635	0.00624
24	0.02665	0.65565	0.05224	0.01706	0.02559	0.03945	0.01706	0.02985	0.02026	0.02345	0.01386	0.01599	0.01279	0.00853	0.00640	0.00213	0.01066	0.00533	0.00426	0.01279
25	0.01283	0.00937	0.01207	0.01302	0.01452	0.00861	0.00915	0.01573	0.02280	0.03093	0.25318	0.38094	0.12661	0.02666	0.01228	0.00365	0.00532	0.02384	0.00989	0.00861
26	0.01294	0.00955	0.01229	0.01418	0.01564	0.00890	0.01045	0.01545	0.02059	0.02668	0.06280	0.42741	0.15771	0.02934	0.01278	0.00404	0.00640	0.13522	0.00924	0.00839
27	0.01883	0.01772	0.02990	0.62569	0.06866	0.02215	0.02769	0.02547	0.01993	0.02547	0.01772	0.02658	0.01329	0.00997	0.00997	0.00332	0.01329	0.00886	0.00443	0.01107
28	0.02480	0.02141	0.02254	0.02029	0.02592	0.02480	0.01578	0.05297	0.56946	0.04170	0.04057	0.03719	0.03043	0.01352	0.01014	0.00338	0.00789	0.01127	0.01014	0.01578
29	0.02042	0.01757	0.02240	0.01977	0.02434	0.01897	0.06550	0.03756	0.31596	0.03773	0.15113	0.14318	0.04771	0.01733	0.01105	0.00344	0.00776	0.01549	0.00967	0.01300
30	0.01215	0.00868	0.01157	0.01388	0.01446	0.00810	0.00925	0.01388	0.01909	0.02545	0.05495	0.64315	0.06593	0.03123	0.01272	0.00405	0.00578	0.02834	0.00925	0.00810
31	0.04473	0.01697	0.02313	0.01774	0.02545	0.01465	0.01465	0.04858	0.02853	0.59437	0.03933	0.03393	0.02468	0.01234	0.01003	0.00308	0.00848	0.01003	0.01234	0.01697
32	0.04294	0.01983	0.02491	0.01910	0.02688	0.01890	0.01577	0.18072	0.03333	0.45547	0.03531	0.03132	0.02266	0.01224	0.01001	0.00306	0.00913	0.00975	0.01172	0.01696
33	0.02353	0.02689	0.05882	0.04202	0.05210	0.02521	0.55126	0.03193	0.02353	0.03193	0.02017	0.02689	0.01513	0.00840	0.01176	0.00336	0.01681	0.01176	0.00504	0.01345
34	0.72007	0.01928	0.01465	0.01311	0.01928	0.02236	0.01080	0.02930	0.01697	0.04473	0.01388	0.01619	0.01080	0.00925	0.00617	0.00308	0.00771	0.00540	0.00617	0.01080
35	0.02181	0.03421	0.28534	0.02630	0.06824	0.02293	0.02640	0.10049	0.02455	0.03498	0.07192	0.03343	0.07564	0.01351	0.01379	0.00334	0.11343	0.01011	0.00613	0.01344
36	0.02067	0.01772	0.02067	0.01477	0.02362	0.01329	0.01181	0.02510	0.02067	0.03248	0.01772	0.02067	0.01477	0.00738	0.00738	0.00148	0.00738	0.00591	0.00591	0.71059
37	0.02213	0.02076	0.03368	0.23162	0.32538	0.02139	0.02641	0.02802	0.02147	0.03031	0.01825	0.02458	0.01482	0.00896	0.00947	0.00282	0.01152	0.00836	0.00494	0.13510

[dist]
# distance from previous block
# <min> <max>
0	22

[block]
# block no. 4 follows, 15 sequences, length 16
# corresponding to MSA columns:
# 288-303
name=unknown_E
#
# <colnr> <probs for GDERKNQSTAVLIFYWHMCP>
#	G	D	E	R	K	N	Q	S	T	A	V	L	I	F	Y	W	H	M	C	P
0	0.01568	0.01184	0.01468	0.01368	0.01652	0.01167	0.01034	0.02384	0.10791	0.04023	0.50245	0.06898	0.08469	0.01937	0.01152	0.00317	0.00517	0.01703	0.01085	0.01034
1	0.01424	0.01068	0.01602	0.01602	0.01780	0.01246	0.01246	0.01780	0.01602	0.02314	0.02670	0.03916	0.02492	0.07477	0.61015	0.01602	0.02670	0.01068	0.00534	0.00890
2	0.02843	0.02732	0.05988	0.17394	0.06854	0.17298	0.02107	0.03468	0.05729	0.11353	0.02299	0.02640	0.01724	0.01120	0.01093	0.00304	0.05417	0.00850	0.07520	0.01266
3	0.18081	0.03153	0.02489	0.02132	0.02758	0.22078	0.01679	0.18839	0.12057	0.04269	0.02170	0.02249	0.01650	0.01108	0.00886	0.00293	0.01210	0.00774	0.00758	0.01365
4	0.01487	0.01065	0.01456	0.01605	0.01806	0.01034	0.01313	0.01899	0.02366	0.03174	0.19246	0.19464	0.06851	0.02630	0.01306	0.00411	0.00741	0.30273	0.00966	0.00905
5	0.06626	0.01236	0.01489	0.01407	0.01647	0.01238	0.00986	0.02480	0.07285	0.12345	0.03449	0.15530	0.03425	0.21281	0.02767	0.12833	0.00826	0.01438	0.00785	0.00929
6	0.02691	0.40763	0.16314	0.02151	0.03135	0.03297	0.05707	0.06391	0.02282	0.06493	0.01739	0.01942	0.01394	0.00917	0.00785	0.00254	0.01180	0.00671	0.00518	0.01377
7	0.04473	0.01697	0.02313	0.01774	0.02545	0.01465	0.01465	0.04858	0.02853	0.59437	0.03933	0.03393	0.02468	0.01234	0.01003	0.00308	0.00848	0.01003	0.01234	0.01697
8	0.10683	0.01612	0.02049	0.01627	0.02269	0.01468	0.01300	0.04166	0.02533	0.45553	0.03566	0.03679	0.02501	0.10588	0.01564	0.00405	0.00858	0.01023	0.01080	0.01475
9	0.02077	0.01792	0.02947	0.29573	0.11944	0.01981	0.07396	0.02754	0.05720	0.05621	0.02488	0.06846	0.02193	0.10544	0.01631	0.00425	0.01187	0.01132	0.00586	0.01164
10	0.66659	0.01996	0.01585	0.01388	0.02019	0.02303	0.01144	0.07045	0.01931	0.04615	0.01467	0.01680	0.01128	0.00947	0.00647	0.00308	0.00797	0.00568	0.00647	0.01128
11	0.01226	0.00991	0.01090	0.01110	0.01387	0.00855	0.00815	0.01506	0.02319	0.02908	0.18161	0.17261	0.41835	0.02524	0.01192	0.00342	0.00509	0.02157	0.00957	0.00855
12	0.01359	0.00996	0.01275	0.01250	0.01469	0.00912	0.00920	0.01764	0.02633	0.03655	0.45715	0.16032	0.13815	0.02246	0.01190	0.00329	0.00490	0.01984	0.01055	0.00912
13	0.02650	0.02077	0.03153	0.32084	0.17572	0.02315	0.02531	0.12137	0.02626	0.09987	0.02155	0.02654	0.01583	0.01034	0.00995	0.00315	0.01199	0.00902	0.00643	0.01386
14	0.02676	0.14483	0.10732	0.11565	0.04130	0.09722	0.14897	0.06249	0.06703	0.06388	0.02074	0.02414	0.01572	0.00983	0.00959	0.00298	0.01356	0.00870	0.00582	0.01348
15	0.02176	0.02242	0.03175	0.39710	0.05460	0.08818	0.05997	0.02715	0.02011	0.02547	0.01666	0.02467	0.01332	0.01145	0.01471	0.00346	0.14267	0.00876	0.00453	0.01125

[dist]
# distance from previous block
# <min> <max>
0	4

[block]
# block no. 5 follows, 15 sequences, length 31
# corresponding to MSA columns:
# 308-338
name=unknown_F
#
# <colnr> <probs for GDERKNQSTAVLIFYWHMCP>
#	G	D	E	R	K	N	Q	S	T	A	V	L	I	F	Y	W	H	M	C	P
0	0.63429	0.01982	0.01784	0.01904	0.08936	0.02253	0.01324	0.02946	0.01767	0.04323	0.01448	0.01724	0.01141	0.00921	0.00663	0.00307	0.00822	0.00583	0.00602	0.01141
1	0.01215	0.00868	0.01157	0.01388	0.01446	0.00810	0.00925	0.01388	0.01909	0.02545	0.05495	0.64315	0.06593	0.03123	0.01272	0.00405	0.00578	0.02834	0.00925	0.00810
2	0.01424	0.01068	0.01602	0.01602	0.01780	0.01246	0.01246	0.01780	0.01602	0.02314	0.02670	0.03916	0.02492	0.07477	0.61015	0.01602	0.02670	0.01068	0.00534	0.00890
3	0.03403	0.01954	0.02698	0.23617	0.04205	0.02075	0.02022	0.14673	0.02932	0.27914	0.02836	0.02920	0.01898	0.01141	0.00999	0.00315	0.01072	0.00939	0.00901	0.01486
4	0.72007	0.01928	0.01465	0.01311	0.01928	0.02236	0.01080	0.02930	0.01697	0.04473	0.01388	0.01619	0.01080	0.00925	0.00617	0.00308	0.00771	0.00540	0.00617	0.01080
5	0.01347	0.00932	0.01223	0.01388	0.01509	0.00883	0.00997	0.01626	0.02114	0.02920	0.13450	0.43839	0.06595	0.02751	0.01225	0.00384	0.00596	0.08841	0.06525	0.00853
6	0.57506	0.02112	0.01790	0.01520	0.02175	0.02418	0.01253	0.14089	0.02332	0.04857	0.01602	0.01784	0.01211	0.00983	0.00698	0.00306	0.00840	0.00616	0.00698	0.01211
7	0.01352	0.01017	0.01251	0.01193	0.01453	0.00916	0.00894	0.01768	0.02683	0.03669	0.46104	0.07987	0.21728	0.02161	0.01176	0.00319	0.00479	0.01879	0.01054	0.00916
8	0.02480	0.02141	0.02254	0.02029	0.02592	0.02480	0.01578	0.05297	0.56946	0.04170	0.04057	0.03719	0.03043	0.01352	0.01014	0.00338	0.00789	0.01127	0.01014	0.01578
9	0.01235	0.00896	0.01167	0.01344	0.01444	0.00828	0.00915	0.01450	0.02045	0.02730	0.12156	0.53462	0.10746	0.02949	0.01254	0.00389	0.00560	0.02657	0.00946	0.00828
10	0.01734	0.01088	0.01306	0.01252	0.01578	0.00951	0.00937	0.02039	0.02411	0.11510	0.18930	0.18778	0.29063	0.02338	0.01169	0.00340	0.00563	0.02013	0.01010	0.00986
11	0.01999	0.05157	0.59800	0.02841	0.04315	0.02315	0.03683	0.03157	0.02105	0.03157	0.01789	0.02105	0.01263	0.00947	0.00947	0.00316	0.01473	0.00737	0.00421	0.01473
12	0.01178	0.01010	0.01010	0.01010	0.01347	0.00842	0.00757	0.01431	0.02272	0.02693	0.10099	0.09594	0.58342	0.02525	0.01178	0.00337	0.00505	0.02104	0.00926	0.00842
13	0.01366	0.01051	0.01271	0.01312	0.01590	0.00956	0.01049	0.01740	0.02439	0.03154	0.22752	0.09432	0.29361	0.02447	0.01233	0.00364	0.00611	0.16008	0.00974	0.00892
14	0.02067	0.01772	0.02067	0.01477	0.02362	0.01329	0.01181	0.02510	0.02067	0.03248	0.01772	0.02067	0.01477	0.00738	0.00738	0.00148	0.00738	0.00591	0.00591	0.71059
15	0.02741	0.01340	0.01909	0.01676	0.02111	0.01341	0.01341	0.03110	0.02143	0.26995	0.03216	0.03690	0.02482	0.04779	0.35085	0.01043	0.01883	0.01040	0.00836	0.01239
16	0.04016	0.02090	0.02516	0.01966	0.02719	0.02092	0.01612	0.20523	0.10092	0.36210	0.03473	0.03125	0.02300	0.01237	0.01002	0.00309	0.00918	0.00985	0.01134	0.01682
17	0.04388	0.01832	0.02397	0.01838	0.02612	0.01666	0.01518	0.11095	0.03079	0.52881	0.03743	0.03270	0.02372	0.01229	0.01002	0.00307	0.00879	0.00990	0.01205	0.01696
18	0.01263	0.00932	0.01182	0.01292	0.01442	0.00851	0.00903	0.01530	0.02216	0.02967	0.20677	0.40083	0.15537	0.02731	0.01231	0.00369	0.00537	0.02436	0.00973	0.00851
19	0.02353	0.02689	0.05882	0.04202	0.05210	0.02521	0.55126	0.03193	0.02353	0.03193	0.02017	0.02689	0.01513	0.00840	0.01176	0.00336	0.01681	0.01176	0.00504	0.01345
20	0.01450	0.00966	0.01087	0.01087	0.01087	0.00966	0.00604	0.01450	0.01450	0.01933	0.03141	0.06524	0.03624	0.64965	0.05074	0.00966	0.00966	0.01450	0.00604	0.00604
21	0.72007	0.01928	0.01465	0.01311	0.01928	0.02236	0.01080	0.02930	0.01697	0.04473	0.01388	0.01619	0.01080	0.00925	0.00617	0.00308	0.00771	0.00540	0.00617	0.01080
22	0.02088	0.01393	0.01691	0.01609	0.01916	0.01400	0.01192	0.14080	0.02732	0.08136	0.11164	0.38263	0.05490	0.02398	0.01176	0.00362	0.00705	0.02117	0.00988	0.01099
23	0.01424	0.01068	0.01602	0.01602	0.01780	0.01246	0.01246	0.01780	0.01602	0.02314	0.02670	0.03916	0.02492	0.07477	0.61015	0.01602	0.02670	0.01068	0.00534	0.00890
24	0.03141	0.38396	0.11057	0.01867	0.02771	0.02978	0.01875	0.03585	0.02291	0.20071	0.02222	0.02215	0.01644	0.00982	0.00790	0.00255	0.01049	0.00703	0.00675	0.01432
25	0.03312	0.01447	0.02000	0.01689	0.02234	0.01331	0.01366	0.03688	0.02513	0.37896	0.07133	0.07981	0.03344	0.02722	0.12879	0.00579	0.01172	0.04278	0.01049	0.01390
26	0.01332	0.00926	0.01166	0.01311	0.01361	0.00894	0.00859	0.01464	0.01768	0.02352	0.04605	0.38753	0.05426	0.26029	0.02690	0.00617	0.00749	0.06149	0.00806	0.00742
27	0.03137	0.03648	0.03048	0.08121	0.16051	0.35695	0.02210	0.03817	0.09263	0.02847	0.01944	0.02255	0.01571	0.01033	0.00941	0.00282	0.01496	0.00777	0.00565	0.01300
28	0.03367	0.02704	0.06291	0.07397	0.10708	0.10462	0.02079	0.14396	0.09635	0.18696	0.02731	0.02750	0.01937	0.01130	0.00983	0.00304	0.01144	0.00906	0.00849	0.01531
29	0.02767	0.01709	0.01925	0.06130	0.02465	0.06008	0.01372	0.03449	0.09926	0.21958	0.04596	0.14958	0.10009	0.01709	0.01043	0.00325	0.00830	0.01442	0.06103	0.01274
30	0.11191	0.01305	0.01648	0.01461	0.01830	0.01265	0.01105	0.02776	0.02087	0.21395	0.08487	0.08446	0.03217	0.07026	0.05561	0.17236	0.00902	0.01171	0.00842	0.01048

[dist]
# distance from previous block
# <min> <max>
0	54

[block]
# block no. 6 follows, 15 sequences, length 51
# corresponding to MSA columns:
# 393-443
name=unknown_G
#
# <colnr> <probs for GDERKNQSTAVLIFYWHMCP>
#	G	D	E	R	K	N	Q	S	T	A	V	L	I	F	Y	W	H	M	C	P
0	0.02150	0.05778	0.05584	0.08796	0.02956	0.01925	0.01667	0.08401	0.02325	0.03329	0.05163	0.09692	0.02456	0.01280	0.01129	0.00265	0.06812	0.01016	0.00651	0.28627
1	0.07392	0.10363	0.15785	0.10506	0.03828	0.02484	0.07702	0.12414	0.02577	0.06731	0.01958	0.02264	0.01456	0.00965	0.00905	0.00284	0.01188	0.00790	0.00615	0.09792
2	0.02334	0.02168	0.07610	0.01852	0.02481	0.01942	0.01606	0.17373	0.06544	0.04174	0.14014	0.07931	0.07320	0.01513	0.01133	0.00296	0.04098	0.01229	0.00853	0.13529
3	0.02658	0.14598	0.02962	0.06106	0.06541	0.05513	0.01654	0.17598	0.07916	0.03607	0.02415	0.03357	0.02156	0.16547	0.01911	0.00447	0.01087	0.00967	0.00696	0.01264
4	0.20905	0.06743	0.09120	0.15283	0.06985	0.02330	0.02042	0.09055	0.02342	0.09040	0.01929	0.02238	0.01428	0.00984	0.00849	0.00295	0.01060	0.00746	0.00637	0.05989
5	0.01664	0.01535	0.08849	0.01550	0.01867	0.01120	0.01305	0.01981	0.02069	0.06566	0.13666	0.25588	0.05282	0.12470	0.01986	0.05110	0.00794	0.04844	0.00827	0.00927
6	0.02954	0.03181	0.07969	0.03245	0.04103	0.16519	0.28073	0.03746	0.06173	0.10616	0.02280	0.02598	0.01671	0.00980	0.01060	0.00312	0.01524	0.00991	0.00633	0.01370
7	0.03147	0.10387	0.02855	0.06003	0.02789	0.10073	0.01749	0.03491	0.02281	0.21171	0.02422	0.02629	0.01800	0.01263	0.01481	0.00316	0.16615	0.00847	0.07373	0.01307
8	0.06245	0.01076	0.01192	0.01161	0.01290	0.01061	0.00730	0.01769	0.01670	0.06065	0.03903	0.10270	0.08791	0.46284	0.03876	0.00781	0.00875	0.01518	0.00700	0.00745
9	0.03113	0.01525	0.01946	0.01602	0.02149	0.01429	0.01280	0.07186	0.06211	0.30430	0.22504	0.04758	0.04845	0.01512	0.01047	0.00307	0.00711	0.01275	0.04781	0.01389
10	0.02106	0.01145	0.01377	0.01575	0.07782	0.01129	0.01017	0.02580	0.02163	0.07476	0.03143	0.03553	0.02439	0.01135	0.00751	0.00245	0.00572	0.00930	0.57827	0.01055
11	0.72007	0.01928	0.01465	0.01311	0.01928	0.02236	0.01080	0.02930	0.01697	0.04473	0.01388	0.01619	0.01080	0.00925	0.00617	0.00308	0.00771	0.00540	0.00617	0.01080
12	0.01326	0.00921	0.01158	0.01302	0.01348	0.00889	0.00846	0.01452	0.01760	0.02342	0.04599	0.39481	0.05429	0.26284	0.02704	0.00619	0.00744	0.05254	0.00804	0.00739
13	0.11943	0.01361	0.01685	0.01517	0.01958	0.01279	0.01165	0.03052	0.02372	0.25923	0.10689	0.24557	0.04538	0.01939	0.01065	0.00342	0.00700	0.01666	0.01030	0.01219
14	0.04361	0.01876	0.02425	0.01859	0.02635	0.01732	0.01536	0.13158	0.03154	0.50713	0.03680	0.03229	0.02341	0.01228	0.01002	0.00307	0.00889	0.00985	0.01195	0.01696
15	0.72007	0.01928	0.01465	0.01311	0.01928	0.02236	0.01080	0.02930	0.01697	0.04473	0.01388	0.01619	0.01080	0.00925	0.00617	0.00308	0.00771	0.00540	0.00617	0.01080
16	0.01932	0.01488	0.01758	0.01743	0.02065	0.01585	0.01350	0.08709	0.16766	0.03581	0.08185	0.26574	0.05114	0.02293	0.01189	0.00381	0.00756	0.12420	0.00967	0.01142
17	0.01587	0.00999	0.01229	0.01248	0.01447	0.00923	0.00883	0.01870	0.02210	0.06967	0.18297	0.25725	0.12635	0.09657	0.01597	0.00413	0.00594	0.01985	0.08836	0.00897
18	0.04473	0.01697	0.02313	0.01774	0.02545	0.01465	0.01465	0.04858	0.02853	0.59437	0.03933	0.03393	0.02468	0.01234	0.01003	0.00308	0.00848	0.01003	0.01234	0.01697
19	0.02248	0.02145	0.03650	0.27280	0.39298	0.02311	0.02950	0.02867	0.02166	0.02991	0.01836	0.02539	0.01485	0.00929	0.00991	0.00310	0.01239	0.00887	0.00475	0.01402
20	0.01237	0.00885	0.01177	0.01373	0.01451	0.00825	0.00927	0.01444	0.02012	0.02709	0.11470	0.57870	0.06912	0.03000	0.01261	0.00395	0.00566	0.02717	0.00945	0.00825
21	0.15548	0.01553	0.01808	0.01511	0.02088	0.01489	0.01214	0.03548	0.05845	0.28683	0.14049	0.04643	0.10910	0.01501	0.00988	0.00315	0.00717	0.01216	0.01044	0.01329
22	0.02370	0.01898	0.02014	0.01737	0.02273	0.02042	0.01371	0.17743	0.22036	0.04292	0.09235	0.05404	0.19970	0.01715	0.01071	0.00325	0.00765	0.01409	0.00988	0.01341
23	0.02181	0.02181	0.03053	0.02617	0.02617	0.03053	0.02181	0.02399	0.01527	0.02399	0.01309	0.02181	0.01309	0.01745	0.03272	0.00436	0.63141	0.00872	0.00436	0.01091
24	0.02067	0.01772	0.02067	0.01477	0.02362	0.01329	0.01181	0.02510	0.02067	0.03248	0.01772	0.02067	0.01477	0.00738	0.00738	0.00148	0.00738	0.00591	0.00591	0.71059
25	0.01215	0.00868	0.01157	0.01388	0.01446	0.00810	0.00925	0.01388	0.01909	0.02545	0.05495	0.64315	0.06593	0.03123	0.01272	0.00405	0.00578	0.02834	0.00925	0.00810
26	0.02665	0.65565	0.05224	0.01706	0.02559	0.03945	0.01706	0.02985	0.02026	0.02345	0.01386	0.01599	0.01279	0.00853	0.00640	0.00213	0.01066	0.00533	0.00426	0.01279
27	0.01411	0.01019	0.01333	0.01254	0.01489	0.00941	0.00941	0.01881	0.02822	0.03998	0.58221	0.07447	0.09406	0.02038	0.01176	0.00314	0.00470	0.01803	0.01097	0.00941
28	0.02652	0.01295	0.01695	0.01481	0.01937	0.01161	0.01190	0.03066	0.02674	0.25680	0.22539	0.06232	0.10450	0.01790	0.01099	0.00325	0.00674	0.07150	0.05683	0.01227
29	0.02467	0.02369	0.04046	0.06119	0.58747	0.02369	0.03059	0.03059	0.02270	0.03257	0.01875	0.02467	0.01579	0.00888	0.00987	0.00296	0.01184	0.00888	0.00493	0.01579
30	0.02467	0.02369	0.04046	0.06119	0.58747	0.02369	0.03059	0.03059	0.02270	0.03257	0.01875	0.02467	0.01579	0.00888	0.00987	0.00296	0.01184	0.00888	0.00493	0.01579
31	0.01883	0.01772	0.02990	0.62569	0.06866	0.02215	0.02769	0.02547	0.01993	0.02547	0.01772	0.02658	0.01329	0.00997	0.00997	0.00332	0.01329	0.00886	0.00443	0.01107
32	0.01411	0.00997	0.01306	0.01326	0.01416	0.01052	0.00905	0.01597	0.01654	0.02288	0.07030	0.12157	0.03934	0.32015	0.25394	0.01097	0.01528	0.01488	0.00648	0.00758
33	0.02353	0.02689	0.05882	0.04202	0.05210	0.02521	0.55126	0.03193	0.02353	0.03193	0.02017	0.02689	0.01513	0.00840	0.01176	0.00336	0.01681	0.01176	0.00504	0.01345
34	0.01372	0.01018	0.01279	0.01214	0.01466	0.00924	0.00910	0.01807	0.02731	0.03782	0.50268	0.07801	0.17493	0.02118	0.01176	0.00317	0.00476	0.01853	0.01069	0.00924
35	0.04126	0.01620	0.02202	0.01715	0.02425	0.01406	0.01406	0.04521	0.02850	0.53154	0.10085	0.03852	0.03254	0.01325	0.01022	0.00309	0.00805	0.01093	0.01218	0.01611
36	0.72007	0.01928	0.01465	0.01311	0.01928	0.02236	0.01080	0.02930	0.01697	0.04473	0.01388	0.01619	0.01080	0.00925	0.00617	0.00308	0.00771	0.00540	0.00617	0.01080
37	0.01245	0.00880	0.01148	0.01349	0.01400	0.00830	0.00884	0.01396	0.01849	0.02466	0.05191	0.56866	0.06211	0.11094	0.01762	0.00477	0.00628	0.02656	0.00884	0.00783
38	0.03171	0.02155	0.03527	0.06064	0.12740	0.02068	0.14937	0.06902	0.06444	0.23204	0.02806	0.02915	0.01966	0.01045	0.01027	0.00306	0.01135	0.00998	0.00826	0.05764
39	0.01883	0.01772	0.02990	0.62569	0.06866	0.02215	0.02769	0.02547	0.01993	0.02547	0.01772	0.02658	0.01329	0.00997	0.00997	0.00332	0.01329	0.00886	0.00443	0.01107
40	0.03932	0.02564	0.02850	0.02185	0.02978	0.02752	0.01805	0.44880	0.04305	0.17365	0.02714	0.02602	0.01856	0.01204	0.00998	0.00301	0.01045	0.00919	0.01047	0.01696
41	0.02007	0.01257	0.01579	0.01544	0.01866	0.01184	0.01125	0.02582	0.09166	0.12390	0.04693	0.40346	0.04956	0.02351	0.01143	0.00356	0.00666	0.02093	0.00957	0.07743
42	0.02855	0.02099	0.03255	0.27453	0.11213	0.02273	0.07368	0.12735	0.02720	0.14627	0.02348	0.02736	0.01667	0.01052	0.01014	0.00318	0.01208	0.00939	0.00712	0.01408
43	0.01424	0.01068	0.01602	0.01602	0.01780	0.01246	0.01246	0.01780	0.01602	0.02314	0.02670	0.03916	0.02492	0.07477	0.61015	0.01602	0.02670	0.01068	0.00534	0.00890
44	0.72007	0.01928	0.01465	0.01311	0.01928	0.02236	0.01080	0.02930	0.01697	0.04473	0.01388	0.01619	0.01080	0.00925	0.00617	0.00308	0.00771	0.00540	0.00617	0.01080
45	0.03405	0.02661	0.14862	0.02641	0.03617	0.01920	0.16323	0.04068	0.02568	0.32986	0.02986	0.02944	0.01968	0.01070	0.01038	0.00317	0.01198	0.00996	0.00874	0.01557
46	0.02358	0.01860	0.02914	0.49943	0.06017	0.02213	0.02538	0.07841	0.02347	0.09350	0.02076	0.02716	0.01493	0.01043	0.00997	0.00326	0.01252	0.00900	0.00585	0.01230
47	0.01462	0.01487	0.07937	0.01417	0.01800	0.01090	0.01239	0.01995	0.02703	0.03813	0.48533	0.06988	0.11831	0.01948	0.01150	0.00315	0.00586	0.01703	0.01009	0.00994
48	0.03107	0.14215	0.16494	0.02291	0.03220	0.05706	0.05633	0.08835	0.08803	0.18097	0.02594	0.02584	0.01841	0.01072	0.00932	0.00295	0.01156	0.00853	0.00767	0.01504
49	0.03019	0.01573	0.02069	0.05368	0.02565	0.01427	0.01421	0.03569	0.06167	0.28956	0.03763	0.13645	0.03150	0.01548	0.01024	0.00308	0.00814	0.04582	0.00983	0.14049
50	0.17504	0.11365	0.12948	0.01979	0.02779	0.09036	0.01880	0.08428	0.05816	0.11374	0.06004	0.02571	0.02105	0.01102	0.00863	0.00292	0.01076	0.00806	0.00722	0.01350

[dist]
# distance from previous block
# <min> <max>
0	5

[block]
# block no. 7 follows, 15 sequences, length 43
# corresponding to MSA columns:
# 449-491
name=unknown_H
#
# <colnr> <probs for GDERKNQSTAVLIFYWHMCP>
#	G	D	E	R	K	N	Q	S	T	A	V	L	I	F	Y	W	H	M	C	P
0	0.03144	0.02730	0.02858	0.07121	0.08240	0.10109	0.01958	0.26736	0.13938	0.04616	0.02469	0.02577	0.01850	0.01130	0.00969	0.00293	0.01127	0.00886	0.00823	0.06427
1	0.01565	0.00982	0.01249	0.01328	0.01471	0.00911	0.00901	0.01750	0.01995	0.07662	0.08903	0.39682	0.09626	0.14806	0.01970	0.00494	0.00665	0.02276	0.00903	0.00861
2	0.02755	0.01593	0.02261	0.18237	0.03387	0.01668	0.01662	0.03121	0.02151	0.23005	0.02828	0.03725	0.02268	0.15598	0.02077	0.00463	0.05708	0.01036	0.00774	0.05685
3	0.12922	0.02441	0.07663	0.02550	0.03436	0.02162	0.17445	0.10704	0.02666	0.18429	0.02439	0.02580	0.01703	0.01003	0.00970	0.00301	0.01154	0.00917	0.00779	0.07735
4	0.08050	0.01515	0.01745	0.01487	0.01968	0.01509	0.01177	0.11431	0.02763	0.18979	0.10746	0.09218	0.03567	0.01463	0.00937	0.00296	0.00703	0.01203	0.19982	0.01259
5	0.01326	0.00952	0.01263	0.01365	0.01509	0.00889	0.00982	0.01645	0.02320	0.03187	0.27624	0.36550	0.07712	0.02640	0.01239	0.00370	0.00558	0.05998	0.00997	0.00873
6	0.10534	0.01784	0.02545	0.18122	0.03610	0.02023	0.05219	0.05854	0.02285	0.11093	0.09197	0.08691	0.02942	0.01448	0.01337	0.00344	0.09889	0.01166	0.00732	0.01186
7	0.07874	0.22854	0.07382	0.06402	0.02962	0.02886	0.01887	0.07964	0.09163	0.07000	0.02109	0.02376	0.01682	0.01486	0.04636	0.00373	0.08227	0.00783	0.00629	0.01324
8	0.01178	0.01010	0.01010	0.01010	0.01347	0.00842	0.00757	0.01431	0.02272	0.02693	0.10099	0.09594	0.58342	0.02525	0.01178	0.00337	0.00505	0.02104	0.00926	0.00842
9	0.02171	0.01167	0.01600	0.01504	0.01817	0.01127	0.01144	0.02443	0.02120	0.17381	0.08083	0.17516	0.08833	0.03827	0.19253	0.05246	0.01280	0.01564	0.00869	0.01053
10	0.02182	0.01868	0.03170	0.33522	0.17047	0.02058	0.06218	0.02796	0.02218	0.07034	0.06023	0.03570	0.02320	0.01167	0.01045	0.00330	0.01201	0.04393	0.00592	0.01246
11	0.02496	0.02237	0.03218	0.15946	0.19133	0.02468	0.05699	0.09791	0.20909	0.03763	0.02658	0.02934	0.02029	0.01100	0.01012	0.00321	0.01103	0.00988	0.00717	0.01479
12	0.01999	0.05157	0.59800	0.02841	0.04315	0.02315	0.03683	0.03157	0.02105	0.03157	0.01789	0.02105	0.01263	0.00947	0.00947	0.00316	0.01473	0.00737	0.00421	0.01473
13	0.72007	0.01928	0.01465	0.01311	0.01928	0.02236	0.01080	0.02930	0.01697	0.04473	0.01388	0.01619	0.01080	0.00925	0.00617	0.00308	0.00771	0.00540	0.00617	0.01080
14	0.01826	0.01094	0.01428	0.01357	0.01609	0.01014	0.01007	0.02179	0.02481	0.11062	0.32819	0.13992	0.07030	0.11183	0.01739	0.00428	0.00637	0.05123	0.01012	0.00978
15	0.12807	0.01675	0.02223	0.14725	0.03290	0.01672	0.01653	0.03594	0.02374	0.29572	0.03131	0.06514	0.02370	0.01294	0.00966	0.00317	0.00924	0.03978	0.00901	0.06024
16	0.72007	0.01928	0.01465	0.01311	0.01928	0.02236	0.01080	0.02930	0.01697	0.04473	0.01388	0.01619	0.01080	0.00925	0.00617	0.00308	0.00771	0.00540	0.00617	0.01080
17	0.01315	0.00910	0.01127	0.01260	0.01293	0.00877	0.00788	0.01414	0.01713	0.02284	0.04491	0.39676	0.05328	0.29489	0.02893	0.00644	0.00744	0.02244	0.00788	0.00722
18	0.01524	0.00985	0.01404	0.01404	0.01491	0.01072	0.00999	0.01565	0.01478	0.02058	0.02479	0.04177	0.02490	0.17974	0.32092	0.22746	0.01769	0.01084	0.00517	0.00692
19	0.02467	0.02369	0.04046	0.06119	0.58747	0.02369	0.03059	0.03059	0.02270	0.03257	0.01875	0.02467	0.01579	0.00888	0.00987	0.00296	0.01184	0.00888	0.00493	0.01579
20	0.72007	0.01928	0.01465	0.01311	0.01928	0.02236	0.01080	0.02930	0.01697	0.04473	0.01388	0.01619	0.01080	0.00925	0.00617	0.00308	0.00771	0.00540	0.00617	0.01080
21	0.02620	0.01703	0.02004	0.01766	0.02206	0.01752	0.01358	0.21914	0.03128	0.11678	0.07753	0.29274	0.04417	0.02081	0.01128	0.00346	0.00799	0.01799	0.01005	0.01266
