[name]
unknown

[dist]
# distance from previous block
# <min> <max>
0	13

[block]
# block no. 0 follows, 12 sequences, length 37
# corresponding to MSA columns:
# 13-49
name=unknown_A
#
# <colnr> <probs for GDERKNQSTAVLIFYWHMCP>
#	G	D	E	R	K	N	Q	S	T	A	V	L	I	F	Y	W	H	M	C	P
0	0.02422	0.01784	0.07153	0.02066	0.02559	0.01425	0.01892	0.02959	0.02587	0.14174	0.05112	0.13021	0.05121	0.02502	0.01367	0.00448	0.01020	0.30131	0.01024	0.01232
1	0.03012	0.30811	0.15642	0.02620	0.03620	0.16709	0.07139	0.03592	0.02481	0.02866	0.01716	0.02033	0.01422	0.01000	0.00896	0.00281	0.01519	0.00727	0.00497	0.01417
2	0.19279	0.01891	0.02156	0.01737	0.02448	0.01838	0.01412	0.07932	0.02911	0.25556	0.12356	0.03834	0.03548	0.01378	0.01005	0.00322	0.00846	0.01086	0.01079	0.07388
3	0.21478	0.02906	0.07617	0.02762	0.08456	0.10020	0.06526	0.04076	0.02587	0.19698	0.02550	0.02642	0.01794	0.01120	0.00977	0.00331	0.01234	0.00884	0.00821	0.01520
4	0.03080	0.02688	0.04669	0.05021	0.28042	0.02656	0.16998	0.10374	0.02946	0.09067	0.02395	0.02857	0.01818	0.01041	0.01144	0.00339	0.01406	0.01078	0.00700	0.01682
5	0.01578	0.01068	0.01238	0.01222	0.01269	0.01052	0.00727	0.01671	0.01858	0.02524	0.12659	0.07318	0.05111	0.50901	0.04777	0.00928	0.00959	0.01656	0.00759	0.00727
6	0.29758	0.02239	0.03000	0.16962	0.22115	0.02492	0.02387	0.03156	0.02155	0.03921	0.01807	0.02370	0.01439	0.01016	0.00917	0.00339	0.01148	0.00815	0.00582	0.01382
7	0.09606	0.08883	0.04255	0.03005	0.03888	0.10848	0.16351	0.21514	0.03506	0.04687	0.02157	0.02459	0.01626	0.01105	0.01057	0.00325	0.01460	0.00958	0.00759	0.01552
8	0.03494	0.02222	0.03282	0.07534	0.03745	0.02255	0.10711	0.04922	0.19577	0.24469	0.03759	0.03620	0.02610	0.01292	0.01135	0.00356	0.01117	0.01165	0.01049	0.01686
9	0.01757	0.01255	0.01757	0.02008	0.02259	0.01255	0.01757	0.02259	0.02510	0.03263	0.05773	0.12299	0.06275	0.03012	0.01506	0.00502	0.01004	0.47540	0.01004	0.01004
10	0.03081	0.03313	0.03256	0.02810	0.03071	0.19843	0.02268	0.08128	0.02458	0.03072	0.01630	0.02281	0.01466	0.01607	0.02530	0.00402	0.36054	0.00880	0.00566	0.01282
11	0.04103	0.02813	0.03086	0.02399	0.03242	0.03064	0.01971	0.40159	0.09735	0.13465	0.03040	0.02919	0.02123	0.01332	0.01093	0.00333	0.01127	0.01023	0.01129	0.01841
12	0.01309	0.01026	0.01186	0.01314	0.01528	0.00903	0.00921	0.01541	0.02284	0.02863	0.08496	0.36048	0.30528	0.03093	0.01341	0.00406	0.00593	0.02705	0.01012	0.00903
13	0.04435	0.03720	0.02843	0.02425	0.03111	0.32693	0.01884	0.04778	0.03104	0.26070	0.02841	0.02737	0.01976	0.01223	0.01033	0.00306	0.01507	0.00876	0.00910	0.01525
14	0.01760	0.01387	0.01882	0.01809	0.01990	0.01641	0.01375	0.02324	0.06681	0.02662	0.03009	0.04585	0.02876	0.16587	0.37000	0.01362	0.08191	0.01228	0.00638	0.01012
15	0.47421	0.02312	0.02094	0.01742	0.02480	0.02589	0.01436	0.14971	0.02766	0.10295	0.02053	0.02163	0.01490	0.01116	0.00816	0.00335	0.00937	0.00734	0.00840	0.01408
16	0.02729	0.03534	0.12264	0.03759	0.04716	0.10508	0.28585	0.03754	0.07325	0.03398	0.02243	0.02773	0.01721	0.01103	0.01388	0.00362	0.06687	0.01103	0.00587	0.01462
17	0.02787	0.01390	0.01856	0.01583	0.02058	0.01242	0.01242	0.03267	0.03099	0.23417	0.35727	0.06498	0.07469	0.01902	0.01216	0.00341	0.00668	0.01647	0.01256	0.01336
18	0.01670	0.01198	0.01635	0.01748	0.02002	0.01163	0.01460	0.02177	0.02745	0.03716	0.25577	0.10604	0.07913	0.02693	0.01416	0.00437	0.00804	0.28945	0.01084	0.01014
19	0.08688	0.03537	0.24516	0.03266	0.10996	0.02253	0.07027	0.03633	0.02480	0.13004	0.02766	0.03643	0.02174	0.01274	0.01091	0.00358	0.01333	0.05686	0.00715	0.01559
20	0.04494	0.01989	0.02874	0.02802	0.12230	0.01782	0.01919	0.04957	0.03005	0.46192	0.03894	0.03528	0.02523	0.01281	0.01093	0.00335	0.00994	0.01074	0.01203	0.01832
21	0.04892	0.01856	0.02530	0.01940	0.02783	0.01603	0.01603	0.05314	0.03121	0.55634	0.04302	0.03711	0.02699	0.01350	0.01096	0.00337	0.00928	0.01096	0.01350	0.01856
22	0.03526	0.01553	0.02093	0.01708	0.02312	0.01368	0.01368	0.03985	0.03107	0.34716	0.24706	0.05520	0.05796	0.01708	0.01174	0.00340	0.00759	0.01454	0.01289	0.01518
23	0.02093	0.02926	0.17357	0.44121	0.06765	0.02452	0.03295	0.02964	0.02213	0.02964	0.01943	0.02745	0.01434	0.01076	0.01076	0.00359	0.01496	0.00925	0.00478	0.01318
24	0.03190	0.48790	0.05092	0.02089	0.02934	0.16877	0.01923	0.03523	0.02423	0.02590	0.01556	0.01801	0.01400	0.00978	0.00767	0.00245	0.01356	0.00611	0.00489	0.01367
25	0.01558	0.01168	0.01752	0.01752	0.01947	0.01363	0.01363	0.01947	0.01752	0.02531	0.02921	0.04283	0.02726	0.08178	0.57360	0.01752	0.02921	0.01168	0.00584	0.00974
26	0.02652	0.02242	0.03807	0.04991	0.33620	0.02204	0.07000	0.03270	0.02552	0.07946	0.03140	0.05083	0.02882	0.01483	0.01200	0.00371	0.01242	0.12050	0.00720	0.01544
27	0.02388	0.02657	0.09066	0.26662	0.27205	0.02534	0.07501	0.03150	0.02355	0.03242	0.02011	0.02764	0.01581	0.01019	0.01098	0.00345	0.01435	0.00983	0.00512	0.01491
28	0.02308	0.15033	0.47695	0.02902	0.04401	0.02827	0.03670	0.03422	0.02288	0.03306	0.01884	0.02210	0.01384	0.01019	0.00980	0.00327	0.01538	0.00769	0.00461	0.01576
29	0.01673	0.01264	0.01788	0.02081	0.06866	0.01214	0.01447	0.02138	0.02689	0.03701	0.27183	0.18350	0.07808	0.02541	0.01346	0.00403	0.00745	0.14652	0.01049	0.01063
30	0.01909	0.01971	0.07754	0.02945	0.14198	0.01655	0.01972	0.02640	0.07161	0.03379	0.09007	0.28053	0.05219	0.02294	0.01255	0.00394	0.00920	0.05146	0.00874	0.01253
31	0.03178	0.20626	0.08888	0.07433	0.03290	0.02525	0.02030	0.03708	0.02615	0.20046	0.07505	0.04016	0.03021	0.01385	0.01020	0.00323	0.01091	0.04953	0.00863	0.01484
32	0.03210	0.07311	0.12312	0.03448	0.15541	0.02846	0.02583	0.16709	0.11900	0.09140	0.02760	0.02870	0.02043	0.01191	0.01055	0.00331	0.01206	0.00975	0.00838	0.01730
33	0.02686	0.09367	0.21906	0.03626	0.04853	0.02732	0.26897	0.03618	0.02501	0.07973	0.02245	0.02691	0.01634	0.00996	0.01134	0.00345	0.01622	0.01049	0.00584	0.01543
34	0.08184	0.02092	0.02801	0.12262	0.08416	0.02053	0.01979	0.08820	0.02873	0.24476	0.02925	0.02990	0.02021	0.01152	0.01016	0.00310	0.01055	0.00941	0.00934	0.12700
35	0.03348	0.02469	0.08255	0.02897	0.03725	0.02127	0.16903	0.03953	0.02639	0.24766	0.03361	0.09088	0.02608	0.01456	0.01416	0.00371	0.06830	0.01321	0.00912	0.01555
36	0.19369	0.06490	0.02597	0.01904	0.02688	0.07394	0.01574	0.04596	0.02766	0.35198	0.03217	0.02962	0.02136	0.01221	0.00961	0.00325	0.01026	0.00907	0.01057	0.01612

[dist]
# distance from previous block
# <min> <max>
3	5

[block]
# block no. 1 follows, 12 sequences, length 61
# corresponding to MSA columns:
# 55-89,91-116
name=unknown_B
#
# <colnr> <probs for GDERKNQSTAVLIFYWHMCP>
#	G	D	E	R	K	N	Q	S	T	A	V	L	I	F	Y	W	H	M	C	P
0	0.23475	0.02323	0.02845	0.08130	0.03478	0.02535	0.07016	0.14400	0.07046	0.10040	0.02723	0.03372	0.02121	0.01298	0.01017	0.00356	0.01115	0.04378	0.00865	0.01468
1	0.02718	0.01890	0.02458	0.02068	0.02508	0.02080	0.01654	0.03344	0.07550	0.13864	0.02837	0.03523	0.02348	0.07737	0.10745	0.00628	0.17097	0.01047	0.00787	0.13118
2	0.09440	0.02068	0.03491	0.19477	0.04691	0.02135	0.15194	0.03237	0.02504	0.11462	0.07755	0.04050	0.07089	0.01323	0.01136	0.00356	0.01252	0.01241	0.00764	0.01336
3	0.01952	0.02167	0.08019	0.08775	0.03858	0.01850	0.17936	0.02624	0.02556	0.03521	0.17505	0.15721	0.05119	0.01804	0.01264	0.00373	0.01170	0.01758	0.00809	0.01217
4	0.01525	0.01113	0.01521	0.01494	0.01714	0.01108	0.01122	0.01971	0.02606	0.03688	0.34786	0.12514	0.07832	0.04033	0.17149	0.00752	0.01207	0.01861	0.01007	0.00998
5	0.03449	0.45990	0.04853	0.01886	0.02794	0.03581	0.01795	0.03819	0.02460	0.16908	0.02269	0.02279	0.01751	0.01045	0.00807	0.00261	0.01102	0.00722	0.00705	0.01523
6	0.02208	0.01274	0.01663	0.01639	0.02001	0.01164	0.01305	0.02600	0.02655	0.14106	0.14650	0.18065	0.14992	0.02563	0.01325	0.00407	0.00760	0.14364	0.01111	0.01148
7	0.02654	0.33599	0.14042	0.08977	0.14567	0.03444	0.02677	0.03266	0.02283	0.02954	0.01749	0.02165	0.01471	0.00975	0.00879	0.00285	0.01301	0.00744	0.00483	0.01486
8	0.02671	0.43300	0.22609	0.02283	0.03443	0.03716	0.02592	0.03328	0.02245	0.02863	0.01664	0.01935	0.01393	0.00967	0.00813	0.00271	0.01316	0.00658	0.00464	0.01470
9	0.01374	0.00982	0.01318	0.01571	0.01654	0.00925	0.01092	0.01597	0.02133	0.02835	0.05984	0.55771	0.07112	0.03373	0.01404	0.00449	0.00672	0.07846	0.01011	0.00898
10	0.01736	0.01887	0.10963	0.01783	0.02241	0.01306	0.01673	0.02275	0.02323	0.03312	0.05265	0.20374	0.10066	0.02376	0.01219	0.00395	0.00871	0.14192	0.14668	0.01076
11	0.02568	0.35325	0.29687	0.02457	0.03714	0.03465	0.02896	0.03355	0.02257	0.02988	0.01726	0.02013	0.01391	0.00982	0.00860	0.00287	0.01378	0.00689	0.00464	0.01500
12	0.02915	0.62337	0.05714	0.01866	0.02799	0.04314	0.01866	0.03265	0.02215	0.02565	0.01516	0.01749	0.01399	0.00933	0.00700	0.00233	0.01166	0.00583	0.00466	0.01399
13	0.02241	0.02939	0.16794	0.02018	0.03161	0.01745	0.02032	0.02937	0.02272	0.03526	0.01943	0.02272	0.01552	0.00869	0.00869	0.00211	0.01025	0.00689	0.00596	0.50310
14	0.02337	0.17329	0.45658	0.02852	0.04323	0.02900	0.03583	0.03414	0.02284	0.03270	0.01866	0.02188	0.01385	0.01015	0.00967	0.00322	0.01520	0.00760	0.00462	0.01568
15	0.01328	0.00949	0.01265	0.01518	0.01581	0.00886	0.01012	0.01518	0.02088	0.02783	0.06010	0.60969	0.07212	0.03416	0.01392	0.00443	0.00633	0.03100	0.01012	0.00886
16	0.02368	0.04050	0.28061	0.03626	0.04762	0.02759	0.21421	0.03322	0.02293	0.03322	0.01958	0.02558	0.01493	0.01145	0.01578	0.00377	0.11912	0.01013	0.00498	0.01485
17	0.03180	0.09125	0.09299	0.12535	0.15630	0.08378	0.06864	0.03809	0.02600	0.14574	0.02433	0.02757	0.01785	0.01087	0.01049	0.00325	0.01379	0.00940	0.00695	0.01555
18	0.01320	0.00981	0.01232	0.01433	0.01559	0.00893	0.00974	0.01528	0.02170	0.02817	0.07048	0.50563	0.16947	0.03281	0.01370	0.00427	0.00616	0.02935	0.01012	0.00893
19	0.02385	0.02385	0.03340	0.02863	0.02863	0.03340	0.02385	0.02624	0.01670	0.02624	0.01431	0.02385	0.01431	0.01908	0.03578	0.00477	0.59685	0.00954	0.00477	0.01193
20	0.03191	0.03025	0.17476	0.14867	0.13444	0.02197	0.02859	0.03944	0.02593	0.21477	0.02785	0.02986	0.01915	0.01145	0.01076	0.00342	0.01286	0.00970	0.00788	0.01634
21	0.02241	0.09844	0.52300	0.03016	0.04577	0.02664	0.03868	0.03439	0.02296	0.03387	0.01924	0.02261	0.01383	0.01028	0.01011	0.00337	0.01578	0.00789	0.00461	0.01596
22	0.02059	0.01938	0.03270	0.59060	0.07510	0.02422	0.03028	0.02786	0.02180	0.02786	0.01938	0.02907	0.01453	0.01090	0.01090	0.00363	0.01453	0.00969	0.00484	0.01211
23	0.01351	0.01069	0.01216	0.01259	0.01531	0.00934	0.00914	0.01655	0.02513	0.03201	0.18751	0.22168	0.33960	0.02809	0.01313	0.00381	0.00564	0.02426	0.01051	0.00934
24	0.04006	0.02270	0.04022	0.02955	0.03897	0.02044	0.20444	0.04618	0.02912	0.35713	0.03501	0.03417	0.02300	0.01185	0.01169	0.00349	0.01276	0.01169	0.01045	0.01709
25	0.03192	0.02083	0.03526	0.18303	0.10036	0.02083	0.10798	0.03816	0.02699	0.22141	0.07421	0.03637	0.02738	0.01240	0.01143	0.00349	0.01233	0.01159	0.00876	0.01528
26	0.01560	0.01115	0.01531	0.01783	0.01948	0.01086	0.01415	0.01919	0.02316	0.03043	0.05882	0.34619	0.06705	0.03197	0.01454	0.00475	0.00834	0.27160	0.01008	0.00950
27	0.02655	0.02713	0.05124	0.05964	0.37780	0.02649	0.19886	0.03397	0.02514	0.03538	0.02105	0.02783	0.01702	0.00953	0.01152	0.00339	0.01484	0.01081	0.00544	0.01638
28	0.03030	0.03541	0.23750	0.08084	0.12521	0.02305	0.08190	0.03889	0.02571	0.17523	0.02631	0.02864	0.01828	0.01102	0.01090	0.00344	0.01388	0.00975	0.00725	0.01648
29	0.02745	0.04860	0.45002	0.02867	0.04320	0.02341	0.03528	0.03837	0.02471	0.14211	0.02440	0.02593	0.01653	0.01101	0.01048	0.00344	0.01470	0.00866	0.00644	0.01662
30	0.02700	0.02289	0.04221	0.18445	0.05089	0.02404	0.20866	0.03382	0.02500	0.11589	0.06632	0.03420	0.02447	0.01246	0.01448	0.00371	0.07659	0.01191	0.00705	0.01396
31	0.02187	0.05640	0.56031	0.03108	0.04719	0.02532	0.04029	0.03453	0.02302	0.03453	0.01957	0.02302	0.01381	0.01036	0.01036	0.00345	0.01611	0.00806	0.00460	0.01611
32	0.02498	0.02386	0.04064	0.23081	0.40055	0.02538	0.03247	0.03171	0.02388	0.03319	0.02016	0.02764	0.01641	0.01009	0.01083	0.00336	0.01345	0.00971	0.00522	0.01566
33	0.02059	0.01938	0.03270	0.59060	0.07510	0.02422	0.03028	0.02786	0.02180	0.02786	0.01938	0.02907	0.01453	0.01090	0.01090	0.00363	0.01453	0.00969	0.00484	0.01211
34	0.02951	0.02575	0.02572	0.07553	0.07683	0.16653	0.02002	0.03415	0.02791	0.11246	0.08961	0.06074	0.04014	0.01814	0.01204	0.00372	0.01265	0.14692	0.00872	0.01290
35	0.02563	0.02652	0.08839	0.03848	0.13456	0.02315	0.20644	0.03579	0.07866	0.07521	0.11692	0.03927	0.03409	0.01258	0.01194	0.00351	0.01319	0.01288	0.00770	0.01507
36	0.01857	0.01551	0.02634	0.02460	0.02856	0.01504	0.11660	0.02396	0.02458	0.03236	0.05083	0.17881	0.05478	0.02648	0.01444	0.00466	0.01117	0.31278	0.00913	0.01081
37	0.02941	0.03475	0.19983	0.03458	0.04626	0.02453	0.23788	0.04005	0.05953	0.14176	0.02708	0.02985	0.01898	0.01078	0.01162	0.00355	0.01521	0.01103	0.00724	0.01607
38	0.02459	0.02437	0.04391	0.28900	0.06011	0.02723	0.19723	0.07300	0.02524	0.03378	0.02038	0.02838	0.01557	0.01137	0.01425	0.00374	0.07785	0.01080	0.00561	0.01357
39	0.02634	0.02916	0.09742	0.05638	0.39091	0.02615	0.08330	0.03626	0.07687	0.03647	0.02305	0.02825	0.01849	0.01025	0.01100	0.00335	0.01341	0.01015	0.00592	0.01688
40	0.69383	0.02109	0.01603	0.01434	0.02109	0.02446	0.01181	0.03205	0.01856	0.04892	0.01518	0.01771	0.01181	0.01012	0.00675	0.00337	0.00843	0.00590	0.00675	0.01181
41	0.02385	0.02385	0.03340	0.02863	0.02863	0.03340	0.02385	0.02624	0.01670	0.02624	0.01431	0.02385	0.01431	0.01908	0.03578	0.00477	0.59685	0.00954	0.00477	0.01193
42	0.69383	0.02109	0.01603	0.01434	0.02109	0.02446	0.01181	0.03205	0.01856	0.04892	0.01518	0.01771	0.01181	0.01012	0.00675	0.00337	0.00843	0.00590	0.00675	0.01181
43	0.02737	0.02977	0.11898	0.02398	0.03209	0.02735	0.02157	0.09090	0.40164	0.04556	0.03856	0.03641	0.02868	0.01388	0.01095	0.00362	0.01021	0.01138	0.00994	0.01716
44	0.01489	0.01098	0.01578	0.01643	0.01806	0.01187	0.01224	0.01833	0.01993	0.02802	0.09315	0.21333	0.04850	0.06145	0.34945	0.01217	0.01992	0.01821	0.00776	0.00954
45	0.07846	0.02878	0.11131	0.07485	0.03781	0.02614	0.06474	0.09407	0.23206	0.08918	0.03228	0.03246	0.02353	0.01265	0.01077	0.00356	0.01154	0.01063	0.00893	0.01625
46	0.02315	0.15613	0.47181	0.02889	0.04381	0.02846	0.03648	0.03420	0.02287	0.03297	0.01879	0.02205	0.01384	0.01018	0.00977	0.00326	0.01533	0.00767	0.00461	0.01574
47	0.01425	0.01110	0.01294	0.01248	0.01556	0.00978	0.00936	0.01829	0.02807	0.03709	0.34207	0.09236	0.30799	0.02476	0.01287	0.00355	0.00532	0.02125	0.01113	0.00978
48	0.03340	0.14464	0.09116	0.02500	0.03388	0.07751	0.06349	0.11034	0.14895	0.11971	0.02911	0.02902	0.02141	0.01205	0.01023	0.00322	0.01238	0.00967	0.00857	0.01627
49	0.02187	0.05640	0.56031	0.03108	0.04719	0.02532	0.04029	0.03453	0.02302	0.03453	0.01957	0.02302	0.01381	0.01036	0.01036	0.00345	0.01611	0.00806	0.00460	0.01611
50	0.55635	0.02208	0.02185	0.02518	0.12988	0.02476	0.01627	0.03234	0.01985	0.04618	0.01628	0.01962	0.01293	0.01004	0.00758	0.00335	0.00937	0.00669	0.00647	0.01293
51	0.02559	0.34620	0.30311	0.02473	0.03737	0.03443	0.02923	0.03357	0.02258	0.02999	0.01731	0.02019	0.01390	0.00983	0.00864	0.00288	0.01384	0.00692	0.00463	0.01503
52	0.01586	0.01057	0.01189	0.01189	0.01189	0.01057	0.00661	0.01586	0.01586	0.02114	0.03436	0.07135	0.03964	0.61681	0.05550	0.01057	0.01057	0.01586	0.00661	0.00661
53	0.01328	0.00949	0.01265	0.01518	0.01581	0.00886	0.01012	0.01518	0.02088	0.02783	0.06010	0.60969	0.07212	0.03416	0.01392	0.00443	0.00633	0.03100	0.01012	0.00886
54	0.02215	0.04226	0.35488	0.02537	0.03903	0.02120	0.02983	0.03183	0.02286	0.03491	0.01950	0.02286	0.01471	0.00949	0.00949	0.00275	0.01304	0.00745	0.00531	0.27108
55	0.01993	0.02901	0.22300	0.02009	0.02861	0.01621	0.02167	0.02723	0.02627	0.07815	0.18536	0.06186	0.18199	0.01845	0.01176	0.00350	0.00977	0.01544	0.00879	0.01290
56	0.01543	0.01115	0.01457	0.01372	0.01629	0.01029	0.01029	0.02058	0.03086	0.04372	0.54304	0.08145	0.10288	0.02229	0.01286	0.00343	0.00514	0.01972	0.01200	0.01029
57	0.02712	0.02342	0.02465	0.02219	0.02835	0.02712	0.01726	0.05794	0.52909	0.04561	0.04438	0.04068	0.03328	0.01479	0.01109	0.00370	0.00863	0.01233	0.01109	0.01726
58	0.14622	0.02739	0.03747	0.03795	0.16924	0.06300	0.12160	0.08106	0.13058	0.04218	0.02506	0.02812	0.01936	0.01112	0.01051	0.00342	0.01274	0.01006	0.00733	0.01559
59	0.03490	0.02453	0.02699	0.02250	0.02977	0.02702	0.01800	0.18247	0.30980	0.14173	0.03912	0.03605	0.02811	0.01409	0.01102	0.00352	0.00967	0.01140	0.01146	0.01784
60	0.02445	0.23555	0.08145	0.02489	0.03249	0.02936	0.12094	0.02919	0.02134	0.02837	0.02058	0.03097	0.01925	0.11713	0.02007	0.00433	0.07338	0.00967	0.00535	0.07125

[dist]
# distance from previous block
# <min> <max>
0	7

[block]
# block no. 2 follows, 12 sequences, length 75
# corresponding to MSA columns:
# 124-198
name=unknown_C
#
# <colnr> <probs for GDERKNQSTAVLIFYWHMCP>
#	G	D	E	R	K	N	Q	S	T	A	V	L	I	F	Y	W	H	M	C	P
0	0.02017	0.01864	0.03081	0.21842	0.04485	0.02055	0.09484	0.02543	0.02159	0.02928	0.02979	0.12723	0.02967	0.06322	0.01793	0.00437	0.07618	0.05272	0.00645	0.06788
1	0.01543	0.01115	0.01457	0.01372	0.01629	0.01029	0.01029	0.02058	0.03086	0.04372	0.54304	0.08145	0.10288	0.02229	0.01286	0.00343	0.00514	0.01972	0.01200	0.01029
2	0.01595	0.01097	0.01347	0.01284	0.01553	0.01015	0.00963	0.02083	0.02890	0.04167	0.41290	0.07734	0.13880	0.02130	0.01201	0.00331	0.00518	0.01852	0.12055	0.01015
3	0.02574	0.01254	0.01530	0.01358	0.01757	0.01164	0.01055	0.03063	0.02751	0.16794	0.20216	0.05303	0.05204	0.01601	0.01014	0.00303	0.00613	0.01346	0.29874	0.01226
4	0.02385	0.02385	0.03340	0.02863	0.02863	0.03340	0.02385	0.02624	0.01670	0.02624	0.01431	0.02385	0.01431	0.01908	0.03578	0.00477	0.59685	0.00954	0.00477	0.01193
5	0.01586	0.01057	0.01189	0.01189	0.01189	0.01057	0.00661	0.01586	0.01586	0.02114	0.03436	0.07135	0.03964	0.61681	0.05550	0.01057	0.01057	0.01586	0.00661	0.00661
6	0.01577	0.01093	0.01369	0.01369	0.01431	0.01155	0.00885	0.01701	0.01639	0.02247	0.03271	0.06225	0.03569	0.44607	0.22083	0.01279	0.01652	0.01452	0.00636	0.00761
7	0.02385	0.02385	0.03340	0.02863	0.02863	0.03340	0.02385	0.02624	0.01670	0.02624	0.01431	0.02385	0.01431	0.01908	0.03578	0.00477	0.59685	0.00954	0.00477	0.01193
8	0.02240	0.02258	0.04195	0.36853	0.06518	0.02448	0.18165	0.03008	0.02313	0.03076	0.02023	0.02864	0.01531	0.01012	0.01129	0.00348	0.01522	0.01043	0.00519	0.06935
9	0.02331	0.16885	0.46051	0.02861	0.04338	0.02886	0.03600	0.03416	0.02285	0.03277	0.01869	0.02192	0.01385	0.01015	0.00969	0.00323	0.01523	0.00762	0.00462	0.01569
10	0.01586	0.01057	0.01189	0.01189	0.01189	0.01057	0.00661	0.01586	0.01586	0.02114	0.03436	0.07135	0.03964	0.61681	0.05550	0.01057	0.01057	0.01586	0.00661	0.00661
11	0.02187	0.05640	0.56031	0.03108	0.04719	0.02532	0.04029	0.03453	0.02302	0.03453	0.01957	0.02302	0.01381	0.01036	0.01036	0.00345	0.01611	0.00806	0.00460	0.01611
12	0.02059	0.01938	0.03270	0.59060	0.07510	0.02422	0.03028	0.02786	0.02180	0.02786	0.01938	0.02907	0.01453	0.01090	0.01090	0.00363	0.01453	0.00969	0.00484	0.01211
13	0.02033	0.01016	0.01016	0.01016	0.01270	0.01016	0.00762	0.02541	0.02287	0.04065	0.03557	0.04065	0.02795	0.01270	0.00762	0.00254	0.00508	0.01016	0.67734	0.01016
14	0.02381	0.02267	0.03853	0.32673	0.31379	0.02507	0.03188	0.03068	0.02333	0.03177	0.01995	0.02802	0.01591	0.01030	0.01085	0.00343	0.01374	0.00970	0.00512	0.01471
15	0.01289	0.01105	0.01105	0.01105	0.01473	0.00920	0.00828	0.01565	0.02485	0.02946	0.11046	0.10493	0.54437	0.02761	0.01289	0.00368	0.00552	0.02301	0.01013	0.00920
16	0.01681	0.01219	0.01651	0.01825	0.02087	0.01189	0.01557	0.02165	0.02602	0.03417	0.14168	0.11462	0.11150	0.02862	0.01451	0.00464	0.00884	0.36129	0.01037	0.01001
17	0.02915	0.62337	0.05714	0.01866	0.02799	0.04314	0.01866	0.03265	0.02215	0.02565	0.01516	0.01749	0.01399	0.00933	0.00700	0.00233	0.01166	0.00583	0.00466	0.01399
18	0.02699	0.02591	0.04426	0.06693	0.54879	0.02591	0.03346	0.03346	0.02483	0.03562	0.02051	0.02699	0.01727	0.00972	0.01079	0.00324	0.01295	0.00972	0.00540	0.01727
19	0.02385	0.02385	0.03340	0.02863	0.02863	0.03340	0.02385	0.02624	0.01670	0.02624	0.01431	0.02385	0.01431	0.01908	0.03578	0.00477	0.59685	0.00954	0.00477	0.01193
20	0.01437	0.01026	0.01389	0.01642	0.01753	0.00979	0.01200	0.01705	0.02194	0.02905	0.05950	0.48670	0.06975	0.03314	0.01421	0.00458	0.00726	0.14330	0.01010	0.00916
21	0.09325	0.02537	0.04107	0.03062	0.03978	0.02509	0.21206	0.11598	0.07467	0.18440	0.02976	0.03097	0.02075	0.01154	0.01135	0.00351	0.01318	0.01122	0.00913	0.01632
22	0.02653	0.01498	0.01806	0.01562	0.02112	0.01335	0.01219	0.03240	0.06924	0.19959	0.10995	0.11389	0.21635	0.02066	0.01184	0.00347	0.00721	0.01743	0.01116	0.06497
23	0.01325	0.00962	0.01252	0.01483	0.01572	0.00889	0.00997	0.01522	0.02121	0.02797	0.06433	0.56728	0.11179	0.03361	0.01383	0.00437	0.00626	0.03033	0.01012	0.00889
24	0.04768	0.02054	0.02653	0.02034	0.02883	0.01897	0.01680	0.12926	0.03453	0.47552	0.04023	0.03530	0.02559	0.01343	0.01096	0.00336	0.00973	0.01077	0.01307	0.01855
25	0.02337	0.02211	0.03482	0.18571	0.21873	0.02530	0.02710	0.02876	0.02141	0.03065	0.01931	0.02757	0.01650	0.01736	0.05780	0.00460	0.15056	0.00952	0.00524	0.07358
26	0.02572	0.02461	0.04197	0.17079	0.45484	0.02557	0.03283	0.03235	0.02423	0.03408	0.02029	0.02740	0.01673	0.00995	0.01082	0.00332	0.01327	0.00971	0.00529	0.01625
27	0.01726	0.01391	0.01974	0.01879	0.02003	0.01704	0.01450	0.02022	0.01708	0.02481	0.02710	0.04378	0.02674	0.15777	0.38130	0.01384	0.13871	0.01195	0.00576	0.00965
28	0.01586	0.01057	0.01189	0.01189	0.01189	0.01057	0.00661	0.01586	0.01586	0.02114	0.03436	0.07135	0.03964	0.61681	0.05550	0.01057	0.01057	0.01586	0.00661	0.00661
29	0.09115	0.27924	0.08808	0.02752	0.08763	0.20081	0.02230	0.03619	0.02489	0.02991	0.01665	0.01970	0.01416	0.01012	0.00855	0.00277	0.01436	0.00682	0.00522	0.01393
30	0.02712	0.02342	0.02465	0.02219	0.02835	0.02712	0.01726	0.05794	0.52909	0.04561	0.04438	0.04068	0.03328	0.01479	0.01109	0.00370	0.00863	0.01233	0.01109	0.01726
31	0.02263	0.02146	0.03639	0.42349	0.22626	0.02476	0.03130	0.02965	0.02277	0.03034	0.01974	0.02840	0.01541	0.01052	0.01087	0.00351	0.01403	0.00970	0.00502	0.01376
32	0.01586	0.01057	0.01189	0.01189	0.01189	0.01057	0.00661	0.01586	0.01586	0.02114	0.03436	0.07135	0.03964	0.61681	0.05550	0.01057	0.01057	0.01586	0.00661	0.00661
33	0.01316	0.01106	0.01143	0.01134	0.01490	0.00932	0.00850	0.01619	0.02551	0.03101	0.15765	0.10237	0.49620	0.02703	0.01288	0.00365	0.00548	0.02265	0.01033	0.00932
34	0.02699	0.02591	0.04426	0.06693	0.54879	0.02591	0.03346	0.03346	0.02483	0.03562	0.02051	0.02699	0.01727	0.00972	0.01079	0.00324	0.01295	0.00972	0.00540	0.01727
35	0.01448	0.01050	0.01265	0.01318	0.01542	0.00953	0.00948	0.01794	0.02539	0.03458	0.23063	0.25397	0.20358	0.02671	0.01277	0.00374	0.00562	0.02341	0.06689	0.00953
36	0.03912	0.02857	0.03229	0.02525	0.03253	0.03244	0.02089	0.39919	0.04414	0.09763	0.02548	0.02660	0.01847	0.01410	0.01498	0.00352	0.10740	0.00986	0.01009	0.01746
37	0.04892	0.01856	0.02530	0.01940	0.02783	0.01603	0.01603	0.05314	0.03121	0.55634	0.04302	0.03711	0.02699	0.01350	0.01096	0.00337	0.00928	0.01096	0.01350	0.01856
38	0.02261	0.01938	0.02261	0.01615	0.02584	0.01453	0.01292	0.02745	0.02261	0.03553	0.01938	0.02261	0.01615	0.00807	0.00807	0.00161	0.00807	0.00646	0.00646	0.68346
39	0.02915	0.62337	0.05714	0.01866	0.02799	0.04314	0.01866	0.03265	0.02215	0.02565	0.01516	0.01749	0.01399	0.00933	0.00700	0.00233	0.01166	0.00583	0.00466	0.01399
40	0.03898	0.02134	0.02525	0.02036	0.02752	0.02163	0.01644	0.18936	0.09016	0.26546	0.03884	0.08260	0.02896	0.01519	0.01094	0.00340	0.00946	0.01238	0.06480	0.01693
41	0.02261	0.01938	0.02261	0.01615	0.02584	0.01453	0.01292	0.02745	0.02261	0.03553	0.01938	0.02261	0.01615	0.00807	0.00807	0.00161	0.00807	0.00646	0.00646	0.68346
42	0.01586	0.01057	0.01189	0.01189	0.01189	0.01057	0.00661	0.01586	0.01586	0.02114	0.03436	0.07135	0.03964	0.61681	0.05550	0.01057	0.01057	0.01586	0.00661	0.00661
43	0.01586	0.01057	0.01189	0.01189	0.01189	0.01057	0.00661	0.01586	0.01586	0.02114	0.03436	0.07135	0.03964	0.61681	0.05550	0.01057	0.01057	0.01586	0.00661	0.00661
44	0.02132	0.01733	0.01965	0.01799	0.02237	0.01877	0.01380	0.03940	0.28192	0.04468	0.29177	0.06091	0.06781	0.01851	0.01197	0.00356	0.00690	0.01599	0.01155	0.01380
45	0.02030	0.02307	0.11439	0.01949	0.02561	0.01832	0.01782	0.03497	0.18847	0.04270	0.29126	0.05810	0.06491	0.01779	0.01185	0.00352	0.00820	0.01530	0.01040	0.01354
46	0.02699	0.02591	0.04426	0.06693	0.54879	0.02591	0.03346	0.03346	0.02483	0.03562	0.02051	0.02699	0.01727	0.00972	0.01079	0.00324	0.01295	0.00972	0.00540	0.01727
47	0.01328	0.00949	0.01265	0.01518	0.01581	0.00886	0.01012	0.01518	0.02088	0.02783	0.06010	0.60969	0.07212	0.03416	0.01392	0.00443	0.00633	0.03100	0.01012	0.00886
48	0.03574	0.04446	0.04202	0.03403	0.04145	0.39158	0.18344	0.04067	0.02918	0.02943	0.01859	0.02291	0.01488	0.01056	0.01084	0.00310	0.01924	0.00897	0.00558	0.01333
49	0.01415	0.01109	0.01279	0.01237	0.01550	0.00974	0.00928	0.01808	0.02783	0.03651	0.32436	0.09332	0.32606	0.02498	0.01287	0.00356	0.00534	0.02138	0.01105	0.00974
50	0.02565	0.02532	0.04545	0.15623	0.38560	0.02588	0.10966	0.03271	0.02444	0.03414	0.02056	0.02775	0.01667	0.00984	0.01115	0.00338	0.01411	0.01022	0.00532	0.01594
51	0.01819	0.01368	0.01746	0.01782	0.02093	0.01391	0.01456	0.02730	0.10630	0.03917	0.25303	0.09322	0.07446	0.02454	0.01354	0.00417	0.00783	0.21762	0.01100	0.01127
52	0.01328	0.00949	0.01265	0.01518	0.01581	0.00886	0.01012	0.01518	0.02088	0.02783	0.06010	0.60969	0.07212	0.03416	0.01392	0.00443	0.00633	0.03100	0.01012	0.00886
53	0.02261	0.01938	0.02261	0.01615	0.02584	0.01453	0.01292	0.02745	0.02261	0.03553	0.01938	0.02261	0.01615	0.00807	0.00807	0.00161	0.00807	0.00646	0.00646	0.68346
54	0.02033	0.01016	0.01016	0.01016	0.01270	0.01016	0.00762	0.02541	0.02287	0.04065	0.03557	0.04065	0.02795	0.01270	0.00762	0.00254	0.00508	0.01016	0.67734	0.01016
55	0.01371	0.01070	0.01244	0.01280	0.01543	0.00943	0.00930	0.01695	0.02562	0.03315	0.22215	0.21919	0.30487	0.02766	0.01313	0.00379	0.00561	0.02398	0.01066	0.00943
56	0.01551	0.01244	0.01402	0.01339	0.01687	0.01162	0.01011	0.02234	0.08240	0.03723	0.28541	0.08803	0.30269	0.02397	0.01268	0.00358	0.00570	0.02046	0.01102	0.01054
57	0.19726	0.01481	0.01614	0.01544	0.01901	0.01523	0.01168	0.02703	0.02104	0.11471	0.03712	0.10836	0.03737	0.20990	0.02506	0.00605	0.00935	0.09517	0.00864	0.01063
58	0.01586	0.01057	0.01189	0.01189	0.01189	0.01057	0.00661	0.01586	0.01586	0.02114	0.03436	0.07135	0.03964	0.61681	0.05550	0.01057	0.01057	0.01586	0.00661	0.00661
59	0.02455	0.02122	0.03142	0.13024	0.23393	0.02222	0.02398	0.10679	0.02888	0.03917	0.08118	0.09169	0.08699	0.01569	0.01152	0.00348	0.01097	0.01394	0.00773	0.01440
60	0.03499	0.08771	0.03970	0.03838	0.15616	0.34461	0.07703	0.03940	0.02824	0.02959	0.01814	0.02227	0.01507	0.01051	0.01017	0.00297	0.01734	0.00820	0.00548	0.01405
61	0.69383	0.02109	0.01603	0.01434	0.02109	0.02446	0.01181	0.03205	0.01856	0.04892	0.01518	0.01771	0.01181	0.01012	0.00675	0.00337	0.00843	0.00590	0.00675	0.01181
62	0.01543	0.01115	0.01457	0.01372	0.01629	0.01029	0.01029	0.02058	0.03086	0.04372	0.54304	0.08145	0.10288	0.02229	0.01286	0.00343	0.00514	0.01972	0.01200	0.01029
63	0.04811	0.01986	0.02611	0.02002	0.02849	0.01797	0.01654	0.10325	0.03340	0.50314	0.04118	0.03592	0.02607	0.01345	0.01096	0.00336	0.00957	0.01084	0.01321	0.01855
64	0.01931	0.01268	0.01631	0.01517	0.01801	0.01260	0.01127	0.02522	0.06247	0.08232	0.29987	0.06672	0.06897	0.12324	0.11086	0.00686	0.01054	0.01650	0.01022	0.01086
65	0.23275	0.37295	0.04192	0.01842	0.02594	0.03634	0.01712	0.03177	0.02045	0.03286	0.01507	0.01825	0.01336	0.01064	0.01006	0.00292	0.07451	0.00626	0.00532	0.01310
66	0.02059	0.01938	0.03270	0.59060	0.07510	0.02422	0.03028	0.02786	0.02180	0.02786	0.01938	0.02907	0.01453	0.01090	0.01090	0.00363	0.01453	0.00969	0.00484	0.01211
67	0.01478	0.01191	0.01330	0.01328	0.01645	0.01097	0.00982	0.02041	0.06979	0.03390	0.19632	0.17247	0.32455	0.02629	0.01288	0.00374	0.00583	0.02256	0.01064	0.01011
68	0.01880	0.01491	0.01736	0.01609	0.01986	0.01536	0.01225	0.03162	0.18339	0.04305	0.35190	0.07099	0.12024	0.02045	0.01232	0.00353	0.00625	0.01774	0.01156	0.01233
69	0.69383	0.02109	0.01603	0.01434	0.02109	0.02446	0.01181	0.03205	0.01856	0.04892	0.01518	0.01771	0.01181	0.01012	0.00675	0.00337	0.00843	0.00590	0.00675	0.01181
70	0.01586	0.01057	0.01189	0.01189	0.01189	0.01057	0.00661	0.01586	0.01586	0.02114	0.03436	0.07135	0.03964	0.61681	0.05550	0.01057	0.01057	0.01586	0.00661	0.00661
71	0.02395	0.21861	0.41636	0.02752	0.04170	0.03042	0.03410	0.03399	0.02277	0.03199	0.01831	0.02144	0.01386	0.01006	0.00940	0.00313	0.01484	0.00742	0.00462	0.01551
72	0.30488	0.08027	0.20321	0.02344	0.03400	0.02574	0.06646	0.03502	0.02206	0.08565	0.01968	0.02219	0.01439	0.01035	0.00887	0.00335	0.01217	0.00767	0.00636	0.01424
73	0.01384	0.00982	0.01296	0.01527	0.01599	0.00929	0.01039	0.01581	0.02076	0.02762	0.05766	0.52496	0.06855	0.08489	0.01765	0.00501	0.00698	0.06398	0.00981	0.00875
74	0.69383	0.02109	0.01603	0.01434	0.02109	0.02446	0.01181	0.03205	0.01856	0.04892	0.01518	0.01771	0.01181	0.01012	0.00675	0.00337	0.00843	0.00590	0.00675	0.01181

[dist]
# distance from previous block
# <min> <max>
0	1

[block]
# block no. 3 follows, 12 sequences, length 26
# corresponding to MSA columns:
# 201-207,211-229
name=unknown_D
#
# <colnr> <probs for GDERKNQSTAVLIFYWHMCP>
#	G	D	E	R	K	N	Q	S	T	A	V	L	I	F	Y	W	H	M	C	P
0	0.02526	0.02160	0.03392	0.17412	0.28112	0.02262	0.02658	0.03338	0.06880	0.07316	0.03619	0.03997	0.08999	0.01314	0.01114	0.00344	0.01166	0.01183	0.00702	0.01507
1	0.02915	0.62337	0.05714	0.01866	0.02799	0.04314	0.01866	0.03265	0.02215	0.02565	0.01516	0.01749	0.01399	0.00933	0.00700	0.00233	0.01166	0.00583	0.00466	0.01399
2	0.02915	0.62337	0.05714	0.01866	0.02799	0.04314	0.01866	0.03265	0.02215	0.02565	0.01516	0.01749	0.01399	0.00933	0.00700	0.00233	0.01166	0.00583	0.00466	0.01399
3	0.01581	0.01075	0.01280	0.01280	0.01312	0.01107	0.00774	0.01644	0.01613	0.02182	0.03352	0.06674	0.03764	0.53030	0.13927	0.01169	0.01358	0.01518	0.00648	0.00711
4	0.02856	0.02535	0.09669	0.01957	0.02983	0.01814	0.01788	0.08046	0.02687	0.12158	0.02384	0.02533	0.01780	0.00974	0.00912	0.00231	0.00974	0.00772	0.00777	0.42170
5	0.02712	0.02342	0.02465	0.02219	0.02835	0.02712	0.01726	0.05794	0.52909	0.04561	0.04438	0.04068	0.03328	0.01479	0.01109	0.00370	0.00863	0.01233	0.01109	0.01726
6	0.03760	0.03138	0.13155	0.02412	0.03378	0.02638	0.02267	0.27864	0.03971	0.17426	0.06487	0.03198	0.02548	0.01330	0.01095	0.00334	0.01168	0.01044	0.01037	0.01750
7	0.03046	0.02124	0.03200	0.07375	0.15019	0.02127	0.06360	0.08422	0.06809	0.16007	0.13733	0.04201	0.03847	0.01397	0.01149	0.00341	0.01065	0.01257	0.00958	0.01563
8	0.01385	0.00992	0.01316	0.01480	0.01594	0.00923	0.01017	0.01660	0.02349	0.03200	0.18664	0.47128	0.08018	0.03105	0.01364	0.00417	0.00602	0.02804	0.01061	0.00923
9	0.02187	0.05640	0.56031	0.03108	0.04719	0.02532	0.04029	0.03453	0.02302	0.03453	0.01957	0.02302	0.01381	0.01036	0.01036	0.00345	0.01611	0.00806	0.00460	0.01611
10	0.02921	0.17171	0.07766	0.17904	0.12816	0.17885	0.02631	0.03464	0.02495	0.02877	0.01791	0.02305	0.01467	0.01040	0.00965	0.00303	0.01513	0.00796	0.00509	0.01382
11	0.02137	0.02076	0.03630	0.16997	0.12807	0.02185	0.13482	0.02758	0.02380	0.03155	0.03985	0.05368	0.10775	0.01622	0.01391	0.00385	0.05238	0.07684	0.00665	0.01278
12	0.01363	0.00964	0.01255	0.01474	0.01528	0.00909	0.00965	0.01527	0.02020	0.02693	0.05662	0.53696	0.06773	0.11288	0.01953	0.00526	0.00690	0.02895	0.00965	0.00855
13	0.01459	0.01080	0.01378	0.01584	0.01699	0.01057	0.01079	0.01921	0.06869	0.02951	0.05862	0.55615	0.06846	0.03234	0.01365	0.00436	0.00654	0.02924	0.01021	0.00965
14	0.07466	0.07514	0.10292	0.08794	0.15855	0.02309	0.02399	0.03473	0.06128	0.10557	0.06321	0.08607	0.02928	0.01395	0.01062	0.00342	0.01114	0.01193	0.00767	0.01485
15	0.03421	0.01635	0.02095	0.01823	0.02383	0.01542	0.01477	0.08451	0.02961	0.27899	0.04514	0.13145	0.03845	0.01896	0.01159	0.00367	0.00869	0.08863	0.10190	0.01467
16	0.54767	0.15352	0.02507	0.01529	0.02260	0.02857	0.01331	0.03218	0.01935	0.04380	0.01518	0.01766	0.01229	0.00995	0.00680	0.00314	0.00914	0.00589	0.00629	0.01229
17	0.02030	0.01232	0.01555	0.01406	0.01782	0.01098	0.01079	0.02478	0.02963	0.12355	0.36940	0.07932	0.18531	0.02201	0.01256	0.00347	0.00589	0.01901	0.01184	0.01139
18	0.01377	0.01087	0.01241	0.01247	0.01538	0.00951	0.00918	0.01719	0.02627	0.03387	0.24416	0.16550	0.33716	0.02677	0.01302	0.00370	0.00551	0.02302	0.01073	0.00951
19	0.02229	0.03170	0.22519	0.02582	0.03508	0.01971	0.09241	0.03213	0.05990	0.07502	0.15783	0.09873	0.04444	0.01605	0.01178	0.00359	0.01173	0.01441	0.00821	0.01400
20	0.02315	0.01768	0.02360	0.01880	0.02584	0.01502	0.05158	0.02937	0.05687	0.08413	0.07014	0.15272	0.03634	0.01560	0.01049	0.00280	0.00845	0.01386	0.00852	0.33504
21	0.02075	0.01736	0.02059	0.01582	0.02369	0.01341	0.01232	0.02522	0.02306	0.03517	0.06854	0.10684	0.03094	0.01278	0.00926	0.00215	0.00759	0.01088	0.00742	0.53618
22	0.02255	0.04489	0.38756	0.02687	0.04057	0.02310	0.03191	0.03527	0.07298	0.03585	0.02198	0.02468	0.01626	0.01029	0.00992	0.00307	0.01358	0.00812	0.00566	0.16488
23	0.02173	0.02056	0.03553	0.35164	0.16803	0.02300	0.07024	0.02871	0.02403	0.03230	0.09061	0.03573	0.02724	0.01203	0.01132	0.00352	0.01326	0.01133	0.00599	0.01321
24	0.12253	0.17553	0.10627	0.07247	0.03548	0.15486	0.02198	0.08196	0.02666	0.03550	0.01792	0.02103	0.01434	0.01043	0.00888	0.00289	0.01367	0.00719	0.00593	0.06449
25	0.02580	0.16715	0.20607	0.15091	0.12938	0.08062	0.03055	0.03340	0.02361	0.03064	0.01846	0.02341	0.01459	0.01022	0.00976	0.00315	0.01463	0.00809	0.00489	0.01468

[dist]
# distance from previous block
# <min> <max>
0	2

[block]
# block no. 4 follows, 12 sequences, length 6
# corresponding to MSA columns:
# 236-241
name=unknown_E
#
# <colnr> <probs for GDERKNQSTAVLIFYWHMCP>
#	G	D	E	R	K	N	Q	S	T	A	V	L	I	F	Y	W	H	M	C	P
0	0.03401	0.08903	0.12644	0.02342	0.03267	0.02820	0.02214	0.26647	0.03855	0.10540	0.09520	0.03333	0.02947	0.01351	0.01070	0.00324	0.01150	0.01056	0.00958	0.01656
1	0.02786	0.23470	0.32558	0.02549	0.03837	0.02984	0.03003	0.03643	0.02384	0.10187	0.02130	0.02313	0.01564	0.01045	0.00935	0.00308	0.01375	0.00773	0.00582	0.01576
2	0.02639	0.40801	0.24826	0.02337	0.03528	0.03637	0.02687	0.03336	0.02248	0.02902	0.01683	0.01959	0.01392	0.00972	0.00827	0.00276	0.01335	0.00668	0.00464	0.01480
3	0.02561	0.34804	0.30149	0.02469	0.03731	0.03449	0.02916	0.03356	0.02258	0.02996	0.01730	0.02018	0.01390	0.00983	0.00863	0.00288	0.01382	0.00691	0.00463	0.01502
4	0.02761	0.02441	0.09808	0.31482	0.05432	0.02265	0.02649	0.07758	0.02713	0.13305	0.06442	0.03353	0.02389	0.01239	0.01099	0.00351	0.01280	0.01050	0.00754	0.01429
5	0.02387	0.06586	0.12371	0.01946	0.02655	0.01928	0.01848	0.03387	0.11712	0.10301	0.05347	0.06096	0.15226	0.07335	0.01554	0.00426	0.00992	0.05662	0.00899	0.01342

[dist]
# distance from previous block
# <min> <max>
0	30

# created by:
# /st0/software/busco_prod/Augustus/scripts/msa2prfl.pl ./align_prep/5103.fa
