[name]
unknown

[dist]
# distance from previous block
# <min> <max>
0	456

[block]
# block no. 0 follows, 14 sequences, length 101
# corresponding to MSA columns:
# 511-611
name=unknown_A
#
# <colnr> <probs for GDERKNQSTAVLIFYWHMCP>
#	G	D	E	R	K	N	Q	S	T	A	V	L	I	F	Y	W	H	M	C	P
0	0.02187	0.01620	0.01922	0.01668	0.02217	0.01535	0.01310	0.03237	0.15840	0.08222	0.14453	0.09806	0.04507	0.01627	0.01051	0.00301	0.00729	0.05718	0.00938	0.21112
1	0.08620	0.22234	0.16004	0.02045	0.02899	0.02639	0.02081	0.03354	0.02215	0.15085	0.02436	0.07230	0.02012	0.01250	0.01062	0.00306	0.05540	0.00922	0.00680	0.01386
2	0.50846	0.02416	0.01900	0.01645	0.02296	0.09790	0.01330	0.07587	0.02261	0.09299	0.01771	0.01921	0.01320	0.01018	0.00741	0.00310	0.00966	0.00643	0.00711	0.01231
3	0.01894	0.01304	0.01699	0.06788	0.02221	0.01281	0.01235	0.06012	0.02925	0.08143	0.40250	0.06706	0.11675	0.01916	0.01167	0.00325	0.00643	0.01666	0.01058	0.01091
4	0.01924	0.01740	0.02922	0.56074	0.06554	0.02155	0.02674	0.02507	0.01988	0.02547	0.01820	0.02770	0.01405	0.01254	0.01294	0.06604	0.01325	0.00910	0.00455	0.01078
5	0.06923	0.06838	0.02885	0.02312	0.02548	0.02862	0.01906	0.03107	0.13096	0.03006	0.02273	0.06963	0.02105	0.01688	0.02336	0.00399	0.35855	0.01052	0.00624	0.01222
6	0.09168	0.01462	0.01816	0.01515	0.02068	0.01330	0.01211	0.03421	0.02738	0.29615	0.20498	0.05456	0.12077	0.01672	0.01075	0.00323	0.00701	0.01392	0.01127	0.01336
7	0.03681	0.02711	0.02927	0.02265	0.03034	0.02984	0.01862	0.49431	0.04653	0.06256	0.07356	0.02930	0.02457	0.01310	0.01043	0.00309	0.01071	0.01008	0.01036	0.01676
8	0.02424	0.02576	0.02386	0.02157	0.02597	0.19767	0.05860	0.03102	0.10003	0.02947	0.03522	0.24909	0.03636	0.01859	0.01094	0.00329	0.01131	0.01607	0.00765	0.07329
9	0.08324	0.02271	0.04540	0.03399	0.04178	0.02168	0.37049	0.02840	0.02257	0.03253	0.02833	0.16439	0.02708	0.01408	0.01182	0.00360	0.01388	0.01541	0.00628	0.01234
10	0.03514	0.01616	0.02085	0.01695	0.02312	0.01470	0.01361	0.08365	0.02977	0.36336	0.12748	0.09111	0.08503	0.01654	0.01095	0.00327	0.00785	0.01388	0.01176	0.01483
11	0.01452	0.01049	0.01372	0.01291	0.01533	0.00968	0.00968	0.01937	0.02905	0.04115	0.56992	0.07666	0.09683	0.02098	0.01210	0.00323	0.00484	0.01856	0.01130	0.00968
12	0.02984	0.02314	0.03933	0.05148	0.41050	0.02247	0.07065	0.03568	0.02476	0.15420	0.02409	0.02769	0.01821	0.00988	0.01036	0.00311	0.01186	0.00965	0.00677	0.01632
13	0.02201	0.02411	0.05036	0.03695	0.04576	0.02252	0.42565	0.02954	0.02406	0.03202	0.03438	0.04426	0.09151	0.01255	0.01228	0.00357	0.01507	0.05447	0.00611	0.01280
14	0.01938	0.01824	0.03078	0.61468	0.07068	0.02280	0.02850	0.02622	0.02052	0.02622	0.01824	0.02736	0.01368	0.01026	0.01026	0.00342	0.01368	0.00912	0.00456	0.01140
15	0.01515	0.01137	0.01461	0.01623	0.01894	0.01082	0.01380	0.01921	0.02355	0.02977	0.06989	0.11043	0.21961	0.02761	0.01353	0.00433	0.00812	0.35434	0.00947	0.00920
16	0.02168	0.02059	0.03494	0.40385	0.26354	0.02340	0.02964	0.02824	0.02161	0.02901	0.01865	0.02661	0.01466	0.00983	0.01022	0.00328	0.01311	0.00913	0.00476	0.01326
17	0.04122	0.02521	0.02861	0.02193	0.03006	0.02658	0.01812	0.38715	0.04233	0.22700	0.02961	0.02786	0.01994	0.01244	0.01028	0.00311	0.01049	0.00958	0.01103	0.01746
18	0.01377	0.01046	0.01268	0.01212	0.01487	0.00936	0.00909	0.01791	0.02727	0.03694	0.42384	0.08359	0.24554	0.02255	0.01211	0.00330	0.00495	0.01953	0.01074	0.00936
19	0.28644	0.02234	0.02983	0.03306	0.19877	0.02330	0.06329	0.07679	0.02419	0.11936	0.02103	0.02362	0.01568	0.01002	0.00893	0.00315	0.01046	0.00823	0.00709	0.01440
20	0.03833	0.04891	0.02908	0.02644	0.03173	0.59815	0.01983	0.04098	0.02908	0.02512	0.01586	0.01851	0.01322	0.01058	0.00925	0.00264	0.01851	0.00661	0.00529	0.01190
21	0.01213	0.01040	0.01040	0.01040	0.01386	0.00866	0.00780	0.01473	0.02339	0.02772	0.10396	0.09876	0.57117	0.02599	0.01213	0.00347	0.00520	0.02166	0.00953	0.00866
22	0.35539	0.02307	0.03567	0.02689	0.03513	0.02363	0.24151	0.03302	0.02142	0.08560	0.01933	0.02302	0.01427	0.00941	0.00920	0.00330	0.01209	0.00882	0.00638	0.01284
23	0.02540	0.02438	0.04165	0.06299	0.57533	0.02438	0.03149	0.03149	0.02337	0.03353	0.01930	0.02540	0.01626	0.00914	0.01016	0.00305	0.01219	0.00914	0.00508	0.01626
24	0.01213	0.01040	0.01040	0.01040	0.01386	0.00866	0.00780	0.01473	0.02339	0.02772	0.10396	0.09876	0.57117	0.02599	0.01213	0.00347	0.00520	0.02166	0.00953	0.00866
25	0.02553	0.02204	0.02320	0.02088	0.02669	0.02553	0.01624	0.05453	0.55679	0.04293	0.04177	0.03829	0.03133	0.01392	0.01044	0.00348	0.00812	0.01160	0.01044	0.01624
26	0.02974	0.02368	0.03798	0.05275	0.44454	0.02357	0.02794	0.07740	0.02640	0.12101	0.02303	0.02681	0.01777	0.00996	0.01019	0.00307	0.01158	0.00933	0.00670	0.01654
27	0.04604	0.01746	0.02382	0.01826	0.02620	0.01508	0.01508	0.05001	0.02937	0.58244	0.04049	0.03493	0.02540	0.01270	0.01032	0.00318	0.00873	0.01032	0.01270	0.01746
28	0.01654	0.01181	0.01654	0.01890	0.02126	0.01181	0.01654	0.02126	0.02362	0.03071	0.05433	0.11576	0.05906	0.02835	0.01417	0.00472	0.00945	0.50626	0.00945	0.00945
29	0.02540	0.02438	0.04165	0.06299	0.57533	0.02438	0.03149	0.03149	0.02337	0.03353	0.01930	0.02540	0.01626	0.00914	0.01016	0.00305	0.01219	0.00914	0.00508	0.01626
30	0.01654	0.01181	0.01654	0.01890	0.02126	0.01181	0.01654	0.02126	0.02362	0.03071	0.05433	0.11576	0.05906	0.02835	0.01417	0.00472	0.00945	0.50626	0.00945	0.00945
31	0.01452	0.01049	0.01372	0.01291	0.01533	0.00968	0.00968	0.01937	0.02905	0.04115	0.56992	0.07666	0.09683	0.02098	0.01210	0.00323	0.00484	0.01856	0.01130	0.00968
32	0.04604	0.01746	0.02382	0.01826	0.02620	0.01508	0.01508	0.05001	0.02937	0.58244	0.04049	0.03493	0.02540	0.01270	0.01032	0.00318	0.00873	0.01032	0.01270	0.01746
33	0.04604	0.01746	0.02382	0.01826	0.02620	0.01508	0.01508	0.05001	0.02937	0.58244	0.04049	0.03493	0.02540	0.01270	0.01032	0.00318	0.00873	0.01032	0.01270	0.01746
34	0.03901	0.02874	0.03080	0.02361	0.03182	0.03182	0.01951	0.54111	0.04825	0.06468	0.02464	0.02464	0.01745	0.01232	0.01027	0.00308	0.01129	0.00924	0.01027	0.01745
35	0.02318	0.02212	0.03764	0.26666	0.38903	0.02380	0.03039	0.02955	0.02232	0.03083	0.01891	0.02612	0.01530	0.00956	0.01020	0.00319	0.01274	0.00913	0.00489	0.01446
36	0.01505	0.01075	0.01483	0.01720	0.01891	0.01053	0.01395	0.01869	0.02216	0.02904	0.05516	0.30658	0.06231	0.02975	0.01378	0.00452	0.00816	0.33013	0.00948	0.00904
37	0.02299	0.02192	0.03730	0.28396	0.37320	0.02375	0.03029	0.02938	0.02223	0.03060	0.01888	0.02618	0.01522	0.00959	0.01020	0.00320	0.01279	0.00913	0.00487	0.01431
38	0.22526	0.02585	0.02157	0.01836	0.02442	0.15296	0.01449	0.10520	0.02788	0.08661	0.11543	0.03059	0.02897	0.01226	0.00902	0.00291	0.01035	0.00903	0.00803	0.07082
39	0.04604	0.01746	0.02382	0.01826	0.02620	0.01508	0.01508	0.05001	0.02937	0.58244	0.04049	0.03493	0.02540	0.01270	0.01032	0.00318	0.00873	0.01032	0.01270	0.01746
40	0.02422	0.02768	0.06055	0.04325	0.05363	0.02595	0.53806	0.03287	0.02422	0.03287	0.02076	0.02768	0.01557	0.00865	0.01211	0.00346	0.01730	0.01211	0.00519	0.01384
41	0.02067	0.06786	0.02020	0.01572	0.02010	0.01708	0.01242	0.03201	0.17817	0.07558	0.29757	0.05970	0.10637	0.01781	0.01105	0.00323	0.00659	0.01518	0.01042	0.01228
42	0.03598	0.03000	0.03207	0.03737	0.23068	0.20354	0.02265	0.04031	0.02706	0.20294	0.02485	0.02620	0.01816	0.01071	0.00992	0.00296	0.01311	0.00871	0.00754	0.01525
43	0.02159	0.01483	0.01748	0.01638	0.02033	0.01548	0.01295	0.03400	0.19472	0.08543	0.20810	0.06200	0.05499	0.01801	0.01110	0.00343	0.00692	0.08988	0.10002	0.01237
44	0.02058	0.09286	0.39962	0.02515	0.03699	0.02319	0.03012	0.03198	0.06990	0.03220	0.03011	0.03636	0.06527	0.01282	0.01008	0.00331	0.01291	0.04672	0.00571	0.01411
45	0.03097	0.03212	0.03903	0.03969	0.19237	0.20540	0.14184	0.03825	0.06928	0.07783	0.02217	0.02560	0.01714	0.01017	0.01036	0.00306	0.01474	0.00933	0.00625	0.01442
46	0.03901	0.02874	0.03080	0.02361	0.03182	0.03182	0.01951	0.54111	0.04825	0.06468	0.02464	0.02464	0.01745	0.01232	0.01027	0.00308	0.01129	0.00924	0.01027	0.01745
47	0.01938	0.01824	0.03078	0.61468	0.07068	0.02280	0.02850	0.02622	0.02052	0.02622	0.01824	0.02736	0.01368	0.01026	0.01026	0.00342	0.01368	0.00912	0.00456	0.01140
48	0.62518	0.01954	0.01622	0.01412	0.02067	0.02199	0.01163	0.03275	0.01901	0.11586	0.01770	0.01905	0.01297	0.00994	0.00687	0.00318	0.00804	0.00618	0.00718	0.01194
49	0.01330	0.01029	0.01232	0.01361	0.01594	0.00932	0.01041	0.01616	0.02231	0.02797	0.07767	0.26535	0.29560	0.02843	0.01291	0.00398	0.00644	0.13973	0.00951	0.00875
50	0.01674	0.01089	0.01433	0.01343	0.01612	0.00998	0.01008	0.02126	0.02828	0.08088	0.48646	0.12046	0.08897	0.02130	0.01205	0.00330	0.00523	0.01883	0.01125	0.01016
51	0.02925	0.08957	0.12062	0.02919	0.03754	0.23303	0.14533	0.03922	0.11526	0.03099	0.02165	0.02434	0.01680	0.01041	0.00999	0.00303	0.01534	0.00882	0.00592	0.01369
52	0.02128	0.01824	0.02128	0.01520	0.02432	0.01368	0.01216	0.02584	0.02128	0.03344	0.01824	0.02128	0.01520	0.00760	0.00760	0.00152	0.00760	0.00608	0.00608	0.70208
53	0.01464	0.01002	0.01222	0.01314	0.01366	0.00989	0.00864	0.01581	0.01740	0.02307	0.04136	0.20204	0.04771	0.40348	0.03725	0.00780	0.00897	0.09817	0.00749	0.00722
54	0.01407	0.01014	0.01352	0.01372	0.01538	0.00989	0.00989	0.01756	0.02344	0.03278	0.30695	0.20874	0.07282	0.08347	0.11395	0.00623	0.00933	0.01965	0.00947	0.00898
55	0.02085	0.01974	0.03344	0.47972	0.19413	0.02319	0.02923	0.02751	0.02122	0.02801	0.01850	0.02688	0.01431	0.00999	0.01024	0.00333	0.01332	0.00913	0.00469	0.01259
56	0.01250	0.00893	0.01191	0.01429	0.01488	0.00834	0.00953	0.01429	0.01965	0.02620	0.05656	0.63265	0.06787	0.03215	0.01310	0.00417	0.00595	0.02917	0.00953	0.00834
57	0.01326	0.00925	0.01168	0.01332	0.01373	0.00884	0.00849	0.01449	0.01817	0.02422	0.04897	0.45537	0.05829	0.22251	0.02537	0.00598	0.00721	0.02471	0.00849	0.00767
58	0.71184	0.01985	0.01508	0.01350	0.01985	0.02302	0.01111	0.03017	0.01746	0.04604	0.01429	0.01667	0.01111	0.00953	0.00635	0.00318	0.00794	0.00556	0.00635	0.01111
59	0.02744	0.64552	0.05378	0.01756	0.02634	0.04061	0.01756	0.03073	0.02085	0.02414	0.01427	0.01646	0.01317	0.00878	0.00658	0.00219	0.01097	0.00549	0.00439	0.01317
60	0.01663	0.01398	0.01938	0.01824	0.02043	0.01512	0.05035	0.02254	0.08894	0.02789	0.04569	0.28286	0.08693	0.09922	0.06819	0.00569	0.08037	0.01954	0.00803	0.00996
61	0.02128	0.01824	0.02128	0.01520	0.02432	0.01368	0.01216	0.02584	0.02128	0.03344	0.01824	0.02128	0.01520	0.00760	0.00760	0.00152	0.00760	0.00608	0.00608	0.70208
62	0.40343	0.06732	0.02200	0.01611	0.02328	0.02280	0.01352	0.08190	0.02399	0.20414	0.02294	0.02275	0.01605	0.01066	0.00789	0.00309	0.00870	0.00729	0.00843	0.01371
63	0.02804	0.01484	0.01877	0.01597	0.02106	0.01401	0.01260	0.03596	0.10628	0.24743	0.26235	0.05640	0.08821	0.01708	0.01118	0.00326	0.00683	0.01457	0.01160	0.01356
64	0.02506	0.08415	0.29697	0.02866	0.04018	0.02681	0.11331	0.10852	0.10546	0.03811	0.02287	0.02518	0.01680	0.01049	0.01009	0.00322	0.01361	0.00901	0.00624	0.01529
65	0.30275	0.01920	0.01889	0.01626	0.02226	0.02090	0.01301	0.07635	0.13875	0.08459	0.11635	0.03363	0.03163	0.01273	0.00888	0.00314	0.00777	0.00971	0.00883	0.05438
66	0.12586	0.12744	0.15717	0.03161	0.16496	0.07291	0.02442	0.03501	0.02315	0.11626	0.02055	0.02282	0.01546	0.00994	0.00892	0.00296	0.01206	0.00769	0.00616	0.01463
67	0.02788	0.02571	0.08165	0.13423	0.20975	0.02427	0.08994	0.09875	0.07171	0.09765	0.02415	0.02775	0.01792	0.01051	0.01044	0.00323	0.01247	0.00973	0.00689	0.01536
68	0.14708	0.03438	0.07088	0.02241	0.02889	0.24080	0.01852	0.04343	0.22130	0.03588	0.02537	0.02576	0.01953	0.01156	0.00924	0.00309	0.01259	0.00835	0.00729	0.01364
69	0.01380	0.01001	0.01308	0.01376	0.01556	0.00930	0.01007	0.01736	0.02478	0.03395	0.30972	0.28743	0.11129	0.02602	0.01264	0.00371	0.00565	0.06237	0.01038	0.00910
70	0.02051	0.01468	0.01736	0.01638	0.02001	0.01537	0.01254	0.03191	0.19070	0.08114	0.15129	0.10330	0.09282	0.07963	0.05970	0.00512	0.00887	0.05699	0.00982	0.01185
71	0.01416	0.01035	0.01330	0.01282	0.01517	0.00949	0.00952	0.01857	0.02781	0.03882	0.48929	0.12472	0.13302	0.02232	0.01219	0.00333	0.00496	0.01969	0.01101	0.00949
72	0.02904	0.01800	0.02207	0.01616	0.02491	0.01412	0.01308	0.03342	0.02382	0.20555	0.02521	0.02556	0.01840	0.00920	0.00845	0.00204	0.00795	0.00741	0.00816	0.48745
73	0.01378	0.01046	0.01269	0.01213	0.01488	0.00937	0.00910	0.01793	0.02730	0.03701	0.42606	0.08348	0.24327	0.02253	0.01211	0.00330	0.00495	0.01952	0.01075	0.00937
74	0.03252	0.02552	0.02714	0.02230	0.02935	0.02879	0.01793	0.30683	0.29311	0.05420	0.03289	0.03121	0.02413	0.01309	0.01035	0.00327	0.00977	0.01038	0.01035	0.01687
75	0.03666	0.02758	0.02948	0.02314	0.03093	0.03073	0.01894	0.45636	0.13683	0.06089	0.02762	0.02702	0.01987	0.01260	0.01030	0.00315	0.01074	0.00965	0.01030	0.01724
76	0.02744	0.64552	0.05378	0.01756	0.02634	0.04061	0.01756	0.03073	0.02085	0.02414	0.01427	0.01646	0.01317	0.00878	0.00658	0.00219	0.01097	0.00549	0.00439	0.01317
77	0.02347	0.02242	0.03817	0.23953	0.41384	0.02388	0.03054	0.02981	0.02246	0.03119	0.01896	0.02603	0.01543	0.00950	0.01019	0.00317	0.01267	0.00914	0.00491	0.01470
78	0.71184	0.01985	0.01508	0.01350	0.01985	0.02302	0.01111	0.03017	0.01746	0.04604	0.01429	0.01667	0.01111	0.00953	0.00635	0.00318	0.00794	0.00556	0.00635	0.01111
79	0.01250	0.00893	0.01191	0.01429	0.01488	0.00834	0.00953	0.01429	0.01965	0.02620	0.05656	0.63265	0.06787	0.03215	0.01310	0.00417	0.00595	0.02917	0.00953	0.00834
80	0.01913	0.00956	0.00956	0.00956	0.01196	0.00956	0.00717	0.02391	0.02152	0.03826	0.03348	0.03826	0.02630	0.01196	0.00717	0.00239	0.00478	0.00956	0.69632	0.00956
81	0.71184	0.01985	0.01508	0.01350	0.01985	0.02302	0.01111	0.03017	0.01746	0.04604	0.01429	0.01667	0.01111	0.00953	0.00635	0.00318	0.00794	0.00556	0.00635	0.01111
82	0.71184	0.01985	0.01508	0.01350	0.01985	0.02302	0.01111	0.03017	0.01746	0.04604	0.01429	0.01667	0.01111	0.00953	0.00635	0.00318	0.00794	0.00556	0.00635	0.01111
83	0.01225	0.00994	0.01087	0.01162	0.01418	0.00856	0.00834	0.01459	0.02222	0.02724	0.08910	0.26614	0.41338	0.02792	0.01243	0.00369	0.00543	0.02401	0.00953	0.00856
84	0.03833	0.04891	0.02908	0.02644	0.03173	0.59815	0.01983	0.04098	0.02908	0.02512	0.01586	0.01851	0.01322	0.01058	0.00925	0.00264	0.01851	0.00661	0.00529	0.01190
85	0.09092	0.02556	0.02671	0.02177	0.02895	0.02879	0.01761	0.32134	0.23026	0.05521	0.02998	0.02892	0.02195	0.01267	0.01000	0.00323	0.00986	0.00979	0.01000	0.01648
86	0.03261	0.02968	0.02513	0.02198	0.02787	0.20384	0.01705	0.08779	0.24417	0.10923	0.06763	0.03308	0.02812	0.01305	0.01015	0.00313	0.01151	0.01014	0.00916	0.01469
87	0.01404	0.01055	0.01304	0.01263	0.01531	0.00955	0.00962	0.01830	0.02729	0.03712	0.42086	0.08461	0.21483	0.02269	0.01223	0.00338	0.00521	0.04858	0.01074	0.00941
88	0.02475	0.01587	0.01848	0.01616	0.02075	0.01636	0.01263	0.07759	0.16363	0.12401	0.23392	0.05079	0.05273	0.01593	0.01055	0.00315	0.00679	0.01349	0.10926	0.01315
89	0.02540	0.02438	0.04165	0.06299	0.57533	0.02438	0.03149	0.03149	0.02337	0.03353	0.01930	0.02540	0.01626	0.00914	0.01016	0.00305	0.01219	0.00914	0.00508	0.01626
90	0.01534	0.01173	0.01659	0.01615	0.01757	0.01362	0.01223	0.01836	0.01722	0.02469	0.07295	0.04649	0.03264	0.16354	0.40866	0.01325	0.07192	0.01214	0.00603	0.00887
91	0.03224	0.02413	0.02606	0.02167	0.02854	0.02697	0.01735	0.23378	0.32450	0.09653	0.03534	0.03296	0.02570	0.01323	0.01037	0.00331	0.00934	0.01062	0.01057	0.01679
92	0.02349	0.02352	0.03531	0.32492	0.21367	0.07223	0.06087	0.03132	0.05738	0.02983	0.02006	0.02676	0.01568	0.01009	0.01028	0.00325	0.01352	0.00927	0.00520	0.01336
93	0.14819	0.01645	0.01899	0.01603	0.02150	0.01647	0.01279	0.06873	0.07234	0.20938	0.23041	0.04674	0.04924	0.01528	0.01029	0.00321	0.00728	0.01257	0.01072	0.01338
94	0.01695	0.01293	0.01537	0.01534	0.01798	0.01308	0.01120	0.06157	0.10601	0.03543	0.18125	0.31608	0.10746	0.02464	0.01216	0.00369	0.00635	0.02178	0.01015	0.01058
95	0.02109	0.01592	0.01573	0.01542	0.01860	0.08632	0.01131	0.02374	0.02394	0.11343	0.09517	0.29008	0.18129	0.02405	0.01186	0.00358	0.00775	0.02074	0.00959	0.01038
96	0.07769	0.02542	0.08253	0.04776	0.37374	0.02360	0.02767	0.03334	0.02295	0.10508	0.02114	0.02545	0.01657	0.01040	0.01178	0.00321	0.06118	0.00889	0.00605	0.01554
97	0.02750	0.01514	0.01944	0.01812	0.02259	0.01479	0.01458	0.07379	0.07150	0.20848	0.04701	0.20222	0.04480	0.02179	0.01206	0.00386	0.00841	0.15032	0.01065	0.01295
98	0.02879	0.16679	0.07273	0.01929	0.02637	0.02609	0.01720	0.18564	0.06545	0.08773	0.11056	0.03605	0.03185	0.06577	0.01323	0.00353	0.00996	0.01044	0.00850	0.01405
99	0.07824	0.12829	0.11293	0.02257	0.07457	0.02248	0.01934	0.06122	0.02402	0.12649	0.02150	0.02303	0.01616	0.00950	0.00848	0.00250	0.01009	0.00731	0.00682	0.22444
100	0.28370	0.17359	0.07525	0.01755	0.02547	0.02612	0.01627	0.03704	0.08268	0.14059	0.02273	0.02297	0.01679	0.01047	0.00791	0.00298	0.00945	0.00730	0.00738	0.01374

[dist]
# distance from previous block
# <min> <max>
0	19

[block]
# block no. 1 follows, 14 sequences, length 74
# corresponding to MSA columns:
# 631-704
name=unknown_B
#
# <colnr> <probs for GDERKNQSTAVLIFYWHMCP>
#	G	D	E	R	K	N	Q	S	T	A	V	L	I	F	Y	W	H	M	C	P
0	0.02697	0.02442	0.02611	0.02187	0.02765	0.10705	0.05620	0.07438	0.19287	0.07210	0.07756	0.03911	0.07663	0.01420	0.01211	0.00319	0.05488	0.01142	0.00858	0.07271
1	0.02492	0.02296	0.06705	0.10106	0.12668	0.02263	0.02162	0.15549	0.11122	0.04022	0.03247	0.13411	0.02982	0.01597	0.01097	0.00348	0.01051	0.04663	0.00810	0.01409
2	0.01295	0.00966	0.01235	0.01404	0.01550	0.00907	0.01004	0.01532	0.02056	0.02674	0.06429	0.42569	0.17196	0.03397	0.05856	0.00503	0.00778	0.06872	0.00921	0.00857
3	0.02282	0.07493	0.02147	0.01677	0.02086	0.09907	0.01297	0.03082	0.11564	0.06828	0.27826	0.05333	0.05745	0.06643	0.01405	0.00363	0.00852	0.01374	0.00936	0.01159
4	0.02147	0.01504	0.01783	0.01552	0.01965	0.01506	0.01209	0.12189	0.06376	0.07622	0.36405	0.06394	0.11426	0.01886	0.01155	0.00323	0.00652	0.01616	0.01098	0.01192
5	0.01302	0.01029	0.01179	0.01214	0.01485	0.00906	0.00908	0.01614	0.02410	0.03070	0.19757	0.17693	0.35287	0.02598	0.01241	0.00361	0.00552	0.05514	0.00992	0.00889
6	0.71184	0.01985	0.01508	0.01350	0.01985	0.02302	0.01111	0.03017	0.01746	0.04604	0.01429	0.01667	0.01111	0.00953	0.00635	0.00318	0.00794	0.00556	0.00635	0.01111
7	0.02428	0.37262	0.29902	0.02294	0.03467	0.03288	0.02694	0.03154	0.02123	0.02799	0.01618	0.01886	0.01309	0.00923	0.00804	0.00268	0.01291	0.00645	0.00436	0.01409
8	0.02540	0.02438	0.04165	0.06299	0.57533	0.02438	0.03149	0.03149	0.02337	0.03353	0.01930	0.02540	0.01626	0.00914	0.01016	0.00305	0.01219	0.00914	0.00508	0.01626
9	0.44623	0.01890	0.01857	0.01540	0.02238	0.01985	0.01270	0.03808	0.02221	0.26003	0.02474	0.02395	0.01681	0.01079	0.00793	0.00318	0.00826	0.00746	0.00888	0.01365
10	0.01981	0.01868	0.03156	0.57528	0.10672	0.02291	0.02871	0.02660	0.02072	0.02674	0.01832	0.02722	0.01386	0.01018	0.01025	0.00339	0.01357	0.00912	0.00460	0.01175
11	0.21427	0.02250	0.02431	0.01914	0.02677	0.02369	0.01580	0.23764	0.03372	0.24150	0.02754	0.02620	0.01861	0.01174	0.00928	0.00314	0.00953	0.00867	0.01011	0.01583
12	0.02318	0.02601	0.05621	0.04067	0.05018	0.02438	0.49089	0.03121	0.02381	0.03228	0.02396	0.08167	0.02024	0.01075	0.01220	0.00352	0.01629	0.01363	0.00558	0.01335
13	0.01286	0.00919	0.01232	0.01470	0.01545	0.00865	0.01015	0.01491	0.02000	0.02660	0.05636	0.58652	0.06709	0.03181	0.01319	0.00422	0.00627	0.07175	0.00952	0.00843
14	0.02763	0.02434	0.03764	0.02959	0.03688	0.05959	0.21650	0.11890	0.07027	0.08056	0.03200	0.04827	0.02775	0.01465	0.01182	0.00362	0.01318	0.12501	0.00802	0.01378
15	0.02039	0.01927	0.03260	0.52224	0.15524	0.02307	0.02900	0.02710	0.02100	0.02744	0.01842	0.02703	0.01411	0.01007	0.01024	0.00336	0.01343	0.00912	0.00465	0.01221
16	0.03052	0.20223	0.03448	0.02035	0.02742	0.02451	0.06234	0.07701	0.05800	0.18444	0.06356	0.07544	0.03025	0.01419	0.00997	0.00311	0.00997	0.04935	0.00872	0.01413
17	0.01847	0.02489	0.16165	0.02223	0.02828	0.05021	0.05732	0.02469	0.02204	0.02998	0.08067	0.09713	0.03805	0.03215	0.14790	0.00670	0.01548	0.12406	0.00688	0.01120
18	0.24702	0.01949	0.02258	0.14870	0.03407	0.02040	0.01651	0.07336	0.02337	0.12462	0.02099	0.02357	0.01534	0.00999	0.00844	0.00286	0.00954	0.00751	0.00721	0.16442
19	0.02496	0.10866	0.20326	0.13979	0.04292	0.02702	0.06705	0.06747	0.02306	0.07157	0.01932	0.02389	0.01465	0.01135	0.01353	0.00335	0.11033	0.00851	0.00551	0.01379
20	0.02180	0.01764	0.02373	0.05895	0.02749	0.01917	0.05600	0.13787	0.07231	0.03684	0.03976	0.28694	0.04161	0.02172	0.01352	0.00382	0.05281	0.04735	0.00875	0.01193
21	0.01328	0.01005	0.01138	0.01178	0.01353	0.00934	0.00797	0.01500	0.01952	0.02466	0.06719	0.17359	0.27386	0.22711	0.07056	0.00667	0.00857	0.01994	0.00816	0.00787
22	0.03039	0.02585	0.02664	0.07341	0.07286	0.14471	0.01902	0.06846	0.13170	0.12706	0.05986	0.03207	0.02525	0.01725	0.05200	0.00413	0.05732	0.00997	0.00810	0.01396
23	0.14448	0.03067	0.02697	0.02326	0.02832	0.23713	0.05414	0.07058	0.02526	0.06997	0.02184	0.06972	0.01917	0.01692	0.04663	0.00399	0.08265	0.00954	0.00658	0.01218
24	0.07889	0.01801	0.02013	0.01761	0.02283	0.01928	0.01382	0.06945	0.24666	0.11881	0.20396	0.04737	0.04865	0.01553	0.01062	0.00331	0.00735	0.01300	0.01070	0.01403
25	0.01608	0.01071	0.01231	0.01197	0.01432	0.00969	0.00831	0.01822	0.02171	0.07160	0.13661	0.12850	0.25277	0.21370	0.02442	0.00547	0.00696	0.01892	0.00901	0.00873
26	0.03289	0.01522	0.02005	0.01655	0.02216	0.01381	0.01318	0.06635	0.02959	0.33472	0.20866	0.09656	0.05105	0.01690	0.01111	0.00327	0.00742	0.01441	0.01185	0.01425
27	0.02626	0.54359	0.14538	0.01957	0.02945	0.03772	0.02106	0.03103	0.02099	0.02558	0.01498	0.01736	0.01314	0.00895	0.00713	0.00238	0.01170	0.00585	0.00438	0.01351
28	0.02455	0.01874	0.02084	0.01886	0.02389	0.02069	0.01456	0.04529	0.38279	0.08937	0.12395	0.09473	0.04397	0.01646	0.01091	0.00347	0.00749	0.01406	0.01070	0.01467
29	0.17858	0.02055	0.02036	0.01848	0.02336	0.06061	0.01456	0.07861	0.18959	0.03839	0.02796	0.03153	0.02261	0.03199	0.19060	0.00733	0.01502	0.00951	0.00763	0.01272
30	0.02540	0.02438	0.04165	0.06299	0.57533	0.02438	0.03149	0.03149	0.02337	0.03353	0.01930	0.02540	0.01626	0.00914	0.01016	0.00305	0.01219	0.00914	0.00508	0.01626
31	0.01901	0.01500	0.02506	0.02014	0.02491	0.01378	0.13219	0.02448	0.02749	0.08007	0.36364	0.06391	0.11139	0.01790	0.01197	0.00330	0.00805	0.01668	0.00985	0.01116
32	0.02060	0.01872	0.02783	0.33279	0.09128	0.01928	0.02221	0.02648	0.02104	0.02967	0.01832	0.02478	0.01449	0.00911	0.00919	0.00263	0.01114	0.00791	0.00521	0.28731
33	0.01353	0.00986	0.01273	0.01326	0.01503	0.00906	0.00947	0.01697	0.02484	0.03411	0.32768	0.30023	0.12340	0.02584	0.01250	0.00362	0.00531	0.02304	0.01045	0.00906
34	0.02553	0.02204	0.02320	0.02088	0.02669	0.02553	0.01624	0.05453	0.55679	0.04293	0.04177	0.03829	0.03133	0.01392	0.01044	0.00348	0.00812	0.01160	0.01044	0.01624
35	0.01492	0.00995	0.01119	0.01119	0.01119	0.00995	0.00622	0.01492	0.01492	0.01990	0.03233	0.06716	0.03731	0.63935	0.05223	0.00995	0.00995	0.01492	0.00622	0.00622
36	0.14348	0.02052	0.02375	0.01836	0.02627	0.01996	0.01511	0.15646	0.03084	0.31118	0.02999	0.02802	0.02008	0.01147	0.00935	0.00294	0.00905	0.00880	0.01032	0.10404
37	0.02355	0.02566	0.07756	0.03105	0.03914	0.02422	0.25334	0.03999	0.23614	0.03632	0.03186	0.08012	0.02588	0.01272	0.01136	0.00351	0.01258	0.01297	0.00758	0.01445
38	0.04379	0.01697	0.02309	0.01788	0.02542	0.01470	0.01470	0.04782	0.02935	0.54378	0.07830	0.03791	0.03050	0.01329	0.01045	0.00318	0.00845	0.01091	0.01260	0.01691
39	0.03990	0.02732	0.02991	0.02293	0.03111	0.02971	0.01895	0.47902	0.04586	0.13015	0.02664	0.02594	0.01846	0.01237	0.01027	0.00309	0.01097	0.00938	0.01057	0.01745
40	0.02992	0.01544	0.02182	0.01873	0.02406	0.01425	0.04907	0.03557	0.06656	0.28222	0.04829	0.19837	0.07144	0.01958	0.01159	0.00362	0.00840	0.05672	0.01074	0.01360
41	0.01259	0.01016	0.01121	0.01148	0.01428	0.00878	0.00841	0.01543	0.02370	0.02971	0.17400	0.18561	0.40632	0.02620	0.01229	0.00354	0.00527	0.02241	0.00983	0.00878
42	0.04144	0.01932	0.02429	0.01923	0.02677	0.01855	0.01569	0.09292	0.13386	0.43291	0.03938	0.03470	0.02588	0.01291	0.01034	0.00323	0.00883	0.01048	0.01205	0.01723
43	0.02376	0.32750	0.33957	0.02383	0.03604	0.03160	0.02849	0.03168	0.02129	0.02863	0.01649	0.01926	0.01308	0.00930	0.00828	0.00276	0.01322	0.00661	0.00436	0.01424
44	0.07208	0.07522	0.33005	0.02769	0.03919	0.02410	0.11414	0.03309	0.06813	0.03466	0.06548	0.02793	0.02174	0.01077	0.00996	0.00324	0.01330	0.00931	0.00572	0.01417
45	0.01270	0.00976	0.01163	0.01256	0.01456	0.00869	0.00889	0.01531	0.02266	0.02928	0.16059	0.33402	0.26666	0.02791	0.01256	0.00374	0.00548	0.02450	0.00982	0.00869
46	0.01825	0.01325	0.01514	0.01594	0.01806	0.05276	0.01175	0.02118	0.02323	0.07874	0.13305	0.37629	0.06347	0.02655	0.01256	0.00389	0.00742	0.08891	0.00977	0.00977
47	0.14090	0.02459	0.03238	0.04239	0.32046	0.07202	0.02374	0.03641	0.06277	0.11353	0.02285	0.02569	0.01756	0.01018	0.00951	0.00308	0.01125	0.00869	0.00678	0.01522
48	0.06734	0.08003	0.03537	0.07183	0.03614	0.05981	0.13831	0.09478	0.18170	0.03773	0.02643	0.02921	0.02042	0.01620	0.05571	0.00425	0.01339	0.01002	0.00728	0.01406
49	0.08987	0.09657	0.19318	0.02543	0.03399	0.33490	0.02420	0.03673	0.02524	0.02899	0.01635	0.01911	0.01297	0.01010	0.00893	0.00283	0.01601	0.00671	0.00503	0.01289
50	0.02698	0.01884	0.07033	0.01703	0.02393	0.01436	0.01463	0.03124	0.02220	0.20000	0.02854	0.03491	0.02287	0.10916	0.10466	0.00565	0.01198	0.00952	0.00791	0.22527
51	0.14412	0.25899	0.16246	0.01901	0.02892	0.02763	0.01992	0.02994	0.02054	0.03198	0.01612	0.01878	0.01323	0.00887	0.00750	0.00246	0.01065	0.00612	0.00510	0.16767
52	0.02617	0.01827	0.02761	0.03454	0.24176	0.01775	0.01995	0.03297	0.06281	0.15077	0.20420	0.04492	0.04537	0.01406	0.01084	0.00316	0.00881	0.01262	0.00905	0.01437
53	0.02838	0.01847	0.02079	0.01787	0.02257	0.06367	0.01411	0.03585	0.10268	0.20618	0.20998	0.05012	0.07906	0.01658	0.01293	0.00332	0.06034	0.01339	0.01043	0.01329
54	0.02119	0.02101	0.03798	0.28510	0.14778	0.02319	0.14501	0.02751	0.02143	0.02894	0.02206	0.08072	0.01939	0.01224	0.01275	0.00351	0.06080	0.01160	0.00524	0.01254
55	0.01297	0.01023	0.01170	0.01176	0.01449	0.00895	0.00866	0.01619	0.02474	0.03194	0.25091	0.16486	0.34578	0.02519	0.01225	0.00348	0.00518	0.02167	0.01011	0.00895
56	0.01321	0.01026	0.01207	0.01236	0.01494	0.00911	0.00920	0.01650	0.02455	0.03189	0.24057	0.18461	0.30430	0.02560	0.01241	0.00358	0.00546	0.05030	0.01008	0.00898
57	0.01480	0.01045	0.01375	0.01375	0.01464	0.01134	0.00941	0.01657	0.01568	0.02179	0.02999	0.05419	0.03168	0.36764	0.31624	0.01311	0.01842	0.01303	0.00587	0.00764
58	0.03833	0.04891	0.02908	0.02644	0.03173	0.59815	0.01983	0.04098	0.02908	0.02512	0.01586	0.01851	0.01322	0.01058	0.00925	0.00264	0.01851	0.00661	0.00529	0.01190
59	0.02123	0.02013	0.03413	0.44476	0.22611	0.02329	0.02942	0.02784	0.02140	0.02847	0.01857	0.02676	0.01447	0.00992	0.01023	0.00331	0.01322	0.00913	0.00472	0.01290
60	0.01492	0.00995	0.01119	0.01119	0.01119	0.00995	0.00622	0.01492	0.01492	0.01990	0.03233	0.06716	0.03731	0.63935	0.05223	0.00995	0.00995	0.01492	0.00622	0.00622
61	0.02409	0.01837	0.02966	0.15955	0.03831	0.01962	0.10521	0.06514	0.02574	0.11238	0.15381	0.04066	0.03661	0.01876	0.05832	0.00441	0.05677	0.01218	0.00790	0.01251
62	0.03901	0.02874	0.03080	0.02361	0.03182	0.03182	0.01951	0.54111	0.04825	0.06468	0.02464	0.02464	0.01745	0.01232	0.01027	0.00308	0.01129	0.00924	0.01027	0.01745
63	0.04076	0.01630	0.02212	0.01736	0.02438	0.01418	0.01418	0.04488	0.02932	0.49174	0.12920	0.04192	0.03737	0.01409	0.01062	0.00318	0.00808	0.01170	0.01247	0.01616
64	0.01213	0.01040	0.01040	0.01040	0.01386	0.00866	0.00780	0.01473	0.02339	0.02772	0.10396	0.09876	0.57117	0.02599	0.01213	0.00347	0.00520	0.02166	0.00953	0.00866
65	0.03896	0.03036	0.03066	0.02384	0.03182	0.07734	0.01953	0.50092	0.04671	0.06150	0.02393	0.02415	0.01711	0.01218	0.01018	0.00304	0.01187	0.00903	0.00987	0.01701
66	0.01552	0.01132	0.01537	0.01419	0.01518	0.01148	0.04347	0.01667	0.01580	0.02138	0.03080	0.06035	0.03404	0.51004	0.13338	0.01051	0.01314	0.01413	0.00604	0.00719
67	0.02540	0.02438	0.04165	0.06299	0.57533	0.02438	0.03149	0.03149	0.02337	0.03353	0.01930	0.02540	0.01626	0.00914	0.01016	0.00305	0.01219	0.00914	0.00508	0.01626
68	0.02074	0.01762	0.02067	0.01502	0.02360	0.01336	0.01196	0.02532	0.02190	0.03406	0.06257	0.02573	0.02176	0.00868	0.00796	0.00166	0.00738	0.00708	0.00650	0.64644
69	0.02657	0.02257	0.02380	0.02110	0.02709	0.02602	0.01650	0.09240	0.51722	0.04462	0.04044	0.03723	0.03025	0.01380	0.01043	0.00345	0.00837	0.01142	0.01043	0.01634
70	0.01332	0.01010	0.01228	0.01245	0.01478	0.00906	0.00907	0.01677	0.02514	0.03357	0.30806	0.21164	0.23625	0.02510	0.01234	0.00352	0.00521	0.02196	0.01034	0.00906
71	0.04550	0.01834	0.02436	0.01867	0.02663	0.01638	0.01543	0.08806	0.03083	0.54233	0.03926	0.03413	0.02479	0.01267	0.01032	0.00317	0.00893	0.01024	0.01251	0.01746
72	0.02553	0.02204	0.02320	0.02088	0.02669	0.02553	0.01624	0.05453	0.55679	0.04293	0.04177	0.03829	0.03133	0.01392	0.01044	0.00348	0.00812	0.01160	0.01044	0.01624
73	0.01564	0.01168	0.01411	0.01326	0.01618	0.01098	0.00998	0.05613	0.02849	0.03880	0.38904	0.12091	0.19163	0.02230	0.01205	0.00334	0.00548	0.01938	0.01070	0.00993

[dist]
# distance from previous block
# <min> <max>
0	5

[block]
# block no. 2 follows, 14 sequences, length 6
# corresponding to MSA columns:
# 710-715
name=unknown_C
#
# <colnr> <probs for GDERKNQSTAVLIFYWHMCP>
#	G	D	E	R	K	N	Q	S	T	A	V	L	I	F	Y	W	H	M	C	P
0	0.01309	0.00949	0.01315	0.01489	0.01582	0.00956	0.01042	0.01539	0.01879	0.02555	0.04867	0.47181	0.05641	0.04432	0.17211	0.00751	0.01180	0.02424	0.00843	0.00856
1	0.02058	0.05308	0.58618	0.02925	0.04442	0.02383	0.03792	0.03250	0.02167	0.03250	0.01842	0.02167	0.01300	0.00975	0.00975	0.00325	0.01517	0.00758	0.00433	0.01517
2	0.02393	0.02289	0.03901	0.19738	0.45240	0.02400	0.03076	0.03021	0.02267	0.03175	0.01904	0.02588	0.01563	0.00942	0.01018	0.00314	0.01255	0.00914	0.00495	0.01507
3	0.03091	0.02958	0.15058	0.02958	0.03961	0.02306	0.19491	0.08603	0.08039	0.18643	0.02811	0.02922	0.01947	0.01084	0.01081	0.00331	0.01307	0.01039	0.00805	0.01567
4	0.03137	0.01531	0.01978	0.01709	0.02214	0.01428	0.01327	0.09144	0.02825	0.29187	0.08884	0.23694	0.04473	0.01985	0.01139	0.00350	0.00777	0.01719	0.01124	0.01376
5	0.02693	0.15843	0.28440	0.02430	0.03507	0.08137	0.02653	0.03823	0.10834	0.08666	0.02330	0.02433	0.01721	0.01060	0.00926	0.00302	0.01291	0.00800	0.00624	0.01487

[dist]
# distance from previous block
# <min> <max>
0	2

[block]
# block no. 3 follows, 14 sequences, length 13
# corresponding to MSA columns:
# 718-730
name=unknown_D
#
# <colnr> <probs for GDERKNQSTAVLIFYWHMCP>
#	G	D	E	R	K	N	Q	S	T	A	V	L	I	F	Y	W	H	M	C	P
0	0.21557	0.02576	0.10540	0.01977	0.02774	0.02272	0.01813	0.15901	0.06147	0.15646	0.02762	0.07038	0.02134	0.01285	0.00937	0.00326	0.00985	0.00986	0.00879	0.01466
1	0.47319	0.01987	0.05735	0.01482	0.02058	0.01968	0.01296	0.02723	0.01935	0.04124	0.08247	0.03529	0.02670	0.06269	0.01152	0.00384	0.00840	0.04511	0.00698	0.01074
2	0.17705	0.03832	0.02544	0.02258	0.02848	0.39444	0.01735	0.04011	0.02675	0.11181	0.01918	0.02056	0.01459	0.01068	0.00882	0.00283	0.01490	0.00694	0.00660	0.01256
3	0.02375	0.02530	0.09362	0.21170	0.17076	0.06326	0.02521	0.02985	0.02253	0.06236	0.02211	0.06406	0.01857	0.01112	0.00990	0.00301	0.01217	0.00967	0.00573	0.11531
4	0.01328	0.00950	0.01144	0.01265	0.01347	0.00894	0.00814	0.01457	0.01858	0.02426	0.05526	0.35965	0.13181	0.23960	0.02638	0.00605	0.00721	0.02317	0.00839	0.00766
5	0.02642	0.55791	0.13251	0.01929	0.02901	0.03813	0.02057	0.03099	0.02097	0.02538	0.01488	0.01723	0.01314	0.00892	0.00705	0.00235	0.01159	0.00580	0.00438	0.01346
6	0.03549	0.02405	0.07715	0.02502	0.03366	0.02081	0.12828	0.13522	0.03120	0.28009	0.07451	0.03377	0.02662	0.01221	0.01079	0.00323	0.01123	0.01095	0.00986	0.01588
7	0.01466	0.01100	0.01649	0.01649	0.01833	0.01283	0.01283	0.01833	0.01649	0.02382	0.02749	0.04032	0.02566	0.07697	0.59868	0.01649	0.02749	0.01100	0.00550	0.00916
8	0.02058	0.05308	0.58618	0.02925	0.04442	0.02383	0.03792	0.03250	0.02167	0.03250	0.01842	0.02167	0.01300	0.00975	0.00975	0.00325	0.01517	0.00758	0.00433	0.01517
9	0.01317	0.01031	0.01199	0.01234	0.01500	0.00913	0.00926	0.01640	0.02430	0.03122	0.21374	0.17678	0.32865	0.02583	0.01244	0.00361	0.00557	0.06134	0.00998	0.00894
10	0.02058	0.05308	0.58618	0.02925	0.04442	0.02383	0.03792	0.03250	0.02167	0.03250	0.01842	0.02167	0.01300	0.00975	0.00975	0.00325	0.01517	0.00758	0.00433	0.01517
11	0.50846	0.01993	0.01824	0.01533	0.02218	0.02180	0.01264	0.07127	0.02244	0.17253	0.02114	0.02150	0.01490	0.01047	0.00756	0.00317	0.00836	0.00693	0.00811	0.01305
12	0.02351	0.01986	0.02239	0.01712	0.02540	0.01773	0.01363	0.06831	0.14920	0.03784	0.02422	0.02552	0.01915	0.00942	0.00845	0.00209	0.00798	0.00760	0.00740	0.49319

[dist]
# distance from previous block
# <min> <max>
0	1

[block]
# block no. 4 follows, 14 sequences, length 79
# corresponding to MSA columns:
# 732-810
name=unknown_E
#
# <colnr> <probs for GDERKNQSTAVLIFYWHMCP>
#	G	D	E	R	K	N	Q	S	T	A	V	L	I	F	Y	W	H	M	C	P
0	0.07492	0.36687	0.26013	0.02185	0.03297	0.03273	0.02509	0.03138	0.02092	0.02903	0.01590	0.01852	0.01295	0.00922	0.00781	0.00268	0.01240	0.00632	0.00451	0.01380
1	0.01938	0.01824	0.03078	0.61468	0.07068	0.02280	0.02850	0.02622	0.02052	0.02622	0.01824	0.02736	0.01368	0.01026	0.01026	0.00342	0.01368	0.00912	0.00456	0.01140
2	0.14444	0.02478	0.02677	0.02082	0.02868	0.02661	0.01719	0.34926	0.03916	0.18096	0.02669	0.02578	0.01830	0.01198	0.00967	0.00312	0.01019	0.00892	0.01022	0.01648
3	0.02279	0.24368	0.41489	0.02549	0.03860	0.02923	0.03137	0.03193	0.02140	0.02981	0.01708	0.01999	0.01305	0.00944	0.00873	0.00291	0.01382	0.00691	0.00435	0.01452
4	0.01387	0.00973	0.01228	0.01293	0.01394	0.00925	0.00860	0.01611	0.02127	0.02914	0.21454	0.28634	0.06814	0.20834	0.02437	0.00558	0.00678	0.02154	0.00912	0.00814
5	0.01277	0.00912	0.01221	0.01459	0.01531	0.00857	0.00999	0.01475	0.01991	0.02650	0.05641	0.59841	0.06729	0.03190	0.01317	0.00420	0.00619	0.06078	0.00952	0.00841
6	0.01811	0.01720	0.03184	0.17207	0.04105	0.01758	0.17673	0.02347	0.02157	0.02859	0.03594	0.25784	0.03776	0.01924	0.01218	0.00381	0.01161	0.05558	0.00696	0.01087
7	0.02828	0.59929	0.05186	0.01825	0.02676	0.08381	0.01774	0.03152	0.02149	0.02422	0.01439	0.01662	0.01317	0.00892	0.00679	0.00223	0.01156	0.00557	0.00446	0.01307
8	0.01250	0.00893	0.01191	0.01429	0.01488	0.00834	0.00953	0.01429	0.01965	0.02620	0.05656	0.63265	0.06787	0.03215	0.01310	0.00417	0.00595	0.02917	0.00953	0.00834
9	0.09451	0.02101	0.02523	0.01949	0.02739	0.02068	0.01610	0.19487	0.03409	0.38740	0.03377	0.03048	0.02195	0.01235	0.01000	0.00315	0.00943	0.00964	0.01149	0.01698
10	0.02058	0.05308	0.58618	0.02925	0.04442	0.02383	0.03792	0.03250	0.02167	0.03250	0.01842	0.02167	0.01300	0.00975	0.00975	0.00325	0.01517	0.00758	0.00433	0.01517
11	0.01492	0.00995	0.01119	0.01119	0.01119	0.00995	0.00622	0.01492	0.01492	0.01990	0.03233	0.06716	0.03731	0.63935	0.05223	0.00995	0.00995	0.01492	0.00622	0.00622
12	0.02667	0.02985	0.05024	0.04664	0.20595	0.11056	0.30995	0.03367	0.02469	0.03191	0.01960	0.02564	0.01543	0.00908	0.01110	0.00322	0.01596	0.01041	0.00517	0.01427
13	0.01695	0.01121	0.01468	0.01609	0.01803	0.01091	0.01198	0.02160	0.06184	0.07146	0.05372	0.42960	0.05992	0.02845	0.01292	0.00416	0.00709	0.12968	0.00982	0.00988
14	0.29199	0.01834	0.02059	0.01650	0.02385	0.01802	0.01362	0.04268	0.02497	0.38429	0.03081	0.02818	0.02012	0.01153	0.00885	0.00318	0.00844	0.00856	0.01036	0.01512
15	0.03871	0.01851	0.02334	0.01849	0.02548	0.01765	0.01505	0.12116	0.07268	0.38121	0.11679	0.03981	0.03525	0.01397	0.01059	0.00319	0.00850	0.01148	0.01195	0.01621
16	0.02147	0.01777	0.01979	0.01850	0.02292	0.01974	0.01434	0.04132	0.36074	0.04039	0.16003	0.09552	0.05052	0.01790	0.01129	0.00357	0.00735	0.05266	0.01049	0.01370
17	0.01341	0.00960	0.01288	0.01479	0.01592	0.00906	0.01062	0.01609	0.02162	0.02906	0.13091	0.47273	0.07074	0.02994	0.01312	0.00412	0.00633	0.10057	0.00977	0.00870
18	0.01654	0.01390	0.01708	0.01687	0.01884	0.05870	0.01288	0.01985	0.01736	0.02363	0.02694	0.04064	0.02556	0.11445	0.51077	0.01491	0.02545	0.01095	0.00554	0.00915
19	0.03833	0.04891	0.02908	0.02644	0.03173	0.59815	0.01983	0.04098	0.02908	0.02512	0.01586	0.01851	0.01322	0.01058	0.00925	0.00264	0.01851	0.00661	0.00529	0.01190
20	0.04398	0.01686	0.02272	0.01759	0.02510	0.01466	0.01448	0.04801	0.02877	0.54070	0.03995	0.03518	0.02547	0.01264	0.01008	0.00312	0.00843	0.01026	0.06514	0.01686
21	0.01489	0.01058	0.01439	0.01659	0.01811	0.01036	0.01312	0.01815	0.02148	0.02821	0.05357	0.30805	0.06080	0.07459	0.01656	0.00490	0.00816	0.28946	0.00924	0.00879
22	0.01566	0.01002	0.01352	0.01530	0.01672	0.00938	0.01102	0.01806	0.02099	0.06891	0.05501	0.50819	0.06331	0.03010	0.01305	0.00418	0.00670	0.10095	0.00975	0.00920
23	0.02058	0.05308	0.58618	0.02925	0.04442	0.02383	0.03792	0.03250	0.02167	0.03250	0.01842	0.02167	0.01300	0.00975	0.00975	0.00325	0.01517	0.00758	0.00433	0.01517
24	0.03833	0.04891	0.02908	0.02644	0.03173	0.59815	0.01983	0.04098	0.02908	0.02512	0.01586	0.01851	0.01322	0.01058	0.00925	0.00264	0.01851	0.00661	0.00529	0.01190
25	0.03843	0.04600	0.02933	0.02603	0.03174	0.51631	0.01978	0.11326	0.03185	0.03083	0.01713	0.01939	0.01383	0.01083	0.00940	0.00271	0.01746	0.00699	0.00601	0.01270
26	0.02149	0.01417	0.01460	0.01375	0.01740	0.01546	0.01052	0.03522	0.21925	0.03998	0.03654	0.03827	0.02816	0.01268	0.00838	0.00279	0.00602	0.01032	0.44295	0.01203
27	0.03901	0.02874	0.03080	0.02361	0.03182	0.03182	0.01951	0.54111	0.04825	0.06468	0.02464	0.02464	0.01745	0.01232	0.01027	0.00308	0.01129	0.00924	0.01027	0.01745
28	0.02058	0.05308	0.58618	0.02925	0.04442	0.02383	0.03792	0.03250	0.02167	0.03250	0.01842	0.02167	0.01300	0.00975	0.00975	0.00325	0.01517	0.00758	0.00433	0.01517
29	0.02055	0.01954	0.03317	0.02706	0.03109	0.02124	0.17672	0.06174	0.02221	0.03075	0.03247	0.24964	0.03451	0.01991	0.01767	0.00395	0.16193	0.01743	0.00700	0.01143
30	0.29145	0.01921	0.02113	0.01691	0.02428	0.01930	0.01396	0.08035	0.02642	0.34457	0.02959	0.02739	0.01951	0.01150	0.00885	0.00317	0.00864	0.00848	0.01017	0.01512
31	0.03901	0.02874	0.03080	0.02361	0.03182	0.03182	0.01951	0.54111	0.04825	0.06468	0.02464	0.02464	0.01745	0.01232	0.01027	0.00308	0.01129	0.00924	0.01027	0.01745
32	0.01938	0.01824	0.03078	0.61468	0.07068	0.02280	0.02850	0.02622	0.02052	0.02622	0.01824	0.02736	0.01368	0.01026	0.01026	0.00342	0.01368	0.00912	0.00456	0.01140
33	0.01654	0.01181	0.01654	0.01890	0.02126	0.01181	0.01654	0.02126	0.02362	0.03071	0.05433	0.11576	0.05906	0.02835	0.01417	0.00472	0.00945	0.50626	0.00945	0.00945
34	0.03463	0.02662	0.04072	0.03005	0.03902	0.02709	0.21039	0.27802	0.03648	0.13237	0.02564	0.02734	0.01798	0.01102	0.01096	0.00323	0.01312	0.01047	0.00876	0.01612
35	0.04344	0.02163	0.02639	0.02024	0.02828	0.02127	0.01672	0.23143	0.03635	0.39117	0.03463	0.03113	0.02247	0.01256	0.01030	0.00314	0.00968	0.00992	0.01180	0.01746
36	0.01654	0.01181	0.01654	0.01890	0.02126	0.01181	0.01654	0.02126	0.02362	0.03071	0.05433	0.11576	0.05906	0.02835	0.01417	0.00472	0.00945	0.50626	0.00945	0.00945
37	0.02058	0.05308	0.58618	0.02925	0.04442	0.02383	0.03792	0.03250	0.02167	0.03250	0.01842	0.02167	0.01300	0.00975	0.00975	0.00325	0.01517	0.00758	0.00433	0.01517
38	0.03854	0.04270	0.02961	0.02557	0.03176	0.42388	0.01973	0.19488	0.03498	0.03729	0.01856	0.02039	0.01452	0.01111	0.00956	0.00278	0.01629	0.00742	0.00682	0.01361
39	0.03901	0.02874	0.03080	0.02361	0.03182	0.03182	0.01951	0.54111	0.04825	0.06468	0.02464	0.02464	0.01745	0.01232	0.01027	0.00308	0.01129	0.00924	0.01027	0.01745
40	0.02856	0.02355	0.02491	0.02150	0.02784	0.02694	0.01698	0.16396	0.44243	0.04782	0.03792	0.03522	0.02821	0.01356	0.01040	0.00339	0.00883	0.01107	0.01040	0.01652
41	0.02540	0.02438	0.04165	0.06299	0.57533	0.02438	0.03149	0.03149	0.02337	0.03353	0.01930	0.02540	0.01626	0.00914	0.01016	0.00305	0.01219	0.00914	0.00508	0.01626
42	0.03855	0.04242	0.02963	0.02553	0.03176	0.41595	0.01972	0.20188	0.03525	0.03784	0.01869	0.02048	0.01458	0.01114	0.00958	0.00278	0.01619	0.00746	0.00689	0.01368
