[name]
unknown

[dist]
# distance from previous block
# <min> <max>
0	518

[block]
# block no. 0 follows, 13 sequences, length 29
# corresponding to MSA columns:
# 571-599
name=unknown_A
#
# <colnr> <probs for GDERKNQSTAVLIFYWHMCP>
#	G	D	E	R	K	N	Q	S	T	A	V	L	I	F	Y	W	H	M	C	P
0	0.02836	0.01483	0.01909	0.01772	0.02217	0.01420	0.01367	0.03553	0.10298	0.23555	0.04951	0.26713	0.04689	0.02236	0.01210	0.00385	0.00788	0.06151	0.01119	0.01348
1	0.01410	0.01014	0.01336	0.01389	0.01561	0.00940	0.00991	0.01779	0.02592	0.03602	0.35034	0.30372	0.08741	0.02638	0.01289	0.00373	0.00546	0.02365	0.01088	0.00940
2	0.03525	0.01939	0.02360	0.01878	0.02622	0.01840	0.01514	0.08355	0.13627	0.28289	0.08318	0.03734	0.03162	0.01319	0.01035	0.00304	0.00852	0.01084	0.01112	0.13131
3	0.01697	0.01271	0.01536	0.01533	0.01791	0.01261	0.01117	0.06432	0.06925	0.03675	0.21236	0.30934	0.11366	0.02570	0.01261	0.00378	0.00638	0.02274	0.01052	0.01053
4	0.08134	0.01191	0.01445	0.01464	0.01691	0.01147	0.01018	0.02248	0.02065	0.11807	0.04615	0.34896	0.05049	0.15740	0.02118	0.00533	0.00769	0.02142	0.00932	0.00994
5	0.10168	0.02589	0.02848	0.02201	0.03023	0.02767	0.01818	0.36388	0.04200	0.19042	0.02850	0.02729	0.01944	0.01253	0.01023	0.00321	0.01067	0.00946	0.01084	0.01740
6	0.23974	0.01848	0.02069	0.01722	0.02385	0.01850	0.01388	0.08114	0.02680	0.29106	0.03453	0.11318	0.02728	0.01493	0.00980	0.00341	0.00857	0.01184	0.01043	0.01467
7	0.01690	0.01033	0.01272	0.01292	0.01469	0.00967	0.00899	0.01866	0.02135	0.05657	0.12235	0.20109	0.12789	0.10877	0.02175	0.10303	0.00684	0.01872	0.09817	0.00861
8	0.70310	0.02045	0.01554	0.01390	0.02045	0.02372	0.01145	0.03108	0.01799	0.04744	0.01472	0.01718	0.01145	0.00981	0.00654	0.00327	0.00818	0.00573	0.00654	0.01145
9	0.04744	0.01799	0.02454	0.01881	0.02699	0.01554	0.01554	0.05153	0.03026	0.56979	0.04171	0.03599	0.02617	0.01309	0.01063	0.00327	0.00900	0.01063	0.01309	0.01799
10	0.01539	0.01150	0.01350	0.01396	0.01619	0.01090	0.01008	0.04875	0.02373	0.03071	0.10721	0.25923	0.21217	0.11380	0.01879	0.00483	0.00706	0.06348	0.00952	0.00919
11	0.02013	0.01274	0.01775	0.09940	0.02610	0.01252	0.01417	0.02415	0.02482	0.11508	0.16296	0.22734	0.10282	0.02330	0.01245	0.00381	0.00779	0.07172	0.00998	0.01096
12	0.02637	0.06772	0.02986	0.16620	0.03760	0.10273	0.02062	0.10766	0.02493	0.03165	0.02065	0.03160	0.01872	0.11769	0.02269	0.00465	0.14088	0.00979	0.00601	0.01200
13	0.02192	0.01879	0.02192	0.01566	0.02506	0.01409	0.01253	0.02662	0.02192	0.03445	0.01879	0.02192	0.01566	0.00783	0.00783	0.00157	0.00783	0.00626	0.00626	0.69305
14	0.02651	0.02978	0.17388	0.11682	0.11226	0.02283	0.10219	0.03336	0.02297	0.11940	0.02273	0.02764	0.01684	0.01299	0.01489	0.05351	0.06133	0.00963	0.00618	0.01427
15	0.01997	0.01879	0.03171	0.60301	0.07282	0.02349	0.02936	0.02701	0.02114	0.02701	0.01879	0.02819	0.01409	0.01057	0.01057	0.00352	0.01409	0.00940	0.00470	0.01175
16	0.18055	0.01849	0.02271	0.01782	0.02566	0.01720	0.01471	0.04738	0.02777	0.46374	0.03623	0.03217	0.02318	0.01242	0.00980	0.00327	0.00883	0.00964	0.01176	0.01667
17	0.02827	0.63478	0.05540	0.01809	0.02714	0.04184	0.01809	0.03166	0.02148	0.02488	0.01470	0.01696	0.01357	0.00905	0.00678	0.00226	0.01131	0.00565	0.00452	0.01357
18	0.01321	0.00934	0.01217	0.01430	0.01483	0.00881	0.00937	0.01481	0.01960	0.02614	0.05499	0.54883	0.06579	0.11147	0.01880	0.00508	0.00668	0.02813	0.00937	0.00830
19	0.01496	0.01081	0.01413	0.01330	0.01580	0.00998	0.00998	0.01995	0.02993	0.04240	0.55689	0.07898	0.09976	0.02162	0.01247	0.00333	0.00499	0.01912	0.01164	0.00998
20	0.27003	0.01883	0.02148	0.01715	0.02477	0.01832	0.01415	0.04459	0.02610	0.39246	0.03255	0.02960	0.02117	0.01198	0.00924	0.00327	0.00872	0.00897	0.01087	0.01577
21	0.03954	0.02288	0.02435	0.01965	0.02664	0.09233	0.01581	0.12017	0.03278	0.32780	0.08593	0.04123	0.07347	0.01460	0.01079	0.00321	0.01009	0.01165	0.01129	0.01579
22	0.02238	0.01613	0.01895	0.01704	0.02130	0.01681	0.01312	0.06855	0.18523	0.08198	0.29553	0.09486	0.06644	0.01891	0.01175	0.00345	0.00684	0.01637	0.01129	0.01307
23	0.44694	0.02573	0.02096	0.01785	0.02471	0.09855	0.01445	0.11831	0.02600	0.09293	0.01907	0.02044	0.01411	0.01073	0.00797	0.00318	0.01027	0.00693	0.00765	0.01323
24	0.02121	0.05469	0.57364	0.03014	0.04576	0.02455	0.03906	0.03348	0.02232	0.03348	0.01897	0.02232	0.01339	0.01005	0.01005	0.00335	0.01563	0.00781	0.00446	0.01563
25	0.02453	0.02093	0.02238	0.02062	0.02589	0.02397	0.01582	0.05073	0.47451	0.04196	0.04504	0.11606	0.03723	0.01682	0.01112	0.00368	0.00807	0.01434	0.01063	0.01566
26	0.02277	0.01871	0.02044	0.01874	0.02348	0.02062	0.01437	0.07724	0.31943	0.04208	0.12444	0.12594	0.08942	0.01879	0.01150	0.00361	0.00757	0.01606	0.01067	0.01412
27	0.56527	0.10112	0.02146	0.01482	0.02182	0.02549	0.01263	0.03268	0.01937	0.08352	0.01674	0.01855	0.01283	0.00996	0.00688	0.00314	0.00865	0.00608	0.00677	0.01222
28	0.07129	0.02272	0.11202	0.09665	0.03147	0.01972	0.01972	0.05672	0.06821	0.03523	0.11728	0.12056	0.03840	0.01879	0.01558	0.05884	0.06375	0.01366	0.00757	0.01183

[dist]
# distance from previous block
# <min> <max>
0	1

[block]
# block no. 1 follows, 13 sequences, length 21
# corresponding to MSA columns:
# 601-621
name=unknown_B
#
# <colnr> <probs for GDERKNQSTAVLIFYWHMCP>
#	G	D	E	R	K	N	Q	S	T	A	V	L	I	F	Y	W	H	M	C	P
0	0.07017	0.01320	0.01625	0.05642	0.02086	0.01279	0.01113	0.02014	0.01968	0.02941	0.10040	0.10991	0.03925	0.17612	0.05172	0.08198	0.00946	0.01369	0.00712	0.14029
1	0.03528	0.02283	0.02796	0.03083	0.16104	0.09479	0.01952	0.03954	0.02753	0.26972	0.06424	0.09867	0.03117	0.01458	0.01086	0.00328	0.01072	0.01245	0.00961	0.01539
2	0.01356	0.00985	0.01258	0.01399	0.01502	0.00953	0.00946	0.01544	0.01943	0.02573	0.05585	0.38700	0.11724	0.14127	0.09627	0.00692	0.00969	0.02411	0.00868	0.00836
3	0.02377	0.02457	0.09782	0.13397	0.18185	0.02066	0.06355	0.03032	0.02308	0.07118	0.02673	0.03160	0.04858	0.01496	0.04564	0.00388	0.01309	0.00989	0.00610	0.12876
4	0.03098	0.02145	0.03360	0.15257	0.04194	0.02208	0.12490	0.12473	0.02868	0.17077	0.02827	0.03530	0.02157	0.09564	0.01689	0.00432	0.01262	0.01119	0.00825	0.01425
5	0.01401	0.01042	0.01330	0.01518	0.01701	0.00971	0.01151	0.01692	0.02233	0.02871	0.06889	0.35485	0.18006	0.03052	0.01359	0.00429	0.00701	0.16291	0.00979	0.00900
6	0.01721	0.01506	0.02415	0.37411	0.05045	0.01769	0.02176	0.02223	0.02079	0.02701	0.03415	0.25905	0.03582	0.01935	0.01171	0.00382	0.01100	0.01744	0.00669	0.01052
7	0.02945	0.23752	0.10157	0.06299	0.03199	0.02992	0.02015	0.15588	0.02849	0.07545	0.02271	0.02906	0.01901	0.09509	0.01511	0.00388	0.01180	0.00885	0.00693	0.01414
8	0.02207	0.02211	0.04099	0.38850	0.13527	0.02453	0.15470	0.02949	0.02251	0.02977	0.01960	0.02800	0.01495	0.01000	0.01104	0.00348	0.01483	0.01018	0.00494	0.01306
9	0.01599	0.01142	0.01583	0.01827	0.02025	0.01127	0.01521	0.02009	0.02331	0.03047	0.05656	0.24608	0.06314	0.03020	0.01432	0.00472	0.00883	0.37484	0.00976	0.00945
10	0.02347	0.02093	0.03256	0.29935	0.12292	0.02360	0.06109	0.09519	0.06364	0.03504	0.02651	0.09958	0.02314	0.01356	0.01106	0.00352	0.01246	0.01230	0.00665	0.01342
11	0.03149	0.01943	0.03198	0.21827	0.08611	0.01975	0.08201	0.03714	0.02540	0.24502	0.03122	0.07452	0.02343	0.01293	0.01103	0.00345	0.01181	0.01177	0.00854	0.01470
12	0.02956	0.39969	0.04638	0.02117	0.02834	0.03826	0.01946	0.12570	0.02588	0.03301	0.01659	0.01978	0.01448	0.01158	0.01293	0.00290	0.12744	0.00710	0.00571	0.01403
13	0.02595	0.02383	0.09160	0.16676	0.04044	0.01935	0.02092	0.06939	0.02497	0.10190	0.02219	0.02558	0.01649	0.00982	0.00935	0.00261	0.01079	0.00804	0.00684	0.30318
14	0.02217	0.02728	0.13583	0.06267	0.02989	0.08599	0.01961	0.03288	0.11892	0.03650	0.14822	0.07341	0.04128	0.01514	0.01052	0.00326	0.01024	0.01260	0.10089	0.01269
15	0.61526	0.02166	0.01769	0.01529	0.02208	0.02492	0.01260	0.09683	0.02220	0.04998	0.01614	0.01826	0.01232	0.01020	0.00708	0.00326	0.00864	0.00623	0.00708	0.01232
16	0.02689	0.02357	0.06880	0.27463	0.12622	0.02302	0.13167	0.03399	0.02406	0.12787	0.02364	0.02906	0.01701	0.01049	0.01094	0.00342	0.01383	0.01018	0.00641	0.01430
17	0.02777	0.13527	0.11246	0.13902	0.04318	0.09989	0.10890	0.03397	0.02449	0.09378	0.02737	0.03056	0.05501	0.01147	0.01018	0.00316	0.01387	0.00980	0.00622	0.01363
18	0.01361	0.01070	0.01240	0.01285	0.01566	0.00949	0.00976	0.01692	0.02483	0.03162	0.18871	0.17007	0.33560	0.02685	0.01288	0.00377	0.00591	0.07897	0.01019	0.00920
19	0.01288	0.00920	0.01227	0.01472	0.01534	0.00859	0.00981	0.01472	0.02024	0.02699	0.05828	0.62152	0.06993	0.03312	0.01350	0.00429	0.00613	0.03006	0.00981	0.00859
20	0.02688	0.02662	0.14562	0.15393	0.04484	0.02038	0.12128	0.03395	0.02421	0.16130	0.03028	0.10997	0.02488	0.01383	0.01125	0.00354	0.01281	0.01279	0.00751	0.01412

[dist]
# distance from previous block
# <min> <max>
0	1

[block]
# block no. 2 follows, 13 sequences, length 103
# corresponding to MSA columns:
# 623-725
name=unknown_C
#
# <colnr> <probs for GDERKNQSTAVLIFYWHMCP>
#	G	D	E	R	K	N	Q	S	T	A	V	L	I	F	Y	W	H	M	C	P
0	0.02384	0.18965	0.24558	0.11279	0.10881	0.02908	0.08571	0.03204	0.02245	0.03058	0.01825	0.02295	0.01424	0.00966	0.00962	0.00310	0.01419	0.00820	0.00470	0.01455
1	0.01941	0.01790	0.02975	0.53723	0.06646	0.02198	0.02720	0.02623	0.02212	0.02873	0.07882	0.03385	0.02365	0.01180	0.01078	0.00350	0.01308	0.01048	0.00547	0.01155
2	0.02428	0.02101	0.02723	0.01964	0.02906	0.01750	0.06662	0.08322	0.02534	0.03798	0.01980	0.02300	0.01596	0.00849	0.00862	0.00195	0.00929	0.00727	0.00665	0.54710
3	0.01969	0.01819	0.03032	0.46291	0.11962	0.02164	0.02705	0.02595	0.02135	0.02785	0.02429	0.10872	0.02199	0.01351	0.01096	0.00359	0.01284	0.01221	0.00545	0.01187
4	0.01310	0.01073	0.01155	0.01134	0.01465	0.00918	0.00851	0.01634	0.02552	0.03194	0.21693	0.09619	0.44625	0.02552	0.01249	0.00351	0.00527	0.02153	0.01026	0.00918
5	0.03099	0.02504	0.02655	0.02247	0.02928	0.02849	0.01787	0.21511	0.37680	0.05179	0.03708	0.03470	0.02745	0.01379	0.01070	0.00345	0.00947	0.01113	0.01070	0.01716
6	0.02989	0.30596	0.10298	0.02909	0.09296	0.10839	0.08361	0.03516	0.02411	0.06966	0.01882	0.02169	0.01517	0.00974	0.00890	0.00277	0.01357	0.00767	0.00548	0.01438
7	0.03222	0.18396	0.07359	0.02210	0.02903	0.02929	0.02000	0.07631	0.08834	0.17002	0.02597	0.02690	0.01945	0.01311	0.01479	0.00334	0.13959	0.00891	0.00794	0.01513
8	0.02520	0.01803	0.02019	0.01790	0.02283	0.01911	0.01377	0.08908	0.22890	0.10017	0.11910	0.09112	0.10626	0.06222	0.01447	0.00400	0.00794	0.01523	0.01063	0.01385
9	0.01555	0.01130	0.01429	0.01540	0.01718	0.01092	0.01108	0.05512	0.02435	0.03257	0.12631	0.43280	0.09785	0.02932	0.01316	0.00408	0.00663	0.06238	0.01012	0.00960
10	0.06996	0.13264	0.13509	0.05784	0.02996	0.02113	0.01963	0.03113	0.02354	0.13962	0.07202	0.15770	0.03470	0.01636	0.01032	0.00335	0.01008	0.01362	0.00806	0.01326
11	0.02138	0.02194	0.09323	0.14859	0.15080	0.01830	0.02296	0.02703	0.02230	0.06080	0.03080	0.18396	0.03028	0.01601	0.01089	0.00334	0.01070	0.01433	0.00682	0.10554
12	0.03239	0.01376	0.01709	0.01433	0.01949	0.01254	0.01142	0.03693	0.02657	0.28912	0.07775	0.04082	0.03221	0.01339	0.00930	0.00291	0.00685	0.01093	0.31852	0.01369
13	0.02321	0.01677	0.02471	0.24162	0.04060	0.01897	0.01944	0.06305	0.02127	0.06354	0.02032	0.02893	0.01668	0.01977	0.02210	0.22721	0.05456	0.00917	0.00579	0.06229
14	0.07282	0.18077	0.02853	0.01749	0.02313	0.02270	0.01443	0.06901	0.05518	0.13729	0.03712	0.22661	0.03632	0.01859	0.01030	0.00336	0.00876	0.01552	0.00893	0.01313
15	0.01690	0.01037	0.01274	0.01419	0.01611	0.01019	0.01102	0.02091	0.02227	0.03343	0.04796	0.23380	0.04986	0.02352	0.01136	0.00373	0.00674	0.16176	0.28370	0.00945
16	0.02339	0.03085	0.20825	0.02076	0.03217	0.01772	0.02168	0.03061	0.02262	0.07000	0.02039	0.02300	0.01560	0.00893	0.00877	0.00228	0.01054	0.00708	0.00611	0.41925
17	0.10527	0.06914	0.14809	0.15123	0.08326	0.02314	0.05982	0.03002	0.02171	0.03355	0.01833	0.02325	0.01430	0.00942	0.00920	0.00289	0.01220	0.00785	0.00531	0.17204
18	0.43080	0.10940	0.02561	0.01808	0.02329	0.02856	0.01542	0.02971	0.01803	0.03853	0.01450	0.01868	0.01238	0.01195	0.01384	0.00348	0.16359	0.00662	0.00576	0.01178
19	0.03084	0.02497	0.02646	0.02244	0.02922	0.02842	0.01783	0.21012	0.38203	0.05155	0.03727	0.03485	0.02760	0.01380	0.01070	0.00345	0.00944	0.01116	0.01070	0.01714
20	0.01484	0.01002	0.01169	0.01222	0.01235	0.00989	0.00714	0.01523	0.01643	0.02190	0.03870	0.18829	0.04523	0.50005	0.04512	0.00897	0.00936	0.01854	0.00714	0.00688
21	0.70310	0.02045	0.01554	0.01390	0.02045	0.02372	0.01145	0.03108	0.01799	0.04744	0.01472	0.01718	0.01145	0.00981	0.00654	0.00327	0.00818	0.00573	0.00654	0.01145
22	0.34941	0.02080	0.02374	0.06608	0.06343	0.02430	0.01743	0.03306	0.02030	0.12757	0.01971	0.02305	0.01499	0.01227	0.01387	0.00357	0.13863	0.00783	0.00699	0.01295
23	0.04744	0.01799	0.02454	0.01881	0.02699	0.01554	0.01554	0.05153	0.03026	0.56979	0.04171	0.03599	0.02617	0.01309	0.01063	0.00327	0.00900	0.01063	0.01309	0.01799
24	0.01510	0.01133	0.01699	0.01699	0.01888	0.01322	0.01322	0.01888	0.01699	0.02454	0.02832	0.04154	0.02643	0.07930	0.58652	0.01699	0.02832	0.01133	0.00566	0.00944
25	0.09437	0.01815	0.02330	0.01843	0.02591	0.01659	0.01504	0.07372	0.02964	0.45961	0.04003	0.07945	0.02799	0.01437	0.01054	0.00335	0.00886	0.01171	0.01219	0.01676
26	0.02734	0.02662	0.08096	0.15284	0.20739	0.02535	0.11618	0.08976	0.06159	0.07242	0.02348	0.02814	0.01765	0.01054	0.01086	0.00335	0.01341	0.01010	0.00658	0.01547
27	0.01538	0.01025	0.01153	0.01153	0.01153	0.01025	0.00641	0.01538	0.01538	0.02050	0.03331	0.06919	0.03844	0.62842	0.05382	0.01025	0.01025	0.01538	0.00641	0.00641
28	0.01704	0.01217	0.01704	0.01947	0.02191	0.01217	0.01704	0.02191	0.02434	0.03164	0.05598	0.11926	0.06085	0.02921	0.01460	0.00487	0.00974	0.49130	0.00974	0.00974
29	0.45239	0.15266	0.02663	0.10552	0.02995	0.02759	0.01564	0.03058	0.01923	0.03943	0.01534	0.01883	0.01231	0.00977	0.00722	0.00309	0.00976	0.00628	0.00582	0.01195
30	0.02944	0.12918	0.07529	0.06497	0.03364	0.03084	0.02104	0.17822	0.19892	0.04378	0.02749	0.02835	0.02095	0.01271	0.01180	0.00331	0.05659	0.00950	0.00827	0.01571
31	0.01997	0.01879	0.03171	0.60301	0.07282	0.02349	0.02936	0.02701	0.02114	0.02701	0.01879	0.02819	0.01409	0.01057	0.01057	0.00352	0.01409	0.00940	0.00470	0.01175
32	0.16353	0.02454	0.03228	0.12948	0.15235	0.06780	0.07470	0.09124	0.02606	0.03873	0.02324	0.03467	0.01999	0.01236	0.01030	0.00344	0.01256	0.06255	0.00659	0.01360
33	0.01538	0.01025	0.01153	0.01153	0.01153	0.01025	0.00641	0.01538	0.01538	0.02050	0.03331	0.06919	0.03844	0.62842	0.05382	0.01025	0.01025	0.01538	0.00641	0.00641
34	0.02252	0.03076	0.18646	0.06346	0.03490	0.06189	0.05290	0.08611	0.02477	0.03354	0.02887	0.15287	0.02778	0.02420	0.08256	0.00524	0.04816	0.01356	0.00662	0.01285
35	0.03698	0.01832	0.02347	0.01752	0.02620	0.01495	0.01431	0.04132	0.02685	0.35041	0.03232	0.03022	0.02186	0.01093	0.00948	0.00257	0.00852	0.00884	0.01029	0.29462
36	0.03795	0.18509	0.03666	0.02244	0.03063	0.10398	0.01907	0.28076	0.03762	0.11203	0.02349	0.02372	0.01729	0.01158	0.00948	0.00290	0.01218	0.00832	0.00868	0.01612
37	0.12001	0.31356	0.20168	0.02120	0.03178	0.03147	0.02319	0.03419	0.02217	0.08724	0.01879	0.02057	0.01454	0.00987	0.00813	0.00283	0.01193	0.00683	0.00567	0.01436
38	0.01997	0.01879	0.03171	0.60301	0.07282	0.02349	0.02936	0.02701	0.02114	0.02701	0.01879	0.02819	0.01409	0.01057	0.01057	0.00352	0.01409	0.00940	0.00470	0.01175
39	0.02192	0.01879	0.02192	0.01566	0.02506	0.01409	0.01253	0.02662	0.02192	0.03445	0.01879	0.02192	0.01566	0.00783	0.00783	0.00157	0.00783	0.00626	0.00626	0.69305
40	0.02246	0.01927	0.02217	0.01637	0.02535	0.01558	0.01304	0.03022	0.08542	0.03564	0.02174	0.02406	0.01768	0.00862	0.00819	0.00181	0.00790	0.00696	0.00681	0.61070
41	0.01561	0.01068	0.01355	0.01283	0.01532	0.00996	0.00962	0.02059	0.02887	0.04199	0.48578	0.07359	0.08987	0.02035	0.01178	0.00321	0.00498	0.01786	0.10358	0.00996
42	0.01997	0.01879	0.03171	0.60301	0.07282	0.02349	0.02936	0.02701	0.02114	0.02701	0.01879	0.02819	0.01409	0.01057	0.01057	0.00352	0.01409	0.00940	0.00470	0.01175
43	0.01538	0.01025	0.01153	0.01153	0.01153	0.01025	0.00641	0.01538	0.01538	0.02050	0.03331	0.06919	0.03844	0.62842	0.05382	0.01025	0.01025	0.01538	0.00641	0.00641
44	0.01416	0.01053	0.01319	0.01305	0.01544	0.00955	0.00959	0.01820	0.02725	0.03728	0.39079	0.17239	0.18065	0.02447	0.01264	0.00353	0.00525	0.02152	0.01100	0.00955
45	0.03366	0.38708	0.04689	0.02106	0.03002	0.03239	0.06999	0.03784	0.02447	0.18890	0.02348	0.02386	0.01760	0.01024	0.00853	0.00270	0.01129	0.00785	0.00717	0.01496
46	0.02972	0.56109	0.05252	0.01885	0.02783	0.04073	0.01834	0.09200	0.02492	0.02996	0.01600	0.01799	0.01411	0.00949	0.00725	0.00237	0.01135	0.00612	0.00526	0.01411
47	0.10193	0.03743	0.27883	0.02852	0.09108	0.02350	0.02782	0.09349	0.02583	0.07470	0.02085	0.02337	0.01524	0.01018	0.00950	0.00305	0.01249	0.00793	0.00633	0.10793
48	0.02301	0.11931	0.39812	0.03405	0.10212	0.02695	0.08625	0.03319	0.02269	0.03259	0.01881	0.02274	0.01406	0.00974	0.00995	0.00322	0.01499	0.00821	0.00465	0.01536
49	0.01877	0.01360	0.01647	0.01679	0.01910	0.01381	0.01203	0.12523	0.02660	0.03554	0.05118	0.49297	0.05873	0.02872	0.01287	0.00405	0.00732	0.02563	0.00998	0.01061
50	0.12191	0.01955	0.02841	0.08189	0.03412	0.01861	0.07321	0.04452	0.02723	0.38990	0.03377	0.03205	0.02199	0.01196	0.01033	0.00333	0.01041	0.01011	0.01055	0.01613
51	0.01486	0.01109	0.01647	0.01674	0.01848	0.01270	0.01284	0.01842	0.01735	0.02482	0.03166	0.10623	0.03128	0.07415	0.52260	0.01558	0.02585	0.01342	0.00613	0.00935
52	0.01409	0.01077	0.01293	0.01239	0.01526	0.00961	0.00929	0.01827	0.02787	0.03752	0.39841	0.08700	0.26128	0.02343	0.01248	0.00341	0.00512	0.02025	0.01100	0.00961
53	0.03242	0.01472	0.01927	0.01633	0.02202	0.01288	0.01309	0.03622	0.02793	0.32966	0.11899	0.10401	0.14105	0.01921	0.01166	0.00351	0.00764	0.04347	0.01184	0.01409
54	0.02148	0.01818	0.02214	0.01973	0.02456	0.01959	0.05239	0.03928	0.29834	0.03922	0.10673	0.12039	0.09759	0.01820	0.01140	0.00357	0.00793	0.01595	0.04975	0.01359
55	0.01997	0.01879	0.03171	0.60301	0.07282	0.02349	0.02936	0.02701	0.02114	0.02701	0.01879	0.02819	0.01409	0.01057	0.01057	0.00352	0.01409	0.00940	0.00470	0.01175
56	0.03331	0.01700	0.02200	0.01941	0.02506	0.01633	0.01609	0.10921	0.03027	0.27111	0.04545	0.12126	0.04029	0.02013	0.01216	0.00386	0.00932	0.16198	0.01133	0.01444
57	0.01997	0.01879	0.03171	0.60301	0.07282	0.02349	0.02936	0.02701	0.02114	0.02701	0.01879	0.02819	0.01409	0.01057	0.01057	0.00352	0.01409	0.00940	0.00470	0.01175
58	0.02172	0.05113	0.50405	0.03210	0.04705	0.02485	0.10508	0.03354	0.02268	0.03354	0.01930	0.02317	0.01375	0.00989	0.01038	0.00338	0.01593	0.00845	0.00458	0.01544
59	0.01826	0.01387	0.01619	0.01464	0.01832	0.01362	0.01124	0.08312	0.06549	0.04249	0.36074	0.07471	0.18413	0.02115	0.01213	0.00338	0.00610	0.01816	0.01106	0.01118
60	0.02313	0.02313	0.03238	0.02776	0.02776	0.03238	0.02313	0.02545	0.01619	0.02545	0.01388	0.02313	0.01388	0.01851	0.03470	0.00463	0.60907	0.00925	0.00463	0.01157
61	0.02827	0.63478	0.05540	0.01809	0.02714	0.04184	0.01809	0.03166	0.02148	0.02488	0.01470	0.01696	0.01357	0.00905	0.00678	0.00226	0.01131	0.00565	0.00452	0.01357
62	0.01408	0.01006	0.01155	0.01222	0.01316	0.00951	0.00768	0.01515	0.01858	0.02400	0.05601	0.22624	0.15907	0.33698	0.03395	0.00719	0.00808	0.02086	0.00807	0.00754
63	0.01718	0.00919	0.01345	0.01398	0.01411	0.00905	0.00932	0.01398	0.01517	0.02023	0.02697	0.15923	0.02948	0.03595	0.03532	0.54400	0.00853	0.01368	0.00572	0.00545
64	0.02313	0.02313	0.03238	0.02776	0.02776	0.03238	0.02313	0.02545	0.01619	0.02545	0.01388	0.02313	0.01388	0.01851	0.03470	0.00463	0.60907	0.00925	0.00463	0.01157
65	0.01496	0.01081	0.01413	0.01330	0.01580	0.00998	0.00998	0.01995	0.02993	0.04240	0.55689	0.07898	0.09976	0.02162	0.01247	0.00333	0.00499	0.01912	0.01164	0.00998
66	0.01318	0.00954	0.01253	0.01481	0.01577	0.00889	0.01025	0.01531	0.02083	0.02746	0.06155	0.54573	0.10377	0.03237	0.01351	0.00429	0.00636	0.06535	0.00981	0.00870
67	0.01535	0.01036	0.01210	0.01210	0.01230	0.01056	0.00712	0.01574	0.01554	0.02092	0.03279	0.06631	0.03719	0.57126	0.10926	0.01095	0.01213	0.01495	0.00633	0.00672
68	0.34508	0.25846	0.03529	0.01874	0.02646	0.07377	0.05178	0.03235	0.02075	0.03617	0.01532	0.01806	0.01276	0.00954	0.00729	0.00286	0.01091	0.00627	0.00560	0.01253
69	0.01971	0.00985	0.00985	0.00985	0.01232	0.00985	0.00739	0.02464	0.02217	0.03942	0.03449	0.03942	0.02710	0.01232	0.00739	0.00246	0.00493	0.00985	0.68712	0.00985
70	0.02628	0.02465	0.02921	0.02584	0.06859	0.06840	0.01950	0.08880	0.02398	0.03439	0.01767	0.02289	0.01521	0.01272	0.01842	0.00310	0.23151	0.00805	0.00604	0.25474
71	0.02630	0.02271	0.02391	0.02152	0.02749	0.02630	0.01674	0.05618	0.54336	0.04423	0.04303	0.03945	0.03228	0.01434	0.01076	0.00359	0.00837	0.01195	0.01076	0.01674
72	0.03302	0.08133	0.02954	0.02371	0.03003	0.23493	0.01861	0.10648	0.25315	0.03868	0.02883	0.02846	0.02219	0.01246	0.00998	0.00311	0.01294	0.00927	0.00829	0.01499
73	0.06179	0.01160	0.01456	0.01404	0.01679	0.01097	0.01043	0.02179	0.02708	0.07672	0.37748	0.18889	0.08235	0.02272	0.01217	0.00353	0.00573	0.02000	0.01101	0.01034
74	0.01824	0.01640	0.02751	0.09024	0.08561	0.01624	0.11871	0.02212	0.02070	0.02742	0.04068	0.14081	0.09701	0.20292	0.02475	0.00566	0.01125	0.01660	0.00682	0.01033
75	0.62238	0.02156	0.01751	0.01517	0.02195	0.02482	0.01250	0.09149	0.02186	0.04978	0.01602	0.01818	0.01225	0.01017	0.00703	0.00326	0.00860	0.00619	0.00703	0.01225
76	0.02121	0.05469	0.57364	0.03014	0.04576	0.02455	0.03906	0.03348	0.02232	0.03348	0.01897	0.02232	0.01339	0.01005	0.01005	0.00335	0.01563	0.00781	0.00446	0.01563
77	0.01410	0.01037	0.01334	0.01502	0.01626	0.01002	0.01033	0.01834	0.05852	0.03023	0.12268	0.50908	0.07118	0.03028	0.01317	0.00412	0.00614	0.02734	0.01012	0.00935
78	0.04014	0.02029	0.02901	0.02253	0.03054	0.01922	0.07772	0.05038	0.14026	0.39120	0.03952	0.03582	0.02626	0.01285	0.01088	0.00338	0.00994	0.01114	0.01164	0.01727
79	0.01285	0.00932	0.01215	0.01441	0.01525	0.00861	0.00968	0.01476	0.02054	0.02711	0.06207	0.58114	0.10786	0.03263	0.01342	0.00424	0.00607	0.02946	0.00982	0.00861
80	0.02617	0.02512	0.04292	0.06490	0.56246	0.02512	0.03245	0.03245	0.02407	0.03454	0.01989	0.02617	0.01675	0.00942	0.01047	0.00314	0.01256	0.00942	0.00523	0.01675
81	0.15225	0.01824	0.02210	0.01792	0.02493	0.01740	0.01451	0.08059	0.02850	0.37730	0.03795	0.10332	0.02840	0.01495	0.01029	0.00339	0.00872	0.01209	0.01140	0.01575
82	0.01333	0.01016	0.01226	0.01297	0.01511	0.00909	0.00926	0.01633	0.02424	0.03181	0.21355	0.29512	0.24297	0.02778	0.01287	0.00378	0.00555	0.02440	0.01032	0.00909
83	0.02121	0.05469	0.57364	0.03014	0.04576	0.02455	0.03906	0.03348	0.02232	0.03348	0.01897	0.02232	0.01339	0.01005	0.01005	0.00335	0.01563	0.00781	0.00446	0.01563
84	0.01538	0.01025	0.01153	0.01153	0.01153	0.01025	0.00641	0.01538	0.01538	0.02050	0.03331	0.06919	0.03844	0.62842	0.05382	0.01025	0.01025	0.01538	0.00641	0.00641
85	0.01996	0.01268	0.01760	0.08597	0.02427	0.01231	0.01310	0.02487	0.02827	0.11302	0.38666	0.10259	0.07711	0.01984	0.01205	0.00341	0.00673	0.01748	0.01088	0.01122
86	0.02376	0.02643	0.05686	0.04121	0.05083	0.02509	0.46186	0.03204	0.02399	0.03273	0.02223	0.03011	0.01731	0.01748	0.08238	0.00520	0.01910	0.01234	0.00539	0.01367
87	0.02388	0.02026	0.02242	0.02054	0.02564	0.02348	0.01598	0.04814	0.42986	0.03998	0.03986	0.03990	0.03102	0.02835	0.13491	0.00648	0.01267	0.01182	0.00966	0.01516
88	0.62229	0.02409	0.01730	0.01553	0.02194	0.09219	0.01254	0.03244	0.01945	0.04481	0.01492	0.01741	0.01171	0.00995	0.00691	0.00320	0.00950	0.00586	0.00641	0.01155
89	0.01692	0.01241	0.01529	0.01601	0.01832	0.01219	0.01192	0.07862	0.02560	0.03386	0.09813	0.37682	0.11908	0.02847	0.01311	0.00408	0.00714	0.09194	0.01004	0.01004
90	0.02192	0.01879	0.02192	0.01566	0.02506	0.01409	0.01253	0.02662	0.02192	0.03445	0.01879	0.02192	0.01566	0.00783	0.00783	0.00157	0.00783	0.00626	0.00626	0.69305
91	0.02796	0.01672	0.02143	0.02025	0.02506	0.01679	0.01729	0.12369	0.03041	0.15429	0.04713	0.08358	0.04528	0.02261	0.01299	0.00420	0.00993	0.29670	0.01062	0.01307
92	0.03114	0.02157	0.02590	0.02216	0.02742	0.02480	0.01780	0.04834	0.29568	0.17744	0.03640	0.03503	0.02671	0.01491	0.01589	0.00373	0.13806	0.01103	0.01004	0.01595
93	0.37078	0.01733	0.01769	0.01526	0.02085	0.01828	0.01211	0.03311	0.02054	0.18829	0.02311	0.02570	0.01709	0.01654	0.01519	0.15187	0.00863	0.00785	0.00797	0.01181
94	0.02033	0.01110	0.01491	0.01560	0.01785	0.01009	0.01105	0.02266	0.02240	0.14404	0.05470	0.49526	0.06049	0.02880	0.01288	0.00407	0.00675	0.02587	0.01052	0.01062
95	0.09190	0.02298	0.02686	0.02074	0.02892	0.02327	0.01713	0.24684	0.03742	0.32382	0.03300	0.03024	0.02172	0.01269	0.01031	0.00323	0.01003	0.00982	0.01157	0.01751
96	0.02274	0.01426	0.01806	0.01619	0.02024	0.01427	0.01256	0.03186	0.12009	0.13362	0.30986	0.05977	0.06580	0.02584	0.08174	0.00503	0.00914	0.01539	0.01101	0.01253
97	0.01646	0.01065	0.01435	0.01492	0.01655	0.01049	0.01057	0.01911	0.02105	0.06715	0.11851	0.30963	0.05779	0.11248	0.14162	0.00755	0.01146	0.02127	0.00900	0.00938
98	0.24454	0.01548	0.01641	0.01464	0.01902	0.01580	0.01090	0.03007	0.02081	0.17775	0.03264	0.11081	0.03031	0.19170	0.02211	0.00541	0.00875	0.01279	0.00866	0.01141
99	0.17994	0.01849	0.02272	0.01782	0.02567	0.01719	0.01471	0.04740	0.02778	0.46423	0.03626	0.03219	0.02320	0.01243	0.00981	0.00327	0.00883	0.00964	0.01176	0.01667
100	0.02595	0.03046	0.14516	0.02729	0.03809	0.02282	0.14455	0.12382	0.02797	0.04016	0.02070	0.02427	0.01573	0.00946	0.00993	0.00272	0.01257	0.00871	0.00649	0.26316
101	0.02071	0.01442	0.01806	0.01668	0.01961	0.01526	0.01262	0.12672	0.02589	0.03510	0.09962	0.12210	0.07610	0.03893	0.15887	0.15315	0.01320	0.01472	0.00808	0.01017
102	0.01945	0.01810	0.03031	0.56043	0.06866	0.02241	0.02795	0.02612	0.02108	0.02701	0.02165	0.07113	0.01814	0.01220	0.01078	0.00358	0.01352	0.01089	0.00507	0.01152

[dist]
# distance from previous block
# <min> <max>
0	12

[block]
# block no. 3 follows, 13 sequences, length 20
# corresponding to MSA columns:
# 738-757
name=unknown_D
#
# <colnr> <probs for GDERKNQSTAVLIFYWHMCP>
#	G	D	E	R	K	N	Q	S	T	A	V	L	I	F	Y	W	H	M	C	P
0	0.01392	0.01012	0.01299	0.01444	0.01571	0.00923	0.00965	0.01578	0.01983	0.02687	0.05216	0.50892	0.06184	0.09878	0.01761	0.00475	0.00674	0.02641	0.00913	0.06512
1	0.17995	0.02853	0.07239	0.06407	0.09911	0.10265	0.02064	0.06587	0.02388	0.03711	0.01773	0.02177	0.01428	0.01050	0.01090	0.00296	0.06129	0.00743	0.00599	0.15294
2	0.02499	0.02055	0.06723	0.01954	0.02542	0.01816	0.01646	0.05486	0.10315	0.11761	0.03658	0.18938	0.03427	0.01792	0.01313	0.00339	0.06611	0.01481	0.00886	0.14756
3	0.05816	0.03410	0.23325	0.13433	0.08187	0.02366	0.06797	0.07638	0.02590	0.12880	0.02348	0.02653	0.01647	0.01075	0.01035	0.00335	0.01349	0.00912	0.00673	0.01531
4	0.02653	0.42986	0.15095	0.02626	0.07730	0.03608	0.06213	0.03223	0.02212	0.02797	0.01644	0.01961	0.01399	0.00925	0.00813	0.00264	0.01271	0.00689	0.00463	0.01427
5	0.02045	0.01973	0.03465	0.54945	0.07114	0.02380	0.07680	0.02767	0.02151	0.02767	0.01904	0.02822	0.01428	0.01041	0.01075	0.00353	0.01445	0.00969	0.00476	0.01199
6	0.02892	0.03168	0.18110	0.16676	0.04373	0.07218	0.02613	0.07374	0.02601	0.14499	0.02484	0.02841	0.01787	0.01773	0.06558	0.00461	0.01508	0.00917	0.00701	0.01446
7	0.01536	0.01421	0.05761	0.06131	0.02149	0.01241	0.01302	0.01811	0.01817	0.02477	0.03795	0.22963	0.04225	0.24720	0.13101	0.00856	0.01296	0.01817	0.00705	0.00876
8	0.01333	0.00939	0.01213	0.01414	0.01465	0.00889	0.00920	0.01484	0.01936	0.02581	0.05375	0.52143	0.06422	0.14100	0.02080	0.00537	0.00688	0.02740	0.00920	0.00819
9	0.03251	0.02690	0.03002	0.06435	0.03371	0.12950	0.08240	0.12654	0.07658	0.13305	0.03425	0.03756	0.06342	0.06428	0.01440	0.00384	0.01265	0.01128	0.00858	0.01419
10	0.02961	0.03568	0.06628	0.21658	0.08999	0.26710	0.02518	0.03725	0.07535	0.02922	0.02016	0.02478	0.01581	0.01094	0.01010	0.00314	0.01567	0.00842	0.00563	0.01311
11	0.02144	0.03015	0.19101	0.03006	0.08447	0.02250	0.10130	0.02962	0.06048	0.03018	0.02423	0.03682	0.02192	0.16628	0.02466	0.00528	0.09006	0.01109	0.00567	0.01277
12	0.01907	0.01385	0.01741	0.01712	0.01959	0.01473	0.01283	0.10941	0.02448	0.03315	0.04104	0.24929	0.04421	0.10955	0.17528	0.00831	0.01400	0.05790	0.00842	0.01037
13	0.01414	0.01015	0.01366	0.01489	0.01612	0.01001	0.01061	0.01692	0.02131	0.02912	0.14126	0.34251	0.06466	0.09168	0.11221	0.00680	0.01023	0.05572	0.00915	0.00887
14	0.02524	0.02075	0.02370	0.01723	0.02646	0.01748	0.01390	0.11734	0.02696	0.04028	0.01999	0.02255	0.01608	0.00871	0.00833	0.00186	0.00852	0.00685	0.00705	0.57072
15	0.01923	0.01171	0.01715	0.01631	0.01631	0.01339	0.01171	0.01589	0.01421	0.01965	0.01755	0.03051	0.01755	0.03343	0.04012	0.56775	0.11789	0.00920	0.00460	0.00586
16	0.04744	0.01799	0.02454	0.01881	0.02699	0.01554	0.01554	0.05153	0.03026	0.56979	0.04171	0.03599	0.02617	0.01309	0.01063	0.00327	0.00900	0.01063	0.01309	0.01799
17	0.01640	0.01319	0.01829	0.06542	0.02250	0.01487	0.01392	0.01919	0.02148	0.02965	0.16515	0.19827	0.09863	0.02879	0.05891	0.06195	0.11751	0.01823	0.00816	0.00948
18	0.01969	0.01843	0.03094	0.40806	0.05760	0.02199	0.06345	0.02614	0.02264	0.03021	0.11612	0.03702	0.02975	0.01307	0.01295	0.00358	0.05937	0.01138	0.00600	0.01160
19	0.04092	0.01856	0.02401	0.01848	0.02669	0.01624	0.01510	0.04743	0.07464	0.42577	0.03768	0.03375	0.02481	0.01225	0.01014	0.00299	0.00873	0.00996	0.01164	0.14021

[dist]
# distance from previous block
# <min> <max>
0	1

[block]
# block no. 4 follows, 13 sequences, length 30
# corresponding to MSA columns:
# 759-774,804-817
name=unknown_E
#
# <colnr> <probs for GDERKNQSTAVLIFYWHMCP>
#	G	D	E	R	K	N	Q	S	T	A	V	L	I	F	Y	W	H	M	C	P
0	0.07902	0.02062	0.02112	0.01745	0.02355	0.05362	0.01401	0.17230	0.03227	0.16597	0.04275	0.04191	0.10765	0.01466	0.00992	0.00310	0.00890	0.01147	0.14562	0.01411
1	0.02303	0.11944	0.03788	0.34669	0.11388	0.02715	0.05876	0.03212	0.08095	0.02991	0.02117	0.02746	0.01649	0.01052	0.01010	0.00329	0.01307	0.00929	0.00546	0.01333
2	0.04049	0.01687	0.02159	0.01709	0.02396	0.01537	0.01394	0.07703	0.02967	0.41246	0.03894	0.03608	0.02584	0.01288	0.00987	0.00308	0.00822	0.01038	0.17015	0.01609
3	0.03672	0.02753	0.06083	0.02483	0.07563	0.11013	0.01913	0.09613	0.02970	0.23769	0.02786	0.02753	0.01950	0.01112	0.00983	0.00282	0.01139	0.00873	0.00898	0.15391
4	0.02824	0.40187	0.04787	0.09291	0.11885	0.09783	0.02193	0.03244	0.02281	0.02678	0.01618	0.01995	0.01414	0.00949	0.00811	0.00260	0.01269	0.00681	0.00476	0.01373
5	0.01288	0.00920	0.01227	0.01472	0.01534	0.00859	0.00981	0.01472	0.02024	0.02699	0.05828	0.62152	0.06993	0.03312	0.01350	0.00429	0.00613	0.03006	0.00981	0.00859
6	0.01479	0.01085	0.01428	0.01633	0.01828	0.01034	0.01295	0.01819	0.02280	0.02944	0.06503	0.30043	0.14399	0.03025	0.01386	0.00445	0.00771	0.24707	0.00978	0.00919
7	0.02379	0.01515	0.01628	0.01427	0.01789	0.01588	0.01082	0.15291	0.02910	0.04378	0.09114	0.04504	0.03479	0.11235	0.01624	0.00400	0.00753	0.01170	0.32592	0.01142
8	0.01973	0.01399	0.01535	0.01410	0.01797	0.01331	0.01055	0.09982	0.02713	0.07091	0.07450	0.15307	0.30932	0.09163	0.01681	0.00433	0.00727	0.01975	0.00978	0.01068
9	0.02215	0.24136	0.03245	0.01803	0.02368	0.02583	0.01552	0.03004	0.10344	0.02847	0.02508	0.03094	0.02197	0.03855	0.24458	0.00845	0.01757	0.00903	0.00610	0.05675
10	0.01475	0.01099	0.01623	0.01663	0.01831	0.01247	0.01267	0.01821	0.01751	0.02494	0.03313	0.13462	0.03341	0.07189	0.49455	0.01495	0.02476	0.01433	0.00633	0.00930
11	0.02121	0.05469	0.57364	0.03014	0.04576	0.02455	0.03906	0.03348	0.02232	0.03348	0.01897	0.02232	0.01339	0.01005	0.01005	0.00335	0.01563	0.00781	0.00446	0.01563
12	0.02740	0.03830	0.25530	0.10266	0.16047	0.06486	0.03140	0.08950	0.02673	0.07314	0.02125	0.02491	0.01563	0.01053	0.01026	0.00325	0.01411	0.00867	0.00601	0.01561
13	0.02033	0.02385	0.10359	0.11712	0.03429	0.02469	0.02298	0.02449	0.01821	0.02644	0.02254	0.09586	0.02289	0.08680	0.02717	0.00487	0.29515	0.01209	0.00540	0.01125
14	0.01439	0.00996	0.01170	0.01247	0.01292	0.00964	0.00759	0.01516	0.01752	0.02310	0.04637	0.24399	0.08531	0.39965	0.03828	0.00791	0.00862	0.02046	0.00771	0.00727
15	0.10436	0.07230	0.16397	0.12013	0.04322	0.02558	0.11994	0.03043	0.02133	0.03281	0.01801	0.02350	0.01410	0.01051	0.01245	0.00327	0.07998	0.00854	0.00515	0.09042
16	0.02262	0.15835	0.18782	0.02180	0.03036	0.02523	0.02244	0.03564	0.15481	0.03565	0.11367	0.04298	0.03615	0.01443	0.01032	0.00331	0.01067	0.05204	0.00767	0.01405
17	0.07223	0.15050	0.06509	0.02287	0.03127	0.08689	0.07510	0.05774	0.06899	0.03433	0.01992	0.02281	0.01612	0.01010	0.01005	0.00267	0.04062	0.00775	0.00616	0.19880
18	0.01280	0.00954	0.01192	0.01382	0.01510	0.00866	0.00941	0.01482	0.02111	0.02734	0.06926	0.50458	0.17978	0.03170	0.01327	0.00413	0.00596	0.02832	0.00982	0.00866
19	0.02752	0.21597	0.24843	0.02391	0.03433	0.11777	0.02579	0.03447	0.02453	0.06875	0.06546	0.02612	0.02186	0.01111	0.00927	0.00293	0.01353	0.00820	0.00587	0.01417
20	0.02644	0.15750	0.20261	0.06391	0.04112	0.03055	0.11014	0.11112	0.02622	0.03583	0.01895	0.02321	0.01470	0.01107	0.01270	0.00329	0.08164	0.00869	0.00564	0.01466
21	0.01358	0.00966	0.01264	0.01412	0.01511	0.00905	0.00956	0.01599	0.02206	0.02999	0.17132	0.44839	0.07410	0.08196	0.01675	0.00459	0.00623	0.02626	0.00994	0.00872
22	0.01997	0.01879	0.03171	0.60301	0.07282	0.02349	0.02936	0.02701	0.02114	0.02701	0.01879	0.02819	0.01409	0.01057	0.01057	0.00352	0.01409	0.00940	0.00470	0.01175
23	0.02694	0.09127	0.03912	0.10032	0.15138	0.02674	0.09713	0.08675	0.02548	0.07114	0.02421	0.08031	0.02124	0.01348	0.01401	0.00347	0.09478	0.01141	0.00659	0.01422
24	0.02766	0.09996	0.21049	0.15944	0.11846	0.02452	0.02893	0.03529	0.02380	0.13839	0.02313	0.02630	0.01659	0.01057	0.00998	0.00322	0.01305	0.00871	0.00635	0.01516
25	0.01734	0.01105	0.01569	0.01550	0.01594	0.01202	0.01099	0.01616	0.01677	0.02312	0.07233	0.13244	0.03482	0.06807	0.06991	0.36559	0.07529	0.01388	0.00621	0.00688
26	0.09694	0.01815	0.02801	0.38174	0.11233	0.02131	0.02454	0.02611	0.02097	0.03017	0.02479	0.12194	0.02305	0.01398	0.01057	0.00358	0.01198	0.01230	0.00579	0.01176
27	0.01341	0.01083	0.01198	0.01194	0.01516	0.00940	0.00911	0.01680	0.02556	0.03219	0.21479	0.09730	0.41173	0.02566	0.01263	0.00360	0.00556	0.05285	0.01026	0.00924
28	0.02014	0.12351	0.13991	0.02119	0.02923	0.02184	0.07565	0.02941	0.09625	0.03177	0.05568	0.05498	0.22493	0.01677	0.01084	0.00332	0.01023	0.01413	0.00751	0.01273
29	0.01845	0.01567	0.01922	0.07974	0.02646	0.01331	0.01298	0.02300	0.02363	0.03358	0.12597	0.04990	0.15161	0.01465	0.00994	0.00252	0.00751	0.01232	0.00776	0.35178

[dist]
# distance from previous block
# <min> <max>
0	50

# created by:
# /st0/software/busco_prod/Augustus/scripts/msa2prfl.pl ./align_prep/5129.fa
