[name]
unknown

[dist]
# distance from previous block
# <min> <max>
0	48

[block]
# block no. 0 follows, 14 sequences, length 17
# corresponding to MSA columns:
# 49-65
name=unknown_A
#
# <colnr> <probs for GDERKNQSTAVLIFYWHMCP>
#	G	D	E	R	K	N	Q	S	T	A	V	L	I	F	Y	W	H	M	C	P
0	0.01654	0.01181	0.01654	0.01890	0.02126	0.01181	0.01654	0.02126	0.02362	0.03071	0.05433	0.11576	0.05906	0.02835	0.01417	0.00472	0.00945	0.50626	0.00945	0.00945
1	0.02355	0.16635	0.40300	0.02918	0.07800	0.06866	0.03218	0.03269	0.02216	0.03041	0.01749	0.02069	0.01328	0.00958	0.00913	0.00299	0.01438	0.00722	0.00447	0.01462
2	0.04604	0.01746	0.02382	0.01826	0.02620	0.01508	0.01508	0.05001	0.02937	0.58244	0.04049	0.03493	0.02540	0.01270	0.01032	0.00318	0.00873	0.01032	0.01270	0.01746
3	0.02058	0.05308	0.58618	0.02925	0.04442	0.02383	0.03792	0.03250	0.02167	0.03250	0.01842	0.02167	0.01300	0.00975	0.00975	0.00325	0.01517	0.00758	0.00433	0.01517
4	0.04604	0.01746	0.02382	0.01826	0.02620	0.01508	0.01508	0.05001	0.02937	0.58244	0.04049	0.03493	0.02540	0.01270	0.01032	0.00318	0.00873	0.01032	0.01270	0.01746
5	0.02856	0.02496	0.09632	0.10849	0.03791	0.06401	0.09831	0.03623	0.06420	0.17968	0.03241	0.08689	0.02663	0.01425	0.01099	0.00345	0.01203	0.05269	0.00814	0.01383
6	0.02128	0.01824	0.02128	0.01520	0.02432	0.01368	0.01216	0.02584	0.02128	0.03344	0.01824	0.02128	0.01520	0.00760	0.00760	0.00152	0.00760	0.00608	0.00608	0.70208
7	0.01314	0.00938	0.01264	0.01501	0.01589	0.00888	0.01063	0.01539	0.02027	0.02691	0.05621	0.55138	0.06649	0.03155	0.01327	0.00426	0.00650	0.10419	0.00951	0.00851
8	0.01321	0.01044	0.01190	0.01153	0.01453	0.00912	0.00865	0.01683	0.02595	0.03380	0.31482	0.08876	0.35651	0.02372	0.01212	0.00336	0.00504	0.02026	0.01033	0.00912
9	0.02783	0.12431	0.19972	0.03197	0.08435	0.07633	0.13361	0.13321	0.02809	0.03720	0.01940	0.02281	0.01473	0.00991	0.00989	0.00304	0.01429	0.00860	0.00583	0.01487
10	0.03555	0.01951	0.02648	0.06603	0.07174	0.02010	0.01827	0.09910	0.02812	0.31362	0.03689	0.03602	0.06690	0.01405	0.01370	0.00338	0.09462	0.01077	0.00982	0.01533
11	0.01279	0.00905	0.01182	0.01392	0.01444	0.00853	0.00913	0.01436	0.01908	0.02544	0.05366	0.56503	0.06422	0.10475	0.01778	0.00486	0.00643	0.02747	0.00913	0.00808
12	0.47383	0.07374	0.02452	0.02389	0.12535	0.02543	0.01612	0.07009	0.02124	0.04331	0.01603	0.01891	0.01274	0.00961	0.00739	0.00306	0.00925	0.00651	0.00625	0.01274
13	0.01250	0.00893	0.01191	0.01429	0.01488	0.00834	0.00953	0.01429	0.01965	0.02620	0.05656	0.63265	0.06787	0.03215	0.01310	0.00417	0.00595	0.02917	0.00953	0.00834
14	0.02401	0.02008	0.03126	0.03775	0.24757	0.02024	0.06405	0.03383	0.12547	0.07791	0.09922	0.10785	0.03610	0.01453	0.01098	0.00333	0.00990	0.01353	0.00801	0.01437
15	0.02375	0.02806	0.16109	0.03411	0.18960	0.01962	0.05453	0.03049	0.02264	0.07344	0.02285	0.06327	0.01916	0.01057	0.00966	0.00277	0.01124	0.00947	0.00604	0.20763
16	0.02988	0.43570	0.04240	0.01739	0.02502	0.07658	0.01615	0.03340	0.02276	0.10370	0.02034	0.02180	0.01645	0.00985	0.00738	0.00239	0.01051	0.00674	0.08835	0.01324

[dist]
# distance from previous block
# <min> <max>
0	2

[block]
# block no. 1 follows, 14 sequences, length 18
# corresponding to MSA columns:
# 68-85
name=unknown_B
#
# <colnr> <probs for GDERKNQSTAVLIFYWHMCP>
#	G	D	E	R	K	N	Q	S	T	A	V	L	I	F	Y	W	H	M	C	P
0	0.03056	0.09264	0.07098	0.07088	0.03029	0.02010	0.01760	0.06304	0.06261	0.22171	0.09539	0.03410	0.02942	0.01220	0.00970	0.00289	0.00939	0.00992	0.00902	0.10757
1	0.02049	0.02045	0.07166	0.02207	0.09776	0.01526	0.01583	0.02497	0.02031	0.03062	0.02126	0.03117	0.01963	0.13609	0.01718	0.00359	0.00936	0.00842	0.00582	0.40806
2	0.07226	0.02195	0.02771	0.06092	0.03191	0.02148	0.05160	0.18798	0.03132	0.17716	0.02555	0.02621	0.01806	0.01063	0.00948	0.00275	0.01008	0.00865	0.00881	0.19550
3	0.01943	0.01738	0.02563	0.19286	0.10270	0.01889	0.02019	0.02446	0.02214	0.03099	0.11724	0.04373	0.06307	0.01463	0.01364	0.00326	0.09211	0.04441	0.00661	0.12663
4	0.01454	0.01189	0.01448	0.01383	0.01597	0.01213	0.01040	0.01752	0.02316	0.03083	0.22994	0.12590	0.25887	0.07226	0.01828	0.00410	0.08854	0.01909	0.00915	0.00911
5	0.09381	0.01814	0.02180	0.01734	0.02348	0.01776	0.01404	0.06421	0.02487	0.13939	0.12057	0.03367	0.03124	0.01285	0.01249	0.00280	0.09029	0.00966	0.00834	0.24322
6	0.45002	0.02149	0.05610	0.01551	0.02318	0.02031	0.01366	0.03222	0.02005	0.11521	0.01882	0.02031	0.01391	0.00962	0.00734	0.00288	0.00847	0.00643	0.00702	0.13745
7	0.02374	0.08090	0.02546	0.01631	0.02530	0.01822	0.01346	0.08023	0.02406	0.03580	0.01852	0.02116	0.01524	0.00821	0.00778	0.00175	0.00832	0.00635	0.00635	0.56285
8	0.02947	0.01372	0.01792	0.01533	0.02041	0.01201	0.01202	0.03309	0.02700	0.30510	0.16059	0.13468	0.13668	0.01922	0.01136	0.00337	0.00698	0.01643	0.01146	0.01319
9	0.02128	0.01824	0.02128	0.01520	0.02432	0.01368	0.01216	0.02584	0.02128	0.03344	0.01824	0.02128	0.01520	0.00760	0.00760	0.00152	0.00760	0.00608	0.00608	0.70208
10	0.02798	0.01457	0.01739	0.01552	0.02007	0.01440	0.01270	0.09964	0.02751	0.17567	0.03826	0.05131	0.03153	0.01551	0.00979	0.00315	0.00759	0.11041	0.29443	0.01257
11	0.01660	0.01647	0.06395	0.13772	0.02996	0.01550	0.01698	0.02187	0.02459	0.03449	0.31416	0.10583	0.06253	0.01860	0.01377	0.00348	0.06868	0.01576	0.00855	0.01050
12	0.02345	0.01707	0.01909	0.01654	0.02104	0.01818	0.01296	0.15667	0.13250	0.04688	0.24737	0.05023	0.05325	0.01603	0.01053	0.00310	0.00706	0.01347	0.12173	0.01284
13	0.01622	0.01274	0.01779	0.09609	0.02333	0.01493	0.01321	0.01865	0.01630	0.02261	0.02678	0.04782	0.02759	0.29477	0.23381	0.01076	0.08041	0.01216	0.00556	0.00846
14	0.03791	0.02820	0.03018	0.02339	0.03140	0.03131	0.01924	0.50125	0.08991	0.06289	0.02604	0.02576	0.01859	0.01245	0.01028	0.00311	0.01103	0.00943	0.01028	0.01735
15	0.71184	0.01985	0.01508	0.01350	0.01985	0.02302	0.01111	0.03017	0.01746	0.04604	0.01429	0.01667	0.01111	0.00953	0.00635	0.00318	0.00794	0.00556	0.00635	0.01111
16	0.02472	0.12215	0.22333	0.11640	0.04020	0.02519	0.04776	0.06810	0.07652	0.07660	0.02811	0.03014	0.05396	0.01155	0.00978	0.00315	0.01228	0.00939	0.00643	0.01423
17	0.01833	0.01613	0.02149	0.02170	0.06551	0.01856	0.01558	0.02445	0.07826	0.03268	0.19555	0.11033	0.12044	0.02017	0.01810	0.00373	0.18384	0.01575	0.00832	0.01108

[dist]
# distance from previous block
# <min> <max>
2	8

[block]
# block no. 2 follows, 14 sequences, length 96
# corresponding to MSA columns:
# 94-128,130-190
name=unknown_C
#
# <colnr> <probs for GDERKNQSTAVLIFYWHMCP>
#	G	D	E	R	K	N	Q	S	T	A	V	L	I	F	Y	W	H	M	C	P
0	0.02881	0.01342	0.01782	0.01559	0.02027	0.01184	0.01207	0.03234	0.02652	0.29339	0.16027	0.19240	0.09140	0.02012	0.01150	0.00345	0.00698	0.01744	0.01140	0.01297
1	0.02611	0.07457	0.10436	0.08158	0.15561	0.05775	0.12439	0.03599	0.10022	0.06591	0.02302	0.02677	0.01771	0.01070	0.01166	0.00325	0.05016	0.00954	0.00614	0.01458
2	0.01424	0.01048	0.01333	0.01261	0.01516	0.00956	0.00946	0.01882	0.02838	0.03957	0.51508	0.07926	0.15265	0.02157	0.01211	0.00326	0.00488	0.01892	0.01109	0.00956
3	0.02191	0.06938	0.03108	0.02456	0.02553	0.02958	0.02057	0.02454	0.01768	0.02659	0.07902	0.02837	0.02326	0.01760	0.02904	0.00416	0.50081	0.00984	0.00528	0.01120
4	0.01410	0.01016	0.01334	0.01320	0.01524	0.00940	0.00965	0.01830	0.02707	0.03801	0.46212	0.19341	0.09075	0.02333	0.01231	0.00343	0.00508	0.02079	0.01092	0.00940
5	0.01676	0.01089	0.01380	0.01281	0.01569	0.00995	0.00970	0.02133	0.02802	0.07630	0.45369	0.07320	0.13086	0.02025	0.01164	0.00319	0.00513	0.01766	0.05903	0.01011
6	0.02069	0.01503	0.02057	0.06194	0.02456	0.01606	0.06070	0.03005	0.15930	0.03333	0.06222	0.03711	0.02793	0.01829	0.01694	0.17123	0.00847	0.01069	0.19427	0.01061
7	0.03382	0.03551	0.02428	0.02172	0.02643	0.36861	0.01626	0.07360	0.02788	0.07219	0.02254	0.02859	0.01901	0.08902	0.01450	0.00359	0.01454	0.00847	0.08767	0.01176
8	0.71184	0.01985	0.01508	0.01350	0.01985	0.02302	0.01111	0.03017	0.01746	0.04604	0.01429	0.01667	0.01111	0.00953	0.00635	0.00318	0.00794	0.00556	0.00635	0.01111
9	0.02600	0.02672	0.07796	0.04824	0.34331	0.02530	0.08809	0.07510	0.11415	0.03736	0.02357	0.02750	0.01855	0.01017	0.01042	0.00319	0.01225	0.00980	0.00634	0.01599
10	0.02427	0.15755	0.02216	0.01296	0.01760	0.01859	0.01095	0.06242	0.02373	0.07478	0.02895	0.03209	0.02262	0.01130	0.00747	0.00245	0.00692	0.00866	0.44303	0.01148
11	0.07345	0.08119	0.07653	0.06726	0.20310	0.02271	0.06169	0.03736	0.02454	0.21445	0.02552	0.02720	0.01825	0.01038	0.00977	0.00309	0.01136	0.00908	0.00754	0.01553
12	0.07502	0.12703	0.03054	0.11490	0.11514	0.02301	0.01914	0.03463	0.08612	0.13809	0.06463	0.07571	0.02780	0.01304	0.00970	0.00314	0.00980	0.01090	0.00782	0.01382
13	0.02321	0.02242	0.02654	0.02331	0.02504	0.06539	0.01857	0.03150	0.14428	0.02837	0.02291	0.03208	0.02095	0.10206	0.02909	0.00488	0.35118	0.01026	0.00619	0.01177
14	0.53575	0.02242	0.01826	0.01574	0.02232	0.06730	0.01282	0.06788	0.02185	0.10880	0.01819	0.01950	0.01339	0.01017	0.00731	0.00313	0.00908	0.00645	0.00728	0.01235
15	0.01452	0.01049	0.01372	0.01291	0.01533	0.00968	0.00968	0.01937	0.02905	0.04115	0.56992	0.07666	0.09683	0.02098	0.01210	0.00323	0.00484	0.01856	0.01130	0.00968
16	0.02617	0.54893	0.04706	0.01634	0.02415	0.03589	0.01598	0.02969	0.02095	0.02629	0.01718	0.01977	0.01516	0.00926	0.00667	0.00222	0.01003	0.00611	0.10949	0.01262
17	0.03477	0.03877	0.02649	0.02364	0.02885	0.39758	0.01796	0.13112	0.03129	0.03352	0.02246	0.07768	0.01995	0.01299	0.00966	0.00285	0.01506	0.00939	0.05353	0.01245
18	0.01452	0.01049	0.01372	0.01291	0.01533	0.00968	0.00968	0.01937	0.02905	0.04115	0.56992	0.07666	0.09683	0.02098	0.01210	0.00323	0.00484	0.01856	0.01130	0.00968
19	0.71184	0.01985	0.01508	0.01350	0.01985	0.02302	0.01111	0.03017	0.01746	0.04604	0.01429	0.01667	0.01111	0.00953	0.00635	0.00318	0.00794	0.00556	0.00635	0.01111
20	0.02553	0.02204	0.02320	0.02088	0.02669	0.02553	0.01624	0.05453	0.55679	0.04293	0.04177	0.03829	0.03133	0.01392	0.01044	0.00348	0.00812	0.01160	0.01044	0.01624
21	0.01452	0.01049	0.01372	0.01291	0.01533	0.00968	0.00968	0.01937	0.02905	0.04115	0.56992	0.07666	0.09683	0.02098	0.01210	0.00323	0.00484	0.01856	0.01130	0.00968
22	0.12817	0.02209	0.02126	0.01626	0.02451	0.08388	0.01290	0.02828	0.02162	0.03437	0.01736	0.02025	0.01435	0.00824	0.00760	0.00190	0.00893	0.00606	0.00603	0.51591
23	0.04604	0.01746	0.02382	0.01826	0.02620	0.01508	0.01508	0.05001	0.02937	0.58244	0.04049	0.03493	0.02540	0.01270	0.01032	0.00318	0.00873	0.01032	0.01270	0.01746
24	0.04387	0.02095	0.02597	0.01991	0.02793	0.02025	0.01645	0.20162	0.03520	0.42260	0.03559	0.03175	0.02295	0.01258	0.01030	0.00315	0.00952	0.00999	0.01195	0.01746
25	0.01265	0.00905	0.01204	0.01419	0.01492	0.00844	0.00954	0.01467	0.02035	0.02731	0.09491	0.59112	0.07004	0.03132	0.01302	0.00410	0.00587	0.02838	0.00966	0.00844
26	0.02814	0.02169	0.02319	0.01970	0.02557	0.02423	0.01563	0.20587	0.27976	0.04928	0.08397	0.03739	0.03227	0.01382	0.01015	0.00320	0.00846	0.01124	0.09118	0.01524
27	0.03683	0.01952	0.02354	0.01944	0.02642	0.01977	0.01560	0.05204	0.26626	0.34013	0.04106	0.03644	0.02806	0.01325	0.01037	0.00331	0.00846	0.01090	0.01169	0.01692
28	0.01466	0.01100	0.01649	0.01649	0.01833	0.01283	0.01283	0.01833	0.01649	0.02382	0.02749	0.04032	0.02566	0.07697	0.59868	0.01649	0.02749	0.01100	0.00550	0.00916
29	0.06298	0.02288	0.17033	0.02029	0.02589	0.01474	0.05417	0.02157	0.02036	0.02971	0.04091	0.38391	0.04558	0.02294	0.01167	0.00380	0.00936	0.02056	0.00761	0.01075
30	0.03316	0.01668	0.02065	0.01712	0.02333	0.01586	0.01370	0.04254	0.14427	0.32395	0.11181	0.04937	0.11025	0.01577	0.01081	0.00329	0.00765	0.01313	0.01160	0.01507
31	0.01485	0.00978	0.01139	0.01183	0.01395	0.00909	0.00855	0.01842	0.02324	0.03369	0.18623	0.22039	0.15946	0.02235	0.01095	0.00329	0.00519	0.01942	0.20884	0.00909
32	0.02492	0.02293	0.07604	0.03312	0.09960	0.02052	0.19895	0.03098	0.02343	0.11468	0.03126	0.11562	0.02843	0.01534	0.01341	0.00366	0.05797	0.06854	0.00724	0.01337
33	0.03732	0.02325	0.06740	0.02109	0.02864	0.02171	0.01827	0.12964	0.13398	0.31083	0.03456	0.03201	0.02348	0.01302	0.01192	0.00332	0.05222	0.01009	0.01066	0.01662
34	0.01472	0.01096	0.01390	0.01444	0.01471	0.01175	0.00962	0.01579	0.01714	0.02329	0.04100	0.31606	0.04824	0.29331	0.03246	0.00671	0.08001	0.02063	0.00750	0.00776
35	0.02393	0.10243	0.04008	0.21580	0.35967	0.02601	0.02884	0.02988	0.02222	0.03022	0.01835	0.02481	0.01512	0.00942	0.00973	0.00305	0.01246	0.00867	0.00484	0.01446
36	0.02128	0.01824	0.02128	0.01520	0.02432	0.01368	0.01216	0.02584	0.02128	0.03344	0.01824	0.02128	0.01520	0.00760	0.00760	0.00152	0.00760	0.00608	0.00608	0.70208
37	0.02714	0.58850	0.05440	0.01993	0.02886	0.03925	0.06560	0.03093	0.02116	0.02495	0.01487	0.01750	0.01339	0.00877	0.00709	0.00231	0.01156	0.00610	0.00446	0.01323
38	0.01351	0.01005	0.01259	0.01280	0.01493	0.00912	0.00928	0.01709	0.02540	0.03449	0.34035	0.23268	0.17997	0.02499	0.01238	0.00353	0.00521	0.02205	0.01047	0.00912
39	0.01412	0.01111	0.01578	0.01508	0.01757	0.01017	0.04540	0.01782	0.02459	0.03335	0.28320	0.26997	0.15326	0.02478	0.01245	0.00361	0.00613	0.02228	0.01000	0.00934
40	0.01331	0.01082	0.01201	0.01164	0.01499	0.00920	0.00867	0.01646	0.02414	0.03092	0.19615	0.13789	0.38253	0.02420	0.01190	0.00335	0.00535	0.02061	0.00968	0.05617
41	0.03740	0.03624	0.03010	0.06509	0.03444	0.26185	0.02025	0.30230	0.03855	0.04594	0.02063	0.02233	0.01547	0.01147	0.00985	0.00293	0.01439	0.00816	0.00785	0.01478
42	0.03940	0.01790	0.02293	0.01841	0.02549	0.01686	0.01492	0.04867	0.13958	0.42925	0.08030	0.03875	0.03198	0.01358	0.01048	0.00324	0.00831	0.01120	0.01212	0.01663
43	0.71184	0.01985	0.01508	0.01350	0.01985	0.02302	0.01111	0.03017	0.01746	0.04604	0.01429	0.01667	0.01111	0.00953	0.00635	0.00318	0.00794	0.00556	0.00635	0.01111
44	0.02553	0.02204	0.02320	0.02088	0.02669	0.02553	0.01624	0.05453	0.55679	0.04293	0.04177	0.03829	0.03133	0.01392	0.01044	0.00348	0.00812	0.01160	0.01044	0.01624
45	0.04440	0.01698	0.02294	0.01773	0.02533	0.01475	0.01460	0.04842	0.02889	0.54919	0.04006	0.03513	0.02546	0.01266	0.01013	0.00313	0.00849	0.01027	0.05447	0.01698
46	0.71184	0.01985	0.01508	0.01350	0.01985	0.02302	0.01111	0.03017	0.01746	0.04604	0.01429	0.01667	0.01111	0.00953	0.00635	0.00318	0.00794	0.00556	0.00635	0.01111
47	0.71184	0.01985	0.01508	0.01350	0.01985	0.02302	0.01111	0.03017	0.01746	0.04604	0.01429	0.01667	0.01111	0.00953	0.00635	0.00318	0.00794	0.00556	0.00635	0.01111
48	0.01492	0.00995	0.01119	0.01119	0.01119	0.00995	0.00622	0.01492	0.01492	0.01990	0.03233	0.06716	0.03731	0.63935	0.05223	0.00995	0.00995	0.01492	0.00622	0.00622
49	0.07136	0.02204	0.03656	0.11516	0.28342	0.02202	0.08549	0.03544	0.02422	0.16734	0.02421	0.02771	0.01778	0.01012	0.01021	0.00318	0.01187	0.00956	0.00697	0.01535
50	0.10266	0.02146	0.02741	0.02591	0.11038	0.02127	0.01828	0.16408	0.03192	0.32440	0.03102	0.02931	0.02077	0.01178	0.00992	0.00313	0.00980	0.00944	0.01037	0.01669
51	0.02116	0.02093	0.03908	0.29532	0.11812	0.02242	0.18095	0.02816	0.02240	0.02971	0.02410	0.03940	0.02080	0.01213	0.01135	0.00357	0.01401	0.07847	0.00548	0.01244
52	0.66593	0.02045	0.01616	0.01419	0.02066	0.02362	0.01169	0.06503	0.01957	0.04731	0.01500	0.01721	0.01155	0.00972	0.00662	0.00317	0.00817	0.00581	0.00662	0.01155
53	0.23567	0.01722	0.01961	0.01586	0.02268	0.01673	0.01300	0.04119	0.02500	0.36308	0.03208	0.03003	0.02137	0.01169	0.00880	0.00308	0.00804	0.00885	0.09131	0.01470
54	0.03718	0.02512	0.13579	0.06885	0.08374	0.01822	0.02205	0.04312	0.02666	0.38306	0.03257	0.03090	0.02127	0.01162	0.01019	0.00320	0.01068	0.00959	0.00976	0.01645
55	0.01249	0.01041	0.01090	0.01078	0.01408	0.00882	0.00808	0.01543	0.02425	0.02976	0.17473	0.09540	0.49912	0.02523	0.01212	0.00343	0.00514	0.02119	0.00980	0.00882
56	0.62925	0.01955	0.01617	0.01409	0.02063	0.02204	0.01161	0.03263	0.01894	0.11258	0.01754	0.01894	0.01289	0.00992	0.00684	0.00318	0.00804	0.00615	0.00714	0.01190
57	0.02850	0.58859	0.05165	0.01812	0.02685	0.03980	0.01774	0.07784	0.02338	0.02788	0.01522	0.01722	0.01356	0.00911	0.00692	0.00228	0.01100	0.00583	0.00493	0.01356
58	0.01505	0.01126	0.01405	0.01322	0.01596	0.01066	0.00995	0.02131	0.06420	0.04003	0.49121	0.07610	0.13618	0.02097	0.01199	0.00327	0.00510	0.01837	0.01108	0.01003
59	0.01485	0.01025	0.01273	0.01273	0.01326	0.01078	0.00813	0.01591	0.01538	0.02103	0.03093	0.05938	0.03393	0.47650	0.21047	0.01184	0.01503	0.01379	0.00601	0.00707
60	0.01305	0.00935	0.01239	0.01392	0.01500	0.00870	0.00957	0.01566	0.02218	0.03022	0.19476	0.48297	0.07567	0.02914	0.01283	0.00391	0.00565	0.02632	0.01000	0.00870
61	0.20071	0.02034	0.02246	0.01797	0.02495	0.02100	0.01472	0.17778	0.03170	0.24603	0.09209	0.03259	0.02816	0.01280	0.00956	0.00316	0.00879	0.00984	0.01033	0.01502
62	0.03010	0.02432	0.02578	0.02181	0.02843	0.02766	0.01735	0.21948	0.38440	0.05030	0.03596	0.03366	0.02662	0.01338	0.01038	0.00334	0.00920	0.01080	0.01038	0.01665
63	0.12001	0.02453	0.09411	0.02530	0.07310	0.02073	0.06721	0.07600	0.06651	0.28279	0.03020	0.02925	0.02046	0.01138	0.00992	0.00322	0.01058	0.00950	0.00931	0.01589
64	0.01660	0.01223	0.01460	0.01425	0.01630	0.01247	0.01028	0.02337	0.10408	0.03239	0.22923	0.07217	0.06043	0.24607	0.02672	0.00590	0.00778	0.07666	0.00909	0.00940
65	0.02089	0.01665	0.02527	0.03327	0.24395	0.01590	0.01864	0.02579	0.02578	0.07616	0.22542	0.05649	0.14084	0.01641	0.01118	0.00319	0.00819	0.01465	0.00856	0.01276
66	0.03558	0.04432	0.02698	0.02464	0.02931	0.52893	0.01823	0.03791	0.02742	0.02450	0.01780	0.02423	0.01605	0.08457	0.01431	0.00350	0.01750	0.00759	0.00540	0.01123
67	0.02245	0.02245	0.03143	0.02694	0.02694	0.03143	0.02245	0.02470	0.01572	0.02470	0.01347	0.02245	0.01347	0.01796	0.03368	0.00449	0.62057	0.00898	0.00449	0.01123
68	0.02744	0.64552	0.05378	0.01756	0.02634	0.04061	0.01756	0.03073	0.02085	0.02414	0.01427	0.01646	0.01317	0.00878	0.00658	0.00219	0.01097	0.00549	0.00439	0.01317
69	0.01938	0.01824	0.03078	0.61468	0.07068	0.02280	0.02850	0.02622	0.02052	0.02622	0.01824	0.02736	0.01368	0.01026	0.01026	0.00342	0.01368	0.00912	0.00456	0.01140
70	0.01938	0.01824	0.03078	0.61468	0.07068	0.02280	0.02850	0.02622	0.02052	0.02622	0.01824	0.02736	0.01368	0.01026	0.01026	0.00342	0.01368	0.00912	0.00456	0.01140
71	0.01213	0.01040	0.01040	0.01040	0.01386	0.00866	0.00780	0.01473	0.02339	0.02772	0.10396	0.09876	0.57117	0.02599	0.01213	0.00347	0.00520	0.02166	0.00953	0.00866
72	0.02128	0.01824	0.02128	0.01520	0.02432	0.01368	0.01216	0.02584	0.02128	0.03344	0.01824	0.02128	0.01520	0.00760	0.00760	0.00152	0.00760	0.00608	0.00608	0.70208
73	0.01223	0.01001	0.01080	0.01143	0.01413	0.00858	0.00826	0.01461	0.02240	0.02732	0.09137	0.24051	0.43754	0.02763	0.01239	0.00365	0.00540	0.02365	0.00953	0.00858
74	0.02128	0.01824	0.02128	0.01520	0.02432	0.01368	0.01216	0.02584	0.02128	0.03344	0.01824	0.02128	0.01520	0.00760	0.00760	0.00152	0.00760	0.00608	0.00608	0.70208
75	0.51492	0.02206	0.01824	0.01594	0.02238	0.05488	0.01292	0.06410	0.08406	0.07837	0.01980	0.02089	0.01484	0.01045	0.00746	0.00318	0.00878	0.00683	0.00739	0.01251
76	0.01488	0.01011	0.01200	0.01200	0.01228	0.01039	0.00722	0.01544	0.01516	0.02049	0.03160	0.06308	0.03554	0.55393	0.13523	0.01094	0.01261	0.01433	0.00611	0.00667
77	0.02781	0.47480	0.08439	0.01931	0.02812	0.03688	0.01897	0.08076	0.08651	0.03067	0.01874	0.02014	0.01569	0.00978	0.00759	0.00250	0.01095	0.00670	0.00564	0.01406
78	0.02992	0.02373	0.03600	0.04396	0.31258	0.02420	0.05613	0.09791	0.11266	0.11775	0.02667	0.02889	0.02009	0.01077	0.01036	0.00316	0.01125	0.00990	0.00765	0.01642
79	0.01466	0.01100	0.01649	0.01649	0.01833	0.01283	0.01283	0.01833	0.01649	0.02382	0.02749	0.04032	0.02566	0.07697	0.59868	0.01649	0.02749	0.01100	0.00550	0.00916
80	0.66663	0.01968	0.01568	0.01382	0.02028	0.02248	0.01138	0.03151	0.01827	0.08246	0.01607	0.01791	0.01208	0.00974	0.00662	0.00318	0.00799	0.00588	0.00678	0.01154
81	0.01340	0.01027	0.01228	0.01216	0.01474	0.00915	0.00897	0.01705	0.02583	0.03442	0.33708	0.15257	0.26656	0.02417	0.01223	0.00343	0.00511	0.02099	0.01044	0.00915
82	0.65999	0.01903	0.01495	0.01349	0.01936	0.02197	0.01095	0.02891	0.01716	0.04393	0.01455	0.01776	0.01162	0.01148	0.00887	0.05534	0.00801	0.00581	0.00621	0.01062
83	0.02981	0.02475	0.14722	0.06592	0.03204	0.01906	0.02147	0.03535	0.02320	0.25068	0.02997	0.06683	0.02286	0.02095	0.07938	0.00494	0.09253	0.01068	0.00818	0.01420
84	0.02116	0.01392	0.01721	0.01573	0.01890	0.01430	0.01193	0.07978	0.02418	0.10339	0.08481	0.14852	0.14194	0.10670	0.10721	0.00633	0.04789	0.01655	0.00882	0.01075
85	0.02512	0.28326	0.14424	0.02096	0.02930	0.02668	0.05471	0.03021	0.02203	0.09487	0.02735	0.14642	0.02597	0.01421	0.00935	0.00301	0.01091	0.01177	0.00650	0.01313
86	0.03744	0.01840	0.02253	0.01821	0.02487	0.01796	0.01470	0.12396	0.09299	0.34116	0.03830	0.07058	0.02752	0.01389	0.01014	0.00317	0.00846	0.01137	0.08849	0.01588
87	0.01668	0.01053	0.01372	0.01386	0.01584	0.00958	0.00970	0.01822	0.02071	0.06603	0.12134	0.31060	0.08390	0.06895	0.01910	0.11004	0.00678	0.02032	0.00877	0.05534
88	0.02605	0.01883	0.02412	0.02135	0.08949	0.01518	0.01494	0.03069	0.02293	0.12854	0.02222	0.02413	0.01709	0.00867	0.00837	0.00199	0.00834	0.00717	0.00711	0.50279
89	0.02602	0.01968	0.02104	0.01885	0.02426	0.02216	0.01469	0.04923	0.43064	0.08247	0.04033	0.03803	0.03007	0.01351	0.00990	0.00328	0.00763	0.01118	0.12178	0.01525
90	0.02128	0.01824	0.02128	0.01520	0.02432	0.01368	0.01216	0.02584	0.02128	0.03344	0.01824	0.02128	0.01520	0.00760	0.00760	0.00152	0.00760	0.00608	0.00608	0.70208
91	0.11314	0.02639	0.03094	0.12958	0.10810	0.13445	0.05316	0.03364	0.02272	0.10610	0.01977	0.02424	0.01531	0.01175	0.01403	0.00336	0.12561	0.00853	0.00613	0.01305
92	0.01298	0.00927	0.01245	0.01483	0.01563	0.00874	0.01035	0.01511	0.02012	0.02673	0.05630	0.57182	0.06684	0.03170	0.01322	0.00423	0.00637	0.08532	0.00952	0.00847
93	0.02504	0.02098	0.03901	0.25787	0.05258	0.02158	0.21242	0.03174	0.02358	0.12146	0.02953	0.03428	0.05958	0.01129	0.01110	0.00340	0.01353	0.01139	0.00653	0.01310
94	0.03165	0.02687	0.14413	0.03155	0.16227	0.02034	0.02372	0.06784	0.06238	0.23092	0.03110	0.07123	0.02353	0.01265	0.01036	0.00324	0.01081	0.01081	0.00861	0.01598
95	0.03950	0.02152	0.08989	0.02010	0.02802	0.01681	0.01830	0.04436	0.02726	0.44478	0.03737	0.03866	0.02576	0.01382	0.01188	0.00337	0.04458	0.04677	0.01100	0.01624

[dist]
# distance from previous block
# <min> <max>
0	1

[block]
# block no. 3 follows, 14 sequences, length 59
# corresponding to MSA columns:
# 192-250
name=unknown_D
#
# <colnr> <probs for GDERKNQSTAVLIFYWHMCP>
#	G	D	E	R	K	N	Q	S	T	A	V	L	I	F	Y	W	H	M	C	P
0	0.01479	0.01115	0.01398	0.01564	0.01716	0.01122	0.01106	0.02097	0.10235	0.02909	0.05413	0.50399	0.06163	0.02908	0.01277	0.00410	0.00654	0.06106	0.00966	0.00963
1	0.47109	0.02437	0.02059	0.01730	0.02412	0.06377	0.01414	0.17975	0.02720	0.05008	0.01741	0.01911	0.01310	0.01041	0.00768	0.00311	0.00962	0.00670	0.00742	0.01301
2	0.01423	0.00933	0.01134	0.01265	0.01334	0.00900	0.00819	0.01594	0.01853	0.02616	0.04586	0.37436	0.05248	0.20930	0.02381	0.00561	0.00696	0.02196	0.11304	0.00789
3	0.08238	0.02401	0.03945	0.05888	0.52922	0.02427	0.02980	0.03138	0.02288	0.03457	0.01889	0.02467	0.01583	0.00918	0.00984	0.00306	0.01184	0.00885	0.00519	0.01583
4	0.02991	0.07038	0.08167	0.06901	0.03501	0.02449	0.07986	0.17656	0.07112	0.11617	0.07061	0.03083	0.02478	0.01180	0.01015	0.00304	0.01111	0.01001	0.00841	0.06507
5	0.71184	0.01985	0.01508	0.01350	0.01985	0.02302	0.01111	0.03017	0.01746	0.04604	0.01429	0.01667	0.01111	0.00953	0.00635	0.00318	0.00794	0.00556	0.00635	0.01111
6	0.01503	0.01126	0.01405	0.01342	0.01605	0.01072	0.01002	0.02133	0.06852	0.03912	0.45458	0.11563	0.12801	0.02165	0.01205	0.00333	0.00520	0.01904	0.01096	0.01001
7	0.01473	0.01041	0.01315	0.01247	0.01496	0.00960	0.00935	0.01941	0.02805	0.04000	0.49461	0.07507	0.12369	0.02059	0.01171	0.00318	0.00486	0.01805	0.06650	0.00960
8	0.03313	0.02441	0.02596	0.02090	0.02771	0.02710	0.01694	0.35925	0.15201	0.05604	0.02962	0.02960	0.02174	0.01260	0.00983	0.00306	0.00963	0.00979	0.11469	0.01600
9	0.03391	0.02621	0.02793	0.02258	0.02988	0.02944	0.01827	0.35715	0.24052	0.05645	0.03111	0.02980	0.02270	0.01293	0.01033	0.00323	0.01009	0.01013	0.01033	0.01699
10	0.71184	0.01985	0.01508	0.01350	0.01985	0.02302	0.01111	0.03017	0.01746	0.04604	0.01429	0.01667	0.01111	0.00953	0.00635	0.00318	0.00794	0.00556	0.00635	0.01111
11	0.03833	0.04891	0.02908	0.02644	0.03173	0.59815	0.01983	0.04098	0.02908	0.02512	0.01586	0.01851	0.01322	0.01058	0.00925	0.00264	0.01851	0.00661	0.00529	0.01190
12	0.03901	0.02874	0.03080	0.02361	0.03182	0.03182	0.01951	0.54111	0.04825	0.06468	0.02464	0.02464	0.01745	0.01232	0.01027	0.00308	0.01129	0.00924	0.01027	0.01745
13	0.01250	0.00893	0.01191	0.01429	0.01488	0.00834	0.00953	0.01429	0.01965	0.02620	0.05656	0.63265	0.06787	0.03215	0.01310	0.00417	0.00595	0.02917	0.00953	0.00834
14	0.02744	0.64552	0.05378	0.01756	0.02634	0.04061	0.01756	0.03073	0.02085	0.02414	0.01427	0.01646	0.01317	0.00878	0.00658	0.00219	0.01097	0.00549	0.00439	0.01317
15	0.02653	0.01344	0.01926	0.01716	0.02130	0.01368	0.01368	0.03031	0.02136	0.23503	0.03240	0.03828	0.02556	0.05267	0.37623	0.01146	0.02040	0.01074	0.00822	0.01230
16	0.02506	0.02129	0.02360	0.02023	0.02600	0.02371	0.01598	0.08861	0.35083	0.04184	0.07261	0.03606	0.03100	0.01371	0.01206	0.00323	0.05893	0.01088	0.00936	0.11502
17	0.02762	0.33341	0.20688	0.02516	0.08049	0.03089	0.02452	0.03381	0.02242	0.09949	0.01933	0.02118	0.01497	0.00961	0.00832	0.00271	0.01204	0.00706	0.00551	0.01459
18	0.02098	0.02619	0.14951	0.12354	0.17131	0.02087	0.02518	0.03166	0.10500	0.03532	0.14676	0.03843	0.03564	0.01285	0.01057	0.00326	0.01079	0.01130	0.00706	0.01378
19	0.02411	0.39054	0.03605	0.01435	0.02057	0.02816	0.01340	0.02800	0.02112	0.02980	0.02197	0.02520	0.01844	0.01005	0.00682	0.00227	0.00849	0.00712	0.28182	0.01172
20	0.01660	0.01255	0.01871	0.15609	0.03074	0.01347	0.01716	0.02059	0.02182	0.02864	0.08046	0.15776	0.04881	0.02479	0.01527	0.06617	0.00956	0.24348	0.00801	0.00932
21	0.02861	0.09368	0.34133	0.02776	0.07862	0.02294	0.02929	0.03711	0.02386	0.18402	0.02422	0.02516	0.01670	0.01043	0.00966	0.00312	0.01278	0.00827	0.00671	0.01571
22	0.02069	0.01702	0.02287	0.09558	0.02958	0.01751	0.06125	0.13839	0.02822	0.03643	0.05619	0.14893	0.20557	0.02043	0.01177	0.00358	0.00922	0.05664	0.00866	0.01150
23	0.01498	0.01070	0.01475	0.01712	0.01880	0.01047	0.01383	0.01857	0.02209	0.02897	0.05519	0.31539	0.06246	0.02982	0.01376	0.00451	0.00810	0.32200	0.00948	0.00902
24	0.10920	0.11283	0.02775	0.06671	0.10519	0.02219	0.01743	0.02841	0.05584	0.06517	0.09714	0.13027	0.03505	0.01581	0.01199	0.00333	0.06323	0.01284	0.00737	0.01227
25	0.07172	0.03063	0.16382	0.03291	0.07918	0.02428	0.19264	0.06949	0.02493	0.12387	0.02256	0.02599	0.01630	0.01067	0.01245	0.00338	0.06413	0.00972	0.00657	0.01476
26	0.02689	0.02984	0.02917	0.02560	0.02726	0.20823	0.02040	0.02909	0.01986	0.02447	0.01564	0.02457	0.01518	0.06237	0.02738	0.00432	0.38510	0.00868	0.00487	0.01106
27	0.12573	0.22249	0.24105	0.02619	0.07157	0.02942	0.05497	0.06161	0.02264	0.03395	0.01712	0.02014	0.01341	0.00947	0.00849	0.00291	0.01253	0.00712	0.00510	0.01410
28	0.03887	0.01639	0.02152	0.01717	0.02390	0.01479	0.01394	0.04481	0.06682	0.43955	0.10167	0.04028	0.03421	0.01370	0.01030	0.00314	0.00794	0.01131	0.06379	0.01588
29	0.03873	0.02049	0.02449	0.01914	0.02630	0.02046	0.01568	0.22881	0.03579	0.30234	0.07798	0.03481	0.02843	0.01319	0.01021	0.00308	0.00906	0.01054	0.06427	0.01621
30	0.01440	0.01039	0.01360	0.01300	0.01530	0.00960	0.00967	0.01904	0.02845	0.04020	0.53719	0.11210	0.09498	0.02169	0.01217	0.00329	0.00491	0.01924	0.01118	0.00960
31	0.02540	0.02438	0.04165	0.06299	0.57533	0.02438	0.03149	0.03149	0.02337	0.03353	0.01930	0.02540	0.01626	0.00914	0.01016	0.00305	0.01219	0.00914	0.00508	0.01626
32	0.02058	0.05308	0.58618	0.02925	0.04442	0.02383	0.03792	0.03250	0.02167	0.03250	0.01842	0.02167	0.01300	0.00975	0.00975	0.00325	0.01517	0.00758	0.00433	0.01517
33	0.01654	0.01181	0.01654	0.01890	0.02126	0.01181	0.01654	0.02126	0.02362	0.03071	0.05433	0.11576	0.05906	0.02835	0.01417	0.00472	0.00945	0.50626	0.00945	0.00945
34	0.02058	0.05308	0.58618	0.02925	0.04442	0.02383	0.03792	0.03250	0.02167	0.03250	0.01842	0.02167	0.01300	0.00975	0.00975	0.00325	0.01517	0.00758	0.00433	0.01517
35	0.04604	0.01746	0.02382	0.01826	0.02620	0.01508	0.01508	0.05001	0.02937	0.58244	0.04049	0.03493	0.02540	0.01270	0.01032	0.00318	0.00873	0.01032	0.01270	0.01746
36	0.04604	0.01746	0.02382	0.01826	0.02620	0.01508	0.01508	0.05001	0.02937	0.58244	0.04049	0.03493	0.02540	0.01270	0.01032	0.00318	0.00873	0.01032	0.01270	0.01746
37	0.25714	0.01822	0.02105	0.01675	0.02418	0.01760	0.01382	0.04372	0.02560	0.41237	0.03218	0.02914	0.02087	0.01169	0.00906	0.00318	0.00848	0.00881	0.01069	0.01545
38	0.01545	0.01100	0.01221	0.01158	0.01519	0.00941	0.00880	0.01863	0.02507	0.07659	0.19644	0.08883	0.42636	0.02384	0.01197	0.00339	0.00542	0.02007	0.01016	0.00961
39	0.04542	0.01847	0.02444	0.01873	0.02670	0.01657	0.01548	0.09367	0.03105	0.53641	0.03908	0.03401	0.02470	0.01267	0.01032	0.00317	0.00896	0.01022	0.01248	0.01746
40	0.01981	0.01419	0.02102	0.02141	0.06279	0.01686	0.01476	0.01820	0.01487	0.02114	0.01665	0.02813	0.01640	0.02825	0.03578	0.43781	0.19103	0.00895	0.00452	0.00742
41	0.02796	0.01777	0.02108	0.01749	0.02280	0.01810	0.01392	0.17573	0.07282	0.14548	0.28127	0.05157	0.05665	0.01652	0.01114	0.00319	0.00761	0.01392	0.01119	0.01377
42	0.03522	0.01429	0.01808	0.01476	0.02047	0.01286	0.01190	0.03951	0.02621	0.36356	0.03767	0.03627	0.02577	0.01240	0.00905	0.00286	0.00714	0.01002	0.28767	0.01429
43	0.03212	0.11179	0.11718	0.02385	0.03062	0.13276	0.02188	0.07253	0.02511	0.15117	0.02151	0.02372	0.01622	0.01259	0.01518	0.00327	0.15949	0.00819	0.00682	0.01402
44	0.01312	0.00937	0.01262	0.01500	0.01586	0.00887	0.01060	0.01536	0.02026	0.02689	0.05622	0.55334	0.06652	0.03157	0.01326	0.00425	0.00649	0.10237	0.00951	0.00851
45	0.01553	0.01132	0.01431	0.01391	0.01437	0.01257	0.00931	0.01664	0.01538	0.02130	0.02945	0.05650	0.03229	0.44419	0.18653	0.01109	0.06859	0.01342	0.00589	0.00740
46	0.21615	0.07238	0.03126	0.03324	0.19304	0.12068	0.02111	0.06682	0.02332	0.03600	0.01669	0.02083	0.01388	0.01070	0.01145	0.00312	0.08273	0.00747	0.00570	0.01341
47	0.01767	0.01322	0.01665	0.01722	0.05520	0.01327	0.01193	0.02654	0.11412	0.04055	0.37642	0.06190	0.07147	0.01785	0.01106	0.00315	0.00588	0.01561	0.09911	0.01119
48	0.02128	0.01824	0.02128	0.01520	0.02432	0.01368	0.01216	0.02584	0.02128	0.03344	0.01824	0.02128	0.01520	0.00760	0.00760	0.00152	0.00760	0.00608	0.00608	0.70208
49	0.01430	0.01001	0.01274	0.01369	0.01473	0.00965	0.00953	0.01657	0.02062	0.02788	0.15320	0.25813	0.06253	0.22674	0.02578	0.00594	0.00755	0.09353	0.00880	0.00809
50	0.01394	0.01022	0.01254	0.01343	0.01513	0.00957	0.00977	0.01655	0.02168	0.02837	0.14042	0.22265	0.17570	0.15058	0.02080	0.00513	0.00705	0.10897	0.00912	0.00839
51	0.03096	0.01400	0.01660	0.01394	0.01889	0.01330	0.01112	0.07134	0.02648	0.25034	0.03555	0.03599	0.02532	0.01227	0.00861	0.00274	0.00678	0.00983	0.38276	0.01319
52	0.01387	0.01021	0.01298	0.01282	0.01506	0.00932	0.00941	0.01789	0.02670	0.03685	0.42155	0.17509	0.15305	0.02355	0.01228	0.00342	0.00508	0.02078	0.01076	0.00932
53	0.02540	0.02438	0.04165	0.06299	0.57533	0.02438	0.03149	0.03149	0.02337	0.03353	0.01930	0.02540	0.01626	0.00914	0.01016	0.00305	0.01219	0.00914	0.00508	0.01626
54	0.04032	0.02233	0.02630	0.02064	0.02835	0.02286	0.01689	0.23220	0.11660	0.30900	0.03482	0.03164	0.02337	0.01275	0.01032	0.00319	0.00959	0.01012	0.01146	0.01727
55	0.01307	0.01043	0.01170	0.01138	0.01444	0.00906	0.00854	0.01655	0.02561	0.03299	0.28670	0.09009	0.38514	0.02402	0.01212	0.00337	0.00506	0.02044	0.01022	0.00906
56	0.02553	0.02204	0.02320	0.02088	0.02669	0.02553	0.01624	0.05453	0.55679	0.04293	0.04177	0.03829	0.03133	0.01392	0.01044	0.00348	0.00812	0.01160	0.01044	0.01624
57	0.02744	0.64552	0.05378	0.01756	0.02634	0.04061	0.01756	0.03073	0.02085	0.02414	0.01427	0.01646	0.01317	0.00878	0.00658	0.00219	0.01097	0.00549	0.00439	0.01317
58	0.01213	0.01040	0.01040	0.01040	0.01386	0.00866	0.00780	0.01473	0.02339	0.02772	0.10396	0.09876	0.57117	0.02599	0.01213	0.00347	0.00520	0.02166	0.00953	0.00866

[dist]
# distance from previous block
# <min> <max>
0	8

[block]
# block no. 4 follows, 14 sequences, length 33
# corresponding to MSA columns:
# 259-291
name=unknown_E
#
# <colnr> <probs for GDERKNQSTAVLIFYWHMCP>
#	G	D	E	R	K	N	Q	S	T	A	V	L	I	F	Y	W	H	M	C	P
0	0.02244	0.16929	0.42511	0.02610	0.03908	0.02737	0.03174	0.03425	0.07279	0.03182	0.01982	0.02221	0.01479	0.00995	0.00918	0.00306	0.01365	0.00755	0.00493	0.01487
1	0.02058	0.05308	0.58618	0.02925	0.04442	0.02383	0.03792	0.03250	0.02167	0.03250	0.01842	0.02167	0.01300	0.00975	0.00975	0.00325	0.01517	0.00758	0.00433	0.01517
2	0.01492	0.00995	0.01119	0.01119	0.01119	0.00995	0.00622	0.01492	0.01492	0.01990	0.03233	0.06716	0.03731	0.63935	0.05223	0.00995	0.00995	0.01492	0.00622	0.00622
3	0.01306	0.00933	0.01255	0.01492	0.01576	0.00881	0.01049	0.01525	0.02020	0.02682	0.05625	0.56139	0.06666	0.03163	0.01325	0.00424	0.00644	0.09495	0.00952	0.00849
4	0.02286	0.04691	0.48833	0.07601	0.04486	0.02293	0.03501	0.03362	0.02229	0.08334	0.02046	0.02337	0.01421	0.01007	0.00984	0.00326	0.01444	0.00796	0.00513	0.01507
5	0.03833	0.04891	0.02908	0.02644	0.03173	0.59815	0.01983	0.04098	0.02908	0.02512	0.01586	0.01851	0.01322	0.01058	0.00925	0.00264	0.01851	0.00661	0.00529	0.01190
6	0.01250	0.00893	0.01191	0.01429	0.01488	0.00834	0.00953	0.01429	0.01965	0.02620	0.05656	0.63265	0.06787	0.03215	0.01310	0.00417	0.00595	0.02917	0.00953	0.00834
7	0.16595	0.02151	0.02607	0.02146	0.02607	0.02539	0.01780	0.10874	0.02457	0.18668	0.02263	0.02504	0.01685	0.01405	0.01853	0.00367	0.24451	0.00871	0.00794	0.01382
8	0.03356	0.02048	0.02564	0.02441	0.08812	0.02080	0.01772	0.15827	0.11062	0.22304	0.04080	0.04462	0.06879	0.01492	0.01082	0.00335	0.00943	0.05854	0.01038	0.01569
9	0.04604	0.01746	0.02382	0.01826	0.02620	0.01508	0.01508	0.05001	0.02937	0.58244	0.04049	0.03493	0.02540	0.01270	0.01032	0.00318	0.00873	0.01032	0.01270	0.01746
10	0.10931	0.01856	0.02352	0.01822	0.02602	0.01714	0.01504	0.08606	0.02969	0.49101	0.03675	0.03238	0.02342	0.01237	0.00994	0.00317	0.00885	0.00978	0.01190	0.01685
11	0.06965	0.10882	0.07614	0.08294	0.09793	0.02214	0.06374	0.03696	0.02492	0.23281	0.06218	0.03061	0.02361	0.01130	0.00978	0.00308	0.01084	0.00961	0.00815	0.01480
12	0.04290	0.01848	0.02506	0.07587	0.03093	0.01721	0.01674	0.08857	0.03009	0.48607	0.03704	0.03335	0.02362	0.01244	0.01031	0.00319	0.00942	0.01012	0.01172	0.01688
13	0.01250	0.00893	0.01191	0.01429	0.01488	0.00834	0.00953	0.01429	0.01965	0.02620	0.05656	0.63265	0.06787	0.03215	0.01310	0.00417	0.00595	0.02917	0.00953	0.00834
14	0.02356	0.02587	0.05406	0.13590	0.10506	0.02530	0.40978	0.03169	0.02355	0.03188	0.02022	0.02742	0.01533	0.00895	0.01163	0.00342	0.01625	0.01136	0.00508	0.01368
15	0.19466	0.13563	0.12832	0.07168	0.03391	0.02618	0.06361	0.03417	0.05633	0.09845	0.02069	0.02320	0.01552	0.01057	0.01008	0.00316	0.04612	0.00789	0.00632	0.01351
16	0.02710	0.01817	0.01961	0.01710	0.02188	0.07048	0.01330	0.03605	0.12847	0.18122	0.27922	0.05297	0.05784	0.01649	0.01105	0.00321	0.00778	0.01395	0.01093	0.01316
17	0.01359	0.00991	0.01278	0.01320	0.01504	0.00911	0.00947	0.01712	0.02514	0.03457	0.34355	0.28132	0.12608	0.02547	0.01247	0.00359	0.00528	0.02269	0.01050	0.00911
18	0.02277	0.01912	0.02208	0.01591	0.02495	0.01520	0.01278	0.06909	0.02354	0.03606	0.01878	0.02156	0.01539	0.00800	0.00782	0.00165	0.00791	0.00635	0.00643	0.64462
19	0.02270	0.02234	0.03981	0.25006	0.24852	0.02323	0.12809	0.02943	0.02235	0.03081	0.01912	0.02619	0.01512	0.00931	0.01036	0.00313	0.01333	0.00946	0.00500	0.07163
20	0.01452	0.01049	0.01372	0.01291	0.01533	0.00968	0.00968	0.01937	0.02905	0.04115	0.56992	0.07666	0.09683	0.02098	0.01210	0.00323	0.00484	0.01856	0.01130	0.00968
21	0.01255	0.00953	0.01157	0.01291	0.01459	0.00855	0.00898	0.01485	0.02163	0.02791	0.11383	0.41417	0.23342	0.02924	0.01270	0.00386	0.00562	0.02587	0.00967	0.00855
22	0.06577	0.04169	0.38159	0.02620	0.03786	0.02424	0.03033	0.06897	0.05628	0.08682	0.02167	0.02389	0.01551	0.01112	0.01167	0.00334	0.06379	0.00819	0.00602	0.01503
23	0.01555	0.01324	0.04824	0.05340	0.01783	0.01191	0.01021	0.01705	0.01584	0.02142	0.03013	0.05945	0.03326	0.51156	0.09224	0.00964	0.01198	0.01376	0.00593	0.00736
24	0.01408	0.01046	0.01332	0.01408	0.01633	0.00969	0.01087	0.01780	0.02465	0.03282	0.24590	0.20630	0.17975	0.02607	0.01280	0.00382	0.00623	0.13578	0.01013	0.00914
25	0.04107	0.13014	0.03077	0.01945	0.02760	0.02365	0.01660	0.16681	0.03250	0.35803	0.03202	0.02918	0.02132	0.01192	0.00965	0.00298	0.00975	0.00921	0.01065	0.01671
26	0.71184	0.01985	0.01508	0.01350	0.01985	0.02302	0.01111	0.03017	0.01746	0.04604	0.01429	0.01667	0.01111	0.00953	0.00635	0.00318	0.00794	0.00556	0.00635	0.01111
27	0.02443	0.02340	0.03991	0.15168	0.49421	0.02413	0.03101	0.03065	0.02291	0.03235	0.01913	0.02571	0.01584	0.00932	0.01018	0.00311	0.01243	0.00914	0.00500	0.01547
28	0.02730	0.08750	0.13329	0.11421	0.15030	0.02800	0.02626	0.16522	0.06355	0.03971	0.02106	0.02465	0.01618	0.01102	0.01116	0.00317	0.04710	0.00870	0.00648	0.01512
29	0.01453	0.01053	0.01452	0.01537	0.01721	0.01052	0.01188	0.01836	0.02286	0.03147	0.21333	0.21047	0.06598	0.03741	0.13956	0.00666	0.01104	0.12990	0.00920	0.00920
30	0.07412	0.07734	0.03316	0.07556	0.07992	0.08049	0.05078	0.22825	0.03358	0.13254	0.02373	0.02507	0.01710	0.01111	0.00976	0.00304	0.01197	0.00880	0.00828	0.01540
31	0.02685	0.19779	0.35064	0.02432	0.03657	0.02656	0.02867	0.03516	0.02283	0.12798	0.02128	0.02269	0.01524	0.01003	0.00904	0.00297	0.01296	0.00753	0.00583	0.01507
32	0.01250	0.00893	0.01191	0.01429	0.01488	0.00834	0.00953	0.01429	0.01965	0.02620	0.05656	0.63265	0.06787	0.03215	0.01310	0.00417	0.00595	0.02917	0.00953	0.00834

[dist]
# distance from previous block
# <min> <max>
0	0

# created by:
# /st0/software/busco_prod/Augustus/scripts/msa2prfl.pl ./align_prep/5130.fa
