[name]
unknown

[dist]
# distance from previous block
# <min> <max>
0	62

[block]
# block no. 0 follows, 15 sequences, length 150
# corresponding to MSA columns:
# 62-140,143-148,152-216
name=unknown_A
#
# <colnr> <probs for GDERKNQSTAVLIFYWHMCP>
#	G	D	E	R	K	N	Q	S	T	A	V	L	I	F	Y	W	H	M	C	P
0	0.07412	0.01826	0.02113	0.01741	0.02401	0.01791	0.01402	0.06772	0.17186	0.18579	0.07416	0.03777	0.02984	0.01284	0.00958	0.00290	0.00793	0.03881	0.00955	0.16439
1	0.02584	0.01598	0.01961	0.01564	0.02208	0.01402	0.01241	0.03306	0.09121	0.18511	0.17547	0.04042	0.04026	0.01288	0.00958	0.00257	0.00703	0.01086	0.00947	0.25650
2	0.01628	0.01070	0.01388	0.01279	0.01561	0.00975	0.00970	0.02080	0.02793	0.08100	0.51387	0.07264	0.11673	0.02005	0.01163	0.00314	0.00501	0.01760	0.01098	0.00992
3	0.02067	0.01772	0.02067	0.01477	0.02362	0.01329	0.01181	0.02510	0.02067	0.03248	0.01772	0.02067	0.01477	0.00738	0.00738	0.00148	0.00738	0.00591	0.00591	0.71059
4	0.01999	0.05157	0.59800	0.02841	0.04315	0.02315	0.03683	0.03157	0.02105	0.03157	0.01789	0.02105	0.01263	0.00947	0.00947	0.00316	0.01473	0.00737	0.00421	0.01473
5	0.02604	0.01976	0.02189	0.01919	0.02406	0.02158	0.01486	0.25711	0.14868	0.04517	0.03840	0.24460	0.03706	0.01908	0.01098	0.00345	0.00849	0.01628	0.00976	0.01359
6	0.01972	0.01113	0.01429	0.01371	0.01680	0.00992	0.01017	0.02282	0.02414	0.15398	0.19460	0.26642	0.15671	0.02325	0.01172	0.00348	0.00597	0.02039	0.01037	0.01043
7	0.02361	0.01159	0.01564	0.01524	0.01833	0.01040	0.01115	0.02609	0.02241	0.22559	0.04945	0.42883	0.05142	0.02459	0.01177	0.00371	0.00673	0.02190	0.01034	0.01122
8	0.02467	0.02369	0.04046	0.06119	0.58747	0.02369	0.03059	0.03059	0.02270	0.03257	0.01875	0.02467	0.01579	0.00888	0.00987	0.00296	0.01184	0.00888	0.00493	0.01579
9	0.02551	0.02231	0.03758	0.13585	0.46947	0.02273	0.02888	0.03136	0.02279	0.07767	0.02030	0.02570	0.01617	0.00932	0.00990	0.00302	0.01177	0.00897	0.00547	0.01523
10	0.02109	0.01765	0.02931	0.57254	0.06488	0.02149	0.02655	0.02749	0.02069	0.07521	0.01961	0.02722	0.01428	0.01017	0.00997	0.00330	0.01287	0.00896	0.00512	0.01159
11	0.02467	0.02369	0.04046	0.06119	0.58747	0.02369	0.03059	0.03059	0.02270	0.03257	0.01875	0.02467	0.01579	0.00888	0.00987	0.00296	0.01184	0.00888	0.00493	0.01579
12	0.01883	0.01772	0.02990	0.62569	0.06866	0.02215	0.02769	0.02547	0.01993	0.02547	0.01772	0.02658	0.01329	0.00997	0.00997	0.00332	0.01329	0.00886	0.00443	0.01107
13	0.02694	0.55296	0.09799	0.01876	0.02755	0.08479	0.01897	0.03082	0.02098	0.02424	0.01434	0.01660	0.01278	0.00875	0.00688	0.00226	0.01162	0.00560	0.00433	0.01286
14	0.02069	0.08781	0.53090	0.02724	0.04106	0.02427	0.03439	0.03268	0.05226	0.03164	0.01893	0.02165	0.01365	0.00964	0.00932	0.00311	0.01409	0.00746	0.00455	0.01467
15	0.02824	0.14511	0.12790	0.03009	0.04004	0.02525	0.26001	0.03514	0.02366	0.15343	0.02286	0.02556	0.01642	0.00944	0.01005	0.00304	0.01354	0.00955	0.00637	0.01428
16	0.02227	0.01016	0.01482	0.01385	0.01524	0.00974	0.00974	0.01942	0.01580	0.12165	0.02130	0.03096	0.01865	0.03060	0.03373	0.58215	0.00863	0.00891	0.00578	0.00661
17	0.04270	0.01980	0.07029	0.01861	0.02690	0.01535	0.01647	0.04719	0.02792	0.54821	0.03757	0.03287	0.02369	0.01210	0.00998	0.00309	0.00900	0.00981	0.01167	0.01678
18	0.03992	0.02034	0.05847	0.01905	0.02690	0.01756	0.01641	0.07630	0.10845	0.44943	0.03735	0.03307	0.02436	0.01232	0.01001	0.00313	0.00892	0.00999	0.01139	0.01665
19	0.02421	0.03169	0.15710	0.04706	0.29516	0.06105	0.17451	0.03174	0.02295	0.03168	0.01876	0.02413	0.01478	0.00896	0.01026	0.00309	0.01418	0.00921	0.00483	0.01466
20	0.02314	0.02212	0.03769	0.20956	0.45111	0.02328	0.02983	0.02925	0.02197	0.03070	0.01848	0.02517	0.01513	0.00917	0.00989	0.00306	0.01222	0.00888	0.00480	0.01455
21	0.04222	0.01641	0.02233	0.01731	0.02458	0.01422	0.01422	0.04614	0.02851	0.54890	0.08386	0.03726	0.03037	0.01300	0.01017	0.00309	0.00817	0.01068	0.01223	0.01635
22	0.04195	0.01790	0.02554	0.02376	0.10333	0.01590	0.01686	0.04609	0.02772	0.51652	0.03648	0.03265	0.02345	0.01186	0.01000	0.00307	0.00895	0.00987	0.01131	0.01680
23	0.03746	0.11347	0.02709	0.01792	0.02506	0.01986	0.01500	0.08546	0.06348	0.38130	0.03558	0.08058	0.02601	0.01336	0.00970	0.00303	0.00876	0.01082	0.01053	0.01553
24	0.04003	0.06542	0.02585	0.06771	0.02903	0.01775	0.01597	0.04554	0.06018	0.47100	0.03571	0.03218	0.02320	0.01193	0.00975	0.00305	0.00900	0.00965	0.01095	0.01610
25	0.07416	0.01428	0.01801	0.01586	0.02061	0.01347	0.01229	0.03407	0.06956	0.28031	0.12041	0.20231	0.04533	0.01846	0.01076	0.00337	0.00711	0.01589	0.01073	0.01299
26	0.02224	0.08713	0.49104	0.02651	0.03983	0.02380	0.03286	0.03384	0.05592	0.06599	0.02036	0.02252	0.01449	0.00984	0.00935	0.00310	0.01366	0.00764	0.00508	0.01481
27	0.04298	0.01977	0.02487	0.01907	0.02685	0.01882	0.01575	0.17811	0.03323	0.45821	0.03539	0.03137	0.02270	0.01224	0.01001	0.00306	0.00912	0.00976	0.01173	0.01696
28	0.02256	0.02179	0.03788	0.25774	0.37311	0.02324	0.06132	0.02888	0.02178	0.03004	0.01848	0.02548	0.01487	0.00923	0.01002	0.00311	0.01265	0.00905	0.00476	0.01400
29	0.02717	0.02319	0.04039	0.05317	0.44917	0.02268	0.09113	0.03312	0.02357	0.10637	0.02163	0.02616	0.01688	0.00928	0.01012	0.00303	0.01200	0.00938	0.00592	0.01566
30	0.02825	0.02230	0.03653	0.05063	0.44352	0.02246	0.02700	0.03352	0.02329	0.13757	0.02223	0.02622	0.01728	0.01012	0.01146	0.00308	0.05350	0.00909	0.00629	0.01568
31	0.11880	0.02308	0.02854	0.02202	0.02971	0.06875	0.08639	0.13675	0.02988	0.31097	0.02902	0.02778	0.01940	0.01122	0.00971	0.00306	0.01073	0.00923	0.00963	0.01533
32	0.02191	0.02891	0.21140	0.26489	0.13079	0.02133	0.02889	0.02968	0.02190	0.07599	0.05316	0.02797	0.01917	0.01046	0.00990	0.00319	0.01263	0.00903	0.00547	0.01333
33	0.03456	0.06379	0.07867	0.02764	0.13903	0.02026	0.02008	0.04291	0.10282	0.31754	0.03186	0.03025	0.02189	0.01132	0.00972	0.00305	0.00976	0.00943	0.00931	0.01609
34	0.02804	0.02992	0.03355	0.03557	0.18218	0.18597	0.08849	0.04064	0.20341	0.03322	0.02516	0.02721	0.01969	0.01073	0.00996	0.00304	0.01287	0.00935	0.00671	0.01432
35	0.02050	0.01879	0.03057	0.54885	0.09889	0.02284	0.02727	0.06189	0.02195	0.02847	0.01821	0.02628	0.01370	0.01003	0.00996	0.00328	0.01304	0.00887	0.00484	0.01177
36	0.02471	0.06234	0.10947	0.09422	0.31141	0.02425	0.02696	0.10494	0.02605	0.03628	0.06523	0.02785	0.02158	0.01042	0.00980	0.00299	0.01157	0.00924	0.00598	0.01471
37	0.02235	0.11815	0.43282	0.02476	0.03707	0.02321	0.03019	0.03167	0.02220	0.07835	0.06853	0.02618	0.02077	0.01055	0.00935	0.00303	0.01284	0.00827	0.00549	0.01422
38	0.01196	0.01011	0.01034	0.01028	0.01357	0.00849	0.00771	0.01465	0.02314	0.02791	0.13725	0.09432	0.54655	0.02488	0.01178	0.00335	0.00502	0.02081	0.00939	0.00849
39	0.01450	0.00966	0.01087	0.01087	0.01087	0.00966	0.00604	0.01450	0.01450	0.01933	0.03141	0.06524	0.03624	0.64965	0.05074	0.00966	0.00966	0.01450	0.00604	0.00604
40	0.02547	0.02519	0.03969	0.05894	0.55227	0.06074	0.02988	0.03118	0.02305	0.03205	0.01854	0.02425	0.01560	0.00897	0.00981	0.00294	0.01223	0.00873	0.00495	0.01552
41	0.01983	0.01874	0.03171	0.52918	0.15736	0.02241	0.02818	0.02635	0.02041	0.02668	0.01790	0.02625	0.01372	0.00978	0.00995	0.00326	0.01304	0.00886	0.00452	0.01188
42	0.04473	0.01697	0.02313	0.01774	0.02545	0.01465	0.01465	0.04858	0.02853	0.59437	0.03933	0.03393	0.02468	0.01234	0.01003	0.00308	0.00848	0.01003	0.01234	0.01697
43	0.02216	0.04854	0.54774	0.02748	0.04160	0.02241	0.03489	0.03306	0.02170	0.08077	0.01976	0.02217	0.01368	0.00972	0.00952	0.00315	0.01419	0.00760	0.00492	0.01493
44	0.02819	0.02388	0.04245	0.04675	0.31457	0.02325	0.17628	0.06795	0.02539	0.11776	0.02255	0.02663	0.01700	0.00946	0.01044	0.00310	0.01271	0.00988	0.00639	0.01537
45	0.01424	0.01068	0.01602	0.01602	0.01780	0.01246	0.01246	0.01780	0.01602	0.02314	0.02670	0.03916	0.02492	0.07477	0.61015	0.01602	0.02670	0.01068	0.00534	0.00890
46	0.01411	0.01019	0.01333	0.01254	0.01489	0.00941	0.00941	0.01881	0.02822	0.03998	0.58221	0.07447	0.09406	0.02038	0.01176	0.00314	0.00470	0.01803	0.01097	0.00941
47	0.02748	0.02556	0.08648	0.05078	0.43859	0.02298	0.02851	0.06418	0.02471	0.10227	0.02148	0.02543	0.01666	0.00954	0.00986	0.00299	0.01164	0.00889	0.00607	0.01591
48	0.01999	0.05157	0.59800	0.02841	0.04315	0.02315	0.03683	0.03157	0.02105	0.03157	0.01789	0.02105	0.01263	0.00947	0.00947	0.00316	0.01473	0.00737	0.00421	0.01473
49	0.01426	0.01059	0.01557	0.01557	0.01720	0.01222	0.01190	0.01751	0.01589	0.02281	0.02711	0.04144	0.02591	0.12503	0.56124	0.01547	0.02521	0.01101	0.00540	0.00865
50	0.01891	0.02027	0.07270	0.58069	0.06674	0.02222	0.02837	0.02593	0.02002	0.02593	0.01773	0.02616	0.01324	0.00993	0.00993	0.00331	0.01340	0.00875	0.00441	0.01135
51	0.03029	0.27182	0.03944	0.02151	0.02945	0.03166	0.06391	0.18200	0.12750	0.07333	0.02360	0.02408	0.01807	0.01061	0.00876	0.00276	0.01065	0.00827	0.00748	0.01481
52	0.02362	0.02662	0.05729	0.04362	0.09683	0.02508	0.50776	0.03182	0.02346	0.03199	0.02005	0.02671	0.01518	0.00844	0.01161	0.00333	0.01639	0.01152	0.00503	0.01364
53	0.01999	0.05157	0.59800	0.02841	0.04315	0.02315	0.03683	0.03157	0.02105	0.03157	0.01789	0.02105	0.01263	0.00947	0.00947	0.00316	0.01473	0.00737	0.00421	0.01473
54	0.02772	0.01908	0.02978	0.12305	0.26031	0.01922	0.02247	0.03396	0.05460	0.18239	0.02974	0.10255	0.02469	0.01292	0.01028	0.00320	0.01019	0.01166	0.00767	0.01450
55	0.02610	0.60518	0.09784	0.01801	0.02705	0.03808	0.01871	0.02999	0.02032	0.02413	0.01420	0.01641	0.01278	0.00861	0.00665	0.00222	0.01100	0.00550	0.00426	0.01296
56	0.01575	0.01222	0.01424	0.01481	0.01718	0.01231	0.01062	0.05340	0.11256	0.03069	0.05900	0.40610	0.15063	0.02604	0.01196	0.00375	0.00632	0.02301	0.00945	0.00997
57	0.01294	0.01011	0.01152	0.01118	0.01391	0.00891	0.00826	0.01623	0.02456	0.03201	0.30121	0.08494	0.34211	0.06128	0.01415	0.00365	0.00518	0.01936	0.00979	0.00869
58	0.01883	0.01772	0.02990	0.62569	0.06866	0.02215	0.02769	0.02547	0.01993	0.02547	0.01772	0.02658	0.01329	0.00997	0.00997	0.00332	0.01329	0.00886	0.00443	0.01107
59	0.01247	0.00891	0.01194	0.01425	0.01497	0.00837	0.00981	0.01444	0.01940	0.02581	0.05477	0.59962	0.06523	0.03093	0.01281	0.00409	0.00606	0.06870	0.00925	0.00819
60	0.02419	0.02320	0.03960	0.10749	0.54491	0.02356	0.03036	0.03017	0.02247	0.03199	0.01867	0.02483	0.01559	0.00897	0.00988	0.00299	0.01196	0.00888	0.00489	0.01540
61	0.01883	0.01772	0.02990	0.62569	0.06866	0.02215	0.02769	0.02547	0.01993	0.02547	0.01772	0.02658	0.01329	0.00997	0.00997	0.00332	0.01329	0.00886	0.00443	0.01107
62	0.02193	0.09073	0.52636	0.02700	0.04089	0.02376	0.03416	0.03247	0.02144	0.06468	0.01890	0.02147	0.01336	0.00958	0.00929	0.00308	0.01408	0.00739	0.00470	0.01473
63	0.04473	0.01697	0.02313	0.01774	0.02545	0.01465	0.01465	0.04858	0.02853	0.59437	0.03933	0.03393	0.02468	0.01234	0.01003	0.00308	0.00848	0.01003	0.01234	0.01697
64	0.02196	0.02092	0.03556	0.32329	0.34658	0.02297	0.02924	0.02822	0.02142	0.02927	0.01827	0.02556	0.01463	0.00939	0.00991	0.00313	0.01251	0.00887	0.00470	0.01360
65	0.04219	0.01874	0.02396	0.01862	0.02619	0.01759	0.01530	0.11385	0.07608	0.47997	0.03746	0.03292	0.02417	0.01239	0.01003	0.00310	0.00875	0.00999	0.01185	0.01686
66	0.02716	0.02492	0.03965	0.05349	0.45796	0.06140	0.07116	0.03288	0.02364	0.08110	0.02045	0.02523	0.01632	0.00924	0.00998	0.00298	0.01236	0.00906	0.00560	0.01542
67	0.57602	0.02191	0.01867	0.01868	0.07037	0.05883	0.01354	0.06206	0.01998	0.04353	0.01501	0.01752	0.01173	0.00945	0.00690	0.00304	0.00890	0.00598	0.00623	0.01165
68	0.72007	0.01928	0.01465	0.01311	0.01928	0.02236	0.01080	0.02930	0.01697	0.04473	0.01388	0.01619	0.01080	0.00925	0.00617	0.00308	0.00771	0.00540	0.00617	0.01080
69	0.01450	0.00966	0.01087	0.01087	0.01087	0.00966	0.00604	0.01450	0.01450	0.01933	0.03141	0.06524	0.03624	0.64965	0.05074	0.00966	0.00966	0.01450	0.00604	0.00604
70	0.01424	0.01068	0.01602	0.01602	0.01780	0.01246	0.01246	0.01780	0.01602	0.02314	0.02670	0.03916	0.02492	0.07477	0.61015	0.01602	0.02670	0.01068	0.00534	0.00890
71	0.01411	0.01019	0.01333	0.01254	0.01489	0.00941	0.00941	0.01881	0.02822	0.03998	0.58221	0.07447	0.09406	0.02038	0.01176	0.00314	0.00470	0.01803	0.01097	0.00941
72	0.02012	0.04545	0.49361	0.02595	0.03962	0.02137	0.03231	0.03040	0.02098	0.03174	0.01786	0.02098	0.01301	0.00909	0.00909	0.00285	0.01340	0.00710	0.00452	0.14055
73	0.02067	0.01772	0.02067	0.01477	0.02362	0.01329	0.01181	0.02510	0.02067	0.03248	0.01772	0.02067	0.01477	0.00738	0.00738	0.00148	0.00738	0.00591	0.00591	0.71059
74	0.01999	0.05157	0.59800	0.02841	0.04315	0.02315	0.03683	0.03157	0.02105	0.03157	0.01789	0.02105	0.01263	0.00947	0.00947	0.00316	0.01473	0.00737	0.00421	0.01473
75	0.03998	0.02047	0.06076	0.02219	0.03067	0.01680	0.10115	0.04499	0.02732	0.47371	0.03509	0.03210	0.02249	0.01155	0.01027	0.00313	0.01015	0.01015	0.01073	0.01628
76	0.02467	0.02369	0.04046	0.06119	0.58747	0.02369	0.03059	0.03059	0.02270	0.03257	0.01875	0.02467	0.01579	0.00888	0.00987	0.00296	0.01184	0.00888	0.00493	0.01579
77	0.01275	0.00914	0.01211	0.01347	0.01459	0.00850	0.00930	0.01541	0.02191	0.02995	0.21816	0.46711	0.07464	0.02787	0.01242	0.00377	0.00545	0.02515	0.00979	0.00850
78	0.01868	0.01141	0.01483	0.01494	0.01804	0.01050	0.01199	0.02236	0.02414	0.11677	0.15505	0.16709	0.16432	0.02402	0.01229	0.00378	0.00697	0.18271	0.01001	0.01010
79	0.01416	0.00952	0.01097	0.01130	0.01139	0.00944	0.00650	0.01441	0.01515	0.02020	0.03478	0.14787	0.04049	0.56123	0.04530	0.00886	0.00911	0.01648	0.00650	0.00633
80	0.01667	0.01076	0.01415	0.01298	0.01578	0.00984	0.00984	0.02130	0.02824	0.08630	0.53685	0.07108	0.08827	0.01971	0.01161	0.00313	0.00502	0.01736	0.01109	0.01004
81	0.01406	0.01057	0.01326	0.01369	0.01632	0.00978	0.01100	0.01809	0.02493	0.03294	0.27293	0.09285	0.22488	0.02408	0.01241	0.00367	0.00623	0.17937	0.00990	0.00905
82	0.01883	0.01772	0.02990	0.62569	0.06866	0.02215	0.02769	0.02547	0.01993	0.02547	0.01772	0.02658	0.01329	0.00997	0.00997	0.00332	0.01329	0.00886	0.00443	0.01107
83	0.01190	0.00964	0.01057	0.01131	0.01378	0.00831	0.00811	0.01417	0.02156	0.02646	0.08628	0.27074	0.41812	0.02716	0.01208	0.00358	0.00528	0.02337	0.00926	0.00831
84	0.01883	0.01772	0.02990	0.62569	0.06866	0.02215	0.02769	0.02547	0.01993	0.02547	0.01772	0.02658	0.01329	0.00997	0.00997	0.00332	0.01329	0.00886	0.00443	0.01107
85	0.72007	0.01928	0.01465	0.01311	0.01928	0.02236	0.01080	0.02930	0.01697	0.04473	0.01388	0.01619	0.01080	0.00925	0.00617	0.00308	0.00771	0.00540	0.00617	0.01080
86	0.01229	0.00924	0.01139	0.01270	0.01424	0.00834	0.00882	0.01460	0.02118	0.02762	0.13169	0.42602	0.20910	0.02829	0.01235	0.00375	0.00545	0.02511	0.00946	0.00834
87	0.03724	0.04751	0.02825	0.02568	0.03082	0.60963	0.01926	0.03981	0.02825	0.02440	0.01541	0.01798	0.01284	0.01027	0.00899	0.00257	0.01798	0.00642	0.00514	0.01156
88	0.02572	0.43318	0.04727	0.02966	0.17635	0.03447	0.02109	0.02956	0.02049	0.02594	0.01511	0.01881	0.01362	0.00937	0.00953	0.00254	0.06284	0.00657	0.00445	0.01344
89	0.01301	0.01030	0.01188	0.01239	0.01520	0.00916	0.00968	0.01622	0.02331	0.02929	0.15674	0.13360	0.37085	0.02543	0.01225	0.00363	0.00589	0.12301	0.00949	0.00869
90	0.03088	0.05863	0.02902	0.02238	0.02586	0.02499	0.01878	0.03377	0.02065	0.24246	0.02319	0.02610	0.01751	0.01495	0.02242	0.00374	0.35491	0.00902	0.00741	0.01334
91	0.02067	0.01772	0.02067	0.01477	0.02362	0.01329	0.01181	0.02510	0.02067	0.03248	0.01772	0.02067	0.01477	0.00738	0.00738	0.00148	0.00738	0.00591	0.00591	0.71059
92	0.02460	0.02390	0.04172	0.05988	0.55092	0.02379	0.06614	0.03069	0.02276	0.03253	0.01885	0.02482	0.01575	0.00885	0.01000	0.00299	0.01218	0.00908	0.00494	0.01563
93	0.02587	0.02195	0.02315	0.02050	0.02633	0.02530	0.01604	0.09409	0.52659	0.04343	0.03921	0.03611	0.02933	0.01340	0.01013	0.00335	0.00814	0.01108	0.01013	0.01588
94	0.02260	0.02157	0.03672	0.26123	0.40362	0.02314	0.02956	0.02878	0.02172	0.03005	0.01839	0.02535	0.01490	0.00927	0.00990	0.00309	0.01236	0.00887	0.00476	0.01412
95	0.02446	0.02354	0.03972	0.05855	0.54518	0.02420	0.02993	0.03010	0.02214	0.03192	0.01832	0.02446	0.01559	0.00953	0.01159	0.00307	0.05852	0.00887	0.00489	0.01542
96	0.01194	0.01011	0.01032	0.01027	0.01356	0.00848	0.00770	0.01461	0.02310	0.02782	0.13384	0.09447	0.55002	0.02491	0.01178	0.00335	0.00503	0.02083	0.00937	0.00848
97	0.01239	0.00885	0.01185	0.01416	0.01485	0.00831	0.00968	0.01431	0.01933	0.02573	0.05481	0.60959	0.06539	0.03100	0.01279	0.00408	0.00600	0.05945	0.00925	0.00817
98	0.02353	0.02689	0.05882	0.04202	0.05210	0.02521	0.55126	0.03193	0.02353	0.03193	0.02017	0.02689	0.01513	0.00840	0.01176	0.00336	0.01681	0.01176	0.00504	0.01345
99	0.01215	0.00868	0.01157	0.01388	0.01446	0.00810	0.00925	0.01388	0.01909	0.02545	0.05495	0.64315	0.06593	0.03123	0.01272	0.00405	0.00578	0.02834	0.00925	0.00810
100	0.01241	0.00887	0.01187	0.01419	0.01488	0.00833	0.00972	0.01434	0.01935	0.02575	0.05480	0.60692	0.06535	0.03098	0.01280	0.00409	0.00602	0.06193	0.00925	0.00817
101	0.01883	0.01772	0.02990	0.62569	0.06866	0.02215	0.02769	0.02547	0.01993	0.02547	0.01772	0.02658	0.01329	0.00997	0.00997	0.00332	0.01329	0.00886	0.00443	0.01107
102	0.01215	0.00868	0.01157	0.01388	0.01446	0.00810	0.00925	0.01388	0.01909	0.02545	0.05495	0.64315	0.06593	0.03123	0.01272	0.00405	0.00578	0.02834	0.00925	0.00810
103	0.01988	0.01880	0.03181	0.52362	0.16247	0.02243	0.02821	0.02640	0.02043	0.02675	0.01791	0.02623	0.01374	0.00977	0.00995	0.00326	0.01303	0.00886	0.00452	0.01193
104	0.02325	0.02635	0.05711	0.07661	0.05308	0.02503	0.52022	0.03155	0.02332	0.03155	0.02002	0.02687	0.01502	0.00850	0.01166	0.00336	0.01660	0.01159	0.00501	0.01330
105	0.01185	0.00984	0.01036	0.01078	0.01364	0.00836	0.00788	0.01423	0.02207	0.02666	0.09266	0.19488	0.48985	0.02633	0.01195	0.00349	0.00518	0.02236	0.00926	0.00836
106	0.09100	0.03515	0.02794	0.02477	0.02802	0.33537	0.01950	0.03280	0.02227	0.02602	0.01438	0.01930	0.01276	0.01295	0.01788	0.00330	0.25321	0.00722	0.00493	0.01124
107	0.03138	0.03725	0.02497	0.02359	0.02807	0.43032	0.01828	0.03596	0.05905	0.02674	0.02594	0.04196	0.02465	0.01464	0.01021	0.00311	0.01525	0.13099	0.00641	0.01123
108	0.50804	0.01855	0.01732	0.01456	0.02122	0.01994	0.01201	0.03536	0.02060	0.21730	0.02187	0.02176	0.01515	0.01022	0.00738	0.00308	0.00795	0.00685	0.00811	0.01273
109	0.01354	0.01017	0.01253	0.01194	0.01454	0.00916	0.00895	0.01770	0.02686	0.03676	0.46365	0.07976	0.21462	0.02158	0.01176	0.00319	0.00479	0.01877	0.01055	0.00916
110	0.01450	0.00966	0.01087	0.01087	0.01087	0.00966	0.00604	0.01450	0.01450	0.01933	0.03141	0.06524	0.03624	0.64965	0.05074	0.00966	0.00966	0.01450	0.00604	0.00604
111	0.01344	0.00973	0.01290	0.01453	0.01602	0.00919	0.01088	0.01645	0.02186	0.02913	0.14757	0.37678	0.10249	0.02806	0.01276	0.00398	0.00640	0.14968	0.00953	0.00861
112	0.02204	0.02100	0.03571	0.31521	0.35401	0.02299	0.02929	0.02829	0.02145	0.02937	0.01829	0.02553	0.01467	0.00937	0.00991	0.00312	0.01249	0.00887	0.00471	0.01367
113	0.01403	0.01027	0.01322	0.01271	0.01515	0.00946	0.00968	0.01854	0.02739	0.03817	0.50546	0.07883	0.13444	0.02127	0.01189	0.00325	0.00503	0.05120	0.01071	0.00930
114	0.03736	0.04397	0.02855	0.02519	0.03084	0.50499	0.01920	0.13282	0.03162	0.03135	0.01695	0.01905	0.01358	0.01058	0.00917	0.00264	0.01671	0.00688	0.00601	0.01253
115	0.02467	0.02369	0.04046	0.06119	0.58747	0.02369	0.03059	0.03059	0.02270	0.03257	0.01875	0.02467	0.01579	0.00888	0.00987	0.00296	0.01184	0.00888	0.00493	0.01579
116	0.04038	0.01710	0.02269	0.01720	0.02512	0.01441	0.01414	0.04434	0.02711	0.49278	0.03542	0.03153	0.02288	0.01144	0.00955	0.00279	0.00828	0.00928	0.01118	0.14238
117	0.02286	0.01938	0.02088	0.01889	0.02393	0.02201	0.01463	0.04680	0.47159	0.04139	0.13851	0.04393	0.04194	0.01476	0.01044	0.00334	0.00731	0.01249	0.01029	0.01463
118	0.01664	0.01185	0.01731	0.01662	0.01961	0.01090	0.05799	0.02002	0.02236	0.07572	0.09901	0.29303	0.16058	0.02500	0.01234	0.00380	0.00735	0.11094	0.00926	0.00966
119	0.15407	0.04033	0.02613	0.02320	0.02886	0.43964	0.01778	0.09987	0.02856	0.03249	0.01617	0.01839	0.01299	0.01030	0.00862	0.00271	0.01538	0.00655	0.00589	0.01208
120	0.01839	0.01315	0.02064	0.02021	0.02350	0.01268	0.07505	0.02287	0.02277	0.07186	0.04847	0.18764	0.05162	0.02487	0.01308	0.00425	0.00941	0.34052	0.00896	0.01006
121	0.01215	0.00868	0.01157	0.01388	0.01446	0.00810	0.00925	0.01388	0.01909	0.02545	0.05495	0.64315	0.06593	0.03123	0.01272	0.00405	0.00578	0.02834	0.00925	0.00810
122	0.02232	0.02302	0.04371	0.22786	0.13633	0.02397	0.25960	0.03152	0.06999	0.03084	0.02096	0.02736	0.01598	0.00942	0.01077	0.00329	0.01416	0.01036	0.00528	0.01325
123	0.02069	0.01962	0.03327	0.44537	0.23438	0.02264	0.02861	0.02711	0.02082	0.02774	0.01805	0.02597	0.01409	0.00962	0.00994	0.00321	0.01283	0.00887	0.00459	0.01258
124	0.01391	0.01018	0.01306	0.01234	0.01477	0.00932	0.00925	0.01844	0.02776	0.03889	0.54200	0.07626	0.13495	0.02079	0.01176	0.00315	0.00473	0.01828	0.01083	0.00932
125	0.01999	0.05157	0.59800	0.02841	0.04315	0.02315	0.03683	0.03157	0.02105	0.03157	0.01789	0.02105	0.01263	0.00947	0.00947	0.00316	0.01473	0.00737	0.00421	0.01473
126	0.02067	0.01772	0.02067	0.01477	0.02362	0.01329	0.01181	0.02510	0.02067	0.03248	0.01772	0.02067	0.01477	0.00738	0.00738	0.00148	0.00738	0.00591	0.00591	0.71059
127	0.01424	0.01068	0.01602	0.01602	0.01780	0.01246	0.01246	0.01780	0.01602	0.02314	0.02670	0.03916	0.02492	0.07477	0.61015	0.01602	0.02670	0.01068	0.00534	0.00890
128	0.01312	0.01015	0.01196	0.01150	0.01429	0.00899	0.00863	0.01690	0.02589	0.03444	0.37797	0.08358	0.30176	0.02245	0.01177	0.00323	0.00485	0.01931	0.01025	0.00899
129	0.03263	0.01587	0.02079	0.01831	0.02399	0.01513	0.01527	0.04031	0.10655	0.33251	0.04381	0.05949	0.03597	0.01737	0.01124	0.00361	0.00862	0.17323	0.01101	0.01430
130	0.01484	0.00973	0.01224	0.01224	0.01261	0.01010	0.00774	0.01497	0.01460	0.01984	0.02845	0.05490	0.03123	0.44362	0.16528	0.10962	0.01306	0.01288	0.00565	0.00639
131	0.72007	0.01928	0.01465	0.01311	0.01928	0.02236	0.01080	0.02930	0.01697	0.04473	0.01388	0.01619	0.01080	0.00925	0.00617	0.00308	0.00771	0.00540	0.00617	0.01080
132	0.01616	0.01376	0.01704	0.01683	0.01889	0.06235	0.01303	0.01964	0.01704	0.02325	0.02576	0.03739	0.02391	0.06938	0.55992	0.01490	0.02597	0.01032	0.00532	0.00912
133	0.02067	0.01772	0.02067	0.01477	0.02362	0.01329	0.01181	0.02510	0.02067	0.03248	0.01772	0.02067	0.01477	0.00738	0.00738	0.00148	0.00738	0.00591	0.00591	0.71059
134	0.03729	0.04588	0.02839	0.02545	0.03083	0.56128	0.01924	0.08279	0.02981	0.02761	0.01612	0.01848	0.01318	0.01041	0.00907	0.00260	0.01739	0.00663	0.00554	0.01201
135	0.01215	0.00868	0.01157	0.01388	0.01446	0.00810	0.00925	0.01388	0.01909	0.02545	0.05495	0.64315	0.06593	0.03123	0.01272	0.00405	0.00578	0.02834	0.00925	0.00810
136	0.02467	0.02369	0.04046	0.06119	0.58747	0.02369	0.03059	0.03059	0.02270	0.03257	0.01875	0.02467	0.01579	0.00888	0.00987	0.00296	0.01184	0.00888	0.00493	0.01579
137	0.03178	0.02488	0.02647	0.02170	0.02858	0.02806	0.01747	0.32013	0.29093	0.05296	0.03171	0.03013	0.02325	0.01269	0.01005	0.00317	0.00953	0.01005	0.01005	0.01640
138	0.01411	0.01019	0.01333	0.01254	0.01489	0.00941	0.00941	0.01881	0.02822	0.03998	0.58221	0.07447	0.09406	0.02038	0.01176	0.00314	0.00470	0.01803	0.01097	0.00941
139	0.02161	0.02056	0.03493	0.35689	0.31571	0.02288	0.02907	0.02791	0.02125	0.02885	0.01821	0.02567	0.01448	0.00945	0.00992	0.00315	0.01260	0.00887	0.00467	0.01332
140	0.02050	0.09708	0.55688	0.02756	0.04182	0.02438	0.03534	0.03144	0.02099	0.03096	0.01759	0.02067	0.01264	0.00940	0.00924	0.00308	0.01443	0.00721	0.00421	0.01459
141	0.01215	0.00868	0.01157	0.01388	0.01446	0.00810	0.00925	0.01388	0.01909	0.02545	0.05495	0.64315	0.06593	0.03123	0.01272	0.00405	0.00578	0.02834	0.00925	0.00810
142	0.01218	0.01011	0.01065	0.01051	0.01371	0.00858	0.00788	0.01507	0.02365	0.02914	0.18253	0.09230	0.50050	0.02442	0.01178	0.00333	0.00499	0.02053	0.00955	0.00858
143	0.01406	0.01051	0.01563	0.01583	0.01751	0.01208	0.01218	0.01746	0.01629	0.02334	0.02917	0.09197	0.02851	0.07096	0.55792	0.01497	0.02487	0.01222	0.00568	0.00883
144	0.02467	0.02369	0.04046	0.06119	0.58747	0.02369	0.03059	0.03059	0.02270	0.03257	0.01875	0.02467	0.01579	0.00888	0.00987	0.00296	0.01184	0.00888	0.00493	0.01579
145	0.01883	0.01772	0.02990	0.62569	0.06866	0.02215	0.02769	0.02547	0.01993	0.02547	0.01772	0.02658	0.01329	0.00997	0.00997	0.00332	0.01329	0.00886	0.00443	0.01107
146	0.72007	0.01928	0.01465	0.01311	0.01928	0.02236	0.01080	0.02930	0.01697	0.04473	0.01388	0.01619	0.01080	0.00925	0.00617	0.00308	0.00771	0.00540	0.00617	0.01080
147	0.01530	0.01208	0.01738	0.01679	0.01811	0.01459	0.01296	0.01825	0.01574	0.02280	0.02541	0.03993	0.02467	0.13611	0.46415	0.01367	0.10708	0.01087	0.00529	0.00883
148	0.48249	0.01847	0.01764	0.01474	0.02145	0.01965	0.01215	0.03609	0.02103	0.23808	0.02283	0.02243	0.01568	0.01034	0.00753	0.00308	0.00798	0.00703	0.00834	0.01297
149	0.02467	0.02369	0.04046	0.06119	0.58747	0.02369	0.03059	0.03059	0.02270	0.03257	0.01875	0.02467	0.01579	0.00888	0.00987	0.00296	0.01184	0.00888	0.00493	0.01579

[dist]
# distance from previous block
# <min> <max>
0	17

[block]
# block no. 1 follows, 15 sequences, length 87
# corresponding to MSA columns:
# 234-320
name=unknown_B
#
# <colnr> <probs for GDERKNQSTAVLIFYWHMCP>
#	G	D	E	R	K	N	Q	S	T	A	V	L	I	F	Y	W	H	M	C	P
0	0.01350	0.01017	0.01248	0.01190	0.01452	0.00915	0.00893	0.01763	0.02678	0.03655	0.45600	0.08010	0.22241	0.02166	0.01176	0.00320	0.00479	0.01882	0.01052	0.00915
1	0.03473	0.03859	0.03089	0.03399	0.17224	0.40479	0.02172	0.03828	0.02686	0.07960	0.01849	0.02117	0.01470	0.01011	0.00931	0.00272	0.01553	0.00738	0.00576	0.01314
2	0.26977	0.02540	0.02976	0.03951	0.31251	0.10333	0.02212	0.03140	0.02145	0.03571	0.01659	0.02079	0.01364	0.00920	0.00845	0.00295	0.01124	0.00733	0.00539	0.01346
3	0.03083	0.03514	0.04295	0.03305	0.04091	0.25594	0.27118	0.10444	0.02849	0.03307	0.01880	0.02299	0.01447	0.00961	0.01043	0.00300	0.01649	0.00929	0.00573	0.01317
4	0.01883	0.01772	0.02990	0.62569	0.06866	0.02215	0.02769	0.02547	0.01993	0.02547	0.01772	0.02658	0.01329	0.00997	0.00997	0.00332	0.01329	0.00886	0.00443	0.01107
5	0.01211	0.01002	0.01062	0.01067	0.01372	0.00853	0.00793	0.01488	0.02321	0.02856	0.16165	0.12944	0.48425	0.02500	0.01184	0.00338	0.00505	0.02113	0.00948	0.00853
6	0.02067	0.01772	0.02067	0.01477	0.02362	0.01329	0.01181	0.02510	0.02067	0.03248	0.01772	0.02067	0.01477	0.00738	0.00738	0.00148	0.00738	0.00591	0.00591	0.71059
7	0.01215	0.00868	0.01157	0.01388	0.01446	0.00810	0.00925	0.01388	0.01909	0.02545	0.05495	0.64315	0.06593	0.03123	0.01272	0.00405	0.00578	0.02834	0.00925	0.00810
8	0.02480	0.02141	0.02254	0.02029	0.02592	0.02480	0.01578	0.05297	0.56946	0.04170	0.04057	0.03719	0.03043	0.01352	0.01014	0.00338	0.00789	0.01127	0.01014	0.01578
9	0.02665	0.65565	0.05224	0.01706	0.02559	0.03945	0.01706	0.02985	0.02026	0.02345	0.01386	0.01599	0.01279	0.00853	0.00640	0.00213	0.01066	0.00533	0.00426	0.01279
10	0.03724	0.04751	0.02825	0.02568	0.03082	0.60963	0.01926	0.03981	0.02825	0.02440	0.01541	0.01798	0.01284	0.01027	0.00899	0.00257	0.01798	0.00642	0.00514	0.01156
11	0.07824	0.02280	0.02913	0.14033	0.11426	0.02466	0.02090	0.25265	0.03303	0.14943	0.02425	0.02589	0.01714	0.01105	0.00972	0.00307	0.01085	0.00890	0.00841	0.01528
12	0.01272	0.01003	0.01148	0.01134	0.01410	0.00878	0.00842	0.01605	0.02462	0.03195	0.28694	0.12784	0.35271	0.02377	0.01184	0.00333	0.00497	0.02039	0.00993	0.00878
13	0.01276	0.01014	0.01145	0.01113	0.01407	0.00883	0.00834	0.01620	0.02503	0.03241	0.30319	0.08692	0.37780	0.02320	0.01177	0.00327	0.00490	0.01977	0.00998	0.00883
14	0.01999	0.05157	0.59800	0.02841	0.04315	0.02315	0.03683	0.03157	0.02105	0.03157	0.01789	0.02105	0.01263	0.00947	0.00947	0.00316	0.01473	0.00737	0.00421	0.01473
15	0.11336	0.03291	0.22398	0.04039	0.22938	0.02364	0.13245	0.03101	0.02157	0.03370	0.01811	0.02281	0.01397	0.00903	0.00963	0.00312	0.01323	0.00850	0.00488	0.01433
16	0.03008	0.02151	0.02182	0.01867	0.02310	0.13576	0.01473	0.03375	0.02670	0.22146	0.21284	0.04273	0.04404	0.01525	0.01324	0.00316	0.08736	0.01181	0.00942	0.01258
17	0.01215	0.00868	0.01157	0.01388	0.01446	0.00810	0.00925	0.01388	0.01909	0.02545	0.05495	0.64315	0.06593	0.03123	0.01272	0.00405	0.00578	0.02834	0.00925	0.00810
18	0.72007	0.01928	0.01465	0.01311	0.01928	0.02236	0.01080	0.02930	0.01697	0.04473	0.01388	0.01619	0.01080	0.00925	0.00617	0.00308	0.00771	0.00540	0.00617	0.01080
19	0.06997	0.18762	0.11209	0.04270	0.33885	0.02754	0.02665	0.03044	0.02150	0.03092	0.01708	0.02145	0.01430	0.00889	0.00869	0.00278	0.01164	0.00756	0.00475	0.01457
20	0.02234	0.02170	0.03324	0.03874	0.23908	0.02660	0.02446	0.02605	0.01815	0.02719	0.01625	0.02418	0.01499	0.01842	0.06660	0.00469	0.35113	0.00893	0.00465	0.01262
21	0.56600	0.02565	0.01772	0.01595	0.02188	0.15487	0.01271	0.03167	0.01951	0.04014	0.01423	0.01660	0.01126	0.00948	0.00681	0.00297	0.01003	0.00563	0.00594	0.01097
22	0.01185	0.00983	0.01038	0.01081	0.01365	0.00836	0.00789	0.01423	0.02204	0.02665	0.09231	0.19911	0.48586	0.02638	0.01196	0.00349	0.00519	0.02242	0.00926	0.00836
23	0.01178	0.01010	0.01010	0.01010	0.01347	0.00842	0.00757	0.01431	0.02272	0.02693	0.10099	0.09594	0.58342	0.02525	0.01178	0.00337	0.00505	0.02104	0.00926	0.00842
24	0.01858	0.00929	0.00929	0.00929	0.01161	0.00929	0.00697	0.02323	0.02091	0.03717	0.03252	0.03717	0.02555	0.01161	0.00697	0.00232	0.00465	0.00929	0.70499	0.00929
25	0.01424	0.01055	0.01352	0.01380	0.01633	0.00983	0.01103	0.01849	0.02560	0.03446	0.33267	0.08986	0.17736	0.02344	0.01236	0.00361	0.00610	0.16751	0.01011	0.00915
26	0.01999	0.05157	0.59800	0.02841	0.04315	0.02315	0.03683	0.03157	0.02105	0.03157	0.01789	0.02105	0.01263	0.00947	0.00947	0.00316	0.01473	0.00737	0.00421	0.01473
27	0.02665	0.65565	0.05224	0.01706	0.02559	0.03945	0.01706	0.02985	0.02026	0.02345	0.01386	0.01599	0.01279	0.00853	0.00640	0.00213	0.01066	0.00533	0.00426	0.01279
28	0.01215	0.00868	0.01157	0.01388	0.01446	0.00810	0.00925	0.01388	0.01909	0.02545	0.05495	0.64315	0.06593	0.03123	0.01272	0.00405	0.00578	0.02834	0.00925	0.00810
29	0.01284	0.01014	0.01156	0.01121	0.01411	0.00887	0.00841	0.01635	0.02522	0.03285	0.31946	0.08619	0.36125	0.02304	0.01177	0.00326	0.00489	0.01967	0.01004	0.00887
30	0.02181	0.02181	0.03053	0.02617	0.02617	0.03053	0.02181	0.02399	0.01527	0.02399	0.01309	0.02181	0.01309	0.01745	0.03272	0.00436	0.63141	0.00872	0.00436	0.01091
31	0.01999	0.05157	0.59800	0.02841	0.04315	0.02315	0.03683	0.03157	0.02105	0.03157	0.01789	0.02105	0.01263	0.00947	0.00947	0.00316	0.01473	0.00737	0.00421	0.01473
32	0.01184	0.00987	0.01033	0.01070	0.01362	0.00836	0.00784	0.01424	0.02214	0.02669	0.09364	0.18333	0.50078	0.02620	0.01193	0.00348	0.00517	0.02221	0.00926	0.00836
33	0.01428	0.01043	0.01475	0.01468	0.01616	0.01162	0.01091	0.01724	0.01686	0.02396	0.07940	0.04761	0.03361	0.18344	0.44370	0.01356	0.02128	0.01212	0.00600	0.00838
34	0.02480	0.02141	0.02254	0.02029	0.02592	0.02480	0.01578	0.05297	0.56946	0.04170	0.04057	0.03719	0.03043	0.01352	0.01014	0.00338	0.00789	0.01127	0.01014	0.01578
35	0.01912	0.01155	0.01382	0.01257	0.01564	0.01117	0.00963	0.05835	0.02721	0.07682	0.33678	0.05672	0.06285	0.01654	0.01002	0.00287	0.00536	0.01416	0.22846	0.01037
36	0.72007	0.01928	0.01465	0.01311	0.01928	0.02236	0.01080	0.02930	0.01697	0.04473	0.01388	0.01619	0.01080	0.00925	0.00617	0.00308	0.00771	0.00540	0.00617	0.01080
37	0.02067	0.01772	0.02067	0.01477	0.02362	0.01329	0.01181	0.02510	0.02067	0.03248	0.01772	0.02067	0.01477	0.00738	0.00738	0.00148	0.00738	0.00591	0.00591	0.71059
38	0.03314	0.02185	0.02911	0.02915	0.13200	0.06182	0.02025	0.03676	0.02319	0.26811	0.02547	0.02724	0.01851	0.01317	0.01715	0.00343	0.20813	0.00915	0.00791	0.01445
39	0.01450	0.00966	0.01087	0.01087	0.01087	0.00966	0.00604	0.01450	0.01450	0.01933	0.03141	0.06524	0.03624	0.64965	0.05074	0.00966	0.00966	0.01450	0.00604	0.00604
40	0.02469	0.02342	0.03837	0.05640	0.52176	0.02382	0.02886	0.03321	0.08667	0.03364	0.02131	0.02614	0.01750	0.00943	0.00990	0.00301	0.01138	0.00916	0.00554	0.01579
41	0.02439	0.03703	0.30153	0.03295	0.04488	0.02303	0.25293	0.03372	0.02298	0.09758	0.02137	0.02504	0.01510	0.00935	0.01051	0.00324	0.01488	0.00955	0.00551	0.01445
42	0.03078	0.01329	0.01696	0.01412	0.01913	0.01199	0.01126	0.03504	0.02609	0.31566	0.13955	0.04258	0.03803	0.01363	0.00940	0.00286	0.00657	0.01130	0.22862	0.01314
43	0.03730	0.03062	0.02713	0.02237	0.02915	0.19536	0.01778	0.23896	0.10733	0.15281	0.02668	0.02592	0.01906	0.01175	0.00972	0.00294	0.01211	0.00874	0.00905	0.01523
44	0.03622	0.04230	0.02721	0.02450	0.02986	0.49870	0.01853	0.04200	0.09431	0.06442	0.02007	0.02138	0.01577	0.01081	0.00920	0.00270	0.01612	0.00725	0.00623	0.01243
45	0.01450	0.00966	0.01087	0.01087	0.01087	0.00966	0.00604	0.01450	0.01450	0.01933	0.03141	0.06524	0.03624	0.64965	0.05074	0.00966	0.00966	0.01450	0.00604	0.00604
46	0.01251	0.00894	0.01199	0.01430	0.01504	0.00841	0.00989	0.01451	0.01945	0.02586	0.05474	0.59369	0.06514	0.03089	0.01282	0.00410	0.00610	0.07419	0.00925	0.00820
47	0.01732	0.00866	0.01299	0.01299	0.01299	0.00866	0.00866	0.01299	0.01299	0.01732	0.01732	0.03030	0.01732	0.03463	0.03896	0.70996	0.00866	0.00866	0.00433	0.00433
48	0.02067	0.01772	0.02067	0.01477	0.02362	0.01329	0.01181	0.02510	0.02067	0.03248	0.01772	0.02067	0.01477	0.00738	0.00738	0.00148	0.00738	0.00591	0.00591	0.71059
49	0.01460	0.00979	0.01123	0.01138	0.01154	0.00979	0.00672	0.01492	0.01507	0.02004	0.03286	0.06844	0.03768	0.60740	0.04823	0.00932	0.00963	0.04885	0.00625	0.00625
50	0.02467	0.02369	0.04046	0.06119	0.58747	0.02369	0.03059	0.03059	0.02270	0.03257	0.01875	0.02467	0.01579	0.00888	0.00987	0.00296	0.01184	0.00888	0.00493	0.01579
51	0.01215	0.00868	0.01157	0.01388	0.01446	0.00810	0.00925	0.01388	0.01909	0.02545	0.05495	0.64315	0.06593	0.03123	0.01272	0.00405	0.00578	0.02834	0.00925	0.00810
52	0.03629	0.02697	0.02906	0.02218	0.03024	0.02927	0.01828	0.50491	0.04443	0.06000	0.02335	0.02363	0.01675	0.01154	0.00973	0.00285	0.01064	0.00869	0.00959	0.08160
53	0.03887	0.02284	0.02650	0.02021	0.02817	0.02313	0.01666	0.31407	0.03751	0.26062	0.02917	0.02740	0.01966	0.01168	0.00975	0.00289	0.00970	0.00909	0.01049	0.08160
54	0.02703	0.01673	0.02028	0.01507	0.02300	0.01329	0.01214	0.03133	0.02284	0.18609	0.02499	0.02582	0.01847	0.00913	0.00806	0.00199	0.00743	0.00734	0.07281	0.45615
55	0.02388	0.02513	0.02843	0.11550	0.22654	0.17014	0.02177	0.02795	0.02282	0.02767	0.02712	0.18318	0.02767	0.01517	0.01039	0.00319	0.01205	0.01328	0.00604	0.01208
56	0.72007	0.01928	0.01465	0.01311	0.01928	0.02236	0.01080	0.02930	0.01697	0.04473	0.01388	0.01619	0.01080	0.00925	0.00617	0.00308	0.00771	0.00540	0.00617	0.01080
57	0.72007	0.01928	0.01465	0.01311	0.01928	0.02236	0.01080	0.02930	0.01697	0.04473	0.01388	0.01619	0.01080	0.00925	0.00617	0.00308	0.00771	0.00540	0.00617	0.01080
58	0.01434	0.01051	0.01392	0.01585	0.01786	0.01009	0.01290	0.01784	0.02189	0.02821	0.06111	0.24996	0.14432	0.02815	0.01317	0.00425	0.00762	0.31003	0.00921	0.00877
59	0.07479	0.23030	0.03286	0.01863	0.02597	0.02897	0.01603	0.12084	0.19652	0.07601	0.02578	0.02541	0.01977	0.01086	0.00843	0.00274	0.00928	0.00812	0.00779	0.06088
60	0.02274	0.02144	0.03564	0.09105	0.44274	0.02220	0.02712	0.02831	0.02273	0.03248	0.09026	0.03098	0.02544	0.01098	0.01160	0.00310	0.05118	0.01004	0.00563	0.01434
61	0.02467	0.02369	0.04046	0.06119	0.58747	0.02369	0.03059	0.03059	0.02270	0.03257	0.01875	0.02467	0.01579	0.00888	0.00987	0.00296	0.01184	0.00888	0.00493	0.01579
62	0.02041	0.02006	0.03044	0.55125	0.09790	0.06130	0.02730	0.02674	0.02066	0.02583	0.01763	0.02589	0.01341	0.00992	0.00990	0.00325	0.01351	0.00870	0.00451	0.01140
63	0.01640	0.01477	0.01962	0.02260	0.09816	0.05230	0.04596	0.01946	0.02143	0.02788	0.08437	0.38747	0.10228	0.02400	0.01186	0.00363	0.00800	0.02174	0.00823	0.00985
64	0.02181	0.02181	0.03053	0.02617	0.02617	0.03053	0.02181	0.02399	0.01527	0.02399	0.01309	0.02181	0.01309	0.01745	0.03272	0.00436	0.63141	0.00872	0.00436	0.01091
65	0.01431	0.01039	0.01455	0.01455	0.01582	0.01166	0.01063	0.01686	0.01559	0.02205	0.02805	0.04661	0.02816	0.23901	0.45033	0.01421	0.02183	0.01177	0.00554	0.00808
66	0.01276	0.01014	0.01146	0.01113	0.01407	0.00883	0.00835	0.01621	0.02504	0.03243	0.30401	0.08688	0.37696	0.02319	0.01177	0.00327	0.00490	0.01977	0.00998	0.00883
67	0.01999	0.05157	0.59800	0.02841	0.04315	0.02315	0.03683	0.03157	0.02105	0.03157	0.01789	0.02105	0.01263	0.00947	0.00947	0.00316	0.01473	0.00737	0.00421	0.01473
68	0.72007	0.01928	0.01465	0.01311	0.01928	0.02236	0.01080	0.02930	0.01697	0.04473	0.01388	0.01619	0.01080	0.00925	0.00617	0.00308	0.00771	0.00540	0.00617	0.01080
69	0.72007	0.01928	0.01465	0.01311	0.01928	0.02236	0.01080	0.02930	0.01697	0.04473	0.01388	0.01619	0.01080	0.00925	0.00617	0.00308	0.00771	0.00540	0.00617	0.01080
70	0.02166	0.02676	0.11355	0.03580	0.04490	0.02228	0.38638	0.02968	0.02313	0.03148	0.02628	0.04294	0.02310	0.01227	0.01189	0.00358	0.01507	0.11074	0.00575	0.01276
71	0.04318	0.01729	0.02364	0.01831	0.02550	0.01573	0.01514	0.04692	0.02764	0.55579	0.03755	0.03311	0.02389	0.01268	0.01156	0.00317	0.05061	0.00994	0.01180	0.01656
72	0.72007	0.01928	0.01465	0.01311	0.01928	0.02236	0.01080	0.02930	0.01697	0.04473	0.01388	0.01619	0.01080	0.00925	0.00617	0.00308	0.00771	0.00540	0.00617	0.01080
73	0.03724	0.04751	0.02825	0.02568	0.03082	0.60963	0.01926	0.03981	0.02825	0.02440	0.01541	0.01798	0.01284	0.01027	0.00899	0.00257	0.01798	0.00642	0.00514	0.01156
74	0.01883	0.01772	0.02990	0.62569	0.06866	0.02215	0.02769	0.02547	0.01993	0.02547	0.01772	0.02658	0.01329	0.00997	0.00997	0.00332	0.01329	0.00886	0.00443	0.01107
75	0.02047	0.04828	0.52626	0.03022	0.04434	0.02343	0.10528	0.03162	0.02138	0.03162	0.01819	0.02182	0.01296	0.00933	0.00978	0.00318	0.01501	0.00795	0.00432	0.01456
76	0.07012	0.34728	0.19624	0.02136	0.03008	0.03243	0.02282	0.02936	0.01947	0.02718	0.01485	0.01831	0.01266	0.01025	0.01138	0.00283	0.10966	0.00643	0.00439	0.01290
77	0.02174	0.02072	0.03141	0.04035	0.30476	0.05913	0.06070	0.02621	0.02050	0.02798	0.02222	0.03370	0.02061	0.12340	0.13688	0.00664	0.01526	0.01018	0.00521	0.01241
78	0.01178	0.01010	0.01010	0.01010	0.01347	0.00842	0.00757	0.01431	0.02272	0.02693	0.10099	0.09594	0.58342	0.02525	0.01178	0.00337	0.00505	0.02104	0.00926	0.00842
79	0.03724	0.04751	0.02825	0.02568	0.03082	0.60963	0.01926	0.03981	0.02825	0.02440	0.01541	0.01798	0.01284	0.01027	0.00899	0.00257	0.01798	0.00642	0.00514	0.01156
80	0.04007	0.03045	0.02659	0.02432	0.06917	0.26825	0.01779	0.04353	0.02798	0.31064	0.02764	0.02647	0.01899	0.01121	0.00957	0.00286	0.01277	0.00841	0.00873	0.01458
81	0.01278	0.00905	0.01185	0.01351	0.01409	0.00880	0.00895	0.01436	0.01794	0.02408	0.04788	0.47790	0.05651	0.15188	0.07557	0.00622	0.00846	0.02408	0.00828	0.00778
82	0.01287	0.01005	0.01168	0.01147	0.01419	0.00885	0.00853	0.01634	0.02500	0.03281	0.31857	0.12247	0.32464	0.02341	0.01183	0.00331	0.00494	0.02014	0.01004	0.00885
83	0.02064	0.01872	0.02940	0.54020	0.06298	0.02297	0.02623	0.06633	0.05917	0.02933	0.01973	0.02710	0.01472	0.01036	0.00998	0.00330	0.01275	0.00903	0.00523	0.01183
84	0.02793	0.01935	0.02875	0.18210	0.17896	0.02026	0.02187	0.10247	0.02672	0.16034	0.06430	0.07157	0.02593	0.01261	0.01026	0.00317	0.01045	0.01106	0.00784	0.01408
85	0.01915	0.01478	0.01716	0.01831	0.02117	0.05308	0.01562	0.05677	0.02467	0.03229	0.04649	0.09329	0.04877	0.02388	0.01257	0.00414	0.00947	0.40476	0.07380	0.00985
86	0.03351	0.04150	0.02792	0.06756	0.06729	0.49293	0.01977	0.03656	0.02697	0.02515	0.02147	0.02417	0.05099	0.01116	0.00930	0.00270	0.01641	0.00771	0.00535	0.01158

[dist]
# distance from previous block
# <min> <max>
0	469

# created by:
# /st0/software/busco_prod/Augustus/scripts/msa2prfl.pl ./align_prep/5145.fa
