[name]
unknown

[dist]
# distance from previous block
# <min> <max>
5	32

[block]
# block no. 0 follows, 13 sequences, length 126
# corresponding to MSA columns:
# 33-64,69-129,132-148,158-173
name=unknown_A
#
# <colnr> <probs for GDERKNQSTAVLIFYWHMCP>
#	G	D	E	R	K	N	Q	S	T	A	V	L	I	F	Y	W	H	M	C	P
0	0.09995	0.01690	0.02070	0.01640	0.02344	0.01494	0.01321	0.03480	0.02548	0.23623	0.10915	0.03678	0.03269	0.01738	0.05230	0.00379	0.00939	0.01016	0.00961	0.21670
1	0.02733	0.02168	0.02636	0.02521	0.09977	0.02116	0.01744	0.07498	0.20104	0.08310	0.02944	0.02980	0.02243	0.01102	0.00960	0.00271	0.00902	0.00920	0.00850	0.27020
2	0.01465	0.01197	0.01308	0.01259	0.01609	0.01102	0.00950	0.02080	0.07923	0.03426	0.23350	0.08861	0.36855	0.02397	0.01231	0.00350	0.00556	0.02030	0.01045	0.01004
3	0.03303	0.01945	0.02376	0.01760	0.02646	0.01628	0.01431	0.07991	0.02747	0.23654	0.02790	0.02746	0.01978	0.01021	0.00911	0.00234	0.00860	0.00818	0.00918	0.38243
4	0.02448	0.01652	0.01969	0.01519	0.02262	0.01320	0.01197	0.02888	0.02302	0.11182	0.02789	0.07962	0.02365	0.01148	0.00867	0.00218	0.00743	0.00953	0.10684	0.43533
5	0.02192	0.01879	0.02192	0.01566	0.02506	0.01409	0.01253	0.02662	0.02192	0.03445	0.01879	0.02192	0.01566	0.00783	0.00783	0.00157	0.00783	0.00626	0.00626	0.69305
6	0.02651	0.02283	0.06928	0.02330	0.03130	0.01957	0.09749	0.07088	0.02553	0.11260	0.05871	0.03085	0.02357	0.01732	0.06289	0.00409	0.05618	0.00976	0.00749	0.22984
7	0.02313	0.02313	0.03238	0.02776	0.02776	0.03238	0.02313	0.02545	0.01619	0.02545	0.01388	0.02313	0.01388	0.01851	0.03470	0.00463	0.60907	0.00925	0.00463	0.01157
8	0.02192	0.01879	0.02192	0.01566	0.02506	0.01409	0.01253	0.02662	0.02192	0.03445	0.01879	0.02192	0.01566	0.00783	0.00783	0.00157	0.00783	0.00626	0.00626	0.69305
9	0.02630	0.02271	0.02391	0.02152	0.02749	0.02630	0.01674	0.05618	0.54336	0.04423	0.04303	0.03945	0.03228	0.01434	0.01076	0.00359	0.00837	0.01195	0.01076	0.01674
10	0.01808	0.01325	0.02128	0.01926	0.02239	0.01431	0.05836	0.02243	0.01961	0.06247	0.07108	0.04303	0.03139	0.06409	0.45185	0.01381	0.02425	0.01201	0.00660	0.01047
11	0.03496	0.22901	0.03830	0.02270	0.03047	0.15511	0.01922	0.22021	0.08004	0.04232	0.02154	0.02254	0.01688	0.01127	0.00914	0.00282	0.01285	0.00790	0.00752	0.01520
12	0.01392	0.01051	0.01285	0.01280	0.01529	0.00945	0.00940	0.01773	0.02666	0.03591	0.34635	0.17575	0.22478	0.02499	0.01265	0.00356	0.00528	0.02185	0.01082	0.00945
13	0.07946	0.15405	0.07510	0.02843	0.11356	0.02516	0.06473	0.03202	0.05567	0.07119	0.02362	0.02875	0.01941	0.02705	0.15040	0.00644	0.01595	0.00919	0.00619	0.01364
14	0.03475	0.11643	0.04154	0.03331	0.12433	0.07574	0.12900	0.08969	0.02876	0.18423	0.02576	0.02734	0.01860	0.01074	0.01033	0.00311	0.01300	0.00964	0.00790	0.01582
15	0.02955	0.01407	0.01860	0.01561	0.02077	0.01243	0.01236	0.03394	0.02962	0.28126	0.28717	0.06121	0.10228	0.01814	0.01164	0.00332	0.00684	0.01551	0.01215	0.01354
16	0.01307	0.01073	0.01151	0.01132	0.01463	0.00917	0.00849	0.01629	0.02546	0.03179	0.21202	0.09644	0.45125	0.02557	0.01249	0.00351	0.00527	0.02157	0.01024	0.00917
17	0.02556	0.17083	0.03937	0.17132	0.23174	0.02670	0.02504	0.03077	0.02285	0.06725	0.02327	0.07742	0.02069	0.01194	0.00987	0.00313	0.01180	0.01039	0.00589	0.01417
18	0.03243	0.06898	0.02240	0.01682	0.02243	0.01521	0.01340	0.03567	0.02598	0.31329	0.05003	0.21343	0.08514	0.01987	0.01131	0.00351	0.00803	0.01698	0.01108	0.01402
19	0.04744	0.01799	0.02454	0.01881	0.02699	0.01554	0.01554	0.05153	0.03026	0.56979	0.04171	0.03599	0.02617	0.01309	0.01063	0.00327	0.00900	0.01063	0.01309	0.01799
20	0.01288	0.00920	0.01227	0.01472	0.01534	0.00859	0.00981	0.01472	0.02024	0.02699	0.05828	0.62152	0.06993	0.03312	0.01350	0.00429	0.00613	0.03006	0.00981	0.00859
21	0.03158	0.12092	0.28304	0.02481	0.03658	0.02601	0.02745	0.11564	0.02848	0.16869	0.02496	0.02542	0.01727	0.01107	0.00983	0.00315	0.01279	0.00848	0.00755	0.01630
22	0.02121	0.05469	0.57364	0.03014	0.04576	0.02455	0.03906	0.03348	0.02232	0.03348	0.01897	0.02232	0.01339	0.01005	0.01005	0.00335	0.01563	0.00781	0.00446	0.01563
23	0.02827	0.63478	0.05540	0.01809	0.02714	0.04184	0.01809	0.03166	0.02148	0.02488	0.01470	0.01696	0.01357	0.00905	0.00678	0.00226	0.01131	0.00565	0.00452	0.01357
24	0.03688	0.01673	0.02171	0.01739	0.02395	0.01514	0.01407	0.07899	0.03126	0.36992	0.16276	0.04983	0.08171	0.01601	0.01119	0.00330	0.00802	0.01335	0.01232	0.01549
25	0.49690	0.01968	0.01837	0.01545	0.02251	0.02115	0.01274	0.03751	0.02185	0.21172	0.02321	0.02309	0.01608	0.01084	0.00783	0.00327	0.00844	0.00727	0.00860	0.01351
26	0.15166	0.47159	0.04592	0.01814	0.02642	0.08675	0.01709	0.03249	0.02160	0.02906	0.01485	0.01719	0.01319	0.00935	0.00698	0.00249	0.01143	0.00577	0.00497	0.01307
27	0.01550	0.01222	0.01733	0.14139	0.02786	0.01280	0.01396	0.01971	0.02377	0.03221	0.23522	0.16995	0.10197	0.06974	0.05503	0.00502	0.00921	0.01854	0.00885	0.00972
28	0.70310	0.02045	0.01554	0.01390	0.02045	0.02372	0.01145	0.03108	0.01799	0.04744	0.01472	0.01718	0.01145	0.00981	0.00654	0.00327	0.00818	0.00573	0.00654	0.01145
29	0.02827	0.63478	0.05540	0.01809	0.02714	0.04184	0.01809	0.03166	0.02148	0.02488	0.01470	0.01696	0.01357	0.00905	0.00678	0.00226	0.01131	0.00565	0.00452	0.01357
30	0.01404	0.01061	0.01295	0.01270	0.01531	0.00953	0.00940	0.01803	0.02725	0.03681	0.37559	0.14136	0.22921	0.02429	0.01258	0.00350	0.00521	0.02117	0.01093	0.00953
31	0.03344	0.02626	0.02793	0.02296	0.03021	0.02963	0.01846	0.29821	0.28971	0.05574	0.03397	0.03222	0.02493	0.01350	0.01067	0.00337	0.01005	0.01070	0.01067	0.01738
32	0.03364	0.02480	0.02688	0.02228	0.02941	0.02761	0.01786	0.23099	0.30688	0.10662	0.03633	0.03386	0.02633	0.01360	0.01068	0.00340	0.00965	0.01091	0.01093	0.01733
33	0.01914	0.01433	0.01832	0.01813	0.02057	0.05060	0.04768	0.02177	0.02228	0.08323	0.05104	0.47741	0.05770	0.02780	0.01285	0.00403	0.00816	0.02520	0.00953	0.01021
34	0.04176	0.02710	0.03017	0.02313	0.03153	0.02905	0.01911	0.42405	0.04549	0.17576	0.02893	0.02768	0.01976	0.01278	0.01059	0.00319	0.01106	0.00976	0.01112	0.01798
35	0.02630	0.02271	0.02391	0.02152	0.02749	0.02630	0.01674	0.05618	0.54336	0.04423	0.04303	0.03945	0.03228	0.01434	0.01076	0.00359	0.00837	0.01195	0.01076	0.01674
36	0.01310	0.01073	0.01155	0.01134	0.01465	0.00918	0.00851	0.01634	0.02553	0.03195	0.21709	0.09618	0.44608	0.02552	0.01249	0.00351	0.00527	0.02153	0.01026	0.00918
37	0.02483	0.02051	0.02348	0.01704	0.02629	0.01707	0.01373	0.10621	0.02634	0.03957	0.01984	0.02247	0.01603	0.00860	0.00827	0.00182	0.00844	0.00678	0.00695	0.58572
38	0.02925	0.08875	0.26882	0.02347	0.03471	0.02251	0.02580	0.07083	0.02666	0.16852	0.06411	0.02957	0.02341	0.01157	0.00994	0.00308	0.01192	0.00915	0.00770	0.07025
39	0.13003	0.12994	0.11437	0.02114	0.03028	0.02702	0.02009	0.14726	0.06604	0.17504	0.02639	0.02596	0.01865	0.01148	0.00932	0.00312	0.01082	0.00852	0.00869	0.01587
40	0.02511	0.02152	0.02288	0.02092	0.02642	0.02473	0.01612	0.05251	0.49702	0.04270	0.04438	0.09101	0.03561	0.01601	0.01100	0.00365	0.00817	0.01356	0.01067	0.01601
41	0.02229	0.02300	0.04468	0.18218	0.05202	0.02340	0.28534	0.03161	0.06102	0.03409	0.10116	0.03664	0.02902	0.01159	0.01187	0.00352	0.01431	0.01263	0.00649	0.01315
42	0.04538	0.02129	0.02658	0.02038	0.02863	0.02043	0.01683	0.18641	0.03578	0.42711	0.03708	0.03298	0.02385	0.01297	0.01062	0.00324	0.00974	0.01032	0.01237	0.01799
43	0.02547	0.02075	0.02260	0.01989	0.02536	0.02319	0.01554	0.11397	0.34667	0.04695	0.16738	0.04721	0.04691	0.01591	0.01116	0.00346	0.00800	0.01338	0.01095	0.01524
44	0.10509	0.01821	0.02375	0.01838	0.02642	0.01626	0.01518	0.04973	0.02918	0.52386	0.03934	0.03433	0.02488	0.01280	0.01027	0.00327	0.00892	0.01020	0.01251	0.01742
45	0.02739	0.02325	0.02452	0.02174	0.02791	0.02681	0.01700	0.09317	0.50460	0.04599	0.04165	0.03834	0.03115	0.01421	0.01074	0.00355	0.00862	0.01176	0.01074	0.01683
46	0.01445	0.00986	0.01181	0.01272	0.01295	0.00963	0.00767	0.01513	0.01719	0.02292	0.04260	0.27474	0.05016	0.40689	0.03881	0.00803	0.00872	0.02084	0.00767	0.00722
47	0.01417	0.01045	0.01340	0.01512	0.01636	0.01015	0.01039	0.01859	0.06330	0.02996	0.10833	0.51892	0.06997	0.03043	0.01317	0.00414	0.00620	0.02748	0.01008	0.00939
48	0.04744	0.01799	0.02454	0.01881	0.02699	0.01554	0.01554	0.05153	0.03026	0.56979	0.04171	0.03599	0.02617	0.01309	0.01063	0.00327	0.00900	0.01063	0.01309	0.01799
49	0.02617	0.02512	0.04292	0.06490	0.56246	0.02512	0.03245	0.03245	0.02407	0.03454	0.01989	0.02617	0.01675	0.00942	0.01047	0.00314	0.01256	0.00942	0.00523	0.01675
50	0.04622	0.01995	0.02575	0.01974	0.02797	0.01844	0.01631	0.13160	0.03354	0.48509	0.03896	0.03420	0.02479	0.01302	0.01062	0.00326	0.00944	0.01045	0.01266	0.01799
51	0.02919	0.35199	0.04153	0.01954	0.02689	0.03367	0.01763	0.08603	0.09640	0.07270	0.06515	0.02768	0.02443	0.01210	0.01039	0.00286	0.05169	0.00860	0.00719	0.01435
52	0.70310	0.02045	0.01554	0.01390	0.02045	0.02372	0.01145	0.03108	0.01799	0.04744	0.01472	0.01718	0.01145	0.00981	0.00654	0.00327	0.00818	0.00573	0.00654	0.01145
53	0.01692	0.01326	0.01561	0.01459	0.01798	0.01319	0.01107	0.02670	0.13541	0.04058	0.37891	0.07441	0.15863	0.02093	0.01212	0.00342	0.00575	0.01814	0.01117	0.01121
54	0.01660	0.01023	0.01368	0.01503	0.01657	0.00941	0.01042	0.01893	0.02205	0.08406	0.09666	0.51767	0.06783	0.03014	0.01312	0.00411	0.00634	0.02718	0.01030	0.00967
55	0.04744	0.01799	0.02454	0.01881	0.02699	0.01554	0.01554	0.05153	0.03026	0.56979	0.04171	0.03599	0.02617	0.01309	0.01063	0.00327	0.00900	0.01063	0.01309	0.01799
56	0.70310	0.02045	0.01554	0.01390	0.02045	0.02372	0.01145	0.03108	0.01799	0.04744	0.01472	0.01718	0.01145	0.00981	0.00654	0.00327	0.00818	0.00573	0.00654	0.01145
57	0.02147	0.02472	0.14835	0.02306	0.02990	0.01746	0.09308	0.06237	0.02553	0.07211	0.12518	0.17696	0.04514	0.06736	0.01522	0.00413	0.01072	0.01655	0.00828	0.01240
58	0.18753	0.01840	0.02210	0.01886	0.02281	0.02095	0.01508	0.06488	0.02152	0.15348	0.02220	0.02698	0.01745	0.01931	0.02267	0.17208	0.14588	0.00874	0.00737	0.01172
59	0.01417	0.01032	0.01342	0.01416	0.01604	0.00957	0.01038	0.01779	0.02536	0.03461	0.29112	0.28625	0.12210	0.02698	0.01304	0.00384	0.00586	0.06496	0.01065	0.00935
60	0.08875	0.01755	0.02285	0.01782	0.02547	0.01566	0.01467	0.04818	0.02885	0.49597	0.03939	0.03500	0.02527	0.01281	0.01012	0.00321	0.00864	0.01025	0.06257	0.01696
61	0.02976	0.26342	0.03839	0.02200	0.02810	0.16257	0.01875	0.06767	0.07887	0.03123	0.05835	0.02574	0.02216	0.01252	0.01246	0.00298	0.09706	0.00832	0.00632	0.01333
62	0.02645	0.02590	0.15514	0.06728	0.07624	0.01833	0.06035	0.03317	0.02513	0.16404	0.06915	0.09727	0.03456	0.01625	0.01156	0.00364	0.01143	0.08160	0.00842	0.01408
63	0.01416	0.01078	0.01302	0.01246	0.01531	0.00964	0.00935	0.01840	0.02804	0.03792	0.41121	0.08636	0.24824	0.02329	0.01248	0.00340	0.00511	0.02016	0.01105	0.00964
64	0.01487	0.00964	0.01161	0.01288	0.01364	0.00932	0.00835	0.01672	0.01913	0.02729	0.04646	0.34987	0.05269	0.20834	0.02451	0.00575	0.00715	0.02198	0.13164	0.00816
65	0.08541	0.06247	0.02782	0.06569	0.08419	0.02056	0.01787	0.08470	0.02848	0.30845	0.03190	0.03110	0.02174	0.01191	0.00976	0.00313	0.00972	0.00955	0.06964	0.01592
66	0.02888	0.02005	0.07152	0.16134	0.03710	0.01763	0.01952	0.03611	0.06693	0.22574	0.04546	0.08489	0.10762	0.01584	0.01107	0.00348	0.01001	0.01337	0.00935	0.01409
67	0.01496	0.01081	0.01413	0.01330	0.01580	0.00998	0.00998	0.01995	0.02993	0.04240	0.55689	0.07898	0.09976	0.02162	0.01247	0.00333	0.00499	0.01912	0.01164	0.00998
68	0.02827	0.63478	0.05540	0.01809	0.02714	0.04184	0.01809	0.03166	0.02148	0.02488	0.01470	0.01696	0.01357	0.00905	0.00678	0.00226	0.01131	0.00565	0.00452	0.01357
69	0.02186	0.02197	0.07080	0.01694	0.02689	0.01502	0.01488	0.02723	0.02196	0.03437	0.01881	0.02196	0.01546	0.00803	0.00803	0.00172	0.00852	0.00640	0.00610	0.63305
70	0.08641	0.17564	0.10865	0.02250	0.03148	0.08006	0.02101	0.19620	0.06597	0.08213	0.02269	0.02347	0.01695	0.01122	0.00922	0.00298	0.01208	0.00808	0.00774	0.01552
71	0.01371	0.01019	0.01278	0.01334	0.01533	0.00926	0.00954	0.01708	0.02519	0.03399	0.28446	0.28608	0.17637	0.02690	0.01286	0.00373	0.00549	0.02382	0.01061	0.00926
72	0.02340	0.03949	0.29812	0.03929	0.16047	0.02570	0.10738	0.03441	0.06125	0.03399	0.02095	0.02544	0.01598	0.01067	0.01234	0.00344	0.05768	0.00928	0.00525	0.01546
73	0.01964	0.01156	0.01534	0.01453	0.01747	0.01053	0.01083	0.02371	0.02761	0.12283	0.35272	0.20478	0.08072	0.02307	0.01243	0.00355	0.00591	0.02044	0.01142	0.01092
74	0.02674	0.03461	0.22085	0.07007	0.07433	0.02569	0.02661	0.16551	0.10763	0.04233	0.02562	0.03057	0.01996	0.06617	0.01424	0.00395	0.01267	0.00979	0.00728	0.01539
75	0.01815	0.00926	0.01361	0.01361	0.01361	0.00926	0.00898	0.01389	0.01389	0.01852	0.01946	0.03486	0.01984	0.08012	0.04224	0.64236	0.00926	0.00964	0.00472	0.00472
76	0.02824	0.02341	0.02836	0.10815	0.03581	0.07978	0.06365	0.14740	0.07103	0.07852	0.03455	0.12455	0.03172	0.01717	0.01162	0.00364	0.01182	0.07827	0.00870	0.01360
77	0.08695	0.02158	0.03323	0.08442	0.30307	0.02250	0.02487	0.03288	0.02421	0.11327	0.07729	0.03215	0.02578	0.01204	0.01226	0.00333	0.05783	0.01026	0.00707	0.01500
78	0.02253	0.01903	0.02995	0.20734	0.15726	0.02051	0.05782	0.07085	0.02532	0.03586	0.06482	0.07707	0.02776	0.01316	0.01050	0.00328	0.01101	0.01195	0.12109	0.01289
79	0.02827	0.63478	0.05540	0.01809	0.02714	0.04184	0.01809	0.03166	0.02148	0.02488	0.01470	0.01696	0.01357	0.00905	0.00678	0.00226	0.01131	0.00565	0.00452	0.01357
80	0.70310	0.02045	0.01554	0.01390	0.02045	0.02372	0.01145	0.03108	0.01799	0.04744	0.01472	0.01718	0.01145	0.00981	0.00654	0.00327	0.00818	0.00573	0.00654	0.01145
81	0.02662	0.30667	0.24348	0.02547	0.03702	0.03325	0.07047	0.08349	0.02500	0.03312	0.01795	0.02081	0.01418	0.00978	0.00887	0.00287	0.01350	0.00744	0.00520	0.01484
82	0.02473	0.02001	0.07222	0.14862	0.06967	0.01835	0.01981	0.03285	0.09736	0.12385	0.07011	0.08077	0.03156	0.06469	0.01701	0.06459	0.01045	0.01250	0.00803	0.01280
83	0.01405	0.01077	0.01286	0.01234	0.01523	0.00959	0.00925	0.01817	0.02776	0.03725	0.38951	0.08745	0.27036	0.02354	0.01248	0.00342	0.00512	0.02031	0.01096	0.00959
84	0.07212	0.07993	0.19676	0.13027	0.08956	0.02396	0.09759	0.03005	0.02335	0.03413	0.09613	0.03190	0.02649	0.01149	0.01035	0.00329	0.01297	0.01019	0.00589	0.01357
85	0.02769	0.08620	0.03937	0.20507	0.12749	0.02634	0.10070	0.10775	0.02728	0.07360	0.02155	0.02646	0.01629	0.01030	0.01027	0.00313	0.01298	0.00937	0.00646	0.06169
86	0.63284	0.02028	0.01720	0.07449	0.02583	0.02370	0.01329	0.03066	0.01832	0.04534	0.01514	0.01831	0.01172	0.00989	0.00696	0.00330	0.00879	0.00610	0.00635	0.01148
87	0.02412	0.17070	0.29579	0.02821	0.04009	0.02889	0.10154	0.03692	0.10926	0.03347	0.02241	0.02492	0.01696	0.01038	0.00982	0.00319	0.01381	0.00872	0.00565	0.01517
88	0.01616	0.01631	0.05753	0.01685	0.02166	0.01326	0.05699	0.02293	0.06388	0.03584	0.26176	0.07640	0.25732	0.02113	0.01218	0.00346	0.00726	0.01844	0.00981	0.01084
89	0.01435	0.01005	0.01160	0.01221	0.01287	0.00965	0.00748	0.01518	0.01782	0.02326	0.04998	0.21115	0.11991	0.39515	0.03794	0.00782	0.00853	0.02001	0.00774	0.00731
90	0.35553	0.01647	0.01568	0.01440	0.01965	0.01772	0.01183	0.03121	0.02158	0.11740	0.02883	0.03899	0.02396	0.01351	0.00842	0.00330	0.00774	0.07352	0.16850	0.01177
91	0.07272	0.02775	0.18443	0.16206	0.04209	0.02019	0.06849	0.02721	0.02270	0.03323	0.10433	0.03947	0.06610	0.01906	0.06170	0.00462	0.01371	0.01143	0.00629	0.01240
92	0.02240	0.01227	0.01630	0.01581	0.01919	0.01116	0.01219	0.02603	0.02582	0.16410	0.17328	0.24172	0.09903	0.02453	0.01265	0.00385	0.00704	0.09020	0.01103	0.01140
93	0.02600	0.02224	0.03071	0.21474	0.11747	0.02610	0.02383	0.12691	0.09962	0.03873	0.02408	0.02908	0.01867	0.01254	0.01360	0.00348	0.09209	0.00980	0.05613	0.01418
94	0.70310	0.02045	0.01554	0.01390	0.02045	0.02372	0.01145	0.03108	0.01799	0.04744	0.01472	0.01718	0.01145	0.00981	0.00654	0.00327	0.00818	0.00573	0.00654	0.01145
95	0.03682	0.02693	0.03181	0.02898	0.10960	0.02838	0.02078	0.36545	0.04155	0.09811	0.02518	0.02598	0.01820	0.01174	0.01028	0.00301	0.01117	0.00926	0.00954	0.08723
96	0.04744	0.01799	0.02454	0.01881	0.02699	0.01554	0.01554	0.05153	0.03026	0.56979	0.04171	0.03599	0.02617	0.01309	0.01063	0.00327	0.00900	0.01063	0.01309	0.01799
97	0.02043	0.01943	0.03181	0.51822	0.06618	0.02480	0.02844	0.02678	0.02041	0.02678	0.01807	0.02744	0.01406	0.01174	0.01413	0.00369	0.10179	0.00938	0.00469	0.01172
98	0.09950	0.02787	0.02972	0.02296	0.03123	0.03060	0.01896	0.44501	0.04534	0.10539	0.02575	0.02551	0.01806	0.01247	0.01022	0.00319	0.01112	0.00927	0.01042	0.01740
99	0.01250	0.01071	0.01071	0.01071	0.01428	0.00893	0.00803	0.01517	0.02410	0.02856	0.10711	0.10175	0.55817	0.02678	0.01250	0.00357	0.00536	0.02231	0.00982	0.00893
100	0.01288	0.00920	0.01227	0.01472	0.01534	0.00859	0.00981	0.01472	0.02024	0.02699	0.05828	0.62152	0.06993	0.03312	0.01350	0.00429	0.00613	0.03006	0.00981	0.00859
101	0.01683	0.01378	0.02068	0.23276	0.03702	0.01501	0.01719	0.02258	0.02666	0.03667	0.35664	0.06008	0.06788	0.01751	0.01176	0.00340	0.00838	0.01550	0.00906	0.01063
102	0.04744	0.01799	0.02454	0.01881	0.02699	0.01554	0.01554	0.05153	0.03026	0.56979	0.04171	0.03599	0.02617	0.01309	0.01063	0.00327	0.00900	0.01063	0.01309	0.01799
103	0.02121	0.05469	0.57364	0.03014	0.04576	0.02455	0.03906	0.03348	0.02232	0.03348	0.01897	0.02232	0.01339	0.01005	0.01005	0.00335	0.01563	0.00781	0.00446	0.01563
104	0.01997	0.01879	0.03171	0.60301	0.07282	0.02349	0.02936	0.02701	0.02114	0.02701	0.01879	0.02819	0.01409	0.01057	0.01057	0.00352	0.01409	0.00940	0.00470	0.01175
105	0.01441	0.01079	0.01337	0.01272	0.01546	0.00974	0.00954	0.01888	0.02862	0.03929	0.45596	0.08409	0.20263	0.02277	0.01248	0.00338	0.00507	0.01984	0.01123	0.00974
106	0.02791	0.01372	0.01852	0.01648	0.02106	0.01239	0.01319	0.03229	0.02853	0.24754	0.24388	0.10809	0.06288	0.02021	0.01213	0.00360	0.00735	0.08543	0.01180	0.01300
107	0.01288	0.00920	0.01227	0.01472	0.01534	0.00859	0.00981	0.01472	0.02024	0.02699	0.05828	0.62152	0.06993	0.03312	0.01350	0.00429	0.00613	0.03006	0.00981	0.00859
108	0.03950	0.05039	0.02996	0.02724	0.03269	0.58597	0.02043	0.04222	0.02996	0.02588	0.01634	0.01907	0.01362	0.01090	0.00953	0.00272	0.01907	0.00681	0.00545	0.01226
109	0.01538	0.01025	0.01153	0.01153	0.01153	0.01025	0.00641	0.01538	0.01538	0.02050	0.03331	0.06919	0.03844	0.62842	0.05382	0.01025	0.01025	0.01538	0.00641	0.00641
110	0.01612	0.01152	0.01599	0.01843	0.02046	0.01138	0.01545	0.02032	0.02344	0.03062	0.05649	0.22987	0.06285	0.03007	0.01436	0.00474	0.00894	0.38973	0.00975	0.00948
111	0.02496	0.02852	0.06239	0.04456	0.05526	0.02674	0.52406	0.03387	0.02496	0.03387	0.02139	0.02852	0.01604	0.00891	0.01248	0.00357	0.01783	0.01248	0.00535	0.01426
112	0.01997	0.01879	0.03171	0.60301	0.07282	0.02349	0.02936	0.02701	0.02114	0.02701	0.01879	0.02819	0.01409	0.01057	0.01057	0.00352	0.01409	0.00940	0.00470	0.01175
113	0.02016	0.01277	0.01781	0.01940	0.02243	0.01252	0.01688	0.02495	0.02495	0.08699	0.05451	0.11070	0.05728	0.02755	0.01420	0.00470	0.00966	0.44186	0.01008	0.01059
114	0.10837	0.02867	0.03007	0.02326	0.03152	0.03186	0.01921	0.47618	0.04645	0.06466	0.02429	0.02454	0.01731	0.01240	0.01016	0.00318	0.01128	0.00913	0.01016	0.01731
115	0.70310	0.02045	0.01554	0.01390	0.02045	0.02372	0.01145	0.03108	0.01799	0.04744	0.01472	0.01718	0.01145	0.00981	0.00654	0.00327	0.00818	0.00573	0.00654	0.01145
116	0.01250	0.01071	0.01071	0.01071	0.01428	0.00893	0.00803	0.01517	0.02410	0.02856	0.10711	0.10175	0.55817	0.02678	0.01250	0.00357	0.00536	0.02231	0.00982	0.00893
117	0.04744	0.01799	0.02454	0.01881	0.02699	0.01554	0.01554	0.05153	0.03026	0.56979	0.04171	0.03599	0.02617	0.01309	0.01063	0.00327	0.00900	0.01063	0.01309	0.01799
118	0.02773	0.02342	0.02471	0.02181	0.02804	0.02697	0.01708	0.10463	0.49259	0.04653	0.04122	0.03800	0.03081	0.01417	0.01074	0.00354	0.00870	0.01170	0.01074	0.01686
119	0.03055	0.01410	0.01923	0.01770	0.02237	0.01271	0.01410	0.03411	0.02597	0.29186	0.04974	0.23210	0.04676	0.02257	0.01233	0.00392	0.00828	0.11681	0.01139	0.01340
120	0.03013	0.02186	0.02402	0.02103	0.02740	0.02435	0.01652	0.05534	0.45030	0.13955	0.04279	0.03882	0.03117	0.01412	0.01074	0.00353	0.00848	0.01171	0.01118	0.01696
121	0.02897	0.02127	0.03290	0.26051	0.17184	0.02363	0.02596	0.06890	0.02536	0.14651	0.02395	0.02872	0.01754	0.01168	0.01268	0.00345	0.06479	0.00966	0.00701	0.01468
122	0.03563	0.02419	0.08791	0.07057	0.12091	0.02086	0.05913	0.04131	0.02619	0.30370	0.03033	0.03078	0.02068	0.01218	0.01279	0.00342	0.06401	0.01007	0.00904	0.01628
123	0.01677	0.01206	0.01703	0.01913	0.02149	0.01231	0.01652	0.02149	0.02334	0.03068	0.05221	0.10868	0.05616	0.03603	0.09248	0.00652	0.01227	0.42594	0.00918	0.00970
124	0.02641	0.01451	0.01864	0.01584	0.02048	0.01357	0.01245	0.07384	0.03178	0.19409	0.36372	0.06204	0.07165	0.01841	0.01178	0.00330	0.00671	0.01586	0.01196	0.01296
125	0.03246	0.24920	0.14515	0.02382	0.03400	0.03031	0.06636	0.11144	0.02807	0.14811	0.02340	0.02428	0.01707	0.01063	0.00929	0.00293	0.01227	0.00830	0.00730	0.01562

[dist]
# distance from previous block
# <min> <max>
1	5

[block]
# block no. 1 follows, 13 sequences, length 68
# corresponding to MSA columns:
# 179-246
name=unknown_B
#
# <colnr> <probs for GDERKNQSTAVLIFYWHMCP>
#	G	D	E	R	K	N	Q	S	T	A	V	L	I	F	Y	W	H	M	C	P
0	0.46051	0.01954	0.01887	0.01572	0.02287	0.02069	0.01296	0.03865	0.02253	0.24071	0.02471	0.02414	0.01690	0.01103	0.00806	0.00327	0.00848	0.00754	0.00896	0.01387
1	0.02996	0.02034	0.02805	0.02628	0.07809	0.02151	0.05585	0.04260	0.19469	0.18360	0.03808	0.11131	0.03109	0.01599	0.01348	0.00365	0.06682	0.01351	0.00976	0.01533
2	0.07518	0.02234	0.07750	0.06094	0.03066	0.01678	0.01687	0.03209	0.02311	0.13008	0.02260	0.02459	0.01689	0.00933	0.00866	0.00231	0.00930	0.00739	0.00720	0.40618
3	0.03948	0.01977	0.02430	0.01983	0.02718	0.01959	0.01599	0.05328	0.22343	0.37193	0.04221	0.03729	0.02847	0.01356	0.01068	0.00339	0.00876	0.01113	0.01221	0.01752
4	0.02139	0.01827	0.02663	0.17956	0.14580	0.01990	0.02086	0.06815	0.06363	0.03511	0.11832	0.04559	0.06865	0.06454	0.05431	0.00483	0.01177	0.01264	0.00742	0.01263
5	0.01471	0.01115	0.01378	0.01413	0.01697	0.01023	0.01127	0.01888	0.02642	0.03477	0.26709	0.09777	0.24340	0.02545	0.01307	0.00383	0.00642	0.15058	0.01050	0.00956
6	0.01288	0.00920	0.01227	0.01472	0.01534	0.00859	0.00981	0.01472	0.02024	0.02699	0.05828	0.62152	0.06993	0.03312	0.01350	0.00429	0.00613	0.03006	0.00981	0.00859
7	0.02301	0.20304	0.44110	0.02706	0.04100	0.02897	0.03370	0.03302	0.02211	0.03128	0.01788	0.02095	0.01344	0.00979	0.00921	0.00307	0.01452	0.00726	0.00448	0.01510
8	0.02630	0.02271	0.02391	0.02152	0.02749	0.02630	0.01674	0.05618	0.54336	0.04423	0.04303	0.03945	0.03228	0.01434	0.01076	0.00359	0.00837	0.01195	0.01076	0.01674
9	0.01997	0.01879	0.03171	0.60301	0.07282	0.02349	0.02936	0.02701	0.02114	0.02701	0.01879	0.02819	0.01409	0.01057	0.01057	0.00352	0.01409	0.00940	0.00470	0.01175
10	0.02617	0.02512	0.04292	0.06490	0.56246	0.02512	0.03245	0.03245	0.02407	0.03454	0.01989	0.02617	0.01675	0.00942	0.01047	0.00314	0.01256	0.00942	0.00523	0.01675
11	0.02630	0.02271	0.02391	0.02152	0.02749	0.02630	0.01674	0.05618	0.54336	0.04423	0.04303	0.03945	0.03228	0.01434	0.01076	0.00359	0.00837	0.01195	0.01076	0.01674
12	0.02156	0.01227	0.01625	0.01442	0.01807	0.01111	0.01111	0.02637	0.03000	0.14954	0.45222	0.07024	0.08481	0.01988	0.01210	0.00331	0.00580	0.01740	0.01193	0.01161
13	0.02192	0.01879	0.02192	0.01566	0.02506	0.01409	0.01253	0.02662	0.02192	0.03445	0.01879	0.02192	0.01566	0.00783	0.00783	0.00157	0.00783	0.00626	0.00626	0.69305
14	0.70310	0.02045	0.01554	0.01390	0.02045	0.02372	0.01145	0.03108	0.01799	0.04744	0.01472	0.01718	0.01145	0.00981	0.00654	0.00327	0.00818	0.00573	0.00654	0.01145
15	0.01288	0.00920	0.01227	0.01472	0.01534	0.00859	0.00981	0.01472	0.02024	0.02699	0.05828	0.62152	0.06993	0.03312	0.01350	0.00429	0.00613	0.03006	0.00981	0.00859
16	0.01997	0.01879	0.03171	0.60301	0.07282	0.02349	0.02936	0.02701	0.02114	0.02701	0.01879	0.02819	0.01409	0.01057	0.01057	0.00352	0.01409	0.00940	0.00470	0.01175
17	0.01335	0.00956	0.01269	0.01440	0.01544	0.00890	0.00985	0.01590	0.02243	0.03047	0.17088	0.49899	0.07667	0.03053	0.01326	0.00408	0.00588	0.02759	0.01023	0.00890
18	0.01521	0.01188	0.01435	0.01457	0.01744	0.01076	0.01041	0.01976	0.05789	0.03067	0.09699	0.37050	0.14023	0.02630	0.01225	0.00366	0.00632	0.02331	0.00951	0.10799
19	0.02827	0.63478	0.05540	0.01809	0.02714	0.04184	0.01809	0.03166	0.02148	0.02488	0.01470	0.01696	0.01357	0.00905	0.00678	0.00226	0.01131	0.00565	0.00452	0.01357
20	0.02617	0.02512	0.04292	0.06490	0.56246	0.02512	0.03245	0.03245	0.02407	0.03454	0.01989	0.02617	0.01675	0.00942	0.01047	0.00314	0.01256	0.00942	0.00523	0.01675
21	0.01837	0.00918	0.01377	0.01377	0.01377	0.00918	0.00918	0.01377	0.01377	0.01837	0.01837	0.03214	0.01837	0.03673	0.04132	0.69238	0.00918	0.00918	0.00459	0.00459
22	0.04744	0.01799	0.02454	0.01881	0.02699	0.01554	0.01554	0.05153	0.03026	0.56979	0.04171	0.03599	0.02617	0.01309	0.01063	0.00327	0.00900	0.01063	0.01309	0.01799
23	0.01496	0.01081	0.01413	0.01330	0.01580	0.00998	0.00998	0.01995	0.02993	0.04240	0.55689	0.07898	0.09976	0.02162	0.01247	0.00333	0.00499	0.01912	0.01164	0.00998
24	0.01857	0.01176	0.01509	0.01592	0.01793	0.01127	0.01123	0.06063	0.02367	0.08422	0.05392	0.51417	0.06130	0.02945	0.01297	0.00410	0.00687	0.02643	0.01020	0.01030
25	0.01600	0.01133	0.01220	0.01180	0.01562	0.00956	0.00891	0.01876	0.02444	0.08225	0.09710	0.13255	0.47022	0.02587	0.01238	0.00359	0.00577	0.02171	0.01014	0.00980
26	0.70310	0.02045	0.01554	0.01390	0.02045	0.02372	0.01145	0.03108	0.01799	0.04744	0.01472	0.01718	0.01145	0.00981	0.00654	0.00327	0.00818	0.00573	0.00654	0.01145
27	0.64846	0.02120	0.01687	0.01476	0.02146	0.02447	0.01216	0.07198	0.02061	0.04902	0.01560	0.01785	0.01199	0.01005	0.00688	0.00326	0.00846	0.00604	0.00688	0.01199
28	0.58947	0.02002	0.01710	0.01475	0.02158	0.02230	0.01216	0.03462	0.02012	0.13797	0.01940	0.02044	0.01400	0.01038	0.00725	0.00327	0.00832	0.00658	0.00768	0.01258
29	0.02517	0.02450	0.08563	0.03683	0.17958	0.02150	0.11010	0.06634	0.05898	0.07553	0.08070	0.08533	0.03363	0.01477	0.01157	0.00352	0.01174	0.05226	0.00779	0.01454
30	0.03950	0.05039	0.02996	0.02724	0.03269	0.58597	0.02043	0.04222	0.02996	0.02588	0.01634	0.01907	0.01362	0.01090	0.00953	0.00272	0.01907	0.00681	0.00545	0.01226
31	0.02313	0.02313	0.03238	0.02776	0.02776	0.03238	0.02313	0.02545	0.01619	0.02545	0.01388	0.02313	0.01388	0.01851	0.03470	0.00463	0.60907	0.00925	0.00463	0.01157
32	0.01997	0.01879	0.03171	0.60301	0.07282	0.02349	0.02936	0.02701	0.02114	0.02701	0.01879	0.02819	0.01409	0.01057	0.01057	0.00352	0.01409	0.00940	0.00470	0.01175
33	0.01529	0.01161	0.01461	0.01611	0.01898	0.01092	0.01358	0.01932	0.02425	0.03046	0.07561	0.11254	0.25181	0.02827	0.01379	0.00437	0.00805	0.31122	0.00977	0.00942
34	0.70310	0.02045	0.01554	0.01390	0.02045	0.02372	0.01145	0.03108	0.01799	0.04744	0.01472	0.01718	0.01145	0.00981	0.00654	0.00327	0.00818	0.00573	0.00654	0.01145
35	0.01288	0.00920	0.01227	0.01472	0.01534	0.00859	0.00981	0.01472	0.02024	0.02699	0.05828	0.62152	0.06993	0.03312	0.01350	0.00429	0.00613	0.03006	0.00981	0.00859
36	0.01522	0.01085	0.01457	0.01457	0.01562	0.01190	0.01019	0.01732	0.01627	0.02275	0.03054	0.05381	0.03176	0.32305	0.35005	0.01400	0.02030	0.01312	0.00599	0.00809
37	0.02827	0.63478	0.05540	0.01809	0.02714	0.04184	0.01809	0.03166	0.02148	0.02488	0.01470	0.01696	0.01357	0.00905	0.00678	0.00226	0.01131	0.00565	0.00452	0.01357
38	0.01704	0.01217	0.01704	0.01947	0.02191	0.01217	0.01704	0.02191	0.02434	0.03164	0.05598	0.11926	0.06085	0.02921	0.01460	0.00487	0.00974	0.49130	0.00974	0.00974
39	0.01498	0.01101	0.01426	0.01479	0.01723	0.01030	0.01165	0.01929	0.02657	0.03588	0.30293	0.14742	0.15204	0.02562	0.01317	0.00389	0.00648	0.15221	0.01067	0.00962
40	0.01704	0.01217	0.01704	0.01947	0.02191	0.01217	0.01704	0.02191	0.02434	0.03164	0.05598	0.11926	0.06085	0.02921	0.01460	0.00487	0.00974	0.49130	0.00974	0.00974
41	0.01250	0.01071	0.01071	0.01071	0.01428	0.00893	0.00803	0.01517	0.02410	0.02856	0.10711	0.10175	0.55817	0.02678	0.01250	0.00357	0.00536	0.02231	0.00982	0.00893
42	0.02617	0.02512	0.04292	0.06490	0.56246	0.02512	0.03245	0.03245	0.02407	0.03454	0.01989	0.02617	0.01675	0.00942	0.01047	0.00314	0.01256	0.00942	0.00523	0.01675
43	0.02934	0.57887	0.05297	0.01897	0.02767	0.09389	0.01831	0.03267	0.02229	0.02497	0.01486	0.01716	0.01357	0.00922	0.00705	0.00231	0.01205	0.00576	0.00461	0.01344
44	0.03950	0.05039	0.02996	0.02724	0.03269	0.58597	0.02043	0.04222	0.02996	0.02588	0.01634	0.01907	0.01362	0.01090	0.00953	0.00272	0.01907	0.00681	0.00545	0.01226
45	0.02313	0.02313	0.03238	0.02776	0.02776	0.03238	0.02313	0.02545	0.01619	0.02545	0.01388	0.02313	0.01388	0.01851	0.03470	0.00463	0.60907	0.00925	0.00463	0.01157
46	0.01316	0.01074	0.01163	0.01141	0.01469	0.00921	0.00856	0.01646	0.02567	0.03228	0.22797	0.09563	0.43500	0.02539	0.01249	0.00350	0.00526	0.02146	0.01031	0.00921
47	0.04324	0.08078	0.02825	0.01947	0.02760	0.02062	0.01632	0.09541	0.06995	0.42784	0.03756	0.03334	0.02460	0.01274	0.01025	0.00319	0.00943	0.01013	0.01182	0.01746
48	0.04744	0.01799	0.02454	0.01881	0.02699	0.01554	0.01554	0.05153	0.03026	0.56979	0.04171	0.03599	0.02617	0.01309	0.01063	0.00327	0.00900	0.01063	0.01309	0.01799
49	0.11157	0.01991	0.02468	0.01912	0.02718	0.01884	0.01579	0.11807	0.03185	0.44532	0.03668	0.03259	0.02353	0.01270	0.01022	0.00326	0.00930	0.00998	0.01207	0.01734
50	0.63898	0.02029	0.01706	0.06920	0.02536	0.02370	0.01313	0.03070	0.01829	0.04552	0.01510	0.01821	0.01170	0.00989	0.00692	0.00330	0.00873	0.00607	0.00637	0.01148
51	0.63969	0.02132	0.01709	0.01490	0.02163	0.02459	0.01228	0.07854	0.02103	0.04927	0.01574	0.01796	0.01208	0.01009	0.00693	0.00326	0.00851	0.00609	0.00693	0.01208
52	0.01273	0.01072	0.01104	0.01096	0.01443	0.00903	0.00822	0.01563	0.02466	0.02989	0.15014	0.09958	0.51432	0.02628	0.01249	0.00355	0.00532	0.02201	0.00999	0.00903
53	0.02941	0.06854	0.07730	0.19070	0.13187	0.07637	0.02452	0.03525	0.02456	0.14104	0.02319	0.02669	0.01704	0.01050	0.00989	0.00303	0.01257	0.00871	0.00671	0.08210
54	0.03706	0.02675	0.07379	0.07167	0.10854	0.07404	0.07197	0.07865	0.02906	0.27547	0.02975	0.02994	0.02026	0.01153	0.01064	0.00325	0.01237	0.00991	0.00909	0.01629
55	0.04744	0.01799	0.02454	0.01881	0.02699	0.01554	0.01554	0.05153	0.03026	0.56979	0.04171	0.03599	0.02617	0.01309	0.01063	0.00327	0.00900	0.01063	0.01309	0.01799
56	0.01477	0.01066	0.01396	0.01344	0.01575	0.00985	0.00996	0.01946	0.02902	0.04095	0.51008	0.12990	0.09696	0.02270	0.01257	0.00342	0.00510	0.02015	0.01147	0.00985
57	0.03137	0.02848	0.14550	0.08040	0.11834	0.02255	0.09152	0.03817	0.02493	0.21336	0.02660	0.02888	0.01866	0.01168	0.01303	0.00346	0.06987	0.00989	0.00764	0.01570
58	0.08938	0.02426	0.02794	0.23878	0.04497	0.10305	0.02151	0.08398	0.02762	0.19795	0.02572	0.02808	0.01786	0.01152	0.01011	0.00328	0.01254	0.00911	0.00807	0.01429
59	0.03951	0.01881	0.02317	0.01861	0.02568	0.01823	0.01509	0.09342	0.11802	0.36345	0.03945	0.03603	0.02656	0.01316	0.01022	0.00321	0.00860	0.01065	0.10141	0.01671
60	0.02180	0.04096	0.34380	0.03137	0.04345	0.02372	0.15231	0.03391	0.07167	0.03396	0.02558	0.08276	0.02122	0.01238	0.01103	0.00351	0.01457	0.01147	0.00578	0.01472
61	0.02813	0.07944	0.20304	0.08920	0.11061	0.06388	0.06542	0.03798	0.07317	0.11137	0.02435	0.02687	0.01778	0.01076	0.01021	0.00324	0.01350	0.00911	0.00658	0.01535
62	0.01582	0.01522	0.07019	0.01616	0.01867	0.01318	0.01312	0.01896	0.01689	0.02385	0.02935	0.05046	0.02984	0.28745	0.32060	0.01300	0.01998	0.01256	0.00584	0.00887
63	0.01471	0.01138	0.01369	0.01500	0.01723	0.01094	0.01111	0.01994	0.07200	0.02980	0.07006	0.34251	0.20093	0.02895	0.01313	0.00411	0.00669	0.09828	0.00989	0.00964
64	0.09020	0.02041	0.06188	0.24529	0.08001	0.02031	0.02200	0.06314	0.02400	0.07347	0.03450	0.11723	0.07407	0.01541	0.01072	0.00353	0.01101	0.01314	0.00715	0.01253
65	0.02750	0.12228	0.28511	0.02787	0.07627	0.02637	0.02839	0.10447	0.02686	0.08142	0.02122	0.02339	0.01560	0.01027	0.00953	0.00297	0.01291	0.00796	0.00629	0.08330
66	0.09054	0.02586	0.03615	0.23124	0.08857	0.09820	0.12856	0.03511	0.06260	0.06947	0.02210	0.02725	0.01658	0.01056	0.01047	0.00336	0.01409	0.00963	0.00618	0.01349
67	0.46701	0.06696	0.02345	0.06419	0.06690	0.09925	0.01601	0.03239	0.02050	0.04054	0.01563	0.01891	0.01248	0.00993	0.00755	0.00314	0.01060	0.00642	0.00602	0.01212

[dist]
# distance from previous block
# <min> <max>
2	5

[block]
# block no. 2 follows, 13 sequences, length 22
# corresponding to MSA columns:
# 253-274
name=unknown_C
#
# <colnr> <probs for GDERKNQSTAVLIFYWHMCP>
#	G	D	E	R	K	N	Q	S	T	A	V	L	I	F	Y	W	H	M	C	P
0	0.01800	0.01249	0.01775	0.10255	0.02631	0.01259	0.01482	0.02260	0.02553	0.07062	0.23230	0.18084	0.06747	0.02333	0.01275	0.00389	0.00792	0.12786	0.00993	0.01046
1	0.02447	0.02134	0.03129	0.03291	0.17309	0.02018	0.07182	0.06692	0.06524	0.03767	0.02601	0.03473	0.02206	0.01134	0.00997	0.00281	0.01039	0.04837	0.06178	0.22762
2	0.01303	0.01051	0.01159	0.01179	0.01473	0.00908	0.00867	0.01602	0.02465	0.03099	0.18620	0.17329	0.39900	0.02671	0.01264	0.00363	0.00540	0.02283	0.01017	0.00908
3	0.02121	0.05469	0.57364	0.03014	0.04576	0.02455	0.03906	0.03348	0.02232	0.03348	0.01897	0.02232	0.01339	0.01005	0.01005	0.00335	0.01563	0.00781	0.00446	0.01563
4	0.01458	0.01051	0.01379	0.01357	0.01571	0.00972	0.00995	0.01898	0.02813	0.03954	0.46440	0.17962	0.09423	0.02375	0.01266	0.00351	0.00520	0.02115	0.01130	0.00972
5	0.02121	0.05469	0.57364	0.03014	0.04576	0.02455	0.03906	0.03348	0.02232	0.03348	0.01897	0.02232	0.01339	0.01005	0.01005	0.00335	0.01563	0.00781	0.00446	0.01563
6	0.03086	0.02169	0.02404	0.02093	0.02739	0.02398	0.01648	0.05518	0.43272	0.15756	0.04275	0.03870	0.03096	0.01407	0.01073	0.00352	0.00850	0.01167	0.01126	0.01701
7	0.02306	0.02045	0.03172	0.51441	0.06669	0.02491	0.02794	0.10359	0.02552	0.03308	0.01980	0.02776	0.01469	0.01090	0.01057	0.00347	0.01372	0.00942	0.00560	0.01270
8	0.02630	0.02271	0.02391	0.02152	0.02749	0.02630	0.01674	0.05618	0.54336	0.04423	0.04303	0.03945	0.03228	0.01434	0.01076	0.00359	0.00837	0.01195	0.01076	0.01674
9	0.01406	0.01005	0.01362	0.01607	0.01720	0.00961	0.01187	0.01676	0.02141	0.02831	0.05762	0.47873	0.06735	0.03201	0.01381	0.00446	0.00716	0.16119	0.00979	0.00891
10	0.02504	0.16593	0.38466	0.02796	0.04127	0.02747	0.07164	0.03461	0.02301	0.07507	0.02015	0.02285	0.01467	0.01000	0.00963	0.00314	0.01440	0.00798	0.00524	0.01530
11	0.02121	0.05469	0.57364	0.03014	0.04576	0.02455	0.03906	0.03348	0.02232	0.03348	0.01897	0.02232	0.01339	0.01005	0.01005	0.00335	0.01563	0.00781	0.00446	0.01563
12	0.01478	0.01067	0.01397	0.01343	0.01576	0.00985	0.00996	0.01949	0.02908	0.04104	0.51305	0.12668	0.09714	0.02263	0.01256	0.00341	0.00509	0.02008	0.01148	0.00985
13	0.02453	0.30543	0.04359	0.24598	0.08419	0.03283	0.02386	0.02945	0.02112	0.02645	0.01658	0.02243	0.01403	0.01041	0.01073	0.00300	0.06014	0.00765	0.00465	0.01295
14	0.02186	0.03985	0.32777	0.03055	0.04222	0.02362	0.14012	0.03471	0.09348	0.03436	0.02685	0.08819	0.02241	0.01277	0.01104	0.00353	0.01414	0.01171	0.00607	0.01474
15	0.01781	0.01153	0.01449	0.01332	0.01664	0.01033	0.01014	0.02222	0.02873	0.09419	0.40816	0.07934	0.18923	0.02182	0.01229	0.00337	0.00548	0.01892	0.01140	0.01059
16	0.01682	0.01057	0.01333	0.01382	0.01605	0.00964	0.00990	0.01991	0.02392	0.07835	0.17113	0.33365	0.13556	0.02631	0.01239	0.00375	0.00592	0.02328	0.06585	0.00985
17	0.08986	0.07340	0.21034	0.02300	0.03364	0.02366	0.02394	0.11671	0.02906	0.23318	0.02757	0.02696	0.01858	0.01147	0.00984	0.00321	0.01171	0.00878	0.00871	0.01637
18	0.01308	0.00994	0.01206	0.01320	0.01507	0.00892	0.00926	0.01569	0.02301	0.02992	0.15229	0.36804	0.23280	0.02926	0.01301	0.00391	0.00570	0.02583	0.01010	0.00892
19	0.01330	0.00942	0.01217	0.01406	0.01505	0.00869	0.00950	0.01471	0.02025	0.02648	0.06193	0.49533	0.13635	0.03251	0.01575	0.06345	0.00628	0.02714	0.00937	0.00829
20	0.09609	0.33682	0.13279	0.07020	0.07399	0.03332	0.06353	0.03177	0.02170	0.03020	0.01662	0.02031	0.01379	0.00942	0.00830	0.00281	0.01251	0.00712	0.00485	0.01383
21	0.09476	0.24080	0.08321	0.02010	0.02913	0.02942	0.01893	0.12719	0.02892	0.19469	0.02491	0.02454	0.01786	0.01104	0.00886	0.00290	0.01079	0.00800	0.00830	0.01565

[dist]
# distance from previous block
# <min> <max>
1	32

[block]
# block no. 3 follows, 13 sequences, length 17
# corresponding to MSA columns:
# 310-326
name=unknown_D
#
# <colnr> <probs for GDERKNQSTAVLIFYWHMCP>
#	G	D	E	R	K	N	Q	S	T	A	V	L	I	F	Y	W	H	M	C	P
0	0.15001	0.02295	0.06240	0.06221	0.03053	0.02209	0.01767	0.04418	0.21682	0.15275	0.03193	0.03105	0.02303	0.01207	0.00964	0.00325	0.00936	0.00955	0.00918	0.07932
1	0.14405	0.02449	0.02715	0.02371	0.07638	0.02507	0.01754	0.25213	0.03391	0.05104	0.02117	0.02307	0.01610	0.01048	0.00908	0.00271	0.01002	0.00792	0.00815	0.21583
2	0.02728	0.01974	0.02646	0.11523	0.03328	0.02332	0.02014	0.11026	0.02623	0.10673	0.02915	0.04350	0.02525	0.01676	0.01781	0.00387	0.18053	0.08957	0.07186	0.01303
3	0.01396	0.01054	0.01290	0.01279	0.01530	0.00947	0.00941	0.01783	0.02684	0.03621	0.35610	0.16733	0.22309	0.02479	0.01263	0.00354	0.00526	0.02166	0.01086	0.00947
4	0.02873	0.08192	0.03203	0.06887	0.03420	0.02891	0.05738	0.14642	0.31264	0.04486	0.03320	0.03273	0.02492	0.01280	0.01046	0.00337	0.01048	0.01070	0.00925	0.01611
5	0.01997	0.01879	0.03171	0.60301	0.07282	0.02349	0.02936	0.02701	0.02114	0.02701	0.01879	0.02819	0.01409	0.01057	0.01057	0.00352	0.01409	0.00940	0.00470	0.01175
6	0.01380	0.01051	0.01269	0.01267	0.01522	0.00940	0.00930	0.01751	0.02641	0.03528	0.32590	0.17499	0.24750	0.02521	0.01265	0.00356	0.00530	0.02197	0.01074	0.00940
7	0.01704	0.01217	0.01704	0.01947	0.02191	0.01217	0.01704	0.02191	0.02434	0.03164	0.05598	0.11926	0.06085	0.02921	0.01460	0.00487	0.00974	0.49130	0.00974	0.00974
8	0.01288	0.00920	0.01227	0.01472	0.01534	0.00859	0.00981	0.01472	0.02024	0.02699	0.05828	0.62152	0.06993	0.03312	0.01350	0.00429	0.00613	0.03006	0.00981	0.00859
9	0.02827	0.63478	0.05540	0.01809	0.02714	0.04184	0.01809	0.03166	0.02148	0.02488	0.01470	0.01696	0.01357	0.00905	0.00678	0.00226	0.01131	0.00565	0.00452	0.01357
10	0.03950	0.05039	0.02996	0.02724	0.03269	0.58597	0.02043	0.04222	0.02996	0.02588	0.01634	0.01907	0.01362	0.01090	0.00953	0.00272	0.01907	0.00681	0.00545	0.01226
11	0.01704	0.01217	0.01704	0.01947	0.02191	0.01217	0.01704	0.02191	0.02434	0.03164	0.05598	0.11926	0.06085	0.02921	0.01460	0.00487	0.00974	0.49130	0.00974	0.00974
12	0.03620	0.02422	0.02696	0.02196	0.02935	0.02630	0.01772	0.23026	0.24497	0.17021	0.03618	0.03344	0.02559	0.01345	0.01066	0.00336	0.00972	0.01075	0.01121	0.01748
13	0.01954	0.01730	0.02795	0.25000	0.17435	0.01886	0.02345	0.02520	0.02343	0.03175	0.11484	0.12139	0.03968	0.01649	0.01155	0.00360	0.01084	0.05062	0.00703	0.01214
14	0.02113	0.06952	0.14972	0.21583	0.12964	0.02323	0.07286	0.02827	0.02208	0.03003	0.02505	0.11758	0.02313	0.01351	0.01081	0.00346	0.01309	0.01228	0.00557	0.01321
15	0.02921	0.52667	0.05213	0.02260	0.07255	0.03958	0.01948	0.07840	0.02436	0.02962	0.01614	0.01853	0.01425	0.00942	0.00745	0.00242	0.01144	0.00633	0.00515	0.01425
16	0.02528	0.01569	0.02008	0.01796	0.02361	0.01419	0.01492	0.03177	0.06329	0.15049	0.09001	0.06780	0.04386	0.01869	0.01160	0.00347	0.00856	0.18916	0.00986	0.17969

[dist]
# distance from previous block
# <min> <max>
0	11

[block]
# block no. 4 follows, 13 sequences, length 9
# corresponding to MSA columns:
# 338-346
name=unknown_E
#
# <colnr> <probs for GDERKNQSTAVLIFYWHMCP>
#	G	D	E	R	K	N	Q	S	T	A	V	L	I	F	Y	W	H	M	C	P
0	0.02707	0.02201	0.03269	0.26176	0.04949	0.02521	0.07651	0.09041	0.13072	0.09226	0.02674	0.03065	0.01964	0.01221	0.01251	0.00355	0.05435	0.01037	0.00750	0.01434
1	0.03108	0.13115	0.20798	0.02589	0.03668	0.02656	0.07920	0.09168	0.07103	0.15698	0.02636	0.02697	0.01866	0.01109	0.01004	0.00318	0.01265	0.00914	0.00768	0.01602
2	0.04744	0.01799	0.02454	0.01881	0.02699	0.01554	0.01554	0.05153	0.03026	0.56979	0.04171	0.03599	0.02617	0.01309	0.01063	0.00327	0.00900	0.01063	0.01309	0.01799
3	0.02097	0.01249	0.01692	0.01657	0.01995	0.01172	0.01360	0.02576	0.02782	0.12269	0.28054	0.08769	0.07292	0.02319	0.01300	0.00391	0.00747	0.20050	0.01113	0.01117
