[name]
unknown

[dist]
# distance from previous block
# <min> <max>
0	548

[block]
# block no. 0 follows, 14 sequences, length 26
# corresponding to MSA columns:
# 548-573
name=unknown_A
#
# <colnr> <probs for GDERKNQSTAVLIFYWHMCP>
#	G	D	E	R	K	N	Q	S	T	A	V	L	I	F	Y	W	H	M	C	P
0	0.02687	0.01744	0.01977	0.01801	0.02251	0.06541	0.01445	0.03403	0.08990	0.18295	0.15933	0.05915	0.04756	0.02435	0.07420	0.00489	0.01078	0.10566	0.01008	0.01267
1	0.02867	0.57966	0.05132	0.01821	0.02692	0.03967	0.01777	0.08523	0.02378	0.02847	0.01537	0.01733	0.01363	0.00916	0.00698	0.00229	0.01101	0.00589	0.00502	0.01363
2	0.02744	0.01331	0.01744	0.01555	0.02018	0.01179	0.01226	0.03103	0.02623	0.26670	0.13847	0.15964	0.13312	0.02077	0.01169	0.00353	0.00715	0.05995	0.01116	0.01260
3	0.16150	0.01623	0.01765	0.01603	0.02020	0.01708	0.01219	0.08373	0.07564	0.11944	0.03534	0.13374	0.03378	0.15465	0.01949	0.00495	0.00869	0.04922	0.00881	0.01164
4	0.10835	0.01869	0.02551	0.02418	0.10397	0.01719	0.01704	0.04542	0.02735	0.45150	0.03489	0.03178	0.02270	0.01188	0.00991	0.00316	0.00915	0.00969	0.01099	0.01667
5	0.01783	0.00891	0.01337	0.01337	0.01337	0.00891	0.00891	0.01337	0.01337	0.01783	0.01783	0.03119	0.01783	0.03565	0.04011	0.70143	0.00891	0.00891	0.00446	0.00446
6	0.02699	0.01526	0.01847	0.01613	0.02051	0.01487	0.01223	0.09538	0.06345	0.19332	0.09761	0.15425	0.08901	0.11364	0.01753	0.00442	0.00802	0.01611	0.01027	0.01251
7	0.23600	0.01527	0.01554	0.01510	0.01854	0.01644	0.01116	0.09454	0.02263	0.03737	0.03661	0.30289	0.04018	0.07549	0.01401	0.00421	0.00769	0.01766	0.00834	0.01032
8	0.03833	0.04891	0.02908	0.02644	0.03173	0.59815	0.01983	0.04098	0.02908	0.02512	0.01586	0.01851	0.01322	0.01058	0.00925	0.00264	0.01851	0.00661	0.00529	0.01190
9	0.01411	0.01039	0.01270	0.01217	0.01445	0.00952	0.00882	0.01782	0.02592	0.03548	0.40162	0.07964	0.18153	0.11025	0.01784	0.00423	0.00564	0.01865	0.01022	0.00899
10	0.03161	0.02203	0.02443	0.01973	0.02579	0.02372	0.01567	0.30426	0.09389	0.09869	0.10669	0.03986	0.03350	0.09398	0.01592	0.00403	0.00964	0.01164	0.01013	0.01478
11	0.03066	0.02460	0.02610	0.02192	0.02864	0.02793	0.01749	0.23998	0.36298	0.05122	0.03524	0.03309	0.02604	0.01331	0.01037	0.00333	0.00933	0.01070	0.01037	0.01670
12	0.03689	0.02670	0.02853	0.02211	0.02970	0.02945	0.01819	0.48588	0.04540	0.06185	0.02558	0.02609	0.01840	0.01228	0.00994	0.00301	0.01060	0.00927	0.08353	0.01661
13	0.01452	0.01049	0.01372	0.01291	0.01533	0.00968	0.00968	0.01937	0.02905	0.04115	0.56992	0.07666	0.09683	0.02098	0.01210	0.00323	0.00484	0.01856	0.01130	0.00968
14	0.02813	0.01312	0.01753	0.01606	0.02001	0.01186	0.01219	0.03091	0.02373	0.27388	0.04608	0.24823	0.04423	0.10115	0.01698	0.00452	0.00801	0.06063	0.01051	0.01223
15	0.01213	0.01040	0.01040	0.01040	0.01386	0.00866	0.00780	0.01473	0.02339	0.02772	0.10396	0.09876	0.57117	0.02599	0.01213	0.00347	0.00520	0.02166	0.00953	0.00866
16	0.01431	0.01048	0.01343	0.01269	0.01520	0.00959	0.00952	0.01896	0.02855	0.03998	0.52920	0.07859	0.13828	0.02142	0.01211	0.00325	0.00487	0.01883	0.01114	0.00959
17	0.01547	0.01058	0.01301	0.01381	0.01461	0.01058	0.00972	0.01707	0.01787	0.02357	0.03980	0.08364	0.04469	0.43208	0.03932	0.00818	0.00978	0.18160	0.00731	0.00731
18	0.01866	0.01256	0.01567	0.01404	0.01742	0.01192	0.01078	0.06691	0.03035	0.07936	0.45279	0.07080	0.11858	0.02001	0.01182	0.00323	0.00570	0.01740	0.01118	0.01083
19	0.03833	0.04891	0.02908	0.02644	0.03173	0.59815	0.01983	0.04098	0.02908	0.02512	0.01586	0.01851	0.01322	0.01058	0.00925	0.00264	0.01851	0.00661	0.00529	0.01190
20	0.02540	0.02438	0.04165	0.06299	0.57533	0.02438	0.03149	0.03149	0.02337	0.03353	0.01930	0.02540	0.01626	0.00914	0.01016	0.00305	0.01219	0.00914	0.00508	0.01626
21	0.02076	0.01690	0.03028	0.02430	0.02978	0.01562	0.18989	0.02603	0.02474	0.09124	0.14457	0.16041	0.09965	0.01904	0.01228	0.00362	0.01012	0.06048	0.00872	0.01156
22	0.01270	0.00908	0.01208	0.01415	0.01493	0.00847	0.00954	0.01479	0.02057	0.02766	0.10688	0.57816	0.07071	0.03106	0.01300	0.00408	0.00584	0.02813	0.00970	0.00847
23	0.01654	0.01181	0.01654	0.01890	0.02126	0.01181	0.01654	0.02126	0.02362	0.03071	0.05433	0.11576	0.05906	0.02835	0.01417	0.00472	0.00945	0.50626	0.00945	0.00945
24	0.17531	0.24333	0.03658	0.02486	0.09720	0.11820	0.01865	0.11456	0.02613	0.03666	0.01683	0.01928	0.01383	0.00983	0.00799	0.00272	0.01169	0.00675	0.00598	0.01363
25	0.07627	0.02251	0.02379	0.01866	0.02650	0.06044	0.01501	0.11946	0.09535	0.16626	0.02694	0.02661	0.01954	0.01067	0.00905	0.00259	0.00932	0.00827	0.00879	0.25399

[dist]
# distance from previous block
# <min> <max>
0	7

[block]
# block no. 1 follows, 14 sequences, length 15
# corresponding to MSA columns:
# 581-595
name=unknown_B
#
# <colnr> <probs for GDERKNQSTAVLIFYWHMCP>
#	G	D	E	R	K	N	Q	S	T	A	V	L	I	F	Y	W	H	M	C	P
0	0.01940	0.01236	0.01759	0.01680	0.01908	0.01363	0.01291	0.02250	0.01859	0.10357	0.03261	0.11970	0.03126	0.09688	0.35904	0.01165	0.06173	0.01347	0.00705	0.01017
1	0.48107	0.02010	0.02107	0.05683	0.10507	0.02214	0.01566	0.03279	0.02011	0.11505	0.01877	0.02103	0.01394	0.00994	0.00767	0.00317	0.00901	0.00693	0.00691	0.01274
2	0.01511	0.01034	0.01261	0.01294	0.01350	0.01057	0.00849	0.01624	0.01633	0.02190	0.03477	0.07049	0.03885	0.48273	0.11659	0.01006	0.01211	0.08272	0.00658	0.00704
3	0.02250	0.10698	0.03574	0.06495	0.14956	0.02399	0.08965	0.05253	0.02480	0.03425	0.16948	0.03824	0.03742	0.01362	0.01347	0.00324	0.08827	0.01160	0.00686	0.01284
4	0.01444	0.01038	0.01295	0.01295	0.01408	0.01078	0.00877	0.01609	0.01665	0.02237	0.04058	0.06209	0.10742	0.35595	0.23918	0.01135	0.01547	0.01448	0.00642	0.00760
5	0.04507	0.01903	0.02479	0.01900	0.02698	0.01741	0.01570	0.11828	0.03200	0.51046	0.03828	0.03350	0.02430	0.01265	0.01031	0.00316	0.00909	0.01017	0.01236	0.01746
6	0.02553	0.02204	0.02320	0.02088	0.02669	0.02553	0.01624	0.05453	0.55679	0.04293	0.04177	0.03829	0.03133	0.01392	0.01044	0.00348	0.00812	0.01160	0.01044	0.01624
7	0.02745	0.02300	0.02429	0.02127	0.02742	0.02642	0.01671	0.12390	0.48429	0.04603	0.03933	0.03634	0.02935	0.01369	0.01042	0.00342	0.00857	0.01127	0.01042	0.01642
8	0.01250	0.00893	0.01191	0.01429	0.01488	0.00834	0.00953	0.01429	0.01965	0.02620	0.05656	0.63265	0.06787	0.03215	0.01310	0.00417	0.00595	0.02917	0.00953	0.00834
9	0.02367	0.01562	0.01623	0.01458	0.01871	0.01699	0.01135	0.10581	0.16796	0.04327	0.03443	0.03632	0.02638	0.01253	0.00849	0.00278	0.00660	0.01006	0.41574	0.01247
10	0.25144	0.01981	0.02210	0.01754	0.02503	0.01993	0.01448	0.11387	0.02837	0.34234	0.03011	0.02780	0.01984	0.01166	0.00908	0.00316	0.00885	0.00869	0.01039	0.01549
11	0.01313	0.00951	0.01193	0.01361	0.01465	0.00889	0.00930	0.01497	0.01973	0.02577	0.05924	0.43246	0.13245	0.12491	0.01910	0.00501	0.00673	0.06148	0.00901	0.00814
12	0.02245	0.02245	0.03143	0.02694	0.02694	0.03143	0.02245	0.02470	0.01572	0.02470	0.01347	0.02245	0.01347	0.01796	0.03368	0.00449	0.62057	0.00898	0.00449	0.01123
13	0.01487	0.01018	0.01235	0.01235	0.01275	0.01058	0.00766	0.01567	0.01527	0.02075	0.03128	0.06130	0.03477	0.51671	0.17140	0.01138	0.01377	0.01407	0.00606	0.00686
14	0.01539	0.00985	0.01300	0.01458	0.01575	0.00924	0.01008	0.01736	0.02011	0.06435	0.05268	0.49152	0.06099	0.09575	0.01719	0.00476	0.00684	0.06236	0.00938	0.00882

[dist]
# distance from previous block
# <min> <max>
0	1

[block]
# block no. 2 follows, 14 sequences, length 8
# corresponding to MSA columns:
# 597-604
name=unknown_C
#
# <colnr> <probs for GDERKNQSTAVLIFYWHMCP>
#	G	D	E	R	K	N	Q	S	T	A	V	L	I	F	Y	W	H	M	C	P
0	0.02223	0.01256	0.01288	0.01176	0.01506	0.01304	0.00910	0.10470	0.02570	0.04239	0.03210	0.03613	0.02492	0.01201	0.00766	0.00250	0.00580	0.00951	0.58916	0.01080
1	0.20351	0.02129	0.02222	0.01878	0.02548	0.02335	0.01509	0.10571	0.24440	0.16543	0.03255	0.03050	0.02330	0.01236	0.00937	0.00329	0.00859	0.00952	0.00990	0.01537
2	0.07352	0.01668	0.01964	0.01665	0.02231	0.01632	0.01346	0.10401	0.06234	0.21654	0.13187	0.05659	0.13607	0.01738	0.01096	0.00336	0.00781	0.05015	0.01078	0.01357
3	0.08605	0.02240	0.02467	0.01946	0.02629	0.02377	0.01575	0.30736	0.03676	0.17160	0.02877	0.03112	0.02119	0.06627	0.01336	0.00364	0.00983	0.00973	0.06662	0.01537
4	0.01323	0.01044	0.01193	0.01155	0.01454	0.00913	0.00867	0.01686	0.02600	0.03391	0.31857	0.08858	0.35270	0.02368	0.01212	0.00336	0.00503	0.02023	0.01034	0.00913
5	0.06745	0.01935	0.02641	0.21985	0.15169	0.06843	0.02108	0.02482	0.01941	0.02633	0.01787	0.02668	0.01531	0.01798	0.01927	0.22248	0.01191	0.00861	0.00482	0.01026
6	0.07928	0.01436	0.01644	0.01509	0.01839	0.01447	0.01102	0.10251	0.02409	0.10242	0.04281	0.19776	0.08909	0.14976	0.02174	0.05675	0.00827	0.01655	0.00872	0.01045
7	0.01936	0.01253	0.01477	0.01477	0.01714	0.01284	0.01086	0.02620	0.10751	0.06808	0.04208	0.15164	0.04215	0.19645	0.02282	0.00544	0.00803	0.09801	0.11926	0.01004

[dist]
# distance from previous block
# <min> <max>
3	32

[block]
# block no. 3 follows, 14 sequences, length 33
# corresponding to MSA columns:
# 637-669
name=unknown_D
#
# <colnr> <probs for GDERKNQSTAVLIFYWHMCP>
#	G	D	E	R	K	N	Q	S	T	A	V	L	I	F	Y	W	H	M	C	P
0	0.25401	0.01917	0.02344	0.02128	0.06433	0.01951	0.06380	0.07433	0.02446	0.08249	0.07518	0.04026	0.08247	0.01352	0.00948	0.00317	0.00902	0.03995	0.00788	0.07226
1	0.07564	0.08008	0.07987	0.04004	0.25810	0.02558	0.07360	0.07760	0.06572	0.03693	0.02068	0.02448	0.01647	0.00965	0.00953	0.00294	0.01169	0.00865	0.00602	0.07672
2	0.07488	0.02187	0.03609	0.20723	0.25187	0.02371	0.07529	0.03114	0.02215	0.07987	0.02019	0.02615	0.01568	0.01043	0.01192	0.00332	0.05930	0.00925	0.00566	0.01400
3	0.07958	0.01720	0.02401	0.06323	0.02896	0.01745	0.06508	0.03559	0.11247	0.17715	0.08156	0.10131	0.03846	0.01702	0.01122	0.00362	0.00931	0.09392	0.00961	0.01326
4	0.02714	0.02332	0.06657	0.06997	0.08325	0.02242	0.02006	0.13551	0.16527	0.08375	0.06017	0.03951	0.02863	0.01358	0.01048	0.00324	0.01000	0.05370	0.00876	0.07466
5	0.01454	0.01041	0.01417	0.01602	0.01766	0.01003	0.01252	0.01808	0.02288	0.03056	0.13985	0.32231	0.06889	0.02871	0.01339	0.00425	0.00725	0.22967	0.00978	0.00903
6	0.02128	0.01824	0.02128	0.01520	0.02432	0.01368	0.01216	0.02584	0.02128	0.03344	0.01824	0.02128	0.01520	0.00760	0.00760	0.00152	0.00760	0.00608	0.00608	0.70208
7	0.01723	0.01382	0.02051	0.06534	0.05680	0.01311	0.05085	0.01996	0.01945	0.02681	0.03487	0.22369	0.03807	0.12668	0.02080	0.06505	0.00918	0.04815	0.00699	0.12265
8	0.02728	0.08106	0.03555	0.08710	0.18740	0.12909	0.06242	0.07868	0.06845	0.03292	0.02150	0.02642	0.01757	0.01796	0.07807	0.00456	0.01512	0.00902	0.00596	0.01387
9	0.02547	0.40931	0.18087	0.02717	0.11271	0.03412	0.02457	0.03127	0.02142	0.02757	0.01602	0.01906	0.01359	0.00907	0.00788	0.00258	0.01217	0.00654	0.00448	0.01411
10	0.01472	0.01066	0.01392	0.01720	0.06433	0.01003	0.01081	0.01753	0.02091	0.02915	0.05709	0.38993	0.13879	0.02566	0.01167	0.00365	0.00619	0.02282	0.12563	0.00931
11	0.01629	0.01047	0.01353	0.01446	0.01617	0.00984	0.01046	0.01878	0.02140	0.06980	0.10295	0.32111	0.09353	0.12867	0.01936	0.00500	0.00725	0.10255	0.00938	0.00902
12	0.01978	0.01274	0.01809	0.05804	0.06918	0.01251	0.01390	0.02287	0.02127	0.10954	0.04621	0.27325	0.07637	0.08702	0.06835	0.00553	0.00994	0.05623	0.00861	0.01056
13	0.01490	0.01005	0.01170	0.01170	0.01187	0.01022	0.00685	0.01525	0.01507	0.02027	0.03187	0.06460	0.03620	0.58578	0.10429	0.01057	0.01162	0.01455	0.00615	0.00650
14	0.02695	0.01687	0.02015	0.01727	0.02239	0.01722	0.01359	0.08262	0.17454	0.16803	0.25580	0.05198	0.05550	0.01638	0.01108	0.00327	0.00720	0.01394	0.01129	0.01395
15	0.02201	0.01188	0.01551	0.01396	0.01749	0.01080	0.01069	0.02638	0.02763	0.16410	0.35566	0.11185	0.07158	0.01924	0.01134	0.00322	0.00583	0.01678	0.07271	0.01135
16	0.01480	0.01140	0.01363	0.01291	0.01587	0.01070	0.00973	0.02101	0.07017	0.03785	0.40790	0.07923	0.21312	0.02169	0.01198	0.00331	0.00520	0.01879	0.01077	0.00995
17	0.04604	0.01746	0.02382	0.01826	0.02620	0.01508	0.01508	0.05001	0.02937	0.58244	0.04049	0.03493	0.02540	0.01270	0.01032	0.00318	0.00873	0.01032	0.01270	0.01746
18	0.03578	0.13050	0.03133	0.02106	0.02839	0.12809	0.01748	0.24139	0.03505	0.13352	0.03098	0.03043	0.06599	0.01269	0.00965	0.00291	0.01155	0.00943	0.00876	0.01500
19	0.02339	0.01534	0.01841	0.01690	0.02125	0.01565	0.01323	0.03531	0.19374	0.13331	0.19549	0.10705	0.08336	0.01918	0.01155	0.00353	0.00710	0.06241	0.01086	0.01292
20	0.03901	0.02874	0.03080	0.02361	0.03182	0.03182	0.01951	0.54111	0.04825	0.06468	0.02464	0.02464	0.01745	0.01232	0.01027	0.00308	0.01129	0.00924	0.01027	0.01745
21	0.01213	0.01040	0.01040	0.01040	0.01386	0.00866	0.00780	0.01473	0.02339	0.02772	0.10396	0.09876	0.57117	0.02599	0.01213	0.00347	0.00520	0.02166	0.00953	0.00866
22	0.02089	0.01297	0.01555	0.01417	0.01806	0.01197	0.01082	0.06749	0.02740	0.12824	0.19870	0.16383	0.22522	0.02227	0.01181	0.00344	0.00636	0.01910	0.01059	0.01113
23	0.15276	0.02512	0.02624	0.02096	0.02843	0.02780	0.01714	0.33012	0.12516	0.10341	0.02708	0.02643	0.01935	0.01214	0.00963	0.00317	0.00997	0.00909	0.00984	0.01617
24	0.01250	0.00893	0.01191	0.01429	0.01488	0.00834	0.00953	0.01429	0.01965	0.02620	0.05656	0.63265	0.06787	0.03215	0.01310	0.00417	0.00595	0.02917	0.00953	0.00834
25	0.03833	0.04891	0.02908	0.02644	0.03173	0.59815	0.01983	0.04098	0.02908	0.02512	0.01586	0.01851	0.01322	0.01058	0.00925	0.00264	0.01851	0.00661	0.00529	0.01190
26	0.01318	0.00952	0.01224	0.01390	0.01500	0.00890	0.00963	0.01540	0.02076	0.02754	0.10728	0.44430	0.11092	0.08363	0.01644	0.00457	0.00640	0.06260	0.00940	0.00839
27	0.03901	0.02874	0.03080	0.02361	0.03182	0.03182	0.01951	0.54111	0.04825	0.06468	0.02464	0.02464	0.01745	0.01232	0.01027	0.00308	0.01129	0.00924	0.01027	0.01745
28	0.01250	0.00893	0.01191	0.01429	0.01488	0.00834	0.00953	0.01429	0.01965	0.02620	0.05656	0.63265	0.06787	0.03215	0.01310	0.00417	0.00595	0.02917	0.00953	0.00834
29	0.01514	0.01082	0.01494	0.01731	0.01906	0.01061	0.01411	0.01885	0.02225	0.02915	0.05510	0.29448	0.06211	0.02966	0.01380	0.00453	0.00824	0.34130	0.00948	0.00906
30	0.01315	0.00966	0.01242	0.01392	0.01539	0.00892	0.00994	0.01584	0.02212	0.02935	0.15011	0.41704	0.14278	0.02905	0.01289	0.00396	0.00597	0.06897	0.00982	0.00871
31	0.03833	0.04891	0.02908	0.02644	0.03173	0.59815	0.01983	0.04098	0.02908	0.02512	0.01586	0.01851	0.01322	0.01058	0.00925	0.00264	0.01851	0.00661	0.00529	0.01190
32	0.02803	0.02352	0.02699	0.07038	0.03159	0.02780	0.01900	0.17253	0.30235	0.04443	0.03125	0.03154	0.02368	0.01382	0.01385	0.00352	0.10086	0.01040	0.00903	0.01541

[dist]
# distance from previous block
# <min> <max>
0	5

[block]
# block no. 4 follows, 14 sequences, length 26
# corresponding to MSA columns:
# 675-700
name=unknown_E
#
# <colnr> <probs for GDERKNQSTAVLIFYWHMCP>
#	G	D	E	R	K	N	Q	S	T	A	V	L	I	F	Y	W	H	M	C	P
0	0.01311	0.01020	0.01192	0.01199	0.01459	0.00901	0.00880	0.01645	0.02498	0.03267	0.27666	0.17523	0.30753	0.02503	0.01227	0.00349	0.00518	0.02166	0.01021	0.00901
1	0.03795	0.01924	0.02286	0.01802	0.02482	0.01908	0.01472	0.19715	0.03353	0.30185	0.03401	0.03246	0.02313	0.01242	0.00961	0.00297	0.00866	0.00982	0.16196	0.01573
2	0.02540	0.02438	0.04165	0.06299	0.57533	0.02438	0.03149	0.03149	0.02337	0.03353	0.01930	0.02540	0.01626	0.00914	0.01016	0.00305	0.01219	0.00914	0.00508	0.01626
3	0.01250	0.00893	0.01191	0.01429	0.01488	0.00834	0.00953	0.01429	0.01965	0.02620	0.05656	0.63265	0.06787	0.03215	0.01310	0.00417	0.00595	0.02917	0.00953	0.00834
4	0.02108	0.01203	0.01557	0.01578	0.01847	0.01142	0.01137	0.02588	0.07190	0.14982	0.05165	0.44602	0.05514	0.02618	0.01224	0.00389	0.00677	0.02340	0.01031	0.01108
5	0.01736	0.01686	0.02931	0.02276	0.02875	0.01529	0.20855	0.02246	0.02353	0.03066	0.06588	0.06620	0.30992	0.01811	0.01166	0.00336	0.00974	0.01691	0.07197	0.01071
6	0.01364	0.01141	0.01200	0.01168	0.01518	0.01026	0.00881	0.01884	0.06983	0.03109	0.17028	0.09020	0.45212	0.02419	0.01198	0.00343	0.00539	0.02032	0.00988	0.00947
7	0.02128	0.01824	0.02128	0.01520	0.02432	0.01368	0.01216	0.02584	0.02128	0.03344	0.01824	0.02128	0.01520	0.00760	0.00760	0.00152	0.00760	0.00608	0.00608	0.70208
8	0.02260	0.01376	0.01569	0.01429	0.01705	0.01415	0.00992	0.03004	0.13675	0.11625	0.03581	0.05299	0.03307	0.34376	0.03218	0.00675	0.00887	0.01296	0.07257	0.01052
9	0.01471	0.01077	0.01398	0.01396	0.01648	0.01004	0.01099	0.01929	0.02725	0.03743	0.40703	0.08760	0.13919	0.02313	0.01256	0.00358	0.00589	0.12591	0.01070	0.00952
10	0.08068	0.01114	0.01129	0.01066	0.01388	0.01120	0.00821	0.02674	0.02186	0.08676	0.03245	0.03612	0.02493	0.01181	0.00738	0.00253	0.00540	0.00929	0.57728	0.01039
11	0.01376	0.00985	0.01269	0.01425	0.01543	0.00936	0.01017	0.01612	0.02070	0.02743	0.10005	0.36570	0.09870	0.12497	0.01926	0.00504	0.00706	0.11196	0.00915	0.00835
12	0.01636	0.01061	0.01376	0.01411	0.01644	0.00971	0.01046	0.01971	0.02442	0.07930	0.23250	0.28674	0.13278	0.02568	0.01251	0.00373	0.00604	0.06505	0.01038	0.00970
13	0.02058	0.05308	0.58618	0.02925	0.04442	0.02383	0.03792	0.03250	0.02167	0.03250	0.01842	0.02167	0.01300	0.00975	0.00975	0.00325	0.01517	0.00758	0.00433	0.01517
14	0.08501	0.01561	0.02014	0.08869	0.02660	0.01659	0.01452	0.07706	0.02368	0.15698	0.06732	0.04055	0.02891	0.12150	0.16415	0.00755	0.01412	0.01110	0.00806	0.01188
15	0.02304	0.01505	0.01764	0.01579	0.01969	0.01507	0.01190	0.11029	0.07382	0.10937	0.15075	0.16025	0.11473	0.09532	0.01646	0.00423	0.00756	0.01718	0.01009	0.01177
16	0.01806	0.01165	0.01426	0.01370	0.01474	0.01204	0.00906	0.07083	0.01856	0.02490	0.02936	0.10010	0.03181	0.32108	0.07418	0.19776	0.01053	0.01367	0.00641	0.00730
17	0.01420	0.01004	0.01327	0.01451	0.01544	0.01017	0.01025	0.01627	0.01829	0.02462	0.04377	0.28229	0.04979	0.21249	0.13691	0.00826	0.01174	0.09183	0.00780	0.00806
18	0.35010	0.02506	0.02769	0.08224	0.16748	0.09766	0.05073	0.03171	0.02112	0.03766	0.01649	0.02071	0.01317	0.00958	0.00837	0.00311	0.01144	0.00730	0.00567	0.01270
19	0.02088	0.01977	0.03348	0.47744	0.19622	0.02319	0.02924	0.02753	0.02123	0.02804	0.01850	0.02687	0.01432	0.00998	0.01023	0.00333	0.01331	0.00913	0.00469	0.01261
20	0.09695	0.02148	0.02993	0.11678	0.15780	0.02403	0.05430	0.03729	0.20194	0.03686	0.05930	0.03217	0.02508	0.01217	0.01153	0.00339	0.04723	0.01034	0.00729	0.01414
21	0.01460	0.00993	0.01167	0.01180	0.01225	0.00973	0.00712	0.01556	0.01768	0.02396	0.12053	0.12905	0.05005	0.47604	0.04166	0.00826	0.00871	0.01702	0.00738	0.00700
22	0.13462	0.02485	0.02722	0.02544	0.08645	0.02774	0.01850	0.25788	0.19973	0.05176	0.02786	0.02778	0.02070	0.01206	0.00972	0.00322	0.00989	0.00941	0.00918	0.01599
23	0.06488	0.01832	0.02713	0.30245	0.04682	0.02039	0.04597	0.08173	0.02369	0.07918	0.02426	0.08348	0.02046	0.01426	0.01236	0.05312	0.01141	0.01084	0.00655	0.05270
24	0.02491	0.02365	0.11335	0.02820	0.14736	0.01736	0.02067	0.03084	0.02363	0.12100	0.08149	0.03146	0.02605	0.01462	0.04435	0.00346	0.01085	0.00929	0.00716	0.22032
25	0.01904	0.01453	0.01723	0.01642	0.01970	0.01514	0.01247	0.08124	0.13845	0.03963	0.24099	0.20587	0.06512	0.02185	0.01194	0.00359	0.00677	0.04804	0.01045	0.01153

[dist]
# distance from previous block
# <min> <max>
0	1

[block]
# block no. 5 follows, 14 sequences, length 22
# corresponding to MSA columns:
# 702-723
name=unknown_F
#
# <colnr> <probs for GDERKNQSTAVLIFYWHMCP>
#	G	D	E	R	K	N	Q	S	T	A	V	L	I	F	Y	W	H	M	C	P
0	0.01937	0.01165	0.01427	0.01294	0.01647	0.01034	0.00978	0.02298	0.02624	0.13085	0.28930	0.07543	0.22718	0.06957	0.01494	0.00382	0.00604	0.01778	0.01060	0.01047
1	0.09961	0.01747	0.02634	0.07717	0.03070	0.01740	0.10718	0.06092	0.02456	0.13992	0.07949	0.11241	0.07410	0.01731	0.01317	0.05822	0.00988	0.01373	0.00834	0.01207
2	0.04144	0.02084	0.02517	0.01947	0.02707	0.02058	0.01603	0.22183	0.03544	0.35647	0.03433	0.03155	0.02266	0.01251	0.01005	0.00308	0.00933	0.00988	0.06544	0.01684
3	0.01272	0.01059	0.01122	0.01154	0.01486	0.00909	0.00897	0.01561	0.02342	0.02812	0.09729	0.10104	0.50236	0.02631	0.01240	0.00363	0.00577	0.08678	0.00952	0.00877
4	0.08619	0.01205	0.01487	0.01466	0.01775	0.01134	0.01077	0.02403	0.02284	0.14836	0.11255	0.34944	0.08696	0.02418	0.01169	0.00371	0.00656	0.02122	0.01011	0.01072
5	0.01583	0.01249	0.01457	0.01451	0.01734	0.01248	0.01067	0.02451	0.13787	0.03464	0.21970	0.23072	0.16802	0.02363	0.01204	0.00360	0.00593	0.02070	0.01026	0.01050
6	0.01452	0.01049	0.01372	0.01291	0.01533	0.00968	0.00968	0.01937	0.02905	0.04115	0.56992	0.07666	0.09683	0.02098	0.01210	0.00323	0.00484	0.01856	0.01130	0.00968
7	0.01401	0.01031	0.01327	0.01394	0.01604	0.00956	0.01056	0.01773	0.02489	0.03359	0.28240	0.22923	0.15047	0.02584	0.01272	0.00376	0.00598	0.10627	0.01027	0.00915
8	0.02668	0.01370	0.01752	0.01528	0.01938	0.01282	0.01153	0.03202	0.06762	0.23176	0.20188	0.10054	0.05309	0.12746	0.01849	0.00449	0.00749	0.01523	0.01070	0.01229
9	0.71184	0.01985	0.01508	0.01350	0.01985	0.02302	0.01111	0.03017	0.01746	0.04604	0.01429	0.01667	0.01111	0.00953	0.00635	0.00318	0.00794	0.00556	0.00635	0.01111
10	0.01876	0.01143	0.01507	0.01363	0.01679	0.01041	0.01041	0.02348	0.02909	0.11389	0.49878	0.07105	0.08723	0.01987	0.01186	0.00322	0.00536	0.01745	0.01149	0.01073
11	0.47526	0.01900	0.01819	0.01519	0.02210	0.02020	0.01252	0.03722	0.02170	0.23664	0.02360	0.02316	0.01619	0.01065	0.00776	0.00318	0.00822	0.00725	0.00861	0.01337
12	0.01283	0.01042	0.01137	0.01114	0.01429	0.00896	0.00835	0.01609	0.02506	0.03168	0.24113	0.09225	0.43153	0.02451	0.01212	0.00340	0.00509	0.02075	0.01005	0.00896
13	0.02560	0.01294	0.01727	0.01479	0.01915	0.01158	0.01158	0.03014	0.02916	0.23142	0.38382	0.06199	0.07172	0.01807	0.01148	0.00321	0.00621	0.01566	0.01179	0.01242
14	0.02734	0.02294	0.02422	0.02125	0.02738	0.02637	0.01668	0.11991	0.48846	0.04585	0.03947	0.03645	0.02946	0.01371	0.01042	0.00343	0.00855	0.01128	0.01042	0.01641
15	0.01385	0.01020	0.01295	0.01282	0.01505	0.00931	0.00940	0.01785	0.02663	0.03671	0.41669	0.17777	0.15546	0.02362	0.01228	0.00343	0.00509	0.02085	0.01075	0.00931
16	0.02815	0.02957	0.08210	0.02914	0.03746	0.07187	0.17400	0.13191	0.22249	0.04155	0.02852	0.02978	0.02124	0.01146	0.01076	0.00332	0.01281	0.01061	0.00794	0.01531
17	0.02625	0.54281	0.14608	0.01959	0.02947	0.03770	0.02109	0.03104	0.02099	0.02559	0.01499	0.01736	0.01314	0.00895	0.00713	0.00238	0.01170	0.00585	0.00438	0.01352
18	0.01603	0.01217	0.01506	0.01504	0.01756	0.01221	0.01121	0.02424	0.11772	0.03685	0.31014	0.21929	0.07543	0.02317	0.01221	0.00361	0.00600	0.05106	0.01056	0.01045
19	0.03015	0.03139	0.13444	0.07621	0.04073	0.02800	0.11778	0.26961	0.08510	0.04794	0.02392	0.02618	0.01732	0.01118	0.01053	0.00325	0.01297	0.00968	0.00783	0.01578
20	0.01620	0.01190	0.01573	0.01686	0.01929	0.01189	0.01379	0.02251	0.06672	0.03395	0.19348	0.16307	0.06821	0.02568	0.01318	0.00415	0.00766	0.27578	0.01004	0.00991
21	0.03238	0.16449	0.06562	0.02337	0.03029	0.28336	0.01963	0.08048	0.14105	0.03225	0.02190	0.02297	0.01739	0.01101	0.00907	0.00280	0.01398	0.00771	0.00654	0.01371

[dist]
# distance from previous block
# <min> <max>
0	3

[block]
# block no. 6 follows, 14 sequences, length 59
# corresponding to MSA columns:
# 727-785
name=unknown_G
#
# <colnr> <probs for GDERKNQSTAVLIFYWHMCP>
#	G	D	E	R	K	N	Q	S	T	A	V	L	I	F	Y	W	H	M	C	P
0	0.05581	0.01210	0.01418	0.01316	0.01589	0.01126	0.00932	0.01921	0.02091	0.03065	0.18187	0.09664	0.05203	0.24991	0.02619	0.00560	0.00775	0.04691	0.00803	0.12257
1	0.06406	0.01452	0.01976	0.01794	0.02150	0.01445	0.05049	0.05667	0.06680	0.11350	0.03991	0.28373	0.04054	0.02397	0.01594	0.11030	0.00828	0.01792	0.00884	0.01089
2	0.71184	0.01985	0.01508	0.01350	0.01985	0.02302	0.01111	0.03017	0.01746	0.04604	0.01429	0.01667	0.01111	0.00953	0.00635	0.00318	0.00794	0.00556	0.00635	0.01111
3	0.01837	0.01469	0.01676	0.01686	0.01988	0.01576	0.01257	0.03118	0.23288	0.03284	0.05140	0.23837	0.08582	0.08598	0.01610	0.00450	0.00759	0.07752	0.00954	0.01141
4	0.01945	0.01242	0.01533	0.01418	0.01758	0.01173	0.01096	0.05982	0.02819	0.09429	0.30866	0.11551	0.13831	0.02097	0.01170	0.00336	0.00613	0.04842	0.05221	0.01078
5	0.02107	0.01214	0.01460	0.01302	0.01728	0.01051	0.01010	0.02463	0.02644	0.16668	0.21943	0.07699	0.30487	0.02134	0.01168	0.00333	0.00596	0.01802	0.01080	0.01109
6	0.04604	0.01746	0.02382	0.01826	0.02620	0.01508	0.01508	0.05001	0.02937	0.58244	0.04049	0.03493	0.02540	0.01270	0.01032	0.00318	0.00873	0.01032	0.01270	0.01746
7	0.08089	0.01674	0.02075	0.01685	0.02339	0.01543	0.01360	0.08114	0.02841	0.37144	0.04853	0.09443	0.11072	0.01617	0.01057	0.00330	0.00811	0.01328	0.01132	0.01491
8	0.01359	0.01017	0.01261	0.01260	0.01491	0.00919	0.00922	0.01732	0.02594	0.03519	0.36423	0.18921	0.19957	0.02428	0.01230	0.00346	0.00514	0.02132	0.01055	0.00919
9	0.20406	0.02485	0.02590	0.02033	0.02805	0.02712	0.01678	0.34157	0.03786	0.13923	0.02454	0.02427	0.01712	0.01170	0.00932	0.00312	0.01008	0.00851	0.00968	0.01591
10	0.01452	0.01049	0.01372	0.01291	0.01533	0.00968	0.00968	0.01937	0.02905	0.04115	0.56992	0.07666	0.09683	0.02098	0.01210	0.00323	0.00484	0.01856	0.01130	0.00968
11	0.01617	0.01170	0.01477	0.01416	0.01666	0.01128	0.01050	0.06339	0.02849	0.03966	0.40148	0.20339	0.08311	0.02287	0.01218	0.00344	0.00566	0.02026	0.01079	0.01004
12	0.03403	0.02430	0.02626	0.02120	0.02821	0.02680	0.01717	0.32018	0.18806	0.09703	0.03149	0.03048	0.02276	0.01277	0.01005	0.00314	0.00963	0.01002	0.06998	0.01643
13	0.03366	0.02609	0.02779	0.02253	0.02979	0.02933	0.01821	0.34820	0.24987	0.05605	0.03143	0.03005	0.02295	0.01295	0.01034	0.00324	0.01004	0.01018	0.01034	0.01697
14	0.37643	0.02428	0.02292	0.01854	0.02582	0.02741	0.01530	0.28488	0.03281	0.05533	0.01945	0.02064	0.01427	0.01092	0.00830	0.00313	0.00961	0.00739	0.00830	0.01427
15	0.13132	0.01395	0.01715	0.01618	0.02044	0.01339	0.01266	0.03003	0.02323	0.22230	0.04424	0.26052	0.04331	0.02145	0.01126	0.00375	0.00770	0.08493	0.01013	0.01207
16	0.02422	0.02768	0.06055	0.04325	0.05363	0.02595	0.53806	0.03287	0.02422	0.03287	0.02076	0.02768	0.01557	0.00865	0.01211	0.00346	0.01730	0.01211	0.00519	0.01384
17	0.02422	0.02768	0.06055	0.04325	0.05363	0.02595	0.53806	0.03287	0.02422	0.03287	0.02076	0.02768	0.01557	0.00865	0.01211	0.00346	0.01730	0.01211	0.00519	0.01384
18	0.01215	0.01030	0.01050	0.01066	0.01393	0.00864	0.00791	0.01470	0.02314	0.02762	0.10075	0.13493	0.53707	0.02641	0.01219	0.00351	0.00525	0.02217	0.00953	0.00864
19	0.01674	0.01044	0.01360	0.01470	0.01610	0.00995	0.01045	0.01880	0.02003	0.07366	0.04875	0.34715	0.05501	0.18060	0.02277	0.00562	0.00782	0.11005	0.00897	0.00880
20	0.01646	0.01010	0.01197	0.01150	0.01391	0.00963	0.00863	0.02128	0.02588	0.03994	0.34434	0.06051	0.06717	0.01719	0.01003	0.00288	0.00482	0.01478	0.29935	0.00963
21	0.38265	0.02070	0.02215	0.16480	0.03486	0.02380	0.01707	0.11274	0.02405	0.08366	0.01886	0.02195	0.01382	0.01039	0.00824	0.00322	0.00996	0.00738	0.00700	0.01267
22	0.02727	0.02367	0.06725	0.11451	0.03668	0.02471	0.05863	0.11906	0.12481	0.09877	0.02641	0.02978	0.01999	0.01839	0.06508	0.00464	0.10856	0.00999	0.00761	0.01419
23	0.01316	0.00984	0.01238	0.01416	0.01581	0.00906	0.01039	0.01569	0.02133	0.02742	0.06815	0.40164	0.19363	0.02989	0.01305	0.00409	0.00641	0.11577	0.00951	0.00863
24	0.02422	0.02768	0.06055	0.04325	0.05363	0.02595	0.53806	0.03287	0.02422	0.03287	0.02076	0.02768	0.01557	0.00865	0.01211	0.00346	0.01730	0.01211	0.00519	0.01384
25	0.02607	0.02473	0.04267	0.15434	0.26918	0.02562	0.15493	0.10871	0.02685	0.03677	0.02028	0.02621	0.01579	0.00971	0.01068	0.00322	0.01360	0.00989	0.00580	0.01494
26	0.02490	0.02832	0.12268	0.12400	0.39155	0.02464	0.03123	0.06806	0.02456	0.03472	0.01942	0.02502	0.01552	0.00961	0.01012	0.00313	0.01277	0.00891	0.00528	0.01557
27	0.02062	0.02019	0.02546	0.02303	0.02380	0.06565	0.01846	0.02303	0.01752	0.02486	0.02356	0.13495	0.02513	0.02900	0.11450	0.00613	0.37531	0.01276	0.00561	0.01044
28	0.20728	0.02831	0.03083	0.06536	0.09870	0.11587	0.07232	0.18642	0.03017	0.04431	0.01917	0.02221	0.01459	0.01044	0.00928	0.00309	0.01243	0.00816	0.00698	0.01406
29	0.01294	0.00953	0.01212	0.01336	0.01484	0.00871	0.00930	0.01559	0.02251	0.03007	0.18891	0.41559	0.15181	0.02849	0.01271	0.00383	0.00557	0.02544	0.00996	0.00871
30	0.03365	0.02608	0.02778	0.02253	0.02978	0.02932	0.01821	0.34785	0.25024	0.05604	0.03144	0.03006	0.02296	0.01296	0.01034	0.00324	0.01003	0.01018	0.01034	0.01697
31	0.04030	0.02668	0.02952	0.02263	0.03079	0.02876	0.01870	0.45123	0.04479	0.15944	0.02754	0.02652	0.01891	0.01239	0.01028	0.00310	0.01082	0.00944	0.01071	0.01745
32	0.02992	0.03463	0.02693	0.02415	0.02801	0.31679	0.01875	0.03616	0.09932	0.02778	0.02790	0.03045	0.07276	0.01445	0.01578	0.00330	0.16523	0.00944	0.00625	0.01201
33	0.02154	0.12405	0.17804	0.02804	0.03683	0.02376	0.20471	0.02808	0.02081	0.02828	0.02201	0.03409	0.01986	0.16265	0.02046	0.00480	0.01401	0.01066	0.00511	0.01221
34	0.01275	0.00903	0.01183	0.01397	0.01451	0.00850	0.00919	0.01435	0.01917	0.02555	0.05409	0.57495	0.06475	0.09411	0.01709	0.00476	0.00636	0.02772	0.00919	0.00812
35	0.01250	0.00893	0.01191	0.01429	0.01488	0.00834	0.00953	0.01429	0.01965	0.02620	0.05656	0.63265	0.06787	0.03215	0.01310	0.00417	0.00595	0.02917	0.00953	0.00834
36	0.14350	0.02464	0.02670	0.02076	0.02862	0.02640	0.01715	0.34338	0.03895	0.18801	0.02692	0.02593	0.01842	0.01199	0.00968	0.00312	0.01016	0.00894	0.01026	0.01649
37	0.03307	0.03504	0.03187	0.12437	0.16959	0.31093	0.02351	0.03733	0.02641	0.08420	0.01958	0.02321	0.01527	0.01040	0.00974	0.00292	0.01523	0.00799	0.00588	0.01345
38	0.02762	0.02158	0.02327	0.02062	0.02664	0.02446	0.01612	0.05407	0.50298	0.09798	0.04164	0.03794	0.03072	0.01380	0.01043	0.00345	0.00818	0.01147	0.01067	0.01637
39	0.04433	0.02021	0.02552	0.01956	0.02757	0.01916	0.01616	0.16970	0.03397	0.45626	0.03662	0.03242	0.02347	0.01261	0.01031	0.00315	0.00936	0.01006	0.01211	0.01746
40	0.02055	0.01746	0.02050	0.01512	0.02353	0.01323	0.01194	0.02488	0.02114	0.03284	0.02143	0.07220	0.01959	0.00964	0.00806	0.00174	0.00746	0.00800	0.00637	0.64430
41	0.02357	0.01221	0.01676	0.01527	0.01870	0.01147	0.01165	0.02674	0.02439	0.18978	0.20627	0.13998	0.05387	0.03051	0.10817	0.06364	0.01010	0.01579	0.00993	0.01120
42	0.02117	0.02139	0.04310	0.03360	0.04080	0.02035	0.33129	0.02827	0.02398	0.03202	0.03407	0.06260	0.03281	0.01646	0.01293	0.00396	0.01419	0.20802	0.00688	0.01210
43	0.32601	0.01847	0.02014	0.01626	0.02353	0.01842	0.01341	0.04167	0.02436	0.35688	0.02947	0.02725	0.01939	0.01137	0.00865	0.00318	0.00840	0.00832	0.01003	0.01479
44	0.02691	0.01226	0.01692	0.01561	0.01892	0.01111	0.01154	0.02800	0.02188	0.24118	0.04067	0.25002	0.03887	0.02543	0.01872	0.17697	0.00777	0.01678	0.00951	0.01093
45	0.02916	0.01823	0.02189	0.01937	0.02484	0.01893	0.01588	0.11785	0.16185	0.17225	0.09584	0.05886	0.04143	0.01775	0.01150	0.00363	0.00877	0.13684	0.01079	0.01434
46	0.01410	0.01007	0.01374	0.01612	0.01741	0.00971	0.01231	0.01705	0.02122	0.02799	0.05568	0.42772	0.06438	0.03064	0.01352	0.00439	0.00734	0.21832	0.00950	0.00878
47	0.08440	0.01043	0.01285	0.01482	0.01624	0.01030	0.01062	0.01684	0.01995	0.02882	0.05195	0.50100	0.06091	0.02934	0.01255	0.00414	0.00662	0.09026	0.00919	0.00877
48	0.07654	0.01185	0.01416	0.01477	0.01726	0.01171	0.01085	0.02190	0.06160	0.06356	0.12530	0.35011	0.09784	0.02547	0.01202	0.00383	0.00647	0.05505	0.00974	0.00997
49	0.01607	0.01060	0.01342	0.01299	0.01518	0.00978	0.00931	0.01946	0.02498	0.06853	0.33745	0.15881	0.11595	0.11965	0.01845	0.00444	0.00609	0.01933	0.01018	0.00934
50	0.64115	0.01880	0.01452	0.01309	0.01904	0.02165	0.01071	0.02953	0.01788	0.04525	0.01625	0.01887	0.01266	0.00977	0.00643	0.00310	0.00762	0.00597	0.07675	0.01096
51	0.02381	0.01816	0.02154	0.01551	0.02451	0.01382	0.01246	0.02831	0.02211	0.08946	0.02051	0.02267	0.01624	0.00812	0.00788	0.00169	0.00772	0.00651	0.00676	0.63223
52	0.01769	0.01146	0.01327	0.01297	0.01444	0.01135	0.00851	0.02069	0.05689	0.06470	0.04233	0.10356	0.08358	0.42461	0.03820	0.00779	0.00905	0.04295	0.00767	0.00829
53	0.01364	0.01009	0.01287	0.01391	0.01582	0.00932	0.01035	0.01690	0.02361	0.03141	0.20986	0.29675	0.16678	0.02727	0.01281	0.00386	0.00605	0.09972	0.01001	0.00895
54	0.02744	0.64552	0.05378	0.01756	0.02634	0.04061	0.01756	0.03073	0.02085	0.02414	0.01427	0.01646	0.01317	0.00878	0.00658	0.00219	0.01097	0.00549	0.00439	0.01317
55	0.02296	0.02455	0.07985	0.16781	0.23152	0.02330	0.13486	0.03132	0.06651	0.03138	0.02108	0.02752	0.01669	0.01165	0.01276	0.05407	0.01323	0.00983	0.00534	0.01376
56	0.01693	0.01066	0.01353	0.01382	0.01631	0.00970	0.01003	0.01968	0.02269	0.09666	0.12729	0.32407	0.18397	0.02984	0.05067	0.00457	0.00738	0.02256	0.00987	0.00976
57	0.01562	0.01068	0.01336	0.01287	0.01560	0.00961	0.00958	0.01953	0.02661	0.06864	0.36977	0.15199	0.19163	0.02304	0.01213	0.00340	0.00530	0.02013	0.01076	0.00975
58	0.02845	0.02297	0.02457	0.02098	0.02718	0.02596	0.01661	0.19139	0.36483	0.04903	0.08262	0.03769	0.03301	0.01407	0.01054	0.00334	0.00875	0.01153	0.01047	0.01602

[dist]
# distance from previous block
# <min> <max>
0	1

[block]
# block no. 7 follows, 14 sequences, length 84
# corresponding to MSA columns:
# 787-870
name=unknown_H
#
# <colnr> <probs for GDERKNQSTAVLIFYWHMCP>
#	G	D	E	R	K	N	Q	S	T	A	V	L	I	F	Y	W	H	M	C	P
0	0.39017	0.02336	0.02001	0.05413	0.02603	0.09502	0.01448	0.07035	0.06326	0.08110	0.02216	0.06034	0.01818	0.01191	0.00827	0.00320	0.00982	0.00849	0.00736	0.01236
1	0.02828	0.07354	0.21712	0.07313	0.11614	0.02677	0.02771	0.16185	0.02873	0.07944	0.02115	0.02405	0.01559	0.01101	0.01130	0.00319	0.05048	0.00849	0.00659	0.01543
2	0.01871	0.01177	0.01405	0.01387	0.01423	0.04861	0.00919	0.01549	0.01469	0.01867	0.02017	0.03647	0.02084	0.13681	0.04010	0.53677	0.00973	0.00978	0.00481	0.00526
3	0.01388	0.01036	0.01290	0.01249	0.01499	0.00937	0.00928	0.01804	0.02720	0.03729	0.43618	0.12127	0.19328	0.02282	0.01218	0.00334	0.00500	0.01997	0.01080	0.00937
4	0.10620	0.01678	0.01867	0.01912	0.05901	0.01852	0.01273	0.03312	0.22437	0.03281	0.03158	0.04378	0.02862	0.22466	0.02642	0.06407	0.00907	0.01157	0.00763	0.01126
5	0.07304	0.12891	0.15687	0.02613	0.03572	0.10602	0.09920	0.13731	0.02868	0.08368	0.02063	0.02274	0.01526	0.01030	0.00949	0.00299	0.01354	0.00824	0.00662	0.01462
6	0.01466	0.01100	0.01649	0.01649	0.01833	0.01283	0.01283	0.01833	0.01649	0.02382	0.02749	0.04032	0.02566	0.07697	0.59868	0.01649	0.02749	0.01100	0.00550	0.00916
7	0.02297	0.15900	0.21862	0.07231	0.03482	0.02547	0.02463	0.03112	0.05469	0.06386	0.02161	0.02621	0.01724	0.02212	0.11136	0.00541	0.06134	0.00840	0.00550	0.01333
8	0.01959	0.01071	0.01434	0.01371	0.01486	0.01068	0.00933	0.01948	0.04959	0.06462	0.06595	0.04290	0.02931	0.15801	0.03643	0.40725	0.00876	0.01118	0.00634	0.00694
9	0.03213	0.02809	0.02674	0.02262	0.02922	0.10507	0.01791	0.22869	0.30165	0.04839	0.03208	0.03068	0.02386	0.01289	0.01022	0.00322	0.01067	0.01007	0.00968	0.01609
10	0.07956	0.01991	0.05694	0.01904	0.02496	0.01847	0.04820	0.09794	0.10625	0.04142	0.18021	0.05322	0.08552	0.01632	0.01082	0.00327	0.00853	0.05546	0.00910	0.06486
11	0.11780	0.02449	0.11755	0.01868	0.02787	0.01799	0.01755	0.03650	0.06793	0.18469	0.02577	0.02588	0.01842	0.01013	0.00878	0.00264	0.00928	0.00788	0.00798	0.25219
12	0.04336	0.02177	0.02648	0.02030	0.02834	0.02147	0.01677	0.23746	0.03658	0.38481	0.03444	0.03100	0.02237	0.01256	0.01030	0.00314	0.00971	0.00991	0.01177	0.01746
13	0.01674	0.01132	0.01466	0.01543	0.01759	0.01099	0.01146	0.02204	0.06793	0.06698	0.16823	0.34867	0.06732	0.02637	0.01263	0.00392	0.00655	0.09094	0.01019	0.01004
14	0.08047	0.01826	0.02147	0.01984	0.02401	0.05329	0.05407	0.03200	0.16957	0.03536	0.10545	0.10207	0.04396	0.01998	0.01332	0.04823	0.00923	0.12906	0.00879	0.01157
15	0.01744	0.01122	0.01251	0.01241	0.01385	0.01162	0.00824	0.02225	0.08607	0.02820	0.03478	0.10028	0.03464	0.29235	0.03045	0.05904	0.00790	0.01378	0.19453	0.00845
16	0.01302	0.00930	0.01250	0.01488	0.01570	0.00878	0.01042	0.01518	0.02015	0.02677	0.05628	0.56676	0.06675	0.03167	0.01324	0.00424	0.00640	0.08999	0.00952	0.00848
17	0.03661	0.01921	0.02307	0.01844	0.02473	0.01913	0.01456	0.16830	0.07135	0.29985	0.03496	0.03887	0.02616	0.13531	0.01852	0.00450	0.00957	0.01104	0.01064	0.01517
18	0.02684	0.01271	0.01711	0.01495	0.01894	0.01141	0.01143	0.02913	0.02499	0.24047	0.18765	0.09408	0.08806	0.02189	0.01698	0.13990	0.00723	0.01454	0.01023	0.01145
19	0.03901	0.02874	0.03080	0.02361	0.03182	0.03182	0.01951	0.54111	0.04825	0.06468	0.02464	0.02464	0.01745	0.01232	0.01027	0.00308	0.01129	0.00924	0.01027	0.01745
20	0.02117	0.01016	0.01065	0.01022	0.01304	0.00998	0.00777	0.02589	0.02212	0.07954	0.03401	0.03801	0.02623	0.01201	0.00741	0.00245	0.00508	0.00962	0.64446	0.01016
21	0.07857	0.01602	0.01985	0.01699	0.02235	0.01534	0.01320	0.06911	0.05999	0.30385	0.04120	0.18262	0.03558	0.05997	0.01359	0.00389	0.00820	0.01497	0.01075	0.01395
22	0.01385	0.00966	0.01203	0.01284	0.01422	0.00904	0.00882	0.01653	0.02206	0.03052	0.19868	0.31684	0.10718	0.10913	0.01760	0.00450	0.00604	0.02228	0.05963	0.00854
23	0.04604	0.01746	0.02382	0.01826	0.02620	0.01508	0.01508	0.05001	0.02937	0.58244	0.04049	0.03493	0.02540	0.01270	0.01032	0.00318	0.00873	0.01032	0.01270	0.01746
24	0.01652	0.01101	0.01392	0.01289	0.01591	0.00992	0.00977	0.02091	0.02811	0.08013	0.45018	0.07724	0.17219	0.02120	0.01197	0.00326	0.00520	0.01846	0.01110	0.01010
25	0.06644	0.01025	0.01312	0.01432	0.01569	0.00992	0.00988	0.01749	0.01902	0.06050	0.04589	0.44847	0.05259	0.02990	0.01704	0.12281	0.00677	0.02284	0.00863	0.00844
26	0.01452	0.01049	0.01372	0.01291	0.01533	0.00968	0.00968	0.01937	0.02905	0.04115	0.56992	0.07666	0.09683	0.02098	0.01210	0.00323	0.00484	0.01856	0.01130	0.00968
27	0.03833	0.04891	0.02908	0.02644	0.03173	0.59815	0.01983	0.04098	0.02908	0.02512	0.01586	0.01851	0.01322	0.01058	0.00925	0.00264	0.01851	0.00661	0.00529	0.01190
28	0.01316	0.01044	0.01183	0.01148	0.01450	0.00910	0.00861	0.01673	0.02583	0.03352	0.30525	0.08921	0.36626	0.02383	0.01212	0.00336	0.00504	0.02032	0.01029	0.00910
29	0.03901	0.02874	0.03080	0.02361	0.03182	0.03182	0.01951	0.54111	0.04825	0.06468	0.02464	0.02464	0.01745	0.01232	0.01027	0.00308	0.01129	0.00924	0.01027	0.01745
30	0.02615	0.02782	0.05667	0.04069	0.05078	0.02672	0.47031	0.09928	0.02736	0.03703	0.02127	0.02728	0.01582	0.00913	0.01187	0.00341	0.01652	0.01174	0.00585	0.01431
31	0.01486	0.01020	0.01245	0.01245	0.01289	0.01063	0.00779	0.01573	0.01530	0.02083	0.03118	0.06078	0.03454	0.50583	0.18197	0.01150	0.01411	0.01399	0.00605	0.00692
32	0.01599	0.01142	0.01591	0.01828	0.02040	0.01134	0.01559	0.02032	0.02309	0.03010	0.05464	0.18560	0.06025	0.02886	0.01403	0.00465	0.00898	0.44180	0.00946	0.00930
33	0.01913	0.00956	0.00956	0.00956	0.01196	0.00956	0.00717	0.02391	0.02152	0.03826	0.03348	0.03826	0.02630	0.01196	0.00717	0.00239	0.00478	0.00956	0.69632	0.00956
34	0.01237	0.00947	0.01135	0.01286	0.01451	0.00846	0.00889	0.01445	0.02103	0.02676	0.07401	0.43613	0.25313	0.02988	0.01274	0.00391	0.00568	0.02641	0.00953	0.00846
35	0.71184	0.01985	0.01508	0.01350	0.01985	0.02302	0.01111	0.03017	0.01746	0.04604	0.01429	0.01667	0.01111	0.00953	0.00635	0.00318	0.00794	0.00556	0.00635	0.01111
36	0.02043	0.01889	0.02949	0.51353	0.06319	0.02326	0.02641	0.03104	0.11187	0.02907	0.02225	0.02922	0.01669	0.01088	0.01029	0.00343	0.01273	0.00954	0.00556	0.01222
37	0.01492	0.00995	0.01119	0.01119	0.01119	0.00995	0.00622	0.01492	0.01492	0.01990	0.03233	0.06716	0.03731	0.63935	0.05223	0.00995	0.00995	0.01492	0.00622	0.00622
38	0.03788	0.02866	0.03307	0.02511	0.03349	0.03138	0.05904	0.50237	0.04642	0.06225	0.02434	0.02487	0.01731	0.01204	0.01041	0.00311	0.01175	0.00946	0.00988	0.01718
39	0.04604	0.01746	0.02382	0.01826	0.02620	0.01508	0.01508	0.05001	0.02937	0.58244	0.04049	0.03493	0.02540	0.01270	0.01032	0.00318	0.00873	0.01032	0.01270	0.01746
40	0.01665	0.01080	0.01402	0.01341	0.01606	0.00983	0.00997	0.02074	0.02707	0.08300	0.40456	0.16946	0.12005	0.02255	0.01213	0.00340	0.00538	0.01990	0.01099	0.01003
41	0.03421	0.02636	0.02810	0.02264	0.03000	0.02958	0.01834	0.36804	0.22914	0.05694	0.03073	0.02949	0.02239	0.01289	0.01033	0.00322	0.01016	0.01008	0.01033	0.01702
42	0.01490	0.01003	0.01158	0.01158	0.01171	0.01016	0.00670	0.01517	0.01504	0.02018	0.03198	0.06520	0.03646	0.59836	0.09206	0.01043	0.01123	0.01464	0.00617	0.00643
43	0.02422	0.02768	0.06055	0.04325	0.05363	0.02595	0.53806	0.03287	0.02422	0.03287	0.02076	0.02768	0.01557	0.00865	0.01211	0.00346	0.01730	0.01211	0.00519	0.01384
