[name]
unknown

[dist]
# distance from previous block
# <min> <max>
0	159

[block]
# block no. 0 follows, 14 sequences, length 29
# corresponding to MSA columns:
# 174-202
name=unknown_A
#
# <colnr> <probs for GDERKNQSTAVLIFYWHMCP>
#	G	D	E	R	K	N	Q	S	T	A	V	L	I	F	Y	W	H	M	C	P
0	0.03660	0.02693	0.02927	0.02311	0.03069	0.02968	0.01919	0.48536	0.04561	0.06103	0.02782	0.03441	0.02191	0.01404	0.01069	0.00326	0.01109	0.06254	0.01018	0.01659
1	0.02185	0.02197	0.03138	0.51168	0.10301	0.08462	0.02779	0.02818	0.02164	0.02663	0.01806	0.02627	0.01382	0.01021	0.01014	0.00331	0.01409	0.00885	0.00468	0.01180
2	0.03625	0.04078	0.03051	0.02978	0.09377	0.39352	0.02090	0.13437	0.06220	0.03451	0.01938	0.02158	0.01540	0.01093	0.00961	0.00282	0.01584	0.00768	0.00649	0.01369
3	0.01483	0.01120	0.01402	0.01297	0.01609	0.00990	0.00972	0.01916	0.02689	0.03770	0.42020	0.11348	0.14035	0.02093	0.01170	0.00314	0.00526	0.01834	0.01041	0.08373
4	0.01764	0.01265	0.01426	0.01325	0.01697	0.01171	0.01008	0.07426	0.02713	0.06871	0.17927	0.14362	0.32526	0.02340	0.01192	0.00344	0.00609	0.01986	0.01016	0.01032
5	0.02370	0.02667	0.05736	0.10454	0.05546	0.02561	0.48341	0.03216	0.02382	0.03216	0.02049	0.02765	0.01537	0.00882	0.01191	0.00346	0.01691	0.01179	0.00512	0.01358
6	0.03788	0.02818	0.03016	0.02338	0.03139	0.03130	0.01923	0.50024	0.09097	0.06285	0.02608	0.02578	0.01862	0.01245	0.01028	0.00311	0.01103	0.00944	0.01028	0.01735
7	0.01710	0.00917	0.01283	0.01283	0.01283	0.00917	0.00824	0.01376	0.01376	0.01834	0.02145	0.04017	0.02269	0.18632	0.04313	0.52885	0.00917	0.01041	0.00490	0.00490
8	0.01213	0.01040	0.01040	0.01040	0.01386	0.00866	0.00780	0.01473	0.02339	0.02772	0.10396	0.09876	0.57117	0.02599	0.01213	0.00347	0.00520	0.02166	0.00953	0.00866
9	0.02952	0.01480	0.02216	0.01875	0.02384	0.01324	0.06120	0.03319	0.02533	0.28969	0.08282	0.25497	0.04513	0.02001	0.01163	0.00357	0.00823	0.01795	0.01075	0.01324
10	0.02324	0.02611	0.05647	0.04082	0.05038	0.02447	0.49366	0.03131	0.02384	0.03231	0.02377	0.07851	0.01997	0.01062	0.01219	0.00352	0.01635	0.01354	0.00555	0.01338
11	0.71184	0.01985	0.01508	0.01350	0.01985	0.02302	0.01111	0.03017	0.01746	0.04604	0.01429	0.01667	0.01111	0.00953	0.00635	0.00318	0.00794	0.00556	0.00635	0.01111
12	0.02540	0.02438	0.04165	0.06299	0.57533	0.02438	0.03149	0.03149	0.02337	0.03353	0.01930	0.02540	0.01626	0.00914	0.01016	0.00305	0.01219	0.00914	0.00508	0.01626
13	0.01452	0.01049	0.01372	0.01291	0.01533	0.00968	0.00968	0.01937	0.02905	0.04115	0.56992	0.07666	0.09683	0.02098	0.01210	0.00323	0.00484	0.01856	0.01130	0.00968
14	0.01714	0.01212	0.01778	0.16429	0.02977	0.01264	0.01472	0.02071	0.02172	0.07247	0.10455	0.36997	0.05426	0.02385	0.01205	0.00379	0.00798	0.02144	0.00874	0.00999
15	0.01433	0.01048	0.01345	0.01271	0.01521	0.00960	0.00953	0.01899	0.02860	0.04008	0.53259	0.07843	0.13483	0.02138	0.01211	0.00325	0.00487	0.01881	0.01116	0.00960
16	0.12515	0.33610	0.03900	0.01985	0.02715	0.21313	0.01726	0.03498	0.02347	0.05897	0.01626	0.01818	0.01360	0.00967	0.00761	0.00253	0.01282	0.00612	0.00541	0.01273
17	0.33146	0.29617	0.03518	0.02096	0.08638	0.03093	0.01629	0.03057	0.01963	0.03495	0.01485	0.01758	0.01261	0.00915	0.00689	0.00273	0.00976	0.00594	0.00534	0.01261
18	0.02301	0.02630	0.09446	0.20253	0.24736	0.02434	0.17037	0.03055	0.02268	0.03129	0.01934	0.02621	0.01507	0.00936	0.01068	0.00328	0.01427	0.00981	0.00490	0.01419
19	0.01852	0.01521	0.01966	0.01857	0.07128	0.01282	0.01280	0.02336	0.02508	0.03703	0.27458	0.04738	0.05321	0.01396	0.00993	0.00245	0.00674	0.01216	0.00841	0.31683
20	0.01384	0.01046	0.01276	0.01219	0.01491	0.00939	0.00914	0.01803	0.02742	0.03729	0.43594	0.08301	0.23322	0.02242	0.01211	0.00330	0.00494	0.01945	0.01079	0.00939
21	0.02623	0.02435	0.02321	0.02113	0.02657	0.09015	0.01626	0.05061	0.46474	0.03990	0.03967	0.07095	0.03140	0.01461	0.01046	0.00343	0.00918	0.01206	0.00980	0.01528
22	0.02540	0.02438	0.04165	0.06299	0.57533	0.02438	0.03149	0.03149	0.02337	0.03353	0.01930	0.02540	0.01626	0.00914	0.01016	0.00305	0.01219	0.00914	0.00508	0.01626
23	0.04374	0.01754	0.02358	0.01797	0.02602	0.01495	0.01481	0.04777	0.02862	0.53149	0.03842	0.03366	0.02446	0.01223	0.01007	0.00302	0.00863	0.00993	0.01209	0.08100
24	0.71184	0.01985	0.01508	0.01350	0.01985	0.02302	0.01111	0.03017	0.01746	0.04604	0.01429	0.01667	0.01111	0.00953	0.00635	0.00318	0.00794	0.00556	0.00635	0.01111
25	0.02747	0.02158	0.02422	0.02128	0.02666	0.02503	0.01682	0.05060	0.43571	0.10125	0.03838	0.03610	0.02862	0.01425	0.01309	0.00356	0.07839	0.01116	0.01001	0.01580
26	0.02347	0.02267	0.03778	0.03927	0.23461	0.02044	0.13946	0.02954	0.02272	0.03334	0.01921	0.02426	0.01567	0.00841	0.00958	0.00253	0.01151	0.00859	0.00551	0.29143
27	0.01393	0.00998	0.01300	0.01323	0.01494	0.00929	0.00942	0.01753	0.02528	0.03523	0.37873	0.24690	0.08423	0.06289	0.01491	0.00393	0.00550	0.02159	0.01044	0.00905
28	0.02307	0.01735	0.02504	0.09157	0.17068	0.01703	0.01842	0.05556	0.02531	0.08001	0.13088	0.07169	0.03625	0.01343	0.01005	0.00292	0.00880	0.01184	0.08674	0.10334

[dist]
# distance from previous block
# <min> <max>
3	9

[block]
# block no. 1 follows, 14 sequences, length 13
# corresponding to MSA columns:
# 212-224
name=unknown_B
#
# <colnr> <probs for GDERKNQSTAVLIFYWHMCP>
#	G	D	E	R	K	N	Q	S	T	A	V	L	I	F	Y	W	H	M	C	P
0	0.02454	0.02266	0.03392	0.03774	0.22243	0.02401	0.07255	0.06225	0.13620	0.03662	0.06342	0.03126	0.02481	0.01206	0.01319	0.00323	0.08491	0.01034	0.00697	0.07689
1	0.01362	0.01045	0.01246	0.01196	0.01477	0.00930	0.00897	0.01761	0.02691	0.03607	0.39348	0.08503	0.27645	0.02288	0.01211	0.00332	0.00498	0.01973	0.01063	0.00930
2	0.01803	0.08836	0.14048	0.12461	0.03249	0.01828	0.01978	0.02454	0.02511	0.03486	0.29689	0.04995	0.05554	0.01542	0.01069	0.00316	0.00923	0.01319	0.00790	0.01151
3	0.01266	0.01027	0.01123	0.01130	0.01427	0.00884	0.00836	0.01565	0.02421	0.03038	0.19661	0.14561	0.42369	0.02554	0.01222	0.00348	0.00520	0.02174	0.00990	0.00884
4	0.02449	0.18502	0.02880	0.01842	0.02407	0.11302	0.01505	0.03573	0.19548	0.03118	0.04323	0.08834	0.12573	0.01575	0.00978	0.00307	0.00975	0.01250	0.00784	0.01275
5	0.04604	0.01746	0.02382	0.01826	0.02620	0.01508	0.01508	0.05001	0.02937	0.58244	0.04049	0.03493	0.02540	0.01270	0.01032	0.00318	0.00873	0.01032	0.01270	0.01746
6	0.02103	0.08756	0.41825	0.02565	0.03786	0.02374	0.03080	0.03366	0.08754	0.03409	0.07966	0.02917	0.02417	0.01138	0.00986	0.00320	0.01291	0.00909	0.00582	0.01457
7	0.02477	0.03531	0.25598	0.03174	0.04356	0.02248	0.22414	0.03370	0.02342	0.09129	0.02164	0.02534	0.01557	0.00938	0.01045	0.00311	0.01438	0.00943	0.00577	0.09853
8	0.02508	0.02247	0.02319	0.01731	0.02595	0.07222	0.01379	0.09003	0.02532	0.03644	0.01879	0.02142	0.01528	0.00846	0.00808	0.00182	0.00910	0.00652	0.00651	0.55221
9	0.02486	0.02383	0.04067	0.11278	0.52979	0.02424	0.03122	0.03102	0.02311	0.03287	0.01921	0.02558	0.01602	0.00924	0.01017	0.00308	0.01233	0.00914	0.00503	0.01582
10	0.01473	0.01073	0.01514	0.01514	0.01650	0.01209	0.01114	0.01746	0.01609	0.02282	0.02873	0.04717	0.02863	0.22067	0.45904	0.01482	0.02301	0.01200	0.00568	0.00841
11	0.01452	0.01049	0.01372	0.01291	0.01533	0.00968	0.00968	0.01937	0.02905	0.04115	0.56992	0.07666	0.09683	0.02098	0.01210	0.00323	0.00484	0.01856	0.01130	0.00968
12	0.01913	0.00956	0.00956	0.00956	0.01196	0.00956	0.00717	0.02391	0.02152	0.03826	0.03348	0.03826	0.02630	0.01196	0.00717	0.00239	0.00478	0.00956	0.69632	0.00956

[dist]
# distance from previous block
# <min> <max>
0	1

[block]
# block no. 2 follows, 14 sequences, length 27
# corresponding to MSA columns:
# 226-252
name=unknown_C
#
# <colnr> <probs for GDERKNQSTAVLIFYWHMCP>
#	G	D	E	R	K	N	Q	S	T	A	V	L	I	F	Y	W	H	M	C	P
0	0.01938	0.01824	0.03078	0.61468	0.07068	0.02280	0.02850	0.02622	0.02052	0.02622	0.01824	0.02736	0.01368	0.01026	0.01026	0.00342	0.01368	0.00912	0.00456	0.01140
1	0.21668	0.01807	0.02158	0.01704	0.02457	0.01712	0.01407	0.04493	0.02632	0.44496	0.03377	0.03025	0.02174	0.01189	0.00930	0.00318	0.00853	0.00910	0.01107	0.01584
2	0.71184	0.01985	0.01508	0.01350	0.01985	0.02302	0.01111	0.03017	0.01746	0.04604	0.01429	0.01667	0.01111	0.00953	0.00635	0.00318	0.00794	0.00556	0.00635	0.01111
3	0.01421	0.01118	0.01512	0.01620	0.01682	0.01208	0.01158	0.01628	0.01966	0.02697	0.08435	0.49852	0.06121	0.02915	0.01629	0.00416	0.10322	0.02526	0.00885	0.00888
4	0.02540	0.02438	0.04165	0.06299	0.57533	0.02438	0.03149	0.03149	0.02337	0.03353	0.01930	0.02540	0.01626	0.00914	0.01016	0.00305	0.01219	0.00914	0.00508	0.01626
5	0.01279	0.00914	0.01224	0.01462	0.01534	0.00858	0.01002	0.01478	0.01993	0.02652	0.05640	0.59594	0.06725	0.03188	0.01317	0.00421	0.00620	0.06306	0.00952	0.00841
6	0.02058	0.05308	0.58618	0.02925	0.04442	0.02383	0.03792	0.03250	0.02167	0.03250	0.01842	0.02167	0.01300	0.00975	0.00975	0.00325	0.01517	0.00758	0.00433	0.01517
7	0.09065	0.02181	0.03438	0.12838	0.35110	0.02230	0.02616	0.03408	0.02355	0.13589	0.02264	0.02666	0.01713	0.01000	0.00986	0.00314	0.01137	0.00903	0.00654	0.01533
8	0.04604	0.01746	0.02382	0.01826	0.02620	0.01508	0.01508	0.05001	0.02937	0.58244	0.04049	0.03493	0.02540	0.01270	0.01032	0.00318	0.00873	0.01032	0.01270	0.01746
9	0.01250	0.00893	0.01191	0.01429	0.01488	0.00834	0.00953	0.01429	0.01965	0.02620	0.05656	0.63265	0.06787	0.03215	0.01310	0.00417	0.00595	0.02917	0.00953	0.00834
10	0.02627	0.14199	0.24977	0.03038	0.04194	0.02627	0.19464	0.03460	0.02337	0.10293	0.02135	0.02446	0.01549	0.00961	0.01005	0.00313	0.01430	0.00906	0.00571	0.01469
11	0.02077	0.02286	0.07542	0.02590	0.02826	0.02593	0.07024	0.02425	0.01720	0.02569	0.01954	0.06192	0.01960	0.07989	0.06166	0.00546	0.38836	0.01096	0.00504	0.01104
12	0.01603	0.00956	0.01202	0.01202	0.01202	0.00956	0.00724	0.01433	0.01433	0.01911	0.02683	0.05350	0.02991	0.41012	0.04763	0.27250	0.00956	0.01264	0.00555	0.00555
13	0.42873	0.03100	0.16334	0.01907	0.02768	0.07776	0.01906	0.03304	0.02039	0.07400	0.01713	0.01926	0.01269	0.00988	0.00775	0.00314	0.01085	0.00647	0.00613	0.01262
14	0.01317	0.01040	0.01193	0.01211	0.01494	0.00916	0.00916	0.01647	0.02462	0.03149	0.22305	0.14249	0.35522	0.02537	0.01237	0.00356	0.00551	0.06000	0.01001	0.00897
15	0.02983	0.54280	0.04924	0.01846	0.02684	0.09210	0.01760	0.03311	0.02226	0.06481	0.01632	0.01800	0.01406	0.00924	0.00711	0.00231	0.01153	0.00595	0.00508	0.01336
16	0.01488	0.01097	0.01416	0.01323	0.01602	0.00988	0.00987	0.01941	0.02752	0.03909	0.47600	0.12536	0.08743	0.02096	0.01183	0.00318	0.00517	0.01856	0.01070	0.06578
17	0.02513	0.07448	0.07181	0.30806	0.05021	0.02661	0.02450	0.13740	0.11127	0.03706	0.02297	0.02723	0.01716	0.01111	0.00995	0.00325	0.01220	0.00913	0.00663	0.01383
18	0.64638	0.07968	0.01878	0.01388	0.02047	0.02470	0.01173	0.03022	0.01779	0.04395	0.01429	0.01665	0.01131	0.00945	0.00637	0.00308	0.00823	0.00555	0.00616	0.01131
19	0.01746	0.01420	0.02168	0.02967	0.19181	0.01387	0.01695	0.02125	0.02192	0.03064	0.07787	0.32172	0.05030	0.02261	0.01185	0.00370	0.00809	0.06425	0.04906	0.01109
20	0.01964	0.01653	0.02011	0.11428	0.02893	0.01828	0.01529	0.03459	0.24541	0.03816	0.21677	0.05485	0.10152	0.01679	0.01112	0.00339	0.00768	0.01444	0.00967	0.01258
21	0.03792	0.01551	0.02047	0.01632	0.02287	0.01356	0.01326	0.04193	0.02812	0.43723	0.09288	0.04410	0.07533	0.01444	0.01032	0.00313	0.00772	0.01190	0.07770	0.01530
22	0.01250	0.00893	0.01191	0.01429	0.01488	0.00834	0.00953	0.01429	0.01965	0.02620	0.05656	0.63265	0.06787	0.03215	0.01310	0.00417	0.00595	0.02917	0.00953	0.00834
23	0.02744	0.64552	0.05378	0.01756	0.02634	0.04061	0.01756	0.03073	0.02085	0.02414	0.01427	0.01646	0.01317	0.00878	0.00658	0.00219	0.01097	0.00549	0.00439	0.01317
24	0.04065	0.02612	0.02917	0.02237	0.03051	0.02793	0.01848	0.42676	0.04385	0.18524	0.02833	0.02703	0.01930	0.01241	0.01028	0.00310	0.01070	0.00949	0.01083	0.01745
25	0.71184	0.01985	0.01508	0.01350	0.01985	0.02302	0.01111	0.03017	0.01746	0.04604	0.01429	0.01667	0.01111	0.00953	0.00635	0.00318	0.00794	0.00556	0.00635	0.01111
26	0.01663	0.01553	0.02902	0.02448	0.02852	0.01453	0.19546	0.02083	0.02126	0.02854	0.04397	0.41983	0.04947	0.02388	0.01275	0.00392	0.00995	0.02317	0.00800	0.01027

[dist]
# distance from previous block
# <min> <max>
0	3

[block]
# block no. 3 follows, 14 sequences, length 51
# corresponding to MSA columns:
# 256-306
name=unknown_D
#
# <colnr> <probs for GDERKNQSTAVLIFYWHMCP>
#	G	D	E	R	K	N	Q	S	T	A	V	L	I	F	Y	W	H	M	C	P
0	0.03682	0.02711	0.02924	0.02284	0.03042	0.02988	0.01868	0.49754	0.04588	0.06149	0.02728	0.07492	0.02162	0.01396	0.01050	0.00317	0.01085	0.01089	0.01020	0.01670
1	0.02553	0.02204	0.02320	0.02088	0.02669	0.02553	0.01624	0.05453	0.55679	0.04293	0.04177	0.03829	0.03133	0.01392	0.01044	0.00348	0.00812	0.01160	0.01044	0.01624
2	0.71184	0.01985	0.01508	0.01350	0.01985	0.02302	0.01111	0.03017	0.01746	0.04604	0.01429	0.01667	0.01111	0.00953	0.00635	0.00318	0.00794	0.00556	0.00635	0.01111
3	0.71184	0.01985	0.01508	0.01350	0.01985	0.02302	0.01111	0.03017	0.01746	0.04604	0.01429	0.01667	0.01111	0.00953	0.00635	0.00318	0.00794	0.00556	0.00635	0.01111
4	0.01492	0.00995	0.01119	0.01119	0.01119	0.00995	0.00622	0.01492	0.01492	0.01990	0.03233	0.06716	0.03731	0.63935	0.05223	0.00995	0.00995	0.01492	0.00622	0.00622
5	0.02831	0.02221	0.02387	0.02089	0.02706	0.02517	0.01641	0.09340	0.47216	0.08930	0.04028	0.03691	0.02972	0.01369	0.01042	0.00342	0.00843	0.01131	0.01061	0.01644
6	0.02744	0.64552	0.05378	0.01756	0.02634	0.04061	0.01756	0.03073	0.02085	0.02414	0.01427	0.01646	0.01317	0.00878	0.00658	0.00219	0.01097	0.00549	0.00439	0.01317
7	0.01913	0.00956	0.00956	0.00956	0.01196	0.00956	0.00717	0.02391	0.02152	0.03826	0.03348	0.03826	0.02630	0.01196	0.00717	0.00239	0.00478	0.00956	0.69632	0.00956
8	0.01528	0.00964	0.01289	0.01462	0.01582	0.00889	0.00999	0.01724	0.02045	0.07220	0.05523	0.58322	0.06436	0.03054	0.01287	0.00409	0.00618	0.02761	0.00979	0.00909
9	0.01250	0.00893	0.01191	0.01429	0.01488	0.00834	0.00953	0.01429	0.01965	0.02620	0.05656	0.63265	0.06787	0.03215	0.01310	0.00417	0.00595	0.02917	0.00953	0.00834
10	0.02387	0.02699	0.05836	0.08527	0.05489	0.02572	0.50059	0.03238	0.02395	0.03238	0.02058	0.02766	0.01543	0.00877	0.01197	0.00346	0.01703	0.01189	0.00514	0.01366
11	0.07336	0.02558	0.02898	0.16034	0.03843	0.14059	0.05416	0.06625	0.02371	0.07588	0.02043	0.02626	0.01631	0.02041	0.09052	0.00508	0.10653	0.00890	0.00605	0.01224
12	0.71184	0.01985	0.01508	0.01350	0.01985	0.02302	0.01111	0.03017	0.01746	0.04604	0.01429	0.01667	0.01111	0.00953	0.00635	0.00318	0.00794	0.00556	0.00635	0.01111
13	0.04000	0.01621	0.02143	0.01686	0.02400	0.01394	0.01379	0.04373	0.02831	0.48368	0.05179	0.04629	0.12257	0.01507	0.01064	0.00323	0.00810	0.01234	0.01214	0.01590
14	0.03516	0.02241	0.07359	0.06874	0.14060	0.01989	0.02161	0.04222	0.06682	0.31798	0.03155	0.03100	0.02157	0.01198	0.01156	0.00327	0.04472	0.00981	0.00932	0.01619
15	0.02606	0.02259	0.03636	0.18502	0.34043	0.02440	0.02818	0.06425	0.02414	0.07099	0.02041	0.02624	0.01614	0.01054	0.01201	0.00326	0.05912	0.00921	0.00578	0.01488
16	0.01452	0.01049	0.01372	0.01291	0.01533	0.00968	0.00968	0.01937	0.02905	0.04115	0.56992	0.07666	0.09683	0.02098	0.01210	0.00323	0.00484	0.01856	0.01130	0.00968
17	0.01429	0.01087	0.01543	0.01538	0.01748	0.01202	0.01189	0.01788	0.01834	0.02557	0.07576	0.05114	0.10819	0.06585	0.47478	0.01372	0.02275	0.01303	0.00647	0.00913
18	0.71184	0.01985	0.01508	0.01350	0.01985	0.02302	0.01111	0.03017	0.01746	0.04604	0.01429	0.01667	0.01111	0.00953	0.00635	0.00318	0.00794	0.00556	0.00635	0.01111
19	0.01388	0.01046	0.01282	0.01223	0.01493	0.00941	0.00917	0.01811	0.02752	0.03752	0.44403	0.08263	0.22499	0.02233	0.01211	0.00329	0.00494	0.01940	0.01082	0.00941
20	0.02744	0.64552	0.05378	0.01756	0.02634	0.04061	0.01756	0.03073	0.02085	0.02414	0.01427	0.01646	0.01317	0.00878	0.00658	0.00219	0.01097	0.00549	0.00439	0.01317
21	0.01452	0.01049	0.01372	0.01291	0.01533	0.00968	0.00968	0.01937	0.02905	0.04115	0.56992	0.07666	0.09683	0.02098	0.01210	0.00323	0.00484	0.01856	0.01130	0.00968
22	0.71184	0.01985	0.01508	0.01350	0.01985	0.02302	0.01111	0.03017	0.01746	0.04604	0.01429	0.01667	0.01111	0.00953	0.00635	0.00318	0.00794	0.00556	0.00635	0.01111
23	0.01572	0.01244	0.01809	0.01749	0.01895	0.01509	0.01362	0.01892	0.01627	0.02365	0.02598	0.03991	0.02489	0.11048	0.48339	0.01442	0.10503	0.01102	0.00542	0.00922
24	0.52992	0.02634	0.01898	0.01680	0.02306	0.14029	0.01345	0.06675	0.02189	0.04305	0.01530	0.01758	0.01197	0.00993	0.00720	0.00306	0.01031	0.00602	0.00640	0.01170
25	0.02422	0.02768	0.06055	0.04325	0.05363	0.02595	0.53806	0.03287	0.02422	0.03287	0.02076	0.02768	0.01557	0.00865	0.01211	0.00346	0.01730	0.01211	0.00519	0.01384
26	0.01382	0.00994	0.01308	0.01339	0.01517	0.00921	0.00963	0.01758	0.02575	0.03591	0.38982	0.27171	0.08667	0.02490	0.01245	0.00356	0.00523	0.02228	0.01068	0.00921
27	0.03875	0.01785	0.02453	0.01995	0.02586	0.01783	0.01660	0.04247	0.02625	0.42424	0.03677	0.04046	0.02645	0.01521	0.01507	0.00357	0.12340	0.05837	0.01085	0.01552
28	0.08975	0.20991	0.38672	0.02456	0.03714	0.02829	0.02981	0.03179	0.02104	0.03156	0.01689	0.01977	0.01286	0.00947	0.00856	0.00296	0.01333	0.00682	0.00454	0.01423
29	0.02339	0.02141	0.03458	0.36434	0.24324	0.02423	0.02867	0.07821	0.02422	0.03252	0.01923	0.02641	0.01495	0.01007	0.01023	0.00326	0.01293	0.00914	0.00530	0.01369
30	0.01263	0.01042	0.01110	0.01093	0.01417	0.00888	0.00820	0.01571	0.02459	0.03056	0.20238	0.09409	0.47097	0.02493	0.01212	0.00342	0.00512	0.02100	0.00990	0.00888
31	0.02198	0.01816	0.03010	0.55660	0.06635	0.02205	0.02719	0.02854	0.02138	0.08039	0.02041	0.02810	0.01482	0.01050	0.01027	0.00340	0.01320	0.00924	0.00535	0.01199
32	0.02255	0.02183	0.03620	0.18768	0.04610	0.02361	0.18296	0.03717	0.20093	0.03511	0.07249	0.03518	0.02703	0.01186	0.01105	0.00344	0.01224	0.01167	0.00727	0.01364
33	0.02677	0.58783	0.10562	0.01870	0.02810	0.03897	0.01954	0.03090	0.02093	0.02496	0.01467	0.01697	0.01315	0.00887	0.00689	0.00230	0.01138	0.00569	0.00438	0.01336
34	0.02286	0.03461	0.28791	0.02206	0.03394	0.01858	0.02453	0.03084	0.02209	0.07529	0.02004	0.02251	0.01495	0.00901	0.00882	0.00246	0.01126	0.00712	0.00577	0.32535
35	0.01938	0.01824	0.03078	0.61468	0.07068	0.02280	0.02850	0.02622	0.02052	0.02622	0.01824	0.02736	0.01368	0.01026	0.01026	0.00342	0.01368	0.00912	0.00456	0.01140
36	0.01452	0.01049	0.01372	0.01291	0.01533	0.00968	0.00968	0.01937	0.02905	0.04115	0.56992	0.07666	0.09683	0.02098	0.01210	0.00323	0.00484	0.01856	0.01130	0.00968
37	0.01693	0.01354	0.01743	0.09488	0.02464	0.01414	0.01322	0.02610	0.11957	0.03853	0.37154	0.06488	0.10705	0.01866	0.01157	0.00331	0.00662	0.01629	0.01012	0.01099
38	0.01420	0.01048	0.01327	0.01257	0.01513	0.00954	0.00943	0.01873	0.02828	0.03932	0.50648	0.07967	0.16141	0.02166	0.01211	0.00326	0.00489	0.01898	0.01106	0.00954
39	0.01618	0.01170	0.01604	0.01821	0.02066	0.01156	0.01583	0.02073	0.02361	0.03047	0.05834	0.11439	0.10036	0.02816	0.01401	0.00462	0.00911	0.46718	0.00946	0.00939
40	0.02058	0.05308	0.58618	0.02925	0.04442	0.02383	0.03792	0.03250	0.02167	0.03250	0.01842	0.02167	0.01300	0.00975	0.00975	0.00325	0.01517	0.00758	0.00433	0.01517
41	0.02101	0.01990	0.03372	0.46563	0.20703	0.02323	0.02931	0.02764	0.02129	0.02819	0.01853	0.02683	0.01438	0.00996	0.01023	0.00332	0.01328	0.00913	0.00470	0.01271
42	0.02206	0.01814	0.02130	0.01881	0.02307	0.02006	0.04689	0.03995	0.33244	0.03567	0.03718	0.04539	0.03151	0.18240	0.02158	0.00514	0.00895	0.01237	0.06427	0.01284
43	0.03833	0.04891	0.02908	0.02644	0.03173	0.59815	0.01983	0.04098	0.02908	0.02512	0.01586	0.01851	0.01322	0.01058	0.00925	0.00264	0.01851	0.00661	0.00529	0.01190
44	0.01250	0.00893	0.01191	0.01429	0.01488	0.00834	0.00953	0.01429	0.01965	0.02620	0.05656	0.63265	0.06787	0.03215	0.01310	0.00417	0.00595	0.02917	0.00953	0.00834
45	0.01938	0.01824	0.03078	0.61468	0.07068	0.02280	0.02850	0.02622	0.02052	0.02622	0.01824	0.02736	0.01368	0.01026	0.01026	0.00342	0.01368	0.00912	0.00456	0.01140
46	0.02218	0.01675	0.02416	0.05888	0.02605	0.02096	0.01785	0.02554	0.01818	0.09927	0.02322	0.03186	0.02015	0.04128	0.26384	0.00923	0.25335	0.01001	0.00602	0.01122
47	0.01293	0.00926	0.01229	0.01400	0.01498	0.00862	0.00956	0.01537	0.02165	0.02939	0.16601	0.51411	0.07405	0.02977	0.01289	0.00397	0.00572	0.02691	0.00990	0.00862
48	0.11414	0.02330	0.06933	0.23268	0.09982	0.02342	0.10598	0.03414	0.09466	0.06977	0.02290	0.02743	0.01702	0.01042	0.01003	0.00334	0.01238	0.00945	0.00627	0.01353
49	0.02167	0.06024	0.02434	0.01725	0.02455	0.01533	0.04740	0.02579	0.02163	0.06709	0.02768	0.15141	0.02688	0.01327	0.00917	0.00236	0.00821	0.01160	0.00706	0.41707
50	0.07217	0.02395	0.12879	0.02484	0.03226	0.01770	0.15786	0.02532	0.02129	0.03162	0.03170	0.23093	0.03253	0.01678	0.01098	0.00338	0.01103	0.01580	0.00672	0.10434

[dist]
# distance from previous block
# <min> <max>
0	4

[block]
# block no. 4 follows, 14 sequences, length 30
# corresponding to MSA columns:
# 311-340
name=unknown_E
#
# <colnr> <probs for GDERKNQSTAVLIFYWHMCP>
#	G	D	E	R	K	N	Q	S	T	A	V	L	I	F	Y	W	H	M	C	P
0	0.12578	0.01772	0.01989	0.01515	0.02312	0.01480	0.01207	0.02778	0.02131	0.08359	0.02246	0.06697	0.01939	0.01015	0.00806	0.00211	0.00763	0.00808	0.00696	0.48696
1	0.02501	0.16450	0.17950	0.05719	0.03144	0.02413	0.02146	0.06943	0.05987	0.08136	0.02683	0.07988	0.02236	0.01258	0.00918	0.00299	0.01064	0.01003	0.09804	0.01358
2	0.02073	0.01679	0.02744	0.06394	0.06440	0.01555	0.11761	0.02556	0.02309	0.07884	0.07358	0.17930	0.07499	0.01777	0.01140	0.00335	0.00973	0.05211	0.00792	0.11589
3	0.01491	0.01041	0.01337	0.01263	0.01505	0.00967	0.00948	0.01974	0.02843	0.04091	0.52550	0.07348	0.09099	0.02023	0.01170	0.00316	0.00484	0.01781	0.06802	0.00967
4	0.02684	0.59435	0.09976	0.01857	0.02790	0.03916	0.01932	0.03088	0.02092	0.02487	0.01463	0.01691	0.01315	0.00886	0.00686	0.00229	0.01134	0.00567	0.00438	0.01334
5	0.01279	0.00985	0.01169	0.01244	0.01457	0.00875	0.00887	0.01555	0.02315	0.03000	0.18510	0.30124	0.27451	0.02731	0.01250	0.00369	0.00542	0.02391	0.00991	0.00875
6	0.03229	0.01442	0.01941	0.01593	0.02146	0.01273	0.01273	0.03664	0.02923	0.34630	0.27146	0.05313	0.05656	0.01631	0.01110	0.00320	0.00703	0.01391	0.01209	0.01407
7	0.02414	0.02017	0.02141	0.01939	0.02466	0.02304	0.01503	0.04936	0.47367	0.04244	0.08489	0.04146	0.03638	0.01436	0.01034	0.00338	0.00760	0.01203	0.06103	0.01521
8	0.01250	0.00893	0.01191	0.01429	0.01488	0.00834	0.00953	0.01429	0.01965	0.02620	0.05656	0.63265	0.06787	0.03215	0.01310	0.00417	0.00595	0.02917	0.00953	0.00834
9	0.02744	0.64552	0.05378	0.01756	0.02634	0.04061	0.01756	0.03073	0.02085	0.02414	0.01427	0.01646	0.01317	0.00878	0.00658	0.00219	0.01097	0.00549	0.00439	0.01317
10	0.01250	0.00893	0.01191	0.01429	0.01488	0.00834	0.00953	0.01429	0.01965	0.02620	0.05656	0.63265	0.06787	0.03215	0.01310	0.00417	0.00595	0.02917	0.00953	0.00834
11	0.03901	0.02874	0.03080	0.02361	0.03182	0.03182	0.01951	0.54111	0.04825	0.06468	0.02464	0.02464	0.01745	0.01232	0.01027	0.00308	0.01129	0.00924	0.01027	0.01745
12	0.01492	0.00995	0.01119	0.01119	0.01119	0.00995	0.00622	0.01492	0.01492	0.01990	0.03233	0.06716	0.03731	0.63935	0.05223	0.00995	0.00995	0.01492	0.00622	0.00622
13	0.01213	0.01040	0.01040	0.01040	0.01386	0.00866	0.00780	0.01473	0.02339	0.02772	0.10396	0.09876	0.57117	0.02599	0.01213	0.00347	0.00520	0.02166	0.00953	0.00866
14	0.03901	0.02874	0.03080	0.02361	0.03182	0.03182	0.01951	0.54111	0.04825	0.06468	0.02464	0.02464	0.01745	0.01232	0.01027	0.00308	0.01129	0.00924	0.01027	0.01745
15	0.01420	0.01024	0.01343	0.01313	0.01526	0.00947	0.00966	0.01856	0.02756	0.03878	0.48862	0.16470	0.09224	0.02275	0.01226	0.00338	0.00502	0.02024	0.01102	0.00947
16	0.01542	0.00967	0.01294	0.01463	0.01587	0.00892	0.01001	0.01740	0.02049	0.07456	0.05516	0.58068	0.06418	0.03046	0.01286	0.00408	0.00620	0.02753	0.00980	0.00913
17	0.02204	0.02036	0.03391	0.05032	0.42950	0.02021	0.02578	0.02702	0.02240	0.03162	0.02900	0.18341	0.02969	0.01513	0.01092	0.00334	0.01057	0.01436	0.00624	0.01419
18	0.01452	0.01049	0.01372	0.01291	0.01533	0.00968	0.00968	0.01937	0.02905	0.04115	0.56992	0.07666	0.09683	0.02098	0.01210	0.00323	0.00484	0.01856	0.01130	0.00968
19	0.01285	0.00953	0.01206	0.01377	0.01518	0.00874	0.00971	0.01521	0.02127	0.02777	0.09807	0.45427	0.16832	0.02995	0.01292	0.00401	0.00599	0.06216	0.00963	0.00857
20	0.20189	0.11218	0.02451	0.01511	0.02346	0.02012	0.01269	0.02769	0.02022	0.03533	0.01662	0.01936	0.01383	0.00828	0.00712	0.00205	0.00819	0.00586	0.00590	0.41958
21	0.08990	0.01900	0.02376	0.01862	0.02628	0.01799	0.01529	0.09145	0.07603	0.45355	0.03741	0.03306	0.02424	0.01255	0.01005	0.00319	0.00885	0.01001	0.01185	0.01692
22	0.01420	0.01048	0.01327	0.01257	0.01514	0.00955	0.00943	0.01875	0.02829	0.03936	0.50772	0.07961	0.16014	0.02165	0.01211	0.00326	0.00489	0.01897	0.01106	0.00955
23	0.02585	0.01482	0.01731	0.01526	0.01980	0.01500	0.01191	0.03677	0.16432	0.16386	0.16053	0.04634	0.04362	0.01471	0.00987	0.00305	0.00656	0.01233	0.20496	0.01313
24	0.08078	0.11612	0.03320	0.06755	0.11355	0.02695	0.02006	0.20533	0.03209	0.16905	0.02479	0.02555	0.01777	0.01107	0.00945	0.00299	0.01073	0.00866	0.00851	0.01579
25	0.01847	0.01132	0.01454	0.01345	0.01663	0.01019	0.01018	0.02262	0.02750	0.11434	0.38745	0.12315	0.14750	0.02147	0.01194	0.00334	0.00554	0.01875	0.01110	0.01052
26	0.01687	0.01279	0.01533	0.01605	0.01837	0.01305	0.01168	0.06597	0.09839	0.03230	0.05507	0.42210	0.09495	0.02716	0.01248	0.00396	0.00690	0.05653	0.00971	0.01034
27	0.02237	0.02169	0.03805	0.32910	0.28393	0.02375	0.07507	0.02906	0.02206	0.02992	0.01892	0.02655	0.01494	0.00964	0.01038	0.00327	0.01337	0.00940	0.00484	0.01368
28	0.02128	0.01824	0.02128	0.01520	0.02432	0.01368	0.01216	0.02584	0.02128	0.03344	0.01824	0.02128	0.01520	0.00760	0.00760	0.00152	0.00760	0.00608	0.00608	0.70208
29	0.15805	0.23620	0.11670	0.07191	0.03129	0.07706	0.01965	0.03162	0.02182	0.07137	0.02393	0.02585	0.05480	0.01091	0.00826	0.00285	0.01132	0.00778	0.00584	0.01279

[dist]
# distance from previous block
# <min> <max>
1	3

[block]
# block no. 5 follows, 14 sequences, length 71
# corresponding to MSA columns:
# 344-359,379-433
name=unknown_F
#
# <colnr> <probs for GDERKNQSTAVLIFYWHMCP>
#	G	D	E	R	K	N	Q	S	T	A	V	L	I	F	Y	W	H	M	C	P
0	0.02247	0.07486	0.16626	0.17465	0.04556	0.02621	0.09660	0.03451	0.12928	0.03169	0.02261	0.02697	0.01729	0.01133	0.01254	0.00342	0.07489	0.00939	0.00576	0.01371
1	0.01615	0.01027	0.01391	0.01564	0.01723	0.00966	0.01154	0.01877	0.02133	0.07288	0.05475	0.46862	0.06243	0.02971	0.01311	0.00421	0.00696	0.13371	0.00977	0.00933
2	0.01387	0.01011	0.01304	0.01306	0.01512	0.00929	0.00951	0.01781	0.02639	0.03659	0.41310	0.21119	0.12462	0.02402	0.01234	0.00347	0.00513	0.02132	0.01074	0.00929
3	0.01961	0.01161	0.01535	0.01377	0.01708	0.01055	0.01055	0.02431	0.02910	0.12846	0.48452	0.06993	0.08531	0.01964	0.01182	0.00322	0.00547	0.01723	0.01152	0.01094
4	0.01250	0.00893	0.01191	0.01429	0.01488	0.00834	0.00953	0.01429	0.01965	0.02620	0.05656	0.63265	0.06787	0.03215	0.01310	0.00417	0.00595	0.02917	0.00953	0.00834
5	0.01230	0.01040	0.01063	0.01058	0.01397	0.00874	0.00793	0.01506	0.02380	0.02868	0.13729	0.09718	0.53723	0.02563	0.01213	0.00345	0.00517	0.02144	0.00966	0.00874
6	0.02540	0.02438	0.04165	0.06299	0.57533	0.02438	0.03149	0.03149	0.02337	0.03353	0.01930	0.02540	0.01626	0.00914	0.01016	0.00305	0.01219	0.00914	0.00508	0.01626
7	0.02128	0.01824	0.02128	0.01520	0.02432	0.01368	0.01216	0.02584	0.02128	0.03344	0.01824	0.02128	0.01520	0.00760	0.00760	0.00152	0.00760	0.00608	0.00608	0.70208
8	0.02422	0.02768	0.06055	0.04325	0.05363	0.02595	0.53806	0.03287	0.02422	0.03287	0.02076	0.02768	0.01557	0.00865	0.01211	0.00346	0.01730	0.01211	0.00519	0.01384
9	0.01492	0.00995	0.01119	0.01119	0.01119	0.00995	0.00622	0.01492	0.01492	0.01990	0.03233	0.06716	0.03731	0.63935	0.05223	0.00995	0.00995	0.01492	0.00622	0.00622
10	0.02058	0.05308	0.58618	0.02925	0.04442	0.02383	0.03792	0.03250	0.02167	0.03250	0.01842	0.02167	0.01300	0.00975	0.00975	0.00325	0.01517	0.00758	0.00433	0.01517
11	0.04604	0.01746	0.02382	0.01826	0.02620	0.01508	0.01508	0.05001	0.02937	0.58244	0.04049	0.03493	0.02540	0.01270	0.01032	0.00318	0.00873	0.01032	0.01270	0.01746
12	0.47243	0.01998	0.02082	0.14378	0.07105	0.02324	0.01657	0.03101	0.05348	0.04078	0.01726	0.02095	0.01333	0.00994	0.00771	0.00324	0.00946	0.00696	0.00615	0.01188
13	0.02056	0.01953	0.03250	0.48140	0.14455	0.02376	0.02846	0.02690	0.02056	0.02722	0.01801	0.02665	0.01406	0.01073	0.01218	0.00345	0.06361	0.00911	0.00463	0.01213
14	0.12385	0.09317	0.15812	0.06522	0.06787	0.02606	0.04974	0.14585	0.02806	0.11523	0.02197	0.02383	0.01580	0.01053	0.00933	0.00310	0.01185	0.00826	0.00717	0.01497
15	0.02571	0.02940	0.11086	0.03971	0.05037	0.02481	0.44280	0.03429	0.02440	0.07952	0.02220	0.02769	0.01614	0.00911	0.01172	0.00341	0.01636	0.01150	0.00574	0.01428
16	0.01369	0.01046	0.01257	0.01204	0.01482	0.00933	0.00903	0.01776	0.02709	0.03649	0.40826	0.08433	0.26140	0.02272	0.01211	0.00331	0.00497	0.01963	0.01068	0.00933
17	0.55291	0.02122	0.01876	0.05557	0.02526	0.02448	0.01368	0.11527	0.02281	0.04782	0.01628	0.01872	0.01235	0.01004	0.00727	0.00318	0.00888	0.00641	0.00688	0.01219
18	0.03742	0.02154	0.02681	0.02385	0.08285	0.02123	0.01753	0.21428	0.03439	0.27270	0.03693	0.03496	0.06629	0.01304	0.01029	0.00307	0.00962	0.01054	0.01048	0.05219
19	0.47368	0.02142	0.02430	0.03067	0.21257	0.02349	0.01818	0.03063	0.01951	0.04170	0.01603	0.01970	0.01290	0.00939	0.00767	0.00313	0.00941	0.00680	0.00591	0.01290
20	0.71184	0.01985	0.01508	0.01350	0.01985	0.02302	0.01111	0.03017	0.01746	0.04604	0.01429	0.01667	0.01111	0.00953	0.00635	0.00318	0.00794	0.00556	0.00635	0.01111
21	0.01412	0.01047	0.01316	0.01249	0.01508	0.00951	0.00936	0.01858	0.02809	0.03889	0.49126	0.08039	0.17690	0.02183	0.01211	0.00327	0.00490	0.01908	0.01100	0.00951
22	0.01452	0.01049	0.01372	0.01291	0.01533	0.00968	0.00968	0.01937	0.02905	0.04115	0.56992	0.07666	0.09683	0.02098	0.01210	0.00323	0.00484	0.01856	0.01130	0.00968
23	0.01999	0.01886	0.03189	0.55861	0.12197	0.02296	0.02880	0.02676	0.02081	0.02696	0.01835	0.02716	0.01394	0.01015	0.01025	0.00338	0.01353	0.00912	0.00461	0.01189
24	0.02744	0.64552	0.05378	0.01756	0.02634	0.04061	0.01756	0.03073	0.02085	0.02414	0.01427	0.01646	0.01317	0.00878	0.00658	0.00219	0.01097	0.00549	0.00439	0.01317
25	0.02863	0.01773	0.02165	0.01638	0.02442	0.01469	0.01317	0.03482	0.06348	0.20151	0.06619	0.03063	0.02532	0.01057	0.00896	0.00229	0.00778	0.00867	0.00878	0.39433
26	0.03258	0.02632	0.03676	0.04303	0.29082	0.06619	0.05938	0.15319	0.03052	0.12437	0.02364	0.02634	0.01767	0.01050	0.01027	0.00307	0.01225	0.00936	0.00747	0.01624
27	0.01428	0.01048	0.01338	0.01265	0.01518	0.00958	0.00949	0.01889	0.02847	0.03979	0.52256	0.07890	0.14504	0.02149	0.01211	0.00325	0.00488	0.01887	0.01112	0.00958
28	0.02245	0.02245	0.03143	0.02694	0.02694	0.03143	0.02245	0.02470	0.01572	0.02470	0.01347	0.02245	0.01347	0.01796	0.03368	0.00449	0.62057	0.00898	0.00449	0.01123
29	0.03031	0.02857	0.19119	0.17689	0.08250	0.02028	0.02636	0.03749	0.02443	0.24021	0.02683	0.02843	0.01813	0.01096	0.01013	0.00325	0.01212	0.00913	0.00763	0.01516
30	0.02374	0.04332	0.40365	0.03392	0.09829	0.02349	0.11217	0.03390	0.02287	0.07811	0.02069	0.02407	0.01475	0.00976	0.01020	0.00326	0.01466	0.00866	0.00523	0.01526
31	0.01452	0.01049	0.01372	0.01291	0.01533	0.00968	0.00968	0.01937	0.02905	0.04115	0.56992	0.07666	0.09683	0.02098	0.01210	0.00323	0.00484	0.01856	0.01130	0.00968
32	0.01218	0.01021	0.01059	0.01089	0.01399	0.00862	0.00802	0.01467	0.02292	0.02753	0.09795	0.16647	0.50734	0.02677	0.01225	0.00355	0.00529	0.02261	0.00953	0.00862
33	0.02532	0.13389	0.30417	0.02988	0.04199	0.02672	0.15728	0.05975	0.02410	0.07231	0.02026	0.02347	0.01479	0.00967	0.00992	0.00313	0.01440	0.00867	0.00546	0.01481
34	0.02580	0.02717	0.03480	0.26860	0.26573	0.14460	0.02788	0.03145	0.02347	0.02893	0.01817	0.02471	0.01462	0.00988	0.01001	0.00311	0.01410	0.00860	0.00492	0.01346
35	0.01418	0.01048	0.01324	0.01255	0.01512	0.00954	0.00941	0.01870	0.02823	0.03921	0.50254	0.07985	0.16542	0.02170	0.01211	0.00326	0.00489	0.01901	0.01104	0.00954
36	0.01843	0.01528	0.01674	0.01552	0.01965	0.01600	0.01189	0.03272	0.24745	0.03810	0.21829	0.06690	0.20335	0.01945	0.01142	0.00340	0.00631	0.01653	0.01044	0.01213
37	0.07844	0.02741	0.14505	0.07349	0.03588	0.02158	0.05900	0.08290	0.09304	0.23408	0.02963	0.02932	0.02021	0.01149	0.01007	0.00326	0.01120	0.00952	0.00880	0.01563
38	0.60814	0.01981	0.01638	0.01441	0.02086	0.02255	0.01181	0.03354	0.05696	0.08987	0.01840	0.01971	0.01373	0.01010	0.00697	0.00320	0.00802	0.00638	0.00716	0.01200
39	0.02431	0.01285	0.01555	0.01362	0.01824	0.01129	0.01055	0.02724	0.02428	0.21926	0.07059	0.06985	0.29902	0.07539	0.05668	0.00483	0.00841	0.01641	0.01007	0.01155
40	0.07633	0.03308	0.21984	0.03321	0.14958	0.02348	0.06144	0.10934	0.02711	0.09593	0.05458	0.02760	0.02067	0.01089	0.01003	0.00318	0.01230	0.00926	0.00686	0.01527
41	0.14479	0.02413	0.11499	0.01957	0.02747	0.01955	0.01807	0.04220	0.13617	0.24910	0.03392	0.07355	0.02529	0.01335	0.00980	0.00332	0.00934	0.01071	0.00956	0.01512
42	0.02447	0.01506	0.02083	0.01907	0.02183	0.01672	0.01530	0.02755	0.02103	0.16771	0.03604	0.12995	0.03452	0.07000	0.11185	0.00639	0.15237	0.08949	0.00832	0.01149
43	0.65462	0.02231	0.01627	0.01459	0.02086	0.07188	0.01185	0.03108	0.01845	0.04426	0.01442	0.01683	0.01129	0.00962	0.00660	0.00313	0.00884	0.00565	0.00626	0.01118
44	0.01503	0.01004	0.01316	0.01336	0.01397	0.01054	0.00887	0.01569	0.01559	0.02134	0.03094	0.10215	0.03371	0.33480	0.21308	0.10573	0.01479	0.01412	0.00604	0.00705
45	0.08188	0.07346	0.25174	0.06369	0.03842	0.02230	0.09587	0.03319	0.02347	0.11804	0.07756	0.02973	0.02368	0.01115	0.00995	0.00320	0.01245	0.00953	0.00663	0.01407
46	0.01826	0.01260	0.01566	0.01496	0.01791	0.01303	0.01135	0.07249	0.02204	0.03275	0.03452	0.17302	0.03381	0.03883	0.21411	0.00769	0.01383	0.01425	0.17013	0.06877
47	0.01847	0.01909	0.06412	0.07861	0.13079	0.01677	0.09799	0.02443	0.02524	0.03469	0.23380	0.05515	0.12595	0.01599	0.01144	0.00328	0.00958	0.01477	0.00793	0.01189
48	0.52018	0.06685	0.02059	0.05806	0.02523	0.06584	0.01372	0.03201	0.01955	0.07652	0.01639	0.01875	0.01253	0.00981	0.00712	0.00308	0.00939	0.00619	0.00642	0.01175
49	0.01926	0.01495	0.02000	0.01808	0.01932	0.01810	0.01412	0.02262	0.05540	0.02976	0.15646	0.04063	0.03768	0.02201	0.02559	0.16851	0.21964	0.01158	0.07689	0.00941
50	0.02236	0.01881	0.02215	0.07049	0.06650	0.02102	0.01676	0.04116	0.33091	0.03792	0.04493	0.04919	0.08561	0.01557	0.01063	0.00346	0.00841	0.05410	0.06609	0.01395
51	0.02071	0.04064	0.38949	0.02519	0.03662	0.02213	0.02945	0.03505	0.13095	0.03586	0.10295	0.03299	0.02884	0.01222	0.01023	0.00329	0.01225	0.00998	0.00658	0.01459
52	0.03901	0.02874	0.03080	0.02361	0.03182	0.03182	0.01951	0.54111	0.04825	0.06468	0.02464	0.02464	0.01745	0.01232	0.01027	0.00308	0.01129	0.00924	0.01027	0.01745
53	0.02128	0.01824	0.02128	0.01520	0.02432	0.01368	0.01216	0.02584	0.02128	0.03344	0.01824	0.02128	0.01520	0.00760	0.00760	0.00152	0.00760	0.00608	0.00608	0.70208
54	0.01220	0.01012	0.01068	0.01112	0.01405	0.00860	0.00812	0.01465	0.02269	0.02744	0.09512	0.19838	0.47726	0.02714	0.01231	0.00360	0.00534	0.02306	0.00953	0.00860
55	0.02490	0.02388	0.04076	0.10859	0.53362	0.02425	0.03125	0.03106	0.02313	0.03292	0.01922	0.02556	0.01604	0.00924	0.01017	0.00308	0.01231	0.00914	0.00504	0.01585
56	0.71184	0.01985	0.01508	0.01350	0.01985	0.02302	0.01111	0.03017	0.01746	0.04604	0.01429	0.01667	0.01111	0.00953	0.00635	0.00318	0.00794	0.00556	0.00635	0.01111
57	0.03807	0.21839	0.07974	0.01895	0.02775	0.02385	0.01775	0.04249	0.02605	0.36100	0.03040	0.02801	0.02052	0.01122	0.00910	0.00287	0.00997	0.00857	0.00939	0.01592
58	0.02746	0.02191	0.03608	0.05103	0.43410	0.02146	0.02676	0.03310	0.02487	0.11858	0.07852	0.03207	0.02585	0.01089	0.01038	0.00309	0.01091	0.01028	0.00688	0.01577
59	0.15866	0.03472	0.22005	0.02330	0.03356	0.02621	0.02401	0.23425	0.03193	0.08701	0.02168	0.02286	0.01529	0.01093	0.00936	0.00316	0.01183	0.00805	0.00765	0.01548
60	0.71184	0.01985	0.01508	0.01350	0.01985	0.02302	0.01111	0.03017	0.01746	0.04604	0.01429	0.01667	0.01111	0.00953	0.00635	0.00318	0.00794	0.00556	0.00635	0.01111
61	0.03833	0.04891	0.02908	0.02644	0.03173	0.59815	0.01983	0.04098	0.02908	0.02512	0.01586	0.01851	0.01322	0.01058	0.00925	0.00264	0.01851	0.00661	0.00529	0.01190
62	0.02442	0.02108	0.02215	0.02002	0.02563	0.02413	0.01555	0.05124	0.51271	0.04167	0.04691	0.04329	0.07595	0.01492	0.01058	0.00348	0.00788	0.01243	0.01037	0.01562
63	0.02058	0.05308	0.58618	0.02925	0.04442	0.02383	0.03792	0.03250	0.02167	0.03250	0.01842	0.02167	0.01300	0.00975	0.00975	0.00325	0.01517	0.00758	0.00433	0.01517
64	0.01492	0.00995	0.01119	0.01119	0.01119	0.00995	0.00622	0.01492	0.01492	0.01990	0.03233	0.06716	0.03731	0.63935	0.05223	0.00995	0.00995	0.01492	0.00622	0.00622
65	0.01247	0.00905	0.01178	0.01397	0.01480	0.00836	0.00938	0.01433	0.01995	0.02632	0.06045	0.58880	0.10921	0.03164	0.01302	0.00411	0.00589	0.02856	0.00953	0.00836
66	0.09368	0.01937	0.02425	0.01873	0.02660	0.01823	0.01547	0.12397	0.03140	0.46369	0.03614	0.03201	0.02314	0.01241	0.01002	0.00316	0.00907	0.00981	0.01186	0.01700
67	0.01769	0.01548	0.02251	0.02275	0.05682	0.01925	0.01681	0.02069	0.01722	0.02517	0.02713	0.13573	0.02813	0.04433	0.26306	0.00932	0.22858	0.01332	0.00582	0.01019
68	0.01492	0.00995	0.01119	0.01119	0.01119	0.00995	0.00622	0.01492	0.01492	0.01990	0.03233	0.06716	0.03731	0.63935	0.05223	0.00995	0.00995	0.01492	0.00622	0.00622
69	0.01996	0.02132	0.08144	0.15774	0.07116	0.02100	0.02112	0.03055	0.13882	0.03218	0.07979	0.10470	0.06816	0.01629	0.01373	0.00359	0.08529	0.01337	0.00731	0.01247
70	0.01864	0.01700	0.02753	0.43881	0.05593	0.02107	0.02474	0.02438	0.01998	0.02624	0.02362	0.07377	0.02135	0.01853	0.05578	0.00461	0.06544	0.04643	0.00530	0.01088

[dist]
# distance from previous block
# <min> <max>
0	54

# created by:
# /st0/software/busco_prod/Augustus/scripts/msa2prfl.pl ./align_prep/5188.fa
