[name]
unknown

[dist]
# distance from previous block
# <min> <max>
7	239

[block]
# block no. 0 follows, 11 sequences, length 14
# corresponding to MSA columns:
# 419-432
name=unknown_A
#
# <colnr> <probs for GDERKNQSTAVLIFYWHMCP>
#	G	D	E	R	K	N	Q	S	T	A	V	L	I	F	Y	W	H	M	C	P
0	0.02786	0.14904	0.03708	0.22094	0.04649	0.03094	0.02353	0.14078	0.02971	0.03840	0.02932	0.03377	0.06534	0.01388	0.01293	0.00349	0.06482	0.01049	0.00698	0.01421
1	0.01421	0.01000	0.01291	0.01504	0.01557	0.00947	0.00977	0.01580	0.02058	0.02744	0.05705	0.49894	0.06816	0.14200	0.02241	0.00576	0.00735	0.02907	0.00977	0.00871
2	0.04220	0.01692	0.02264	0.01841	0.02534	0.01486	0.01477	0.04630	0.02980	0.41700	0.04611	0.11814	0.03459	0.01688	0.01139	0.00355	0.00869	0.01417	0.08141	0.01683
3	0.01918	0.01348	0.01559	0.01605	0.01898	0.01387	0.01220	0.02862	0.12007	0.03793	0.09423	0.20297	0.08597	0.02355	0.01212	0.00387	0.00705	0.08178	0.18097	0.01151
4	0.09018	0.02388	0.03786	0.11039	0.16376	0.02581	0.10627	0.07857	0.02615	0.03836	0.02652	0.10815	0.02465	0.01508	0.01424	0.00383	0.07164	0.01332	0.00687	0.01445
5	0.01883	0.01158	0.01445	0.01508	0.01777	0.01030	0.01078	0.02138	0.02423	0.10219	0.07429	0.37887	0.19708	0.03031	0.01363	0.00420	0.00673	0.02672	0.01094	0.01067
6	0.01812	0.01485	0.01957	0.02260	0.09164	0.01429	0.01482	0.02513	0.06873	0.03882	0.25240	0.08375	0.20147	0.02288	0.01306	0.00378	0.00738	0.06421	0.01059	0.01191
7	0.02504	0.03081	0.12464	0.09343	0.09872	0.02610	0.17227	0.03556	0.07206	0.03574	0.02311	0.02867	0.01793	0.01117	0.01352	0.00350	0.06210	0.01053	0.00610	0.10900
8	0.02446	0.19718	0.42371	0.02886	0.04373	0.03076	0.03597	0.03516	0.02354	0.03334	0.01905	0.02233	0.01430	0.01043	0.00982	0.00327	0.01548	0.00774	0.00477	0.01608
9	0.02845	0.07582	0.07322	0.02273	0.02965	0.02061	0.07889	0.07708	0.02763	0.14157	0.04359	0.15374	0.07561	0.07957	0.01670	0.00444	0.01111	0.01640	0.00927	0.01391
10	0.01666	0.01230	0.01568	0.01548	0.01622	0.01328	0.01057	0.01847	0.01966	0.02725	0.10687	0.14578	0.05109	0.31133	0.10837	0.00927	0.06706	0.01811	0.00788	0.00866
11	0.68395	0.02177	0.01654	0.01480	0.02177	0.02525	0.01219	0.03309	0.01915	0.05050	0.01567	0.01828	0.01219	0.01045	0.00697	0.00348	0.00871	0.00609	0.00697	0.01219
12	0.02426	0.21860	0.08925	0.02407	0.07753	0.02605	0.01977	0.02926	0.02314	0.03181	0.02604	0.12232	0.02589	0.01388	0.00954	0.00278	0.01059	0.01138	0.00641	0.20744
13	0.03365	0.07481	0.02490	0.01803	0.02444	0.01819	0.01466	0.04066	0.08002	0.26350	0.13960	0.09003	0.09321	0.01819	0.01169	0.00353	0.00837	0.01523	0.01192	0.01536

[dist]
# distance from previous block
# <min> <max>
0	4

[block]
# block no. 1 follows, 11 sequences, length 22
# corresponding to MSA columns:
# 437-458
name=unknown_B
#
# <colnr> <probs for GDERKNQSTAVLIFYWHMCP>
#	G	D	E	R	K	N	Q	S	T	A	V	L	I	F	Y	W	H	M	C	P
0	0.02888	0.01920	0.07067	0.01729	0.02400	0.01442	0.01525	0.03461	0.02863	0.19342	0.18028	0.04933	0.04850	0.01549	0.01084	0.00314	0.00805	0.01300	0.13525	0.08976
1	0.18880	0.03563	0.21787	0.18269	0.04887	0.02646	0.02934	0.07834	0.02512	0.04084	0.01969	0.02450	0.01444	0.01107	0.00998	0.00358	0.01378	0.00842	0.00601	0.01460
2	0.07705	0.02676	0.03723	0.08837	0.22805	0.07725	0.07617	0.03862	0.07396	0.07811	0.02596	0.03019	0.02005	0.01132	0.01078	0.00340	0.01310	0.01023	0.05765	0.01576
3	0.01939	0.01233	0.01583	0.01448	0.01793	0.01114	0.01103	0.02431	0.03119	0.09750	0.42815	0.08188	0.14624	0.02265	0.01307	0.00356	0.00582	0.01976	0.01234	0.01142
4	0.02090	0.01153	0.01294	0.01255	0.01485	0.01101	0.00865	0.02375	0.02205	0.08194	0.04749	0.10417	0.09099	0.21714	0.02608	0.00580	0.00774	0.01574	0.25481	0.00988
5	0.02852	0.03241	0.13946	0.19549	0.15598	0.06963	0.03036	0.03866	0.07373	0.08943	0.02528	0.02954	0.01872	0.01159	0.01105	0.00353	0.01424	0.00984	0.00675	0.01578
6	0.03029	0.01649	0.02294	0.01921	0.02474	0.01581	0.05006	0.03790	0.07591	0.20729	0.12276	0.08168	0.04394	0.02149	0.05079	0.00450	0.00999	0.01431	0.13551	0.01437
7	0.01501	0.01075	0.01444	0.01633	0.01776	0.01017	0.01195	0.01828	0.02450	0.03304	0.15708	0.40203	0.07910	0.03195	0.01437	0.00448	0.00701	0.11124	0.01083	0.00968
8	0.02686	0.01743	0.02072	0.01896	0.02365	0.01760	0.01477	0.12487	0.07222	0.11690	0.08535	0.21939	0.10339	0.02406	0.01297	0.00401	0.00859	0.06327	0.01133	0.01365
9	0.03164	0.07265	0.03507	0.07261	0.03625	0.08377	0.07695	0.09890	0.02832	0.11426	0.02612	0.03140	0.02050	0.02809	0.13040	0.00663	0.07393	0.01042	0.00763	0.01446
10	0.02433	0.02374	0.03663	0.19589	0.14984	0.03011	0.02863	0.02914	0.02053	0.02961	0.01763	0.02686	0.01548	0.01522	0.02409	0.00425	0.29945	0.00993	0.00508	0.01353
11	0.54938	0.09585	0.06634	0.01680	0.02490	0.02765	0.01552	0.03338	0.01999	0.04635	0.01605	0.01872	0.01264	0.01037	0.00731	0.00336	0.00978	0.00627	0.00652	0.01284
12	0.02876	0.03253	0.08566	0.02978	0.03728	0.13324	0.12443	0.08902	0.07777	0.03834	0.03414	0.09016	0.03163	0.01713	0.01248	0.00387	0.01469	0.09678	0.00807	0.01423
13	0.02396	0.02110	0.04061	0.09474	0.04359	0.02034	0.22961	0.03016	0.02496	0.08263	0.03790	0.22326	0.03735	0.01887	0.01322	0.00402	0.01337	0.01906	0.00804	0.01322
14	0.02875	0.02615	0.03642	0.02892	0.03707	0.02786	0.13742	0.09449	0.31080	0.04590	0.03632	0.03626	0.02725	0.01314	0.01167	0.00361	0.01174	0.01218	0.00964	0.06441
15	0.01448	0.01036	0.01392	0.01572	0.01655	0.01029	0.01070	0.01659	0.02027	0.02741	0.05280	0.42948	0.06165	0.11312	0.12270	0.00789	0.01152	0.02634	0.00918	0.00903
16	0.30424	0.13442	0.09197	0.08322	0.03413	0.02874	0.02001	0.06819	0.02371	0.04223	0.01794	0.02134	0.01408	0.01048	0.00840	0.00317	0.01124	0.00715	0.00638	0.06895
17	0.02424	0.23253	0.32406	0.02622	0.03882	0.03067	0.03101	0.03314	0.02279	0.03152	0.01992	0.02437	0.01599	0.01923	0.07572	0.00494	0.01677	0.00802	0.00493	0.01513
18	0.01532	0.01241	0.01379	0.01418	0.01727	0.01161	0.01033	0.02145	0.08098	0.03307	0.12588	0.23915	0.30667	0.02847	0.01339	0.00400	0.00627	0.02457	0.01073	0.01045
19	0.02130	0.01323	0.01775	0.07036	0.02440	0.01254	0.01328	0.02560	0.02794	0.11979	0.24038	0.18123	0.14069	0.02372	0.01298	0.00380	0.00728	0.02077	0.01123	0.01174
20	0.02511	0.02362	0.03889	0.34095	0.11508	0.02771	0.08283	0.07617	0.02568	0.03442	0.02051	0.02887	0.01593	0.01216	0.01457	0.00382	0.08355	0.01038	0.00575	0.01402
21	0.16859	0.02702	0.08536	0.02624	0.07914	0.02511	0.02066	0.12296	0.12144	0.08898	0.03249	0.09734	0.02725	0.01519	0.01069	0.00365	0.01060	0.01229	0.00921	0.01580

[dist]
# distance from previous block
# <min> <max>
0	1

[block]
# block no. 2 follows, 11 sequences, length 28
# corresponding to MSA columns:
# 460-480,491-497
name=unknown_C
#
# <colnr> <probs for GDERKNQSTAVLIFYWHMCP>
#	G	D	E	R	K	N	Q	S	T	A	V	L	I	F	Y	W	H	M	C	P
0	0.03036	0.02164	0.02476	0.02136	0.02737	0.02320	0.01730	0.18441	0.14974	0.09178	0.14901	0.05882	0.04945	0.01866	0.01239	0.00379	0.00948	0.07919	0.01164	0.01565
1	0.29394	0.02436	0.02515	0.02240	0.06540	0.02542	0.01668	0.15823	0.02989	0.05155	0.02027	0.02266	0.01563	0.01072	0.00879	0.00299	0.00997	0.00764	0.00795	0.18036
2	0.01531	0.01078	0.01396	0.01547	0.01657	0.01034	0.01085	0.01782	0.02259	0.03037	0.12448	0.33298	0.07019	0.15934	0.02393	0.00592	0.00791	0.09225	0.00991	0.00903
3	0.02962	0.03134	0.10488	0.08082	0.03807	0.06298	0.02244	0.14811	0.08940	0.04461	0.02462	0.02698	0.01869	0.01130	0.01019	0.00292	0.01216	0.00886	0.00783	0.22417
4	0.02829	0.07007	0.03613	0.09159	0.16915	0.02236	0.05792	0.03389	0.02521	0.10753	0.02706	0.07331	0.02289	0.01224	0.01058	0.00305	0.01151	0.01105	0.00733	0.17884
5	0.08824	0.03020	0.02969	0.14634	0.04149	0.14211	0.02125	0.14652	0.03248	0.08364	0.02275	0.02585	0.01696	0.01157	0.01021	0.00311	0.01354	0.00870	0.00782	0.11755
6	0.02571	0.02297	0.03907	0.15512	0.11945	0.02440	0.13667	0.03476	0.07529	0.07361	0.03434	0.07224	0.05943	0.01468	0.01414	0.00384	0.05889	0.01352	0.00734	0.01456
7	0.01878	0.01283	0.01487	0.01445	0.01742	0.01247	0.01072	0.06709	0.02873	0.04090	0.19764	0.19475	0.13530	0.02360	0.01214	0.00360	0.00634	0.02043	0.15703	0.01091
8	0.17360	0.02588	0.04149	0.12630	0.19208	0.02724	0.14079	0.07176	0.02619	0.04123	0.02064	0.02661	0.01606	0.01046	0.01077	0.00355	0.01388	0.00996	0.00629	0.01521
9	0.03253	0.02265	0.03637	0.16341	0.04674	0.02326	0.12314	0.11058	0.03066	0.17007	0.03304	0.09914	0.02651	0.01478	0.01208	0.00373	0.01303	0.01369	0.00911	0.01547
10	0.08474	0.01649	0.01995	0.01644	0.02320	0.01460	0.01326	0.03890	0.02880	0.31564	0.06796	0.06267	0.21220	0.01905	0.01172	0.00360	0.00808	0.01552	0.01212	0.01506
11	0.01383	0.01017	0.01298	0.01492	0.01620	0.00932	0.01018	0.01620	0.02300	0.03033	0.10809	0.48280	0.14416	0.03326	0.01412	0.00437	0.00631	0.02982	0.01061	0.00932
12	0.01459	0.01063	0.01492	0.01657	0.01772	0.01096	0.01179	0.01731	0.02027	0.02777	0.05025	0.39270	0.05732	0.05343	0.21603	0.00957	0.01526	0.02463	0.00881	0.00948
13	0.01782	0.01416	0.01635	0.01559	0.01917	0.01410	0.01172	0.02818	0.13673	0.04080	0.28656	0.12238	0.18605	0.02357	0.01297	0.00375	0.00630	0.02040	0.01157	0.01184
14	0.01371	0.00979	0.01306	0.01567	0.01632	0.00914	0.01045	0.01567	0.02155	0.02873	0.06203	0.59710	0.07444	0.03526	0.01437	0.00457	0.00653	0.03200	0.01045	0.00914
15	0.01789	0.01186	0.01451	0.01523	0.01823	0.01063	0.01154	0.02096	0.02493	0.08073	0.08047	0.27270	0.24835	0.02981	0.01384	0.00426	0.00712	0.09569	0.01078	0.01047
16	0.02704	0.02902	0.05875	0.05544	0.23459	0.02783	0.32373	0.03549	0.02622	0.03632	0.02218	0.02943	0.01736	0.00969	0.01249	0.00363	0.01690	0.01208	0.00565	0.01616
17	0.02517	0.02624	0.04346	0.03458	0.03779	0.03278	0.15651	0.02961	0.01986	0.02961	0.01702	0.02624	0.01542	0.01683	0.03028	0.00461	0.42491	0.01082	0.00514	0.01312
18	0.18167	0.04160	0.02876	0.10668	0.03820	0.36180	0.02102	0.03992	0.02768	0.03283	0.01740	0.02128	0.01406	0.01129	0.00960	0.00315	0.01694	0.00740	0.00594	0.01278
19	0.01895	0.01100	0.01290	0.01281	0.01509	0.01139	0.00955	0.02350	0.02253	0.03690	0.08344	0.04912	0.03724	0.07733	0.14475	0.00707	0.01167	0.01230	0.39236	0.01011
20	0.01652	0.01298	0.01511	0.01431	0.01777	0.01232	0.01081	0.02418	0.08714	0.04062	0.33740	0.08689	0.23419	0.02386	0.01307	0.00366	0.00586	0.02054	0.01165	0.01111
21	0.03161	0.02858	0.02709	0.10463	0.03605	0.14634	0.01967	0.10673	0.13922	0.07975	0.03958	0.09262	0.06681	0.01647	0.01152	0.00358	0.01249	0.01334	0.00920	0.01473
22	0.03229	0.01953	0.02272	0.01866	0.02425	0.01992	0.01461	0.18594	0.03598	0.14977	0.15118	0.05089	0.04550	0.10292	0.01825	0.00449	0.00934	0.01374	0.06540	0.01460
23	0.02113	0.01917	0.06221	0.08545	0.03008	0.01823	0.01809	0.09189	0.02609	0.03565	0.08666	0.04804	0.08094	0.04404	0.21940	0.06243	0.01807	0.01307	0.00758	0.01179
24	0.02137	0.01730	0.02189	0.02036	0.02302	0.01915	0.01550	0.09037	0.02539	0.03537	0.04223	0.32931	0.04734	0.02594	0.01833	0.00419	0.13591	0.02136	0.00897	0.07671
25	0.02623	0.03141	0.09004	0.04056	0.16785	0.10286	0.12665	0.03269	0.02639	0.03427	0.07094	0.04057	0.08429	0.01419	0.01390	0.00359	0.05993	0.01257	0.00661	0.01444
26	0.10867	0.02874	0.08174	0.07505	0.04358	0.02615	0.16345	0.12856	0.03046	0.08467	0.02370	0.02737	0.01732	0.01086	0.01092	0.00334	0.01373	0.01007	0.00762	0.10399
27	0.11038	0.07664	0.15339	0.07849	0.03754	0.02307	0.07151	0.02997	0.02372	0.03660	0.09553	0.03515	0.02975	0.02090	0.07568	0.00508	0.01457	0.01060	0.00660	0.06485

[dist]
# distance from previous block
# <min> <max>
0	7

[block]
# block no. 3 follows, 11 sequences, length 18
# corresponding to MSA columns:
# 505-522
name=unknown_D
#
# <colnr> <probs for GDERKNQSTAVLIFYWHMCP>
#	G	D	E	R	K	N	Q	S	T	A	V	L	I	F	Y	W	H	M	C	P
0	0.19896	0.08913	0.03394	0.13106	0.04043	0.02854	0.06038	0.13722	0.03004	0.11402	0.02354	0.02623	0.01707	0.01158	0.00991	0.00342	0.01211	0.00906	0.00813	0.01523
1	0.02621	0.02656	0.09282	0.15348	0.11874	0.02211	0.08935	0.03346	0.02473	0.07789	0.02266	0.02774	0.01722	0.01012	0.01058	0.00302	0.01301	0.00937	0.00642	0.21450
2	0.02699	0.08778	0.03523	0.09940	0.03817	0.02526	0.08743	0.13980	0.03187	0.04273	0.08574	0.04166	0.08488	0.01413	0.01112	0.00319	0.01155	0.01223	0.00822	0.11262
3	0.01807	0.02843	0.20682	0.02102	0.02836	0.01700	0.02191	0.02481	0.02252	0.03176	0.09565	0.05402	0.10227	0.11153	0.15819	0.00828	0.01656	0.01382	0.00700	0.01199
4	0.02377	0.02062	0.02575	0.02218	0.02650	0.05448	0.06501	0.05729	0.12336	0.03786	0.09971	0.04622	0.03778	0.07786	0.11311	0.00675	0.05457	0.01309	0.08130	0.01282
5	0.02175	0.01958	0.03036	0.03069	0.10243	0.01991	0.09998	0.03344	0.14730	0.03694	0.07818	0.23982	0.04839	0.02121	0.01290	0.00399	0.01021	0.01988	0.00930	0.01374
6	0.01608	0.01206	0.01809	0.01809	0.02010	0.01407	0.01407	0.02010	0.01809	0.02613	0.03015	0.04422	0.02814	0.08441	0.55984	0.01809	0.03015	0.01206	0.00603	0.01005
7	0.02543	0.03727	0.23966	0.09046	0.04249	0.02685	0.02969	0.09894	0.09779	0.03956	0.02548	0.02991	0.01952	0.02073	0.07392	0.00532	0.06465	0.00994	0.00680	0.01558
8	0.03162	0.01595	0.01923	0.01638	0.02189	0.01479	0.01265	0.03806	0.08093	0.24775	0.06018	0.06169	0.15648	0.10367	0.01828	0.00462	0.00842	0.01527	0.05797	0.01417
9	0.03126	0.19955	0.03929	0.02833	0.08462	0.12384	0.02129	0.03475	0.02444	0.08344	0.02434	0.08390	0.02264	0.01528	0.01558	0.00347	0.13246	0.01078	0.00666	0.01408
10	0.02119	0.01624	0.01909	0.01823	0.02204	0.01636	0.01343	0.09385	0.09890	0.03944	0.07984	0.34005	0.05649	0.02557	0.01278	0.00392	0.00784	0.02260	0.01044	0.08172
11	0.25030	0.06268	0.02736	0.07852	0.03307	0.09869	0.01789	0.10378	0.02833	0.10129	0.02176	0.02388	0.01622	0.01126	0.00914	0.00316	0.01175	0.00790	0.00786	0.08516
12	0.02765	0.10550	0.03658	0.19136	0.04532	0.02387	0.08561	0.03362	0.02549	0.12866	0.08177	0.03750	0.02924	0.02095	0.07388	0.00513	0.01474	0.01150	0.00770	0.01393
13	0.01655	0.01334	0.01504	0.01472	0.01842	0.01270	0.01140	0.02428	0.09413	0.03711	0.21380	0.09449	0.29577	0.02544	0.01328	0.00388	0.00652	0.06697	0.01112	0.01104
14	0.01553	0.01169	0.01586	0.07970	0.02359	0.01176	0.01319	0.01835	0.02185	0.02855	0.05747	0.35010	0.10030	0.11425	0.02033	0.00542	0.00859	0.08479	0.00929	0.00939
15	0.02471	0.02733	0.09906	0.03774	0.11239	0.02408	0.20551	0.03238	0.02440	0.03665	0.02491	0.03158	0.01959	0.01168	0.01381	0.00353	0.07379	0.01120	0.17143	0.01425
16	0.12381	0.01718	0.02165	0.21750	0.03942	0.01918	0.01779	0.04976	0.02364	0.03395	0.04834	0.05633	0.16296	0.10247	0.01786	0.00474	0.01066	0.01418	0.00745	0.01115
17	0.01678	0.01431	0.02240	0.09597	0.03034	0.01414	0.06923	0.02100	0.02369	0.03062	0.06160	0.29095	0.14722	0.02711	0.01378	0.00431	0.00951	0.08735	0.00915	0.01054

[dist]
# distance from previous block
# <min> <max>
0	35

[block]
# block no. 4 follows, 11 sequences, length 13
# corresponding to MSA columns:
# 558-570
name=unknown_E
#
# <colnr> <probs for GDERKNQSTAVLIFYWHMCP>
#	G	D	E	R	K	N	Q	S	T	A	V	L	I	F	Y	W	H	M	C	P
0	0.03272	0.09647	0.03679	0.24405	0.05110	0.03213	0.02505	0.25540	0.03724	0.04886	0.02287	0.02713	0.01694	0.01215	0.01077	0.00341	0.01338	0.00959	0.00800	0.01594
1	0.01853	0.01761	0.08040	0.09180	0.02842	0.01418	0.01731	0.02271	0.02284	0.03255	0.09532	0.16936	0.04647	0.02453	0.01724	0.10987	0.00947	0.06451	0.10657	0.01032
2	0.03031	0.38860	0.05398	0.02585	0.03414	0.10129	0.09111	0.03458	0.02381	0.02811	0.01681	0.02095	0.01488	0.01105	0.01204	0.00297	0.08262	0.00771	0.00507	0.01413
3	0.02553	0.08084	0.12472	0.12232	0.05778	0.02897	0.32470	0.03471	0.02528	0.03411	0.02142	0.02841	0.01617	0.00992	0.01213	0.00364	0.01749	0.01153	0.00539	0.01491
4	0.01855	0.01729	0.01609	0.01612	0.01896	0.09198	0.01172	0.02192	0.02737	0.03414	0.21522	0.22691	0.18942	0.02617	0.01313	0.00380	0.00800	0.02257	0.01037	0.01028
5	0.02117	0.01455	0.01806	0.01816	0.02136	0.01443	0.01408	0.09195	0.02897	0.06443	0.09578	0.29070	0.10178	0.02839	0.01385	0.00434	0.00831	0.12722	0.01088	0.01159
6	0.15607	0.02498	0.06661	0.02062	0.02821	0.02359	0.01766	0.13344	0.10319	0.17177	0.03263	0.03640	0.02480	0.09169	0.01658	0.00451	0.01064	0.01075	0.01004	0.01581
7	0.14253	0.01727	0.02011	0.01683	0.02298	0.01662	0.01349	0.06382	0.03040	0.23044	0.18343	0.05540	0.10568	0.01759	0.01137	0.00353	0.00794	0.01438	0.01175	0.01444
8	0.02011	0.01229	0.01551	0.01444	0.01749	0.01120	0.01058	0.02394	0.02805	0.10471	0.30438	0.11912	0.13434	0.11038	0.01969	0.00475	0.00686	0.01987	0.01138	0.01094
9	0.04015	0.02568	0.03378	0.02630	0.03446	0.09145	0.10974	0.04749	0.06786	0.29641	0.07641	0.03840	0.03091	0.01360	0.01172	0.00350	0.01243	0.01201	0.01093	0.01677
10	0.09206	0.03262	0.07385	0.07270	0.04016	0.09866	0.07759	0.19925	0.03617	0.12904	0.02600	0.02760	0.01839	0.01220	0.01096	0.00343	0.01399	0.00982	0.00894	0.01655
11	0.11089	0.02456	0.10880	0.16189	0.10028	0.02072	0.02411	0.03028	0.02433	0.07486	0.08736	0.11899	0.03542	0.01608	0.01129	0.00371	0.01141	0.01382	0.00765	0.01354
12	0.02777	0.06726	0.03119	0.10193	0.10992	0.02421	0.02148	0.07532	0.12644	0.07762	0.03404	0.07479	0.02943	0.01525	0.01125	0.00350	0.01090	0.05642	0.00864	0.09265

[dist]
# distance from previous block
# <min> <max>
0	24

[block]
# block no. 5 follows, 11 sequences, length 17
# corresponding to MSA columns:
# 595-611
name=unknown_F
#
# <colnr> <probs for GDERKNQSTAVLIFYWHMCP>
#	G	D	E	R	K	N	Q	S	T	A	V	L	I	F	Y	W	H	M	C	P
0	0.03810	0.03162	0.03910	0.04126	0.19205	0.15640	0.08775	0.04351	0.02932	0.18808	0.02752	0.02949	0.01995	0.01153	0.01124	0.00334	0.01470	0.01017	0.00819	0.01669
1	0.04017	0.02379	0.03313	0.06146	0.03704	0.02398	0.08054	0.13213	0.11838	0.27094	0.03708	0.03532	0.02516	0.01334	0.01158	0.00358	0.01155	0.01152	0.01136	0.01797
2	0.01482	0.01081	0.01218	0.01276	0.01410	0.01008	0.00817	0.01614	0.02043	0.02605	0.06593	0.20174	0.20096	0.29720	0.03395	0.00727	0.00830	0.02217	0.00877	0.00818
3	0.02531	0.17973	0.02988	0.08903	0.02919	0.02247	0.01615	0.02953	0.02474	0.09962	0.04749	0.09968	0.12117	0.01781	0.01060	0.00336	0.00946	0.03825	0.09383	0.01271
4	0.03143	0.11297	0.18353	0.07884	0.04498	0.03197	0.09124	0.20492	0.03467	0.04691	0.02245	0.02567	0.01653	0.01148	0.01085	0.00339	0.01464	0.00951	0.00731	0.01671
5	0.01364	0.01009	0.01276	0.01489	0.01612	0.00921	0.01010	0.01576	0.02230	0.02904	0.07151	0.50799	0.15743	0.03403	0.01417	0.00443	0.00638	0.03049	0.01045	0.00921
6	0.02520	0.01596	0.01970	0.01729	0.02166	0.01565	0.01336	0.11173	0.03441	0.11471	0.31115	0.13408	0.07564	0.02164	0.01279	0.00364	0.00733	0.01878	0.01214	0.01313
7	0.02367	0.03471	0.16816	0.07701	0.04085	0.10684	0.10632	0.03095	0.02605	0.03237	0.04610	0.05246	0.14699	0.01640	0.01206	0.00367	0.01436	0.04088	0.00688	0.01327
8	0.07815	0.10958	0.06803	0.02346	0.03176	0.12295	0.04844	0.10494	0.03125	0.14670	0.03728	0.03697	0.08486	0.01403	0.01060	0.00328	0.01277	0.01088	0.00880	0.01528
9	0.08741	0.02494	0.04306	0.19578	0.14220	0.02791	0.15117	0.03186	0.02291	0.03392	0.01963	0.02766	0.01576	0.01195	0.01583	0.00387	0.11407	0.01048	0.00546	0.01412
10	0.01715	0.01407	0.01949	0.01944	0.02021	0.01669	0.01456	0.01959	0.01931	0.02724	0.04102	0.28950	0.04648	0.08171	0.15147	0.00828	0.15525	0.02075	0.00779	0.00998
11	0.01402	0.01077	0.01284	0.01371	0.01600	0.00959	0.00975	0.01702	0.02527	0.03279	0.17910	0.30225	0.25620	0.03011	0.01373	0.00406	0.00596	0.02640	0.01085	0.00959
12	0.02222	0.04564	0.36620	0.03274	0.04647	0.02442	0.13868	0.03311	0.02465	0.03503	0.03343	0.03665	0.08439	0.01282	0.01163	0.00365	0.01569	0.01151	0.00573	0.01535
13	0.02627	0.13032	0.04146	0.35093	0.06113	0.03023	0.07164	0.09345	0.02706	0.03472	0.02042	0.02746	0.01566	0.01109	0.01071	0.00346	0.01449	0.00961	0.00588	0.01401
14	0.02633	0.01487	0.01945	0.01751	0.02200	0.01400	0.01409	0.05961	0.03219	0.16405	0.29505	0.07731	0.07435	0.02170	0.01309	0.00382	0.00770	0.09741	0.01232	0.01316
15	0.02802	0.01985	0.02520	0.09005	0.03365	0.01658	0.01625	0.03323	0.02485	0.12778	0.02445	0.02693	0.01849	0.00973	0.00926	0.00227	0.00943	0.00795	0.00778	0.46826
16	0.08621	0.01853	0.02121	0.01794	0.02400	0.01797	0.01400	0.11006	0.02807	0.04210	0.07554	0.14119	0.03720	0.02580	0.08190	0.00500	0.01133	0.01400	0.00868	0.21926

[dist]
# distance from previous block
# <min> <max>
7	166

[block]
# block no. 6 follows, 11 sequences, length 18
# corresponding to MSA columns:
# 803-820
name=unknown_G
#
# <colnr> <probs for GDERKNQSTAVLIFYWHMCP>
#	G	D	E	R	K	N	Q	S	T	A	V	L	I	F	Y	W	H	M	C	P
0	0.02499	0.09136	0.15779	0.02997	0.06909	0.02342	0.12218	0.03186	0.02374	0.06568	0.02695	0.07399	0.02418	0.09077	0.01712	0.00430	0.01352	0.01203	0.00652	0.09057
1	0.02865	0.11880	0.02974	0.10234	0.03340	0.02277	0.01757	0.03741	0.09933	0.13847	0.07123	0.04424	0.09443	0.01474	0.01062	0.00320	0.00977	0.01201	0.00915	0.10212
2	0.12409	0.02408	0.03192	0.02686	0.06036	0.02474	0.08880	0.13760	0.09678	0.15223	0.03973	0.03922	0.07502	0.01418	0.01122	0.00358	0.01118	0.01206	0.01002	0.01634
3	0.07262	0.08634	0.21255	0.03345	0.11720	0.11072	0.02903	0.04097	0.09049	0.06684	0.02412	0.02637	0.01823	0.01143	0.01030	0.00336	0.01436	0.00887	0.00664	0.01611
4	0.12109	0.07099	0.08232	0.02549	0.06221	0.17344	0.02039	0.03826	0.02630	0.13121	0.02673	0.07361	0.02236	0.01556	0.01270	0.05194	0.01339	0.01035	0.00767	0.01397
5	0.18437	0.16015	0.13078	0.02374	0.05892	0.02862	0.02178	0.03863	0.08821	0.07829	0.02343	0.02494	0.01794	0.01102	0.00901	0.00314	0.01128	0.00805	0.00710	0.07058
6	0.03132	0.02594	0.06671	0.02914	0.08610	0.02278	0.08275	0.13957	0.03240	0.11854	0.03820	0.03910	0.08696	0.01350	0.01121	0.00319	0.01157	0.01175	0.00893	0.14034
7	0.03401	0.02559	0.06873	0.02742	0.03642	0.02270	0.13109	0.10971	0.06784	0.18636	0.09792	0.03923	0.03331	0.01357	0.01182	0.00347	0.01199	0.01243	0.01016	0.05622
8	0.02893	0.02697	0.02829	0.02309	0.02975	0.12191	0.05367	0.13012	0.03246	0.04245	0.11840	0.03832	0.03522	0.02301	0.08378	0.00496	0.01461	0.01133	0.00841	0.14432
9	0.02598	0.02624	0.06591	0.02688	0.09393	0.07709	0.01962	0.10222	0.09653	0.04327	0.16399	0.05490	0.12142	0.01754	0.01192	0.00350	0.01043	0.01466	0.00960	0.01436
10	0.01435	0.01040	0.01299	0.01440	0.01563	0.00965	0.00968	0.01658	0.02268	0.03009	0.12679	0.38572	0.13401	0.11809	0.02052	0.00528	0.00692	0.02702	0.01016	0.00904
11	0.01868	0.00978	0.01442	0.01481	0.01491	0.00968	0.00988	0.01481	0.01570	0.02093	0.02592	0.11862	0.02778	0.03853	0.03955	0.57237	0.00929	0.01311	0.00572	0.00553
12	0.01978	0.01788	0.02952	0.44448	0.06351	0.02190	0.02680	0.02624	0.02182	0.02841	0.02574	0.09117	0.02296	0.02347	0.08435	0.00574	0.01613	0.01257	0.00571	0.01183
13	0.01497	0.01122	0.01388	0.01373	0.01636	0.01013	0.01010	0.01920	0.02884	0.03918	0.36012	0.16675	0.20188	0.02615	0.01345	0.00376	0.00559	0.02291	0.01164	0.01013
14	0.03931	0.04606	0.02921	0.02628	0.03193	0.44249	0.01988	0.08035	0.03256	0.03310	0.02077	0.02373	0.01679	0.01196	0.00994	0.00290	0.01764	0.00792	0.09395	0.01322
15	0.02579	0.02508	0.02187	0.01930	0.02462	0.14979	0.01452	0.03146	0.05975	0.03252	0.02903	0.08064	0.02691	0.06878	0.08490	0.00533	0.01391	0.01123	0.07607	0.19849
16	0.02580	0.31320	0.16301	0.10479	0.03874	0.03278	0.02478	0.03242	0.02312	0.03102	0.02016	0.02436	0.01639	0.01058	0.00873	0.00291	0.01266	0.00775	0.09266	0.01414
17	0.02702	0.04553	0.33385	0.03484	0.10847	0.02778	0.03447	0.10784	0.09340	0.04260	0.02475	0.02721	0.01813	0.01163	0.01094	0.00354	0.01454	0.00940	0.00673	0.01732

[dist]
# distance from previous block
# <min> <max>
7	44

[block]
# block no. 7 follows, 11 sequences, length 7
# corresponding to MSA columns:
# 865-871
name=unknown_H
#
# <colnr> <probs for GDERKNQSTAVLIFYWHMCP>
#	G	D	E	R	K	N	Q	S	T	A	V	L	I	F	Y	W	H	M	C	P
0	0.02618	0.01536	0.01899	0.01701	0.02147	0.01458	0.01303	0.08828	0.03141	0.15236	0.19318	0.19458	0.12071	0.02342	0.01285	0.00379	0.00751	0.02028	0.01188	0.01311
1	0.02731	0.13161	0.10274	0.03918	0.18600	0.09731	0.06231	0.03316	0.02516	0.03210	0.03059	0.03449	0.07864	0.01322	0.01274	0.00337	0.05862	0.01069	0.00593	0.01484
2	0.06829	0.02765	0.12505	0.02839	0.09510	0.02275	0.02300	0.08377	0.12416	0.04221	0.03650	0.10538	0.03298	0.01716	0.01149	0.00379	0.01094	0.06628	0.06020	0.01493
3	0.14253	0.13941	0.16864	0.02030	0.03068	0.02464	0.02125	0.03059	0.02291	0.03619	0.03064	0.03257	0.08125	0.01221	0.00916	0.00292	0.01099	0.00910	0.00635	0.16765
4	0.02670	0.15069	0.17891	0.19245	0.04892	0.02730	0.02816	0.03435	0.02403	0.08459	0.02172	0.02597	0.01621	0.01072	0.00996	0.00317	0.01355	0.00849	0.00601	0.08811
5	0.03114	0.02507	0.02651	0.02250	0.02943	0.02804	0.01788	0.20033	0.30035	0.05301	0.04787	0.04510	0.08980	0.01630	0.01161	0.00367	0.00968	0.01321	0.01127	0.01724
6	0.02351	0.01537	0.01974	0.05717	0.02555	0.01349	0.01357	0.02807	0.02720	0.12271	0.17906	0.11690	0.11091	0.01892	0.01167	0.00322	0.00769	0.01631	0.01022	0.17872

[dist]
# distance from previous block
# <min> <max>
3	55

[block]
# block no. 8 follows, 11 sequences, length 37
# corresponding to MSA columns:
# 929-965
name=unknown_I
#
# <colnr> <probs for GDERKNQSTAVLIFYWHMCP>
#	G	D	E	R	K	N	Q	S	T	A	V	L	I	F	Y	W	H	M	C	P
0	0.02712	0.08426	0.04050	0.02806	0.03602	0.02326	0.17843	0.06479	0.02768	0.08207	0.07939	0.04583	0.03291	0.07014	0.01614	0.00411	0.01286	0.04698	0.00800	0.09145
1	0.02023	0.02103	0.07847	0.03096	0.13712	0.01953	0.02117	0.02492	0.01996	0.02881	0.02659	0.04175	0.02538	0.14492	0.24388	0.01081	0.07476	0.01177	0.00583	0.01211
2	0.02199	0.01905	0.02059	0.07449	0.02714	0.06799	0.01513	0.07391	0.06182	0.04148	0.26032	0.12021	0.10918	0.02105	0.01257	0.00363	0.00884	0.01806	0.01046	0.01211
3	0.01922	0.01480	0.01719	0.01658	0.02020	0.01478	0.01268	0.07200	0.08669	0.04035	0.19233	0.18197	0.17947	0.02550	0.01327	0.00396	0.00721	0.05891	0.01116	0.01176
4	0.10449	0.14449	0.03657	0.09275	0.08460	0.18767	0.02205	0.08121	0.02910	0.08708	0.02118	0.02397	0.01641	0.01132	0.00970	0.00311	0.01440	0.00816	0.00695	0.01480
5	0.02496	0.01974	0.02133	0.01883	0.02420	0.02093	0.01466	0.14865	0.16445	0.04643	0.11250	0.11440	0.18009	0.02125	0.01239	0.00375	0.00828	0.01780	0.01113	0.01424
6	0.12901	0.08246	0.03551	0.08596	0.08422	0.02525	0.08928	0.07575	0.02607	0.08951	0.02436	0.03198	0.01997	0.08054	0.01565	0.00414	0.01233	0.01010	0.00728	0.07063
7	0.09457	0.02497	0.09170	0.19278	0.04662	0.02326	0.06442	0.03478	0.02499	0.13371	0.07574	0.03471	0.02656	0.01348	0.01361	0.00374	0.06739	0.01098	0.00771	0.01427
8	0.02336	0.07557	0.02190	0.01594	0.02096	0.01723	0.01283	0.08049	0.03186	0.09289	0.26148	0.07226	0.18775	0.02103	0.01223	0.00347	0.00736	0.01765	0.01114	0.01259
9	0.01829	0.08356	0.02218	0.07559	0.02595	0.01722	0.01480	0.02447	0.06777	0.03250	0.10560	0.25001	0.12747	0.02529	0.01278	0.00400	0.00840	0.06339	0.00949	0.01121
10	0.09485	0.11565	0.06940	0.18785	0.10389	0.07576	0.02615	0.07712	0.02585	0.03577	0.01899	0.02473	0.01525	0.01186	0.01269	0.00348	0.07186	0.00867	0.00588	0.01431
11	0.02492	0.01517	0.02009	0.08329	0.02747	0.01529	0.01487	0.07540	0.02652	0.13038	0.04760	0.31576	0.04967	0.07844	0.01704	0.00472	0.00913	0.02173	0.01022	0.01228
12	0.02484	0.01581	0.02018	0.07396	0.02734	0.01555	0.01528	0.07651	0.02997	0.12783	0.13713	0.12731	0.16642	0.02270	0.01289	0.00389	0.00861	0.07011	0.01090	0.01278
13	0.01986	0.01795	0.02881	0.42819	0.06214	0.02139	0.02664	0.02647	0.02338	0.02968	0.03694	0.05361	0.08289	0.01623	0.01213	0.00397	0.01322	0.07823	0.00644	0.01183
14	0.02256	0.02138	0.03909	0.08882	0.04197	0.02120	0.21158	0.07152	0.02671	0.03578	0.03816	0.25048	0.03937	0.02009	0.01330	0.00405	0.01308	0.01992	0.00800	0.01293
15	0.09031	0.02196	0.03522	0.04561	0.28732	0.02205	0.06618	0.02943	0.02402	0.03569	0.03599	0.08670	0.08313	0.02119	0.06191	0.00491	0.01345	0.01360	0.00676	0.01458
16	0.02382	0.03091	0.13465	0.03363	0.04041	0.02833	0.16836	0.03067	0.02297	0.03348	0.07854	0.03320	0.02613	0.01536	0.02222	0.00417	0.24152	0.01185	0.00600	0.01377
17	0.01517	0.01189	0.01384	0.01415	0.01695	0.01101	0.01029	0.02048	0.06074	0.03510	0.20657	0.23338	0.25331	0.02797	0.01346	0.00395	0.00605	0.02435	0.01104	0.01029
18	0.02306	0.05532	0.50010	0.03548	0.09337	0.02619	0.04094	0.03554	0.02393	0.03575	0.02029	0.02414	0.01459	0.01063	0.01073	0.00354	0.01633	0.00847	0.00483	0.01674
19	0.10369	0.02113	0.02567	0.02014	0.02813	0.02047	0.01653	0.13912	0.03518	0.35079	0.08733	0.03882	0.03260	0.01445	0.01110	0.00347	0.00963	0.01151	0.01259	0.01765
20	0.01551	0.01118	0.01467	0.01445	0.01672	0.01034	0.01059	0.02018	0.02989	0.04201	0.43943	0.18186	0.10015	0.02535	0.01348	0.00374	0.00554	0.02257	0.01202	0.01034
21	0.01475	0.01129	0.01352	0.01331	0.01618	0.01007	0.00985	0.01883	0.02857	0.03814	0.33101	0.14490	0.25628	0.02624	0.01340	0.00374	0.00558	0.02277	0.01149	0.01007
22	0.02364	0.02270	0.03690	0.33025	0.18128	0.02751	0.03063	0.02984	0.02213	0.03040	0.01915	0.02829	0.01566	0.01280	0.01685	0.00391	0.13917	0.00998	0.00513	0.01379
23	0.03348	0.13000	0.13343	0.02713	0.03709	0.07434	0.07873	0.08008	0.12330	0.12761	0.02926	0.02965	0.02131	0.01213	0.01068	0.00336	0.01340	0.00995	0.00838	0.01666
24	0.02243	0.02120	0.03587	0.48722	0.15854	0.02531	0.03184	0.02978	0.02306	0.03018	0.02021	0.02963	0.01550	0.01104	0.01123	0.00368	0.01471	0.01001	0.00510	0.01345
25	0.01580	0.01077	0.01289	0.01343	0.01372	0.01079	0.00813	0.01651	0.01757	0.02359	0.04055	0.17970	0.04686	0.44621	0.08748	0.01016	0.01150	0.01927	0.00751	0.00755
26	0.52794	0.10916	0.02345	0.01563	0.02326	0.02720	0.01334	0.03275	0.02008	0.04570	0.01605	0.01870	0.01292	0.01014	0.00713	0.00316	0.00917	0.00613	0.00662	0.07145
27	0.08670	0.01993	0.06393	0.01753	0.02406	0.01606	0.01503	0.05732	0.02800	0.09229	0.17103	0.11497	0.08801	0.01830	0.01131	0.00330	0.00823	0.01542	0.00983	0.13873
28	0.02977	0.02498	0.08530	0.02650	0.03458	0.02103	0.11703	0.06392	0.02753	0.15783	0.03978	0.10379	0.07172	0.01642	0.01410	0.00365	0.06065	0.01431	0.00894	0.07817
29	0.41766	0.02067	0.02057	0.01700	0.02469	0.02159	0.01402	0.04224	0.02464	0.25713	0.02775	0.02670	0.01878	0.01191	0.00880	0.00348	0.00907	0.00829	0.00989	0.01512
30	0.01725	0.01270	0.01800	0.02280	0.07875	0.01236	0.01508	0.02094	0.02339	0.03226	0.05415	0.35165	0.06084	0.02906	0.01368	0.00440	0.00823	0.14103	0.07279	0.01062
31	0.02126	0.02001	0.03376	0.57739	0.07752	0.02501	0.03126	0.02876	0.02251	0.02876	0.02001	0.03001	0.01500	0.01125	0.01125	0.00375	0.01500	0.01000	0.00500	0.01250
32	0.01393	0.01143	0.01227	0.01206	0.01559	0.00977	0.00904	0.01736	0.02713	0.03391	0.21248	0.10256	0.42902	0.02720	0.01330	0.00374	0.00561	0.02295	0.01091	0.00977
33	0.01722	0.01072	0.01355	0.01355	0.01377	0.01093	0.00841	0.01629	0.01607	0.02164	0.03047	0.05956	0.03361	0.39203	0.10650	0.19617	0.01262	0.01408	0.00620	0.00662
34	0.02126	0.02001	0.03376	0.57739	0.07752	0.02501	0.03126	0.02876	0.02251	0.02876	0.02001	0.03001	0.01500	0.01125	0.01125	0.00375	0.01500	0.01000	0.00500	0.01250
35	0.01440	0.01030	0.01380	0.01605	0.01711	0.00969	0.01128	0.01704	0.02306	0.03092	0.10918	0.49544	0.07665	0.03358	0.01438	0.00453	0.00681	0.07572	0.01064	0.00942
36	0.01371	0.00979	0.01306	0.01567	0.01632	0.00914	0.01045	0.01567	0.02155	0.02873	0.06203	0.59710	0.07444	0.03526	0.01437	0.00457	0.00653	0.03200	0.01045	0.00914

[dist]
# distance from previous block
# <min> <max>
0	1

[block]
# block no. 9 follows, 11 sequences, length 35
# corresponding to MSA columns:
# 967-1001
name=unknown_J
#
# <colnr> <probs for GDERKNQSTAVLIFYWHMCP>
#	G	D	E	R	K	N	Q	S	T	A	V	L	I	F	Y	W	H	M	C	P
0	0.07726	0.01419	0.01734	0.01641	0.02086	0.01305	0.01269	0.02959	0.02589	0.18525	0.06466	0.23098	0.15763	0.02502	0.01274	0.00404	0.00778	0.06085	0.01121	0.01258
1	0.02804	0.02865	0.03409	0.20078	0.13346	0.14530	0.06137	0.03609	0.06402	0.03371	0.02416	0.03004	0.01897	0.01155	0.01069	0.00334	0.01440	0.00992	0.09752	0.01390
2	0.27760	0.02407	0.02738	0.23560	0.08734	0.06524	0.02248	0.03452	0.06045	0.03909	0.02026	0.02555	0.01563	0.01118	0.00954	0.00356	0.01238	0.00852	0.00636	0.01328
3	0.02717	0.03092	0.05831	0.12609	0.05946	0.07641	0.38024	0.03576	0.02644	0.03417	0.02186	0.02939	0.01653	0.00995	0.01269	0.00371	0.01849	0.01223	0.00560	0.01458
4	0.01371	0.00979	0.01306	0.01567	0.01632	0.00914	0.01045	0.01567	0.02155	0.02873	0.06203	0.59710	0.07444	0.03526	0.01437	0.00457	0.00653	0.03200	0.01045	0.00914
5	0.02371	0.14205	0.47228	0.03014	0.04571	0.02893	0.03820	0.03535	0.02363	0.03426	0.01951	0.02290	0.01429	0.01053	0.01017	0.00339	0.01594	0.00797	0.00476	0.01630
6	0.02657	0.03036	0.06641	0.04744	0.05882	0.02846	0.49336	0.03605	0.02657	0.03605	0.02277	0.03036	0.01708	0.00949	0.01328	0.00380	0.01898	0.01328	0.00569	0.01518
7	0.02786	0.02674	0.04568	0.06908	0.53424	0.02674	0.03454	0.03454	0.02563	0.03677	0.02117	0.02786	0.01783	0.01003	0.01114	0.00334	0.01337	0.01003	0.00557	0.01783
8	0.02596	0.03458	0.13914	0.04511	0.05729	0.02811	0.42487	0.03599	0.02614	0.03599	0.02238	0.02936	0.01665	0.00967	0.01289	0.00376	0.01862	0.01253	0.00555	0.01540
9	0.01491	0.01147	0.01364	0.01309	0.01619	0.01019	0.00982	0.01927	0.02946	0.03944	0.36804	0.09345	0.27001	0.02514	0.01329	0.00364	0.00546	0.02167	0.01164	0.01019
10	0.04681	0.02242	0.02782	0.02162	0.03020	0.02173	0.01776	0.15676	0.07793	0.39174	0.04053	0.03603	0.02641	0.01395	0.01132	0.00349	0.01017	0.01117	0.01311	0.01904
11	0.02771	0.43573	0.21357	0.02333	0.03518	0.03870	0.02634	0.03432	0.02315	0.02939	0.01709	0.01987	0.01438	0.00997	0.00832	0.00277	0.01350	0.00675	0.00479	0.01514
12	0.01592	0.01125	0.01493	0.01674	0.01798	0.01117	0.01241	0.01865	0.02150	0.02856	0.05265	0.28305	0.05998	0.16526	0.06984	0.00731	0.01071	0.16374	0.00924	0.00909
13	0.04458	0.02089	0.02577	0.02010	0.02803	0.02006	0.01649	0.15576	0.03594	0.36096	0.03921	0.03614	0.02593	0.01372	0.01083	0.00334	0.00964	0.01092	0.10374	0.01795
14	0.01814	0.01296	0.01814	0.02073	0.02332	0.01296	0.01814	0.02332	0.02591	0.03368	0.05959	0.12696	0.06478	0.03109	0.01555	0.00518	0.01036	0.45848	0.01036	0.01036
15	0.01498	0.01091	0.01423	0.01551	0.01734	0.01016	0.01139	0.01851	0.02574	0.03468	0.21170	0.32753	0.12456	0.03025	0.01409	0.00426	0.00661	0.08669	0.01104	0.00980
16	0.02730	0.10246	0.02884	0.01827	0.02755	0.02122	0.01512	0.03618	0.09953	0.07984	0.02545	0.02675	0.02004	0.01006	0.00891	0.00225	0.00904	0.00791	0.00777	0.42550
17	0.02607	0.01751	0.02589	0.02601	0.10254	0.01582	0.04964	0.03128	0.02894	0.14542	0.20602	0.06044	0.12629	0.01772	0.01212	0.00340	0.00874	0.01570	0.01041	0.07004
18	0.02649	0.03102	0.12171	0.10579	0.42141	0.02650	0.03535	0.03423	0.02508	0.03593	0.02092	0.02741	0.01704	0.01023	0.01108	0.00341	0.01401	0.00976	0.00540	0.01720
19	0.02776	0.39102	0.17651	0.02659	0.03816	0.03770	0.09647	0.03452	0.02364	0.03012	0.01781	0.02128	0.01480	0.00986	0.00897	0.00289	0.01419	0.00767	0.00493	0.01508
20	0.03645	0.02229	0.02570	0.02182	0.02907	0.02369	0.01734	0.05795	0.33287	0.23310	0.04528	0.04061	0.03192	0.01477	0.01140	0.00369	0.00916	0.01220	0.01238	0.01832
21	0.02217	0.02094	0.03541	0.50699	0.14078	0.02525	0.03171	0.02956	0.02294	0.02987	0.02017	0.02971	0.01539	0.01108	0.01124	0.00369	0.01478	0.01001	0.00508	0.01324
22	0.02280	0.13597	0.39838	0.02765	0.04128	0.02679	0.03390	0.03335	0.02475	0.03556	0.08988	0.03125	0.02702	0.01224	0.01052	0.00338	0.01437	0.00963	0.00582	0.01547
23	0.01944	0.01466	0.02061	0.02627	0.12910	0.01362	0.01555	0.02288	0.02449	0.06990	0.06765	0.28290	0.19699	0.02613	0.01311	0.00399	0.00799	0.02317	0.00966	0.01189
24	0.01371	0.00979	0.01306	0.01567	0.01632	0.00914	0.01045	0.01567	0.02155	0.02873	0.06203	0.59710	0.07444	0.03526	0.01437	0.00457	0.00653	0.03200	0.01045	0.00914
25	0.01726	0.01380	0.02036	0.01968	0.02141	0.01690	0.01553	0.02107	0.01797	0.02626	0.02802	0.04150	0.02629	0.07545	0.48742	0.01627	0.10684	0.01175	0.00588	0.01036
26	0.03186	0.02167	0.03472	0.17244	0.23927	0.02206	0.02673	0.03772	0.02651	0.18201	0.03067	0.07307	0.02423	0.01331	0.01146	0.00357	0.01215	0.01201	0.00824	0.01631
27	0.01639	0.01171	0.01613	0.01873	0.02055	0.01145	0.01510	0.02030	0.02419	0.03173	0.06056	0.31276	0.06860	0.03274	0.01508	0.00494	0.00885	0.28993	0.01040	0.00988
28	0.01412	0.00996	0.01294	0.01516	0.01571	0.00941	0.00990	0.01578	0.02076	0.02768	0.05801	0.51775	0.06936	0.12155	0.02087	0.00553	0.00719	0.02963	0.00990	0.00879
29	0.02825	0.02534	0.04381	0.14966	0.38674	0.02585	0.06628	0.03512	0.02564	0.07113	0.02274	0.02914	0.01801	0.01047	0.01133	0.00345	0.01379	0.01035	0.00608	0.01683
30	0.23720	0.02057	0.02225	0.01814	0.02504	0.02112	0.01447	0.10934	0.02896	0.24157	0.03165	0.03588	0.02375	0.10274	0.01698	0.00460	0.00994	0.01032	0.01032	0.01515
31	0.52378	0.02775	0.09949	0.02238	0.07264	0.02552	0.01869	0.03361	0.02044	0.04699	0.01686	0.01999	0.01302	0.01045	0.00791	0.00348	0.01033	0.00679	0.00650	0.01338
32	0.01685	0.01148	0.01522	0.01522	0.01669	0.01259	0.01095	0.01978	0.01831	0.02698	0.03272	0.05310	0.03223	0.23699	0.32640	0.01370	0.02069	0.01319	0.09781	0.00910
33	0.01978	0.01213	0.01554	0.01492	0.01810	0.01091	0.01108	0.02376	0.02845	0.10772	0.28457	0.20674	0.15179	0.02558	0.01327	0.00382	0.00626	0.02246	0.01184	0.01127
34	0.02876	0.02814	0.10931	0.03602	0.11428	0.02339	0.13879	0.04025	0.10525	0.11859	0.03485	0.07940	0.02888	0.01479	0.01223	0.00380	0.01315	0.04559	0.00848	0.01607

[dist]
# distance from previous block
# <min> <max>
0	1

[block]
# block no. 10 follows, 11 sequences, length 60
# corresponding to MSA columns:
# 1003-1062
name=unknown_K
#
# <colnr> <probs for GDERKNQSTAVLIFYWHMCP>
#	G	D	E	R	K	N	Q	S	T	A	V	L	I	F	Y	W	H	M	C	P
0	0.07039	0.01202	0.01434	0.01597	0.01841	0.01160	0.01224	0.01931	0.02350	0.03228	0.06974	0.30646	0.17359	0.03048	0.01382	0.00447	0.00756	0.14388	0.01014	0.00981
1	0.02550	0.02866	0.06199	0.04480	0.05530	0.02686	0.45332	0.03436	0.02615	0.03545	0.02603	0.07735	0.02183	0.01162	0.01337	0.00386	0.01794	0.01483	0.00609	0.01468
2	0.02682	0.37034	0.27118	0.02484	0.03752	0.03652	0.02898	0.03455	0.02326	0.03047	0.01763	0.02054	0.01436	0.01009	0.00873	0.00291	0.01404	0.00702	0.00479	0.01540
3	0.01475	0.01146	0.01340	0.01292	0.01609	0.01012	0.00969	0.01895	0.02907	0.03850	0.34178	0.09499	0.29685	0.02548	0.01329	0.00366	0.00549	0.02189	0.01152	0.01012
4	0.03401	0.02150	0.02570	0.01901	0.02850	0.01844	0.01546	0.10634	0.03032	0.18595	0.02802	0.02816	0.02023	0.01071	0.00963	0.00244	0.00930	0.00852	0.00943	0.38833
5	0.02243	0.02121	0.03589	0.48676	0.15896	0.02532	0.03184	0.02979	0.02306	0.03019	0.02021	0.02962	0.01551	0.01103	0.01123	0.00368	0.01471	0.01001	0.00510	0.01345
6	0.02928	0.02482	0.02618	0.02317	0.02976	0.02860	0.01813	0.09787	0.47375	0.04916	0.04417	0.04069	0.03303	0.01512	0.01144	0.00378	0.00921	0.01250	0.01144	0.01793
7	0.04408	0.02955	0.03031	0.02435	0.03177	0.11931	0.01975	0.18562	0.03701	0.25619	0.03139	0.03033	0.02154	0.01397	0.01364	0.00349	0.06943	0.01009	0.01079	0.01740
8	0.03009	0.61122	0.05898	0.01926	0.02889	0.04454	0.01926	0.03370	0.02287	0.02648	0.01565	0.01805	0.01444	0.00963	0.00722	0.00241	0.01204	0.00602	0.00481	0.01444
9	0.02325	0.02274	0.03418	0.25249	0.04907	0.03062	0.02732	0.02777	0.01938	0.02777	0.01690	0.02682	0.01487	0.01626	0.02648	0.00445	0.35236	0.00991	0.00496	0.01239
10	0.04980	0.02027	0.02681	0.02056	0.02929	0.01820	0.01698	0.09475	0.03408	0.49949	0.04283	0.03729	0.02707	0.01389	0.01131	0.00347	0.00983	0.01121	0.01369	0.01915
11	0.02579	0.01993	0.02359	0.01697	0.02686	0.01514	0.01363	0.03073	0.02414	0.08231	0.02221	0.02469	0.01768	0.00884	0.00860	0.00183	0.00845	0.00709	0.00732	0.61418
12	0.04279	0.03153	0.03378	0.02590	0.03490	0.03490	0.02139	0.49671	0.05292	0.07093	0.02702	0.02702	0.01914	0.01351	0.01126	0.00338	0.01239	0.01013	0.01126	0.01914
13	0.02126	0.02001	0.03376	0.57739	0.07752	0.02501	0.03126	0.02876	0.02251	0.02876	0.02001	0.03001	0.01500	0.01125	0.01125	0.00375	0.01500	0.01000	0.00500	0.01250
14	0.02928	0.02482	0.02618	0.02317	0.02976	0.02860	0.01813	0.09787	0.47375	0.04916	0.04417	0.04069	0.03303	0.01512	0.01144	0.00378	0.00921	0.01250	0.01144	0.01793
15	0.02112	0.01932	0.01633	0.01614	0.01740	0.12069	0.01036	0.02200	0.02026	0.02401	0.03583	0.14167	0.04066	0.39987	0.04137	0.00835	0.01214	0.01689	0.00716	0.00842
16	0.01608	0.01206	0.01809	0.01809	0.02010	0.01407	0.01407	0.02010	0.01809	0.02613	0.03015	0.04422	0.02814	0.08441	0.55984	0.01809	0.03015	0.01206	0.00603	0.01005
17	0.02099	0.01689	0.01891	0.01864	0.02195	0.01849	0.01345	0.03703	0.25784	0.03653	0.05023	0.25109	0.05010	0.11124	0.01942	0.00516	0.00833	0.02037	0.01039	0.01297
18	0.01955	0.00978	0.01466	0.01466	0.01466	0.00978	0.00978	0.01466	0.01466	0.01955	0.01955	0.03421	0.01955	0.03910	0.04399	0.67253	0.00978	0.00978	0.00489	0.00489
