[name]
unknown

[dist]
# distance from previous block
# <min> <max>
0	97

[block]
# block no. 0 follows, 12 sequences, length 38
# corresponding to MSA columns:
# 108-145
name=unknown_A
#
# <colnr> <probs for GDERKNQSTAVLIFYWHMCP>
#	G	D	E	R	K	N	Q	S	T	A	V	L	I	F	Y	W	H	M	C	P
0	0.01702	0.01071	0.01445	0.01623	0.01781	0.01000	0.01167	0.01956	0.02237	0.07523	0.05826	0.49224	0.06684	0.03178	0.01381	0.00442	0.00710	0.09024	0.01041	0.00988
1	0.02976	0.02290	0.03738	0.22841	0.23220	0.02416	0.05693	0.06688	0.02679	0.13066	0.02473	0.02963	0.01818	0.01099	0.01099	0.00342	0.01307	0.01013	0.00707	0.01572
2	0.03433	0.02676	0.04690	0.03914	0.11364	0.05635	0.25450	0.04115	0.02770	0.20377	0.02834	0.03099	0.01988	0.01078	0.01178	0.00347	0.01476	0.01147	0.00810	0.01618
3	0.02494	0.01894	0.02024	0.01833	0.02321	0.02075	0.01414	0.11561	0.23675	0.04451	0.04768	0.12212	0.08036	0.01789	0.01092	0.00350	0.00788	0.01500	0.14305	0.01419
4	0.03532	0.02030	0.02296	0.01874	0.02521	0.02109	0.01511	0.18313	0.10071	0.18987	0.03595	0.03536	0.02558	0.01331	0.00997	0.00314	0.00876	0.01056	0.20903	0.01589
5	0.02480	0.13096	0.23606	0.11733	0.04234	0.11718	0.02812	0.03210	0.02372	0.02988	0.02377	0.10032	0.02172	0.01359	0.01031	0.00333	0.01447	0.01084	0.00555	0.01360
6	0.11575	0.21649	0.26639	0.02435	0.03619	0.03166	0.02741	0.09925	0.02605	0.03849	0.01858	0.02111	0.01425	0.01040	0.00896	0.00308	0.01321	0.00735	0.00577	0.01525
7	0.01397	0.01112	0.01273	0.01368	0.01662	0.00988	0.01060	0.01708	0.02426	0.02988	0.09081	0.19076	0.36294	0.02922	0.01353	0.00409	0.00664	0.12276	0.01011	0.00933
8	0.02105	0.02056	0.03610	0.36666	0.11454	0.02289	0.10530	0.02793	0.02318	0.03005	0.03244	0.03932	0.08789	0.01279	0.01148	0.00360	0.01375	0.01204	0.00574	0.01269
9	0.03221	0.04297	0.10411	0.19429	0.04776	0.33609	0.02642	0.03768	0.02714	0.02811	0.01797	0.02290	0.01416	0.01102	0.01022	0.00314	0.01766	0.00795	0.00525	0.01296
10	0.02802	0.02254	0.03693	0.05200	0.39337	0.02206	0.02739	0.03398	0.02665	0.10593	0.10827	0.03716	0.03245	0.01226	0.01115	0.00329	0.01120	0.01150	0.00754	0.01631
11	0.02237	0.01413	0.01781	0.01793	0.02168	0.01381	0.01441	0.02972	0.09198	0.11789	0.06186	0.19308	0.12631	0.02583	0.01332	0.00426	0.00832	0.18252	0.01077	0.01202
12	0.03381	0.03096	0.03394	0.03907	0.20546	0.16783	0.02423	0.04175	0.09339	0.11810	0.02571	0.02820	0.01981	0.01240	0.01328	0.00337	0.07599	0.00954	0.00746	0.01570
13	0.13211	0.01905	0.01857	0.01661	0.02108	0.06576	0.01315	0.02720	0.02409	0.10174	0.06459	0.06313	0.26975	0.02029	0.01451	0.00366	0.08892	0.01538	0.00889	0.01154
14	0.12445	0.03812	0.02939	0.19199	0.04417	0.33597	0.02251	0.03734	0.02652	0.03008	0.01737	0.02217	0.01388	0.01098	0.00972	0.00313	0.01661	0.00766	0.00555	0.01237
15	0.02915	0.62337	0.05714	0.01866	0.02799	0.04314	0.01866	0.03265	0.02215	0.02565	0.01516	0.01749	0.01399	0.00933	0.00700	0.00233	0.01166	0.00583	0.00466	0.01399
16	0.01894	0.00947	0.01420	0.01420	0.01420	0.00947	0.00947	0.01420	0.01420	0.01894	0.01894	0.03314	0.01894	0.03788	0.04261	0.68277	0.00947	0.00947	0.00473	0.00473
17	0.03133	0.02224	0.02487	0.02002	0.02714	0.02286	0.01609	0.21386	0.11771	0.10583	0.10844	0.04378	0.07960	0.01529	0.01101	0.00319	0.00913	0.01243	0.01071	0.10447
18	0.04031	0.02690	0.02988	0.02326	0.03141	0.02896	0.01909	0.37721	0.07519	0.14919	0.06118	0.03223	0.02593	0.01381	0.01105	0.00332	0.01092	0.01076	0.01143	0.01797
19	0.01355	0.01072	0.01220	0.01256	0.01532	0.00937	0.00914	0.01666	0.02533	0.03231	0.19687	0.21115	0.34049	0.02786	0.01311	0.00379	0.00561	0.02403	0.01055	0.00937
20	0.02059	0.02128	0.04201	0.03179	0.03909	0.01974	0.29331	0.02721	0.02565	0.03431	0.11296	0.12569	0.12139	0.01729	0.01301	0.00374	0.01288	0.01786	0.00776	0.01243
21	0.22291	0.02801	0.11998	0.02072	0.02871	0.02456	0.01937	0.09961	0.15570	0.04728	0.09733	0.03440	0.03103	0.01341	0.00990	0.00347	0.00990	0.01034	0.00872	0.01465
22	0.01785	0.01290	0.01591	0.01679	0.01873	0.01291	0.01184	0.09586	0.02581	0.03447	0.05459	0.51502	0.06342	0.03074	0.01343	0.00424	0.00725	0.02756	0.01025	0.01043
23	0.01506	0.01040	0.01289	0.01363	0.01409	0.01049	0.00861	0.01615	0.01756	0.02369	0.04124	0.22611	0.04751	0.37163	0.11437	0.00971	0.01188	0.01975	0.00754	0.00770
24	0.02697	0.45355	0.20785	0.02238	0.03374	0.03781	0.02514	0.03321	0.02241	0.02831	0.01648	0.01915	0.01394	0.00964	0.00800	0.00267	0.01299	0.00650	0.00465	0.01463
25	0.11841	0.03041	0.06644	0.03661	0.19529	0.10122	0.02377	0.11440	0.09130	0.04232	0.02849	0.03071	0.04958	0.01227	0.01028	0.00330	0.01235	0.00987	0.00743	0.01556
26	0.01440	0.00996	0.01232	0.01376	0.01412	0.00960	0.00860	0.01547	0.01871	0.02494	0.04898	0.37712	0.05809	0.28588	0.03188	0.00708	0.00816	0.02446	0.00860	0.00788
27	0.03576	0.04368	0.03164	0.02825	0.03221	0.41398	0.02189	0.03844	0.02671	0.02655	0.01611	0.02090	0.01412	0.01355	0.01748	0.00339	0.18978	0.00777	0.00537	0.01243
28	0.02824	0.02585	0.04544	0.06138	0.45675	0.02547	0.08914	0.03490	0.02534	0.06885	0.02213	0.02792	0.01781	0.00989	0.01105	0.00330	0.01337	0.01017	0.00593	0.01705
29	0.02415	0.02601	0.05143	0.17892	0.05690	0.02768	0.31106	0.03176	0.02329	0.03176	0.02013	0.02842	0.01568	0.01122	0.01610	0.00384	0.11128	0.01154	0.00523	0.01361
30	0.01431	0.01000	0.01274	0.01452	0.01509	0.00960	0.00956	0.01585	0.01966	0.02616	0.05236	0.42024	0.06195	0.20563	0.02624	0.00628	0.00781	0.05464	0.00908	0.00827
31	0.01980	0.07884	0.36671	0.02560	0.03672	0.02161	0.03001	0.02871	0.02233	0.03199	0.03123	0.19558	0.03101	0.01731	0.01119	0.00367	0.01294	0.01468	0.00623	0.01384
32	0.02574	0.02463	0.04200	0.16925	0.45624	0.02558	0.03284	0.03237	0.02424	0.03410	0.02029	0.02739	0.01674	0.00995	0.01082	0.00332	0.01326	0.00971	0.00529	0.01626
33	0.03018	0.02266	0.02486	0.02126	0.02762	0.02485	0.01701	0.18339	0.24943	0.08272	0.08818	0.04893	0.07016	0.01663	0.01154	0.00361	0.00923	0.04045	0.01114	0.01614
34	0.02366	0.02232	0.03624	0.17854	0.07747	0.02424	0.13785	0.03795	0.17292	0.03593	0.03314	0.04639	0.02786	0.01443	0.01203	0.00385	0.01294	0.08036	0.00765	0.01424
35	0.02517	0.02547	0.04757	0.17894	0.29692	0.02602	0.17296	0.03263	0.02441	0.03366	0.02071	0.02817	0.01644	0.00983	0.01143	0.00346	0.01491	0.01064	0.00531	0.01535
36	0.02875	0.01638	0.01956	0.01683	0.02164	0.01593	0.01280	0.09549	0.06206	0.18602	0.10354	0.10686	0.11174	0.12885	0.01986	0.00484	0.00861	0.01616	0.01081	0.01325
37	0.12007	0.02297	0.02698	0.02219	0.02880	0.02469	0.05923	0.17650	0.14678	0.04761	0.03273	0.10332	0.02857	0.05097	0.01340	0.00389	0.01025	0.01289	0.00926	0.05892

[dist]
# distance from previous block
# <min> <max>
0	2

[block]
# block no. 1 follows, 12 sequences, length 26
# corresponding to MSA columns:
# 148-173
name=unknown_B
#
# <colnr> <probs for GDERKNQSTAVLIFYWHMCP>
#	G	D	E	R	K	N	Q	S	T	A	V	L	I	F	Y	W	H	M	C	P
0	0.10829	0.02203	0.06337	0.17451	0.04215	0.02128	0.07887	0.06823	0.02741	0.10005	0.14375	0.04016	0.03661	0.01367	0.01105	0.00349	0.01136	0.01198	0.00828	0.01347
1	0.24123	0.02400	0.02458	0.02015	0.02769	0.02634	0.01642	0.18836	0.13490	0.14623	0.02954	0.02850	0.02100	0.01259	0.00967	0.00341	0.00972	0.00933	0.01013	0.01620
2	0.17876	0.02222	0.08820	0.01865	0.02544	0.01822	0.01651	0.06800	0.02504	0.13602	0.03574	0.20255	0.03404	0.01814	0.01060	0.00356	0.00918	0.01508	0.00906	0.06498
3	0.24732	0.02527	0.02484	0.08680	0.03282	0.06510	0.01822	0.16377	0.10228	0.04846	0.02619	0.03284	0.02109	0.01329	0.00982	0.00351	0.01104	0.04456	0.00844	0.01435
4	0.02483	0.01987	0.05848	0.01846	0.02386	0.01790	0.01555	0.15472	0.03502	0.08157	0.29852	0.10038	0.06679	0.01934	0.01212	0.00346	0.00811	0.01655	0.01114	0.01333
5	0.02372	0.01943	0.02252	0.01716	0.02546	0.01621	0.01353	0.08782	0.02604	0.03871	0.02592	0.10485	0.02425	0.01235	0.00925	0.00222	0.00833	0.01031	0.00754	0.50438
6	0.02361	0.02246	0.03815	0.34351	0.29860	0.02502	0.03178	0.03050	0.02323	0.03152	0.01991	0.02809	0.01583	0.01034	0.01085	0.00345	0.01379	0.00970	0.00511	0.01455
7	0.01962	0.01296	0.01810	0.01616	0.01938	0.01191	0.04514	0.02313	0.02531	0.09573	0.21981	0.14701	0.12700	0.14425	0.02151	0.00507	0.00790	0.01939	0.01012	0.01050
8	0.01565	0.01139	0.01602	0.01602	0.01744	0.01281	0.01175	0.01850	0.01708	0.02420	0.03058	0.05046	0.03057	0.22479	0.43511	0.01566	0.02422	0.01280	0.00605	0.00890
9	0.01901	0.01190	0.01535	0.01493	0.01805	0.01118	0.01123	0.02245	0.02446	0.10425	0.15201	0.18979	0.18213	0.03720	0.12752	0.00659	0.01100	0.02018	0.01006	0.01074
10	0.02237	0.02120	0.03592	0.44496	0.20683	0.02469	0.03117	0.02942	0.02264	0.03002	0.01969	0.02849	0.01530	0.01057	0.01087	0.00352	0.01410	0.00970	0.00500	0.01355
11	0.02299	0.01624	0.01911	0.01881	0.02273	0.01726	0.01459	0.03697	0.21767	0.08299	0.05050	0.21375	0.04860	0.02275	0.01237	0.00404	0.00807	0.10246	0.05486	0.01324
12	0.01328	0.00949	0.01265	0.01518	0.01581	0.00886	0.01012	0.01518	0.02088	0.02783	0.06010	0.60969	0.07212	0.03416	0.01392	0.00443	0.00633	0.03100	0.01012	0.00886
13	0.09773	0.01283	0.01493	0.01369	0.01733	0.01236	0.01052	0.02503	0.02811	0.08822	0.34828	0.06680	0.10580	0.01930	0.01136	0.00333	0.00591	0.01641	0.09094	0.01111
14	0.02930	0.13027	0.23205	0.02574	0.03680	0.03071	0.02701	0.16677	0.13394	0.04456	0.02573	0.02662	0.01909	0.01184	0.01014	0.00328	0.01280	0.00906	0.00763	0.01667
15	0.01328	0.00949	0.01265	0.01518	0.01581	0.00886	0.01012	0.01518	0.02088	0.02783	0.06010	0.60969	0.07212	0.03416	0.01392	0.00443	0.00633	0.03100	0.01012	0.00886
16	0.02814	0.04782	0.41825	0.02868	0.04278	0.02511	0.03440	0.09829	0.02778	0.11160	0.02368	0.02539	0.01625	0.01115	0.01051	0.00342	0.01464	0.00869	0.00665	0.01677
17	0.03013	0.40058	0.17565	0.02179	0.03266	0.03501	0.02357	0.03596	0.02363	0.10175	0.02012	0.02158	0.01576	0.01016	0.00837	0.00275	0.01242	0.00709	0.00588	0.01515
18	0.02271	0.02328	0.09418	0.05545	0.02647	0.07983	0.01681	0.02686	0.02250	0.07477	0.09443	0.05007	0.03665	0.21696	0.10578	0.00768	0.01451	0.01281	0.00729	0.01096
19	0.01337	0.00994	0.01247	0.01422	0.01563	0.00904	0.00976	0.01569	0.02246	0.02939	0.10775	0.46559	0.17108	0.03190	0.01362	0.00420	0.00607	0.02849	0.01027	0.00904
20	0.02929	0.19111	0.07945	0.02088	0.02817	0.16915	0.01860	0.06415	0.02809	0.05985	0.07684	0.04145	0.12099	0.01481	0.01006	0.00301	0.01239	0.01116	0.00738	0.01319
21	0.02890	0.07260	0.14228	0.02822	0.11879	0.02019	0.02269	0.03517	0.02673	0.18083	0.09954	0.04544	0.10240	0.01484	0.01099	0.00334	0.01056	0.01243	0.00887	0.01520
22	0.02784	0.01931	0.02086	0.01865	0.02411	0.02130	0.01454	0.04868	0.33585	0.10371	0.04187	0.04026	0.03113	0.01408	0.01015	0.00335	0.00776	0.01159	0.18946	0.01551
23	0.07491	0.01778	0.02062	0.01904	0.02218	0.01974	0.01437	0.15075	0.02789	0.03962	0.03996	0.29229	0.04354	0.07629	0.01877	0.00462	0.07708	0.01956	0.00914	0.01183
24	0.12745	0.02550	0.09276	0.02495	0.03333	0.02209	0.08798	0.04211	0.02591	0.28582	0.02989	0.03005	0.02031	0.01279	0.01376	0.00360	0.08643	0.01002	0.00931	0.01597
25	0.03291	0.09116	0.23080	0.02859	0.03838	0.33320	0.02810	0.03945	0.02738	0.02955	0.01776	0.02078	0.01395	0.01078	0.00984	0.00302	0.01781	0.00733	0.00518	0.01403

[dist]
# distance from previous block
# <min> <max>
1	5

[block]
# block no. 2 follows, 12 sequences, length 28
# corresponding to MSA columns:
# 179-206
name=unknown_C
#
# <colnr> <probs for GDERKNQSTAVLIFYWHMCP>
#	G	D	E	R	K	N	Q	S	T	A	V	L	I	F	Y	W	H	M	C	P
0	0.02583	0.02418	0.03854	0.05351	0.41058	0.02290	0.02803	0.03187	0.02424	0.03560	0.02021	0.02583	0.01697	0.00928	0.01008	0.00281	0.01166	0.00885	0.00568	0.19334
1	0.02844	0.02716	0.04695	0.05775	0.38875	0.02718	0.12796	0.09031	0.02813	0.03939	0.02149	0.02738	0.01727	0.01001	0.01123	0.00333	0.01394	0.01036	0.00607	0.01690
2	0.01644	0.01174	0.01627	0.01879	0.02080	0.01157	0.01560	0.02063	0.02398	0.03136	0.05836	0.25162	0.06523	0.03119	0.01476	0.00486	0.00906	0.35795	0.01006	0.00973
3	0.04145	0.03054	0.03272	0.02509	0.03381	0.03381	0.02072	0.51243	0.05127	0.06872	0.02618	0.02618	0.01854	0.01309	0.01091	0.00327	0.01200	0.00982	0.01091	0.01854
4	0.03184	0.02459	0.02934	0.02255	0.03121	0.02458	0.04876	0.20085	0.13533	0.08251	0.02844	0.02885	0.02115	0.01156	0.01015	0.00285	0.01027	0.00949	0.00930	0.23640
5	0.03031	0.02501	0.02645	0.02283	0.02957	0.02861	0.01803	0.15908	0.42276	0.05075	0.04033	0.03745	0.03000	0.01441	0.01105	0.00360	0.00938	0.01177	0.01105	0.01754
6	0.03770	0.04742	0.03765	0.03170	0.03841	0.46297	0.11957	0.04180	0.02986	0.02835	0.01790	0.02163	0.01455	0.01082	0.01044	0.00298	0.01940	0.00820	0.00560	0.01306
7	0.04261	0.02072	0.02568	0.02055	0.02841	0.02026	0.01670	0.08815	0.16427	0.38554	0.04214	0.03725	0.02803	0.01381	0.01099	0.00345	0.00931	0.01124	0.01267	0.01821
8	0.02530	0.02418	0.04120	0.20533	0.42360	0.02546	0.03262	0.03198	0.02403	0.03357	0.02021	0.02754	0.01655	0.01003	0.01082	0.00334	0.01337	0.00971	0.00525	0.01591
9	0.04892	0.01856	0.02530	0.01940	0.02783	0.01603	0.01603	0.05314	0.03121	0.55634	0.04302	0.03711	0.02699	0.01350	0.01096	0.00337	0.00928	0.01096	0.01350	0.01856
10	0.01467	0.01016	0.01265	0.01380	0.01422	0.01002	0.00871	0.01582	0.01825	0.02448	0.04563	0.31296	0.05343	0.31374	0.07474	0.00830	0.01002	0.02240	0.00814	0.00785
11	0.03709	0.04183	0.02939	0.02615	0.03226	0.36503	0.01999	0.09867	0.16921	0.03644	0.02539	0.02612	0.01979	0.01241	0.01029	0.00310	0.01581	0.00878	0.00769	0.01455
12	0.03192	0.02420	0.02942	0.17309	0.04241	0.02751	0.02170	0.19493	0.19773	0.09392	0.03183	0.03265	0.02305	0.01310	0.01097	0.00352	0.01133	0.01071	0.00960	0.01643
13	0.01620	0.01157	0.01600	0.01851	0.02042	0.01137	0.01519	0.02022	0.02375	0.03110	0.05849	0.27866	0.06575	0.03141	0.01469	0.00483	0.00885	0.33326	0.01007	0.00966
14	0.02680	0.02598	0.03626	0.30719	0.22018	0.08303	0.02942	0.07847	0.02660	0.03423	0.02014	0.02713	0.01576	0.01076	0.01076	0.00338	0.01431	0.00943	0.00569	0.01446
15	0.02574	0.02941	0.06434	0.04596	0.05699	0.02757	0.50919	0.03493	0.02574	0.03493	0.02206	0.02941	0.01654	0.00919	0.01287	0.00368	0.01838	0.01287	0.00551	0.01471
16	0.02217	0.02110	0.03491	0.44297	0.06587	0.02504	0.08055	0.03330	0.10091	0.03138	0.02355	0.03091	0.01766	0.01132	0.01115	0.00365	0.01404	0.01045	0.00589	0.01319
17	0.01386	0.00993	0.01316	0.01479	0.01594	0.00924	0.01017	0.01662	0.02354	0.03207	0.18879	0.46893	0.08031	0.03100	0.01364	0.00416	0.00601	0.02799	0.01062	0.00924
18	0.02488	0.02376	0.04046	0.23920	0.39296	0.02535	0.03242	0.03162	0.02383	0.03307	0.02014	0.02767	0.01637	0.01011	0.01083	0.00337	0.01347	0.00971	0.00522	0.01557
19	0.02629	0.02519	0.04300	0.12411	0.49707	0.02572	0.03312	0.03285	0.02450	0.03477	0.02039	0.02721	0.01697	0.00984	0.01081	0.00328	0.01313	0.00971	0.00534	0.01671
20	0.02396	0.02422	0.03136	0.02728	0.02787	0.06567	0.02247	0.02655	0.01771	0.02616	0.01623	0.02583	0.01582	0.02598	0.09761	0.00615	0.49282	0.00963	0.00495	0.01171
21	0.03099	0.03683	0.02836	0.02560	0.03061	0.34427	0.06169	0.03447	0.02806	0.02842	0.03618	0.10916	0.08126	0.01731	0.01141	0.00338	0.01556	0.05763	0.00704	0.01177
22	0.02683	0.01898	0.02748	0.19076	0.10116	0.01998	0.02157	0.03600	0.09374	0.13403	0.09762	0.04514	0.03477	0.01447	0.01130	0.00349	0.01060	0.04559	0.00880	0.05768
23	0.10640	0.07535	0.02931	0.02116	0.02774	0.05731	0.04770	0.03801	0.02637	0.22141	0.09874	0.03531	0.03101	0.01388	0.01322	0.00333	0.07938	0.01059	0.00929	0.05448
24	0.01591	0.06551	0.01729	0.01425	0.01650	0.01368	0.01039	0.01812	0.01963	0.02550	0.05231	0.15127	0.15163	0.20451	0.16639	0.00910	0.01360	0.01787	0.00757	0.00899
25	0.03682	0.09500	0.08463	0.02077	0.02960	0.02226	0.01880	0.08930	0.06967	0.27287	0.03466	0.06537	0.02548	0.01349	0.01036	0.00318	0.01020	0.01084	0.01025	0.07645
26	0.02527	0.07961	0.30914	0.02576	0.03838	0.02546	0.02900	0.09149	0.07141	0.03918	0.02224	0.02453	0.01659	0.01055	0.00981	0.00301	0.01305	0.00818	0.00631	0.15103
27	0.02904	0.02878	0.11057	0.03596	0.04631	0.02343	0.30977	0.03727	0.02698	0.14088	0.07251	0.03486	0.02604	0.01137	0.01219	0.00357	0.01510	0.01253	0.00760	0.01525

[dist]
# distance from previous block
# <min> <max>
0	3

[block]
# block no. 3 follows, 12 sequences, length 18
# corresponding to MSA columns:
# 210-227
name=unknown_D
#
# <colnr> <probs for GDERKNQSTAVLIFYWHMCP>
#	G	D	E	R	K	N	Q	S	T	A	V	L	I	F	Y	W	H	M	C	P
0	0.02503	0.01355	0.01773	0.01726	0.02149	0.01233	0.01411	0.02891	0.02625	0.18242	0.06534	0.15822	0.15914	0.02531	0.01325	0.00417	0.00834	0.18391	0.01107	0.01216
1	0.03506	0.02554	0.07203	0.14434	0.04039	0.08470	0.05173	0.04086	0.02722	0.24804	0.03080	0.03208	0.02116	0.01206	0.01052	0.00330	0.01230	0.01002	0.08275	0.01511
2	0.02990	0.02886	0.12470	0.03966	0.19982	0.02335	0.07998	0.09307	0.02846	0.12647	0.02949	0.09414	0.02461	0.01358	0.01135	0.00348	0.01260	0.01242	0.00785	0.01621
3	0.01926	0.01237	0.01640	0.08364	0.02264	0.01244	0.01170	0.02184	0.02178	0.08134	0.13297	0.15480	0.05260	0.27364	0.03065	0.00664	0.00919	0.01787	0.00869	0.00955
4	0.02265	0.01971	0.02929	0.36848	0.05482	0.02403	0.02451	0.08438	0.02386	0.03152	0.02220	0.03527	0.01920	0.11344	0.02088	0.00487	0.07235	0.01072	0.00587	0.01195
5	0.02307	0.03733	0.30190	0.09425	0.04166	0.02187	0.02950	0.03459	0.07904	0.07644	0.03098	0.12508	0.02689	0.01516	0.01115	0.00366	0.01290	0.01280	0.00700	0.01474
6	0.03613	0.03672	0.03585	0.04218	0.23387	0.25492	0.02545	0.09215	0.03081	0.07806	0.02144	0.02466	0.01686	0.01103	0.01042	0.00307	0.01536	0.00870	0.00676	0.01558
7	0.02168	0.01836	0.02104	0.01694	0.02459	0.01580	0.01355	0.03064	0.10793	0.03619	0.03847	0.04574	0.08770	0.01379	0.00987	0.00256	0.00806	0.05679	0.00804	0.42227
8	0.13626	0.27970	0.15963	0.01993	0.02918	0.02992	0.02103	0.03080	0.02333	0.03489	0.11182	0.03040	0.02969	0.01205	0.00880	0.00297	0.01098	0.00888	0.00633	0.01345
9	0.03104	0.03735	0.21722	0.02551	0.03625	0.02782	0.02616	0.28277	0.03805	0.05184	0.03404	0.03460	0.08055	0.01388	0.01095	0.00339	0.01267	0.01079	0.00858	0.01655
10	0.03025	0.11242	0.26932	0.02558	0.03725	0.02718	0.02791	0.09370	0.10383	0.12624	0.02742	0.02771	0.01950	0.01173	0.01022	0.00332	0.01283	0.00911	0.00778	0.01670
11	0.03232	0.16959	0.16504	0.02476	0.03512	0.03310	0.02460	0.23718	0.09194	0.04812	0.02415	0.02510	0.01804	0.01177	0.00991	0.00315	0.01254	0.00878	0.00800	0.01678
12	0.02309	0.15133	0.47607	0.02900	0.04398	0.02831	0.03666	0.03422	0.02288	0.03304	0.01883	0.02209	0.01384	0.01019	0.00980	0.00327	0.01537	0.00768	0.00461	0.01576
13	0.02786	0.10056	0.28329	0.02589	0.03782	0.02781	0.02854	0.17080	0.03159	0.04420	0.05691	0.02735	0.02146	0.01171	0.01019	0.00316	0.01318	0.00903	0.00706	0.06157
14	0.02549	0.17391	0.30827	0.02565	0.03743	0.02876	0.02919	0.10378	0.02683	0.03695	0.02405	0.08701	0.02100	0.01317	0.01008	0.00328	0.01342	0.01036	0.00617	0.01520
15	0.06928	0.03353	0.16851	0.02532	0.03446	0.02788	0.02461	0.17813	0.11592	0.10518	0.02746	0.02828	0.01988	0.01320	0.01331	0.00357	0.07656	0.00965	0.00866	0.01658
16	0.03211	0.08059	0.17601	0.05936	0.03677	0.02505	0.02435	0.09479	0.11271	0.16718	0.02983	0.02969	0.02102	0.01199	0.01032	0.00327	0.01181	0.00951	0.00870	0.05495
17	0.03070	0.14806	0.19237	0.02380	0.03498	0.02869	0.02456	0.16838	0.03127	0.07808	0.02215	0.02375	0.01645	0.01077	0.00954	0.00288	0.01233	0.00806	0.00729	0.12588

[dist]
# distance from previous block
# <min> <max>
15	50

[block]
# block no. 4 follows, 12 sequences, length 32
# corresponding to MSA columns:
# 278-309
name=unknown_E
#
# <colnr> <probs for GDERKNQSTAVLIFYWHMCP>
#	G	D	E	R	K	N	Q	S	T	A	V	L	I	F	Y	W	H	M	C	P
0	0.03036	0.02185	0.03127	0.03666	0.22152	0.02063	0.02177	0.08815	0.02813	0.13742	0.02951	0.09149	0.02501	0.01313	0.01060	0.00305	0.01038	0.01159	0.00830	0.15918
1	0.02434	0.02623	0.09414	0.05263	0.37753	0.02287	0.03067	0.03116	0.02469	0.03484	0.02868	0.04791	0.02701	0.01432	0.01170	0.00366	0.01265	0.11309	0.00634	0.01554
2	0.02484	0.34298	0.04823	0.02369	0.03155	0.03158	0.12570	0.02965	0.02398	0.03037	0.09218	0.09275	0.03274	0.01372	0.00983	0.00300	0.01171	0.01198	0.00643	0.01310
3	0.02746	0.30278	0.04928	0.08783	0.26779	0.03377	0.02632	0.03262	0.02334	0.03035	0.01793	0.02275	0.01552	0.00963	0.00904	0.00285	0.01248	0.00791	0.00501	0.01532
4	0.01392	0.01041	0.01244	0.01324	0.01506	0.00946	0.00914	0.01644	0.02328	0.03045	0.16369	0.28788	0.21301	0.10792	0.01897	0.00484	0.00643	0.02446	0.01001	0.00893
5	0.01505	0.01065	0.01418	0.01636	0.01753	0.01031	0.01211	0.01772	0.02160	0.02852	0.05587	0.37680	0.06468	0.11078	0.01986	0.00545	0.00812	0.17586	0.00962	0.00895
6	0.03117	0.03062	0.02925	0.02970	0.09957	0.14884	0.02053	0.08453	0.31608	0.04175	0.03374	0.03312	0.02579	0.01320	0.01076	0.00341	0.01191	0.01062	0.00910	0.01633
7	0.02463	0.01383	0.01870	0.01889	0.02297	0.01301	0.01615	0.02920	0.02655	0.15898	0.06014	0.10017	0.10862	0.02581	0.01382	0.00447	0.00934	0.31182	0.01089	0.01201
8	0.02699	0.42373	0.04572	0.01783	0.02728	0.03369	0.01676	0.03093	0.02231	0.02892	0.01655	0.01918	0.01471	0.00891	0.00735	0.00210	0.01048	0.00604	0.00526	0.23527
9	0.02758	0.02143	0.03013	0.03337	0.19896	0.01849	0.02013	0.03288	0.02449	0.10524	0.02292	0.02600	0.01797	0.00934	0.00936	0.00239	0.00985	0.00814	0.00705	0.37431
10	0.02445	0.03512	0.21330	0.12414	0.32053	0.02549	0.03530	0.03308	0.02383	0.03424	0.02005	0.02595	0.01577	0.01008	0.01066	0.00336	0.01421	0.00916	0.00506	0.01621
11	0.02552	0.29444	0.29031	0.02967	0.09327	0.03297	0.03034	0.03361	0.02285	0.03087	0.01779	0.02110	0.01426	0.00985	0.00897	0.00295	0.01388	0.00729	0.00472	0.01534
12	0.01345	0.01107	0.01183	0.01164	0.01507	0.00945	0.00873	0.01674	0.02619	0.03263	0.20665	0.09971	0.44619	0.02643	0.01288	0.00363	0.00544	0.02228	0.01054	0.00945
13	0.02904	0.02437	0.02573	0.02258	0.02908	0.02802	0.01772	0.11875	0.46516	0.04870	0.04194	0.03874	0.03131	0.01456	0.01107	0.00364	0.00908	0.01199	0.01107	0.01743
14	0.01569	0.01122	0.01517	0.01517	0.01630	0.01235	0.01069	0.01796	0.01683	0.02357	0.03136	0.05477	0.03244	0.30571	0.35675	0.01461	0.02141	0.01343	0.00616	0.00843
15	0.02319	0.15954	0.46878	0.02882	0.04370	0.02856	0.03635	0.03419	0.02286	0.03292	0.01877	0.02201	0.01384	0.01017	0.00975	0.00325	0.01530	0.00765	0.00461	0.01573
16	0.01681	0.01202	0.01666	0.01889	0.02115	0.01186	0.01596	0.02142	0.02500	0.03290	0.09819	0.18557	0.06734	0.03002	0.01472	0.00481	0.00913	0.37743	0.01021	0.00990
17	0.01487	0.01112	0.01379	0.01312	0.01594	0.01005	0.00984	0.01948	0.02953	0.04055	0.44684	0.08667	0.20105	0.02347	0.01287	0.00349	0.00523	0.02045	0.01159	0.01005
18	0.03410	0.30288	0.04623	0.02356	0.03263	0.03348	0.08267	0.10821	0.06380	0.13532	0.02499	0.02565	0.01880	0.01103	0.00937	0.00294	0.01193	0.00876	0.00781	0.01584
19	0.02830	0.02978	0.10854	0.15231	0.27717	0.02727	0.03094	0.13905	0.02989	0.04136	0.02143	0.02667	0.01657	0.01078	0.01078	0.00335	0.01346	0.00951	0.00641	0.01642
20	0.02699	0.02591	0.04426	0.06693	0.54879	0.02591	0.03346	0.03346	0.02483	0.03562	0.02051	0.02699	0.01727	0.00972	0.01079	0.00324	0.01295	0.00972	0.00540	0.01727
21	0.01440	0.01029	0.01394	0.01646	0.01758	0.00982	0.01207	0.01712	0.02198	0.02909	0.05948	0.48259	0.06967	0.03310	0.01422	0.00458	0.00730	0.14706	0.01010	0.00917
22	0.02456	0.02435	0.04419	0.24206	0.29154	0.02565	0.12442	0.03183	0.02397	0.03283	0.02042	0.02817	0.01619	0.01002	0.01123	0.00346	0.01454	0.01032	0.00523	0.01501
23	0.02348	0.18191	0.44893	0.02833	0.04294	0.02927	0.03550	0.03411	0.02283	0.03257	0.01859	0.02180	0.01385	0.01013	0.00961	0.00320	0.01513	0.00756	0.00462	0.01564
24	0.01289	0.01105	0.01105	0.01105	0.01473	0.00920	0.00828	0.01565	0.02485	0.02946	0.11046	0.10493	0.54437	0.02761	0.01289	0.00368	0.00552	0.02301	0.01013	0.00920
25	0.02942	0.01435	0.01839	0.01554	0.02094	0.01253	0.01230	0.03358	0.02955	0.26384	0.21947	0.06783	0.17741	0.01975	0.01204	0.00347	0.00704	0.01670	0.01220	0.01363
26	0.02067	0.01344	0.01762	0.01847	0.02150	0.01334	0.01484	0.02756	0.07996	0.09005	0.08573	0.23785	0.06079	0.02729	0.01373	0.00443	0.00846	0.22215	0.01067	0.01143
27	0.04023	0.02364	0.02751	0.02182	0.02937	0.02441	0.01770	0.28920	0.04036	0.22962	0.03646	0.10798	0.02859	0.01605	0.01133	0.00346	0.01031	0.01304	0.01169	0.01725
28	0.02059	0.01938	0.03270	0.59060	0.07510	0.02422	0.03028	0.02786	0.02180	0.02786	0.01938	0.02907	0.01453	0.01090	0.01090	0.00363	0.01453	0.00969	0.00484	0.01211
29	0.69383	0.02109	0.01603	0.01434	0.02109	0.02446	0.01181	0.03205	0.01856	0.04892	0.01518	0.01771	0.01181	0.01012	0.00675	0.00337	0.00843	0.00590	0.00675	0.01181
30	0.02533	0.02421	0.04126	0.20281	0.42588	0.02547	0.03264	0.03201	0.02404	0.03361	0.02022	0.02753	0.01656	0.01002	0.01082	0.00334	0.01336	0.00971	0.00525	0.01593
31	0.02654	0.02427	0.03774	0.19348	0.31505	0.02628	0.02946	0.07483	0.09234	0.03765	0.02381	0.02926	0.01877	0.01097	0.01087	0.00340	0.01272	0.01006	0.00646	0.01604

[dist]
# distance from previous block
# <min> <max>
0	1

[block]
# block no. 5 follows, 12 sequences, length 43
# corresponding to MSA columns:
# 311-353
name=unknown_F
#
# <colnr> <probs for GDERKNQSTAVLIFYWHMCP>
#	G	D	E	R	K	N	Q	S	T	A	V	L	I	F	Y	W	H	M	C	P
0	0.51673	0.02064	0.02041	0.16593	0.03529	0.02440	0.01667	0.03095	0.01941	0.04338	0.01629	0.02070	0.01253	0.01033	0.00784	0.00344	0.01004	0.00690	0.00625	0.01189
1	0.02035	0.01697	0.01850	0.01742	0.02180	0.01815	0.01323	0.03721	0.27318	0.03963	0.14557	0.12451	0.16712	0.02113	0.01211	0.00373	0.00707	0.01808	0.01092	0.01331
2	0.03049	0.55754	0.05411	0.01974	0.02864	0.10419	0.01893	0.03390	0.02316	0.02577	0.01535	0.01774	0.01400	0.00955	0.00732	0.00239	0.01258	0.00597	0.00477	0.01384
3	0.02232	0.02114	0.03582	0.44928	0.20293	0.02468	0.03114	0.02937	0.02262	0.02995	0.01968	0.02851	0.01527	0.01058	0.01087	0.00353	0.01411	0.00970	0.00499	0.01350
4	0.02795	0.02879	0.04746	0.03610	0.04413	0.07070	0.27970	0.09057	0.07015	0.03794	0.02621	0.03661	0.02168	0.01311	0.01488	0.00379	0.07768	0.05113	0.00692	0.01450
5	0.02221	0.09363	0.43260	0.12464	0.05043	0.02650	0.03694	0.03326	0.02275	0.03272	0.01920	0.02362	0.01395	0.01037	0.01019	0.00340	0.01551	0.00816	0.00465	0.01528
6	0.03395	0.02750	0.04360	0.03255	0.04142	0.08156	0.24340	0.08021	0.03034	0.17569	0.07095	0.03449	0.02643	0.01198	0.01187	0.00345	0.01446	0.01206	0.00864	0.01546
7	0.01860	0.01192	0.01517	0.01391	0.01728	0.01073	0.01059	0.02328	0.02998	0.09599	0.42335	0.08035	0.16275	0.02218	0.01266	0.00346	0.00564	0.01930	0.01187	0.01100
8	0.02243	0.09988	0.52172	0.03012	0.04572	0.02669	0.03863	0.03439	0.02295	0.03385	0.01923	0.02260	0.01383	0.01028	0.01010	0.00337	0.01577	0.00789	0.00461	0.01595
9	0.02141	0.01959	0.02689	0.02530	0.02958	0.07464	0.10099	0.02690	0.02582	0.03239	0.04736	0.09621	0.04977	0.02458	0.01413	0.00456	0.01247	0.34750	0.00881	0.01110
10	0.01328	0.00949	0.01265	0.01518	0.01581	0.00886	0.01012	0.01518	0.02088	0.02783	0.06010	0.60969	0.07212	0.03416	0.01392	0.00443	0.00633	0.03100	0.01012	0.00886
11	0.03157	0.02212	0.02664	0.11778	0.03646	0.02464	0.01940	0.07908	0.30749	0.15402	0.03877	0.03708	0.02788	0.01375	0.01102	0.00359	0.00997	0.01144	0.01054	0.01675
12	0.01779	0.01465	0.02234	0.02443	0.08145	0.01720	0.01703	0.02182	0.01827	0.02660	0.02658	0.03894	0.02469	0.06663	0.45004	0.01449	0.08931	0.01122	0.00567	0.01084
13	0.01343	0.00976	0.01268	0.01471	0.01576	0.00901	0.00998	0.01568	0.02206	0.02933	0.10552	0.52242	0.11422	0.03260	0.01374	0.00428	0.00616	0.02937	0.01028	0.00901
14	0.03724	0.02124	0.02500	0.01982	0.02700	0.02125	0.01613	0.22008	0.03810	0.23751	0.11407	0.04692	0.09395	0.01619	0.01143	0.00338	0.00931	0.01313	0.01191	0.01632
15	0.25807	0.02405	0.02332	0.02008	0.02696	0.02755	0.01609	0.14023	0.25862	0.05138	0.03074	0.02991	0.02298	0.01285	0.00957	0.00350	0.00924	0.00963	0.00957	0.01565
16	0.01485	0.01075	0.01438	0.01456	0.01652	0.01027	0.01063	0.01895	0.02655	0.03718	0.34953	0.22390	0.08561	0.03244	0.07776	0.00533	0.00824	0.02193	0.01077	0.00983
17	0.04292	0.02355	0.02783	0.02184	0.03003	0.02403	0.01788	0.21656	0.11493	0.30503	0.03726	0.03379	0.02497	0.01355	0.01096	0.00339	0.01014	0.01077	0.01221	0.01835
18	0.02537	0.02435	0.04099	0.18623	0.34094	0.02576	0.06855	0.03483	0.07775	0.03476	0.02290	0.02913	0.01826	0.01050	0.01102	0.00342	0.01330	0.01024	0.00588	0.01583
19	0.43090	0.01682	0.01374	0.01271	0.01781	0.01888	0.01017	0.02946	0.02024	0.04569	0.02314	0.02667	0.01811	0.01113	0.00709	0.00305	0.00713	0.00757	0.26853	0.01117
20	0.02838	0.01820	0.02198	0.01641	0.02508	0.01431	0.01320	0.03282	0.02512	0.17130	0.03607	0.03589	0.07985	0.01175	0.00939	0.00231	0.00810	0.00955	0.00873	0.43155
21	0.03738	0.01826	0.02353	0.01861	0.02582	0.01668	0.01510	0.09139	0.03125	0.32492	0.11439	0.04154	0.03654	0.01942	0.05407	0.00425	0.01032	0.01173	0.01159	0.09321
22	0.02574	0.02941	0.06434	0.04596	0.05699	0.02757	0.50919	0.03493	0.02574	0.03493	0.02206	0.02941	0.01654	0.00919	0.01287	0.00368	0.01838	0.01287	0.00551	0.01471
23	0.02302	0.03580	0.24215	0.21453	0.20680	0.02516	0.03514	0.03215	0.02319	0.03280	0.01979	0.02608	0.01508	0.01033	0.01066	0.00344	0.01468	0.00906	0.00492	0.01523
24	0.01488	0.01067	0.01312	0.01321	0.01485	0.00999	0.00905	0.01779	0.02434	0.03319	0.27090	0.17846	0.12706	0.18548	0.02456	0.00557	0.00687	0.02110	0.01000	0.00892
25	0.02229	0.05345	0.50616	0.03270	0.04826	0.02557	0.09148	0.03457	0.02332	0.03457	0.01984	0.02372	0.01411	0.01023	0.01063	0.00348	0.01636	0.00858	0.00470	0.01596
26	0.01748	0.01318	0.01552	0.01418	0.01771	0.01248	0.01084	0.07146	0.03135	0.04239	0.36721	0.08214	0.21732	0.02280	0.01266	0.00348	0.00598	0.01959	0.01136	0.01086
27	0.01328	0.00949	0.01265	0.01518	0.01581	0.00886	0.01012	0.01518	0.02088	0.02783	0.06010	0.60969	0.07212	0.03416	0.01392	0.00443	0.00633	0.03100	0.01012	0.00886
28	0.02324	0.01372	0.01702	0.01588	0.02000	0.01264	0.01241	0.05494	0.02824	0.14515	0.15707	0.16896	0.18692	0.02418	0.01278	0.00383	0.00729	0.07255	0.01122	0.01197
29	0.03097	0.03114	0.03851	0.03124	0.03692	0.17292	0.15256	0.03579	0.02544	0.08726	0.02483	0.03621	0.02137	0.01486	0.01770	0.00382	0.15893	0.05941	0.00671	0.01339
30	0.01818	0.01403	0.01612	0.01582	0.01903	0.01399	0.01167	0.07533	0.08524	0.03716	0.14028	0.27522	0.18353	0.02621	0.01285	0.00388	0.00683	0.02284	0.01061	0.01119
31	0.01752	0.01551	0.01541	0.01493	0.01848	0.05166	0.01114	0.02470	0.09668	0.03493	0.19810	0.13916	0.27298	0.02405	0.01253	0.00364	0.00694	0.02044	0.01042	0.01080
32	0.03821	0.02782	0.03008	0.02392	0.03196	0.03080	0.01948	0.36051	0.17555	0.09700	0.03215	0.03076	0.02302	0.01357	0.01096	0.00339	0.01092	0.01056	0.01114	0.01821
33	0.03809	0.01984	0.02448	0.01944	0.02641	0.01932	0.01578	0.16852	0.03653	0.28990	0.17001	0.04582	0.04467	0.01570	0.01145	0.00336	0.00892	0.01296	0.01240	0.01638
34	0.02051	0.01959	0.03489	0.02811	0.03387	0.01913	0.20607	0.03006	0.10207	0.03507	0.09556	0.23793	0.04781	0.02014	0.01296	0.00391	0.01126	0.01982	0.00868	0.01259
35	0.01586	0.01057	0.01189	0.01189	0.01189	0.01057	0.00661	0.01586	0.01586	0.02114	0.03436	0.07135	0.03964	0.61681	0.05550	0.01057	0.01057	0.01586	0.00661	0.00661
36	0.02915	0.62337	0.05714	0.01866	0.02799	0.04314	0.01866	0.03265	0.02215	0.02565	0.01516	0.01749	0.01399	0.00933	0.00700	0.00233	0.01166	0.00583	0.00466	0.01399
37	0.01429	0.01076	0.01347	0.01524	0.01727	0.00993	0.01153	0.01727	0.02317	0.02958	0.07449	0.33117	0.21045	0.03115	0.01391	0.00436	0.00706	0.14552	0.01010	0.00927
38	0.03943	0.04167	0.03257	0.02769	0.03443	0.36283	0.05871	0.09499	0.07433	0.09441	0.02357	0.02489	0.01782	0.01183	0.01042	0.00307	0.01663	0.00868	0.00754	0.01450
39	0.28526	0.02191	0.02772	0.08322	0.03435	0.02247	0.09109	0.03285	0.06145	0.04062	0.02013	0.02388	0.01569	0.00989	0.00884	0.00300	0.01055	0.00805	0.00662	0.19240
40	0.17343	0.02562	0.02656	0.02048	0.02904	0.02678	0.01680	0.28402	0.03686	0.05583	0.02208	0.02346	0.01650	0.01115	0.00929	0.00286	0.01022	0.00811	0.00886	0.19204
41	0.01974	0.01517	0.01905	0.02025	0.02357	0.01609	0.01690	0.03130	0.15734	0.03567	0.05441	0.13981	0.05574	0.02641	0.01393	0.00463	0.00938	0.31846	0.01032	0.01185
42	0.03436	0.02674	0.03868	0.02964	0.03774	0.02828	0.14843	0.23414	0.07599	0.10901	0.02954	0.03512	0.02253	0.01370	0.01345	0.00364	0.05419	0.03906	0.00932	0.01645

[dist]
# distance from previous block
# <min> <max>
0	17

[block]
# block no. 6 follows, 12 sequences, length 27
# corresponding to MSA columns:
# 371-397
name=unknown_G
#
# <colnr> <probs for GDERKNQSTAVLIFYWHMCP>
#	G	D	E	R	K	N	Q	S	T	A	V	L	I	F	Y	W	H	M	C	P
0	0.13324	0.02488	0.02366	0.02030	0.02687	0.10713	0.01603	0.04696	0.17151	0.20656	0.08039	0.03655	0.03139	0.01381	0.01038	0.00338	0.01022	0.01078	0.01045	0.01552
1	0.02742	0.01809	0.02478	0.02140	0.02399	0.02171	0.01725	0.03050	0.02075	0.15520	0.02746	0.03628	0.02316	0.08568	0.12530	0.00709	0.25202	0.01092	0.05852	0.01250
2	0.01629	0.01164	0.01611	0.01862	0.02057	0.01145	0.01535	0.02038	0.02384	0.03120	0.05844	0.26796	0.06554	0.03132	0.01472	0.00484	0.00893	0.34303	0.01006	0.00969
3	0.03162	0.02133	0.02844	0.02443	0.06821	0.01978	0.05162	0.04302	0.14819	0.18388	0.03234	0.03186	0.02345	0.01142	0.01016	0.00288	0.00964	0.00984	0.00941	0.23847
4	0.02115	0.01748	0.01971	0.01731	0.02265	0.01769	0.01337	0.03635	0.22893	0.04188	0.21651	0.05692	0.09695	0.01728	0.01133	0.00325	0.00708	0.01474	0.01053	0.12890
5	0.13359	0.02035	0.02277	0.01706	0.02601	0.01777	0.01383	0.06850	0.02551	0.12467	0.02307	0.02446	0.01741	0.00965	0.00855	0.00230	0.00862	0.00735	0.00798	0.42055
6	0.02190	0.02171	0.01870	0.01785	0.02122	0.14768	0.01324	0.02772	0.06669	0.03604	0.26537	0.14845	0.10815	0.02135	0.01216	0.00348	0.00915	0.01813	0.00993	0.01107
7	0.01894	0.00947	0.01420	0.01420	0.01420	0.00947	0.00947	0.01420	0.01420	0.01894	0.01894	0.03314	0.01894	0.03788	0.04261	0.68277	0.00947	0.00947	0.00473	0.00473
8	0.02871	0.02699	0.03636	0.24620	0.25206	0.11011	0.02887	0.03470	0.02523	0.07612	0.02146	0.02746	0.01661	0.01071	0.01070	0.00333	0.01426	0.00939	0.00593	0.01479
9	0.02735	0.08034	0.03817	0.27051	0.20369	0.08418	0.02831	0.07802	0.02650	0.03377	0.01972	0.02615	0.01563	0.01065	0.01041	0.00328	0.01409	0.00908	0.00565	0.01449
10	0.02468	0.01144	0.01247	0.01157	0.01501	0.01106	0.00890	0.02963	0.02414	0.11918	0.03670	0.04011	0.02780	0.01282	0.00813	0.00267	0.00572	0.01028	0.57625	0.01144
11	0.07462	0.01297	0.01568	0.01440	0.01825	0.01204	0.01100	0.02547	0.02801	0.12352	0.30372	0.12354	0.15134	0.02188	0.01217	0.00355	0.00625	0.01880	0.01134	0.01144
12	0.08912	0.02689	0.03144	0.02813	0.07788	0.12409	0.09442	0.08132	0.03002	0.12329	0.10736	0.04058	0.06967	0.01407	0.01109	0.00332	0.01228	0.01205	0.00874	0.01423
13	0.03405	0.10069	0.03069	0.02444	0.03031	0.33724	0.01896	0.04392	0.15077	0.03264	0.06877	0.02987	0.02637	0.01286	0.01011	0.00303	0.01491	0.00928	0.00740	0.01370
14	0.01458	0.01045	0.01398	0.01552	0.01701	0.00985	0.01134	0.01790	0.02443	0.03319	0.19965	0.38044	0.07956	0.03009	0.01379	0.00423	0.00657	0.09731	0.01065	0.00946
15	0.01433	0.00993	0.01234	0.01385	0.01423	0.00955	0.00870	0.01546	0.01884	0.02512	0.04967	0.39168	0.05896	0.27012	0.03076	0.00692	0.00804	0.02487	0.00870	0.00795
16	0.02513	0.18014	0.23899	0.12269	0.04254	0.02870	0.02804	0.07776	0.02529	0.03513	0.02076	0.02486	0.01590	0.01071	0.00941	0.00310	0.01322	0.00819	0.07493	0.01452
17	0.01477	0.01151	0.01366	0.01424	0.01737	0.01041	0.01143	0.01865	0.02607	0.03311	0.17689	0.10585	0.31709	0.02735	0.01353	0.00403	0.00680	0.15713	0.01046	0.00966
18	0.01561	0.06172	0.01734	0.01568	0.01789	0.01257	0.01189	0.01873	0.02359	0.03115	0.13945	0.35835	0.10686	0.02899	0.01326	0.00412	0.00710	0.09600	0.00996	0.00973
19	0.02950	0.02623	0.08458	0.12088	0.16400	0.02364	0.12257	0.07389	0.02811	0.12928	0.06493	0.03332	0.02478	0.01174	0.01138	0.00344	0.01322	0.01119	0.00764	0.01570
20	0.01463	0.01128	0.01354	0.01498	0.01687	0.01083	0.01045	0.01971	0.07439	0.03004	0.06971	0.43806	0.17355	0.03069	0.01339	0.00419	0.00639	0.02728	0.01022	0.00980
21	0.01328	0.00949	0.01265	0.01518	0.01581	0.00886	0.01012	0.01518	0.02088	0.02783	0.06010	0.60969	0.07212	0.03416	0.01392	0.00443	0.00633	0.03100	0.01012	0.00886
22	0.02589	0.13071	0.22952	0.08594	0.09584	0.02928	0.13841	0.07360	0.02592	0.03559	0.02006	0.02477	0.01524	0.01015	0.01053	0.00331	0.01513	0.00924	0.00544	0.01542
23	0.03068	0.17870	0.24262	0.02462	0.03606	0.02896	0.02671	0.08550	0.07934	0.12669	0.02576	0.02626	0.01859	0.01137	0.00979	0.00318	0.01271	0.00864	0.00743	0.01638
24	0.03789	0.04519	0.03149	0.02791	0.03284	0.43140	0.02152	0.08293	0.03029	0.03041	0.01726	0.02097	0.01450	0.01275	0.01440	0.00319	0.11835	0.00771	0.00595	0.01305
25	0.02514	0.08354	0.03055	0.11145	0.07829	0.02181	0.01870	0.07503	0.02537	0.03649	0.01969	0.02380	0.01600	0.00926	0.00890	0.00230	0.01024	0.00749	0.00636	0.38957
26	0.02824	0.03466	0.08340	0.03172	0.03643	0.16694	0.10903	0.03280	0.02237	0.02858	0.01675	0.02370	0.01459	0.01465	0.02311	0.00398	0.30166	0.00936	0.00510	0.01295

[dist]
# distance from previous block
# <min> <max>
0	56

[block]
# block no. 7 follows, 12 sequences, length 50
# corresponding to MSA columns:
# 469-518
name=unknown_H
#
# <colnr> <probs for GDERKNQSTAVLIFYWHMCP>
#	G	D	E	R	K	N	Q	S	T	A	V	L	I	F	Y	W	H	M	C	P
0	0.01749	0.01377	0.01397	0.01402	0.01471	0.05426	0.00876	0.01827	0.01771	0.02267	0.03522	0.12122	0.03991	0.45845	0.09622	0.00998	0.01258	0.01637	0.00683	0.00760
1	0.02279	0.02016	0.07576	0.01910	0.02441	0.01743	0.01618	0.03597	0.18418	0.09311	0.17551	0.17196	0.05718	0.02034	0.01208	0.00373	0.00807	0.01770	0.01069	0.01364
2	0.02097	0.05147	0.50278	0.02941	0.04390	0.02359	0.03712	0.03250	0.02279	0.03383	0.02382	0.08465	0.01994	0.01286	0.01073	0.00356	0.01509	0.01047	0.00518	0.01535
3	0.02059	0.01938	0.03270	0.59060	0.07510	0.02422	0.03028	0.02786	0.02180	0.02786	0.01938	0.02907	0.01453	0.01090	0.01090	0.00363	0.01453	0.00969	0.00484	0.01211
4	0.01358	0.00989	0.01287	0.01513	0.01623	0.00918	0.01051	0.01580	0.02162	0.02837	0.06514	0.51960	0.12039	0.03317	0.01390	0.00440	0.00653	0.06461	0.01012	0.00898
5	0.02915	0.62337	0.05714	0.01866	0.02799	0.04314	0.01866	0.03265	0.02215	0.02565	0.01516	0.01749	0.01399	0.00933	0.00700	0.00233	0.01166	0.00583	0.00466	0.01399
6	0.02866	0.58477	0.09139	0.01950	0.02929	0.04193	0.02013	0.03278	0.02221	0.02626	0.01546	0.01787	0.01398	0.00940	0.00723	0.00241	0.01196	0.00598	0.00466	0.01414
7	0.02187	0.05640	0.56031	0.03108	0.04719	0.02532	0.04029	0.03453	0.02302	0.03453	0.01957	0.02302	0.01381	0.01036	0.01036	0.00345	0.01611	0.00806	0.00460	0.01611
8	0.01671	0.01160	0.01644	0.01673	0.01763	0.01285	0.01227	0.01769	0.01762	0.02438	0.03398	0.16220	0.03659	0.10374	0.20764	0.17371	0.06150	0.04181	0.00668	0.00824
9	0.02426	0.02331	0.01919	0.01799	0.02065	0.15038	0.01236	0.03144	0.12768	0.02764	0.03223	0.05236	0.03210	0.34314	0.03507	0.00724	0.01237	0.01297	0.00731	0.01031
10	0.18861	0.02474	0.03741	0.05418	0.42089	0.02556	0.02821	0.03312	0.02331	0.03884	0.01922	0.02474	0.01595	0.00981	0.00981	0.00327	0.01186	0.00879	0.00572	0.01595
11	0.04145	0.03054	0.03272	0.02509	0.03381	0.03381	0.02072	0.51243	0.05127	0.06872	0.02618	0.02618	0.01854	0.01309	0.01091	0.00327	0.01200	0.00982	0.01091	0.01854
12	0.01377	0.00983	0.01321	0.01573	0.01658	0.00927	0.01096	0.01602	0.02135	0.02837	0.05983	0.55481	0.07106	0.03370	0.01405	0.00449	0.00674	0.08111	0.01011	0.00899
13	0.02604	0.02856	0.05947	0.05104	0.17618	0.02717	0.39389	0.03457	0.02552	0.03509	0.02168	0.02882	0.01672	0.00932	0.01237	0.00357	0.01707	0.01210	0.00549	0.01533
14	0.09572	0.01510	0.01690	0.01476	0.01926	0.01518	0.01160	0.08319	0.02948	0.11654	0.20605	0.05000	0.05055	0.01585	0.01014	0.00313	0.00681	0.01304	0.21422	0.01248
15	0.01302	0.01051	0.01160	0.01248	0.01510	0.00908	0.00892	0.01549	0.02348	0.02889	0.09303	0.27965	0.38091	0.02988	0.01324	0.00394	0.00580	0.02578	0.01012	0.00908
16	0.02915	0.62337	0.05714	0.01866	0.02799	0.04314	0.01866	0.03265	0.02215	0.02565	0.01516	0.01749	0.01399	0.00933	0.00700	0.00233	0.01166	0.00583	0.00466	0.01399
17	0.02816	0.01921	0.02318	0.01683	0.02626	0.01485	0.01357	0.03287	0.02442	0.14531	0.02436	0.02567	0.01843	0.00922	0.00868	0.00199	0.00833	0.00741	0.00794	0.54331
18	0.02385	0.02385	0.03340	0.02863	0.02863	0.03340	0.02385	0.02624	0.01670	0.02624	0.01431	0.02385	0.01431	0.01908	0.03578	0.00477	0.59685	0.00954	0.00477	0.01193
19	0.03536	0.02371	0.02648	0.02211	0.02936	0.02581	0.01768	0.15068	0.30969	0.17417	0.04029	0.03682	0.02871	0.01413	0.01102	0.00353	0.00948	0.01148	0.01164	0.01784
20	0.02881	0.03078	0.03739	0.04450	0.24684	0.14677	0.02726	0.03299	0.02316	0.03025	0.01745	0.02426	0.01549	0.01348	0.01975	0.00371	0.22853	0.00907	0.00522	0.01431
