[name]
unknown

[dist]
# distance from previous block
# <min> <max>
0	49

[block]
# block no. 0 follows, 13 sequences, length 18
# corresponding to MSA columns:
# 49-66
name=unknown_A
#
# <colnr> <probs for GDERKNQSTAVLIFYWHMCP>
#	G	D	E	R	K	N	Q	S	T	A	V	L	I	F	Y	W	H	M	C	P
0	0.03303	0.10028	0.10500	0.02029	0.02816	0.02014	0.01899	0.04039	0.07218	0.27111	0.03817	0.09254	0.03092	0.01577	0.01076	0.00345	0.01001	0.06366	0.00991	0.01526
1	0.02484	0.02465	0.04768	0.03502	0.04351	0.02369	0.34885	0.09230	0.02679	0.03577	0.03075	0.03636	0.07463	0.01433	0.01537	0.07837	0.01476	0.01280	0.00641	0.01311
2	0.02973	0.02514	0.08263	0.06611	0.03032	0.09406	0.01905	0.03571	0.07020	0.16692	0.08440	0.03495	0.02852	0.01717	0.01716	0.10191	0.06441	0.01043	0.00816	0.01302
3	0.03295	0.14505	0.21946	0.02687	0.08364	0.02437	0.02563	0.03991	0.02535	0.23587	0.02691	0.02689	0.01860	0.01096	0.00971	0.00310	0.01202	0.00864	0.00782	0.01625
4	0.01723	0.01048	0.01366	0.01481	0.01670	0.00951	0.01035	0.01944	0.02193	0.09606	0.06148	0.49072	0.11743	0.02989	0.01302	0.00409	0.00641	0.02675	0.01023	0.00982
5	0.02259	0.04036	0.38270	0.02476	0.03623	0.02018	0.02930	0.03173	0.02338	0.09067	0.09124	0.03607	0.02845	0.07903	0.01517	0.00409	0.01298	0.01037	0.00651	0.01416
6	0.02339	0.02181	0.07710	0.10181	0.10517	0.02027	0.06609	0.03098	0.06421	0.09097	0.11302	0.11199	0.03785	0.01614	0.01364	0.00361	0.06671	0.01401	0.00791	0.01334
7	0.02471	0.02435	0.03103	0.23095	0.17198	0.09456	0.02469	0.03529	0.12574	0.03349	0.07394	0.03350	0.02626	0.01211	0.01063	0.00332	0.01238	0.01049	0.00676	0.01383
8	0.02075	0.01182	0.01547	0.01458	0.01781	0.01065	0.01090	0.02456	0.02702	0.14328	0.28842	0.21368	0.11269	0.02330	0.01237	0.00359	0.00612	0.02052	0.01131	0.01114
9	0.02100	0.01923	0.09086	0.18682	0.03740	0.01603	0.01984	0.02626	0.02313	0.10615	0.07461	0.21096	0.08570	0.01955	0.01165	0.00368	0.00991	0.01714	0.00824	0.01185
10	0.02801	0.09245	0.16752	0.02618	0.03594	0.09747	0.07656	0.11478	0.02758	0.03694	0.01920	0.02255	0.01496	0.01049	0.01118	0.00289	0.05217	0.00805	0.00607	0.14902
11	0.01358	0.01031	0.01188	0.01281	0.01471	0.00938	0.00902	0.01568	0.02128	0.02678	0.07387	0.24730	0.27023	0.14786	0.02115	0.00522	0.00694	0.06448	0.00914	0.00840
12	0.01987	0.01325	0.01918	0.01817	0.02055	0.01515	0.01427	0.02336	0.01888	0.09406	0.03114	0.09050	0.02893	0.06027	0.40327	0.01280	0.08612	0.01269	0.00686	0.01068
13	0.02458	0.02076	0.03751	0.29431	0.10131	0.02210	0.14584	0.03117	0.02340	0.09800	0.02589	0.08132	0.02125	0.01237	0.01129	0.00354	0.01351	0.01212	0.00641	0.01331
14	0.02572	0.32729	0.12735	0.08249	0.11446	0.03350	0.02466	0.03291	0.05555	0.02912	0.01831	0.02197	0.01530	0.01021	0.00982	0.00288	0.04164	0.00748	0.00505	0.01429
15	0.02340	0.05770	0.05617	0.01772	0.02222	0.06616	0.01444	0.07191	0.02482	0.08834	0.04531	0.19607	0.10295	0.09212	0.06720	0.00544	0.01135	0.01681	0.00844	0.01144
16	0.02255	0.17231	0.10438	0.02068	0.02728	0.02253	0.06249	0.02756	0.02158	0.07012	0.07425	0.03782	0.02875	0.09483	0.16052	0.00729	0.01589	0.01068	0.00641	0.01210
17	0.16392	0.07534	0.14709	0.02275	0.03266	0.02220	0.07499	0.03799	0.02416	0.20461	0.02522	0.02584	0.01754	0.01056	0.00936	0.00309	0.01130	0.00850	0.00785	0.07503

[dist]
# distance from previous block
# <min> <max>
1	21

[block]
# block no. 1 follows, 13 sequences, length 24
# corresponding to MSA columns:
# 88-111
name=unknown_B
#
# <colnr> <probs for GDERKNQSTAVLIFYWHMCP>
#	G	D	E	R	K	N	Q	S	T	A	V	L	I	F	Y	W	H	M	C	P
0	0.07337	0.12430	0.07690	0.02012	0.02660	0.06664	0.04870	0.03065	0.09205	0.03340	0.08197	0.14049	0.06383	0.01638	0.01028	0.00322	0.01004	0.01378	0.00763	0.05966
1	0.08214	0.20830	0.13085	0.02790	0.10110	0.06034	0.02344	0.03538	0.05807	0.07978	0.02049	0.02317	0.01624	0.01121	0.01168	0.00311	0.07842	0.00787	0.00602	0.01449
2	0.08439	0.14370	0.14453	0.13976	0.04093	0.02896	0.02425	0.15984	0.02868	0.04044	0.01944	0.02285	0.01475	0.01049	0.00925	0.00302	0.01235	0.00790	0.00640	0.05807
3	0.08530	0.05693	0.02256	0.01715	0.02274	0.01913	0.01355	0.08161	0.09593	0.20284	0.11659	0.04504	0.03791	0.11592	0.01751	0.00440	0.00881	0.01212	0.01014	0.01383
4	0.01887	0.01517	0.05933	0.01656	0.01951	0.01238	0.01292	0.05519	0.02271	0.07811	0.04807	0.40670	0.05372	0.10693	0.01810	0.00484	0.00807	0.02317	0.00928	0.01036
5	0.02605	0.03307	0.18291	0.02374	0.03289	0.09446	0.05647	0.07195	0.02780	0.07442	0.13286	0.03525	0.03320	0.01257	0.01039	0.00298	0.01203	0.01045	0.00752	0.11899
6	0.01288	0.00920	0.01227	0.01472	0.01534	0.00859	0.00981	0.01472	0.02024	0.02699	0.05828	0.62152	0.06993	0.03312	0.01350	0.00429	0.00613	0.03006	0.00981	0.00859
7	0.02583	0.02927	0.10358	0.07300	0.03633	0.10512	0.08730	0.03348	0.06991	0.06732	0.02511	0.06841	0.02149	0.01975	0.06392	0.00478	0.13479	0.01108	0.00641	0.01310
8	0.07452	0.01892	0.02963	0.50862	0.06479	0.02275	0.02658	0.02731	0.02095	0.02924	0.01847	0.02681	0.01401	0.01029	0.01003	0.00335	0.01312	0.00885	0.00497	0.06679
9	0.02965	0.28357	0.12081	0.02553	0.06638	0.03080	0.06235	0.03857	0.09258	0.11701	0.02425	0.02527	0.01844	0.01055	0.00909	0.00292	0.01178	0.00839	0.00682	0.01525
10	0.03110	0.02351	0.03309	0.12885	0.15291	0.05342	0.06310	0.09249	0.07515	0.15177	0.06373	0.03312	0.02530	0.01207	0.01081	0.00330	0.01184	0.01068	0.00837	0.01541
11	0.02313	0.02313	0.03238	0.02776	0.02776	0.03238	0.02313	0.02545	0.01619	0.02545	0.01388	0.02313	0.01388	0.01851	0.03470	0.00463	0.60907	0.00925	0.00463	0.01157
12	0.02408	0.01295	0.01631	0.01423	0.01875	0.01136	0.01111	0.02815	0.02838	0.19794	0.27380	0.07243	0.20728	0.02050	0.01192	0.00338	0.00630	0.01746	0.01156	0.01210
13	0.02899	0.03341	0.23375	0.07714	0.15970	0.02159	0.02900	0.03690	0.02463	0.17022	0.02496	0.02710	0.01763	0.01057	0.01018	0.00317	0.01258	0.00891	0.00698	0.06256
14	0.01513	0.01124	0.01653	0.01653	0.01826	0.01297	0.01265	0.01859	0.01686	0.02421	0.02874	0.04385	0.02744	0.12530	0.54189	0.01643	0.02681	0.01167	0.00573	0.00919
15	0.01633	0.01011	0.01270	0.01394	0.01569	0.00931	0.00972	0.01884	0.02168	0.06950	0.05931	0.44279	0.11521	0.02816	0.01236	0.00389	0.00610	0.02507	0.09978	0.00950
16	0.02379	0.01858	0.02887	0.11855	0.03521	0.02098	0.08170	0.03044	0.06824	0.10432	0.03224	0.15018	0.02988	0.02275	0.06281	0.00496	0.13192	0.01448	0.00759	0.01252
17	0.22775	0.02582	0.07855	0.10785	0.16337	0.02499	0.02316	0.11476	0.02645	0.08267	0.02069	0.02405	0.01544	0.01056	0.00932	0.00326	0.01134	0.00829	0.00695	0.01472
18	0.55571	0.02524	0.01890	0.01661	0.02318	0.09901	0.01342	0.07708	0.02243	0.04630	0.01589	0.01816	0.01232	0.01022	0.00730	0.00319	0.00993	0.00621	0.00676	0.01214
19	0.01316	0.00941	0.01252	0.01453	0.01540	0.00877	0.00984	0.01541	0.02153	0.02903	0.12432	0.54965	0.07388	0.03160	0.01336	0.00417	0.00598	0.02861	0.01006	0.00877
20	0.44159	0.01981	0.02173	0.23942	0.04050	0.02363	0.01831	0.02952	0.01920	0.03962	0.01628	0.02139	0.01246	0.01010	0.00809	0.00337	0.01044	0.00713	0.00584	0.01156
21	0.02478	0.03203	0.19436	0.07421	0.04360	0.02404	0.18352	0.03467	0.05931	0.07635	0.02405	0.02850	0.01780	0.01122	0.01294	0.00348	0.06753	0.01021	0.06309	0.01432
22	0.01353	0.01008	0.01404	0.06836	0.02058	0.00995	0.01160	0.01584	0.02032	0.02699	0.05468	0.56742	0.06484	0.03107	0.01323	0.00422	0.00686	0.02817	0.00935	0.00888
23	0.06606	0.02515	0.02926	0.02249	0.03008	0.06984	0.06268	0.12812	0.02741	0.03962	0.01925	0.02286	0.01551	0.01068	0.01243	0.00267	0.09010	0.00789	0.00677	0.31114

[dist]
# distance from previous block
# <min> <max>
0	1

[block]
# block no. 2 follows, 13 sequences, length 20
# corresponding to MSA columns:
# 113-132
name=unknown_C
#
# <colnr> <probs for GDERKNQSTAVLIFYWHMCP>
#	G	D	E	R	K	N	Q	S	T	A	V	L	I	F	Y	W	H	M	C	P
0	0.39121	0.02053	0.02008	0.01735	0.02298	0.02365	0.01414	0.06830	0.07590	0.08920	0.07065	0.02800	0.02371	0.01284	0.01137	0.00346	0.07701	0.00868	0.00806	0.01287
1	0.01687	0.01290	0.01620	0.01528	0.01548	0.01491	0.01040	0.01772	0.01570	0.02189	0.02898	0.05729	0.03238	0.45217	0.10457	0.00983	0.12997	0.01376	0.00598	0.00773
2	0.02472	0.01462	0.01761	0.01549	0.02018	0.01378	0.01204	0.06121	0.07204	0.16927	0.20152	0.10763	0.18586	0.02051	0.01184	0.00346	0.00686	0.01745	0.01125	0.01265
3	0.08350	0.02274	0.02516	0.02007	0.02681	0.02424	0.01632	0.30478	0.04002	0.11655	0.16403	0.03986	0.03960	0.01483	0.01078	0.00323	0.00936	0.01185	0.01084	0.01543
4	0.01288	0.00920	0.01227	0.01472	0.01534	0.00859	0.00981	0.01472	0.02024	0.02699	0.05828	0.62152	0.06993	0.03312	0.01350	0.00429	0.00613	0.03006	0.00981	0.00859
5	0.10669	0.50463	0.04824	0.01855	0.02694	0.09545	0.01757	0.03267	0.02195	0.02756	0.01487	0.01720	0.01333	0.00932	0.00704	0.00242	0.01174	0.00578	0.00485	0.01319
6	0.04352	0.01825	0.02359	0.01835	0.02590	0.01665	0.01507	0.09713	0.03133	0.45757	0.03921	0.03530	0.02544	0.01296	0.01026	0.00317	0.00880	0.01043	0.09001	0.01706
7	0.04019	0.02962	0.03173	0.02433	0.03279	0.03279	0.02010	0.52721	0.04971	0.06663	0.02538	0.02538	0.01798	0.01269	0.01058	0.00317	0.01163	0.00952	0.01058	0.01798
8	0.01997	0.01879	0.03171	0.60301	0.07282	0.02349	0.02936	0.02701	0.02114	0.02701	0.01879	0.02819	0.01409	0.01057	0.01057	0.00352	0.01409	0.00940	0.00470	0.01175
9	0.02840	0.01985	0.02237	0.01863	0.02555	0.02003	0.01471	0.04545	0.28102	0.13401	0.03610	0.03450	0.02666	0.01234	0.00973	0.00294	0.00806	0.01014	0.06575	0.18375
10	0.01837	0.00918	0.01377	0.01377	0.01377	0.00918	0.00918	0.01377	0.01377	0.01837	0.01837	0.03214	0.01837	0.03673	0.04132	0.69238	0.00918	0.00918	0.00459	0.00459
11	0.01323	0.01045	0.01200	0.01282	0.01540	0.00922	0.00951	0.01607	0.02357	0.02958	0.12682	0.24220	0.34161	0.02829	0.01296	0.00387	0.00594	0.06750	0.00996	0.00900
12	0.02002	0.01106	0.01324	0.01232	0.01533	0.01044	0.00937	0.02490	0.02660	0.08987	0.28322	0.05789	0.06152	0.01680	0.01010	0.00295	0.00533	0.01433	0.30404	0.01066
13	0.01512	0.01125	0.01658	0.01658	0.01832	0.01299	0.01270	0.01862	0.01687	0.02424	0.02870	0.04363	0.02734	0.12086	0.54620	0.01648	0.02695	0.01163	0.00572	0.00921
14	0.01837	0.00918	0.01377	0.01377	0.01377	0.00918	0.00918	0.01377	0.01377	0.01837	0.01837	0.03214	0.01837	0.03673	0.04132	0.69238	0.00918	0.00918	0.00459	0.00459
15	0.01426	0.01015	0.01153	0.01208	0.01446	0.00916	0.00872	0.01746	0.02359	0.03219	0.15057	0.23215	0.25727	0.02520	0.01187	0.00354	0.00544	0.02178	0.12943	0.00916
16	0.01669	0.01292	0.01552	0.01512	0.01801	0.01298	0.01120	0.02599	0.13356	0.03853	0.31321	0.18786	0.11145	0.02292	0.01234	0.00360	0.00596	0.02019	0.01094	0.01100
17	0.02313	0.02313	0.03238	0.02776	0.02776	0.03238	0.02313	0.02545	0.01619	0.02545	0.01388	0.02313	0.01388	0.01851	0.03470	0.00463	0.60907	0.00925	0.00463	0.01157
18	0.20473	0.02537	0.02709	0.07459	0.03291	0.02824	0.01841	0.31786	0.03754	0.09961	0.02345	0.02446	0.01666	0.01181	0.00957	0.00324	0.01078	0.00865	0.00923	0.01577
19	0.01351	0.00926	0.01205	0.01427	0.01506	0.00870	0.00959	0.01564	0.02042	0.02814	0.05608	0.56788	0.06598	0.03121	0.01293	0.00413	0.00602	0.02820	0.07222	0.00870

[dist]
# distance from previous block
# <min> <max>
0	2

[block]
# block no. 3 follows, 13 sequences, length 9
# corresponding to MSA columns:
# 135-143
name=unknown_D
#
# <colnr> <probs for GDERKNQSTAVLIFYWHMCP>
#	G	D	E	R	K	N	Q	S	T	A	V	L	I	F	Y	W	H	M	C	P
0	0.14693	0.02010	0.05908	0.01821	0.02602	0.01686	0.01588	0.04369	0.02773	0.39406	0.09065	0.03663	0.03078	0.01327	0.01014	0.00328	0.00889	0.01056	0.01131	0.01594
1	0.01345	0.00964	0.01277	0.01434	0.01546	0.00896	0.00986	0.01614	0.02287	0.03117	0.19345	0.47443	0.07802	0.03000	0.01322	0.00403	0.00582	0.02709	0.01031	0.00896
2	0.01288	0.00920	0.01227	0.01472	0.01534	0.00859	0.00981	0.01472	0.02024	0.02699	0.05828	0.62152	0.06993	0.03312	0.01350	0.00429	0.00613	0.03006	0.00981	0.00859
3	0.48161	0.08867	0.08094	0.08318	0.02981	0.02569	0.01713	0.03093	0.01918	0.04125	0.01564	0.01896	0.01218	0.00984	0.00740	0.00320	0.00997	0.00636	0.00590	0.01215
4	0.08895	0.02819	0.18194	0.14827	0.04064	0.02002	0.02437	0.03596	0.02487	0.19724	0.08039	0.03308	0.02608	0.01224	0.01027	0.00335	0.01153	0.00998	0.00805	0.01455
5	0.02035	0.07926	0.02293	0.01550	0.02268	0.01559	0.01238	0.02449	0.02250	0.03317	0.08462	0.12353	0.03348	0.01353	0.00915	0.00227	0.00760	0.01143	0.00725	0.43827
6	0.01596	0.10943	0.01920	0.01458	0.01660	0.01431	0.01056	0.01801	0.02046	0.02690	0.09136	0.38095	0.05813	0.13144	0.01932	0.00492	0.00757	0.02264	0.00854	0.00913
7	0.06184	0.08598	0.02473	0.07564	0.02834	0.01784	0.01437	0.02559	0.02129	0.03221	0.02440	0.11748	0.02368	0.01240	0.00882	0.00238	0.00861	0.01028	0.00649	0.39761
8	0.02888	0.16429	0.18010	0.07757	0.06320	0.02665	0.06955	0.06292	0.02524	0.12630	0.02258	0.02492	0.01651	0.01027	0.00960	0.00299	0.01270	0.00845	0.00657	0.06069

[dist]
# distance from previous block
# <min> <max>
0	3

[block]
# block no. 4 follows, 13 sequences, length 16
# corresponding to MSA columns:
# 147-162
name=unknown_E
#
# <colnr> <probs for GDERKNQSTAVLIFYWHMCP>
#	G	D	E	R	K	N	Q	S	T	A	V	L	I	F	Y	W	H	M	C	P
0	0.02224	0.09726	0.09085	0.01673	0.02433	0.01728	0.01550	0.02734	0.02474	0.08947	0.14178	0.04831	0.13006	0.01490	0.01001	0.00275	0.00835	0.01223	0.00823	0.19765
1	0.02465	0.14372	0.12012	0.02021	0.02743	0.02390	0.01897	0.07250	0.13310	0.07113	0.09787	0.13191	0.03849	0.01638	0.01051	0.00332	0.00967	0.01363	0.00857	0.01393
2	0.03231	0.01895	0.02704	0.23996	0.04401	0.01965	0.02060	0.08168	0.02792	0.24304	0.06298	0.03375	0.02478	0.01224	0.01051	0.00323	0.01082	0.01027	0.00906	0.06719
3	0.02813	0.18411	0.12463	0.09241	0.03594	0.02891	0.02224	0.13125	0.09216	0.07058	0.03026	0.03134	0.05956	0.01238	0.00969	0.00310	0.01146	0.00959	0.00742	0.01485
4	0.02956	0.44111	0.04788	0.09140	0.03387	0.03781	0.01987	0.12751	0.02693	0.03326	0.01728	0.01998	0.01449	0.00994	0.00799	0.00259	0.01171	0.00687	0.00572	0.01420
5	0.01401	0.01064	0.01290	0.01262	0.01528	0.00952	0.00935	0.01800	0.02725	0.03671	0.37208	0.13402	0.24060	0.02425	0.01257	0.00349	0.00520	0.02109	0.01091	0.00952
6	0.01513	0.01183	0.01384	0.01316	0.01632	0.01106	0.00992	0.02154	0.07331	0.03790	0.36013	0.08315	0.24809	0.02271	0.01233	0.00343	0.00541	0.01956	0.01095	0.01022
7	0.11664	0.06055	0.09408	0.08077	0.03259	0.06426	0.01931	0.03981	0.05572	0.23446	0.02907	0.03153	0.02112	0.05943	0.01310	0.00377	0.01123	0.00941	0.00859	0.01457
8	0.01538	0.01025	0.01153	0.01153	0.01153	0.01025	0.00641	0.01538	0.01538	0.02050	0.03331	0.06919	0.03844	0.62842	0.05382	0.01025	0.01025	0.01538	0.00641	0.00641
9	0.01285	0.00932	0.01215	0.01441	0.01525	0.00861	0.00968	0.01476	0.02054	0.02711	0.06206	0.58121	0.10780	0.03263	0.01342	0.00424	0.00607	0.02946	0.00982	0.00861
10	0.03672	0.09818	0.03383	0.12776	0.03858	0.02596	0.04716	0.18522	0.03303	0.22550	0.02827	0.02867	0.01944	0.01179	0.01023	0.00318	0.01147	0.00956	0.00934	0.01611
11	0.03595	0.02181	0.02618	0.08116	0.03222	0.02303	0.01787	0.23401	0.06885	0.20313	0.03342	0.06912	0.02494	0.01398	0.01054	0.00328	0.01004	0.01134	0.06312	0.01602
12	0.01971	0.00985	0.00985	0.00985	0.01232	0.00985	0.00739	0.02464	0.02217	0.03942	0.03449	0.03942	0.02710	0.01232	0.00739	0.00246	0.00493	0.00985	0.68712	0.00985
13	0.02331	0.02501	0.05146	0.10082	0.09849	0.02419	0.36425	0.03131	0.02509	0.03427	0.08698	0.03449	0.02622	0.01070	0.01209	0.00349	0.01537	0.01270	0.00604	0.01370
14	0.08211	0.13549	0.03445	0.02348	0.02792	0.03198	0.02006	0.12045	0.02467	0.08418	0.01872	0.02312	0.01550	0.01455	0.02084	0.00370	0.29001	0.00850	0.00661	0.01367
15	0.02709	0.02398	0.10582	0.07976	0.03354	0.01695	0.01889	0.03303	0.02369	0.14835	0.02374	0.02565	0.01741	0.00957	0.00905	0.00240	0.00990	0.00776	0.00730	0.37613

[dist]
# distance from previous block
# <min> <max>
0	5

[block]
# block no. 5 follows, 13 sequences, length 24
# corresponding to MSA columns:
# 168-191
name=unknown_F
#
# <colnr> <probs for GDERKNQSTAVLIFYWHMCP>
#	G	D	E	R	K	N	Q	S	T	A	V	L	I	F	Y	W	H	M	C	P
0	0.12263	0.10864	0.13800	0.07072	0.03318	0.08141	0.02123	0.07358	0.06680	0.07573	0.02339	0.02564	0.01759	0.01104	0.00897	0.00305	0.01165	0.00818	0.08467	0.01389
1	0.62433	0.01928	0.01508	0.01363	0.01943	0.02218	0.01087	0.02928	0.01769	0.04435	0.01685	0.02313	0.01454	0.08067	0.01196	0.00407	0.00842	0.00683	0.00653	0.01087
2	0.70310	0.02045	0.01554	0.01390	0.02045	0.02372	0.01145	0.03108	0.01799	0.04744	0.01472	0.01718	0.01145	0.00981	0.00654	0.00327	0.00818	0.00573	0.00654	0.01145
3	0.01531	0.01051	0.01284	0.01284	0.01330	0.01096	0.00804	0.01622	0.01576	0.02147	0.03211	0.06255	0.03555	0.49647	0.18182	0.01187	0.01459	0.01440	0.00623	0.00714
4	0.70310	0.02045	0.01554	0.01390	0.02045	0.02372	0.01145	0.03108	0.01799	0.04744	0.01472	0.01718	0.01145	0.00981	0.00654	0.00327	0.00818	0.00573	0.00654	0.01145
5	0.70310	0.02045	0.01554	0.01390	0.02045	0.02372	0.01145	0.03108	0.01799	0.04744	0.01472	0.01718	0.01145	0.00981	0.00654	0.00327	0.00818	0.00573	0.00654	0.01145
6	0.70310	0.02045	0.01554	0.01390	0.02045	0.02372	0.01145	0.03108	0.01799	0.04744	0.01472	0.01718	0.01145	0.00981	0.00654	0.00327	0.00818	0.00573	0.00654	0.01145
7	0.02192	0.01879	0.02192	0.01566	0.02506	0.01409	0.01253	0.02662	0.02192	0.03445	0.01879	0.02192	0.01566	0.00783	0.00783	0.00157	0.00783	0.00626	0.00626	0.69305
8	0.29975	0.01542	0.01641	0.01668	0.02070	0.01714	0.01397	0.02509	0.02026	0.03675	0.03346	0.06169	0.03362	0.03116	0.12497	0.00662	0.01279	0.19552	0.00761	0.01038
9	0.02496	0.02852	0.06239	0.04456	0.05526	0.02674	0.52406	0.03387	0.02496	0.03387	0.02139	0.02852	0.01604	0.00891	0.01248	0.00357	0.01783	0.01248	0.00535	0.01426
10	0.01424	0.01035	0.01371	0.01591	0.01743	0.00982	0.01206	0.01718	0.02200	0.02871	0.06241	0.40095	0.11594	0.03117	0.01377	0.00441	0.00726	0.18388	0.00979	0.00901
11	0.09267	0.01854	0.02266	0.01706	0.02561	0.01563	0.01391	0.03923	0.02568	0.29827	0.02969	0.02842	0.02046	0.01058	0.00910	0.00255	0.00843	0.00836	0.00964	0.30352
12	0.02313	0.02313	0.03238	0.02776	0.02776	0.03238	0.02313	0.02545	0.01619	0.02545	0.01388	0.02313	0.01388	0.01851	0.03470	0.00463	0.60907	0.00925	0.00463	0.01157
13	0.01284	0.00937	0.01209	0.01426	0.01521	0.00863	0.00961	0.01477	0.02068	0.02717	0.06387	0.56199	0.12585	0.03240	0.01338	0.00421	0.00605	0.02917	0.00982	0.00863
14	0.04744	0.01799	0.02454	0.01881	0.02699	0.01554	0.01554	0.05153	0.03026	0.56979	0.04171	0.03599	0.02617	0.01309	0.01063	0.00327	0.00900	0.01063	0.01309	0.01799
15	0.02280	0.01958	0.02232	0.01683	0.02554	0.01654	0.01337	0.03254	0.12622	0.03641	0.02364	0.02543	0.01898	0.00913	0.00842	0.00197	0.00794	0.00740	0.00716	0.55778
16	0.02630	0.02271	0.02391	0.02152	0.02749	0.02630	0.01674	0.05618	0.54336	0.04423	0.04303	0.03945	0.03228	0.01434	0.01076	0.00359	0.00837	0.01195	0.01076	0.01674
17	0.01510	0.01133	0.01699	0.01699	0.01888	0.01322	0.01322	0.01888	0.01699	0.02454	0.02832	0.04154	0.02643	0.07930	0.58652	0.01699	0.02832	0.01133	0.00566	0.00944
18	0.04744	0.01799	0.02454	0.01881	0.02699	0.01554	0.01554	0.05153	0.03026	0.56979	0.04171	0.03599	0.02617	0.01309	0.01063	0.00327	0.00900	0.01063	0.01309	0.01799
19	0.04671	0.01916	0.02526	0.01937	0.02757	0.01727	0.01600	0.09931	0.03222	0.51924	0.04007	0.03492	0.02535	0.01305	0.01063	0.00326	0.00926	0.01052	0.01283	0.01799
20	0.01917	0.01516	0.01785	0.01671	0.02044	0.01597	0.01294	0.03303	0.21273	0.04222	0.33471	0.06799	0.07266	0.01961	0.01202	0.00354	0.00656	0.05313	0.01118	0.01237
21	0.03597	0.01698	0.02072	0.01673	0.02290	0.01623	0.01353	0.11655	0.03102	0.30002	0.07653	0.03858	0.03078	0.01346	0.00985	0.00303	0.00796	0.01089	0.20322	0.01508
22	0.04175	0.01720	0.02237	0.01774	0.02492	0.01559	0.01446	0.04803	0.07031	0.45125	0.04078	0.03676	0.02680	0.01308	0.01018	0.00318	0.00836	0.01063	0.10989	0.01672
23	0.01855	0.01137	0.01477	0.01577	0.01779	0.01080	0.01109	0.02270	0.05914	0.10206	0.05493	0.50010	0.06128	0.02905	0.01291	0.00410	0.00668	0.02612	0.01033	0.01045

[dist]
# distance from previous block
# <min> <max>
5	8

[block]
# block no. 6 follows, 13 sequences, length 18
# corresponding to MSA columns:
# 200-217
name=unknown_G
#
# <colnr> <probs for GDERKNQSTAVLIFYWHMCP>
#	G	D	E	R	K	N	Q	S	T	A	V	L	I	F	Y	W	H	M	C	P
0	0.02615	0.17791	0.23243	0.06751	0.09758	0.02817	0.05638	0.03615	0.07220	0.07567	0.02231	0.02495	0.01682	0.01036	0.00961	0.00311	0.01308	0.00847	0.00592	0.01523
1	0.04521	0.01806	0.02512	0.06617	0.03071	0.01618	0.01666	0.04954	0.02952	0.52579	0.03985	0.03536	0.02519	0.01288	0.01063	0.00329	0.00941	0.01053	0.01241	0.01749
2	0.02077	0.01296	0.01879	0.13353	0.02954	0.01315	0.01546	0.02435	0.02259	0.12255	0.04725	0.34942	0.05018	0.02471	0.01252	0.00402	0.00859	0.06929	0.00936	0.01098
3	0.11012	0.03041	0.13761	0.02683	0.08248	0.02529	0.02300	0.21331	0.03366	0.17520	0.02631	0.02647	0.01818	0.01163	0.01003	0.00324	0.01151	0.00902	0.00901	0.01667
4	0.02589	0.01673	0.01982	0.01713	0.02177	0.01699	0.01360	0.16549	0.03383	0.10256	0.24270	0.09067	0.05801	0.01853	0.01147	0.00335	0.00764	0.04604	0.07483	0.01295
5	0.01397	0.01077	0.01276	0.01226	0.01519	0.00955	0.00919	0.01803	0.02758	0.03683	0.37596	0.08814	0.28417	0.02369	0.01248	0.00342	0.00514	0.02041	0.01091	0.00955
6	0.02870	0.51072	0.04814	0.01766	0.02593	0.03600	0.01700	0.03232	0.02320	0.07853	0.07410	0.02527	0.02380	0.01075	0.00775	0.00247	0.01043	0.00754	0.00608	0.01361
7	0.09106	0.01816	0.02824	0.48147	0.06155	0.02214	0.02552	0.02672	0.02170	0.03071	0.07292	0.03218	0.02250	0.01161	0.01034	0.00348	0.01255	0.01000	0.00560	0.01154
8	0.10537	0.01889	0.02289	0.01776	0.02588	0.01701	0.01446	0.04350	0.07529	0.32975	0.03321	0.03079	0.02256	0.01152	0.00951	0.00286	0.00855	0.00914	0.01045	0.19060
9	0.03175	0.14527	0.04096	0.04437	0.32560	0.02614	0.02548	0.03692	0.02506	0.16240	0.02414	0.02671	0.01840	0.01023	0.00977	0.00300	0.01145	0.00896	0.00700	0.01641
10	0.01659	0.01044	0.01367	0.01469	0.01652	0.00978	0.01067	0.01979	0.02343	0.06704	0.15590	0.37119	0.06825	0.02716	0.01263	0.00391	0.00631	0.06819	0.07413	0.00971
11	0.02315	0.01694	0.02642	0.24604	0.09256	0.01902	0.02185	0.02812	0.02214	0.10952	0.03134	0.12954	0.02885	0.02246	0.06710	0.00499	0.04996	0.04048	0.00720	0.01232
12	0.12515	0.06255	0.11474	0.10947	0.03685	0.02313	0.02160	0.10384	0.02801	0.23261	0.02721	0.02756	0.01849	0.01149	0.00974	0.00325	0.01120	0.00889	0.00872	0.01552
13	0.01566	0.01021	0.01210	0.01210	0.01222	0.01033	0.00711	0.01543	0.01531	0.02054	0.03149	0.06372	0.03566	0.53433	0.08563	0.07983	0.01126	0.01450	0.00618	0.00641
14	0.01304	0.00933	0.01241	0.01461	0.01537	0.00870	0.00983	0.01513	0.02100	0.02819	0.09705	0.57933	0.07225	0.03223	0.01342	0.00422	0.00605	0.02921	0.00996	0.00870
15	0.01870	0.01252	0.01775	0.05291	0.06305	0.01228	0.01422	0.02175	0.02173	0.07876	0.04793	0.31897	0.05280	0.10152	0.01807	0.00492	0.00858	0.11425	0.00904	0.01024
16	0.02448	0.02187	0.03461	0.43463	0.06316	0.02566	0.07418	0.12766	0.02721	0.03558	0.02036	0.02766	0.01506	0.01084	0.01075	0.00346	0.01395	0.00971	0.00593	0.01323
17	0.01564	0.01078	0.01447	0.01669	0.01840	0.01053	0.01327	0.01932	0.02251	0.03053	0.05487	0.31047	0.06127	0.02917	0.01349	0.00441	0.00786	0.26350	0.07351	0.00929

[dist]
# distance from previous block
# <min> <max>
4	17

[block]
# block no. 7 follows, 13 sequences, length 7
# corresponding to MSA columns:
# 235-241
name=unknown_H
#
# <colnr> <probs for GDERKNQSTAVLIFYWHMCP>
#	G	D	E	R	K	N	Q	S	T	A	V	L	I	F	Y	W	H	M	C	P
0	0.54924	0.01841	0.01586	0.01459	0.02010	0.02137	0.01185	0.02835	0.01777	0.04232	0.01776	0.02262	0.01480	0.02535	0.13625	0.00634	0.01268	0.00698	0.00635	0.01100
1	0.47234	0.02106	0.01961	0.01632	0.02348	0.02304	0.01346	0.09862	0.02476	0.16669	0.02211	0.02242	0.01557	0.01091	0.00797	0.00326	0.00880	0.00730	0.00852	0.01374
2	0.01517	0.01052	0.01332	0.01442	0.01523	0.01052	0.01004	0.01695	0.01860	0.02474	0.04365	0.20205	0.04969	0.32193	0.07327	0.00818	0.01048	0.12553	0.00787	0.00786
3	0.03142	0.02662	0.02560	0.11015	0.03402	0.14789	0.01846	0.10476	0.13531	0.10658	0.06462	0.03353	0.02672	0.01292	0.01022	0.00317	0.01160	0.01021	0.07200	0.01420
4	0.01617	0.01174	0.01582	0.01733	0.01988	0.01140	0.01468	0.02086	0.02552	0.03367	0.16838	0.10898	0.11556	0.02735	0.01395	0.00442	0.00831	0.34613	0.01015	0.00971
5	0.02496	0.02618	0.03211	0.02770	0.02831	0.09421	0.02283	0.02732	0.01773	0.02549	0.01415	0.02268	0.01385	0.01766	0.03189	0.00441	0.54317	0.00898	0.00472	0.01164
6	0.02743	0.13512	0.29567	0.02351	0.03474	0.02349	0.02671	0.03551	0.02493	0.15316	0.09163	0.03170	0.02724	0.01203	0.00995	0.00315	0.01209	0.00953	0.00731	0.01510

[dist]
# distance from previous block
# <min> <max>
0	1

[block]
# block no. 8 follows, 13 sequences, length 21
# corresponding to MSA columns:
# 243-263
name=unknown_I
#
# <colnr> <probs for GDERKNQSTAVLIFYWHMCP>
#	G	D	E	R	K	N	Q	S	T	A	V	L	I	F	Y	W	H	M	C	P
0	0.62603	0.09061	0.02009	0.01438	0.02121	0.02579	0.01221	0.03115	0.01839	0.04486	0.01472	0.01715	0.01169	0.00973	0.00657	0.00316	0.00854	0.00572	0.00631	0.01169
1	0.70310	0.02045	0.01554	0.01390	0.02045	0.02372	0.01145	0.03108	0.01799	0.04744	0.01472	0.01718	0.01145	0.00981	0.00654	0.00327	0.00818	0.00573	0.00654	0.01145
2	0.02121	0.05469	0.57364	0.03014	0.04576	0.02455	0.03906	0.03348	0.02232	0.03348	0.01897	0.02232	0.01339	0.01005	0.01005	0.00335	0.01563	0.00781	0.00446	0.01563
3	0.21069	0.01919	0.02051	0.01720	0.02322	0.02026	0.01383	0.12729	0.07062	0.14564	0.17650	0.04132	0.04187	0.01464	0.01006	0.00329	0.00810	0.01160	0.01027	0.01389
4	0.02827	0.63478	0.05540	0.01809	0.02714	0.04184	0.01809	0.03166	0.02148	0.02488	0.01470	0.01696	0.01357	0.00905	0.00678	0.00226	0.01131	0.00565	0.00452	0.01357
5	0.02255	0.01343	0.01666	0.01564	0.01921	0.01311	0.01176	0.03032	0.10504	0.13547	0.20292	0.20659	0.06135	0.02117	0.01169	0.00354	0.00654	0.01855	0.07237	0.01210
6	0.01997	0.01879	0.03171	0.60301	0.07282	0.02349	0.02936	0.02701	0.02114	0.02701	0.01879	0.02819	0.01409	0.01057	0.01057	0.00352	0.01409	0.00940	0.00470	0.01175
7	0.46278	0.01955	0.01884	0.01570	0.02285	0.02072	0.01295	0.03857	0.02249	0.23890	0.02462	0.02407	0.01685	0.01101	0.00804	0.00327	0.00848	0.00752	0.00894	0.01385
8	0.02205	0.01211	0.01235	0.01151	0.01466	0.01247	0.00884	0.08203	0.02532	0.04253	0.03345	0.03782	0.02606	0.01236	0.00775	0.00254	0.00569	0.00982	0.60985	0.01078
9	0.01510	0.01133	0.01699	0.01699	0.01888	0.01322	0.01322	0.01888	0.01699	0.02454	0.02832	0.04154	0.02643	0.07930	0.58652	0.01699	0.02832	0.01133	0.00566	0.00944
10	0.02673	0.01709	0.01891	0.01705	0.02193	0.01832	0.01321	0.04291	0.26574	0.12551	0.04128	0.07961	0.03236	0.01484	0.00990	0.00324	0.00726	0.01237	0.21748	0.01427
11	0.04744	0.01799	0.02454	0.01881	0.02699	0.01554	0.01554	0.05153	0.03026	0.56979	0.04171	0.03599	0.02617	0.01309	0.01063	0.00327	0.00900	0.01063	0.01309	0.01799
12	0.01450	0.01054	0.01397	0.01587	0.01759	0.01001	0.01220	0.01777	0.02295	0.03018	0.10740	0.34380	0.11777	0.03007	0.01369	0.00434	0.00722	0.19102	0.00995	0.00915
13	0.04744	0.01799	0.02454	0.01881	0.02699	0.01554	0.01554	0.05153	0.03026	0.56979	0.04171	0.03599	0.02617	0.01309	0.01063	0.00327	0.00900	0.01063	0.01309	0.01799
14	0.02519	0.01575	0.01923	0.01665	0.02131	0.01568	0.01302	0.07520	0.11636	0.14549	0.32843	0.05968	0.06761	0.01803	0.01168	0.00335	0.00688	0.01550	0.01168	0.01330
15	0.03723	0.01604	0.02057	0.01696	0.02318	0.01474	0.01357	0.04346	0.07120	0.37496	0.04194	0.08989	0.03082	0.01486	0.01028	0.00324	0.00791	0.01235	0.14132	0.01548
16	0.02295	0.02688	0.10228	0.07237	0.03361	0.03006	0.02507	0.02966	0.06958	0.02848	0.01782	0.02504	0.01565	0.01637	0.02722	0.00427	0.42551	0.00934	0.00522	0.01262
17	0.01894	0.01195	0.01651	0.01814	0.02066	0.01155	0.01496	0.02292	0.02383	0.08369	0.05518	0.24501	0.05984	0.02866	0.01391	0.00456	0.00870	0.32065	0.01009	0.01025
18	0.01493	0.00952	0.01176	0.01327	0.01455	0.00905	0.00916	0.01788	0.02159	0.03170	0.09393	0.41617	0.06072	0.02645	0.01174	0.00371	0.00571	0.02360	0.19551	0.00905
19	0.30815	0.02404	0.02265	0.02330	0.08455	0.10674	0.01631	0.03252	0.02180	0.08276	0.02211	0.06346	0.01895	0.01284	0.01111	0.00332	0.06952	0.00902	0.05443	0.01243
20	0.01464	0.01013	0.01327	0.01464	0.01618	0.00960	0.01073	0.01803	0.02360	0.03285	0.18893	0.35228	0.07288	0.02770	0.01287	0.00397	0.00626	0.09417	0.06803	0.00924

[dist]
# distance from previous block
# <min> <max>
3	8

[block]
# block no. 9 follows, 13 sequences, length 14
# corresponding to MSA columns:
# 272-285
name=unknown_J
#
# <colnr> <probs for GDERKNQSTAVLIFYWHMCP>
#	G	D	E	R	K	N	Q	S	T	A	V	L	I	F	Y	W	H	M	C	P
0	0.09355	0.06984	0.11444	0.01943	0.02665	0.01812	0.01828	0.03461	0.02448	0.22442	0.03806	0.15664	0.03402	0.01763	0.01083	0.00357	0.00971	0.06246	0.00936	0.01390
1	0.02670	0.11643	0.03176	0.08080	0.03191	0.01999	0.08949	0.03116	0.02449	0.16526	0.07634	0.18743	0.03857	0.01747	0.01116	0.00345	0.01012	0.01571	0.00875	0.01301
2	0.02402	0.06747	0.02507	0.18688	0.03656	0.02059	0.01800	0.03454	0.14022	0.09201	0.03450	0.11871	0.02952	0.01511	0.01027	0.00336	0.00951	0.01288	0.10780	0.01297
3	0.03214	0.02630	0.07904	0.11874	0.03704	0.02573	0.02111	0.28767	0.03675	0.08228	0.02612	0.02846	0.01886	0.01205	0.01001	0.00314	0.01118	0.00946	0.11850	0.01541
4	0.63512	0.02352	0.01702	0.01527	0.02170	0.08132	0.01237	0.03222	0.01922	0.04523	0.01489	0.01737	0.01167	0.00993	0.00685	0.00322	0.00929	0.00584	0.00643	0.01153
5	0.01527	0.01095	0.01478	0.01585	0.01791	0.01047	0.01250	0.01953	0.02581	0.03517	0.26743	0.21094	0.07920	0.02686	0.01347	0.00409	0.00696	0.19267	0.01055	0.00959
6	0.14667	0.01656	0.01945	0.01624	0.02188	0.01624	0.01300	0.07741	0.02974	0.22358	0.24246	0.04907	0.05246	0.01591	0.01066	0.00328	0.00748	0.01310	0.01116	0.01365
7	0.12561	0.16666	0.14225	0.02197	0.03145	0.07226	0.02152	0.13080	0.02874	0.13158	0.02238	0.02312	0.01626	0.01089	0.00901	0.00300	0.01202	0.00778	0.00749	0.01519
8	0.01522	0.01086	0.01463	0.01463	0.01570	0.01193	0.01027	0.01736	0.01629	0.02279	0.03048	0.05350	0.03163	0.31695	0.35598	0.01407	0.02050	0.01308	0.00599	0.00813
9	0.01390	0.01064	0.01274	0.01248	0.01521	0.00948	0.00926	0.01779	0.02702	0.03612	0.35287	0.13179	0.26351	0.02443	0.01256	0.00349	0.00522	0.02118	0.01083	0.00948
10	0.12721	0.02127	0.03163	0.18884	0.14601	0.02272	0.06370	0.07200	0.02537	0.12636	0.02387	0.02794	0.01746	0.01078	0.00995	0.00328	0.01167	0.00936	0.04624	0.01431
11	0.02460	0.02185	0.07199	0.38748	0.05730	0.02245	0.02662	0.07398	0.02507	0.09115	0.02543	0.03696	0.02014	0.01276	0.01092	0.00358	0.01302	0.05501	0.00660	0.01310
12	0.11923	0.01140	0.01068	0.01044	0.01350	0.01187	0.00798	0.02557	0.02156	0.04059	0.03161	0.03618	0.02482	0.01195	0.00727	0.00258	0.00540	0.00925	0.58801	0.01009
13	0.12371	0.02734	0.05557	0.04010	0.05019	0.02630	0.44942	0.03346	0.02394	0.03584	0.02042	0.02687	0.01537	0.00904	0.01161	0.00352	0.01642	0.01149	0.00552	0.01385

[dist]
# distance from previous block
# <min> <max>
0	5

[block]
# block no. 10 follows, 13 sequences, length 32
# corresponding to MSA columns:
# 291-322
name=unknown_K
#
# <colnr> <probs for GDERKNQSTAVLIFYWHMCP>
#	G	D	E	R	K	N	Q	S	T	A	V	L	I	F	Y	W	H	M	C	P
0	0.03054	0.02482	0.02630	0.02237	0.02911	0.02828	0.01776	0.19994	0.39271	0.05107	0.03765	0.03516	0.02791	0.01384	0.01070	0.00346	0.00936	0.01121	0.01070	0.01712
1	0.01788	0.01538	0.02210	0.02043	0.02171	0.01960	0.01639	0.02124	0.01776	0.02630	0.06600	0.03818	0.02800	0.05357	0.34889	0.01160	0.22774	0.01124	0.00579	0.01022
2	0.02121	0.05469	0.57364	0.03014	0.04576	0.02455	0.03906	0.03348	0.02232	0.03348	0.01897	0.02232	0.01339	0.01005	0.01005	0.00335	0.01563	0.00781	0.00446	0.01563
3	0.70310	0.02045	0.01554	0.01390	0.02045	0.02372	0.01145	0.03108	0.01799	0.04744	0.01472	0.01718	0.01145	0.00981	0.00654	0.00327	0.00818	0.00573	0.00654	0.01145
4	0.70310	0.02045	0.01554	0.01390	0.02045	0.02372	0.01145	0.03108	0.01799	0.04744	0.01472	0.01718	0.01145	0.00981	0.00654	0.00327	0.00818	0.00573	0.00654	0.01145
5	0.01372	0.01027	0.01240	0.01331	0.01519	0.00939	0.00950	0.01634	0.02272	0.02956	0.14954	0.27631	0.21617	0.09697	0.01772	0.00465	0.00648	0.06131	0.00971	0.00875
6	0.57492	0.01997	0.01730	0.01486	0.02173	0.02212	0.01225	0.03508	0.02039	0.14956	0.02000	0.02085	0.01433	0.01045	0.00734	0.00327	0.00834	0.00668	0.00782	0.01273
7	0.70310	0.02045	0.01554	0.01390	0.02045	0.02372	0.01145	0.03108	0.01799	0.04744	0.01472	0.01718	0.01145	0.00981	0.00654	0.00327	0.00818	0.00573	0.00654	0.01145
8	0.02121	0.05469	0.57364	0.03014	0.04576	0.02455	0.03906	0.03348	0.02232	0.03348	0.01897	0.02232	0.01339	0.01005	0.01005	0.00335	0.01563	0.00781	0.00446	0.01563
9	0.02192	0.01879	0.02192	0.01566	0.02506	0.01409	0.01253	0.02662	0.02192	0.03445	0.01879	0.02192	0.01566	0.00783	0.00783	0.00157	0.00783	0.00626	0.00626	0.69305
10	0.54242	0.01861	0.01663	0.06322	0.02382	0.02150	0.01261	0.02812	0.01762	0.04133	0.01561	0.02036	0.01272	0.01395	0.01214	0.10743	0.00883	0.00656	0.00609	0.01044
11	0.14323	0.03718	0.02617	0.02306	0.02925	0.34210	0.01778	0.04343	0.06932	0.13704	0.02319	0.02372	0.01723	0.01143	0.00938	0.00299	0.01455	0.00780	0.00754	0.01361
12	0.02121	0.05469	0.57364	0.03014	0.04576	0.02455	0.03906	0.03348	0.02232	0.03348	0.01897	0.02232	0.01339	0.01005	0.01005	0.00335	0.01563	0.00781	0.00446	0.01563
13	0.04744	0.01799	0.02454	0.01881	0.02699	0.01554	0.01554	0.05153	0.03026	0.56979	0.04171	0.03599	0.02617	0.01309	0.01063	0.00327	0.00900	0.01063	0.01309	0.01799
14	0.02313	0.02313	0.03238	0.02776	0.02776	0.03238	0.02313	0.02545	0.01619	0.02545	0.01388	0.02313	0.01388	0.01851	0.03470	0.00463	0.60907	0.00925	0.00463	0.01157
15	0.70310	0.02045	0.01554	0.01390	0.02045	0.02372	0.01145	0.03108	0.01799	0.04744	0.01472	0.01718	0.01145	0.00981	0.00654	0.00327	0.00818	0.00573	0.00654	0.01145
16	0.70310	0.02045	0.01554	0.01390	0.02045	0.02372	0.01145	0.03108	0.01799	0.04744	0.01472	0.01718	0.01145	0.00981	0.00654	0.00327	0.00818	0.00573	0.00654	0.01145
17	0.01510	0.01133	0.01699	0.01699	0.01888	0.01322	0.01322	0.01888	0.01699	0.02454	0.02832	0.04154	0.02643	0.07930	0.58652	0.01699	0.02832	0.01133	0.00566	0.00944
18	0.03080	0.02321	0.02516	0.02163	0.02823	0.02605	0.01711	0.12656	0.41052	0.10755	0.04023	0.03694	0.02943	0.01395	0.01072	0.00349	0.00893	0.01144	0.01100	0.01707
19	0.01522	0.01086	0.01460	0.01460	0.01566	0.01192	0.01023	0.01734	0.01628	0.02277	0.03051	0.05366	0.03169	0.31993	0.35308	0.01404	0.02040	0.01310	0.00599	0.00811
20	0.01971	0.00985	0.00985	0.00985	0.01232	0.00985	0.00739	0.02464	0.02217	0.03942	0.03449	0.03942	0.02710	0.01232	0.00739	0.00246	0.00493	0.00985	0.68712	0.00985
21	0.70310	0.02045	0.01554	0.01390	0.02045	0.02372	0.01145	0.03108	0.01799	0.04744	0.01472	0.01718	0.01145	0.00981	0.00654	0.00327	0.00818	0.00573	0.00654	0.01145
22	0.01605	0.01041	0.01346	0.01431	0.01625	0.00947	0.01011	0.01881	0.02346	0.07414	0.16390	0.40463	0.12815	0.02844	0.01294	0.00393	0.00604	0.02538	0.01045	0.00967
23	0.04744	0.01799	0.02454	0.01881	0.02699	0.01554	0.01554	0.05153	0.03026	0.56979	0.04171	0.03599	0.02617	0.01309	0.01063	0.00327	0.00900	0.01063	0.01309	0.01799
24	0.04503	0.01853	0.02447	0.01912	0.02705	0.01677	0.01568	0.05206	0.08878	0.50984	0.04186	0.03638	0.02687	0.01323	0.01065	0.00331	0.00893	0.01078	0.01282	0.01785
25	0.02198	0.01135	0.01475	0.01492	0.01758	0.01040	0.01077	0.02482	0.02287	0.15516	0.05072	0.39479	0.05309	0.02523	0.01188	0.00377	0.00661	0.02240	0.11594	0.01097
26	0.02827	0.01344	0.01760	0.01546	0.02002	0.01218	0.01224	0.03268	0.02783	0.24446	0.20865	0.09614	0.05548	0.01824	0.01122	0.00335	0.00695	0.04924	0.11361	0.01295
27	0.01288	0.00920	0.01227	0.01472	0.01534	0.00859	0.00981	0.01472	0.02024	0.02699	0.05828	0.62152	0.06993	0.03312	0.01350	0.00429	0.00613	0.03006	0.00981	0.00859
28	0.02935	0.01309	0.01678	0.01511	0.01942	0.01187	0.01156	0.03299	0.02500	0.25954	0.04473	0.21388	0.03965	0.01893	0.01060	0.00336	0.00701	0.01629	0.19792	0.01291
29	0.42695	0.27184	0.03185	0.01562	0.02318	0.03113	0.01417	0.03132	0.01942	0.03821	0.01471	0.01709	0.01232	0.00950	0.00664	0.00286	0.00946	0.00570	0.00572	0.01232
30	0.16463	0.11598	0.03156	0.15037	0.11631	0.02547	0.02116	0.07151	0.02442	0.07925	0.02411	0.03468	0.02049	0.01251	0.00961	0.00332	0.01112	0.06314	0.00685	0.01350
31	0.02652	0.01443	0.01805	0.01503	0.02047	0.01236	0.01162	0.03036	0.02554	0.20154	0.13407	0.09617	0.08611	0.06044	0.01365	0.00349	0.00732	0.01408	0.05783	0.15092

[dist]
# distance from previous block
# <min> <max>
1	24

[block]
# block no. 11 follows, 13 sequences, length 11
# corresponding to MSA columns:
# 347-357
name=unknown_L
#
# <colnr> <probs for GDERKNQSTAVLIFYWHMCP>
#	G	D	E	R	K	N	Q	S	T	A	V	L	I	F	Y	W	H	M	C	P
0	0.12810	0.01882	0.02168	0.01786	0.02446	0.01903	0.01441	0.08618	0.11700	0.27122	0.08874	0.03769	0.03203	0.01363	0.01003	0.00326	0.00830	0.01089	0.06119	0.01546
1	0.01313	0.00958	0.01237	0.01412	0.01529	0.00881	0.00965	0.01549	0.02197	0.02927	0.13190	0.49367	0.12398	0.03089	0.01325	0.00409	0.00590	0.02776	0.01007	0.00881
2	0.02941	0.57523	0.05281	0.01902	0.02770	0.09728	0.01833	0.03274	0.02235	0.02498	0.01487	0.01718	0.01357	0.00923	0.00706	0.00231	0.01210	0.00577	0.00462	0.01343
3	0.01334	0.00987	0.01253	0.01418	0.01567	0.00906	0.01004	0.01588	0.02227	0.02924	0.11936	0.43149	0.16267	0.03046	0.01329	0.00410	0.00614	0.06154	0.01000	0.00888
4	0.02531	0.17658	0.07075	0.02036	0.03014	0.02312	0.06817	0.03057	0.02265	0.06402	0.01942	0.02222	0.01566	0.00871	0.00836	0.00216	0.01031	0.00711	0.00602	0.36838
5	0.03208	0.02979	0.07815	0.23408	0.04761	0.11914	0.02455	0.15579	0.03097	0.11179	0.02316	0.02653	0.01657	0.01144	0.01036	0.00325	0.01376	0.00902	0.00740	0.01456
6	0.01339	0.00941	0.01212	0.01407	0.01456	0.00893	0.00912	0.01486	0.01925	0.02567	0.05320	0.50911	0.06352	0.15428	0.02170	0.00551	0.00697	0.02707	0.00912	0.00814
7	0.02022	0.03139	0.26565	0.02251	0.03086	0.01779	0.02393	0.02937	0.06794	0.06959	0.03816	0.26065	0.03821	0.01972	0.01151	0.00374	0.01078	0.01713	0.00773	0.01312
8	0.02298	0.02623	0.10656	0.26434	0.04918	0.02768	0.02764	0.06866	0.02184	0.03060	0.01755	0.02529	0.01424	0.01360	0.01939	0.00388	0.23336	0.00914	0.00513	0.01273
9	0.01837	0.00918	0.01377	0.01377	0.01377	0.00918	0.00918	0.01377	0.01377	0.01837	0.01837	0.03214	0.01837	0.03673	0.04132	0.69238	0.00918	0.00918	0.00459	0.00459
10	0.02417	0.01224	0.01645	0.01580	0.01910	0.01101	0.01166	0.02720	0.02490	0.20159	0.12929	0.35272	0.06061	0.02501	0.01243	0.00382	0.00687	0.02222	0.01113	0.01179

[dist]
# distance from previous block
# <min> <max>
0	4

[block]
# block no. 12 follows, 13 sequences, length 39
# corresponding to MSA columns:
# 362-400
name=unknown_M
#
# <colnr> <probs for GDERKNQSTAVLIFYWHMCP>
#	G	D	E	R	K	N	Q	S	T	A	V	L	I	F	Y	W	H	M	C	P
0	0.55645	0.01901	0.01589	0.01399	0.02026	0.02130	0.01145	0.03260	0.01979	0.10343	0.01984	0.02167	0.01478	0.01045	0.00708	0.00318	0.00791	0.00671	0.08220	0.01199
1	0.10484	0.02785	0.10219	0.02312	0.03179	0.02464	0.05532	0.20626	0.07333	0.08411	0.02739	0.07147	0.02193	0.01294	0.01014	0.00319	0.01096	0.01057	0.00859	0.08937
2	0.01476	0.01086	0.01360	0.01396	0.01622	0.01012	0.01061	0.01845	0.02523	0.03379	0.26729	0.13812	0.17260	0.09124	0.01750	0.00452	0.00669	0.11507	0.01017	0.00921
3	0.02121	0.05469	0.57364	0.03014	0.04576	0.02455	0.03906	0.03348	0.02232	0.03348	0.01897	0.02232	0.01339	0.01005	0.01005	0.00335	0.01563	0.00781	0.00446	0.01563
4	0.70310	0.02045	0.01554	0.01390	0.02045	0.02372	0.01145	0.03108	0.01799	0.04744	0.01472	0.01718	0.01145	0.00981	0.00654	0.00327	0.00818	0.00573	0.00654	0.01145
5	0.70310	0.02045	0.01554	0.01390	0.02045	0.02372	0.01145	0.03108	0.01799	0.04744	0.01472	0.01718	0.01145	0.00981	0.00654	0.00327	0.00818	0.00573	0.00654	0.01145
6	0.01535	0.01037	0.01213	0.01213	0.01233	0.01057	0.00715	0.01576	0.01555	0.02094	0.03277	0.06618	0.03713	0.56862	0.11182	0.01098	0.01222	0.01494	0.00633	0.00674
7	0.03779	0.03687	0.02711	0.02422	0.02998	0.34903	0.01894	0.07610	0.03062	0.13668	0.02784	0.03765	0.02338	0.01416	0.01057	0.00318	0.01517	0.07931	0.00795	0.01343
8	0.70310	0.02045	0.01554	0.01390	0.02045	0.02372	0.01145	0.03108	0.01799	0.04744	0.01472	0.01718	0.01145	0.00981	0.00654	0.00327	0.00818	0.00573	0.00654	0.01145
9	0.01997	0.01879	0.03171	0.60301	0.07282	0.02349	0.02936	0.02701	0.02114	0.02701	0.01879	0.02819	0.01409	0.01057	0.01057	0.00352	0.01409	0.00940	0.00470	0.01175
10	0.02630	0.02271	0.02391	0.02152	0.02749	0.02630	0.01674	0.05618	0.54336	0.04423	0.04303	0.03945	0.03228	0.01434	0.01076	0.00359	0.00837	0.01195	0.01076	0.01674
