[name]
unknown

[dist]
# distance from previous block
# <min> <max>
0	13

[block]
# block no. 0 follows, 15 sequences, length 31
# corresponding to MSA columns:
# 13-43
name=unknown_A
#
# <colnr> <probs for GDERKNQSTAVLIFYWHMCP>
#	G	D	E	R	K	N	Q	S	T	A	V	L	I	F	Y	W	H	M	C	P
0	0.01580	0.01129	0.01576	0.01806	0.02024	0.01125	0.01561	0.02020	0.02269	0.02954	0.05293	0.14803	0.05795	0.02779	0.01370	0.00455	0.00895	0.48738	0.00918	0.00911
1	0.01883	0.01772	0.02990	0.62569	0.06866	0.02215	0.02769	0.02547	0.01993	0.02547	0.01772	0.02658	0.01329	0.00997	0.00997	0.00332	0.01329	0.00886	0.00443	0.01107
2	0.02067	0.01772	0.02067	0.01477	0.02362	0.01329	0.01181	0.02510	0.02067	0.03248	0.01772	0.02067	0.01477	0.00738	0.00738	0.00148	0.00738	0.00591	0.00591	0.71059
3	0.01215	0.00868	0.01157	0.01388	0.01446	0.00810	0.00925	0.01388	0.01909	0.02545	0.05495	0.64315	0.06593	0.03123	0.01272	0.00405	0.00578	0.02834	0.00925	0.00810
4	0.02284	0.03369	0.25678	0.02360	0.03293	0.02413	0.02435	0.04426	0.34623	0.03758	0.03134	0.03062	0.02318	0.01187	0.00987	0.00329	0.01068	0.00968	0.00773	0.01535
5	0.01999	0.05157	0.59800	0.02841	0.04315	0.02315	0.03683	0.03157	0.02105	0.03157	0.01789	0.02105	0.01263	0.00947	0.00947	0.00316	0.01473	0.00737	0.00421	0.01473
6	0.02875	0.17526	0.24632	0.02368	0.03429	0.02991	0.02519	0.24394	0.03138	0.04250	0.01946	0.02111	0.01443	0.01028	0.00900	0.00286	0.01230	0.00757	0.00657	0.01521
7	0.01999	0.05157	0.59800	0.02841	0.04315	0.02315	0.03683	0.03157	0.02105	0.03157	0.01789	0.02105	0.01263	0.00947	0.00947	0.00316	0.01473	0.00737	0.00421	0.01473
8	0.01977	0.01654	0.01804	0.01708	0.02117	0.01815	0.01292	0.03753	0.34667	0.03650	0.09690	0.16590	0.11331	0.01905	0.01099	0.00349	0.00685	0.01641	0.00993	0.01280
9	0.02438	0.02801	0.14828	0.13854	0.28296	0.02277	0.09645	0.03166	0.02254	0.07868	0.02034	0.02534	0.01544	0.00940	0.01006	0.00312	0.01299	0.00905	0.00535	0.01463
10	0.02789	0.02028	0.03836	0.02860	0.03622	0.01861	0.27512	0.03391	0.02531	0.20413	0.10100	0.08371	0.03219	0.01294	0.01131	0.00330	0.01184	0.01334	0.00836	0.01358
11	0.01411	0.01019	0.01333	0.01254	0.01489	0.00941	0.00941	0.01881	0.02822	0.03998	0.58221	0.07447	0.09406	0.02038	0.01176	0.00314	0.00470	0.01803	0.01097	0.00941
12	0.01404	0.00947	0.01101	0.01146	0.01157	0.00936	0.00667	0.01438	0.01539	0.02052	0.03600	0.17783	0.04203	0.52917	0.04333	0.00857	0.00891	0.01719	0.00667	0.00644
13	0.02505	0.04315	0.44943	0.02726	0.04031	0.02164	0.06740	0.03491	0.02267	0.14124	0.02222	0.02395	0.01515	0.00996	0.00973	0.00316	0.01366	0.00818	0.00585	0.01508
14	0.02467	0.02369	0.04046	0.06119	0.58747	0.02369	0.03059	0.03059	0.02270	0.03257	0.01875	0.02467	0.01579	0.00888	0.00987	0.00296	0.01184	0.00888	0.00493	0.01579
15	0.01215	0.00868	0.01157	0.01388	0.01446	0.00810	0.00925	0.01388	0.01909	0.02545	0.05495	0.64315	0.06593	0.03123	0.01272	0.00405	0.00578	0.02834	0.00925	0.00810
16	0.01644	0.01335	0.01794	0.01674	0.01730	0.01632	0.01244	0.01817	0.01519	0.02183	0.02485	0.04497	0.02625	0.29291	0.22263	0.01021	0.18712	0.01169	0.00535	0.00829
17	0.02457	0.02377	0.04049	0.05533	0.48060	0.02394	0.07958	0.03292	0.07634	0.03340	0.02103	0.02611	0.01716	0.00929	0.01008	0.00304	0.01194	0.00940	0.00546	0.01556
18	0.01448	0.00975	0.01129	0.01129	0.01143	0.00989	0.00656	0.01476	0.01462	0.01964	0.03103	0.06314	0.03533	0.60344	0.09571	0.01018	0.01103	0.01419	0.00598	0.00627
19	0.01259	0.00990	0.01137	0.01149	0.01408	0.00868	0.00843	0.01569	0.02392	0.03090	0.24883	0.17612	0.34325	0.02463	0.01192	0.00340	0.00505	0.02123	0.00981	0.00868
20	0.72007	0.01928	0.01465	0.01311	0.01928	0.02236	0.01080	0.02930	0.01697	0.04473	0.01388	0.01619	0.01080	0.00925	0.00617	0.00308	0.00771	0.00540	0.00617	0.01080
21	0.02467	0.02369	0.04046	0.06119	0.58747	0.02369	0.03059	0.03059	0.02270	0.03257	0.01875	0.02467	0.01579	0.00888	0.00987	0.00296	0.01184	0.00888	0.00493	0.01579
22	0.03730	0.07770	0.02932	0.02434	0.03010	0.48415	0.01874	0.08048	0.02929	0.07320	0.01792	0.01962	0.01411	0.01047	0.00900	0.00262	0.01625	0.00685	0.00605	0.01249
23	0.01186	0.00980	0.01041	0.01090	0.01368	0.00835	0.00793	0.01422	0.02195	0.02662	0.09122	0.21207	0.47360	0.02652	0.01198	0.00351	0.00521	0.02259	0.00926	0.00835
24	0.02287	0.02821	0.14748	0.14084	0.40235	0.02335	0.03137	0.03000	0.02196	0.03129	0.01843	0.02426	0.01479	0.00916	0.00981	0.00305	0.01263	0.00858	0.00472	0.01487
25	0.03316	0.03210	0.02998	0.08320	0.03469	0.25457	0.06119	0.10942	0.08178	0.10528	0.02255	0.02452	0.01689	0.01140	0.01129	0.00303	0.05587	0.00852	0.00708	0.01346
26	0.01265	0.00928	0.01187	0.01302	0.01445	0.00850	0.00908	0.01531	0.02210	0.02970	0.20815	0.41441	0.13984	0.02744	0.01233	0.00371	0.00539	0.02453	0.00973	0.00850
27	0.01301	0.00975	0.01207	0.01234	0.01443	0.00881	0.00893	0.01636	0.02436	0.03282	0.32064	0.23846	0.20238	0.02457	0.01203	0.00345	0.00509	0.02162	0.01009	0.00881
28	0.02420	0.40624	0.16458	0.08083	0.03602	0.03298	0.07454	0.02999	0.02071	0.02617	0.01569	0.01914	0.01304	0.00885	0.00791	0.00258	0.01237	0.00673	0.00435	0.01310
29	0.02225	0.02130	0.03042	0.49271	0.09439	0.06927	0.02646	0.07164	0.02304	0.02898	0.01813	0.02556	0.01372	0.01009	0.00988	0.00321	0.01337	0.00868	0.00499	0.01190
30	0.11973	0.02016	0.02242	0.01753	0.02515	0.01968	0.01421	0.13163	0.10808	0.16711	0.02660	0.02612	0.01920	0.01048	0.00870	0.00260	0.00840	0.00812	0.00875	0.23532

[dist]
# distance from previous block
# <min> <max>
0	25

[block]
# block no. 1 follows, 15 sequences, length 148
# corresponding to MSA columns:
# 69-216
name=unknown_B
#
# <colnr> <probs for GDERKNQSTAVLIFYWHMCP>
#	G	D	E	R	K	N	Q	S	T	A	V	L	I	F	Y	W	H	M	C	P
0	0.08344	0.41237	0.07819	0.01944	0.02754	0.13671	0.01836	0.07156	0.02348	0.02881	0.01516	0.01728	0.01295	0.00921	0.00730	0.00241	0.01200	0.00593	0.00500	0.01286
1	0.07023	0.10415	0.22283	0.02688	0.03709	0.02318	0.16366	0.03286	0.02303	0.11619	0.06532	0.02782	0.02139	0.01035	0.00977	0.00308	0.01264	0.00940	0.00631	0.01383
2	0.07552	0.06349	0.02190	0.01474	0.02283	0.01556	0.01195	0.02505	0.02025	0.03234	0.01955	0.06026	0.01762	0.00916	0.00756	0.00182	0.00754	0.00728	0.00602	0.55957
3	0.01793	0.01592	0.02233	0.02022	0.02090	0.02081	0.01610	0.02034	0.01545	0.02303	0.02077	0.03435	0.02075	0.12584	0.25452	0.00952	0.31652	0.01026	0.00496	0.00948
4	0.02261	0.01355	0.01423	0.01260	0.01620	0.01417	0.00984	0.14251	0.02728	0.04315	0.07042	0.03689	0.02858	0.01233	0.00799	0.00253	0.00607	0.00985	0.49815	0.01103
5	0.01365	0.00931	0.01112	0.01196	0.01217	0.00910	0.00720	0.01427	0.01616	0.02155	0.03993	0.27451	0.04699	0.42571	0.03697	0.00763	0.00826	0.01951	0.00720	0.00679
6	0.01883	0.01772	0.02990	0.62569	0.06866	0.02215	0.02769	0.02547	0.01993	0.02547	0.01772	0.02658	0.01329	0.00997	0.00997	0.00332	0.01329	0.00886	0.00443	0.01107
7	0.01243	0.00888	0.01189	0.01421	0.01491	0.00834	0.00975	0.01437	0.01937	0.02577	0.05479	0.60469	0.06531	0.03096	0.01280	0.00409	0.00603	0.06400	0.00925	0.00818
8	0.02228	0.02321	0.03831	0.03053	0.03330	0.02907	0.16741	0.02618	0.01754	0.02618	0.01503	0.02321	0.01365	0.01496	0.02695	0.00409	0.46239	0.00956	0.00455	0.01160
9	0.02440	0.02273	0.03747	0.17763	0.43757	0.02389	0.02914	0.06746	0.02387	0.03326	0.01891	0.02502	0.01535	0.00933	0.00990	0.00304	0.01209	0.00888	0.00519	0.01488
10	0.03276	0.03817	0.03410	0.03651	0.18477	0.36786	0.06415	0.06828	0.02751	0.02959	0.01722	0.02088	0.01408	0.00985	0.00951	0.00276	0.01578	0.00767	0.00537	0.01320
11	0.01984	0.01876	0.03174	0.52734	0.15905	0.02242	0.02819	0.02636	0.02042	0.02671	0.01790	0.02625	0.01372	0.00978	0.00995	0.00326	0.01304	0.00886	0.00452	0.01190
12	0.01365	0.01017	0.01268	0.01206	0.01461	0.00921	0.00904	0.01792	0.02713	0.03739	0.48662	0.07873	0.19127	0.02135	0.01176	0.00318	0.00477	0.01863	0.01063	0.00921
13	0.01435	0.01024	0.01377	0.01377	0.01477	0.01124	0.00965	0.01635	0.01535	0.02147	0.02876	0.05058	0.02988	0.32649	0.36520	0.01324	0.01924	0.01235	0.00565	0.00765
14	0.01424	0.01068	0.01602	0.01602	0.01780	0.01246	0.01246	0.01780	0.01602	0.02314	0.02670	0.03916	0.02492	0.07477	0.61015	0.01602	0.02670	0.01068	0.00534	0.00890
15	0.01411	0.01019	0.01333	0.01254	0.01489	0.00941	0.00941	0.01881	0.02822	0.03998	0.58221	0.07447	0.09406	0.02038	0.01176	0.00314	0.00470	0.01803	0.01097	0.00941
16	0.02190	0.02025	0.03322	0.40928	0.22926	0.02320	0.02803	0.06130	0.02255	0.03012	0.01845	0.02581	0.01431	0.00976	0.00994	0.00319	0.01268	0.00887	0.00495	0.01294
17	0.02151	0.18915	0.47370	0.02583	0.03915	0.02686	0.03233	0.03118	0.02087	0.02972	0.01697	0.01990	0.01267	0.00926	0.00877	0.00292	0.01381	0.00690	0.00422	0.01429
18	0.02609	0.33169	0.12489	0.09453	0.10193	0.03201	0.02306	0.10163	0.02428	0.03138	0.01686	0.02008	0.01376	0.00935	0.00817	0.00264	0.01174	0.00696	0.00514	0.01381
19	0.01241	0.00957	0.01133	0.01206	0.01414	0.00850	0.00860	0.01508	0.02246	0.02907	0.18317	0.30206	0.28269	0.02654	0.01214	0.00358	0.00526	0.02322	0.00961	0.00850
20	0.01559	0.01114	0.01548	0.01754	0.01970	0.01104	0.01498	0.01996	0.02305	0.03027	0.09457	0.15283	0.06096	0.02728	0.01353	0.00443	0.00855	0.44068	0.00933	0.00911
21	0.02225	0.02121	0.03608	0.29541	0.37221	0.02305	0.02939	0.02847	0.02155	0.02962	0.01832	0.02546	0.01475	0.00933	0.00991	0.00311	0.01244	0.00887	0.00473	0.01383
22	0.02020	0.01913	0.03239	0.49265	0.19093	0.02251	0.02837	0.02668	0.02059	0.02714	0.01796	0.02613	0.01388	0.00971	0.00994	0.00324	0.01295	0.00886	0.00455	0.01219
23	0.04473	0.01697	0.02313	0.01774	0.02545	0.01465	0.01465	0.04858	0.02853	0.59437	0.03933	0.03393	0.02468	0.01234	0.01003	0.00308	0.00848	0.01003	0.01234	0.01697
24	0.02414	0.02073	0.02198	0.01981	0.02525	0.02385	0.01539	0.05087	0.53621	0.04160	0.07384	0.03948	0.03434	0.01395	0.01024	0.00337	0.00769	0.01169	0.01019	0.01539
25	0.03738	0.04339	0.02860	0.02510	0.03084	0.48776	0.01920	0.14814	0.03217	0.03249	0.01720	0.01923	0.01371	0.01063	0.00920	0.00266	0.01650	0.00696	0.00615	0.01269
26	0.01364	0.01017	0.01268	0.01205	0.01461	0.00921	0.00904	0.01791	0.02711	0.03735	0.48532	0.07879	0.19259	0.02136	0.01176	0.00318	0.00477	0.01863	0.01063	0.00921
27	0.18731	0.02044	0.02316	0.01816	0.02561	0.02072	0.01499	0.18181	0.03104	0.33243	0.02970	0.02742	0.01961	0.01158	0.00919	0.00306	0.00899	0.00875	0.01038	0.01564
28	0.01883	0.01772	0.02990	0.62569	0.06866	0.02215	0.02769	0.02547	0.01993	0.02547	0.01772	0.02658	0.01329	0.00997	0.00997	0.00332	0.01329	0.00886	0.00443	0.01107
29	0.02477	0.48511	0.20632	0.02026	0.03054	0.03485	0.02264	0.03034	0.02048	0.02575	0.01500	0.01742	0.01275	0.00879	0.00726	0.00242	0.01181	0.00591	0.00425	0.01334
30	0.02442	0.02799	0.08952	0.08705	0.32908	0.06188	0.17098	0.03131	0.02297	0.03133	0.01878	0.02466	0.01500	0.00896	0.01030	0.00308	0.01391	0.00938	0.00489	0.01450
31	0.01215	0.00868	0.01157	0.01388	0.01446	0.00810	0.00925	0.01388	0.01909	0.02545	0.05495	0.64315	0.06593	0.03123	0.01272	0.00405	0.00578	0.02834	0.00925	0.00810
32	0.01397	0.01018	0.01313	0.01239	0.01481	0.00935	0.00929	0.01854	0.02788	0.03917	0.55264	0.07579	0.12413	0.02068	0.01176	0.00315	0.00472	0.01821	0.01087	0.00935
33	0.03698	0.01823	0.02325	0.01879	0.02499	0.01811	0.01532	0.10616	0.07112	0.37252	0.03590	0.03879	0.02603	0.05491	0.01453	0.00370	0.05401	0.04070	0.01070	0.01526
34	0.01215	0.00868	0.01157	0.01388	0.01446	0.00810	0.00925	0.01388	0.01909	0.02545	0.05495	0.64315	0.06593	0.03123	0.01272	0.00405	0.00578	0.02834	0.00925	0.00810
35	0.72007	0.01928	0.01465	0.01311	0.01928	0.02236	0.01080	0.02930	0.01697	0.04473	0.01388	0.01619	0.01080	0.00925	0.00617	0.00308	0.00771	0.00540	0.00617	0.01080
36	0.02337	0.02045	0.02425	0.02103	0.02661	0.02291	0.05707	0.04707	0.45923	0.04072	0.10634	0.04102	0.03714	0.01398	0.01047	0.00335	0.00819	0.01215	0.00985	0.01480
37	0.02005	0.01230	0.01078	0.01058	0.01312	0.05647	0.00793	0.02453	0.02148	0.03616	0.03118	0.03566	0.02455	0.01151	0.00713	0.00234	0.00569	0.00907	0.64999	0.00947
38	0.01269	0.00992	0.01151	0.01156	0.01414	0.00873	0.00850	0.01590	0.02420	0.03151	0.27118	0.16966	0.32617	0.02435	0.01191	0.00338	0.00503	0.02102	0.00989	0.00873
39	0.72007	0.01928	0.01465	0.01311	0.01928	0.02236	0.01080	0.02930	0.01697	0.04473	0.01388	0.01619	0.01080	0.00925	0.00617	0.00308	0.00771	0.00540	0.00617	0.01080
40	0.02388	0.02288	0.03904	0.13746	0.51737	0.02348	0.03020	0.02990	0.02233	0.03161	0.01861	0.02493	0.01545	0.00903	0.00988	0.00301	0.01204	0.00888	0.00487	0.01515
41	0.01344	0.00922	0.01118	0.01222	0.01248	0.00896	0.00748	0.01422	0.01656	0.02208	0.04198	0.32469	0.04957	0.37202	0.03367	0.00714	0.00792	0.02071	0.00748	0.00696
42	0.02480	0.02141	0.02254	0.02029	0.02592	0.02480	0.01578	0.05297	0.56946	0.04170	0.04057	0.03719	0.03043	0.01352	0.01014	0.00338	0.00789	0.01127	0.01014	0.01578
43	0.02181	0.02181	0.03053	0.02617	0.02617	0.03053	0.02181	0.02399	0.01527	0.02399	0.01309	0.02181	0.01309	0.01745	0.03272	0.00436	0.63141	0.00872	0.00436	0.01091
44	0.03481	0.02639	0.02818	0.02231	0.02974	0.02947	0.01820	0.43609	0.17003	0.05785	0.02786	0.02706	0.02013	0.01233	0.01001	0.00308	0.01024	0.00952	0.01001	0.01668
45	0.53039	0.19336	0.02493	0.01419	0.02100	0.02704	0.01251	0.02945	0.01787	0.03891	0.01387	0.01614	0.01134	0.00906	0.00623	0.00282	0.00852	0.00538	0.00565	0.01134
46	0.02467	0.02369	0.04046	0.06119	0.58747	0.02369	0.03059	0.03059	0.02270	0.03257	0.01875	0.02467	0.01579	0.00888	0.00987	0.00296	0.01184	0.00888	0.00493	0.01579
47	0.01450	0.00966	0.01087	0.01087	0.01087	0.00966	0.00604	0.01450	0.01450	0.01933	0.03141	0.06524	0.03624	0.64965	0.05074	0.00966	0.00966	0.01450	0.00604	0.00604
48	0.01923	0.01827	0.02999	0.54505	0.06295	0.02328	0.02690	0.02527	0.01931	0.02527	0.01710	0.02594	0.01326	0.01097	0.01303	0.00346	0.09643	0.00884	0.00442	0.01105
49	0.01227	0.00877	0.01168	0.01380	0.01449	0.00818	0.00926	0.01420	0.01967	0.02638	0.08859	0.60686	0.06773	0.03054	0.01266	0.00399	0.00571	0.02768	0.00936	0.00818
50	0.02425	0.02079	0.02213	0.02017	0.02559	0.02396	0.01580	0.05094	0.53505	0.04095	0.04134	0.04193	0.03213	0.01441	0.01037	0.00346	0.00797	0.04332	0.01008	0.01536
51	0.01195	0.01011	0.01033	0.01028	0.01357	0.00849	0.00771	0.01463	0.02312	0.02788	0.13586	0.09438	0.54796	0.02489	0.01178	0.00335	0.00502	0.02082	0.00938	0.00849
52	0.72007	0.01928	0.01465	0.01311	0.01928	0.02236	0.01080	0.02930	0.01697	0.04473	0.01388	0.01619	0.01080	0.00925	0.00617	0.00308	0.00771	0.00540	0.00617	0.01080
53	0.04473	0.01697	0.02313	0.01774	0.02545	0.01465	0.01465	0.04858	0.02853	0.59437	0.03933	0.03393	0.02468	0.01234	0.01003	0.00308	0.00848	0.01003	0.01234	0.01697
54	0.01215	0.00868	0.01157	0.01388	0.01446	0.00810	0.00925	0.01388	0.01909	0.02545	0.05495	0.64315	0.06593	0.03123	0.01272	0.00405	0.00578	0.02834	0.00925	0.00810
55	0.02623	0.61762	0.08660	0.01777	0.02669	0.03842	0.01830	0.02996	0.02031	0.02397	0.01411	0.01631	0.01278	0.00859	0.00659	0.00220	0.01092	0.00546	0.00426	0.01292
56	0.01250	0.00927	0.01168	0.01289	0.01437	0.00844	0.00898	0.01503	0.02174	0.02887	0.17765	0.41896	0.16755	0.02778	0.01234	0.00372	0.00541	0.02476	0.00963	0.00844
57	0.01206	0.00901	0.01122	0.01299	0.01422	0.00817	0.00886	0.01398	0.01994	0.02580	0.06580	0.51418	0.18790	0.02982	0.01250	0.00389	0.00561	0.02662	0.00925	0.00817
58	0.04312	0.01955	0.02473	0.01896	0.02674	0.01848	0.01566	0.16775	0.03285	0.46910	0.03570	0.03157	0.02286	0.01225	0.01001	0.00306	0.00907	0.00978	0.01178	0.01696
59	0.02832	0.02239	0.04329	0.03201	0.03995	0.02141	0.32263	0.03450	0.02393	0.18468	0.02754	0.07569	0.02148	0.01192	0.01296	0.00341	0.06044	0.01233	0.00731	0.01380
60	0.01805	0.01619	0.02295	0.02077	0.02154	0.02133	0.01673	0.02069	0.01555	0.02332	0.02019	0.03216	0.01973	0.08327	0.28483	0.00977	0.32837	0.00995	0.00490	0.00972
61	0.09581	0.01656	0.02141	0.01673	0.02391	0.01485	0.01376	0.04514	0.02704	0.50878	0.03681	0.03278	0.02365	0.01204	0.00949	0.00303	0.00813	0.00961	0.06455	0.01590
62	0.02467	0.02369	0.04046	0.06119	0.58747	0.02369	0.03059	0.03059	0.02270	0.03257	0.01875	0.02467	0.01579	0.00888	0.00987	0.00296	0.01184	0.00888	0.00493	0.01579
63	0.01673	0.01434	0.02079	0.01936	0.02055	0.01840	0.01553	0.01983	0.01577	0.02342	0.02223	0.03346	0.02103	0.05594	0.42050	0.01219	0.22530	0.01004	0.00502	0.00956
64	0.02467	0.02369	0.04046	0.06119	0.58747	0.02369	0.03059	0.03059	0.02270	0.03257	0.01875	0.02467	0.01579	0.00888	0.00987	0.00296	0.01184	0.00888	0.00493	0.01579
65	0.01425	0.01062	0.01353	0.01401	0.01659	0.00990	0.01132	0.01840	0.02507	0.03333	0.28236	0.09290	0.19647	0.02405	0.01247	0.00370	0.00636	0.19563	0.00994	0.00909
66	0.01732	0.00866	0.01299	0.01299	0.01299	0.00866	0.00866	0.01299	0.01299	0.01732	0.01732	0.03030	0.01732	0.03463	0.03896	0.70996	0.00866	0.00866	0.00433	0.00433
67	0.01411	0.01019	0.01333	0.01254	0.01489	0.00941	0.00941	0.01881	0.02822	0.03998	0.58221	0.07447	0.09406	0.02038	0.01176	0.00314	0.00470	0.01803	0.01097	0.00941
68	0.02467	0.02369	0.04046	0.06119	0.58747	0.02369	0.03059	0.03059	0.02270	0.03257	0.01875	0.02467	0.01579	0.00888	0.00987	0.00296	0.01184	0.00888	0.00493	0.01579
69	0.02067	0.01772	0.02067	0.01477	0.02362	0.01329	0.01181	0.02510	0.02067	0.03248	0.01772	0.02067	0.01477	0.00738	0.00738	0.00148	0.00738	0.00591	0.00591	0.71059
70	0.03323	0.02712	0.02719	0.02221	0.02915	0.07279	0.01786	0.33858	0.22948	0.05246	0.02915	0.02815	0.02139	0.01239	0.00996	0.00310	0.01042	0.00959	0.00966	0.01613
71	0.04081	0.02116	0.02548	0.01976	0.02741	0.02115	0.01625	0.22697	0.07614	0.36515	0.03400	0.03066	0.02240	0.01230	0.01002	0.00307	0.00931	0.00975	0.01134	0.01687
72	0.01999	0.05157	0.59800	0.02841	0.04315	0.02315	0.03683	0.03157	0.02105	0.03157	0.01789	0.02105	0.01263	0.00947	0.00947	0.00316	0.01473	0.00737	0.00421	0.01473
73	0.01577	0.01126	0.01572	0.01802	0.02018	0.01122	0.01555	0.02014	0.02266	0.02950	0.05295	0.15283	0.05802	0.02782	0.01369	0.00455	0.00892	0.48293	0.00919	0.00910
74	0.13034	0.02596	0.04637	0.03383	0.04290	0.02594	0.36260	0.13755	0.02729	0.04011	0.01999	0.02470	0.01485	0.00925	0.01057	0.00325	0.01427	0.01025	0.00621	0.01376
75	0.01448	0.00974	0.01126	0.01126	0.01140	0.00988	0.00653	0.01475	0.01461	0.01962	0.03105	0.06325	0.03538	0.60592	0.09330	0.01015	0.01096	0.01421	0.00599	0.00626
76	0.01273	0.00909	0.01224	0.01455	0.01538	0.00860	0.01027	0.01489	0.01966	0.02610	0.05462	0.56399	0.06466	0.03068	0.01288	0.00413	0.00629	0.10173	0.00924	0.00826
77	0.01424	0.01068	0.01602	0.01602	0.01780	0.01246	0.01246	0.01780	0.01602	0.02314	0.02670	0.03916	0.02492	0.07477	0.61015	0.01602	0.02670	0.01068	0.00534	0.00890
78	0.72007	0.01928	0.01465	0.01311	0.01928	0.02236	0.01080	0.02930	0.01697	0.04473	0.01388	0.01619	0.01080	0.00925	0.00617	0.00308	0.00771	0.00540	0.00617	0.01080
79	0.03724	0.04751	0.02825	0.02568	0.03082	0.60963	0.01926	0.03981	0.02825	0.02440	0.01541	0.01798	0.01284	0.01027	0.00899	0.00257	0.01798	0.00642	0.00514	0.01156
80	0.02545	0.02787	0.03000	0.02606	0.02727	0.16702	0.02121	0.02772	0.01833	0.02409	0.01363	0.02091	0.01303	0.01576	0.02712	0.00394	0.48683	0.00818	0.00454	0.01106
81	0.01328	0.00965	0.01252	0.01287	0.01466	0.00889	0.00925	0.01682	0.02469	0.03411	0.36881	0.27596	0.11235	0.02448	0.01210	0.00347	0.00510	0.02183	0.01027	0.00889
82	0.01227	0.00877	0.01168	0.01379	0.01449	0.00818	0.00926	0.01420	0.01968	0.02639	0.08907	0.60634	0.06775	0.03053	0.01266	0.00399	0.00571	0.02767	0.00937	0.00818
83	0.02467	0.02369	0.04046	0.06119	0.58747	0.02369	0.03059	0.03059	0.02270	0.03257	0.01875	0.02467	0.01579	0.00888	0.00987	0.00296	0.01184	0.00888	0.00493	0.01579
84	0.03872	0.02920	0.02877	0.02262	0.03017	0.11003	0.01841	0.41394	0.04179	0.12892	0.02481	0.02444	0.01741	0.01178	0.00984	0.00294	0.01162	0.00876	0.00961	0.01620
85	0.72007	0.01928	0.01465	0.01311	0.01928	0.02236	0.01080	0.02930	0.01697	0.04473	0.01388	0.01619	0.01080	0.00925	0.00617	0.00308	0.00771	0.00540	0.00617	0.01080
86	0.01215	0.00868	0.01157	0.01388	0.01446	0.00810	0.00925	0.01388	0.01909	0.02545	0.05495	0.64315	0.06593	0.03123	0.01272	0.00405	0.00578	0.02834	0.00925	0.00810
87	0.56090	0.01873	0.01665	0.01420	0.02073	0.02055	0.01170	0.03385	0.01969	0.17427	0.01988	0.02037	0.01407	0.00998	0.00708	0.00308	0.00789	0.00649	0.00762	0.01225
88	0.01883	0.01772	0.02990	0.62569	0.06866	0.02215	0.02769	0.02547	0.01993	0.02547	0.01772	0.02658	0.01329	0.00997	0.00997	0.00332	0.01329	0.00886	0.00443	0.01107
89	0.01196	0.01011	0.01035	0.01029	0.01358	0.00849	0.00772	0.01466	0.02315	0.02796	0.13881	0.09425	0.54496	0.02486	0.01178	0.00335	0.00502	0.02080	0.00939	0.00849
90	0.02675	0.02239	0.02364	0.02068	0.02667	0.02571	0.01625	0.12774	0.49150	0.04485	0.03809	0.03522	0.02842	0.01329	0.01012	0.00332	0.00835	0.01093	0.01012	0.01595
91	0.01999	0.05157	0.59800	0.02841	0.04315	0.02315	0.03683	0.03157	0.02105	0.03157	0.01789	0.02105	0.01263	0.00947	0.00947	0.00316	0.01473	0.00737	0.00421	0.01473
92	0.03773	0.04427	0.02807	0.02501	0.03050	0.53212	0.01896	0.07761	0.02962	0.06126	0.01746	0.01936	0.01385	0.01052	0.00912	0.00263	0.01690	0.00682	0.00592	0.01227
93	0.02392	0.02050	0.02179	0.01965	0.02502	0.02354	0.01526	0.05018	0.52523	0.04156	0.08484	0.04024	0.03563	0.01409	0.01028	0.00336	0.00763	0.01182	0.01021	0.01526
94	0.02264	0.01766	0.02087	0.01501	0.02377	0.01340	0.01204	0.02702	0.02131	0.07840	0.01948	0.02176	0.01558	0.00779	0.00760	0.00161	0.00747	0.00624	0.00643	0.65391
95	0.13159	0.01887	0.02231	0.01795	0.02506	0.01875	0.01463	0.07957	0.13507	0.37647	0.03514	0.03153	0.02344	0.01213	0.00952	0.00314	0.00842	0.00958	0.01092	0.01590
96	0.02292	0.02450	0.02143	0.02020	0.02302	0.22412	0.01557	0.02602	0.02027	0.02365	0.02169	0.03038	0.01977	0.04770	0.35453	0.01040	0.06964	0.00903	0.00519	0.00999
97	0.02903	0.02152	0.03004	0.02412	0.03113	0.02260	0.12421	0.04771	0.33681	0.16420	0.03615	0.03437	0.02603	0.01222	0.01045	0.00331	0.00983	0.01109	0.00960	0.01557
98	0.72007	0.01928	0.01465	0.01311	0.01928	0.02236	0.01080	0.02930	0.01697	0.04473	0.01388	0.01619	0.01080	0.00925	0.00617	0.00308	0.00771	0.00540	0.00617	0.01080
99	0.01411	0.01019	0.01333	0.01254	0.01489	0.00941	0.00941	0.01881	0.02822	0.03998	0.58221	0.07447	0.09406	0.02038	0.01176	0.00314	0.00470	0.01803	0.01097	0.00941
100	0.01411	0.01019	0.01333	0.01254	0.01489	0.00941	0.00941	0.01881	0.02822	0.03998	0.58221	0.07447	0.09406	0.02038	0.01176	0.00314	0.00470	0.01803	0.01097	0.00941
101	0.01302	0.01015	0.01182	0.01140	0.01423	0.00894	0.00855	0.01671	0.02565	0.03389	0.35767	0.08449	0.32240	0.02265	0.01177	0.00324	0.00486	0.01943	0.01017	0.00894
102	0.01397	0.01034	0.01509	0.01540	0.01691	0.01169	0.01162	0.01706	0.01635	0.02322	0.03087	0.12356	0.03125	0.10499	0.49307	0.01398	0.02276	0.01334	0.00592	0.00861
103	0.03778	0.03141	0.02962	0.02343	0.03090	0.13397	0.01900	0.46262	0.04356	0.05598	0.02242	0.02287	0.01622	0.01167	0.00980	0.00292	0.01222	0.00852	0.00911	0.01599
104	0.01606	0.01147	0.01606	0.01836	0.02065	0.01147	0.01606	0.02065	0.02295	0.02983	0.05278	0.11245	0.05737	0.02754	0.01377	0.00459	0.00918	0.52037	0.00918	0.00918
105	0.04010	0.02240	0.02626	0.02035	0.02803	0.02298	0.01674	0.28484	0.07629	0.30630	0.03224	0.02950	0.02149	0.01225	0.01001	0.00306	0.00960	0.00963	0.01108	0.01687
106	0.02665	0.65565	0.05224	0.01706	0.02559	0.03945	0.01706	0.02985	0.02026	0.02345	0.01386	0.01599	0.01279	0.00853	0.00640	0.00213	0.01066	0.00533	0.00426	0.01279
107	0.01356	0.01017	0.01257	0.01197	0.01456	0.00917	0.00897	0.01775	0.02692	0.03690	0.46879	0.07953	0.20939	0.02153	0.01176	0.00319	0.00478	0.01874	0.01057	0.00917
108	0.02067	0.01772	0.02067	0.01477	0.02362	0.01329	0.01181	0.02510	0.02067	0.03248	0.01772	0.02067	0.01477	0.00738	0.00738	0.00148	0.00738	0.00591	0.00591	0.71059
109	0.01225	0.00889	0.01157	0.01348	0.01441	0.00821	0.00913	0.01425	0.02000	0.02655	0.09427	0.56007	0.11012	0.03001	0.01258	0.00393	0.00565	0.02705	0.00937	0.00821
110	0.72007	0.01928	0.01465	0.01311	0.01928	0.02236	0.01080	0.02930	0.01697	0.04473	0.01388	0.01619	0.01080	0.00925	0.00617	0.00308	0.00771	0.00540	0.00617	0.01080
111	0.01450	0.00966	0.01087	0.01087	0.01087	0.00966	0.00604	0.01450	0.01450	0.01933	0.03141	0.06524	0.03624	0.64965	0.05074	0.00966	0.00966	0.01450	0.00604	0.00604
112	0.66488	0.01909	0.01535	0.01349	0.01978	0.02173	0.01111	0.03088	0.01791	0.08964	0.01596	0.01764	0.01193	0.00951	0.00648	0.00308	0.00777	0.00578	0.00667	0.01130
113	0.01393	0.01018	0.01308	0.01236	0.01478	0.00933	0.00927	0.01847	0.02780	0.03898	0.54560	0.07610	0.13129	0.02075	0.01176	0.00315	0.00473	0.01826	0.01084	0.00933
114	0.03054	0.01963	0.02210	0.01888	0.02497	0.02117	0.01497	0.07940	0.34713	0.19379	0.03861	0.03551	0.02767	0.01296	0.00985	0.00319	0.00798	0.01064	0.06534	0.01566
115	0.04417	0.01786	0.02369	0.01816	0.02589	0.01598	0.01500	0.08990	0.03003	0.55093	0.03807	0.03311	0.02405	0.01231	0.01002	0.00308	0.00869	0.00994	0.01215	0.01696
116	0.02467	0.02369	0.04046	0.06119	0.58747	0.02369	0.03059	0.03059	0.02270	0.03257	0.01875	0.02467	0.01579	0.00888	0.00987	0.00296	0.01184	0.00888	0.00493	0.01579
117	0.03790	0.02792	0.02992	0.02294	0.03091	0.03091	0.01895	0.55423	0.04687	0.06283	0.02393	0.02393	0.01695	0.01197	0.00997	0.00299	0.01097	0.00898	0.00997	0.01695
118	0.02480	0.02141	0.02254	0.02029	0.02592	0.02480	0.01578	0.05297	0.56946	0.04170	0.04057	0.03719	0.03043	0.01352	0.01014	0.00338	0.00789	0.01127	0.01014	0.01578
119	0.03304	0.03280	0.03920	0.03018	0.03803	0.20180	0.20624	0.18624	0.03199	0.07146	0.02095	0.02377	0.01553	0.01022	0.01031	0.00300	0.01498	0.00925	0.00692	0.01410
120	0.02182	0.21681	0.44871	0.02531	0.03834	0.02761	0.03142	0.03110	0.02083	0.02935	0.01679	0.01966	0.01267	0.00921	0.00863	0.00288	0.01362	0.00681	0.00422	0.01420
121	0.01858	0.00929	0.00929	0.00929	0.01161	0.00929	0.00697	0.02323	0.02091	0.03717	0.03252	0.03717	0.02555	0.01161	0.00697	0.00232	0.00465	0.00929	0.70499	0.00929
122	0.01883	0.01772	0.02990	0.62569	0.06866	0.02215	0.02769	0.02547	0.01993	0.02547	0.01772	0.02658	0.01329	0.00997	0.00997	0.00332	0.01329	0.00886	0.00443	0.01107
123	0.03088	0.02687	0.03277	0.03882	0.26620	0.09444	0.02323	0.17136	0.10353	0.07651	0.02395	0.02596	0.01828	0.01069	0.00984	0.00299	0.01160	0.00901	0.00744	0.01566
124	0.02420	0.01199	0.01627	0.01586	0.01919	0.01088	0.01210	0.02708	0.02296	0.22722	0.04913	0.35493	0.05017	0.02404	0.01191	0.00378	0.00720	0.08936	0.01033	0.01138
125	0.02665	0.65565	0.05224	0.01706	0.02559	0.03945	0.01706	0.02985	0.02026	0.02345	0.01386	0.01599	0.01279	0.00853	0.00640	0.00213	0.01066	0.00533	0.00426	0.01279
126	0.02215	0.01767	0.02082	0.01495	0.02374	0.01337	0.01199	0.02654	0.02115	0.06700	0.01905	0.02149	0.01537	0.00769	0.00755	0.00158	0.00745	0.00616	0.00630	0.66799
127	0.03760	0.03676	0.02917	0.02417	0.03087	0.29185	0.01909	0.32228	0.03848	0.04550	0.02009	0.02125	0.01510	0.01120	0.00953	0.00280	0.01413	0.00782	0.00779	0.01452
128	0.21909	0.01891	0.02177	0.01718	0.02452	0.01865	0.01418	0.10571	0.02779	0.38647	0.03084	0.02810	0.02013	0.01149	0.00902	0.00307	0.00859	0.00870	0.01045	0.01536
129	0.01266	0.01013	0.01132	0.01102	0.01401	0.00879	0.00827	0.01601	0.02481	0.03187	0.28336	0.08780	0.39796	0.02340	0.01177	0.00328	0.00492	0.01990	0.00991	0.00879
130	0.01411	0.01019	0.01333	0.01254	0.01489	0.00941	0.00941	0.01881	0.02822	0.03998	0.58221	0.07447	0.09406	0.02038	0.01176	0.00314	0.00470	0.01803	0.01097	0.00941
131	0.03090	0.01426	0.01860	0.01541	0.02072	0.01298	0.01229	0.03650	0.05856	0.32654	0.22750	0.04846	0.04918	0.01514	0.01039	0.00306	0.00683	0.01282	0.06618	0.01367
132	0.01446	0.00982	0.01164	0.01164	0.01191	0.01008	0.00700	0.01499	0.01472	0.01990	0.03071	0.06135	0.03455	0.56390	0.13418	0.01061	0.01221	0.01393	0.00594	0.00647
133	0.02160	0.02101	0.02918	0.02510	0.02524	0.02918	0.02086	0.02394	0.01563	0.02483	0.01433	0.02279	0.01388	0.01708	0.03107	0.00423	0.59141	0.00876	0.04907	0.01080
134	0.02183	0.02417	0.05177	0.03782	0.04649	0.02266	0.47041	0.02924	0.02287	0.03097	0.02536	0.11881	0.02270	0.01181	0.01191	0.00346	0.01516	0.01424	0.00567	0.01265
135	0.04371	0.01859	0.02414	0.01851	0.02626	0.01707	0.01529	0.12369	0.03126	0.51541	0.03704	0.03245	0.02353	0.01228	0.01002	0.00307	0.00885	0.00987	0.01199	0.01696
136	0.02665	0.65565	0.05224	0.01706	0.02559	0.03945	0.01706	0.02985	0.02026	0.02345	0.01386	0.01599	0.01279	0.00853	0.00640	0.00213	0.01066	0.00533	0.00426	0.01279
137	0.01772	0.01115	0.01257	0.01172	0.01457	0.01093	0.00892	0.06146	0.02600	0.03947	0.25956	0.05586	0.09644	0.01626	0.00951	0.00278	0.00519	0.01372	0.31633	0.00986
138	0.66576	0.01858	0.01430	0.01288	0.01883	0.02129	0.01055	0.02815	0.01741	0.04336	0.02056	0.02231	0.05471	0.01048	0.00660	0.00311	0.00751	0.00660	0.00641	0.01061
139	0.01939	0.04828	0.55303	0.02730	0.04095	0.02200	0.03472	0.03021	0.02090	0.03110	0.02073	0.06875	0.01672	0.01114	0.00972	0.00323	0.01405	0.00897	0.00460	0.01422
140	0.01490	0.01123	0.01559	0.01526	0.01637	0.01301	0.01126	0.01729	0.01551	0.02207	0.02707	0.04564	0.02740	0.24254	0.39833	0.01322	0.06797	0.01167	0.00548	0.00820
141	0.01289	0.00968	0.01302	0.01482	0.01536	0.00982	0.01022	0.01466	0.01879	0.02534	0.05174	0.59550	0.06188	0.03017	0.01426	0.00407	0.05376	0.02684	0.00888	0.00831
142	0.01831	0.01703	0.02849	0.57878	0.06450	0.02107	0.02627	0.02458	0.01987	0.02547	0.02057	0.07386	0.01733	0.01160	0.01018	0.00338	0.01271	0.01035	0.00480	0.01085
143	0.04095	0.02260	0.02455	0.01928	0.02677	0.09631	0.01564	0.11452	0.03039	0.40265	0.03238	0.02942	0.02128	0.01163	0.00968	0.00288	0.01001	0.00908	0.01056	0.06943
144	0.01954	0.04839	0.55317	0.02720	0.04098	0.02210	0.03473	0.03059	0.02160	0.03222	0.06116	0.02514	0.01887	0.01031	0.00965	0.00316	0.01396	0.00818	0.00473	0.01432
145	0.02643	0.52290	0.08794	0.01808	0.02705	0.03571	0.01821	0.06307	0.02204	0.02725	0.01509	0.01722	0.01320	0.00873	0.00692	0.00221	0.01072	0.00575	0.00475	0.06671
146	0.02471	0.33009	0.17494	0.02213	0.03149	0.03084	0.06193	0.07381	0.05983	0.03059	0.02054	0.06011	0.01785	0.01081	0.00848	0.00274	0.01162	0.00847	0.00549	0.01354
147	0.01329	0.00939	0.01238	0.01434	0.01518	0.00902	0.01016	0.01535	0.01919	0.02543	0.05100	0.44923	0.05977	0.12273	0.01861	0.00500	0.00705	0.12614	0.00876	0.00801

[dist]
# distance from previous block
# <min> <max>
0	825

# created by:
# /st0/software/busco_prod/Augustus/scripts/msa2prfl.pl ./align_prep/5279.fa
