[name]
unknown

[dist]
# distance from previous block
# <min> <max>
0	54

[block]
# block no. 0 follows, 13 sequences, length 33
# corresponding to MSA columns:
# 82-114
name=unknown_A
#
# <colnr> <probs for GDERKNQSTAVLIFYWHMCP>
#	G	D	E	R	K	N	Q	S	T	A	V	L	I	F	Y	W	H	M	C	P
0	0.02955	0.01924	0.02642	0.10588	0.03365	0.02039	0.04487	0.10941	0.07585	0.17194	0.08389	0.09640	0.03587	0.01663	0.01275	0.00362	0.04254	0.04715	0.00973	0.01422
1	0.05975	0.01908	0.02470	0.19699	0.03854	0.02225	0.01960	0.09244	0.11647	0.03720	0.07658	0.04571	0.03192	0.07171	0.01651	0.00428	0.05002	0.05589	0.00784	0.01253
2	0.08281	0.07569	0.03155	0.05705	0.07891	0.07485	0.06436	0.05592	0.02478	0.03548	0.09172	0.03027	0.02645	0.01192	0.01188	0.00292	0.06660	0.00945	0.00662	0.16078
3	0.08717	0.02083	0.02410	0.16484	0.03644	0.07042	0.01788	0.06018	0.02630	0.16017	0.07471	0.03285	0.02590	0.01206	0.00976	0.00302	0.01046	0.00970	0.05862	0.09462
4	0.02234	0.01573	0.02388	0.30698	0.04539	0.01741	0.02002	0.02730	0.02297	0.11528	0.07984	0.09767	0.07104	0.07107	0.01507	0.00415	0.01077	0.01383	0.00765	0.01162
5	0.02726	0.01840	0.02271	0.09940	0.03054	0.01894	0.01607	0.10179	0.11415	0.13611	0.08697	0.07539	0.07839	0.04814	0.01315	0.00364	0.00910	0.01318	0.00961	0.07706
6	0.08683	0.01708	0.02092	0.06015	0.02575	0.01726	0.01431	0.10891	0.03009	0.18800	0.19786	0.04888	0.04724	0.07248	0.01487	0.00394	0.00856	0.01308	0.01043	0.01335
7	0.13378	0.07404	0.02575	0.06741	0.02901	0.02048	0.01591	0.07360	0.02658	0.26912	0.02960	0.02967	0.02065	0.01517	0.04022	0.00378	0.01045	0.00899	0.04621	0.05961
8	0.09470	0.12130	0.06524	0.06903	0.03049	0.02297	0.01832	0.03813	0.02405	0.26231	0.02828	0.03092	0.02072	0.05784	0.01497	0.00377	0.06453	0.00931	0.00856	0.01455
9	0.09182	0.07796	0.06888	0.11648	0.07965	0.02086	0.02010	0.03637	0.02518	0.21540	0.07595	0.03250	0.02614	0.01192	0.00983	0.00311	0.01030	0.00972	0.00846	0.05937
10	0.13993	0.17650	0.08069	0.01974	0.02791	0.02745	0.01814	0.14623	0.02890	0.13846	0.02650	0.07908	0.02176	0.01306	0.00923	0.00310	0.01037	0.00992	0.00827	0.01476
11	0.09132	0.09911	0.08705	0.02374	0.07281	0.06519	0.01909	0.08155	0.07442	0.13069	0.06430	0.03394	0.02641	0.06941	0.01380	0.00378	0.01098	0.00997	0.00814	0.01432
12	0.08824	0.02021	0.02435	0.07739	0.07777	0.02184	0.01767	0.08350	0.19743	0.07967	0.03522	0.12624	0.03047	0.01548	0.01055	0.00343	0.00921	0.01314	0.00902	0.05917
13	0.16621	0.13096	0.02912	0.06815	0.03012	0.07627	0.01657	0.06208	0.06141	0.11128	0.02231	0.02377	0.01690	0.01041	0.00852	0.00277	0.01048	0.00755	0.00731	0.13781
14	0.06718	0.14903	0.08113	0.03082	0.15220	0.07638	0.02199	0.07003	0.02616	0.12779	0.02596	0.07990	0.02194	0.01263	0.00972	0.00308	0.01164	0.01024	0.00730	0.01487
15	0.22034	0.02519	0.02483	0.01996	0.02753	0.07539	0.01629	0.19090	0.03290	0.22563	0.02714	0.02614	0.01856	0.01189	0.00942	0.00319	0.01051	0.00862	0.00986	0.01571
16	0.01617	0.01038	0.01351	0.01444	0.01632	0.00947	0.01017	0.01886	0.02323	0.07620	0.15280	0.42441	0.11650	0.02872	0.01297	0.00396	0.00610	0.02569	0.01043	0.00967
17	0.03609	0.02388	0.03219	0.03029	0.11704	0.02445	0.05772	0.20659	0.07878	0.19333	0.03221	0.03604	0.02393	0.01322	0.01100	0.00337	0.01111	0.04193	0.00998	0.01686
18	0.02729	0.15520	0.37777	0.02585	0.03890	0.02611	0.03090	0.03644	0.02361	0.12966	0.02233	0.02382	0.01576	0.01041	0.00955	0.00313	0.01362	0.00793	0.00605	0.01568
19	0.01936	0.01375	0.01649	0.01559	0.01906	0.01375	0.01172	0.02917	0.14423	0.07797	0.27403	0.16415	0.11503	0.02182	0.01213	0.00357	0.00629	0.01907	0.01106	0.01177
20	0.04032	0.01924	0.03047	0.02299	0.03110	0.01706	0.10773	0.04537	0.02926	0.42305	0.08591	0.03862	0.03117	0.01312	0.01114	0.00333	0.01023	0.01176	0.01154	0.01657
21	0.04233	0.02503	0.07793	0.02293	0.03177	0.06599	0.06499	0.04748	0.02903	0.42571	0.03563	0.03263	0.02302	0.01224	0.01066	0.00326	0.01127	0.01022	0.01095	0.01695
22	0.01379	0.00986	0.01326	0.01544	0.01653	0.00934	0.01110	0.01643	0.02179	0.02912	0.10034	0.48709	0.07088	0.03146	0.01360	0.00431	0.00667	0.11014	0.00996	0.00891
23	0.02827	0.63478	0.05540	0.01809	0.02714	0.04184	0.01809	0.03166	0.02148	0.02488	0.01470	0.01696	0.01357	0.00905	0.00678	0.00226	0.01131	0.00565	0.00452	0.01357
24	0.09391	0.09774	0.18947	0.02759	0.07285	0.02487	0.06955	0.07993	0.02666	0.18043	0.02504	0.02602	0.01752	0.01081	0.00982	0.00319	0.01234	0.00882	0.00763	0.01581
25	0.01325	0.00948	0.01260	0.01447	0.01542	0.00883	0.00984	0.01564	0.02194	0.02970	0.14584	0.52624	0.07517	0.03110	0.01332	0.00412	0.00593	0.02814	0.01014	0.00883
26	0.01250	0.01071	0.01071	0.01071	0.01428	0.00893	0.00803	0.01517	0.02410	0.02856	0.10711	0.10175	0.55817	0.02678	0.01250	0.00357	0.00536	0.02231	0.00982	0.00893
27	0.02930	0.58113	0.05307	0.01893	0.02765	0.09179	0.01831	0.03263	0.02226	0.02497	0.01485	0.01715	0.01357	0.00922	0.00704	0.00230	0.01202	0.00576	0.00461	0.01345
28	0.01979	0.01853	0.02668	0.06271	0.05732	0.04851	0.08959	0.02643	0.07119	0.03231	0.12233	0.23344	0.04875	0.02067	0.01433	0.00380	0.06548	0.01838	0.00825	0.01151
29	0.01419	0.01014	0.01377	0.01622	0.01741	0.00972	0.01209	0.01699	0.02154	0.02846	0.05755	0.46303	0.06706	0.03189	0.01385	0.00448	0.00727	0.17561	0.00979	0.00895
30	0.01519	0.01155	0.01533	0.05746	0.02119	0.01174	0.01253	0.02056	0.07015	0.03034	0.09633	0.43269	0.06417	0.02843	0.01305	0.00414	0.00714	0.06853	0.00969	0.00979
31	0.08584	0.03214	0.12344	0.02339	0.03262	0.07686	0.02161	0.23315	0.03562	0.19088	0.02706	0.02653	0.01851	0.01196	0.01012	0.00320	0.01206	0.00900	0.00942	0.01658
32	0.04291	0.02034	0.02854	0.02771	0.12513	0.01885	0.01903	0.09106	0.03089	0.42671	0.03626	0.03324	0.02371	0.01238	0.01060	0.00324	0.00989	0.01031	0.01143	0.01777

[dist]
# distance from previous block
# <min> <max>
1	4

[block]
# block no. 1 follows, 13 sequences, length 40
# corresponding to MSA columns:
# 119-158
name=unknown_B
#
# <colnr> <probs for GDERKNQSTAVLIFYWHMCP>
#	G	D	E	R	K	N	Q	S	T	A	V	L	I	F	Y	W	H	M	C	P
0	0.02559	0.11088	0.19827	0.02959	0.04032	0.02743	0.15628	0.09136	0.02573	0.03607	0.01947	0.02364	0.01500	0.01023	0.01173	0.00310	0.05483	0.00886	0.00569	0.10595
1	0.10670	0.15264	0.13909	0.03323	0.04391	0.02903	0.28205	0.03303	0.02299	0.03365	0.01886	0.02384	0.01456	0.00923	0.01023	0.00323	0.01500	0.00954	0.00518	0.01401
2	0.02671	0.11341	0.17363	0.02923	0.03942	0.02603	0.17509	0.09245	0.02784	0.07690	0.08930	0.03198	0.02658	0.01157	0.01075	0.00324	0.01340	0.01077	0.00701	0.01468
3	0.01410	0.01000	0.01319	0.01509	0.01611	0.00955	0.01073	0.01652	0.02118	0.02829	0.09482	0.42035	0.06688	0.10320	0.01847	0.00504	0.00719	0.11111	0.00954	0.00864
4	0.10039	0.01945	0.02732	0.02099	0.02890	0.01789	0.07849	0.04235	0.06258	0.31315	0.07170	0.03495	0.02804	0.01233	0.01028	0.00313	0.00955	0.01058	0.01040	0.09755
5	0.07931	0.02979	0.11315	0.04775	0.23547	0.02565	0.24606	0.03308	0.02376	0.03515	0.02002	0.02601	0.01561	0.00931	0.01098	0.00336	0.01488	0.01026	0.00530	0.01510
6	0.02179	0.01380	0.01683	0.01624	0.01977	0.01358	0.01205	0.03017	0.12945	0.12630	0.11978	0.28459	0.10519	0.02381	0.01222	0.00378	0.00686	0.02092	0.01080	0.01207
7	0.01556	0.01069	0.01359	0.01287	0.01536	0.00996	0.00965	0.02054	0.02895	0.04202	0.49111	0.07400	0.09061	0.02044	0.01183	0.00322	0.00498	0.01795	0.09668	0.00996
8	0.03993	0.01639	0.02180	0.01726	0.02432	0.01418	0.01406	0.04393	0.02945	0.45122	0.09920	0.04838	0.10019	0.01563	0.01104	0.00331	0.00816	0.01292	0.01254	0.01609
9	0.02210	0.04903	0.46872	0.03548	0.10877	0.02480	0.07715	0.03339	0.02274	0.03364	0.01928	0.02328	0.01401	0.00988	0.01029	0.00334	0.01543	0.00838	0.00463	0.01565
10	0.03824	0.04831	0.03015	0.02728	0.03231	0.54360	0.02064	0.04094	0.02891	0.02584	0.01615	0.01938	0.01364	0.01148	0.01146	0.00287	0.06422	0.00700	0.00538	0.01220
11	0.01328	0.01045	0.01200	0.01222	0.01492	0.00917	0.00893	0.01647	0.02506	0.03227	0.22795	0.19343	0.33331	0.02648	0.01268	0.00364	0.00540	0.02285	0.01034	0.00917
12	0.01448	0.01049	0.01397	0.01588	0.01754	0.00998	0.01215	0.01775	0.02294	0.03030	0.11321	0.35426	0.10732	0.03011	0.01369	0.00433	0.00718	0.18529	0.00998	0.00915
13	0.04215	0.02125	0.02618	0.02068	0.02841	0.02088	0.01718	0.20475	0.03608	0.35327	0.03772	0.04047	0.02680	0.01450	0.01099	0.00339	0.00993	0.05622	0.01194	0.01720
14	0.01473	0.01041	0.01163	0.01155	0.01255	0.00995	0.00712	0.01581	0.01872	0.02448	0.10357	0.07702	0.15344	0.43917	0.04085	0.00813	0.00868	0.01722	0.00767	0.00731
15	0.02827	0.63478	0.05540	0.01809	0.02714	0.04184	0.01809	0.03166	0.02148	0.02488	0.01470	0.01696	0.01357	0.00905	0.00678	0.00226	0.01131	0.00565	0.00452	0.01357
16	0.02478	0.02553	0.04662	0.10461	0.04867	0.02621	0.30534	0.04004	0.18710	0.03629	0.02787	0.03191	0.02090	0.01082	0.01171	0.00357	0.01441	0.01194	0.00697	0.01473
17	0.10665	0.02437	0.04189	0.12704	0.33300	0.02505	0.12492	0.03183	0.02312	0.03495	0.01941	0.02581	0.01562	0.00952	0.01040	0.00329	0.01326	0.00957	0.00534	0.01496
18	0.01598	0.01095	0.01353	0.01441	0.01530	0.01095	0.01027	0.01775	0.01863	0.02455	0.04154	0.08737	0.04658	0.41087	0.03958	0.00830	0.01006	0.18816	0.00762	0.00762
19	0.01837	0.00918	0.01377	0.01377	0.01377	0.00918	0.00918	0.01377	0.01377	0.01837	0.01837	0.03214	0.01837	0.03673	0.04132	0.69238	0.00918	0.00918	0.00459	0.00459
20	0.01481	0.01083	0.01432	0.01642	0.01832	0.01035	0.01301	0.01822	0.02275	0.02943	0.06411	0.30794	0.13490	0.03035	0.01388	0.00447	0.00774	0.24918	0.00978	0.00918
21	0.01997	0.01879	0.03171	0.60301	0.07282	0.02349	0.02936	0.02701	0.02114	0.02701	0.01879	0.02819	0.01409	0.01057	0.01057	0.00352	0.01409	0.00940	0.00470	0.01175
22	0.01388	0.01026	0.01250	0.01366	0.01531	0.00951	0.00973	0.01627	0.02172	0.02815	0.10630	0.29197	0.19035	0.12760	0.01990	0.00508	0.00697	0.08288	0.00939	0.00857
23	0.04744	0.01799	0.02454	0.01881	0.02699	0.01554	0.01554	0.05153	0.03026	0.56979	0.04171	0.03599	0.02617	0.01309	0.01063	0.00327	0.00900	0.01063	0.01309	0.01799
24	0.03537	0.02427	0.02683	0.02200	0.02929	0.02654	0.01771	0.22404	0.26704	0.15412	0.03645	0.03374	0.02597	0.01351	0.01067	0.00338	0.00966	0.01083	0.01114	0.01743
25	0.01997	0.01879	0.03171	0.60301	0.07282	0.02349	0.02936	0.02701	0.02114	0.02701	0.01879	0.02819	0.01409	0.01057	0.01057	0.00352	0.01409	0.00940	0.00470	0.01175
26	0.03405	0.03245	0.02853	0.09324	0.03525	0.20218	0.01980	0.25036	0.03685	0.04428	0.03204	0.03336	0.08416	0.01365	0.01049	0.00312	0.01347	0.01027	0.00816	0.01429
27	0.02827	0.63478	0.05540	0.01809	0.02714	0.04184	0.01809	0.03166	0.02148	0.02488	0.01470	0.01696	0.01357	0.00905	0.00678	0.00226	0.01131	0.00565	0.00452	0.01357
28	0.07961	0.02562	0.02486	0.02138	0.02799	0.09488	0.01686	0.08951	0.29681	0.15303	0.03605	0.03352	0.02609	0.01321	0.01028	0.00336	0.01009	0.01041	0.01027	0.01617
29	0.04335	0.01709	0.02323	0.01812	0.02558	0.01484	0.01484	0.04755	0.03022	0.50339	0.10658	0.04140	0.03544	0.01416	0.01086	0.00328	0.00849	0.01170	0.01290	0.01698
30	0.03517	0.07385	0.06870	0.02404	0.03213	0.09650	0.05396	0.13568	0.15814	0.16592	0.03089	0.02990	0.02208	0.01226	0.01032	0.00321	0.01183	0.00984	0.00934	0.01622
31	0.03228	0.11101	0.08419	0.02314	0.03156	0.03112	0.02055	0.26119	0.20292	0.05062	0.02904	0.02851	0.02157	0.01248	0.01008	0.00320	0.01092	0.00962	0.00924	0.01676
32	0.02779	0.14936	0.14163	0.03380	0.13196	0.02801	0.10212	0.08238	0.06188	0.07243	0.02444	0.03043	0.01955	0.01133	0.01024	0.00321	0.01292	0.03452	0.00663	0.01537
33	0.03132	0.08570	0.33365	0.02508	0.03749	0.02259	0.02888	0.03993	0.02515	0.22848	0.02694	0.02690	0.01807	0.01108	0.01001	0.00324	0.01288	0.00868	0.00761	0.01633
34	0.02580	0.22823	0.25015	0.02704	0.03850	0.03104	0.09406	0.07135	0.07424	0.03429	0.02073	0.02333	0.01595	0.01018	0.00946	0.00305	0.01358	0.00828	0.00565	0.01508
35	0.02782	0.02334	0.03907	0.13794	0.42644	0.02373	0.02996	0.03395	0.02439	0.09792	0.02236	0.02765	0.01750	0.01003	0.01050	0.00321	0.01236	0.00956	0.00610	0.01617
36	0.02497	0.23798	0.24184	0.02808	0.07313	0.03075	0.05938	0.03655	0.10768	0.03249	0.02172	0.02402	0.01695	0.01030	0.00927	0.00303	0.01293	0.00819	0.00563	0.01512
37	0.02957	0.02520	0.03787	0.19827	0.19090	0.06307	0.09314	0.09381	0.02765	0.10302	0.02295	0.02770	0.01704	0.01063	0.01074	0.00330	0.01358	0.00981	0.00675	0.01502
38	0.01280	0.00954	0.01192	0.01383	0.01510	0.00866	0.00942	0.01482	0.02110	0.02734	0.06909	0.50638	0.17808	0.03172	0.01327	0.00413	0.00596	0.02834	0.00982	0.00866
39	0.02828	0.02083	0.03255	0.07271	0.03656	0.02123	0.13629	0.07237	0.12524	0.13918	0.03763	0.05329	0.03165	0.01594	0.01202	0.00379	0.01171	0.12513	0.00920	0.01442

[dist]
# distance from previous block
# <min> <max>
0	18

[block]
# block no. 2 follows, 13 sequences, length 19
# corresponding to MSA columns:
# 177-195
name=unknown_C
#
# <colnr> <probs for GDERKNQSTAVLIFYWHMCP>
#	G	D	E	R	K	N	Q	S	T	A	V	L	I	F	Y	W	H	M	C	P
0	0.03191	0.03703	0.15592	0.03139	0.04165	0.09162	0.16099	0.23299	0.03490	0.04606	0.02191	0.02487	0.01598	0.01090	0.01086	0.00327	0.01501	0.00965	0.00727	0.01582
1	0.02517	0.02886	0.10287	0.03532	0.08388	0.02619	0.22607	0.04268	0.23288	0.03804	0.02969	0.03202	0.02232	0.01126	0.01135	0.00351	0.01335	0.01150	0.00741	0.01561
2	0.01330	0.01007	0.01235	0.01374	0.01561	0.00912	0.00989	0.01594	0.02266	0.02923	0.11709	0.36676	0.22600	0.02978	0.01319	0.00403	0.00610	0.06627	0.00997	0.00891
3	0.03087	0.08701	0.19167	0.02858	0.03938	0.02680	0.12961	0.13453	0.06304	0.12621	0.02557	0.02705	0.01813	0.01101	0.01051	0.00327	0.01339	0.00965	0.00764	0.01607
4	0.02370	0.27113	0.27997	0.12562	0.04334	0.03100	0.02932	0.03165	0.02179	0.02905	0.01730	0.02129	0.01358	0.00975	0.00889	0.00296	0.01370	0.00726	0.00453	0.01416
5	0.04159	0.02737	0.03034	0.02326	0.03167	0.02946	0.01922	0.43541	0.04596	0.16373	0.02854	0.02743	0.01956	0.01277	0.01059	0.00319	0.01113	0.00973	0.01106	0.01798
6	0.24014	0.02502	0.02525	0.02036	0.02791	0.02782	0.01668	0.27862	0.10115	0.09849	0.02570	0.02553	0.01847	0.01206	0.00938	0.00326	0.00996	0.00877	0.00958	0.01584
7	0.07008	0.02680	0.12312	0.14410	0.11502	0.02285	0.02464	0.11728	0.02871	0.10905	0.08818	0.03289	0.02682	0.01230	0.01045	0.00331	0.01159	0.01026	0.00778	0.01477
8	0.09634	0.01664	0.02199	0.01937	0.02409	0.01681	0.05788	0.07178	0.06860	0.10398	0.13925	0.17573	0.05082	0.02017	0.01177	0.00372	0.00856	0.07014	0.00995	0.01239
9	0.01310	0.00937	0.01247	0.01457	0.01538	0.00874	0.00983	0.01528	0.02128	0.02864	0.11167	0.56342	0.07312	0.03189	0.01339	0.00419	0.00601	0.02889	0.01001	0.00874
10	0.02450	0.03170	0.12450	0.04281	0.05410	0.02647	0.46514	0.03382	0.02464	0.03382	0.02110	0.02777	0.01572	0.00905	0.01218	0.00354	0.01756	0.01191	0.00524	0.01443
11	0.02589	0.18924	0.12947	0.17584	0.04517	0.02857	0.07832	0.03557	0.08602	0.07406	0.02281	0.02628	0.01723	0.01056	0.00971	0.00315	0.01290	0.00888	0.00609	0.01425
12	0.01332	0.01074	0.01185	0.01157	0.01479	0.00928	0.00868	0.01677	0.02604	0.03318	0.25709	0.09416	0.40531	0.02506	0.01249	0.00349	0.00523	0.02125	0.01043	0.00928
13	0.01350	0.00984	0.01272	0.01393	0.01539	0.00905	0.00971	0.01641	0.02363	0.03197	0.21934	0.40552	0.12195	0.02895	0.01309	0.00393	0.00571	0.02594	0.01039	0.00905
14	0.16291	0.02241	0.07109	0.02188	0.06085	0.01997	0.01786	0.10536	0.02912	0.21069	0.10271	0.04016	0.03276	0.01408	0.01027	0.00336	0.00951	0.04036	0.00980	0.01482
15	0.04487	0.01857	0.02446	0.01914	0.02705	0.01685	0.01569	0.05209	0.09260	0.50594	0.04187	0.03641	0.02691	0.01324	0.01065	0.00331	0.00892	0.01079	0.01280	0.01784
16	0.17851	0.01848	0.02274	0.01783	0.02568	0.01718	0.01472	0.04744	0.02781	0.46536	0.03632	0.03223	0.02323	0.01243	0.00982	0.00327	0.00883	0.00965	0.01178	0.01669
17	0.04744	0.01799	0.02454	0.01881	0.02699	0.01554	0.01554	0.05153	0.03026	0.56979	0.04171	0.03599	0.02617	0.01309	0.01063	0.00327	0.00900	0.01063	0.01309	0.01799
18	0.02953	0.56904	0.05254	0.01912	0.02776	0.10305	0.01835	0.03285	0.02244	0.02499	0.01488	0.01720	0.01357	0.00925	0.00709	0.00231	0.01218	0.00578	0.00463	0.01342

[dist]
# distance from previous block
# <min> <max>
0	1

[block]
# block no. 3 follows, 13 sequences, length 23
# corresponding to MSA columns:
# 197-219
name=unknown_D
#
# <colnr> <probs for GDERKNQSTAVLIFYWHMCP>
#	G	D	E	R	K	N	Q	S	T	A	V	L	I	F	Y	W	H	M	C	P
0	0.02735	0.17433	0.23752	0.02705	0.03824	0.02893	0.09482	0.07457	0.08762	0.07594	0.02342	0.02527	0.01737	0.01061	0.00981	0.00314	0.01327	0.00880	0.00647	0.01546
1	0.03037	0.02694	0.03161	0.07381	0.16489	0.07113	0.02264	0.16640	0.21347	0.04487	0.02907	0.03023	0.02209	0.01218	0.01053	0.00330	0.01147	0.01013	0.00851	0.01636
2	0.62087	0.01946	0.01572	0.01457	0.02062	0.02233	0.01212	0.02998	0.01875	0.04554	0.01967	0.02941	0.01737	0.01214	0.00751	0.00346	0.00837	0.06393	0.00693	0.01125
3	0.02159	0.05203	0.52160	0.03160	0.04673	0.02478	0.08843	0.03352	0.02259	0.03352	0.01922	0.02295	0.01366	0.00993	0.01029	0.00337	0.01585	0.00829	0.00455	0.01549
4	0.01727	0.00957	0.01295	0.01295	0.01295	0.00957	0.00817	0.01436	0.01436	0.01915	0.02384	0.04570	0.02571	0.25335	0.04590	0.44265	0.00957	0.01145	0.00526	0.00526
5	0.02280	0.24626	0.07773	0.02320	0.03041	0.02768	0.10148	0.02979	0.05899	0.02827	0.02262	0.02890	0.01953	0.03236	0.19707	0.00745	0.01801	0.00924	0.00548	0.01271
6	0.01364	0.00979	0.01295	0.01420	0.01550	0.00910	0.00987	0.01664	0.02379	0.03263	0.24082	0.42289	0.08085	0.02891	0.01312	0.00394	0.00571	0.02605	0.01048	0.00910
7	0.02192	0.01879	0.02192	0.01566	0.02506	0.01409	0.01253	0.02662	0.02192	0.03445	0.01879	0.02192	0.01566	0.00783	0.00783	0.00157	0.00783	0.00626	0.00626	0.69305
8	0.01288	0.00920	0.01227	0.01472	0.01534	0.00859	0.00981	0.01472	0.02024	0.02699	0.05828	0.62152	0.06993	0.03312	0.01350	0.00429	0.00613	0.03006	0.00981	0.00859
9	0.07279	0.02315	0.03306	0.07882	0.18818	0.02388	0.05906	0.08907	0.12127	0.11682	0.02742	0.02938	0.02039	0.01114	0.01028	0.00320	0.01109	0.00983	0.00803	0.06313
10	0.03466	0.06186	0.02888	0.02032	0.02886	0.02071	0.04532	0.09966	0.08158	0.23786	0.03046	0.02941	0.02142	0.01118	0.00970	0.00276	0.00959	0.00918	0.00961	0.20697
11	0.02779	0.42500	0.16273	0.02273	0.03323	0.03530	0.06181	0.03352	0.02251	0.06330	0.01790	0.02024	0.01456	0.00951	0.00817	0.00266	0.01257	0.00697	0.00514	0.01435
12	0.03244	0.02428	0.04243	0.07931	0.16776	0.02366	0.18660	0.08468	0.02827	0.18198	0.02674	0.02966	0.01901	0.01064	0.01118	0.00334	0.01333	0.01075	0.00787	0.01604
13	0.01439	0.01096	0.01484	0.07366	0.02127	0.01069	0.01170	0.01808	0.02453	0.03323	0.25593	0.29738	0.12239	0.02568	0.01270	0.00376	0.00642	0.02290	0.01002	0.00949
14	0.02529	0.03392	0.25596	0.15776	0.08753	0.02195	0.05798	0.03372	0.02351	0.11990	0.02547	0.06602	0.01979	0.01207	0.01066	0.00343	0.01346	0.01048	0.00640	0.01470
15	0.11697	0.01941	0.02693	0.26543	0.04593	0.02107	0.02118	0.07036	0.02618	0.24183	0.02758	0.02964	0.01869	0.01159	0.01009	0.00337	0.01123	0.00942	0.00856	0.01454
16	0.01591	0.01153	0.01556	0.01722	0.01958	0.01118	0.01437	0.02034	0.02495	0.03292	0.15123	0.15826	0.10760	0.02801	0.01395	0.00443	0.00819	0.32509	0.01010	0.00961
17	0.02095	0.02429	0.09977	0.45262	0.10532	0.02398	0.06710	0.02870	0.02179	0.02886	0.01909	0.02736	0.01435	0.01030	0.01064	0.00348	0.01444	0.00943	0.00476	0.01277
18	0.14342	0.10920	0.09917	0.10702	0.08604	0.06676	0.02209	0.03723	0.02416	0.17417	0.02353	0.02529	0.01689	0.01075	0.00926	0.00313	0.01182	0.00822	0.00726	0.01458
19	0.03456	0.02345	0.12942	0.01971	0.02799	0.01597	0.01881	0.04046	0.02863	0.33902	0.16025	0.04358	0.04124	0.01453	0.01096	0.00330	0.00934	0.01211	0.01105	0.01562
20	0.01435	0.01048	0.01377	0.01561	0.01733	0.00989	0.01190	0.01755	0.02292	0.03012	0.11074	0.34862	0.12841	0.03003	0.01363	0.00430	0.00707	0.17419	0.00996	0.00912
21	0.03010	0.25252	0.11316	0.02773	0.09552	0.06608	0.06007	0.03561	0.02481	0.12453	0.05565	0.02706	0.02180	0.01084	0.00931	0.00288	0.01223	0.00871	0.00668	0.01473
22	0.03136	0.12092	0.03091	0.17112	0.03850	0.09046	0.01965	0.03799	0.06521	0.18250	0.08091	0.03351	0.02745	0.01248	0.01006	0.00314	0.01144	0.01002	0.00829	0.01406

[dist]
# distance from previous block
# <min> <max>
0	2

[block]
# block no. 4 follows, 13 sequences, length 48
# corresponding to MSA columns:
# 222-269
name=unknown_E
#
# <colnr> <probs for GDERKNQSTAVLIFYWHMCP>
#	G	D	E	R	K	N	Q	S	T	A	V	L	I	F	Y	W	H	M	C	P
0	0.03010	0.08921	0.12122	0.02037	0.02840	0.02251	0.01926	0.10322	0.10682	0.16044	0.10364	0.03697	0.03272	0.01339	0.01014	0.00316	0.00977	0.01079	0.06268	0.01519
1	0.08322	0.02004	0.02985	0.11328	0.03656	0.02156	0.09387	0.03746	0.10376	0.16202	0.06393	0.03491	0.02643	0.01811	0.05715	0.00457	0.05981	0.01103	0.00840	0.01404
2	0.01381	0.00989	0.01318	0.01470	0.01600	0.00927	0.01044	0.01678	0.02331	0.03172	0.19905	0.42762	0.07763	0.02955	0.01329	0.00407	0.00610	0.06418	0.01032	0.00907
3	0.02916	0.58839	0.05339	0.01882	0.02758	0.08503	0.01828	0.03250	0.02216	0.02496	0.01483	0.01713	0.01357	0.00919	0.00700	0.00230	0.01192	0.00575	0.00460	0.01346
4	0.02121	0.05469	0.57364	0.03014	0.04576	0.02455	0.03906	0.03348	0.02232	0.03348	0.01897	0.02232	0.01339	0.01005	0.01005	0.00335	0.01563	0.00781	0.00446	0.01563
5	0.14555	0.01949	0.02516	0.13782	0.03578	0.01987	0.01808	0.08189	0.02803	0.33495	0.03141	0.03054	0.02070	0.01202	0.00996	0.00332	0.01012	0.00951	0.01013	0.01568
6	0.01513	0.01099	0.01402	0.01574	0.01704	0.01091	0.01132	0.01943	0.05974	0.02828	0.05291	0.39066	0.06049	0.12020	0.01957	0.00525	0.00767	0.12217	0.00936	0.00911
7	0.01319	0.00944	0.01255	0.01451	0.01540	0.00880	0.00984	0.01551	0.02170	0.02930	0.13307	0.54013	0.07441	0.03140	0.01334	0.00415	0.00596	0.02842	0.01009	0.00880
8	0.03908	0.03257	0.02889	0.02384	0.03103	0.18541	0.01895	0.24244	0.11503	0.13319	0.02812	0.02742	0.02022	0.01250	0.01032	0.00312	0.01282	0.00930	0.00956	0.01618
9	0.03657	0.03515	0.02822	0.02427	0.03078	0.25383	0.01891	0.15905	0.17970	0.08437	0.02803	0.02765	0.02091	0.01246	0.01021	0.00312	0.01351	0.00920	0.00875	0.01531
10	0.03435	0.01545	0.01963	0.01639	0.02224	0.01416	0.01304	0.04040	0.06803	0.33295	0.08005	0.08787	0.06844	0.01599	0.01057	0.00326	0.00758	0.01337	0.12146	0.01477
11	0.01550	0.01102	0.01479	0.01515	0.01636	0.01186	0.01103	0.01791	0.01744	0.02397	0.03449	0.06441	0.03646	0.29441	0.28476	0.01244	0.01821	0.08497	0.00658	0.00825
12	0.04627	0.01987	0.02570	0.01970	0.02793	0.01833	0.01628	0.12852	0.03341	0.48834	0.03907	0.03427	0.02485	0.01302	0.01062	0.00326	0.00942	0.01045	0.01268	0.01799
13	0.01806	0.00938	0.01408	0.01408	0.01425	0.00956	0.00956	0.01425	0.01408	0.01895	0.01930	0.03302	0.01912	0.04073	0.09257	0.62889	0.01098	0.00938	0.00469	0.00505
14	0.01359	0.01106	0.01224	0.01282	0.01612	0.00971	0.01021	0.01680	0.02416	0.02931	0.09478	0.10598	0.43820	0.02736	0.01300	0.00388	0.00641	0.13545	0.00980	0.00912
15	0.02151	0.02037	0.03450	0.46917	0.19460	0.02390	0.03013	0.02837	0.02187	0.02889	0.01907	0.02769	0.01475	0.01028	0.01055	0.00343	0.01371	0.00940	0.00483	0.01299
16	0.02617	0.02512	0.04292	0.06490	0.56246	0.02512	0.03245	0.03245	0.02407	0.03454	0.01989	0.02617	0.01675	0.00942	0.01047	0.00314	0.01256	0.00942	0.00523	0.01675
17	0.04104	0.02419	0.02763	0.02136	0.02926	0.02523	0.01759	0.32888	0.04106	0.23321	0.03156	0.03002	0.02143	0.01280	0.01035	0.00315	0.01023	0.00992	0.06373	0.01736
18	0.03456	0.20352	0.11913	0.02299	0.03267	0.03271	0.02200	0.27443	0.03604	0.09071	0.02273	0.02340	0.01671	0.01130	0.00943	0.00295	0.01193	0.00826	0.00815	0.01638
19	0.02472	0.10546	0.44363	0.02813	0.04206	0.02741	0.03425	0.10738	0.02635	0.03765	0.01953	0.02228	0.01410	0.01035	0.00982	0.00322	0.01462	0.00787	0.00539	0.01579
20	0.02982	0.55401	0.05189	0.01936	0.02790	0.11704	0.01841	0.03312	0.02266	0.02501	0.01493	0.01725	0.01358	0.00930	0.00716	0.00233	0.01238	0.00581	0.00465	0.01339
21	0.27944	0.02383	0.02916	0.08729	0.19426	0.02621	0.02155	0.14492	0.02743	0.04597	0.01913	0.02285	0.01482	0.01043	0.00905	0.00323	0.01087	0.00807	0.00689	0.01460
22	0.01396	0.01000	0.01217	0.01345	0.01445	0.00946	0.00900	0.01557	0.01956	0.02548	0.05728	0.32408	0.13219	0.22595	0.02658	0.00617	0.00764	0.06028	0.00870	0.00802
23	0.02721	0.54776	0.13315	0.01990	0.02993	0.03924	0.02124	0.03193	0.02161	0.02617	0.01534	0.01777	0.01354	0.00920	0.00727	0.00242	0.01195	0.00598	0.00451	0.01388
24	0.58846	0.02148	0.01771	0.01547	0.02215	0.02477	0.01267	0.07966	0.06160	0.04899	0.01791	0.01967	0.01367	0.01044	0.00725	0.00329	0.00852	0.00656	0.00725	0.01247
25	0.01665	0.01189	0.01659	0.01903	0.02129	0.01183	0.01636	0.02123	0.02395	0.03120	0.05620	0.16648	0.06170	0.02958	0.01450	0.00481	0.00940	0.44794	0.00974	0.00963
26	0.02235	0.01244	0.01650	0.01455	0.01834	0.01124	0.01124	0.02713	0.03000	0.16229	0.43977	0.06921	0.08303	0.01968	0.01205	0.00331	0.00590	0.01719	0.01197	0.01180
27	0.02805	0.02156	0.03726	0.02912	0.03468	0.02291	0.18263	0.03287	0.02305	0.15974	0.02970	0.11775	0.02596	0.01626	0.01847	0.00390	0.18109	0.01376	0.00768	0.01355
28	0.01277	0.00963	0.01183	0.01359	0.01504	0.00868	0.00931	0.01485	0.02133	0.02743	0.07208	0.47458	0.20796	0.03133	0.01321	0.00409	0.00591	0.02787	0.00982	0.00868
29	0.01285	0.00932	0.01215	0.01441	0.01525	0.00861	0.00968	0.01476	0.02054	0.02711	0.06205	0.58133	0.10768	0.03263	0.01342	0.00424	0.00607	0.02946	0.00982	0.00861
30	0.02421	0.02706	0.05779	0.12834	0.05789	0.02625	0.44985	0.03284	0.02438	0.03284	0.02100	0.02847	0.01575	0.00916	0.01219	0.00356	0.01727	0.01202	0.00525	0.01388
31	0.02317	0.02174	0.03603	0.12898	0.37483	0.02289	0.02791	0.02877	0.02307	0.03255	0.05172	0.08958	0.02600	0.01324	0.01250	0.00342	0.05113	0.01202	0.00593	0.01453
32	0.01434	0.01043	0.01323	0.01321	0.01523	0.00962	0.00948	0.01808	0.02626	0.03623	0.37169	0.19119	0.13195	0.07204	0.01592	0.00409	0.00567	0.02136	0.01068	0.00931
33	0.01288	0.00920	0.01227	0.01472	0.01534	0.00859	0.00981	0.01472	0.02024	0.02699	0.05828	0.62152	0.06993	0.03312	0.01350	0.00429	0.00613	0.03006	0.00981	0.00859
34	0.02496	0.02852	0.06239	0.04456	0.05526	0.02674	0.52406	0.03387	0.02496	0.03387	0.02139	0.02852	0.01604	0.00891	0.01248	0.00357	0.01783	0.01248	0.00535	0.01426
35	0.01426	0.01007	0.01300	0.01456	0.01611	0.00946	0.01062	0.01733	0.02284	0.03110	0.13988	0.37918	0.10989	0.02881	0.01301	0.00405	0.00635	0.09554	0.05485	0.00909
36	0.01515	0.01117	0.01617	0.01617	0.01778	0.01277	0.01219	0.01835	0.01675	0.02394	0.02907	0.04569	0.02823	0.16167	0.50661	0.01598	0.02561	0.01194	0.00578	0.00899
37	0.04744	0.01799	0.02454	0.01881	0.02699	0.01554	0.01554	0.05153	0.03026	0.56979	0.04171	0.03599	0.02617	0.01309	0.01063	0.00327	0.00900	0.01063	0.01309	0.01799
38	0.19335	0.01724	0.02010	0.01624	0.02311	0.01650	0.01328	0.04248	0.02614	0.36412	0.03435	0.03223	0.02295	0.01221	0.00917	0.00314	0.00815	0.00938	0.12069	0.01518
39	0.07480	0.01966	0.03302	0.33472	0.09566	0.02212	0.10498	0.02852	0.02190	0.03218	0.02134	0.02890	0.01636	0.01041	0.01008	0.00332	0.01274	0.00968	0.10736	0.01224
40	0.02643	0.03749	0.24857	0.03157	0.04297	0.02604	0.17293	0.15300	0.03037	0.04239	0.06394	0.02937	0.02214	0.01128	0.01107	0.00337	0.01445	0.01048	0.00678	0.01536
41	0.01288	0.00920	0.01227	0.01472	0.01534	0.00859	0.00981	0.01472	0.02024	0.02699	0.05828	0.62152	0.06993	0.03312	0.01350	0.00429	0.00613	0.03006	0.00981	0.00859
42	0.08238	0.14799	0.03270	0.13819	0.07658	0.07034	0.02003	0.10963	0.02679	0.06283	0.02567	0.11309	0.02356	0.01399	0.00983	0.00320	0.01147	0.01132	0.00705	0.01337
43	0.14498	0.12102	0.10864	0.02647	0.07354	0.06435	0.06186	0.06391	0.12064	0.08043	0.02427	0.02563	0.01832	0.01094	0.00936	0.00316	0.01180	0.00865	0.00718	0.01487
44	0.10380	0.02084	0.02463	0.02414	0.09878	0.06118	0.04226	0.02890	0.02341	0.07632	0.03653	0.08153	0.10159	0.01380	0.00978	0.00283	0.00953	0.01160	0.00739	0.22117
45	0.07839	0.03695	0.25079	0.03548	0.11632	0.02484	0.14424	0.06984	0.02486	0.03740	0.01979	0.02409	0.01485	0.00970	0.01025	0.00320	0.01418	0.00895	0.00555	0.07032
46	0.03176	0.02174	0.02614	0.02428	0.07769	0.02226	0.01755	0.08386	0.25588	0.16982	0.03558	0.03368	0.02578	0.01248	0.01025	0.00313	0.00908	0.01036	0.01011	0.11859
47	0.23644	0.02824	0.14705	0.02156	0.03150	0.02084	0.07131	0.03216	0.02173	0.07852	0.01956	0.02227	0.01467	0.00945	0.00861	0.00283	0.01080	0.00741	0.00637	0.20865

[dist]
# distance from previous block
# <min> <max>
0	11

[block]
# block no. 5 follows, 13 sequences, length 8
# corresponding to MSA columns:
# 281-288
name=unknown_F
#
# <colnr> <probs for GDERKNQSTAVLIFYWHMCP>
#	G	D	E	R	K	N	Q	S	T	A	V	L	I	F	Y	W	H	M	C	P
0	0.01394	0.00999	0.01337	0.01511	0.01640	0.00941	0.01091	0.01691	0.02295	0.03102	0.16631	0.43005	0.07508	0.03005	0.01343	0.00417	0.00641	0.09523	0.01020	0.00906
1	0.03120	0.38355	0.04476	0.07615	0.03327	0.22007	0.01992	0.03472	0.02426	0.02541	0.01563	0.01871	0.01363	0.00980	0.00805	0.00253	0.01414	0.00639	0.00485	0.01296
2	0.02819	0.07036	0.13848	0.08610	0.14849	0.02421	0.02531	0.07811	0.08941	0.11580	0.06751	0.03206	0.02544	0.01198	0.01036	0.00325	0.01152	0.01009	0.00775	0.01559
3	0.01391	0.00986	0.01275	0.01381	0.01492	0.00927	0.00937	0.01647	0.02260	0.03092	0.21243	0.36892	0.07476	0.11666	0.01908	0.00486	0.00637	0.02445	0.00989	0.00871
4	0.01307	0.00994	0.01204	0.01319	0.01506	0.00891	0.00926	0.01567	0.02298	0.02986	0.15035	0.36874	0.23415	0.02929	0.01301	0.00391	0.00570	0.02586	0.01009	0.00891
5	0.19598	0.02243	0.10190	0.10938	0.03316	0.01956	0.01952	0.03172	0.02126	0.13835	0.02467	0.02945	0.01879	0.02812	0.15467	0.00678	0.01542	0.00897	0.00701	0.01288
6	0.04327	0.01969	0.02467	0.01913	0.02683	0.01867	0.01574	0.15010	0.03363	0.41254	0.03756	0.03406	0.02452	0.01293	0.01031	0.00317	0.00917	0.01032	0.07646	0.01722
7	0.02895	0.18821	0.22629	0.02598	0.03680	0.07461	0.06524	0.08367	0.06482	0.07647	0.02206	0.02385	0.01649	0.01058	0.00954	0.00304	0.01358	0.00825	0.00635	0.01523

[dist]
# distance from previous block
# <min> <max>
7	15

[block]
# block no. 6 follows, 13 sequences, length 50
# corresponding to MSA columns:
# 305-354
name=unknown_G
#
# <colnr> <probs for GDERKNQSTAVLIFYWHMCP>
#	G	D	E	R	K	N	Q	S	T	A	V	L	I	F	Y	W	H	M	C	P
0	0.38650	0.02594	0.09557	0.02187	0.03020	0.02356	0.09994	0.06185	0.02300	0.07311	0.05208	0.02505	0.01913	0.01078	0.00880	0.00333	0.01077	0.00843	0.00700	0.01310
1	0.02094	0.01460	0.01762	0.01590	0.01956	0.01489	0.01219	0.11235	0.02801	0.06856	0.16549	0.09636	0.13933	0.08158	0.13701	0.00685	0.01193	0.01619	0.00941	0.01123
2	0.25770	0.02710	0.02528	0.02072	0.02804	0.06589	0.01684	0.27173	0.09972	0.05476	0.02346	0.02401	0.01732	0.01183	0.00920	0.00323	0.01058	0.00839	0.00892	0.01528
3	0.14533	0.04846	0.47205	0.02718	0.04115	0.02440	0.03404	0.03305	0.02153	0.03602	0.01820	0.02139	0.01304	0.01000	0.00941	0.00333	0.01427	0.00743	0.00484	0.01487
4	0.03251	0.02737	0.16145	0.02122	0.03067	0.01863	0.02083	0.04222	0.09533	0.26133	0.07435	0.03479	0.02838	0.01256	0.01032	0.00314	0.01013	0.01027	0.00970	0.09483
5	0.08826	0.02621	0.12469	0.02117	0.03062	0.01978	0.02007	0.10254	0.03023	0.37621	0.03375	0.03093	0.02184	0.01225	0.01023	0.00327	0.01045	0.00964	0.01076	0.01710
6	0.01494	0.01019	0.01227	0.01310	0.01350	0.01005	0.00830	0.01588	0.01745	0.02319	0.04160	0.20694	0.04827	0.42476	0.04016	0.00827	0.00921	0.06708	0.00756	0.00727
7	0.01922	0.01330	0.01709	0.01800	0.02087	0.01348	0.01438	0.02716	0.10633	0.06894	0.08663	0.24065	0.05914	0.02638	0.01327	0.00429	0.00814	0.22137	0.01027	0.01109
8	0.02550	0.03709	0.26947	0.08450	0.15723	0.02408	0.12279	0.03465	0.02388	0.08756	0.02190	0.02612	0.01594	0.01006	0.01068	0.00335	0.01458	0.00941	0.00568	0.01555
9	0.15916	0.15423	0.10388	0.01930	0.02838	0.02383	0.01853	0.04115	0.02509	0.28644	0.02799	0.02668	0.01909	0.01122	0.00899	0.00307	0.01024	0.00830	0.00891	0.01554
10	0.01281	0.00948	0.01198	0.01399	0.01514	0.00865	0.00949	0.01480	0.02094	0.02728	0.06716	0.52691	0.15880	0.03197	0.01331	0.00416	0.00599	0.02865	0.00982	0.00865
11	0.02445	0.02754	0.05928	0.10110	0.05704	0.02641	0.47398	0.03317	0.02457	0.03317	0.02113	0.02849	0.01585	0.00908	0.01228	0.00356	0.01745	0.01217	0.00528	0.01401
12	0.02057	0.01925	0.03297	0.35416	0.14953	0.02158	0.06561	0.02725	0.02357	0.03172	0.11714	0.03709	0.03032	0.01224	0.01105	0.00342	0.01246	0.01142	0.00611	0.01253
13	0.02089	0.01908	0.03168	0.37015	0.17879	0.02181	0.02785	0.02736	0.02241	0.02963	0.02582	0.04429	0.02323	0.01369	0.01128	0.00368	0.01294	0.09712	0.00574	0.01256
14	0.01704	0.01217	0.01704	0.01947	0.02191	0.01217	0.01704	0.02191	0.02434	0.03164	0.05598	0.11926	0.06085	0.02921	0.01460	0.00487	0.00974	0.49130	0.00974	0.00974
15	0.02121	0.05469	0.57364	0.03014	0.04576	0.02455	0.03906	0.03348	0.02232	0.03348	0.01897	0.02232	0.01339	0.01005	0.01005	0.00335	0.01563	0.00781	0.00446	0.01563
16	0.29161	0.02292	0.06551	0.05237	0.02782	0.02393	0.01772	0.06084	0.05175	0.07707	0.02374	0.08359	0.02076	0.01448	0.01365	0.00365	0.11854	0.01014	0.00721	0.01269
17	0.01556	0.01149	0.01464	0.01403	0.01658	0.01099	0.01044	0.02199	0.06532	0.04097	0.47001	0.13110	0.09196	0.02227	0.01245	0.00344	0.00534	0.01972	0.01139	0.01031
18	0.02088	0.01212	0.01603	0.01430	0.01783	0.01099	0.01099	0.02570	0.02999	0.13839	0.46311	0.07115	0.08637	0.02006	0.01214	0.00332	0.00572	0.01758	0.01190	0.01144
19	0.01288	0.00920	0.01227	0.01472	0.01534	0.00859	0.00981	0.01472	0.02024	0.02699	0.05828	0.62152	0.06993	0.03312	0.01350	0.00429	0.00613	0.03006	0.00981	0.00859
20	0.37181	0.02920	0.02877	0.02337	0.03063	0.14444	0.10754	0.08418	0.02501	0.04234	0.01736	0.02047	0.01341	0.01017	0.00867	0.00320	0.01259	0.00757	0.00650	0.01279
21	0.13852	0.01125	0.01286	0.01457	0.01627	0.01134	0.01011	0.01770	0.01983	0.03071	0.05035	0.51152	0.05929	0.02888	0.01223	0.00411	0.00651	0.02563	0.00922	0.00911
22	0.02785	0.02195	0.03500	0.02559	0.03489	0.01921	0.17075	0.03573	0.06571	0.13249	0.02569	0.02790	0.01901	0.00964	0.01000	0.00265	0.01116	0.00942	0.00758	0.30779
23	0.04131	0.03355	0.02991	0.02417	0.03170	0.19083	0.01936	0.29932	0.04042	0.14634	0.02572	0.02547	0.01820	0.01224	0.01028	0.00306	0.01332	0.00893	0.00954	0.01632
24	0.70310	0.02045	0.01554	0.01390	0.02045	0.02372	0.01145	0.03108	0.01799	0.04744	0.01472	0.01718	0.01145	0.00981	0.00654	0.00327	0.00818	0.00573	0.00654	0.01145
25	0.04019	0.02962	0.03173	0.02433	0.03279	0.03279	0.02010	0.52721	0.04971	0.06663	0.02538	0.02538	0.01798	0.01269	0.01058	0.00317	0.01163	0.00952	0.01058	0.01798
26	0.01690	0.01446	0.02526	0.02201	0.02550	0.01568	0.10620	0.02161	0.01844	0.02624	0.02706	0.03917	0.02454	0.06649	0.48203	0.01455	0.02641	0.01154	0.00561	0.01032
27	0.04744	0.01799	0.02454	0.01881	0.02699	0.01554	0.01554	0.05153	0.03026	0.56979	0.04171	0.03599	0.02617	0.01309	0.01063	0.00327	0.00900	0.01063	0.01309	0.01799
28	0.02496	0.02852	0.06239	0.04456	0.05526	0.02674	0.52406	0.03387	0.02496	0.03387	0.02139	0.02852	0.01604	0.00891	0.01248	0.00357	0.01783	0.01248	0.00535	0.01426
29	0.01997	0.01879	0.03171	0.60301	0.07282	0.02349	0.02936	0.02701	0.02114	0.02701	0.01879	0.02819	0.01409	0.01057	0.01057	0.00352	0.01409	0.00940	0.00470	0.01175
30	0.01496	0.01081	0.01413	0.01330	0.01580	0.00998	0.00998	0.01995	0.02993	0.04240	0.55689	0.07898	0.09976	0.02162	0.01247	0.00333	0.00499	0.01912	0.01164	0.00998
31	0.02496	0.02852	0.06239	0.04456	0.05526	0.02674	0.52406	0.03387	0.02496	0.03387	0.02139	0.02852	0.01604	0.00891	0.01248	0.00357	0.01783	0.01248	0.00535	0.01426
32	0.04108	0.01667	0.02202	0.01734	0.02468	0.01434	0.01417	0.04491	0.02914	0.47127	0.05362	0.04796	0.12301	0.01558	0.01097	0.00333	0.00833	0.01276	0.01249	0.01634
33	0.02121	0.05469	0.57364	0.03014	0.04576	0.02455	0.03906	0.03348	0.02232	0.03348	0.01897	0.02232	0.01339	0.01005	0.01005	0.00335	0.01563	0.00781	0.00446	0.01563
34	0.01510	0.01133	0.01699	0.01699	0.01888	0.01322	0.01322	0.01888	0.01699	0.02454	0.02832	0.04154	0.02643	0.07930	0.58652	0.01699	0.02832	0.01133	0.00566	0.00944
35	0.01288	0.00920	0.01227	0.01472	0.01534	0.00859	0.00981	0.01472	0.02024	0.02699	0.05828	0.62152	0.06993	0.03312	0.01350	0.00429	0.00613	0.03006	0.00981	0.00859
36	0.02859	0.02972	0.04056	0.05804	0.46603	0.12721	0.03026	0.03423	0.02515	0.03297	0.01924	0.02488	0.01618	0.00969	0.01030	0.00306	0.01375	0.00895	0.00527	0.01593
37	0.02121	0.05469	0.57364	0.03014	0.04576	0.02455	0.03906	0.03348	0.02232	0.03348	0.01897	0.02232	0.01339	0.01005	0.01005	0.00335	0.01563	0.00781	0.00446	0.01563
38	0.01598	0.01069	0.01377	0.01426	0.01650	0.00977	0.01044	0.01934	0.02495	0.06709	0.23363	0.29937	0.14153	0.02685	0.01290	0.00384	0.00604	0.05265	0.01064	0.00977
39	0.02211	0.04931	0.47703	0.03646	0.13981	0.02466	0.03786	0.03330	0.02264	0.03368	0.01914	0.02302	0.01400	0.00993	0.01012	0.00331	0.01507	0.00811	0.00460	0.01583
40	0.03137	0.15874	0.13996	0.02230	0.03154	0.02796	0.02159	0.10082	0.17445	0.14070	0.02996	0.02900	0.02175	0.01194	0.00973	0.00315	0.01092	0.00926	0.00862	0.01623
41	0.01997	0.01879	0.03171	0.60301	0.07282	0.02349	0.02936	0.02701	0.02114	0.02701	0.01879	0.02819	0.01409	0.01057	0.01057	0.00352	0.01409	0.00940	0.00470	0.01175
42	0.18239	0.01870	0.02180	0.01739	0.02478	0.01797	0.01427	0.08122	0.02858	0.36432	0.04131	0.03782	0.07626	0.01375	0.00995	0.00329	0.00866	0.01069	0.01117	0.01569
43	0.02363	0.02257	0.03931	0.05371	0.41153	0.02228	0.07810	0.02937	0.02347	0.03310	0.02703	0.13477	0.02636	0.01368	0.01122	0.00339	0.01192	0.01349	0.00608	0.01501
44	0.07655	0.03614	0.18585	0.02402	0.03381	0.12458	0.02359	0.10114	0.02953	0.22227	0.02688	0.02652	0.01829	0.01156	0.01001	0.00318	0.01303	0.00869	0.00849	0.01587
45	0.02789	0.01353	0.01804	0.01568	0.01993	0.01239	0.01198	0.03151	0.02634	0.24837	0.19931	0.10058	0.05393	0.10416	0.06280	0.00538	0.00923	0.01547	0.01091	0.01257
46	0.01535	0.01034	0.01197	0.01197	0.01212	0.01049	0.00695	0.01565	0.01550	0.02082	0.03292	0.06699	0.03749	0.58478	0.09615	0.01079	0.01169	0.01505	0.00635	0.00665
47	0.03452	0.02462	0.03780	0.07752	0.17174	0.02488	0.10564	0.16645	0.03227	0.17633	0.02696	0.02895	0.01913	0.01119	0.01088	0.00328	0.01240	0.01025	0.00858	0.01662
48	0.03230	0.14279	0.17488	0.02719	0.03728	0.12899	0.09733	0.07061	0.02719	0.12975	0.02264	0.02437	0.01646	0.01058	0.00988	0.00305	0.01436	0.00856	0.00674	0.01504
49	0.02916	0.01667	0.02402	0.02272	0.06714	0.01560	0.04858	0.06747	0.02772	0.22244	0.08714	0.18096	0.07585	0.01963	0.01190	0.00363	0.00889	0.04623	0.01050	0.01377

[dist]
# distance from previous block
# <min> <max>
0	10

# created by:
# /st0/software/busco_prod/Augustus/scripts/msa2prfl.pl ./align_prep/5280.fa
