[name]
unknown

[dist]
# distance from previous block
# <min> <max>
0	387

[block]
# block no. 0 follows, 10 sequences, length 38
# corresponding to MSA columns:
# 403-440
name=unknown_A
#
# <colnr> <probs for GDERKNQSTAVLIFYWHMCP>
#	G	D	E	R	K	N	Q	S	T	A	V	L	I	F	Y	W	H	M	C	P
0	0.02496	0.02084	0.03663	0.31513	0.06046	0.02291	0.10692	0.03200	0.02526	0.08142	0.03159	0.09190	0.02775	0.01581	0.01273	0.00408	0.01442	0.05438	0.00727	0.01358
1	0.01610	0.06714	0.01805	0.01539	0.01797	0.01329	0.01131	0.01908	0.02509	0.03275	0.14789	0.34871	0.16455	0.03030	0.01372	0.00416	0.00690	0.02670	0.01059	0.01031
2	0.02519	0.09405	0.23062	0.10322	0.05100	0.03075	0.13291	0.03424	0.02374	0.03353	0.01999	0.02650	0.01560	0.01240	0.01621	0.00390	0.11564	0.01002	0.00520	0.01529
3	0.16944	0.19412	0.08551	0.07625	0.03662	0.03321	0.02203	0.13120	0.03037	0.08912	0.02229	0.02440	0.01677	0.01166	0.00944	0.00329	0.01232	0.00828	0.00774	0.01593
4	0.19708	0.07678	0.02415	0.01778	0.02459	0.02166	0.01486	0.03982	0.06484	0.18171	0.04262	0.04747	0.07154	0.01598	0.01036	0.00361	0.00914	0.04829	0.07293	0.01479
5	0.01924	0.01347	0.02005	0.01954	0.02260	0.01240	0.05441	0.02264	0.02473	0.07640	0.06541	0.37906	0.12244	0.03068	0.01443	0.00451	0.00848	0.06774	0.01067	0.01113
6	0.03374	0.13254	0.09993	0.12813	0.04216	0.02889	0.02539	0.03949	0.02552	0.18219	0.02656	0.02949	0.01933	0.01377	0.01590	0.00374	0.11969	0.00975	0.00791	0.01590
7	0.02662	0.02544	0.04110	0.10005	0.26770	0.02634	0.08599	0.03915	0.12670	0.03878	0.03616	0.04004	0.06693	0.01331	0.01208	0.00370	0.01302	0.01268	0.00747	0.01675
8	0.03076	0.01471	0.01854	0.01630	0.02149	0.01329	0.01306	0.03553	0.02971	0.22060	0.13806	0.06680	0.10830	0.01948	0.01192	0.00362	0.00766	0.05589	0.16026	0.01404
9	0.02590	0.01866	0.02601	0.07623	0.03237	0.01907	0.05811	0.07721	0.08786	0.10134	0.05315	0.23801	0.09054	0.02314	0.01321	0.00412	0.01004	0.02066	0.01046	0.01390
10	0.08210	0.02621	0.04016	0.13411	0.15299	0.02766	0.10980	0.13466	0.03200	0.04497	0.03256	0.03704	0.06753	0.01327	0.01185	0.00368	0.01377	0.01211	0.00765	0.01590
11	0.01900	0.01170	0.01499	0.01499	0.01737	0.01279	0.01152	0.02375	0.02138	0.03471	0.03435	0.04459	0.02942	0.05249	0.29199	0.01116	0.01902	0.01170	0.31248	0.01060
12	0.02374	0.05726	0.48441	0.03475	0.05139	0.02725	0.08666	0.03687	0.02485	0.03687	0.02114	0.02524	0.01503	0.01092	0.01132	0.00371	0.01743	0.00911	0.00501	0.01704
13	0.03109	0.59826	0.06095	0.01990	0.02985	0.04602	0.01990	0.03483	0.02363	0.02736	0.01617	0.01866	0.01493	0.00995	0.00746	0.00249	0.01244	0.00622	0.00498	0.01493
14	0.02481	0.10020	0.29580	0.03056	0.08249	0.02567	0.03162	0.03436	0.02450	0.03629	0.02043	0.02420	0.01579	0.01018	0.01003	0.00298	0.01395	0.00802	0.00556	0.20255
15	0.14974	0.01588	0.01836	0.01890	0.02281	0.01652	0.01514	0.03015	0.06771	0.08086	0.05071	0.21966	0.05288	0.02611	0.01322	0.00455	0.00906	0.16506	0.01047	0.01222
16	0.03807	0.01620	0.02198	0.01902	0.02493	0.01426	0.01476	0.04166	0.02920	0.34229	0.05265	0.24151	0.04665	0.02258	0.01286	0.00402	0.00873	0.01963	0.01306	0.01595
17	0.02499	0.02750	0.05705	0.10904	0.05741	0.02644	0.36027	0.03366	0.02680	0.03555	0.03531	0.04170	0.08129	0.01256	0.01346	0.00392	0.01732	0.01469	0.00643	0.01458
18	0.04427	0.03086	0.16519	0.02411	0.03535	0.01981	0.02419	0.05124	0.03089	0.39243	0.03903	0.03546	0.02494	0.01348	0.01152	0.00362	0.01190	0.01085	0.01179	0.01908
19	0.02599	0.01730	0.02332	0.16729	0.03784	0.01876	0.01885	0.08670	0.02865	0.08857	0.03982	0.15161	0.03685	0.01921	0.01188	0.00383	0.01028	0.05029	0.14979	0.01317
20	0.05218	0.01979	0.02699	0.02069	0.02969	0.01709	0.01709	0.05668	0.03329	0.52677	0.04588	0.03959	0.02879	0.01439	0.01170	0.00360	0.00990	0.01170	0.01439	0.01979
21	0.02073	0.01441	0.02140	0.16734	0.03643	0.01522	0.01835	0.02500	0.02423	0.08045	0.05003	0.31904	0.05395	0.02686	0.01380	0.00446	0.00998	0.07714	0.00960	0.01160
22	0.04430	0.03184	0.08251	0.02574	0.03575	0.02996	0.02282	0.31942	0.04579	0.19398	0.03214	0.03078	0.02174	0.01379	0.01159	0.00354	0.01244	0.01062	0.01172	0.01952
23	0.02003	0.01265	0.01679	0.01605	0.01920	0.01167	0.01231	0.02506	0.03130	0.09197	0.37733	0.13644	0.09421	0.02491	0.01385	0.00392	0.00656	0.06151	0.01256	0.01168
24	0.01736	0.01285	0.01681	0.01844	0.02141	0.01230	0.01558	0.02220	0.02749	0.03555	0.13079	0.12137	0.17064	0.03049	0.01526	0.00483	0.00899	0.29612	0.01099	0.01055
25	0.02412	0.02067	0.02412	0.01723	0.02756	0.01550	0.01378	0.02929	0.02412	0.03790	0.02067	0.02412	0.01723	0.00861	0.00861	0.00172	0.00861	0.00689	0.00689	0.66236
26	0.01440	0.01056	0.01353	0.01543	0.01678	0.00969	0.01057	0.01698	0.02416	0.03205	0.12754	0.46031	0.13734	0.03394	0.01456	0.00449	0.00648	0.03045	0.01105	0.00969
27	0.03575	0.19834	0.16568	0.02388	0.03538	0.02950	0.02466	0.07990	0.02939	0.17821	0.02730	0.02743	0.01947	0.01175	0.01005	0.00314	0.01264	0.00882	0.00840	0.07031
28	0.08163	0.02964	0.14387	0.39517	0.06822	0.02612	0.03288	0.03171	0.02323	0.03335	0.02031	0.02847	0.01507	0.01142	0.01110	0.00381	0.01529	0.00958	0.00530	0.01384
29	0.01417	0.01012	0.01350	0.01619	0.01687	0.00945	0.01080	0.01619	0.02227	0.02969	0.06410	0.58367	0.07692	0.03644	0.01484	0.00472	0.00675	0.03306	0.01080	0.00945
30	0.02390	0.03415	0.18882	0.28715	0.12285	0.02671	0.03476	0.03561	0.06731	0.03470	0.02332	0.02986	0.01746	0.01166	0.01145	0.00377	0.01523	0.01006	0.00577	0.01545
31	0.15811	0.02409	0.07651	0.02674	0.09039	0.02012	0.02038	0.04261	0.02760	0.26287	0.03712	0.10289	0.02923	0.01571	0.01117	0.00373	0.01055	0.01295	0.01054	0.01667
32	0.03468	0.03935	0.24446	0.09545	0.04596	0.02571	0.03092	0.11810	0.03200	0.17650	0.02892	0.03007	0.01956	0.01254	0.01140	0.00365	0.01422	0.00999	0.00871	0.01781
33	0.12691	0.02038	0.02504	0.01982	0.02783	0.01932	0.01623	0.09043	0.03358	0.36119	0.09914	0.04175	0.03603	0.01507	0.01137	0.00360	0.00951	0.01206	0.01300	0.01775
34	0.09887	0.07378	0.08088	0.08584	0.10041	0.02695	0.06593	0.04008	0.02599	0.17512	0.02675	0.02969	0.01940	0.01294	0.01440	0.00375	0.08471	0.01012	0.00808	0.01630
35	0.03188	0.04484	0.31657	0.02880	0.04221	0.02614	0.03258	0.08698	0.09016	0.14041	0.02999	0.03033	0.02072	0.01261	0.01134	0.00368	0.01427	0.00999	0.00836	0.01812
36	0.12695	0.02521	0.07531	0.02177	0.03137	0.02092	0.01949	0.09057	0.03269	0.37806	0.03808	0.03446	0.02456	0.01358	0.01106	0.00360	0.01075	0.01060	0.01232	0.01863
37	0.03158	0.01845	0.02458	0.02485	0.08598	0.01782	0.01695	0.09204	0.03328	0.17864	0.17813	0.10359	0.05474	0.01864	0.01227	0.00362	0.00880	0.01610	0.06464	0.01530

[dist]
# distance from previous block
# <min> <max>
5	22

[block]
# block no. 1 follows, 10 sequences, length 26
# corresponding to MSA columns:
# 469-494
name=unknown_B
#
# <colnr> <probs for GDERKNQSTAVLIFYWHMCP>
#	G	D	E	R	K	N	Q	S	T	A	V	L	I	F	Y	W	H	M	C	P
0	0.11854	0.02832	0.10994	0.07387	0.03699	0.02203	0.02178	0.07810	0.02843	0.15712	0.02670	0.02814	0.01898	0.01144	0.01012	0.00311	0.01143	0.00888	0.00863	0.19746
1	0.01651	0.01261	0.01600	0.01644	0.01939	0.01087	0.01150	0.01928	0.02270	0.03162	0.05388	0.45192	0.06287	0.02989	0.01338	0.00402	0.00719	0.02690	0.00988	0.16318
2	0.14857	0.02724	0.02745	0.02213	0.03006	0.07784	0.01794	0.18378	0.03781	0.20933	0.07447	0.03480	0.02912	0.01426	0.01099	0.00351	0.01140	0.01082	0.01132	0.01716
3	0.02739	0.03373	0.20368	0.17188	0.05066	0.02311	0.06748	0.03571	0.02493	0.11691	0.02742	0.03629	0.02126	0.08883	0.01794	0.00475	0.01491	0.01113	0.00697	0.01501
4	0.02507	0.03965	0.24410	0.14313	0.11611	0.02739	0.07379	0.03945	0.10329	0.03757	0.02559	0.03012	0.01908	0.01175	0.01159	0.00376	0.01529	0.01038	0.00631	0.01658
5	0.02911	0.46048	0.18130	0.02329	0.03510	0.04115	0.02581	0.03534	0.02387	0.02979	0.01737	0.02017	0.01488	0.01023	0.00838	0.00279	0.01365	0.00683	0.00496	0.01550
6	0.03422	0.01954	0.06375	0.01918	0.02603	0.01488	0.01639	0.03862	0.02877	0.28358	0.06009	0.18131	0.11967	0.02192	0.01274	0.00393	0.00909	0.01871	0.01213	0.01543
7	0.01542	0.01509	0.06322	0.01736	0.01954	0.01138	0.01340	0.01828	0.02178	0.02943	0.05629	0.46233	0.06633	0.10778	0.02038	0.00549	0.00836	0.02856	0.00973	0.00987
8	0.03085	0.01490	0.01953	0.01712	0.02229	0.01314	0.01326	0.03494	0.03024	0.24550	0.17812	0.16275	0.12298	0.02291	0.01307	0.00387	0.00765	0.01978	0.01284	0.01428
9	0.02278	0.02253	0.04304	0.12906	0.08416	0.02243	0.21075	0.02968	0.02580	0.03502	0.09319	0.09624	0.03780	0.07384	0.01793	0.00467	0.01448	0.01604	0.00726	0.01330
10	0.14337	0.04028	0.19310	0.03203	0.08189	0.11094	0.06172	0.03883	0.02652	0.08529	0.02538	0.03344	0.02028	0.01293	0.01097	0.00367	0.01507	0.04177	0.00699	0.01553
11	0.01493	0.01066	0.01437	0.01706	0.01807	0.01010	0.01211	0.01751	0.02301	0.03054	0.06368	0.50862	0.07527	0.03572	0.01505	0.00483	0.00740	0.10063	0.01078	0.00966
12	0.02048	0.01173	0.01573	0.01694	0.01900	0.01072	0.01184	0.02291	0.02410	0.11214	0.06108	0.49342	0.06894	0.03278	0.01432	0.00454	0.00727	0.02952	0.01139	0.01116
13	0.13546	0.02515	0.03795	0.12639	0.10816	0.02708	0.09893	0.08299	0.02833	0.12830	0.02533	0.02956	0.01856	0.01254	0.01365	0.00380	0.06338	0.01050	0.00798	0.01596
14	0.02020	0.01010	0.01515	0.01515	0.01515	0.01010	0.01010	0.01515	0.01515	0.02020	0.02020	0.03535	0.02020	0.04040	0.04545	0.66162	0.01010	0.01010	0.00505	0.00505
15	0.01691	0.01128	0.01268	0.01268	0.01268	0.01128	0.00705	0.01691	0.01691	0.02255	0.03665	0.07611	0.04228	0.59126	0.05920	0.01128	0.01128	0.01691	0.00705	0.00705
16	0.02879	0.02763	0.04721	0.07139	0.51871	0.02763	0.03569	0.03569	0.02648	0.03800	0.02188	0.02879	0.01842	0.01036	0.01151	0.00345	0.01382	0.01036	0.00576	0.01842
17	0.13549	0.02842	0.08042	0.07403	0.03852	0.02883	0.06890	0.11033	0.10349	0.04466	0.02594	0.03047	0.02027	0.02024	0.06247	0.00525	0.08869	0.01049	0.00778	0.01532
18	0.02884	0.19784	0.32445	0.02859	0.04255	0.03354	0.03341	0.10980	0.02931	0.04038	0.02080	0.02355	0.01562	0.01124	0.01020	0.00334	0.01520	0.00828	0.00604	0.01702
19	0.01687	0.01143	0.01348	0.01348	0.01376	0.01171	0.00804	0.01743	0.01715	0.02314	0.03592	0.07206	0.04053	0.52423	0.12383	0.01226	0.01392	0.01632	0.00694	0.00749
20	0.01691	0.01128	0.01268	0.01268	0.01268	0.01128	0.00705	0.01691	0.01691	0.02255	0.03665	0.07611	0.04228	0.59126	0.05920	0.01128	0.01128	0.01691	0.00705	0.00705
21	0.03523	0.02846	0.03399	0.08502	0.08195	0.03251	0.02376	0.25374	0.15260	0.05578	0.03022	0.03183	0.02262	0.01440	0.01400	0.00378	0.06111	0.01107	0.00992	0.01801
22	0.02020	0.01010	0.01515	0.01515	0.01515	0.01010	0.01010	0.01515	0.01515	0.02020	0.02020	0.03535	0.02020	0.04040	0.04545	0.66162	0.01010	0.01010	0.00505	0.00505
23	0.01978	0.01435	0.01738	0.01688	0.02030	0.01459	0.01322	0.03016	0.11436	0.04460	0.29097	0.08062	0.07866	0.02236	0.01302	0.00386	0.00701	0.08783	0.09780	0.01225
24	0.14110	0.35175	0.04620	0.02157	0.03031	0.12745	0.01936	0.08207	0.02776	0.03635	0.01768	0.02004	0.01504	0.01085	0.00836	0.00286	0.01337	0.00688	0.00620	0.01479
25	0.03196	0.02558	0.03457	0.08752	0.19100	0.02766	0.02536	0.08669	0.21847	0.09442	0.03496	0.03587	0.02619	0.01338	0.01168	0.00371	0.01163	0.01162	0.00954	0.01818

[dist]
# distance from previous block
# <min> <max>
0	1

[block]
# block no. 2 follows, 10 sequences, length 14
# corresponding to MSA columns:
# 496-509
name=unknown_C
#
# <colnr> <probs for GDERKNQSTAVLIFYWHMCP>
#	G	D	E	R	K	N	Q	S	T	A	V	L	I	F	Y	W	H	M	C	P
0	0.02715	0.01785	0.02202	0.01765	0.02530	0.01430	0.01369	0.03140	0.02546	0.13219	0.03654	0.16752	0.03448	0.01673	0.01078	0.00285	0.00840	0.01440	0.00935	0.37194
1	0.02911	0.02510	0.02471	0.01932	0.02779	0.10177	0.01517	0.03389	0.02768	0.08710	0.08863	0.03357	0.03041	0.01178	0.00992	0.00238	0.01035	0.00937	0.00830	0.40365
2	0.02168	0.01084	0.01084	0.01084	0.01355	0.01084	0.00813	0.02710	0.02439	0.04336	0.03794	0.04336	0.02981	0.01355	0.00813	0.00271	0.00542	0.01084	0.65583	0.01084
3	0.12066	0.03171	0.12767	0.06254	0.03768	0.02687	0.02431	0.14012	0.03169	0.13652	0.02592	0.02785	0.01853	0.01303	0.01323	0.00359	0.06616	0.00942	0.00873	0.07378
4	0.03419	0.01969	0.02950	0.21050	0.04615	0.02167	0.02289	0.03958	0.02628	0.23637	0.03204	0.03599	0.02283	0.02378	0.08575	0.00587	0.07117	0.01117	0.00915	0.01543
5	0.02195	0.01892	0.09610	0.01450	0.01958	0.01349	0.01384	0.02870	0.02442	0.04229	0.03514	0.04028	0.02734	0.01314	0.00861	0.00287	0.00735	0.01047	0.54914	0.01188
6	0.48180	0.09997	0.02447	0.01728	0.02475	0.02922	0.01453	0.03880	0.09864	0.04828	0.02130	0.02288	0.01666	0.01150	0.00799	0.00351	0.00949	0.00741	0.00766	0.01386
7	0.29915	0.01856	0.01712	0.01506	0.02081	0.02018	0.01209	0.07620	0.02613	0.09020	0.02854	0.03132	0.02155	0.01251	0.00837	0.00323	0.00800	0.00897	0.26883	0.01318
8	0.09337	0.02448	0.02942	0.02872	0.09501	0.02582	0.02013	0.16082	0.12495	0.15720	0.03743	0.08914	0.02976	0.01592	0.01160	0.00373	0.01066	0.01316	0.01102	0.01766
9	0.08942	0.20092	0.08825	0.02268	0.03110	0.07145	0.05119	0.03737	0.02519	0.12644	0.02638	0.03380	0.02204	0.10643	0.01779	0.00450	0.01315	0.00990	0.00746	0.01453
10	0.02987	0.02842	0.07524	0.02486	0.03250	0.02835	0.02140	0.12414	0.33233	0.05016	0.04306	0.04791	0.03411	0.01668	0.01215	0.00399	0.01071	0.05536	0.01103	0.01774
11	0.02377	0.02018	0.02600	0.15883	0.03906	0.02321	0.02019	0.07669	0.13901	0.04113	0.12053	0.08714	0.09066	0.01900	0.01466	0.00398	0.05675	0.01570	0.00954	0.01398
12	0.03247	0.02432	0.03809	0.10097	0.04317	0.02488	0.13802	0.14607	0.03309	0.12058	0.03317	0.09209	0.02805	0.07059	0.01710	0.00455	0.01371	0.01440	0.00919	0.01553
13	0.08805	0.07954	0.11610	0.02653	0.03530	0.02608	0.09898	0.07781	0.09805	0.04131	0.04066	0.11145	0.07730	0.01695	0.01177	0.00380	0.01224	0.01479	0.00836	0.01494

[dist]
# distance from previous block
# <min> <max>
1	20

[block]
# block no. 3 follows, 10 sequences, length 21
# corresponding to MSA columns:
# 530-550
name=unknown_D
#
# <colnr> <probs for GDERKNQSTAVLIFYWHMCP>
#	G	D	E	R	K	N	Q	S	T	A	V	L	I	F	Y	W	H	M	C	P
0	0.02806	0.02379	0.07959	0.02000	0.02596	0.07172	0.01730	0.03358	0.03079	0.15119	0.24297	0.11994	0.06615	0.02037	0.01273	0.00370	0.00967	0.01740	0.01128	0.01380
1	0.11643	0.02691	0.09235	0.02659	0.03683	0.02150	0.10175	0.04827	0.02966	0.32678	0.03551	0.03396	0.02327	0.01276	0.01146	0.00367	0.01238	0.01107	0.01093	0.01792
2	0.02304	0.01953	0.02297	0.01711	0.02641	0.01485	0.01346	0.02787	0.02392	0.03701	0.02537	0.08459	0.02368	0.01162	0.00929	0.00205	0.00841	0.00972	0.00731	0.59180
3	0.03206	0.09932	0.03578	0.02544	0.03286	0.03010	0.06426	0.20814	0.12576	0.05056	0.03676	0.13904	0.03314	0.01779	0.01197	0.00373	0.01156	0.01519	0.01008	0.01646
4	0.03482	0.02740	0.08540	0.02480	0.03552	0.02143	0.07255	0.09657	0.03103	0.17843	0.02898	0.02980	0.02056	0.01131	0.01071	0.00294	0.01170	0.00966	0.00926	0.25713
5	0.02451	0.14891	0.38527	0.09898	0.05059	0.03017	0.03758	0.03557	0.02423	0.03427	0.02003	0.02436	0.01487	0.01093	0.01050	0.00350	0.01614	0.00840	0.00496	0.01625
6	0.02530	0.19649	0.41191	0.02979	0.04515	0.03183	0.03713	0.03632	0.02432	0.03443	0.01968	0.02306	0.01478	0.01077	0.01014	0.00338	0.01598	0.00799	0.00493	0.01662
7	0.08840	0.01868	0.02673	0.14133	0.09334	0.01905	0.02052	0.03621	0.02636	0.19548	0.03968	0.17251	0.03550	0.01860	0.01206	0.00393	0.01068	0.01618	0.00986	0.01490
8	0.09744	0.02490	0.08419	0.02420	0.03358	0.01974	0.07212	0.04659	0.03043	0.32390	0.08761	0.04021	0.03316	0.01418	0.01168	0.00365	0.01126	0.01211	0.01158	0.01746
9	0.21068	0.02244	0.02694	0.02318	0.02626	0.02817	0.01888	0.03192	0.02009	0.09269	0.02139	0.03064	0.01897	0.07770	0.02856	0.00515	0.28646	0.00998	0.00698	0.01291
10	0.39115	0.09217	0.07972	0.02247	0.06626	0.02649	0.01839	0.03236	0.02162	0.04359	0.02332	0.09288	0.02184	0.01399	0.00898	0.00361	0.01039	0.01031	0.00704	0.01343
11	0.04971	0.02035	0.02692	0.02101	0.02975	0.01835	0.01723	0.05723	0.08270	0.47589	0.04604	0.03999	0.02950	0.01454	0.01171	0.00364	0.00982	0.01185	0.01412	0.01965
12	0.29180	0.03077	0.03033	0.02430	0.03264	0.08235	0.05427	0.22530	0.03656	0.05762	0.02194	0.02393	0.01629	0.01218	0.00993	0.00352	0.01265	0.00878	0.00886	0.01598
13	0.02126	0.01954	0.03240	0.49278	0.07204	0.02393	0.02956	0.02872	0.02450	0.03189	0.08390	0.03819	0.02762	0.01319	0.01190	0.00385	0.01422	0.01171	0.00615	0.01267
14	0.01859	0.01412	0.01738	0.01617	0.01957	0.01403	0.01224	0.02874	0.11216	0.04698	0.43326	0.07946	0.09708	0.02241	0.01340	0.00371	0.00612	0.01969	0.01264	0.01224
15	0.02333	0.06016	0.53100	0.03315	0.05034	0.02701	0.04297	0.03683	0.02455	0.03683	0.02087	0.02455	0.01473	0.01105	0.01105	0.00368	0.01719	0.00859	0.00491	0.01719
16	0.01918	0.01169	0.01558	0.01634	0.01850	0.01072	0.01158	0.02235	0.02616	0.09208	0.17163	0.39844	0.07931	0.03076	0.01420	0.00433	0.00681	0.02762	0.01171	0.01103
17	0.01891	0.01551	0.02179	0.02050	0.02163	0.01923	0.01581	0.02183	0.01811	0.02636	0.02822	0.04662	0.02821	0.17061	0.31999	0.01377	0.16371	0.01277	0.00610	0.01031
18	0.08576	0.02068	0.02858	0.22973	0.04717	0.02391	0.02283	0.03803	0.08634	0.12589	0.08536	0.03907	0.03124	0.01488	0.01417	0.00391	0.06728	0.01182	0.00876	0.01459
19	0.02168	0.01084	0.01084	0.01084	0.01355	0.01084	0.00813	0.02710	0.02439	0.04336	0.03794	0.04336	0.02981	0.01355	0.00813	0.00271	0.00542	0.01084	0.65583	0.01084
20	0.20930	0.02554	0.02643	0.02105	0.02961	0.02698	0.01717	0.18844	0.08919	0.11212	0.02794	0.02803	0.02031	0.01250	0.00998	0.00330	0.01034	0.00922	0.01001	0.12253

[dist]
# distance from previous block
# <min> <max>
0	2

[block]
# block no. 4 follows, 10 sequences, length 14
# corresponding to MSA columns:
# 553-555,558-561,565-571
name=unknown_E
#
# <colnr> <probs for GDERKNQSTAVLIFYWHMCP>
#	G	D	E	R	K	N	Q	S	T	A	V	L	I	F	Y	W	H	M	C	P
0	0.18599	0.02262	0.03094	0.02400	0.03278	0.02206	0.08505	0.04919	0.07235	0.30247	0.03599	0.03406	0.02410	0.01303	0.01100	0.00368	0.01109	0.01092	0.01126	0.01743
1	0.02168	0.01084	0.01084	0.01084	0.01355	0.01084	0.00813	0.02710	0.02439	0.04336	0.03794	0.04336	0.02981	0.01355	0.00813	0.00271	0.00542	0.01084	0.65583	0.01084
2	0.52173	0.02219	0.01878	0.01642	0.02327	0.02519	0.01339	0.07980	0.02519	0.05370	0.08171	0.02865	0.02593	0.01281	0.00851	0.00359	0.00894	0.00865	0.00839	0.01315
3	0.11523	0.01985	0.02546	0.02521	0.08921	0.01935	0.01750	0.04497	0.07278	0.26079	0.08791	0.04143	0.03479	0.01447	0.01098	0.00353	0.00930	0.01190	0.07858	0.01675
4	0.03329	0.02466	0.06736	0.02470	0.03250	0.02229	0.06619	0.09689	0.12872	0.17446	0.09893	0.10037	0.04188	0.01738	0.01246	0.00382	0.01079	0.01523	0.01136	0.01671
5	0.02705	0.02460	0.02409	0.02228	0.02761	0.07559	0.01698	0.04986	0.33701	0.04408	0.10278	0.11265	0.04753	0.01890	0.01230	0.00391	0.00962	0.01598	0.01124	0.01592
6	0.02196	0.02067	0.03488	0.56331	0.08010	0.02584	0.03230	0.02972	0.02326	0.02972	0.02067	0.03101	0.01550	0.01163	0.01163	0.00388	0.01550	0.01034	0.00517	0.01292
7	0.01691	0.01128	0.01268	0.01268	0.01268	0.01128	0.00705	0.01691	0.01691	0.02255	0.03665	0.07611	0.04228	0.59126	0.05920	0.01128	0.01128	0.01691	0.00705	0.00705
8	0.02412	0.02067	0.02412	0.01723	0.02756	0.01550	0.01378	0.02929	0.02412	0.03790	0.02067	0.02412	0.01723	0.00861	0.00861	0.00172	0.00861	0.00689	0.00689	0.66236
9	0.02196	0.02067	0.03488	0.56331	0.08010	0.02584	0.03230	0.02972	0.02326	0.02972	0.02067	0.03101	0.01550	0.01163	0.01163	0.00388	0.01550	0.01034	0.00517	0.01292
10	0.01661	0.01246	0.01869	0.01869	0.02077	0.01454	0.01454	0.02077	0.01869	0.02700	0.03115	0.04569	0.02908	0.08723	0.54517	0.01869	0.03115	0.01246	0.00623	0.01038
11	0.04167	0.05170	0.03214	0.02919	0.03525	0.48136	0.02197	0.04832	0.08993	0.03094	0.02158	0.02372	0.01750	0.01245	0.01065	0.00311	0.01953	0.00818	0.00671	0.01409
12	0.03352	0.40587	0.10088	0.02332	0.03343	0.10318	0.02279	0.09406	0.02887	0.03438	0.01838	0.02072	0.01554	0.01083	0.00873	0.00280	0.01399	0.00716	0.00595	0.01560
13	0.03066	0.02047	0.02479	0.01804	0.02806	0.01587	0.01455	0.03568	0.02626	0.15194	0.02655	0.02773	0.01992	0.00996	0.00933	0.00216	0.00891	0.00801	0.00864	0.51246

[dist]
# distance from previous block
# <min> <max>
0	27

[block]
# block no. 5 follows, 10 sequences, length 21
# corresponding to MSA columns:
# 599-619
name=unknown_F
#
# <colnr> <probs for GDERKNQSTAVLIFYWHMCP>
#	G	D	E	R	K	N	Q	S	T	A	V	L	I	F	Y	W	H	M	C	P
0	0.58975	0.09749	0.02281	0.01589	0.02345	0.02869	0.01355	0.03427	0.02029	0.04895	0.01619	0.01886	0.01290	0.01069	0.00723	0.00345	0.00945	0.00629	0.00691	0.01290
1	0.01471	0.01071	0.01391	0.01571	0.01685	0.01033	0.01071	0.01691	0.02174	0.02884	0.06287	0.41463	0.11377	0.09573	0.08808	0.00709	0.01027	0.02792	0.00984	0.00938
2	0.02511	0.10790	0.26536	0.14307	0.05015	0.02940	0.03290	0.04022	0.12173	0.03663	0.02573	0.02912	0.01920	0.01202	0.01091	0.00364	0.01462	0.00963	0.00640	0.01626
3	0.04915	0.02047	0.02690	0.02108	0.02976	0.01864	0.01727	0.05735	0.09378	0.46449	0.04607	0.04008	0.02966	0.01458	0.01171	0.00364	0.00981	0.01189	0.01406	0.01961
4	0.02196	0.02067	0.03488	0.56331	0.08010	0.02584	0.03230	0.02972	0.02326	0.02972	0.02067	0.03101	0.01550	0.01163	0.01163	0.00388	0.01550	0.01034	0.00517	0.01292
5	0.01873	0.01546	0.02505	0.02275	0.02521	0.01720	0.06892	0.02199	0.02008	0.02828	0.03476	0.16192	0.03604	0.05427	0.25516	0.07410	0.08579	0.01676	0.00697	0.01056
6	0.02568	0.01512	0.01804	0.01604	0.02091	0.01426	0.01246	0.03376	0.08865	0.14783	0.21357	0.07286	0.17069	0.02109	0.01251	0.00365	0.00700	0.01786	0.07446	0.01354
7	0.02250	0.01714	0.02138	0.02056	0.02339	0.01867	0.01586	0.11477	0.03006	0.04083	0.09573	0.29678	0.05993	0.02809	0.01697	0.00448	0.07477	0.07532	0.01049	0.01227
8	0.03109	0.59826	0.06095	0.01990	0.02985	0.04602	0.01990	0.03483	0.02363	0.02736	0.01617	0.01866	0.01493	0.00995	0.00746	0.00249	0.01244	0.00622	0.00498	0.01493
9	0.01982	0.01210	0.01744	0.01702	0.01737	0.01314	0.01207	0.01749	0.01807	0.02488	0.07633	0.09488	0.03484	0.03587	0.03814	0.44818	0.07528	0.01358	0.00646	0.00703
10	0.03318	0.02795	0.08929	0.02397	0.03210	0.02550	0.02097	0.11062	0.24321	0.13789	0.04278	0.09262	0.03367	0.01676	0.01199	0.00386	0.01058	0.01395	0.01132	0.01780
11	0.03109	0.59826	0.06095	0.01990	0.02985	0.04602	0.01990	0.03483	0.02363	0.02736	0.01617	0.01866	0.01493	0.00995	0.00746	0.00249	0.01244	0.00622	0.00498	0.01493
12	0.02545	0.02545	0.03562	0.03053	0.03053	0.03562	0.02545	0.02799	0.01781	0.02799	0.01527	0.02545	0.01527	0.02036	0.03817	0.00509	0.56997	0.01018	0.00509	0.01272
13	0.01612	0.01188	0.01508	0.01428	0.01717	0.01083	0.01071	0.02129	0.03212	0.04474	0.46332	0.09000	0.16018	0.02449	0.01372	0.00369	0.00554	0.02147	0.01255	0.01083
14	0.02020	0.01010	0.01515	0.01515	0.01515	0.01010	0.01010	0.01515	0.01515	0.02020	0.02020	0.03535	0.02020	0.04040	0.04545	0.66162	0.01010	0.01010	0.00505	0.00505
15	0.03233	0.02068	0.02356	0.02052	0.02682	0.02202	0.01612	0.05218	0.28004	0.16377	0.10084	0.04759	0.04202	0.01615	0.01163	0.00370	0.00853	0.01348	0.08096	0.01706
16	0.02333	0.06016	0.53100	0.03315	0.05034	0.02701	0.04297	0.03683	0.02455	0.03683	0.02087	0.02455	0.01473	0.01105	0.01105	0.00368	0.01719	0.00859	0.00491	0.01719
17	0.01686	0.01185	0.01511	0.01483	0.01719	0.01196	0.01099	0.02094	0.02469	0.03527	0.19543	0.07057	0.11927	0.10997	0.18441	0.00917	0.01423	0.01706	0.09004	0.01016
18	0.01793	0.01148	0.01673	0.01673	0.01782	0.01258	0.01208	0.01832	0.01722	0.02406	0.02790	0.04559	0.02747	0.12989	0.31021	0.24653	0.02132	0.01215	0.00591	0.00809
19	0.04068	0.02993	0.03238	0.02552	0.03381	0.03293	0.02077	0.42535	0.05087	0.06817	0.03218	0.09333	0.02650	0.01661	0.01201	0.00364	0.01209	0.01313	0.01154	0.01856
20	0.02490	0.03046	0.12793	0.02536	0.03330	0.02572	0.02380	0.03381	0.07246	0.03562	0.02179	0.02668	0.01804	0.01366	0.01901	0.00344	0.19230	0.00896	0.00644	0.25633

[dist]
# distance from previous block
# <min> <max>
0	5

[block]
# block no. 6 follows, 10 sequences, length 53
# corresponding to MSA columns:
# 625-677
name=unknown_G
#
# <colnr> <probs for GDERKNQSTAVLIFYWHMCP>
#	G	D	E	R	K	N	Q	S	T	A	V	L	I	F	Y	W	H	M	C	P
0	0.03557	0.02523	0.03349	0.16949	0.04528	0.02947	0.02459	0.17235	0.03361	0.14143	0.02666	0.03050	0.01940	0.01489	0.01772	0.00398	0.14044	0.01061	0.00896	0.01634
1	0.02244	0.02204	0.04206	0.03304	0.04042	0.02040	0.23626	0.02915	0.02579	0.03513	0.03962	0.17564	0.04037	0.01994	0.01389	0.00414	0.01386	0.09715	0.00801	0.08063
2	0.17790	0.02770	0.03373	0.26611	0.05491	0.09269	0.06752	0.07947	0.02728	0.03990	0.02031	0.02666	0.01541	0.01155	0.01066	0.00367	0.01480	0.00938	0.00647	0.01388
3	0.02194	0.01974	0.03261	0.51101	0.07380	0.02442	0.03001	0.02947	0.02336	0.03101	0.02231	0.03218	0.01686	0.01181	0.01130	0.00377	0.01455	0.01038	0.06676	0.01272
4	0.02020	0.01010	0.01515	0.01515	0.01515	0.01010	0.01010	0.01515	0.01515	0.02020	0.02020	0.03535	0.02020	0.04040	0.04545	0.66162	0.01010	0.01010	0.00505	0.00505
5	0.01583	0.01194	0.01479	0.01516	0.01803	0.01090	0.01171	0.02019	0.02883	0.03829	0.26961	0.15370	0.21773	0.02825	0.01426	0.00415	0.00667	0.09790	0.01163	0.01043
6	0.02545	0.02545	0.03562	0.03053	0.03053	0.03562	0.02545	0.02799	0.01781	0.02799	0.01527	0.02545	0.01527	0.02036	0.03817	0.00509	0.56997	0.01018	0.00509	0.01272
7	0.02078	0.01199	0.01522	0.01554	0.01820	0.01126	0.01158	0.02493	0.02674	0.08889	0.15859	0.24914	0.06771	0.02560	0.01282	0.00396	0.00683	0.05900	0.15992	0.01130
8	0.03109	0.59826	0.06095	0.01990	0.02985	0.04602	0.01990	0.03483	0.02363	0.02736	0.01617	0.01866	0.01493	0.00995	0.00746	0.00249	0.01244	0.00622	0.00498	0.01493
9	0.03201	0.02535	0.02835	0.02097	0.03090	0.02358	0.01705	0.20628	0.03612	0.05180	0.02352	0.02561	0.01823	0.01071	0.00980	0.00242	0.01026	0.00830	0.00875	0.40998
10	0.02168	0.01084	0.01084	0.01084	0.01355	0.01084	0.00813	0.02710	0.02439	0.04336	0.03794	0.04336	0.02981	0.01355	0.00813	0.00271	0.00542	0.01084	0.65583	0.01084
11	0.02333	0.06016	0.53100	0.03315	0.05034	0.02701	0.04297	0.03683	0.02455	0.03683	0.02087	0.02455	0.01473	0.01105	0.01105	0.00368	0.01719	0.00859	0.00491	0.01719
12	0.04832	0.02415	0.02752	0.02203	0.03041	0.07335	0.01782	0.05627	0.09217	0.41438	0.04317	0.03814	0.02821	0.01432	0.01159	0.00358	0.01096	0.01144	0.01320	0.01896
13	0.04617	0.02266	0.02809	0.02182	0.03025	0.02194	0.01791	0.17529	0.03943	0.34598	0.08914	0.04113	0.03459	0.01524	0.01189	0.00357	0.01028	0.01231	0.01343	0.01887
14	0.02068	0.01237	0.01562	0.01542	0.01750	0.01272	0.01125	0.02380	0.02119	0.06756	0.03874	0.06422	0.03774	0.23602	0.17019	0.01029	0.01521	0.05815	0.14126	0.01007
15	0.03109	0.59826	0.06095	0.01990	0.02985	0.04602	0.01990	0.03483	0.02363	0.02736	0.01617	0.01866	0.01493	0.00995	0.00746	0.00249	0.01244	0.00622	0.00498	0.01493
16	0.02801	0.03145	0.10528	0.05357	0.30635	0.02801	0.07160	0.04200	0.13515	0.04024	0.02778	0.03185	0.02183	0.01165	0.01173	0.00364	0.01369	0.01108	0.00706	0.01802
17	0.02412	0.02067	0.02412	0.01723	0.02756	0.01550	0.01378	0.02929	0.02412	0.03790	0.02067	0.02412	0.01723	0.00861	0.00861	0.00172	0.00861	0.00689	0.00689	0.66236
18	0.01515	0.01145	0.01619	0.08519	0.02484	0.01151	0.01351	0.01790	0.02239	0.02969	0.05863	0.51398	0.06918	0.03331	0.01444	0.00462	0.00785	0.03020	0.01009	0.00988
19	0.01417	0.01012	0.01350	0.01619	0.01687	0.00945	0.01080	0.01619	0.02227	0.02969	0.06410	0.58367	0.07692	0.03644	0.01484	0.00472	0.00675	0.03306	0.01080	0.00945
20	0.01661	0.01246	0.01869	0.01869	0.02077	0.01454	0.01454	0.02077	0.01869	0.02700	0.03115	0.04569	0.02908	0.08723	0.54517	0.01869	0.03115	0.01246	0.00623	0.01038
21	0.02596	0.05668	0.46844	0.03234	0.04854	0.02815	0.04034	0.09271	0.02835	0.04143	0.02176	0.02498	0.01537	0.01142	0.01112	0.00366	0.01663	0.00883	0.00576	0.01752
22	0.03981	0.02656	0.09825	0.02762	0.03762	0.02047	0.12290	0.04673	0.02995	0.30455	0.03687	0.03623	0.02461	0.01285	0.01170	0.00359	0.01254	0.01167	0.07786	0.01761
23	0.67341	0.02249	0.01709	0.01529	0.02249	0.02609	0.01260	0.03419	0.01979	0.05218	0.01619	0.01889	0.01260	0.01080	0.00720	0.00360	0.00900	0.00630	0.00720	0.01260
24	0.02020	0.01010	0.01515	0.01515	0.01515	0.01010	0.01010	0.01515	0.01515	0.02020	0.02020	0.03535	0.02020	0.04040	0.04545	0.66162	0.01010	0.01010	0.00505	0.00505
25	0.60933	0.02231	0.01884	0.06920	0.02816	0.02607	0.01453	0.03375	0.02013	0.04997	0.01663	0.02009	0.01288	0.01088	0.00763	0.00363	0.00964	0.00670	0.00700	0.01263
26	0.02879	0.02763	0.04721	0.07139	0.51871	0.02763	0.03569	0.03569	0.02648	0.03800	0.02188	0.02879	0.01842	0.01036	0.01151	0.00345	0.01382	0.01036	0.00576	0.01842
27	0.03226	0.02823	0.08646	0.18856	0.20903	0.02637	0.03063	0.09371	0.03011	0.12231	0.02625	0.03069	0.01917	0.01191	0.01155	0.00362	0.01382	0.01042	0.00771	0.01719
28	0.01597	0.01245	0.01894	0.01884	0.02097	0.01197	0.04849	0.01953	0.02422	0.03312	0.14046	0.37851	0.07225	0.03839	0.08183	0.00623	0.01064	0.02666	0.01020	0.01035
29	0.12101	0.03125	0.03035	0.02457	0.03245	0.08032	0.01982	0.33673	0.04501	0.06209	0.02905	0.08079	0.02403	0.01558	0.01128	0.00358	0.01249	0.01188	0.01046	0.01726
30	0.01634	0.01201	0.01727	0.01762	0.01925	0.01348	0.01312	0.01970	0.01892	0.02678	0.03603	0.11778	0.03681	0.14434	0.41661	0.01598	0.02555	0.01564	0.00691	0.00984
31	0.01618	0.01188	0.01516	0.01434	0.01721	0.01086	0.01076	0.02141	0.03227	0.04509	0.47233	0.08943	0.15095	0.02436	0.01372	0.00369	0.00553	0.02139	0.01260	0.01086
32	0.01534	0.01178	0.01364	0.01321	0.01618	0.01051	0.00966	0.01918	0.02854	0.03765	0.29454	0.09654	0.27645	0.08407	0.01837	0.00455	0.00625	0.02212	0.01136	0.01008
33	0.05117	0.02141	0.02799	0.02146	0.03050	0.01950	0.01773	0.11038	0.03600	0.46924	0.04361	0.03811	0.02765	0.01434	0.01169	0.00358	0.01026	0.01154	0.01404	0.01979
34	0.02961	0.01648	0.02040	0.01734	0.02195	0.01586	0.01312	0.08816	0.03210	0.17251	0.21722	0.06431	0.06123	0.15050	0.02337	0.00537	0.00892	0.01626	0.01176	0.01354
35	0.46191	0.08473	0.02575	0.01841	0.02638	0.03046	0.01554	0.13673	0.02821	0.05445	0.01889	0.02094	0.01449	0.01144	0.00825	0.00346	0.01023	0.00725	0.00799	0.01449
36	0.02246	0.02062	0.07410	0.11154	0.03418	0.01754	0.01943	0.03126	0.07586	0.08572	0.15740	0.07108	0.15777	0.02061	0.01289	0.00392	0.00974	0.05049	0.01011	0.01329
37	0.03147	0.10199	0.08559	0.02546	0.03096	0.08293	0.02251	0.07843	0.02566	0.08125	0.02138	0.02734	0.01776	0.01934	0.02452	0.11457	0.17903	0.00940	0.00673	0.01367
38	0.67341	0.02249	0.01709	0.01529	0.02249	0.02609	0.01260	0.03419	0.01979	0.05218	0.01619	0.01889	0.01260	0.01080	0.00720	0.00360	0.00900	0.00630	0.00720	0.01260
39	0.02193	0.01303	0.01622	0.01499	0.01863	0.01168	0.01114	0.02580	0.02897	0.12304	0.25403	0.12710	0.17689	0.08239	0.01811	0.00458	0.00705	0.02084	0.01187	0.01172
40	0.03054	0.01682	0.02098	0.01808	0.02329	0.01631	0.01394	0.04014	0.11648	0.20240	0.22451	0.06225	0.06252	0.07813	0.01743	0.00448	0.00822	0.01609	0.01255	0.01483
41	0.03109	0.59826	0.06095	0.01990	0.02985	0.04602	0.01990	0.03483	0.02363	0.02736	0.01617	0.01866	0.01493	0.00995	0.00746	0.00249	0.01244	0.00622	0.00498	0.01493
42	0.01804	0.01355	0.01691	0.01578	0.01901	0.01325	0.01192	0.02700	0.09189	0.04689	0.45355	0.08136	0.10032	0.02276	0.01348	0.00369	0.00596	0.02003	0.01268	0.01192
43	0.03090	0.02539	0.02680	0.02317	0.03010	0.02862	0.01828	0.15344	0.34769	0.05257	0.05005	0.04682	0.08067	0.01676	0.01198	0.00384	0.00969	0.01369	0.01168	0.01785
44	0.02542	0.02046	0.03225	0.34673	0.11929	0.02279	0.02718	0.03231	0.02467	0.07268	0.02463	0.03202	0.01859	0.01159	0.01096	0.00347	0.01312	0.01016	0.07386	0.07783
45	0.02196	0.02067	0.03488	0.56331	0.08010	0.02584	0.03230	0.02972	0.02326	0.02972	0.02067	0.03101	0.01550	0.01163	0.01163	0.00388	0.01550	0.01034	0.00517	0.01292
46	0.01661	0.01246	0.01869	0.01869	0.02077	0.01454	0.01454	0.02077	0.01869	0.02700	0.03115	0.04569	0.02908	0.08723	0.54517	0.01869	0.03115	0.01246	0.00623	0.01038
47	0.03455	0.02693	0.03361	0.02724	0.03533	0.02934	0.07685	0.15080	0.29193	0.10243	0.03988	0.03805	0.02907	0.01448	0.01201	0.00381	0.01138	0.01248	0.01131	0.01851
48	0.03285	0.02364	0.03875	0.19984	0.17182	0.02457	0.07416	0.04164	0.06319	0.16657	0.03002	0.03371	0.02153	0.01217	0.01185	0.00371	0.01353	0.01127	0.00836	0.01685
49	0.02890	0.21445	0.04892	0.08874	0.12866	0.08560	0.09914	0.03473	0.02611	0.03221	0.02477	0.03823	0.02263	0.01317	0.01104	0.00345	0.01484	0.06350	0.00611	0.01481
50	0.02148	0.08696	0.02450	0.01896	0.02084	0.01897	0.01494	0.02115	0.01837	0.02477	0.02523	0.04370	0.02527	0.04115	0.12191	0.31744	0.08508	0.05469	0.00583	0.00877
51	0.03056	0.20176	0.09369	0.22354	0.05137	0.03256	0.02691	0.09168	0.02844	0.08232	0.02263	0.02700	0.01705	0.01162	0.01031	0.00336	0.01387	0.00905	0.00678	0.01549
52	0.02626	0.09728	0.32383	0.02684	0.04005	0.02473	0.03145	0.03615	0.02640	0.08826	0.08539	0.03343	0.02849	0.01269	0.01090	0.00338	0.01374	0.01012	0.00708	0.07351

[dist]
# distance from previous block
# <min> <max>
0	3

[block]
# block no. 7 follows, 10 sequences, length 7
# corresponding to MSA columns:
# 681-687
name=unknown_H
#
# <colnr> <probs for GDERKNQSTAVLIFYWHMCP>
#	G	D	E	R	K	N	Q	S	T	A	V	L	I	F	Y	W	H	M	C	P
0	0.03078	0.02276	0.03198	0.23036	0.09336	0.02431	0.02463	0.07832	0.08948	0.12070	0.02906	0.03254	0.02120	0.01227	0.01121	0.00345	0.01234	0.01043	0.00844	0.11239
1	0.02075	0.01902	0.03154	0.47788	0.07023	0.02328	0.02894	0.02760	0.02310	0.02971	0.02745	0.11731	0.02509	0.01550	0.01213	0.00401	0.01414	0.01388	0.00605	0.01238
2	0.02196	0.02067	0.03488	0.56331	0.08010	0.02584	0.03230	0.02972	0.02326	0.02972	0.02067	0.03101	0.01550	0.01163	0.01163	0.00388	0.01550	0.01034	0.00517	0.01292
3	0.18968	0.10477	0.09822	0.02408	0.03292	0.07281	0.06015	0.04076	0.09186	0.08515	0.06815	0.03212	0.02700	0.01289	0.01022	0.00350	0.01230	0.01008	0.00817	0.01516
4	0.01874	0.09667	0.10231	0.06192	0.02916	0.01871	0.01898	0.02373	0.02421	0.03133	0.05918	0.23560	0.14909	0.02513	0.01290	0.00408	0.00997	0.05779	0.00866	0.01184
5	0.01707	0.01800	0.08299	0.01727	0.02164	0.01288	0.01515	0.02316	0.03044	0.04316	0.38997	0.14296	0.09302	0.02374	0.01351	0.00380	0.00719	0.02096	0.01151	0.01159
6	0.02736	0.07265	0.03189	0.02254	0.03058	0.02323	0.05748	0.12668	0.03005	0.04222	0.02770	0.07923	0.02488	0.02481	0.09398	0.00530	0.01420	0.01147	0.00792	0.24582

[dist]
# distance from previous block
# <min> <max>
5	10

[block]
# block no. 8 follows, 10 sequences, length 36
# corresponding to MSA columns:
# 698-733
name=unknown_I
#
# <colnr> <probs for GDERKNQSTAVLIFYWHMCP>
#	G	D	E	R	K	N	Q	S	T	A	V	L	I	F	Y	W	H	M	C	P
0	0.08384	0.08199	0.09371	0.22193	0.17962	0.08215	0.03054	0.03468	0.02500	0.03433	0.01994	0.02650	0.01584	0.01104	0.01066	0.00350	0.01497	0.00914	0.00554	0.01507
1	0.02480	0.01720	0.02648	0.12526	0.03617	0.01839	0.05480	0.03142	0.05507	0.10955	0.03615	0.10260	0.03254	0.09683	0.17022	0.00895	0.01761	0.01480	0.00827	0.01289
2	0.01435	0.01058	0.01345	0.01532	0.01674	0.00967	0.01050	0.01690	0.02411	0.03182	0.12176	0.45389	0.15040	0.03394	0.01455	0.00448	0.00647	0.03039	0.01102	0.00967
3	0.09113	0.10887	0.03365	0.11674	0.03810	0.02569	0.02070	0.04380	0.02735	0.27292	0.03133	0.03174	0.02162	0.01356	0.01343	0.00363	0.06938	0.01003	0.00979	0.01652
4	0.09724	0.07927	0.13036	0.11278	0.04283	0.03238	0.02723	0.15119	0.03044	0.04446	0.02074	0.02559	0.01610	0.01364	0.01598	0.00384	0.12403	0.00925	0.00702	0.01565
5	0.01873	0.01315	0.01630	0.01694	0.01965	0.01318	0.01312	0.02648	0.07939	0.04001	0.18553	0.19001	0.07184	0.02587	0.01340	0.00416	0.00737	0.11888	0.11460	0.01139
6	0.03202	0.03148	0.02772	0.02501	0.03146	0.13891	0.01928	0.05853	0.39858	0.04435	0.04108	0.03861	0.03113	0.01497	0.01155	0.00374	0.01171	0.01194	0.01059	0.01736
7	0.14952	0.03251	0.14511	0.02657	0.03724	0.02531	0.07308	0.09164	0.07004	0.18931	0.03073	0.03071	0.02113	0.01257	0.01098	0.00367	0.01271	0.01026	0.00953	0.01736
8	0.07915	0.02468	0.08578	0.23507	0.05242	0.02267	0.07534	0.03454	0.02665	0.11155	0.10314	0.03962	0.03252	0.01366	0.01178	0.00376	0.01316	0.01212	0.00801	0.01439
9	0.01525	0.01200	0.01634	0.09647	0.02602	0.01195	0.01361	0.01829	0.02322	0.03002	0.06781	0.41264	0.15037	0.03144	0.01416	0.00445	0.00788	0.02809	0.00996	0.01003
10	0.02284	0.02238	0.04028	0.48107	0.07701	0.02641	0.10332	0.03092	0.02393	0.03092	0.02113	0.03107	0.01585	0.01134	0.01196	0.00388	0.01616	0.01088	0.00528	0.01336
11	0.04590	0.02473	0.02942	0.02312	0.03183	0.02508	0.01891	0.19350	0.11442	0.30461	0.04035	0.03645	0.02697	0.01448	0.01170	0.00362	0.01072	0.01153	0.01310	0.01957
12	0.19766	0.08469	0.03168	0.19709	0.04437	0.02749	0.02212	0.03651	0.02376	0.13223	0.02335	0.02759	0.01726	0.01274	0.01298	0.00373	0.07384	0.00909	0.00747	0.01438
13	0.01650	0.01109	0.01474	0.01637	0.01784	0.01051	0.01204	0.01774	0.02226	0.02886	0.06191	0.28261	0.13142	0.03532	0.02207	0.15795	0.00825	0.11434	0.00944	0.00875
14	0.03023	0.11644	0.03680	0.02372	0.03283	0.02708	0.06742	0.15723	0.03286	0.04529	0.02695	0.08477	0.02399	0.01344	0.01051	0.00291	0.01141	0.01133	0.00823	0.23656
15	0.12551	0.02095	0.02713	0.02121	0.02934	0.01957	0.06238	0.03859	0.07884	0.13825	0.10681	0.03927	0.03564	0.01340	0.01071	0.00315	0.00963	0.01140	0.00979	0.19843
16	0.03216	0.09491	0.13177	0.02619	0.03729	0.02625	0.07249	0.08753	0.07132	0.11935	0.02770	0.02898	0.02029	0.01149	0.01061	0.00311	0.01258	0.00960	0.00833	0.16805
17	0.02246	0.02947	0.13602	0.20157	0.09331	0.02391	0.12816	0.03072	0.02495	0.03361	0.03532	0.08630	0.07321	0.01503	0.01247	0.00389	0.01484	0.01420	0.00640	0.01418
18	0.01941	0.01746	0.02783	0.38704	0.05966	0.02061	0.02518	0.02542	0.02339	0.02989	0.04035	0.15829	0.08184	0.01886	0.01254	0.00406	0.01260	0.01673	0.00698	0.01184
19	0.03050	0.03453	0.11311	0.07940	0.09154	0.13369	0.06555	0.03863	0.05914	0.08849	0.03231	0.12111	0.02878	0.01602	0.01202	0.00373	0.01463	0.01387	0.00783	0.01511
20	0.02417	0.09307	0.18129	0.02683	0.08169	0.02178	0.02447	0.03157	0.02769	0.08087	0.15287	0.05419	0.11838	0.01707	0.01182	0.00355	0.01113	0.01425	0.00863	0.01467
21	0.01594	0.01040	0.01421	0.01570	0.01655	0.00984	0.01066	0.01687	0.02231	0.03019	0.12557	0.37635	0.06894	0.03534	0.02180	0.15777	0.00733	0.02578	0.00978	0.00867
22	0.02355	0.02942	0.17028	0.11190	0.04230	0.02000	0.07219	0.03092	0.02530	0.08777	0.04458	0.16793	0.08584	0.01932	0.01267	0.00400	0.01269	0.01720	0.00812	0.01403
23	0.17975	0.02016	0.02789	0.02807	0.10498	0.02000	0.05716	0.03527	0.02843	0.14160	0.18246	0.04744	0.04828	0.01551	0.01144	0.00362	0.00975	0.01339	0.01008	0.01472
24	0.02255	0.02181	0.03848	0.50848	0.07804	0.02622	0.07965	0.03052	0.02370	0.03052	0.02098	0.03105	0.01573	0.01143	0.01185	0.00388	0.01594	0.01070	0.00524	0.01321
25	0.03307	0.51146	0.05647	0.02151	0.03083	0.12574	0.02031	0.03668	0.02512	0.02754	0.01646	0.01903	0.01493	0.01028	0.00795	0.00257	0.01380	0.00642	0.00514	0.01469
26	0.03024	0.02623	0.14655	0.02168	0.02975	0.01677	0.02100	0.03663	0.02871	0.20961	0.13110	0.16078	0.05076	0.02003	0.01259	0.00387	0.01020	0.01724	0.01098	0.01529
27	0.03158	0.11916	0.14638	0.02203	0.03096	0.02203	0.02182	0.03772	0.02773	0.19390	0.08826	0.13361	0.04040	0.01779	0.01164	0.00365	0.01098	0.01486	0.00987	0.01564
28	0.02487	0.16676	0.43788	0.03052	0.04628	0.03078	0.03840	0.03643	0.02437	0.03496	0.01994	0.02339	0.01477	0.01083	0.01034	0.00345	0.01625	0.00812	0.00492	0.01674
29	0.02968	0.02254	0.03965	0.34469	0.06528	0.02460	0.11456	0.03711	0.02627	0.14063	0.02677	0.03297	0.01884	0.01189	0.01205	0.00382	0.01506	0.01129	0.00734	0.01497
30	0.02679	0.02380	0.10699	0.07077	0.03534	0.01791	0.06148	0.03356	0.02855	0.14410	0.15016	0.11328	0.05245	0.01963	0.01304	0.00399	0.01115	0.06256	0.01017	0.01429
31	0.02526	0.04357	0.29718	0.09288	0.05162	0.02679	0.12248	0.07423	0.02837	0.04020	0.06379	0.03221	0.02392	0.01221	0.01192	0.00373	0.01609	0.01102	0.00640	0.01612
32	0.01671	0.07620	0.02057	0.06311	0.02368	0.01489	0.01363	0.01941	0.02250	0.02943	0.05510	0.47408	0.06483	0.03139	0.01375	0.00440	0.00812	0.02816	0.00967	0.01035
33	0.09432	0.01853	0.02404	0.02691	0.10246	0.01817	0.01769	0.06656	0.02711	0.08276	0.04246	0.22764	0.04387	0.02211	0.01239	0.00393	0.00955	0.06443	0.00956	0.08551
34	0.08368	0.02455	0.03111	0.16213	0.04383	0.08009	0.06854	0.07257	0.03004	0.08350	0.10629	0.04929	0.03767	0.01604	0.01217	0.00383	0.01312	0.05893	0.00872	0.01390
35	0.02642	0.01829	0.02382	0.01914	0.02588	0.01640	0.05031	0.06905	0.02764	0.08446	0.03515	0.12081	0.03128	0.01540	0.01044	0.00295	0.00887	0.01338	0.17478	0.22552

[dist]
# distance from previous block
# <min> <max>
0	37

[block]
# block no. 9 follows, 10 sequences, length 28
# corresponding to MSA columns:
# 771-798
name=unknown_J
#
# <colnr> <probs for GDERKNQSTAVLIFYWHMCP>
