[name]
unknown

[dist]
# distance from previous block
# <min> <max>
0	67

[block]
# block no. 0 follows, 14 sequences, length 118
# corresponding to MSA columns:
# 71-188
name=unknown_A
#
# <colnr> <probs for GDERKNQSTAVLIFYWHMCP>
#	G	D	E	R	K	N	Q	S	T	A	V	L	I	F	Y	W	H	M	C	P
0	0.02551	0.02645	0.04197	0.03876	0.14931	0.07460	0.22831	0.03782	0.15431	0.03464	0.02735	0.03475	0.02218	0.01149	0.01119	0.00339	0.01361	0.04313	0.00673	0.01446
1	0.02183	0.07527	0.03251	0.21398	0.04075	0.02831	0.02329	0.02579	0.01807	0.02571	0.01538	0.02343	0.01362	0.01401	0.02209	0.00375	0.33255	0.00853	0.00461	0.05651
2	0.02418	0.02017	0.02127	0.01930	0.02437	0.02312	0.01478	0.04907	0.47453	0.04061	0.04040	0.04081	0.03152	0.06844	0.01388	0.00397	0.00806	0.01176	0.05481	0.01493
3	0.02353	0.02409	0.04568	0.08261	0.21781	0.02379	0.25694	0.03240	0.06313	0.03411	0.06965	0.03198	0.02392	0.01038	0.01124	0.00331	0.01365	0.01148	0.00603	0.01427
4	0.01909	0.01499	0.01918	0.01808	0.02135	0.01732	0.01415	0.06544	0.15058	0.03147	0.03076	0.03867	0.02644	0.05686	0.41214	0.01234	0.02158	0.01101	0.00705	0.01150
5	0.02128	0.01824	0.02128	0.01520	0.02432	0.01368	0.01216	0.02584	0.02128	0.03344	0.01824	0.02128	0.01520	0.00760	0.00760	0.00152	0.00760	0.00608	0.00608	0.70208
6	0.01466	0.01100	0.01649	0.01649	0.01833	0.01283	0.01283	0.01833	0.01649	0.02382	0.02749	0.04032	0.02566	0.07697	0.59868	0.01649	0.02749	0.01100	0.00550	0.00916
7	0.01452	0.01049	0.01372	0.01291	0.01533	0.00968	0.00968	0.01937	0.02905	0.04115	0.56992	0.07666	0.09683	0.02098	0.01210	0.00323	0.00484	0.01856	0.01130	0.00968
8	0.02553	0.02204	0.02320	0.02088	0.02669	0.02553	0.01624	0.05453	0.55679	0.04293	0.04177	0.03829	0.03133	0.01392	0.01044	0.00348	0.00812	0.01160	0.01044	0.01624
9	0.71184	0.01985	0.01508	0.01350	0.01985	0.02302	0.01111	0.03017	0.01746	0.04604	0.01429	0.01667	0.01111	0.00953	0.00635	0.00318	0.00794	0.00556	0.00635	0.01111
10	0.02642	0.02249	0.02371	0.02106	0.02703	0.02594	0.01646	0.08671	0.52316	0.04437	0.04064	0.03738	0.03041	0.01382	0.01043	0.00345	0.00833	0.01145	0.01043	0.01632
11	0.03797	0.02823	0.03021	0.02340	0.03143	0.03134	0.01925	0.50362	0.08743	0.06300	0.02596	0.02569	0.01852	0.01244	0.01028	0.00311	0.01105	0.00942	0.01028	0.01736
12	0.01954	0.01166	0.01547	0.01413	0.01740	0.01066	0.01097	0.02424	0.02874	0.12430	0.45430	0.07274	0.08330	0.02018	0.01196	0.00332	0.00574	0.04909	0.01139	0.01087
13	0.01285	0.00932	0.01218	0.01416	0.01521	0.00866	0.00981	0.01507	0.02080	0.02757	0.09412	0.52319	0.10899	0.03070	0.01302	0.00408	0.00603	0.05609	0.00964	0.00852
14	0.49022	0.01905	0.01799	0.01508	0.02196	0.02038	0.01243	0.03677	0.02143	0.22458	0.02301	0.02275	0.01587	0.01058	0.00767	0.00318	0.00820	0.00714	0.00846	0.01323
15	0.01347	0.01013	0.01160	0.01172	0.01433	0.00900	0.00860	0.01681	0.02443	0.03248	0.23622	0.16990	0.30360	0.02430	0.01189	0.00342	0.00517	0.02093	0.06300	0.00900
16	0.02544	0.02355	0.03508	0.04799	0.37984	0.02479	0.02606	0.03970	0.21343	0.03688	0.02731	0.02999	0.02163	0.01085	0.01026	0.00320	0.01074	0.01002	0.00699	0.01625
17	0.01466	0.01100	0.01649	0.01649	0.01833	0.01283	0.01283	0.01833	0.01649	0.02382	0.02749	0.04032	0.02566	0.07697	0.59868	0.01649	0.02749	0.01100	0.00550	0.00916
18	0.07605	0.02268	0.03684	0.12754	0.42414	0.02331	0.02828	0.03224	0.02306	0.07872	0.02055	0.02581	0.01630	0.00961	0.00991	0.00312	0.01179	0.00898	0.00573	0.01535
19	0.08384	0.59396	0.05059	0.01722	0.02580	0.03916	0.01703	0.03068	0.02057	0.02595	0.01427	0.01648	0.01300	0.00884	0.00657	0.00228	0.01072	0.00549	0.00455	0.01300
20	0.71184	0.01985	0.01508	0.01350	0.01985	0.02302	0.01111	0.03017	0.01746	0.04604	0.01429	0.01667	0.01111	0.00953	0.00635	0.00318	0.00794	0.00556	0.00635	0.01111
21	0.01435	0.01048	0.01348	0.01273	0.01523	0.00961	0.00955	0.01904	0.02865	0.04020	0.53677	0.07823	0.13058	0.02134	0.01211	0.00324	0.00487	0.01878	0.01117	0.00961
22	0.01348	0.00963	0.01303	0.01541	0.01644	0.00918	0.01123	0.01599	0.02062	0.02730	0.05602	0.50686	0.06573	0.03123	0.01336	0.00430	0.00680	0.14527	0.00951	0.00861
23	0.01339	0.00995	0.01263	0.01410	0.01585	0.00919	0.01041	0.01625	0.02232	0.02919	0.13056	0.35816	0.17711	0.02877	0.01296	0.00400	0.00627	0.11040	0.00974	0.00877
24	0.20839	0.01805	0.02169	0.01710	0.02465	0.01702	0.01412	0.04517	0.02647	0.45164	0.03410	0.03048	0.02192	0.01193	0.00935	0.00318	0.00854	0.00916	0.01115	0.01592
25	0.02938	0.01722	0.01887	0.01580	0.02096	0.01802	0.01262	0.17682	0.07440	0.12892	0.03272	0.03390	0.02407	0.01233	0.00880	0.00280	0.00750	0.00976	0.34157	0.01355
26	0.02744	0.64552	0.05378	0.01756	0.02634	0.04061	0.01756	0.03073	0.02085	0.02414	0.01427	0.01646	0.01317	0.00878	0.00658	0.00219	0.01097	0.00549	0.00439	0.01317
27	0.02415	0.02047	0.02218	0.02058	0.02585	0.02342	0.01629	0.04942	0.47495	0.04105	0.04370	0.05018	0.03558	0.01614	0.01101	0.00367	0.00833	0.08754	0.01029	0.01520
28	0.01250	0.00893	0.01191	0.01429	0.01488	0.00834	0.00953	0.01429	0.01965	0.02620	0.05656	0.63265	0.06787	0.03215	0.01310	0.00417	0.00595	0.02917	0.00953	0.00834
29	0.38537	0.01808	0.01824	0.01515	0.02184	0.01873	0.01244	0.03782	0.02266	0.26546	0.02651	0.02582	0.01815	0.01102	0.00804	0.00311	0.00802	0.00782	0.06212	0.01360
30	0.03628	0.01674	0.02036	0.01633	0.02253	0.01600	0.01325	0.12051	0.02988	0.32464	0.03569	0.03434	0.02441	0.01240	0.00930	0.00291	0.00788	0.00990	0.23170	0.01493
31	0.01466	0.01100	0.01649	0.01649	0.01833	0.01283	0.01283	0.01833	0.01649	0.02382	0.02749	0.04032	0.02566	0.07697	0.59868	0.01649	0.02749	0.01100	0.00550	0.00916
32	0.71184	0.01985	0.01508	0.01350	0.01985	0.02302	0.01111	0.03017	0.01746	0.04604	0.01429	0.01667	0.01111	0.00953	0.00635	0.00318	0.00794	0.00556	0.00635	0.01111
33	0.03901	0.02874	0.03080	0.02361	0.03182	0.03182	0.01951	0.54111	0.04825	0.06468	0.02464	0.02464	0.01745	0.01232	0.01027	0.00308	0.01129	0.00924	0.01027	0.01745
34	0.02553	0.02204	0.02320	0.02088	0.02669	0.02553	0.01624	0.05453	0.55679	0.04293	0.04177	0.03829	0.03133	0.01392	0.01044	0.00348	0.00812	0.01160	0.01044	0.01624
35	0.02540	0.02438	0.04165	0.06299	0.57533	0.02438	0.03149	0.03149	0.02337	0.03353	0.01930	0.02540	0.01626	0.00914	0.01016	0.00305	0.01219	0.00914	0.00508	0.01626
36	0.01938	0.01824	0.03078	0.61468	0.07068	0.02280	0.02850	0.02622	0.02052	0.02622	0.01824	0.02736	0.01368	0.01026	0.01026	0.00342	0.01368	0.00912	0.00456	0.01140
37	0.01466	0.01100	0.01649	0.01649	0.01833	0.01283	0.01283	0.01833	0.01649	0.02382	0.02749	0.04032	0.02566	0.07697	0.59868	0.01649	0.02749	0.01100	0.00550	0.00916
38	0.02540	0.02438	0.04165	0.06299	0.57533	0.02438	0.03149	0.03149	0.02337	0.03353	0.01930	0.02540	0.01626	0.00914	0.01016	0.00305	0.01219	0.00914	0.00508	0.01626
39	0.03786	0.03087	0.02997	0.02377	0.03141	0.10584	0.01929	0.43691	0.08586	0.05775	0.02484	0.02491	0.01799	0.01222	0.01015	0.00305	0.01199	0.00908	0.00962	0.01663
40	0.01800	0.01402	0.01558	0.01465	0.01739	0.01480	0.01040	0.02872	0.19385	0.03296	0.16643	0.06285	0.09670	0.23948	0.02587	0.00573	0.00775	0.01529	0.00905	0.01048
41	0.02395	0.03869	0.28381	0.03552	0.04777	0.02555	0.27784	0.07712	0.02522	0.03549	0.02009	0.02483	0.01463	0.00944	0.01094	0.00334	0.01586	0.00991	0.00527	0.01473
42	0.01938	0.01824	0.03078	0.61468	0.07068	0.02280	0.02850	0.02622	0.02052	0.02622	0.01824	0.02736	0.01368	0.01026	0.01026	0.00342	0.01368	0.00912	0.00456	0.01140
43	0.01357	0.01028	0.01266	0.01352	0.01578	0.00937	0.01024	0.01685	0.02376	0.03098	0.19156	0.23826	0.23640	0.02687	0.01274	0.00382	0.00607	0.10841	0.00993	0.00895
44	0.02306	0.01879	0.02928	0.15060	0.20905	0.02059	0.02275	0.02996	0.06000	0.07901	0.06707	0.03404	0.02546	0.02359	0.11651	0.00566	0.05426	0.01048	0.00655	0.01329
45	0.02226	0.02134	0.03652	0.21432	0.31299	0.02302	0.06164	0.02813	0.02182	0.03020	0.02206	0.07999	0.01990	0.01200	0.01197	0.00337	0.04837	0.01111	0.00530	0.01369
46	0.01452	0.01049	0.01372	0.01291	0.01533	0.00968	0.00968	0.01937	0.02905	0.04115	0.56992	0.07666	0.09683	0.02098	0.01210	0.00323	0.00484	0.01856	0.01130	0.00968
47	0.09828	0.04632	0.02784	0.02529	0.03067	0.54696	0.01905	0.04002	0.02805	0.02698	0.01572	0.01834	0.01303	0.01048	0.00899	0.00269	0.01757	0.00652	0.00538	0.01183
48	0.03089	0.25449	0.12059	0.02621	0.08007	0.11811	0.02261	0.16491	0.02953	0.03685	0.01825	0.02044	0.01454	0.01014	0.00872	0.00272	0.01291	0.00726	0.00610	0.01465
49	0.02202	0.01913	0.02994	0.07693	0.20670	0.02034	0.05842	0.06527	0.02376	0.03388	0.09074	0.03769	0.02932	0.07291	0.06827	0.00500	0.06034	0.01123	0.05550	0.01262
50	0.02218	0.01551	0.01607	0.01496	0.01898	0.01717	0.01150	0.03851	0.27671	0.04049	0.03743	0.03827	0.02870	0.01289	0.00873	0.00291	0.00637	0.01054	0.36933	0.01275
51	0.02073	0.01196	0.01512	0.01348	0.01732	0.01061	0.01041	0.02487	0.02782	0.15401	0.34972	0.07279	0.19025	0.02035	0.01173	0.00327	0.00576	0.01750	0.01119	0.01112
52	0.01318	0.00999	0.01216	0.01256	0.01475	0.00896	0.00906	0.01641	0.02448	0.03253	0.27235	0.25169	0.23281	0.02589	0.01241	0.00358	0.00529	0.02272	0.01022	0.00896
53	0.39454	0.01958	0.01978	0.01617	0.02330	0.02053	0.01334	0.07745	0.02458	0.26134	0.02553	0.02456	0.01730	0.01101	0.00823	0.00317	0.00851	0.00774	0.00918	0.01413
54	0.03606	0.01505	0.01976	0.01599	0.02138	0.01344	0.01224	0.03875	0.02474	0.40191	0.03787	0.04527	0.02922	0.21381	0.02377	0.00535	0.00912	0.01180	0.01062	0.01386
55	0.34899	0.02244	0.02102	0.01801	0.02458	0.02569	0.01454	0.14627	0.19707	0.04899	0.02530	0.02530	0.01894	0.01153	0.00849	0.00325	0.00871	0.00828	0.00849	0.01410
56	0.71184	0.01985	0.01508	0.01350	0.01985	0.02302	0.01111	0.03017	0.01746	0.04604	0.01429	0.01667	0.01111	0.00953	0.00635	0.00318	0.00794	0.00556	0.00635	0.01111
57	0.02058	0.05308	0.58618	0.02925	0.04442	0.02383	0.03792	0.03250	0.02167	0.03250	0.01842	0.02167	0.01300	0.00975	0.00975	0.00325	0.01517	0.00758	0.00433	0.01517
58	0.01268	0.00942	0.01183	0.01334	0.01474	0.00857	0.00920	0.01500	0.02155	0.02834	0.12921	0.45761	0.17194	0.02955	0.01278	0.00391	0.00567	0.02637	0.00974	0.00857
59	0.03901	0.02874	0.03080	0.02361	0.03182	0.03182	0.01951	0.54111	0.04825	0.06468	0.02464	0.02464	0.01745	0.01232	0.01027	0.00308	0.01129	0.00924	0.01027	0.01745
60	0.02744	0.64552	0.05378	0.01756	0.02634	0.04061	0.01756	0.03073	0.02085	0.02414	0.01427	0.01646	0.01317	0.00878	0.00658	0.00219	0.01097	0.00549	0.00439	0.01317
61	0.01490	0.01002	0.01157	0.01157	0.01170	0.01015	0.00669	0.01517	0.01504	0.02018	0.03199	0.06525	0.03648	0.59933	0.09111	0.01041	0.01120	0.01464	0.00617	0.00643
62	0.02626	0.08102	0.05197	0.03603	0.04493	0.02675	0.37110	0.03503	0.06227	0.07749	0.02277	0.02765	0.01715	0.01010	0.01301	0.00340	0.06185	0.01110	0.00606	0.01405
63	0.01627	0.01336	0.01958	0.01865	0.02011	0.01667	0.01482	0.01964	0.01633	0.02400	0.02459	0.03662	0.02314	0.06477	0.48190	0.01401	0.15007	0.01058	0.00529	0.00959
64	0.01250	0.01041	0.01091	0.01079	0.01409	0.00882	0.00809	0.01545	0.02427	0.02980	0.17612	0.09534	0.49771	0.02521	0.01212	0.00343	0.00514	0.02118	0.00980	0.00882
65	0.02264	0.01723	0.02171	0.01886	0.02353	0.01797	0.05471	0.13416	0.10707	0.04191	0.12030	0.09747	0.07796	0.01784	0.01105	0.00339	0.00831	0.07543	0.11608	0.01237
66	0.02819	0.07959	0.02992	0.19030	0.04077	0.16973	0.02097	0.07866	0.18962	0.03387	0.02504	0.02740	0.01924	0.01150	0.00976	0.00312	0.01277	0.00896	0.00698	0.01362
67	0.01266	0.00905	0.01205	0.01418	0.01492	0.00844	0.00954	0.01469	0.02039	0.02738	0.09708	0.58877	0.07016	0.03127	0.01302	0.00409	0.00587	0.02834	0.00967	0.00844
68	0.01250	0.00893	0.01191	0.01429	0.01488	0.00834	0.00953	0.01429	0.01965	0.02620	0.05656	0.63265	0.06787	0.03215	0.01310	0.00417	0.00595	0.02917	0.00953	0.00834
69	0.02477	0.29333	0.32601	0.02428	0.03607	0.07597	0.02822	0.03245	0.02192	0.02852	0.01653	0.01930	0.01309	0.00942	0.00843	0.00277	0.01373	0.00666	0.00443	0.01410
70	0.02058	0.05308	0.58618	0.02925	0.04442	0.02383	0.03792	0.03250	0.02167	0.03250	0.01842	0.02167	0.01300	0.00975	0.00975	0.00325	0.01517	0.00758	0.00433	0.01517
71	0.01250	0.00893	0.01191	0.01429	0.01488	0.00834	0.00953	0.01429	0.01965	0.02620	0.05656	0.63265	0.06787	0.03215	0.01310	0.00417	0.00595	0.02917	0.00953	0.00834
72	0.03171	0.07417	0.07791	0.02181	0.02964	0.02700	0.01906	0.18891	0.25528	0.11587	0.03252	0.03080	0.02358	0.01254	0.01002	0.00321	0.00995	0.00994	0.00967	0.01641
73	0.02635	0.24880	0.03411	0.01991	0.02645	0.07170	0.01701	0.04196	0.27668	0.03374	0.03103	0.03583	0.02590	0.01310	0.00929	0.00306	0.01003	0.05305	0.00779	0.01421
74	0.02442	0.30833	0.25867	0.02272	0.03353	0.03149	0.02537	0.03538	0.11017	0.03056	0.02047	0.02214	0.01612	0.01002	0.00847	0.00282	0.01215	0.00733	0.00537	0.01447
75	0.02684	0.59376	0.10030	0.01858	0.02792	0.03914	0.01934	0.03088	0.02092	0.02487	0.01463	0.01692	0.01315	0.00886	0.00686	0.00229	0.01134	0.00567	0.00438	0.01334
76	0.01481	0.01040	0.01347	0.01347	0.01426	0.01119	0.00906	0.01639	0.01560	0.02159	0.03025	0.05561	0.03229	0.39739	0.28734	0.01276	0.01749	0.01323	0.00591	0.00748
77	0.01921	0.01236	0.01641	0.20487	0.03091	0.01384	0.01406	0.02466	0.02120	0.03437	0.02856	0.03474	0.02223	0.01141	0.00817	0.00272	0.00765	0.00942	0.47304	0.01016
78	0.02151	0.02487	0.15369	0.02273	0.02989	0.01822	0.06662	0.03250	0.12125	0.07468	0.08782	0.06160	0.07185	0.01772	0.01170	0.00372	0.01052	0.14769	0.00847	0.01296
79	0.02744	0.64552	0.05378	0.01756	0.02634	0.04061	0.01756	0.03073	0.02085	0.02414	0.01427	0.01646	0.01317	0.00878	0.00658	0.00219	0.01097	0.00549	0.00439	0.01317
80	0.02744	0.64552	0.05378	0.01756	0.02634	0.04061	0.01756	0.03073	0.02085	0.02414	0.01427	0.01646	0.01317	0.00878	0.00658	0.00219	0.01097	0.00549	0.00439	0.01317
81	0.65031	0.02280	0.06592	0.01490	0.02203	0.02309	0.01350	0.03037	0.01784	0.04484	0.01466	0.01712	0.01128	0.00955	0.00665	0.00318	0.00858	0.00574	0.00617	0.01147
82	0.02165	0.01673	0.02033	0.01808	0.02128	0.01906	0.01465	0.06526	0.06738	0.07274	0.05259	0.05764	0.20057	0.01962	0.01752	0.00370	0.18064	0.04949	0.06959	0.01147
83	0.02277	0.03300	0.22029	0.03253	0.12230	0.02490	0.05904	0.03365	0.10377	0.03286	0.02134	0.02533	0.01681	0.01165	0.01456	0.00335	0.13153	0.00887	0.00564	0.07580
84	0.01539	0.01289	0.02068	0.16332	0.03200	0.01350	0.05636	0.01916	0.02050	0.02705	0.04423	0.40051	0.04990	0.02469	0.01240	0.00397	0.00898	0.05688	0.00797	0.00960
85	0.02825	0.11968	0.03542	0.03056	0.13670	0.02733	0.06518	0.07973	0.24499	0.08046	0.02992	0.03020	0.02272	0.01152	0.00991	0.00314	0.01044	0.00995	0.00816	0.01574
86	0.02511	0.01812	0.02167	0.01567	0.02461	0.01390	0.01261	0.02958	0.02253	0.11846	0.02168	0.02339	0.01678	0.00839	0.00802	0.00178	0.00778	0.00674	0.00711	0.59606
87	0.02750	0.02773	0.12451	0.03778	0.17228	0.02323	0.15055	0.07293	0.02487	0.10879	0.02237	0.02689	0.01688	0.01242	0.01430	0.05710	0.04919	0.00977	0.00636	0.01455
88	0.02081	0.05152	0.55378	0.03011	0.04498	0.02396	0.06874	0.03252	0.02182	0.03252	0.01856	0.02204	0.01316	0.00968	0.00990	0.00326	0.01530	0.00786	0.00439	0.01508
89	0.01358	0.01045	0.01241	0.01192	0.01475	0.00928	0.00894	0.01754	0.02682	0.03586	0.38626	0.08537	0.28379	0.02295	0.01211	0.00332	0.00498	0.01978	0.01060	0.00928
90	0.01673	0.01382	0.01955	0.01838	0.01944	0.01722	0.01429	0.01945	0.01604	0.02343	0.02460	0.03991	0.02433	0.15074	0.36474	0.01233	0.17934	0.01109	0.00535	0.00923
91	0.03834	0.02767	0.03358	0.02562	0.03384	0.07731	0.09878	0.30026	0.03830	0.18025	0.02705	0.02703	0.01869	0.01169	0.01047	0.00312	0.01225	0.00971	0.00962	0.01640
92	0.01466	0.01100	0.01649	0.01649	0.01833	0.01283	0.01283	0.01833	0.01649	0.02382	0.02749	0.04032	0.02566	0.07697	0.59868	0.01649	0.02749	0.01100	0.00550	0.00916
93	0.01250	0.00893	0.01191	0.01429	0.01488	0.00834	0.00953	0.01429	0.01965	0.02620	0.05656	0.63265	0.06787	0.03215	0.01310	0.00417	0.00595	0.02917	0.00953	0.00834
94	0.07684	0.01598	0.01781	0.01843	0.06689	0.01717	0.01279	0.06946	0.14497	0.04171	0.07970	0.03786	0.03099	0.01279	0.00877	0.00288	0.00692	0.01045	0.31523	0.01237
95	0.02110	0.01916	0.03078	0.56304	0.06728	0.02359	0.02771	0.07121	0.02294	0.02958	0.01880	0.02712	0.01401	0.01044	0.01026	0.00339	0.01347	0.00913	0.00506	0.01193
96	0.01452	0.01049	0.01372	0.01291	0.01533	0.00968	0.00968	0.01937	0.02905	0.04115	0.56992	0.07666	0.09683	0.02098	0.01210	0.00323	0.00484	0.01856	0.01130	0.00968
97	0.01543	0.01114	0.01518	0.01738	0.01947	0.01090	0.01453	0.01942	0.02282	0.02961	0.05831	0.21678	0.09724	0.02893	0.01382	0.00452	0.00846	0.37742	0.00947	0.00917
98	0.01466	0.01100	0.01649	0.01649	0.01833	0.01283	0.01283	0.01833	0.01649	0.02382	0.02749	0.04032	0.02566	0.07697	0.59868	0.01649	0.02749	0.01100	0.00550	0.00916
99	0.03833	0.04891	0.02908	0.02644	0.03173	0.59815	0.01983	0.04098	0.02908	0.02512	0.01586	0.01851	0.01322	0.01058	0.00925	0.00264	0.01851	0.00661	0.00529	0.01190
100	0.01938	0.01824	0.03078	0.61468	0.07068	0.02280	0.02850	0.02622	0.02052	0.02622	0.01824	0.02736	0.01368	0.01026	0.01026	0.00342	0.01368	0.00912	0.00456	0.01140
101	0.01938	0.01824	0.03078	0.61468	0.07068	0.02280	0.02850	0.02622	0.02052	0.02622	0.01824	0.02736	0.01368	0.01026	0.01026	0.00342	0.01368	0.00912	0.00456	0.01140
102	0.03844	0.04577	0.02935	0.02600	0.03174	0.51000	0.01978	0.11882	0.03206	0.03127	0.01723	0.01946	0.01388	0.01085	0.00941	0.00271	0.01738	0.00702	0.00606	0.01276
103	0.02540	0.02438	0.04165	0.06299	0.57533	0.02438	0.03149	0.03149	0.02337	0.03353	0.01930	0.02540	0.01626	0.00914	0.01016	0.00305	0.01219	0.00914	0.00508	0.01626
104	0.01526	0.01033	0.01229	0.01278	0.01327	0.01033	0.00834	0.01623	0.01672	0.02213	0.03687	0.07717	0.04179	0.51347	0.04439	0.00887	0.00985	0.11615	0.00688	0.00688
105	0.02830	0.59844	0.05183	0.01826	0.02676	0.08461	0.01774	0.03154	0.02150	0.02422	0.01439	0.01662	0.01317	0.00892	0.00680	0.00223	0.01157	0.00558	0.00446	0.01307
106	0.02128	0.01824	0.02128	0.01520	0.02432	0.01368	0.01216	0.02584	0.02128	0.03344	0.01824	0.02128	0.01520	0.00760	0.00760	0.00152	0.00760	0.00608	0.00608	0.70208
107	0.01250	0.00893	0.01191	0.01429	0.01488	0.00834	0.00953	0.01429	0.01965	0.02620	0.05656	0.63265	0.06787	0.03215	0.01310	0.00417	0.00595	0.02917	0.00953	0.00834
108	0.01783	0.00891	0.01337	0.01337	0.01337	0.00891	0.00891	0.01337	0.01337	0.01783	0.01783	0.03119	0.01783	0.03565	0.04011	0.70143	0.00891	0.00891	0.00446	0.00446
109	0.03833	0.04891	0.02908	0.02644	0.03173	0.59815	0.01983	0.04098	0.02908	0.02512	0.01586	0.01851	0.01322	0.01058	0.00925	0.00264	0.01851	0.00661	0.00529	0.01190
110	0.03901	0.02874	0.03080	0.02361	0.03182	0.03182	0.01951	0.54111	0.04825	0.06468	0.02464	0.02464	0.01745	0.01232	0.01027	0.00308	0.01129	0.00924	0.01027	0.01745
111	0.01268	0.00910	0.01176	0.01380	0.01452	0.00849	0.00915	0.01437	0.01948	0.02577	0.05738	0.55437	0.09521	0.08183	0.01627	0.00460	0.00624	0.02755	0.00925	0.00818
112	0.01431	0.01048	0.01343	0.01269	0.01520	0.00959	0.00952	0.01896	0.02855	0.03998	0.52920	0.07859	0.13828	0.02142	0.01211	0.00325	0.00487	0.01883	0.01114	0.00959
113	0.01431	0.01048	0.01342	0.01269	0.01520	0.00959	0.00952	0.01895	0.02855	0.03996	0.52844	0.07862	0.13905	0.02143	0.01211	0.00325	0.00487	0.01883	0.01114	0.00959
114	0.49754	0.02009	0.01851	0.01550	0.02239	0.02196	0.01278	0.08025	0.02297	0.17210	0.02129	0.02161	0.01499	0.01051	0.00762	0.00317	0.00842	0.00699	0.00817	0.01315
115	0.71184	0.01985	0.01508	0.01350	0.01985	0.02302	0.01111	0.03017	0.01746	0.04604	0.01429	0.01667	0.01111	0.00953	0.00635	0.00318	0.00794	0.00556	0.00635	0.01111
116	0.01482	0.00998	0.01331	0.01327	0.01468	0.00966	0.00936	0.01703	0.02237	0.03116	0.29505	0.14619	0.06668	0.10659	0.07007	0.11712	0.00816	0.01748	0.00883	0.00818
117	0.02203	0.12982	0.07403	0.03343	0.11643	0.02439	0.19593	0.02816	0.02118	0.02889	0.02120	0.02865	0.01797	0.02815	0.17678	0.00686	0.01821	0.00996	0.00507	0.01284

[dist]
# distance from previous block
# <min> <max>
0	2

[block]
# block no. 1 follows, 14 sequences, length 76
# corresponding to MSA columns:
# 191-266
name=unknown_B
#
# <colnr> <probs for GDERKNQSTAVLIFYWHMCP>
#	G	D	E	R	K	N	Q	S	T	A	V	L	I	F	Y	W	H	M	C	P
0	0.14249	0.16873	0.15452	0.02489	0.07665	0.07549	0.02233	0.03436	0.02226	0.11324	0.01957	0.02176	0.01489	0.01057	0.01036	0.00302	0.05754	0.00734	0.00608	0.01391
1	0.64489	0.02029	0.01767	0.01832	0.07402	0.02315	0.01310	0.03030	0.01804	0.04482	0.01478	0.01752	0.01162	0.00949	0.00672	0.00316	0.00835	0.00591	0.00623	0.01162
2	0.02365	0.02789	0.13205	0.08798	0.27971	0.02318	0.09208	0.06237	0.02485	0.03488	0.05030	0.03423	0.02269	0.01145	0.01073	0.00329	0.01281	0.04529	0.00589	0.01466
3	0.02538	0.02004	0.02489	0.01868	0.02719	0.01761	0.04684	0.06536	0.10949	0.08384	0.02447	0.02578	0.01882	0.00941	0.00874	0.00220	0.00863	0.00791	0.00755	0.44718
4	0.01492	0.00995	0.01119	0.01119	0.01119	0.00995	0.00622	0.01492	0.01492	0.01990	0.03233	0.06716	0.03731	0.63935	0.05223	0.00995	0.00995	0.01492	0.00622	0.00622
5	0.01307	0.00898	0.01171	0.01389	0.01463	0.00844	0.00932	0.01511	0.01981	0.02723	0.05459	0.58181	0.06432	0.03042	0.01259	0.00402	0.00585	0.02750	0.06827	0.00844
6	0.71184	0.01985	0.01508	0.01350	0.01985	0.02302	0.01111	0.03017	0.01746	0.04604	0.01429	0.01667	0.01111	0.00953	0.00635	0.00318	0.00794	0.00556	0.00635	0.01111
7	0.02337	0.01833	0.02053	0.01942	0.02407	0.02039	0.01573	0.08404	0.29971	0.04070	0.04324	0.06041	0.03797	0.01793	0.01123	0.00371	0.00847	0.16005	0.07702	0.01365
8	0.01398	0.01047	0.01297	0.01234	0.01500	0.00945	0.00926	0.01832	0.02777	0.03811	0.46441	0.08166	0.20423	0.02211	0.01211	0.00328	0.00492	0.01926	0.01090	0.00945
9	0.60440	0.01987	0.01642	0.01448	0.02090	0.02267	0.01184	0.03371	0.06532	0.08414	0.01856	0.01986	0.01390	0.01014	0.00699	0.00320	0.00801	0.00642	0.00716	0.01202
10	0.01654	0.01181	0.01654	0.01890	0.02126	0.01181	0.01654	0.02126	0.02362	0.03071	0.05433	0.11576	0.05906	0.02835	0.01417	0.00472	0.00945	0.50626	0.00945	0.00945
11	0.01303	0.01150	0.01412	0.01309	0.01680	0.00987	0.04588	0.01599	0.02312	0.02796	0.09388	0.14020	0.48757	0.02529	0.01221	0.00353	0.00613	0.02163	0.00922	0.00901
12	0.71184	0.01985	0.01508	0.01350	0.01985	0.02302	0.01111	0.03017	0.01746	0.04604	0.01429	0.01667	0.01111	0.00953	0.00635	0.00318	0.00794	0.00556	0.00635	0.01111
13	0.02434	0.02201	0.02882	0.02405	0.03035	0.02422	0.10572	0.04773	0.41890	0.04104	0.08417	0.03980	0.03432	0.01363	0.01087	0.00346	0.00942	0.01230	0.00961	0.01526
14	0.02538	0.02586	0.03112	0.02665	0.02782	0.09515	0.02195	0.06226	0.01947	0.02751	0.01451	0.02216	0.01372	0.01674	0.02931	0.00419	0.51074	0.00873	0.00498	0.01173
15	0.01468	0.01090	0.01603	0.01603	0.01770	0.01258	0.01225	0.01803	0.01636	0.02348	0.02791	0.04266	0.02667	0.12610	0.55094	0.01592	0.02596	0.01134	0.00556	0.00891
16	0.02580	0.02525	0.11234	0.02089	0.02801	0.02223	0.01878	0.08708	0.29257	0.08900	0.12572	0.04064	0.03775	0.01420	0.01059	0.00334	0.00902	0.01182	0.00979	0.01517
17	0.02744	0.64552	0.05378	0.01756	0.02634	0.04061	0.01756	0.03073	0.02085	0.02414	0.01427	0.01646	0.01317	0.00878	0.00658	0.00219	0.01097	0.00549	0.00439	0.01317
18	0.03113	0.25134	0.10485	0.02174	0.03039	0.08211	0.02047	0.22303	0.03247	0.04151	0.05259	0.02400	0.01985	0.01113	0.00892	0.00276	0.01189	0.00804	0.00709	0.01470
19	0.02272	0.02242	0.03071	0.02641	0.02692	0.03092	0.02191	0.02730	0.06299	0.02629	0.01594	0.02384	0.01503	0.01761	0.03165	0.00440	0.56706	0.00921	0.00501	0.01166
20	0.01404	0.01027	0.01318	0.01288	0.01514	0.00941	0.00950	0.01827	0.02728	0.03795	0.45958	0.15410	0.13423	0.02293	0.01224	0.00338	0.00502	0.02027	0.01090	0.00941
21	0.03905	0.01784	0.02247	0.01812	0.02510	0.01701	0.01468	0.04883	0.14970	0.41249	0.04019	0.03598	0.02684	0.01292	0.01008	0.00318	0.00826	0.01055	0.07020	0.01651
22	0.03056	0.02092	0.02335	0.02024	0.02657	0.02296	0.01596	0.05342	0.42734	0.17535	0.04145	0.03746	0.02987	0.01362	0.01041	0.00341	0.00827	0.01129	0.01100	0.01654
23	0.71184	0.01985	0.01508	0.01350	0.01985	0.02302	0.01111	0.03017	0.01746	0.04604	0.01429	0.01667	0.01111	0.00953	0.00635	0.00318	0.00794	0.00556	0.00635	0.01111
24	0.01492	0.00995	0.01119	0.01119	0.01119	0.00995	0.00622	0.01492	0.01492	0.01990	0.03233	0.06716	0.03731	0.63935	0.05223	0.00995	0.00995	0.01492	0.00622	0.00622
25	0.51148	0.01913	0.01771	0.01493	0.02176	0.02063	0.01231	0.03614	0.02105	0.20746	0.02217	0.02217	0.01541	0.01048	0.00755	0.00318	0.00818	0.00699	0.00826	0.01302
26	0.03715	0.04562	0.03195	0.02770	0.03364	0.50778	0.06497	0.07605	0.03003	0.02862	0.01692	0.01974	0.01373	0.01053	0.00957	0.00275	0.01789	0.00728	0.00564	0.01246
27	0.02247	0.02310	0.03890	0.03115	0.03448	0.02807	0.17710	0.02686	0.01896	0.02768	0.01923	0.03216	0.01808	0.01606	0.02549	0.00420	0.38577	0.05326	0.00513	0.01186
28	0.01274	0.00940	0.01200	0.01397	0.01519	0.00865	0.00976	0.01489	0.02058	0.02680	0.06447	0.50289	0.15297	0.03082	0.01301	0.00409	0.00609	0.06369	0.00952	0.00847
29	0.04604	0.01746	0.02382	0.01826	0.02620	0.01508	0.01508	0.05001	0.02937	0.58244	0.04049	0.03493	0.02540	0.01270	0.01032	0.00318	0.00873	0.01032	0.01270	0.01746
30	0.01938	0.01824	0.03078	0.61468	0.07068	0.02280	0.02850	0.02622	0.02052	0.02622	0.01824	0.02736	0.01368	0.01026	0.01026	0.00342	0.01368	0.00912	0.00456	0.01140
31	0.02128	0.01824	0.02128	0.01520	0.02432	0.01368	0.01216	0.02584	0.02128	0.03344	0.01824	0.02128	0.01520	0.00760	0.00760	0.00152	0.00760	0.00608	0.00608	0.70208
32	0.01241	0.00931	0.01152	0.01329	0.01462	0.00842	0.00908	0.01440	0.02061	0.02659	0.06878	0.49503	0.19761	0.03056	0.01285	0.00399	0.00576	0.02724	0.00953	0.00842
33	0.01500	0.01020	0.01223	0.01286	0.01334	0.01015	0.00838	0.01602	0.01692	0.02241	0.03845	0.12539	0.04393	0.47535	0.04190	0.00850	0.00951	0.10539	0.00709	0.00699
34	0.01938	0.01824	0.03078	0.61468	0.07068	0.02280	0.02850	0.02622	0.02052	0.02622	0.01824	0.02736	0.01368	0.01026	0.01026	0.00342	0.01368	0.00912	0.00456	0.01140
35	0.02058	0.05308	0.58618	0.02925	0.04442	0.02383	0.03792	0.03250	0.02167	0.03250	0.01842	0.02167	0.01300	0.00975	0.00975	0.00325	0.01517	0.00758	0.00433	0.01517
36	0.02219	0.01954	0.03043	0.30260	0.19543	0.02193	0.02465	0.07596	0.02305	0.03090	0.02156	0.03334	0.01878	0.11735	0.01739	0.00440	0.01240	0.01013	0.00554	0.01244
37	0.02121	0.02075	0.03589	0.02875	0.03218	0.02442	0.17465	0.02497	0.01818	0.02634	0.01848	0.02792	0.01660	0.02694	0.12409	0.07420	0.27831	0.01026	0.00487	0.01100
38	0.02332	0.02184	0.03475	0.28331	0.19389	0.02522	0.05353	0.06231	0.06287	0.03201	0.02024	0.02690	0.01600	0.01123	0.01322	0.00344	0.08739	0.00946	0.00552	0.01355
39	0.02563	0.25741	0.08881	0.01772	0.02720	0.02491	0.01695	0.03038	0.02184	0.07645	0.01865	0.02066	0.01509	0.00869	0.00766	0.00208	0.00970	0.00636	0.00584	0.31797
40	0.02677	0.58774	0.10570	0.01870	0.02810	0.03897	0.01954	0.03090	0.02093	0.02496	0.01467	0.01697	0.01315	0.00887	0.00689	0.00230	0.01138	0.00569	0.00438	0.01336
41	0.01619	0.01157	0.01614	0.01850	0.02072	0.01151	0.01594	0.02067	0.02328	0.03032	0.05453	0.15997	0.05981	0.02867	0.01408	0.00468	0.00915	0.46546	0.00946	0.00935
42	0.03540	0.02695	0.02876	0.02288	0.03045	0.03014	0.01863	0.41074	0.18451	0.05885	0.02923	0.02830	0.02117	0.01275	0.01031	0.00319	0.01044	0.00987	0.01031	0.01713
43	0.02058	0.05308	0.58618	0.02925	0.04442	0.02383	0.03792	0.03250	0.02167	0.03250	0.01842	0.02167	0.01300	0.00975	0.00975	0.00325	0.01517	0.00758	0.00433	0.01517
44	0.02221	0.04892	0.49648	0.03022	0.04444	0.02459	0.08542	0.06773	0.02375	0.03476	0.01908	0.02246	0.01356	0.00982	0.01002	0.00326	0.01511	0.00814	0.00483	0.01520
45	0.02268	0.20537	0.40277	0.02739	0.04049	0.02839	0.07506	0.03207	0.02167	0.03035	0.01753	0.02082	0.01326	0.00940	0.00913	0.00299	0.01425	0.00742	0.00442	0.01453
46	0.04604	0.01746	0.02382	0.01826	0.02620	0.01508	0.01508	0.05001	0.02937	0.58244	0.04049	0.03493	0.02540	0.01270	0.01032	0.00318	0.00873	0.01032	0.01270	0.01746
47	0.01808	0.01846	0.07514	0.15617	0.03352	0.01708	0.01850	0.02816	0.12908	0.03299	0.12835	0.18701	0.04706	0.01912	0.01148	0.00364	0.00910	0.04712	0.00835	0.01159
48	0.02989	0.03291	0.20077	0.03484	0.15773	0.05871	0.07197	0.03694	0.02438	0.17573	0.02412	0.02635	0.01724	0.01086	0.01167	0.00324	0.05130	0.00907	0.00684	0.01544
49	0.01264	0.00919	0.01193	0.01384	0.01483	0.00848	0.00939	0.01476	0.02077	0.02760	0.10419	0.53980	0.11338	0.03068	0.01293	0.00403	0.00579	0.02763	0.00968	0.00848
50	0.01459	0.01054	0.01422	0.01643	0.01815	0.01018	0.01308	0.01797	0.02200	0.02867	0.05879	0.32368	0.09926	0.02972	0.01359	0.00441	0.00773	0.27857	0.00949	0.00894
51	0.02035	0.02149	0.07135	0.16828	0.13686	0.02329	0.02447	0.02542	0.01886	0.02705	0.01924	0.02817	0.01679	0.02747	0.15173	0.00664	0.18629	0.00940	0.00483	0.01201
52	0.02857	0.31029	0.20036	0.02253	0.03299	0.03344	0.02392	0.16799	0.02843	0.03740	0.01824	0.02015	0.01427	0.01001	0.00848	0.00273	0.01226	0.00709	0.00595	0.01489
53	0.09436	0.01566	0.01859	0.01519	0.02110	0.01493	0.01229	0.07020	0.02682	0.31593	0.03479	0.03384	0.02397	0.01214	0.00889	0.00290	0.00747	0.00958	0.24715	0.01419
54	0.01276	0.00911	0.01220	0.01458	0.01529	0.00856	0.00997	0.01473	0.01990	0.02648	0.05642	0.59990	0.06731	0.03191	0.01317	0.00420	0.00618	0.05940	0.00952	0.00841
55	0.02024	0.01826	0.02908	0.23788	0.20288	0.02040	0.02380	0.02776	0.06745	0.02945	0.02593	0.08897	0.02332	0.02375	0.11079	0.00561	0.01435	0.01162	0.00587	0.01259
56	0.02465	0.01398	0.01786	0.01527	0.01961	0.01317	0.01197	0.07778	0.03100	0.17630	0.38679	0.06134	0.07156	0.01810	0.01149	0.00320	0.00643	0.01563	0.01154	0.01235
57	0.01867	0.00952	0.00973	0.00989	0.01216	0.00948	0.00734	0.02325	0.02139	0.03742	0.03507	0.07939	0.02918	0.01335	0.00758	0.00251	0.00486	0.01092	0.64879	0.00948
58	0.01446	0.01070	0.01540	0.01537	0.01726	0.01165	0.01174	0.01830	0.02009	0.02864	0.17501	0.09450	0.04789	0.05860	0.39758	0.01201	0.01980	0.01439	0.00735	0.00924
59	0.01530	0.01128	0.01651	0.01732	0.01933	0.01248	0.01410	0.01933	0.01894	0.02619	0.03670	0.06619	0.03711	0.06029	0.39821	0.01246	0.02130	0.18086	0.00685	0.00926
60	0.01938	0.01824	0.03078	0.61468	0.07068	0.02280	0.02850	0.02622	0.02052	0.02622	0.01824	0.02736	0.01368	0.01026	0.01026	0.00342	0.01368	0.00912	0.00456	0.01140
61	0.02744	0.64552	0.05378	0.01756	0.02634	0.04061	0.01756	0.03073	0.02085	0.02414	0.01427	0.01646	0.01317	0.00878	0.00658	0.00219	0.01097	0.00549	0.00439	0.01317
62	0.02540	0.02438	0.04165	0.06299	0.57533	0.02438	0.03149	0.03149	0.02337	0.03353	0.01930	0.02540	0.01626	0.00914	0.01016	0.00305	0.01219	0.00914	0.00508	0.01626
63	0.02589	0.02902	0.03854	0.03009	0.03693	0.17608	0.23832	0.03358	0.06660	0.03344	0.14700	0.03724	0.03476	0.01239	0.01122	0.00319	0.01408	0.01207	0.00701	0.01254
64	0.03013	0.02235	0.02524	0.02176	0.02775	0.02441	0.01820	0.32042	0.08412	0.05113	0.03632	0.05708	0.03293	0.01796	0.01162	0.00368	0.01038	0.17991	0.01000	0.01460
65	0.01481	0.01190	0.01362	0.01423	0.01752	0.01121	0.01153	0.02044	0.06995	0.03007	0.08152	0.09932	0.34848	0.02575	0.01268	0.00390	0.00691	0.18699	0.00958	0.00959
66	0.03833	0.04891	0.02908	0.02644	0.03173	0.59815	0.01983	0.04098	0.02908	0.02512	0.01586	0.01851	0.01322	0.01058	0.00925	0.00264	0.01851	0.00661	0.00529	0.01190
67	0.02487	0.02385	0.04070	0.11119	0.53124	0.02424	0.03123	0.03103	0.02312	0.03289	0.01921	0.02557	0.01603	0.00924	0.01017	0.00308	0.01232	0.00914	0.00503	0.01583
68	0.01492	0.00995	0.01119	0.01119	0.01119	0.00995	0.00622	0.01492	0.01492	0.01990	0.03233	0.06716	0.03731	0.63935	0.05223	0.00995	0.00995	0.01492	0.00622	0.00622
69	0.02422	0.02768	0.06055	0.04325	0.05363	0.02595	0.53806	0.03287	0.02422	0.03287	0.02076	0.02768	0.01557	0.00865	0.01211	0.00346	0.01730	0.01211	0.00519	0.01384
70	0.01295	0.01018	0.01176	0.01226	0.01483	0.00898	0.00908	0.01595	0.02371	0.03023	0.18276	0.21198	0.33633	0.02649	0.01246	0.00365	0.00555	0.05215	0.00987	0.00884
71	0.04307	0.01789	0.02329	0.01804	0.02554	0.01625	0.01484	0.09570	0.03055	0.48575	0.03835	0.03421	0.02470	0.01260	0.01005	0.00310	0.00865	0.01015	0.07048	0.01679
72	0.02577	0.02554	0.03983	0.10866	0.49363	0.06395	0.03043	0.03169	0.02351	0.03231	0.01897	0.02509	0.01582	0.00934	0.01011	0.00305	0.01276	0.00897	0.00505	0.01553
73	0.01638	0.01097	0.01389	0.01287	0.01586	0.00990	0.00975	0.02078	0.02813	0.07763	0.45436	0.07736	0.17081	0.02122	0.01198	0.00326	0.00518	0.01849	0.01110	0.01007
74	0.02752	0.02304	0.02433	0.02129	0.02745	0.02646	0.01673	0.12662	0.48145	0.04615	0.03923	0.03627	0.02927	0.01369	0.01042	0.00342	0.00859	0.01125	0.01042	0.01642
75	0.08098	0.01980	0.02811	0.03036	0.17603	0.01879	0.01940	0.04398	0.06039	0.36437	0.03312	0.03139	0.02238	0.01161	0.01003	0.00316	0.00959	0.00978	0.01007	0.01666

[dist]
# distance from previous block
# <min> <max>
1	2

[block]
# block no. 2 follows, 14 sequences, length 30
# corresponding to MSA columns:
# 269-298
name=unknown_C
#
# <colnr> <probs for GDERKNQSTAVLIFYWHMCP>
#	G	D	E	R	K	N	Q	S	T	A	V	L	I	F	Y	W	H	M	C	P
0	0.63837	0.01968	0.01574	0.01368	0.02032	0.02203	0.01123	0.02971	0.01787	0.04470	0.01471	0.01716	0.01155	0.00932	0.00648	0.00300	0.00790	0.00561	0.00632	0.08463
1	0.08970	0.01276	0.01460	0.01383	0.01703	0.01284	0.01046	0.02402	0.09073	0.03965	0.36948	0.10895	0.11718	0.02016	0.01137	0.00334	0.00568	0.01738	0.01039	0.01045
2	0.03045	0.09290	0.13134	0.02320	0.03201	0.02936	0.02166	0.25137	0.19388	0.04824	0.02763	0.02739	0.02040	0.01198	0.00986	0.00314	0.01101	0.00928	0.00866	0.01625
3	0.01217	0.01025	0.01055	0.01079	0.01396	0.00863	0.00797	0.01468	0.02302	0.02757	0.09921	0.15222	0.52077	0.02661	0.01223	0.00354	0.00527	0.02241	0.00953	0.00863
4	0.15269	0.02667	0.02748	0.02166	0.02935	0.02980	0.01780	0.41333	0.08543	0.05968	0.02430	0.02442	0.01753	0.01198	0.00961	0.00313	0.01046	0.00881	0.00961	0.01627
5	0.02058	0.05308	0.58618	0.02925	0.04442	0.02383	0.03792	0.03250	0.02167	0.03250	0.01842	0.02167	0.01300	0.00975	0.00975	0.00325	0.01517	0.00758	0.00433	0.01517
6	0.02128	0.01824	0.02128	0.01520	0.02432	0.01368	0.01216	0.02584	0.02128	0.03344	0.01824	0.02128	0.01520	0.00760	0.00760	0.00152	0.00760	0.00608	0.00608	0.70208
7	0.01492	0.00995	0.01119	0.01119	0.01119	0.00995	0.00622	0.01492	0.01492	0.01990	0.03233	0.06716	0.03731	0.63935	0.05223	0.00995	0.00995	0.01492	0.00622	0.00622
8	0.04217	0.01757	0.02537	0.01940	0.02706	0.01543	0.05345	0.04655	0.02833	0.49602	0.03843	0.03467	0.02474	0.01234	0.01019	0.00313	0.00904	0.01039	0.06919	0.01653
9	0.01293	0.00945	0.01217	0.01356	0.01488	0.00868	0.00938	0.01551	0.02222	0.02983	0.18059	0.44698	0.12813	0.02891	0.01276	0.00388	0.00562	0.02591	0.00994	0.00868
10	0.02366	0.28769	0.17745	0.01973	0.03023	0.02743	0.02091	0.02955	0.02120	0.02934	0.01663	0.01938	0.01380	0.00863	0.00772	0.00224	0.01091	0.00621	0.00494	0.24234
11	0.02217	0.01831	0.02061	0.01968	0.02427	0.02049	0.01578	0.04258	0.36826	0.03947	0.08925	0.06248	0.04431	0.01842	0.01159	0.00380	0.00821	0.14624	0.01024	0.01385
12	0.02536	0.11258	0.12190	0.20912	0.12947	0.12630	0.02655	0.03340	0.06437	0.02918	0.01933	0.02403	0.01520	0.01015	0.00952	0.00304	0.01374	0.00816	0.00517	0.01345
13	0.01783	0.00891	0.01337	0.01337	0.01337	0.00891	0.00891	0.01337	0.01337	0.01783	0.01783	0.03119	0.01783	0.03565	0.04011	0.70143	0.00891	0.00891	0.00446	0.00446
14	0.25943	0.35404	0.03831	0.01985	0.06199	0.06855	0.01647	0.03123	0.02039	0.03225	0.01472	0.01727	0.01269	0.00917	0.00692	0.00261	0.01050	0.00583	0.00516	0.01261
15	0.01605	0.01303	0.01915	0.01835	0.01986	0.01614	0.01454	0.01946	0.01635	0.02398	0.02499	0.03714	0.02349	0.06647	0.49819	0.01436	0.13297	0.01064	0.00532	0.00953
16	0.02559	0.08407	0.27039	0.04075	0.25383	0.02448	0.03148	0.03371	0.02306	0.08733	0.02066	0.02408	0.01556	0.00973	0.00972	0.00308	0.01300	0.00832	0.00547	0.01568
17	0.02090	0.01754	0.02174	0.02740	0.14774	0.07548	0.01649	0.02409	0.02243	0.06863	0.04230	0.35574	0.04653	0.02290	0.01186	0.00370	0.00912	0.04584	0.00827	0.01128
18	0.01490	0.01006	0.01176	0.01176	0.01195	0.01026	0.00692	0.01529	0.01509	0.02032	0.03182	0.06430	0.03607	0.57952	0.11037	0.01065	0.01181	0.01451	0.00614	0.00653
19	0.02581	0.01993	0.06455	0.08833	0.15849	0.01820	0.02077	0.05741	0.02545	0.14761	0.12386	0.03881	0.03366	0.02298	0.10302	0.00527	0.01287	0.01126	0.00800	0.01371
20	0.03432	0.14783	0.03870	0.02745	0.03438	0.37013	0.11081	0.03821	0.02680	0.05444	0.01769	0.02060	0.01424	0.01003	0.00935	0.00274	0.01648	0.00757	0.00549	0.01274
21	0.02128	0.01824	0.02128	0.01520	0.02432	0.01368	0.01216	0.02584	0.02128	0.03344	0.01824	0.02128	0.01520	0.00760	0.00760	0.00152	0.00760	0.00608	0.00608	0.70208
22	0.08038	0.02082	0.02275	0.01974	0.02607	0.02293	0.01560	0.05171	0.39545	0.16792	0.03947	0.03593	0.02848	0.01332	0.01012	0.00339	0.00825	0.01086	0.01067	0.01615
23	0.03083	0.02120	0.03406	0.04549	0.36473	0.02041	0.02481	0.03619	0.02564	0.20113	0.06854	0.03228	0.02530	0.01115	0.01036	0.00310	0.01057	0.01023	0.00788	0.01611
24	0.02050	0.01796	0.01987	0.01857	0.01950	0.09239	0.01380	0.02069	0.01706	0.02209	0.02260	0.07786	0.02367	0.12692	0.09380	0.20139	0.16652	0.01127	0.00533	0.00820
25	0.04494	0.01924	0.02491	0.01910	0.02708	0.01771	0.01578	0.12719	0.03234	0.50107	0.03800	0.03331	0.02415	0.01264	0.01031	0.00316	0.00913	0.01015	0.01232	0.01746
26	0.01968	0.01741	0.06657	0.01586	0.02163	0.01347	0.01360	0.02688	0.06759	0.07568	0.31268	0.05279	0.06003	0.01569	0.01057	0.00284	0.00692	0.01351	0.00947	0.17714
27	0.65235	0.02004	0.01579	0.01414	0.02044	0.02324	0.01156	0.03228	0.06421	0.04577	0.01667	0.01854	0.01287	0.00991	0.00671	0.00320	0.00795	0.00608	0.00671	0.01156
28	0.14584	0.01892	0.02230	0.01813	0.02531	0.01879	0.01473	0.04796	0.15194	0.37085	0.03667	0.03285	0.02455	0.01249	0.00972	0.00325	0.00846	0.00987	0.01117	0.01618
29	0.01783	0.00891	0.01337	0.01337	0.01337	0.00891	0.00891	0.01337	0.01337	0.01783	0.01783	0.03119	0.01783	0.03565	0.04011	0.70143	0.00891	0.00891	0.00446	0.00446

[dist]
# distance from previous block
# <min> <max>
0	0

# created by:
# /st0/software/busco_prod/Augustus/scripts/msa2prfl.pl ./align_prep/5292.fa
