[name]
unknown

[dist]
# distance from previous block
# <min> <max>
0	3

[block]
# block no. 0 follows, 12 sequences, length 42
# corresponding to MSA columns:
# 3-44
name=unknown_A
#
# <colnr> <probs for GDERKNQSTAVLIFYWHMCP>
#	G	D	E	R	K	N	Q	S	T	A	V	L	I	F	Y	W	H	M	C	P
0	0.03705	0.02075	0.02852	0.02222	0.02988	0.01975	0.05242	0.09242	0.02972	0.28501	0.03422	0.03870	0.02524	0.01403	0.01306	0.00333	0.06079	0.04811	0.01036	0.13442
1	0.03792	0.02033	0.03046	0.02361	0.03146	0.01910	0.09683	0.04738	0.11110	0.33179	0.09418	0.04125	0.03455	0.01395	0.01151	0.00348	0.01022	0.01245	0.01163	0.01681
2	0.03332	0.01860	0.02315	0.01780	0.02598	0.01584	0.01434	0.04017	0.07070	0.25490	0.08115	0.03582	0.03040	0.01227	0.01000	0.00270	0.00835	0.01011	0.01033	0.28408
3	0.02261	0.01938	0.02261	0.01615	0.02584	0.01453	0.01292	0.02745	0.02261	0.03553	0.01938	0.02261	0.01615	0.00807	0.00807	0.00161	0.00807	0.00646	0.00646	0.68346
4	0.01383	0.01072	0.01259	0.01290	0.01550	0.00949	0.00938	0.01718	0.02593	0.03384	0.24302	0.21415	0.28764	0.02736	0.01312	0.00377	0.00558	0.02377	0.01075	0.00949
5	0.13847	0.02330	0.02592	0.02254	0.02823	0.06593	0.06879	0.07925	0.19005	0.04139	0.03694	0.16463	0.03406	0.01746	0.01109	0.00370	0.01028	0.01500	0.00908	0.01386
6	0.01491	0.01074	0.01411	0.01407	0.01617	0.00994	0.01025	0.01927	0.02845	0.03988	0.42614	0.20932	0.09543	0.02516	0.01312	0.00367	0.00543	0.02245	0.01155	0.00994
7	0.02791	0.02646	0.04566	0.14272	0.25937	0.02732	0.15398	0.10975	0.02880	0.03945	0.02163	0.02783	0.01683	0.01032	0.01137	0.00342	0.01447	0.01054	0.00622	0.01595
8	0.02187	0.05640	0.56031	0.03108	0.04719	0.02532	0.04029	0.03453	0.02302	0.03453	0.01957	0.02302	0.01381	0.01036	0.01036	0.00345	0.01611	0.00806	0.00460	0.01611
9	0.03014	0.01850	0.02781	0.03363	0.20138	0.01731	0.01991	0.03496	0.02760	0.20931	0.12271	0.09320	0.08292	0.01649	0.01161	0.00345	0.00931	0.01459	0.00994	0.01521
10	0.01374	0.01016	0.01284	0.01411	0.01574	0.00927	0.00984	0.01658	0.02400	0.03199	0.18656	0.39335	0.16155	0.03013	0.01348	0.00406	0.00590	0.02686	0.01058	0.00927
11	0.02762	0.02666	0.03377	0.02763	0.03366	0.11457	0.14406	0.13932	0.03081	0.03887	0.03513	0.22542	0.03558	0.01897	0.01226	0.00369	0.01301	0.01738	0.00835	0.01324
12	0.01328	0.00949	0.01265	0.01518	0.01581	0.00886	0.01012	0.01518	0.02088	0.02783	0.06010	0.60969	0.07212	0.03416	0.01392	0.00443	0.00633	0.03100	0.01012	0.00886
13	0.02499	0.02321	0.03405	0.03180	0.12648	0.02176	0.10134	0.03700	0.14306	0.03782	0.02594	0.02881	0.02046	0.01015	0.01009	0.00275	0.01083	0.00951	0.00720	0.29273
14	0.03880	0.03082	0.03113	0.02478	0.03282	0.07222	0.02012	0.39560	0.13639	0.06144	0.02879	0.02833	0.02088	0.01326	0.01086	0.00332	0.01195	0.01007	0.01055	0.01788
15	0.01709	0.01175	0.01292	0.01317	0.01595	0.01116	0.00961	0.05467	0.02500	0.03479	0.06825	0.24391	0.21735	0.02469	0.01168	0.00359	0.00614	0.02119	0.18705	0.01003
16	0.69383	0.02109	0.01603	0.01434	0.02109	0.02446	0.01181	0.03205	0.01856	0.04892	0.01518	0.01771	0.01181	0.01012	0.00675	0.00337	0.00843	0.00590	0.00675	0.01181
17	0.01437	0.01110	0.01310	0.01260	0.01564	0.00983	0.00945	0.01852	0.02835	0.03776	0.36212	0.09127	0.28753	0.02452	0.01287	0.00353	0.00530	0.02110	0.01122	0.00983
18	0.03847	0.03796	0.03888	0.03103	0.03880	0.29257	0.15529	0.04338	0.02954	0.15180	0.02436	0.02641	0.01774	0.01119	0.01094	0.00318	0.01690	0.00956	0.00742	0.01459
19	0.02409	0.02413	0.04239	0.03028	0.04060	0.02071	0.24813	0.03100	0.02409	0.03524	0.02065	0.02583	0.01634	0.00860	0.01035	0.00259	0.01296	0.00950	0.00601	0.36650
20	0.02993	0.17223	0.10865	0.03311	0.04346	0.07938	0.22375	0.11157	0.02915	0.03743	0.02039	0.02459	0.01576	0.01015	0.01066	0.00320	0.01567	0.00972	0.00609	0.01513
21	0.02729	0.01952	0.01761	0.01630	0.01961	0.11414	0.01196	0.03025	0.02377	0.11846	0.03478	0.05207	0.03155	0.19841	0.02379	0.00538	0.01051	0.04800	0.18566	0.01093
22	0.01289	0.01105	0.01105	0.01105	0.01473	0.00920	0.00828	0.01565	0.02485	0.02946	0.11046	0.10493	0.54437	0.02761	0.01289	0.00368	0.00552	0.02301	0.01013	0.00920
23	0.03747	0.02857	0.03048	0.02428	0.03230	0.03196	0.01976	0.38637	0.18380	0.06231	0.03123	0.03020	0.02263	0.01356	0.01096	0.00339	0.01106	0.01051	0.01096	0.01819
24	0.01586	0.01057	0.01189	0.01189	0.01189	0.01057	0.00661	0.01586	0.01586	0.02114	0.03436	0.07135	0.03964	0.61681	0.05550	0.01057	0.01057	0.01586	0.00661	0.00661
25	0.02707	0.02427	0.03133	0.03743	0.20565	0.02671	0.02278	0.04960	0.35730	0.04221	0.03625	0.03602	0.02783	0.01306	0.01099	0.00354	0.01010	0.01144	0.00915	0.01726
26	0.04073	0.05197	0.03090	0.02809	0.03371	0.57303	0.02107	0.04354	0.03090	0.02669	0.01685	0.01966	0.01404	0.01124	0.00983	0.00281	0.01966	0.00702	0.00562	0.01264
27	0.01470	0.01058	0.01392	0.01421	0.01613	0.00980	0.01023	0.01875	0.02748	0.03834	0.37945	0.26038	0.09246	0.02631	0.01322	0.00377	0.00554	0.02354	0.01137	0.00980
28	0.02829	0.02401	0.02532	0.02243	0.02880	0.02767	0.01754	0.09517	0.48995	0.04750	0.04289	0.03949	0.03208	0.01465	0.01108	0.00366	0.00891	0.01212	0.01108	0.01736
29	0.01710	0.01222	0.01704	0.01955	0.02185	0.01215	0.01676	0.02178	0.02464	0.03211	0.05799	0.17593	0.06377	0.03056	0.01494	0.00496	0.00964	0.42706	0.01005	0.00991
30	0.02187	0.05640	0.56031	0.03108	0.04719	0.02532	0.04029	0.03453	0.02302	0.03453	0.01957	0.02302	0.01381	0.01036	0.01036	0.00345	0.01611	0.00806	0.00460	0.01611
31	0.04145	0.03054	0.03272	0.02509	0.03381	0.03381	0.02072	0.51243	0.05127	0.06872	0.02618	0.02618	0.01854	0.01309	0.01091	0.00327	0.01200	0.00982	0.01091	0.01854
32	0.02535	0.32761	0.31962	0.02514	0.03800	0.03385	0.02994	0.03363	0.02261	0.03028	0.01746	0.02038	0.01390	0.00987	0.00875	0.00292	0.01398	0.00699	0.00463	0.01510
33	0.02814	0.02809	0.04314	0.06367	0.50562	0.07177	0.03242	0.03431	0.02534	0.03487	0.02020	0.02637	0.01700	0.00984	0.01071	0.00320	0.01352	0.00949	0.00542	0.01688
34	0.01641	0.01231	0.01670	0.01629	0.01730	0.01415	0.01177	0.01865	0.01680	0.02376	0.02992	0.05234	0.03097	0.28556	0.32420	0.01370	0.07129	0.01313	0.00605	0.00870
35	0.01316	0.01093	0.01151	0.01162	0.01496	0.00928	0.00862	0.01608	0.02511	0.03068	0.14762	0.14193	0.46574	0.02762	0.01296	0.00372	0.00555	0.02332	0.01030	0.00928
36	0.02344	0.01108	0.01181	0.01117	0.01435	0.01080	0.00854	0.02842	0.02377	0.09675	0.03638	0.04027	0.02784	0.01279	0.00799	0.00263	0.00554	0.01025	0.60513	0.01108
37	0.01804	0.01183	0.01481	0.01366	0.01704	0.01059	0.01039	0.02257	0.02955	0.08922	0.39889	0.08248	0.19432	0.02264	0.01269	0.00348	0.00562	0.01962	0.01172	0.01083
38	0.02059	0.01938	0.03270	0.59060	0.07510	0.02422	0.03028	0.02786	0.02180	0.02786	0.01938	0.02907	0.01453	0.01090	0.01090	0.00363	0.01453	0.00969	0.00484	0.01211
39	0.02187	0.05640	0.56031	0.03108	0.04719	0.02532	0.04029	0.03453	0.02302	0.03453	0.01957	0.02302	0.01381	0.01036	0.01036	0.00345	0.01611	0.00806	0.00460	0.01611
40	0.03128	0.02549	0.02699	0.02303	0.02994	0.02906	0.01826	0.18977	0.39050	0.05231	0.03910	0.03647	0.02901	0.01430	0.01104	0.00357	0.00961	0.01160	0.01104	0.01763
41	0.69383	0.02109	0.01603	0.01434	0.02109	0.02446	0.01181	0.03205	0.01856	0.04892	0.01518	0.01771	0.01181	0.01012	0.00675	0.00337	0.00843	0.00590	0.00675	0.01181

[dist]
# distance from previous block
# <min> <max>
0	3

[block]
# block no. 1 follows, 12 sequences, length 28
# corresponding to MSA columns:
# 48-75
name=unknown_B
#
# <colnr> <probs for GDERKNQSTAVLIFYWHMCP>
#	G	D	E	R	K	N	Q	S	T	A	V	L	I	F	Y	W	H	M	C	P
0	0.03437	0.03083	0.03506	0.02809	0.03585	0.12353	0.10975	0.15841	0.19589	0.08637	0.03101	0.03119	0.02282	0.01263	0.01115	0.00341	0.01322	0.01080	0.00925	0.01638
1	0.01483	0.01068	0.01404	0.01413	0.01616	0.00989	0.01024	0.01907	0.02808	0.03929	0.40834	0.22878	0.09430	0.02560	0.01315	0.00371	0.00547	0.02286	0.01148	0.00989
2	0.01522	0.01114	0.01428	0.01349	0.01616	0.01020	0.01012	0.02016	0.03036	0.04252	0.50642	0.08344	0.14026	0.02274	0.01286	0.00345	0.00518	0.02000	0.01184	0.01020
3	0.01289	0.01105	0.01105	0.01105	0.01473	0.00920	0.00828	0.01565	0.02485	0.02946	0.11046	0.10493	0.54437	0.02761	0.01289	0.00368	0.00552	0.02301	0.01013	0.00920
4	0.01496	0.01113	0.01392	0.01322	0.01600	0.01009	0.00992	0.01966	0.02975	0.04108	0.46293	0.08580	0.18464	0.02328	0.01286	0.00348	0.00521	0.02033	0.01166	0.01009
5	0.02788	0.52406	0.14527	0.02083	0.03135	0.04002	0.02245	0.03298	0.02231	0.02721	0.01593	0.01846	0.01396	0.00951	0.00759	0.00253	0.01244	0.00622	0.00465	0.01436
6	0.01845	0.01396	0.01773	0.01846	0.02151	0.01438	0.01506	0.02803	0.11956	0.03747	0.17901	0.13619	0.06826	0.02561	0.01367	0.00432	0.00823	0.23799	0.01074	0.01135
7	0.04644	0.02441	0.02753	0.02151	0.02975	0.07179	0.01757	0.15772	0.03579	0.39522	0.03672	0.03298	0.02385	0.01319	0.01085	0.00330	0.01087	0.01034	0.01217	0.01800
8	0.03902	0.04203	0.03629	0.02986	0.03711	0.34948	0.10150	0.11983	0.03341	0.07742	0.02134	0.02375	0.01624	0.01138	0.01060	0.00307	0.01736	0.00877	0.00710	0.01443
9	0.02261	0.01938	0.02261	0.01615	0.02584	0.01453	0.01292	0.02745	0.02261	0.03553	0.01938	0.02261	0.01615	0.00807	0.00807	0.00161	0.00807	0.00646	0.00646	0.68346
10	0.02594	0.01678	0.02353	0.02086	0.02538	0.01641	0.06029	0.10897	0.02866	0.13049	0.04753	0.31840	0.04903	0.02424	0.01286	0.00401	0.00922	0.05410	0.01042	0.01288
11	0.03603	0.02847	0.03661	0.02863	0.03680	0.10695	0.14414	0.08439	0.14812	0.18429	0.03268	0.03248	0.02317	0.01232	0.01131	0.00343	0.01324	0.01109	0.00949	0.01637
12	0.02261	0.01938	0.02261	0.01615	0.02584	0.01453	0.01292	0.02745	0.02261	0.03553	0.01938	0.02261	0.01615	0.00807	0.00807	0.00161	0.00807	0.00646	0.00646	0.68346
13	0.02782	0.02212	0.11980	0.02111	0.02776	0.01545	0.02009	0.03350	0.02602	0.20156	0.04628	0.15440	0.04362	0.02173	0.01268	0.00410	0.01033	0.16773	0.01016	0.01373
14	0.02492	0.02380	0.04052	0.23626	0.39562	0.02536	0.03243	0.03165	0.02385	0.03311	0.02014	0.02766	0.01639	0.01010	0.01083	0.00337	0.01346	0.00971	0.00522	0.01560
15	0.02171	0.02052	0.03473	0.49888	0.15807	0.02452	0.03084	0.02884	0.02233	0.02922	0.01958	0.02870	0.01501	0.01069	0.01088	0.00356	0.01426	0.00969	0.00494	0.01302
16	0.02362	0.02262	0.03610	0.02579	0.03591	0.01875	0.17339	0.02987	0.02362	0.03533	0.02025	0.02481	0.01628	0.00844	0.00962	0.00228	0.01141	0.00853	0.00615	0.46721
17	0.01289	0.01105	0.01105	0.01105	0.01473	0.00920	0.00828	0.01565	0.02485	0.02946	0.11046	0.10493	0.54437	0.02761	0.01289	0.00368	0.00552	0.02301	0.01013	0.00920
18	0.03173	0.02618	0.03089	0.03141	0.12650	0.02906	0.02138	0.20037	0.28120	0.05123	0.03407	0.03345	0.02555	0.01330	0.01098	0.00348	0.01052	0.01103	0.00998	0.01768
19	0.04892	0.01856	0.02530	0.01940	0.02783	0.01603	0.01603	0.05314	0.03121	0.55634	0.04302	0.03711	0.02699	0.01350	0.01096	0.00337	0.00928	0.01096	0.01350	0.01856
20	0.02915	0.62337	0.05714	0.01866	0.02799	0.04314	0.01866	0.03265	0.02215	0.02565	0.01516	0.01749	0.01399	0.00933	0.00700	0.00233	0.01166	0.00583	0.00466	0.01399
21	0.04145	0.03054	0.03272	0.02509	0.03381	0.03381	0.02072	0.51243	0.05127	0.06872	0.02618	0.02618	0.01854	0.01309	0.01091	0.00327	0.01200	0.00982	0.01091	0.01854
22	0.04892	0.01856	0.02530	0.01940	0.02783	0.01603	0.01603	0.05314	0.03121	0.55634	0.04302	0.03711	0.02699	0.01350	0.01096	0.00337	0.00928	0.01096	0.01350	0.01856
23	0.01317	0.00992	0.01220	0.01403	0.01551	0.00895	0.00961	0.01531	0.02198	0.02829	0.07414	0.46891	0.20383	0.03233	0.01363	0.00422	0.00610	0.02877	0.01012	0.00895
24	0.01757	0.01255	0.01757	0.02008	0.02259	0.01255	0.01757	0.02259	0.02510	0.03263	0.05773	0.12299	0.06275	0.03012	0.01506	0.00502	0.01004	0.47540	0.01004	0.01004
25	0.03488	0.03528	0.02365	0.02146	0.02635	0.33838	0.01624	0.03856	0.02832	0.08085	0.02537	0.02810	0.01976	0.01192	0.00922	0.00277	0.01396	0.00841	0.22409	0.01239
26	0.02047	0.01711	0.02032	0.01593	0.02354	0.01323	0.01228	0.02464	0.02221	0.03376	0.02873	0.15743	0.02900	0.01406	0.00942	0.00226	0.00767	0.01209	0.00730	0.52855
27	0.09163	0.21713	0.07685	0.02279	0.06972	0.02717	0.01895	0.03616	0.07205	0.11516	0.11546	0.03508	0.03340	0.01293	0.00957	0.00307	0.01003	0.01015	0.00814	0.01457

[dist]
# distance from previous block
# <min> <max>
0	1

[block]
# block no. 2 follows, 12 sequences, length 14
# corresponding to MSA columns:
# 77-90
name=unknown_C
#
# <colnr> <probs for GDERKNQSTAVLIFYWHMCP>
#	G	D	E	R	K	N	Q	S	T	A	V	L	I	F	Y	W	H	M	C	P
0	0.09584	0.02610	0.04071	0.08829	0.21124	0.02700	0.12194	0.13946	0.03038	0.07964	0.02302	0.02727	0.01732	0.01075	0.01086	0.00339	0.01326	0.01008	0.00728	0.01617
1	0.02835	0.02970	0.03911	0.17163	0.34438	0.13463	0.03031	0.03427	0.02539	0.03217	0.01954	0.02597	0.01604	0.01027	0.01063	0.00324	0.01463	0.00917	0.00532	0.01524
2	0.01462	0.01111	0.01345	0.01287	0.01579	0.00994	0.00965	0.01901	0.02895	0.03918	0.40531	0.08892	0.24344	0.02399	0.01287	0.00351	0.00526	0.02077	0.01140	0.00994
3	0.01289	0.01105	0.01105	0.01105	0.01473	0.00920	0.00828	0.01565	0.02485	0.02946	0.11046	0.10493	0.54437	0.02761	0.01289	0.00368	0.00552	0.02301	0.01013	0.00920
4	0.04892	0.01856	0.02530	0.01940	0.02783	0.01603	0.01603	0.05314	0.03121	0.55634	0.04302	0.03711	0.02699	0.01350	0.01096	0.00337	0.00928	0.01096	0.01350	0.01856
5	0.01328	0.00949	0.01265	0.01518	0.01581	0.00886	0.01012	0.01518	0.02088	0.02783	0.06010	0.60969	0.07212	0.03416	0.01392	0.00443	0.00633	0.03100	0.01012	0.00886
6	0.02699	0.02591	0.04426	0.06693	0.54879	0.02591	0.03346	0.03346	0.02483	0.03562	0.02051	0.02699	0.01727	0.00972	0.01079	0.00324	0.01295	0.00972	0.00540	0.01727
7	0.04892	0.01856	0.02530	0.01940	0.02783	0.01603	0.01603	0.05314	0.03121	0.55634	0.04302	0.03711	0.02699	0.01350	0.01096	0.00337	0.00928	0.01096	0.01350	0.01856
8	0.02707	0.01873	0.02401	0.13277	0.03444	0.02025	0.01786	0.07628	0.15992	0.12733	0.18592	0.04874	0.04802	0.01590	0.01154	0.00352	0.00915	0.01357	0.01050	0.01448
9	0.02028	0.01623	0.01875	0.01723	0.02129	0.01727	0.01318	0.03606	0.23740	0.04451	0.33632	0.06455	0.07403	0.01918	0.01213	0.00354	0.00659	0.01665	0.01163	0.01318
10	0.03475	0.02723	0.13455	0.02312	0.03363	0.01846	0.06152	0.04123	0.02688	0.27333	0.03045	0.02989	0.02067	0.01110	0.01025	0.00296	0.01109	0.00938	0.00923	0.19027
11	0.48476	0.03139	0.08286	0.01904	0.02667	0.13393	0.01700	0.03463	0.02154	0.04280	0.01603	0.01872	0.01249	0.01037	0.00779	0.00327	0.01157	0.00638	0.00627	0.01248
12	0.10238	0.02756	0.13139	0.02322	0.03101	0.02276	0.05429	0.07192	0.16829	0.04330	0.12257	0.04678	0.03946	0.01547	0.01119	0.00364	0.01052	0.05082	0.00896	0.01447
13	0.03497	0.10364	0.12459	0.02323	0.03236	0.13333	0.02155	0.04408	0.09731	0.18198	0.02862	0.02814	0.02053	0.01173	0.00995	0.00305	0.01265	0.00888	0.00840	0.07100

[dist]
# distance from previous block
# <min> <max>
0	2

[block]
# block no. 3 follows, 12 sequences, length 20
# corresponding to MSA columns:
# 93-112
name=unknown_D
#
# <colnr> <probs for GDERKNQSTAVLIFYWHMCP>
#	G	D	E	R	K	N	Q	S	T	A	V	L	I	F	Y	W	H	M	C	P
0	0.40511	0.02957	0.13050	0.02688	0.07620	0.02523	0.09598	0.03309	0.02105	0.04287	0.01754	0.02132	0.01339	0.00999	0.00873	0.00342	0.01183	0.00772	0.00603	0.01355
1	0.02915	0.62337	0.05714	0.01866	0.02799	0.04314	0.01866	0.03265	0.02215	0.02565	0.01516	0.01749	0.01399	0.00933	0.00700	0.00233	0.01166	0.00583	0.00466	0.01399
2	0.03391	0.03287	0.03064	0.02607	0.03135	0.17043	0.02080	0.17627	0.14272	0.04272	0.02495	0.02714	0.01962	0.01442	0.01662	0.00361	0.15299	0.00959	0.00813	0.01517
3	0.01328	0.00949	0.01265	0.01518	0.01581	0.00886	0.01012	0.01518	0.02088	0.02783	0.06010	0.60969	0.07212	0.03416	0.01392	0.00443	0.00633	0.03100	0.01012	0.00886
4	0.02574	0.02941	0.06434	0.04596	0.05699	0.02757	0.50919	0.03493	0.02574	0.03493	0.02206	0.02941	0.01654	0.00919	0.01287	0.00368	0.01838	0.01287	0.00551	0.01471
5	0.01364	0.01108	0.01209	0.01183	0.01519	0.00952	0.00888	0.01710	0.02663	0.03366	0.23802	0.09801	0.41418	0.02604	0.01288	0.00361	0.00541	0.02204	0.01068	0.00952
6	0.01586	0.01057	0.01189	0.01189	0.01189	0.01057	0.00661	0.01586	0.01586	0.02114	0.03436	0.07135	0.03964	0.61681	0.05550	0.01057	0.01057	0.01586	0.00661	0.00661
7	0.04073	0.05197	0.03090	0.02809	0.03371	0.57303	0.02107	0.04354	0.03090	0.02669	0.01685	0.01966	0.01404	0.01124	0.00983	0.00281	0.01966	0.00702	0.00562	0.01264
8	0.01311	0.01016	0.01196	0.01340	0.01535	0.00901	0.00933	0.01538	0.02259	0.02853	0.08181	0.39204	0.27575	0.03134	0.01347	0.00411	0.00598	0.02755	0.01012	0.00901
9	0.02843	0.37123	0.22885	0.02304	0.03464	0.03448	0.02592	0.03518	0.02328	0.07731	0.01924	0.02121	0.01512	0.01007	0.00853	0.00282	0.01299	0.00707	0.00545	0.01515
10	0.02703	0.02276	0.03446	0.02815	0.03523	0.02373	0.15329	0.04502	0.25803	0.08609	0.04039	0.05150	0.03319	0.01578	0.01226	0.00389	0.01163	0.09255	0.00958	0.01542
11	0.02699	0.02591	0.04426	0.06693	0.54879	0.02591	0.03346	0.03346	0.02483	0.03562	0.02051	0.02699	0.01727	0.00972	0.01079	0.00324	0.01295	0.00972	0.00540	0.01727
12	0.03996	0.02405	0.02763	0.02215	0.03001	0.02533	0.01798	0.21026	0.18483	0.24042	0.03771	0.03446	0.02598	0.01374	0.01098	0.00344	0.01001	0.01098	0.01191	0.01817
13	0.02699	0.02591	0.04426	0.06693	0.54879	0.02591	0.03346	0.03346	0.02483	0.03562	0.02051	0.02699	0.01727	0.00972	0.01079	0.00324	0.01295	0.00972	0.00540	0.01727
14	0.01463	0.01080	0.01398	0.01601	0.01785	0.01015	0.01224	0.01773	0.02304	0.02974	0.06899	0.35113	0.15978	0.03156	0.01410	0.00448	0.00740	0.17696	0.01010	0.00932
15	0.02699	0.02591	0.04426	0.06693	0.54879	0.02591	0.03346	0.03346	0.02483	0.03562	0.02051	0.02699	0.01727	0.00972	0.01079	0.00324	0.01295	0.00972	0.00540	0.01727
16	0.16905	0.02519	0.02733	0.02134	0.02960	0.02677	0.01762	0.28466	0.03906	0.20871	0.02903	0.02778	0.01974	0.01264	0.01012	0.00332	0.01051	0.00940	0.01087	0.01725
17	0.01917	0.01665	0.02289	0.02067	0.02157	0.02103	0.01625	0.02198	0.01930	0.02834	0.11665	0.04644	0.03745	0.13398	0.15306	0.00830	0.26648	0.01292	0.00662	0.01025
18	0.02639	0.14358	0.06295	0.04071	0.05141	0.03057	0.41490	0.03449	0.02505	0.03314	0.02073	0.02712	0.01605	0.00922	0.01174	0.00342	0.01709	0.01151	0.00535	0.01457
19	0.01682	0.01205	0.01594	0.01776	0.01992	0.01188	0.01472	0.02073	0.02340	0.03026	0.05840	0.11197	0.10332	0.13607	0.02218	0.00590	0.00972	0.35019	0.00943	0.00934

[dist]
# distance from previous block
# <min> <max>
0	1

[block]
# block no. 4 follows, 12 sequences, length 30
# corresponding to MSA columns:
# 114-143
name=unknown_E
#
# <colnr> <probs for GDERKNQSTAVLIFYWHMCP>
#	G	D	E	R	K	N	Q	S	T	A	V	L	I	F	Y	W	H	M	C	P
0	0.02284	0.04965	0.43631	0.03480	0.04964	0.02589	0.15752	0.03463	0.02370	0.03463	0.02019	0.02462	0.01450	0.01007	0.01099	0.00351	0.01668	0.00926	0.00483	0.01576
1	0.02764	0.02346	0.02853	0.02209	0.03064	0.02294	0.05699	0.12480	0.18278	0.04454	0.02847	0.02934	0.02185	0.01112	0.00991	0.00272	0.00981	0.00939	0.00860	0.30437
2	0.01543	0.01115	0.01457	0.01372	0.01629	0.01029	0.01029	0.02058	0.03086	0.04372	0.54304	0.08145	0.10288	0.02229	0.01286	0.00343	0.00514	0.01972	0.01200	0.01029
3	0.01795	0.02885	0.22812	0.02051	0.02838	0.01617	0.02203	0.02604	0.02779	0.04013	0.33820	0.05858	0.06803	0.01762	0.01188	0.00344	0.00944	0.01516	0.00911	0.01257
4	0.01580	0.01079	0.01300	0.01300	0.01338	0.01117	0.00798	0.01656	0.01618	0.02196	0.03335	0.06577	0.03722	0.51202	0.15697	0.01193	0.01422	0.01504	0.00646	0.00722
5	0.01894	0.00947	0.01420	0.01420	0.01420	0.00947	0.00947	0.01420	0.01420	0.01894	0.01894	0.03314	0.01894	0.03788	0.04261	0.68277	0.00947	0.00947	0.00473	0.00473
6	0.02583	0.02473	0.04217	0.16131	0.46342	0.02560	0.03289	0.03245	0.02428	0.03422	0.02031	0.02736	0.01678	0.00993	0.01081	0.00331	0.01324	0.00971	0.00530	0.01634
7	0.01894	0.00947	0.01420	0.01420	0.01420	0.00947	0.00947	0.01420	0.01420	0.01894	0.01894	0.03314	0.01894	0.03788	0.04261	0.68277	0.00947	0.00947	0.00473	0.00473
8	0.01458	0.01216	0.01287	0.01279	0.01634	0.01108	0.00953	0.02029	0.07608	0.03210	0.13418	0.14497	0.41122	0.02651	0.01280	0.00373	0.00588	0.02243	0.01038	0.01008
9	0.03568	0.08518	0.03248	0.02354	0.03150	0.03256	0.01942	0.32072	0.20160	0.05718	0.03095	0.02999	0.02283	0.01327	0.01059	0.00332	0.01089	0.01024	0.01037	0.01769
10	0.02999	0.01915	0.02337	0.01706	0.02640	0.01495	0.01379	0.03466	0.02502	0.18172	0.02601	0.02668	0.01919	0.00960	0.00889	0.00211	0.00841	0.00772	0.00843	0.49683
11	0.03103	0.07696	0.03127	0.02657	0.07543	0.03014	0.01971	0.17233	0.31655	0.04906	0.03502	0.03370	0.02637	0.01343	0.01067	0.00343	0.01015	0.01089	0.00999	0.01731
12	0.01983	0.01629	0.02531	0.08917	0.15884	0.01672	0.02213	0.02514	0.02430	0.03244	0.04476	0.13544	0.04738	0.02345	0.01346	0.00438	0.01087	0.26977	0.00836	0.01195
13	0.01361	0.01007	0.01282	0.01487	0.01625	0.00927	0.01048	0.01597	0.02202	0.02859	0.06930	0.46925	0.15962	0.03255	0.01383	0.00434	0.00653	0.07148	0.01011	0.00903
14	0.69383	0.02109	0.01603	0.01434	0.02109	0.02446	0.01181	0.03205	0.01856	0.04892	0.01518	0.01771	0.01181	0.01012	0.00675	0.00337	0.00843	0.00590	0.00675	0.01181
15	0.01335	0.01019	0.01228	0.01360	0.01548	0.00912	0.00950	0.01586	0.02322	0.02992	0.12401	0.38310	0.23962	0.03074	0.01346	0.00407	0.00593	0.02713	0.01030	0.00912
16	0.01543	0.01115	0.01457	0.01372	0.01629	0.01029	0.01029	0.02058	0.03086	0.04372	0.54304	0.08145	0.10288	0.02229	0.01286	0.00343	0.00514	0.01972	0.01200	0.01029
17	0.02712	0.02342	0.02465	0.02219	0.02835	0.02712	0.01726	0.05794	0.52909	0.04561	0.04438	0.04068	0.03328	0.01479	0.01109	0.00370	0.00863	0.01233	0.01109	0.01726
18	0.04472	0.03431	0.02835	0.02369	0.03090	0.26493	0.01862	0.08350	0.03258	0.28417	0.03012	0.02853	0.02060	0.01246	0.01046	0.00312	0.01410	0.00913	0.00980	0.01593
19	0.07779	0.02346	0.02538	0.02160	0.02858	0.02597	0.01719	0.12238	0.33638	0.13953	0.03950	0.03637	0.02856	0.01400	0.01075	0.00356	0.00923	0.01129	0.01120	0.01731
20	0.04435	0.02333	0.02795	0.02171	0.03005	0.02344	0.01784	0.22055	0.08093	0.33552	0.03701	0.03344	0.02446	0.01346	0.01096	0.00336	0.01021	0.01066	0.01235	0.01844
21	0.01543	0.01115	0.01457	0.01372	0.01629	0.01029	0.01029	0.02058	0.03086	0.04372	0.54304	0.08145	0.10288	0.02229	0.01286	0.00343	0.00514	0.01972	0.01200	0.01029
22	0.01562	0.01150	0.01658	0.01658	0.01820	0.01311	0.01245	0.01886	0.01724	0.02461	0.03007	0.04763	0.02934	0.17177	0.48646	0.01635	0.02607	0.01238	0.00597	0.00921
23	0.02385	0.02385	0.03340	0.02863	0.02863	0.03340	0.02385	0.02624	0.01670	0.02624	0.01431	0.02385	0.01431	0.01908	0.03578	0.00477	0.59685	0.00954	0.00477	0.01193
24	0.01894	0.00947	0.01420	0.01420	0.01420	0.00947	0.00947	0.01420	0.01420	0.01894	0.01894	0.03314	0.01894	0.03788	0.04261	0.68277	0.00947	0.00947	0.00473	0.00473
25	0.03388	0.30241	0.09730	0.02277	0.03252	0.03719	0.02177	0.24608	0.03518	0.04569	0.02050	0.02191	0.01600	0.01110	0.00908	0.00286	0.01226	0.00783	0.00743	0.01623
26	0.01595	0.01175	0.01531	0.01610	0.01883	0.01111	0.01319	0.02064	0.02729	0.03639	0.25444	0.10387	0.15929	0.02667	0.01384	0.00418	0.00739	0.22294	0.01081	0.01000
27	0.02632	0.10105	0.37907	0.03040	0.04389	0.07457	0.07393	0.08105	0.02655	0.03640	0.01979	0.02308	0.01453	0.01051	0.01028	0.00330	0.01582	0.00834	0.00538	0.01575
28	0.52946	0.12218	0.02370	0.01548	0.02280	0.02692	0.01330	0.03387	0.02019	0.08637	0.01745	0.01926	0.01341	0.01026	0.00713	0.00320	0.00905	0.00630	0.00695	0.01273
29	0.03697	0.18789	0.03751	0.02171	0.03054	0.02658	0.05661	0.07885	0.07051	0.24412	0.03046	0.02931	0.02152	0.01161	0.00978	0.00298	0.01072	0.00934	0.00942	0.07354

[dist]
# distance from previous block
# <min> <max>
1	2

[block]
# block no. 5 follows, 12 sequences, length 78
# corresponding to MSA columns:
# 212-289
name=unknown_F
#
# <colnr> <probs for GDERKNQSTAVLIFYWHMCP>
#	G	D	E	R	K	N	Q	S	T	A	V	L	I	F	Y	W	H	M	C	P
0	0.03697	0.22730	0.10224	0.02084	0.03033	0.02730	0.02003	0.04436	0.07157	0.26746	0.03085	0.02908	0.02154	0.01182	0.00957	0.00306	0.01087	0.00900	0.00921	0.01660
1	0.02261	0.01938	0.02261	0.01615	0.02584	0.01453	0.01292	0.02745	0.02261	0.03553	0.01938	0.02261	0.01615	0.00807	0.00807	0.00161	0.00807	0.00646	0.00646	0.68346
2	0.02004	0.02413	0.12295	0.06945	0.03356	0.01880	0.08022	0.03103	0.10197	0.03994	0.26638	0.05403	0.05842	0.01645	0.01198	0.00352	0.01007	0.01483	0.00913	0.01308
3	0.02649	0.02540	0.04335	0.10784	0.51178	0.02578	0.03321	0.03303	0.02459	0.03502	0.02042	0.02715	0.01706	0.00981	0.01080	0.00327	0.01308	0.00971	0.00535	0.01687
4	0.01872	0.01206	0.01610	0.01551	0.01857	0.01124	0.01227	0.02376	0.02971	0.08497	0.40064	0.08624	0.08817	0.02316	0.01315	0.00375	0.00650	0.11281	0.01173	0.01094
5	0.01586	0.01057	0.01189	0.01189	0.01189	0.01057	0.00661	0.01586	0.01586	0.02114	0.03436	0.07135	0.03964	0.61681	0.05550	0.01057	0.01057	0.01586	0.00661	0.00661
6	0.02805	0.53756	0.13329	0.02054	0.03089	0.04045	0.02193	0.03293	0.02229	0.02700	0.01583	0.01833	0.01397	0.00948	0.00751	0.00250	0.01233	0.00617	0.00466	0.01431
7	0.02059	0.01938	0.03270	0.59060	0.07510	0.02422	0.03028	0.02786	0.02180	0.02786	0.01938	0.02907	0.01453	0.01090	0.01090	0.00363	0.01453	0.00969	0.00484	0.01211
8	0.02970	0.02171	0.02377	0.02091	0.02727	0.02397	0.01640	0.05405	0.40946	0.12928	0.04899	0.04479	0.06965	0.01552	0.01120	0.00364	0.00851	0.01288	0.01142	0.01688
9	0.11871	0.02222	0.06724	0.01876	0.02799	0.01739	0.01656	0.04131	0.02639	0.29469	0.03057	0.02921	0.02078	0.01120	0.00953	0.00285	0.00937	0.00875	0.00982	0.21665
10	0.04073	0.05197	0.03090	0.02809	0.03371	0.57303	0.02107	0.04354	0.03090	0.02669	0.01685	0.01966	0.01404	0.01124	0.00983	0.00281	0.01966	0.00702	0.00562	0.01264
11	0.01328	0.00949	0.01265	0.01518	0.01581	0.00886	0.01012	0.01518	0.02088	0.02783	0.06010	0.60969	0.07212	0.03416	0.01392	0.00443	0.00633	0.03100	0.01012	0.00886
12	0.03534	0.03604	0.16759	0.02617	0.03581	0.12900	0.06163	0.07703	0.03008	0.20053	0.06801	0.03210	0.02553	0.01256	0.01088	0.00330	0.01367	0.01019	0.00872	0.01582
13	0.52235	0.02533	0.02543	0.02086	0.02822	0.07578	0.09530	0.03359	0.02089	0.04454	0.01648	0.01984	0.01280	0.01007	0.00805	0.00337	0.01113	0.00716	0.00644	0.01237
14	0.03673	0.02671	0.02586	0.02165	0.02840	0.10782	0.01718	0.15725	0.16366	0.16461	0.03448	0.03323	0.02477	0.01329	0.01040	0.00324	0.01082	0.01034	0.09330	0.01627
15	0.02574	0.02941	0.06434	0.04596	0.05699	0.02757	0.50919	0.03493	0.02574	0.03493	0.02206	0.02941	0.01654	0.00919	0.01287	0.00368	0.01838	0.01287	0.00551	0.01471
16	0.01289	0.01105	0.01105	0.01105	0.01473	0.00920	0.00828	0.01565	0.02485	0.02946	0.11046	0.10493	0.54437	0.02761	0.01289	0.00368	0.00552	0.02301	0.01013	0.00920
17	0.01289	0.01105	0.01105	0.01105	0.01473	0.00920	0.00828	0.01565	0.02485	0.02946	0.11046	0.10493	0.54437	0.02761	0.01289	0.00368	0.00552	0.02301	0.01013	0.00920
18	0.04231	0.03104	0.03163	0.02466	0.03306	0.08154	0.02017	0.41212	0.04689	0.12523	0.02740	0.02693	0.01917	0.01297	0.01081	0.00324	0.01237	0.00970	0.01074	0.01800
19	0.01558	0.01168	0.01752	0.01752	0.01947	0.01363	0.01363	0.01947	0.01752	0.02531	0.02921	0.04283	0.02726	0.08178	0.57360	0.01752	0.02921	0.01168	0.00584	0.00974
20	0.02210	0.02092	0.03543	0.46709	0.18682	0.02462	0.03103	0.02918	0.02252	0.02969	0.01965	0.02858	0.01518	0.01062	0.01088	0.00354	0.01416	0.00970	0.00498	0.01333
21	0.03412	0.01781	0.02243	0.01887	0.02502	0.01727	0.01526	0.07892	0.10358	0.27147	0.16902	0.05522	0.04938	0.01728	0.01180	0.00357	0.00842	0.05272	0.01228	0.01556
22	0.03827	0.18393	0.03904	0.02342	0.03231	0.03623	0.02019	0.38829	0.04373	0.05757	0.02333	0.02393	0.01737	0.01212	0.00990	0.00303	0.01191	0.00879	0.00929	0.01737
23	0.02531	0.02948	0.15398	0.02629	0.03659	0.02048	0.12501	0.03424	0.05918	0.08294	0.02515	0.03072	0.01981	0.05925	0.01395	0.00351	0.01246	0.00978	0.00682	0.22503
24	0.02966	0.46927	0.05306	0.02201	0.03118	0.03958	0.06413	0.07397	0.06790	0.03170	0.01917	0.02127	0.01624	0.01009	0.00821	0.00265	0.01205	0.00736	0.00580	0.01471
25	0.12355	0.07556	0.16179	0.02251	0.02993	0.05940	0.02291	0.02937	0.02375	0.03463	0.03523	0.06571	0.03516	0.01903	0.01159	0.00400	0.01217	0.21394	0.00741	0.01237
26	0.02659	0.02702	0.05064	0.06026	0.39245	0.02644	0.18469	0.03393	0.02512	0.03540	0.02100	0.02776	0.01704	0.00955	0.01145	0.00338	0.01468	0.01072	0.00543	0.01646
27	0.01894	0.00947	0.01420	0.01420	0.01420	0.00947	0.00947	0.01420	0.01420	0.01894	0.01894	0.03314	0.01894	0.03788	0.04261	0.68277	0.00947	0.00947	0.00473	0.00473
28	0.02633	0.01379	0.01604	0.01414	0.01734	0.01349	0.01006	0.06529	0.02383	0.14847	0.03595	0.05230	0.03217	0.27978	0.02977	0.00633	0.00898	0.01283	0.18201	0.01110
29	0.02432	0.01702	0.02009	0.01757	0.02225	0.01756	0.01369	0.09296	0.14735	0.09299	0.32037	0.06132	0.06975	0.01865	0.01205	0.00347	0.00716	0.01602	0.01179	0.01364
30	0.01355	0.00969	0.01289	0.01500	0.01587	0.00903	0.01014	0.01585	0.02211	0.02980	0.11992	0.54425	0.07593	0.03269	0.01379	0.00430	0.00618	0.02960	0.01035	0.00903
31	0.01402	0.01109	0.01262	0.01224	0.01542	0.00969	0.00918	0.01784	0.02753	0.03581	0.30307	0.09448	0.34778	0.02524	0.01287	0.00357	0.00535	0.02155	0.01096	0.00969
32	0.69383	0.02109	0.01603	0.01434	0.02109	0.02446	0.01181	0.03205	0.01856	0.04892	0.01518	0.01771	0.01181	0.01012	0.00675	0.00337	0.00843	0.00590	0.00675	0.01181
33	0.01289	0.01105	0.01105	0.01105	0.01473	0.00920	0.00828	0.01565	0.02485	0.02946	0.11046	0.10493	0.54437	0.02761	0.01289	0.00368	0.00552	0.02301	0.01013	0.00920
34	0.04722	0.01894	0.02525	0.01962	0.02787	0.01689	0.01612	0.05351	0.07001	0.51654	0.04312	0.03739	0.02748	0.01360	0.01098	0.00340	0.00923	0.01107	0.01331	0.01845
35	0.02838	0.02068	0.02927	0.02118	0.03081	0.01675	0.08631	0.03373	0.02480	0.14055	0.02454	0.02653	0.01840	0.00933	0.00936	0.00227	0.00983	0.00831	0.00774	0.45122
36	0.69383	0.02109	0.01603	0.01434	0.02109	0.02446	0.01181	0.03205	0.01856	0.04892	0.01518	0.01771	0.01181	0.01012	0.00675	0.00337	0.00843	0.00590	0.00675	0.01181
37	0.04114	0.23886	0.03721	0.01985	0.02837	0.07148	0.01739	0.04498	0.02793	0.32198	0.03085	0.02862	0.02125	0.01181	0.00944	0.00295	0.01099	0.00879	0.00967	0.01643
38	0.02882	0.01919	0.02325	0.01692	0.02631	0.01489	0.01365	0.03351	0.02464	0.15836	0.02495	0.02603	0.01871	0.00935	0.00876	0.00203	0.00836	0.00752	0.00812	0.52665
39	0.03113	0.04399	0.32663	0.02796	0.04079	0.02761	0.03126	0.20797	0.03385	0.08964	0.02387	0.02531	0.01660	0.01160	0.01061	0.00338	0.01407	0.00893	0.00760	0.01719
40	0.02059	0.01938	0.03270	0.59060	0.07510	0.02422	0.03028	0.02786	0.02180	0.02786	0.01938	0.02907	0.01453	0.01090	0.01090	0.00363	0.01453	0.00969	0.00484	0.01211
41	0.02261	0.01938	0.02261	0.01615	0.02584	0.01453	0.01292	0.02745	0.02261	0.03553	0.01938	0.02261	0.01615	0.00807	0.00807	0.00161	0.00807	0.00646	0.00646	0.68346
42	0.11949	0.02324	0.03985	0.02945	0.03872	0.02171	0.21384	0.04320	0.02744	0.28378	0.03114	0.03161	0.02091	0.01135	0.01121	0.00350	0.01284	0.01110	0.00945	0.01617
43	0.01328	0.00949	0.01265	0.01518	0.01581	0.00886	0.01012	0.01518	0.02088	0.02783	0.06010	0.60969	0.07212	0.03416	0.01392	0.00443	0.00633	0.03100	0.01012	0.00886
44	0.02546	0.01336	0.01779	0.01542	0.01975	0.01201	0.01201	0.03033	0.03097	0.19725	0.39329	0.06817	0.08015	0.01966	0.01229	0.00341	0.00638	0.01710	0.01245	0.01276
45	0.02699	0.02591	0.04426	0.06693	0.54879	0.02591	0.03346	0.03346	0.02483	0.03562	0.02051	0.02699	0.01727	0.00972	0.01079	0.00324	0.01295	0.00972	0.00540	0.01727
46	0.69383	0.02109	0.01603	0.01434	0.02109	0.02446	0.01181	0.03205	0.01856	0.04892	0.01518	0.01771	0.01181	0.01012	0.00675	0.00337	0.00843	0.00590	0.00675	0.01181
47	0.02457	0.02539	0.02211	0.02459	0.08621	0.19089	0.01531	0.02669	0.02286	0.02618	0.03278	0.16870	0.03593	0.22001	0.02623	0.00583	0.01282	0.01564	0.00692	0.01034
48	0.01757	0.01255	0.01757	0.02008	0.02259	0.01255	0.01757	0.02259	0.02510	0.03263	0.05773	0.12299	0.06275	0.03012	0.01506	0.00502	0.01004	0.47540	0.01004	0.01004
49	0.02574	0.02941	0.06434	0.04596	0.05699	0.02757	0.50919	0.03493	0.02574	0.03493	0.02206	0.02941	0.01654	0.00919	0.01287	0.00368	0.01838	0.01287	0.00551	0.01471
50	0.01328	0.00949	0.01265	0.01518	0.01581	0.00886	0.01012	0.01518	0.02088	0.02783	0.06010	0.60969	0.07212	0.03416	0.01392	0.00443	0.00633	0.03100	0.01012	0.00886
51	0.01564	0.01144	0.01630	0.01630	0.01783	0.01297	0.01211	0.01869	0.01716	0.02441	0.03032	0.04901	0.02994	0.19760	0.46144	0.01602	0.02517	0.01259	0.00601	0.00906
52	0.04145	0.03054	0.03272	0.02509	0.03381	0.03381	0.02072	0.51243	0.05127	0.06872	0.02618	0.02618	0.01854	0.01309	0.01091	0.00327	0.01200	0.00982	0.01091	0.01854
53	0.02016	0.01358	0.01866	0.02081	0.08250	0.01301	0.01319	0.02384	0.02516	0.08075	0.24014	0.07125	0.06316	0.19866	0.02539	0.00567	0.00852	0.05524	0.00953	0.01077
54	0.03114	0.09687	0.34364	0.02621	0.03926	0.02402	0.03057	0.04027	0.02554	0.19959	0.02661	0.02699	0.01802	0.01126	0.01024	0.00332	0.01353	0.00878	0.00744	0.01669
55	0.02419	0.02694	0.05794	0.04214	0.05189	0.02525	0.44737	0.03248	0.02513	0.03405	0.02677	0.10130	0.02343	0.01228	0.01300	0.00377	0.01689	0.01511	0.00609	0.01398
56	0.11648	0.02576	0.04242	0.03451	0.08764	0.02542	0.21116	0.11655	0.03018	0.16131	0.02652	0.02897	0.01874	0.01097	0.01116	0.00346	0.01353	0.01078	0.00836	0.01609
57	0.02251	0.02133	0.03616	0.43377	0.21696	0.02473	0.03123	0.02954	0.02271	0.03018	0.01972	0.02845	0.01535	0.01055	0.01087	0.00352	0.01406	0.00970	0.00501	0.01366
58	0.04145	0.03054	0.03272	0.02509	0.03381	0.03381	0.02072	0.51243	0.05127	0.06872	0.02618	0.02618	0.01854	0.01309	0.01091	0.00327	0.01200	0.00982	0.01091	0.01854
59	0.02574	0.02941	0.06434	0.04596	0.05699	0.02757	0.50919	0.03493	0.02574	0.03493	0.02206	0.02941	0.01654	0.00919	0.01287	0.00368	0.01838	0.01287	0.00551	0.01471
60	0.03581	0.02355	0.09058	0.01964	0.02949	0.01662	0.01788	0.04131	0.02700	0.29853	0.03134	0.02999	0.02134	0.01110	0.00982	0.00273	0.00968	0.00893	0.00978	0.26486
61	0.01328	0.00949	0.01265	0.01518	0.01581	0.00886	0.01012	0.01518	0.02088	0.02783	0.06010	0.60969	0.07212	0.03416	0.01392	0.00443	0.00633	0.03100	0.01012	0.00886
62	0.02277	0.12664	0.49798	0.02954	0.04481	0.02753	0.03761	0.03430	0.02291	0.03343	0.01902	0.02234	0.01383	0.01023	0.00994	0.00331	0.01556	0.00778	0.00461	0.01585
63	0.04892	0.01856	0.02530	0.01940	0.02783	0.01603	0.01603	0.05314	0.03121	0.55634	0.04302	0.03711	0.02699	0.01350	0.01096	0.00337	0.00928	0.01096	0.01350	0.01856
64	0.02385	0.02385	0.03340	0.02863	0.02863	0.03340	0.02385	0.02624	0.01670	0.02624	0.01431	0.02385	0.01431	0.01908	0.03578	0.00477	0.59685	0.00954	0.00477	0.01193
65	0.10186	0.01790	0.02334	0.01905	0.02646	0.01627	0.01588	0.04678	0.02918	0.43428	0.04269	0.04797	0.03088	0.01563	0.01119	0.00362	0.00931	0.07861	0.01239	0.01671
66	0.04538	0.01752	0.02343	0.01826	0.02596	0.01530	0.01498	0.04970	0.03017	0.49246	0.04209	0.03755	0.02711	0.01340	0.01055	0.00327	0.00876	0.01087	0.09573	0.01752
67	0.04641	0.01989	0.02580	0.02008	0.02833	0.01835	0.01649	0.08811	0.07714	0.47410	0.04187	0.03661	0.02692	0.01358	0.01097	0.00340	0.00942	0.01100	0.01309	0.01844
68	0.01586	0.01057	0.01189	0.01189	0.01189	0.01057	0.00661	0.01586	0.01586	0.02114	0.03436	0.07135	0.03964	0.61681	0.05550	0.01057	0.01057	0.01586	0.00661	0.00661
69	0.09966	0.02253	0.02593	0.02084	0.02865	0.02326	0.01696	0.15183	0.15269	0.28419	0.03721	0.03386	0.02530	0.01341	0.01061	0.00343	0.00964	0.01059	0.01176	0.01764
70	0.03002	0.03023	0.02926	0.02543	0.03186	0.14811	0.05805	0.05288	0.37784	0.04055	0.03647	0.03511	0.02766	0.01355	0.01096	0.00350	0.01187	0.01120	0.00943	0.01603
71	0.01788	0.01515	0.02047	0.01919	0.02012	0.01809	0.01470	0.02076	0.02195	0.03143	0.18629	0.19692	0.05805	0.07727	0.02502	0.00480	0.21454	0.01870	0.00848	0.01017
72	0.02701	0.02499	0.04615	0.04785	0.24143	0.02492	0.19653	0.03350	0.02464	0.07812	0.02566	0.07623	0.02208	0.01269	0.01402	0.00364	0.06610	0.01266	0.00646	0.01531
73	0.01830	0.01138	0.01445	0.01394	0.01596	0.01067	0.00969	0.02128	0.02474	0.08179	0.26416	0.16208	0.07180	0.20150	0.02563	0.00573	0.00735	0.01963	0.01021	0.00971
74	0.13989	0.02093	0.02265	0.01846	0.02624	0.02077	0.01473	0.04286	0.19827	0.12455	0.03110	0.03036	0.02308	0.01160	0.00936	0.00291	0.00852	0.00912	0.00923	0.23537
75	0.69383	0.02109	0.01603	0.01434	0.02109	0.02446	0.01181	0.03205	0.01856	0.04892	0.01518	0.01771	0.01181	0.01012	0.00675	0.00337	0.00843	0.00590	0.00675	0.01181
76	0.03248	0.03589	0.03383	0.20273	0.13169	0.26784	0.02585	0.08059	0.02905	0.03241	0.01908	0.02430	0.01514	0.01105	0.01041	0.00317	0.01630	0.00853	0.00584	0.01380
77	0.03301	0.20191	0.03806	0.02195	0.03022	0.02762	0.06242	0.09734	0.06975	0.15966	0.03014	0.07473	0.02434	0.01312	0.00995	0.00304	0.01078	0.01082	0.00872	0.07240

[dist]
# distance from previous block
# <min> <max>
0	2

[block]
# block no. 6 follows, 12 sequences, length 12
# corresponding to MSA columns:
# 292-303
name=unknown_G
#
# <colnr> <probs for GDERKNQSTAVLIFYWHMCP>
#	G	D	E	R	K	N	Q	S	T	A	V	L	I	F	Y	W	H	M	C	P
0	0.03977	0.02745	0.03023	0.02342	0.03153	0.02973	0.01925	0.41791	0.04724	0.11726	0.07688	0.03255	0.02741	0.01400	0.01110	0.00330	0.01107	0.01087	0.01128	0.01776
1	0.02225	0.02180	0.03729	0.02899	0.03565	0.02154	0.19651	0.03002	0.06708	0.03333	0.03090	0.15626	0.02990	0.01620	0.01486	0.00357	0.08517	0.01512	0.00711	0.14644
2	0.01475	0.01081	0.01384	0.01374	0.01604	0.00990	0.01006	0.01901	0.02828	0.03915	0.40405	0.18879	0.14064	0.02518	0.01307	0.00365	0.00542	0.02229	0.01144	0.00990
3	0.01396	0.01109	0.01254	0.01218	0.01539	0.00966	0.00913	0.01773	0.02740	0.03549	0.29355	0.09499	0.35751	0.02536	0.01288	0.00358	0.00536	0.02162	0.01092	0.00966
4	0.03896	0.02306	0.02650	0.02080	0.02822	0.02390	0.01700	0.28013	0.04052	0.20678	0.08343	0.03632	0.03034	0.01408	0.01079	0.00325	0.00983	0.01117	0.07801	0.01689
5	0.01586	0.01057	0.01189	0.01189	0.01189	0.01057	0.00661	0.01586	0.01586	0.02114	0.03436	0.07135	0.03964	0.61681	0.05550	0.01057	0.01057	0.01586	0.00661	0.00661
6	0.04892	0.01856	0.02530	0.01940	0.02783	0.01603	0.01603	0.05314	0.03121	0.55634	0.04302	0.03711	0.02699	0.01350	0.01096	0.00337	0.00928	0.01096	0.01350	0.01856
7	0.02574	0.02941	0.06434	0.04596	0.05699	0.02757	0.50919	0.03493	0.02574	0.03493	0.02206	0.02941	0.01654	0.00919	0.01287	0.00368	0.01838	0.01287	0.00551	0.01471
8	0.02619	0.02509	0.04281	0.13243	0.48954	0.02570	0.03306	0.03276	0.02445	0.03465	0.02037	0.02725	0.01693	0.00986	0.01081	0.00329	0.01315	0.00971	0.00533	0.01663
9	0.02403	0.01990	0.02236	0.02151	0.02649	0.02240	0.01736	0.04649	0.36587	0.04141	0.04870	0.06734	0.04283	0.01976	0.01238	0.00413	0.00909	0.16230	0.01075	0.01492
10	0.01829	0.01135	0.01485	0.01461	0.01696	0.01046	0.01051	0.02186	0.02644	0.09026	0.29402	0.24239	0.07971	0.07728	0.01674	0.00436	0.00642	0.02202	0.01109	0.01038
11	0.09465	0.02683	0.04126	0.03891	0.15168	0.07786	0.17979	0.03783	0.02638	0.13562	0.02705	0.03478	0.02123	0.01188	0.01132	0.00350	0.01404	0.04271	0.00746	0.01521

[dist]
# distance from previous block
# <min> <max>
0	2

[block]
# block no. 7 follows, 12 sequences, length 15
# corresponding to MSA columns:
# 306-320
name=unknown_H
#
# <colnr> <probs for GDERKNQSTAVLIFYWHMCP>
#	G	D	E	R	K	N	Q	S	T	A	V	L	I	F	Y	W	H	M	C	P
0	0.14650	0.45087	0.04687	0.01902	0.02746	0.10238	0.01775	0.03383	0.02256	0.02983	0.01536	0.01779	0.01362	0.00969	0.00729	0.00257	0.01204	0.00598	0.00514	0.01345
1	0.69383	0.02109	0.01603	0.01434	0.02109	0.02446	0.01181	0.03205	0.01856	0.04892	0.01518	0.01771	0.01181	0.01012	0.00675	0.00337	0.00843	0.00590	0.00675	0.01181
2	0.03579	0.02987	0.03604	0.02786	0.03587	0.10249	0.11800	0.25056	0.03902	0.09828	0.08658	0.03347	0.02825	0.01317	0.01139	0.00332	0.01329	0.01132	0.00946	0.01598
3	0.01415	0.01091	0.01292	0.01281	0.01560	0.00968	0.00946	0.01795	0.02725	0.03608	0.31104	0.15326	0.27789	0.02584	0.01300	0.00365	0.00544	0.02238	0.01102	0.00968
4	0.02433	0.01792	0.02636	0.02152	0.02719	0.01737	0.09779	0.06467	0.08868	0.10939	0.19951	0.09893	0.12162	0.01893	0.01235	0.00359	0.00898	0.01708	0.01052	0.01329
5	0.04273	0.02849	0.03145	0.02411	0.03279	0.03077	0.01992	0.43374	0.04783	0.15226	0.02906	0.02805	0.01999	0.01316	0.01092	0.00329	0.01153	0.01001	0.01135	0.01855
6	0.02699	0.02591	0.04426	0.06693	0.54879	0.02591	0.03346	0.03346	0.02483	0.03562	0.02051	0.02699	0.01727	0.00972	0.01079	0.00324	0.01295	0.00972	0.00540	0.01727
7	0.01402	0.01001	0.01349	0.01602	0.01698	0.00949	0.01140	0.01645	0.02160	0.02866	0.05969	0.52631	0.07051	0.03347	0.01411	0.00453	0.00696	0.10714	0.01011	0.00906
8	0.02385	0.02385	0.03340	0.02863	0.02863	0.03340	0.02385	0.02624	0.01670	0.02624	0.01431	0.02385	0.01431	0.01908	0.03578	0.00477	0.59685	0.00954	0.00477	0.01193
