[name]
unknown

[dist]
# distance from previous block
# <min> <max>
0	266

[block]
# block no. 0 follows, 11 sequences, length 13
# corresponding to MSA columns:
# 295-300,302-308
name=unknown_A
#
# <colnr> <probs for GDERKNQSTAVLIFYWHMCP>
#	G	D	E	R	K	N	Q	S	T	A	V	L	I	F	Y	W	H	M	C	P
0	0.02625	0.02617	0.03053	0.08488	0.03673	0.11645	0.07232	0.03709	0.12862	0.03454	0.03687	0.05995	0.03439	0.01883	0.01510	0.00417	0.06823	0.14733	0.00820	0.01334
1	0.02172	0.01486	0.02006	0.09185	0.02736	0.01494	0.01418	0.02511	0.02051	0.08110	0.03027	0.04767	0.02853	0.22271	0.17138	0.00950	0.01600	0.01218	0.00709	0.12299
2	0.38029	0.02140	0.02178	0.05168	0.02828	0.02319	0.01570	0.08226	0.02634	0.17549	0.02702	0.03153	0.02021	0.01293	0.00927	0.00359	0.00976	0.03549	0.00924	0.01454
3	0.04966	0.02050	0.02695	0.02066	0.02940	0.01854	0.01707	0.10285	0.03446	0.49085	0.04252	0.03708	0.02691	0.01389	0.01131	0.00347	0.00988	0.01119	0.01364	0.01915
4	0.01623	0.01109	0.01312	0.01285	0.01366	0.01082	0.00798	0.01785	0.02110	0.02894	0.18590	0.07684	0.06085	0.42697	0.04385	0.00866	0.00920	0.01758	0.00852	0.00798
5	0.01611	0.01194	0.01748	0.01748	0.01928	0.01374	0.01331	0.01971	0.01791	0.02568	0.03071	0.04731	0.02948	0.13907	0.50703	0.01733	0.02813	0.01251	0.00611	0.00971
6	0.03891	0.20847	0.04147	0.02387	0.03307	0.03784	0.02074	0.35538	0.04375	0.05737	0.02355	0.02429	0.01771	0.01233	0.01003	0.00308	0.01228	0.00888	0.00929	0.01771
7	0.23849	0.02855	0.02852	0.02251	0.03089	0.03196	0.01858	0.35519	0.04261	0.06470	0.02356	0.02436	0.01702	0.01258	0.00995	0.00341	0.01126	0.00890	0.00995	0.01702
8	0.03093	0.03149	0.19394	0.02416	0.03308	0.02157	0.02449	0.03953	0.07188	0.18844	0.03553	0.03662	0.05467	0.01709	0.01729	0.07034	0.07396	0.01098	0.00860	0.01541
9	0.01587	0.01193	0.01502	0.01686	0.01872	0.01172	0.01234	0.02144	0.07173	0.03158	0.06498	0.41308	0.11244	0.03190	0.01418	0.00453	0.00735	0.10354	0.01053	0.01025
10	0.48437	0.20169	0.02950	0.01616	0.02394	0.03114	0.01435	0.03327	0.02029	0.04317	0.01566	0.01821	0.01288	0.01020	0.00704	0.00315	0.00972	0.00607	0.00631	0.01288
11	0.41403	0.01751	0.01548	0.01418	0.01939	0.01931	0.01128	0.02879	0.02348	0.04801	0.17424	0.04072	0.04254	0.01455	0.00898	0.00341	0.00733	0.01089	0.07434	0.01154
12	0.01337	0.01113	0.01168	0.01213	0.01539	0.00944	0.00887	0.01607	0.02496	0.03012	0.10519	0.19138	0.45231	0.02965	0.01348	0.00393	0.00584	0.02515	0.01045	0.00944

[dist]
# distance from previous block
# <min> <max>
3	6

[block]
# block no. 1 follows, 11 sequences, length 52
# corresponding to MSA columns:
# 315-342,345-368
name=unknown_B
#
# <colnr> <probs for GDERKNQSTAVLIFYWHMCP>
#	G	D	E	R	K	N	Q	S	T	A	V	L	I	F	Y	W	H	M	C	P
0	0.02215	0.01896	0.02372	0.09150	0.03228	0.01581	0.01541	0.02753	0.02427	0.03665	0.08230	0.03168	0.02742	0.01052	0.00933	0.00218	0.00886	0.00879	0.00715	0.50350
1	0.04296	0.01810	0.02496	0.08706	0.03262	0.01677	0.01718	0.04782	0.02987	0.41212	0.04038	0.03778	0.02642	0.01349	0.01085	0.00340	0.00966	0.01105	0.10034	0.01718
2	0.10379	0.01332	0.01615	0.01618	0.01924	0.01282	0.01162	0.02607	0.02304	0.13828	0.05036	0.36380	0.05415	0.07707	0.01654	0.00476	0.00781	0.02314	0.01044	0.01141
3	0.02172	0.01409	0.01779	0.01724	0.02139	0.01278	0.01396	0.02559	0.02484	0.09403	0.05792	0.09096	0.12844	0.11274	0.02003	0.00514	0.00929	0.20268	0.00978	0.09958
4	0.01544	0.01141	0.01459	0.01513	0.01758	0.01055	0.01154	0.01967	0.02779	0.03750	0.28715	0.19539	0.16360	0.02771	0.01389	0.00407	0.00649	0.09908	0.01134	0.01010
5	0.01488	0.01108	0.01398	0.01498	0.01717	0.01017	0.01112	0.01847	0.02611	0.03468	0.21290	0.27473	0.18079	0.02957	0.01397	0.00418	0.00650	0.08387	0.01102	0.00983
6	0.02612	0.09564	0.03777	0.09939	0.03924	0.02702	0.08315	0.06752	0.02483	0.03523	0.01942	0.02506	0.01607	0.01159	0.01487	0.00307	0.11979	0.00879	0.00613	0.23929
7	0.01952	0.01251	0.01577	0.01542	0.01828	0.01135	0.01116	0.02250	0.02416	0.08352	0.13340	0.22760	0.09348	0.14059	0.02189	0.00530	0.00793	0.05908	0.01008	0.06646
8	0.02796	0.45899	0.04939	0.01955	0.02776	0.03843	0.01839	0.03508	0.08241	0.02896	0.02129	0.02449	0.01872	0.02034	0.08179	0.00468	0.01408	0.00765	0.00579	0.01427
9	0.02933	0.55501	0.10849	0.02056	0.03090	0.04267	0.02153	0.03390	0.02296	0.02741	0.01611	0.01864	0.01442	0.00974	0.00757	0.00252	0.01250	0.00625	0.00481	0.01467
10	0.02398	0.02457	0.04273	0.22233	0.05381	0.02962	0.15167	0.03005	0.02153	0.03005	0.01870	0.02800	0.01547	0.01408	0.02183	0.00422	0.23825	0.01082	0.00516	0.01314
11	0.25593	0.01547	0.01607	0.01664	0.02017	0.01666	0.01330	0.02491	0.02139	0.03714	0.03969	0.11828	0.04244	0.12799	0.01994	0.00556	0.00954	0.18008	0.00851	0.01027
12	0.01579	0.01106	0.01379	0.01369	0.01512	0.01053	0.00924	0.01875	0.02494	0.03460	0.28969	0.14865	0.07859	0.23291	0.02919	0.00632	0.00748	0.02048	0.01014	0.00906
13	0.02452	0.02075	0.02577	0.02277	0.02510	0.02643	0.01842	0.03525	0.14635	0.03618	0.02858	0.03370	0.02355	0.01681	0.02266	0.00403	0.28232	0.01076	0.18282	0.01324
14	0.02301	0.02180	0.03693	0.44209	0.19909	0.02547	0.03213	0.03030	0.02334	0.03089	0.02032	0.02943	0.01576	0.01093	0.01122	0.00364	0.01457	0.01001	0.00515	0.01392
15	0.68395	0.02177	0.01654	0.01480	0.02177	0.02525	0.01219	0.03309	0.01915	0.05050	0.01567	0.01828	0.01219	0.01045	0.00697	0.00348	0.00871	0.00609	0.00697	0.01219
16	0.02355	0.07317	0.03363	0.02658	0.02778	0.03165	0.02225	0.02639	0.01788	0.02686	0.01764	0.02761	0.01717	0.03056	0.12916	0.00709	0.43392	0.00992	0.00512	0.01209
17	0.35121	0.02039	0.02157	0.01755	0.02543	0.02068	0.01448	0.04452	0.02601	0.30869	0.03076	0.02880	0.02042	0.01228	0.00925	0.00348	0.00916	0.00884	0.01062	0.01585
18	0.01593	0.01150	0.01504	0.01416	0.01681	0.01062	0.01062	0.02124	0.03186	0.04513	0.52830	0.08407	0.10620	0.02301	0.01327	0.00354	0.00531	0.02035	0.01239	0.01062
19	0.02409	0.01537	0.01788	0.01595	0.01852	0.01591	0.01098	0.10353	0.02435	0.07913	0.03429	0.05930	0.03463	0.39433	0.09612	0.00965	0.01300	0.01438	0.00817	0.01043
20	0.02803	0.45922	0.19288	0.02278	0.03434	0.03948	0.02540	0.03424	0.02312	0.02900	0.01690	0.01962	0.01439	0.00992	0.00818	0.00273	0.01330	0.00665	0.00480	0.01505
21	0.03209	0.02054	0.02335	0.02027	0.02657	0.02195	0.01595	0.05214	0.30381	0.17342	0.08557	0.04462	0.03828	0.01538	0.01124	0.00360	0.00843	0.01280	0.07311	0.01687
22	0.03382	0.01505	0.01982	0.01678	0.02228	0.01344	0.01322	0.03830	0.02988	0.29372	0.17091	0.10749	0.05309	0.01835	0.01167	0.00349	0.00758	0.01566	0.10068	0.01476
23	0.02209	0.01875	0.02267	0.07670	0.02957	0.02130	0.01720	0.03834	0.23536	0.03978	0.13135	0.10491	0.08233	0.02020	0.01431	0.00400	0.05192	0.04517	0.01024	0.01381
24	0.01396	0.01022	0.01312	0.01495	0.01625	0.00938	0.01024	0.01648	0.02343	0.03113	0.13089	0.46845	0.13449	0.03279	0.01409	0.00434	0.00626	0.02943	0.01071	0.00938
25	0.02252	0.02677	0.11909	0.17137	0.04325	0.02447	0.02516	0.03563	0.13913	0.03713	0.12098	0.04116	0.03653	0.01544	0.01502	0.00385	0.08826	0.01227	0.00785	0.01410
26	0.10958	0.25495	0.18848	0.02777	0.07518	0.10799	0.02637	0.03583	0.02416	0.03303	0.01765	0.02082	0.01439	0.01034	0.00891	0.00302	0.01422	0.00718	0.00526	0.01487
27	0.68395	0.02177	0.01654	0.01480	0.02177	0.02525	0.01219	0.03309	0.01915	0.05050	0.01567	0.01828	0.01219	0.01045	0.00697	0.00348	0.00871	0.00609	0.00697	0.01219
28	0.02349	0.01976	0.02940	0.16640	0.03934	0.02539	0.02297	0.02779	0.01994	0.06609	0.02235	0.03213	0.01930	0.03393	0.16440	0.00794	0.25062	0.01057	0.00591	0.01229
29	0.01932	0.01149	0.01419	0.01457	0.01725	0.01043	0.01051	0.02250	0.02486	0.09525	0.10953	0.31536	0.15049	0.02728	0.01282	0.00394	0.00646	0.02396	0.09903	0.01075
30	0.01892	0.01623	0.02353	0.02189	0.02324	0.02084	0.01757	0.02242	0.01781	0.02645	0.02504	0.03771	0.02370	0.06293	0.38627	0.01372	0.21394	0.01133	0.00566	0.01080
31	0.01796	0.01625	0.02953	0.02566	0.02970	0.01528	0.15611	0.02247	0.02344	0.03137	0.05003	0.38543	0.05637	0.02716	0.01414	0.00439	0.01061	0.06405	0.00901	0.01106
32	0.01371	0.00979	0.01306	0.01567	0.01632	0.00914	0.01045	0.01567	0.02155	0.02873	0.06203	0.59710	0.07444	0.03526	0.01437	0.00457	0.00653	0.03200	0.01045	0.00914
33	0.03109	0.35347	0.10984	0.02577	0.08247	0.03416	0.02267	0.03640	0.02455	0.09862	0.02100	0.02292	0.01676	0.01026	0.00869	0.00272	0.01209	0.00747	0.00627	0.07277
34	0.02633	0.07472	0.12702	0.23948	0.05390	0.02476	0.08973	0.03413	0.02547	0.10105	0.07058	0.03414	0.02531	0.01224	0.01130	0.00356	0.01395	0.01096	0.00692	0.01445
35	0.02462	0.02462	0.03447	0.02955	0.02955	0.03447	0.02462	0.02709	0.01724	0.02709	0.01477	0.02462	0.01477	0.01970	0.03694	0.00492	0.58385	0.00985	0.00492	0.01231
36	0.01387	0.01017	0.01270	0.01464	0.01578	0.00936	0.00981	0.01582	0.02181	0.02842	0.06874	0.46708	0.15039	0.08341	0.01790	0.00499	0.00677	0.02921	0.01013	0.00900
37	0.03374	0.07489	0.10431	0.10372	0.04543	0.02531	0.14353	0.04070	0.02671	0.20738	0.02842	0.03087	0.01979	0.01208	0.01308	0.00362	0.05137	0.01075	0.00819	0.01612
38	0.02126	0.02001	0.03376	0.57739	0.07752	0.02501	0.03126	0.02876	0.02251	0.02876	0.02001	0.03001	0.01500	0.01125	0.01125	0.00375	0.01500	0.01000	0.00500	0.01250
39	0.01539	0.01050	0.01256	0.01352	0.01377	0.01026	0.00815	0.01611	0.01827	0.02436	0.04524	0.26619	0.05325	0.39508	0.04150	0.00858	0.00930	0.02212	0.00815	0.00767
40	0.10620	0.01843	0.02490	0.02969	0.14763	0.01883	0.01802	0.03256	0.06733	0.10440	0.08055	0.11632	0.03887	0.08203	0.06013	0.00556	0.01134	0.01465	0.00883	0.01374
41	0.03001	0.02321	0.07271	0.25458	0.05012	0.02240	0.02469	0.07419	0.06060	0.16064	0.03262	0.08974	0.02580	0.01476	0.01155	0.00373	0.01232	0.01261	0.00868	0.01505
42	0.04404	0.03349	0.03203	0.02542	0.03376	0.13131	0.02058	0.33068	0.04517	0.14809	0.02834	0.02779	0.01984	0.01322	0.01106	0.00331	0.01338	0.00980	0.01071	0.01798
43	0.03691	0.01575	0.02055	0.01761	0.02362	0.01430	0.01452	0.04165	0.02881	0.31893	0.04505	0.05498	0.03466	0.01675	0.01115	0.00355	0.00856	0.09026	0.18712	0.01529
44	0.03164	0.03461	0.22792	0.09926	0.04229	0.02227	0.02800	0.07605	0.02927	0.18884	0.07955	0.03531	0.02813	0.01321	0.01126	0.00355	0.01283	0.01080	0.00881	0.01642
45	0.02585	0.02807	0.10872	0.14505	0.17005	0.02505	0.10997	0.03305	0.02431	0.07147	0.02579	0.07796	0.02206	0.01364	0.01416	0.00379	0.06725	0.01234	0.00637	0.01503
46	0.04109	0.01696	0.02299	0.01860	0.02551	0.01483	0.01495	0.04539	0.03116	0.40824	0.12986	0.09819	0.04576	0.01749	0.01194	0.00359	0.00855	0.01481	0.01334	0.01675
47	0.37556	0.08643	0.02646	0.06094	0.03013	0.09843	0.01677	0.07632	0.02546	0.08467	0.01952	0.02178	0.01480	0.01112	0.00846	0.00331	0.01145	0.00731	0.00738	0.01372
48	0.01401	0.01081	0.01280	0.01362	0.01597	0.00960	0.00971	0.01703	0.02538	0.03285	0.18079	0.29107	0.26606	0.02995	0.01371	0.00404	0.00594	0.02621	0.01086	0.00960
49	0.12211	0.02134	0.02436	0.01874	0.02757	0.01964	0.01522	0.08084	0.06752	0.19421	0.02945	0.02898	0.02107	0.01131	0.00956	0.00278	0.00916	0.00878	0.00968	0.27767
50	0.01996	0.02054	0.08863	0.01928	0.02455	0.01549	0.01641	0.07928	0.02597	0.03607	0.04559	0.36100	0.05060	0.02511	0.01255	0.00384	0.00888	0.02220	0.00920	0.11486
51	0.02623	0.09143	0.02729	0.01787	0.02670	0.01850	0.01503	0.03102	0.02453	0.08639	0.02726	0.03810	0.02398	0.01211	0.00947	0.00241	0.00919	0.06760	0.00767	0.43720

[dist]
# distance from previous block
# <min> <max>
3	12

[block]
# block no. 2 follows, 11 sequences, length 11
# corresponding to MSA columns:
# 381-391
name=unknown_C
#
# <colnr> <probs for GDERKNQSTAVLIFYWHMCP>
#	G	D	E	R	K	N	Q	S	T	A	V	L	I	F	Y	W	H	M	C	P
0	0.03309	0.21768	0.15731	0.02282	0.03361	0.07049	0.02318	0.03921	0.02603	0.14992	0.02414	0.02501	0.01784	0.01085	0.00937	0.00286	0.01267	0.00797	0.00726	0.10871
1	0.03071	0.02793	0.07874	0.13186	0.10147	0.02644	0.15428	0.08806	0.09177	0.11090	0.02837	0.03182	0.02054	0.01172	0.01179	0.00364	0.01422	0.01133	0.00797	0.01641
2	0.01612	0.01170	0.01559	0.01714	0.01936	0.01117	0.01365	0.02035	0.02626	0.03498	0.17855	0.23131	0.11418	0.02995	0.01452	0.00452	0.00782	0.21188	0.01088	0.01006
3	0.02516	0.02899	0.13825	0.24780	0.19191	0.02427	0.03229	0.03317	0.02454	0.06819	0.02489	0.03567	0.02009	0.01240	0.01142	0.00368	0.01417	0.04187	0.00611	0.01512
4	0.02836	0.02647	0.12136	0.35120	0.06102	0.02321	0.02960	0.03609	0.02501	0.15064	0.02578	0.03087	0.01790	0.01178	0.01117	0.00366	0.01401	0.01002	0.00706	0.01479
5	0.01668	0.01370	0.01499	0.01467	0.01837	0.01325	0.01096	0.02548	0.12134	0.03601	0.16632	0.15404	0.30071	0.02584	0.01307	0.00386	0.00636	0.02207	0.01098	0.01127
6	0.01450	0.01128	0.01318	0.01306	0.01603	0.00996	0.00966	0.01835	0.02797	0.03673	0.29133	0.14832	0.29570	0.02678	0.01340	0.00377	0.00561	0.02311	0.01131	0.00996
7	0.01448	0.01035	0.01395	0.01655	0.01755	0.00981	0.01179	0.01701	0.02231	0.02960	0.06161	0.51507	0.07276	0.03453	0.01457	0.00468	0.00720	0.10641	0.01043	0.00936
8	0.02481	0.22896	0.33758	0.08609	0.04551	0.03183	0.03343	0.03430	0.02335	0.03201	0.01874	0.02262	0.01440	0.01042	0.00966	0.00322	0.01501	0.00777	0.00480	0.01550
9	0.02391	0.01988	0.02192	0.01994	0.02505	0.02211	0.01538	0.04674	0.35057	0.04642	0.20929	0.05625	0.05870	0.01789	0.01207	0.00372	0.00769	0.01531	0.01177	0.01538
10	0.03792	0.01718	0.02208	0.01798	0.02488	0.01539	0.01448	0.04414	0.06610	0.35280	0.11890	0.05668	0.12597	0.01774	0.01193	0.00357	0.00830	0.01475	0.01294	0.01627

[dist]
# distance from previous block
# <min> <max>
5	6

[block]
# block no. 3 follows, 11 sequences, length 23
# corresponding to MSA columns:
# 411-433
name=unknown_D
#
# <colnr> <probs for GDERKNQSTAVLIFYWHMCP>
#	G	D	E	R	K	N	Q	S	T	A	V	L	I	F	Y	W	H	M	C	P
0	0.09378	0.06499	0.01997	0.01695	0.02036	0.01809	0.01261	0.02877	0.12330	0.03555	0.08613	0.28133	0.05391	0.07390	0.01592	0.00457	0.00800	0.02062	0.00964	0.01164
1	0.03444	0.03966	0.07434	0.02682	0.03246	0.26056	0.02244	0.10750	0.03039	0.03641	0.02073	0.02497	0.01686	0.01370	0.01578	0.00343	0.13631	0.00870	0.08067	0.01385
2	0.68395	0.02177	0.01654	0.01480	0.02177	0.02525	0.01219	0.03309	0.01915	0.05050	0.01567	0.01828	0.01219	0.01045	0.00697	0.00348	0.00871	0.00609	0.00697	0.01219
3	0.02555	0.02501	0.04381	0.03319	0.04098	0.02530	0.24710	0.07469	0.10276	0.03972	0.07622	0.04462	0.06893	0.04793	0.01670	0.00421	0.04651	0.01432	0.00800	0.01445
4	0.01477	0.01107	0.01370	0.01386	0.01631	0.01000	0.01008	0.01869	0.02791	0.03769	0.31763	0.21279	0.19974	0.02726	0.01354	0.00385	0.00570	0.02396	0.01146	0.01000
5	0.02279	0.02157	0.03653	0.45946	0.18349	0.02541	0.03202	0.03010	0.02323	0.03062	0.02028	0.02951	0.01566	0.01097	0.01123	0.00366	0.01462	0.01001	0.00513	0.01374
6	0.01637	0.01175	0.01587	0.01596	0.01773	0.01224	0.01190	0.01990	0.02232	0.03109	0.16753	0.07253	0.05666	0.18826	0.22264	0.01083	0.01633	0.07217	0.00846	0.00945
7	0.01747	0.01076	0.01527	0.01527	0.01651	0.01112	0.01098	0.01665	0.01746	0.02334	0.03746	0.04881	0.10051	0.05216	0.20641	0.35803	0.01575	0.01266	0.00611	0.00727
8	0.03469	0.01532	0.02070	0.01787	0.02336	0.01353	0.01389	0.03853	0.02919	0.31907	0.12715	0.20138	0.05344	0.02134	0.01248	0.00380	0.00804	0.01853	0.01271	0.01499
9	0.03229	0.02475	0.02618	0.02209	0.02884	0.02782	0.01759	0.21320	0.27148	0.05495	0.03760	0.03656	0.02799	0.01430	0.01083	0.00347	0.00961	0.01144	0.11184	0.01717
10	0.04141	0.02330	0.02788	0.02108	0.03020	0.02202	0.01730	0.18912	0.03664	0.26861	0.03291	0.03106	0.02235	0.01243	0.01057	0.00301	0.01017	0.00981	0.01131	0.17883
11	0.68395	0.02177	0.01654	0.01480	0.02177	0.02525	0.01219	0.03309	0.01915	0.05050	0.01567	0.01828	0.01219	0.01045	0.00697	0.00348	0.00871	0.00609	0.00697	0.01219
12	0.02382	0.02009	0.02992	0.39599	0.06024	0.02343	0.02566	0.08099	0.02613	0.03585	0.02292	0.03063	0.01737	0.01150	0.01058	0.00339	0.01291	0.00980	0.09015	0.06863
13	0.42602	0.18299	0.09527	0.01819	0.02709	0.03049	0.01781	0.03358	0.02073	0.04223	0.01624	0.01892	0.01305	0.01026	0.00751	0.00321	0.01060	0.00636	0.00611	0.01335
14	0.45158	0.11411	0.02660	0.01777	0.02557	0.03020	0.01517	0.12875	0.02668	0.05103	0.01801	0.02005	0.01397	0.01095	0.00789	0.00330	0.00998	0.00692	0.00752	0.01397
15	0.01695	0.01700	0.08105	0.01627	0.01878	0.01281	0.01308	0.01950	0.01918	0.02598	0.04030	0.15351	0.04534	0.37715	0.04008	0.00836	0.01091	0.06743	0.00751	0.00882
16	0.31890	0.03093	0.02451	0.02109	0.02819	0.15430	0.01678	0.11288	0.07171	0.08930	0.02291	0.02389	0.01709	0.01192	0.00916	0.00336	0.01215	0.00802	0.00834	0.01456
17	0.01705	0.01304	0.01542	0.01526	0.01800	0.01211	0.01049	0.02159	0.06195	0.03002	0.05200	0.29125	0.09274	0.16515	0.02335	0.00550	0.00800	0.02187	0.00905	0.11615
18	0.03722	0.02459	0.02786	0.02226	0.02950	0.02603	0.01800	0.31244	0.04371	0.13540	0.11143	0.08738	0.03896	0.01696	0.01186	0.00352	0.01033	0.01382	0.01178	0.01693
19	0.19760	0.02493	0.10658	0.11241	0.03743	0.02089	0.06151	0.02846	0.02200	0.03696	0.02919	0.16132	0.02871	0.01630	0.01069	0.00367	0.01132	0.01397	0.00700	0.06906
20	0.02285	0.02298	0.06368	0.02059	0.02515	0.07881	0.01725	0.03394	0.14047	0.03615	0.04588	0.19102	0.04539	0.02214	0.01228	0.00399	0.01009	0.10140	0.09327	0.01268
21	0.26910	0.03946	0.26960	0.02426	0.03572	0.02609	0.02702	0.03840	0.09717	0.04292	0.02244	0.02452	0.01657	0.01130	0.00942	0.00357	0.01251	0.00817	0.00660	0.01516
22	0.18737	0.01588	0.01564	0.01415	0.01903	0.01683	0.01115	0.03532	0.07872	0.10831	0.03358	0.03572	0.02528	0.01281	0.00849	0.00308	0.00705	0.00977	0.34898	0.01283

[dist]
# distance from previous block
# <min> <max>
0	4

[block]
# block no. 4 follows, 11 sequences, length 11
# corresponding to MSA columns:
# 438-448
name=unknown_E
#
# <colnr> <probs for GDERKNQSTAVLIFYWHMCP>
#	G	D	E	R	K	N	Q	S	T	A	V	L	I	F	Y	W	H	M	C	P
0	0.03141	0.01748	0.02146	0.01861	0.02397	0.01690	0.01446	0.12648	0.03274	0.20086	0.10399	0.20985	0.08915	0.02225	0.01257	0.00381	0.00848	0.01911	0.01192	0.01452
1	0.10777	0.03511	0.20983	0.09246	0.10908	0.02414	0.07450	0.03533	0.02426	0.08085	0.02207	0.02615	0.01627	0.01054	0.01040	0.00335	0.01374	0.00901	0.00626	0.08887
2	0.03412	0.02653	0.02909	0.02218	0.03130	0.02684	0.01805	0.28022	0.08672	0.05589	0.02624	0.02711	0.01970	0.01176	0.01019	0.00278	0.01054	0.00910	0.00957	0.26207
3	0.03871	0.02371	0.02734	0.02207	0.02965	0.02486	0.01784	0.20115	0.15598	0.20972	0.09118	0.04035	0.03497	0.01510	0.01154	0.00353	0.00990	0.01224	0.01226	0.01790
4	0.01574	0.01079	0.01310	0.01368	0.01405	0.01087	0.00844	0.01663	0.01772	0.02385	0.04081	0.18741	0.04699	0.41938	0.10356	0.01029	0.01207	0.01938	0.00754	0.00770
5	0.01612	0.01191	0.01732	0.01732	0.01907	0.01365	0.01312	0.01961	0.01786	0.02556	0.03085	0.04808	0.02982	0.15273	0.49382	0.01715	0.02762	0.01263	0.00613	0.00962
6	0.02117	0.01187	0.01442	0.01336	0.01659	0.01115	0.01017	0.02636	0.02881	0.09214	0.29766	0.06390	0.06970	0.01843	0.01106	0.00319	0.00570	0.01579	0.25714	0.01140
7	0.01495	0.01105	0.01396	0.01411	0.01643	0.01007	0.01025	0.01901	0.02825	0.03861	0.34363	0.21862	0.16546	0.02700	0.01356	0.00384	0.00568	0.02386	0.01159	0.01007
8	0.03181	0.01446	0.01853	0.01568	0.02087	0.01308	0.01240	0.03670	0.02986	0.25370	0.19637	0.05382	0.05304	0.01661	0.01104	0.00328	0.00709	0.01398	0.18349	0.01418
9	0.01889	0.01421	0.01855	0.01800	0.02083	0.01546	0.01371	0.06395	0.06473	0.03562	0.12649	0.15429	0.05062	0.05232	0.26640	0.01048	0.01795	0.01721	0.00890	0.01140
10	0.15603	0.02780	0.08592	0.08688	0.08511	0.02641	0.02287	0.11453	0.12928	0.11226	0.02893	0.02997	0.02098	0.01245	0.01042	0.00356	0.01146	0.00983	0.00889	0.01643

[dist]
# distance from previous block
# <min> <max>
5	10

[block]
# block no. 5 follows, 11 sequences, length 11
# corresponding to MSA columns:
# 459-469
name=unknown_F
#
# <colnr> <probs for GDERKNQSTAVLIFYWHMCP>
#	G	D	E	R	K	N	Q	S	T	A	V	L	I	F	Y	W	H	M	C	P
0	0.02489	0.26668	0.28620	0.02558	0.03761	0.03151	0.02977	0.03324	0.02370	0.03183	0.02372	0.03541	0.02112	0.01302	0.01000	0.00333	0.01401	0.06790	0.00553	0.01494
1	0.02184	0.08844	0.03240	0.22814	0.11106	0.02298	0.02316	0.02770	0.02360	0.03207	0.08952	0.03720	0.02979	0.02374	0.09720	0.00558	0.01491	0.01094	0.00636	0.07337
2	0.02101	0.01646	0.02004	0.06888	0.02709	0.01702	0.01518	0.03279	0.15136	0.03884	0.10774	0.14047	0.04874	0.01958	0.01173	0.00361	0.00825	0.06250	0.08760	0.10111
3	0.02090	0.02935	0.17471	0.19126	0.11322	0.02145	0.02903	0.02899	0.02495	0.03427	0.09218	0.04943	0.07719	0.01552	0.01186	0.00374	0.01287	0.04856	0.00682	0.01371
4	0.45828	0.02232	0.02174	0.09190	0.03140	0.02535	0.01621	0.08548	0.02467	0.10169	0.02052	0.02292	0.01498	0.01126	0.00847	0.00351	0.01004	0.00761	0.00791	0.01373
5	0.01782	0.01016	0.01464	0.01565	0.01613	0.00998	0.01094	0.01596	0.01784	0.02368	0.03568	0.19617	0.03962	0.03712	0.03268	0.41442	0.00897	0.06881	0.00703	0.00668
6	0.02713	0.12619	0.03653	0.22047	0.09211	0.02784	0.02414	0.03632	0.08944	0.07411	0.02449	0.02896	0.01897	0.01180	0.01177	0.00331	0.04593	0.00941	0.00679	0.08430
7	0.03725	0.01622	0.02188	0.01778	0.02417	0.01427	0.01427	0.04197	0.03208	0.35166	0.22979	0.05584	0.05787	0.01741	0.01207	0.00350	0.00794	0.01478	0.01334	0.01588
8	0.02302	0.01815	0.02496	0.02996	0.14884	0.01817	0.01888	0.08864	0.03075	0.04266	0.16793	0.06906	0.10528	0.01970	0.01243	0.00371	0.00918	0.09198	0.06331	0.01338
9	0.02769	0.02197	0.02405	0.02162	0.02703	0.02441	0.01664	0.15769	0.25822	0.04792	0.04565	0.19519	0.04185	0.02048	0.01223	0.00392	0.00911	0.01752	0.01112	0.01570
10	0.03699	0.02572	0.02858	0.02282	0.03034	0.02776	0.01851	0.30742	0.10873	0.11476	0.11840	0.04016	0.03723	0.01544	0.01164	0.00348	0.01039	0.01238	0.01177	0.01749

[dist]
# distance from previous block
# <min> <max>
0	1

[block]
# block no. 6 follows, 11 sequences, length 29
# corresponding to MSA columns:
# 471-499
name=unknown_G
#
# <colnr> <probs for GDERKNQSTAVLIFYWHMCP>
#	G	D	E	R	K	N	Q	S	T	A	V	L	I	F	Y	W	H	M	C	P
0	0.02639	0.09544	0.09169	0.01994	0.03058	0.02222	0.01841	0.08647	0.02691	0.03950	0.02036	0.02321	0.01642	0.00940	0.00884	0.00219	0.01026	0.00721	0.00678	0.43779
1	0.01917	0.08982	0.08962	0.02041	0.02684	0.01841	0.07332	0.02525	0.02799	0.03787	0.26601	0.06724	0.15518	0.01938	0.01226	0.00349	0.00919	0.01702	0.00940	0.01213
2	0.02647	0.02026	0.02379	0.01752	0.02710	0.01623	0.01403	0.03362	0.06474	0.08863	0.02460	0.02639	0.01926	0.00947	0.00889	0.00203	0.00851	0.00764	0.00780	0.55301
3	0.01943	0.01323	0.01548	0.01440	0.01894	0.01131	0.01121	0.02313	0.02670	0.09251	0.13822	0.12132	0.29685	0.02477	0.01284	0.00369	0.00685	0.06050	0.01070	0.07792
4	0.02587	0.02551	0.04418	0.05165	0.29979	0.02530	0.13860	0.03582	0.08488	0.03711	0.03533	0.03952	0.07917	0.01268	0.01194	0.00356	0.01327	0.01272	0.00688	0.01623
5	0.02922	0.05765	0.02870	0.02360	0.08680	0.01851	0.01678	0.03421	0.02519	0.12769	0.02429	0.02625	0.01870	0.00963	0.00914	0.00224	0.00938	0.00787	0.00774	0.43642
6	0.08904	0.09033	0.02790	0.01938	0.02762	0.02419	0.01585	0.04337	0.19975	0.09158	0.03082	0.03047	0.02348	0.01173	0.00950	0.00287	0.00913	0.00918	0.00893	0.23489
7	0.02502	0.01755	0.02479	0.05530	0.02862	0.01748	0.05415	0.08206	0.02685	0.09704	0.07936	0.11149	0.03849	0.10223	0.11555	0.00700	0.01398	0.01488	0.00878	0.07938
8	0.01763	0.01282	0.01537	0.01485	0.01655	0.01337	0.01011	0.02332	0.08045	0.03105	0.15313	0.06802	0.05379	0.31934	0.11437	0.00935	0.01213	0.01625	0.00859	0.00952
9	0.10814	0.02407	0.02735	0.02179	0.02999	0.02504	0.01780	0.18709	0.12424	0.26048	0.03650	0.03354	0.02482	0.01369	0.01088	0.00351	0.01022	0.01069	0.01197	0.01820
10	0.07325	0.03456	0.07930	0.02470	0.03196	0.15544	0.02078	0.10071	0.23256	0.04311	0.03324	0.06552	0.02679	0.01463	0.01093	0.00354	0.01269	0.01141	0.00904	0.01582
11	0.01572	0.01209	0.01453	0.01483	0.01743	0.01148	0.01076	0.02182	0.07126	0.03667	0.23950	0.25206	0.18479	0.02751	0.01347	0.00396	0.00612	0.02420	0.01124	0.01055
12	0.02370	0.02149	0.03444	0.10975	0.29744	0.02138	0.02677	0.02953	0.02453	0.03450	0.03032	0.10770	0.02969	0.01548	0.01172	0.00355	0.01178	0.06493	0.00679	0.09452
13	0.19609	0.02850	0.02886	0.02295	0.03122	0.03194	0.01885	0.34486	0.08699	0.06382	0.02601	0.02629	0.01886	0.01293	0.01024	0.00344	0.01118	0.00940	0.01024	0.01734
14	0.03338	0.03694	0.02735	0.02483	0.03049	0.28258	0.01888	0.04814	0.22503	0.03742	0.08819	0.03641	0.03312	0.01440	0.01103	0.00334	0.01399	0.01097	0.00883	0.01468
15	0.11114	0.04159	0.04249	0.03396	0.04190	0.30678	0.18979	0.04038	0.02850	0.03327	0.01912	0.02367	0.01515	0.01071	0.01090	0.00329	0.01848	0.00928	0.00590	0.01371
16	0.02176	0.02085	0.02549	0.08939	0.03097	0.08365	0.01955	0.02570	0.02002	0.02684	0.02378	0.03506	0.02179	0.05172	0.30528	0.01146	0.15915	0.01073	0.00562	0.01123
17	0.01371	0.00979	0.01306	0.01567	0.01632	0.00914	0.01045	0.01567	0.02155	0.02873	0.06203	0.59710	0.07444	0.03526	0.01437	0.00457	0.00653	0.03200	0.01045	0.00914
18	0.02662	0.02002	0.02521	0.02104	0.02725	0.05947	0.06210	0.03069	0.02532	0.12341	0.03951	0.23227	0.03925	0.01938	0.01168	0.00335	0.00997	0.01730	0.00915	0.19701
19	0.03397	0.03817	0.02762	0.02509	0.03072	0.30491	0.01904	0.04752	0.20477	0.03660	0.08700	0.03550	0.03228	0.01424	0.01098	0.00330	0.01447	0.01074	0.00859	0.01448
20	0.03341	0.01993	0.02385	0.01964	0.02594	0.02015	0.01570	0.14857	0.09498	0.18991	0.21599	0.05267	0.05499	0.01729	0.01203	0.00352	0.00862	0.01448	0.01244	0.01589
21	0.01832	0.01677	0.01608	0.01674	0.01900	0.08954	0.01191	0.02133	0.02602	0.03271	0.17412	0.33206	0.12685	0.02807	0.01336	0.00399	0.00814	0.02462	0.01024	0.01011
22	0.11105	0.02337	0.02297	0.01968	0.02564	0.08671	0.01550	0.09229	0.09113	0.14622	0.18968	0.04735	0.04901	0.01622	0.01128	0.00346	0.00969	0.01309	0.01098	0.01468
23	0.02910	0.02338	0.04460	0.03693	0.09150	0.02177	0.24353	0.03592	0.02751	0.14130	0.07829	0.10715	0.03469	0.01491	0.01279	0.00376	0.01365	0.01552	0.00860	0.01511
24	0.02502	0.01711	0.02693	0.02301	0.02742	0.01715	0.08450	0.02979	0.02683	0.13302	0.15800	0.15999	0.05654	0.02216	0.01613	0.00412	0.07625	0.07298	0.01024	0.01282
25	0.02663	0.25591	0.09884	0.02018	0.02791	0.02869	0.01958	0.03127	0.02364	0.08887	0.03904	0.04089	0.11208	0.02212	0.06756	0.00472	0.06018	0.01110	0.00705	0.01373
26	0.05050	0.01915	0.02612	0.02003	0.02873	0.01654	0.01654	0.05485	0.03221	0.54203	0.04440	0.03831	0.02786	0.01393	0.01132	0.00348	0.00958	0.01132	0.01393	0.01915
27	0.10311	0.10143	0.18055	0.10749	0.04319	0.02779	0.08468	0.03134	0.02265	0.03390	0.02735	0.03200	0.06175	0.01319	0.01363	0.00366	0.08244	0.01024	0.00572	0.01389
28	0.07809	0.08204	0.14309	0.02227	0.03201	0.02227	0.02180	0.04524	0.06776	0.27851	0.03581	0.06725	0.02608	0.01404	0.01073	0.00350	0.01107	0.01125	0.01020	0.01699

[dist]
# distance from previous block
# <min> <max>
0	40

[block]
# block no. 7 follows, 11 sequences, length 28
# corresponding to MSA columns:
# 540-567
name=unknown_H
#
# <colnr> <probs for GDERKNQSTAVLIFYWHMCP>
#	G	D	E	R	K	N	Q	S	T	A	V	L	I	F	Y	W	H	M	C	P
0	0.09702	0.04045	0.25933	0.09122	0.13916	0.06722	0.03210	0.03413	0.02473	0.03685	0.05699	0.02875	0.02157	0.01157	0.01057	0.00348	0.01443	0.00938	0.00582	0.01523
1	0.37893	0.08861	0.07695	0.07580	0.03457	0.07857	0.05578	0.03433	0.02208	0.04124	0.01723	0.02105	0.01349	0.01050	0.00855	0.00338	0.01230	0.00734	0.00614	0.01318
2	0.02627	0.01349	0.01721	0.01577	0.01905	0.01286	0.01171	0.02927	0.02382	0.16928	0.07943	0.06549	0.04306	0.23593	0.07088	0.00742	0.01099	0.06394	0.07264	0.01149
3	0.02895	0.43058	0.05571	0.02858	0.08843	0.03998	0.06684	0.03335	0.02296	0.02861	0.01686	0.02100	0.01511	0.01068	0.01126	0.00290	0.07098	0.00755	0.00499	0.01468
4	0.02257	0.01700	0.02884	0.02345	0.02885	0.01578	0.12686	0.02875	0.02999	0.09739	0.30254	0.07088	0.07170	0.01966	0.01331	0.00377	0.00959	0.06569	0.01075	0.01263
5	0.48551	0.02152	0.01943	0.01674	0.02398	0.02384	0.01368	0.04037	0.07716	0.14708	0.02472	0.02489	0.01776	0.01168	0.00833	0.00352	0.00890	0.00787	0.00884	0.01419
6	0.01410	0.01078	0.01294	0.01379	0.01604	0.00962	0.00981	0.01718	0.02548	0.03326	0.19219	0.30008	0.24428	0.02992	0.01373	0.00405	0.00594	0.02627	0.01091	0.00962
7	0.01687	0.01102	0.01315	0.01344	0.01372	0.01102	0.00835	0.01696	0.01725	0.02290	0.03655	0.07564	0.04144	0.48628	0.05141	0.07502	0.01074	0.06419	0.00702	0.00702
8	0.02049	0.01723	0.02359	0.02074	0.02520	0.01772	0.06574	0.03394	0.17879	0.04223	0.25237	0.14360	0.06935	0.02101	0.01288	0.00381	0.00811	0.01900	0.01107	0.01312
9	0.02957	0.46403	0.05057	0.02017	0.02898	0.04039	0.01890	0.04025	0.14598	0.03165	0.02321	0.02406	0.01944	0.01104	0.00828	0.00276	0.01125	0.00770	0.00648	0.01529
10	0.10429	0.03143	0.13913	0.06616	0.03917	0.02535	0.06098	0.12770	0.06841	0.12835	0.02718	0.02855	0.01928	0.01183	0.01058	0.00338	0.01248	0.00963	0.00855	0.07756
11	0.02610	0.14156	0.36672	0.03145	0.04535	0.08145	0.08566	0.03629	0.02473	0.03346	0.01949	0.02325	0.01462	0.01048	0.01038	0.00334	0.01653	0.00840	0.00497	0.01578
12	0.68395	0.02177	0.01654	0.01480	0.02177	0.02525	0.01219	0.03309	0.01915	0.05050	0.01567	0.01828	0.01219	0.01045	0.00697	0.00348	0.00871	0.00609	0.00697	0.01219
13	0.02544	0.02602	0.02048	0.01988	0.02246	0.20004	0.01438	0.02761	0.02333	0.02602	0.03243	0.06063	0.03425	0.26295	0.08306	0.00797	0.01591	0.08041	0.00693	0.00981
14	0.01528	0.01148	0.01415	0.01348	0.01642	0.01035	0.01011	0.01999	0.03034	0.04152	0.42658	0.09003	0.21018	0.02436	0.01328	0.00360	0.00541	0.02119	0.01191	0.01035
15	0.19742	0.02416	0.03605	0.02762	0.03602	0.02432	0.16305	0.10247	0.02913	0.14808	0.02968	0.08101	0.02368	0.01360	0.01111	0.00367	0.01238	0.01236	0.00894	0.01525
16	0.02627	0.04355	0.33088	0.02998	0.04060	0.02767	0.03359	0.03510	0.02267	0.08851	0.02117	0.02562	0.01591	0.01383	0.01888	0.00398	0.19129	0.00912	0.00581	0.01557
17	0.44000	0.01989	0.01860	0.01582	0.02283	0.02132	0.01296	0.03845	0.02325	0.18663	0.02582	0.02627	0.01825	0.01169	0.00827	0.00340	0.00860	0.00800	0.07600	0.01396
18	0.03088	0.02113	0.02506	0.01837	0.02800	0.01754	0.01487	0.08604	0.02840	0.14020	0.02560	0.02670	0.01915	0.01002	0.00925	0.00222	0.00903	0.00797	0.00862	0.47095
19	0.40664	0.02920	0.02168	0.01915	0.02563	0.14982	0.01518	0.08009	0.02666	0.04661	0.06651	0.02594	0.02246	0.01223	0.00874	0.00334	0.01145	0.00813	0.00763	0.01292
20	0.02818	0.01611	0.02115	0.01965	0.02405	0.01623	0.01603	0.08154	0.02781	0.15977	0.04378	0.07194	0.04081	0.09970	0.12608	0.00775	0.01436	0.16195	0.01009	0.01303
21	0.03904	0.04735	0.03052	0.02769	0.03361	0.44573	0.02091	0.04812	0.13490	0.03172	0.02347	0.02493	0.01874	0.01238	0.01043	0.00310	0.01786	0.00842	0.00701	0.01407
22	0.01551	0.01128	0.01425	0.01386	0.01619	0.01040	0.01005	0.01977	0.02884	0.03999	0.39820	0.13448	0.13786	0.07859	0.01746	0.00435	0.00598	0.02143	0.01150	0.01002
23	0.10232	0.01673	0.02036	0.01657	0.02323	0.01551	0.01344	0.04390	0.02829	0.34007	0.03926	0.03751	0.02666	0.01334	0.00983	0.00322	0.00815	0.01056	0.21522	0.01580
24	0.01645	0.01119	0.01202	0.01226	0.01470	0.01042	0.00883	0.01940	0.02283	0.03146	0.06987	0.08469	0.23829	0.16928	0.02317	0.00542	0.00733	0.05885	0.17438	0.00916
25	0.01364	0.01010	0.01275	0.01487	0.01611	0.00921	0.01009	0.01576	0.02232	0.02905	0.07185	0.50478	0.16042	0.03399	0.01417	0.00443	0.00637	0.03044	0.01045	0.00921
26	0.02479	0.02090	0.02268	0.02103	0.02622	0.02363	0.01607	0.04979	0.39707	0.04430	0.09532	0.12465	0.04706	0.01886	0.01204	0.00390	0.00822	0.01620	0.01140	0.01588
27	0.02774	0.02966	0.07889	0.03052	0.03926	0.08275	0.16552	0.03424	0.02554	0.06643	0.02530	0.03587	0.02135	0.01280	0.01385	0.00336	0.06923	0.05136	0.00676	0.17958

[dist]
# distance from previous block
# <min> <max>
0	26

[block]
# block no. 8 follows, 11 sequences, length 33
# corresponding to MSA columns:
# 594-626
name=unknown_I
#
# <colnr> <probs for GDERKNQSTAVLIFYWHMCP>
#	G	D	E	R	K	N	Q	S	T	A	V	L	I	F	Y	W	H	M	C	P
0	0.16031	0.31617	0.04706	0.02778	0.09619	0.03618	0.05870	0.07771	0.02564	0.03757	0.01803	0.02123	0.01510	0.01020	0.00856	0.00295	0.01215	0.00754	0.00602	0.01494
1	0.36833	0.18012	0.02893	0.01719	0.02386	0.07403	0.01458	0.03187	0.02065	0.03811	0.01632	0.02047	0.01394	0.01405	0.01212	0.09014	0.01072	0.00665	0.00602	0.01191
2	0.02614	0.02427	0.08139	0.02725	0.09357	0.02185	0.02047	0.04295	0.22250	0.08876	0.17138	0.04934	0.04906	0.01609	0.01182	0.00362	0.00940	0.01385	0.01045	0.01585
3	0.01442	0.01023	0.01354	0.01593	0.01673	0.00970	0.01097	0.01656	0.02158	0.02867	0.05950	0.50171	0.07053	0.08347	0.01816	0.00518	0.00732	0.07660	0.01013	0.00908
4	0.01672	0.01313	0.01832	0.12236	0.02836	0.01329	0.01441	0.02223	0.02950	0.04065	0.39294	0.07586	0.12695	0.02124	0.01289	0.00360	0.00721	0.01867	0.01079	0.01088
5	0.02284	0.01768	0.02066	0.01864	0.02280	0.01924	0.01429	0.09314	0.16480	0.04357	0.19661	0.05699	0.05525	0.08305	0.11278	0.00683	0.01211	0.01508	0.01036	0.01328
6	0.02334	0.02001	0.02334	0.01667	0.02667	0.01500	0.01334	0.02834	0.02334	0.03668	0.02001	0.02334	0.01667	0.00834	0.00834	0.00167	0.00834	0.00667	0.00667	0.67325
7	0.02334	0.02001	0.02334	0.01667	0.02667	0.01500	0.01334	0.02834	0.02334	0.03668	0.02001	0.02334	0.01667	0.00834	0.00834	0.00167	0.00834	0.00667	0.00667	0.67325
8	0.02688	0.01827	0.01851	0.01673	0.01979	0.06613	0.01153	0.03213	0.08558	0.12582	0.03682	0.05768	0.03505	0.35801	0.03801	0.00780	0.01128	0.01406	0.00869	0.01121
9	0.03139	0.22879	0.16767	0.02410	0.03467	0.03286	0.02457	0.10142	0.12244	0.08732	0.02679	0.02717	0.02011	0.01189	0.00982	0.00320	0.01239	0.00892	0.00778	0.01670
10	0.03365	0.04076	0.09269	0.08182	0.04205	0.23635	0.07601	0.10267	0.03021	0.03554	0.01947	0.02430	0.01550	0.01280	0.01507	0.00354	0.10788	0.00909	0.00623	0.01437
11	0.02477	0.01622	0.01829	0.01622	0.02127	0.01599	0.01264	0.06312	0.12171	0.11699	0.15152	0.06950	0.20556	0.02043	0.01201	0.00357	0.00721	0.01708	0.07244	0.01344
12	0.01893	0.01284	0.01623	0.01680	0.01950	0.01206	0.01190	0.02419	0.06919	0.07303	0.05526	0.44709	0.06162	0.02919	0.01330	0.00415	0.00717	0.02620	0.01048	0.07087
13	0.16418	0.02419	0.02426	0.01924	0.02760	0.08555	0.01550	0.04235	0.02729	0.24840	0.02899	0.02821	0.02019	0.01148	0.00954	0.00293	0.01042	0.00856	0.00964	0.19147
14	0.45234	0.07903	0.02507	0.01817	0.02593	0.02961	0.01530	0.15677	0.02850	0.05372	0.01870	0.02059	0.01425	0.01119	0.00813	0.00335	0.01000	0.00716	0.00791	0.01425
15	0.01848	0.01203	0.01367	0.01285	0.01664	0.01060	0.00978	0.02247	0.02773	0.08347	0.21339	0.08642	0.29957	0.02362	0.01240	0.00355	0.00589	0.01993	0.09667	0.01084
16	0.02800	0.02418	0.02545	0.02291	0.02927	0.02800	0.01782	0.05981	0.51390	0.04708	0.04581	0.04199	0.03436	0.01527	0.01145	0.00382	0.00891	0.01273	0.01145	0.01782
17	0.01571	0.01202	0.01457	0.01501	0.01748	0.01146	0.01082	0.02175	0.07150	0.03634	0.22922	0.27691	0.16919	0.02794	0.01352	0.00400	0.00618	0.02466	0.01120	0.01052
18	0.10429	0.03227	0.13931	0.03319	0.04429	0.02557	0.21248	0.07735	0.02862	0.15197	0.02663	0.02928	0.01856	0.01113	0.01151	0.00361	0.01480	0.01088	0.00793	0.01632
19	0.02126	0.02001	0.03376	0.57739	0.07752	0.02501	0.03126	0.02876	0.02251	0.02876	0.02001	0.03001	0.01500	0.01125	0.01125	0.00375	0.01500	0.01000	0.00500	0.01250
20	0.01553	0.01146	0.01481	0.01612	0.01840	0.01073	0.01252	0.01944	0.02608	0.03448	0.18205	0.24337	0.15927	0.02985	0.01428	0.00438	0.00727	0.15913	0.01089	0.00994
21	0.02160	0.01438	0.02112	0.06989	0.08113	0.01415	0.01722	0.02553	0.02438	0.09739	0.05126	0.31614	0.05522	0.02685	0.01361	0.00436	0.00919	0.11477	0.00990	0.01193
22	0.02314	0.05222	0.45000	0.03312	0.04751	0.02724	0.07838	0.03476	0.02330	0.03476	0.01983	0.02442	0.01455	0.01156	0.01374	0.00373	0.07793	0.00891	0.00485	0.01604
23	0.01442	0.01022	0.01345	0.01578	0.01654	0.00970	0.01078	0.01647	0.02140	0.02845	0.05890	0.49536	0.06986	0.09710	0.01917	0.00532	0.00737	0.07066	0.01004	0.00900
24	0.01559	0.01240	0.01383	0.01401	0.01691	0.01169	0.01007	0.02143	0.07732	0.03298	0.14212	0.20122	0.27800	0.07994	0.01731	0.00458	0.00665	0.02325	0.01048	0.01022
25	0.02540	0.03174	0.12624	0.08164	0.03745	0.08899	0.02180	0.03195	0.02444	0.03444	0.01970	0.02374	0.01574	0.00953	0.00934	0.00242	0.01221	0.00742	0.00601	0.38980
26	0.12986	0.10914	0.13172	0.02521	0.03502	0.08466	0.06589	0.04288	0.06702	0.16318	0.02706	0.02760	0.01934	0.01170	0.01010	0.00335	0.01309	0.00915	0.00813	0.01590
27	0.03165	0.03543	0.25102	0.02427	0.03592	0.01991	0.02646	0.03997	0.02753	0.21279	0.08332	0.03527	0.02915	0.01289	0.01093	0.00333	0.01205	0.01048	0.00897	0.08865
28	0.02400	0.02052	0.02828	0.17463	0.10445	0.02287	0.02204	0.11532	0.02890	0.03813	0.04604	0.10682	0.13452	0.01859	0.01422	0.00383	0.05998	0.01538	0.00805	0.01344
29	0.03040	0.14746	0.10985	0.07363	0.03480	0.12747	0.02178	0.03593	0.02755	0.11088	0.09620	0.03953	0.07049	0.01426	0.01060	0.00323	0.01282	0.01110	0.00787	0.01415
30	0.02732	0.02207	0.06286	0.32348	0.05548	0.02250	0.02581	0.07532	0.02693	0.12015	0.03027	0.10447	0.02525	0.01500	0.01163	0.00377	0.01284	0.01299	0.00779	0.01408
31	0.24359	0.02886	0.09303	0.02519	0.07143	0.02714	0.02048	0.15866	0.08315	0.05005	0.02473	0.02945	0.01966	0.06257	0.01374	0.00413	0.01132	0.00939	0.00818	0.01525
32	0.02528	0.08687	0.08489	0.02147	0.02914	0.02162	0.01984	0.03067	0.02384	0.07562	0.02952	0.04677	0.02732	0.01563	0.01401	0.00329	0.08502	0.10587	0.00744	0.24591

[dist]
# distance from previous block
# <min> <max>
0	4

[block]
# block no. 9 follows, 11 sequences, length 9
# corresponding to MSA columns:
# 631-639
name=unknown_J
#
# <colnr> <probs for GDERKNQSTAVLIFYWHMCP>
#	G	D	E	R	K	N	Q	S	T	A	V	L	I	F	Y	W	H	M	C	P
0	0.09679	0.02148	0.11717	0.01790	0.02348	0.01515	0.01674	0.02465	0.02733	0.04164	0.30367	0.13670	0.07280	0.02086	0.01218	0.00368	0.00807	0.01797	0.01000	0.01176
1	0.29770	0.02134	0.01737	0.01655	0.02078	0.09360	0.01235	0.02797	0.02295	0.03931	0.10420	0.13413	0.04089	0.08780	0.01566	0.00448	0.00971	0.01408	0.00820	0.01091
2	0.01478	0.01146	0.01345	0.01295	0.01611	0.01013	0.00971	0.01901	0.02914	0.03868	0.34672	0.09470	0.29181	0.02542	0.01329	0.00365	0.00548	0.02184	0.01154	0.01013
3	0.03562	0.02915	0.03651	0.11392	0.23849	0.11591	0.02691	0.07601	0.02988	0.14906	0.02599	0.02910	0.01922	0.01159	0.01104	0.00335	0.01385	0.00984	0.00784	0.01672
4	0.03096	0.02950	0.10775	0.22216	0.15890	0.06731	0.02946	0.03802	0.02625	0.14343	0.02540	0.02967	0.01828	0.01152	0.01107	0.00351	0.01413	0.00983	0.00710	0.01575
5	0.01583	0.01128	0.01368	0.01320	0.01500	0.01062	0.00903	0.01896	0.02560	0.03518	0.30765	0.08266	0.12412	0.23569	0.02934	0.00626	0.00739	0.01924	0.01017	0.00912
6	0.02757	0.17282	0.26788	0.03191	0.04488	0.03184	0.13559	0.09044	0.02768	0.03790	0.02057	0.02435	0.01552	0.01052	0.01056	0.00333	0.01562	0.00913	0.00576	0.01612
7	0.02592	0.15793	0.05714	0.03618	0.04557	0.02960	0.31863	0.03276	0.02430	0.03191	0.02296	0.03368	0.01984	0.09313	0.01811	0.00448	0.01629	0.01209	0.00565	0.01384
8	0.02444	0.02177	0.03284	0.45335	0.06733	0.02646	0.02865	0.08513	0.08061	0.03557	0.02367	0.03100	0.01762	0.01196	0.01128	0.00372	0.01403	0.01032	0.00643	0.01384

[dist]
# distance from previous block
# <min> <max>
0	1

[block]
# block no. 10 follows, 11 sequences, length 35
# corresponding to MSA columns:
# 643-677
name=unknown_K
#
# <colnr> <probs for GDERKNQSTAVLIFYWHMCP>
#	G	D	E	R	K	N	Q	S	T	A	V	L	I	F	Y	W	H	M	C	P
0	0.02591	0.08716	0.03758	0.03785	0.19718	0.02725	0.02404	0.03066	0.02244	0.03308	0.01854	0.02462	0.01632	0.01204	0.01670	0.00317	0.16236	0.00856	0.00564	0.20890
1	0.01411	0.01071	0.01256	0.01352	0.01549	0.00964	0.00934	0.01653	0.02359	0.03033	0.12860	0.29884	0.24396	0.09720	0.01881	0.00491	0.00660	0.02586	0.01024	0.00917
2	0.10406	0.02762	0.03353	0.03091	0.08941	0.03278	0.02300	0.23651	0.03421	0.05014	0.02103	0.02538	0.01678	0.01485	0.01936	0.00390	0.20295	0.00959	0.00802	0.01596
3	0.01619	0.01260	0.01490	0.01399	0.01757	0.01086	0.01012	0.01957	0.02502	0.03405	0.18513	0.17928	0.18585	0.08780	0.01743	0.00428	0.00680	0.02064	0.00988	0.12805
4	0.03338	0.03346	0.19835	0.02397	0.03382	0.02285	0.02422	0.14083	0.03122	0.17479	0.03085	0.03725	0.02371	0.11830	0.01931	0.00481	0.01279	0.01096	0.00901	0.01611
5	0.02139	0.04987	0.45121	0.02888	0.04301	0.02337	0.03605	0.03307	0.02521	0.03734	0.11101	0.03454	0.03069	0.01289	0.01115	0.00356	0.01461	0.01047	0.00612	0.01556
6	0.10082	0.01537	0.01924	0.01658	0.02183	0.01432	0.01302	0.03481	0.02976	0.23295	0.25018	0.10277	0.06367	0.01924	0.01194	0.00360	0.00740	0.01637	0.01223	0.01390
7	0.02195	0.02003	0.03400	0.04464	0.27269	0.01988	0.06321	0.02707	0.02358	0.03298	0.03533	0.21157	0.03696	0.02617	0.07236	0.00539	0.01349	0.01754	0.00719	0.01398
