[name]
unknown

[dist]
# distance from previous block
# <min> <max>
1	142

[block]
# block no. 0 follows, 12 sequences, length 36
# corresponding to MSA columns:
# 167-202
name=unknown_A
#
# <colnr> <probs for GDERKNQSTAVLIFYWHMCP>
#	G	D	E	R	K	N	Q	S	T	A	V	L	I	F	Y	W	H	M	C	P
0	0.02337	0.11994	0.08073	0.08975	0.03172	0.02200	0.01917	0.06268	0.06731	0.06760	0.03870	0.22803	0.03913	0.02014	0.01147	0.00371	0.01019	0.04305	0.00838	0.01292
1	0.14392	0.26389	0.13143	0.02066	0.03025	0.03114	0.02081	0.03876	0.08509	0.10556	0.02331	0.02402	0.01771	0.01088	0.00859	0.00302	0.01121	0.00773	0.00699	0.01502
2	0.15427	0.06492	0.06835	0.02097	0.02839	0.02617	0.01836	0.21944	0.03294	0.08462	0.02739	0.07715	0.02293	0.02236	0.07911	0.00510	0.01307	0.01084	0.00873	0.01489
3	0.02683	0.07686	0.07448	0.07297	0.03356	0.02882	0.02318	0.03100	0.02047	0.09291	0.01925	0.02518	0.01600	0.01508	0.02339	0.00387	0.32074	0.00898	0.00599	0.08041
4	0.07529	0.35685	0.04207	0.01849	0.02727	0.03249	0.01694	0.03757	0.06710	0.11886	0.02285	0.02341	0.01795	0.01039	0.00813	0.00260	0.01035	0.00733	0.00705	0.09700
5	0.03279	0.01837	0.02800	0.29149	0.04948	0.01949	0.02238	0.03853	0.02669	0.26415	0.07080	0.03674	0.02698	0.01294	0.01108	0.00350	0.01146	0.01104	0.00925	0.01484
6	0.01462	0.00994	0.01277	0.01424	0.01554	0.00933	0.00985	0.01763	0.02334	0.03294	0.16436	0.42257	0.07353	0.02889	0.01291	0.00397	0.00591	0.02594	0.09237	0.00933
7	0.10761	0.07111	0.02585	0.01814	0.02578	0.01988	0.01517	0.08162	0.02970	0.35841	0.03559	0.03305	0.02381	0.01267	0.00978	0.00317	0.00910	0.00983	0.09327	0.01646
8	0.13616	0.07019	0.07452	0.07474	0.07458	0.14733	0.02135	0.04115	0.02664	0.19491	0.02530	0.02628	0.01798	0.01142	0.00974	0.00320	0.01298	0.00852	0.00799	0.01504
9	0.10657	0.02010	0.03097	0.41516	0.10685	0.02359	0.02688	0.03141	0.02262	0.08399	0.02133	0.02829	0.01569	0.01096	0.01039	0.00354	0.01312	0.00936	0.00599	0.01319
10	0.01443	0.01070	0.01387	0.01530	0.01704	0.00955	0.01046	0.01669	0.02109	0.02878	0.05510	0.53769	0.06525	0.03096	0.01320	0.00408	0.00654	0.02799	0.00967	0.09159
11	0.02384	0.01983	0.03205	0.15867	0.14951	0.02125	0.06459	0.02941	0.02405	0.07902	0.03905	0.05382	0.08941	0.01681	0.01447	0.00388	0.07042	0.08929	0.00731	0.01330
12	0.02760	0.07827	0.13965	0.03151	0.04129	0.14880	0.17695	0.03473	0.02571	0.03223	0.02248	0.03190	0.01897	0.01143	0.01089	0.00320	0.01585	0.04665	0.00579	0.09609
13	0.09581	0.31505	0.20348	0.02213	0.03317	0.03248	0.02428	0.03568	0.02317	0.09579	0.01993	0.02162	0.01531	0.01023	0.00849	0.00291	0.01241	0.00715	0.00594	0.01498
14	0.04892	0.01856	0.02530	0.01940	0.02783	0.01603	0.01603	0.05314	0.03121	0.55634	0.04302	0.03711	0.02699	0.01350	0.01096	0.00337	0.00928	0.01096	0.01350	0.01856
15	0.02832	0.01651	0.02647	0.02223	0.02774	0.01509	0.09631	0.03304	0.02700	0.21134	0.10686	0.18771	0.05002	0.02097	0.01276	0.00390	0.00970	0.07986	0.01072	0.01347
16	0.02720	0.03939	0.28972	0.08325	0.08893	0.02426	0.12908	0.03688	0.02489	0.11621	0.02382	0.02736	0.01677	0.01061	0.01104	0.00348	0.01510	0.00975	0.00627	0.01596
17	0.08781	0.02210	0.02997	0.03051	0.14488	0.02138	0.02031	0.11330	0.03178	0.33432	0.03362	0.03192	0.02254	0.01236	0.01063	0.00333	0.01043	0.01017	0.01084	0.01780
18	0.03283	0.02231	0.03242	0.02602	0.03320	0.02257	0.10851	0.17910	0.03383	0.15526	0.03626	0.05191	0.03048	0.02159	0.05602	0.00487	0.01350	0.11419	0.00988	0.01526
19	0.69383	0.02109	0.01603	0.01434	0.02109	0.02446	0.01181	0.03205	0.01856	0.04892	0.01518	0.01771	0.01181	0.01012	0.00675	0.00337	0.00843	0.00590	0.00675	0.01181
20	0.02143	0.01987	0.03131	0.37089	0.05578	0.02572	0.02654	0.02619	0.01960	0.02660	0.01781	0.02785	0.01485	0.01571	0.02117	0.06281	0.19002	0.00963	0.00481	0.01142
21	0.01987	0.01525	0.02466	0.02159	0.02498	0.01513	0.09507	0.02392	0.02433	0.07805	0.15113	0.29742	0.06025	0.02431	0.01525	0.00403	0.06207	0.02188	0.00956	0.01126
22	0.02342	0.02407	0.04605	0.20486	0.05549	0.02497	0.26973	0.03336	0.07398	0.03261	0.02460	0.03425	0.01971	0.06555	0.01598	0.00429	0.01554	0.01213	0.00597	0.01344
23	0.02313	0.02229	0.07458	0.49637	0.06878	0.02361	0.02986	0.03057	0.02271	0.07386	0.02143	0.02927	0.01555	0.01108	0.01086	0.00360	0.01421	0.00967	0.00557	0.01299
24	0.02746	0.02838	0.14887	0.17266	0.08432	0.02182	0.02600	0.07465	0.02676	0.12276	0.03173	0.03439	0.06186	0.01243	0.01067	0.00329	0.01227	0.01035	0.00741	0.08194
25	0.01354	0.01027	0.01249	0.01362	0.01556	0.00922	0.00957	0.01629	0.02390	0.03117	0.16186	0.35678	0.22631	0.02999	0.01340	0.00402	0.00586	0.02648	0.01046	0.00922
26	0.04892	0.01856	0.02530	0.01940	0.02783	0.01603	0.01603	0.05314	0.03121	0.55634	0.04302	0.03711	0.02699	0.01350	0.01096	0.00337	0.00928	0.01096	0.01350	0.01856
27	0.03107	0.17932	0.03774	0.06805	0.03236	0.07746	0.02132	0.03450	0.02241	0.12519	0.02050	0.02474	0.01659	0.01423	0.01961	0.00363	0.24242	0.00865	0.00645	0.01377
28	0.08185	0.01954	0.03119	0.53817	0.07018	0.02425	0.02860	0.02824	0.02151	0.02977	0.01900	0.02804	0.01429	0.01083	0.01052	0.00361	0.01398	0.00935	0.00502	0.01208
29	0.01593	0.01195	0.01497	0.01503	0.01759	0.01152	0.01125	0.02238	0.07064	0.03843	0.32270	0.19587	0.12443	0.02524	0.01311	0.00381	0.00611	0.05736	0.01121	0.01047
30	0.02392	0.01874	0.02711	0.23359	0.08977	0.02068	0.02166	0.07140	0.07158	0.07507	0.18092	0.04590	0.04410	0.01491	0.01150	0.00349	0.01049	0.01303	0.00869	0.01347
31	0.02171	0.01527	0.02241	0.01935	0.02357	0.01450	0.06208	0.02571	0.02504	0.10825	0.14897	0.22063	0.09658	0.02219	0.01426	0.00371	0.05379	0.01944	0.00978	0.07277
32	0.02692	0.06674	0.02552	0.01834	0.02606	0.02000	0.01473	0.07340	0.11519	0.09035	0.03138	0.09915	0.02716	0.01351	0.00976	0.00269	0.00867	0.01118	0.00865	0.31059
33	0.03508	0.07491	0.07688	0.07398	0.08122	0.02255	0.02118	0.07851	0.05728	0.23561	0.03011	0.03001	0.02103	0.01161	0.01017	0.00308	0.01087	0.00943	0.00921	0.10730
34	0.08435	0.06503	0.02699	0.06563	0.02977	0.01952	0.05646	0.03320	0.06924	0.13045	0.03460	0.14422	0.03171	0.06287	0.01415	0.00392	0.00991	0.01400	0.00858	0.09539
35	0.10952	0.10481	0.06918	0.01889	0.02756	0.02320	0.01687	0.08181	0.06907	0.08261	0.06837	0.02950	0.02522	0.01141	0.00913	0.00271	0.00951	0.00877	0.00799	0.22388

[dist]
# distance from previous block
# <min> <max>
1	53

[block]
# block no. 1 follows, 12 sequences, length 43
# corresponding to MSA columns:
# 256-298
name=unknown_B
#
# <colnr> <probs for GDERKNQSTAVLIFYWHMCP>
#	G	D	E	R	K	N	Q	S	T	A	V	L	I	F	Y	W	H	M	C	P
0	0.06946	0.06598	0.02997	0.26964	0.08916	0.02226	0.02233	0.03291	0.02337	0.13462	0.02578	0.03280	0.01980	0.05620	0.01342	0.00387	0.01181	0.00989	0.05332	0.01340
1	0.01926	0.01453	0.01813	0.08039	0.02492	0.01545	0.01359	0.06109	0.09280	0.03665	0.14569	0.21718	0.05615	0.08846	0.01696	0.00450	0.00812	0.01909	0.05583	0.01120
2	0.02408	0.01675	0.02457	0.11168	0.09600	0.01807	0.01857	0.05877	0.02309	0.08868	0.03252	0.17827	0.03213	0.02323	0.02010	0.13998	0.05904	0.01523	0.00762	0.01161
3	0.02504	0.02060	0.03420	0.42143	0.16522	0.02365	0.02933	0.03181	0.02346	0.08837	0.02224	0.02955	0.01648	0.01095	0.01089	0.00353	0.01363	0.00984	0.00592	0.01387
4	0.49851	0.01939	0.01709	0.01481	0.02140	0.02129	0.01212	0.03522	0.02139	0.14222	0.02264	0.02389	0.01644	0.01104	0.00763	0.00328	0.00821	0.00732	0.08323	0.01288
5	0.02583	0.02461	0.03332	0.02823	0.02921	0.03344	0.02350	0.08078	0.02058	0.03101	0.01564	0.02412	0.01479	0.01841	0.03299	0.00460	0.53124	0.00957	0.00546	0.01267
6	0.03033	0.02667	0.03573	0.22285	0.22836	0.09452	0.02784	0.07510	0.02754	0.09315	0.02268	0.02780	0.01717	0.01100	0.01074	0.00333	0.01383	0.00951	0.00661	0.01526
7	0.01985	0.01696	0.02706	0.13649	0.03619	0.01767	0.09399	0.07630	0.02522	0.03352	0.04216	0.33677	0.04584	0.02321	0.01281	0.00402	0.01050	0.02151	0.00843	0.01151
8	0.04055	0.02672	0.02995	0.02281	0.03160	0.02779	0.01879	0.35866	0.04360	0.16225	0.02869	0.02792	0.01993	0.01253	0.01056	0.00308	0.01095	0.00962	0.01086	0.10314
9	0.02574	0.01343	0.01788	0.01547	0.01984	0.01205	0.01205	0.03060	0.03097	0.20155	0.38909	0.06780	0.07952	0.01958	0.01228	0.00341	0.00642	0.01702	0.01246	0.01283
10	0.02712	0.02342	0.02465	0.02219	0.02835	0.02712	0.01726	0.05794	0.52909	0.04561	0.04438	0.04068	0.03328	0.01479	0.01109	0.00370	0.00863	0.01233	0.01109	0.01726
11	0.27581	0.02079	0.02286	0.01825	0.02612	0.02100	0.01506	0.09722	0.02899	0.32246	0.03130	0.02904	0.02068	0.01226	0.00947	0.00336	0.00929	0.00905	0.01082	0.01617
12	0.01518	0.01093	0.01443	0.01450	0.01669	0.01019	0.01083	0.01968	0.02846	0.03976	0.41079	0.18770	0.09373	0.02522	0.01324	0.00375	0.00576	0.05768	0.01148	0.00999
13	0.04254	0.01699	0.02282	0.01799	0.02524	0.01486	0.01467	0.04694	0.03055	0.45288	0.10608	0.04301	0.03672	0.01456	0.01096	0.00332	0.00844	0.01202	0.06254	0.01688
14	0.01328	0.00949	0.01265	0.01518	0.01581	0.00886	0.01012	0.01518	0.02088	0.02783	0.06010	0.60969	0.07212	0.03416	0.01392	0.00443	0.00633	0.03100	0.01012	0.00886
15	0.03467	0.02612	0.02813	0.02323	0.03064	0.02922	0.01865	0.25083	0.29271	0.08955	0.03655	0.03428	0.02660	0.01398	0.01101	0.00350	0.01010	0.01117	0.01118	0.01789
16	0.03240	0.03026	0.13761	0.02577	0.03576	0.02398	0.07651	0.11558	0.13207	0.15709	0.03103	0.03086	0.02195	0.01198	0.01075	0.00328	0.01181	0.01019	0.00915	0.09196
17	0.02915	0.62337	0.05714	0.01866	0.02799	0.04314	0.01866	0.03265	0.02215	0.02565	0.01516	0.01749	0.01399	0.00933	0.00700	0.00233	0.01166	0.00583	0.00466	0.01399
18	0.10224	0.47490	0.12470	0.01996	0.02997	0.03850	0.02099	0.03285	0.02188	0.02952	0.01579	0.01831	0.01372	0.00956	0.00745	0.00261	0.01194	0.00616	0.00489	0.01405
19	0.03518	0.02138	0.03002	0.26664	0.04942	0.02322	0.02313	0.13673	0.03128	0.22836	0.02937	0.03140	0.01989	0.01229	0.01093	0.00346	0.01210	0.01018	0.00924	0.01578
20	0.02569	0.02179	0.02303	0.02088	0.02626	0.02501	0.01590	0.05258	0.46380	0.04250	0.04310	0.04458	0.03409	0.09138	0.01674	0.00457	0.00888	0.01278	0.01052	0.01590
21	0.04144	0.01664	0.02233	0.01794	0.02486	0.01458	0.01448	0.04559	0.02967	0.43706	0.07771	0.08816	0.03597	0.01575	0.01108	0.00340	0.00842	0.01317	0.06522	0.01653
22	0.01568	0.01113	0.01468	0.01457	0.01575	0.01187	0.01013	0.01803	0.01849	0.02583	0.09683	0.06023	0.04230	0.30842	0.27546	0.01269	0.01799	0.01453	0.00696	0.00844
23	0.03591	0.02779	0.02961	0.02397	0.03170	0.03123	0.01939	0.33683	0.23588	0.05979	0.03321	0.03178	0.02424	0.01375	0.01098	0.00344	0.01070	0.01079	0.01098	0.01805
24	0.01674	0.01252	0.01571	0.01467	0.01764	0.01218	0.01107	0.02477	0.08676	0.04394	0.48710	0.07687	0.09507	0.02145	0.01266	0.00346	0.00554	0.01889	0.01190	0.01107
25	0.16197	0.02797	0.02869	0.02275	0.03082	0.03131	0.01867	0.37152	0.09875	0.06242	0.02616	0.02622	0.01894	0.01272	0.01015	0.00334	0.01095	0.00937	0.01015	0.01714
26	0.02699	0.02591	0.04426	0.06693	0.54879	0.02591	0.03346	0.03346	0.02483	0.03562	0.02051	0.02699	0.01727	0.00972	0.01079	0.00324	0.01295	0.00972	0.00540	0.01727
27	0.02860	0.58046	0.09521	0.01960	0.02944	0.04180	0.02029	0.03279	0.02222	0.02632	0.01549	0.01791	0.01398	0.00941	0.00725	0.00242	0.01200	0.00600	0.00466	0.01415
28	0.69383	0.02109	0.01603	0.01434	0.02109	0.02446	0.01181	0.03205	0.01856	0.04892	0.01518	0.01771	0.01181	0.01012	0.00675	0.00337	0.00843	0.00590	0.00675	0.01181
29	0.09472	0.02398	0.02750	0.02152	0.02975	0.02476	0.01769	0.23645	0.07981	0.27796	0.03418	0.03149	0.02293	0.01318	0.01062	0.00336	0.01025	0.01022	0.01173	0.01791
30	0.01296	0.01076	0.01134	0.01180	0.01493	0.00914	0.00862	0.01556	0.02413	0.02916	0.10125	0.19722	0.45802	0.02881	0.01307	0.00382	0.00567	0.02447	0.01012	0.00914
31	0.01843	0.01110	0.01474	0.01505	0.01684	0.01082	0.01086	0.02067	0.02182	0.07072	0.11541	0.21430	0.05408	0.11040	0.08422	0.08247	0.01004	0.05345	0.05523	0.00935
32	0.06797	0.02715	0.11155	0.22942	0.21313	0.02445	0.06692	0.03107	0.02322	0.03351	0.02210	0.03274	0.01831	0.01148	0.01092	0.00356	0.01386	0.03881	0.00549	0.01436
33	0.02023	0.01326	0.01926	0.01800	0.01800	0.01577	0.01326	0.01737	0.01486	0.02086	0.01772	0.03070	0.01772	0.03293	0.04081	0.50423	0.16414	0.00949	0.00474	0.00663
34	0.02915	0.62337	0.05714	0.01866	0.02799	0.04314	0.01866	0.03265	0.02215	0.02565	0.01516	0.01749	0.01399	0.00933	0.00700	0.00233	0.01166	0.00583	0.00466	0.01399
35	0.01442	0.01091	0.01330	0.01312	0.01577	0.00979	0.00968	0.01845	0.02784	0.03754	0.35539	0.15551	0.22777	0.02535	0.01300	0.00363	0.00540	0.02211	0.01122	0.00979
36	0.02436	0.05311	0.49319	0.03032	0.04549	0.02640	0.03780	0.09533	0.02661	0.03888	0.02041	0.02342	0.01441	0.01071	0.01043	0.00343	0.01559	0.00828	0.00541	0.01642
37	0.03172	0.02396	0.02595	0.02232	0.02912	0.02689	0.01764	0.12610	0.40134	0.10607	0.04148	0.03809	0.03035	0.01439	0.01105	0.00360	0.00921	0.01180	0.01133	0.01760
38	0.39839	0.02304	0.08716	0.01828	0.02494	0.02091	0.01728	0.02946	0.02115	0.04204	0.02885	0.05081	0.02775	0.01631	0.00978	0.00389	0.00993	0.15073	0.00748	0.01182
39	0.03556	0.02718	0.03713	0.10080	0.17999	0.10693	0.08590	0.04115	0.02767	0.20724	0.02754	0.02978	0.01962	0.01128	0.01098	0.00332	0.01363	0.01012	0.00809	0.01609
40	0.02257	0.02140	0.03628	0.42857	0.22166	0.02475	0.03127	0.02959	0.02274	0.03026	0.01973	0.02843	0.01538	0.01053	0.01087	0.00351	0.01405	0.00970	0.00502	0.01371
41	0.02620	0.06745	0.07332	0.02318	0.03024	0.02573	0.05171	0.10306	0.26215	0.04394	0.09322	0.08257	0.03799	0.01574	0.01125	0.00355	0.00999	0.01347	0.00972	0.01551
42	0.02535	0.02329	0.04181	0.27611	0.16711	0.02539	0.13666	0.03233	0.02365	0.06835	0.02154	0.02890	0.01644	0.01101	0.01304	0.00362	0.05493	0.01049	0.00572	0.01425

[dist]
# distance from previous block
# <min> <max>
23	58

[block]
# block no. 2 follows, 12 sequences, length 18
# corresponding to MSA columns:
# 358-375
name=unknown_C
#
# <colnr> <probs for GDERKNQSTAVLIFYWHMCP>
#	G	D	E	R	K	N	Q	S	T	A	V	L	I	F	Y	W	H	M	C	P
0	0.03839	0.01671	0.02285	0.08459	0.03001	0.01559	0.01587	0.04318	0.02866	0.37072	0.07367	0.03985	0.03096	0.01367	0.01052	0.00327	0.00889	0.01129	0.12553	0.01579
1	0.02461	0.01618	0.02087	0.08445	0.02796	0.01671	0.01522	0.03558	0.14132	0.13342	0.28101	0.05829	0.06343	0.01771	0.01190	0.00350	0.00776	0.01533	0.01122	0.01353
2	0.51977	0.02040	0.01853	0.01570	0.02291	0.02218	0.01295	0.03774	0.02197	0.18587	0.02269	0.02295	0.01591	0.01103	0.00789	0.00337	0.00866	0.00727	0.00857	0.01363
3	0.69383	0.02109	0.01603	0.01434	0.02109	0.02446	0.01181	0.03205	0.01856	0.04892	0.01518	0.01771	0.01181	0.01012	0.00675	0.00337	0.00843	0.00590	0.00675	0.01181
4	0.36700	0.02269	0.02006	0.01735	0.02390	0.07417	0.01392	0.03876	0.06380	0.15952	0.07635	0.03038	0.02616	0.01256	0.00894	0.00335	0.00939	0.00902	0.00901	0.01367
5	0.03060	0.55366	0.05427	0.01941	0.02867	0.04205	0.01890	0.08906	0.02558	0.03072	0.01645	0.01851	0.01453	0.00977	0.00746	0.00244	0.01170	0.00630	0.00540	0.01453
6	0.02344	0.02240	0.03737	0.32956	0.25944	0.02575	0.03095	0.02994	0.02253	0.03080	0.01936	0.02775	0.01560	0.01119	0.01318	0.00358	0.06826	0.00969	0.00506	0.01415
7	0.02526	0.02084	0.03428	0.26453	0.24570	0.02242	0.02774	0.03167	0.02497	0.08526	0.08374	0.03523	0.02721	0.01204	0.01110	0.00343	0.01230	0.01101	0.00676	0.01452
8	0.01495	0.01113	0.01391	0.01321	0.01600	0.01008	0.00991	0.01965	0.02973	0.04104	0.46156	0.08587	0.18603	0.02329	0.01287	0.00348	0.00522	0.02034	0.01165	0.01008
9	0.02385	0.02385	0.03340	0.02863	0.02863	0.03340	0.02385	0.02624	0.01670	0.02624	0.01431	0.02385	0.01431	0.01908	0.03578	0.00477	0.59685	0.00954	0.00477	0.01193
10	0.01505	0.01099	0.01415	0.01366	0.01613	0.01008	0.01013	0.01973	0.02953	0.04126	0.46821	0.13068	0.13213	0.02374	0.01296	0.00354	0.00528	0.02097	0.01170	0.01008
11	0.01785	0.00986	0.01339	0.01339	0.01339	0.00986	0.00846	0.01479	0.01479	0.01972	0.02437	0.04661	0.02624	0.24197	0.04716	0.44580	0.00986	0.01172	0.00539	0.00539
12	0.02775	0.51407	0.15414	0.02105	0.03169	0.03971	0.02283	0.03301	0.02232	0.02736	0.01601	0.01856	0.01396	0.00953	0.00764	0.00255	0.01252	0.00626	0.00465	0.01440
13	0.03767	0.02107	0.02497	0.02084	0.02810	0.02175	0.01666	0.05561	0.28806	0.29286	0.04372	0.03895	0.03024	0.01416	0.01103	0.00354	0.00894	0.01167	0.01226	0.01789
14	0.02546	0.02108	0.03435	0.44668	0.06567	0.02463	0.06305	0.07588	0.02569	0.07974	0.02234	0.02955	0.01618	0.01121	0.01105	0.00358	0.01411	0.01005	0.00624	0.01348
15	0.03849	0.02522	0.02848	0.02298	0.03065	0.02704	0.01891	0.29983	0.11832	0.16288	0.03552	0.04000	0.02683	0.01508	0.01135	0.00353	0.01073	0.05525	0.01139	0.01753
16	0.34183	0.01931	0.02206	0.09506	0.07974	0.02129	0.01786	0.03160	0.02212	0.08825	0.02773	0.04395	0.02478	0.01469	0.00980	0.00374	0.01007	0.10580	0.00769	0.01262
17	0.02456	0.02576	0.08634	0.03681	0.17050	0.02337	0.08580	0.07042	0.13931	0.03847	0.03461	0.15086	0.03191	0.01617	0.01174	0.00367	0.01155	0.01497	0.00800	0.01517

[dist]
# distance from previous block
# <min> <max>
0	1

[block]
# block no. 3 follows, 12 sequences, length 93
# corresponding to MSA columns:
# 377-469
name=unknown_D
#
# <colnr> <probs for GDERKNQSTAVLIFYWHMCP>
#	G	D	E	R	K	N	Q	S	T	A	V	L	I	F	Y	W	H	M	C	P
0	0.02316	0.01799	0.02515	0.02439	0.06738	0.02091	0.01755	0.02617	0.01932	0.07861	0.02507	0.03831	0.02351	0.14134	0.15154	0.00814	0.20710	0.01108	0.00639	0.06689
1	0.01480	0.01094	0.01388	0.01397	0.01638	0.01002	0.01043	0.01900	0.02780	0.03796	0.35821	0.17857	0.16581	0.02571	0.01319	0.00375	0.00574	0.05275	0.01125	0.00985
2	0.02699	0.02287	0.03677	0.10765	0.08321	0.02457	0.14417	0.03972	0.15192	0.08563	0.02985	0.03337	0.02248	0.01247	0.01324	0.00359	0.06192	0.01132	0.07336	0.01489
3	0.18439	0.02713	0.07129	0.02160	0.03019	0.02619	0.01897	0.21257	0.08469	0.17337	0.02895	0.02805	0.02010	0.01247	0.00997	0.00338	0.01059	0.00932	0.01008	0.01672
4	0.01555	0.01066	0.01298	0.01322	0.01364	0.01095	0.00821	0.01644	0.01665	0.02255	0.03595	0.11900	0.04060	0.46379	0.14430	0.01122	0.01350	0.01659	0.00681	0.00739
5	0.03364	0.01903	0.02374	0.01751	0.02668	0.01516	0.01422	0.03822	0.02621	0.25383	0.02929	0.02869	0.02069	0.01035	0.00929	0.00235	0.00858	0.00835	0.00941	0.40476
6	0.58540	0.02266	0.01880	0.01613	0.02320	0.02601	0.01329	0.11189	0.02399	0.05221	0.01701	0.01912	0.01293	0.01061	0.00744	0.00336	0.00903	0.00655	0.00744	0.01293
7	0.02385	0.02385	0.03340	0.02863	0.02863	0.03340	0.02385	0.02624	0.01670	0.02624	0.01431	0.02385	0.01431	0.01908	0.03578	0.00477	0.59685	0.00954	0.00477	0.01193
8	0.02253	0.02136	0.03621	0.43163	0.21889	0.02474	0.03125	0.02956	0.02272	0.03022	0.01972	0.02844	0.01537	0.01054	0.01087	0.00351	0.01405	0.00970	0.00501	0.01368
9	0.30776	0.37092	0.03990	0.01685	0.02509	0.03531	0.01579	0.03240	0.02065	0.03541	0.01517	0.01758	0.01308	0.00966	0.00689	0.00277	0.01031	0.00586	0.00554	0.01308
10	0.03664	0.01788	0.02220	0.01827	0.02498	0.01672	0.01463	0.08094	0.07960	0.32659	0.05535	0.09814	0.12356	0.01790	0.01157	0.00354	0.00851	0.01489	0.01215	0.01591
11	0.01459	0.01111	0.01340	0.01283	0.01577	0.00993	0.00962	0.01894	0.02887	0.03898	0.39930	0.08925	0.24957	0.02406	0.01287	0.00351	0.00527	0.02081	0.01138	0.00993
12	0.02969	0.02470	0.02610	0.02271	0.02933	0.02832	0.01788	0.13942	0.44343	0.04975	0.04112	0.03808	0.03064	0.01449	0.01106	0.00362	0.00923	0.01188	0.01106	0.01749
13	0.37939	0.02225	0.02130	0.01755	0.02478	0.02438	0.01443	0.15349	0.02903	0.13825	0.02394	0.02460	0.01711	0.01159	0.00854	0.00329	0.00923	0.00800	0.05436	0.01449
14	0.01328	0.00949	0.01265	0.01518	0.01581	0.00886	0.01012	0.01518	0.02088	0.02783	0.06010	0.60969	0.07212	0.03416	0.01392	0.00443	0.00633	0.03100	0.01012	0.00886
15	0.14542	0.01943	0.02382	0.01890	0.02685	0.01843	0.01550	0.05039	0.07903	0.42766	0.03889	0.03450	0.02530	0.01311	0.01033	0.00341	0.00908	0.01033	0.01222	0.01739
16	0.01536	0.01065	0.01175	0.01175	0.01236	0.01034	0.00689	0.01582	0.01735	0.02252	0.04700	0.07693	0.12353	0.51888	0.04841	0.00943	0.00973	0.01705	0.00719	0.00704
17	0.02119	0.01999	0.03379	0.54131	0.11968	0.02438	0.03058	0.02839	0.02209	0.02859	0.01949	0.02887	0.01479	0.01079	0.01089	0.00360	0.01439	0.00969	0.00490	0.01260
18	0.08901	0.13617	0.15068	0.02469	0.03173	0.02799	0.06227	0.02950	0.02086	0.03226	0.02194	0.07210	0.02002	0.01443	0.01609	0.00360	0.15989	0.01029	0.06345	0.01303
19	0.69383	0.02109	0.01603	0.01434	0.02109	0.02446	0.01181	0.03205	0.01856	0.04892	0.01518	0.01771	0.01181	0.01012	0.00675	0.00337	0.00843	0.00590	0.00675	0.01181
20	0.02847	0.02409	0.02541	0.02246	0.02887	0.02775	0.01758	0.10072	0.48412	0.04779	0.04267	0.03932	0.03190	0.01463	0.01108	0.00366	0.00895	0.01209	0.01108	0.01738
21	0.30468	0.02269	0.02612	0.02264	0.02547	0.02965	0.01881	0.02868	0.01748	0.03575	0.01468	0.02128	0.01326	0.01533	0.02361	0.00419	0.35021	0.00802	0.00560	0.01188
22	0.02548	0.09241	0.16423	0.03576	0.04685	0.02853	0.27048	0.03877	0.11561	0.03586	0.02487	0.02889	0.01872	0.01047	0.01143	0.00350	0.01547	0.01104	0.00624	0.01540
23	0.01408	0.01005	0.01356	0.01609	0.01707	0.00954	0.01150	0.01655	0.02166	0.02872	0.05966	0.51971	0.07038	0.03341	0.01413	0.00454	0.00701	0.11316	0.01011	0.00908
24	0.01866	0.01144	0.01398	0.01347	0.01452	0.01155	0.00858	0.01967	0.01746	0.06802	0.03425	0.06367	0.03650	0.47604	0.13755	0.01110	0.01355	0.01474	0.00707	0.00816
25	0.04145	0.03054	0.03272	0.02509	0.03381	0.03381	0.02072	0.51243	0.05127	0.06872	0.02618	0.02618	0.01854	0.01309	0.01091	0.00327	0.01200	0.00982	0.01091	0.01854
26	0.29612	0.01887	0.01778	0.01526	0.02107	0.02060	0.01233	0.11752	0.02690	0.09090	0.02633	0.02859	0.01972	0.01180	0.00813	0.00307	0.00800	0.00846	0.23554	0.01300
27	0.04203	0.02960	0.03214	0.02464	0.03335	0.03242	0.02036	0.47652	0.04970	0.10685	0.02749	0.02703	0.01920	0.01312	0.01091	0.00328	0.01179	0.00991	0.01111	0.01854
28	0.02304	0.02435	0.15467	0.02039	0.02677	0.01634	0.01931	0.03050	0.06556	0.11876	0.04059	0.21808	0.03963	0.08192	0.06385	0.00564	0.01184	0.01718	0.00868	0.01289
29	0.02915	0.62337	0.05714	0.01866	0.02799	0.04314	0.01866	0.03265	0.02215	0.02565	0.01516	0.01749	0.01399	0.00933	0.00700	0.00233	0.01166	0.00583	0.00466	0.01399
30	0.02165	0.02046	0.03462	0.50356	0.15383	0.02450	0.03081	0.02879	0.02231	0.02915	0.01957	0.02872	0.01499	0.01070	0.01088	0.00357	0.01427	0.00969	0.00494	0.01297
31	0.03164	0.02567	0.02720	0.02310	0.03007	0.02923	0.01835	0.20123	0.37844	0.05290	0.03864	0.03611	0.02864	0.01426	0.01104	0.00356	0.00969	0.01154	0.01104	0.01766
32	0.01449	0.01085	0.01345	0.01335	0.01585	0.00980	0.00980	0.01855	0.02783	0.03782	0.36371	0.17462	0.19887	0.02548	0.01304	0.00365	0.00543	0.02235	0.01126	0.00980
33	0.02699	0.02591	0.04426	0.06693	0.54879	0.02591	0.03346	0.03346	0.02483	0.03562	0.02051	0.02699	0.01727	0.00972	0.01079	0.00324	0.01295	0.00972	0.00540	0.01727
34	0.01431	0.01058	0.01344	0.01438	0.01636	0.00972	0.01049	0.01772	0.02531	0.03390	0.23218	0.30122	0.16426	0.02865	0.01348	0.00401	0.00610	0.06362	0.01075	0.00950
35	0.01894	0.00947	0.01420	0.01420	0.01420	0.00947	0.00947	0.01420	0.01420	0.01894	0.01894	0.03314	0.01894	0.03788	0.04261	0.68277	0.00947	0.00947	0.00473	0.00473
36	0.04145	0.03054	0.03272	0.02509	0.03381	0.03381	0.02072	0.51243	0.05127	0.06872	0.02618	0.02618	0.01854	0.01309	0.01091	0.00327	0.01200	0.00982	0.01091	0.01854
37	0.01370	0.00981	0.01302	0.01490	0.01591	0.00913	0.01015	0.01623	0.02281	0.03092	0.15382	0.50718	0.07809	0.03186	0.01371	0.00423	0.00610	0.02881	0.01049	0.00913
38	0.02915	0.62337	0.05714	0.01866	0.02799	0.04314	0.01866	0.03265	0.02215	0.02565	0.01516	0.01749	0.01399	0.00933	0.00700	0.00233	0.01166	0.00583	0.00466	0.01399
39	0.02844	0.56780	0.10645	0.01987	0.02987	0.04140	0.02078	0.03283	0.02224	0.02652	0.01559	0.01803	0.01397	0.00943	0.00733	0.00244	0.01210	0.00605	0.00466	0.01420
40	0.08273	0.01648	0.02518	0.07490	0.07460	0.01698	0.06705	0.02546	0.02389	0.03384	0.04395	0.12773	0.04617	0.02312	0.01325	0.00441	0.01104	0.26942	0.00845	0.01136
41	0.04892	0.01856	0.02530	0.01940	0.02783	0.01603	0.01603	0.05314	0.03121	0.55634	0.04302	0.03711	0.02699	0.01350	0.01096	0.00337	0.00928	0.01096	0.01350	0.01856
42	0.01558	0.01168	0.01752	0.01752	0.01947	0.01363	0.01363	0.01947	0.01752	0.02531	0.02921	0.04283	0.02726	0.08178	0.57360	0.01752	0.02921	0.01168	0.00584	0.00974
43	0.01580	0.01139	0.01509	0.01481	0.01737	0.01068	0.01154	0.02092	0.02988	0.04182	0.45983	0.08857	0.09600	0.02363	0.01324	0.00370	0.00598	0.09784	0.01167	0.01025
44	0.02915	0.62337	0.05714	0.01866	0.02799	0.04314	0.01866	0.03265	0.02215	0.02565	0.01516	0.01749	0.01399	0.00933	0.00700	0.00233	0.01166	0.00583	0.00466	0.01399
45	0.02830	0.02401	0.02532	0.02243	0.02880	0.02767	0.01754	0.09539	0.48972	0.04752	0.04288	0.03949	0.03207	0.01465	0.01108	0.00366	0.00891	0.01212	0.01108	0.01736
46	0.01328	0.00949	0.01265	0.01518	0.01581	0.00886	0.01012	0.01518	0.02088	0.02783	0.06010	0.60969	0.07212	0.03416	0.01392	0.00443	0.00633	0.03100	0.01012	0.00886
47	0.01583	0.01067	0.01238	0.01238	0.01255	0.01083	0.00721	0.01617	0.01600	0.02150	0.03391	0.06889	0.03857	0.57064	0.10021	0.01117	0.01218	0.01550	0.00654	0.00688
48	0.69383	0.02109	0.01603	0.01434	0.02109	0.02446	0.01181	0.03205	0.01856	0.04892	0.01518	0.01771	0.01181	0.01012	0.00675	0.00337	0.00843	0.00590	0.00675	0.01181
49	0.02385	0.02385	0.03340	0.02863	0.02863	0.03340	0.02385	0.02624	0.01670	0.02624	0.01431	0.02385	0.01431	0.01908	0.03578	0.00477	0.59685	0.00954	0.00477	0.01193
50	0.02574	0.02941	0.06434	0.04596	0.05699	0.02757	0.50919	0.03493	0.02574	0.03493	0.02206	0.02941	0.01654	0.00919	0.01287	0.00368	0.01838	0.01287	0.00551	0.01471
51	0.04272	0.07290	0.07043	0.02222	0.03140	0.02511	0.01970	0.21202	0.03696	0.30395	0.03315	0.03067	0.02201	0.01279	0.01059	0.00326	0.01093	0.00994	0.01123	0.01801
52	0.08874	0.14151	0.34261	0.11298	0.04571	0.02803	0.03237	0.03295	0.02225	0.03344	0.01838	0.02251	0.01376	0.01025	0.00953	0.00329	0.01438	0.00773	0.00486	0.01473
53	0.01548	0.01081	0.01303	0.01281	0.01539	0.00992	0.00948	0.01983	0.02749	0.03892	0.33401	0.13251	0.17316	0.02303	0.01217	0.00344	0.00533	0.02002	0.11325	0.00992
54	0.01714	0.01546	0.01634	0.01699	0.01868	0.06772	0.01224	0.01957	0.02290	0.02911	0.09842	0.37542	0.13563	0.02848	0.01532	0.00410	0.06302	0.02444	0.00932	0.00969
55	0.38958	0.02173	0.02152	0.01759	0.02517	0.02322	0.01451	0.11220	0.02757	0.21283	0.02569	0.02516	0.01765	0.01164	0.00872	0.00336	0.00925	0.00811	0.00952	0.01498
56	0.01395	0.01019	0.01312	0.01429	0.01586	0.00936	0.00999	0.01700	0.02455	0.03321	0.22359	0.38592	0.12941	0.02961	0.01347	0.00403	0.00586	0.02650	0.01074	0.00936
57	0.03160	0.46517	0.05011	0.02016	0.02860	0.03913	0.01906	0.08089	0.02533	0.07499	0.01854	0.02053	0.01557	0.01084	0.01006	0.00271	0.05905	0.00696	0.00603	0.01466
58	0.03686	0.01888	0.02334	0.01901	0.02583	0.01796	0.01502	0.08257	0.10608	0.30314	0.04056	0.08725	0.03128	0.06702	0.01483	0.00398	0.00916	0.01283	0.01144	0.07297
59	0.02071	0.01789	0.03207	0.02663	0.03104	0.01776	0.17120	0.02514	0.02270	0.06540	0.04223	0.32749	0.04557	0.02330	0.01557	0.00415	0.06939	0.02172	0.00834	0.01168
60	0.02123	0.02003	0.03386	0.53826	0.12244	0.02439	0.03060	0.02842	0.02210	0.02863	0.01949	0.02886	0.01481	0.01078	0.01089	0.00359	0.01438	0.00969	0.00490	0.01263
61	0.03361	0.02088	0.03301	0.21708	0.09066	0.02161	0.06879	0.04170	0.06803	0.24433	0.03134	0.03313	0.02154	0.01201	0.01112	0.00350	0.01215	0.01072	0.00897	0.01582
62	0.02194	0.05277	0.50761	0.02961	0.04510	0.02427	0.03760	0.03384	0.02298	0.03463	0.01955	0.02298	0.01404	0.01014	0.01014	0.00327	0.01533	0.00790	0.00479	0.08152
63	0.02059	0.01938	0.03270	0.59060	0.07510	0.02422	0.03028	0.02786	0.02180	0.02786	0.01938	0.02907	0.01453	0.01090	0.01090	0.00363	0.01453	0.00969	0.00484	0.01211
64	0.01892	0.01115	0.01399	0.01372	0.01632	0.01040	0.01011	0.02319	0.02662	0.08285	0.26573	0.19450	0.07146	0.02213	0.01172	0.00345	0.00576	0.01943	0.16792	0.01062
65	0.01821	0.01144	0.01513	0.01468	0.01732	0.01048	0.01082	0.02239	0.02823	0.09072	0.36426	0.21790	0.08709	0.02458	0.01295	0.00369	0.00587	0.02185	0.01165	0.01073
66	0.03299	0.02634	0.02796	0.02338	0.03059	0.02986	0.01868	0.24401	0.33347	0.05507	0.03693	0.03474	0.02725	0.01410	0.01102	0.00352	0.01001	0.01130	0.01102	0.01778
67	0.08049	0.01313	0.01567	0.01400	0.01800	0.01252	0.01086	0.02866	0.02805	0.13794	0.28973	0.05851	0.06398	0.01744	0.01079	0.00321	0.00617	0.01474	0.16419	0.01191
68	0.62862	0.02203	0.01769	0.01541	0.02236	0.02539	0.01270	0.08006	0.02183	0.05090	0.01628	0.01856	0.01248	0.01042	0.00716	0.00336	0.00879	0.00630	0.00716	0.01248
69	0.09138	0.02390	0.02845	0.11689	0.03637	0.07042	0.02036	0.08743	0.02796	0.23722	0.02771	0.02921	0.01944	0.01356	0.01498	0.00361	0.11725	0.00963	0.00900	0.01523
70	0.02915	0.62337	0.05714	0.01866	0.02799	0.04314	0.01866	0.03265	0.02215	0.02565	0.01516	0.01749	0.01399	0.00933	0.00700	0.00233	0.01166	0.00583	0.00466	0.01399
71	0.02118	0.02019	0.03283	0.48921	0.06671	0.02588	0.02912	0.02757	0.02088	0.02757	0.01847	0.02813	0.01449	0.01238	0.01539	0.00384	0.11959	0.00966	0.00483	0.01208
72	0.03109	0.02422	0.02602	0.02245	0.02921	0.02738	0.01773	0.13182	0.41380	0.08759	0.04130	0.03804	0.03041	0.01442	0.01105	0.00360	0.00923	0.01182	0.01124	0.01757
73	0.02066	0.01212	0.01263	0.01250	0.01541	0.01263	0.00935	0.02936	0.10012	0.04013	0.03937	0.09753	0.03318	0.01517	0.00878	0.00291	0.00575	0.01258	0.50871	0.01112
74	0.02059	0.01938	0.03270	0.59060	0.07510	0.02422	0.03028	0.02786	0.02180	0.02786	0.01938	0.02907	0.01453	0.01090	0.01090	0.00363	0.01453	0.00969	0.00484	0.01211
75	0.01812	0.01125	0.01398	0.01387	0.01578	0.01048	0.00947	0.02047	0.02293	0.08230	0.16505	0.21667	0.10450	0.21481	0.02656	0.00599	0.00764	0.02090	0.00977	0.00947
76	0.01864	0.00958	0.01398	0.01398	0.01398	0.00958	0.00919	0.01437	0.01437	0.01916	0.02045	0.03689	0.02097	0.09462	0.04388	0.61688	0.00958	0.01010	0.00492	0.00492
77	0.02699	0.02591	0.04426	0.06693	0.54879	0.02591	0.03346	0.03346	0.02483	0.03562	0.02051	0.02699	0.01727	0.00972	0.01079	0.00324	0.01295	0.00972	0.00540	0.01727
78	0.01469	0.01098	0.01364	0.01326	0.01591	0.00993	0.00984	0.01904	0.02870	0.03925	0.40738	0.13214	0.19615	0.02447	0.01296	0.00357	0.00533	0.02141	0.01143	0.00993
79	0.03055	0.07930	0.03064	0.02007	0.02951	0.01896	0.06102	0.03550	0.02515	0.17312	0.02551	0.02661	0.01886	0.00975	0.00919	0.00235	0.00972	0.00820	0.00807	0.37794
80	0.02187	0.05640	0.56031	0.03108	0.04719	0.02532	0.04029	0.03453	0.02302	0.03453	0.01957	0.02302	0.01381	0.01036	0.01036	0.00345	0.01611	0.00806	0.00460	0.01611
81	0.02492	0.29405	0.34940	0.02587	0.03914	0.03279	0.03122	0.03374	0.02266	0.03081	0.01772	0.02070	0.01389	0.00993	0.00895	0.00298	0.01425	0.00712	0.00463	0.01522
82	0.04027	0.02995	0.03206	0.02485	0.03336	0.03326	0.02044	0.47499	0.09063	0.06681	0.02768	0.02737	0.01976	0.01323	0.01092	0.00331	0.01172	0.01002	0.01092	0.01844
83	0.02537	0.02834	0.05839	0.04263	0.05154	0.02869	0.41595	0.03326	0.02400	0.03326	0.02057	0.02834	0.01612	0.01109	0.01727	0.00389	0.12952	0.01223	0.00537	0.01417
84	0.01328	0.00949	0.01265	0.01518	0.01581	0.00886	0.01012	0.01518	0.02088	0.02783	0.06010	0.60969	0.07212	0.03416	0.01392	0.00443	0.00633	0.03100	0.01012	0.00886
85	0.01400	0.01109	0.01258	0.01221	0.01541	0.00968	0.00916	0.01780	0.02747	0.03568	0.29911	0.09469	0.35183	0.02529	0.01288	0.00357	0.00536	0.02158	0.01094	0.00968
86	0.01546	0.01041	0.01201	0.01240	0.01249	0.01031	0.00714	0.01575	0.01662	0.02217	0.03829	0.15372	0.04461	0.52766	0.04913	0.00963	0.00992	0.01817	0.00714	0.00695
87	0.02059	0.01938	0.03270	0.59060	0.07510	0.02422	0.03028	0.02786	0.02180	0.02786	0.01938	0.02907	0.01453	0.01090	0.01090	0.00363	0.01453	0.00969	0.00484	0.01211
88	0.24122	0.01970	0.02125	0.01644	0.02487	0.01806	0.01339	0.03572	0.02362	0.17806	0.02433	0.02492	0.01766	0.01016	0.00842	0.00264	0.00851	0.00748	0.00842	0.29513
89	0.08297	0.02276	0.02792	0.02289	0.02751	0.02659	0.01882	0.11457	0.02460	0.03800	0.01897	0.02502	0.01637	0.01978	0.06652	0.00468	0.25390	0.00873	0.00654	0.17287
90	0.02336	0.07349	0.06940	0.07371	0.03140	0.02138	0.05418	0.06859	0.02500	0.03648	0.03227	0.03615	0.07125	0.01308	0.01168	0.00299	0.05828	0.01037	0.16278	0.12415
91	0.18325	0.02492	0.02308	0.06832	0.03001	0.11207	0.01639	0.07120	0.02550	0.03858	0.02458	0.07017	0.02261	0.01340	0.00953	0.00302	0.01103	0.04858	0.00718	0.19658
92	0.18557	0.12959	0.02725	0.01794	0.02432	0.02610	0.01498	0.11871	0.09721	0.04642	0.16186	0.03929	0.04060	0.01439	0.00975	0.00323	0.00881	0.01114	0.00910	0.01374

[dist]
# distance from previous block
# <min> <max>
0	7

[block]
# block no. 4 follows, 12 sequences, length 41
# corresponding to MSA columns:
# 477-517
name=unknown_E
#
# <colnr> <probs for GDERKNQSTAVLIFYWHMCP>
#	G	D	E	R	K	N	Q	S	T	A	V	L	I	F	Y	W	H	M	C	P
0	0.02159	0.01564	0.02288	0.01996	0.02471	0.01475	0.08112	0.02845	0.07600	0.10338	0.10417	0.18556	0.17433	0.02302	0.01284	0.00389	0.00862	0.05678	0.01018	0.01211
1	0.11658	0.15658	0.39143	0.02645	0.04000	0.02851	0.03232	0.03384	0.02224	0.03488	0.01814	0.02126	0.01357	0.01014	0.00923	0.00323	0.01422	0.00735	0.00491	0.01512
2	0.03137	0.01815	0.01982	0.01644	0.02188	0.01890	0.01318	0.19239	0.03354	0.12170	0.03346	0.03531	0.02466	0.01294	0.00919	0.00290	0.00798	0.01016	0.36188	0.01414
3	0.02242	0.01165	0.01338	0.01236	0.01584	0.01091	0.00947	0.02716	0.02608	0.11189	0.16193	0.05607	0.09692	0.01653	0.00983	0.00298	0.00572	0.01378	0.36381	0.01126
4	0.03308	0.02043	0.03402	0.27759	0.05294	0.02128	0.09090	0.03934	0.02626	0.24843	0.02957	0.03246	0.01999	0.01174	0.01120	0.00353	0.01289	0.01066	0.00853	0.01515
5	0.01787	0.01237	0.01456	0.01394	0.01499	0.01298	0.00898	0.05649	0.01900	0.02571	0.03279	0.06270	0.03577	0.47417	0.14293	0.01120	0.01396	0.01464	0.00682	0.00812
6	0.01846	0.01511	0.01680	0.01589	0.01985	0.01551	0.01203	0.03128	0.19529	0.03910	0.21647	0.11296	0.20432	0.02217	0.01235	0.00366	0.00651	0.01901	0.01102	0.01221
7	0.03857	0.02861	0.02961	0.02656	0.06927	0.10231	0.01976	0.19286	0.15757	0.17022	0.03286	0.03144	0.02340	0.01309	0.01081	0.00333	0.01167	0.01030	0.01042	0.01732
8	0.30480	0.02143	0.02562	0.02151	0.02670	0.02454	0.06462	0.06038	0.02162	0.04023	0.02291	0.10331	0.02191	0.01536	0.01493	0.00374	0.13541	0.01116	0.00693	0.05290
9	0.21279	0.22905	0.03492	0.09821	0.03310	0.07114	0.01831	0.03690	0.10778	0.03587	0.02083	0.02325	0.01674	0.01083	0.00837	0.00307	0.01123	0.00758	0.00643	0.01358
10	0.02628	0.03759	0.25535	0.03029	0.04019	0.02664	0.09649	0.03770	0.08719	0.08796	0.02436	0.02778	0.01813	0.01295	0.01631	0.00379	0.13919	0.00989	0.00651	0.01542
11	0.01859	0.00964	0.01424	0.01416	0.01441	0.00955	0.00955	0.01484	0.01587	0.02142	0.07142	0.03798	0.02734	0.03632	0.03963	0.61474	0.00904	0.01050	0.00546	0.00529
12	0.01786	0.01163	0.01442	0.01380	0.01698	0.01036	0.01031	0.02176	0.02773	0.09019	0.29966	0.16383	0.21107	0.02465	0.01283	0.00364	0.00585	0.02144	0.01136	0.01063
13	0.03298	0.02633	0.02795	0.02337	0.03059	0.02986	0.01868	0.24374	0.33376	0.05506	0.03694	0.03475	0.02726	0.01410	0.01102	0.00352	0.01001	0.01130	0.01102	0.01778
14	0.69383	0.02109	0.01603	0.01434	0.02109	0.02446	0.01181	0.03205	0.01856	0.04892	0.01518	0.01771	0.01181	0.01012	0.00675	0.00337	0.00843	0.00590	0.00675	0.01181
15	0.16371	0.10626	0.02999	0.01988	0.02820	0.02611	0.01686	0.16903	0.03296	0.25835	0.02949	0.02787	0.02011	0.01218	0.00962	0.00320	0.01018	0.00901	0.01033	0.01667
16	0.03335	0.23471	0.04155	0.06879	0.03489	0.08301	0.08381	0.03816	0.02580	0.16107	0.02529	0.02711	0.01882	0.01096	0.00942	0.00294	0.01244	0.00885	0.06441	0.01462
17	0.02915	0.62337	0.05714	0.01866	0.02799	0.04314	0.01866	0.03265	0.02215	0.02565	0.01516	0.01749	0.01399	0.00933	0.00700	0.00233	0.01166	0.00583	0.00466	0.01399
18	0.69383	0.02109	0.01603	0.01434	0.02109	0.02446	0.01181	0.03205	0.01856	0.04892	0.01518	0.01771	0.01181	0.01012	0.00675	0.00337	0.00843	0.00590	0.00675	0.01181
19	0.09302	0.02531	0.02724	0.02225	0.02983	0.02785	0.01799	0.23640	0.21781	0.13416	0.03442	0.03238	0.02460	0.01351	0.01063	0.00345	0.01006	0.01057	0.01102	0.01751
20	0.01447	0.01040	0.01372	0.01437	0.01608	0.00965	0.01021	0.01816	0.02640	0.03662	0.32714	0.31760	0.08913	0.02760	0.01333	0.00388	0.00567	0.02476	0.01116	0.00965
21	0.08402	0.02383	0.03276	0.02523	0.03258	0.02509	0.10777	0.18762	0.03322	0.15106	0.02826	0.03015	0.02031	0.01269	0.01264	0.00340	0.06124	0.01034	0.10219	0.01561
22	0.01337	0.00999	0.01244	0.01409	0.01560	0.00906	0.00971	0.01575	0.02265	0.02956	0.11269	0.44703	0.18513	0.03163	0.01359	0.00417	0.00604	0.02818	0.01028	0.00906
23	0.01894	0.00947	0.01420	0.01420	0.01420	0.00947	0.00947	0.01420	0.01420	0.01894	0.01894	0.03314	0.01894	0.03788	0.04261	0.68277	0.00947	0.00947	0.00473	0.00473
24	0.03836	0.11732	0.03501	0.02465	0.03252	0.16062	0.02022	0.29773	0.08284	0.05095	0.02401	0.02467	0.01810	0.01228	0.01013	0.00307	0.01346	0.00882	0.00882	0.01642
25	0.10001	0.02405	0.03750	0.02899	0.03678	0.02500	0.17617	0.04403	0.15672	0.15702	0.03128	0.03242	0.02261	0.01257	0.01329	0.00368	0.06203	0.01129	0.00885	0.01571
26	0.02815	0.02180	0.02870	0.02378	0.03000	0.02302	0.08177	0.14319	0.18368	0.08370	0.08236	0.14463	0.04042	0.01780	0.01195	0.00369	0.01000	0.01583	0.01038	0.01515
27	0.02484	0.02438	0.04349	0.22531	0.33456	0.02562	0.09858	0.03194	0.02402	0.03313	0.02038	0.02796	0.01633	0.01001	0.01112	0.00342	0.01419	0.01015	0.00524	0.01533
28	0.02610	0.02500	0.04265	0.13969	0.48298	0.02567	0.03302	0.03268	0.02441	0.03454	0.02035	0.02728	0.01689	0.00988	0.01081	0.00329	0.01317	0.00971	0.00532	0.01655
29	0.02532	0.02420	0.04124	0.20347	0.42528	0.02547	0.03263	0.03200	0.02404	0.03360	0.02021	0.02753	0.01656	0.01002	0.01082	0.00334	0.01337	0.00971	0.00525	0.01593
30	0.02947	0.01917	0.02331	0.01700	0.02636	0.01492	0.01373	0.03415	0.02485	0.17133	0.02554	0.02639	0.01898	0.00949	0.00883	0.00207	0.00839	0.00763	0.00829	0.51009
31	0.02202	0.01240	0.01661	0.01592	0.01920	0.01134	0.01218	0.02613	0.02780	0.14433	0.26677	0.21122	0.07524	0.02431	0.01296	0.00384	0.00680	0.06771	0.01163	0.01160
32	0.02554	0.01998	0.02880	0.02327	0.02855	0.02046	0.11636	0.15370	0.02945	0.04080	0.03277	0.05295	0.03056	0.17190	0.02302	0.00538	0.01174	0.07124	0.10115	0.01239
33	0.02605	0.02372	0.05849	0.02059	0.02717	0.02362	0.01724	0.13756	0.26302	0.04642	0.09373	0.05190	0.12931	0.01716	0.01149	0.00357	0.00894	0.01414	0.01052	0.01536
34	0.01888	0.01134	0.01507	0.01536	0.01741	0.01088	0.01146	0.01996	0.02076	0.07092	0.05159	0.14579	0.12868	0.08248	0.07182	0.18279	0.01019	0.09751	0.00835	0.00877
35	0.02351	0.02631	0.10516	0.38303	0.14693	0.02542	0.03138	0.06872	0.02484	0.03333	0.02014	0.02768	0.01522	0.01081	0.01081	0.00351	0.01428	0.00949	0.00539	0.01402
36	0.23298	0.03331	0.07952	0.08158	0.03435	0.17909	0.02115	0.03585	0.02348	0.07357	0.01847	0.02225	0.01439	0.01203	0.01275	0.00344	0.09480	0.00770	0.00625	0.01302
37	0.03768	0.07880	0.02563	0.01776	0.02468	0.01724	0.01472	0.04208	0.03018	0.36078	0.17760	0.04728	0.04651	0.01548	0.01108	0.00328	0.00839	0.01284	0.01218	0.01581
38	0.09285	0.02357	0.03161	0.02715	0.02785	0.03248	0.02261	0.02684	0.01689	0.02858	0.01440	0.02322	0.01406	0.01816	0.03279	0.00463	0.53625	0.00917	0.00497	0.01192
39	0.47419	0.02604	0.07540	0.01814	0.02629	0.02542	0.01646	0.11009	0.02513	0.08747	0.01940	0.02101	0.01419	0.01086	0.00809	0.00337	0.00985	0.00711	0.00768	0.01381
40	0.02331	0.06532	0.08229	0.02184	0.02680	0.02136	0.06593	0.02980	0.06376	0.06872	0.02861	0.04161	0.02582	0.17607	0.07092	0.00650	0.09424	0.01167	0.06342	0.01202

[dist]
# distance from previous block
# <min> <max>
1	50

[block]
# block no. 5 follows, 12 sequences, length 35
# corresponding to MSA columns:
# 568-602
name=unknown_F
#
# <colnr> <probs for GDERKNQSTAVLIFYWHMCP>
#	G	D	E	R	K	N	Q	S	T	A	V	L	I	F	Y	W	H	M	C	P
0	0.49012	0.02205	0.01970	0.01641	0.02384	0.02420	0.01350	0.10065	0.02452	0.09121	0.01934	0.02090	0.01436	0.01062	0.00779	0.00320	0.00897	0.00691	0.00785	0.07386
1	0.08453	0.22412	0.11295	0.02220	0.03071	0.12169	0.02104	0.07822	0.02629	0.07562	0.02094	0.02396	0.01679	0.01888	0.07384	0.00458	0.01525	0.00781	0.00640	0.01419
2	0.03084	0.01594	0.02021	0.01812	0.02331	0.01540	0.01451	0.03936	0.10838	0.23926	0.09190	0.12124	0.04567	0.01938	0.01183	0.00373	0.00820	0.08623	0.07208	0.01441
3	0.14639	0.01931	0.02365	0.01918	0.02605	0.01938	0.01569	0.04575	0.07288	0.35039	0.07118	0.03634	0.02938	0.01413	0.01242	0.00352	0.05595	0.01077	0.01139	0.01625
4	0.24588	0.02347	0.02543	0.11166	0.03497	0.02653	0.01842	0.16714	0.10604	0.09989	0.02594	0.02718	0.01878	0.01208	0.00961	0.00344	0.01049	0.00903	0.00888	0.01516
