[name]
unknown

[dist]
# distance from previous block
# <min> <max>
0	103

[block]
# block no. 0 follows, 14 sequences, length 27
# corresponding to MSA columns:
# 131-157
name=unknown_A
#
# <colnr> <probs for GDERKNQSTAVLIFYWHMCP>
#	G	D	E	R	K	N	Q	S	T	A	V	L	I	F	Y	W	H	M	C	P
0	0.02452	0.01253	0.01650	0.01579	0.01927	0.01147	0.01217	0.02743	0.02327	0.20737	0.05131	0.21778	0.08703	0.10558	0.01756	0.00467	0.00803	0.11633	0.01010	0.01127
1	0.01241	0.00931	0.01152	0.01329	0.01462	0.00842	0.00908	0.01440	0.02061	0.02659	0.06871	0.49578	0.19690	0.03057	0.01285	0.00399	0.00576	0.02725	0.00953	0.00842
2	0.02357	0.01786	0.01936	0.01664	0.02161	0.01836	0.01306	0.23482	0.03363	0.04386	0.09614	0.14155	0.23640	0.02081	0.01149	0.00339	0.00783	0.01732	0.00996	0.01236
3	0.01636	0.01084	0.01500	0.01511	0.01729	0.01106	0.01132	0.01960	0.02049	0.07147	0.11045	0.21077	0.08819	0.04864	0.27294	0.00939	0.01555	0.01768	0.00821	0.00963
4	0.01756	0.01151	0.01631	0.01632	0.01847	0.01239	0.01275	0.02092	0.01866	0.06909	0.03438	0.05827	0.03374	0.14474	0.35983	0.01222	0.01997	0.10647	0.00693	0.00945
5	0.02864	0.01927	0.02276	0.01717	0.02556	0.01671	0.01383	0.07119	0.08983	0.16081	0.02657	0.02666	0.01962	0.00985	0.00875	0.00224	0.00818	0.00793	0.00840	0.41602
6	0.01492	0.00995	0.01119	0.01119	0.01119	0.00995	0.00622	0.01492	0.01492	0.01990	0.03233	0.06716	0.03731	0.63935	0.05223	0.00995	0.00995	0.01492	0.00622	0.00622
7	0.71184	0.01985	0.01508	0.01350	0.01985	0.02302	0.01111	0.03017	0.01746	0.04604	0.01429	0.01667	0.01111	0.00953	0.00635	0.00318	0.00794	0.00556	0.00635	0.01111
8	0.03011	0.02780	0.02993	0.16229	0.10487	0.12944	0.02205	0.20722	0.06203	0.04116	0.02753	0.03026	0.05576	0.01221	0.01021	0.00312	0.01264	0.00974	0.00740	0.01423
9	0.42919	0.02105	0.02182	0.01801	0.02496	0.02310	0.05024	0.07779	0.08745	0.12373	0.02270	0.02335	0.01646	0.01068	0.00815	0.00322	0.00901	0.00774	0.00800	0.01336
10	0.01933	0.01519	0.01674	0.01551	0.01948	0.01615	0.01187	0.03395	0.24779	0.03972	0.22294	0.05916	0.12604	0.01766	0.01084	0.00327	0.00625	0.01503	0.09081	0.01227
11	0.01604	0.01067	0.01368	0.01367	0.01585	0.01005	0.01001	0.01922	0.02334	0.06679	0.23108	0.18824	0.12903	0.10560	0.06512	0.00546	0.00813	0.04914	0.00959	0.00930
12	0.02386	0.02186	0.03026	0.02515	0.02789	0.02731	0.05941	0.09584	0.06679	0.03462	0.10151	0.03259	0.02815	0.01662	0.02375	0.00395	0.35027	0.01091	0.00682	0.01243
13	0.02629	0.01260	0.01590	0.01391	0.01821	0.01137	0.01083	0.03043	0.02631	0.22783	0.18787	0.09432	0.09002	0.01717	0.01041	0.00310	0.00630	0.01458	0.17034	0.01220
14	0.02227	0.01243	0.01555	0.01461	0.01736	0.01188	0.01035	0.02651	0.06310	0.15643	0.10917	0.20683	0.04961	0.20864	0.02397	0.00552	0.00783	0.01779	0.00956	0.01059
15	0.01656	0.01322	0.01728	0.01563	0.01807	0.01382	0.01185	0.01997	0.02193	0.03165	0.23828	0.09426	0.05466	0.10877	0.09116	0.00575	0.10131	0.01477	0.00806	0.10299
16	0.01775	0.01398	0.01650	0.01506	0.01903	0.01280	0.01097	0.02368	0.08724	0.02958	0.03704	0.20538	0.03920	0.15234	0.01949	0.00451	0.00785	0.04828	0.00782	0.23151
17	0.23898	0.02342	0.02423	0.01937	0.02680	0.02548	0.01592	0.25873	0.07152	0.15914	0.02589	0.02526	0.01812	0.01168	0.00913	0.00316	0.00957	0.00853	0.00959	0.01549
18	0.02795	0.01387	0.01790	0.01546	0.01986	0.01273	0.01185	0.05861	0.02655	0.24662	0.15704	0.12280	0.09005	0.06396	0.01624	0.05268	0.00752	0.01544	0.01059	0.01228
19	0.01999	0.01254	0.01549	0.01461	0.01795	0.01161	0.01066	0.02502	0.06365	0.10400	0.11707	0.26261	0.05137	0.07150	0.01444	0.00386	0.00676	0.01833	0.06431	0.09423
20	0.03296	0.02053	0.02358	0.01935	0.02588	0.02143	0.01555	0.17694	0.17876	0.20183	0.10205	0.04154	0.06367	0.01464	0.01065	0.00326	0.00860	0.01198	0.01109	0.01573
21	0.01440	0.01075	0.01594	0.01623	0.01791	0.01228	0.01243	0.01784	0.01687	0.02411	0.03101	0.11201	0.03077	0.07154	0.52780	0.01500	0.02488	0.01320	0.00599	0.00906
22	0.02729	0.01270	0.01640	0.01491	0.01893	0.01139	0.01123	0.03030	0.02389	0.25749	0.04907	0.24434	0.07878	0.05533	0.01336	0.00382	0.00713	0.01768	0.09379	0.01216
23	0.02862	0.01400	0.01777	0.01540	0.02021	0.01295	0.01202	0.03452	0.06891	0.26269	0.15734	0.12036	0.07695	0.01757	0.01078	0.00326	0.00686	0.01500	0.09161	0.01320
24	0.01550	0.01107	0.01535	0.01772	0.01963	0.01092	0.01474	0.01947	0.02260	0.02955	0.05491	0.24827	0.06132	0.02932	0.01390	0.00458	0.00855	0.38395	0.00947	0.00916
25	0.02260	0.01484	0.02074	0.05778	0.08904	0.01531	0.01523	0.05405	0.02400	0.10748	0.11465	0.17446	0.04231	0.01965	0.01448	0.05227	0.04873	0.01530	0.08558	0.01149
26	0.02140	0.01396	0.02093	0.08510	0.02682	0.01399	0.05093	0.02477	0.02208	0.13804	0.04774	0.32143	0.08726	0.02276	0.01332	0.00380	0.04548	0.02009	0.00899	0.01110

[dist]
# distance from previous block
# <min> <max>
0	16

[block]
# block no. 1 follows, 14 sequences, length 62
# corresponding to MSA columns:
# 174-220,222-236
name=unknown_B
#
# <colnr> <probs for GDERKNQSTAVLIFYWHMCP>
#	G	D	E	R	K	N	Q	S	T	A	V	L	I	F	Y	W	H	M	C	P
0	0.02542	0.05104	0.02249	0.02086	0.08113	0.01694	0.01432	0.03053	0.06403	0.16869	0.09203	0.05267	0.12574	0.12597	0.01952	0.00447	0.04949	0.01343	0.00886	0.01238
1	0.02005	0.01824	0.02741	0.40228	0.05425	0.01957	0.02271	0.02609	0.02079	0.02878	0.01824	0.02521	0.01422	0.00932	0.00932	0.00275	0.01153	0.00804	0.00510	0.25612
2	0.02261	0.02356	0.08033	0.19590	0.20119	0.02277	0.02530	0.05993	0.11777	0.03413	0.03252	0.03592	0.07919	0.01238	0.01042	0.00329	0.01133	0.01082	0.00659	0.01405
3	0.09850	0.02241	0.02989	0.34732	0.09468	0.07619	0.02498	0.02814	0.02034	0.02863	0.01684	0.02436	0.01353	0.01147	0.01386	0.00348	0.12029	0.00848	0.00485	0.01178
4	0.02379	0.01238	0.01372	0.01229	0.01590	0.01227	0.00955	0.07318	0.02574	0.10933	0.09274	0.04085	0.03317	0.01308	0.00839	0.00264	0.00587	0.01062	0.47319	0.01128
5	0.65199	0.01963	0.01587	0.01392	0.02042	0.02231	0.01147	0.03195	0.01853	0.09426	0.01664	0.01831	0.01240	0.00981	0.00671	0.00318	0.00801	0.00599	0.00692	0.01168
6	0.02607	0.01753	0.02042	0.01815	0.02295	0.01897	0.01399	0.04195	0.28563	0.14170	0.07669	0.04386	0.03482	0.09155	0.09317	0.00584	0.01077	0.01214	0.00982	0.01396
7	0.01377	0.00985	0.01258	0.01299	0.01480	0.00903	0.00927	0.01652	0.02388	0.03235	0.28719	0.25451	0.15620	0.02654	0.01469	0.06003	0.00558	0.02167	0.00990	0.00867
8	0.03323	0.01739	0.02159	0.01775	0.02383	0.01696	0.01422	0.08662	0.12370	0.29390	0.18322	0.04594	0.04515	0.01513	0.01082	0.00323	0.00780	0.01269	0.01170	0.01513
9	0.06346	0.00997	0.01280	0.01269	0.01312	0.01019	0.00821	0.01499	0.01413	0.02037	0.02216	0.04155	0.02351	0.22412	0.04166	0.43671	0.00917	0.01058	0.00514	0.00546
10	0.02018	0.01104	0.01442	0.01452	0.01712	0.01019	0.01075	0.02342	0.02344	0.13424	0.13109	0.32521	0.05869	0.02398	0.01175	0.00365	0.00638	0.05277	0.09668	0.01048
11	0.20676	0.01609	0.01561	0.01453	0.01905	0.01735	0.01121	0.03001	0.17122	0.03590	0.05253	0.05192	0.20551	0.01917	0.01317	0.08038	0.00718	0.01304	0.00836	0.01100
12	0.03346	0.02441	0.02385	0.01967	0.02575	0.11833	0.01564	0.19426	0.03481	0.17047	0.15020	0.04211	0.07204	0.01488	0.01063	0.00308	0.01013	0.01187	0.01016	0.01425
13	0.01492	0.00995	0.01119	0.01119	0.01119	0.00995	0.00622	0.01492	0.01492	0.01990	0.03233	0.06716	0.03731	0.63935	0.05223	0.00995	0.00995	0.01492	0.00622	0.00622
14	0.10641	0.01814	0.02151	0.01612	0.02451	0.01522	0.01310	0.03506	0.02379	0.23343	0.02585	0.02571	0.01844	0.00966	0.00845	0.00230	0.00805	0.00756	0.00851	0.37820
15	0.01466	0.01100	0.01649	0.01649	0.01833	0.01283	0.01283	0.01833	0.01649	0.02382	0.02749	0.04032	0.02566	0.07697	0.59868	0.01649	0.02749	0.01100	0.00550	0.00916
16	0.01250	0.00893	0.01191	0.01429	0.01488	0.00834	0.00953	0.01429	0.01965	0.02620	0.05656	0.63265	0.06787	0.03215	0.01310	0.00417	0.00595	0.02917	0.00953	0.00834
17	0.01298	0.01040	0.01166	0.01187	0.01481	0.00908	0.00898	0.01613	0.02425	0.03053	0.19018	0.13879	0.39577	0.02566	0.01236	0.00357	0.00551	0.05869	0.00988	0.00890
18	0.02041	0.01265	0.01869	0.10532	0.02669	0.01339	0.01509	0.02368	0.02033	0.11178	0.03593	0.14858	0.03495	0.03894	0.18821	0.07115	0.01466	0.08167	0.00762	0.01025
19	0.01930	0.01587	0.01712	0.01626	0.01882	0.08252	0.03890	0.02183	0.02099	0.05631	0.04498	0.22448	0.09865	0.14678	0.06420	0.00572	0.01049	0.01771	0.06973	0.00936
20	0.02261	0.02293	0.03409	0.02843	0.02937	0.03093	0.06943	0.02544	0.01649	0.02544	0.01414	0.02293	0.01366	0.01711	0.03171	0.00440	0.56561	0.00927	0.00455	0.01146
21	0.01913	0.01229	0.01554	0.01425	0.01747	0.01190	0.01079	0.02511	0.06879	0.10326	0.31856	0.06569	0.11354	0.07330	0.07953	0.00524	0.00851	0.01615	0.01021	0.01076
22	0.02079	0.01390	0.01691	0.01601	0.01937	0.01386	0.01243	0.08091	0.06239	0.08527	0.16936	0.13922	0.09829	0.09174	0.01667	0.00440	0.00773	0.10978	0.00997	0.01100
23	0.03669	0.02812	0.03417	0.02660	0.03440	0.14102	0.13716	0.10515	0.07850	0.22779	0.02902	0.02891	0.02018	0.01139	0.01052	0.00315	0.01298	0.00995	0.00893	0.01537
24	0.04012	0.18184	0.03267	0.01892	0.02712	0.02432	0.01642	0.12210	0.03013	0.35662	0.03121	0.02853	0.02099	0.01163	0.00934	0.00291	0.00971	0.00890	0.01017	0.01635
25	0.03701	0.02775	0.02967	0.02321	0.03106	0.03089	0.01902	0.46881	0.12382	0.06144	0.02718	0.02667	0.01951	0.01256	0.01029	0.00314	0.01082	0.00959	0.01029	0.01727
26	0.61290	0.01949	0.01638	0.01420	0.02079	0.02184	0.01170	0.03311	0.01923	0.12575	0.01818	0.01938	0.01324	0.01000	0.00694	0.00318	0.00806	0.00626	0.00729	0.01206
27	0.09979	0.06516	0.12667	0.01985	0.02653	0.06171	0.01860	0.07607	0.06633	0.06662	0.10338	0.11345	0.03750	0.01638	0.01040	0.00337	0.01007	0.05731	0.00812	0.01267
28	0.03803	0.02534	0.08926	0.02510	0.07910	0.02208	0.02033	0.17713	0.07104	0.29604	0.03203	0.03012	0.02153	0.01204	0.01024	0.00317	0.01039	0.00972	0.01028	0.01701
29	0.01794	0.00897	0.01302	0.01302	0.01324	0.00897	0.00875	0.01433	0.01411	0.01969	0.01925	0.03184	0.01860	0.03349	0.03711	0.63774	0.00854	0.00897	0.06749	0.00492
30	0.02731	0.03048	0.07515	0.05449	0.44707	0.12302	0.02991	0.03319	0.02424	0.03201	0.01865	0.02397	0.01552	0.00943	0.00998	0.00299	0.01347	0.00861	0.00507	0.01543
31	0.02861	0.02949	0.17084	0.09438	0.11665	0.02307	0.02537	0.07874	0.14132	0.14414	0.02838	0.02926	0.02029	0.01140	0.01017	0.00326	0.01149	0.00951	0.00788	0.01577
32	0.71184	0.01985	0.01508	0.01350	0.01985	0.02302	0.01111	0.03017	0.01746	0.04604	0.01429	0.01667	0.01111	0.00953	0.00635	0.00318	0.00794	0.00556	0.00635	0.01111
33	0.08906	0.03834	0.18590	0.02746	0.03553	0.19376	0.09947	0.03295	0.02381	0.03146	0.06170	0.02569	0.02010	0.01161	0.01242	0.00323	0.08044	0.00881	0.00551	0.01277
34	0.01359	0.01015	0.01273	0.01350	0.01559	0.00929	0.01005	0.01694	0.02412	0.03205	0.23655	0.25975	0.19387	0.02655	0.01268	0.00376	0.00585	0.08386	0.01010	0.00900
35	0.02744	0.64552	0.05378	0.01756	0.02634	0.04061	0.01756	0.03073	0.02085	0.02414	0.01427	0.01646	0.01317	0.00878	0.00658	0.00219	0.01097	0.00549	0.00439	0.01317
36	0.01437	0.01079	0.01170	0.01121	0.01327	0.00976	0.00730	0.01573	0.01867	0.02398	0.05857	0.07552	0.23955	0.35385	0.03330	0.00679	0.00794	0.01678	0.00747	0.06343
37	0.02653	0.02199	0.02347	0.02056	0.02641	0.02502	0.01613	0.12363	0.43315	0.04600	0.08734	0.03975	0.03523	0.01433	0.01057	0.00340	0.00829	0.01188	0.01049	0.01583
38	0.71184	0.01985	0.01508	0.01350	0.01985	0.02302	0.01111	0.03017	0.01746	0.04604	0.01429	0.01667	0.01111	0.00953	0.00635	0.00318	0.00794	0.00556	0.00635	0.01111
39	0.17754	0.01472	0.01737	0.01571	0.02050	0.01422	0.01210	0.03206	0.02307	0.25359	0.04095	0.25941	0.03854	0.01945	0.01052	0.00355	0.00750	0.01649	0.01011	0.01260
40	0.02069	0.01623	0.02882	0.02386	0.02884	0.01501	0.17517	0.02523	0.02299	0.09871	0.04752	0.27419	0.09132	0.02149	0.01245	0.00381	0.01008	0.06369	0.00857	0.01133
41	0.01654	0.01181	0.01654	0.01890	0.02126	0.01181	0.01654	0.02126	0.02362	0.03071	0.05433	0.11576	0.05906	0.02835	0.01417	0.00472	0.00945	0.50626	0.00945	0.00945
42	0.01452	0.01049	0.01372	0.01291	0.01533	0.00968	0.00968	0.01937	0.02905	0.04115	0.56992	0.07666	0.09683	0.02098	0.01210	0.00323	0.00484	0.01856	0.01130	0.00968
43	0.01701	0.01021	0.01374	0.01512	0.01677	0.00943	0.01073	0.01928	0.02116	0.09641	0.05438	0.52026	0.06190	0.02943	0.01283	0.00408	0.00656	0.06122	0.00992	0.00956
44	0.02444	0.01792	0.01984	0.01779	0.02272	0.01962	0.01381	0.04364	0.34368	0.09055	0.14748	0.04574	0.04348	0.01502	0.01041	0.00328	0.00715	0.01267	0.08648	0.01429
45	0.01250	0.00893	0.01191	0.01429	0.01488	0.00834	0.00953	0.01429	0.01965	0.02620	0.05656	0.63265	0.06787	0.03215	0.01310	0.00417	0.00595	0.02917	0.00953	0.00834
46	0.02435	0.02332	0.03977	0.15878	0.48771	0.02411	0.03097	0.03058	0.02287	0.03226	0.01912	0.02574	0.01581	0.00934	0.01018	0.00311	0.01245	0.00914	0.00499	0.01541
47	0.01449	0.01080	0.01365	0.01464	0.01631	0.01060	0.01031	0.02011	0.08146	0.03211	0.19449	0.41593	0.07171	0.02710	0.01253	0.00384	0.00589	0.02435	0.01011	0.00957
48	0.01753	0.01486	0.01569	0.01470	0.01894	0.01523	0.01125	0.03049	0.22792	0.03513	0.13571	0.07302	0.30834	0.02078	0.01148	0.00344	0.00627	0.01745	0.01009	0.01168
49	0.04299	0.02237	0.02685	0.02059	0.02864	0.02236	0.01701	0.26346	0.03758	0.35740	0.03360	0.03046	0.02195	0.01254	0.01030	0.00313	0.00985	0.00985	0.01164	0.01746
50	0.02210	0.01235	0.01451	0.01373	0.01739	0.01197	0.01093	0.02845	0.06739	0.12108	0.10486	0.06106	0.10417	0.01741	0.01013	0.00318	0.00644	0.08890	0.27275	0.01122
51	0.14025	0.01682	0.02074	0.01647	0.02348	0.01555	0.01351	0.04382	0.02664	0.43545	0.03577	0.03267	0.02342	0.01214	0.00934	0.00308	0.00812	0.00953	0.09766	0.01554
52	0.01887	0.01263	0.01629	0.01608	0.01899	0.01233	0.01269	0.06832	0.02751	0.07176	0.24849	0.19062	0.06936	0.02384	0.01257	0.00379	0.00711	0.14774	0.01045	0.01055
53	0.03347	0.03136	0.02450	0.02096	0.02651	0.24235	0.01635	0.21266	0.03383	0.04254	0.02363	0.02591	0.01818	0.01156	0.00906	0.00273	0.01232	0.00832	0.19051	0.01323
54	0.01554	0.01228	0.01863	0.14539	0.02861	0.01431	0.01523	0.01933	0.01745	0.02410	0.02837	0.08837	0.02776	0.12092	0.36350	0.01194	0.02082	0.01249	0.00570	0.00926
55	0.02382	0.03048	0.11854	0.04171	0.05262	0.02572	0.48289	0.03283	0.02394	0.03283	0.02050	0.02702	0.01529	0.00877	0.01185	0.00344	0.01707	0.01161	0.00510	0.01399
56	0.02744	0.64552	0.05378	0.01756	0.02634	0.04061	0.01756	0.03073	0.02085	0.02414	0.01427	0.01646	0.01317	0.00878	0.00658	0.00219	0.01097	0.00549	0.00439	0.01317
57	0.30131	0.02168	0.02205	0.01809	0.02483	0.02387	0.01484	0.21249	0.02996	0.12717	0.02317	0.02472	0.01701	0.01841	0.07365	0.00461	0.01140	0.00814	0.00855	0.01405
58	0.10263	0.02011	0.08289	0.05462	0.07020	0.01696	0.01689	0.03247	0.05070	0.18561	0.03193	0.09115	0.02777	0.14924	0.01914	0.00476	0.00990	0.01209	0.00819	0.01274
59	0.02451	0.02276	0.07218	0.19190	0.09883	0.02251	0.02238	0.08194	0.16458	0.07286	0.03605	0.03768	0.08115	0.01314	0.01047	0.00334	0.01070	0.01112	0.00775	0.01415
60	0.02388	0.02152	0.03161	0.04021	0.29821	0.02154	0.02274	0.06344	0.06539	0.03599	0.06533	0.03327	0.05414	0.01175	0.01132	0.00293	0.04458	0.01017	0.00667	0.13531
61	0.03145	0.09244	0.03103	0.02986	0.16217	0.09402	0.01942	0.08028	0.02712	0.16463	0.03185	0.07107	0.05757	0.01298	0.00989	0.00296	0.01082	0.01071	0.00796	0.05178

[dist]
# distance from previous block
# <min> <max>
0	2

[block]
# block no. 2 follows, 14 sequences, length 53
# corresponding to MSA columns:
# 239-259,269-300
name=unknown_C
#
# <colnr> <probs for GDERKNQSTAVLIFYWHMCP>
#	G	D	E	R	K	N	Q	S	T	A	V	L	I	F	Y	W	H	M	C	P
0	0.02385	0.11235	0.24113	0.10866	0.08398	0.02495	0.05929	0.03147	0.02182	0.06847	0.01928	0.02338	0.01462	0.01011	0.01097	0.00305	0.05192	0.00807	0.00523	0.07740
1	0.01603	0.05245	0.01985	0.06566	0.07639	0.01375	0.01500	0.01929	0.02093	0.02766	0.04685	0.38743	0.05347	0.02599	0.01238	0.00398	0.00815	0.11649	0.00837	0.00987
2	0.03217	0.02718	0.03076	0.10894	0.03754	0.07162	0.05190	0.28743	0.15735	0.04927	0.02673	0.02786	0.01964	0.01203	0.01034	0.00321	0.01183	0.00974	0.00880	0.01567
3	0.02754	0.15865	0.17974	0.02314	0.03363	0.02498	0.06937	0.08316	0.02525	0.10424	0.02116	0.02304	0.01576	0.00961	0.00897	0.00265	0.01166	0.00775	0.00645	0.16321
4	0.01523	0.01142	0.01588	0.01559	0.01676	0.01316	0.01148	0.01772	0.01598	0.02272	0.02803	0.04712	0.02833	0.23973	0.40088	0.01379	0.06008	0.01203	0.00565	0.00842
5	0.02784	0.02331	0.04641	0.07204	0.04563	0.02202	0.34155	0.03499	0.02503	0.15039	0.02815	0.03791	0.02186	0.01157	0.01181	0.00352	0.01445	0.06031	0.00719	0.01403
6	0.03272	0.02236	0.03163	0.07652	0.15752	0.05564	0.05845	0.07477	0.02744	0.22394	0.06996	0.03239	0.02526	0.01224	0.01197	0.00323	0.04998	0.01035	0.00853	0.01512
7	0.08511	0.02337	0.08310	0.21533	0.08351	0.02189	0.02314	0.10038	0.02678	0.19934	0.02546	0.02771	0.01757	0.01106	0.00991	0.00324	0.01149	0.00906	0.00787	0.01469
8	0.02293	0.02302	0.03151	0.18475	0.11294	0.07175	0.02467	0.02709	0.01957	0.02671	0.01831	0.02979	0.01680	0.01483	0.02119	0.00388	0.29270	0.04067	0.00497	0.01189
9	0.02699	0.02471	0.09043	0.15388	0.13143	0.02378	0.09937	0.03301	0.02243	0.13733	0.02222	0.02705	0.01656	0.01176	0.01500	0.00351	0.13058	0.00961	0.00629	0.01407
10	0.01287	0.00937	0.01213	0.01366	0.01488	0.00863	0.00940	0.01534	0.02186	0.02930	0.16278	0.47329	0.11985	0.02937	0.01281	0.00392	0.00566	0.02638	0.00988	0.00863
11	0.02595	0.12301	0.11851	0.07297	0.13762	0.02513	0.02291	0.08429	0.09699	0.06848	0.06201	0.03011	0.02393	0.01142	0.00956	0.00301	0.01078	0.00941	0.04935	0.01457
12	0.02476	0.02893	0.13494	0.15867	0.08373	0.02545	0.13301	0.10036	0.13289	0.03748	0.02441	0.02813	0.01816	0.01075	0.01059	0.00334	0.01318	0.00999	0.00659	0.01466
13	0.01892	0.01231	0.01573	0.01644	0.01885	0.01213	0.01227	0.05243	0.06007	0.08524	0.05173	0.41219	0.05677	0.02719	0.01265	0.00405	0.00726	0.10335	0.00993	0.01050
14	0.02128	0.01824	0.02128	0.01520	0.02432	0.01368	0.01216	0.02584	0.02128	0.03344	0.01824	0.02128	0.01520	0.00760	0.00760	0.00152	0.00760	0.00608	0.00608	0.70208
15	0.20178	0.02779	0.02681	0.02501	0.08185	0.09894	0.01824	0.24029	0.10059	0.04929	0.02264	0.02372	0.01701	0.01130	0.00919	0.00310	0.01105	0.00829	0.00819	0.01492
16	0.02129	0.01428	0.01762	0.01545	0.02029	0.01272	0.01172	0.02747	0.07646	0.11052	0.15121	0.20605	0.05011	0.01858	0.01074	0.00304	0.00677	0.01626	0.00949	0.19993
17	0.01247	0.00904	0.01179	0.01399	0.01481	0.00836	0.00940	0.01432	0.01993	0.02631	0.06015	0.59223	0.10598	0.03168	0.01302	0.00411	0.00590	0.02860	0.00953	0.00836
18	0.02355	0.16068	0.43646	0.02656	0.03991	0.02768	0.03245	0.07889	0.02396	0.03391	0.01822	0.02097	0.01344	0.00981	0.00921	0.00304	0.01403	0.00735	0.00489	0.01501
19	0.01500	0.01040	0.01399	0.01399	0.01491	0.01131	0.00971	0.01651	0.01559	0.02170	0.02887	0.05117	0.03009	0.31529	0.32369	0.06335	0.01861	0.01253	0.00573	0.00756
20	0.02243	0.01177	0.01515	0.01422	0.01670	0.01107	0.00995	0.02441	0.02075	0.16979	0.07129	0.19350	0.04427	0.25778	0.06451	0.00682	0.00950	0.01711	0.00896	0.01005
21	0.13837	0.02476	0.02685	0.02086	0.02874	0.02654	0.01723	0.34953	0.03927	0.18575	0.02692	0.02594	0.01843	0.01201	0.00971	0.00312	0.01019	0.00896	0.01028	0.01653
22	0.01584	0.01007	0.01450	0.01450	0.01537	0.01095	0.01033	0.01598	0.01511	0.02102	0.02481	0.04145	0.02475	0.15454	0.30788	0.26186	0.01792	0.01089	0.00524	0.00699
23	0.01538	0.01029	0.01245	0.01340	0.01510	0.01010	0.00947	0.02035	0.06057	0.03274	0.13272	0.35619	0.05985	0.02415	0.01131	0.00354	0.00565	0.02145	0.17589	0.00942
24	0.01538	0.01054	0.01294	0.01360	0.01445	0.01049	0.00951	0.01709	0.01839	0.02443	0.07188	0.08224	0.04745	0.41905	0.03841	0.00798	0.00949	0.16180	0.00749	0.00740
25	0.11779	0.01451	0.01717	0.01451	0.01900	0.01386	0.01084	0.03305	0.02211	0.27390	0.03373	0.04443	0.02793	0.23772	0.02468	0.00556	0.00879	0.01132	0.05704	0.01206
26	0.02718	0.01950	0.02539	0.01961	0.02677	0.01797	0.06170	0.13860	0.02781	0.11290	0.02874	0.10551	0.02535	0.05641	0.01276	0.00318	0.00939	0.01145	0.00825	0.26152
27	0.40079	0.01696	0.01454	0.01301	0.01811	0.01899	0.01047	0.07485	0.02175	0.04495	0.02214	0.02517	0.01716	0.01066	0.00701	0.00288	0.00711	0.00734	0.25497	0.01114
28	0.03373	0.03924	0.02697	0.02444	0.02991	0.39211	0.01854	0.04585	0.21896	0.03152	0.02518	0.02562	0.01973	0.01178	0.00968	0.00294	0.01477	0.00841	0.00714	0.01346
29	0.01250	0.00893	0.01191	0.01429	0.01488	0.00834	0.00953	0.01429	0.01965	0.02620	0.05656	0.63265	0.06787	0.03215	0.01310	0.00417	0.00595	0.02917	0.00953	0.00834
30	0.01323	0.00949	0.01256	0.01379	0.01505	0.00882	0.00958	0.01612	0.02303	0.03158	0.24127	0.43260	0.07829	0.02813	0.01274	0.00383	0.00555	0.02535	0.01016	0.00882
31	0.03685	0.01904	0.02347	0.01854	0.02529	0.01855	0.01509	0.18100	0.03460	0.31305	0.15722	0.04159	0.03952	0.01449	0.01071	0.00316	0.00856	0.01190	0.01170	0.01568
32	0.71184	0.01985	0.01508	0.01350	0.01985	0.02302	0.01111	0.03017	0.01746	0.04604	0.01429	0.01667	0.01111	0.00953	0.00635	0.00318	0.00794	0.00556	0.00635	0.01111
33	0.02128	0.01824	0.02128	0.01520	0.02432	0.01368	0.01216	0.02584	0.02128	0.03344	0.01824	0.02128	0.01520	0.00760	0.00760	0.00152	0.00760	0.00608	0.00608	0.70208
34	0.02486	0.01432	0.01711	0.01521	0.01877	0.01438	0.01103	0.03187	0.12265	0.17200	0.04088	0.05349	0.06930	0.27316	0.07017	0.00697	0.01022	0.01327	0.00889	0.01145
35	0.01350	0.01006	0.01160	0.01193	0.01356	0.00944	0.00805	0.01530	0.01971	0.02535	0.09555	0.16738	0.23492	0.24021	0.07234	0.00681	0.00868	0.01952	0.00819	0.00788
36	0.02058	0.05308	0.58618	0.02925	0.04442	0.02383	0.03792	0.03250	0.02167	0.03250	0.01842	0.02167	0.01300	0.00975	0.00975	0.00325	0.01517	0.00758	0.00433	0.01517
37	0.02073	0.01151	0.01419	0.01325	0.01533	0.01102	0.00896	0.02219	0.01897	0.13381	0.04094	0.10175	0.07827	0.36989	0.08804	0.00826	0.01065	0.01521	0.00795	0.00908
38	0.02998	0.02166	0.03266	0.18926	0.20948	0.02340	0.02482	0.10025	0.02664	0.15722	0.02400	0.02771	0.01757	0.01130	0.01199	0.00329	0.05707	0.00940	0.00727	0.01504
39	0.02571	0.45070	0.17054	0.02052	0.03044	0.03534	0.02201	0.03348	0.07393	0.02788	0.01791	0.01979	0.01492	0.00951	0.00768	0.00256	0.01164	0.00656	0.00497	0.01392
40	0.01472	0.01074	0.01523	0.01523	0.01662	0.01214	0.01125	0.01751	0.01612	0.02288	0.02865	0.04673	0.02844	0.21144	0.46802	0.01493	0.02329	0.01193	0.00567	0.00846
41	0.02253	0.02208	0.07852	0.08520	0.10050	0.02088	0.05568	0.11921	0.02477	0.03394	0.02802	0.12542	0.02770	0.14003	0.02093	0.00480	0.05747	0.01340	0.00679	0.01214
42	0.02839	0.44106	0.08237	0.01921	0.02747	0.07469	0.01880	0.03243	0.02256	0.07672	0.02103	0.02847	0.01881	0.01127	0.00809	0.00264	0.01145	0.05558	0.00571	0.01324
43	0.01591	0.00980	0.01312	0.01312	0.01351	0.01019	0.00861	0.01510	0.01470	0.02000	0.02607	0.04845	0.02779	0.30122	0.16535	0.26016	0.01335	0.01192	0.00543	0.00622
44	0.01567	0.01057	0.01302	0.01354	0.01608	0.00948	0.01005	0.01859	0.02331	0.07311	0.14068	0.28437	0.23542	0.02669	0.01252	0.00378	0.00609	0.06756	0.01001	0.00945
45	0.02517	0.07819	0.14259	0.21205	0.04849	0.10274	0.09539	0.07119	0.02423	0.03093	0.01814	0.02373	0.01399	0.01062	0.01178	0.00325	0.06065	0.00862	0.00513	0.01311
46	0.10773	0.05972	0.08254	0.14475	0.11552	0.02238	0.02175	0.06636	0.02236	0.03320	0.02626	0.15666	0.02581	0.01536	0.01173	0.00345	0.05300	0.01270	0.00636	0.01236
47	0.02288	0.02805	0.14123	0.20098	0.30128	0.02393	0.03086	0.03188	0.05933	0.03203	0.02041	0.02611	0.01599	0.00989	0.01013	0.00322	0.01287	0.00901	0.00517	0.01475
48	0.66218	0.01967	0.01573	0.01385	0.02032	0.02243	0.01141	0.03165	0.01835	0.08605	0.01624	0.01803	0.01218	0.00976	0.00665	0.00318	0.00800	0.00591	0.00682	0.01159
49	0.06678	0.10629	0.05594	0.01551	0.02068	0.01756	0.01335	0.06082	0.02573	0.03649	0.22596	0.12581	0.10507	0.01806	0.01044	0.00309	0.00742	0.01518	0.00868	0.06113
50	0.01716	0.01254	0.05586	0.01432	0.01580	0.01035	0.01097	0.01534	0.01502	0.02017	0.02584	0.03926	0.05812	0.09513	0.07081	0.49152	0.01035	0.01041	0.00503	0.00600
51	0.13524	0.28897	0.03676	0.01857	0.02654	0.03149	0.01657	0.14410	0.06444	0.11521	0.02204	0.02232	0.01674	0.01055	0.00812	0.00276	0.01008	0.00740	0.00752	0.01459
52	0.12070	0.06733	0.09720	0.06032	0.10441	0.02132	0.01984	0.03295	0.07083	0.07827	0.02150	0.02392	0.01655	0.00957	0.00861	0.00265	0.00996	0.00760	0.00648	0.21999

[dist]
# distance from previous block
# <min> <max>
4	53

[block]
# block no. 3 follows, 14 sequences, length 21
# corresponding to MSA columns:
# 360-380
name=unknown_D
#
# <colnr> <probs for GDERKNQSTAVLIFYWHMCP>
#	G	D	E	R	K	N	Q	S	T	A	V	L	I	F	Y	W	H	M	C	P
0	0.11734	0.01584	0.02095	0.10150	0.02805	0.01641	0.04781	0.05307	0.02277	0.03596	0.11942	0.03647	0.03161	0.01894	0.05515	0.06050	0.01006	0.01030	0.09925	0.09859
1	0.01434	0.00980	0.01302	0.01392	0.01498	0.00952	0.00975	0.01625	0.02045	0.02786	0.16008	0.27833	0.06087	0.12961	0.06021	0.07600	0.00834	0.06000	0.00861	0.00805
2	0.19773	0.01629	0.01920	0.04952	0.05871	0.01694	0.01396	0.06771	0.02498	0.11712	0.14342	0.15705	0.04333	0.01713	0.01023	0.00338	0.00785	0.01439	0.00905	0.01201
3	0.02783	0.02214	0.03211	0.08418	0.03592	0.06456	0.13230	0.03286	0.02369	0.14986	0.02620	0.07571	0.02133	0.01220	0.01196	0.00302	0.05647	0.01077	0.00727	0.16966
4	0.29631	0.01763	0.01796	0.01563	0.02148	0.01870	0.01249	0.03757	0.10465	0.19224	0.03105	0.07549	0.02418	0.01310	0.00870	0.00322	0.00771	0.01007	0.07853	0.01330
5	0.08136	0.01449	0.01798	0.01625	0.02063	0.01400	0.01273	0.03273	0.06079	0.22914	0.08445	0.11536	0.04200	0.11319	0.01745	0.00458	0.00833	0.09211	0.01011	0.01233
6	0.01948	0.01638	0.02568	0.15241	0.11576	0.01722	0.06034	0.06321	0.02317	0.03183	0.03553	0.26825	0.03704	0.01895	0.01128	0.00356	0.00979	0.01738	0.06128	0.01145
7	0.02399	0.01718	0.02514	0.20494	0.11491	0.01857	0.02005	0.03231	0.09733	0.11702	0.03322	0.13934	0.02906	0.01506	0.01055	0.00339	0.00984	0.01329	0.06179	0.01302
8	0.01846	0.06119	0.01682	0.01375	0.01616	0.01358	0.00973	0.02244	0.06388	0.06987	0.09687	0.17193	0.08802	0.26107	0.02715	0.00597	0.00812	0.01723	0.00834	0.00941
9	0.02540	0.01247	0.01627	0.01496	0.01859	0.01118	0.01106	0.02809	0.02376	0.23351	0.09348	0.25244	0.09152	0.09788	0.01670	0.00437	0.00732	0.01894	0.01045	0.01161
10	0.17520	0.02361	0.10260	0.06172	0.12161	0.02108	0.06180	0.02988	0.06418	0.03454	0.02416	0.03403	0.02073	0.02334	0.11485	0.00573	0.01432	0.04782	0.00610	0.01269
11	0.29319	0.01949	0.02127	0.01702	0.02440	0.01973	0.01405	0.09212	0.02684	0.33058	0.02914	0.02709	0.01928	0.01148	0.00884	0.00317	0.00869	0.00844	0.01009	0.01510
12	0.01935	0.01328	0.01951	0.01834	0.02162	0.01263	0.06449	0.02453	0.06375	0.10086	0.05281	0.36900	0.08834	0.02510	0.01245	0.00391	0.00786	0.06180	0.00957	0.01080
13	0.07346	0.01246	0.01430	0.01370	0.01693	0.01200	0.01008	0.02359	0.06125	0.09968	0.11010	0.17489	0.19007	0.07128	0.01669	0.05541	0.00683	0.01793	0.00929	0.01006
14	0.02022	0.01135	0.01319	0.01241	0.01443	0.01193	0.00905	0.02344	0.01973	0.07618	0.03191	0.04439	0.02808	0.17799	0.05780	0.00543	0.05319	0.01105	0.36879	0.00945
15	0.02774	0.01338	0.01820	0.01682	0.02115	0.01214	0.01349	0.03153	0.02591	0.26208	0.11894	0.18807	0.05200	0.02162	0.01205	0.00375	0.00777	0.12969	0.01108	0.01260
16	0.28704	0.01924	0.02048	0.01702	0.02396	0.02006	0.01385	0.04360	0.12863	0.27901	0.03110	0.02887	0.02131	0.01177	0.00888	0.00324	0.00832	0.00882	0.00992	0.01489
17	0.01677	0.01050	0.01348	0.01384	0.01613	0.00948	0.00994	0.01965	0.02356	0.09357	0.18478	0.35257	0.14394	0.02634	0.01240	0.00373	0.00589	0.02337	0.01031	0.00975
18	0.01857	0.01505	0.02140	0.01959	0.02011	0.01921	0.01531	0.01948	0.01533	0.02247	0.01990	0.03292	0.01974	0.08465	0.19865	0.17275	0.26132	0.00998	0.00490	0.00867
19	0.01713	0.01418	0.02100	0.01927	0.02268	0.01380	0.08652	0.05002	0.04930	0.03078	0.05456	0.26760	0.13306	0.06480	0.01526	0.00434	0.00874	0.10805	0.00877	0.01014
20	0.07178	0.01478	0.01932	0.02084	0.08932	0.01490	0.01384	0.02738	0.06722	0.10079	0.18317	0.05334	0.09884	0.06687	0.10690	0.00579	0.01071	0.01371	0.00881	0.01169

[dist]
# distance from previous block
# <min> <max>
0	2

[block]
# block no. 4 follows, 14 sequences, length 6
# corresponding to MSA columns:
# 383-388
name=unknown_E
#
# <colnr> <probs for GDERKNQSTAVLIFYWHMCP>
#	G	D	E	R	K	N	Q	S	T	A	V	L	I	F	Y	W	H	M	C	P
0	0.11697	0.02430	0.03057	0.15302	0.04001	0.09277	0.11048	0.06481	0.11747	0.03627	0.05688	0.03474	0.02446	0.01237	0.01031	0.00336	0.01226	0.03907	0.00705	0.01284
1	0.06543	0.02334	0.12044	0.11960	0.09799	0.01955	0.02144	0.06374	0.05558	0.03325	0.03770	0.07894	0.11138	0.02230	0.08025	0.00492	0.01261	0.01238	0.00673	0.01243
2	0.01801	0.01407	0.01893	0.05806	0.05393	0.01536	0.01412	0.05683	0.07592	0.03114	0.09798	0.12550	0.04009	0.11009	0.21367	0.00861	0.01496	0.01456	0.00756	0.01059
3	0.32127	0.02473	0.02119	0.01827	0.02479	0.09046	0.01455	0.09940	0.16316	0.04412	0.02318	0.02382	0.01770	0.01098	0.00832	0.00306	0.00959	0.00774	0.00775	0.06593
4	0.09139	0.01248	0.01511	0.01406	0.01751	0.01161	0.01040	0.02290	0.02036	0.12517	0.04541	0.17553	0.12762	0.02441	0.01808	0.17721	0.00737	0.01539	0.00825	0.05975
5	0.18205	0.18762	0.13438	0.02230	0.03144	0.02753	0.08247	0.03589	0.08341	0.09054	0.02164	0.02320	0.01631	0.01010	0.00859	0.00301	0.01125	0.00788	0.00646	0.01393

[dist]
# distance from previous block
# <min> <max>
7	14

[block]
# block no. 5 follows, 14 sequences, length 44
# corresponding to MSA columns:
# 404-447
name=unknown_F
#
# <colnr> <probs for GDERKNQSTAVLIFYWHMCP>
#	G	D	E	R	K	N	Q	S	T	A	V	L	I	F	Y	W	H	M	C	P
0	0.02128	0.01780	0.03020	0.02866	0.09953	0.01739	0.14038	0.05570	0.02423	0.06560	0.06780	0.14846	0.07407	0.02548	0.08603	0.00523	0.01287	0.05946	0.00773	0.01207
1	0.12764	0.02336	0.02483	0.01887	0.02718	0.02346	0.01543	0.26638	0.03330	0.04977	0.02066	0.02219	0.01567	0.01007	0.00866	0.00248	0.00937	0.00748	0.00807	0.28513
2	0.01338	0.00954	0.01259	0.01420	0.01525	0.00899	0.00992	0.01589	0.02150	0.02908	0.15512	0.44518	0.07083	0.06893	0.01552	0.00440	0.00628	0.06517	0.00965	0.00855
3	0.02123	0.01264	0.01675	0.05658	0.02143	0.01162	0.01167	0.02331	0.02128	0.12474	0.08331	0.17476	0.07897	0.07953	0.01932	0.11101	0.00788	0.01556	0.00835	0.10007
4	0.02007	0.02372	0.14627	0.09353	0.03432	0.01785	0.08279	0.02602	0.02238	0.07517	0.08463	0.17436	0.07599	0.01783	0.01298	0.00360	0.05361	0.01559	0.00735	0.01193
5	0.02151	0.02041	0.03463	0.41939	0.24932	0.02336	0.02956	0.02809	0.02153	0.02881	0.01862	0.02667	0.01459	0.00986	0.01022	0.00329	0.01315	0.00913	0.00474	0.01312
6	0.01488	0.00998	0.01219	0.01307	0.01445	0.00960	0.00928	0.01754	0.02083	0.02917	0.11925	0.22681	0.08797	0.17537	0.02177	0.00523	0.00706	0.08813	0.10908	0.00836
7	0.13556	0.01510	0.01842	0.01882	0.06776	0.01548	0.01261	0.06735	0.02140	0.11201	0.02664	0.06869	0.02366	0.09079	0.02198	0.18270	0.00878	0.01057	0.07124	0.01044
8	0.02214	0.02132	0.09360	0.01982	0.02482	0.01898	0.01750	0.07518	0.11047	0.07597	0.08596	0.15616	0.08891	0.01959	0.01427	0.00370	0.08580	0.04445	0.00881	0.01256
9	0.01506	0.01191	0.01749	0.01691	0.01957	0.01119	0.05812	0.01880	0.02319	0.03079	0.16582	0.22020	0.13788	0.06926	0.01571	0.00435	0.00775	0.13747	0.00926	0.00927
10	0.01891	0.01551	0.02112	0.01903	0.02109	0.05216	0.06114	0.02064	0.01907	0.02629	0.07500	0.12023	0.03275	0.03189	0.11023	0.18401	0.09143	0.01317	0.05753	0.00880
11	0.01356	0.01009	0.01242	0.01256	0.01465	0.00917	0.00902	0.01693	0.02483	0.03353	0.31892	0.20534	0.19239	0.06190	0.01475	0.00390	0.00548	0.02140	0.01020	0.00895
12	0.01806	0.01175	0.01455	0.01407	0.01710	0.01128	0.01074	0.02372	0.06242	0.08380	0.23595	0.14247	0.13808	0.02504	0.04774	0.00424	0.00730	0.04944	0.07179	0.01046
13	0.65484	0.01908	0.01497	0.01345	0.01948	0.02193	0.01100	0.02928	0.01841	0.04564	0.05970	0.02157	0.01812	0.01046	0.00682	0.00318	0.00769	0.00662	0.00675	0.01100
14	0.02040	0.01606	0.02647	0.02190	0.02616	0.01550	0.14527	0.02653	0.07133	0.07909	0.08134	0.20226	0.04309	0.15212	0.02067	0.00500	0.01008	0.01756	0.00822	0.01095
15	0.15723	0.01615	0.01787	0.01559	0.02080	0.01648	0.01232	0.03499	0.12891	0.16765	0.19402	0.05003	0.09507	0.01595	0.01027	0.00328	0.00701	0.01308	0.01035	0.01295
16	0.08972	0.02103	0.02213	0.01929	0.02363	0.09196	0.01523	0.09631	0.02450	0.13462	0.02597	0.03273	0.02141	0.07713	0.19619	0.00780	0.07093	0.00970	0.00746	0.01227
17	0.02106	0.02101	0.03876	0.43080	0.11181	0.02368	0.14873	0.02826	0.02165	0.02844	0.01893	0.02726	0.01436	0.00978	0.01069	0.00340	0.01440	0.00983	0.00475	0.01241
18	0.10891	0.01322	0.01515	0.01466	0.01745	0.01366	0.01070	0.06891	0.02259	0.06744	0.08572	0.24139	0.04528	0.11699	0.06949	0.00564	0.00923	0.01736	0.04616	0.01006
19	0.02396	0.02292	0.03906	0.19466	0.45489	0.02401	0.03078	0.03024	0.02269	0.03178	0.01905	0.02587	0.01564	0.00941	0.01018	0.00314	0.01255	0.00914	0.00496	0.01510
20	0.01466	0.01100	0.01649	0.01649	0.01833	0.01283	0.01283	0.01833	0.01649	0.02382	0.02749	0.04032	0.02566	0.07697	0.59868	0.01649	0.02749	0.01100	0.00550	0.00916
21	0.01469	0.01086	0.01580	0.01580	0.01740	0.01245	0.01197	0.01788	0.01629	0.02331	0.02812	0.04380	0.02717	0.14998	0.52774	0.01564	0.02521	0.01151	0.00559	0.00878
22	0.01492	0.00995	0.01119	0.01119	0.01119	0.00995	0.00622	0.01492	0.01492	0.01990	0.03233	0.06716	0.03731	0.63935	0.05223	0.00995	0.00995	0.01492	0.00622	0.00622
23	0.02950	0.01532	0.01903	0.01602	0.02105	0.01466	0.01266	0.10625	0.03014	0.23157	0.19020	0.09937	0.04860	0.01666	0.01066	0.00316	0.00723	0.01411	0.10041	0.01339
24	0.01783	0.00891	0.01337	0.01337	0.01337	0.00891	0.00891	0.01337	0.01337	0.01783	0.01783	0.03119	0.01783	0.03565	0.04011	0.70143	0.00891	0.00891	0.00446	0.00446
25	0.06894	0.01895	0.02576	0.02883	0.15354	0.01907	0.01905	0.11451	0.02906	0.14767	0.10308	0.05278	0.03764	0.01606	0.01110	0.00347	0.00957	0.11762	0.00925	0.01406
26	0.01724	0.01392	0.01502	0.01519	0.01725	0.06448	0.01142	0.01977	0.02342	0.03033	0.21613	0.12371	0.09870	0.08007	0.01956	0.09481	0.00813	0.11344	0.00874	0.00866
27	0.10514	0.01996	0.02416	0.01893	0.02661	0.01947	0.01556	0.13266	0.07073	0.40378	0.03543	0.03172	0.02315	0.01243	0.00995	0.00318	0.00905	0.00979	0.01153	0.01678
28	0.02180	0.17676	0.41815	0.02525	0.03763	0.02606	0.03083	0.03034	0.02072	0.02933	0.01747	0.02143	0.01348	0.01195	0.01189	0.06786	0.01368	0.00725	0.00436	0.01374
29	0.04068	0.01882	0.02365	0.01846	0.02545	0.01786	0.01487	0.14602	0.03141	0.40555	0.03622	0.03689	0.02528	0.09171	0.01560	0.00401	0.00941	0.01068	0.01139	0.01604
30	0.23210	0.02165	0.02352	0.01858	0.02615	0.02254	0.01534	0.19726	0.03188	0.26961	0.02815	0.02656	0.01889	0.01168	0.00918	0.00315	0.00930	0.00864	0.01015	0.01566
31	0.02329	0.01293	0.01653	0.01569	0.01896	0.01271	0.01179	0.07105	0.02409	0.15083	0.04300	0.28572	0.04264	0.03009	0.09685	0.00542	0.01002	0.01812	0.09885	0.01140
32	0.02066	0.01318	0.01537	0.01385	0.01813	0.01224	0.01071	0.02746	0.09336	0.13449	0.21296	0.07340	0.27278	0.02066	0.01158	0.00335	0.00611	0.01747	0.01071	0.01151
33	0.02343	0.01215	0.01547	0.01420	0.01693	0.01133	0.01015	0.02564	0.02177	0.18052	0.10618	0.11349	0.04578	0.28936	0.02931	0.00633	0.00857	0.05000	0.00919	0.01020
34	0.03937	0.02359	0.02677	0.02072	0.02833	0.02474	0.01706	0.34531	0.04011	0.21996	0.03025	0.02899	0.02066	0.01240	0.01001	0.00305	0.00993	0.00960	0.07238	0.01675
35	0.71184	0.01985	0.01508	0.01350	0.01985	0.02302	0.01111	0.03017	0.01746	0.04604	0.01429	0.01667	0.01111	0.00953	0.00635	0.00318	0.00794	0.00556	0.00635	0.01111
36	0.01461	0.01182	0.01783	0.01672	0.01880	0.01109	0.07692	0.01692	0.01948	0.02560	0.05167	0.33552	0.11836	0.18874	0.02318	0.00551	0.00838	0.02222	0.00809	0.00853
37	0.20211	0.25928	0.02938	0.01445	0.02082	0.02553	0.01291	0.03049	0.02093	0.08347	0.02175	0.02399	0.01725	0.01017	0.00702	0.00259	0.00834	0.00703	0.19044	0.01206
38	0.01483	0.01033	0.01312	0.01312	0.01379	0.01100	0.00863	0.01616	0.01550	0.02133	0.03057	0.05737	0.03306	0.43439	0.25138	0.01233	0.01634	0.01349	0.00596	0.00729
39	0.03395	0.03212	0.07635	0.02301	0.02983	0.18727	0.01952	0.20075	0.03343	0.11197	0.02881	0.08720	0.02466	0.01467	0.01049	0.00321	0.01274	0.04730	0.00850	0.01422
40	0.59910	0.06526	0.02207	0.01655	0.02345	0.02455	0.06051	0.03046	0.01833	0.04326	0.01489	0.01768	0.01167	0.00939	0.00690	0.00313	0.00902	0.00616	0.00610	0.01151
41	0.01622	0.01202	0.01688	0.04827	0.01965	0.01360	0.01250	0.01765	0.01775	0.02447	0.08098	0.08777	0.08085	0.08999	0.18056	0.16355	0.08935	0.01341	0.00631	0.00819
42	0.09115	0.29909	0.10697	0.02103	0.02961	0.11502	0.02003	0.11149	0.05834	0.03458	0.01825	0.01998	0.01472	0.01007	0.00813	0.00269	0.01218	0.00685	0.00595	0.01389
43	0.02979	0.18944	0.11049	0.02130	0.03032	0.02458	0.05560	0.03499	0.02325	0.17860	0.02309	0.02428	0.01703	0.01034	0.01039	0.00271	0.05085	0.00789	0.00702	0.14805

[dist]
# distance from previous block
# <min> <max>
1	14

[block]
# block no. 6 follows, 14 sequences, length 46
# corresponding to MSA columns:
# 462-507
name=unknown_G
#
# <colnr> <probs for GDERKNQSTAVLIFYWHMCP>
#	G	D	E	R	K	N	Q	S	T	A	V	L	I	F	Y	W	H	M	C	P
0	0.65749	0.01972	0.01631	0.06068	0.02384	0.02300	0.01248	0.02986	0.01770	0.04449	0.01460	0.01751	0.01132	0.00958	0.00666	0.00319	0.00839	0.00584	0.00621	0.01114
1	0.02266	0.02176	0.09978	0.19048	0.11323	0.01825	0.02253	0.02903	0.02422	0.10022	0.15079	0.03827	0.03506	0.01260	0.01037	0.00309	0.01041	0.01099	0.00732	0.07893
2	0.03579	0.02111	0.07678	0.01834	0.02735	0.01548	0.01634	0.04071	0.02608	0.35655	0.03135	0.02935	0.02100	0.01081	0.00941	0.00266	0.00899	0.00872	0.00981	0.23337
3	0.02131	0.02193	0.08102	0.19667	0.07752	0.02096	0.05694	0.07454	0.10237	0.03460	0.06656	0.13882	0.03206	0.01535	0.01099	0.00348	0.01098	0.01375	0.00732	0.01283
4	0.01758	0.00900	0.01318	0.01318	0.01318	0.00900	0.00868	0.01350	0.01350	0.01800	0.01908	0.03429	0.01950	0.08766	0.04115	0.64186	0.00900	0.00943	0.00461	0.00461
5	0.27789	0.16828	0.07328	0.01984	0.02725	0.18460	0.01758	0.06806	0.02380	0.03572	0.01574	0.01806	0.01272	0.00986	0.00773	0.00281	0.01229	0.00624	0.00574	0.01253
6	0.07030	0.01916	0.02728	0.37810	0.05270	0.02271	0.02317	0.03538	0.14652	0.08465	0.02560	0.02991	0.01875	0.01130	0.01004	0.00339	0.01152	0.00957	0.00683	0.01309
7	0.12276	0.01289	0.01507	0.01420	0.01768	0.01342	0.01115	0.02648	0.02055	0.11807	0.03221	0.04504	0.02789	0.08425	0.15510	0.00692	0.01224	0.05740	0.19605	0.01061
8	0.02558	0.01679	0.02202	0.10075	0.07142	0.01738	0.01629	0.03601	0.14980	0.15610	0.12690	0.04759	0.09374	0.01506	0.01059	0.00326	0.00827	0.01283	0.05608	0.01356
9	0.03833	0.04891	0.02908	0.02644	0.03173	0.59815	0.01983	0.04098	0.02908	0.02512	0.01586	0.01851	0.01322	0.01058	0.00925	0.00264	0.01851	0.00661	0.00529	0.01190
10	0.02477	0.01631	0.01873	0.01611	0.02097	0.01652	0.01267	0.11905	0.11136	0.11845	0.21265	0.05682	0.13204	0.01742	0.01095	0.00321	0.00705	0.01461	0.05737	0.01294
11	0.02149	0.06148	0.03146	0.38618	0.05349	0.02549	0.02497	0.06062	0.02127	0.02825	0.01818	0.02644	0.01469	0.01631	0.05495	0.00441	0.12459	0.00899	0.00499	0.01174
12	0.01713	0.01396	0.01586	0.01297	0.01828	0.01133	0.00963	0.02026	0.02107	0.02973	0.08276	0.05467	0.16908	0.14320	0.01827	0.00388	0.00727	0.01281	0.00737	0.33046
13	0.01557	0.01262	0.01863	0.21234	0.03379	0.01379	0.01637	0.01933	0.02032	0.02637	0.04456	0.26651	0.08059	0.08200	0.01599	0.00451	0.00934	0.09046	0.00756	0.00933
14	0.43991	0.01995	0.02214	0.12713	0.10256	0.02246	0.01723	0.03139	0.01983	0.08812	0.01796	0.02133	0.01350	0.00989	0.00790	0.00320	0.00959	0.00708	0.00642	0.01240
15	0.01506	0.01050	0.01356	0.01304	0.01546	0.00982	0.00995	0.01989	0.02802	0.04017	0.48740	0.07610	0.08809	0.02072	0.01182	0.00326	0.00516	0.05212	0.07018	0.00966
16	0.02067	0.10064	0.41750	0.02487	0.03630	0.02237	0.03001	0.02840	0.01988	0.02868	0.01790	0.02313	0.01401	0.01498	0.01569	0.14670	0.01348	0.00766	0.00436	0.01277
17	0.01708	0.01338	0.01814	0.07167	0.09554	0.01392	0.01307	0.02114	0.06006	0.02541	0.03506	0.17202	0.03821	0.32493	0.03153	0.00675	0.00961	0.01630	0.00693	0.00926
18	0.08213	0.02282	0.02920	0.02259	0.03018	0.07985	0.09861	0.07724	0.02853	0.32873	0.03148	0.03038	0.02114	0.01155	0.01002	0.00310	0.01099	0.00978	0.05631	0.01535
19	0.02980	0.19083	0.02974	0.01749	0.02420	0.07705	0.01473	0.03494	0.05906	0.17823	0.07204	0.06824	0.07464	0.01383	0.00940	0.00281	0.00942	0.01093	0.00845	0.07419
20	0.03151	0.02452	0.02652	0.02190	0.02859	0.02765	0.01762	0.30182	0.24742	0.05244	0.03169	0.03144	0.02368	0.01865	0.06216	0.00442	0.01146	0.01033	0.00992	0.01624
