[name]
unknown

[dist]
# distance from previous block
# <min> <max>
0	141

[block]
# block no. 0 follows, 14 sequences, length 11
# corresponding to MSA columns:
# 141-151
name=unknown_A
#
# <colnr> <probs for GDERKNQSTAVLIFYWHMCP>
#	G	D	E	R	K	N	Q	S	T	A	V	L	I	F	Y	W	H	M	C	P
0	0.01664	0.01158	0.01628	0.01845	0.02063	0.01158	0.01592	0.02063	0.02280	0.02967	0.05140	0.10896	0.05574	0.02894	0.01626	0.06075	0.00941	0.46626	0.00905	0.00905
1	0.42372	0.01918	0.02161	0.26364	0.04100	0.02293	0.01835	0.02852	0.01874	0.03779	0.01593	0.02112	0.01218	0.00983	0.00798	0.00328	0.01033	0.00704	0.00561	0.01123
2	0.01313	0.01043	0.01178	0.01144	0.01447	0.00909	0.00858	0.01666	0.02574	0.03331	0.29784	0.08956	0.37380	0.02391	0.01212	0.00337	0.00505	0.02037	0.01026	0.00909
3	0.03074	0.02076	0.02196	0.01777	0.02356	0.02256	0.01437	0.32592	0.03713	0.05368	0.02832	0.03031	0.02113	0.01217	0.00898	0.00279	0.00858	0.00937	0.29572	0.01417
4	0.02727	0.03100	0.03007	0.36992	0.05447	0.26219	0.02489	0.03236	0.02408	0.02576	0.01725	0.02368	0.01349	0.01039	0.00984	0.00310	0.01569	0.00808	0.00486	0.01161
5	0.03197	0.39728	0.04350	0.02125	0.02858	0.27259	0.01850	0.03499	0.02428	0.02455	0.01493	0.01731	0.01319	0.00953	0.00770	0.00238	0.01411	0.00595	0.00476	0.01264
6	0.02783	0.02111	0.02231	0.01811	0.02435	0.02219	0.01463	0.32209	0.03791	0.04930	0.05764	0.05548	0.24784	0.01801	0.01104	0.00324	0.00876	0.01441	0.00996	0.01380
7	0.01247	0.00905	0.01179	0.01398	0.01480	0.00836	0.00939	0.01432	0.01995	0.02632	0.06037	0.58972	0.10835	0.03166	0.01302	0.00411	0.00589	0.02857	0.00953	0.00836
8	0.02373	0.02228	0.02801	0.02442	0.02684	0.02897	0.01987	0.03711	0.24085	0.03228	0.02525	0.02904	0.02090	0.01628	0.02401	0.00407	0.36574	0.01007	0.00697	0.01331
9	0.03078	0.03459	0.03642	0.04778	0.34915	0.26312	0.02664	0.03544	0.02574	0.03003	0.01787	0.02253	0.01499	0.00974	0.00978	0.00288	0.01482	0.00809	0.00517	0.01444
10	0.02755	0.02261	0.03079	0.36875	0.05451	0.02655	0.02476	0.24046	0.03206	0.04222	0.02090	0.02623	0.01525	0.01112	0.01026	0.00328	0.01269	0.00917	0.00693	0.01392

[dist]
# distance from previous block
# <min> <max>
0	6

[block]
# block no. 1 follows, 14 sequences, length 104
# corresponding to MSA columns:
# 158-247,252-265
name=unknown_B
#
# <colnr> <probs for GDERKNQSTAVLIFYWHMCP>
#	G	D	E	R	K	N	Q	S	T	A	V	L	I	F	Y	W	H	M	C	P
0	0.02276	0.02362	0.04615	0.04218	0.17909	0.02224	0.29647	0.02952	0.02316	0.03222	0.02482	0.10497	0.02249	0.01173	0.01136	0.00328	0.01372	0.01306	0.00580	0.07135
1	0.02476	0.02462	0.03655	0.05311	0.45706	0.07037	0.02745	0.03012	0.02385	0.03207	0.02999	0.03433	0.08792	0.01145	0.01034	0.00307	0.01181	0.01055	0.00567	0.01491
2	0.02307	0.01780	0.02200	0.01794	0.02316	0.01811	0.01450	0.02819	0.05728	0.10074	0.03973	0.04099	0.13573	0.01524	0.01575	0.00303	0.16345	0.01105	0.00755	0.24469
3	0.01709	0.00910	0.01298	0.01298	0.01343	0.00888	0.00877	0.01355	0.01467	0.01911	0.02899	0.03995	0.08954	0.03440	0.03648	0.61097	0.00843	0.01056	0.00511	0.00500
4	0.01844	0.01722	0.02814	0.53637	0.06332	0.02097	0.02582	0.02473	0.02089	0.02641	0.02935	0.03661	0.08593	0.01230	0.01050	0.00343	0.01258	0.01074	0.00520	0.01105
5	0.02368	0.02257	0.03760	0.05617	0.50257	0.02235	0.02842	0.02932	0.02337	0.03277	0.03027	0.03491	0.08817	0.01133	0.01041	0.00310	0.01129	0.01077	0.00566	0.01527
6	0.02368	0.02257	0.03760	0.05617	0.50257	0.02235	0.02842	0.02932	0.02337	0.03277	0.03027	0.03491	0.08817	0.01133	0.01041	0.00310	0.01129	0.01077	0.00566	0.01527
7	0.02030	0.01887	0.03170	0.39659	0.19248	0.02191	0.02723	0.02654	0.02072	0.02777	0.01971	0.02854	0.01589	0.01862	0.08649	0.00502	0.01509	0.00937	0.00481	0.01235
8	0.02462	0.02359	0.04024	0.13449	0.50993	0.02418	0.03111	0.03081	0.02300	0.03258	0.01917	0.02565	0.01592	0.00929	0.01017	0.00310	0.01238	0.00914	0.00501	0.01563
9	0.01571	0.01232	0.01763	0.01705	0.01837	0.01480	0.01308	0.01864	0.01616	0.02334	0.02640	0.04205	0.02583	0.15413	0.44304	0.01395	0.10171	0.01133	0.00548	0.00899
10	0.02058	0.05308	0.58618	0.02925	0.04442	0.02383	0.03792	0.03250	0.02167	0.03250	0.01842	0.02167	0.01300	0.00975	0.00975	0.00325	0.01517	0.00758	0.00433	0.01517
11	0.01327	0.00948	0.01278	0.01516	0.01609	0.00899	0.01085	0.01561	0.02040	0.02705	0.05614	0.53479	0.06620	0.03143	0.01330	0.00427	0.00662	0.11950	0.00951	0.00855
12	0.71184	0.01985	0.01508	0.01350	0.01985	0.02302	0.01111	0.03017	0.01746	0.04604	0.01429	0.01667	0.01111	0.00953	0.00635	0.00318	0.00794	0.00556	0.00635	0.01111
13	0.01938	0.01824	0.03078	0.61468	0.07068	0.02280	0.02850	0.02622	0.02052	0.02622	0.01824	0.02736	0.01368	0.01026	0.01026	0.00342	0.01368	0.00912	0.00456	0.01140
14	0.02175	0.02330	0.04862	0.03552	0.04387	0.02181	0.40343	0.02943	0.02545	0.03498	0.16069	0.04016	0.03628	0.01179	0.01211	0.00340	0.01413	0.01375	0.00675	0.01278
15	0.02445	0.01901	0.02221	0.01608	0.02504	0.01521	0.01295	0.06809	0.02398	0.07528	0.02034	0.02252	0.01611	0.00834	0.00800	0.00176	0.00797	0.00663	0.00688	0.59914
16	0.09839	0.01765	0.02313	0.01788	0.02570	0.01571	0.01477	0.04845	0.02844	0.54027	0.03843	0.03349	0.02428	0.01245	0.01001	0.00318	0.00867	0.00995	0.01220	0.01697
17	0.03550	0.04408	0.02745	0.02546	0.03036	0.52188	0.01940	0.03841	0.02837	0.02584	0.02087	0.03116	0.01918	0.01289	0.00989	0.00291	0.01733	0.07160	0.00583	0.01158
18	0.02553	0.02204	0.02320	0.02088	0.02669	0.02553	0.01624	0.05453	0.55679	0.04293	0.04177	0.03829	0.03133	0.01392	0.01044	0.00348	0.00812	0.01160	0.01044	0.01624
19	0.02540	0.02438	0.04165	0.06299	0.57533	0.02438	0.03149	0.03149	0.02337	0.03353	0.01930	0.02540	0.01626	0.00914	0.01016	0.00305	0.01219	0.00914	0.00508	0.01626
20	0.01250	0.00893	0.01191	0.01429	0.01488	0.00834	0.00953	0.01429	0.01965	0.02620	0.05656	0.63265	0.06787	0.03215	0.01310	0.00417	0.00595	0.02917	0.00953	0.00834
21	0.03992	0.02728	0.02989	0.02292	0.03109	0.02965	0.01893	0.47747	0.04580	0.13178	0.02669	0.02597	0.01848	0.01237	0.01027	0.00309	0.01096	0.00938	0.01058	0.01745
22	0.03952	0.02612	0.02895	0.02239	0.03040	0.02816	0.01843	0.41423	0.07705	0.16429	0.02882	0.02752	0.01989	0.01250	0.01029	0.00312	0.01059	0.00960	0.01075	0.01738
23	0.03821	0.04129	0.02871	0.02519	0.03066	0.43610	0.01938	0.08026	0.02964	0.10042	0.01957	0.02141	0.01515	0.01153	0.01128	0.00288	0.06125	0.00747	0.00658	0.01301
24	0.01593	0.01229	0.01734	0.01940	0.08791	0.01159	0.01251	0.02094	0.02831	0.04016	0.49856	0.07001	0.08639	0.01945	0.01185	0.00320	0.00579	0.01734	0.01049	0.01053
25	0.03137	0.14674	0.02841	0.01828	0.02498	0.02435	0.01529	0.08281	0.20366	0.17767	0.03342	0.03191	0.02438	0.01218	0.00919	0.00297	0.00867	0.00958	0.09899	0.01515
26	0.01452	0.01049	0.01372	0.01291	0.01533	0.00968	0.00968	0.01937	0.02905	0.04115	0.56992	0.07666	0.09683	0.02098	0.01210	0.00323	0.00484	0.01856	0.01130	0.00968
27	0.01938	0.01824	0.03078	0.61468	0.07068	0.02280	0.02850	0.02622	0.02052	0.02622	0.01824	0.02736	0.01368	0.01026	0.01026	0.00342	0.01368	0.00912	0.00456	0.01140
28	0.02246	0.02150	0.03502	0.17861	0.07960	0.02271	0.15295	0.03531	0.16604	0.03459	0.06610	0.03338	0.02534	0.01133	0.01069	0.00325	0.01186	0.01100	0.00696	0.07132
29	0.01452	0.01049	0.01372	0.01291	0.01533	0.00968	0.00968	0.01937	0.02905	0.04115	0.56992	0.07666	0.09683	0.02098	0.01210	0.00323	0.00484	0.01856	0.01130	0.00968
30	0.01938	0.01824	0.03078	0.61468	0.07068	0.02280	0.02850	0.02622	0.02052	0.02622	0.01824	0.02736	0.01368	0.01026	0.01026	0.00342	0.01368	0.00912	0.00456	0.01140
31	0.01709	0.00997	0.01140	0.01105	0.01345	0.00962	0.00828	0.02190	0.02485	0.03954	0.27083	0.05525	0.05751	0.01595	0.00935	0.00276	0.00481	0.01354	0.39322	0.00962
32	0.01938	0.01824	0.03078	0.61468	0.07068	0.02280	0.02850	0.02622	0.02052	0.02622	0.01824	0.02736	0.01368	0.01026	0.01026	0.00342	0.01368	0.00912	0.00456	0.01140
33	0.71184	0.01985	0.01508	0.01350	0.01985	0.02302	0.01111	0.03017	0.01746	0.04604	0.01429	0.01667	0.01111	0.00953	0.00635	0.00318	0.00794	0.00556	0.00635	0.01111
34	0.71184	0.01985	0.01508	0.01350	0.01985	0.02302	0.01111	0.03017	0.01746	0.04604	0.01429	0.01667	0.01111	0.00953	0.00635	0.00318	0.00794	0.00556	0.00635	0.01111
35	0.03533	0.04390	0.02953	0.02653	0.03082	0.49086	0.02032	0.03790	0.02655	0.02504	0.01541	0.01925	0.01327	0.01197	0.01388	0.00299	0.13249	0.00706	0.00514	0.01177
36	0.02397	0.01947	0.02400	0.02503	0.10707	0.02086	0.01708	0.15622	0.09711	0.04021	0.07716	0.05444	0.13613	0.05900	0.01533	0.00390	0.04670	0.05448	0.00872	0.01312
37	0.02540	0.02438	0.04165	0.06299	0.57533	0.02438	0.03149	0.03149	0.02337	0.03353	0.01930	0.02540	0.01626	0.00914	0.01016	0.00305	0.01219	0.00914	0.00508	0.01626
38	0.01585	0.01161	0.01419	0.01362	0.01378	0.01290	0.00882	0.01644	0.01515	0.02083	0.02955	0.05927	0.03333	0.51392	0.09563	0.00981	0.08841	0.01385	0.00594	0.00710
39	0.01938	0.01824	0.03078	0.61468	0.07068	0.02280	0.02850	0.02622	0.02052	0.02622	0.01824	0.02736	0.01368	0.01026	0.01026	0.00342	0.01368	0.00912	0.00456	0.01140
40	0.04604	0.01746	0.02382	0.01826	0.02620	0.01508	0.01508	0.05001	0.02937	0.58244	0.04049	0.03493	0.02540	0.01270	0.01032	0.00318	0.00873	0.01032	0.01270	0.01746
41	0.01247	0.00905	0.01179	0.01398	0.01480	0.00836	0.00939	0.01432	0.01994	0.02632	0.06029	0.59068	0.10744	0.03167	0.01302	0.00411	0.00589	0.02858	0.00953	0.00836
42	0.01938	0.01824	0.03078	0.61468	0.07068	0.02280	0.02850	0.02622	0.02052	0.02622	0.01824	0.02736	0.01368	0.01026	0.01026	0.00342	0.01368	0.00912	0.00456	0.01140
43	0.01250	0.00893	0.01191	0.01429	0.01488	0.00834	0.00953	0.01429	0.01965	0.02620	0.05656	0.63265	0.06787	0.03215	0.01310	0.00417	0.00595	0.02917	0.00953	0.00834
44	0.02894	0.56559	0.05080	0.01834	0.02705	0.03947	0.01781	0.09688	0.02440	0.02940	0.01561	0.01752	0.01372	0.00924	0.00706	0.00231	0.01102	0.00597	0.00515	0.01372
45	0.02988	0.10528	0.03151	0.02265	0.02850	0.03090	0.01883	0.21608	0.19846	0.04440	0.02642	0.02744	0.02046	0.01352	0.01462	0.00338	0.13461	0.00945	0.00838	0.01524
46	0.71184	0.01985	0.01508	0.01350	0.01985	0.02302	0.01111	0.03017	0.01746	0.04604	0.01429	0.01667	0.01111	0.00953	0.00635	0.00318	0.00794	0.00556	0.00635	0.01111
47	0.03833	0.04891	0.02908	0.02644	0.03173	0.59815	0.01983	0.04098	0.02908	0.02512	0.01586	0.01851	0.01322	0.01058	0.00925	0.00264	0.01851	0.00661	0.00529	0.01190
48	0.01486	0.01021	0.01252	0.01252	0.01298	0.01067	0.00787	0.01578	0.01532	0.02088	0.03112	0.06043	0.03439	0.49842	0.18917	0.01159	0.01434	0.01394	0.00604	0.00696
49	0.03947	0.02801	0.03035	0.02326	0.03146	0.03074	0.01922	0.50928	0.04703	0.09824	0.02567	0.02531	0.01797	0.01234	0.01027	0.00309	0.01113	0.00931	0.01042	0.01745
50	0.01783	0.00891	0.01337	0.01337	0.01337	0.00891	0.00891	0.01337	0.01337	0.01783	0.01783	0.03119	0.01783	0.03565	0.04011	0.70143	0.00891	0.00891	0.00446	0.00446
51	0.71184	0.01985	0.01508	0.01350	0.01985	0.02302	0.01111	0.03017	0.01746	0.04604	0.01429	0.01667	0.01111	0.00953	0.00635	0.00318	0.00794	0.00556	0.00635	0.01111
52	0.03901	0.02874	0.03080	0.02361	0.03182	0.03182	0.01951	0.54111	0.04825	0.06468	0.02464	0.02464	0.01745	0.01232	0.01027	0.00308	0.01129	0.00924	0.01027	0.01745
53	0.02058	0.05308	0.58618	0.02925	0.04442	0.02383	0.03792	0.03250	0.02167	0.03250	0.01842	0.02167	0.01300	0.00975	0.00975	0.00325	0.01517	0.00758	0.00433	0.01517
54	0.04289	0.03031	0.02597	0.02160	0.02845	0.25318	0.01702	0.04632	0.02925	0.35485	0.03043	0.02822	0.02043	0.01183	0.00988	0.00296	0.01272	0.00880	0.00967	0.01519
55	0.01751	0.01290	0.01526	0.01423	0.01738	0.01313	0.01080	0.02761	0.14329	0.04118	0.38699	0.06344	0.07364	0.01830	0.01112	0.00318	0.00555	0.01591	0.09749	0.01110
56	0.02553	0.02204	0.02320	0.02088	0.02669	0.02553	0.01624	0.05453	0.55679	0.04293	0.04177	0.03829	0.03133	0.01392	0.01044	0.00348	0.00812	0.01160	0.01044	0.01624
57	0.01962	0.01857	0.03083	0.56847	0.06724	0.02348	0.02802	0.02610	0.02014	0.02610	0.01786	0.02697	0.01366	0.01087	0.01210	0.00350	0.06139	0.00911	0.00455	0.01139
58	0.02489	0.02387	0.04074	0.10917	0.53309	0.02425	0.03124	0.03105	0.02313	0.03291	0.01921	0.02556	0.01604	0.00924	0.01017	0.00308	0.01232	0.00914	0.00504	0.01585
59	0.02619	0.01742	0.02030	0.01780	0.02296	0.01834	0.01391	0.04238	0.28083	0.15223	0.21020	0.04986	0.05104	0.01593	0.01095	0.00334	0.00720	0.01356	0.01118	0.01440
60	0.01938	0.01824	0.03078	0.61468	0.07068	0.02280	0.02850	0.02622	0.02052	0.02622	0.01824	0.02736	0.01368	0.01026	0.01026	0.00342	0.01368	0.00912	0.00456	0.01140
61	0.01231	0.01031	0.01072	0.01082	0.01403	0.00871	0.00804	0.01501	0.02353	0.02852	0.13213	0.13224	0.50638	0.02606	0.01219	0.00350	0.00522	0.02194	0.00965	0.00871
62	0.01276	0.00913	0.01214	0.01411	0.01494	0.00851	0.00955	0.01495	0.02087	0.02813	0.12309	0.56059	0.07163	0.03070	0.01297	0.00405	0.00581	0.02780	0.00976	0.00851
63	0.02841	0.59390	0.05185	0.01807	0.02680	0.03987	0.01772	0.07345	0.02314	0.02754	0.01513	0.01715	0.01353	0.00908	0.00689	0.00227	0.01100	0.00580	0.00488	0.01353
64	0.01452	0.01049	0.01372	0.01291	0.01533	0.00968	0.00968	0.01937	0.02905	0.04115	0.56992	0.07666	0.09683	0.02098	0.01210	0.00323	0.00484	0.01856	0.01130	0.00968
65	0.02397	0.01925	0.02112	0.02014	0.06089	0.06283	0.01445	0.15973	0.03315	0.04533	0.30347	0.05186	0.05834	0.01636	0.01089	0.00307	0.00814	0.01382	0.06082	0.01237
66	0.01466	0.01100	0.01649	0.01649	0.01833	0.01283	0.01283	0.01833	0.01649	0.02382	0.02749	0.04032	0.02566	0.07697	0.59868	0.01649	0.02749	0.01100	0.00550	0.00916
67	0.03833	0.04891	0.02908	0.02644	0.03173	0.59815	0.01983	0.04098	0.02908	0.02512	0.01586	0.01851	0.01322	0.01058	0.00925	0.00264	0.01851	0.00661	0.00529	0.01190
68	0.04604	0.01746	0.02382	0.01826	0.02620	0.01508	0.01508	0.05001	0.02937	0.58244	0.04049	0.03493	0.02540	0.01270	0.01032	0.00318	0.00873	0.01032	0.01270	0.01746
69	0.03726	0.02788	0.02981	0.02326	0.03116	0.03101	0.01908	0.47805	0.11416	0.06186	0.02686	0.02641	0.01925	0.01253	0.01029	0.00313	0.01088	0.00955	0.01029	0.01730
70	0.03833	0.04891	0.02908	0.02644	0.03173	0.59815	0.01983	0.04098	0.02908	0.02512	0.01586	0.01851	0.01322	0.01058	0.00925	0.00264	0.01851	0.00661	0.00529	0.01190
71	0.03833	0.04891	0.02908	0.02644	0.03173	0.59815	0.01983	0.04098	0.02908	0.02512	0.01586	0.01851	0.01322	0.01058	0.00925	0.00264	0.01851	0.00661	0.00529	0.01190
72	0.02058	0.05308	0.58618	0.02925	0.04442	0.02383	0.03792	0.03250	0.02167	0.03250	0.01842	0.02167	0.01300	0.00975	0.00975	0.00325	0.01517	0.00758	0.00433	0.01517
73	0.01250	0.00893	0.01191	0.01429	0.01488	0.00834	0.00953	0.01429	0.01965	0.02620	0.05656	0.63265	0.06787	0.03215	0.01310	0.00417	0.00595	0.02917	0.00953	0.00834
74	0.01426	0.01029	0.01348	0.01309	0.01527	0.00951	0.00966	0.01871	0.02783	0.03921	0.50339	0.14871	0.09308	0.02243	0.01223	0.00335	0.00499	0.01993	0.01107	0.00951
75	0.01938	0.01824	0.03078	0.61468	0.07068	0.02280	0.02850	0.02622	0.02052	0.02622	0.01824	0.02736	0.01368	0.01026	0.01026	0.00342	0.01368	0.00912	0.00456	0.01140
76	0.02553	0.02204	0.02320	0.02088	0.02669	0.02553	0.01624	0.05453	0.55679	0.04293	0.04177	0.03829	0.03133	0.01392	0.01044	0.00348	0.00812	0.01160	0.01044	0.01624
77	0.02470	0.02633	0.05284	0.05131	0.26667	0.02531	0.33120	0.03231	0.02387	0.03314	0.02017	0.02675	0.01585	0.00885	0.01131	0.00329	0.01521	0.01090	0.00515	0.01483
78	0.02553	0.02204	0.02320	0.02088	0.02669	0.02553	0.01624	0.05453	0.55679	0.04293	0.04177	0.03829	0.03133	0.01392	0.01044	0.00348	0.00812	0.01160	0.01044	0.01624
79	0.01250	0.00893	0.01191	0.01429	0.01488	0.00834	0.00953	0.01429	0.01965	0.02620	0.05656	0.63265	0.06787	0.03215	0.01310	0.00417	0.00595	0.02917	0.00953	0.00834
80	0.01452	0.01049	0.01372	0.01291	0.01533	0.00968	0.00968	0.01937	0.02905	0.04115	0.56992	0.07666	0.09683	0.02098	0.01210	0.00323	0.00484	0.01856	0.01130	0.00968
81	0.02540	0.02438	0.04165	0.06299	0.57533	0.02438	0.03149	0.03149	0.02337	0.03353	0.01930	0.02540	0.01626	0.00914	0.01016	0.00305	0.01219	0.00914	0.00508	0.01626
82	0.13683	0.03530	0.02784	0.02324	0.03004	0.25105	0.01841	0.27188	0.03630	0.04656	0.01971	0.02109	0.01488	0.01123	0.00930	0.00292	0.01361	0.00768	0.00776	0.01436
83	0.04411	0.01690	0.02279	0.01763	0.02517	0.01469	0.01452	0.04814	0.02881	0.54340	0.03998	0.03517	0.02547	0.01265	0.01009	0.00312	0.00845	0.01027	0.06175	0.01690
84	0.01311	0.01043	0.01175	0.01142	0.01446	0.00908	0.00857	0.01662	0.02570	0.03321	0.29424	0.08973	0.37747	0.02394	0.01212	0.00337	0.00505	0.02039	0.01025	0.00908
85	0.01376	0.01046	0.01266	0.01211	0.01486	0.00936	0.00908	0.01789	0.02725	0.03687	0.42145	0.08370	0.24796	0.02258	0.01211	0.00330	0.00496	0.01955	0.01073	0.00936
86	0.03116	0.02614	0.08615	0.03401	0.04393	0.02222	0.32973	0.03850	0.02574	0.21406	0.02710	0.02964	0.01863	0.01007	0.01135	0.00335	0.01432	0.01120	0.00761	0.01513
87	0.01361	0.01045	0.01244	0.01195	0.01477	0.00929	0.00896	0.01759	0.02688	0.03600	0.39127	0.08513	0.27869	0.02290	0.01211	0.00332	0.00498	0.01975	0.01062	0.00929
88	0.02744	0.64552	0.05378	0.01756	0.02634	0.04061	0.01756	0.03073	0.02085	0.02414	0.01427	0.01646	0.01317	0.00878	0.00658	0.00219	0.01097	0.00549	0.00439	0.01317
89	0.04255	0.01644	0.02197	0.01713	0.02435	0.01437	0.01406	0.04663	0.02835	0.51191	0.03958	0.03536	0.02552	0.01260	0.00991	0.00307	0.00822	0.01022	0.10130	0.01644
90	0.03892	0.01977	0.02414	0.01950	0.02677	0.01968	0.01578	0.08783	0.20055	0.37043	0.03973	0.03525	0.02672	0.01307	0.01036	0.00327	0.00873	0.01065	0.01179	0.01707
91	0.02142	0.02142	0.06561	0.01803	0.02768	0.01522	0.04767	0.02678	0.02150	0.03333	0.01841	0.02172	0.01506	0.00783	0.00805	0.00177	0.00878	0.00658	0.00589	0.60725
92	0.01492	0.00995	0.01119	0.01119	0.01119	0.00995	0.00622	0.01492	0.01492	0.01990	0.03233	0.06716	0.03731	0.63935	0.05223	0.00995	0.00995	0.01492	0.00622	0.00622
93	0.02294	0.02187	0.03721	0.28828	0.36925	0.02374	0.03027	0.02934	0.02220	0.03054	0.01887	0.02620	0.01520	0.00960	0.01020	0.00320	0.01280	0.00913	0.00487	0.01427
94	0.03444	0.02349	0.04299	0.03135	0.04055	0.02184	0.28105	0.07767	0.02815	0.26496	0.02929	0.03049	0.01982	0.01062	0.01123	0.00331	0.01327	0.01115	0.00871	0.01562
95	0.01763	0.00898	0.01322	0.01322	0.01322	0.00898	0.00873	0.01347	0.01347	0.01796	0.01880	0.03361	0.01913	0.07617	0.04092	0.65502	0.00898	0.00932	0.00457	0.00457
96	0.01466	0.01100	0.01649	0.01649	0.01833	0.01283	0.01283	0.01833	0.01649	0.02382	0.02749	0.04032	0.02566	0.07697	0.59868	0.01649	0.02749	0.01100	0.00550	0.00916
97	0.03113	0.02478	0.04616	0.03372	0.04298	0.02364	0.32591	0.08125	0.06329	0.17673	0.02754	0.02999	0.01930	0.01035	0.01139	0.00336	0.01399	0.01138	0.00789	0.01523
98	0.02453	0.02669	0.05453	0.04552	0.15064	0.02563	0.40799	0.03403	0.05893	0.03365	0.02186	0.02794	0.01673	0.00909	0.01163	0.00338	0.01573	0.01152	0.00551	0.01446
99	0.02219	0.02210	0.03138	0.07614	0.03060	0.03071	0.02296	0.02482	0.01612	0.02482	0.01387	0.02286	0.01349	0.01732	0.03172	0.00440	0.56977	0.00899	0.00450	0.01124
100	0.01466	0.01100	0.01649	0.01649	0.01833	0.01283	0.01283	0.01833	0.01649	0.02382	0.02749	0.04032	0.02566	0.07697	0.59868	0.01649	0.02749	0.01100	0.00550	0.00916
101	0.58433	0.02535	0.01773	0.01595	0.02209	0.13190	0.01276	0.03221	0.01966	0.04208	0.01459	0.01702	0.01151	0.00972	0.00690	0.00307	0.00994	0.00576	0.00615	0.01126
102	0.02190	0.01744	0.02642	0.03458	0.24569	0.01723	0.01951	0.02883	0.06976	0.07517	0.19932	0.11836	0.04973	0.01634	0.01117	0.00329	0.00853	0.01485	0.00857	0.01331
103	0.02255	0.04136	0.36382	0.04303	0.26122	0.02406	0.03529	0.03209	0.02236	0.03292	0.01878	0.02319	0.01433	0.00950	0.00992	0.00317	0.01395	0.00822	0.00464	0.01561

[dist]
# distance from previous block
# <min> <max>
0	26

[block]
# block no. 2 follows, 14 sequences, length 67
# corresponding to MSA columns:
# 292-358
name=unknown_C
#
# <colnr> <probs for GDERKNQSTAVLIFYWHMCP>
#	G	D	E	R	K	N	Q	S	T	A	V	L	I	F	Y	W	H	M	C	P
0	0.03901	0.02874	0.03080	0.02361	0.03182	0.03182	0.01951	0.54111	0.04825	0.06468	0.02464	0.02464	0.01745	0.01232	0.01027	0.00308	0.01129	0.00924	0.01027	0.01745
1	0.03174	0.07911	0.08686	0.03812	0.21084	0.32092	0.02520	0.03643	0.02599	0.02850	0.01713	0.02093	0.01419	0.00991	0.00943	0.00280	0.01565	0.00746	0.00507	0.01371
2	0.02778	0.02584	0.03036	0.08057	0.03260	0.07934	0.02159	0.15322	0.06791	0.03596	0.01905	0.02435	0.01584	0.01492	0.02189	0.00381	0.31627	0.00906	0.00643	0.01320
3	0.01422	0.01036	0.01337	0.01287	0.01521	0.00952	0.00956	0.01869	0.02797	0.03916	0.50135	0.12190	0.12307	0.02216	0.01218	0.00332	0.00495	0.01958	0.01105	0.00952
4	0.02726	0.07034	0.04041	0.04110	0.24086	0.02533	0.13172	0.03902	0.15264	0.08628	0.02663	0.02921	0.02037	0.01050	0.01039	0.00319	0.01187	0.01020	0.00706	0.01563
5	0.02156	0.01942	0.03181	0.37004	0.10511	0.02219	0.06595	0.07103	0.02398	0.03149	0.02497	0.04138	0.02179	0.01316	0.01103	0.00357	0.01293	0.09041	0.00595	0.01225
6	0.02540	0.02438	0.04165	0.06299	0.57533	0.02438	0.03149	0.03149	0.02337	0.03353	0.01930	0.02540	0.01626	0.00914	0.01016	0.00305	0.01219	0.00914	0.00508	0.01626
7	0.01353	0.01094	0.01619	0.01632	0.01833	0.01004	0.05864	0.01610	0.02072	0.02709	0.06144	0.48348	0.15029	0.02888	0.01284	0.00398	0.00688	0.02627	0.00912	0.00891
8	0.02806	0.02455	0.03543	0.18605	0.31222	0.06870	0.02728	0.07684	0.02584	0.08512	0.02122	0.02616	0.01635	0.01013	0.01014	0.00312	0.01264	0.00906	0.00613	0.01496
9	0.02488	0.07735	0.16307	0.08155	0.07988	0.02314	0.08956	0.06964	0.07068	0.08518	0.02825	0.11020	0.02431	0.01345	0.01049	0.00332	0.01197	0.01197	0.00699	0.01411
10	0.01938	0.01824	0.03078	0.61468	0.07068	0.02280	0.02850	0.02622	0.02052	0.02622	0.01824	0.02736	0.01368	0.01026	0.01026	0.00342	0.01368	0.00912	0.00456	0.01140
11	0.03302	0.03663	0.02458	0.02283	0.02727	0.40585	0.01698	0.03559	0.02690	0.07748	0.02767	0.16350	0.02713	0.01581	0.01025	0.00305	0.01466	0.01223	0.00697	0.01159
12	0.02528	0.02744	0.04929	0.10003	0.22136	0.07036	0.28793	0.03247	0.02400	0.03187	0.01968	0.02619	0.01543	0.00911	0.01109	0.00326	0.01542	0.01045	0.00511	0.01424
13	0.22877	0.12284	0.03363	0.03536	0.23673	0.12305	0.02142	0.03258	0.02221	0.03433	0.01648	0.02031	0.01376	0.00944	0.00834	0.00289	0.01182	0.00710	0.00538	0.01354
14	0.02115	0.02066	0.03116	0.27659	0.04552	0.02777	0.02502	0.02534	0.01776	0.02534	0.01550	0.02454	0.01356	0.01469	0.02373	0.00404	0.36278	0.00904	0.00452	0.01130
15	0.02856	0.02695	0.12088	0.03976	0.26829	0.02234	0.02594	0.08295	0.06073	0.13054	0.06779	0.03118	0.02467	0.01137	0.01030	0.00315	0.01116	0.01000	0.00757	0.01588
16	0.01333	0.00957	0.01264	0.01373	0.01507	0.00888	0.00959	0.01635	0.02347	0.03228	0.26546	0.40640	0.07966	0.02760	0.01269	0.00379	0.00550	0.02485	0.01025	0.00888
17	0.03075	0.39324	0.09231	0.01860	0.02778	0.03090	0.01839	0.03508	0.02298	0.15816	0.02118	0.02170	0.01622	0.00971	0.00784	0.00247	0.01056	0.00687	0.00649	0.06879
18	0.02991	0.02817	0.11866	0.03098	0.12085	0.02305	0.08851	0.15549	0.02964	0.11730	0.02339	0.02552	0.01704	0.01015	0.00993	0.00288	0.01177	0.00892	0.00747	0.14037
19	0.02859	0.02597	0.02411	0.02181	0.02514	0.19454	0.01708	0.03152	0.02414	0.11760	0.06966	0.12920	0.03309	0.01799	0.01633	0.00358	0.15534	0.04484	0.00769	0.01176
20	0.01287	0.00964	0.01195	0.01304	0.01474	0.00872	0.00914	0.01554	0.02267	0.02994	0.18389	0.37830	0.19586	0.02814	0.01264	0.00379	0.00552	0.02496	0.00993	0.00872
21	0.03097	0.38961	0.09551	0.02275	0.07555	0.03167	0.02009	0.03547	0.02314	0.15615	0.02122	0.02204	0.01628	0.00982	0.00806	0.00260	0.01095	0.00713	0.00639	0.01463
22	0.03029	0.17090	0.23879	0.02284	0.03349	0.02624	0.02454	0.08217	0.06794	0.16827	0.02526	0.02532	0.01789	0.01081	0.00929	0.00300	0.01178	0.00825	0.00738	0.01557
23	0.02422	0.02768	0.06055	0.04325	0.05363	0.02595	0.53806	0.03287	0.02422	0.03287	0.02076	0.02768	0.01557	0.00865	0.01211	0.00346	0.01730	0.01211	0.00519	0.01384
24	0.01492	0.00995	0.01119	0.01119	0.01119	0.00995	0.00622	0.01492	0.01492	0.01990	0.03233	0.06716	0.03731	0.63935	0.05223	0.00995	0.00995	0.01492	0.00622	0.00622
25	0.03621	0.02383	0.02951	0.02314	0.03085	0.02510	0.06237	0.23731	0.17134	0.19872	0.03305	0.03123	0.02303	0.01252	0.01049	0.00324	0.01030	0.01039	0.01054	0.01683
26	0.07631	0.02065	0.02177	0.01932	0.02484	0.02340	0.01511	0.08934	0.38956	0.04477	0.12112	0.04151	0.03889	0.01456	0.01038	0.00338	0.00787	0.01204	0.01025	0.01493
27	0.71184	0.01985	0.01508	0.01350	0.01985	0.02302	0.01111	0.03017	0.01746	0.04604	0.01429	0.01667	0.01111	0.00953	0.00635	0.00318	0.00794	0.00556	0.00635	0.01111
28	0.01938	0.01824	0.03078	0.61468	0.07068	0.02280	0.02850	0.02622	0.02052	0.02622	0.01824	0.02736	0.01368	0.01026	0.01026	0.00342	0.01368	0.00912	0.00456	0.01140
29	0.01266	0.00905	0.01205	0.01418	0.01492	0.00844	0.00954	0.01469	0.02038	0.02737	0.09676	0.58912	0.07014	0.03128	0.01302	0.00409	0.00587	0.02834	0.00966	0.00844
30	0.01422	0.01023	0.01402	0.01459	0.01565	0.01101	0.01032	0.01648	0.01683	0.02337	0.03566	0.18817	0.03873	0.21257	0.31729	0.01186	0.01780	0.01634	0.00664	0.00820
31	0.04604	0.01746	0.02382	0.01826	0.02620	0.01508	0.01508	0.05001	0.02937	0.58244	0.04049	0.03493	0.02540	0.01270	0.01032	0.00318	0.00873	0.01032	0.01270	0.01746
32	0.02074	0.01182	0.01383	0.01340	0.01651	0.01121	0.00996	0.05652	0.02402	0.10887	0.05314	0.24733	0.12845	0.02118	0.01061	0.00332	0.00621	0.01823	0.21402	0.01060
33	0.01272	0.01042	0.01122	0.01102	0.01423	0.00892	0.00826	0.01588	0.02479	0.03105	0.21945	0.09328	0.45360	0.02475	0.01212	0.00341	0.00511	0.02089	0.00997	0.00892
34	0.03339	0.02462	0.02883	0.02315	0.03049	0.02690	0.05152	0.25202	0.25139	0.11480	0.03322	0.03160	0.02391	0.01278	0.01046	0.00328	0.01009	0.01052	0.01029	0.01673
35	0.03901	0.02874	0.03080	0.02361	0.03182	0.03182	0.01951	0.54111	0.04825	0.06468	0.02464	0.02464	0.01745	0.01232	0.01027	0.00308	0.01129	0.00924	0.01027	0.01745
36	0.01938	0.01824	0.03078	0.61468	0.07068	0.02280	0.02850	0.02622	0.02052	0.02622	0.01824	0.02736	0.01368	0.01026	0.01026	0.00342	0.01368	0.00912	0.00456	0.01140
37	0.02128	0.01824	0.02128	0.01520	0.02432	0.01368	0.01216	0.02584	0.02128	0.03344	0.01824	0.02128	0.01520	0.00760	0.00760	0.00152	0.00760	0.00608	0.00608	0.70208
38	0.71184	0.01985	0.01508	0.01350	0.01985	0.02302	0.01111	0.03017	0.01746	0.04604	0.01429	0.01667	0.01111	0.00953	0.00635	0.00318	0.00794	0.00556	0.00635	0.01111
39	0.02422	0.02768	0.06055	0.04325	0.05363	0.02595	0.53806	0.03287	0.02422	0.03287	0.02076	0.02768	0.01557	0.00865	0.01211	0.00346	0.01730	0.01211	0.00519	0.01384
40	0.01913	0.00956	0.00956	0.00956	0.01196	0.00956	0.00717	0.02391	0.02152	0.03826	0.03348	0.03826	0.02630	0.01196	0.00717	0.00239	0.00478	0.00956	0.69632	0.00956
41	0.71184	0.01985	0.01508	0.01350	0.01985	0.02302	0.01111	0.03017	0.01746	0.04604	0.01429	0.01667	0.01111	0.00953	0.00635	0.00318	0.00794	0.00556	0.00635	0.01111
42	0.01938	0.01824	0.03078	0.61468	0.07068	0.02280	0.02850	0.02622	0.02052	0.02622	0.01824	0.02736	0.01368	0.01026	0.01026	0.00342	0.01368	0.00912	0.00456	0.01140
43	0.03059	0.01310	0.01613	0.01363	0.01846	0.01199	0.01083	0.03502	0.02553	0.27722	0.07669	0.03967	0.03118	0.01296	0.00892	0.00280	0.00652	0.01057	0.34515	0.01304
44	0.02744	0.64552	0.05378	0.01756	0.02634	0.04061	0.01756	0.03073	0.02085	0.02414	0.01427	0.01646	0.01317	0.00878	0.00658	0.00219	0.01097	0.00549	0.00439	0.01317
45	0.71184	0.01985	0.01508	0.01350	0.01985	0.02302	0.01111	0.03017	0.01746	0.04604	0.01429	0.01667	0.01111	0.00953	0.00635	0.00318	0.00794	0.00556	0.00635	0.01111
46	0.01466	0.01100	0.01649	0.01649	0.01833	0.01283	0.01283	0.01833	0.01649	0.02382	0.02749	0.04032	0.02566	0.07697	0.59868	0.01649	0.02749	0.01100	0.00550	0.00916
47	0.01251	0.01041	0.01092	0.01080	0.01410	0.00883	0.00810	0.01547	0.02429	0.02986	0.17808	0.09524	0.49571	0.02519	0.01212	0.00343	0.00514	0.02117	0.00981	0.00883
48	0.01250	0.00893	0.01191	0.01429	0.01488	0.00834	0.00953	0.01429	0.01965	0.02620	0.05656	0.63265	0.06787	0.03215	0.01310	0.00417	0.00595	0.02917	0.00953	0.00834
49	0.02058	0.05308	0.58618	0.02925	0.04442	0.02383	0.03792	0.03250	0.02167	0.03250	0.01842	0.02167	0.01300	0.00975	0.00975	0.00325	0.01517	0.00758	0.00433	0.01517
50	0.71184	0.01985	0.01508	0.01350	0.01985	0.02302	0.01111	0.03017	0.01746	0.04604	0.01429	0.01667	0.01111	0.00953	0.00635	0.00318	0.00794	0.00556	0.00635	0.01111
51	0.02463	0.02360	0.04027	0.13345	0.51088	0.02418	0.03111	0.03082	0.02300	0.03259	0.01917	0.02565	0.01593	0.00929	0.01017	0.00310	0.01238	0.00914	0.00501	0.01564
52	0.02058	0.05308	0.58618	0.02925	0.04442	0.02383	0.03792	0.03250	0.02167	0.03250	0.01842	0.02167	0.01300	0.00975	0.00975	0.00325	0.01517	0.00758	0.00433	0.01517
53	0.01250	0.00893	0.01191	0.01429	0.01488	0.00834	0.00953	0.01429	0.01965	0.02620	0.05656	0.63265	0.06787	0.03215	0.01310	0.00417	0.00595	0.02917	0.00953	0.00834
54	0.02225	0.19759	0.45632	0.02640	0.04001	0.02792	0.03295	0.03207	0.02147	0.03046	0.01740	0.02040	0.01304	0.00951	0.00898	0.00299	0.01414	0.00707	0.00435	0.01468
55	0.01492	0.00995	0.01119	0.01119	0.01119	0.00995	0.00622	0.01492	0.01492	0.01990	0.03233	0.06716	0.03731	0.63935	0.05223	0.00995	0.00995	0.01492	0.00622	0.00622
56	0.01466	0.01100	0.01649	0.01649	0.01833	0.01283	0.01283	0.01833	0.01649	0.02382	0.02749	0.04032	0.02566	0.07697	0.59868	0.01649	0.02749	0.01100	0.00550	0.00916
57	0.01639	0.01423	0.02453	0.02087	0.02468	0.01331	0.13572	0.02129	0.02497	0.03441	0.26604	0.22126	0.06720	0.02159	0.01251	0.00363	0.00839	0.04947	0.00924	0.01028
58	0.02384	0.02279	0.03884	0.20581	0.44469	0.02397	0.03072	0.03013	0.02263	0.03163	0.01903	0.02591	0.01559	0.00943	0.01019	0.00314	0.01258	0.00914	0.00495	0.01500
59	0.02540	0.02438	0.04165	0.06299	0.57533	0.02438	0.03149	0.03149	0.02337	0.03353	0.01930	0.02540	0.01626	0.00914	0.01016	0.00305	0.01219	0.00914	0.00508	0.01626
60	0.01587	0.01134	0.01577	0.01814	0.02021	0.01124	0.01538	0.02011	0.02297	0.02996	0.05470	0.20124	0.06052	0.02898	0.01400	0.00463	0.00887	0.42736	0.00946	0.00927
61	0.02637	0.02599	0.05238	0.03815	0.04760	0.02478	0.42067	0.07913	0.02668	0.06990	0.02478	0.03424	0.01951	0.01066	0.01198	0.00350	0.01565	0.04754	0.00643	0.01408
62	0.02540	0.02438	0.04165	0.06299	0.57533	0.02438	0.03149	0.03149	0.02337	0.03353	0.01930	0.02540	0.01626	0.00914	0.01016	0.00305	0.01219	0.00914	0.00508	0.01626
63	0.02540	0.02438	0.04165	0.06299	0.57533	0.02438	0.03149	0.03149	0.02337	0.03353	0.01930	0.02540	0.01626	0.00914	0.01016	0.00305	0.01219	0.00914	0.00508	0.01626
64	0.02513	0.02421	0.04073	0.05972	0.52567	0.02502	0.03068	0.03088	0.02267	0.03273	0.01877	0.02513	0.01600	0.00994	0.01229	0.00318	0.06729	0.00913	0.00503	0.01580
65	0.21481	0.02616	0.02661	0.02224	0.02698	0.08227	0.01824	0.18696	0.02747	0.04282	0.01736	0.02120	0.01404	0.01326	0.01681	0.00353	0.21129	0.00792	0.00685	0.01318
66	0.03269	0.02725	0.03509	0.04561	0.34454	0.12778	0.02544	0.03765	0.02585	0.16266	0.02371	0.02640	0.01787	0.01025	0.01003	0.00300	0.01253	0.00896	0.00693	0.01574

[dist]
# distance from previous block
# <min> <max>
0	151

# created by:
# /st0/software/busco_prod/Augustus/scripts/msa2prfl.pl ./align_prep/5335.fa
