[name]
unknown

[dist]
# distance from previous block
# <min> <max>
0	104

[block]
# block no. 0 follows, 13 sequences, length 47
# corresponding to MSA columns:
# 109-155
name=unknown_A
#
# <colnr> <probs for GDERKNQSTAVLIFYWHMCP>
#	G	D	E	R	K	N	Q	S	T	A	V	L	I	F	Y	W	H	M	C	P
0	0.02467	0.02042	0.02340	0.01696	0.02622	0.01691	0.01367	0.10192	0.02610	0.03929	0.01978	0.02245	0.01601	0.00856	0.00824	0.00181	0.00840	0.00675	0.00691	0.59151
1	0.60064	0.02020	0.01650	0.01417	0.02114	0.02227	0.01161	0.03041	0.01858	0.04548	0.01533	0.01789	0.01208	0.00952	0.00674	0.00302	0.00813	0.00581	0.00650	0.11398
2	0.01465	0.01057	0.01385	0.01352	0.01573	0.00977	0.00995	0.01917	0.02847	0.04008	0.48188	0.16059	0.09528	0.02335	0.01262	0.00347	0.00516	0.02077	0.01136	0.00977
3	0.01699	0.01227	0.01520	0.01617	0.01796	0.01223	0.01136	0.09181	0.02468	0.03295	0.05333	0.53185	0.06212	0.03005	0.01306	0.00413	0.00696	0.02697	0.00993	0.01000
4	0.60448	0.02008	0.01689	0.01464	0.02143	0.02249	0.01207	0.03416	0.01984	0.12601	0.01878	0.02001	0.01367	0.01031	0.00716	0.00327	0.00830	0.00646	0.00753	0.01243
5	0.09302	0.02721	0.03036	0.11049	0.03777	0.03063	0.02076	0.41016	0.04274	0.05906	0.02349	0.02511	0.01685	0.01213	0.01024	0.00323	0.01171	0.00918	0.00935	0.01649
6	0.02027	0.01294	0.01886	0.09870	0.02650	0.01361	0.01464	0.02450	0.02274	0.11095	0.14190	0.13868	0.04657	0.04051	0.21021	0.00822	0.01511	0.01552	0.00853	0.01103
7	0.02067	0.01158	0.01501	0.01482	0.01779	0.01037	0.01083	0.02362	0.02450	0.14762	0.14082	0.33481	0.13394	0.02605	0.01257	0.00382	0.00646	0.02301	0.01082	0.01090
8	0.31047	0.01784	0.01956	0.10323	0.02884	0.01922	0.01463	0.03510	0.02252	0.18747	0.02594	0.02757	0.01841	0.01123	0.00841	0.00318	0.00878	0.00829	0.11627	0.01305
9	0.02678	0.02501	0.04198	0.16853	0.29937	0.02619	0.10810	0.10596	0.02746	0.03768	0.02072	0.02685	0.01626	0.01007	0.01083	0.00329	0.01358	0.00992	0.00594	0.01549
10	0.02299	0.10530	0.02689	0.06251	0.07378	0.05667	0.01662	0.09952	0.02796	0.03657	0.14541	0.19728	0.04835	0.01908	0.01116	0.00337	0.00940	0.01642	0.00853	0.01218
11	0.02165	0.01226	0.01648	0.01536	0.01663	0.01273	0.01082	0.09100	0.01918	0.02563	0.01942	0.03112	0.01831	0.03312	0.03670	0.58871	0.00955	0.00923	0.00549	0.00661
12	0.02056	0.01438	0.01889	0.02100	0.06528	0.01432	0.01416	0.09611	0.02592	0.06753	0.04890	0.40834	0.05426	0.02652	0.01271	0.00401	0.00795	0.05810	0.00974	0.01136
13	0.03065	0.16081	0.23903	0.02731	0.07252	0.02873	0.02703	0.14363	0.02933	0.11043	0.02259	0.02398	0.01637	0.01078	0.00960	0.00306	0.01277	0.00823	0.00702	0.01611
14	0.03082	0.02923	0.09672	0.07591	0.15336	0.06366	0.02494	0.16949	0.06765	0.08750	0.02762	0.03524	0.02209	0.01299	0.01079	0.00337	0.01239	0.05247	0.00802	0.01575
15	0.01815	0.01535	0.01513	0.01463	0.01609	0.07980	0.00989	0.02008	0.02036	0.02626	0.13762	0.06085	0.04613	0.34420	0.12337	0.00898	0.01306	0.01448	0.00725	0.00831
16	0.10395	0.01966	0.02395	0.01745	0.02659	0.01612	0.04773	0.02766	0.02166	0.03597	0.01848	0.02181	0.01518	0.00814	0.00800	0.00191	0.00856	0.00663	0.00623	0.56431
17	0.31507	0.02296	0.06763	0.01815	0.02630	0.02095	0.01617	0.07671	0.02597	0.27203	0.02746	0.02630	0.01842	0.01145	0.00889	0.00327	0.00941	0.00829	0.00948	0.01510
18	0.17049	0.02003	0.02381	0.01863	0.02654	0.01943	0.01538	0.11214	0.03058	0.40278	0.03439	0.03099	0.02228	0.01241	0.00985	0.00326	0.00920	0.00955	0.01151	0.01675
19	0.02687	0.02177	0.02563	0.07240	0.06950	0.02396	0.01818	0.17690	0.20209	0.04676	0.11239	0.04467	0.08210	0.01533	0.01107	0.00339	0.00934	0.01280	0.00983	0.01502
20	0.02161	0.01228	0.01626	0.01443	0.01809	0.01111	0.01111	0.02641	0.03000	0.15031	0.45148	0.07018	0.08471	0.01987	0.01209	0.00331	0.00581	0.01738	0.01194	0.01162
21	0.01657	0.01309	0.01522	0.01453	0.01782	0.01297	0.01092	0.02587	0.13288	0.03843	0.31081	0.12162	0.18425	0.02223	0.01221	0.00351	0.00586	0.01928	0.01090	0.01101
22	0.65924	0.02028	0.01614	0.01423	0.02089	0.02317	0.01172	0.03245	0.01881	0.08238	0.01653	0.01843	0.01244	0.01003	0.00682	0.00327	0.00823	0.00605	0.00698	0.01189
23	0.02147	0.02294	0.04791	0.03594	0.04373	0.02149	0.37551	0.02834	0.02359	0.03188	0.03205	0.19983	0.03161	0.01591	0.01277	0.00378	0.01445	0.01756	0.00664	0.01262
24	0.02630	0.02271	0.02391	0.02152	0.02749	0.02630	0.01674	0.05618	0.54336	0.04423	0.04303	0.03945	0.03228	0.01434	0.01076	0.00359	0.00837	0.01195	0.01076	0.01674
25	0.03950	0.05039	0.02996	0.02724	0.03269	0.58597	0.02043	0.04222	0.02996	0.02588	0.01634	0.01907	0.01362	0.01090	0.00953	0.00272	0.01907	0.00681	0.00545	0.01226
26	0.03123	0.02516	0.02668	0.02251	0.02937	0.02860	0.01793	0.22339	0.36812	0.05218	0.03677	0.03446	0.02720	0.01376	0.01069	0.00344	0.00953	0.01109	0.01069	0.01718
27	0.02657	0.33046	0.11562	0.02101	0.02985	0.03376	0.02050	0.04089	0.21261	0.03315	0.02566	0.02593	0.02039	0.01112	0.00869	0.00290	0.01083	0.00826	0.00680	0.01501
28	0.07570	0.02610	0.02848	0.10589	0.11993	0.11163	0.02100	0.04397	0.20389	0.11036	0.02983	0.03066	0.02220	0.01203	0.01020	0.00331	0.01155	0.00980	0.00827	0.01519
29	0.04101	0.03408	0.03020	0.02441	0.03194	0.19291	0.01955	0.31769	0.04117	0.12553	0.02503	0.02502	0.01785	0.01222	0.01028	0.00305	0.01345	0.00888	0.00942	0.01630
30	0.02313	0.02313	0.03238	0.02776	0.02776	0.03238	0.02313	0.02545	0.01619	0.02545	0.01388	0.02313	0.01388	0.01851	0.03470	0.00463	0.60907	0.00925	0.00463	0.01157
31	0.02883	0.25953	0.27877	0.02356	0.03535	0.02913	0.02688	0.03629	0.02354	0.13345	0.02178	0.02299	0.01591	0.01026	0.00897	0.00294	0.01277	0.00757	0.00614	0.01533
32	0.11875	0.02075	0.03078	0.40362	0.12067	0.02455	0.02638	0.07299	0.02361	0.03434	0.01894	0.02614	0.01439	0.01052	0.00999	0.00341	0.01286	0.00889	0.00555	0.01286
33	0.01288	0.00920	0.01227	0.01472	0.01534	0.00859	0.00981	0.01472	0.02024	0.02699	0.05828	0.62152	0.06993	0.03312	0.01350	0.00429	0.00613	0.03006	0.00981	0.00859
34	0.02014	0.02188	0.07992	0.27725	0.08516	0.02111	0.08465	0.02854	0.06006	0.03123	0.06428	0.12116	0.03011	0.01468	0.01133	0.00359	0.01233	0.01359	0.00648	0.01249
35	0.03872	0.02713	0.03099	0.02957	0.11742	0.07323	0.02072	0.24879	0.07414	0.18650	0.02921	0.02873	0.02055	0.01223	0.01050	0.00318	0.01150	0.00974	0.00993	0.01721
36	0.01385	0.01003	0.01326	0.01531	0.01664	0.00944	0.01118	0.01658	0.02202	0.02911	0.09559	0.44397	0.10535	0.03107	0.01358	0.00429	0.00674	0.12312	0.00992	0.00894
37	0.65408	0.02266	0.01661	0.01489	0.02135	0.06525	0.01211	0.03190	0.01888	0.04585	0.01484	0.01732	0.01161	0.00989	0.00676	0.00323	0.00898	0.00581	0.00646	0.01151
38	0.01333	0.01030	0.01216	0.01264	0.01503	0.00913	0.00912	0.01643	0.02467	0.03213	0.22387	0.24677	0.28219	0.02713	0.01278	0.00371	0.00548	0.02364	0.01035	0.00913
39	0.02999	0.02236	0.02422	0.02058	0.02649	0.02485	0.01601	0.17754	0.29206	0.08556	0.03668	0.03985	0.02887	0.10617	0.01718	0.00445	0.00958	0.01171	0.01023	0.01561
40	0.02421	0.01872	0.02216	0.01594	0.02523	0.01422	0.01280	0.02885	0.02267	0.08235	0.02084	0.02318	0.01660	0.00830	0.00808	0.00172	0.00793	0.00666	0.00687	0.63265
41	0.02790	0.01856	0.02964	0.43424	0.05958	0.02119	0.02537	0.03410	0.02378	0.18381	0.02541	0.03044	0.01758	0.01130	0.01059	0.00345	0.01262	0.00975	0.00712	0.01355
42	0.02222	0.01860	0.02037	0.01945	0.02380	0.02091	0.01463	0.04357	0.38424	0.03899	0.04767	0.21651	0.04373	0.02006	0.01159	0.00380	0.00769	0.01746	0.01047	0.01426
43	0.02404	0.02605	0.08736	0.20789	0.38329	0.02463	0.03220	0.03107	0.02312	0.03240	0.01951	0.02637	0.01573	0.00979	0.01046	0.00326	0.01325	0.00927	0.00502	0.01529
44	0.03145	0.32860	0.12335	0.02120	0.03081	0.03323	0.02112	0.11233	0.06444	0.10671	0.02261	0.02321	0.01724	0.01067	0.00865	0.00279	0.01149	0.00769	0.00703	0.01537
45	0.03094	0.11585	0.03362	0.02751	0.10814	0.02507	0.05201	0.10454	0.10951	0.14074	0.02973	0.03487	0.02372	0.09846	0.01623	0.00414	0.01091	0.01053	0.00842	0.01504
46	0.07825	0.05944	0.02144	0.01659	0.02180	0.01552	0.01297	0.03482	0.02456	0.28863	0.04194	0.20544	0.03799	0.07342	0.01476	0.00412	0.00839	0.01597	0.01048	0.01347

[dist]
# distance from previous block
# <min> <max>
1	6

[block]
# block no. 1 follows, 13 sequences, length 33
# corresponding to MSA columns:
# 162-194
name=unknown_B
#
# <colnr> <probs for GDERKNQSTAVLIFYWHMCP>
#	G	D	E	R	K	N	Q	S	T	A	V	L	I	F	Y	W	H	M	C	P
0	0.24593	0.06974	0.02602	0.01967	0.02699	0.11696	0.01601	0.14491	0.06222	0.08255	0.02148	0.02252	0.01619	0.01090	0.00862	0.00295	0.01096	0.00754	0.00783	0.08002
1	0.11473	0.02620	0.11102	0.28957	0.14465	0.02430	0.08161	0.03015	0.02179	0.03274	0.01873	0.02555	0.01430	0.01002	0.01013	0.00340	0.01364	0.00901	0.00508	0.01338
2	0.02327	0.02174	0.03512	0.23023	0.22844	0.02377	0.06154	0.03384	0.11070	0.03339	0.02665	0.03729	0.02225	0.01231	0.01105	0.00352	0.01248	0.05173	0.00638	0.01431
3	0.01551	0.01051	0.01340	0.01340	0.01400	0.01110	0.00874	0.01636	0.01577	0.02161	0.03066	0.05783	0.03322	0.41336	0.21968	0.06210	0.01583	0.01366	0.00604	0.00722
4	0.02757	0.02214	0.02496	0.01834	0.02745	0.01987	0.01487	0.18134	0.03051	0.04440	0.02083	0.02299	0.01638	0.00933	0.00868	0.00206	0.00901	0.00727	0.00760	0.48440
5	0.01598	0.01174	0.01510	0.01469	0.01528	0.01315	0.01003	0.01737	0.01595	0.02220	0.03002	0.05644	0.03250	0.40251	0.21842	0.01185	0.06938	0.01357	0.00602	0.00781
6	0.01843	0.01157	0.01524	0.01389	0.01699	0.01057	0.01057	0.02332	0.02996	0.09867	0.50191	0.07439	0.09191	0.02071	0.01227	0.00332	0.00542	0.01822	0.01179	0.01083
7	0.01920	0.01161	0.01508	0.01411	0.01724	0.01049	0.01060	0.02337	0.02798	0.11628	0.36564	0.15808	0.12402	0.02258	0.01236	0.00349	0.00578	0.01983	0.01141	0.01085
8	0.01538	0.01025	0.01153	0.01153	0.01153	0.01025	0.00641	0.01538	0.01538	0.02050	0.03331	0.06919	0.03844	0.62842	0.05382	0.01025	0.01025	0.01538	0.00641	0.00641
9	0.04186	0.02695	0.03008	0.02306	0.03146	0.02883	0.01905	0.41791	0.04524	0.18224	0.02914	0.02782	0.01986	0.01278	0.01059	0.00320	0.01103	0.00978	0.01115	0.01798
10	0.04744	0.01799	0.02454	0.01881	0.02699	0.01554	0.01554	0.05153	0.03026	0.56979	0.04171	0.03599	0.02617	0.01309	0.01063	0.00327	0.00900	0.01063	0.01309	0.01799
11	0.02192	0.01879	0.02192	0.01566	0.02506	0.01409	0.01253	0.02662	0.02192	0.03445	0.01879	0.02192	0.01566	0.00783	0.00783	0.00157	0.00783	0.00626	0.00626	0.69305
12	0.02192	0.01879	0.02192	0.01566	0.02506	0.01409	0.01253	0.02662	0.02192	0.03445	0.01879	0.02192	0.01566	0.00783	0.00783	0.00157	0.00783	0.00626	0.00626	0.69305
13	0.04019	0.02962	0.03173	0.02433	0.03279	0.03279	0.02010	0.52721	0.04971	0.06663	0.02538	0.02538	0.01798	0.01269	0.01058	0.00317	0.01163	0.00952	0.01058	0.01798
14	0.70310	0.02045	0.01554	0.01390	0.02045	0.02372	0.01145	0.03108	0.01799	0.04744	0.01472	0.01718	0.01145	0.00981	0.00654	0.00327	0.00818	0.00573	0.00654	0.01145
15	0.04019	0.02962	0.03173	0.02433	0.03279	0.03279	0.02010	0.52721	0.04971	0.06663	0.02538	0.02538	0.01798	0.01269	0.01058	0.00317	0.01163	0.00952	0.01058	0.01798
16	0.02734	0.18576	0.27835	0.02815	0.04024	0.02785	0.11674	0.03569	0.02372	0.10819	0.02162	0.02408	0.01573	0.01004	0.00977	0.00311	0.01402	0.00852	0.00587	0.01522
17	0.02947	0.57242	0.05269	0.01907	0.02773	0.09990	0.01834	0.03279	0.02239	0.02498	0.01487	0.01719	0.01357	0.00924	0.00708	0.00231	0.01214	0.00578	0.00462	0.01343
18	0.01510	0.01133	0.01699	0.01699	0.01888	0.01322	0.01322	0.01888	0.01699	0.02454	0.02832	0.04154	0.02643	0.07930	0.58652	0.01699	0.02832	0.01133	0.00566	0.00944
19	0.02348	0.01849	0.05865	0.01679	0.02364	0.01422	0.01421	0.03000	0.05650	0.12012	0.17990	0.08438	0.04597	0.01493	0.01033	0.00278	0.00767	0.01276	0.00925	0.25595
20	0.29810	0.01976	0.02160	0.01733	0.02490	0.01991	0.01430	0.07768	0.02695	0.33373	0.03021	0.02802	0.01995	0.01180	0.00906	0.00326	0.00887	0.00867	0.01040	0.01549
21	0.02276	0.18217	0.45975	0.02749	0.04167	0.02835	0.03446	0.03308	0.02214	0.03159	0.01803	0.02114	0.01343	0.00983	0.00933	0.00311	0.01468	0.00734	0.00448	0.01517
22	0.01403	0.01077	0.01283	0.01232	0.01522	0.00958	0.00924	0.01814	0.02771	0.03714	0.38603	0.08763	0.27389	0.02358	0.01248	0.00342	0.00513	0.02033	0.01095	0.00958
23	0.02801	0.03251	0.19245	0.04784	0.33187	0.02349	0.03175	0.03568	0.02452	0.11647	0.02298	0.02657	0.01723	0.01016	0.01037	0.00322	0.01289	0.00915	0.00622	0.01662
24	0.04430	0.02041	0.02739	0.02410	0.07974	0.01904	0.01786	0.12049	0.03256	0.44302	0.03717	0.03346	0.02404	0.01267	0.01061	0.00324	0.00973	0.01035	0.01195	0.01787
25	0.04744	0.01799	0.02454	0.01881	0.02699	0.01554	0.01554	0.05153	0.03026	0.56979	0.04171	0.03599	0.02617	0.01309	0.01063	0.00327	0.00900	0.01063	0.01309	0.01799
26	0.01597	0.00999	0.01336	0.01509	0.01638	0.00921	0.01033	0.01801	0.02114	0.07547	0.05680	0.56922	0.06602	0.03133	0.01324	0.00420	0.00639	0.02832	0.01011	0.00943
27	0.08000	0.02768	0.08910	0.08447	0.14174	0.02551	0.10485	0.15482	0.03048	0.12205	0.02416	0.02698	0.01740	0.01086	0.01053	0.00330	0.01277	0.00969	0.00769	0.01591
28	0.01466	0.01121	0.01628	0.02008	0.06913	0.01121	0.01276	0.01736	0.01990	0.02718	0.04796	0.43615	0.05520	0.04099	0.13935	0.00698	0.01164	0.02393	0.00846	0.00957
29	0.01837	0.00918	0.01377	0.01377	0.01377	0.00918	0.00918	0.01377	0.01377	0.01837	0.01837	0.03214	0.01837	0.03673	0.04132	0.69238	0.00918	0.00918	0.00459	0.00459
30	0.03033	0.52761	0.05074	0.01977	0.02815	0.14163	0.01852	0.03360	0.02304	0.02506	0.01500	0.01735	0.01358	0.00938	0.00729	0.00235	0.01273	0.00587	0.00469	0.01333
31	0.63314	0.02019	0.01650	0.01443	0.02115	0.02285	0.01189	0.03326	0.01930	0.10318	0.01760	0.01918	0.01302	0.01016	0.00698	0.00327	0.00827	0.00625	0.00724	0.01215
32	0.08740	0.02726	0.08520	0.02619	0.08133	0.02644	0.02065	0.17977	0.21586	0.04862	0.06750	0.03326	0.02774	0.01307	0.01036	0.00336	0.01021	0.01055	0.00920	0.01603

[dist]
# distance from previous block
# <min> <max>
0	3

[block]
# block no. 2 follows, 13 sequences, length 13
# corresponding to MSA columns:
# 198-210
name=unknown_C
#
# <colnr> <probs for GDERKNQSTAVLIFYWHMCP>
#	G	D	E	R	K	N	Q	S	T	A	V	L	I	F	Y	W	H	M	C	P
0	0.56599	0.02234	0.01889	0.01606	0.02300	0.02559	0.01324	0.13370	0.02455	0.05141	0.01693	0.01887	0.01280	0.01041	0.00738	0.00325	0.00889	0.00651	0.00738	0.01280
1	0.15394	0.02205	0.02360	0.01940	0.02640	0.02377	0.01571	0.17285	0.15888	0.17575	0.03242	0.03097	0.02298	0.01266	0.00969	0.00326	0.00909	0.00974	0.06091	0.01592
2	0.01538	0.01025	0.01153	0.01153	0.01153	0.01025	0.00641	0.01538	0.01538	0.02050	0.03331	0.06919	0.03844	0.62842	0.05382	0.01025	0.01025	0.01538	0.00641	0.00641
3	0.01886	0.01118	0.01423	0.01376	0.01656	0.01024	0.01019	0.02280	0.02627	0.10256	0.27826	0.20529	0.10491	0.02267	0.01190	0.00347	0.00579	0.01991	0.09063	0.01054
4	0.01533	0.01042	0.01240	0.01240	0.01270	0.01072	0.00749	0.01593	0.01563	0.02114	0.03252	0.06479	0.03653	0.54105	0.13857	0.01132	0.01313	0.01473	0.00629	0.00689
5	0.02630	0.02271	0.02391	0.02152	0.02749	0.02630	0.01674	0.05618	0.54336	0.04423	0.04303	0.03945	0.03228	0.01434	0.01076	0.00359	0.00837	0.01195	0.01076	0.01674
6	0.14566	0.02816	0.02915	0.02267	0.03083	0.03135	0.01872	0.44828	0.04467	0.06358	0.02369	0.02408	0.01694	0.01223	0.00994	0.00319	0.01108	0.00892	0.00994	0.01694
7	0.04019	0.02962	0.03173	0.02433	0.03279	0.03279	0.02010	0.52721	0.04971	0.06663	0.02538	0.02538	0.01798	0.01269	0.01058	0.00317	0.01163	0.00952	0.01058	0.01798
8	0.03261	0.01910	0.02323	0.02025	0.02614	0.01947	0.01664	0.15613	0.09108	0.20568	0.04297	0.10691	0.03746	0.01895	0.01188	0.00377	0.00949	0.13224	0.01109	0.01495
9	0.24550	0.02268	0.02422	0.01918	0.02695	0.02389	0.01583	0.20650	0.03310	0.23950	0.02792	0.02664	0.01889	0.01195	0.00936	0.00324	0.00964	0.00875	0.01023	0.01599
10	0.01439	0.01065	0.01343	0.01301	0.01551	0.00969	0.00965	0.01874	0.02816	0.03886	0.44198	0.12977	0.17010	0.02344	0.01256	0.00345	0.00515	0.02058	0.01119	0.00969
11	0.01670	0.01070	0.01393	0.01393	0.01579	0.01173	0.01044	0.02042	0.01856	0.02911	0.03100	0.04407	0.02807	0.12113	0.32763	0.01128	0.01827	0.01130	0.23672	0.00922
12	0.08649	0.02154	0.02679	0.02498	0.09344	0.02126	0.01781	0.11478	0.10572	0.25125	0.03212	0.03068	0.02238	0.01190	0.00999	0.00309	0.00953	0.00964	0.01012	0.09650

[dist]
# distance from previous block
# <min> <max>
5	8

[block]
# block no. 3 follows, 13 sequences, length 24
# corresponding to MSA columns:
# 219-242
name=unknown_D
#
# <colnr> <probs for GDERKNQSTAVLIFYWHMCP>
#	G	D	E	R	K	N	Q	S	T	A	V	L	I	F	Y	W	H	M	C	P
0	0.02891	0.47467	0.12118	0.02099	0.03041	0.11631	0.02123	0.03339	0.02279	0.02617	0.01550	0.01798	0.01355	0.00944	0.00761	0.00247	0.01298	0.00611	0.00465	0.01366
1	0.02401	0.09682	0.45842	0.02920	0.04342	0.02539	0.06565	0.03474	0.02302	0.07377	0.02052	0.02332	0.01455	0.01013	0.00998	0.00327	0.01491	0.00814	0.00518	0.01556
2	0.02760	0.16592	0.07585	0.05871	0.03079	0.07126	0.01955	0.10110	0.13054	0.03727	0.02527	0.02755	0.01987	0.01210	0.01102	0.00306	0.05669	0.00880	0.10299	0.01406
3	0.03103	0.01973	0.02149	0.01796	0.02376	0.02116	0.01435	0.18930	0.14304	0.11799	0.03446	0.03467	0.02528	0.01297	0.00951	0.00303	0.00825	0.01030	0.24683	0.01488
4	0.02924	0.02452	0.11434	0.01898	0.02906	0.01625	0.01781	0.03502	0.02442	0.19019	0.02550	0.02609	0.01835	0.00973	0.00901	0.00236	0.00947	0.00779	0.00795	0.38392
5	0.01976	0.01701	0.02353	0.02100	0.02522	0.01776	0.08099	0.03337	0.21558	0.03656	0.12176	0.24681	0.05326	0.02125	0.01220	0.00379	0.00835	0.01940	0.00984	0.01256
6	0.02369	0.01264	0.01694	0.01529	0.01874	0.01195	0.01154	0.02732	0.02515	0.17850	0.21932	0.10332	0.05702	0.11074	0.11293	0.00658	0.01075	0.01590	0.01020	0.01148
7	0.02761	0.08015	0.11744	0.03488	0.14810	0.02318	0.12937	0.03442	0.02425	0.11126	0.02258	0.02589	0.01699	0.00958	0.01000	0.00288	0.01252	0.00905	0.00644	0.15339
8	0.01505	0.01250	0.01848	0.10159	0.02654	0.01235	0.04608	0.01874	0.02252	0.02927	0.09854	0.31002	0.16426	0.02577	0.01279	0.00395	0.00804	0.05492	0.00892	0.00967
9	0.70310	0.02045	0.01554	0.01390	0.02045	0.02372	0.01145	0.03108	0.01799	0.04744	0.01472	0.01718	0.01145	0.00981	0.00654	0.00327	0.00818	0.00573	0.00654	0.01145
10	0.03223	0.10604	0.10662	0.03302	0.17302	0.02453	0.02374	0.04219	0.11164	0.19650	0.02953	0.02963	0.02131	0.01138	0.01003	0.00317	0.01103	0.00950	0.00833	0.01656
11	0.18065	0.12088	0.03093	0.02231	0.02930	0.24057	0.01808	0.16794	0.03147	0.04126	0.01818	0.02005	0.01431	0.01088	0.00878	0.00290	0.01365	0.00714	0.00692	0.01380
12	0.02449	0.11035	0.09880	0.01811	0.02818	0.01947	0.01698	0.02995	0.02249	0.06997	0.01982	0.02225	0.01580	0.00865	0.00817	0.00201	0.00942	0.00668	0.00626	0.46215
13	0.02702	0.02257	0.03172	0.40124	0.05886	0.02673	0.02613	0.20142	0.03110	0.04083	0.02109	0.02721	0.01545	0.01131	0.01057	0.00340	0.01324	0.00944	0.00675	0.01392
14	0.02893	0.01973	0.02242	0.01957	0.02544	0.02129	0.01536	0.04917	0.34845	0.15620	0.12812	0.04528	0.04218	0.01528	0.01102	0.00348	0.00794	0.01286	0.01140	0.01588
15	0.02827	0.63478	0.05540	0.01809	0.02714	0.04184	0.01809	0.03166	0.02148	0.02488	0.01470	0.01696	0.01357	0.00905	0.00678	0.00226	0.01131	0.00565	0.00452	0.01357
16	0.02173	0.02060	0.03490	0.44973	0.21229	0.02396	0.03024	0.02856	0.02198	0.02916	0.01910	0.02761	0.01485	0.01024	0.01054	0.00341	0.01366	0.00940	0.00485	0.01317
17	0.01459	0.01193	0.01934	0.01893	0.02097	0.01115	0.08239	0.01742	0.02091	0.02796	0.05307	0.53784	0.06233	0.02971	0.01335	0.00419	0.00778	0.02758	0.00918	0.00939
18	0.01337	0.01015	0.01354	0.05914	0.01958	0.00978	0.01106	0.01573	0.02086	0.02721	0.06215	0.50280	0.13456	0.03050	0.01313	0.00413	0.00663	0.02739	0.00942	0.00888
19	0.12979	0.02307	0.02577	0.02912	0.14750	0.10314	0.01840	0.03530	0.02498	0.17893	0.03233	0.14738	0.02887	0.01551	0.01042	0.00337	0.01063	0.01301	0.00852	0.01398
20	0.04286	0.01698	0.02307	0.01803	0.02541	0.01475	0.01475	0.04707	0.03022	0.49536	0.11441	0.04205	0.03656	0.01429	0.01089	0.00328	0.00843	0.01183	0.01288	0.01686
21	0.02121	0.05469	0.57364	0.03014	0.04576	0.02455	0.03906	0.03348	0.02232	0.03348	0.01897	0.02232	0.01339	0.01005	0.01005	0.00335	0.01563	0.00781	0.00446	0.01563
22	0.02919	0.08251	0.22582	0.08064	0.08457	0.06938	0.09321	0.03703	0.02483	0.13805	0.02331	0.02598	0.01663	0.01049	0.01027	0.00323	0.01417	0.00900	0.00645	0.01525
23	0.03675	0.01567	0.02088	0.01681	0.02325	0.01365	0.01358	0.04093	0.02965	0.39838	0.16934	0.05182	0.08931	0.01628	0.01123	0.00331	0.00773	0.01365	0.01246	0.01532

[dist]
# distance from previous block
# <min> <max>
1	32

[block]
# block no. 4 follows, 13 sequences, length 50
# corresponding to MSA columns:
# 275-298,300-325
name=unknown_E
#
# <colnr> <probs for GDERKNQSTAVLIFYWHMCP>
#	G	D	E	R	K	N	Q	S	T	A	V	L	I	F	Y	W	H	M	C	P
0	0.62997	0.02027	0.01727	0.07697	0.02605	0.02369	0.01337	0.03064	0.01833	0.04525	0.01516	0.01835	0.01173	0.00990	0.00697	0.00330	0.00881	0.00612	0.00635	0.01148
1	0.63291	0.02018	0.01650	0.01443	0.02115	0.02284	0.01189	0.03327	0.01931	0.10336	0.01761	0.01919	0.01303	0.01016	0.00698	0.00327	0.00827	0.00625	0.00724	0.01215
2	0.02978	0.02505	0.02005	0.01788	0.02237	0.19152	0.01371	0.07248	0.02879	0.09459	0.10479	0.03735	0.03264	0.01334	0.00940	0.00281	0.01031	0.01031	0.25069	0.01214
3	0.01496	0.01081	0.01413	0.01330	0.01580	0.00998	0.00998	0.01995	0.02993	0.04240	0.55689	0.07898	0.09976	0.02162	0.01247	0.00333	0.00499	0.01912	0.01164	0.00998
4	0.01677	0.01035	0.01328	0.01387	0.01580	0.00964	0.00989	0.02013	0.02403	0.06915	0.20046	0.33865	0.06960	0.02539	0.01212	0.00368	0.00581	0.02262	0.10897	0.00980
5	0.01997	0.01879	0.03171	0.60301	0.07282	0.02349	0.02936	0.02701	0.02114	0.02701	0.01879	0.02819	0.01409	0.01057	0.01057	0.00352	0.01409	0.00940	0.00470	0.01175
6	0.01288	0.00920	0.01227	0.01472	0.01534	0.00859	0.00981	0.01472	0.02024	0.02699	0.05828	0.62152	0.06993	0.03312	0.01350	0.00429	0.00613	0.03006	0.00981	0.00859
7	0.03000	0.01521	0.01973	0.01640	0.02166	0.01406	0.01303	0.07398	0.03168	0.25512	0.30764	0.05742	0.06368	0.01748	0.01158	0.00329	0.00713	0.01495	0.01213	0.01383
8	0.70310	0.02045	0.01554	0.01390	0.02045	0.02372	0.01145	0.03108	0.01799	0.04744	0.01472	0.01718	0.01145	0.00981	0.00654	0.00327	0.00818	0.00573	0.00654	0.01145
9	0.01288	0.00920	0.01227	0.01472	0.01534	0.00859	0.00981	0.01472	0.02024	0.02699	0.05828	0.62152	0.06993	0.03312	0.01350	0.00429	0.00613	0.03006	0.00981	0.00859
10	0.01510	0.01133	0.01699	0.01699	0.01888	0.01322	0.01322	0.01888	0.01699	0.02454	0.02832	0.04154	0.02643	0.07930	0.58652	0.01699	0.02832	0.01133	0.00566	0.00944
11	0.02438	0.02521	0.03220	0.02772	0.02813	0.07463	0.02293	0.02673	0.01724	0.02548	0.01407	0.02282	0.01386	0.01792	0.03278	0.00448	0.56404	0.00907	0.00469	0.01162
12	0.14486	0.02365	0.02731	0.02333	0.06316	0.02457	0.01789	0.24401	0.03601	0.24565	0.02935	0.02804	0.01988	0.01218	0.00996	0.00322	0.01019	0.00933	0.01052	0.01689
13	0.02420	0.07127	0.08620	0.03331	0.04175	0.06728	0.28884	0.03266	0.06072	0.03173	0.02662	0.09342	0.02387	0.05238	0.01434	0.00391	0.01488	0.01325	0.00616	0.01322
14	0.01997	0.01879	0.03171	0.60301	0.07282	0.02349	0.02936	0.02701	0.02114	0.02701	0.01879	0.02819	0.01409	0.01057	0.01057	0.00352	0.01409	0.00940	0.00470	0.01175
15	0.70310	0.02045	0.01554	0.01390	0.02045	0.02372	0.01145	0.03108	0.01799	0.04744	0.01472	0.01718	0.01145	0.00981	0.00654	0.00327	0.00818	0.00573	0.00654	0.01145
16	0.04527	0.01806	0.02431	0.01854	0.02683	0.01542	0.01528	0.04941	0.02955	0.52431	0.03977	0.03479	0.02528	0.01264	0.01039	0.00313	0.00890	0.01026	0.01251	0.07534
17	0.02313	0.02313	0.03238	0.02776	0.02776	0.03238	0.02313	0.02545	0.01619	0.02545	0.01388	0.02313	0.01388	0.01851	0.03470	0.00463	0.60907	0.00925	0.00463	0.01157
18	0.02597	0.02385	0.02610	0.02800	0.10478	0.07414	0.01940	0.04594	0.33791	0.03914	0.03936	0.04858	0.03296	0.01572	0.01123	0.00365	0.01016	0.08857	0.00931	0.01520
19	0.01520	0.01095	0.01509	0.01509	0.01632	0.01218	0.01084	0.01766	0.01643	0.02313	0.03006	0.05118	0.03062	0.27073	0.40081	0.01464	0.02202	0.01274	0.00592	0.00838
20	0.01538	0.01025	0.01153	0.01153	0.01153	0.01025	0.00641	0.01538	0.01538	0.02050	0.03331	0.06919	0.03844	0.62842	0.05382	0.01025	0.01025	0.01538	0.00641	0.00641
21	0.01383	0.01040	0.01302	0.01475	0.01670	0.00960	0.01113	0.01668	0.02242	0.02864	0.07211	0.34018	0.21175	0.03025	0.01348	0.00423	0.00682	0.14523	0.00980	0.00898
22	0.02535	0.02429	0.04144	0.13560	0.49813	0.02491	0.03204	0.03173	0.02369	0.03355	0.01974	0.02643	0.01640	0.00957	0.01048	0.00319	0.01276	0.00942	0.00516	0.01609
23	0.02503	0.02041	0.03224	0.02609	0.03256	0.02061	0.15827	0.03865	0.18532	0.09547	0.12147	0.05384	0.04204	0.01599	0.01206	0.00369	0.01075	0.08196	0.00948	0.01408
24	0.34142	0.02032	0.02120	0.01996	0.07126	0.02076	0.01440	0.06781	0.02350	0.07950	0.05739	0.02537	0.02068	0.01059	0.00819	0.00286	0.00858	0.00775	0.00747	0.17099
25	0.02944	0.08833	0.14914	0.02703	0.06899	0.06859	0.02377	0.15257	0.20100	0.04325	0.02785	0.02821	0.02091	0.01199	0.01010	0.00323	0.01198	0.00941	0.00805	0.01617
26	0.01403	0.01041	0.01308	0.01318	0.01542	0.00946	0.00959	0.01787	0.02660	0.03630	0.35918	0.21121	0.17415	0.02525	0.01272	0.00360	0.00532	0.02227	0.01088	0.00946
27	0.08187	0.11183	0.08678	0.01908	0.02827	0.02064	0.01767	0.04132	0.02597	0.31177	0.02984	0.02823	0.02029	0.01111	0.00928	0.00286	0.00980	0.00857	0.00938	0.12544
28	0.02834	0.02327	0.03172	0.36348	0.05625	0.02734	0.02553	0.23405	0.03297	0.04341	0.02152	0.02703	0.01570	0.01145	0.01057	0.00338	0.01308	0.00945	0.00713	0.01433
29	0.02107	0.01791	0.02307	0.21231	0.03784	0.06146	0.01788	0.02363	0.01953	0.02580	0.01928	0.02840	0.01667	0.02340	0.06771	0.20297	0.01295	0.00863	0.00514	0.15434
30	0.33603	0.01924	0.02002	0.01602	0.02370	0.01893	0.01314	0.03768	0.02320	0.23503	0.02531	0.02492	0.01760	0.01063	0.00827	0.00295	0.00841	0.00761	0.00887	0.14244
31	0.42378	0.27473	0.03204	0.01564	0.02322	0.03122	0.01420	0.03132	0.01944	0.03810	0.01471	0.01709	0.01233	0.00950	0.00664	0.00285	0.00947	0.00570	0.00571	0.01233
32	0.08090	0.01428	0.01940	0.01735	0.02171	0.01483	0.01385	0.03076	0.02150	0.20847	0.03171	0.03774	0.02515	0.05163	0.34782	0.01131	0.02026	0.01065	0.00821	0.01246
33	0.01834	0.01459	0.01701	0.01696	0.01997	0.01550	0.01243	0.03132	0.21770	0.03670	0.15857	0.28878	0.06221	0.02366	0.01226	0.00382	0.00672	0.02097	0.01056	0.01193
34	0.01496	0.01081	0.01413	0.01330	0.01580	0.00998	0.00998	0.01995	0.02993	0.04240	0.55689	0.07898	0.09976	0.02162	0.01247	0.00333	0.00499	0.01912	0.01164	0.00998
35	0.03950	0.05039	0.02996	0.02724	0.03269	0.58597	0.02043	0.04222	0.02996	0.02588	0.01634	0.01907	0.01362	0.01090	0.00953	0.00272	0.01907	0.00681	0.00545	0.01226
36	0.01397	0.00952	0.01242	0.01460	0.01557	0.00903	0.01017	0.01639	0.02080	0.02872	0.05553	0.51653	0.06457	0.03056	0.01294	0.00415	0.00631	0.06708	0.08232	0.00882
37	0.01281	0.01027	0.01145	0.01212	0.01472	0.00891	0.00872	0.01543	0.02343	0.02922	0.12930	0.25453	0.37549	0.02824	0.01279	0.00377	0.00556	0.02436	0.00997	0.00891
38	0.02313	0.02313	0.03238	0.02776	0.02776	0.03238	0.02313	0.02545	0.01619	0.02545	0.01388	0.02313	0.01388	0.01851	0.03470	0.00463	0.60907	0.00925	0.00463	0.01157
39	0.01510	0.01133	0.01699	0.01699	0.01888	0.01322	0.01322	0.01888	0.01699	0.02454	0.02832	0.04154	0.02643	0.07930	0.58652	0.01699	0.02832	0.01133	0.00566	0.00944
40	0.02153	0.05247	0.53020	0.03136	0.04657	0.02474	0.08027	0.03352	0.02255	0.03352	0.01918	0.02285	0.01362	0.00995	0.01025	0.00337	0.01581	0.00821	0.00454	0.01551
41	0.02827	0.63478	0.05540	0.01809	0.02714	0.04184	0.01809	0.03166	0.02148	0.02488	0.01470	0.01696	0.01357	0.00905	0.00678	0.00226	0.01131	0.00565	0.00452	0.01357
42	0.04744	0.01799	0.02454	0.01881	0.02699	0.01554	0.01554	0.05153	0.03026	0.56979	0.04171	0.03599	0.02617	0.01309	0.01063	0.00327	0.00900	0.01063	0.01309	0.01799
43	0.04679	0.01904	0.02518	0.01931	0.02751	0.01709	0.01595	0.09428	0.03201	0.52457	0.04025	0.03503	0.02544	0.01305	0.01063	0.00326	0.00923	0.01053	0.01286	0.01799
44	0.18864	0.17993	0.10454	0.07186	0.03251	0.02712	0.01991	0.06826	0.02459	0.15763	0.02246	0.02360	0.01624	0.01065	0.00862	0.00304	0.01090	0.00768	0.00734	0.01448
45	0.01908	0.01106	0.01495	0.01608	0.01819	0.01024	0.01181	0.02173	0.02247	0.11538	0.05526	0.45278	0.06152	0.02931	0.01320	0.00421	0.00713	0.09500	0.01033	0.01028
46	0.08120	0.01489	0.01695	0.01442	0.01938	0.01463	0.01147	0.07755	0.02749	0.19581	0.09017	0.03970	0.03260	0.01338	0.00909	0.00291	0.00696	0.01073	0.30760	0.01307
47	0.02675	0.01330	0.01775	0.01592	0.02005	0.01204	0.01235	0.03062	0.02719	0.23017	0.21930	0.13747	0.06092	0.06603	0.01521	0.00409	0.00742	0.05962	0.01137	0.01243
48	0.04073	0.06917	0.03020	0.07187	0.08859	0.02087	0.01909	0.08865	0.02990	0.37940	0.03388	0.03183	0.02243	0.01213	0.01030	0.00319	0.01022	0.00990	0.01065	0.01700
49	0.02350	0.01287	0.01585	0.01391	0.01848	0.01120	0.01085	0.02733	0.02777	0.19121	0.23205	0.07523	0.25583	0.02112	0.01194	0.00340	0.00630	0.01788	0.01136	0.01191

[dist]
# distance from previous block
# <min> <max>
2	11

[block]
# block no. 5 follows, 13 sequences, length 17
# corresponding to MSA columns:
# 337-353
name=unknown_F
#
# <colnr> <probs for GDERKNQSTAVLIFYWHMCP>
#	G	D	E	R	K	N	Q	S	T	A	V	L	I	F	Y	W	H	M	C	P
0	0.08419	0.01825	0.06303	0.01733	0.02195	0.01655	0.01438	0.07486	0.02252	0.12432	0.02974	0.04277	0.02643	0.19749	0.19075	0.00917	0.01572	0.01135	0.00760	0.01160
1	0.13716	0.02150	0.03447	0.32080	0.18398	0.02422	0.07076	0.02965	0.02168	0.03293	0.01861	0.02586	0.01448	0.01001	0.01003	0.00339	0.01305	0.00906	0.00520	0.01316
2	0.47318	0.02177	0.02058	0.06814	0.02780	0.02472	0.01490	0.12195	0.02494	0.08880	0.01906	0.02106	0.01398	0.01065	0.00794	0.00328	0.00939	0.00711	0.00761	0.01315
3	0.02482	0.02792	0.12232	0.35075	0.05650	0.07329	0.02835	0.03168	0.02258	0.08023	0.02040	0.02672	0.01508	0.01142	0.01243	0.00349	0.06444	0.00901	0.00553	0.01303
4	0.01788	0.01286	0.01531	0.01416	0.01772	0.01232	0.01079	0.02572	0.09959	0.07068	0.35077	0.07626	0.19263	0.02130	0.01213	0.00342	0.00578	0.01837	0.01118	0.01114
5	0.01533	0.01045	0.01252	0.01252	0.01286	0.01079	0.00764	0.01601	0.01567	0.02123	0.03241	0.06419	0.03627	0.52917	0.15010	0.01147	0.01352	0.01464	0.00627	0.00695
6	0.01308	0.00936	0.01245	0.01458	0.01538	0.00872	0.00983	0.01523	0.02118	0.02849	0.10665	0.56888	0.07282	0.03201	0.01340	0.00420	0.00602	0.02900	0.00999	0.00872
7	0.59252	0.02003	0.01706	0.01473	0.02155	0.02234	0.01214	0.03453	0.02006	0.13553	0.01927	0.02035	0.01393	0.01037	0.00723	0.00327	0.00832	0.00655	0.00765	0.01255
8	0.02946	0.01779	0.01993	0.01744	0.02291	0.01887	0.01370	0.04578	0.26631	0.16964	0.04020	0.03860	0.02928	0.01345	0.00974	0.00318	0.00751	0.01102	0.21017	0.01502
9	0.02827	0.63478	0.05540	0.01809	0.02714	0.04184	0.01809	0.03166	0.02148	0.02488	0.01470	0.01696	0.01357	0.00905	0.00678	0.00226	0.01131	0.00565	0.00452	0.01357
10	0.59394	0.02537	0.01791	0.01610	0.02246	0.11621	0.01293	0.03291	0.01996	0.04389	0.01499	0.01749	0.01181	0.00999	0.00704	0.00318	0.00997	0.00590	0.00636	0.01158
11	0.02249	0.01917	0.02416	0.05339	0.02566	0.05595	0.01738	0.02632	0.02399	0.07384	0.23766	0.04689	0.04980	0.01844	0.02089	0.00381	0.24726	0.01323	0.00818	0.01146
12	0.02192	0.01879	0.02192	0.01566	0.02506	0.01409	0.01253	0.02662	0.02192	0.03445	0.01879	0.02192	0.01566	0.00783	0.00783	0.00157	0.00783	0.00626	0.00626	0.69305
13	0.01344	0.01051	0.01218	0.01227	0.01499	0.00925	0.00901	0.01682	0.02560	0.03330	0.26143	0.17414	0.31748	0.02590	0.01264	0.00359	0.00534	0.02237	0.01047	0.00925
14	0.02575	0.02237	0.02458	0.07169	0.03141	0.02606	0.01783	0.05367	0.49830	0.04274	0.04094	0.03848	0.03071	0.01402	0.01074	0.00358	0.00886	0.01173	0.01024	0.01630
15	0.01739	0.01399	0.02036	0.27038	0.03835	0.01604	0.01645	0.02047	0.01790	0.02335	0.02696	0.05125	0.02779	0.35802	0.03489	0.00731	0.01193	0.01276	0.00566	0.00874
16	0.08887	0.09302	0.31463	0.03380	0.08928	0.02650	0.14193	0.03309	0.02257	0.03427	0.01881	0.02308	0.01411	0.00963	0.01000	0.00328	0.01475	0.00860	0.00493	0.01484

[dist]
# distance from previous block
# <min> <max>
0	3

[block]
# block no. 6 follows, 13 sequences, length 13
# corresponding to MSA columns:
# 357-369
name=unknown_G
#
# <colnr> <probs for GDERKNQSTAVLIFYWHMCP>
#	G	D	E	R	K	N	Q	S	T	A	V	L	I	F	Y	W	H	M	C	P
0	0.02991	0.33830	0.14829	0.02663	0.10044	0.03184	0.02356	0.03551	0.02348	0.12088	0.02081	0.02244	0.01610	0.00998	0.00855	0.00276	0.01191	0.00741	0.00607	0.01513
1	0.01613	0.01181	0.01578	0.01750	0.02011	0.01145	0.01494	0.02068	0.02488	0.03229	0.11569	0.11243	0.14044	0.02805	0.01406	0.00451	0.00858	0.37109	0.00995	0.00964
2	0.02352	0.01295	0.01716	0.01590	0.01993	0.01181	0.01285	0.02805	0.02822	0.17352	0.27037	0.07926	0.11242	0.02164	0.01249	0.00369	0.00714	0.12580	0.01141	0.01188
3	0.02548	0.16262	0.27516	0.11271	0.04235	0.02730	0.02871	0.03618	0.07675	0.08241	0.02270	0.02517	0.01670	0.01065	0.00958	0.00317	0.01312	0.00830	0.00598	0.01495
4	0.03271	0.01441	0.01899	0.01582	0.02122	0.01309	0.01264	0.03713	0.02776	0.31473	0.15636	0.04677	0.04306	0.01978	0.05301	0.00415	0.00879	0.01247	0.13304	0.01408
5	0.02877	0.01635	0.01801	0.01548	0.02042	0.01697	0.01224	0.11249	0.10860	0.13719	0.03566	0.03664	0.02632	0.01282	0.00898	0.00289	0.00722	0.01026	0.35908	0.01361
6	0.01516	0.01107	0.01393	0.01438	0.01540	0.01142	0.01001	0.01740	0.02066	0.02880	0.12574	0.28932	0.08889	0.15816	0.02354	0.00530	0.06108	0.02133	0.05971	0.00871
7	0.03448	0.07793	0.21005	0.02380	0.03380	0.02354	0.02461	0.08365	0.02742	0.25785	0.02821	0.02794	0.01916	0.01223	0.01231	0.00333	0.06570	0.00910	0.00860	0.01630
8	0.08527	0.02576	0.02700	0.02142	0.02874	0.02856	0.01751	0.38356	0.08730	0.05970	0.02734	0.02785	0.01995	0.01258	0.00988	0.00312	0.01022	0.00950	0.09843	0.01633
9	0.56337	0.06665	0.01938	0.01445	0.02155	0.02383	0.01209	0.03054	0.01877	0.04404	0.01525	0.01778	0.01216	0.00950	0.00673	0.00297	0.00837	0.00579	0.00635	0.10041
10	0.02908	0.09446	0.02270	0.01585	0.02105	0.01600	0.01283	0.03306	0.02673	0.23562	0.16552	0.13017	0.04899	0.01750	0.01066	0.00322	0.00748	0.01482	0.08104	0.01324
11	0.02006	0.01234	0.01574	0.01443	0.01688	0.01214	0.01011	0.02211	0.01837	0.09448	0.03166	0.05264	0.03133	0.33414	0.19749	0.01050	0.01507	0.01277	0.00705	0.07069
12	0.18828	0.13500	0.10428	0.02101	0.02958	0.02494	0.06559	0.05745	0.02216	0.03622	0.01896	0.02331	0.01553	0.01851	0.08361	0.00463	0.01341	0.00766	0.00586	0.12401

[dist]
# distance from previous block
# <min> <max>
1	13

[block]
# block no. 7 follows, 13 sequences, length 9
# corresponding to MSA columns:
# 383-391
name=unknown_H
#
# <colnr> <probs for GDERKNQSTAVLIFYWHMCP>
#	G	D	E	R	K	N	Q	S	T	A	V	L	I	F	Y	W	H	M	C	P
0	0.03078	0.02177	0.03213	0.02681	0.06184	0.02082	0.10996	0.13598	0.03049	0.14937	0.03224	0.04497	0.02678	0.01415	0.01122	0.00331	0.01129	0.09899	0.00896	0.12816
1	0.14295	0.01542	0.01735	0.01451	0.02014	0.01417	0.01138	0.02426	0.02399	0.03922	0.22959	0.04484	0.04863	0.01878	0.05140	0.00369	0.00827	0.01157	0.00838	0.25147
2	0.02834	0.04362	0.30723	0.03212	0.10326	0.10553	0.03079	0.08714	0.05906	0.07065	0.02229	0.02456	0.01628	0.01082	0.01016	0.00323	0.01447	0.00847	0.00625	0.01574
3	0.01530	0.01035	0.01201	0.01185	0.01231	0.01020	0.00706	0.01621	0.01803	0.02450	0.12882	0.07098	0.04963	0.51773	0.04627	0.00899	0.00929	0.01606	0.00736	0.00706
4	0.03007	0.02844	0.02578	0.02284	0.02896	0.12902	0.01774	0.09974	0.40139	0.04307	0.03644	0.03435	0.02747	0.01355	0.01052	0.00339	0.01064	0.01078	0.00977	0.01604
5	0.27790	0.02100	0.06925	0.02425	0.11261	0.01929	0.01720	0.02914	0.02091	0.08580	0.07215	0.02963	0.02376	0.01613	0.01480	0.12896	0.00951	0.00892	0.00688	0.01191
6	0.03349	0.07945	0.02916	0.02159	0.02904	0.07446	0.01754	0.17564	0.21208	0.11018	0.03120	0.02997	0.02298	0.01240	0.00998	0.00306	0.01043	0.00964	0.00959	0.07812
7	0.02371	0.12889	0.19648	0.02116	0.02885	0.07019	0.02131	0.02912	0.02230	0.07724	0.03099	0.16849	0.03074	0.08624	0.01533	0.00412	0.01178	0.01372	0.00682	0.01251
8	0.34713	0.02050	0.01972	0.01556	0.02352	0.02025	0.01266	0.07121	0.02241	0.04335	0.01742	0.01996	0.01386	0.00919	0.00745	0.00251	0.00832	0.00628	0.00676	0.31192

[dist]
# distance from previous block
# <min> <max>
1	6

[block]
# block no. 8 follows, 13 sequences, length 14
# corresponding to MSA columns:
# 398-411
name=unknown_I
#
# <colnr> <probs for GDERKNQSTAVLIFYWHMCP>
#	G	D	E	R	K	N	Q	S	T	A	V	L	I	F	Y	W	H	M	C	P
0	0.01694	0.01430	0.02173	0.11279	0.13988	0.01449	0.01740	0.02089	0.02251	0.03031	0.09956	0.30738	0.09425	0.02301	0.01223	0.00377	0.00850	0.02082	0.00827	0.01096
1	0.70310	0.02045	0.01554	0.01390	0.02045	0.02372	0.01145	0.03108	0.01799	0.04744	0.01472	0.01718	0.01145	0.00981	0.00654	0.00327	0.00818	0.00573	0.00654	0.01145
2	0.02442	0.02333	0.03975	0.21701	0.42406	0.02466	0.03158	0.03091	0.02325	0.03241	0.01958	0.02674	0.01600	0.00975	0.01050	0.00325	0.01299	0.00941	0.00508	0.01533
3	0.02396	0.01811	0.02668	0.27097	0.08180	0.02007	0.02163	0.08992	0.02725	0.08743	0.12047	0.09984	0.03684	0.01531	0.01121	0.00347	0.01075	0.01341	0.00804	0.01284
4	0.01581	0.01134	0.01543	0.01663	0.01889	0.01096	0.01359	0.02041	0.02603	0.03524	0.24655	0.15685	0.07659	0.02674	0.01368	0.00422	0.00755	0.26332	0.01047	0.00971
5	0.03297	0.17191	0.03388	0.02208	0.02887	0.16210	0.01805	0.17896	0.11804	0.03995	0.02436	0.02780	0.01995	0.06098	0.01294	0.00349	0.01265	0.00886	0.00767	0.01448
6	0.03903	0.03984	0.02683	0.02379	0.02947	0.41437	0.01813	0.04225	0.02922	0.13445	0.02321	0.02449	0.01748	0.01147	0.00953	0.00281	0.01563	0.00788	0.07700	0.01314
7	0.03204	0.08333	0.11591	0.02345	0.03266	0.06689	0.02152	0.24990	0.10409	0.04815	0.02440	0.02521	0.01821	0.01146	0.00979	0.00295	0.01183	0.00866	0.00825	0.10131
8	0.19425	0.02006	0.02761	0.12586	0.03648	0.02111	0.08053	0.03827	0.07899	0.18684	0.06387	0.03239	0.02484	0.01203	0.01000	0.00339	0.01048	0.01017	0.00868	0.01413
9	0.02869	0.02390	0.02525	0.02200	0.02840	0.02741	0.01731	0.13710	0.45856	0.04808	0.04000	0.03703	0.02982	0.01406	0.01073	0.00352	0.00893	0.01154	0.01073	0.01695
10	0.02132	0.01927	0.03101	0.45711	0.11188	0.02293	0.02722	0.06112	0.02332	0.03049	0.02298	0.08223	0.01974	0.01268	0.01083	0.00353	0.01305	0.01130	0.00563	0.01237
11	0.10106	0.02903	0.14008	0.03066	0.09049	0.02323	0.11887	0.04134	0.11808	0.15781	0.02853	0.02952	0.02031	0.01120	0.01045	0.00339	0.01215	0.01003	0.00800	0.01577
12	0.03603	0.02376	0.08556	0.02980	0.10008	0.01918	0.10858	0.04209	0.02777	0.32013	0.06949	0.03516	0.02717	0.01220	0.01101	0.00332	0.01135	0.01113	0.00982	0.01639
13	0.01288	0.00920	0.01227	0.01472	0.01534	0.00859	0.00981	0.01472	0.02024	0.02699	0.05828	0.62152	0.06993	0.03312	0.01350	0.00429	0.00613	0.03006	0.00981	0.00859

[dist]
# distance from previous block
# <min> <max>
0	1

[block]
# block no. 9 follows, 13 sequences, length 13
# corresponding to MSA columns:
# 413-425
name=unknown_J
#
# <colnr> <probs for GDERKNQSTAVLIFYWHMCP>
#	G	D	E	R	K	N	Q	S	T	A	V	L	I	F	Y	W	H	M	C	P
0	0.43466	0.07647	0.03116	0.02221	0.03009	0.02671	0.13178	0.07087	0.02241	0.04384	0.01711	0.02044	0.01322	0.00977	0.00826	0.00324	0.01096	0.00759	0.00641	0.01280
1	0.01837	0.00918	0.01377	0.01377	0.01377	0.00918	0.00918	0.01377	0.01377	0.01837	0.01837	0.03214	0.01837	0.03673	0.04132	0.69238	0.00918	0.00918	0.00459	0.00459
2	0.03235	0.03021	0.16685	0.02722	0.06668	0.02254	0.06384	0.12113	0.07046	0.19371	0.07105	0.03326	0.02649	0.01247	0.01077	0.00332	0.01166	0.01059	0.00911	0.01629
3	0.02192	0.01879	0.02192	0.01566	0.02506	0.01409	0.01253	0.02662	0.02192	0.03445	0.01879	0.02192	0.01566	0.00783	0.00783	0.00157	0.00783	0.00626	0.00626	0.69305
4	0.02223	0.02346	0.07771	0.22571	0.28880	0.02243	0.02884	0.02905	0.02383	0.03317	0.09503	0.03393	0.02732	0.01155	0.01075	0.00330	0.01223	0.01065	0.00590	0.01412
5	0.01641	0.01284	0.01785	0.01714	0.01822	0.01534	0.01286	0.01892	0.01643	0.02357	0.02748	0.04631	0.02781	0.22070	0.35589	0.01325	0.11222	0.01212	0.00571	0.00893
6	0.03073	0.09621	0.10906	0.02042	0.02956	0.02278	0.01909	0.11423	0.07013	0.15325	0.06204	0.03014	0.02461	0.01162	0.00961	0.00280	0.01008	0.00917	0.00864	0.16583
7	0.11638	0.02856	0.02987	0.02313	0.03137	0.03175	0.01910	0.47019	0.04607	0.06443	0.02416	0.02444	0.01723	0.01236	0.01011	0.00318	0.01124	0.00908	0.01011	0.01723
8	0.01531	0.01050	0.01280	0.01280	0.01324	0.01094	0.00799	0.01619	0.01575	0.02144	0.03215	0.06277	0.03565	0.50087	0.17755	0.01182	0.01445	0.01444	0.00623	0.00711
9	0.02304	0.07819	0.18088	0.11889	0.04254	0.02237	0.12362	0.03089	0.02485	0.07600	0.13646	0.03730	0.03361	0.01255	0.01091	0.00332	0.01266	0.01147	0.00690	0.01354
