[name]
unknown

[dist]
# distance from previous block
# <min> <max>
8	202

[block]
# block no. 0 follows, 13 sequences, length 20
# corresponding to MSA columns:
# 250-269
name=unknown_A
#
# <colnr> <probs for GDERKNQSTAVLIFYWHMCP>
#	G	D	E	R	K	N	Q	S	T	A	V	L	I	F	Y	W	H	M	C	P
0	0.33065	0.07300	0.02550	0.15687	0.03510	0.02638	0.01809	0.03279	0.08543	0.03809	0.01919	0.02318	0.01514	0.01135	0.01081	0.00342	0.06860	0.00773	0.00628	0.01238
1	0.16755	0.01942	0.02078	0.01584	0.02399	0.01740	0.01274	0.06973	0.02410	0.04059	0.06179	0.02580	0.02173	0.00978	0.00816	0.00221	0.00800	0.00746	0.00712	0.43580
2	0.56080	0.02162	0.01810	0.01580	0.02248	0.02492	0.01291	0.08375	0.07993	0.04901	0.01896	0.02049	0.01444	0.01061	0.00742	0.00330	0.00855	0.00680	0.00742	0.01270
3	0.05681	0.08866	0.02967	0.06616	0.10445	0.02413	0.01910	0.06426	0.11175	0.09031	0.13574	0.03860	0.03641	0.01428	0.01281	0.00335	0.06962	0.01136	0.00845	0.01408
4	0.01481	0.01020	0.01151	0.01175	0.01221	0.00994	0.00692	0.01529	0.01683	0.02204	0.04402	0.12706	0.09965	0.50270	0.04524	0.00892	0.00930	0.01759	0.00712	0.00690
5	0.03751	0.10307	0.08776	0.02429	0.03287	0.14835	0.02140	0.27306	0.03772	0.09918	0.02323	0.02383	0.01690	0.01168	0.00988	0.00300	0.01331	0.00845	0.00845	0.01604
6	0.15178	0.03076	0.02518	0.02170	0.02734	0.22133	0.01714	0.07696	0.02750	0.13962	0.02923	0.03007	0.06253	0.01349	0.01238	0.00325	0.07942	0.00918	0.00783	0.01334
7	0.02650	0.15710	0.15808	0.17914	0.04402	0.02727	0.02541	0.07374	0.05993	0.07913	0.02210	0.02533	0.01649	0.01061	0.00951	0.00306	0.01246	0.00835	0.00630	0.05546
8	0.01402	0.01050	0.01339	0.01474	0.01664	0.00941	0.01040	0.01643	0.02108	0.02820	0.05917	0.47583	0.11307	0.02974	0.01292	0.00399	0.00647	0.05896	0.00946	0.07560
9	0.01547	0.01082	0.01516	0.01508	0.01641	0.01183	0.01096	0.01769	0.01758	0.02478	0.08037	0.05057	0.03557	0.19403	0.35605	0.08013	0.02006	0.01280	0.00631	0.00833
10	0.19977	0.02986	0.19967	0.02110	0.02923	0.02171	0.02190	0.03183	0.02205	0.09739	0.07360	0.02954	0.02393	0.01271	0.01234	0.00341	0.08603	0.00904	0.06161	0.01328
11	0.02457	0.05870	0.06784	0.35017	0.05353	0.07730	0.02499	0.03083	0.02398	0.08223	0.08075	0.03269	0.02473	0.01196	0.01043	0.00331	0.01301	0.01003	0.00634	0.01258
12	0.02485	0.01254	0.01670	0.01551	0.01903	0.01131	0.01152	0.02811	0.02567	0.20783	0.17743	0.25974	0.06128	0.05956	0.01473	0.00407	0.00703	0.02006	0.01114	0.01188
13	0.01373	0.00991	0.01273	0.01375	0.01515	0.00919	0.00951	0.01654	0.02339	0.03177	0.22600	0.36623	0.11066	0.07122	0.01595	0.00435	0.00599	0.02484	0.01018	0.00892
14	0.03000	0.03620	0.22998	0.15555	0.04541	0.07859	0.02831	0.09207	0.02745	0.14010	0.02385	0.02634	0.01659	0.01114	0.01029	0.00329	0.01387	0.00881	0.00699	0.01515
15	0.10139	0.02296	0.08086	0.20063	0.04220	0.02150	0.02185	0.07078	0.06793	0.18735	0.05691	0.03215	0.02359	0.01220	0.01023	0.00338	0.01106	0.00995	0.00850	0.01459
16	0.02196	0.01188	0.01526	0.01437	0.01771	0.01075	0.01076	0.02570	0.02612	0.15516	0.21699	0.21471	0.10472	0.02231	0.01183	0.00351	0.00622	0.01952	0.07921	0.01130
17	0.02072	0.01446	0.01734	0.01695	0.02027	0.01491	0.01251	0.03187	0.18239	0.08818	0.13759	0.29343	0.05927	0.02346	0.01220	0.00381	0.00690	0.02075	0.01074	0.01223
18	0.08283	0.02058	0.02442	0.16880	0.03728	0.02383	0.01882	0.10261	0.22838	0.04149	0.03255	0.07221	0.02617	0.01390	0.01027	0.00346	0.00985	0.01153	0.05688	0.01413
19	0.19468	0.02377	0.02772	0.08661	0.03398	0.02633	0.05366	0.22146	0.07658	0.08067	0.02474	0.02652	0.01803	0.01164	0.00958	0.00327	0.01072	0.00909	0.04606	0.01489

[dist]
# distance from previous block
# <min> <max>
0	1

[block]
# block no. 1 follows, 13 sequences, length 17
# corresponding to MSA columns:
# 271-287
name=unknown_B
#
# <colnr> <probs for GDERKNQSTAVLIFYWHMCP>
#	G	D	E	R	K	N	Q	S	T	A	V	L	I	F	Y	W	H	M	C	P
0	0.19754	0.07048	0.02549	0.01910	0.02602	0.08401	0.01557	0.12460	0.02914	0.20595	0.02906	0.07957	0.02286	0.01351	0.00949	0.00321	0.01028	0.01023	0.00930	0.01461
1	0.02798	0.01418	0.01850	0.01584	0.02011	0.01316	0.01196	0.03174	0.06204	0.21101	0.13201	0.04601	0.03937	0.08307	0.02238	0.16432	0.00828	0.01221	0.00953	0.05632
2	0.03373	0.09224	0.03351	0.12707	0.07906	0.02872	0.02153	0.23773	0.08776	0.11404	0.02650	0.02779	0.01922	0.01188	0.01017	0.00319	0.01143	0.00945	0.00880	0.01618
3	0.02720	0.08102	0.10460	0.01924	0.02925	0.02033	0.01796	0.08623	0.02593	0.09529	0.02167	0.02344	0.01655	0.00937	0.00866	0.00225	0.00980	0.00726	0.00707	0.38689
4	0.02898	0.10803	0.37051	0.02580	0.03872	0.02403	0.03050	0.03811	0.02435	0.17584	0.02458	0.02539	0.01683	0.01075	0.00985	0.00321	0.01338	0.00833	0.00677	0.01603
5	0.02115	0.01275	0.01638	0.01536	0.01870	0.01209	0.01152	0.02748	0.07431	0.13078	0.29844	0.20049	0.07350	0.02228	0.01224	0.00358	0.00627	0.01966	0.01137	0.01165
6	0.01351	0.00947	0.01208	0.01392	0.01437	0.00901	0.00895	0.01489	0.01901	0.02535	0.05197	0.48193	0.06197	0.18357	0.02369	0.00580	0.00717	0.02635	0.00895	0.00804
7	0.34455	0.02341	0.02623	0.02091	0.02851	0.02548	0.07117	0.15318	0.06849	0.10900	0.02322	0.02422	0.01678	0.01112	0.00894	0.00331	0.01017	0.00841	0.00843	0.01446
8	0.02165	0.01335	0.01732	0.01702	0.02010	0.01362	0.01267	0.02871	0.10313	0.12628	0.04635	0.29831	0.04666	0.03674	0.13842	0.00679	0.01187	0.01964	0.00964	0.01173
9	0.01363	0.00973	0.01312	0.01557	0.01651	0.00923	0.01111	0.01601	0.02098	0.02782	0.05786	0.53164	0.06831	0.03242	0.01369	0.00440	0.00678	0.11260	0.00980	0.00879
10	0.01948	0.01569	0.02080	0.02543	0.14303	0.01553	0.01463	0.07172	0.02352	0.03112	0.04953	0.12355	0.15722	0.21348	0.02509	0.00564	0.00932	0.01665	0.00774	0.01084
11	0.12047	0.02652	0.02717	0.02531	0.07697	0.08843	0.01847	0.15707	0.16753	0.13949	0.03004	0.02927	0.02175	0.01233	0.01000	0.00326	0.01079	0.00956	0.00949	0.01607
12	0.02553	0.02105	0.03345	0.31262	0.21055	0.02343	0.02739	0.03455	0.08088	0.09028	0.02430	0.02968	0.01822	0.01092	0.01057	0.00339	0.01244	0.00982	0.00644	0.01449
13	0.01501	0.01088	0.01516	0.01534	0.01661	0.01207	0.01111	0.01762	0.01679	0.02362	0.03189	0.09175	0.03291	0.22571	0.39903	0.01422	0.02176	0.01381	0.00617	0.00855
14	0.01333	0.00939	0.01214	0.01415	0.01465	0.00889	0.00920	0.01484	0.01937	0.02582	0.05378	0.52195	0.06425	0.14044	0.02076	0.00537	0.00688	0.02741	0.00920	0.00819
15	0.16246	0.02543	0.09398	0.08053	0.03295	0.02373	0.02005	0.06520	0.09653	0.06949	0.02253	0.02534	0.01724	0.01174	0.01243	0.00323	0.08936	0.00833	0.00702	0.13244
16	0.01792	0.01594	0.02165	0.21379	0.03722	0.05303	0.01853	0.02233	0.02047	0.02649	0.03324	0.17919	0.03401	0.03759	0.18273	0.00774	0.01647	0.04486	0.00657	0.01021

[dist]
# distance from previous block
# <min> <max>
0	14

[block]
# block no. 2 follows, 13 sequences, length 22
# corresponding to MSA columns:
# 302-323
name=unknown_C
#
# <colnr> <probs for GDERKNQSTAVLIFYWHMCP>
#	G	D	E	R	K	N	Q	S	T	A	V	L	I	F	Y	W	H	M	C	P
0	0.03121	0.01514	0.01995	0.01734	0.02248	0.01394	0.01380	0.06612	0.02916	0.28051	0.15541	0.15277	0.05222	0.01985	0.01189	0.00360	0.00788	0.06110	0.01174	0.01388
1	0.02827	0.63478	0.05540	0.01809	0.02714	0.04184	0.01809	0.03166	0.02148	0.02488	0.01470	0.01696	0.01357	0.00905	0.00678	0.00226	0.01131	0.00565	0.00452	0.01357
2	0.01859	0.01161	0.01529	0.01392	0.01704	0.01060	0.01060	0.02347	0.02997	0.10123	0.49942	0.07418	0.09155	0.02066	0.01227	0.00332	0.00544	0.01817	0.01180	0.01087
3	0.02231	0.02067	0.03440	0.49947	0.06750	0.02465	0.07180	0.07485	0.02417	0.03136	0.01964	0.02795	0.01463	0.01063	0.01074	0.00349	0.01419	0.00968	0.00531	0.01255
4	0.01519	0.01098	0.01522	0.01522	0.01649	0.01225	0.01100	0.01774	0.01647	0.02323	0.02994	0.05053	0.03034	0.25782	0.41334	0.01480	0.02245	0.01264	0.00591	0.00845
5	0.01726	0.01426	0.02016	0.01895	0.02004	0.01778	0.01473	0.02004	0.01652	0.02413	0.02532	0.04113	0.02506	0.15134	0.35606	0.01266	0.17809	0.01143	0.00551	0.00951
6	0.03238	0.02136	0.02409	0.02074	0.02735	0.02321	0.01639	0.05484	0.39586	0.19531	0.04265	0.03845	0.03052	0.01398	0.01072	0.00350	0.00855	0.01157	0.01143	0.01710
7	0.01361	0.00990	0.01381	0.01546	0.01649	0.01010	0.01092	0.01608	0.01918	0.02619	0.04851	0.43236	0.05574	0.04818	0.20038	0.00844	0.01337	0.02395	0.00846	0.00887
8	0.07205	0.02044	0.03080	0.16292	0.08624	0.02144	0.07642	0.10083	0.02731	0.14719	0.05900	0.03220	0.02330	0.01423	0.01356	0.06842	0.01157	0.01039	0.00791	0.01380
9	0.03757	0.02179	0.02506	0.02014	0.02731	0.02268	0.01634	0.20116	0.14393	0.23922	0.03598	0.03372	0.02495	0.01314	0.01028	0.00322	0.00925	0.01047	0.08698	0.01682
10	0.01758	0.01148	0.01479	0.01431	0.01731	0.01049	0.01107	0.02190	0.02766	0.08447	0.34463	0.12556	0.15173	0.02346	0.01266	0.00363	0.00609	0.07967	0.01112	0.01040
11	0.02885	0.01762	0.02637	0.13559	0.14927	0.01748	0.01990	0.03402	0.02599	0.20381	0.09496	0.04292	0.07425	0.01384	0.01068	0.00325	0.00964	0.01199	0.06535	0.01424
12	0.02790	0.02525	0.08838	0.19074	0.24650	0.02302	0.07000	0.03476	0.02436	0.13072	0.02365	0.02833	0.01742	0.01041	0.01065	0.00332	0.01303	0.00974	0.00647	0.01537
13	0.01348	0.00996	0.01157	0.01263	0.01469	0.00893	0.00892	0.01613	0.02257	0.02974	0.10893	0.33094	0.25831	0.02804	0.01250	0.00378	0.00565	0.02452	0.06980	0.00893
14	0.04204	0.01641	0.02168	0.01707	0.02414	0.01443	0.01395	0.04629	0.02869	0.46658	0.04031	0.03666	0.02635	0.01294	0.01000	0.00311	0.00820	0.01048	0.14425	0.01641
15	0.08362	0.03224	0.19943	0.08000	0.04266	0.02365	0.15285	0.03612	0.09568	0.06876	0.06031	0.03100	0.02319	0.01135	0.01070	0.00344	0.01327	0.01047	0.00677	0.01448
16	0.07092	0.06599	0.12679	0.13209	0.13614	0.02366	0.02542	0.03390	0.02301	0.12753	0.02219	0.02584	0.01651	0.01096	0.01161	0.00320	0.05815	0.00860	0.00648	0.07101
17	0.02215	0.01576	0.01990	0.07279	0.02611	0.01685	0.01483	0.09687	0.08343	0.07921	0.04564	0.21525	0.08464	0.03227	0.11739	0.00617	0.01216	0.01745	0.00905	0.01209
18	0.10808	0.02255	0.07263	0.17622	0.11381	0.02127	0.02251	0.06829	0.02551	0.16509	0.02592	0.02888	0.01849	0.01119	0.00976	0.00324	0.01106	0.00919	0.07182	0.01448
19	0.09165	0.05663	0.03180	0.16104	0.04100	0.02569	0.06192	0.14622	0.09553	0.14271	0.02728	0.02891	0.01944	0.01170	0.01020	0.00332	0.01150	0.00971	0.00855	0.01521
20	0.17612	0.07683	0.07651	0.07681	0.12420	0.02327	0.05994	0.03296	0.02222	0.11473	0.02259	0.02684	0.01739	0.01901	0.08262	0.00495	0.01374	0.00880	0.00659	0.01386
21	0.09886	0.02702	0.10817	0.06815	0.03520	0.06890	0.06236	0.04087	0.02638	0.27301	0.03105	0.03483	0.02225	0.01263	0.01047	0.00338	0.01195	0.04027	0.00903	0.01520

[dist]
# distance from previous block
# <min> <max>
0	60

[block]
# block no. 3 follows, 13 sequences, length 21
# corresponding to MSA columns:
# 386-406
name=unknown_D
#
# <colnr> <probs for GDERKNQSTAVLIFYWHMCP>
#	G	D	E	R	K	N	Q	S	T	A	V	L	I	F	Y	W	H	M	C	P
0	0.02381	0.06337	0.12004	0.15335	0.07670	0.02348	0.05443	0.12050	0.02838	0.03861	0.10488	0.08596	0.03286	0.01427	0.01091	0.00337	0.01176	0.01242	0.00733	0.01361
1	0.02830	0.01835	0.06079	0.01796	0.02356	0.01539	0.01512	0.09388	0.02994	0.20578	0.18463	0.16843	0.05382	0.01939	0.01169	0.00349	0.00811	0.01672	0.01104	0.01361
2	0.12150	0.02278	0.02602	0.06345	0.03137	0.02389	0.01742	0.20279	0.08822	0.19441	0.02933	0.02866	0.02043	0.01203	0.00986	0.00314	0.00998	0.00931	0.00996	0.07545
3	0.02701	0.01982	0.06257	0.05301	0.02793	0.01626	0.01617	0.08232	0.02579	0.14921	0.03277	0.15376	0.02959	0.01692	0.01228	0.04465	0.00916	0.01308	0.00861	0.19909
4	0.11294	0.06658	0.05843	0.01903	0.02562	0.02108	0.01648	0.03322	0.05362	0.13864	0.05670	0.06905	0.02613	0.01379	0.01302	0.00313	0.09630	0.01023	0.00797	0.15806
5	0.02662	0.49978	0.17601	0.02089	0.03147	0.03781	0.02297	0.03208	0.02168	0.02688	0.01569	0.01821	0.01353	0.00928	0.00754	0.00251	0.01231	0.00616	0.00451	0.01405
6	0.01700	0.01069	0.01393	0.01417	0.01605	0.00991	0.00995	0.01993	0.02399	0.07961	0.23247	0.30536	0.07278	0.10256	0.01798	0.00461	0.00650	0.02256	0.01033	0.00964
7	0.04373	0.01882	0.02443	0.01929	0.02708	0.01743	0.01575	0.05234	0.12032	0.47755	0.04194	0.03659	0.02724	0.01331	0.01065	0.00333	0.00889	0.01086	0.01268	0.01777
8	0.01935	0.01785	0.02985	0.52885	0.06600	0.02219	0.02732	0.02599	0.02062	0.02670	0.02000	0.02988	0.01566	0.01927	0.08346	0.00523	0.01589	0.00964	0.00482	0.01145
9	0.03698	0.03516	0.02756	0.02362	0.02994	0.26960	0.01840	0.16787	0.10936	0.08801	0.02614	0.02666	0.01957	0.01216	0.00992	0.00299	0.01366	0.00882	0.05887	0.01470
10	0.02446	0.01242	0.01666	0.01567	0.01918	0.01116	0.01169	0.02782	0.02589	0.20456	0.17844	0.29764	0.06343	0.02382	0.01232	0.00372	0.00676	0.02109	0.01132	0.01195
11	0.01539	0.01159	0.01582	0.01595	0.01689	0.01306	0.01149	0.01760	0.01718	0.02405	0.03484	0.17145	0.03792	0.21318	0.27235	0.01139	0.06832	0.01625	0.00666	0.00862
12	0.02827	0.63478	0.05540	0.01809	0.02714	0.04184	0.01809	0.03166	0.02148	0.02488	0.01470	0.01696	0.01357	0.00905	0.00678	0.00226	0.01131	0.00565	0.00452	0.01357
13	0.01479	0.01067	0.01397	0.01342	0.01576	0.00986	0.00996	0.01951	0.02910	0.04108	0.51426	0.12536	0.09721	0.02260	0.01256	0.00341	0.00509	0.02006	0.01148	0.00986
14	0.01284	0.00936	0.01210	0.01430	0.01522	0.00862	0.00963	0.01477	0.02065	0.02716	0.06346	0.56633	0.12177	0.03245	0.01339	0.00422	0.00605	0.02924	0.00982	0.00862
15	0.09590	0.02302	0.02354	0.01954	0.02600	0.08564	0.01555	0.15109	0.03182	0.24293	0.03429	0.10426	0.02714	0.01494	0.01029	0.00326	0.01008	0.01191	0.05375	0.01504
16	0.03408	0.04117	0.10911	0.06208	0.03565	0.31918	0.02353	0.03856	0.02626	0.09058	0.01947	0.02269	0.01512	0.01216	0.01360	0.00322	0.10629	0.00793	0.00603	0.01328
17	0.02066	0.01298	0.01622	0.01604	0.01935	0.01268	0.01254	0.02763	0.08583	0.10285	0.15213	0.18368	0.09343	0.02310	0.01224	0.00380	0.00712	0.11659	0.06976	0.01137
18	0.02637	0.02575	0.10601	0.02021	0.02946	0.01979	0.01853	0.08480	0.05863	0.08500	0.02276	0.02480	0.01744	0.01028	0.01072	0.00249	0.05049	0.00779	0.00723	0.37144
19	0.02504	0.02282	0.09267	0.13075	0.03639	0.01852	0.01978	0.03427	0.08989	0.11402	0.08240	0.03352	0.02766	0.01170	0.00991	0.00286	0.00994	0.00979	0.00789	0.22020
20	0.07305	0.09221	0.13649	0.02328	0.03172	0.02395	0.06463	0.06765	0.12489	0.10139	0.07675	0.04029	0.03057	0.01382	0.01051	0.00340	0.01100	0.05140	0.00836	0.01464

[dist]
# distance from previous block
# <min> <max>
10	106

[block]
# block no. 4 follows, 13 sequences, length 32
# corresponding to MSA columns:
# 515-546
name=unknown_E
#
# <colnr> <probs for GDERKNQSTAVLIFYWHMCP>
#	G	D	E	R	K	N	Q	S	T	A	V	L	I	F	Y	W	H	M	C	P
0	0.07129	0.02284	0.03237	0.11784	0.08044	0.06847	0.12302	0.03432	0.07372	0.10106	0.07245	0.04090	0.08809	0.01348	0.01099	0.00338	0.01192	0.01218	0.00777	0.01348
1	0.13572	0.01946	0.02686	0.02687	0.10975	0.01924	0.05633	0.03807	0.07385	0.20843	0.03960	0.04639	0.06873	0.01480	0.01074	0.00352	0.00984	0.06773	0.00938	0.01468
2	0.08820	0.02020	0.02672	0.02392	0.06333	0.02091	0.05540	0.08006	0.14602	0.18624	0.07014	0.03680	0.02948	0.02093	0.07868	0.00498	0.01191	0.01117	0.00970	0.01520
3	0.12219	0.02673	0.02807	0.02214	0.03001	0.12152	0.05534	0.11477	0.03021	0.22708	0.02708	0.02678	0.01884	0.01128	0.00973	0.00298	0.01163	0.00879	0.00913	0.09570
4	0.17868	0.02260	0.06042	0.02156	0.02984	0.02011	0.08741	0.07501	0.02673	0.18437	0.07536	0.03124	0.02555	0.01164	0.00975	0.00308	0.01014	0.00976	0.00877	0.10797
5	0.07428	0.02084	0.06800	0.02648	0.07464	0.01777	0.11906	0.03212	0.02651	0.15375	0.18353	0.08053	0.04559	0.01523	0.01137	0.00340	0.01014	0.01405	0.00916	0.01358
6	0.12812	0.02135	0.03027	0.14214	0.08346	0.02239	0.08245	0.07888	0.06865	0.07367	0.02581	0.07249	0.02134	0.01225	0.01011	0.00324	0.01114	0.01076	0.00730	0.09419
7	0.02917	0.02308	0.03287	0.22884	0.16570	0.02493	0.02505	0.16464	0.03028	0.08328	0.02264	0.02707	0.01684	0.01085	0.01032	0.00316	0.01215	0.00927	0.00720	0.07268
8	0.03000	0.01846	0.02189	0.01761	0.02418	0.01762	0.01411	0.13169	0.06834	0.18112	0.15656	0.04774	0.08966	0.01547	0.01078	0.00305	0.00805	0.01282	0.01074	0.12011
9	0.02736	0.02318	0.03550	0.08246	0.26999	0.02354	0.05810	0.08134	0.08835	0.07414	0.05813	0.03160	0.02420	0.01124	0.01059	0.00315	0.01136	0.01038	0.00736	0.06801
10	0.01837	0.00918	0.01377	0.01377	0.01377	0.00918	0.00918	0.01377	0.01377	0.01837	0.01837	0.03214	0.01837	0.03673	0.04132	0.69238	0.00918	0.00918	0.00459	0.00459
11	0.03711	0.01932	0.02521	0.02348	0.07172	0.01893	0.01743	0.04840	0.16728	0.33289	0.04157	0.04389	0.03027	0.01463	0.01102	0.00349	0.00920	0.05590	0.01149	0.01678
12	0.03594	0.09575	0.11451	0.02628	0.03421	0.33618	0.02297	0.14459	0.03235	0.03573	0.01855	0.02074	0.01452	0.01100	0.00960	0.00288	0.01629	0.00745	0.00633	0.01411
13	0.25250	0.06452	0.02468	0.01830	0.02504	0.02423	0.01514	0.12834	0.02646	0.10901	0.02341	0.06120	0.01923	0.01270	0.01085	0.00313	0.05981	0.00900	0.00801	0.10444
14	0.02377	0.01970	0.03183	0.04445	0.34128	0.01926	0.02371	0.02922	0.02573	0.07407	0.16291	0.08627	0.04292	0.01465	0.01123	0.00329	0.00986	0.01360	0.00780	0.01446
15	0.02771	0.02159	0.02609	0.16122	0.08651	0.08597	0.02033	0.03584	0.09712	0.13422	0.03499	0.12809	0.03093	0.01626	0.01120	0.00356	0.01124	0.04519	0.00842	0.01354
16	0.02263	0.02406	0.04654	0.08938	0.04572	0.02561	0.29918	0.02898	0.02198	0.03043	0.02374	0.09735	0.02172	0.01419	0.01764	0.00390	0.15506	0.01351	0.00565	0.01272
17	0.02269	0.02256	0.04059	0.32225	0.18781	0.02511	0.12741	0.02961	0.02230	0.03013	0.01926	0.02743	0.01512	0.01047	0.01248	0.00351	0.05283	0.01000	0.00495	0.01347
18	0.01997	0.01879	0.03171	0.60301	0.07282	0.02349	0.02936	0.02701	0.02114	0.02701	0.01879	0.02819	0.01409	0.01057	0.01057	0.00352	0.01409	0.00940	0.00470	0.01175
19	0.03125	0.01533	0.01991	0.01783	0.02279	0.01447	0.01399	0.03772	0.08699	0.28214	0.04691	0.18245	0.04198	0.05833	0.01450	0.00418	0.00844	0.07563	0.01123	0.01394
20	0.01552	0.01059	0.01391	0.01391	0.01467	0.01135	0.00938	0.01665	0.01589	0.02194	0.03005	0.05496	0.03192	0.35794	0.26661	0.07065	0.01741	0.01323	0.00595	0.00747
21	0.13520	0.02725	0.03083	0.02371	0.03202	0.02963	0.05193	0.38301	0.04187	0.10405	0.02496	0.02530	0.01760	0.01206	0.01013	0.00322	0.01133	0.00926	0.00986	0.01680
22	0.02613	0.42243	0.19799	0.02539	0.07757	0.03563	0.02512	0.03223	0.02194	0.02808	0.01632	0.01923	0.01379	0.00935	0.00800	0.00264	0.01261	0.00657	0.00457	0.01441
23	0.04744	0.01799	0.02454	0.01881	0.02699	0.01554	0.01554	0.05153	0.03026	0.56979	0.04171	0.03599	0.02617	0.01309	0.01063	0.00327	0.00900	0.01063	0.01309	0.01799
24	0.01837	0.00918	0.01377	0.01377	0.01377	0.00918	0.00918	0.01377	0.01377	0.01837	0.01837	0.03214	0.01837	0.03673	0.04132	0.69238	0.00918	0.00918	0.00459	0.00459
25	0.01309	0.00953	0.01234	0.01418	0.01529	0.00878	0.00967	0.01538	0.02175	0.02896	0.12182	0.50868	0.11918	0.03117	0.01328	0.00411	0.00593	0.02804	0.01003	0.00878
26	0.04658	0.01937	0.02539	0.01946	0.02768	0.01758	0.01608	0.10778	0.03256	0.51028	0.03978	0.03473	0.02520	0.01304	0.01063	0.00326	0.00931	0.01050	0.01279	0.01799
27	0.01396	0.00966	0.01195	0.01334	0.01369	0.00931	0.00834	0.01501	0.01814	0.02418	0.04747	0.38237	0.05630	0.29088	0.03095	0.00687	0.00792	0.02370	0.00834	0.00764
28	0.01288	0.00920	0.01227	0.01472	0.01534	0.00859	0.00981	0.01472	0.02024	0.02699	0.05828	0.62152	0.06993	0.03312	0.01350	0.00429	0.00613	0.03006	0.00981	0.00859
29	0.02574	0.02056	0.03434	0.41669	0.06167	0.02339	0.08532	0.06477	0.02478	0.10619	0.02274	0.02913	0.01627	0.01087	0.01081	0.00347	0.01366	0.00994	0.00634	0.01333
30	0.01998	0.01221	0.01597	0.01678	0.01932	0.01178	0.01258	0.02508	0.06654	0.11118	0.05407	0.39239	0.05850	0.02780	0.01304	0.00419	0.00741	0.10990	0.01037	0.01090
31	0.02311	0.14829	0.10609	0.01818	0.02838	0.02117	0.01738	0.02860	0.02189	0.03238	0.01799	0.02098	0.01492	0.00839	0.00793	0.00196	0.00963	0.00636	0.00566	0.46073

[dist]
# distance from previous block
# <min> <max>
0	1

[block]
# block no. 5 follows, 13 sequences, length 8
# corresponding to MSA columns:
# 548-555
name=unknown_F
#
# <colnr> <probs for GDERKNQSTAVLIFYWHMCP>
#	G	D	E	R	K	N	Q	S	T	A	V	L	I	F	Y	W	H	M	C	P
0	0.01371	0.00966	0.01258	0.01459	0.01526	0.00922	0.00987	0.01550	0.01975	0.02625	0.05358	0.47583	0.06343	0.13978	0.02085	0.00542	0.00721	0.07003	0.00919	0.00830
1	0.02192	0.01879	0.02192	0.01566	0.02506	0.01409	0.01253	0.02662	0.02192	0.03445	0.01879	0.02192	0.01566	0.00783	0.00783	0.00157	0.00783	0.00626	0.00626	0.69305
2	0.02953	0.07366	0.21917	0.02478	0.03605	0.02316	0.06367	0.09811	0.02739	0.13987	0.02401	0.02538	0.01708	0.01038	0.00977	0.00291	0.01223	0.00849	0.00731	0.14706
3	0.02827	0.63478	0.05540	0.01809	0.02714	0.04184	0.01809	0.03166	0.02148	0.02488	0.01470	0.01696	0.01357	0.00905	0.00678	0.00226	0.01131	0.00565	0.00452	0.01357
4	0.01348	0.01075	0.01207	0.01174	0.01488	0.00934	0.00881	0.01707	0.02642	0.03406	0.28576	0.09271	0.37609	0.02473	0.01249	0.00347	0.00521	0.02105	0.01054	0.00934
5	0.08879	0.01325	0.01748	0.01743	0.01917	0.01552	0.01333	0.01980	0.01799	0.02785	0.03408	0.21394	0.03644	0.04951	0.27443	0.00997	0.09827	0.01618	0.00689	0.00968
6	0.02260	0.10401	0.03766	0.39267	0.18571	0.02638	0.02858	0.02897	0.02190	0.02855	0.01850	0.02617	0.01467	0.01008	0.01003	0.00326	0.01334	0.00889	0.00480	0.01321
7	0.09296	0.02312	0.03744	0.19016	0.38912	0.02458	0.02958	0.03099	0.02275	0.03402	0.01910	0.02575	0.01557	0.00974	0.01010	0.00325	0.01249	0.00904	0.00524	0.01500

[dist]
# distance from previous block
# <min> <max>
0	15

[block]
# block no. 6 follows, 13 sequences, length 128
# corresponding to MSA columns:
# 571-698
name=unknown_G
#
# <colnr> <probs for GDERKNQSTAVLIFYWHMCP>
#	G	D	E	R	K	N	Q	S	T	A	V	L	I	F	Y	W	H	M	C	P
0	0.02186	0.01315	0.01616	0.01442	0.01860	0.01209	0.01115	0.02797	0.06715	0.14704	0.30362	0.07275	0.19104	0.02058	0.01197	0.00339	0.00615	0.01762	0.01143	0.01187
1	0.01288	0.00920	0.01227	0.01472	0.01534	0.00859	0.00981	0.01472	0.02024	0.02699	0.05828	0.62152	0.06993	0.03312	0.01350	0.00429	0.00613	0.03006	0.00981	0.00859
2	0.02430	0.01755	0.07133	0.01811	0.02311	0.01399	0.01564	0.03091	0.06487	0.16746	0.15495	0.18732	0.05585	0.02151	0.01219	0.00377	0.00820	0.08571	0.01056	0.01267
3	0.02510	0.02052	0.03277	0.41931	0.14180	0.02368	0.02782	0.06780	0.02462	0.08343	0.02167	0.02841	0.01596	0.01079	0.01056	0.00341	0.01318	0.00953	0.00603	0.01360
4	0.01370	0.00980	0.01317	0.01539	0.01643	0.00927	0.01100	0.01626	0.02160	0.02885	0.09353	0.50135	0.07059	0.03167	0.01360	0.00432	0.00664	0.10403	0.00993	0.00887
5	0.02290	0.02221	0.03138	0.02532	0.02891	0.02648	0.05574	0.02640	0.01854	0.02876	0.01589	0.02315	0.01457	0.01461	0.02503	0.00363	0.38595	0.00858	0.00517	0.21677
6	0.18192	0.21581	0.03071	0.01708	0.02363	0.02688	0.01473	0.10248	0.02648	0.07211	0.10018	0.08834	0.03249	0.01420	0.00901	0.00304	0.00908	0.01090	0.00795	0.01299
7	0.02853	0.31248	0.04006	0.07567	0.03137	0.03258	0.01851	0.16786	0.02919	0.03712	0.02457	0.11031	0.02324	0.01380	0.00921	0.00294	0.01090	0.01073	0.00703	0.01389
8	0.01439	0.01079	0.01333	0.01270	0.01544	0.00973	0.00952	0.01884	0.02857	0.03917	0.45185	0.08430	0.20682	0.02282	0.01248	0.00338	0.00507	0.01987	0.01121	0.00973
9	0.01397	0.01118	0.01277	0.01356	0.01676	0.00998	0.01096	0.01736	0.02418	0.02956	0.09050	0.10744	0.39662	0.02757	0.01318	0.00399	0.00678	0.17467	0.00979	0.00919
10	0.07043	0.01891	0.02147	0.01554	0.02473	0.01478	0.01245	0.02694	0.02164	0.03538	0.01850	0.02159	0.01536	0.00797	0.00774	0.00169	0.00786	0.00623	0.00628	0.64452
11	0.09549	0.02240	0.02979	0.02703	0.06808	0.02733	0.02082	0.07100	0.02264	0.15084	0.02141	0.02578	0.01688	0.01534	0.02300	0.00397	0.32791	0.00925	0.00717	0.01386
12	0.01564	0.01183	0.01626	0.01801	0.01932	0.01245	0.01416	0.01880	0.02156	0.02879	0.05291	0.35162	0.06056	0.03003	0.01606	0.00457	0.06750	0.22130	0.00927	0.00936
13	0.02264	0.01933	0.02021	0.01766	0.02263	0.06020	0.01359	0.07902	0.14136	0.04163	0.23792	0.08832	0.05591	0.01704	0.01106	0.00312	0.00794	0.01448	0.00994	0.11599
14	0.08318	0.08359	0.03106	0.02744	0.07161	0.38778	0.01992	0.04125	0.02814	0.10276	0.01988	0.02167	0.01544	0.01088	0.00936	0.00284	0.01590	0.00738	0.00649	0.01343
15	0.02192	0.01879	0.02192	0.01566	0.02506	0.01409	0.01253	0.02662	0.02192	0.03445	0.01879	0.02192	0.01566	0.00783	0.00783	0.00157	0.00783	0.00626	0.00626	0.69305
16	0.02093	0.01811	0.03270	0.02611	0.03118	0.01775	0.18968	0.02621	0.02470	0.07180	0.16679	0.18610	0.05093	0.01915	0.01448	0.00375	0.06125	0.01805	0.00852	0.01183
17	0.01343	0.00994	0.01376	0.05983	0.01974	0.00973	0.01131	0.01566	0.02031	0.02699	0.05525	0.57602	0.06565	0.03140	0.01327	0.00423	0.00674	0.02847	0.00942	0.00883
18	0.01288	0.00920	0.01227	0.01472	0.01534	0.00859	0.00981	0.01472	0.02024	0.02699	0.05828	0.62152	0.06993	0.03312	0.01350	0.00429	0.00613	0.03006	0.00981	0.00859
19	0.03864	0.01935	0.02319	0.01850	0.02543	0.01912	0.01504	0.15076	0.07646	0.31137	0.03684	0.03463	0.02508	0.01296	0.01000	0.00312	0.00872	0.01035	0.14416	0.01629
20	0.02827	0.63478	0.05540	0.01809	0.02714	0.04184	0.01809	0.03166	0.02148	0.02488	0.01470	0.01696	0.01357	0.00905	0.00678	0.00226	0.01131	0.00565	0.00452	0.01357
21	0.01538	0.01025	0.01153	0.01153	0.01153	0.01025	0.00641	0.01538	0.01538	0.02050	0.03331	0.06919	0.03844	0.62842	0.05382	0.01025	0.01025	0.01538	0.00641	0.00641
22	0.01505	0.00941	0.01150	0.01317	0.01438	0.00899	0.00904	0.01788	0.02086	0.03094	0.05071	0.43634	0.05631	0.02651	0.01155	0.00371	0.00575	0.02363	0.22528	0.00899
23	0.02676	0.01995	0.02226	0.01950	0.02505	0.02185	0.01526	0.08689	0.32731	0.09630	0.16628	0.04753	0.04687	0.01585	0.01115	0.00346	0.00788	0.01336	0.01118	0.01532
24	0.03068	0.15288	0.03420	0.07782	0.03161	0.02821	0.01982	0.08233	0.02448	0.15648	0.02327	0.02692	0.01807	0.01850	0.06047	0.00449	0.17953	0.00900	0.00725	0.01399
25	0.03401	0.02196	0.02419	0.01976	0.02636	0.02361	0.01593	0.23231	0.15600	0.14268	0.03419	0.03337	0.02460	0.01307	0.00998	0.00314	0.00904	0.01035	0.14942	0.01603
26	0.01300	0.00969	0.01211	0.01370	0.01515	0.00880	0.00944	0.01534	0.02205	0.02886	0.11846	0.45391	0.17974	0.03059	0.01317	0.00404	0.00585	0.02728	0.01000	0.00880
27	0.08342	0.41035	0.04463	0.02055	0.02831	0.20555	0.01829	0.03482	0.02379	0.02691	0.01520	0.01762	0.01342	0.00967	0.00760	0.00248	0.01342	0.00601	0.00496	0.01301
28	0.08476	0.01756	0.02731	0.26855	0.08544	0.01937	0.05911	0.02563	0.02374	0.03396	0.15693	0.04558	0.08116	0.01434	0.01095	0.00343	0.01074	0.01274	0.00709	0.01163
29	0.65227	0.02115	0.01678	0.01470	0.02139	0.02441	0.01211	0.06912	0.02043	0.04891	0.01554	0.01781	0.01195	0.01004	0.00685	0.00326	0.00844	0.00602	0.00685	0.01195
30	0.70310	0.02045	0.01554	0.01390	0.02045	0.02372	0.01145	0.03108	0.01799	0.04744	0.01472	0.01718	0.01145	0.00981	0.00654	0.00327	0.00818	0.00573	0.00654	0.01145
31	0.01344	0.00953	0.01256	0.01478	0.01547	0.00902	0.01004	0.01533	0.02009	0.02672	0.05570	0.53000	0.06620	0.09015	0.01746	0.00491	0.00681	0.06384	0.00948	0.00847
32	0.02562	0.06845	0.06415	0.02044	0.02654	0.02385	0.01748	0.04283	0.28220	0.08933	0.08217	0.04402	0.08473	0.01566	0.01273	0.00351	0.05956	0.01240	0.00952	0.01481
33	0.70310	0.02045	0.01554	0.01390	0.02045	0.02372	0.01145	0.03108	0.01799	0.04744	0.01472	0.01718	0.01145	0.00981	0.00654	0.00327	0.00818	0.00573	0.00654	0.01145
34	0.01625	0.01176	0.01604	0.01827	0.02063	0.01155	0.01558	0.02064	0.02392	0.03093	0.06054	0.16615	0.10391	0.02938	0.01432	0.00470	0.00902	0.40710	0.00975	0.00956
35	0.01288	0.00920	0.01227	0.01472	0.01534	0.00859	0.00981	0.01472	0.02024	0.02699	0.05828	0.62152	0.06993	0.03312	0.01350	0.00429	0.00613	0.03006	0.00981	0.00859
36	0.04744	0.01799	0.02454	0.01881	0.02699	0.01554	0.01554	0.05153	0.03026	0.56979	0.04171	0.03599	0.02617	0.01309	0.01063	0.00327	0.00900	0.01063	0.01309	0.01799
37	0.01288	0.00920	0.01227	0.01472	0.01534	0.00859	0.00981	0.01472	0.02024	0.02699	0.05828	0.62152	0.06993	0.03312	0.01350	0.00429	0.00613	0.03006	0.00981	0.00859
38	0.03443	0.08504	0.03241	0.02672	0.03100	0.40272	0.02097	0.03709	0.02577	0.02569	0.01558	0.01998	0.01368	0.01275	0.01590	0.00319	0.17237	0.00736	0.00517	0.01217
39	0.57418	0.02109	0.01799	0.01540	0.02229	0.02378	0.01269	0.08089	0.02227	0.10114	0.01843	0.01983	0.01354	0.01042	0.00734	0.00326	0.00859	0.00658	0.00758	0.01273
40	0.01264	0.01015	0.01129	0.01220	0.01467	0.00880	0.00869	0.01501	0.02267	0.02798	0.08900	0.29451	0.37711	0.02913	0.01287	0.00384	0.00564	0.02519	0.00982	0.00880
41	0.01538	0.01025	0.01153	0.01153	0.01153	0.01025	0.00641	0.01538	0.01538	0.02050	0.03331	0.06919	0.03844	0.62842	0.05382	0.01025	0.01025	0.01538	0.00641	0.00641
42	0.01719	0.01619	0.05823	0.01575	0.01986	0.01358	0.01302	0.05798	0.07092	0.03712	0.22396	0.18386	0.18547	0.02306	0.01222	0.00360	0.00689	0.01996	0.01012	0.01102
43	0.01288	0.00920	0.01227	0.01472	0.01534	0.00859	0.00981	0.01472	0.02024	0.02699	0.05828	0.62152	0.06993	0.03312	0.01350	0.00429	0.00613	0.03006	0.00981	0.00859
44	0.01542	0.01111	0.01477	0.01465	0.01713	0.01046	0.01152	0.02038	0.02871	0.04005	0.44727	0.08780	0.09125	0.02328	0.01294	0.00366	0.00603	0.12246	0.01122	0.00992
45	0.02630	0.02271	0.02391	0.02152	0.02749	0.02630	0.01674	0.05618	0.54336	0.04423	0.04303	0.03945	0.03228	0.01434	0.01076	0.00359	0.00837	0.01195	0.01076	0.01674
46	0.02254	0.02243	0.04112	0.35249	0.18509	0.02459	0.13895	0.02981	0.02268	0.03031	0.01962	0.02778	0.01515	0.00993	0.01097	0.00344	0.01455	0.01008	0.00497	0.01349
47	0.02313	0.02313	0.03238	0.02776	0.02776	0.03238	0.02313	0.02545	0.01619	0.02545	0.01388	0.02313	0.01388	0.01851	0.03470	0.00463	0.60907	0.00925	0.00463	0.01157
48	0.63723	0.02342	0.01697	0.01523	0.02166	0.07953	0.01234	0.03219	0.01918	0.04530	0.01488	0.01736	0.01167	0.00992	0.00684	0.00322	0.00926	0.00583	0.00643	0.01153
49	0.01288	0.00920	0.01227	0.01472	0.01534	0.00859	0.00981	0.01472	0.02024	0.02699	0.05828	0.62152	0.06993	0.03312	0.01350	0.00429	0.00613	0.03006	0.00981	0.00859
50	0.02121	0.05469	0.57364	0.03014	0.04576	0.02455	0.03906	0.03348	0.02232	0.03348	0.01897	0.02232	0.01339	0.01005	0.01005	0.00335	0.01563	0.00781	0.00446	0.01563
51	0.01510	0.01133	0.01699	0.01699	0.01888	0.01322	0.01322	0.01888	0.01699	0.02454	0.02832	0.04154	0.02643	0.07930	0.58652	0.01699	0.02832	0.01133	0.00566	0.00944
52	0.02192	0.01879	0.02192	0.01566	0.02506	0.01409	0.01253	0.02662	0.02192	0.03445	0.01879	0.02192	0.01566	0.00783	0.00783	0.00157	0.00783	0.00626	0.00626	0.69305
53	0.03154	0.02632	0.03381	0.13013	0.09271	0.11130	0.08614	0.04034	0.10001	0.15166	0.02706	0.02957	0.01982	0.01201	0.01255	0.00340	0.05920	0.01002	0.00768	0.01474
54	0.01538	0.01025	0.01153	0.01153	0.01153	0.01025	0.00641	0.01538	0.01538	0.02050	0.03331	0.06919	0.03844	0.62842	0.05382	0.01025	0.01025	0.01538	0.00641	0.00641
55	0.01512	0.01126	0.01663	0.01663	0.01839	0.01302	0.01276	0.01865	0.01688	0.02427	0.02865	0.04339	0.02724	0.11605	0.55086	0.01654	0.02711	0.01160	0.00571	0.00924
56	0.03139	0.09148	0.12543	0.15874	0.04215	0.10542	0.02416	0.06871	0.06619	0.14737	0.02521	0.02710	0.01806	0.01133	0.00998	0.00318	0.01312	0.00885	0.00736	0.01477
57	0.02091	0.01975	0.03341	0.52152	0.14697	0.02374	0.02983	0.02784	0.02159	0.02815	0.01896	0.02788	0.01450	0.01040	0.01056	0.00347	0.01386	0.00940	0.00478	0.01250
58	0.01288	0.00920	0.01227	0.01472	0.01534	0.00859	0.00981	0.01472	0.02024	0.02699	0.05828	0.62152	0.06993	0.03312	0.01350	0.00429	0.00613	0.03006	0.00981	0.00859
59	0.01510	0.01133	0.01699	0.01699	0.01888	0.01322	0.01322	0.01888	0.01699	0.02454	0.02832	0.04154	0.02643	0.07930	0.58652	0.01699	0.02832	0.01133	0.00566	0.00944
60	0.18156	0.03439	0.07705	0.03022	0.03876	0.17212	0.19512	0.08290	0.02690	0.03795	0.01880	0.02278	0.01438	0.01008	0.01003	0.00323	0.01524	0.00887	0.00608	0.01357
61	0.01288	0.00920	0.01227	0.01472	0.01534	0.00859	0.00981	0.01472	0.02024	0.02699	0.05828	0.62152	0.06993	0.03312	0.01350	0.00429	0.00613	0.03006	0.00981	0.00859
62	0.01278	0.00958	0.01187	0.01371	0.01507	0.00867	0.00936	0.01484	0.02122	0.02739	0.07062	0.49011	0.19337	0.03152	0.01324	0.00411	0.00594	0.02810	0.00982	0.00867
63	0.02557	0.11100	0.02704	0.01991	0.02557	0.08075	0.01591	0.04386	0.31237	0.03925	0.14141	0.04228	0.04154	0.01473	0.01042	0.00326	0.00916	0.01200	0.00952	0.01445
64	0.07399	0.02143	0.07569	0.01735	0.02613	0.01551	0.01527	0.03016	0.02275	0.11368	0.02571	0.08144	0.02191	0.01141	0.00892	0.00238	0.00864	0.00932	0.00746	0.41088
65	0.02864	0.20181	0.23253	0.02720	0.03865	0.03000	0.10049	0.10554	0.02709	0.08146	0.02102	0.02338	0.01558	0.01024	0.00965	0.00305	0.01364	0.00840	0.00622	0.01540
66	0.04022	0.01742	0.02234	0.01765	0.02459	0.01601	0.01439	0.09245	0.03100	0.40287	0.07885	0.03875	0.03118	0.01360	0.01030	0.00315	0.00836	0.01107	0.10960	0.01620
67	0.01489	0.01021	0.01152	0.01172	0.01212	0.00998	0.00685	0.01530	0.01663	0.02183	0.04254	0.11918	0.09116	0.51998	0.04642	0.00910	0.00943	0.01729	0.00702	0.00683
68	0.02624	0.01951	0.02941	0.02485	0.02799	0.02308	0.06737	0.02988	0.02097	0.13814	0.02846	0.07887	0.02582	0.02446	0.07920	0.00547	0.27797	0.05242	0.00733	0.01256
69	0.04574	0.02072	0.02622	0.02010	0.02835	0.01958	0.01661	0.16305	0.03482	0.45183	0.03788	0.03350	0.02425	0.01299	0.01062	0.00325	0.00962	0.01037	0.01250	0.01799
70	0.02708	0.02888	0.03556	0.25805	0.24965	0.16080	0.02837	0.03278	0.02440	0.02961	0.01861	0.02520	0.01499	0.01021	0.01028	0.00318	0.01472	0.00878	0.00508	0.01378
71	0.14446	0.02542	0.03126	0.02609	0.02952	0.06711	0.06278	0.06861	0.05285	0.03433	0.01749	0.02344	0.01506	0.01497	0.02291	0.00400	0.33223	0.00893	0.00591	0.01263
72	0.01997	0.01879	0.03171	0.60301	0.07282	0.02349	0.02936	0.02701	0.02114	0.02701	0.01879	0.02819	0.01409	0.01057	0.01057	0.00352	0.01409	0.00940	0.00470	0.01175
73	0.08126	0.01745	0.02353	0.15944	0.03526	0.01801	0.01754	0.07254	0.02853	0.22699	0.16286	0.04271	0.04007	0.01435	0.01077	0.00334	0.00936	0.01202	0.01000	0.01396
74	0.17185	0.02297	0.03820	0.21976	0.05068	0.02496	0.19835	0.03321	0.07364	0.03561	0.02122	0.02701	0.01601	0.01020	0.01038	0.00349	0.01354	0.00993	0.00593	0.01306
75	0.01538	0.01025	0.01153	0.01153	0.01153	0.01025	0.00641	0.01538	0.01538	0.02050	0.03331	0.06919	0.03844	0.62842	0.05382	0.01025	0.01025	0.01538	0.00641	0.00641
76	0.01561	0.01017	0.01171	0.01171	0.01171	0.01017	0.00662	0.01525	0.01525	0.02034	0.03216	0.06633	0.03689	0.58271	0.05285	0.06294	0.01017	0.01490	0.00627	0.00627
77	0.02795	0.02874	0.12861	0.15015	0.12156	0.02481	0.06876	0.15079	0.03029	0.07932	0.06399	0.03070	0.02294	0.01171	0.01078	0.00332	0.01279	0.01025	0.00734	0.01518
78	0.01288	0.00920	0.01227	0.01472	0.01534	0.00859	0.00981	0.01472	0.02024	0.02699	0.05828	0.62152	0.06993	0.03312	0.01350	0.00429	0.00613	0.03006	0.00981	0.00859
79	0.04047	0.01650	0.02254	0.01860	0.02538	0.01453	0.01533	0.04451	0.02866	0.45167	0.04501	0.09194	0.03444	0.01691	0.01142	0.00358	0.00889	0.08118	0.01236	0.01610
80	0.02827	0.63478	0.05540	0.01809	0.02714	0.04184	0.01809	0.03166	0.02148	0.02488	0.01470	0.01696	0.01357	0.00905	0.00678	0.00226	0.01131	0.00565	0.00452	0.01357
81	0.02084	0.01272	0.01597	0.01475	0.01837	0.01186	0.01118	0.02683	0.06720	0.13003	0.29723	0.14921	0.13811	0.02191	0.01217	0.00351	0.00616	0.01909	0.01132	0.01155
82	0.01538	0.01025	0.01153	0.01153	0.01153	0.01025	0.00641	0.01538	0.01538	0.02050	0.03331	0.06919	0.03844	0.62842	0.05382	0.01025	0.01025	0.01538	0.00641	0.00641
83	0.01288	0.00920	0.01227	0.01472	0.01534	0.00859	0.00981	0.01472	0.02024	0.02699	0.05828	0.62152	0.06993	0.03312	0.01350	0.00429	0.00613	0.03006	0.00981	0.00859
84	0.03802	0.02451	0.03301	0.03549	0.19945	0.02490	0.02259	0.21940	0.03541	0.21553	0.02880	0.02899	0.02018	0.01178	0.01056	0.00319	0.01110	0.00984	0.00967	0.01759
85	0.04019	0.02962	0.03173	0.02433	0.03279	0.03279	0.02010	0.52721	0.04971	0.06663	0.02538	0.02538	0.01798	0.01269	0.01058	0.00317	0.01163	0.00952	0.01058	0.01798
86	0.24061	0.02259	0.02302	0.01830	0.02613	0.02349	0.01490	0.17000	0.07917	0.08910	0.02342	0.02416	0.01739	0.01081	0.00868	0.00286	0.00912	0.00787	0.00849	0.17988
87	0.02485	0.01269	0.01729	0.01713	0.02058	0.01164	0.01332	0.02811	0.02439	0.20075	0.05247	0.31796	0.05389	0.02584	0.01284	0.00410	0.00789	0.13159	0.01084	0.01185
88	0.01413	0.01029	0.01330	0.01357	0.01554	0.00946	0.00979	0.01795	0.02643	0.03651	0.36624	0.25319	0.12292	0.02564	0.01280	0.00365	0.00538	0.02283	0.01093	0.00946
89	0.02192	0.01879	0.02192	0.01566	0.02506	0.01409	0.01253	0.02662	0.02192	0.03445	0.01879	0.02192	0.01566	0.00783	0.00783	0.00157	0.00783	0.00626	0.00626	0.69305
90	0.16178	0.01842	0.02297	0.01796	0.02585	0.01697	0.01483	0.04796	0.02812	0.47870	0.03701	0.03271	0.02361	0.01252	0.00992	0.00327	0.00885	0.00978	0.01195	0.01685
91	0.01510	0.01133	0.01699	0.01699	0.01888	0.01322	0.01322	0.01888	0.01699	0.02454	0.02832	0.04154	0.02643	0.07930	0.58652	0.01699	0.02832	0.01133	0.00566	0.00944
92	0.02271	0.01848	0.01997	0.01887	0.02333	0.02079	0.01429	0.04398	0.37714	0.03998	0.04552	0.16683	0.04000	0.01825	0.01102	0.00363	0.00754	0.01571	0.07770	0.01427
93	0.03069	0.01429	0.01917	0.01597	0.02122	0.01267	0.01267	0.03524	0.03009	0.29778	0.30742	0.05816	0.06413	0.01749	0.01158	0.00330	0.00693	0.01501	0.01234	0.01386
94	0.04744	0.01799	0.02454	0.01881	0.02699	0.01554	0.01554	0.05153	0.03026	0.56979	0.04171	0.03599	0.02617	0.01309	0.01063	0.00327	0.00900	0.01063	0.01309	0.01799
95	0.04640	0.01966	0.02557	0.01960	0.02782	0.01802	0.01619	0.11990	0.03306	0.49747	0.03937	0.03446	0.02500	0.01303	0.01062	0.00326	0.00938	0.01047	0.01273	0.01799
96	0.01538	0.01025	0.01153	0.01153	0.01153	0.01025	0.00641	0.01538	0.01538	0.02050	0.03331	0.06919	0.03844	0.62842	0.05382	0.01025	0.01025	0.01538	0.00641	0.00641
97	0.02487	0.01291	0.01609	0.01403	0.01854	0.01143	0.01097	0.02901	0.02785	0.20172	0.23658	0.06730	0.18114	0.01931	0.01140	0.00328	0.00631	0.01635	0.07870	0.01219
98	0.02617	0.02512	0.04292	0.06490	0.56246	0.02512	0.03245	0.03245	0.02407	0.03454	0.01989	0.02617	0.01675	0.00942	0.01047	0.00314	0.01256	0.00942	0.00523	0.01675
99	0.02058	0.01942	0.03282	0.54959	0.12143	0.02365	0.02967	0.02755	0.02143	0.02776	0.01890	0.02799	0.01436	0.01046	0.01056	0.00349	0.01394	0.00940	0.00475	0.01224
100	0.01494	0.01016	0.01212	0.01285	0.01317	0.01002	0.00798	0.01573	0.01715	0.02280	0.04063	0.19663	0.04720	0.44945	0.04180	0.00851	0.00929	0.05498	0.00742	0.00715
101	0.22252	0.01865	0.02213	0.01750	0.02524	0.01772	0.01445	0.04607	0.02699	0.43030	0.03451	0.03096	0.02224	0.01221	0.00954	0.00327	0.00878	0.00932	0.01134	0.01625
102	0.01997	0.01879	0.03171	0.60301	0.07282	0.02349	0.02936	0.02701	0.02114	0.02701	0.01879	0.02819	0.01409	0.01057	0.01057	0.00352	0.01409	0.00940	0.00470	0.01175
103	0.01288	0.00920	0.01227	0.01472	0.01534	0.00859	0.00981	0.01472	0.02024	0.02699	0.05828	0.62152	0.06993	0.03312	0.01350	0.00429	0.00613	0.03006	0.00981	0.00859
104	0.04619	0.01999	0.02577	0.01976	0.02799	0.01850	0.01632	0.13313	0.03360	0.48347	0.03891	0.03417	0.02477	0.01302	0.01062	0.00325	0.00945	0.01044	0.01266	0.01799
105	0.01304	0.00932	0.01241	0.01461	0.01537	0.00869	0.00983	0.01512	0.02098	0.02817	0.09632	0.58012	0.07221	0.03225	0.01342	0.00422	0.00605	0.02922	0.00995	0.00869
106	0.03382	0.02247	0.02833	0.16291	0.03992	0.02457	0.02085	0.22429	0.07429	0.16083	0.03126	0.03739	0.02354	0.01379	0.01094	0.00345	0.01125	0.05078	0.00963	0.01568
107	0.04415	0.01820	0.02373	0.01842	0.02607	0.01646	0.01514	0.08929	0.03113	0.47603	0.03963	0.03542	0.02557	0.01298	0.01032	0.00319	0.00883	0.01046	0.07778	0.01721
108	0.08907	0.01987	0.02214	0.01623	0.02527	0.01661	0.01307	0.06952	0.02390	0.03843	0.01896	0.02176	0.01545	0.00843	0.00794	0.00187	0.00819	0.00649	0.00666	0.57015
109	0.02192	0.01879	0.02192	0.01566	0.02506	0.01409	0.01253	0.02662	0.02192	0.03445	0.01879	0.02192	0.01566	0.00783	0.00783	0.00157	0.00783	0.00626	0.00626	0.69305
110	0.04132	0.01819	0.02391	0.01806	0.02653	0.01519	0.01482	0.04555	0.02826	0.44135	0.03621	0.03261	0.02365	0.01183	0.00996	0.00286	0.00872	0.00958	0.01145	0.17995
111	0.63996	0.02021	0.01641	0.01438	0.02108	0.02293	0.01184	0.03305	0.01918	0.09774	0.01732	0.01899	0.01287	0.01013	0.00694	0.00327	0.00826	0.00620	0.00717	0.01208
112	0.04744	0.01799	0.02454	0.01881	0.02699	0.01554	0.01554	0.05153	0.03026	0.56979	0.04171	0.03599	0.02617	0.01309	0.01063	0.00327	0.00900	0.01063	0.01309	0.01799
113	0.01622	0.01127	0.01532	0.01757	0.01956	0.01111	0.01453	0.02036	0.02317	0.03110	0.05490	0.23620	0.06049	0.02887	0.01378	0.00454	0.00848	0.34137	0.06170	0.00946
