[name]
unknown

[dist]
# distance from previous block
# <min> <max>
0	105

[block]
# block no. 0 follows, 14 sequences, length 50
# corresponding to MSA columns:
# 125-174
name=unknown_A
#
# <colnr> <probs for GDERKNQSTAVLIFYWHMCP>
#	G	D	E	R	K	N	Q	S	T	A	V	L	I	F	Y	W	H	M	C	P
0	0.06122	0.00969	0.01213	0.01423	0.01523	0.00936	0.00964	0.01540	0.01950	0.02758	0.05362	0.58974	0.06392	0.03057	0.01263	0.00410	0.00609	0.02753	0.00930	0.00853
1	0.02483	0.02060	0.02387	0.05921	0.02919	0.01909	0.01514	0.12026	0.09781	0.03970	0.02252	0.02458	0.01765	0.00946	0.00863	0.00219	0.00874	0.00759	0.00729	0.44165
2	0.02228	0.09731	0.06836	0.02011	0.06747	0.01850	0.01617	0.02735	0.02141	0.03225	0.01785	0.02103	0.01487	0.00802	0.00783	0.00184	0.00891	0.00635	0.00567	0.51642
3	0.03037	0.13495	0.03701	0.10277	0.15267	0.08900	0.04873	0.10199	0.02715	0.09961	0.02115	0.02416	0.01621	0.01008	0.00939	0.00283	0.01225	0.00830	0.00660	0.06476
4	0.01248	0.00904	0.01180	0.01400	0.01481	0.00836	0.00940	0.01432	0.01992	0.02631	0.06005	0.59333	0.10494	0.03170	0.01303	0.00412	0.00590	0.02862	0.00953	0.00836
5	0.01250	0.00893	0.01191	0.01429	0.01488	0.00834	0.00953	0.01429	0.01965	0.02620	0.05656	0.63265	0.06787	0.03215	0.01310	0.00417	0.00595	0.02917	0.00953	0.00834
6	0.02402	0.02391	0.10535	0.22438	0.04333	0.02146	0.02270	0.08553	0.10026	0.07608	0.08419	0.03320	0.02653	0.01203	0.01018	0.00316	0.01100	0.01011	0.00741	0.07519
7	0.01365	0.00975	0.01323	0.01560	0.01670	0.00933	0.01152	0.01628	0.02078	0.02748	0.05593	0.48528	0.06536	0.03107	0.01341	0.00433	0.00695	0.16520	0.00950	0.00865
8	0.01492	0.00995	0.01119	0.01119	0.01119	0.00995	0.00622	0.01492	0.01492	0.01990	0.03233	0.06716	0.03731	0.63935	0.05223	0.00995	0.00995	0.01492	0.00622	0.00622
9	0.03108	0.02491	0.07192	0.02745	0.09004	0.07890	0.08834	0.07282	0.02872	0.19934	0.14018	0.03813	0.03515	0.01302	0.01076	0.00315	0.01114	0.01147	0.00899	0.01448
10	0.03367	0.01785	0.02255	0.01673	0.02526	0.01438	0.01362	0.03793	0.02533	0.30808	0.02937	0.02811	0.02030	0.01015	0.00896	0.00235	0.00817	0.00820	0.00939	0.35960
11	0.02026	0.01980	0.02924	0.52622	0.06362	0.06409	0.02643	0.02641	0.02108	0.02614	0.02095	0.07221	0.01772	0.01193	0.01040	0.00342	0.01345	0.01044	0.00499	0.01121
12	0.02786	0.01873	0.02479	0.01803	0.02694	0.01493	0.05120	0.03256	0.02357	0.17450	0.02414	0.02525	0.01785	0.00899	0.00863	0.00209	0.00860	0.00761	0.00772	0.47601
13	0.02318	0.02124	0.03149	0.02260	0.03197	0.01788	0.14091	0.06197	0.02380	0.03539	0.01928	0.02307	0.01544	0.00817	0.00888	0.00210	0.01021	0.00776	0.00614	0.48850
14	0.01386	0.01016	0.01329	0.01426	0.01603	0.00925	0.01013	0.01676	0.02227	0.03062	0.17859	0.42440	0.07051	0.02739	0.01250	0.00377	0.00599	0.04966	0.00969	0.06087
15	0.07078	0.02535	0.10527	0.03270	0.18592	0.01965	0.05641	0.03092	0.02248	0.07542	0.02014	0.02365	0.01572	0.00891	0.00904	0.00255	0.01068	0.00784	0.00602	0.27056
16	0.01840	0.01217	0.01669	0.05961	0.02120	0.01166	0.01176	0.01954	0.01796	0.05332	0.02891	0.14851	0.02950	0.07661	0.10085	0.20444	0.01102	0.01308	0.00644	0.13833
17	0.06555	0.01391	0.01746	0.01612	0.01906	0.01471	0.01246	0.02293	0.01987	0.06981	0.06009	0.13201	0.03555	0.09457	0.10078	0.00596	0.09072	0.04907	0.06697	0.09237
18	0.02564	0.06664	0.06709	0.06167	0.05757	0.01903	0.01739	0.03392	0.09115	0.11803	0.06146	0.02956	0.02393	0.01059	0.00908	0.00253	0.00912	0.00871	0.00759	0.27931
19	0.11180	0.14431	0.09429	0.01755	0.02681	0.02148	0.01655	0.03156	0.02192	0.11117	0.02016	0.02176	0.01549	0.00905	0.00789	0.00230	0.00936	0.00668	0.00652	0.30335
20	0.01996	0.01435	0.01694	0.01400	0.01994	0.01154	0.01081	0.02356	0.02290	0.09135	0.07762	0.13195	0.17672	0.01721	0.01011	0.00268	0.00671	0.01459	0.00848	0.30857
21	0.02847	0.02065	0.03040	0.03595	0.25620	0.01849	0.02093	0.03355	0.02394	0.15456	0.02359	0.02602	0.01789	0.00937	0.00928	0.00253	0.00978	0.00830	0.00712	0.26299
22	0.02766	0.02363	0.03970	0.05810	0.51526	0.02337	0.02970	0.03352	0.02402	0.09357	0.02162	0.02644	0.01726	0.00953	0.01018	0.00306	0.01181	0.00927	0.00591	0.01639
23	0.02334	0.01928	0.02732	0.20804	0.11417	0.01886	0.02035	0.03042	0.05787	0.07183	0.02158	0.02586	0.01670	0.00943	0.00916	0.00257	0.01023	0.00812	0.00625	0.29863
24	0.02429	0.02257	0.03491	0.04726	0.38969	0.02157	0.02525	0.03151	0.05862	0.03413	0.02052	0.02515	0.01698	0.00905	0.00949	0.00266	0.01068	0.00848	0.00571	0.20147
25	0.02079	0.01865	0.02515	0.02946	0.19277	0.01707	0.01753	0.02802	0.08102	0.03311	0.04205	0.04331	0.15288	0.01325	0.00981	0.00268	0.00849	0.01143	0.00709	0.24543
26	0.02656	0.02547	0.03067	0.03898	0.26761	0.10342	0.02248	0.03913	0.18926	0.03578	0.02733	0.02983	0.02160	0.01113	0.00979	0.00305	0.01100	0.00960	0.08239	0.01491
27	0.02005	0.02044	0.04063	0.03478	0.09648	0.01931	0.28861	0.02590	0.02245	0.03049	0.03374	0.24953	0.03485	0.01733	0.01226	0.00367	0.01258	0.01805	0.00677	0.01208
28	0.02104	0.01869	0.02547	0.18960	0.07766	0.01706	0.01823	0.02636	0.02122	0.03139	0.01832	0.02331	0.01484	0.00847	0.00854	0.00217	0.00967	0.00717	0.00557	0.45522
29	0.01453	0.01071	0.01559	0.01644	0.01811	0.01177	0.01276	0.01799	0.01825	0.02539	0.03753	0.17001	0.03935	0.06033	0.38940	0.01217	0.02034	0.09334	0.00693	0.00904
30	0.08673	0.02184	0.02542	0.02186	0.02789	0.02451	0.06061	0.08330	0.38477	0.04268	0.03735	0.07912	0.02989	0.01433	0.01041	0.00347	0.00897	0.01225	0.00954	0.01507
31	0.71184	0.01985	0.01508	0.01350	0.01985	0.02302	0.01111	0.03017	0.01746	0.04604	0.01429	0.01667	0.01111	0.00953	0.00635	0.00318	0.00794	0.00556	0.00635	0.01111
32	0.01319	0.01028	0.01205	0.01240	0.01499	0.00913	0.00927	0.01645	0.02438	0.03150	0.22465	0.18505	0.31299	0.02579	0.01244	0.00361	0.00554	0.05735	0.01003	0.00895
33	0.16744	0.01866	0.02269	0.01775	0.02541	0.01766	0.01465	0.07935	0.02846	0.44949	0.03463	0.03090	0.02225	0.01209	0.00959	0.00317	0.00876	0.00938	0.01138	0.01630
34	0.03436	0.10345	0.04067	0.03068	0.09461	0.02503	0.15915	0.12051	0.02929	0.21835	0.02691	0.02789	0.01889	0.01065	0.01030	0.00310	0.01213	0.00988	0.00838	0.01580
35	0.01829	0.01217	0.01736	0.01669	0.01890	0.01385	0.01304	0.02185	0.01823	0.07519	0.03005	0.07788	0.02759	0.05818	0.41343	0.01236	0.06700	0.01187	0.06602	0.01004
36	0.01387	0.00998	0.01313	0.01336	0.01519	0.00925	0.00963	0.01772	0.02600	0.03631	0.40363	0.25676	0.08745	0.02460	0.01243	0.00353	0.00520	0.02200	0.01072	0.00925
37	0.08801	0.11482	0.06554	0.03768	0.24314	0.02526	0.05769	0.06686	0.02387	0.07555	0.02103	0.02557	0.01693	0.01703	0.07381	0.00446	0.01348	0.00870	0.00604	0.01453
38	0.01877	0.03361	0.30000	0.02688	0.07181	0.02024	0.02691	0.02605	0.02023	0.02950	0.02788	0.17368	0.02765	0.02071	0.05284	0.00450	0.08690	0.01341	0.00576	0.01269
39	0.01492	0.00995	0.01119	0.01119	0.01119	0.00995	0.00622	0.01492	0.01492	0.01990	0.03233	0.06716	0.03731	0.63935	0.05223	0.00995	0.00995	0.01492	0.00622	0.00622
40	0.10945	0.02411	0.12089	0.01965	0.02801	0.01851	0.01844	0.04323	0.09745	0.31704	0.07080	0.03396	0.02743	0.01258	0.00993	0.00323	0.00942	0.01006	0.01014	0.01566
41	0.14674	0.11524	0.19939	0.02181	0.03166	0.02616	0.02254	0.11869	0.07247	0.11705	0.02328	0.02389	0.01675	0.01077	0.00897	0.00308	0.01123	0.00796	0.00735	0.01499
42	0.08525	0.02749	0.16160	0.06573	0.09249	0.01892	0.02185	0.03058	0.02191	0.08128	0.01997	0.02302	0.01519	0.00909	0.00871	0.00253	0.01050	0.00731	0.00603	0.29055
43	0.42589	0.02653	0.11710	0.02183	0.07516	0.02347	0.01853	0.07627	0.02223	0.08314	0.01824	0.02032	0.01348	0.01000	0.00790	0.00317	0.00990	0.00689	0.00669	0.01327
44	0.02785	0.43462	0.08174	0.02723	0.12451	0.09771	0.02151	0.03209	0.02224	0.02641	0.01558	0.01858	0.01371	0.00910	0.00770	0.00246	0.01227	0.00638	0.00461	0.01370
45	0.02383	0.10910	0.13109	0.07235	0.03277	0.02110	0.01965	0.03185	0.06803	0.06887	0.02126	0.02363	0.01646	0.00928	0.00853	0.00238	0.01011	0.00731	0.00621	0.31620
46	0.02403	0.10413	0.35619	0.02445	0.03668	0.02361	0.02844	0.03490	0.06999	0.08020	0.02195	0.02370	0.01602	0.00999	0.00924	0.00292	0.01253	0.00776	0.00584	0.10741
47	0.15503	0.01468	0.01743	0.01610	0.02015	0.01606	0.01269	0.02481	0.06401	0.03118	0.02486	0.03289	0.02185	0.04881	0.35086	0.01071	0.01926	0.00931	0.00617	0.10312
48	0.02177	0.03691	0.28718	0.08428	0.04711	0.02308	0.19881	0.03117	0.02236	0.03219	0.01915	0.02411	0.01420	0.00914	0.01029	0.00310	0.01472	0.00901	0.00487	0.10654
49	0.08504	0.02267	0.08447	0.02094	0.07386	0.01665	0.01677	0.02920	0.02175	0.07431	0.01961	0.02226	0.01543	0.00851	0.00814	0.00211	0.00894	0.00677	0.00631	0.45629

[dist]
# distance from previous block
# <min> <max>
0	28

[block]
# block no. 1 follows, 14 sequences, length 11
# corresponding to MSA columns:
# 203-213
name=unknown_B
#
# <colnr> <probs for GDERKNQSTAVLIFYWHMCP>
#	G	D	E	R	K	N	Q	S	T	A	V	L	I	F	Y	W	H	M	C	P
0	0.20154	0.01713	0.01874	0.01524	0.02182	0.01633	0.01231	0.05943	0.02523	0.20013	0.09269	0.04042	0.10015	0.01369	0.00930	0.00295	0.00761	0.01074	0.00932	0.12525
1	0.02098	0.02139	0.10113	0.29138	0.09065	0.01914	0.02417	0.02770	0.02377	0.07665	0.15911	0.03947	0.03569	0.01300	0.01065	0.00330	0.01113	0.01139	0.00693	0.01236
2	0.01494	0.01731	0.10683	0.01633	0.02056	0.01245	0.01479	0.01990	0.02259	0.03146	0.20836	0.14043	0.12464	0.03551	0.15961	0.00674	0.01243	0.01679	0.00822	0.01012
3	0.02244	0.29109	0.12358	0.02173	0.07089	0.02668	0.01946	0.02781	0.02328	0.03126	0.15561	0.03356	0.03463	0.01194	0.00884	0.00264	0.00991	0.00945	0.00631	0.06889
4	0.02119	0.02167	0.09781	0.02633	0.11442	0.01831	0.01985	0.03252	0.15070	0.05966	0.09366	0.08134	0.08084	0.01997	0.03689	0.00413	0.01015	0.08889	0.00846	0.01320
5	0.01906	0.04235	0.44199	0.02513	0.03709	0.02027	0.03080	0.02919	0.02353	0.03468	0.15733	0.03552	0.03411	0.01258	0.01034	0.00324	0.01257	0.01035	0.00609	0.01379
6	0.02564	0.02199	0.02497	0.11238	0.03385	0.02560	0.01838	0.08856	0.43425	0.04208	0.03680	0.03553	0.02752	0.01323	0.01040	0.00344	0.00923	0.01103	0.00952	0.01559
7	0.02540	0.02438	0.04165	0.06299	0.57533	0.02438	0.03149	0.03149	0.02337	0.03353	0.01930	0.02540	0.01626	0.00914	0.01016	0.00305	0.01219	0.00914	0.00508	0.01626
8	0.02329	0.02797	0.20922	0.10093	0.03559	0.01861	0.02344	0.03271	0.07810	0.12236	0.07699	0.09459	0.05512	0.01536	0.01082	0.00346	0.01080	0.03929	0.00788	0.01350
9	0.02030	0.04269	0.42530	0.03125	0.11100	0.02173	0.03272	0.03035	0.02303	0.03397	0.10331	0.03062	0.02632	0.01139	0.01017	0.00322	0.01318	0.00948	0.00550	0.01447
10	0.02308	0.02201	0.03746	0.27579	0.38068	0.02377	0.03034	0.02946	0.02227	0.03071	0.01889	0.02616	0.01526	0.00957	0.01020	0.00319	0.01277	0.00913	0.00488	0.01438

[dist]
# distance from previous block
# <min> <max>
0	9

[block]
# block no. 2 follows, 14 sequences, length 31
# corresponding to MSA columns:
# 223-253
name=unknown_C
#
# <colnr> <probs for GDERKNQSTAVLIFYWHMCP>
#	G	D	E	R	K	N	Q	S	T	A	V	L	I	F	Y	W	H	M	C	P
0	0.02641	0.14548	0.03944	0.04498	0.35975	0.02514	0.02502	0.03132	0.02305	0.08135	0.02398	0.08537	0.02166	0.01170	0.00976	0.00300	0.01101	0.01053	0.00609	0.01496
1	0.02375	0.01871	0.06002	0.01685	0.02303	0.01603	0.01423	0.03455	0.16764	0.13813	0.05701	0.09329	0.19076	0.01759	0.01077	0.00325	0.00768	0.01471	0.00965	0.08234
2	0.02467	0.01809	0.02940	0.49626	0.06185	0.02127	0.02584	0.03094	0.02228	0.13666	0.02266	0.02886	0.01601	0.01074	0.01027	0.00337	0.01270	0.00936	0.00618	0.01260
3	0.01705	0.01471	0.02272	0.18119	0.13721	0.01545	0.01861	0.02152	0.02230	0.02993	0.11848	0.22784	0.09280	0.01979	0.01155	0.00356	0.00896	0.01783	0.00762	0.01089
4	0.02547	0.01985	0.02610	0.24778	0.04309	0.02283	0.02062	0.08124	0.21896	0.09044	0.07012	0.03546	0.02766	0.01279	0.01047	0.00338	0.01033	0.01084	0.00846	0.01412
5	0.02950	0.02504	0.09130	0.03720	0.18389	0.02146	0.13392	0.03797	0.06947	0.17789	0.02935	0.03526	0.02236	0.01174	0.01088	0.00334	0.01214	0.04404	0.00777	0.01548
6	0.02702	0.02403	0.14977	0.02562	0.08325	0.01679	0.06333	0.03052	0.02125	0.16978	0.02420	0.02917	0.01837	0.01907	0.02035	0.23809	0.01128	0.00927	0.00668	0.01216
7	0.02922	0.02492	0.03621	0.12108	0.37103	0.07911	0.02735	0.03473	0.02453	0.11964	0.02222	0.02649	0.01710	0.00999	0.01011	0.00307	0.01244	0.00908	0.00626	0.01541
8	0.02042	0.02500	0.17003	0.02617	0.07834	0.01665	0.08517	0.02634	0.02233	0.08329	0.04131	0.24275	0.08043	0.01898	0.01150	0.00359	0.01051	0.01723	0.00755	0.01240
9	0.02367	0.03567	0.27661	0.14571	0.10112	0.02338	0.13286	0.03274	0.02276	0.07735	0.02077	0.02541	0.01499	0.00982	0.01040	0.00330	0.01448	0.00915	0.00532	0.01448
10	0.08133	0.03333	0.23406	0.11463	0.19953	0.02340	0.06802	0.03231	0.02233	0.06735	0.01985	0.02435	0.01484	0.00972	0.00986	0.00322	0.01326	0.00857	0.00533	0.01470
11	0.11030	0.02624	0.02484	0.02022	0.02740	0.15658	0.01622	0.09098	0.02984	0.34809	0.03053	0.02823	0.02033	0.01184	0.00966	0.00304	0.01122	0.00886	0.01007	0.01550
12	0.02902	0.08678	0.13217	0.14397	0.14113	0.02322	0.07149	0.03565	0.02396	0.17736	0.02424	0.02700	0.01728	0.01033	0.00998	0.00314	0.01241	0.00909	0.00683	0.01495
13	0.02675	0.02965	0.18351	0.21100	0.14073	0.02294	0.02866	0.07856	0.02521	0.12109	0.02258	0.02642	0.01614	0.01050	0.01011	0.00324	0.01283	0.00891	0.00639	0.01478
14	0.02558	0.05073	0.10457	0.08260	0.03685	0.02036	0.13095	0.07309	0.02543	0.12463	0.03283	0.13631	0.02976	0.01580	0.01130	0.00354	0.01180	0.06276	0.00780	0.01330
15	0.01922	0.01225	0.01593	0.08833	0.02347	0.01155	0.01223	0.02259	0.02367	0.12462	0.11233	0.20606	0.24274	0.02277	0.01181	0.00356	0.00702	0.01967	0.00962	0.01054
16	0.02158	0.04159	0.38213	0.11493	0.17506	0.02383	0.03513	0.03143	0.02192	0.03191	0.01861	0.02331	0.01387	0.00967	0.00992	0.00322	0.01426	0.00816	0.00454	0.01493
17	0.02587	0.10488	0.43202	0.02611	0.03934	0.02390	0.03178	0.03550	0.02298	0.13124	0.02200	0.02356	0.01526	0.01019	0.00954	0.00313	0.01359	0.00787	0.00585	0.01539
18	0.15440	0.08139	0.02820	0.11625	0.08131	0.05748	0.01851	0.03869	0.02451	0.26266	0.02641	0.02687	0.01828	0.01093	0.00917	0.00307	0.01051	0.00849	0.00835	0.01452
19	0.01859	0.01168	0.01463	0.01414	0.01708	0.01077	0.01046	0.04487	0.02586	0.10391	0.22688	0.26056	0.15254	0.02413	0.01213	0.00357	0.00607	0.02118	0.01054	0.01041
20	0.02638	0.14339	0.07820	0.09265	0.26368	0.02681	0.05785	0.03463	0.07466	0.07234	0.02202	0.02571	0.01731	0.00991	0.00962	0.00301	0.01196	0.00885	0.00594	0.01510
21	0.13580	0.02127	0.02736	0.06740	0.06834	0.02242	0.06352	0.11852	0.12004	0.14996	0.03460	0.03453	0.06612	0.01269	0.01002	0.00327	0.00998	0.01057	0.00889	0.01469
22	0.01649	0.00961	0.01365	0.01365	0.01408	0.01004	0.00927	0.01484	0.01441	0.01965	0.02304	0.04067	0.02363	0.16870	0.17269	0.40051	0.01345	0.01063	0.00506	0.00591
23	0.02696	0.46847	0.04701	0.13198	0.03529	0.09120	0.01986	0.03086	0.02159	0.02463	0.01518	0.01873	0.01327	0.00923	0.00754	0.00247	0.01222	0.00629	0.00451	0.01271
24	0.02128	0.01824	0.02128	0.01520	0.02432	0.01368	0.01216	0.02584	0.02128	0.03344	0.01824	0.02128	0.01520	0.00760	0.00760	0.00152	0.00760	0.00608	0.00608	0.70208
25	0.03456	0.03216	0.03212	0.03449	0.17359	0.21941	0.02242	0.11406	0.02919	0.11445	0.02145	0.02404	0.01646	0.01151	0.01225	0.00308	0.07468	0.00845	0.00699	0.01463
26	0.02436	0.09282	0.18271	0.04986	0.38499	0.02584	0.03177	0.03168	0.02268	0.03234	0.01858	0.02356	0.01512	0.00926	0.00970	0.00302	0.01284	0.00838	0.00482	0.01567
27	0.02941	0.53751	0.04930	0.01917	0.02731	0.14155	0.01797	0.03258	0.02234	0.02432	0.01456	0.01683	0.01318	0.00910	0.00707	0.00228	0.01234	0.00569	0.00455	0.01294
28	0.02121	0.02173	0.07790	0.01661	0.02633	0.01470	0.01474	0.02651	0.02132	0.03335	0.01826	0.02132	0.01498	0.00782	0.00782	0.00169	0.00836	0.00623	0.00590	0.63323
29	0.02702	0.03224	0.08159	0.04082	0.26872	0.20253	0.02494	0.03187	0.02443	0.02963	0.02399	0.11829	0.02312	0.01326	0.01030	0.00311	0.01347	0.01135	0.00578	0.01354
30	0.02959	0.01383	0.01776	0.01508	0.02038	0.01201	0.01190	0.03311	0.02682	0.30911	0.13085	0.11525	0.18262	0.01920	0.01131	0.00335	0.00700	0.01625	0.01137	0.01321

[dist]
# distance from previous block
# <min> <max>
0	1

[block]
# block no. 3 follows, 14 sequences, length 19
# corresponding to MSA columns:
# 255-273
name=unknown_D
#
# <colnr> <probs for GDERKNQSTAVLIFYWHMCP>
#	G	D	E	R	K	N	Q	S	T	A	V	L	I	F	Y	W	H	M	C	P
0	0.02309	0.11741	0.32234	0.02673	0.03817	0.02659	0.07269	0.03822	0.16550	0.03428	0.02437	0.02599	0.01816	0.01065	0.00974	0.00320	0.01293	0.00879	0.00605	0.01509
1	0.52649	0.02230	0.01941	0.01628	0.02315	0.02545	0.01343	0.17092	0.02594	0.05118	0.01714	0.01887	0.01286	0.01030	0.00743	0.00315	0.00886	0.00657	0.00743	0.01286
2	0.02744	0.64552	0.05378	0.01756	0.02634	0.04061	0.01756	0.03073	0.02085	0.02414	0.01427	0.01646	0.01317	0.00878	0.00658	0.00219	0.01097	0.00549	0.00439	0.01317
3	0.02128	0.01824	0.02128	0.01520	0.02432	0.01368	0.01216	0.02584	0.02128	0.03344	0.01824	0.02128	0.01520	0.00760	0.00760	0.00152	0.00760	0.00608	0.00608	0.70208
4	0.01475	0.01064	0.01470	0.01470	0.01592	0.01186	0.01060	0.01718	0.01596	0.02250	0.02912	0.04938	0.02959	0.26684	0.41419	0.01428	0.02157	0.01232	0.00574	0.00817
5	0.02697	0.02264	0.03790	0.13991	0.43449	0.02304	0.02909	0.03292	0.02366	0.09801	0.02167	0.02683	0.01696	0.00974	0.01019	0.00312	0.01200	0.00928	0.00591	0.01568
6	0.02553	0.02204	0.02320	0.02088	0.02669	0.02553	0.01624	0.05453	0.55679	0.04293	0.04177	0.03829	0.03133	0.01392	0.01044	0.00348	0.00812	0.01160	0.01044	0.01624
7	0.01240	0.00932	0.01150	0.01325	0.01461	0.00842	0.00906	0.01441	0.02065	0.02660	0.06924	0.48986	0.20248	0.03050	0.01284	0.00398	0.00575	0.02716	0.00953	0.00842
8	0.01423	0.00986	0.01119	0.01152	0.01205	0.00956	0.00688	0.01481	0.01667	0.02178	0.04490	0.14982	0.11014	0.47616	0.04164	0.00831	0.00878	0.01777	0.00710	0.00683
9	0.01417	0.01048	0.01323	0.01254	0.01511	0.00953	0.00940	0.01868	0.02821	0.03917	0.50100	0.07993	0.16699	0.02172	0.01211	0.00326	0.00489	0.01902	0.01104	0.00953
10	0.12793	0.02136	0.02493	0.01936	0.02719	0.02142	0.01599	0.20386	0.03388	0.34982	0.03213	0.02935	0.02107	0.01218	0.00980	0.00314	0.00945	0.00937	0.01112	0.01666
11	0.01938	0.01824	0.03078	0.61468	0.07068	0.02280	0.02850	0.02622	0.02052	0.02622	0.01824	0.02736	0.01368	0.01026	0.01026	0.00342	0.01368	0.00912	0.00456	0.01140
12	0.01267	0.00906	0.01206	0.01417	0.01492	0.00845	0.00954	0.01472	0.02044	0.02745	0.09967	0.58596	0.07031	0.03121	0.01301	0.00409	0.00586	0.02828	0.00967	0.00845
13	0.03794	0.02581	0.02862	0.02181	0.03009	0.02716	0.01797	0.40633	0.04221	0.13815	0.02624	0.02577	0.01837	0.01181	0.00996	0.00291	0.01047	0.00902	0.01013	0.09923
14	0.01468	0.01091	0.01606	0.01606	0.01774	0.01259	0.01229	0.01805	0.01636	0.02350	0.02788	0.04251	0.02661	0.12288	0.55407	0.01596	0.02606	0.01132	0.00556	0.00892
15	0.02860	0.47916	0.13228	0.01945	0.02911	0.03497	0.02040	0.03331	0.02199	0.09212	0.01804	0.01947	0.01460	0.00940	0.00752	0.00247	0.01135	0.00639	0.00537	0.01399
16	0.02094	0.01191	0.01577	0.01400	0.01754	0.01078	0.01078	0.02560	0.02911	0.15127	0.46221	0.06817	0.08230	0.01930	0.01174	0.00322	0.00563	0.01688	0.01158	0.01127
17	0.02639	0.19462	0.03050	0.01910	0.02527	0.07720	0.01583	0.04315	0.29967	0.03566	0.03097	0.03056	0.02416	0.01198	0.00889	0.00292	0.00940	0.00924	0.09026	0.01422
18	0.02205	0.18032	0.47183	0.02674	0.04053	0.02744	0.03354	0.03212	0.02149	0.03070	0.01753	0.02055	0.01304	0.00954	0.00907	0.00302	0.01427	0.00713	0.00435	0.01474

[dist]
# distance from previous block
# <min> <max>
0	2

[block]
# block no. 4 follows, 14 sequences, length 22
# corresponding to MSA columns:
# 276-297
name=unknown_E
#
# <colnr> <probs for GDERKNQSTAVLIFYWHMCP>
#	G	D	E	R	K	N	Q	S	T	A	V	L	I	F	Y	W	H	M	C	P
0	0.02967	0.14779	0.03755	0.15511	0.20961	0.02621	0.02391	0.07771	0.02556	0.13707	0.02255	0.02574	0.01694	0.01025	0.00950	0.00298	0.01152	0.00863	0.00673	0.01497
1	0.02567	0.02192	0.03650	0.10495	0.42882	0.02206	0.02775	0.03153	0.02416	0.08206	0.07197	0.03116	0.02428	0.01065	0.01036	0.00311	0.01134	0.01012	0.00628	0.01531
2	0.01271	0.00909	0.01209	0.01415	0.01493	0.00847	0.00954	0.01480	0.02060	0.02772	0.10870	0.57618	0.07081	0.03102	0.01300	0.00407	0.00584	0.02810	0.00971	0.00847
3	0.02101	0.01990	0.03372	0.46557	0.20708	0.02323	0.02931	0.02765	0.02129	0.02819	0.01853	0.02683	0.01438	0.00996	0.01023	0.00332	0.01328	0.00913	0.00470	0.01271
4	0.08331	0.01888	0.03022	0.51493	0.10689	0.02295	0.02715	0.02701	0.02047	0.02863	0.01796	0.02622	0.01365	0.01010	0.00989	0.00337	0.01303	0.00880	0.00477	0.01177
5	0.02058	0.05308	0.58618	0.02925	0.04442	0.02383	0.03792	0.03250	0.02167	0.03250	0.01842	0.02167	0.01300	0.00975	0.00975	0.00325	0.01517	0.00758	0.00433	0.01517
6	0.01834	0.01077	0.01258	0.01197	0.01284	0.01051	0.00719	0.01878	0.01651	0.08166	0.03323	0.06362	0.03600	0.57055	0.04763	0.00921	0.00982	0.01442	0.00693	0.00745
7	0.02058	0.05308	0.58618	0.02925	0.04442	0.02383	0.03792	0.03250	0.02167	0.03250	0.01842	0.02167	0.01300	0.00975	0.00975	0.00325	0.01517	0.00758	0.00433	0.01517
8	0.01932	0.03251	0.26916	0.18723	0.04685	0.02141	0.07317	0.02782	0.02048	0.02899	0.02049	0.02768	0.01608	0.02400	0.13457	0.00611	0.01755	0.00911	0.00471	0.01276
9	0.01500	0.01053	0.01479	0.01479	0.01597	0.01171	0.01070	0.01698	0.01580	0.02225	0.02796	0.04678	0.02813	0.22536	0.40287	0.07378	0.02115	0.01188	0.00560	0.00796
10	0.71184	0.01985	0.01508	0.01350	0.01985	0.02302	0.01111	0.03017	0.01746	0.04604	0.01429	0.01667	0.01111	0.00953	0.00635	0.00318	0.00794	0.00556	0.00635	0.01111
11	0.02676	0.07607	0.02479	0.01602	0.02488	0.01645	0.01324	0.03108	0.02284	0.14136	0.02228	0.02354	0.01703	0.00872	0.00805	0.00191	0.00814	0.00687	0.00724	0.50275
12	0.01340	0.01045	0.01216	0.01173	0.01464	0.00920	0.00880	0.01719	0.02640	0.03486	0.35145	0.08702	0.31922	0.02333	0.01212	0.00334	0.00501	0.02001	0.01047	0.00920
13	0.02626	0.02336	0.03720	0.05324	0.45844	0.02369	0.02771	0.08668	0.02591	0.03743	0.02133	0.02662	0.01741	0.00978	0.00987	0.00298	0.01134	0.00920	0.07586	0.01571
14	0.03002	0.09118	0.03273	0.22906	0.04382	0.02806	0.02229	0.21266	0.03084	0.09100	0.02171	0.02544	0.01604	0.01176	0.01201	0.00324	0.06767	0.00886	0.00733	0.01430
15	0.01384	0.01046	0.01276	0.01219	0.01491	0.00939	0.00914	0.01803	0.02742	0.03730	0.43619	0.08300	0.23296	0.02242	0.01211	0.00330	0.00494	0.01945	0.01079	0.00939
16	0.02168	0.02037	0.03329	0.40093	0.21433	0.02350	0.02829	0.03026	0.06873	0.02983	0.02063	0.02775	0.01599	0.01026	0.01025	0.00332	0.01275	0.00935	0.00523	0.01325
17	0.01294	0.00966	0.01203	0.01306	0.01477	0.00875	0.00918	0.01569	0.02289	0.03036	0.19845	0.37007	0.18886	0.02791	0.01263	0.00377	0.00550	0.02476	0.00998	0.00875
18	0.01409	0.01047	0.01311	0.01245	0.01506	0.00950	0.00934	0.01852	0.02802	0.03870	0.48485	0.08069	0.18342	0.02189	0.01211	0.00327	0.00491	0.01912	0.01097	0.00950
19	0.02180	0.02684	0.13085	0.20719	0.04757	0.02450	0.11454	0.03339	0.12199	0.03165	0.02430	0.03208	0.01932	0.01231	0.01337	0.00359	0.08224	0.03322	0.00596	0.01328
20	0.02964	0.51696	0.04987	0.01959	0.02816	0.07200	0.04617	0.03325	0.02233	0.07583	0.01713	0.01890	0.01443	0.00924	0.00740	0.00238	0.01158	0.00636	0.00525	0.01352
21	0.02374	0.02668	0.10052	0.04773	0.32971	0.02343	0.11469	0.03292	0.07312	0.03483	0.06900	0.03099	0.02412	0.01059	0.01064	0.00320	0.01237	0.01051	0.00605	0.01516

[dist]
# distance from previous block
# <min> <max>
0	1

[block]
# block no. 5 follows, 14 sequences, length 42
# corresponding to MSA columns:
# 299-340
name=unknown_F
#
# <colnr> <probs for GDERKNQSTAVLIFYWHMCP>
#	G	D	E	R	K	N	Q	S	T	A	V	L	I	F	Y	W	H	M	C	P
0	0.03165	0.13174	0.03501	0.02907	0.12536	0.05960	0.04737	0.09832	0.16122	0.13459	0.02832	0.02843	0.02106	0.01133	0.00971	0.00303	0.01088	0.00936	0.00826	0.01569
1	0.65046	0.07595	0.01855	0.01386	0.02043	0.02460	0.01169	0.03022	0.01777	0.04408	0.01429	0.01665	0.01130	0.00946	0.00637	0.00309	0.00821	0.00555	0.00617	0.01130
2	0.02540	0.02438	0.04165	0.06299	0.57533	0.02438	0.03149	0.03149	0.02337	0.03353	0.01930	0.02540	0.01626	0.00914	0.01016	0.00305	0.01219	0.00914	0.00508	0.01626
3	0.02659	0.02139	0.02413	0.01772	0.02657	0.01912	0.01436	0.18026	0.02936	0.04280	0.02016	0.02229	0.01587	0.00901	0.00840	0.00199	0.00871	0.00703	0.00733	0.49691
4	0.02003	0.01864	0.02998	0.55210	0.06604	0.02309	0.02721	0.02920	0.07704	0.02798	0.02072	0.02851	0.01554	0.01065	0.01028	0.00343	0.01309	0.00938	0.00518	0.01191
5	0.71184	0.01985	0.01508	0.01350	0.01985	0.02302	0.01111	0.03017	0.01746	0.04604	0.01429	0.01667	0.01111	0.00953	0.00635	0.00318	0.00794	0.00556	0.00635	0.01111
6	0.01466	0.01100	0.01649	0.01649	0.01833	0.01283	0.01283	0.01833	0.01649	0.02382	0.02749	0.04032	0.02566	0.07697	0.59868	0.01649	0.02749	0.01100	0.00550	0.00916
7	0.04604	0.01746	0.02382	0.01826	0.02620	0.01508	0.01508	0.05001	0.02937	0.58244	0.04049	0.03493	0.02540	0.01270	0.01032	0.00318	0.00873	0.01032	0.01270	0.01746
8	0.01492	0.00995	0.01119	0.01119	0.01119	0.00995	0.00622	0.01492	0.01492	0.01990	0.03233	0.06716	0.03731	0.63935	0.05223	0.00995	0.00995	0.01492	0.00622	0.00622
9	0.01286	0.01042	0.01142	0.01117	0.01431	0.00898	0.00838	0.01615	0.02513	0.03185	0.24716	0.09197	0.42540	0.02445	0.01212	0.00339	0.00509	0.02071	0.01007	0.00898
10	0.02103	0.05030	0.53569	0.02850	0.04283	0.02398	0.03597	0.03447	0.06965	0.03343	0.02051	0.02316	0.01464	0.01012	0.00981	0.00327	0.01453	0.00794	0.00488	0.01526
11	0.01483	0.01031	0.01304	0.01304	0.01368	0.01095	0.00852	0.01611	0.01547	0.02127	0.03064	0.05779	0.03324	0.44320	0.24282	0.01223	0.01607	0.01355	0.00597	0.00725
12	0.02260	0.10380	0.49547	0.02802	0.04184	0.07149	0.03471	0.03303	0.02219	0.03119	0.01785	0.02096	0.01303	0.00973	0.00944	0.00311	0.01507	0.00732	0.00441	0.01473
13	0.02322	0.02154	0.03029	0.22533	0.04219	0.02792	0.02358	0.07467	0.07729	0.03072	0.01907	0.02598	0.01578	0.01442	0.02119	0.00389	0.29556	0.00933	0.00566	0.01237
14	0.02326	0.03714	0.28371	0.04799	0.33932	0.02414	0.03435	0.03194	0.02261	0.03307	0.01891	0.02374	0.01481	0.00941	0.00998	0.00314	0.01351	0.00845	0.00475	0.01577
15	0.15360	0.13208	0.03106	0.02274	0.06558	0.09128	0.01764	0.16686	0.03025	0.16081	0.02318	0.02347	0.01680	0.01090	0.00885	0.00291	0.01097	0.00790	0.00820	0.01492
16	0.02744	0.64552	0.05378	0.01756	0.02634	0.04061	0.01756	0.03073	0.02085	0.02414	0.01427	0.01646	0.01317	0.00878	0.00658	0.00219	0.01097	0.00549	0.00439	0.01317
17	0.01654	0.01181	0.01654	0.01890	0.02126	0.01181	0.01654	0.02126	0.02362	0.03071	0.05433	0.11576	0.05906	0.02835	0.01417	0.00472	0.00945	0.50626	0.00945	0.00945
18	0.02436	0.02332	0.03978	0.15815	0.48828	0.02411	0.03098	0.03058	0.02288	0.03227	0.01912	0.02574	0.01581	0.00934	0.01018	0.00311	0.01245	0.00914	0.00499	0.01542
19	0.02613	0.03329	0.24195	0.08941	0.04123	0.02336	0.08938	0.03725	0.09595	0.12750	0.02526	0.02763	0.01807	0.01146	0.01235	0.00342	0.06537	0.00944	0.00675	0.01481
20	0.04604	0.01746	0.02382	0.01826	0.02620	0.01508	0.01508	0.05001	0.02937	0.58244	0.04049	0.03493	0.02540	0.01270	0.01032	0.00318	0.00873	0.01032	0.01270	0.01746
21	0.01469	0.01088	0.01593	0.01593	0.01757	0.01252	0.01213	0.01797	0.01633	0.02341	0.02800	0.04314	0.02688	0.13624	0.54109	0.01580	0.02564	0.01141	0.00557	0.00885
22	0.02602	0.02206	0.03696	0.20099	0.38692	0.02299	0.02899	0.03208	0.02326	0.08949	0.02126	0.02691	0.01655	0.00981	0.01020	0.00316	0.01221	0.00926	0.00575	0.01513
23	0.14750	0.01916	0.02510	0.08308	0.03132	0.02003	0.05854	0.12145	0.02759	0.15901	0.03284	0.08475	0.02847	0.01565	0.01064	0.00355	0.01019	0.09884	0.00891	0.01337
24	0.12164	0.01628	0.02081	0.01783	0.02411	0.01522	0.01497	0.03999	0.02637	0.37066	0.04084	0.05383	0.03244	0.01641	0.01083	0.00358	0.00882	0.13975	0.01105	0.01457
25	0.02744	0.64552	0.05378	0.01756	0.02634	0.04061	0.01756	0.03073	0.02085	0.02414	0.01427	0.01646	0.01317	0.00878	0.00658	0.00219	0.01097	0.00549	0.00439	0.01317
26	0.59378	0.12777	0.02176	0.01420	0.02097	0.02605	0.01223	0.03026	0.01805	0.04227	0.01429	0.01663	0.01147	0.00940	0.00639	0.00301	0.00846	0.00554	0.00601	0.01147
27	0.02031	0.01848	0.02920	0.32610	0.16631	0.02101	0.02454	0.02871	0.07835	0.03091	0.07373	0.08467	0.02823	0.01325	0.01067	0.00339	0.01131	0.01196	0.00633	0.01255
28	0.02272	0.02165	0.03682	0.30824	0.35100	0.02368	0.03016	0.02915	0.02210	0.03028	0.01883	0.02627	0.01511	0.00964	0.01020	0.00321	0.01285	0.00913	0.00485	0.01410
29	0.01233	0.01028	0.01076	0.01091	0.01405	0.00871	0.00808	0.01501	0.02346	0.02853	0.13245	0.14323	0.49463	0.02617	0.01221	0.00351	0.00524	0.02209	0.00965	0.00871
30	0.02058	0.05308	0.58618	0.02925	0.04442	0.02383	0.03792	0.03250	0.02167	0.03250	0.01842	0.02167	0.01300	0.00975	0.00975	0.00325	0.01517	0.00758	0.00433	0.01517
31	0.45652	0.20605	0.02758	0.01573	0.02271	0.07447	0.01371	0.03120	0.01939	0.03792	0.01441	0.01676	0.01189	0.00939	0.00665	0.00284	0.00968	0.00562	0.00569	0.01178
32	0.02089	0.01978	0.03351	0.47604	0.19750	0.02320	0.02925	0.02755	0.02124	0.02806	0.01851	0.02687	0.01433	0.00998	0.01023	0.00333	0.01331	0.00913	0.00469	0.01262
33	0.01938	0.01824	0.03078	0.61468	0.07068	0.02280	0.02850	0.02622	0.02052	0.02622	0.01824	0.02736	0.01368	0.01026	0.01026	0.00342	0.01368	0.00912	0.00456	0.01140
34	0.01440	0.01041	0.01286	0.01225	0.01485	0.00950	0.00919	0.01885	0.02756	0.03860	0.45287	0.07803	0.17563	0.02127	0.01179	0.00321	0.00490	0.01852	0.05582	0.00950
35	0.01282	0.00966	0.01186	0.01292	0.01469	0.00871	0.00908	0.01546	0.02263	0.02971	0.17592	0.36928	0.21372	0.02813	0.01262	0.00378	0.00551	0.02489	0.00989	0.00871
36	0.01724	0.01109	0.01459	0.01337	0.01627	0.01015	0.01015	0.02201	0.02908	0.08784	0.52426	0.07306	0.09067	0.02027	0.01195	0.00322	0.00518	0.01785	0.01142	0.01035
37	0.02744	0.64552	0.05378	0.01756	0.02634	0.04061	0.01756	0.03073	0.02085	0.02414	0.01427	0.01646	0.01317	0.00878	0.00658	0.00219	0.01097	0.00549	0.00439	0.01317
38	0.02310	0.01239	0.01646	0.01437	0.01829	0.01115	0.01115	0.02770	0.02914	0.18840	0.42589	0.06530	0.07740	0.01873	0.01162	0.00321	0.00590	0.01632	0.01168	0.01180
39	0.02058	0.05308	0.58618	0.02925	0.04442	0.02383	0.03792	0.03250	0.02167	0.03250	0.01842	0.02167	0.01300	0.00975	0.00975	0.00325	0.01517	0.00758	0.00433	0.01517
40	0.01938	0.01824	0.03078	0.61468	0.07068	0.02280	0.02850	0.02622	0.02052	0.02622	0.01824	0.02736	0.01368	0.01026	0.01026	0.00342	0.01368	0.00912	0.00456	0.01140
41	0.65441	0.01964	0.01584	0.01391	0.02039	0.02234	0.01146	0.03188	0.01849	0.09231	0.01655	0.01825	0.01235	0.00980	0.00669	0.00318	0.00801	0.00597	0.00690	0.01166

[dist]
# distance from previous block
# <min> <max>
0	16

[block]
# block no. 6 follows, 14 sequences, length 33
# corresponding to MSA columns:
# 357-389
name=unknown_G
#
# <colnr> <probs for GDERKNQSTAVLIFYWHMCP>
#	G	D	E	R	K	N	Q	S	T	A	V	L	I	F	Y	W	H	M	C	P
0	0.01938	0.01824	0.03078	0.61468	0.07068	0.02280	0.02850	0.02622	0.02052	0.02622	0.01824	0.02736	0.01368	0.01026	0.01026	0.00342	0.01368	0.00912	0.00456	0.01140
1	0.02553	0.02204	0.02320	0.02088	0.02669	0.02553	0.01624	0.05453	0.55679	0.04293	0.04177	0.03829	0.03133	0.01392	0.01044	0.00348	0.00812	0.01160	0.01044	0.01624
2	0.01978	0.01646	0.01749	0.01582	0.01934	0.06111	0.01208	0.06977	0.08967	0.04207	0.41920	0.06319	0.07592	0.01860	0.01153	0.00320	0.00687	0.01601	0.01063	0.01126
3	0.02171	0.03213	0.23319	0.02836	0.12368	0.01921	0.02489	0.02924	0.02177	0.03311	0.01848	0.02211	0.01456	0.00865	0.00882	0.00241	0.01116	0.00715	0.00527	0.33410
4	0.14820	0.12023	0.03040	0.02288	0.02862	0.33117	0.01826	0.07930	0.02656	0.03184	0.01594	0.01878	0.01324	0.01093	0.01054	0.00286	0.06548	0.00671	0.00570	0.01236
5	0.01783	0.00891	0.01337	0.01337	0.01337	0.00891	0.00891	0.01337	0.01337	0.01783	0.01783	0.03119	0.01783	0.03565	0.04011	0.70143	0.00891	0.00891	0.00446	0.00446
6	0.01985	0.01833	0.03055	0.36645	0.19679	0.02081	0.02614	0.02564	0.02114	0.02818	0.02492	0.12784	0.02341	0.01361	0.01071	0.00344	0.01199	0.01247	0.00553	0.01219
7	0.02128	0.01824	0.02128	0.01520	0.02432	0.01368	0.01216	0.02584	0.02128	0.03344	0.01824	0.02128	0.01520	0.00760	0.00760	0.00152	0.00760	0.00608	0.00608	0.70208
8	0.01882	0.01697	0.02796	0.49686	0.06091	0.02063	0.02613	0.02524	0.02113	0.02711	0.02538	0.04484	0.02265	0.01384	0.01103	0.00368	0.01284	0.10744	0.00553	0.01101
9	0.01985	0.01872	0.03163	0.57132	0.11035	0.02292	0.02874	0.02663	0.02074	0.02679	0.01832	0.02721	0.01388	0.01017	0.01025	0.00339	0.01356	0.00912	0.00460	0.01178
10	0.01307	0.00917	0.01174	0.01357	0.01403	0.00871	0.00876	0.01444	0.01855	0.02473	0.05092	0.50106	0.06076	0.17344	0.02220	0.00551	0.00688	0.02586	0.00876	0.00784
11	0.60713	0.02169	0.01682	0.01482	0.02123	0.06284	0.01207	0.03263	0.01931	0.09071	0.01665	0.01837	0.01249	0.00987	0.00690	0.00314	0.00875	0.00604	0.00682	0.01172
12	0.71184	0.01985	0.01508	0.01350	0.01985	0.02302	0.01111	0.03017	0.01746	0.04604	0.01429	0.01667	0.01111	0.00953	0.00635	0.00318	0.00794	0.00556	0.00635	0.01111
13	0.71184	0.01985	0.01508	0.01350	0.01985	0.02302	0.01111	0.03017	0.01746	0.04604	0.01429	0.01667	0.01111	0.00953	0.00635	0.00318	0.00794	0.00556	0.00635	0.01111
14	0.01545	0.01255	0.01841	0.02446	0.13701	0.01197	0.01418	0.01849	0.02154	0.02914	0.09417	0.40939	0.10211	0.02570	0.01229	0.00379	0.00716	0.02330	0.00870	0.01020
15	0.71184	0.01985	0.01508	0.01350	0.01985	0.02302	0.01111	0.03017	0.01746	0.04604	0.01429	0.01667	0.01111	0.00953	0.00635	0.00318	0.00794	0.00556	0.00635	0.01111
16	0.35963	0.01973	0.02181	0.15403	0.03388	0.02208	0.01664	0.07606	0.02318	0.15271	0.02142	0.02354	0.01516	0.01058	0.00839	0.00322	0.00971	0.00766	0.00756	0.01301
17	0.02243	0.08087	0.15035	0.02253	0.03122	0.02265	0.06088	0.03607	0.18230	0.03417	0.02625	0.02870	0.02060	0.01791	0.07524	0.00437	0.01268	0.00904	0.00673	0.15500
18	0.22060	0.02153	0.02549	0.24228	0.04244	0.02524	0.02014	0.14885	0.08595	0.04254	0.02122	0.02493	0.01579	0.01093	0.00918	0.00328	0.01088	0.00842	0.00704	0.01325
19	0.02489	0.01919	0.03153	0.41828	0.15187	0.02179	0.02679	0.03112	0.02250	0.12032	0.02214	0.02828	0.01609	0.01047	0.01025	0.00331	0.01259	0.00932	0.00601	0.01326
20	0.22753	0.02971	0.21581	0.02281	0.03138	0.02034	0.07940	0.02798	0.02053	0.03546	0.02655	0.12657	0.02536	0.01470	0.00990	0.00352	0.01127	0.05266	0.00630	0.01223
21	0.07620	0.01858	0.02199	0.01765	0.02401	0.01802	0.01414	0.11489	0.02713	0.14490	0.07342	0.09719	0.02985	0.01414	0.01141	0.00288	0.05350	0.01123	0.00878	0.22009
22	0.02728	0.02430	0.03717	0.09511	0.38860	0.02492	0.02748	0.13025	0.02785	0.03903	0.02018	0.02510	0.01621	0.00974	0.01000	0.00297	0.01179	0.00893	0.00613	0.06697
23	0.02508	0.01920	0.02968	0.17502	0.09996	0.02000	0.06526	0.03208	0.06033	0.11952	0.02814	0.06543	0.02357	0.01325	0.01201	0.00330	0.04989	0.04723	0.00721	0.10385
24	0.02306	0.03032	0.19450	0.02549	0.09259	0.01949	0.02271	0.07280	0.02395	0.03585	0.01896	0.02215	0.01485	0.00883	0.00876	0.00235	0.01071	0.00715	0.00580	0.35968
25	0.02816	0.03228	0.09565	0.04043	0.26534	0.14689	0.02562	0.07644	0.02621	0.03426	0.01875	0.02278	0.01517	0.00955	0.00952	0.00274	0.01308	0.00795	0.00564	0.12354
26	0.02375	0.05815	0.03223	0.06842	0.28780	0.02207	0.02261	0.09572	0.02736	0.03740	0.12100	0.04161	0.09155	0.01346	0.01051	0.00310	0.01006	0.01190	0.00724	0.01404
27	0.02304	0.12076	0.07958	0.09449	0.12400	0.02215	0.07402	0.02852	0.02200	0.05788	0.02433	0.10536	0.02233	0.01218	0.00967	0.00287	0.01102	0.01089	0.00604	0.14887
28	0.08056	0.01661	0.02246	0.05487	0.10785	0.01640	0.01667	0.06100	0.02625	0.17448	0.11178	0.10041	0.07917	0.01723	0.01101	0.00345	0.00867	0.06858	0.00942	0.01310
29	0.02765	0.01998	0.02989	0.13206	0.21379	0.01971	0.02209	0.06451	0.02504	0.14342	0.02674	0.07919	0.02201	0.01199	0.01007	0.00300	0.01045	0.01063	0.00738	0.12039
30	0.37733	0.01929	0.02172	0.10496	0.07011	0.02090	0.01622	0.03518	0.02163	0.19051	0.02247	0.02390	0.01581	0.01048	0.00829	0.00320	0.00930	0.00765	0.00775	0.01329
31	0.07096	0.01942	0.03074	0.20189	0.04329	0.02012	0.10182	0.06162	0.02553	0.20698	0.02981	0.03890	0.02280	0.01286	0.01077	0.00346	0.01174	0.06532	0.00819	0.01379
32	0.15369	0.20384	0.02636	0.01514	0.02001	0.02193	0.01257	0.02605	0.02037	0.07720	0.05661	0.13467	0.03315	0.11420	0.01579	0.00419	0.00883	0.03729	0.00721	0.01090

[dist]
# distance from previous block
# <min> <max>
6	290

# created by:
# /st0/software/busco_prod/Augustus/scripts/msa2prfl.pl ./align_prep/5364.fa
