[name]
unknown

[dist]
# distance from previous block
# <min> <max>
12	721

[block]
# block no. 0 follows, 13 sequences, length 8
# corresponding to MSA columns:
# 746-753
name=unknown_A
#
# <colnr> <probs for GDERKNQSTAVLIFYWHMCP>
#	G	D	E	R	K	N	Q	S	T	A	V	L	I	F	Y	W	H	M	C	P
0	0.15041	0.07234	0.08571	0.01690	0.02496	0.01861	0.01556	0.03048	0.02348	0.11686	0.08244	0.03733	0.08582	0.01282	0.00916	0.00280	0.00871	0.01000	0.00791	0.18773
1	0.13394	0.09816	0.17423	0.01961	0.02945	0.02138	0.02020	0.03110	0.02276	0.07779	0.07070	0.02723	0.02295	0.01061	0.00877	0.00271	0.01022	0.00809	0.00667	0.20344
2	0.10312	0.08829	0.17502	0.02062	0.03118	0.02251	0.02102	0.07810	0.02465	0.06902	0.01995	0.02217	0.01520	0.00954	0.00861	0.00256	0.01074	0.00713	0.00645	0.26413
3	0.08926	0.08716	0.26842	0.07097	0.04178	0.09166	0.08568	0.03293	0.02236	0.03208	0.01772	0.02226	0.01365	0.01075	0.01204	0.00334	0.07105	0.00812	0.00491	0.01386
4	0.46120	0.01880	0.01736	0.01477	0.02135	0.02001	0.01203	0.03273	0.02168	0.13026	0.08214	0.02776	0.02439	0.01154	0.00800	0.00314	0.00791	0.00811	0.00817	0.06865
5	0.02137	0.05100	0.02613	0.07512	0.02961	0.08540	0.07267	0.02967	0.09524	0.03578	0.23384	0.05563	0.11170	0.01686	0.01144	0.00331	0.00979	0.01473	0.00885	0.01185
6	0.03112	0.02747	0.13297	0.02211	0.03052	0.02241	0.02061	0.08741	0.22373	0.18162	0.07658	0.03705	0.03100	0.01359	0.01070	0.00340	0.00998	0.01114	0.01017	0.01642
7	0.02050	0.01598	0.02265	0.09992	0.07343	0.01590	0.05222	0.02658	0.06741	0.08035	0.05838	0.06343	0.22309	0.11262	0.01814	0.00454	0.00943	0.01569	0.00827	0.01149

[dist]
# distance from previous block
# <min> <max>
9	33

[block]
# block no. 1 follows, 13 sequences, length 39
# corresponding to MSA columns:
# 787-825
name=unknown_B
#
# <colnr> <probs for GDERKNQSTAVLIFYWHMCP>
#	G	D	E	R	K	N	Q	S	T	A	V	L	I	F	Y	W	H	M	C	P
0	0.01735	0.01297	0.01584	0.01589	0.01851	0.01265	0.01152	0.05767	0.06151	0.03343	0.10898	0.34281	0.05925	0.07399	0.01577	0.00433	0.00727	0.05293	0.00958	0.06776
1	0.02729	0.09889	0.06815	0.02196	0.02920	0.02856	0.01879	0.08974	0.40313	0.04295	0.03647	0.03437	0.02751	0.01326	0.01022	0.00338	0.00951	0.01070	0.00954	0.01638
2	0.02874	0.12746	0.09957	0.02562	0.07074	0.02546	0.05685	0.14176	0.02899	0.08197	0.02512	0.07562	0.02119	0.01218	0.00978	0.00289	0.01121	0.01016	0.00743	0.13727
3	0.02772	0.02161	0.03588	0.03150	0.09735	0.02113	0.16694	0.07771	0.07955	0.12661	0.11286	0.08587	0.03686	0.01444	0.01168	0.00346	0.01135	0.01395	0.00893	0.01462
4	0.02317	0.12741	0.29362	0.02902	0.04053	0.02663	0.11816	0.03503	0.08524	0.03343	0.02479	0.03289	0.02016	0.01183	0.01047	0.00339	0.01402	0.04967	0.00583	0.01472
5	0.02240	0.02075	0.03353	0.14627	0.24093	0.02186	0.06459	0.03185	0.09956	0.03427	0.07315	0.10444	0.03185	0.01418	0.01122	0.00346	0.01125	0.01332	0.00704	0.01407
6	0.02290	0.02227	0.03964	0.04466	0.26086	0.02196	0.15641	0.03088	0.06732	0.03350	0.03080	0.16060	0.02973	0.01499	0.01170	0.00355	0.01217	0.01504	0.00675	0.01427
7	0.02415	0.01562	0.02552	0.02086	0.02593	0.01426	0.11008	0.02912	0.02732	0.16210	0.24359	0.15615	0.06102	0.01922	0.01222	0.00353	0.00860	0.01780	0.01044	0.01244
8	0.01741	0.01059	0.01436	0.01532	0.01712	0.00999	0.01085	0.01996	0.02190	0.09300	0.09351	0.45028	0.06279	0.03437	0.06977	0.00535	0.00858	0.02500	0.00994	0.00991
9	0.02699	0.07740	0.12305	0.02120	0.02806	0.08922	0.01938	0.12016	0.02928	0.08279	0.09496	0.16935	0.03885	0.01756	0.01096	0.00336	0.01092	0.01460	0.00854	0.01337
10	0.02463	0.02729	0.02058	0.02022	0.02332	0.25629	0.01484	0.02725	0.02407	0.02618	0.03819	0.22626	0.07003	0.03146	0.11417	0.00585	0.01558	0.01626	0.00721	0.01033
11	0.03950	0.05039	0.02996	0.02724	0.03269	0.58597	0.02043	0.04222	0.02996	0.02588	0.01634	0.01907	0.01362	0.01090	0.00953	0.00272	0.01907	0.00681	0.00545	0.01226
12	0.02369	0.01942	0.03210	0.25019	0.04752	0.02175	0.10159	0.03106	0.06072	0.09422	0.02958	0.12467	0.02613	0.01529	0.01375	0.00374	0.07125	0.01352	0.00707	0.01274
13	0.02121	0.02006	0.03396	0.49520	0.17092	0.02382	0.02998	0.02810	0.02173	0.02852	0.01901	0.02778	0.01463	0.01034	0.01055	0.00345	0.01379	0.00940	0.00481	0.01275
14	0.01401	0.01153	0.01243	0.01236	0.01567	0.01044	0.00920	0.01912	0.06603	0.03173	0.16459	0.14480	0.39917	0.02564	0.01245	0.00361	0.00562	0.02178	0.01017	0.00967
15	0.02538	0.02734	0.05564	0.05161	0.23104	0.02618	0.35369	0.03338	0.02465	0.03410	0.02087	0.02771	0.01629	0.00909	0.01178	0.00342	0.01600	0.01142	0.00531	0.01512
16	0.02702	0.02072	0.03062	0.07083	0.03464	0.02161	0.11807	0.04232	0.22789	0.12642	0.08839	0.07779	0.03571	0.01470	0.01142	0.00355	0.01034	0.01353	0.00960	0.01485
17	0.02308	0.02254	0.04297	0.03235	0.03955	0.02230	0.29634	0.07707	0.02445	0.03340	0.02479	0.03603	0.02127	0.09944	0.14743	0.00737	0.01869	0.01227	0.00606	0.01259
18	0.03950	0.05039	0.02996	0.02724	0.03269	0.58597	0.02043	0.04222	0.02996	0.02588	0.01634	0.01907	0.01362	0.01090	0.00953	0.00272	0.01907	0.00681	0.00545	0.01226
19	0.09748	0.03499	0.02922	0.25260	0.04728	0.30888	0.02306	0.03513	0.02531	0.02846	0.01715	0.02247	0.01359	0.01066	0.00965	0.00309	0.01603	0.00772	0.00526	0.01198
20	0.03477	0.01519	0.02048	0.01666	0.02262	0.01337	0.01337	0.03921	0.03013	0.36400	0.24274	0.05276	0.05489	0.01641	0.01135	0.00329	0.00743	0.01394	0.01252	0.01487
21	0.02413	0.01872	0.02215	0.01593	0.02522	0.01422	0.01279	0.02877	0.02264	0.08068	0.02077	0.02314	0.01657	0.00828	0.00807	0.00171	0.00793	0.00664	0.00685	0.63476
22	0.06615	0.09251	0.06386	0.01794	0.02438	0.01872	0.01562	0.03620	0.07077	0.21979	0.12909	0.12466	0.04285	0.01673	0.01066	0.00334	0.00853	0.01400	0.01015	0.01404
23	0.15188	0.40257	0.15377	0.01977	0.02970	0.03495	0.02114	0.03192	0.02101	0.03081	0.01558	0.01809	0.01314	0.00939	0.00741	0.00267	0.01161	0.00611	0.00489	0.01360
24	0.01538	0.01025	0.01153	0.01153	0.01153	0.01025	0.00641	0.01538	0.01538	0.02050	0.03331	0.06919	0.03844	0.62842	0.05382	0.01025	0.01025	0.01538	0.00641	0.00641
25	0.02192	0.01879	0.02192	0.01566	0.02506	0.01409	0.01253	0.02662	0.02192	0.03445	0.01879	0.02192	0.01566	0.00783	0.00783	0.00157	0.00783	0.00626	0.00626	0.69305
26	0.25359	0.02073	0.02214	0.01825	0.02549	0.02182	0.01486	0.08696	0.13079	0.25293	0.03188	0.02971	0.02195	0.01225	0.00934	0.00333	0.00884	0.00922	0.01030	0.01563
27	0.01538	0.01025	0.01153	0.01153	0.01153	0.01025	0.00641	0.01538	0.01538	0.02050	0.03331	0.06919	0.03844	0.62842	0.05382	0.01025	0.01025	0.01538	0.00641	0.00641
28	0.01354	0.01064	0.01223	0.01207	0.01498	0.00933	0.00896	0.01710	0.02621	0.03413	0.28811	0.13074	0.33402	0.02513	0.01256	0.00352	0.00526	0.02157	0.01057	0.00933
29	0.01997	0.01879	0.03171	0.60301	0.07282	0.02349	0.02936	0.02701	0.02114	0.02701	0.01879	0.02819	0.01409	0.01057	0.01057	0.00352	0.01409	0.00940	0.00470	0.01175
30	0.02347	0.04820	0.44226	0.03202	0.04621	0.02563	0.11767	0.07618	0.02512	0.03641	0.01993	0.02361	0.01423	0.01009	0.01049	0.00337	0.01565	0.00873	0.00514	0.01560
31	0.70310	0.02045	0.01554	0.01390	0.02045	0.02372	0.01145	0.03108	0.01799	0.04744	0.01472	0.01718	0.01145	0.00981	0.00654	0.00327	0.00818	0.00573	0.00654	0.01145
32	0.01521	0.01090	0.01484	0.01484	0.01599	0.01205	0.01054	0.01750	0.01636	0.02295	0.03029	0.05242	0.03116	0.29549	0.37679	0.01434	0.02121	0.01292	0.00596	0.00825
33	0.02742	0.56531	0.11747	0.01953	0.02937	0.03977	0.02060	0.03188	0.02158	0.02591	0.01521	0.01760	0.01355	0.00917	0.00717	0.00239	0.01182	0.00591	0.00452	0.01381
34	0.01493	0.01104	0.01409	0.01398	0.01664	0.01019	0.01092	0.01951	0.02797	0.03819	0.39293	0.08995	0.16865	0.02383	0.01286	0.00364	0.00590	0.10406	0.01100	0.00976
35	0.02554	0.02547	0.03525	0.14930	0.32219	0.09069	0.02729	0.03304	0.06537	0.03229	0.02436	0.07703	0.02163	0.01220	0.01065	0.00329	0.01274	0.01105	0.00599	0.01462
36	0.01476	0.01080	0.01386	0.01309	0.01567	0.00989	0.00982	0.01957	0.02946	0.04128	0.52047	0.08082	0.13688	0.02203	0.01247	0.00335	0.00502	0.01938	0.01149	0.00989
37	0.01379	0.01078	0.01257	0.01259	0.01551	0.00955	0.00957	0.01745	0.02604	0.03380	0.26522	0.12375	0.32259	0.02543	0.01271	0.00363	0.00562	0.05955	0.01048	0.00936
38	0.11164	0.01996	0.02457	0.02012	0.02649	0.02106	0.01644	0.04640	0.12966	0.32755	0.03494	0.03274	0.02398	0.01377	0.01373	0.00353	0.09652	0.01016	0.01066	0.01608

[dist]
# distance from previous block
# <min> <max>
0	1

[block]
# block no. 2 follows, 13 sequences, length 40
# corresponding to MSA columns:
# 827-866
name=unknown_C
#
# <colnr> <probs for GDERKNQSTAVLIFYWHMCP>
#	G	D	E	R	K	N	Q	S	T	A	V	L	I	F	Y	W	H	M	C	P
0	0.03097	0.29032	0.11926	0.02242	0.03171	0.13031	0.02151	0.12637	0.02841	0.03483	0.01791	0.02005	0.01453	0.01011	0.00852	0.00262	0.01309	0.00694	0.00594	0.06417
1	0.47162	0.23117	0.02921	0.01534	0.02274	0.02993	0.01373	0.03128	0.01919	0.03970	0.01471	0.01710	0.01218	0.00955	0.00663	0.00293	0.00925	0.00570	0.00585	0.01218
2	0.01516	0.01112	0.01593	0.01593	0.01745	0.01264	0.01189	0.01820	0.01668	0.02376	0.02929	0.04691	0.02877	0.18599	0.48302	0.01568	0.02481	0.01211	0.00581	0.00885
3	0.02358	0.02133	0.03348	0.03154	0.11457	0.02174	0.13617	0.07577	0.14322	0.04067	0.15723	0.07931	0.04339	0.01508	0.01168	0.00346	0.01056	0.01432	0.00877	0.01413
4	0.02140	0.07631	0.07651	0.02486	0.08194	0.02137	0.05739	0.03393	0.17024	0.03681	0.14581	0.05172	0.12583	0.01603	0.01107	0.00335	0.00929	0.01392	0.00867	0.01355
5	0.03158	0.07174	0.03408	0.07415	0.03613	0.02544	0.10008	0.08391	0.21816	0.16048	0.03352	0.03304	0.02410	0.01230	0.01066	0.00337	0.01102	0.01083	0.00938	0.01604
6	0.02497	0.12299	0.18019	0.02032	0.03129	0.02137	0.02100	0.03151	0.02271	0.08036	0.02026	0.02253	0.01565	0.00910	0.00853	0.00232	0.01063	0.00699	0.00611	0.34119
7	0.03056	0.29494	0.13784	0.02618	0.07499	0.08374	0.02359	0.14537	0.02899	0.03672	0.01843	0.02074	0.01480	0.01024	0.00876	0.00277	0.01293	0.00731	0.00602	0.01507
8	0.70310	0.02045	0.01554	0.01390	0.02045	0.02372	0.01145	0.03108	0.01799	0.04744	0.01472	0.01718	0.01145	0.00981	0.00654	0.00327	0.00818	0.00573	0.00654	0.01145
9	0.01285	0.00933	0.01214	0.01438	0.01525	0.00862	0.00966	0.01476	0.02057	0.02712	0.06240	0.57759	0.11119	0.03259	0.01341	0.00423	0.00607	0.02940	0.00982	0.00862
10	0.01318	0.01073	0.01175	0.01216	0.01527	0.00931	0.00926	0.01618	0.02421	0.02975	0.13039	0.14815	0.42992	0.02722	0.01280	0.00375	0.00585	0.07112	0.00994	0.00906
11	0.01510	0.01114	0.01601	0.01586	0.01769	0.01239	0.01205	0.01876	0.01910	0.02729	0.12076	0.05051	0.04026	0.11812	0.43920	0.01401	0.02265	0.01304	0.00677	0.00926
12	0.02416	0.02281	0.03867	0.13551	0.43767	0.02367	0.03003	0.03029	0.02293	0.03245	0.02060	0.02804	0.01737	0.01679	0.06987	0.00462	0.01440	0.00961	0.00520	0.01529
13	0.02827	0.63478	0.05540	0.01809	0.02714	0.04184	0.01809	0.03166	0.02148	0.02488	0.01470	0.01696	0.01357	0.00905	0.00678	0.00226	0.01131	0.00565	0.00452	0.01357
14	0.01528	0.01063	0.01344	0.01344	0.01410	0.01129	0.00879	0.01660	0.01594	0.02192	0.03157	0.05952	0.03424	0.43636	0.24014	0.01261	0.01657	0.01396	0.00615	0.00747
15	0.02328	0.03269	0.24646	0.03170	0.12081	0.02011	0.06920	0.03135	0.02474	0.08992	0.11488	0.08542	0.03473	0.01406	0.01108	0.00340	0.01205	0.01254	0.00721	0.01439
16	0.02424	0.03450	0.28602	0.02717	0.08815	0.01928	0.02683	0.03229	0.02473	0.12519	0.07765	0.04303	0.11707	0.01426	0.01079	0.00335	0.01161	0.01181	0.00748	0.01457
17	0.70310	0.02045	0.01554	0.01390	0.02045	0.02372	0.01145	0.03108	0.01799	0.04744	0.01472	0.01718	0.01145	0.00981	0.00654	0.00327	0.00818	0.00573	0.00654	0.01145
18	0.02834	0.08333	0.11775	0.05998	0.03526	0.02775	0.05059	0.19187	0.15072	0.04480	0.03411	0.03453	0.06786	0.01323	0.01048	0.00329	0.01144	0.01077	0.00838	0.01552
19	0.70310	0.02045	0.01554	0.01390	0.02045	0.02372	0.01145	0.03108	0.01799	0.04744	0.01472	0.01718	0.01145	0.00981	0.00654	0.00327	0.00818	0.00573	0.00654	0.01145
20	0.02929	0.08053	0.16914	0.02932	0.12526	0.02178	0.02412	0.03720	0.05435	0.17151	0.02844	0.06427	0.02214	0.01208	0.01001	0.00308	0.01117	0.01010	0.00771	0.08851
21	0.02057	0.01722	0.02664	0.02579	0.07353	0.01708	0.10039	0.10330	0.02620	0.03530	0.04326	0.37100	0.04761	0.02359	0.01258	0.00389	0.00958	0.02190	0.00878	0.01181
22	0.02192	0.01879	0.02192	0.01566	0.02506	0.01409	0.01253	0.02662	0.02192	0.03445	0.01879	0.02192	0.01566	0.00783	0.00783	0.00157	0.00783	0.00626	0.00626	0.69305
23	0.09188	0.02585	0.11956	0.03139	0.12233	0.02115	0.11204	0.03193	0.08244	0.03881	0.16931	0.04100	0.04002	0.01336	0.01094	0.00336	0.01101	0.01227	0.00763	0.01371
24	0.08767	0.41141	0.09295	0.02332	0.08238	0.03411	0.02013	0.03042	0.02140	0.02887	0.01930	0.06950	0.01845	0.01128	0.00800	0.00271	0.01110	0.00830	0.00522	0.01347
25	0.51478	0.08946	0.07178	0.01695	0.02449	0.07359	0.01542	0.03231	0.01977	0.04200	0.01525	0.01778	0.01203	0.00985	0.00714	0.00313	0.01011	0.00600	0.00605	0.01212
26	0.02466	0.03061	0.10327	0.04341	0.05450	0.02656	0.48528	0.03384	0.02474	0.03384	0.02120	0.02802	0.01583	0.00900	0.01228	0.00355	0.01765	0.01210	0.00528	0.01437
27	0.02218	0.04793	0.44152	0.03386	0.04822	0.02512	0.16440	0.03358	0.02300	0.03358	0.01960	0.02392	0.01408	0.00975	0.01067	0.00340	0.01619	0.00902	0.00469	0.01527
28	0.01579	0.01064	0.01339	0.01270	0.01519	0.00996	0.00953	0.02077	0.02858	0.04188	0.46596	0.07209	0.08712	0.02000	0.01159	0.00318	0.00498	0.01751	0.12921	0.00996
29	0.02061	0.01679	0.01899	0.01766	0.02178	0.01825	0.01344	0.03813	0.29335	0.04194	0.24689	0.10811	0.06230	0.01892	0.01168	0.00355	0.00683	0.01643	0.01102	0.01333
30	0.01538	0.01025	0.01153	0.01153	0.01153	0.01025	0.00641	0.01538	0.01538	0.02050	0.03331	0.06919	0.03844	0.62842	0.05382	0.01025	0.01025	0.01538	0.00641	0.00641
31	0.03149	0.24154	0.04444	0.02720	0.03421	0.24783	0.10721	0.03547	0.02481	0.02688	0.01641	0.02041	0.01405	0.01071	0.01171	0.00291	0.07706	0.00765	0.00503	0.01298
32	0.01510	0.01133	0.01699	0.01699	0.01888	0.01322	0.01322	0.01888	0.01699	0.02454	0.02832	0.04154	0.02643	0.07930	0.58652	0.01699	0.02832	0.01133	0.00566	0.00944
33	0.02142	0.01759	0.01970	0.01798	0.02246	0.01928	0.01383	0.04059	0.32245	0.04344	0.26413	0.05646	0.06131	0.01747	0.01150	0.00347	0.00691	0.01504	0.01114	0.01383
34	0.30990	0.01898	0.02094	0.01685	0.02437	0.01881	0.01390	0.04334	0.02535	0.36069	0.03091	0.02846	0.02028	0.01178	0.00900	0.00327	0.00867	0.00867	0.01047	0.01537
35	0.01510	0.01133	0.01699	0.01699	0.01888	0.01322	0.01322	0.01888	0.01699	0.02454	0.02832	0.04154	0.02643	0.07930	0.58652	0.01699	0.02832	0.01133	0.00566	0.00944
36	0.03950	0.05039	0.02996	0.02724	0.03269	0.58597	0.02043	0.04222	0.02996	0.02588	0.01634	0.01907	0.01362	0.01090	0.00953	0.00272	0.01907	0.00681	0.00545	0.01226
37	0.02121	0.05469	0.57364	0.03014	0.04576	0.02455	0.03906	0.03348	0.02232	0.03348	0.01897	0.02232	0.01339	0.01005	0.01005	0.00335	0.01563	0.00781	0.00446	0.01563
38	0.04055	0.03750	0.03031	0.02508	0.03222	0.26924	0.01982	0.27515	0.03944	0.09498	0.02298	0.02363	0.01685	0.01196	0.01013	0.00299	0.01459	0.00845	0.00860	0.01552
39	0.65181	0.02026	0.01624	0.01429	0.02096	0.02308	0.01177	0.03268	0.01895	0.08830	0.01683	0.01865	0.01260	0.01007	0.00686	0.00327	0.00824	0.00611	0.00706	0.01196

[dist]
# distance from previous block
# <min> <max>
0	9

[block]
# block no. 3 follows, 13 sequences, length 79
# corresponding to MSA columns:
# 876-954
name=unknown_D
#
# <colnr> <probs for GDERKNQSTAVLIFYWHMCP>
#	G	D	E	R	K	N	Q	S	T	A	V	L	I	F	Y	W	H	M	C	P
0	0.30717	0.02238	0.02251	0.01827	0.02541	0.02431	0.01499	0.20398	0.03196	0.14248	0.06771	0.02829	0.02348	0.01233	0.00911	0.00324	0.00924	0.00897	0.00946	0.01468
1	0.01945	0.01582	0.01931	0.06734	0.02511	0.01650	0.01395	0.03224	0.18608	0.04097	0.30796	0.05772	0.06466	0.01729	0.01140	0.00328	0.00705	0.01501	0.01032	0.06856
2	0.01250	0.01071	0.01071	0.01071	0.01428	0.00893	0.00803	0.01517	0.02410	0.02856	0.10711	0.10175	0.55817	0.02678	0.01250	0.00357	0.00536	0.02231	0.00982	0.00893
3	0.02827	0.63478	0.05540	0.01809	0.02714	0.04184	0.01809	0.03166	0.02148	0.02488	0.01470	0.01696	0.01357	0.00905	0.00678	0.00226	0.01131	0.00565	0.00452	0.01357
4	0.03663	0.02785	0.02973	0.02361	0.03143	0.03113	0.01923	0.40648	0.17624	0.06089	0.02991	0.02899	0.02164	0.01312	0.01062	0.00328	0.01080	0.01014	0.01062	0.01766
5	0.03578	0.02742	0.02925	0.02343	0.03111	0.03073	0.01903	0.37760	0.20651	0.05952	0.03099	0.02985	0.02252	0.01322	0.01063	0.00330	0.01060	0.01029	0.01063	0.01759
6	0.01517	0.01105	0.01559	0.01559	0.01700	0.01246	0.01147	0.01798	0.01658	0.02351	0.02960	0.04862	0.02951	0.22004	0.44998	0.01526	0.02369	0.01237	0.00585	0.00866
7	0.02210	0.02198	0.03233	0.51569	0.10318	0.07256	0.02880	0.02871	0.02211	0.02744	0.01866	0.02726	0.01424	0.01052	0.01047	0.00343	0.01442	0.00917	0.00480	0.01214
8	0.02472	0.02564	0.04966	0.13660	0.27001	0.02558	0.24446	0.03225	0.02402	0.03312	0.02037	0.02749	0.01605	0.00937	0.01135	0.00338	0.01507	0.01074	0.00520	0.01492
9	0.58773	0.02565	0.01805	0.01622	0.02258	0.12147	0.01301	0.03302	0.02007	0.04369	0.01500	0.01750	0.01183	0.01000	0.00706	0.00318	0.01007	0.00591	0.00635	0.01159
10	0.02883	0.01864	0.03033	0.32368	0.05205	0.02008	0.06130	0.03490	0.02509	0.20433	0.06977	0.03483	0.02505	0.01215	0.01089	0.00343	0.01200	0.01082	0.00802	0.01382
11	0.02280	0.01804	0.02113	0.01544	0.02425	0.01374	0.01234	0.02728	0.02266	0.06930	0.02794	0.02975	0.06322	0.00981	0.00842	0.00185	0.00769	0.00794	0.00702	0.58937
12	0.04744	0.01799	0.02454	0.01881	0.02699	0.01554	0.01554	0.05153	0.03026	0.56979	0.04171	0.03599	0.02617	0.01309	0.01063	0.00327	0.00900	0.01063	0.01309	0.01799
13	0.02969	0.03044	0.09146	0.04049	0.13553	0.02820	0.23872	0.19007	0.03244	0.04435	0.02220	0.02661	0.01656	0.01029	0.01132	0.00335	0.01476	0.01062	0.00691	0.01599
14	0.02815	0.02230	0.02396	0.02128	0.02745	0.02536	0.01663	0.05578	0.49848	0.09020	0.04292	0.03915	0.03174	0.01423	0.01075	0.00356	0.00842	0.01184	0.01096	0.01685
15	0.02082	0.02045	0.03693	0.50799	0.06983	0.02404	0.11353	0.02818	0.02179	0.02818	0.01923	0.02825	0.01443	0.01029	0.01090	0.00353	0.01473	0.00992	0.00481	0.01217
16	0.01288	0.00920	0.01227	0.01472	0.01534	0.00859	0.00981	0.01472	0.02024	0.02699	0.05828	0.62152	0.06993	0.03312	0.01350	0.00429	0.00613	0.03006	0.00981	0.00859
17	0.70310	0.02045	0.01554	0.01390	0.02045	0.02372	0.01145	0.03108	0.01799	0.04744	0.01472	0.01718	0.01145	0.00981	0.00654	0.00327	0.00818	0.00573	0.00654	0.01145
18	0.01336	0.01074	0.01191	0.01162	0.01481	0.00929	0.00871	0.01684	0.02614	0.03340	0.26439	0.09379	0.39787	0.02497	0.01249	0.00348	0.00523	0.02120	0.01046	0.00929
19	0.24134	0.03465	0.02871	0.02708	0.07654	0.27453	0.05698	0.03808	0.02542	0.07873	0.01864	0.02123	0.01445	0.01046	0.00901	0.00304	0.01423	0.00746	0.00639	0.01303
20	0.64584	0.02124	0.01694	0.01480	0.02151	0.02450	0.01220	0.07394	0.02073	0.04910	0.01564	0.01788	0.01201	0.01006	0.00689	0.00326	0.00848	0.00605	0.00689	0.01201
21	0.01527	0.01091	0.01501	0.01745	0.01911	0.01064	0.01396	0.01885	0.02259	0.02966	0.05696	0.33326	0.06472	0.03088	0.01413	0.00462	0.00820	0.29478	0.00977	0.00925
22	0.01250	0.01071	0.01071	0.01071	0.01428	0.00893	0.00803	0.01517	0.02410	0.02856	0.10711	0.10175	0.55817	0.02678	0.01250	0.00357	0.00536	0.02231	0.00982	0.00893
23	0.02192	0.01879	0.02192	0.01566	0.02506	0.01409	0.01253	0.02662	0.02192	0.03445	0.01879	0.02192	0.01566	0.00783	0.00783	0.00157	0.00783	0.00626	0.00626	0.69305
24	0.70310	0.02045	0.01554	0.01390	0.02045	0.02372	0.01145	0.03108	0.01799	0.04744	0.01472	0.01718	0.01145	0.00981	0.00654	0.00327	0.00818	0.00573	0.00654	0.01145
25	0.01538	0.01025	0.01153	0.01153	0.01153	0.01025	0.00641	0.01538	0.01538	0.02050	0.03331	0.06919	0.03844	0.62842	0.05382	0.01025	0.01025	0.01538	0.00641	0.00641
26	0.02187	0.10887	0.52524	0.02901	0.04402	0.02617	0.03711	0.03331	0.02224	0.03268	0.01858	0.02182	0.01341	0.00995	0.00974	0.00325	0.01522	0.00761	0.00447	0.01543
27	0.01657	0.02654	0.21719	0.02046	0.02737	0.01508	0.02141	0.02288	0.02238	0.03043	0.05200	0.22659	0.13203	0.02295	0.01226	0.00392	0.01008	0.10061	0.00785	0.01141
28	0.58903	0.02002	0.01711	0.01476	0.02159	0.02230	0.01216	0.03464	0.02013	0.13831	0.01942	0.02045	0.01401	0.01038	0.00725	0.00327	0.00832	0.00658	0.00768	0.01259
29	0.01266	0.01007	0.01138	0.01242	0.01473	0.00878	0.00879	0.01498	0.02245	0.02789	0.08626	0.32370	0.34969	0.02949	0.01292	0.00388	0.00569	0.02562	0.00982	0.00878
30	0.02547	0.02355	0.03845	0.22874	0.36381	0.02529	0.03041	0.07404	0.02541	0.03501	0.02003	0.02673	0.01603	0.01006	0.01051	0.00326	0.01296	0.00942	0.00553	0.01530
31	0.13079	0.06969	0.07032	0.02151	0.02916	0.02847	0.01864	0.16491	0.26513	0.04801	0.03055	0.02971	0.02283	0.01255	0.00975	0.00333	0.00993	0.00965	0.00915	0.01594
32	0.01704	0.01217	0.01704	0.01947	0.02191	0.01217	0.01704	0.02191	0.02434	0.03164	0.05598	0.11926	0.06085	0.02921	0.01460	0.00487	0.00974	0.49130	0.00974	0.00974
33	0.02460	0.02392	0.04197	0.19010	0.40278	0.02488	0.07451	0.03129	0.02346	0.03271	0.01976	0.02685	0.01606	0.00965	0.01067	0.00327	0.01338	0.00968	0.00512	0.01535
34	0.02600	0.01515	0.01931	0.01552	0.02162	0.01273	0.01227	0.03065	0.02766	0.18591	0.25570	0.05026	0.05460	0.01519	0.01059	0.00279	0.00694	0.01298	0.01045	0.21367
35	0.70310	0.02045	0.01554	0.01390	0.02045	0.02372	0.01145	0.03108	0.01799	0.04744	0.01472	0.01718	0.01145	0.00981	0.00654	0.00327	0.00818	0.00573	0.00654	0.01145
36	0.63990	0.02066	0.01632	0.01462	0.02111	0.02396	0.01194	0.03342	0.06706	0.04714	0.01737	0.01926	0.01340	0.01024	0.00694	0.00330	0.00820	0.00631	0.00694	0.01194
37	0.02587	0.02426	0.04087	0.10300	0.39200	0.02470	0.07554	0.07111	0.02637	0.03695	0.05750	0.03015	0.02229	0.01058	0.01081	0.00323	0.01259	0.01038	0.00607	0.01571
38	0.01997	0.01879	0.03171	0.60301	0.07282	0.02349	0.02936	0.02701	0.02114	0.02701	0.01879	0.02819	0.01409	0.01057	0.01057	0.00352	0.01409	0.00940	0.00470	0.01175
39	0.01997	0.01879	0.03171	0.60301	0.07282	0.02349	0.02936	0.02701	0.02114	0.02701	0.01879	0.02819	0.01409	0.01057	0.01057	0.00352	0.01409	0.00940	0.00470	0.01175
40	0.01316	0.01064	0.01112	0.01105	0.01396	0.00923	0.00793	0.01559	0.02315	0.02837	0.13136	0.09463	0.43676	0.12414	0.01921	0.00464	0.00612	0.02093	0.00941	0.00860
41	0.01372	0.01076	0.01241	0.01200	0.01503	0.00945	0.00900	0.01755	0.02700	0.03544	0.33083	0.09043	0.33016	0.02421	0.01248	0.00345	0.00517	0.02073	0.01072	0.00945
42	0.01496	0.01081	0.01413	0.01330	0.01580	0.00998	0.00998	0.01995	0.02993	0.04240	0.55689	0.07898	0.09976	0.02162	0.01247	0.00333	0.00499	0.01912	0.01164	0.00998
43	0.02351	0.01973	0.02278	0.01641	0.02573	0.01572	0.01319	0.07019	0.02434	0.03725	0.01937	0.02223	0.01586	0.00825	0.00807	0.00171	0.00816	0.00655	0.00664	0.63430
44	0.02192	0.01879	0.02192	0.01566	0.02506	0.01409	0.01253	0.02662	0.02192	0.03445	0.01879	0.02192	0.01566	0.00783	0.00783	0.00157	0.00783	0.00626	0.00626	0.69305
45	0.03079	0.03942	0.33783	0.02904	0.08183	0.02145	0.03029	0.03971	0.02524	0.22111	0.02700	0.02742	0.01814	0.01106	0.01029	0.00330	0.01305	0.00893	0.00754	0.01655
46	0.01288	0.00920	0.01227	0.01472	0.01534	0.00859	0.00981	0.01472	0.02024	0.02699	0.05828	0.62152	0.06993	0.03312	0.01350	0.00429	0.00613	0.03006	0.00981	0.00859
47	0.70310	0.02045	0.01554	0.01390	0.02045	0.02372	0.01145	0.03108	0.01799	0.04744	0.01472	0.01718	0.01145	0.00981	0.00654	0.00327	0.00818	0.00573	0.00654	0.01145
48	0.02192	0.01879	0.02192	0.01566	0.02506	0.01409	0.01253	0.02662	0.02192	0.03445	0.01879	0.02192	0.01566	0.00783	0.00783	0.00157	0.00783	0.00626	0.00626	0.69305
49	0.02192	0.01879	0.02192	0.01566	0.02506	0.01409	0.01253	0.02662	0.02192	0.03445	0.01879	0.02192	0.01566	0.00783	0.00783	0.00157	0.00783	0.00626	0.00626	0.69305
50	0.01644	0.01258	0.01530	0.01430	0.01741	0.01233	0.01082	0.02495	0.10622	0.04146	0.44068	0.07506	0.12977	0.02098	0.01222	0.00339	0.00553	0.01833	0.01135	0.01090
51	0.70310	0.02045	0.01554	0.01390	0.02045	0.02372	0.01145	0.03108	0.01799	0.04744	0.01472	0.01718	0.01145	0.00981	0.00654	0.00327	0.00818	0.00573	0.00654	0.01145
52	0.02192	0.01879	0.02192	0.01566	0.02506	0.01409	0.01253	0.02662	0.02192	0.03445	0.01879	0.02192	0.01566	0.00783	0.00783	0.00157	0.00783	0.00626	0.00626	0.69305
53	0.04368	0.02403	0.02827	0.02168	0.03000	0.02450	0.01791	0.29852	0.04036	0.30853	0.03323	0.03048	0.02192	0.01288	0.01060	0.00322	0.01037	0.01005	0.01178	0.01799
54	0.02630	0.02271	0.02391	0.02152	0.02749	0.02630	0.01674	0.05618	0.54336	0.04423	0.04303	0.03945	0.03228	0.01434	0.01076	0.00359	0.00837	0.01195	0.01076	0.01674
55	0.01538	0.01025	0.01153	0.01153	0.01153	0.01025	0.00641	0.01538	0.01538	0.02050	0.03331	0.06919	0.03844	0.62842	0.05382	0.01025	0.01025	0.01538	0.00641	0.00641
56	0.01538	0.01025	0.01153	0.01153	0.01153	0.01025	0.00641	0.01538	0.01538	0.02050	0.03331	0.06919	0.03844	0.62842	0.05382	0.01025	0.01025	0.01538	0.00641	0.00641
57	0.04019	0.02962	0.03173	0.02433	0.03279	0.03279	0.02010	0.52721	0.04971	0.06663	0.02538	0.02538	0.01798	0.01269	0.01058	0.00317	0.01163	0.00952	0.01058	0.01798
58	0.04622	0.01995	0.02575	0.01974	0.02796	0.01844	0.01631	0.13147	0.03353	0.48523	0.03897	0.03421	0.02480	0.01302	0.01062	0.00326	0.00944	0.01045	0.01266	0.01799
59	0.02617	0.02512	0.04292	0.06490	0.56246	0.02512	0.03245	0.03245	0.02407	0.03454	0.01989	0.02617	0.01675	0.00942	0.01047	0.00314	0.01256	0.00942	0.00523	0.01675
60	0.02496	0.02852	0.06239	0.04456	0.05526	0.02674	0.52406	0.03387	0.02496	0.03387	0.02139	0.02852	0.01604	0.00891	0.01248	0.00357	0.01783	0.01248	0.00535	0.01426
61	0.01855	0.00979	0.01179	0.01179	0.01322	0.00993	0.00832	0.01994	0.01852	0.02996	0.02879	0.03984	0.02525	0.07844	0.06663	0.22339	0.00853	0.01023	0.35922	0.00785
62	0.02121	0.05469	0.57364	0.03014	0.04576	0.02455	0.03906	0.03348	0.02232	0.03348	0.01897	0.02232	0.01339	0.01005	0.01005	0.00335	0.01563	0.00781	0.00446	0.01563
63	0.01477	0.01080	0.01386	0.01310	0.01568	0.00989	0.00982	0.01957	0.02947	0.04130	0.52127	0.08078	0.13606	0.02202	0.01247	0.00334	0.00502	0.01937	0.01149	0.00989
64	0.01538	0.01025	0.01153	0.01153	0.01153	0.01025	0.00641	0.01538	0.01538	0.02050	0.03331	0.06919	0.03844	0.62842	0.05382	0.01025	0.01025	0.01538	0.00641	0.00641
65	0.02932	0.58020	0.05303	0.01895	0.02766	0.09265	0.01831	0.03265	0.02228	0.02497	0.01485	0.01716	0.01357	0.00922	0.00704	0.00230	0.01203	0.00576	0.00461	0.01345
66	0.01398	0.01077	0.01276	0.01227	0.01519	0.00956	0.00920	0.01804	0.02760	0.03686	0.37691	0.08809	0.28319	0.02368	0.01248	0.00342	0.00514	0.02040	0.01091	0.00956
67	0.02153	0.05241	0.52914	0.03139	0.04659	0.02474	0.08128	0.03352	0.02255	0.03352	0.01918	0.02286	0.01362	0.00995	0.01026	0.00337	0.01582	0.00822	0.00454	0.01551
68	0.01288	0.00920	0.01227	0.01472	0.01534	0.00859	0.00981	0.01472	0.02024	0.02699	0.05828	0.62152	0.06993	0.03312	0.01350	0.00429	0.00613	0.03006	0.00981	0.00859
69	0.01532	0.01286	0.01853	0.20940	0.03425	0.01373	0.01592	0.01933	0.02219	0.02858	0.09579	0.26223	0.16546	0.02326	0.01221	0.00380	0.00851	0.02055	0.00826	0.00983
70	0.14666	0.20948	0.03440	0.02233	0.06961	0.02878	0.01753	0.07770	0.10830	0.14918	0.02608	0.02593	0.01941	0.01117	0.00877	0.00299	0.00996	0.00831	0.00816	0.01523
71	0.01759	0.01333	0.01582	0.01468	0.01801	0.01310	0.01112	0.06626	0.07428	0.04120	0.35316	0.11927	0.15740	0.02198	0.01225	0.00345	0.00601	0.01907	0.01103	0.01098
72	0.02342	0.02272	0.03983	0.29229	0.31014	0.02457	0.07360	0.03026	0.02290	0.03128	0.01955	0.02723	0.01556	0.00987	0.01069	0.00334	0.01367	0.00967	0.00502	0.01440
73	0.03173	0.02780	0.03026	0.02491	0.03204	0.07675	0.06228	0.20265	0.29709	0.04886	0.03324	0.03227	0.02471	0.01305	0.01074	0.00338	0.01115	0.01078	0.00977	0.01653
74	0.01971	0.00985	0.00985	0.00985	0.01232	0.00985	0.00739	0.02464	0.02217	0.03942	0.03449	0.03942	0.02710	0.01232	0.00739	0.00246	0.00493	0.00985	0.68712	0.00985
75	0.02795	0.02463	0.07210	0.21585	0.04483	0.02524	0.02315	0.11858	0.20179	0.09026	0.03012	0.03178	0.02188	0.01236	0.01060	0.00345	0.01143	0.01026	0.00842	0.01530
76	0.02038	0.01960	0.03424	0.55693	0.07137	0.02376	0.07018	0.02758	0.02146	0.02758	0.01901	0.02822	0.01426	0.01043	0.01073	0.00353	0.01440	0.00965	0.00475	0.01195
77	0.02508	0.02782	0.12920	0.28057	0.10479	0.02451	0.10743	0.07103	0.02512	0.07124	0.02147	0.02738	0.01569	0.01046	0.01078	0.00342	0.01424	0.00971	0.00587	0.01420
78	0.18581	0.02616	0.04833	0.03553	0.04488	0.02599	0.36361	0.03492	0.06309	0.03788	0.02147	0.02667	0.01620	0.00954	0.01094	0.00350	0.01481	0.01084	0.00605	0.01378

[dist]
# distance from previous block
# <min> <max>
0	3

[block]
# block no. 4 follows, 13 sequences, length 10
# corresponding to MSA columns:
# 958-967
name=unknown_E
#
# <colnr> <probs for GDERKNQSTAVLIFYWHMCP>
#	G	D	E	R	K	N	Q	S	T	A	V	L	I	F	Y	W	H	M	C	P
0	0.26492	0.01666	0.01658	0.01488	0.01935	0.01805	0.01151	0.06760	0.06553	0.04425	0.22991	0.04846	0.05041	0.07340	0.01396	0.00397	0.00743	0.01262	0.00916	0.01134
1	0.25619	0.01670	0.01740	0.01658	0.02094	0.01796	0.01334	0.07859	0.02366	0.07165	0.03488	0.10345	0.03501	0.10039	0.01633	0.00472	0.00913	0.14341	0.00849	0.01116
2	0.01654	0.01159	0.01537	0.01707	0.01877	0.01159	0.01382	0.01993	0.02163	0.02827	0.04913	0.10413	0.05408	0.21031	0.02645	0.00649	0.00989	0.34746	0.00873	0.00873
3	0.17155	0.01427	0.01434	0.01357	0.01608	0.01540	0.00926	0.02481	0.08804	0.03181	0.07988	0.05443	0.03733	0.34968	0.03351	0.00713	0.00904	0.01310	0.00751	0.00926
4	0.04019	0.02962	0.03173	0.02433	0.03279	0.03279	0.02010	0.52721	0.04971	0.06663	0.02538	0.02538	0.01798	0.01269	0.01058	0.00317	0.01163	0.00952	0.01058	0.01798
5	0.03273	0.24351	0.03860	0.05953	0.03266	0.14496	0.01961	0.16206	0.10018	0.03836	0.02179	0.02324	0.01723	0.01114	0.00907	0.00284	0.01273	0.00795	0.00708	0.01473
6	0.01407	0.01052	0.01306	0.01295	0.01538	0.00951	0.00951	0.01802	0.02703	0.03677	0.37413	0.17284	0.19803	0.02466	0.01264	0.00354	0.00526	0.02163	0.01093	0.00951
7	0.01496	0.01081	0.01413	0.01330	0.01580	0.00998	0.00998	0.01995	0.02993	0.04240	0.55689	0.07898	0.09976	0.02162	0.01247	0.00333	0.00499	0.01912	0.01164	0.00998
8	0.01971	0.00985	0.00985	0.00985	0.01232	0.00985	0.00739	0.02464	0.02217	0.03942	0.03449	0.03942	0.02710	0.01232	0.00739	0.00246	0.00493	0.00985	0.68712	0.00985
9	0.02408	0.04989	0.43492	0.02863	0.04175	0.09201	0.03384	0.03757	0.09301	0.03401	0.02188	0.02423	0.01595	0.01072	0.01008	0.00331	0.01507	0.00825	0.00543	0.01537

[dist]
# distance from previous block
# <min> <max>
0	1

# created by:
# /st0/software/busco_prod/Augustus/scripts/msa2prfl.pl ./align_prep/5366.fa
