[name]
unknown

[dist]
# distance from previous block
# <min> <max>
0	173

[block]
# block no. 0 follows, 14 sequences, length 12
# corresponding to MSA columns:
# 174-185
name=unknown_A
#
# <colnr> <probs for GDERKNQSTAVLIFYWHMCP>
#	G	D	E	R	K	N	Q	S	T	A	V	L	I	F	Y	W	H	M	C	P
0	0.04604	0.01746	0.02382	0.01826	0.02620	0.01508	0.01508	0.05001	0.02937	0.58244	0.04049	0.03493	0.02540	0.01270	0.01032	0.00318	0.00873	0.01032	0.01270	0.01746
1	0.01827	0.01238	0.01511	0.01362	0.01710	0.01156	0.01046	0.06025	0.02939	0.08104	0.39525	0.07401	0.18058	0.02070	0.01184	0.00326	0.00569	0.01785	0.01097	0.01065
2	0.03369	0.02489	0.08620	0.03013	0.09864	0.02201	0.11020	0.07569	0.06731	0.25387	0.02955	0.02994	0.02049	0.01174	0.01224	0.00333	0.05521	0.01016	0.00878	0.01594
3	0.04288	0.02253	0.02695	0.02066	0.02873	0.02261	0.01707	0.27069	0.03785	0.34978	0.03336	0.03030	0.02183	0.01253	0.01030	0.00313	0.00988	0.00983	0.01161	0.01746
4	0.01250	0.00893	0.01191	0.01429	0.01488	0.00834	0.00953	0.01429	0.01965	0.02620	0.05656	0.63265	0.06787	0.03215	0.01310	0.00417	0.00595	0.02917	0.00953	0.00834
5	0.02124	0.01283	0.01856	0.08253	0.06338	0.01245	0.01429	0.02434	0.02206	0.14418	0.04642	0.39848	0.04944	0.02406	0.01200	0.00380	0.00781	0.02162	0.00935	0.01116
6	0.02405	0.02236	0.03547	0.05093	0.42608	0.02286	0.02667	0.03342	0.11008	0.03428	0.02694	0.09214	0.02421	0.01237	0.01052	0.00324	0.01086	0.01168	0.00643	0.01541
7	0.01873	0.01624	0.02253	0.02034	0.02080	0.02107	0.01597	0.02043	0.01560	0.02308	0.02094	0.03621	0.02145	0.15489	0.17887	0.05583	0.31203	0.01064	0.00508	0.00928
8	0.01647	0.01208	0.01477	0.01446	0.01700	0.01173	0.01062	0.07931	0.02732	0.03715	0.27078	0.27853	0.12129	0.02456	0.01226	0.00358	0.00606	0.02167	0.01035	0.01001
9	0.24741	0.09754	0.20819	0.09176	0.03578	0.02530	0.02339	0.06723	0.02237	0.06846	0.01830	0.02113	0.01350	0.00998	0.00844	0.00312	0.01157	0.00716	0.00590	0.01348
10	0.10848	0.13706	0.04224	0.04369	0.30766	0.02787	0.08792	0.06687	0.02405	0.03541	0.01834	0.02297	0.01508	0.00928	0.00930	0.00296	0.01203	0.00842	0.00548	0.01487
11	0.01901	0.02207	0.09890	0.14753	0.04114	0.01872	0.16768	0.02620	0.02503	0.03468	0.23374	0.04596	0.04651	0.01391	0.01144	0.00334	0.01145	0.01346	0.00734	0.01188

[dist]
# distance from previous block
# <min> <max>
1	5

[block]
# block no. 1 follows, 14 sequences, length 7
# corresponding to MSA columns:
# 191-197
name=unknown_B
#
# <colnr> <probs for GDERKNQSTAVLIFYWHMCP>
#	G	D	E	R	K	N	Q	S	T	A	V	L	I	F	Y	W	H	M	C	P
0	0.03346	0.02417	0.03101	0.02911	0.11256	0.02563	0.05326	0.20929	0.18191	0.14259	0.03115	0.03057	0.02243	0.01212	0.01043	0.00323	0.01048	0.01026	0.00963	0.01670
1	0.03252	0.08433	0.03811	0.02815	0.03574	0.19374	0.14045	0.16780	0.10565	0.03943	0.02273	0.02481	0.01737	0.01089	0.01013	0.00303	0.01431	0.00917	0.00718	0.01448
2	0.02844	0.05876	0.06822	0.02141	0.02821	0.05966	0.05406	0.13207	0.06268	0.12159	0.03321	0.16837	0.03020	0.01597	0.01055	0.00321	0.01033	0.01366	0.00867	0.07075
3	0.01307	0.00917	0.01174	0.01356	0.01402	0.00871	0.00875	0.01444	0.01854	0.02472	0.05089	0.50019	0.06071	0.17438	0.02227	0.00552	0.00689	0.02584	0.00875	0.00784
4	0.01655	0.08923	0.08367	0.01470	0.01763	0.01483	0.01195	0.01870	0.01740	0.02319	0.03365	0.17414	0.03803	0.36479	0.03373	0.00705	0.00984	0.01594	0.00647	0.00852
5	0.02493	0.24347	0.36585	0.02452	0.03701	0.02858	0.02938	0.03337	0.02204	0.07532	0.01889	0.02107	0.01408	0.00968	0.00876	0.00290	0.01327	0.00713	0.00504	0.01470
6	0.02553	0.48114	0.20150	0.02080	0.03135	0.03595	0.02321	0.03122	0.02108	0.02646	0.01542	0.01791	0.01312	0.00905	0.00746	0.00249	0.01214	0.00607	0.00437	0.01372

[dist]
# distance from previous block
# <min> <max>
7	9

[block]
# block no. 2 follows, 14 sequences, length 8
# corresponding to MSA columns:
# 208-215
name=unknown_C
#
# <colnr> <probs for GDERKNQSTAVLIFYWHMCP>
#	G	D	E	R	K	N	Q	S	T	A	V	L	I	F	Y	W	H	M	C	P
0	0.01261	0.01004	0.01131	0.01179	0.01436	0.00874	0.00854	0.01537	0.02336	0.02950	0.16720	0.23029	0.36722	0.02674	0.01237	0.00360	0.00533	0.02306	0.00981	0.00874
1	0.04288	0.02253	0.02695	0.02066	0.02872	0.02260	0.01707	0.27060	0.03785	0.34987	0.03337	0.03031	0.02183	0.01253	0.01030	0.00313	0.00988	0.00983	0.01161	0.01746
2	0.01505	0.01137	0.01386	0.01519	0.01666	0.01155	0.01043	0.02154	0.11523	0.02862	0.05174	0.47567	0.05860	0.08338	0.01614	0.00456	0.00670	0.02475	0.00939	0.00956
3	0.02270	0.02162	0.03677	0.31080	0.34865	0.02367	0.03015	0.02913	0.02209	0.03024	0.01883	0.02628	0.01510	0.00964	0.01020	0.00321	0.01286	0.00913	0.00485	0.01407
4	0.02357	0.02220	0.03592	0.22618	0.34947	0.02405	0.02859	0.03289	0.09207	0.03252	0.02191	0.02768	0.01743	0.01011	0.01023	0.00322	0.01212	0.00946	0.00562	0.01477
5	0.02136	0.01776	0.02465	0.02175	0.02658	0.01857	0.08328	0.07198	0.17471	0.03919	0.15133	0.06757	0.05031	0.01900	0.01214	0.00378	0.00929	0.16457	0.00962	0.01258
6	0.02128	0.01824	0.02128	0.01520	0.02432	0.01368	0.01216	0.02584	0.02128	0.03344	0.01824	0.02128	0.01520	0.00760	0.00760	0.00152	0.00760	0.00608	0.00608	0.70208
7	0.02045	0.01983	0.03571	0.03291	0.10875	0.02043	0.18753	0.02598	0.02288	0.03179	0.09993	0.11180	0.03803	0.01716	0.01545	0.00379	0.10214	0.08647	0.00696	0.01200

[dist]
# distance from previous block
# <min> <max>
1	4

[block]
# block no. 3 follows, 14 sequences, length 29
# corresponding to MSA columns:
# 220-248
name=unknown_D
#
# <colnr> <probs for GDERKNQSTAVLIFYWHMCP>
#	G	D	E	R	K	N	Q	S	T	A	V	L	I	F	Y	W	H	M	C	P
0	0.13830	0.02064	0.02789	0.32728	0.08750	0.02434	0.02311	0.08885	0.09728	0.03666	0.02162	0.02664	0.01629	0.01079	0.00963	0.00332	0.01158	0.00888	0.00635	0.01304
1	0.03078	0.02832	0.03618	0.04423	0.30822	0.09146	0.02586	0.18731	0.03102	0.04142	0.02011	0.02418	0.01607	0.01092	0.01183	0.00312	0.05770	0.00888	0.00664	0.01576
2	0.03285	0.34400	0.03921	0.01898	0.02639	0.12490	0.01675	0.03609	0.02427	0.16401	0.02408	0.06503	0.02011	0.01171	0.00842	0.00265	0.01131	0.00856	0.00698	0.01369
3	0.02359	0.02215	0.03739	0.13423	0.44481	0.02278	0.02944	0.02964	0.02300	0.03221	0.02301	0.03560	0.02061	0.01141	0.01061	0.00328	0.01210	0.06380	0.00549	0.01484
4	0.01807	0.01468	0.01789	0.01534	0.02110	0.01184	0.01185	0.02181	0.02105	0.03093	0.03396	0.21812	0.03616	0.01740	0.01001	0.00269	0.00731	0.06916	0.00751	0.41313
5	0.01599	0.01324	0.01800	0.01964	0.07902	0.01343	0.01313	0.02003	0.02518	0.03477	0.31834	0.10520	0.17424	0.02107	0.01433	0.00346	0.07351	0.01777	0.00938	0.01029
6	0.02732	0.01925	0.02477	0.14202	0.03518	0.01784	0.01691	0.08696	0.02555	0.13497	0.02298	0.02540	0.01698	0.00960	0.00894	0.00239	0.00948	0.00783	0.00742	0.35819
7	0.01280	0.00994	0.01165	0.01225	0.01453	0.00879	0.00880	0.01565	0.02346	0.03030	0.19534	0.26907	0.29697	0.02686	0.01244	0.00364	0.00536	0.02342	0.00993	0.00879
8	0.02148	0.01939	0.02736	0.13352	0.08528	0.01713	0.04959	0.02686	0.02151	0.03206	0.01849	0.02319	0.01504	0.00830	0.00861	0.00214	0.00976	0.00730	0.00565	0.46732
9	0.01241	0.00999	0.01107	0.01169	0.01426	0.00865	0.00843	0.01495	0.02275	0.02830	0.12552	0.24854	0.39277	0.02736	0.01240	0.00365	0.00539	0.02356	0.00966	0.00865
10	0.02128	0.01824	0.02128	0.01520	0.02432	0.01368	0.01216	0.02584	0.02128	0.03344	0.01824	0.02128	0.01520	0.00760	0.00760	0.00152	0.00760	0.00608	0.00608	0.70208
11	0.02391	0.02488	0.03122	0.02690	0.02738	0.08334	0.02221	0.02619	0.01694	0.02474	0.01369	0.02209	0.01345	0.01728	0.03144	0.00432	0.56542	0.00876	0.00456	0.01129
12	0.02441	0.02009	0.02296	0.01668	0.02564	0.01688	0.01345	0.11666	0.02603	0.03895	0.01937	0.02187	0.01560	0.00843	0.00807	0.00179	0.00825	0.00664	0.00682	0.58141
13	0.01293	0.00936	0.01231	0.01452	0.01552	0.00875	0.01018	0.01510	0.02037	0.02682	0.05982	0.53518	0.10417	0.03127	0.01315	0.00418	0.00629	0.08207	0.00952	0.00848
14	0.01521	0.01258	0.01482	0.01538	0.01710	0.04708	0.01122	0.01786	0.01890	0.02479	0.04454	0.22787	0.09969	0.09329	0.27934	0.00996	0.01663	0.01773	0.00721	0.00882
15	0.06745	0.19999	0.03349	0.02323	0.06554	0.14531	0.01784	0.06973	0.16188	0.03482	0.06379	0.02807	0.02439	0.01165	0.00899	0.00286	0.01126	0.00874	0.00716	0.01381
16	0.09903	0.01537	0.01768	0.01597	0.02065	0.01500	0.01202	0.03102	0.11285	0.13000	0.03911	0.22779	0.03785	0.05834	0.01308	0.00373	0.00754	0.01579	0.00915	0.11802
17	0.02566	0.19274	0.33703	0.02776	0.07773	0.02796	0.02958	0.06848	0.02397	0.07045	0.01941	0.02178	0.01445	0.00985	0.00908	0.00296	0.01320	0.00749	0.00539	0.01507
18	0.30087	0.02724	0.08450	0.02331	0.07688	0.06709	0.01846	0.07262	0.15981	0.04233	0.02308	0.02425	0.01757	0.01091	0.00861	0.00320	0.01018	0.00799	0.00725	0.01384
19	0.03602	0.01917	0.02972	0.02269	0.03044	0.01753	0.12018	0.04308	0.07598	0.36087	0.04359	0.04079	0.08396	0.01345	0.01089	0.00329	0.01002	0.01205	0.01063	0.01565
20	0.02256	0.11544	0.46726	0.02844	0.04225	0.02624	0.06291	0.06043	0.02319	0.03338	0.01844	0.02160	0.01341	0.00972	0.00956	0.00314	0.01461	0.00770	0.00472	0.01500
21	0.01272	0.01005	0.01147	0.01189	0.01442	0.00879	0.00862	0.01559	0.02364	0.03015	0.18953	0.22760	0.34618	0.02648	0.01237	0.00359	0.00531	0.02289	0.00990	0.00879
22	0.01913	0.00956	0.00956	0.00956	0.01196	0.00956	0.00717	0.02391	0.02152	0.03826	0.03348	0.03826	0.02630	0.01196	0.00717	0.00239	0.00478	0.00956	0.69632	0.00956
23	0.01250	0.00893	0.01191	0.01429	0.01488	0.00834	0.00953	0.01429	0.01965	0.02620	0.05656	0.63265	0.06787	0.03215	0.01310	0.00417	0.00595	0.02917	0.00953	0.00834
24	0.01327	0.01021	0.01072	0.01072	0.01277	0.00919	0.00715	0.01481	0.01993	0.02452	0.07465	0.08583	0.35274	0.27694	0.02854	0.00612	0.00714	0.01890	0.00817	0.00766
25	0.01452	0.01049	0.01372	0.01291	0.01533	0.00968	0.00968	0.01937	0.02905	0.04115	0.56992	0.07666	0.09683	0.02098	0.01210	0.00323	0.00484	0.01856	0.01130	0.00968
26	0.02767	0.02362	0.03969	0.05807	0.51496	0.02336	0.02969	0.03353	0.02403	0.09388	0.02163	0.02645	0.01726	0.00953	0.01018	0.00306	0.01181	0.00927	0.00592	0.01639
27	0.02744	0.64552	0.05378	0.01756	0.02634	0.04061	0.01756	0.03073	0.02085	0.02414	0.01427	0.01646	0.01317	0.00878	0.00658	0.00219	0.01097	0.00549	0.00439	0.01317
28	0.02780	0.02559	0.03062	0.09276	0.07404	0.09206	0.02216	0.09702	0.07220	0.06313	0.02018	0.02517	0.01646	0.01425	0.02023	0.00371	0.27388	0.00909	0.00636	0.01329

[dist]
# distance from previous block
# <min> <max>
1	3

[block]
# block no. 4 follows, 14 sequences, length 12
# corresponding to MSA columns:
# 252-263
name=unknown_E
#
# <colnr> <probs for GDERKNQSTAVLIFYWHMCP>
#	G	D	E	R	K	N	Q	S	T	A	V	L	I	F	Y	W	H	M	C	P
0	0.02368	0.04168	0.36669	0.03506	0.09372	0.02381	0.16077	0.03370	0.02299	0.07046	0.02060	0.02442	0.01479	0.00962	0.01042	0.00328	0.01499	0.00904	0.00519	0.01509
1	0.63188	0.02369	0.08114	0.01532	0.02269	0.02312	0.01421	0.03044	0.01795	0.04448	0.01477	0.01725	0.01133	0.00955	0.00674	0.00318	0.00877	0.00579	0.00612	0.01158
2	0.24210	0.02162	0.02622	0.02266	0.02468	0.02875	0.01884	0.02644	0.01627	0.03150	0.01373	0.02061	0.01272	0.01527	0.02497	0.00407	0.42537	0.00789	0.00508	0.01119
3	0.02540	0.02438	0.04165	0.06299	0.57533	0.02438	0.03149	0.03149	0.02337	0.03353	0.01930	0.02540	0.01626	0.00914	0.01016	0.00305	0.01219	0.00914	0.00508	0.01626
4	0.02833	0.09009	0.38468	0.02521	0.03782	0.02269	0.02983	0.03732	0.02378	0.18750	0.02433	0.02501	0.01652	0.01051	0.00966	0.00314	0.01301	0.00819	0.00671	0.01566
5	0.11990	0.01791	0.02184	0.01725	0.02451	0.01673	0.01416	0.08624	0.02892	0.41017	0.04337	0.03927	0.08616	0.01383	0.01006	0.00320	0.00845	0.01098	0.01138	0.01570
6	0.02540	0.02438	0.04165	0.06299	0.57533	0.02438	0.03149	0.03149	0.02337	0.03353	0.01930	0.02540	0.01626	0.00914	0.01016	0.00305	0.01219	0.00914	0.00508	0.01626
7	0.02433	0.02388	0.08316	0.04219	0.28057	0.02106	0.08608	0.06181	0.02451	0.06869	0.02886	0.15259	0.02732	0.01437	0.01099	0.00336	0.01148	0.01362	0.00677	0.01437
8	0.02251	0.02116	0.03567	0.18312	0.39422	0.02213	0.02822	0.02827	0.02228	0.03100	0.02345	0.09734	0.02174	0.01211	0.01053	0.00326	0.01180	0.01150	0.00548	0.01422
9	0.01351	0.00971	0.01281	0.01360	0.01511	0.00901	0.00960	0.01683	0.02435	0.03368	0.31330	0.35459	0.08235	0.02656	0.01260	0.00370	0.00540	0.02386	0.01041	0.00901
10	0.03572	0.02250	0.08153	0.11508	0.07565	0.01896	0.08188	0.04154	0.02632	0.34616	0.03135	0.03107	0.02072	0.01134	0.01046	0.00324	0.01131	0.01002	0.00931	0.01583
11	0.02949	0.06418	0.18684	0.03654	0.18120	0.02407	0.08772	0.08195	0.02635	0.14666	0.02374	0.02605	0.01710	0.01024	0.01013	0.00313	0.01275	0.00913	0.00687	0.01587

[dist]
# distance from previous block
# <min> <max>
1	4

[block]
# block no. 5 follows, 14 sequences, length 76
# corresponding to MSA columns:
# 268-343
name=unknown_F
#
# <colnr> <probs for GDERKNQSTAVLIFYWHMCP>
#	G	D	E	R	K	N	Q	S	T	A	V	L	I	F	Y	W	H	M	C	P
0	0.02816	0.02892	0.03094	0.03498	0.19213	0.21084	0.05668	0.03262	0.02630	0.06528	0.10921	0.07989	0.03253	0.01349	0.01054	0.00307	0.01278	0.01165	0.00696	0.01305
1	0.31685	0.01640	0.01607	0.01363	0.01951	0.01681	0.01102	0.03245	0.02152	0.16058	0.02557	0.02692	0.01872	0.01071	0.00756	0.00282	0.00723	0.00773	0.19391	0.07401
2	0.65763	0.02020	0.01718	0.01740	0.06372	0.02313	0.01272	0.03027	0.01793	0.04505	0.01469	0.01736	0.01152	0.00950	0.00665	0.00317	0.00827	0.00584	0.00625	0.01152
3	0.01419	0.01048	0.01325	0.01256	0.01512	0.00954	0.00942	0.01871	0.02825	0.03926	0.50441	0.07976	0.16351	0.02168	0.01211	0.00326	0.00489	0.01899	0.01105	0.00954
4	0.04280	0.02048	0.02541	0.01972	0.02756	0.01984	0.01622	0.16615	0.07450	0.41875	0.03685	0.03276	0.02399	0.01271	0.01032	0.00318	0.00929	0.01016	0.01195	0.01737
5	0.02540	0.02438	0.04165	0.06299	0.57533	0.02438	0.03149	0.03149	0.02337	0.03353	0.01930	0.02540	0.01626	0.00914	0.01016	0.00305	0.01219	0.00914	0.00508	0.01626
6	0.01431	0.01048	0.01342	0.01269	0.01520	0.00959	0.00952	0.01895	0.02855	0.03996	0.52847	0.07862	0.13903	0.02143	0.01211	0.00325	0.00487	0.01883	0.01114	0.00959
7	0.01298	0.00992	0.01191	0.01249	0.01465	0.00886	0.00896	0.01597	0.02381	0.03124	0.22781	0.27502	0.25615	0.02659	0.01245	0.00363	0.00535	0.02330	0.01006	0.00886
8	0.66789	0.06002	0.01757	0.01376	0.02026	0.02415	0.01153	0.03020	0.01768	0.04464	0.01429	0.01666	0.01125	0.00948	0.00637	0.00311	0.00813	0.00555	0.00622	0.01125
9	0.01636	0.01328	0.01495	0.01482	0.01818	0.01335	0.01129	0.02609	0.15965	0.03366	0.14692	0.16524	0.23679	0.02333	0.01203	0.00366	0.00639	0.06323	0.01002	0.01077
10	0.03557	0.02704	0.02886	0.02292	0.03051	0.03022	0.01867	0.41709	0.17788	0.05913	0.02900	0.02812	0.02099	0.01273	0.01031	0.00318	0.01048	0.00984	0.01031	0.01714
11	0.02540	0.02438	0.04165	0.06299	0.57533	0.02438	0.03149	0.03149	0.02337	0.03353	0.01930	0.02540	0.01626	0.00914	0.01016	0.00305	0.01219	0.00914	0.00508	0.01626
12	0.01250	0.00893	0.01191	0.01429	0.01488	0.00834	0.00953	0.01429	0.01965	0.02620	0.05656	0.63265	0.06787	0.03215	0.01310	0.00417	0.00595	0.02917	0.00953	0.00834
13	0.08273	0.01972	0.03173	0.44120	0.17553	0.02316	0.02759	0.02772	0.02086	0.02958	0.01812	0.02598	0.01401	0.00995	0.00989	0.00332	0.01284	0.00881	0.00483	0.01243
14	0.03220	0.02746	0.02516	0.02189	0.02810	0.14082	0.01710	0.09475	0.33048	0.11662	0.03480	0.03258	0.02558	0.01293	0.01017	0.00323	0.01060	0.01020	0.00970	0.01564
15	0.02983	0.03279	0.03735	0.05047	0.38910	0.22094	0.02750	0.03474	0.02532	0.03065	0.01812	0.02304	0.01521	0.00963	0.00985	0.00291	0.01435	0.00828	0.00515	0.01476
16	0.01468	0.01092	0.01613	0.01613	0.01784	0.01263	0.01238	0.01809	0.01639	0.02355	0.02782	0.04215	0.02645	0.11545	0.56129	0.01604	0.02629	0.01126	0.00555	0.00896
17	0.02223	0.04325	0.39963	0.04081	0.22630	0.02402	0.03572	0.03215	0.02225	0.03285	0.01872	0.02294	0.01411	0.00954	0.00989	0.00318	0.01415	0.00812	0.00459	0.01554
18	0.03639	0.02504	0.02789	0.02116	0.02952	0.02580	0.01740	0.36797	0.04014	0.13065	0.02555	0.02539	0.01811	0.01141	0.00973	0.00278	0.01019	0.00875	0.00976	0.15637
19	0.02312	0.02030	0.02854	0.02465	0.02556	0.02729	0.02039	0.02572	0.01691	0.06861	0.01775	0.02617	0.01628	0.02659	0.11843	0.00623	0.48135	0.00940	0.00529	0.01140
20	0.02058	0.05308	0.58618	0.02925	0.04442	0.02383	0.03792	0.03250	0.02167	0.03250	0.01842	0.02167	0.01300	0.00975	0.00975	0.00325	0.01517	0.00758	0.00433	0.01517
21	0.04299	0.01889	0.02895	0.02175	0.03003	0.01660	0.08813	0.04762	0.02865	0.50568	0.03773	0.03392	0.02403	0.01214	0.01057	0.00322	0.00993	0.01057	0.01165	0.01696
22	0.02540	0.02438	0.04165	0.06299	0.57533	0.02438	0.03149	0.03149	0.02337	0.03353	0.01930	0.02540	0.01626	0.00914	0.01016	0.00305	0.01219	0.00914	0.00508	0.01626
23	0.01938	0.01824	0.03078	0.61468	0.07068	0.02280	0.02850	0.02622	0.02052	0.02622	0.01824	0.02736	0.01368	0.01026	0.01026	0.00342	0.01368	0.00912	0.00456	0.01140
24	0.02660	0.02504	0.04713	0.05227	0.34201	0.02422	0.21465	0.03346	0.02415	0.07664	0.02151	0.02698	0.01673	0.00925	0.01088	0.00321	0.01378	0.01032	0.00572	0.01547
25	0.01250	0.00893	0.01191	0.01429	0.01488	0.00834	0.00953	0.01429	0.01965	0.02620	0.05656	0.63265	0.06787	0.03215	0.01310	0.00417	0.00595	0.02917	0.00953	0.00834
26	0.01913	0.00956	0.00956	0.00956	0.01196	0.00956	0.00717	0.02391	0.02152	0.03826	0.03348	0.03826	0.02630	0.01196	0.00717	0.00239	0.00478	0.00956	0.69632	0.00956
27	0.09062	0.23997	0.03879	0.03088	0.17134	0.11962	0.02074	0.03569	0.06542	0.06841	0.01981	0.02215	0.01608	0.00990	0.00849	0.00275	0.01183	0.00745	0.00593	0.01414
28	0.03752	0.02633	0.02879	0.02247	0.03007	0.02869	0.01839	0.46170	0.04455	0.10260	0.02835	0.07235	0.02197	0.01388	0.01049	0.00317	0.01068	0.01086	0.01040	0.01675
29	0.01469	0.01086	0.01581	0.01581	0.01741	0.01246	0.01198	0.01789	0.01629	0.02332	0.02811	0.04375	0.02715	0.14887	0.52881	0.01566	0.02525	0.01150	0.00559	0.00879
30	0.02744	0.64552	0.05378	0.01756	0.02634	0.04061	0.01756	0.03073	0.02085	0.02414	0.01427	0.01646	0.01317	0.00878	0.00658	0.00219	0.01097	0.00549	0.00439	0.01317
31	0.01331	0.00964	0.01275	0.01495	0.01613	0.00908	0.01085	0.01577	0.02076	0.02725	0.05975	0.48421	0.10486	0.03089	0.01325	0.00423	0.00662	0.12760	0.00951	0.00859
32	0.01492	0.00995	0.01119	0.01119	0.01119	0.00995	0.00622	0.01492	0.01492	0.01990	0.03233	0.06716	0.03731	0.63935	0.05223	0.00995	0.00995	0.01492	0.00622	0.00622
33	0.01541	0.00964	0.01251	0.01399	0.01514	0.00901	0.00946	0.01737	0.02000	0.06412	0.05187	0.50465	0.05968	0.08399	0.01605	0.00451	0.00643	0.02540	0.05194	0.00884
34	0.04604	0.01746	0.02382	0.01826	0.02620	0.01508	0.01508	0.05001	0.02937	0.58244	0.04049	0.03493	0.02540	0.01270	0.01032	0.00318	0.00873	0.01032	0.01270	0.01746
35	0.02744	0.64552	0.05378	0.01756	0.02634	0.04061	0.01756	0.03073	0.02085	0.02414	0.01427	0.01646	0.01317	0.00878	0.00658	0.00219	0.01097	0.00549	0.00439	0.01317
36	0.02722	0.33529	0.25519	0.02216	0.03329	0.03081	0.02509	0.03392	0.02227	0.10004	0.01928	0.02087	0.01470	0.00966	0.00829	0.00273	0.01230	0.00692	0.00545	0.01450
37	0.01938	0.01824	0.03078	0.61468	0.07068	0.02280	0.02850	0.02622	0.02052	0.02622	0.01824	0.02736	0.01368	0.01026	0.01026	0.00342	0.01368	0.00912	0.00456	0.01140
38	0.01351	0.01045	0.01230	0.01184	0.01471	0.00925	0.00888	0.01739	0.02664	0.03544	0.37176	0.08606	0.29855	0.02311	0.01211	0.00333	0.00499	0.01988	0.01055	0.00925
39	0.01239	0.00937	0.01145	0.01312	0.01458	0.00843	0.00901	0.01442	0.02077	0.02665	0.07079	0.47237	0.21897	0.03030	0.01281	0.00396	0.00573	0.02692	0.00953	0.00843
40	0.02166	0.01858	0.02145	0.01571	0.02453	0.01474	0.01253	0.02841	0.06927	0.03429	0.02035	0.02280	0.01664	0.00817	0.00785	0.00170	0.00765	0.00657	0.00647	0.64063
41	0.02895	0.02198	0.02536	0.02324	0.07465	0.02334	0.01696	0.31574	0.03804	0.05101	0.11373	0.08440	0.10486	0.01644	0.01096	0.00322	0.00929	0.01357	0.00980	0.01445
42	0.01250	0.00893	0.01191	0.01429	0.01488	0.00834	0.00953	0.01429	0.01965	0.02620	0.05656	0.63265	0.06787	0.03215	0.01310	0.00417	0.00595	0.02917	0.00953	0.00834
43	0.02128	0.01824	0.02128	0.01520	0.02432	0.01368	0.01216	0.02584	0.02128	0.03344	0.01824	0.02128	0.01520	0.00760	0.00760	0.00152	0.00760	0.00608	0.00608	0.70208
44	0.02540	0.02438	0.04165	0.06299	0.57533	0.02438	0.03149	0.03149	0.02337	0.03353	0.01930	0.02540	0.01626	0.00914	0.01016	0.00305	0.01219	0.00914	0.00508	0.01626
45	0.01250	0.00893	0.01191	0.01429	0.01488	0.00834	0.00953	0.01429	0.01965	0.02620	0.05656	0.63265	0.06787	0.03215	0.01310	0.00417	0.00595	0.02917	0.00953	0.00834
46	0.01235	0.00955	0.01127	0.01265	0.01445	0.00847	0.00880	0.01447	0.02122	0.02684	0.07652	0.40789	0.27976	0.02956	0.01269	0.00387	0.00564	0.02601	0.00953	0.00847
47	0.71184	0.01985	0.01508	0.01350	0.01985	0.02302	0.01111	0.03017	0.01746	0.04604	0.01429	0.01667	0.01111	0.00953	0.00635	0.00318	0.00794	0.00556	0.00635	0.01111
48	0.02540	0.02438	0.04165	0.06299	0.57533	0.02438	0.03149	0.03149	0.02337	0.03353	0.01930	0.02540	0.01626	0.00914	0.01016	0.00305	0.01219	0.00914	0.00508	0.01626
49	0.03614	0.02918	0.02825	0.02298	0.03019	0.10827	0.01846	0.32052	0.16701	0.08903	0.02862	0.02777	0.02075	0.01249	0.01017	0.00312	0.01136	0.00952	0.00978	0.01639
50	0.01492	0.00995	0.01119	0.01119	0.01119	0.00995	0.00622	0.01492	0.01492	0.01990	0.03233	0.06716	0.03731	0.63935	0.05223	0.00995	0.00995	0.01492	0.00622	0.00622
51	0.01492	0.00995	0.01119	0.01119	0.01119	0.00995	0.00622	0.01492	0.01492	0.01990	0.03233	0.06716	0.03731	0.63935	0.05223	0.00995	0.00995	0.01492	0.00622	0.00622
52	0.02466	0.02343	0.03975	0.05957	0.53708	0.02338	0.03000	0.03067	0.02375	0.03405	0.05691	0.02890	0.02176	0.00995	0.01029	0.00306	0.01169	0.00979	0.00550	0.01581
53	0.02540	0.02438	0.04165	0.06299	0.57533	0.02438	0.03149	0.03149	0.02337	0.03353	0.01930	0.02540	0.01626	0.00914	0.01016	0.00305	0.01219	0.00914	0.00508	0.01626
54	0.02486	0.02384	0.04069	0.11207	0.53044	0.02424	0.03123	0.03103	0.02311	0.03288	0.01921	0.02557	0.01603	0.00924	0.01017	0.00308	0.01232	0.00914	0.00503	0.01582
55	0.02455	0.02352	0.04012	0.14087	0.50409	0.02416	0.03107	0.03075	0.02296	0.03249	0.01915	0.02568	0.01589	0.00930	0.01017	0.00310	0.01240	0.00914	0.00501	0.01557
56	0.02422	0.02768	0.06055	0.04325	0.05363	0.02595	0.53806	0.03287	0.02422	0.03287	0.02076	0.02768	0.01557	0.00865	0.01211	0.00346	0.01730	0.01211	0.00519	0.01384
57	0.02128	0.01824	0.02128	0.01520	0.02432	0.01368	0.01216	0.02584	0.02128	0.03344	0.01824	0.02128	0.01520	0.00760	0.00760	0.00152	0.00760	0.00608	0.00608	0.70208
58	0.01330	0.01044	0.01203	0.01163	0.01458	0.00916	0.00872	0.01700	0.02617	0.03432	0.33273	0.08791	0.33829	0.02353	0.01212	0.00335	0.00502	0.02014	0.01040	0.00916
59	0.02474	0.01813	0.02163	0.01563	0.02458	0.01388	0.01257	0.02922	0.02241	0.11012	0.02135	0.02319	0.01662	0.00831	0.00798	0.00175	0.00776	0.00667	0.00700	0.60646
60	0.01368	0.01046	0.01255	0.01202	0.01481	0.00932	0.00902	0.01773	0.02705	0.03642	0.40564	0.08445	0.26406	0.02275	0.01211	0.00331	0.00497	0.01965	0.01067	0.00932
61	0.02624	0.46039	0.04681	0.15820	0.03708	0.07192	0.02027	0.03032	0.02130	0.02469	0.01530	0.01915	0.01329	0.00924	0.00762	0.00251	0.01209	0.00641	0.00449	0.01267
62	0.01244	0.00917	0.01166	0.01364	0.01471	0.00839	0.00924	0.01436	0.02027	0.02645	0.06443	0.54398	0.15147	0.03113	0.01294	0.00405	0.00583	0.02793	0.00953	0.00839
63	0.02462	0.02134	0.02649	0.22531	0.04227	0.02515	0.02075	0.08840	0.32682	0.03913	0.03214	0.03331	0.02402	0.01252	0.01036	0.00342	0.01032	0.01054	0.00840	0.01469
64	0.18055	0.02233	0.03337	0.08568	0.36754	0.02314	0.02527	0.03248	0.02238	0.08466	0.01999	0.02443	0.01574	0.00962	0.00933	0.00311	0.01103	0.00844	0.00601	0.01488
65	0.11776	0.02365	0.03518	0.04247	0.30173	0.02404	0.05915	0.11263	0.02742	0.12364	0.02282	0.02578	0.01714	0.01019	0.00985	0.00312	0.01133	0.00908	0.00721	0.01581
66	0.03118	0.44037	0.04528	0.02061	0.02819	0.23232	0.01834	0.03425	0.02368	0.02448	0.01482	0.01716	0.01319	0.00940	0.00750	0.00235	0.01356	0.00587	0.00470	0.01273
67	0.01716	0.00901	0.01306	0.01325	0.01329	0.00896	0.00872	0.01358	0.01399	0.01866	0.02210	0.08078	0.02342	0.08909	0.03910	0.58613	0.00878	0.01101	0.00500	0.00491
68	0.07485	0.01681	0.02130	0.01652	0.02387	0.01447	0.01341	0.03890	0.02673	0.34672	0.10768	0.03649	0.03215	0.01248	0.00970	0.00279	0.00788	0.01020	0.01058	0.17647
69	0.14305	0.02292	0.07607	0.07231	0.10821	0.02032	0.02020	0.07872	0.02672	0.28778	0.02843	0.02814	0.01922	0.01121	0.00961	0.00318	0.01026	0.00898	0.00905	0.01561
70	0.02270	0.03828	0.27986	0.03741	0.04979	0.02507	0.32938	0.03272	0.02316	0.03272	0.01978	0.02517	0.01450	0.00911	0.01113	0.00337	0.01641	0.01022	0.00483	0.01439
71	0.01320	0.01044	0.01188	0.01152	0.01452	0.00912	0.00864	0.01680	0.02592	0.03373	0.31231	0.08888	0.35907	0.02375	0.01212	0.00336	0.00504	0.02027	0.01032	0.00912
72	0.02586	0.02182	0.03587	0.28479	0.23018	0.02367	0.06322	0.07670	0.02500	0.08205	0.02132	0.02716	0.01605	0.01018	0.01036	0.00325	0.01278	0.00945	0.00601	0.01427
73	0.02414	0.02240	0.03680	0.26625	0.34726	0.02433	0.02950	0.06659	0.02411	0.03306	0.01929	0.02608	0.01538	0.00979	0.01020	0.00319	0.01268	0.00914	0.00526	0.01453
74	0.04174	0.01735	0.02421	0.02104	0.06517	0.01528	0.01580	0.04594	0.02891	0.49436	0.08604	0.03795	0.03109	0.01318	0.01047	0.00317	0.00864	0.01097	0.01202	0.01668
75	0.02173	0.01339	0.01664	0.06800	0.02245	0.01376	0.01236	0.02990	0.10514	0.10786	0.15986	0.12114	0.04722	0.01683	0.01024	0.00317	0.00676	0.01448	0.19742	0.01164

[dist]
# distance from previous block
# <min> <max>
0	1

[block]
# block no. 6 follows, 14 sequences, length 65
# corresponding to MSA columns:
# 345-409
name=unknown_G
#
# <colnr> <probs for GDERKNQSTAVLIFYWHMCP>
#	G	D	E	R	K	N	Q	S	T	A	V	L	I	F	Y	W	H	M	C	P
0	0.07455	0.02708	0.11365	0.08605	0.09161	0.02345	0.02266	0.18332	0.03142	0.20475	0.02657	0.02711	0.01825	0.01134	0.00996	0.00317	0.01126	0.00907	0.00874	0.01600
1	0.03454	0.01543	0.01880	0.01531	0.02105	0.01456	0.01236	0.08913	0.02813	0.31185	0.03607	0.03523	0.02496	0.01236	0.00905	0.00285	0.00741	0.00991	0.28671	0.01429
2	0.02553	0.02204	0.02320	0.02088	0.02669	0.02553	0.01624	0.05453	0.55679	0.04293	0.04177	0.03829	0.03133	0.01392	0.01044	0.00348	0.00812	0.01160	0.01044	0.01624
3	0.01469	0.01089	0.01596	0.01596	0.01760	0.01254	0.01216	0.01798	0.01633	0.02343	0.02798	0.04303	0.02683	0.13375	0.54350	0.01583	0.02572	0.01139	0.00557	0.00887
4	0.01661	0.01068	0.01430	0.01563	0.01739	0.01020	0.01184	0.01952	0.02178	0.06823	0.08766	0.32712	0.06082	0.09167	0.01723	0.00481	0.00761	0.17817	0.00951	0.00923
5	0.02271	0.01662	0.02112	0.01840	0.01990	0.01974	0.01385	0.06661	0.01949	0.08217	0.02599	0.04485	0.02619	0.30822	0.03802	0.00680	0.22072	0.01192	0.00662	0.01004
6	0.01951	0.01611	0.02409	0.02971	0.18383	0.01616	0.01775	0.02248	0.02123	0.02988	0.09973	0.09488	0.06721	0.02014	0.01793	0.12282	0.06078	0.04837	0.00678	0.08060
7	0.28063	0.02399	0.02212	0.01844	0.02538	0.06649	0.01484	0.14443	0.12765	0.07869	0.02374	0.02413	0.01769	0.01102	0.00853	0.00301	0.00948	0.00789	0.00822	0.08363
8	0.29226	0.02231	0.02280	0.01837	0.02569	0.02412	0.01511	0.20409	0.05973	0.18201	0.02553	0.02489	0.01776	0.01145	0.00882	0.00316	0.00924	0.00825	0.00940	0.01501
9	0.71184	0.01985	0.01508	0.01350	0.01985	0.02302	0.01111	0.03017	0.01746	0.04604	0.01429	0.01667	0.01111	0.00953	0.00635	0.00318	0.00794	0.00556	0.00635	0.01111
10	0.02731	0.02414	0.02417	0.02095	0.02730	0.06362	0.01639	0.09977	0.41431	0.04294	0.03585	0.03381	0.02703	0.01288	0.01005	0.00318	0.00909	0.01045	0.00962	0.08713
11	0.02444	0.01534	0.01594	0.01402	0.01813	0.01643	0.01100	0.14807	0.08323	0.04492	0.03227	0.03508	0.02475	0.01224	0.00824	0.00267	0.00665	0.00970	0.46477	0.01210
12	0.01336	0.01019	0.01227	0.01229	0.01475	0.00910	0.00901	0.01691	0.02550	0.03400	0.32271	0.17938	0.25408	0.02460	0.01228	0.00347	0.00515	0.02144	0.01039	0.00910
13	0.03377	0.03563	0.02879	0.07516	0.03349	0.31317	0.02022	0.09122	0.08175	0.06870	0.02092	0.02356	0.01638	0.01226	0.01309	0.00314	0.10078	0.00819	0.00665	0.01315
14	0.01299	0.01028	0.01170	0.01166	0.01447	0.00898	0.00862	0.01628	0.02497	0.03221	0.26007	0.14504	0.35655	0.02488	0.01222	0.00345	0.00515	0.02135	0.01014	0.00898
15	0.02330	0.02224	0.03787	0.25507	0.39963	0.02383	0.03045	0.02966	0.02238	0.03098	0.01893	0.02608	0.01536	0.00953	0.01019	0.00318	0.01271	0.00914	0.00490	0.01456
16	0.01864	0.01218	0.01554	0.01413	0.01739	0.01158	0.01079	0.02545	0.07399	0.09596	0.47152	0.06918	0.08404	0.01954	0.01178	0.00324	0.00551	0.01714	0.01137	0.01103
17	0.37066	0.01863	0.01956	0.01594	0.02310	0.01895	0.01315	0.04034	0.02357	0.32091	0.02771	0.02603	0.01844	0.01115	0.00838	0.00318	0.00835	0.00800	0.00961	0.01437
18	0.02023	0.01830	0.02820	0.30843	0.14846	0.02090	0.02369	0.02950	0.10529	0.03022	0.02911	0.13872	0.02679	0.01461	0.01079	0.00350	0.01112	0.01316	0.00649	0.01252
19	0.03764	0.03042	0.08639	0.02381	0.03271	0.02986	0.02106	0.45581	0.04426	0.09722	0.02511	0.02505	0.01755	0.01209	0.01022	0.00310	0.01151	0.00915	0.00984	0.01722
20	0.19165	0.02370	0.02509	0.06114	0.03026	0.02652	0.01718	0.25146	0.13563	0.09756	0.02645	0.02649	0.01907	0.01187	0.00940	0.00321	0.00985	0.00892	0.00920	0.01533
21	0.01712	0.01369	0.02166	0.01959	0.02225	0.01339	0.10114	0.02039	0.01980	0.02620	0.03865	0.07873	0.04179	0.30095	0.03101	0.00687	0.01102	0.19975	0.00726	0.00874
22	0.14070	0.07649	0.13418	0.02217	0.03106	0.02853	0.02098	0.24637	0.11801	0.04907	0.02378	0.02438	0.01750	0.01138	0.00929	0.00313	0.01095	0.00844	0.00810	0.01549
23	0.02826	0.02297	0.12521	0.02053	0.02834	0.01641	0.05626	0.03566	0.05565	0.22633	0.18492	0.04329	0.04254	0.01400	0.01071	0.00314	0.00932	0.01213	0.00972	0.05461
24	0.02658	0.10824	0.23076	0.03118	0.06955	0.02610	0.15637	0.06549	0.06332	0.08982	0.02284	0.02548	0.01668	0.01007	0.01013	0.00317	0.01366	0.00922	0.00623	0.01510
25	0.02598	0.12883	0.20214	0.03426	0.08177	0.02641	0.22782	0.03407	0.02344	0.08696	0.02099	0.02483	0.01552	0.00942	0.01027	0.00315	0.01449	0.00942	0.00558	0.01465
26	0.06468	0.01173	0.01374	0.01265	0.01612	0.01089	0.00969	0.02254	0.02640	0.09291	0.32970	0.07004	0.18333	0.01972	0.01112	0.00320	0.00552	0.01677	0.06892	0.01033
27	0.02826	0.02070	0.08942	0.02063	0.02760	0.01632	0.07235	0.03608	0.07263	0.22932	0.21623	0.04711	0.04774	0.01485	0.01106	0.00326	0.00902	0.01311	0.01025	0.01405
28	0.02345	0.14440	0.42871	0.02776	0.04112	0.02617	0.07031	0.03327	0.02218	0.06341	0.01922	0.02205	0.01394	0.00969	0.00945	0.00309	0.01427	0.00774	0.00490	0.01488
29	0.03833	0.04891	0.02908	0.02644	0.03173	0.59815	0.01983	0.04098	0.02908	0.02512	0.01586	0.01851	0.01322	0.01058	0.00925	0.00264	0.01851	0.00661	0.00529	0.01190
30	0.02378	0.01461	0.01710	0.01508	0.01991	0.01402	0.01177	0.03278	0.13893	0.16972	0.17453	0.06562	0.22215	0.01911	0.01132	0.00335	0.00661	0.01609	0.01088	0.01264
31	0.01553	0.01243	0.01669	0.01690	0.01834	0.01359	0.01314	0.01871	0.02209	0.03030	0.16900	0.25707	0.09917	0.02582	0.01680	0.00407	0.11982	0.11213	0.00899	0.00941
32	0.03906	0.02061	0.07259	0.02337	0.08371	0.01633	0.01826	0.04400	0.02807	0.43278	0.08147	0.03637	0.02948	0.01279	0.01041	0.00317	0.00931	0.01067	0.01108	0.01648
33	0.04045	0.01623	0.02202	0.01731	0.02427	0.01412	0.01412	0.04457	0.02931	0.48631	0.13451	0.04234	0.03809	0.01417	0.01064	0.00318	0.00804	0.01178	0.01245	0.01608
34	0.01228	0.00981	0.01100	0.01195	0.01427	0.00853	0.00849	0.01455	0.02190	0.02711	0.08507	0.31154	0.37058	0.02845	0.01252	0.00375	0.00550	0.02465	0.00953	0.00853
35	0.03233	0.06839	0.11017	0.02493	0.07617	0.01920	0.07296	0.03820	0.02571	0.26966	0.05911	0.03273	0.02486	0.01163	0.00988	0.00305	0.01035	0.01002	0.08561	0.01505
36	0.34542	0.06404	0.02393	0.01769	0.02451	0.02114	0.05190	0.03496	0.02158	0.19735	0.02376	0.02524	0.01726	0.01732	0.06932	0.00451	0.01111	0.00799	0.00788	0.01311
37	0.07675	0.01568	0.02028	0.01643	0.02279	0.01410	0.01326	0.04147	0.02715	0.41774	0.07602	0.08032	0.03269	0.01442	0.01009	0.00317	0.00781	0.01190	0.08284	0.01508
38	0.01903	0.01234	0.01568	0.01445	0.01769	0.01182	0.01095	0.02601	0.08296	0.10074	0.41222	0.11525	0.07957	0.02027	0.01182	0.00333	0.00571	0.01782	0.01122	0.01112
39	0.02618	0.07872	0.20719	0.03175	0.08507	0.02479	0.14595	0.06308	0.02430	0.08909	0.02102	0.02453	0.01562	0.01013	0.01144	0.00311	0.04982	0.00895	0.00595	0.07331
40	0.02289	0.02237	0.03397	0.03989	0.24043	0.02710	0.02497	0.02667	0.01924	0.02836	0.02201	0.02888	0.05311	0.01507	0.02299	0.00386	0.34018	0.00992	0.00507	0.01301
41	0.01321	0.01051	0.01189	0.01175	0.01479	0.00919	0.00895	0.01670	0.02535	0.03252	0.26161	0.09212	0.37849	0.02440	0.01224	0.00346	0.00532	0.04832	0.01013	0.00906
42	0.02128	0.01824	0.02128	0.01520	0.02432	0.01368	0.01216	0.02584	0.02128	0.03344	0.01824	0.02128	0.01520	0.00760	0.00760	0.00152	0.00760	0.00608	0.00608	0.70208
43	0.02291	0.02185	0.03716	0.29077	0.36698	0.02373	0.03026	0.02932	0.02219	0.03051	0.01886	0.02621	0.01519	0.00960	0.01020	0.00320	0.01281	0.00913	0.00487	0.01425
44	0.02417	0.02313	0.03944	0.17548	0.47243	0.02406	0.03088	0.03042	0.02279	0.03204	0.01909	0.02580	0.01573	0.00937	0.01018	0.00312	0.01249	0.00914	0.00497	0.01527
45	0.01783	0.00891	0.01337	0.01337	0.01337	0.00891	0.00891	0.01337	0.01337	0.01783	0.01783	0.03119	0.01783	0.03565	0.04011	0.70143	0.00891	0.00891	0.00446	0.00446
46	0.17415	0.13115	0.02918	0.01919	0.02651	0.07538	0.01615	0.18833	0.03114	0.14508	0.05211	0.02578	0.02078	0.01153	0.00886	0.00294	0.01035	0.00832	0.00854	0.01454
47	0.15362	0.04393	0.02669	0.02422	0.02969	0.49971	0.01834	0.03913	0.02709	0.02870	0.01559	0.01819	0.01286	0.01040	0.00876	0.00273	0.01670	0.00643	0.00547	0.01176
48	0.01336	0.01044	0.01210	0.01168	0.01461	0.00919	0.00876	0.01710	0.02629	0.03460	0.34253	0.08744	0.32830	0.02342	0.01212	0.00334	0.00502	0.02007	0.01043	0.00919
49	0.02399	0.02664	0.05639	0.08757	0.10895	0.02556	0.44788	0.03224	0.02386	0.03245	0.02042	0.02742	0.01550	0.00882	0.01177	0.00341	0.01650	0.01158	0.00513	0.01391
50	0.24173	0.02207	0.02363	0.01869	0.02625	0.02323	0.01543	0.21369	0.03235	0.24404	0.02722	0.02594	0.01841	0.01162	0.00912	0.00314	0.00938	0.00853	0.00997	0.01557
51	0.01348	0.01017	0.01246	0.01248	0.01484	0.00915	0.00913	0.01713	0.02571	0.03462	0.34442	0.18761	0.22237	0.02447	0.01230	0.00347	0.00515	0.02142	0.01047	0.00915
52	0.01547	0.01139	0.01483	0.01445	0.01511	0.01281	0.00998	0.01698	0.01556	0.02172	0.02898	0.05366	0.03107	0.38341	0.24803	0.01185	0.06817	0.01300	0.00581	0.00771
53	0.01331	0.01003	0.01243	0.01356	0.01556	0.00915	0.01004	0.01627	0.02291	0.02983	0.15748	0.30816	0.21940	0.02790	0.01280	0.00388	0.00604	0.09263	0.00982	0.00882
54	0.02540	0.02438	0.04165	0.06299	0.57533	0.02438	0.03149	0.03149	0.02337	0.03353	0.01930	0.02540	0.01626	0.00914	0.01016	0.00305	0.01219	0.00914	0.00508	0.01626
55	0.02598	0.02148	0.02261	0.02012	0.02581	0.02463	0.01571	0.08792	0.47362	0.04414	0.03980	0.03728	0.02987	0.01364	0.01015	0.00336	0.00807	0.01125	0.06879	0.01576
56	0.17622	0.02521	0.02278	0.01861	0.02582	0.14853	0.01484	0.03972	0.02547	0.25145	0.02570	0.02511	0.01795	0.01069	0.00880	0.00277	0.01059	0.00777	0.00858	0.13340
57	0.02482	0.33418	0.22427	0.02638	0.08917	0.03215	0.02556	0.03341	0.06692	0.02945	0.01848	0.02095	0.01498	0.00957	0.00832	0.00274	0.01223	0.00707	0.00496	0.01440
58	0.03786	0.02817	0.03015	0.02338	0.03139	0.03129	0.01923	0.49971	0.09152	0.06282	0.02610	0.02580	0.01863	0.01246	0.01028	0.00311	0.01102	0.00944	0.01028	0.01735
59	0.01720	0.01108	0.01458	0.01336	0.01625	0.01014	0.01014	0.02197	0.02908	0.08715	0.52493	0.07311	0.09076	0.02028	0.01195	0.00322	0.00517	0.01786	0.01142	0.01034
60	0.04604	0.01746	0.02382	0.01826	0.02620	0.01508	0.01508	0.05001	0.02937	0.58244	0.04049	0.03493	0.02540	0.01270	0.01032	0.00318	0.00873	0.01032	0.01270	0.01746
61	0.01250	0.00893	0.01191	0.01429	0.01488	0.00834	0.00953	0.01429	0.01965	0.02620	0.05656	0.63265	0.06787	0.03215	0.01310	0.00417	0.00595	0.02917	0.00953	0.00834
62	0.02128	0.01824	0.02128	0.01520	0.02432	0.01368	0.01216	0.02584	0.02128	0.03344	0.01824	0.02128	0.01520	0.00760	0.00760	0.00152	0.00760	0.00608	0.00608	0.70208
63	0.01314	0.00994	0.01219	0.01309	0.01511	0.00899	0.00951	0.01609	0.02326	0.03048	0.19139	0.30464	0.22729	0.02739	0.01264	0.00377	0.00570	0.05663	0.00994	0.00883
64	0.01474	0.01068	0.01489	0.01489	0.01616	0.01195	0.01082	0.01729	0.01602	0.02263	0.02896	0.04845	0.02919	0.24746	0.43302	0.01451	0.02217	0.01219	0.00572	0.00827

[dist]
# distance from previous block
# <min> <max>
0	81

# created by:
# /st0/software/busco_prod/Augustus/scripts/msa2prfl.pl ./align_prep/5387.fa
