[name]
unknown

[dist]
# distance from previous block
# <min> <max>
6	26

[block]
# block no. 0 follows, 10 sequences, length 62
# corresponding to MSA columns:
# 59-120
name=unknown_A
#
# <colnr> <probs for GDERKNQSTAVLIFYWHMCP>
#	G	D	E	R	K	N	Q	S	T	A	V	L	I	F	Y	W	H	M	C	P
0	0.03064	0.02266	0.03304	0.25530	0.10876	0.02382	0.02563	0.08447	0.02893	0.11966	0.02581	0.03056	0.01885	0.01164	0.01107	0.00334	0.01280	0.00994	0.00780	0.13528
1	0.01452	0.01181	0.01285	0.01259	0.01618	0.01015	0.00944	0.01818	0.02833	0.03574	0.22990	0.10482	0.39922	0.02784	0.01374	0.00385	0.00578	0.02355	0.01137	0.01015
2	0.04345	0.05543	0.03296	0.02996	0.03596	0.54457	0.02247	0.04644	0.03296	0.02846	0.01798	0.02097	0.01498	0.01199	0.01049	0.00300	0.02097	0.00749	0.00599	0.01348
3	0.11493	0.02934	0.03162	0.02449	0.03351	0.03181	0.02022	0.36039	0.04728	0.14638	0.02962	0.02887	0.02049	0.01368	0.01116	0.00352	0.01190	0.01021	0.01160	0.01899
4	0.01495	0.01069	0.01432	0.01659	0.01774	0.01007	0.01170	0.01775	0.02402	0.03225	0.11657	0.47470	0.07967	0.03447	0.01485	0.00467	0.00704	0.07715	0.01102	0.00977
5	0.03266	0.53084	0.05784	0.02072	0.03059	0.04483	0.02016	0.08787	0.02733	0.03284	0.01757	0.01976	0.01550	0.01043	0.00796	0.00261	0.01248	0.00673	0.00577	0.01550
6	0.01691	0.01128	0.01268	0.01268	0.01268	0.01128	0.00705	0.01691	0.01691	0.02255	0.03665	0.07611	0.04228	0.59126	0.05920	0.01128	0.01128	0.01691	0.00705	0.00705
7	0.02502	0.02381	0.03286	0.02833	0.02864	0.03286	0.02351	0.02789	0.01855	0.02971	0.01780	0.02745	0.01689	0.01960	0.03481	0.00482	0.50692	0.01025	0.07777	0.01251
8	0.02320	0.02622	0.08869	0.31661	0.05913	0.02736	0.02989	0.03003	0.02213	0.03090	0.01935	0.02821	0.01553	0.01344	0.01788	0.00394	0.15333	0.00976	0.00529	0.07912
9	0.03208	0.02655	0.02807	0.02431	0.03144	0.03040	0.01917	0.14799	0.40638	0.05373	0.04334	0.04020	0.03226	0.01540	0.01179	0.00385	0.00995	0.01260	0.01179	0.01869
10	0.02775	0.10657	0.37646	0.03008	0.04393	0.02857	0.03589	0.03816	0.02486	0.09342	0.02285	0.02583	0.01648	0.01222	0.01333	0.00369	0.06813	0.00887	0.00606	0.01685
11	0.03033	0.53456	0.05688	0.01961	0.02960	0.04265	0.01923	0.03421	0.02369	0.02853	0.01667	0.01926	0.01518	0.00980	0.00759	0.00240	0.01202	0.00629	0.00519	0.08633
12	0.01919	0.01331	0.01920	0.01804	0.02098	0.01225	0.04835	0.02256	0.02542	0.07524	0.14465	0.28837	0.11814	0.09542	0.01944	0.00506	0.00827	0.02459	0.01063	0.01087
13	0.01538	0.01099	0.01489	0.01758	0.01879	0.01049	0.01290	0.01829	0.02346	0.03105	0.06343	0.46361	0.07427	0.03529	0.01517	0.00489	0.00780	0.14115	0.01077	0.00978
14	0.01614	0.01188	0.01510	0.01430	0.01718	0.01084	0.01072	0.02133	0.03217	0.04485	0.46614	0.08982	0.15729	0.02444	0.01372	0.00369	0.00553	0.02145	0.01257	0.01084
15	0.03244	0.02673	0.02827	0.02438	0.03158	0.03057	0.01926	0.15774	0.39605	0.05431	0.04288	0.03984	0.03189	0.01536	0.01179	0.00384	0.01003	0.01253	0.01179	0.01872
16	0.16732	0.02033	0.02265	0.01928	0.02609	0.02109	0.01540	0.04705	0.15888	0.20805	0.12626	0.04509	0.04224	0.01577	0.01118	0.00371	0.00871	0.01271	0.01191	0.01630
17	0.38475	0.02712	0.02526	0.02055	0.02872	0.03067	0.01696	0.23868	0.03580	0.06187	0.02158	0.02304	0.01589	0.01225	0.00923	0.00355	0.01074	0.00821	0.00923	0.01589
18	0.03035	0.54668	0.10600	0.02117	0.03181	0.04420	0.02211	0.03502	0.02372	0.02827	0.01662	0.01922	0.01491	0.01006	0.00781	0.00260	0.01289	0.00645	0.00497	0.01514
19	0.03109	0.59826	0.06095	0.01990	0.02985	0.04602	0.01990	0.03483	0.02363	0.02736	0.01617	0.01866	0.01493	0.00995	0.00746	0.00249	0.01244	0.00622	0.00498	0.01493
20	0.03109	0.59826	0.06095	0.01990	0.02985	0.04602	0.01990	0.03483	0.02363	0.02736	0.01617	0.01866	0.01493	0.00995	0.00746	0.00249	0.01244	0.00622	0.00498	0.01493
21	0.04212	0.02501	0.02938	0.02340	0.03146	0.02625	0.01910	0.23722	0.08790	0.22132	0.03645	0.03562	0.02558	0.02303	0.07526	0.00539	0.01362	0.01140	0.01196	0.01853
22	0.01410	0.01166	0.01237	0.01249	0.01600	0.00993	0.00925	0.01728	0.02692	0.03309	0.16040	0.14819	0.42945	0.02936	0.01383	0.00396	0.00591	0.02484	0.01104	0.00993
23	0.02377	0.02347	0.03857	0.31954	0.06031	0.02972	0.07482	0.02986	0.02172	0.02986	0.01902	0.02904	0.01564	0.01458	0.02139	0.00432	0.21540	0.01062	0.00521	0.01313
24	0.01701	0.01262	0.01612	0.01678	0.01910	0.01236	0.01241	0.02379	0.07279	0.03918	0.25149	0.27641	0.08579	0.02868	0.01420	0.00426	0.00685	0.06734	0.01173	0.01108
25	0.01661	0.01246	0.01869	0.01869	0.02077	0.01454	0.01454	0.02077	0.01869	0.02700	0.03115	0.04569	0.02908	0.08723	0.54517	0.01869	0.03115	0.01246	0.00623	0.01038
26	0.03693	0.16100	0.03909	0.12628	0.04284	0.34602	0.02375	0.04096	0.02924	0.02847	0.01810	0.02235	0.01507	0.01150	0.01007	0.00305	0.01820	0.00775	0.00563	0.01368
27	0.02754	0.02352	0.02510	0.02266	0.02881	0.02692	0.01758	0.05735	0.44579	0.04843	0.09930	0.04825	0.04379	0.01667	0.01204	0.00391	0.00879	0.01403	0.01194	0.01758
28	0.03797	0.04074	0.14150	0.03226	0.04282	0.15530	0.12302	0.08875	0.03233	0.15088	0.02717	0.02892	0.01916	0.01208	0.01169	0.00352	0.01654	0.01032	0.00825	0.01680
29	0.03116	0.02600	0.02895	0.08455	0.03696	0.02999	0.02069	0.14064	0.35738	0.05140	0.04053	0.03896	0.03017	0.01496	0.01177	0.00385	0.01062	0.01231	0.01105	0.01807
30	0.67341	0.02249	0.01709	0.01529	0.02249	0.02609	0.01260	0.03419	0.01979	0.05218	0.01619	0.01889	0.01260	0.01080	0.00720	0.00360	0.00900	0.00630	0.00720	0.01260
31	0.02989	0.03159	0.14389	0.02914	0.03902	0.02463	0.11136	0.04628	0.17400	0.12314	0.08866	0.04117	0.03468	0.01425	0.01222	0.00379	0.01266	0.01290	0.00970	0.01701
32	0.02755	0.02222	0.03506	0.15553	0.12421	0.02254	0.07735	0.07477	0.02817	0.08410	0.03231	0.13239	0.02943	0.01593	0.01212	0.00366	0.01254	0.01469	0.00807	0.08737
33	0.02691	0.02385	0.08240	0.02120	0.02784	0.02059	0.01838	0.08117	0.16006	0.10050	0.10423	0.14708	0.09485	0.02083	0.01264	0.00393	0.00939	0.01775	0.01111	0.01526
34	0.02779	0.15742	0.04986	0.15812	0.27354	0.03165	0.07308	0.03442	0.02526	0.03379	0.02048	0.02716	0.01695	0.01047	0.01082	0.00336	0.01439	0.00973	0.00547	0.01624
35	0.02698	0.02014	0.02279	0.02038	0.02591	0.02184	0.01581	0.04806	0.29916	0.09321	0.20196	0.05750	0.05956	0.01831	0.01245	0.00382	0.00803	0.01563	0.01240	0.01607
36	0.01449	0.01026	0.01340	0.01578	0.01638	0.00966	0.01036	0.01628	0.02164	0.02885	0.06087	0.52397	0.07285	0.10170	0.02006	0.00549	0.00728	0.03116	0.01036	0.00916
37	0.01711	0.01330	0.01890	0.01890	0.02025	0.01549	0.01424	0.02023	0.01919	0.02726	0.03695	0.16135	0.03903	0.11721	0.32859	0.01348	0.08421	0.01704	0.00716	0.01013
38	0.04421	0.03258	0.03490	0.02676	0.03607	0.03607	0.02211	0.47993	0.05468	0.07330	0.02792	0.02792	0.01978	0.01396	0.01163	0.00349	0.01280	0.01047	0.01163	0.01978
39	0.02722	0.02604	0.04438	0.18419	0.41813	0.02722	0.03492	0.03432	0.02574	0.03610	0.02160	0.02929	0.01775	0.01065	0.01154	0.00355	0.01420	0.01036	0.00562	0.01716
40	0.02879	0.02763	0.04721	0.07139	0.51871	0.02763	0.03569	0.03569	0.02648	0.03800	0.02188	0.02879	0.01842	0.01036	0.01151	0.00345	0.01382	0.01036	0.00576	0.01842
41	0.01661	0.01246	0.01869	0.01869	0.02077	0.01454	0.01454	0.02077	0.01869	0.02700	0.03115	0.04569	0.02908	0.08723	0.54517	0.01869	0.03115	0.01246	0.00623	0.01038
42	0.67341	0.02249	0.01709	0.01529	0.02249	0.02609	0.01260	0.03419	0.01979	0.05218	0.01619	0.01889	0.01260	0.01080	0.00720	0.00360	0.00900	0.00630	0.00720	0.01260
43	0.01949	0.01128	0.01282	0.01243	0.01516	0.01090	0.00932	0.02494	0.02797	0.04474	0.23718	0.06163	0.06336	0.01784	0.01048	0.00311	0.00545	0.01512	0.38591	0.01090
44	0.03920	0.02863	0.04148	0.03461	0.08562	0.02934	0.12627	0.21601	0.07935	0.15029	0.03160	0.03245	0.02231	0.01291	0.01213	0.00365	0.01357	0.01168	0.01033	0.01860
45	0.10725	0.03854	0.02757	0.02457	0.02983	0.29204	0.01899	0.08076	0.03053	0.03802	0.02214	0.02596	0.01794	0.01313	0.01245	0.00326	0.06863	0.00852	0.12646	0.01342
46	0.01556	0.01185	0.01429	0.01368	0.01682	0.01059	0.01026	0.02020	0.03079	0.04158	0.38126	0.09521	0.24421	0.02567	0.01373	0.00375	0.00562	0.02220	0.01214	0.01059
47	0.02450	0.01736	0.01944	0.07670	0.02731	0.01945	0.01475	0.04073	0.20625	0.04389	0.03965	0.04201	0.03042	0.01420	0.00994	0.00331	0.00799	0.01167	0.33645	0.01398
48	0.01688	0.01142	0.01340	0.01340	0.01365	0.01166	0.00794	0.01737	0.01713	0.02308	0.03599	0.07248	0.04071	0.53119	0.11711	0.01216	0.01364	0.01638	0.00695	0.00744
49	0.02893	0.02498	0.02630	0.02367	0.03024	0.02893	0.01841	0.06180	0.49770	0.04865	0.04734	0.04339	0.03550	0.01578	0.01183	0.00394	0.00920	0.01315	0.01183	0.01841
50	0.02545	0.02545	0.03562	0.03053	0.03053	0.03562	0.02545	0.02799	0.01781	0.02799	0.01527	0.02545	0.01527	0.02036	0.03817	0.00509	0.56997	0.01018	0.00509	0.01272
51	0.03795	0.26771	0.04450	0.02319	0.03162	0.03671	0.02064	0.16116	0.03332	0.13227	0.02480	0.02588	0.01887	0.01310	0.01301	0.00328	0.07765	0.00887	0.00857	0.01691
52	0.03510	0.02529	0.03301	0.02435	0.03433	0.02347	0.07121	0.16761	0.03504	0.12955	0.02734	0.02866	0.01995	0.01129	0.01062	0.00281	0.01135	0.00955	0.00942	0.29003
53	0.03617	0.02919	0.09422	0.03034	0.04001	0.02497	0.14859	0.13413	0.03328	0.17918	0.03195	0.03750	0.02381	0.08139	0.01784	0.00459	0.01420	0.01228	0.00950	0.01683
54	0.04048	0.02083	0.02578	0.02073	0.02728	0.02144	0.01696	0.12708	0.03349	0.27013	0.03703	0.03657	0.02572	0.01482	0.01397	0.00355	0.07530	0.01109	0.16086	0.01689
55	0.01586	0.01186	0.01471	0.01400	0.01701	0.01072	0.01050	0.02078	0.03150	0.04326	0.42495	0.09244	0.19947	0.02504	0.01372	0.00372	0.00558	0.02181	0.01236	0.01072
56	0.01491	0.01147	0.01363	0.01384	0.01661	0.01020	0.01010	0.01866	0.02814	0.03706	0.26235	0.20184	0.26188	0.02869	0.01397	0.00399	0.00591	0.02496	0.01159	0.01020
57	0.02085	0.01333	0.01968	0.01893	0.02183	0.01484	0.01484	0.02505	0.02043	0.08656	0.03291	0.04496	0.02904	0.07855	0.48159	0.01689	0.02862	0.01237	0.00720	0.01151
58	0.10292	0.02379	0.02848	0.02202	0.03095	0.02345	0.01819	0.17946	0.03844	0.35261	0.03806	0.03438	0.02475	0.01396	0.01129	0.00357	0.01067	0.01087	0.01297	0.01917
59	0.04241	0.03168	0.03389	0.02640	0.03538	0.03523	0.02167	0.43075	0.10679	0.07040	0.03021	0.02974	0.02163	0.01418	0.01166	0.00354	0.01238	0.01079	0.01166	0.01962
60	0.02750	0.02694	0.03649	0.25182	0.19449	0.07611	0.02938	0.03996	0.12714	0.03611	0.02651	0.03207	0.02061	0.01218	0.01153	0.00368	0.01417	0.01068	0.00685	0.01578
61	0.03062	0.08509	0.04057	0.04784	0.29253	0.07009	0.02699	0.03637	0.02757	0.07633	0.06360	0.03228	0.02608	0.01171	0.01089	0.00315	0.01270	0.01031	0.00711	0.08815

[dist]
# distance from previous block
# <min> <max>
0	14

[block]
# block no. 1 follows, 10 sequences, length 26
# corresponding to MSA columns:
# 135-148,155-166
name=unknown_B
#
# <colnr> <probs for GDERKNQSTAVLIFYWHMCP>
#	G	D	E	R	K	N	Q	S	T	A	V	L	I	F	Y	W	H	M	C	P
0	0.24355	0.02551	0.02616	0.02562	0.07505	0.08920	0.05268	0.03526	0.07709	0.04239	0.08252	0.04478	0.10491	0.01552	0.01070	0.00363	0.01105	0.01243	0.00839	0.01357
1	0.03766	0.13041	0.09392	0.03466	0.12133	0.19048	0.02606	0.10760	0.03270	0.08566	0.02288	0.02521	0.01760	0.01180	0.01054	0.00320	0.01565	0.00877	0.00733	0.01654
2	0.03339	0.53522	0.05724	0.01999	0.02983	0.04287	0.01959	0.03721	0.02468	0.08179	0.01941	0.02094	0.01644	0.01043	0.00792	0.00261	0.01216	0.00682	0.00600	0.01546
3	0.02267	0.02137	0.03031	0.02682	0.02747	0.02900	0.02202	0.02572	0.01809	0.02768	0.02025	0.03180	0.01960	0.04135	0.19735	0.00936	0.40080	0.01089	0.00545	0.01199
4	0.04868	0.02097	0.03002	0.02829	0.10297	0.01867	0.01988	0.05354	0.03227	0.45352	0.04229	0.03797	0.02724	0.01379	0.01167	0.00358	0.01048	0.01150	0.01310	0.01959
5	0.01463	0.01103	0.01353	0.01458	0.01667	0.00993	0.01030	0.01777	0.02611	0.03441	0.19131	0.32822	0.20657	0.03133	0.01426	0.00424	0.00619	0.02768	0.01130	0.00993
6	0.02196	0.02067	0.03488	0.56331	0.08010	0.02584	0.03230	0.02972	0.02326	0.02972	0.02067	0.03101	0.01550	0.01163	0.01163	0.00388	0.01550	0.01034	0.00517	0.01292
7	0.01661	0.01246	0.01869	0.01869	0.02077	0.01454	0.01454	0.02077	0.01869	0.02700	0.03115	0.04569	0.02908	0.08723	0.54517	0.01869	0.03115	0.01246	0.00623	0.01038
8	0.02575	0.02633	0.04057	0.03330	0.03507	0.03469	0.09303	0.02938	0.01926	0.02938	0.01651	0.02633	0.01562	0.01877	0.03451	0.00491	0.48750	0.01071	0.00521	0.01317
9	0.03574	0.20705	0.03959	0.02269	0.03118	0.03581	0.01958	0.23609	0.10855	0.05244	0.02806	0.02874	0.02153	0.01294	0.01003	0.00317	0.01147	0.00957	0.06852	0.01723
10	0.01482	0.01076	0.01412	0.01657	0.01785	0.01007	0.01181	0.01742	0.02333	0.03061	0.06864	0.47270	0.11542	0.03515	0.01493	0.00475	0.00726	0.09333	0.01078	0.00967
11	0.02414	0.02357	0.03387	0.09756	0.03592	0.03231	0.02526	0.02750	0.01859	0.02811	0.01751	0.02814	0.01665	0.02578	0.08434	0.00626	0.44634	0.01042	0.00521	0.01252
12	0.03223	0.30232	0.04543	0.09187	0.03741	0.08677	0.02202	0.11692	0.03061	0.03713	0.02406	0.03445	0.02158	0.01353	0.01000	0.00321	0.01354	0.05498	0.00696	0.01497
13	0.04345	0.05543	0.03296	0.02996	0.03596	0.54457	0.02247	0.04644	0.03296	0.02846	0.01798	0.02097	0.01498	0.01199	0.01049	0.00300	0.02097	0.00749	0.00599	0.01348
14	0.02619	0.03322	0.14958	0.13609	0.12058	0.02778	0.07905	0.04361	0.18079	0.03962	0.02999	0.03334	0.02259	0.01248	0.01178	0.00380	0.01400	0.01124	0.00747	0.01682
15	0.01661	0.01246	0.01869	0.01869	0.02077	0.01454	0.01454	0.02077	0.01869	0.02700	0.03115	0.04569	0.02908	0.08723	0.54517	0.01869	0.03115	0.01246	0.00623	0.01038
16	0.01444	0.01100	0.01329	0.01442	0.01657	0.00985	0.01017	0.01740	0.02562	0.03334	0.16333	0.33476	0.23022	0.03179	0.01427	0.00426	0.00623	0.02802	0.01116	0.00985
17	0.02196	0.02067	0.03488	0.56331	0.08010	0.02584	0.03230	0.02972	0.02326	0.02972	0.02067	0.03101	0.01550	0.01163	0.01163	0.00388	0.01550	0.01034	0.00517	0.01292
18	0.01661	0.01246	0.01869	0.01869	0.02077	0.01454	0.01454	0.02077	0.01869	0.02700	0.03115	0.04569	0.02908	0.08723	0.54517	0.01869	0.03115	0.01246	0.00623	0.01038
19	0.01688	0.01143	0.01345	0.01345	0.01372	0.01169	0.00801	0.01741	0.01714	0.02312	0.03594	0.07222	0.04059	0.52675	0.12139	0.01222	0.01382	0.01634	0.00694	0.00747
20	0.02639	0.02263	0.03280	0.24958	0.12732	0.02560	0.02679	0.10047	0.08129	0.04146	0.06775	0.04575	0.03127	0.01519	0.01223	0.00389	0.01288	0.05356	0.00810	0.01505
21	0.67341	0.02249	0.01709	0.01529	0.02249	0.02609	0.01260	0.03419	0.01979	0.05218	0.01619	0.01889	0.01260	0.01080	0.00720	0.00360	0.00900	0.00630	0.00720	0.01260
22	0.02545	0.02545	0.03562	0.03053	0.03053	0.03562	0.02545	0.02799	0.01781	0.02799	0.01527	0.02545	0.01527	0.02036	0.03817	0.00509	0.56997	0.01018	0.00509	0.01272
23	0.09815	0.02841	0.02711	0.02343	0.03063	0.09326	0.01846	0.09161	0.27642	0.12910	0.03869	0.03621	0.02821	0.01443	0.01117	0.00369	0.01111	0.01129	0.01105	0.01757
24	0.09654	0.21665	0.11282	0.02182	0.03219	0.02891	0.02149	0.04449	0.02759	0.24633	0.02969	0.02859	0.02067	0.01211	0.00980	0.00325	0.01175	0.00894	0.00923	0.01715
25	0.02977	0.02524	0.04617	0.16573	0.10038	0.02465	0.19543	0.03737	0.02685	0.11337	0.02587	0.03141	0.01893	0.01087	0.01203	0.00353	0.01512	0.01139	0.00718	0.09870

[dist]
# distance from previous block
# <min> <max>
0	2

[block]
# block no. 2 follows, 10 sequences, length 36
# corresponding to MSA columns:
# 169-204
name=unknown_C
#
# <colnr> <probs for GDERKNQSTAVLIFYWHMCP>
#	G	D	E	R	K	N	Q	S	T	A	V	L	I	F	Y	W	H	M	C	P
0	0.01621	0.01188	0.01519	0.01436	0.01722	0.01087	0.01077	0.02145	0.03232	0.04521	0.47547	0.08923	0.14774	0.02431	0.01372	0.00368	0.00552	0.02136	0.01261	0.01087
1	0.02790	0.02685	0.02427	0.02210	0.02738	0.12346	0.01690	0.04652	0.26401	0.04411	0.18527	0.05247	0.05444	0.01751	0.01215	0.00367	0.01034	0.01449	0.01100	0.01516
2	0.11601	0.10348	0.03423	0.02425	0.03255	0.08606	0.02003	0.24855	0.12649	0.05586	0.02762	0.02783	0.02073	0.01321	0.01049	0.00341	0.01245	0.00963	0.00973	0.01741
3	0.01445	0.01097	0.01333	0.01451	0.01659	0.00984	0.01021	0.01740	0.02556	0.03334	0.16308	0.34362	0.22119	0.03191	0.01429	0.00428	0.00625	0.02817	0.01116	0.00984
4	0.03722	0.02025	0.02296	0.01863	0.02517	0.02064	0.01505	0.18040	0.03653	0.18464	0.03689	0.03738	0.02631	0.01391	0.01023	0.00320	0.00901	0.01095	0.27448	0.01615
5	0.01771	0.01259	0.01709	0.01905	0.02122	0.01239	0.01561	0.02214	0.02600	0.03443	0.11615	0.17494	0.07104	0.08825	0.01999	0.00566	0.00963	0.29527	0.01061	0.01022
6	0.04281	0.09199	0.03733	0.02640	0.03543	0.08987	0.02192	0.39004	0.04930	0.06401	0.02571	0.02627	0.01879	0.01335	0.01109	0.00334	0.01361	0.00973	0.01038	0.01864
7	0.03376	0.02167	0.02601	0.01915	0.02902	0.01807	0.01554	0.08346	0.02976	0.17327	0.02822	0.02868	0.02061	0.01073	0.00976	0.00241	0.00939	0.00856	0.00940	0.42254
8	0.02671	0.02466	0.03848	0.11852	0.31992	0.02597	0.02948	0.03853	0.11645	0.03985	0.07605	0.03770	0.03051	0.01291	0.01181	0.00362	0.01231	0.01197	0.00755	0.01698
9	0.03911	0.04179	0.03126	0.02743	0.03421	0.29110	0.02115	0.13156	0.18046	0.04301	0.02889	0.02918	0.02221	0.01352	0.01112	0.00338	0.01582	0.00979	0.00884	0.01617
10	0.03109	0.59826	0.06095	0.01990	0.02985	0.04602	0.01990	0.03483	0.02363	0.02736	0.01617	0.01866	0.01493	0.00995	0.00746	0.00249	0.01244	0.00622	0.00498	0.01493
11	0.02653	0.03010	0.08294	0.02835	0.03538	0.11372	0.11515	0.03602	0.07583	0.03779	0.08030	0.05789	0.03916	0.01741	0.01261	0.00389	0.01385	0.10380	0.07558	0.01371
12	0.01691	0.01128	0.01268	0.01268	0.01268	0.01128	0.00705	0.01691	0.01691	0.02255	0.03665	0.07611	0.04228	0.59126	0.05920	0.01128	0.01128	0.01691	0.00705	0.00705
13	0.01483	0.01060	0.01419	0.01652	0.01759	0.00997	0.01155	0.01751	0.02376	0.03188	0.10931	0.49136	0.07932	0.03475	0.01484	0.00467	0.00699	0.06964	0.01099	0.00972
14	0.03784	0.02941	0.03131	0.02547	0.03364	0.03309	0.02056	0.30550	0.23950	0.06302	0.03602	0.03438	0.02634	0.01472	0.01172	0.00368	0.01130	0.01159	0.01172	0.01921
15	0.11568	0.02168	0.02696	0.02090	0.02975	0.02042	0.01726	0.10764	0.03458	0.42038	0.04054	0.03597	0.02597	0.01397	0.01122	0.00359	0.01017	0.01098	0.01330	0.01904
16	0.10237	0.02580	0.02971	0.02297	0.03195	0.02645	0.01897	0.24602	0.04179	0.28073	0.03520	0.03252	0.02332	0.01389	0.01128	0.00355	0.01113	0.01068	0.01252	0.01916
17	0.03139	0.02529	0.08363	0.03284	0.07752	0.02071	0.15179	0.03826	0.02887	0.18011	0.09617	0.10695	0.03948	0.01629	0.01284	0.00383	0.01274	0.01566	0.00973	0.01589
18	0.03109	0.59826	0.06095	0.01990	0.02985	0.04602	0.01990	0.03483	0.02363	0.02736	0.01617	0.01866	0.01493	0.00995	0.00746	0.00249	0.01244	0.00622	0.00498	0.01493
19	0.17079	0.02172	0.03145	0.14818	0.22145	0.02346	0.02503	0.03042	0.02351	0.03795	0.02838	0.13265	0.02765	0.01568	0.01119	0.00381	0.01172	0.01376	0.00692	0.01427
20	0.03019	0.02659	0.03350	0.03206	0.09286	0.02948	0.06272	0.09518	0.35643	0.04860	0.04027	0.03909	0.03034	0.01441	0.01195	0.00384	0.01105	0.01262	0.01053	0.01829
21	0.01824	0.01368	0.01720	0.01640	0.01962	0.01346	0.01263	0.02717	0.09088	0.04579	0.41215	0.08551	0.09642	0.02354	0.01370	0.00385	0.00644	0.05895	0.01249	0.01189
22	0.02196	0.02067	0.03488	0.56331	0.08010	0.02584	0.03230	0.02972	0.02326	0.02972	0.02067	0.03101	0.01550	0.01163	0.01163	0.00388	0.01550	0.01034	0.00517	0.01292
23	0.01517	0.01107	0.01449	0.01686	0.01839	0.01040	0.01238	0.01807	0.02382	0.03107	0.07004	0.42246	0.12767	0.03460	0.01499	0.00477	0.00755	0.12563	0.01078	0.00978
24	0.02020	0.01010	0.01515	0.01515	0.01515	0.01010	0.01010	0.01515	0.01515	0.02020	0.02020	0.03535	0.02020	0.04040	0.04545	0.66162	0.01010	0.01010	0.00505	0.00505
25	0.03109	0.59826	0.06095	0.01990	0.02985	0.04602	0.01990	0.03483	0.02363	0.02736	0.01617	0.01866	0.01493	0.00995	0.00746	0.00249	0.01244	0.00622	0.00498	0.01493
26	0.01440	0.01030	0.01370	0.01604	0.01692	0.00960	0.01081	0.01678	0.02335	0.03141	0.10954	0.53334	0.08025	0.03515	0.01473	0.00462	0.00662	0.03184	0.01100	0.00960
27	0.02196	0.02067	0.03488	0.56331	0.08010	0.02584	0.03230	0.02972	0.02326	0.02972	0.02067	0.03101	0.01550	0.01163	0.01163	0.00388	0.01550	0.01034	0.00517	0.01292
28	0.02803	0.02370	0.02894	0.02443	0.03100	0.02600	0.05914	0.10363	0.29883	0.05028	0.14291	0.04971	0.04788	0.01673	0.01239	0.00382	0.00981	0.01456	0.01147	0.01673
29	0.03362	0.03775	0.02846	0.02349	0.03169	0.27550	0.01805	0.03772	0.02846	0.03326	0.01935	0.02257	0.01612	0.01027	0.00953	0.00235	0.01469	0.00719	0.00645	0.34349
30	0.08945	0.02242	0.03026	0.03543	0.17864	0.02339	0.02176	0.08809	0.02983	0.09157	0.08277	0.04943	0.12247	0.01698	0.01419	0.00374	0.06146	0.01374	0.00900	0.01538
31	0.02441	0.01348	0.01376	0.01277	0.01628	0.01390	0.00983	0.08206	0.02807	0.04699	0.03672	0.04149	0.02859	0.01360	0.00856	0.00280	0.00632	0.01080	0.57765	0.01192
32	0.03189	0.03390	0.10198	0.03277	0.04207	0.11820	0.19384	0.03940	0.02826	0.09840	0.02775	0.03196	0.02053	0.01165	0.01149	0.00345	0.01564	0.01116	0.13062	0.01506
33	0.36171	0.02114	0.02206	0.01800	0.02610	0.02158	0.01485	0.04547	0.02656	0.29030	0.03109	0.02928	0.02072	0.01260	0.00945	0.00360	0.00945	0.00901	0.01081	0.01621
34	0.01948	0.01241	0.01534	0.01492	0.01826	0.01131	0.01144	0.02398	0.02912	0.08187	0.25437	0.13460	0.17604	0.02512	0.01330	0.00387	0.00655	0.05943	0.07727	0.01130
35	0.01451	0.01135	0.01328	0.01463	0.01717	0.01011	0.01078	0.01740	0.02493	0.03117	0.09061	0.29329	0.29387	0.03243	0.01444	0.00440	0.00680	0.07825	0.01079	0.00979

[dist]
# distance from previous block
# <min> <max>
0	1

[block]
# block no. 3 follows, 10 sequences, length 45
# corresponding to MSA columns:
# 206-250
name=unknown_D
#
# <colnr> <probs for GDERKNQSTAVLIFYWHMCP>
#	G	D	E	R	K	N	Q	S	T	A	V	L	I	F	Y	W	H	M	C	P
0	0.02315	0.10622	0.14414	0.12479	0.04815	0.02616	0.14614	0.03095	0.02500	0.03308	0.03713	0.09056	0.08395	0.01538	0.01208	0.00375	0.01450	0.01426	0.00652	0.01408
1	0.02986	0.01665	0.01930	0.01645	0.02223	0.01598	0.01292	0.03973	0.10800	0.15616	0.08019	0.04384	0.03587	0.01439	0.01013	0.00309	0.00751	0.01182	0.26024	0.09565
2	0.02967	0.02106	0.02490	0.01864	0.02827	0.01746	0.01494	0.03818	0.08492	0.12541	0.02845	0.02925	0.02155	0.01053	0.00956	0.00233	0.00891	0.00852	0.00883	0.46862
3	0.34618	0.02371	0.02315	0.01942	0.02717	0.02603	0.01583	0.10297	0.11149	0.15373	0.02946	0.02874	0.02098	0.01285	0.00955	0.00365	0.00973	0.00919	0.01011	0.01608
4	0.02410	0.02217	0.02668	0.02294	0.02834	0.06449	0.07568	0.07435	0.11297	0.04054	0.11565	0.15308	0.14660	0.02198	0.01311	0.00391	0.01035	0.01935	0.01024	0.01345
5	0.02679	0.02225	0.02555	0.01849	0.02869	0.01824	0.01489	0.08914	0.02818	0.04260	0.02163	0.02462	0.01757	0.00932	0.00901	0.00196	0.00917	0.00737	0.00752	0.57701
6	0.02392	0.01801	0.02197	0.08656	0.02997	0.02032	0.01661	0.07208	0.15034	0.04240	0.08091	0.04516	0.03610	0.03032	0.12279	0.00668	0.01367	0.01266	0.15580	0.01374
7	0.02863	0.01561	0.02012	0.01738	0.02242	0.01463	0.01359	0.03654	0.07927	0.19371	0.32353	0.06808	0.07759	0.02011	0.01291	0.00367	0.00721	0.01739	0.01319	0.01441
8	0.04402	0.02341	0.03281	0.02536	0.03428	0.02263	0.07522	0.09526	0.12086	0.33385	0.04166	0.03816	0.02779	0.01404	0.01197	0.00369	0.01126	0.01210	0.01259	0.01902
9	0.02081	0.01494	0.01706	0.01601	0.01852	0.01589	0.01125	0.06657	0.07296	0.03335	0.04308	0.06305	0.07675	0.28954	0.12907	0.00977	0.01383	0.01527	0.06170	0.01059
10	0.03109	0.59826	0.06095	0.01990	0.02985	0.04602	0.01990	0.03483	0.02363	0.02736	0.01617	0.01866	0.01493	0.00995	0.00746	0.00249	0.01244	0.00622	0.00498	0.01493
11	0.03245	0.03032	0.12839	0.03258	0.04198	0.02430	0.16622	0.03972	0.02696	0.17820	0.03236	0.08360	0.02565	0.01518	0.01582	0.00401	0.08393	0.01360	0.00856	0.01619
12	0.02745	0.03137	0.06863	0.04902	0.06078	0.02941	0.47647	0.03725	0.02745	0.03725	0.02353	0.03137	0.01765	0.00980	0.01373	0.00392	0.01961	0.01373	0.00588	0.01569
13	0.67341	0.02249	0.01709	0.01529	0.02249	0.02609	0.01260	0.03419	0.01979	0.05218	0.01619	0.01889	0.01260	0.01080	0.00720	0.00360	0.00900	0.00630	0.00720	0.01260
14	0.01691	0.07739	0.07223	0.01835	0.02171	0.01513	0.01510	0.02030	0.02265	0.03019	0.05456	0.46599	0.06392	0.03101	0.01367	0.00438	0.00843	0.02769	0.00957	0.01083
15	0.01564	0.01186	0.01441	0.01377	0.01687	0.01063	0.01033	0.02036	0.03099	0.04205	0.39366	0.09442	0.23152	0.02549	0.01373	0.00374	0.00561	0.02209	0.01220	0.01063
16	0.01655	0.01112	0.01279	0.01315	0.01324	0.01103	0.00755	0.01682	0.01762	0.02350	0.04029	0.14353	0.04688	0.51757	0.05331	0.01041	0.01067	0.01906	0.00755	0.00737
17	0.10460	0.01818	0.02268	0.01812	0.02564	0.01664	0.01479	0.04837	0.03015	0.38083	0.04141	0.03842	0.02747	0.01388	0.01052	0.00341	0.00888	0.01101	0.14776	0.01724
18	0.02722	0.01427	0.01899	0.01646	0.02108	0.01282	0.01282	0.03241	0.03303	0.19127	0.37199	0.07263	0.08535	0.02095	0.01311	0.00364	0.00682	0.01822	0.01328	0.01363
19	0.23604	0.02236	0.02371	0.02002	0.02765	0.02383	0.01615	0.05145	0.18440	0.22052	0.03721	0.03448	0.02604	0.01375	0.01035	0.00371	0.00939	0.01052	0.01132	0.01711
20	0.12179	0.03118	0.13177	0.02394	0.03381	0.02527	0.02273	0.09094	0.15362	0.19271	0.03539	0.03359	0.02461	0.01354	0.01099	0.00370	0.01140	0.01060	0.01052	0.01793
21	0.16444	0.21515	0.21612	0.02452	0.03639	0.03383	0.02687	0.09104	0.02704	0.04168	0.01932	0.02197	0.01498	0.01102	0.00921	0.00327	0.01346	0.00761	0.00625	0.01585
22	0.03052	0.24537	0.04252	0.14724	0.04156	0.03439	0.02223	0.14646	0.03269	0.04213	0.08228	0.03243	0.02816	0.01310	0.01028	0.00321	0.01237	0.01012	0.00771	0.01521
23	0.59468	0.02661	0.01908	0.01713	0.02417	0.09089	0.01383	0.03572	0.02144	0.04922	0.01642	0.01915	0.01289	0.01094	0.00761	0.00352	0.01049	0.00645	0.00705	0.01271
24	0.09078	0.02812	0.17122	0.02060	0.02875	0.01762	0.02101	0.02961	0.02648	0.08911	0.13262	0.12654	0.13124	0.02031	0.01217	0.00384	0.01008	0.01699	0.00937	0.01352
25	0.01553	0.01172	0.01447	0.01499	0.01768	0.01067	0.01134	0.01960	0.02820	0.03737	0.25148	0.19375	0.21739	0.02895	0.01425	0.00416	0.00654	0.08004	0.01155	0.01031
26	0.02634	0.02474	0.04161	0.12963	0.39780	0.02531	0.03215	0.03318	0.02686	0.03798	0.08304	0.03634	0.02945	0.01221	0.01180	0.00354	0.01300	0.01169	0.00656	0.01676
27	0.01417	0.01012	0.01350	0.01619	0.01687	0.00945	0.01080	0.01619	0.02227	0.02969	0.06410	0.58367	0.07692	0.03644	0.01484	0.00472	0.00675	0.03306	0.01080	0.00945
28	0.01661	0.01246	0.01869	0.01869	0.02077	0.01454	0.01454	0.02077	0.01869	0.02700	0.03115	0.04569	0.02908	0.08723	0.54517	0.01869	0.03115	0.01246	0.00623	0.01038
29	0.16557	0.47771	0.05176	0.01894	0.02831	0.04185	0.01837	0.03469	0.02283	0.03256	0.01617	0.01871	0.01444	0.01013	0.00741	0.00272	0.01172	0.00624	0.00544	0.01444
30	0.03246	0.01843	0.02279	0.01914	0.02571	0.01736	0.01504	0.04299	0.12827	0.21340	0.14690	0.09566	0.05059	0.01788	0.01203	0.00353	0.00834	0.01526	0.01220	0.10202
31	0.09277	0.02545	0.03447	0.38478	0.12772	0.08085	0.02967	0.03274	0.02435	0.03302	0.02008	0.02840	0.01553	0.01141	0.01103	0.00370	0.01518	0.00962	0.00554	0.01368
32	0.17804	0.03681	0.03164	0.02944	0.07835	0.18600	0.02144	0.21198	0.03800	0.05196	0.02184	0.02397	0.01666	0.01235	0.01032	0.00336	0.01453	0.00867	0.00843	0.01621
33	0.01697	0.01223	0.01834	0.01834	0.02021	0.01410	0.01410	0.02021	0.01834	0.02632	0.03006	0.04466	0.02819	0.08257	0.49546	0.08265	0.02906	0.01223	0.00611	0.00985
34	0.14307	0.18574	0.16585	0.02405	0.03517	0.03277	0.02479	0.13060	0.03068	0.09332	0.02280	0.02424	0.01688	0.01166	0.00964	0.00331	0.01290	0.00828	0.00767	0.01661
35	0.03002	0.02837	0.05400	0.05012	0.18406	0.02851	0.24536	0.03751	0.02648	0.08493	0.02419	0.03067	0.01866	0.01182	0.01614	0.00391	0.09009	0.01209	0.00659	0.01648
36	0.67341	0.02249	0.01709	0.01529	0.02249	0.02609	0.01260	0.03419	0.01979	0.05218	0.01619	0.01889	0.01260	0.01080	0.00720	0.00360	0.00900	0.00630	0.00720	0.01260
37	0.02999	0.02049	0.02472	0.01795	0.02801	0.01584	0.01447	0.03502	0.02604	0.14025	0.02595	0.02736	0.01965	0.00982	0.00926	0.00212	0.00888	0.00790	0.00846	0.52783
38	0.01691	0.01128	0.01268	0.01268	0.01268	0.01128	0.00705	0.01691	0.01691	0.02255	0.03665	0.07611	0.04228	0.59126	0.05920	0.01128	0.01128	0.01691	0.00705	0.00705
39	0.03501	0.12536	0.03120	0.02030	0.02782	0.02555	0.01697	0.10179	0.11823	0.18272	0.10346	0.04763	0.08190	0.01637	0.01139	0.00348	0.00969	0.01318	0.01132	0.01662
40	0.03402	0.08137	0.04039	0.02909	0.03787	0.03133	0.11518	0.14760	0.22000	0.08622	0.03496	0.03480	0.02580	0.01347	0.01177	0.00367	0.01254	0.01191	0.01010	0.01793
41	0.01691	0.01128	0.01268	0.01268	0.01268	0.01128	0.00705	0.01691	0.01691	0.02255	0.03665	0.07611	0.04228	0.59126	0.05920	0.01128	0.01128	0.01691	0.00705	0.00705
42	0.02619	0.08679	0.08661	0.06970	0.03782	0.02726	0.06407	0.04441	0.22421	0.04130	0.07825	0.03889	0.03306	0.01382	0.01132	0.00351	0.01147	0.01189	0.00888	0.08057
43	0.02208	0.01826	0.06235	0.01781	0.02286	0.01489	0.01516	0.03104	0.08129	0.09585	0.37259	0.07200	0.08530	0.02086	0.01308	0.00368	0.00735	0.01816	0.01219	0.01321
44	0.14239	0.09634	0.03446	0.09865	0.07819	0.07713	0.06297	0.03382	0.02396	0.07151	0.02411	0.03306	0.02055	0.07939	0.07166	0.00584	0.01555	0.01016	0.00671	0.01355

[dist]
# distance from previous block
# <min> <max>
4	21

[block]
# block no. 4 follows, 10 sequences, length 37
# corresponding to MSA columns:
# 272-308
name=unknown_E
#
# <colnr> <probs for GDERKNQSTAVLIFYWHMCP>
#	G	D	E	R	K	N	Q	S	T	A	V	L	I	F	Y	W	H	M	C	P
0	0.19140	0.02147	0.02499	0.10607	0.03480	0.02320	0.01821	0.12518	0.03160	0.14368	0.07867	0.08795	0.03349	0.01603	0.01107	0.00374	0.01042	0.01289	0.01009	0.01506
1	0.01613	0.01161	0.01361	0.01326	0.01507	0.01088	0.00890	0.01881	0.02492	0.03353	0.23539	0.08715	0.15908	0.26474	0.03295	0.00693	0.00801	0.01997	0.00998	0.00909
2	0.03628	0.02331	0.02674	0.02228	0.02927	0.02462	0.01773	0.18201	0.15761	0.16433	0.08723	0.09957	0.04058	0.01787	0.01224	0.00378	0.00986	0.01486	0.01234	0.01749
3	0.02654	0.14858	0.02704	0.01644	0.02195	0.02362	0.01375	0.08067	0.08226	0.04384	0.07976	0.04038	0.03388	0.01404	0.00933	0.00298	0.00824	0.01102	0.30210	0.01360
4	0.02086	0.01279	0.01590	0.01586	0.01941	0.01141	0.01207	0.02436	0.02714	0.11199	0.12878	0.23229	0.21792	0.02869	0.01399	0.00423	0.00727	0.07192	0.01158	0.01153
5	0.02811	0.02695	0.04599	0.11986	0.47549	0.02746	0.03536	0.03510	0.02616	0.03718	0.02176	0.02900	0.01813	0.01049	0.01153	0.00350	0.01398	0.01036	0.00570	0.01788
6	0.01691	0.01128	0.01268	0.01268	0.01268	0.01128	0.00705	0.01691	0.01691	0.02255	0.03665	0.07611	0.04228	0.59126	0.05920	0.01128	0.01128	0.01691	0.00705	0.00705
7	0.04421	0.03258	0.03490	0.02676	0.03607	0.03607	0.02211	0.47993	0.05468	0.07330	0.02792	0.02792	0.01978	0.01396	0.01163	0.00349	0.01280	0.01047	0.01163	0.01978
8	0.03120	0.02693	0.02495	0.02183	0.02817	0.13696	0.01702	0.08312	0.03045	0.08995	0.03670	0.14684	0.03555	0.01870	0.01177	0.00341	0.01190	0.06248	0.00921	0.17286
9	0.03273	0.52660	0.05725	0.02123	0.03066	0.11183	0.02024	0.03636	0.02486	0.02751	0.01641	0.01896	0.01493	0.01022	0.00786	0.00255	0.01356	0.00639	0.00511	0.01473
10	0.67341	0.02249	0.01709	0.01529	0.02249	0.02609	0.01260	0.03419	0.01979	0.05218	0.01619	0.01889	0.01260	0.01080	0.00720	0.00360	0.00900	0.00630	0.00720	0.01260
11	0.03072	0.04067	0.17643	0.05115	0.28031	0.09652	0.03463	0.08031	0.02953	0.03983	0.02167	0.02651	0.01709	0.01111	0.01126	0.00346	0.01559	0.00951	0.00612	0.01756
12	0.07138	0.01628	0.02138	0.12534	0.03238	0.01815	0.01689	0.07409	0.02484	0.03532	0.03905	0.22157	0.04117	0.08191	0.11980	0.00757	0.01444	0.01860	0.00831	0.01154
13	0.01459	0.01083	0.01372	0.01585	0.01743	0.00996	0.01127	0.01718	0.02366	0.03062	0.07508	0.43444	0.16742	0.03449	0.01475	0.00463	0.00701	0.07661	0.01079	0.00967
14	0.01927	0.01190	0.01613	0.01786	0.01988	0.01116	0.01328	0.02232	0.02447	0.08395	0.06158	0.42257	0.06951	0.03310	0.01479	0.00475	0.00799	0.12350	0.01116	0.01084
15	0.03927	0.01658	0.02184	0.01776	0.02434	0.01472	0.01429	0.04414	0.03179	0.34152	0.14976	0.05084	0.04719	0.01637	0.01158	0.00347	0.00819	0.01366	0.11630	0.01638
16	0.07952	0.01307	0.01606	0.01547	0.01863	0.01269	0.01201	0.02336	0.03097	0.04582	0.41370	0.08543	0.09557	0.02349	0.01336	0.00385	0.00642	0.06744	0.01203	0.01110
17	0.03185	0.01999	0.02193	0.01914	0.02448	0.06134	0.01527	0.08472	0.03381	0.16931	0.19447	0.06233	0.05719	0.01900	0.01230	0.00364	0.00931	0.05994	0.08559	0.01438
18	0.33003	0.09991	0.23900	0.02333	0.03505	0.02861	0.02622	0.03537	0.02222	0.04304	0.01817	0.02126	0.01375	0.01081	0.00885	0.00352	0.01283	0.00726	0.00599	0.01479
19	0.54934	0.02702	0.02039	0.01791	0.02515	0.08465	0.01451	0.07378	0.02425	0.05135	0.01740	0.01990	0.01348	0.01120	0.00794	0.00352	0.01066	0.00679	0.00744	0.01331
20	0.02072	0.01734	0.02627	0.30569	0.05088	0.02021	0.02234	0.02803	0.06084	0.03289	0.12054	0.04828	0.03885	0.08130	0.02025	0.06108	0.01212	0.01336	0.00738	0.01164
21	0.01484	0.01189	0.01342	0.01402	0.01732	0.01046	0.01081	0.01833	0.02676	0.03325	0.14140	0.15815	0.36188	0.03001	0.01422	0.00421	0.00670	0.09134	0.01098	0.01004
22	0.02099	0.01780	0.02393	0.02229	0.02479	0.02203	0.01771	0.03045	0.11289	0.03148	0.03083	0.04077	0.02729	0.05838	0.32811	0.01278	0.14581	0.01209	0.00708	0.01248
23	0.01469	0.01126	0.01346	0.01410	0.01659	0.01003	0.01012	0.01807	0.02697	0.03531	0.21578	0.26277	0.24865	0.03013	0.01411	0.00412	0.00606	0.02637	0.01139	0.01003
24	0.01477	0.01086	0.01361	0.01556	0.01700	0.01006	0.01088	0.01713	0.02307	0.02991	0.07182	0.40487	0.15698	0.08226	0.01856	0.00519	0.00736	0.07018	0.01047	0.00944
25	0.03135	0.50221	0.10405	0.02200	0.03232	0.08468	0.02234	0.03596	0.02448	0.02837	0.01677	0.01941	0.01491	0.01022	0.00805	0.00264	0.01359	0.00655	0.00505	0.01503
26	0.05129	0.02122	0.02787	0.02137	0.03040	0.01921	0.01765	0.10378	0.03567	0.47630	0.04389	0.03829	0.02779	0.01435	0.01169	0.00359	0.01022	0.01156	0.01409	0.01979
27	0.01687	0.01143	0.01348	0.01348	0.01375	0.01171	0.00804	0.01742	0.01715	0.02314	0.03592	0.07209	0.04054	0.52472	0.12335	0.01225	0.01390	0.01633	0.00694	0.00749
28	0.03394	0.09946	0.12745	0.03757	0.13880	0.23735	0.02824	0.04304	0.08091	0.03411	0.02241	0.02553	0.01794	0.01170	0.01066	0.00327	0.01665	0.00880	0.00630	0.01587
29	0.58669	0.02109	0.01689	0.01521	0.02182	0.02410	0.01238	0.03257	0.02153	0.05145	0.08172	0.02787	0.02542	0.01251	0.00806	0.00361	0.00853	0.00824	0.00794	0.01238
30	0.02924	0.13032	0.19090	0.07823	0.04206	0.08474	0.02780	0.08067	0.07463	0.03853	0.02305	0.02598	0.01772	0.01145	0.01029	0.00319	0.01433	0.00867	0.00665	0.10156
31	0.02191	0.02542	0.10630	0.02870	0.08398	0.02235	0.02269	0.03117	0.08707	0.03723	0.12762	0.15349	0.04909	0.02106	0.01784	0.00418	0.12029	0.01710	0.00869	0.01383
32	0.02254	0.02306	0.07542	0.09882	0.09020	0.02136	0.02255	0.03624	0.15687	0.03874	0.08725	0.15082	0.04666	0.02031	0.01284	0.00411	0.01068	0.05770	0.00937	0.01445
33	0.02194	0.01997	0.03518	0.13823	0.10690	0.02049	0.11579	0.02849	0.02568	0.03415	0.04095	0.12952	0.04166	0.02123	0.01399	0.00445	0.01341	0.16694	0.00801	0.01302
34	0.02602	0.09953	0.04122	0.28188	0.20372	0.02939	0.03023	0.03567	0.07498	0.03399	0.02330	0.03001	0.01847	0.01146	0.01106	0.00357	0.01390	0.01010	0.00604	0.01547
35	0.10205	0.01292	0.01360	0.01349	0.01645	0.01244	0.00961	0.02001	0.02445	0.03514	0.15886	0.14130	0.22363	0.14039	0.02220	0.00541	0.00741	0.02088	0.00996	0.00981
36	0.08870	0.03129	0.09656	0.13683	0.09701	0.10749	0.02676	0.03277	0.02432	0.03360	0.02447	0.03773	0.02171	0.02228	0.07096	0.00548	0.07163	0.05059	0.00616	0.01367

[dist]
# distance from previous block
# <min> <max>
2	15

[block]
# block no. 5 follows, 10 sequences, length 20
# corresponding to MSA columns:
# 325-344
name=unknown_F
#
# <colnr> <probs for GDERKNQSTAVLIFYWHMCP>
#	G	D	E	R	K	N	Q	S	T	A	V	L	I	F	Y	W	H	M	C	P
0	0.13447	0.03112	0.11204	0.09287	0.04735	0.02669	0.16322	0.08499	0.02857	0.08840	0.02399	0.02821	0.01741	0.01115	0.01126	0.00360	0.01464	0.01037	0.00736	0.06228
1	0.03270	0.09230	0.18358	0.03194	0.08254	0.03043	0.02919	0.10145	0.02897	0.11854	0.02439	0.02747	0.01820	0.01378	0.01659	0.00380	0.13003	0.00963	0.00753	0.01694
2	0.27662	0.02462	0.02489	0.02061	0.02851	0.02695	0.01678	0.14118	0.12700	0.15515	0.03125	0.03014	0.02218	0.01324	0.01004	0.00365	0.01005	0.00972	0.01060	0.01683
3	0.37112	0.01724	0.01558	0.01480	0.01965	0.01890	0.01152	0.02828	0.02339	0.04684	0.12907	0.11676	0.04397	0.01748	0.00976	0.00368	0.00755	0.01371	0.07909	0.01162
4	0.02754	0.02683	0.02863	0.02430	0.03068	0.10650	0.06180	0.04384	0.21518	0.04276	0.15486	0.04773	0.04741	0.01592	0.01198	0.00351	0.01114	0.01369	0.01009	0.07561
5	0.03785	0.02595	0.02663	0.02059	0.02972	0.10157	0.01644	0.04241	0.02901	0.22114	0.02977	0.02946	0.02123	0.01134	0.01008	0.00264	0.01110	0.00880	0.00958	0.31468
6	0.01539	0.01101	0.01483	0.01711	0.01844	0.01044	0.01248	0.01850	0.02443	0.03270	0.11495	0.43228	0.07860	0.03409	0.01497	0.00473	0.00743	0.11675	0.01101	0.00989
7	0.02333	0.06016	0.53100	0.03315	0.05034	0.02701	0.04297	0.03683	0.02455	0.03683	0.02087	0.02455	0.01473	0.01105	0.01105	0.00368	0.01719	0.00859	0.00491	0.01719
8	0.04816	0.01992	0.02658	0.02020	0.02938	0.01687	0.01662	0.05275	0.03197	0.45664	0.04227	0.03737	0.02713	0.01357	0.01125	0.00333	0.00971	0.01101	0.01332	0.11197
9	0.03160	0.01975	0.02138	0.01833	0.02405	0.02111	0.01451	0.13326	0.14383	0.10624	0.03898	0.03971	0.02895	0.01426	0.01015	0.00327	0.00837	0.01141	0.29532	0.01552
10	0.01674	0.01083	0.01337	0.01383	0.01482	0.01028	0.00901	0.01620	0.01942	0.02502	0.05438	0.15795	0.14653	0.20376	0.03734	0.20688	0.00895	0.01928	0.00791	0.00746
11	0.03520	0.02810	0.02983	0.02494	0.03263	0.03186	0.01993	0.23342	0.31587	0.05877	0.03937	0.03704	0.02905	0.01503	0.01175	0.00376	0.01068	0.01205	0.01175	0.01897
12	0.09963	0.02071	0.02389	0.01766	0.02741	0.01695	0.01427	0.03492	0.02536	0.13049	0.02488	0.02643	0.01888	0.00993	0.00903	0.00228	0.00889	0.00772	0.00832	0.47236
13	0.03004	0.53215	0.05531	0.01888	0.02802	0.04206	0.01858	0.03396	0.02372	0.02916	0.01862	0.02144	0.01660	0.01036	0.00754	0.00251	0.01165	0.00674	0.07822	0.01447
14	0.35775	0.03341	0.02466	0.02146	0.02865	0.18730	0.01700	0.08183	0.02847	0.09344	0.02076	0.02242	0.01560	0.01182	0.00908	0.00340	0.01316	0.00759	0.00794	0.01425
15	0.02720	0.03566	0.15533	0.05599	0.26911	0.02809	0.18333	0.03645	0.02640	0.03751	0.02221	0.02876	0.01740	0.01032	0.01215	0.00366	0.01644	0.01111	0.00562	0.01726
16	0.01713	0.01203	0.01656	0.01656	0.01820	0.01343	0.01218	0.02040	0.01877	0.02737	0.03307	0.05278	0.03231	0.20157	0.38138	0.01551	0.02412	0.01339	0.06363	0.00962
17	0.01515	0.01116	0.01418	0.01485	0.01693	0.01019	0.01060	0.01887	0.02770	0.03760	0.27466	0.29129	0.15447	0.02971	0.01418	0.00413	0.00605	0.02640	0.01170	0.01019
18	0.01510	0.01081	0.01444	0.01638	0.01769	0.01015	0.01161	0.01817	0.02494	0.03373	0.15750	0.43545	0.08279	0.03337	0.01473	0.00456	0.00687	0.07060	0.01121	0.00989
19	0.03741	0.02846	0.03412	0.02653	0.03485	0.03091	0.06886	0.31916	0.09813	0.06228	0.03111	0.03228	0.02279	0.01366	0.01138	0.00348	0.01207	0.01118	0.10345	0.01790

[dist]
# distance from previous block
# <min> <max>
2	3

[block]
# block no. 6 follows, 10 sequences, length 20
# corresponding to MSA columns:
# 348-367
name=unknown_G
#
# <colnr> <probs for GDERKNQSTAVLIFYWHMCP>
#	G	D	E	R	K	N	Q	S	T	A	V	L	I	F	Y	W	H	M	C	P
0	0.12180	0.08386	0.07359	0.02070	0.03043	0.02193	0.01879	0.04715	0.02893	0.32415	0.03440	0.03198	0.02295	0.01262	0.01033	0.00330	0.01057	0.00971	0.01094	0.08188
1	0.03109	0.59826	0.06095	0.01990	0.02985	0.04602	0.01990	0.03483	0.02363	0.02736	0.01617	0.01866	0.01493	0.00995	0.00746	0.00249	0.01244	0.00622	0.00498	0.01493
2	0.03286	0.02977	0.03889	0.25167	0.05733	0.08143	0.08278	0.19584	0.03615	0.04636	0.02339	0.02894	0.01727	0.01228	0.01178	0.00365	0.01557	0.01052	0.00769	0.01581
3	0.03582	0.02698	0.03460	0.22620	0.11065	0.07232	0.02648	0.13427	0.03336	0.14406	0.02742	0.03098	0.01952	0.01258	0.01153	0.00360	0.01402	0.01040	0.00863	0.01657
4	0.01477	0.01182	0.01320	0.01285	0.01634	0.01025	0.00964	0.01867	0.02892	0.03714	0.26622	0.10251	0.36202	0.02732	0.01374	0.00383	0.00574	0.02323	0.01155	0.01025
5	0.02715	0.02290	0.03433	0.24090	0.05012	0.02960	0.02720	0.03199	0.02176	0.08633	0.02095	0.02929	0.01692	0.01620	0.02457	0.00444	0.28511	0.01042	0.00620	0.01362
6	0.02790	0.01442	0.01921	0.01657	0.02132	0.01293	0.01293	0.03307	0.03304	0.20041	0.36311	0.07173	0.08381	0.02077	0.01307	0.00364	0.00690	0.01804	0.01331	0.01380
7	0.02020	0.01010	0.01515	0.01515	0.01515	0.01010	0.01010	0.01515	0.01515	0.02020	0.02020	0.03535	0.02020	0.04040	0.04545	0.66162	0.01010	0.01010	0.00505	0.00505
