[name]
unknown

[dist]
# distance from previous block
# <min> <max>
9	540

[block]
# block no. 0 follows, 12 sequences, length 78
# corresponding to MSA columns:
# 585-662
name=unknown_A
#
# <colnr> <probs for GDERKNQSTAVLIFYWHMCP>
#	G	D	E	R	K	N	Q	S	T	A	V	L	I	F	Y	W	H	M	C	P
0	0.03401	0.01871	0.02674	0.11805	0.08968	0.01845	0.01934	0.07223	0.03031	0.26613	0.14500	0.04363	0.03991	0.01456	0.01135	0.00341	0.00983	0.01246	0.01068	0.01554
1	0.08397	0.02531	0.08739	0.02544	0.06707	0.02200	0.06624	0.11313	0.06994	0.07745	0.09062	0.03520	0.03000	0.01265	0.01032	0.00315	0.01046	0.01075	0.07193	0.08697
2	0.03139	0.02898	0.02795	0.15836	0.03991	0.17574	0.02053	0.11397	0.03065	0.08117	0.05841	0.07598	0.02651	0.01393	0.01074	0.00320	0.01329	0.01115	0.00783	0.07031
3	0.04142	0.01951	0.02478	0.01946	0.02689	0.01840	0.01589	0.13527	0.03499	0.37004	0.13035	0.04305	0.03912	0.01501	0.01130	0.00336	0.00905	0.01233	0.01273	0.01706
4	0.10606	0.06913	0.07930	0.06968	0.03395	0.02639	0.02021	0.21232	0.03341	0.08937	0.02657	0.07495	0.02171	0.01340	0.01010	0.00321	0.01110	0.01050	0.00860	0.08004
5	0.14783	0.07388	0.02913	0.02112	0.02827	0.02590	0.06208	0.15739	0.10131	0.08456	0.02838	0.02970	0.02116	0.01208	0.00947	0.00318	0.01003	0.00958	0.13004	0.01491
6	0.09567	0.02727	0.07134	0.02345	0.03165	0.05846	0.06036	0.12486	0.11556	0.13556	0.07291	0.03376	0.02799	0.01292	0.01057	0.00329	0.01112	0.01061	0.00947	0.06317
7	0.03576	0.08694	0.03162	0.02190	0.02958	0.07195	0.07056	0.04052	0.02885	0.26397	0.11632	0.03868	0.03493	0.01338	0.01072	0.00311	0.01075	0.01134	0.01010	0.06901
8	0.09558	0.08200	0.07293	0.01955	0.02879	0.02211	0.01750	0.07710	0.06760	0.17629	0.02737	0.02725	0.01976	0.01095	0.00927	0.00277	0.00982	0.00841	0.00874	0.21620
9	0.07676	0.02395	0.02860	0.07103	0.03391	0.07992	0.05714	0.07814	0.05860	0.20044	0.02948	0.03096	0.02124	0.01850	0.06470	0.00454	0.01349	0.00982	0.00896	0.08982
10	0.07025	0.07785	0.11471	0.03076	0.12022	0.08255	0.05355	0.03623	0.07243	0.07914	0.02849	0.08386	0.02421	0.01334	0.01028	0.00330	0.01213	0.01125	0.06089	0.01454
11	0.01464	0.01071	0.01374	0.01384	0.01602	0.00982	0.01006	0.01871	0.02771	0.03826	0.37712	0.22032	0.13676	0.02587	0.01314	0.00371	0.00549	0.02295	0.01134	0.00982
12	0.10027	0.07032	0.21827	0.02786	0.07978	0.02310	0.05637	0.03384	0.02336	0.07802	0.02089	0.02387	0.01571	0.00983	0.00944	0.00291	0.01234	0.00797	0.00615	0.17971
13	0.02885	0.28197	0.04177	0.02660	0.10552	0.11511	0.01967	0.03305	0.02403	0.02997	0.01736	0.02063	0.01507	0.00934	0.00829	0.00235	0.01212	0.00676	0.00541	0.19611
14	0.50533	0.07829	0.02252	0.01749	0.02423	0.13714	0.01426	0.03443	0.02136	0.04245	0.01552	0.01809	0.01245	0.01028	0.00739	0.00317	0.01098	0.00612	0.00634	0.01216
15	0.03912	0.03075	0.08953	0.02453	0.03378	0.02927	0.02179	0.33904	0.09090	0.14364	0.02999	0.02904	0.02084	0.01302	0.01087	0.00335	0.01168	0.01005	0.01065	0.01815
16	0.01543	0.01115	0.01457	0.01372	0.01629	0.01029	0.01029	0.02058	0.03086	0.04372	0.54304	0.08145	0.10288	0.02229	0.01286	0.00343	0.00514	0.01972	0.01200	0.01029
17	0.03990	0.02977	0.03185	0.02477	0.03322	0.03309	0.02035	0.46346	0.10276	0.06623	0.02814	0.02774	0.02013	0.01327	0.01093	0.00332	0.01164	0.01009	0.01093	0.01840
18	0.01511	0.01066	0.01348	0.01353	0.01504	0.01007	0.00929	0.01824	0.02490	0.03458	0.31168	0.18578	0.08005	0.18078	0.02427	0.00551	0.00681	0.02099	0.01021	0.00903
19	0.01498	0.01113	0.01395	0.01325	0.01601	0.01010	0.00993	0.01971	0.02980	0.04120	0.46660	0.08560	0.18089	0.02323	0.01286	0.00347	0.00521	0.02030	0.01167	0.01010
20	0.01328	0.00949	0.01265	0.01518	0.01581	0.00886	0.01012	0.01518	0.02088	0.02783	0.06010	0.60969	0.07212	0.03416	0.01392	0.00443	0.00633	0.03100	0.01012	0.00886
21	0.01328	0.00949	0.01265	0.01518	0.01581	0.00886	0.01012	0.01518	0.02088	0.02783	0.06010	0.60969	0.07212	0.03416	0.01392	0.00443	0.00633	0.03100	0.01012	0.00886
22	0.04809	0.01989	0.02613	0.02003	0.02850	0.01801	0.01655	0.10434	0.03344	0.50198	0.04114	0.03589	0.02605	0.01345	0.01096	0.00336	0.00958	0.01084	0.01321	0.01855
23	0.69383	0.02109	0.01603	0.01434	0.02109	0.02446	0.01181	0.03205	0.01856	0.04892	0.01518	0.01771	0.01181	0.01012	0.00675	0.00337	0.00843	0.00590	0.00675	0.01181
24	0.69383	0.02109	0.01603	0.01434	0.02109	0.02446	0.01181	0.03205	0.01856	0.04892	0.01518	0.01771	0.01181	0.01012	0.00675	0.00337	0.00843	0.00590	0.00675	0.01181
25	0.01674	0.01251	0.01570	0.01466	0.01763	0.01216	0.01107	0.02474	0.08641	0.04393	0.48745	0.07690	0.09512	0.02145	0.01266	0.00346	0.00553	0.01889	0.01190	0.01107
26	0.69383	0.02109	0.01603	0.01434	0.02109	0.02446	0.01181	0.03205	0.01856	0.04892	0.01518	0.01771	0.01181	0.01012	0.00675	0.00337	0.00843	0.00590	0.00675	0.01181
27	0.02699	0.02591	0.04426	0.06693	0.54879	0.02591	0.03346	0.03346	0.02483	0.03562	0.02051	0.02699	0.01727	0.00972	0.01079	0.00324	0.01295	0.00972	0.00540	0.01727
28	0.02059	0.01938	0.03270	0.59060	0.07510	0.02422	0.03028	0.02786	0.02180	0.02786	0.01938	0.02907	0.01453	0.01090	0.01090	0.00363	0.01453	0.00969	0.00484	0.01211
29	0.01757	0.01255	0.01757	0.02008	0.02259	0.01255	0.01757	0.02259	0.02510	0.03263	0.05773	0.12299	0.06275	0.03012	0.01506	0.00502	0.01004	0.47540	0.01004	0.01004
30	0.63741	0.02149	0.01841	0.01879	0.06573	0.02458	0.01364	0.03217	0.01909	0.04780	0.01563	0.01850	0.01227	0.01009	0.00709	0.00336	0.00882	0.00623	0.00663	0.01227
31	0.04892	0.01856	0.02530	0.01940	0.02783	0.01603	0.01603	0.05314	0.03121	0.55634	0.04302	0.03711	0.02699	0.01350	0.01096	0.00337	0.00928	0.01096	0.01350	0.01856
32	0.03879	0.17670	0.03541	0.02121	0.02975	0.08698	0.01806	0.15491	0.03291	0.19972	0.02693	0.02631	0.01928	0.01160	0.00956	0.00286	0.01153	0.00855	0.00914	0.07978
33	0.01438	0.01146	0.01313	0.01374	0.01701	0.01021	0.01099	0.01796	0.02543	0.03154	0.13302	0.10786	0.37519	0.02784	0.01348	0.00403	0.00672	0.14622	0.01026	0.00953
34	0.02261	0.01938	0.02261	0.01615	0.02584	0.01453	0.01292	0.02745	0.02261	0.03553	0.01938	0.02261	0.01615	0.00807	0.00807	0.00161	0.00807	0.00646	0.00646	0.68346
35	0.02699	0.02591	0.04426	0.06693	0.54879	0.02591	0.03346	0.03346	0.02483	0.03562	0.02051	0.02699	0.01727	0.00972	0.01079	0.00324	0.01295	0.00972	0.00540	0.01727
36	0.02574	0.02941	0.06434	0.04596	0.05699	0.02757	0.50919	0.03493	0.02574	0.03493	0.02206	0.02941	0.01654	0.00919	0.01287	0.00368	0.01838	0.01287	0.00551	0.01471
37	0.01558	0.01168	0.01752	0.01752	0.01947	0.01363	0.01363	0.01947	0.01752	0.02531	0.02921	0.04283	0.02726	0.08178	0.57360	0.01752	0.02921	0.01168	0.00584	0.00974
38	0.01328	0.00949	0.01265	0.01518	0.01581	0.00886	0.01012	0.01518	0.02088	0.02783	0.06010	0.60969	0.07212	0.03416	0.01392	0.00443	0.00633	0.03100	0.01012	0.00886
39	0.02358	0.07340	0.23665	0.03181	0.13445	0.02270	0.02779	0.03167	0.02316	0.03453	0.01940	0.02328	0.01532	0.00935	0.00941	0.00268	0.01234	0.00766	0.00543	0.25537
40	0.01324	0.00966	0.01247	0.01472	0.01569	0.00890	0.00992	0.01523	0.02132	0.02801	0.06571	0.55342	0.12476	0.03343	0.01380	0.00434	0.00624	0.03011	0.01012	0.00890
41	0.01917	0.01423	0.02164	0.22506	0.03930	0.01555	0.01909	0.02370	0.02264	0.06606	0.04372	0.27769	0.04647	0.02359	0.01280	0.00416	0.01013	0.09563	0.00843	0.01092
42	0.62220	0.08599	0.02046	0.01480	0.02183	0.02647	0.01255	0.03212	0.01894	0.04641	0.01518	0.01769	0.01204	0.01004	0.00677	0.00326	0.00878	0.00590	0.00652	0.01204
43	0.02454	0.02895	0.10432	0.03487	0.04433	0.02535	0.27986	0.03910	0.15214	0.03851	0.08352	0.03713	0.02974	0.01214	0.01214	0.00363	0.01426	0.01293	0.00751	0.01503
44	0.02255	0.02235	0.06572	0.01735	0.02755	0.01540	0.01511	0.02802	0.02264	0.03545	0.01939	0.02264	0.01596	0.00826	0.00826	0.00176	0.00872	0.00659	0.00631	0.62995
45	0.01289	0.01105	0.01105	0.01105	0.01473	0.00920	0.00828	0.01565	0.02485	0.02946	0.11046	0.10493	0.54437	0.02761	0.01289	0.00368	0.00552	0.02301	0.01013	0.00920
46	0.04573	0.01762	0.02362	0.01837	0.02615	0.01537	0.01509	0.05005	0.03028	0.49885	0.04219	0.03751	0.02710	0.01341	0.01059	0.00328	0.00881	0.01088	0.08750	0.01762
47	0.02144	0.01769	0.01974	0.01896	0.02326	0.01935	0.01459	0.03982	0.29973	0.03984	0.10764	0.15251	0.09370	0.02137	0.01229	0.00392	0.00774	0.06181	0.01085	0.01373
48	0.01613	0.01131	0.01697	0.01697	0.01860	0.01294	0.01294	0.01860	0.01697	0.02425	0.02750	0.04123	0.02588	0.07449	0.48544	0.12797	0.02593	0.01131	0.00566	0.00891
49	0.04145	0.03054	0.03272	0.02509	0.03381	0.03381	0.02072	0.51243	0.05127	0.06872	0.02618	0.02618	0.01854	0.01309	0.01091	0.00327	0.01200	0.00982	0.01091	0.01854
50	0.01432	0.01015	0.01343	0.01567	0.01656	0.00969	0.01103	0.01655	0.02106	0.02793	0.05681	0.46453	0.06686	0.09841	0.01875	0.00522	0.00745	0.10706	0.00972	0.00881
51	0.02368	0.08041	0.17916	0.20679	0.14118	0.02695	0.12408	0.03227	0.02341	0.03208	0.01979	0.02629	0.01515	0.01011	0.01081	0.00342	0.01518	0.00957	0.00499	0.01467
52	0.02707	0.02431	0.03168	0.03822	0.21487	0.02669	0.02307	0.04917	0.34837	0.04203	0.03582	0.03577	0.02755	0.01297	0.01099	0.00353	0.01018	0.01139	0.00905	0.01726
53	0.01602	0.01076	0.01244	0.01268	0.01292	0.01076	0.00766	0.01651	0.01675	0.02225	0.03661	0.07634	0.04187	0.56018	0.05159	0.01004	0.01052	0.06021	0.00694	0.00694
54	0.04423	0.01870	0.02461	0.01948	0.02707	0.01694	0.01582	0.09323	0.03199	0.45036	0.04330	0.09989	0.03121	0.01576	0.01129	0.00348	0.00921	0.01309	0.01287	0.01747
55	0.03326	0.02575	0.07568	0.06665	0.11702	0.02494	0.02345	0.08871	0.12521	0.18326	0.03098	0.03177	0.02235	0.01336	0.01398	0.00360	0.08388	0.01041	0.00909	0.01666
56	0.01757	0.01255	0.01757	0.02008	0.02259	0.01255	0.01757	0.02259	0.02510	0.03263	0.05773	0.12299	0.06275	0.03012	0.01506	0.00502	0.01004	0.47540	0.01004	0.01004
57	0.02431	0.02245	0.07012	0.12025	0.03660	0.01730	0.01859	0.03020	0.02319	0.07606	0.02130	0.02497	0.01654	0.00921	0.00901	0.00227	0.01001	0.00753	0.00658	0.45353
58	0.02224	0.05384	0.51331	0.03249	0.04812	0.02554	0.08472	0.03457	0.02328	0.03457	0.01980	0.02363	0.01407	0.01025	0.01060	0.00347	0.01633	0.00851	0.00469	0.01598
59	0.01491	0.01113	0.01385	0.01317	0.01597	0.01007	0.00988	0.01957	0.02964	0.04081	0.45467	0.08624	0.19306	0.02338	0.01287	0.00348	0.00522	0.02039	0.01162	0.01007
60	0.50643	0.02202	0.02107	0.02075	0.07287	0.02441	0.01505	0.07305	0.02318	0.10581	0.01967	0.02143	0.01456	0.01070	0.00793	0.00335	0.00924	0.00714	0.00771	0.01362
61	0.02187	0.05640	0.56031	0.03108	0.04719	0.02532	0.04029	0.03453	0.02302	0.03453	0.01957	0.02302	0.01381	0.01036	0.01036	0.00345	0.01611	0.00806	0.00460	0.01611
62	0.01358	0.01107	0.01200	0.01177	0.01515	0.00950	0.00883	0.01699	0.02649	0.03333	0.22796	0.09855	0.42445	0.02617	0.01288	0.00361	0.00542	0.02212	0.01064	0.00950
63	0.01543	0.01115	0.01457	0.01372	0.01629	0.01029	0.01029	0.02058	0.03086	0.04372	0.54304	0.08145	0.10288	0.02229	0.01286	0.00343	0.00514	0.01972	0.01200	0.01029
64	0.01432	0.01110	0.01304	0.01255	0.01561	0.00982	0.00942	0.01843	0.02825	0.03751	0.35471	0.09167	0.29509	0.02461	0.01287	0.00354	0.00531	0.02115	0.01119	0.00982
65	0.01543	0.01115	0.01457	0.01372	0.01629	0.01029	0.01029	0.02058	0.03086	0.04372	0.54304	0.08145	0.10288	0.02229	0.01286	0.00343	0.00514	0.01972	0.01200	0.01029
66	0.02033	0.01016	0.01016	0.01016	0.01270	0.01016	0.00762	0.02541	0.02287	0.04065	0.03557	0.04065	0.02795	0.01270	0.00762	0.00254	0.00508	0.01016	0.67734	0.01016
67	0.02971	0.50806	0.10199	0.02085	0.03042	0.09856	0.02097	0.03400	0.02318	0.02661	0.01576	0.01825	0.01398	0.00963	0.00762	0.00249	0.01294	0.00617	0.00476	0.01405
68	0.02253	0.02337	0.08055	0.01776	0.02814	0.01570	0.01587	0.02822	0.02265	0.03542	0.01940	0.02265	0.01590	0.00832	0.00832	0.00181	0.00894	0.00663	0.00626	0.61155
69	0.03748	0.03578	0.13957	0.02630	0.03652	0.03209	0.02469	0.41565	0.04554	0.06179	0.02484	0.02554	0.01758	0.01254	0.01080	0.00331	0.01283	0.00946	0.00963	0.01805
70	0.01741	0.01048	0.01571	0.01571	0.01660	0.01136	0.01136	0.01660	0.01571	0.02184	0.02361	0.03755	0.02272	0.05785	0.28416	0.38015	0.01845	0.01048	0.00524	0.00701
71	0.02293	0.18474	0.03939	0.43401	0.06220	0.02940	0.02710	0.02917	0.02190	0.02725	0.01822	0.02590	0.01439	0.01047	0.00983	0.00328	0.01375	0.00863	0.00480	0.01263
72	0.02621	0.40477	0.14793	0.02206	0.03113	0.03656	0.02302	0.03136	0.02138	0.02739	0.01690	0.02105	0.01493	0.01574	0.05097	0.00389	0.07899	0.00708	0.00475	0.01387
73	0.01467	0.01096	0.01362	0.01327	0.01590	0.00991	0.00983	0.01898	0.02858	0.03907	0.40168	0.13757	0.19661	0.02460	0.01297	0.00358	0.00534	0.02153	0.01141	0.00991
74	0.01586	0.01057	0.01189	0.01189	0.01189	0.01057	0.00661	0.01586	0.01586	0.02114	0.03436	0.07135	0.03964	0.61681	0.05550	0.01057	0.01057	0.01586	0.00661	0.00661
75	0.02479	0.04586	0.36968	0.03224	0.04575	0.02664	0.11919	0.07795	0.08045	0.03871	0.02325	0.02633	0.01680	0.01086	0.01093	0.00350	0.01536	0.00952	0.00600	0.01620
76	0.15080	0.03163	0.12820	0.03517	0.17147	0.02782	0.02576	0.16686	0.07839	0.04784	0.02319	0.02566	0.01752	0.01131	0.01004	0.00335	0.01204	0.00900	0.00755	0.01642
77	0.02302	0.02316	0.12421	0.21283	0.04299	0.01878	0.02320	0.03006	0.02363	0.09143	0.07063	0.03671	0.02697	0.01922	0.06469	0.00470	0.01316	0.01066	0.12709	0.01285

[dist]
# distance from previous block
# <min> <max>
0	4

[block]
# block no. 1 follows, 12 sequences, length 163
# corresponding to MSA columns:
# 667-829
name=unknown_B
#
# <colnr> <probs for GDERKNQSTAVLIFYWHMCP>
#	G	D	E	R	K	N	Q	S	T	A	V	L	I	F	Y	W	H	M	C	P
0	0.02998	0.02025	0.02565	0.02266	0.07904	0.01733	0.01619	0.03749	0.07674	0.16464	0.02786	0.02846	0.02068	0.01026	0.00937	0.00242	0.00892	0.00849	0.00856	0.38502
1	0.02103	0.06175	0.02910	0.11436	0.07682	0.01972	0.06747	0.06088	0.02711	0.03582	0.13495	0.05655	0.17054	0.01687	0.01148	0.00332	0.00994	0.01478	0.00815	0.05936
2	0.02765	0.07649	0.07913	0.07421	0.11779	0.03018	0.02530	0.12175	0.02644	0.03738	0.01887	0.02450	0.01570	0.01341	0.01845	0.00359	0.20426	0.00895	0.00617	0.06980
3	0.02309	0.01746	0.02645	0.03370	0.20709	0.01646	0.01928	0.02788	0.02591	0.08915	0.15855	0.16710	0.05090	0.01832	0.01177	0.00342	0.00884	0.01662	0.00895	0.06909
4	0.02585	0.02023	0.02692	0.02790	0.13866	0.01773	0.01782	0.03292	0.06621	0.08901	0.02751	0.07520	0.02357	0.01171	0.00970	0.00255	0.00916	0.01015	0.00764	0.35956
5	0.01425	0.01002	0.01281	0.01417	0.01499	0.00950	0.00934	0.01627	0.02145	0.02904	0.13775	0.39435	0.06996	0.16622	0.02330	0.00567	0.00710	0.02556	0.00964	0.00859
6	0.02275	0.02028	0.03175	0.04372	0.31064	0.02027	0.02363	0.03073	0.06831	0.03941	0.21436	0.04811	0.05002	0.01475	0.01158	0.00335	0.00973	0.01360	0.00829	0.01471
7	0.01674	0.01020	0.01269	0.01269	0.01306	0.01001	0.00787	0.01520	0.01613	0.02113	0.03609	0.06011	0.08235	0.33630	0.04630	0.26697	0.00964	0.01413	0.00624	0.00615
8	0.04816	0.01978	0.02606	0.01998	0.02845	0.01784	0.01651	0.10010	0.03326	0.50648	0.04129	0.03599	0.02613	0.01345	0.01096	0.00336	0.00956	0.01085	0.01323	0.01855
9	0.01996	0.01873	0.06960	0.17186	0.03921	0.01675	0.06943	0.02510	0.02260	0.07015	0.04077	0.30403	0.04290	0.02189	0.01249	0.00398	0.01077	0.02006	0.00806	0.01167
10	0.02261	0.01938	0.02261	0.01615	0.02584	0.01453	0.01292	0.02745	0.02261	0.03553	0.01938	0.02261	0.01615	0.00807	0.00807	0.00161	0.00807	0.00646	0.00646	0.68346
11	0.69383	0.02109	0.01603	0.01434	0.02109	0.02446	0.01181	0.03205	0.01856	0.04892	0.01518	0.01771	0.01181	0.01012	0.00675	0.00337	0.00843	0.00590	0.00675	0.01181
12	0.03367	0.02140	0.03083	0.03486	0.20262	0.02005	0.02127	0.07790	0.02946	0.21227	0.08173	0.03522	0.02920	0.01230	0.01068	0.00307	0.01015	0.01069	0.00938	0.11325
13	0.02187	0.05640	0.56031	0.03108	0.04719	0.02532	0.04029	0.03453	0.02302	0.03453	0.01957	0.02302	0.01381	0.01036	0.01036	0.00345	0.01611	0.00806	0.00460	0.01611
14	0.02059	0.01938	0.03270	0.59060	0.07510	0.02422	0.03028	0.02786	0.02180	0.02786	0.01938	0.02907	0.01453	0.01090	0.01090	0.00363	0.01453	0.00969	0.00484	0.01211
15	0.02574	0.02941	0.06434	0.04596	0.05699	0.02757	0.50919	0.03493	0.02574	0.03493	0.02206	0.02941	0.01654	0.00919	0.01287	0.00368	0.01838	0.01287	0.00551	0.01471
16	0.02915	0.62337	0.05714	0.01866	0.02799	0.04314	0.01866	0.03265	0.02215	0.02565	0.01516	0.01749	0.01399	0.00933	0.00700	0.00233	0.01166	0.00583	0.00466	0.01399
17	0.04145	0.03054	0.03272	0.02509	0.03381	0.03381	0.02072	0.51243	0.05127	0.06872	0.02618	0.02618	0.01854	0.01309	0.01091	0.00327	0.01200	0.00982	0.01091	0.01854
18	0.01543	0.01115	0.01457	0.01372	0.01629	0.01029	0.01029	0.02058	0.03086	0.04372	0.54304	0.08145	0.10288	0.02229	0.01286	0.00343	0.00514	0.01972	0.01200	0.01029
19	0.01782	0.01278	0.01647	0.01584	0.01755	0.01404	0.01134	0.05853	0.01962	0.02717	0.03107	0.05315	0.03161	0.29528	0.31510	0.01350	0.02016	0.01324	0.00657	0.00918
20	0.04073	0.05197	0.03090	0.02809	0.03371	0.57303	0.02107	0.04354	0.03090	0.02669	0.01685	0.01966	0.01404	0.01124	0.00983	0.00281	0.01966	0.00702	0.00562	0.01264
21	0.69383	0.02109	0.01603	0.01434	0.02109	0.02446	0.01181	0.03205	0.01856	0.04892	0.01518	0.01771	0.01181	0.01012	0.00675	0.00337	0.00843	0.00590	0.00675	0.01181
22	0.01462	0.01043	0.01310	0.01470	0.01578	0.00995	0.01023	0.01662	0.02065	0.02702	0.05800	0.33796	0.10941	0.18593	0.02493	0.00606	0.00797	0.09895	0.00919	0.00849
23	0.03113	0.02712	0.05104	0.03729	0.04720	0.02619	0.33406	0.08361	0.07944	0.12516	0.02813	0.03152	0.02013	0.01082	0.01220	0.00359	0.01532	0.01222	0.00788	0.01595
24	0.03137	0.03035	0.16727	0.03247	0.09028	0.02134	0.13461	0.03912	0.02727	0.20482	0.08135	0.03540	0.02816	0.01227	0.01142	0.00345	0.01297	0.01145	0.00853	0.01611
25	0.02576	0.01468	0.01798	0.01546	0.02038	0.01347	0.01214	0.06863	0.03106	0.17735	0.25421	0.07135	0.19222	0.02061	0.01221	0.00347	0.00690	0.01746	0.01181	0.01287
26	0.02839	0.15657	0.04002	0.28371	0.05289	0.07432	0.06520	0.07253	0.02608	0.07049	0.02078	0.02613	0.01580	0.01081	0.01012	0.00323	0.01405	0.00899	0.00607	0.01379
27	0.03194	0.12640	0.12416	0.02522	0.08293	0.02273	0.02159	0.03789	0.02542	0.19086	0.02596	0.02665	0.01877	0.01048	0.00943	0.00274	0.01091	0.00832	0.00786	0.18974
28	0.29565	0.08067	0.12519	0.02139	0.03074	0.02931	0.02061	0.19417	0.03068	0.05100	0.01969	0.02152	0.01462	0.01110	0.00883	0.00327	0.01131	0.00761	0.00758	0.01505
29	0.04535	0.02126	0.02661	0.02073	0.02899	0.02043	0.01702	0.13864	0.08486	0.41485	0.04004	0.03545	0.02606	0.01355	0.01097	0.00339	0.00972	0.01089	0.01278	0.01842
30	0.03358	0.02711	0.12005	0.03014	0.08701	0.02104	0.10024	0.04300	0.07923	0.24065	0.07515	0.03660	0.02912	0.01278	0.01132	0.00346	0.01181	0.01153	0.00958	0.01659
31	0.01317	0.00995	0.01217	0.01395	0.01549	0.00896	0.00957	0.01532	0.02206	0.02832	0.07514	0.45888	0.21321	0.03220	0.01361	0.00421	0.00609	0.02861	0.01012	0.00896
32	0.01791	0.01138	0.01504	0.01462	0.01721	0.01043	0.01077	0.02211	0.02826	0.08609	0.37014	0.21686	0.08787	0.02462	0.01297	0.00369	0.00583	0.02190	0.01164	0.01066
33	0.04892	0.01856	0.02530	0.01940	0.02783	0.01603	0.01603	0.05314	0.03121	0.55634	0.04302	0.03711	0.02699	0.01350	0.01096	0.00337	0.00928	0.01096	0.01350	0.01856
34	0.01386	0.01108	0.01240	0.01207	0.01532	0.00962	0.00905	0.01753	0.02715	0.03491	0.27590	0.09595	0.37552	0.02558	0.01288	0.00359	0.00538	0.02175	0.01084	0.00962
35	0.02385	0.02385	0.03340	0.02863	0.02863	0.03340	0.02385	0.02624	0.01670	0.02624	0.01431	0.02385	0.01431	0.01908	0.03578	0.00477	0.59685	0.00954	0.00477	0.01193
36	0.02915	0.62337	0.05714	0.01866	0.02799	0.04314	0.01866	0.03265	0.02215	0.02565	0.01516	0.01749	0.01399	0.00933	0.00700	0.00233	0.01166	0.00583	0.00466	0.01399
37	0.04145	0.03054	0.03272	0.02509	0.03381	0.03381	0.02072	0.51243	0.05127	0.06872	0.02618	0.02618	0.01854	0.01309	0.01091	0.00327	0.01200	0.00982	0.01091	0.01854
38	0.04892	0.01856	0.02530	0.01940	0.02783	0.01603	0.01603	0.05314	0.03121	0.55634	0.04302	0.03711	0.02699	0.01350	0.01096	0.00337	0.00928	0.01096	0.01350	0.01856
39	0.02059	0.01938	0.03270	0.59060	0.07510	0.02422	0.03028	0.02786	0.02180	0.02786	0.01938	0.02907	0.01453	0.01090	0.01090	0.00363	0.01453	0.00969	0.00484	0.01211
40	0.02261	0.01938	0.02261	0.01615	0.02584	0.01453	0.01292	0.02745	0.02261	0.03553	0.01938	0.02261	0.01615	0.00807	0.00807	0.00161	0.00807	0.00646	0.00646	0.68346
41	0.01328	0.00949	0.01265	0.01518	0.01581	0.00886	0.01012	0.01518	0.02088	0.02783	0.06010	0.60969	0.07212	0.03416	0.01392	0.00443	0.00633	0.03100	0.01012	0.00886
42	0.01741	0.01222	0.01486	0.01399	0.01691	0.01196	0.01055	0.02511	0.07953	0.04341	0.40997	0.07068	0.08364	0.01997	0.01183	0.00331	0.00548	0.01741	0.12081	0.01097
43	0.03224	0.13813	0.03364	0.02587	0.08186	0.02879	0.01927	0.08719	0.25986	0.12627	0.03463	0.03307	0.02572	0.01288	0.01024	0.00330	0.01003	0.01039	0.00966	0.01695
44	0.02898	0.01668	0.02088	0.01741	0.02358	0.01470	0.01353	0.07187	0.02781	0.19401	0.08159	0.19241	0.04208	0.01843	0.01118	0.00320	0.00805	0.01590	0.01041	0.18730
45	0.03428	0.03159	0.17881	0.03096	0.08133	0.02211	0.10171	0.04395	0.06833	0.24678	0.03156	0.03151	0.02146	0.01175	0.01110	0.00346	0.01283	0.01048	0.00894	0.01707
46	0.02861	0.56207	0.05471	0.01968	0.02805	0.04215	0.01919	0.03199	0.02160	0.02571	0.01507	0.01814	0.01403	0.01033	0.00994	0.00258	0.07150	0.00621	0.00468	0.01378
47	0.03737	0.01787	0.02290	0.01852	0.02518	0.01677	0.01492	0.08230	0.07141	0.33514	0.17972	0.04872	0.04773	0.01599	0.01149	0.00341	0.00831	0.01339	0.01268	0.01617
48	0.02766	0.01865	0.02802	0.32764	0.05205	0.02087	0.02323	0.07224	0.02626	0.15102	0.03140	0.11764	0.02632	0.01516	0.01137	0.00366	0.01190	0.01318	0.00810	0.01362
49	0.02249	0.01876	0.03089	0.45074	0.09854	0.02213	0.02734	0.02892	0.02265	0.06942	0.02546	0.08892	0.02158	0.01340	0.01121	0.00367	0.01318	0.01197	0.00609	0.01264
50	0.02033	0.01016	0.01016	0.01016	0.01270	0.01016	0.00762	0.02541	0.02287	0.04065	0.03557	0.04065	0.02795	0.01270	0.00762	0.00254	0.00508	0.01016	0.67734	0.01016
51	0.01665	0.01089	0.01344	0.01466	0.01595	0.01078	0.01070	0.01935	0.02073	0.02910	0.04631	0.18127	0.05059	0.23190	0.02765	0.00642	0.00870	0.15500	0.12127	0.00865
52	0.03003	0.02749	0.08309	0.07464	0.07797	0.10912	0.07095	0.03527	0.02606	0.15398	0.03442	0.16426	0.03119	0.01667	0.01158	0.00358	0.01264	0.01469	0.00833	0.01405
53	0.02915	0.62337	0.05714	0.01866	0.02799	0.04314	0.01866	0.03265	0.02215	0.02565	0.01516	0.01749	0.01399	0.00933	0.00700	0.00233	0.01166	0.00583	0.00466	0.01399
54	0.35973	0.01978	0.02083	0.01696	0.02458	0.02009	0.01399	0.04298	0.02511	0.31180	0.02960	0.02776	0.01967	0.01187	0.00893	0.00337	0.00887	0.00853	0.01024	0.01530
55	0.02753	0.01691	0.02671	0.02781	0.11059	0.01604	0.05823	0.03161	0.02521	0.17577	0.07975	0.13393	0.04031	0.02488	0.05634	0.05748	0.01141	0.05682	0.00930	0.01336
56	0.03091	0.03374	0.17451	0.03690	0.13386	0.02581	0.11494	0.10917	0.07063	0.12018	0.02676	0.02895	0.01923	0.01127	0.01112	0.00344	0.01369	0.01027	0.00772	0.01689
57	0.01657	0.01331	0.01728	0.01603	0.01801	0.01442	0.01224	0.02027	0.02494	0.03484	0.29531	0.07077	0.13973	0.08701	0.06699	0.00557	0.10988	0.01740	0.00943	0.01000
58	0.69383	0.02109	0.01603	0.01434	0.02109	0.02446	0.01181	0.03205	0.01856	0.04892	0.01518	0.01771	0.01181	0.01012	0.00675	0.00337	0.00843	0.00590	0.00675	0.01181
59	0.04892	0.01856	0.02530	0.01940	0.02783	0.01603	0.01603	0.05314	0.03121	0.55634	0.04302	0.03711	0.02699	0.01350	0.01096	0.00337	0.00928	0.01096	0.01350	0.01856
60	0.04892	0.01856	0.02530	0.01940	0.02783	0.01603	0.01603	0.05314	0.03121	0.55634	0.04302	0.03711	0.02699	0.01350	0.01096	0.00337	0.00928	0.01096	0.01350	0.01856
61	0.01543	0.01115	0.01457	0.01372	0.01629	0.01029	0.01029	0.02058	0.03086	0.04372	0.54304	0.08145	0.10288	0.02229	0.01286	0.00343	0.00514	0.01972	0.01200	0.01029
62	0.01328	0.00949	0.01265	0.01518	0.01581	0.00886	0.01012	0.01518	0.02088	0.02783	0.06010	0.60969	0.07212	0.03416	0.01392	0.00443	0.00633	0.03100	0.01012	0.00886
63	0.46502	0.02019	0.01932	0.01613	0.02348	0.02147	0.01330	0.03953	0.02304	0.22895	0.02506	0.02460	0.01719	0.01132	0.00824	0.00337	0.00873	0.00770	0.00914	0.01420
64	0.01543	0.01115	0.01457	0.01372	0.01629	0.01029	0.01029	0.02058	0.03086	0.04372	0.54304	0.08145	0.10288	0.02229	0.01286	0.00343	0.00514	0.01972	0.01200	0.01029
65	0.02437	0.02487	0.04583	0.08780	0.09779	0.02285	0.25599	0.03170	0.02427	0.03455	0.02079	0.02692	0.01631	0.00903	0.01092	0.00296	0.01412	0.01017	0.00575	0.23302
66	0.02405	0.01489	0.01780	0.01548	0.01965	0.01470	0.01207	0.10533	0.03271	0.09964	0.31033	0.06007	0.06700	0.01805	0.01135	0.00323	0.00668	0.01538	0.13914	0.01246
67	0.02699	0.02591	0.04426	0.06693	0.54879	0.02591	0.03346	0.03346	0.02483	0.03562	0.02051	0.02699	0.01727	0.00972	0.01079	0.00324	0.01295	0.00972	0.00540	0.01727
68	0.03463	0.01900	0.02384	0.01764	0.02675	0.01522	0.01434	0.03919	0.02654	0.27356	0.03018	0.02924	0.02110	0.01055	0.00940	0.00242	0.00862	0.00852	0.00968	0.37957
69	0.02712	0.02342	0.02465	0.02219	0.02835	0.02712	0.01726	0.05794	0.52909	0.04561	0.04438	0.04068	0.03328	0.01479	0.01109	0.00370	0.00863	0.01233	0.01109	0.01726
70	0.01312	0.01105	0.01137	0.01129	0.01487	0.00930	0.00847	0.01610	0.02540	0.03075	0.14975	0.10280	0.50427	0.02713	0.01288	0.00366	0.00549	0.02271	0.01030	0.00930
71	0.02699	0.02591	0.04426	0.06693	0.54879	0.02591	0.03346	0.03346	0.02483	0.03562	0.02051	0.02699	0.01727	0.00972	0.01079	0.00324	0.01295	0.00972	0.00540	0.01727
72	0.02226	0.05369	0.51057	0.03257	0.04817	0.02555	0.08731	0.03457	0.02329	0.03457	0.01982	0.02366	0.01409	0.01024	0.01061	0.00348	0.01634	0.00854	0.00470	0.01597
73	0.02183	0.01256	0.01663	0.01480	0.01850	0.01138	0.01138	0.02680	0.03093	0.14170	0.44747	0.07297	0.08838	0.02061	0.01250	0.00342	0.00593	0.01805	0.01229	0.01187
74	0.03326	0.42064	0.04783	0.02200	0.03002	0.23114	0.01951	0.03651	0.02526	0.02602	0.01576	0.01826	0.01401	0.01001	0.00800	0.00250	0.01450	0.00625	0.00500	0.01351
75	0.15196	0.07847	0.03626	0.04175	0.27766	0.02623	0.02428	0.07608	0.02670	0.12604	0.02326	0.02606	0.01770	0.01066	0.00976	0.00321	0.01134	0.00889	0.00737	0.01631
76	0.03219	0.37990	0.08795	0.02318	0.03272	0.08065	0.06139	0.07061	0.02627	0.08455	0.01985	0.02171	0.01585	0.01025	0.00866	0.00274	0.01299	0.00750	0.00616	0.01489
77	0.13410	0.01657	0.01795	0.10845	0.02771	0.06041	0.01455	0.02246	0.02145	0.03138	0.04226	0.36587	0.04770	0.02440	0.01186	0.00399	0.00910	0.02128	0.00832	0.01020
78	0.10162	0.03037	0.02660	0.02341	0.02959	0.16178	0.01895	0.20504	0.07046	0.04653	0.03108	0.04641	0.02768	0.01626	0.01116	0.00359	0.01287	0.11324	0.00898	0.01439
79	0.01453	0.01111	0.01332	0.01277	0.01574	0.00990	0.00958	0.01883	0.02873	0.03866	0.38956	0.08978	0.25952	0.02418	0.01287	0.00352	0.00528	0.02089	0.01134	0.00990
80	0.02154	0.17340	0.02602	0.01496	0.02009	0.01925	0.01258	0.02565	0.02729	0.08243	0.26461	0.06562	0.16812	0.01922	0.01115	0.00319	0.00732	0.01597	0.00979	0.01178
81	0.02624	0.02549	0.04453	0.11896	0.46485	0.02586	0.06748	0.03300	0.02458	0.03478	0.02051	0.02737	0.01694	0.00980	0.01096	0.00331	0.01351	0.00994	0.00535	0.01656
82	0.08168	0.02323	0.02395	0.02155	0.02776	0.02690	0.01681	0.05582	0.48731	0.04588	0.04199	0.03880	0.03153	0.01441	0.01074	0.00367	0.00861	0.01180	0.01074	0.01681
83	0.01328	0.00949	0.01265	0.01518	0.01581	0.00886	0.01012	0.01518	0.02088	0.02783	0.06010	0.60969	0.07212	0.03416	0.01392	0.00443	0.00633	0.03100	0.01012	0.00886
84	0.02759	0.23644	0.04966	0.08874	0.08096	0.03025	0.16736	0.03361	0.02487	0.07490	0.06380	0.02988	0.02346	0.01089	0.01026	0.00312	0.01334	0.01021	0.00633	0.01434
85	0.02059	0.01938	0.03270	0.59060	0.07510	0.02422	0.03028	0.02786	0.02180	0.02786	0.01938	0.02907	0.01453	0.01090	0.01090	0.00363	0.01453	0.00969	0.00484	0.01211
86	0.04256	0.08736	0.03287	0.02263	0.03132	0.02913	0.01902	0.31776	0.04193	0.21891	0.03039	0.02876	0.02076	0.01283	0.01053	0.00321	0.01110	0.00977	0.01109	0.01808
87	0.03213	0.02066	0.03266	0.13105	0.23808	0.02051	0.02459	0.03750	0.02614	0.21321	0.03206	0.08926	0.02568	0.01367	0.01118	0.00347	0.01128	0.01228	0.00857	0.01603
88	0.01328	0.00949	0.01265	0.01518	0.01581	0.00886	0.01012	0.01518	0.02088	0.02783	0.06010	0.60969	0.07212	0.03416	0.01392	0.00443	0.00633	0.03100	0.01012	0.00886
89	0.01894	0.00947	0.01420	0.01420	0.01420	0.00947	0.00947	0.01420	0.01420	0.01894	0.01894	0.03314	0.01894	0.03788	0.04261	0.68277	0.00947	0.00947	0.00473	0.00473
90	0.02187	0.05640	0.56031	0.03108	0.04719	0.02532	0.04029	0.03453	0.02302	0.03453	0.01957	0.02302	0.01381	0.01036	0.01036	0.00345	0.01611	0.00806	0.00460	0.01611
91	0.01619	0.01164	0.01564	0.01597	0.01852	0.01109	0.01287	0.02129	0.02882	0.03979	0.37085	0.09619	0.08864	0.02507	0.01364	0.00399	0.00688	0.18139	0.01131	0.01020
92	0.02574	0.02941	0.06434	0.04596	0.05699	0.02757	0.50919	0.03493	0.02574	0.03493	0.02206	0.02941	0.01654	0.00919	0.01287	0.00368	0.01838	0.01287	0.00551	0.01471
93	0.02712	0.02342	0.02465	0.02219	0.02835	0.02712	0.01726	0.05794	0.52909	0.04561	0.04438	0.04068	0.03328	0.01479	0.01109	0.00370	0.00863	0.01233	0.01109	0.01726
94	0.02261	0.01938	0.02261	0.01615	0.02584	0.01453	0.01292	0.02745	0.02261	0.03553	0.01938	0.02261	0.01615	0.00807	0.00807	0.00161	0.00807	0.00646	0.00646	0.68346
95	0.02574	0.02941	0.06434	0.04596	0.05699	0.02757	0.50919	0.03493	0.02574	0.03493	0.02206	0.02941	0.01654	0.00919	0.01287	0.00368	0.01838	0.01287	0.00551	0.01471
96	0.01689	0.01085	0.01326	0.01266	0.01522	0.01025	0.00949	0.02202	0.02847	0.04281	0.39142	0.06926	0.08049	0.01943	0.01130	0.00316	0.00513	0.01686	0.21079	0.01025
97	0.01365	0.01129	0.01211	0.01252	0.01601	0.00975	0.00980	0.01678	0.02489	0.02997	0.10183	0.10789	0.46554	0.02802	0.01324	0.00390	0.00626	0.09705	0.01011	0.00934
98	0.02469	0.02411	0.08681	0.38786	0.14726	0.02378	0.03036	0.03206	0.02340	0.08387	0.02201	0.02893	0.01620	0.01091	0.01084	0.00352	0.01389	0.00966	0.00580	0.01404
99	0.02261	0.01938	0.02261	0.01615	0.02584	0.01453	0.01292	0.02745	0.02261	0.03553	0.01938	0.02261	0.01615	0.00807	0.00807	0.00161	0.00807	0.00646	0.00646	0.68346
100	0.03188	0.08881	0.19286	0.02344	0.03356	0.07800	0.02381	0.07770	0.02881	0.16064	0.07852	0.03173	0.02666	0.01237	0.01027	0.00311	0.01235	0.00966	0.00825	0.06756
101	0.01328	0.00949	0.01265	0.01518	0.01581	0.00886	0.01012	0.01518	0.02088	0.02783	0.06010	0.60969	0.07212	0.03416	0.01392	0.00443	0.00633	0.03100	0.01012	0.00886
102	0.01328	0.00949	0.01265	0.01518	0.01581	0.00886	0.01012	0.01518	0.02088	0.02783	0.06010	0.60969	0.07212	0.03416	0.01392	0.00443	0.00633	0.03100	0.01012	0.00886
103	0.02330	0.02215	0.03760	0.36866	0.27585	0.02494	0.03163	0.03023	0.02308	0.03115	0.01986	0.02819	0.01569	0.01040	0.01086	0.00347	0.01386	0.00970	0.00508	0.01430
104	0.03307	0.03575	0.25839	0.07337	0.04243	0.02165	0.06886	0.04157	0.02647	0.24590	0.02928	0.02977	0.01945	0.01158	0.01086	0.00345	0.01340	0.00977	0.00831	0.01666
105	0.69383	0.02109	0.01603	0.01434	0.02109	0.02446	0.01181	0.03205	0.01856	0.04892	0.01518	0.01771	0.01181	0.01012	0.00675	0.00337	0.00843	0.00590	0.00675	0.01181
106	0.01581	0.01075	0.01281	0.01281	0.01313	0.01107	0.00776	0.01645	0.01613	0.02182	0.03351	0.06669	0.03761	0.52924	0.14029	0.01171	0.01362	0.01517	0.00648	0.00712
107	0.02601	0.28011	0.21753	0.03198	0.08670	0.03306	0.11643	0.03374	0.02333	0.03108	0.01831	0.02229	0.01470	0.00967	0.00948	0.00302	0.01442	0.00818	0.00487	0.01510
108	0.01401	0.01007	0.01367	0.01566	0.01672	0.00973	0.01104	0.01661	0.02169	0.02927	0.09724	0.47247	0.06950	0.03764	0.07005	0.00570	0.00880	0.06114	0.00984	0.00915
109	0.01543	0.01115	0.01457	0.01372	0.01629	0.01029	0.01029	0.02058	0.03086	0.04372	0.54304	0.08145	0.10288	0.02229	0.01286	0.00343	0.00514	0.01972	0.01200	0.01029
110	0.02920	0.03160	0.04028	0.15236	0.29184	0.16497	0.06665	0.03510	0.02588	0.03186	0.01949	0.02570	0.01589	0.01028	0.01073	0.00324	0.01538	0.00927	0.00536	0.01494
111	0.02656	0.03556	0.21999	0.20914	0.05142	0.02714	0.03048	0.14807	0.07170	0.04144	0.02316	0.02720	0.01680	0.01155	0.01073	0.00349	0.01400	0.00936	0.00672	0.01550
112	0.02785	0.03450	0.11847	0.10692	0.30090	0.12015	0.06735	0.03489	0.02537	0.03307	0.01974	0.02553	0.01587	0.01015	0.01073	0.00327	0.01514	0.00924	0.00527	0.01558
113	0.49511	0.02664	0.02172	0.02127	0.06490	0.10337	0.01555	0.07360	0.02351	0.04637	0.01674	0.01941	0.01311	0.01049	0.00785	0.00327	0.01068	0.00668	0.00683	0.01291
114	0.01349	0.00969	0.01309	0.01539	0.01615	0.00929	0.01044	0.01557	0.02057	0.02760	0.05729	0.55820	0.06804	0.03848	0.06475	0.00562	0.00840	0.02924	0.00973	0.00894
115	0.02187	0.05640	0.56031	0.03108	0.04719	0.02532	0.04029	0.03453	0.02302	0.03453	0.01957	0.02302	0.01381	0.01036	0.01036	0.00345	0.01611	0.00806	0.00460	0.01611
116	0.01543	0.01115	0.01457	0.01372	0.01629	0.01029	0.01029	0.02058	0.03086	0.04372	0.54304	0.08145	0.10288	0.02229	0.01286	0.00343	0.00514	0.01972	0.01200	0.01029
117	0.02712	0.02342	0.02465	0.02219	0.02835	0.02712	0.01726	0.05794	0.52909	0.04561	0.04438	0.04068	0.03328	0.01479	0.01109	0.00370	0.00863	0.01233	0.01109	0.01726
118	0.02915	0.62337	0.05714	0.01866	0.02799	0.04314	0.01866	0.03265	0.02215	0.02565	0.01516	0.01749	0.01399	0.00933	0.00700	0.00233	0.01166	0.00583	0.00466	0.01399
119	0.02915	0.62337	0.05714	0.01866	0.02799	0.04314	0.01866	0.03265	0.02215	0.02565	0.01516	0.01749	0.01399	0.00933	0.00700	0.00233	0.01166	0.00583	0.00466	0.01399
120	0.01543	0.01115	0.01457	0.01372	0.01629	0.01029	0.01029	0.02058	0.03086	0.04372	0.54304	0.08145	0.10288	0.02229	0.01286	0.00343	0.00514	0.01972	0.01200	0.01029
121	0.04145	0.03054	0.03272	0.02509	0.03381	0.03381	0.02072	0.51243	0.05127	0.06872	0.02618	0.02618	0.01854	0.01309	0.01091	0.00327	0.01200	0.00982	0.01091	0.01854
122	0.01314	0.01106	0.01140	0.01131	0.01488	0.00931	0.00849	0.01614	0.02546	0.03089	0.15384	0.10258	0.50009	0.02708	0.01288	0.00366	0.00548	0.02268	0.01031	0.00931
123	0.01405	0.01109	0.01266	0.01227	0.01544	0.00970	0.00920	0.01790	0.02760	0.03598	0.30817	0.09420	0.34259	0.02518	0.01287	0.00357	0.00535	0.02151	0.01098	0.00970
124	0.02187	0.05640	0.56031	0.03108	0.04719	0.02532	0.04029	0.03453	0.02302	0.03453	0.01957	0.02302	0.01381	0.01036	0.01036	0.00345	0.01611	0.00806	0.00460	0.01611
125	0.04135	0.01880	0.02556	0.02040	0.02653	0.01869	0.01660	0.04485	0.02717	0.41119	0.03700	0.03781	0.02583	0.06931	0.01953	0.00428	0.11641	0.01115	0.01128	0.01626
126	0.01495	0.01068	0.01457	0.01709	0.01845	0.01030	0.01302	0.01807	0.02252	0.02970	0.05917	0.42007	0.06847	0.03259	0.01436	0.00466	0.00777	0.20414	0.01009	0.00932
127	0.69383	0.02109	0.01603	0.01434	0.02109	0.02446	0.01181	0.03205	0.01856	0.04892	0.01518	0.01771	0.01181	0.01012	0.00675	0.00337	0.00843	0.00590	0.00675	0.01181
128	0.02156	0.03280	0.22173	0.08384	0.16488	0.02187	0.06751	0.02965	0.02337	0.03302	0.02953	0.12975	0.02823	0.01557	0.01164	0.00371	0.01332	0.04750	0.00621	0.01430
129	0.02189	0.01938	0.02619	0.21996	0.04332	0.01797	0.01908	0.02760	0.02232	0.03281	0.01938	0.02490	0.01558	0.00908	0.00908	0.00233	0.01037	0.00761	0.00589	0.44527
130	0.01543	0.01115	0.01457	0.01372	0.01629	0.01029	0.01029	0.02058	0.03086	0.04372	0.54304	0.08145	0.10288	0.02229	0.01286	0.00343	0.00514	0.01972	0.01200	0.01029
131	0.02482	0.02540	0.04828	0.20025	0.24697	0.02605	0.20139	0.03248	0.02434	0.03329	0.02076	0.02841	0.01628	0.00985	0.01156	0.00350	0.01530	0.01083	0.00529	0.01497
132	0.01398	0.01109	0.01257	0.01220	0.01540	0.00967	0.00915	0.01777	0.02744	0.03561	0.29691	0.09481	0.35407	0.02532	0.01288	0.00357	0.00536	0.02159	0.01093	0.00967
133	0.02712	0.02342	0.02465	0.02219	0.02835	0.02712	0.01726	0.05794	0.52909	0.04561	0.04438	0.04068	0.03328	0.01479	0.01109	0.00370	0.00863	0.01233	0.01109	0.01726
134	0.03027	0.02916	0.13108	0.02359	0.03425	0.02138	0.06117	0.12072	0.02946	0.12354	0.02459	0.02618	0.01788	0.01036	0.00987	0.00271	0.01136	0.00861	0.00794	0.27585
135	0.69383	0.02109	0.01603	0.01434	0.02109	0.02446	0.01181	0.03205	0.01856	0.04892	0.01518	0.01771	0.01181	0.01012	0.00675	0.00337	0.00843	0.00590	0.00675	0.01181
136	0.04309	0.02791	0.03109	0.02384	0.03250	0.02990	0.01969	0.41145	0.04686	0.17593	0.02988	0.02858	0.02040	0.01318	0.01092	0.00329	0.01140	0.01007	0.01148	0.01855
137	0.01558	0.01168	0.01752	0.01752	0.01947	0.01363	0.01363	0.01947	0.01752	0.02531	0.02921	0.04283	0.02726	0.08178	0.57360	0.01752	0.02921	0.01168	0.00584	0.00974
138	0.02306	0.01903	0.02094	0.01927	0.02367	0.02153	0.01452	0.04380	0.34853	0.03940	0.08651	0.04962	0.04004	0.12072	0.07494	0.00619	0.01069	0.01351	0.00992	0.01413
139	0.04073	0.05197	0.03090	0.02809	0.03371	0.57303	0.02107	0.04354	0.03090	0.02669	0.01685	0.01966	0.01404	0.01124	0.00983	0.00281	0.01966	0.00702	0.00562	0.01264
140	0.01295	0.01079	0.01131	0.01172	0.01491	0.00915	0.00858	0.01557	0.02420	0.02919	0.10221	0.18755	0.46707	0.02869	0.01306	0.00380	0.00565	0.02432	0.01012	0.00915
141	0.02699	0.02591	0.04426	0.06693	0.54879	0.02591	0.03346	0.03346	0.02483	0.03562	0.02051	0.02699	0.01727	0.00972	0.01079	0.00324	0.01295	0.00972	0.00540	0.01727
142	0.01543	0.01115	0.01457	0.01372	0.01629	0.01029	0.01029	0.02058	0.03086	0.04372	0.54304	0.08145	0.10288	0.02229	0.01286	0.00343	0.00514	0.01972	0.01200	0.01029
143	0.02712	0.02342	0.02465	0.02219	0.02835	0.02712	0.01726	0.05794	0.52909	0.04561	0.04438	0.04068	0.03328	0.01479	0.01109	0.00370	0.00863	0.01233	0.01109	0.01726
144	0.02712	0.02342	0.02465	0.02219	0.02835	0.02712	0.01726	0.05794	0.52909	0.04561	0.04438	0.04068	0.03328	0.01479	0.01109	0.00370	0.00863	0.01233	0.01109	0.01726
145	0.02261	0.01938	0.02261	0.01615	0.02584	0.01453	0.01292	0.02745	0.02261	0.03553	0.01938	0.02261	0.01615	0.00807	0.00807	0.00161	0.00807	0.00646	0.00646	0.68346
146	0.02783	0.36159	0.23316	0.02372	0.03540	0.03587	0.02654	0.08238	0.02544	0.03321	0.01785	0.02034	0.01439	0.01008	0.00859	0.00283	0.01328	0.00703	0.00528	0.01521
147	0.02915	0.62337	0.05714	0.01866	0.02799	0.04314	0.01866	0.03265	0.02215	0.02565	0.01516	0.01749	0.01399	0.00933	0.00700	0.00233	0.01166	0.00583	0.00466	0.01399
148	0.01673	0.01214	0.01649	0.01875	0.02122	0.01190	0.01600	0.02126	0.02472	0.03190	0.06332	0.16188	0.11278	0.03020	0.01474	0.00483	0.00927	0.39195	0.01006	0.00986
149	0.03111	0.01871	0.02167	0.01816	0.02290	0.01916	0.01361	0.18595	0.03125	0.15325	0.03619	0.10424	0.03334	0.22953	0.02705	0.00600	0.01032	0.01437	0.00986	0.01332
150	0.01427	0.01110	0.01296	0.01250	0.01558	0.00979	0.00937	0.01832	0.02812	0.03720	0.34533	0.09218	0.30466	0.02472	0.01287	0.00354	0.00532	0.02122	0.01114	0.00979
151	0.04892	0.01856	0.02530	0.01940	0.02783	0.01603	0.01603	0.05314	0.03121	0.55634	0.04302	0.03711	0.02699	0.01350	0.01096	0.00337	0.00928	0.01096	0.01350	0.01856
152	0.02195	0.10013	0.47332	0.02861	0.04304	0.02558	0.03601	0.03323	0.02359	0.03454	0.06225	0.02736	0.02115	0.01125	0.01028	0.00336	0.01484	0.00883	0.00522	0.01546
153	0.07788	0.02148	0.03480	0.38599	0.21287	0.02475	0.02972	0.02989	0.02244	0.03192	0.01937	0.02751	0.01513	0.01048	0.01053	0.00349	0.01356	0.00939	0.00517	0.01364
154	0.01494	0.01019	0.01216	0.01306	0.01328	0.00996	0.00785	0.01562	0.01764	0.02352	0.04349	0.26235	0.05116	0.41009	0.04074	0.00839	0.00906	0.02123	0.00785	0.00740
155	0.01399	0.00999	0.01346	0.01598	0.01692	0.00946	0.01134	0.01639	0.02157	0.02862	0.05971	0.53003	0.07058	0.03350	0.01410	0.00453	0.00693	0.10373	0.01011	0.00905
156	0.03020	0.18010	0.15676	0.03292	0.12973	0.13521	0.02670	0.07713	0.06841	0.03486	0.02075	0.02350	0.01652	0.01075	0.00964	0.00303	0.01420	0.00813	0.00601	0.01545
157	0.02123	0.05183	0.50481	0.02969	0.04436	0.02413	0.03756	0.03299	0.02246	0.03359	0.02055	0.02505	0.01519	0.01766	0.06795	0.00489	0.01745	0.00843	0.00473	0.01546
158	0.02777	0.08987	0.09250	0.06835	0.03972	0.07113	0.14570	0.07293	0.02714	0.07551	0.06373	0.07823	0.02746	0.01401	0.01305	0.00351	0.05585	0.01232	0.00718	0.01403
159	0.20904	0.02411	0.06930	0.06934	0.06929	0.02165	0.01920	0.07644	0.02611	0.16537	0.02457	0.02595	0.01754	0.01087	0.00927	0.00308	0.01034	0.00830	0.00822	0.13203
160	0.10044	0.12404	0.11191	0.02502	0.08136	0.02414	0.02105	0.04027	0.06818	0.19661	0.07531	0.03308	0.02775	0.01252	0.00996	0.00323	0.01056	0.00995	0.00886	0.01576
161	0.03588	0.01896	0.02916	0.02321	0.03028	0.01750	0.09677	0.04286	0.07343	0.31639	0.04312	0.15213	0.03497	0.01708	0.01189	0.00367	0.01013	0.01546	0.01127	0.01583
162	0.07426	0.01542	0.02127	0.12373	0.06843	0.01570	0.01641	0.02753	0.02652	0.11103	0.22027	0.10274	0.09654	0.01852	0.01170	0.00354	0.00841	0.01604	0.00970	0.01222

[dist]
# distance from previous block
# <min> <max>
0	149

# created by:
