[name]
unknown

[dist]
# distance from previous block
# <min> <max>
0	25

[block]
# block no. 0 follows, 15 sequences, length 17
# corresponding to MSA columns:
# 25-41
name=unknown_A
#
# <colnr> <probs for GDERKNQSTAVLIFYWHMCP>
#	G	D	E	R	K	N	Q	S	T	A	V	L	I	F	Y	W	H	M	C	P
0	0.01606	0.01147	0.01606	0.01836	0.02065	0.01147	0.01606	0.02065	0.02295	0.02983	0.05278	0.11245	0.05737	0.02754	0.01377	0.00459	0.00918	0.52037	0.00918	0.00918
1	0.03370	0.01474	0.01861	0.01528	0.02096	0.01362	0.01228	0.03980	0.07000	0.35704	0.08130	0.03832	0.03096	0.01289	0.00936	0.00291	0.00711	0.01057	0.19634	0.01422
2	0.72007	0.01928	0.01465	0.01311	0.01928	0.02236	0.01080	0.02930	0.01697	0.04473	0.01388	0.01619	0.01080	0.00925	0.00617	0.00308	0.00771	0.00540	0.00617	0.01080
3	0.02432	0.02346	0.03925	0.05691	0.51880	0.02452	0.02952	0.02979	0.02179	0.03152	0.01806	0.02432	0.01546	0.00993	0.01266	0.00313	0.08764	0.00886	0.00486	0.01519
4	0.02324	0.21983	0.39972	0.02502	0.03725	0.07502	0.02990	0.03176	0.02141	0.02873	0.01656	0.01939	0.01269	0.00927	0.00857	0.00282	0.01386	0.00672	0.00430	0.01394
5	0.01858	0.00929	0.00929	0.00929	0.01161	0.00929	0.00697	0.02323	0.02091	0.03717	0.03252	0.03717	0.02555	0.01161	0.00697	0.00232	0.00465	0.00929	0.70499	0.00929
6	0.01411	0.01019	0.01333	0.01254	0.01489	0.00941	0.00941	0.01881	0.02822	0.03998	0.58221	0.07447	0.09406	0.02038	0.01176	0.00314	0.00470	0.01803	0.01097	0.00941
7	0.04473	0.01697	0.02313	0.01774	0.02545	0.01465	0.01465	0.04858	0.02853	0.59437	0.03933	0.03393	0.02468	0.01234	0.01003	0.00308	0.00848	0.01003	0.01234	0.01697
8	0.01178	0.01010	0.01010	0.01010	0.01347	0.00842	0.00757	0.01431	0.02272	0.02693	0.10099	0.09594	0.58342	0.02525	0.01178	0.00337	0.00505	0.02104	0.00926	0.00842
9	0.35201	0.01802	0.01928	0.01563	0.02264	0.01816	0.01290	0.03981	0.02327	0.34428	0.02775	0.02586	0.01836	0.01094	0.00827	0.00308	0.00813	0.00792	0.00953	0.01416
10	0.03790	0.02792	0.02992	0.02294	0.03091	0.03091	0.01895	0.55423	0.04687	0.06283	0.02393	0.02393	0.01695	0.01197	0.00997	0.00299	0.01097	0.00898	0.00997	0.01695
11	0.02665	0.65565	0.05224	0.01706	0.02559	0.03945	0.01706	0.02985	0.02026	0.02345	0.01386	0.01599	0.01279	0.00853	0.00640	0.00213	0.01066	0.00533	0.00426	0.01279
12	0.01522	0.01343	0.01361	0.01532	0.01646	0.08169	0.01048	0.01705	0.02021	0.02532	0.05011	0.56666	0.05944	0.02867	0.01227	0.00387	0.00728	0.02566	0.00875	0.00852
13	0.01883	0.01772	0.02990	0.62569	0.06866	0.02215	0.02769	0.02547	0.01993	0.02547	0.01772	0.02658	0.01329	0.00997	0.00997	0.00332	0.01329	0.00886	0.00443	0.01107
14	0.01369	0.00932	0.01111	0.01191	0.01211	0.00912	0.00715	0.01428	0.01608	0.02144	0.03952	0.26439	0.04647	0.43654	0.03764	0.00773	0.00833	0.01927	0.00715	0.00675
15	0.72007	0.01928	0.01465	0.01311	0.01928	0.02236	0.01080	0.02930	0.01697	0.04473	0.01388	0.01619	0.01080	0.00925	0.00617	0.00308	0.00771	0.00540	0.00617	0.01080
16	0.01312	0.01015	0.01195	0.01150	0.01428	0.00898	0.00862	0.01689	0.02587	0.03441	0.37673	0.08363	0.30301	0.02246	0.01177	0.00323	0.00485	0.01931	0.01024	0.00898

[dist]
# distance from previous block
# <min> <max>
0	1

[block]
# block no. 1 follows, 15 sequences, length 84
# corresponding to MSA columns:
# 43-126
name=unknown_B
#
# <colnr> <probs for GDERKNQSTAVLIFYWHMCP>
#	G	D	E	R	K	N	Q	S	T	A	V	L	I	F	Y	W	H	M	C	P
0	0.02353	0.02689	0.05882	0.04202	0.05210	0.02521	0.55126	0.03193	0.02353	0.03193	0.02017	0.02689	0.01513	0.00840	0.01176	0.00336	0.01681	0.01176	0.00504	0.01345
1	0.01888	0.01902	0.02614	0.02264	0.02631	0.09882	0.14793	0.02243	0.02107	0.02644	0.03742	0.32767	0.04129	0.06200	0.04927	0.00470	0.01178	0.01914	0.00718	0.00987
2	0.02353	0.02689	0.05882	0.04202	0.05210	0.02521	0.55126	0.03193	0.02353	0.03193	0.02017	0.02689	0.01513	0.00840	0.01176	0.00336	0.01681	0.01176	0.00504	0.01345
3	0.02455	0.02145	0.02320	0.02077	0.02594	0.02527	0.01627	0.05060	0.52406	0.04025	0.03832	0.03593	0.02901	0.01385	0.01199	0.00346	0.05897	0.01106	0.00967	0.01538
4	0.01924	0.01410	0.01661	0.01661	0.01999	0.01466	0.01281	0.03036	0.20033	0.07169	0.05432	0.23908	0.11235	0.02273	0.01177	0.00378	0.00720	0.11117	0.00975	0.01146
5	0.03942	0.01870	0.02339	0.01867	0.02589	0.01810	0.01518	0.07933	0.16273	0.42718	0.03873	0.03415	0.02564	0.01261	0.01005	0.00315	0.00848	0.01027	0.01166	0.01667
6	0.01927	0.01487	0.01630	0.01509	0.01895	0.01593	0.01156	0.03389	0.25997	0.03901	0.20867	0.05397	0.10071	0.01637	0.01024	0.00312	0.00610	0.01389	0.13002	0.01204
7	0.02665	0.65565	0.05224	0.01706	0.02559	0.03945	0.01706	0.02985	0.02026	0.02345	0.01386	0.01599	0.01279	0.00853	0.00640	0.00213	0.01066	0.00533	0.00426	0.01279
8	0.01709	0.01363	0.01838	0.05874	0.02292	0.01578	0.01454	0.02486	0.11255	0.02725	0.03236	0.05118	0.03069	0.10316	0.28773	0.00994	0.05019	0.09216	0.00673	0.01012
9	0.02550	0.02316	0.03592	0.04276	0.32207	0.02236	0.07326	0.10430	0.02575	0.03682	0.01938	0.02381	0.01565	0.00892	0.00946	0.00265	0.01111	0.00845	0.00590	0.18279
10	0.02467	0.02369	0.04046	0.06119	0.58747	0.02369	0.03059	0.03059	0.02270	0.03257	0.01875	0.02467	0.01579	0.00888	0.00987	0.00296	0.01184	0.00888	0.00493	0.01579
11	0.01324	0.00995	0.01226	0.01211	0.01447	0.00897	0.00892	0.01697	0.02552	0.03459	0.38494	0.16124	0.21396	0.02316	0.01190	0.00332	0.00495	0.02027	0.01029	0.00897
12	0.01633	0.01336	0.01845	0.01729	0.01810	0.01649	0.01316	0.01853	0.01540	0.02230	0.02439	0.04182	0.02493	0.21983	0.30058	0.01115	0.18278	0.01122	0.00528	0.00864
13	0.02406	0.02675	0.09444	0.05516	0.45294	0.02388	0.11351	0.03090	0.02268	0.03238	0.01890	0.02469	0.01540	0.00886	0.01013	0.00304	0.01289	0.00920	0.00489	0.01532
14	0.01194	0.01011	0.01032	0.01027	0.01356	0.00848	0.00770	0.01461	0.02310	0.02782	0.13379	0.09448	0.55007	0.02492	0.01178	0.00335	0.00503	0.02083	0.00937	0.00848
15	0.02181	0.02181	0.03053	0.02617	0.02617	0.03053	0.02181	0.02399	0.01527	0.02399	0.01309	0.02181	0.01309	0.01745	0.03272	0.00436	0.63141	0.00872	0.00436	0.01091
16	0.02554	0.53737	0.04639	0.01663	0.02522	0.03460	0.01609	0.02897	0.02033	0.02513	0.01457	0.01686	0.01316	0.00832	0.00658	0.00201	0.01005	0.00544	0.00457	0.14217
17	0.02261	0.02279	0.04086	0.17994	0.25147	0.02479	0.15306	0.02869	0.02108	0.02943	0.01795	0.02518	0.01463	0.01038	0.01399	0.00336	0.11213	0.00954	0.00475	0.01337
18	0.01215	0.00868	0.01157	0.01388	0.01446	0.00810	0.00925	0.01388	0.01909	0.02545	0.05495	0.64315	0.06593	0.03123	0.01272	0.00405	0.00578	0.02834	0.00925	0.00810
19	0.01458	0.01007	0.01345	0.01345	0.01428	0.01091	0.00925	0.01594	0.01510	0.02098	0.02817	0.05044	0.02954	0.33464	0.31285	0.06363	0.01760	0.01228	0.00559	0.00726
20	0.01250	0.00934	0.01162	0.01270	0.01433	0.00846	0.00890	0.01508	0.02197	0.02904	0.18361	0.38883	0.19241	0.02741	0.01229	0.00369	0.00537	0.02434	0.00964	0.00846
21	0.65671	0.01906	0.01545	0.01354	0.01986	0.02164	0.01116	0.03111	0.01805	0.09629	0.01627	0.01786	0.01210	0.00954	0.00653	0.00308	0.00778	0.00583	0.00675	0.01137
22	0.01251	0.00894	0.01199	0.01430	0.01504	0.00841	0.00989	0.01452	0.01945	0.02586	0.05474	0.59336	0.06513	0.03089	0.01282	0.00410	0.00610	0.07450	0.00925	0.00820
23	0.08103	0.02464	0.02677	0.02107	0.02856	0.02682	0.01727	0.36580	0.11668	0.14586	0.02819	0.02697	0.01975	0.01208	0.00976	0.00307	0.00991	0.00925	0.01014	0.01639
24	0.72007	0.01928	0.01465	0.01311	0.01928	0.02236	0.01080	0.02930	0.01697	0.04473	0.01388	0.01619	0.01080	0.00925	0.00617	0.00308	0.00771	0.00540	0.00617	0.01080
25	0.01513	0.00943	0.01263	0.01423	0.01547	0.00870	0.00975	0.01706	0.01995	0.07756	0.05351	0.58734	0.06216	0.02950	0.01248	0.00396	0.00603	0.02666	0.00954	0.00891
26	0.14541	0.01875	0.02434	0.01925	0.02598	0.01844	0.07434	0.11737	0.02761	0.24083	0.04025	0.07324	0.10242	0.01428	0.00999	0.00320	0.00905	0.01195	0.00950	0.01381
27	0.02913	0.02450	0.07642	0.02106	0.02817	0.02409	0.01801	0.12396	0.36514	0.12292	0.03588	0.03330	0.02600	0.01276	0.01004	0.00326	0.00905	0.01040	0.00989	0.01603
28	0.02768	0.59815	0.05019	0.01760	0.02607	0.03866	0.01723	0.07788	0.02269	0.02706	0.01478	0.01672	0.01317	0.00884	0.00672	0.00221	0.01069	0.00566	0.00479	0.01317
29	0.03411	0.01929	0.03063	0.02386	0.03072	0.01873	0.12866	0.04050	0.06261	0.33291	0.03423	0.03892	0.02506	0.01348	0.01283	0.00342	0.06732	0.05823	0.00962	0.01486
30	0.02222	0.02461	0.12273	0.02716	0.03399	0.02065	0.18561	0.03075	0.09398	0.06831	0.02788	0.11580	0.02470	0.01604	0.01566	0.06823	0.07006	0.01269	0.00656	0.01236
31	0.02600	0.02201	0.02322	0.02053	0.02638	0.02536	0.01607	0.09889	0.52159	0.04364	0.03905	0.03598	0.02920	0.01338	0.01013	0.00335	0.00817	0.01106	0.01013	0.01589
32	0.01316	0.00967	0.01267	0.01423	0.01567	0.00877	0.00990	0.01531	0.01946	0.02636	0.05141	0.55439	0.06074	0.02883	0.01230	0.00385	0.00613	0.05571	0.00894	0.07251
33	0.02898	0.01858	0.02490	0.02338	0.07667	0.02039	0.01712	0.12693	0.02543	0.18298	0.02679	0.03233	0.02125	0.06766	0.14958	0.00657	0.11930	0.00994	0.00789	0.01333
34	0.02646	0.08851	0.12380	0.03431	0.04424	0.07313	0.34025	0.03390	0.02376	0.08325	0.02070	0.02505	0.01529	0.00908	0.01058	0.00313	0.01528	0.00999	0.00555	0.01373
35	0.02103	0.01956	0.03167	0.30702	0.25483	0.02182	0.02615	0.02902	0.07245	0.02965	0.02330	0.07737	0.02015	0.01164	0.01017	0.00325	0.01163	0.01069	0.00555	0.01304
36	0.01330	0.00916	0.01123	0.01240	0.01269	0.00887	0.00767	0.01418	0.01683	0.02244	0.04336	0.35859	0.05131	0.33574	0.03144	0.00681	0.00769	0.02152	0.00767	0.00708
37	0.02451	0.02270	0.08653	0.08208	0.24944	0.01976	0.08426	0.03059	0.02342	0.11102	0.06235	0.07150	0.02730	0.01277	0.01063	0.00325	0.01131	0.04582	0.00682	0.01393
38	0.01450	0.00966	0.01087	0.01087	0.01087	0.00966	0.00604	0.01450	0.01450	0.01933	0.03141	0.06524	0.03624	0.64965	0.05074	0.00966	0.00966	0.01450	0.00604	0.00604
39	0.02113	0.02007	0.03406	0.40323	0.27312	0.02275	0.02883	0.02749	0.02102	0.02827	0.01813	0.02583	0.01427	0.00954	0.00993	0.00318	0.01272	0.00887	0.00463	0.01293
40	0.02119	0.02090	0.02935	0.02534	0.02549	0.02905	0.02104	0.02348	0.01533	0.02392	0.01420	0.02323	0.01406	0.02214	0.08002	0.00532	0.58187	0.00888	0.00444	0.01074
41	0.03389	0.13088	0.03252	0.02749	0.08203	0.44212	0.01983	0.03822	0.05526	0.02595	0.01683	0.01934	0.01404	0.01007	0.00876	0.00259	0.01582	0.00675	0.00526	0.01235
42	0.01322	0.00945	0.01280	0.01511	0.01616	0.00903	0.01113	0.01574	0.02015	0.02665	0.05435	0.49711	0.06358	0.03022	0.01301	0.00420	0.00672	0.16373	0.00923	0.00840
43	0.01426	0.01063	0.01574	0.01574	0.01742	0.01231	0.01211	0.01762	0.01594	0.02293	0.02696	0.04059	0.02554	0.10626	0.57950	0.01567	0.02577	0.01089	0.00538	0.00874
44	0.02307	0.03206	0.20970	0.04903	0.38681	0.02395	0.03195	0.03048	0.02173	0.03173	0.01814	0.02339	0.01466	0.00959	0.01117	0.00311	0.05116	0.00841	0.00468	0.01517
45	0.01215	0.00868	0.01157	0.01388	0.01446	0.00810	0.00925	0.01388	0.01909	0.02545	0.05495	0.64315	0.06593	0.03123	0.01272	0.00405	0.00578	0.02834	0.00925	0.00810
46	0.01883	0.01772	0.02990	0.62569	0.06866	0.02215	0.02769	0.02547	0.01993	0.02547	0.01772	0.02658	0.01329	0.00997	0.00997	0.00332	0.01329	0.00886	0.00443	0.01107
47	0.01999	0.05157	0.59800	0.02841	0.04315	0.02315	0.03683	0.03157	0.02105	0.03157	0.01789	0.02105	0.01263	0.00947	0.00947	0.00316	0.01473	0.00737	0.00421	0.01473
48	0.08942	0.04604	0.37110	0.02599	0.03721	0.16251	0.02907	0.06876	0.02413	0.03320	0.01735	0.02007	0.01280	0.00981	0.00909	0.00300	0.01460	0.00707	0.00500	0.01377
49	0.01883	0.01772	0.02990	0.62569	0.06866	0.02215	0.02769	0.02547	0.01993	0.02547	0.01772	0.02658	0.01329	0.00997	0.00997	0.00332	0.01329	0.00886	0.00443	0.01107
50	0.02490	0.38210	0.03915	0.02008	0.06183	0.10423	0.01645	0.02856	0.02333	0.02811	0.14900	0.03068	0.03225	0.01158	0.00823	0.00248	0.01027	0.00872	0.00601	0.01204
51	0.01478	0.01106	0.01428	0.01589	0.01850	0.01056	0.01353	0.01876	0.02288	0.02897	0.06720	0.10751	0.21465	0.02685	0.01318	0.00422	0.00794	0.37108	0.00920	0.00895
52	0.02628	0.02630	0.08871	0.13950	0.32850	0.02502	0.02810	0.14766	0.02754	0.03815	0.01967	0.02447	0.01536	0.00980	0.00987	0.00304	0.01215	0.00876	0.00592	0.01520
53	0.02222	0.01767	0.02083	0.01496	0.02374	0.01338	0.01200	0.02661	0.02118	0.06863	0.01911	0.02152	0.01540	0.00770	0.00755	0.00158	0.00745	0.00617	0.00632	0.66597
54	0.02888	0.02864	0.12109	0.03149	0.16299	0.02506	0.02332	0.26705	0.03361	0.04663	0.05928	0.02683	0.02106	0.01104	0.00978	0.00290	0.01106	0.00906	0.00760	0.07263
55	0.02803	0.01874	0.02137	0.01857	0.02423	0.02017	0.01460	0.04704	0.36267	0.17364	0.11775	0.04174	0.03816	0.01422	0.01035	0.00328	0.00758	0.01194	0.01079	0.01515
56	0.01450	0.00966	0.01087	0.01087	0.01087	0.00966	0.00604	0.01450	0.01450	0.01933	0.03141	0.06524	0.03624	0.64965	0.05074	0.00966	0.00966	0.01450	0.00604	0.00604
57	0.36647	0.01875	0.01951	0.01585	0.02284	0.01934	0.01308	0.07076	0.02415	0.29919	0.02623	0.02485	0.01758	0.01084	0.00818	0.00308	0.00827	0.00775	0.00925	0.01402
58	0.03015	0.07056	0.07146	0.02829	0.03513	0.15789	0.14749	0.12032	0.02700	0.07293	0.01929	0.02297	0.01493	0.01138	0.01399	0.00319	0.12465	0.00878	0.00618	0.01344
59	0.01373	0.00985	0.01323	0.01452	0.01609	0.00934	0.01094	0.01713	0.02301	0.03127	0.22760	0.32877	0.07311	0.02678	0.01266	0.00388	0.00625	0.14325	0.00980	0.00879
60	0.01364	0.00983	0.01291	0.01286	0.01479	0.00910	0.00937	0.01765	0.02606	0.03654	0.45745	0.20902	0.08741	0.02295	0.01199	0.00335	0.00496	0.02047	0.01057	0.00910
61	0.03790	0.02792	0.02992	0.02294	0.03091	0.03091	0.01895	0.55423	0.04687	0.06283	0.02393	0.02393	0.01695	0.01197	0.00997	0.00299	0.01097	0.00898	0.00997	0.01695
62	0.03736	0.02553	0.02527	0.02078	0.02761	0.12288	0.01660	0.15230	0.15907	0.25709	0.03233	0.02989	0.02240	0.01218	0.00986	0.00305	0.01049	0.00948	0.01010	0.01575
63	0.02521	0.01711	0.02024	0.01881	0.02366	0.01825	0.01526	0.04091	0.28442	0.13682	0.07742	0.06026	0.04099	0.01771	0.01125	0.00366	0.00816	0.15582	0.01031	0.01372
64	0.01215	0.00868	0.01157	0.01388	0.01446	0.00810	0.00925	0.01388	0.01909	0.02545	0.05495	0.64315	0.06593	0.03123	0.01272	0.00405	0.00578	0.02834	0.00925	0.00810
65	0.01424	0.01068	0.01602	0.01602	0.01780	0.01246	0.01246	0.01780	0.01602	0.02314	0.02670	0.03916	0.02492	0.07477	0.61015	0.01602	0.02670	0.01068	0.00534	0.00890
66	0.02146	0.04963	0.55146	0.02796	0.04214	0.02379	0.03537	0.07439	0.02316	0.03413	0.01839	0.02128	0.01298	0.00968	0.00951	0.00314	0.01442	0.00750	0.00468	0.01491
67	0.02282	0.02188	0.03673	0.21443	0.39801	0.02382	0.02907	0.02864	0.02133	0.02990	0.01800	0.02497	0.01488	0.00988	0.01177	0.00318	0.06300	0.00886	0.00475	0.01409
68	0.01883	0.01772	0.02990	0.62569	0.06866	0.02215	0.02769	0.02547	0.01993	0.02547	0.01772	0.02658	0.01329	0.00997	0.00997	0.00332	0.01329	0.00886	0.00443	0.01107
69	0.01450	0.00966	0.01087	0.01087	0.01087	0.00966	0.00604	0.01450	0.01450	0.01933	0.03141	0.06524	0.03624	0.64965	0.05074	0.00966	0.00966	0.01450	0.00604	0.00604
70	0.62145	0.02044	0.01894	0.01590	0.02249	0.02317	0.05071	0.06636	0.01954	0.04507	0.01504	0.01752	0.01154	0.00938	0.00684	0.00310	0.00860	0.00611	0.00635	0.01142
71	0.02326	0.01925	0.02206	0.01599	0.02472	0.01593	0.01288	0.10451	0.02460	0.03704	0.01865	0.02116	0.01509	0.00807	0.00777	0.00170	0.00792	0.00637	0.00652	0.60650
72	0.01424	0.01068	0.01602	0.01602	0.01780	0.01246	0.01246	0.01780	0.01602	0.02314	0.02670	0.03916	0.02492	0.07477	0.61015	0.01602	0.02670	0.01068	0.00534	0.00890
73	0.01440	0.01007	0.01291	0.01291	0.01362	0.01077	0.00858	0.01581	0.01510	0.02084	0.02954	0.05491	0.03176	0.42185	0.27241	0.01218	0.01642	0.01298	0.00576	0.00717
74	0.03092	0.01473	0.01823	0.01528	0.02059	0.01401	0.01217	0.03857	0.10403	0.29689	0.12128	0.04140	0.03637	0.01357	0.00958	0.00295	0.00690	0.01126	0.17748	0.01380
75	0.02901	0.03441	0.26030	0.02842	0.03951	0.02256	0.15231	0.10063	0.02665	0.17085	0.02434	0.02590	0.01666	0.01022	0.01022	0.00317	0.01326	0.00926	0.00708	0.01524
76	0.02067	0.01772	0.02067	0.01477	0.02362	0.01329	0.01181	0.02510	0.02067	0.03248	0.01772	0.02067	0.01477	0.00738	0.00738	0.00148	0.00738	0.00591	0.00591	0.71059
77	0.01395	0.01018	0.01311	0.01238	0.01480	0.00934	0.00928	0.01851	0.02785	0.03909	0.54957	0.07592	0.12725	0.02071	0.01176	0.00315	0.00473	0.01823	0.01086	0.00934
78	0.01304	0.01015	0.01184	0.01142	0.01423	0.00895	0.00856	0.01674	0.02569	0.03396	0.36039	0.08436	0.31963	0.02262	0.01177	0.00324	0.00486	0.01942	0.01018	0.00895
79	0.04473	0.01697	0.02313	0.01774	0.02545	0.01465	0.01465	0.04858	0.02853	0.59437	0.03933	0.03393	0.02468	0.01234	0.01003	0.00308	0.00848	0.01003	0.01234	0.01697
80	0.72007	0.01928	0.01465	0.01311	0.01928	0.02236	0.01080	0.02930	0.01697	0.04473	0.01388	0.01619	0.01080	0.00925	0.00617	0.00308	0.00771	0.00540	0.00617	0.01080
81	0.01215	0.00868	0.01157	0.01388	0.01446	0.00810	0.00925	0.01388	0.01909	0.02545	0.05495	0.64315	0.06593	0.03123	0.01272	0.00405	0.00578	0.02834	0.00925	0.00810
82	0.02292	0.28891	0.33757	0.02503	0.03692	0.02978	0.07114	0.03092	0.02094	0.02838	0.01648	0.01952	0.01290	0.00901	0.00844	0.00277	0.01329	0.00692	0.00430	0.01386
83	0.02694	0.05901	0.06575	0.02422	0.11942	0.01756	0.01759	0.03191	0.02274	0.15549	0.02243	0.02400	0.01685	0.00893	0.00846	0.00223	0.00906	0.00737	0.00695	0.35309

[dist]
# distance from previous block
# <min> <max>
0	2

[block]
# block no. 2 follows, 15 sequences, length 78
# corresponding to MSA columns:
# 129-206
name=unknown_C
#
# <colnr> <probs for GDERKNQSTAVLIFYWHMCP>
#	G	D	E	R	K	N	Q	S	T	A	V	L	I	F	Y	W	H	M	C	P
0	0.07794	0.47645	0.04334	0.01726	0.02516	0.03437	0.01625	0.03432	0.09408	0.07065	0.01936	0.02020	0.01591	0.00954	0.00716	0.00244	0.00991	0.00649	0.00580	0.01336
1	0.52450	0.02051	0.01654	0.01474	0.02024	0.05991	0.01176	0.06789	0.01973	0.04147	0.01687	0.02190	0.01415	0.05794	0.05338	0.00443	0.01014	0.00674	0.00632	0.01085
2	0.02366	0.02330	0.06893	0.03821	0.27690	0.02241	0.02314	0.06414	0.18495	0.03784	0.10262	0.03488	0.03066	0.01203	0.01019	0.00312	0.00985	0.01074	0.00751	0.01490
3	0.02067	0.01772	0.02067	0.01477	0.02362	0.01329	0.01181	0.02510	0.02067	0.03248	0.01772	0.02067	0.01477	0.00738	0.00738	0.00148	0.00738	0.00591	0.00591	0.71059
4	0.01431	0.01041	0.01466	0.01466	0.01597	0.01172	0.01077	0.01693	0.01562	0.02214	0.02795	0.04605	0.02791	0.22654	0.46246	0.01434	0.02220	0.01169	0.00553	0.00815
5	0.01198	0.00933	0.01090	0.01215	0.01400	0.00824	0.00849	0.01408	0.02075	0.02613	0.07600	0.39290	0.30259	0.02849	0.01229	0.00374	0.00545	0.02500	0.00926	0.00824
6	0.02321	0.01616	0.01682	0.01515	0.01941	0.01782	0.01178	0.09513	0.23877	0.04185	0.03470	0.03568	0.02649	0.01240	0.00855	0.00281	0.00663	0.01003	0.35389	0.01270
7	0.60032	0.02080	0.01733	0.01483	0.02132	0.02386	0.01223	0.12145	0.02222	0.04790	0.01565	0.01755	0.01188	0.00973	0.00684	0.00307	0.00828	0.00603	0.00684	0.01188
8	0.01606	0.01147	0.01606	0.01836	0.02065	0.01147	0.01606	0.02065	0.02295	0.02983	0.05278	0.11245	0.05737	0.02754	0.01377	0.00459	0.00918	0.52037	0.00918	0.00918
9	0.02665	0.65565	0.05224	0.01706	0.02559	0.03945	0.01706	0.02985	0.02026	0.02345	0.01386	0.01599	0.01279	0.00853	0.00640	0.00213	0.01066	0.00533	0.00426	0.01279
10	0.02476	0.01887	0.02101	0.01877	0.02331	0.02055	0.01441	0.22595	0.15752	0.04327	0.03995	0.26962	0.03928	0.01988	0.01109	0.00350	0.00822	0.01710	0.00973	0.01321
11	0.01178	0.01010	0.01010	0.01010	0.01347	0.00842	0.00757	0.01431	0.02272	0.02693	0.10099	0.09594	0.58342	0.02525	0.01178	0.00337	0.00505	0.02104	0.00926	0.00842
12	0.72007	0.01928	0.01465	0.01311	0.01928	0.02236	0.01080	0.02930	0.01697	0.04473	0.01388	0.01619	0.01080	0.00925	0.00617	0.00308	0.00771	0.00540	0.00617	0.01080
13	0.04473	0.01697	0.02313	0.01774	0.02545	0.01465	0.01465	0.04858	0.02853	0.59437	0.03933	0.03393	0.02468	0.01234	0.01003	0.00308	0.00848	0.01003	0.01234	0.01697
14	0.02114	0.12632	0.02573	0.01740	0.02262	0.01703	0.07045	0.02495	0.02329	0.10951	0.08425	0.10465	0.20715	0.01910	0.01092	0.00331	0.00840	0.08424	0.00845	0.01109
15	0.02968	0.03801	0.37277	0.02423	0.03621	0.01982	0.02814	0.03824	0.02398	0.25207	0.02629	0.02609	0.01735	0.01059	0.00969	0.00313	0.01228	0.00841	0.00739	0.01561
16	0.02691	0.02211	0.02383	0.01970	0.02657	0.02371	0.01565	0.16179	0.33105	0.04455	0.03182	0.03058	0.02396	0.01184	0.00951	0.00288	0.00849	0.00958	0.00919	0.16630
17	0.03863	0.01833	0.02295	0.01852	0.02559	0.01775	0.01500	0.04993	0.19394	0.42538	0.03971	0.03493	0.02644	0.01270	0.01006	0.00318	0.00830	0.01041	0.01167	0.01660
18	0.02716	0.22665	0.08439	0.03941	0.29311	0.06639	0.02494	0.03229	0.02257	0.06813	0.01835	0.02186	0.01503	0.00915	0.00869	0.00270	0.01186	0.00756	0.00520	0.01457
19	0.02894	0.52414	0.04705	0.01892	0.02672	0.16275	0.01753	0.03200	0.02198	0.02366	0.01419	0.01642	0.01280	0.00891	0.00696	0.00223	0.01224	0.00557	0.00445	0.01253
20	0.01450	0.00966	0.01087	0.01087	0.01087	0.00966	0.00604	0.01450	0.01450	0.01933	0.03141	0.06524	0.03624	0.64965	0.05074	0.00966	0.00966	0.01450	0.00604	0.00604
21	0.01500	0.01088	0.01458	0.01551	0.01790	0.01045	0.01287	0.01949	0.02500	0.03361	0.26356	0.09642	0.10831	0.02457	0.01284	0.00393	0.00714	0.28884	0.00989	0.00922
22	0.01345	0.01007	0.01247	0.01207	0.01454	0.00910	0.00898	0.01746	0.02637	0.03605	0.43805	0.11592	0.20441	0.02219	0.01183	0.00325	0.00485	0.01938	0.01047	0.00910
23	0.07836	0.01728	0.02105	0.01692	0.02355	0.01665	0.01376	0.07689	0.09453	0.38117	0.03602	0.03309	0.02419	0.01218	0.00938	0.00301	0.00798	0.00973	0.10890	0.01537
24	0.72007	0.01928	0.01465	0.01311	0.01928	0.02236	0.01080	0.02930	0.01697	0.04473	0.01388	0.01619	0.01080	0.00925	0.00617	0.00308	0.00771	0.00540	0.00617	0.01080
25	0.02781	0.13840	0.02899	0.02089	0.02692	0.15384	0.01676	0.04607	0.35601	0.03476	0.03044	0.02932	0.02353	0.01194	0.00924	0.00299	0.01056	0.00918	0.00803	0.01434
26	0.03964	0.03367	0.02711	0.02264	0.02923	0.29300	0.01780	0.16519	0.03278	0.20460	0.02462	0.02419	0.01737	0.01130	0.00953	0.00282	0.01346	0.00811	0.00845	0.01447
27	0.02344	0.02367	0.10264	0.01859	0.02660	0.01889	0.01682	0.13764	0.08685	0.04096	0.12060	0.03263	0.03053	0.01157	0.00928	0.00252	0.00874	0.00946	0.00786	0.27071
28	0.02204	0.23727	0.43022	0.02492	0.03775	0.02816	0.03075	0.03104	0.02080	0.02908	0.01665	0.01949	0.01268	0.00918	0.00853	0.00284	0.01348	0.00674	0.00423	0.01414
29	0.03832	0.02724	0.02950	0.02261	0.03058	0.02990	0.01868	0.52280	0.04573	0.09586	0.02489	0.02456	0.01743	0.01199	0.00998	0.00300	0.01082	0.00904	0.01012	0.01695
30	0.01215	0.00868	0.01157	0.01388	0.01446	0.00810	0.00925	0.01388	0.01909	0.02545	0.05495	0.64315	0.06593	0.03123	0.01272	0.00405	0.00578	0.02834	0.00925	0.00810
31	0.01385	0.00973	0.01257	0.01313	0.01380	0.01012	0.00872	0.01533	0.01606	0.02194	0.03571	0.19729	0.04006	0.32944	0.20758	0.01019	0.01378	0.01671	0.00661	0.00739
32	0.72007	0.01928	0.01465	0.01311	0.01928	0.02236	0.01080	0.02930	0.01697	0.04473	0.01388	0.01619	0.01080	0.00925	0.00617	0.00308	0.00771	0.00540	0.00617	0.01080
33	0.01426	0.01064	0.01355	0.01408	0.01666	0.00992	0.01140	0.01840	0.02496	0.03311	0.27187	0.09357	0.19899	0.02418	0.01250	0.00372	0.00643	0.20277	0.00990	0.00908
34	0.01858	0.00929	0.00929	0.00929	0.01161	0.00929	0.00697	0.02323	0.02091	0.03717	0.03252	0.03717	0.02555	0.01161	0.00697	0.00232	0.00465	0.00929	0.70499	0.00929
35	0.01999	0.05157	0.59800	0.02841	0.04315	0.02315	0.03683	0.03157	0.02105	0.03157	0.01789	0.02105	0.01263	0.00947	0.00947	0.00316	0.01473	0.00737	0.00421	0.01473
36	0.03790	0.02792	0.02992	0.02294	0.03091	0.03091	0.01895	0.55423	0.04687	0.06283	0.02393	0.02393	0.01695	0.01197	0.00997	0.00299	0.01097	0.00898	0.00997	0.01695
37	0.01484	0.01048	0.01407	0.01596	0.01744	0.01034	0.01266	0.01793	0.02053	0.02693	0.04955	0.23253	0.05573	0.13764	0.02001	0.00535	0.00844	0.31255	0.00865	0.00837
38	0.01593	0.00952	0.01404	0.01404	0.01473	0.01021	0.00998	0.01497	0.01427	0.01973	0.02192	0.03606	0.02154	0.09066	0.26352	0.39219	0.01579	0.00983	0.00484	0.00623
39	0.02103	0.01997	0.03389	0.41268	0.26443	0.02273	0.02878	0.02740	0.02098	0.02815	0.01811	0.02586	0.01423	0.00956	0.00993	0.00319	0.01274	0.00887	0.00462	0.01285
40	0.02080	0.02079	0.06691	0.07449	0.07763	0.01572	0.01674	0.02610	0.02081	0.03179	0.01782	0.02157	0.01456	0.00790	0.00799	0.00190	0.00885	0.00654	0.00556	0.53552
41	0.07708	0.56406	0.04773	0.01743	0.02553	0.08139	0.01678	0.03057	0.02063	0.02505	0.01398	0.01616	0.01265	0.00871	0.00658	0.00223	0.01100	0.00542	0.00447	0.01256
42	0.01383	0.00988	0.01350	0.01581	0.01713	0.00955	0.01219	0.01680	0.02075	0.02734	0.05401	0.41467	0.06225	0.02964	0.01317	0.00428	0.00725	0.24017	0.00922	0.00856
43	0.18527	0.14131	0.37325	0.02299	0.03472	0.02559	0.02754	0.03076	0.01996	0.03335	0.01630	0.01909	0.01223	0.00927	0.00820	0.00297	0.01243	0.00658	0.00468	0.01350
44	0.02359	0.02005	0.06230	0.01611	0.02525	0.01416	0.01395	0.02846	0.02167	0.10164	0.02039	0.02233	0.01583	0.00814	0.00786	0.00179	0.00804	0.00652	0.00658	0.57534
45	0.02186	0.22112	0.44482	0.02523	0.03822	0.02773	0.03128	0.03109	0.02083	0.02929	0.01676	0.01963	0.01267	0.00921	0.00861	0.00287	0.01359	0.00680	0.00422	0.01419
46	0.02221	0.04847	0.54653	0.02746	0.04156	0.02239	0.03485	0.03309	0.02172	0.08196	0.01981	0.02220	0.01371	0.00973	0.00952	0.00315	0.01417	0.00760	0.00494	0.01493
47	0.01215	0.00868	0.01157	0.01388	0.01446	0.00810	0.00925	0.01388	0.01909	0.02545	0.05495	0.64315	0.06593	0.03123	0.01272	0.00405	0.00578	0.02834	0.00925	0.00810
48	0.01450	0.00966	0.01087	0.01087	0.01087	0.00966	0.00604	0.01450	0.01450	0.01933	0.03141	0.06524	0.03624	0.64965	0.05074	0.00966	0.00966	0.01450	0.00604	0.00604
49	0.02148	0.05122	0.54899	0.02818	0.04209	0.07360	0.03532	0.03228	0.02167	0.03095	0.01768	0.02078	0.01265	0.00954	0.00943	0.00311	0.01501	0.00729	0.00429	0.01446
50	0.01994	0.01632	0.01836	0.01677	0.02092	0.01781	0.01289	0.03747	0.32377	0.04092	0.28644	0.05411	0.05932	0.01664	0.01088	0.00327	0.00644	0.01434	0.01052	0.01289
51	0.01349	0.01057	0.01230	0.01232	0.01494	0.00973	0.00906	0.01824	0.05798	0.03224	0.26076	0.18761	0.27654	0.02390	0.01185	0.00341	0.00524	0.02073	0.00993	0.00917
52	0.09872	0.02194	0.02514	0.01963	0.02719	0.02264	0.01615	0.25413	0.07049	0.29336	0.03092	0.02853	0.02070	0.01200	0.00968	0.00307	0.00940	0.00928	0.01070	0.01635
53	0.02408	0.03151	0.12576	0.03737	0.04675	0.07568	0.38931	0.03185	0.02286	0.03053	0.01882	0.02489	0.01441	0.00952	0.01309	0.00336	0.07165	0.01044	0.00488	0.01323
54	0.02491	0.01115	0.01264	0.01133	0.01496	0.01059	0.00883	0.02936	0.02275	0.17195	0.03417	0.03638	0.02534	0.01179	0.00771	0.00251	0.00557	0.00947	0.53745	0.01115
55	0.01240	0.00898	0.01178	0.01393	0.01483	0.00836	0.00962	0.01440	0.01963	0.02587	0.05812	0.56557	0.10276	0.03053	0.01273	0.00404	0.00597	0.06303	0.00925	0.00820
56	0.01635	0.01381	0.01503	0.01651	0.01833	0.06212	0.01228	0.02119	0.07005	0.02783	0.04975	0.41170	0.05620	0.02698	0.01241	0.00399	0.00781	0.13935	0.00896	0.00933
57	0.03851	0.02497	0.02785	0.02157	0.02932	0.02679	0.01775	0.40379	0.08012	0.18174	0.02861	0.02715	0.01967	0.01216	0.01000	0.00304	0.01019	0.00938	0.01052	0.01687
58	0.72007	0.01928	0.01465	0.01311	0.01928	0.02236	0.01080	0.02930	0.01697	0.04473	0.01388	0.01619	0.01080	0.00925	0.00617	0.00308	0.00771	0.00540	0.00617	0.01080
59	0.02194	0.01711	0.02664	0.02097	0.02616	0.01662	0.14155	0.10041	0.02746	0.07425	0.20495	0.05148	0.08311	0.08701	0.01556	0.00388	0.00936	0.01403	0.04599	0.01151
60	0.25918	0.29390	0.03383	0.01789	0.02479	0.17513	0.01553	0.03214	0.02115	0.03074	0.01425	0.01655	0.01214	0.00920	0.00696	0.00256	0.01150	0.00562	0.00511	0.01182
61	0.01883	0.01772	0.02990	0.62569	0.06866	0.02215	0.02769	0.02547	0.01993	0.02547	0.01772	0.02658	0.01329	0.00997	0.00997	0.00332	0.01329	0.00886	0.00443	0.01107
62	0.02665	0.65565	0.05224	0.01706	0.02559	0.03945	0.01706	0.02985	0.02026	0.02345	0.01386	0.01599	0.01279	0.00853	0.00640	0.00213	0.01066	0.00533	0.00426	0.01279
63	0.02816	0.01210	0.01436	0.01239	0.01668	0.01126	0.00978	0.03252	0.02370	0.24128	0.03501	0.03598	0.02523	0.01188	0.00809	0.00260	0.00605	0.00956	0.45126	0.01210
64	0.01215	0.00868	0.01157	0.01388	0.01446	0.00810	0.00925	0.01388	0.01909	0.02545	0.05495	0.64315	0.06593	0.03123	0.01272	0.00405	0.00578	0.02834	0.00925	0.00810
65	0.04207	0.02123	0.02577	0.01976	0.02758	0.02098	0.01632	0.24534	0.03567	0.38753	0.03334	0.03004	0.02167	0.01219	0.01000	0.00305	0.00945	0.00962	0.01142	0.01696
66	0.72007	0.01928	0.01465	0.01311	0.01928	0.02236	0.01080	0.02930	0.01697	0.04473	0.01388	0.01619	0.01080	0.00925	0.00617	0.00308	0.00771	0.00540	0.00617	0.01080
67	0.01732	0.00866	0.01299	0.01299	0.01299	0.00866	0.00866	0.01299	0.01299	0.01732	0.01732	0.03030	0.01732	0.03463	0.03896	0.70996	0.00866	0.00866	0.00433	0.00433
68	0.72007	0.01928	0.01465	0.01311	0.01928	0.02236	0.01080	0.02930	0.01697	0.04473	0.01388	0.01619	0.01080	0.00925	0.00617	0.00308	0.00771	0.00540	0.00617	0.01080
69	0.30888	0.01858	0.02025	0.01626	0.02338	0.01872	0.01342	0.07351	0.02518	0.34488	0.02837	0.02634	0.01874	0.01111	0.00851	0.00308	0.00834	0.00814	0.00977	0.01455
70	0.01442	0.01102	0.01333	0.01260	0.01542	0.01036	0.00949	0.02043	0.06801	0.03729	0.43737	0.07628	0.19484	0.02091	0.01164	0.00320	0.00502	0.01817	0.01054	0.00967
71	0.01397	0.01018	0.01313	0.01240	0.01481	0.00935	0.00930	0.01854	0.02789	0.03920	0.55356	0.07574	0.12319	0.02067	0.01176	0.00315	0.00472	0.01821	0.01087	0.00935
72	0.01891	0.01670	0.02256	0.02054	0.02234	0.02135	0.01652	0.02628	0.11289	0.02672	0.02407	0.03237	0.02149	0.04270	0.29012	0.00947	0.24824	0.01006	0.00582	0.01085
73	0.01379	0.01005	0.01297	0.01250	0.01476	0.00923	0.00928	0.01810	0.02708	0.03789	0.50594	0.12476	0.12308	0.02163	0.01184	0.00323	0.00482	0.01911	0.01072	0.00923
74	0.01199	0.01011	0.01039	0.01032	0.01359	0.00850	0.00774	0.01471	0.02321	0.02810	0.14407	0.09402	0.53961	0.02481	0.01178	0.00335	0.00502	0.02077	0.00941	0.00850
75	0.02677	0.06642	0.02564	0.02044	0.02660	0.02667	0.01631	0.12182	0.45783	0.04340	0.03638	0.03386	0.02731	0.01296	0.00986	0.00324	0.00852	0.01054	0.00971	0.01574
76	0.02467	0.02369	0.04046	0.06119	0.58747	0.02369	0.03059	0.03059	0.02270	0.03257	0.01875	0.02467	0.01579	0.00888	0.00987	0.00296	0.01184	0.00888	0.00493	0.01579
77	0.08947	0.55640	0.04721	0.01730	0.02539	0.07755	0.01665	0.03049	0.02052	0.02542	0.01397	0.01615	0.01262	0.00871	0.00656	0.00225	0.01091	0.00541	0.00450	0.01253

[dist]
# distance from previous block
# <min> <max>
1	2

[block]
# block no. 3 follows, 15 sequences, length 11
# corresponding to MSA columns:
# 209-219
name=unknown_D
#
# <colnr> <probs for GDERKNQSTAVLIFYWHMCP>
#	G	D	E	R	K	N	Q	S	T	A	V	L	I	F	Y	W	H	M	C	P
0	0.01502	0.01195	0.01454	0.04427	0.01874	0.01128	0.01053	0.02108	0.06849	0.03539	0.34438	0.07114	0.20964	0.01972	0.01125	0.00311	0.00567	0.01701	0.00977	0.05704
1	0.01403	0.01767	0.11848	0.01407	0.01902	0.01144	0.01323	0.01852	0.02303	0.03018	0.19086	0.07488	0.32340	0.07047	0.01442	0.00377	0.00711	0.01733	0.00847	0.00961
2	0.12571	0.01843	0.02060	0.01742	0.02331	0.01940	0.01390	0.08815	0.19680	0.19631	0.13413	0.03899	0.03654	0.01372	0.00984	0.00318	0.00773	0.01114	0.01034	0.01436
3	0.01990	0.01881	0.03183	0.52239	0.16360	0.02243	0.02822	0.02641	0.02044	0.02677	0.01791	0.02623	0.01375	0.00977	0.00995	0.00326	0.01302	0.00886	0.00452	0.01194
4	0.02686	0.02406	0.03354	0.02655	0.03380	0.02603	0.15873	0.13911	0.32868	0.04297	0.03210	0.03203	0.02390	0.01188	0.01054	0.00330	0.01082	0.01098	0.00876	0.01537
5	0.01251	0.00895	0.01189	0.01364	0.01454	0.00834	0.00928	0.01478	0.02076	0.02811	0.15143	0.53908	0.07108	0.02925	0.01255	0.00388	0.00559	0.02645	0.00957	0.00834
6	0.02467	0.02369	0.04046	0.06119	0.58747	0.02369	0.03059	0.03059	0.02270	0.03257	0.01875	0.02467	0.01579	0.00888	0.00987	0.00296	0.01184	0.00888	0.00493	0.01579
7	0.34736	0.02745	0.09431	0.01896	0.02648	0.06426	0.01710	0.14732	0.09563	0.04522	0.02010	0.02131	0.01502	0.01049	0.00812	0.00308	0.01003	0.00725	0.00719	0.01333
8	0.01883	0.01772	0.02990	0.62569	0.06866	0.02215	0.02769	0.02547	0.01993	0.02547	0.01772	0.02658	0.01329	0.00997	0.00997	0.00332	0.01329	0.00886	0.00443	0.01107
9	0.01782	0.01361	0.01753	0.01811	0.02174	0.01342	0.01544	0.02539	0.09234	0.03171	0.04638	0.09016	0.04804	0.02296	0.01242	0.00401	0.00877	0.38427	0.00885	0.10704
10	0.02305	0.48384	0.04165	0.01604	0.02268	0.03128	0.01500	0.02623	0.02111	0.02584	0.09204	0.11019	0.03051	0.01318	0.00796	0.00253	0.00923	0.01013	0.00581	0.01171

[dist]
# distance from previous block
# <min> <max>
0	0

# created by:
# /st0/software/busco_prod/Augustus/scripts/msa2prfl.pl ./align_prep/5409.fa
