[name]
unknown

[dist]
# distance from previous block
# <min> <max>
6	824

[block]
# block no. 0 follows, 12 sequences, length 26
# corresponding to MSA columns:
# 837-862
name=unknown_A
#
# <colnr> <probs for GDERKNQSTAVLIFYWHMCP>
#	G	D	E	R	K	N	Q	S	T	A	V	L	I	F	Y	W	H	M	C	P
0	0.07912	0.06393	0.02979	0.07245	0.07076	0.02081	0.07256	0.03276	0.06535	0.10370	0.06358	0.04082	0.02923	0.13330	0.01938	0.00468	0.01099	0.01153	0.00777	0.06751
1	0.02566	0.12488	0.07375	0.02603	0.08950	0.02223	0.06056	0.03140	0.02467	0.07484	0.07913	0.03052	0.02626	0.01074	0.00954	0.00257	0.01048	0.00921	0.00698	0.26105
2	0.08204	0.02033	0.02792	0.02518	0.08699	0.01896	0.05044	0.03354	0.02359	0.14902	0.02550	0.03084	0.02030	0.06501	0.01563	0.00351	0.05529	0.00930	0.00772	0.24889
3	0.13106	0.09226	0.11351	0.06472	0.03170	0.02250	0.01939	0.06576	0.02466	0.03840	0.06597	0.07710	0.02690	0.01294	0.00946	0.00296	0.01027	0.01028	0.00699	0.17319
4	0.02152	0.06394	0.02083	0.01698	0.02032	0.06131	0.01311	0.02522	0.02414	0.07804	0.17555	0.09968	0.05105	0.08300	0.18746	0.00823	0.01514	0.01498	0.00857	0.01095
5	0.03031	0.52194	0.09628	0.01976	0.02957	0.03923	0.02023	0.03464	0.02304	0.07388	0.01802	0.01971	0.01514	0.00979	0.00763	0.00252	0.01182	0.00648	0.00545	0.01458
6	0.01640	0.01209	0.01587	0.01548	0.01625	0.01363	0.01078	0.01813	0.01658	0.02320	0.03069	0.05622	0.03269	0.35672	0.25875	0.01285	0.06555	0.01369	0.00615	0.00828
7	0.02483	0.03663	0.25251	0.17142	0.05320	0.02487	0.12613	0.03605	0.05887	0.07526	0.02359	0.02812	0.01692	0.01082	0.01108	0.00355	0.01510	0.00993	0.00600	0.01512
8	0.08904	0.06989	0.09248	0.02373	0.03298	0.06998	0.05768	0.09691	0.03049	0.28248	0.03061	0.02940	0.02060	0.01203	0.01035	0.00327	0.01205	0.00958	0.00979	0.01666
9	0.02550	0.01771	0.02587	0.27261	0.04612	0.01963	0.02122	0.08236	0.02636	0.11894	0.03544	0.19305	0.03318	0.01810	0.01176	0.00377	0.01109	0.01589	0.00842	0.01297
10	0.01567	0.01129	0.01554	0.01554	0.01680	0.01255	0.01116	0.01820	0.01694	0.02384	0.03102	0.05288	0.03162	0.27020	0.39113	0.01507	0.02264	0.01315	0.00611	0.00863
11	0.02397	0.17111	0.30550	0.09507	0.04788	0.02946	0.11446	0.03342	0.02316	0.03190	0.01901	0.02360	0.01440	0.01000	0.01012	0.00327	0.01535	0.00858	0.00480	0.01495
12	0.02705	0.02274	0.04099	0.27258	0.05679	0.02495	0.16945	0.03384	0.02390	0.11477	0.02340	0.02987	0.01711	0.01175	0.01435	0.00374	0.08161	0.01082	0.00643	0.01390
13	0.01383	0.01014	0.01299	0.01426	0.01581	0.00930	0.00994	0.01674	0.02414	0.03245	0.20047	0.40041	0.13919	0.03005	0.01350	0.00406	0.00590	0.02687	0.01064	0.00930
14	0.03036	0.02406	0.03954	0.15790	0.28947	0.02472	0.06684	0.07382	0.02745	0.12193	0.02455	0.02919	0.01836	0.01080	0.01102	0.00338	0.01302	0.01017	0.00706	0.01636
15	0.18966	0.31129	0.04410	0.02236	0.02974	0.03523	0.07409	0.03172	0.02080	0.03247	0.01582	0.01995	0.01381	0.01109	0.01229	0.00314	0.10671	0.00726	0.00529	0.01321
16	0.03242	0.07598	0.03588	0.03938	0.23495	0.07224	0.02377	0.09174	0.07464	0.11939	0.06758	0.03260	0.02661	0.01223	0.01063	0.00321	0.01174	0.01040	0.00825	0.01638
17	0.02767	0.02217	0.06595	0.01797	0.02793	0.01568	0.01570	0.03302	0.02432	0.13687	0.02400	0.02547	0.01807	0.00931	0.00882	0.00210	0.00895	0.00746	0.00768	0.50085
18	0.01891	0.01016	0.01052	0.01081	0.01322	0.00994	0.00796	0.02344	0.02280	0.03827	0.04446	0.11112	0.07495	0.01637	0.00877	0.00285	0.00526	0.01360	0.54664	0.00994
19	0.02729	0.01938	0.02843	0.27108	0.09254	0.02144	0.02247	0.08573	0.02583	0.11894	0.02710	0.03819	0.02223	0.13058	0.01967	0.00488	0.01246	0.01113	0.00736	0.01329
20	0.01623	0.01206	0.01547	0.01399	0.01735	0.01076	0.01058	0.02134	0.02995	0.04281	0.48477	0.07490	0.09323	0.02071	0.01233	0.00323	0.00547	0.01824	0.01139	0.08520
21	0.02965	0.07539	0.16065	0.02253	0.03135	0.02334	0.02221	0.11689	0.06987	0.13741	0.09266	0.03666	0.03120	0.02134	0.07526	0.00495	0.01335	0.01092	0.00890	0.01545
22	0.02908	0.02814	0.08169	0.22763	0.05195	0.02891	0.08655	0.20312	0.03256	0.04384	0.02176	0.02714	0.01614	0.01208	0.01308	0.00358	0.06060	0.00998	0.00708	0.01507
23	0.01362	0.01090	0.01218	0.01223	0.01527	0.00946	0.00903	0.01693	0.02603	0.03313	0.22172	0.15476	0.37254	0.02690	0.01299	0.00370	0.00551	0.02301	0.01063	0.00946
24	0.02560	0.08453	0.21869	0.02524	0.03420	0.13502	0.02586	0.03568	0.08188	0.03395	0.07234	0.04523	0.03165	0.01521	0.01106	0.00352	0.01373	0.08568	0.00706	0.01388
25	0.01730	0.01529	0.02395	0.02567	0.10426	0.01423	0.07517	0.02170	0.02519	0.03356	0.15965	0.20150	0.19310	0.02305	0.01280	0.00374	0.00840	0.02095	0.00919	0.01128

[dist]
# distance from previous block
# <min> <max>
0	6

[block]
# block no. 1 follows, 12 sequences, length 17
# corresponding to MSA columns:
# 869-885
name=unknown_B
#
# <colnr> <probs for GDERKNQSTAVLIFYWHMCP>
#	G	D	E	R	K	N	Q	S	T	A	V	L	I	F	Y	W	H	M	C	P
0	0.15505	0.01885	0.02809	0.21939	0.09662	0.02082	0.06094	0.02738	0.02328	0.03623	0.11372	0.09184	0.03535	0.01471	0.01085	0.00358	0.01104	0.01300	0.00709	0.01218
1	0.58396	0.02134	0.01970	0.06612	0.06856	0.02456	0.01510	0.03182	0.01933	0.04610	0.01596	0.01940	0.01248	0.01015	0.00742	0.00338	0.00931	0.00653	0.00648	0.01228
2	0.02455	0.08511	0.02488	0.02084	0.05345	0.11752	0.01503	0.02799	0.02508	0.06235	0.07954	0.19274	0.08170	0.01898	0.01096	0.00318	0.01000	0.01599	0.00821	0.12190
3	0.02177	0.03521	0.25351	0.03490	0.14893	0.02160	0.06736	0.02974	0.02275	0.03257	0.02945	0.03783	0.06181	0.09641	0.01705	0.00433	0.01348	0.01102	0.00569	0.05459
4	0.02059	0.01938	0.03270	0.59060	0.07510	0.02422	0.03028	0.02786	0.02180	0.02786	0.01938	0.02907	0.01453	0.01090	0.01090	0.00363	0.01453	0.00969	0.00484	0.01211
5	0.02712	0.02342	0.02465	0.02219	0.02835	0.02712	0.01726	0.05794	0.52909	0.04561	0.04438	0.04068	0.03328	0.01479	0.01109	0.00370	0.00863	0.01233	0.01109	0.01726
6	0.02417	0.02420	0.03548	0.40260	0.19195	0.07772	0.03020	0.03080	0.02345	0.02973	0.01942	0.02763	0.01519	0.01063	0.01077	0.00345	0.01463	0.00944	0.00506	0.01348
7	0.03262	0.02799	0.14268	0.07325	0.08566	0.02052	0.02373	0.07774	0.02877	0.21472	0.06917	0.03348	0.02630	0.01233	0.01065	0.00321	0.01132	0.01023	0.00901	0.08661
8	0.21156	0.07515	0.07155	0.02641	0.09218	0.02664	0.02057	0.10413	0.02708	0.15220	0.02353	0.02514	0.01722	0.01202	0.01183	0.00340	0.06743	0.00851	0.00807	0.01538
9	0.01369	0.01026	0.01270	0.01382	0.01566	0.00928	0.00971	0.01655	0.02418	0.03194	0.18508	0.36221	0.19562	0.02978	0.01342	0.00401	0.00585	0.02640	0.01056	0.00928
10	0.01394	0.01080	0.01231	0.01244	0.01500	0.00959	0.00891	0.01694	0.02497	0.03221	0.21232	0.16579	0.30581	0.08902	0.01750	0.00444	0.00606	0.02249	0.01026	0.00918
11	0.02645	0.11966	0.22814	0.03237	0.10044	0.02664	0.06765	0.03419	0.02381	0.08732	0.02492	0.03446	0.02064	0.01310	0.01303	0.00355	0.06828	0.05396	0.00626	0.01512
12	0.02784	0.02323	0.03034	0.37530	0.05775	0.08910	0.02521	0.03385	0.02452	0.11429	0.02291	0.02862	0.01665	0.01110	0.01052	0.00330	0.01370	0.00927	0.00650	0.07600
13	0.02576	0.03933	0.34158	0.02464	0.03632	0.02025	0.02887	0.03522	0.02527	0.12803	0.08067	0.03380	0.02722	0.01245	0.01039	0.00333	0.01241	0.01005	0.08921	0.01520
14	0.01393	0.00986	0.01294	0.01516	0.01587	0.00936	0.01028	0.01585	0.02059	0.02739	0.05676	0.50570	0.06741	0.10509	0.01909	0.00523	0.00714	0.06400	0.00969	0.00867
15	0.02261	0.10198	0.32943	0.07859	0.04108	0.02363	0.03030	0.03140	0.02292	0.06285	0.02765	0.12756	0.02499	0.01470	0.01072	0.00352	0.01336	0.01220	0.00614	0.01438
16	0.02216	0.02018	0.03020	0.30371	0.11391	0.02067	0.02393	0.02839	0.02249	0.03178	0.01952	0.02631	0.01550	0.00966	0.00979	0.00280	0.01184	0.00844	0.00554	0.27319

[dist]
# distance from previous block
# <min> <max>
0	1

[block]
# block no. 2 follows, 12 sequences, length 39
# corresponding to MSA columns:
# 887-925
name=unknown_C
#
# <colnr> <probs for GDERKNQSTAVLIFYWHMCP>
#	G	D	E	R	K	N	Q	S	T	A	V	L	I	F	Y	W	H	M	C	P
0	0.01958	0.01204	0.01520	0.01412	0.01760	0.01075	0.01068	0.02375	0.02862	0.11417	0.32830	0.13319	0.18342	0.02334	0.01269	0.00358	0.00595	0.02028	0.01163	0.01112
1	0.01987	0.02199	0.09178	0.07098	0.11568	0.01997	0.05619	0.02583	0.02135	0.03062	0.06947	0.03792	0.02803	0.04139	0.24518	0.00935	0.06455	0.01141	0.00599	0.01245
2	0.07558	0.08127	0.07855	0.21982	0.18469	0.07482	0.07075	0.03257	0.02362	0.03230	0.01902	0.02540	0.01509	0.01023	0.01026	0.00331	0.01431	0.00900	0.00523	0.01419
3	0.10221	0.01778	0.02269	0.01786	0.02544	0.01607	0.01465	0.04798	0.02910	0.45035	0.03968	0.03583	0.02577	0.01310	0.01020	0.00327	0.00870	0.01042	0.09193	0.01696
4	0.10671	0.02693	0.07222	0.16463	0.08310	0.02763	0.10429	0.12066	0.07231	0.04140	0.02251	0.02735	0.01706	0.01172	0.01243	0.00359	0.05397	0.00990	0.00685	0.01476
5	0.03018	0.02754	0.02621	0.02318	0.02954	0.09278	0.01806	0.10200	0.42167	0.04569	0.03927	0.03672	0.02951	0.01420	0.01093	0.00355	0.01028	0.01144	0.01042	0.01684
6	0.01328	0.00949	0.01265	0.01518	0.01581	0.00886	0.01012	0.01518	0.02088	0.02783	0.06010	0.60969	0.07212	0.03416	0.01392	0.00443	0.00633	0.03100	0.01012	0.00886
7	0.03013	0.28458	0.23716	0.02385	0.03552	0.03209	0.02646	0.07291	0.02595	0.10550	0.02148	0.02291	0.01607	0.01057	0.00909	0.00296	0.01301	0.00767	0.00634	0.01576
8	0.07309	0.14970	0.43469	0.02773	0.04200	0.02827	0.03451	0.03403	0.02254	0.03410	0.01850	0.02169	0.01369	0.01017	0.00952	0.00326	0.01479	0.00752	0.00477	0.01543
9	0.01373	0.01079	0.01240	0.01260	0.01540	0.00947	0.00922	0.01705	0.02595	0.03348	0.23221	0.18920	0.32531	0.02719	0.01307	0.00374	0.00555	0.02346	0.01069	0.00947
10	0.02384	0.02304	0.03699	0.23522	0.22830	0.02760	0.02946	0.02935	0.02132	0.03011	0.01824	0.02675	0.01543	0.01296	0.01841	0.00384	0.19058	0.00965	0.00502	0.01388
11	0.02748	0.39350	0.08490	0.02007	0.02807	0.03387	0.01972	0.03192	0.02344	0.06537	0.06355	0.03421	0.02637	0.01325	0.01069	0.00298	0.05124	0.04936	0.00635	0.01368
12	0.03292	0.03206	0.20697	0.12418	0.09471	0.02150	0.02827	0.04069	0.02625	0.24088	0.02895	0.03004	0.01952	0.01163	0.01073	0.00343	0.01281	0.00965	0.00826	0.01653
13	0.02054	0.01123	0.01443	0.01483	0.01725	0.01038	0.01064	0.02367	0.02379	0.11744	0.09519	0.36734	0.05948	0.02588	0.01221	0.00383	0.00648	0.02298	0.13162	0.01079
14	0.01790	0.10656	0.10616	0.01733	0.02210	0.01707	0.01566	0.02233	0.02335	0.03187	0.17313	0.21018	0.05797	0.10897	0.01816	0.00460	0.00895	0.01847	0.00845	0.01080
15	0.03535	0.09289	0.20812	0.02885	0.09628	0.02301	0.02641	0.04256	0.02682	0.26793	0.02976	0.02926	0.02016	0.01159	0.01034	0.00328	0.01222	0.00934	0.00869	0.01713
16	0.12569	0.01886	0.02420	0.01880	0.02703	0.01703	0.01552	0.05063	0.02970	0.49594	0.03970	0.03480	0.02518	0.01309	0.01046	0.00337	0.00918	0.01036	0.01269	0.01775
17	0.18441	0.06969	0.02580	0.08791	0.03130	0.16260	0.01762	0.03285	0.02298	0.06845	0.02155	0.02718	0.01778	0.02860	0.15013	0.00672	0.01752	0.00843	0.00633	0.01217
18	0.09647	0.02587	0.13065	0.11241	0.03895	0.01992	0.06479	0.03607	0.02557	0.18993	0.07539	0.07823	0.03016	0.01412	0.01097	0.00354	0.01155	0.01216	0.00865	0.01458
19	0.02739	0.08294	0.14167	0.22878	0.04896	0.07353	0.02676	0.06916	0.02677	0.08649	0.06377	0.03077	0.02294	0.01202	0.01052	0.00334	0.01359	0.00972	0.00675	0.01413
20	0.01328	0.00949	0.01265	0.01518	0.01581	0.00886	0.01012	0.01518	0.02088	0.02783	0.06010	0.60969	0.07212	0.03416	0.01392	0.00443	0.00633	0.03100	0.01012	0.00886
21	0.02509	0.02970	0.09555	0.07615	0.14707	0.12065	0.06853	0.03138	0.02510	0.03174	0.02975	0.05075	0.02813	0.02057	0.05369	0.00476	0.01562	0.12594	0.00651	0.01333
22	0.09141	0.02945	0.11757	0.03483	0.10141	0.02424	0.17123	0.07758	0.02809	0.17599	0.02675	0.02892	0.01872	0.01095	0.01106	0.00345	0.01362	0.01043	0.00801	0.01628
23	0.01431	0.01047	0.01483	0.01623	0.01745	0.01099	0.01169	0.01710	0.01938	0.02671	0.04630	0.35654	0.05208	0.05542	0.26386	0.01028	0.01654	0.02237	0.00821	0.00925
24	0.22169	0.27895	0.08685	0.02204	0.03093	0.09788	0.06235	0.03414	0.02255	0.03410	0.01637	0.01935	0.01358	0.00986	0.00808	0.00291	0.01267	0.00681	0.00545	0.01345
25	0.01410	0.01109	0.01273	0.01232	0.01548	0.00972	0.00924	0.01801	0.02773	0.03628	0.31749	0.09369	0.33307	0.02507	0.01287	0.00356	0.00534	0.02144	0.01102	0.00972
26	0.01586	0.01057	0.01189	0.01189	0.01189	0.01057	0.00661	0.01586	0.01586	0.02114	0.03436	0.07135	0.03964	0.61681	0.05550	0.01057	0.01057	0.01586	0.00661	0.00661
27	0.02908	0.17698	0.14122	0.08590	0.17534	0.03153	0.02814	0.13577	0.02924	0.03941	0.02015	0.02395	0.01585	0.01057	0.00982	0.00310	0.01317	0.00848	0.00620	0.01607
28	0.16158	0.15167	0.03348	0.11645	0.03562	0.02923	0.01958	0.11653	0.02753	0.13106	0.02258	0.02490	0.01674	0.01187	0.01117	0.00328	0.05597	0.00836	0.00772	0.01467
29	0.01468	0.01098	0.01363	0.01326	0.01590	0.00992	0.00983	0.01901	0.02866	0.03918	0.40516	0.13344	0.19717	0.02451	0.01296	0.00357	0.00533	0.02144	0.01142	0.00992
30	0.03400	0.29128	0.08215	0.02303	0.03096	0.17317	0.02101	0.03803	0.02531	0.10441	0.01994	0.02191	0.01593	0.01137	0.01112	0.00291	0.06559	0.00739	0.00621	0.01429
31	0.01495	0.01123	0.01352	0.01411	0.01653	0.01037	0.01073	0.01826	0.02455	0.03181	0.17304	0.13702	0.23361	0.11304	0.01964	0.00499	0.00728	0.12610	0.00998	0.00922
32	0.01685	0.01587	0.05917	0.01645	0.02010	0.01317	0.01349	0.02492	0.08728	0.03961	0.33215	0.19166	0.08047	0.02313	0.01269	0.00369	0.00671	0.02046	0.01087	0.01126
33	0.02224	0.01238	0.01545	0.01477	0.01845	0.01114	0.01133	0.02594	0.02619	0.14591	0.14441	0.18598	0.17282	0.02377	0.01233	0.00372	0.00675	0.05658	0.07834	0.01148
34	0.02838	0.34658	0.09180	0.02283	0.02986	0.03660	0.02194	0.03240	0.02125	0.06621	0.01737	0.02137	0.01504	0.01269	0.01632	0.00325	0.18935	0.00753	0.00535	0.01389
35	0.09282	0.03641	0.27370	0.02440	0.03626	0.02109	0.02696	0.04262	0.02629	0.26883	0.02966	0.02885	0.01952	0.01174	0.01031	0.00341	0.01239	0.00917	0.00876	0.01683
36	0.33302	0.11903	0.18682	0.02012	0.02955	0.02609	0.02130	0.03141	0.02064	0.03930	0.02044	0.07115	0.01802	0.01218	0.00851	0.00334	0.01105	0.00874	0.00609	0.01318
37	0.03182	0.07674	0.03061	0.02426	0.07407	0.06229	0.01810	0.09174	0.02784	0.12860	0.02350	0.02539	0.01796	0.01092	0.01125	0.00265	0.05413	0.00815	0.00779	0.27218
38	0.08574	0.02711	0.12590	0.06704	0.03218	0.06040	0.02055	0.07969	0.02662	0.11959	0.03568	0.20329	0.03398	0.01844	0.01128	0.00368	0.01110	0.01552	0.00862	0.01359

[dist]
# distance from previous block
# <min> <max>
0	11

[block]
# block no. 3 follows, 12 sequences, length 26
# corresponding to MSA columns:
# 937-962
name=unknown_D
#
# <colnr> <probs for GDERKNQSTAVLIFYWHMCP>
#	G	D	E	R	K	N	Q	S	T	A	V	L	I	F	Y	W	H	M	C	P
0	0.07668	0.01807	0.02138	0.05686	0.02731	0.01530	0.01361	0.02665	0.02367	0.03753	0.11110	0.03301	0.03092	0.01095	0.00901	0.00222	0.00805	0.00898	0.00734	0.46134
1	0.08001	0.17489	0.08931	0.02206	0.03145	0.07652	0.02024	0.18902	0.03228	0.04408	0.02008	0.02198	0.01568	0.01066	0.00902	0.00274	0.01204	0.00757	0.00724	0.13312
2	0.20779	0.02052	0.02223	0.01882	0.02562	0.02160	0.01507	0.08363	0.14269	0.21955	0.03622	0.08319	0.02782	0.01473	0.01016	0.00353	0.00887	0.01166	0.01067	0.01564
3	0.03183	0.01376	0.01688	0.01434	0.01935	0.01262	0.01137	0.03656	0.02707	0.25638	0.08407	0.04282	0.03425	0.01389	0.00949	0.00297	0.00684	0.01135	0.34047	0.01368
4	0.03187	0.02666	0.03409	0.03852	0.20886	0.02895	0.02398	0.20177	0.19592	0.04992	0.03009	0.03112	0.02285	0.01248	0.01093	0.00340	0.01124	0.01059	0.00908	0.01769
5	0.01496	0.01113	0.01392	0.01322	0.01600	0.01009	0.00991	0.01966	0.02974	0.04107	0.46247	0.08582	0.18510	0.02328	0.01287	0.00348	0.00521	0.02033	0.01165	0.01009
6	0.01956	0.11874	0.06020	0.01683	0.02221	0.01956	0.01457	0.02886	0.11895	0.03571	0.18331	0.11183	0.16800	0.02020	0.01148	0.00344	0.00783	0.01699	0.00950	0.01222
7	0.02363	0.01291	0.01687	0.01505	0.01908	0.01155	0.01157	0.02808	0.02966	0.17278	0.33948	0.11217	0.12057	0.02141	0.01246	0.00351	0.00633	0.01862	0.01208	0.01220
8	0.02663	0.13302	0.11974	0.21401	0.04979	0.03046	0.06378	0.11529	0.02706	0.03606	0.01961	0.02518	0.01517	0.01155	0.01257	0.00342	0.06740	0.00902	0.00589	0.01436
9	0.01484	0.01046	0.01326	0.01373	0.01501	0.00989	0.00929	0.01761	0.02376	0.03276	0.25527	0.25086	0.07664	0.17870	0.02414	0.00559	0.00692	0.02240	0.01001	0.00888
10	0.02837	0.04425	0.34083	0.03128	0.04460	0.02646	0.10707	0.12475	0.02937	0.08485	0.02315	0.02578	0.01622	0.01095	0.01090	0.00345	0.01513	0.00937	0.00666	0.01655
11	0.02187	0.05640	0.56031	0.03108	0.04719	0.02532	0.04029	0.03453	0.02302	0.03453	0.01957	0.02302	0.01381	0.01036	0.01036	0.00345	0.01611	0.00806	0.00460	0.01611
12	0.02579	0.02356	0.03716	0.15203	0.33848	0.02496	0.02875	0.06631	0.07193	0.03680	0.02587	0.07269	0.02248	0.01248	0.01109	0.00345	0.01228	0.01157	0.00655	0.01577
13	0.08960	0.19168	0.03879	0.03032	0.11247	0.24855	0.02160	0.08603	0.02873	0.03395	0.01780	0.02076	0.01481	0.01060	0.00910	0.00285	0.01481	0.00733	0.00597	0.01426
14	0.02404	0.01436	0.02081	0.06324	0.06769	0.01370	0.01524	0.02550	0.02134	0.11457	0.03318	0.13489	0.03196	0.02517	0.02178	0.22473	0.00949	0.05153	0.00776	0.07902
15	0.01440	0.01050	0.01374	0.01471	0.01604	0.01047	0.01027	0.01685	0.02048	0.02763	0.09337	0.28798	0.10653	0.13628	0.16014	0.00851	0.01253	0.02204	0.00865	0.00888
16	0.02706	0.02835	0.03806	0.16518	0.17619	0.11346	0.07630	0.03474	0.06622	0.03160	0.02076	0.02715	0.01690	0.01224	0.01530	0.00361	0.11722	0.00980	0.00569	0.01419
17	0.01717	0.01085	0.01396	0.01468	0.01660	0.00995	0.01025	0.01977	0.02351	0.07976	0.14358	0.37531	0.11369	0.07734	0.01677	0.00459	0.00668	0.02522	0.01047	0.00986
18	0.02379	0.02304	0.03669	0.22650	0.21246	0.02794	0.02909	0.02911	0.02102	0.02981	0.01799	0.02659	0.01534	0.01335	0.01948	0.00390	0.21553	0.00965	0.00500	0.01372
19	0.14572	0.01884	0.02289	0.01842	0.02588	0.01802	0.01502	0.04763	0.08000	0.38213	0.07974	0.03805	0.03146	0.01382	0.01047	0.00341	0.00874	0.01102	0.01206	0.01668
20	0.48384	0.02026	0.01905	0.01599	0.02328	0.02171	0.01318	0.03892	0.02268	0.21414	0.02425	0.02403	0.01675	0.01122	0.00812	0.00337	0.00871	0.00755	0.00894	0.01401
21	0.03056	0.02265	0.02476	0.02175	0.02827	0.02537	0.01706	0.05718	0.45052	0.12621	0.04416	0.04012	0.03229	0.01459	0.01107	0.00365	0.00873	0.01211	0.01147	0.01746
22	0.01567	0.01130	0.01560	0.01560	0.01688	0.01258	0.01123	0.01823	0.01695	0.02389	0.03097	0.05259	0.03149	0.26475	0.39642	0.01515	0.02283	0.01311	0.00610	0.00867
23	0.01563	0.01128	0.01486	0.01431	0.01688	0.01050	0.01097	0.02077	0.03032	0.04268	0.49748	0.08535	0.09911	0.02303	0.01307	0.00358	0.00560	0.06249	0.01182	0.01026
24	0.03195	0.03235	0.09651	0.03588	0.04641	0.02997	0.26221	0.23440	0.03615	0.04901	0.02355	0.02748	0.01713	0.01093	0.01182	0.00349	0.01551	0.01115	0.00768	0.01644
25	0.35410	0.07905	0.03644	0.03163	0.12318	0.02718	0.13660	0.03305	0.02173	0.04107	0.01778	0.02215	0.01411	0.00975	0.00896	0.00333	0.01193	0.00825	0.00602	0.01367

[dist]
# distance from previous block
# <min> <max>
1	4

[block]
# block no. 4 follows, 12 sequences, length 78
# corresponding to MSA columns:
# 967-1044
name=unknown_E
#
# <colnr> <probs for GDERKNQSTAVLIFYWHMCP>
#	G	D	E	R	K	N	Q	S	T	A	V	L	I	F	Y	W	H	M	C	P
0	0.43384	0.02413	0.02162	0.10159	0.03159	0.06841	0.01639	0.06724	0.07262	0.04509	0.01955	0.02237	0.01496	0.01098	0.00831	0.00339	0.01047	0.00745	0.00709	0.01291
1	0.03345	0.03286	0.12354	0.02523	0.03445	0.03019	0.02309	0.28392	0.19760	0.05535	0.03077	0.03021	0.02237	0.01315	0.01087	0.00344	0.01166	0.01030	0.00985	0.01771
2	0.01875	0.01155	0.01466	0.01452	0.01679	0.01099	0.01075	0.02235	0.02498	0.07549	0.22204	0.13003	0.06666	0.15263	0.02193	0.00523	0.00750	0.08705	0.07616	0.00994
3	0.02187	0.05640	0.56031	0.03108	0.04719	0.02532	0.04029	0.03453	0.02302	0.03453	0.01957	0.02302	0.01381	0.01036	0.01036	0.00345	0.01611	0.00806	0.00460	0.01611
4	0.02525	0.01462	0.01789	0.01663	0.02096	0.01396	0.01257	0.03293	0.10865	0.17465	0.09853	0.23231	0.13960	0.02335	0.01239	0.00382	0.00727	0.02026	0.01133	0.01302
5	0.19507	0.02585	0.02658	0.02145	0.02922	0.02865	0.01752	0.27223	0.12614	0.10793	0.02844	0.02781	0.02038	0.01272	0.00996	0.00338	0.01028	0.00944	0.01020	0.01671
6	0.14514	0.01469	0.01706	0.01555	0.02006	0.01410	0.01179	0.03032	0.02439	0.19452	0.08653	0.19706	0.09389	0.06775	0.01482	0.00425	0.00777	0.01757	0.01043	0.01232
7	0.42711	0.02686	0.02120	0.01850	0.02528	0.11488	0.01481	0.07265	0.07114	0.08624	0.02114	0.02229	0.01584	0.01122	0.00829	0.00330	0.01062	0.00736	0.00779	0.01346
8	0.01369	0.00997	0.01297	0.01499	0.01620	0.00925	0.01045	0.01613	0.02230	0.02951	0.10102	0.48758	0.12042	0.03235	0.01381	0.00432	0.00641	0.05929	0.01026	0.00908
9	0.02823	0.02601	0.02907	0.12787	0.08782	0.10734	0.02176	0.04164	0.19120	0.07096	0.06956	0.03541	0.02865	0.01399	0.01341	0.00357	0.06962	0.01102	0.00821	0.01467
10	0.04073	0.05197	0.03090	0.02809	0.03371	0.57303	0.02107	0.04354	0.03090	0.02669	0.01685	0.01966	0.01404	0.01124	0.00983	0.00281	0.01966	0.00702	0.00562	0.01264
11	0.03395	0.01735	0.02231	0.01745	0.02507	0.01437	0.01395	0.03822	0.02728	0.28926	0.07605	0.09227	0.03377	0.01441	0.01044	0.00289	0.00826	0.01212	0.01069	0.23990
12	0.01998	0.01346	0.01686	0.01721	0.01992	0.01341	0.01275	0.05713	0.07532	0.07589	0.10233	0.36919	0.06324	0.02764	0.01321	0.00416	0.00742	0.06881	0.01071	0.01136
13	0.69383	0.02109	0.01603	0.01434	0.02109	0.02446	0.01181	0.03205	0.01856	0.04892	0.01518	0.01771	0.01181	0.01012	0.00675	0.00337	0.00843	0.00590	0.00675	0.01181
14	0.07585	0.02278	0.02085	0.01986	0.02281	0.14877	0.01527	0.02698	0.02157	0.02934	0.02745	0.08920	0.02619	0.04204	0.23407	0.00896	0.07315	0.01167	0.07243	0.01075
15	0.16305	0.01900	0.02366	0.01850	0.02664	0.01752	0.01528	0.04941	0.02897	0.46654	0.03809	0.03368	0.02430	0.01290	0.01022	0.00337	0.00913	0.01007	0.01230	0.01736
16	0.02259	0.11224	0.51076	0.02985	0.04530	0.02708	0.03816	0.03435	0.02294	0.03366	0.01913	0.02248	0.01383	0.01026	0.01003	0.00334	0.01568	0.00784	0.00461	0.01591
17	0.02361	0.02302	0.03913	0.28745	0.22162	0.02648	0.06870	0.03001	0.02231	0.03072	0.01917	0.02760	0.01556	0.01165	0.01491	0.00369	0.10538	0.00993	0.00507	0.01398
18	0.01461	0.01053	0.01256	0.01297	0.01439	0.00985	0.00863	0.01678	0.02224	0.02960	0.17498	0.20928	0.15272	0.23005	0.02775	0.00616	0.00736	0.02170	0.00936	0.00849
19	0.07944	0.32605	0.08403	0.02160	0.03052	0.08628	0.02029	0.11511	0.07748	0.03717	0.02035	0.02185	0.01647	0.01080	0.00855	0.00283	0.01227	0.00742	0.00656	0.01495
20	0.02218	0.01225	0.01612	0.01518	0.01824	0.01117	0.01113	0.02573	0.02671	0.14890	0.25094	0.21614	0.07163	0.08229	0.01694	0.00440	0.00691	0.02053	0.01128	0.01133
21	0.13942	0.04385	0.29539	0.02620	0.03787	0.10145	0.02872	0.08140	0.02681	0.09049	0.02139	0.02336	0.01525	0.01100	0.00980	0.00333	0.01429	0.00801	0.00656	0.01539
22	0.14702	0.01308	0.01404	0.01379	0.01669	0.01301	0.00978	0.02214	0.02147	0.07416	0.09218	0.19597	0.12395	0.16960	0.02232	0.00546	0.00779	0.01869	0.00904	0.00982
23	0.02362	0.03849	0.28693	0.02402	0.03461	0.06374	0.02659	0.03416	0.07456	0.07274	0.04656	0.04628	0.15103	0.01547	0.01108	0.00348	0.01246	0.01240	0.00739	0.01439
24	0.01944	0.01673	0.02617	0.18098	0.11618	0.01925	0.02117	0.02362	0.02016	0.02749	0.03101	0.04028	0.07146	0.03669	0.18390	0.07061	0.06635	0.01157	0.00573	0.01122
25	0.69383	0.02109	0.01603	0.01434	0.02109	0.02446	0.01181	0.03205	0.01856	0.04892	0.01518	0.01771	0.01181	0.01012	0.00675	0.00337	0.00843	0.00590	0.00675	0.01181
26	0.03344	0.02605	0.03288	0.02642	0.03256	0.03001	0.05863	0.20936	0.14285	0.09846	0.02852	0.03009	0.02138	0.01469	0.01731	0.00378	0.15737	0.01065	0.00925	0.01631
27	0.02580	0.04565	0.33650	0.08443	0.04901	0.06942	0.11299	0.08175	0.02675	0.03673	0.02040	0.02468	0.01481	0.01055	0.01083	0.00344	0.01621	0.00909	0.00548	0.01548
28	0.03535	0.02928	0.03298	0.17025	0.09440	0.10436	0.02402	0.24019	0.03678	0.09046	0.02404	0.02699	0.01750	0.01199	0.01075	0.00330	0.01357	0.00948	0.00833	0.01599
29	0.03777	0.02871	0.03065	0.02434	0.03241	0.03209	0.01983	0.39571	0.17398	0.06278	0.03085	0.02990	0.02233	0.01353	0.01096	0.00338	0.01113	0.01046	0.01096	0.01821
30	0.03678	0.03451	0.03077	0.02605	0.03155	0.21419	0.02074	0.16009	0.07902	0.09118	0.02377	0.02588	0.01829	0.01397	0.01599	0.00349	0.14154	0.00915	0.00805	0.01498
31	0.02950	0.02275	0.02809	0.02315	0.02997	0.02438	0.06501	0.12801	0.26451	0.09738	0.08439	0.04536	0.07705	0.01549	0.01152	0.00357	0.00970	0.01330	0.01074	0.01612
32	0.02324	0.01296	0.01810	0.01682	0.02003	0.01359	0.01300	0.02691	0.02075	0.14185	0.03321	0.04424	0.02848	0.11447	0.35676	0.01261	0.02119	0.01182	0.05861	0.01138
33	0.03767	0.02712	0.02945	0.02361	0.03150	0.02995	0.01917	0.32390	0.19986	0.10955	0.03357	0.03183	0.02402	0.01367	0.01097	0.00342	0.01067	0.01072	0.01122	0.01814
34	0.02010	0.01149	0.01535	0.01558	0.01806	0.01047	0.01121	0.02318	0.02508	0.12515	0.17213	0.38250	0.07146	0.02767	0.01314	0.00400	0.00657	0.02476	0.01117	0.01091
35	0.15828	0.02328	0.02678	0.02119	0.02859	0.02480	0.01752	0.19052	0.03381	0.26158	0.02999	0.02895	0.02041	0.01332	0.01265	0.00348	0.06795	0.00957	0.01063	0.01670
36	0.01710	0.01164	0.01646	0.01637	0.01715	0.01287	0.01184	0.01746	0.01788	0.02491	0.07141	0.14326	0.03821	0.09003	0.16186	0.23041	0.07135	0.01513	0.00668	0.00796
37	0.02756	0.03872	0.22809	0.06789	0.04000	0.06916	0.02811	0.10984	0.15715	0.04067	0.02629	0.02826	0.01961	0.01265	0.01253	0.00355	0.05717	0.00956	0.00730	0.01590
38	0.02528	0.02736	0.05506	0.09805	0.13669	0.02757	0.33880	0.03317	0.02433	0.03353	0.02079	0.02843	0.01626	0.01041	0.01461	0.00371	0.07426	0.01173	0.00536	0.01461
39	0.02504	0.01930	0.02286	0.01645	0.02602	0.01467	0.01321	0.02983	0.02340	0.08368	0.02157	0.02395	0.01715	0.00858	0.00834	0.00178	0.00819	0.00688	0.00711	0.62199
40	0.02278	0.02161	0.03665	0.41172	0.23691	0.02480	0.03137	0.02977	0.02284	0.03051	0.01977	0.02836	0.01547	0.01050	0.01086	0.00350	0.01399	0.00970	0.00503	0.01387
41	0.01989	0.01436	0.01765	0.01500	0.02033	0.01192	0.01146	0.02420	0.02603	0.07436	0.21636	0.13620	0.09676	0.01875	0.01118	0.00295	0.00669	0.01628	0.00972	0.24995
42	0.07306	0.01395	0.01958	0.11257	0.02875	0.01487	0.01553	0.02525	0.02098	0.10498	0.03497	0.15374	0.03396	0.03419	0.11643	0.11791	0.01313	0.04771	0.00783	0.01060
43	0.52895	0.02557	0.01991	0.07327	0.02832	0.10714	0.01503	0.03337	0.02074	0.04349	0.01585	0.01913	0.01241	0.01037	0.00762	0.00331	0.01073	0.00645	0.00639	0.01196
44	0.02532	0.02048	0.06198	0.06778	0.02911	0.01894	0.01748	0.15821	0.03108	0.08317	0.07961	0.27006	0.04686	0.02206	0.01225	0.00381	0.00946	0.01919	0.00989	0.01323
45	0.02699	0.27786	0.03818	0.01797	0.02743	0.02836	0.01602	0.07051	0.02483	0.03411	0.01815	0.02073	0.01543	0.00903	0.00785	0.00206	0.00993	0.00647	0.00607	0.34201
46	0.01711	0.01133	0.01435	0.01420	0.01675	0.01052	0.01035	0.02047	0.02507	0.07416	0.22226	0.20069	0.16539	0.07380	0.06788	0.00552	0.00843	0.02127	0.01035	0.01008
47	0.02556	0.11193	0.02515	0.01900	0.02327	0.11648	0.01464	0.03116	0.07472	0.08227	0.07495	0.26774	0.04686	0.02161	0.01151	0.00358	0.00993	0.01838	0.00906	0.01218
48	0.02134	0.01284	0.01650	0.01624	0.01924	0.01225	0.01189	0.02730	0.07529	0.12477	0.17609	0.32292	0.06817	0.02572	0.01287	0.00392	0.00677	0.02288	0.01127	0.01172
49	0.02820	0.17680	0.14850	0.02230	0.03103	0.08090	0.02182	0.03917	0.12221	0.08658	0.10420	0.03492	0.03232	0.01315	0.01007	0.00315	0.01163	0.01027	0.00795	0.01484
50	0.02621	0.01557	0.01922	0.01774	0.02209	0.01549	0.01344	0.03649	0.15197	0.16996	0.13822	0.22727	0.05643	0.02194	0.01227	0.00380	0.00744	0.01921	0.01156	0.01368
51	0.02265	0.02048	0.03271	0.53490	0.07103	0.02517	0.02934	0.07558	0.02470	0.03188	0.02005	0.02878	0.01493	0.01112	0.01090	0.00360	0.01429	0.00970	0.00544	0.01275
52	0.16976	0.01440	0.01597	0.01515	0.01950	0.01397	0.01148	0.02765	0.02352	0.15391	0.05633	0.24971	0.14185	0.02289	0.01147	0.00381	0.00730	0.01936	0.01016	0.01179
53	0.02522	0.01929	0.02310	0.01990	0.02303	0.02227	0.01525	0.17556	0.02753	0.03785	0.02749	0.04379	0.02643	0.22515	0.13706	0.00863	0.11094	0.01211	0.00752	0.01186
54	0.02574	0.02941	0.06434	0.04596	0.05699	0.02757	0.50919	0.03493	0.02574	0.03493	0.02206	0.02941	0.01654	0.00919	0.01287	0.00368	0.01838	0.01287	0.00551	0.01471
55	0.02722	0.02101	0.03276	0.02631	0.03253	0.02085	0.14668	0.14939	0.03084	0.09221	0.03971	0.25126	0.03933	0.02015	0.01259	0.00383	0.01127	0.01884	0.00942	0.01382
56	0.12743	0.01368	0.01530	0.01460	0.01673	0.01474	0.01052	0.02054	0.02121	0.03287	0.15589	0.11650	0.10010	0.20627	0.02746	0.00589	0.06590	0.01668	0.00838	0.00931
57	0.02662	0.03109	0.12344	0.14914	0.04213	0.08039	0.02551	0.11294	0.06488	0.03686	0.02537	0.08393	0.02209	0.01514	0.01510	0.00373	0.10935	0.01144	0.00688	0.01399
58	0.03210	0.03216	0.02223	0.02017	0.02476	0.28317	0.01530	0.07916	0.02936	0.03653	0.02570	0.02921	0.02039	0.01203	0.00899	0.00274	0.01274	0.00862	0.29252	0.01213
59	0.02694	0.02801	0.06373	0.02174	0.02601	0.14113	0.01760	0.11163	0.02621	0.03285	0.02518	0.03920	0.02391	0.18703	0.11758	0.00764	0.07417	0.01098	0.00669	0.01176
60	0.07832	0.02829	0.09483	0.04574	0.21037	0.02486	0.22084	0.03276	0.02512	0.03711	0.07217	0.03222	0.02467	0.01084	0.01147	0.00346	0.01429	0.01151	0.00613	0.01501
61	0.08086	0.02355	0.03954	0.23985	0.30299	0.02534	0.06868	0.03155	0.02334	0.03403	0.01980	0.02711	0.01582	0.01011	0.01066	0.00342	0.01355	0.00964	0.00533	0.01484
62	0.02433	0.01520	0.01962	0.01832	0.02099	0.01620	0.01367	0.06460	0.07276	0.10408	0.03841	0.22193	0.03842	0.02718	0.02252	0.17836	0.06648	0.01705	0.00884	0.01104
63	0.04145	0.03054	0.03272	0.02509	0.03381	0.03381	0.02072	0.51243	0.05127	0.06872	0.02618	0.02618	0.01854	0.01309	0.01091	0.00327	0.01200	0.00982	0.01091	0.01854
64	0.04145	0.03054	0.03272	0.02509	0.03381	0.03381	0.02072	0.51243	0.05127	0.06872	0.02618	0.02618	0.01854	0.01309	0.01091	0.00327	0.01200	0.00982	0.01091	0.01854
65	0.01576	0.01094	0.01377	0.01377	0.01442	0.01159	0.00895	0.01706	0.01641	0.02253	0.03264	0.06184	0.03551	0.43828	0.22837	0.01289	0.01679	0.01446	0.00635	0.00765
66	0.02823	0.21866	0.03537	0.02073	0.02720	0.03068	0.01768	0.04299	0.23054	0.07793	0.07372	0.03457	0.03045	0.01395	0.01233	0.00331	0.06742	0.01044	0.00863	0.01518
67	0.02073	0.04839	0.46373	0.02801	0.04172	0.02266	0.03498	0.03206	0.02441	0.03616	0.11221	0.03336	0.02958	0.01247	0.01080	0.00345	0.01417	0.01012	0.00591	0.01508
68	0.02232	0.02008	0.02953	0.02536	0.03081	0.02109	0.12272	0.03845	0.23905	0.03743	0.04487	0.19248	0.04252	0.02006	0.01260	0.00401	0.01030	0.06297	0.00952	0.01383
69	0.08974	0.06120	0.02091	0.01698	0.02100	0.01821	0.01292	0.10956	0.02725	0.07782	0.08313	0.26259	0.04829	0.08117	0.01595	0.00441	0.00848	0.01892	0.00959	0.01188
70	0.02059	0.01938	0.03270	0.59060	0.07510	0.02422	0.03028	0.02786	0.02180	0.02786	0.01938	0.02907	0.01453	0.01090	0.01090	0.00363	0.01453	0.00969	0.00484	0.01211
71	0.69383	0.02109	0.01603	0.01434	0.02109	0.02446	0.01181	0.03205	0.01856	0.04892	0.01518	0.01771	0.01181	0.01012	0.00675	0.00337	0.00843	0.00590	0.00675	0.01181
72	0.13146	0.01353	0.01550	0.01475	0.01861	0.01300	0.01113	0.02557	0.02522	0.12238	0.17400	0.21294	0.13513	0.02294	0.01184	0.00373	0.00675	0.01963	0.01058	0.01134
73	0.02877	0.02404	0.07414	0.06581	0.03165	0.02252	0.01922	0.19042	0.08426	0.09165	0.14429	0.09813	0.04363	0.01695	0.01160	0.00352	0.00996	0.01424	0.01025	0.01493
74	0.01569	0.01156	0.01447	0.01491	0.01678	0.01130	0.01050	0.02140	0.07144	0.03530	0.25308	0.28851	0.07787	0.08501	0.01733	0.00456	0.00648	0.02318	0.01063	0.01000
75	0.30656	0.02322	0.02570	0.02139	0.02797	0.02642	0.05265	0.08399	0.14563	0.08653	0.02583	0.02702	0.01939	0.01260	0.01183	0.00360	0.06767	0.00909	0.00842	0.01450
76	0.01672	0.01067	0.01404	0.01490	0.01656	0.00989	0.01036	0.01947	0.02382	0.07151	0.17865	0.39421	0.07410	0.07164	0.01643	0.00454	0.00656	0.02554	0.01060	0.00979
77	0.03081	0.02381	0.03147	0.03577	0.19283	0.02506	0.02219	0.16891	0.12285	0.08742	0.07076	0.07771	0.03185	0.01463	0.01128	0.00344	0.01054	0.01266	0.00942	0.01656

[dist]
# distance from previous block
# <min> <max>
0	1

[block]
# block no. 5 follows, 12 sequences, length 50
# corresponding to MSA columns:
# 1046-1095
name=unknown_F
#
# <colnr> <probs for GDERKNQSTAVLIFYWHMCP>
#	G	D	E	R	K	N	Q	S	T	A	V	L	I	F	Y	W	H	M	C	P
0	0.23634	0.02714	0.15988	0.01947	0.02725	0.01949	0.01948	0.02802	0.02084	0.03702	0.02750	0.07778	0.02661	0.08482	0.01507	0.00434	0.01075	0.07122	0.00679	0.08018
1	0.13280	0.39472	0.09854	0.02030	0.02964	0.07184	0.02009	0.06677	0.02427	0.03321	0.01648	0.01883	0.01396	0.00994	0.00775	0.00270	0.01215	0.00642	0.00548	0.01410
2	0.58262	0.02075	0.01834	0.07324	0.02702	0.02388	0.01397	0.03302	0.01973	0.08044	0.01746	0.02015	0.01309	0.01042	0.00745	0.00340	0.00911	0.00662	0.00700	0.01229
3	0.02312	0.01961	0.02691	0.16960	0.09830	0.01895	0.01970	0.05791	0.02504	0.03658	0.05746	0.03038	0.02288	0.01062	0.00959	0.00262	0.01013	0.00906	0.05444	0.29710
4	0.14273	0.02262	0.03162	0.02942	0.08952	0.02622	0.05126	0.03549	0.02224	0.16752	0.02302	0.02694	0.01763	0.01444	0.02023	0.00393	0.24380	0.00953	0.00746	0.01440
5	0.15370	0.02025	0.02166	0.01929	0.02531	0.02210	0.01510	0.04676	0.27034	0.14618	0.04066	0.10757	0.03294	0.01611	0.01062	0.00367	0.00843	0.01322	0.01064	0.01544
6	0.01400	0.01021	0.01318	0.01430	0.01588	0.00939	0.01001	0.01711	0.02472	0.03352	0.23306	0.38018	0.12519	0.02943	0.01346	0.00401	0.00584	0.02635	0.01078	0.00939
7	0.11123	0.18774	0.29525	0.02509	0.03733	0.03076	0.02868	0.09955	0.02613	0.03887	0.01884	0.02143	0.01425	0.01045	0.00915	0.00314	0.01348	0.00748	0.00576	0.01538
8	0.01979	0.01255	0.01851	0.01776	0.02053	0.01393	0.01393	0.02372	0.01925	0.09239	0.03095	0.04211	0.02722	0.07315	0.50253	0.01574	0.02669	0.01159	0.00681	0.01085
9	0.11273	0.04362	0.30757	0.02650	0.03831	0.08100	0.02929	0.07625	0.07147	0.07887	0.02326	0.02491	0.01670	0.01127	0.01000	0.00338	0.01399	0.00842	0.00673	0.01570
10	0.01314	0.01005	0.01207	0.01368	0.01542	0.00898	0.00945	0.01535	0.02232	0.02842	0.07837	0.42652	0.24349	0.03178	0.01354	0.00416	0.00603	0.02810	0.01012	0.00898
11	0.40976	0.02151	0.06517	0.01607	0.02272	0.02025	0.01430	0.03097	0.02309	0.08561	0.15301	0.03603	0.03650	0.01352	0.00896	0.00340	0.00835	0.01003	0.00842	0.01233
12	0.01895	0.01076	0.01581	0.01557	0.01562	0.01157	0.01081	0.01536	0.01493	0.02027	0.02165	0.07611	0.02256	0.03591	0.03982	0.57045	0.06189	0.01111	0.00515	0.00569
13	0.01996	0.01841	0.03079	0.51821	0.06807	0.02289	0.02818	0.02680	0.02126	0.02754	0.02062	0.03081	0.01614	0.01985	0.08198	0.00539	0.01639	0.00994	0.00497	0.01181
14	0.02272	0.13052	0.17426	0.31277	0.05878	0.02791	0.06506	0.03087	0.02245	0.02970	0.01891	0.02561	0.01440	0.01038	0.01025	0.00337	0.01473	0.00885	0.00480	0.01364
15	0.01354	0.01016	0.01256	0.01388	0.01562	0.00918	0.00968	0.01620	0.02356	0.03091	0.15371	0.39205	0.19829	0.03050	0.01348	0.00407	0.00592	0.02707	0.01044	0.00918
16	0.03139	0.01908	0.02632	0.07263	0.03212	0.01941	0.05470	0.04338	0.16954	0.21963	0.04301	0.14911	0.03571	0.01735	0.01172	0.00372	0.00969	0.01531	0.01076	0.01541
17	0.02915	0.62337	0.05714	0.01866	0.02799	0.04314	0.01866	0.03265	0.02215	0.02565	0.01516	0.01749	0.01399	0.00933	0.00700	0.00233	0.01166	0.00583	0.00466	0.01399
18	0.02314	0.01985	0.02285	0.01685	0.02613	0.01600	0.01343	0.03101	0.08160	0.03670	0.02229	0.02471	0.01815	0.00886	0.00843	0.00186	0.00814	0.00714	0.00700	0.60587
19	0.03686	0.02516	0.02784	0.02274	0.03032	0.02746	0.01833	0.22922	0.24962	0.15531	0.03721	0.03448	0.02645	0.01389	0.01100	0.00347	0.01003	0.01111	0.01150	0.01800
20	0.09901	0.01958	0.03076	0.52348	0.06881	0.02425	0.02813	0.02835	0.02142	0.03031	0.01889	0.02775	0.01422	0.01081	0.01042	0.00360	0.01382	0.00925	0.00507	0.01208
21	0.02059	0.01639	0.02024	0.09027	0.02802	0.01795	0.01551	0.06152	0.16092	0.03680	0.10199	0.19154	0.05049	0.08217	0.01677	0.00461	0.00893	0.05349	0.00962	0.01218
22	0.04892	0.01856	0.02530	0.01940	0.02783	0.01603	0.01603	0.05314	0.03121	0.55634	0.04302	0.03711	0.02699	0.01350	0.01096	0.00337	0.00928	0.01096	0.01350	0.01856
23	0.04145	0.03054	0.03272	0.02509	0.03381	0.03381	0.02072	0.51243	0.05127	0.06872	0.02618	0.02618	0.01854	0.01309	0.01091	0.00327	0.01200	0.00982	0.01091	0.01854
24	0.02214	0.02152	0.03810	0.44959	0.14316	0.02486	0.08653	0.02951	0.02271	0.02983	0.01986	0.02880	0.01517	0.01053	0.01111	0.00358	0.01475	0.01006	0.00500	0.01318
25	0.10311	0.02417	0.06744	0.02102	0.02995	0.02115	0.01849	0.14396	0.03355	0.37046	0.03525	0.03204	0.02288	0.01287	0.01053	0.00336	0.01029	0.01005	0.01167	0.01776
26	0.01523	0.01114	0.01430	0.01351	0.01617	0.01020	0.01013	0.02019	0.03039	0.04260	0.50900	0.08330	0.13762	0.02271	0.01286	0.00345	0.00517	0.01998	0.01186	0.01020
27	0.01837	0.01652	0.02805	0.26242	0.04621	0.01801	0.08173	0.02410	0.02384	0.03186	0.13277	0.18695	0.04675	0.01883	0.01230	0.00380	0.01109	0.01747	0.00767	0.01125
28	0.08182	0.02711	0.03860	0.07950	0.13816	0.06702	0.12249	0.12362	0.03080	0.14523	0.02560	0.02831	0.01845	0.01120	0.01092	0.00337	0.01347	0.01015	0.00810	0.01609
29	0.02491	0.02770	0.05958	0.04333	0.05349	0.02605	0.45922	0.03367	0.02567	0.03469	0.02568	0.03892	0.02124	0.01132	0.01309	0.00381	0.01753	0.05988	0.00597	0.01423
30	0.01517	0.01029	0.01327	0.01522	0.01633	0.00993	0.01088	0.01776	0.02127	0.02923	0.05389	0.38840	0.06169	0.10478	0.01875	0.00513	0.00746	0.11413	0.07748	0.00894
31	0.61641	0.09124	0.02081	0.01484	0.02189	0.02664	0.01261	0.03212	0.01898	0.04621	0.01518	0.01769	0.01206	0.01003	0.00678	0.00325	0.00881	0.00590	0.00650	0.01206
32	0.02581	0.30083	0.15789	0.02467	0.03235	0.03604	0.02506	0.03092	0.02052	0.02777	0.01583	0.02081	0.01406	0.01281	0.01733	0.00339	0.20793	0.00755	0.00469	0.01376
33	0.11379	0.02274	0.02709	0.02676	0.09813	0.02504	0.01868	0.23148	0.03284	0.04782	0.02529	0.03226	0.02104	0.06809	0.15298	0.00729	0.01586	0.01016	0.00809	0.01456
34	0.01396	0.01001	0.01326	0.01472	0.01596	0.00931	0.01017	0.01688	0.02401	0.03283	0.21180	0.44376	0.08178	0.03043	0.01359	0.00411	0.00595	0.02745	0.01071	0.00931
35	0.02429	0.02282	0.03845	0.12595	0.41558	0.02335	0.02985	0.03024	0.02390	0.03357	0.02582	0.10747	0.02448	0.01323	0.01124	0.00345	0.01224	0.01264	0.00598	0.01546
36	0.04145	0.03054	0.03272	0.02509	0.03381	0.03381	0.02072	0.51243	0.05127	0.06872	0.02618	0.02618	0.01854	0.01309	0.01091	0.00327	0.01200	0.00982	0.01091	0.01854
37	0.04602	0.02321	0.02818	0.02161	0.03016	0.02293	0.01785	0.23143	0.03899	0.36706	0.03648	0.03287	0.02371	0.01334	0.01094	0.00333	0.01033	0.01052	0.01249	0.01855
38	0.01427	0.01067	0.01325	0.01351	0.01580	0.00965	0.00979	0.01799	0.02678	0.03615	0.31302	0.23054	0.19515	0.02673	0.01315	0.00376	0.00555	0.02354	0.01106	0.00965
39	0.02682	0.02343	0.03391	0.15028	0.23514	0.02541	0.02581	0.10922	0.11321	0.04171	0.07826	0.03509	0.02831	0.01260	0.01109	0.00342	0.01160	0.01118	0.00776	0.01574
40	0.01780	0.01495	0.02179	0.02051	0.02193	0.01894	0.01638	0.02129	0.01730	0.02556	0.02520	0.03773	0.02378	0.06493	0.42906	0.01410	0.18177	0.01111	0.00555	0.01032
41	0.02524	0.02084	0.02271	0.02026	0.02570	0.02335	0.01575	0.08297	0.36617	0.04689	0.16973	0.04994	0.04985	0.01657	0.01153	0.00360	0.00800	0.01402	0.01131	0.01558
42	0.02281	0.01309	0.01778	0.01667	0.01926	0.01344	0.01245	0.02476	0.02078	0.13371	0.04174	0.14060	0.07358	0.11416	0.16085	0.08718	0.05257	0.01569	0.00834	0.01053
43	0.14258	0.02290	0.02676	0.17144	0.03949	0.08561	0.05727	0.03327	0.09160	0.03803	0.14300	0.03963	0.03706	0.01382	0.01067	0.00346	0.01140	0.01163	0.00781	0.01258
44	0.19658	0.07334	0.02482	0.01839	0.02416	0.02276	0.01521	0.07070	0.02585	0.16779	0.07375	0.07195	0.06451	0.01592	0.01316	0.00354	0.08294	0.01175	0.00916	0.01372
45	0.10557	0.41981	0.09939	0.01986	0.02918	0.03713	0.01988	0.03597	0.08586	0.03179	0.01930	0.02101	0.01616	0.01022	0.00783	0.00274	0.01135	0.00689	0.00571	0.01437
46	0.02772	0.02620	0.07531	0.15708	0.04445	0.02704	0.08050	0.08810	0.15930	0.07798	0.02811	0.03132	0.02099	0.01320	0.01447	0.00374	0.09075	0.01072	0.00782	0.01521
47	0.01899	0.01992	0.07883	0.22380	0.10084	0.01836	0.02205	0.02390	0.02055	0.02766	0.03029	0.13641	0.03103	0.17454	0.02311	0.00553	0.01209	0.01472	0.00623	0.01112
48	0.02935	0.44307	0.14761	0.02178	0.03229	0.03865	0.02294	0.09360	0.02599	0.03274	0.01737	0.01962	0.01453	0.01000	0.00812	0.00266	0.01253	0.00675	0.00544	0.01496
49	0.10770	0.12178	0.02984	0.20169	0.04025	0.06269	0.01942	0.02860	0.02320	0.03292	0.08157	0.06757	0.02827	0.01301	0.00969	0.00308	0.01117	0.01048	0.00650	0.10055

[dist]
