[name]
unknown

[dist]
# distance from previous block
# <min> <max>
0	245

[block]
# block no. 0 follows, 14 sequences, length 105
# corresponding to MSA columns:
# 287-391
name=unknown_A
#
# <colnr> <probs for GDERKNQSTAVLIFYWHMCP>
#	G	D	E	R	K	N	Q	S	T	A	V	L	I	F	Y	W	H	M	C	P
0	0.01589	0.01147	0.01572	0.01793	0.02021	0.01130	0.01534	0.02022	0.02327	0.03012	0.05787	0.15918	0.09434	0.02852	0.01394	0.00459	0.00886	0.43245	0.00946	0.00930
1	0.34531	0.02469	0.02364	0.01901	0.02637	0.02782	0.01569	0.30851	0.03424	0.05619	0.01993	0.02101	0.01457	0.01105	0.00848	0.00312	0.00977	0.00756	0.00848	0.01457
2	0.26362	0.01765	0.01757	0.01538	0.01951	0.02040	0.01229	0.10024	0.02276	0.04177	0.02278	0.02857	0.01875	0.05332	0.01383	0.00354	0.08900	0.00840	0.21936	0.01124
3	0.02439	0.01850	0.02074	0.01835	0.02339	0.02018	0.01430	0.07515	0.31862	0.08212	0.20786	0.04930	0.05074	0.01597	0.01095	0.00335	0.00733	0.01356	0.01086	0.01433
4	0.03085	0.02240	0.02475	0.02032	0.02709	0.02410	0.01627	0.21000	0.24077	0.10732	0.08361	0.03569	0.03098	0.01343	0.01031	0.00314	0.00889	0.01091	0.01037	0.06879
5	0.02609	0.52925	0.15827	0.01985	0.02989	0.03731	0.02155	0.03108	0.02101	0.02578	0.01508	0.01748	0.01314	0.00897	0.00721	0.00240	0.01180	0.00590	0.00438	0.01356
6	0.01415	0.01059	0.01332	0.01448	0.01630	0.01015	0.01053	0.01877	0.05855	0.03090	0.16166	0.36759	0.12938	0.02761	0.01272	0.00391	0.00615	0.07401	0.00993	0.00929
7	0.03613	0.01929	0.02301	0.01865	0.02535	0.01944	0.01506	0.13305	0.14482	0.29467	0.06706	0.03650	0.02937	0.01329	0.01014	0.00315	0.00846	0.01080	0.07574	0.01602
8	0.09042	0.11456	0.25358	0.10606	0.04039	0.16948	0.02716	0.03333	0.02288	0.03006	0.01687	0.02057	0.01299	0.00989	0.00900	0.00299	0.01462	0.00711	0.00480	0.01321
9	0.04309	0.01681	0.02287	0.01776	0.02518	0.01458	0.01458	0.04714	0.02934	0.53175	0.09007	0.03884	0.03209	0.01348	0.01049	0.00318	0.00837	0.01109	0.01257	0.01674
10	0.61576	0.01950	0.01634	0.01418	0.02076	0.02188	0.01169	0.03303	0.01918	0.12345	0.01807	0.01931	0.01318	0.00998	0.00692	0.00318	0.00805	0.00624	0.00727	0.01203
11	0.07593	0.01638	0.02297	0.08806	0.02920	0.01612	0.05461	0.03368	0.06200	0.21040	0.17544	0.04902	0.09197	0.01531	0.01080	0.00329	0.00855	0.01323	0.00991	0.01313
12	0.01760	0.01416	0.02119	0.01959	0.02196	0.01464	0.07369	0.06665	0.02208	0.02986	0.04289	0.40922	0.04875	0.02655	0.01641	0.05354	0.06099	0.02212	0.00829	0.00981
13	0.01382	0.01002	0.01321	0.01461	0.01623	0.00941	0.01087	0.01704	0.02312	0.03106	0.19126	0.34868	0.10746	0.02809	0.01300	0.00399	0.00633	0.12290	0.00997	0.00893
14	0.09345	0.02132	0.09481	0.01820	0.02498	0.01765	0.01651	0.06940	0.07148	0.20618	0.07251	0.03531	0.02803	0.02020	0.07884	0.00468	0.01106	0.01017	0.09129	0.01394
15	0.06818	0.03211	0.19971	0.14782	0.08412	0.02456	0.10571	0.10940	0.02624	0.07416	0.02098	0.02502	0.01515	0.01022	0.01015	0.00327	0.01352	0.00900	0.00615	0.01454
16	0.63271	0.02089	0.01693	0.01469	0.02125	0.02406	0.01210	0.09026	0.02109	0.04823	0.01551	0.01761	0.01186	0.00985	0.00681	0.00316	0.00833	0.00599	0.00681	0.01186
17	0.02471	0.02811	0.10902	0.20376	0.20514	0.06736	0.02732	0.07414	0.02466	0.03333	0.01895	0.02437	0.01482	0.00975	0.00977	0.00297	0.01289	0.00838	0.00541	0.09515
18	0.05640	0.01362	0.01970	0.02164	0.08441	0.01284	0.04491	0.02015	0.02168	0.03135	0.11450	0.35470	0.05435	0.02286	0.01165	0.00356	0.00750	0.02078	0.00847	0.07492
19	0.02027	0.01896	0.03117	0.49365	0.12569	0.02213	0.02732	0.02680	0.02093	0.02776	0.01836	0.02656	0.01413	0.00988	0.01000	0.00320	0.01294	0.00884	0.00476	0.07666
20	0.02147	0.02037	0.03455	0.42324	0.24579	0.02335	0.02954	0.02805	0.02151	0.02876	0.01861	0.02668	0.01457	0.00987	0.01023	0.00329	0.01316	0.00913	0.00474	0.01308
21	0.01389	0.01063	0.01303	0.01306	0.01568	0.00934	0.00944	0.01709	0.02364	0.03200	0.22769	0.27830	0.18470	0.02490	0.01205	0.00346	0.00558	0.02194	0.00977	0.07381
22	0.03901	0.02874	0.03080	0.02361	0.03182	0.03182	0.01951	0.54111	0.04825	0.06468	0.02464	0.02464	0.01745	0.01232	0.01027	0.00308	0.01129	0.00924	0.01027	0.01745
23	0.02128	0.01824	0.02128	0.01520	0.02432	0.01368	0.01216	0.02584	0.02128	0.03344	0.01824	0.02128	0.01520	0.00760	0.00760	0.00152	0.00760	0.00608	0.00608	0.70208
24	0.01623	0.01256	0.01649	0.01566	0.01621	0.01475	0.01117	0.01773	0.01554	0.02195	0.02743	0.05094	0.02946	0.35749	0.21188	0.01090	0.12725	0.01266	0.00569	0.00802
25	0.01449	0.00977	0.01132	0.01175	0.01186	0.00966	0.00681	0.01481	0.01577	0.02103	0.03669	0.16888	0.04281	0.53012	0.04519	0.00891	0.00923	0.01749	0.00681	0.00660
26	0.01452	0.01049	0.01372	0.01291	0.01533	0.00968	0.00968	0.01937	0.02905	0.04115	0.56992	0.07666	0.09683	0.02098	0.01210	0.00323	0.00484	0.01856	0.01130	0.00968
27	0.02165	0.01857	0.02145	0.01569	0.02452	0.01470	0.01251	0.02831	0.06745	0.03426	0.02027	0.02275	0.01659	0.00815	0.00784	0.00169	0.00764	0.00656	0.00646	0.64295
28	0.02071	0.01959	0.03318	0.49315	0.18185	0.02315	0.02916	0.02738	0.02115	0.02783	0.01847	0.02693	0.01425	0.01001	0.01024	0.00334	0.01335	0.00913	0.00467	0.01247
29	0.01379	0.01160	0.01210	0.01177	0.01535	0.01051	0.00889	0.01936	0.07883	0.03086	0.15237	0.08995	0.45995	0.02416	0.01195	0.00344	0.00546	0.02026	0.00983	0.00956
30	0.01250	0.00893	0.01191	0.01429	0.01488	0.00834	0.00953	0.01429	0.01965	0.02620	0.05656	0.63265	0.06787	0.03215	0.01310	0.00417	0.00595	0.02917	0.00953	0.00834
31	0.02825	0.01573	0.01959	0.01565	0.02205	0.01368	0.01246	0.03430	0.06120	0.22354	0.15861	0.04142	0.03984	0.01325	0.00974	0.00268	0.00715	0.01110	0.06282	0.20694
32	0.03841	0.04654	0.02928	0.02611	0.03174	0.53154	0.01979	0.09980	0.03134	0.02977	0.01689	0.01923	0.01372	0.01078	0.00937	0.00270	0.01766	0.00692	0.00587	0.01255
33	0.03024	0.01636	0.02124	0.01939	0.02459	0.01600	0.01648	0.11038	0.02937	0.22820	0.04499	0.07372	0.04100	0.02046	0.01224	0.00393	0.00948	0.25776	0.01071	0.01346
34	0.08957	0.01775	0.02281	0.01745	0.02546	0.01543	0.01436	0.04492	0.02729	0.46080	0.03524	0.03156	0.02284	0.01170	0.00962	0.00292	0.00850	0.00934	0.01124	0.12118
35	0.04522	0.01879	0.02464	0.01889	0.02686	0.01705	0.01560	0.10777	0.03159	0.52155	0.03862	0.03372	0.02447	0.01266	0.01031	0.00316	0.00903	0.01019	0.01241	0.01746
36	0.71184	0.01985	0.01508	0.01350	0.01985	0.02302	0.01111	0.03017	0.01746	0.04604	0.01429	0.01667	0.01111	0.00953	0.00635	0.00318	0.00794	0.00556	0.00635	0.01111
37	0.03834	0.02193	0.02640	0.10227	0.03305	0.08689	0.01846	0.04232	0.02631	0.36639	0.03094	0.03030	0.02077	0.01282	0.01329	0.00332	0.09188	0.00954	0.00962	0.01515
38	0.01383	0.01029	0.01287	0.01259	0.01500	0.00933	0.00931	0.01789	0.02687	0.03684	0.42082	0.14625	0.18374	0.02325	0.01223	0.00338	0.00504	0.02040	0.01075	0.00933
39	0.03984	0.02742	0.02998	0.02298	0.03116	0.02986	0.01899	0.48336	0.04603	0.12557	0.02650	0.02585	0.01839	0.01236	0.01027	0.00309	0.01099	0.00937	0.01055	0.01745
40	0.01692	0.01297	0.01513	0.01530	0.01873	0.01251	0.01247	0.07898	0.02615	0.03306	0.07345	0.13143	0.28652	0.02565	0.01272	0.00392	0.00751	0.19703	0.00959	0.00996
41	0.03242	0.16279	0.03317	0.22679	0.04179	0.02368	0.02035	0.03723	0.02431	0.25887	0.02665	0.02802	0.01848	0.01094	0.00944	0.00303	0.01098	0.00878	0.00793	0.01435
42	0.02107	0.01912	0.02700	0.02366	0.02377	0.02591	0.01923	0.02210	0.01531	0.02331	0.01518	0.02525	0.01507	0.02502	0.06961	0.14078	0.46520	0.00909	0.00455	0.00978
43	0.52825	0.07781	0.02112	0.01605	0.02261	0.09277	0.01326	0.06593	0.02120	0.04295	0.01517	0.01741	0.01197	0.00977	0.00698	0.00302	0.00967	0.00592	0.00632	0.01181
44	0.01364	0.00941	0.01157	0.01283	0.01315	0.00910	0.00797	0.01459	0.01742	0.02323	0.04515	0.36641	0.05348	0.31803	0.03152	0.00689	0.00783	0.02246	0.00797	0.00734
45	0.02204	0.02281	0.04367	0.31050	0.05959	0.02444	0.25818	0.03140	0.06334	0.03051	0.02119	0.02834	0.01589	0.00981	0.01111	0.00344	0.01489	0.01066	0.00530	0.01288
46	0.71184	0.01985	0.01508	0.01350	0.01985	0.02302	0.01111	0.03017	0.01746	0.04604	0.01429	0.01667	0.01111	0.00953	0.00635	0.00318	0.00794	0.00556	0.00635	0.01111
47	0.02092	0.01775	0.02092	0.01548	0.02409	0.01354	0.01250	0.02549	0.02146	0.03323	0.02101	0.02853	0.01857	0.00919	0.00810	0.00177	0.00774	0.04446	0.00634	0.64893
48	0.03508	0.04051	0.02669	0.02399	0.02929	0.43213	0.01820	0.07943	0.09191	0.03148	0.02123	0.02315	0.01690	0.01123	0.00928	0.00275	0.01544	0.00768	0.07100	0.01262
49	0.01796	0.01666	0.02459	0.07284	0.02705	0.02037	0.04889	0.02085	0.01864	0.02610	0.03664	0.24652	0.07589	0.02240	0.02134	0.00414	0.26486	0.01736	0.00672	0.01017
50	0.04055	0.01762	0.02249	0.01779	0.02489	0.01638	0.01452	0.07585	0.07894	0.43788	0.03886	0.03504	0.02560	0.01271	0.00996	0.00311	0.00836	0.01029	0.09275	0.01642
51	0.03080	0.01814	0.02270	0.01774	0.02444	0.01695	0.01438	0.09355	0.02821	0.22758	0.12529	0.03642	0.03350	0.01312	0.01167	0.00281	0.05506	0.01038	0.00967	0.20759
52	0.04088	0.02387	0.02755	0.02133	0.02927	0.02483	0.01755	0.31594	0.07454	0.26664	0.03200	0.02959	0.02149	0.01258	0.01030	0.00314	0.01008	0.00982	0.01123	0.01738
53	0.02553	0.02204	0.02320	0.02088	0.02669	0.02553	0.01624	0.05453	0.55679	0.04293	0.04177	0.03829	0.03133	0.01392	0.01044	0.00348	0.00812	0.01160	0.01044	0.01624
54	0.04604	0.01746	0.02382	0.01826	0.02620	0.01508	0.01508	0.05001	0.02937	0.58244	0.04049	0.03493	0.02540	0.01270	0.01032	0.00318	0.00873	0.01032	0.01270	0.01746
55	0.01913	0.00956	0.00956	0.00956	0.01196	0.00956	0.00717	0.02391	0.02152	0.03826	0.03348	0.03826	0.02630	0.01196	0.00717	0.00239	0.00478	0.00956	0.69632	0.00956
56	0.04604	0.01746	0.02382	0.01826	0.02620	0.01508	0.01508	0.05001	0.02937	0.58244	0.04049	0.03493	0.02540	0.01270	0.01032	0.00318	0.00873	0.01032	0.01270	0.01746
57	0.03370	0.02171	0.02455	0.02052	0.02733	0.02339	0.01640	0.12794	0.32177	0.20677	0.03876	0.03519	0.02743	0.01331	0.01038	0.00333	0.00879	0.01086	0.01109	0.01679
58	0.61945	0.02107	0.01724	0.01488	0.02149	0.02423	0.01227	0.10032	0.02169	0.04860	0.01571	0.01776	0.01198	0.00991	0.00689	0.00316	0.00840	0.00606	0.00689	0.01198
59	0.12082	0.01662	0.02118	0.01702	0.02384	0.01515	0.01382	0.04283	0.02718	0.43915	0.07429	0.08152	0.03178	0.01438	0.01018	0.00326	0.00816	0.01176	0.01160	0.01548
60	0.02288	0.07618	0.03336	0.02613	0.02689	0.03222	0.02203	0.02522	0.01616	0.02465	0.01354	0.02194	0.01345	0.01717	0.03134	0.00429	0.56800	0.00868	0.00448	0.01139
61	0.04235	0.01638	0.02186	0.01706	0.02424	0.01433	0.01400	0.04643	0.02829	0.50772	0.03952	0.03539	0.02553	0.01260	0.00989	0.00307	0.00819	0.01022	0.10657	0.01638
62	0.01248	0.01022	0.01100	0.01121	0.01418	0.00875	0.00825	0.01525	0.02362	0.02921	0.15636	0.16396	0.44761	0.02615	0.01225	0.00352	0.00525	0.02223	0.00975	0.00875
63	0.64948	0.01962	0.01590	0.01394	0.02044	0.02228	0.01149	0.03202	0.01858	0.09628	0.01674	0.01838	0.01245	0.00982	0.00672	0.00318	0.00801	0.00600	0.00695	0.01171
64	0.02691	0.59997	0.09471	0.01846	0.02773	0.03932	0.01912	0.03086	0.02091	0.02479	0.01459	0.01686	0.01316	0.00885	0.00683	0.00228	0.01130	0.00565	0.00439	0.01332
65	0.04604	0.01746	0.02382	0.01826	0.02620	0.01508	0.01508	0.05001	0.02937	0.58244	0.04049	0.03493	0.02540	0.01270	0.01032	0.00318	0.00873	0.01032	0.01270	0.01746
66	0.01987	0.01123	0.01361	0.01273	0.01413	0.01099	0.00814	0.02078	0.01735	0.10997	0.03326	0.05995	0.03451	0.49619	0.08747	0.00937	0.01110	0.01389	0.00720	0.00824
67	0.02285	0.02156	0.02970	0.40462	0.09691	0.07210	0.02528	0.07965	0.02424	0.03063	0.02236	0.08286	0.01930	0.01246	0.01043	0.00336	0.01301	0.01080	0.00571	0.01215
68	0.02913	0.01484	0.01894	0.01702	0.02208	0.01390	0.01366	0.03566	0.08820	0.26904	0.05407	0.14398	0.11336	0.02013	0.01163	0.00366	0.00789	0.09838	0.01099	0.01344
69	0.01304	0.01023	0.01180	0.01184	0.01453	0.00899	0.00871	0.01634	0.02491	0.03235	0.26516	0.16411	0.33134	0.02503	0.01225	0.00348	0.00517	0.02157	0.01017	0.00899
70	0.02846	0.02348	0.04625	0.14529	0.05037	0.02279	0.31821	0.03567	0.02474	0.16149	0.02495	0.02933	0.01754	0.00991	0.01134	0.00339	0.01459	0.01112	0.00685	0.01424
71	0.08404	0.01814	0.02812	0.46812	0.05847	0.02261	0.02510	0.02567	0.01976	0.02794	0.01999	0.06584	0.01699	0.01230	0.01210	0.00354	0.06496	0.01010	0.00505	0.01116
72	0.71184	0.01985	0.01508	0.01350	0.01985	0.02302	0.01111	0.03017	0.01746	0.04604	0.01429	0.01667	0.01111	0.00953	0.00635	0.00318	0.00794	0.00556	0.00635	0.01111
73	0.02552	0.48005	0.20248	0.02082	0.03139	0.03592	0.02324	0.03122	0.02108	0.02648	0.01543	0.01792	0.01312	0.00905	0.00747	0.00249	0.01215	0.00607	0.00437	0.01373
74	0.04362	0.01693	0.02304	0.01785	0.02536	0.01467	0.01467	0.04766	0.02935	0.54091	0.08111	0.03813	0.03088	0.01334	0.01046	0.00318	0.00843	0.01095	0.01259	0.01687
75	0.02782	0.43848	0.13147	0.02057	0.02991	0.07625	0.02094	0.06678	0.05083	0.02916	0.01712	0.01907	0.01436	0.00956	0.00771	0.00251	0.01203	0.00645	0.00514	0.01383
76	0.01621	0.01065	0.01403	0.01353	0.01596	0.00978	0.01001	0.02040	0.02724	0.07393	0.43525	0.18196	0.08649	0.02260	0.01218	0.00341	0.00531	0.02008	0.01105	0.00993
77	0.01638	0.01171	0.01632	0.01844	0.02081	0.01165	0.01601	0.02112	0.02404	0.03151	0.09390	0.11276	0.06196	0.02778	0.01402	0.00461	0.00910	0.46884	0.00959	0.00947
78	0.01333	0.00981	0.01248	0.01316	0.01494	0.00896	0.00936	0.01654	0.02423	0.03287	0.28500	0.31898	0.14950	0.02648	0.01254	0.00366	0.00537	0.02355	0.01029	0.00896
79	0.04102	0.01620	0.02177	0.01709	0.02408	0.01415	0.01397	0.04513	0.02874	0.48990	0.08953	0.03909	0.03216	0.01342	0.01025	0.00312	0.00806	0.01103	0.06514	0.01613
80	0.71184	0.01985	0.01508	0.01350	0.01985	0.02302	0.01111	0.03017	0.01746	0.04604	0.01429	0.01667	0.01111	0.00953	0.00635	0.00318	0.00794	0.00556	0.00635	0.01111
81	0.53628	0.01922	0.01739	0.01475	0.02152	0.02093	0.01216	0.03540	0.02060	0.18748	0.02120	0.02149	0.01488	0.01036	0.00740	0.00318	0.00815	0.00681	0.00803	0.01279
82	0.03827	0.02110	0.02500	0.02013	0.02745	0.02162	0.01631	0.14781	0.19729	0.31284	0.03777	0.03395	0.02569	0.01301	0.01035	0.00325	0.00904	0.01051	0.01152	0.01708
83	0.02058	0.05308	0.58618	0.02925	0.04442	0.02383	0.03792	0.03250	0.02167	0.03250	0.01842	0.02167	0.01300	0.00975	0.00975	0.00325	0.01517	0.00758	0.00433	0.01517
84	0.13444	0.02264	0.02562	0.01991	0.02775	0.02337	0.01644	0.25851	0.03586	0.28610	0.03007	0.02800	0.02002	0.01210	0.00975	0.00313	0.00972	0.00920	0.01078	0.01659
85	0.02454	0.01218	0.01325	0.01190	0.01554	0.01207	0.00926	0.06744	0.02471	0.11873	0.03381	0.03673	0.02549	0.01209	0.00786	0.00256	0.00585	0.00965	0.54502	0.01131
86	0.01315	0.01026	0.01193	0.01188	0.01458	0.00904	0.00877	0.01656	0.02525	0.03301	0.28798	0.15256	0.31898	0.02468	0.01223	0.00345	0.00514	0.02128	0.01025	0.00904
87	0.02744	0.64552	0.05378	0.01756	0.02634	0.04061	0.01756	0.03073	0.02085	0.02414	0.01427	0.01646	0.01317	0.00878	0.00658	0.00219	0.01097	0.00549	0.00439	0.01317
88	0.04182	0.01792	0.02349	0.01829	0.02583	0.01600	0.01493	0.08863	0.02990	0.47009	0.03894	0.07289	0.02696	0.01367	0.01035	0.00314	0.00871	0.01124	0.01191	0.05532
89	0.01377	0.01046	0.01267	0.01212	0.01487	0.00936	0.00909	0.01790	0.02727	0.03692	0.42308	0.08362	0.24631	0.02256	0.01211	0.00330	0.00495	0.01954	0.01074	0.00936
90	0.08646	0.02479	0.02766	0.02134	0.02934	0.02625	0.01762	0.36068	0.04056	0.21733	0.02865	0.02716	0.01939	0.01224	0.01002	0.00311	0.01031	0.00931	0.01073	0.01703
91	0.01291	0.00936	0.01189	0.01353	0.01445	0.00885	0.00905	0.01466	0.01926	0.02537	0.05716	0.45849	0.12047	0.11780	0.05128	0.00558	0.00763	0.02530	0.00884	0.00813
92	0.13018	0.01549	0.01885	0.01628	0.02168	0.01483	0.01279	0.03638	0.05793	0.29261	0.10062	0.16354	0.04083	0.01737	0.01055	0.00341	0.00755	0.01464	0.01082	0.01366
93	0.54412	0.02030	0.01793	0.01519	0.02197	0.02260	0.01252	0.08114	0.02222	0.13214	0.01938	0.02029	0.01395	0.01029	0.00734	0.00317	0.00838	0.00665	0.00772	0.01271
94	0.01492	0.00995	0.01119	0.01119	0.01119	0.00995	0.00622	0.01492	0.01492	0.01990	0.03233	0.06716	0.03731	0.63935	0.05223	0.00995	0.00995	0.01492	0.00622	0.00622
95	0.13124	0.02324	0.02675	0.09029	0.03322	0.02503	0.01821	0.27751	0.03565	0.19749	0.02674	0.02664	0.01828	0.01180	0.00974	0.00316	0.01042	0.00901	0.00971	0.01587
96	0.02149	0.02011	0.03240	0.41743	0.18206	0.02349	0.02775	0.03077	0.08425	0.02987	0.02125	0.02819	0.01635	0.01043	0.01026	0.00334	0.01268	0.00942	0.00537	0.01309
97	0.02215	0.01167	0.01574	0.01560	0.01854	0.01062	0.01165	0.02514	0.02372	0.17865	0.11240	0.36118	0.05904	0.02525	0.01232	0.00384	0.00688	0.06397	0.01059	0.01106
98	0.02315	0.02307	0.03450	0.36789	0.24668	0.07297	0.02882	0.02937	0.02227	0.02872	0.01841	0.02590	0.01456	0.00989	0.01014	0.00322	0.01357	0.00891	0.00481	0.01317
99	0.04604	0.01746	0.02382	0.01826	0.02620	0.01508	0.01508	0.05001	0.02937	0.58244	0.04049	0.03493	0.02540	0.01270	0.01032	0.00318	0.00873	0.01032	0.01270	0.01746
100	0.01250	0.00893	0.01191	0.01429	0.01488	0.00834	0.00953	0.01429	0.01965	0.02620	0.05656	0.63265	0.06787	0.03215	0.01310	0.00417	0.00595	0.02917	0.00953	0.00834
101	0.03872	0.02588	0.02862	0.02231	0.03018	0.02800	0.01831	0.39346	0.10458	0.15746	0.02957	0.02814	0.02055	0.01258	0.01030	0.00314	0.01045	0.00972	0.01074	0.01731
102	0.09359	0.10248	0.02586	0.01893	0.02525	0.02335	0.01571	0.04416	0.25445	0.15988	0.03673	0.04172	0.02896	0.01425	0.00996	0.00336	0.00878	0.06811	0.00964	0.01483
103	0.07025	0.02044	0.02726	0.17609	0.08523	0.02129	0.02005	0.10855	0.06497	0.17524	0.02627	0.02805	0.01869	0.01094	0.00970	0.00302	0.01043	0.00901	0.00819	0.10633
104	0.11634	0.01482	0.01856	0.01650	0.01987	0.01615	0.01281	0.02483	0.01828	0.10120	0.02491	0.03549	0.02227	0.11886	0.20681	0.05436	0.08661	0.00985	0.00654	0.07497

[dist]
# distance from previous block
# <min> <max>
0	36

[block]
# block no. 1 follows, 14 sequences, length 21
# corresponding to MSA columns:
# 428-448
name=unknown_B
#
# <colnr> <probs for GDERKNQSTAVLIFYWHMCP>
#	G	D	E	R	K	N	Q	S	T	A	V	L	I	F	Y	W	H	M	C	P
0	0.03792	0.01632	0.02245	0.07252	0.02833	0.01478	0.01525	0.04213	0.02805	0.43608	0.09316	0.04319	0.07419	0.01430	0.01062	0.00323	0.00855	0.01188	0.01156	0.01547
1	0.03447	0.02126	0.02346	0.01863	0.02511	0.02251	0.01518	0.30711	0.03727	0.14607	0.02992	0.03035	0.02138	0.01228	0.00938	0.00290	0.00897	0.00952	0.20907	0.01517
2	0.01904	0.01760	0.02933	0.48530	0.11028	0.02106	0.02631	0.02516	0.02067	0.02690	0.02333	0.10597	0.02097	0.01301	0.01062	0.00348	0.01254	0.01173	0.00525	0.01145
3	0.02128	0.01824	0.02128	0.01520	0.02432	0.01368	0.01216	0.02584	0.02128	0.03344	0.01824	0.02128	0.01520	0.00760	0.00760	0.00152	0.00760	0.00608	0.00608	0.70208
4	0.01461	0.00982	0.01129	0.01160	0.01167	0.00974	0.00665	0.01484	0.01554	0.02072	0.03549	0.14077	0.04129	0.56030	0.04714	0.00920	0.00943	0.01678	0.00665	0.00649
5	0.02744	0.64552	0.05378	0.01756	0.02634	0.04061	0.01756	0.03073	0.02085	0.02414	0.01427	0.01646	0.01317	0.00878	0.00658	0.00219	0.01097	0.00549	0.00439	0.01317
6	0.03466	0.01912	0.02783	0.11671	0.13533	0.01882	0.02004	0.07895	0.02837	0.30423	0.08106	0.03506	0.02792	0.01240	0.01044	0.00319	0.00997	0.01060	0.00972	0.01560
7	0.09550	0.13661	0.03065	0.15411	0.03535	0.10057	0.01915	0.03236	0.05607	0.07975	0.02085	0.02692	0.01725	0.05857	0.01526	0.00368	0.09059	0.00847	0.00606	0.01223
8	0.01938	0.01824	0.03078	0.61468	0.07068	0.02280	0.02850	0.02622	0.02052	0.02622	0.01824	0.02736	0.01368	0.01026	0.01026	0.00342	0.01368	0.00912	0.00456	0.01140
9	0.09380	0.41754	0.04186	0.01741	0.02535	0.03380	0.01626	0.09786	0.02471	0.06888	0.01878	0.02039	0.01532	0.00981	0.00733	0.00248	0.01012	0.00660	0.05817	0.01354
10	0.71184	0.01985	0.01508	0.01350	0.01985	0.02302	0.01111	0.03017	0.01746	0.04604	0.01429	0.01667	0.01111	0.00953	0.00635	0.00318	0.00794	0.00556	0.00635	0.01111
11	0.01492	0.00995	0.01119	0.01119	0.01119	0.00995	0.00622	0.01492	0.01492	0.01990	0.03233	0.06716	0.03731	0.63935	0.05223	0.00995	0.00995	0.01492	0.00622	0.00622
12	0.01452	0.01049	0.01372	0.01291	0.01533	0.00968	0.00968	0.01937	0.02905	0.04115	0.56992	0.07666	0.09683	0.02098	0.01210	0.00323	0.00484	0.01856	0.01130	0.00968
13	0.01523	0.01110	0.01489	0.01695	0.01914	0.01077	0.01412	0.01914	0.02287	0.02950	0.06120	0.20762	0.12733	0.02873	0.01371	0.00446	0.00826	0.35635	0.00947	0.00914
14	0.71184	0.01985	0.01508	0.01350	0.01985	0.02302	0.01111	0.03017	0.01746	0.04604	0.01429	0.01667	0.01111	0.00953	0.00635	0.00318	0.00794	0.00556	0.00635	0.01111
15	0.02058	0.05308	0.58618	0.02925	0.04442	0.02383	0.03792	0.03250	0.02167	0.03250	0.01842	0.02167	0.01300	0.00975	0.00975	0.00325	0.01517	0.00758	0.00433	0.01517
16	0.71184	0.01985	0.01508	0.01350	0.01985	0.02302	0.01111	0.03017	0.01746	0.04604	0.01429	0.01667	0.01111	0.00953	0.00635	0.00318	0.00794	0.00556	0.00635	0.01111
17	0.04538	0.01852	0.02447	0.01876	0.02673	0.01666	0.01550	0.09613	0.03114	0.53382	0.03900	0.03396	0.02466	0.01267	0.01031	0.00317	0.00897	0.01022	0.01247	0.01746
18	0.66193	0.01967	0.01574	0.01385	0.02032	0.02243	0.01141	0.03165	0.01836	0.08625	0.01625	0.01804	0.01218	0.00976	0.00665	0.00318	0.00800	0.00591	0.00683	0.01159
19	0.01684	0.01118	0.01439	0.01375	0.01672	0.01023	0.01073	0.02130	0.02759	0.07887	0.39921	0.08161	0.15124	0.02200	0.01224	0.00345	0.00578	0.08185	0.01092	0.01010
20	0.01266	0.00905	0.01204	0.01418	0.01492	0.00844	0.00954	0.01467	0.02036	0.02733	0.09535	0.59064	0.07006	0.03131	0.01302	0.00410	0.00587	0.02837	0.00966	0.00844

[dist]
# distance from previous block
# <min> <max>
0	20

[block]
# block no. 2 follows, 14 sequences, length 35
# corresponding to MSA columns:
# 469-503
name=unknown_C
#
# <colnr> <probs for GDERKNQSTAVLIFYWHMCP>
#	G	D	E	R	K	N	Q	S	T	A	V	L	I	F	Y	W	H	M	C	P
0	0.02149	0.01818	0.03023	0.56749	0.06716	0.02219	0.02744	0.02810	0.02122	0.07023	0.02000	0.02796	0.01461	0.01045	0.01026	0.00340	0.01329	0.00921	0.00520	0.01188
1	0.71184	0.01985	0.01508	0.01350	0.01985	0.02302	0.01111	0.03017	0.01746	0.04604	0.01429	0.01667	0.01111	0.00953	0.00635	0.00318	0.00794	0.00556	0.00635	0.01111
2	0.01496	0.01080	0.01620	0.01620	0.01786	0.01246	0.01246	0.01786	0.01620	0.02326	0.02658	0.03946	0.02492	0.07310	0.54647	0.08052	0.02575	0.01080	0.00540	0.00872
3	0.65803	0.01965	0.01579	0.01388	0.02036	0.02238	0.01143	0.03177	0.01843	0.08939	0.01641	0.01815	0.01227	0.00978	0.00667	0.00318	0.00800	0.00594	0.00686	0.01163
4	0.02319	0.01555	0.02201	0.07499	0.02794	0.01588	0.05228	0.06216	0.07171	0.11400	0.04253	0.18898	0.04133	0.02035	0.01177	0.00378	0.00917	0.13202	0.05837	0.01199
5	0.04067	0.02609	0.02915	0.02235	0.03050	0.02788	0.01846	0.42536	0.04380	0.18672	0.02837	0.02706	0.01933	0.01241	0.01028	0.00310	0.01069	0.00949	0.01084	0.01745
6	0.45379	0.02351	0.02003	0.01691	0.02368	0.07399	0.01377	0.11571	0.02505	0.12044	0.01966	0.02060	0.01427	0.01050	0.00778	0.00311	0.00951	0.00689	0.00775	0.01307
7	0.02744	0.64552	0.05378	0.01756	0.02634	0.04061	0.01756	0.03073	0.02085	0.02414	0.01427	0.01646	0.01317	0.00878	0.00658	0.00219	0.01097	0.00549	0.00439	0.01317
8	0.17351	0.01893	0.02276	0.01782	0.02548	0.01811	0.01471	0.09011	0.02877	0.43294	0.03403	0.03050	0.02194	0.01206	0.00955	0.00317	0.00881	0.00931	0.01126	0.01624
9	0.02100	0.02040	0.02601	0.02308	0.02386	0.06213	0.01860	0.02341	0.01670	0.02410	0.01856	0.03030	0.01840	0.08597	0.16564	0.00765	0.38909	0.00982	0.00493	0.01035
10	0.02245	0.02245	0.03143	0.02694	0.02694	0.03143	0.02245	0.02470	0.01572	0.02470	0.01347	0.02245	0.01347	0.01796	0.03368	0.00449	0.62057	0.00898	0.00449	0.01123
11	0.01624	0.01106	0.01314	0.01227	0.01564	0.00971	0.00932	0.02001	0.02657	0.08287	0.31708	0.08277	0.30047	0.02247	0.01196	0.00333	0.00534	0.01921	0.01064	0.00992
12	0.02553	0.02204	0.02320	0.02088	0.02669	0.02553	0.01624	0.05453	0.55679	0.04293	0.04177	0.03829	0.03133	0.01392	0.01044	0.00348	0.00812	0.01160	0.01044	0.01624
13	0.02488	0.02466	0.04841	0.12490	0.09688	0.02529	0.31917	0.03193	0.02290	0.06840	0.02070	0.02728	0.01576	0.01036	0.01423	0.00353	0.09069	0.01090	0.00551	0.01362
14	0.02490	0.01813	0.02165	0.01565	0.02459	0.01389	0.01259	0.02938	0.02246	0.11380	0.02150	0.02328	0.01669	0.00835	0.00800	0.00176	0.00777	0.00670	0.00705	0.60188
15	0.02478	0.07960	0.02857	0.01996	0.02635	0.02386	0.01664	0.10139	0.02362	0.03468	0.01746	0.02165	0.01485	0.01132	0.01524	0.00265	0.18120	0.00730	0.00609	0.34278
16	0.02395	0.02200	0.07253	0.06003	0.03005	0.01660	0.01631	0.06453	0.02370	0.07083	0.02016	0.02288	0.01572	0.00865	0.00835	0.00203	0.00904	0.00693	0.00655	0.49918
17	0.07380	0.54763	0.05174	0.01958	0.02834	0.03810	0.06367	0.03088	0.02092	0.02642	0.01485	0.01748	0.01324	0.00882	0.00706	0.00237	0.01133	0.00608	0.00460	0.01309
18	0.71184	0.01985	0.01508	0.01350	0.01985	0.02302	0.01111	0.03017	0.01746	0.04604	0.01429	0.01667	0.01111	0.00953	0.00635	0.00318	0.00794	0.00556	0.00635	0.01111
19	0.02586	0.06698	0.10774	0.15788	0.03730	0.02016	0.02115	0.07796	0.02559	0.14237	0.03757	0.08061	0.08157	0.01539	0.01066	0.00340	0.01074	0.05591	0.00794	0.01320
20	0.71184	0.01985	0.01508	0.01350	0.01985	0.02302	0.01111	0.03017	0.01746	0.04604	0.01429	0.01667	0.01111	0.00953	0.00635	0.00318	0.00794	0.00556	0.00635	0.01111
21	0.04604	0.01746	0.02382	0.01826	0.02620	0.01508	0.01508	0.05001	0.02937	0.58244	0.04049	0.03493	0.02540	0.01270	0.01032	0.00318	0.00873	0.01032	0.01270	0.01746
22	0.03258	0.01915	0.02966	0.13068	0.08729	0.01888	0.07290	0.07295	0.02743	0.27056	0.06586	0.07031	0.02799	0.01320	0.01076	0.00329	0.01059	0.01178	0.00931	0.01485
23	0.01713	0.01175	0.01712	0.14506	0.02806	0.01211	0.01417	0.02022	0.02075	0.07820	0.04674	0.44531	0.05213	0.02558	0.01222	0.00391	0.00789	0.02306	0.00874	0.00985
24	0.04029	0.01578	0.02077	0.01640	0.02315	0.01390	0.01339	0.04444	0.02769	0.46617	0.03899	0.03564	0.02560	0.01254	0.00965	0.00301	0.00789	0.01016	0.15876	0.01578
25	0.01654	0.01181	0.01654	0.01890	0.02126	0.01181	0.01654	0.02126	0.02362	0.03071	0.05433	0.11576	0.05906	0.02835	0.01417	0.00472	0.00945	0.50626	0.00945	0.00945
26	0.02122	0.01787	0.02920	0.35214	0.09938	0.01967	0.04965	0.02717	0.02232	0.06701	0.07129	0.07479	0.02612	0.01254	0.01050	0.00326	0.01158	0.01138	0.00626	0.06666
27	0.06641	0.02403	0.02817	0.30451	0.04850	0.11372	0.02245	0.08208	0.02624	0.15149	0.02308	0.02678	0.01637	0.01099	0.00991	0.00320	0.01285	0.00880	0.00707	0.01335
28	0.04604	0.01746	0.02382	0.01826	0.02620	0.01508	0.01508	0.05001	0.02937	0.58244	0.04049	0.03493	0.02540	0.01270	0.01032	0.00318	0.00873	0.01032	0.01270	0.01746
29	0.01309	0.00935	0.01259	0.01496	0.01582	0.00884	0.01055	0.01531	0.02023	0.02686	0.05624	0.55699	0.06658	0.03159	0.01326	0.00425	0.00647	0.09900	0.00951	0.00850
30	0.02426	0.02251	0.11583	0.31022	0.04920	0.01945	0.02448	0.03103	0.02377	0.14226	0.10500	0.03533	0.02834	0.01227	0.01047	0.00331	0.01160	0.01052	0.00718	0.01298
31	0.15892	0.35278	0.04108	0.01917	0.02701	0.03211	0.06951	0.07059	0.02278	0.03379	0.01756	0.02035	0.01459	0.00949	0.00746	0.00260	0.01049	0.00687	0.06999	0.01285
32	0.13877	0.02097	0.02453	0.01908	0.02687	0.02091	0.01576	0.18492	0.03297	0.36094	0.03232	0.02945	0.02114	0.01214	0.00974	0.00315	0.00934	0.00934	0.01112	0.01656
33	0.59510	0.01880	0.01583	0.06072	0.02316	0.02180	0.01214	0.02929	0.01807	0.04378	0.01632	0.01945	0.01268	0.00980	0.00673	0.00312	0.00811	0.00620	0.06791	0.01100
34	0.01432	0.01060	0.01257	0.01304	0.01529	0.00999	0.00940	0.01913	0.05820	0.03258	0.20154	0.27024	0.19150	0.02491	0.01196	0.00356	0.00552	0.02184	0.06440	0.00939

[dist]
# distance from previous block
# <min> <max>
0	1

[block]
# block no. 3 follows, 14 sequences, length 19
# corresponding to MSA columns:
# 505-523
name=unknown_D
#
# <colnr> <probs for GDERKNQSTAVLIFYWHMCP>
#	G	D	E	R	K	N	Q	S	T	A	V	L	I	F	Y	W	H	M	C	P
0	0.09194	0.17859	0.11894	0.09840	0.03537	0.02761	0.02145	0.13304	0.02756	0.14096	0.02239	0.02378	0.01617	0.01062	0.00895	0.00296	0.01134	0.00793	0.00729	0.01470
1	0.02424	0.01790	0.02106	0.01638	0.02408	0.01521	0.01292	0.03227	0.10506	0.10269	0.02806	0.07997	0.02365	0.01140	0.00887	0.00227	0.00768	0.00952	0.00789	0.44889
2	0.07908	0.12937	0.10995	0.08779	0.07557	0.02407	0.05425	0.03473	0.08898	0.11088	0.02748	0.08673	0.02291	0.01269	0.00969	0.00319	0.01093	0.01070	0.00711	0.01389
3	0.02822	0.34729	0.08641	0.02139	0.02913	0.10308	0.05231	0.03254	0.02237	0.06257	0.01832	0.02118	0.01514	0.01027	0.00988	0.00267	0.05850	0.00711	0.05856	0.01306
4	0.01363	0.01032	0.01256	0.01228	0.01485	0.00926	0.00910	0.01753	0.02652	0.03581	0.38490	0.13270	0.23614	0.02347	0.01220	0.00338	0.00505	0.02043	0.01061	0.00926
5	0.20755	0.01801	0.02087	0.05482	0.02617	0.01818	0.01433	0.07777	0.02630	0.30651	0.03042	0.02948	0.02057	0.01163	0.00893	0.00309	0.00857	0.00887	0.09340	0.01452
6	0.01563	0.01242	0.01835	0.01780	0.01940	0.01515	0.01403	0.01912	0.01640	0.02393	0.02574	0.03809	0.02414	0.06961	0.52826	0.01500	0.10141	0.01074	0.00537	0.00942
7	0.01336	0.01035	0.01217	0.01192	0.01467	0.00916	0.00886	0.01704	0.02600	0.03440	0.33584	0.12290	0.29866	0.02387	0.01218	0.00339	0.00507	0.02059	0.01042	0.00916
8	0.03833	0.04891	0.02908	0.02644	0.03173	0.59815	0.01983	0.04098	0.02908	0.02512	0.01586	0.01851	0.01322	0.01058	0.00925	0.00264	0.01851	0.00661	0.00529	0.01190
9	0.04186	0.01640	0.02233	0.01776	0.02479	0.01424	0.01439	0.04556	0.02816	0.51311	0.04249	0.10943	0.03070	0.01513	0.01067	0.00330	0.00839	0.01267	0.01231	0.01633
10	0.02245	0.02245	0.03143	0.02694	0.02694	0.03143	0.02245	0.02470	0.01572	0.02470	0.01347	0.02245	0.01347	0.01796	0.03368	0.00449	0.62057	0.00898	0.00449	0.01123
11	0.09837	0.01765	0.02313	0.01788	0.02570	0.01571	0.01477	0.04845	0.02844	0.54028	0.03843	0.03349	0.02428	0.01245	0.01001	0.00318	0.00867	0.00995	0.01220	0.01697
12	0.02553	0.02204	0.02320	0.02088	0.02669	0.02553	0.01624	0.05453	0.55679	0.04293	0.04177	0.03829	0.03133	0.01392	0.01044	0.00348	0.00812	0.01160	0.01044	0.01624
13	0.38902	0.02412	0.02262	0.01835	0.02559	0.02724	0.01514	0.27532	0.03224	0.05498	0.01925	0.02049	0.01415	0.01087	0.00823	0.00313	0.00955	0.00732	0.00823	0.01415
14	0.02553	0.02204	0.02320	0.02088	0.02669	0.02553	0.01624	0.05453	0.55679	0.04293	0.04177	0.03829	0.03133	0.01392	0.01044	0.00348	0.00812	0.01160	0.01044	0.01624
15	0.02111	0.01796	0.02087	0.01547	0.02384	0.01430	0.01229	0.02758	0.06323	0.03474	0.06067	0.02667	0.02246	0.00907	0.00815	0.00180	0.00744	0.00743	0.00680	0.59811
16	0.02040	0.01637	0.02473	0.02084	0.02576	0.01592	0.11716	0.02935	0.12548	0.08159	0.09243	0.19625	0.14984	0.02016	0.01188	0.00360	0.00866	0.01842	0.00924	0.01193
17	0.71184	0.01985	0.01508	0.01350	0.01985	0.02302	0.01111	0.03017	0.01746	0.04604	0.01429	0.01667	0.01111	0.00953	0.00635	0.00318	0.00794	0.00556	0.00635	0.01111
18	0.02728	0.59596	0.05135	0.01782	0.02637	0.03941	0.01745	0.03262	0.06345	0.02564	0.01645	0.01820	0.01461	0.00919	0.00689	0.00230	0.01075	0.00597	0.00487	0.01341

[dist]
# distance from previous block
# <min> <max>
0	5

[block]
# block no. 4 follows, 14 sequences, length 15
# corresponding to MSA columns:
# 529-543
name=unknown_E
#
# <colnr> <probs for GDERKNQSTAVLIFYWHMCP>
#	G	D	E	R	K	N	Q	S	T	A	V	L	I	F	Y	W	H	M	C	P
0	0.03525	0.08404	0.10569	0.02171	0.03041	0.02008	0.06435	0.04248	0.06429	0.32998	0.06930	0.03377	0.02694	0.01221	0.01017	0.00314	0.01027	0.01029	0.00984	0.01580
1	0.02699	0.01344	0.01662	0.01412	0.01935	0.01156	0.01119	0.03050	0.02676	0.26718	0.14330	0.06827	0.26975	0.01958	0.01135	0.00331	0.00666	0.01636	0.01114	0.01258
2	0.02058	0.05308	0.58618	0.02925	0.04442	0.02383	0.03792	0.03250	0.02167	0.03250	0.01842	0.02167	0.01300	0.00975	0.00975	0.00325	0.01517	0.00758	0.00433	0.01517
3	0.02814	0.02281	0.04156	0.03098	0.03896	0.02190	0.28504	0.07572	0.06187	0.13938	0.02956	0.07370	0.02388	0.06003	0.01465	0.00392	0.01323	0.01288	0.00776	0.01402
4	0.02793	0.01865	0.03027	0.24738	0.12538	0.01954	0.05368	0.03366	0.02414	0.18980	0.02974	0.04088	0.02353	0.01308	0.01089	0.00347	0.01168	0.07485	0.00768	0.01377
5	0.04604	0.01746	0.02382	0.01826	0.02620	0.01508	0.01508	0.05001	0.02937	0.58244	0.04049	0.03493	0.02540	0.01270	0.01032	0.00318	0.00873	0.01032	0.01270	0.01746
6	0.01223	0.00998	0.01082	0.01150	0.01415	0.00857	0.00829	0.01460	0.02233	0.02729	0.09052	0.25013	0.42847	0.02774	0.01240	0.00366	0.00541	0.02379	0.00953	0.00857
7	0.02757	0.06337	0.03270	0.09728	0.10563	0.02043	0.09986	0.06831	0.02536	0.15972	0.03258	0.16167	0.02924	0.01531	0.01092	0.00337	0.01083	0.01405	0.00811	0.01371
8	0.03070	0.02694	0.07461	0.07010	0.03891	0.02629	0.13995	0.19983	0.14492	0.09794	0.02802	0.02922	0.02015	0.01152	0.01070	0.00330	0.01220	0.01038	0.00854	0.01577
9	0.01378	0.00992	0.01305	0.01342	0.01517	0.00919	0.00963	0.01750	0.02560	0.03566	0.38149	0.28073	0.08620	0.02508	0.01247	0.00357	0.00525	0.02245	0.01065	0.00919
10	0.01464	0.00983	0.01128	0.01155	0.01162	0.00976	0.00661	0.01485	0.01548	0.02064	0.03517	0.13332	0.04089	0.56830	0.04765	0.00927	0.00948	0.01659	0.00661	0.00647
11	0.51652	0.01938	0.01905	0.01660	0.02256	0.02175	0.05363	0.03060	0.06410	0.04240	0.02209	0.09147	0.01983	0.01248	0.00795	0.00334	0.00847	0.00936	0.00698	0.01144
12	0.15894	0.08384	0.20398	0.02891	0.13441	0.02316	0.02453	0.03342	0.02208	0.10680	0.02031	0.02267	0.01509	0.00971	0.00879	0.00294	0.01134	0.00754	0.00612	0.07542
13	0.02921	0.11722	0.12261	0.17529	0.04062	0.02218	0.02238	0.03521	0.02357	0.19907	0.02453	0.02642	0.01728	0.01040	0.00934	0.00291	0.01129	0.00834	0.00718	0.09497
14	0.12030	0.01541	0.01840	0.01668	0.02070	0.01607	0.01297	0.07058	0.02377	0.15900	0.04287	0.21765	0.08294	0.02485	0.05975	0.00466	0.05610	0.01623	0.00916	0.01190

[dist]
# distance from previous block
# <min> <max>
0	28

[block]
# block no. 5 follows, 14 sequences, length 21
# corresponding to MSA columns:
# 572-592
name=unknown_F
#
# <colnr> <probs for GDERKNQSTAVLIFYWHMCP>
#	G	D	E	R	K	N	Q	S	T	A	V	L	I	F	Y	W	H	M	C	P
0	0.18967	0.06541	0.05836	0.09427	0.03279	0.12195	0.01850	0.09360	0.10168	0.03845	0.02080	0.02305	0.01604	0.01054	0.00870	0.00294	0.01143	0.00763	0.00673	0.07748
1	0.01789	0.01318	0.01602	0.01547	0.01820	0.01327	0.01142	0.09417	0.05993	0.03870	0.25662	0.28715	0.07004	0.02374	0.01213	0.00359	0.00640	0.02101	0.01040	0.01066
2	0.03305	0.01797	0.02723	0.15705	0.03746	0.01780	0.06126	0.06660	0.02666	0.30186	0.03504	0.11480	0.02732	0.01448	0.01084	0.00339	0.01035	0.01274	0.00962	0.01450
3	0.01478	0.01137	0.01362	0.01290	0.01585	0.01066	0.00972	0.02095	0.06891	0.03790	0.41087	0.07924	0.21154	0.02169	0.01198	0.00331	0.00519	0.01880	0.01078	0.00994
4	0.03433	0.02631	0.02974	0.10785	0.03667	0.02966	0.02034	0.39999	0.11474	0.05616	0.02610	0.02692	0.01883	0.01225	0.01029	0.00318	0.01119	0.00955	0.00947	0.01642
5	0.03825	0.02621	0.03117	0.02834	0.10868	0.02793	0.02047	0.38504	0.04149	0.14785	0.02656	0.02649	0.01863	0.01193	0.01026	0.00309	0.01099	0.00941	0.00994	0.01728
6	0.02509	0.02210	0.02438	0.02175	0.02672	0.02637	0.01713	0.05026	0.47933	0.04032	0.03772	0.03602	0.02877	0.01450	0.01377	0.00363	0.09580	0.01123	0.00959	0.01552
7	0.02540	0.02438	0.04165	0.06299	0.57533	0.02438	0.03149	0.03149	0.02337	0.03353	0.01930	0.02540	0.01626	0.00914	0.01016	0.00305	0.01219	0.00914	0.00508	0.01626
8	0.59796	0.02135	0.01774	0.01521	0.02187	0.02451	0.01253	0.11665	0.02268	0.04920	0.01604	0.01802	0.01219	0.01000	0.00701	0.00316	0.00851	0.00618	0.00701	0.01219
9	0.04485	0.01937	0.02500	0.01916	0.02715	0.01792	0.01583	0.13313	0.03257	0.49481	0.03780	0.03319	0.02406	0.01264	0.01031	0.00316	0.00917	0.01014	0.01229	0.01746
10	0.02491	0.02134	0.02275	0.02075	0.02631	0.02458	0.01626	0.05225	0.52024	0.04209	0.04263	0.04360	0.03323	0.01491	0.01070	0.00357	0.00821	0.04551	0.01037	0.01578
11	0.71184	0.01985	0.01508	0.01350	0.01985	0.02302	0.01111	0.03017	0.01746	0.04604	0.01429	0.01667	0.01111	0.00953	0.00635	0.00318	0.00794	0.00556	0.00635	0.01111
12	0.02245	0.02245	0.03143	0.02694	0.02694	0.03143	0.02245	0.02470	0.01572	0.02470	0.01347	0.02245	0.01347	0.01796	0.03368	0.00449	0.62057	0.00898	0.00449	0.01123
13	0.01362	0.00904	0.01151	0.01349	0.01439	0.00854	0.00913	0.01592	0.01996	0.02824	0.05265	0.53205	0.06084	0.02873	0.01210	0.00387	0.00576	0.02585	0.12577	0.00854
14	0.01250	0.00893	0.01191	0.01429	0.01488	0.00834	0.00953	0.01429	0.01965	0.02620	0.05656	0.63265	0.06787	0.03215	0.01310	0.00417	0.00595	0.02917	0.00953	0.00834
15	0.71184	0.01985	0.01508	0.01350	0.01985	0.02302	0.01111	0.03017	0.01746	0.04604	0.01429	0.01667	0.01111	0.00953	0.00635	0.00318	0.00794	0.00556	0.00635	0.01111
16	0.04604	0.01746	0.02382	0.01826	0.02620	0.01508	0.01508	0.05001	0.02937	0.58244	0.04049	0.03493	0.02540	0.01270	0.01032	0.00318	0.00873	0.01032	0.01270	0.01746
17	0.04485	0.01937	0.02500	0.01916	0.02715	0.01792	0.01583	0.13313	0.03257	0.49481	0.03780	0.03319	0.02406	0.01264	0.01031	0.00316	0.00917	0.01014	0.01229	0.01746
18	0.65632	0.01965	0.01581	0.01389	0.02038	0.02236	0.01144	0.03182	0.01846	0.09077	0.01647	0.01819	0.01231	0.00979	0.00668	0.00318	0.00800	0.00595	0.00688	0.01164
19	0.04311	0.01812	0.02373	0.01863	0.02627	0.01658	0.01525	0.05066	0.10488	0.50521	0.04067	0.03541	0.02625	0.01288	0.01034	0.00322	0.00864	0.01050	0.01238	0.01729
20	0.01399	0.01039	0.01253	0.01204	0.01437	0.00947	0.00872	0.01758	0.02563	0.03479	0.37763	0.08077	0.20571	0.11074	0.01785	0.00425	0.00566	0.01881	0.01013	0.00893

[dist]
# distance from previous block
# <min> <max>
0	4

[block]
# block no. 6 follows, 14 sequences, length 26
# corresponding to MSA columns:
# 597-622
name=unknown_G
#
# <colnr> <probs for GDERKNQSTAVLIFYWHMCP>
#	G	D	E	R	K	N	Q	S	T	A	V	L	I	F	Y	W	H	M	C	P
0	0.02075	0.05029	0.53569	0.02904	0.04283	0.02452	0.03651	0.03179	0.02112	0.03179	0.01797	0.02174	0.01304	0.01050	0.01193	0.00336	0.07026	0.00771	0.00435	0.01481
1	0.04312	0.01690	0.02309	0.01832	0.02571	0.01476	0.01523	0.04716	0.02880	0.52778	0.04186	0.04294	0.02874	0.01425	0.01070	0.00333	0.00880	0.05946	0.01238	0.01667
2	0.03164	0.01438	0.01857	0.01529	0.02107	0.01246	0.01225	0.03543	0.02783	0.34189	0.15687	0.05870	0.17442	0.01757	0.01111	0.00326	0.00712	0.01470	0.01165	0.01380
3	0.01496	0.01024	0.01244	0.01256	0.01302	0.01057	0.00796	0.01588	0.01566	0.02118	0.03257	0.06472	0.03628	0.50449	0.15079	0.01088	0.01315	0.03946	0.00625	0.00693
4	0.03790	0.01985	0.02400	0.01956	0.02671	0.02000	0.01578	0.08065	0.22919	0.34867	0.04004	0.03559	0.02717	0.01314	0.01036	0.00328	0.00865	0.01074	0.01171	0.01700
5	0.01474	0.01126	0.01368	0.01359	0.01610	0.01077	0.00997	0.02090	0.07822	0.03562	0.32081	0.20352	0.16478	0.02369	0.01217	0.00351	0.00548	0.02082	0.01051	0.00985
6	0.01361	0.00972	0.01318	0.01556	0.01664	0.00929	0.01145	0.01621	0.02074	0.02744	0.05595	0.49053	0.06545	0.03111	0.01339	0.00432	0.00691	0.16035	0.00951	0.00864
7	0.04483	0.01941	0.02502	0.01918	0.02717	0.01797	0.01585	0.13467	0.03263	0.49319	0.03775	0.03316	0.02403	0.01264	0.01031	0.00316	0.00917	0.01013	0.01228	0.01746
8	0.01245	0.00913	0.01170	0.01376	0.01474	0.00838	0.00929	0.01435	0.02016	0.02641	0.06306	0.55949	0.13684	0.03131	0.01297	0.00407	0.00585	0.02814	0.00953	0.00838
9	0.02296	0.01853	0.02727	0.20568	0.06885	0.02231	0.02138	0.06539	0.02253	0.07545	0.07105	0.03293	0.02438	0.02340	0.10455	0.00556	0.15893	0.01034	0.00642	0.01209
10	0.02817	0.15229	0.03341	0.02243	0.02748	0.03097	0.01896	0.11614	0.16327	0.06593	0.02421	0.02635	0.01932	0.01384	0.01707	0.00346	0.20603	0.00905	0.00737	0.01425
11	0.37486	0.02535	0.02332	0.15585	0.07582	0.13239	0.01826	0.03143	0.02081	0.03663	0.01586	0.02010	0.01249	0.00986	0.00808	0.00312	0.01157	0.00684	0.00565	0.01172
12	0.01969	0.12535	0.07861	0.08559	0.02822	0.02044	0.01697	0.02921	0.11409	0.03602	0.27144	0.04912	0.05414	0.01543	0.01045	0.00312	0.00843	0.01305	0.00854	0.01209
13	0.03851	0.01555	0.02086	0.01678	0.02322	0.01364	0.01354	0.04246	0.02797	0.44790	0.08808	0.08431	0.03504	0.01485	0.01043	0.00319	0.00785	0.01242	0.06797	0.01544
14	0.02128	0.01824	0.02128	0.01520	0.02432	0.01368	0.01216	0.02584	0.02128	0.03344	0.01824	0.02128	0.01520	0.00760	0.00760	0.00152	0.00760	0.00608	0.00608	0.70208
15	0.02473	0.01855	0.02263	0.01677	0.02483	0.01563	0.01357	0.02898	0.02182	0.10643	0.02076	0.02323	0.01640	0.00931	0.01055	0.00204	0.06848	0.00694	0.00681	0.54154
16	0.02499	0.02144	0.02281	0.02077	0.02637	0.02472	0.01626	0.05257	0.52533	0.04221	0.04251	0.04286	0.03296	0.01477	0.01066	0.00355	0.00820	0.04079	0.01038	0.01584
17	0.01913	0.01077	0.01404	0.01418	0.01638	0.00992	0.01007	0.02182	0.02259	0.12321	0.13808	0.35204	0.06052	0.07962	0.01559	0.00425	0.00652	0.02177	0.04949	0.01000
