[name]
unknown

[dist]
# distance from previous block
# <min> <max>
48	437

[block]
# block no. 0 follows, 13 sequences, length 16
# corresponding to MSA columns:
# 495-510
name=unknown_A
#
# <colnr> <probs for GDERKNQSTAVLIFYWHMCP>
#	G	D	E	R	K	N	Q	S	T	A	V	L	I	F	Y	W	H	M	C	P
0	0.19001	0.02122	0.02725	0.07536	0.03292	0.02140	0.06103	0.10626	0.02811	0.23842	0.02744	0.02766	0.01878	0.01124	0.00961	0.00317	0.01033	0.00904	0.00921	0.07154
1	0.13742	0.08513	0.07778	0.02511	0.03334	0.16995	0.06203	0.20748	0.03329	0.04460	0.01975	0.02186	0.01499	0.01097	0.00950	0.00305	0.01379	0.00805	0.00724	0.01468
2	0.07807	0.02836	0.11293	0.08259	0.13042	0.06009	0.06553	0.04019	0.06411	0.19210	0.02733	0.02875	0.01931	0.01114	0.01032	0.00329	0.01237	0.00955	0.00791	0.01564
3	0.01837	0.00918	0.01377	0.01377	0.01377	0.00918	0.00918	0.01377	0.01377	0.01837	0.01837	0.03214	0.01837	0.03673	0.04132	0.69238	0.00918	0.00918	0.00459	0.00459
4	0.04054	0.01647	0.02233	0.01764	0.02461	0.01436	0.01436	0.04482	0.03019	0.45774	0.15116	0.04512	0.04181	0.01490	0.01102	0.00328	0.00815	0.01244	0.01278	0.01629
5	0.08732	0.17174	0.07665	0.06985	0.03553	0.11266	0.06761	0.07830	0.06249	0.10768	0.02274	0.02451	0.01704	0.01079	0.00937	0.00302	0.01288	0.00836	0.00701	0.01445
6	0.02323	0.22084	0.42520	0.02669	0.04043	0.02950	0.03306	0.03296	0.02208	0.03102	0.01775	0.02079	0.01344	0.00976	0.00911	0.00304	0.01439	0.00719	0.00448	0.01504
7	0.01538	0.01025	0.01153	0.01153	0.01153	0.01025	0.00641	0.01538	0.01538	0.02050	0.03331	0.06919	0.03844	0.62842	0.05382	0.01025	0.01025	0.01538	0.00641	0.00641
8	0.07857	0.02686	0.07994	0.11680	0.11354	0.02550	0.09642	0.16552	0.03094	0.12615	0.02437	0.02719	0.01741	0.01103	0.01052	0.00331	0.01270	0.00969	0.00784	0.01571
9	0.03166	0.02925	0.09119	0.08118	0.11765	0.02728	0.14766	0.21048	0.03354	0.08906	0.02384	0.02707	0.01726	0.01091	0.01098	0.00332	0.01364	0.01015	0.00770	0.01618
10	0.03235	0.03030	0.15368	0.02890	0.03908	0.02333	0.15586	0.08267	0.09836	0.19932	0.03026	0.03066	0.02088	0.01146	0.01101	0.00340	0.01290	0.01060	0.00865	0.01632
11	0.08306	0.02800	0.11760	0.03095	0.04034	0.02333	0.21905	0.03815	0.02487	0.19485	0.02597	0.02853	0.01816	0.01124	0.01308	0.00352	0.06615	0.01046	0.00757	0.01512
12	0.03211	0.10897	0.07400	0.02295	0.03109	0.02181	0.09624	0.04004	0.07578	0.23587	0.11503	0.03827	0.03413	0.01311	0.01064	0.00322	0.01050	0.01148	0.00958	0.01522
13	0.03299	0.06813	0.07575	0.07746	0.03464	0.02291	0.05748	0.08236	0.06006	0.22964	0.07287	0.03393	0.02700	0.01319	0.01258	0.00338	0.06046	0.01063	0.00920	0.01534
14	0.12441	0.07881	0.03367	0.07027	0.03536	0.07150	0.09851	0.08689	0.10570	0.15072	0.02719	0.02809	0.01961	0.01139	0.00995	0.00324	0.01188	0.00951	0.00833	0.01496
15	0.02952	0.02361	0.07367	0.06868	0.03534	0.02141	0.10200	0.10428	0.10012	0.15972	0.08424	0.04207	0.07876	0.01412	0.01123	0.00341	0.01095	0.01249	0.00939	0.01498

[dist]
# distance from previous block
# <min> <max>
0	12

[block]
# block no. 1 follows, 13 sequences, length 20
# corresponding to MSA columns:
# 523-542
name=unknown_B
#
# <colnr> <probs for GDERKNQSTAVLIFYWHMCP>
#	G	D	E	R	K	N	Q	S	T	A	V	L	I	F	Y	W	H	M	C	P
0	0.07370	0.02380	0.10158	0.15067	0.09175	0.02117	0.02278	0.03016	0.05495	0.06263	0.02637	0.10664	0.02365	0.01414	0.01243	0.00339	0.06473	0.01154	0.00660	0.09731
1	0.07621	0.02366	0.03038	0.10500	0.03747	0.02615	0.07524	0.14452	0.22908	0.09280	0.03156	0.03193	0.02302	0.01245	0.01059	0.00344	0.01094	0.01061	0.00919	0.01577
2	0.06843	0.10760	0.10200	0.16775	0.04319	0.02450	0.09632	0.03326	0.06224	0.08785	0.03158	0.03443	0.07206	0.01220	0.01023	0.00330	0.01223	0.01055	0.00671	0.01356
3	0.18950	0.01914	0.02167	0.07678	0.02853	0.02032	0.01542	0.10083	0.07471	0.16845	0.10528	0.04006	0.06788	0.01423	0.01004	0.00334	0.00882	0.01128	0.00973	0.01398
4	0.06892	0.06700	0.06882	0.02282	0.03192	0.02284	0.08017	0.11042	0.06753	0.17750	0.02731	0.02761	0.01947	0.01086	0.00976	0.00290	0.01076	0.00910	0.00865	0.15566
5	0.24976	0.07338	0.02316	0.01650	0.02353	0.01981	0.01378	0.03932	0.02554	0.28931	0.09486	0.03366	0.02953	0.01275	0.00922	0.00319	0.00845	0.00968	0.01006	0.01452
6	0.08583	0.28491	0.24017	0.02454	0.03524	0.03223	0.05887	0.03199	0.02134	0.03069	0.01665	0.02013	0.01350	0.01013	0.01027	0.00300	0.05458	0.00715	0.00474	0.01404
7	0.03738	0.01987	0.02410	0.01962	0.02704	0.01957	0.01577	0.05145	0.22715	0.32719	0.04050	0.03626	0.02773	0.01318	0.01047	0.00326	0.00867	0.01081	0.01168	0.06831
8	0.02472	0.01475	0.02171	0.17269	0.03499	0.01517	0.01798	0.02936	0.02458	0.16970	0.07706	0.17192	0.04394	0.02036	0.01214	0.00388	0.00965	0.11380	0.00941	0.01219
9	0.07519	0.02968	0.17782	0.03046	0.10668	0.02070	0.07578	0.03891	0.02554	0.22721	0.02982	0.03479	0.02188	0.01226	0.01065	0.00342	0.01216	0.04298	0.00826	0.01581
10	0.02876	0.02536	0.04199	0.03206	0.03928	0.02719	0.22369	0.08867	0.12781	0.09344	0.02670	0.03008	0.02005	0.01265	0.01605	0.00370	0.12867	0.01126	0.00761	0.01499
11	0.03438	0.02485	0.02707	0.02229	0.02952	0.02752	0.01791	0.24102	0.28554	0.11809	0.03592	0.03348	0.02589	0.01354	0.01067	0.00338	0.00973	0.01083	0.01098	0.01738
12	0.11542	0.02116	0.02942	0.21940	0.11917	0.02290	0.02267	0.10255	0.02746	0.17995	0.02542	0.02822	0.01788	0.01127	0.01007	0.00332	0.01146	0.00929	0.00802	0.01493
13	0.03122	0.02620	0.14063	0.22825	0.07771	0.02072	0.02617	0.03815	0.02509	0.23910	0.02777	0.02989	0.01878	0.01137	0.01048	0.00337	0.01234	0.00955	0.00793	0.01525
14	0.01327	0.00970	0.01257	0.01472	0.01589	0.00900	0.01035	0.01553	0.02115	0.02767	0.06408	0.50487	0.12940	0.03193	0.01349	0.00426	0.00641	0.07715	0.00981	0.00875
15	0.04075	0.01651	0.02239	0.01768	0.02468	0.01439	0.01439	0.04502	0.03019	0.46116	0.14782	0.04484	0.04133	0.01484	0.01101	0.00328	0.00817	0.01238	0.01279	0.01634
16	0.09171	0.24663	0.16039	0.06128	0.03392	0.02826	0.02240	0.03679	0.02358	0.16848	0.02287	0.02385	0.01660	0.01048	0.00875	0.00295	0.01161	0.00769	0.00690	0.01485
17	0.02153	0.01777	0.01979	0.01836	0.02275	0.01960	0.01400	0.04110	0.33612	0.04193	0.19870	0.11055	0.05635	0.01844	0.01155	0.00358	0.00713	0.01595	0.01093	0.01388
18	0.01340	0.00957	0.01286	0.01531	0.01615	0.00903	0.01071	0.01561	0.02075	0.02757	0.05799	0.55936	0.06881	0.03264	0.01363	0.00436	0.00658	0.08714	0.00980	0.00873
19	0.11162	0.02753	0.02737	0.02177	0.02952	0.10092	0.01770	0.24853	0.03714	0.22973	0.02859	0.02727	0.01949	0.01228	0.01003	0.00316	0.01139	0.00913	0.01031	0.01653

[dist]
# distance from previous block
# <min> <max>
0	2

[block]
# block no. 2 follows, 13 sequences, length 35
# corresponding to MSA columns:
# 545-579
name=unknown_C
#
# <colnr> <probs for GDERKNQSTAVLIFYWHMCP>
#	G	D	E	R	K	N	Q	S	T	A	V	L	I	F	Y	W	H	M	C	P
0	0.03647	0.02406	0.03958	0.03417	0.11640	0.02310	0.16799	0.12184	0.03098	0.24958	0.02979	0.03058	0.02044	0.01125	0.01114	0.00332	0.01255	0.01081	0.00923	0.01671
1	0.03013	0.53805	0.05119	0.01961	0.02806	0.13191	0.01848	0.03341	0.02289	0.02504	0.01497	0.01731	0.01358	0.00935	0.00724	0.00234	0.01259	0.00584	0.00468	0.01335
2	0.07904	0.01893	0.02139	0.01551	0.02467	0.01490	0.01244	0.02700	0.02160	0.03554	0.01845	0.02153	0.01531	0.00800	0.00772	0.00171	0.00786	0.00622	0.00629	0.63591
3	0.02617	0.02512	0.04292	0.06490	0.56246	0.02512	0.03245	0.03245	0.02407	0.03454	0.01989	0.02617	0.01675	0.00942	0.01047	0.00314	0.01256	0.00942	0.00523	0.01675
4	0.01583	0.01100	0.01357	0.01449	0.01562	0.01090	0.01053	0.01783	0.01929	0.02520	0.04634	0.09009	0.07823	0.36550	0.03649	0.00781	0.00976	0.19582	0.00787	0.00782
5	0.02775	0.01982	0.03380	0.19866	0.04509	0.02081	0.12730	0.03374	0.02524	0.17310	0.10415	0.03738	0.03027	0.01314	0.01319	0.00352	0.05956	0.01179	0.00805	0.01364
6	0.03999	0.04837	0.02962	0.02671	0.03233	0.55043	0.02012	0.04280	0.02998	0.05977	0.01792	0.02012	0.01440	0.01103	0.00960	0.00276	0.01844	0.00705	0.00592	0.01261
7	0.04019	0.02962	0.03173	0.02433	0.03279	0.03279	0.02010	0.52721	0.04971	0.06663	0.02538	0.02538	0.01798	0.01269	0.01058	0.00317	0.01163	0.00952	0.01058	0.01798
8	0.02796	0.02656	0.04572	0.05429	0.36873	0.02662	0.14287	0.10557	0.02805	0.03911	0.02104	0.02659	0.01677	0.00979	0.01094	0.00324	0.01363	0.01013	0.00605	0.01636
9	0.01538	0.01025	0.01153	0.01153	0.01153	0.01025	0.00641	0.01538	0.01538	0.02050	0.03331	0.06919	0.03844	0.62842	0.05382	0.01025	0.01025	0.01538	0.00641	0.00641
10	0.01936	0.01101	0.01473	0.01524	0.01749	0.01003	0.01086	0.02207	0.02346	0.12624	0.12868	0.43707	0.06650	0.02785	0.01283	0.00397	0.00648	0.02498	0.01067	0.01047
11	0.02632	0.02925	0.05307	0.04607	0.15917	0.07491	0.33619	0.03361	0.02450	0.03265	0.02004	0.02678	0.01581	0.00995	0.01356	0.00349	0.06387	0.01108	0.00527	0.01440
12	0.01456	0.00991	0.01177	0.01257	0.01277	0.00971	0.00752	0.01516	0.01696	0.02262	0.04145	0.24915	0.04870	0.43446	0.04068	0.00831	0.00891	0.02016	0.00752	0.00712
13	0.01529	0.01123	0.01467	0.01556	0.01805	0.01062	0.01258	0.01964	0.02601	0.03472	0.24515	0.14048	0.15009	0.02639	0.01343	0.00407	0.00709	0.21486	0.01044	0.00961
14	0.03795	0.02945	0.03624	0.02730	0.03609	0.03190	0.09425	0.45462	0.04607	0.06181	0.02480	0.02585	0.01770	0.01214	0.01086	0.00323	0.01255	0.00995	0.00981	0.01743
15	0.02760	0.02830	0.04005	0.10560	0.44243	0.10751	0.03042	0.03342	0.02469	0.03262	0.01927	0.02530	0.01606	0.00974	0.01034	0.00311	0.01365	0.00903	0.00522	0.01566
16	0.01530	0.01119	0.01488	0.01696	0.01909	0.01077	0.01385	0.01906	0.02325	0.02999	0.06410	0.24640	0.13637	0.02986	0.01401	0.00453	0.00816	0.30317	0.00977	0.00932
17	0.25618	0.02663	0.02646	0.02093	0.02877	0.02983	0.01728	0.36556	0.03938	0.06038	0.02191	0.02271	0.01585	0.01175	0.00926	0.00321	0.01051	0.00828	0.00926	0.01585
18	0.02761	0.02340	0.03362	0.32296	0.14303	0.02680	0.02687	0.19091	0.03095	0.04120	0.02113	0.02693	0.01581	0.01107	0.01056	0.00334	0.01303	0.00944	0.00670	0.01463
19	0.70310	0.02045	0.01554	0.01390	0.02045	0.02372	0.01145	0.03108	0.01799	0.04744	0.01472	0.01718	0.01145	0.00981	0.00654	0.00327	0.00818	0.00573	0.00654	0.01145
20	0.02243	0.04616	0.40706	0.03484	0.04886	0.02527	0.19709	0.03361	0.02318	0.03361	0.01976	0.02434	0.01426	0.00968	0.01084	0.00342	0.01634	0.00933	0.00475	0.01518
21	0.01482	0.01112	0.01387	0.01441	0.01647	0.01068	0.01032	0.02037	0.06932	0.03464	0.25636	0.31541	0.11932	0.02647	0.01277	0.00379	0.00581	0.02357	0.01061	0.00986
22	0.01894	0.01189	0.01464	0.01410	0.01768	0.01060	0.01102	0.02268	0.02629	0.11216	0.20576	0.12821	0.25307	0.02422	0.01258	0.00369	0.00645	0.08463	0.01077	0.01062
23	0.01455	0.01034	0.01347	0.01423	0.01574	0.00979	0.01023	0.01777	0.02402	0.03297	0.25991	0.26596	0.07688	0.10954	0.01872	0.00478	0.00663	0.07539	0.01009	0.00899
24	0.02140	0.04360	0.39815	0.16500	0.10170	0.02437	0.03620	0.03190	0.02222	0.03210	0.01902	0.02404	0.01388	0.01011	0.01021	0.00337	0.01498	0.00833	0.00459	0.01484
25	0.18617	0.39781	0.12838	0.01902	0.02852	0.03482	0.01986	0.03181	0.02079	0.03156	0.01538	0.01786	0.01304	0.00939	0.00725	0.00267	0.01126	0.00601	0.00499	0.01340
26	0.08825	0.15252	0.03341	0.02458	0.03076	0.44574	0.01932	0.03948	0.02753	0.02735	0.01593	0.01855	0.01344	0.01048	0.00881	0.00268	0.01685	0.00652	0.00537	0.01243
27	0.19884	0.16889	0.08553	0.03578	0.19904	0.02879	0.07956	0.03216	0.02187	0.03542	0.01745	0.02167	0.01429	0.00943	0.00880	0.00303	0.01200	0.00781	0.00535	0.01428
28	0.01899	0.01124	0.01494	0.01470	0.01729	0.01025	0.01074	0.02258	0.02608	0.11516	0.27916	0.29082	0.07674	0.02497	0.01261	0.00371	0.00605	0.02225	0.01112	0.01062
29	0.02081	0.01935	0.03298	0.16144	0.14365	0.02004	0.11102	0.02886	0.05974	0.03601	0.20163	0.04564	0.04491	0.01400	0.01154	0.00339	0.01103	0.01338	0.00765	0.01291
30	0.02196	0.04999	0.49275	0.02887	0.04307	0.02481	0.03578	0.03682	0.09899	0.03507	0.02251	0.02484	0.01617	0.01068	0.01015	0.00338	0.01456	0.00842	0.00539	0.01579
31	0.01574	0.01226	0.01702	0.11381	0.02583	0.01235	0.01365	0.02085	0.02743	0.03760	0.38224	0.07574	0.12622	0.02084	0.01232	0.00351	0.00695	0.05535	0.01013	0.01016
32	0.12928	0.07589	0.02843	0.02448	0.07037	0.15468	0.01797	0.08171	0.16729	0.03901	0.02454	0.02558	0.01921	0.01122	0.00919	0.00294	0.01157	0.00833	0.00748	0.09082
33	0.12973	0.02053	0.02882	0.02135	0.03022	0.01813	0.10314	0.03542	0.02418	0.18397	0.02497	0.02627	0.01801	0.00976	0.00923	0.00264	0.00996	0.00848	0.00803	0.28715
34	0.09089	0.07030	0.25857	0.02367	0.03494	0.02323	0.02573	0.08677	0.02722	0.21823	0.02665	0.02647	0.01799	0.01125	0.00981	0.00324	0.01212	0.00862	0.00814	0.01617

[dist]
# distance from previous block
# <min> <max>
0	11

[block]
# block no. 3 follows, 13 sequences, length 13
# corresponding to MSA columns:
# 591-603
name=unknown_D
#
# <colnr> <probs for GDERKNQSTAVLIFYWHMCP>
#	G	D	E	R	K	N	Q	S	T	A	V	L	I	F	Y	W	H	M	C	P
0	0.20143	0.02104	0.02334	0.01849	0.02628	0.02118	0.01516	0.12854	0.06552	0.26906	0.03029	0.02851	0.02062	0.01183	0.00938	0.00312	0.00911	0.00894	0.01027	0.07787
1	0.03044	0.08942	0.21673	0.07115	0.03816	0.02599	0.02585	0.12171	0.09835	0.13802	0.02707	0.02764	0.01913	0.01158	0.01008	0.00325	0.01224	0.00911	0.00795	0.01610
2	0.03091	0.08902	0.14160	0.16552	0.04489	0.02508	0.06552	0.10268	0.02780	0.16725	0.02515	0.02748	0.01755	0.01109	0.01026	0.00326	0.01284	0.00928	0.00754	0.01527
3	0.01837	0.00918	0.01377	0.01377	0.01377	0.00918	0.00918	0.01377	0.01377	0.01837	0.01837	0.03214	0.01837	0.03673	0.04132	0.69238	0.00918	0.00918	0.00459	0.00459
4	0.11351	0.01875	0.02353	0.01859	0.02636	0.01753	0.01524	0.04989	0.08334	0.45969	0.03904	0.03439	0.02529	0.01288	0.01022	0.00330	0.00884	0.01026	0.01216	0.01718
5	0.03235	0.14272	0.09493	0.08976	0.09066	0.02909	0.05891	0.18049	0.03157	0.11458	0.02342	0.02553	0.01712	0.01097	0.00994	0.00310	0.01242	0.00895	0.00762	0.01586
6	0.02121	0.05469	0.57364	0.03014	0.04576	0.02455	0.03906	0.03348	0.02232	0.03348	0.01897	0.02232	0.01339	0.01005	0.01005	0.00335	0.01563	0.00781	0.00446	0.01563
7	0.01538	0.01025	0.01153	0.01153	0.01153	0.01025	0.00641	0.01538	0.01538	0.02050	0.03331	0.06919	0.03844	0.62842	0.05382	0.01025	0.01025	0.01538	0.00641	0.00641
8	0.16391	0.10445	0.03067	0.02104	0.02860	0.02574	0.06589	0.11030	0.11918	0.13875	0.03308	0.03253	0.05651	0.01258	0.00964	0.00323	0.01005	0.01005	0.00889	0.01491
9	0.03262	0.07525	0.11550	0.08601	0.03941	0.02564	0.08805	0.13351	0.08542	0.16943	0.02824	0.02905	0.01981	0.01158	0.01049	0.00328	0.01228	0.00987	0.00853	0.01602
10	0.02875	0.08791	0.04408	0.07968	0.08203	0.02509	0.20979	0.03488	0.02482	0.14121	0.05880	0.03141	0.02301	0.01165	0.01322	0.00341	0.06770	0.01103	0.00712	0.01441
11	0.02980	0.02674	0.04233	0.09240	0.04448	0.08024	0.23457	0.03958	0.09718	0.12507	0.02664	0.03001	0.01945	0.01134	0.01279	0.00349	0.05094	0.01101	0.00732	0.01462
12	0.22838	0.06681	0.02837	0.08271	0.03229	0.02147	0.09073	0.03054	0.02240	0.09260	0.03222	0.04005	0.07318	0.01336	0.00972	0.00332	0.01041	0.05359	0.00730	0.06053

[dist]
# distance from previous block
# <min> <max>
0	9

[block]
# block no. 4 follows, 13 sequences, length 7
# corresponding to MSA columns:
# 613-619
name=unknown_E
#
# <colnr> <probs for GDERKNQSTAVLIFYWHMCP>
#	G	D	E	R	K	N	Q	S	T	A	V	L	I	F	Y	W	H	M	C	P
0	0.17990	0.02727	0.12042	0.05466	0.03414	0.02207	0.07143	0.06846	0.05613	0.07068	0.02146	0.02409	0.01607	0.00998	0.00909	0.00291	0.01099	0.00806	0.00682	0.18538
1	0.11796	0.13059	0.06871	0.02061	0.02925	0.02825	0.01840	0.19937	0.08051	0.10290	0.02449	0.02479	0.01806	0.01122	0.00912	0.00293	0.01044	0.00827	0.00845	0.08567
2	0.02504	0.05819	0.03085	0.06247	0.03230	0.01939	0.11960	0.03325	0.08666	0.12282	0.11029	0.04880	0.12274	0.01497	0.01112	0.00325	0.01002	0.01352	0.00881	0.06592
3	0.01837	0.00918	0.01377	0.01377	0.01377	0.00918	0.00918	0.01377	0.01377	0.01837	0.01837	0.03214	0.01837	0.03673	0.04132	0.69238	0.00918	0.00918	0.00459	0.00459
4	0.17913	0.01972	0.02582	0.02567	0.11713	0.01887	0.01758	0.04405	0.02667	0.37053	0.03241	0.03043	0.02152	0.01178	0.00976	0.00325	0.00944	0.00941	0.01039	0.01643
5	0.03250	0.18964	0.07928	0.02653	0.06693	0.16041	0.02193	0.07092	0.02587	0.09599	0.01968	0.02247	0.01569	0.01195	0.01344	0.00311	0.11540	0.00784	0.00628	0.01415
6	0.02121	0.09916	0.37711	0.02824	0.04039	0.02447	0.08264	0.03086	0.02160	0.03119	0.02042	0.02574	0.01591	0.02167	0.10848	0.00560	0.01762	0.00869	0.00477	0.01423

[dist]
# distance from previous block
# <min> <max>
9	39

[block]
# block no. 5 follows, 13 sequences, length 12
# corresponding to MSA columns:
# 665-676
name=unknown_F
#
# <colnr> <probs for GDERKNQSTAVLIFYWHMCP>
#	G	D	E	R	K	N	Q	S	T	A	V	L	I	F	Y	W	H	M	C	P
0	0.23362	0.01908	0.02263	0.05319	0.02749	0.01917	0.04343	0.06738	0.02562	0.12576	0.11908	0.03402	0.03133	0.01233	0.00935	0.00302	0.00884	0.00990	0.00856	0.12619
1	0.19341	0.08943	0.12301	0.02482	0.03371	0.11649	0.09521	0.03791	0.05833	0.10086	0.02184	0.02377	0.01618	0.01052	0.00929	0.00317	0.01302	0.00826	0.00673	0.01404
2	0.08898	0.47822	0.05295	0.02211	0.03121	0.03768	0.10161	0.03197	0.02174	0.02842	0.01581	0.01890	0.01379	0.00909	0.00771	0.00257	0.01211	0.00679	0.00484	0.01349
3	0.01837	0.00918	0.01377	0.01377	0.01377	0.00918	0.00918	0.01377	0.01377	0.01837	0.01837	0.03214	0.01837	0.03673	0.04132	0.69238	0.00918	0.00918	0.00459	0.00459
4	0.03943	0.01622	0.02197	0.01745	0.02423	0.01417	0.01417	0.04374	0.03018	0.43979	0.16870	0.04658	0.04431	0.01519	0.01109	0.00328	0.00801	0.01272	0.01273	0.01602
5	0.03002	0.39636	0.12950	0.02228	0.03144	0.17719	0.02194	0.03462	0.02377	0.02647	0.01578	0.01833	0.01355	0.00967	0.00799	0.00255	0.01395	0.00628	0.00475	0.01356
6	0.02395	0.04534	0.40232	0.03317	0.04700	0.02452	0.16502	0.03480	0.02355	0.06960	0.02114	0.02487	0.01495	0.00995	0.01072	0.00340	0.01576	0.00923	0.00528	0.01543
7	0.01538	0.01025	0.01153	0.01153	0.01153	0.01025	0.00641	0.01538	0.01538	0.02050	0.03331	0.06919	0.03844	0.62842	0.05382	0.01025	0.01025	0.01538	0.00641	0.00641
8	0.04008	0.02007	0.02776	0.02759	0.12390	0.01906	0.01880	0.04885	0.11445	0.38562	0.03799	0.03479	0.02548	0.01263	0.01062	0.00330	0.00954	0.01063	0.01128	0.01756
9	0.02819	0.09017	0.17927	0.09887	0.10635	0.07893	0.11081	0.07782	0.02644	0.07319	0.02104	0.02494	0.01568	0.01028	0.01030	0.00320	0.01455	0.00902	0.00599	0.01497
10	0.35284	0.01881	0.02006	0.01730	0.02297	0.02064	0.05036	0.03244	0.10910	0.04452	0.16718	0.03851	0.03924	0.01371	0.00930	0.00336	0.00807	0.01091	0.00854	0.01214
11	0.01851	0.01522	0.01969	0.01722	0.02116	0.01513	0.01385	0.02295	0.02468	0.03590	0.24971	0.05989	0.05715	0.01843	0.01521	0.00328	0.10686	0.08068	0.00874	0.19573

[dist]
# distance from previous block
# <min> <max>
20	74

[block]
# block no. 6 follows, 13 sequences, length 6
# corresponding to MSA columns:
# 760-765
name=unknown_G
#
# <colnr> <probs for GDERKNQSTAVLIFYWHMCP>
#	G	D	E	R	K	N	Q	S	T	A	V	L	I	F	Y	W	H	M	C	P
0	0.07782	0.02498	0.02395	0.05362	0.02901	0.13468	0.01605	0.07529	0.02724	0.15665	0.02854	0.09743	0.02401	0.01341	0.00980	0.00289	0.01091	0.01066	0.00836	0.17470
1	0.03601	0.02587	0.10242	0.06648	0.03403	0.02303	0.02164	0.11713	0.05971	0.27065	0.03053	0.03029	0.02089	0.01326	0.01393	0.00349	0.09499	0.00987	0.00956	0.01622
2	0.12668	0.02728	0.13220	0.11721	0.11046	0.02220	0.02424	0.07343	0.02619	0.20051	0.02587	0.02742	0.01792	0.01113	0.00991	0.00330	0.01161	0.00897	0.00797	0.01549
3	0.08672	0.02353	0.02632	0.17052	0.03858	0.09749	0.01926	0.03282	0.02320	0.11081	0.02106	0.02493	0.01601	0.01086	0.01146	0.00290	0.06467	0.00801	0.00663	0.20420
4	0.31752	0.02614	0.02343	0.06978	0.03013	0.10194	0.01665	0.13065	0.06988	0.08896	0.02186	0.02332	0.01613	0.01122	0.00875	0.00323	0.01092	0.00783	0.00788	0.01380
5	0.08983	0.03820	0.25878	0.02459	0.03499	0.09021	0.02608	0.03703	0.02408	0.14700	0.02273	0.02439	0.01618	0.01118	0.01133	0.00319	0.05474	0.00808	0.00675	0.07062

[dist]
# distance from previous block
# <min> <max>
0	27

[block]
# block no. 7 follows, 13 sequences, length 14
# corresponding to MSA columns:
# 793-806
name=unknown_H
#
# <colnr> <probs for GDERKNQSTAVLIFYWHMCP>
#	G	D	E	R	K	N	Q	S	T	A	V	L	I	F	Y	W	H	M	C	P
0	0.02163	0.01143	0.01537	0.01576	0.01829	0.01035	0.01126	0.02404	0.02278	0.16436	0.05408	0.47333	0.05886	0.02805	0.01277	0.00404	0.00686	0.02514	0.01064	0.01097
1	0.03919	0.02418	0.02751	0.02186	0.02963	0.02562	0.01781	0.25917	0.16248	0.22456	0.03494	0.03222	0.02409	0.01322	0.01064	0.00330	0.00999	0.01047	0.01144	0.01768
2	0.01963	0.04358	0.43204	0.02588	0.03818	0.02087	0.03170	0.03006	0.02425	0.03574	0.15511	0.03666	0.03525	0.01297	0.01066	0.00334	0.01293	0.01067	0.00628	0.01420
3	0.04744	0.01799	0.02454	0.01881	0.02699	0.01554	0.01554	0.05153	0.03026	0.56979	0.04171	0.03599	0.02617	0.01309	0.01063	0.00327	0.00900	0.01063	0.01309	0.01799
4	0.03563	0.01627	0.02133	0.01740	0.02366	0.01488	0.01397	0.04243	0.07878	0.36069	0.19745	0.04930	0.04898	0.01578	0.01120	0.00332	0.00773	0.01332	0.01243	0.01545
5	0.01979	0.01437	0.01719	0.01715	0.01975	0.01471	0.01242	0.14442	0.02770	0.03702	0.04995	0.47065	0.05678	0.02795	0.01276	0.00401	0.00753	0.02486	0.01001	0.01097
6	0.21337	0.01861	0.02226	0.01757	0.02533	0.01761	0.01451	0.04635	0.02716	0.43759	0.03488	0.03123	0.02245	0.01226	0.00960	0.00327	0.00879	0.00939	0.01143	0.01634
7	0.01987	0.01282	0.01638	0.01552	0.01938	0.01093	0.01128	0.02274	0.02203	0.10266	0.04603	0.39019	0.05025	0.02400	0.01167	0.00346	0.00695	0.02140	0.00936	0.18309
8	0.19378	0.04602	0.43239	0.02603	0.03935	0.02434	0.03208	0.03288	0.02123	0.03702	0.01790	0.02102	0.01290	0.00999	0.00916	0.00333	0.01374	0.00728	0.00499	0.01457
9	0.04744	0.01799	0.02454	0.01881	0.02699	0.01554	0.01554	0.05153	0.03026	0.56979	0.04171	0.03599	0.02617	0.01309	0.01063	0.00327	0.00900	0.01063	0.01309	0.01799
10	0.02233	0.02649	0.20395	0.02076	0.02800	0.01640	0.02126	0.02802	0.02196	0.10918	0.09378	0.03782	0.03036	0.03313	0.16059	0.10044	0.01562	0.01076	0.00698	0.01218
11	0.01585	0.01063	0.01334	0.01266	0.01515	0.00995	0.00950	0.02082	0.02849	0.04185	0.45984	0.07163	0.08626	0.01989	0.01153	0.00317	0.00498	0.01740	0.13712	0.00995
12	0.02174	0.02170	0.04006	0.41930	0.11504	0.02442	0.14723	0.02916	0.02233	0.02936	0.01951	0.02808	0.01481	0.01007	0.01101	0.00350	0.01484	0.01013	0.00490	0.01282
13	0.03359	0.02369	0.07006	0.16467	0.04597	0.02171	0.13791	0.07169	0.02765	0.25037	0.02907	0.03085	0.01962	0.01131	0.01100	0.00340	0.01284	0.01051	0.00860	0.01550

[dist]
# distance from previous block
# <min> <max>
0	4

[block]
# block no. 8 follows, 13 sequences, length 24
# corresponding to MSA columns:
# 811-834
name=unknown_I
#
# <colnr> <probs for GDERKNQSTAVLIFYWHMCP>
#	G	D	E	R	K	N	Q	S	T	A	V	L	I	F	Y	W	H	M	C	P
0	0.02815	0.20552	0.04372	0.06368	0.03637	0.06672	0.11216	0.09592	0.06187	0.03350	0.01946	0.02381	0.01600	0.01199	0.01466	0.00330	0.13446	0.00887	0.00597	0.01388
1	0.02479	0.02203	0.03099	0.02234	0.03187	0.01888	0.11256	0.09059	0.02598	0.03836	0.02012	0.02363	0.01602	0.00865	0.00907	0.00215	0.01024	0.00787	0.00663	0.47719
2	0.14935	0.11523	0.14319	0.02708	0.08512	0.06850	0.02342	0.19067	0.03089	0.04491	0.01961	0.02183	0.01489	0.01071	0.00917	0.00307	0.01241	0.00779	0.00693	0.01525
3	0.03405	0.04092	0.02762	0.02532	0.02997	0.41969	0.01910	0.04005	0.09219	0.02825	0.02367	0.08175	0.02156	0.01407	0.01185	0.00312	0.05799	0.00993	0.00649	0.01240
4	0.03718	0.02114	0.02507	0.02002	0.02709	0.02151	0.01625	0.19966	0.10058	0.25663	0.12060	0.04002	0.03630	0.01451	0.01093	0.00329	0.00911	0.01182	0.01175	0.01653
5	0.02121	0.05469	0.57364	0.03014	0.04576	0.02455	0.03906	0.03348	0.02232	0.03348	0.01897	0.02232	0.01339	0.01005	0.01005	0.00335	0.01563	0.00781	0.00446	0.01563
6	0.11257	0.01824	0.02364	0.01832	0.02634	0.01635	0.01513	0.04950	0.02904	0.51790	0.03903	0.03412	0.02471	0.01276	0.01023	0.00327	0.00892	0.01015	0.01244	0.01734
7	0.01837	0.00918	0.01377	0.01377	0.01377	0.00918	0.00918	0.01377	0.01377	0.01837	0.01837	0.03214	0.01837	0.03673	0.04132	0.69238	0.00918	0.00918	0.00459	0.00459
8	0.01903	0.01735	0.02886	0.48949	0.06237	0.02150	0.02624	0.02544	0.02034	0.02654	0.02064	0.03077	0.01648	0.02388	0.12214	0.00613	0.01685	0.00977	0.00489	0.01130
9	0.01487	0.01190	0.01617	0.01725	0.01774	0.01320	0.01239	0.01680	0.01946	0.02669	0.04968	0.50561	0.05907	0.03029	0.01760	0.00436	0.12293	0.02603	0.00881	0.00916
10	0.01288	0.00920	0.01227	0.01472	0.01534	0.00859	0.00981	0.01472	0.02024	0.02699	0.05828	0.62152	0.06993	0.03312	0.01350	0.00429	0.00613	0.03006	0.00981	0.00859
11	0.70310	0.02045	0.01554	0.01390	0.02045	0.02372	0.01145	0.03108	0.01799	0.04744	0.01472	0.01718	0.01145	0.00981	0.00654	0.00327	0.00818	0.00573	0.00654	0.01145
12	0.02533	0.02701	0.09243	0.07818	0.03306	0.06319	0.02010	0.04649	0.34143	0.03948	0.03499	0.03479	0.02635	0.01301	0.01024	0.00338	0.01024	0.01063	0.07452	0.01514
13	0.01898	0.01183	0.01538	0.01434	0.01764	0.01078	0.01117	0.02363	0.02886	0.10593	0.40042	0.07971	0.13120	0.02178	0.01245	0.00349	0.00598	0.06410	0.01146	0.01085
14	0.02383	0.02519	0.04383	0.03417	0.03825	0.03023	0.21424	0.02866	0.01954	0.02866	0.01674	0.02519	0.01470	0.01485	0.02622	0.00422	0.38351	0.01048	0.00490	0.01259
15	0.04744	0.01799	0.02454	0.01881	0.02699	0.01554	0.01554	0.05153	0.03026	0.56979	0.04171	0.03599	0.02617	0.01309	0.01063	0.00327	0.00900	0.01063	0.01309	0.01799
16	0.02121	0.05469	0.57364	0.03014	0.04576	0.02455	0.03906	0.03348	0.02232	0.03348	0.01897	0.02232	0.01339	0.01005	0.01005	0.00335	0.01563	0.00781	0.00446	0.01563
17	0.03950	0.05039	0.02996	0.02724	0.03269	0.58597	0.02043	0.04222	0.02996	0.02588	0.01634	0.01907	0.01362	0.01090	0.00953	0.00272	0.01907	0.00681	0.00545	0.01226
18	0.02827	0.63478	0.05540	0.01809	0.02714	0.04184	0.01809	0.03166	0.02148	0.02488	0.01470	0.01696	0.01357	0.00905	0.00678	0.00226	0.01131	0.00565	0.00452	0.01357
19	0.02827	0.63478	0.05540	0.01809	0.02714	0.04184	0.01809	0.03166	0.02148	0.02488	0.01470	0.01696	0.01357	0.00905	0.00678	0.00226	0.01131	0.00565	0.00452	0.01357
20	0.02827	0.63478	0.05540	0.01809	0.02714	0.04184	0.01809	0.03166	0.02148	0.02488	0.01470	0.01696	0.01357	0.00905	0.00678	0.00226	0.01131	0.00565	0.00452	0.01357
21	0.02170	0.02269	0.04572	0.16861	0.05163	0.02262	0.30877	0.02920	0.02436	0.03286	0.09029	0.07609	0.02981	0.01257	0.01210	0.00358	0.01454	0.01382	0.00629	0.01274
22	0.02454	0.02673	0.05526	0.11780	0.14320	0.02606	0.37913	0.03277	0.02433	0.03313	0.02081	0.02808	0.01592	0.00921	0.01190	0.00349	0.01647	0.01158	0.00525	0.01437
23	0.04496	0.01745	0.02374	0.01839	0.02614	0.01512	0.01512	0.04912	0.03024	0.52954	0.08102	0.03927	0.03179	0.01374	0.01077	0.00328	0.00869	0.01128	0.01298	0.01738

[dist]
# distance from previous block
# <min> <max>
0	15

[block]
# block no. 9 follows, 13 sequences, length 61
# corresponding to MSA columns:
# 850-910
name=unknown_J
#
# <colnr> <probs for GDERKNQSTAVLIFYWHMCP>
#	G	D	E	R	K	N	Q	S	T	A	V	L	I	F	Y	W	H	M	C	P
0	0.01250	0.01071	0.01071	0.01071	0.01428	0.00893	0.00803	0.01517	0.02410	0.02856	0.10711	0.10175	0.55817	0.02678	0.01250	0.00357	0.00536	0.02231	0.00982	0.00893
1	0.04744	0.01799	0.02454	0.01881	0.02699	0.01554	0.01554	0.05153	0.03026	0.56979	0.04171	0.03599	0.02617	0.01309	0.01063	0.00327	0.00900	0.01063	0.01309	0.01799
2	0.04744	0.01799	0.02454	0.01881	0.02699	0.01554	0.01554	0.05153	0.03026	0.56979	0.04171	0.03599	0.02617	0.01309	0.01063	0.00327	0.00900	0.01063	0.01309	0.01799
3	0.01668	0.01191	0.01662	0.01906	0.02134	0.01186	0.01641	0.02128	0.02398	0.03124	0.05618	0.16289	0.06164	0.02955	0.01451	0.00482	0.00942	0.45124	0.00974	0.00964
4	0.07108	0.02924	0.02636	0.12912	0.03626	0.19566	0.01997	0.11481	0.07149	0.03749	0.06425	0.04082	0.02819	0.01453	0.01069	0.00337	0.01317	0.07293	0.00765	0.01291
5	0.02261	0.02561	0.10061	0.31839	0.26665	0.02427	0.03176	0.02997	0.02246	0.03081	0.01925	0.02668	0.01508	0.01005	0.01047	0.00335	0.01366	0.00922	0.00489	0.01422
6	0.04744	0.01799	0.02454	0.01881	0.02699	0.01554	0.01554	0.05153	0.03026	0.56979	0.04171	0.03599	0.02617	0.01309	0.01063	0.00327	0.00900	0.01063	0.01309	0.01799
7	0.01927	0.01822	0.02206	0.02108	0.02195	0.06496	0.01623	0.02153	0.01915	0.02609	0.03483	0.28789	0.03958	0.02936	0.06894	0.00535	0.24792	0.01839	0.00706	0.01013
8	0.07379	0.03334	0.19791	0.09423	0.04064	0.06244	0.06201	0.06784	0.02671	0.19983	0.02605	0.02730	0.01776	0.01116	0.01025	0.00330	0.01312	0.00911	0.00776	0.01543
9	0.04036	0.01633	0.02190	0.01764	0.02452	0.01415	0.01422	0.04406	0.02855	0.45925	0.04924	0.11116	0.07663	0.01663	0.01113	0.00342	0.00835	0.01393	0.01242	0.01610
10	0.03010	0.53932	0.05125	0.01959	0.02804	0.13072	0.01847	0.03338	0.02287	0.02504	0.01497	0.01730	0.01358	0.00935	0.00723	0.00234	0.01257	0.00584	0.00467	0.01335
11	0.02192	0.01879	0.02192	0.01566	0.02506	0.01409	0.01253	0.02662	0.02192	0.03445	0.01879	0.02192	0.01566	0.00783	0.00783	0.00157	0.00783	0.00626	0.00626	0.69305
12	0.02743	0.02510	0.03405	0.19092	0.04512	0.07092	0.09951	0.16878	0.02999	0.03902	0.02515	0.09681	0.02207	0.01426	0.01308	0.00355	0.06144	0.01214	0.00712	0.01354
13	0.08200	0.30813	0.04024	0.02222	0.02934	0.30375	0.01875	0.03673	0.02534	0.02697	0.01550	0.01799	0.01344	0.01000	0.00810	0.00256	0.01484	0.00622	0.00511	0.01278
14	0.02325	0.01446	0.01827	0.01590	0.02123	0.01200	0.01197	0.02658	0.02291	0.14132	0.04065	0.28519	0.04139	0.01990	0.01087	0.00310	0.00733	0.01749	0.00921	0.25698
15	0.06954	0.16927	0.30305	0.02534	0.03684	0.11913	0.02826	0.03571	0.02371	0.07055	0.01906	0.02136	0.01428	0.01019	0.00911	0.00301	0.01435	0.00728	0.00540	0.01457
16	0.01576	0.01181	0.01473	0.01383	0.01669	0.01129	0.01042	0.02271	0.07321	0.04162	0.48277	0.07716	0.12501	0.02135	0.01233	0.00336	0.00530	0.01873	0.01144	0.01048
17	0.01699	0.01025	0.01373	0.01521	0.01672	0.00941	0.01050	0.01910	0.02143	0.09149	0.05631	0.55194	0.06473	0.03074	0.01316	0.00417	0.00647	0.02775	0.01020	0.00971
18	0.01288	0.00920	0.01227	0.01472	0.01534	0.00859	0.00981	0.01472	0.02024	0.02699	0.05828	0.62152	0.06993	0.03312	0.01350	0.00429	0.00613	0.03006	0.00981	0.00859
19	0.04099	0.02530	0.03278	0.02475	0.03337	0.02586	0.07834	0.29731	0.03977	0.24392	0.03079	0.02958	0.02070	0.01239	0.01082	0.00326	0.01142	0.01027	0.01086	0.01754
20	0.01288	0.00920	0.01227	0.01472	0.01534	0.00859	0.00981	0.01472	0.02024	0.02699	0.05828	0.62152	0.06993	0.03312	0.01350	0.00429	0.00613	0.03006	0.00981	0.00859
21	0.51810	0.01976	0.01808	0.01529	0.02229	0.02141	0.01260	0.03685	0.02146	0.19483	0.02234	0.02248	0.01560	0.01074	0.00770	0.00327	0.00841	0.00711	0.00839	0.01330
22	0.01496	0.01081	0.01413	0.01330	0.01580	0.00998	0.00998	0.01995	0.02993	0.04240	0.55689	0.07898	0.09976	0.02162	0.01247	0.00333	0.00499	0.01912	0.01164	0.00998
23	0.04019	0.02962	0.03173	0.02433	0.03279	0.03279	0.02010	0.52721	0.04971	0.06663	0.02538	0.02538	0.01798	0.01269	0.01058	0.00317	0.01163	0.00952	0.01058	0.01798
24	0.02243	0.02211	0.03105	0.02682	0.02699	0.03072	0.02227	0.02488	0.01626	0.02537	0.01513	0.02473	0.01497	0.02379	0.08262	0.00570	0.55863	0.00943	0.00472	0.01138
25	0.02975	0.02194	0.02401	0.02108	0.02741	0.02454	0.01654	0.05542	0.45955	0.13008	0.04282	0.03888	0.03128	0.01414	0.01074	0.00353	0.00847	0.01174	0.01114	0.01694
26	0.03950	0.05039	0.02996	0.02724	0.03269	0.58597	0.02043	0.04222	0.02996	0.02588	0.01634	0.01907	0.01362	0.01090	0.00953	0.00272	0.01907	0.00681	0.00545	0.01226
27	0.02121	0.05469	0.57364	0.03014	0.04576	0.02455	0.03906	0.03348	0.02232	0.03348	0.01897	0.02232	0.01339	0.01005	0.01005	0.00335	0.01563	0.00781	0.00446	0.01563
28	0.01288	0.00920	0.01227	0.01472	0.01534	0.00859	0.00981	0.01472	0.02024	0.02699	0.05828	0.62152	0.06993	0.03312	0.01350	0.00429	0.00613	0.03006	0.00981	0.00859
29	0.02882	0.36824	0.18250	0.02238	0.03298	0.03566	0.02382	0.12961	0.02725	0.03528	0.01789	0.01998	0.01439	0.01002	0.00836	0.00272	0.01247	0.00696	0.00570	0.01496
30	0.02959	0.02634	0.04949	0.04006	0.10773	0.02549	0.31637	0.07970	0.06480	0.11135	0.02590	0.02979	0.01885	0.01026	0.01170	0.00344	0.01478	0.01157	0.00723	0.01556
31	0.18162	0.17258	0.06507	0.01881	0.02605	0.02743	0.01679	0.10913	0.08697	0.07240	0.02448	0.05920	0.02042	0.01416	0.01115	0.05352	0.00998	0.00915	0.00749	0.01359
32	0.02134	0.04988	0.49349	0.08082	0.04873	0.02460	0.06960	0.03295	0.02239	0.03295	0.01911	0.02323	0.01363	0.01002	0.01025	0.00338	0.01564	0.00825	0.00454	0.01520
33	0.04744	0.01799	0.02454	0.01881	0.02699	0.01554	0.01554	0.05153	0.03026	0.56979	0.04171	0.03599	0.02617	0.01309	0.01063	0.00327	0.00900	0.01063	0.01309	0.01799
34	0.01452	0.01091	0.01356	0.01426	0.01625	0.01039	0.01016	0.01957	0.06223	0.03364	0.23117	0.33416	0.13525	0.02711	0.01283	0.00383	0.00582	0.02412	0.01050	0.00969
35	0.34606	0.02294	0.03024	0.06007	0.07197	0.02467	0.11973	0.06802	0.05532	0.07742	0.02091	0.02394	0.01561	0.01033	0.00907	0.00335	0.01111	0.00855	0.00705	0.01362
36	0.02011	0.01859	0.02618	0.02331	0.02390	0.02492	0.01891	0.02272	0.01639	0.02483	0.01969	0.03198	0.01945	0.07878	0.20767	0.00885	0.38779	0.01031	0.00507	0.01055
37	0.02297	0.01192	0.01611	0.01626	0.01915	0.01084	0.01201	0.02569	0.02340	0.18053	0.05342	0.41580	0.05685	0.02715	0.01278	0.00405	0.00723	0.06177	0.01073	0.01133
38	0.12901	0.01962	0.02790	0.22109	0.08084	0.02199	0.06091	0.06088	0.06941	0.03810	0.08619	0.03411	0.02710	0.01215	0.01007	0.00333	0.01087	0.01049	0.06320	0.01272
39	0.08286	0.02645	0.08031	0.10417	0.04180	0.02459	0.13225	0.15669	0.03104	0.17486	0.02637	0.02823	0.01821	0.01125	0.01067	0.00335	0.01275	0.01001	0.00846	0.01566
40	0.01837	0.00918	0.01377	0.01377	0.01377	0.00918	0.00918	0.01377	0.01377	0.01837	0.01837	0.03214	0.01837	0.03673	0.04132	0.69238	0.00918	0.00918	0.00459	0.00459
41	0.01364	0.00977	0.01302	0.01475	0.01591	0.00915	0.01037	0.01639	0.02267	0.03072	0.16805	0.46595	0.07586	0.03031	0.01335	0.00412	0.00614	0.06066	0.01021	0.00898
42	0.09177	0.01907	0.02496	0.13531	0.03533	0.01953	0.01804	0.08323	0.06309	0.30321	0.03473	0.07192	0.02523	0.01372	0.01048	0.00340	0.00993	0.01129	0.01028	0.01548
43	0.03381	0.02429	0.03489	0.15427	0.04389	0.06789	0.12404	0.08144	0.07014	0.21203	0.02919	0.03077	0.02023	0.01157	0.01092	0.00336	0.01292	0.01045	0.00863	0.01528
44	0.02431	0.02662	0.05178	0.03862	0.04553	0.02873	0.34693	0.03089	0.02186	0.03089	0.01873	0.02662	0.01528	0.01230	0.02034	0.00394	0.22689	0.01134	0.00509	0.01331
45	0.02333	0.02659	0.11827	0.06504	0.03607	0.01933	0.07942	0.06447	0.02428	0.03598	0.01960	0.02348	0.01539	0.00887	0.00914	0.00235	0.01102	0.00772	0.00606	0.40359
46	0.11187	0.02193	0.02848	0.20712	0.07817	0.02431	0.02165	0.14331	0.07336	0.14676	0.02638	0.02863	0.01872	0.01168	0.01011	0.00335	0.01127	0.00945	0.00839	0.01505
47	0.01673	0.01342	0.01830	0.01740	0.01837	0.01593	0.01306	0.01924	0.01824	0.02609	0.09176	0.09905	0.03909	0.18901	0.21690	0.00989	0.14726	0.01441	0.00669	0.00916
48	0.03912	0.02186	0.03057	0.07721	0.15079	0.02159	0.02128	0.13588	0.03185	0.31126	0.03191	0.03116	0.02154	0.01199	0.01058	0.00324	0.01070	0.01005	0.01019	0.01721
49	0.03470	0.02019	0.02793	0.02484	0.07341	0.02090	0.01867	0.03857	0.02444	0.28501	0.02834	0.02928	0.02022	0.01347	0.01697	0.00337	0.17844	0.00945	0.00894	0.12287
50	0.01980	0.01132	0.01459	0.01475	0.01750	0.01013	0.01067	0.02249	0.02367	0.13547	0.10540	0.37514	0.14360	0.02716	0.01268	0.00389	0.00647	0.02404	0.01061	0.01061
51	0.03050	0.05690	0.10221	0.01853	0.02561	0.01625	0.01707	0.03579	0.02763	0.26651	0.18098	0.09564	0.04776	0.01651	0.01108	0.00333	0.00874	0.01397	0.01064	0.01435
52	0.04182	0.02598	0.13053	0.02143	0.03106	0.01866	0.02042	0.08644	0.03031	0.42624	0.03603	0.03251	0.02306	0.01247	0.01052	0.00328	0.01048	0.01000	0.01123	0.01754
53	0.14785	0.08037	0.11527	0.02379	0.03328	0.02413	0.08806	0.09776	0.02783	0.22085	0.02669	0.02683	0.01832	0.01111	0.00977	0.00322	0.01158	0.00907	0.00859	0.01564
54	0.03191	0.01938	0.03095	0.02778	0.09270	0.01855	0.09983	0.03690	0.02696	0.25729	0.10888	0.04398	0.07763	0.01473	0.01326	0.00345	0.05840	0.01282	0.00973	0.01486
55	0.31607	0.02382	0.02448	0.01974	0.02721	0.08758	0.05747	0.03871	0.02410	0.20560	0.02417	0.02455	0.01697	0.01075	0.00876	0.00312	0.01052	0.00799	0.00833	0.06005
56	0.02143	0.02324	0.09684	0.06943	0.03231	0.01751	0.05040	0.06600	0.02446	0.03490	0.03344	0.08478	0.08462	0.01327	0.00992	0.00270	0.00990	0.01137	0.00691	0.30656
57	0.02560	0.01711	0.02227	0.06468	0.02781	0.01581	0.01546	0.03007	0.02414	0.14677	0.07014	0.04635	0.06537	0.01481	0.01230	0.00299	0.05815	0.06728	0.00847	0.26442
58	0.02713	0.13678	0.06892	0.02096	0.02937	0.02284	0.06071	0.03625	0.10842	0.11372	0.02884	0.07492	0.02381	0.01219	0.00954	0.00280	0.01000	0.01030	0.00778	0.19472
59	0.08038	0.37999	0.14019	0.01953	0.02962	0.03273	0.02043	0.03112	0.02143	0.02981	0.01614	0.01876	0.01371	0.00909	0.00752	0.00243	0.01127	0.00615	0.00496	0.12476
60	0.03436	0.03310	0.11829	0.07110	0.03653	0.09348	0.02294	0.27531	0.03765	0.09442	0.05851	0.02873	0.02239	0.01249	0.01049	0.00319	0.01271	0.00962	0.00878	0.01590

[dist]
# distance from previous block
# <min> <max>
0	8

[block]
# block no. 10 follows, 13 sequences, length 120
# corresponding to MSA columns:
# 919-1038
name=unknown_K
#
# <colnr> <probs for GDERKNQSTAVLIFYWHMCP>
#	G	D	E	R	K	N	Q	S	T	A	V	L	I	F	Y	W	H	M	C	P
0	0.02643	0.03072	0.09021	0.02690	0.03033	0.11975	0.02350	0.07043	0.02194	0.02977	0.01680	0.02385	0.01500	0.02007	0.06412	0.00491	0.35858	0.00887	0.00531	0.01251
1	0.02359	0.01480	0.01826	0.01616	0.02049	0.01464	0.01252	0.03392	0.14372	0.14204	0.34613	0.06213	0.07097	0.01840	0.01175	0.00337	0.00649	0.01594	0.01172	0.01298
2	0.02027	0.01363	0.01770	0.08036	0.02546	0.01351	0.01453	0.02616	0.06499	0.10314	0.06313	0.17073	0.18441	0.02381	0.01257	0.00396	0.00822	0.13246	0.00975	0.01121
3	0.08237	0.08985	0.07597	0.19173	0.07470	0.02360	0.02250	0.07291	0.02548	0.15596	0.02657	0.06810	0.02086	0.01253	0.01001	0.00330	0.01145	0.01029	0.00756	0.01425
4	0.01889	0.01220	0.01573	0.01646	0.01911	0.01178	0.01258	0.02431	0.06685	0.09031	0.09699	0.31656	0.09392	0.02714	0.01306	0.00413	0.00733	0.13157	0.01038	0.01069
5	0.01518	0.01017	0.01159	0.01178	0.01183	0.01012	0.00668	0.01532	0.01576	0.02101	0.03528	0.11277	0.04092	0.58145	0.05063	0.00978	0.00993	0.01653	0.00668	0.00658
6	0.02356	0.04019	0.29808	0.14934	0.17627	0.06676	0.03417	0.03264	0.02310	0.03192	0.01896	0.02415	0.01437	0.01006	0.01021	0.00328	0.01484	0.00844	0.00477	0.01489
7	0.03271	0.02971	0.17711	0.07305	0.03801	0.02127	0.06318	0.10293	0.02873	0.22993	0.03114	0.07374	0.02312	0.01318	0.01082	0.00340	0.01204	0.01123	0.00886	0.01583
8	0.04744	0.01799	0.02454	0.01881	0.02699	0.01554	0.01554	0.05153	0.03026	0.56979	0.04171	0.03599	0.02617	0.01309	0.01063	0.00327	0.00900	0.01063	0.01309	0.01799
9	0.04289	0.02022	0.02538	0.01988	0.02753	0.01933	0.01623	0.16823	0.03436	0.40045	0.03891	0.07952	0.02757	0.01457	0.01084	0.00333	0.00943	0.01189	0.01220	0.01725
10	0.03193	0.02288	0.07237	0.25949	0.04973	0.02177	0.06325	0.07850	0.02716	0.22484	0.02773	0.03032	0.01882	0.01147	0.01070	0.00339	0.01248	0.00997	0.00821	0.01498
11	0.03291	0.02137	0.03572	0.07075	0.03821	0.02062	0.17149	0.07219	0.06045	0.23935	0.03460	0.09682	0.02681	0.01387	0.01151	0.00351	0.01190	0.01324	0.00942	0.01527
12	0.03434	0.02773	0.07502	0.02619	0.03305	0.06949	0.07598	0.11002	0.06190	0.19576	0.02710	0.02854	0.01949	0.01348	0.01618	0.00358	0.14830	0.00992	0.00852	0.01540
13	0.02314	0.01961	0.02348	0.06521	0.02962	0.01628	0.01450	0.06435	0.02395	0.03626	0.01929	0.02271	0.01570	0.00842	0.00827	0.00185	0.00864	0.00677	0.00646	0.58550
14	0.18281	0.03143	0.10847	0.11886	0.04008	0.11525	0.07716	0.06800	0.05777	0.07292	0.02126	0.02444	0.01573	0.01074	0.00964	0.00328	0.01332	0.00850	0.00660	0.01373
15	0.03038	0.52482	0.05062	0.01981	0.02818	0.14422	0.01853	0.03365	0.02308	0.02506	0.01501	0.01736	0.01358	0.00939	0.00730	0.00235	0.01277	0.00587	0.00470	0.01332
16	0.08679	0.02005	0.02448	0.01868	0.02703	0.01839	0.01535	0.11613	0.03069	0.35463	0.03296	0.03037	0.02189	0.01178	0.00980	0.00293	0.00911	0.00928	0.01093	0.14873
17	0.02652	0.32585	0.27137	0.02418	0.03561	0.09419	0.02720	0.03359	0.02277	0.02862	0.01668	0.01945	0.01350	0.00967	0.00846	0.00277	0.01398	0.00669	0.00460	0.01429
18	0.01365	0.00999	0.01282	0.01373	0.01540	0.00917	0.00968	0.01681	0.02444	0.03316	0.25777	0.35330	0.13507	0.02795	0.01299	0.00384	0.00560	0.02495	0.01053	0.00917
19	0.02284	0.02362	0.03986	0.03180	0.03511	0.02868	0.17486	0.02712	0.01920	0.02814	0.01987	0.07459	0.01921	0.01680	0.02615	0.00427	0.37848	0.01197	0.00528	0.01214
