[name]
unknown

[dist]
# distance from previous block
# <min> <max>
0	154

[block]
# block no. 0 follows, 10 sequences, length 7
# corresponding to MSA columns:
# 183-189
name=unknown_A
#
# <colnr> <probs for GDERKNQSTAVLIFYWHMCP>
#	G	D	E	R	K	N	Q	S	T	A	V	L	I	F	Y	W	H	M	C	P
0	0.13319	0.01723	0.02162	0.02019	0.02597	0.01677	0.01716	0.03803	0.02816	0.22417	0.04857	0.07898	0.04402	0.02208	0.01303	0.00442	0.01013	0.21028	0.01156	0.01445
1	0.01564	0.01169	0.01451	0.01416	0.01696	0.01057	0.01049	0.02022	0.03045	0.04161	0.38116	0.14155	0.19564	0.02628	0.01384	0.00382	0.00570	0.02300	0.01216	0.01057
2	0.01581	0.01160	0.01482	0.01456	0.01711	0.01061	0.01071	0.02048	0.03056	0.04234	0.39963	0.16684	0.14891	0.02637	0.01390	0.00385	0.00573	0.02329	0.01227	0.01061
3	0.01417	0.01012	0.01350	0.01619	0.01687	0.00945	0.01080	0.01619	0.02227	0.02969	0.06410	0.58367	0.07692	0.03644	0.01484	0.00472	0.00675	0.03306	0.01080	0.00945
4	0.03075	0.02723	0.11086	0.07845	0.03949	0.02296	0.08892	0.07413	0.02649	0.13010	0.02609	0.03197	0.01973	0.01947	0.02203	0.15656	0.06234	0.01077	0.00757	0.01409
5	0.02931	0.41801	0.13068	0.02707	0.03840	0.04027	0.10541	0.03555	0.02445	0.03052	0.01818	0.02180	0.01539	0.01008	0.00911	0.00292	0.01442	0.00791	0.00513	0.01539
6	0.14967	0.17672	0.03694	0.09952	0.03706	0.03191	0.02011	0.13878	0.03101	0.08869	0.02262	0.02501	0.01717	0.01156	0.00947	0.00316	0.01178	0.00837	0.00796	0.07248

[dist]
# distance from previous block
# <min> <max>
2	10

[block]
# block no. 1 follows, 10 sequences, length 33
# corresponding to MSA columns:
# 200-232
name=unknown_B
#
# <colnr> <probs for GDERKNQSTAVLIFYWHMCP>
#	G	D	E	R	K	N	Q	S	T	A	V	L	I	F	Y	W	H	M	C	P
0	0.21306	0.03522	0.02874	0.02421	0.03181	0.16830	0.01928	0.20391	0.08142	0.05328	0.02393	0.02509	0.01804	0.01275	0.01015	0.00343	0.01361	0.00880	0.00895	0.01602
1	0.23489	0.02354	0.02445	0.02059	0.02825	0.02557	0.01661	0.09101	0.18538	0.17955	0.03555	0.03339	0.02519	0.01371	0.01035	0.00370	0.00966	0.01040	0.01107	0.01712
2	0.09626	0.02045	0.02971	0.27106	0.05232	0.02198	0.02370	0.04211	0.02739	0.25262	0.03145	0.03369	0.02113	0.01278	0.01124	0.00373	0.01240	0.01056	0.00946	0.01594
3	0.03524	0.09359	0.24037	0.02907	0.04180	0.02678	0.07456	0.08141	0.03009	0.19094	0.02905	0.02963	0.01984	0.01211	0.01123	0.00355	0.01434	0.01001	0.00854	0.01785
4	0.01578	0.01116	0.01478	0.01709	0.01820	0.01076	0.01238	0.01840	0.02271	0.03004	0.05953	0.39086	0.06934	0.11415	0.02147	0.00582	0.00845	0.13941	0.01024	0.00944
5	0.01667	0.01224	0.01755	0.01755	0.01923	0.01392	0.01311	0.02004	0.01835	0.02615	0.03220	0.05147	0.03159	0.18299	0.45284	0.01728	0.02738	0.01331	0.00639	0.00975
6	0.03208	0.20209	0.24023	0.02856	0.04010	0.20398	0.03001	0.03949	0.02710	0.03153	0.01866	0.02179	0.01487	0.01107	0.00991	0.00314	0.01718	0.00759	0.00529	0.01535
7	0.04574	0.02008	0.02610	0.02084	0.02870	0.01848	0.01685	0.10603	0.03451	0.39707	0.04614	0.11540	0.03446	0.01747	0.01214	0.00374	0.00983	0.01457	0.01352	0.01832
8	0.05218	0.01979	0.02699	0.02069	0.02969	0.01709	0.01709	0.05668	0.03329	0.52677	0.04588	0.03959	0.02879	0.01439	0.01170	0.00360	0.00990	0.01170	0.01439	0.01979
9	0.01676	0.01278	0.01563	0.01624	0.01865	0.01250	0.01165	0.02398	0.08792	0.03763	0.20747	0.31061	0.12576	0.02909	0.01399	0.00421	0.00659	0.02585	0.01156	0.01113
10	0.03414	0.02445	0.03014	0.25855	0.05137	0.09528	0.02389	0.03995	0.02882	0.19039	0.07786	0.03795	0.02917	0.01379	0.01170	0.00364	0.01348	0.01144	0.00901	0.01500
11	0.01431	0.01068	0.01331	0.01502	0.01665	0.00969	0.01037	0.01689	0.02433	0.03181	0.12211	0.42493	0.18044	0.03355	0.01448	0.00443	0.00642	0.02989	0.01100	0.00969
12	0.02843	0.02863	0.05292	0.06542	0.39659	0.02811	0.15324	0.03611	0.02674	0.03780	0.02232	0.02948	0.01822	0.01021	0.01210	0.00358	0.01536	0.01126	0.00579	0.01769
13	0.02659	0.22621	0.30984	0.02759	0.04097	0.03333	0.03215	0.03974	0.09151	0.03550	0.02314	0.02536	0.01775	0.01137	0.01002	0.00334	0.01454	0.00849	0.00592	0.01664
14	0.02890	0.02077	0.02116	0.01988	0.02398	0.08969	0.01479	0.07300	0.03010	0.13334	0.09565	0.29379	0.05652	0.02521	0.01319	0.00403	0.00984	0.02187	0.01110	0.01319
15	0.01447	0.01035	0.01376	0.01599	0.01694	0.00965	0.01082	0.01694	0.02365	0.03190	0.12249	0.51899	0.08120	0.03479	0.01470	0.00458	0.00658	0.03150	0.01106	0.00965
16	0.02196	0.02067	0.03488	0.56331	0.08010	0.02584	0.03230	0.02972	0.02326	0.02972	0.02067	0.03101	0.01550	0.01163	0.01163	0.00388	0.01550	0.01034	0.00517	0.01292
17	0.51771	0.02757	0.09115	0.01838	0.02718	0.02530	0.01737	0.03686	0.02185	0.09836	0.01988	0.02181	0.01455	0.01120	0.00820	0.00361	0.01025	0.00717	0.00761	0.01398
18	0.02196	0.02067	0.03488	0.56331	0.08010	0.02584	0.03230	0.02972	0.02326	0.02972	0.02067	0.03101	0.01550	0.01163	0.01163	0.00388	0.01550	0.01034	0.00517	0.01292
19	0.04785	0.01852	0.02469	0.01929	0.02740	0.01621	0.01582	0.05248	0.03202	0.45805	0.04475	0.04012	0.02893	0.01427	0.01119	0.00347	0.00926	0.01157	0.10557	0.01852
20	0.03918	0.02071	0.02805	0.02644	0.09156	0.01902	0.01857	0.08510	0.03343	0.28510	0.12134	0.04389	0.03978	0.01491	0.01171	0.00339	0.00977	0.01257	0.01196	0.08352
21	0.01490	0.01066	0.01426	0.01649	0.01762	0.01002	0.01158	0.01770	0.02408	0.03238	0.12225	0.47590	0.08024	0.03438	0.01481	0.00464	0.00696	0.07029	0.01105	0.00977
22	0.01417	0.01012	0.01350	0.01619	0.01687	0.00945	0.01080	0.01619	0.02227	0.02969	0.06410	0.58367	0.07692	0.03644	0.01484	0.00472	0.00675	0.03306	0.01080	0.00945
23	0.01501	0.01138	0.01384	0.01417	0.01673	0.01021	0.01027	0.01880	0.02811	0.03744	0.27149	0.22707	0.22539	0.02890	0.01403	0.00402	0.00595	0.02532	0.01165	0.01021
24	0.03187	0.01923	0.03192	0.02475	0.03183	0.01744	0.12062	0.03800	0.03179	0.21749	0.23152	0.05702	0.05931	0.01717	0.01299	0.00370	0.01034	0.01598	0.01178	0.01524
25	0.03109	0.59826	0.06095	0.01990	0.02985	0.04602	0.01990	0.03483	0.02363	0.02736	0.01617	0.01866	0.01493	0.00995	0.00746	0.00249	0.01244	0.00622	0.00498	0.01493
26	0.02196	0.02067	0.03488	0.56331	0.08010	0.02584	0.03230	0.02972	0.02326	0.02972	0.02067	0.03101	0.01550	0.01163	0.01163	0.00388	0.01550	0.01034	0.00517	0.01292
27	0.02893	0.02498	0.02630	0.02367	0.03024	0.02893	0.01841	0.06180	0.49770	0.04865	0.04734	0.04339	0.03550	0.01578	0.01183	0.00394	0.00920	0.01315	0.01183	0.01841
28	0.03109	0.59826	0.06095	0.01990	0.02985	0.04602	0.01990	0.03483	0.02363	0.02736	0.01617	0.01866	0.01493	0.00995	0.00746	0.00249	0.01244	0.00622	0.00498	0.01493
29	0.01375	0.01178	0.01178	0.01178	0.01571	0.00982	0.00884	0.01669	0.02651	0.03142	0.11782	0.11193	0.51399	0.02946	0.01375	0.00393	0.00589	0.02455	0.01080	0.00982
30	0.03742	0.01653	0.02226	0.01819	0.02460	0.01457	0.01457	0.04233	0.03314	0.32842	0.23868	0.05912	0.06223	0.01827	0.01253	0.00362	0.00807	0.01555	0.01374	0.01615
31	0.03267	0.11655	0.02881	0.01943	0.02560	0.02188	0.01581	0.09780	0.03170	0.18215	0.10389	0.18562	0.04852	0.02068	0.01207	0.00370	0.00933	0.01750	0.01123	0.01505
32	0.04298	0.02481	0.03397	0.02583	0.03471	0.02443	0.07800	0.19148	0.03960	0.26755	0.08062	0.03906	0.03191	0.01453	0.01213	0.00361	0.01171	0.01243	0.01222	0.01843

[dist]
# distance from previous block
# <min> <max>
0	41

[block]
# block no. 2 follows, 10 sequences, length 11
# corresponding to MSA columns:
# 274-284
name=unknown_C
#
# <colnr> <probs for GDERKNQSTAVLIFYWHMCP>
#	G	D	E	R	K	N	Q	S	T	A	V	L	I	F	Y	W	H	M	C	P
0	0.03722	0.01657	0.02165	0.01771	0.02439	0.01440	0.01422	0.04164	0.03194	0.32960	0.16072	0.06342	0.13737	0.01926	0.01252	0.00367	0.00819	0.01613	0.01338	0.01601
1	0.36400	0.04042	0.26169	0.02379	0.03575	0.02653	0.02705	0.03545	0.02206	0.04488	0.01842	0.02159	0.01361	0.01092	0.00903	0.00364	0.01290	0.00739	0.00611	0.01478
2	0.04153	0.01716	0.02253	0.01837	0.02543	0.01499	0.01475	0.04571	0.03066	0.38018	0.05459	0.09954	0.08557	0.01803	0.01188	0.00366	0.00874	0.01503	0.07477	0.01688
3	0.03003	0.43190	0.06320	0.02845	0.03893	0.04115	0.15388	0.03554	0.02475	0.03027	0.01833	0.02239	0.01572	0.00991	0.00930	0.00291	0.01454	0.00842	0.00524	0.01515
4	0.67341	0.02249	0.01709	0.01529	0.02249	0.02609	0.01260	0.03419	0.01979	0.05218	0.01619	0.01889	0.01260	0.01080	0.00720	0.00360	0.00900	0.00630	0.00720	0.01260
5	0.02470	0.01371	0.01819	0.01603	0.02021	0.01239	0.01239	0.02996	0.03301	0.15735	0.40496	0.07597	0.09107	0.02161	0.01325	0.00364	0.00650	0.01888	0.01317	0.01301
6	0.01510	0.01084	0.01432	0.01556	0.01707	0.01006	0.01087	0.01852	0.02657	0.03654	0.24527	0.38298	0.09018	0.03132	0.01439	0.00429	0.00624	0.02820	0.01161	0.01006
7	0.01417	0.01012	0.01350	0.01619	0.01687	0.00945	0.01080	0.01619	0.02227	0.02969	0.06410	0.58367	0.07692	0.03644	0.01484	0.00472	0.00675	0.03306	0.01080	0.00945
8	0.03645	0.02872	0.03053	0.02519	0.03311	0.03244	0.02023	0.26750	0.27975	0.06078	0.03779	0.03578	0.02777	0.01488	0.01174	0.00372	0.01097	0.01183	0.01174	0.01908
9	0.10944	0.28624	0.04217	0.02125	0.03007	0.09015	0.01869	0.08548	0.07841	0.03877	0.02146	0.02318	0.01763	0.01117	0.00879	0.00285	0.01220	0.00763	0.00700	0.08741
10	0.03157	0.30160	0.05638	0.08618	0.04424	0.03555	0.15486	0.03760	0.02587	0.09011	0.02235	0.02620	0.01744	0.01062	0.01025	0.00319	0.01456	0.00951	0.00639	0.01552

[dist]
# distance from previous block
# <min> <max>
0	20

[block]
# block no. 3 follows, 10 sequences, length 27
# corresponding to MSA columns:
# 305-331
name=unknown_D
#
# <colnr> <probs for GDERKNQSTAVLIFYWHMCP>
#	G	D	E	R	K	N	Q	S	T	A	V	L	I	F	Y	W	H	M	C	P
0	0.15680	0.02235	0.02360	0.01993	0.02693	0.07168	0.01580	0.04492	0.02901	0.30843	0.04067	0.12340	0.03237	0.01712	0.01128	0.00372	0.01036	0.01381	0.01164	0.01615
1	0.01501	0.01100	0.01410	0.01508	0.01693	0.01008	0.01064	0.01849	0.02690	0.03648	0.24480	0.33592	0.14014	0.03071	0.01428	0.00422	0.00616	0.02740	0.01158	0.01008
2	0.01646	0.01189	0.01555	0.01463	0.01738	0.01097	0.01097	0.02195	0.03292	0.04664	0.51257	0.08688	0.10974	0.02378	0.01372	0.00366	0.00549	0.02103	0.01280	0.01097
3	0.35412	0.01983	0.02021	0.01702	0.02410	0.02055	0.01386	0.03983	0.02654	0.21268	0.10790	0.03711	0.03407	0.01415	0.00980	0.00361	0.00873	0.01056	0.01057	0.01478
4	0.02600	0.02114	0.02986	0.28970	0.05239	0.02557	0.02461	0.10296	0.02797	0.03957	0.02485	0.03242	0.01922	0.01353	0.01426	0.00372	0.08345	0.01045	0.14474	0.01358
5	0.09151	0.01949	0.02620	0.02915	0.13096	0.01931	0.01852	0.07243	0.03223	0.12659	0.23745	0.05458	0.05906	0.01717	0.01208	0.00358	0.00902	0.01480	0.01088	0.01499
6	0.12800	0.01626	0.01826	0.01628	0.02059	0.01665	0.01266	0.08223	0.03353	0.05094	0.36931	0.06820	0.08232	0.02039	0.01238	0.00363	0.00699	0.01727	0.01173	0.01236
7	0.13466	0.10419	0.11565	0.02824	0.08071	0.03009	0.02383	0.11059	0.12300	0.09643	0.02852	0.02911	0.02110	0.01253	0.01034	0.00351	0.01196	0.00961	0.00873	0.01720
8	0.03439	0.31394	0.08732	0.02415	0.03359	0.12305	0.02243	0.11188	0.07902	0.03796	0.02197	0.02357	0.01782	0.01163	0.00938	0.00298	0.01396	0.00803	0.00692	0.01602
9	0.10826	0.03111	0.15039	0.02373	0.03458	0.02213	0.02343	0.08699	0.03165	0.31754	0.03510	0.03274	0.02288	0.01317	0.01107	0.00361	0.01185	0.01027	0.01108	0.01841
10	0.12294	0.03116	0.11844	0.03629	0.11722	0.02730	0.10699	0.08467	0.02854	0.04392	0.08362	0.03405	0.02827	0.01359	0.01423	0.00380	0.07069	0.01143	0.00736	0.01549
11	0.11582	0.03525	0.14277	0.02446	0.03464	0.10714	0.02341	0.04784	0.02967	0.27736	0.03212	0.03068	0.02142	0.01281	0.01083	0.00352	0.01329	0.00967	0.01000	0.01733
12	0.05218	0.01979	0.02699	0.02069	0.02969	0.01709	0.01709	0.05668	0.03329	0.52677	0.04588	0.03959	0.02879	0.01439	0.01170	0.00360	0.00990	0.01170	0.01439	0.01979
13	0.02603	0.02741	0.16778	0.02154	0.02960	0.01665	0.02151	0.03269	0.02779	0.15005	0.13460	0.16550	0.08819	0.02104	0.01271	0.00390	0.01022	0.01808	0.01028	0.01441
14	0.02348	0.02526	0.10671	0.08239	0.09544	0.02024	0.02256	0.03436	0.10307	0.07175	0.10912	0.05991	0.16131	0.01830	0.01235	0.00377	0.01049	0.01556	0.00927	0.01464
15	0.05218	0.01979	0.02699	0.02069	0.02969	0.01709	0.01709	0.05668	0.03329	0.52677	0.04588	0.03959	0.02879	0.01439	0.01170	0.00360	0.00990	0.01170	0.01439	0.01979
16	0.05117	0.02142	0.02800	0.02146	0.03050	0.01951	0.01773	0.11053	0.03601	0.46908	0.04360	0.03810	0.02764	0.01434	0.01169	0.00358	0.01027	0.01154	0.01404	0.01979
17	0.04038	0.02375	0.03719	0.04627	0.27641	0.02241	0.02648	0.04609	0.02985	0.28017	0.03377	0.03414	0.02356	0.01236	0.01160	0.00353	0.01187	0.01102	0.01004	0.01910
18	0.02718	0.32678	0.29810	0.02658	0.04019	0.03643	0.03154	0.03584	0.02410	0.03214	0.01854	0.02163	0.01483	0.01050	0.00927	0.00309	0.01483	0.00742	0.00494	0.01607
19	0.67341	0.02249	0.01709	0.01529	0.02249	0.02609	0.01260	0.03419	0.01979	0.05218	0.01619	0.01889	0.01260	0.01080	0.00720	0.00360	0.00900	0.00630	0.00720	0.01260
20	0.04717	0.01832	0.02434	0.01907	0.02704	0.01607	0.01562	0.05182	0.03183	0.44729	0.04458	0.04021	0.02896	0.01426	0.01111	0.00345	0.00916	0.01156	0.11985	0.01832
21	0.03741	0.32348	0.04757	0.02407	0.03290	0.16367	0.02108	0.15087	0.03378	0.03932	0.01960	0.02157	0.01617	0.01146	0.00925	0.00287	0.01459	0.00761	0.00691	0.01581
22	0.01528	0.01082	0.01396	0.01517	0.01634	0.01019	0.01024	0.01799	0.02451	0.03347	0.19044	0.35646	0.08087	0.12274	0.02171	0.00548	0.00711	0.02694	0.01077	0.00950
23	0.01501	0.01119	0.01397	0.01462	0.01683	0.01015	0.01045	0.01864	0.02751	0.03695	0.25802	0.28110	0.18332	0.02980	0.01415	0.00412	0.00605	0.02636	0.01161	0.01015
24	0.01477	0.01096	0.01314	0.01427	0.01593	0.01002	0.00968	0.01711	0.02374	0.03093	0.12559	0.31786	0.19085	0.12434	0.02172	0.00547	0.00712	0.02676	0.01041	0.00933
25	0.02323	0.01309	0.01713	0.01610	0.01973	0.01178	0.01205	0.02738	0.02965	0.14310	0.26182	0.21053	0.11715	0.02560	0.01359	0.00395	0.00679	0.02252	0.01244	0.01235
26	0.03003	0.04094	0.23862	0.02715	0.03974	0.02735	0.02874	0.16642	0.07056	0.04863	0.02497	0.02693	0.01837	0.01175	0.01076	0.00323	0.01345	0.00914	0.00784	0.15539

[dist]
# distance from previous block
# <min> <max>
8	26

[block]
# block no. 4 follows, 10 sequences, length 15
# corresponding to MSA columns:
# 358-372
name=unknown_E
#
# <colnr> <probs for GDERKNQSTAVLIFYWHMCP>
#	G	D	E	R	K	N	Q	S	T	A	V	L	I	F	Y	W	H	M	C	P
0	0.02630	0.02205	0.03861	0.42811	0.07147	0.02530	0.09182	0.03395	0.02502	0.08956	0.02405	0.03207	0.01737	0.01170	0.01193	0.00385	0.01541	0.01096	0.00636	0.01412
1	0.15756	0.09773	0.09558	0.02760	0.03782	0.03335	0.08515	0.23328	0.03735	0.05496	0.02295	0.02525	0.01700	0.01200	0.01054	0.00348	0.01347	0.00943	0.00848	0.01700
2	0.28972	0.02965	0.03134	0.03612	0.17726	0.08716	0.02249	0.11856	0.02978	0.04910	0.02029	0.02381	0.01597	0.01139	0.00970	0.00347	0.01252	0.00844	0.00744	0.01580
3	0.12026	0.02610	0.02169	0.01929	0.02487	0.15256	0.01491	0.03543	0.02997	0.12869	0.15419	0.05638	0.13352	0.01826	0.01161	0.00352	0.01089	0.01442	0.01017	0.01326
4	0.04618	0.03241	0.03258	0.02563	0.03440	0.10134	0.02085	0.31016	0.04613	0.18488	0.03121	0.02999	0.02146	0.01380	0.01149	0.00345	0.01317	0.01038	0.01157	0.01891
5	0.01525	0.01184	0.01387	0.01336	0.01663	0.01046	0.01002	0.01961	0.03007	0.03987	0.33696	0.09802	0.28958	0.02630	0.01373	0.00378	0.00567	0.02260	0.01191	0.01046
6	0.02412	0.02067	0.02412	0.01723	0.02756	0.01550	0.01378	0.02929	0.02412	0.03790	0.02067	0.02412	0.01723	0.00861	0.00861	0.00172	0.00861	0.00689	0.00689	0.66236
7	0.01694	0.01312	0.01562	0.01531	0.01844	0.01258	0.01134	0.02451	0.08468	0.04060	0.29316	0.17018	0.18730	0.02623	0.01369	0.00393	0.00623	0.02290	0.01190	0.01134
8	0.01542	0.01115	0.01293	0.01355	0.01490	0.01043	0.00879	0.01712	0.02197	0.02861	0.10469	0.21731	0.16822	0.26508	0.03299	0.00718	0.00832	0.02327	0.00941	0.00867
9	0.03853	0.01868	0.02444	0.02088	0.02756	0.01758	0.01739	0.09223	0.03398	0.29297	0.10103	0.06744	0.04689	0.02002	0.01305	0.00405	0.00993	0.12397	0.01294	0.01643
10	0.09156	0.08980	0.03144	0.02135	0.02997	0.02721	0.01787	0.19886	0.03769	0.16198	0.07597	0.03404	0.02912	0.01366	0.01065	0.00322	0.01058	0.01052	0.01069	0.09380
11	0.02345	0.01792	0.01913	0.01727	0.02160	0.06182	0.01269	0.02716	0.02712	0.08353	0.17467	0.17273	0.06057	0.08599	0.01765	0.00432	0.00889	0.01837	0.01010	0.13502
12	0.03111	0.02492	0.03716	0.28053	0.05841	0.02804	0.07777	0.13791	0.07793	0.08855	0.02758	0.03236	0.01990	0.01261	0.01189	0.00377	0.01422	0.01115	0.00822	0.01596
13	0.16795	0.09694	0.03284	0.02850	0.09698	0.12245	0.02020	0.04524	0.07167	0.16781	0.02804	0.02836	0.02052	0.01227	0.01005	0.00337	0.01254	0.00913	0.00884	0.01628
14	0.23003	0.03351	0.17953	0.02315	0.03392	0.02388	0.02383	0.04415	0.06539	0.19130	0.02926	0.02898	0.02009	0.01238	0.01014	0.00365	0.01182	0.00922	0.00907	0.01669

[dist]
# distance from previous block
# <min> <max>
26	159

[block]
# block no. 5 follows, 10 sequences, length 74
# corresponding to MSA columns:
# 553-626
name=unknown_F
#
# <colnr> <probs for GDERKNQSTAVLIFYWHMCP>
#	G	D	E	R	K	N	Q	S	T	A	V	L	I	F	Y	W	H	M	C	P
0	0.02624	0.01422	0.01771	0.01549	0.02050	0.01242	0.01209	0.03058	0.03088	0.18522	0.24028	0.08114	0.22132	0.02288	0.01312	0.00373	0.00694	0.01942	0.01261	0.01323
1	0.01483	0.01086	0.01393	0.01520	0.01689	0.00996	0.01062	0.01804	0.02607	0.03516	0.20969	0.37461	0.13779	0.03169	0.01437	0.00430	0.00626	0.02834	0.01142	0.00996
2	0.09697	0.02707	0.02769	0.02261	0.03025	0.07598	0.01819	0.17644	0.09507	0.18864	0.08785	0.03825	0.03325	0.01494	0.01141	0.00356	0.01119	0.01167	0.01162	0.01737
3	0.01660	0.01114	0.01278	0.01309	0.01317	0.01106	0.00748	0.01683	0.01753	0.02338	0.03983	0.13495	0.04630	0.52694	0.05405	0.01052	0.01075	0.01879	0.00748	0.00733
4	0.01444	0.01033	0.01373	0.01601	0.01693	0.00962	0.01082	0.01686	0.02350	0.03165	0.11610	0.52608	0.08073	0.03497	0.01471	0.00460	0.00660	0.03167	0.01103	0.00962
5	0.02499	0.09580	0.26772	0.03274	0.04531	0.02800	0.13796	0.03806	0.07921	0.03834	0.07334	0.03398	0.02731	0.01246	0.01170	0.00365	0.01524	0.01135	0.00672	0.01613
6	0.02668	0.11593	0.32887	0.08132	0.04739	0.03027	0.03473	0.08058	0.07355	0.03962	0.02354	0.02663	0.01735	0.01171	0.01080	0.00356	0.01524	0.00910	0.00626	0.01687
7	0.03128	0.02558	0.02549	0.02195	0.02727	0.08686	0.01697	0.17291	0.11755	0.04798	0.12567	0.04301	0.04004	0.02108	0.01844	0.12998	0.01119	0.01262	0.00995	0.01418
8	0.02226	0.01319	0.01574	0.01535	0.01854	0.01294	0.01138	0.02947	0.07412	0.08846	0.15485	0.19297	0.06075	0.02212	0.01187	0.00366	0.00660	0.01924	0.21435	0.01215
9	0.02678	0.02332	0.03076	0.02218	0.03257	0.01951	0.07118	0.08095	0.02796	0.04180	0.02184	0.02543	0.01756	0.00936	0.00958	0.00219	0.01043	0.00813	0.00730	0.51116
10	0.20292	0.10015	0.08445	0.02505	0.03486	0.03103	0.06484	0.17620	0.03386	0.10616	0.02435	0.02577	0.01764	0.01201	0.01013	0.00347	0.01253	0.00914	0.00877	0.01668
11	0.01574	0.01127	0.01514	0.01690	0.01854	0.01068	0.01253	0.01937	0.02599	0.03517	0.17980	0.35865	0.08330	0.03224	0.01481	0.00458	0.00726	0.11661	0.01130	0.01011
12	0.09256	0.11696	0.29514	0.02842	0.04143	0.07446	0.03184	0.11462	0.02996	0.04283	0.02083	0.02357	0.01545	0.01148	0.01029	0.00344	0.01537	0.00832	0.00641	0.01661
13	0.02333	0.06016	0.53100	0.03315	0.05034	0.02701	0.04297	0.03683	0.02455	0.03683	0.02087	0.02455	0.01473	0.01105	0.01105	0.00368	0.01719	0.00859	0.00491	0.01719
14	0.02155	0.01290	0.01558	0.01497	0.01889	0.01125	0.01118	0.02485	0.02746	0.12790	0.13584	0.21739	0.26063	0.02771	0.01363	0.00404	0.00684	0.02388	0.01172	0.01177
15	0.22730	0.02967	0.03782	0.03723	0.14235	0.08546	0.10913	0.07704	0.02843	0.08727	0.02269	0.02631	0.01717	0.01124	0.01055	0.00355	0.01385	0.00959	0.00751	0.01583
16	0.01417	0.01012	0.01350	0.01619	0.01687	0.00945	0.01080	0.01619	0.02227	0.02969	0.06410	0.58367	0.07692	0.03644	0.01484	0.00472	0.00675	0.03306	0.01080	0.00945
17	0.01417	0.01012	0.01350	0.01619	0.01687	0.00945	0.01080	0.01619	0.02227	0.02969	0.06410	0.58367	0.07692	0.03644	0.01484	0.00472	0.00675	0.03306	0.01080	0.00945
18	0.01936	0.01670	0.02631	0.32601	0.05291	0.01926	0.02305	0.02579	0.02639	0.03538	0.18961	0.10386	0.05307	0.01813	0.01264	0.00389	0.01129	0.01614	0.00828	0.01193
19	0.02849	0.41811	0.21831	0.02434	0.03671	0.03966	0.02762	0.03550	0.02394	0.03053	0.01774	0.02063	0.01486	0.01032	0.00866	0.00289	0.01403	0.00701	0.00495	0.01568
20	0.05218	0.01979	0.02699	0.02069	0.02969	0.01709	0.01709	0.05668	0.03329	0.52677	0.04588	0.03959	0.02879	0.01439	0.01170	0.00360	0.00990	0.01170	0.01439	0.01979
21	0.01798	0.01503	0.02315	0.25267	0.04433	0.01683	0.02014	0.02315	0.02474	0.03296	0.13147	0.24905	0.05665	0.02327	0.01324	0.00415	0.01029	0.02092	0.00875	0.01124
22	0.02802	0.02685	0.04582	0.12672	0.46938	0.02743	0.03531	0.03502	0.02612	0.03707	0.02174	0.02904	0.01809	0.01051	0.01153	0.00350	0.01401	0.01036	0.00569	0.01780
23	0.23663	0.02576	0.03771	0.02848	0.03781	0.02600	0.15782	0.09536	0.02991	0.17316	0.02758	0.02920	0.01923	0.01181	0.01092	0.00368	0.01296	0.01049	0.00920	0.01629
24	0.01412	0.01032	0.01329	0.01566	0.01673	0.00949	0.01056	0.01625	0.02278	0.02990	0.07066	0.52610	0.13026	0.03559	0.01471	0.00463	0.00664	0.03202	0.01080	0.00949
25	0.02849	0.41811	0.21831	0.02434	0.03671	0.03966	0.02762	0.03550	0.02394	0.03053	0.01774	0.02063	0.01486	0.01032	0.00866	0.00289	0.01403	0.00701	0.00495	0.01568
26	0.02475	0.12249	0.42003	0.03337	0.04905	0.02961	0.09041	0.03664	0.02478	0.03573	0.02061	0.02463	0.01509	0.01077	0.01092	0.00356	0.01689	0.00890	0.00503	0.01674
27	0.01790	0.01408	0.01748	0.01658	0.02088	0.01172	0.01192	0.02110	0.02296	0.03277	0.04781	0.37377	0.05453	0.02600	0.01251	0.00360	0.00745	0.02325	0.00933	0.25436
28	0.01691	0.01128	0.01268	0.01268	0.01268	0.01128	0.00705	0.01691	0.01691	0.02255	0.03665	0.07611	0.04228	0.59126	0.05920	0.01128	0.01128	0.01691	0.00705	0.00705
29	0.01417	0.01012	0.01350	0.01619	0.01687	0.00945	0.01080	0.01619	0.02227	0.02969	0.06410	0.58367	0.07692	0.03644	0.01484	0.00472	0.00675	0.03306	0.01080	0.00945
30	0.01525	0.01112	0.01447	0.01596	0.01772	0.01034	0.01157	0.01865	0.02597	0.03485	0.18531	0.35623	0.12710	0.03197	0.01459	0.00444	0.00680	0.07634	0.01131	0.01003
31	0.02572	0.01394	0.01851	0.01620	0.02057	0.01256	0.01256	0.03095	0.03302	0.17108	0.39162	0.07462	0.08876	0.02135	0.01319	0.00364	0.00663	0.01861	0.01322	0.01326
32	0.01529	0.01184	0.01392	0.01340	0.01665	0.01047	0.01005	0.01967	0.03015	0.04005	0.34174	0.09772	0.28469	0.02623	0.01373	0.00377	0.00566	0.02255	0.01194	0.01047
33	0.01602	0.01155	0.01515	0.01493	0.01728	0.01068	0.01094	0.02084	0.03087	0.04338	0.42642	0.18232	0.10343	0.02621	0.01393	0.00386	0.00573	0.02334	0.01242	0.01068
34	0.67341	0.02249	0.01709	0.01529	0.02249	0.02609	0.01260	0.03419	0.01979	0.05218	0.01619	0.01889	0.01260	0.01080	0.00720	0.00360	0.00900	0.00630	0.00720	0.01260
35	0.02333	0.06016	0.53100	0.03315	0.05034	0.02701	0.04297	0.03683	0.02455	0.03683	0.02087	0.02455	0.01473	0.01105	0.01105	0.00368	0.01719	0.00859	0.00491	0.01719
36	0.01691	0.01128	0.01268	0.01268	0.01268	0.01128	0.00705	0.01691	0.01691	0.02255	0.03665	0.07611	0.04228	0.59126	0.05920	0.01128	0.01128	0.01691	0.00705	0.00705
37	0.04345	0.05543	0.03296	0.02996	0.03596	0.54457	0.02247	0.04644	0.03296	0.02846	0.01798	0.02097	0.01498	0.01199	0.01049	0.00300	0.02097	0.00749	0.00599	0.01348
38	0.04766	0.02704	0.03148	0.02413	0.03331	0.02786	0.01994	0.29676	0.04542	0.26955	0.03570	0.03297	0.02368	0.01415	0.01166	0.00354	0.01154	0.01100	0.01283	0.01979
39	0.67341	0.02249	0.01709	0.01529	0.02249	0.02609	0.01260	0.03419	0.01979	0.05218	0.01619	0.01889	0.01260	0.01080	0.00720	0.00360	0.00900	0.00630	0.00720	0.01260
40	0.02879	0.02763	0.04721	0.07139	0.51871	0.02763	0.03569	0.03569	0.02648	0.03800	0.02188	0.02879	0.01842	0.01036	0.01151	0.00345	0.01382	0.01036	0.00576	0.01842
41	0.04421	0.03258	0.03490	0.02676	0.03607	0.03607	0.02211	0.47993	0.05468	0.07330	0.02792	0.02792	0.01978	0.01396	0.01163	0.00349	0.01280	0.01047	0.01163	0.01978
42	0.04397	0.02924	0.03239	0.02524	0.03417	0.03159	0.02071	0.35014	0.10193	0.15756	0.03362	0.03196	0.02333	0.01426	0.01167	0.00356	0.01182	0.01102	0.01219	0.01962
43	0.01646	0.01189	0.01555	0.01463	0.01738	0.01097	0.01097	0.02195	0.03292	0.04664	0.51257	0.08688	0.10974	0.02378	0.01372	0.00366	0.00549	0.02103	0.01280	0.01097
44	0.01427	0.01180	0.01251	0.01233	0.01603	0.01004	0.00925	0.01770	0.02774	0.03434	0.19366	0.10712	0.43633	0.02836	0.01374	0.00388	0.00581	0.02387	0.01118	0.01004
45	0.04345	0.05543	0.03296	0.02996	0.03596	0.54457	0.02247	0.04644	0.03296	0.02846	0.01798	0.02097	0.01498	0.01199	0.01049	0.00300	0.02097	0.00749	0.00599	0.01348
46	0.05218	0.01979	0.02699	0.02069	0.02969	0.01709	0.01709	0.05668	0.03329	0.52677	0.04588	0.03959	0.02879	0.01439	0.01170	0.00360	0.00990	0.01170	0.01439	0.01979
47	0.01545	0.01096	0.01435	0.01596	0.01719	0.01039	0.01117	0.01829	0.02431	0.03290	0.15489	0.37180	0.07860	0.10105	0.02014	0.00536	0.00743	0.06941	0.01075	0.00960
48	0.01417	0.01012	0.01350	0.01619	0.01687	0.00945	0.01080	0.01619	0.02227	0.02969	0.06410	0.58367	0.07692	0.03644	0.01484	0.00472	0.00675	0.03306	0.01080	0.00945
49	0.67341	0.02249	0.01709	0.01529	0.02249	0.02609	0.01260	0.03419	0.01979	0.05218	0.01619	0.01889	0.01260	0.01080	0.00720	0.00360	0.00900	0.00630	0.00720	0.01260
50	0.02634	0.15167	0.05187	0.23805	0.11273	0.03153	0.15982	0.03372	0.02493	0.03233	0.02065	0.02815	0.01633	0.01058	0.01131	0.00354	0.01584	0.01042	0.00540	0.01479
51	0.02492	0.02368	0.04022	0.35042	0.26992	0.02662	0.03377	0.03230	0.02465	0.03330	0.02119	0.03005	0.01677	0.01108	0.01158	0.00369	0.01477	0.01035	0.00542	0.01530
52	0.02127	0.01426	0.01941	0.01821	0.02005	0.01607	0.01350	0.02389	0.01946	0.07573	0.03269	0.05302	0.03193	0.24174	0.27139	0.01316	0.08295	0.01362	0.00720	0.01047
53	0.01445	0.01034	0.01375	0.01600	0.01693	0.00963	0.01082	0.01690	0.02357	0.03176	0.11883	0.52304	0.08093	0.03489	0.01471	0.00459	0.00659	0.03160	0.01104	0.00963
54	0.04644	0.02068	0.02991	0.08681	0.08439	0.01913	0.02067	0.05154	0.03148	0.42185	0.04064	0.03754	0.02626	0.01368	0.01167	0.00362	0.01092	0.01141	0.01249	0.01888
55	0.02333	0.06016	0.53100	0.03315	0.05034	0.02701	0.04297	0.03683	0.02455	0.03683	0.02087	0.02455	0.01473	0.01105	0.01105	0.00368	0.01719	0.00859	0.00491	0.01719
56	0.67341	0.02249	0.01709	0.01529	0.02249	0.02609	0.01260	0.03419	0.01979	0.05218	0.01619	0.01889	0.01260	0.01080	0.00720	0.00360	0.00900	0.00630	0.00720	0.01260
57	0.01375	0.01178	0.01178	0.01178	0.01571	0.00982	0.00884	0.01669	0.02651	0.03142	0.11782	0.11193	0.51399	0.02946	0.01375	0.00393	0.00589	0.02455	0.01080	0.00982
58	0.01417	0.01012	0.01350	0.01619	0.01687	0.00945	0.01080	0.01619	0.02227	0.02969	0.06410	0.58367	0.07692	0.03644	0.01484	0.00472	0.00675	0.03306	0.01080	0.00945
59	0.02412	0.02067	0.02412	0.01723	0.02756	0.01550	0.01378	0.02929	0.02412	0.03790	0.02067	0.02412	0.01723	0.00861	0.00861	0.00172	0.00861	0.00689	0.00689	0.66236
60	0.02893	0.02498	0.02630	0.02367	0.03024	0.02893	0.01841	0.06180	0.49770	0.04865	0.04734	0.04339	0.03550	0.01578	0.01183	0.00394	0.00920	0.01315	0.01183	0.01841
61	0.02893	0.02498	0.02630	0.02367	0.03024	0.02893	0.01841	0.06180	0.49770	0.04865	0.04734	0.04339	0.03550	0.01578	0.01183	0.00394	0.00920	0.01315	0.01183	0.01841
62	0.04345	0.05543	0.03296	0.02996	0.03596	0.54457	0.02247	0.04644	0.03296	0.02846	0.01798	0.02097	0.01498	0.01199	0.01049	0.00300	0.02097	0.00749	0.00599	0.01348
63	0.02333	0.06016	0.53100	0.03315	0.05034	0.02701	0.04297	0.03683	0.02455	0.03683	0.02087	0.02455	0.01473	0.01105	0.01105	0.00368	0.01719	0.00859	0.00491	0.01719
64	0.01375	0.01178	0.01178	0.01178	0.01571	0.00982	0.00884	0.01669	0.02651	0.03142	0.11782	0.11193	0.51399	0.02946	0.01375	0.00393	0.00589	0.02455	0.01080	0.00982
65	0.03745	0.03368	0.03081	0.02604	0.03353	0.13067	0.02058	0.21570	0.24223	0.05402	0.03441	0.03328	0.02566	0.01437	0.01150	0.00359	0.01281	0.01106	0.01064	0.01798
66	0.01576	0.01186	0.01457	0.01389	0.01694	0.01067	0.01042	0.02059	0.03126	0.04269	0.41026	0.09337	0.21451	0.02525	0.01372	0.00373	0.00559	0.02194	0.01228	0.01067
67	0.01417	0.01012	0.01350	0.01619	0.01687	0.00945	0.01080	0.01619	0.02227	0.02969	0.06410	0.58367	0.07692	0.03644	0.01484	0.00472	0.00675	0.03306	0.01080	0.00945
68	0.02652	0.02532	0.04311	0.23495	0.37287	0.02704	0.03457	0.03371	0.02541	0.03524	0.02148	0.02952	0.01745	0.01078	0.01155	0.00359	0.01438	0.01035	0.00556	0.01659
69	0.01840	0.01459	0.02012	0.01914	0.02018	0.01760	0.01435	0.02098	0.01798	0.02583	0.02977	0.05106	0.03045	0.22788	0.29977	0.01382	0.12862	0.01338	0.00626	0.00982
70	0.31255	0.02233	0.02369	0.08187	0.03229	0.02451	0.01717	0.11227	0.02889	0.13891	0.02878	0.07950	0.02329	0.01454	0.01003	0.00372	0.01035	0.01103	0.00940	0.01489
71	0.03335	0.25878	0.15235	0.02445	0.03548	0.08547	0.02471	0.08944	0.02925	0.07903	0.02172	0.02355	0.01685	0.01113	0.00951	0.00295	0.01382	0.00790	0.00682	0.07345
72	0.02942	0.02870	0.08153	0.09470	0.09378	0.02598	0.02400	0.13277	0.11177	0.04621	0.02693	0.02963	0.02057	0.01179	0.01075	0.00313	0.01190	0.00971	0.00821	0.19851
73	0.03310	0.03009	0.12873	0.03473	0.14095	0.02317	0.02650	0.03976	0.02659	0.17508	0.02749	0.02977	0.02006	0.01247	0.01402	0.00340	0.07685	0.00972	0.00818	0.13936

[dist]
# distance from previous block
# <min> <max>
0	10

[block]
# block no. 6 follows, 10 sequences, length 53
# corresponding to MSA columns:
# 637-689
name=unknown_G
#
# <colnr> <probs for GDERKNQSTAVLIFYWHMCP>
#	G	D	E	R	K	N	Q	S	T	A	V	L	I	F	Y	W	H	M	C	P
0	0.18068	0.02790	0.08282	0.07635	0.04311	0.02540	0.14883	0.04237	0.07039	0.14732	0.02843	0.03076	0.02012	0.01186	0.01118	0.00375	0.01350	0.01076	0.00844	0.01602
1	0.02536	0.01841	0.02399	0.14842	0.03667	0.02023	0.01838	0.07436	0.11015	0.08270	0.04198	0.18433	0.04042	0.09893	0.01905	0.00506	0.01074	0.01782	0.00954	0.01346
2	0.02610	0.03629	0.26485	0.02487	0.03542	0.01960	0.02745	0.03478	0.02751	0.12909	0.12796	0.11638	0.04454	0.01766	0.01221	0.00381	0.01210	0.01497	0.00904	0.01539
3	0.02670	0.02990	0.06399	0.11965	0.06344	0.02892	0.41547	0.03622	0.02687	0.03622	0.02314	0.03132	0.01735	0.01005	0.01344	0.00392	0.01904	0.01326	0.00578	0.01531
4	0.03389	0.13505	0.04635	0.03056	0.03972	0.03307	0.13996	0.21870	0.03795	0.05003	0.02921	0.04128	0.02479	0.01462	0.01201	0.00367	0.01422	0.06958	0.00876	0.01656
5	0.15105	0.03105	0.14730	0.03154	0.11880	0.02358	0.02527	0.07486	0.02782	0.12797	0.03111	0.10397	0.02643	0.01520	0.01110	0.00374	0.01197	0.01255	0.00854	0.01617
6	0.03399	0.51881	0.05628	0.02001	0.02983	0.04205	0.01952	0.03783	0.02496	0.09595	0.02025	0.02153	0.01683	0.01056	0.00804	0.00264	0.01209	0.00697	0.00627	0.01559
7	0.58390	0.02089	0.01624	0.01468	0.02126	0.02400	0.01198	0.03321	0.02042	0.05097	0.01918	0.02225	0.01496	0.01117	0.00733	0.00348	0.00851	0.00692	0.09628	0.01235
8	0.01986	0.01401	0.01648	0.01590	0.01786	0.01415	0.01083	0.08126	0.02648	0.03588	0.13132	0.20412	0.06082	0.26124	0.03260	0.00707	0.00922	0.02102	0.00973	0.01015
9	0.01820	0.01469	0.02367	0.02097	0.02373	0.01556	0.07563	0.02182	0.01934	0.02701	0.03183	0.05327	0.03165	0.23469	0.31975	0.01434	0.02333	0.01403	0.00644	0.01007
10	0.02556	0.02312	0.02275	0.02076	0.02574	0.07865	0.01589	0.04422	0.26116	0.04562	0.22956	0.05825	0.06283	0.01855	0.01244	0.00373	0.00902	0.01567	0.01158	0.01490
11	0.02286	0.02271	0.04253	0.34602	0.06699	0.02543	0.15783	0.03075	0.02388	0.03154	0.02283	0.03298	0.01785	0.02073	0.08014	0.00577	0.01868	0.01158	0.00551	0.01339
12	0.01933	0.07859	0.02606	0.02509	0.08446	0.01877	0.01716	0.02341	0.02086	0.02892	0.03417	0.13600	0.03465	0.05991	0.32385	0.01249	0.02255	0.01516	0.00684	0.01174
13	0.01424	0.01082	0.01312	0.01462	0.01654	0.00970	0.01017	0.01687	0.02460	0.03177	0.12185	0.38565	0.22200	0.03303	0.01439	0.00437	0.00636	0.02921	0.01098	0.00970
14	0.02412	0.02067	0.02412	0.01723	0.02756	0.01550	0.01378	0.02929	0.02412	0.03790	0.02067	0.02412	0.01723	0.00861	0.00861	0.00172	0.00861	0.00689	0.00689	0.66236
15	0.04824	0.01892	0.02573	0.02002	0.02833	0.01642	0.01642	0.05285	0.03325	0.47381	0.09736	0.04480	0.03772	0.01543	0.01192	0.00361	0.00941	0.01273	0.01422	0.01882
16	0.02963	0.15198	0.24122	0.08350	0.12598	0.02941	0.03264	0.03832	0.02578	0.10180	0.02353	0.02676	0.01740	0.01123	0.01056	0.00341	0.01452	0.00901	0.00639	0.01692
17	0.01412	0.01033	0.01328	0.01563	0.01672	0.00949	0.01055	0.01626	0.02281	0.02991	0.07094	0.52363	0.13255	0.03555	0.01470	0.00462	0.00664	0.03198	0.01080	0.00949
18	0.01417	0.01012	0.01350	0.01619	0.01687	0.00945	0.01080	0.01619	0.02227	0.02969	0.06410	0.58367	0.07692	0.03644	0.01484	0.00472	0.00675	0.03306	0.01080	0.00945
19	0.02539	0.02551	0.04731	0.28491	0.20347	0.02730	0.14935	0.03344	0.02530	0.03411	0.02177	0.03045	0.01692	0.01078	0.01214	0.00376	0.01608	0.01123	0.00553	0.01525
20	0.02740	0.26783	0.23377	0.03164	0.04465	0.03516	0.13676	0.03613	0.02487	0.03316	0.01963	0.02382	0.01550	0.01032	0.01026	0.00326	0.01587	0.00887	0.00517	0.01593
21	0.01555	0.01118	0.01473	0.01525	0.01717	0.01037	0.01090	0.01965	0.02867	0.03988	0.33380	0.28492	0.09666	0.02882	0.01417	0.00408	0.00599	0.02583	0.01200	0.01037
22	0.03923	0.04383	0.03382	0.09727	0.04110	0.33324	0.02392	0.12709	0.03458	0.03731	0.02001	0.02401	0.01601	0.01309	0.01337	0.00339	0.06856	0.00868	0.00690	0.01457
23	0.01425	0.01180	0.01248	0.01231	0.01602	0.01003	0.00923	0.01767	0.02770	0.03426	0.19139	0.10726	0.43865	0.02840	0.01374	0.00388	0.00582	0.02389	0.01117	0.01003
24	0.01646	0.01189	0.01555	0.01463	0.01738	0.01097	0.01097	0.02195	0.03292	0.04664	0.51257	0.08688	0.10974	0.02378	0.01372	0.00366	0.00549	0.02103	0.01280	0.01097
25	0.03109	0.59826	0.06095	0.01990	0.02985	0.04602	0.01990	0.03483	0.02363	0.02736	0.01617	0.01866	0.01493	0.00995	0.00746	0.00249	0.01244	0.00622	0.00498	0.01493
26	0.02893	0.02498	0.02630	0.02367	0.03024	0.02893	0.01841	0.06180	0.49770	0.04865	0.04734	0.04339	0.03550	0.01578	0.01183	0.00394	0.00920	0.01315	0.01183	0.01841
27	0.02412	0.02067	0.02412	0.01723	0.02756	0.01550	0.01378	0.02929	0.02412	0.03790	0.02067	0.02412	0.01723	0.00861	0.00861	0.00172	0.00861	0.00689	0.00689	0.66236
28	0.67341	0.02249	0.01709	0.01529	0.02249	0.02609	0.01260	0.03419	0.01979	0.05218	0.01619	0.01889	0.01260	0.01080	0.00720	0.00360	0.00900	0.00630	0.00720	0.01260
29	0.02893	0.02498	0.02630	0.02367	0.03024	0.02893	0.01841	0.06180	0.49770	0.04865	0.04734	0.04339	0.03550	0.01578	0.01183	0.00394	0.00920	0.01315	0.01183	0.01841
30	0.04345	0.05543	0.03296	0.02996	0.03596	0.54457	0.02247	0.04644	0.03296	0.02846	0.01798	0.02097	0.01498	0.01199	0.01049	0.00300	0.02097	0.00749	0.00599	0.01348
31	0.01646	0.01189	0.01555	0.01463	0.01738	0.01097	0.01097	0.02195	0.03292	0.04664	0.51257	0.08688	0.10974	0.02378	0.01372	0.00366	0.00549	0.02103	0.01280	0.01097
32	0.01375	0.01178	0.01178	0.01178	0.01571	0.00982	0.00884	0.01669	0.02651	0.03142	0.11782	0.11193	0.51399	0.02946	0.01375	0.00393	0.00589	0.02455	0.01080	0.00982
33	0.01417	0.01012	0.01350	0.01619	0.01687	0.00945	0.01080	0.01619	0.02227	0.02969	0.06410	0.58367	0.07692	0.03644	0.01484	0.00472	0.00675	0.03306	0.01080	0.00945
34	0.14561	0.04589	0.32301	0.03606	0.09814	0.02721	0.09168	0.03627	0.02425	0.03988	0.02045	0.02483	0.01511	0.01077	0.01072	0.00367	0.01560	0.00901	0.00555	0.01628
35	0.02196	0.02067	0.03488	0.56331	0.08010	0.02584	0.03230	0.02972	0.02326	0.02972	0.02067	0.03101	0.01550	0.01163	0.01163	0.00388	0.01550	0.01034	0.00517	0.01292
36	0.02745	0.03137	0.06863	0.04902	0.06078	0.02941	0.47647	0.03725	0.02745	0.03725	0.02353	0.03137	0.01765	0.00980	0.01373	0.00392	0.01961	0.01373	0.00588	0.01569
37	0.02745	0.03137	0.06863	0.04902	0.06078	0.02941	0.47647	0.03725	0.02745	0.03725	0.02353	0.03137	0.01765	0.00980	0.01373	0.00392	0.01961	0.01373	0.00588	0.01569
38	0.02283	0.02156	0.03645	0.50070	0.13593	0.02607	0.03273	0.03048	0.02367	0.03077	0.02083	0.03072	0.01588	0.01147	0.01161	0.00382	0.01529	0.01034	0.00524	0.01362
39	0.01417	0.01012	0.01350	0.01619	0.01687	0.00945	0.01080	0.01619	0.02227	0.02969	0.06410	0.58367	0.07692	0.03644	0.01484	0.00472	0.00675	0.03306	0.01080	0.00945
40	0.02893	0.02498	0.02630	0.02367	0.03024	0.02893	0.01841	0.06180	0.49770	0.04865	0.04734	0.04339	0.03550	0.01578	0.01183	0.00394	0.00920	0.01315	0.01183	0.01841
41	0.02333	0.06016	0.53100	0.03315	0.05034	0.02701	0.04297	0.03683	0.02455	0.03683	0.02087	0.02455	0.01473	0.01105	0.01105	0.00368	0.01719	0.00859	0.00491	0.01719
42	0.02333	0.06016	0.53100	0.03315	0.05034	0.02701	0.04297	0.03683	0.02455	0.03683	0.02087	0.02455	0.01473	0.01105	0.01105	0.00368	0.01719	0.00859	0.00491	0.01719
43	0.01674	0.01197	0.01620	0.01620	0.01741	0.01318	0.01143	0.01917	0.01795	0.02515	0.03343	0.05831	0.03456	0.29640	0.34350	0.01561	0.02290	0.01431	0.00657	0.00900
44	0.01646	0.01189	0.01555	0.01463	0.01738	0.01097	0.01097	0.02195	0.03292	0.04664	0.51257	0.08688	0.10974	0.02378	0.01372	0.00366	0.00549	0.02103	0.01280	0.01097
45	0.02412	0.02067	0.02412	0.01723	0.02756	0.01550	0.01378	0.02929	0.02412	0.03790	0.02067	0.02412	0.01723	0.00861	0.00861	0.00172	0.00861	0.00689	0.00689	0.66236
46	0.02196	0.02067	0.03488	0.56331	0.08010	0.02584	0.03230	0.02972	0.02326	0.02972	0.02067	0.03101	0.01550	0.01163	0.01163	0.00388	0.01550	0.01034	0.00517	0.01292
47	0.05218	0.01979	0.02699	0.02069	0.02969	0.01709	0.01709	0.05668	0.03329	0.52677	0.04588	0.03959	0.02879	0.01439	0.01170	0.00360	0.00990	0.01170	0.01439	0.01979
48	0.03109	0.59826	0.06095	0.01990	0.02985	0.04602	0.01990	0.03483	0.02363	0.02736	0.01617	0.01866	0.01493	0.00995	0.00746	0.00249	0.01244	0.00622	0.00498	0.01493
49	0.01480	0.01057	0.01422	0.01691	0.01786	0.00999	0.01189	0.01728	0.02289	0.03039	0.06376	0.52153	0.07555	0.03585	0.01501	0.00481	0.00729	0.08901	0.01078	0.00962
50	0.01612	0.01187	0.01507	0.01427	0.01716	0.01083	0.01070	0.02128	0.03211	0.04470	0.46233	0.09007	0.16119	0.02450	0.01372	0.00369	0.00554	0.02148	0.01255	0.01083
51	0.01417	0.01012	0.01350	0.01619	0.01687	0.00945	0.01080	0.01619	0.02227	0.02969	0.06410	0.58367	0.07692	0.03644	0.01484	0.00472	0.00675	0.03306	0.01080	0.00945
52	0.01691	0.01128	0.01268	0.01268	0.01268	0.01128	0.00705	0.01691	0.01691	0.02255	0.03665	0.07611	0.04228	0.59126	0.05920	0.01128	0.01128	0.01691	0.00705	0.00705

[dist]
# distance from previous block
# <min> <max>
0	7

[block]
# block no. 7 follows, 10 sequences, length 38
# corresponding to MSA columns:
# 697-734
name=unknown_H
#
# <colnr> <probs for GDERKNQSTAVLIFYWHMCP>
#	G	D	E	R	K	N	Q	S	T	A	V	L	I	F	Y	W	H	M	C	P
0	0.01796	0.01347	0.01684	0.01572	0.01893	0.01314	0.01187	0.02675	0.08895	0.04688	0.45649	0.08163	0.10079	0.02281	0.01349	0.00369	0.00594	0.02008	0.01269	0.01187
1	0.01556	0.01111	0.01509	0.01778	0.01906	0.01064	0.01321	0.01860	0.02364	0.03124	0.06334	0.44620	0.07389	0.03513	0.01522	0.00492	0.00795	0.15683	0.01077	0.00983
2	0.04421	0.03258	0.03490	0.02676	0.03607	0.03607	0.02211	0.47993	0.05468	0.07330	0.02792	0.02792	0.01978	0.01396	0.01163	0.00349	0.01280	0.01047	0.01163	0.01978
3	0.05218	0.01979	0.02699	0.02069	0.02969	0.01709	0.01709	0.05668	0.03329	0.52677	0.04588	0.03959	0.02879	0.01439	0.01170	0.00360	0.00990	0.01170	0.01439	0.01979
4	0.03109	0.59826	0.06095	0.01990	0.02985	0.04602	0.01990	0.03483	0.02363	0.02736	0.01617	0.01866	0.01493	0.00995	0.00746	0.00249	0.01244	0.00622	0.00498	0.01493
5	0.02196	0.02067	0.03488	0.56331	0.08010	0.02584	0.03230	0.02972	0.02326	0.02972	0.02067	0.03101	0.01550	0.01163	0.01163	0.00388	0.01550	0.01034	0.00517	0.01292
6	0.02412	0.02067	0.02412	0.01723	0.02756	0.01550	0.01378	0.02929	0.02412	0.03790	0.02067	0.02412	0.01723	0.00861	0.00861	0.00172	0.00861	0.00689	0.00689	0.66236
7	0.01720	0.01196	0.01538	0.01699	0.01824	0.01184	0.01264	0.01981	0.02202	0.02898	0.05203	0.18943	0.05882	0.25718	0.03315	0.00762	0.01023	0.19822	0.00926	0.00902
8	0.03322	0.02711	0.02871	0.02454	0.03188	0.03093	0.01945	0.17912	0.37340	0.05557	0.04189	0.03905	0.03109	0.01527	0.01178	0.00382	0.01021	0.01240	0.01178	0.01879
9	0.02426	0.12503	0.47433	0.03155	0.04787	0.02930	0.04019	0.03659	0.02444	0.03569	0.02030	0.02384	0.01476	0.01092	0.01062	0.00354	0.01662	0.00831	0.00492	0.01692
10	0.04421	0.03258	0.03490	0.02676	0.03607	0.03607	0.02211	0.47993	0.05468	0.07330	0.02792	0.02792	0.01978	0.01396	0.01163	0.00349	0.01280	0.01047	0.01163	0.01978
11	0.02333	0.06016	0.53100	0.03315	0.05034	0.02701	0.04297	0.03683	0.02455	0.03683	0.02087	0.02455	0.01473	0.01105	0.01105	0.00368	0.01719	0.00859	0.00491	0.01719
12	0.01646	0.01189	0.01555	0.01463	0.01738	0.01097	0.01097	0.02195	0.03292	0.04664	0.51257	0.08688	0.10974	0.02378	0.01372	0.00366	0.00549	0.02103	0.01280	0.01097
