[name]
unknown

[dist]
# distance from previous block
# <min> <max>
0	45

[block]
# block no. 0 follows, 14 sequences, length 59
# corresponding to MSA columns:
# 45-103
name=unknown_A
#
# <colnr> <probs for GDERKNQSTAVLIFYWHMCP>
#	G	D	E	R	K	N	Q	S	T	A	V	L	I	F	Y	W	H	M	C	P
0	0.02540	0.02438	0.04165	0.06299	0.57533	0.02438	0.03149	0.03149	0.02337	0.03353	0.01930	0.02540	0.01626	0.00914	0.01016	0.00305	0.01219	0.00914	0.00508	0.01626
1	0.02553	0.02204	0.02320	0.02088	0.02669	0.02553	0.01624	0.05453	0.55679	0.04293	0.04177	0.03829	0.03133	0.01392	0.01044	0.00348	0.00812	0.01160	0.01044	0.01624
2	0.71184	0.01985	0.01508	0.01350	0.01985	0.02302	0.01111	0.03017	0.01746	0.04604	0.01429	0.01667	0.01111	0.00953	0.00635	0.00318	0.00794	0.00556	0.00635	0.01111
3	0.02553	0.02204	0.02320	0.02088	0.02669	0.02553	0.01624	0.05453	0.55679	0.04293	0.04177	0.03829	0.03133	0.01392	0.01044	0.00348	0.00812	0.01160	0.01044	0.01624
4	0.02553	0.02204	0.02320	0.02088	0.02669	0.02553	0.01624	0.05453	0.55679	0.04293	0.04177	0.03829	0.03133	0.01392	0.01044	0.00348	0.00812	0.01160	0.01044	0.01624
5	0.01213	0.01040	0.01040	0.01040	0.01386	0.00866	0.00780	0.01473	0.02339	0.02772	0.10396	0.09876	0.57117	0.02599	0.01213	0.00347	0.00520	0.02166	0.00953	0.00866
6	0.04105	0.01858	0.02337	0.01835	0.02564	0.01758	0.01502	0.11458	0.06908	0.42160	0.03776	0.03409	0.02483	0.01267	0.01002	0.00311	0.00866	0.01019	0.07721	0.01662
7	0.71184	0.01985	0.01508	0.01350	0.01985	0.02302	0.01111	0.03017	0.01746	0.04604	0.01429	0.01667	0.01111	0.00953	0.00635	0.00318	0.00794	0.00556	0.00635	0.01111
8	0.01331	0.00993	0.01238	0.01285	0.01486	0.00900	0.00923	0.01661	0.02457	0.03309	0.29212	0.27457	0.18797	0.02593	0.01245	0.00360	0.00530	0.02291	0.01030	0.00900
9	0.01352	0.01037	0.01157	0.01127	0.01427	0.00911	0.00845	0.01711	0.02536	0.03347	0.27208	0.08620	0.35573	0.02312	0.01176	0.00330	0.00504	0.01964	0.05952	0.00911
10	0.01487	0.01017	0.01229	0.01229	0.01267	0.01054	0.00759	0.01563	0.01525	0.02071	0.03133	0.06160	0.03490	0.52292	0.16536	0.01130	0.01358	0.01411	0.00607	0.00683
11	0.02640	0.02662	0.09217	0.05662	0.48604	0.02367	0.03094	0.03290	0.02363	0.07223	0.02072	0.02572	0.01659	0.00945	0.01013	0.00308	0.01223	0.00908	0.00555	0.01624
12	0.16805	0.45887	0.04308	0.01680	0.02501	0.03461	0.01602	0.03245	0.02097	0.08167	0.01676	0.01826	0.01392	0.00930	0.00689	0.00249	0.01015	0.00596	0.00558	0.01316
13	0.71184	0.01985	0.01508	0.01350	0.01985	0.02302	0.01111	0.03017	0.01746	0.04604	0.01429	0.01667	0.01111	0.00953	0.00635	0.00318	0.00794	0.00556	0.00635	0.01111
14	0.01436	0.01048	0.01348	0.01273	0.01523	0.00961	0.00955	0.01904	0.02865	0.04021	0.53718	0.07821	0.13016	0.02133	0.01211	0.00324	0.00487	0.01878	0.01117	0.00961
15	0.01430	0.01048	0.01340	0.01267	0.01519	0.00959	0.00950	0.01892	0.02851	0.03988	0.52562	0.07876	0.14193	0.02146	0.01211	0.00325	0.00488	0.01885	0.01113	0.00959
16	0.01250	0.00893	0.01191	0.01429	0.01488	0.00834	0.00953	0.01429	0.01965	0.02620	0.05656	0.63265	0.06787	0.03215	0.01310	0.00417	0.00595	0.02917	0.00953	0.00834
17	0.71184	0.01985	0.01508	0.01350	0.01985	0.02302	0.01111	0.03017	0.01746	0.04604	0.01429	0.01667	0.01111	0.00953	0.00635	0.00318	0.00794	0.00556	0.00635	0.01111
18	0.04604	0.01746	0.02382	0.01826	0.02620	0.01508	0.01508	0.05001	0.02937	0.58244	0.04049	0.03493	0.02540	0.01270	0.01032	0.00318	0.00873	0.01032	0.01270	0.01746
19	0.02744	0.64552	0.05378	0.01756	0.02634	0.04061	0.01756	0.03073	0.02085	0.02414	0.01427	0.01646	0.01317	0.00878	0.00658	0.00219	0.01097	0.00549	0.00439	0.01317
20	0.02553	0.02204	0.02320	0.02088	0.02669	0.02553	0.01624	0.05453	0.55679	0.04293	0.04177	0.03829	0.03133	0.01392	0.01044	0.00348	0.00812	0.01160	0.01044	0.01624
21	0.01938	0.01824	0.03078	0.61468	0.07068	0.02280	0.02850	0.02622	0.02052	0.02622	0.01824	0.02736	0.01368	0.01026	0.01026	0.00342	0.01368	0.00912	0.00456	0.01140
22	0.03901	0.02874	0.03080	0.02361	0.03182	0.03182	0.01951	0.54111	0.04825	0.06468	0.02464	0.02464	0.01745	0.01232	0.01027	0.00308	0.01129	0.00924	0.01027	0.01745
23	0.02553	0.02204	0.02320	0.02088	0.02669	0.02553	0.01624	0.05453	0.55679	0.04293	0.04177	0.03829	0.03133	0.01392	0.01044	0.00348	0.00812	0.01160	0.01044	0.01624
24	0.04078	0.03169	0.02832	0.02297	0.03022	0.19861	0.01836	0.25203	0.03715	0.19782	0.02642	0.02567	0.01840	0.01190	0.00997	0.00297	0.01276	0.00875	0.00944	0.01577
25	0.66369	0.06386	0.01781	0.01378	0.02030	0.02426	0.01157	0.03021	0.01770	0.04450	0.01429	0.01666	0.01126	0.00947	0.00637	0.00311	0.00815	0.00555	0.00621	0.01126
26	0.03159	0.03520	0.19792	0.02495	0.03494	0.02855	0.02464	0.32086	0.10945	0.05197	0.02509	0.02560	0.01799	0.01176	0.01013	0.00319	0.01203	0.00906	0.00849	0.01660
27	0.02553	0.02204	0.02320	0.02088	0.02669	0.02553	0.01624	0.05453	0.55679	0.04293	0.04177	0.03829	0.03133	0.01392	0.01044	0.00348	0.00812	0.01160	0.01044	0.01624
28	0.01452	0.01049	0.01372	0.01291	0.01533	0.00968	0.00968	0.01937	0.02905	0.04115	0.56992	0.07666	0.09683	0.02098	0.01210	0.00323	0.00484	0.01856	0.01130	0.00968
29	0.04604	0.01746	0.02382	0.01826	0.02620	0.01508	0.01508	0.05001	0.02937	0.58244	0.04049	0.03493	0.02540	0.01270	0.01032	0.00318	0.00873	0.01032	0.01270	0.01746
30	0.02744	0.64552	0.05378	0.01756	0.02634	0.04061	0.01756	0.03073	0.02085	0.02414	0.01427	0.01646	0.01317	0.00878	0.00658	0.00219	0.01097	0.00549	0.00439	0.01317
31	0.02540	0.02438	0.04165	0.06299	0.57533	0.02438	0.03149	0.03149	0.02337	0.03353	0.01930	0.02540	0.01626	0.00914	0.01016	0.00305	0.01219	0.00914	0.00508	0.01626
32	0.03730	0.10563	0.03143	0.02559	0.03121	0.54514	0.01961	0.04000	0.02830	0.02502	0.01571	0.01831	0.01321	0.01040	0.00900	0.00260	0.01779	0.00650	0.00520	0.01202
33	0.01913	0.00956	0.00956	0.00956	0.01196	0.00956	0.00717	0.02391	0.02152	0.03826	0.03348	0.03826	0.02630	0.01196	0.00717	0.00239	0.00478	0.00956	0.69632	0.00956
34	0.02454	0.04785	0.46678	0.02804	0.04171	0.02555	0.03396	0.14184	0.02738	0.03942	0.01975	0.02231	0.01396	0.01030	0.00986	0.00321	0.01433	0.00794	0.00561	0.01566
35	0.02540	0.02438	0.04165	0.06299	0.57533	0.02438	0.03149	0.03149	0.02337	0.03353	0.01930	0.02540	0.01626	0.00914	0.01016	0.00305	0.01219	0.00914	0.00508	0.01626
36	0.01213	0.01040	0.01040	0.01040	0.01386	0.00866	0.00780	0.01473	0.02339	0.02772	0.10396	0.09876	0.57117	0.02599	0.01213	0.00347	0.00520	0.02166	0.00953	0.00866
37	0.02245	0.02245	0.03143	0.02694	0.02694	0.03143	0.02245	0.02470	0.01572	0.02470	0.01347	0.02245	0.01347	0.01796	0.03368	0.00449	0.62057	0.00898	0.00449	0.01123
38	0.01473	0.01070	0.01502	0.01502	0.01634	0.01203	0.01099	0.01738	0.01606	0.02273	0.02884	0.04778	0.02890	0.23334	0.44674	0.01467	0.02261	0.01209	0.00570	0.00834
39	0.01216	0.01028	0.01051	0.01070	0.01394	0.00864	0.00793	0.01469	0.02310	0.02760	0.10030	0.14002	0.53227	0.02647	0.01220	0.00352	0.00526	0.02224	0.00953	0.00864
40	0.04163	0.01845	0.02368	0.01882	0.02630	0.01733	0.01533	0.05098	0.14276	0.46646	0.04076	0.03565	0.02668	0.01296	0.01035	0.00324	0.00860	0.01060	0.01222	0.01720
41	0.02378	0.01972	0.02262	0.01638	0.02538	0.01624	0.01319	0.09843	0.02508	0.03784	0.01914	0.02175	0.01552	0.00826	0.00798	0.00174	0.00812	0.00653	0.00667	0.60563
42	0.03833	0.04891	0.02908	0.02644	0.03173	0.59815	0.01983	0.04098	0.02908	0.02512	0.01586	0.01851	0.01322	0.01058	0.00925	0.00264	0.01851	0.00661	0.00529	0.01190
43	0.01247	0.01051	0.01087	0.01105	0.01443	0.00891	0.00847	0.01523	0.02341	0.02795	0.10012	0.10007	0.53159	0.02617	0.01229	0.00356	0.00553	0.05911	0.00952	0.00872
44	0.01466	0.01100	0.01649	0.01649	0.01833	0.01283	0.01283	0.01833	0.01649	0.02382	0.02749	0.04032	0.02566	0.07697	0.59868	0.01649	0.02749	0.01100	0.00550	0.00916
45	0.02492	0.01126	0.01263	0.01143	0.01502	0.01075	0.00887	0.02952	0.02321	0.15525	0.03498	0.03754	0.02611	0.01212	0.00785	0.00256	0.00563	0.00973	0.54935	0.01126
46	0.01913	0.00956	0.00956	0.00956	0.01196	0.00956	0.00717	0.02391	0.02152	0.03826	0.03348	0.03826	0.02630	0.01196	0.00717	0.00239	0.00478	0.00956	0.69632	0.00956
47	0.71184	0.01985	0.01508	0.01350	0.01985	0.02302	0.01111	0.03017	0.01746	0.04604	0.01429	0.01667	0.01111	0.00953	0.00635	0.00318	0.00794	0.00556	0.00635	0.01111
48	0.04604	0.01746	0.02382	0.01826	0.02620	0.01508	0.01508	0.05001	0.02937	0.58244	0.04049	0.03493	0.02540	0.01270	0.01032	0.00318	0.00873	0.01032	0.01270	0.01746
49	0.71184	0.01985	0.01508	0.01350	0.01985	0.02302	0.01111	0.03017	0.01746	0.04604	0.01429	0.01667	0.01111	0.00953	0.00635	0.00318	0.00794	0.00556	0.00635	0.01111
50	0.02553	0.02204	0.02320	0.02088	0.02669	0.02553	0.01624	0.05453	0.55679	0.04293	0.04177	0.03829	0.03133	0.01392	0.01044	0.00348	0.00812	0.01160	0.01044	0.01624
51	0.04604	0.01746	0.02382	0.01826	0.02620	0.01508	0.01508	0.05001	0.02937	0.58244	0.04049	0.03493	0.02540	0.01270	0.01032	0.00318	0.00873	0.01032	0.01270	0.01746
52	0.04604	0.01746	0.02382	0.01826	0.02620	0.01508	0.01508	0.05001	0.02937	0.58244	0.04049	0.03493	0.02540	0.01270	0.01032	0.00318	0.00873	0.01032	0.01270	0.01746
53	0.02744	0.64552	0.05378	0.01756	0.02634	0.04061	0.01756	0.03073	0.02085	0.02414	0.01427	0.01646	0.01317	0.00878	0.00658	0.00219	0.01097	0.00549	0.00439	0.01317
54	0.02273	0.01923	0.02078	0.01947	0.02415	0.02183	0.01480	0.04588	0.44132	0.03933	0.04495	0.16606	0.03918	0.01784	0.01101	0.00363	0.00766	0.01538	0.01025	0.01454
55	0.02030	0.05017	0.54600	0.02852	0.04278	0.02298	0.03641	0.03171	0.02180	0.03237	0.02095	0.02830	0.01625	0.01106	0.01006	0.00335	0.01476	0.04275	0.00469	0.01476
56	0.03709	0.03270	0.02831	0.02404	0.02919	0.26297	0.01906	0.08750	0.02811	0.18125	0.02292	0.02443	0.01701	0.01291	0.01489	0.00323	0.14458	0.00838	0.00762	0.01380
57	0.01452	0.01049	0.01372	0.01291	0.01533	0.00968	0.00968	0.01937	0.02905	0.04115	0.56992	0.07666	0.09683	0.02098	0.01210	0.00323	0.00484	0.01856	0.01130	0.00968
58	0.02553	0.02204	0.02320	0.02088	0.02669	0.02553	0.01624	0.05453	0.55679	0.04293	0.04177	0.03829	0.03133	0.01392	0.01044	0.00348	0.00812	0.01160	0.01044	0.01624

[dist]
# distance from previous block
# <min> <max>
0	17

[block]
# block no. 1 follows, 14 sequences, length 26
# corresponding to MSA columns:
# 121-146
name=unknown_B
#
# <colnr> <probs for GDERKNQSTAVLIFYWHMCP>
#	G	D	E	R	K	N	Q	S	T	A	V	L	I	F	Y	W	H	M	C	P
0	0.49065	0.13323	0.02370	0.01563	0.02242	0.07512	0.01326	0.03244	0.01981	0.07402	0.01606	0.01794	0.01256	0.00968	0.00689	0.00296	0.00944	0.00593	0.00631	0.01194
1	0.01599	0.01142	0.01591	0.01828	0.02040	0.01134	0.01559	0.02032	0.02309	0.03010	0.05464	0.18556	0.06025	0.02886	0.01403	0.00465	0.00898	0.44183	0.00946	0.00930
2	0.01361	0.01045	0.01245	0.01195	0.01477	0.00929	0.00897	0.01760	0.02690	0.03604	0.39257	0.08507	0.27736	0.02289	0.01211	0.00332	0.00498	0.01974	0.01062	0.00929
3	0.04069	0.02604	0.02913	0.02233	0.03048	0.02781	0.01845	0.42349	0.04373	0.18868	0.02843	0.02710	0.01936	0.01241	0.01028	0.00310	0.01068	0.00950	0.01085	0.01745
4	0.20188	0.02563	0.02641	0.02071	0.02845	0.02826	0.01710	0.37564	0.03920	0.10472	0.02351	0.02360	0.01661	0.01168	0.00933	0.00311	0.01026	0.00844	0.00953	0.01592
5	0.03417	0.02957	0.04168	0.03141	0.03991	0.13951	0.24425	0.09774	0.02926	0.17051	0.02509	0.02726	0.01774	0.01046	0.01088	0.00318	0.01473	0.01022	0.00765	0.01476
6	0.01248	0.00903	0.01180	0.01402	0.01481	0.00836	0.00941	0.01432	0.01991	0.02630	0.05985	0.59557	0.10283	0.03172	0.01303	0.00412	0.00590	0.02865	0.00953	0.00836
7	0.02376	0.07279	0.30623	0.02237	0.03206	0.01957	0.02494	0.03092	0.02190	0.12720	0.02890	0.11168	0.02555	0.08899	0.01522	0.00410	0.01189	0.01174	0.00675	0.01345
8	0.01250	0.00893	0.01191	0.01429	0.01488	0.00834	0.00953	0.01429	0.01965	0.02620	0.05656	0.63265	0.06787	0.03215	0.01310	0.00417	0.00595	0.02917	0.00953	0.00834
9	0.02245	0.02245	0.03143	0.02694	0.02694	0.03143	0.02245	0.02470	0.01572	0.02470	0.01347	0.02245	0.01347	0.01796	0.03368	0.00449	0.62057	0.00898	0.00449	0.01123
10	0.01938	0.01824	0.03078	0.61468	0.07068	0.02280	0.02850	0.02622	0.02052	0.02622	0.01824	0.02736	0.01368	0.01026	0.01026	0.00342	0.01368	0.00912	0.00456	0.01140
11	0.01739	0.01434	0.02263	0.02839	0.16054	0.01543	0.01764	0.02163	0.01892	0.02691	0.02901	0.07861	0.02813	0.05359	0.37266	0.01150	0.02103	0.04479	0.00591	0.01094
12	0.08342	0.02035	0.02908	0.02198	0.03019	0.01906	0.08599	0.10556	0.03021	0.41276	0.03430	0.03158	0.02223	0.01191	0.01031	0.00320	0.01015	0.01014	0.01100	0.01658
13	0.02495	0.02139	0.02278	0.02076	0.02634	0.02465	0.01626	0.05241	0.52283	0.04215	0.04257	0.04322	0.03309	0.01484	0.01068	0.00356	0.00821	0.04312	0.01038	0.01581
14	0.40476	0.10541	0.02423	0.02135	0.09277	0.05937	0.01497	0.02917	0.01967	0.03778	0.02012	0.09200	0.01902	0.01216	0.00787	0.00311	0.00931	0.00892	0.00624	0.01177
15	0.02006	0.01866	0.02995	0.54934	0.06584	0.02310	0.02715	0.02934	0.07954	0.02806	0.02083	0.02856	0.01562	0.01066	0.01028	0.00343	0.01307	0.00939	0.00521	0.01193
16	0.06179	0.03139	0.14200	0.03600	0.12101	0.05612	0.20871	0.06596	0.02475	0.03537	0.01942	0.02407	0.01491	0.00918	0.01019	0.00301	0.01401	0.00918	0.00554	0.10737
17	0.04086	0.02577	0.02896	0.02220	0.03034	0.02741	0.01834	0.41172	0.04328	0.20110	0.02881	0.02735	0.01955	0.01242	0.01028	0.00310	0.01062	0.00952	0.01091	0.01746
18	0.02298	0.01814	0.02984	0.53414	0.06467	0.02176	0.02669	0.02943	0.02172	0.10133	0.02124	0.02838	0.01526	0.01059	0.01027	0.00339	0.01301	0.00928	0.00566	0.01222
19	0.01452	0.01049	0.01372	0.01291	0.01533	0.00968	0.00968	0.01937	0.02905	0.04115	0.56992	0.07666	0.09683	0.02098	0.01210	0.00323	0.00484	0.01856	0.01130	0.00968
20	0.01523	0.01234	0.01644	0.01888	0.09049	0.01134	0.01203	0.01953	0.02649	0.03587	0.34794	0.07674	0.23623	0.02097	0.01185	0.00328	0.00595	0.01827	0.00990	0.01025
21	0.02897	0.02376	0.02514	0.02158	0.02800	0.02713	0.01708	0.17878	0.42693	0.04848	0.03739	0.03480	0.02778	0.01351	0.01040	0.00338	0.00893	0.01100	0.01040	0.01655
22	0.04544	0.01843	0.02442	0.01872	0.02668	0.01652	0.01546	0.09226	0.03100	0.53790	0.03912	0.03404	0.02472	0.01267	0.01032	0.00317	0.00895	0.01023	0.01249	0.01746
23	0.01558	0.01238	0.01968	0.01968	0.02219	0.01189	0.07602	0.01941	0.02184	0.02887	0.05133	0.34588	0.05793	0.02775	0.01342	0.00431	0.00877	0.22463	0.00897	0.00946
24	0.02715	0.02285	0.02412	0.02121	0.02730	0.02628	0.01664	0.11307	0.49561	0.04554	0.03971	0.03665	0.02966	0.01373	0.01042	0.00343	0.00850	0.01132	0.01042	0.01639
25	0.01477	0.01076	0.01438	0.01646	0.01841	0.01037	0.01333	0.01834	0.02238	0.02897	0.06099	0.27236	0.12338	0.02923	0.01360	0.00440	0.00787	0.30152	0.00948	0.00901

[dist]
# distance from previous block
# <min> <max>
0	5

[block]
# block no. 2 follows, 14 sequences, length 120
# corresponding to MSA columns:
# 152-271
name=unknown_C
#
# <colnr> <probs for GDERKNQSTAVLIFYWHMCP>
#	G	D	E	R	K	N	Q	S	T	A	V	L	I	F	Y	W	H	M	C	P
0	0.01476	0.00988	0.01124	0.01140	0.01143	0.00984	0.00644	0.01488	0.01523	0.02031	0.03392	0.10427	0.03931	0.59950	0.04966	0.00957	0.00969	0.01586	0.00644	0.00636
1	0.02378	0.02306	0.04029	0.20216	0.40768	0.02410	0.06859	0.03025	0.02270	0.03161	0.01914	0.02607	0.01555	0.00939	0.01033	0.00317	0.01295	0.00936	0.00496	0.01484
2	0.01561	0.01239	0.01831	0.01776	0.01937	0.01509	0.01400	0.01910	0.01640	0.02393	0.02578	0.03814	0.02417	0.06978	0.52992	0.01503	0.09967	0.01075	0.00537	0.00941
3	0.02422	0.02768	0.06055	0.04325	0.05363	0.02595	0.53806	0.03287	0.02422	0.03287	0.02076	0.02768	0.01557	0.00865	0.01211	0.00346	0.01730	0.01211	0.00519	0.01384
4	0.71184	0.01985	0.01508	0.01350	0.01985	0.02302	0.01111	0.03017	0.01746	0.04604	0.01429	0.01667	0.01111	0.00953	0.00635	0.00318	0.00794	0.00556	0.00635	0.01111
5	0.02190	0.02164	0.03037	0.02620	0.02633	0.03011	0.02177	0.02424	0.01577	0.02463	0.01447	0.02372	0.01434	0.02215	0.07382	0.00534	0.57843	0.00912	0.00456	0.01108
6	0.01406	0.01047	0.01308	0.01243	0.01505	0.00949	0.00932	0.01847	0.02796	0.03856	0.48011	0.08092	0.18826	0.02195	0.01211	0.00327	0.00491	0.01916	0.01096	0.00949
7	0.39743	0.02400	0.02243	0.01822	0.02544	0.02713	0.01504	0.26893	0.03185	0.05475	0.01913	0.02039	0.01408	0.01083	0.00818	0.00313	0.00951	0.00728	0.00818	0.01408
8	0.04604	0.01746	0.02382	0.01826	0.02620	0.01508	0.01508	0.05001	0.02937	0.58244	0.04049	0.03493	0.02540	0.01270	0.01032	0.00318	0.00873	0.01032	0.01270	0.01746
9	0.04604	0.01746	0.02382	0.01826	0.02620	0.01508	0.01508	0.05001	0.02937	0.58244	0.04049	0.03493	0.02540	0.01270	0.01032	0.00318	0.00873	0.01032	0.01270	0.01746
10	0.01300	0.00898	0.01173	0.01394	0.01467	0.00843	0.00935	0.01501	0.01979	0.02710	0.05484	0.58821	0.06477	0.03064	0.01266	0.00403	0.00587	0.02771	0.06088	0.00843
11	0.01452	0.01049	0.01372	0.01291	0.01533	0.00968	0.00968	0.01937	0.02905	0.04115	0.56992	0.07666	0.09683	0.02098	0.01210	0.00323	0.00484	0.01856	0.01130	0.00968
12	0.01250	0.00893	0.01191	0.01429	0.01488	0.00834	0.00953	0.01429	0.01965	0.02620	0.05656	0.63265	0.06787	0.03215	0.01310	0.00417	0.00595	0.02917	0.00953	0.00834
13	0.71184	0.01985	0.01508	0.01350	0.01985	0.02302	0.01111	0.03017	0.01746	0.04604	0.01429	0.01667	0.01111	0.00953	0.00635	0.00318	0.00794	0.00556	0.00635	0.01111
14	0.71184	0.01985	0.01508	0.01350	0.01985	0.02302	0.01111	0.03017	0.01746	0.04604	0.01429	0.01667	0.01111	0.00953	0.00635	0.00318	0.00794	0.00556	0.00635	0.01111
15	0.01519	0.01137	0.01505	0.01420	0.01601	0.01178	0.01056	0.01898	0.02430	0.03448	0.37655	0.06628	0.07228	0.11795	0.09945	0.00610	0.05470	0.01629	0.00926	0.00923
16	0.02744	0.64552	0.05378	0.01756	0.02634	0.04061	0.01756	0.03073	0.02085	0.02414	0.01427	0.01646	0.01317	0.00878	0.00658	0.00219	0.01097	0.00549	0.00439	0.01317
17	0.01723	0.01309	0.01591	0.01740	0.05768	0.01288	0.01115	0.07995	0.02304	0.03016	0.05433	0.24873	0.16300	0.18201	0.02233	0.00527	0.00792	0.01992	0.00844	0.00957
18	0.03238	0.11369	0.03347	0.09674	0.07759	0.36828	0.02170	0.03583	0.02545	0.02574	0.01600	0.02018	0.01353	0.01086	0.01128	0.00287	0.06993	0.00717	0.00501	0.01227
19	0.71184	0.01985	0.01508	0.01350	0.01985	0.02302	0.01111	0.03017	0.01746	0.04604	0.01429	0.01667	0.01111	0.00953	0.00635	0.00318	0.00794	0.00556	0.00635	0.01111
20	0.02344	0.01952	0.02244	0.01622	0.02523	0.01589	0.01305	0.08855	0.02456	0.03724	0.01902	0.02169	0.01547	0.00817	0.00792	0.00171	0.00805	0.00646	0.00659	0.61876
21	0.02261	0.02292	0.03402	0.02839	0.02931	0.03095	0.06818	0.02542	0.01647	0.02542	0.01412	0.02292	0.01366	0.01714	0.03176	0.00440	0.56706	0.00926	0.00455	0.01146
22	0.01250	0.00893	0.01191	0.01429	0.01488	0.00834	0.00953	0.01429	0.01965	0.02620	0.05656	0.63265	0.06787	0.03215	0.01310	0.00417	0.00595	0.02917	0.00953	0.00834
23	0.01492	0.00995	0.01119	0.01119	0.01119	0.00995	0.00622	0.01492	0.01492	0.01990	0.03233	0.06716	0.03731	0.63935	0.05223	0.00995	0.00995	0.01492	0.00622	0.00622
24	0.02605	0.02161	0.02275	0.02024	0.02597	0.02480	0.01581	0.08836	0.47903	0.04419	0.03988	0.03727	0.02992	0.01366	0.01018	0.00337	0.00811	0.01127	0.06171	0.01583
25	0.01376	0.01046	0.01266	0.01211	0.01487	0.00936	0.00909	0.01790	0.02726	0.03690	0.42223	0.08366	0.24717	0.02257	0.01211	0.00330	0.00495	0.01954	0.01074	0.00936
26	0.01526	0.01178	0.01725	0.01692	0.01850	0.01402	0.01311	0.01857	0.01633	0.02363	0.02677	0.04075	0.02552	0.10949	0.52088	0.01517	0.07036	0.01110	0.00547	0.00912
27	0.02128	0.01824	0.02128	0.01520	0.02432	0.01368	0.01216	0.02584	0.02128	0.03344	0.01824	0.02128	0.01520	0.00760	0.00760	0.00152	0.00760	0.00608	0.00608	0.70208
28	0.02245	0.02245	0.03143	0.02694	0.02694	0.03143	0.02245	0.02470	0.01572	0.02470	0.01347	0.02245	0.01347	0.01796	0.03368	0.00449	0.62057	0.00898	0.00449	0.01123
29	0.71184	0.01985	0.01508	0.01350	0.01985	0.02302	0.01111	0.03017	0.01746	0.04604	0.01429	0.01667	0.01111	0.00953	0.00635	0.00318	0.00794	0.00556	0.00635	0.01111
30	0.03901	0.02874	0.03080	0.02361	0.03182	0.03182	0.01951	0.54111	0.04825	0.06468	0.02464	0.02464	0.01745	0.01232	0.01027	0.00308	0.01129	0.00924	0.01027	0.01745
31	0.03037	0.02445	0.02593	0.02186	0.02853	0.02779	0.01742	0.22941	0.37403	0.05074	0.03561	0.03338	0.02634	0.01335	0.01038	0.00334	0.00926	0.01075	0.01038	0.01668
32	0.02744	0.64552	0.05378	0.01756	0.02634	0.04061	0.01756	0.03073	0.02085	0.02414	0.01427	0.01646	0.01317	0.00878	0.00658	0.00219	0.01097	0.00549	0.00439	0.01317
33	0.04012	0.02244	0.02607	0.02018	0.02777	0.02302	0.01661	0.29493	0.03818	0.27352	0.03189	0.03004	0.02148	0.01244	0.01001	0.00306	0.00967	0.00971	0.07211	0.01676
34	0.01250	0.00893	0.01191	0.01429	0.01488	0.00834	0.00953	0.01429	0.01965	0.02620	0.05656	0.63265	0.06787	0.03215	0.01310	0.00417	0.00595	0.02917	0.00953	0.00834
35	0.02128	0.01824	0.02128	0.01520	0.02432	0.01368	0.01216	0.02584	0.02128	0.03344	0.01824	0.02128	0.01520	0.00760	0.00760	0.00152	0.00760	0.00608	0.00608	0.70208
36	0.01478	0.01052	0.01410	0.01410	0.01511	0.01153	0.00984	0.01679	0.01578	0.02205	0.02967	0.05243	0.03091	0.33076	0.35208	0.01354	0.01957	0.01277	0.00582	0.00783
37	0.04062	0.01587	0.02094	0.01651	0.02333	0.01397	0.01349	0.04475	0.02779	0.47271	0.03907	0.03560	0.02558	0.01255	0.00969	0.00302	0.00794	0.01017	0.15055	0.01587
38	0.02802	0.02149	0.02328	0.02056	0.02663	0.02425	0.01610	0.05398	0.49260	0.10859	0.04161	0.03788	0.03061	0.01377	0.01043	0.00344	0.00820	0.01145	0.01072	0.01639
39	0.01654	0.01181	0.01654	0.01890	0.02126	0.01181	0.01654	0.02126	0.02362	0.03071	0.05433	0.11576	0.05906	0.02835	0.01417	0.00472	0.00945	0.50626	0.00945	0.00945
40	0.71184	0.01985	0.01508	0.01350	0.01985	0.02302	0.01111	0.03017	0.01746	0.04604	0.01429	0.01667	0.01111	0.00953	0.00635	0.00318	0.00794	0.00556	0.00635	0.01111
41	0.03901	0.02874	0.03080	0.02361	0.03182	0.03182	0.01951	0.54111	0.04825	0.06468	0.02464	0.02464	0.01745	0.01232	0.01027	0.00308	0.01129	0.00924	0.01027	0.01745
42	0.71184	0.01985	0.01508	0.01350	0.01985	0.02302	0.01111	0.03017	0.01746	0.04604	0.01429	0.01667	0.01111	0.00953	0.00635	0.00318	0.00794	0.00556	0.00635	0.01111
43	0.03901	0.02874	0.03080	0.02361	0.03182	0.03182	0.01951	0.54111	0.04825	0.06468	0.02464	0.02464	0.01745	0.01232	0.01027	0.00308	0.01129	0.00924	0.01027	0.01745
44	0.01273	0.00911	0.01211	0.01413	0.01493	0.00849	0.00954	0.01486	0.02070	0.02787	0.11396	0.57048	0.07111	0.03090	0.01299	0.00406	0.00583	0.02799	0.00972	0.00849
45	0.04110	0.03761	0.02719	0.02350	0.02974	0.38860	0.01812	0.04422	0.02919	0.22541	0.02471	0.02441	0.01760	0.01134	0.00964	0.00283	0.01499	0.00794	0.00795	0.01390
46	0.04604	0.01746	0.02382	0.01826	0.02620	0.01508	0.01508	0.05001	0.02937	0.58244	0.04049	0.03493	0.02540	0.01270	0.01032	0.00318	0.00873	0.01032	0.01270	0.01746
47	0.01654	0.01181	0.01654	0.01890	0.02126	0.01181	0.01654	0.02126	0.02362	0.03071	0.05433	0.11576	0.05906	0.02835	0.01417	0.00472	0.00945	0.50626	0.00945	0.00945
48	0.04487	0.01934	0.02498	0.01915	0.02713	0.01787	0.01582	0.13188	0.03252	0.49612	0.03784	0.03321	0.02408	0.01264	0.01031	0.00316	0.00916	0.01014	0.01230	0.01746
49	0.01615	0.01222	0.01528	0.01514	0.01805	0.01205	0.01201	0.02370	0.09143	0.03759	0.33642	0.08365	0.12156	0.02239	0.01242	0.00365	0.00642	0.13896	0.01058	0.01033
50	0.01463	0.00983	0.01128	0.01157	0.01164	0.00975	0.00662	0.01485	0.01550	0.02066	0.03528	0.13598	0.04103	0.56545	0.04747	0.00925	0.00946	0.01666	0.00662	0.00648
51	0.02058	0.05308	0.58618	0.02925	0.04442	0.02383	0.03792	0.03250	0.02167	0.03250	0.01842	0.02167	0.01300	0.00975	0.00975	0.00325	0.01517	0.00758	0.00433	0.01517
52	0.04123	0.05849	0.02675	0.01943	0.02720	0.02071	0.01611	0.13125	0.09619	0.39616	0.03639	0.03249	0.02405	0.01255	0.01010	0.00314	0.00922	0.01000	0.01151	0.01705
53	0.37923	0.16939	0.06510	0.01610	0.02287	0.02549	0.01485	0.02841	0.01840	0.03602	0.01686	0.02107	0.01426	0.02105	0.10931	0.00526	0.01256	0.00663	0.00559	0.01155
54	0.01475	0.01063	0.01465	0.01465	0.01585	0.01183	0.01053	0.01715	0.01595	0.02246	0.02917	0.04963	0.02970	0.27204	0.40914	0.01422	0.02140	0.01236	0.00575	0.00814
55	0.02457	0.02367	0.03956	0.10164	0.46922	0.02512	0.03016	0.03026	0.02221	0.03188	0.01851	0.02519	0.01572	0.01030	0.01303	0.00325	0.08635	0.00912	0.00497	0.01526
56	0.02471	0.40987	0.26555	0.02221	0.03353	0.03393	0.02566	0.03143	0.02118	0.02747	0.01592	0.01853	0.01310	0.00917	0.00784	0.00261	0.01264	0.00632	0.00437	0.01396
57	0.13593	0.47347	0.11239	0.01833	0.02750	0.03576	0.01901	0.03085	0.02041	0.02866	0.01478	0.01713	0.01282	0.00902	0.00693	0.00248	0.01100	0.00575	0.00470	0.01308
58	0.01575	0.01125	0.01564	0.01800	0.02002	0.01114	0.01517	0.01990	0.02285	0.02983	0.05477	0.21638	0.06078	0.02909	0.01396	0.00462	0.00877	0.41338	0.00946	0.00923
59	0.03143	0.14568	0.07142	0.02171	0.02951	0.06437	0.01903	0.17604	0.21057	0.08362	0.02867	0.02788	0.02135	0.01193	0.00953	0.00304	0.01069	0.00913	0.00866	0.01573
60	0.02035	0.02729	0.16487	0.25347	0.15183	0.02183	0.06875	0.02778	0.02151	0.02961	0.02334	0.09933	0.02075	0.01247	0.01061	0.00340	0.01309	0.01143	0.00526	0.01303
61	0.06433	0.16901	0.32462	0.02543	0.03739	0.02625	0.06634	0.03447	0.02253	0.10825	0.02057	0.02259	0.01485	0.00986	0.00915	0.00303	0.01314	0.00775	0.00569	0.01474
62	0.02693	0.04432	0.43446	0.02669	0.03992	0.02277	0.03208	0.07555	0.02523	0.14101	0.02316	0.02445	0.01574	0.01052	0.00990	0.00322	0.01362	0.00824	0.00641	0.01579
63	0.08542	0.01795	0.02323	0.01816	0.02584	0.01635	0.01493	0.04913	0.06806	0.50916	0.03897	0.03406	0.02497	0.01260	0.01009	0.00320	0.00864	0.01012	0.01214	0.01698
64	0.01992	0.01684	0.02655	0.03633	0.25062	0.01672	0.02173	0.02523	0.02433	0.03344	0.11663	0.07238	0.04690	0.01927	0.01220	0.00380	0.00990	0.22699	0.00791	0.01231
65	0.02892	0.12678	0.25954	0.02333	0.03340	0.09278	0.02494	0.03572	0.02406	0.15723	0.02600	0.07779	0.02079	0.01238	0.00966	0.00309	0.01265	0.00971	0.00686	0.01440
66	0.01248	0.00904	0.01180	0.01400	0.01481	0.00836	0.00940	0.01432	0.01993	0.02631	0.06008	0.59302	0.10523	0.03169	0.01303	0.00412	0.00590	0.02862	0.00953	0.00836
67	0.01452	0.01049	0.01372	0.01291	0.01533	0.00968	0.00968	0.01937	0.02905	0.04115	0.56992	0.07666	0.09683	0.02098	0.01210	0.00323	0.00484	0.01856	0.01130	0.00968
68	0.03858	0.02137	0.06568	0.01979	0.02769	0.01856	0.01710	0.04993	0.17160	0.39526	0.03918	0.03485	0.02608	0.01281	0.01031	0.00326	0.00905	0.01046	0.01146	0.01696
69	0.02349	0.01851	0.03047	0.49703	0.09547	0.02181	0.02680	0.02988	0.02194	0.10475	0.02143	0.02830	0.01548	0.01053	0.01026	0.00336	0.01289	0.00929	0.00573	0.01255
70	0.08532	0.02029	0.02494	0.01924	0.02714	0.01955	0.01589	0.16552	0.03313	0.42639	0.03511	0.03136	0.02263	0.01242	0.01006	0.00315	0.00929	0.00977	0.01173	0.01707
71	0.01213	0.01040	0.01040	0.01040	0.01386	0.00866	0.00780	0.01473	0.02339	0.02772	0.10396	0.09876	0.57117	0.02599	0.01213	0.00347	0.00520	0.02166	0.00953	0.00866
72	0.01854	0.01711	0.02848	0.54161	0.06389	0.02104	0.02619	0.02477	0.02041	0.02622	0.02290	0.10103	0.02028	0.01292	0.01061	0.00351	0.01274	0.01156	0.00516	0.01103
73	0.04123	0.02518	0.02859	0.02192	0.03005	0.02654	0.01811	0.38607	0.04229	0.22813	0.02964	0.02789	0.01996	0.01244	0.01028	0.00311	0.01048	0.00958	0.01103	0.01746
74	0.71184	0.01985	0.01508	0.01350	0.01985	0.02302	0.01111	0.03017	0.01746	0.04604	0.01429	0.01667	0.01111	0.00953	0.00635	0.00318	0.00794	0.00556	0.00635	0.01111
75	0.01381	0.01046	0.01272	0.01216	0.01489	0.00938	0.00912	0.01798	0.02736	0.03714	0.43054	0.08327	0.23872	0.02248	0.01211	0.00330	0.00495	0.01949	0.01077	0.00938
76	0.01530	0.01079	0.01431	0.01531	0.01660	0.01114	0.01158	0.01791	0.01870	0.02505	0.04076	0.11379	0.04457	0.25978	0.15334	0.00910	0.01329	0.19307	0.00744	0.00815
77	0.03833	0.04891	0.02908	0.02644	0.03173	0.59815	0.01983	0.04098	0.02908	0.02512	0.01586	0.01851	0.01322	0.01058	0.00925	0.00264	0.01851	0.00661	0.00529	0.01190
78	0.02744	0.64552	0.05378	0.01756	0.02634	0.04061	0.01756	0.03073	0.02085	0.02414	0.01427	0.01646	0.01317	0.00878	0.00658	0.00219	0.01097	0.00549	0.00439	0.01317
79	0.01250	0.00893	0.01191	0.01429	0.01488	0.00834	0.00953	0.01429	0.01965	0.02620	0.05656	0.63265	0.06787	0.03215	0.01310	0.00417	0.00595	0.02917	0.00953	0.00834
80	0.71184	0.01985	0.01508	0.01350	0.01985	0.02302	0.01111	0.03017	0.01746	0.04604	0.01429	0.01667	0.01111	0.00953	0.00635	0.00318	0.00794	0.00556	0.00635	0.01111
81	0.03901	0.02874	0.03080	0.02361	0.03182	0.03182	0.01951	0.54111	0.04825	0.06468	0.02464	0.02464	0.01745	0.01232	0.01027	0.00308	0.01129	0.00924	0.01027	0.01745
82	0.71184	0.01985	0.01508	0.01350	0.01985	0.02302	0.01111	0.03017	0.01746	0.04604	0.01429	0.01667	0.01111	0.00953	0.00635	0.00318	0.00794	0.00556	0.00635	0.01111
83	0.03901	0.02874	0.03080	0.02361	0.03182	0.03182	0.01951	0.54111	0.04825	0.06468	0.02464	0.02464	0.01745	0.01232	0.01027	0.00308	0.01129	0.00924	0.01027	0.01745
84	0.03833	0.04891	0.02908	0.02644	0.03173	0.59815	0.01983	0.04098	0.02908	0.02512	0.01586	0.01851	0.01322	0.01058	0.00925	0.00264	0.01851	0.00661	0.00529	0.01190
85	0.01400	0.01047	0.01299	0.01236	0.01501	0.00946	0.00927	0.01835	0.02781	0.03820	0.46760	0.08151	0.20099	0.02208	0.01211	0.00328	0.00492	0.01924	0.01091	0.00946
86	0.02744	0.64552	0.05378	0.01756	0.02634	0.04061	0.01756	0.03073	0.02085	0.02414	0.01427	0.01646	0.01317	0.00878	0.00658	0.00219	0.01097	0.00549	0.00439	0.01317
87	0.01245	0.00915	0.01168	0.01371	0.01473	0.00838	0.00927	0.01435	0.02021	0.02642	0.06363	0.55307	0.14289	0.03123	0.01295	0.00406	0.00584	0.02805	0.00953	0.00838
88	0.01913	0.00956	0.00956	0.00956	0.01196	0.00956	0.00717	0.02391	0.02152	0.03826	0.03348	0.03826	0.02630	0.01196	0.00717	0.00239	0.00478	0.00956	0.69632	0.00956
89	0.01391	0.01047	0.01287	0.01227	0.01495	0.00942	0.00920	0.01818	0.02760	0.03771	0.45061	0.08232	0.21828	0.02226	0.01211	0.00329	0.00493	0.01935	0.01084	0.00942
90	0.01216	0.01027	0.01053	0.01074	0.01395	0.00863	0.00795	0.01469	0.02306	0.02759	0.09976	0.14611	0.52653	0.02654	0.01221	0.00353	0.00526	0.02232	0.00953	0.00863
91	0.02854	0.07153	0.02847	0.02469	0.07057	0.06315	0.01826	0.12520	0.36382	0.04304	0.03371	0.03231	0.02553	0.01271	0.01003	0.00324	0.00979	0.01028	0.00922	0.01593
92	0.02631	0.02114	0.03509	0.25463	0.31212	0.02243	0.02797	0.03236	0.02324	0.11268	0.02208	0.02752	0.01669	0.01007	0.01022	0.00320	0.01221	0.00931	0.00603	0.01469
93	0.08116	0.31236	0.21166	0.02160	0.03184	0.07343	0.02333	0.03371	0.02221	0.07804	0.01800	0.01989	0.01405	0.00962	0.00808	0.00272	0.01240	0.00666	0.00533	0.01392
94	0.52651	0.02196	0.02019	0.01919	0.06347	0.02488	0.01430	0.13231	0.02405	0.04883	0.01673	0.01891	0.01276	0.01006	0.00742	0.00315	0.00892	0.00656	0.00704	0.01276
95	0.01772	0.01385	0.01647	0.01523	0.01863	0.01429	0.01159	0.02959	0.18242	0.04167	0.41642	0.06551	0.07779	0.01893	0.01162	0.00330	0.00579	0.01654	0.01105	0.01159
96	0.02296	0.12045	0.32670	0.03595	0.13063	0.02651	0.13063	0.03218	0.02233	0.03165	0.01847	0.02276	0.01405	0.00931	0.00986	0.00312	0.01455	0.00844	0.00463	0.01483
97	0.01466	0.01100	0.01649	0.01649	0.01833	0.01283	0.01283	0.01833	0.01649	0.02382	0.02749	0.04032	0.02566	0.07697	0.59868	0.01649	0.02749	0.01100	0.00550	0.00916
98	0.01331	0.00989	0.01376	0.01732	0.04974	0.00933	0.01089	0.01536	0.01988	0.02665	0.05424	0.59488	0.06466	0.03072	0.01292	0.00410	0.00634	0.02793	0.00925	0.00883
99	0.01938	0.01824	0.03078	0.61468	0.07068	0.02280	0.02850	0.02622	0.02052	0.02622	0.01824	0.02736	0.01368	0.01026	0.01026	0.00342	0.01368	0.00912	0.00456	0.01140
100	0.03833	0.04891	0.02908	0.02644	0.03173	0.59815	0.01983	0.04098	0.02908	0.02512	0.01586	0.01851	0.01322	0.01058	0.00925	0.00264	0.01851	0.00661	0.00529	0.01190
101	0.01892	0.09207	0.02569	0.01974	0.02163	0.02235	0.01612	0.02172	0.01662	0.02381	0.02149	0.03365	0.02098	0.09827	0.28397	0.01005	0.22776	0.00998	0.00508	0.01010
102	0.02231	0.04181	0.36632	0.03370	0.08388	0.02453	0.14008	0.03518	0.08746	0.03392	0.02182	0.02523	0.01601	0.00998	0.01036	0.00331	0.01454	0.00914	0.00531	0.01510
103	0.01872	0.01407	0.01793	0.05290	0.02226	0.01562	0.01335	0.08477	0.06208	0.03168	0.03699	0.08109	0.07617	0.08506	0.27872	0.00969	0.01707	0.01294	0.05832	0.01058
104	0.01773	0.01601	0.01623	0.01598	0.01918	0.08139	0.01141	0.02028	0.02118	0.02779	0.04250	0.41259	0.04870	0.02369	0.01132	0.00335	0.00787	0.02094	0.00819	0.17366
105	0.02488	0.02787	0.04762	0.03619	0.04430	0.10855	0.36315	0.03190	0.02483	0.03131	0.02632	0.04281	0.02337	0.01263	0.01207	0.00358	0.01601	0.10386	0.00600	0.01273
106	0.16369	0.06850	0.20053	0.02191	0.03077	0.02350	0.02255	0.03662	0.05105	0.17386	0.02362	0.02473	0.01684	0.01162	0.01198	0.00332	0.08516	0.00814	0.00721	0.01441
107	0.02324	0.02218	0.03775	0.26126	0.39396	0.02381	0.03042	0.02960	0.02234	0.03090	0.01892	0.02610	0.01533	0.00954	0.01020	0.00318	0.01273	0.00914	0.00489	0.01451
108	0.02552	0.02222	0.02458	0.02403	0.06769	0.02544	0.01738	0.05281	0.51692	0.04223	0.04009	0.03732	0.03020	0.01357	0.01042	0.00345	0.00843	0.01142	0.01004	0.01624
109	0.01469	0.01087	0.01585	0.01585	0.01746	0.01248	0.01202	0.01791	0.01630	0.02334	0.02808	0.04358	0.02707	0.14541	0.53217	0.01570	0.02535	0.01147	0.00559	0.00880
110	0.02322	0.02572	0.13628	0.09572	0.03666	0.02073	0.09180	0.06480	0.12027	0.07757	0.11259	0.04213	0.07957	0.01385	0.01089	0.00334	0.01092	0.01225	0.00803	0.01366
111	0.01850	0.01729	0.02830	0.54114	0.06376	0.02108	0.02598	0.02482	0.02087	0.02640	0.02867	0.03605	0.08153	0.01217	0.01049	0.00343	0.01265	0.01065	0.00516	0.01107
112	0.03217	0.02540	0.04140	0.03897	0.18052	0.02532	0.17712	0.17295	0.03136	0.13327	0.02471	0.02746	0.01790	0.01045	0.01080	0.00320	0.01290	0.01025	0.00779	0.01606
113	0.02049	0.01927	0.07109	0.02365	0.10246	0.01788	0.01617	0.08401	0.02101	0.02916	0.02639	0.04623	0.02687	0.32279	0.07648	0.00755	0.05986	0.01196	0.00619	0.01049
114	0.18592	0.01937	0.02229	0.02061	0.09032	0.01720	0.01426	0.02756	0.02063	0.03645	0.01743	0.02069	0.01436	0.00825	0.00761	0.00210	0.00824	0.00633	0.00602	0.45438
115	0.01658	0.01387	0.02307	0.01971	0.02318	0.01368	0.10960	0.02126	0.02302	0.03208	0.23239	0.06073	0.05449	0.10781	0.15657	0.00736	0.01354	0.05316	0.00801	0.00990
116	0.02264	0.14458	0.07660	0.07191	0.23535	0.02421	0.02318	0.02989	0.05885	0.03348	0.14288	0.03581	0.03427	0.01215	0.00989	0.00299	0.01036	0.01058	0.00660	0.01380
117	0.01593	0.08776	0.01824	0.01384	0.01611	0.01457	0.01031	0.01809	0.01750	0.02305	0.03899	0.05563	0.10957	0.26022	0.24568	0.01049	0.01594	0.01331	0.00622	0.00853
118	0.03138	0.01896	0.02682	0.09732	0.12255	0.01712	0.01851	0.03624	0.02469	0.24632	0.02708	0.02802	0.01916	0.01017	0.00941	0.00265	0.00955	0.00861	0.00831	0.23714
119	0.02945	0.02137	0.02932	0.02396	0.06562	0.01960	0.07934	0.10246	0.07441	0.14523	0.02588	0.02694	0.01903	0.01001	0.00945	0.00256	0.00984	0.00875	0.00814	0.28866

[dist]
# distance from previous block
# <min> <max>
0	2

[block]
# block no. 3 follows, 14 sequences, length 8
# corresponding to MSA columns:
# 274-281
name=unknown_D
#
# <colnr> <probs for GDERKNQSTAVLIFYWHMCP>
#	G	D	E	R	K	N	Q	S	T	A	V	L	I	F	Y	W	H	M	C	P
0	0.03189	0.02426	0.12076	0.02035	0.02829	0.01911	0.01880	0.04480	0.18505	0.26388	0.09744	0.03837	0.03315	0.01349	0.01046	0.00329	0.00923	0.01116	0.01041	0.01581
1	0.02504	0.01728	0.02064	0.01622	0.02337	0.01509	0.01287	0.03347	0.11003	0.13233	0.12775	0.03662	0.03464	0.01198	0.00936	0.00244	0.00737	0.01001	0.00890	0.34459
2	0.01397	0.01024	0.01310	0.01286	0.01511	0.00937	0.00947	0.01812	0.02703	0.03749	0.44376	0.16393	0.14093	0.02320	0.01226	0.00340	0.00505	0.02050	0.01085	0.00937
3	0.01982	0.02009	0.01667	0.01595	0.01913	0.15947	0.01182	0.02324	0.02669	0.03228	0.26335	0.13061	0.18039	0.02075	0.01150	0.00324	0.00854	0.01743	0.00916	0.00986
4	0.02487	0.13021	0.03810	0.24114	0.23016	0.02651	0.02630	0.03033	0.02183	0.06598	0.01910	0.02497	0.01526	0.01030	0.01116	0.00313	0.05306	0.00857	0.00526	0.01377
5	0.02027	0.02998	0.21018	0.17792	0.04645	0.02214	0.10942	0.03045	0.06876	0.03037	0.02242	0.02883	0.01744	0.02182	0.11325	0.00566	0.01665	0.00966	0.00528	0.01304
6	0.02891	0.02960	0.03452	0.23389	0.12216	0.17171	0.07072	0.12130	0.02828	0.03426	0.01912	0.02438	0.01475	0.01040	0.01016	0.00311	0.01461	0.00877	0.00587	0.01347
7	0.01676	0.01384	0.01748	0.05618	0.02080	0.01557	0.01258	0.02156	0.06797	0.02846	0.12846	0.11461	0.12739	0.17876	0.02594	0.00533	0.11481	0.01620	0.00783	0.00948

[dist]
# distance from previous block
# <min> <max>
11	42

# created by:
# /st0/software/busco_prod/Augustus/scripts/msa2prfl.pl ./align_prep/5429.fa
