[name]
unknown

[dist]
# distance from previous block
# <min> <max>
0	156

[block]
# block no. 0 follows, 13 sequences, length 19
# corresponding to MSA columns:
# 172-190
name=unknown_A
#
# <colnr> <probs for GDERKNQSTAVLIFYWHMCP>
#	G	D	E	R	K	N	Q	S	T	A	V	L	I	F	Y	W	H	M	C	P
0	0.01606	0.01194	0.01524	0.01511	0.01791	0.01154	0.01193	0.02259	0.06400	0.03910	0.37517	0.08703	0.11794	0.02321	0.01284	0.00371	0.00634	0.12700	0.01102	0.01032
1	0.70310	0.02045	0.01554	0.01390	0.02045	0.02372	0.01145	0.03108	0.01799	0.04744	0.01472	0.01718	0.01145	0.00981	0.00654	0.00327	0.00818	0.00573	0.00654	0.01145
2	0.02520	0.02367	0.03811	0.05362	0.43937	0.02260	0.02789	0.03111	0.02358	0.03452	0.01964	0.02520	0.01650	0.00906	0.00986	0.00278	0.01148	0.00870	0.00547	0.17166
3	0.18954	0.02628	0.02662	0.02144	0.02901	0.02955	0.01751	0.32899	0.13109	0.05821	0.02611	0.02603	0.01905	0.01233	0.00969	0.00327	0.01026	0.00909	0.00969	0.01626
4	0.01539	0.01140	0.01538	0.01656	0.01764	0.01208	0.01240	0.01795	0.01968	0.02656	0.04614	0.27763	0.05233	0.14450	0.09718	0.00719	0.05345	0.13945	0.00827	0.00881
5	0.02761	0.01655	0.01912	0.01651	0.02045	0.01701	0.01197	0.09123	0.11807	0.15602	0.03606	0.05107	0.03211	0.30427	0.03107	0.00662	0.00979	0.01298	0.00921	0.01229
6	0.02070	0.02029	0.02742	0.02385	0.02467	0.02701	0.01967	0.02309	0.01800	0.02616	0.03523	0.04114	0.13855	0.02040	0.02961	0.00438	0.47079	0.01224	0.00582	0.01096
7	0.17842	0.01994	0.02530	0.14033	0.03538	0.02287	0.05272	0.07028	0.11622	0.03824	0.02966	0.13312	0.02715	0.01563	0.01179	0.00366	0.04609	0.01292	0.00762	0.01266
8	0.02591	0.01263	0.01679	0.01597	0.01966	0.01124	0.01185	0.02866	0.02431	0.23217	0.05558	0.36237	0.08904	0.02509	0.01234	0.00385	0.00716	0.02215	0.01105	0.01217
9	0.02173	0.01177	0.01574	0.01528	0.01825	0.01065	0.01123	0.02502	0.02545	0.16097	0.19930	0.32407	0.06816	0.02500	0.01251	0.00377	0.00648	0.02224	0.01113	0.01124
10	0.04744	0.01799	0.02454	0.01881	0.02699	0.01554	0.01554	0.05153	0.03026	0.56979	0.04171	0.03599	0.02617	0.01309	0.01063	0.00327	0.00900	0.01063	0.01309	0.01799
11	0.02822	0.02157	0.03753	0.25773	0.12026	0.02302	0.12241	0.03458	0.02407	0.15356	0.02441	0.02949	0.01757	0.01113	0.01231	0.00349	0.04724	0.01027	0.00681	0.01431
12	0.03952	0.01598	0.02173	0.01787	0.02432	0.01395	0.01423	0.04310	0.02797	0.44546	0.04551	0.17010	0.03620	0.01768	0.01129	0.00351	0.00834	0.01508	0.01234	0.01584
13	0.01563	0.01043	0.01308	0.01389	0.01601	0.00938	0.00985	0.01829	0.02330	0.06926	0.14242	0.37903	0.18301	0.02850	0.01291	0.00391	0.00599	0.02524	0.01033	0.00956
14	0.01585	0.01084	0.01626	0.01626	0.01771	0.01229	0.01229	0.01771	0.01626	0.02313	0.02604	0.03938	0.02458	0.06955	0.46164	0.17169	0.02394	0.01084	0.00542	0.00833
15	0.08687	0.12102	0.03136	0.02290	0.02975	0.30356	0.01832	0.07361	0.02928	0.15450	0.02240	0.02293	0.01662	0.01118	0.00926	0.00285	0.01442	0.00762	0.00748	0.01407
16	0.03411	0.01873	0.02920	0.19600	0.07611	0.01872	0.04916	0.03956	0.02683	0.30267	0.07243	0.03596	0.02713	0.01253	0.01085	0.00336	0.01093	0.01095	0.00954	0.01523
17	0.07654	0.12987	0.02939	0.05573	0.02837	0.09998	0.04501	0.03108	0.09615	0.03081	0.03220	0.19795	0.03265	0.01777	0.01191	0.00348	0.04712	0.01464	0.00730	0.01204
18	0.07034	0.05670	0.02621	0.10288	0.03119	0.02143	0.01742	0.02745	0.02086	0.07240	0.02697	0.07012	0.05178	0.01419	0.01512	0.00315	0.14651	0.01029	0.00657	0.20842

[dist]
# distance from previous block
# <min> <max>
0	86

[block]
# block no. 1 follows, 13 sequences, length 60
# corresponding to MSA columns:
# 280-339
name=unknown_B
#
# <colnr> <probs for GDERKNQSTAVLIFYWHMCP>
#	G	D	E	R	K	N	Q	S	T	A	V	L	I	F	Y	W	H	M	C	P
0	0.07161	0.02318	0.08037	0.24460	0.04548	0.02272	0.02316	0.09924	0.02633	0.11250	0.03202	0.03528	0.07511	0.01336	0.01194	0.00348	0.04810	0.01058	0.00737	0.01355
1	0.07056	0.06210	0.07364	0.11326	0.09714	0.02466	0.12594	0.03368	0.06040	0.07152	0.02194	0.02640	0.01689	0.01064	0.01196	0.00321	0.05890	0.00932	0.00622	0.10161
2	0.14266	0.02150	0.02787	0.10875	0.09076	0.05652	0.05446	0.03569	0.02518	0.18111	0.07711	0.03218	0.02583	0.01178	0.00995	0.00315	0.01078	0.00989	0.00823	0.06660
3	0.07141	0.01971	0.05961	0.07170	0.12360	0.01836	0.01948	0.03183	0.09515	0.09297	0.07739	0.16735	0.04001	0.01805	0.01131	0.00365	0.00944	0.04704	0.00864	0.01329
4	0.02473	0.02766	0.15192	0.09558	0.07284	0.02216	0.05950	0.07006	0.11374	0.06965	0.02615	0.03074	0.02014	0.02079	0.07028	0.07945	0.01396	0.00996	0.00683	0.01386
5	0.01919	0.00996	0.01032	0.01023	0.01270	0.00987	0.00767	0.02413	0.02301	0.03974	0.09114	0.04371	0.03498	0.01333	0.00794	0.00256	0.00493	0.01086	0.61387	0.00987
6	0.09579	0.01897	0.02123	0.01547	0.02456	0.01514	0.01241	0.02711	0.02150	0.03586	0.01835	0.02141	0.01520	0.00805	0.00769	0.00175	0.00787	0.00621	0.00629	0.61914
7	0.62916	0.02416	0.07606	0.01566	0.02319	0.02381	0.01444	0.03134	0.01846	0.04592	0.01518	0.01773	0.01166	0.00984	0.00692	0.00328	0.00899	0.00595	0.00632	0.01190
8	0.02639	0.13558	0.13057	0.06850	0.03452	0.02441	0.05782	0.06418	0.02476	0.10869	0.02996	0.10486	0.02716	0.01561	0.01230	0.00351	0.05175	0.05841	0.00735	0.01367
9	0.28571	0.33222	0.03550	0.01612	0.02331	0.03134	0.01466	0.02963	0.02001	0.03376	0.01935	0.08151	0.01877	0.01191	0.00741	0.00287	0.00955	0.00828	0.00586	0.01222
10	0.02272	0.01074	0.01145	0.01083	0.01391	0.01047	0.00827	0.02755	0.02305	0.09693	0.03527	0.03905	0.02700	0.01240	0.00774	0.00255	0.00537	0.00994	0.61402	0.01074
11	0.03125	0.01895	0.02598	0.11679	0.07178	0.01695	0.01781	0.03623	0.02500	0.22938	0.02727	0.02841	0.01933	0.01032	0.00949	0.00262	0.00962	0.00860	0.00843	0.28577
12	0.45749	0.01963	0.01965	0.07907	0.02784	0.02155	0.01446	0.03599	0.02154	0.18188	0.02222	0.02329	0.01559	0.01075	0.00805	0.00330	0.00903	0.00741	0.00805	0.01319
13	0.09752	0.01393	0.01866	0.01710	0.02101	0.01492	0.01359	0.02808	0.02030	0.15865	0.03008	0.03756	0.02475	0.05578	0.38461	0.01219	0.02147	0.01055	0.00755	0.01172
14	0.02617	0.02512	0.04292	0.06490	0.56246	0.02512	0.03245	0.03245	0.02407	0.03454	0.01989	0.02617	0.01675	0.00942	0.01047	0.00314	0.01256	0.00942	0.00523	0.01675
15	0.01470	0.01080	0.01377	0.01303	0.01563	0.00986	0.00977	0.01944	0.02931	0.04092	0.50892	0.08141	0.14865	0.02217	0.01247	0.00335	0.00503	0.01946	0.01144	0.00986
16	0.01301	0.00998	0.01199	0.01350	0.01537	0.00896	0.00961	0.01538	0.02200	0.02791	0.07691	0.38792	0.25713	0.03042	0.01319	0.00405	0.00608	0.05799	0.00981	0.00879
17	0.01521	0.01090	0.01484	0.01484	0.01599	0.01205	0.01054	0.01750	0.01636	0.02295	0.03029	0.05242	0.03116	0.29537	0.37690	0.01434	0.02121	0.01292	0.00596	0.00825
18	0.70310	0.02045	0.01554	0.01390	0.02045	0.02372	0.01145	0.03108	0.01799	0.04744	0.01472	0.01718	0.01145	0.00981	0.00654	0.00327	0.00818	0.00573	0.00654	0.01145
19	0.02087	0.01418	0.01761	0.01774	0.02124	0.01435	0.01413	0.03013	0.13333	0.09132	0.09463	0.19285	0.09214	0.02442	0.01283	0.00410	0.00794	0.17392	0.01048	0.01181
20	0.02944	0.42214	0.10394	0.02106	0.03015	0.09723	0.02063	0.06997	0.06238	0.03027	0.01815	0.01999	0.01523	0.01000	0.00799	0.00259	0.01242	0.00674	0.00550	0.01419
21	0.01513	0.01122	0.01646	0.01646	0.01816	0.01293	0.01255	0.01854	0.01683	0.02415	0.02881	0.04424	0.02761	0.13300	0.53442	0.01633	0.02655	0.01172	0.00574	0.00914
22	0.01658	0.01279	0.01542	0.01494	0.01784	0.01277	0.01110	0.02559	0.12581	0.03900	0.33723	0.17042	0.11421	0.02266	0.01233	0.00357	0.00587	0.01994	0.01101	0.01094
23	0.03233	0.02978	0.18456	0.02463	0.03447	0.02052	0.07182	0.04329	0.10697	0.24799	0.06712	0.03470	0.02729	0.01256	0.01078	0.00337	0.01140	0.01077	0.00941	0.01623
24	0.03225	0.06768	0.15817	0.10515	0.09614	0.06889	0.02609	0.13981	0.03011	0.13844	0.02417	0.02613	0.01721	0.01118	0.01015	0.00319	0.01305	0.00887	0.00754	0.01579
25	0.02241	0.21620	0.37047	0.02518	0.03746	0.02794	0.03020	0.03113	0.02188	0.03039	0.02159	0.07939	0.01897	0.01202	0.00945	0.00313	0.01346	0.00937	0.00500	0.01435
26	0.02135	0.02092	0.03756	0.46383	0.11799	0.02415	0.10634	0.02861	0.02202	0.02881	0.01930	0.02804	0.01466	0.01020	0.01086	0.00349	0.01452	0.00988	0.00485	0.01262
27	0.03176	0.12003	0.26489	0.02549	0.03713	0.02493	0.05721	0.07458	0.02677	0.19769	0.02591	0.02634	0.01780	0.01095	0.00996	0.00318	0.01286	0.00878	0.00759	0.01615
28	0.15393	0.02442	0.06474	0.11974	0.03781	0.02420	0.05589	0.12222	0.10209	0.15019	0.02744	0.02853	0.01939	0.01168	0.00998	0.00337	0.01113	0.00948	0.00861	0.01516
29	0.02496	0.02852	0.06239	0.04456	0.05526	0.02674	0.52406	0.03387	0.02496	0.03387	0.02139	0.02852	0.01604	0.00891	0.01248	0.00357	0.01783	0.01248	0.00535	0.01426
30	0.07793	0.01755	0.02553	0.02534	0.08155	0.01871	0.05055	0.02890	0.02212	0.14307	0.03644	0.23538	0.03632	0.02020	0.01599	0.00389	0.12270	0.01678	0.00847	0.01259
31	0.21358	0.02076	0.02579	0.24822	0.04401	0.02377	0.02052	0.09766	0.05710	0.11683	0.02330	0.02663	0.01672	0.01123	0.00949	0.00338	0.01108	0.00874	0.00753	0.01367
32	0.02599	0.01489	0.02292	0.02068	0.02525	0.01378	0.06957	0.03022	0.02507	0.19415	0.04853	0.22300	0.04796	0.02319	0.01286	0.00408	0.00939	0.16574	0.01030	0.01242
33	0.01357	0.00992	0.01275	0.01380	0.01538	0.00911	0.00968	0.01660	0.02404	0.03255	0.23792	0.37629	0.13243	0.02842	0.01303	0.00388	0.00565	0.02541	0.01045	0.00911
34	0.01943	0.01794	0.02984	0.54012	0.06674	0.02205	0.02730	0.02626	0.02208	0.02865	0.07617	0.03361	0.02323	0.01175	0.01077	0.00350	0.01312	0.01043	0.00544	0.01156
35	0.03475	0.30499	0.08049	0.02086	0.03006	0.03304	0.01970	0.17536	0.03117	0.14062	0.02315	0.02333	0.01719	0.01091	0.00882	0.00279	0.01127	0.00785	0.00785	0.01580
36	0.04607	0.02228	0.02563	0.02010	0.02801	0.07760	0.01639	0.08445	0.03162	0.47591	0.03784	0.03343	0.02425	0.01282	0.01051	0.00321	0.01026	0.01015	0.01209	0.01738
37	0.01343	0.01008	0.01246	0.01328	0.01522	0.00910	0.00942	0.01646	0.02422	0.03218	0.22562	0.32365	0.20036	0.02797	0.01293	0.00381	0.00558	0.02473	0.01038	0.00910
38	0.01575	0.01239	0.01610	0.07783	0.02308	0.01278	0.01272	0.02245	0.09128	0.03208	0.14285	0.35142	0.09697	0.02580	0.01258	0.00390	0.00702	0.02303	0.00971	0.01027
39	0.02755	0.19871	0.21999	0.10035	0.03991	0.07186	0.02648	0.03650	0.06364	0.08775	0.02188	0.02419	0.01637	0.01057	0.00932	0.00304	0.01327	0.00799	0.00599	0.01464
40	0.02313	0.02313	0.03238	0.02776	0.02776	0.03238	0.02313	0.02545	0.01619	0.02545	0.01388	0.02313	0.01388	0.01851	0.03470	0.00463	0.60907	0.00925	0.00463	0.01157
41	0.01701	0.01031	0.01353	0.01460	0.01632	0.00953	0.01022	0.01968	0.02257	0.08288	0.11699	0.45526	0.06631	0.02825	0.01265	0.00394	0.00619	0.02536	0.05865	0.00977
42	0.02527	0.02508	0.10262	0.39609	0.05975	0.02440	0.02819	0.10430	0.02626	0.07570	0.02157	0.02760	0.01551	0.01101	0.01051	0.00343	0.01354	0.00930	0.00619	0.01367
43	0.02843	0.02414	0.03375	0.25311	0.08366	0.02778	0.05514	0.20495	0.07187	0.04303	0.02293	0.02768	0.01715	0.01189	0.01208	0.00345	0.04706	0.00982	0.00730	0.01478
44	0.02255	0.01546	0.01860	0.01708	0.02066	0.01669	0.01279	0.03397	0.18742	0.09620	0.08740	0.05000	0.03810	0.16670	0.16055	0.00826	0.01338	0.01310	0.00892	0.01216
45	0.02352	0.02051	0.02658	0.01910	0.02856	0.01666	0.06309	0.06288	0.02419	0.03668	0.01951	0.02282	0.01586	0.00828	0.00848	0.00188	0.00908	0.00710	0.00648	0.57873
46	0.02686	0.10842	0.34628	0.02926	0.04127	0.17053	0.06743	0.03558	0.02439	0.03072	0.01806	0.02141	0.01366	0.01008	0.00977	0.00310	0.01625	0.00768	0.00479	0.01446
47	0.03722	0.02327	0.02694	0.02033	0.02897	0.02264	0.01669	0.25134	0.03640	0.20270	0.02826	0.02748	0.01970	0.01146	0.00983	0.00276	0.00982	0.00894	0.01010	0.20515
48	0.01354	0.00983	0.01277	0.01399	0.01542	0.00906	0.00975	0.01646	0.02367	0.03213	0.22458	0.40955	0.11214	0.02894	0.01309	0.00393	0.00571	0.02597	0.01041	0.00906
49	0.01325	0.01018	0.01214	0.01284	0.01505	0.00906	0.00918	0.01620	0.02412	0.03143	0.20115	0.28859	0.26305	0.02784	0.01286	0.00378	0.00555	0.02439	0.01027	0.00906
50	0.01496	0.01081	0.01413	0.01330	0.01580	0.00998	0.00998	0.01995	0.02993	0.04240	0.55689	0.07898	0.09976	0.02162	0.01247	0.00333	0.00499	0.01912	0.01164	0.00998
51	0.01409	0.01077	0.01292	0.01238	0.01526	0.00960	0.00929	0.01826	0.02786	0.03749	0.39733	0.08706	0.26239	0.02345	0.01248	0.00341	0.00512	0.02025	0.01099	0.00960
52	0.02121	0.05469	0.57364	0.03014	0.04576	0.02455	0.03906	0.03348	0.02232	0.03348	0.01897	0.02232	0.01339	0.01005	0.01005	0.00335	0.01563	0.00781	0.00446	0.01563
53	0.02121	0.05469	0.57364	0.03014	0.04576	0.02455	0.03906	0.03348	0.02232	0.03348	0.01897	0.02232	0.01339	0.01005	0.01005	0.00335	0.01563	0.00781	0.00446	0.01563
54	0.01510	0.01133	0.01699	0.01699	0.01888	0.01322	0.01322	0.01888	0.01699	0.02454	0.02832	0.04154	0.02643	0.07930	0.58652	0.01699	0.02832	0.01133	0.00566	0.00944
55	0.02827	0.63478	0.05540	0.01809	0.02714	0.04184	0.01809	0.03166	0.02148	0.02488	0.01470	0.01696	0.01357	0.00905	0.00678	0.00226	0.01131	0.00565	0.00452	0.01357
56	0.02617	0.02512	0.04292	0.06490	0.56246	0.02512	0.03245	0.03245	0.02407	0.03454	0.01989	0.02617	0.01675	0.00942	0.01047	0.00314	0.01256	0.00942	0.00523	0.01675
57	0.01320	0.00943	0.01264	0.01509	0.01585	0.00887	0.01038	0.01528	0.02056	0.02735	0.05810	0.58248	0.06922	0.03282	0.01358	0.00434	0.00641	0.06591	0.00981	0.00868
58	0.22117	0.39287	0.04040	0.01663	0.02500	0.03368	0.01559	0.03096	0.02053	0.03237	0.01514	0.01755	0.01318	0.00914	0.00683	0.00248	0.01004	0.00574	0.00529	0.08542
59	0.02185	0.01048	0.01099	0.01055	0.01345	0.01029	0.00802	0.02671	0.02280	0.08039	0.03505	0.03915	0.02703	0.01238	0.00764	0.00253	0.00524	0.00991	0.63504	0.01048

[dist]
# distance from previous block
# <min> <max>
0	3

[block]
# block no. 2 follows, 13 sequences, length 13
# corresponding to MSA columns:
# 343-355
name=unknown_C
#
# <colnr> <probs for GDERKNQSTAVLIFYWHMCP>
#	G	D	E	R	K	N	Q	S	T	A	V	L	I	F	Y	W	H	M	C	P
0	0.56307	0.02238	0.01896	0.01611	0.02305	0.02563	0.01328	0.13588	0.02469	0.05149	0.01697	0.01891	0.01283	0.01042	0.00740	0.00325	0.00891	0.00653	0.00740	0.01283
1	0.01595	0.01119	0.01464	0.01594	0.01749	0.01104	0.01238	0.01911	0.02196	0.02917	0.10934	0.13897	0.05941	0.21107	0.02620	0.00628	0.00904	0.25320	0.00896	0.00866
2	0.01381	0.00972	0.01261	0.01457	0.01525	0.00929	0.00987	0.01559	0.01969	0.02616	0.05301	0.45850	0.06265	0.15259	0.02173	0.00555	0.00733	0.07468	0.00912	0.00827
3	0.02162	0.02048	0.03470	0.45946	0.20344	0.02393	0.03019	0.02846	0.02192	0.02902	0.01908	0.02765	0.01480	0.01026	0.01054	0.00342	0.01369	0.00940	0.00484	0.01308
4	0.02496	0.02852	0.06239	0.04456	0.05526	0.02674	0.52406	0.03387	0.02496	0.03387	0.02139	0.02852	0.01604	0.00891	0.01248	0.00357	0.01783	0.01248	0.00535	0.01426
5	0.01387	0.00985	0.01313	0.01539	0.01630	0.00941	0.01094	0.01615	0.02065	0.02738	0.05590	0.48217	0.06574	0.07849	0.01683	0.00487	0.00715	0.11759	0.00954	0.00864
6	0.01411	0.00990	0.01252	0.01346	0.01436	0.00940	0.00888	0.01620	0.02123	0.02893	0.17382	0.33015	0.06827	0.20045	0.02477	0.00576	0.00703	0.02317	0.00929	0.00831
7	0.02297	0.15791	0.31025	0.11868	0.04779	0.02809	0.10818	0.03219	0.02238	0.03087	0.01849	0.02314	0.01394	0.00976	0.00987	0.00320	0.01489	0.00836	0.00465	0.01441
8	0.03161	0.03420	0.03289	0.03236	0.10512	0.23471	0.02308	0.09277	0.02637	0.03182	0.01701	0.02234	0.01468	0.01374	0.01917	0.00355	0.23713	0.00841	0.00573	0.01332
9	0.42514	0.01968	0.01844	0.01495	0.02255	0.01990	0.01221	0.03181	0.02047	0.09731	0.01876	0.02058	0.01427	0.00954	0.00736	0.00274	0.00816	0.00640	0.00713	0.22259
10	0.02932	0.03168	0.19878	0.15474	0.04538	0.02289	0.05778	0.09807	0.02739	0.15304	0.02483	0.02735	0.01722	0.01095	0.01037	0.00325	0.01299	0.00919	0.00733	0.05745
11	0.02475	0.01712	0.01850	0.01650	0.02080	0.05639	0.01266	0.09073	0.03014	0.12756	0.21588	0.14792	0.13653	0.02082	0.01186	0.00344	0.00780	0.01774	0.01072	0.01214
12	0.22294	0.01820	0.02072	0.01744	0.02397	0.01821	0.01442	0.07533	0.02757	0.27356	0.08170	0.04386	0.03233	0.01486	0.01013	0.00346	0.00869	0.06761	0.01054	0.01445

[dist]
# distance from previous block
# <min> <max>
1	69

[block]
# block no. 3 follows, 13 sequences, length 26
# corresponding to MSA columns:
# 425-450
name=unknown_D
#
# <colnr> <probs for GDERKNQSTAVLIFYWHMCP>
#	G	D	E	R	K	N	Q	S	T	A	V	L	I	F	Y	W	H	M	C	P
0	0.02872	0.01460	0.01904	0.01625	0.02111	0.01344	0.01273	0.06455	0.03040	0.24245	0.27780	0.11250	0.06358	0.01893	0.01175	0.00339	0.00706	0.01635	0.01194	0.01340
1	0.02982	0.08254	0.02870	0.07949	0.03214	0.02659	0.01822	0.16521	0.22260	0.08801	0.03471	0.08806	0.02811	0.01472	0.01056	0.00339	0.00989	0.01209	0.00959	0.01556
2	0.08042	0.01102	0.01291	0.01411	0.01530	0.01107	0.00966	0.01741	0.01882	0.02723	0.04500	0.30626	0.05208	0.24065	0.02721	0.00637	0.00823	0.07973	0.00829	0.00823
3	0.08816	0.07915	0.03115	0.02427	0.02992	0.22479	0.01960	0.14591	0.03016	0.08139	0.01973	0.02235	0.01550	0.01272	0.01426	0.00324	0.12870	0.00803	0.00708	0.01391
4	0.02284	0.08292	0.03727	0.33819	0.19979	0.02666	0.02847	0.02884	0.02150	0.02874	0.01820	0.02600	0.01476	0.01088	0.01253	0.00340	0.07187	0.00901	0.00482	0.01330
5	0.04435	0.02294	0.02760	0.02116	0.02946	0.02288	0.01748	0.25397	0.03854	0.35565	0.03476	0.03147	0.02269	0.01292	0.01061	0.00323	0.01012	0.01016	0.01202	0.01799
6	0.01316	0.01074	0.01163	0.01140	0.01469	0.00921	0.00855	0.01645	0.02566	0.03226	0.22726	0.09567	0.43572	0.02540	0.01249	0.00350	0.00526	0.02146	0.01030	0.00921
7	0.01437	0.01053	0.01189	0.01169	0.01340	0.00977	0.00776	0.01639	0.02156	0.02821	0.18007	0.08176	0.21667	0.29571	0.03104	0.00651	0.00747	0.01845	0.00872	0.00804
8	0.01374	0.01048	0.01271	0.01337	0.01574	0.00945	0.00994	0.01706	0.02474	0.03235	0.21589	0.23537	0.25013	0.02725	0.01296	0.00382	0.00589	0.06957	0.01032	0.00921
9	0.01288	0.00920	0.01227	0.01472	0.01534	0.00859	0.00981	0.01472	0.02024	0.02699	0.05828	0.62152	0.06993	0.03312	0.01350	0.00429	0.00613	0.03006	0.00981	0.00859
10	0.02121	0.05469	0.57364	0.03014	0.04576	0.02455	0.03906	0.03348	0.02232	0.03348	0.01897	0.02232	0.01339	0.01005	0.01005	0.00335	0.01563	0.00781	0.00446	0.01563
11	0.04345	0.02440	0.02850	0.02185	0.03019	0.02504	0.01805	0.31362	0.04098	0.29256	0.03272	0.03015	0.02166	0.01287	0.01060	0.00322	0.01045	0.01002	0.01170	0.01799
12	0.03950	0.05039	0.02996	0.02724	0.03269	0.58597	0.02043	0.04222	0.02996	0.02588	0.01634	0.01907	0.01362	0.01090	0.00953	0.00272	0.01907	0.00681	0.00545	0.01226
13	0.02162	0.01269	0.01647	0.01640	0.01928	0.01206	0.01218	0.06065	0.02553	0.12872	0.10282	0.37873	0.06053	0.02656	0.01275	0.00398	0.00722	0.05999	0.01063	0.01120
14	0.70310	0.02045	0.01554	0.01390	0.02045	0.02372	0.01145	0.03108	0.01799	0.04744	0.01472	0.01718	0.01145	0.00981	0.00654	0.00327	0.00818	0.00573	0.00654	0.01145
15	0.01531	0.01053	0.01293	0.01293	0.01342	0.01101	0.00815	0.01627	0.01579	0.02154	0.03203	0.06210	0.03536	0.48753	0.19049	0.01198	0.01489	0.01434	0.00622	0.00718
16	0.01762	0.01313	0.01628	0.01653	0.01914	0.01329	0.01254	0.05899	0.08435	0.03697	0.19757	0.27626	0.06911	0.02560	0.01286	0.00395	0.00703	0.09753	0.01049	0.01076
17	0.02569	0.17214	0.22918	0.03048	0.04094	0.08608	0.14891	0.03329	0.02296	0.03015	0.01787	0.02240	0.01414	0.01045	0.01223	0.00322	0.07243	0.00851	0.00481	0.01411
18	0.01311	0.00989	0.01212	0.01334	0.01511	0.00891	0.00933	0.01569	0.02291	0.02992	0.15249	0.38448	0.21548	0.02945	0.01304	0.00393	0.00573	0.02607	0.01011	0.00891
19	0.02593	0.03035	0.13613	0.02638	0.03080	0.07840	0.02433	0.03038	0.02033	0.08068	0.02095	0.06575	0.01889	0.01664	0.02370	0.00404	0.33727	0.01034	0.00586	0.01285
20	0.14142	0.19700	0.13160	0.07616	0.03605	0.08325	0.05811	0.03512	0.02319	0.09863	0.01982	0.02237	0.01498	0.01016	0.00882	0.00300	0.01275	0.00761	0.00608	0.01388
21	0.02424	0.01432	0.02016	0.07208	0.02615	0.01484	0.01584	0.02778	0.02329	0.16701	0.04548	0.25810	0.04616	0.02367	0.01484	0.00411	0.06894	0.11154	0.00965	0.01182
22	0.02092	0.01359	0.01688	0.01642	0.01933	0.01337	0.01204	0.10148	0.02753	0.08791	0.13319	0.38060	0.06228	0.02603	0.01258	0.00386	0.00710	0.02310	0.01055	0.01123
23	0.02755	0.02191	0.08030	0.13574	0.07502	0.01948	0.05868	0.03629	0.08871	0.17262	0.03534	0.14013	0.03004	0.01559	0.01123	0.00357	0.01091	0.01392	0.00865	0.01433
24	0.03592	0.08443	0.08462	0.13159	0.08649	0.02141	0.02221	0.04149	0.02635	0.31321	0.03054	0.03039	0.02056	0.01158	0.01016	0.00321	0.01115	0.00952	0.00911	0.01605
25	0.15196	0.07788	0.02631	0.06616	0.02928	0.02091	0.01615	0.07514	0.02792	0.31066	0.06866	0.03268	0.02620	0.01252	0.00969	0.00319	0.00940	0.00975	0.01018	0.01536

[dist]
# distance from previous block
# <min> <max>
10	32

[block]
# block no. 4 follows, 13 sequences, length 15
# corresponding to MSA columns:
# 483-497
name=unknown_E
#
# <colnr> <probs for GDERKNQSTAVLIFYWHMCP>
#	G	D	E	R	K	N	Q	S	T	A	V	L	I	F	Y	W	H	M	C	P
0	0.02376	0.07850	0.17939	0.03103	0.04108	0.02471	0.21746	0.07663	0.02726	0.03774	0.12280	0.03540	0.03133	0.01198	0.01125	0.00333	0.01374	0.01176	0.00674	0.01408
1	0.15409	0.02134	0.02868	0.34420	0.05228	0.02586	0.02384	0.11503	0.02514	0.03771	0.01878	0.02520	0.01425	0.01142	0.01171	0.00350	0.05943	0.00871	0.00607	0.01276
2	0.02334	0.02494	0.12864	0.07440	0.09203	0.01990	0.02167	0.03565	0.14774	0.08671	0.14442	0.04634	0.07916	0.01498	0.01105	0.00340	0.00984	0.01281	0.00874	0.01423
3	0.01447	0.01788	0.11937	0.01766	0.02114	0.01163	0.01540	0.01830	0.02064	0.02823	0.05078	0.50720	0.05914	0.02872	0.01284	0.00411	0.00795	0.02581	0.00879	0.00993
4	0.02244	0.02792	0.13914	0.30002	0.24390	0.02428	0.03232	0.03020	0.02242	0.03096	0.01922	0.02634	0.01492	0.01006	0.01043	0.00335	0.01383	0.00910	0.00485	0.01429
5	0.02928	0.43205	0.09547	0.02305	0.03219	0.13125	0.06592	0.03380	0.02330	0.02658	0.01594	0.01881	0.01379	0.00943	0.00804	0.00255	0.01358	0.00665	0.00475	0.01358
6	0.10279	0.01455	0.01781	0.01633	0.02076	0.01414	0.01280	0.03176	0.06058	0.18860	0.17284	0.16507	0.05504	0.02029	0.01156	0.00365	0.00737	0.06062	0.01089	0.01258
7	0.02154	0.01578	0.01871	0.01684	0.02077	0.01607	0.01321	0.15507	0.03328	0.04537	0.28666	0.13118	0.09635	0.02152	0.01228	0.00355	0.00736	0.06169	0.01087	0.01188
8	0.01558	0.00991	0.01140	0.01201	0.01264	0.00976	0.00745	0.01698	0.01790	0.02574	0.03982	0.20245	0.04420	0.36112	0.03481	0.00727	0.00820	0.01802	0.13714	0.00761
9	0.02868	0.06610	0.14974	0.02830	0.07029	0.02678	0.06879	0.10772	0.21458	0.08358	0.03031	0.03048	0.02228	0.01198	0.01048	0.00335	0.01171	0.01015	0.00835	0.01635
10	0.03255	0.02099	0.03314	0.15650	0.14952	0.02119	0.06792	0.07610	0.02750	0.22342	0.03012	0.06454	0.02260	0.01254	0.01091	0.00338	0.01167	0.01132	0.00858	0.01551
11	0.02391	0.01086	0.01583	0.01474	0.01630	0.01040	0.01040	0.02098	0.01692	0.12357	0.02282	0.03287	0.01986	0.03222	0.03547	0.56090	0.00915	0.00946	0.00621	0.00715
12	0.02554	0.02373	0.10910	0.28048	0.08465	0.02103	0.02578	0.03366	0.05521	0.13309	0.02842	0.08441	0.02277	0.01322	0.01078	0.00350	0.01216	0.01147	0.00715	0.01386
13	0.03384	0.09361	0.03298	0.20419	0.09145	0.02406	0.02222	0.09644	0.02814	0.22782	0.02745	0.02914	0.01909	0.01144	0.01013	0.00321	0.01149	0.00941	0.00845	0.01542
14	0.03182	0.13379	0.14887	0.02797	0.08237	0.02514	0.07410	0.07628	0.02686	0.17841	0.02515	0.02625	0.01797	0.01054	0.00978	0.00298	0.01209	0.00882	0.00758	0.07324

[dist]
# distance from previous block
# <min> <max>
0	1

[block]
# block no. 5 follows, 13 sequences, length 15
# corresponding to MSA columns:
# 499-513
name=unknown_F
#
# <colnr> <probs for GDERKNQSTAVLIFYWHMCP>
#	G	D	E	R	K	N	Q	S	T	A	V	L	I	F	Y	W	H	M	C	P
0	0.17215	0.02477	0.02605	0.09275	0.03297	0.08246	0.01826	0.13180	0.02846	0.14939	0.02320	0.02507	0.01682	0.01187	0.01160	0.00321	0.06478	0.00839	0.00812	0.06789
1	0.01971	0.00985	0.00985	0.00985	0.01232	0.00985	0.00739	0.02464	0.02217	0.03942	0.03449	0.03942	0.02710	0.01232	0.00739	0.00246	0.00493	0.00985	0.68712	0.00985
2	0.02220	0.04845	0.46642	0.02845	0.04220	0.02490	0.03471	0.03791	0.12395	0.03558	0.02367	0.02566	0.01708	0.01088	0.01018	0.00339	0.01421	0.00862	0.00569	0.01584
3	0.10067	0.17559	0.19727	0.02172	0.03231	0.02655	0.02293	0.07465	0.02535	0.14021	0.02245	0.02340	0.01628	0.01040	0.00888	0.00291	0.01157	0.00764	0.00701	0.07221
4	0.02252	0.01423	0.02078	0.19349	0.03474	0.01502	0.01657	0.02596	0.02173	0.13164	0.04084	0.13885	0.08566	0.07864	0.05797	0.05627	0.01119	0.01500	0.00791	0.01098
5	0.09765	0.03166	0.16812	0.02303	0.03228	0.02525	0.02252	0.14842	0.08959	0.04338	0.02239	0.02453	0.01699	0.01147	0.01167	0.00310	0.06479	0.00831	0.00721	0.14763
6	0.02827	0.63478	0.05540	0.01809	0.02714	0.04184	0.01809	0.03166	0.02148	0.02488	0.01470	0.01696	0.01357	0.00905	0.00678	0.00226	0.01131	0.00565	0.00452	0.01357
7	0.02506	0.02195	0.02543	0.13493	0.03633	0.02575	0.01920	0.05049	0.44151	0.04087	0.03831	0.03725	0.02873	0.01361	0.01072	0.00357	0.00948	0.01146	0.00958	0.01576
8	0.01430	0.01073	0.01441	0.01570	0.01675	0.01084	0.01128	0.01697	0.02207	0.03015	0.15159	0.44115	0.07100	0.02957	0.01494	0.00417	0.05087	0.05458	0.00978	0.00915
9	0.03458	0.02409	0.03583	0.04468	0.31616	0.02406	0.02552	0.13404	0.03073	0.18373	0.02679	0.02864	0.01951	0.01104	0.01053	0.00318	0.01143	0.00976	0.00837	0.01732
10	0.02430	0.01539	0.01863	0.01704	0.02059	0.01554	0.01313	0.12162	0.02811	0.10337	0.11105	0.10709	0.04818	0.18323	0.02343	0.00552	0.00925	0.11341	0.00969	0.01143
11	0.21259	0.01458	0.01617	0.01468	0.01908	0.01463	0.01138	0.02810	0.02528	0.13818	0.24051	0.13090	0.05742	0.01840	0.01063	0.00344	0.00678	0.01538	0.01022	0.01166
12	0.25915	0.02157	0.02333	0.01853	0.02625	0.02232	0.01530	0.15853	0.03092	0.27952	0.02903	0.02733	0.01942	0.01193	0.00929	0.00325	0.00936	0.00877	0.01036	0.01586
13	0.02877	0.01684	0.02035	0.01807	0.02262	0.01701	0.01400	0.11370	0.08183	0.17572	0.04182	0.13710	0.03878	0.13820	0.02000	0.00501	0.00929	0.07755	0.01021	0.01315
14	0.02178	0.01505	0.01729	0.01504	0.01954	0.01454	0.01176	0.11993	0.03186	0.08674	0.25879	0.07257	0.23172	0.02089	0.01196	0.00337	0.00674	0.01761	0.01094	0.01186

[dist]
# distance from previous block
# <min> <max>
16	224

# created by:
# /st0/software/busco_prod/Augustus/scripts/msa2prfl.pl ./align_prep/5444.fa
