[name]
unknown

[dist]
# distance from previous block
# <min> <max>
0	16

[block]
# block no. 0 follows, 14 sequences, length 31
# corresponding to MSA columns:
# 16-46
name=unknown_A
#
# <colnr> <probs for GDERKNQSTAVLIFYWHMCP>
#	G	D	E	R	K	N	Q	S	T	A	V	L	I	F	Y	W	H	M	C	P
0	0.02424	0.01834	0.02653	0.06885	0.17607	0.01679	0.01933	0.02915	0.02307	0.10230	0.02878	0.07418	0.02605	0.01325	0.01008	0.00289	0.00956	0.08024	0.00724	0.24308
1	0.15173	0.02120	0.02703	0.10868	0.14087	0.02145	0.01931	0.10266	0.02523	0.07293	0.02001	0.02342	0.01540	0.00961	0.00880	0.00271	0.01001	0.00773	0.00672	0.20449
2	0.08688	0.01987	0.02809	0.11575	0.17870	0.01896	0.02021	0.03258	0.02300	0.14245	0.02260	0.02558	0.01693	0.00958	0.00910	0.00268	0.00997	0.00814	0.00693	0.22199
3	0.07316	0.02320	0.09256	0.10209	0.03339	0.01933	0.01868	0.06745	0.08609	0.11703	0.02969	0.03083	0.05211	0.01130	0.00934	0.00281	0.00973	0.00909	0.00764	0.20448
4	0.02783	0.03019	0.03174	0.07128	0.13551	0.22288	0.06023	0.03107	0.02290	0.02701	0.01716	0.02335	0.01475	0.01394	0.01643	0.08934	0.08963	0.00821	0.00505	0.06150
5	0.11315	0.01980	0.02154	0.01848	0.02422	0.02144	0.01462	0.13984	0.19950	0.11780	0.11633	0.08106	0.03788	0.01528	0.01033	0.00333	0.00816	0.01254	0.01027	0.01444
6	0.02129	0.01915	0.03088	0.10634	0.18749	0.01948	0.09483	0.06344	0.02295	0.03081	0.03345	0.04525	0.08969	0.16655	0.02106	0.00491	0.01164	0.01255	0.00625	0.01198
7	0.02540	0.02438	0.04165	0.06299	0.57533	0.02438	0.03149	0.03149	0.02337	0.03353	0.01930	0.02540	0.01626	0.00914	0.01016	0.00305	0.01219	0.00914	0.00508	0.01626
8	0.01473	0.01071	0.01503	0.01503	0.01635	0.01203	0.01100	0.01738	0.01606	0.02274	0.02883	0.04774	0.02888	0.23244	0.44761	0.01468	0.02264	0.01208	0.00570	0.00835
9	0.62836	0.02095	0.01703	0.01475	0.02133	0.02411	0.01215	0.09356	0.02128	0.04835	0.01557	0.01766	0.01190	0.00987	0.00684	0.00316	0.00835	0.00601	0.00684	0.01190
10	0.02870	0.01552	0.02357	0.01978	0.02500	0.01440	0.08278	0.03309	0.02451	0.23673	0.03940	0.05826	0.03397	0.09367	0.01632	0.00434	0.00971	0.13303	0.09459	0.01264
11	0.02128	0.01824	0.02128	0.01520	0.02432	0.01368	0.01216	0.02584	0.02128	0.03344	0.01824	0.02128	0.01520	0.00760	0.00760	0.00152	0.00760	0.00608	0.00608	0.70208
12	0.01233	0.00959	0.01123	0.01254	0.01442	0.00848	0.00875	0.01449	0.02133	0.02688	0.07785	0.39286	0.29392	0.02938	0.01266	0.00385	0.00561	0.02580	0.00953	0.00848
13	0.01466	0.01100	0.01649	0.01649	0.01833	0.01283	0.01283	0.01833	0.01649	0.02382	0.02749	0.04032	0.02566	0.07697	0.59868	0.01649	0.02749	0.01100	0.00550	0.00916
14	0.38700	0.01809	0.01824	0.01515	0.02185	0.01876	0.01244	0.03781	0.02264	0.26495	0.02646	0.02577	0.01811	0.01101	0.00804	0.00312	0.00802	0.00781	0.06113	0.01360
15	0.06970	0.01632	0.01854	0.01665	0.02096	0.01683	0.01301	0.16553	0.03012	0.08357	0.11970	0.19314	0.07875	0.02011	0.01113	0.00346	0.00770	0.04705	0.05564	0.01210
16	0.04051	0.01694	0.02309	0.01819	0.02490	0.01554	0.01492	0.04447	0.02839	0.47695	0.10432	0.03925	0.03344	0.01409	0.01215	0.00327	0.05030	0.01125	0.01196	0.01607
17	0.01747	0.00904	0.01310	0.01310	0.01310	0.00904	0.00858	0.01356	0.01356	0.01808	0.01963	0.03566	0.02024	0.11055	0.04161	0.61563	0.00904	0.00966	0.00467	0.00467
18	0.02084	0.01552	0.01895	0.01519	0.02180	0.01266	0.01186	0.02474	0.02131	0.07850	0.03203	0.11107	0.06091	0.02112	0.08220	0.00400	0.00979	0.01115	0.00727	0.41912
19	0.02438	0.32891	0.17601	0.02021	0.03041	0.03001	0.02139	0.03194	0.06061	0.02943	0.01810	0.02031	0.01487	0.00916	0.00785	0.00241	0.01112	0.00657	0.00516	0.15113
20	0.43279	0.14534	0.02613	0.01672	0.02324	0.02833	0.01442	0.09320	0.02180	0.04216	0.01550	0.01812	0.01251	0.01046	0.00925	0.00308	0.06206	0.00630	0.00629	0.01232
21	0.07649	0.07206	0.13032	0.18962	0.04068	0.06069	0.02246	0.03090	0.02325	0.09544	0.08854	0.03064	0.02507	0.01144	0.00957	0.00304	0.01155	0.00922	0.00658	0.06243
22	0.02025	0.01635	0.01921	0.01767	0.02049	0.01907	0.01341	0.03277	0.22196	0.03279	0.06814	0.04467	0.03321	0.14705	0.10223	0.00657	0.09281	0.01210	0.06764	0.01161
23	0.02265	0.01206	0.01506	0.01360	0.01677	0.01096	0.00982	0.02521	0.02326	0.17791	0.15393	0.11385	0.12461	0.20675	0.02380	0.00535	0.00758	0.01660	0.00974	0.01048
24	0.01360	0.01006	0.01384	0.01479	0.01616	0.01052	0.01070	0.01621	0.01826	0.02488	0.04597	0.28274	0.09041	0.08655	0.28375	0.01009	0.01599	0.01938	0.00749	0.00862
25	0.01696	0.01148	0.01502	0.01532	0.01779	0.01107	0.01179	0.02242	0.05793	0.06727	0.26649	0.22346	0.07325	0.02447	0.01258	0.00379	0.00652	0.12174	0.01049	0.01015
26	0.03610	0.01455	0.01855	0.01505	0.02093	0.01304	0.01216	0.04037	0.02647	0.38133	0.03790	0.03616	0.02574	0.01243	0.00916	0.00289	0.00727	0.01004	0.26534	0.01455
27	0.71184	0.01985	0.01508	0.01350	0.01985	0.02302	0.01111	0.03017	0.01746	0.04604	0.01429	0.01667	0.01111	0.00953	0.00635	0.00318	0.00794	0.00556	0.00635	0.01111
28	0.71184	0.01985	0.01508	0.01350	0.01985	0.02302	0.01111	0.03017	0.01746	0.04604	0.01429	0.01667	0.01111	0.00953	0.00635	0.00318	0.00794	0.00556	0.00635	0.01111
29	0.71184	0.01985	0.01508	0.01350	0.01985	0.02302	0.01111	0.03017	0.01746	0.04604	0.01429	0.01667	0.01111	0.00953	0.00635	0.00318	0.00794	0.00556	0.00635	0.01111
30	0.61377	0.02408	0.01712	0.01538	0.02158	0.10676	0.01238	0.03174	0.01916	0.04300	0.01452	0.01694	0.01142	0.00968	0.00677	0.00310	0.00948	0.00571	0.00620	0.01123

[dist]
# distance from previous block
# <min> <max>
0	3

[block]
# block no. 1 follows, 14 sequences, length 13
# corresponding to MSA columns:
# 50-62
name=unknown_B
#
# <colnr> <probs for GDERKNQSTAVLIFYWHMCP>
#	G	D	E	R	K	N	Q	S	T	A	V	L	I	F	Y	W	H	M	C	P
0	0.02961	0.02325	0.02753	0.02311	0.02784	0.02712	0.01912	0.29579	0.03432	0.04678	0.02843	0.07969	0.02613	0.01752	0.01700	0.00376	0.16563	0.08471	0.00862	0.01404
1	0.71184	0.01985	0.01508	0.01350	0.01985	0.02302	0.01111	0.03017	0.01746	0.04604	0.01429	0.01667	0.01111	0.00953	0.00635	0.00318	0.00794	0.00556	0.00635	0.01111
2	0.01213	0.01040	0.01040	0.01040	0.01386	0.00866	0.00780	0.01473	0.02339	0.02772	0.10396	0.09876	0.57117	0.02599	0.01213	0.00347	0.00520	0.02166	0.00953	0.00866
3	0.02183	0.02981	0.19121	0.09948	0.16599	0.02021	0.02609	0.02916	0.02180	0.03236	0.01854	0.02307	0.01464	0.00890	0.00914	0.00260	0.01158	0.00759	0.00516	0.26084
4	0.03833	0.04891	0.02908	0.02644	0.03173	0.59815	0.01983	0.04098	0.02908	0.02512	0.01586	0.01851	0.01322	0.01058	0.00925	0.00264	0.01851	0.00661	0.00529	0.01190
5	0.02090	0.01953	0.03279	0.33377	0.25813	0.02175	0.02747	0.02688	0.02151	0.02902	0.02305	0.09615	0.02090	0.01235	0.01055	0.00336	0.01222	0.01143	0.00533	0.01291
6	0.01350	0.01010	0.01254	0.01267	0.01489	0.00913	0.00922	0.01712	0.02554	0.03458	0.34312	0.21334	0.19707	0.02476	0.01234	0.00350	0.00519	0.02177	0.01048	0.00913
7	0.01874	0.01244	0.01589	0.01530	0.01838	0.01211	0.01183	0.02586	0.08776	0.08878	0.32370	0.14688	0.07379	0.02184	0.01215	0.00357	0.00634	0.08283	0.01085	0.01096
8	0.01574	0.01143	0.01520	0.01363	0.01683	0.01054	0.04490	0.02032	0.02566	0.03687	0.29999	0.06919	0.18165	0.01913	0.01094	0.00310	0.00576	0.01669	0.17273	0.00971
9	0.03285	0.01587	0.02049	0.01700	0.02261	0.01475	0.01350	0.09398	0.03015	0.31300	0.17287	0.12470	0.04803	0.01734	0.01113	0.00331	0.00768	0.01479	0.01164	0.01429
10	0.03100	0.03134	0.13077	0.07132	0.08548	0.02820	0.07282	0.29358	0.06958	0.04930	0.02337	0.02553	0.01701	0.01121	0.01035	0.00319	0.01258	0.00935	0.00792	0.01611
11	0.02331	0.01279	0.01510	0.01355	0.01670	0.01248	0.00994	0.06958	0.02462	0.13038	0.11924	0.09173	0.04208	0.16994	0.02031	0.00471	0.00740	0.01379	0.19162	0.01073
12	0.02412	0.15184	0.11187	0.06618	0.06946	0.02859	0.09174	0.07610	0.02285	0.03124	0.02070	0.07532	0.01890	0.01344	0.01523	0.00341	0.15001	0.01030	0.00556	0.01315

[dist]
# distance from previous block
# <min> <max>
0	5

[block]
# block no. 2 follows, 14 sequences, length 12
# corresponding to MSA columns:
# 68-79
name=unknown_C
#
# <colnr> <probs for GDERKNQSTAVLIFYWHMCP>
#	G	D	E	R	K	N	Q	S	T	A	V	L	I	F	Y	W	H	M	C	P
0	0.20889	0.23322	0.03755	0.08151	0.03311	0.03029	0.08298	0.07691	0.06556	0.03632	0.01861	0.02151	0.01480	0.00983	0.00823	0.00292	0.01105	0.00753	0.00603	0.01315
1	0.44659	0.01845	0.01671	0.01500	0.02069	0.02061	0.01199	0.03351	0.10053	0.08882	0.07194	0.06677	0.02653	0.01293	0.00824	0.00329	0.00763	0.00954	0.00814	0.01211
2	0.02273	0.02180	0.07314	0.02677	0.12367	0.02078	0.01903	0.06540	0.18471	0.03976	0.14024	0.04069	0.03804	0.01403	0.01151	0.00323	0.04100	0.01171	0.08790	0.01385
3	0.01402	0.01117	0.01746	0.01731	0.01919	0.01043	0.06759	0.01692	0.02123	0.02865	0.11184	0.50208	0.06547	0.02828	0.01288	0.00398	0.00707	0.02608	0.00925	0.00910
4	0.12101	0.02379	0.02534	0.02066	0.02782	0.02619	0.01674	0.24752	0.20370	0.13306	0.03117	0.02953	0.02227	0.01253	0.00983	0.00323	0.00947	0.00969	0.01019	0.01627
5	0.02608	0.24521	0.33821	0.02398	0.03611	0.02829	0.02827	0.03413	0.02237	0.09940	0.01984	0.02162	0.01463	0.00980	0.00877	0.00289	0.01296	0.00723	0.00541	0.01479
6	0.02536	0.03247	0.23069	0.02648	0.03784	0.02005	0.13103	0.03330	0.02324	0.11535	0.02216	0.02480	0.01603	0.00935	0.00971	0.00279	0.01248	0.00850	0.00627	0.21210
7	0.01696	0.01890	0.10076	0.01705	0.02178	0.01466	0.01503	0.02691	0.13472	0.03514	0.20237	0.19438	0.11851	0.02105	0.01164	0.00353	0.00738	0.01833	0.00945	0.01143
8	0.03690	0.09853	0.02811	0.01951	0.02639	0.02213	0.01629	0.04651	0.15078	0.33848	0.03520	0.03233	0.02424	0.01293	0.01183	0.00323	0.06016	0.00990	0.01043	0.01611
9	0.02792	0.02686	0.14380	0.03078	0.15388	0.02117	0.02309	0.13872	0.02670	0.09962	0.02236	0.02691	0.01726	0.01656	0.01712	0.16643	0.01145	0.00892	0.00677	0.01367
10	0.02277	0.01418	0.01817	0.01653	0.01985	0.01481	0.01259	0.02985	0.10293	0.14153	0.15126	0.11370	0.04690	0.09708	0.10832	0.00624	0.04734	0.01489	0.00938	0.01169
11	0.02973	0.02449	0.02499	0.02210	0.02535	0.15239	0.01738	0.03239	0.02290	0.16010	0.02951	0.15136	0.02761	0.01795	0.01816	0.00368	0.20696	0.01296	0.00771	0.01229

[dist]
# distance from previous block
# <min> <max>
0	1

[block]
# block no. 3 follows, 14 sequences, length 7
# corresponding to MSA columns:
# 81-87
name=unknown_D
#
# <colnr> <probs for GDERKNQSTAVLIFYWHMCP>
#	G	D	E	R	K	N	Q	S	T	A	V	L	I	F	Y	W	H	M	C	P
0	0.39690	0.23083	0.02911	0.01577	0.02287	0.02925	0.01392	0.03335	0.08497	0.03828	0.01766	0.01926	0.01429	0.00982	0.00693	0.00288	0.00898	0.00628	0.00619	0.01244
1	0.02425	0.08944	0.24406	0.03285	0.13522	0.02556	0.06367	0.08556	0.08607	0.03605	0.02418	0.06439	0.01993	0.01168	0.01006	0.00320	0.01260	0.01004	0.00618	0.01501
2	0.02567	0.32527	0.11059	0.02237	0.03085	0.08017	0.07480	0.03338	0.07893	0.02989	0.07533	0.02692	0.02387	0.01083	0.00876	0.00274	0.01189	0.00852	0.00589	0.01334
3	0.03774	0.01503	0.01942	0.01558	0.02180	0.01338	0.01264	0.04196	0.02695	0.41451	0.03832	0.03596	0.02568	0.01247	0.00935	0.00293	0.00751	0.01009	0.22366	0.01503
4	0.02597	0.01809	0.02176	0.01578	0.02467	0.01395	0.01271	0.03041	0.02281	0.13733	0.02245	0.02386	0.01713	0.00857	0.00811	0.00183	0.00781	0.00688	0.00733	0.57253
5	0.02171	0.01898	0.02906	0.02431	0.02956	0.02003	0.13509	0.08313	0.14513	0.03530	0.03477	0.11471	0.03185	0.03063	0.14768	0.00664	0.01489	0.05603	0.00787	0.01262
6	0.09269	0.01760	0.02732	0.48763	0.05947	0.02145	0.02468	0.02592	0.02109	0.02990	0.07554	0.03138	0.02211	0.01130	0.01004	0.00337	0.01214	0.00973	0.00546	0.01119

[dist]
# distance from previous block
# <min> <max>
0	14

[block]
# block no. 4 follows, 14 sequences, length 15
# corresponding to MSA columns:
# 102-116
name=unknown_E
#
# <colnr> <probs for GDERKNQSTAVLIFYWHMCP>
#	G	D	E	R	K	N	Q	S	T	A	V	L	I	F	Y	W	H	M	C	P
0	0.01313	0.00938	0.01263	0.01501	0.01588	0.00888	0.01062	0.01537	0.02027	0.02690	0.05621	0.55220	0.06650	0.03156	0.01327	0.00425	0.00650	0.10342	0.00951	0.00851
1	0.03433	0.01703	0.01997	0.01663	0.02225	0.05572	0.01318	0.03834	0.02790	0.34271	0.14641	0.07663	0.04154	0.01526	0.01043	0.00312	0.00808	0.01272	0.08360	0.01412
2	0.02020	0.01188	0.01587	0.01591	0.01904	0.01103	0.01276	0.02414	0.02521	0.12904	0.17866	0.18117	0.10279	0.02433	0.01266	0.00390	0.00729	0.18297	0.01048	0.01066
3	0.02459	0.02122	0.02893	0.05993	0.02892	0.02771	0.02080	0.06151	0.04666	0.07106	0.02113	0.06933	0.01954	0.01756	0.02628	0.00416	0.42163	0.01072	0.00617	0.01216
4	0.02128	0.01824	0.02128	0.01520	0.02432	0.01368	0.01216	0.02584	0.02128	0.03344	0.01824	0.02128	0.01520	0.00760	0.00760	0.00152	0.00760	0.00608	0.00608	0.70208
5	0.21044	0.07761	0.02903	0.02112	0.02819	0.02717	0.06137	0.21674	0.08002	0.04711	0.02257	0.02502	0.01741	0.01790	0.07098	0.00451	0.01231	0.00860	0.00779	0.01411
6	0.50959	0.02162	0.01921	0.05601	0.07547	0.06437	0.01448	0.03043	0.01933	0.04160	0.01638	0.01971	0.01291	0.00977	0.00722	0.00309	0.00926	0.00646	0.05154	0.01157
7	0.02449	0.02445	0.10059	0.17998	0.19589	0.02188	0.06223	0.03332	0.07021	0.09079	0.07125	0.03218	0.02449	0.01128	0.01048	0.00326	0.01192	0.01032	0.00668	0.01432
8	0.03219	0.02870	0.11988	0.02329	0.03062	0.02640	0.02128	0.26839	0.03349	0.11519	0.02456	0.02883	0.01884	0.06751	0.01749	0.00394	0.10635	0.00956	0.00835	0.01513
9	0.01283	0.00965	0.01188	0.01297	0.01471	0.00870	0.00910	0.01547	0.02261	0.02972	0.17634	0.37465	0.20770	0.02818	0.01263	0.00378	0.00552	0.02496	0.00990	0.00870
10	0.01412	0.01018	0.01336	0.01318	0.01524	0.00941	0.00965	0.01836	0.02718	0.03818	0.46774	0.18732	0.09107	0.02320	0.01230	0.00341	0.00506	0.02067	0.01094	0.00941
11	0.01603	0.00962	0.01096	0.01142	0.01277	0.00940	0.00772	0.01887	0.02014	0.03096	0.09482	0.18431	0.04604	0.18424	0.02101	0.00489	0.00643	0.01637	0.28561	0.00841
12	0.25016	0.01694	0.01892	0.01555	0.02209	0.01651	0.01268	0.03777	0.02503	0.31394	0.08436	0.03880	0.07834	0.01367	0.00939	0.00321	0.00781	0.01060	0.01028	0.01396
13	0.01537	0.01070	0.01374	0.01490	0.01615	0.01059	0.01119	0.01792	0.02014	0.02670	0.08495	0.13806	0.05384	0.27730	0.02944	0.00669	0.00900	0.22698	0.00828	0.00805
14	0.47977	0.02166	0.01948	0.01641	0.02322	0.02444	0.01347	0.13825	0.06150	0.08741	0.02014	0.02107	0.01480	0.01062	0.00771	0.00318	0.00870	0.00706	0.00788	0.01321

[dist]
# distance from previous block
# <min> <max>
0	1

[block]
# block no. 5 follows, 14 sequences, length 12
# corresponding to MSA columns:
# 118-129
name=unknown_F
#
# <colnr> <probs for GDERKNQSTAVLIFYWHMCP>
#	G	D	E	R	K	N	Q	S	T	A	V	L	I	F	Y	W	H	M	C	P
0	0.65356	0.01964	0.01585	0.01391	0.02040	0.02233	0.01146	0.03190	0.01851	0.09299	0.01658	0.01827	0.01236	0.00980	0.00670	0.00318	0.00801	0.00597	0.00691	0.01167
1	0.37938	0.13993	0.02556	0.01672	0.02360	0.02770	0.01417	0.08365	0.13002	0.04302	0.02082	0.02176	0.01619	0.01054	0.00759	0.00304	0.00887	0.00711	0.00718	0.01314
2	0.01310	0.00986	0.01212	0.01278	0.01476	0.00889	0.00912	0.01615	0.02387	0.03174	0.24536	0.29924	0.21228	0.02667	0.01250	0.00366	0.00537	0.02352	0.01013	0.00889
3	0.18736	0.02727	0.12390	0.11032	0.07676	0.02341	0.12945	0.06662	0.02387	0.10541	0.02112	0.02463	0.01524	0.01004	0.00965	0.00327	0.01246	0.00881	0.00649	0.01393
4	0.07264	0.01452	0.02105	0.26768	0.03912	0.01631	0.01776	0.02314	0.02451	0.03522	0.29174	0.05097	0.05474	0.01552	0.01086	0.00330	0.00883	0.01352	0.00805	0.01052
5	0.01416	0.00995	0.01268	0.01309	0.01409	0.00982	0.00878	0.01631	0.01992	0.02741	0.17421	0.21318	0.05888	0.25500	0.09982	0.00756	0.00980	0.01906	0.00827	0.00801
6	0.02395	0.42004	0.04342	0.15648	0.03533	0.03260	0.01914	0.02826	0.02179	0.02674	0.08426	0.02649	0.02369	0.01064	0.00813	0.00261	0.01084	0.00796	0.00529	0.01232
7	0.01811	0.01107	0.01434	0.01431	0.01705	0.01006	0.01077	0.02153	0.02478	0.10863	0.21838	0.25525	0.14046	0.02480	0.01237	0.00370	0.00622	0.06749	0.01050	0.01017
8	0.02360	0.19153	0.16548	0.10878	0.04155	0.02919	0.11777	0.03341	0.08784	0.03025	0.02028	0.02431	0.01591	0.01049	0.01125	0.00316	0.05748	0.00867	0.00530	0.01373
9	0.02841	0.01803	0.02456	0.20036	0.03878	0.01824	0.01837	0.03675	0.09808	0.20283	0.03385	0.03465	0.05534	0.01204	0.00994	0.00301	0.00974	0.01008	0.00850	0.13844
10	0.08182	0.02798	0.03049	0.17579	0.04133	0.15060	0.05575	0.13319	0.02851	0.10012	0.02109	0.02465	0.01560	0.01141	0.01159	0.00322	0.05772	0.00866	0.00695	0.01353
11	0.21393	0.09660	0.02380	0.01654	0.02318	0.02180	0.01363	0.08342	0.06733	0.11552	0.05565	0.08399	0.02617	0.01301	0.00877	0.00294	0.00838	0.01008	0.00824	0.10703

[dist]
# distance from previous block
# <min> <max>
7	41

[block]
# block no. 6 follows, 14 sequences, length 13
# corresponding to MSA columns:
# 175-187
name=unknown_G
#
# <colnr> <probs for GDERKNQSTAVLIFYWHMCP>
#	G	D	E	R	K	N	Q	S	T	A	V	L	I	F	Y	W	H	M	C	P
0	0.02615	0.12075	0.02573	0.01755	0.02312	0.06708	0.01423	0.13413	0.02946	0.08283	0.12956	0.12774	0.08659	0.01696	0.01033	0.00304	0.00896	0.01394	0.00888	0.05297
1	0.16836	0.07728	0.07388	0.02152	0.02962	0.02351	0.07905	0.03984	0.16209	0.12426	0.02707	0.02732	0.01988	0.01085	0.00914	0.00306	0.01005	0.00888	0.00793	0.07639
2	0.38005	0.01652	0.01519	0.01417	0.01866	0.01832	0.01097	0.06282	0.02035	0.03889	0.03189	0.12064	0.07357	0.07101	0.06274	0.00503	0.00950	0.01195	0.00731	0.01041
3	0.13907	0.11351	0.06491	0.02233	0.07231	0.02508	0.01790	0.13251	0.06573	0.07002	0.02129	0.02284	0.01636	0.01000	0.00848	0.00266	0.00982	0.00751	0.00718	0.17050
4	0.02318	0.07680	0.06888	0.06599	0.02651	0.06060	0.01599	0.06484	0.06334	0.07720	0.03441	0.19185	0.03454	0.12873	0.01807	0.00456	0.01021	0.01506	0.00773	0.01151
5	0.03158	0.02213	0.05868	0.21100	0.10953	0.02145	0.06848	0.08225	0.02680	0.22407	0.02688	0.02926	0.01852	0.01099	0.01041	0.00326	0.01196	0.00974	0.00800	0.01502
6	0.02190	0.05989	0.17368	0.02315	0.05876	0.02048	0.02140	0.10400	0.06776	0.03894	0.15223	0.09649	0.04297	0.01646	0.01094	0.00338	0.01004	0.05612	0.00819	0.01321
7	0.02773	0.01958	0.02999	0.34848	0.09118	0.02240	0.02448	0.06964	0.02448	0.15981	0.02365	0.02843	0.01688	0.01146	0.01198	0.00339	0.05652	0.00940	0.00692	0.01361
8	0.01963	0.01238	0.01545	0.01490	0.01803	0.01184	0.01105	0.02602	0.08870	0.11552	0.21437	0.25498	0.11017	0.02310	0.01198	0.00359	0.00622	0.02035	0.01065	0.01108
9	0.03037	0.02276	0.03114	0.06715	0.11835	0.02377	0.06640	0.12297	0.18923	0.13323	0.03051	0.03086	0.02225	0.01163	0.01032	0.00318	0.01052	0.01019	0.00885	0.05630
10	0.21742	0.07407	0.02311	0.01685	0.02346	0.02149	0.01375	0.12981	0.02629	0.11435	0.02722	0.12079	0.02421	0.01380	0.00894	0.00299	0.00860	0.01080	0.00827	0.11378
11	0.02148	0.15532	0.02269	0.01354	0.01857	0.01711	0.01119	0.02440	0.02350	0.11683	0.10162	0.06560	0.27797	0.07011	0.01388	0.00365	0.00744	0.01538	0.00873	0.01098
12	0.21096	0.12974	0.11129	0.02612	0.11557	0.02607	0.02061	0.03674	0.11555	0.08205	0.02269	0.02408	0.01729	0.01041	0.00855	0.00306	0.01028	0.00787	0.00677	0.01430

[dist]
# distance from previous block
# <min> <max>
0	1

[block]
# block no. 7 follows, 14 sequences, length 25
# corresponding to MSA columns:
# 189-213
name=unknown_H
#
# <colnr> <probs for GDERKNQSTAVLIFYWHMCP>
#	G	D	E	R	K	N	Q	S	T	A	V	L	I	F	Y	W	H	M	C	P
0	0.02599	0.29191	0.18172	0.02039	0.03032	0.02856	0.02158	0.06143	0.02392	0.06987	0.05811	0.02447	0.02047	0.01025	0.00840	0.00258	0.01109	0.00760	0.00600	0.09534
1	0.01634	0.01086	0.01343	0.01288	0.01582	0.00968	0.00961	0.02006	0.02619	0.08279	0.32241	0.15765	0.21735	0.02321	0.01209	0.00342	0.00544	0.02019	0.01068	0.00989
2	0.02540	0.02438	0.04165	0.06299	0.57533	0.02438	0.03149	0.03149	0.02337	0.03353	0.01930	0.02540	0.01626	0.00914	0.01016	0.00305	0.01219	0.00914	0.00508	0.01626
3	0.10753	0.01490	0.01575	0.01362	0.01816	0.01535	0.01081	0.10725	0.02671	0.12096	0.06357	0.03549	0.02733	0.01238	0.00830	0.00275	0.00672	0.00970	0.37062	0.01209
4	0.02540	0.01279	0.01747	0.01709	0.02079	0.01175	0.01363	0.02885	0.02425	0.22069	0.05029	0.26509	0.05040	0.02422	0.01247	0.00400	0.00800	0.17036	0.01060	0.01185
5	0.04065	0.02206	0.02625	0.02030	0.02797	0.02225	0.01670	0.26932	0.03786	0.31081	0.07065	0.03323	0.02685	0.01311	0.01042	0.00314	0.00961	0.01041	0.01150	0.01691
6	0.01487	0.01002	0.01152	0.01142	0.01173	0.00991	0.00667	0.01550	0.01677	0.02267	0.10253	0.06840	0.04508	0.55860	0.04699	0.00907	0.00928	0.01540	0.00688	0.00667
7	0.03123	0.06460	0.03160	0.10107	0.03514	0.06894	0.02092	0.26416	0.07638	0.04459	0.02169	0.02474	0.01673	0.01299	0.01475	0.00336	0.13582	0.00896	0.00766	0.01466
8	0.07630	0.02539	0.09758	0.01969	0.02894	0.02050	0.01793	0.16242	0.02960	0.15741	0.02430	0.02474	0.01736	0.01027	0.00904	0.00260	0.00978	0.00793	0.00832	0.24989
9	0.08598	0.34835	0.11231	0.01992	0.02915	0.03314	0.01980	0.12769	0.02653	0.08350	0.01903	0.02029	0.01485	0.00997	0.00799	0.00266	0.01113	0.00689	0.00637	0.01443
10	0.71184	0.01985	0.01508	0.01350	0.01985	0.02302	0.01111	0.03017	0.01746	0.04604	0.01429	0.01667	0.01111	0.00953	0.00635	0.00318	0.00794	0.00556	0.00635	0.01111
11	0.11723	0.14921	0.03265	0.21089	0.07940	0.07254	0.02097	0.03419	0.05853	0.10096	0.02123	0.02459	0.01608	0.01037	0.00893	0.00302	0.01166	0.00803	0.00629	0.01321
12	0.01758	0.01429	0.02078	0.09508	0.02735	0.01535	0.05088	0.05628	0.06479	0.02979	0.03888	0.27876	0.04111	0.06677	0.12658	0.00657	0.01262	0.01837	0.00775	0.01041
13	0.01250	0.00893	0.01191	0.01429	0.01488	0.00834	0.00953	0.01429	0.01965	0.02620	0.05656	0.63265	0.06787	0.03215	0.01310	0.00417	0.00595	0.02917	0.00953	0.00834
14	0.04034	0.01595	0.02125	0.01675	0.02358	0.01399	0.01367	0.04447	0.02832	0.47373	0.07639	0.03827	0.03049	0.01318	0.01003	0.00308	0.00795	0.01079	0.10187	0.01589
15	0.01328	0.00975	0.01257	0.01413	0.01563	0.00904	0.01022	0.01603	0.02213	0.02930	0.14200	0.40649	0.14075	0.02909	0.01295	0.00400	0.00613	0.08800	0.00979	0.00873
16	0.71184	0.01985	0.01508	0.01350	0.01985	0.02302	0.01111	0.03017	0.01746	0.04604	0.01429	0.01667	0.01111	0.00953	0.00635	0.00318	0.00794	0.00556	0.00635	0.01111
17	0.26905	0.01491	0.01495	0.01457	0.01793	0.01626	0.01078	0.06661	0.02052	0.03578	0.03317	0.23949	0.03584	0.10471	0.05752	0.00535	0.00921	0.01569	0.00772	0.00993
18	0.02257	0.13269	0.38612	0.02416	0.03626	0.02363	0.02910	0.03134	0.02240	0.07534	0.03076	0.03204	0.08692	0.01197	0.00964	0.00312	0.01272	0.00933	0.00570	0.01421
19	0.03014	0.35542	0.04149	0.01984	0.02787	0.03523	0.01781	0.17185	0.13592	0.03875	0.02257	0.02303	0.01796	0.01076	0.00834	0.00269	0.01049	0.00772	0.00718	0.01493
20	0.71184	0.01985	0.01508	0.01350	0.01985	0.02302	0.01111	0.03017	0.01746	0.04604	0.01429	0.01667	0.01111	0.00953	0.00635	0.00318	0.00794	0.00556	0.00635	0.01111
21	0.02612	0.03489	0.24915	0.11539	0.04110	0.02522	0.02720	0.18331	0.07576	0.04105	0.02225	0.02550	0.01635	0.01266	0.01204	0.04917	0.01276	0.00875	0.00667	0.01466
22	0.01384	0.01027	0.01289	0.01264	0.01501	0.00933	0.00933	0.01788	0.02682	0.03682	0.42020	0.15318	0.17722	0.02333	0.01224	0.00339	0.00505	0.02049	0.01075	0.00933
23	0.02200	0.02431	0.13268	0.15744	0.14592	0.01943	0.02410	0.02993	0.05528	0.08055	0.09694	0.04224	0.09857	0.01367	0.01062	0.00328	0.01077	0.01182	0.00711	0.01335
24	0.01357	0.01035	0.01247	0.01215	0.01480	0.00925	0.00903	0.01745	0.02650	0.03558	0.37705	0.12119	0.25645	0.02343	0.01218	0.00337	0.00504	0.02032	0.01058	0.00925

[dist]
# distance from previous block
# <min> <max>
7	19

[block]
# block no. 8 follows, 14 sequences, length 15
# corresponding to MSA columns:
# 233-247
name=unknown_I
#
# <colnr> <probs for GDERKNQSTAVLIFYWHMCP>
#	G	D	E	R	K	N	Q	S	T	A	V	L	I	F	Y	W	H	M	C	P
0	0.11304	0.25507	0.12713	0.03134	0.17814	0.02933	0.02357	0.03266	0.02191	0.07454	0.01835	0.02119	0.01469	0.00943	0.00832	0.00279	0.01141	0.00720	0.00547	0.01440
1	0.11420	0.01901	0.02340	0.01840	0.02602	0.01815	0.01512	0.08769	0.07405	0.43871	0.03655	0.03245	0.02375	0.01244	0.00991	0.00319	0.00880	0.00984	0.01164	0.01669
2	0.01359	0.01045	0.01242	0.01193	0.01476	0.00928	0.00895	0.01755	0.02684	0.03591	0.38787	0.08529	0.28215	0.02294	0.01211	0.00332	0.00498	0.01977	0.01061	0.00928
3	0.02330	0.02241	0.03039	0.32997	0.13585	0.06507	0.02514	0.03553	0.16210	0.03167	0.02440	0.02928	0.01868	0.01107	0.01022	0.00332	0.01234	0.00959	0.00624	0.01347
4	0.12019	0.39693	0.04165	0.01848	0.02646	0.09351	0.01687	0.07201	0.02413	0.08206	0.01766	0.01904	0.01437	0.00970	0.00746	0.00253	0.01118	0.00635	0.00595	0.01349
5	0.01875	0.01118	0.01421	0.01371	0.01673	0.00999	0.01016	0.02208	0.02517	0.12514	0.23386	0.23872	0.17288	0.02391	0.01210	0.00355	0.00590	0.02095	0.01065	0.01039
6	0.03365	0.43587	0.04377	0.01779	0.02629	0.03209	0.01673	0.03717	0.02370	0.21051	0.02302	0.02263	0.01725	0.01009	0.00783	0.00252	0.01023	0.00710	0.00716	0.01460
7	0.01550	0.00957	0.01186	0.01208	0.01214	0.00951	0.00727	0.01443	0.01493	0.01991	0.03057	0.10977	0.03475	0.41564	0.04523	0.20098	0.00929	0.01458	0.00604	0.00593
8	0.10526	0.02205	0.02420	0.01933	0.02593	0.02353	0.01573	0.30146	0.03806	0.12201	0.15517	0.03745	0.03665	0.01413	0.01030	0.00314	0.00908	0.01120	0.01040	0.01494
9	0.02165	0.01658	0.02036	0.07045	0.02672	0.01377	0.01312	0.02620	0.02158	0.06449	0.02403	0.07054	0.02080	0.01045	0.00837	0.00208	0.00781	0.00872	0.07961	0.47267
10	0.02899	0.22582	0.03119	0.01693	0.02337	0.02306	0.01447	0.06842	0.02490	0.16689	0.07116	0.09326	0.02955	0.01563	0.01181	0.06163	0.00899	0.01085	0.00811	0.06498
11	0.20566	0.02580	0.06870	0.02157	0.02683	0.08476	0.01874	0.03445	0.02129	0.16341	0.02074	0.02346	0.01564	0.01313	0.01668	0.00355	0.20747	0.00806	0.00699	0.01306
12	0.21147	0.10017	0.02776	0.10150	0.05864	0.05127	0.01749	0.08194	0.06264	0.11364	0.02199	0.02378	0.01639	0.01044	0.00854	0.00295	0.01022	0.00774	0.00726	0.06418
13	0.07429	0.25845	0.03631	0.01895	0.02651	0.02706	0.05259	0.08558	0.02541	0.11809	0.06481	0.02906	0.02367	0.04740	0.01111	0.00307	0.01009	0.00873	0.00727	0.07154
14	0.27023	0.01803	0.01866	0.01789	0.04837	0.01917	0.01318	0.11810	0.02547	0.08537	0.03908	0.15264	0.10139	0.01697	0.00968	0.00339	0.00805	0.01363	0.00856	0.01213

[dist]
# distance from previous block
# <min> <max>
5	38

[block]
# block no. 9 follows, 14 sequences, length 14
# corresponding to MSA columns:
# 286-299
name=unknown_J
#
# <colnr> <probs for GDERKNQSTAVLIFYWHMCP>
#	G	D	E	R	K	N	Q	S	T	A	V	L	I	F	Y	W	H	M	C	P
0	0.02438	0.17824	0.03141	0.02684	0.13414	0.13231	0.01772	0.02785	0.02267	0.02808	0.02858	0.18387	0.02951	0.01568	0.00960	0.00299	0.01075	0.01309	0.07033	0.01194
1	0.07978	0.25061	0.22436	0.02083	0.03067	0.02822	0.02278	0.03230	0.08297	0.03136	0.02857	0.02968	0.07542	0.01163	0.00869	0.00292	0.01120	0.00867	0.00579	0.01355
2	0.16659	0.08646	0.03042	0.02528	0.07391	0.17619	0.05610	0.03967	0.08616	0.12983	0.02335	0.02436	0.01745	0.01070	0.00905	0.00299	0.01223	0.00814	0.00728	0.01384
3	0.49741	0.02006	0.02121	0.13660	0.09387	0.02314	0.01686	0.02955	0.01874	0.04073	0.01564	0.01977	0.01221	0.00963	0.00755	0.00321	0.00955	0.00667	0.00585	0.01176
4	0.30072	0.02032	0.02061	0.01751	0.02388	0.02205	0.01425	0.14694	0.06897	0.14471	0.02870	0.07434	0.02341	0.01373	0.00916	0.00333	0.00877	0.03574	0.00908	0.01377
5	0.03442	0.01475	0.01858	0.01493	0.02102	0.01302	0.01205	0.03872	0.02590	0.34317	0.03608	0.03491	0.02483	0.01199	0.00898	0.00276	0.00724	0.00969	0.25266	0.07429
6	0.02809	0.01829	0.06439	0.09002	0.02902	0.01561	0.01636	0.03451	0.07426	0.23563	0.07823	0.04836	0.13765	0.01716	0.01296	0.05513	0.00885	0.01275	0.00951	0.01323
7	0.01391	0.00999	0.01328	0.01418	0.01583	0.00936	0.01041	0.01745	0.02448	0.03367	0.29489	0.31461	0.08031	0.02652	0.01276	0.00380	0.00584	0.07929	0.01034	0.00909
8	0.01697	0.00903	0.01322	0.01344	0.01368	0.00890	0.00904	0.01390	0.01521	0.02045	0.06162	0.10397	0.02924	0.03420	0.03499	0.57109	0.00828	0.01194	0.00553	0.00528
9	0.03670	0.20139	0.03559	0.02194	0.02947	0.18607	0.01841	0.19267	0.03274	0.11921	0.02175	0.02225	0.01630	0.01093	0.00899	0.00273	0.01279	0.00766	0.00766	0.01477
10	0.02342	0.01279	0.01644	0.01479	0.01844	0.01199	0.01121	0.02798	0.06875	0.16946	0.20979	0.09747	0.11280	0.02222	0.01638	0.12264	0.00690	0.01540	0.01008	0.01106
11	0.02637	0.23350	0.28828	0.02548	0.03714	0.02941	0.06968	0.07744	0.02446	0.06987	0.01933	0.02168	0.01449	0.00978	0.00903	0.00291	0.01325	0.00762	0.00550	0.01478
12	0.02706	0.06848	0.03408	0.20795	0.19749	0.02567	0.02469	0.10433	0.10060	0.07337	0.02392	0.02765	0.01815	0.01079	0.00999	0.00317	0.01161	0.00930	0.00685	0.01484
13	0.51845	0.02257	0.02141	0.01782	0.02465	0.06723	0.06120	0.03356	0.02037	0.10521	0.01804	0.01995	0.01334	0.00989	0.00757	0.00316	0.00972	0.00680	0.00689	0.01216

[dist]
# distance from previous block
# <min> <max>
0	1

[block]
# block no. 10 follows, 14 sequences, length 8
# corresponding to MSA columns:
# 301-308
name=unknown_K
#
# <colnr> <probs for GDERKNQSTAVLIFYWHMCP>
#	G	D	E	R	K	N	Q	S	T	A	V	L	I	F	Y	W	H	M	C	P
0	0.02851	0.08396	0.25457	0.02371	0.03333	0.02346	0.02524	0.08809	0.02548	0.16140	0.02651	0.07480	0.02090	0.01323	0.01220	0.00332	0.06897	0.01012	0.00735	0.01485
1	0.02020	0.02126	0.06667	0.19417	0.11897	0.02026	0.15189	0.02661	0.02278	0.03115	0.11495	0.03950	0.03121	0.07818	0.01545	0.00403	0.01256	0.01202	0.00611	0.01206
2	0.01351	0.01016	0.01259	0.01319	0.01539	0.00924	0.00979	0.01688	0.02438	0.03234	0.25093	0.24055	0.21396	0.02615	0.01259	0.00370	0.00569	0.06979	0.01015	0.00901
3	0.02579	0.01348	0.01734	0.08323	0.02431	0.01350	0.01312	0.03167	0.05564	0.18129	0.03818	0.11515	0.03198	0.01554	0.00971	0.00314	0.00748	0.04031	0.26701	0.01214
4	0.02746	0.02498	0.07644	0.15173	0.13818	0.02389	0.12489	0.07834	0.10331	0.10764	0.02579	0.02903	0.01886	0.01074	0.01060	0.00330	0.01258	0.01013	0.00715	0.01499
5	0.01632	0.01009	0.01286	0.01375	0.01565	0.00923	0.00970	0.01893	0.02202	0.08094	0.10824	0.41993	0.11683	0.02702	0.01218	0.00377	0.00594	0.02406	0.06311	0.00945
6	0.02640	0.07697	0.14518	0.06543	0.03544	0.02038	0.10614	0.03268	0.02339	0.14978	0.05590	0.03262	0.02336	0.06626	0.01368	0.00358	0.01175	0.00996	0.00707	0.09403
7	0.02046	0.14272	0.02369	0.01527	0.02006	0.01679	0.01213	0.02313	0.02128	0.06801	0.07731	0.24073	0.04080	0.01988	0.01218	0.05230	0.00767	0.01557	0.00773	0.16231

[dist]
# distance from previous block
# <min> <max>
4	32

[block]
# block no. 11 follows, 14 sequences, length 10
# corresponding to MSA columns:
# 364-373
name=unknown_L
#
# <colnr> <probs for GDERKNQSTAVLIFYWHMCP>
#	G	D	E	R	K	N	Q	S	T	A	V	L	I	F	Y	W	H	M	C	P
0	0.07626	0.02470	0.03002	0.05957	0.03334	0.09254	0.09766	0.04064	0.16556	0.12545	0.02770	0.02883	0.02051	0.01158	0.01139	0.00316	0.04903	0.00957	0.00793	0.08458
1	0.02128	0.01584	0.01688	0.08296	0.02238	0.07195	0.01157	0.02333	0.02033	0.08990	0.07218	0.05683	0.07497	0.34016	0.03229	0.00670	0.01040	0.01362	0.00730	0.00915
2	0.02467	0.01779	0.02053	0.12771	0.02876	0.04674	0.01454	0.12759	0.02519	0.07699	0.02809	0.04322	0.02562	0.25034	0.02587	0.00567	0.01072	0.01137	0.07762	0.01096
3	0.10167	0.02246	0.02869	0.31475	0.14012	0.09558	0.02396	0.02825	0.02167	0.02960	0.02157	0.08643	0.01930	0.01226	0.00995	0.00331	0.01260	0.01044	0.00545	0.01195
4	0.01762	0.01233	0.01663	0.08583	0.07745	0.01248	0.01300	0.02242	0.02361	0.03562	0.18213	0.09459	0.07979	0.01631	0.00992	0.00300	0.00669	0.01414	0.26609	0.01034
5	0.02071	0.01799	0.03071	0.21813	0.11523	0.01869	0.10300	0.02671	0.02425	0.06437	0.15546	0.04575	0.08722	0.01396	0.01115	0.00332	0.01092	0.01304	0.00723	0.01214
6	0.02187	0.01343	0.01547	0.01406	0.01675	0.01397	0.01005	0.07574	0.05947	0.08372	0.03269	0.04881	0.03018	0.27984	0.09463	0.00737	0.01079	0.01213	0.14889	0.01014
7	0.02471	0.01657	0.02592	0.38041	0.05120	0.01875	0.02216	0.03028	0.02250	0.15237	0.02797	0.08742	0.02237	0.01301	0.01033	0.00336	0.01120	0.01133	0.05579	0.01234
8	0.18224	0.01635	0.01993	0.15935	0.03180	0.01793	0.01565	0.02967	0.05471	0.11848	0.03236	0.04465	0.05452	0.12204	0.01707	0.00457	0.00977	0.04993	0.00758	0.01139
9	0.03069	0.16382	0.12210	0.01953	0.02727	0.02243	0.01910	0.03587	0.02395	0.22359	0.02950	0.03460	0.02262	0.01282	0.01081	0.00308	0.04877	0.04810	0.08717	0.01417

[dist]
# distance from previous block
# <min> <max>
1	22

[block]
# block no. 12 follows, 14 sequences, length 20
# corresponding to MSA columns:
# 396-415
name=unknown_M
#
# <colnr> <probs for GDERKNQSTAVLIFYWHMCP>
#	G	D	E	R	K	N	Q	S	T	A	V	L	I	F	Y	W	H	M	C	P
0	0.39898	0.02041	0.02061	0.10974	0.03021	0.02341	0.01554	0.07332	0.10130	0.08561	0.02181	0.02358	0.01611	0.01075	0.00817	0.00325	0.00918	0.00766	0.00747	0.01289
1	0.02941	0.10037	0.07386	0.01874	0.02578	0.09462	0.01650	0.08073	0.02814	0.16002	0.12127	0.04131	0.09200	0.01412	0.00997	0.00291	0.00997	0.01121	0.00875	0.06030
2	0.02238	0.01435	0.01726	0.01573	0.01922	0.01446	0.01167	0.06824	0.10921	0.11492	0.19263	0.15816	0.05561	0.11762	0.01796	0.00448	0.00742	0.01688	0.01017	0.01164
3	0.02034	0.01124	0.01416	0.01393	0.01646	0.01021	0.00980	0.02236	0.02137	0.14774	0.05513	0.30287	0.12803	0.15313	0.02047	0.00504	0.00728	0.02092	0.00954	0.00996
4	0.01602	0.01144	0.01430	0.01425	0.01575	0.01198	0.00990	0.02081	0.08401	0.02747	0.11895	0.14163	0.04656	0.21897	0.13077	0.07350	0.01134	0.01596	0.00773	0.00865
5	0.02411	0.01507	0.01665	0.01498	0.01948	0.01559	0.01164	0.03654	0.20104	0.12078	0.08641	0.04804	0.09957	0.01511	0.00971	0.00306	0.00654	0.01251	0.23029	0.01287
6	0.23409	0.01571	0.01648	0.01487	0.01960	0.01594	0.01125	0.02894	0.06064	0.11744	0.03285	0.17196	0.03173	0.09218	0.01457	0.00407	0.00781	0.01346	0.00831	0.08807
7	0.01766	0.01542	0.01605	0.01659	0.01919	0.08188	0.01310	0.02161	0.02551	0.03255	0.21942	0.15520	0.11071	0.02410	0.01260	0.00381	0.00827	0.18716	0.00955	0.00961
8	0.03338	0.03921	0.03166	0.03534	0.17353	0.37804	0.02245	0.04015	0.09190	0.02949	0.01992	0.02272	0.01622	0.01061	0.00964	0.00285	0.01559	0.00788	0.00586	0.01357
9	0.02803	0.06839	0.02615	0.02046	0.02515	0.15315	0.05387	0.07166	0.02604	0.09788	0.10179	0.08981	0.03293	0.01869	0.01578	0.12820	0.01127	0.01183	0.00762	0.01129
10	0.07494	0.16763	0.04004	0.21354	0.14129	0.02702	0.08621	0.03129	0.02207	0.07534	0.01936	0.02435	0.01504	0.00967	0.00933	0.00303	0.01240	0.00848	0.00549	0.01346
11	0.33521	0.02093	0.02071	0.13240	0.03144	0.06592	0.01592	0.06786	0.02249	0.08360	0.02325	0.09605	0.02034	0.01298	0.00877	0.00330	0.00995	0.00987	0.00712	0.01188
12	0.26732	0.10002	0.23031	0.02375	0.07516	0.02421	0.02319	0.03026	0.02086	0.03724	0.06397	0.02435	0.01982	0.01048	0.00843	0.00309	0.01100	0.00771	0.00572	0.01312
13	0.55127	0.01901	0.01554	0.01373	0.01963	0.02170	0.01120	0.07119	0.02061	0.04639	0.01806	0.02061	0.01394	0.01012	0.00680	0.00305	0.00773	0.00647	0.11155	0.01140
14	0.02019	0.01775	0.02521	0.02240	0.02271	0.02368	0.01805	0.02130	0.01536	0.02314	0.01672	0.02725	0.01641	0.03151	0.12998	0.14964	0.39525	0.00931	0.00465	0.00949
15	0.01379	0.01014	0.01291	0.01290	0.01505	0.00926	0.00941	0.01769	0.02631	0.03625	0.40090	0.19978	0.14946	0.02402	0.01232	0.00346	0.00513	0.02124	0.01069	0.00926
16	0.07504	0.01273	0.01596	0.01453	0.01838	0.01188	0.01109	0.02798	0.02561	0.19046	0.22471	0.18352	0.05871	0.01968	0.01104	0.00336	0.00642	0.01703	0.06019	0.01167
17	0.02003	0.01849	0.02998	0.19484	0.27955	0.01938	0.02413	0.02519	0.02203	0.02967	0.03604	0.13058	0.09699	0.01526	0.01091	0.00338	0.01069	0.01392	0.00623	0.01272
18	0.01734	0.00909	0.01300	0.01300	0.01300	0.00909	0.00846	0.01363	0.01363	0.01818	0.02027	0.03726	0.02111	0.13754	0.04215	0.58473	0.00909	0.00993	0.00475	0.00475
19	0.10737	0.12534	0.25154	0.17818	0.04431	0.02533	0.02752	0.03157	0.02129	0.07081	0.01884	0.02273	0.01387	0.00992	0.00904	0.00312	0.01281	0.00762	0.00525	0.01355

[dist]
# distance from previous block
# <min> <max>
9	29

[block]
# block no. 13 follows, 14 sequences, length 25
# corresponding to MSA columns:
# 447-471
name=unknown_N
#
# <colnr> <probs for GDERKNQSTAVLIFYWHMCP>
#	G	D	E	R	K	N	Q	S	T	A	V	L	I	F	Y	W	H	M	C	P
0	0.09988	0.01782	0.02617	0.25409	0.14184	0.01961	0.02137	0.03033	0.02207	0.10518	0.02380	0.02887	0.01779	0.01061	0.00924	0.00310	0.01045	0.00898	0.13609	0.01272
1	0.02544	0.01915	0.02943	0.15180	0.21731	0.01880	0.02207	0.03091	0.02417	0.12282	0.09496	0.03341	0.02768	0.01125	0.01003	0.00291	0.01018	0.01006	0.00721	0.13041
2	0.01877	0.01128	0.01444	0.01320	0.01576	0.01046	0.00956	0.02233	0.02568	0.10723	0.37059	0.06888	0.07307	0.16907	0.02155	0.00484	0.00659	0.01660	0.01026	0.00987
3	0.02932	0.02133	0.02783	0.09143	0.10357	0.02393	0.02010	0.10472	0.16864	0.13266	0.02959	0.03097	0.02195	0.01289	0.01320	0.00338	0.09015	0.01002	0.04931	0.01503
4	0.02822	0.20863	0.10729	0.13902	0.03801	0.02731	0.02169	0.09932	0.02567	0.10548	0.02086	0.02336	0.01565	0.01005	0.00882	0.00275	0.01142	0.00768	0.00648	0.09229
5	0.16252	0.06590	0.14788	0.02160	0.03034	0.02518	0.02101	0.15704	0.02847	0.16421	0.02343	0.02413	0.01651	0.01152	0.01089	0.00321	0.05489	0.00818	0.00802	0.01505
6	0.02583	0.01890	0.02231	0.01621	0.02511	0.01519	0.01308	0.06652	0.02431	0.10793	0.02163	0.02332	0.01671	0.00861	0.00815	0.00185	0.00802	0.00687	0.00726	0.56220
7	0.14786	0.01440	0.01403	0.01299	0.01730	0.01445	0.01006	0.08750	0.02509	0.03666	0.06755	0.11438	0.31102	0.02060	0.01052	0.00334	0.00655	0.01676	0.05861	0.01032
8	0.03166	0.02131	0.02316	0.01911	0.02532	0.02319	0.01534	0.23457	0.18074	0.11251	0.03317	0.03264	0.02418	0.01273	0.00963	0.00305	0.00867	0.01009	0.16357	0.01536
9	0.27434	0.01774	0.01793	0.01501	0.02098	0.01867	0.01220	0.10078	0.02559	0.18233	0.02728	0.02796	0.01952	0.01133	0.00809	0.00296	0.00776	0.00829	0.18811	0.01315
10	0.01543	0.01068	0.01355	0.01433	0.01532	0.01088	0.01037	0.01740	0.01798	0.02392	0.03911	0.08036	0.04326	0.37494	0.09938	0.00893	0.01170	0.17764	0.00721	0.00761
11	0.03145	0.22484	0.13708	0.01984	0.02880	0.02537	0.01981	0.06945	0.02642	0.20861	0.08502	0.03046	0.02650	0.01178	0.00921	0.00288	0.01038	0.00910	0.00818	0.01481
12	0.02673	0.01300	0.01687	0.01485	0.01913	0.01154	0.01131	0.02998	0.02562	0.25542	0.15894	0.15772	0.12011	0.07253	0.01495	0.00397	0.00710	0.01714	0.01090	0.01219
13	0.03787	0.08581	0.03233	0.02378	0.03134	0.16919	0.01942	0.37727	0.04131	0.05170	0.02164	0.02247	0.01607	0.01160	0.00971	0.00290	0.01301	0.00829	0.00857	0.01575
14	0.02674	0.01891	0.02596	0.13299	0.09378	0.01773	0.01861	0.06086	0.02464	0.13738	0.02556	0.03251	0.02028	0.01101	0.00952	0.00268	0.00979	0.04437	0.00743	0.27924
15	0.03201	0.18235	0.03903	0.02458	0.03253	0.09419	0.08691	0.21681	0.11596	0.04272	0.02329	0.02449	0.01786	0.01102	0.00952	0.00293	0.01230	0.00877	0.00763	0.01512
16	0.71184	0.01985	0.01508	0.01350	0.01985	0.02302	0.01111	0.03017	0.01746	0.04604	0.01429	0.01667	0.01111	0.00953	0.00635	0.00318	0.00794	0.00556	0.00635	0.01111
17	0.03354	0.02531	0.08901	0.10456	0.03496	0.06215	0.02022	0.09657	0.09881	0.24228	0.06245	0.03293	0.02555	0.01247	0.01028	0.00321	0.01084	0.01011	0.00943	0.01533
18	0.01644	0.01267	0.01691	0.08164	0.02381	0.01355	0.01360	0.05114	0.06671	0.02984	0.04527	0.37275	0.04981	0.03272	0.08949	0.00562	0.01033	0.04909	0.00857	0.01005
19	0.01461	0.01130	0.01494	0.01514	0.01669	0.01163	0.01130	0.01789	0.02344	0.03235	0.25898	0.27884	0.10626	0.02552	0.01495	0.00382	0.07291	0.05049	0.00967	0.00928
20	0.20662	0.01804	0.02171	0.01711	0.02467	0.01700	0.01413	0.04523	0.02650	0.45307	0.03417	0.03053	0.02196	0.01194	0.00936	0.00318	0.00854	0.00917	0.01117	0.01593
21	0.02408	0.01380	0.01622	0.01409	0.01810	0.01343	0.01088	0.09365	0.02833	0.13266	0.20294	0.05416	0.08705	0.06121	0.01324	0.00349	0.00673	0.01367	0.18060	0.01167
22	0.46877	0.01745	0.01593	0.01399	0.01967	0.01900	0.01132	0.03037	0.02161	0.11551	0.14163	0.03245	0.03211	0.01250	0.00816	0.00319	0.00735	0.00908	0.00829	0.01163
23	0.03079	0.02789	0.02596	0.02242	0.02872	0.11719	0.01759	0.16978	0.35104	0.04537	0.03356	0.03188	0.02513	0.01301	0.01021	0.00325	0.01052	0.01025	0.00959	0.01585
24	0.03583	0.02517	0.02791	0.02115	0.02954	0.02595	0.01738	0.37249	0.04017	0.11436	0.02495	0.02502	0.01782	0.01131	0.00968	0.00274	0.01019	0.00865	0.00960	0.17011

[dist]
# distance from previous block
# <min> <max>
0	10

[block]
# block no. 14 follows, 14 sequences, length 9
# corresponding to MSA columns:
# 482-490
name=unknown_O
#
# <colnr> <probs for GDERKNQSTAVLIFYWHMCP>
#	G	D	E	R	K	N	Q	S	T	A	V	L	I	F	Y	W	H	M	C	P
0	0.02553	0.18543	0.38865	0.02509	0.03782	0.02656	0.03019	0.03441	0.02250	0.10328	0.02037	0.02222	0.01468	0.00992	0.00909	0.00300	0.01335	0.00746	0.00545	0.01501
1	0.71184	0.01985	0.01508	0.01350	0.01985	0.02302	0.01111	0.03017	0.01746	0.04604	0.01429	0.01667	0.01111	0.00953	0.00635	0.00318	0.00794	0.00556	0.00635	0.01111
