[name]
unknown

[dist]
# distance from previous block
# <min> <max>
0	389

[block]
# block no. 0 follows, 12 sequences, length 6
# corresponding to MSA columns:
# 541-546
name=unknown_A
#
# <colnr> <probs for GDERKNQSTAVLIFYWHMCP>
#	G	D	E	R	K	N	Q	S	T	A	V	L	I	F	Y	W	H	M	C	P
0	0.02004	0.01164	0.01494	0.01466	0.01627	0.01127	0.01035	0.02119	0.02053	0.08125	0.09600	0.07182	0.04639	0.29294	0.03692	0.11367	0.00954	0.09375	0.00825	0.00858
1	0.02493	0.08468	0.02470	0.06935	0.06177	0.01699	0.01541	0.02674	0.02247	0.12249	0.08582	0.13061	0.03699	0.02357	0.01991	0.19109	0.00940	0.01397	0.00802	0.01109
2	0.03916	0.12016	0.03342	0.11869	0.03731	0.02581	0.01995	0.14739	0.03256	0.27061	0.03067	0.03010	0.02085	0.01228	0.01029	0.00323	0.01117	0.00965	0.00999	0.01670
3	0.03114	0.17163	0.15316	0.12488	0.09460	0.02695	0.02623	0.03780	0.02498	0.17079	0.02485	0.02692	0.01786	0.01098	0.00986	0.00317	0.01263	0.00876	0.00712	0.01569
4	0.01758	0.01668	0.07783	0.01622	0.02065	0.01208	0.01419	0.02245	0.02654	0.06939	0.23808	0.17058	0.17607	0.02408	0.01279	0.00377	0.00732	0.05232	0.01037	0.01100
5	0.17636	0.02190	0.03128	0.07351	0.07701	0.02282	0.10470	0.03960	0.11168	0.13429	0.07289	0.03443	0.02763	0.01245	0.01054	0.00350	0.01096	0.01097	0.00868	0.01482

[dist]
# distance from previous block
# <min> <max>
7	15

[block]
# block no. 1 follows, 12 sequences, length 10
# corresponding to MSA columns:
# 562-571
name=unknown_B
#
# <colnr> <probs for GDERKNQSTAVLIFYWHMCP>
#	G	D	E	R	K	N	Q	S	T	A	V	L	I	F	Y	W	H	M	C	P
0	0.13901	0.14127	0.03413	0.07490	0.09645	0.02745	0.01983	0.11422	0.02845	0.14296	0.02378	0.02537	0.01756	0.01098	0.00927	0.00303	0.01089	0.00837	0.00799	0.06411
1	0.08946	0.06043	0.03548	0.10516	0.15967	0.02611	0.05717	0.13940	0.03084	0.10733	0.06213	0.03111	0.02397	0.01197	0.01057	0.00331	0.01182	0.01028	0.00811	0.01569
2	0.02890	0.10081	0.04792	0.10849	0.22468	0.02714	0.16420	0.03558	0.02520	0.09795	0.02294	0.02797	0.01755	0.01012	0.01094	0.00331	0.01406	0.01027	0.00628	0.01570
3	0.02739	0.02090	0.02605	0.02408	0.09154	0.01866	0.01674	0.03757	0.12575	0.10343	0.02753	0.02862	0.02110	0.01031	0.00938	0.00246	0.00894	0.00861	0.00815	0.38277
4	0.18512	0.02295	0.02395	0.02389	0.08414	0.06124	0.01650	0.12221	0.02771	0.04289	0.02836	0.14791	0.02752	0.01553	0.01000	0.00323	0.00995	0.01264	0.00799	0.12626
5	0.02195	0.01812	0.08411	0.07321	0.02673	0.01402	0.01612	0.02414	0.02022	0.09114	0.03195	0.14958	0.03154	0.09184	0.02502	0.19103	0.01016	0.01427	0.00721	0.05764
6	0.02768	0.11581	0.17069	0.20961	0.04839	0.02609	0.02747	0.03758	0.07329	0.12235	0.02535	0.02837	0.01825	0.01136	0.01023	0.00336	0.01305	0.00919	0.00686	0.01503
7	0.03142	0.02428	0.09331	0.02300	0.03082	0.02018	0.05518	0.03962	0.07559	0.21407	0.09456	0.03732	0.03182	0.01396	0.01373	0.00338	0.07685	0.01123	0.00951	0.10015
8	0.02285	0.01430	0.01749	0.01585	0.01772	0.01500	0.01104	0.12118	0.02261	0.03022	0.02500	0.04283	0.02491	0.20195	0.03961	0.34087	0.01033	0.01141	0.00660	0.00823
9	0.03033	0.10198	0.06958	0.09249	0.03605	0.09135	0.05591	0.03847	0.08346	0.14282	0.06253	0.08890	0.03027	0.01453	0.01083	0.00337	0.01205	0.01225	0.00844	0.01440

[dist]
# distance from previous block
# <min> <max>
16	54

[block]
# block no. 2 follows, 12 sequences, length 30
# corresponding to MSA columns:
# 628-657
name=unknown_C
#
# <colnr> <probs for GDERKNQSTAVLIFYWHMCP>
#	G	D	E	R	K	N	Q	S	T	A	V	L	I	F	Y	W	H	M	C	P
0	0.16885	0.06440	0.06099	0.02098	0.02883	0.02673	0.01839	0.18235	0.10647	0.04901	0.02834	0.03627	0.02344	0.01373	0.00998	0.00335	0.01041	0.06059	0.00874	0.07815
1	0.08194	0.02887	0.07873	0.08518	0.03507	0.08409	0.02021	0.14058	0.07025	0.04173	0.02232	0.02568	0.01730	0.01294	0.01206	0.05170	0.01192	0.00844	0.00728	0.16372
2	0.10077	0.10572	0.11792	0.08590	0.07869	0.02592	0.13936	0.03434	0.02380	0.08373	0.02134	0.02540	0.01609	0.00997	0.01001	0.00314	0.01331	0.00905	0.00619	0.08934
3	0.15585	0.11899	0.03084	0.02305	0.06737	0.02638	0.01763	0.15365	0.03091	0.16906	0.02921	0.08088	0.02357	0.01377	0.00981	0.00327	0.01018	0.01073	0.00927	0.01558
4	0.04892	0.01856	0.02530	0.01940	0.02783	0.01603	0.01603	0.05314	0.03121	0.55634	0.04302	0.03711	0.02699	0.01350	0.01096	0.00337	0.00928	0.01096	0.01350	0.01856
5	0.03299	0.01575	0.02061	0.01813	0.02319	0.01486	0.01416	0.03877	0.08189	0.28153	0.04423	0.13196	0.03797	0.06388	0.01799	0.06821	0.00896	0.05985	0.01107	0.01399
6	0.07662	0.13530	0.16109	0.02967	0.10907	0.08693	0.02510	0.03990	0.02593	0.17361	0.02468	0.02574	0.01779	0.01102	0.00972	0.00313	0.01295	0.00845	0.00737	0.01591
7	0.01597	0.01211	0.01499	0.01613	0.01801	0.01217	0.01136	0.02327	0.10845	0.03337	0.13425	0.42940	0.07044	0.02900	0.01327	0.00415	0.00653	0.02604	0.01059	0.01051
8	0.01328	0.00949	0.01265	0.01518	0.01581	0.00886	0.01012	0.01518	0.02088	0.02783	0.06010	0.60969	0.07212	0.03416	0.01392	0.00443	0.00633	0.03100	0.01012	0.00886
9	0.09680	0.01803	0.02501	0.02061	0.02635	0.01798	0.09221	0.03307	0.11554	0.08939	0.20267	0.05813	0.12426	0.01747	0.01170	0.00354	0.00870	0.01545	0.01008	0.01301
10	0.03424	0.15215	0.10546	0.08923	0.07782	0.02994	0.02407	0.18345	0.03292	0.13122	0.02473	0.02622	0.01789	0.01153	0.01003	0.00316	0.01235	0.00894	0.00815	0.01649
11	0.01556	0.01218	0.01432	0.01495	0.01746	0.01185	0.01074	0.02243	0.09797	0.03340	0.14792	0.31680	0.18783	0.02780	0.01308	0.00398	0.00628	0.02448	0.01057	0.01040
12	0.61949	0.02162	0.01917	0.02020	0.07991	0.02462	0.01422	0.03221	0.01926	0.04744	0.01578	0.01875	0.01242	0.01008	0.00720	0.00336	0.00894	0.00633	0.00660	0.01242
13	0.02346	0.01506	0.02029	0.11390	0.02937	0.01566	0.01531	0.03045	0.09816	0.11576	0.12994	0.11247	0.08293	0.02211	0.01688	0.11294	0.00876	0.01541	0.00937	0.01179
14	0.02052	0.01057	0.01465	0.01426	0.01550	0.01009	0.00981	0.01820	0.01753	0.07143	0.03506	0.08116	0.08303	0.07158	0.03530	0.45596	0.00888	0.01292	0.00663	0.00692
15	0.09828	0.02120	0.02924	0.35166	0.05516	0.02410	0.02405	0.09930	0.02589	0.03741	0.01991	0.02635	0.01508	0.01068	0.00999	0.00323	0.01245	0.00877	0.00620	0.12105
16	0.13486	0.02106	0.06386	0.13246	0.03508	0.01931	0.01847	0.02912	0.05933	0.03509	0.02550	0.08200	0.02271	0.02034	0.07241	0.00466	0.01228	0.01047	0.00667	0.19431
17	0.02245	0.02179	0.03070	0.02674	0.02707	0.03004	0.02212	0.02509	0.01684	0.02608	0.01684	0.02708	0.01651	0.02973	0.12715	0.00694	0.50041	0.00991	0.00495	0.01156
18	0.02198	0.16481	0.36928	0.02598	0.03821	0.02632	0.03101	0.03103	0.02250	0.03164	0.02519	0.11629	0.02323	0.01398	0.01024	0.00338	0.01363	0.01129	0.00550	0.01451
19	0.03025	0.03743	0.08301	0.02589	0.03389	0.24506	0.06023	0.03520	0.02580	0.03105	0.01819	0.02211	0.01495	0.01055	0.01160	0.00270	0.06117	0.00761	0.00572	0.23760
20	0.01340	0.00979	0.01262	0.01461	0.01573	0.00900	0.00993	0.01564	0.02207	0.02921	0.10214	0.51407	0.12656	0.03254	0.01372	0.00427	0.00615	0.02926	0.01026	0.00900
21	0.10889	0.02987	0.08840	0.02387	0.03292	0.06923	0.05143	0.15716	0.07216	0.15644	0.02761	0.02772	0.01953	0.01180	0.01019	0.00319	0.01188	0.00929	0.00912	0.07931
22	0.01378	0.01012	0.01256	0.01389	0.01530	0.00930	0.00946	0.01612	0.02258	0.02980	0.13760	0.38693	0.15996	0.08841	0.01765	0.00475	0.00642	0.02639	0.01005	0.00891
23	0.02148	0.01688	0.02811	0.25257	0.04574	0.01812	0.07455	0.02713	0.02442	0.08306	0.11535	0.16792	0.04305	0.01799	0.01211	0.00376	0.01110	0.01654	0.00810	0.01201
24	0.02492	0.02170	0.03665	0.36203	0.13498	0.02440	0.08141	0.03391	0.06373	0.07426	0.02375	0.03038	0.01766	0.01106	0.01112	0.00356	0.01383	0.01036	0.00620	0.01409
25	0.02727	0.02021	0.02462	0.09423	0.03067	0.06290	0.01791	0.06775	0.02424	0.12244	0.03062	0.09945	0.02798	0.09344	0.10285	0.00659	0.11354	0.01302	0.00782	0.01244
26	0.50373	0.08271	0.02144	0.01635	0.02275	0.08563	0.01337	0.03207	0.02045	0.04255	0.01885	0.06382	0.01695	0.01203	0.00767	0.00329	0.00983	0.00797	0.00668	0.01189
27	0.01702	0.01133	0.01371	0.01367	0.01666	0.01001	0.01003	0.02025	0.02578	0.08209	0.19556	0.23732	0.25238	0.02686	0.01299	0.00380	0.00601	0.02336	0.01090	0.01025
28	0.03030	0.08955	0.03257	0.07516	0.03475	0.02425	0.05259	0.11332	0.08433	0.10733	0.02600	0.02757	0.01946	0.01081	0.00972	0.00276	0.01066	0.00892	0.00818	0.23179
29	0.01846	0.02398	0.14020	0.08248	0.03137	0.01755	0.01999	0.02872	0.10942	0.03394	0.09188	0.16914	0.14809	0.02063	0.01200	0.00376	0.00957	0.01774	0.00861	0.01246

[dist]
# distance from previous block
# <min> <max>
0	1

[block]
# block no. 3 follows, 12 sequences, length 8
# corresponding to MSA columns:
# 659-666
name=unknown_D
#
# <colnr> <probs for GDERKNQSTAVLIFYWHMCP>
#	G	D	E	R	K	N	Q	S	T	A	V	L	I	F	Y	W	H	M	C	P
0	0.02948	0.27766	0.16279	0.12334	0.04075	0.03084	0.02523	0.03589	0.02391	0.12283	0.02190	0.02432	0.01637	0.01059	0.00917	0.00301	0.01277	0.00795	0.00626	0.01496
1	0.01784	0.01324	0.01535	0.01462	0.01528	0.01456	0.00942	0.02136	0.07074	0.02425	0.03347	0.06345	0.03649	0.49430	0.04883	0.00927	0.06747	0.01486	0.00691	0.00826
2	0.06710	0.08032	0.06262	0.01723	0.02620	0.01818	0.01506	0.02749	0.02214	0.03458	0.02295	0.08311	0.02133	0.01122	0.00865	0.00223	0.00884	0.00904	0.00655	0.45517
3	0.03754	0.02894	0.13761	0.02594	0.03639	0.02130	0.09278	0.09294	0.03027	0.28923	0.03189	0.03103	0.02121	0.01182	0.01091	0.00330	0.01215	0.01023	0.00980	0.06473
4	0.10005	0.13822	0.15953	0.06521	0.03639	0.08057	0.02381	0.07884	0.02736	0.15565	0.02401	0.02513	0.01714	0.01123	0.00958	0.00317	0.01288	0.00829	0.00752	0.01544
5	0.02332	0.01565	0.01948	0.01814	0.02163	0.01651	0.01385	0.03192	0.12433	0.12112	0.12353	0.22084	0.09501	0.02303	0.01497	0.00394	0.07009	0.01939	0.01057	0.01269
6	0.02160	0.03137	0.24378	0.02390	0.03274	0.01785	0.05563	0.02924	0.02493	0.08689	0.12719	0.17611	0.04552	0.01848	0.01189	0.00369	0.01123	0.01628	0.00822	0.01347
7	0.02952	0.11323	0.17912	0.08817	0.09563	0.02626	0.12684	0.03737	0.02518	0.13865	0.02431	0.02742	0.01748	0.01060	0.01064	0.00333	0.01412	0.00966	0.00670	0.01576

[dist]
# distance from previous block
# <min> <max>
0	14

[block]
# block no. 4 follows, 12 sequences, length 7
# corresponding to MSA columns:
# 681-687
name=unknown_E
#
# <colnr> <probs for GDERKNQSTAVLIFYWHMCP>
#	G	D	E	R	K	N	Q	S	T	A	V	L	I	F	Y	W	H	M	C	P
0	0.02759	0.03345	0.23307	0.02577	0.03405	0.02320	0.02670	0.03433	0.02303	0.15271	0.02868	0.09920	0.02422	0.01627	0.01746	0.00389	0.16231	0.01196	0.00739	0.01471
1	0.03673	0.01526	0.02009	0.01691	0.02275	0.01355	0.01335	0.04064	0.02767	0.35927	0.04509	0.15167	0.03614	0.01747	0.01096	0.00344	0.00794	0.01481	0.13114	0.01513
2	0.03849	0.08057	0.04170	0.02860	0.03797	0.02563	0.16825	0.13704	0.03268	0.25021	0.03065	0.03075	0.02090	0.01171	0.01117	0.00335	0.01283	0.01084	0.00971	0.01695
3	0.07560	0.02205	0.07868	0.08618	0.03126	0.01965	0.01807	0.07053	0.08842	0.15281	0.07712	0.04368	0.03244	0.13358	0.01964	0.00488	0.01057	0.01198	0.00908	0.01380
4	0.01501	0.01035	0.01213	0.01285	0.01501	0.00949	0.00919	0.01840	0.02426	0.03395	0.16375	0.26399	0.18890	0.02588	0.01219	0.00367	0.00564	0.02259	0.14326	0.00949
5	0.02190	0.02047	0.07560	0.02316	0.02769	0.01854	0.07802	0.02637	0.02308	0.09037	0.07918	0.21961	0.08700	0.02208	0.01731	0.00406	0.12641	0.01857	0.00849	0.01210
6	0.03386	0.02020	0.05513	0.02208	0.07109	0.01724	0.01693	0.08774	0.02997	0.25905	0.05035	0.04816	0.12752	0.01564	0.01088	0.00331	0.00903	0.01286	0.09356	0.01539

[dist]
# distance from previous block
# <min> <max>
8	16

[block]
# block no. 5 follows, 12 sequences, length 8
# corresponding to MSA columns:
# 704-711
name=unknown_F
#
# <colnr> <probs for GDERKNQSTAVLIFYWHMCP>
#	G	D	E	R	K	N	Q	S	T	A	V	L	I	F	Y	W	H	M	C	P
0	0.03938	0.06945	0.07944	0.07372	0.08465	0.02326	0.02201	0.11693	0.03150	0.30017	0.03209	0.03105	0.02155	0.01226	0.01059	0.00330	0.01129	0.00992	0.01013	0.01733
1	0.02769	0.02403	0.02945	0.12967	0.03864	0.06058	0.06071	0.17289	0.09297	0.04296	0.03896	0.09762	0.07437	0.01683	0.01175	0.00365	0.01186	0.04239	0.00880	0.01417
2	0.02059	0.01938	0.03270	0.59060	0.07510	0.02422	0.03028	0.02786	0.02180	0.02786	0.01938	0.02907	0.01453	0.01090	0.01090	0.00363	0.01453	0.00969	0.00484	0.01211
3	0.01953	0.02054	0.07789	0.17935	0.14692	0.01850	0.02332	0.02575	0.02494	0.03455	0.17152	0.12987	0.04829	0.01726	0.01182	0.00360	0.01051	0.01553	0.00772	0.01259
4	0.02915	0.62337	0.05714	0.01866	0.02799	0.04314	0.01866	0.03265	0.02215	0.02565	0.01516	0.01749	0.01399	0.00933	0.00700	0.00233	0.01166	0.00583	0.00466	0.01399
5	0.01361	0.00963	0.01255	0.01476	0.01531	0.00908	0.00967	0.01527	0.02023	0.02698	0.05680	0.54081	0.06796	0.10871	0.01924	0.00521	0.00687	0.02906	0.00967	0.00857
6	0.02775	0.02364	0.02643	0.09103	0.03453	0.02743	0.01917	0.09938	0.42052	0.04576	0.03956	0.03784	0.02956	0.01415	0.01105	0.00365	0.00968	0.01176	0.01032	0.01677
7	0.10608	0.02348	0.03401	0.13427	0.04023	0.02861	0.08464	0.09249	0.02369	0.03597	0.01891	0.02636	0.01574	0.01848	0.05637	0.00488	0.22702	0.00973	0.00600	0.01304

[dist]
# distance from previous block
# <min> <max>
1	2

[block]
# block no. 6 follows, 12 sequences, length 24
# corresponding to MSA columns:
# 714-737
name=unknown_G
#
# <colnr> <probs for GDERKNQSTAVLIFYWHMCP>
#	G	D	E	R	K	N	Q	S	T	A	V	L	I	F	Y	W	H	M	C	P
0	0.02771	0.09287	0.10001	0.23870	0.04910	0.02691	0.02541	0.11111	0.06668	0.07451	0.02364	0.02755	0.01748	0.01128	0.01021	0.00325	0.01270	0.00913	0.00699	0.06476
1	0.02135	0.01232	0.01576	0.01418	0.01784	0.01117	0.01089	0.02615	0.02979	0.12980	0.38207	0.07231	0.11784	0.02040	0.01210	0.00337	0.00587	0.01769	0.06747	0.01160
2	0.01549	0.01113	0.01448	0.01442	0.01572	0.01178	0.01006	0.01777	0.01834	0.02523	0.07542	0.06207	0.07470	0.29783	0.27488	0.01258	0.01792	0.01483	0.00692	0.00843
3	0.03781	0.02104	0.02497	0.02082	0.02810	0.02168	0.01665	0.05558	0.28493	0.29607	0.04371	0.03893	0.03020	0.01416	0.01103	0.00354	0.00895	0.01166	0.01227	0.01789
4	0.01340	0.01107	0.01175	0.01158	0.01504	0.00942	0.00868	0.01663	0.02605	0.03231	0.19689	0.10024	0.45615	0.02655	0.01288	0.00363	0.00545	0.02235	0.01050	0.00942
5	0.02915	0.62337	0.05714	0.01866	0.02799	0.04314	0.01866	0.03265	0.02215	0.02565	0.01516	0.01749	0.01399	0.00933	0.00700	0.00233	0.01166	0.00583	0.00466	0.01399
6	0.15941	0.43464	0.04586	0.01901	0.02737	0.10631	0.01763	0.03391	0.02256	0.03029	0.01538	0.01781	0.01358	0.00972	0.00731	0.00259	0.01204	0.00599	0.00519	0.01340
7	0.03865	0.09281	0.14000	0.02135	0.03107	0.02055	0.02098	0.04462	0.02847	0.35139	0.07120	0.03520	0.02829	0.01301	0.01054	0.00328	0.01067	0.01042	0.01055	0.01694
8	0.24705	0.09463	0.07213	0.02120	0.02977	0.03067	0.01896	0.23354	0.06982	0.05316	0.02221	0.02329	0.01656	0.01162	0.00911	0.00325	0.01091	0.00816	0.00838	0.01559
9	0.02712	0.02342	0.02465	0.02219	0.02835	0.02712	0.01726	0.05794	0.52909	0.04561	0.04438	0.04068	0.03328	0.01479	0.01109	0.00370	0.00863	0.01233	0.01109	0.01726
10	0.02108	0.01975	0.05785	0.01894	0.02369	0.01919	0.01549	0.03729	0.24547	0.03908	0.16615	0.05343	0.04951	0.09139	0.08730	0.00612	0.01108	0.01421	0.00971	0.01328
11	0.02187	0.05640	0.56031	0.03108	0.04719	0.02532	0.04029	0.03453	0.02302	0.03453	0.01957	0.02302	0.01381	0.01036	0.01036	0.00345	0.01611	0.00806	0.00460	0.01611
12	0.01473	0.01112	0.01361	0.01298	0.01586	0.00999	0.00974	0.01923	0.02922	0.03981	0.42444	0.08789	0.22392	0.02375	0.01287	0.00350	0.00525	0.02062	0.01149	0.00999
13	0.02915	0.62337	0.05714	0.01866	0.02799	0.04314	0.01866	0.03265	0.02215	0.02565	0.01516	0.01749	0.01399	0.00933	0.00700	0.00233	0.01166	0.00583	0.00466	0.01399
14	0.02915	0.62337	0.05714	0.01866	0.02799	0.04314	0.01866	0.03265	0.02215	0.02565	0.01516	0.01749	0.01399	0.00933	0.00700	0.00233	0.01166	0.00583	0.00466	0.01399
15	0.53016	0.02044	0.01838	0.01562	0.02280	0.02232	0.01288	0.03740	0.02177	0.17769	0.02225	0.02264	0.01566	0.01098	0.00782	0.00337	0.00865	0.00719	0.00846	0.01352
16	0.01402	0.01029	0.01315	0.01413	0.01585	0.00942	0.00995	0.01721	0.02502	0.03383	0.24240	0.35360	0.14285	0.02901	0.01340	0.00397	0.00579	0.02588	0.01081	0.00942
17	0.04145	0.03054	0.03272	0.02509	0.03381	0.03381	0.02072	0.51243	0.05127	0.06872	0.02618	0.02618	0.01854	0.01309	0.01091	0.00327	0.01200	0.00982	0.01091	0.01854
18	0.02665	0.01346	0.01735	0.01558	0.02008	0.01185	0.01194	0.03027	0.02759	0.22414	0.16794	0.18645	0.15666	0.02277	0.01241	0.00368	0.00699	0.01967	0.01176	0.01277
19	0.02187	0.05640	0.56031	0.03108	0.04719	0.02532	0.04029	0.03453	0.02302	0.03453	0.01957	0.02302	0.01381	0.01036	0.01036	0.00345	0.01611	0.00806	0.00460	0.01611
20	0.03122	0.02106	0.03221	0.19359	0.10863	0.02160	0.05826	0.07858	0.02731	0.17819	0.02794	0.03348	0.02079	0.05650	0.01418	0.00386	0.01220	0.01052	0.00813	0.06173
21	0.01619	0.01066	0.01388	0.01550	0.01727	0.00981	0.01113	0.01871	0.02256	0.06544	0.06499	0.45231	0.12746	0.03145	0.01371	0.00433	0.00684	0.07773	0.01035	0.00971
22	0.15142	0.08663	0.20941	0.02116	0.03247	0.02271	0.02264	0.03123	0.02193	0.03686	0.01826	0.02135	0.01432	0.00936	0.00851	0.00265	0.01123	0.00685	0.00572	0.26527
23	0.35970	0.12070	0.07451	0.01828	0.02689	0.02775	0.01686	0.10143	0.02471	0.04534	0.01763	0.01992	0.01379	0.01022	0.00786	0.00301	0.01011	0.00671	0.00680	0.08778

[dist]
# distance from previous block
# <min> <max>
0	5

[block]
# block no. 7 follows, 12 sequences, length 57
# corresponding to MSA columns:
# 743-799
name=unknown_H
#
# <colnr> <probs for GDERKNQSTAVLIFYWHMCP>
#	G	D	E	R	K	N	Q	S	T	A	V	L	I	F	Y	W	H	M	C	P
0	0.46344	0.09603	0.07437	0.01750	0.02569	0.02676	0.01620	0.06509	0.02243	0.08194	0.01828	0.02011	0.01377	0.01048	0.00769	0.00325	0.00984	0.00671	0.00704	0.01339
1	0.16028	0.07136	0.07757	0.16230	0.09356	0.02404	0.06087	0.03263	0.02245	0.09563	0.02276	0.03014	0.01818	0.06823	0.01410	0.00405	0.01237	0.00948	0.00649	0.01352
2	0.01807	0.01320	0.01581	0.06319	0.02235	0.01253	0.01194	0.02373	0.06231	0.07711	0.16437	0.11666	0.31083	0.02356	0.01249	0.00366	0.00682	0.02002	0.01035	0.01099
3	0.02197	0.02079	0.03520	0.47735	0.17754	0.02459	0.03097	0.02907	0.02246	0.02954	0.01962	0.02862	0.01513	0.01064	0.01088	0.00355	0.01419	0.00970	0.00496	0.01323
4	0.01452	0.01085	0.01348	0.01336	0.01587	0.00981	0.00982	0.01860	0.02790	0.03796	0.36823	0.17293	0.19577	0.02541	0.01304	0.00365	0.00542	0.02229	0.01128	0.00981
5	0.01862	0.00968	0.01452	0.01452	0.01471	0.00987	0.00987	0.01471	0.01452	0.01955	0.01992	0.03407	0.01973	0.04205	0.09310	0.61952	0.01135	0.00968	0.00484	0.00521
6	0.01432	0.01110	0.01304	0.01256	0.01561	0.00982	0.00942	0.01843	0.02825	0.03752	0.35487	0.09166	0.29492	0.02461	0.01287	0.00354	0.00531	0.02115	0.01119	0.00982
7	0.02385	0.02385	0.03340	0.02863	0.02863	0.03340	0.02385	0.02624	0.01670	0.02624	0.01431	0.02385	0.01431	0.01908	0.03578	0.00477	0.59685	0.00954	0.00477	0.01193
8	0.01488	0.01112	0.01381	0.01314	0.01595	0.01005	0.00985	0.01951	0.02956	0.04064	0.44952	0.08652	0.19833	0.02344	0.01287	0.00348	0.00523	0.02043	0.01160	0.01005
9	0.04892	0.01856	0.02530	0.01940	0.02783	0.01603	0.01603	0.05314	0.03121	0.55634	0.04302	0.03711	0.02699	0.01350	0.01096	0.00337	0.00928	0.01096	0.01350	0.01856
10	0.02915	0.62337	0.05714	0.01866	0.02799	0.04314	0.01866	0.03265	0.02215	0.02565	0.01516	0.01749	0.01399	0.00933	0.00700	0.00233	0.01166	0.00583	0.00466	0.01399
11	0.02445	0.01832	0.02194	0.01619	0.02492	0.01419	0.01293	0.02927	0.02446	0.08977	0.08366	0.03104	0.02750	0.01031	0.00894	0.00201	0.00785	0.00849	0.00783	0.53592
12	0.03408	0.02503	0.02720	0.02275	0.02996	0.02786	0.01817	0.19656	0.32395	0.11302	0.03864	0.03582	0.02803	0.01412	0.01102	0.00353	0.00974	0.01140	0.01132	0.01780
13	0.02059	0.01938	0.03270	0.59060	0.07510	0.02422	0.03028	0.02786	0.02180	0.02786	0.01938	0.02907	0.01453	0.01090	0.01090	0.00363	0.01453	0.00969	0.00484	0.01211
14	0.01894	0.01146	0.01653	0.01597	0.01613	0.01275	0.01125	0.01623	0.01493	0.02055	0.02072	0.03649	0.02106	0.09439	0.08762	0.48290	0.08062	0.01027	0.00501	0.00618
15	0.01407	0.01083	0.01287	0.01291	0.01560	0.00962	0.00947	0.01774	0.02684	0.03547	0.29270	0.17810	0.27174	0.02635	0.01305	0.00369	0.00549	0.02288	0.01095	0.00962
16	0.09753	0.02254	0.02866	0.17697	0.04164	0.06826	0.05835	0.03708	0.06760	0.14080	0.07559	0.03418	0.02698	0.01242	0.01053	0.00331	0.01170	0.01050	0.00823	0.06711
17	0.02102	0.01494	0.01842	0.01606	0.02141	0.01242	0.01214	0.02448	0.02240	0.07646	0.03823	0.21279	0.03997	0.07607	0.01516	0.00374	0.00806	0.05411	0.00847	0.30365
18	0.51986	0.08388	0.06688	0.01730	0.02498	0.07195	0.01562	0.03327	0.02030	0.04365	0.01569	0.01830	0.01237	0.01016	0.00733	0.00323	0.01032	0.00617	0.00628	0.01245
19	0.11602	0.07848	0.03198	0.02298	0.03126	0.03281	0.01914	0.36890	0.09384	0.06040	0.02582	0.02593	0.01887	0.01260	0.01011	0.00325	0.01120	0.00928	0.00991	0.01723
20	0.07187	0.02095	0.02225	0.01822	0.02539	0.05626	0.01431	0.03725	0.10971	0.13281	0.07191	0.07480	0.03149	0.01356	0.00995	0.00283	0.00887	0.01109	0.00918	0.25732
21	0.01342	0.00975	0.01267	0.01471	0.01576	0.00900	0.00998	0.01565	0.02201	0.02923	0.10275	0.52432	0.11522	0.03265	0.01374	0.00428	0.00616	0.02941	0.01027	0.00900
22	0.03025	0.41558	0.16369	0.02150	0.03220	0.03550	0.02306	0.03587	0.02359	0.10028	0.01994	0.02140	0.01573	0.01013	0.00828	0.00272	0.01232	0.00702	0.00586	0.01509
23	0.07199	0.01561	0.02146	0.01856	0.02397	0.01426	0.04869	0.03269	0.02600	0.23066	0.05678	0.18808	0.13063	0.02152	0.01216	0.00381	0.00857	0.05044	0.01084	0.01329
24	0.02526	0.04493	0.39962	0.02717	0.04042	0.02293	0.03254	0.03751	0.06638	0.10585	0.03202	0.03289	0.05928	0.01252	0.01070	0.00348	0.01372	0.00999	0.00679	0.01599
25	0.13642	0.01890	0.02404	0.01871	0.02692	0.01717	0.01545	0.05028	0.02949	0.48750	0.03924	0.03448	0.02493	0.01304	0.01039	0.00337	0.00916	0.01028	0.01258	0.01764
26	0.02081	0.02584	0.12475	0.49298	0.07023	0.02442	0.03203	0.02902	0.02201	0.02902	0.01941	0.02801	0.01441	0.01081	0.01081	0.00360	0.01481	0.00941	0.00480	0.01281
27	0.12848	0.07151	0.13109	0.12510	0.09088	0.02596	0.06369	0.08453	0.02661	0.11759	0.02309	0.02622	0.01668	0.01094	0.01007	0.00336	0.01282	0.00902	0.00711	0.01526
28	0.02059	0.01938	0.03270	0.59060	0.07510	0.02422	0.03028	0.02786	0.02180	0.02786	0.01938	0.02907	0.01453	0.01090	0.01090	0.00363	0.01453	0.00969	0.00484	0.01211
29	0.33916	0.02067	0.01979	0.01730	0.02393	0.02282	0.01389	0.04215	0.17557	0.12899	0.03527	0.03398	0.05839	0.01332	0.00918	0.00349	0.00842	0.00988	0.00940	0.01437
30	0.03114	0.02207	0.03058	0.19910	0.11404	0.02420	0.02342	0.08264	0.15741	0.15342	0.03175	0.03330	0.02282	0.01250	0.01095	0.00351	0.01143	0.01066	0.00895	0.01610
31	0.03224	0.02597	0.02754	0.02322	0.03030	0.02951	0.01850	0.22035	0.35834	0.05387	0.03787	0.03550	0.02802	0.01418	0.01103	0.00355	0.00983	0.01143	0.01103	0.01772
32	0.16396	0.01252	0.01416	0.01576	0.01803	0.01287	0.01166	0.02006	0.02102	0.03323	0.04983	0.40321	0.05736	0.02823	0.01252	0.00429	0.00737	0.09486	0.00937	0.00969
33	0.01558	0.01168	0.01752	0.01752	0.01947	0.01363	0.01363	0.01947	0.01752	0.02531	0.02921	0.04283	0.02726	0.08178	0.57360	0.01752	0.02921	0.01168	0.00584	0.00974
34	0.01895	0.01239	0.01706	0.01744	0.01914	0.01299	0.01279	0.02149	0.02112	0.08969	0.04838	0.39003	0.05358	0.03791	0.10674	0.00647	0.07080	0.02330	0.00928	0.01046
35	0.02261	0.01938	0.02261	0.01615	0.02584	0.01453	0.01292	0.02745	0.02261	0.03553	0.01938	0.02261	0.01615	0.00807	0.00807	0.00161	0.00807	0.00646	0.00646	0.68346
36	0.02398	0.08977	0.02598	0.07733	0.02865	0.02349	0.01618	0.03884	0.26240	0.03358	0.03193	0.03752	0.02641	0.06663	0.02110	0.15468	0.00993	0.01094	0.00793	0.01272
37	0.44124	0.02998	0.15818	0.08672	0.03419	0.02465	0.02132	0.03219	0.02009	0.04273	0.01681	0.02042	0.01265	0.01027	0.00817	0.00342	0.01113	0.00691	0.00597	0.01295
38	0.02811	0.01816	0.02161	0.01833	0.02355	0.01852	0.01449	0.17700	0.03479	0.12368	0.18968	0.10020	0.09137	0.02466	0.06035	0.00469	0.01008	0.01585	0.01105	0.01382
39	0.01434	0.01094	0.01316	0.01295	0.01570	0.00977	0.00958	0.01833	0.02777	0.03718	0.34461	0.14357	0.25183	0.02534	0.01298	0.00362	0.00540	0.02201	0.01116	0.00977
40	0.02427	0.01996	0.02290	0.01685	0.02561	0.01648	0.01331	0.08377	0.02543	0.03824	0.02144	0.02712	0.01841	0.05979	0.01239	0.00256	0.00875	0.00765	0.00700	0.54807
41	0.01757	0.01255	0.01757	0.02008	0.02259	0.01255	0.01757	0.02259	0.02510	0.03263	0.05773	0.12299	0.06275	0.03012	0.01506	0.00502	0.01004	0.47540	0.01004	0.01004
42	0.01600	0.01074	0.01238	0.01260	0.01281	0.01074	0.00755	0.01644	0.01665	0.02213	0.03637	0.07580	0.04163	0.56629	0.05201	0.01009	0.01053	0.05543	0.00690	0.00690
43	0.02261	0.01938	0.02261	0.01615	0.02584	0.01453	0.01292	0.02745	0.02261	0.03553	0.01938	0.02261	0.01615	0.00807	0.00807	0.00161	0.00807	0.00646	0.00646	0.68346
44	0.07971	0.01892	0.02789	0.11009	0.19598	0.01892	0.02122	0.02860	0.02309	0.07493	0.03204	0.18106	0.03160	0.01649	0.01099	0.00344	0.01017	0.01474	0.00745	0.09268
45	0.02543	0.07334	0.07412	0.09002	0.03609	0.02287	0.09430	0.10978	0.02850	0.04094	0.06564	0.03319	0.02548	0.01183	0.01000	0.00300	0.01114	0.01032	0.15185	0.08217
46	0.01344	0.00991	0.01259	0.01436	0.01569	0.00906	0.00984	0.01581	0.02254	0.02972	0.11768	0.47365	0.15199	0.03188	0.01364	0.00420	0.00607	0.02855	0.01031	0.00906
47	0.04759	0.02069	0.02663	0.02041	0.02890	0.01920	0.01686	0.13502	0.03478	0.46941	0.04001	0.03516	0.02548	0.01342	0.01095	0.00336	0.00976	0.01076	0.01303	0.01855
48	0.09700	0.03316	0.21429	0.02735	0.07891	0.02188	0.02577	0.04329	0.06839	0.23672	0.03029	0.02974	0.02060	0.01185	0.01035	0.00342	0.01187	0.00947	0.00883	0.01684
49	0.61445	0.02526	0.08032	0.01632	0.02417	0.02456	0.01517	0.03234	0.01908	0.04722	0.01570	0.01834	0.01205	0.01015	0.00717	0.00338	0.00934	0.00616	0.00649	0.01232
50	0.02469	0.01940	0.02410	0.02185	0.07499	0.01664	0.01535	0.03241	0.08316	0.07726	0.02848	0.08637	0.02487	0.01212	0.00952	0.00244	0.00852	0.01033	0.00784	0.41966
51	0.01576	0.01086	0.01356	0.01476	0.01556	0.01073	0.01026	0.01750	0.01937	0.02561	0.04603	0.19980	0.05268	0.33725	0.03593	0.00779	0.00953	0.14076	0.00827	0.00800
52	0.04145	0.03054	0.03272	0.02509	0.03381	0.03381	0.02072	0.51243	0.05127	0.06872	0.02618	0.02618	0.01854	0.01309	0.01091	0.00327	0.01200	0.00982	0.01091	0.01854
53	0.01328	0.00949	0.01265	0.01518	0.01581	0.00886	0.01012	0.01518	0.02088	0.02783	0.06010	0.60969	0.07212	0.03416	0.01392	0.00443	0.00633	0.03100	0.01012	0.00886
54	0.13237	0.02288	0.02902	0.39039	0.05798	0.07182	0.02515	0.03297	0.07395	0.03300	0.02104	0.02760	0.01597	0.01120	0.01015	0.00353	0.01338	0.00911	0.00586	0.01263
55	0.07088	0.02593	0.10807	0.02605	0.03476	0.02048	0.13384	0.07103	0.02739	0.12327	0.07874	0.10153	0.03244	0.01451	0.01128	0.00340	0.01169	0.01331	0.00845	0.08295
56	0.39649	0.02673	0.02196	0.06367	0.02909	0.13342	0.01587	0.03771	0.02351	0.13128	0.02071	0.02239	0.01512	0.01100	0.00843	0.00328	0.01133	0.00731	0.00755	0.01318

[dist]
# distance from previous block
# <min> <max>
0	9

[block]
# block no. 8 follows, 12 sequences, length 13
# corresponding to MSA columns:
# 809-821
name=unknown_I
#
# <colnr> <probs for GDERKNQSTAVLIFYWHMCP>
#	G	D	E	R	K	N	Q	S	T	A	V	L	I	F	Y	W	H	M	C	P
0	0.02331	0.03943	0.26828	0.02695	0.03752	0.09217	0.07717	0.03193	0.02608	0.03574	0.13912	0.03657	0.03469	0.01288	0.01092	0.00323	0.01360	0.01095	0.00668	0.07278
1	0.02728	0.02189	0.09095	0.01828	0.02669	0.01523	0.01658	0.03306	0.02690	0.16781	0.15791	0.04119	0.04052	0.01333	0.01031	0.00275	0.00868	0.01115	0.00938	0.26011
2	0.11264	0.01878	0.02101	0.05939	0.06546	0.02065	0.01534	0.11118	0.10473	0.04577	0.03047	0.03347	0.02339	0.01240	0.00905	0.00307	0.00845	0.00982	0.28141	0.01351
3	0.02175	0.13386	0.19293	0.01874	0.02678	0.02083	0.02025	0.02895	0.02383	0.03645	0.09267	0.03625	0.03071	0.01261	0.00905	0.00291	0.00974	0.00997	0.25898	0.01274
4	0.04892	0.01856	0.02530	0.01940	0.02783	0.01603	0.01603	0.05314	0.03121	0.55634	0.04302	0.03711	0.02699	0.01350	0.01096	0.00337	0.00928	0.01096	0.01350	0.01856
5	0.01585	0.01135	0.01547	0.01720	0.01919	0.01097	0.01375	0.02001	0.02525	0.03386	0.17200	0.25166	0.07481	0.02944	0.01422	0.00448	0.00784	0.24237	0.01052	0.00976
6	0.03726	0.02846	0.03037	0.02424	0.03222	0.03186	0.01971	0.37969	0.19083	0.06197	0.03149	0.03041	0.02285	0.01359	0.01096	0.00340	0.01101	0.01055	0.01096	0.01817
7	0.01485	0.01112	0.01376	0.01310	0.01593	0.01004	0.00983	0.01944	0.02948	0.04044	0.44360	0.08685	0.20436	0.02351	0.01287	0.00349	0.00523	0.02048	0.01157	0.01004
8	0.23843	0.02293	0.02859	0.11450	0.03690	0.02553	0.08116	0.13461	0.06694	0.04676	0.02346	0.02702	0.01763	0.01138	0.00952	0.00337	0.01114	0.00919	0.07705	0.01391
9	0.03751	0.01603	0.02165	0.01746	0.02390	0.01407	0.01407	0.04204	0.03109	0.38161	0.21345	0.05222	0.05286	0.01649	0.01161	0.00339	0.00787	0.01395	0.01299	0.01574
10	0.02216	0.19870	0.11370	0.07830	0.03137	0.02502	0.01987	0.03021	0.06863	0.03414	0.13992	0.08193	0.04061	0.01509	0.01014	0.00317	0.01011	0.01239	0.05160	0.01296
11	0.01352	0.01033	0.01242	0.01347	0.01552	0.00923	0.00951	0.01629	0.02402	0.03119	0.16233	0.34000	0.24330	0.02978	0.01337	0.00399	0.00584	0.02622	0.01045	0.00923
12	0.08523	0.21350	0.03748	0.02186	0.03006	0.08979	0.01875	0.19990	0.07786	0.09038	0.02407	0.02442	0.01821	0.01170	0.00930	0.00299	0.01189	0.00833	0.00837	0.01592

[dist]
# distance from previous block
# <min> <max>
0	1

[block]
# block no. 9 follows, 12 sequences, length 6
# corresponding to MSA columns:
# 823-828
name=unknown_J
#
# <colnr> <probs for GDERKNQSTAVLIFYWHMCP>
#	G	D	E	R	K	N	Q	S	T	A	V	L	I	F	Y	W	H	M	C	P
0	0.07191	0.02734	0.13874	0.10912	0.07033	0.02093	0.02361	0.07415	0.02680	0.17031	0.03012	0.08949	0.02408	0.01375	0.01065	0.00340	0.01150	0.01146	0.00833	0.06401
1	0.03055	0.37193	0.15128	0.02297	0.03318	0.09420	0.02349	0.09762	0.02710	0.03322	0.01767	0.01997	0.01456	0.01023	0.00848	0.00273	0.01343	0.00693	0.00558	0.01487
2	0.69383	0.02109	0.01603	0.01434	0.02109	0.02446	0.01181	0.03205	0.01856	0.04892	0.01518	0.01771	0.01181	0.01012	0.00675	0.00337	0.00843	0.00590	0.00675	0.01181
3	0.03900	0.08960	0.11271	0.02453	0.03388	0.11391	0.02244	0.21429	0.03640	0.16768	0.02666	0.02645	0.01869	0.01213	0.01031	0.00316	0.01315	0.00901	0.00916	0.01683
4	0.01540	0.01219	0.01406	0.01440	0.01719	0.01167	0.01047	0.02205	0.09140	0.03384	0.16952	0.25811	0.23510	0.02704	0.01298	0.00388	0.00612	0.02359	0.01062	0.01037
5	0.02511	0.07758	0.16902	0.13784	0.04393	0.02551	0.06556	0.12045	0.02925	0.03975	0.07820	0.04051	0.02895	0.01393	0.01122	0.00353	0.01315	0.05501	0.00720	0.01432

[dist]
# distance from previous block
# <min> <max>
0	2

[block]
# block no. 10 follows, 12 sequences, length 26
# corresponding to MSA columns:
# 831-856
name=unknown_K
#
# <colnr> <probs for GDERKNQSTAVLIFYWHMCP>
#	G	D	E	R	K	N	Q	S	T	A	V	L	I	F	Y	W	H	M	C	P
0	0.11848	0.11832	0.19889	0.06482	0.03944	0.02864	0.06009	0.12734	0.02856	0.08545	0.02179	0.02421	0.01584	0.01093	0.00978	0.00327	0.01315	0.00850	0.00695	0.01554
1	0.01706	0.01342	0.01740	0.01603	0.01864	0.01404	0.01196	0.01999	0.01935	0.02743	0.06947	0.05384	0.08269	0.18622	0.23265	0.01027	0.06583	0.01340	0.00684	0.10348
2	0.02731	0.12495	0.10607	0.06139	0.03186	0.08144	0.02085	0.11526	0.02660	0.03389	0.02571	0.03073	0.05337	0.01833	0.01846	0.14457	0.05095	0.00947	0.00631	0.01245
3	0.01458	0.01111	0.01340	0.01283	0.01577	0.00993	0.00962	0.01893	0.02886	0.03896	0.39866	0.08929	0.25024	0.02407	0.01287	0.00351	0.00527	0.02082	0.01138	0.00993
4	0.16452	0.01641	0.01875	0.01690	0.02185	0.01708	0.01348	0.03414	0.09425	0.13789	0.18680	0.05380	0.05010	0.02341	0.06507	0.00492	0.00975	0.04754	0.01033	0.01302
5	0.02725	0.02089	0.02409	0.01800	0.02710	0.01801	0.01445	0.08230	0.08206	0.08402	0.02482	0.02619	0.01920	0.00978	0.00894	0.00216	0.00864	0.00783	0.00802	0.48627
6	0.03878	0.02922	0.03122	0.02455	0.03280	0.03257	0.02008	0.42782	0.14022	0.06442	0.02957	0.02888	0.02129	0.01341	0.01094	0.00335	0.01137	0.01028	0.01094	0.01830
7	0.02236	0.01824	0.02274	0.14703	0.03421	0.02064	0.01740	0.08169	0.17802	0.03645	0.03907	0.17050	0.03732	0.10367	0.01798	0.00478	0.01005	0.01623	0.00881	0.01281
8	0.01443	0.01111	0.01319	0.01267	0.01568	0.00986	0.00950	0.01864	0.02850	0.03812	0.37325	0.09067	0.27616	0.02438	0.01287	0.00353	0.00529	0.02101	0.01127	0.00986
9	0.02558	0.02258	0.03440	0.21240	0.15258	0.02492	0.07175	0.08153	0.11822	0.03862	0.02673	0.03169	0.02046	0.01159	0.01077	0.00342	0.01230	0.01054	0.07512	0.01479
10	0.08210	0.01401	0.01633	0.01431	0.01897	0.01252	0.01094	0.02266	0.02650	0.04008	0.29861	0.10183	0.09908	0.01884	0.01117	0.00307	0.00630	0.01617	0.00986	0.17663
11	0.03129	0.10861	0.02982	0.02141	0.02821	0.06543	0.01740	0.11135	0.26232	0.09397	0.08371	0.03758	0.03332	0.01414	0.01057	0.00333	0.01001	0.01129	0.01011	0.01611
12	0.02567	0.02671	0.03185	0.25983	0.04864	0.12015	0.02540	0.03288	0.07047	0.02885	0.01972	0.02692	0.01618	0.01397	0.01876	0.00387	0.20251	0.00945	0.00555	0.01264
13	0.02803	0.02079	0.03396	0.34524	0.17975	0.02293	0.02809	0.03447	0.02449	0.13965	0.02457	0.03024	0.01779	0.01115	0.01089	0.00348	0.01306	0.00996	0.00678	0.01470
14	0.01963	0.01165	0.01613	0.01737	0.01949	0.01114	0.01351	0.02204	0.02269	0.08665	0.05156	0.28099	0.05615	0.03087	0.01804	0.09939	0.00850	0.19470	0.00971	0.00980
15	0.02852	0.02412	0.02544	0.02247	0.02889	0.02777	0.01760	0.10239	0.48236	0.04787	0.04260	0.03926	0.03184	0.01463	0.01108	0.00366	0.00896	0.01208	0.01108	0.01738
16	0.01760	0.07643	0.08120	0.01913	0.02336	0.01780	0.01706	0.02242	0.01858	0.02636	0.02677	0.03817	0.02448	0.06682	0.45613	0.01449	0.02605	0.01071	0.00559	0.01085
17	0.10099	0.28666	0.14330	0.05784	0.03297	0.03048	0.02188	0.03347	0.02364	0.08377	0.07019	0.02749	0.02364	0.01139	0.00885	0.00296	0.01151	0.00838	0.00647	0.01414
18	0.02380	0.19303	0.26523	0.02965	0.04136	0.02886	0.13701	0.03226	0.02320	0.03167	0.02291	0.07987	0.02012	0.01214	0.01039	0.00331	0.01452	0.01078	0.00536	0.01454
19	0.02237	0.01268	0.01680	0.01489	0.01868	0.01148	0.01148	0.02732	0.03094	0.14995	0.43942	0.07226	0.08715	0.02047	0.01247	0.00342	0.00600	0.01790	0.01231	0.01200
20	0.02736	0.55590	0.05206	0.01782	0.02652	0.03940	0.01751	0.03078	0.02245	0.02607	0.02566	0.02713	0.07243	0.01134	0.00765	0.00248	0.01098	0.00772	0.00527	0.01346
21	0.08229	0.02523	0.11371	0.08383	0.09185	0.01963	0.02262	0.04145	0.02730	0.28613	0.06977	0.03483	0.02712	0.01272	0.01068	0.00340	0.01096	0.01052	0.00969	0.01627
22	0.02393	0.06115	0.09737	0.02006	0.02556	0.01791	0.01845	0.02877	0.02456	0.12691	0.08184	0.15599	0.09253	0.02178	0.01455	0.00395	0.06586	0.09701	0.00920	0.01262
23	0.01347	0.00983	0.01233	0.01424	0.01527	0.00908	0.00950	0.01532	0.02099	0.02743	0.06524	0.48095	0.14061	0.08963	0.01779	0.00491	0.00662	0.02832	0.00978	0.00869
24	0.03827	0.10619	0.03684	0.08288	0.08600	0.02450	0.06773	0.09084	0.02992	0.28028	0.03090	0.03075	0.02115	0.01184	0.01057	0.00326	0.01164	0.01007	0.00960	0.01679
25	0.03215	0.09086	0.19312	0.02482	0.03436	0.02674	0.02513	0.14324	0.03017	0.14742	0.02764	0.06561	0.02157	0.01400	0.01311	0.00349	0.07175	0.01053	0.00824	0.01604

[dist]
# distance from previous block
# <min> <max>
2	32

[block]
# block no. 11 follows, 12 sequences, length 39
# corresponding to MSA columns:
# 889-927
name=unknown_L
#
# <colnr> <probs for GDERKNQSTAVLIFYWHMCP>
#	G	D	E	R	K	N	Q	S	T	A	V	L	I	F	Y	W	H	M	C	P
0	0.03103	0.11321	0.02726	0.07043	0.02871	0.02141	0.01607	0.04007	0.11613	0.19621	0.03751	0.09919	0.03016	0.01505	0.01020	0.00329	0.00907	0.01243	0.10791	0.01468
1	0.02580	0.11465	0.11724	0.02709	0.07885	0.02627	0.02299	0.03115	0.02302	0.08119	0.08333	0.03118	0.02662	0.01400	0.01692	0.00341	0.17004	0.00980	0.00667	0.08978
2	0.02971	0.08850	0.16740	0.06414	0.03632	0.07391	0.02320	0.03631	0.02507	0.13403	0.02338	0.02525	0.01713	0.01034	0.00950	0.00276	0.01230	0.00798	0.00698	0.20578
3	0.08214	0.42901	0.04733	0.01946	0.02842	0.03788	0.01826	0.11331	0.02746	0.08026	0.01938	0.02063	0.01570	0.01037	0.00796	0.00265	0.01127	0.00693	0.00661	0.01497
4	0.01328	0.00949	0.01265	0.01518	0.01581	0.00886	0.01012	0.01518	0.02088	0.02783	0.06010	0.60969	0.07212	0.03416	0.01392	0.00443	0.00633	0.03100	0.01012	0.00886
5	0.02301	0.02091	0.07463	0.10508	0.03373	0.01953	0.06415	0.03058	0.06979	0.07757	0.06119	0.07720	0.03177	0.11051	0.02042	0.00473	0.06642	0.01313	0.08331	0.01234
6	0.02424	0.02341	0.13613	0.02017	0.02648	0.01617	0.01873	0.07305	0.02693	0.12738	0.09035	0.27745	0.04938	0.02227	0.01224	0.00383	0.00939	0.01945	0.00976	0.01318
7	0.01325	0.00963	0.01250	0.01480	0.01571	0.00889	0.00995	0.01523	0.02125	0.02799	0.06480	0.56251	0.11626	0.03355	0.01382	0.00436	0.00625	0.03025	0.01012	0.00889
8	0.01906	0.01726	0.02169	0.17774	0.03512	0.06813	0.01769	0.02391	0.02399	0.03145	0.16847	0.11140	0.04808	0.03369	0.14686	0.00693	0.01506	0.01505	0.00770	0.01073
9	0.02622	0.03530	0.21814	0.11542	0.16751	0.02491	0.13198	0.03522	0.02461	0.08287	0.02247	0.02738	0.01651	0.01033	0.01111	0.00347	0.01500	0.00992	0.00584	0.01579
10	0.03580	0.01536	0.02043	0.01691	0.02283	0.01360	0.01346	0.04011	0.02946	0.34959	0.15382	0.09606	0.04763	0.01712	0.01132	0.00340	0.00772	0.01452	0.07575	0.01511
11	0.04744	0.02093	0.02678	0.02053	0.02902	0.01956	0.01696	0.14428	0.03519	0.45958	0.03967	0.03494	0.02531	0.01341	0.01095	0.00335	0.00982	0.01074	0.01298	0.01855
12	0.03016	0.02582	0.12507	0.12715	0.03856	0.02056	0.02263	0.10501	0.03018	0.17775	0.10971	0.07396	0.03547	0.01501	0.01131	0.00350	0.01111	0.01261	0.00941	0.01503
13	0.03723	0.01831	0.02521	0.12100	0.03481	0.01796	0.01802	0.08533	0.02969	0.32834	0.04008	0.13017	0.03151	0.01644	0.01144	0.00359	0.00998	0.01397	0.01115	0.01579
14	0.02059	0.01938	0.03270	0.59060	0.07510	0.02422	0.03028	0.02786	0.02180	0.02786	0.01938	0.02907	0.01453	0.01090	0.01090	0.00363	0.01453	0.00969	0.00484	0.01211
15	0.02517	0.10781	0.03509	0.33883	0.10185	0.02523	0.02568	0.03115	0.02280	0.08780	0.02247	0.02939	0.01732	0.01756	0.06361	0.00469	0.01476	0.00946	0.00594	0.01337
16	0.03495	0.02987	0.15678	0.07729	0.08592	0.02304	0.02582	0.08132	0.02818	0.24562	0.02912	0.02992	0.01994	0.01266	0.01314	0.00353	0.06758	0.00981	0.00882	0.01667
17	0.01920	0.01487	0.02334	0.15539	0.08136	0.01706	0.01860	0.02132	0.01849	0.02532	0.02484	0.08598	0.02409	0.03665	0.14330	0.20499	0.05801	0.01200	0.00556	0.00962
18	0.02059	0.01938	0.03270	0.59060	0.07510	0.02422	0.03028	0.02786	0.02180	0.02786	0.01938	0.02907	0.01453	0.01090	0.01090	0.00363	0.01453	0.00969	0.00484	0.01211
19	0.02717	0.02930	0.18753	0.02468	0.03347	0.01938	0.06823	0.03684	0.08195	0.15950	0.03839	0.17598	0.03404	0.01747	0.01171	0.00373	0.01139	0.01544	0.00894	0.01488
20	0.03238	0.07023	0.07054	0.13940	0.08662	0.07616	0.02287	0.08392	0.07120	0.14866	0.02799	0.03000	0.02028	0.01190	0.01026	0.00325	0.01222	0.00958	0.05721	0.01535
21	0.07473	0.16571	0.08938	0.16331	0.04369	0.02993	0.07850	0.07176	0.02431	0.03445	0.01953	0.02499	0.01553	0.01130	0.01198	0.00331	0.06775	0.00874	0.04750	0.01361
22	0.69383	0.02109	0.01603	0.01434	0.02109	0.02446	0.01181	0.03205	0.01856	0.04892	0.01518	0.01771	0.01181	0.01012	0.00675	0.00337	0.00843	0.00590	0.00675	0.01181
23	0.04167	0.01851	0.02314	0.01825	0.02546	0.01737	0.01491	0.11458	0.03236	0.37384	0.03894	0.03627	0.02596	0.01327	0.01024	0.00318	0.00877	0.01062	0.15592	0.01675
24	0.01901	0.01284	0.01507	0.01416	0.01796	0.01181	0.01072	0.02499	0.07010	0.09473	0.22742	0.13174	0.26027	0.02388	0.01260	0.00364	0.00617	0.02046	0.01117	0.01125
25	0.02895	0.10083	0.27916	0.02739	0.03868	0.12735	0.02919	0.09348	0.10183	0.03777	0.02305	0.02484	0.01726	0.01138	0.01012	0.00325	0.01478	0.00849	0.00646	0.01573
26	0.01334	0.01106	0.01167	0.01152	0.01501	0.00940	0.00864	0.01653	0.02592	0.03200	0.18753	0.10075	0.46571	0.02667	0.01288	0.00364	0.00546	0.02243	0.01046	0.00940
27	0.02623	0.11829	0.02735	0.06974	0.02877	0.02056	0.01555	0.03332	0.08139	0.12208	0.04278	0.09456	0.10226	0.01557	0.01025	0.00303	0.00900	0.01284	0.00863	0.15780
28	0.01643	0.01246	0.01557	0.01721	0.01912	0.01270	0.01257	0.02398	0.11210	0.03176	0.05692	0.43109	0.06371	0.03007	0.01360	0.00439	0.00733	0.09818	0.01028	0.01054
29	0.02335	0.08770	0.02652	0.01643	0.02608	0.01777	0.01357	0.02804	0.02256	0.03441	0.01890	0.02203	0.01591	0.00822	0.00795	0.00170	0.00848	0.00639	0.00626	0.60774
30	0.02187	0.05640	0.56031	0.03108	0.04719	0.02532	0.04029	0.03453	0.02302	0.03453	0.01957	0.02302	0.01381	0.01036	0.01036	0.00345	0.01611	0.00806	0.00460	0.01611
31	0.03353	0.02019	0.02191	0.01897	0.02461	0.05876	0.01514	0.11366	0.06733	0.20067	0.04002	0.09732	0.03296	0.01671	0.01088	0.00343	0.00939	0.05584	0.14406	0.01463
