[name]
unknown

[dist]
# distance from previous block
# <min> <max>
0	274

[block]
# block no. 0 follows, 11 sequences, length 15
# corresponding to MSA columns:
# 294-308
name=unknown_A
#
# <colnr> <probs for GDERKNQSTAVLIFYWHMCP>
#	G	D	E	R	K	N	Q	S	T	A	V	L	I	F	Y	W	H	M	C	P
0	0.02415	0.02811	0.11680	0.16357	0.28395	0.02417	0.03244	0.03177	0.02472	0.03443	0.02664	0.04282	0.02385	0.01361	0.01177	0.00374	0.01377	0.07827	0.00606	0.01537
1	0.02667	0.02043	0.03197	0.36279	0.10011	0.02231	0.02650	0.03323	0.02440	0.11048	0.02390	0.03010	0.01749	0.01112	0.01081	0.00336	0.01301	0.00970	0.00669	0.11493
2	0.04361	0.02038	0.02589	0.02026	0.02808	0.01921	0.01657	0.13596	0.03620	0.37269	0.11628	0.04322	0.03834	0.01526	0.01161	0.00347	0.00946	0.01249	0.01317	0.01782
3	0.12950	0.03502	0.10809	0.02437	0.03324	0.12266	0.02190	0.13408	0.10663	0.13294	0.02850	0.02831	0.02040	0.01263	0.01040	0.00342	0.01293	0.00936	0.00915	0.01646
4	0.02525	0.02153	0.03650	0.35490	0.06208	0.02319	0.09897	0.03237	0.02421	0.08119	0.02282	0.02985	0.01684	0.01079	0.01113	0.00341	0.01407	0.01013	0.00623	0.11452
5	0.01741	0.01456	0.02192	0.10426	0.02939	0.01445	0.06000	0.02224	0.02646	0.03562	0.25376	0.07298	0.14576	0.10963	0.01969	0.00477	0.00907	0.01803	0.00940	0.01059
6	0.07500	0.02134	0.02799	0.24640	0.04796	0.02398	0.02222	0.04117	0.17512	0.08706	0.03004	0.03290	0.02222	0.01236	0.01067	0.00349	0.01137	0.01031	0.00820	0.09020
7	0.02019	0.01791	0.02420	0.10591	0.03200	0.01932	0.01775	0.02455	0.02126	0.03038	0.03550	0.04203	0.09685	0.03021	0.13196	0.00643	0.12599	0.01156	0.00651	0.19949
8	0.03092	0.03059	0.02573	0.02233	0.02835	0.17546	0.01689	0.08668	0.17914	0.03832	0.03032	0.03642	0.02553	0.10464	0.01772	0.00429	0.01272	0.01055	0.00837	0.11501
9	0.02787	0.02770	0.11101	0.11955	0.17515	0.02377	0.02713	0.08076	0.06494	0.09014	0.10438	0.03828	0.03292	0.01344	0.01147	0.00352	0.01207	0.01170	0.00822	0.01597
10	0.49694	0.02318	0.02485	0.03027	0.16784	0.02567	0.01856	0.03350	0.02100	0.04659	0.01724	0.02101	0.01380	0.01033	0.00816	0.00344	0.01004	0.00722	0.00657	0.01380
11	0.01361	0.01020	0.01264	0.01460	0.01604	0.00923	0.00997	0.01579	0.02258	0.02915	0.07505	0.47473	0.18841	0.03357	0.01410	0.00438	0.00632	0.02993	0.01045	0.00923
12	0.02657	0.02543	0.04335	0.16841	0.44499	0.02640	0.03390	0.03341	0.02502	0.03521	0.02094	0.02828	0.01728	0.01027	0.01116	0.00342	0.01369	0.01002	0.00546	0.01679
13	0.03550	0.08559	0.07383	0.02625	0.03272	0.39337	0.02147	0.03967	0.03060	0.03091	0.09790	0.03047	0.02890	0.01318	0.01049	0.00302	0.01707	0.00932	0.00668	0.01306
14	0.03119	0.04032	0.30559	0.02599	0.03916	0.02147	0.02952	0.04034	0.02627	0.18994	0.02754	0.02812	0.01878	0.01131	0.01051	0.00324	0.01318	0.00897	0.00785	0.12072

[dist]
# distance from previous block
# <min> <max>
0	1

[block]
# block no. 1 follows, 11 sequences, length 6
# corresponding to MSA columns:
# 310-315
name=unknown_B
#
# <colnr> <probs for GDERKNQSTAVLIFYWHMCP>
#	G	D	E	R	K	N	Q	S	T	A	V	L	I	F	Y	W	H	M	C	P
0	0.03236	0.03208	0.17005	0.02910	0.03943	0.02292	0.12276	0.09714	0.03006	0.17587	0.03363	0.10479	0.02704	0.01490	0.01196	0.00370	0.01335	0.01351	0.00900	0.01635
1	0.02591	0.02539	0.04512	0.20338	0.35040	0.02649	0.09222	0.03318	0.02491	0.03452	0.02106	0.02876	0.01697	0.01029	0.01145	0.00351	0.01453	0.01044	0.00543	0.01605
2	0.03467	0.04130	0.32093	0.02686	0.04006	0.02198	0.03074	0.04396	0.02742	0.25494	0.03068	0.03006	0.02015	0.01210	0.01096	0.00353	0.01358	0.00962	0.00873	0.01773
3	0.02264	0.02142	0.03626	0.47096	0.17315	0.02537	0.03195	0.02997	0.02316	0.03044	0.02025	0.02956	0.01560	0.01100	0.01123	0.00367	0.01466	0.01001	0.00512	0.01362
4	0.04215	0.05051	0.03216	0.02856	0.03481	0.48494	0.02170	0.10897	0.03488	0.03370	0.01876	0.02125	0.01516	0.01187	0.01031	0.00297	0.01918	0.00766	0.00657	0.01391
5	0.02227	0.02076	0.03479	0.36791	0.20084	0.02368	0.02981	0.02891	0.02329	0.03104	0.02516	0.09443	0.02263	0.01366	0.01158	0.00373	0.01357	0.01253	0.00579	0.01364

[dist]
# distance from previous block
# <min> <max>
0	11

[block]
# block no. 2 follows, 11 sequences, length 61
# corresponding to MSA columns:
# 327-378,415-423
name=unknown_C
#
# <colnr> <probs for GDERKNQSTAVLIFYWHMCP>
#	G	D	E	R	K	N	Q	S	T	A	V	L	I	F	Y	W	H	M	C	P
0	0.11418	0.02439	0.02689	0.02192	0.02978	0.02612	0.01776	0.17389	0.18751	0.20224	0.03682	0.03410	0.02573	0.01384	0.01084	0.00356	0.01003	0.01084	0.01163	0.01793
1	0.04594	0.01978	0.02603	0.02074	0.02878	0.01811	0.01725	0.09897	0.03373	0.43267	0.04427	0.04728	0.03116	0.01586	0.01180	0.00367	0.00997	0.06261	0.01323	0.01814
2	0.02381	0.02261	0.03837	0.38091	0.25406	0.02568	0.03253	0.03099	0.02371	0.03185	0.02046	0.02918	0.01610	0.01078	0.01121	0.00359	0.01437	0.01001	0.00522	0.01456
3	0.03039	0.02525	0.04633	0.14384	0.05252	0.02538	0.24201	0.04160	0.09497	0.13501	0.02967	0.03347	0.02119	0.01151	0.01224	0.00373	0.01494	0.01217	0.00797	0.01579
4	0.01515	0.01104	0.01457	0.01687	0.01854	0.01046	0.01280	0.01829	0.02348	0.03058	0.06720	0.38360	0.12356	0.03309	0.01464	0.00469	0.00772	0.17374	0.01042	0.00959
5	0.02818	0.47034	0.18308	0.02252	0.03394	0.03985	0.02495	0.03420	0.02310	0.02881	0.01681	0.01951	0.01440	0.00990	0.00811	0.00270	0.01321	0.00660	0.00480	0.01500
6	0.09247	0.02474	0.07586	0.02121	0.02904	0.02270	0.01849	0.05071	0.23641	0.19267	0.03936	0.03694	0.02796	0.01380	0.01063	0.00356	0.00956	0.01108	0.06584	0.01698
7	0.01481	0.01041	0.01347	0.01550	0.01623	0.00998	0.01052	0.01671	0.02089	0.02776	0.05582	0.42618	0.06585	0.16185	0.02408	0.00606	0.00795	0.07755	0.00963	0.00876
8	0.02290	0.01958	0.02740	0.02464	0.02993	0.02070	0.08367	0.03899	0.21523	0.04034	0.09616	0.07631	0.05051	0.02115	0.01342	0.00430	0.01050	0.17998	0.01034	0.01394
9	0.02657	0.02423	0.03635	0.05001	0.33709	0.02526	0.02681	0.03931	0.15715	0.03785	0.02951	0.03696	0.02497	0.07981	0.01653	0.00434	0.01188	0.01149	0.00731	0.01656
10	0.15170	0.03868	0.28971	0.02475	0.03633	0.02231	0.02791	0.03666	0.02426	0.13401	0.02847	0.08745	0.02296	0.01392	0.01051	0.00364	0.01270	0.01103	0.00753	0.01547
11	0.01452	0.01064	0.01410	0.01589	0.01734	0.01021	0.01141	0.01736	0.02273	0.03028	0.09770	0.40227	0.11624	0.03894	0.07702	0.00603	0.00943	0.06830	0.01008	0.00951
12	0.11991	0.01878	0.01875	0.01623	0.02146	0.02049	0.01289	0.15154	0.07684	0.05110	0.03214	0.03481	0.02454	0.01305	0.00895	0.00305	0.00791	0.01000	0.34390	0.01365
13	0.02660	0.01944	0.02715	0.03178	0.16167	0.01957	0.01949	0.03786	0.13403	0.11273	0.21905	0.05335	0.05578	0.01655	0.01203	0.00354	0.00887	0.01464	0.01055	0.01532
14	0.02334	0.02001	0.02334	0.01667	0.02667	0.01500	0.01334	0.02834	0.02334	0.03668	0.02001	0.02334	0.01667	0.00834	0.00834	0.00167	0.00834	0.00667	0.00667	0.67325
15	0.01371	0.00979	0.01306	0.01567	0.01632	0.00914	0.01045	0.01567	0.02155	0.02873	0.06203	0.59710	0.07444	0.03526	0.01437	0.00457	0.00653	0.03200	0.01045	0.00914
16	0.37541	0.02480	0.02618	0.02793	0.12167	0.02764	0.01870	0.12469	0.07357	0.05150	0.02173	0.02400	0.01668	0.01141	0.00900	0.00347	0.01031	0.00824	0.00795	0.01512
17	0.02789	0.08994	0.11579	0.11407	0.08579	0.02441	0.02432	0.03880	0.11104	0.11620	0.03402	0.11019	0.02887	0.01536	0.01120	0.00362	0.01166	0.01306	0.00833	0.01543
18	0.01909	0.01374	0.01881	0.01806	0.02080	0.01568	0.01414	0.06573	0.02193	0.03195	0.03051	0.04237	0.02736	0.07056	0.45263	0.01515	0.02597	0.01172	0.07286	0.01095
19	0.01489	0.01133	0.01370	0.01339	0.01625	0.01013	0.00994	0.01913	0.02899	0.03899	0.35507	0.13476	0.24083	0.02581	0.01337	0.00371	0.00554	0.02243	0.01160	0.01013
20	0.03809	0.02468	0.03698	0.04540	0.28262	0.02421	0.02623	0.10644	0.03181	0.22329	0.03035	0.03150	0.02162	0.01192	0.01122	0.00340	0.01187	0.01051	0.00937	0.01849
21	0.48709	0.02386	0.02129	0.01778	0.02536	0.02687	0.01467	0.14327	0.02802	0.09152	0.02045	0.02181	0.01497	0.01142	0.00829	0.00346	0.00963	0.00743	0.00848	0.01433
22	0.01637	0.01091	0.01228	0.01228	0.01228	0.01091	0.00682	0.01637	0.01637	0.02182	0.03546	0.07365	0.04092	0.60445	0.05729	0.01091	0.01091	0.01637	0.00682	0.00682
23	0.02334	0.02001	0.02334	0.01667	0.02667	0.01500	0.01334	0.02834	0.02334	0.03668	0.02001	0.02334	0.01667	0.00834	0.00834	0.00167	0.00834	0.00667	0.00667	0.67325
24	0.03338	0.02395	0.03619	0.09797	0.20003	0.02336	0.05318	0.09095	0.02967	0.15831	0.02708	0.02989	0.01980	0.01118	0.01090	0.00319	0.01210	0.01001	0.00830	0.12055
25	0.02635	0.01964	0.02357	0.01840	0.02563	0.01804	0.01479	0.07941	0.02825	0.09081	0.10220	0.04148	0.07648	0.01439	0.01279	0.00280	0.06259	0.01126	0.00887	0.32227
26	0.08377	0.09758	0.34649	0.02743	0.04095	0.02738	0.03217	0.08114	0.02708	0.10101	0.02300	0.02487	0.01622	0.01124	0.01020	0.00343	0.01430	0.00846	0.00667	0.01661
27	0.02566	0.02032	0.03276	0.44776	0.06617	0.02472	0.02857	0.03225	0.02336	0.10033	0.02292	0.03066	0.01678	0.01242	0.01369	0.00382	0.06797	0.01017	0.00624	0.01341
28	0.01402	0.00992	0.01297	0.01528	0.01586	0.00935	0.01003	0.01575	0.02095	0.02794	0.05898	0.53691	0.07059	0.10071	0.01930	0.00530	0.00703	0.03020	0.01003	0.00887
29	0.02510	0.02456	0.03321	0.02862	0.02951	0.03357	0.02367	0.03166	0.08665	0.02988	0.01911	0.02705	0.01751	0.01908	0.03338	0.00477	0.50349	0.01025	0.00584	0.01308
30	0.02606	0.02162	0.02480	0.01796	0.02782	0.01778	0.01446	0.09380	0.02747	0.04146	0.02099	0.02385	0.01702	0.00906	0.00874	0.00191	0.00890	0.00715	0.00731	0.58184
31	0.01637	0.01091	0.01228	0.01228	0.01228	0.01091	0.00682	0.01637	0.01637	0.02182	0.03546	0.07365	0.04092	0.60445	0.05729	0.01091	0.01091	0.01637	0.00682	0.00682
32	0.02363	0.13550	0.47805	0.03029	0.04594	0.02871	0.03846	0.03537	0.02364	0.03436	0.01956	0.02297	0.01428	0.01054	0.01021	0.00340	0.01599	0.00800	0.00476	0.01633
33	0.08176	0.02162	0.03541	0.35682	0.10531	0.02433	0.07155	0.03397	0.02425	0.10371	0.02342	0.03003	0.01702	0.01128	0.01109	0.00366	0.01395	0.01017	0.00653	0.01414
34	0.04829	0.08313	0.02967	0.01994	0.02875	0.01957	0.01684	0.05257	0.03120	0.48632	0.04130	0.03612	0.02641	0.01347	0.01088	0.00337	0.00984	0.01075	0.01295	0.01865
35	0.01371	0.00979	0.01306	0.01567	0.01632	0.00914	0.01045	0.01567	0.02155	0.02873	0.06203	0.59710	0.07444	0.03526	0.01437	0.00457	0.00653	0.03200	0.01045	0.00914
36	0.01371	0.00979	0.01306	0.01567	0.01632	0.00914	0.01045	0.01567	0.02155	0.02873	0.06203	0.59710	0.07444	0.03526	0.01437	0.00457	0.00653	0.03200	0.01045	0.00914
37	0.02877	0.18487	0.34740	0.02711	0.04081	0.02905	0.03229	0.03820	0.02488	0.11305	0.02291	0.02468	0.01644	0.01095	0.00996	0.00327	0.01442	0.00824	0.00621	0.01650
38	0.01371	0.00979	0.01306	0.01567	0.01632	0.00914	0.01045	0.01567	0.02155	0.02873	0.06203	0.59710	0.07444	0.03526	0.01437	0.00457	0.00653	0.03200	0.01045	0.00914
39	0.02800	0.02418	0.02545	0.02291	0.02927	0.02800	0.01782	0.05981	0.51390	0.04708	0.04581	0.04199	0.03436	0.01527	0.01145	0.00382	0.00891	0.01273	0.01145	0.01782
40	0.01530	0.01111	0.01401	0.01396	0.01607	0.01026	0.00997	0.01915	0.02762	0.03804	0.34550	0.18217	0.13566	0.08870	0.01824	0.00456	0.00618	0.02246	0.01123	0.00982
41	0.43322	0.07749	0.02900	0.02082	0.02889	0.02915	0.06655	0.12093	0.02666	0.05064	0.01858	0.02122	0.01423	0.01085	0.00848	0.00340	0.01081	0.00763	0.00744	0.01403
42	0.02503	0.13695	0.11474	0.02831	0.09991	0.02502	0.02271	0.03037	0.02317	0.06260	0.02848	0.13586	0.02776	0.01600	0.01333	0.00337	0.07295	0.01283	0.00685	0.11376
43	0.32714	0.03007	0.12278	0.02445	0.06726	0.02611	0.02126	0.08214	0.08155	0.08443	0.02359	0.02506	0.01736	0.01156	0.00922	0.00352	0.01099	0.00834	0.00788	0.01527
44	0.03054	0.02876	0.03365	0.03441	0.12737	0.11960	0.07222	0.04503	0.19843	0.07511	0.03514	0.08965	0.02938	0.01491	0.01164	0.00361	0.01267	0.01313	0.00880	0.01591
45	0.01608	0.01206	0.01809	0.01809	0.02010	0.01407	0.01407	0.02010	0.01809	0.02613	0.03015	0.04422	0.02814	0.08441	0.55984	0.01809	0.03015	0.01206	0.00603	0.01005
46	0.02522	0.03842	0.26999	0.13730	0.09163	0.02422	0.08333	0.03496	0.02534	0.08067	0.06015	0.03175	0.02300	0.01181	0.01136	0.00360	0.01484	0.01047	0.00636	0.01558
47	0.03284	0.02872	0.03821	0.10347	0.13682	0.07793	0.09001	0.12550	0.12360	0.08516	0.02855	0.03114	0.02126	0.01220	0.01146	0.00352	0.01367	0.01085	0.00838	0.01671
48	0.03151	0.02095	0.02519	0.07677	0.03246	0.02270	0.01797	0.05075	0.28471	0.16956	0.10158	0.04498	0.03952	0.01547	0.01162	0.00369	0.00925	0.01303	0.01154	0.01674
49	0.01514	0.01208	0.01818	0.01811	0.02029	0.01117	0.05591	0.01828	0.02358	0.03146	0.11661	0.44067	0.11357	0.03081	0.01404	0.00431	0.00749	0.02815	0.01022	0.00991
50	0.03682	0.10936	0.09836	0.08637	0.04161	0.02600	0.09678	0.08360	0.02986	0.23443	0.03000	0.03065	0.02055	0.01193	0.01097	0.00341	0.01305	0.01029	0.00910	0.01686
51	0.02746	0.02440	0.08187	0.36599	0.06371	0.02388	0.07934	0.03509	0.02489	0.12700	0.02492	0.03105	0.01759	0.01152	0.01143	0.00369	0.01456	0.01045	0.00674	0.01442
52	0.01542	0.01132	0.01445	0.01401	0.01659	0.01035	0.01038	0.02013	0.03015	0.04190	0.43673	0.13819	0.14877	0.02483	0.01339	0.00367	0.00547	0.02189	0.01199	0.01035
53	0.03311	0.34201	0.10737	0.02234	0.03195	0.09234	0.02172	0.04073	0.07455	0.10183	0.02344	0.02423	0.01830	0.01114	0.00896	0.00289	0.01283	0.00784	0.00685	0.01556
54	0.03422	0.02222	0.03119	0.07307	0.07172	0.02252	0.06189	0.16002	0.03478	0.17740	0.09159	0.09874	0.03678	0.01626	0.01201	0.00362	0.01109	0.01425	0.01056	0.01608
55	0.01816	0.01147	0.01547	0.01681	0.01883	0.01073	0.01247	0.02141	0.02477	0.07807	0.12515	0.38651	0.07287	0.03085	0.01416	0.00444	0.00736	0.10897	0.01102	0.01048
56	0.02218	0.02095	0.03543	0.50635	0.14135	0.02525	0.03172	0.02957	0.02294	0.02988	0.02017	0.02971	0.01540	0.01108	0.01124	0.00369	0.01478	0.01001	0.00508	0.01325
57	0.02589	0.02523	0.04444	0.20867	0.35915	0.02643	0.07968	0.03308	0.02485	0.03446	0.02101	0.02871	0.01697	0.01032	0.01139	0.00350	0.01439	0.01035	0.00542	0.01608
58	0.23217	0.02566	0.02630	0.02126	0.02925	0.02819	0.01740	0.22862	0.10407	0.13560	0.02901	0.02830	0.02058	0.01291	0.01002	0.00349	0.01037	0.00948	0.01043	0.01690
59	0.02052	0.01351	0.01730	0.01737	0.02043	0.01324	0.01326	0.02788	0.08630	0.08817	0.19635	0.24425	0.07274	0.02637	0.01357	0.00416	0.00739	0.09385	0.01148	0.01184
60	0.02150	0.01839	0.02982	0.02476	0.02972	0.01793	0.13354	0.08927	0.02949	0.04011	0.15080	0.26089	0.05933	0.02302	0.01342	0.00398	0.01021	0.02165	0.00980	0.01239

[dist]
# distance from previous block
# <min> <max>
0	1

[block]
# block no. 3 follows, 11 sequences, length 120
# corresponding to MSA columns:
# 425-544
name=unknown_D
#
# <colnr> <probs for GDERKNQSTAVLIFYWHMCP>
#	G	D	E	R	K	N	Q	S	T	A	V	L	I	F	Y	W	H	M	C	P
0	0.01696	0.01316	0.01579	0.01571	0.01908	0.01268	0.01240	0.02442	0.08112	0.03874	0.25934	0.09545	0.20991	0.02544	0.01356	0.00399	0.00688	0.11303	0.01131	0.01103
1	0.62300	0.02152	0.01746	0.01530	0.02244	0.02441	0.01261	0.03518	0.02041	0.09779	0.01844	0.02021	0.01370	0.01078	0.00738	0.00348	0.00879	0.00660	0.00764	0.01286
2	0.02786	0.02674	0.04568	0.06908	0.53424	0.02674	0.03454	0.03454	0.02563	0.03677	0.02117	0.02786	0.01783	0.01003	0.01114	0.00334	0.01337	0.01003	0.00557	0.01783
3	0.20409	0.03173	0.13950	0.02545	0.03574	0.02570	0.07549	0.12820	0.03041	0.16014	0.02607	0.02699	0.01804	0.01176	0.01027	0.00351	0.01245	0.00933	0.00875	0.01637
4	0.02249	0.01827	0.07862	0.01977	0.02445	0.01538	0.01725	0.02739	0.02149	0.11600	0.03454	0.09409	0.03098	0.05926	0.35119	0.01264	0.02282	0.01343	0.00767	0.01227
5	0.04896	0.02162	0.02765	0.02120	0.02996	0.02021	0.01751	0.14306	0.03635	0.44798	0.04093	0.03606	0.02612	0.01385	0.01131	0.00346	0.01014	0.01108	0.01340	0.01915
6	0.04138	0.02632	0.02965	0.02354	0.03183	0.02813	0.01918	0.26877	0.15779	0.19644	0.03637	0.03376	0.02522	0.01405	0.01132	0.00351	0.01077	0.01109	0.01205	0.01883
7	0.02288	0.02251	0.04064	0.43163	0.12385	0.02579	0.11064	0.03063	0.02354	0.03087	0.02060	0.02983	0.01566	0.01082	0.01159	0.00371	0.01551	0.01057	0.00518	0.01354
8	0.10554	0.01810	0.02330	0.01852	0.02602	0.01637	0.01511	0.04701	0.03090	0.40975	0.12440	0.04421	0.03975	0.01515	0.01123	0.00349	0.00876	0.01236	0.01300	0.01702
9	0.14992	0.02694	0.02912	0.02728	0.08780	0.07075	0.01965	0.15990	0.07606	0.19607	0.03035	0.02968	0.02130	0.01271	0.01046	0.00342	0.01142	0.00977	0.01022	0.01719
10	0.03160	0.03318	0.03787	0.17593	0.23920	0.17822	0.02897	0.07648	0.02904	0.03521	0.02033	0.02615	0.01632	0.01107	0.01090	0.00332	0.01564	0.00924	0.00600	0.01531
11	0.12139	0.01989	0.02496	0.01967	0.02798	0.01853	0.01615	0.05278	0.07232	0.44277	0.04122	0.03632	0.02662	0.01365	0.01083	0.00351	0.00942	0.01084	0.01292	0.01824
12	0.10016	0.02157	0.03312	0.03265	0.13115	0.02107	0.10404	0.03458	0.06914	0.08209	0.15266	0.04308	0.04149	0.01387	0.01139	0.00340	0.01069	0.01282	0.00875	0.07226
13	0.09428	0.03769	0.02908	0.02517	0.03202	0.25900	0.01959	0.13063	0.13649	0.08599	0.02735	0.02750	0.02050	0.01283	0.01046	0.00328	0.01454	0.00919	0.00879	0.01562
14	0.02412	0.02638	0.09451	0.09461	0.29321	0.02251	0.02920	0.03088	0.02455	0.03497	0.02761	0.08462	0.02590	0.01398	0.01143	0.00348	0.01247	0.04931	0.00638	0.08986
15	0.03420	0.02462	0.04021	0.05534	0.39265	0.02389	0.02950	0.04023	0.02747	0.17829	0.02768	0.03078	0.02064	0.01112	0.01119	0.00338	0.01231	0.01039	0.00791	0.01820
16	0.03148	0.12679	0.33044	0.02686	0.04027	0.02610	0.03136	0.04074	0.02600	0.17616	0.02632	0.02702	0.01809	0.01145	0.01037	0.00338	0.01400	0.00883	0.00733	0.01703
17	0.04791	0.01973	0.02604	0.02036	0.02879	0.01786	0.01669	0.05542	0.08760	0.48512	0.04457	0.03873	0.02861	0.01408	0.01133	0.00352	0.00950	0.01148	0.01365	0.01900
18	0.02099	0.03138	0.20452	0.02817	0.08928	0.02047	0.02512	0.03284	0.10852	0.03661	0.08021	0.14373	0.09385	0.01871	0.01202	0.00379	0.01106	0.01613	0.00822	0.01439
19	0.03728	0.09302	0.12188	0.02455	0.03424	0.02193	0.07226	0.04337	0.02807	0.29294	0.03637	0.08644	0.02733	0.01446	0.01126	0.00351	0.01179	0.01241	0.01010	0.01680
20	0.02157	0.01255	0.01611	0.01578	0.01920	0.01128	0.01195	0.02515	0.02697	0.13188	0.16717	0.24387	0.16129	0.02687	0.01344	0.00404	0.00703	0.06076	0.01152	0.01156
21	0.08009	0.02169	0.03449	0.29968	0.05615	0.02413	0.09195	0.07276	0.02645	0.09092	0.02685	0.07754	0.02184	0.01344	0.01147	0.00374	0.01353	0.01217	0.00723	0.01388
22	0.02323	0.04607	0.38736	0.02811	0.04098	0.02391	0.03337	0.08223	0.02733	0.03946	0.06680	0.09375	0.02903	0.01477	0.01138	0.00366	0.01412	0.01216	0.00672	0.01557
23	0.02447	0.04631	0.35558	0.03885	0.13053	0.02668	0.08117	0.03822	0.07971	0.03717	0.02350	0.02716	0.01741	0.01098	0.01111	0.00358	0.01543	0.00959	0.00574	0.01683
24	0.68395	0.02177	0.01654	0.01480	0.02177	0.02525	0.01219	0.03309	0.01915	0.05050	0.01567	0.01828	0.01219	0.01045	0.00697	0.00348	0.00871	0.00609	0.00697	0.01219
25	0.01575	0.01083	0.01323	0.01409	0.01472	0.01057	0.00911	0.01719	0.01995	0.02676	0.08786	0.22291	0.05785	0.34871	0.03811	0.00804	0.00917	0.05844	0.00860	0.00809
26	0.03326	0.03873	0.25005	0.03376	0.09853	0.02484	0.07128	0.09275	0.02977	0.17493	0.02777	0.02906	0.01910	0.01169	0.01120	0.00352	0.01410	0.00995	0.00811	0.01760
27	0.03194	0.09469	0.18008	0.10631	0.04271	0.13147	0.02793	0.03866	0.02583	0.11817	0.02275	0.02602	0.01682	0.01238	0.01329	0.00348	0.07698	0.00881	0.00659	0.01509
28	0.01523	0.01105	0.01465	0.01676	0.01844	0.01047	0.01268	0.01853	0.02408	0.03173	0.10341	0.36872	0.11238	0.03241	0.01455	0.00461	0.00755	0.16248	0.01058	0.00967
29	0.02514	0.04284	0.32327	0.03310	0.04623	0.02428	0.15218	0.03574	0.02604	0.07778	0.07792	0.03318	0.02605	0.01198	0.01169	0.00361	0.01544	0.01114	0.00657	0.01581
30	0.04213	0.02416	0.02943	0.08892	0.08359	0.07834	0.02061	0.04931	0.07253	0.33641	0.03661	0.03473	0.02456	0.01312	0.01118	0.00347	0.01166	0.01073	0.01102	0.01750
31	0.01732	0.01393	0.01999	0.08187	0.02606	0.01573	0.01548	0.02186	0.02433	0.03435	0.22816	0.11613	0.06108	0.03902	0.16190	0.00772	0.07853	0.01702	0.00879	0.01071
32	0.01601	0.01122	0.01445	0.01470	0.01549	0.01188	0.00978	0.01765	0.01749	0.02404	0.03610	0.11341	0.03954	0.36224	0.23430	0.01289	0.01742	0.01632	0.00688	0.00821
33	0.03221	0.02620	0.03435	0.08445	0.18088	0.02829	0.02451	0.22937	0.08023	0.05233	0.08400	0.03539	0.02974	0.01355	0.01147	0.00346	0.01178	0.01149	0.00922	0.01709
34	0.03247	0.02625	0.03564	0.22565	0.18935	0.07652	0.02767	0.08718	0.02926	0.12357	0.02503	0.02957	0.01841	0.01164	0.01113	0.00347	0.01384	0.00998	0.00745	0.01592
35	0.43725	0.02450	0.02088	0.01807	0.02491	0.06976	0.01464	0.08837	0.02528	0.09610	0.02114	0.02363	0.01607	0.01762	0.05590	0.00468	0.01205	0.00767	0.00795	0.01355
36	0.04577	0.02362	0.03272	0.02468	0.03378	0.02263	0.07261	0.16612	0.03688	0.36291	0.03745	0.03450	0.02438	0.01331	0.01153	0.00349	0.01138	0.01124	0.01230	0.01869
37	0.08928	0.02052	0.02967	0.21686	0.09850	0.02398	0.02378	0.03388	0.06219	0.09165	0.02548	0.03201	0.01995	0.02315	0.09263	0.00585	0.07952	0.01028	0.00694	0.01387
38	0.03170	0.01921	0.02679	0.02604	0.08307	0.02103	0.01872	0.03605	0.02575	0.19807	0.08677	0.03907	0.03206	0.01598	0.01810	0.00373	0.16964	0.01164	0.12195	0.01464
39	0.01568	0.01143	0.01432	0.01363	0.01611	0.01053	0.00995	0.02011	0.02938	0.04079	0.42485	0.08561	0.14652	0.09048	0.01834	0.00442	0.00600	0.02028	0.01153	0.01006
40	0.02859	0.50103	0.15604	0.02181	0.03284	0.04087	0.02371	0.03409	0.02305	0.02831	0.01655	0.01919	0.01441	0.00984	0.00791	0.00264	0.01295	0.00648	0.00480	0.01488
41	0.08132	0.18464	0.16937	0.02826	0.09111	0.03067	0.02540	0.11591	0.02884	0.04041	0.03017	0.03207	0.07133	0.01276	0.00993	0.00323	0.01248	0.00974	0.00683	0.01552
42	0.01371	0.00979	0.01306	0.01567	0.01632	0.00914	0.01045	0.01567	0.02155	0.02873	0.06203	0.59710	0.07444	0.03526	0.01437	0.00457	0.00653	0.03200	0.01045	0.00914
43	0.02738	0.02742	0.03969	0.11455	0.37846	0.08500	0.03042	0.03327	0.02560	0.03409	0.02455	0.08201	0.02259	0.01277	0.01135	0.00346	0.01367	0.01183	0.00600	0.01588
44	0.02926	0.29113	0.24931	0.02552	0.03784	0.03554	0.02854	0.11366	0.02837	0.03774	0.01941	0.02187	0.01517	0.01072	0.00930	0.00304	0.01393	0.00764	0.00589	0.01612
45	0.01537	0.01190	0.01428	0.01487	0.01804	0.01081	0.01194	0.01949	0.02715	0.03476	0.19193	0.10846	0.29158	0.02804	0.01398	0.00416	0.00703	0.15531	0.01087	0.01002
46	0.11920	0.01944	0.02508	0.01946	0.02798	0.01749	0.01607	0.05249	0.03080	0.48872	0.04129	0.03614	0.02616	0.01355	0.01085	0.00348	0.00948	0.01075	0.01318	0.01840
47	0.02786	0.02674	0.04568	0.06908	0.53424	0.02674	0.03454	0.03454	0.02563	0.03677	0.02117	0.02786	0.01783	0.01003	0.01114	0.00334	0.01337	0.01003	0.00557	0.01783
48	0.02635	0.02096	0.03127	0.03584	0.18423	0.02058	0.05875	0.09575	0.02944	0.08148	0.04991	0.14866	0.13027	0.01907	0.01236	0.00371	0.01060	0.01714	0.00896	0.01468
49	0.01367	0.00998	0.01287	0.01519	0.01620	0.00918	0.01023	0.01573	0.02201	0.02892	0.06791	0.54190	0.12585	0.03450	0.01425	0.00448	0.00644	0.03107	0.01045	0.00918
50	0.02126	0.02001	0.03376	0.57739	0.07752	0.02501	0.03126	0.02876	0.02251	0.02876	0.02001	0.03001	0.01500	0.01125	0.01125	0.00375	0.01500	0.01000	0.00500	0.01250
51	0.08234	0.02387	0.03611	0.33323	0.10234	0.02741	0.06712	0.12187	0.02879	0.04016	0.02135	0.02828	0.01600	0.01137	0.01106	0.00362	0.01416	0.00998	0.00650	0.01446
52	0.01371	0.00979	0.01306	0.01567	0.01632	0.00914	0.01045	0.01567	0.02155	0.02873	0.06203	0.59710	0.07444	0.03526	0.01437	0.00457	0.00653	0.03200	0.01045	0.00914
53	0.02334	0.02001	0.02334	0.01667	0.02667	0.01500	0.01334	0.02834	0.02334	0.03668	0.02001	0.02334	0.01667	0.00834	0.00834	0.00167	0.00834	0.00667	0.00667	0.67325
54	0.02030	0.01476	0.01804	0.01634	0.01987	0.01463	0.01245	0.10224	0.03436	0.04778	0.39169	0.12992	0.08781	0.02271	0.01305	0.00362	0.00666	0.01986	0.01199	0.01192
55	0.02934	0.01426	0.01912	0.01676	0.02148	0.01273	0.01295	0.03369	0.03023	0.24055	0.25523	0.15387	0.06950	0.02149	0.01268	0.00369	0.00722	0.01875	0.01267	0.01377
56	0.02601	0.31109	0.32337	0.02622	0.03965	0.03455	0.03138	0.03476	0.02335	0.03145	0.01812	0.02115	0.01434	0.01021	0.00911	0.00304	0.01453	0.00727	0.00478	0.01563
57	0.01996	0.01552	0.01857	0.01724	0.02156	0.01453	0.01273	0.06371	0.06875	0.03758	0.09815	0.30722	0.05586	0.02389	0.01228	0.00360	0.00753	0.02113	0.00991	0.17029
58	0.02913	0.03726	0.22212	0.08422	0.04689	0.02630	0.11532	0.12596	0.03075	0.08448	0.02722	0.03579	0.02104	0.01300	0.01178	0.00371	0.01497	0.04644	0.00745	0.01617
59	0.01957	0.01566	0.01815	0.01845	0.02152	0.01677	0.01340	0.03369	0.21873	0.03726	0.08992	0.33785	0.06079	0.02638	0.01312	0.00419	0.00739	0.02345	0.01099	0.01271
60	0.02334	0.02001	0.02334	0.01667	0.02667	0.01500	0.01334	0.02834	0.02334	0.03668	0.02001	0.02334	0.01667	0.00834	0.00834	0.00167	0.00834	0.00667	0.00667	0.67325
61	0.02688	0.02291	0.02462	0.02266	0.02860	0.02630	0.01785	0.05569	0.45879	0.04557	0.04737	0.05159	0.03779	0.01706	0.01191	0.00397	0.00907	0.06307	0.01133	0.01697
62	0.01526	0.01120	0.01431	0.01412	0.01656	0.01024	0.01037	0.01973	0.02942	0.04072	0.40334	0.17476	0.14668	0.02571	0.01347	0.00375	0.00556	0.02272	0.01185	0.01024
63	0.05050	0.01915	0.02612	0.02003	0.02873	0.01654	0.01654	0.05485	0.03221	0.54203	0.04440	0.03831	0.02786	0.01393	0.01132	0.00348	0.00958	0.01132	0.01393	0.01915
64	0.01422	0.01016	0.01364	0.01625	0.01713	0.00958	0.01133	0.01655	0.02205	0.02930	0.06175	0.54304	0.07333	0.03478	0.01450	0.00464	0.00697	0.08103	0.01044	0.00928
65	0.01593	0.01150	0.01504	0.01416	0.01681	0.01062	0.01062	0.02124	0.03186	0.04513	0.52830	0.08407	0.10620	0.02301	0.01327	0.00354	0.00531	0.02035	0.01239	0.01062
66	0.68395	0.02177	0.01654	0.01480	0.02177	0.02525	0.01219	0.03309	0.01915	0.05050	0.01567	0.01828	0.01219	0.01045	0.00697	0.00348	0.00871	0.00609	0.00697	0.01219
67	0.05050	0.01915	0.02612	0.02003	0.02873	0.01654	0.01654	0.05485	0.03221	0.54203	0.04440	0.03831	0.02786	0.01393	0.01132	0.00348	0.00958	0.01132	0.01393	0.01915
68	0.02334	0.02001	0.02334	0.01667	0.02667	0.01500	0.01334	0.02834	0.02334	0.03668	0.02001	0.02334	0.01667	0.00834	0.00834	0.00167	0.00834	0.00667	0.00667	0.67325
69	0.04204	0.05364	0.03190	0.02900	0.03480	0.55926	0.02175	0.04494	0.03190	0.02755	0.01740	0.02030	0.01450	0.01160	0.01015	0.00290	0.02030	0.00725	0.00580	0.01305
70	0.01593	0.01150	0.01504	0.01416	0.01681	0.01062	0.01062	0.02124	0.03186	0.04513	0.52830	0.08407	0.10620	0.02301	0.01327	0.00354	0.00531	0.02035	0.01239	0.01062
71	0.68395	0.02177	0.01654	0.01480	0.02177	0.02525	0.01219	0.03309	0.01915	0.05050	0.01567	0.01828	0.01219	0.01045	0.00697	0.00348	0.00871	0.00609	0.00697	0.01219
72	0.02786	0.02674	0.04568	0.06908	0.53424	0.02674	0.03454	0.03454	0.02563	0.03677	0.02117	0.02786	0.01783	0.01003	0.01114	0.00334	0.01337	0.01003	0.00557	0.01783
73	0.04279	0.03153	0.03378	0.02590	0.03490	0.03490	0.02139	0.49671	0.05292	0.07093	0.02702	0.02702	0.01914	0.01351	0.01126	0.00338	0.01239	0.01013	0.01126	0.01914
74	0.04279	0.03153	0.03378	0.02590	0.03490	0.03490	0.02139	0.49671	0.05292	0.07093	0.02702	0.02702	0.01914	0.01351	0.01126	0.00338	0.01239	0.01013	0.01126	0.01914
75	0.01371	0.00979	0.01306	0.01567	0.01632	0.00914	0.01045	0.01567	0.02155	0.02873	0.06203	0.59710	0.07444	0.03526	0.01437	0.00457	0.00653	0.03200	0.01045	0.00914
76	0.01593	0.01150	0.01504	0.01416	0.01681	0.01062	0.01062	0.02124	0.03186	0.04513	0.52830	0.08407	0.10620	0.02301	0.01327	0.00354	0.00531	0.02035	0.01239	0.01062
77	0.02594	0.02787	0.04812	0.25960	0.11574	0.07327	0.21805	0.03376	0.02531	0.03248	0.02102	0.02907	0.01611	0.01043	0.01197	0.00365	0.01690	0.01109	0.00541	0.01421
78	0.02408	0.01460	0.01792	0.01661	0.02061	0.01380	0.01252	0.07926	0.02983	0.12998	0.15650	0.24596	0.14261	0.02532	0.01306	0.00390	0.00737	0.02203	0.01156	0.01246
79	0.01445	0.01033	0.01384	0.01605	0.01714	0.00973	0.01130	0.01714	0.02321	0.03115	0.11538	0.48712	0.07704	0.03340	0.01437	0.00452	0.00681	0.07691	0.01066	0.00944
80	0.04279	0.03153	0.03378	0.02590	0.03490	0.03490	0.02139	0.49671	0.05292	0.07093	0.02702	0.02702	0.01914	0.01351	0.01126	0.00338	0.01239	0.01013	0.01126	0.01914
81	0.04118	0.03073	0.03287	0.02557	0.03429	0.03415	0.02100	0.44932	0.10291	0.06835	0.02906	0.02865	0.02079	0.01370	0.01128	0.00343	0.01201	0.01041	0.01128	0.01900
82	0.68395	0.02177	0.01654	0.01480	0.02177	0.02525	0.01219	0.03309	0.01915	0.05050	0.01567	0.01828	0.01219	0.01045	0.00697	0.00348	0.00871	0.00609	0.00697	0.01219
83	0.02295	0.02103	0.03213	0.02666	0.03260	0.02178	0.13981	0.03900	0.21755	0.03975	0.09899	0.17155	0.04732	0.01925	0.01281	0.00395	0.01058	0.01818	0.00982	0.01430
84	0.02334	0.02001	0.02334	0.01667	0.02667	0.01500	0.01334	0.02834	0.02334	0.03668	0.02001	0.02334	0.01667	0.00834	0.00834	0.00167	0.00834	0.00667	0.00667	0.67325
85	0.02257	0.05822	0.54613	0.03208	0.04871	0.02614	0.04158	0.03564	0.02376	0.03564	0.02020	0.02376	0.01426	0.01069	0.01069	0.00356	0.01663	0.00832	0.00475	0.01663
86	0.01524	0.01148	0.01409	0.01344	0.01639	0.01033	0.01008	0.01991	0.03024	0.04128	0.41998	0.09041	0.21692	0.02445	0.01328	0.00361	0.00541	0.02124	0.01188	0.01033
87	0.02768	0.02428	0.03374	0.02635	0.03291	0.08218	0.16861	0.08470	0.02883	0.04166	0.02887	0.03402	0.02228	0.01181	0.01027	0.00312	0.01224	0.01098	0.30218	0.01328
88	0.04108	0.09879	0.03409	0.02821	0.03432	0.51758	0.02155	0.04403	0.03116	0.02746	0.01726	0.02012	0.01449	0.01144	0.00991	0.00286	0.01963	0.00715	0.00572	0.01316
89	0.01608	0.01206	0.01809	0.01809	0.02010	0.01407	0.01407	0.02010	0.01809	0.02613	0.03015	0.04422	0.02814	0.08441	0.55984	0.01809	0.03015	0.01206	0.00603	0.01005
90	0.02334	0.02001	0.02334	0.01667	0.02667	0.01500	0.01334	0.02834	0.02334	0.03668	0.02001	0.02334	0.01667	0.00834	0.00834	0.00167	0.00834	0.00667	0.00667	0.67325
91	0.01637	0.01091	0.01228	0.01228	0.01228	0.01091	0.00682	0.01637	0.01637	0.02182	0.03546	0.07365	0.04092	0.60445	0.05729	0.01091	0.01091	0.01637	0.00682	0.00682
92	0.02800	0.02418	0.02545	0.02291	0.02927	0.02800	0.01782	0.05981	0.51390	0.04708	0.04581	0.04199	0.03436	0.01527	0.01145	0.00382	0.00891	0.01273	0.01145	0.01782
93	0.02800	0.02418	0.02545	0.02291	0.02927	0.02800	0.01782	0.05981	0.51390	0.04708	0.04581	0.04199	0.03436	0.01527	0.01145	0.00382	0.00891	0.01273	0.01145	0.01782
94	0.02238	0.02116	0.03580	0.49046	0.15563	0.02530	0.03182	0.02975	0.02304	0.03013	0.02020	0.02964	0.01549	0.01104	0.01123	0.00368	0.01472	0.01001	0.00510	0.01341
95	0.29715	0.02693	0.02610	0.02118	0.02912	0.03039	0.01738	0.26971	0.08381	0.06049	0.02430	0.02498	0.01783	0.01246	0.00956	0.00346	0.01058	0.00877	0.00956	0.01624
96	0.01360	0.01141	0.01182	0.01172	0.01539	0.00963	0.00879	0.01674	0.02637	0.03210	0.16165	0.10553	0.48098	0.02787	0.01330	0.00377	0.00566	0.02336	0.01067	0.00963
97	0.02618	0.02498	0.04174	0.06245	0.47456	0.02476	0.03155	0.03243	0.02563	0.03604	0.03185	0.03711	0.07668	0.01215	0.01139	0.00340	0.01249	0.01161	0.00613	0.01687
98	0.01814	0.01296	0.01814	0.02073	0.02332	0.01296	0.01814	0.02332	0.02591	0.03368	0.05959	0.12696	0.06478	0.03109	0.01555	0.00518	0.01036	0.45848	0.01036	0.01036
99	0.68395	0.02177	0.01654	0.01480	0.02177	0.02525	0.01219	0.03309	0.01915	0.05050	0.01567	0.01828	0.01219	0.01045	0.00697	0.00348	0.00871	0.00609	0.00697	0.01219
100	0.02462	0.02462	0.03447	0.02955	0.02955	0.03447	0.02462	0.02709	0.01724	0.02709	0.01477	0.02462	0.01477	0.01970	0.03694	0.00492	0.58385	0.00985	0.00492	0.01231
101	0.01607	0.01079	0.01236	0.01266	0.01273	0.01071	0.00723	0.01629	0.01695	0.02260	0.03846	0.13277	0.04471	0.54017	0.05244	0.01020	0.01042	0.01813	0.00723	0.00708
102	0.01622	0.01152	0.01534	0.01534	0.01640	0.01258	0.01064	0.01834	0.01728	0.02409	0.03266	0.05813	0.03418	0.33019	0.32233	0.01470	0.02106	0.01410	0.00640	0.00852
103	0.01467	0.01118	0.01348	0.01349	0.01619	0.00999	0.00989	0.01857	0.02800	0.03736	0.30892	0.18028	0.24319	0.02696	0.01347	0.00380	0.00565	0.02350	0.01140	0.00999
104	0.02551	0.29510	0.20085	0.02241	0.03267	0.03174	0.02439	0.03409	0.05755	0.03244	0.02463	0.06648	0.02159	0.01258	0.00919	0.00305	0.01220	0.00955	0.06939	0.01459
105	0.31573	0.19350	0.03206	0.01858	0.02647	0.08958	0.01604	0.03834	0.02390	0.12540	0.02079	0.02188	0.01578	0.01094	0.00815	0.00311	0.01112	0.00710	0.00741	0.01413
106	0.02462	0.09681	0.13428	0.22402	0.11163	0.02852	0.15580	0.03308	0.02419	0.03250	0.02041	0.02745	0.01567	0.01037	0.01123	0.00353	0.01583	0.01015	0.00518	0.01472
107	0.02310	0.02189	0.03710	0.43502	0.20544	0.02549	0.03218	0.03038	0.02338	0.03100	0.02033	0.02941	0.01579	0.01091	0.01122	0.00364	0.01455	0.01001	0.00516	0.01399
108	0.02364	0.02314	0.03228	0.02781	0.02811	0.03178	0.02304	0.02643	0.01889	0.02913	0.07277	0.03134	0.02510	0.02007	0.03426	0.00477	0.51851	0.01104	0.00577	0.01212
109	0.02207	0.02265	0.04570	0.03433	0.04201	0.02118	0.30076	0.02951	0.02751	0.03782	0.17179	0.10973	0.04905	0.01627	0.01340	0.00381	0.01366	0.01742	0.00815	0.01319
110	0.01545	0.01149	0.01438	0.01366	0.01652	0.01042	0.01024	0.02031	0.03073	0.04245	0.45284	0.08849	0.18333	0.02401	0.01328	0.00359	0.00538	0.02097	0.01204	0.01042
111	0.02800	0.02418	0.02545	0.02291	0.02927	0.02800	0.01782	0.05981	0.51390	0.04708	0.04581	0.04199	0.03436	0.01527	0.01145	0.00382	0.00891	0.01273	0.01145	0.01782
112	0.03009	0.61122	0.05898	0.01926	0.02889	0.04454	0.01926	0.03370	0.02287	0.02648	0.01565	0.01805	0.01444	0.00963	0.00722	0.00241	0.01204	0.00602	0.00481	0.01444
113	0.02800	0.02418	0.02545	0.02291	0.02927	0.02800	0.01782	0.05981	0.51390	0.04708	0.04581	0.04199	0.03436	0.01527	0.01145	0.00382	0.00891	0.01273	0.01145	0.01782
114	0.02334	0.02001	0.02334	0.01667	0.02667	0.01500	0.01334	0.02834	0.02334	0.03668	0.02001	0.02334	0.01667	0.00834	0.00834	0.00167	0.00834	0.00667	0.00667	0.67325
115	0.68395	0.02177	0.01654	0.01480	0.02177	0.02525	0.01219	0.03309	0.01915	0.05050	0.01567	0.01828	0.01219	0.01045	0.00697	0.00348	0.00871	0.00609	0.00697	0.01219
116	0.01371	0.00979	0.01306	0.01567	0.01632	0.00914	0.01045	0.01567	0.02155	0.02873	0.06203	0.59710	0.07444	0.03526	0.01437	0.00457	0.00653	0.03200	0.01045	0.00914
117	0.01360	0.01025	0.01259	0.01445	0.01600	0.00924	0.00991	0.01581	0.02272	0.02921	0.07690	0.45731	0.20464	0.03333	0.01406	0.00435	0.00629	0.02964	0.01045	0.00924
118	0.03380	0.03468	0.02746	0.11871	0.03668	0.29024	0.01981	0.03641	0.02658	0.07570	0.02276	0.03140	0.01948	0.08304	0.01969	0.07965	0.01609	0.00945	0.00646	0.01190
119	0.02126	0.02001	0.03376	0.57739	0.07752	0.02501	0.03126	0.02876	0.02251	0.02876	0.02001	0.03001	0.01500	0.01125	0.01125	0.00375	0.01500	0.01000	0.00500	0.01250

[dist]
# distance from previous block
# <min> <max>
0	6

[block]
# block no. 4 follows, 11 sequences, length 39
# corresponding to MSA columns:
# 551-589
name=unknown_E
#
# <colnr> <probs for GDERKNQSTAVLIFYWHMCP>
#	G	D	E	R	K	N	Q	S	T	A	V	L	I	F	Y	W	H	M	C	P
0	0.03095	0.02105	0.03251	0.14675	0.19992	0.02075	0.02435	0.03686	0.02722	0.17302	0.08081	0.03662	0.02922	0.01254	0.01116	0.00332	0.01131	0.01113	0.00855	0.08197
1	0.01644	0.01241	0.01578	0.01746	0.02047	0.01174	0.01478	0.02081	0.02582	0.03253	0.07867	0.12042	0.22776	0.03019	0.01476	0.00470	0.00873	0.30607	0.01039	0.01006
2	0.02257	0.05822	0.54613	0.03208	0.04871	0.02614	0.04158	0.03564	0.02376	0.03564	0.02020	0.02376	0.01426	0.01069	0.01069	0.00356	0.01663	0.00832	0.00475	0.01663
3	0.02276	0.01778	0.02827	0.28504	0.09943	0.01982	0.02488	0.02873	0.02431	0.07372	0.03626	0.11927	0.03485	0.01876	0.01261	0.00412	0.01232	0.11668	0.00769	0.01270
4	0.01371	0.00979	0.01306	0.01567	0.01632	0.00914	0.01045	0.01567	0.02155	0.02873	0.06203	0.59710	0.07444	0.03526	0.01437	0.00457	0.00653	0.03200	0.01045	0.00914
5	0.03188	0.02331	0.02557	0.02241	0.02918	0.02602	0.01760	0.05895	0.43081	0.13247	0.04557	0.04136	0.03324	0.01504	0.01143	0.00376	0.00902	0.01248	0.01188	0.01805
6	0.01383	0.01056	0.01271	0.01400	0.01599	0.00944	0.00980	0.01649	0.02420	0.03125	0.13505	0.36546	0.23777	0.03145	0.01386	0.00418	0.00610	0.02774	0.01068	0.00944
7	0.04959	0.02061	0.02702	0.02072	0.02946	0.01870	0.01711	0.10677	0.03465	0.48667	0.04236	0.03698	0.02684	0.01388	0.01131	0.00347	0.00991	0.01118	0.01362	0.01915
8	0.02975	0.01855	0.02078	0.01833	0.02389	0.01970	0.01435	0.04694	0.24973	0.14490	0.07766	0.04426	0.03671	0.01497	0.01058	0.00341	0.00779	0.01238	0.18972	0.01558
9	0.01423	0.01017	0.01366	0.01627	0.01715	0.00959	0.01135	0.01657	0.02206	0.02931	0.06175	0.54186	0.07331	0.03477	0.01450	0.00464	0.00698	0.08211	0.01044	0.00929
10	0.16031	0.09859	0.21906	0.02930	0.04114	0.02730	0.13217	0.03727	0.02437	0.09725	0.02223	0.02525	0.01610	0.01064	0.01023	0.00347	0.01425	0.00910	0.00649	0.01548
11	0.02205	0.01872	0.02470	0.02187	0.02239	0.02440	0.01728	0.02452	0.01832	0.02890	0.02380	0.03906	0.02344	0.14900	0.03565	0.00580	0.33972	0.01143	0.13823	0.01072
12	0.01371	0.00979	0.01306	0.01567	0.01632	0.00914	0.01045	0.01567	0.02155	0.02873	0.06203	0.59710	0.07444	0.03526	0.01437	0.00457	0.00653	0.03200	0.01045	0.00914
13	0.02469	0.13868	0.03049	0.01719	0.02712	0.02093	0.01453	0.02942	0.02324	0.03463	0.01913	0.02228	0.01622	0.00860	0.00811	0.00182	0.00908	0.00654	0.00630	0.54101
14	0.03078	0.02306	0.02529	0.02203	0.02855	0.02567	0.01732	0.09237	0.37542	0.10677	0.08764	0.04411	0.03881	0.01566	0.01159	0.00372	0.00895	0.01303	0.01181	0.01743
15	0.03465	0.01756	0.02079	0.01711	0.02303	0.01720	0.01373	0.12449	0.03307	0.21949	0.09499	0.04280	0.03572	0.01463	0.01033	0.00317	0.00809	0.01186	0.24217	0.01512
16	0.01879	0.01219	0.01568	0.01441	0.01773	0.01104	0.01095	0.02377	0.03127	0.08853	0.44313	0.08237	0.14152	0.02274	0.01310	0.00356	0.00573	0.01988	0.01234	0.01128
17	0.01428	0.01058	0.01334	0.01447	0.01627	0.00963	0.01016	0.01737	0.02526	0.03378	0.20624	0.36158	0.16469	0.03051	0.01386	0.00414	0.00603	0.02716	0.01101	0.00963
18	0.01633	0.01105	0.01296	0.01296	0.01319	0.01128	0.00767	0.01680	0.01657	0.02233	0.03484	0.07021	0.03943	0.54365	0.11604	0.01175	0.01316	0.01586	0.00673	0.00720
19	0.01567	0.01149	0.01468	0.01388	0.01665	0.01051	0.01041	0.02073	0.03124	0.04366	0.48682	0.08650	0.14860	0.02356	0.01328	0.00357	0.00535	0.02070	0.01220	0.01051
20	0.03153	0.01855	0.02181	0.01872	0.02497	0.01853	0.01478	0.04534	0.19980	0.21361	0.11464	0.05820	0.13425	0.01822	0.01197	0.00367	0.00811	0.01522	0.01222	0.01586
21	0.03009	0.61122	0.05898	0.01926	0.02889	0.04454	0.01926	0.03370	0.02287	0.02648	0.01565	0.01805	0.01444	0.00963	0.00722	0.00241	0.01204	0.00602	0.00481	0.01444
22	0.01371	0.00979	0.01306	0.01567	0.01632	0.00914	0.01045	0.01567	0.02155	0.02873	0.06203	0.59710	0.07444	0.03526	0.01437	0.00457	0.00653	0.03200	0.01045	0.00914
23	0.03203	0.02618	0.02772	0.02372	0.03080	0.02988	0.01879	0.17892	0.38823	0.05359	0.04069	0.03791	0.03021	0.01479	0.01140	0.00370	0.00986	0.01202	0.01140	0.01818
24	0.43374	0.03556	0.21689	0.02134	0.03196	0.02559	0.02331	0.03405	0.02090	0.04488	0.01738	0.02036	0.01297	0.01054	0.00838	0.00351	0.01171	0.00694	0.00613	0.01387
25	0.02025	0.03581	0.26563	0.02932	0.03933	0.02063	0.11883	0.02872	0.02353	0.03330	0.03537	0.22605	0.03591	0.01907	0.01249	0.00396	0.01355	0.01759	0.00693	0.01372
26	0.02644	0.01576	0.01632	0.01435	0.01857	0.01661	0.01126	0.14406	0.03095	0.04922	0.03429	0.03822	0.02642	0.01321	0.00872	0.00281	0.00703	0.01040	0.50271	0.01266
27	0.68395	0.02177	0.01654	0.01480	0.02177	0.02525	0.01219	0.03309	0.01915	0.05050	0.01567	0.01828	0.01219	0.01045	0.00697	0.00348	0.00871	0.00609	0.00697	0.01219
28	0.02672	0.02284	0.02435	0.02198	0.02795	0.02616	0.01705	0.05572	0.46286	0.04688	0.09690	0.04645	0.04196	0.01609	0.01165	0.00379	0.00853	0.01353	0.01155	0.01705
29	0.04222	0.03002	0.03255	0.02522	0.03400	0.03297	0.02075	0.42922	0.08713	0.10487	0.02980	0.02904	0.02098	0.01368	0.01128	0.00342	0.01190	0.01042	0.01148	0.01904
30	0.01978	0.01310	0.01638	0.01481	0.01892	0.01141	0.01121	0.02417	0.02870	0.09248	0.29647	0.13595	0.15150	0.02264	0.01262	0.00348	0.00632	0.01970	0.01134	0.08904
31	0.03790	0.07664	0.16804	0.02344	0.03391	0.02299	0.02358	0.09716	0.03162	0.27337	0.07041	0.03499	0.02810	0.01337	0.01097	0.00341	0.01166	0.01065	0.01033	0.01746
32	0.02947	0.48073	0.05583	0.02267	0.03210	0.04089	0.06929	0.03702	0.08096	0.02992	0.01995	0.02217	0.01706	0.01028	0.00836	0.00272	0.01240	0.00758	0.00569	0.01492
33	0.02657	0.03036	0.06641	0.04744	0.05882	0.02846	0.49336	0.03605	0.02657	0.03605	0.02277	0.03036	0.01708	0.00949	0.01328	0.00380	0.01898	0.01328	0.00569	0.01518
34	0.01750	0.00978	0.01410	0.01502	0.01525	0.00955	0.01001	0.01502	0.01708	0.02277	0.03444	0.23155	0.03879	0.03775	0.03360	0.43836	0.00864	0.01757	0.00684	0.00638
