[name]
unknown

[dist]
# distance from previous block
# <min> <max>
0	93

[block]
# block no. 0 follows, 16 sequences, length 15
# corresponding to MSA columns:
# 102-116
name=unknown_A
#
# <colnr> <probs for GDERKNQSTAVLIFYWHMCP>
#	G	D	E	R	K	N	Q	S	T	A	V	L	I	F	Y	W	H	M	C	P
0	0.12413	0.01368	0.01709	0.01574	0.02021	0.01308	0.01275	0.03034	0.02326	0.25179	0.07863	0.16251	0.04127	0.01882	0.01065	0.00351	0.00757	0.13329	0.00983	0.01187
1	0.03014	0.01876	0.02183	0.01802	0.02469	0.01893	0.01435	0.04572	0.30145	0.23378	0.03550	0.03251	0.02524	0.01180	0.00940	0.00289	0.00779	0.00971	0.00994	0.12755
2	0.53617	0.01901	0.01618	0.01402	0.01961	0.02165	0.01123	0.11239	0.02084	0.04345	0.01700	0.02241	0.01428	0.08397	0.01155	0.00372	0.00822	0.00682	0.00657	0.01092
3	0.15715	0.01550	0.01804	0.01505	0.02067	0.01508	0.01207	0.07082	0.02470	0.31208	0.03352	0.10085	0.02582	0.01343	0.00890	0.00298	0.00738	0.01081	0.12191	0.01325
4	0.52484	0.01993	0.02211	0.01797	0.02463	0.02189	0.09902	0.03165	0.05741	0.07587	0.01779	0.01988	0.01332	0.00934	0.00736	0.00306	0.00896	0.00691	0.00646	0.01161
5	0.01336	0.00948	0.01244	0.01279	0.01452	0.00918	0.00932	0.01679	0.02215	0.03125	0.27948	0.23892	0.09190	0.03101	0.10830	0.00526	0.00830	0.01894	0.05798	0.00863
6	0.01825	0.01376	0.01629	0.01604	0.01885	0.01439	0.01198	0.10856	0.11501	0.03497	0.10818	0.35056	0.05354	0.02316	0.01150	0.00360	0.00685	0.05442	0.00943	0.01066
7	0.01988	0.01091	0.01516	0.01420	0.01627	0.01120	0.01041	0.02119	0.01692	0.12732	0.02754	0.04126	0.02529	0.18679	0.27133	0.14284	0.01571	0.01074	0.00641	0.00863
8	0.06789	0.01127	0.01402	0.01302	0.01509	0.01136	0.00914	0.02109	0.01746	0.11703	0.06679	0.04744	0.03148	0.29070	0.13426	0.09350	0.01148	0.01170	0.00688	0.00841
9	0.02052	0.01372	0.01734	0.01592	0.01899	0.01499	0.01209	0.06318	0.11011	0.09418	0.03025	0.04111	0.02668	0.16628	0.29903	0.01008	0.01670	0.01101	0.00717	0.01063
10	0.12163	0.13114	0.07427	0.12331	0.03817	0.10616	0.11942	0.11550	0.02500	0.03416	0.01723	0.02099	0.01331	0.00941	0.00879	0.00286	0.01275	0.00773	0.00555	0.01263
11	0.05145	0.02053	0.06382	0.06349	0.02743	0.05925	0.05353	0.02584	0.04301	0.05780	0.15328	0.09039	0.03780	0.01629	0.01581	0.00347	0.16620	0.03267	0.00704	0.01091
12	0.02091	0.02773	0.20264	0.02475	0.03186	0.02121	0.09569	0.02990	0.08352	0.06417	0.02273	0.02797	0.01813	0.02551	0.15382	0.00618	0.11587	0.00928	0.00563	0.01251
13	0.02321	0.01925	0.02924	0.20608	0.11778	0.02190	0.05747	0.03180	0.11117	0.09514	0.02834	0.03196	0.05710	0.01244	0.01346	0.00333	0.11098	0.01010	0.00650	0.01275
14	0.02674	0.15265	0.17439	0.05944	0.13727	0.06571	0.06201	0.03280	0.02211	0.11971	0.01989	0.02263	0.01496	0.00972	0.00993	0.00287	0.03988	0.00782	0.00562	0.01386

[dist]
# distance from previous block
# <min> <max>
4	18

[block]
# block no. 1 follows, 16 sequences, length 11
# corresponding to MSA columns:
# 135-145
name=unknown_B
#
# <colnr> <probs for GDERKNQSTAVLIFYWHMCP>
#	G	D	E	R	K	N	Q	S	T	A	V	L	I	F	Y	W	H	M	C	P
0	0.07999	0.02658	0.07135	0.02687	0.11536	0.06247	0.01990	0.21884	0.14495	0.09764	0.02557	0.02582	0.01871	0.01105	0.00936	0.00298	0.01044	0.00875	0.00822	0.01516
1	0.14553	0.02544	0.03869	0.02902	0.03682	0.07153	0.27824	0.13385	0.02690	0.03898	0.06303	0.02669	0.02006	0.01002	0.00996	0.00307	0.01293	0.00992	0.00647	0.01285
2	0.01914	0.02060	0.08115	0.02861	0.12957	0.01681	0.13825	0.02527	0.02362	0.03391	0.21649	0.04016	0.04097	0.01218	0.01019	0.00280	0.00970	0.01170	0.00694	0.13193
3	0.11541	0.01651	0.01877	0.01566	0.02065	0.01694	0.01251	0.16546	0.03076	0.13400	0.28568	0.04633	0.05123	0.01510	0.01003	0.00300	0.00709	0.01247	0.01003	0.01236
4	0.13751	0.01506	0.01778	0.01488	0.01996	0.01475	0.01189	0.08083	0.02752	0.22659	0.26802	0.04605	0.04971	0.01480	0.00987	0.00301	0.00680	0.01224	0.01028	0.01244
5	0.72785	0.01874	0.01425	0.01275	0.01874	0.02174	0.01050	0.02849	0.01649	0.04348	0.01350	0.01574	0.01050	0.00900	0.00600	0.00300	0.00750	0.00525	0.00600	0.01050
6	0.02542	0.02179	0.03932	0.04488	0.33005	0.02100	0.16240	0.03142	0.02351	0.10928	0.07199	0.03001	0.02305	0.00995	0.01025	0.00301	0.01170	0.01029	0.00631	0.01438
7	0.04348	0.01649	0.02249	0.01724	0.02474	0.01425	0.01425	0.04723	0.02774	0.60564	0.03824	0.03299	0.02399	0.01200	0.00975	0.00300	0.00825	0.00975	0.01200	0.01649
8	0.03896	0.01965	0.02404	0.01860	0.02579	0.01929	0.01529	0.22328	0.03384	0.37609	0.07494	0.03262	0.02649	0.01246	0.00986	0.00297	0.00880	0.00998	0.01111	0.01594
9	0.01255	0.00986	0.01134	0.01097	0.01376	0.00865	0.00823	0.01603	0.02468	0.03233	0.33832	0.08316	0.35102	0.02225	0.01144	0.00316	0.00475	0.01904	0.00981	0.00865
10	0.72785	0.01874	0.01425	0.01275	0.01874	0.02174	0.01050	0.02849	0.01649	0.04348	0.01350	0.01574	0.01050	0.00900	0.00600	0.00300	0.00750	0.00525	0.00600	0.01050

[dist]
# distance from previous block
# <min> <max>
8	11

[block]
# block no. 2 follows, 16 sequences, length 47
# corresponding to MSA columns:
# 158-204
name=unknown_C
#
# <colnr> <probs for GDERKNQSTAVLIFYWHMCP>
#	G	D	E	R	K	N	Q	S	T	A	V	L	I	F	Y	W	H	M	C	P
0	0.02797	0.29666	0.03604	0.02026	0.02639	0.19408	0.01721	0.03659	0.15442	0.02729	0.01998	0.02136	0.01653	0.01053	0.00961	0.00263	0.05697	0.00708	0.00574	0.01266
1	0.60336	0.02240	0.01673	0.01477	0.02077	0.08974	0.01196	0.06592	0.01969	0.04244	0.01432	0.01645	0.01112	0.00929	0.00656	0.00294	0.00884	0.00559	0.00613	0.01098
2	0.02343	0.02280	0.03993	0.10521	0.51132	0.02302	0.07239	0.02944	0.02191	0.03105	0.01826	0.02431	0.01510	0.00868	0.00975	0.00294	0.01202	0.00886	0.00477	0.01479
3	0.02751	0.01817	0.02644	0.14768	0.14719	0.01704	0.01902	0.03237	0.02263	0.20191	0.02371	0.02587	0.01715	0.00941	0.00893	0.00255	0.00950	0.00809	0.00714	0.22769
4	0.01431	0.00936	0.01099	0.01099	0.01107	0.00945	0.00639	0.01413	0.01405	0.01881	0.02919	0.05940	0.03319	0.57929	0.07651	0.06773	0.01013	0.01345	0.00570	0.00587
5	0.02605	0.02173	0.02386	0.07068	0.02953	0.02503	0.01687	0.14711	0.43366	0.04315	0.03456	0.03287	0.02573	0.01258	0.00982	0.00321	0.00867	0.01034	0.00938	0.01518
6	0.02544	0.44184	0.04215	0.01878	0.02526	0.06319	0.01719	0.03205	0.10440	0.02561	0.01737	0.01960	0.01508	0.01040	0.01070	0.00260	0.10413	0.00660	0.00507	0.01255
7	0.02384	0.07771	0.11691	0.04213	0.34694	0.02247	0.02582	0.03121	0.06064	0.06956	0.02337	0.07476	0.02016	0.01097	0.00952	0.00296	0.01086	0.00990	0.00582	0.01444
8	0.02917	0.38811	0.08813	0.02036	0.02813	0.20798	0.01892	0.06939	0.02385	0.02638	0.01492	0.01706	0.01272	0.00910	0.00745	0.00234	0.01281	0.00590	0.00478	0.01252
9	0.01181	0.00843	0.01125	0.01350	0.01406	0.00787	0.00900	0.01350	0.01856	0.02474	0.05342	0.65306	0.06410	0.03036	0.01237	0.00394	0.00562	0.02755	0.00900	0.00787
10	0.01462	0.01222	0.01814	0.14909	0.07358	0.01311	0.01498	0.01773	0.01907	0.02534	0.04392	0.39924	0.08301	0.02315	0.01249	0.00367	0.03941	0.02057	0.00742	0.00925
11	0.72785	0.01874	0.01425	0.01275	0.01874	0.02174	0.01050	0.02849	0.01649	0.04348	0.01350	0.01574	0.01050	0.00900	0.00600	0.00300	0.00750	0.00525	0.00600	0.01050
12	0.02309	0.03419	0.21864	0.11241	0.16841	0.10240	0.09299	0.03024	0.02145	0.02869	0.01713	0.02228	0.01340	0.00974	0.01137	0.00309	0.06455	0.00817	0.00451	0.01325
13	0.01470	0.00924	0.01138	0.01138	0.01149	0.00936	0.00687	0.01398	0.01386	0.01860	0.02714	0.05404	0.03034	0.47824	0.08581	0.16957	0.01031	0.01256	0.00545	0.00569
14	0.04035	0.01989	0.02296	0.01805	0.02505	0.06481	0.01471	0.11772	0.02974	0.44623	0.03385	0.03058	0.02207	0.01174	0.00947	0.00290	0.00909	0.00928	0.05593	0.01559
15	0.01222	0.00886	0.01160	0.01344	0.01446	0.00824	0.00937	0.01439	0.01981	0.02630	0.09998	0.52497	0.10510	0.02882	0.01230	0.00385	0.00573	0.06337	0.00913	0.00807
16	0.01176	0.00862	0.01106	0.01301	0.01393	0.00791	0.00878	0.01355	0.01902	0.02493	0.05930	0.57954	0.13383	0.02960	0.01225	0.00385	0.00553	0.02662	0.00900	0.00791
17	0.01385	0.01038	0.01558	0.01558	0.01731	0.01211	0.01211	0.01731	0.01558	0.02250	0.02596	0.03808	0.02423	0.07269	0.62098	0.01558	0.02596	0.01038	0.00519	0.00865
18	0.01409	0.00940	0.01057	0.01057	0.01057	0.00940	0.00587	0.01409	0.01409	0.01879	0.03054	0.06342	0.03524	0.65938	0.04933	0.00940	0.00940	0.01409	0.00587	0.00587
19	0.72785	0.01874	0.01425	0.01275	0.01874	0.02174	0.01050	0.02849	0.01649	0.04348	0.01350	0.01574	0.01050	0.00900	0.00600	0.00300	0.00750	0.00525	0.00600	0.01050
20	0.01409	0.00940	0.01057	0.01057	0.01057	0.00940	0.00587	0.01409	0.01409	0.01879	0.03054	0.06342	0.03524	0.65938	0.04933	0.00940	0.00940	0.01409	0.00587	0.00587
21	0.02411	0.02082	0.02192	0.01972	0.02520	0.02411	0.01534	0.05150	0.58142	0.04054	0.03945	0.03616	0.02959	0.01315	0.00986	0.00329	0.00767	0.01096	0.00986	0.01534
22	0.02034	0.01893	0.02472	0.02181	0.02354	0.06179	0.05549	0.02399	0.05331	0.02464	0.02363	0.04187	0.02376	0.10165	0.02744	0.07561	0.27331	0.08894	0.00562	0.00963
23	0.01807	0.00903	0.00903	0.00903	0.01129	0.00903	0.00678	0.02258	0.02033	0.03613	0.03162	0.03613	0.02484	0.01129	0.00678	0.00226	0.00452	0.00903	0.71319	0.00903
24	0.02010	0.01723	0.02010	0.01436	0.02297	0.01292	0.01148	0.02440	0.02010	0.03158	0.01723	0.02010	0.01436	0.00718	0.00718	0.00144	0.00718	0.00574	0.00574	0.71863
25	0.02591	0.66522	0.05079	0.01658	0.02488	0.03835	0.01658	0.02902	0.01969	0.02280	0.01347	0.01555	0.01244	0.00829	0.00622	0.00207	0.01036	0.00518	0.00415	0.01244
26	0.01162	0.00982	0.01005	0.00999	0.01319	0.00825	0.00750	0.01423	0.02249	0.02712	0.13498	0.09172	0.55761	0.02419	0.01145	0.00326	0.00488	0.02024	0.00912	0.00825
27	0.01807	0.00903	0.00903	0.00903	0.01129	0.00903	0.00678	0.02258	0.02033	0.03613	0.03162	0.03613	0.02484	0.01129	0.00678	0.00226	0.00452	0.00903	0.71319	0.00903
28	0.02010	0.01723	0.02010	0.01436	0.02297	0.01292	0.01148	0.02440	0.02010	0.03158	0.01723	0.02010	0.01436	0.00718	0.00718	0.00144	0.00718	0.00574	0.00574	0.71863
29	0.02405	0.48854	0.21118	0.01976	0.02978	0.03380	0.02211	0.02950	0.01991	0.02507	0.01460	0.01696	0.01239	0.00856	0.00708	0.00236	0.01150	0.00575	0.00413	0.01298
30	0.01944	0.05013	0.60917	0.02762	0.04195	0.02251	0.03581	0.03069	0.02046	0.03069	0.01739	0.02046	0.01228	0.00921	0.00921	0.00307	0.01432	0.00716	0.00409	0.01432
31	0.01201	0.00858	0.01148	0.01373	0.01438	0.00805	0.00935	0.01385	0.01876	0.02497	0.05331	0.62403	0.06366	0.03017	0.01242	0.00396	0.00580	0.05457	0.00899	0.00793
32	0.01944	0.05013	0.60917	0.02762	0.04195	0.02251	0.03581	0.03069	0.02046	0.03069	0.01739	0.02046	0.01228	0.00921	0.00921	0.00307	0.01432	0.00716	0.00409	0.01432
33	0.02399	0.02303	0.03934	0.05949	0.59893	0.02303	0.02974	0.02974	0.02207	0.03166	0.01823	0.02399	0.01535	0.00864	0.00960	0.00288	0.01151	0.00864	0.00480	0.01535
34	0.01319	0.00993	0.01237	0.01292	0.01522	0.00911	0.01001	0.01670	0.02348	0.03100	0.25431	0.17265	0.22434	0.02424	0.01200	0.00355	0.00576	0.13101	0.00957	0.00863
35	0.03982	0.01848	0.02333	0.01805	0.02523	0.01752	0.01484	0.16489	0.03183	0.43944	0.07464	0.03358	0.02710	0.01247	0.00986	0.00298	0.00854	0.01007	0.01137	0.01596
36	0.07286	0.03854	0.39850	0.02377	0.03541	0.02073	0.02791	0.03564	0.06014	0.16005	0.02327	0.02400	0.01594	0.01008	0.00916	0.00306	0.01206	0.00787	0.00637	0.01462
37	0.03265	0.01507	0.01912	0.01546	0.02108	0.01401	0.01247	0.09108	0.02840	0.34321	0.15321	0.04080	0.03761	0.01351	0.00965	0.00289	0.00715	0.01118	0.11765	0.01381
38	0.01527	0.01270	0.01504	0.01586	0.05766	0.01231	0.01092	0.02296	0.12044	0.03316	0.24266	0.07168	0.29281	0.01990	0.01104	0.00317	0.00575	0.01702	0.00939	0.01024
39	0.02859	0.44899	0.04230	0.01910	0.02629	0.19617	0.01708	0.03331	0.06304	0.02436	0.01579	0.01759	0.01371	0.00911	0.00717	0.00228	0.01211	0.00590	0.00480	0.01232
40	0.02058	0.06162	0.01906	0.01593	0.01929	0.01531	0.01256	0.06308	0.04985	0.10743	0.04891	0.26518	0.12179	0.02188	0.01256	0.00354	0.05126	0.07062	0.00880	0.01072
41	0.01637	0.01144	0.01382	0.01277	0.01597	0.01078	0.00972	0.02268	0.08130	0.07683	0.38687	0.07069	0.19425	0.01966	0.01116	0.00312	0.00522	0.01698	0.01031	0.01007
42	0.02315	0.12393	0.45631	0.02534	0.03775	0.06779	0.03067	0.03222	0.02139	0.06918	0.01818	0.02050	0.01313	0.00935	0.00884	0.00290	0.01364	0.00703	0.00471	0.01401
43	0.02823	0.02161	0.03452	0.09493	0.40392	0.02173	0.02570	0.07211	0.02467	0.14375	0.02237	0.02582	0.01690	0.00959	0.00964	0.00293	0.01094	0.00885	0.00650	0.01529
44	0.02686	0.07145	0.06492	0.06625	0.02975	0.01950	0.08023	0.09341	0.06494	0.15953	0.02778	0.08963	0.02284	0.01606	0.01416	0.11175	0.01010	0.01087	0.00755	0.01239
45	0.13106	0.01866	0.01960	0.01768	0.02279	0.02087	0.01374	0.06864	0.34067	0.08510	0.03665	0.12322	0.03067	0.01489	0.00963	0.00330	0.00754	0.01233	0.00931	0.01366
46	0.42474	0.02416	0.10183	0.06878	0.11411	0.02259	0.01864	0.06498	0.02006	0.03974	0.01568	0.01890	0.01206	0.00920	0.00751	0.00300	0.00966	0.00651	0.00568	0.01218

[dist]
# distance from previous block
# <min> <max>
0	16

[block]
# block no. 3 follows, 16 sequences, length 40
# corresponding to MSA columns:
# 221-260
name=unknown_D
#
# <colnr> <probs for GDERKNQSTAVLIFYWHMCP>
#	G	D	E	R	K	N	Q	S	T	A	V	L	I	F	Y	W	H	M	C	P
0	0.02410	0.02416	0.06739	0.11531	0.17616	0.02301	0.15063	0.10643	0.06799	0.03540	0.02060	0.02492	0.01585	0.00929	0.00976	0.00289	0.01205	0.00906	0.00592	0.09909
1	0.01238	0.00958	0.01128	0.01144	0.01381	0.00848	0.00836	0.01548	0.02340	0.03067	0.27593	0.19666	0.29987	0.02392	0.01163	0.00332	0.00492	0.02076	0.00963	0.00848
2	0.01898	0.01765	0.02977	0.02556	0.06609	0.01743	0.18136	0.02874	0.12714	0.03533	0.24073	0.08835	0.04966	0.01501	0.01109	0.00321	0.00928	0.01456	0.00825	0.01181
3	0.01943	0.01647	0.01921	0.01465	0.02210	0.01316	0.01148	0.02514	0.06125	0.03145	0.02305	0.09448	0.02123	0.01030	0.00798	0.00186	0.00703	0.00865	0.00642	0.58465
4	0.01372	0.00991	0.01296	0.01219	0.01448	0.00914	0.00914	0.01829	0.02743	0.03887	0.59381	0.07240	0.09145	0.01981	0.01143	0.00305	0.00457	0.01753	0.01067	0.00914
5	0.01409	0.00940	0.01057	0.01057	0.01057	0.00940	0.00587	0.01409	0.01409	0.01879	0.03054	0.06342	0.03524	0.65938	0.04933	0.00940	0.00940	0.01409	0.00587	0.00587
6	0.01177	0.00967	0.01036	0.01053	0.01337	0.00826	0.00777	0.01439	0.02233	0.02755	0.15296	0.15589	0.47227	0.02465	0.01156	0.00332	0.00495	0.02093	0.00920	0.00826
7	0.03420	0.02584	0.02760	0.02177	0.02905	0.02882	0.01778	0.45990	0.15658	0.05683	0.02662	0.02594	0.01920	0.01195	0.00973	0.00299	0.01004	0.00919	0.00973	0.01625
8	0.01267	0.00987	0.01150	0.01109	0.01384	0.00870	0.00832	0.01626	0.02496	0.03300	0.36443	0.08206	0.32450	0.02200	0.01144	0.00315	0.00473	0.01888	0.00990	0.00870
9	0.02591	0.66522	0.05079	0.01658	0.02488	0.03835	0.01658	0.02902	0.01969	0.02280	0.01347	0.01555	0.01244	0.00829	0.00622	0.00207	0.01036	0.00518	0.00415	0.01244
10	0.02010	0.01723	0.02010	0.01436	0.02297	0.01292	0.01148	0.02440	0.02010	0.03158	0.01723	0.02010	0.01436	0.00718	0.00718	0.00144	0.00718	0.00574	0.00574	0.71863
11	0.02138	0.03831	0.35774	0.03010	0.04163	0.02289	0.18537	0.07225	0.02277	0.03257	0.01916	0.02369	0.01423	0.01399	0.05701	0.00408	0.01551	0.00877	0.00486	0.01370
12	0.01830	0.01723	0.02907	0.63609	0.06675	0.02153	0.02692	0.02476	0.01938	0.02476	0.01723	0.02584	0.01292	0.00969	0.00969	0.00323	0.01292	0.00861	0.00431	0.01077
13	0.02591	0.66522	0.05079	0.01658	0.02488	0.03835	0.01658	0.02902	0.01969	0.02280	0.01347	0.01555	0.01244	0.00829	0.00622	0.00207	0.01036	0.00518	0.00415	0.01244
14	0.10890	0.07157	0.02746	0.02539	0.11906	0.02538	0.01766	0.18124	0.19861	0.04353	0.06317	0.02909	0.02424	0.01158	0.00915	0.00297	0.00910	0.00930	0.00815	0.01446
15	0.01964	0.01456	0.01869	0.01741	0.06381	0.01277	0.01229	0.02547	0.05677	0.08087	0.27737	0.04567	0.05046	0.01365	0.00962	0.00250	0.00646	0.01184	0.00860	0.25153
16	0.02654	0.02292	0.09774	0.11986	0.18147	0.01891	0.05575	0.03245	0.02255	0.16828	0.02269	0.02544	0.01650	0.00937	0.00928	0.00274	0.01077	0.00838	0.00655	0.14184
17	0.01855	0.01974	0.06962	0.20059	0.14406	0.01862	0.12493	0.02433	0.02089	0.02842	0.05959	0.16983	0.02981	0.01444	0.01068	0.00331	0.01127	0.01386	0.00593	0.01153
18	0.01358	0.00990	0.01276	0.01205	0.01439	0.00908	0.00903	0.01802	0.02710	0.03807	0.56289	0.07370	0.12286	0.02011	0.01143	0.00306	0.00459	0.01771	0.01056	0.00908
19	0.02587	0.02097	0.03490	0.15992	0.41386	0.02143	0.02689	0.03146	0.02243	0.11685	0.02106	0.02569	0.01620	0.00934	0.00964	0.00296	0.01128	0.00880	0.00579	0.01467
20	0.02719	0.11223	0.33823	0.02381	0.03508	0.02501	0.02689	0.15387	0.02698	0.10986	0.02092	0.02212	0.01474	0.01001	0.00904	0.00291	0.01226	0.00761	0.00637	0.01487
21	0.01385	0.01038	0.01558	0.01558	0.01731	0.01211	0.01211	0.01731	0.01558	0.02250	0.02596	0.03808	0.02423	0.07269	0.62098	0.01558	0.02596	0.01038	0.00519	0.00865
22	0.01372	0.00991	0.01296	0.01219	0.01448	0.00914	0.00914	0.01829	0.02743	0.03887	0.59381	0.07240	0.09145	0.01981	0.01143	0.00305	0.00457	0.01753	0.01067	0.00914
23	0.02466	0.02277	0.03703	0.12474	0.47523	0.02359	0.02821	0.08564	0.02422	0.03393	0.01864	0.02413	0.01518	0.00908	0.00962	0.00292	0.01159	0.00864	0.00525	0.01492
24	0.01998	0.04669	0.53353	0.03064	0.07933	0.02268	0.07176	0.03066	0.02073	0.03078	0.01760	0.02109	0.01265	0.00910	0.00939	0.00307	0.01428	0.00755	0.00419	0.01431
25	0.01409	0.00940	0.01057	0.01057	0.01057	0.00940	0.00587	0.01409	0.01409	0.01879	0.03054	0.06342	0.03524	0.65938	0.04933	0.00940	0.00940	0.01409	0.00587	0.00587
26	0.02155	0.06862	0.03124	0.02479	0.02540	0.03032	0.02086	0.02374	0.01520	0.02329	0.01278	0.02079	0.01270	0.01633	0.02992	0.00408	0.59516	0.00824	0.00423	0.01074
27	0.02195	0.01717	0.02029	0.01458	0.02311	0.01302	0.01170	0.02621	0.02070	0.07709	0.01889	0.02112	0.01512	0.00756	0.00738	0.00156	0.00726	0.00606	0.00624	0.66297
28	0.02078	0.07051	0.03418	0.39680	0.23896	0.02336	0.02703	0.02674	0.02029	0.02688	0.01726	0.02441	0.01368	0.00923	0.00938	0.00302	0.01225	0.00835	0.00446	0.01241
29	0.01424	0.01017	0.01404	0.01628	0.01790	0.00997	0.01323	0.01770	0.02095	0.02746	0.05208	0.30583	0.05879	0.02807	0.01302	0.00427	0.00773	0.35077	0.00895	0.00854
30	0.01163	0.00966	0.01017	0.01040	0.01329	0.00820	0.00766	0.01412	0.02198	0.02675	0.12189	0.15918	0.50180	0.02497	0.01156	0.00334	0.00498	0.02113	0.00910	0.00820
31	0.72785	0.01874	0.01425	0.01275	0.01874	0.02174	0.01050	0.02849	0.01649	0.04348	0.01350	0.01574	0.01050	0.00900	0.00600	0.00300	0.00750	0.00525	0.00600	0.01050
32	0.01194	0.00853	0.01136	0.01341	0.01409	0.00796	0.00901	0.01382	0.01916	0.02570	0.09008	0.61367	0.06596	0.02965	0.01231	0.00388	0.00555	0.02687	0.00911	0.00796
33	0.02411	0.02082	0.02192	0.01972	0.02520	0.02411	0.01534	0.05150	0.58142	0.04054	0.03945	0.03616	0.02959	0.01315	0.00986	0.00329	0.00767	0.01096	0.00986	0.01534
34	0.72785	0.01874	0.01425	0.01275	0.01874	0.02174	0.01050	0.02849	0.01649	0.04348	0.01350	0.01574	0.01050	0.00900	0.00600	0.00300	0.00750	0.00525	0.00600	0.01050
35	0.02880	0.16191	0.03063	0.01933	0.02668	0.02800	0.01628	0.23788	0.18567	0.04333	0.02488	0.02478	0.01898	0.01076	0.00867	0.00264	0.00932	0.00820	0.00804	0.10522
36	0.01599	0.01854	0.11133	0.02046	0.05651	0.01348	0.05328	0.02075	0.02028	0.02883	0.10101	0.25200	0.04210	0.02496	0.08170	0.00462	0.01050	0.01617	0.00705	0.10042
37	0.02288	0.30542	0.28451	0.02795	0.12180	0.02927	0.02675	0.02984	0.02039	0.02752	0.01587	0.01894	0.01283	0.00873	0.00801	0.00262	0.01221	0.00656	0.00423	0.01369
38	0.02916	0.02628	0.03891	0.10469	0.11529	0.12006	0.21329	0.06224	0.02518	0.13552	0.02198	0.02550	0.01600	0.00958	0.01015	0.00302	0.01372	0.00944	0.00638	0.01360
39	0.01747	0.01092	0.01217	0.01144	0.01463	0.01036	0.00872	0.02311	0.06628	0.07619	0.18520	0.06094	0.20496	0.01732	0.00968	0.00287	0.00516	0.01453	0.23819	0.00985

[dist]
# distance from previous block
# <min> <max>
0	9

[block]
# block no. 4 follows, 16 sequences, length 17
# corresponding to MSA columns:
# 270-286
name=unknown_E
#
# <colnr> <probs for GDERKNQSTAVLIFYWHMCP>
#	G	D	E	R	K	N	Q	S	T	A	V	L	I	F	Y	W	H	M	C	P
0	0.11085	0.02550	0.07308	0.04242	0.33656	0.06735	0.06288	0.03267	0.02249	0.10574	0.02002	0.02358	0.01541	0.00922	0.00923	0.00292	0.01160	0.00829	0.00584	0.01438
1	0.03279	0.10908	0.09876	0.06543	0.09700	0.05558	0.02010	0.03906	0.05655	0.28779	0.02746	0.02695	0.01897	0.01058	0.00914	0.00287	0.01045	0.00850	0.00813	0.01481
2	0.03290	0.01415	0.01910	0.01545	0.02109	0.01243	0.01243	0.03694	0.02763	0.40412	0.23578	0.04700	0.04798	0.01478	0.01035	0.00302	0.00694	0.01251	0.01152	0.01388
3	0.04112	0.02028	0.02484	0.01904	0.02663	0.01987	0.01573	0.23190	0.03408	0.41202	0.03291	0.02953	0.02132	0.01187	0.00973	0.00297	0.00911	0.00938	0.01118	0.01649
4	0.02204	0.02104	0.03582	0.25699	0.41665	0.02252	0.02878	0.02804	0.02115	0.02930	0.01789	0.02462	0.01452	0.00900	0.00963	0.00300	0.01200	0.00863	0.00463	0.01378
5	0.03323	0.02016	0.02883	0.07133	0.13881	0.02010	0.04959	0.15483	0.02915	0.26276	0.02958	0.06981	0.02206	0.01213	0.00997	0.00305	0.01002	0.01052	0.00897	0.01510
6	0.01385	0.01038	0.01558	0.01558	0.01731	0.01211	0.01211	0.01731	0.01558	0.02250	0.02596	0.03808	0.02423	0.07269	0.62098	0.01558	0.02596	0.01038	0.00519	0.00865
7	0.01830	0.01723	0.02907	0.63609	0.06675	0.02153	0.02692	0.02476	0.01938	0.02476	0.01723	0.02584	0.01292	0.00969	0.00969	0.00323	0.01292	0.00861	0.00431	0.01077
8	0.01372	0.00991	0.01296	0.01219	0.01448	0.00914	0.00914	0.01829	0.02743	0.03887	0.59381	0.07240	0.09145	0.01981	0.01143	0.00305	0.00457	0.01753	0.01067	0.00914
9	0.01385	0.01038	0.01558	0.01558	0.01731	0.01211	0.01211	0.01731	0.01558	0.02250	0.02596	0.03808	0.02423	0.07269	0.62098	0.01558	0.02596	0.01038	0.00519	0.00865
10	0.01449	0.01090	0.01507	0.01474	0.01579	0.01259	0.01083	0.01675	0.01505	0.02139	0.02640	0.04481	0.02684	0.25417	0.39511	0.01276	0.06763	0.01141	0.00534	0.00792
11	0.02968	0.02511	0.02864	0.10423	0.03345	0.06436	0.02003	0.29537	0.07034	0.04342	0.02051	0.02364	0.01575	0.01268	0.01502	0.00328	0.16456	0.00865	0.00738	0.01390
12	0.02399	0.02303	0.03934	0.05949	0.59893	0.02303	0.02974	0.02974	0.02207	0.03166	0.01823	0.02399	0.01535	0.00864	0.00960	0.00288	0.01151	0.00864	0.00480	0.01535
13	0.02411	0.02082	0.02192	0.01972	0.02520	0.02411	0.01534	0.05150	0.58142	0.04054	0.03945	0.03616	0.02959	0.01315	0.00986	0.00329	0.00767	0.01096	0.00986	0.01534
14	0.45654	0.02353	0.02215	0.01866	0.02491	0.10136	0.07813	0.03328	0.09588	0.03899	0.01796	0.02000	0.01387	0.00960	0.00754	0.00300	0.00989	0.00690	0.00626	0.01156
15	0.02325	0.41249	0.28022	0.02112	0.03189	0.03184	0.02448	0.02971	0.02001	0.02604	0.01508	0.01757	0.01237	0.00867	0.00745	0.00248	0.01199	0.00600	0.00412	0.01321
16	0.02976	0.12034	0.21914	0.02325	0.03320	0.02874	0.02378	0.32145	0.03399	0.04613	0.02006	0.02133	0.01458	0.01040	0.00907	0.00285	0.01181	0.00775	0.00714	0.01524

[dist]
# distance from previous block
# <min> <max>
0	3

[block]
# block no. 5 follows, 16 sequences, length 44
# corresponding to MSA columns:
# 290-333
name=unknown_F
#
# <colnr> <probs for GDERKNQSTAVLIFYWHMCP>
#	G	D	E	R	K	N	Q	S	T	A	V	L	I	F	Y	W	H	M	C	P
0	0.02783	0.20389	0.03448	0.02756	0.15380	0.02694	0.01895	0.06801	0.19495	0.10854	0.02628	0.02646	0.02008	0.01053	0.00874	0.00279	0.00954	0.00852	0.00738	0.01473
1	0.02591	0.66522	0.05079	0.01658	0.02488	0.03835	0.01658	0.02902	0.01969	0.02280	0.01347	0.01555	0.01244	0.00829	0.00622	0.00207	0.01036	0.00518	0.00415	0.01244
2	0.01385	0.01038	0.01558	0.01558	0.01731	0.01211	0.01211	0.01731	0.01558	0.02250	0.02596	0.03808	0.02423	0.07269	0.62098	0.01558	0.02596	0.01038	0.00519	0.00865
3	0.01181	0.00843	0.01125	0.01350	0.01406	0.00787	0.00900	0.01350	0.01856	0.02474	0.05342	0.65306	0.06410	0.03036	0.01237	0.00394	0.00562	0.02755	0.00900	0.00787
4	0.01372	0.00991	0.01296	0.01219	0.01448	0.00914	0.00914	0.01829	0.02743	0.03887	0.59381	0.07240	0.09145	0.01981	0.01143	0.00305	0.00457	0.01753	0.01067	0.00914
5	0.02591	0.66522	0.05079	0.01658	0.02488	0.03835	0.01658	0.02902	0.01969	0.02280	0.01347	0.01555	0.01244	0.00829	0.00622	0.00207	0.01036	0.00518	0.00415	0.01244
6	0.02120	0.02120	0.02969	0.02545	0.02545	0.02969	0.02120	0.02332	0.01484	0.02332	0.01272	0.02120	0.01272	0.01696	0.03181	0.00424	0.64165	0.00848	0.00424	0.01060
7	0.03684	0.02715	0.02909	0.02230	0.03006	0.03006	0.01842	0.56661	0.04557	0.06108	0.02327	0.02327	0.01648	0.01163	0.00970	0.00291	0.01067	0.00873	0.00970	0.01648
8	0.01145	0.00982	0.00982	0.00982	0.01309	0.00818	0.00736	0.01391	0.02209	0.02618	0.09818	0.09327	0.59499	0.02455	0.01145	0.00327	0.00491	0.02045	0.00900	0.00818
9	0.01145	0.00982	0.00982	0.00982	0.01309	0.00818	0.00736	0.01391	0.02209	0.02618	0.09818	0.09327	0.59499	0.02455	0.01145	0.00327	0.00491	0.02045	0.00900	0.00818
10	0.02182	0.01874	0.02303	0.02111	0.02422	0.02265	0.01740	0.07124	0.21986	0.03368	0.03353	0.05083	0.03078	0.01792	0.01740	0.00387	0.19832	0.15346	0.00791	0.01224
11	0.01385	0.01038	0.01558	0.01558	0.01731	0.01211	0.01211	0.01731	0.01558	0.02250	0.02596	0.03808	0.02423	0.07269	0.62098	0.01558	0.02596	0.01038	0.00519	0.00865
12	0.01181	0.00843	0.01125	0.01350	0.01406	0.00787	0.00900	0.01350	0.01856	0.02474	0.05342	0.65306	0.06410	0.03036	0.01237	0.00394	0.00562	0.02755	0.00900	0.00787
13	0.01196	0.00944	0.01078	0.01129	0.01361	0.00826	0.00814	0.01457	0.02203	0.02802	0.17309	0.24918	0.35456	0.02537	0.01171	0.00342	0.00505	0.02196	0.00929	0.00826
14	0.03038	0.39738	0.04084	0.02004	0.02707	0.25383	0.01749	0.06477	0.02412	0.02543	0.01462	0.01673	0.01270	0.00912	0.00736	0.00228	0.01302	0.00579	0.00479	0.01223
15	0.02076	0.06048	0.02352	0.01778	0.06487	0.01533	0.01315	0.02510	0.02021	0.03101	0.01705	0.02008	0.01430	0.00736	0.00729	0.00158	0.00770	0.00592	0.00557	0.62094
16	0.02673	0.03782	0.28691	0.07314	0.08403	0.12597	0.06602	0.03425	0.02307	0.12064	0.02050	0.02301	0.01464	0.00970	0.00944	0.00297	0.01373	0.00794	0.00564	0.01386
17	0.72785	0.01874	0.01425	0.01275	0.01874	0.02174	0.01050	0.02849	0.01649	0.04348	0.01350	0.01574	0.01050	0.00900	0.00600	0.00300	0.00750	0.00525	0.00600	0.01050
18	0.02282	0.25908	0.26479	0.03064	0.13865	0.02832	0.07013	0.02996	0.02068	0.02813	0.01635	0.01984	0.01309	0.00870	0.00841	0.00270	0.01258	0.00708	0.00431	0.01375
19	0.01409	0.00940	0.01057	0.01057	0.01057	0.00940	0.00587	0.01409	0.01409	0.01879	0.03054	0.06342	0.03524	0.65938	0.04933	0.00940	0.00940	0.01409	0.00587	0.00587
20	0.01358	0.00980	0.01283	0.01229	0.01445	0.00905	0.00913	0.01795	0.02680	0.03786	0.55520	0.11389	0.08950	0.02057	0.01150	0.00311	0.00465	0.01824	0.01055	0.00905
21	0.02723	0.02136	0.02292	0.01989	0.02582	0.02419	0.01568	0.12055	0.46910	0.08430	0.03718	0.03419	0.02742	0.01286	0.00983	0.00322	0.00812	0.01057	0.00999	0.01558
22	0.01409	0.00940	0.01057	0.01057	0.01057	0.00940	0.00587	0.01409	0.01409	0.01879	0.03054	0.06342	0.03524	0.65938	0.04933	0.00940	0.00940	0.01409	0.00587	0.00587
23	0.01392	0.01009	0.01408	0.01408	0.01529	0.01130	0.01025	0.01635	0.01513	0.02139	0.02733	0.04566	0.02752	0.24829	0.44988	0.01373	0.02100	0.01149	0.00540	0.00782
24	0.67853	0.01858	0.01484	0.01307	0.01918	0.02120	0.01077	0.02984	0.01730	0.08399	0.01528	0.01699	0.01147	0.00921	0.00627	0.00300	0.00755	0.00557	0.00643	0.01093
25	0.02399	0.02303	0.03934	0.05949	0.59893	0.02303	0.02974	0.02974	0.02207	0.03166	0.01823	0.02399	0.01535	0.00864	0.00960	0.00288	0.01151	0.00864	0.00480	0.01535
26	0.03628	0.04380	0.02767	0.02463	0.02997	0.54633	0.01869	0.10500	0.02974	0.02841	0.01602	0.01821	0.01299	0.01019	0.00886	0.00255	0.01662	0.00655	0.00558	0.01189
27	0.02027	0.01488	0.01823	0.01698	0.01980	0.01668	0.01314	0.06228	0.14360	0.06399	0.03312	0.05111	0.03104	0.17692	0.14372	0.00737	0.06279	0.08589	0.00754	0.01065
28	0.02277	0.20947	0.18575	0.02081	0.02920	0.02677	0.02115	0.03739	0.23401	0.03210	0.02711	0.03141	0.02203	0.01171	0.00891	0.00297	0.01029	0.04571	0.00665	0.01379
29	0.03718	0.02028	0.09146	0.02046	0.05861	0.01531	0.01725	0.04199	0.02654	0.46031	0.07904	0.03416	0.02752	0.01210	0.00981	0.00300	0.00885	0.01000	0.01055	0.01559
30	0.02442	0.07241	0.14090	0.07514	0.14022	0.02110	0.11389	0.03092	0.02188	0.10331	0.02025	0.02362	0.01520	0.00886	0.00915	0.00268	0.01160	0.00817	0.00570	0.15057
31	0.06164	0.03421	0.25349	0.02694	0.03734	0.06435	0.15384	0.03277	0.05532	0.06967	0.02021	0.02307	0.01485	0.00916	0.00935	0.00287	0.01295	0.00823	0.00553	0.10420
32	0.01327	0.00982	0.01263	0.01386	0.01579	0.00918	0.01073	0.01650	0.02207	0.02899	0.16354	0.26734	0.17072	0.02613	0.01233	0.00380	0.00630	0.17921	0.00929	0.00850
33	0.04106	0.01677	0.02213	0.01711	0.02436	0.01489	0.01409	0.07874	0.02854	0.53437	0.04100	0.03611	0.05904	0.01275	0.00985	0.00301	0.00820	0.01035	0.01166	0.01598
34	0.02516	0.15304	0.10563	0.06188	0.13204	0.02434	0.02133	0.03614	0.15998	0.09805	0.02707	0.03219	0.02169	0.01152	0.00923	0.00299	0.01020	0.04654	0.00693	0.01404
35	0.03336	0.02776	0.03529	0.02923	0.07953	0.10273	0.14307	0.27007	0.03401	0.11344	0.02278	0.02442	0.01639	0.01044	0.00997	0.00295	0.01261	0.00914	0.00788	0.01494
36	0.01260	0.00993	0.01147	0.01178	0.01448	0.00881	0.00908	0.01577	0.02310	0.02940	0.20236	0.13081	0.36372	0.02419	0.01179	0.00344	0.00546	0.09394	0.00937	0.00849
37	0.06209	0.01865	0.06140	0.05581	0.02517	0.01730	0.01520	0.16912	0.02728	0.10936	0.03931	0.25074	0.07078	0.01869	0.01052	0.00334	0.00844	0.01595	0.00876	0.01208
38	0.10445	0.06828	0.23174	0.02954	0.07759	0.02319	0.17682	0.05838	0.02225	0.03322	0.02417	0.02745	0.05976	0.01016	0.00952	0.00305	0.01271	0.00928	0.00530	0.01312
39	0.02176	0.02477	0.07295	0.02639	0.02915	0.06947	0.08725	0.02550	0.01814	0.02606	0.06048	0.02557	0.01920	0.01506	0.02442	0.00382	0.42472	0.00931	0.00488	0.01110
40	0.01270	0.00975	0.01173	0.01219	0.01454	0.00877	0.00921	0.01589	0.02306	0.03004	0.23210	0.19311	0.28020	0.02449	0.01185	0.00347	0.00543	0.08347	0.00949	0.00850
41	0.02741	0.02424	0.09701	0.18730	0.18321	0.02218	0.05447	0.11361	0.02585	0.13642	0.02229	0.02567	0.01607	0.01000	0.00972	0.00304	0.01174	0.00883	0.00663	0.01433
42	0.03007	0.09622	0.06257	0.16982	0.12373	0.06158	0.02179	0.09936	0.02578	0.18142	0.02302	0.02511	0.01649	0.01020	0.00921	0.00289	0.01130	0.00830	0.00706	0.01406
43	0.01599	0.01103	0.01748	0.05965	0.02027	0.01130	0.05445	0.01654	0.01678	0.02286	0.09627	0.08052	0.03208	0.10129	0.10787	0.29973	0.01115	0.01199	0.00573	0.00704

[dist]
# distance from previous block
# <min> <max>
0	34

# created by:
# /st0/software/busco_prod/Augustus/scripts/msa2prfl.pl ./align_prep/5479.fa
