[name]
unknown

[dist]
# distance from previous block
# <min> <max>
0	116

[block]
# block no. 0 follows, 14 sequences, length 12
# corresponding to MSA columns:
# 134-145
name=unknown_A
#
# <colnr> <probs for GDERKNQSTAVLIFYWHMCP>
#	G	D	E	R	K	N	Q	S	T	A	V	L	I	F	Y	W	H	M	C	P
0	0.02576	0.05400	0.02283	0.01747	0.02334	0.06402	0.01394	0.15740	0.02872	0.03951	0.05641	0.03970	0.02744	0.08378	0.01418	0.00346	0.00954	0.05075	0.08297	0.18479
1	0.05925	0.08832	0.05481	0.01646	0.02170	0.01770	0.01395	0.07939	0.02458	0.06218	0.09316	0.17390	0.09596	0.02427	0.06748	0.00447	0.00994	0.01519	0.00820	0.06909
2	0.07957	0.15881	0.15109	0.08391	0.03276	0.02295	0.02031	0.02753	0.02010	0.03000	0.01706	0.02158	0.01403	0.01149	0.01119	0.07029	0.01079	0.00684	0.00504	0.20465
3	0.08374	0.02495	0.11302	0.02184	0.03072	0.01936	0.07364	0.09279	0.02751	0.19689	0.07889	0.03136	0.02570	0.01150	0.00984	0.00294	0.01031	0.00971	0.00863	0.12667
4	0.02678	0.08233	0.02684	0.02095	0.05379	0.02239	0.01612	0.12914	0.09032	0.09408	0.16420	0.03915	0.03899	0.01420	0.01206	0.00304	0.05955	0.01126	0.00900	0.08583
5	0.06354	0.02323	0.08062	0.08496	0.03331	0.05022	0.07135	0.08807	0.02623	0.16071	0.03281	0.06892	0.05407	0.01831	0.05607	0.00427	0.01240	0.01134	0.04612	0.01346
6	0.14468	0.06702	0.02244	0.06617	0.02565	0.04974	0.01439	0.07892	0.02761	0.11970	0.22506	0.04327	0.04600	0.01456	0.00994	0.00310	0.00851	0.01177	0.00913	0.01235
7	0.02078	0.05354	0.05553	0.08371	0.02910	0.01592	0.06559	0.02429	0.02132	0.07448	0.07338	0.13479	0.05717	0.01908	0.01529	0.11484	0.00952	0.01340	0.00707	0.11118
8	0.12550	0.02172	0.02202	0.01981	0.02569	0.02516	0.01550	0.05098	0.47823	0.04338	0.03777	0.03514	0.02838	0.01328	0.00985	0.00344	0.00809	0.01072	0.00985	0.01550
9	0.02385	0.02640	0.10887	0.07146	0.19991	0.02344	0.07463	0.06310	0.15356	0.03766	0.08509	0.03389	0.02809	0.01186	0.01059	0.00326	0.01135	0.01084	0.00721	0.01493
10	0.01590	0.01204	0.01736	0.01547	0.01687	0.01212	0.06526	0.01738	0.01617	0.02189	0.03036	0.05893	0.03324	0.48855	0.12745	0.01019	0.01331	0.01404	0.00600	0.00748
11	0.01322	0.01022	0.01206	0.01205	0.01465	0.00906	0.00887	0.01668	0.02530	0.03333	0.29934	0.16694	0.29194	0.02471	0.01226	0.00346	0.00515	0.02141	0.01030	0.00906

[dist]
# distance from previous block
# <min> <max>
0	7

[block]
# block no. 1 follows, 14 sequences, length 23
# corresponding to MSA columns:
# 153-175
name=unknown_B
#
# <colnr> <probs for GDERKNQSTAVLIFYWHMCP>
#	G	D	E	R	K	N	Q	S	T	A	V	L	I	F	Y	W	H	M	C	P
0	0.03740	0.01527	0.02075	0.01724	0.02328	0.01335	0.01365	0.04081	0.02687	0.43918	0.04463	0.18887	0.03634	0.01771	0.01104	0.00343	0.00802	0.01518	0.01188	0.01511
1	0.02076	0.04411	0.44069	0.02563	0.03924	0.02122	0.03128	0.03078	0.02157	0.03274	0.01837	0.02157	0.01357	0.00920	0.00920	0.00280	0.01322	0.00720	0.00478	0.19208
2	0.02217	0.01867	0.02030	0.01919	0.02365	0.02110	0.01451	0.04417	0.41845	0.03862	0.04558	0.19137	0.04074	0.01862	0.01113	0.00366	0.00756	0.01613	0.01021	0.01421
3	0.01895	0.01702	0.02582	0.07198	0.15957	0.01944	0.01999	0.02244	0.01984	0.02788	0.03351	0.25345	0.03688	0.02110	0.01754	0.00396	0.16653	0.04602	0.00679	0.01130
4	0.01250	0.00893	0.01191	0.01429	0.01488	0.00834	0.00953	0.01429	0.01965	0.02620	0.05656	0.63265	0.06787	0.03215	0.01310	0.00417	0.00595	0.02917	0.00953	0.00834
5	0.02128	0.01824	0.02128	0.01520	0.02432	0.01368	0.01216	0.02584	0.02128	0.03344	0.01824	0.02128	0.01520	0.00760	0.00760	0.00152	0.00760	0.00608	0.00608	0.70208
6	0.02443	0.02106	0.02271	0.01942	0.02608	0.02247	0.01519	0.04714	0.41887	0.04048	0.03571	0.03391	0.02717	0.01229	0.00971	0.00298	0.00799	0.01018	0.00932	0.19288
7	0.05452	0.11135	0.09991	0.18283	0.10109	0.02243	0.04676	0.02698	0.02325	0.03267	0.15982	0.03706	0.03519	0.01251	0.01003	0.00312	0.01092	0.01081	0.00642	0.01233
8	0.02323	0.01953	0.02897	0.10877	0.10950	0.02286	0.04517	0.07796	0.05448	0.03001	0.01934	0.02726	0.01664	0.01893	0.02390	0.18338	0.16386	0.00935	0.00557	0.01130
9	0.71184	0.01985	0.01508	0.01350	0.01985	0.02302	0.01111	0.03017	0.01746	0.04604	0.01429	0.01667	0.01111	0.00953	0.00635	0.00318	0.00794	0.00556	0.00635	0.01111
10	0.01953	0.01737	0.02392	0.03222	0.22119	0.04996	0.01752	0.02258	0.02017	0.02705	0.03255	0.19314	0.03539	0.18417	0.05296	0.00583	0.01118	0.01577	0.00656	0.01095
11	0.01646	0.01248	0.01579	0.01423	0.01727	0.01200	0.01025	0.01902	0.01715	0.02487	0.02687	0.04520	0.02721	0.26411	0.24724	0.01025	0.01597	0.01116	0.00591	0.18655
12	0.01978	0.01865	0.03150	0.57828	0.10397	0.02290	0.02870	0.02657	0.02071	0.02670	0.01831	0.02723	0.01385	0.01019	0.01025	0.00340	0.01358	0.00912	0.00459	0.01172
13	0.02143	0.01135	0.01523	0.01511	0.01786	0.01027	0.01098	0.02422	0.02350	0.17160	0.12593	0.39909	0.06108	0.02554	0.01224	0.00378	0.00651	0.02280	0.01060	0.01088
14	0.01932	0.01601	0.02532	0.45883	0.05556	0.01939	0.02301	0.02563	0.02078	0.02932	0.02216	0.03017	0.01693	0.01070	0.00947	0.00316	0.01139	0.00923	0.18272	0.01093
15	0.49185	0.01906	0.01797	0.01507	0.02194	0.02040	0.01243	0.03672	0.02140	0.22328	0.02294	0.02270	0.01584	0.01058	0.00766	0.00318	0.00820	0.00713	0.00845	0.01321
16	0.01619	0.02183	0.16321	0.01978	0.02504	0.01566	0.01929	0.02198	0.01783	0.02606	0.02515	0.03551	0.02240	0.05965	0.44700	0.01308	0.02431	0.01012	0.00520	0.01071
17	0.02060	0.01949	0.03299	0.50249	0.17331	0.02312	0.02911	0.02729	0.02110	0.02771	0.01846	0.02696	0.01420	0.01003	0.01024	0.00334	0.01338	0.00912	0.00467	0.01239
18	0.01989	0.01897	0.02640	0.02368	0.02384	0.02548	0.01912	0.02202	0.01673	0.02508	0.02457	0.17961	0.02748	0.02162	0.02838	0.00441	0.46227	0.01418	0.00579	0.01048
19	0.03744	0.02199	0.02630	0.06221	0.03114	0.02307	0.01763	0.19938	0.15256	0.26461	0.03438	0.03201	0.02348	0.01269	0.01033	0.00323	0.00972	0.01019	0.01088	0.01676
20	0.07771	0.02221	0.02079	0.01813	0.02342	0.12666	0.01413	0.03788	0.11774	0.17749	0.17646	0.04521	0.06881	0.01511	0.01042	0.00315	0.00924	0.01222	0.00994	0.01327
21	0.20312	0.31204	0.03544	0.01639	0.02458	0.02979	0.01487	0.06151	0.02179	0.03430	0.01577	0.01805	0.01334	0.00894	0.00697	0.00236	0.00949	0.00587	0.00562	0.15975
22	0.48853	0.05307	0.02037	0.01857	0.06008	0.06379	0.01376	0.03215	0.05889	0.04207	0.05155	0.02273	0.01857	0.01057	0.00749	0.00311	0.00895	0.00713	0.00670	0.01192

[dist]
# distance from previous block
# <min> <max>
0	23

[block]
# block no. 2 follows, 14 sequences, length 42
# corresponding to MSA columns:
# 199-240
name=unknown_C
#
# <colnr> <probs for GDERKNQSTAVLIFYWHMCP>
#	G	D	E	R	K	N	Q	S	T	A	V	L	I	F	Y	W	H	M	C	P
0	0.01523	0.01483	0.06340	0.01455	0.01869	0.01103	0.01218	0.01983	0.02510	0.03519	0.30741	0.16769	0.13028	0.02097	0.01153	0.00322	0.00631	0.01835	0.00953	0.09467
1	0.02254	0.04293	0.43573	0.07705	0.04208	0.02166	0.03226	0.03267	0.02222	0.08005	0.02172	0.02485	0.01537	0.01026	0.00960	0.00318	0.01351	0.00814	0.06966	0.01452
2	0.64897	0.02256	0.01639	0.01470	0.02095	0.07670	0.01193	0.03118	0.01855	0.04409	0.01444	0.01684	0.01131	0.00962	0.00662	0.00313	0.00892	0.00566	0.00625	0.01119
3	0.08010	0.07744	0.03484	0.18495	0.08467	0.02196	0.13827	0.02639	0.02138	0.03010	0.02752	0.14381	0.02691	0.01478	0.01076	0.00348	0.01194	0.04280	0.00611	0.01179
4	0.02244	0.03799	0.36664	0.02389	0.03522	0.01924	0.02785	0.03123	0.02307	0.09898	0.07583	0.08116	0.02725	0.01290	0.01014	0.00317	0.01198	0.01067	0.00659	0.07374
5	0.02866	0.32841	0.08658	0.02359	0.06141	0.19933	0.02007	0.03251	0.02339	0.02587	0.01904	0.07128	0.01808	0.01143	0.00841	0.00264	0.01318	0.00826	0.00513	0.01273
6	0.01413	0.01035	0.01325	0.01280	0.01516	0.00947	0.00949	0.01849	0.02771	0.03861	0.48204	0.12680	0.13860	0.02241	0.01219	0.00333	0.00497	0.01977	0.01098	0.00947
7	0.02706	0.01806	0.02187	0.01591	0.02476	0.01401	0.01284	0.03148	0.02317	0.16149	0.02343	0.02446	0.01758	0.00879	0.00823	0.00191	0.00786	0.00707	0.00762	0.54240
8	0.01373	0.00988	0.01301	0.01345	0.01516	0.00916	0.00962	0.01738	0.02537	0.03530	0.36910	0.29416	0.08550	0.02535	0.01249	0.00360	0.00528	0.02271	0.01060	0.00916
9	0.01938	0.01824	0.03078	0.61468	0.07068	0.02280	0.02850	0.02622	0.02052	0.02622	0.01824	0.02736	0.01368	0.01026	0.01026	0.00342	0.01368	0.00912	0.00456	0.01140
10	0.01452	0.01049	0.01372	0.01291	0.01533	0.00968	0.00968	0.01937	0.02905	0.04115	0.56992	0.07666	0.09683	0.02098	0.01210	0.00323	0.00484	0.01856	0.01130	0.00968
11	0.02245	0.02245	0.03143	0.02694	0.02694	0.03143	0.02245	0.02470	0.01572	0.02470	0.01347	0.02245	0.01347	0.01796	0.03368	0.00449	0.62057	0.00898	0.00449	0.01123
12	0.02744	0.64552	0.05378	0.01756	0.02634	0.04061	0.01756	0.03073	0.02085	0.02414	0.01427	0.01646	0.01317	0.00878	0.00658	0.00219	0.01097	0.00549	0.00439	0.01317
13	0.04604	0.01746	0.02382	0.01826	0.02620	0.01508	0.01508	0.05001	0.02937	0.58244	0.04049	0.03493	0.02540	0.01270	0.01032	0.00318	0.00873	0.01032	0.01270	0.01746
14	0.01913	0.00956	0.00956	0.00956	0.01196	0.00956	0.00717	0.02391	0.02152	0.03826	0.03348	0.03826	0.02630	0.01196	0.00717	0.00239	0.00478	0.00956	0.69632	0.00956
15	0.01490	0.01004	0.01163	0.01163	0.01179	0.01019	0.00677	0.01521	0.01505	0.02023	0.03193	0.06492	0.03634	0.59243	0.09782	0.01049	0.01141	0.01460	0.00616	0.00646
16	0.02553	0.02204	0.02320	0.02088	0.02669	0.02553	0.01624	0.05453	0.55679	0.04293	0.04177	0.03829	0.03133	0.01392	0.01044	0.00348	0.00812	0.01160	0.01044	0.01624
17	0.03901	0.02874	0.03080	0.02361	0.03182	0.03182	0.01951	0.54111	0.04825	0.06468	0.02464	0.02464	0.01745	0.01232	0.01027	0.00308	0.01129	0.00924	0.01027	0.01745
18	0.02058	0.05308	0.58618	0.02925	0.04442	0.02383	0.03792	0.03250	0.02167	0.03250	0.01842	0.02167	0.01300	0.00975	0.00975	0.00325	0.01517	0.00758	0.00433	0.01517
19	0.01452	0.01049	0.01372	0.01291	0.01533	0.00968	0.00968	0.01937	0.02905	0.04115	0.56992	0.07666	0.09683	0.02098	0.01210	0.00323	0.00484	0.01856	0.01130	0.00968
20	0.01250	0.00893	0.01191	0.01429	0.01488	0.00834	0.00953	0.01429	0.01965	0.02620	0.05656	0.63265	0.06787	0.03215	0.01310	0.00417	0.00595	0.02917	0.00953	0.00834
21	0.71184	0.01985	0.01508	0.01350	0.01985	0.02302	0.01111	0.03017	0.01746	0.04604	0.01429	0.01667	0.01111	0.00953	0.00635	0.00318	0.00794	0.00556	0.00635	0.01111
22	0.03901	0.02874	0.03080	0.02361	0.03182	0.03182	0.01951	0.54111	0.04825	0.06468	0.02464	0.02464	0.01745	0.01232	0.01027	0.00308	0.01129	0.00924	0.01027	0.01745
23	0.01300	0.00929	0.01248	0.01486	0.01568	0.00877	0.01040	0.01515	0.02014	0.02676	0.05628	0.56850	0.06678	0.03168	0.01323	0.00424	0.00639	0.08838	0.00952	0.00847
24	0.02540	0.02438	0.04165	0.06299	0.57533	0.02438	0.03149	0.03149	0.02337	0.03353	0.01930	0.02540	0.01626	0.00914	0.01016	0.00305	0.01219	0.00914	0.00508	0.01626
25	0.01913	0.00956	0.00956	0.00956	0.01196	0.00956	0.00717	0.02391	0.02152	0.03826	0.03348	0.03826	0.02630	0.01196	0.00717	0.00239	0.00478	0.00956	0.69632	0.00956
26	0.02744	0.64552	0.05378	0.01756	0.02634	0.04061	0.01756	0.03073	0.02085	0.02414	0.01427	0.01646	0.01317	0.00878	0.00658	0.00219	0.01097	0.00549	0.00439	0.01317
27	0.01913	0.00956	0.00956	0.00956	0.01196	0.00956	0.00717	0.02391	0.02152	0.03826	0.03348	0.03826	0.02630	0.01196	0.00717	0.00239	0.00478	0.00956	0.69632	0.00956
28	0.03419	0.01973	0.03069	0.15654	0.20244	0.01952	0.02288	0.03941	0.02570	0.29929	0.02940	0.03045	0.02017	0.01111	0.01026	0.00319	0.01082	0.00971	0.00868	0.01583
29	0.08621	0.04226	0.37308	0.03204	0.04492	0.02440	0.18746	0.03239	0.02205	0.03388	0.01874	0.02303	0.01361	0.00939	0.01015	0.00331	0.01514	0.00877	0.00478	0.01439
30	0.02422	0.02768	0.06055	0.04325	0.05363	0.02595	0.53806	0.03287	0.02422	0.03287	0.02076	0.02768	0.01557	0.00865	0.01211	0.00346	0.01730	0.01211	0.00519	0.01384
31	0.01250	0.00893	0.01191	0.01429	0.01488	0.00834	0.00953	0.01429	0.01965	0.02620	0.05656	0.63265	0.06787	0.03215	0.01310	0.00417	0.00595	0.02917	0.00953	0.00834
32	0.02142	0.07963	0.36862	0.03071	0.04315	0.02419	0.16270	0.03135	0.02291	0.03282	0.06645	0.02764	0.02092	0.01038	0.01036	0.00324	0.01456	0.00957	0.00516	0.01423
33	0.01395	0.00996	0.01357	0.01594	0.01717	0.00958	0.01204	0.01679	0.02107	0.02781	0.05576	0.44741	0.06471	0.03079	0.01348	0.00437	0.00721	0.20015	0.00950	0.00873
34	0.04549	0.01835	0.02437	0.01868	0.02664	0.01640	0.01543	0.08876	0.03086	0.54159	0.03924	0.03412	0.02478	0.01267	0.01032	0.00317	0.00893	0.01023	0.01251	0.01746
35	0.01502	0.01073	0.01479	0.01716	0.01886	0.01050	0.01390	0.01863	0.02213	0.02901	0.05517	0.31049	0.06238	0.02978	0.01377	0.00451	0.00813	0.32652	0.00948	0.00903
36	0.02523	0.26305	0.21939	0.06838	0.08348	0.07975	0.06620	0.03210	0.02227	0.02849	0.01692	0.02065	0.01360	0.00937	0.00880	0.00282	0.01373	0.00731	0.00458	0.01389
37	0.01687	0.01350	0.01917	0.06768	0.02409	0.01591	0.01539	0.02256	0.05933	0.02639	0.03105	0.05085	0.02992	0.08906	0.33114	0.01114	0.07225	0.08740	0.00637	0.00993
38	0.01231	0.01040	0.01065	0.01059	0.01397	0.00874	0.00794	0.01508	0.02383	0.02876	0.13981	0.09706	0.53467	0.02560	0.01213	0.00345	0.00517	0.02142	0.00967	0.00874
39	0.02415	0.02439	0.04536	0.19769	0.11908	0.02582	0.25312	0.07265	0.02445	0.03316	0.01965	0.02664	0.01513	0.01019	0.01291	0.00345	0.06278	0.01045	0.00537	0.01357
40	0.07233	0.18430	0.18906	0.08337	0.17013	0.02728	0.02687	0.03249	0.02211	0.07445	0.01906	0.02250	0.01475	0.00962	0.00893	0.00294	0.01227	0.00766	0.00535	0.01452
41	0.03156	0.08422	0.07763	0.02414	0.02938	0.29844	0.02039	0.03524	0.02440	0.06455	0.01860	0.02221	0.01517	0.01217	0.01410	0.00306	0.14169	0.00760	0.06312	0.01232

[dist]
# distance from previous block
# <min> <max>
0	1

[block]
# block no. 3 follows, 14 sequences, length 24
# corresponding to MSA columns:
# 242-265
name=unknown_D
#
# <colnr> <probs for GDERKNQSTAVLIFYWHMCP>
#	G	D	E	R	K	N	Q	S	T	A	V	L	I	F	Y	W	H	M	C	P
0	0.02133	0.10778	0.02507	0.01545	0.02371	0.01705	0.01269	0.02544	0.02106	0.03140	0.02134	0.07922	0.01996	0.01012	0.00798	0.00187	0.00793	0.00821	0.00617	0.53622
1	0.71184	0.01985	0.01508	0.01350	0.01985	0.02302	0.01111	0.03017	0.01746	0.04604	0.01429	0.01667	0.01111	0.00953	0.00635	0.00318	0.00794	0.00556	0.00635	0.01111
2	0.01653	0.01124	0.01435	0.01521	0.01800	0.01043	0.01228	0.02018	0.02388	0.06805	0.11708	0.17916	0.20525	0.02648	0.01298	0.00404	0.00724	0.21812	0.00988	0.00963
3	0.01432	0.01048	0.01344	0.01270	0.01521	0.00960	0.00953	0.01898	0.02858	0.04003	0.53093	0.07851	0.13652	0.02140	0.01211	0.00325	0.00487	0.01882	0.01115	0.00960
4	0.01283	0.01034	0.01058	0.01052	0.01383	0.00881	0.00789	0.01576	0.02367	0.02951	0.13333	0.09257	0.49496	0.02456	0.01175	0.00337	0.00514	0.02052	0.06123	0.00881
5	0.01466	0.01100	0.01649	0.01649	0.01833	0.01283	0.01283	0.01833	0.01649	0.02382	0.02749	0.04032	0.02566	0.07697	0.59868	0.01649	0.02749	0.01100	0.00550	0.00916
6	0.01250	0.00893	0.01191	0.01429	0.01488	0.00834	0.00953	0.01429	0.01965	0.02620	0.05656	0.63265	0.06787	0.03215	0.01310	0.00417	0.00595	0.02917	0.00953	0.00834
7	0.02324	0.02827	0.10510	0.03835	0.04760	0.02486	0.40972	0.03071	0.02249	0.03105	0.01975	0.02697	0.01534	0.01155	0.01570	0.05729	0.06279	0.01119	0.00500	0.01304
8	0.02422	0.02768	0.06055	0.04325	0.05363	0.02595	0.53806	0.03287	0.02422	0.03287	0.02076	0.02768	0.01557	0.00865	0.01211	0.00346	0.01730	0.01211	0.00519	0.01384
9	0.02058	0.05308	0.58618	0.02925	0.04442	0.02383	0.03792	0.03250	0.02167	0.03250	0.01842	0.02167	0.01300	0.00975	0.00975	0.00325	0.01517	0.00758	0.00433	0.01517
10	0.71184	0.01985	0.01508	0.01350	0.01985	0.02302	0.01111	0.03017	0.01746	0.04604	0.01429	0.01667	0.01111	0.00953	0.00635	0.00318	0.00794	0.00556	0.00635	0.01111
11	0.01938	0.01824	0.03078	0.61468	0.07068	0.02280	0.02850	0.02622	0.02052	0.02622	0.01824	0.02736	0.01368	0.01026	0.01026	0.00342	0.01368	0.00912	0.00456	0.01140
12	0.71184	0.01985	0.01508	0.01350	0.01985	0.02302	0.01111	0.03017	0.01746	0.04604	0.01429	0.01667	0.01111	0.00953	0.00635	0.00318	0.00794	0.00556	0.00635	0.01111
13	0.01213	0.01040	0.01040	0.01040	0.01386	0.00866	0.00780	0.01473	0.02339	0.02772	0.10396	0.09876	0.57117	0.02599	0.01213	0.00347	0.00520	0.02166	0.00953	0.00866
14	0.71184	0.01985	0.01508	0.01350	0.01985	0.02302	0.01111	0.03017	0.01746	0.04604	0.01429	0.01667	0.01111	0.00953	0.00635	0.00318	0.00794	0.00556	0.00635	0.01111
15	0.01250	0.00893	0.01191	0.01429	0.01488	0.00834	0.00953	0.01429	0.01965	0.02620	0.05656	0.63265	0.06787	0.03215	0.01310	0.00417	0.00595	0.02917	0.00953	0.00834
16	0.04604	0.01746	0.02382	0.01826	0.02620	0.01508	0.01508	0.05001	0.02937	0.58244	0.04049	0.03493	0.02540	0.01270	0.01032	0.00318	0.00873	0.01032	0.01270	0.01746
17	0.03833	0.04891	0.02908	0.02644	0.03173	0.59815	0.01983	0.04098	0.02908	0.02512	0.01586	0.01851	0.01322	0.01058	0.00925	0.00264	0.01851	0.00661	0.00529	0.01190
18	0.02540	0.02438	0.04165	0.06299	0.57533	0.02438	0.03149	0.03149	0.02337	0.03353	0.01930	0.02540	0.01626	0.00914	0.01016	0.00305	0.01219	0.00914	0.00508	0.01626
19	0.01213	0.01040	0.01040	0.01040	0.01386	0.00866	0.00780	0.01473	0.02339	0.02772	0.10396	0.09876	0.57117	0.02599	0.01213	0.00347	0.00520	0.02166	0.00953	0.00866
20	0.04604	0.01746	0.02382	0.01826	0.02620	0.01508	0.01508	0.05001	0.02937	0.58244	0.04049	0.03493	0.02540	0.01270	0.01032	0.00318	0.00873	0.01032	0.01270	0.01746
21	0.04604	0.01746	0.02382	0.01826	0.02620	0.01508	0.01508	0.05001	0.02937	0.58244	0.04049	0.03493	0.02540	0.01270	0.01032	0.00318	0.00873	0.01032	0.01270	0.01746
22	0.01466	0.01100	0.01649	0.01649	0.01833	0.01283	0.01283	0.01833	0.01649	0.02382	0.02749	0.04032	0.02566	0.07697	0.59868	0.01649	0.02749	0.01100	0.00550	0.00916
23	0.04066	0.02157	0.02870	0.02737	0.12262	0.02101	0.01906	0.17340	0.03320	0.35404	0.03274	0.03063	0.02177	0.01199	0.01028	0.00313	0.00999	0.00984	0.01076	0.01725

[dist]
# distance from previous block
# <min> <max>
3	7

[block]
# block no. 4 follows, 14 sequences, length 86
# corresponding to MSA columns:
# 274-359
name=unknown_E
#
# <colnr> <probs for GDERKNQSTAVLIFYWHMCP>
#	G	D	E	R	K	N	Q	S	T	A	V	L	I	F	Y	W	H	M	C	P
0	0.07008	0.02976	0.12982	0.08508	0.16144	0.02538	0.23185	0.07753	0.02508	0.03617	0.01982	0.02524	0.01505	0.00944	0.01064	0.00328	0.01444	0.00986	0.00552	0.01452
1	0.71184	0.01985	0.01508	0.01350	0.01985	0.02302	0.01111	0.03017	0.01746	0.04604	0.01429	0.01667	0.01111	0.00953	0.00635	0.00318	0.00794	0.00556	0.00635	0.01111
2	0.01611	0.01014	0.01359	0.01482	0.01646	0.00940	0.01060	0.01874	0.02212	0.07862	0.12537	0.46207	0.06734	0.02857	0.01280	0.00399	0.00633	0.06346	0.01005	0.00943
3	0.02744	0.64552	0.05378	0.01756	0.02634	0.04061	0.01756	0.03073	0.02085	0.02414	0.01427	0.01646	0.01317	0.00878	0.00658	0.00219	0.01097	0.00549	0.00439	0.01317
4	0.02553	0.02204	0.02320	0.02088	0.02669	0.02553	0.01624	0.05453	0.55679	0.04293	0.04177	0.03829	0.03133	0.01392	0.01044	0.00348	0.00812	0.01160	0.01044	0.01624
5	0.01452	0.01049	0.01372	0.01291	0.01533	0.00968	0.00968	0.01937	0.02905	0.04115	0.56992	0.07666	0.09683	0.02098	0.01210	0.00323	0.00484	0.01856	0.01130	0.00968
6	0.02744	0.64552	0.05378	0.01756	0.02634	0.04061	0.01756	0.03073	0.02085	0.02414	0.01427	0.01646	0.01317	0.00878	0.00658	0.00219	0.01097	0.00549	0.00439	0.01317
7	0.04604	0.01746	0.02382	0.01826	0.02620	0.01508	0.01508	0.05001	0.02937	0.58244	0.04049	0.03493	0.02540	0.01270	0.01032	0.00318	0.00873	0.01032	0.01270	0.01746
8	0.03833	0.04891	0.02908	0.02644	0.03173	0.59815	0.01983	0.04098	0.02908	0.02512	0.01586	0.01851	0.01322	0.01058	0.00925	0.00264	0.01851	0.00661	0.00529	0.01190
9	0.01938	0.01824	0.03078	0.61468	0.07068	0.02280	0.02850	0.02622	0.02052	0.02622	0.01824	0.02736	0.01368	0.01026	0.01026	0.00342	0.01368	0.00912	0.00456	0.01140
10	0.04092	0.01860	0.02709	0.06783	0.11486	0.01708	0.01860	0.04543	0.02780	0.45726	0.03560	0.03290	0.02314	0.01197	0.01029	0.00317	0.00962	0.01005	0.01093	0.01684
11	0.01250	0.00893	0.01191	0.01429	0.01488	0.00834	0.00953	0.01429	0.01965	0.02620	0.05656	0.63265	0.06787	0.03215	0.01310	0.00417	0.00595	0.02917	0.00953	0.00834
12	0.71184	0.01985	0.01508	0.01350	0.01985	0.02302	0.01111	0.03017	0.01746	0.04604	0.01429	0.01667	0.01111	0.00953	0.00635	0.00318	0.00794	0.00556	0.00635	0.01111
13	0.01250	0.00893	0.01191	0.01429	0.01488	0.00834	0.00953	0.01429	0.01965	0.02620	0.05656	0.63265	0.06787	0.03215	0.01310	0.00417	0.00595	0.02917	0.00953	0.00834
14	0.02128	0.01824	0.02128	0.01520	0.02432	0.01368	0.01216	0.02584	0.02128	0.03344	0.01824	0.02128	0.01520	0.00760	0.00760	0.00152	0.00760	0.00608	0.00608	0.70208
15	0.02744	0.64552	0.05378	0.01756	0.02634	0.04061	0.01756	0.03073	0.02085	0.02414	0.01427	0.01646	0.01317	0.00878	0.00658	0.00219	0.01097	0.00549	0.00439	0.01317
16	0.02744	0.64552	0.05378	0.01756	0.02634	0.04061	0.01756	0.03073	0.02085	0.02414	0.01427	0.01646	0.01317	0.00878	0.00658	0.00219	0.01097	0.00549	0.00439	0.01317
17	0.02186	0.01446	0.01537	0.01382	0.01769	0.01515	0.01073	0.10714	0.10028	0.04245	0.11120	0.04671	0.08403	0.01475	0.00921	0.00286	0.00630	0.01208	0.34228	0.01164
18	0.01938	0.01824	0.03078	0.61468	0.07068	0.02280	0.02850	0.02622	0.02052	0.02622	0.01824	0.02736	0.01368	0.01026	0.01026	0.00342	0.01368	0.00912	0.00456	0.01140
19	0.02058	0.05308	0.58618	0.02925	0.04442	0.02383	0.03792	0.03250	0.02167	0.03250	0.01842	0.02167	0.01300	0.00975	0.00975	0.00325	0.01517	0.00758	0.00433	0.01517
20	0.01466	0.01100	0.01649	0.01649	0.01833	0.01283	0.01283	0.01833	0.01649	0.02382	0.02749	0.04032	0.02566	0.07697	0.59868	0.01649	0.02749	0.01100	0.00550	0.00916
21	0.03059	0.02417	0.02564	0.02130	0.02801	0.02706	0.01706	0.27205	0.28434	0.05160	0.03888	0.03684	0.06740	0.01414	0.01049	0.00330	0.00933	0.01132	0.01029	0.01620
22	0.04311	0.02216	0.02672	0.02049	0.02854	0.02205	0.01692	0.25448	0.03723	0.36687	0.03389	0.03064	0.02209	0.01254	0.01030	0.00314	0.00980	0.00987	0.01169	0.01746
23	0.01452	0.01049	0.01372	0.01291	0.01533	0.00968	0.00968	0.01937	0.02905	0.04115	0.56992	0.07666	0.09683	0.02098	0.01210	0.00323	0.00484	0.01856	0.01130	0.00968
24	0.02696	0.02280	0.10504	0.36857	0.05471	0.02080	0.02606	0.03370	0.02314	0.18170	0.02445	0.02868	0.01685	0.01087	0.01021	0.00333	0.01251	0.00924	0.00679	0.01360
25	0.03479	0.04301	0.02961	0.02655	0.03066	0.47176	0.02041	0.03735	0.02610	0.02502	0.01533	0.01939	0.01328	0.01222	0.01470	0.00306	0.15278	0.00714	0.00511	0.01175
26	0.01352	0.01084	0.01233	0.01307	0.01619	0.00965	0.01055	0.01678	0.02346	0.02866	0.08834	0.10411	0.40994	0.02673	0.01277	0.00386	0.00654	0.17422	0.00950	0.00891
27	0.01268	0.00907	0.01207	0.01417	0.01492	0.00846	0.00954	0.01475	0.02049	0.02754	0.10272	0.58266	0.07048	0.03115	0.01301	0.00408	0.00585	0.02822	0.00969	0.00846
28	0.03267	0.12242	0.10900	0.06562	0.03515	0.02202	0.09495	0.03835	0.02505	0.26871	0.02988	0.06362	0.02203	0.01206	0.01007	0.00315	0.01138	0.01047	0.00841	0.01499
29	0.02600	0.39379	0.23336	0.02229	0.03295	0.08124	0.02469	0.03218	0.02181	0.02708	0.01582	0.01841	0.01312	0.00926	0.00789	0.00259	0.01303	0.00630	0.00445	0.01374
30	0.01302	0.00930	0.01250	0.01488	0.01570	0.00878	0.01042	0.01518	0.02015	0.02677	0.05628	0.56683	0.06675	0.03167	0.01324	0.00424	0.00640	0.08992	0.00952	0.00848
31	0.50147	0.10955	0.02297	0.06246	0.02581	0.07717	0.01416	0.03091	0.01922	0.03955	0.01474	0.01765	0.01179	0.00957	0.00695	0.00301	0.00976	0.00592	0.00584	0.01149
32	0.01346	0.01045	0.01225	0.01180	0.01468	0.00923	0.00885	0.01731	0.02654	0.03520	0.36356	0.08645	0.30689	0.02320	0.01211	0.00333	0.00500	0.01993	0.01051	0.00923
33	0.02442	0.02249	0.03612	0.21521	0.34532	0.02370	0.02822	0.06958	0.02434	0.03386	0.01933	0.02559	0.01553	0.00960	0.01000	0.00304	0.01220	0.00891	0.00541	0.06712
34	0.03901	0.02874	0.03080	0.02361	0.03182	0.03182	0.01951	0.54111	0.04825	0.06468	0.02464	0.02464	0.01745	0.01232	0.01027	0.00308	0.01129	0.00924	0.01027	0.01745
35	0.01304	0.01043	0.01166	0.01135	0.01442	0.00905	0.00851	0.01649	0.02554	0.03283	0.28115	0.09036	0.39079	0.02408	0.01212	0.00337	0.00506	0.02048	0.01020	0.00905
36	0.02244	0.01946	0.03423	0.48276	0.06434	0.02254	0.09711	0.02927	0.02182	0.07715	0.02059	0.02808	0.01499	0.01026	0.01052	0.00340	0.01373	0.00964	0.00538	0.01228
37	0.01250	0.00893	0.01191	0.01429	0.01488	0.00834	0.00953	0.01429	0.01965	0.02620	0.05656	0.63265	0.06787	0.03215	0.01310	0.00417	0.00595	0.02917	0.00953	0.00834
38	0.01541	0.01145	0.01496	0.01672	0.01937	0.01101	0.01430	0.01959	0.02356	0.02995	0.06704	0.11140	0.19022	0.02774	0.01365	0.00440	0.00836	0.38215	0.00947	0.00925
39	0.02553	0.02204	0.02320	0.02088	0.02669	0.02553	0.01624	0.05453	0.55679	0.04293	0.04177	0.03829	0.03133	0.01392	0.01044	0.00348	0.00812	0.01160	0.01044	0.01624
40	0.03833	0.04891	0.02908	0.02644	0.03173	0.59815	0.01983	0.04098	0.02908	0.02512	0.01586	0.01851	0.01322	0.01058	0.00925	0.00264	0.01851	0.00661	0.00529	0.01190
41	0.03833	0.04891	0.02908	0.02644	0.03173	0.59815	0.01983	0.04098	0.02908	0.02512	0.01586	0.01851	0.01322	0.01058	0.00925	0.00264	0.01851	0.00661	0.00529	0.01190
42	0.02128	0.01824	0.02128	0.01520	0.02432	0.01368	0.01216	0.02584	0.02128	0.03344	0.01824	0.02128	0.01520	0.00760	0.00760	0.00152	0.00760	0.00608	0.00608	0.70208
43	0.01938	0.01824	0.03078	0.61468	0.07068	0.02280	0.02850	0.02622	0.02052	0.02622	0.01824	0.02736	0.01368	0.01026	0.01026	0.00342	0.01368	0.00912	0.00456	0.01140
44	0.02540	0.02438	0.04165	0.06299	0.57533	0.02438	0.03149	0.03149	0.02337	0.03353	0.01930	0.02540	0.01626	0.00914	0.01016	0.00305	0.01219	0.00914	0.00508	0.01626
45	0.01318	0.01052	0.01194	0.01239	0.01532	0.00927	0.00958	0.01635	0.02389	0.02987	0.15455	0.14046	0.38676	0.02618	0.01253	0.00369	0.00589	0.09899	0.00975	0.00890
46	0.03606	0.03021	0.02857	0.10722	0.08034	0.22068	0.02035	0.08025	0.06508	0.19083	0.02602	0.02685	0.01861	0.01139	0.00993	0.00303	0.01324	0.00878	0.00804	0.01452
47	0.02072	0.03629	0.31957	0.02701	0.07683	0.02139	0.02756	0.03411	0.12777	0.03634	0.13281	0.03615	0.03352	0.01275	0.01039	0.00327	0.01150	0.01067	0.00697	0.01437
48	0.01293	0.00925	0.01236	0.01450	0.01535	0.00868	0.01002	0.01515	0.02063	0.02764	0.09546	0.55501	0.06947	0.03104	0.01310	0.00413	0.00611	0.06099	0.00966	0.00851
49	0.02743	0.03450	0.27377	0.07061	0.03790	0.02223	0.02656	0.04152	0.15961	0.15731	0.02927	0.02930	0.02049	0.01151	0.01009	0.00331	0.01182	0.00934	0.00777	0.01566
50	0.13443	0.02288	0.07652	0.07327	0.21403	0.02076	0.06198	0.03276	0.02279	0.11482	0.02349	0.02716	0.01766	0.01019	0.00930	0.00307	0.01075	0.00891	0.10112	0.01411
51	0.10917	0.01440	0.06398	0.01553	0.01822	0.01174	0.01230	0.01810	0.01953	0.02949	0.04733	0.49321	0.05515	0.02703	0.01187	0.00395	0.00705	0.02399	0.00862	0.00933
52	0.71184	0.01985	0.01508	0.01350	0.01985	0.02302	0.01111	0.03017	0.01746	0.04604	0.01429	0.01667	0.01111	0.00953	0.00635	0.00318	0.00794	0.00556	0.00635	0.01111
53	0.01323	0.01044	0.01192	0.01155	0.01454	0.00913	0.00866	0.01686	0.02599	0.03390	0.31818	0.08860	0.35309	0.02369	0.01212	0.00336	0.00503	0.02023	0.01034	0.00913
54	0.02904	0.02949	0.03275	0.03251	0.14138	0.19531	0.08237	0.03364	0.02530	0.07268	0.06528	0.02777	0.02230	0.01114	0.01152	0.00287	0.05451	0.00914	0.00636	0.11463
55	0.01353	0.01033	0.01242	0.01214	0.01478	0.00922	0.00901	0.01735	0.02633	0.03529	0.36688	0.12806	0.26019	0.02361	0.01219	0.00338	0.00505	0.02048	0.01054	0.00922
56	0.02691	0.02636	0.06226	0.02482	0.06579	0.06114	0.01915	0.08396	0.41808	0.04199	0.03594	0.03417	0.02703	0.01301	0.01029	0.00336	0.00972	0.01070	0.00935	0.01599
57	0.59598	0.02045	0.01722	0.01480	0.02145	0.02315	0.01220	0.07776	0.02122	0.09232	0.01740	0.01891	0.01287	0.01004	0.00703	0.00317	0.00831	0.00628	0.00723	0.01221
58	0.01938	0.01824	0.03078	0.61468	0.07068	0.02280	0.02850	0.02622	0.02052	0.02622	0.01824	0.02736	0.01368	0.01026	0.01026	0.00342	0.01368	0.00912	0.00456	0.01140
59	0.01216	0.01028	0.01051	0.01070	0.01394	0.00864	0.00793	0.01469	0.02310	0.02760	0.10031	0.13992	0.53237	0.02646	0.01220	0.00352	0.00526	0.02224	0.00953	0.00864
60	0.02468	0.01813	0.02163	0.01562	0.02458	0.01387	0.01256	0.02916	0.02239	0.10876	0.02129	0.02315	0.01660	0.00830	0.00797	0.00175	0.00776	0.00666	0.00699	0.60816
61	0.02069	0.01107	0.01123	0.01067	0.01352	0.01131	0.00814	0.06450	0.02362	0.04033	0.03278	0.03719	0.02561	0.01198	0.00742	0.00245	0.00529	0.00954	0.64248	0.01018
62	0.01483	0.01275	0.01958	0.01723	0.02075	0.01158	0.09133	0.01885	0.02431	0.03222	0.22062	0.21235	0.21705	0.02329	0.01236	0.00357	0.00716	0.02108	0.00939	0.00970
63	0.01533	0.01152	0.01431	0.01343	0.01624	0.01103	0.01013	0.02217	0.07607	0.04028	0.48651	0.07491	0.12751	0.02073	0.01196	0.00327	0.00516	0.01817	0.01108	0.01019
64	0.02662	0.02776	0.11680	0.04498	0.27839	0.02274	0.14244	0.03372	0.02388	0.09862	0.02195	0.02622	0.01667	0.00942	0.01036	0.00307	0.01298	0.00950	0.00599	0.06788
65	0.04436	0.01752	0.02364	0.01805	0.02607	0.01499	0.01488	0.04837	0.02882	0.54513	0.03897	0.03400	0.02471	0.01235	0.01014	0.00306	0.00866	0.01003	0.01225	0.06399
66	0.25843	0.03273	0.03405	0.02727	0.03447	0.23133	0.17559	0.03489	0.02372	0.03446	0.01684	0.02070	0.01324	0.00964	0.00916	0.00307	0.01462	0.00794	0.00561	0.01223
67	0.02215	0.02197	0.11381	0.02771	0.13715	0.01666	0.01999	0.02903	0.06344	0.09746	0.03679	0.24561	0.03653	0.01822	0.01100	0.00342	0.00934	0.01621	0.00797	0.06554
68	0.01661	0.01334	0.01813	0.01707	0.01780	0.01621	0.01273	0.01861	0.01574	0.02262	0.02590	0.04575	0.02696	0.26575	0.26732	0.01128	0.16213	0.01193	0.00552	0.00859
69	0.03845	0.04556	0.02937	0.02597	0.03174	0.50414	0.01977	0.12400	0.03226	0.03168	0.01732	0.01952	0.01392	0.01086	0.00942	0.00272	0.01731	0.00705	0.00611	0.01282
70	0.02569	0.02966	0.16714	0.07937	0.08633	0.02234	0.22645	0.03373	0.02400	0.11291	0.02561	0.03450	0.01996	0.01129	0.01119	0.00344	0.01423	0.05145	0.00640	0.01431
71	0.59781	0.02007	0.01816	0.01832	0.07029	0.02252	0.01326	0.03184	0.01893	0.08706	0.01680	0.01889	0.01270	0.00974	0.00701	0.00316	0.00838	0.00625	0.00674	0.01207
72	0.01466	0.01100	0.01649	0.01649	0.01833	0.01283	0.01283	0.01833	0.01649	0.02382	0.02749	0.04032	0.02566	0.07697	0.59868	0.01649	0.02749	0.01100	0.00550	0.00916
73	0.01247	0.00905	0.01178	0.01397	0.01480	0.00836	0.00938	0.01433	0.01996	0.02632	0.06050	0.58826	0.10972	0.03164	0.01302	0.00411	0.00589	0.02855	0.00953	0.00836
74	0.07597	0.13261	0.29730	0.02350	0.03494	0.02507	0.02646	0.07588	0.02504	0.15583	0.02284	0.02368	0.01598	0.01044	0.00919	0.00305	0.01230	0.00785	0.00679	0.01527
75	0.04217	0.01909	0.02427	0.01910	0.02672	0.01809	0.01562	0.08932	0.11610	0.45457	0.03945	0.03466	0.02574	0.01287	0.01034	0.00322	0.00883	0.01044	0.01214	0.01727
76	0.02540	0.02438	0.04165	0.06299	0.57533	0.02438	0.03149	0.03149	0.02337	0.03353	0.01930	0.02540	0.01626	0.00914	0.01016	0.00305	0.01219	0.00914	0.00508	0.01626
77	0.02151	0.03322	0.23532	0.18043	0.04868	0.02515	0.11119	0.03150	0.06216	0.03061	0.01982	0.02548	0.01507	0.01123	0.01383	0.00353	0.10355	0.00921	0.00502	0.01349
78	0.11807	0.13297	0.07608	0.24490	0.08578	0.02497	0.02307	0.03224	0.02189	0.11811	0.02064	0.02460	0.01526	0.01016	0.00905	0.00309	0.01165	0.00807	0.00609	0.01331
79	0.01938	0.01824	0.03078	0.61468	0.07068	0.02280	0.02850	0.02622	0.02052	0.02622	0.01824	0.02736	0.01368	0.01026	0.01026	0.00342	0.01368	0.00912	0.00456	0.01140
80	0.01654	0.01181	0.01654	0.01890	0.02126	0.01181	0.01654	0.02126	0.02362	0.03071	0.05433	0.11576	0.05906	0.02835	0.01417	0.00472	0.00945	0.50626	0.00945	0.00945
81	0.03531	0.21674	0.03768	0.02569	0.10132	0.02948	0.01943	0.19522	0.03183	0.17396	0.02457	0.02471	0.01790	0.01089	0.00912	0.00282	0.01069	0.00833	0.00834	0.01597
82	0.02245	0.02245	0.03143	0.02694	0.02694	0.03143	0.02245	0.02470	0.01572	0.02470	0.01347	0.02245	0.01347	0.01796	0.03368	0.00449	0.62057	0.00898	0.00449	0.01123
83	0.01471	0.01037	0.01331	0.01410	0.01585	0.00984	0.01061	0.01730	0.02219	0.02943	0.17297	0.17136	0.13666	0.10912	0.02048	0.06274	0.00727	0.14428	0.00905	0.00837
84	0.01281	0.00928	0.01218	0.01437	0.01534	0.00865	0.00998	0.01490	0.02027	0.02669	0.06003	0.54851	0.10594	0.03136	0.01311	0.00416	0.00619	0.06826	0.00952	0.00845
85	0.02981	0.34624	0.08408	0.02034	0.02878	0.16665	0.01890	0.03381	0.02341	0.05817	0.01695	0.01899	0.01411	0.00936	0.00780	0.00236	0.01255	0.00627	0.00528	0.09613

[dist]
# distance from previous block
# <min> <max>
13	133

# created by:
# /st0/software/busco_prod/Augustus/scripts/msa2prfl.pl ./align_prep/5503.fa
