[name]
unknown

[dist]
# distance from previous block
# <min> <max>
0	69

[block]
# block no. 0 follows, 12 sequences, length 24
# corresponding to MSA columns:
# 69-92
name=unknown_A
#
# <colnr> <probs for GDERKNQSTAVLIFYWHMCP>
#	G	D	E	R	K	N	Q	S	T	A	V	L	I	F	Y	W	H	M	C	P
0	0.16139	0.07166	0.02760	0.02126	0.02831	0.06923	0.01746	0.16808	0.15097	0.08634	0.03050	0.03509	0.02408	0.01383	0.01009	0.00343	0.01072	0.04507	0.00940	0.01549
1	0.15907	0.02566	0.06682	0.02819	0.10785	0.02530	0.02084	0.11181	0.16728	0.08565	0.03145	0.03674	0.02483	0.01361	0.01042	0.00356	0.01047	0.04562	0.00897	0.01585
2	0.02399	0.02417	0.09084	0.02367	0.03066	0.02081	0.09281	0.12786	0.07178	0.04655	0.25763	0.05217	0.05659	0.01642	0.01203	0.00346	0.01013	0.01470	0.00985	0.01387
3	0.02752	0.02883	0.12251	0.03839	0.10443	0.02305	0.23565	0.03553	0.02594	0.11200	0.03001	0.04348	0.02477	0.01323	0.01230	0.00375	0.01479	0.08149	0.00724	0.01508
4	0.02817	0.01749	0.02170	0.01652	0.02443	0.01407	0.01321	0.03291	0.02658	0.17611	0.13211	0.03844	0.03667	0.01241	0.00982	0.00245	0.00780	0.01036	0.00946	0.36930
5	0.02680	0.01622	0.01856	0.01595	0.01980	0.01636	0.01170	0.13399	0.02760	0.11457	0.04177	0.05489	0.09053	0.23249	0.02926	0.05753	0.00962	0.01371	0.05713	0.01152
6	0.01997	0.01688	0.01799	0.01669	0.02137	0.01779	0.01281	0.03628	0.26275	0.03925	0.14609	0.07112	0.23612	0.02077	0.01204	0.00365	0.00692	0.01748	0.01087	0.01316
7	0.01289	0.01105	0.01105	0.01105	0.01473	0.00920	0.00828	0.01565	0.02485	0.02946	0.11046	0.10493	0.54437	0.02761	0.01289	0.00368	0.00552	0.02301	0.01013	0.00920
8	0.01466	0.01112	0.01351	0.01291	0.01582	0.00996	0.00968	0.01909	0.02905	0.03942	0.41254	0.08853	0.23607	0.02390	0.01287	0.00351	0.00526	0.02071	0.01144	0.00996
9	0.69383	0.02109	0.01603	0.01434	0.02109	0.02446	0.01181	0.03205	0.01856	0.04892	0.01518	0.01771	0.01181	0.01012	0.00675	0.00337	0.00843	0.00590	0.00675	0.01181
10	0.61467	0.02089	0.01799	0.08210	0.02744	0.02443	0.01398	0.03156	0.01894	0.04644	0.01568	0.01905	0.01213	0.01021	0.00724	0.00340	0.00915	0.00635	0.00652	0.01184
11	0.69383	0.02109	0.01603	0.01434	0.02109	0.02446	0.01181	0.03205	0.01856	0.04892	0.01518	0.01771	0.01181	0.01012	0.00675	0.00337	0.00843	0.00590	0.00675	0.01181
12	0.02059	0.01938	0.03270	0.59060	0.07510	0.02422	0.03028	0.02786	0.02180	0.02786	0.01938	0.02907	0.01453	0.01090	0.01090	0.00363	0.01453	0.00969	0.00484	0.01211
13	0.01543	0.01115	0.01457	0.01372	0.01629	0.01029	0.01029	0.02058	0.03086	0.04372	0.54304	0.08145	0.10288	0.02229	0.01286	0.00343	0.00514	0.01972	0.01200	0.01029
14	0.69383	0.02109	0.01603	0.01434	0.02109	0.02446	0.01181	0.03205	0.01856	0.04892	0.01518	0.01771	0.01181	0.01012	0.00675	0.00337	0.00843	0.00590	0.00675	0.01181
15	0.02604	0.02425	0.04968	0.03684	0.04554	0.02257	0.35398	0.03322	0.02543	0.09485	0.03193	0.14336	0.02860	0.01456	0.01285	0.00379	0.01496	0.01618	0.00735	0.01402
16	0.04892	0.01856	0.02530	0.01940	0.02783	0.01603	0.01603	0.05314	0.03121	0.55634	0.04302	0.03711	0.02699	0.01350	0.01096	0.00337	0.00928	0.01096	0.01350	0.01856
17	0.01325	0.00962	0.01251	0.01483	0.01572	0.00889	0.00996	0.01522	0.02122	0.02797	0.06441	0.56646	0.11256	0.03360	0.01383	0.00436	0.00626	0.03031	0.01012	0.00889
18	0.03690	0.01875	0.02900	0.10664	0.03592	0.01779	0.07531	0.04152	0.02681	0.33393	0.03568	0.04022	0.02582	0.10459	0.01797	0.00455	0.01134	0.01175	0.01021	0.01532
19	0.02637	0.40647	0.24963	0.02341	0.03533	0.03633	0.02693	0.03337	0.02249	0.02905	0.01685	0.01961	0.01392	0.00972	0.00828	0.00276	0.01336	0.00668	0.00464	0.01480
20	0.01757	0.01255	0.01757	0.02008	0.02259	0.01255	0.01757	0.02259	0.02510	0.03263	0.05773	0.12299	0.06275	0.03012	0.01506	0.00502	0.01004	0.47540	0.01004	0.01004
21	0.61721	0.02079	0.01713	0.01494	0.02189	0.02346	0.01231	0.03456	0.02006	0.10921	0.01849	0.02002	0.01361	0.01052	0.00725	0.00337	0.00853	0.00651	0.00755	0.01261
22	0.02502	0.01754	0.02315	0.02189	0.08476	0.01482	0.01502	0.03005	0.02669	0.11830	0.18111	0.04311	0.04411	0.01339	0.01028	0.00262	0.00795	0.01154	0.00909	0.29957
23	0.28285	0.14434	0.14673	0.01918	0.02803	0.02569	0.01944	0.03038	0.02084	0.03767	0.02181	0.08956	0.02017	0.01273	0.00856	0.00318	0.01051	0.00940	0.00624	0.06269

[dist]
# distance from previous block
# <min> <max>
1	2

[block]
# block no. 1 follows, 12 sequences, length 10
# corresponding to MSA columns:
# 95-104
name=unknown_B
#
# <colnr> <probs for GDERKNQSTAVLIFYWHMCP>
#	G	D	E	R	K	N	Q	S	T	A	V	L	I	F	Y	W	H	M	C	P
0	0.01522	0.01098	0.01438	0.01387	0.01624	0.01014	0.01027	0.02003	0.02986	0.04212	0.49427	0.13479	0.09977	0.02349	0.01297	0.00353	0.00526	0.02086	0.01181	0.01014
1	0.01417	0.01081	0.01302	0.01307	0.01567	0.00966	0.00957	0.01792	0.02700	0.03597	0.30784	0.18494	0.24828	0.02626	0.01306	0.00370	0.00549	0.02288	0.01102	0.00966
2	0.01536	0.01126	0.01448	0.01400	0.01669	0.01038	0.01073	0.02025	0.02974	0.04127	0.45557	0.08754	0.14480	0.02353	0.01306	0.00360	0.00562	0.06036	0.01164	0.01015
3	0.13346	0.02227	0.03318	0.26431	0.22388	0.02511	0.02713	0.03327	0.06961	0.03561	0.02141	0.02758	0.01677	0.01073	0.01020	0.00346	0.01245	0.00933	0.00593	0.01431
4	0.02059	0.01938	0.03270	0.59060	0.07510	0.02422	0.03028	0.02786	0.02180	0.02786	0.01938	0.02907	0.01453	0.01090	0.01090	0.00363	0.01453	0.00969	0.00484	0.01211
5	0.61369	0.09370	0.02098	0.01486	0.02192	0.02671	0.01263	0.03212	0.01899	0.04612	0.01518	0.01769	0.01207	0.01003	0.00678	0.00325	0.00882	0.00590	0.00650	0.01207
6	0.13201	0.19775	0.25372	0.02762	0.03955	0.03034	0.11024	0.03370	0.02254	0.03453	0.01811	0.02179	0.01401	0.00985	0.00931	0.00318	0.01408	0.00794	0.00512	0.01462
7	0.03454	0.02447	0.09374	0.12984	0.11785	0.01997	0.02384	0.04073	0.02668	0.26592	0.03010	0.03094	0.02058	0.01152	0.01056	0.00323	0.01148	0.00973	0.00892	0.08539
8	0.01472	0.01090	0.01238	0.01213	0.01413	0.01002	0.00824	0.01715	0.02327	0.03051	0.20753	0.08573	0.23005	0.24383	0.02863	0.00615	0.00728	0.01941	0.00937	0.00856
9	0.02415	0.03335	0.21108	0.02221	0.03404	0.02013	0.02321	0.07609	0.02548	0.03834	0.02009	0.02309	0.01556	0.00935	0.00914	0.00241	0.01125	0.00734	0.00624	0.38744

[dist]
# distance from previous block
# <min> <max>
4	6

[block]
# block no. 2 follows, 12 sequences, length 15
# corresponding to MSA columns:
# 112-126
name=unknown_C
#
# <colnr> <probs for GDERKNQSTAVLIFYWHMCP>
#	G	D	E	R	K	N	Q	S	T	A	V	L	I	F	Y	W	H	M	C	P
0	0.02261	0.01938	0.02261	0.01615	0.02584	0.01453	0.01292	0.02745	0.02261	0.03553	0.01938	0.02261	0.01615	0.00807	0.00807	0.00161	0.00807	0.00646	0.00646	0.68346
1	0.01316	0.01106	0.01142	0.01133	0.01489	0.00932	0.00850	0.01617	0.02549	0.03098	0.15667	0.10242	0.49721	0.02705	0.01288	0.00365	0.00548	0.02266	0.01033	0.00932
2	0.01479	0.01096	0.01384	0.01386	0.01586	0.01068	0.00996	0.01795	0.02313	0.03131	0.20598	0.13523	0.15993	0.13877	0.14087	0.00784	0.01145	0.01925	0.00917	0.00917
3	0.01515	0.01113	0.01418	0.01342	0.01611	0.01017	0.01006	0.02002	0.03019	0.04213	0.49460	0.08408	0.15231	0.02289	0.01286	0.00346	0.00519	0.02009	0.01179	0.01017
4	0.02771	0.01233	0.01407	0.01255	0.01661	0.01168	0.00979	0.03257	0.02502	0.17377	0.03749	0.03974	0.02770	0.01291	0.00848	0.00276	0.00616	0.01037	0.50597	0.01233
5	0.02712	0.02342	0.02465	0.02219	0.02835	0.02712	0.01726	0.05794	0.52909	0.04561	0.04438	0.04068	0.03328	0.01479	0.01109	0.00370	0.00863	0.01233	0.01109	0.01726
6	0.02059	0.01938	0.03270	0.59060	0.07510	0.02422	0.03028	0.02786	0.02180	0.02786	0.01938	0.02907	0.01453	0.01090	0.01090	0.00363	0.01453	0.00969	0.00484	0.01211
7	0.04073	0.05197	0.03090	0.02809	0.03371	0.57303	0.02107	0.04354	0.03090	0.02669	0.01685	0.01966	0.01404	0.01124	0.00983	0.00281	0.01966	0.00702	0.00562	0.01264
8	0.02915	0.62337	0.05714	0.01866	0.02799	0.04314	0.01866	0.03265	0.02215	0.02565	0.01516	0.01749	0.01399	0.00933	0.00700	0.00233	0.01166	0.00583	0.00466	0.01399
9	0.03223	0.26842	0.03584	0.01765	0.02498	0.02586	0.01567	0.03638	0.02735	0.20596	0.15774	0.04015	0.04075	0.01398	0.00979	0.00295	0.00923	0.01104	0.00944	0.01457
10	0.01328	0.00949	0.01265	0.01518	0.01581	0.00886	0.01012	0.01518	0.02088	0.02783	0.06010	0.60969	0.07212	0.03416	0.01392	0.00443	0.00633	0.03100	0.01012	0.00886
11	0.02544	0.15400	0.18821	0.03678	0.04876	0.03009	0.29347	0.03437	0.02434	0.03299	0.02006	0.02543	0.01535	0.00951	0.01107	0.00335	0.01648	0.01026	0.00512	0.01492
12	0.25478	0.18442	0.02963	0.01710	0.02436	0.02659	0.01479	0.03721	0.06723	0.13933	0.08207	0.03049	0.02736	0.01232	0.00868	0.00312	0.00913	0.00895	0.00844	0.01400
13	0.01782	0.01329	0.01589	0.01445	0.01793	0.01270	0.01105	0.07458	0.03192	0.04362	0.39724	0.08004	0.18326	0.02234	0.01265	0.00346	0.00599	0.01928	0.01150	0.01099
14	0.01519	0.01203	0.01547	0.07737	0.02237	0.01150	0.01188	0.01981	0.02793	0.03738	0.34594	0.08311	0.23439	0.02272	0.01265	0.00353	0.00632	0.01965	0.01060	0.01015

[dist]
# distance from previous block
# <min> <max>
0	1

[block]
# block no. 3 follows, 12 sequences, length 8
# corresponding to MSA columns:
# 128-135
name=unknown_D
#
# <colnr> <probs for GDERKNQSTAVLIFYWHMCP>
#	G	D	E	R	K	N	Q	S	T	A	V	L	I	F	Y	W	H	M	C	P
0	0.06634	0.02403	0.02926	0.14291	0.07184	0.10922	0.05682	0.03566	0.02603	0.15601	0.03262	0.10134	0.02834	0.01564	0.01137	0.00362	0.01266	0.05433	0.00827	0.01369
1	0.02640	0.02201	0.02311	0.02091	0.02668	0.02531	0.01623	0.05447	0.47509	0.04508	0.04344	0.04068	0.03271	0.01457	0.01072	0.00357	0.00825	0.01210	0.08217	0.01650
2	0.02551	0.01929	0.02291	0.01651	0.02606	0.01470	0.01326	0.03029	0.02356	0.09299	0.02199	0.02421	0.01735	0.00867	0.00839	0.00181	0.00821	0.00696	0.00724	0.61011
3	0.02929	0.02289	0.08672	0.13708	0.03844	0.01795	0.02038	0.03536	0.02548	0.18501	0.05794	0.03175	0.02394	0.01135	0.01005	0.00286	0.01050	0.00942	0.00828	0.23531
4	0.02684	0.21764	0.19443	0.02256	0.03203	0.09280	0.02355	0.03340	0.02586	0.06761	0.12737	0.03391	0.03314	0.01282	0.00982	0.00302	0.01246	0.00985	0.00686	0.01401
5	0.02194	0.02021	0.03104	0.47342	0.06546	0.02482	0.02760	0.03406	0.12638	0.03152	0.02453	0.03146	0.01840	0.01170	0.01094	0.00365	0.01332	0.01023	0.00613	0.01317
6	0.02159	0.01997	0.03167	0.42452	0.10805	0.02238	0.02699	0.02829	0.02224	0.03015	0.01948	0.02755	0.01512	0.01021	0.01031	0.00318	0.01306	0.00903	0.00523	0.15098
7	0.02648	0.03115	0.15664	0.04348	0.25774	0.02280	0.05927	0.03402	0.02449	0.07402	0.02183	0.02609	0.01693	0.00977	0.01028	0.00299	0.01273	0.00896	0.00605	0.15428

[dist]
# distance from previous block
# <min> <max>
0	9

[block]
# block no. 4 follows, 12 sequences, length 102
# corresponding to MSA columns:
# 145-246
name=unknown_E
#
# <colnr> <probs for GDERKNQSTAVLIFYWHMCP>
#	G	D	E	R	K	N	Q	S	T	A	V	L	I	F	Y	W	H	M	C	P
0	0.02833	0.53029	0.05345	0.02020	0.02808	0.04163	0.01946	0.03165	0.02131	0.02574	0.01503	0.01848	0.01404	0.01084	0.01147	0.00271	0.10252	0.00641	0.00468	0.01367
1	0.01328	0.00949	0.01265	0.01518	0.01581	0.00886	0.01012	0.01518	0.02088	0.02783	0.06010	0.60969	0.07212	0.03416	0.01392	0.00443	0.00633	0.03100	0.01012	0.00886
2	0.01514	0.01113	0.01417	0.01341	0.01611	0.01016	0.01006	0.02001	0.03017	0.04208	0.49325	0.08415	0.15370	0.02290	0.01286	0.00346	0.00519	0.02010	0.01179	0.01016
3	0.01611	0.01048	0.01208	0.01208	0.01208	0.01048	0.00684	0.01572	0.01572	0.02096	0.03308	0.06819	0.03793	0.56888	0.05443	0.06622	0.01048	0.01533	0.00645	0.00645
4	0.01432	0.01107	0.01331	0.01468	0.01724	0.01006	0.01139	0.01750	0.02389	0.02993	0.08243	0.24115	0.28517	0.03002	0.01377	0.00426	0.00701	0.15335	0.01010	0.00935
5	0.02574	0.02941	0.06434	0.04596	0.05699	0.02757	0.50919	0.03493	0.02574	0.03493	0.02206	0.02941	0.01654	0.00919	0.01287	0.00368	0.01838	0.01287	0.00551	0.01471
6	0.04073	0.05197	0.03090	0.02809	0.03371	0.57303	0.02107	0.04354	0.03090	0.02669	0.01685	0.01966	0.01404	0.01124	0.00983	0.00281	0.01966	0.00702	0.00562	0.01264
7	0.69383	0.02109	0.01603	0.01434	0.02109	0.02446	0.01181	0.03205	0.01856	0.04892	0.01518	0.01771	0.01181	0.01012	0.00675	0.00337	0.00843	0.00590	0.00675	0.01181
8	0.01734	0.01245	0.01756	0.01979	0.02223	0.01267	0.01712	0.02223	0.02423	0.03179	0.05445	0.11377	0.05867	0.03607	0.07935	0.00646	0.01225	0.42203	0.00956	0.01001
9	0.01328	0.00949	0.01265	0.01518	0.01581	0.00886	0.01012	0.01518	0.02088	0.02783	0.06010	0.60969	0.07212	0.03416	0.01392	0.00443	0.00633	0.03100	0.01012	0.00886
10	0.02613	0.09778	0.06351	0.04281	0.05365	0.02937	0.45273	0.03466	0.02532	0.03386	0.02126	0.02804	0.01625	0.00921	0.01219	0.00352	0.01761	0.01206	0.00542	0.01462
11	0.02542	0.02185	0.02747	0.02020	0.02960	0.01891	0.05610	0.08647	0.06869	0.04014	0.02249	0.02511	0.01790	0.00931	0.00906	0.00215	0.00944	0.00788	0.00728	0.49451
12	0.01807	0.00978	0.01355	0.01355	0.01355	0.00978	0.00866	0.01467	0.01467	0.01956	0.02331	0.04398	0.02481	0.20202	0.04627	0.49219	0.00978	0.01128	0.00527	0.00527
13	0.01328	0.00949	0.01265	0.01518	0.01581	0.00886	0.01012	0.01518	0.02088	0.02783	0.06010	0.60969	0.07212	0.03416	0.01392	0.00443	0.00633	0.03100	0.01012	0.00886
14	0.02876	0.55500	0.05797	0.02180	0.03132	0.04135	0.07512	0.03291	0.02257	0.02672	0.01595	0.01886	0.01429	0.00931	0.00767	0.00249	0.01243	0.00664	0.00476	0.01407
15	0.10019	0.03053	0.14608	0.02310	0.03318	0.02375	0.02235	0.17279	0.03370	0.25947	0.03060	0.02918	0.02033	0.01237	0.01043	0.00336	0.01147	0.00953	0.01018	0.01739
16	0.02321	0.02330	0.04326	0.34374	0.16536	0.02543	0.15566	0.03082	0.02343	0.03126	0.02030	0.02874	0.01561	0.01022	0.01139	0.00357	0.01522	0.01052	0.00513	0.01382
17	0.63705	0.07253	0.01954	0.01471	0.02168	0.02606	0.01239	0.03210	0.01886	0.04693	0.01518	0.01769	0.01199	0.01005	0.00677	0.00328	0.00871	0.00590	0.00657	0.01199
18	0.01328	0.00949	0.01265	0.01518	0.01581	0.00886	0.01012	0.01518	0.02088	0.02783	0.06010	0.60969	0.07212	0.03416	0.01392	0.00443	0.00633	0.03100	0.01012	0.00886
19	0.61648	0.02515	0.07867	0.01627	0.02409	0.02456	0.01509	0.03234	0.01907	0.04726	0.01569	0.01832	0.01204	0.01015	0.00716	0.00338	0.00932	0.00615	0.00650	0.01230
20	0.19159	0.21929	0.11849	0.02522	0.08922	0.02931	0.02162	0.03634	0.02325	0.12317	0.02116	0.02280	0.01600	0.01043	0.00856	0.00304	0.01132	0.00751	0.00673	0.01494
21	0.04016	0.04732	0.03000	0.02701	0.03286	0.48980	0.02041	0.04539	0.07217	0.06442	0.02092	0.02259	0.01652	0.01168	0.01001	0.00292	0.01804	0.00773	0.00661	0.01343
22	0.02712	0.02342	0.02465	0.02219	0.02835	0.02712	0.01726	0.05794	0.52909	0.04561	0.04438	0.04068	0.03328	0.01479	0.01109	0.00370	0.00863	0.01233	0.01109	0.01726
23	0.02574	0.02941	0.06434	0.04596	0.05699	0.02757	0.50919	0.03493	0.02574	0.03493	0.02206	0.02941	0.01654	0.00919	0.01287	0.00368	0.01838	0.01287	0.00551	0.01471
24	0.03061	0.01442	0.01935	0.01643	0.02154	0.01281	0.01290	0.03509	0.03029	0.27725	0.27872	0.09986	0.06588	0.01913	0.01207	0.00348	0.00712	0.01654	0.01255	0.01397
25	0.01328	0.00949	0.01265	0.01518	0.01581	0.00886	0.01012	0.01518	0.02088	0.02783	0.06010	0.60969	0.07212	0.03416	0.01392	0.00443	0.00633	0.03100	0.01012	0.00886
26	0.01449	0.01111	0.01327	0.01273	0.01571	0.00989	0.00955	0.01875	0.02864	0.03845	0.38313	0.09013	0.26608	0.02426	0.01287	0.00352	0.00528	0.02094	0.01131	0.00989
27	0.01558	0.01168	0.01752	0.01752	0.01947	0.01363	0.01363	0.01947	0.01752	0.02531	0.02921	0.04283	0.02726	0.08178	0.57360	0.01752	0.02921	0.01168	0.00584	0.00974
28	0.01586	0.01057	0.01189	0.01189	0.01189	0.01057	0.00661	0.01586	0.01586	0.02114	0.03436	0.07135	0.03964	0.61681	0.05550	0.01057	0.01057	0.01586	0.00661	0.00661
29	0.04892	0.01856	0.02530	0.01940	0.02783	0.01603	0.01603	0.05314	0.03121	0.55634	0.04302	0.03711	0.02699	0.01350	0.01096	0.00337	0.00928	0.01096	0.01350	0.01856
30	0.01543	0.01115	0.01457	0.01372	0.01629	0.01029	0.01029	0.02058	0.03086	0.04372	0.54304	0.08145	0.10288	0.02229	0.01286	0.00343	0.00514	0.01972	0.01200	0.01029
31	0.04892	0.01856	0.02530	0.01940	0.02783	0.01603	0.01603	0.05314	0.03121	0.55634	0.04302	0.03711	0.02699	0.01350	0.01096	0.00337	0.00928	0.01096	0.01350	0.01856
32	0.02884	0.02529	0.04266	0.06291	0.50478	0.02507	0.03199	0.03512	0.02537	0.07961	0.02241	0.02784	0.01809	0.01003	0.01081	0.00325	0.01264	0.00982	0.00608	0.01738
33	0.02360	0.01844	0.02881	0.03957	0.26654	0.01812	0.02151	0.02773	0.02296	0.07493	0.03471	0.13716	0.03525	0.13786	0.02067	0.00507	0.01086	0.05547	0.00748	0.01327
34	0.63625	0.02381	0.01734	0.01555	0.02220	0.07282	0.01262	0.03306	0.01964	0.04696	0.01533	0.01788	0.01201	0.01022	0.00702	0.00332	0.00942	0.00600	0.00665	0.01188
35	0.02575	0.35867	0.29205	0.02446	0.03695	0.03482	0.02875	0.03353	0.02256	0.02980	0.01722	0.02007	0.01391	0.00981	0.00857	0.00286	0.01374	0.00687	0.00464	0.01498
36	0.03313	0.02256	0.03561	0.08558	0.30573	0.02171	0.02599	0.03881	0.02645	0.20041	0.02748	0.02999	0.02007	0.01087	0.01063	0.00318	0.01150	0.00984	0.00802	0.07246
37	0.02261	0.01938	0.02261	0.01615	0.02584	0.01453	0.01292	0.02745	0.02261	0.03553	0.01938	0.02261	0.01615	0.00807	0.00807	0.00161	0.00807	0.00646	0.00646	0.68346
38	0.02585	0.02214	0.02355	0.02154	0.02720	0.02544	0.01660	0.05400	0.48232	0.04398	0.04583	0.09305	0.03686	0.01658	0.01135	0.00377	0.00842	0.01405	0.01101	0.01649
39	0.02915	0.62337	0.05714	0.01866	0.02799	0.04314	0.01866	0.03265	0.02215	0.02565	0.01516	0.01749	0.01399	0.00933	0.00700	0.00233	0.01166	0.00583	0.00466	0.01399
40	0.69383	0.02109	0.01603	0.01434	0.02109	0.02446	0.01181	0.03205	0.01856	0.04892	0.01518	0.01771	0.01181	0.01012	0.00675	0.00337	0.00843	0.00590	0.00675	0.01181
41	0.02125	0.01913	0.03005	0.04210	0.30473	0.01857	0.02250	0.02670	0.02654	0.03684	0.18433	0.05601	0.13342	0.01640	0.01174	0.00337	0.00944	0.01487	0.00809	0.01389
42	0.02712	0.02342	0.02465	0.02219	0.02835	0.02712	0.01726	0.05794	0.52909	0.04561	0.04438	0.04068	0.03328	0.01479	0.01109	0.00370	0.00863	0.01233	0.01109	0.01726
43	0.02934	0.45965	0.13907	0.02149	0.03189	0.03907	0.02254	0.08819	0.02565	0.03210	0.01717	0.01942	0.01449	0.00993	0.00801	0.00263	0.01245	0.00666	0.00537	0.01487
44	0.01783	0.01137	0.01502	0.01460	0.01718	0.01042	0.01075	0.02204	0.02829	0.08478	0.37317	0.21512	0.08818	0.02461	0.01297	0.00368	0.00582	0.02188	0.01164	0.01064
45	0.04073	0.05197	0.03090	0.02809	0.03371	0.57303	0.02107	0.04354	0.03090	0.02669	0.01685	0.01966	0.01404	0.01124	0.00983	0.00281	0.01966	0.00702	0.00562	0.01264
46	0.02261	0.01938	0.02261	0.01615	0.02584	0.01453	0.01292	0.02745	0.02261	0.03553	0.01938	0.02261	0.01615	0.00807	0.00807	0.00161	0.00807	0.00646	0.00646	0.68346
47	0.02187	0.05640	0.56031	0.03108	0.04719	0.02532	0.04029	0.03453	0.02302	0.03453	0.01957	0.02302	0.01381	0.01036	0.01036	0.00345	0.01611	0.00806	0.00460	0.01611
48	0.69383	0.02109	0.01603	0.01434	0.02109	0.02446	0.01181	0.03205	0.01856	0.04892	0.01518	0.01771	0.01181	0.01012	0.00675	0.00337	0.00843	0.00590	0.00675	0.01181
49	0.01328	0.00949	0.01265	0.01518	0.01581	0.00886	0.01012	0.01518	0.02088	0.02783	0.06010	0.60969	0.07212	0.03416	0.01392	0.00443	0.00633	0.03100	0.01012	0.00886
50	0.02712	0.02342	0.02465	0.02219	0.02835	0.02712	0.01726	0.05794	0.52909	0.04561	0.04438	0.04068	0.03328	0.01479	0.01109	0.00370	0.00863	0.01233	0.01109	0.01726
51	0.04892	0.01856	0.02530	0.01940	0.02783	0.01603	0.01603	0.05314	0.03121	0.55634	0.04302	0.03711	0.02699	0.01350	0.01096	0.00337	0.00928	0.01096	0.01350	0.01856
52	0.04225	0.01708	0.02317	0.01827	0.02554	0.01488	0.01488	0.04666	0.03114	0.45431	0.14254	0.04594	0.04210	0.01525	0.01134	0.00338	0.00846	0.01271	0.01320	0.01691
53	0.02397	0.02162	0.02056	0.01937	0.02289	0.11408	0.01458	0.03435	0.16493	0.03175	0.03130	0.03904	0.02680	0.07687	0.18347	0.07052	0.01657	0.01100	0.06460	0.01174
54	0.69383	0.02109	0.01603	0.01434	0.02109	0.02446	0.01181	0.03205	0.01856	0.04892	0.01518	0.01771	0.01181	0.01012	0.00675	0.00337	0.00843	0.00590	0.00675	0.01181
55	0.02297	0.02429	0.07842	0.11949	0.22719	0.02061	0.02503	0.02927	0.02355	0.03380	0.02820	0.03278	0.06474	0.01109	0.01014	0.00286	0.01129	0.00980	0.00601	0.21845
56	0.02203	0.01851	0.02626	0.02327	0.02327	0.02450	0.01851	0.02177	0.01577	0.02353	0.01603	0.02731	0.01603	0.02607	0.03832	0.25677	0.37853	0.00952	0.00476	0.00925
57	0.04806	0.01994	0.02616	0.02005	0.02852	0.01807	0.01657	0.10600	0.03352	0.50022	0.04108	0.03585	0.02602	0.01345	0.01096	0.00336	0.00959	0.01083	0.01320	0.01855
58	0.03187	0.25206	0.13440	0.02705	0.03767	0.03025	0.13235	0.03833	0.02525	0.15511	0.02405	0.02575	0.01762	0.01046	0.00982	0.00307	0.01335	0.00901	0.00694	0.01559
59	0.04339	0.01917	0.02888	0.02197	0.03020	0.01686	0.07230	0.04826	0.03055	0.45254	0.08331	0.04001	0.03227	0.01375	0.01135	0.00341	0.00997	0.01193	0.01245	0.01741
60	0.01528	0.01095	0.01417	0.01368	0.01586	0.01019	0.00995	0.01970	0.02868	0.04036	0.45659	0.12606	0.09465	0.07573	0.01671	0.00415	0.00572	0.02035	0.01136	0.00984
61	0.04692	0.01949	0.02867	0.02169	0.03035	0.01702	0.05851	0.05157	0.03074	0.51143	0.04121	0.03645	0.02609	0.01312	0.01113	0.00340	0.01006	0.01113	0.01281	0.01822
62	0.04135	0.11015	0.12471	0.02137	0.03129	0.02148	0.02070	0.04696	0.02848	0.38926	0.03495	0.03186	0.02283	0.01235	0.01030	0.00324	0.01083	0.00973	0.01068	0.01748
63	0.01997	0.01854	0.03099	0.54145	0.07003	0.02291	0.02856	0.02678	0.02172	0.02786	0.02286	0.07866	0.01945	0.01289	0.01116	0.00370	0.01383	0.01151	0.00530	0.01183
64	0.01401	0.00980	0.01244	0.01425	0.01470	0.00934	0.00912	0.01537	0.01945	0.02594	0.05280	0.45706	0.06291	0.19935	0.02571	0.00617	0.00753	0.02670	0.00912	0.00822
65	0.02541	0.02230	0.03247	0.08009	0.07986	0.02895	0.02388	0.02887	0.01921	0.07284	0.01889	0.02714	0.01665	0.02161	0.06857	0.00534	0.39955	0.00985	0.00567	0.01285
66	0.04483	0.02916	0.02886	0.02300	0.03097	0.13304	0.01858	0.20226	0.03774	0.29029	0.03226	0.03003	0.02163	0.01291	0.01072	0.00323	0.01225	0.00980	0.01107	0.01737
67	0.53628	0.02355	0.01880	0.01637	0.02327	0.07368	0.01330	0.03629	0.02160	0.12354	0.01954	0.02082	0.01431	0.01073	0.00767	0.00332	0.00960	0.00677	0.00766	0.01290
68	0.50635	0.14388	0.02548	0.01635	0.02352	0.07424	0.01395	0.03313	0.02031	0.04241	0.01532	0.01783	0.01243	0.01006	0.00706	0.00312	0.01002	0.00598	0.00624	0.01231
69	0.01365	0.00975	0.01308	0.01560	0.01640	0.00917	0.01076	0.01582	0.02124	0.02825	0.05989	0.56776	0.07131	0.03381	0.01402	0.00448	0.00665	0.06928	0.01011	0.00896
70	0.03781	0.02860	0.03272	0.12366	0.04101	0.03214	0.02239	0.42797	0.04613	0.06160	0.02499	0.02668	0.01784	0.01271	0.01091	0.00334	0.01244	0.00979	0.00985	0.01742
71	0.02033	0.01016	0.01016	0.01016	0.01270	0.01016	0.00762	0.02541	0.02287	0.04065	0.03557	0.04065	0.02795	0.01270	0.00762	0.00254	0.00508	0.01016	0.67734	0.01016
72	0.02688	0.02539	0.03822	0.04554	0.26325	0.03006	0.02789	0.07424	0.02354	0.03437	0.01819	0.02548	0.01603	0.01431	0.02225	0.00394	0.28019	0.00965	0.00562	0.01494
73	0.01651	0.01228	0.01550	0.01450	0.01740	0.01184	0.01093	0.02402	0.07672	0.04390	0.49714	0.07769	0.09647	0.02160	0.01270	0.00345	0.00546	0.01904	0.01192	0.01093
74	0.01572	0.01229	0.01721	0.02123	0.07808	0.01134	0.01307	0.01842	0.02149	0.02944	0.05179	0.48858	0.06065	0.02895	0.01302	0.00403	0.00725	0.02629	0.00924	0.07192
75	0.17115	0.49470	0.04835	0.01773	0.02651	0.03915	0.01719	0.03252	0.02139	0.03062	0.01516	0.01754	0.01353	0.00950	0.00694	0.00255	0.01097	0.00585	0.00511	0.01353
76	0.03350	0.12586	0.03700	0.17050	0.15854	0.02503	0.02397	0.03886	0.02586	0.21496	0.02721	0.02940	0.01944	0.01127	0.01022	0.00323	0.01183	0.00947	0.00798	0.01588
77	0.08713	0.12529	0.03020	0.02126	0.06395	0.02271	0.01637	0.07546	0.02716	0.17066	0.03279	0.03268	0.06359	0.01206	0.00936	0.00277	0.00950	0.00939	0.00858	0.17908
78	0.03099	0.11456	0.16436	0.02786	0.09254	0.02502	0.02436	0.04200	0.11029	0.16195	0.02891	0.02906	0.02091	0.01145	0.01001	0.00314	0.01152	0.00922	0.00811	0.07373
79	0.01578	0.01089	0.01349	0.01349	0.01404	0.01144	0.00860	0.01688	0.01633	0.02232	0.03290	0.06327	0.03613	0.46512	0.20239	0.01254	0.01585	0.01467	0.00639	0.00749
80	0.02712	0.08133	0.08230	0.14538	0.08855	0.02690	0.09796	0.04152	0.17549	0.07903	0.02895	0.03151	0.02161	0.01173	0.01085	0.00347	0.01265	0.01058	0.00754	0.01554
81	0.14365	0.02068	0.03055	0.15712	0.12955	0.02147	0.05715	0.03721	0.02487	0.18710	0.02701	0.02994	0.01922	0.01131	0.01012	0.00337	0.01135	0.00969	0.05374	0.01488
82	0.04262	0.02417	0.02795	0.02163	0.02973	0.02490	0.01780	0.29249	0.04107	0.25710	0.03354	0.03165	0.02263	0.01322	0.01066	0.00325	0.01036	0.01029	0.06710	0.01785
83	0.01757	0.01255	0.01757	0.02008	0.02259	0.01255	0.01757	0.02259	0.02510	0.03263	0.05773	0.12299	0.06275	0.03012	0.01506	0.00502	0.01004	0.47540	0.01004	0.01004
84	0.01412	0.01005	0.01334	0.01500	0.01575	0.00996	0.01010	0.01602	0.01944	0.02624	0.05041	0.42039	0.05890	0.14374	0.11542	0.00770	0.01092	0.02510	0.00879	0.00861
85	0.02187	0.05640	0.56031	0.03108	0.04719	0.02532	0.04029	0.03453	0.02302	0.03453	0.01957	0.02302	0.01381	0.01036	0.01036	0.00345	0.01611	0.00806	0.00460	0.01611
86	0.02699	0.02591	0.04426	0.06693	0.54879	0.02591	0.03346	0.03346	0.02483	0.03562	0.02051	0.02699	0.01727	0.00972	0.01079	0.00324	0.01295	0.00972	0.00540	0.01727
87	0.01328	0.00949	0.01265	0.01518	0.01581	0.00886	0.01012	0.01518	0.02088	0.02783	0.06010	0.60969	0.07212	0.03416	0.01392	0.00443	0.00633	0.03100	0.01012	0.00886
88	0.01364	0.01108	0.01209	0.01184	0.01519	0.00953	0.00888	0.01711	0.02663	0.03368	0.23869	0.09797	0.41350	0.02604	0.01288	0.00361	0.00541	0.02204	0.01068	0.00953
89	0.01894	0.00947	0.01420	0.01420	0.01420	0.00947	0.00947	0.01420	0.01420	0.01894	0.01894	0.03314	0.01894	0.03788	0.04261	0.68277	0.00947	0.00947	0.00473	0.00473
90	0.01289	0.01105	0.01105	0.01105	0.01473	0.00920	0.00828	0.01565	0.02485	0.02946	0.11046	0.10493	0.54437	0.02761	0.01289	0.00368	0.00552	0.02301	0.01013	0.00920
91	0.03102	0.02048	0.02158	0.01772	0.02339	0.02213	0.01425	0.27194	0.03724	0.05486	0.03082	0.03332	0.02319	0.01290	0.00929	0.00291	0.00858	0.00999	0.34000	0.01440
92	0.04892	0.01856	0.02530	0.01940	0.02783	0.01603	0.01603	0.05314	0.03121	0.55634	0.04302	0.03711	0.02699	0.01350	0.01096	0.00337	0.00928	0.01096	0.01350	0.01856
93	0.01591	0.01101	0.01383	0.01444	0.01523	0.01128	0.00987	0.01754	0.01806	0.02425	0.03933	0.11481	0.04388	0.38728	0.13087	0.01033	0.01324	0.09367	0.00732	0.00786
94	0.01757	0.01255	0.01757	0.02008	0.02259	0.01255	0.01757	0.02259	0.02510	0.03263	0.05773	0.12299	0.06275	0.03012	0.01506	0.00502	0.01004	0.47540	0.01004	0.01004
95	0.07877	0.01191	0.01490	0.01576	0.01813	0.01134	0.01118	0.02252	0.02226	0.11110	0.05351	0.46931	0.05985	0.02886	0.01283	0.00417	0.00697	0.02570	0.01034	0.01061
96	0.01543	0.01115	0.01457	0.01372	0.01629	0.01029	0.01029	0.02058	0.03086	0.04372	0.54304	0.08145	0.10288	0.02229	0.01286	0.00343	0.00514	0.01972	0.01200	0.01029
97	0.69383	0.02109	0.01603	0.01434	0.02109	0.02446	0.01181	0.03205	0.01856	0.04892	0.01518	0.01771	0.01181	0.01012	0.00675	0.00337	0.00843	0.00590	0.00675	0.01181
98	0.04828	0.01958	0.02594	0.01989	0.02834	0.01754	0.01643	0.09237	0.03292	0.51469	0.04158	0.03618	0.02627	0.01346	0.01096	0.00337	0.00951	0.01087	0.01327	0.01855
99	0.02890	0.02403	0.04384	0.18002	0.20338	0.02425	0.16453	0.03594	0.02546	0.12430	0.02460	0.02995	0.01809	0.01051	0.01144	0.00348	0.01424	0.01082	0.00671	0.01551
100	0.02385	0.02385	0.03340	0.02863	0.02863	0.03340	0.02385	0.02624	0.01670	0.02624	0.01431	0.02385	0.01431	0.01908	0.03578	0.00477	0.59685	0.00954	0.00477	0.01193
101	0.08239	0.02950	0.12072	0.03513	0.18671	0.02367	0.02483	0.10858	0.02760	0.04182	0.02049	0.02415	0.01612	0.00992	0.00962	0.00282	0.01155	0.00819	0.00657	0.20963

[dist]
# distance from previous block
# <min> <max>
0	1

[block]
# block no. 5 follows, 12 sequences, length 76
# corresponding to MSA columns:
# 248-323
name=unknown_F
#
# <colnr> <probs for GDERKNQSTAVLIFYWHMCP>
#	G	D	E	R	K	N	Q	S	T	A	V	L	I	F	Y	W	H	M	C	P
0	0.03945	0.01614	0.02135	0.01712	0.02376	0.01426	0.01387	0.04394	0.02988	0.39940	0.11806	0.04441	0.03870	0.01471	0.01074	0.00325	0.00801	0.01218	0.11476	0.01601
1	0.03042	0.02910	0.02971	0.03118	0.12036	0.11750	0.02097	0.08549	0.32304	0.04249	0.03431	0.03373	0.02621	0.01319	0.01082	0.00344	0.01146	0.01081	0.00918	0.01660
2	0.01500	0.01113	0.01398	0.01326	0.01602	0.01010	0.00995	0.01974	0.02984	0.04130	0.46955	0.08544	0.17788	0.02320	0.01286	0.00347	0.00521	0.02028	0.01168	0.01010
3	0.69383	0.02109	0.01603	0.01434	0.02109	0.02446	0.01181	0.03205	0.01856	0.04892	0.01518	0.01771	0.01181	0.01012	0.00675	0.00337	0.00843	0.00590	0.00675	0.01181
4	0.02640	0.36027	0.21333	0.02654	0.03822	0.03533	0.09825	0.03357	0.02295	0.02977	0.01754	0.02097	0.01432	0.00963	0.00891	0.00288	0.01403	0.00756	0.00477	0.01475
5	0.01543	0.01115	0.01457	0.01372	0.01629	0.01029	0.01029	0.02058	0.03086	0.04372	0.54304	0.08145	0.10288	0.02229	0.01286	0.00343	0.00514	0.01972	0.01200	0.01029
6	0.02961	0.04556	0.40712	0.02773	0.04165	0.02266	0.03334	0.03986	0.02536	0.18394	0.02628	0.02706	0.01759	0.01126	0.01053	0.00343	0.01416	0.00889	0.00715	0.01681
7	0.03713	0.02476	0.02873	0.07476	0.03467	0.02698	0.01954	0.23373	0.18083	0.16898	0.03459	0.03308	0.02431	0.01347	0.01097	0.00345	0.01065	0.01078	0.01099	0.01759
8	0.03028	0.02492	0.04050	0.03628	0.11830	0.02523	0.17685	0.04598	0.20714	0.12543	0.03331	0.03436	0.02440	0.01200	0.01159	0.00357	0.01253	0.01187	0.00882	0.01666
9	0.02312	0.02277	0.03198	0.02763	0.02781	0.03163	0.02294	0.02564	0.01677	0.02616	0.01564	0.02555	0.01547	0.02468	0.08379	0.00591	0.54619	0.00973	0.00487	0.01173
10	0.02549	0.02338	0.03403	0.17693	0.23688	0.02596	0.02656	0.04137	0.21505	0.03752	0.02927	0.03268	0.02267	0.01193	0.01093	0.00351	0.01170	0.01070	0.00742	0.01602
11	0.13917	0.13327	0.12234	0.02164	0.03134	0.02727	0.02093	0.13665	0.03036	0.19684	0.02642	0.02605	0.01840	0.01163	0.00951	0.00319	0.01128	0.00856	0.00887	0.01630
12	0.02187	0.05640	0.56031	0.03108	0.04719	0.02532	0.04029	0.03453	0.02302	0.03453	0.01957	0.02302	0.01381	0.01036	0.01036	0.00345	0.01611	0.00806	0.00460	0.01611
13	0.01543	0.01115	0.01457	0.01372	0.01629	0.01029	0.01029	0.02058	0.03086	0.04372	0.54304	0.08145	0.10288	0.02229	0.01286	0.00343	0.00514	0.01972	0.01200	0.01029
14	0.09077	0.03018	0.13467	0.02252	0.03106	0.02541	0.02133	0.24924	0.03745	0.05374	0.15140	0.03840	0.03778	0.01453	0.01090	0.00336	0.01082	0.01154	0.00951	0.01539
15	0.11063	0.07452	0.14926	0.02444	0.03470	0.02496	0.06115	0.12173	0.03029	0.22083	0.02814	0.02791	0.01916	0.01171	0.01021	0.00332	0.01206	0.00933	0.00905	0.01662
16	0.01326	0.00960	0.01253	0.01488	0.01573	0.00888	0.00999	0.01522	0.02117	0.02795	0.06379	0.57263	0.10679	0.03368	0.01384	0.00437	0.00627	0.03041	0.01012	0.00888
17	0.01289	0.01105	0.01105	0.01105	0.01473	0.00920	0.00828	0.01565	0.02485	0.02946	0.11046	0.10493	0.54437	0.02761	0.01289	0.00368	0.00552	0.02301	0.01013	0.00920
18	0.12928	0.03442	0.21164	0.11798	0.10158	0.02505	0.06431	0.07162	0.02549	0.08680	0.02184	0.02560	0.01579	0.01075	0.01022	0.00344	0.01356	0.00892	0.00643	0.01528
19	0.02218	0.05425	0.52085	0.03226	0.04797	0.02550	0.07759	0.03456	0.02324	0.03456	0.01977	0.02353	0.01403	0.01027	0.01056	0.00347	0.01629	0.00844	0.00468	0.01600
20	0.01328	0.00949	0.01265	0.01518	0.01581	0.00886	0.01012	0.01518	0.02088	0.02783	0.06010	0.60969	0.07212	0.03416	0.01392	0.00443	0.00633	0.03100	0.01012	0.00886
21	0.08534	0.01309	0.01591	0.01503	0.01871	0.01243	0.01130	0.02813	0.02539	0.15710	0.14720	0.23042	0.05589	0.02156	0.01143	0.00360	0.00677	0.01866	0.11017	0.01186
22	0.04142	0.02497	0.06973	0.02442	0.03359	0.02193	0.07395	0.13016	0.07096	0.33666	0.03614	0.03359	0.02387	0.01281	0.01113	0.00342	0.01122	0.01087	0.01132	0.01785
23	0.39913	0.01993	0.02027	0.01665	0.02417	0.02061	0.01374	0.04169	0.02434	0.28080	0.02790	0.02658	0.01875	0.01166	0.00867	0.00337	0.00882	0.00822	0.00983	0.01489
24	0.39390	0.02194	0.02012	0.01741	0.02392	0.02488	0.01406	0.11459	0.11432	0.05103	0.08123	0.03025	0.02687	0.01279	0.00888	0.00342	0.00869	0.00922	0.00878	0.01370
25	0.08940	0.02578	0.07819	0.02353	0.03239	0.02309	0.05749	0.11942	0.11889	0.26451	0.03472	0.03266	0.02359	0.01277	0.01075	0.00345	0.01086	0.01052	0.01071	0.01728
26	0.04064	0.08949	0.03542	0.02411	0.03287	0.02340	0.09163	0.09101	0.07356	0.32926	0.03527	0.03304	0.02370	0.01245	0.01081	0.00332	0.01112	0.01069	0.01085	0.01735
27	0.02932	0.03105	0.23030	0.02142	0.03130	0.01788	0.02318	0.03683	0.02584	0.20336	0.04010	0.03982	0.07997	0.01371	0.01036	0.00329	0.01080	0.01104	0.12535	0.01509
28	0.02103	0.01939	0.02201	0.02639	0.10801	0.07806	0.01645	0.02883	0.11123	0.03209	0.04598	0.34820	0.04979	0.02418	0.01245	0.00392	0.00932	0.02154	0.00901	0.01213
29	0.61936	0.08856	0.02063	0.01482	0.02186	0.02655	0.01258	0.03212	0.01896	0.04631	0.01518	0.01769	0.01205	0.01003	0.00678	0.00326	0.00880	0.00590	0.00651	0.01205
30	0.02107	0.01243	0.01616	0.01450	0.01818	0.01120	0.01113	0.02586	0.03045	0.13194	0.42147	0.07559	0.12478	0.02118	0.01253	0.00344	0.00589	0.01846	0.01211	0.01164
31	0.07408	0.02898	0.11630	0.08613	0.12358	0.02529	0.10179	0.03970	0.16659	0.03842	0.02679	0.02981	0.02042	0.01118	0.01064	0.00339	0.01251	0.01017	0.00704	0.06718
32	0.01551	0.01105	0.01323	0.01424	0.01501	0.01104	0.00909	0.01878	0.05780	0.02618	0.04726	0.32278	0.05446	0.29570	0.03247	0.00714	0.00842	0.02272	0.00861	0.00849
33	0.03755	0.22075	0.13432	0.02132	0.03146	0.02649	0.02135	0.04309	0.02677	0.28874	0.02970	0.02818	0.02036	0.01157	0.00957	0.00305	0.01131	0.00877	0.00900	0.01663
34	0.12844	0.02778	0.11554	0.02032	0.03037	0.02132	0.01911	0.11523	0.02795	0.10138	0.02260	0.02419	0.01673	0.01023	0.00908	0.00267	0.01031	0.00773	0.00774	0.28128
35	0.63401	0.02391	0.01739	0.01560	0.02224	0.07471	0.01266	0.03310	0.01969	0.04688	0.01534	0.01789	0.01201	0.01022	0.00703	0.00332	0.00946	0.00601	0.00664	0.01188
36	0.02914	0.02364	0.10177	0.02042	0.02737	0.01940	0.01830	0.07364	0.13079	0.16993	0.11316	0.04532	0.03849	0.07521	0.05931	0.00522	0.01141	0.01257	0.01004	0.01488
37	0.01907	0.01560	0.05567	0.01562	0.02017	0.01199	0.01302	0.02407	0.02799	0.08625	0.32304	0.12978	0.11992	0.02130	0.01224	0.00342	0.00673	0.01858	0.01077	0.06477
38	0.02718	0.14624	0.34432	0.02582	0.03903	0.02607	0.03042	0.03628	0.02403	0.10965	0.02222	0.02409	0.01599	0.01043	0.00965	0.00308	0.01359	0.00795	0.00609	0.07788
39	0.02059	0.01938	0.03270	0.59060	0.07510	0.02422	0.03028	0.02786	0.02180	0.02786	0.01938	0.02907	0.01453	0.01090	0.01090	0.00363	0.01453	0.00969	0.00484	0.01211
40	0.01328	0.00949	0.01265	0.01518	0.01581	0.00886	0.01012	0.01518	0.02088	0.02783	0.06010	0.60969	0.07212	0.03416	0.01392	0.00443	0.00633	0.03100	0.01012	0.00886
41	0.02217	0.01844	0.01804	0.01769	0.02041	0.09788	0.01309	0.02485	0.02381	0.07765	0.05473	0.28388	0.13290	0.02468	0.01439	0.00385	0.06249	0.02062	0.05765	0.01077
42	0.04892	0.01856	0.02530	0.01940	0.02783	0.01603	0.01603	0.05314	0.03121	0.55634	0.04302	0.03711	0.02699	0.01350	0.01096	0.00337	0.00928	0.01096	0.01350	0.01856
43	0.01558	0.01168	0.01752	0.01752	0.01947	0.01363	0.01363	0.01947	0.01752	0.02531	0.02921	0.04283	0.02726	0.08178	0.57360	0.01752	0.02921	0.01168	0.00584	0.00974
44	0.04766	0.02058	0.02656	0.02036	0.02884	0.01903	0.01682	0.13063	0.03459	0.47407	0.04018	0.03527	0.02557	0.01343	0.01096	0.00336	0.00974	0.01077	0.01306	0.01855
45	0.02266	0.08819	0.03745	0.43525	0.15238	0.02664	0.02953	0.02937	0.02237	0.02896	0.01910	0.02741	0.01495	0.01052	0.01045	0.00342	0.01394	0.00926	0.00492	0.01322
46	0.04018	0.02732	0.03009	0.02364	0.03187	0.02971	0.01934	0.35738	0.13124	0.14520	0.03213	0.03051	0.02251	0.01345	0.01095	0.00336	0.01096	0.01044	0.01137	0.01832
47	0.01543	0.01115	0.01457	0.01372	0.01629	0.01029	0.01029	0.02058	0.03086	0.04372	0.54304	0.08145	0.10288	0.02229	0.01286	0.00343	0.00514	0.01972	0.01200	0.01029
48	0.04768	0.02054	0.02653	0.02034	0.02883	0.01898	0.01681	0.12933	0.03454	0.47545	0.04022	0.03530	0.02559	0.01343	0.01096	0.00336	0.00973	0.01077	0.01307	0.01855
49	0.02385	0.02385	0.03340	0.02863	0.02863	0.03340	0.02385	0.02624	0.01670	0.02624	0.01431	0.02385	0.01431	0.01908	0.03578	0.00477	0.59685	0.00954	0.00477	0.01193
50	0.01586	0.01057	0.01189	0.01189	0.01189	0.01057	0.00661	0.01586	0.01586	0.02114	0.03436	0.07135	0.03964	0.61681	0.05550	0.01057	0.01057	0.01586	0.00661	0.00661
51	0.02261	0.01938	0.02261	0.01615	0.02584	0.01453	0.01292	0.02745	0.02261	0.03553	0.01938	0.02261	0.01615	0.00807	0.00807	0.00161	0.00807	0.00646	0.00646	0.68346
52	0.02594	0.02111	0.02213	0.02009	0.02563	0.02416	0.01558	0.05227	0.44086	0.04475	0.04284	0.04068	0.03235	0.01443	0.01049	0.00350	0.00801	0.01195	0.12722	0.01602
53	0.16132	0.01900	0.02369	0.01852	0.02666	0.01750	0.01529	0.04946	0.02900	0.46790	0.03816	0.03373	0.02434	0.01291	0.01023	0.00337	0.00913	0.01008	0.01232	0.01738
54	0.01543	0.01115	0.01457	0.01372	0.01629	0.01029	0.01029	0.02058	0.03086	0.04372	0.54304	0.08145	0.10288	0.02229	0.01286	0.00343	0.00514	0.01972	0.01200	0.01029
55	0.02699	0.02591	0.04426	0.06693	0.54879	0.02591	0.03346	0.03346	0.02483	0.03562	0.02051	0.02699	0.01727	0.00972	0.01079	0.00324	0.01295	0.00972	0.00540	0.01727
56	0.02187	0.05640	0.56031	0.03108	0.04719	0.02532	0.04029	0.03453	0.02302	0.03453	0.01957	0.02302	0.01381	0.01036	0.01036	0.00345	0.01611	0.00806	0.00460	0.01611
57	0.01586	0.01057	0.01189	0.01189	0.01189	0.01057	0.00661	0.01586	0.01586	0.02114	0.03436	0.07135	0.03964	0.61681	0.05550	0.01057	0.01057	0.01586	0.00661	0.00661
58	0.02453	0.03579	0.22406	0.02940	0.04162	0.02299	0.14453	0.06828	0.02568	0.03753	0.02061	0.02469	0.01560	0.00953	0.01027	0.00289	0.01374	0.00884	0.00591	0.23352
59	0.01894	0.00947	0.01420	0.01420	0.01420	0.00947	0.00947	0.01420	0.01420	0.01894	0.01894	0.03314	0.01894	0.03788	0.04261	0.68277	0.00947	0.00947	0.00473	0.00473
60	0.02059	0.01938	0.03270	0.59060	0.07510	0.02422	0.03028	0.02786	0.02180	0.02786	0.01938	0.02907	0.01453	0.01090	0.01090	0.00363	0.01453	0.00969	0.00484	0.01211
61	0.04073	0.05197	0.03090	0.02809	0.03371	0.57303	0.02107	0.04354	0.03090	0.02669	0.01685	0.01966	0.01404	0.01124	0.00983	0.00281	0.01966	0.00702	0.00562	0.01264
62	0.69383	0.02109	0.01603	0.01434	0.02109	0.02446	0.01181	0.03205	0.01856	0.04892	0.01518	0.01771	0.01181	0.01012	0.00675	0.00337	0.00843	0.00590	0.00675	0.01181
63	0.01723	0.01034	0.01441	0.01441	0.01490	0.01083	0.00973	0.01600	0.01550	0.02117	0.02582	0.04619	0.02679	0.20947	0.18098	0.32759	0.01479	0.01180	0.00553	0.00652
64	0.01586	0.01057	0.01189	0.01189	0.01189	0.01057	0.00661	0.01586	0.01586	0.02114	0.03436	0.07135	0.03964	0.61681	0.05550	0.01057	0.01057	0.01586	0.00661	0.00661
65	0.01809	0.01458	0.02081	0.01962	0.02113	0.01825	0.01563	0.02171	0.01781	0.02696	0.02607	0.03789	0.02409	0.05971	0.38677	0.01295	0.16886	0.01101	0.06774	0.01032
66	0.50865	0.08213	0.02262	0.01735	0.02412	0.13058	0.01420	0.03429	0.02123	0.04256	0.01550	0.01806	0.01243	0.01026	0.00736	0.00317	0.01087	0.00611	0.00634	0.01217
67	0.01315	0.01001	0.01211	0.01380	0.01545	0.00897	0.00951	0.01534	0.02221	0.02838	0.07697	0.44060	0.23031	0.03197	0.01357	0.00418	0.00606	0.02832	0.01012	0.00897
68	0.03927	0.02946	0.03149	0.02465	0.03298	0.03279	0.02020	0.44319	0.12407	0.06520	0.02895	0.02839	0.02079	0.01335	0.01094	0.00334	0.01148	0.01020	0.01094	0.01835
69	0.02907	0.03133	0.14048	0.03994	0.13093	0.02500	0.20990	0.04007	0.08235	0.11874	0.02716	0.03032	0.01970	0.01080	0.01156	0.00352	0.01451	0.01110	0.00722	0.01629
70	0.02865	0.02967	0.12550	0.09859	0.25329	0.02449	0.12277	0.03635	0.02540	0.11294	0.02394	0.02854	0.01780	0.01039	0.01116	0.00341	0.01409	0.01024	0.00646	0.01631
71	0.04216	0.02345	0.07782	0.02287	0.03197	0.01903	0.05702	0.05053	0.08580	0.41000	0.03936	0.03560	0.02566	0.01301	0.01107	0.00344	0.01055	0.01100	0.01178	0.01788
72	0.02281	0.01388	0.01981	0.01812	0.02233	0.01249	0.05156	0.02638	0.02508	0.15022	0.06533	0.25344	0.17289	0.02538	0.01303	0.00401	0.00818	0.07279	0.01052	0.01176
73	0.08944	0.02071	0.02953	0.02564	0.06998	0.01996	0.07205	0.04625	0.10266	0.30498	0.07362	0.03773	0.03038	0.01329	0.01099	0.00345	0.01012	0.01153	0.01098	0.01670
74	0.03588	0.08421	0.17133	0.02735	0.03831	0.02300	0.11628	0.04312	0.02728	0.27733	0.03059	0.03032	0.02050	0.01151	0.01082	0.00336	0.01296	0.01013	0.00893	0.01680
75	0.62074	0.02215	0.01790	0.01554	0.02251	0.02551	0.01281	0.08587	0.02222	0.05114	0.01641	0.01866	0.01256	0.01045	0.00721	0.00336	0.00883	0.00634	0.00721	0.01256

[dist]
# distance from previous block
# <min> <max>
0	1

[block]
# block no. 6 follows, 12 sequences, length 18
# corresponding to MSA columns:
# 325-342
name=unknown_G
#
