[name]
unknown

[dist]
# distance from previous block
# <min> <max>
1	53

[block]
# block no. 0 follows, 14 sequences, length 14
# corresponding to MSA columns:
# 58-71
name=unknown_A
#
# <colnr> <probs for GDERKNQSTAVLIFYWHMCP>
#	G	D	E	R	K	N	Q	S	T	A	V	L	I	F	Y	W	H	M	C	P
0	0.03425	0.03146	0.13807	0.02380	0.03302	0.02770	0.02222	0.32464	0.11116	0.10768	0.02738	0.02697	0.01929	0.01207	0.01019	0.00318	0.01136	0.00935	0.00937	0.01684
1	0.08669	0.11608	0.11106	0.02253	0.03144	0.03063	0.02090	0.31354	0.08462	0.05104	0.02307	0.02370	0.01699	0.01139	0.00939	0.00303	0.01125	0.00841	0.00832	0.01592
2	0.03180	0.08715	0.12638	0.02311	0.03180	0.02896	0.02148	0.33373	0.07145	0.05097	0.02628	0.07300	0.02123	0.01325	0.01008	0.00314	0.01130	0.01036	0.00866	0.01586
3	0.14520	0.18317	0.30262	0.02316	0.03455	0.02846	0.02650	0.08578	0.02357	0.03634	0.01739	0.01989	0.01318	0.00976	0.00847	0.00297	0.01251	0.00691	0.00533	0.01423
4	0.02844	0.25614	0.20435	0.02138	0.03195	0.02803	0.02287	0.07153	0.02449	0.11711	0.02077	0.02202	0.01555	0.00981	0.00850	0.00266	0.01155	0.00721	0.00628	0.08936
5	0.03336	0.15723	0.03779	0.02395	0.03237	0.07678	0.07463	0.29378	0.03600	0.04684	0.02079	0.02248	0.01582	0.01062	0.00938	0.00276	0.01212	0.00828	0.00772	0.07729
6	0.03170	0.08366	0.18765	0.02447	0.03445	0.02970	0.02422	0.31383	0.08500	0.05047	0.02364	0.02440	0.01713	0.01147	0.00985	0.00309	0.01206	0.00869	0.00815	0.01636
7	0.20470	0.12646	0.08580	0.01664	0.02298	0.02204	0.01525	0.03068	0.06269	0.07723	0.02397	0.02992	0.01998	0.08106	0.07513	0.00507	0.01133	0.00852	0.06857	0.01198
8	0.03684	0.09119	0.02887	0.02156	0.02835	0.17372	0.01754	0.12789	0.08840	0.19863	0.02974	0.03256	0.02243	0.01282	0.00991	0.00305	0.01193	0.04058	0.00906	0.01493
9	0.03005	0.15409	0.07556	0.02046	0.02857	0.02715	0.01838	0.18601	0.10354	0.09063	0.02532	0.02641	0.01926	0.01631	0.05638	0.00388	0.01176	0.00855	0.00799	0.08970
10	0.34207	0.02352	0.02298	0.01849	0.02583	0.02606	0.01526	0.25836	0.03237	0.11238	0.02170	0.02217	0.01547	0.01111	0.00851	0.00313	0.00951	0.00770	0.00877	0.01461
11	0.03047	0.02341	0.07393	0.01966	0.02673	0.02142	0.01718	0.25415	0.03630	0.13316	0.15160	0.04462	0.09127	0.01539	0.01081	0.00318	0.00924	0.01251	0.01026	0.01469
12	0.09626	0.23536	0.35844	0.02391	0.03613	0.02901	0.02868	0.03170	0.02096	0.03132	0.01668	0.01950	0.01285	0.00942	0.00840	0.00291	0.01308	0.00671	0.00457	0.01411
13	0.15822	0.14507	0.27239	0.02700	0.03833	0.02705	0.13228	0.03181	0.02123	0.03377	0.01736	0.02102	0.01319	0.00931	0.00902	0.00309	0.01345	0.00775	0.00492	0.01375

[dist]
# distance from previous block
# <min> <max>
5	12

[block]
# block no. 1 follows, 14 sequences, length 46
# corresponding to MSA columns:
# 84-129
name=unknown_B
#
# <colnr> <probs for GDERKNQSTAVLIFYWHMCP>
#	G	D	E	R	K	N	Q	S	T	A	V	L	I	F	Y	W	H	M	C	P
0	0.01250	0.00893	0.01191	0.01429	0.01488	0.00834	0.00953	0.01429	0.01965	0.02620	0.05656	0.63265	0.06787	0.03215	0.01310	0.00417	0.00595	0.02917	0.00953	0.00834
1	0.02350	0.02245	0.03823	0.23662	0.41651	0.02388	0.03055	0.02983	0.02247	0.03123	0.01897	0.02602	0.01544	0.00949	0.01019	0.00316	0.01266	0.00914	0.00492	0.01473
2	0.71184	0.01985	0.01508	0.01350	0.01985	0.02302	0.01111	0.03017	0.01746	0.04604	0.01429	0.01667	0.01111	0.00953	0.00635	0.00318	0.00794	0.00556	0.00635	0.01111
3	0.03833	0.04891	0.02908	0.02644	0.03173	0.59815	0.01983	0.04098	0.02908	0.02512	0.01586	0.01851	0.01322	0.01058	0.00925	0.00264	0.01851	0.00661	0.00529	0.01190
4	0.02058	0.05308	0.58618	0.02925	0.04442	0.02383	0.03792	0.03250	0.02167	0.03250	0.01842	0.02167	0.01300	0.00975	0.00975	0.00325	0.01517	0.00758	0.00433	0.01517
5	0.01487	0.01002	0.01166	0.01202	0.01225	0.00997	0.00727	0.01537	0.01595	0.02121	0.03587	0.11363	0.04130	0.54613	0.04633	0.00911	0.00961	0.05409	0.00672	0.00663
6	0.01492	0.00995	0.01119	0.01119	0.01119	0.00995	0.00622	0.01492	0.01492	0.01990	0.03233	0.06716	0.03731	0.63935	0.05223	0.00995	0.00995	0.01492	0.00622	0.00622
7	0.01913	0.00956	0.00956	0.00956	0.01196	0.00956	0.00717	0.02391	0.02152	0.03826	0.03348	0.03826	0.02630	0.01196	0.00717	0.00239	0.00478	0.00956	0.69632	0.00956
8	0.02058	0.05308	0.58618	0.02925	0.04442	0.02383	0.03792	0.03250	0.02167	0.03250	0.01842	0.02167	0.01300	0.00975	0.00975	0.00325	0.01517	0.00758	0.00433	0.01517
9	0.01452	0.01049	0.01372	0.01291	0.01533	0.00968	0.00968	0.01937	0.02905	0.04115	0.56992	0.07666	0.09683	0.02098	0.01210	0.00323	0.00484	0.01856	0.01130	0.00968
10	0.02808	0.54322	0.10366	0.01875	0.02809	0.03716	0.01937	0.03227	0.02153	0.06446	0.01653	0.01828	0.01402	0.00915	0.00716	0.00237	0.01123	0.00603	0.00497	0.01367
11	0.02058	0.05308	0.58618	0.02925	0.04442	0.02383	0.03792	0.03250	0.02167	0.03250	0.01842	0.02167	0.01300	0.00975	0.00975	0.00325	0.01517	0.00758	0.00433	0.01517
12	0.02375	0.32722	0.33982	0.02384	0.03605	0.03159	0.02850	0.03168	0.02129	0.02863	0.01650	0.01926	0.01308	0.00930	0.00829	0.00276	0.01323	0.00661	0.00436	0.01424
13	0.01470	0.01082	0.01562	0.01562	0.01714	0.01235	0.01173	0.01776	0.01623	0.02317	0.02829	0.04476	0.02758	0.17004	0.50824	0.01541	0.02459	0.01165	0.00562	0.00868
14	0.01257	0.01041	0.01100	0.01086	0.01413	0.00885	0.00814	0.01558	0.02443	0.03018	0.18921	0.09472	0.48438	0.02507	0.01212	0.00342	0.00513	0.02109	0.00985	0.00885
15	0.02308	0.03568	0.22598	0.03885	0.05073	0.02528	0.38065	0.03275	0.02342	0.03275	0.02002	0.02579	0.01476	0.00900	0.01137	0.00339	0.01663	0.01069	0.00492	0.01426
16	0.02744	0.64552	0.05378	0.01756	0.02634	0.04061	0.01756	0.03073	0.02085	0.02414	0.01427	0.01646	0.01317	0.00878	0.00658	0.00219	0.01097	0.00549	0.00439	0.01317
17	0.02744	0.64552	0.05378	0.01756	0.02634	0.04061	0.01756	0.03073	0.02085	0.02414	0.01427	0.01646	0.01317	0.00878	0.00658	0.00219	0.01097	0.00549	0.00439	0.01317
18	0.01492	0.00995	0.01119	0.01119	0.01119	0.00995	0.00622	0.01492	0.01492	0.01990	0.03233	0.06716	0.03731	0.63935	0.05223	0.00995	0.00995	0.01492	0.00622	0.00622
19	0.03833	0.04891	0.02908	0.02644	0.03173	0.59815	0.01983	0.04098	0.02908	0.02512	0.01586	0.01851	0.01322	0.01058	0.00925	0.00264	0.01851	0.00661	0.00529	0.01190
20	0.01250	0.00893	0.01191	0.01429	0.01488	0.00834	0.00953	0.01429	0.01965	0.02620	0.05656	0.63265	0.06787	0.03215	0.01310	0.00417	0.00595	0.02917	0.00953	0.00834
21	0.03901	0.02874	0.03080	0.02361	0.03182	0.03182	0.01951	0.54111	0.04825	0.06468	0.02464	0.02464	0.01745	0.01232	0.01027	0.00308	0.01129	0.00924	0.01027	0.01745
22	0.71184	0.01985	0.01508	0.01350	0.01985	0.02302	0.01111	0.03017	0.01746	0.04604	0.01429	0.01667	0.01111	0.00953	0.00635	0.00318	0.00794	0.00556	0.00635	0.01111
23	0.01250	0.00893	0.01191	0.01429	0.01488	0.00834	0.00953	0.01429	0.01965	0.02620	0.05656	0.63265	0.06787	0.03215	0.01310	0.00417	0.00595	0.02917	0.00953	0.00834
24	0.16211	0.02712	0.02792	0.02176	0.02963	0.03021	0.01797	0.44763	0.04262	0.06127	0.02274	0.02318	0.01629	0.01181	0.00955	0.00310	0.01068	0.00857	0.00955	0.01629
25	0.14851	0.02643	0.02725	0.02160	0.02920	0.02958	0.01771	0.39569	0.10690	0.05887	0.02507	0.02503	0.01814	0.01206	0.00964	0.00315	0.01034	0.00893	0.00964	0.01625
26	0.02326	0.02178	0.03947	0.03062	0.03764	0.02131	0.26809	0.10582	0.02783	0.03746	0.07357	0.09114	0.03519	0.01606	0.01235	0.00371	0.01293	0.12138	0.00766	0.01274
27	0.01434	0.01048	0.01346	0.01272	0.01522	0.00960	0.00954	0.01901	0.02861	0.04011	0.53389	0.07837	0.13350	0.02137	0.01211	0.00325	0.00487	0.01880	0.01116	0.00960
28	0.02270	0.01908	0.02204	0.01587	0.02492	0.01514	0.01275	0.06718	0.02344	0.03595	0.01875	0.02155	0.01538	0.00798	0.00781	0.00165	0.00790	0.00633	0.00642	0.64716
29	0.01466	0.01100	0.01649	0.01649	0.01833	0.01283	0.01283	0.01833	0.01649	0.02382	0.02749	0.04032	0.02566	0.07697	0.59868	0.01649	0.02749	0.01100	0.00550	0.00916
30	0.01466	0.01100	0.01649	0.01649	0.01833	0.01283	0.01283	0.01833	0.01649	0.02382	0.02749	0.04032	0.02566	0.07697	0.59868	0.01649	0.02749	0.01100	0.00550	0.00916
31	0.02513	0.44642	0.23270	0.02149	0.03241	0.03497	0.02440	0.03132	0.02113	0.02695	0.01566	0.01821	0.01311	0.00911	0.00765	0.00255	0.01238	0.00619	0.00437	0.01384
32	0.01466	0.01100	0.01649	0.01649	0.01833	0.01283	0.01283	0.01833	0.01649	0.02382	0.02749	0.04032	0.02566	0.07697	0.59868	0.01649	0.02749	0.01100	0.00550	0.00916
33	0.04604	0.01746	0.02382	0.01826	0.02620	0.01508	0.01508	0.05001	0.02937	0.58244	0.04049	0.03493	0.02540	0.01270	0.01032	0.00318	0.00873	0.01032	0.01270	0.01746
34	0.01250	0.00893	0.01191	0.01429	0.01488	0.00834	0.00953	0.01429	0.01965	0.02620	0.05656	0.63265	0.06787	0.03215	0.01310	0.00417	0.00595	0.02917	0.00953	0.00834
35	0.02744	0.64552	0.05378	0.01756	0.02634	0.04061	0.01756	0.03073	0.02085	0.02414	0.01427	0.01646	0.01317	0.00878	0.00658	0.00219	0.01097	0.00549	0.00439	0.01317
36	0.01673	0.01249	0.01583	0.01721	0.01942	0.01289	0.01357	0.02410	0.10743	0.03039	0.05077	0.23913	0.05487	0.08675	0.01700	0.00488	0.00833	0.24898	0.00931	0.00992
37	0.01213	0.01040	0.01040	0.01040	0.01386	0.00866	0.00780	0.01473	0.02339	0.02772	0.10396	0.09876	0.57117	0.02599	0.01213	0.00347	0.00520	0.02166	0.00953	0.00866
38	0.01250	0.00893	0.01191	0.01429	0.01488	0.00834	0.00953	0.01429	0.01965	0.02620	0.05656	0.63265	0.06787	0.03215	0.01310	0.00417	0.00595	0.02917	0.00953	0.00834
39	0.02677	0.58765	0.10578	0.01870	0.02810	0.03897	0.01955	0.03090	0.02093	0.02496	0.01467	0.01697	0.01315	0.00887	0.00689	0.00230	0.01138	0.00569	0.00438	0.01336
40	0.03126	0.02666	0.02276	0.01959	0.02488	0.19922	0.01522	0.11267	0.03167	0.13504	0.18025	0.04452	0.08210	0.01527	0.01060	0.00303	0.01087	0.01212	0.00936	0.01290
41	0.02157	0.13849	0.50943	0.02756	0.04181	0.02625	0.03498	0.03224	0.02155	0.03129	0.01782	0.02092	0.01302	0.00961	0.00929	0.00310	0.01456	0.00728	0.00434	0.01488
42	0.02928	0.02326	0.02715	0.11119	0.03497	0.02420	0.01829	0.25865	0.07888	0.04710	0.02311	0.02516	0.01735	0.01066	0.00944	0.00268	0.01023	0.00843	0.00809	0.23189
43	0.07135	0.01885	0.06240	0.01579	0.02319	0.01395	0.01342	0.02425	0.02153	0.03394	0.07782	0.12176	0.03091	0.01305	0.00897	0.00236	0.00769	0.01098	0.00701	0.42077
44	0.02846	0.02947	0.03668	0.07514	0.03747	0.14210	0.12592	0.11516	0.02584	0.03316	0.01763	0.02347	0.01452	0.01309	0.01879	0.00360	0.23161	0.00920	0.00575	0.01293
45	0.08082	0.29902	0.08779	0.02191	0.03035	0.07278	0.05922	0.07451	0.11892	0.03370	0.02091	0.02244	0.01674	0.01022	0.00842	0.00279	0.01164	0.00764	0.00618	0.01401

[dist]
# distance from previous block
# <min> <max>
0	1

[block]
# block no. 2 follows, 14 sequences, length 79
# corresponding to MSA columns:
# 131-209
name=unknown_C
#
# <colnr> <probs for GDERKNQSTAVLIFYWHMCP>
#	G	D	E	R	K	N	Q	S	T	A	V	L	I	F	Y	W	H	M	C	P
0	0.01935	0.01773	0.05992	0.02169	0.06729	0.01580	0.01717	0.07687	0.06315	0.03548	0.09481	0.11230	0.13314	0.02206	0.01231	0.00387	0.00890	0.19757	0.00905	0.01153
1	0.01287	0.00919	0.01232	0.01470	0.01546	0.00865	0.01016	0.01492	0.02001	0.02660	0.05636	0.58613	0.06708	0.03181	0.01320	0.00422	0.00627	0.07212	0.00952	0.00844
2	0.02738	0.02444	0.02415	0.02147	0.02740	0.06711	0.01673	0.08733	0.48358	0.04316	0.03872	0.03592	0.02906	0.01357	0.01034	0.00339	0.00909	0.01108	0.01006	0.01601
3	0.02276	0.24107	0.41724	0.02554	0.03868	0.02915	0.03146	0.03194	0.02141	0.02985	0.01710	0.02001	0.01305	0.00944	0.00875	0.00292	0.01384	0.00692	0.00435	0.01453
4	0.02654	0.03129	0.14752	0.03723	0.04809	0.02499	0.36849	0.06837	0.02584	0.08440	0.02238	0.02707	0.01613	0.00945	0.01141	0.00337	0.01575	0.01096	0.00606	0.01464
5	0.02598	0.02686	0.05759	0.04124	0.05142	0.02507	0.49587	0.03425	0.02464	0.07721	0.02235	0.02827	0.01636	0.00898	0.01197	0.00344	0.01661	0.01197	0.00580	0.01413
6	0.02296	0.02429	0.04331	0.07586	0.04102	0.02857	0.23405	0.02815	0.01954	0.02815	0.01680	0.02495	0.01435	0.01359	0.02316	0.00399	0.32989	0.01027	0.00478	0.01231
7	0.02058	0.05308	0.58618	0.02925	0.04442	0.02383	0.03792	0.03250	0.02167	0.03250	0.01842	0.02167	0.01300	0.00975	0.00975	0.00325	0.01517	0.00758	0.00433	0.01517
8	0.01319	0.00942	0.01270	0.01508	0.01597	0.00893	0.01072	0.01548	0.02033	0.02697	0.05618	0.54443	0.06637	0.03150	0.01328	0.00426	0.00655	0.11060	0.00951	0.00853
9	0.01390	0.01000	0.01315	0.01334	0.01519	0.00926	0.00963	0.01779	0.02612	0.03650	0.41013	0.24971	0.08782	0.02446	0.01241	0.00352	0.00519	0.02186	0.01075	0.00926
10	0.02058	0.05308	0.58618	0.02925	0.04442	0.02383	0.03792	0.03250	0.02167	0.03250	0.01842	0.02167	0.01300	0.00975	0.00975	0.00325	0.01517	0.00758	0.00433	0.01517
11	0.09797	0.03332	0.07390	0.02363	0.03175	0.12636	0.02029	0.36934	0.04009	0.05370	0.02172	0.02264	0.01580	0.01156	0.00970	0.00303	0.01253	0.00833	0.00859	0.01576
12	0.04604	0.01746	0.02382	0.01826	0.02620	0.01508	0.01508	0.05001	0.02937	0.58244	0.04049	0.03493	0.02540	0.01270	0.01032	0.00318	0.00873	0.01032	0.01270	0.01746
13	0.04604	0.01746	0.02382	0.01826	0.02620	0.01508	0.01508	0.05001	0.02937	0.58244	0.04049	0.03493	0.02540	0.01270	0.01032	0.00318	0.00873	0.01032	0.01270	0.01746
14	0.02058	0.05308	0.58618	0.02925	0.04442	0.02383	0.03792	0.03250	0.02167	0.03250	0.01842	0.02167	0.01300	0.00975	0.00975	0.00325	0.01517	0.00758	0.00433	0.01517
15	0.02005	0.01350	0.01717	0.01777	0.02108	0.01360	0.01456	0.02804	0.11049	0.08834	0.05521	0.17257	0.09375	0.02478	0.01284	0.00418	0.00828	0.26268	0.00996	0.01114
16	0.01250	0.00893	0.01191	0.01429	0.01488	0.00834	0.00953	0.01429	0.01965	0.02620	0.05656	0.63265	0.06787	0.03215	0.01310	0.00417	0.00595	0.02917	0.00953	0.00834
17	0.01466	0.01100	0.01649	0.01649	0.01833	0.01283	0.01283	0.01833	0.01649	0.02382	0.02749	0.04032	0.02566	0.07697	0.59868	0.01649	0.02749	0.01100	0.00550	0.00916
18	0.71184	0.01985	0.01508	0.01350	0.01985	0.02302	0.01111	0.03017	0.01746	0.04604	0.01429	0.01667	0.01111	0.00953	0.00635	0.00318	0.00794	0.00556	0.00635	0.01111
19	0.01250	0.00893	0.01191	0.01429	0.01488	0.00834	0.00953	0.01429	0.01965	0.02620	0.05656	0.63265	0.06787	0.03215	0.01310	0.00417	0.00595	0.02917	0.00953	0.00834
20	0.01213	0.01040	0.01040	0.01040	0.01386	0.00866	0.00780	0.01473	0.02339	0.02772	0.10396	0.09876	0.57117	0.02599	0.01213	0.00347	0.00520	0.02166	0.00953	0.00866
21	0.02245	0.02245	0.03143	0.02694	0.02694	0.03143	0.02245	0.02470	0.01572	0.02470	0.01347	0.02245	0.01347	0.01796	0.03368	0.00449	0.62057	0.00898	0.00449	0.01123
22	0.04374	0.01696	0.02308	0.01787	0.02540	0.01469	0.01469	0.04778	0.02935	0.54293	0.07913	0.03797	0.03062	0.01331	0.01045	0.00318	0.00845	0.01092	0.01260	0.01690
23	0.01938	0.01824	0.03078	0.61468	0.07068	0.02280	0.02850	0.02622	0.02052	0.02622	0.01824	0.02736	0.01368	0.01026	0.01026	0.00342	0.01368	0.00912	0.00456	0.01140
24	0.01469	0.01089	0.01595	0.01595	0.01759	0.01253	0.01215	0.01798	0.01633	0.02342	0.02798	0.04307	0.02685	0.13463	0.54265	0.01582	0.02569	0.01140	0.00557	0.00886
25	0.01316	0.01111	0.01147	0.01126	0.01477	0.00978	0.00848	0.01756	0.05624	0.02985	0.14213	0.09310	0.49574	0.02481	0.01202	0.00344	0.00534	0.02077	0.00974	0.00921
26	0.01309	0.00957	0.01232	0.01346	0.01492	0.00879	0.00940	0.01591	0.02296	0.03101	0.22120	0.40485	0.12849	0.02804	0.01269	0.00380	0.00553	0.02510	0.01008	0.00879
27	0.02800	0.02328	0.02460	0.02139	0.02763	0.02668	0.01684	0.14392	0.46337	0.04692	0.03862	0.03578	0.02878	0.01363	0.01041	0.00341	0.00870	0.01117	0.01041	0.01647
28	0.03679	0.02428	0.03521	0.02644	0.03492	0.02441	0.14423	0.22046	0.07179	0.22686	0.03014	0.02974	0.02060	0.01166	0.01075	0.00323	0.01169	0.01046	0.00985	0.01649
29	0.01980	0.01867	0.03154	0.57601	0.10606	0.02291	0.02871	0.02659	0.02072	0.02673	0.01831	0.02722	0.01386	0.01018	0.01025	0.00339	0.01358	0.00912	0.00460	0.01174
30	0.71184	0.01985	0.01508	0.01350	0.01985	0.02302	0.01111	0.03017	0.01746	0.04604	0.01429	0.01667	0.01111	0.00953	0.00635	0.00318	0.00794	0.00556	0.00635	0.01111
31	0.01418	0.01013	0.01383	0.01620	0.01753	0.00978	0.01244	0.01719	0.02130	0.02807	0.05564	0.41787	0.06421	0.03057	0.01355	0.00440	0.00741	0.22742	0.00949	0.00880
32	0.12919	0.01794	0.02077	0.01711	0.02352	0.01785	0.01381	0.08095	0.10321	0.27937	0.10446	0.04221	0.07648	0.01447	0.01014	0.00324	0.00799	0.01166	0.01087	0.01475
33	0.03522	0.01570	0.02004	0.01635	0.02227	0.01446	0.01312	0.07971	0.02883	0.35150	0.09338	0.08043	0.03519	0.01474	0.01014	0.00311	0.00766	0.01225	0.13124	0.01466
34	0.01654	0.01181	0.01654	0.01890	0.02126	0.01181	0.01654	0.02126	0.02362	0.03071	0.05433	0.11576	0.05906	0.02835	0.01417	0.00472	0.00945	0.50626	0.00945	0.00945
35	0.01965	0.01078	0.01435	0.01483	0.01708	0.01006	0.01065	0.02224	0.02144	0.13410	0.04948	0.42638	0.05326	0.03005	0.05482	0.00473	0.00797	0.02263	0.06525	0.01025
36	0.02114	0.10088	0.54323	0.02831	0.04296	0.02519	0.03627	0.03236	0.02160	0.03183	0.01808	0.02125	0.01301	0.00967	0.00949	0.00316	0.01483	0.00741	0.00434	0.01501
37	0.02540	0.02438	0.04165	0.06299	0.57533	0.02438	0.03149	0.03149	0.02337	0.03353	0.01930	0.02540	0.01626	0.00914	0.01016	0.00305	0.01219	0.00914	0.00508	0.01626
38	0.01481	0.01041	0.01351	0.01351	0.01431	0.01121	0.00911	0.01641	0.01561	0.02161	0.03022	0.05543	0.03222	0.39365	0.29097	0.01281	0.01761	0.01321	0.00590	0.00750
39	0.02486	0.02383	0.04068	0.11265	0.52991	0.02424	0.03122	0.03102	0.02311	0.03287	0.01921	0.02558	0.01602	0.00924	0.01017	0.00308	0.01233	0.00914	0.00503	0.01582
40	0.03441	0.03583	0.03686	0.07193	0.03955	0.30688	0.15996	0.03920	0.02720	0.11814	0.02137	0.02430	0.01587	0.01038	0.01027	0.00301	0.01624	0.00888	0.00642	0.01329
41	0.15576	0.01891	0.01628	0.01497	0.01880	0.09751	0.01149	0.06804	0.02351	0.03750	0.06172	0.03470	0.02610	0.05607	0.07905	0.00476	0.01079	0.00943	0.24400	0.01060
42	0.02342	0.23232	0.22566	0.02472	0.03264	0.03181	0.02610	0.02926	0.01937	0.02715	0.01539	0.02027	0.01322	0.01225	0.01693	0.00334	0.22120	0.00739	0.00441	0.01318
43	0.01492	0.00995	0.01119	0.01119	0.01119	0.00995	0.00622	0.01492	0.01492	0.01990	0.03233	0.06716	0.03731	0.63935	0.05223	0.00995	0.00995	0.01492	0.00622	0.00622
44	0.71184	0.01985	0.01508	0.01350	0.01985	0.02302	0.01111	0.03017	0.01746	0.04604	0.01429	0.01667	0.01111	0.00953	0.00635	0.00318	0.00794	0.00556	0.00635	0.01111
45	0.01938	0.01824	0.03078	0.61468	0.07068	0.02280	0.02850	0.02622	0.02052	0.02622	0.01824	0.02736	0.01368	0.01026	0.01026	0.00342	0.01368	0.00912	0.00456	0.01140
46	0.01913	0.00956	0.00956	0.00956	0.01196	0.00956	0.00717	0.02391	0.02152	0.03826	0.03348	0.03826	0.02630	0.01196	0.00717	0.00239	0.00478	0.00956	0.69632	0.00956
47	0.02128	0.01824	0.02128	0.01520	0.02432	0.01368	0.01216	0.02584	0.02128	0.03344	0.01824	0.02128	0.01520	0.00760	0.00760	0.00152	0.00760	0.00608	0.00608	0.70208
48	0.01938	0.01824	0.03078	0.61468	0.07068	0.02280	0.02850	0.02622	0.02052	0.02622	0.01824	0.02736	0.01368	0.01026	0.01026	0.00342	0.01368	0.00912	0.00456	0.01140
49	0.01494	0.01040	0.01285	0.01273	0.01441	0.01015	0.00908	0.01794	0.02192	0.03062	0.23164	0.07189	0.10156	0.22211	0.08472	0.00678	0.00914	0.05185	0.05684	0.00843
50	0.01699	0.01148	0.01626	0.01659	0.01839	0.01236	0.01260	0.01997	0.01916	0.07058	0.04040	0.26435	0.04294	0.04827	0.25962	0.00931	0.05131	0.05195	0.00780	0.00967
51	0.01913	0.00956	0.00956	0.00956	0.01196	0.00956	0.00717	0.02391	0.02152	0.03826	0.03348	0.03826	0.02630	0.01196	0.00717	0.00239	0.00478	0.00956	0.69632	0.00956
52	0.03102	0.04121	0.20517	0.02793	0.03671	0.22735	0.07816	0.03732	0.02511	0.10690	0.02042	0.02311	0.01514	0.01109	0.01205	0.00316	0.07015	0.00821	0.00596	0.01384
53	0.41025	0.03321	0.07844	0.01954	0.02643	0.22011	0.01685	0.03411	0.02187	0.03749	0.01525	0.01781	0.01203	0.00991	0.00769	0.00300	0.01230	0.00613	0.00578	0.01180
54	0.02419	0.02626	0.05178	0.03813	0.04662	0.02655	0.40242	0.03495	0.09843	0.03331	0.02285	0.02855	0.01754	0.01051	0.01447	0.00359	0.08846	0.01166	0.00585	0.01387
55	0.03089	0.01927	0.02392	0.01808	0.02581	0.01743	0.01476	0.07541	0.02553	0.21350	0.02550	0.02611	0.01852	0.01070	0.01137	0.00249	0.07112	0.00801	0.00841	0.35317
56	0.01913	0.00956	0.00956	0.00956	0.01196	0.00956	0.00717	0.02391	0.02152	0.03826	0.03348	0.03826	0.02630	0.01196	0.00717	0.00239	0.00478	0.00956	0.69632	0.00956
57	0.01250	0.00893	0.01191	0.01429	0.01488	0.00834	0.00953	0.01429	0.01965	0.02620	0.05656	0.63265	0.06787	0.03215	0.01310	0.00417	0.00595	0.02917	0.00953	0.00834
58	0.02294	0.01819	0.02145	0.01540	0.02445	0.01377	0.01236	0.02746	0.02182	0.07018	0.01973	0.02219	0.01588	0.00794	0.00778	0.00163	0.00768	0.00636	0.00652	0.65626
59	0.01452	0.01049	0.01372	0.01291	0.01533	0.00968	0.00968	0.01937	0.02905	0.04115	0.56992	0.07666	0.09683	0.02098	0.01210	0.00323	0.00484	0.01856	0.01130	0.00968
60	0.71184	0.01985	0.01508	0.01350	0.01985	0.02302	0.01111	0.03017	0.01746	0.04604	0.01429	0.01667	0.01111	0.00953	0.00635	0.00318	0.00794	0.00556	0.00635	0.01111
61	0.02215	0.01860	0.02028	0.01896	0.02350	0.02095	0.01442	0.04399	0.41088	0.03970	0.09202	0.15063	0.04392	0.01790	0.01108	0.00358	0.00743	0.01545	0.01035	0.01420
62	0.03798	0.02666	0.02883	0.02226	0.03003	0.02919	0.01834	0.47364	0.04516	0.09409	0.02624	0.02626	0.01858	0.01232	0.01004	0.00304	0.01066	0.00933	0.06049	0.01688
63	0.02744	0.64552	0.05378	0.01756	0.02634	0.04061	0.01756	0.03073	0.02085	0.02414	0.01427	0.01646	0.01317	0.00878	0.00658	0.00219	0.01097	0.00549	0.00439	0.01317
64	0.01416	0.01197	0.01680	0.01515	0.01855	0.01070	0.06302	0.01795	0.02463	0.03215	0.23143	0.16846	0.28919	0.02364	0.01227	0.00350	0.00645	0.02090	0.00963	0.00946
65	0.01910	0.01540	0.01782	0.01383	0.01982	0.01240	0.01012	0.02210	0.01910	0.02880	0.02307	0.03699	0.02277	0.22400	0.02289	0.00441	0.00840	0.00911	0.00613	0.46372
66	0.23522	0.01917	0.02596	0.36730	0.05037	0.02375	0.02247	0.02729	0.01908	0.03223	0.01652	0.02353	0.01286	0.01082	0.01144	0.00345	0.07412	0.00800	0.00511	0.01129
67	0.02467	0.02575	0.04776	0.03559	0.04440	0.02581	0.35932	0.04029	0.20665	0.03632	0.02796	0.03131	0.02097	0.01046	0.01154	0.00347	0.01416	0.01194	0.00699	0.01466
68	0.04324	0.02195	0.02659	0.02039	0.02844	0.02175	0.01684	0.24546	0.03688	0.37638	0.03418	0.03083	0.02224	0.01255	0.01030	0.00314	0.00975	0.00989	0.01173	0.01746
69	0.02553	0.02204	0.02320	0.02088	0.02669	0.02553	0.01624	0.05453	0.55679	0.04293	0.04177	0.03829	0.03133	0.01392	0.01044	0.00348	0.00812	0.01160	0.01044	0.01624
70	0.01436	0.01036	0.01357	0.01302	0.01529	0.00957	0.00967	0.01895	0.02829	0.03994	0.52825	0.12179	0.09448	0.02189	0.01218	0.00330	0.00493	0.01942	0.01115	0.00957
71	0.02540	0.02438	0.04165	0.06299	0.57533	0.02438	0.03149	0.03149	0.02337	0.03353	0.01930	0.02540	0.01626	0.00914	0.01016	0.00305	0.01219	0.00914	0.00508	0.01626
72	0.01320	0.01069	0.01180	0.01226	0.01501	0.00965	0.00890	0.01730	0.05449	0.02915	0.11998	0.23948	0.36830	0.02660	0.01229	0.00364	0.00555	0.02290	0.00971	0.00910
73	0.01490	0.01006	0.01174	0.01174	0.01192	0.01024	0.00690	0.01527	0.01508	0.02030	0.03184	0.06440	0.03611	0.58168	0.10826	0.01062	0.01175	0.01452	0.00614	0.00652
74	0.01913	0.00956	0.00956	0.00956	0.01196	0.00956	0.00717	0.02391	0.02152	0.03826	0.03348	0.03826	0.02630	0.01196	0.00717	0.00239	0.00478	0.00956	0.69632	0.00956
75	0.02128	0.01824	0.02128	0.01520	0.02432	0.01368	0.01216	0.02584	0.02128	0.03344	0.01824	0.02128	0.01520	0.00760	0.00760	0.00152	0.00760	0.00608	0.00608	0.70208
76	0.02534	0.02355	0.03868	0.16602	0.43404	0.02468	0.02994	0.07185	0.02484	0.03465	0.01953	0.02571	0.01586	0.00962	0.01019	0.00312	0.01241	0.00915	0.00540	0.01542
77	0.01913	0.00956	0.00956	0.00956	0.01196	0.00956	0.00717	0.02391	0.02152	0.03826	0.03348	0.03826	0.02630	0.01196	0.00717	0.00239	0.00478	0.00956	0.69632	0.00956
78	0.02268	0.08404	0.33701	0.03679	0.12051	0.02563	0.16397	0.03233	0.02251	0.03215	0.01885	0.02337	0.01413	0.00931	0.01019	0.00320	0.01500	0.00882	0.00466	0.01484

[dist]
# distance from previous block
# <min> <max>
0	5

[block]
# block no. 3 follows, 14 sequences, length 51
# corresponding to MSA columns:
# 215-265
name=unknown_D
#
# <colnr> <probs for GDERKNQSTAVLIFYWHMCP>
#	G	D	E	R	K	N	Q	S	T	A	V	L	I	F	Y	W	H	M	C	P
0	0.09641	0.44414	0.17279	0.01984	0.02985	0.03492	0.02160	0.03108	0.02069	0.02833	0.01523	0.01769	0.01292	0.00908	0.00729	0.00254	0.01163	0.00598	0.00458	0.01342
1	0.01664	0.01167	0.01335	0.01301	0.01637	0.01063	0.00970	0.02157	0.06528	0.08064	0.15044	0.18564	0.31827	0.02431	0.01201	0.00354	0.00584	0.02083	0.01014	0.01013
2	0.01524	0.01154	0.01633	0.01603	0.01734	0.01345	0.01202	0.01801	0.01610	0.02302	0.02761	0.04501	0.02740	0.19664	0.44049	0.01425	0.06357	0.01172	0.00559	0.00865
3	0.01475	0.01062	0.01461	0.01461	0.01579	0.01180	0.01047	0.01711	0.01593	0.02243	0.02921	0.04987	0.02980	0.27716	0.40416	0.01416	0.02124	0.01239	0.00575	0.00811
4	0.02128	0.01824	0.02128	0.01520	0.02432	0.01368	0.01216	0.02584	0.02128	0.03344	0.01824	0.02128	0.01520	0.00760	0.00760	0.00152	0.00760	0.00608	0.00608	0.70208
5	0.01938	0.01824	0.03078	0.61468	0.07068	0.02280	0.02850	0.02622	0.02052	0.02622	0.01824	0.02736	0.01368	0.01026	0.01026	0.00342	0.01368	0.00912	0.00456	0.01140
6	0.03460	0.02737	0.02778	0.02221	0.02919	0.07645	0.01804	0.40863	0.04164	0.05457	0.02962	0.03081	0.05586	0.01977	0.07097	0.00445	0.01316	0.01005	0.00930	0.01552
7	0.02388	0.07299	0.16706	0.10195	0.36970	0.02522	0.03175	0.03120	0.02255	0.03199	0.01866	0.02410	0.01506	0.00936	0.00983	0.00307	0.01293	0.00853	0.00481	0.01535
8	0.01529	0.01190	0.01717	0.01692	0.01830	0.01409	0.01296	0.01833	0.01656	0.02379	0.02908	0.09429	0.02921	0.11466	0.44104	0.01358	0.08520	0.01276	0.00582	0.00905
9	0.02393	0.02682	0.05576	0.04057	0.04924	0.02685	0.45323	0.03153	0.02282	0.03153	0.01956	0.02682	0.01523	0.01018	0.01566	0.00363	0.11655	0.01160	0.00508	0.01341
10	0.50466	0.01677	0.01343	0.01232	0.01749	0.01900	0.00994	0.02830	0.01868	0.04371	0.02003	0.02313	0.01566	0.01025	0.00660	0.00294	0.00699	0.00676	0.21270	0.01065
11	0.03752	0.03851	0.02927	0.02483	0.03134	0.32169	0.01939	0.24327	0.08167	0.04254	0.02160	0.02265	0.01646	0.01156	0.00976	0.00289	0.01472	0.00809	0.00773	0.01450
12	0.01468	0.01181	0.01329	0.01315	0.01620	0.01123	0.00975	0.02142	0.09902	0.03302	0.20602	0.17249	0.29194	0.02404	0.01205	0.00352	0.00564	0.02070	0.01011	0.00993
13	0.02744	0.64552	0.05378	0.01756	0.02634	0.04061	0.01756	0.03073	0.02085	0.02414	0.01427	0.01646	0.01317	0.00878	0.00658	0.00219	0.01097	0.00549	0.00439	0.01317
14	0.71184	0.01985	0.01508	0.01350	0.01985	0.02302	0.01111	0.03017	0.01746	0.04604	0.01429	0.01667	0.01111	0.00953	0.00635	0.00318	0.00794	0.00556	0.00635	0.01111
15	0.04604	0.01746	0.02382	0.01826	0.02620	0.01508	0.01508	0.05001	0.02937	0.58244	0.04049	0.03493	0.02540	0.01270	0.01032	0.00318	0.00873	0.01032	0.01270	0.01746
16	0.01470	0.01084	0.01572	0.01572	0.01728	0.01241	0.01186	0.01783	0.01626	0.02325	0.02819	0.04423	0.02735	0.15898	0.51899	0.01554	0.02493	0.01157	0.00560	0.00873
17	0.01491	0.01001	0.01151	0.01151	0.01162	0.01012	0.00661	0.01513	0.01502	0.02013	0.03205	0.06556	0.03662	0.60590	0.08474	0.01034	0.01099	0.01469	0.00618	0.00639
18	0.66202	0.02050	0.01625	0.01424	0.02073	0.02367	0.01174	0.06800	0.01974	0.04742	0.01506	0.01726	0.01158	0.00973	0.00664	0.00317	0.00819	0.00583	0.00664	0.01158
19	0.02784	0.02319	0.02451	0.02135	0.02757	0.02661	0.01680	0.13802	0.46953	0.04666	0.03883	0.03595	0.02895	0.01365	0.01041	0.00341	0.00867	0.01120	0.01041	0.01645
20	0.02553	0.02204	0.02320	0.02088	0.02669	0.02553	0.01624	0.05453	0.55679	0.04293	0.04177	0.03829	0.03133	0.01392	0.01044	0.00348	0.00812	0.01160	0.01044	0.01624
21	0.01507	0.01012	0.01168	0.01189	0.01210	0.01012	0.00715	0.01550	0.01571	0.02088	0.03432	0.07155	0.03927	0.58413	0.04879	0.00948	0.00990	0.05933	0.00651	0.00651
22	0.02791	0.01803	0.02196	0.01602	0.02482	0.01406	0.01294	0.03231	0.02345	0.18036	0.02419	0.02493	0.01793	0.00897	0.00833	0.00196	0.00790	0.00721	0.00785	0.51887
23	0.02245	0.02245	0.03143	0.02694	0.02694	0.03143	0.02245	0.02470	0.01572	0.02470	0.01347	0.02245	0.01347	0.01796	0.03368	0.00449	0.62057	0.00898	0.00449	0.01123
24	0.01275	0.00904	0.01183	0.01397	0.01450	0.00850	0.00919	0.01435	0.01916	0.02555	0.05406	0.57435	0.06472	0.09475	0.01713	0.00476	0.00637	0.02770	0.00919	0.00812
25	0.01384	0.00958	0.01194	0.01330	0.01377	0.00929	0.00862	0.01508	0.01791	0.02382	0.04598	0.35115	0.05407	0.29304	0.03001	0.00670	0.00793	0.05837	0.00810	0.00751
26	0.01365	0.01063	0.01576	0.01652	0.01816	0.00992	0.04912	0.01621	0.02053	0.02713	0.05693	0.51357	0.09723	0.02971	0.01304	0.00411	0.00700	0.06273	0.00920	0.00885
27	0.01511	0.01080	0.01490	0.01727	0.01901	0.01059	0.01406	0.01880	0.02222	0.02912	0.05512	0.29805	0.06217	0.02969	0.01379	0.00453	0.00822	0.33801	0.00948	0.00906
28	0.02755	0.02305	0.02435	0.02129	0.02746	0.02647	0.01673	0.12762	0.48040	0.04620	0.03920	0.03624	0.02924	0.01368	0.01042	0.00342	0.00860	0.01125	0.01042	0.01642
29	0.01470	0.01085	0.01575	0.01575	0.01732	0.01242	0.01190	0.01785	0.01627	0.02327	0.02817	0.04408	0.02729	0.15584	0.52204	0.01557	0.02503	0.01155	0.00560	0.00875
30	0.11326	0.02041	0.02594	0.02141	0.06689	0.01795	0.05865	0.06213	0.02300	0.03715	0.01845	0.02175	0.01493	0.00837	0.00819	0.00212	0.00905	0.00696	0.00625	0.45715
31	0.07762	0.01891	0.02566	0.02236	0.02639	0.02165	0.05579	0.08186	0.06302	0.08407	0.03079	0.04825	0.02811	0.02531	0.09316	0.00559	0.14998	0.12145	0.00771	0.01232
32	0.01404	0.01062	0.01474	0.01608	0.01704	0.01133	0.01177	0.01651	0.01895	0.02590	0.04666	0.41420	0.05366	0.04089	0.14648	0.00701	0.05658	0.06048	0.00824	0.00882
33	0.02126	0.02117	0.03891	0.41385	0.13278	0.02372	0.14370	0.02841	0.02173	0.02867	0.01895	0.02718	0.01444	0.00975	0.01066	0.00338	0.01430	0.00980	0.00477	0.01258
34	0.02003	0.01718	0.01956	0.01480	0.02271	0.01369	0.01171	0.02604	0.06067	0.03316	0.03457	0.03573	0.11115	0.01120	0.00858	0.00199	0.00723	0.00914	0.00699	0.53389
35	0.02475	0.02127	0.03167	0.02622	0.07779	0.01912	0.12406	0.03410	0.10714	0.07553	0.02422	0.02666	0.01867	0.00933	0.00941	0.00249	0.01017	0.00878	0.00699	0.34164
36	0.02336	0.02265	0.03959	0.24020	0.37149	0.02399	0.06970	0.02989	0.02251	0.03111	0.01907	0.02621	0.01537	0.00947	0.01034	0.00320	0.01307	0.00937	0.00492	0.01450
37	0.03077	0.08903	0.03416	0.02334	0.03165	0.02719	0.08992	0.29439	0.03586	0.04816	0.02880	0.03002	0.06350	0.01189	0.00990	0.00284	0.01102	0.00983	0.00825	0.11947
38	0.02861	0.02088	0.02381	0.02236	0.07134	0.05383	0.01610	0.10397	0.15581	0.13533	0.15999	0.04149	0.04051	0.01409	0.01048	0.00308	0.00878	0.01180	0.00991	0.06783
39	0.02484	0.24932	0.18109	0.02170	0.03081	0.02972	0.02229	0.06812	0.14988	0.03334	0.02367	0.02556	0.01878	0.01628	0.05892	0.00405	0.01282	0.00820	0.00628	0.01435
40	0.02713	0.06202	0.02801	0.06682	0.03005	0.06769	0.06666	0.03156	0.02463	0.15538	0.10144	0.08292	0.03451	0.01505	0.01228	0.00321	0.05550	0.04311	0.00824	0.08379
41	0.01468	0.01090	0.01601	0.01601	0.01768	0.01257	0.01223	0.01802	0.01635	0.02347	0.02793	0.04274	0.02671	0.12779	0.54930	0.01590	0.02590	0.01135	0.00556	0.00890
42	0.01726	0.01845	0.09563	0.01657	0.02136	0.01439	0.01477	0.02724	0.11857	0.04024	0.40194	0.06236	0.07383	0.01819	0.01149	0.00327	0.00685	0.01583	0.01017	0.01158
43	0.02128	0.01824	0.02128	0.01520	0.02432	0.01368	0.01216	0.02584	0.02128	0.03344	0.01824	0.02128	0.01520	0.00760	0.00760	0.00152	0.00760	0.00608	0.00608	0.70208
44	0.02021	0.01908	0.03227	0.53883	0.14006	0.02302	0.02891	0.02694	0.02091	0.02722	0.01839	0.02709	0.01403	0.01011	0.01025	0.00337	0.01348	0.00912	0.00463	0.01207
45	0.01308	0.01043	0.01171	0.01139	0.01444	0.00907	0.00855	0.01657	0.02564	0.03306	0.28900	0.08998	0.38280	0.02400	0.01212	0.00337	0.00506	0.02043	0.01023	0.00907
46	0.01522	0.00984	0.01142	0.01142	0.01142	0.00984	0.00650	0.01476	0.01476	0.01968	0.03084	0.06345	0.03530	0.57711	0.05098	0.08124	0.00984	0.01430	0.00604	0.00604
47	0.71184	0.01985	0.01508	0.01350	0.01985	0.02302	0.01111	0.03017	0.01746	0.04604	0.01429	0.01667	0.01111	0.00953	0.00635	0.00318	0.00794	0.00556	0.00635	0.01111
48	0.01492	0.00995	0.01119	0.01119	0.01119	0.00995	0.00622	0.01492	0.01492	0.01990	0.03233	0.06716	0.03731	0.63935	0.05223	0.00995	0.00995	0.01492	0.00622	0.00622
49	0.02540	0.02438	0.04165	0.06299	0.57533	0.02438	0.03149	0.03149	0.02337	0.03353	0.01930	0.02540	0.01626	0.00914	0.01016	0.00305	0.01219	0.00914	0.00508	0.01626
50	0.01267	0.00971	0.01163	0.01265	0.01458	0.00866	0.00891	0.01522	0.02246	0.02904	0.15224	0.35140	0.25755	0.02818	0.01259	0.00377	0.00551	0.02479	0.00980	0.00866

[dist]
# distance from previous block
# <min> <max>
0	137

# created by:
# /st0/software/busco_prod/Augustus/scripts/msa2prfl.pl ./align_prep/5531.fa
