[name]
unknown

[dist]
# distance from previous block
# <min> <max>
0	86

[block]
# block no. 0 follows, 13 sequences, length 19
# corresponding to MSA columns:
# 95-113
name=unknown_A
#
# <colnr> <probs for GDERKNQSTAVLIFYWHMCP>
#	G	D	E	R	K	N	Q	S	T	A	V	L	I	F	Y	W	H	M	C	P
0	0.01579	0.01073	0.01291	0.01352	0.01413	0.01073	0.00907	0.01701	0.01762	0.02329	0.03899	0.08174	0.04405	0.47827	0.04399	0.00890	0.01012	0.13463	0.00724	0.00724
1	0.01304	0.00999	0.01197	0.01305	0.01502	0.00891	0.00919	0.01565	0.02306	0.02981	0.14878	0.35281	0.25239	0.02913	0.01298	0.00389	0.00568	0.02564	0.01008	0.00891
2	0.53351	0.02101	0.01764	0.01581	0.02221	0.02437	0.01277	0.03737	0.14964	0.04663	0.02182	0.02276	0.01667	0.01095	0.00760	0.00335	0.00823	0.00729	0.00760	0.01277
3	0.02056	0.01127	0.01392	0.01344	0.01634	0.01034	0.01013	0.02212	0.02189	0.10554	0.05667	0.09458	0.19165	0.02548	0.01884	0.17610	0.00717	0.05425	0.12038	0.00934
4	0.53351	0.02101	0.01764	0.01581	0.02221	0.02437	0.01277	0.03737	0.14964	0.04663	0.02182	0.02276	0.01667	0.01095	0.00760	0.00335	0.00823	0.00729	0.00760	0.01277
5	0.01516	0.01382	0.01614	0.01498	0.01766	0.01480	0.01182	0.01775	0.02212	0.02778	0.08375	0.08205	0.42178	0.02470	0.01806	0.00383	0.15664	0.01904	0.00852	0.00959
6	0.01628	0.01145	0.01527	0.01709	0.01877	0.01139	0.01378	0.01968	0.02176	0.02847	0.05049	0.14797	0.05598	0.17968	0.02434	0.00617	0.00957	0.33415	0.00891	0.00881
7	0.47269	0.01815	0.01672	0.01574	0.02140	0.02010	0.01322	0.03061	0.02068	0.09008	0.02747	0.04444	0.02514	0.01497	0.00893	0.00367	0.00864	0.12784	0.00793	0.01160
8	0.01961	0.01770	0.01789	0.01586	0.02023	0.08498	0.01194	0.02384	0.02673	0.03637	0.29078	0.12410	0.06391	0.01821	0.01106	0.00293	0.00765	0.01567	0.00927	0.18127
9	0.02883	0.01610	0.02044	0.01656	0.02332	0.01323	0.01293	0.03259	0.02450	0.22500	0.03692	0.17723	0.03304	0.01606	0.01026	0.00286	0.00782	0.01380	0.00961	0.27890
10	0.01902	0.01627	0.02840	0.02576	0.03026	0.01582	0.14409	0.02490	0.02449	0.03220	0.04731	0.09653	0.04962	0.02412	0.01407	0.00454	0.01176	0.37131	0.00864	0.01087
11	0.04198	0.01921	0.02437	0.01951	0.02712	0.01832	0.01585	0.05273	0.16264	0.43419	0.04205	0.03688	0.02775	0.01341	0.01067	0.00335	0.00883	0.01097	0.01249	0.01767
12	0.02187	0.01603	0.02503	0.16195	0.14971	0.01654	0.02001	0.02617	0.02258	0.09851	0.03864	0.27910	0.03979	0.02016	0.01179	0.00373	0.00974	0.01828	0.00805	0.01231
13	0.03950	0.05039	0.02996	0.02724	0.03269	0.58597	0.02043	0.04222	0.02996	0.02588	0.01634	0.01907	0.01362	0.01090	0.00953	0.00272	0.01907	0.00681	0.00545	0.01226
14	0.01288	0.00920	0.01227	0.01472	0.01534	0.00859	0.00981	0.01472	0.02024	0.02699	0.05828	0.62152	0.06993	0.03312	0.01350	0.00429	0.00613	0.03006	0.00981	0.00859
15	0.01265	0.01009	0.01135	0.01236	0.01471	0.00879	0.00876	0.01499	0.02252	0.02792	0.08707	0.31509	0.35777	0.02938	0.01291	0.00387	0.00568	0.02549	0.00982	0.00879
16	0.02783	0.02672	0.03712	0.19151	0.33098	0.10452	0.02892	0.03366	0.02456	0.06424	0.02044	0.02626	0.01621	0.01015	0.01037	0.00318	0.01366	0.00911	0.00561	0.01493
17	0.04534	0.06569	0.02726	0.01951	0.02751	0.06834	0.01616	0.04925	0.02960	0.48168	0.03749	0.03310	0.02414	0.01260	0.01026	0.00315	0.01006	0.00993	0.01178	0.01716
18	0.70310	0.02045	0.01554	0.01390	0.02045	0.02372	0.01145	0.03108	0.01799	0.04744	0.01472	0.01718	0.01145	0.00981	0.00654	0.00327	0.00818	0.00573	0.00654	0.01145

[dist]
# distance from previous block
# <min> <max>
0	1

[block]
# block no. 1 follows, 13 sequences, length 54
# corresponding to MSA columns:
# 115-168
name=unknown_B
#
# <colnr> <probs for GDERKNQSTAVLIFYWHMCP>
#	G	D	E	R	K	N	Q	S	T	A	V	L	I	F	Y	W	H	M	C	P
0	0.01830	0.01603	0.02312	0.02128	0.02241	0.02085	0.01716	0.02149	0.01667	0.02490	0.02257	0.03421	0.02144	0.05510	0.36687	0.01207	0.25948	0.01050	0.00525	0.01029
1	0.08513	0.23428	0.25304	0.02628	0.03756	0.07810	0.08457	0.03348	0.02263	0.03134	0.01729	0.02059	0.01361	0.00965	0.00893	0.00297	0.01414	0.00739	0.00485	0.01416
2	0.01457	0.01051	0.01378	0.01357	0.01571	0.00972	0.00995	0.01897	0.02811	0.03951	0.46339	0.18072	0.09417	0.02377	0.01266	0.00351	0.00520	0.02117	0.01130	0.00972
3	0.01904	0.01499	0.01673	0.01555	0.01946	0.01566	0.01187	0.03260	0.21276	0.04059	0.25593	0.06506	0.14265	0.01904	0.01143	0.00338	0.00626	0.01627	0.06850	0.01223
4	0.01475	0.01080	0.01383	0.01308	0.01566	0.00988	0.00981	0.01953	0.02942	0.04119	0.51753	0.08097	0.13988	0.02207	0.01247	0.00335	0.00502	0.01940	0.01148	0.00988
5	0.01801	0.00942	0.01413	0.01413	0.01433	0.00962	0.00962	0.01433	0.01413	0.01904	0.01945	0.03316	0.01925	0.04137	0.10078	0.61872	0.01127	0.00942	0.00471	0.00512
6	0.03950	0.05039	0.02996	0.02724	0.03269	0.58597	0.02043	0.04222	0.02996	0.02588	0.01634	0.01907	0.01362	0.01090	0.00953	0.00272	0.01907	0.00681	0.00545	0.01226
7	0.01997	0.01879	0.03171	0.60301	0.07282	0.02349	0.02936	0.02701	0.02114	0.02701	0.01879	0.02819	0.01409	0.01057	0.01057	0.00352	0.01409	0.00940	0.00470	0.01175
8	0.03446	0.03296	0.02810	0.02406	0.03065	0.19254	0.01886	0.19740	0.24041	0.04576	0.02976	0.02913	0.02239	0.01282	0.01034	0.00321	0.01252	0.00969	0.00914	0.01581
9	0.03052	0.02081	0.05844	0.01774	0.02645	0.01608	0.01532	0.07134	0.02698	0.21039	0.03639	0.03549	0.07827	0.01212	0.00960	0.00258	0.00874	0.00978	0.00908	0.30389
10	0.03448	0.22642	0.07846	0.02434	0.03337	0.08833	0.07502	0.15433	0.03091	0.12358	0.02275	0.02385	0.01690	0.01080	0.00943	0.00290	0.01282	0.00838	0.00751	0.01541
11	0.03681	0.02156	0.03372	0.04184	0.29453	0.02033	0.02399	0.04200	0.02717	0.30236	0.03081	0.03108	0.02146	0.01125	0.01055	0.00321	0.01078	0.01003	0.00916	0.01737
12	0.02371	0.01375	0.01461	0.01352	0.01735	0.01444	0.01041	0.03479	0.15281	0.08574	0.03724	0.03913	0.02831	0.01289	0.00851	0.00281	0.00613	0.01044	0.46113	0.01226
13	0.03438	0.25680	0.04131	0.03087	0.17032	0.02820	0.02104	0.03879	0.02523	0.21728	0.02550	0.02605	0.01881	0.01055	0.00911	0.00285	0.01084	0.00840	0.00770	0.01596
14	0.06996	0.08106	0.02470	0.01631	0.02460	0.01740	0.01338	0.03111	0.02303	0.13205	0.02528	0.06855	0.02117	0.01094	0.00858	0.00226	0.00830	0.00875	0.00762	0.40495
15	0.01376	0.00988	0.01306	0.01412	0.01553	0.00917	0.00988	0.01693	0.02433	0.03349	0.26865	0.39261	0.08252	0.02827	0.01306	0.00389	0.00565	0.02544	0.01058	0.00917
16	0.02569	0.02032	0.10048	0.01938	0.02592	0.01477	0.05051	0.03174	0.02860	0.18924	0.29833	0.05533	0.06097	0.01669	0.01161	0.00333	0.00851	0.01466	0.01059	0.01334
17	0.03663	0.02975	0.18471	0.02772	0.07988	0.01968	0.05847	0.04357	0.02712	0.33512	0.03200	0.03076	0.02105	0.01162	0.01058	0.00330	0.01179	0.00985	0.00944	0.01696
18	0.10543	0.03097	0.21399	0.02224	0.03283	0.01950	0.02328	0.04318	0.02625	0.33040	0.03107	0.02932	0.02024	0.01170	0.01001	0.00330	0.01121	0.00915	0.00943	0.01650
19	0.70310	0.02045	0.01554	0.01390	0.02045	0.02372	0.01145	0.03108	0.01799	0.04744	0.01472	0.01718	0.01145	0.00981	0.00654	0.00327	0.00818	0.00573	0.00654	0.01145
20	0.10322	0.01820	0.02377	0.01839	0.02643	0.01624	0.01519	0.04979	0.02922	0.52534	0.03942	0.03439	0.02492	0.01281	0.01028	0.00327	0.00893	0.01022	0.01253	0.01744
21	0.02513	0.02385	0.03722	0.12174	0.20020	0.02561	0.10844	0.04109	0.22476	0.03710	0.02894	0.03199	0.02226	0.01141	0.01093	0.00344	0.01204	0.01091	0.00731	0.01561
22	0.01462	0.01346	0.05522	0.01512	0.01786	0.01052	0.01209	0.01892	0.02557	0.03571	0.32173	0.28687	0.08164	0.02525	0.01269	0.00371	0.00623	0.02255	0.01039	0.00986
23	0.04390	0.01709	0.02328	0.01839	0.02580	0.01483	0.01495	0.04776	0.02924	0.51425	0.04341	0.09590	0.03065	0.01514	0.01093	0.00338	0.00870	0.01262	0.01275	0.01703
24	0.12556	0.02190	0.02833	0.02955	0.14764	0.02211	0.01952	0.10480	0.08566	0.25998	0.03134	0.03035	0.02175	0.01192	0.01006	0.00326	0.00996	0.00972	0.00989	0.01671
25	0.03396	0.02652	0.02822	0.02307	0.03041	0.02988	0.01859	0.31604	0.27102	0.05659	0.03330	0.03169	0.02439	0.01343	0.01066	0.00336	0.01017	0.01061	0.01066	0.01742
26	0.03208	0.01847	0.02296	0.01691	0.02583	0.01467	0.01373	0.03654	0.02524	0.24754	0.02792	0.02752	0.01984	0.00992	0.00895	0.00224	0.00829	0.00800	0.00898	0.42435
27	0.03477	0.02406	0.07371	0.16214	0.04406	0.02211	0.09360	0.10859	0.02949	0.25455	0.02941	0.03057	0.01977	0.01162	0.01083	0.00336	0.01232	0.01024	0.00901	0.01581
28	0.02229	0.14375	0.49408	0.02829	0.04290	0.02721	0.03584	0.03320	0.02219	0.03216	0.01832	0.02150	0.01342	0.00989	0.00954	0.00318	0.01496	0.00748	0.00447	0.01531
29	0.03205	0.01437	0.01897	0.01574	0.02113	0.01280	0.01253	0.03657	0.02925	0.31111	0.23711	0.05273	0.05430	0.01625	0.01098	0.00320	0.00703	0.01378	0.08605	0.01405
30	0.03002	0.01460	0.01815	0.01545	0.02052	0.01380	0.01221	0.03719	0.08068	0.24840	0.17328	0.04831	0.04606	0.01523	0.01032	0.00312	0.00689	0.01277	0.17925	0.01378
31	0.03533	0.02718	0.12555	0.11231	0.04101	0.02186	0.07777	0.10755	0.02959	0.26848	0.02989	0.03020	0.01993	0.01167	0.01072	0.00334	0.01223	0.01001	0.00915	0.01623
32	0.03805	0.02322	0.07570	0.09182	0.12645	0.02000	0.02228	0.07622	0.02884	0.33847	0.03240	0.03156	0.02159	0.01189	0.01054	0.00328	0.01091	0.00997	0.00991	0.01689
33	0.04109	0.01733	0.02214	0.01745	0.02447	0.01588	0.01426	0.08761	0.03030	0.41641	0.03880	0.03577	0.02565	0.01289	0.00996	0.00310	0.00839	0.01037	0.15183	0.01631
34	0.02702	0.41244	0.08909	0.02251	0.03166	0.03603	0.07459	0.03656	0.11816	0.03007	0.02097	0.02277	0.01727	0.01008	0.00838	0.00273	0.01180	0.00772	0.00576	0.01438
35	0.01424	0.01093	0.01392	0.01359	0.01623	0.01060	0.01033	0.01816	0.02433	0.03289	0.26302	0.07502	0.21966	0.04014	0.18094	0.00741	0.01195	0.01782	0.00932	0.00949
36	0.02322	0.01826	0.01988	0.01798	0.02310	0.01974	0.01393	0.04237	0.33130	0.07434	0.13294	0.05743	0.14542	0.01780	0.01135	0.00352	0.00731	0.01499	0.01085	0.01426
37	0.01454	0.01017	0.01206	0.01257	0.01322	0.01002	0.00786	0.01552	0.01741	0.02301	0.04559	0.18404	0.09709	0.39734	0.08666	0.00891	0.01044	0.01877	0.00740	0.00737
38	0.03377	0.01632	0.02113	0.01718	0.02313	0.01509	0.01379	0.08763	0.03212	0.30838	0.24510	0.05202	0.05463	0.01644	0.01136	0.00328	0.00767	0.01390	0.01225	0.01480
39	0.01805	0.01332	0.01779	0.01969	0.02252	0.01371	0.01700	0.02564	0.08095	0.03301	0.05457	0.11056	0.05773	0.02759	0.01418	0.00473	0.00959	0.43902	0.00985	0.01050
40	0.01371	0.00984	0.01301	0.01416	0.01552	0.00914	0.00988	0.01680	0.02410	0.03312	0.25674	0.40556	0.08180	0.02854	0.01309	0.00391	0.00568	0.02570	0.01054	0.00914
41	0.04073	0.02875	0.03119	0.02391	0.03235	0.03150	0.01976	0.49162	0.04826	0.10428	0.02661	0.02618	0.01859	0.01272	0.01058	0.00318	0.01144	0.00960	0.01076	0.01798
42	0.02766	0.44471	0.04562	0.01916	0.02725	0.03701	0.01767	0.03928	0.18355	0.03089	0.02350	0.02394	0.01938	0.01069	0.00802	0.00267	0.01039	0.00761	0.00646	0.01455
43	0.02192	0.01879	0.02192	0.01566	0.02506	0.01409	0.01253	0.02662	0.02192	0.03445	0.01879	0.02192	0.01566	0.00783	0.00783	0.00157	0.00783	0.00626	0.00626	0.69305
44	0.09374	0.04244	0.37145	0.02797	0.04102	0.02314	0.08509	0.03435	0.02283	0.08195	0.02078	0.02364	0.01477	0.01000	0.00984	0.00322	0.01394	0.00824	0.00566	0.06593
45	0.04744	0.01799	0.02454	0.01881	0.02699	0.01554	0.01554	0.05153	0.03026	0.56979	0.04171	0.03599	0.02617	0.01309	0.01063	0.00327	0.00900	0.01063	0.01309	0.01799
46	0.04199	0.01733	0.02255	0.01787	0.02511	0.01571	0.01457	0.04839	0.07291	0.45534	0.04088	0.03673	0.02681	0.01309	0.01022	0.00319	0.00841	0.01064	0.10143	0.01682
47	0.01356	0.01035	0.01409	0.07448	0.02110	0.01015	0.01162	0.01603	0.02076	0.02716	0.05956	0.50412	0.11747	0.03012	0.01309	0.00414	0.00686	0.02710	0.00929	0.00895
48	0.03626	0.15639	0.13525	0.02191	0.03122	0.02564	0.02143	0.09430	0.02822	0.26754	0.02834	0.02750	0.01950	0.01194	0.01112	0.00314	0.04629	0.00885	0.00889	0.01624
49	0.01538	0.01072	0.01376	0.01300	0.01549	0.00997	0.00975	0.02036	0.02925	0.04214	0.51117	0.07552	0.09340	0.02080	0.01203	0.00325	0.00498	0.01831	0.07075	0.00997
50	0.04744	0.01799	0.02454	0.01881	0.02699	0.01554	0.01554	0.05153	0.03026	0.56979	0.04171	0.03599	0.02617	0.01309	0.01063	0.00327	0.00900	0.01063	0.01309	0.01799
51	0.02327	0.02863	0.11376	0.06973	0.07707	0.11412	0.02211	0.03213	0.10048	0.03128	0.03338	0.16926	0.03280	0.01796	0.01286	0.00368	0.05105	0.04645	0.00724	0.01276
52	0.26248	0.01902	0.02456	0.12643	0.03432	0.02005	0.05424	0.03554	0.02312	0.20433	0.02813	0.07743	0.02187	0.01290	0.00960	0.00343	0.01007	0.01052	0.00844	0.01352
53	0.03736	0.01948	0.02432	0.01822	0.02688	0.01678	0.01490	0.09109	0.02920	0.32235	0.03165	0.02976	0.02149	0.01112	0.00960	0.00264	0.00884	0.00892	0.01033	0.26509

[dist]
# distance from previous block
# <min> <max>
0	4

[block]
# block no. 2 follows, 13 sequences, length 52
# corresponding to MSA columns:
# 173-224
name=unknown_C
#
# <colnr> <probs for GDERKNQSTAVLIFYWHMCP>
#	G	D	E	R	K	N	Q	S	T	A	V	L	I	F	Y	W	H	M	C	P
0	0.03273	0.01763	0.02607	0.02898	0.15866	0.01627	0.01821	0.03737	0.02780	0.28471	0.14026	0.09080	0.04210	0.01553	0.01120	0.00333	0.00886	0.01364	0.01055	0.01530
1	0.03306	0.14246	0.11582	0.02597	0.07465	0.02827	0.02243	0.17093	0.03085	0.13774	0.02379	0.02498	0.01745	0.01148	0.01116	0.00303	0.04972	0.00851	0.00790	0.05980
2	0.57761	0.01998	0.01726	0.01484	0.02170	0.02215	0.01223	0.03499	0.02034	0.14741	0.01989	0.02078	0.01427	0.01044	0.00733	0.00327	0.00834	0.00666	0.00780	0.01270
3	0.01413	0.01037	0.01348	0.01518	0.01691	0.00971	0.01141	0.01725	0.02301	0.03026	0.12501	0.35305	0.14194	0.02982	0.01351	0.00422	0.00680	0.14482	0.01002	0.00910
4	0.04137	0.02578	0.03037	0.02560	0.06940	0.02702	0.01961	0.34757	0.04197	0.21642	0.02992	0.02865	0.02037	0.01257	0.01059	0.00320	0.01090	0.00985	0.01095	0.01790
5	0.03135	0.09422	0.02987	0.07027	0.07382	0.02076	0.01757	0.06771	0.02618	0.18759	0.02536	0.02643	0.01852	0.01015	0.00913	0.00253	0.00974	0.00817	0.00807	0.26255
6	0.70310	0.02045	0.01554	0.01390	0.02045	0.02372	0.01145	0.03108	0.01799	0.04744	0.01472	0.01718	0.01145	0.00981	0.00654	0.00327	0.00818	0.00573	0.00654	0.01145
7	0.02617	0.02512	0.04292	0.06490	0.56246	0.02512	0.03245	0.03245	0.02407	0.03454	0.01989	0.02617	0.01675	0.00942	0.01047	0.00314	0.01256	0.00942	0.00523	0.01675
8	0.70310	0.02045	0.01554	0.01390	0.02045	0.02372	0.01145	0.03108	0.01799	0.04744	0.01472	0.01718	0.01145	0.00981	0.00654	0.00327	0.00818	0.00573	0.00654	0.01145
9	0.01510	0.01133	0.01699	0.01699	0.01888	0.01322	0.01322	0.01888	0.01699	0.02454	0.02832	0.04154	0.02643	0.07930	0.58652	0.01699	0.02832	0.01133	0.00566	0.00944
10	0.01440	0.01079	0.01335	0.01271	0.01545	0.00974	0.00953	0.01886	0.02860	0.03924	0.45432	0.08417	0.20430	0.02279	0.01248	0.00338	0.00507	0.01985	0.01122	0.00974
11	0.02827	0.63478	0.05540	0.01809	0.02714	0.04184	0.01809	0.03166	0.02148	0.02488	0.01470	0.01696	0.01357	0.00905	0.00678	0.00226	0.01131	0.00565	0.00452	0.01357
12	0.01803	0.01128	0.01420	0.01313	0.01618	0.01034	0.00997	0.02275	0.02853	0.08477	0.41350	0.07252	0.12298	0.02021	0.01171	0.00324	0.00534	0.01756	0.09323	0.01054
13	0.04019	0.02962	0.03173	0.02433	0.03279	0.03279	0.02010	0.52721	0.04971	0.06663	0.02538	0.02538	0.01798	0.01269	0.01058	0.00317	0.01163	0.00952	0.01058	0.01798
14	0.02520	0.02146	0.02309	0.02127	0.02683	0.02462	0.01677	0.05211	0.48162	0.04273	0.04457	0.04894	0.03567	0.01611	0.01122	0.00374	0.00853	0.06898	0.01064	0.01590
15	0.01496	0.01081	0.01413	0.01330	0.01580	0.00998	0.00998	0.01995	0.02993	0.04240	0.55689	0.07898	0.09976	0.02162	0.01247	0.00333	0.00499	0.01912	0.01164	0.00998
16	0.02827	0.63478	0.05540	0.01809	0.02714	0.04184	0.01809	0.03166	0.02148	0.02488	0.01470	0.01696	0.01357	0.00905	0.00678	0.00226	0.01131	0.00565	0.00452	0.01357
17	0.09867	0.01829	0.02466	0.08899	0.03198	0.01718	0.01687	0.04686	0.02814	0.46074	0.03670	0.03348	0.02349	0.01251	0.01028	0.00330	0.00954	0.01007	0.01153	0.01669
18	0.23349	0.02285	0.06971	0.02241	0.06174	0.02135	0.01832	0.03962	0.02389	0.27101	0.02710	0.02713	0.01868	0.01229	0.01228	0.00343	0.08205	0.00871	0.00891	0.01502
19	0.02630	0.02271	0.02391	0.02152	0.02749	0.02630	0.01674	0.05618	0.54336	0.04423	0.04303	0.03945	0.03228	0.01434	0.01076	0.00359	0.00837	0.01195	0.01076	0.01674
20	0.04218	0.02643	0.02976	0.02281	0.03120	0.02806	0.01885	0.39679	0.04438	0.20458	0.02986	0.02829	0.02023	0.01280	0.01059	0.00320	0.01091	0.00982	0.01126	0.01798
21	0.02674	0.02486	0.03912	0.20499	0.05006	0.07050	0.19115	0.06654	0.05935	0.06866	0.02423	0.02952	0.01799	0.01073	0.01088	0.00335	0.01415	0.01051	0.06307	0.01361
22	0.02640	0.02859	0.14164	0.03050	0.09799	0.02352	0.08314	0.03957	0.16186	0.10430	0.03560	0.03650	0.06611	0.01344	0.01285	0.00352	0.05990	0.01135	0.00790	0.01531
23	0.01342	0.01075	0.01199	0.01168	0.01485	0.00932	0.00876	0.01697	0.02629	0.03375	0.27575	0.09321	0.38630	0.02484	0.01249	0.00348	0.00522	0.02112	0.01050	0.00932
24	0.09887	0.01894	0.02347	0.01835	0.02596	0.01784	0.01509	0.10513	0.03094	0.42262	0.03691	0.03342	0.02403	0.01270	0.01002	0.00319	0.00892	0.01003	0.06677	0.01679
25	0.03215	0.02941	0.17369	0.02583	0.07478	0.02106	0.02324	0.09913	0.07259	0.21471	0.09324	0.03563	0.03024	0.01304	0.01068	0.00330	0.01086	0.01076	0.00946	0.01619
26	0.03209	0.01460	0.01938	0.01689	0.02230	0.01290	0.01355	0.03582	0.02727	0.32125	0.08813	0.14248	0.11035	0.02028	0.01189	0.00366	0.00794	0.07360	0.01169	0.01393
27	0.01446	0.01079	0.01344	0.01277	0.01549	0.00976	0.00958	0.01898	0.02874	0.03958	0.46514	0.08362	0.19327	0.02267	0.01248	0.00338	0.00506	0.01977	0.01127	0.00976
28	0.02150	0.02014	0.03176	0.44146	0.10442	0.02469	0.02759	0.03086	0.08409	0.02959	0.02142	0.02897	0.01649	0.01157	0.01254	0.00359	0.06141	0.00970	0.00547	0.01275
29	0.18886	0.02314	0.02541	0.01992	0.02785	0.02418	0.01645	0.23573	0.03528	0.25523	0.02930	0.02764	0.01968	0.01221	0.00971	0.00323	0.00986	0.00911	0.01065	0.01655
30	0.03725	0.02022	0.02703	0.06177	0.09471	0.02019	0.01878	0.04898	0.17191	0.32463	0.03801	0.03528	0.02598	0.01284	0.01064	0.00336	0.00957	0.01078	0.01096	0.01710
31	0.70310	0.02045	0.01554	0.01390	0.02045	0.02372	0.01145	0.03108	0.01799	0.04744	0.01472	0.01718	0.01145	0.00981	0.00654	0.00327	0.00818	0.00573	0.00654	0.01145
32	0.33372	0.01907	0.02061	0.01667	0.02413	0.01911	0.01375	0.04260	0.02491	0.34172	0.02993	0.02777	0.01974	0.01166	0.00885	0.00327	0.00864	0.00849	0.01023	0.01514
33	0.07446	0.02781	0.13569	0.09435	0.03871	0.02232	0.06354	0.11958	0.02928	0.20568	0.02940	0.03422	0.02137	0.01262	0.01065	0.00343	0.01206	0.04057	0.00873	0.01554
34	0.01527	0.01067	0.01368	0.01368	0.01442	0.01142	0.00908	0.01675	0.01601	0.02209	0.03135	0.05832	0.03372	0.41254	0.26324	0.01290	0.01735	0.01378	0.00611	0.00760
35	0.01288	0.00920	0.01227	0.01472	0.01534	0.00859	0.00981	0.01472	0.02024	0.02699	0.05828	0.62152	0.06993	0.03312	0.01350	0.00429	0.00613	0.03006	0.00981	0.00859
36	0.02121	0.05469	0.57364	0.03014	0.04576	0.02455	0.03906	0.03348	0.02232	0.03348	0.01897	0.02232	0.01339	0.01005	0.01005	0.00335	0.01563	0.00781	0.00446	0.01563
37	0.12666	0.01829	0.02345	0.01822	0.02620	0.01653	0.01505	0.04906	0.02878	0.50667	0.03845	0.03371	0.02439	0.01269	0.01014	0.00327	0.00890	0.01004	0.01230	0.01720
38	0.02192	0.01879	0.02192	0.01566	0.02506	0.01409	0.01253	0.02662	0.02192	0.03445	0.01879	0.02192	0.01566	0.00783	0.00783	0.00157	0.00783	0.00626	0.00626	0.69305
39	0.01496	0.01081	0.01413	0.01330	0.01580	0.00998	0.00998	0.01995	0.02993	0.04240	0.55689	0.07898	0.09976	0.02162	0.01247	0.00333	0.00499	0.01912	0.01164	0.00998
40	0.04019	0.02962	0.03173	0.02433	0.03279	0.03279	0.02010	0.52721	0.04971	0.06663	0.02538	0.02538	0.01798	0.01269	0.01058	0.00317	0.01163	0.00952	0.01058	0.01798
41	0.70310	0.02045	0.01554	0.01390	0.02045	0.02372	0.01145	0.03108	0.01799	0.04744	0.01472	0.01718	0.01145	0.00981	0.00654	0.00327	0.00818	0.00573	0.00654	0.01145
42	0.04019	0.02962	0.03173	0.02433	0.03279	0.03279	0.02010	0.52721	0.04971	0.06663	0.02538	0.02538	0.01798	0.01269	0.01058	0.00317	0.01163	0.00952	0.01058	0.01798
43	0.02617	0.02512	0.04292	0.06490	0.56246	0.02512	0.03245	0.03245	0.02407	0.03454	0.01989	0.02617	0.01675	0.00942	0.01047	0.00314	0.01256	0.00942	0.00523	0.01675
44	0.39512	0.02070	0.02329	0.02516	0.12789	0.02180	0.01664	0.03684	0.02247	0.18514	0.02297	0.02398	0.01644	0.01062	0.00841	0.00325	0.00925	0.00776	0.00804	0.01424
45	0.02169	0.01879	0.02309	0.08553	0.03074	0.01521	0.01453	0.02667	0.02183	0.03357	0.01879	0.02267	0.01547	0.00816	0.00816	0.00180	0.00858	0.00664	0.00608	0.61200
46	0.04744	0.01799	0.02454	0.01881	0.02699	0.01554	0.01554	0.05153	0.03026	0.56979	0.04171	0.03599	0.02617	0.01309	0.01063	0.00327	0.00900	0.01063	0.01309	0.01799
47	0.02433	0.05032	0.50831	0.02879	0.04353	0.02348	0.03627	0.03563	0.02327	0.09728	0.02168	0.02395	0.01491	0.01041	0.01012	0.00334	0.01484	0.00815	0.00549	0.01591
48	0.02676	0.14821	0.05346	0.10374	0.04914	0.09687	0.30570	0.03363	0.02443	0.03033	0.01917	0.02508	0.01504	0.00938	0.01079	0.00320	0.01626	0.01010	0.00512	0.01358
49	0.62099	0.01911	0.01515	0.01400	0.01984	0.02192	0.01126	0.02913	0.01826	0.04501	0.01990	0.08907	0.01841	0.01259	0.00737	0.00339	0.00794	0.00862	0.00693	0.01111
50	0.03097	0.02278	0.03629	0.03604	0.17380	0.02183	0.11813	0.04087	0.11081	0.17484	0.02951	0.03084	0.02148	0.01089	0.01063	0.00314	0.01140	0.01037	0.00832	0.09704
51	0.01699	0.01025	0.01373	0.01521	0.01672	0.00941	0.01050	0.01910	0.02143	0.09156	0.05630	0.55186	0.06472	0.03074	0.01315	0.00417	0.00647	0.02775	0.01020	0.00971

[dist]
# distance from previous block
# <min> <max>
0	17

[block]
# block no. 3 follows, 13 sequences, length 15
# corresponding to MSA columns:
# 242-256
name=unknown_D
#
# <colnr> <probs for GDERKNQSTAVLIFYWHMCP>
#	G	D	E	R	K	N	Q	S	T	A	V	L	I	F	Y	W	H	M	C	P
0	0.01424	0.01220	0.01278	0.01162	0.01627	0.00988	0.00886	0.01729	0.02370	0.02965	0.09082	0.08703	0.45808	0.02328	0.01164	0.00320	0.00581	0.01935	0.00916	0.13514
1	0.01530	0.01035	0.01201	0.01186	0.01232	0.01020	0.00707	0.01622	0.01806	0.02454	0.12991	0.07100	0.04975	0.51647	0.04619	0.00897	0.00928	0.01607	0.00737	0.00707
2	0.14068	0.01160	0.01339	0.01509	0.01699	0.01177	0.01090	0.01852	0.02027	0.03127	0.04999	0.45540	0.05815	0.02840	0.01233	0.00417	0.00690	0.07573	0.00920	0.00924
3	0.03252	0.01790	0.02064	0.01747	0.02336	0.01839	0.01390	0.07589	0.18923	0.22327	0.03903	0.03736	0.02781	0.01324	0.00975	0.00313	0.00782	0.01075	0.20324	0.01529
4	0.10761	0.01839	0.02497	0.12610	0.03479	0.01782	0.01768	0.04497	0.02736	0.41767	0.03480	0.03268	0.02248	0.01230	0.01021	0.00332	0.00986	0.00992	0.01089	0.01619
5	0.57707	0.02014	0.01852	0.12259	0.03011	0.02368	0.01476	0.03033	0.01857	0.04367	0.01547	0.01921	0.01194	0.00995	0.00729	0.00332	0.00927	0.00640	0.00620	0.01150
6	0.02948	0.57339	0.05300	0.01872	0.02771	0.04092	0.01829	0.08193	0.02435	0.02911	0.01578	0.01782	0.01402	0.00942	0.00717	0.00235	0.01134	0.00605	0.00514	0.01402
7	0.02183	0.04555	0.41934	0.10395	0.10580	0.02462	0.06673	0.03261	0.02253	0.03284	0.01920	0.02383	0.01400	0.00997	0.01030	0.00336	0.01524	0.00846	0.00463	0.01520
8	0.07537	0.06203	0.11626	0.03018	0.09304	0.02712	0.08372	0.20673	0.03327	0.13254	0.02478	0.02617	0.01763	0.01118	0.01028	0.00322	0.01242	0.00936	0.00830	0.01642
9	0.01288	0.00920	0.01227	0.01472	0.01534	0.00859	0.00981	0.01472	0.02024	0.02699	0.05828	0.62152	0.06993	0.03312	0.01350	0.00429	0.00613	0.03006	0.00981	0.00859
10	0.01613	0.01202	0.01565	0.01514	0.01578	0.01366	0.01053	0.01766	0.01601	0.02241	0.02951	0.05483	0.03171	0.37647	0.23180	0.01192	0.08149	0.01334	0.00596	0.00799
11	0.06870	0.17131	0.13914	0.03089	0.11394	0.06279	0.07385	0.03795	0.10757	0.06197	0.02304	0.02526	0.01782	0.01050	0.00950	0.00308	0.01263	0.00865	0.00634	0.01503
12	0.03787	0.02344	0.08334	0.12774	0.06961	0.02016	0.02186	0.09151	0.02939	0.33631	0.03238	0.03157	0.02134	0.01207	0.01055	0.00331	0.01106	0.00994	0.00999	0.01656
13	0.02941	0.01512	0.01873	0.01568	0.02091	0.01411	0.01246	0.08180	0.03048	0.23156	0.21032	0.05575	0.10293	0.01707	0.01101	0.00321	0.00711	0.01432	0.09450	0.01352
14	0.10131	0.02626	0.05475	0.02497	0.06153	0.07958	0.04914	0.14552	0.06267	0.17063	0.03112	0.09227	0.02498	0.01409	0.01049	0.00334	0.01124	0.01161	0.00925	0.01524

[dist]
# distance from previous block
# <min> <max>
0	4

[block]
# block no. 4 follows, 13 sequences, length 15
# corresponding to MSA columns:
# 261-275
name=unknown_E
#
# <colnr> <probs for GDERKNQSTAVLIFYWHMCP>
#	G	D	E	R	K	N	Q	S	T	A	V	L	I	F	Y	W	H	M	C	P
0	0.14015	0.06395	0.02520	0.01804	0.02622	0.08283	0.01471	0.07012	0.02571	0.13670	0.02232	0.02337	0.01674	0.00990	0.00846	0.00245	0.00986	0.00724	0.00768	0.28835
1	0.01935	0.01700	0.02398	0.01944	0.02539	0.01498	0.06939	0.02340	0.02129	0.03127	0.03184	0.22176	0.03359	0.01711	0.01215	0.00291	0.05138	0.01507	0.00722	0.34148
2	0.01325	0.00936	0.01216	0.01425	0.01477	0.00884	0.00931	0.01482	0.01952	0.02602	0.05454	0.53894	0.06522	0.12213	0.01952	0.00518	0.00675	0.02786	0.00931	0.00826
3	0.02614	0.29221	0.30043	0.02487	0.03666	0.09421	0.02838	0.03371	0.02283	0.02910	0.01693	0.01976	0.01349	0.00973	0.00865	0.00283	0.01424	0.00682	0.00460	0.01441
4	0.02675	0.01600	0.02155	0.02169	0.08140	0.01541	0.01494	0.03499	0.09867	0.18805	0.28479	0.05583	0.06099	0.01691	0.01151	0.00333	0.00740	0.01472	0.01121	0.01387
5	0.01704	0.01217	0.01704	0.01947	0.02191	0.01217	0.01704	0.02191	0.02434	0.03164	0.05598	0.11926	0.06085	0.02921	0.01460	0.00487	0.00974	0.49130	0.00974	0.00974
6	0.70310	0.02045	0.01554	0.01390	0.02045	0.02372	0.01145	0.03108	0.01799	0.04744	0.01472	0.01718	0.01145	0.00981	0.00654	0.00327	0.00818	0.00573	0.00654	0.01145
7	0.02617	0.02512	0.04292	0.06490	0.56246	0.02512	0.03245	0.03245	0.02407	0.03454	0.01989	0.02617	0.01675	0.00942	0.01047	0.00314	0.01256	0.00942	0.00523	0.01675
8	0.04428	0.01870	0.02444	0.01922	0.02707	0.01715	0.01572	0.05222	0.10698	0.49121	0.04191	0.03650	0.02709	0.01327	0.01065	0.00332	0.00890	0.01083	0.01274	0.01781
9	0.03071	0.02630	0.03576	0.03923	0.21371	0.03004	0.02518	0.22014	0.03175	0.04436	0.02036	0.02504	0.01644	0.01315	0.01712	0.00356	0.17483	0.00941	0.00712	0.01581
10	0.01529	0.01044	0.01245	0.01232	0.01288	0.01050	0.00760	0.01640	0.01771	0.02416	0.11111	0.06799	0.04645	0.48480	0.09895	0.00986	0.01120	0.01555	0.00712	0.00723
11	0.01529	0.01059	0.01323	0.01323	0.01382	0.01117	0.00852	0.01647	0.01588	0.02176	0.03176	0.06059	0.03471	0.45772	0.21941	0.01235	0.01587	0.01412	0.00618	0.00735
12	0.01288	0.00920	0.01227	0.01472	0.01534	0.00859	0.00981	0.01472	0.02024	0.02699	0.05828	0.62152	0.06993	0.03312	0.01350	0.00429	0.00613	0.03006	0.00981	0.00859
13	0.70310	0.02045	0.01554	0.01390	0.02045	0.02372	0.01145	0.03108	0.01799	0.04744	0.01472	0.01718	0.01145	0.00981	0.00654	0.00327	0.00818	0.00573	0.00654	0.01145
14	0.09181	0.16406	0.27479	0.02286	0.03453	0.02569	0.02581	0.03435	0.02270	0.10171	0.02055	0.02240	0.01515	0.00994	0.00883	0.00289	0.01222	0.00733	0.00600	0.09636

[dist]
# distance from previous block
# <min> <max>
0	1

[block]
# block no. 5 follows, 13 sequences, length 57
# corresponding to MSA columns:
# 277-333
name=unknown_F
#
# <colnr> <probs for GDERKNQSTAVLIFYWHMCP>
#	G	D	E	R	K	N	Q	S	T	A	V	L	I	F	Y	W	H	M	C	P
0	0.01971	0.02078	0.11934	0.01774	0.02346	0.01492	0.01651	0.02882	0.08702	0.07836	0.36247	0.06096	0.07090	0.01805	0.01170	0.00336	0.00762	0.01561	0.01032	0.01236
1	0.70310	0.02045	0.01554	0.01390	0.02045	0.02372	0.01145	0.03108	0.01799	0.04744	0.01472	0.01718	0.01145	0.00981	0.00654	0.00327	0.00818	0.00573	0.00654	0.01145
2	0.03988	0.02291	0.03466	0.02893	0.08284	0.02193	0.11192	0.14138	0.03259	0.32101	0.03269	0.03159	0.02180	0.01190	0.01095	0.00329	0.01148	0.01064	0.01043	0.01719
3	0.62844	0.02017	0.01656	0.01446	0.02119	0.02279	0.01192	0.03341	0.01939	0.10692	0.01780	0.01932	0.01313	0.01019	0.00701	0.00327	0.00827	0.00628	0.00729	0.01220
4	0.04744	0.01799	0.02454	0.01881	0.02699	0.01554	0.01554	0.05153	0.03026	0.56979	0.04171	0.03599	0.02617	0.01309	0.01063	0.00327	0.00900	0.01063	0.01309	0.01799
5	0.09572	0.03824	0.03266	0.03728	0.18939	0.32916	0.02337	0.03714	0.02617	0.03043	0.01709	0.02129	0.01437	0.01087	0.01124	0.00303	0.05600	0.00765	0.00543	0.01348
6	0.01704	0.01217	0.01704	0.01947	0.02191	0.01217	0.01704	0.02191	0.02434	0.03164	0.05598	0.11926	0.06085	0.02921	0.01460	0.00487	0.00974	0.49130	0.00974	0.00974
7	0.02617	0.02512	0.04292	0.06490	0.56246	0.02512	0.03245	0.03245	0.02407	0.03454	0.01989	0.02617	0.01675	0.00942	0.01047	0.00314	0.01256	0.00942	0.00523	0.01675
8	0.01288	0.00920	0.01227	0.01472	0.01534	0.00859	0.00981	0.01472	0.02024	0.02699	0.05828	0.62152	0.06993	0.03312	0.01350	0.00429	0.00613	0.03006	0.00981	0.00859
9	0.01466	0.01080	0.01372	0.01299	0.01561	0.00985	0.00974	0.01937	0.02922	0.04071	0.50203	0.08176	0.15568	0.02224	0.01247	0.00336	0.00503	0.01951	0.01142	0.00985
10	0.01496	0.01081	0.01413	0.01330	0.01580	0.00998	0.00998	0.01995	0.02993	0.04240	0.55689	0.07898	0.09976	0.02162	0.01247	0.00333	0.00499	0.01912	0.01164	0.00998
11	0.03950	0.05039	0.02996	0.02724	0.03269	0.58597	0.02043	0.04222	0.02996	0.02588	0.01634	0.01907	0.01362	0.01090	0.00953	0.00272	0.01907	0.00681	0.00545	0.01226
12	0.02155	0.01557	0.01990	0.02042	0.02402	0.01618	0.01763	0.12028	0.02928	0.03845	0.05002	0.10099	0.05250	0.02599	0.01382	0.00454	0.01011	0.39751	0.00990	0.01134
13	0.01445	0.01052	0.01218	0.01204	0.01477	0.00945	0.00892	0.01830	0.02599	0.03557	0.28331	0.12905	0.25875	0.02339	0.01195	0.00339	0.00522	0.02011	0.09320	0.00945
14	0.01896	0.01544	0.01814	0.02014	0.02283	0.06127	0.01733	0.02364	0.02482	0.03115	0.05259	0.11069	0.05681	0.02764	0.01417	0.00468	0.01053	0.44984	0.00937	0.00995
15	0.70310	0.02045	0.01554	0.01390	0.02045	0.02372	0.01145	0.03108	0.01799	0.04744	0.01472	0.01718	0.01145	0.00981	0.00654	0.00327	0.00818	0.00573	0.00654	0.01145
16	0.04178	0.02707	0.03016	0.02312	0.03152	0.02901	0.01910	0.42309	0.04545	0.17677	0.02896	0.02771	0.01977	0.01278	0.01059	0.00319	0.01106	0.00976	0.01113	0.01798
17	0.01631	0.01191	0.01626	0.01817	0.02070	0.01187	0.01559	0.02081	0.02363	0.03061	0.05966	0.10995	0.11833	0.03354	0.06719	0.00583	0.01092	0.38975	0.00937	0.00961
18	0.01704	0.01217	0.01704	0.01947	0.02191	0.01217	0.01704	0.02191	0.02434	0.03164	0.05598	0.11926	0.06085	0.02921	0.01460	0.00487	0.00974	0.49130	0.00974	0.00974
19	0.16348	0.01851	0.02203	0.01784	0.02503	0.01800	0.01453	0.04603	0.09253	0.36861	0.07459	0.03609	0.02961	0.01326	0.01003	0.00332	0.00847	0.01051	0.01148	0.01604
20	0.04407	0.02340	0.02788	0.02138	0.02969	0.02357	0.01766	0.27285	0.03931	0.33569	0.03412	0.03105	0.02236	0.01290	0.01061	0.00323	0.01022	0.01011	0.01192	0.01799
21	0.01713	0.01199	0.01433	0.01414	0.01531	0.01243	0.00933	0.06304	0.01975	0.02664	0.03684	0.17132	0.04110	0.37368	0.11853	0.00938	0.01216	0.01718	0.00736	0.00835
22	0.04744	0.01799	0.02454	0.01881	0.02699	0.01554	0.01554	0.05153	0.03026	0.56979	0.04171	0.03599	0.02617	0.01309	0.01063	0.00327	0.00900	0.01063	0.01309	0.01799
23	0.02121	0.05469	0.57364	0.03014	0.04576	0.02455	0.03906	0.03348	0.02232	0.03348	0.01897	0.02232	0.01339	0.01005	0.01005	0.00335	0.01563	0.00781	0.00446	0.01563
24	0.56614	0.02136	0.01828	0.01560	0.02251	0.02413	0.01286	0.09334	0.02291	0.09448	0.01833	0.01979	0.01351	0.01045	0.00739	0.00326	0.00867	0.00661	0.00760	0.01281
25	0.01319	0.00964	0.01249	0.01464	0.01577	0.00894	0.01022	0.01539	0.02106	0.02758	0.06404	0.51514	0.12871	0.03202	0.01347	0.00425	0.00635	0.06858	0.00981	0.00873
26	0.11149	0.02194	0.02547	0.02088	0.02776	0.06126	0.05129	0.04555	0.16050	0.24851	0.08328	0.03694	0.03123	0.01337	0.01042	0.00334	0.00973	0.01105	0.01050	0.01550
27	0.01288	0.00920	0.01227	0.01472	0.01534	0.00859	0.00981	0.01472	0.02024	0.02699	0.05828	0.62152	0.06993	0.03312	0.01350	0.00429	0.00613	0.03006	0.00981	0.00859
28	0.04122	0.01942	0.02399	0.01890	0.02627	0.01871	0.01545	0.13366	0.07006	0.37690	0.03801	0.03476	0.02526	0.01301	0.01024	0.00318	0.00893	0.01043	0.09468	0.01691
29	0.02537	0.29155	0.21991	0.03259	0.13524	0.03209	0.06339	0.03255	0.02248	0.03008	0.01752	0.02122	0.01428	0.00943	0.00892	0.00287	0.01339	0.00754	0.00470	0.01487
30	0.02786	0.09862	0.04337	0.09160	0.37586	0.02628	0.06489	0.03383	0.02419	0.08223	0.02130	0.02627	0.01699	0.00976	0.01019	0.00310	0.01257	0.00930	0.00584	0.01594
31	0.03299	0.01713	0.02096	0.01733	0.02304	0.01664	0.01381	0.13629	0.03217	0.24687	0.13407	0.09632	0.04225	0.01633	0.01078	0.00325	0.00798	0.01366	0.10358	0.01454
32	0.49762	0.13502	0.02488	0.01595	0.02319	0.02817	0.01373	0.09170	0.02251	0.04561	0.01602	0.01814	0.01264	0.01002	0.00708	0.00307	0.00918	0.00617	0.00666	0.01264
33	0.01288	0.00920	0.01227	0.01472	0.01534	0.00859	0.00981	0.01472	0.02024	0.02699	0.05828	0.62152	0.06993	0.03312	0.01350	0.00429	0.00613	0.03006	0.00981	0.00859
34	0.02835	0.14599	0.04047	0.20577	0.13014	0.03011	0.06135	0.16231	0.02955	0.03883	0.02010	0.02491	0.01559	0.01053	0.00994	0.00312	0.01291	0.00891	0.00636	0.01475
35	0.02423	0.02581	0.05064	0.08286	0.11273	0.02509	0.32966	0.03171	0.02360	0.03296	0.02018	0.02701	0.01579	0.00961	0.01301	0.00333	0.05561	0.01088	0.00535	0.09994
36	0.02763	0.07429	0.21621	0.03545	0.07706	0.02515	0.22712	0.03632	0.02469	0.11828	0.02333	0.02685	0.01670	0.00997	0.01092	0.00334	0.01498	0.01008	0.00624	0.01539
37	0.02776	0.47725	0.04730	0.01897	0.02723	0.03784	0.01774	0.03797	0.15580	0.02986	0.02199	0.02275	0.01838	0.01041	0.00781	0.00260	0.01055	0.00728	0.00613	0.01438
38	0.01327	0.00950	0.01261	0.01446	0.01542	0.00884	0.00984	0.01569	0.02203	0.02984	0.15038	0.52130	0.07544	0.03100	0.01331	0.00412	0.00592	0.02804	0.01015	0.00884
39	0.01313	0.00985	0.01218	0.01346	0.01514	0.00890	0.00939	0.01570	0.02283	0.02994	0.15331	0.39882	0.19968	0.02960	0.01307	0.00395	0.00575	0.02627	0.01012	0.00890
40	0.02747	0.27879	0.24124	0.02582	0.03736	0.03069	0.08782	0.03486	0.02322	0.09117	0.02016	0.02250	0.01525	0.00985	0.00911	0.00293	0.01342	0.00785	0.00558	0.01491
41	0.01468	0.01080	0.01374	0.01301	0.01562	0.00986	0.00976	0.01941	0.02927	0.04082	0.50567	0.08157	0.15197	0.02220	0.01247	0.00335	0.00503	0.01948	0.01143	0.00986
42	0.01349	0.01026	0.01241	0.01291	0.01515	0.00919	0.00929	0.01670	0.02490	0.03291	0.24905	0.26084	0.24058	0.02701	0.01281	0.00372	0.00548	0.02368	0.01046	0.00919
43	0.11778	0.02698	0.02922	0.02773	0.10602	0.08875	0.01962	0.20846	0.03457	0.19699	0.02692	0.02681	0.01885	0.01179	0.00999	0.00316	0.01147	0.00907	0.00946	0.01639
44	0.01426	0.01140	0.01798	0.01812	0.01988	0.01065	0.06838	0.01690	0.02078	0.02777	0.05407	0.55399	0.06379	0.03037	0.01338	0.00421	0.00747	0.02806	0.00931	0.00923
45	0.62761	0.02149	0.01738	0.01509	0.02185	0.02475	0.01244	0.08758	0.02161	0.04962	0.01594	0.01811	0.01219	0.01014	0.00700	0.00326	0.00857	0.00616	0.00700	0.01219
46	0.04744	0.01799	0.02454	0.01881	0.02699	0.01554	0.01554	0.05153	0.03026	0.56979	0.04171	0.03599	0.02617	0.01309	0.01063	0.00327	0.00900	0.01063	0.01309	0.01799
47	0.01316	0.01067	0.01175	0.01216	0.01519	0.00926	0.00919	0.01614	0.02422	0.02993	0.13873	0.16034	0.41766	0.02723	0.01279	0.00374	0.00579	0.06303	0.00998	0.00905
48	0.04589	0.02430	0.02559	0.02045	0.02810	0.12659	0.01649	0.04972	0.03020	0.46390	0.03677	0.03269	0.02373	0.01266	0.01042	0.00316	0.01096	0.00989	0.01160	0.01688
49	0.03460	0.02437	0.02521	0.02069	0.02726	0.07141	0.01656	0.22143	0.12150	0.14744	0.09604	0.03669	0.03212	0.01395	0.01053	0.00319	0.00994	0.01109	0.06027	0.01572
50	0.02192	0.01879	0.02192	0.01566	0.02506	0.01409	0.01253	0.02662	0.02192	0.03445	0.01879	0.02192	0.01566	0.00783	0.00783	0.00157	0.00783	0.00626	0.00626	0.69305
51	0.01704	0.01217	0.01704	0.01947	0.02191	0.01217	0.01704	0.02191	0.02434	0.03164	0.05598	0.11926	0.06085	0.02921	0.01460	0.00487	0.00974	0.49130	0.00974	0.00974
52	0.01480	0.01028	0.01190	0.01213	0.01273	0.01016	0.00740	0.01555	0.01694	0.02231	0.04366	0.12192	0.09966	0.46498	0.08412	0.00943	0.01063	0.01723	0.00706	0.00712
53	0.12741	0.01829	0.02344	0.01821	0.02619	0.01654	0.01504	0.04903	0.02877	0.50607	0.03842	0.03369	0.02438	0.01269	0.01013	0.00327	0.00890	0.01003	0.01229	0.01720
54	0.01339	0.00956	0.01285	0.01530	0.01614	0.00902	0.01070	0.01560	0.02074	0.02756	0.05800	0.56026	0.06882	0.03265	0.01363	0.00436	0.00657	0.08632	0.00981	0.00873
55	0.02617	0.02512	0.04292	0.06490	0.56246	0.02512	0.03245	0.03245	0.02407	0.03454	0.01989	0.02617	0.01675	0.00942	0.01047	0.00314	0.01256	0.00942	0.00523	0.01675
56	0.52137	0.01977	0.01803	0.01526	0.02226	0.02145	0.01258	0.03675	0.02139	0.19222	0.02220	0.02239	0.01553	0.01072	0.00768	0.00327	0.00841	0.00709	0.00836	0.01326

[dist]
# distance from previous block
# <min> <max>
0	8

[block]
# block no. 6 follows, 13 sequences, length 6
# corresponding to MSA columns:
# 342-347
name=unknown_G
#
# <colnr> <probs for GDERKNQSTAVLIFYWHMCP>
#	G	D	E	R	K	N	Q	S	T	A	V	L	I	F	Y	W	H	M	C	P
0	0.02071	0.01746	0.02104	0.01590	0.02395	0.01394	0.01265	0.02524	0.02104	0.03268	0.02050	0.02543	0.01759	0.02061	0.11131	0.00432	0.01149	0.00717	0.00616	0.57081
1	0.12982	0.02241	0.02397	0.01972	0.02638	0.06817	0.01597	0.14574	0.03041	0.24470	0.02990	0.03065	0.02134	0.02420	0.11294	0.00566	0.01376	0.00951	0.00967	0.01507
2	0.01675	0.01198	0.01664	0.01863	0.02107	0.01187	0.01607	0.02164	0.02510	0.03311	0.12437	0.11376	0.06616	0.02817	0.01431	0.00466	0.00909	0.42683	0.01000	0.00977
3	0.02142	0.01494	0.01598	0.01446	0.01845	0.05380	0.01108	0.02538	0.02818	0.12432	0.29133	0.07442	0.22333	0.02100	0.01195	0.00335	0.00682	0.01778	0.01085	0.01115
4	0.03760	0.07473	0.13732	0.02789	0.11107	0.02081	0.02289	0.04357	0.02709	0.34152	0.03186	0.03034	0.02126	0.01162	0.01019	0.00319	0.01101	0.00951	0.00955	0.01699
5	0.31638	0.02688	0.12165	0.19584	0.04189	0.02460	0.02256	0.07386	0.02251	0.04045	0.01765	0.02215	0.01317	0.01034	0.00874	0.00335	0.01160	0.00754	0.00597	0.01286

[dist]
# distance from previous block
# <min> <max>
0	4

[block]
# block no. 7 follows, 13 sequences, length 61
# corresponding to MSA columns:
# 352-412
name=unknown_H
#
# <colnr> <probs for GDERKNQSTAVLIFYWHMCP>
#	G	D	E	R	K	N	Q	S	T	A	V	L	I	F	Y	W	H	M	C	P
0	0.03532	0.02540	0.03251	0.08840	0.18099	0.05865	0.02310	0.17199	0.06295	0.17193	0.02768	0.02887	0.01983	0.01167	0.01051	0.00322	0.01174	0.00973	0.00886	0.01664
1	0.01523	0.01082	0.01444	0.01444	0.01545	0.01183	0.01004	0.01724	0.01624	0.02266	0.03065	0.05445	0.03204	0.33575	0.33773	0.01384	0.01988	0.01322	0.00601	0.00802
2	0.03229	0.07845	0.02650	0.01776	0.02644	0.05741	0.01461	0.03653	0.02524	0.21213	0.02591	0.02597	0.01884	0.00992	0.00879	0.00228	0.00934	0.00771	0.00833	0.35557
3	0.02267	0.01946	0.02226	0.01666	0.02547	0.01617	0.01324	0.03166	0.11071	0.03612	0.02292	0.02491	0.01849	0.00894	0.00833	0.00191	0.00792	0.00723	0.00703	0.57790
4	0.04744	0.01799	0.02454	0.01881	0.02699	0.01554	0.01554	0.05153	0.03026	0.56979	0.04171	0.03599	0.02617	0.01309	0.01063	0.00327	0.00900	0.01063	0.01309	0.01799
5	0.01538	0.01025	0.01153	0.01153	0.01153	0.01025	0.00641	0.01538	0.01538	0.02050	0.03331	0.06919	0.03844	0.62842	0.05382	0.01025	0.01025	0.01538	0.00641	0.00641
6	0.02192	0.01879	0.02192	0.01566	0.02506	0.01409	0.01253	0.02662	0.02192	0.03445	0.01879	0.02192	0.01566	0.00783	0.00783	0.00157	0.00783	0.00626	0.00626	0.69305
7	0.01288	0.00920	0.01227	0.01472	0.01534	0.00859	0.00981	0.01472	0.02024	0.02699	0.05828	0.62152	0.06993	0.03312	0.01350	0.00429	0.00613	0.03006	0.00981	0.00859
8	0.02617	0.02512	0.04292	0.06490	0.56246	0.02512	0.03245	0.03245	0.02407	0.03454	0.01989	0.02617	0.01675	0.00942	0.01047	0.00314	0.01256	0.00942	0.00523	0.01675
9	0.02313	0.02313	0.03238	0.02776	0.02776	0.03238	0.02313	0.02545	0.01619	0.02545	0.01388	0.02313	0.01388	0.01851	0.03470	0.00463	0.60907	0.00925	0.00463	0.01157
10	0.02496	0.02852	0.06239	0.04456	0.05526	0.02674	0.52406	0.03387	0.02496	0.03387	0.02139	0.02852	0.01604	0.00891	0.01248	0.00357	0.01783	0.01248	0.00535	0.01426
11	0.02496	0.02852	0.06239	0.04456	0.05526	0.02674	0.52406	0.03387	0.02496	0.03387	0.02139	0.02852	0.01604	0.00891	0.01248	0.00357	0.01783	0.01248	0.00535	0.01426
12	0.02617	0.02512	0.04292	0.06490	0.56246	0.02512	0.03245	0.03245	0.02407	0.03454	0.01989	0.02617	0.01675	0.00942	0.01047	0.00314	0.01256	0.00942	0.00523	0.01675
13	0.02827	0.63478	0.05540	0.01809	0.02714	0.04184	0.01809	0.03166	0.02148	0.02488	0.01470	0.01696	0.01357	0.00905	0.00678	0.00226	0.01131	0.00565	0.00452	0.01357
14	0.01551	0.01108	0.01529	0.01773	0.01949	0.01086	0.01439	0.01927	0.02284	0.02993	0.05682	0.30360	0.06418	0.03065	0.01420	0.00466	0.00841	0.32202	0.00976	0.00931
