[name]
unknown

[dist]
# distance from previous block
# <min> <max>
0	406

[block]
# block no. 0 follows, 11 sequences, length 24
# corresponding to MSA columns:
# 412-435
name=unknown_A
#
# <colnr> <probs for GDERKNQSTAVLIFYWHMCP>
#	G	D	E	R	K	N	Q	S	T	A	V	L	I	F	Y	W	H	M	C	P
0	0.02498	0.01986	0.02501	0.09623	0.03406	0.01941	0.01884	0.11391	0.02956	0.04100	0.03416	0.05857	0.03252	0.01708	0.01162	0.00341	0.01066	0.15444	0.00849	0.24618
1	0.01988	0.01722	0.02729	0.13123	0.18924	0.01772	0.02169	0.02492	0.02491	0.03430	0.12859	0.22348	0.05215	0.02085	0.01261	0.00385	0.00994	0.01908	0.00832	0.01273
2	0.03270	0.02830	0.04182	0.05506	0.37214	0.02939	0.03027	0.18457	0.03449	0.04786	0.02307	0.02759	0.01825	0.01116	0.01118	0.00335	0.01305	0.01006	0.00742	0.01825
3	0.03800	0.03531	0.03074	0.02513	0.03302	0.18100	0.01993	0.24709	0.10271	0.05077	0.02575	0.02654	0.01945	0.01249	0.01057	0.00306	0.01364	0.00917	0.00910	0.10651
4	0.02694	0.21008	0.03256	0.01820	0.02485	0.02633	0.01554	0.03765	0.14439	0.09303	0.13494	0.05069	0.10814	0.01654	0.01066	0.00327	0.00889	0.01332	0.00961	0.01440
5	0.02266	0.02001	0.02672	0.19869	0.04318	0.01825	0.01915	0.02848	0.02307	0.03411	0.02001	0.02550	0.01613	0.00928	0.00928	0.00234	0.01050	0.00775	0.00613	0.45876
6	0.02744	0.01418	0.01904	0.01692	0.02153	0.01285	0.01352	0.03242	0.03120	0.20495	0.31039	0.07478	0.07539	0.02111	0.01293	0.00373	0.00735	0.07428	0.01263	0.01336
7	0.47832	0.02092	0.01965	0.01650	0.02403	0.02242	0.01360	0.04015	0.02339	0.21006	0.02500	0.02478	0.01728	0.01158	0.00838	0.00348	0.00899	0.00779	0.00923	0.01445
8	0.03443	0.02304	0.02975	0.02313	0.03035	0.02388	0.08083	0.22766	0.03730	0.11375	0.03169	0.03369	0.02307	0.01288	0.01044	0.00320	0.01063	0.01082	0.22367	0.01579
9	0.03521	0.02428	0.03933	0.05316	0.37014	0.02343	0.02870	0.04114	0.02777	0.20079	0.02871	0.03125	0.02109	0.01130	0.01120	0.00339	0.01214	0.01045	0.00828	0.01826
10	0.46925	0.03360	0.18846	0.02041	0.03051	0.02554	0.02173	0.03392	0.02065	0.04568	0.01714	0.02006	0.01286	0.01053	0.00818	0.00351	0.01128	0.00682	0.00625	0.01363
11	0.02010	0.01138	0.01336	0.01363	0.01645	0.01048	0.00992	0.02357	0.02422	0.09068	0.06212	0.25786	0.14444	0.02435	0.01171	0.00366	0.00629	0.02108	0.22395	0.01077
12	0.03682	0.02772	0.10404	0.02723	0.03690	0.02283	0.10443	0.05016	0.15085	0.25952	0.03764	0.03584	0.02573	0.01304	0.01161	0.00363	0.01203	0.01161	0.01060	0.01777
13	0.01371	0.00979	0.01306	0.01567	0.01632	0.00914	0.01045	0.01567	0.02155	0.02873	0.06203	0.59710	0.07444	0.03526	0.01437	0.00457	0.00653	0.03200	0.01045	0.00914
14	0.02395	0.02210	0.03767	0.04769	0.29991	0.02184	0.08816	0.02885	0.02275	0.03182	0.02603	0.04307	0.02522	0.20292	0.02641	0.00586	0.01334	0.01253	0.00599	0.01389
15	0.24228	0.02418	0.03885	0.12847	0.04605	0.02517	0.18893	0.03634	0.02420	0.10849	0.02292	0.02746	0.01659	0.01072	0.01060	0.00364	0.01364	0.01009	0.00711	0.01427
16	0.03302	0.02285	0.03176	0.02646	0.02928	0.02865	0.02200	0.03610	0.02210	0.19425	0.02439	0.02907	0.01902	0.01783	0.02862	0.00446	0.39743	0.01033	0.00785	0.01453
17	0.01346	0.01078	0.01204	0.01305	0.01564	0.00936	0.00929	0.01597	0.02407	0.02976	0.09390	0.29748	0.35350	0.03112	0.01371	0.00410	0.00602	0.02694	0.01045	0.00936
18	0.02918	0.24367	0.14833	0.03212	0.04310	0.10615	0.17766	0.03636	0.02547	0.03144	0.01905	0.02342	0.01527	0.01005	0.01023	0.00314	0.01627	0.00897	0.00522	0.01490
19	0.03557	0.03454	0.19753	0.02651	0.03621	0.02550	0.02684	0.10376	0.02951	0.21754	0.02866	0.02950	0.01982	0.01390	0.01587	0.00376	0.11910	0.00991	0.00891	0.01706
20	0.02868	0.21474	0.03633	0.02172	0.02914	0.03336	0.01828	0.05133	0.35450	0.04039	0.03602	0.03422	0.02789	0.01344	0.01008	0.00336	0.00992	0.01055	0.00930	0.01672
21	0.23129	0.01368	0.01419	0.01539	0.01809	0.01437	0.01101	0.02132	0.02077	0.03580	0.04698	0.40920	0.05423	0.02721	0.01196	0.00422	0.00724	0.02359	0.00932	0.01013
22	0.47169	0.21312	0.03032	0.01625	0.02408	0.03151	0.01448	0.03329	0.02036	0.04270	0.01566	0.01821	0.01292	0.01018	0.00705	0.00313	0.00979	0.00607	0.00627	0.01292
23	0.02925	0.02631	0.02873	0.02599	0.06008	0.09639	0.04861	0.14132	0.12561	0.04785	0.19130	0.04768	0.04939	0.01619	0.01192	0.00347	0.01101	0.01374	0.01021	0.01496

[dist]
# distance from previous block
# <min> <max>
0	1

[block]
# block no. 1 follows, 11 sequences, length 23
# corresponding to MSA columns:
# 437-459
name=unknown_B
#
# <colnr> <probs for GDERKNQSTAVLIFYWHMCP>
#	G	D	E	R	K	N	Q	S	T	A	V	L	I	F	Y	W	H	M	C	P
0	0.55898	0.02367	0.01990	0.01696	0.02433	0.02713	0.01398	0.12345	0.02574	0.05448	0.01788	0.01999	0.01354	0.01105	0.00780	0.00346	0.00942	0.00688	0.00780	0.01354
1	0.03620	0.03275	0.02847	0.02680	0.06730	0.21614	0.01936	0.10126	0.07270	0.11989	0.12504	0.03874	0.03692	0.01462	0.01127	0.00329	0.01323	0.01147	0.00951	0.01507
2	0.14474	0.01302	0.01369	0.01384	0.01715	0.01274	0.01025	0.02051	0.02474	0.03730	0.17727	0.21504	0.20944	0.02550	0.01234	0.00388	0.00642	0.02171	0.01022	0.01019
3	0.02112	0.03492	0.25166	0.21526	0.05276	0.02276	0.03274	0.03050	0.02382	0.03285	0.02908	0.04933	0.02599	0.01552	0.01199	0.00400	0.01465	0.11115	0.00611	0.01380
4	0.02474	0.21746	0.40585	0.02839	0.04300	0.03144	0.03516	0.03509	0.02351	0.03301	0.01889	0.02212	0.01431	0.01039	0.00969	0.00323	0.01531	0.00766	0.00477	0.01600
5	0.04475	0.01747	0.02307	0.01817	0.02569	0.01536	0.01485	0.04927	0.03054	0.44456	0.04291	0.03902	0.02805	0.01377	0.01065	0.00332	0.00873	0.01116	0.14121	0.01747
6	0.01737	0.01316	0.01666	0.01465	0.01874	0.01147	0.01115	0.02262	0.03020	0.04349	0.42922	0.07224	0.08875	0.02015	0.01231	0.00317	0.00590	0.01769	0.01127	0.13978
7	0.15390	0.02066	0.03003	0.20533	0.17412	0.02257	0.02421	0.03181	0.02346	0.08346	0.02745	0.10463	0.02445	0.01427	0.01082	0.00368	0.01169	0.01235	0.00711	0.01402
8	0.01518	0.01179	0.01709	0.12516	0.02825	0.01223	0.01450	0.01822	0.02174	0.02874	0.05384	0.48657	0.06286	0.03058	0.01376	0.00441	0.00818	0.02771	0.00939	0.00980
9	0.02699	0.02656	0.02501	0.01907	0.02826	0.12109	0.01498	0.03158	0.02501	0.03490	0.01950	0.02275	0.01625	0.00897	0.00869	0.00191	0.01067	0.00678	0.00650	0.54457
10	0.02980	0.07776	0.03441	0.03451	0.19240	0.02185	0.02131	0.03511	0.02546	0.11668	0.02388	0.02671	0.01863	0.00990	0.00962	0.00257	0.01052	0.00845	0.00730	0.29312
11	0.68395	0.02177	0.01654	0.01480	0.02177	0.02525	0.01219	0.03309	0.01915	0.05050	0.01567	0.01828	0.01219	0.01045	0.00697	0.00348	0.00871	0.00609	0.00697	0.01219
12	0.02257	0.05822	0.54613	0.03208	0.04871	0.02614	0.04158	0.03564	0.02376	0.03564	0.02020	0.02376	0.01426	0.01069	0.01069	0.00356	0.01663	0.00832	0.00475	0.01663
13	0.03009	0.61122	0.05898	0.01926	0.02889	0.04454	0.01926	0.03370	0.02287	0.02648	0.01565	0.01805	0.01444	0.00963	0.00722	0.00241	0.01204	0.00602	0.00481	0.01444
14	0.01521	0.01651	0.08294	0.01790	0.02106	0.01171	0.01502	0.01897	0.02254	0.03019	0.06052	0.44314	0.10211	0.03116	0.01390	0.00443	0.00811	0.06462	0.00970	0.01025
15	0.03701	0.04538	0.03074	0.03103	0.07944	0.43728	0.02148	0.04014	0.02995	0.02857	0.02358	0.09630	0.02264	0.01454	0.01079	0.00316	0.01785	0.01074	0.00638	0.01299
16	0.02257	0.05822	0.54613	0.03208	0.04871	0.02614	0.04158	0.03564	0.02376	0.03564	0.02020	0.02376	0.01426	0.01069	0.01069	0.00356	0.01663	0.00832	0.00475	0.01663
17	0.01955	0.00978	0.01466	0.01466	0.01466	0.00978	0.00978	0.01466	0.01466	0.01955	0.01955	0.03421	0.01955	0.03910	0.04399	0.67253	0.00978	0.00978	0.00489	0.00489
18	0.01366	0.01000	0.01284	0.01511	0.01618	0.00919	0.01020	0.01573	0.02208	0.02895	0.06882	0.53330	0.13386	0.03438	0.01423	0.00447	0.00642	0.03092	0.01045	0.00919
19	0.05050	0.01915	0.02612	0.02003	0.02873	0.01654	0.01654	0.05485	0.03221	0.54203	0.04440	0.03831	0.02786	0.01393	0.01132	0.00348	0.00958	0.01132	0.01393	0.01915
20	0.01593	0.01150	0.01504	0.01416	0.01681	0.01062	0.01062	0.02124	0.03186	0.04513	0.52830	0.08407	0.10620	0.02301	0.01327	0.00354	0.00531	0.02035	0.01239	0.01062
21	0.04204	0.05364	0.03190	0.02900	0.03480	0.55926	0.02175	0.04494	0.03190	0.02755	0.01740	0.02030	0.01450	0.01160	0.01015	0.00290	0.02030	0.00725	0.00580	0.01305
22	0.02407	0.02005	0.02206	0.02006	0.02521	0.02234	0.01547	0.04726	0.35702	0.04645	0.20284	0.05569	0.05774	0.01779	0.01205	0.00373	0.00774	0.01521	0.01176	0.01547

[dist]
# distance from previous block
# <min> <max>
0	2

[block]
# block no. 2 follows, 11 sequences, length 16
# corresponding to MSA columns:
# 462-477
name=unknown_C
#
# <colnr> <probs for GDERKNQSTAVLIFYWHMCP>
#	G	D	E	R	K	N	Q	S	T	A	V	L	I	F	Y	W	H	M	C	P
0	0.01597	0.01144	0.01476	0.01397	0.01635	0.01065	0.01023	0.02074	0.03027	0.04275	0.47788	0.08301	0.09952	0.08250	0.01778	0.00429	0.00588	0.01995	0.01182	0.01023
1	0.02503	0.39347	0.04254	0.01707	0.02369	0.03228	0.01544	0.02831	0.02335	0.02907	0.11324	0.04014	0.03603	0.11884	0.01732	0.00414	0.01060	0.01051	0.00656	0.01237
2	0.01637	0.01091	0.01228	0.01228	0.01228	0.01091	0.00682	0.01637	0.01637	0.02182	0.03546	0.07365	0.04092	0.60445	0.05729	0.01091	0.01091	0.01637	0.00682	0.00682
3	0.01614	0.01183	0.01692	0.01692	0.01853	0.01344	0.01262	0.01935	0.01774	0.02527	0.03121	0.05011	0.03070	0.18861	0.45915	0.01665	0.02629	0.01292	0.00619	0.00940
4	0.04204	0.05364	0.03190	0.02900	0.03480	0.55926	0.02175	0.04494	0.03190	0.02755	0.01740	0.02030	0.01450	0.01160	0.01015	0.00290	0.02030	0.00725	0.00580	0.01305
5	0.04821	0.01967	0.02605	0.02032	0.02879	0.01771	0.01667	0.05536	0.08126	0.49164	0.04455	0.03868	0.02852	0.01407	0.01133	0.00352	0.00951	0.01146	0.01368	0.01902
6	0.01386	0.01081	0.01259	0.01345	0.01588	0.00954	0.00959	0.01676	0.02505	0.03205	0.15832	0.29022	0.29129	0.03022	0.01370	0.00405	0.00596	0.02636	0.01075	0.00954
7	0.03721	0.03329	0.02953	0.02435	0.03125	0.16695	0.01933	0.28349	0.04321	0.05444	0.12494	0.03670	0.03537	0.01491	0.01137	0.00329	0.01303	0.01143	0.01006	0.01584
8	0.01579	0.01159	0.01418	0.01420	0.01656	0.01080	0.01057	0.01948	0.02649	0.03549	0.26707	0.09389	0.17857	0.14195	0.02245	0.00533	0.00730	0.08817	0.01054	0.00958
9	0.01371	0.00979	0.01306	0.01567	0.01632	0.00914	0.01045	0.01567	0.02155	0.02873	0.06203	0.59710	0.07444	0.03526	0.01437	0.00457	0.00653	0.03200	0.01045	0.00914
10	0.01608	0.01206	0.01809	0.01809	0.02010	0.01407	0.01407	0.02010	0.01809	0.02613	0.03015	0.04422	0.02814	0.08441	0.55984	0.01809	0.03015	0.01206	0.00603	0.01005
11	0.08412	0.14369	0.04763	0.03021	0.03999	0.02958	0.19045	0.10114	0.03008	0.15544	0.02632	0.02836	0.01892	0.01114	0.01088	0.00337	0.01379	0.01042	0.00824	0.01625
12	0.02120	0.01704	0.01959	0.01798	0.02225	0.01821	0.01376	0.03808	0.24238	0.04599	0.31758	0.06570	0.07482	0.01963	0.01248	0.00366	0.00688	0.01702	0.01198	0.01376
13	0.01416	0.01014	0.01346	0.01537	0.01642	0.00944	0.01048	0.01679	0.02361	0.03202	0.15545	0.49431	0.08080	0.03281	0.01415	0.00436	0.00629	0.02966	0.01084	0.00944
14	0.08309	0.28801	0.15340	0.02371	0.03381	0.14001	0.02384	0.03797	0.02531	0.07048	0.01921	0.02133	0.01528	0.01065	0.00886	0.00292	0.01424	0.00718	0.00587	0.01483
15	0.02366	0.05140	0.44181	0.03024	0.04482	0.02651	0.03682	0.04049	0.12197	0.03794	0.02533	0.02742	0.01828	0.01161	0.01085	0.00362	0.01509	0.00920	0.00609	0.01687

[dist]
# distance from previous block
# <min> <max>
0	1

[block]
# block no. 3 follows, 11 sequences, length 91
# corresponding to MSA columns:
# 479-569
name=unknown_D
#
# <colnr> <probs for GDERKNQSTAVLIFYWHMCP>
#	G	D	E	R	K	N	Q	S	T	A	V	L	I	F	Y	W	H	M	C	P
0	0.01641	0.01265	0.01722	0.01739	0.01840	0.01417	0.01265	0.01896	0.02000	0.02798	0.08191	0.23387	0.05066	0.14514	0.17881	0.00945	0.08691	0.01985	0.00803	0.00952
1	0.02098	0.01049	0.01049	0.01049	0.01311	0.01049	0.00787	0.02623	0.02360	0.04196	0.03672	0.04196	0.02885	0.01311	0.00787	0.00262	0.00525	0.01049	0.66693	0.01049
2	0.03009	0.02371	0.02551	0.02264	0.02922	0.02693	0.01770	0.05935	0.46908	0.09314	0.04568	0.04165	0.03375	0.01515	0.01144	0.00379	0.00897	0.01259	0.01168	0.01794
3	0.03460	0.14853	0.23389	0.02549	0.03747	0.02857	0.02750	0.11614	0.03059	0.17170	0.02677	0.02701	0.01864	0.01180	0.01029	0.00329	0.01322	0.00896	0.00823	0.01729
4	0.08874	0.02574	0.04033	0.13538	0.19947	0.02813	0.10015	0.07820	0.06884	0.03979	0.02283	0.02859	0.01799	0.01183	0.01344	0.00368	0.06427	0.01040	0.00661	0.01562
5	0.03243	0.02828	0.03183	0.20874	0.04786	0.08078	0.02395	0.20523	0.13831	0.04769	0.02774	0.03053	0.02054	0.01295	0.01119	0.00355	0.01328	0.01036	0.00869	0.01607
6	0.02098	0.01049	0.01049	0.01049	0.01311	0.01049	0.00787	0.02623	0.02360	0.04196	0.03672	0.04196	0.02885	0.01311	0.00787	0.00262	0.00525	0.01049	0.66693	0.01049
7	0.02314	0.02989	0.15854	0.02066	0.03237	0.01788	0.02064	0.03023	0.02345	0.03641	0.02006	0.02345	0.01605	0.00895	0.00895	0.00216	0.01048	0.00709	0.00617	0.50344
8	0.02130	0.01762	0.01943	0.01790	0.02255	0.01883	0.01373	0.03899	0.26397	0.04346	0.22123	0.06802	0.14671	0.02024	0.01240	0.00372	0.00712	0.01727	0.01159	0.01390
9	0.01814	0.01296	0.01814	0.02073	0.02332	0.01296	0.01814	0.02332	0.02591	0.03368	0.05959	0.12696	0.06478	0.03109	0.01555	0.00518	0.01036	0.45848	0.01036	0.01036
10	0.03589	0.02487	0.02641	0.02103	0.02801	0.02718	0.01712	0.34794	0.04365	0.06177	0.03009	0.03175	0.02221	0.01339	0.01019	0.00314	0.01013	0.01025	0.21858	0.01641
11	0.05050	0.01915	0.02612	0.02003	0.02873	0.01654	0.01654	0.05485	0.03221	0.54203	0.04440	0.03831	0.02786	0.01393	0.01132	0.00348	0.00958	0.01132	0.01393	0.01915
12	0.62964	0.02259	0.01800	0.01574	0.02288	0.02607	0.01297	0.07235	0.02201	0.05223	0.01663	0.01902	0.01278	0.01071	0.00733	0.00347	0.00902	0.00644	0.00733	0.01278
13	0.08423	0.02001	0.02324	0.01709	0.02661	0.01614	0.01380	0.03335	0.02452	0.12557	0.02387	0.02551	0.01823	0.00949	0.00874	0.00214	0.00858	0.00743	0.00795	0.50350
14	0.02743	0.02794	0.05257	0.06190	0.37633	0.02731	0.18693	0.03504	0.02594	0.03653	0.02170	0.02869	0.01758	0.00985	0.01185	0.00349	0.01523	0.01111	0.00561	0.01695
15	0.01612	0.01191	0.01735	0.01735	0.01911	0.01367	0.01315	0.01963	0.01787	0.02558	0.03082	0.04794	0.02976	0.15021	0.49626	0.01718	0.02771	0.01260	0.00613	0.00964
16	0.02257	0.05822	0.54613	0.03208	0.04871	0.02614	0.04158	0.03564	0.02376	0.03564	0.02020	0.02376	0.01426	0.01069	0.01069	0.00356	0.01663	0.00832	0.00475	0.01663
17	0.01608	0.01206	0.01809	0.01809	0.02010	0.01407	0.01407	0.02010	0.01809	0.02613	0.03015	0.04422	0.02814	0.08441	0.55984	0.01809	0.03015	0.01206	0.00603	0.01005
18	0.01707	0.01434	0.02151	0.19452	0.03685	0.01641	0.01829	0.02082	0.02147	0.02859	0.04454	0.36690	0.05034	0.02629	0.01539	0.00434	0.06052	0.02307	0.00823	0.01049
19	0.01955	0.00978	0.01466	0.01466	0.01466	0.00978	0.00978	0.01466	0.01466	0.01955	0.01955	0.03421	0.01955	0.03910	0.04399	0.67253	0.00978	0.00978	0.00489	0.00489
20	0.04640	0.01837	0.02511	0.02011	0.02805	0.01609	0.01674	0.05086	0.03142	0.47771	0.04633	0.04953	0.03253	0.01610	0.01185	0.00370	0.00968	0.06790	0.01348	0.01804
21	0.03009	0.61122	0.05898	0.01926	0.02889	0.04454	0.01926	0.03370	0.02287	0.02648	0.01565	0.01805	0.01444	0.00963	0.00722	0.00241	0.01204	0.00602	0.00481	0.01444
22	0.68395	0.02177	0.01654	0.01480	0.02177	0.02525	0.01219	0.03309	0.01915	0.05050	0.01567	0.01828	0.01219	0.01045	0.00697	0.00348	0.00871	0.00609	0.00697	0.01219
23	0.01658	0.01727	0.08207	0.01656	0.02081	0.01246	0.01452	0.02258	0.02994	0.04251	0.42352	0.12099	0.09181	0.02252	0.01304	0.00363	0.00685	0.01984	0.01125	0.01125
24	0.02793	0.03258	0.10684	0.10090	0.39246	0.07382	0.03404	0.03515	0.02570	0.03518	0.02062	0.02684	0.01686	0.01035	0.01101	0.00336	0.01453	0.00956	0.00544	0.01683
25	0.01570	0.01150	0.01472	0.01391	0.01667	0.01052	0.01044	0.02079	0.03131	0.04383	0.49148	0.08623	0.14384	0.02350	0.01328	0.00356	0.00534	0.02066	0.01222	0.01052
26	0.02663	0.02500	0.04220	0.06297	0.46959	0.02500	0.03247	0.03312	0.02566	0.03638	0.02603	0.04040	0.02377	0.01269	0.01170	0.00358	0.01299	0.06677	0.00618	0.01688
27	0.02764	0.02593	0.03968	0.05427	0.36654	0.02767	0.02952	0.04036	0.14866	0.03862	0.02691	0.03118	0.02178	0.01212	0.01325	0.00359	0.05720	0.01070	0.00701	0.01739
28	0.02334	0.02001	0.02334	0.01667	0.02667	0.01500	0.01334	0.02834	0.02334	0.03668	0.02001	0.02334	0.01667	0.00834	0.00834	0.00167	0.00834	0.00667	0.00667	0.67325
29	0.01525	0.01165	0.01411	0.01399	0.01705	0.01051	0.01082	0.01966	0.02885	0.03834	0.31851	0.09831	0.25478	0.02603	0.01357	0.00384	0.00609	0.07702	0.01143	0.01018
30	0.02702	0.03126	0.15232	0.19196	0.25693	0.02519	0.03356	0.03513	0.02499	0.08143	0.02281	0.02849	0.01721	0.01087	0.01109	0.00351	0.01418	0.00976	0.00601	0.01626
31	0.01663	0.01007	0.01203	0.01359	0.01504	0.00968	0.00941	0.01990	0.02237	0.03404	0.05188	0.37455	0.05616	0.02638	0.01176	0.00379	0.00601	0.02337	0.27363	0.00968
32	0.03641	0.02731	0.02928	0.02318	0.03123	0.02973	0.01884	0.33293	0.13356	0.06094	0.03074	0.03078	0.02260	0.01334	0.01074	0.00324	0.01076	0.01034	0.06783	0.07623
33	0.05050	0.01915	0.02612	0.02003	0.02873	0.01654	0.01654	0.05485	0.03221	0.54203	0.04440	0.03831	0.02786	0.01393	0.01132	0.00348	0.00958	0.01132	0.01393	0.01915
34	0.02334	0.02001	0.02334	0.01667	0.02667	0.01500	0.01334	0.02834	0.02334	0.03668	0.02001	0.02334	0.01667	0.00834	0.00834	0.00167	0.00834	0.00667	0.00667	0.67325
35	0.02836	0.12767	0.17300	0.08305	0.08494	0.02575	0.07024	0.03600	0.02636	0.11968	0.08810	0.03447	0.02885	0.01250	0.01089	0.00338	0.01303	0.01074	0.00745	0.01551
36	0.01608	0.01206	0.01809	0.01809	0.02010	0.01407	0.01407	0.02010	0.01809	0.02613	0.03015	0.04422	0.02814	0.08441	0.55984	0.01809	0.03015	0.01206	0.00603	0.01005
37	0.01521	0.01132	0.01259	0.01227	0.01551	0.01003	0.00920	0.01924	0.02761	0.03713	0.25225	0.09126	0.31501	0.02459	0.01260	0.00356	0.00550	0.02086	0.09421	0.01003
38	0.12100	0.15537	0.03509	0.02535	0.03203	0.39406	0.02007	0.04131	0.02857	0.03025	0.01685	0.01962	0.01420	0.01108	0.00919	0.00288	0.01726	0.00687	0.00576	0.01320
39	0.02790	0.01770	0.02395	0.06997	0.07114	0.01888	0.01764	0.07488	0.06475	0.12931	0.03316	0.03847	0.02591	0.03559	0.18418	0.00799	0.01635	0.01120	0.11697	0.01407
40	0.01371	0.00979	0.01306	0.01567	0.01632	0.00914	0.01045	0.01567	0.02155	0.02873	0.06203	0.59710	0.07444	0.03526	0.01437	0.00457	0.00653	0.03200	0.01045	0.00914
41	0.01624	0.01086	0.01325	0.01374	0.01445	0.01107	0.00884	0.01779	0.01832	0.02574	0.03972	0.16499	0.04398	0.35320	0.12985	0.01016	0.01282	0.01805	0.06879	0.00815
42	0.02943	0.42904	0.10048	0.09173	0.03752	0.03939	0.02313	0.07638	0.02571	0.03179	0.01770	0.02095	0.01493	0.01030	0.00844	0.00278	0.01289	0.00713	0.00543	0.01485
43	0.01955	0.00978	0.01466	0.01466	0.01466	0.00978	0.00978	0.01466	0.01466	0.01955	0.01955	0.03421	0.01955	0.03910	0.04399	0.67253	0.00978	0.00978	0.00489	0.00489
44	0.01501	0.01147	0.01376	0.01319	0.01625	0.01023	0.00989	0.01945	0.02968	0.03995	0.38261	0.09260	0.25512	0.02494	0.01328	0.00363	0.00545	0.02155	0.01171	0.01023
45	0.02257	0.05822	0.54613	0.03208	0.04871	0.02614	0.04158	0.03564	0.02376	0.03564	0.02020	0.02376	0.01426	0.01069	0.01069	0.00356	0.01663	0.00832	0.00475	0.01663
46	0.03130	0.13353	0.21085	0.03156	0.10068	0.03023	0.02876	0.12659	0.07574	0.08700	0.02540	0.02695	0.01874	0.01168	0.01041	0.00333	0.01331	0.00918	0.00754	0.01723
47	0.02657	0.03036	0.06641	0.04744	0.05882	0.02846	0.49336	0.03605	0.02657	0.03605	0.02277	0.03036	0.01708	0.00949	0.01328	0.00380	0.01898	0.01328	0.00569	0.01518
48	0.01394	0.01089	0.01264	0.01334	0.01588	0.00959	0.00957	0.01696	0.02547	0.03264	0.17533	0.26606	0.29815	0.02971	0.01365	0.00401	0.00590	0.02585	0.01082	0.00959
49	0.03009	0.61122	0.05898	0.01926	0.02889	0.04454	0.01926	0.03370	0.02287	0.02648	0.01565	0.01805	0.01444	0.00963	0.00722	0.00241	0.01204	0.00602	0.00481	0.01444
50	0.03406	0.42598	0.04998	0.02249	0.03085	0.21554	0.02009	0.03744	0.02587	0.02683	0.01623	0.01880	0.01446	0.01028	0.00819	0.00257	0.01478	0.00643	0.00514	0.01398
51	0.02513	0.18590	0.20169	0.02494	0.03707	0.02736	0.06643	0.03272	0.02364	0.03366	0.01918	0.02273	0.01537	0.00952	0.00923	0.00265	0.01286	0.00761	0.00550	0.23682
52	0.09282	0.02291	0.03320	0.13390	0.18922	0.02350	0.02462	0.08146	0.02921	0.21448	0.02905	0.03095	0.02043	0.01194	0.01087	0.00348	0.01186	0.01014	0.00899	0.01697
53	0.01649	0.01344	0.01487	0.01475	0.01824	0.01298	0.01093	0.02484	0.11459	0.03559	0.16142	0.18320	0.28397	0.02644	0.01316	0.00390	0.00637	0.02272	0.01096	0.01113
54	0.01637	0.01091	0.01228	0.01228	0.01228	0.01091	0.00682	0.01637	0.01637	0.02182	0.03546	0.07365	0.04092	0.60445	0.05729	0.01091	0.01091	0.01637	0.00682	0.00682
55	0.02334	0.02001	0.02334	0.01667	0.02667	0.01500	0.01334	0.02834	0.02334	0.03668	0.02001	0.02334	0.01667	0.00834	0.00834	0.00167	0.00834	0.00667	0.00667	0.67325
56	0.02673	0.02990	0.06379	0.05018	0.11898	0.02825	0.43531	0.03586	0.02645	0.03614	0.02257	0.03004	0.01717	0.00956	0.01301	0.00374	0.01827	0.01287	0.00568	0.01552
57	0.02932	0.02380	0.04233	0.21933	0.11676	0.02540	0.14777	0.03617	0.02530	0.12886	0.02501	0.03090	0.01831	0.01194	0.01417	0.00377	0.06772	0.01109	0.00694	0.01511
58	0.02104	0.01766	0.02871	0.02379	0.02801	0.01843	0.11818	0.06866	0.02287	0.03152	0.02960	0.04713	0.02815	0.19560	0.25686	0.01167	0.02100	0.01326	0.00666	0.01122
59	0.68395	0.02177	0.01654	0.01480	0.02177	0.02525	0.01219	0.03309	0.01915	0.05050	0.01567	0.01828	0.01219	0.01045	0.00697	0.00348	0.00871	0.00609	0.00697	0.01219
60	0.14313	0.10293	0.12317	0.02141	0.03090	0.02584	0.02078	0.11755	0.03010	0.17943	0.02800	0.02822	0.01972	0.01208	0.00965	0.00327	0.01112	0.00897	0.06755	0.01618
61	0.03480	0.07593	0.02828	0.01908	0.02762	0.02118	0.01563	0.11382	0.03030	0.19270	0.02948	0.03235	0.02236	0.06277	0.01387	0.00337	0.00995	0.00943	0.00947	0.24761
62	0.01637	0.01091	0.01228	0.01228	0.01228	0.01091	0.00682	0.01637	0.01637	0.02182	0.03546	0.07365	0.04092	0.60445	0.05729	0.01091	0.01091	0.01637	0.00682	0.00682
63	0.02334	0.02001	0.02334	0.01667	0.02667	0.01500	0.01334	0.02834	0.02334	0.03668	0.02001	0.02334	0.01667	0.00834	0.00834	0.00167	0.00834	0.00667	0.00667	0.67325
64	0.02909	0.02063	0.02815	0.13823	0.08629	0.01977	0.02011	0.07617	0.02755	0.12730	0.02902	0.08153	0.02403	0.01308	0.01057	0.00301	0.01062	0.01118	0.00829	0.23537
65	0.03383	0.25985	0.04249	0.02799	0.07809	0.22515	0.02134	0.04212	0.10716	0.03121	0.02175	0.02371	0.01805	0.01130	0.00933	0.00290	0.01461	0.00794	0.00633	0.01481
66	0.01637	0.01091	0.01228	0.01228	0.01228	0.01091	0.00682	0.01637	0.01637	0.02182	0.03546	0.07365	0.04092	0.60445	0.05729	0.01091	0.01091	0.01637	0.00682	0.00682
67	0.07574	0.02029	0.03291	0.03412	0.14098	0.01935	0.10683	0.03018	0.02465	0.07928	0.03653	0.18016	0.03629	0.01830	0.01216	0.00376	0.01127	0.05380	0.00817	0.07522
68	0.03279	0.14443	0.17014	0.03018	0.09878	0.06993	0.02640	0.08291	0.02864	0.12026	0.02388	0.02562	0.01769	0.01108	0.01001	0.00307	0.01335	0.00854	0.00726	0.07506
69	0.01976	0.01641	0.02125	0.13730	0.03276	0.01784	0.01662	0.03175	0.14655	0.04066	0.26144	0.06453	0.10997	0.01913	0.01240	0.00368	0.00831	0.01660	0.01038	0.01267
70	0.01872	0.01491	0.01721	0.01603	0.01989	0.01511	0.01220	0.03075	0.16097	0.04304	0.32419	0.07702	0.16220	0.02190	0.01279	0.00366	0.00635	0.01890	0.01179	0.01236
71	0.02722	0.07925	0.04164	0.23638	0.28077	0.02858	0.03071	0.07708	0.02692	0.03634	0.02082	0.02761	0.01666	0.01075	0.01083	0.00340	0.01372	0.00966	0.00585	0.01580
72	0.03164	0.03052	0.03368	0.03879	0.19037	0.11565	0.02408	0.09002	0.23731	0.04283	0.03160	0.03256	0.02445	0.01284	0.01112	0.00348	0.01252	0.01073	0.00864	0.01716
73	0.01353	0.01141	0.01171	0.01164	0.01534	0.00960	0.00873	0.01659	0.02618	0.03166	0.14925	0.10626	0.49366	0.02804	0.01330	0.00378	0.00567	0.02347	0.01062	0.00960
74	0.01978	0.01169	0.01480	0.01490	0.01640	0.01132	0.00990	0.02134	0.02025	0.09032	0.04495	0.24042	0.04927	0.29446	0.08188	0.00850	0.01100	0.02054	0.00885	0.00944
75	0.03159	0.02541	0.03912	0.09954	0.33449	0.02620	0.02915	0.08357	0.07429	0.10425	0.02687	0.03061	0.02051	0.01146	0.01121	0.00344	0.01253	0.01045	0.00768	0.01765
76	0.02126	0.02001	0.03376	0.57739	0.07752	0.02501	0.03126	0.02876	0.02251	0.02876	0.02001	0.03001	0.01500	0.01125	0.01125	0.00375	0.01500	0.01000	0.00500	0.01250
77	0.01371	0.00979	0.01306	0.01567	0.01632	0.00914	0.01045	0.01567	0.02155	0.02873	0.06203	0.59710	0.07444	0.03526	0.01437	0.00457	0.00653	0.03200	0.01045	0.00914
78	0.01637	0.01091	0.01228	0.01228	0.01228	0.01091	0.00682	0.01637	0.01637	0.02182	0.03546	0.07365	0.04092	0.60445	0.05729	0.01091	0.01091	0.01637	0.00682	0.00682
79	0.02126	0.02001	0.03376	0.57739	0.07752	0.02501	0.03126	0.02876	0.02251	0.02876	0.02001	0.03001	0.01500	0.01125	0.01125	0.00375	0.01500	0.01000	0.00500	0.01250
80	0.01593	0.01150	0.01504	0.01416	0.01681	0.01062	0.01062	0.02124	0.03186	0.04513	0.52830	0.08407	0.10620	0.02301	0.01327	0.00354	0.00531	0.02035	0.01239	0.01062
81	0.01608	0.01206	0.01809	0.01809	0.02010	0.01407	0.01407	0.02010	0.01809	0.02613	0.03015	0.04422	0.02814	0.08441	0.55984	0.01809	0.03015	0.01206	0.00603	0.01005
82	0.15472	0.01958	0.02454	0.01917	0.02759	0.01798	0.01583	0.05127	0.03007	0.46116	0.03968	0.03501	0.02528	0.01336	0.01060	0.00348	0.00943	0.01046	0.01278	0.01801
83	0.02462	0.02462	0.03447	0.02955	0.02955	0.03447	0.02462	0.02709	0.01724	0.02709	0.01477	0.02462	0.01477	0.01970	0.03694	0.00492	0.58385	0.00985	0.00492	0.01231
84	0.01359	0.01121	0.01194	0.01219	0.01549	0.00956	0.00898	0.01654	0.02569	0.03150	0.14423	0.16801	0.43447	0.02887	0.01343	0.00387	0.00577	0.02450	0.01062	0.00956
85	0.01608	0.01206	0.01809	0.01809	0.02010	0.01407	0.01407	0.02010	0.01809	0.02613	0.03015	0.04422	0.02814	0.08441	0.55984	0.01809	0.03015	0.01206	0.00603	0.01005
86	0.02462	0.02462	0.03447	0.02955	0.02955	0.03447	0.02462	0.02709	0.01724	0.02709	0.01477	0.02462	0.01477	0.01970	0.03694	0.00492	0.58385	0.00985	0.00492	0.01231
87	0.04279	0.03153	0.03378	0.02590	0.03490	0.03490	0.02139	0.49671	0.05292	0.07093	0.02702	0.02702	0.01914	0.01351	0.01126	0.00338	0.01239	0.01013	0.01126	0.01914
88	0.02462	0.02462	0.03447	0.02955	0.02955	0.03447	0.02462	0.02709	0.01724	0.02709	0.01477	0.02462	0.01477	0.01970	0.03694	0.00492	0.58385	0.00985	0.00492	0.01231
89	0.01637	0.01091	0.01228	0.01228	0.01228	0.01091	0.00682	0.01637	0.01637	0.02182	0.03546	0.07365	0.04092	0.60445	0.05729	0.01091	0.01091	0.01637	0.00682	0.00682
90	0.02715	0.02679	0.03754	0.18519	0.28028	0.07673	0.02908	0.03564	0.06659	0.03471	0.02249	0.02845	0.01808	0.01078	0.01084	0.00329	0.01361	0.00967	0.00605	0.07705

[dist]
# distance from previous block
# <min> <max>
0	10

[block]
# block no. 4 follows, 11 sequences, length 22
# corresponding to MSA columns:
# 580-601
name=unknown_E
#
# <colnr> <probs for GDERKNQSTAVLIFYWHMCP>
#	G	D	E	R	K	N	Q	S	T	A	V	L	I	F	Y	W	H	M	C	P
0	0.02878	0.02565	0.05026	0.03691	0.04603	0.02452	0.31619	0.03603	0.02669	0.11996	0.03730	0.04108	0.08327	0.01341	0.01476	0.00383	0.05878	0.01401	0.00762	0.01492
1	0.01387	0.01142	0.01219	0.01200	0.01555	0.00974	0.00900	0.01725	0.02699	0.03357	0.20314	0.10310	0.43857	0.02732	0.01330	0.00374	0.00562	0.02302	0.01087	0.00974
2	0.02102	0.02093	0.11028	0.01845	0.02438	0.01500	0.06164	0.02806	0.02521	0.04077	0.10899	0.04420	0.03719	0.01388	0.00973	0.00304	0.00859	0.01192	0.38467	0.01204
3	0.03324	0.09432	0.03498	0.17266	0.09030	0.02781	0.02339	0.11082	0.11244	0.14245	0.02994	0.03162	0.02170	0.01250	0.01080	0.00345	0.01197	0.01027	0.00887	0.01648
4	0.01371	0.00979	0.01306	0.01567	0.01632	0.00914	0.01045	0.01567	0.02155	0.02873	0.06203	0.59710	0.07444	0.03526	0.01437	0.00457	0.00653	0.03200	0.01045	0.00914
5	0.28568	0.10708	0.21732	0.02563	0.03693	0.02830	0.08415	0.03445	0.02218	0.04047	0.01818	0.02174	0.01382	0.01032	0.00912	0.00342	0.01324	0.00779	0.00575	0.01443
6	0.02714	0.03009	0.21157	0.02288	0.03160	0.01740	0.02352	0.03382	0.02531	0.17334	0.04186	0.23281	0.03954	0.02037	0.01218	0.00390	0.01107	0.01762	0.00933	0.01465
7	0.02150	0.05237	0.48174	0.03010	0.04480	0.02409	0.03782	0.03323	0.02350	0.03481	0.02525	0.09301	0.02153	0.01366	0.01114	0.00369	0.01541	0.01118	0.00544	0.01573
8	0.03794	0.02041	0.02759	0.02500	0.09166	0.01728	0.01766	0.04281	0.02821	0.29769	0.03275	0.03164	0.02260	0.01144	0.01023	0.00282	0.00961	0.00949	0.01028	0.25289
9	0.02462	0.02462	0.03447	0.02955	0.02955	0.03447	0.02462	0.02709	0.01724	0.02709	0.01477	0.02462	0.01477	0.01970	0.03694	0.00492	0.58385	0.00985	0.00492	0.01231
10	0.01371	0.00979	0.01306	0.01567	0.01632	0.00914	0.01045	0.01567	0.02155	0.02873	0.06203	0.59710	0.07444	0.03526	0.01437	0.00457	0.00653	0.03200	0.01045	0.00914
11	0.03930	0.04879	0.03334	0.03260	0.07868	0.46735	0.02313	0.04250	0.03009	0.02833	0.01751	0.02134	0.01482	0.01215	0.01252	0.00311	0.06763	0.00772	0.00570	0.01341
12	0.02703	0.02308	0.02474	0.02269	0.02869	0.02653	0.01785	0.05624	0.46620	0.04577	0.04716	0.05030	0.03733	0.01682	0.01185	0.00395	0.00905	0.05629	0.01135	0.01709
13	0.01943	0.01055	0.01081	0.01102	0.01363	0.01026	0.00816	0.02411	0.02370	0.03944	0.04848	0.09488	0.09558	0.01683	0.00907	0.00293	0.00541	0.01389	0.53155	0.01026
14	0.01637	0.01091	0.01228	0.01228	0.01228	0.01091	0.00682	0.01637	0.01637	0.02182	0.03546	0.07365	0.04092	0.60445	0.05729	0.01091	0.01091	0.01637	0.00682	0.00682
15	0.02670	0.02556	0.04360	0.15793	0.45441	0.02644	0.03397	0.03353	0.02508	0.03537	0.02097	0.02823	0.01733	0.01024	0.01116	0.00341	0.01366	0.01002	0.00547	0.01690
16	0.02462	0.02462	0.03447	0.02955	0.02955	0.03447	0.02462	0.02709	0.01724	0.02709	0.01477	0.02462	0.01477	0.01970	0.03694	0.00492	0.58385	0.00985	0.00492	0.01231
17	0.01637	0.01091	0.01228	0.01228	0.01228	0.01091	0.00682	0.01637	0.01637	0.02182	0.03546	0.07365	0.04092	0.60445	0.05729	0.01091	0.01091	0.01637	0.00682	0.00682
18	0.01538	0.01163	0.01442	0.01511	0.01787	0.01067	0.01183	0.01946	0.02714	0.03557	0.22199	0.16455	0.22724	0.02827	0.01399	0.00416	0.00685	0.13282	0.01103	0.01002
19	0.01529	0.01102	0.01512	0.01606	0.01718	0.01167	0.01132	0.01777	0.01898	0.02620	0.04262	0.24783	0.04726	0.17116	0.26396	0.01182	0.01784	0.02005	0.00777	0.00908
20	0.01637	0.01091	0.01228	0.01228	0.01228	0.01091	0.00682	0.01637	0.01637	0.02182	0.03546	0.07365	0.04092	0.60445	0.05729	0.01091	0.01091	0.01637	0.00682	0.00682
21	0.02880	0.02141	0.02378	0.02107	0.02710	0.02362	0.01644	0.05268	0.37198	0.10909	0.12697	0.04862	0.04565	0.01641	0.01174	0.00373	0.00839	0.01383	0.01192	0.01677

[dist]
# distance from previous block
# <min> <max>
0	2

[block]
# block no. 5 follows, 11 sequences, length 23
# corresponding to MSA columns:
# 604-610,627-642
name=unknown_F
#
# <colnr> <probs for GDERKNQSTAVLIFYWHMCP>
#	G	D	E	R	K	N	Q	S	T	A	V	L	I	F	Y	W	H	M	C	P
0	0.07819	0.02354	0.08978	0.02983	0.12691	0.02010	0.02131	0.07014	0.05899	0.04041	0.09976	0.17739	0.04624	0.01999	0.01212	0.00387	0.01013	0.04865	0.00885	0.01379
1	0.10513	0.03066	0.15975	0.08959	0.03889	0.02488	0.02590	0.03839	0.02418	0.18546	0.02569	0.02840	0.01828	0.01368	0.01630	0.00385	0.13820	0.00950	0.00780	0.01546
2	0.01935	0.01632	0.01716	0.01714	0.01878	0.07355	0.01231	0.02166	0.01981	0.02533	0.03442	0.06375	0.03634	0.29189	0.22053	0.01182	0.01853	0.06542	0.00685	0.00904
3	0.09405	0.03730	0.03375	0.09597	0.13281	0.24072	0.02431	0.13566	0.03298	0.04063	0.02028	0.02406	0.01596	0.01157	0.01041	0.00323	0.01570	0.00859	0.00692	0.01510
4	0.01371	0.00979	0.01306	0.01567	0.01632	0.00914	0.01045	0.01567	0.02155	0.02873	0.06203	0.59710	0.07444	0.03526	0.01437	0.00457	0.00653	0.03200	0.01045	0.00914
5	0.01433	0.01144	0.01283	0.01249	0.01584	0.00994	0.00936	0.01815	0.02809	0.03619	0.27671	0.09880	0.36337	0.02635	0.01329	0.00370	0.00555	0.02242	0.01121	0.00994
6	0.03029	0.36321	0.05335	0.07726	0.08027	0.03807	0.08118	0.09255	0.02736	0.03440	0.01884	0.02262	0.01571	0.01028	0.00918	0.00290	0.01332	0.00814	0.00582	0.01525
7	0.02673	0.16976	0.21573	0.12067	0.04465	0.02987	0.02860	0.09177	0.02700	0.03698	0.01997	0.02390	0.01535	0.01061	0.00977	0.00307	0.01372	0.00811	0.00588	0.09786
8	0.02393	0.03380	0.19161	0.23841	0.22644	0.02595	0.03549	0.03282	0.02396	0.03359	0.02047	0.02739	0.01575	0.01066	0.01105	0.00355	0.01493	0.00951	0.00512	0.01558
9	0.02257	0.05822	0.54613	0.03208	0.04871	0.02614	0.04158	0.03564	0.02376	0.03564	0.02020	0.02376	0.01426	0.01069	0.01069	0.00356	0.01663	0.00832	0.00475	0.01663
10	0.01428	0.01020	0.01371	0.01632	0.01721	0.00963	0.01143	0.01665	0.02210	0.02936	0.06172	0.53727	0.07321	0.03473	0.01452	0.00465	0.00702	0.08627	0.01044	0.00930
11	0.04312	0.02292	0.08575	0.02152	0.03037	0.01721	0.01967	0.04860	0.03043	0.41829	0.04351	0.04789	0.03097	0.01574	0.01178	0.00371	0.01050	0.06787	0.01241	0.01774
12	0.02334	0.02001	0.02334	0.01667	0.02667	0.01500	0.01334	0.02834	0.02334	0.03668	0.02001	0.02334	0.01667	0.00834	0.00834	0.00167	0.00834	0.00667	0.00667	0.67325
13	0.01447	0.01035	0.01386	0.01606	0.01716	0.00974	0.01133	0.01718	0.02324	0.03120	0.11614	0.48471	0.07706	0.03337	0.01437	0.00452	0.00682	0.07832	0.01067	0.00945
14	0.13956	0.02552	0.04392	0.15525	0.22491	0.02661	0.15513	0.03355	0.02414	0.03735	0.02042	0.02731	0.01609	0.01020	0.01103	0.00357	0.01442	0.01023	0.00573	0.01507
15	0.02351	0.12738	0.48520	0.03048	0.04623	0.02844	0.03879	0.03540	0.02365	0.03450	0.01963	0.02305	0.01428	0.01056	0.01026	0.00342	0.01606	0.00803	0.00476	0.01636
16	0.01371	0.00979	0.01306	0.01567	0.01632	0.00914	0.01045	0.01567	0.02155	0.02873	0.06203	0.59710	0.07444	0.03526	0.01437	0.00457	0.00653	0.03200	0.01045	0.00914
17	0.01440	0.01144	0.01292	0.01255	0.01587	0.00997	0.00941	0.01827	0.02824	0.03654	0.28663	0.09822	0.35322	0.02622	0.01329	0.00369	0.00554	0.02234	0.01126	0.00997
18	0.02983	0.53780	0.05479	0.01971	0.02894	0.04247	0.01908	0.03697	0.08428	0.02906	0.01942	0.02105	0.01693	0.01033	0.00775	0.00258	0.01165	0.00686	0.00564	0.01487
19	0.22278	0.02435	0.03782	0.16691	0.10297	0.02643	0.14619	0.03517	0.06335	0.03960	0.02169	0.02733	0.01661	0.01074	0.01050	0.00364	0.01347	0.00992	0.00637	0.01414
20	0.01588	0.01153	0.01436	0.01509	0.01712	0.01091	0.01130	0.01919	0.02473	0.03275	0.17827	0.15412	0.15104	0.15523	0.02365	0.00573	0.00802	0.13160	0.01010	0.00936
21	0.01783	0.01300	0.01571	0.01662	0.01897	0.01327	0.01216	0.02636	0.11411	0.03614	0.11489	0.32654	0.06497	0.02710	0.01303	0.00412	0.00698	0.05956	0.08743	0.01118
22	0.30773	0.02666	0.07273	0.15586	0.04363	0.02688	0.08153	0.09063	0.02550	0.04481	0.01940	0.02416	0.01452	0.01092	0.00963	0.00358	0.01263	0.00863	0.00669	0.01388

[dist]
# distance from previous block
# <min> <max>
0	28

# created by:
# /st0/software/busco_prod/Augustus/scripts/msa2prfl.pl ./align_prep/5550.fa
