[name]
unknown

[dist]
# distance from previous block
# <min> <max>
0	1372

[block]
# block no. 0 follows, 14 sequences, length 16
# corresponding to MSA columns:
# 1384-1399
name=unknown_A
#
# <colnr> <probs for GDERKNQSTAVLIFYWHMCP>
#	G	D	E	R	K	N	Q	S	T	A	V	L	I	F	Y	W	H	M	C	P
0	0.02243	0.08563	0.10129	0.02989	0.10596	0.02180	0.10304	0.06761	0.02455	0.03340	0.03006	0.05156	0.02861	0.01897	0.04635	0.00427	0.01303	0.15499	0.00671	0.04984
1	0.06502	0.05964	0.10226	0.05195	0.02940	0.02004	0.01899	0.06178	0.02489	0.24993	0.03242	0.12118	0.02661	0.01527	0.01253	0.00342	0.06948	0.01208	0.00889	0.01424
2	0.05959	0.07452	0.06149	0.10679	0.07240	0.02273	0.09251	0.05632	0.10237	0.03348	0.02549	0.06464	0.02223	0.07078	0.01383	0.00372	0.01123	0.01070	0.00652	0.08866
3	0.02729	0.02428	0.02654	0.05549	0.03092	0.10342	0.05996	0.04075	0.21800	0.08854	0.03396	0.03392	0.05501	0.01216	0.00994	0.00294	0.01049	0.01019	0.00824	0.14797
4	0.02755	0.01748	0.02036	0.01686	0.02281	0.01707	0.01341	0.11106	0.11579	0.16691	0.14806	0.05120	0.12875	0.01614	0.01071	0.00311	0.00758	0.01342	0.01052	0.08122
5	0.03202	0.18888	0.03212	0.01877	0.02584	0.02747	0.01595	0.23340	0.03262	0.11953	0.03235	0.03506	0.07166	0.07400	0.01356	0.00356	0.01014	0.01012	0.00857	0.01438
6	0.01808	0.01126	0.01342	0.01302	0.01442	0.01107	0.00844	0.02084	0.04929	0.07731	0.08963	0.14376	0.04600	0.39773	0.03640	0.00746	0.00866	0.01668	0.00804	0.00849
7	0.54572	0.01823	0.01583	0.07169	0.02369	0.02109	0.01225	0.02889	0.01834	0.04300	0.01740	0.02078	0.01352	0.00994	0.00685	0.00309	0.00805	0.00647	0.10423	0.01092
8	0.01447	0.01025	0.01230	0.01230	0.01322	0.01043	0.00797	0.01568	0.01649	0.02192	0.04139	0.06545	0.11049	0.42242	0.17262	0.01054	0.01332	0.01497	0.00652	0.00724
9	0.02146	0.02607	0.12888	0.24474	0.16122	0.02328	0.05541	0.03060	0.06697	0.03154	0.05797	0.03000	0.02135	0.01130	0.01165	0.00336	0.04525	0.00986	0.00561	0.01348
10	0.02469	0.11350	0.19837	0.03271	0.04290	0.02833	0.23505	0.07439	0.02420	0.03345	0.01883	0.02377	0.01449	0.01028	0.01291	0.00332	0.08002	0.00944	0.00520	0.01414
11	0.01542	0.01218	0.01592	0.01467	0.01684	0.01268	0.01132	0.01969	0.02662	0.03755	0.44684	0.07104	0.12978	0.02102	0.01517	0.00343	0.09238	0.01749	0.01016	0.00981
12	0.02347	0.09851	0.02836	0.18751	0.03801	0.01985	0.01776	0.02847	0.02164	0.07322	0.01948	0.02347	0.01530	0.00891	0.00845	0.00228	0.00986	0.00721	0.00595	0.36229
13	0.02416	0.01756	0.02698	0.24476	0.11969	0.01832	0.02124	0.02916	0.02222	0.11887	0.05029	0.03112	0.02148	0.01721	0.05765	0.04041	0.01219	0.00949	0.00658	0.11062
14	0.06576	0.30344	0.15176	0.06117	0.03275	0.03151	0.02178	0.03614	0.14206	0.03155	0.02161	0.02322	0.01716	0.01029	0.00834	0.00284	0.01119	0.00755	0.00588	0.01403
15	0.02667	0.08212	0.26914	0.02647	0.07901	0.02168	0.02599	0.06351	0.02461	0.14525	0.02846	0.11128	0.02388	0.01356	0.01016	0.00326	0.01173	0.01128	0.00720	0.01474

[dist]
# distance from previous block
# <min> <max>
0	13

[block]
# block no. 1 follows, 14 sequences, length 61
# corresponding to MSA columns:
# 1413-1473
name=unknown_B
#
# <colnr> <probs for GDERKNQSTAVLIFYWHMCP>
#	G	D	E	R	K	N	Q	S	T	A	V	L	I	F	Y	W	H	M	C	P
0	0.07004	0.02388	0.02598	0.11949	0.03470	0.06618	0.01766	0.18355	0.02969	0.04183	0.01975	0.02283	0.01522	0.00983	0.00891	0.00250	0.01060	0.00756	0.00705	0.28274
1	0.03550	0.02894	0.03184	0.03022	0.12293	0.07246	0.02127	0.37581	0.08650	0.05459	0.02456	0.02548	0.01813	0.01179	0.01019	0.00308	0.01171	0.00923	0.00903	0.01673
2	0.01578	0.01222	0.01730	0.01627	0.01933	0.01297	0.01272	0.01959	0.01730	0.02544	0.02593	0.03711	0.02389	0.06528	0.49911	0.01397	0.02414	0.01017	0.00560	0.12589
3	0.02711	0.54050	0.04863	0.01812	0.02640	0.03807	0.01734	0.03474	0.11113	0.02731	0.01890	0.02014	0.01623	0.00965	0.00723	0.00241	0.01049	0.00652	0.00541	0.01369
4	0.01473	0.01105	0.01374	0.01338	0.01589	0.01047	0.00991	0.02055	0.06364	0.03761	0.40686	0.15736	0.14075	0.02267	0.01214	0.00341	0.00527	0.01997	0.01078	0.00983
5	0.02151	0.01276	0.01776	0.01879	0.02209	0.01236	0.01629	0.02610	0.02459	0.12365	0.05200	0.10214	0.05339	0.02571	0.01353	0.00446	0.00933	0.42272	0.01000	0.01080
6	0.03398	0.04217	0.02619	0.02439	0.02889	0.49879	0.01809	0.03648	0.02749	0.02530	0.02272	0.12196	0.02243	0.01421	0.00990	0.00290	0.01639	0.01041	0.00600	0.01130
7	0.02640	0.53986	0.04830	0.01716	0.02600	0.03607	0.01665	0.02991	0.02092	0.02571	0.01494	0.01727	0.01351	0.00858	0.00676	0.00208	0.01041	0.00559	0.00467	0.12922
8	0.01427	0.01076	0.01326	0.01369	0.01589	0.00948	0.00938	0.01636	0.01961	0.02670	0.05094	0.40773	0.09832	0.10895	0.01734	0.00444	0.00670	0.02272	0.00850	0.12494
9	0.01805	0.01354	0.01766	0.01923	0.02218	0.01412	0.01649	0.02687	0.11344	0.03277	0.05222	0.10271	0.05439	0.02592	0.01355	0.00452	0.00923	0.42293	0.00962	0.01059
10	0.03674	0.02762	0.02952	0.02315	0.03096	0.03076	0.01896	0.45915	0.13391	0.06101	0.02752	0.02694	0.01979	0.01259	0.01030	0.00315	0.01076	0.00964	0.01030	0.01725
11	0.37252	0.02341	0.01960	0.01687	0.02315	0.11683	0.01350	0.03631	0.02339	0.18127	0.06372	0.02629	0.02171	0.01140	0.00831	0.00309	0.00969	0.00796	0.00820	0.01278
12	0.59519	0.01958	0.01773	0.11477	0.02841	0.02298	0.01404	0.02950	0.01798	0.04270	0.01495	0.01847	0.01155	0.00965	0.00701	0.00322	0.00891	0.00616	0.00605	0.01116
13	0.01578	0.01305	0.02146	0.01970	0.02275	0.01232	0.09995	0.02008	0.02362	0.03207	0.18325	0.28719	0.06488	0.02456	0.01288	0.00391	0.00825	0.11525	0.00924	0.00983
14	0.02225	0.02174	0.02972	0.02496	0.02650	0.02844	0.02072	0.02489	0.01665	0.02617	0.01427	0.02225	0.01376	0.01622	0.02928	0.00399	0.51731	0.00849	0.00476	0.12760
15	0.01970	0.01824	0.02918	0.51370	0.06287	0.02126	0.02575	0.02616	0.02065	0.02744	0.01824	0.02634	0.01394	0.00981	0.00981	0.00310	0.01266	0.00861	0.00482	0.12775
16	0.01482	0.01138	0.01382	0.01496	0.01682	0.01136	0.01052	0.02149	0.11116	0.03027	0.09663	0.44480	0.10731	0.02771	0.01249	0.00392	0.00617	0.02477	0.00981	0.00980
17	0.02258	0.01035	0.01513	0.01419	0.01553	0.00995	0.00995	0.01954	0.01606	0.11294	0.02164	0.03182	0.01910	0.03178	0.03509	0.58381	0.00888	0.00915	0.00585	0.00665
18	0.02574	0.12901	0.04370	0.05534	0.48285	0.02712	0.02915	0.03137	0.02294	0.03195	0.01845	0.02389	0.01574	0.00908	0.00956	0.00290	0.01199	0.00853	0.00496	0.01574
19	0.02660	0.54057	0.05001	0.01914	0.02644	0.03906	0.01838	0.02971	0.01999	0.02424	0.01413	0.01747	0.01322	0.01033	0.01115	0.00258	0.11366	0.00608	0.00441	0.01284
20	0.01990	0.01734	0.02722	0.41453	0.05427	0.02109	0.02382	0.06868	0.02191	0.02894	0.02110	0.03036	0.01699	0.02707	0.15698	0.00665	0.01692	0.00960	0.00529	0.01136
21	0.01293	0.00925	0.01164	0.01336	0.01409	0.00867	0.00875	0.01445	0.01907	0.02513	0.05604	0.47908	0.10549	0.14705	0.02045	0.00521	0.00665	0.02582	0.00890	0.00796
22	0.01452	0.01049	0.01372	0.01291	0.01533	0.00968	0.00968	0.01937	0.02905	0.04115	0.56992	0.07666	0.09683	0.02098	0.01210	0.00323	0.00484	0.01856	0.01130	0.00968
23	0.02543	0.07691	0.32277	0.02772	0.03895	0.02728	0.06782	0.13514	0.06377	0.03860	0.02083	0.02362	0.01540	0.01104	0.01172	0.00328	0.05998	0.00851	0.00602	0.01518
24	0.02990	0.02434	0.03508	0.11669	0.29095	0.02584	0.02583	0.18227	0.05715	0.07612	0.02315	0.02665	0.01759	0.01067	0.01023	0.00313	0.01170	0.00936	0.00727	0.01606
25	0.01285	0.00920	0.01222	0.01405	0.01496	0.00857	0.00955	0.01517	0.02127	0.02879	0.14542	0.53642	0.07289	0.03022	0.01293	0.00400	0.00576	0.02734	0.00983	0.00857
26	0.20135	0.01925	0.02824	0.37366	0.05292	0.02249	0.05829	0.02952	0.02066	0.07424	0.01909	0.02519	0.01404	0.01014	0.00938	0.00334	0.01206	0.00849	0.00569	0.01196
27	0.02270	0.01743	0.02063	0.01556	0.02319	0.01434	0.01239	0.06522	0.02537	0.06906	0.13126	0.03349	0.03242	0.01095	0.00887	0.00208	0.00739	0.00908	0.00783	0.47073
28	0.01544	0.01091	0.01346	0.08116	0.01809	0.01144	0.00880	0.01623	0.01557	0.02063	0.03070	0.06254	0.03457	0.56641	0.04737	0.00919	0.01038	0.01425	0.00603	0.00682
29	0.02582	0.01810	0.02174	0.01576	0.02466	0.01394	0.01270	0.03027	0.02276	0.13400	0.02231	0.02378	0.01707	0.00853	0.00810	0.00182	0.00781	0.00686	0.00729	0.57668
30	0.66142	0.02051	0.01626	0.01425	0.02074	0.02368	0.01174	0.06845	0.01977	0.04744	0.01506	0.01727	0.01159	0.00974	0.00664	0.00317	0.00819	0.00583	0.00664	0.01159
31	0.02015	0.01928	0.03724	0.03036	0.03649	0.01846	0.26189	0.02672	0.02391	0.03173	0.03854	0.07432	0.03860	0.01908	0.01320	0.00413	0.01314	0.27378	0.00745	0.01152
32	0.02123	0.02453	0.10817	0.06115	0.09462	0.02097	0.11980	0.03386	0.15711	0.03599	0.12506	0.04360	0.08074	0.01383	0.01105	0.00335	0.01081	0.01277	0.00774	0.01361
33	0.02245	0.02245	0.03143	0.02694	0.02694	0.03143	0.02245	0.02470	0.01572	0.02470	0.01347	0.02245	0.01347	0.01796	0.03368	0.00449	0.62057	0.00898	0.00449	0.01123
34	0.01283	0.00918	0.01220	0.01407	0.01496	0.00855	0.00955	0.01511	0.02116	0.02861	0.13932	0.54302	0.07254	0.03035	0.01294	0.00402	0.00577	0.02746	0.00981	0.00855
35	0.02744	0.64552	0.05378	0.01756	0.02634	0.04061	0.01756	0.03073	0.02085	0.02414	0.01427	0.01646	0.01317	0.00878	0.00658	0.00219	0.01097	0.00549	0.00439	0.01317
36	0.01452	0.01049	0.01372	0.01291	0.01533	0.00968	0.00968	0.01937	0.02905	0.04115	0.56992	0.07666	0.09683	0.02098	0.01210	0.00323	0.00484	0.01856	0.01130	0.00968
37	0.04604	0.01746	0.02382	0.01826	0.02620	0.01508	0.01508	0.05001	0.02937	0.58244	0.04049	0.03493	0.02540	0.01270	0.01032	0.00318	0.00873	0.01032	0.01270	0.01746
38	0.71184	0.01985	0.01508	0.01350	0.01985	0.02302	0.01111	0.03017	0.01746	0.04604	0.01429	0.01667	0.01111	0.00953	0.00635	0.00318	0.00794	0.00556	0.00635	0.01111
39	0.71184	0.01985	0.01508	0.01350	0.01985	0.02302	0.01111	0.03017	0.01746	0.04604	0.01429	0.01667	0.01111	0.00953	0.00635	0.00318	0.00794	0.00556	0.00635	0.01111
40	0.02553	0.02204	0.02320	0.02088	0.02669	0.02553	0.01624	0.05453	0.55679	0.04293	0.04177	0.03829	0.03133	0.01392	0.01044	0.00348	0.00812	0.01160	0.01044	0.01624
41	0.71184	0.01985	0.01508	0.01350	0.01985	0.02302	0.01111	0.03017	0.01746	0.04604	0.01429	0.01667	0.01111	0.00953	0.00635	0.00318	0.00794	0.00556	0.00635	0.01111
42	0.02744	0.64552	0.05378	0.01756	0.02634	0.04061	0.01756	0.03073	0.02085	0.02414	0.01427	0.01646	0.01317	0.00878	0.00658	0.00219	0.01097	0.00549	0.00439	0.01317
43	0.01418	0.01048	0.01324	0.01255	0.01512	0.00954	0.00941	0.01871	0.02824	0.03924	0.50356	0.07980	0.16438	0.02169	0.01211	0.00326	0.00489	0.01900	0.01105	0.00954
44	0.15409	0.01871	0.02292	0.01789	0.02559	0.01765	0.01477	0.08423	0.02887	0.45547	0.03500	0.03117	0.02247	0.01215	0.00967	0.00317	0.00880	0.00946	0.01148	0.01643
45	0.01492	0.00995	0.01119	0.01119	0.01119	0.00995	0.00622	0.01492	0.01492	0.01990	0.03233	0.06716	0.03731	0.63935	0.05223	0.00995	0.00995	0.01492	0.00622	0.00622
46	0.01938	0.01824	0.03078	0.61468	0.07068	0.02280	0.02850	0.02622	0.02052	0.02622	0.01824	0.02736	0.01368	0.01026	0.01026	0.00342	0.01368	0.00912	0.00456	0.01140
47	0.01720	0.01338	0.01854	0.01598	0.01959	0.01277	0.05097	0.06507	0.02991	0.04154	0.44578	0.07006	0.11928	0.01966	0.01195	0.00325	0.00638	0.01749	0.01061	0.01060
48	0.01340	0.01037	0.01564	0.01651	0.01786	0.00969	0.05012	0.01572	0.02000	0.02671	0.05381	0.58618	0.06386	0.03035	0.01302	0.00411	0.00683	0.02786	0.00919	0.00876
49	0.07185	0.05892	0.03384	0.36685	0.09583	0.02463	0.06448	0.07341	0.02371	0.06219	0.01976	0.02600	0.01478	0.01022	0.00990	0.00326	0.01280	0.00896	0.00570	0.01290
50	0.04128	0.02089	0.06131	0.02424	0.07126	0.01715	0.05786	0.04625	0.02806	0.46579	0.03605	0.03286	0.02322	0.01194	0.01041	0.00319	0.01004	0.01021	0.01105	0.01696
51	0.01569	0.01227	0.01794	0.01782	0.02035	0.01195	0.05240	0.02111	0.05627	0.03215	0.16314	0.29492	0.06555	0.02582	0.01292	0.00401	0.00763	0.14862	0.00961	0.00983
52	0.06952	0.02080	0.03537	0.42752	0.06150	0.02397	0.12389	0.05960	0.02273	0.03124	0.01884	0.02651	0.01410	0.01003	0.01034	0.00339	0.01382	0.00945	0.00516	0.01222
53	0.07415	0.02540	0.11204	0.12968	0.08182	0.02128	0.08812	0.06871	0.02604	0.23052	0.02675	0.02830	0.01827	0.01085	0.01019	0.00325	0.01197	0.00949	0.00801	0.01514
54	0.07678	0.02114	0.06420	0.02041	0.02797	0.01832	0.05621	0.10785	0.03023	0.29981	0.13006	0.03852	0.03483	0.01345	0.01049	0.00320	0.00943	0.01133	0.01057	0.01522
55	0.06457	0.08654	0.32866	0.07367	0.04385	0.02596	0.12547	0.03122	0.02127	0.03170	0.01789	0.02256	0.01346	0.01013	0.01161	0.00331	0.06118	0.00836	0.00465	0.01393
56	0.07370	0.01932	0.05785	0.13387	0.03493	0.01903	0.05868	0.06066	0.06966	0.07215	0.05733	0.07634	0.03183	0.02304	0.07921	0.00513	0.01273	0.09470	0.00765	0.01218
57	0.11606	0.07065	0.24146	0.06799	0.07029	0.02580	0.05091	0.13328	0.02695	0.07354	0.02038	0.02302	0.01477	0.01030	0.00944	0.00315	0.01265	0.00811	0.00639	0.01486
58	0.12018	0.02810	0.18454	0.14815	0.04006	0.02026	0.02394	0.03734	0.02373	0.23664	0.02601	0.02714	0.01749	0.01092	0.00963	0.00325	0.01152	0.00866	0.00775	0.01468
59	0.06208	0.02800	0.09916	0.19319	0.16427	0.06760	0.10151	0.06199	0.02405	0.03330	0.01886	0.02453	0.01459	0.00967	0.01000	0.00311	0.01359	0.00882	0.00534	0.05634
60	0.12663	0.07418	0.06286	0.09955	0.03072	0.02119	0.01800	0.11013	0.02519	0.03704	0.03063	0.13609	0.03030	0.01674	0.01027	0.00343	0.00995	0.09497	0.00746	0.05465

[dist]
# distance from previous block
# <min> <max>
0	67

[block]
# block no. 2 follows, 14 sequences, length 29
# corresponding to MSA columns:
# 1544-1572
name=unknown_C
#
# <colnr> <probs for GDERKNQSTAVLIFYWHMCP>
#	G	D	E	R	K	N	Q	S	T	A	V	L	I	F	Y	W	H	M	C	P
0	0.14607	0.05789	0.03135	0.07389	0.08398	0.02163	0.09006	0.06220	0.02422	0.14103	0.02239	0.02479	0.01648	0.00975	0.00909	0.00282	0.01057	0.00833	0.00719	0.15626
1	0.02093	0.02056	0.07508	0.02169	0.05899	0.05011	0.05443	0.02554	0.02312	0.06839	0.11413	0.17785	0.04184	0.05362	0.01320	0.00348	0.00940	0.01505	0.00780	0.14478
2	0.02883	0.10123	0.02705	0.02187	0.08430	0.01938	0.01580	0.03631	0.09205	0.19888	0.16108	0.04069	0.03987	0.01347	0.01000	0.00293	0.00829	0.01131	0.00952	0.07714
3	0.02072	0.01660	0.02311	0.14325	0.08339	0.01540	0.01690	0.02521	0.02142	0.06331	0.02862	0.16632	0.02788	0.01433	0.00983	0.00277	0.00897	0.01263	0.00688	0.29245
4	0.55075	0.02045	0.01743	0.01468	0.02160	0.02252	0.01205	0.07740	0.02089	0.04600	0.01582	0.01807	0.01229	0.00951	0.00689	0.00293	0.00820	0.00598	0.00668	0.10985
5	0.02672	0.02215	0.03438	0.32273	0.11998	0.02477	0.07243	0.14358	0.02797	0.07368	0.02152	0.02705	0.01580	0.01060	0.01042	0.00329	0.01296	0.00950	0.00650	0.01398
6	0.01408	0.01047	0.01310	0.01244	0.01506	0.00949	0.00933	0.01851	0.02800	0.03866	0.48345	0.08076	0.18485	0.02191	0.01211	0.00327	0.00491	0.01913	0.01097	0.00949
7	0.01756	0.01480	0.01692	0.01561	0.01910	0.01579	0.01208	0.02822	0.17429	0.03577	0.21893	0.06813	0.22539	0.02035	0.01361	0.00349	0.06202	0.01674	0.00986	0.01133
8	0.01426	0.01048	0.01335	0.01263	0.01517	0.00957	0.00947	0.01885	0.02842	0.03966	0.51831	0.07910	0.14937	0.02153	0.01211	0.00325	0.00488	0.01890	0.01110	0.00957
9	0.02425	0.01494	0.01578	0.01372	0.01773	0.01573	0.01079	0.16654	0.02953	0.04580	0.07522	0.03766	0.02967	0.01280	0.00843	0.00265	0.00659	0.01022	0.45020	0.01176
10	0.02744	0.64552	0.05378	0.01756	0.02634	0.04061	0.01756	0.03073	0.02085	0.02414	0.01427	0.01646	0.01317	0.00878	0.00658	0.00219	0.01097	0.00549	0.00439	0.01317
11	0.01213	0.01040	0.01040	0.01040	0.01386	0.00866	0.00780	0.01473	0.02339	0.02772	0.10396	0.09876	0.57117	0.02599	0.01213	0.00347	0.00520	0.02166	0.00953	0.00866
12	0.03833	0.04891	0.02908	0.02644	0.03173	0.59815	0.01983	0.04098	0.02908	0.02512	0.01586	0.01851	0.01322	0.01058	0.00925	0.00264	0.01851	0.00661	0.00529	0.01190
13	0.08364	0.01943	0.02218	0.01643	0.02505	0.01666	0.01330	0.08670	0.02510	0.11591	0.02178	0.02321	0.01656	0.00901	0.00818	0.00206	0.00820	0.00699	0.00751	0.47210
14	0.03638	0.22263	0.03537	0.01978	0.02716	0.02761	0.01735	0.11345	0.02789	0.26385	0.02668	0.02606	0.01895	0.01196	0.01169	0.00299	0.07760	0.00845	0.00875	0.01538
15	0.01654	0.01181	0.01654	0.01890	0.02126	0.01181	0.01654	0.02126	0.02362	0.03071	0.05433	0.11576	0.05906	0.02835	0.01417	0.00472	0.00945	0.50626	0.00945	0.00945
16	0.01250	0.00893	0.01191	0.01429	0.01488	0.00834	0.00953	0.01429	0.01965	0.02620	0.05656	0.63265	0.06787	0.03215	0.01310	0.00417	0.00595	0.02917	0.00953	0.00834
17	0.02748	0.02087	0.06686	0.23704	0.09593	0.01966	0.06997	0.03371	0.02465	0.18723	0.08599	0.03444	0.02658	0.01185	0.01061	0.00329	0.01159	0.01068	0.00771	0.01385
18	0.02093	0.03597	0.34851	0.02293	0.03328	0.01843	0.02664	0.02982	0.02477	0.08546	0.20000	0.04078	0.04143	0.01368	0.01057	0.00324	0.01122	0.01141	0.00736	0.01359
19	0.71184	0.01985	0.01508	0.01350	0.01985	0.02302	0.01111	0.03017	0.01746	0.04604	0.01429	0.01667	0.01111	0.00953	0.00635	0.00318	0.00794	0.00556	0.00635	0.01111
20	0.02176	0.02484	0.09256	0.20436	0.14540	0.02283	0.19308	0.02927	0.02271	0.03080	0.02373	0.03753	0.02030	0.01174	0.01128	0.00351	0.01420	0.07150	0.00544	0.01315
21	0.02296	0.02609	0.09394	0.21211	0.26112	0.02425	0.14874	0.03041	0.02260	0.03120	0.01926	0.02614	0.01506	0.00940	0.01060	0.00327	0.01408	0.00968	0.00489	0.01421
22	0.02257	0.02150	0.03655	0.32208	0.33833	0.02364	0.03009	0.02902	0.02203	0.03009	0.01880	0.02632	0.01505	0.00967	0.01021	0.00322	0.01289	0.00913	0.00484	0.01398
23	0.04604	0.01746	0.02382	0.01826	0.02620	0.01508	0.01508	0.05001	0.02937	0.58244	0.04049	0.03493	0.02540	0.01270	0.01032	0.00318	0.00873	0.01032	0.01270	0.01746
24	0.02935	0.02415	0.13921	0.09215	0.03348	0.01806	0.02063	0.03828	0.09109	0.23914	0.07846	0.08962	0.03190	0.01440	0.01061	0.00335	0.01001	0.01216	0.00930	0.01463
25	0.15925	0.02188	0.03014	0.02580	0.06551	0.02330	0.09648	0.07076	0.10794	0.18479	0.02744	0.02830	0.01975	0.01201	0.01245	0.00340	0.07795	0.00961	0.00846	0.01477
26	0.07629	0.02423	0.09871	0.17678	0.09429	0.02169	0.11281	0.06221	0.02399	0.09763	0.02574	0.09352	0.02158	0.01260	0.01054	0.00339	0.01233	0.01156	0.00668	0.01345
27	0.37080	0.08997	0.02417	0.01746	0.02340	0.02596	0.01469	0.06077	0.05358	0.07275	0.01823	0.02068	0.01440	0.01128	0.01143	0.00320	0.10431	0.00698	0.00669	0.04925
28	0.01683	0.19853	0.02390	0.01411	0.01799	0.01802	0.01140	0.01930	0.02111	0.02604	0.05800	0.29172	0.20040	0.02338	0.01088	0.00337	0.00722	0.01991	0.00800	0.00987

[dist]
# distance from previous block
# <min> <max>
2	14

[block]
# block no. 3 follows, 14 sequences, length 13
# corresponding to MSA columns:
# 1587-1599
name=unknown_D
#
# <colnr> <probs for GDERKNQSTAVLIFYWHMCP>
#	G	D	E	R	K	N	Q	S	T	A	V	L	I	F	Y	W	H	M	C	P
0	0.10876	0.02762	0.13341	0.02017	0.02870	0.05687	0.01903	0.08645	0.05928	0.16544	0.07796	0.03050	0.02558	0.01176	0.00949	0.00294	0.01023	0.00918	0.00843	0.10819
1	0.34949	0.08436	0.06528	0.02321	0.06035	0.02611	0.08538	0.06896	0.07984	0.04155	0.01940	0.02183	0.01495	0.01000	0.00829	0.00314	0.01043	0.00767	0.00652	0.01323
2	0.01299	0.00946	0.01234	0.01446	0.01560	0.00882	0.01025	0.01524	0.02057	0.02695	0.06141	0.50784	0.12124	0.03099	0.01313	0.00416	0.00633	0.09019	0.00952	0.00852
3	0.03131	0.03655	0.19094	0.02755	0.03752	0.08868	0.09148	0.21415	0.06877	0.07717	0.02354	0.02508	0.01691	0.01106	0.01026	0.00316	0.01358	0.00908	0.00755	0.01565
4	0.01630	0.00946	0.01222	0.01222	0.01222	0.00946	0.00749	0.01419	0.01419	0.01892	0.02547	0.05015	0.02809	0.35385	0.04650	0.33696	0.00946	0.01208	0.00538	0.00538
5	0.01598	0.01563	0.06815	0.01999	0.07854	0.01237	0.01457	0.02119	0.02653	0.03757	0.39274	0.13957	0.07672	0.02016	0.01181	0.00333	0.00672	0.01795	0.00976	0.01071
6	0.01989	0.04818	0.52033	0.02737	0.04107	0.02221	0.03467	0.03099	0.02252	0.03349	0.08185	0.02799	0.02264	0.01104	0.01002	0.00325	0.01398	0.00885	0.00513	0.01454
7	0.54399	0.02027	0.01791	0.01517	0.02195	0.02254	0.01251	0.07946	0.02216	0.13405	0.01944	0.02033	0.01399	0.01029	0.00734	0.00317	0.00837	0.00666	0.00773	0.01271
8	0.03715	0.11559	0.03209	0.02514	0.03112	0.47953	0.01954	0.08792	0.02998	0.02881	0.01652	0.01886	0.01362	0.01054	0.00904	0.00263	0.01695	0.00673	0.00566	0.01258
9	0.04604	0.01746	0.02382	0.01826	0.02620	0.01508	0.01508	0.05001	0.02937	0.58244	0.04049	0.03493	0.02540	0.01270	0.01032	0.00318	0.00873	0.01032	0.01270	0.01746
10	0.02058	0.05308	0.58618	0.02925	0.04442	0.02383	0.03792	0.03250	0.02167	0.03250	0.01842	0.02167	0.01300	0.00975	0.00975	0.00325	0.01517	0.00758	0.00433	0.01517
11	0.03411	0.02863	0.03689	0.03768	0.19331	0.13715	0.10741	0.09285	0.02874	0.16475	0.02444	0.02658	0.01783	0.01053	0.01035	0.00307	0.01337	0.00942	0.00750	0.01541
12	0.01250	0.00893	0.01191	0.01429	0.01488	0.00834	0.00953	0.01429	0.01965	0.02620	0.05656	0.63265	0.06787	0.03215	0.01310	0.00417	0.00595	0.02917	0.00953	0.00834

[dist]
# distance from previous block
# <min> <max>
0	1

[block]
# block no. 4 follows, 14 sequences, length 47
# corresponding to MSA columns:
# 1601-1647
name=unknown_E
#
# <colnr> <probs for GDERKNQSTAVLIFYWHMCP>
#	G	D	E	R	K	N	Q	S	T	A	V	L	I	F	Y	W	H	M	C	P
0	0.02149	0.01891	0.02406	0.01718	0.02639	0.01455	0.04937	0.02634	0.02149	0.03340	0.01842	0.02173	0.01523	0.00767	0.00792	0.00166	0.00829	0.00651	0.00602	0.65338
1	0.01450	0.00987	0.01167	0.01191	0.01235	0.00967	0.00722	0.01547	0.01768	0.02392	0.11385	0.15325	0.05051	0.45878	0.04056	0.00811	0.00861	0.01759	0.00745	0.00704
2	0.02645	0.11984	0.26298	0.02491	0.03638	0.02415	0.07372	0.06938	0.02457	0.10236	0.02123	0.02332	0.01548	0.00971	0.00930	0.00282	0.01249	0.00794	0.00617	0.12678
3	0.02948	0.53662	0.04972	0.01863	0.02731	0.03906	0.01790	0.12085	0.02569	0.03130	0.01610	0.01791	0.01393	0.00940	0.00723	0.00235	0.01103	0.00615	0.00543	0.01393
4	0.22720	0.02790	0.11081	0.02000	0.02841	0.07520	0.01848	0.09442	0.02686	0.23709	0.02564	0.02507	0.01744	0.01111	0.00901	0.00313	0.01071	0.00809	0.00865	0.01480
5	0.03745	0.02758	0.02971	0.02293	0.03078	0.03042	0.01888	0.50793	0.04703	0.06318	0.05932	0.02795	0.02250	0.01287	0.01038	0.00309	0.01088	0.00983	0.01033	0.01696
6	0.01533	0.01147	0.01559	0.01444	0.01635	0.01098	0.04293	0.01799	0.02125	0.02872	0.19924	0.07463	0.10057	0.30583	0.03077	0.00650	0.00846	0.06247	0.00824	0.00825
7	0.02744	0.64552	0.05378	0.01756	0.02634	0.04061	0.01756	0.03073	0.02085	0.02414	0.01427	0.01646	0.01317	0.00878	0.00658	0.00219	0.01097	0.00549	0.00439	0.01317
8	0.03099	0.02205	0.02743	0.02170	0.02820	0.02307	0.05984	0.29695	0.03796	0.10231	0.14411	0.08845	0.03914	0.01556	0.01106	0.00324	0.00974	0.01325	0.01022	0.01473
9	0.01466	0.01100	0.01649	0.01649	0.01833	0.01283	0.01283	0.01833	0.01649	0.02382	0.02749	0.04032	0.02566	0.07697	0.59868	0.01649	0.02749	0.01100	0.00550	0.00916
10	0.02553	0.02204	0.02320	0.02088	0.02669	0.02553	0.01624	0.05453	0.55679	0.04293	0.04177	0.03829	0.03133	0.01392	0.01044	0.00348	0.00812	0.01160	0.01044	0.01624
11	0.01270	0.01042	0.01119	0.01100	0.01421	0.00891	0.00825	0.01584	0.02475	0.03095	0.21583	0.09345	0.45728	0.02479	0.01212	0.00341	0.00511	0.02091	0.00995	0.00891
12	0.04291	0.01761	0.02341	0.01815	0.02564	0.01571	0.01491	0.07934	0.03057	0.50287	0.08435	0.03780	0.03094	0.01338	0.01047	0.00317	0.00857	0.01095	0.01242	0.01680
13	0.01492	0.00995	0.01119	0.01119	0.01119	0.00995	0.00622	0.01492	0.01492	0.01990	0.03233	0.06716	0.03731	0.63935	0.05223	0.00995	0.00995	0.01492	0.00622	0.00622
14	0.71184	0.01985	0.01508	0.01350	0.01985	0.02302	0.01111	0.03017	0.01746	0.04604	0.01429	0.01667	0.01111	0.00953	0.00635	0.00318	0.00794	0.00556	0.00635	0.01111
15	0.01227	0.00984	0.01097	0.01188	0.01425	0.00854	0.00846	0.01456	0.02196	0.02714	0.08590	0.30219	0.37939	0.02834	0.01250	0.00373	0.00549	0.02452	0.00953	0.00854
16	0.01938	0.01824	0.03078	0.61468	0.07068	0.02280	0.02850	0.02622	0.02052	0.02622	0.01824	0.02736	0.01368	0.01026	0.01026	0.00342	0.01368	0.00912	0.00456	0.01140
17	0.03833	0.04891	0.02908	0.02644	0.03173	0.59815	0.01983	0.04098	0.02908	0.02512	0.01586	0.01851	0.01322	0.01058	0.00925	0.00264	0.01851	0.00661	0.00529	0.01190
18	0.01452	0.01049	0.01372	0.01291	0.01533	0.00968	0.00968	0.01937	0.02905	0.04115	0.56992	0.07666	0.09683	0.02098	0.01210	0.00323	0.00484	0.01856	0.01130	0.00968
19	0.02648	0.02252	0.02374	0.02108	0.02705	0.02597	0.01647	0.08896	0.52081	0.04447	0.04056	0.03732	0.03034	0.01381	0.01043	0.00345	0.00835	0.01144	0.01043	0.01633
20	0.03011	0.49927	0.04772	0.01974	0.02766	0.17729	0.01812	0.03324	0.02287	0.02438	0.01466	0.01696	0.01318	0.00922	0.00724	0.00230	0.01282	0.00576	0.00461	0.01286
21	0.02129	0.01767	0.02494	0.33068	0.04747	0.02039	0.02110	0.03227	0.14480	0.06766	0.04040	0.04309	0.11777	0.01407	0.01064	0.00343	0.01056	0.01200	0.00734	0.01243
22	0.02657	0.12938	0.02952	0.10622	0.06795	0.02034	0.01715	0.03098	0.02271	0.13959	0.02529	0.07615	0.02119	0.01140	0.00898	0.00257	0.00948	0.00942	0.00710	0.23801
23	0.04319	0.01687	0.02268	0.01760	0.02516	0.01454	0.01447	0.04704	0.02887	0.53572	0.04583	0.04031	0.07137	0.01382	0.01047	0.00320	0.00843	0.01127	0.01243	0.01672
24	0.04604	0.01746	0.02382	0.01826	0.02620	0.01508	0.01508	0.05001	0.02937	0.58244	0.04049	0.03493	0.02540	0.01270	0.01032	0.00318	0.00873	0.01032	0.01270	0.01746
25	0.01245	0.00914	0.01169	0.01373	0.01474	0.00838	0.00928	0.01435	0.02019	0.02642	0.06343	0.55530	0.14079	0.03126	0.01296	0.00407	0.00584	0.02808	0.00953	0.00838
26	0.02451	0.07749	0.03285	0.42547	0.10287	0.02349	0.02578	0.03054	0.02207	0.10723	0.02118	0.02727	0.01555	0.01038	0.00992	0.00324	0.01258	0.00896	0.00577	0.01286
27	0.02262	0.22893	0.42815	0.02578	0.03905	0.02881	0.03187	0.03197	0.02142	0.03002	0.01718	0.02012	0.01305	0.00946	0.00881	0.00294	0.01392	0.00696	0.00435	0.01457
28	0.04604	0.01746	0.02382	0.01826	0.02620	0.01508	0.01508	0.05001	0.02937	0.58244	0.04049	0.03493	0.02540	0.01270	0.01032	0.00318	0.00873	0.01032	0.01270	0.01746
29	0.01672	0.01432	0.02063	0.11900	0.02752	0.01742	0.01617	0.01958	0.01790	0.02489	0.03271	0.23726	0.03598	0.08831	0.10633	0.00645	0.16608	0.01671	0.00652	0.00951
30	0.01938	0.01824	0.03078	0.61468	0.07068	0.02280	0.02850	0.02622	0.02052	0.02622	0.01824	0.02736	0.01368	0.01026	0.01026	0.00342	0.01368	0.00912	0.00456	0.01140
31	0.01506	0.01025	0.01299	0.01252	0.01481	0.00958	0.00931	0.01968	0.02733	0.03973	0.45774	0.10841	0.08467	0.02042	0.01146	0.00317	0.00491	0.01797	0.11043	0.00958
32	0.01250	0.00893	0.01191	0.01429	0.01488	0.00834	0.00953	0.01429	0.01965	0.02620	0.05656	0.63265	0.06787	0.03215	0.01310	0.00417	0.00595	0.02917	0.00953	0.00834
33	0.02399	0.02295	0.03911	0.19198	0.45734	0.02401	0.03079	0.03026	0.02270	0.03182	0.01905	0.02586	0.01565	0.00940	0.01018	0.00313	0.01254	0.00914	0.00496	0.01512
34	0.02181	0.01933	0.02594	0.08909	0.12747	0.01658	0.01738	0.02689	0.02157	0.03267	0.01843	0.02268	0.01522	0.00816	0.00835	0.00200	0.00908	0.00696	0.00574	0.50466
35	0.71184	0.01985	0.01508	0.01350	0.01985	0.02302	0.01111	0.03017	0.01746	0.04604	0.01429	0.01667	0.01111	0.00953	0.00635	0.00318	0.00794	0.00556	0.00635	0.01111
36	0.71184	0.01985	0.01508	0.01350	0.01985	0.02302	0.01111	0.03017	0.01746	0.04604	0.01429	0.01667	0.01111	0.00953	0.00635	0.00318	0.00794	0.00556	0.00635	0.01111
37	0.02326	0.01958	0.03262	0.43202	0.18242	0.02244	0.02793	0.02966	0.02200	0.08007	0.02057	0.02762	0.01537	0.01023	0.01024	0.00331	0.01287	0.00924	0.00544	0.01308
38	0.01463	0.00989	0.01186	0.01233	0.01326	0.00990	0.00807	0.01625	0.01752	0.02437	0.04258	0.17462	0.08543	0.31769	0.11537	0.00838	0.01074	0.01716	0.08231	0.00763
39	0.01713	0.01307	0.01686	0.01724	0.01942	0.01375	0.01366	0.06243	0.02429	0.03248	0.10914	0.25507	0.10158	0.02621	0.01494	0.00412	0.06497	0.17445	0.00929	0.00990
40	0.01725	0.00981	0.01000	0.00995	0.01259	0.00937	0.00747	0.02154	0.02240	0.03602	0.08161	0.05441	0.15534	0.01571	0.00860	0.00269	0.00488	0.01287	0.49812	0.00937
41	0.01327	0.00949	0.01274	0.01477	0.01580	0.00896	0.01050	0.01580	0.02122	0.02844	0.11225	0.50135	0.06983	0.03041	0.01314	0.00414	0.00631	0.09324	0.00971	0.00863
42	0.02042	0.04834	0.52329	0.02710	0.04088	0.02228	0.03456	0.03156	0.02165	0.03313	0.02006	0.02348	0.01445	0.00999	0.00947	0.00316	0.01403	0.00780	0.07980	0.01456
43	0.01488	0.01001	0.01147	0.01138	0.01164	0.00992	0.00660	0.01541	0.01646	0.02222	0.09097	0.06819	0.04380	0.57191	0.04786	0.00922	0.00939	0.01532	0.00677	0.00660
44	0.03684	0.02665	0.02848	0.02208	0.02966	0.02940	0.01816	0.48471	0.04533	0.06179	0.02560	0.02612	0.01842	0.01228	0.00993	0.00300	0.01058	0.00927	0.08509	0.01659
45	0.02361	0.02240	0.03589	0.10741	0.13601	0.02587	0.10807	0.07212	0.05003	0.03208	0.02027	0.02741	0.01694	0.01962	0.08137	0.00506	0.18711	0.00992	0.00563	0.01316
46	0.01407	0.01033	0.01319	0.01277	0.01513	0.00945	0.00946	0.01838	0.02755	0.03828	0.47095	0.13122	0.14585	0.02257	0.01220	0.00334	0.00498	0.01989	0.01094	0.00945

[dist]
# distance from previous block
# <min> <max>
0	2

[block]
# block no. 5 follows, 14 sequences, length 13
# corresponding to MSA columns:
# 1650-1662
name=unknown_F
#
# <colnr> <probs for GDERKNQSTAVLIFYWHMCP>
#	G	D	E	R	K	N	Q	S	T	A	V	L	I	F	Y	W	H	M	C	P
0	0.02235	0.02547	0.14550	0.09076	0.07501	0.01994	0.02154	0.06955	0.11875	0.06706	0.10944	0.04570	0.11591	0.01485	0.01071	0.00331	0.00999	0.01249	0.00811	0.01358
1	0.02675	0.03385	0.08136	0.02730	0.03397	0.25066	0.14938	0.03196	0.02626	0.03006	0.09823	0.06878	0.06888	0.01371	0.01081	0.00312	0.01445	0.01200	0.00651	0.01195
2	0.02032	0.07401	0.20350	0.06660	0.03353	0.01945	0.02213	0.02717	0.02056	0.03039	0.01945	0.02451	0.01587	0.01944	0.10102	0.00461	0.01384	0.00752	0.00519	0.27087
3	0.33291	0.01791	0.01668	0.01419	0.02025	0.01859	0.01141	0.08344	0.02364	0.04202	0.07582	0.04021	0.13862	0.01392	0.00864	0.00299	0.00746	0.01045	0.00780	0.11307
4	0.01303	0.00931	0.01251	0.01489	0.01571	0.00879	0.01044	0.01520	0.02017	0.02678	0.05627	0.56535	0.06673	0.03166	0.01324	0.00424	0.00641	0.09130	0.00952	0.00848
5	0.02167	0.02017	0.03595	0.28058	0.17028	0.02172	0.12976	0.02839	0.02207	0.03109	0.02138	0.02870	0.01662	0.00995	0.01013	0.00318	0.01269	0.00980	0.11318	0.01269
6	0.02904	0.03374	0.17541	0.02983	0.04006	0.02759	0.15926	0.22690	0.09311	0.04591	0.02403	0.02625	0.01743	0.01091	0.01064	0.00327	0.01346	0.00985	0.00749	0.01580
7	0.01357	0.00978	0.01251	0.01353	0.01490	0.00914	0.00949	0.01627	0.02233	0.03016	0.20459	0.33838	0.10931	0.09719	0.01725	0.00454	0.00624	0.05260	0.00965	0.00857
8	0.01466	0.01100	0.01649	0.01649	0.01833	0.01283	0.01283	0.01833	0.01649	0.02382	0.02749	0.04032	0.02566	0.07697	0.59868	0.01649	0.02749	0.01100	0.00550	0.00916
9	0.02761	0.52614	0.11205	0.01966	0.02886	0.08742	0.02007	0.03183	0.02166	0.02518	0.01488	0.01723	0.01315	0.00905	0.00718	0.00235	0.01211	0.00582	0.00446	0.01328
10	0.02405	0.01210	0.01591	0.01524	0.01819	0.01111	0.01112	0.02638	0.02203	0.20282	0.04598	0.27843	0.04697	0.15793	0.02082	0.00515	0.00798	0.05709	0.00981	0.01088
11	0.01666	0.11041	0.02233	0.01666	0.01958	0.01718	0.01357	0.02027	0.01718	0.02387	0.02542	0.03658	0.02370	0.06628	0.50592	0.01425	0.02490	0.01013	0.00532	0.00979
12	0.03520	0.02596	0.02856	0.02250	0.02971	0.02885	0.01846	0.45921	0.04327	0.05827	0.02508	0.02709	0.01874	0.02245	0.10245	0.00518	0.01383	0.00951	0.00952	0.01615

[dist]
# distance from previous block
# <min> <max>
0	1

[block]
# block no. 6 follows, 14 sequences, length 63
# corresponding to MSA columns:
# 1664-1726
name=unknown_G
#
# <colnr> <probs for GDERKNQSTAVLIFYWHMCP>
#	G	D	E	R	K	N	Q	S	T	A	V	L	I	F	Y	W	H	M	C	P
0	0.09230	0.03031	0.02586	0.06377	0.03093	0.23105	0.01811	0.04258	0.12460	0.15940	0.02625	0.02670	0.01927	0.01206	0.01113	0.00314	0.05210	0.00864	0.00795	0.01385
1	0.01681	0.01105	0.01413	0.01303	0.01604	0.01000	0.00989	0.02130	0.02836	0.08392	0.46745	0.07603	0.15100	0.02093	0.01196	0.00325	0.00521	0.01827	0.01119	0.01019
2	0.14193	0.01215	0.01127	0.01097	0.01497	0.01133	0.00841	0.01759	0.02229	0.03112	0.08732	0.08353	0.46727	0.02294	0.01106	0.00341	0.00571	0.01867	0.00894	0.00912
3	0.02093	0.01824	0.02304	0.12641	0.03292	0.01537	0.01519	0.02591	0.02114	0.03210	0.01824	0.02241	0.01492	0.00809	0.00809	0.00187	0.00873	0.00664	0.00580	0.57395
4	0.02475	0.02661	0.13737	0.15219	0.11600	0.02173	0.11621	0.03376	0.06693	0.10524	0.02700	0.07916	0.02183	0.01221	0.01074	0.00338	0.01263	0.01143	0.00669	0.01413
5	0.01793	0.01374	0.01551	0.01505	0.01863	0.01342	0.01178	0.11338	0.02728	0.03477	0.07137	0.19598	0.28115	0.02509	0.01232	0.00375	0.00719	0.10164	0.00965	0.01036
6	0.58338	0.01955	0.01799	0.12502	0.02928	0.02298	0.01434	0.02943	0.01803	0.04237	0.01502	0.01865	0.01159	0.00966	0.00708	0.00322	0.00900	0.00622	0.00602	0.01117
7	0.29017	0.03004	0.18725	0.12982	0.07465	0.02354	0.06649	0.03045	0.02015	0.03676	0.01703	0.02146	0.01281	0.00962	0.00874	0.00326	0.01207	0.00754	0.00528	0.01288
8	0.01441	0.01124	0.01365	0.01341	0.01650	0.00963	0.00968	0.01742	0.02239	0.03050	0.14994	0.31016	0.16777	0.02434	0.01170	0.00336	0.00591	0.02145	0.00920	0.13734
9	0.01634	0.01306	0.01862	0.02199	0.11909	0.01232	0.01357	0.02122	0.02752	0.03860	0.42839	0.06902	0.12197	0.01921	0.01175	0.00321	0.00624	0.01707	0.00999	0.01082
10	0.04145	0.01761	0.02334	0.01769	0.02585	0.01482	0.01454	0.04553	0.02787	0.48059	0.03636	0.03240	0.02351	0.01176	0.00982	0.00287	0.00852	0.00953	0.01147	0.14447
11	0.14071	0.03206	0.03289	0.11371	0.17512	0.23350	0.06634	0.03415	0.02419	0.03146	0.01721	0.02192	0.01391	0.00984	0.00939	0.00301	0.01444	0.00788	0.00530	0.01298
12	0.02651	0.52994	0.04963	0.01930	0.02645	0.03890	0.01847	0.02961	0.01990	0.02425	0.01412	0.01757	0.01323	0.01048	0.01161	0.00262	0.12406	0.00614	0.00441	0.01281
13	0.03149	0.02896	0.15511	0.15236	0.04300	0.02342	0.05804	0.15763	0.02993	0.17963	0.02567	0.02739	0.01756	0.01116	0.01028	0.00324	0.01241	0.00931	0.00800	0.01540
14	0.15915	0.05922	0.02626	0.07145	0.07395	0.01956	0.01702	0.04171	0.02546	0.35888	0.03051	0.02907	0.02033	0.01138	0.00935	0.00312	0.00944	0.00896	0.00972	0.01545
15	0.03537	0.02680	0.03079	0.13326	0.03903	0.03015	0.02117	0.44560	0.04311	0.05754	0.02345	0.02514	0.01675	0.01194	0.01026	0.00314	0.01174	0.00922	0.00921	0.01633
16	0.01463	0.01090	0.01598	0.01583	0.01777	0.01224	0.01224	0.01852	0.01882	0.02704	0.12811	0.04706	0.03886	0.06658	0.48986	0.01403	0.02329	0.01240	0.00657	0.00926
17	0.15145	0.02558	0.05007	0.07707	0.04854	0.02519	0.40523	0.03191	0.02271	0.03486	0.01939	0.02562	0.01461	0.00892	0.01091	0.00340	0.01531	0.01069	0.00536	0.01317
18	0.01918	0.01429	0.01915	0.01781	0.02083	0.01635	0.01407	0.11531	0.02238	0.03140	0.02696	0.03741	0.02413	0.06497	0.48952	0.01400	0.02448	0.01067	0.00638	0.01070
19	0.01492	0.01136	0.01400	0.01551	0.01707	0.01152	0.01077	0.02175	0.11929	0.02930	0.05382	0.52239	0.06109	0.02877	0.01261	0.00404	0.00636	0.02591	0.00970	0.00980
20	0.01632	0.01368	0.02241	0.01854	0.02244	0.01270	0.10770	0.02187	0.02815	0.03962	0.46804	0.06757	0.08175	0.01869	0.01210	0.00327	0.00715	0.01736	0.01016	0.01045
21	0.02093	0.04740	0.48327	0.02882	0.04117	0.02524	0.03505	0.03105	0.02056	0.03105	0.01750	0.02181	0.01309	0.01127	0.01419	0.00348	0.12747	0.00784	0.00436	0.01444
22	0.03649	0.02794	0.03281	0.03092	0.13265	0.03044	0.02173	0.44657	0.04363	0.05890	0.02365	0.02478	0.01723	0.01173	0.01025	0.00307	0.01146	0.00922	0.00930	0.01723
23	0.01437	0.01360	0.01970	0.01649	0.02124	0.01187	0.10617	0.01809	0.02354	0.02868	0.08853	0.08558	0.46810	0.02277	0.01213	0.00346	0.00744	0.01989	0.00872	0.00962
24	0.01973	0.01824	0.02902	0.50347	0.06208	0.02111	0.02547	0.02615	0.02066	0.02756	0.01824	0.02623	0.01396	0.00977	0.00977	0.00307	0.01255	0.00856	0.00484	0.13953
25	0.02184	0.01979	0.03150	0.07742	0.21620	0.01928	0.07162	0.02884	0.05190	0.03273	0.02935	0.04879	0.02757	0.01406	0.01092	0.00328	0.01101	0.13608	0.00665	0.14117
26	0.01570	0.00988	0.01089	0.01089	0.01133	0.00988	0.00640	0.01659	0.01615	0.02330	0.03255	0.06180	0.03527	0.52296	0.04387	0.00855	0.00899	0.01393	0.13424	0.00684
27	0.02093	0.01824	0.02304	0.12641	0.03292	0.01537	0.01519	0.02591	0.02114	0.03210	0.01824	0.02241	0.01492	0.00809	0.00809	0.00187	0.00873	0.00664	0.00580	0.57395
28	0.02448	0.29848	0.03963	0.07413	0.11234	0.02806	0.01886	0.02890	0.02134	0.02870	0.01663	0.02027	0.01433	0.00858	0.00776	0.00221	0.01031	0.00654	0.00505	0.23340
29	0.02422	0.02768	0.06055	0.04325	0.05363	0.02595	0.53806	0.03287	0.02422	0.03287	0.02076	0.02768	0.01557	0.00865	0.01211	0.00346	0.01730	0.01211	0.00519	0.01384
30	0.02033	0.04507	0.46132	0.07054	0.08105	0.02260	0.03443	0.03089	0.02233	0.03287	0.06508	0.02697	0.02036	0.01069	0.01001	0.00325	0.01398	0.00873	0.00499	0.01452
31	0.02610	0.02836	0.15151	0.07389	0.06848	0.02373	0.02295	0.04533	0.30265	0.09650	0.03305	0.03249	0.02418	0.01226	0.01024	0.00336	0.01048	0.01020	0.00849	0.01574
32	0.01453	0.00940	0.01183	0.01271	0.01293	0.00918	0.00790	0.01442	0.01640	0.02187	0.03880	0.26979	0.04526	0.31185	0.03571	0.12615	0.00830	0.01916	0.00714	0.00670
33	0.03717	0.02320	0.11127	0.02521	0.10124	0.01721	0.02013	0.04271	0.02674	0.38000	0.03369	0.03189	0.02235	0.01171	0.00995	0.00311	0.00986	0.00968	0.06656	0.01630
34	0.06225	0.11943	0.08359	0.19223	0.04448	0.02782	0.08456	0.13467	0.02685	0.06676	0.02004	0.02433	0.01505	0.01072	0.01090	0.00319	0.04432	0.00870	0.00629	0.01382
35	0.01581	0.01225	0.01780	0.01850	0.02135	0.01178	0.04802	0.02007	0.02314	0.02980	0.06070	0.17039	0.14267	0.02714	0.01357	0.00436	0.00882	0.33517	0.00920	0.00947
36	0.01472	0.01099	0.01383	0.01464	0.01720	0.01031	0.01186	0.01861	0.02436	0.03174	0.18964	0.09896	0.21211	0.05972	0.01521	0.00430	0.00718	0.22579	0.00973	0.00910
37	0.02040	0.03844	0.34423	0.24579	0.05474	0.02360	0.07010	0.03021	0.02143	0.03021	0.01852	0.02419	0.01343	0.00986	0.01011	0.00333	0.01477	0.00847	0.00448	0.01369
38	0.07444	0.33280	0.26164	0.02196	0.03307	0.03137	0.02509	0.03238	0.02137	0.05752	0.01726	0.01949	0.01358	0.00942	0.00802	0.00274	0.01231	0.00657	0.00493	0.01404
39	0.03757	0.01898	0.06797	0.01808	0.02549	0.01471	0.01586	0.04237	0.02867	0.42762	0.14591	0.04229	0.03885	0.01414	0.01063	0.00319	0.00847	0.01176	0.01173	0.01570
40	0.66354	0.02040	0.01828	0.01559	0.02222	0.02323	0.04812	0.03036	0.01794	0.04512	0.01474	0.01744	0.01143	0.00946	0.00676	0.00320	0.00860	0.00602	0.00627	0.01131
41	0.01492	0.00995	0.01119	0.01119	0.01119	0.00995	0.00622	0.01492	0.01492	0.01990	0.03233	0.06716	0.03731	0.63935	0.05223	0.00995	0.00995	0.01492	0.00622	0.00622
42	0.02439	0.02190	0.03442	0.33985	0.23377	0.02471	0.02813	0.10645	0.02570	0.03453	0.01957	0.02629	0.01512	0.01020	0.01023	0.00324	0.01282	0.00915	0.00560	0.01395
43	0.20025	0.01974	0.02258	0.01834	0.02441	0.02125	0.01511	0.11378	0.02686	0.25423	0.02757	0.02758	0.01923	0.01252	0.01221	0.00327	0.09040	0.00876	0.06748	0.01443
44	0.01452	0.01049	0.01372	0.01291	0.01533	0.00968	0.00968	0.01937	0.02905	0.04115	0.56992	0.07666	0.09683	0.02098	0.01210	0.00323	0.00484	0.01856	0.01130	0.00968
45	0.03098	0.14301	0.06757	0.02132	0.02913	0.02909	0.01869	0.18097	0.23781	0.09024	0.03029	0.02909	0.02243	0.01214	0.00961	0.00309	0.01003	0.00944	0.00905	0.01603
46	0.01638	0.01332	0.01899	0.01802	0.01921	0.01645	0.01400	0.01924	0.01611	0.02348	0.02512	0.04012	0.02462	0.14097	0.40219	0.01301	0.15307	0.01110	0.00538	0.00921
47	0.02105	0.09387	0.54952	0.02844	0.04317	0.02499	0.03651	0.03238	0.02161	0.03192	0.01813	0.02131	0.01301	0.00968	0.00953	0.00318	0.01488	0.00744	0.00434	0.01503
48	0.03840	0.04683	0.02926	0.02615	0.03174	0.53982	0.01979	0.09249	0.03106	0.02919	0.01677	0.01914	0.01365	0.01075	0.00936	0.00269	0.01776	0.00688	0.00580	0.01247
49	0.01323	0.00994	0.01309	0.01490	0.01580	0.00980	0.01046	0.01526	0.01996	0.02648	0.05800	0.52789	0.10579	0.03067	0.01419	0.00416	0.03946	0.05308	0.00925	0.00858
50	0.02690	0.02206	0.02368	0.02094	0.02673	0.02507	0.01651	0.14246	0.40393	0.04549	0.03999	0.07202	0.03213	0.01536	0.01075	0.00351	0.00867	0.03782	0.01031	0.01569
51	0.40184	0.02013	0.01861	0.01591	0.02172	0.02246	0.01265	0.15093	0.02520	0.06994	0.02235	0.05929	0.01943	0.08454	0.01315	0.00399	0.00890	0.00904	0.00773	0.01219
52	0.71184	0.01985	0.01508	0.01350	0.01985	0.02302	0.01111	0.03017	0.01746	0.04604	0.01429	0.01667	0.01111	0.00953	0.00635	0.00318	0.00794	0.00556	0.00635	0.01111
53	0.01417	0.01064	0.01323	0.01306	0.01574	0.00970	0.01011	0.01841	0.02685	0.03626	0.37965	0.08764	0.21530	0.02327	0.01239	0.00349	0.00555	0.08458	0.01059	0.00939
54	0.01485	0.01042	0.01343	0.01268	0.01509	0.00967	0.00951	0.01969	0.02852	0.04095	0.53224	0.07396	0.09188	0.02035	0.01176	0.00317	0.00484	0.01793	0.05941	0.00967
