[name]
unknown

[dist]
# distance from previous block
# <min> <max>
0	19

[block]
# block no. 0 follows, 11 sequences, length 8
# corresponding to MSA columns:
# 19-26
name=unknown_A
#
# <colnr> <probs for GDERKNQSTAVLIFYWHMCP>
#	G	D	E	R	K	N	Q	S	T	A	V	L	I	F	Y	W	H	M	C	P
0	0.02941	0.02014	0.02561	0.02438	0.08007	0.01916	0.01741	0.09026	0.07972	0.13023	0.12952	0.04886	0.04204	0.01547	0.01135	0.00322	0.00920	0.04800	0.01023	0.16574
1	0.17856	0.09333	0.03348	0.02316	0.03155	0.02683	0.07712	0.13673	0.03023	0.08163	0.02614	0.03476	0.02163	0.01294	0.01011	0.00329	0.01140	0.05377	0.00830	0.10503
2	0.02952	0.16693	0.15619	0.02393	0.03243	0.02974	0.02367	0.07838	0.06514	0.09484	0.02558	0.03135	0.02088	0.07584	0.01862	0.00426	0.09063	0.00973	0.00723	0.01511
3	0.02644	0.14235	0.08334	0.02772	0.09681	0.02556	0.05016	0.07753	0.02768	0.03916	0.07518	0.03122	0.02663	0.01145	0.00980	0.00277	0.01107	0.00956	0.04362	0.18196
4	0.02203	0.10714	0.29064	0.02400	0.03530	0.02313	0.02732	0.03048	0.02388	0.03448	0.08797	0.03626	0.02952	0.07502	0.01526	0.00395	0.01286	0.01026	0.00624	0.10427
5	0.01466	0.01089	0.01366	0.01417	0.01634	0.00989	0.01017	0.01834	0.02709	0.03663	0.28741	0.26757	0.17514	0.02832	0.01366	0.00395	0.00581	0.02506	0.01135	0.00989
6	0.01469	0.01140	0.01567	0.09187	0.02454	0.01136	0.01304	0.01752	0.02222	0.02896	0.06312	0.45543	0.12609	0.03109	0.01380	0.00436	0.00758	0.02791	0.00970	0.00965
7	0.02586	0.01709	0.02022	0.01755	0.02175	0.01732	0.01328	0.14542	0.03366	0.09165	0.22479	0.11494	0.06238	0.11921	0.02012	0.00484	0.00859	0.01739	0.01110	0.01281

[dist]
# distance from previous block
# <min> <max>
0	7

[block]
# block no. 1 follows, 11 sequences, length 39
# corresponding to MSA columns:
# 34-72
name=unknown_B
#
# <colnr> <probs for GDERKNQSTAVLIFYWHMCP>
#	G	D	E	R	K	N	Q	S	T	A	V	L	I	F	Y	W	H	M	C	P
0	0.02627	0.24670	0.18218	0.02343	0.03355	0.03210	0.02439	0.04041	0.15892	0.03622	0.06682	0.03159	0.02732	0.01256	0.00985	0.00321	0.01191	0.00967	0.00724	0.01567
1	0.02630	0.01690	0.02359	0.14780	0.03568	0.01784	0.01847	0.07856	0.02876	0.13212	0.11616	0.13920	0.04665	0.02516	0.05694	0.00503	0.01170	0.05005	0.00987	0.01325
2	0.02524	0.07793	0.04141	0.10641	0.12053	0.02512	0.14134	0.07148	0.02803	0.03776	0.07861	0.04082	0.07672	0.01327	0.01154	0.00336	0.01286	0.01257	0.00719	0.06783
3	0.38425	0.07891	0.02920	0.02170	0.02860	0.07866	0.05396	0.07768	0.02424	0.04456	0.01737	0.02090	0.01392	0.01167	0.01135	0.00350	0.07185	0.00754	0.00676	0.01338
4	0.22181	0.02837	0.02563	0.02162	0.02805	0.09769	0.01741	0.18474	0.07213	0.05108	0.02404	0.02616	0.01840	0.01297	0.01159	0.00343	0.05659	0.00882	0.07465	0.01483
5	0.02081	0.01336	0.01655	0.01503	0.01894	0.01239	0.01152	0.02738	0.06413	0.10761	0.35641	0.07958	0.16784	0.02228	0.01290	0.00360	0.00619	0.01926	0.01217	0.01203
6	0.24014	0.02123	0.02783	0.07433	0.03387	0.02220	0.07844	0.03996	0.07472	0.16893	0.08127	0.03531	0.02916	0.01308	0.01040	0.00359	0.01053	0.01088	0.00938	0.01476
7	0.02092	0.01901	0.06623	0.02154	0.06868	0.01608	0.01600	0.07363	0.03009	0.04293	0.27896	0.06271	0.06585	0.09498	0.01796	0.00440	0.00854	0.01593	0.06335	0.01221
8	0.07639	0.01398	0.01686	0.01518	0.01970	0.01282	0.01171	0.02867	0.02854	0.16142	0.23239	0.12457	0.16950	0.02225	0.01242	0.00368	0.00682	0.01895	0.01171	0.01242
9	0.02140	0.01778	0.01952	0.01831	0.02284	0.01915	0.01392	0.03947	0.27594	0.04184	0.16068	0.12086	0.13976	0.02130	0.01246	0.00384	0.00734	0.01828	0.01137	0.01395
10	0.01371	0.00979	0.01306	0.01567	0.01632	0.00914	0.01045	0.01567	0.02155	0.02873	0.06203	0.59710	0.07444	0.03526	0.01437	0.00457	0.00653	0.03200	0.01045	0.00914
11	0.04048	0.12659	0.03544	0.02772	0.03402	0.49191	0.02142	0.04347	0.03071	0.02741	0.01717	0.02000	0.01449	0.01134	0.00977	0.00284	0.01922	0.00709	0.00567	0.01323
12	0.02126	0.02001	0.03376	0.57739	0.07752	0.02501	0.03126	0.02876	0.02251	0.02876	0.02001	0.03001	0.01500	0.01125	0.01125	0.00375	0.01500	0.01000	0.00500	0.01250
13	0.02334	0.02001	0.02334	0.01667	0.02667	0.01500	0.01334	0.02834	0.02334	0.03668	0.02001	0.02334	0.01667	0.00834	0.00834	0.00167	0.00834	0.00667	0.00667	0.67325
14	0.02796	0.07969	0.04381	0.21044	0.25431	0.02718	0.07887	0.03469	0.02511	0.07813	0.02253	0.02877	0.01747	0.01065	0.01105	0.00344	0.01399	0.01010	0.00608	0.01575
15	0.04595	0.02100	0.03202	0.02742	0.07955	0.01870	0.06611	0.05104	0.03102	0.44346	0.04004	0.03652	0.02583	0.01312	0.01150	0.00350	0.01088	0.01139	0.01231	0.01863
16	0.01470	0.01113	0.01577	0.08917	0.02433	0.01122	0.01317	0.01738	0.02167	0.02874	0.05654	0.52290	0.06666	0.03212	0.01396	0.00446	0.00764	0.02912	0.00974	0.00958
17	0.04204	0.05364	0.03190	0.02900	0.03480	0.55926	0.02175	0.04494	0.03190	0.02755	0.01740	0.02030	0.01450	0.01160	0.01015	0.00290	0.02030	0.00725	0.00580	0.01305
18	0.04173	0.02092	0.02598	0.02043	0.02803	0.02022	0.01667	0.16468	0.03760	0.32108	0.13416	0.04426	0.04084	0.01559	0.01168	0.00347	0.00948	0.01277	0.01293	0.01749
19	0.01371	0.00979	0.01306	0.01567	0.01632	0.00914	0.01045	0.01567	0.02155	0.02873	0.06203	0.59710	0.07444	0.03526	0.01437	0.00457	0.00653	0.03200	0.01045	0.00914
20	0.03824	0.09870	0.03413	0.02566	0.03311	0.21368	0.02057	0.20619	0.13477	0.04666	0.02629	0.02677	0.02010	0.01280	0.01049	0.00320	0.01436	0.00923	0.00875	0.01630
21	0.02359	0.07739	0.06649	0.01998	0.02580	0.02220	0.01695	0.09373	0.15226	0.04105	0.09698	0.18564	0.09005	0.02110	0.01204	0.00377	0.00904	0.01797	0.01001	0.01394
22	0.18101	0.16760	0.08159	0.06496	0.03386	0.07644	0.02034	0.07982	0.02670	0.08985	0.02089	0.02309	0.01593	0.01091	0.00895	0.00305	0.01216	0.00765	0.00707	0.06814
23	0.01763	0.01262	0.01742	0.01921	0.02182	0.01242	0.01640	0.02284	0.02729	0.03633	0.16797	0.11704	0.07435	0.02922	0.01502	0.00480	0.00920	0.35717	0.01083	0.01042
24	0.01576	0.01140	0.01388	0.01326	0.01616	0.01036	0.00994	0.02053	0.02983	0.04164	0.39753	0.08599	0.19290	0.02341	0.01284	0.00352	0.00539	0.02030	0.06498	0.01036
25	0.02613	0.03821	0.23031	0.12890	0.09143	0.02751	0.11496	0.08533	0.07362	0.03944	0.02384	0.02839	0.01759	0.01125	0.01142	0.00362	0.01533	0.01023	0.00635	0.01615
26	0.02651	0.02074	0.03374	0.30592	0.10511	0.02296	0.06190	0.03507	0.06428	0.10773	0.02994	0.08466	0.02444	0.01395	0.01171	0.00376	0.01306	0.01271	0.00746	0.01435
27	0.01447	0.01034	0.01393	0.01654	0.01753	0.00980	0.01177	0.01699	0.02230	0.02958	0.06161	0.51626	0.07278	0.03454	0.01457	0.00468	0.00719	0.10533	0.01043	0.00935
28	0.02017	0.01639	0.02180	0.07813	0.02678	0.01902	0.01616	0.06558	0.02389	0.03287	0.08362	0.23691	0.04829	0.11066	0.02479	0.00529	0.13081	0.01952	0.00842	0.01091
29	0.02472	0.07844	0.27093	0.24476	0.05714	0.02623	0.03405	0.03428	0.02386	0.07122	0.02167	0.02694	0.01561	0.01109	0.01072	0.00355	0.01513	0.00905	0.00556	0.01505
30	0.02026	0.01350	0.02010	0.01846	0.02193	0.01231	0.05596	0.02417	0.02640	0.10094	0.18062	0.30021	0.10725	0.02638	0.01350	0.00403	0.00770	0.02390	0.01096	0.01142
31	0.02026	0.01818	0.01942	0.01923	0.02151	0.09929	0.01449	0.02304	0.02031	0.02600	0.03049	0.09776	0.03005	0.06344	0.36672	0.07615	0.02418	0.01318	0.00635	0.00994
32	0.03849	0.07393	0.08532	0.07429	0.03638	0.02514	0.02169	0.11501	0.10885	0.25119	0.03490	0.03327	0.02388	0.01314	0.01093	0.00347	0.01133	0.01050	0.01061	0.01768
33	0.03119	0.13932	0.13700	0.11401	0.09516	0.02768	0.10097	0.03851	0.02593	0.14635	0.02524	0.02833	0.01825	0.01104	0.01072	0.00337	0.01400	0.00977	0.00708	0.01607
34	0.10807	0.01374	0.01638	0.01536	0.01747	0.01439	0.01092	0.06572	0.02007	0.02978	0.02834	0.04030	0.05948	0.07785	0.03458	0.41273	0.00968	0.01094	0.00638	0.00779
35	0.08896	0.18281	0.19058	0.02409	0.03427	0.02987	0.02522	0.03957	0.06177	0.12918	0.02462	0.02602	0.01825	0.01219	0.01209	0.00339	0.06550	0.00858	0.00721	0.01584
36	0.04058	0.09695	0.03049	0.06949	0.03239	0.02202	0.01805	0.09000	0.03109	0.32767	0.03859	0.09268	0.02900	0.01534	0.01109	0.00347	0.01034	0.01257	0.01131	0.01689
37	0.03199	0.23098	0.04531	0.02564	0.03501	0.10194	0.09372	0.11498	0.02995	0.03784	0.01982	0.02288	0.01612	0.01029	0.00948	0.00272	0.01356	0.00817	0.00656	0.14305
38	0.14725	0.02525	0.08058	0.02440	0.07660	0.02093	0.01945	0.03392	0.02351	0.10443	0.02212	0.02496	0.01702	0.01078	0.01131	0.00286	0.05662	0.00792	0.00723	0.28287

[dist]
# distance from previous block
# <min> <max>
5	20

[block]
# block no. 2 follows, 11 sequences, length 19
# corresponding to MSA columns:
# 96-114
name=unknown_C
#
# <colnr> <probs for GDERKNQSTAVLIFYWHMCP>
#	G	D	E	R	K	N	Q	S	T	A	V	L	I	F	Y	W	H	M	C	P
0	0.11932	0.02395	0.03553	0.09296	0.30892	0.02375	0.02634	0.03245	0.02393	0.03801	0.02003	0.02567	0.01653	0.00981	0.00993	0.00302	0.01172	0.00872	0.00597	0.16343
1	0.04069	0.01793	0.02252	0.01830	0.02531	0.01681	0.01478	0.04914	0.09859	0.35980	0.04288	0.03965	0.02900	0.01394	0.01056	0.00334	0.00851	0.01133	0.15989	0.01702
2	0.01577	0.01066	0.01245	0.01304	0.01318	0.01052	0.00763	0.01621	0.01753	0.02337	0.04142	0.19094	0.04843	0.47691	0.04767	0.00949	0.00993	0.01987	0.00763	0.00734
3	0.02098	0.01049	0.01049	0.01049	0.01311	0.01049	0.00787	0.02623	0.02360	0.04196	0.03672	0.04196	0.02885	0.01311	0.00787	0.00262	0.00525	0.01049	0.66693	0.01049
4	0.05050	0.01915	0.02612	0.02003	0.02873	0.01654	0.01654	0.05485	0.03221	0.54203	0.04440	0.03831	0.02786	0.01393	0.01132	0.00348	0.00958	0.01132	0.01393	0.01915
5	0.68395	0.02177	0.01654	0.01480	0.02177	0.02525	0.01219	0.03309	0.01915	0.05050	0.01567	0.01828	0.01219	0.01045	0.00697	0.00348	0.00871	0.00609	0.00697	0.01219
6	0.68395	0.02177	0.01654	0.01480	0.02177	0.02525	0.01219	0.03309	0.01915	0.05050	0.01567	0.01828	0.01219	0.01045	0.00697	0.00348	0.00871	0.00609	0.00697	0.01219
7	0.03009	0.61122	0.05898	0.01926	0.02889	0.04454	0.01926	0.03370	0.02287	0.02648	0.01565	0.01805	0.01444	0.00963	0.00722	0.00241	0.01204	0.00602	0.00481	0.01444
8	0.01563	0.01149	0.01463	0.01385	0.01663	0.01049	0.01038	0.02066	0.03115	0.04345	0.48104	0.08684	0.15450	0.02364	0.01328	0.00357	0.00535	0.02074	0.01217	0.01049
9	0.02692	0.02579	0.04399	0.14117	0.46947	0.02650	0.03408	0.03372	0.02519	0.03563	0.02101	0.02816	0.01743	0.01020	0.01116	0.00340	0.01360	0.01002	0.00549	0.01707
10	0.08485	0.02862	0.10122	0.08329	0.03606	0.06790	0.02173	0.07691	0.09351	0.16885	0.03451	0.09553	0.02761	0.01527	0.01114	0.00363	0.01182	0.01243	0.00945	0.01567
11	0.01721	0.01460	0.01549	0.01543	0.01828	0.05264	0.01159	0.02129	0.02851	0.03720	0.29166	0.16247	0.18575	0.02578	0.01338	0.00383	0.00713	0.05645	0.01101	0.01032
12	0.02066	0.01371	0.01964	0.09558	0.02752	0.01411	0.01499	0.02588	0.02749	0.09523	0.28940	0.06226	0.06684	0.03407	0.13523	0.00682	0.01274	0.01600	0.01009	0.01173
13	0.02233	0.09816	0.17027	0.03081	0.04028	0.02412	0.18233	0.03008	0.02477	0.03398	0.06993	0.15463	0.03559	0.01648	0.01217	0.00373	0.01380	0.01583	0.00692	0.01379
14	0.02536	0.01715	0.02794	0.10437	0.03611	0.01722	0.08216	0.03093	0.02572	0.12944	0.04391	0.11656	0.04205	0.02662	0.05677	0.00543	0.01327	0.17681	0.00931	0.01287
15	0.12317	0.01877	0.02300	0.14238	0.03498	0.02018	0.01743	0.09666	0.02950	0.12205	0.10560	0.04442	0.07241	0.01512	0.01071	0.00346	0.00965	0.01227	0.08454	0.01369
16	0.09377	0.01578	0.02252	0.09910	0.03103	0.01585	0.05568	0.02329	0.02237	0.03312	0.04238	0.30086	0.04659	0.02340	0.01238	0.00397	0.00954	0.05302	0.00843	0.08691
17	0.03780	0.02619	0.06951	0.02965	0.10293	0.02399	0.02239	0.12894	0.03196	0.22849	0.02995	0.03038	0.02105	0.01304	0.01369	0.00340	0.07369	0.00999	0.00974	0.09322
18	0.39437	0.03140	0.08284	0.06464	0.03257	0.10211	0.01944	0.08531	0.02544	0.04604	0.01802	0.02108	0.01374	0.01104	0.00865	0.00342	0.01216	0.00726	0.00686	0.01361

[dist]
# distance from previous block
# <min> <max>
0	11

[block]
# block no. 3 follows, 11 sequences, length 81
# corresponding to MSA columns:
# 126-206
name=unknown_D
#
# <colnr> <probs for GDERKNQSTAVLIFYWHMCP>
#	G	D	E	R	K	N	Q	S	T	A	V	L	I	F	Y	W	H	M	C	P
0	0.02821	0.18619	0.11160	0.11812	0.04390	0.02954	0.09368	0.03759	0.07295	0.08117	0.02412	0.02738	0.01834	0.01087	0.01016	0.00317	0.01331	0.00929	0.00665	0.07377
1	0.02671	0.01998	0.02494	0.09439	0.03249	0.02109	0.01761	0.08009	0.11725	0.08364	0.07173	0.04123	0.06547	0.01728	0.01602	0.06533	0.05239	0.01179	0.00884	0.13175
2	0.03001	0.19367	0.12199	0.02836	0.08125	0.02764	0.06656	0.03625	0.02486	0.12333	0.02456	0.02774	0.01895	0.01787	0.06417	0.00448	0.01453	0.00904	0.00689	0.07785
3	0.02743	0.08663	0.15301	0.02545	0.06817	0.02249	0.02266	0.07426	0.02621	0.10332	0.02981	0.08604	0.02626	0.07223	0.06104	0.00520	0.01350	0.01190	0.00765	0.07674
4	0.21970	0.01985	0.02356	0.01863	0.02687	0.01887	0.01538	0.04904	0.02873	0.41074	0.03673	0.03296	0.02368	0.01300	0.01016	0.00348	0.00934	0.00992	0.01207	0.01729
5	0.01744	0.01486	0.01579	0.01661	0.01878	0.06176	0.01214	0.02088	0.02640	0.03424	0.20462	0.30540	0.11153	0.02838	0.01366	0.00410	0.00774	0.06497	0.01060	0.01010
6	0.12042	0.07940	0.12726	0.10567	0.03986	0.02797	0.02460	0.11669	0.02886	0.13298	0.02424	0.02675	0.01747	0.01258	0.01267	0.00356	0.06632	0.00908	0.00790	0.01573
7	0.01637	0.01091	0.01228	0.01228	0.01228	0.01091	0.00682	0.01637	0.01637	0.02182	0.03546	0.07365	0.04092	0.60445	0.05729	0.01091	0.01091	0.01637	0.00682	0.00682
8	0.01637	0.01091	0.01228	0.01228	0.01228	0.01091	0.00682	0.01637	0.01637	0.02182	0.03546	0.07365	0.04092	0.60445	0.05729	0.01091	0.01091	0.01637	0.00682	0.00682
9	0.03174	0.02786	0.07845	0.21190	0.04791	0.07519	0.02540	0.09792	0.02874	0.13367	0.02579	0.03036	0.01887	0.01806	0.05339	0.00469	0.05745	0.01000	0.00769	0.01492
10	0.02739	0.02815	0.11580	0.15180	0.04473	0.02468	0.05909	0.07469	0.15702	0.08932	0.03887	0.04016	0.07019	0.01415	0.01156	0.00369	0.01234	0.01212	0.00858	0.01566
11	0.02257	0.05822	0.54613	0.03208	0.04871	0.02614	0.04158	0.03564	0.02376	0.03564	0.02020	0.02376	0.01426	0.01069	0.01069	0.00356	0.01663	0.00832	0.00475	0.01663
12	0.01612	0.01191	0.01731	0.01731	0.01905	0.01365	0.01310	0.01960	0.01786	0.02555	0.03086	0.04816	0.02985	0.15412	0.49248	0.01713	0.02757	0.01264	0.00614	0.00962
13	0.03226	0.07653	0.03537	0.15051	0.08810	0.02358	0.06632	0.04054	0.07179	0.19084	0.08005	0.03770	0.03013	0.01317	0.01129	0.00349	0.01177	0.01161	0.00916	0.01577
14	0.02008	0.01844	0.01795	0.01927	0.02155	0.10552	0.01460	0.02343	0.02555	0.03148	0.09751	0.31539	0.06431	0.02883	0.01387	0.00436	0.00989	0.14785	0.00980	0.01030
15	0.04204	0.05364	0.03190	0.02900	0.03480	0.55926	0.02175	0.04494	0.03190	0.02755	0.01740	0.02030	0.01450	0.01160	0.01015	0.00290	0.02030	0.00725	0.00580	0.01305
16	0.03545	0.02128	0.02866	0.02371	0.02836	0.02437	0.01953	0.08353	0.02685	0.23618	0.03004	0.03320	0.02239	0.02634	0.10138	0.00614	0.21712	0.01079	0.00930	0.01538
17	0.03121	0.01891	0.03007	0.14201	0.08587	0.01874	0.06450	0.03614	0.02590	0.21248	0.03680	0.12081	0.03138	0.07411	0.01647	0.00445	0.01164	0.01466	0.00929	0.01457
18	0.01351	0.01061	0.01222	0.01351	0.01576	0.00932	0.00949	0.01592	0.02362	0.02958	0.08832	0.34998	0.30460	0.03185	0.01383	0.00418	0.00611	0.02783	0.01045	0.00932
19	0.15191	0.02490	0.02782	0.02168	0.03023	0.02586	0.01791	0.24095	0.03894	0.25852	0.03219	0.03015	0.02153	0.01317	0.01057	0.00344	0.01064	0.00995	0.01163	0.01800
20	0.02641	0.03168	0.11640	0.13373	0.04624	0.07614	0.11073	0.04187	0.17235	0.03756	0.02929	0.03265	0.02206	0.01222	0.01124	0.00359	0.01393	0.01093	0.05583	0.01515
21	0.01719	0.01068	0.01429	0.01608	0.01750	0.00984	0.01102	0.01937	0.02256	0.07724	0.06037	0.54429	0.07004	0.03325	0.01408	0.00447	0.00682	0.03004	0.01078	0.01009
22	0.02864	0.02305	0.03105	0.12819	0.04041	0.02413	0.05529	0.08416	0.12875	0.08592	0.02811	0.03082	0.02119	0.01227	0.01257	0.00324	0.05338	0.01005	0.00826	0.19053
23	0.02299	0.01990	0.02661	0.03176	0.16619	0.02013	0.01898	0.03503	0.15640	0.03899	0.12545	0.05277	0.08775	0.07030	0.01582	0.00410	0.00937	0.01411	0.00900	0.07435
24	0.02334	0.02001	0.02334	0.01667	0.02667	0.01500	0.01334	0.02834	0.02334	0.03668	0.02001	0.02334	0.01667	0.00834	0.00834	0.00167	0.00834	0.00667	0.00667	0.67325
25	0.02478	0.02219	0.03000	0.02600	0.02774	0.02908	0.02137	0.08816	0.02225	0.03271	0.02052	0.03018	0.01893	0.03616	0.17317	0.00823	0.35936	0.01048	0.00607	0.01262
26	0.02015	0.01251	0.01595	0.01451	0.01816	0.01124	0.01109	0.02494	0.03092	0.10940	0.39771	0.08179	0.16289	0.02266	0.01302	0.00357	0.00594	0.01968	0.01229	0.01159
27	0.04654	0.01799	0.02403	0.01875	0.02664	0.01573	0.01538	0.05101	0.03106	0.47501	0.04337	0.03880	0.02799	0.01382	0.01086	0.00337	0.00900	0.01121	0.10145	0.01799
28	0.01445	0.01070	0.01356	0.01492	0.01674	0.00981	0.01070	0.01754	0.02489	0.03299	0.17335	0.35890	0.16583	0.03102	0.01402	0.00425	0.00639	0.05946	0.01087	0.00962
29	0.01515	0.01120	0.01343	0.01440	0.01690	0.01014	0.01090	0.01725	0.02350	0.02929	0.08164	0.18842	0.29091	0.03162	0.01804	0.09384	0.00730	0.10740	0.00969	0.00899
30	0.03169	0.53648	0.05535	0.02056	0.02968	0.11353	0.01959	0.03521	0.02408	0.02662	0.01588	0.01836	0.01445	0.00989	0.00761	0.00247	0.01314	0.00618	0.00495	0.01426
31	0.68395	0.02177	0.01654	0.01480	0.02177	0.02525	0.01219	0.03309	0.01915	0.05050	0.01567	0.01828	0.01219	0.01045	0.00697	0.00348	0.00871	0.00609	0.00697	0.01219
32	0.01750	0.01411	0.01475	0.01361	0.01800	0.01301	0.01047	0.08104	0.02990	0.03723	0.14151	0.09513	0.42122	0.02598	0.01303	0.00372	0.00656	0.02161	0.01074	0.01090
33	0.01928	0.01446	0.01714	0.01593	0.01948	0.01478	0.01210	0.03095	0.14690	0.04532	0.36879	0.07023	0.08208	0.02027	0.01236	0.00353	0.00617	0.01765	0.07025	0.01234
34	0.01814	0.01296	0.01814	0.02073	0.02332	0.01296	0.01814	0.02332	0.02591	0.03368	0.05959	0.12696	0.06478	0.03109	0.01555	0.00518	0.01036	0.45848	0.01036	0.01036
35	0.68395	0.02177	0.01654	0.01480	0.02177	0.02525	0.01219	0.03309	0.01915	0.05050	0.01567	0.01828	0.01219	0.01045	0.00697	0.00348	0.00871	0.00609	0.00697	0.01219
36	0.68395	0.02177	0.01654	0.01480	0.02177	0.02525	0.01219	0.03309	0.01915	0.05050	0.01567	0.01828	0.01219	0.01045	0.00697	0.00348	0.00871	0.00609	0.00697	0.01219
37	0.68395	0.02177	0.01654	0.01480	0.02177	0.02525	0.01219	0.03309	0.01915	0.05050	0.01567	0.01828	0.01219	0.01045	0.00697	0.00348	0.00871	0.00609	0.00697	0.01219
38	0.02783	0.01353	0.01710	0.01489	0.01937	0.01238	0.01163	0.03283	0.02962	0.19459	0.24214	0.05826	0.06051	0.01745	0.01115	0.00326	0.00658	0.01482	0.19892	0.01317
39	0.68395	0.02177	0.01654	0.01480	0.02177	0.02525	0.01219	0.03309	0.01915	0.05050	0.01567	0.01828	0.01219	0.01045	0.00697	0.00348	0.00871	0.00609	0.00697	0.01219
40	0.02139	0.01263	0.01614	0.01494	0.01861	0.01129	0.01130	0.02565	0.02947	0.12965	0.30708	0.14882	0.16125	0.02397	0.01307	0.00371	0.00631	0.02088	0.01207	0.01176
41	0.04279	0.03153	0.03378	0.02590	0.03490	0.03490	0.02139	0.49671	0.05292	0.07093	0.02702	0.02702	0.01914	0.01351	0.01126	0.00338	0.01239	0.01013	0.01126	0.01914
42	0.01682	0.01162	0.01467	0.01479	0.01724	0.01125	0.01140	0.02128	0.02653	0.03753	0.25084	0.08437	0.11582	0.08047	0.06292	0.00563	0.00886	0.09937	0.09853	0.01006
43	0.02520	0.02581	0.03202	0.02796	0.02880	0.08362	0.02293	0.02792	0.01880	0.02700	0.01709	0.02682	0.01654	0.02757	0.10437	0.00649	0.45392	0.00989	0.00516	0.01208
44	0.59905	0.02142	0.01783	0.01550	0.02270	0.02408	0.01277	0.03600	0.02091	0.11638	0.01952	0.02097	0.01429	0.01091	0.00755	0.00348	0.00882	0.00679	0.00790	0.01312
45	0.03560	0.02080	0.02804	0.02570	0.07762	0.02087	0.01884	0.04186	0.06285	0.25823	0.03878	0.03825	0.06045	0.01500	0.01563	0.00353	0.11188	0.01133	0.01009	0.10466
46	0.01623	0.01130	0.01419	0.01407	0.01496	0.01171	0.00926	0.01801	0.01890	0.02609	0.10011	0.06722	0.04627	0.38825	0.18501	0.01183	0.01528	0.01576	0.00736	0.00819
47	0.02126	0.02001	0.03376	0.57739	0.07752	0.02501	0.03126	0.02876	0.02251	0.02876	0.02001	0.03001	0.01500	0.01125	0.01125	0.00375	0.01500	0.01000	0.00500	0.01250
48	0.01621	0.01140	0.01429	0.01356	0.01631	0.01051	0.01017	0.02130	0.03052	0.04358	0.44480	0.08195	0.13422	0.02249	0.01274	0.00347	0.00534	0.01967	0.07694	0.01051
49	0.04946	0.02081	0.02715	0.02081	0.02956	0.01900	0.01719	0.11407	0.03499	0.47889	0.04207	0.03680	0.02669	0.01387	0.01131	0.00347	0.00995	0.01116	0.01357	0.01915
50	0.02800	0.02418	0.02545	0.02291	0.02927	0.02800	0.01782	0.05981	0.51390	0.04708	0.04581	0.04199	0.03436	0.01527	0.01145	0.00382	0.00891	0.01273	0.01145	0.01782
51	0.02257	0.05822	0.54613	0.03208	0.04871	0.02614	0.04158	0.03564	0.02376	0.03564	0.02020	0.02376	0.01426	0.01069	0.01069	0.00356	0.01663	0.00832	0.00475	0.01663
52	0.02275	0.02153	0.03646	0.46220	0.18102	0.02540	0.03200	0.03007	0.02321	0.03057	0.02027	0.02952	0.01564	0.01098	0.01123	0.00366	0.01463	0.01001	0.00513	0.01371
53	0.02667	0.02285	0.02430	0.02224	0.02807	0.02625	0.01713	0.05572	0.46832	0.04538	0.04731	0.09339	0.03807	0.01712	0.01172	0.00389	0.00869	0.01451	0.01136	0.01701
54	0.01529	0.01118	0.01436	0.01419	0.01658	0.01025	0.01040	0.01977	0.02942	0.04082	0.40598	0.18036	0.13795	0.02575	0.01348	0.00375	0.00557	0.02279	0.01186	0.01025
55	0.01540	0.01050	0.01256	0.01352	0.01376	0.01026	0.00815	0.01611	0.01827	0.02435	0.04520	0.26542	0.05320	0.39593	0.04156	0.00859	0.00931	0.02209	0.00815	0.00767
56	0.04860	0.02220	0.02801	0.02147	0.03025	0.02107	0.01774	0.16375	0.03732	0.42593	0.04012	0.03553	0.02571	0.01383	0.01130	0.00346	0.01027	0.01103	0.01327	0.01915
57	0.01814	0.01296	0.01814	0.02073	0.02332	0.01296	0.01814	0.02332	0.02591	0.03368	0.05959	0.12696	0.06478	0.03109	0.01555	0.00518	0.01036	0.45848	0.01036	0.01036
58	0.02334	0.02001	0.02334	0.01667	0.02667	0.01500	0.01334	0.02834	0.02334	0.03668	0.02001	0.02334	0.01667	0.00834	0.00834	0.00167	0.00834	0.00667	0.00667	0.67325
59	0.02257	0.05822	0.54613	0.03208	0.04871	0.02614	0.04158	0.03564	0.02376	0.03564	0.02020	0.02376	0.01426	0.01069	0.01069	0.00356	0.01663	0.00832	0.00475	0.01663
60	0.02483	0.01366	0.01450	0.01351	0.01733	0.01409	0.01038	0.03465	0.11023	0.08724	0.03899	0.04164	0.02973	0.01356	0.00880	0.00291	0.00627	0.01096	0.49418	0.01254
61	0.20395	0.01908	0.02270	0.01818	0.02588	0.01814	0.01491	0.04629	0.02895	0.37347	0.08302	0.03768	0.03139	0.01393	0.01043	0.00349	0.00896	0.01088	0.01206	0.01662
62	0.01330	0.01140	0.01140	0.01140	0.01520	0.00950	0.00855	0.01615	0.02565	0.03041	0.11402	0.10832	0.52967	0.02850	0.01330	0.00380	0.00570	0.02375	0.01045	0.00950
63	0.68395	0.02177	0.01654	0.01480	0.02177	0.02525	0.01219	0.03309	0.01915	0.05050	0.01567	0.01828	0.01219	0.01045	0.00697	0.00348	0.00871	0.00609	0.00697	0.01219
64	0.01367	0.00995	0.01290	0.01527	0.01622	0.00918	0.01027	0.01572	0.02194	0.02889	0.06693	0.55109	0.11729	0.03463	0.01427	0.00450	0.00645	0.03122	0.01045	0.00918
65	0.01664	0.01115	0.01453	0.01436	0.01535	0.01146	0.00969	0.01798	0.01955	0.02706	0.12735	0.06331	0.04761	0.29134	0.16769	0.09989	0.01430	0.01522	0.00745	0.00807
66	0.02334	0.02001	0.02334	0.01667	0.02667	0.01500	0.01334	0.02834	0.02334	0.03668	0.02001	0.02334	0.01667	0.00834	0.00834	0.00167	0.00834	0.00667	0.00667	0.67325
67	0.03009	0.61122	0.05898	0.01926	0.02889	0.04454	0.01926	0.03370	0.02287	0.02648	0.01565	0.01805	0.01444	0.00963	0.00722	0.00241	0.01204	0.00602	0.00481	0.01444
68	0.01545	0.01149	0.01438	0.01366	0.01652	0.01042	0.01024	0.02031	0.03073	0.04244	0.45254	0.08851	0.18364	0.02401	0.01328	0.00359	0.00538	0.02098	0.01204	0.01042
69	0.68395	0.02177	0.01654	0.01480	0.02177	0.02525	0.01219	0.03309	0.01915	0.05050	0.01567	0.01828	0.01219	0.01045	0.00697	0.00348	0.00871	0.00609	0.00697	0.01219
70	0.26159	0.02064	0.02287	0.01887	0.02646	0.02090	0.01567	0.08620	0.02916	0.28483	0.03441	0.03852	0.02508	0.01427	0.01022	0.00363	0.00962	0.05008	0.01099	0.01599
71	0.03833	0.02738	0.03010	0.02435	0.03224	0.03003	0.02000	0.33198	0.13786	0.10262	0.03508	0.03995	0.02697	0.01548	0.01169	0.00364	0.01129	0.05149	0.01144	0.01809
72	0.01837	0.01427	0.02199	0.01981	0.02168	0.01585	0.05610	0.02047	0.01786	0.02509	0.02805	0.04767	0.02816	0.20444	0.25837	0.10137	0.07253	0.01281	0.00595	0.00917
73	0.01613	0.01081	0.01235	0.01258	0.01264	0.01075	0.00715	0.01630	0.01684	0.02245	0.03788	0.12124	0.04397	0.55271	0.05339	0.01034	0.01051	0.01779	0.00715	0.00703
74	0.01371	0.00979	0.01306	0.01567	0.01632	0.00914	0.01045	0.01567	0.02155	0.02873	0.06203	0.59710	0.07444	0.03526	0.01437	0.00457	0.00653	0.03200	0.01045	0.00914
75	0.02971	0.02354	0.03205	0.09795	0.03855	0.02333	0.06377	0.12199	0.02952	0.08727	0.02338	0.02708	0.01781	0.01135	0.01257	0.00293	0.06220	0.00911	0.00775	0.27815
76	0.02638	0.02408	0.03596	0.42502	0.06729	0.07505	0.07252	0.03335	0.02466	0.07599	0.02224	0.02988	0.01632	0.01136	0.01135	0.00365	0.01538	0.01017	0.00595	0.01341
77	0.01393	0.00996	0.01326	0.01552	0.01637	0.00929	0.01046	0.01622	0.02257	0.03035	0.10813	0.54638	0.07758	0.03405	0.01426	0.00447	0.00641	0.03085	0.01064	0.00929
78	0.02555	0.01967	0.02767	0.10195	0.03573	0.01735	0.06300	0.03134	0.02439	0.08294	0.02478	0.02890	0.01913	0.01004	0.00947	0.00248	0.01007	0.00876	0.09549	0.36128
79	0.62278	0.02160	0.01717	0.01497	0.02222	0.02430	0.01230	0.03265	0.01954	0.04922	0.01607	0.01875	0.01260	0.01025	0.00709	0.00331	0.00867	0.00615	0.00694	0.07340
80	0.27014	0.02823	0.12497	0.12749	0.04004	0.02508	0.05784	0.03186	0.02145	0.03977	0.01967	0.02507	0.01517	0.01159	0.01156	0.00362	0.06030	0.00849	0.06448	0.01317

[dist]
# distance from previous block
# <min> <max>
0	1

[block]
# block no. 4 follows, 11 sequences, length 14
# corresponding to MSA columns:
# 208-221
name=unknown_E
#
# <colnr> <probs for GDERKNQSTAVLIFYWHMCP>
#	G	D	E	R	K	N	Q	S	T	A	V	L	I	F	Y	W	H	M	C	P
0	0.01889	0.01226	0.01573	0.01659	0.01880	0.01181	0.01175	0.02429	0.06996	0.08229	0.11596	0.42798	0.07006	0.02982	0.01366	0.00427	0.00690	0.02676	0.01112	0.01111
1	0.68395	0.02177	0.01654	0.01480	0.02177	0.02525	0.01219	0.03309	0.01915	0.05050	0.01567	0.01828	0.01219	0.01045	0.00697	0.00348	0.00871	0.00609	0.00697	0.01219
2	0.02206	0.01910	0.02527	0.14464	0.03695	0.02184	0.02016	0.03389	0.15085	0.03485	0.03823	0.12974	0.03641	0.01956	0.01527	0.00405	0.08055	0.08093	0.00845	0.07719
3	0.02141	0.01241	0.01817	0.01766	0.02001	0.01313	0.01361	0.02322	0.01964	0.08833	0.03184	0.04861	0.02926	0.05873	0.30442	0.18898	0.02036	0.05329	0.00710	0.00982
4	0.01469	0.01050	0.01419	0.01679	0.01788	0.00999	0.01215	0.01737	0.02252	0.02983	0.06149	0.49288	0.07230	0.03434	0.01463	0.00471	0.00738	0.12654	0.01043	0.00941
5	0.33089	0.02031	0.02188	0.01771	0.02565	0.02040	0.01462	0.04522	0.02643	0.32446	0.03169	0.02945	0.02092	0.01239	0.00939	0.00348	0.00919	0.00901	0.01085	0.01607
6	0.01371	0.00979	0.01306	0.01567	0.01632	0.00914	0.01045	0.01567	0.02155	0.02873	0.06203	0.59710	0.07444	0.03526	0.01437	0.00457	0.00653	0.03200	0.01045	0.00914
7	0.02800	0.02418	0.02545	0.02291	0.02927	0.02800	0.01782	0.05981	0.51390	0.04708	0.04581	0.04199	0.03436	0.01527	0.01145	0.00382	0.00891	0.01273	0.01145	0.01782
8	0.68395	0.02177	0.01654	0.01480	0.02177	0.02525	0.01219	0.03309	0.01915	0.05050	0.01567	0.01828	0.01219	0.01045	0.00697	0.00348	0.00871	0.00609	0.00697	0.01219
9	0.03581	0.02806	0.14361	0.18460	0.04733	0.02113	0.02637	0.04301	0.02752	0.28068	0.03195	0.03267	0.02111	0.01244	0.01116	0.00358	0.01272	0.01027	0.00930	0.01666
10	0.02126	0.02001	0.03376	0.57739	0.07752	0.02501	0.03126	0.02876	0.02251	0.02876	0.02001	0.03001	0.01500	0.01125	0.01125	0.00375	0.01500	0.01000	0.00500	0.01250
11	0.01435	0.01052	0.01347	0.01469	0.01634	0.00964	0.01027	0.01746	0.02524	0.03402	0.21294	0.37882	0.13939	0.03064	0.01390	0.00416	0.00605	0.02739	0.01105	0.00964
12	0.11204	0.02843	0.03475	0.14045	0.15228	0.11388	0.06080	0.04011	0.07529	0.09753	0.02506	0.02872	0.01886	0.01153	0.01070	0.00346	0.01379	0.00976	0.00728	0.01528
13	0.68395	0.02177	0.01654	0.01480	0.02177	0.02525	0.01219	0.03309	0.01915	0.05050	0.01567	0.01828	0.01219	0.01045	0.00697	0.00348	0.00871	0.00609	0.00697	0.01219

[dist]
# distance from previous block
# <min> <max>
0	17

[block]
# block no. 5 follows, 11 sequences, length 31
# corresponding to MSA columns:
# 239-269
name=unknown_F
#
# <colnr> <probs for GDERKNQSTAVLIFYWHMCP>
#	G	D	E	R	K	N	Q	S	T	A	V	L	I	F	Y	W	H	M	C	P
0	0.02639	0.01761	0.02583	0.07996	0.10946	0.01822	0.01912	0.03129	0.02663	0.14527	0.15224	0.05265	0.09076	0.02496	0.07566	0.00529	0.06126	0.01423	0.00937	0.01379
1	0.03034	0.29440	0.24925	0.02453	0.03682	0.03267	0.02778	0.03787	0.02473	0.11275	0.02208	0.02359	0.01652	0.01075	0.00927	0.00304	0.01349	0.00779	0.00625	0.01608
2	0.02418	0.01270	0.01607	0.01461	0.01835	0.01169	0.01117	0.02899	0.02902	0.14651	0.26678	0.10854	0.06819	0.01975	0.01164	0.00339	0.00629	0.01706	0.17284	0.01224
3	0.02460	0.02302	0.03869	0.14096	0.38092	0.02371	0.03025	0.03067	0.02450	0.03425	0.02739	0.11745	0.02626	0.01418	0.01167	0.00360	0.01256	0.01347	0.00625	0.01563
4	0.03024	0.21938	0.13624	0.07599	0.09339	0.03165	0.02638	0.03622	0.02404	0.11219	0.02196	0.02535	0.01703	0.01207	0.01334	0.00335	0.09066	0.00860	0.00638	0.01553
5	0.03327	0.01616	0.02083	0.01830	0.02332	0.01505	0.01391	0.07861	0.02886	0.26360	0.04850	0.24629	0.04534	0.07276	0.01641	0.00452	0.00883	0.01927	0.01178	0.01440
6	0.61998	0.02260	0.02140	0.01798	0.02537	0.02556	0.05901	0.03337	0.01988	0.04909	0.01636	0.01946	0.01266	0.01035	0.00758	0.00351	0.00971	0.00679	0.00684	0.01248
7	0.01398	0.01030	0.01259	0.01428	0.01554	0.00946	0.00955	0.01587	0.02177	0.02818	0.06997	0.41961	0.17045	0.10948	0.01984	0.00524	0.00693	0.02810	0.00997	0.00891
8	0.04926	0.02114	0.02735	0.02097	0.02972	0.01948	0.01732	0.12564	0.03553	0.46656	0.04162	0.03650	0.02646	0.01386	0.01131	0.00347	0.01003	0.01113	0.01350	0.01915
9	0.02800	0.02418	0.02545	0.02291	0.02927	0.02800	0.01782	0.05981	0.51390	0.04708	0.04581	0.04199	0.03436	0.01527	0.01145	0.00382	0.00891	0.01273	0.01145	0.01782
10	0.02462	0.02462	0.03447	0.02955	0.02955	0.03447	0.02462	0.02709	0.01724	0.02709	0.01477	0.02462	0.01477	0.01970	0.03694	0.00492	0.58385	0.00985	0.00492	0.01231
11	0.02233	0.01569	0.02106	0.01953	0.02198	0.01811	0.01502	0.02804	0.06725	0.08569	0.03393	0.08493	0.03190	0.13615	0.24456	0.01088	0.10982	0.01380	0.00770	0.01162
12	0.01447	0.01115	0.01322	0.01333	0.01608	0.00990	0.00976	0.01818	0.02748	0.03621	0.27641	0.18753	0.27083	0.02746	0.01349	0.00383	0.00569	0.02385	0.01126	0.00990
13	0.10329	0.02071	0.02421	0.05887	0.03063	0.01926	0.01585	0.03908	0.10312	0.13714	0.02838	0.02914	0.02105	0.01098	0.00947	0.00272	0.00919	0.00872	0.00875	0.31946
14	0.03929	0.02816	0.03005	0.02343	0.03141	0.03099	0.01923	0.42133	0.04822	0.06629	0.02858	0.02942	0.02070	0.01345	0.01072	0.00326	0.01124	0.01019	0.11630	0.01776
15	0.03407	0.03640	0.21721	0.02957	0.04066	0.02530	0.09155	0.09245	0.02937	0.19283	0.02816	0.02953	0.01937	0.01268	0.01377	0.00368	0.06764	0.01025	0.00842	0.01708
16	0.03180	0.07709	0.03229	0.11701	0.03778	0.02295	0.05987	0.10853	0.03004	0.16792	0.03689	0.16097	0.03277	0.01752	0.01177	0.00369	0.01130	0.01532	0.00959	0.01492
17	0.01483	0.01026	0.01326	0.01462	0.01592	0.00947	0.01004	0.01622	0.02230	0.02938	0.11631	0.36680	0.14612	0.03336	0.01881	0.11134	0.00677	0.02574	0.00978	0.00869
18	0.09845	0.11851	0.07742	0.01832	0.02855	0.02193	0.01681	0.03042	0.02283	0.03650	0.01884	0.02197	0.01558	0.00900	0.00822	0.00217	0.00975	0.00665	0.00622	0.43185
19	0.03213	0.16330	0.11130	0.13501	0.09965	0.02794	0.05979	0.03874	0.02590	0.16277	0.02564	0.02831	0.01855	0.01123	0.01039	0.00330	0.01325	0.00943	0.00734	0.01602
20	0.01460	0.01070	0.01371	0.01455	0.01641	0.00981	0.01031	0.01808	0.02637	0.03585	0.26489	0.32549	0.13892	0.02933	0.01379	0.00405	0.00592	0.02615	0.01127	0.00981
21	0.02299	0.02886	0.18977	0.02193	0.02927	0.01922	0.02250	0.02983	0.02455	0.08426	0.09307	0.09082	0.07790	0.01762	0.01470	0.00369	0.08820	0.01385	0.11357	0.01338
22	0.02890	0.04393	0.27700	0.07957	0.04915	0.07788	0.12393	0.07726	0.02812	0.07422	0.02277	0.02659	0.01631	0.01107	0.01129	0.00354	0.01643	0.00971	0.00629	0.01605
23	0.09364	0.02589	0.07708	0.10344	0.03783	0.02349	0.02155	0.14947	0.03185	0.12446	0.02905	0.03724	0.02283	0.01357	0.01076	0.00338	0.01155	0.05282	0.00891	0.12121
24	0.01433	0.01067	0.01349	0.01550	0.01719	0.00984	0.01124	0.01701	0.02319	0.02991	0.07360	0.40937	0.17759	0.03304	0.01431	0.00449	0.00695	0.09843	0.01044	0.00942
25	0.02730	0.01966	0.06680	0.06802	0.02981	0.01731	0.01869	0.03291	0.02848	0.17362	0.21730	0.06024	0.05669	0.01895	0.01487	0.00383	0.06502	0.05617	0.01060	0.01373
26	0.13301	0.02397	0.05770	0.11029	0.03727	0.02348	0.02038	0.07917	0.13010	0.21910	0.03381	0.03308	0.02338	0.01304	0.01065	0.00359	0.01081	0.01036	0.01020	0.01662
27	0.02770	0.01355	0.01837	0.01777	0.02158	0.01224	0.01344	0.03086	0.02590	0.21843	0.05530	0.34537	0.05633	0.02699	0.01336	0.00423	0.00803	0.06587	0.01172	0.01295
28	0.31299	0.07563	0.02101	0.01660	0.02169	0.02210	0.01310	0.07030	0.02357	0.04206	0.03383	0.23245	0.03601	0.01980	0.01012	0.00377	0.00857	0.01602	0.00844	0.01194
29	0.02832	0.02841	0.13280	0.06890	0.03629	0.02049	0.02194	0.03939	0.10344	0.12255	0.02829	0.02950	0.02075	0.01112	0.01007	0.00288	0.01091	0.00904	0.00812	0.26680
30	0.08413	0.07752	0.03648	0.17499	0.04524	0.02360	0.11069	0.03491	0.02644	0.13516	0.10597	0.03822	0.03224	0.01310	0.01123	0.00352	0.01233	0.01183	0.00822	0.01418

[dist]
# distance from previous block
# <min> <max>
3	19

[block]
# block no. 6 follows, 11 sequences, length 14
# corresponding to MSA columns:
# 289-302
name=unknown_G
#
# <colnr> <probs for GDERKNQSTAVLIFYWHMCP>
#	G	D	E	R	K	N	Q	S	T	A	V	L	I	F	Y	W	H	M	C	P
0	0.10427	0.03873	0.19440	0.02582	0.03668	0.08020	0.02594	0.16360	0.03366	0.15094	0.02630	0.02674	0.01820	0.01218	0.01053	0.00342	0.01358	0.00909	0.00873	0.01701
1	0.02714	0.09761	0.07677	0.02759	0.08128	0.02264	0.07586	0.03612	0.07878	0.11421	0.18762	0.04744	0.04828	0.01521	0.01160	0.00343	0.01055	0.01352	0.00944	0.01489
2	0.01503	0.01104	0.01409	0.01423	0.01649	0.01010	0.01033	0.01916	0.02839	0.03904	0.35556	0.22270	0.14826	0.02691	0.01357	0.00384	0.00568	0.02384	0.01165	0.01010
3	0.12006	0.23054	0.07882	0.08836	0.03688	0.02999	0.06916	0.03544	0.02401	0.09841	0.02273	0.02587	0.01742	0.01085	0.00913	0.00310	0.01209	0.00849	0.06424	0.01439
4	0.03322	0.03398	0.15948	0.13394	0.04867	0.07507	0.11077	0.04103	0.02732	0.18421	0.02755	0.03011	0.01897	0.01163	0.01139	0.00355	0.01500	0.01031	0.00780	0.01600
5	0.02292	0.01873	0.07078	0.01778	0.02264	0.01522	0.01516	0.08157	0.03003	0.08629	0.19944	0.18649	0.06218	0.02156	0.01218	0.00365	0.00796	0.01871	0.09408	0.01261
6	0.01833	0.01114	0.01455	0.01581	0.01779	0.01011	0.01104	0.02068	0.02330	0.09393	0.06483	0.47901	0.11259	0.03191	0.01388	0.00436	0.00684	0.02858	0.01089	0.01045
7	0.03203	0.08390	0.03863	0.26104	0.05393	0.02699	0.08057	0.10025	0.02930	0.14510	0.02607	0.03018	0.01852	0.01176	0.01109	0.00351	0.01365	0.01028	0.00784	0.01536
8	0.03624	0.02494	0.03148	0.11537	0.08944	0.02705	0.02244	0.18428	0.14363	0.15638	0.03323	0.03333	0.02361	0.01328	0.01130	0.00355	0.01152	0.01093	0.01031	0.01767
9	0.10335	0.01295	0.01508	0.01519	0.01733	0.01315	0.01063	0.02244	0.02024	0.07386	0.04189	0.20045	0.04550	0.25057	0.07130	0.00783	0.01081	0.04917	0.00859	0.00967
10	0.02332	0.05301	0.45649	0.03495	0.05060	0.02657	0.12600	0.03572	0.02429	0.03572	0.02068	0.02500	0.01478	0.01047	0.01118	0.00361	0.01707	0.00924	0.00493	0.01636
11	0.03608	0.09715	0.08591	0.02922	0.08462	0.02658	0.05822	0.08477	0.12786	0.20308	0.03347	0.03263	0.02369	0.01261	0.01092	0.00343	0.01175	0.01060	0.00976	0.01764
12	0.02958	0.03369	0.18941	0.16075	0.04940	0.02456	0.06356	0.09474	0.02865	0.11815	0.02499	0.02842	0.01764	0.01138	0.01096	0.00341	0.01396	0.00964	0.00733	0.07978
13	0.16151	0.02808	0.14726	0.02119	0.02993	0.02040	0.02057	0.03775	0.07369	0.14711	0.03420	0.12581	0.02926	0.01584	0.01061	0.00360	0.01043	0.01290	0.00895	0.06090

[dist]
# distance from previous block
# <min> <max>
10	27

[block]
# block no. 7 follows, 11 sequences, length 9
# corresponding to MSA columns:
# 338-346
name=unknown_H
#
# <colnr> <probs for GDERKNQSTAVLIFYWHMCP>
#	G	D	E	R	K	N	Q	S	T	A	V	L	I	F	Y	W	H	M	C	P
0	0.01840	0.01547	0.02408	0.17993	0.10805	0.01652	0.02036	0.02313	0.02363	0.03168	0.08311	0.27494	0.05162	0.02360	0.01305	0.00413	0.01009	0.05826	0.00839	0.01155
1	0.03539	0.01962	0.02609	0.09837	0.03488	0.01713	0.01736	0.04045	0.02725	0.26529	0.03110	0.03110	0.02152	0.01130	0.01011	0.00279	0.00985	0.00926	0.00973	0.28141
2	0.02767	0.11083	0.07386	0.02255	0.02927	0.02037	0.07957	0.03213	0.02543	0.14801	0.08011	0.17269	0.04088	0.02026	0.01421	0.05276	0.01067	0.01624	0.00905	0.01347
3	0.01754	0.01408	0.01482	0.01367	0.01801	0.01300	0.01051	0.08036	0.03005	0.03764	0.15511	0.09449	0.40837	0.02582	0.01303	0.00371	0.00654	0.02152	0.01080	0.01092
4	0.03214	0.25395	0.11558	0.09841	0.04027	0.22395	0.02493	0.03736	0.02619	0.02847	0.01750	0.02126	0.01451	0.01070	0.00930	0.00293	0.01605	0.00732	0.00518	0.01400
5	0.03105	0.02829	0.14448	0.07188	0.03549	0.02175	0.02321	0.09417	0.02894	0.17332	0.06360	0.08369	0.03127	0.05691	0.01663	0.00423	0.05376	0.01290	0.00917	0.01526
6	0.01882	0.01302	0.01707	0.01668	0.01786	0.01459	0.01243	0.02098	0.02153	0.03237	0.10650	0.18729	0.04748	0.02592	0.02196	0.11708	0.11620	0.01723	0.16543	0.00956
7	0.01637	0.01091	0.01228	0.01228	0.01228	0.01091	0.00682	0.01637	0.01637	0.02182	0.03546	0.07365	0.04092	0.60445	0.05729	0.01091	0.01091	0.01637	0.00682	0.00682
8	0.34802	0.14811	0.02675	0.01633	0.02336	0.02587	0.01402	0.03398	0.02377	0.10677	0.10608	0.03191	0.03058	0.01284	0.00864	0.00326	0.00897	0.00915	0.00830	0.01330

[dist]
# distance from previous block
# <min> <max>
0	1

[block]
# block no. 8 follows, 11 sequences, length 6
# corresponding to MSA columns:
# 348-353
name=unknown_I
#
# <colnr> <probs for GDERKNQSTAVLIFYWHMCP>
#	G	D	E	R	K	N	Q	S	T	A	V	L	I	F	Y	W	H	M	C	P
0	0.09645	0.08488	0.02696	0.08622	0.08961	0.02187	0.01751	0.07036	0.02545	0.06504	0.03159	0.11850	0.02932	0.05424	0.01321	0.00386	0.00992	0.01307	0.12893	0.01303
1	0.26167	0.18267	0.09375	0.02191	0.03135	0.03155	0.04823	0.10544	0.02702	0.07456	0.02007	0.02212	0.01532	0.01088	0.00875	0.00321	0.01171	0.00769	0.00715	0.01494
2	0.14469	0.08230	0.03043	0.02223	0.02984	0.10121	0.01828	0.26839	0.03873	0.05472	0.02391	0.02550	0.01801	0.01236	0.00968	0.00316	0.01203	0.00876	0.07992	0.01584
3	0.10403	0.01262	0.01458	0.01492	0.01785	0.01232	0.01133	0.02098	0.02616	0.03850	0.23569	0.20311	0.14593	0.02594	0.01295	0.00400	0.00668	0.07143	0.01069	0.01029
4	0.03429	0.04221	0.20864	0.03110	0.04250	0.10852	0.10083	0.15265	0.03356	0.10066	0.02460	0.02671	0.01748	0.01170	0.01122	0.00344	0.01571	0.00971	0.00770	0.01677
5	0.02457	0.10209	0.28504	0.02552	0.03658	0.02547	0.02848	0.10128	0.02892	0.04050	0.09298	0.09642	0.03403	0.01542	0.01116	0.00352	0.01285	0.01262	0.00741	0.01513

[dist]
# distance from previous block
# <min> <max>
0	2

[block]
# block no. 9 follows, 11 sequences, length 7
# corresponding to MSA columns:
# 356-362
name=unknown_J
#
# <colnr> <probs for GDERKNQSTAVLIFYWHMCP>
#	G	D	E	R	K	N	Q	S	T	A	V	L	I	F	Y	W	H	M	C	P
0	0.12743	0.01318	0.01332	0.01277	0.01677	0.01248	0.00976	0.02047	0.02633	0.03803	0.21618	0.08615	0.32077	0.02388	0.01222	0.00367	0.00610	0.01979	0.01042	0.01028
1	0.01941	0.10138	0.02320	0.01675	0.02100	0.01885	0.01349	0.02769	0.09766	0.03555	0.18984	0.06206	0.13074	0.03619	0.14922	0.00711	0.01312	0.01559	0.00923	0.01193
2	0.03244	0.03262	0.19815	0.06769	0.03825	0.02202	0.02581	0.10632	0.03017	0.18918	0.03449	0.11305	0.02788	0.01571	0.01154	0.00367	0.01231	0.01308	0.00929	0.01633
3	0.03274	0.03058	0.13237	0.16180	0.04618	0.02630	0.02639	0.14382	0.10334	0.13767	0.02993	0.03141	0.02101	0.01273	0.01119	0.00359	0.01284	0.01034	0.00895	0.01681
4	0.01460	0.01038	0.01295	0.01437	0.01599	0.00955	0.00999	0.01752	0.02406	0.03280	0.14656	0.39372	0.14378	0.03043	0.01351	0.00413	0.00610	0.02710	0.06292	0.00955
5	0.03376	0.04267	0.23444	0.03416	0.11173	0.10440	0.03053	0.11764	0.03141	0.11577	0.02468	0.02656	0.01766	0.01169	0.01087	0.00339	0.01493	0.00916	0.00749	0.01708
6	0.08133	0.10984	0.12195	0.20473	0.08907	0.02633	0.02703	0.03687	0.02479	0.13888	0.02427	0.02791	0.01749	0.01132	0.01026	0.00342	0.01310	0.00913	0.00699	0.01527

[dist]
# distance from previous block
# <min> <max>
1	21

[block]
# block no. 10 follows, 11 sequences, length 10
# corresponding to MSA columns:
# 384-393
name=unknown_K
#
# <colnr> <probs for GDERKNQSTAVLIFYWHMCP>
#	G	D	E	R	K	N	Q	S	T	A	V	L	I	F	Y	W	H	M	C	P
