[name]
unknown

[dist]
# distance from previous block
# <min> <max>
2	1750

[block]
# block no. 0 follows, 13 sequences, length 22
# corresponding to MSA columns:
# 1752-1773
name=unknown_A
#
# <colnr> <probs for GDERKNQSTAVLIFYWHMCP>
#	G	D	E	R	K	N	Q	S	T	A	V	L	I	F	Y	W	H	M	C	P
0	0.14247	0.02254	0.02363	0.01988	0.02567	0.05801	0.01619	0.11090	0.06914	0.08670	0.02624	0.03328	0.02157	0.01364	0.01299	0.00325	0.09518	0.04738	0.05086	0.12046
1	0.01614	0.01053	0.01346	0.01411	0.01623	0.00953	0.01004	0.01901	0.02388	0.07541	0.17825	0.36815	0.14970	0.02786	0.01287	0.00388	0.00599	0.02475	0.01050	0.00973
2	0.01699	0.01058	0.01326	0.01357	0.01484	0.01003	0.00895	0.01878	0.02065	0.07068	0.12545	0.27033	0.05862	0.26531	0.02906	0.00642	0.00781	0.02096	0.00902	0.00870
3	0.04230	0.01669	0.02239	0.01758	0.02478	0.01458	0.01437	0.04654	0.02954	0.47951	0.08481	0.03993	0.03250	0.01374	0.01051	0.00321	0.00831	0.01129	0.07081	0.01661
4	0.08891	0.01859	0.02164	0.01801	0.02401	0.01895	0.01440	0.11671	0.11175	0.20230	0.19458	0.04638	0.04707	0.01555	0.01086	0.00332	0.00802	0.01284	0.01133	0.01479
5	0.53620	0.02082	0.01844	0.01562	0.02260	0.02313	0.01288	0.07709	0.02277	0.13672	0.02017	0.02104	0.01448	0.01061	0.00758	0.00326	0.00861	0.00687	0.00799	0.01311
6	0.01364	0.00939	0.01222	0.01419	0.01511	0.00881	0.00962	0.01601	0.02121	0.02934	0.09765	0.52649	0.06873	0.03038	0.01289	0.00406	0.00594	0.02742	0.06810	0.00881
7	0.01362	0.01075	0.01227	0.01189	0.01497	0.00940	0.00892	0.01735	0.02675	0.03486	0.31173	0.09139	0.34962	0.02443	0.01248	0.00346	0.00519	0.02086	0.01065	0.00940
8	0.03082	0.23230	0.03627	0.02178	0.02888	0.14593	0.01822	0.08531	0.22342	0.03597	0.02668	0.02663	0.02105	0.01174	0.00917	0.00294	0.01180	0.00861	0.00759	0.01488
9	0.70310	0.02045	0.01554	0.01390	0.02045	0.02372	0.01145	0.03108	0.01799	0.04744	0.01472	0.01718	0.01145	0.00981	0.00654	0.00327	0.00818	0.00573	0.00654	0.01145
10	0.08720	0.10939	0.08198	0.07374	0.06926	0.06922	0.05393	0.15919	0.02970	0.08577	0.02120	0.02407	0.01600	0.01152	0.01175	0.00322	0.06223	0.00860	0.00713	0.01490
11	0.01399	0.01021	0.01316	0.01360	0.01550	0.00938	0.00975	0.01763	0.02588	0.03557	0.33567	0.27964	0.12818	0.02627	0.01285	0.00370	0.00544	0.02340	0.01081	0.00938
12	0.02273	0.03343	0.24753	0.02780	0.03733	0.02153	0.12899	0.03058	0.02324	0.07660	0.07301	0.03872	0.06328	0.05908	0.01634	0.00402	0.06405	0.01168	0.00650	0.01355
13	0.01825	0.01331	0.02127	0.01936	0.02263	0.01238	0.08436	0.02230	0.02444	0.07597	0.17379	0.31514	0.06527	0.02490	0.01296	0.00392	0.00805	0.06124	0.00988	0.01059
14	0.02176	0.01553	0.02244	0.02260	0.06426	0.01825	0.01571	0.02156	0.01696	0.05740	0.02227	0.06920	0.02218	0.07480	0.03401	0.27705	0.19818	0.01113	0.00567	0.00903
15	0.08335	0.02858	0.12165	0.20933	0.04597	0.02663	0.02506	0.16754	0.11081	0.04317	0.02407	0.02729	0.01766	0.01158	0.01018	0.00339	0.01230	0.00926	0.00734	0.01484
16	0.01922	0.01757	0.02076	0.06687	0.02454	0.06560	0.01559	0.02188	0.01938	0.02534	0.03568	0.09943	0.07563	0.15644	0.11018	0.00726	0.15009	0.05240	0.00651	0.00963
17	0.13125	0.02639	0.07178	0.02517	0.07465	0.02597	0.01984	0.16769	0.18916	0.11494	0.03028	0.02963	0.02194	0.01233	0.01000	0.00334	0.01020	0.00970	0.00940	0.01635
18	0.13912	0.07626	0.07397	0.02322	0.07145	0.02355	0.04638	0.10825	0.06905	0.04162	0.03059	0.03250	0.06443	0.01213	0.00921	0.00301	0.00987	0.00967	0.09305	0.06266
19	0.08090	0.03537	0.21073	0.02354	0.03389	0.07109	0.02392	0.10168	0.07030	0.12701	0.02494	0.02565	0.01779	0.01101	0.00968	0.00305	0.01219	0.00840	0.00765	0.10121
20	0.13918	0.12828	0.07108	0.06984	0.03194	0.02802	0.01930	0.10472	0.10507	0.03965	0.02171	0.02416	0.01705	0.01134	0.01090	0.00306	0.05988	0.00804	0.00692	0.09983
21	0.07642	0.02420	0.11220	0.01880	0.02633	0.01927	0.01747	0.10877	0.07099	0.08734	0.11716	0.03698	0.03350	0.01306	0.00973	0.00297	0.00899	0.01051	0.10574	0.09958

[dist]
# distance from previous block
# <min> <max>
2	51

[block]
# block no. 1 follows, 13 sequences, length 18
# corresponding to MSA columns:
# 1831-1848
name=unknown_B
#
# <colnr> <probs for GDERKNQSTAVLIFYWHMCP>
#	G	D	E	R	K	N	Q	S	T	A	V	L	I	F	Y	W	H	M	C	P
0	0.02483	0.01826	0.02602	0.10662	0.03286	0.01951	0.06232	0.08204	0.07384	0.11029	0.07272	0.16254	0.07769	0.01862	0.01354	0.00370	0.05664	0.01601	0.00899	0.01295
1	0.02416	0.02409	0.10731	0.03043	0.14935	0.02066	0.02197	0.07296	0.02537	0.07359	0.06563	0.09099	0.07026	0.01579	0.01371	0.00345	0.08524	0.01280	0.07862	0.01363
2	0.07639	0.02112	0.02589	0.11232	0.06744	0.02320	0.01889	0.10953	0.19449	0.12241	0.08699	0.03698	0.03121	0.01348	0.01055	0.00339	0.00970	0.01118	0.00959	0.01525
3	0.14207	0.06275	0.07938	0.05590	0.05871	0.01833	0.01691	0.02846	0.02316	0.11365	0.07564	0.13428	0.11537	0.01739	0.01044	0.00343	0.00896	0.01442	0.00832	0.01241
4	0.06827	0.06131	0.03216	0.07533	0.13960	0.02154	0.06498	0.03152	0.02470	0.11673	0.12752	0.03669	0.03338	0.01302	0.01230	0.00322	0.05734	0.01106	0.00772	0.06160
5	0.07820	0.06587	0.02536	0.02104	0.05623	0.02018	0.01578	0.03398	0.02288	0.21960	0.03131	0.07993	0.02620	0.07918	0.01873	0.00417	0.11393	0.01154	0.06252	0.01339
6	0.12604	0.07178	0.06745	0.02244	0.02751	0.02668	0.01982	0.03165	0.02017	0.11797	0.01943	0.02367	0.01564	0.01391	0.01998	0.00361	0.27318	0.00827	0.00642	0.08437
7	0.24857	0.17227	0.07383	0.02143	0.05954	0.02808	0.01820	0.08063	0.05960	0.11476	0.02201	0.02295	0.01649	0.01065	0.00833	0.00304	0.01022	0.00755	0.00738	0.01447
8	0.02944	0.13309	0.24586	0.02372	0.03494	0.06899	0.02545	0.06733	0.02580	0.12322	0.02227	0.02364	0.01618	0.01032	0.00931	0.00285	0.01276	0.00776	0.00663	0.11043
9	0.04010	0.02709	0.02984	0.02317	0.03136	0.02939	0.01905	0.40665	0.09183	0.14640	0.02966	0.02840	0.02062	0.01291	0.01060	0.00323	0.01091	0.00992	0.01100	0.01787
10	0.01785	0.01002	0.01114	0.01119	0.01347	0.00975	0.00827	0.02247	0.02384	0.03883	0.16270	0.10987	0.04907	0.01673	0.00925	0.00286	0.00507	0.01420	0.45366	0.00975
11	0.01997	0.01879	0.03171	0.60301	0.07282	0.02349	0.02936	0.02701	0.02114	0.02701	0.01879	0.02819	0.01409	0.01057	0.01057	0.00352	0.01409	0.00940	0.00470	0.01175
12	0.04289	0.02064	0.02561	0.02014	0.02801	0.02006	0.01647	0.12963	0.11514	0.40426	0.03927	0.03481	0.02581	0.01322	0.01064	0.00331	0.00933	0.01066	0.01231	0.01779
13	0.01386	0.01010	0.01305	0.01372	0.01547	0.00929	0.00975	0.01729	0.02523	0.03457	0.30327	0.31791	0.12311	0.02706	0.01292	0.00377	0.00552	0.02415	0.01070	0.00929
14	0.07742	0.06687	0.02622	0.12723	0.03369	0.02134	0.01753	0.08231	0.08110	0.20816	0.03304	0.08017	0.02555	0.01379	0.01006	0.00329	0.00972	0.01128	0.05665	0.01456
15	0.01603	0.01160	0.01436	0.01395	0.01428	0.01276	0.00910	0.01689	0.01573	0.02165	0.03069	0.06021	0.03413	0.47753	0.14531	0.01092	0.06722	0.01412	0.00612	0.00740
16	0.06832	0.01540	0.01859	0.01642	0.02129	0.01479	0.01282	0.03266	0.09345	0.15689	0.16211	0.09490	0.04957	0.06557	0.01447	0.00391	0.00775	0.05698	0.01025	0.08386
17	0.11553	0.08146	0.03129	0.11511	0.03674	0.10641	0.06088	0.08590	0.02689	0.10609	0.02438	0.03186	0.01960	0.01205	0.00983	0.00314	0.01238	0.04630	0.00731	0.06685

[dist]
# distance from previous block
# <min> <max>
0	2

[block]
# block no. 2 follows, 13 sequences, length 43
# corresponding to MSA columns:
# 1851-1853,1859-1898
name=unknown_C
#
# <colnr> <probs for GDERKNQSTAVLIFYWHMCP>
#	G	D	E	R	K	N	Q	S	T	A	V	L	I	F	Y	W	H	M	C	P
0	0.22180	0.25005	0.03789	0.02081	0.02886	0.07944	0.05348	0.12951	0.02698	0.04015	0.01742	0.01968	0.01402	0.01012	0.00810	0.00286	0.01161	0.00702	0.00642	0.01377
1	0.58549	0.02207	0.01841	0.01575	0.02264	0.02533	0.01298	0.11911	0.02362	0.05084	0.01661	0.01863	0.01261	0.01033	0.00726	0.00325	0.00879	0.00640	0.00726	0.01261
2	0.03724	0.16043	0.09195	0.02438	0.06751	0.02711	0.02085	0.15969	0.03181	0.23450	0.02792	0.02712	0.01942	0.01153	0.00970	0.00303	0.01109	0.00889	0.00915	0.01669
3	0.07793	0.01521	0.01870	0.07344	0.02504	0.01572	0.01375	0.06484	0.06262	0.11668	0.16940	0.15564	0.05070	0.01854	0.01102	0.00345	0.00765	0.01590	0.07156	0.01221
4	0.01352	0.00985	0.01273	0.01390	0.01539	0.00906	0.00970	0.01644	0.02370	0.03208	0.22272	0.40025	0.12380	0.02886	0.01308	0.00392	0.00570	0.02585	0.01040	0.00906
5	0.01921	0.01112	0.01478	0.01519	0.01758	0.01026	0.01094	0.02189	0.02282	0.12289	0.09674	0.39731	0.09700	0.03150	0.05326	0.00488	0.00805	0.02391	0.01024	0.01043
6	0.03493	0.02242	0.02512	0.02069	0.02763	0.02410	0.01662	0.18370	0.23564	0.18168	0.03710	0.03466	0.02635	0.01341	0.01041	0.00330	0.00916	0.01078	0.06545	0.01685
7	0.52512	0.01932	0.01728	0.01486	0.02147	0.02116	0.01219	0.03451	0.02126	0.15327	0.05545	0.02502	0.02018	0.01125	0.00776	0.00328	0.00814	0.00759	0.00820	0.01268
8	0.20710	0.02310	0.02419	0.01996	0.02644	0.02601	0.01629	0.28342	0.03408	0.05215	0.02327	0.02689	0.01819	0.02696	0.13941	0.00632	0.01450	0.00894	0.00842	0.01435
9	0.09308	0.02630	0.07027	0.02164	0.02984	0.02525	0.01886	0.26549	0.07372	0.17606	0.06754	0.03179	0.02591	0.01309	0.01036	0.00326	0.01034	0.01019	0.01042	0.01658
10	0.02848	0.52544	0.10789	0.01985	0.02954	0.03930	0.02045	0.07153	0.02383	0.02912	0.01600	0.01820	0.01390	0.00944	0.00743	0.00245	0.01179	0.00619	0.00500	0.01414
11	0.19952	0.02223	0.06323	0.17003	0.08969	0.02256	0.02082	0.03546	0.10926	0.07501	0.02485	0.02812	0.01861	0.01118	0.00926	0.00331	0.01044	0.00890	0.06397	0.01355
12	0.03466	0.09027	0.02925	0.02079	0.02773	0.08210	0.01712	0.28841	0.03826	0.08691	0.06688	0.03064	0.02521	0.01280	0.00980	0.00296	0.01074	0.00971	0.10054	0.01524
13	0.01394	0.01048	0.01299	0.01359	0.01586	0.00954	0.01010	0.01745	0.02521	0.03347	0.25248	0.23458	0.21173	0.02684	0.01296	0.00380	0.00586	0.06933	0.01047	0.00930
14	0.02409	0.01659	0.02658	0.15125	0.08773	0.01676	0.05923	0.02918	0.02480	0.13696	0.10647	0.15670	0.04290	0.01815	0.01187	0.00367	0.01014	0.05549	0.00877	0.01266
15	0.02765	0.01305	0.01760	0.01634	0.02030	0.01164	0.01225	0.03069	0.02525	0.25758	0.09121	0.33066	0.05383	0.02374	0.01220	0.00378	0.00725	0.02097	0.01134	0.01267
16	0.06642	0.01320	0.01533	0.01502	0.01797	0.01357	0.01132	0.04835	0.05966	0.03414	0.14192	0.14851	0.14465	0.08634	0.09936	0.00623	0.01022	0.04853	0.00909	0.01017
17	0.09151	0.51431	0.04855	0.01779	0.02651	0.03743	0.01722	0.03369	0.02209	0.08411	0.01754	0.01898	0.01470	0.00954	0.00717	0.00246	0.01078	0.00618	0.00560	0.01384
18	0.02320	0.01501	0.01832	0.01657	0.02060	0.01501	0.01266	0.07178	0.11032	0.11867	0.26801	0.15882	0.06632	0.02054	0.01196	0.00352	0.00686	0.01791	0.01130	0.01262
19	0.09710	0.03128	0.21405	0.02233	0.03219	0.02083	0.02314	0.04180	0.10900	0.21040	0.06705	0.03292	0.02636	0.01250	0.01017	0.00335	0.01085	0.00997	0.00897	0.01577
20	0.02766	0.02339	0.02468	0.02179	0.02801	0.02694	0.01707	0.10248	0.49484	0.04643	0.04130	0.03807	0.03087	0.01418	0.01074	0.00355	0.00869	0.01171	0.01074	0.01686
21	0.64598	0.02332	0.06229	0.01526	0.02257	0.02379	0.01376	0.03128	0.01836	0.04627	0.01508	0.01761	0.01161	0.00983	0.00684	0.00328	0.00880	0.00590	0.00637	0.01180
22	0.02946	0.02518	0.04361	0.05276	0.36655	0.02475	0.12234	0.06722	0.02667	0.10225	0.02321	0.02777	0.01785	0.00999	0.01087	0.00324	0.01306	0.01015	0.00657	0.01651
23	0.02438	0.01372	0.01834	0.06066	0.02376	0.01255	0.01301	0.02858	0.02685	0.18499	0.22070	0.14162	0.10413	0.01963	0.01166	0.00338	0.00721	0.01705	0.01072	0.05707
24	0.02421	0.01956	0.02362	0.01992	0.02540	0.02059	0.05007	0.15681	0.15655	0.04494	0.14959	0.09206	0.13495	0.01837	0.01165	0.00347	0.00853	0.01578	0.01028	0.01366
25	0.09442	0.01963	0.02641	0.17175	0.03904	0.02011	0.01929	0.09332	0.02889	0.33129	0.03174	0.03126	0.02092	0.01211	0.01027	0.00333	0.01054	0.00978	0.01008	0.01581
26	0.02056	0.01807	0.02808	0.38239	0.08846	0.02143	0.02429	0.02922	0.09389	0.02908	0.02529	0.07599	0.02157	0.01534	0.01384	0.07128	0.01209	0.01134	0.00597	0.01183
27	0.01669	0.01683	0.07043	0.02180	0.05973	0.01385	0.06384	0.02008	0.01943	0.02662	0.03846	0.25386	0.04280	0.21170	0.06953	0.00685	0.01157	0.01894	0.00721	0.00976
28	0.12733	0.03083	0.17708	0.02799	0.10634	0.02271	0.02391	0.07324	0.07640	0.12709	0.02502	0.02621	0.01810	0.01080	0.00957	0.00312	0.01121	0.00856	0.00754	0.08694
29	0.18794	0.13593	0.11636	0.02545	0.07246	0.13347	0.02158	0.03602	0.07701	0.03458	0.01902	0.02175	0.01529	0.01094	0.01030	0.00312	0.05188	0.00743	0.00588	0.01360
30	0.04362	0.02333	0.10440	0.02046	0.02972	0.01685	0.01896	0.04890	0.02911	0.49179	0.03841	0.03400	0.02431	0.01264	0.01055	0.00328	0.00996	0.01022	0.01183	0.01765
31	0.02313	0.02313	0.03238	0.02776	0.02776	0.03238	0.02313	0.02545	0.01619	0.02545	0.01388	0.02313	0.01388	0.01851	0.03470	0.00463	0.60907	0.00925	0.00463	0.01157
32	0.02907	0.27584	0.17884	0.02710	0.09581	0.03027	0.02465	0.03701	0.05953	0.11442	0.02258	0.02395	0.01716	0.01034	0.00893	0.00289	0.01199	0.00787	0.00636	0.01538
33	0.10510	0.02820	0.14772	0.02201	0.03070	0.02204	0.02130	0.11563	0.02913	0.23720	0.06476	0.03127	0.02463	0.01301	0.01205	0.00338	0.05702	0.00979	0.00932	0.01572
34	0.19876	0.02147	0.02818	0.02143	0.02980	0.02073	0.08849	0.08984	0.02719	0.22454	0.02673	0.02692	0.01854	0.01078	0.00944	0.00303	0.01017	0.00888	0.00899	0.12609
35	0.01278	0.01023	0.01144	0.01218	0.01472	0.00889	0.00874	0.01534	0.02324	0.02897	0.12098	0.26807	0.37033	0.02849	0.01282	0.00379	0.00558	0.02460	0.00994	0.00889
36	0.03390	0.03541	0.02760	0.02434	0.03046	0.26373	0.01878	0.11879	0.25463	0.03973	0.02919	0.02879	0.02231	0.01265	0.01021	0.00316	0.01336	0.00943	0.00849	0.01502
37	0.02082	0.01767	0.02716	0.40088	0.08263	0.02106	0.02392	0.02947	0.06889	0.03150	0.02424	0.03138	0.01853	0.01121	0.00994	0.00329	0.01163	0.00972	0.14397	0.01208
38	0.01711	0.01077	0.01398	0.01432	0.01660	0.00978	0.01029	0.02024	0.02466	0.08886	0.21524	0.34152	0.12254	0.02685	0.01278	0.00382	0.00600	0.02388	0.01072	0.01004
39	0.02022	0.01589	0.02178	0.08213	0.06123	0.01784	0.01637	0.02580	0.06481	0.06727	0.07038	0.13621	0.10578	0.07262	0.07101	0.00553	0.11020	0.01572	0.00788	0.01133
40	0.03118	0.02131	0.02661	0.02077	0.02827	0.02093	0.04845	0.15935	0.10475	0.14881	0.10896	0.03693	0.03321	0.01310	0.01046	0.00297	0.00930	0.01104	0.01003	0.15357
41	0.01505	0.01138	0.01415	0.01582	0.01730	0.01144	0.01093	0.02141	0.10461	0.02977	0.05582	0.52765	0.06386	0.03010	0.01305	0.00418	0.00649	0.02714	0.00997	0.00990
42	0.08170	0.29562	0.07590	0.02094	0.02923	0.16459	0.01913	0.03802	0.02498	0.13030	0.02049	0.02144	0.01580	0.01037	0.00837	0.00271	0.01280	0.00702	0.00650	0.01408

[dist]
# distance from previous block
# <min> <max>
0	16

[block]
# block no. 3 follows, 13 sequences, length 21
# corresponding to MSA columns:
# 1915-1935
name=unknown_D
#
# <colnr> <probs for GDERKNQSTAVLIFYWHMCP>
#	G	D	E	R	K	N	Q	S	T	A	V	L	I	F	Y	W	H	M	C	P
0	0.10340	0.02802	0.14689	0.02177	0.03194	0.01984	0.04986	0.06946	0.02576	0.17274	0.02477	0.02567	0.01753	0.01026	0.00935	0.00280	0.01074	0.00824	0.00786	0.21311
1	0.07613	0.06959	0.03906	0.02943	0.03620	0.15086	0.15492	0.09047	0.09393	0.03616	0.02157	0.02526	0.01705	0.01191	0.01384	0.00339	0.10026	0.00950	0.00656	0.01392
2	0.06360	0.01084	0.01308	0.01431	0.01633	0.01035	0.01046	0.01762	0.02273	0.03176	0.14456	0.35165	0.14716	0.02811	0.01278	0.00401	0.00636	0.07523	0.00987	0.00920
3	0.01409	0.01018	0.01238	0.01284	0.01431	0.00948	0.00869	0.01650	0.02241	0.03004	0.20540	0.23592	0.14697	0.18524	0.02364	0.00546	0.00676	0.02178	0.00945	0.00847
4	0.04744	0.01799	0.02454	0.01881	0.02699	0.01554	0.01554	0.05153	0.03026	0.56979	0.04171	0.03599	0.02617	0.01309	0.01063	0.00327	0.00900	0.01063	0.01309	0.01799
5	0.03404	0.02410	0.02609	0.02131	0.02827	0.02654	0.01718	0.27209	0.20876	0.10316	0.03375	0.03256	0.02448	0.01324	0.01030	0.00324	0.00958	0.01047	0.08415	0.01669
6	0.70310	0.02045	0.01554	0.01390	0.02045	0.02372	0.01145	0.03108	0.01799	0.04744	0.01472	0.01718	0.01145	0.00981	0.00654	0.00327	0.00818	0.00573	0.00654	0.01145
7	0.02741	0.57219	0.05084	0.01727	0.02565	0.03863	0.01702	0.03096	0.02155	0.02633	0.01668	0.01921	0.01492	0.00937	0.00685	0.00228	0.01067	0.00607	0.07289	0.01320
8	0.02454	0.32878	0.32877	0.02444	0.03696	0.03272	0.02915	0.03262	0.02193	0.02942	0.01695	0.01979	0.01348	0.00957	0.00850	0.00283	0.01359	0.00679	0.00449	0.01465
9	0.10109	0.35446	0.19128	0.02102	0.03153	0.03281	0.02293	0.03383	0.02210	0.07726	0.01824	0.02012	0.01439	0.00976	0.00799	0.00276	0.01196	0.00669	0.00547	0.01429
10	0.70310	0.02045	0.01554	0.01390	0.02045	0.02372	0.01145	0.03108	0.01799	0.04744	0.01472	0.01718	0.01145	0.00981	0.00654	0.00327	0.00818	0.00573	0.00654	0.01145
11	0.08265	0.01323	0.01479	0.01396	0.01714	0.01345	0.01055	0.07616	0.02736	0.04206	0.23320	0.15297	0.05962	0.01929	0.01065	0.00326	0.00619	0.01648	0.17628	0.01071
12	0.01419	0.01064	0.01315	0.01282	0.01540	0.00960	0.00950	0.01834	0.02765	0.03770	0.40440	0.13492	0.20502	0.02390	0.01257	0.00347	0.00518	0.02089	0.01104	0.00960
13	0.02373	0.02262	0.03924	0.05431	0.42213	0.02236	0.07139	0.02946	0.02348	0.03316	0.02676	0.13090	0.02602	0.01354	0.01117	0.00338	0.01189	0.01331	0.00605	0.01510
14	0.01430	0.01118	0.01442	0.06503	0.02084	0.01069	0.01178	0.01789	0.02414	0.03146	0.18240	0.23347	0.22082	0.02618	0.01282	0.00385	0.00672	0.07284	0.00977	0.00940
15	0.01802	0.00941	0.01412	0.01412	0.01432	0.00962	0.00962	0.01432	0.01412	0.01903	0.01943	0.03315	0.01923	0.04129	0.09976	0.61998	0.01123	0.00941	0.00471	0.00511
16	0.02827	0.63478	0.05540	0.01809	0.02714	0.04184	0.01809	0.03166	0.02148	0.02488	0.01470	0.01696	0.01357	0.00905	0.00678	0.00226	0.01131	0.00565	0.00452	0.01357
17	0.07134	0.01618	0.01844	0.01691	0.02130	0.01683	0.01292	0.06987	0.14619	0.12262	0.09420	0.19437	0.04504	0.01920	0.01097	0.00353	0.00739	0.01643	0.08316	0.01309
18	0.01997	0.01879	0.03171	0.60301	0.07282	0.02349	0.02936	0.02701	0.02114	0.02701	0.01879	0.02819	0.01409	0.01057	0.01057	0.00352	0.01409	0.00940	0.00470	0.01175
19	0.03347	0.02589	0.08844	0.08060	0.03950	0.02307	0.12150	0.09620	0.11477	0.21670	0.03169	0.03183	0.02187	0.01188	0.01095	0.00340	0.01208	0.01070	0.00924	0.01622
20	0.07486	0.02832	0.08594	0.09470	0.07158	0.08315	0.08036	0.10966	0.02814	0.07687	0.02535	0.03519	0.02088	0.01251	0.01053	0.00327	0.01290	0.06108	0.00720	0.07750

[dist]
# distance from previous block
# <min> <max>
6	9

[block]
# block no. 4 follows, 13 sequences, length 13
# corresponding to MSA columns:
# 1945-1957
name=unknown_E
#
# <colnr> <probs for GDERKNQSTAVLIFYWHMCP>
#	G	D	E	R	K	N	Q	S	T	A	V	L	I	F	Y	W	H	M	C	P
0	0.08621	0.03288	0.20501	0.03377	0.16341	0.02401	0.02706	0.07155	0.10343	0.07319	0.05699	0.02989	0.02325	0.01160	0.01017	0.00331	0.01178	0.00963	0.00719	0.01567
1	0.02355	0.02164	0.06792	0.02820	0.11143	0.01732	0.09109	0.02902	0.02354	0.08759	0.03459	0.11211	0.07081	0.01394	0.01051	0.00294	0.01023	0.01277	0.00733	0.22346
2	0.02067	0.01904	0.02576	0.02261	0.02261	0.02536	0.01782	0.02225	0.01593	0.02388	0.02005	0.03776	0.02168	0.21220	0.04077	0.00641	0.41889	0.01120	0.00519	0.00993
3	0.07677	0.02424	0.09508	0.01996	0.02660	0.02181	0.01775	0.12186	0.18386	0.04637	0.19774	0.04554	0.04708	0.01544	0.01085	0.00338	0.00882	0.01277	0.00984	0.01425
4	0.02758	0.55293	0.05232	0.01938	0.02722	0.04057	0.01877	0.03083	0.02078	0.02495	0.01459	0.01779	0.01361	0.01031	0.01052	0.00258	0.09129	0.00614	0.00454	0.01330
5	0.10731	0.01196	0.01384	0.01362	0.01511	0.01301	0.00929	0.01861	0.01625	0.02542	0.02921	0.05326	0.03093	0.36748	0.22032	0.01150	0.01584	0.01277	0.00618	0.00807
6	0.01405	0.01077	0.01287	0.01235	0.01524	0.00959	0.00926	0.01819	0.02778	0.03729	0.39094	0.08738	0.26890	0.02352	0.01248	0.00342	0.00512	0.02030	0.01097	0.00959
7	0.03769	0.02682	0.02917	0.02311	0.03096	0.02951	0.01885	0.36860	0.16294	0.11289	0.03117	0.02975	0.02216	0.01312	0.01063	0.00328	0.01060	0.01020	0.01088	0.01769
8	0.18352	0.44291	0.09086	0.01816	0.02720	0.03616	0.01837	0.03168	0.02075	0.03083	0.01507	0.01747	0.01306	0.00931	0.00701	0.00259	0.01096	0.00586	0.00498	0.01326
9	0.01499	0.01063	0.01306	0.01419	0.01541	0.01029	0.01014	0.01700	0.01982	0.02576	0.05335	0.19226	0.11478	0.27783	0.03037	0.00683	0.00872	0.14814	0.00838	0.00804
10	0.03091	0.02100	0.02805	0.03050	0.15529	0.02193	0.01974	0.12405	0.11479	0.14975	0.03135	0.03339	0.02358	0.02216	0.09623	0.00527	0.01283	0.01042	0.05310	0.01568
11	0.01959	0.01714	0.02452	0.02144	0.02397	0.01997	0.06001	0.02595	0.08964	0.02983	0.08717	0.08626	0.07192	0.06315	0.09214	0.05915	0.17615	0.01396	0.00721	0.01083
12	0.02398	0.02247	0.07238	0.07343	0.03069	0.06015	0.05377	0.02991	0.05320	0.09616	0.09560	0.11780	0.03719	0.07970	0.01909	0.00435	0.09601	0.01415	0.00786	0.01213

[dist]
# distance from previous block
# <min> <max>
0	22

[block]
# block no. 5 follows, 13 sequences, length 29
# corresponding to MSA columns:
# 1980-1996,2003-2014
name=unknown_F
#
# <colnr> <probs for GDERKNQSTAVLIFYWHMCP>
#	G	D	E	R	K	N	Q	S	T	A	V	L	I	F	Y	W	H	M	C	P
0	0.14106	0.16415	0.06734	0.10732	0.06458	0.02654	0.01965	0.07615	0.02378	0.03632	0.01785	0.02149	0.01437	0.00954	0.00833	0.00266	0.01074	0.00708	0.00591	0.17515
1	0.03037	0.08166	0.06937	0.11689	0.12972	0.06162	0.09933	0.07638	0.07207	0.12108	0.02516	0.02799	0.01854	0.01088	0.01043	0.00323	0.01305	0.00970	0.00724	0.01531
2	0.17075	0.03205	0.03425	0.08194	0.03774	0.20665	0.12449	0.03392	0.02328	0.03208	0.01687	0.02217	0.01376	0.01150	0.01384	0.00341	0.11509	0.00841	0.00545	0.01234
3	0.03163	0.02401	0.11369	0.01921	0.02664	0.01901	0.01780	0.12121	0.06369	0.19541	0.03291	0.03506	0.02404	0.05175	0.01251	0.00354	0.00962	0.01017	0.17328	0.01480
4	0.01282	0.00946	0.01201	0.01405	0.01516	0.00864	0.00952	0.01480	0.02089	0.02725	0.06649	0.53411	0.15204	0.03206	0.01333	0.00417	0.00600	0.02876	0.00982	0.00864
5	0.01423	0.01024	0.01347	0.01380	0.01563	0.00949	0.00992	0.01810	0.02650	0.03695	0.38054	0.27086	0.08921	0.02569	0.01283	0.00367	0.00539	0.02299	0.01099	0.00949
6	0.03121	0.01792	0.02137	0.01745	0.02344	0.01747	0.01401	0.16097	0.03420	0.21035	0.18277	0.05550	0.13269	0.01751	0.01141	0.00331	0.00803	0.01452	0.01151	0.01438
7	0.03092	0.01963	0.02241	0.01898	0.02498	0.02076	0.01506	0.11503	0.22697	0.16899	0.11621	0.04251	0.03839	0.01471	0.01064	0.00331	0.00816	0.01217	0.07461	0.01555
8	0.09998	0.02788	0.02972	0.02296	0.03123	0.03062	0.01897	0.44554	0.04535	0.10442	0.02571	0.02548	0.01804	0.01247	0.01022	0.00319	0.01112	0.00927	0.01041	0.01740
9	0.64434	0.02023	0.01635	0.01434	0.02103	0.02299	0.01182	0.03291	0.01909	0.09425	0.01714	0.01886	0.01277	0.01011	0.00691	0.00327	0.00825	0.00617	0.00713	0.01204
10	0.02827	0.63478	0.05540	0.01809	0.02714	0.04184	0.01809	0.03166	0.02148	0.02488	0.01470	0.01696	0.01357	0.00905	0.00678	0.00226	0.01131	0.00565	0.00452	0.01357
11	0.60615	0.02008	0.01687	0.01463	0.02141	0.02251	0.01206	0.03410	0.01981	0.12468	0.01871	0.01996	0.01363	0.01030	0.00715	0.00327	0.00830	0.00645	0.00751	0.01242
12	0.02630	0.02271	0.02391	0.02152	0.02749	0.02630	0.01674	0.05618	0.54336	0.04423	0.04303	0.03945	0.03228	0.01434	0.01076	0.00359	0.00837	0.01195	0.01076	0.01674
13	0.01279	0.00956	0.01190	0.01378	0.01509	0.00867	0.00940	0.01483	0.02115	0.02736	0.06975	0.49942	0.18462	0.03163	0.01326	0.00412	0.00595	0.02824	0.00982	0.00867
14	0.15507	0.02262	0.02563	0.01999	0.02799	0.02317	0.01650	0.22049	0.03525	0.29959	0.03126	0.02898	0.02073	0.01239	0.00992	0.00324	0.00982	0.00940	0.01108	0.01689
15	0.01989	0.01481	0.01852	0.06972	0.02307	0.01651	0.01353	0.06906	0.02535	0.03689	0.17031	0.05315	0.09047	0.07182	0.01786	0.00396	0.09470	0.01369	0.16600	0.01068
16	0.01742	0.01475	0.01928	0.01888	0.02038	0.01715	0.01461	0.02253	0.06757	0.03004	0.09296	0.27044	0.09142	0.02557	0.01897	0.00423	0.17098	0.06378	0.00864	0.01039
17	0.03185	0.44979	0.04758	0.02070	0.02889	0.16421	0.01880	0.07722	0.02586	0.02874	0.01600	0.01817	0.01396	0.00978	0.00774	0.00245	0.01309	0.00625	0.00526	0.01366
18	0.01648	0.01214	0.01527	0.01604	0.01831	0.01154	0.01155	0.06217	0.02335	0.03159	0.05151	0.47353	0.05956	0.02866	0.01280	0.00399	0.00706	0.06216	0.00955	0.07275
19	0.02627	0.02135	0.02925	0.38355	0.05598	0.05875	0.02466	0.03645	0.11085	0.10869	0.02604	0.03063	0.01888	0.01159	0.01055	0.00345	0.01271	0.00984	0.00698	0.01353
20	0.07573	0.02405	0.02769	0.02923	0.13107	0.06713	0.01944	0.04775	0.24396	0.16904	0.03432	0.03301	0.02499	0.01252	0.01031	0.00334	0.01016	0.01034	0.00957	0.01636
21	0.02482	0.02500	0.02703	0.18178	0.08664	0.15924	0.02109	0.02783	0.02174	0.02574	0.02144	0.03534	0.01999	0.07147	0.02115	0.10416	0.06944	0.04004	0.00538	0.01067
22	0.02617	0.02512	0.04292	0.06490	0.56246	0.02512	0.03245	0.03245	0.02407	0.03454	0.01989	0.02617	0.01675	0.00942	0.01047	0.00314	0.01256	0.00942	0.00523	0.01675
23	0.02175	0.01820	0.09653	0.01696	0.02213	0.01293	0.01535	0.02688	0.02554	0.13073	0.17348	0.16028	0.09479	0.02059	0.01167	0.00355	0.00786	0.05554	0.07336	0.01188
24	0.01583	0.01288	0.01889	0.12399	0.07619	0.01313	0.01530	0.01981	0.02331	0.03139	0.16723	0.29361	0.10028	0.02373	0.01238	0.00377	0.00783	0.02131	0.00890	0.01026
25	0.29344	0.02300	0.02232	0.01825	0.02559	0.07293	0.01487	0.08740	0.02742	0.27541	0.02766	0.02633	0.01869	0.01161	0.00898	0.00321	0.00987	0.00832	0.00968	0.01499
26	0.02337	0.02438	0.04773	0.25065	0.15379	0.02527	0.25544	0.03113	0.02341	0.03151	0.02018	0.02797	0.01546	0.00961	0.01142	0.00347	0.01552	0.01081	0.00509	0.01380
27	0.03545	0.02565	0.02732	0.02163	0.02885	0.02833	0.01765	0.39868	0.09121	0.05996	0.02857	0.02906	0.02085	0.01278	0.01006	0.00309	0.01020	0.00980	0.12437	0.01650
28	0.02452	0.32718	0.33021	0.02448	0.03701	0.03267	0.02921	0.03263	0.02193	0.02944	0.01697	0.01980	0.01348	0.00958	0.00851	0.00284	0.01360	0.00680	0.00449	0.01466

[dist]
# distance from previous block
# <min> <max>
0	1

[block]
# block no. 6 follows, 13 sequences, length 86
# corresponding to MSA columns:
# 2016-2101
name=unknown_G
#
# <colnr> <probs for GDERKNQSTAVLIFYWHMCP>
#	G	D	E	R	K	N	Q	S	T	A	V	L	I	F	Y	W	H	M	C	P
0	0.12116	0.34270	0.04096	0.02085	0.02826	0.23611	0.01806	0.03540	0.02409	0.02821	0.01530	0.01775	0.01331	0.00982	0.00775	0.00256	0.01370	0.00608	0.00512	0.01282
1	0.03331	0.01830	0.02368	0.02005	0.02576	0.05625	0.04993	0.03729	0.02726	0.29800	0.07860	0.16630	0.04163	0.01874	0.01173	0.00360	0.00954	0.05497	0.01092	0.01411
2	0.02572	0.42513	0.24270	0.02244	0.03387	0.03559	0.02567	0.03232	0.02179	0.02799	0.01624	0.01890	0.01351	0.00941	0.00796	0.00265	0.01287	0.00643	0.00450	0.01431
3	0.02827	0.63478	0.05540	0.01809	0.02714	0.04184	0.01809	0.03166	0.02148	0.02488	0.01470	0.01696	0.01357	0.00905	0.00678	0.00226	0.01131	0.00565	0.00452	0.01357
4	0.02121	0.05469	0.57364	0.03014	0.04576	0.02455	0.03906	0.03348	0.02232	0.03348	0.01897	0.02232	0.01339	0.01005	0.01005	0.00335	0.01563	0.00781	0.00446	0.01563
5	0.01352	0.00956	0.01253	0.01466	0.01532	0.00907	0.00990	0.01534	0.01991	0.02648	0.05482	0.51135	0.06511	0.11120	0.01889	0.00512	0.00694	0.06253	0.00936	0.00839
6	0.01288	0.00920	0.01227	0.01472	0.01534	0.00859	0.00981	0.01472	0.02024	0.02699	0.05828	0.62152	0.06993	0.03312	0.01350	0.00429	0.00613	0.03006	0.00981	0.00859
7	0.04064	0.02665	0.02962	0.02295	0.03117	0.02867	0.01888	0.39129	0.08356	0.17040	0.03016	0.02869	0.02080	0.01290	0.01060	0.00323	0.01083	0.00994	0.01112	0.01789
8	0.01718	0.01021	0.01185	0.01169	0.01402	0.00981	0.00867	0.02189	0.02531	0.03973	0.25749	0.10089	0.06116	0.01785	0.01001	0.00297	0.00505	0.01533	0.34909	0.00981
9	0.02917	0.02500	0.16680	0.01927	0.02733	0.01588	0.01937	0.03577	0.02681	0.23119	0.14442	0.04204	0.03860	0.01397	0.01036	0.00318	0.00928	0.01157	0.11561	0.01438
10	0.01597	0.01224	0.01482	0.01414	0.01710	0.01188	0.01059	0.02369	0.09601	0.03963	0.39148	0.11686	0.15086	0.02221	0.01232	0.00346	0.00557	0.01942	0.01114	0.01062
11	0.01538	0.01105	0.01488	0.01568	0.01787	0.01054	0.01243	0.01986	0.02653	0.03633	0.30696	0.17359	0.08167	0.02599	0.01337	0.00401	0.00683	0.18663	0.01070	0.00969
12	0.02535	0.02429	0.04144	0.13573	0.49801	0.02491	0.03204	0.03173	0.02369	0.03355	0.01974	0.02643	0.01640	0.00957	0.01048	0.00319	0.01276	0.00942	0.00516	0.01609
13	0.17340	0.03348	0.02789	0.02418	0.02877	0.23279	0.01926	0.10651	0.02652	0.03624	0.01665	0.02074	0.01388	0.01306	0.01609	0.00344	0.18049	0.00766	0.00620	0.01274
14	0.70310	0.02045	0.01554	0.01390	0.02045	0.02372	0.01145	0.03108	0.01799	0.04744	0.01472	0.01718	0.01145	0.00981	0.00654	0.00327	0.00818	0.00573	0.00654	0.01145
15	0.02657	0.02517	0.03393	0.19733	0.23294	0.06925	0.02638	0.07328	0.13704	0.03624	0.02468	0.02896	0.01920	0.01115	0.01049	0.00331	0.01252	0.00976	0.00668	0.01511
16	0.02617	0.02512	0.04292	0.06490	0.56246	0.02512	0.03245	0.03245	0.02407	0.03454	0.01989	0.02617	0.01675	0.00942	0.01047	0.00314	0.01256	0.00942	0.00523	0.01675
17	0.01945	0.01172	0.01548	0.01419	0.01736	0.01067	0.01076	0.02408	0.02926	0.11660	0.44654	0.11283	0.08705	0.02125	0.01228	0.00339	0.00565	0.01871	0.01171	0.01102
18	0.01496	0.01081	0.01413	0.01330	0.01580	0.00998	0.00998	0.01995	0.02993	0.04240	0.55689	0.07898	0.09976	0.02162	0.01247	0.00333	0.00499	0.01912	0.01164	0.00998
19	0.03828	0.01616	0.02051	0.01660	0.02306	0.01484	0.01343	0.04461	0.06810	0.38517	0.03986	0.03719	0.02690	0.01298	0.00976	0.00308	0.00785	0.01053	0.19542	0.01569
20	0.70310	0.02045	0.01554	0.01390	0.02045	0.02372	0.01145	0.03108	0.01799	0.04744	0.01472	0.01718	0.01145	0.00981	0.00654	0.00327	0.00818	0.00573	0.00654	0.01145
21	0.03472	0.02618	0.02788	0.02245	0.02976	0.02923	0.01819	0.35586	0.18795	0.05824	0.03108	0.03043	0.02272	0.01313	0.01039	0.00324	0.01021	0.01024	0.06109	0.01702
22	0.11441	0.02665	0.05087	0.03732	0.04681	0.02628	0.38599	0.03661	0.09617	0.03710	0.02352	0.02855	0.01770	0.00979	0.01146	0.00353	0.01524	0.01152	0.00626	0.01423
23	0.13729	0.02927	0.10048	0.02272	0.03104	0.02775	0.02062	0.27806	0.10757	0.05330	0.02769	0.03296	0.02167	0.01340	0.01021	0.00340	0.01104	0.04662	0.00908	0.01583
24	0.70310	0.02045	0.01554	0.01390	0.02045	0.02372	0.01145	0.03108	0.01799	0.04744	0.01472	0.01718	0.01145	0.00981	0.00654	0.00327	0.00818	0.00573	0.00654	0.01145
25	0.01665	0.01408	0.01496	0.01409	0.01698	0.05759	0.01057	0.02112	0.02910	0.03905	0.44782	0.07726	0.15810	0.02146	0.01223	0.00331	0.00621	0.01856	0.01087	0.01002
26	0.01288	0.00920	0.01227	0.01472	0.01534	0.00859	0.00981	0.01472	0.02024	0.02699	0.05828	0.62152	0.06993	0.03312	0.01350	0.00429	0.00613	0.03006	0.00981	0.00859
27	0.03618	0.08106	0.03212	0.02562	0.03092	0.31212	0.02038	0.11287	0.02969	0.07203	0.01899	0.02193	0.01526	0.01269	0.01452	0.00317	0.13245	0.00790	0.00657	0.01351
28	0.01255	0.01050	0.01093	0.01128	0.01443	0.00888	0.00829	0.01511	0.02355	0.02834	0.10014	0.17591	0.48851	0.02768	0.01264	0.00367	0.00547	0.02342	0.00982	0.00888
29	0.01598	0.01025	0.01320	0.01320	0.01361	0.01065	0.00849	0.01577	0.01537	0.02090	0.02892	0.05501	0.03140	0.37886	0.16568	0.16317	0.01390	0.01313	0.00584	0.00666
30	0.03823	0.07652	0.03263	0.02412	0.03198	0.11746	0.01976	0.38343	0.07976	0.05577	0.02448	0.02481	0.01801	0.01227	0.01015	0.00307	0.01251	0.00900	0.00936	0.01670
31	0.01719	0.00996	0.01494	0.01494	0.01562	0.01064	0.01064	0.01562	0.01494	0.02060	0.02196	0.03554	0.02128	0.05212	0.23837	0.44828	0.01610	0.00996	0.00498	0.00634
32	0.70310	0.02045	0.01554	0.01390	0.02045	0.02372	0.01145	0.03108	0.01799	0.04744	0.01472	0.01718	0.01145	0.00981	0.00654	0.00327	0.00818	0.00573	0.00654	0.01145
33	0.02127	0.06985	0.06865	0.02458	0.06475	0.01887	0.08476	0.02603	0.02013	0.06855	0.02666	0.03847	0.02389	0.12119	0.26389	0.01004	0.01959	0.01110	0.00608	0.01166
34	0.01784	0.00956	0.01370	0.01389	0.01408	0.00956	0.00939	0.01463	0.01481	0.01969	0.02339	0.04412	0.02449	0.12057	0.04105	0.54224	0.00938	0.04711	0.00525	0.00525
35	0.03164	0.08763	0.14390	0.02871	0.07418	0.33991	0.02402	0.03666	0.02684	0.02827	0.02457	0.02699	0.05896	0.01179	0.00976	0.00292	0.01616	0.00842	0.00552	0.01312
36	0.02827	0.63478	0.05540	0.01809	0.02714	0.04184	0.01809	0.03166	0.02148	0.02488	0.01470	0.01696	0.01357	0.00905	0.00678	0.00226	0.01131	0.00565	0.00452	0.01357
37	0.01940	0.01173	0.01191	0.01129	0.01456	0.01150	0.00862	0.06367	0.02499	0.03865	0.05396	0.05562	0.17425	0.01638	0.00908	0.00283	0.00560	0.01330	0.44239	0.01027
38	0.04013	0.03134	0.03158	0.02457	0.03278	0.07866	0.02012	0.48700	0.04807	0.06326	0.02464	0.02486	0.01762	0.01254	0.01049	0.00314	0.01225	0.00929	0.01015	0.01751
39	0.03079	0.55359	0.05134	0.01819	0.02712	0.03837	0.01776	0.03428	0.02264	0.09661	0.01826	0.01947	0.01523	0.00958	0.00729	0.00239	0.01100	0.00631	0.00565	0.01415
40	0.01903	0.01753	0.02915	0.52556	0.06525	0.02153	0.02679	0.02540	0.02102	0.02701	0.02399	0.10630	0.02144	0.01354	0.01096	0.00363	0.01305	0.01212	0.00537	0.01133
41	0.01530	0.01054	0.01299	0.01299	0.01350	0.01104	0.00823	0.01631	0.01581	0.02158	0.03198	0.06180	0.03523	0.48164	0.19620	0.01205	0.01508	0.01429	0.00621	0.00722
42	0.02192	0.01879	0.02192	0.01566	0.02506	0.01409	0.01253	0.02662	0.02192	0.03445	0.01879	0.02192	0.01566	0.00783	0.00783	0.00157	0.00783	0.00626	0.00626	0.69305
43	0.70310	0.02045	0.01554	0.01390	0.02045	0.02372	0.01145	0.03108	0.01799	0.04744	0.01472	0.01718	0.01145	0.00981	0.00654	0.00327	0.00818	0.00573	0.00654	0.01145
44	0.02313	0.02313	0.03238	0.02776	0.02776	0.03238	0.02313	0.02545	0.01619	0.02545	0.01388	0.02313	0.01388	0.01851	0.03470	0.00463	0.60907	0.00925	0.00463	0.01157
45	0.02192	0.01879	0.02192	0.01566	0.02506	0.01409	0.01253	0.02662	0.02192	0.03445	0.01879	0.02192	0.01566	0.00783	0.00783	0.00157	0.00783	0.00626	0.00626	0.69305
46	0.02836	0.12151	0.27131	0.02897	0.04065	0.07278	0.09636	0.14544	0.02935	0.03929	0.01998	0.02289	0.01483	0.01042	0.01003	0.00315	0.01472	0.00847	0.00605	0.01544
47	0.04115	0.02809	0.03078	0.02360	0.03203	0.03052	0.01950	0.46459	0.04715	0.13287	0.02753	0.02678	0.01906	0.01274	0.01058	0.00319	0.01129	0.00967	0.01091	0.01798
48	0.01461	0.01079	0.01364	0.01293	0.01558	0.00983	0.00970	0.01927	0.02910	0.04042	0.49264	0.08223	0.16525	0.02235	0.01247	0.00336	0.00504	0.01958	0.01138	0.00983
49	0.02625	0.39157	0.15813	0.02441	0.03479	0.03519	0.09221	0.03405	0.05874	0.02920	0.01847	0.02121	0.01519	0.00960	0.00851	0.00275	0.01287	0.00747	0.00506	0.01430
50	0.04648	0.01952	0.02548	0.01954	0.02775	0.01781	0.01614	0.11415	0.03282	0.50355	0.03956	0.03459	0.02509	0.01303	0.01063	0.00326	0.00934	0.01049	0.01276	0.01799
51	0.01427	0.01072	0.01347	0.01473	0.01698	0.00992	0.01140	0.01768	0.02395	0.03105	0.14544	0.24890	0.21117	0.02849	0.01338	0.00411	0.00677	0.15830	0.01006	0.00922
52	0.02139	0.01221	0.01576	0.01423	0.01794	0.01092	0.01089	0.02567	0.02855	0.15156	0.35323	0.11090	0.14238	0.02129	0.01216	0.00341	0.00597	0.01851	0.01158	0.01144
53	0.03303	0.02171	0.03480	0.11909	0.30463	0.02145	0.02594	0.03862	0.02592	0.22684	0.02763	0.02998	0.01980	0.01090	0.01054	0.00324	0.01148	0.00986	0.00800	0.01654
54	0.01471	0.01032	0.01300	0.01319	0.01435	0.01003	0.00886	0.01714	0.02173	0.03000	0.22720	0.18160	0.06608	0.25116	0.06815	0.00703	0.00879	0.01939	0.00893	0.00835
55	0.02899	0.50158	0.04917	0.01907	0.02765	0.03898	0.01807	0.07608	0.09462	0.03096	0.01943	0.02071	0.01647	0.01007	0.00764	0.00252	0.01094	0.00683	0.00587	0.01436
56	0.02214	0.13105	0.50542	0.02855	0.04331	0.02683	0.03630	0.03324	0.02221	0.03235	0.01841	0.02162	0.01342	0.00991	0.00962	0.00321	0.01506	0.00753	0.00447	0.01536
57	0.02617	0.42764	0.19602	0.02168	0.03231	0.03587	0.02378	0.03405	0.06181	0.02874	0.01806	0.02017	0.01496	0.00973	0.00799	0.00266	0.01227	0.00673	0.00499	0.01438
58	0.02766	0.02015	0.02251	0.02018	0.02595	0.02198	0.01613	0.08056	0.32773	0.11198	0.04869	0.05400	0.07795	0.01711	0.01139	0.00369	0.00862	0.07749	0.01084	0.01539
59	0.01340	0.01011	0.01239	0.01317	0.01518	0.00910	0.00936	0.01643	0.02425	0.03209	0.22270	0.31141	0.21621	0.02786	0.01290	0.00380	0.00557	0.02458	0.01037	0.00910
60	0.01320	0.00996	0.01221	0.01329	0.01513	0.00897	0.00934	0.01592	0.02332	0.03059	0.17419	0.36275	0.21482	0.02897	0.01300	0.00389	0.00568	0.02562	0.01019	0.00897
61	0.02630	0.02271	0.02391	0.02152	0.02749	0.02630	0.01674	0.05618	0.54336	0.04423	0.04303	0.03945	0.03228	0.01434	0.01076	0.00359	0.00837	0.01195	0.01076	0.01674
62	0.70310	0.02045	0.01554	0.01390	0.02045	0.02372	0.01145	0.03108	0.01799	0.04744	0.01472	0.01718	0.01145	0.00981	0.00654	0.00327	0.00818	0.00573	0.00654	0.01145
63	0.03750	0.02701	0.02885	0.02242	0.03009	0.02977	0.01842	0.46105	0.04609	0.06305	0.02658	0.02723	0.01918	0.01264	0.01016	0.00308	0.01075	0.00956	0.09964	0.01691
64	0.03939	0.02826	0.03126	0.02419	0.03197	0.03150	0.02000	0.45331	0.04568	0.10019	0.02568	0.02598	0.01826	0.01317	0.01246	0.00329	0.05805	0.00958	0.01030	0.01748
65	0.02827	0.63478	0.05540	0.01809	0.02714	0.04184	0.01809	0.03166	0.02148	0.02488	0.01470	0.01696	0.01357	0.00905	0.00678	0.00226	0.01131	0.00565	0.00452	0.01357
66	0.70310	0.02045	0.01554	0.01390	0.02045	0.02372	0.01145	0.03108	0.01799	0.04744	0.01472	0.01718	0.01145	0.00981	0.00654	0.00327	0.00818	0.00573	0.00654	0.01145
67	0.11388	0.01240	0.01480	0.01528	0.01819	0.01200	0.01128	0.02309	0.02200	0.11244	0.05299	0.37832	0.08866	0.02615	0.01211	0.00399	0.00704	0.05503	0.00985	0.01051
68	0.01307	0.01051	0.01165	0.01183	0.01475	0.00910	0.00869	0.01610	0.02476	0.03122	0.19372	0.17164	0.39266	0.02661	0.01263	0.00362	0.00539	0.02276	0.01020	0.00910
69	0.01997	0.01879	0.03171	0.60301	0.07282	0.02349	0.02936	0.02701	0.02114	0.02701	0.01879	0.02819	0.01409	0.01057	0.01057	0.00352	0.01409	0.00940	0.00470	0.01175
70	0.01427	0.01066	0.01325	0.01285	0.01543	0.00964	0.00954	0.01851	0.02791	0.03820	0.42049	0.12624	0.19680	0.02363	0.01256	0.00345	0.00516	0.02067	0.01110	0.00964
71	0.01358	0.01053	0.01236	0.01237	0.01506	0.00931	0.00910	0.01710	0.02597	0.03409	0.28707	0.16752	0.29689	0.02555	0.01263	0.00357	0.00532	0.02211	0.01057	0.00931
72	0.17692	0.03020	0.02745	0.02235	0.02977	0.11204	0.01807	0.31327	0.08112	0.05476	0.02329	0.02391	0.01716	0.01197	0.00960	0.00316	0.01174	0.00853	0.00900	0.01567
73	0.01379	0.01043	0.01273	0.01286	0.01525	0.00937	0.00938	0.01741	0.02611	0.03499	0.31653	0.20471	0.22662	0.02564	0.01270	0.00361	0.00535	0.02245	0.01071	0.00937
74	0.01704	0.01480	0.02453	0.02115	0.02398	0.01476	0.11996	0.02043	0.02114	0.02892	0.10719	0.25578	0.05118	0.15886	0.02373	0.00537	0.05346	0.02005	0.00796	0.00971
75	0.02192	0.01879	0.02192	0.01566	0.02506	0.01409	0.01253	0.02662	0.02192	0.03445	0.01879	0.02192	0.01566	0.00783	0.00783	0.00157	0.00783	0.00626	0.00626	0.69305
76	0.03950	0.05039	0.02996	0.02724	0.03269	0.58597	0.02043	0.04222	0.02996	0.02588	0.01634	0.01907	0.01362	0.01090	0.00953	0.00272	0.01907	0.00681	0.00545	0.01226
77	0.02358	0.02247	0.03823	0.28992	0.35771	0.02444	0.03116	0.03018	0.02285	0.03139	0.01943	0.02701	0.01564	0.00990	0.01051	0.00330	0.01320	0.00941	0.00501	0.01466
78	0.01493	0.01091	0.01447	0.01658	0.01851	0.01044	0.01322	0.01842	0.02284	0.02956	0.06374	0.29709	0.13157	0.03028	0.01392	0.00449	0.00785	0.26220	0.00978	0.00921
79	0.01313	0.00963	0.01234	0.01399	0.01526	0.00883	0.00960	0.01554	0.02216	0.02944	0.13741	0.47399	0.13855	0.03061	0.01321	0.00406	0.00586	0.02744	0.01008	0.00883
80	0.70310	0.02045	0.01554	0.01390	0.02045	0.02372	0.01145	0.03108	0.01799	0.04744	0.01472	0.01718	0.01145	0.00981	0.00654	0.00327	0.00818	0.00573	0.00654	0.01145
81	0.01354	0.01008	0.01260	0.01338	0.01528	0.00915	0.00950	0.01666	0.02447	0.03276	0.24458	0.32149	0.18228	0.02774	0.01292	0.00380	0.00557	0.02458	0.01046	0.00915
82	0.01411	0.01015	0.01337	0.01388	0.01561	0.00941	0.00991	0.01781	0.02597	0.03609	0.35288	0.30096	0.08756	0.02632	0.01289	0.00372	0.00546	0.02360	0.01089	0.00941
83	0.70310	0.02045	0.01554	0.01390	0.02045	0.02372	0.01145	0.03108	0.01799	0.04744	0.01472	0.01718	0.01145	0.00981	0.00654	0.00327	0.00818	0.00573	0.00654	0.01145
84	0.02568	0.04584	0.38993	0.03092	0.04437	0.02657	0.10222	0.13646	0.02840	0.04045	0.02064	0.02382	0.01472	0.01044	0.01049	0.00334	0.01510	0.00881	0.00586	0.01593
85	0.02253	0.02225	0.03124	0.02696	0.02710	0.03096	0.02239	0.02496	0.01625	0.02538	0.01496	0.02450	0.01482	0.02304	0.07586	0.00555	0.56575	0.00941	0.00470	0.01141

[dist]
# distance from previous block
# <min> <max>
0	1

[block]
# block no. 7 follows, 13 sequences, length 21
# corresponding to MSA columns:
# 2103-2123
name=unknown_H
#
# <colnr> <probs for GDERKNQSTAVLIFYWHMCP>
#	G	D	E	R	K	N	Q	S	T	A	V	L	I	F	Y	W	H	M	C	P
